CSI_DATA,112903,d8:b1:90:d9:de:f0,-59,11,-99,-36,60,56,1683864328,100,0,228,0,"[14,10,15,11,14,12,14,12,14,10,12,9,11,8,67,-4,8,5,7,4,6,3,4,2,4,2,2,1,1,0,0,0,0,-1,0,-2,-1,-4,-1,-6,0,-7,43,4,1,-12,3,-12,5,-14,8,-14,10,-14,13,-14,0,0,18,-13,20,-12,21,-11,23,-9,24,-9,24,-8,80,0,21,-7,18,-5,15,-5,12,-5,9,-5,5,-5,2,-6,0,-6,-2,-7,-5,-7,-7,-7,-9,-7,-12,-7,55,10,-14,-8,-14,-9,-15,-9,-14,-9,-12,-9,-9,-8,-7,-7,-4,0,-3,0,-4,0,-5,2,-5,7,0,10,8,9,24,8,11,-9,1,-16,-11,-12,-17,-1,-14,12,-1,19,12,15,20,2,16,-12,3,-19,-10,-16,-17,-4,-14,6,-4,2,2,10,6,5,4,1,3,0,3,0,4,0,0,0,3,-7,-1,-9,-7,-7,-12,-2,-12,6,-7,13,25,9,12,12,17,2,15,-9,6,-16,-6,-17,-16,-8,-16,4,-9,14,3,16,14,9,16,-3,7,-14,-5,-14,-27,-14,-12,7,0,13,9,7,11,-4,2,-12,-9,-9,-14,1]"
CSI_DATA,112904,d8:b1:90:d9:de:f0,-59,11,-99,-38,61,56,1683885392,100,0,228,0,"[-4,-18,-3,-19,-3,-19,-2,-18,-2,-17,-2,-15,-2,-12,64,-4,-1,-8,-1,-7,0,-5,0,-3,0,-2,0,-1,2,0,2,1,2,2,1,4,1,5,0,7,0,8,41,4,-4,9,-7,10,-9,10,-12,9,-14,8,-17,7,0,0,-21,4,-23,2,-24,1,-25,0,-25,-1,-24,-2,76,9,-21,-2,-19,-2,-16,-1,-13,0,-10,1,-6,2,-4,4,0,4,2,6,4,6,6,8,8,8,10,9,-66,0,13,10,14,10,14,10,13,10,12,9,9,8,6,6,2,4,3,3,4,3,6,2,9,-2,7,-8,0,-13,-12,-20,-16,0,-11,12,0,17,13,12,18,-1,12,-14,-1,-19,-14,-12,-20,0,-13,13,0,18,10,12,14,2,8,4,4,-9,0,-8,-2,-6,-4,-4,-5,-3,-7,-1,0,0,-5,8,0,10,7,10,12,4,13,-3,9,-11,-22,-17,-8,-14,-14,-6,-16,4,-10,13,0,17,12,12,18,1,13,-10,2,-16,-10,-12,-16,-1,-11,10,0,14,24,18,12,-3,4,-11,-7,-8,-10,2,-3,11,8,9,12,0]"
CSI_DATA,112914,d8:b1:90:d9:de:f0,-58,11,-99,-34,59,56,1684016349,100,0,114,0,"[0,17,0,18,-1,19,-1,20,-1,20,0,19,0,18,0,17,2,17,1,17,2,16,2,16,3,17,5,17,6,17,7,17,9,18,9,19,11,20,11,19,13,20,14,20,15,20,16,19,15,18,14,17,15,18,14,17,0,0,16,17,15,17,15,17,17,17,17,16,18,16,19,15,19,14,18,14,18,13,17,12,18,12,18,11,17,11,17,10,17,9,17,8,17,8,18,8,20,8,20,8,21,8,21,8,21,9,21,10,20,9,19,9,16,9]"
CSI_DATA,112917,d8:b1:90:d9:de:f0,-58,11,-99,-37,60,56,1684054729,100,0,114,0,"[10,14,10,16,9,17,10,17,10,18,10,17,9,16,8,16,10,14,9,13,10,13,10,13,10,12,12,12,13,13,14,13,16,12,17,13,18,13,18,13,19,13,21,12,20,11,21,11,21,12,21,12,20,12,20,12,0,0,21,10,19,10,20,10,21,10,21,10,21,10,21,9,22,9,21,8,21,8,21,8,20,7,19,6,18,5,18,5,19,5,18,4,18,4,20,3,19,3,20,4,21,4,21,4,21,5,21,5,21,5,19,6,17,6]"
CSI_DATA,112918,d8:b1:90:d9:de:f0,-58,11,-99,-36,60,56,1684065241,100,0,114,0,"[16,1,17,2,19,2,19,3,19,3,19,2,17,2,16,2,16,0,16,0,16,0,16,0,16,-2,16,-2,16,-3,18,-3,19,-6,19,-6,21,-7,20,-8,20,-9,20,-9,21,-9,21,-11,20,-10,19,-11,19,-11,18,-11,0,0,19,-11,18,-11,19,-12,19,-12,18,-12,19,-12,17,-13,18,-14,16,-14,16,-14,15,-14,14,-14,14,-14,13,-14,12,-14,12,-14,11,-14,11,-15,11,-15,11,-16,12,-16,12,-16,12,-16,12,-17,12,-18,13,-17,12,-15,12,-14]"
CSI_DATA,112919,d8:b1:90:d9:de:f0,-58,11,-99,-37,60,56,1684079232,100,0,114,0,"[0,-17,1,-18,2,-19,2,-19,2,-19,2,-18,2,-18,2,-17,1,-17,0,-16,0,-16,0,-16,-1,-17,-1,-17,-2,-18,-3,-18,-4,-19,-5,-20,-5,-21,-6,-21,-7,-21,-8,-23,-8,-22,-8,-22,-8,-22,-8,-21,-8,-21,-8,-21,0,0,-8,-21,-8,-21,-8,-21,-8,-21,-8,-21,-8,-21,-9,-21,-10,-21,-10,-20,-10,-20,-10,-19,-10,-18,-10,-17,-10,-16,-10,-16,-10,-16,-11,-15,-10,-16,-10,-16,-12,-16,-12,-18,-13,-18,-13,-18,-13,-19,-12,-19,-11,-18,-10,-17,-8,-16]"
CSI_DATA,112920,d8:b1:90:d9:de:f0,-58,11,-99,-34,59,56,1684097346,100,0,114,0,"[8,-14,10,-15,11,-14,12,-14,12,-14,12,-13,12,-12,11,-11,11,-12,11,-11,11,-11,11,-11,11,-12,11,-13,12,-14,14,-14,14,-15,15,-15,16,-16,16,-16,17,-17,17,-17,17,-17,18,-17,18,-15,18,-14,19,-14,19,-14,0,0,20,-11,20,-11,20,-10,21,-10,21,-9,21,-9,22,-9,22,-8,22,-8,20,-8,20,-7,20,-6,20,-5,19,-5,18,-5,19,-4,18,-4,18,-4,19,-4,20,-3,21,-2,22,-1,23,0,23,0,23,1,23,2,20,4,19,5]"
CSI_DATA,112921,d8:b1:90:d9:de:f0,-59,11,-99,-39,61,56,1684114190,100,0,228,0,"[-2,-18,-1,-19,0,-19,0,-19,0,-17,0,-15,0,-13,66,-4,0,-9,0,-7,0,-6,0,-4,0,-2,0,-2,0,0,0,1,0,2,0,3,-2,4,-3,5,-5,6,42,4,-9,4,-11,4,-14,2,-15,0,-17,-2,-18,-4,0,0,-19,-10,-20,-12,-20,-14,-19,-16,-19,-17,-17,-17,4,10,-14,-16,-12,-14,-11,-12,-10,-9,-8,-6,-7,-3,-6,0,-5,2,-4,5,-4,7,-3,9,-2,11,-2,13,-48,10,-2,17,-2,17,-3,17,-4,16,-4,14,-4,12,-4,9,2,4,2,3,3,4,6,4,9,0,8,-7,1,-13,-7,-23,-15,-2,-13,8,-4,16,9,15,17,4,16,-9,5,-19,-9,-17,-19,-6,-18,7,-8,16,4,16,12,8,4,5,8,-6,2,-7,0,-5,0,-4,-2,-4,-4,-4,0,0,-8,1,-7,6,-2,11,4,11,11,7,15,-1,-3,-26,4,-15,-5,-16,-14,-9,-17,1,-13,12,-1,17,11,14,17,3,15,-8,3,-17,-9,-13,-15,-2,-13,9,-3,30,10,9,12,-2,4,-11,-7,-9,-12,1,-6,11,4,12]"
CSI_DATA,112922,d8:b1:90:d9:de:f0,-59,11,-99,-37,61,56,1684124173,100,0,228,0,"[13,-11,14,-11,15,-11,14,-11,13,-10,11,-9,10,-7,62,-4,7,-5,5,-5,4,-3,3,-2,2,-1,1,0,0,0,0,1,-1,2,-3,2,-4,2,-6,2,-7,1,40,3,-10,0,-12,-2,-12,-5,-12,-7,-13,-10,-12,-12,0,0,-12,-18,-11,-20,-11,-21,-9,-23,-8,-22,-7,-22,81,9,-5,-20,-5,-18,-5,-14,-5,-11,-5,-8,-5,-5,-5,-1,-5,1,-5,3,-5,5,-5,7,-5,10,-5,12,-50,9,-5,16,-5,16,-5,16,-5,16,-5,13,-5,11,-4,8,-2,3,-1,4,-1,5,0,7,6,7,11,1,11,-7,12,-20,-7,-13,-15,-3,-14,8,-4,16,9,15,18,4,16,-9,4,-18,-9,-16,-18,-5,-16,7,-6,15,4,14,0,8,9,0,6,-3,3,-4,1,-4,1,-5,0,-6,0,0,-8,-1,-9,3,-6,9,0,12,7,11,13,5,7,-25,10,-11,1,-16,-9,-14,-16,-4,-15,7,-6,16,5,16,15,8,16,-5,7,-14,-4,-14,-14,-6,-13,5,-9,27,7,10,11,0,5,-10,-5,-9,-11,0,-7,10,3,12]"
CSI_DATA,112923,d8:b1:90:d9:de:f0,-59,11,-99,-38,61,56,1684136281,100,0,228,0,"[-1,18,-1,20,0,20,0,18,0,18,0,15,1,13,64,-4,2,9,2,7,2,5,1,4,0,2,0,0,0,0,-1,0,-1,-2,-2,-4,-2,-5,0,-6,0,-8,41,4,2,-10,4,-11,6,-12,9,-12,11,-12,13,-12,0,0,18,-11,20,-12,20,-11,22,-10,22,-10,22,-10,78,0,19,-9,16,-9,14,-9,10,-8,7,-8,3,-7,0,-6,-3,-5,-5,-4,-8,-2,-10,-1,-12,0,-14,1,17,10,-16,4,-18,5,-17,6,-16,6,-14,4,-12,4,-9,2,-2,-4,-2,-2,-2,-3,-4,-3,-8,0,-8,6,-2,12,10,22,14,1,12,-10,0,-16,-12,-12,-18,2,-12,14,3,19,16,11,19,-3,11,-15,-2,-18,-13,-10,-14,0,-8,-1,-1,10,2,7,4,4,4,2,5,1,6,-1,0,0,3,-9,-4,-9,-9,-5,-12,1,-9,8,-2,14,27,3,13,7,15,-2,10,-12,0,-16,-10,-12,-17,-2,-13,10,-3,17,10,14,17,2,12,-10,0,-16,-12,-10,-30,6,-6,12,7,10,12,0,4,-10,-7,-10,-12,0,-7,10]"
CSI_DATA,112924,d8:b1:90:d9:de:f0,-59,11,-99,-36,61,56,1684155231,100,0,228,0,"[6,-15,8,-16,8,-16,8,-15,8,-14,8,-12,6,-11,60,-4,5,-8,3,-6,3,-5,2,-3,1,-3,1,-1,0,0,0,0,-1,1,-3,1,-3,1,-5,1,-6,1,39,3,-10,-1,-10,-3,-11,-6,-11,-8,-10,-11,-10,-13,0,0,-7,-18,-6,-20,-4,-21,-3,-22,-1,-22,0,-23,12,0,0,-20,0,-18,0,-15,-1,-12,-2,-10,-3,-6,-4,-5,-5,-2,-6,0,-8,1,-9,3,-10,5,-11,6,28,9,-14,8,-15,9,-15,8,-14,7,-13,6,-11,4,-9,3,0,4,0,3,0,3,2,5,6,3,9,0,8,-8,5,-22,-9,-10,-15,0,-11,10,-1,16,11,12,17,1,13,-11,1,-18,-10,-15,-17,-3,-15,8,-5,15,5,13,1,6,9,0,5,-4,2,-4,1,-3,1,-3,0,-5,0,0,-6,-4,-9,0,-8,6,-3,11,3,11,10,8,13,-20,12,-7,6,-13,-3,-15,-11,-9,-16,0,-12,10,-2,16,8,13,15,3,13,-8,3,-14,-7,-12,-14,-3,-24,16,0,13,10,8,11,-4,2,-11,-8,-8,-12,1,-6,11]"
CSI_DATA,112925,d8:b1:90:d9:de:f0,-59,11,-99,-36,61,56,1684166330,100,0,228,0,"[-10,13,-10,14,-10,15,-10,14,-8,13,-6,12,-6,11,60,-4,-3,8,-1,7,-1,5,0,4,0,3,0,1,0,0,0,0,1,-1,1,-3,1,-3,3,-4,5,-5,39,3,8,-5,10,-5,12,-4,13,-3,15,-2,17,-1,0,0,20,1,21,3,22,3,23,5,22,5,22,5,80,0,19,3,18,2,15,1,12,0,10,-2,6,-3,3,-4,1,-6,0,-6,-3,-7,-5,-8,-8,-8,-10,-8,42,9,-13,-8,-14,-8,-15,-8,-14,-7,-12,-7,-10,-6,-8,-5,0,-4,0,-3,0,-3,-1,-5,-6,-4,-9,1,-7,9,-2,22,11,8,14,-2,8,-13,-3,-15,-14,-8,-17,5,-7,16,6,17,17,7,17,-5,7,-15,-5,-15,-12,-6,-4,-3,-6,6,0,6,1,4,1,3,2,3,3,2,0,0,6,-4,3,-8,-1,-10,-8,-6,-12,0,-11,8,17,18,5,13,13,8,15,-2,10,-11,0,-16,-11,-11,-16,0,-12,10,-1,15,11,11,15,0,10,-11,-2,-14,-24,-15,-11,5,-1,12,9,7,10,-4,1,-11,-9,-8,-12,2]"
CSI_DATA,112926,d8:b1:90:d9:de:f0,-59,11,-99,-35,60,56,1684185676,100,0,228,0,"[0,19,0,19,0,19,0,19,0,17,0,15,1,13,66,-4,1,8,1,7,0,6,0,4,0,2,0,2,0,0,0,0,-1,-2,0,-4,0,-5,0,-6,1,-8,42,4,5,-9,7,-11,9,-11,11,-11,14,-11,17,-9,0,0,20,-8,22,-6,24,-6,25,-5,26,-4,25,-4,-87,0,22,-4,19,-4,16,-4,12,-5,8,-5,5,-5,2,-6,0,-5,-3,-6,-6,-5,-8,-5,-11,-5,-13,-4,28,10,-17,-4,-17,-4,-17,-3,-17,-3,-15,-3,-12,-3,-9,-2,-2,-4,-2,-3,-2,-3,-5,-3,-8,0,-8,7,0,13,11,23,15,0,12,-11,0,-17,-12,-12,-18,1,-12,14,1,19,15,13,19,-1,13,-14,0,-19,-12,-12,-15,-1,-7,-1,-3,10,1,7,3,4,4,2,4,2,6,0,0,0,4,-8,-1,-11,-7,-9,-12,-3,-13,5,-7,12,24,11,11,11,16,2,15,-8,6,-17,-6,-17,-16,-8,-17,5,-8,15,4,17,15,8,16,-5,6,-15,-7,-13,-30,-6,-10,9,2,13,11,4,8,-8,-2,-12,-12,-5,-12,6]"
CSI_DATA,112927,d8:b1:90:d9:de:f0,-59,11,-99,-38,61,56,1684204572,100,0,228,0,"[-9,-14,-9,-15,-10,-16,-9,-15,-9,-14,-8,-12,-8,-10,64,-4,-6,-6,-5,-6,-4,-4,-3,-3,-2,-2,-1,-1,0,0,0,0,1,1,1,2,2,4,2,6,2,7,41,4,0,10,0,12,-2,14,-4,14,-6,16,-8,16,0,0,-12,17,-14,18,-15,18,-16,17,-16,17,-17,16,-18,9,-14,14,-12,14,-10,12,-7,11,-4,10,-1,8,1,6,4,4,6,2,8,2,10,0,12,-1,13,-2,-23,0,16,-4,16,-6,16,-6,15,-6,14,-4,12,-3,9,-2,4,2,4,1,4,1,6,0,6,-5,2,-10,-6,-10,-20,-12,-12,7,-3,14,8,14,16,3,14,-10,2,-18,-11,-14,-18,-2,-15,12,-2,18,10,14,16,3,12,-7,6,-2,-3,-9,-6,-4,-5,0,-4,0,-4,0,-4,2,0,0,0,8,5,8,10,4,11,-3,7,-10,0,-14,-26,4,-15,-4,-14,6,-8,14,4,16,14,9,16,-2,10,-14,-2,-16,-13,-10,-16,2,-9,13,4,14,13,6,27,-10,2,-13,-9,-8,-11,3,-3,11,8,9,12,-2,6,-12]"
CSI_DATA,112928,d8:b1:90:d9:de:f0,-59,11,-99,-39,61,56,1684224109,100,0,228,0,"[17,-2,19,-2,19,-2,18,-2,17,-2,15,-2,13,-2,66,-4,9,-2,7,-2,5,-1,4,-1,3,0,2,0,0,0,0,0,-2,0,-3,0,-5,0,-6,0,-7,-2,42,4,-10,-4,-10,-7,-10,-10,-9,-13,-8,-15,-8,-17,0,0,-6,-20,-4,-22,-3,-24,-2,-25,0,-25,-1,-24,-13,10,-1,-21,-1,-19,-1,-15,-2,-13,-3,-9,-4,-6,-4,-3,-5,-1,-6,1,-6,4,-7,6,-7,8,-7,11,85,10,-8,15,-8,15,-9,15,-9,14,-8,13,-7,11,-6,8,-4,2,-3,2,-3,3,-2,6,2,8,8,6,12,-1,20,-12,0,-14,-12,-10,-17,1,-11,13,1,17,14,11,19,-2,13,-15,-1,-19,-15,-13,-18,0,-12,11,-1,15,-1,7,9,3,7,-2,4,-3,2,-3,2,-4,0,-6,0,0,-6,-5,-11,0,-9,6,-5,12,3,13,11,9,15,-23,13,-9,4,-17,-6,-17,-15,-8,-17,3,-11,14,1,17,13,11,16,-1,11,-13,-1,-15,-13,-8,-15,3,-14,26,5,12,12,2,7,-8,-4,-11,-11,-2,-8,8,2,12]"
CSI_DATA,112929,d8:b1:90:d9:de:f0,-59,11,-99,-35,60,56,1684234130,100,0,228,0,"[17,0,19,0,19,0,18,0,17,0,15,-1,13,-1,66,-4,9,-1,8,-2,6,-2,4,-1,3,0,2,0,0,0,0,0,-1,0,-4,1,-4,1,-6,0,-8,0,42,4,-11,-2,-11,-5,-13,-7,-13,-9,-13,-11,-13,-13,0,0,-13,-17,-12,-19,-11,-21,-11,-22,-10,-23,-10,-23,-84,10,-8,-19,-8,-17,-8,-14,-7,-11,-7,-7,-6,-4,-6,0,-5,1,-4,4,-3,6,-2,9,-1,12,0,13,-19,10,1,17,2,17,2,18,2,17,1,15,1,13,0,11,-4,2,-3,2,-3,4,-2,6,1,8,8,6,13,0,21,-12,-1,-14,-11,-10,-17,1,-10,14,3,17,15,11,19,-4,11,-17,-4,-19,-16,-11,-18,3,-10,14,1,15,0,7,10,1,6,-4,3,-4,2,-4,0,-4,0,-6,0,0,-8,-2,-10,2,-6,9,0,13,8,11,14,4,4,-28,8,-14,-2,-17,-13,-11,-17,0,-13,11,-2,17,10,15,17,3,14,-10,2,-16,-10,-13,-15,0,-10,11,2,30,11,6,11,-5,0,-11,-9,-6,-10,6,0,12,9,8]"
CSI_DATA,112930,d8:b1:90:d9:de:f0,-59,11,-99,-39,61,56,1684244185,100,0,228,0,"[-11,-13,-12,-15,-13,-14,-13,-13,-12,-13,-11,-11,-10,-8,66,-4,-8,-5,-6,-4,-5,-2,-4,-2,-2,-1,-1,-1,0,0,0,0,2,0,3,1,4,2,5,3,6,5,42,4,7,8,6,11,6,13,5,15,4,17,4,19,0,0,2,22,1,23,0,24,0,25,0,26,0,24,-31,10,0,22,1,19,2,16,4,13,4,9,4,6,5,2,5,0,5,-3,5,-6,5,-8,4,-11,3,-13,52,0,2,-17,1,-17,1,-18,0,-17,0,-15,0,-13,0,-10,4,2,4,1,4,0,6,-2,5,-6,0,-11,-8,-8,-24,-7,-10,11,0,16,13,11,17,-2,10,-15,-4,-18,-17,-10,-19,5,-9,17,5,18,16,8,16,-4,8,-13,4,-5,-8,-7,-7,-1,-5,2,-3,2,-2,3,-2,5,0,0,5,6,10,2,11,-4,6,-11,-2,-14,-11,-10,-15,22,-13,9,-4,16,7,16,16,7,17,-5,8,-15,-4,-17,-15,-8,-17,5,-7,15,6,15,15,4,12,-8,4,-30,-10,-8,-12,3,-2,11,8,7,11,-4,2,-12,-8,-9]"
CSI_DATA,112931,d8:b1:90:d9:de:f0,-59,11,-99,-38,61,56,1684255532,100,0,228,0,"[17,-1,18,0,19,0,18,-1,16,-1,15,-2,12,-2,64,-4,8,-2,7,-2,6,-2,4,-1,3,-1,2,0,0,0,0,0,-1,1,-2,0,-4,0,-6,0,-7,0,41,4,-10,-2,-12,-4,-12,-6,-13,-8,-14,-10,-14,-12,0,0,-14,-16,-14,-17,-14,-18,-14,-19,-14,-20,-13,-19,18,10,-12,-16,-12,-14,-10,-11,-10,-8,-9,-5,-8,-2,-6,0,-4,4,-3,6,-2,7,0,10,1,11,2,14,29,0,4,16,6,16,6,16,6,16,5,14,4,12,2,10,-4,1,-3,2,-3,3,-2,6,2,8,8,6,12,-1,20,-13,-2,-14,-12,-9,-16,2,-9,13,4,17,15,9,18,-4,9,-16,-6,-18,-16,-8,-18,6,-8,14,3,14,0,6,10,0,6,-4,2,-4,0,-4,0,-4,0,-5,0,0,-8,-2,-8,3,-6,10,1,12,9,10,14,2,0,-26,6,-15,-5,-16,-14,-8,-17,2,-11,14,2,17,13,12,16,-1,10,-12,-2,-16,-12,-9,-15,3,-7,12,9,27,12,2,8,-8,-2,-11,-10,-2,-8,8,2,12,12,5]"
CSI_DATA,112932,d8:b1:90:d9:de:f0,-59,11,-99,-36,60,56,1684267018,100,0,228,0,"[17,7,18,8,18,8,17,7,16,7,14,6,12,4,67,-4,9,2,7,2,6,2,4,1,2,0,1,1,0,1,-1,0,-2,0,-4,0,-5,-1,-7,-2,-7,-4,43,4,-8,-9,-7,-11,-7,-13,-5,-15,-4,-17,-2,-19,0,0,0,-23,2,-24,3,-25,4,-25,5,-26,6,-25,74,0,4,-21,4,-19,2,-16,0,-13,0,-10,-2,-7,-3,-4,-4,-1,-6,1,-7,3,-7,6,-8,8,-9,10,75,10,-10,14,-10,14,-10,14,-10,14,-9,12,-8,9,-7,7,-5,0,-4,0,-4,2,-5,4,-2,9,4,10,12,4,25,-1,6,-14,-6,-15,-16,-7,-16,7,-6,17,8,17,19,7,18,-9,7,-19,-8,-18,-17,-7,-16,6,-7,13,-5,7,8,7,8,1,6,-1,4,-2,4,-4,2,-6,0,0,-5,-7,-10,-3,-12,4,-7,10,0,15,9,12,21,-19,16,-5,9,-15,-2,-18,-14,-12,-19,0,-14,12,-2,18,11,14,18,2,13,-10,1,-16,-11,-12,-15,0,-19,24,3,12,11,3,7,-7,-3,-10,-11,-2,-9,9,1,13]"
CSI_DATA,112933,d8:b1:90:d9:de:f0,-59,11,-99,-39,61,56,1684278176,100,0,228,0,"[0,18,0,19,0,19,0,18,0,17,0,15,0,13,66,-4,0,9,1,7,0,6,0,4,0,3,0,2,0,0,0,-1,0,-2,0,-4,0,-4,0,-6,2,-7,42,4,6,-8,8,-8,11,-8,13,-8,15,-8,17,-6,0,0,22,-4,24,-2,24,-1,26,0,25,0,24,0,-74,0,22,0,19,0,17,0,13,-2,9,-3,6,-4,4,-4,0,-5,-2,-6,-4,-6,-6,-7,-8,-8,-11,-8,55,10,-14,-9,-15,-8,-15,-8,-14,-8,-13,-8,-10,-7,-7,-6,-1,-4,-2,-3,-2,-3,-5,-3,-8,0,-8,7,-1,13,10,22,15,1,13,-10,2,-17,-11,-13,-18,0,-13,13,0,19,14,14,19,0,14,-13,1,-18,-10,-13,-14,-2,-6,-2,-4,9,0,7,3,4,3,3,4,3,5,1,0,0,6,-6,1,-10,-6,-10,-11,-6,-13,2,-10,10,22,16,8,14,15,6,17,-4,9,-15,-2,-17,-14,-11,-18,0,-12,13,0,17,13,11,16,-1,9,-13,-2,-15,-26,-15,-12,5,-2,11,9,7,11,-4,2,-12,-9,-8,-13,2]"
CSI_DATA,112934,d8:b1:90:d9:de:f0,-59,11,-99,-37,61,56,1684294255,100,0,228,0,"[-14,-9,-15,-10,-15,-10,-14,-9,-14,-8,-13,-7,-12,-5,62,-4,-9,-3,-7,-1,-6,-1,-4,0,-3,0,-1,0,0,0,0,0,1,1,2,1,3,2,3,3,3,5,40,3,3,9,2,11,1,12,0,14,-1,16,-3,17,0,0,-6,19,-8,20,-9,21,-11,21,-11,21,-11,20,40,9,-9,18,-7,17,-5,14,-2,12,0,11,1,8,3,5,5,3,7,1,9,0,10,-1,11,-3,12,-5,-29,0,14,-9,14,-9,14,-10,13,-9,12,-8,10,-7,7,-5,3,0,2,0,3,0,5,-1,4,-6,0,-10,-8,-7,-24,-3,-9,11,1,15,12,9,16,-3,9,-14,-3,-17,-16,-9,-18,5,-9,16,4,18,15,9,15,-3,8,-11,2,-4,-6,-6,-7,-1,-3,1,-2,1,-3,1,-3,3,0,0,1,7,7,5,10,0,9,-6,3,-12,-4,-12,-22,11,-14,0,-12,9,-3,15,8,14,15,5,15,-6,7,-15,-5,-15,-15,-6,-14,6,-5,15,7,13,14,3,25,-16,0,-13,-11,-6,-11,6,0,12,11,7,12,-4,3,-12]"
CSI_DATA,112935,d8:b1:90:d9:de:f0,-59,11,-99,-36,60,56,1684304335,100,0,228,0,"[-17,0,-19,1,-19,1,-19,2,-17,2,-15,2,-13,2,67,-4,-9,2,-7,2,-6,2,-4,2,-3,1,-2,1,0,0,0,0,1,-1,3,0,4,-1,6,-1,7,0,43,4,11,2,12,4,13,5,14,7,14,9,15,12,0,0,15,16,16,18,15,19,15,20,15,19,14,20,2,0,14,16,13,14,12,11,10,8,9,4,7,2,7,0,4,-4,3,-6,2,-8,0,-10,-1,-12,-2,-14,-48,10,-5,-16,-7,-16,-7,-16,-7,-16,-6,-14,-4,-12,-4,-9,4,-1,3,-2,3,-3,2,-6,-2,-9,-8,-6,-13,1,-19,14,2,15,12,9,16,-2,9,-14,-4,-18,-16,-9,-19,6,-9,18,6,19,18,8,18,-6,8,-15,-4,-14,-2,-7,-10,0,-6,4,-2,4,0,4,0,4,1,5,0,0,8,2,9,-4,5,-10,-1,-12,-10,-9,-14,-2,0,27,-5,15,5,16,15,9,18,-3,11,-14,-2,-18,-14,-12,-17,1,-10,14,2,16,13,9,15,-4,7,-13,-11,-28,-13,-2,-9,9,4,12,12,2,8,-9,-3,-13,-12,-4]"
CSI_DATA,112936,d8:b1:90:d9:de:f0,-59,11,-99,-36,60,56,1684315149,100,0,228,0,"[18,2,19,2,20,2,19,1,18,1,16,0,14,0,67,-4,9,-1,8,-1,6,-1,4,0,3,0,2,0,0,0,0,1,-2,1,-4,1,-5,1,-7,1,-9,0,43,4,-11,-2,-12,-4,-13,-7,-13,-9,-14,-12,-13,-14,0,0,-13,-18,-12,-20,-12,-22,-12,-22,-12,-23,-11,-23,76,10,-10,-20,-9,-17,-9,-14,-8,-10,-7,-7,-7,-3,-6,0,-4,2,-3,5,-2,7,0,10,0,12,1,14,7,0,4,16,5,17,5,17,4,16,4,15,3,13,2,10,-4,1,-4,2,-4,3,-3,5,0,9,7,7,13,0,22,-9,0,-15,-11,-11,-16,0,-12,13,0,19,14,12,20,-2,12,-16,-2,-20,-16,-12,-19,2,-12,13,0,15,-1,9,10,2,7,-3,4,-4,2,-4,1,-5,0,-7,0,0,-9,-2,-11,3,-6,11,0,13,9,11,15,2,4,-29,7,-15,-3,-16,-14,-11,-18,0,-13,12,-1,18,12,14,17,2,13,-11,1,-17,-12,-12,-16,0,-9,12,6,30,12,4,10,-7,-1,-12,-11,-4,-9,7,1,13,11,7]"
CSI_DATA,112937,d8:b1:90:d9:de:f0,-59,11,-99,-38,61,56,1684328436,100,0,228,0,"[-16,-4,-18,-6,-18,-6,-18,-6,-16,-6,-14,-5,-12,-4,64,-4,-8,-2,-8,-2,-6,-2,-4,-1,-2,0,-1,0,0,0,0,0,2,1,3,2,4,3,4,5,4,6,41,4,2,10,0,12,-2,13,-4,14,-7,14,-10,14,0,0,-15,14,-17,13,-20,12,-21,10,-22,10,-22,9,-51,9,-20,6,-17,6,-14,5,-12,5,-8,5,-5,6,-2,6,0,6,2,6,5,6,7,7,9,8,11,8,-33,0,14,9,15,9,15,9,14,9,12,8,10,8,7,6,4,-1,3,-2,2,-2,4,-3,2,-7,-3,-9,-10,-6,-24,0,-8,12,2,15,13,8,16,-2,10,-14,-2,-18,-14,-11,-19,2,-12,14,0,18,12,12,16,1,12,-8,6,-2,-3,-9,-6,-4,-4,-1,-4,0,-4,0,-6,2,0,0,-1,8,4,9,9,6,12,0,10,-8,4,-13,-26,-6,-12,-9,-16,0,-14,8,-5,16,6,15,15,8,16,-3,9,-14,-2,-16,-13,-10,-16,2,-9,13,3,15,26,15,12,-5,2,-12,-8,-8,-12,3,-4,12,7,10,13,0]"
CSI_DATA,112938,d8:b1:90:d9:de:f0,-60,11,-99,-35,61,56,1684338722,100,0,228,0,"[-6,15,-7,15,-8,16,-7,15,-7,14,-6,13,-5,11,58,-4,-3,8,-2,6,-1,5,-1,4,-1,3,0,1,0,0,0,-1,1,-1,2,-3,3,-3,4,-4,6,-3,38,3,9,-1,11,-1,12,1,13,3,14,5,14,7,0,0,15,12,14,14,14,16,14,18,12,19,11,19,-36,0,9,17,9,15,8,12,7,9,7,6,6,3,6,1,5,-1,5,-4,4,-6,4,-8,4,-10,3,-12,45,0,3,-15,3,-17,3,-16,3,-15,3,-13,3,-11,3,-8,0,-4,-1,-3,0,-3,-2,-4,-6,-3,-9,1,-6,9,-3,22,10,8,14,-1,9,-11,-1,-15,-13,-10,-17,2,-11,14,1,18,14,11,17,0,11,-11,0,-15,-8,-11,-3,-6,-8,3,-3,5,0,4,0,4,0,4,1,4,0,0,8,0,8,-4,4,-9,-2,-11,-9,-8,-13,-1,-1,25,-6,13,2,14,11,10,15,1,12,-9,3,-15,-7,-14,-15,-5,-14,6,-5,14,6,14,14,4,12,-7,6,-28,-8,-9,-11,1,-4,10,6,9,11,0,6,-10,-4,-11]"
CSI_DATA,112939,d8:b1:90:d9:de:f0,-59,11,-99,-40,61,56,1684354350,100,0,228,0,"[18,-2,19,-4,19,-4,19,-4,17,-4,15,-4,12,-5,67,-4,8,-4,6,-4,4,-3,4,-2,2,-1,1,0,1,0,0,1,0,2,-2,4,-2,5,-4,6,-6,7,43,4,-9,7,-12,7,-14,6,-15,5,-17,5,-19,4,0,0,-23,2,-24,1,-25,1,-26,0,-26,1,-25,1,89,9,-21,2,-19,2,-16,3,-12,4,-8,4,-4,4,-1,4,1,3,4,3,7,2,9,1,12,0,14,-2,-30,0,16,-4,17,-6,16,-7,16,-7,14,-6,12,-4,9,-3,-4,2,-2,3,-2,4,0,7,4,7,10,4,12,-4,15,-18,-7,-14,-15,-4,-14,8,-3,17,11,14,19,1,14,-13,0,-20,-14,-14,-19,0,-13,14,0,17,11,11,5,8,9,-6,3,-8,0,-7,-2,-4,-4,-4,-6,-2,0,0,-7,7,-1,11,6,11,12,5,14,-3,9,-12,-25,-15,-12,-12,-17,-2,-15,10,-4,18,9,16,17,5,16,-8,4,-17,-9,-14,-16,-3,-12,9,0,15,11,9,29,-6,4,-11,-6,-9,-10,1,-2,9,7,7,11,-3,3,-12]"
CSI_DATA,112940,d8:b1:90:d9:de:f0,-59,9,-99,-39,61,56,1684370477,108,0,106,0,"[27,0,-81,10,5,0,-73,10,-36,0,-46,10,-72,0,-23,10,66,0,-15,10,33,0,-4,10,5,0,-3,10,-28,10,6,0,-52,10,28,0,-66,10,56,0,-63,10,-71,0,-45,10,-22,0,-12,10,19,0,0,0,0,0,74,0,62,0,-69,0,76,0,-53,0,62,0,-68,0,39,0,63,0,-8,0,13,0,-63,0,-36,10,59,0,-78,10,10,0,66,10,-30,10,36,10,-70,10,13,10,74,10,15,10,65,10,38,10]"
CSI_DATA,112941,d8:b1:90:d9:de:f0,-59,11,-99,-36,60,56,1684384102,100,0,228,0,"[-6,17,-7,18,-7,18,-7,17,-6,16,-5,14,-4,13,67,-4,-2,9,-2,7,-1,6,-1,4,0,3,0,2,0,0,0,0,0,-1,1,-2,2,-4,4,-4,6,-5,43,4,9,-5,12,-4,14,-3,16,-2,18,0,19,2,0,0,21,5,24,7,24,8,24,10,23,11,22,11,76,0,20,10,17,8,16,6,13,4,11,1,8,0,6,-3,3,-5,1,-7,0,-9,-2,-10,-3,-12,-5,-13,-69,10,-8,-15,-8,-16,-9,-16,-8,-14,-6,-14,-5,-12,-3,-9,0,-4,0,-3,-1,-4,-4,-4,-9,-2,-10,4,-5,11,0,24,14,7,15,-4,7,-15,-6,-16,-17,-7,-17,7,-7,18,7,19,19,7,19,-7,8,-16,-4,-16,-13,-8,-4,-4,-7,7,-1,8,1,5,2,3,2,3,4,3,0,0,8,-2,5,-8,0,-11,-7,-10,-13,-4,-14,4,12,24,0,17,11,13,18,3,16,-9,6,-17,-7,-16,-16,-7,-17,5,-7,16,6,16,16,6,14,-7,4,-15,-15,-26,-14,0,-7,10,5,11,12,1,7,-9,-3,-13,-13,-4]"
CSI_DATA,112942,d8:b1:90:d9:de:f0,-59,11,-99,-35,60,56,1684394178,100,0,228,0,"[17,-5,18,-5,18,-5,17,-6,15,-6,14,-6,11,-6,66,-4,8,-5,6,-4,5,-4,4,-3,2,-2,1,-2,0,0,0,0,-1,0,-2,0,-4,1,-6,0,-7,0,42,4,-11,-1,-12,-3,-13,-4,-14,-6,-15,-8,-15,-11,0,0,-16,-15,-16,-17,-17,-18,-15,-19,-15,-19,-15,-19,19,10,-14,-16,-13,-14,-12,-11,-11,-7,-10,-4,-8,-1,-7,2,-5,4,-4,6,-2,8,-1,11,0,12,2,14,11,0,4,17,5,17,6,17,5,16,5,15,4,12,2,9,-4,2,-2,2,-2,3,-1,6,3,8,9,4,12,-3,16,-18,-4,-13,-14,-6,-15,6,-6,16,7,16,17,6,17,-8,5,-19,-10,-17,-18,-5,-16,8,-5,16,6,14,2,4,10,-2,4,-6,1,-4,0,-3,0,-3,-1,-4,0,0,-8,-2,-8,4,-5,9,2,12,9,9,14,2,-2,-26,6,-15,-5,-16,-15,-9,-17,2,-11,14,1,17,13,12,17,0,11,-13,-2,-17,-13,-9,-15,4,-7,13,8,29,14,2,9,-9,-2,-13,-12,-3,-9,8,2,13,12,6]"
CSI_DATA,112943,d8:b1:90:d9:de:f0,-59,11,-99,-38,61,56,1684413852,100,0,228,0,"[12,-13,13,-14,13,-14,13,-13,11,-12,10,-11,8,-10,64,-4,5,-8,4,-6,3,-5,2,-3,1,-2,1,-1,0,0,0,1,-1,2,-2,3,-4,4,-6,4,-7,4,41,4,-10,2,-12,1,-14,0,-15,-2,-16,-4,-17,-7,0,0,-17,-12,-18,-14,-18,-16,-18,-17,-17,-18,-16,-18,32,10,-14,-16,-12,-14,-11,-12,-10,-9,-8,-5,-7,-2,-6,0,-4,3,-2,6,-1,8,0,10,0,12,2,14,-5,10,4,17,4,18,4,18,4,16,3,15,2,12,1,10,-1,5,0,4,0,4,2,6,6,5,10,0,9,-8,8,-22,-9,-11,-15,0,-12,11,0,17,12,13,18,0,13,-13,0,-19,-13,-14,-19,0,-14,12,-2,16,8,12,2,8,9,-3,4,-6,2,-5,0,-5,0,-5,-3,-6,0,0,-9,0,-8,6,-3,11,4,12,11,7,14,-1,-3,-28,4,-15,-6,-14,-14,-8,-17,2,-11,13,0,17,12,12,17,0,12,-11,0,-17,-11,-11,-16,0,-10,12,5,29,12,6,10,-6,0,-11,-10,-5,-10,6,0,12,9,8]"
CSI_DATA,112944,d8:b1:90:d9:de:f0,-59,11,-99,-36,60,56,1684428854,100,0,228,0,"[17,-4,19,-4,19,-5,19,-5,16,-5,15,-5,12,-5,67,-4,8,-4,6,-4,4,-3,3,-2,2,-2,2,-1,0,0,0,0,-1,2,-2,2,-4,3,-5,3,-7,2,43,4,-11,1,-13,0,-14,-1,-15,-2,-16,-4,-18,-7,0,0,-19,-10,-19,-12,-21,-14,-20,-14,-21,-15,-20,-15,-51,9,-18,-12,-17,-9,-14,-7,-13,-4,-10,-2,-8,0,-5,2,-2,4,0,7,1,8,4,9,6,10,8,12,-81,0,12,12,13,12,14,12,13,11,12,10,9,9,7,7,-4,2,-2,3,-2,4,-1,6,3,7,9,4,12,-3,16,-18,-5,-14,-14,-7,-16,6,-5,16,8,16,18,5,17,-10,4,-19,-10,-17,-19,-4,-16,10,-4,16,7,13,2,7,10,-3,4,-5,0,-5,0,-4,-1,-4,-3,-4,0,0,-9,1,-7,7,-1,12,6,11,12,5,14,-3,-9,-26,0,-16,-10,-12,-17,-3,-15,8,-6,16,7,16,16,7,16,-6,6,-16,-7,-15,-16,-4,-13,9,-1,15,21,22,14,-2,5,-12,-7,-9,-12,1,-4,12,8,9,13,0]"
CSI_DATA,112945,d8:b1:90:d9:de:f0,-59,11,-99,-39,61,56,1684443898,100,0,228,0,"[12,-13,14,-13,14,-13,13,-13,12,-12,11,-11,9,-9,66,-4,6,-7,4,-6,4,-5,3,-4,2,-2,1,-2,0,-1,0,0,-1,0,-2,1,-4,2,-6,1,-7,1,42,4,-11,0,-12,-2,-13,-4,-14,-6,-15,-8,-15,-11,0,0,-16,-15,-15,-17,-15,-18,-15,-20,-13,-20,-13,-20,31,10,-11,-18,-11,-15,-10,-13,-9,-10,-8,-6,-8,-3,-6,0,-6,2,-5,4,-4,7,-4,9,-3,12,-2,13,-33,10,-2,17,-2,17,-1,18,-2,17,-2,15,-2,13,-2,10,-2,4,0,3,-1,4,1,6,6,6,11,1,10,-7,9,-22,-8,-12,-16,-2,-13,11,-2,17,11,14,19,2,15,-12,2,-19,-13,-15,-19,-2,-15,11,-2,17,8,13,2,4,10,-3,4,-6,1,-4,0,-3,0,-3,-1,-4,0,0,-7,-1,-8,3,-5,8,0,13,8,9,14,2,1,-26,8,-14,-3,-17,-13,-11,-18,0,-13,12,-2,17,10,14,17,4,14,-9,2,-17,-10,-13,-15,-1,-11,11,-1,30,11,7,12,-4,2,-11,-8,-8,-11,4,-4,12,7,11]"
CSI_DATA,112946,d8:b1:90:d9:de:f0,-59,11,-99,-35,60,56,1684453882,100,0,228,0,"[17,8,17,9,18,9,17,9,16,8,14,6,12,5,66,-4,8,2,7,2,5,2,4,2,2,1,0,0,0,1,-2,0,-4,0,-4,0,-6,-1,-6,-2,-8,-3,42,4,-8,-8,-8,-11,-7,-12,-6,-15,-5,-17,-4,-19,0,0,0,-22,1,-24,2,-25,3,-26,4,-25,4,-24,52,0,4,-22,2,-19,2,-16,0,-13,-1,-10,-2,-6,-3,-3,-4,0,-5,2,-6,4,-6,7,-7,10,-6,12,-83,10,-7,15,-8,16,-7,17,-7,15,-7,13,-6,11,-4,8,-5,0,-4,1,-4,1,-5,4,-3,8,4,11,11,5,25,0,7,-13,-5,-15,-15,-7,-16,6,-6,17,7,17,18,6,18,-8,6,-18,-7,-18,-17,-7,-16,5,-7,13,-6,6,7,7,7,2,6,-1,5,-2,4,-4,2,-6,0,0,-7,-7,-11,-2,-11,4,-6,12,1,14,10,11,19,-21,14,-7,7,-15,-4,-17,-14,-11,-18,0,-13,13,0,18,12,13,17,0,13,-12,0,-17,-11,-10,-15,2,-14,26,5,12,11,2,6,-8,-4,-9,-11,0,-6,10,4,12]"
CSI_DATA,112947,d8:b1:90:d9:de:f0,-59,11,-99,-38,61,56,1684464587,100,0,228,0,"[0,17,-1,18,0,18,0,18,0,16,0,14,0,13,64,-4,2,9,2,7,1,6,1,4,0,3,0,2,0,0,0,0,0,-1,0,-3,0,-4,0,-6,1,-8,41,4,4,-10,6,-10,8,-10,10,-11,12,-11,14,-11,0,0,18,-10,20,-10,21,-9,23,-9,22,-8,22,-8,66,0,19,-8,16,-7,14,-7,11,-7,8,-6,4,-6,1,-6,-2,-5,-4,-4,-6,-4,-9,-3,-11,-2,-13,-2,23,10,-16,0,-17,0,-17,0,-16,0,-14,0,-12,0,-10,0,-2,-4,-2,-3,-2,-4,-5,-3,-8,0,-7,7,0,12,10,22,14,0,11,-10,0,-16,-12,-12,-18,1,-12,14,2,18,14,12,19,-2,12,-15,-2,-18,-12,-10,-14,0,-6,0,-1,10,3,6,4,3,4,2,4,1,5,0,0,0,4,-7,-1,-9,-8,-8,-12,-2,-12,6,-6,13,25,6,12,10,16,0,13,-11,2,-18,-10,-14,-17,-4,-14,8,-4,16,8,14,16,4,13,-9,2,-15,-10,-10,-28,0,-6,11,5,10,11,0,6,-9,-4,-10,-12,-1,-9,9]"
CSI_DATA,112948,d8:b1:90:d9:de:f0,-59,11,-99,-36,60,56,1684475001,100,0,228,0,"[-2,18,-2,19,-2,19,-1,19,-1,18,0,16,0,14,67,-4,0,9,0,7,0,6,0,4,0,3,0,2,0,0,-1,0,-1,-2,-1,-4,-2,-4,-1,-7,0,-8,43,4,2,-11,4,-13,6,-14,8,-14,11,-14,13,-14,0,0,16,-14,19,-14,21,-14,21,-14,22,-14,21,-13,84,0,19,-12,16,-12,13,-10,9,-9,6,-8,3,-7,0,-5,-2,-4,-5,-2,-7,-1,-9,0,-12,1,-13,3,26,10,-16,6,-16,7,-16,7,-16,7,-14,6,-12,4,-9,3,0,-5,-2,-4,-3,-4,-6,-3,-9,1,-7,8,0,13,10,21,15,0,11,-12,0,-16,-13,-11,-18,2,-12,15,2,19,16,11,20,-3,11,-16,-3,-19,-14,-10,-16,1,-9,0,0,11,3,7,5,4,5,2,5,0,6,-2,0,0,2,-9,-4,-10,-11,-6,-14,1,-10,10,-2,15,29,2,16,6,17,-5,10,-15,-2,-18,-14,-12,-19,0,-12,13,0,18,12,12,17,0,10,-12,-2,-15,-13,-7,-29,10,-2,12,7,9,10,-2,2,-10,-8,-7,-12,3,-4,12]"
CSI_DATA,112949,d8:b1:90:d9:de:f0,-59,11,-99,-38,61,56,1684485002,100,0,228,0,"[16,6,17,8,17,8,16,8,15,8,13,6,12,6,64,-4,8,4,6,2,5,2,4,2,2,1,1,1,0,0,-1,0,-2,0,-4,-2,-4,-3,-5,-4,-5,-6,41,4,-4,-10,-2,-12,-1,-14,1,-15,4,-16,6,-17,0,0,11,-18,14,-18,15,-18,17,-18,18,-16,18,-16,37,0,17,-13,15,-11,12,-10,10,-8,6,-7,3,-6,0,-5,-2,-4,-4,-3,-7,-2,-9,-2,-11,-1,-14,0,20,10,-17,0,-18,0,-18,0,-17,-1,-15,-1,-12,-2,-10,-2,-5,0,-4,1,-4,2,-4,4,-2,8,3,10,10,6,23,2,8,-12,-3,-14,-14,-8,-16,3,-9,15,4,18,16,10,19,-3,11,-16,-2,-19,-14,-12,-16,0,-11,10,-7,4,4,10,6,4,6,1,5,0,5,0,5,-4,0,0,0,-8,-6,-8,-11,-2,-12,4,-8,12,0,14,28,-2,14,4,15,-6,9,-14,-1,-17,-12,-12,-18,-1,-14,10,-3,17,9,14,16,3,12,-9,2,-15,-10,-11,-29,0,-8,10,4,11,10,2,7,-8,-3,-10,-11,-3,-10,7]"
CSI_DATA,112950,d8:b1:90:d9:de:f0,-59,11,-99,-39,61,56,1684495146,100,0,228,0,"[12,13,13,14,13,14,13,13,12,13,11,11,10,9,66,-4,6,6,6,4,4,4,3,3,2,2,1,1,0,0,0,0,-2,-1,-2,-2,-3,-3,-3,-5,-3,-7,42,4,-2,-11,0,-13,1,-15,3,-15,5,-17,8,-17,0,0,13,-17,15,-18,17,-18,18,-17,19,-17,19,-16,70,0,17,-14,15,-13,12,-11,9,-10,6,-8,2,-7,0,-6,-2,-4,-5,-4,-8,-2,-10,-1,-12,0,-13,0,22,10,-17,2,-17,3,-18,2,-17,2,-15,2,-13,1,-10,0,-4,-2,-4,0,-4,0,-6,2,-5,6,0,10,8,9,22,9,12,-9,2,-15,-10,-13,-17,-1,-13,12,0,19,13,13,19,0,14,-13,1,-19,-11,-14,-17,-2,-13,8,-6,3,3,10,6,5,5,1,4,0,4,0,4,-2,0,0,0,-8,-6,-8,-11,-3,-13,3,-8,11,0,15,28,-2,15,4,15,-6,8,-15,-2,-17,-14,-11,-17,0,-13,12,0,17,12,13,17,0,11,-11,0,-15,-12,-9,-30,4,-5,12,6,11,11,0,5,-10,-6,-10,-13,0,-8,9]"
CSI_DATA,112951,d8:b1:90:d9:de:f0,-59,11,-99,-35,60,56,1684505577,100,0,228,0,"[18,-1,19,-1,19,-1,19,-1,17,-1,15,-2,13,-2,66,-4,9,-2,7,-1,6,-2,4,-1,3,-1,2,0,0,0,0,0,-2,1,-4,0,-5,0,-6,0,-8,0,42,4,-11,-4,-11,-6,-11,-8,-12,-11,-12,-13,-11,-15,0,0,-10,-19,-9,-22,-8,-23,-7,-24,-7,-24,-6,-24,-55,10,-6,-21,-6,-19,-6,-15,-6,-11,-6,-8,-5,-5,-5,-2,-5,1,-5,4,-5,6,-4,8,-4,11,-3,13,-48,10,-2,17,-2,17,-2,17,-2,17,-2,15,-2,13,-2,10,-4,2,-4,2,-3,3,-2,6,2,8,8,6,13,-1,21,-13,0,-15,-12,-10,-16,1,-11,14,2,18,15,11,19,-3,11,-16,-3,-19,-15,-11,-18,2,-11,13,0,15,0,7,10,2,7,-2,4,-4,2,-4,1,-4,0,-5,0,0,-7,-4,-11,2,-8,8,-2,13,6,13,13,6,9,-26,11,-12,0,-17,-10,-14,-17,-4,-16,8,-6,17,6,16,16,6,16,-6,6,-15,-6,-15,-15,-4,-13,8,-4,29,10,8,12,-2,3,-11,-7,-8,-11,2,-4,12,7,11]"
CSI_DATA,112952,d8:b1:90:d9:de:f0,-59,11,-99,-38,61,56,1684515690,100,0,228,0,"[-12,12,-14,13,-14,12,-12,12,-11,12,-10,11,-8,10,64,-4,-4,7,-4,6,-2,4,-2,4,-1,2,-1,1,0,0,0,0,0,-2,1,-4,2,-4,4,-5,5,-6,41,4,9,-6,11,-6,13,-5,15,-4,16,-3,18,-1,0,0,21,0,23,2,24,2,24,4,24,4,24,4,84,0,21,3,18,2,16,0,13,0,10,-2,6,-3,3,-4,0,-5,-2,-5,-4,-6,-7,-6,-9,-6,-12,-6,48,10,-16,-6,-17,-6,-17,-5,-16,-4,-14,-4,-12,-4,-9,-3,2,-4,0,-4,0,-5,-2,-6,-7,-6,-11,0,-8,9,-6,22,10,10,16,-1,10,-12,-2,-17,-14,-10,-18,4,-10,16,4,18,16,9,18,-4,10,-15,-3,-16,-12,-9,-5,-6,-7,6,-2,7,0,6,2,4,3,4,6,3,0,0,7,-5,3,-9,-3,-10,-10,-7,-13,0,-11,9,19,19,6,14,14,8,16,-4,10,-14,-2,-17,-13,-12,-17,0,-12,12,0,16,12,10,16,-2,8,-12,-4,-14,-27,-11,-10,6,0,12,10,5,8,-6,0,-11,-10,-6,-11,5]"
CSI_DATA,112953,d8:b1:90:d9:de:f0,-59,11,-99,-37,61,56,1684532439,100,0,228,0,"[7,16,7,17,7,17,7,16,7,14,6,12,6,11,62,-4,5,7,5,5,3,3,3,3,1,1,1,1,0,0,0,0,-1,-1,-1,-3,-2,-3,-2,-5,-1,-7,40,3,0,-10,1,-11,2,-12,4,-14,6,-14,8,-15,0,0,12,-16,14,-16,16,-16,17,-16,17,-16,17,-16,23,0,14,-14,12,-13,10,-12,7,-10,4,-9,1,-7,-1,-6,-3,-3,-6,-2,-7,0,-9,1,-11,2,-12,3,26,9,-15,6,-15,7,-15,7,-14,7,-12,6,-11,5,-9,3,-3,-3,-2,-1,-3,-2,-7,-1,-7,4,-4,9,4,11,18,14,13,-5,5,-14,-7,-14,-16,-5,-15,8,-4,17,9,15,18,4,16,-10,3,-18,-9,-14,-15,-4,-12,6,-6,1,2,9,5,5,5,1,3,0,4,0,5,-2,0,0,0,-8,-5,-7,-10,-2,-11,3,-7,11,0,13,25,-4,14,3,14,-6,7,-14,-3,-16,-14,-10,-17,2,-11,13,1,16,12,9,16,-2,9,-12,-3,-14,-13,-6,-27,11,-2,12,8,8,11,-3,2,-11,-8,-8,-12,3,-4,11]"
CSI_DATA,112954,d8:b1:90:d9:de:f0,-59,11,-99,-40,61,56,1684544224,100,0,228,0,"[1,-18,2,-19,2,-19,2,-19,2,-17,2,-15,1,-13,67,-4,0,-9,0,-8,0,-6,0,-5,0,-4,0,-2,0,0,0,0,0,1,0,2,-1,4,-2,4,-4,6,43,4,-8,7,-11,6,-13,6,-15,4,-16,3,-19,2,0,0,-22,-2,-24,-4,-24,-4,-24,-7,-24,-7,-24,-7,-74,9,-20,-7,-19,-6,-16,-4,-13,-2,-11,0,-7,2,-5,3,-3,4,0,6,0,8,2,9,4,11,6,12,63,0,9,14,10,15,9,14,9,14,7,13,5,12,4,9,0,4,0,4,2,4,6,4,9,1,9,-7,2,-13,-7,-24,-15,-3,-14,8,-4,16,9,14,18,3,16,-11,3,-19,-11,-17,-20,-4,-16,10,-4,19,8,15,14,5,5,2,6,-9,0,-8,-2,-4,-2,-2,-2,-2,-4,-2,0,0,-7,4,-4,9,1,11,9,9,14,2,14,-7,-14,-23,-2,-16,-13,-12,-18,0,-14,12,-3,18,9,16,17,4,15,-8,5,-16,-7,-14,-16,-4,-13,8,-2,15,17,25,13,0,6,-10,-5,-10,-11,0,-6,10,4,12,13,3]"
CSI_DATA,112955,d8:b1:90:d9:de:f0,-59,11,-99,-36,60,56,1684554435,100,0,228,0,"[17,-7,19,-7,19,-7,18,-7,16,-7,14,-7,12,-6,67,-4,8,-5,7,-4,5,-4,4,-3,2,-2,1,-1,0,0,0,0,-1,1,-2,2,-4,2,-5,1,-7,0,43,4,-10,-1,-12,-2,-13,-4,-14,-7,-14,-9,-14,-12,0,0,-14,-15,-14,-18,-14,-19,-14,-21,-13,-21,-13,-21,53,10,-12,-19,-11,-16,-11,-12,-9,-9,-9,-6,-7,-2,-7,0,-5,2,-4,5,-3,7,-2,9,-1,12,0,14,-14,10,2,17,2,18,2,18,2,17,2,15,1,13,1,10,-3,2,-2,2,-2,3,-1,7,3,9,10,4,12,-4,16,-19,-4,-14,-14,-7,-16,6,-7,16,8,17,19,6,17,-9,6,-19,-9,-18,-19,-6,-17,8,-6,16,5,14,2,7,10,-2,5,-5,2,-4,0,-3,0,-4,-2,-5,0,0,-8,-1,-9,4,-6,9,1,12,9,9,14,2,1,-27,7,-14,-3,-16,-14,-11,-18,1,-13,13,-1,18,12,14,17,2,14,-11,1,-17,-11,-12,-16,0,-10,12,4,30,12,5,11,-7,0,-12,-10,-5,-10,6,0,13,10,9]"
CSI_DATA,112956,d8:b1:90:d9:de:f0,-59,11,-99,-39,61,56,1684565337,100,0,228,0,"[-15,-11,-15,-12,-15,-12,-15,-11,-15,-10,-13,-8,-11,-7,66,-4,-8,-4,-7,-3,-6,-1,-4,-1,-3,-1,-2,0,0,0,0,0,2,0,3,2,4,2,5,4,5,5,42,4,5,8,4,11,2,13,0,15,0,17,-2,18,0,0,-6,21,-8,22,-9,22,-11,22,-11,22,-11,22,37,10,-10,19,-8,17,-6,15,-4,12,-2,10,0,7,2,5,5,3,6,0,8,0,9,-3,11,-5,12,-7,-40,0,13,-11,15,-11,15,-11,14,-11,12,-9,11,-8,8,-6,4,0,4,0,4,0,6,-2,5,-7,0,-11,-9,-8,-24,-4,-10,11,2,16,13,10,17,-2,11,-15,-3,-19,-16,-11,-19,4,-11,17,4,19,15,10,17,-2,10,-11,5,-5,-6,-8,-6,-2,-5,0,-4,1,-4,2,-4,4,0,0,2,8,8,6,11,-1,9,-8,3,-13,-5,-13,-24,13,-16,1,-12,11,-2,17,8,15,17,6,16,-6,6,-15,-6,-17,-15,-6,-16,6,-5,15,8,14,15,3,25,-18,0,-13,-11,-6,-11,6,0,12,10,6,13,-5,2,-13]"
CSI_DATA,112957,d8:b1:90:d9:de:f0,-59,11,-99,-39,61,56,1684583972,100,0,228,0,"[5,16,5,17,5,17,5,17,5,16,5,14,5,12,66,-4,4,8,4,6,3,5,2,4,2,3,1,2,0,0,0,0,0,0,0,-2,0,-4,0,-6,0,-7,42,4,2,-11,3,-12,5,-13,6,-14,9,-15,11,-15,0,0,15,-15,17,-15,17,-15,19,-15,19,-15,19,-14,59,0,17,-13,14,-12,11,-11,8,-10,5,-8,2,-8,0,-6,-3,-5,-6,-3,-7,-2,-10,-1,-12,0,-13,1,23,10,-16,3,-17,4,-17,4,-17,4,-15,3,-13,2,-11,2,-2,-4,-2,-3,-4,-3,-6,-1,-8,4,-4,10,3,12,17,17,15,-4,7,-14,-5,-15,-15,-6,-17,6,-6,17,8,17,18,6,17,-8,6,-18,-7,-17,-16,-6,-15,5,-5,2,2,10,6,5,5,1,4,0,3,0,4,0,0,0,1,-7,-3,-8,-9,-6,-12,1,-10,9,-2,15,26,0,15,5,16,-5,8,-15,-2,-17,-14,-11,-17,1,-11,13,0,17,12,11,16,-1,9,-12,-2,-15,-13,-7,-28,8,-2,13,8,9,12,-2,4,-11,-7,-8,-13,1,-6,11]"
CSI_DATA,112958,d8:b1:90:d9:de:f0,-59,11,-99,-36,60,56,1684594097,100,0,228,0,"[-2,18,-2,19,-2,19,-2,19,-2,16,-1,15,-1,13,67,-4,0,9,0,7,0,5,0,4,0,2,0,2,0,0,-1,0,-1,-2,-1,-3,-1,-5,-1,-7,0,-8,43,4,2,-12,4,-12,5,-14,8,-14,9,-15,12,-15,0,0,16,-15,18,-15,19,-15,21,-15,21,-15,20,-14,41,0,17,-14,15,-12,11,-11,9,-9,5,-8,2,-7,0,-5,-3,-3,-5,-1,-7,0,-9,1,-11,3,-12,5,36,10,-15,8,-15,9,-15,9,-15,9,-14,8,-12,6,-9,4,0,-5,-2,-4,-3,-4,-6,-4,-9,0,-8,8,0,13,9,22,15,0,12,-12,0,-17,-13,-12,-18,2,-12,15,2,19,16,12,20,-4,11,-16,-2,-19,-14,-9,-15,1,-9,0,0,11,4,7,4,3,4,1,5,0,6,-2,0,0,1,-9,-4,-9,-11,-5,-14,2,-9,11,0,15,29,-1,16,4,16,-7,8,-16,-4,-17,-15,-10,-18,2,-11,14,2,17,14,9,16,-3,8,-14,-4,-14,-14,-5,-26,14,-1,12,9,7,9,-4,1,-11,-9,-6,-11,5,-2,12]"
CSI_DATA,112959,d8:b1:90:d9:de:f0,-59,11,-99,-39,61,56,1684604192,100,0,228,0,"[-4,-17,-4,-19,-5,-19,-6,-18,-6,-16,-6,-14,-5,-12,66,-4,-4,-7,-4,-6,-3,-4,-2,-3,-1,-2,0,-2,0,0,2,0,3,0,4,2,5,2,6,4,6,6,42,4,6,10,6,11,4,13,4,15,2,17,1,19,0,0,0,22,-1,24,-1,25,-2,25,-2,26,-2,24,-48,10,0,22,0,19,1,17,2,13,4,9,4,6,4,2,4,0,4,-4,3,-6,2,-9,2,-11,1,-13,27,0,0,-17,-1,-18,-2,-18,-2,-17,-2,-15,-2,-13,-1,-10,3,4,4,3,4,2,7,0,8,-4,4,-11,-5,-12,-19,-15,-14,6,-4,15,9,14,17,3,15,-11,1,-19,-13,-14,-19,0,-13,14,0,19,13,13,17,0,11,-10,8,-6,-5,-8,-7,-3,-6,0,-5,2,-5,4,-3,6,0,0,6,7,11,2,11,-5,6,-12,-2,-14,-11,-10,-17,23,-13,9,-4,17,7,16,16,7,17,-5,8,-15,-5,-17,-15,-8,-17,6,-6,15,7,15,15,4,13,-8,0,-30,-10,-7,-11,4,0,11,9,5,9,-5,0,-12,-10,-7]"
CSI_DATA,112960,d8:b1:90:d9:de:f0,-59,11,-99,-39,61,56,1684614778,100,0,228,0,"[9,-15,10,-15,11,-15,10,-15,9,-14,8,-13,7,-11,66,-4,4,-8,3,-6,2,-6,1,-4,1,-4,0,-2,0,-1,0,0,-1,0,-2,2,-3,2,-5,2,-6,2,42,4,-10,2,-12,0,-13,-1,-15,-3,-16,-5,-17,-7,0,0,-18,-11,-19,-13,-18,-15,-18,-17,-17,-17,-17,-17,0,9,-15,-15,-13,-13,-12,-11,-11,-8,-9,-4,-8,-2,-6,1,-6,2,-4,5,-3,8,-2,10,-1,12,0,13,-17,10,0,17,1,18,0,18,0,17,0,15,0,13,0,10,-1,4,0,4,0,4,2,6,8,5,11,-1,8,-10,4,-24,-11,-9,-15,1,-11,13,2,17,14,11,18,-2,11,-15,-2,-19,-15,-12,-19,2,-11,14,0,17,10,11,3,3,8,-5,2,-7,0,-4,-1,-2,0,-3,-2,-4,0,0,-8,0,-7,4,-4,10,3,12,10,8,15,0,-3,-26,4,-15,-6,-16,-15,-8,-17,4,-11,14,0,18,13,12,17,0,12,-12,0,-17,-11,-11,-15,1,-9,12,4,29,12,5,11,-6,0,-12,-10,-6,-11,5,-2,13,8,9]"
CSI_DATA,112961,d8:b1:90:d9:de:f0,-59,11,-99,-38,61,56,1684633916,100,0,228,0,"[0,-17,0,-18,0,-18,1,-18,1,-16,0,-15,0,-12,64,-4,0,-9,0,-7,0,-6,0,-4,0,-3,0,-1,0,0,0,0,0,2,0,4,0,4,-2,6,-4,6,41,4,-8,8,-10,7,-12,6,-14,5,-16,4,-18,2,0,0,-22,0,-23,-3,-23,-5,-24,-6,-24,-8,-22,-8,-78,9,-20,-8,-18,-6,-15,-5,-12,-3,-10,-1,-8,0,-5,2,-2,4,-1,6,0,8,3,9,4,10,6,12,68,0,8,14,8,15,8,15,8,14,7,14,5,12,3,9,1,4,2,4,2,4,6,4,9,0,8,-7,2,-12,-8,-22,-15,-2,-12,9,-2,16,10,14,18,2,15,-11,2,-19,-12,-16,-19,-3,-16,10,-4,18,8,15,14,5,6,2,6,-8,0,-7,-2,-5,-2,-4,-3,-3,-4,-2,0,0,-8,4,-4,9,2,11,9,8,14,2,13,-7,-14,-23,-3,-16,-13,-11,-18,0,-14,10,-4,18,8,16,17,6,16,-6,6,-16,-6,-15,-15,-6,-14,6,-4,14,16,24,13,0,7,-9,-4,-10,-10,-1,-7,9,3,12,12,4]"
CSI_DATA,112962,d8:b1:90:d9:de:f0,-59,11,-99,-39,61,56,1684644938,100,0,228,0,"[-18,-1,-20,-1,-19,0,-19,0,-17,1,-15,1,-13,2,66,-4,-8,2,-6,2,-4,2,-4,1,-2,0,-1,0,0,-1,0,-2,2,-2,3,-3,4,-4,6,-4,8,-4,42,4,11,-2,13,-1,15,0,16,2,17,3,18,5,0,0,20,8,22,10,22,11,23,12,23,12,22,11,72,0,19,9,18,6,15,4,13,2,10,0,6,-2,4,-3,1,-4,-2,-5,-4,-6,-7,-6,-10,-6,-12,-6,38,10,-16,-6,-17,-5,-17,-4,-16,-4,-15,-3,-12,-2,-10,-2,5,-1,4,-2,4,-3,2,-6,-1,-8,-8,-8,-13,0,-21,13,1,15,13,9,17,-2,8,-15,-5,-17,-17,-7,-18,8,-6,19,8,18,18,6,17,-8,6,-15,-5,-14,-1,-9,-10,2,-6,5,-2,6,0,6,1,6,4,5,0,0,9,-2,6,-8,0,-11,-8,-10,-13,-2,-13,7,14,25,3,16,13,11,17,0,13,-12,1,-18,-11,-14,-18,-2,-13,11,-1,17,12,12,17,0,10,-12,-3,-15,-28,-13,-11,6,0,11,9,5,8,-6,-2,-11,-11,-4,-11,6]"
CSI_DATA,112963,d8:b1:90:d9:de:f0,-60,11,-99,-35,61,56,1684656677,100,0,228,0,"[8,-14,9,-15,9,-15,7,-15,7,-14,6,-12,4,-11,58,-4,2,-8,1,-6,1,-5,0,-4,0,-2,0,-1,0,0,0,1,0,2,0,3,-1,4,-1,5,-2,6,38,3,-6,7,-8,7,-10,7,-12,7,-14,6,-15,6,0,0,-19,3,-20,3,-22,3,-22,2,-22,2,-22,1,76,8,-19,3,-17,3,-14,3,-11,4,-8,4,-4,4,-1,5,0,5,3,5,6,4,7,4,10,3,12,3,-21,0,15,1,16,1,15,0,15,0,14,0,11,0,9,0,0,4,0,3,0,4,3,5,7,3,9,-3,6,-9,0,-22,-12,-6,-14,4,-6,14,6,14,15,5,15,-7,4,-17,-9,-15,-17,-4,-14,9,-3,16,7,13,12,4,6,1,4,-7,0,-6,-2,-4,-2,-3,-3,-2,-4,-1,0,0,-5,6,0,9,5,8,10,3,11,-3,7,-10,-21,-11,-8,-11,-14,-3,-13,6,-6,14,5,15,14,7,15,-4,6,-14,-5,-14,-14,-6,-13,6,-3,14,7,11,27,3,7,-9,-3,-10,-11,-2,-6,7,4,11,11,2,9,-7]"
CSI_DATA,112964,d8:b1:90:d9:de:f0,-59,11,-99,-37,61,56,1684666950,100,0,228,0,"[12,-12,14,-12,14,-11,14,-11,12,-10,11,-9,10,-7,62,-4,7,-5,5,-5,4,-3,3,-2,2,-1,1,0,0,0,0,0,-1,1,-2,1,-4,1,-5,1,-7,0,40,3,-9,-3,-10,-5,-11,-7,-11,-9,-11,-12,-9,-14,0,0,-7,-19,-6,-21,-5,-22,-3,-24,-2,-23,-1,-23,-5,9,0,-20,0,-18,-1,-15,-1,-12,-2,-9,-3,-5,-4,-3,-5,-1,-6,1,-7,3,-8,5,-8,7,-9,9,58,9,-11,12,-11,12,-11,12,-11,11,-11,10,-9,8,-7,5,-2,3,-1,3,-1,5,1,6,5,7,11,1,11,-7,12,-20,-7,-12,-14,-4,-14,8,-5,16,7,16,17,5,16,-8,5,-18,-7,-16,-17,-7,-16,5,-7,14,2,14,0,7,9,0,7,-3,3,-3,1,-3,1,-3,0,-5,0,0,-7,-3,-9,0,-7,6,-3,11,4,12,11,8,13,-22,12,-8,5,-14,-5,-15,-14,-9,-16,1,-11,12,0,16,11,12,16,0,12,-11,0,-15,-10,-11,-14,0,-18,22,2,12,11,4,9,-7,-1,-11,-10,-4,-11,5,-1,12]"
CSI_DATA,112965,d8:b1:90:d9:de:f0,-59,11,-99,-37,61,56,1684677253,100,0,228,0,"[-17,-4,-18,-5,-18,-5,-17,-5,-16,-5,-14,-4,-12,-3,62,-4,-9,-1,-7,-1,-5,0,-4,0,-2,0,-1,0,0,0,1,0,1,0,3,1,4,2,5,3,5,4,40,3,5,8,3,11,3,12,0,14,0,16,-2,17,0,0,-7,19,-9,19,-11,20,-12,20,-12,20,-13,19,3,9,-11,16,-10,15,-8,13,-5,11,-3,9,0,7,1,5,4,3,5,2,7,1,9,0,11,-1,12,-3,-23,0,16,-5,16,-6,16,-5,15,-5,14,-4,12,-3,9,-1,4,0,3,-1,4,-1,5,-4,2,-8,-3,-9,-11,-5,-24,1,-6,12,5,14,14,7,16,-5,7,-16,-6,-16,-16,-7,-18,7,-7,17,6,18,15,8,16,-3,8,-11,4,-5,-6,-7,-6,-1,-5,0,-3,1,-3,1,-4,3,0,0,3,8,7,5,10,0,9,-7,4,-11,-3,-12,-24,9,-14,0,-12,8,-5,15,5,14,14,8,16,-3,9,-13,-2,-16,-12,-9,-16,2,-9,12,3,14,12,7,27,-9,3,-12,-7,-9,-11,1,-4,11,7,9,12,0,7,-10]"
CSI_DATA,112966,d8:b1:90:d9:de:f0,-59,11,-99,-37,61,56,1684688152,100,0,228,0,"[9,15,9,16,9,17,7,16,7,15,6,13,5,11,62,-4,4,7,3,5,2,4,1,3,0,1,0,1,-1,0,-1,0,-1,-2,-2,-3,-2,-5,-1,-7,-1,-8,40,3,1,-10,4,-11,6,-12,9,-11,11,-11,14,-11,0,0,18,-8,21,-7,22,-5,24,-5,24,-3,24,-3,-81,0,21,-1,18,-1,16,-2,12,-2,9,-3,6,-3,3,-4,0,-5,-2,-5,-5,-5,-7,-5,-9,-6,-11,-6,42,9,-14,-7,-15,-7,-16,-7,-14,-7,-12,-7,-10,-7,-7,-5,-3,-3,-3,-1,-4,-1,-5,0,-7,4,-3,10,4,11,17,16,14,-4,7,-13,-5,-15,-15,-7,-16,6,-7,16,6,17,17,8,18,-5,9,-16,-4,-17,-13,-9,-14,1,-9,-1,-1,9,1,7,3,5,4,3,5,1,7,0,0,0,3,-8,-2,-10,-8,-8,-12,-1,-11,5,-6,12,24,11,9,11,14,3,14,-7,7,-14,-3,-16,-14,-9,-16,1,-11,12,1,16,12,11,15,-1,9,-12,-2,-14,-25,-13,-12,5,-2,11,8,7,10,-3,1,-11,-8,-8,-12,1]"
CSI_DATA,112967,d8:b1:90:d9:de:f0,-59,11,-99,-37,61,56,1684698205,100,0,228,0,"[-8,-16,-8,-17,-8,-17,-8,-16,-7,-15,-7,-13,-5,-11,62,-4,-5,-7,-3,-5,-3,-3,-2,-3,-1,-1,0,-1,0,0,1,0,2,1,3,3,3,4,3,5,3,7,40,3,1,11,0,11,-2,12,-4,13,-7,14,-9,14,0,0,-13,14,-16,14,-18,14,-19,14,-20,13,-19,12,-47,9,-17,11,-14,11,-12,9,-9,8,-6,7,-3,6,0,5,2,4,5,3,7,1,9,1,11,0,12,-1,-24,0,16,-3,16,-4,16,-4,16,-3,14,-3,12,-1,9,-1,3,3,3,1,3,1,6,0,7,-3,3,-9,-4,-11,-18,-14,-13,5,-5,14,7,14,16,5,15,-7,5,-17,-9,-16,-18,-5,-16,9,-5,18,7,16,15,5,13,-4,9,-1,-1,-9,-4,-6,-5,-3,-5,-1,-5,0,-6,3,0,0,0,9,6,9,11,3,12,-3,7,-10,0,-14,-27,0,-14,-5,-14,4,-9,12,1,16,12,11,16,0,12,-11,1,-16,-9,-12,-16,-1,-11,11,0,15,11,10,29,-4,5,-11,-5,-10,-11,0,-5,9,5,9,11,0,7,-9]"
CSI_DATA,112968,d8:b1:90:d9:de:f0,-59,11,-99,-35,60,56,1684713894,100,0,228,0,"[17,-6,17,-7,17,-6,17,-7,15,-7,13,-6,12,-6,66,-4,8,-5,6,-4,4,-4,3,-3,2,-2,2,-1,1,0,0,0,-1,0,-2,2,-4,2,-6,2,-8,2,42,4,-11,0,-13,0,-15,-2,-16,-4,-17,-5,-18,-7,0,0,-19,-11,-20,-12,-21,-14,-21,-15,-20,-15,-20,-15,-26,9,-17,-13,-16,-11,-14,-8,-12,-6,-11,-2,-8,0,-5,2,-4,4,-2,6,0,8,2,9,4,11,5,12,57,0,9,14,11,15,11,15,10,14,8,13,7,12,5,9,-4,2,-2,4,-2,4,0,7,5,8,11,3,12,-5,15,-19,-6,-13,-15,-4,-15,8,-4,17,10,16,19,3,16,-11,2,-19,-12,-15,-19,-3,-15,10,-3,17,8,13,2,6,10,-4,4,-6,0,-5,0,-4,0,-4,-2,-4,0,0,-8,0,-7,6,-2,11,5,11,12,6,15,-3,-7,-26,1,-17,-10,-15,-18,-4,-16,8,-6,17,6,17,16,6,17,-6,6,-15,-6,-16,-15,-5,-13,7,-3,15,17,25,13,0,6,-10,-6,-10,-11,0,-5,10,5,11,12,2]"
CSI_DATA,112969,d8:b1:90:d9:de:f0,-59,11,-99,-36,61,56,1684725165,100,0,228,0,"[-13,-10,-14,-10,-14,-10,-13,-10,-13,-9,-11,-8,-10,-6,60,-4,-7,-3,-6,-3,-5,-2,-3,-1,-2,-1,0,0,0,0,1,0,2,0,3,1,4,1,5,3,5,5,39,3,5,8,5,10,3,12,1,14,0,16,-1,17,0,0,-4,20,-5,20,-6,21,-8,21,-9,21,-9,20,42,9,-8,18,-6,17,-5,14,-3,11,-1,9,1,6,2,5,4,1,5,0,6,-1,8,-3,8,-6,10,-7,-47,0,11,-11,11,-11,11,-11,11,-11,10,-10,8,-8,6,-6,5,1,4,0,4,0,5,-2,3,-6,-1,-10,-9,-7,-22,-3,-8,11,1,14,12,9,15,-2,9,-14,-3,-17,-15,-9,-17,4,-9,15,4,17,13,8,15,-2,8,-10,5,-5,-5,-7,-6,-2,-5,0,-4,1,-4,2,-3,5,0,0,3,7,8,5,10,-1,8,-8,2,-12,-6,-11,-21,13,-14,2,-10,11,0,16,10,13,16,3,13,-8,4,-15,-7,-14,-15,-4,-13,7,-3,14,8,11,14,1,20,-18,-1,-12,-10,-5,-8,6,1,10,9,4,9,-6,0,-11]"
CSI_DATA,112970,d8:b1:90:d9:de:f0,-59,11,-99,-39,61,56,1684736703,100,0,228,0,"[15,9,16,10,16,11,15,10,15,9,13,8,11,6,66,-4,8,4,6,3,5,2,4,2,2,1,1,1,0,0,-1,0,-2,0,-3,-2,-4,-3,-4,-4,-4,-6,42,4,-2,-11,-2,-12,0,-13,2,-15,4,-17,6,-18,0,0,11,-19,13,-19,15,-20,16,-19,17,-19,17,-17,39,0,15,-15,13,-14,11,-12,8,-11,5,-9,2,-7,0,-6,-3,-5,-5,-3,-8,-2,-9,-1,-12,0,-13,1,20,10,-17,3,-17,4,-17,4,-17,3,-15,2,-13,2,-10,0,-4,0,-4,0,-4,0,-6,3,-4,8,2,11,10,7,24,4,10,-12,-2,-16,-13,-11,-17,2,-11,15,2,19,15,11,19,-3,12,-15,-2,-19,-14,-12,-17,0,-11,10,-5,4,4,8,6,3,5,0,4,0,4,-1,5,-3,0,0,0,-8,-7,-7,-11,-2,-12,4,-6,11,2,15,27,-4,16,3,15,-6,7,-15,-4,-17,-14,-10,-17,2,-11,13,0,17,12,12,17,0,11,-12,-2,-16,-13,-8,-30,6,-4,12,6,10,12,0,5,-10,-6,-10,-13,0,-8,10]"
CSI_DATA,112971,d8:b1:90:d9:de:f0,-59,11,-99,-35,60,56,1684755272,100,0,228,0,"[-6,18,-6,19,-6,19,-6,17,-5,17,-5,15,-4,13,66,-4,-1,9,-1,7,0,5,0,4,0,2,0,0,-1,-1,-1,-1,0,-2,0,-4,0,-6,2,-6,4,-8,42,4,6,-8,9,-8,11,-6,15,-5,16,-4,18,-2,0,0,22,0,24,2,24,4,26,6,24,6,25,6,-80,0,21,6,19,5,16,4,14,2,11,0,7,-2,4,-4,2,-5,0,-5,-3,-7,-5,-8,-8,-9,-10,-9,51,10,-14,-11,-15,-11,-15,-11,-13,-10,-11,-9,-10,-8,-7,-7,0,-5,0,-3,-1,-4,-4,-4,-9,-3,-11,4,-6,11,2,25,14,6,15,-6,6,-16,-8,-16,-17,-6,-17,8,-6,19,10,18,19,5,18,-8,6,-17,-6,-16,-13,-6,-6,-6,-6,7,-1,8,0,6,2,5,4,5,6,2,0,0,8,-5,2,-11,-4,-10,-12,-6,-13,1,-12,10,19,22,5,15,13,10,17,-1,12,-11,2,-17,-10,-15,-17,-3,-15,9,-4,16,9,15,16,2,13,-10,0,-16,-23,-21,-13,1,-4,11,7,9,11,-2,4,-11,-6,-10,-13,0]"
CSI_DATA,112972,d8:b1:90:d9:de:f0,-59,11,-99,-35,60,56,1684775362,100,0,228,0,"[-17,-8,-18,-8,-19,-8,-18,-7,-17,-6,-15,-4,-13,-3,66,-4,-9,0,-8,0,-6,0,-4,0,-2,0,-1,0,0,0,1,-1,2,-1,4,-2,6,-2,7,-1,8,0,42,4,11,2,12,3,13,6,13,8,14,10,14,12,0,0,14,17,14,19,15,20,14,21,14,22,13,21,-42,0,13,18,13,15,11,12,10,8,9,5,7,2,6,-1,4,-3,2,-5,0,-8,-2,-10,-4,-11,-6,-12,-63,10,-11,-14,-12,-14,-13,-14,-12,-13,-11,-11,-9,-9,-7,-7,5,0,3,-1,4,-1,4,-4,2,-8,-4,-10,-12,-4,-24,4,-4,14,8,14,17,3,15,-11,2,-18,-13,-14,-19,0,-14,15,0,20,15,13,19,0,12,-13,0,-15,1,-9,-10,-2,-7,2,-4,4,-2,4,-1,6,1,6,0,0,11,1,10,-5,4,-11,-3,-13,-11,-8,-15,0,1,29,-4,15,6,15,15,7,17,-4,10,-14,-2,-17,-14,-11,-17,2,-10,14,4,17,15,8,15,-5,5,-15,-17,-26,-13,-1,-7,9,4,10,11,0,5,-10,-6,-10,-12,0]"
CSI_DATA,112973,d8:b1:90:d9:de:f0,-59,11,-99,-35,60,56,1684794110,100,0,228,0,"[11,14,11,15,11,16,11,15,10,15,8,13,8,11,66,-4,6,7,4,6,4,4,2,4,1,2,0,1,0,0,0,0,-2,-2,-2,-3,-2,-4,-2,-6,-1,-8,42,4,2,-11,4,-12,6,-13,8,-13,11,-13,14,-12,0,0,19,-11,21,-9,22,-8,24,-6,24,-5,24,-4,-82,0,22,-3,19,-4,16,-3,13,-4,10,-4,6,-4,3,-5,0,-6,-2,-6,-4,-6,-6,-7,-9,-7,-11,-8,57,10,-15,-8,-15,-9,-15,-9,-15,-8,-13,-8,-11,-8,-8,-6,-4,-2,-4,-1,-4,-1,-6,0,-6,5,-2,10,6,11,20,13,13,-6,5,-15,-7,-15,-16,-5,-16,8,-5,17,8,17,19,6,17,-8,7,-18,-6,-17,-15,-8,-14,3,-7,0,0,11,4,6,4,4,4,2,4,1,6,0,0,0,4,-8,-1,-10,-8,-8,-13,-2,-13,5,-7,13,25,11,11,12,17,2,15,-8,6,-16,-4,-17,-15,-9,-17,3,-11,14,2,16,13,10,16,-2,8,-13,-4,-15,-26,-14,-12,6,-2,13,9,8,11,-4,2,-12,-8,-8,-13,1]"
CSI_DATA,112974,d8:b1:90:d9:de:f0,-59,11,-99,-38,61,56,1684806423,100,0,228,0,"[-13,-11,-14,-12,-14,-12,-14,-11,-12,-11,-11,-9,-10,-8,64,-4,-7,-4,-6,-3,-4,-2,-2,-2,-2,-2,0,-1,0,0,1,0,2,0,4,1,4,2,5,4,6,5,41,4,5,9,4,11,3,14,2,15,0,17,-1,18,0,0,-4,21,-6,22,-8,22,-9,22,-9,22,-10,22,32,10,-8,19,-6,17,-5,15,-3,12,0,10,0,7,3,4,4,2,6,0,7,-2,8,-4,9,-6,10,-8,-44,0,11,-12,12,-12,12,-12,12,-12,10,-10,9,-8,7,-6,4,2,4,0,4,0,6,-2,5,-8,-1,-10,-10,-8,-22,-5,-10,10,1,16,12,10,17,-2,10,-14,-3,-18,-15,-10,-18,4,-10,15,3,18,14,10,16,-1,10,-10,6,-5,-6,-8,-6,-3,-6,0,-5,1,-4,2,-4,4,0,0,4,8,8,5,11,-1,9,-8,2,-14,-6,-13,-22,14,-16,2,-11,12,0,17,10,14,16,3,15,-9,4,-16,-8,-15,-16,-4,-14,8,-3,16,9,12,15,2,21,-20,-2,-12,-10,-5,-9,6,1,10,10,4,10,-6,0,-12]"
CSI_DATA,112975,d8:b1:90:d9:de:f0,-58,11,-99,-36,60,56,1684818190,100,0,228,0,"[-9,16,-11,17,-11,17,-11,16,-10,14,-9,13,-7,12,67,-4,-4,8,-3,6,-2,4,-2,3,-1,2,-1,1,0,0,0,-1,0,-3,2,-4,3,-4,4,-4,7,-4,43,4,10,-4,12,-2,14,0,16,1,17,4,18,7,0,0,19,12,19,14,19,16,19,18,19,19,17,19,-21,0,14,16,13,15,12,12,10,9,9,5,8,2,7,0,4,-3,4,-5,3,-7,1,-10,0,-12,0,-14,15,0,-2,-18,-3,-19,-2,-19,-2,-17,-2,-16,0,-13,0,-10,0,-4,0,-4,0,-4,-3,-7,-7,-4,-12,1,-8,10,-4,24,12,10,16,-1,11,-13,-2,-18,-15,-12,-19,2,-12,16,2,20,16,13,19,-2,12,-14,0,-16,-9,-12,-4,-7,-9,4,-4,6,-1,5,0,5,1,5,4,5,0,0,9,-1,8,-7,2,-12,-5,-12,-12,-7,-14,0,4,29,-4,16,6,16,15,8,17,-2,12,-14,0,-18,-12,-14,-17,-1,-13,12,0,17,11,12,16,0,10,-12,-4,-31,-12,-7,-12,5,0,12,9,7,11,-4,2,-13,-9,-9]"
CSI_DATA,112976,d8:b1:90:d9:de:f0,-59,11,-99,-35,60,56,1684828891,100,0,228,0,"[-5,18,-6,19,-6,19,-6,19,-6,17,-4,15,-4,13,66,-4,-2,8,-1,6,0,5,0,4,0,2,0,0,0,0,0,-2,0,-3,0,-4,1,-6,2,-6,4,-7,42,4,8,-7,11,-6,13,-5,15,-3,17,-1,19,1,0,0,21,4,22,7,23,9,23,11,23,12,22,12,57,0,19,11,17,10,15,8,13,5,11,2,8,0,6,-2,4,-4,1,-6,0,-8,-2,-10,-4,-11,-6,-13,-60,10,-9,-15,-10,-16,-9,-16,-8,-15,-8,-14,-6,-11,-4,-9,0,-4,0,-3,-1,-4,-4,-5,-9,-2,-11,4,-5,12,1,24,14,7,15,-5,7,-15,-6,-17,-17,-7,-17,7,-7,19,8,18,19,8,18,-7,8,-17,-4,-16,-12,-8,-6,-6,-7,6,-2,7,0,6,1,5,3,5,6,4,0,0,9,-4,4,-9,-2,-12,-9,-9,-13,-2,-13,6,13,26,2,15,11,13,17,3,15,-8,6,-17,-5,-17,-16,-8,-17,4,-8,15,4,17,15,8,15,-5,6,-15,-15,-28,-13,-2,-8,8,3,11,11,2,8,-8,-2,-12,-12,-5]"
CSI_DATA,112977,d8:b1:90:d9:de:f0,-59,11,-99,-38,61,56,1684839554,100,0,228,0,"[-13,12,-14,13,-14,12,-13,12,-12,11,-10,11,-9,10,64,-4,-6,7,-4,6,-2,5,-2,3,-1,3,0,2,0,0,0,0,1,-1,2,-2,4,-2,5,-2,6,-2,41,4,10,0,12,0,12,2,14,4,14,6,14,9,0,0,15,13,16,15,16,17,16,18,15,19,14,19,-24,0,13,17,12,14,11,12,10,9,9,6,8,2,7,0,6,-3,5,-6,3,-7,2,-10,1,-12,0,-14,13,0,-1,-17,-2,-18,-2,-18,-2,-16,-1,-15,0,-13,0,-10,1,-3,0,-2,1,-4,0,-6,-5,-6,-10,-2,-10,6,-10,22,8,12,16,2,13,-9,2,-16,-11,-14,-18,-1,-14,13,-1,19,12,14,18,1,14,-11,2,-16,-8,-12,-4,-5,-8,4,-4,6,0,4,0,4,0,4,2,5,0,0,8,0,8,-5,4,-10,-3,-11,-10,-8,-14,0,1,26,-5,14,4,14,13,9,16,-1,12,-12,0,-16,-11,-12,-16,-2,-13,10,-1,16,11,12,16,0,10,-12,-3,-30,-12,-6,-11,6,0,12,10,7,11,-4,2,-12,-8,-10]"
CSI_DATA,112978,d8:b1:90:d9:de:f0,-59,11,-99,-37,61,56,1684854286,100,0,228,0,"[12,12,12,14,12,14,11,14,10,12,9,11,8,9,62,-4,6,6,5,5,3,3,3,2,1,1,1,0,0,0,0,0,-1,-1,-1,-3,-1,-4,-1,-6,0,-7,40,3,3,-9,5,-10,7,-10,10,-9,12,-9,15,-8,0,0,20,-5,21,-3,23,-1,23,0,24,0,23,1,-78,0,20,2,18,1,16,1,13,0,11,-1,7,-3,5,-4,2,-5,0,-6,-1,-7,-3,-9,-5,-10,-7,-11,-70,9,-9,-14,-10,-14,-10,-14,-9,-14,-7,-12,-5,-11,-4,-9,-3,-1,-3,0,-3,-1,-5,0,-7,4,-3,10,5,11,19,13,13,-5,5,-14,-6,-14,-15,-6,-16,7,-7,17,7,17,18,7,18,-7,7,-16,-5,-17,-14,-8,-14,1,-7,0,-1,9,3,6,3,3,3,1,3,1,5,1,0,0,5,-7,0,-9,-5,-9,-11,-4,-12,2,-9,9,20,16,7,13,13,7,16,-2,11,-11,1,-16,-9,-12,-16,-3,-14,8,-4,15,8,13,15,4,12,-8,3,-14,-17,-24,-13,0,-7,9,4,11,11,1,7,-9,-2,-11,-11,-5]"
CSI_DATA,112979,d8:b1:90:d9:de:f0,-59,11,-99,-39,61,56,1684866848,100,0,228,0,"[-17,-8,-17,-9,-17,-9,-17,-9,-16,-8,-14,-7,-12,-6,66,-4,-8,-3,-6,-2,-5,-2,-4,-1,-2,-1,-1,-1,0,0,2,0,4,0,4,1,6,2,6,4,6,5,42,4,5,10,4,12,2,14,0,15,-1,17,-4,18,0,0,-8,20,-11,20,-13,21,-15,21,-16,20,-16,19,-20,9,-15,17,-13,15,-11,13,-8,11,-4,8,-2,7,0,5,3,4,5,2,8,0,9,0,11,-2,13,-4,-27,0,16,-6,17,-6,17,-6,17,-6,15,-5,13,-4,10,-2,5,0,3,0,4,0,5,-3,4,-7,-2,-10,-10,-7,-25,-2,-9,12,2,15,14,9,17,-3,10,-15,-4,-18,-16,-11,-19,4,-11,17,3,19,15,11,17,-1,11,-11,8,-5,-5,-8,-6,-4,-6,0,-5,0,-5,2,-5,5,0,0,3,9,9,6,12,0,11,-7,5,-13,-4,-14,-28,8,-15,-1,-13,8,-6,15,5,17,15,9,17,-2,11,-13,-1,-17,-13,-11,-17,1,-10,13,2,16,13,8,29,-9,4,-13,-7,-10,-11,0,-4,10,6,8,12,-1,6,-11]"
CSI_DATA,112980,d8:b1:90:d9:de:f0,-59,11,-99,-38,61,56,1684877930,100,0,228,0,"[16,-8,17,-7,18,-8,18,-6,16,-6,14,-6,12,-5,64,-4,8,-4,6,-3,5,-2,4,-2,2,-1,2,0,0,0,0,1,-2,2,-3,2,-5,2,-6,1,-8,0,41,4,-10,-3,-10,-4,-11,-7,-10,-10,-10,-12,-10,-15,0,0,-7,-20,-6,-22,-5,-23,-4,-24,-2,-24,-2,-24,8,0,0,-21,-1,-19,-2,-16,-2,-13,-3,-10,-3,-6,-4,-4,-5,0,-5,2,-6,4,-6,6,-7,8,-7,11,74,10,-8,14,-9,16,-9,15,-9,14,-8,12,-8,10,-6,8,-3,3,-2,3,-2,4,0,6,4,8,10,4,12,-4,17,-16,-4,-14,-14,-7,-16,4,-8,15,5,17,16,8,18,-5,9,-17,-5,-18,-16,-10,-18,3,-10,13,0,15,0,8,10,2,7,-2,4,-3,2,-4,2,-4,0,-6,0,0,-8,-4,-10,1,-8,7,-3,12,4,12,12,7,13,-24,12,-10,4,-15,-6,-15,-14,-8,-17,3,-10,14,1,17,12,11,16,0,11,-12,-1,-16,-12,-10,-15,2,-16,24,4,12,12,3,8,-7,-2,-10,-10,-2,-9,8,0,12]"
CSI_DATA,112981,d8:b1:90:d9:de:f0,-59,11,-99,-36,60,56,1684888230,100,0,228,0,"[-13,13,-14,14,-15,13,-14,13,-13,12,-11,11,-9,9,67,-4,-6,6,-4,5,-3,4,-2,2,-2,2,0,1,0,0,0,-1,1,-2,2,-3,3,-4,4,-4,6,-4,43,4,11,-2,12,0,14,0,16,2,16,4,17,7,0,0,19,12,19,14,19,16,19,18,18,19,17,19,-6,0,15,16,13,14,12,12,11,8,9,5,7,2,6,0,4,-2,2,-5,1,-7,0,-10,-1,-12,-2,-14,-20,10,-4,-17,-5,-18,-5,-18,-5,-17,-4,-15,-3,-13,-2,-10,2,-4,1,-4,0,-4,-1,-7,-7,-6,-11,-1,-10,8,-9,23,9,13,16,2,14,-11,1,-18,-12,-14,-20,0,-14,14,0,21,14,15,20,0,14,-12,2,-17,-9,-12,-3,-8,-9,3,-5,5,-2,5,0,5,1,5,4,5,0,0,9,-1,8,-7,2,-12,-4,-12,-12,-7,-14,1,4,29,-4,16,7,16,16,7,17,-4,11,-14,-1,-19,-13,-12,-17,0,-12,12,0,17,12,12,16,-1,9,-12,-8,-30,-12,-4,-10,6,0,12,10,4,9,-7,0,-13,-12,-7]"
CSI_DATA,112982,d8:b1:90:d9:de:f0,-59,11,-99,-40,61,56,1684904090,100,0,228,0,"[9,15,9,16,9,16,9,15,9,14,8,12,7,10,67,-4,6,7,5,5,4,4,3,3,2,2,1,1,0,0,0,0,0,0,-1,-2,-2,-4,-2,-5,-2,-7,43,4,0,-11,0,-12,2,-14,4,-16,6,-16,8,-18,0,0,12,-19,14,-19,15,-19,17,-19,17,-19,17,-19,-5,0,14,-16,12,-15,10,-13,7,-11,4,-9,1,-7,-1,-6,-4,-4,-6,-2,-8,0,-9,0,-11,1,-13,3,33,10,-16,6,-16,7,-16,7,-16,6,-14,5,-12,4,-10,3,-2,-3,-3,-2,-4,-2,-7,0,-8,6,-2,12,7,12,21,12,13,-8,3,-16,-9,-14,-17,-2,-14,12,-2,19,12,15,20,2,15,-12,2,-19,-12,-14,-17,-2,-13,8,-4,3,4,9,7,4,5,0,4,0,3,0,4,-2,0,0,0,-8,-4,-8,-11,-3,-12,4,-8,12,0,15,26,-4,17,3,16,-7,7,-17,-6,-17,-16,-9,-18,3,-10,15,3,17,14,9,16,-3,8,-14,-4,-15,-14,-6,-28,11,-2,13,9,8,12,-3,2,-12,-9,-8,-12,2,-5,12]"
CSI_DATA,112983,d8:b1:90:d9:de:f0,-59,9,-99,-40,61,56,1684918218,98,0,106,0,"[2,10,48,10,24,10,63,10,64,10,87,10,-72,10,-70,10,-41,10,-41,10,-21,10,-19,10,-3,10,5,0,19,0,29,0,47,0,39,0,82,0,35,0,-63,0,7,0,-27,0,-39,10,-9,0,-89,10,0,0,0,0,-16,0,-14,9,-16,0,-52,9,-37,0,-63,9,-54,0,-33,9,-70,0,26,10,89,0,-79,10,68,0,-8,10,53,0,57,0,31,0,-73,0,12,0,-22,0,-4,10,12,0,-8,10,23,0,-4,10]"
CSI_DATA,112984,d8:b1:90:d9:de:f0,-59,11,-99,-38,61,56,1684937873,100,0,228,0,"[-12,-13,-12,-15,-12,-15,-11,-14,-10,-13,-9,-12,-8,-10,64,-4,-6,-7,-4,-5,-3,-4,-2,-3,-1,-2,0,-1,0,0,1,0,2,2,2,3,2,4,2,6,2,8,41,4,-1,10,-3,11,-6,12,-8,12,-11,12,-14,11,0,0,-18,9,-20,8,-22,8,-24,6,-24,5,-24,4,74,9,-21,2,-18,3,-16,3,-13,3,-10,4,-6,4,-4,5,0,6,2,6,4,6,6,7,9,7,11,8,-54,0,14,8,15,8,16,9,14,9,13,8,10,8,8,6,4,2,4,1,4,2,7,0,7,-6,2,-11,-6,-11,-21,-13,-14,7,-4,15,7,14,16,5,16,-8,5,-18,-9,-17,-18,-5,-17,8,-7,18,6,16,14,7,14,-3,8,0,0,-10,-3,-6,-4,-4,-4,-2,-4,-2,-6,0,0,0,-3,9,2,10,8,8,12,2,12,-6,6,-12,-25,-11,-10,-10,-15,-2,-14,7,-7,15,4,16,14,9,16,-2,10,-13,-1,-16,-12,-10,-16,1,-10,12,2,15,26,16,12,-4,2,-12,-8,-8,-10,2,-3,11,8,9,12,0]"
CSI_DATA,112985,d8:b1:90:d9:de:f0,-59,11,-99,-36,61,56,1684953833,100,0,228,0,"[17,1,17,1,18,1,17,1,16,1,13,1,12,1,60,-4,8,0,6,0,5,0,3,0,1,0,1,0,0,0,-1,0,-2,0,-3,0,-5,0,-5,-2,-6,-3,39,3,-6,-6,-6,-9,-6,-11,-4,-13,-3,-15,-1,-17,0,0,2,-20,4,-20,5,-21,7,-22,8,-20,8,-21,-37,0,8,-18,6,-17,5,-14,3,-11,1,-10,0,-7,-2,-5,-4,-3,-5,-1,-7,1,-8,2,-10,3,-11,5,27,9,-13,8,-14,8,-14,8,-14,8,-13,6,-10,5,-8,3,-4,1,-3,1,-3,2,-3,5,-1,8,6,8,11,2,22,-5,3,-13,-7,-13,-15,-3,-14,8,-3,16,9,14,17,3,15,-10,4,-17,-8,-15,-16,-4,-14,6,-6,12,-3,6,6,6,6,1,5,-1,3,-1,3,-3,3,-5,0,0,-4,-7,-9,-3,-10,1,-8,9,-1,12,6,11,22,-13,14,-2,10,-10,1,-15,-8,-13,-15,-4,-14,6,-6,14,5,15,13,6,15,-5,6,-13,-5,-13,-13,-4,-23,13,-1,12,8,7,10,-3,2,-10,-8,-6,-11,2,-5,11]"
CSI_DATA,112986,d8:b1:90:d9:de:f0,-59,11,-99,-38,61,56,1684964059,100,0,228,0,"[16,-3,17,-2,18,-2,17,-2,16,-3,14,-3,12,-3,64,-4,8,-3,7,-3,5,-2,4,-2,2,-2,2,-1,1,-1,0,0,-1,0,-2,0,-4,0,-5,-2,-6,-2,41,4,-8,-5,-9,-7,-10,-9,-10,-11,-10,-13,-10,-15,0,0,-8,-19,-8,-20,-8,-22,-6,-22,-6,-22,-6,-22,-42,10,-6,-20,-6,-17,-6,-14,-6,-11,-6,-8,-6,-4,-7,-2,-7,0,-7,2,-6,5,-6,8,-6,10,-6,12,-81,10,-5,15,-6,16,-5,16,-6,16,-5,14,-4,12,-4,10,-4,0,-3,1,-4,2,-3,6,2,9,8,7,12,-1,20,-14,-1,-14,-12,-10,-16,2,-10,13,2,17,14,10,18,-4,10,-16,-4,-18,-16,-10,-17,4,-9,14,2,15,2,4,10,0,6,-4,2,-4,0,-2,0,-2,1,-3,0,0,-6,-4,-8,0,-8,5,-4,11,4,12,12,8,9,-22,12,-10,2,-16,-9,-14,-17,-5,-16,7,-6,16,6,16,15,6,15,-6,6,-15,-6,-14,-14,-4,-12,8,-8,28,10,9,13,-2,4,-12,-7,-9,-12,1,-6,11,4,12]"
CSI_DATA,112987,d8:b1:90:d9:de:f0,-59,11,-99,-38,61,56,1684984087,100,0,228,0,"[13,12,13,14,13,14,12,14,11,13,10,11,8,10,64,-4,6,6,5,4,4,4,2,2,1,1,0,1,0,0,-1,0,-2,-2,-3,-3,-3,-4,-2,-6,-2,-7,41,4,0,-10,3,-11,6,-12,9,-12,12,-12,14,-11,0,0,19,-10,22,-8,22,-8,24,-6,24,-4,24,-4,-79,0,22,-4,19,-3,16,-3,13,-4,10,-4,6,-5,3,-6,0,-6,-2,-6,-5,-7,-7,-7,-9,-8,-11,-8,46,10,-14,-8,-15,-9,-15,-9,-14,-9,-12,-8,-10,-7,-7,-6,-4,-2,-3,0,-4,-1,-6,0,-6,6,-2,11,6,11,21,11,13,-8,4,-15,-8,-14,-17,-4,-15,9,-4,18,10,16,19,4,16,-9,6,-18,-7,-16,-14,-6,-13,4,-7,0,0,9,3,6,4,4,4,2,5,2,6,-1,0,0,3,-8,-2,-10,-8,-8,-12,-1,-11,6,-6,12,24,10,9,11,15,4,15,-6,8,-14,-3,-17,-14,-10,-17,1,-12,13,0,17,12,12,16,-1,10,-12,-2,-16,-26,-16,-13,5,-2,12,8,9,12,-2,4,-12,-8,-10,-13,0]"
CSI_DATA,112988,d8:b1:90:d9:de:f0,-59,11,-99,-38,61,56,1685004022,100,0,228,0,"[11,-14,12,-15,12,-15,11,-14,10,-14,8,-12,6,-10,64,-4,4,-8,2,-6,2,-5,1,-4,0,-2,0,-1,0,0,0,0,0,2,-1,3,-2,4,-3,5,-5,6,41,4,-8,6,-10,6,-12,5,-14,4,-16,3,-18,2,0,0,-21,-1,-22,-2,-24,-3,-24,-4,-25,-4,-24,-4,84,9,-21,-3,-19,-2,-16,0,-14,1,-10,2,-7,4,-4,5,-1,6,1,6,4,7,6,7,9,8,11,8,-54,0,15,7,16,7,16,6,16,6,14,6,12,5,9,4,-2,4,0,4,0,5,2,7,8,5,11,-1,8,-10,4,-24,-12,-9,-16,2,-9,14,4,17,16,9,18,-5,8,-17,-6,-18,-18,-8,-18,6,-8,16,4,16,12,7,5,4,6,-7,1,-7,-1,-4,-2,-4,-3,-4,-5,-3,0,0,-7,5,-3,9,3,10,10,6,14,0,10,-9,-19,-18,-6,-14,-14,-7,-16,3,-10,13,1,18,13,12,17,0,12,-12,0,-17,-12,-11,-16,2,-9,12,4,15,27,14,12,-6,1,-12,-10,-6,-10,5,0,12,10,8,12,-4]"
CSI_DATA,112989,d8:b1:90:d9:de:f0,-58,11,-99,-37,60,56,1685024238,100,0,114,0,"[5,16,4,17,4,18,2,18,2,19,1,18,0,18,0,17,1,16,0,16,1,15,1,16,2,16,2,16,2,17,2,18,3,19,4,21,3,21,3,23,4,22,4,24,3,24,3,24,2,24,2,23,2,22,1,22,0,0,0,23,0,23,0,22,0,23,0,22,-1,23,-1,22,-2,24,-2,23,-2,23,-2,21,-1,21,-2,20,-2,19,-2,19,-2,18,-2,18,-2,18,-3,19,-4,20,-5,21,-5,21,-6,22,-8,22,-8,21,-9,20,-10,19,-9,16]"
CSI_DATA,112990,d8:b1:90:d9:de:f0,-58,11,-99,-36,60,56,1685036020,100,0,114,0,"[9,-12,11,-12,12,-13,12,-13,12,-13,12,-13,12,-12,11,-12,9,-13,9,-13,8,-12,8,-13,7,-14,7,-15,6,-16,7,-17,5,-18,5,-19,4,-20,4,-21,3,-21,3,-22,2,-22,2,-23,2,-21,2,-21,2,-21,1,-21,0,0,1,-21,0,-21,0,-21,0,-22,0,-21,0,-22,-1,-22,-1,-22,-2,-21,-2,-21,-2,-21,-4,-20,-4,-19,-4,-19,-4,-18,-5,-18,-5,-17,-6,-18,-6,-17,-7,-19,-7,-21,-7,-20,-7,-21,-7,-21,-7,-21,-6,-21,-4,-19,-4,-17]"
CSI_DATA,112991,d8:b1:90:d9:de:f0,-58,11,-99,-36,60,56,1685053972,100,0,114,0,"[15,3,16,4,16,6,16,7,16,7,16,7,15,7,14,7,15,7,14,6,14,6,14,6,15,6,15,5,16,6,17,6,19,5,19,6,21,7,21,7,21,7,22,7,21,7,21,7,21,7,21,8,20,8,20,9,0,0,19,9,19,10,20,11,19,11,19,12,20,12,19,12,20,12,19,12,19,11,19,12,18,11,16,10,16,10,16,10,15,11,15,10,15,11,16,12,16,12,16,13,16,14,16,14,16,16,15,16,14,16,12,16,9,15]"
CSI_DATA,112992,d8:b1:90:d9:de:f0,-58,11,-99,-37,60,56,1685064361,100,0,114,0,"[0,-16,0,-17,1,-18,2,-18,2,-18,2,-18,2,-17,2,-16,2,-16,2,-16,1,-16,1,-16,0,-16,0,-16,0,-18,0,-18,0,-20,0,-21,-1,-22,-2,-23,-1,-22,-2,-23,-2,-23,-2,-24,-2,-23,-1,-22,0,-23,0,-23,0,0,0,-24,0,-23,0,-24,0,-23,0,-23,0,-24,0,-23,0,-24,1,-23,0,-23,0,-22,0,-21,0,-21,0,-19,0,-19,0,-19,0,-18,0,-19,0,-19,0,-21,0,-21,1,-23,2,-22,2,-23,3,-22,4,-21,5,-19,5,-17]"
CSI_DATA,112993,d8:b1:90:d9:de:f0,-58,11,-99,-36,60,56,1685084435,100,0,114,0,"[16,0,17,1,18,2,17,3,19,3,17,3,17,4,16,4,16,3,15,3,14,3,16,4,15,4,15,4,16,4,17,4,18,4,20,4,21,4,21,5,21,5,21,6,21,7,21,6,21,9,20,9,20,10,19,9,0,0,19,11,19,12,17,12,19,13,18,13,18,14,16,14,17,14,16,14,16,15,15,14,14,14,13,14,12,13,13,13,12,13,12,14,11,13,12,14,11,16,11,16,10,17,9,19,9,19,7,19,6,19,5,19,3,18]"
CSI_DATA,112994,d8:b1:90:d9:de:f0,-58,11,-99,-37,60,56,1685104179,100,0,114,0,"[-15,7,-16,6,-17,7,-17,6,-18,6,-17,6,-17,5,-16,5,-15,7,-14,6,-13,7,-14,7,-13,9,-13,9,-14,10,-13,11,-14,13,-16,13,-15,14,-15,16,-16,16,-16,18,-16,18,-16,18,-15,18,-15,17,-14,17,-14,17,0,0,-14,17,-14,17,-14,17,-14,18,-13,18,-13,18,-13,18,-13,18,-12,19,-12,18,-11,18,-11,18,-10,18,-9,18,-9,17,-8,17,-8,17,-8,17,-8,18,-9,19,-9,20,-9,20,-10,21,-10,19,-10,20,-10,18,-10,17,-10,15]"
CSI_DATA,112995,d8:b1:90:d9:de:f0,-58,11,-99,-34,59,56,1685124236,100,0,114,0,"[8,-15,9,-16,11,-16,11,-16,11,-16,11,-14,11,-14,11,-13,9,-14,9,-13,8,-13,8,-13,9,-14,8,-14,9,-14,9,-15,8,-17,9,-18,10,-19,10,-20,10,-20,10,-22,10,-21,10,-21,11,-20,11,-20,12,-20,11,-20,0,0,13,-19,13,-18,13,-18,14,-19,14,-19,14,-19,14,-19,14,-19,14,-19,14,-18,14,-17,13,-17,12,-16,11,-15,11,-15,11,-15,11,-14,11,-15,11,-15,13,-16,14,-17,14,-16,15,-15,17,-15,17,-15,17,-13,17,-12,15,-9]"
CSI_DATA,112996,d8:b1:90:d9:de:f0,-58,11,-99,-36,60,56,1685134244,100,0,114,0,"[10,12,10,14,10,16,9,16,10,16,10,16,9,14,9,14,9,13,9,13,9,12,9,12,10,12,11,12,12,12,13,12,14,12,15,12,16,13,17,12,18,13,19,13,19,13,19,12,19,12,19,12,19,12,18,12,0,0,18,12,17,12,19,12,18,12,19,12,19,12,19,11,19,12,19,11,19,11,18,10,18,9,18,9,17,8,16,7,17,8,16,7,16,7,17,7,19,7,19,8,19,8,20,9,21,10,20,11,19,10,18,11,16,11]"
CSI_DATA,112997,d8:b1:90:d9:de:f0,-58,11,-99,-37,60,56,1685154414,100,0,114,0,"[14,6,16,8,16,10,16,10,15,10,13,10,13,10,12,10,13,10,12,10,13,10,13,9,13,9,14,9,15,10,16,10,16,10,17,11,18,12,19,12,18,12,19,13,19,13,18,13,18,13,18,13,18,14,17,13,0,0,16,15,16,16,15,16,16,16,16,16,15,17,16,18,15,18,14,18,14,17,14,16,13,16,13,15,12,15,11,15,11,16,11,16,11,16,10,16,10,17,11,18,10,19,11,19,10,20,9,21,7,20,5,19,4,18]"
CSI_DATA,112998,d8:b1:90:d9:de:f0,-58,11,-99,-34,59,56,1685175624,100,0,114,0,"[-11,-12,-11,-14,-11,-16,-11,-16,-10,-17,-10,-15,-9,-14,-8,-14,-10,-13,-9,-14,-9,-13,-9,-13,-10,-12,-11,-14,-12,-14,-12,-14,-14,-14,-14,-16,-15,-15,-16,-16,-16,-16,-17,-17,-16,-17,-17,-17,-17,-17,-16,-17,-15,-18,-15,-17,0,0,-15,-17,-14,-18,-14,-17,-14,-18,-14,-17,-14,-19,-14,-17,-14,-19,-14,-18,-14,-18,-14,-17,-13,-16,-12,-16,-12,-15,-11,-15,-12,-14,-12,-14,-11,-14,-11,-15,-11,-16,-12,-17,-13,-19,-13,-19,-12,-19,-10,-20,-10,-19,-8,-18,-6,-17]"
CSI_DATA,112999,d8:b1:90:d9:de:f0,-58,11,-99,-36,60,56,1685194113,100,0,114,0,"[14,7,14,8,15,9,14,10,15,10,14,10,14,9,13,9,13,8,12,8,13,7,13,7,14,7,14,7,16,7,17,7,18,6,19,6,20,6,21,6,21,6,22,6,22,5,22,5,21,5,21,5,21,5,21,4,0,0,20,6,20,5,20,6,21,6,21,5,21,6,21,5,21,5,21,5,20,4,20,4,20,4,19,4,19,4,18,3,18,3,18,2,18,3,19,2,19,3,19,2,20,4,21,4,23,5,21,5,20,6,19,7,16,6]"
CSI_DATA,113000,d8:b1:90:d9:de:f0,-58,11,-99,-36,60,56,1685204912,100,0,114,0,"[5,-16,7,-16,7,-16,8,-16,8,-17,8,-16,9,-16,7,-14,6,-15,7,-14,5,-14,5,-14,4,-15,4,-16,4,-16,4,-17,3,-19,3,-21,3,-20,2,-22,2,-21,2,-23,2,-23,1,-23,2,-23,2,-22,3,-22,3,-22,0,0,2,-21,2,-21,2,-21,2,-22,2,-21,2,-22,2,-21,2,-22,1,-21,2,-21,1,-21,1,-21,1,-19,0,-19,0,-19,0,-18,0,-19,0,-19,0,-19,0,-20,0,-20,0,-21,0,-22,1,-23,2,-22,2,-21,2,-21,3,-17]"
CSI_DATA,113001,d8:b1:90:d9:de:f0,-58,11,-99,-37,60,56,1685224568,100,0,114,0,"[1,-16,2,-17,3,-18,4,-18,4,-18,5,-17,5,-17,5,-16,4,-16,4,-16,3,-15,4,-15,2,-16,3,-16,2,-17,2,-18,2,-19,2,-21,2,-21,2,-22,1,-23,2,-23,2,-23,2,-24,2,-22,3,-22,4,-22,4,-22,0,0,4,-21,4,-21,5,-21,5,-21,5,-21,5,-22,6,-21,6,-21,6,-21,5,-21,5,-21,5,-21,5,-19,5,-18,5,-18,5,-18,5,-18,5,-18,5,-19,7,-19,7,-19,8,-20,8,-20,10,-22,11,-21,11,-19,11,-18,11,-16]"
CSI_DATA,113002,d8:b1:90:d9:de:f0,-58,11,-99,-37,60,56,1685244883,100,0,114,0,"[6,-14,8,-16,8,-16,9,-16,10,-16,9,-16,9,-16,8,-15,7,-15,6,-15,5,-14,5,-15,4,-15,3,-16,2,-17,2,-18,1,-19,1,-21,0,-21,0,-22,0,-22,0,-24,-1,-23,-2,-23,-2,-23,-2,-23,-2,-22,-2,-22,0,0,-2,-22,-3,-22,-3,-22,-4,-23,-4,-23,-4,-23,-5,-22,-5,-21,-5,-21,-7,-21,-6,-20,-8,-19,-8,-18,-8,-17,-8,-18,-8,-17,-8,-16,-8,-17,-9,-18,-9,-18,-10,-18,-10,-18,-10,-18,-10,-20,-10,-20,-10,-19,-8,-18,-7,-17]"
CSI_DATA,113003,d8:b1:90:d9:de:f0,-58,11,-99,-36,60,56,1685264304,100,0,114,0,"[-7,14,-8,16,-9,16,-10,16,-10,16,-10,15,-9,14,-9,14,-7,14,-7,14,-7,14,-6,14,-5,15,-4,15,-4,16,-3,18,-4,19,-4,20,-4,21,-3,21,-2,21,-2,22,-2,22,-1,23,-1,23,-2,22,-1,22,0,22,0,0,-1,22,-1,21,-1,21,-1,22,-1,22,0,22,0,22,0,23,0,23,0,21,0,21,1,20,1,20,2,19,2,18,2,19,2,19,2,19,2,19,3,20,3,21,2,22,3,22,2,22,1,22,1,22,0,20,0,18]"
CSI_DATA,113004,d8:b1:90:d9:de:f0,-58,11,-99,-36,60,56,1685276860,100,0,114,0,"[3,15,2,16,2,16,0,18,0,18,0,18,-1,16,-2,16,-1,16,-2,15,-1,15,-1,15,0,16,-1,16,0,17,0,18,-1,19,0,21,0,22,-2,22,-2,22,-2,22,-3,22,-3,22,-4,22,-4,22,-4,21,-5,21,0,0,-7,21,-7,20,-8,21,-9,21,-9,21,-10,19,-10,19,-11,19,-10,18,-10,18,-9,18,-10,17,-9,16,-10,16,-9,16,-10,16,-10,14,-11,15,-12,14,-12,14,-14,14,-14,15,-15,14,-16,15,-17,14,-17,12,-16,10,-16,9]"
CSI_DATA,113005,d8:b1:90:d9:de:f0,-58,11,-99,-34,59,56,1685293860,100,0,114,0,"[-16,-2,-17,-3,-17,-4,-17,-5,-19,-3,-18,-3,-17,-3,-17,-3,-16,-2,-16,-2,-15,0,-16,0,-16,0,-17,0,-18,1,-19,2,-20,3,-21,4,-23,5,-23,5,-23,7,-23,7,-23,7,-23,8,-23,8,-23,8,-22,8,-22,8,0,0,-22,8,-20,8,-21,8,-21,9,-21,9,-21,9,-20,10,-21,10,-20,10,-20,11,-18,11,-18,11,-17,11,-16,11,-15,11,-16,11,-15,11,-14,12,-15,12,-16,13,-17,14,-17,14,-17,14,-18,14,-17,13,-17,12,-17,11,-17,10]"
CSI_DATA,113006,d8:b1:90:d9:de:f0,-58,11,-99,-36,60,56,1685304831,100,0,114,0,"[-16,-5,-16,-7,-16,-7,-16,-7,-17,-7,-17,-7,-16,-7,-15,-6,-15,-4,-15,-4,-14,-3,-15,-4,-16,-2,-16,-2,-17,-2,-18,-1,-19,0,-20,0,-21,0,-21,1,-22,1,-23,2,-23,2,-23,3,-23,2,-23,2,-22,3,-22,3,0,0,-22,2,-21,3,-21,3,-22,4,-22,4,-22,4,-22,4,-22,4,-21,5,-21,5,-20,5,-19,5,-19,6,-18,7,-17,6,-17,7,-16,7,-16,7,-17,7,-17,8,-18,8,-19,9,-20,8,-21,8,-21,7,-21,7,-19,5,-19,4]"
CSI_DATA,113007,d8:b1:90:d9:de:f0,-58,11,-99,-37,60,56,1685324476,100,0,114,0,"[5,16,5,17,4,18,4,17,5,18,5,18,4,17,3,16,5,16,4,16,5,15,5,16,5,16,6,16,7,16,8,17,8,17,10,18,10,19,11,19,12,19,12,20,12,20,13,20,11,21,12,21,10,20,10,20,0,0,10,20,10,20,10,20,10,21,10,20,10,21,10,20,10,21,10,19,10,19,10,18,10,18,9,17,9,16,10,16,10,16,9,16,9,16,9,16,10,17,10,17,10,18,10,18,10,21,8,21,8,19,7,19,5,18]"
CSI_DATA,113008,d8:b1:90:d9:de:f0,-58,11,-99,-36,60,56,1685346965,100,0,114,0,"[7,-14,9,-14,9,-15,12,-14,11,-15,11,-14,11,-13,11,-13,9,-12,11,-12,9,-12,9,-12,9,-13,9,-14,9,-14,10,-14,10,-15,11,-17,12,-17,12,-18,12,-18,13,-19,14,-18,14,-19,14,-17,13,-18,14,-17,14,-16,0,0,15,-15,14,-15,15,-14,16,-15,16,-15,17,-14,17,-14,18,-13,17,-14,16,-13,16,-13,16,-12,16,-12,15,-11,14,-12,15,-11,15,-10,15,-10,16,-9,17,-10,18,-9,19,-9,19,-9,21,-9,21,-7,20,-6,19,-4,19,-4]"
CSI_DATA,113009,d8:b1:90:d9:de:f0,-58,11,-99,-37,60,56,1685364102,100,0,114,0,"[-16,4,-17,4,-18,4,-18,3,-18,3,-18,2,-17,2,-16,4,-16,5,-15,5,-14,5,-15,6,-14,8,-14,8,-15,8,-15,10,-15,12,-16,13,-16,13,-16,15,-16,16,-16,16,-16,18,-16,18,-15,18,-14,17,-14,18,-15,18,0,0,-13,18,-13,18,-13,18,-13,18,-12,18,-12,19,-12,19,-12,19,-10,19,-10,20,-9,18,-8,19,-8,18,-6,18,-6,18,-6,18,-5,18,-5,18,-5,19,-5,19,-5,20,-5,21,-5,21,-5,22,-5,22,-7,21,-6,19,-6,17]"
CSI_DATA,113010,d8:b1:90:d9:de:f0,-58,11,-99,-36,60,56,1685374151,100,0,114,0,"[-7,-14,-7,-15,-6,-16,-4,-16,-4,-18,-4,-16,-3,-16,-2,-16,-4,-15,-3,-15,-4,-14,-3,-15,-4,-15,-4,-16,-4,-16,-5,-16,-6,-18,-6,-19,-6,-20,-6,-21,-6,-21,-7,-21,-6,-22,-6,-22,-5,-22,-4,-21,-4,-21,-3,-21,0,0,-2,-21,-2,-21,-2,-21,-1,-21,-1,-21,0,-21,0,-21,0,-23,0,-22,0,-21,0,-21,0,-20,0,-19,0,-19,0,-18,0,-18,1,-18,2,-19,2,-19,2,-19,2,-20,4,-21,4,-21,6,-21,7,-21,7,-19,8,-19,8,-16]"
CSI_DATA,113011,d8:b1:90:d9:de:f0,-58,11,-99,-34,59,56,1685384809,100,0,114,0,"[-15,-8,-16,-10,-16,-11,-15,-11,-16,-13,-14,-11,-14,-12,-12,-11,-14,-10,-13,-11,-12,-10,-14,-11,-14,-10,-14,-10,-14,-11,-15,-11,-17,-11,-18,-12,-18,-11,-20,-13,-20,-13,-20,-13,-20,-14,-20,-14,-20,-14,-19,-14,-18,-14,-17,-14,0,0,-17,-14,-17,-16,-16,-16,-17,-16,-16,-16,-17,-17,-16,-17,-17,-17,-15,-17,-16,-17,-15,-17,-14,-16,-14,-15,-13,-14,-13,-14,-12,-14,-13,-14,-12,-14,-12,-15,-13,-17,-13,-17,-12,-18,-13,-20,-12,-20,-10,-20,-9,-20,-8,-20,-5,-18]"
CSI_DATA,113012,d8:b1:90:d9:de:f0,-58,11,-99,-34,59,56,1685404004,100,0,114,0,"[13,9,14,11,13,13,12,14,12,14,12,14,11,14,11,14,11,13,11,13,10,12,11,12,11,12,11,12,12,13,12,14,14,14,13,16,14,17,15,17,16,17,16,17,16,18,15,18,15,19,14,18,14,18,14,19,0,0,12,19,11,19,11,20,10,20,11,20,10,20,11,20,10,21,9,20,10,20,9,20,9,20,8,19,8,18,7,17,7,18,6,17,6,17,6,19,6,20,6,20,5,22,5,22,3,23,2,22,1,22,0,20,-1,20]"
CSI_DATA,113013,d8:b1:90:d9:de:f0,-58,11,-99,-37,60,56,1685414274,100,0,114,0,"[13,11,13,13,13,15,12,16,13,16,11,15,10,15,10,15,10,13,10,13,10,13,10,13,10,13,11,12,12,13,13,13,14,13,15,15,16,15,17,15,17,16,18,16,18,16,18,16,17,16,17,16,16,16,16,16,0,0,15,16,15,17,15,16,16,17,15,17,15,18,15,17,16,18,15,18,14,18,15,17,13,16,13,15,13,14,13,14,13,14,13,14,12,14,12,15,13,16,13,16,13,17,13,18,13,18,11,18,10,18,9,18,7,17]"
CSI_DATA,113014,d8:b1:90:d9:de:f0,-58,11,-99,-37,60,56,1685424477,100,0,114,0,"[3,-16,5,-18,5,-19,6,-19,6,-19,6,-18,6,-17,6,-17,5,-16,5,-16,4,-16,4,-16,2,-16,2,-16,2,-18,1,-18,0,-20,0,-21,0,-22,0,-22,0,-23,0,-24,0,-24,-1,-24,0,-24,-2,-23,-2,-23,0,-23,0,0,-1,-23,-1,-23,-1,-23,-1,-23,-1,-23,0,-23,0,-22,-1,-24,-2,-23,-2,-23,-2,-21,-2,-21,-3,-20,-3,-19,-3,-18,-3,-19,-3,-18,-3,-18,-3,-18,-3,-20,-3,-21,-3,-21,-4,-21,-2,-22,-2,-22,-1,-21,0,-20,0,-18]"
CSI_DATA,113015,d8:b1:90:d9:de:f0,-58,11,-99,-36,60,56,1685444031,100,0,114,0,"[11,-10,12,-11,13,-11,14,-9,15,-10,14,-9,14,-9,13,-8,12,-9,12,-8,12,-9,12,-9,12,-9,12,-10,12,-11,13,-12,13,-12,14,-14,14,-14,15,-16,14,-16,15,-16,15,-16,16,-16,15,-16,15,-16,15,-16,15,-14,0,0,16,-14,15,-14,16,-14,16,-14,16,-14,17,-14,17,-13,17,-13,16,-14,16,-14,15,-14,15,-13,14,-13,14,-12,13,-12,14,-12,13,-12,14,-12,14,-12,15,-12,15,-12,17,-12,17,-12,19,-13,19,-12,19,-10,17,-9,16,-7]"
CSI_DATA,113016,d8:b1:90:d9:de:f0,-58,11,-99,-37,60,56,1685454220,100,0,114,0,"[17,2,18,2,18,3,18,4,19,5,18,4,18,5,16,4,16,2,16,2,16,1,16,1,16,0,17,0,18,0,18,0,18,-2,21,-2,21,-2,22,-3,21,-3,24,-4,22,-4,23,-5,24,-5,22,-5,23,-5,22,-5,0,0,21,-4,21,-4,21,-5,23,-5,22,-4,23,-5,22,-5,21,-5,21,-5,21,-6,20,-6,21,-7,18,-6,18,-6,18,-7,17,-7,18,-7,17,-7,18,-7,19,-8,20,-8,21,-8,23,-8,22,-8,21,-8,21,-6,21,-5,18,-4]"
CSI_DATA,113017,d8:b1:90:d9:de:f0,-58,11,-99,-34,59,56,1685474309,100,0,114,0,"[16,-4,18,-2,19,-2,19,-1,20,0,19,0,18,0,17,0,17,0,16,0,16,0,17,0,16,-1,17,-2,18,-2,19,-2,20,-2,20,-3,21,-3,23,-3,23,-4,24,-4,24,-3,24,-3,24,-2,23,-2,23,-2,23,-1,0,0,23,0,23,0,23,0,23,0,23,0,24,1,23,1,24,2,24,2,23,2,21,1,22,2,20,2,20,2,19,2,20,2,20,2,19,2,20,2,20,3,20,4,22,5,22,6,23,7,23,8,20,9,19,9,16,9]"
CSI_DATA,113018,d8:b1:90:d9:de:f0,-58,11,-99,-34,59,56,1685484506,100,0,114,0,"[-17,0,-17,0,-19,-1,-19,-2,-19,-2,-19,-3,-17,-2,-17,-2,-17,-2,-16,-1,-15,-1,-16,0,-16,0,-17,0,-17,0,-19,1,-20,1,-20,2,-23,2,-22,2,-23,3,-24,3,-24,4,-24,3,-23,3,-23,3,-23,3,-23,2,0,0,-23,2,-23,2,-23,2,-23,2,-24,2,-24,2,-23,2,-23,1,-23,2,-22,2,-22,2,-22,2,-20,2,-20,2,-19,2,-20,2,-19,2,-20,2,-20,2,-20,2,-21,2,-21,1,-22,1,-23,1,-23,0,-23,0,-20,-1,-18,-2]"
CSI_DATA,113019,d8:b1:90:d9:de:f0,-58,11,-99,-36,60,56,1685494515,100,0,114,0,"[14,-6,15,-5,16,-6,16,-5,17,-5,16,-5,16,-4,15,-4,14,-6,14,-6,13,-6,13,-7,13,-8,13,-9,14,-10,14,-11,14,-12,14,-13,15,-14,15,-15,15,-15,14,-17,14,-17,14,-17,14,-17,14,-17,14,-17,13,-16,0,0,12,-16,12,-16,12,-17,12,-18,13,-18,12,-18,12,-19,12,-19,11,-19,10,-19,9,-18,9,-18,8,-17,7,-16,7,-17,7,-16,6,-17,6,-17,6,-17,6,-19,7,-20,7,-19,7,-21,7,-21,8,-21,7,-20,8,-18,7,-16]"
CSI_DATA,113020,d8:b1:90:d9:de:f0,-58,11,-99,-36,60,56,1685513980,100,0,114,0,"[-14,-6,-14,-7,-15,-8,-15,-9,-16,-9,-15,-9,-14,-9,-14,-9,-14,-7,-14,-7,-14,-6,-14,-7,-14,-5,-15,-5,-16,-5,-16,-4,-19,-4,-19,-4,-21,-4,-21,-4,-22,-4,-23,-4,-23,-4,-24,-2,-22,-4,-23,-4,-22,-3,-21,-3,0,0,-21,-2,-21,-3,-21,-2,-21,-3,-22,-3,-21,-3,-21,-2,-23,-3,-22,-2,-21,-2,-21,-2,-21,-1,-20,-1,-19,0,-19,0,-19,0,-19,0,-19,0,-19,0,-20,0,-21,0,-21,0,-22,-1,-23,-1,-22,-2,-21,-2,-21,-2,-18,-3]"
CSI_DATA,113021,d8:b1:90:d9:de:f0,-58,11,-99,-36,60,56,1685524210,100,0,114,0,"[-1,-15,-1,-16,0,-16,0,-17,0,-19,0,-17,0,-17,0,-16,-2,-16,-1,-15,-3,-14,-2,-16,-4,-15,-5,-15,-6,-15,-7,-16,-7,-16,-9,-17,-9,-17,-11,-19,-12,-18,-13,-19,-12,-19,-14,-18,-13,-19,-14,-18,-13,-17,-12,-16,0,0,-13,-16,-14,-16,-13,-16,-15,-16,-14,-16,-14,-16,-15,-15,-16,-16,-16,-14,-16,-14,-16,-13,-16,-12,-16,-11,-15,-10,-16,-9,-15,-9,-15,-9,-15,-9,-16,-9,-16,-9,-17,-9,-18,-9,-19,-10,-20,-11,-19,-11,-17,-10,-17,-11,-14,-10]"
CSI_DATA,113022,d8:b1:90:d9:de:f0,-58,11,-99,-34,59,56,1685534532,100,0,114,0,"[17,-3,19,-2,20,0,20,0,20,0,19,1,18,2,17,2,16,1,16,1,15,1,16,2,17,1,17,2,18,2,19,1,20,1,21,2,22,2,23,2,24,2,24,2,25,3,24,4,23,5,23,5,23,6,21,6,0,0,22,8,21,9,21,9,21,9,21,11,21,11,20,11,20,12,20,11,19,12,18,11,18,12,17,11,17,11,16,11,15,11,15,11,15,11,15,12,15,14,16,15,15,17,15,17,14,19,13,19,11,19,9,19,8,17]"
CSI_DATA,113023,d8:b1:90:d9:de:f0,-59,9,-99,-38,61,56,1685551445,98,0,106,0,"[-52,10,-28,9,-36,10,-8,9,-19,10,32,10,-3,10,73,10,0,0,-62,10,0,0,-31,10,-6,10,-4,10,-13,10,26,0,-9,10,57,0,6,0,-84,0,38,0,-60,0,80,0,-42,0,-46,0,-34,0,0,0,0,0,38,0,-53,0,61,0,-53,0,64,0,-60,0,33,0,-66,0,-26,0,-76,0,70,0,81,0,2,0,59,0,-56,10,37,0,66,10,6,0,26,10,-19,10,-4,9,-52,10,-10,9,-66,10,14,10]"
CSI_DATA,113024,d8:b1:90:d9:de:f0,-58,11,-99,-37,60,56,1685564405,100,0,114,0,"[-16,6,-18,5,-19,3,-19,2,-20,2,-18,1,-18,0,-17,0,-16,1,-16,0,-16,0,-16,0,-16,0,-17,0,-18,0,-19,0,-20,0,-21,0,-22,0,-23,0,-24,0,-24,0,-24,0,-24,0,-24,-1,-24,-2,-24,-3,-22,-4,0,0,-22,-5,-21,-5,-21,-6,-22,-7,-21,-8,-21,-8,-21,-8,-21,-9,-21,-9,-21,-9,-19,-9,-18,-10,-18,-10,-16,-9,-16,-10,-16,-10,-16,-10,-16,-10,-16,-10,-16,-12,-17,-13,-16,-15,-16,-16,-16,-16,-13,-17,-13,-17,-10,-17,-8,-16]"
CSI_DATA,113025,d8:b1:90:d9:de:f0,-58,11,-99,-36,60,56,1685584099,100,0,114,0,"[-9,-12,-9,-14,-9,-14,-9,-15,-9,-14,-9,-15,-8,-14,-9,-14,-9,-12,-9,-12,-9,-12,-9,-10,-11,-10,-12,-10,-13,-10,-14,-11,-16,-11,-16,-11,-18,-12,-18,-11,-19,-11,-20,-11,-20,-10,-21,-10,-19,-9,-20,-9,-19,-9,-19,-9,0,0,-20,-9,-19,-9,-20,-10,-19,-9,-21,-9,-21,-9,-21,-8,-20,-8,-20,-7,-19,-6,-19,-6,-19,-5,-19,-4,-18,-4,-16,-4,-19,-4,-17,-3,-18,-3,-19,-3,-19,-4,-20,-3,-21,-4,-21,-3,-21,-4,-21,-4,-21,-4,-18,-5,-17,-5]"
CSI_DATA,113026,d8:b1:90:d9:de:f0,-58,11,-99,-36,60,56,1685594133,100,0,114,0,"[15,-5,17,-4,18,-2,18,-2,19,-1,18,0,17,0,16,0,16,0,15,0,15,0,15,0,15,0,16,-1,17,-1,18,0,19,-1,19,0,21,-1,21,-1,23,-1,24,0,23,0,24,0,23,0,22,2,22,2,21,2,0,0,21,3,21,4,21,5,21,5,21,7,21,7,21,7,21,7,21,7,20,8,19,7,18,8,18,8,16,8,16,7,16,8,16,9,16,9,16,9,16,10,16,11,17,12,16,14,16,15,16,16,14,16,12,16,9,14]"
CSI_DATA,113027,d8:b1:90:d9:de:f0,-58,11,-99,-37,60,56,1685604324,100,0,114,0,"[2,17,1,18,1,19,0,19,0,18,0,18,-2,17,-1,17,0,16,0,16,0,16,0,16,0,16,0,16,2,17,1,18,2,19,1,20,2,21,2,21,2,22,2,23,2,24,2,24,1,23,1,22,0,23,0,22,0,0,-1,22,0,22,-1,22,-1,22,-2,23,-2,22,-2,23,-2,23,-2,22,-2,22,-2,21,-1,20,-2,20,-2,19,-2,18,-2,18,-2,18,-2,18,-3,18,-3,20,-4,21,-5,21,-5,21,-6,22,-8,21,-8,21,-8,18,-8,16]"
CSI_DATA,113028,d8:b1:90:d9:de:f0,-58,11,-99,-34,59,56,1685614426,100,0,114,0,"[14,8,14,9,15,11,14,11,14,11,14,11,14,11,13,11,13,10,13,8,13,8,14,8,14,8,15,7,16,7,17,7,19,8,19,8,20,8,21,7,23,7,23,7,23,7,23,7,23,6,22,6,22,6,22,6,0,0,21,7,21,7,21,8,21,7,22,8,22,8,22,7,23,8,22,7,21,6,21,6,21,5,20,5,20,4,18,5,19,4,18,4,19,4,19,4,20,5,22,5,23,6,23,5,23,6,23,7,23,8,20,8,17,8]"
CSI_DATA,113029,d8:b1:90:d9:de:f0,-58,11,-99,-37,60,56,1685634758,100,0,114,0,"[16,-5,17,-4,18,-2,18,-1,19,-1,18,0,18,0,16,0,16,0,16,0,15,0,16,0,16,0,17,0,18,0,18,0,18,0,20,0,21,0,22,0,23,0,24,0,24,0,24,0,24,2,24,2,23,3,22,3,0,0,21,5,21,5,21,5,21,7,21,8,22,8,21,8,21,8,20,8,20,8,19,8,19,9,18,8,17,8,17,8,16,8,16,10,16,9,17,10,17,11,17,12,17,13,17,14,16,16,15,16,13,16,12,16,9,15]"
CSI_DATA,113030,d8:b1:90:d9:de:f0,-58,11,-99,-36,60,56,1685654846,100,0,114,0,"[15,5,16,7,17,8,17,9,16,9,16,9,16,9,14,8,14,7,14,6,14,5,14,5,15,4,16,4,16,4,18,4,19,2,20,2,21,2,21,2,21,2,23,1,23,1,23,1,23,1,23,1,22,1,22,1,0,0,22,0,22,1,23,1,21,0,23,1,23,0,22,0,23,0,21,0,21,0,21,-1,20,0,19,-1,19,-2,18,-1,19,-2,18,-2,19,-2,19,-2,20,-2,21,-2,21,-2,22,-2,22,-2,21,-1,21,-1,20,0,19,1]"
CSI_DATA,113031,d8:b1:90:d9:de:f0,-58,11,-99,-34,59,56,1685674599,100,0,114,0,"[-14,-8,-15,-10,-15,-12,-15,-12,-14,-13,-14,-13,-13,-11,-12,-11,-12,-11,-12,-10,-11,-11,-12,-9,-14,-9,-14,-10,-15,-10,-16,-11,-17,-11,-17,-11,-19,-11,-20,-11,-20,-11,-21,-12,-21,-12,-21,-13,-20,-12,-20,-12,-20,-12,-19,-12,0,0,-19,-13,-18,-14,-19,-14,-18,-14,-18,-14,-19,-15,-18,-14,-19,-15,-17,-14,-17,-14,-17,-13,-17,-13,-16,-12,-16,-12,-14,-12,-15,-12,-14,-11,-14,-12,-15,-12,-15,-14,-16,-14,-16,-15,-16,-15,-16,-17,-15,-17,-14,-17,-11,-17,-9,-15]"
CSI_DATA,113032,d8:b1:90:d9:de:f0,-58,11,-99,-36,60,56,1685685247,100,0,114,0,"[16,4,16,6,16,7,16,7,16,8,16,8,16,8,14,7,15,6,14,6,14,5,14,6,14,5,15,5,16,5,18,5,18,4,19,4,20,4,21,4,21,4,22,4,23,4,23,4,23,5,22,5,21,5,21,5,0,0,21,6,21,6,21,6,21,6,21,6,21,7,21,6,22,7,21,6,21,6,20,5,19,5,19,5,18,4,18,4,18,4,17,4,18,4,18,4,19,5,20,6,21,7,21,7,21,8,20,9,19,9,18,9,14,9]"
CSI_DATA,113033,d8:b1:90:d9:de:f0,-58,11,-99,-37,60,56,1685703877,100,0,114,0,"[-4,16,-5,18,-6,18,-8,18,-7,18,-7,17,-6,16,-6,16,-5,16,-5,16,-4,16,-3,16,-2,16,-2,17,-2,18,-2,19,-1,20,-1,21,-1,22,0,23,0,24,0,24,0,24,0,24,0,23,0,23,0,23,0,24,0,0,0,23,0,23,0,23,0,22,0,24,-1,24,0,23,0,24,0,23,0,21,1,21,1,21,2,21,1,20,1,19,1,20,2,18,2,19,1,20,1,21,1,21,0,22,1,21,1,23,0,23,0,22,-1,21,-2,19]"
CSI_DATA,113034,d8:b1:90:d9:de:f0,-58,11,-99,-37,60,56,1685714714,100,0,114,0,"[7,-16,8,-16,9,-17,10,-16,10,-17,10,-16,10,-16,9,-15,8,-16,8,-15,7,-14,7,-15,6,-16,5,-16,5,-16,5,-18,5,-18,5,-21,5,-21,4,-22,4,-23,4,-24,5,-23,4,-24,5,-23,4,-23,4,-22,5,-22,0,0,4,-21,4,-21,4,-22,4,-23,4,-23,4,-23,4,-22,5,-23,3,-23,3,-22,3,-21,2,-21,2,-19,2,-18,1,-18,1,-20,1,-19,1,-20,1,-19,2,-21,2,-22,2,-22,2,-23,2,-23,3,-22,5,-21,4,-20,5,-18]"
CSI_DATA,113035,d8:b1:90:d9:de:f0,-58,11,-99,-37,60,56,1685734633,100,0,114,0,"[-16,-4,-16,-6,-17,-8,-17,-8,-16,-8,-16,-9,-15,-8,-15,-8,-14,-8,-14,-8,-14,-8,-14,-7,-14,-7,-15,-7,-16,-8,-16,-8,-18,-7,-18,-8,-20,-8,-20,-8,-21,-8,-21,-8,-21,-8,-21,-9,-20,-9,-20,-10,-19,-10,-19,-10,0,0,-19,-10,-18,-12,-18,-12,-18,-12,-18,-13,-18,-13,-18,-13,-18,-13,-17,-13,-17,-13,-16,-13,-16,-13,-16,-13,-16,-12,-15,-12,-15,-12,-14,-12,-14,-12,-15,-13,-15,-14,-16,-15,-16,-16,-15,-16,-15,-18,-13,-18,-13,-18,-10,-17,-8,-16]"
CSI_DATA,113036,d8:b1:90:d9:de:f0,-58,11,-99,-37,60,56,1685744729,100,0,114,0,"[11,13,11,14,11,15,10,15,11,16,10,16,10,16,9,15,10,13,10,13,10,12,10,13,10,12,11,13,13,13,13,13,14,13,16,14,17,14,17,14,17,14,18,13,18,13,18,13,18,14,18,14,17,14,17,13,0,0,16,14,17,13,17,14,17,15,18,15,18,16,17,15,18,15,16,13,16,13,16,13,17,13,16,12,16,12,16,11,16,12,16,11,16,12,16,12,16,12,17,13,18,13,18,15,18,16,16,16,16,16,15,16,12,15]"
CSI_DATA,113037,d8:b1:90:d9:de:f0,-58,11,-99,-36,60,56,1685757355,100,0,114,0,"[0,-16,0,-18,0,-19,0,-19,0,-19,0,-19,0,-17,0,-17,-1,-16,-1,-16,-2,-14,-2,-14,-4,-15,-4,-16,-6,-16,-6,-17,-8,-16,-9,-18,-9,-19,-12,-19,-12,-19,-13,-20,-13,-19,-13,-18,-13,-18,-14,-19,-12,-17,-13,-18,0,0,-14,-16,-14,-16,-14,-17,-14,-16,-16,-16,-16,-17,-16,-15,-16,-16,-15,-14,-16,-14,-16,-13,-16,-13,-16,-12,-15,-11,-15,-10,-16,-10,-16,-9,-16,-9,-18,-10,-18,-9,-18,-9,-19,-10,-19,-10,-20,-12,-19,-12,-18,-11,-16,-11,-15,-11]"
CSI_DATA,113038,d8:b1:90:d9:de:f0,-58,11,-99,-37,60,56,1685773901,100,0,114,0,"[-9,-13,-9,-15,-8,-16,-9,-16,-9,-16,-9,-16,-8,-16,-8,-15,-9,-13,-10,-13,-10,-11,-10,-13,-11,-13,-12,-12,-13,-12,-13,-12,-16,-12,-16,-13,-18,-13,-18,-13,-18,-12,-21,-11,-20,-10,-21,-10,-21,-11,-20,-11,-21,-10,-20,-10,0,0,-20,-10,-20,-10,-20,-10,-21,-10,-21,-10,-21,-10,-21,-8,-21,-8,-21,-8,-21,-8,-21,-7,-21,-7,-20,-6,-19,-5,-18,-5,-18,-4,-18,-3,-18,-4,-18,-3,-19,-3,-20,-3,-21,-3,-21,-4,-21,-5,-21,-5,-20,-5,-18,-5,-16,-5]"
CSI_DATA,113039,d8:b1:90:d9:de:f0,-58,11,-99,-36,60,56,1685784192,100,0,114,0,"[-16,2,-18,2,-19,0,-19,-1,-19,-2,-18,-2,-17,-2,-16,-2,-15,-2,-15,-2,-15,-2,-15,-2,-16,-2,-16,-2,-16,-2,-18,-2,-18,-2,-20,-4,-20,-4,-21,-4,-20,-4,-21,-5,-21,-5,-21,-6,-21,-7,-21,-7,-20,-8,-20,-8,0,0,-19,-9,-19,-11,-18,-12,-19,-12,-18,-12,-18,-14,-17,-13,-17,-14,-16,-14,-16,-14,-16,-14,-16,-14,-14,-14,-13,-14,-13,-14,-12,-13,-12,-14,-11,-13,-11,-14,-11,-16,-11,-16,-10,-18,-10,-19,-9,-19,-7,-19,-5,-19,-4,-19,-2,-16]"
CSI_DATA,113040,d8:b1:90:d9:de:f0,-59,9,-99,-39,61,56,1685801325,98,0,106,0,"[-15,9,-79,0,4,10,79,0,41,10,50,0,80,10,22,0,-62,10,6,0,-30,10,0,0,0,0,1,0,27,0,-2,10,54,0,-14,10,73,0,-37,10,78,0,-80,10,75,0,51,10,59,0,5,10,0,0,0,0,13,0,-66,9,-7,10,81,9,-13,10,81,9,2,0,-66,9,22,0,-8,9,46,0,64,10,64,0,-39,10,75,0,27,0,75,0,85,0,72,0,-37,0,58,0,6,0,55,0,17,0,42,0]"
CSI_DATA,113041,d8:b1:90:d9:de:f0,-58,11,-99,-37,60,56,1685814249,100,0,114,0,"[8,15,8,16,8,18,8,18,8,17,8,17,8,16,8,15,9,13,9,13,9,12,10,13,10,12,11,12,13,11,14,12,15,12,16,12,18,12,19,11,19,11,20,11,21,10,21,10,21,10,21,10,21,10,21,9,0,0,20,8,20,8,21,8,21,8,21,7,22,7,22,6,23,6,22,5,21,5,21,3,21,4,21,2,20,2,19,1,19,1,19,0,19,0,20,0,21,0,21,0,23,0,23,0,24,0,23,0,22,0,21,1,18,2]"
CSI_DATA,113042,d8:b1:90:d9:de:f0,-58,11,-99,-37,60,56,1685824237,100,0,114,0,"[-3,16,-5,17,-5,18,-7,17,-8,18,-8,16,-8,16,-8,15,-6,15,-7,14,-6,14,-6,15,-5,15,-6,15,-6,16,-6,17,-6,18,-8,19,-8,20,-8,21,-8,21,-8,21,-9,21,-8,21,-10,21,-10,21,-10,21,-10,20,0,0,-11,18,-11,18,-11,18,-13,19,-13,18,-13,18,-13,18,-13,18,-13,18,-13,18,-13,16,-13,16,-13,16,-12,15,-13,15,-12,15,-12,14,-13,14,-13,14,-14,15,-15,15,-16,16,-17,15,-18,13,-18,13,-18,11,-18,10,-16,8]"
CSI_DATA,113043,d8:b1:90:d9:de:f0,-58,11,-99,-36,60,56,1685843973,100,0,114,0,"[-14,7,-16,7,-16,7,-16,7,-16,7,-16,7,-16,6,-14,7,-13,8,-13,8,-12,8,-12,9,-12,10,-12,11,-12,12,-12,13,-11,14,-12,15,-12,17,-11,18,-12,18,-11,19,-10,20,-9,20,-9,19,-9,19,-9,19,-8,19,0,0,-8,19,-8,19,-7,20,-7,20,-7,21,-6,21,-6,21,-5,21,-4,21,-4,21,-3,20,-2,21,-2,19,-1,19,-1,19,0,19,0,18,0,19,0,19,1,21,1,21,1,22,1,22,0,22,0,23,0,21,0,19,0,18]"
CSI_DATA,113044,d8:b1:90:d9:de:f0,-58,11,-99,-38,60,56,1685854384,100,0,114,0,"[16,-7,17,-5,19,-4,18,-3,20,-4,18,-3,18,-2,17,-1,16,-2,16,-2,16,-2,17,-1,16,-2,17,-2,17,-2,18,-2,19,-3,20,-3,21,-3,23,-4,23,-3,23,-3,23,-2,24,-2,23,0,23,0,23,0,23,0,0,0,23,0,23,2,23,2,23,2,22,3,22,4,22,4,23,5,23,5,23,6,21,5,21,6,20,5,19,5,19,5,18,5,19,6,17,6,18,7,18,7,19,9,19,10,19,11,20,13,18,14,17,14,15,14,12,13]"
CSI_DATA,113045,d8:b1:90:d9:de:f0,-58,11,-99,-36,60,56,1685874115,100,0,114,0,"[16,2,17,3,18,4,18,4,18,4,17,4,17,4,15,4,15,2,15,2,14,1,15,1,15,0,16,0,16,-1,17,-2,19,-2,20,-4,21,-4,20,-4,21,-6,21,-7,21,-7,21,-8,21,-7,21,-7,21,-7,20,-7,0,0,21,-7,20,-8,20,-8,21,-8,21,-9,21,-9,20,-9,20,-9,19,-10,19,-10,18,-10,17,-11,16,-10,15,-11,14,-11,14,-11,14,-11,14,-12,14,-12,15,-13,16,-13,16,-14,17,-14,18,-14,18,-14,17,-13,16,-12,15,-9]"
CSI_DATA,113046,d8:b1:90:d9:de:f0,-58,11,-99,-36,60,56,1685884128,100,0,114,0,"[-15,-4,-16,-5,-16,-7,-16,-8,-16,-8,-15,-9,-14,-9,-13,-9,-13,-8,-12,-8,-12,-7,-12,-8,-13,-7,-14,-8,-14,-7,-15,-8,-16,-9,-17,-9,-18,-9,-19,-10,-19,-11,-19,-11,-19,-12,-19,-12,-19,-13,-19,-12,-18,-13,-16,-13,0,0,-15,-14,-16,-14,-15,-15,-15,-16,-15,-16,-14,-16,-14,-16,-14,-17,-14,-16,-13,-16,-12,-15,-12,-16,-12,-16,-12,-14,-10,-15,-10,-15,-9,-14,-9,-15,-9,-16,-9,-18,-9,-19,-9,-20,-9,-21,-8,-21,-7,-21,-5,-21,-3,-21,-2,-19]"
CSI_DATA,113047,d8:b1:90:d9:de:f0,-58,11,-99,-36,60,56,1685903933,100,0,114,0,"[9,12,9,14,10,15,9,16,9,15,9,16,9,14,9,14,9,12,9,12,9,11,10,11,11,10,12,11,14,11,14,11,16,11,16,11,19,12,19,10,20,10,21,10,21,10,21,9,21,9,21,9,21,9,21,8,0,0,20,7,20,7,21,8,20,7,21,7,21,7,21,7,22,7,22,6,21,5,21,4,20,3,19,3,19,2,18,2,19,2,17,2,19,1,19,1,19,1,20,1,21,1,21,1,22,1,21,1,21,2,19,3,17,3]"
CSI_DATA,113048,d8:b1:90:d9:de:f0,-58,11,-99,-36,60,56,1685914059,100,0,114,0,"[15,0,16,0,18,2,18,2,18,2,17,3,16,4,15,4,15,4,14,4,14,4,14,4,14,4,16,4,16,4,17,4,19,4,19,4,21,4,21,5,22,5,22,6,21,7,22,7,21,7,21,7,21,8,19,9,0,0,19,10,18,9,18,11,18,11,19,12,18,12,18,12,18,14,18,14,16,13,16,13,15,13,15,12,14,12,14,12,14,13,13,13,13,13,13,14,13,16,13,16,13,18,12,18,12,19,10,20,9,20,7,19,5,17]"
CSI_DATA,113049,d8:b1:90:d9:de:f0,-58,11,-99,-37,60,56,1685924425,100,0,114,0,"[6,-15,8,-16,9,-16,10,-16,10,-15,11,-15,10,-13,10,-13,9,-13,9,-12,9,-12,8,-12,8,-13,8,-13,9,-14,10,-16,10,-17,10,-17,11,-18,10,-18,12,-20,12,-20,13,-20,13,-20,12,-19,13,-19,13,-18,13,-18,0,0,14,-17,14,-16,15,-17,14,-16,16,-16,16,-16,16,-16,17,-16,16,-16,16,-15,15,-16,15,-14,14,-14,14,-13,13,-12,14,-13,13,-12,14,-13,15,-12,16,-13,17,-13,18,-12,18,-12,21,-13,21,-11,21,-10,19,-8,18,-6]"
CSI_DATA,113050,d8:b1:90:d9:de:f0,-58,11,-99,-36,60,56,1685944057,100,0,114,0,"[-5,-14,-5,-16,-4,-16,-4,-17,-3,-17,-2,-16,-1,-16,-2,-16,-2,-15,-1,-15,-1,-15,-1,-15,-2,-15,-1,-16,-1,-16,-1,-17,-2,-19,-2,-20,-2,-21,-2,-21,-1,-21,-2,-22,0,-21,0,-21,0,-22,0,-22,2,-21,2,-21,0,0,3,-21,4,-21,4,-21,5,-21,6,-21,7,-21,7,-21,7,-20,7,-20,8,-19,8,-19,8,-18,8,-17,8,-16,8,-16,8,-16,9,-16,9,-16,10,-16,11,-16,12,-16,13,-16,14,-16,16,-16,16,-14,17,-13,16,-12,16,-9]"
CSI_DATA,113051,d8:b1:90:d9:de:f0,-58,11,-99,-33,59,56,1685954373,100,0,114,0,"[17,1,18,2,19,3,18,5,19,5,18,5,17,5,16,6,16,4,15,5,15,4,15,5,16,4,16,5,17,5,18,4,19,4,20,4,21,5,21,5,23,5,24,5,24,6,24,7,23,7,22,7,23,8,21,8,0,0,21,8,21,9,21,10,21,10,21,10,21,11,21,12,21,12,20,11,19,11,18,10,18,10,18,10,17,10,16,10,16,10,16,10,16,10,15,11,16,13,16,13,16,14,16,15,17,16,15,17,14,17,12,16,10,16]"
CSI_DATA,113052,d8:b1:90:d9:de:f0,-58,11,-99,-34,59,56,1685966702,100,0,114,0,"[5,15,5,17,4,18,3,18,5,18,4,17,4,17,4,17,5,16,5,16,5,15,6,14,7,14,8,15,8,15,9,16,11,17,11,17,12,18,13,18,14,19,15,19,14,20,15,19,14,18,15,17,14,18,14,17,0,0,14,17,14,17,14,18,14,17,14,18,14,18,14,17,15,18,14,17,15,17,15,16,15,15,15,14,14,14,14,13,14,13,14,13,14,13,14,14,15,14,15,14,16,15,17,15,18,17,17,17,15,17,14,16,13,16]"
CSI_DATA,113053,d8:b1:90:d9:de:f0,-59,11,-99,-38,61,56,1685984233,100,0,228,0,"[-3,-16,-3,-18,-2,-18,-2,-18,-2,-16,-2,-15,-2,-12,64,-4,-2,-9,-2,-7,-1,-6,-1,-4,-1,-3,0,-1,0,0,0,0,0,2,0,3,0,4,-1,6,-2,7,41,4,-6,8,-8,8,-10,8,-12,7,-15,6,-17,5,0,0,-21,2,-22,0,-24,0,-24,-2,-24,-3,-24,-3,-78,9,-20,-2,-19,-2,-16,-1,-13,0,-11,2,-8,4,-5,5,-2,6,0,7,2,8,4,10,6,10,8,12,70,0,11,12,12,13,12,13,12,13,10,12,8,10,6,8,2,4,2,2,2,2,5,2,8,-1,7,-8,0,-12,-12,-21,-14,0,-11,11,0,16,12,12,17,0,12,-13,0,-18,-14,-13,-20,0,-12,13,0,18,10,12,14,2,6,0,3,-9,-2,-7,-2,-4,-2,-2,-3,-2,-5,-2,0,0,-6,6,-2,9,4,10,10,6,13,0,11,-8,-19,-18,-5,-14,-14,-8,-16,2,-11,12,0,17,10,13,17,2,14,-10,3,-16,-9,-13,-16,-2,-12,10,0,15,20,22,14,-2,6,-12,-6,-10,-12,0,-6,11,5,12,13,2]"
CSI_DATA,113054,d8:b1:90:d9:de:f0,-58,11,-99,-36,60,56,1686004097,100,0,228,0,"[9,16,9,17,9,17,9,16,9,14,9,13,8,11,67,-4,7,7,5,4,4,4,3,3,2,2,1,2,0,0,-1,0,-2,0,-4,-1,-4,-2,-5,-4,-5,-6,43,4,-5,-9,-5,-12,-4,-14,-2,-16,-1,-18,0,-19,0,0,2,-22,4,-24,4,-25,6,-25,6,-25,5,-25,-68,0,4,-22,2,-20,1,-16,0,-14,-2,-10,-3,-7,-4,-4,-5,-1,-6,2,-7,4,-7,7,-7,9,-6,12,83,10,-5,16,-5,17,-5,18,-4,17,-4,15,-3,13,-3,10,-4,-4,-4,-2,-4,-1,-7,1,-7,6,-1,11,7,10,22,11,12,-9,2,-16,-11,-12,-18,0,-14,13,0,19,14,13,20,-1,12,-15,-1,-19,-14,-12,-17,1,-11,11,-7,5,6,9,7,3,6,0,4,-1,4,-2,3,-6,0,0,-4,-8,-10,-3,-12,2,-9,10,0,14,9,12,21,-19,15,-7,8,-15,-4,-17,-14,-11,-18,1,-12,14,0,18,13,12,17,0,11,-14,-2,-16,-14,-9,-15,4,-12,29,7,11,13,0,6,-10,-6,-9,-12,0,-6,11,5,12]"
CSI_DATA,113055,d8:b1:90:d9:de:f0,-59,11,-99,-37,61,56,1686023995,100,0,228,0,"[16,3,18,3,18,3,17,3,16,3,14,1,12,1,62,-4,9,0,7,0,5,0,4,0,3,0,1,0,0,0,0,0,-1,0,-3,0,-4,0,-5,-1,-7,-1,40,3,-8,-5,-9,-8,-9,-10,-8,-12,-7,-14,-6,-16,0,0,-5,-20,-3,-21,-3,-22,-1,-24,-1,-24,-1,-23,-3,9,-1,-20,-1,-18,-2,-15,-3,-12,-3,-9,-4,-5,-5,-3,-5,0,-5,2,-6,4,-6,7,-6,9,-6,11,-70,9,-5,15,-5,16,-5,16,-5,16,-5,14,-4,12,-3,9,-5,0,-3,1,-3,1,-3,5,0,8,5,8,12,2,22,-6,3,-14,-8,-12,-15,-2,-13,9,-1,17,11,13,18,1,14,-12,1,-18,-11,-14,-17,-1,-12,9,-2,14,-1,7,8,3,7,-1,4,-3,2,-3,1,-3,1,-5,0,0,-6,-5,-9,0,-9,5,-4,11,3,12,11,8,14,-22,12,-9,3,-14,-6,-14,-15,-7,-16,4,-9,14,3,16,13,9,16,-3,9,-13,-3,-15,-13,-7,-13,5,-10,27,7,11,12,0,5,-9,-5,-9,-11,0,-6,10,4,11]"
CSI_DATA,113056,d8:b1:90:d9:de:f0,-59,11,-99,-38,61,56,1686034520,100,0,228,0,"[-18,-3,-19,-4,-19,-3,-18,-3,-17,-2,-15,-2,-13,0,64,-4,-9,0,-7,0,-6,0,-4,0,-2,0,0,0,0,0,0,0,2,0,4,0,5,0,6,0,8,1,41,4,10,4,10,6,10,8,10,10,10,13,9,16,0,0,8,19,7,21,7,22,6,24,5,24,5,24,10,0,5,21,5,18,6,15,6,12,6,8,6,4,6,2,6,-1,5,-4,4,-6,4,-10,3,-12,2,-14,53,0,0,-17,0,-18,0,-18,0,-17,0,-16,0,-13,0,-10,4,-1,3,-2,3,-2,4,-4,1,-8,-6,-8,-12,-2,-23,7,-2,14,8,13,16,2,13,-10,1,-18,-12,-14,-19,0,-14,14,0,19,13,13,18,0,12,-10,2,-14,2,-8,-9,-3,-7,1,-4,3,-3,4,-2,4,0,6,0,0,8,4,10,-2,8,-8,1,-12,-6,-11,-13,-6,-8,26,-9,11,0,16,9,13,16,4,15,-7,6,-16,-6,-16,-16,-6,-15,6,-6,16,8,15,16,4,12,-9,2,-30,-10,-8,-12,3,-2,12,8,8,11,-3,3,-12,-8,-10]"
CSI_DATA,113057,d8:b1:90:d9:de:f0,-59,11,-99,-35,60,56,1686045309,100,0,228,0,"[-2,-19,-2,-20,-2,-19,-2,-19,-2,-17,-2,-15,-2,-13,66,-4,-2,-8,-2,-7,-2,-5,-1,-4,0,-2,0,-1,1,0,2,0,2,2,2,4,3,5,2,7,2,8,42,4,0,11,-2,13,-4,13,-6,14,-8,15,-11,15,0,0,-17,15,-18,15,-19,15,-21,15,-22,14,-21,13,-71,9,-18,12,-16,11,-13,11,-9,9,-6,8,-2,7,0,6,3,4,6,3,8,1,10,0,12,-1,13,-3,-22,0,17,-6,17,-7,17,-7,16,-7,15,-6,12,-4,10,-4,2,4,2,3,3,3,6,2,8,-2,6,-8,-1,-13,-14,-19,-15,2,-9,13,3,16,15,9,17,-4,9,-17,-6,-18,-17,-8,-19,6,-8,17,5,17,15,8,15,-2,9,0,0,-10,-4,-7,-4,-4,-5,-2,-6,0,-6,2,0,0,-1,10,5,9,11,4,13,-3,8,-11,0,-15,-29,0,-15,-5,-15,4,-9,14,2,17,13,12,17,0,13,-12,0,-17,-12,-12,-17,0,-11,13,1,16,13,8,30,-8,5,-13,-7,-10,-11,1,-4,11,8,9,13,-2,6,-11]"
CSI_DATA,113058,d8:b1:90:d9:de:f0,-59,11,-99,-39,61,56,1686064298,100,0,228,0,"[-17,6,-18,6,-18,6,-17,6,-15,6,-14,6,-12,6,66,-4,-8,5,-6,4,-4,4,-4,2,-2,2,-1,1,0,0,0,0,1,-1,2,-2,4,-2,6,-2,7,-2,42,4,11,0,13,0,14,2,15,4,15,6,16,8,0,0,18,13,18,14,19,15,19,16,19,17,18,16,13,0,16,14,15,12,13,9,12,6,10,3,8,0,6,-2,4,-4,2,-6,0,-8,-1,-10,-3,-11,-5,-13,-50,10,-8,-15,-9,-15,-9,-15,-9,-14,-8,-13,-7,-11,-5,-9,4,-2,2,-3,2,-4,0,-6,-4,-8,-10,-4,-12,4,-15,18,5,14,15,6,15,-6,5,-17,-8,-16,-18,-4,-16,10,-4,19,11,16,19,4,15,-9,4,-17,-6,-13,-2,-6,-9,2,-4,6,-1,4,0,4,0,4,2,5,0,0,8,0,8,-6,2,-11,-4,-11,-11,-6,-14,2,6,26,-2,15,8,13,15,6,17,-5,8,-15,-4,-17,-15,-9,-17,3,-8,15,4,17,15,7,15,-5,4,-15,-15,-26,-13,0,-8,10,4,11,11,2,7,-8,-4,-12,-13,-4]"
CSI_DATA,113059,d8:b1:90:d9:de:f0,-59,11,-99,-38,61,56,1686075473,100,0,228,0,"[-10,16,-10,16,-10,16,-10,16,-8,15,-7,14,-6,12,64,-4,-3,8,-2,7,-1,5,-1,4,-1,2,0,1,0,0,0,-2,0,-2,0,-4,1,-4,2,-6,4,-6,41,4,8,-6,10,-6,12,-4,14,-4,16,-2,18,0,0,0,20,2,22,4,23,5,24,6,24,7,24,7,72,0,21,6,19,4,16,3,14,0,10,0,7,-2,4,-4,2,-5,0,-6,-2,-8,-5,-8,-8,-9,-10,-9,74,10,-14,-10,-14,-10,-15,-10,-14,-10,-13,-8,-11,-7,-8,-6,0,-4,0,-4,0,-4,-2,-5,-7,-4,-10,2,-7,10,-2,24,12,8,15,-3,9,-14,-4,-16,-16,-8,-17,6,-8,17,6,18,17,8,18,-6,8,-16,-4,-16,-12,-8,-6,-5,-7,6,-2,7,0,5,1,4,3,4,6,3,0,0,7,-5,4,-10,-2,-11,-9,-7,-13,0,-11,8,17,20,4,14,12,8,16,0,12,-11,2,-17,-10,-14,-17,-3,-14,9,-3,16,10,14,16,2,12,-10,0,-15,-24,-19,-13,3,-4,12,8,9,11,-2,4,-11,-8,-10,-13,0]"
CSI_DATA,113060,d8:b1:90:d9:de:f0,-59,11,-99,-34,60,56,1686095617,100,0,228,0,"[15,11,15,12,15,12,14,12,13,11,12,10,10,8,64,-4,7,5,6,4,4,2,4,2,2,2,0,0,0,0,-1,0,-2,-1,-3,-2,-4,-4,-4,-5,-4,-7,41,4,-1,-10,0,-12,2,-13,5,-14,8,-14,10,-14,0,0,15,-14,18,-14,20,-14,21,-12,22,-11,22,-10,74,0,20,-9,18,-8,15,-8,12,-7,8,-6,4,-6,2,-6,-1,-6,-4,-5,-6,-4,-8,-4,-11,-4,-13,-4,30,10,-17,-3,-18,-4,-18,-3,-18,-3,-16,-4,-12,-4,-10,-3,-4,0,-4,0,-4,0,-6,2,-6,6,0,11,8,10,23,8,12,-10,1,-16,-11,-12,-17,-1,-13,12,-1,19,13,14,20,0,15,-12,2,-19,-11,-14,-16,-3,-12,7,-8,2,2,10,5,5,5,2,5,2,5,0,6,-3,0,0,1,-9,-5,-9,-10,-4,-12,2,-9,10,-2,14,28,3,13,8,16,-1,12,-10,2,-16,-8,-14,-16,-5,-16,6,-7,16,6,16,16,7,15,-6,6,-15,-7,-14,-30,-7,-11,8,1,12,11,6,10,-6,0,-12,-10,-7,-12,4]"
CSI_DATA,113061,d8:b1:90:d9:de:f0,-59,11,-99,-38,61,56,1686113700,100,0,228,0,"[0,-17,0,-18,0,-18,0,-18,0,-16,0,-15,0,-12,64,-4,-1,-8,-1,-6,0,-6,-1,-4,-1,-2,0,-2,0,0,0,0,0,1,0,3,0,4,0,6,-2,6,41,4,-6,8,-8,8,-10,8,-12,8,-14,8,-16,7,0,0,-20,5,-22,4,-24,4,-24,2,-24,2,-24,1,81,9,-20,2,-18,2,-16,3,-13,4,-10,5,-6,6,-3,6,0,6,2,7,4,6,7,7,9,7,12,7,-36,0,15,6,16,6,16,6,16,6,14,6,12,5,10,4,1,4,2,3,2,4,5,4,9,0,8,-7,0,-12,-10,-22,-15,-1,-12,10,0,16,11,12,18,0,12,-13,0,-18,-14,-12,-19,0,-12,14,0,18,11,12,14,1,6,0,2,-9,-2,-6,-3,-3,-3,-2,-3,-2,-5,-1,0,0,-4,6,0,9,6,9,11,4,12,-4,8,-10,-23,-12,-9,-12,-15,-4,-14,6,-7,15,4,16,14,8,17,-3,9,-14,-3,-16,-13,-8,-16,4,-7,14,6,14,28,11,11,-8,0,-12,-10,-6,-10,6,0,12,10,7,12,-4]"
CSI_DATA,113062,d8:b1:90:d9:de:f0,-58,11,-99,-36,60,56,1686124205,100,0,114,0,"[-15,-7,-16,-8,-15,-9,-15,-10,-16,-9,-16,-9,-14,-9,-14,-9,-14,-7,-14,-7,-14,-6,-14,-7,-14,-6,-15,-5,-16,-5,-17,-5,-19,-4,-20,-5,-21,-4,-22,-4,-23,-4,-24,-4,-23,-4,-24,-4,-23,-4,-22,-4,-22,-4,-21,-4,0,0,-21,-4,-21,-4,-21,-4,-22,-4,-22,-4,-22,-4,-22,-4,-21,-4,-21,-4,-21,-3,-20,-3,-21,-2,-19,-2,-19,-2,-19,-2,-18,-2,-18,-2,-18,-2,-18,-1,-19,-2,-21,-2,-21,-2,-22,-3,-22,-3,-21,-4,-20,-4,-19,-5,-17,-6]"
CSI_DATA,113063,d8:b1:90:d9:de:f0,-58,11,-99,-37,60,56,1686134311,100,0,114,0,"[-11,-11,-12,-13,-12,-14,-13,-14,-13,-14,-13,-14,-12,-13,-11,-13,-11,-10,-11,-10,-12,-10,-12,-10,-13,-8,-13,-9,-15,-8,-16,-8,-18,-8,-18,-8,-20,-7,-21,-6,-22,-6,-23,-5,-24,-6,-24,-5,-23,-5,-22,-5,-22,-5,-21,-5,0,0,-21,-4,-21,-3,-22,-3,-21,-2,-22,-2,-22,-2,-22,-2,-23,-2,-23,-1,-22,0,-21,0,-21,0,-21,1,-21,2,-19,2,-19,2,-18,2,-18,2,-19,2,-21,3,-21,3,-22,3,-22,3,-23,3,-22,2,-23,2,-21,2,-18,0]"
CSI_DATA,113064,d8:b1:90:d9:de:f0,-58,11,-99,-37,60,56,1686154047,100,0,114,0,"[-12,-10,-13,-12,-13,-14,-13,-14,-12,-14,-12,-14,-11,-13,-10,-13,-11,-11,-10,-11,-11,-10,-11,-10,-12,-10,-13,-10,-14,-10,-15,-10,-16,-10,-17,-10,-18,-11,-18,-10,-20,-10,-20,-10,-21,-10,-21,-10,-19,-10,-20,-10,-19,-11,-19,-11,0,0,-19,-10,-18,-11,-19,-11,-19,-11,-20,-11,-20,-11,-20,-10,-20,-10,-19,-10,-19,-10,-19,-10,-18,-9,-18,-9,-18,-8,-16,-8,-18,-8,-17,-8,-18,-8,-18,-8,-18,-8,-18,-9,-18,-10,-19,-10,-20,-11,-19,-11,-18,-12,-17,-11,-14,-11]"
CSI_DATA,113065,d8:b1:90:d9:de:f0,-58,11,-99,-36,60,56,1686168097,100,0,114,0,"[7,14,7,16,6,17,5,17,5,18,4,17,4,16,3,16,4,15,4,15,4,14,4,15,5,14,6,14,7,15,7,16,8,16,9,19,9,18,9,19,9,19,10,20,10,21,10,20,10,21,9,20,9,20,9,20,0,0,8,21,8,20,7,20,8,21,7,21,7,21,7,21,7,21,7,21,7,21,7,20,7,19,6,18,6,17,6,17,6,17,6,17,5,17,5,19,5,19,5,19,5,20,4,21,4,21,3,21,2,20,1,20,0,17]"
CSI_DATA,113066,d8:b1:90:d9:de:f0,-58,11,-99,-34,59,56,1686184210,100,0,114,0,"[0,17,0,18,-1,20,-2,20,-2,20,-2,18,-3,18,-3,17,-1,17,-2,17,-1,16,-1,17,0,17,0,17,0,17,0,20,0,20,1,21,1,22,2,23,2,23,2,24,2,24,2,23,2,23,1,23,1,23,0,23,0,0,0,24,0,24,0,23,0,23,0,23,0,23,0,24,0,24,0,23,0,23,0,22,0,22,0,21,0,20,0,20,0,20,0,19,0,19,0,20,0,21,0,22,0,23,-1,23,-2,23,-4,23,-4,22,-4,20,-5,18]"
CSI_DATA,113067,d8:b1:90:d9:de:f0,-58,11,-99,-37,60,56,1686196597,100,0,114,0,"[2,16,2,17,2,18,0,18,1,18,1,18,1,17,1,16,2,16,2,16,3,15,4,16,5,15,6,16,7,16,8,16,10,17,10,18,11,18,13,18,13,18,14,18,14,18,15,18,15,18,15,16,15,16,15,16,0,0,16,17,16,16,15,16,17,16,16,15,16,15,17,15,17,16,17,14,17,13,18,12,18,12,18,11,16,10,16,9,16,8,16,8,16,8,17,8,18,9,19,9,19,9,20,10,20,9,20,10,18,10,18,10,16,9]"
CSI_DATA,113068,d8:b1:90:d9:de:f0,-58,11,-99,-37,60,56,1686214494,100,0,114,0,"[9,-14,10,-14,12,-14,13,-14,13,-13,13,-13,13,-12,12,-12,11,-11,11,-10,10,-11,10,-11,10,-12,10,-13,11,-13,11,-14,12,-16,13,-16,13,-18,13,-18,13,-18,14,-18,14,-18,15,-18,15,-18,15,-18,15,-17,16,-17,0,0,16,-16,17,-16,18,-16,16,-15,17,-15,18,-15,18,-14,18,-15,18,-14,17,-14,16,-14,16,-13,16,-13,15,-12,15,-11,16,-12,16,-10,16,-11,16,-10,17,-11,17,-11,18,-10,18,-10,20,-10,21,-9,21,-8,18,-6,18,-4]"
CSI_DATA,113069,d8:b1:90:d9:de:f0,-59,9,-99,-38,61,56,1686226912,83,0,106,0,"[36,0,33,0,27,0,12,0,10,0,-26,0,-2,10,-69,0,-5,10,61,0,-4,10,34,0,2,0,4,0,8,0,-22,10,2,0,-52,10,-17,10,-85,10,-52,10,66,10,71,10,56,10,26,10,52,10,0,0,0,0,-54,9,75,10,-78,9,82,10,83,9,-82,10,-48,9,-80,10,10,10,-79,10,-85,10,-77,10,-12,10,-68,10,50,0,-53,10,-68,0,-43,10,-20,0,-18,10,12,0,4,0,26,0,12,0,-4,0]"
CSI_DATA,113070,d8:b1:90:d9:de:f0,-58,11,-99,-37,60,56,1686244370,100,0,114,0,"[-16,0,-18,-2,-18,-4,-18,-4,-18,-4,-18,-5,-16,-5,-16,-5,-16,-4,-15,-5,-15,-4,-15,-4,-16,-3,-16,-3,-18,-3,-18,-3,-19,-2,-20,-3,-21,-3,-22,-3,-21,-3,-22,-3,-23,-4,-23,-4,-23,-5,-22,-5,-22,-5,-21,-5,0,0,-22,-7,-21,-8,-21,-8,-21,-8,-21,-8,-21,-9,-21,-8,-21,-9,-20,-9,-20,-8,-19,-8,-19,-9,-18,-8,-18,-8,-16,-8,-16,-8,-16,-8,-16,-8,-17,-8,-18,-10,-18,-11,-18,-12,-18,-13,-18,-14,-17,-15,-16,-16,-14,-15,-11,-13]"
CSI_DATA,113071,d8:b1:90:d9:de:f0,-58,11,-99,-36,60,56,1686264505,100,0,114,0,"[15,3,16,4,17,5,17,6,18,6,18,6,16,5,16,4,15,3,15,3,15,2,15,2,15,0,16,0,17,0,18,0,19,-2,19,-2,21,-2,21,-4,21,-4,23,-4,21,-4,22,-5,22,-5,21,-6,22,-6,21,-6,0,0,21,-6,21,-6,21,-7,21,-7,21,-7,21,-7,21,-7,21,-8,20,-9,19,-9,18,-9,19,-10,18,-9,16,-9,16,-9,16,-10,15,-10,15,-11,15,-11,16,-11,16,-12,17,-12,18,-12,17,-12,18,-12,17,-11,16,-9,16,-8]"
CSI_DATA,113072,d8:b1:90:d9:de:f0,-58,11,-99,-36,60,56,1686284245,100,0,114,0,"[2,15,2,16,1,17,0,16,1,18,0,17,0,16,0,16,1,16,1,15,2,14,2,15,3,16,4,15,4,16,5,16,6,18,6,19,7,21,7,21,8,20,9,21,8,20,9,20,9,21,8,21,8,20,8,21,0,0,7,20,7,20,7,21,7,21,8,20,7,21,8,20,7,21,8,20,8,19,8,19,8,19,8,17,7,16,8,16,7,16,7,16,7,16,7,16,8,19,8,19,9,19,9,19,9,21,7,21,5,20,5,19,4,18]"
CSI_DATA,113073,d8:b1:90:d9:de:f0,-58,11,-99,-38,60,56,1686294320,100,0,114,0,"[-2,-15,-2,-17,-2,-18,-2,-18,-2,-19,-2,-18,-2,-17,-2,-17,-4,-15,-4,-15,-4,-14,-5,-14,-6,-14,-7,-15,-8,-15,-9,-16,-11,-17,-12,-17,-14,-18,-14,-17,-15,-17,-16,-17,-16,-17,-16,-17,-16,-17,-17,-17,-16,-16,-16,-17,0,0,-17,-15,-17,-15,-17,-15,-17,-14,-17,-14,-18,-14,-17,-14,-18,-14,-19,-13,-18,-12,-18,-11,-18,-11,-17,-10,-17,-9,-17,-8,-17,-8,-17,-8,-17,-8,-17,-7,-19,-8,-20,-8,-20,-8,-20,-8,-21,-9,-21,-9,-20,-10,-18,-9,-17,-9]"
CSI_DATA,113074,d8:b1:90:d9:de:f0,-58,11,-99,-37,60,56,1686304668,100,0,114,0,"[-15,7,-16,6,-17,5,-18,4,-18,5,-18,3,-17,2,-16,2,-16,3,-16,2,-15,2,-16,2,-16,2,-16,2,-18,2,-18,3,-19,2,-21,3,-21,3,-22,3,-22,2,-23,3,-24,2,-24,2,-24,0,-23,0,-23,0,-22,0,0,0,-22,-3,-22,-3,-22,-3,-23,-4,-22,-5,-22,-6,-22,-6,-22,-7,-21,-7,-21,-7,-20,-7,-20,-8,-18,-8,-18,-7,-18,-7,-17,-7,-16,-8,-16,-8,-17,-8,-17,-10,-17,-10,-17,-12,-17,-13,-18,-15,-16,-15,-14,-15,-13,-16,-10,-15]"
CSI_DATA,113075,d8:b1:90:d9:de:f0,-58,11,-99,-35,60,56,1686323837,100,0,114,0,"[-1,15,-2,17,-2,18,-2,18,-2,17,-2,17,-2,17,-2,15,0,15,0,15,0,14,1,15,2,15,3,15,4,16,5,17,6,17,6,18,8,19,8,19,10,19,11,19,11,19,12,19,12,19,12,17,12,18,13,18,0,0,13,17,13,17,13,17,13,16,13,16,14,16,15,15,16,16,15,15,16,15,15,13,16,13,15,11,15,11,15,10,15,10,15,9,15,8,17,8,17,9,18,9,19,9,19,9,19,9,19,10,17,10,17,10,15,9]"
CSI_DATA,113076,d8:b1:90:d9:de:f0,-58,11,-99,-36,60,56,1686334250,100,0,114,0,"[16,0,17,0,18,2,18,3,19,4,18,4,17,4,16,5,15,4,15,4,14,4,15,4,15,4,16,3,16,3,17,3,18,4,19,5,20,4,21,4,21,5,23,6,22,6,21,6,21,7,21,7,21,8,20,8,0,0,19,9,19,10,18,11,19,11,19,12,19,13,19,12,19,13,18,12,17,13,17,12,16,12,16,12,14,12,14,12,14,12,13,12,13,12,14,13,14,14,14,15,13,15,14,16,14,18,12,18,10,17,9,18,6,16]"
CSI_DATA,113077,d8:b1:90:d9:de:f0,-58,11,-99,-37,60,56,1686344396,100,0,114,0,"[17,-2,18,-2,18,-1,18,0,20,0,19,0,18,0,18,1,17,0,16,0,15,0,16,0,16,-1,16,-1,18,-2,18,-2,19,-2,20,-3,21,-3,22,-4,24,-4,24,-4,24,-3,24,-4,24,-3,23,-2,23,-2,23,-2,0,0,22,-1,23,-1,23,-1,24,0,24,0,24,0,24,0,24,0,23,0,23,0,22,0,21,0,20,0,19,0,18,0,19,0,18,0,18,0,20,0,20,0,21,0,21,1,22,2,22,2,21,2,21,3,19,5,17,5]"
CSI_DATA,113078,d8:b1:90:d9:de:f0,-58,11,-99,-34,59,56,1686363941,100,0,114,0,"[11,-14,12,-14,14,-14,14,-14,14,-14,14,-13,14,-11,14,-11,12,-11,12,-11,11,-11,12,-11,12,-11,12,-12,13,-13,14,-13,14,-14,15,-14,14,-14,16,-15,17,-16,17,-17,17,-17,17,-17,19,-15,19,-14,19,-14,19,-14,0,0,18,-13,20,-11,19,-11,20,-11,20,-11,21,-11,20,-10,21,-11,21,-10,20,-10,20,-9,20,-8,19,-8,18,-7,18,-8,18,-8,18,-7,18,-6,19,-6,20,-6,22,-5,22,-5,23,-4,23,-3,23,-2,22,0,20,0,19,1]"
CSI_DATA,113079,d8:b1:90:d9:de:f0,-58,11,-99,-37,60,56,1686377607,100,0,114,0,"[14,-10,16,-10,18,-9,18,-8,18,-8,18,-8,18,-7,16,-6,16,-6,16,-6,15,-6,15,-5,15,-6,15,-7,16,-7,17,-8,18,-8,18,-8,20,-9,20,-9,20,-9,21,-8,21,-8,21,-8,21,-8,21,-6,21,-6,21,-6,0,0,21,-5,21,-3,22,-3,22,-2,23,-2,23,-2,22,-1,24,0,23,-1,23,0,21,0,21,0,21,0,20,0,19,0,20,0,18,1,19,1,20,2,21,3,21,3,22,4,22,5,23,6,23,7,21,8,18,9,17,10]"
CSI_DATA,113080,d8:b1:90:d9:de:f0,-58,11,-99,-37,60,56,1686397682,100,0,114,0,"[-16,5,-18,5,-18,4,-19,4,-19,4,-18,4,-18,4,-17,4,-16,5,-16,5,-14,5,-14,5,-15,7,-14,7,-16,8,-16,9,-16,10,-16,10,-17,12,-17,13,-18,13,-18,15,-18,15,-18,15,-17,15,-18,15,-17,14,-18,15,0,0,-16,15,-17,14,-16,15,-16,15,-17,15,-17,16,-16,16,-16,16,-16,16,-15,16,-14,16,-14,16,-13,15,-12,15,-12,14,-11,15,-10,14,-11,15,-11,16,-12,17,-12,17,-13,17,-13,17,-14,18,-15,17,-14,16,-13,14,-13,13]"
CSI_DATA,113081,d8:b1:90:d9:de:f0,-58,11,-99,-33,59,56,1686414720,100,0,114,0,"[-14,10,-15,10,-16,9,-17,9,-17,9,-16,8,-16,8,-15,8,-13,8,-13,8,-13,8,-13,9,-13,10,-14,10,-14,10,-15,11,-16,13,-16,14,-16,14,-16,16,-16,15,-17,16,-17,15,-17,16,-17,16,-18,16,-18,15,-17,15,0,0,-18,13,-18,14,-18,13,-18,14,-18,14,-19,13,-18,13,-18,13,-18,13,-18,13,-17,13,-17,13,-16,13,-16,11,-16,12,-15,12,-15,11,-15,11,-16,12,-16,12,-17,13,-18,12,-19,12,-20,12,-20,11,-20,10,-19,8,-18,6]"
CSI_DATA,113082,d8:b1:90:d9:de:f0,-58,11,-99,-36,60,56,1686434081,100,0,114,0,"[16,0,17,0,17,1,17,2,19,2,17,2,16,3,15,3,16,2,15,2,14,1,15,2,16,1,16,1,16,0,18,0,19,0,20,0,21,0,21,0,22,0,23,0,23,0,23,0,22,1,22,2,21,2,21,2,0,0,21,2,21,3,21,3,21,4,22,4,22,4,21,4,22,5,21,4,21,4,21,4,20,4,19,4,19,4,18,4,18,4,17,4,18,4,18,4,19,6,19,7,20,7,20,8,21,9,19,10,19,11,17,11,14,10]"
CSI_DATA,113083,d8:b1:90:d9:de:f0,-58,11,-99,-36,60,56,1686454094,100,0,114,0,"[-2,-15,-2,-16,-2,-17,-2,-19,-2,-17,-2,-18,-2,-16,-2,-16,-3,-15,-4,-15,-4,-14,-4,-14,-6,-14,-7,-14,-8,-15,-9,-15,-11,-16,-11,-16,-12,-17,-13,-16,-14,-16,-15,-17,-16,-16,-16,-16,-16,-15,-16,-14,-16,-14,-16,-14,0,0,-16,-14,-15,-14,-16,-14,-16,-13,-17,-13,-17,-13,-18,-12,-19,-12,-18,-12,-18,-11,-18,-9,-19,-9,-18,-8,-17,-7,-16,-7,-17,-7,-17,-6,-17,-6,-18,-6,-19,-6,-19,-6,-20,-7,-21,-6,-21,-7,-21,-7,-20,-7,-18,-7,-16,-7]"
CSI_DATA,113084,d8:b1:90:d9:de:f0,-58,11,-99,-36,60,56,1686464101,100,0,114,0,"[4,-15,7,-16,8,-16,9,-16,9,-16,9,-16,9,-14,8,-14,7,-14,7,-14,6,-14,7,-13,7,-14,7,-14,7,-15,7,-16,7,-17,8,-18,8,-19,8,-19,9,-19,9,-20,9,-20,9,-20,9,-19,10,-19,11,-19,11,-19,0,0,12,-18,12,-18,12,-17,13,-17,14,-17,14,-17,14,-17,14,-17,13,-16,14,-16,14,-14,13,-14,13,-14,12,-13,12,-13,12,-13,12,-13,13,-13,14,-13,15,-13,15,-14,16,-14,17,-12,18,-12,19,-11,19,-10,17,-8,16,-7]"
CSI_DATA,113085,d8:b1:90:d9:de:f0,-58,11,-99,-36,60,56,1686483661,100,0,114,0,"[10,12,9,14,9,14,8,15,9,16,8,16,7,15,6,15,7,14,6,14,6,14,7,14,7,14,7,14,7,15,7,16,9,16,9,18,9,19,9,20,9,20,9,21,7,21,7,21,7,22,6,21,5,21,4,22,0,0,3,22,2,21,2,22,1,23,0,23,0,23,0,22,0,22,-1,22,-1,21,-1,21,-1,20,-2,19,-2,19,-2,18,-3,19,-3,19,-4,19,-4,19,-6,19,-7,19,-7,19,-9,19,-10,19,-11,19,-12,16,-12,15,-12,13]"
CSI_DATA,113086,d8:b1:90:d9:de:f0,-58,11,-99,-36,60,56,1686494188,100,0,114,0,"[-5,-16,-4,-17,-4,-18,-2,-18,-3,-19,-2,-18,-1,-17,-1,-16,-2,-16,-2,-15,-2,-15,-2,-15,-2,-16,-2,-16,-2,-17,-2,-18,-3,-19,-2,-20,-3,-21,-3,-21,-3,-21,-3,-22,-3,-22,-2,-23,-1,-22,0,-22,0,-22,0,-23,0,0,1,-22,2,-22,2,-22,3,-22,3,-22,3,-22,3,-21,4,-22,4,-21,4,-21,4,-20,5,-20,4,-19,4,-19,5,-19,5,-19,5,-18,6,-18,6,-18,7,-18,7,-19,8,-19,9,-19,12,-19,13,-19,13,-17,13,-15,14,-14]"
CSI_DATA,113087,d8:b1:90:d9:de:f0,-58,11,-99,-37,60,56,1686514403,100,0,114,0,"[16,-2,17,-2,18,0,18,0,19,0,18,0,18,0,16,0,16,-2,16,-1,16,-2,16,-2,15,-3,16,-5,16,-5,18,-5,18,-6,19,-8,20,-8,21,-8,20,-10,21,-10,21,-10,21,-10,20,-10,19,-10,19,-10,19,-11,0,0,21,-10,20,-10,20,-9,21,-10,20,-10,20,-10,20,-11,19,-10,19,-11,18,-12,17,-10,17,-12,16,-10,16,-10,15,-10,15,-10,15,-10,13,-11,15,-11,16,-13,17,-13,18,-13,18,-13,19,-13,19,-13,18,-12,18,-10,17,-8]"
CSI_DATA,113088,d8:b1:90:d9:de:f0,-58,11,-99,-36,60,56,1686533881,100,0,114,0,"[-9,13,-10,14,-11,14,-12,13,-14,14,-13,13,-14,13,-12,12,-10,12,-10,12,-9,12,-10,12,-9,12,-9,13,-9,14,-9,15,-9,16,-10,18,-10,18,-11,19,-10,19,-10,20,-11,20,-11,20,-12,20,-12,19,-12,19,-11,19,0,0,-12,18,-12,19,-12,18,-12,19,-12,19,-12,19,-12,18,-12,19,-12,19,-11,18,-11,17,-10,17,-10,16,-9,16,-9,16,-9,16,-9,16,-9,16,-9,16,-9,16,-11,17,-12,17,-12,17,-13,18,-14,18,-14,16,-14,15,-13,12]"
CSI_DATA,113089,d8:b1:90:d9:de:f0,-58,11,-99,-37,60,56,1686544006,100,0,114,0,"[-8,14,-9,15,-10,15,-10,15,-10,16,-10,15,-10,14,-10,13,-8,14,-8,14,-8,14,-7,14,-6,15,-5,16,-5,17,-5,18,-4,19,-5,20,-4,21,-3,22,-2,22,-3,24,-2,24,-2,24,-2,24,-2,23,-2,23,-2,23,0,0,-2,22,-2,22,-2,22,-2,22,-1,23,-1,23,0,23,0,23,0,22,0,22,0,21,1,21,1,20,2,19,2,19,2,18,2,18,3,18,3,19,2,19,2,21,3,21,2,21,3,23,2,23,2,22,1,20,0,18]"
CSI_DATA,113090,d8:b1:90:d9:de:f0,-57,11,-99,-35,59,56,1686554386,100,0,114,0,"[-1,-16,-1,-18,0,-20,0,-20,0,-20,0,-20,0,-18,-1,-18,-2,-16,-3,-16,-3,-16,-4,-16,-5,-16,-6,-16,-7,-17,-8,-17,-10,-19,-10,-18,-12,-19,-13,-19,-14,-20,-15,-20,-16,-19,-16,-19,-16,-18,-16,-18,-16,-18,-16,-17,0,0,-17,-17,-16,-17,-16,-16,-17,-16,-17,-16,-18,-15,-18,-15,-19,-14,-19,-14,-19,-13,-18,-12,-20,-12,-19,-11,-19,-10,-18,-10,-18,-9,-17,-8,-17,-7,-18,-7,-19,-7,-20,-7,-21,-8,-21,-7,-22,-8,-21,-9,-21,-10,-19,-9,-17,-9]"
CSI_DATA,113091,d8:b1:90:d9:de:f0,-59,9,-99,-37,60,56,1686565279,252,0,106,0,"[38,10,13,10,51,10,37,10,82,10,69,10,-70,10,-83,10,-44,10,-53,10,-23,10,-26,10,-3,10,-2,10,21,0,19,0,52,0,28,0,-93,0,12,0,-64,0,-23,10,-44,0,-77,10,-45,0,50,10,0,0,0,0,90,0,-60,10,61,0,89,10,29,0,83,10,16,0,-68,10,22,0,-4,10,42,0,68,10,61,0,-48,10,81,0,11,0,-83,0,63,0,-63,0,-77,0,-45,0,-42,0,-36,0,-34,0,-51,0]"
CSI_DATA,113092,d8:b1:90:d9:de:f0,-58,11,-99,-37,60,56,1686577569,100,0,114,0,"[11,12,11,14,11,16,10,16,10,16,10,16,10,16,8,15,9,13,8,13,9,13,8,13,10,13,10,13,11,14,12,15,13,14,13,16,15,16,16,16,16,17,16,17,16,17,16,18,15,18,15,18,14,18,14,18,0,0,14,18,13,18,13,18,13,19,13,19,13,20,13,19,13,20,12,19,12,19,12,18,10,18,10,17,10,16,10,16,10,16,10,16,10,16,10,16,10,17,10,18,10,18,9,19,9,21,8,21,7,20,5,20,4,17]"
CSI_DATA,113093,d8:b1:90:d9:de:f0,-58,11,-99,-36,60,56,1686594022,100,0,114,0,"[0,-16,2,-17,3,-18,3,-18,4,-19,4,-17,5,-16,4,-15,2,-14,3,-15,2,-14,3,-15,2,-15,2,-16,2,-16,2,-17,2,-18,2,-20,2,-20,2,-22,2,-21,2,-23,2,-23,2,-23,4,-23,4,-22,4,-22,4,-21,0,0,5,-21,5,-22,6,-21,7,-22,6,-21,7,-21,6,-21,7,-21,7,-21,7,-21,7,-19,7,-19,7,-19,6,-17,7,-18,6,-17,7,-16,7,-16,7,-17,7,-18,8,-19,8,-19,9,-19,11,-19,12,-18,12,-16,12,-16,11,-12]"
CSI_DATA,113094,d8:b1:90:d9:de:f0,-59,11,-99,-34,60,56,1686606653,100,0,114,0,"[-15,-4,-16,-5,-16,-6,-17,-7,-16,-7,-16,-8,-15,-6,-14,-6,-14,-5,-14,-4,-14,-4,-14,-3,-14,-3,-15,-2,-16,-2,-16,-2,-18,-1,-18,-2,-20,0,-20,0,-22,0,-22,0,-22,0,-22,0,-21,0,-22,0,-22,0,-20,0,0,0,-22,0,-20,0,-22,0,-20,0,-22,0,-21,0,-21,0,-21,0,-21,0,-20,2,-20,2,-19,2,-18,2,-18,2,-16,2,-18,2,-16,2,-17,3,-17,2,-18,2,-19,3,-20,2,-20,2,-20,2,-20,2,-20,1,-18,0,-16,0]"
CSI_DATA,113095,d8:b1:90:d9:de:f0,-58,11,-99,-36,60,56,1686624170,100,0,114,0,"[-7,-14,-6,-16,-5,-17,-4,-17,-4,-17,-3,-17,-2,-16,-2,-16,-3,-15,-2,-15,-2,-14,-2,-15,-3,-15,-4,-15,-4,-16,-4,-17,-4,-18,-4,-19,-5,-20,-5,-21,-5,-21,-4,-22,-4,-23,-4,-22,-4,-23,-3,-22,-2,-21,-2,-22,0,0,0,-21,0,-21,0,-21,0,-22,0,-21,1,-22,1,-21,2,-22,2,-21,2,-21,1,-21,1,-20,1,-19,2,-18,2,-19,2,-17,2,-18,2,-17,3,-18,4,-19,4,-19,5,-20,6,-20,7,-20,8,-19,9,-17,9,-16,9,-15]"
CSI_DATA,113096,d8:b1:90:d9:de:f0,-58,11,-99,-34,59,56,1686635871,100,0,114,0,"[-11,11,-13,12,-14,12,-14,12,-15,12,-14,12,-14,11,-14,11,-11,12,-11,12,-10,12,-10,13,-9,14,-8,14,-9,16,-8,17,-8,19,-8,20,-8,20,-7,22,-7,23,-6,23,-5,24,-5,23,-5,23,-5,23,-5,23,-5,23,0,0,-5,23,-4,23,-5,23,-4,23,-3,23,-3,24,-2,24,-1,24,-1,23,0,23,0,22,0,21,0,20,1,20,0,19,1,20,2,19,2,20,2,20,3,20,3,21,3,22,3,23,3,23,2,23,2,22,2,20,0,19]"
CSI_DATA,113097,d8:b1:90:d9:de:f0,-58,11,-99,-35,60,56,1686653884,100,0,114,0,"[-15,4,-16,4,-17,2,-17,2,-18,2,-17,2,-17,1,-16,0,-15,2,-15,1,-14,2,-15,2,-15,2,-15,2,-15,2,-17,3,-17,3,-19,3,-19,3,-20,4,-21,3,-22,3,-22,3,-22,3,-22,2,-21,2,-21,1,-21,1,0,0,-19,0,-20,0,-19,0,-22,-1,-21,-2,-21,-2,-21,-2,-21,-2,-20,-2,-19,-2,-19,-2,-19,-2,-19,-2,-17,-2,-17,-2,-18,-2,-17,-3,-17,-3,-17,-3,-19,-4,-19,-4,-20,-6,-21,-7,-20,-7,-19,-8,-18,-8,-17,-10,-15,-10]"
CSI_DATA,113098,d8:b1:90:d9:de:f0,-58,11,-99,-37,60,56,1686664121,100,0,114,0,"[16,-7,16,-6,18,-5,18,-5,18,-5,17,-5,17,-4,16,-3,15,-5,15,-5,14,-5,15,-5,15,-6,16,-7,16,-7,17,-8,17,-9,18,-9,18,-10,19,-10,19,-10,20,-12,21,-11,20,-11,21,-10,20,-10,21,-10,20,-10,0,0,19,-9,19,-8,19,-8,21,-8,21,-8,21,-8,20,-9,20,-8,20,-9,20,-9,18,-8,19,-8,18,-8,17,-8,17,-8,17,-8,17,-8,16,-7,17,-8,18,-8,19,-8,21,-8,21,-8,21,-6,22,-6,21,-5,20,-3,18,-2]"
CSI_DATA,113099,d8:b1:90:d9:de:f0,-58,11,-99,-37,60,56,1686674622,100,0,114,0,"[5,16,5,17,4,18,4,18,5,18,4,17,3,17,3,16,5,16,5,16,5,15,5,16,6,15,6,15,8,16,8,17,10,18,10,19,10,19,12,20,12,19,13,20,13,20,13,20,13,21,12,20,12,20,11,19,0,0,11,19,12,20,11,19,12,21,12,20,12,20,12,20,12,20,12,19,11,19,11,18,12,17,10,17,10,16,10,16,10,15,10,16,11,15,11,16,12,16,12,17,12,18,13,18,12,19,10,19,10,18,9,18,7,16]"
CSI_DATA,113100,d8:b1:90:d9:de:f0,-58,11,-99,-36,60,56,1686684724,100,0,114,0,"[14,8,14,9,14,9,14,10,15,11,14,10,14,9,14,9,14,8,14,7,14,7,14,6,14,5,15,5,16,4,17,4,19,4,20,3,21,3,21,3,23,2,24,2,23,2,24,0,22,0,22,0,22,0,22,0,0,0,22,0,21,0,22,0,23,0,22,-1,23,0,22,-1,22,-2,21,-2,21,-3,20,-4,20,-4,19,-4,19,-4,17,-4,18,-5,17,-5,17,-6,18,-6,19,-7,20,-7,20,-7,21,-7,21,-8,21,-8,21,-7,19,-5,17,-4]"
CSI_DATA,113101,d8:b1:90:d9:de:f0,-58,11,-99,-37,60,56,1686703962,100,0,114,0,"[14,-8,16,-8,16,-8,17,-7,16,-8,17,-8,16,-7,16,-8,13,-8,14,-8,13,-8,13,-8,13,-10,13,-11,13,-12,14,-13,14,-15,15,-16,15,-17,14,-18,14,-18,15,-19,14,-20,14,-20,14,-19,13,-19,13,-19,13,-19,0,0,13,-18,13,-18,13,-19,13,-18,13,-19,13,-19,12,-20,12,-20,11,-20,10,-20,10,-19,10,-19,8,-18,8,-18,7,-17,7,-17,6,-17,7,-17,7,-18,7,-20,8,-21,8,-21,8,-21,8,-21,9,-21,9,-20,9,-18,9,-16]"
CSI_DATA,113102,d8:b1:90:d9:de:f0,-58,11,-99,-36,60,56,1686714044,100,0,114,0,"[-5,-14,-4,-16,-4,-17,-2,-17,-2,-18,-1,-17,0,-16,0,-16,-1,-16,0,-15,0,-15,0,-15,-1,-15,-1,-16,0,-16,-1,-18,-2,-19,-1,-20,0,-21,-1,-21,0,-21,0,-22,0,-24,0,-23,2,-22,2,-22,2,-21,4,-21,0,0,4,-21,5,-21,6,-20,6,-20,7,-20,7,-20,7,-20,9,-21,9,-19,9,-19,9,-19,9,-18,9,-17,9,-16,9,-16,9,-16,9,-15,9,-15,10,-15,12,-16,13,-16,14,-16,15,-16,16,-14,17,-14,16,-12,16,-10,16,-8]"
CSI_DATA,113103,d8:b1:90:d9:de:f0,-58,11,-99,-36,60,56,1686724331,100,0,114,0,"[-14,-7,-14,-8,-14,-9,-14,-10,-15,-11,-14,-11,-13,-11,-12,-11,-13,-9,-12,-9,-12,-9,-12,-9,-13,-9,-14,-9,-14,-9,-14,-9,-16,-10,-17,-11,-19,-12,-18,-12,-19,-13,-20,-12,-19,-14,-20,-12,-17,-14,-17,-14,-16,-14,-16,-15,0,0,-15,-14,-16,-14,-16,-16,-15,-16,-15,-16,-15,-16,-15,-16,-14,-17,-14,-16,-14,-16,-13,-16,-13,-16,-12,-15,-12,-14,-12,-14,-12,-14,-11,-14,-12,-14,-11,-15,-12,-16,-12,-17,-12,-18,-11,-19,-9,-20,-8,-20,-7,-19,-7,-19,-4,-17]"
CSI_DATA,113104,d8:b1:90:d9:de:f0,-58,11,-99,-36,60,56,1686744360,100,0,114,0,"[14,-6,16,-6,16,-6,16,-6,19,-6,17,-6,16,-6,16,-5,14,-7,14,-7,13,-7,13,-8,13,-9,13,-10,13,-11,13,-12,13,-13,14,-14,14,-16,14,-16,14,-17,14,-18,14,-18,14,-19,13,-19,13,-18,13,-18,12,-18,0,0,12,-19,12,-18,12,-19,12,-19,12,-19,11,-19,10,-19,11,-20,9,-20,9,-19,8,-19,7,-19,6,-18,5,-18,5,-17,5,-18,4,-17,4,-18,4,-19,4,-19,4,-19,4,-19,4,-20,5,-21,5,-21,5,-20,5,-19,5,-16]"
CSI_DATA,113105,d8:b1:90:d9:de:f0,-58,11,-99,-37,60,56,1686754356,100,0,114,0,"[-2,-16,0,-18,0,-18,1,-19,1,-19,2,-19,2,-17,2,-17,1,-17,1,-16,1,-16,1,-16,0,-17,1,-17,0,-18,0,-18,0,-21,1,-21,1,-23,0,-23,1,-25,2,-24,2,-24,2,-24,2,-24,3,-24,4,-24,5,-24,0,0,5,-23,7,-21,8,-22,7,-21,8,-22,8,-22,8,-21,9,-21,8,-21,8,-20,9,-19,8,-19,8,-18,8,-18,8,-16,9,-17,8,-16,9,-17,10,-17,10,-18,11,-18,12,-18,13,-17,14,-17,15,-16,16,-15,15,-13,16,-12]"
CSI_DATA,113106,d8:b1:90:d9:de:f0,-58,11,-99,-34,59,56,1686765471,100,0,114,0,"[11,-13,13,-13,14,-13,16,-11,15,-11,16,-11,15,-10,14,-9,14,-9,14,-8,14,-8,14,-8,14,-9,14,-9,15,-10,16,-11,17,-12,17,-12,19,-13,19,-13,20,-13,20,-12,20,-12,22,-12,21,-11,22,-11,22,-9,22,-9,0,0,22,-8,22,-6,23,-5,23,-5,23,-5,23,-5,23,-4,23,-3,23,-2,22,-2,21,-2,21,-2,20,-2,20,-1,19,-1,20,-1,18,0,19,0,19,0,20,0,21,1,22,2,22,2,22,4,22,5,20,7,18,7,17,8]"
CSI_DATA,113107,d8:b1:90:d9:de:f0,-58,11,-99,-37,60,56,1686784014,100,0,114,0,"[10,-12,13,-12,13,-11,15,-11,16,-10,16,-10,15,-9,14,-9,13,-9,13,-8,13,-8,13,-8,13,-10,13,-10,14,-10,15,-11,16,-13,16,-13,18,-13,18,-14,19,-15,19,-15,19,-14,20,-14,19,-13,21,-13,20,-13,21,-12,0,0,21,-10,21,-10,21,-10,21,-9,21,-9,21,-9,21,-8,22,-8,21,-8,21,-8,21,-8,20,-7,19,-7,18,-7,18,-5,18,-5,17,-5,18,-5,19,-5,20,-5,20,-4,21,-4,21,-3,22,-2,22,-2,21,0,21,0,18,1]"
CSI_DATA,113108,d8:b1:90:d9:de:f0,-58,11,-99,-37,60,56,1686804054,100,0,114,0,"[15,-7,16,-7,17,-7,18,-7,18,-6,18,-6,16,-6,16,-6,14,-8,14,-8,13,-8,13,-8,13,-9,13,-10,13,-11,13,-12,15,-15,14,-14,16,-16,15,-17,15,-18,14,-18,13,-19,13,-20,13,-19,13,-18,13,-19,12,-18,0,0,13,-19,12,-18,13,-19,12,-19,12,-20,11,-20,10,-21,10,-21,10,-20,9,-19,8,-19,8,-19,7,-18,7,-18,6,-17,5,-18,5,-18,5,-18,5,-18,5,-20,5,-21,5,-21,5,-21,6,-22,6,-21,6,-21,7,-18,7,-17]"
CSI_DATA,113109,d8:b1:90:d9:de:f0,-58,11,-99,-37,60,56,1686814395,100,0,114,0,"[-2,17,-3,18,-5,18,-6,18,-6,18,-6,17,-7,16,-7,15,-5,15,-5,15,-6,14,-6,14,-5,15,-5,15,-6,16,-6,17,-7,18,-8,19,-8,20,-9,21,-9,21,-10,21,-11,21,-11,21,-11,21,-12,20,-13,20,-13,19,0,0,-14,17,-14,16,-15,16,-16,16,-16,15,-17,15,-17,15,-18,14,-18,13,-17,13,-16,13,-16,12,-16,11,-16,10,-16,10,-16,10,-16,9,-16,8,-17,8,-18,8,-19,8,-20,8,-21,7,-21,5,-22,4,-21,2,-20,1,-19,0]"
CSI_DATA,113110,d8:b1:90:d9:de:f0,-58,11,-99,-33,59,56,1686824400,100,0,114,0,"[-15,-5,-15,-6,-15,-7,-15,-8,-16,-8,-16,-8,-15,-8,-14,-8,-14,-7,-14,-7,-13,-7,-14,-7,-15,-5,-15,-6,-16,-6,-17,-6,-19,-6,-20,-7,-21,-7,-22,-7,-23,-8,-24,-8,-23,-8,-24,-8,-23,-9,-23,-8,-21,-9,-21,-10,0,0,-19,-9,-20,-10,-20,-9,-20,-10,-21,-10,-21,-11,-20,-11,-20,-13,-19,-11,-19,-11,-18,-10,-18,-11,-17,-10,-16,-9,-17,-9,-16,-10,-16,-9,-16,-10,-16,-10,-17,-11,-18,-13,-17,-13,-18,-14,-18,-15,-16,-15,-15,-15,-13,-15,-12,-15]"
CSI_DATA,113111,d8:b1:90:d9:de:f0,-59,9,-99,-37,60,56,1686838756,124,0,106,0,"[-26,10,56,0,-4,10,54,0,37,10,37,0,75,10,22,0,-70,10,14,0,-37,10,11,0,-8,10,5,0,26,0,-7,10,51,0,-33,10,62,0,-75,10,50,0,65,10,13,0,21,10,-32,10,-19,10,0,0,0,0,55,10,-34,10,11,10,-35,10,-10,10,-21,10,8,10,11,10,61,10,50,10,-61,10,85,10,5,0,-69,10,65,0,-51,10,-72,0,-28,10,-26,0,-8,10,7,0,5,0,21,0,-5,10,-8,0]"
CSI_DATA,113112,d8:b1:90:d9:de:f0,-58,11,-99,-37,60,56,1686855614,100,0,114,0,"[-16,4,-18,4,-18,3,-18,2,-19,2,-18,2,-18,2,-16,2,-16,4,-16,4,-15,5,-16,5,-15,7,-16,7,-16,8,-16,9,-17,10,-18,11,-18,12,-18,14,-18,14,-19,15,-18,15,-18,16,-18,16,-17,15,-18,16,-18,16,0,0,-17,16,-17,16,-17,16,-17,16,-16,16,-16,17,-16,17,-16,18,-16,18,-15,18,-13,17,-13,17,-12,17,-11,16,-10,16,-10,16,-9,16,-9,16,-10,17,-10,18,-10,18,-10,19,-10,20,-11,20,-11,19,-11,18,-10,17,-10,14]"
CSI_DATA,113113,d8:b1:90:d9:de:f0,-58,11,-99,-36,60,56,1686873953,100,0,114,0,"[-15,4,-17,3,-18,2,-18,1,-19,0,-18,0,-17,0,-16,-1,-16,0,-15,-1,-15,0,-16,-1,-16,0,-16,-1,-17,0,-18,0,-19,0,-21,0,-21,-1,-22,-1,-23,-2,-23,-2,-24,-2,-23,-2,-22,-4,-22,-4,-21,-5,-21,-6,0,0,-20,-7,-20,-7,-20,-7,-20,-9,-21,-9,-21,-10,-20,-10,-19,-11,-19,-10,-18,-11,-17,-10,-17,-12,-16,-10,-16,-11,-16,-10,-16,-11,-15,-11,-15,-12,-15,-12,-15,-13,-14,-14,-15,-15,-14,-16,-14,-18,-12,-18,-11,-18,-9,-18,-7,-16]"
CSI_DATA,113114,d8:b1:90:d9:de:f0,-58,11,-99,-37,60,56,1686885660,100,0,114,0,"[-16,-4,-18,-5,-18,-5,-18,-6,-18,-6,-18,-6,-17,-6,-16,-5,-16,-5,-15,-4,-15,-3,-16,-3,-16,-2,-16,-1,-18,-1,-18,0,-20,0,-21,0,-22,0,-22,1,-23,2,-24,2,-24,2,-24,2,-23,2,-24,3,-22,2,-22,2,0,0,-22,3,-22,2,-22,2,-23,3,-24,3,-23,3,-22,4,-22,3,-21,4,-21,5,-21,5,-21,5,-19,5,-18,5,-18,5,-18,7,-18,6,-18,7,-18,7,-19,7,-19,8,-21,8,-21,8,-22,8,-21,8,-21,6,-20,5,-18,3]"
CSI_DATA,113115,d8:b1:90:d9:de:f0,-58,11,-99,-36,60,56,1686904058,100,0,114,0,"[-11,-11,-12,-12,-12,-13,-12,-14,-12,-14,-12,-13,-11,-12,-11,-11,-11,-9,-11,-9,-12,-9,-12,-9,-13,-7,-14,-7,-16,-7,-16,-7,-17,-7,-19,-7,-19,-6,-20,-5,-21,-4,-23,-4,-23,-4,-24,-4,-23,-3,-22,-2,-22,-2,-21,-2,0,0,-21,-2,-21,-1,-21,-1,-21,-1,-21,0,-21,0,-21,0,-23,0,-22,1,-21,2,-20,3,-20,3,-19,4,-19,4,-17,4,-17,4,-17,4,-16,5,-17,6,-19,6,-19,6,-20,7,-20,7,-21,7,-21,7,-20,7,-19,5,-16,4]"
CSI_DATA,113116,d8:b1:90:d9:de:f0,-58,11,-99,-36,60,56,1686924559,100,0,114,0,"[3,-16,4,-17,4,-18,6,-18,6,-17,7,-17,6,-16,6,-15,5,-15,4,-14,4,-14,4,-14,4,-15,4,-16,4,-16,4,-17,3,-19,3,-20,3,-21,2,-21,3,-21,4,-22,4,-22,4,-23,4,-21,4,-21,5,-21,5,-22,0,0,5,-21,6,-21,6,-21,7,-21,7,-21,7,-21,7,-21,8,-21,8,-21,7,-20,7,-19,6,-19,6,-19,5,-18,5,-17,5,-18,5,-17,6,-17,6,-17,7,-18,8,-19,9,-19,9,-19,10,-20,11,-19,12,-18,11,-16,11,-14]"
CSI_DATA,113117,d8:b1:90:d9:de:f0,-58,11,-99,-36,60,56,1686935444,100,0,114,0,"[-5,-15,-5,-16,-4,-18,-3,-18,-3,-18,-2,-18,-2,-17,-2,-16,-2,-15,-2,-15,-3,-14,-4,-14,-4,-15,-4,-16,-5,-16,-6,-17,-6,-18,-6,-19,-7,-20,-7,-21,-7,-21,-7,-21,-7,-21,-7,-21,-7,-21,-7,-21,-7,-21,-6,-20,0,0,-5,-21,-4,-21,-4,-21,-4,-21,-4,-21,-3,-21,-4,-21,-3,-22,-3,-21,-4,-21,-4,-20,-4,-20,-4,-19,-3,-19,-4,-18,-3,-18,-2,-18,-2,-18,-2,-19,-2,-19,-2,-20,-2,-21,-2,-21,0,-21,0,-21,1,-20,1,-19,2,-18]"
CSI_DATA,113118,d8:b1:90:d9:de:f0,-58,11,-99,-36,60,56,1686954129,100,0,114,0,"[4,-15,5,-16,6,-16,7,-16,7,-16,7,-16,7,-15,7,-14,6,-14,6,-14,5,-14,5,-14,4,-14,4,-15,4,-16,4,-16,4,-18,4,-19,4,-20,4,-21,4,-21,4,-21,4,-21,4,-22,4,-22,4,-21,4,-21,4,-21,0,0,4,-21,5,-20,5,-20,5,-21,6,-21,5,-21,5,-21,6,-21,5,-21,5,-21,5,-20,5,-19,4,-19,4,-19,4,-19,4,-19,4,-18,4,-18,4,-19,4,-19,4,-19,5,-20,6,-20,6,-21,8,-21,8,-19,8,-19,8,-16]"
CSI_DATA,113119,d8:b1:90:d9:de:f0,-58,11,-99,-36,60,56,1686964291,100,0,114,0,"[0,-16,1,-16,2,-18,2,-18,2,-18,2,-17,2,-16,2,-16,1,-15,0,-15,0,-14,0,-15,-1,-15,-2,-16,-2,-16,-2,-17,-4,-18,-4,-19,-4,-20,-5,-21,-6,-21,-7,-21,-7,-21,-7,-21,-7,-21,-7,-20,-7,-21,-7,-19,0,0,-7,-19,-7,-19,-7,-19,-7,-20,-8,-20,-7,-20,-9,-19,-9,-21,-9,-20,-9,-19,-9,-19,-9,-18,-9,-17,-9,-16,-9,-16,-10,-16,-10,-15,-10,-15,-10,-15,-11,-15,-11,-16,-12,-17,-12,-17,-12,-18,-12,-19,-10,-18,-9,-18,-7,-16]"
CSI_DATA,113120,d8:b1:90:d9:de:f0,-57,11,-99,-34,59,56,1686974822,100,0,114,0,"[-17,-1,-18,-2,-19,-2,-20,-2,-20,-2,-19,-2,-18,-2,-17,-2,-17,0,-16,0,-16,0,-17,0,-16,2,-17,2,-18,3,-19,5,-20,5,-20,6,-21,7,-21,8,-22,8,-22,9,-23,10,-22,11,-21,10,-21,10,-22,11,-20,11,0,0,-20,11,-20,11,-20,11,-20,11,-20,11,-20,12,-19,13,-20,13,-19,14,-18,14,-17,14,-17,14,-15,14,-14,14,-14,14,-14,14,-13,14,-13,14,-14,15,-13,15,-14,16,-14,17,-15,17,-16,17,-16,17,-16,16,-15,14,-14,12]"
CSI_DATA,113121,d8:b1:90:d9:de:f0,-58,11,-99,-37,60,56,1686989247,100,0,114,0,"[-16,2,-18,1,-18,0,-19,0,-19,0,-18,0,-18,0,-16,0,-16,0,-16,0,-15,1,-16,1,-16,2,-17,2,-18,3,-18,4,-19,4,-20,5,-21,5,-21,6,-22,6,-23,7,-23,6,-23,8,-23,6,-22,5,-22,5,-21,5,0,0,-21,6,-21,5,-22,5,-21,5,-22,5,-22,5,-23,5,-23,5,-22,5,-21,5,-21,5,-20,5,-19,5,-18,5,-18,5,-18,5,-18,5,-18,5,-18,5,-19,5,-20,5,-21,5,-21,5,-22,4,-22,4,-21,3,-21,2,-18,0]"
CSI_DATA,113122,d8:b1:90:d9:de:f0,-58,11,-99,-37,60,56,1687003975,100,0,114,0,"[16,0,18,0,18,2,18,2,18,4,17,4,17,4,16,4,16,4,15,3,15,4,15,2,15,3,16,2,17,3,18,4,19,3,19,4,21,5,21,5,22,5,23,6,22,5,23,6,22,7,22,7,21,8,21,8,0,0,21,10,19,10,19,11,19,11,19,12,20,13,19,13,20,13,18,14,18,13,18,13,18,13,16,13,16,12,14,12,14,13,13,12,13,13,14,13,13,14,13,15,13,16,13,17,13,18,11,18,10,18,8,18,5,17]"
CSI_DATA,113123,d8:b1:90:d9:de:f0,-58,11,-99,-34,59,56,1687018776,100,0,114,0,"[-14,10,-14,10,-16,11,-17,10,-16,11,-16,10,-15,9,-14,9,-12,10,-13,9,-12,10,-11,10,-11,11,-11,12,-12,13,-12,14,-13,16,-12,17,-14,18,-13,18,-13,20,-13,20,-14,20,-13,20,-13,20,-13,19,-13,20,-13,20,0,0,-14,20,-13,19,-14,20,-14,20,-13,20,-13,20,-14,20,-14,20,-13,20,-12,20,-11,19,-10,18,-9,18,-10,17,-8,17,-8,17,-8,17,-8,17,-8,17,-9,19,-9,20,-10,20,-11,20,-10,20,-11,20,-11,19,-11,16,-11,15]"
CSI_DATA,113124,d8:b1:90:d9:de:f0,-58,11,-99,-36,60,56,1687033653,100,0,114,0,"[-5,14,-7,15,-8,16,-9,16,-9,14,-10,14,-9,13,-9,12,-9,12,-9,12,-9,12,-8,12,-8,13,-9,14,-9,14,-9,15,-10,17,-10,16,-12,18,-11,18,-13,19,-13,19,-13,19,-14,19,-14,18,-14,17,-14,17,-14,17,0,0,-16,16,-15,14,-16,14,-16,13,-16,14,-17,14,-17,13,-18,14,-18,12,-17,13,-16,12,-16,12,-16,11,-16,11,-15,9,-16,10,-16,9,-16,9,-17,9,-18,9,-19,9,-20,8,-20,7,-21,7,-22,6,-22,4,-19,2,-18,1]"
CSI_DATA,113125,d8:b1:90:d9:de:f0,-58,11,-99,-37,60,56,1687044477,100,0,114,0,"[-5,16,-5,17,-8,17,-8,16,-9,18,-9,16,-10,15,-9,14,-8,13,-8,13,-8,13,-8,14,-8,14,-8,15,-8,15,-8,16,-8,17,-10,18,-10,19,-10,20,-10,20,-11,21,-13,21,-12,21,-13,20,-13,19,-13,19,-13,18,0,0,-15,17,-15,17,-16,16,-16,16,-16,16,-16,16,-16,15,-18,16,-17,16,-17,15,-16,14,-16,13,-16,13,-15,12,-15,13,-15,12,-15,11,-15,11,-16,11,-16,10,-18,10,-19,10,-20,10,-21,9,-21,8,-21,6,-20,5,-17,3]"
CSI_DATA,113126,d8:b1:90:d9:de:f0,-58,11,-99,-36,60,56,1687064001,100,0,114,0,"[-2,15,-2,16,-4,18,-3,19,-4,17,-3,16,-2,16,-2,15,-1,15,0,15,0,15,0,14,1,15,2,16,3,17,4,18,6,18,5,19,6,19,7,20,9,19,9,19,10,19,10,20,11,19,11,19,11,19,12,19,0,0,12,18,12,18,12,18,12,18,13,17,14,17,14,16,14,17,14,16,15,15,14,14,16,14,16,13,16,12,14,11,14,11,14,10,14,9,16,9,16,9,17,10,18,10,18,10,19,11,19,11,18,11,16,11,14,9]"
CSI_DATA,113127,d8:b1:90:d9:de:f0,-58,11,-99,-37,60,56,1687074165,100,0,114,0,"[10,13,9,15,9,16,8,17,7,17,7,17,6,16,5,16,6,15,6,15,6,14,5,14,8,14,7,15,8,16,8,16,9,17,9,18,9,18,10,19,10,19,10,20,10,21,10,20,9,20,8,21,8,21,8,21,0,0,7,21,5,21,5,22,5,21,5,22,5,22,5,22,4,23,4,22,3,22,3,21,3,21,2,20,2,19,2,18,2,19,2,18,1,19,1,19,1,21,0,21,0,21,0,22,-2,23,-3,22,-4,21,-5,20,-6,18]"
CSI_DATA,113128,d8:b1:90:d9:de:f0,-59,9,-99,-37,60,56,1687089521,124,0,106,0,"[39,0,0,0,14,0,2,0,-32,0,8,0,-80,0,12,0,65,0,10,0,32,0,1,0,4,0,-10,10,-30,10,-19,10,-69,10,-17,10,86,10,1,0,59,10,44,0,40,10,-91,0,39,10,-35,0,0,0,0,0,75,10,60,0,90,10,-91,0,-73,10,-91,0,-66,10,59,0,-61,10,-5,0,-62,10,-86,0,-60,10,21,0,-55,10,-48,10,-41,10,82,10,-28,10,29,10,-13,10,-13,10,-8,10,-24,10,-10,10]"
CSI_DATA,113129,d8:b1:90:d9:de:f0,-58,11,-99,-37,60,56,1687104025,100,0,114,0,"[-5,16,-8,16,-8,16,-9,16,-9,16,-9,15,-9,15,-8,13,-8,14,-8,14,-8,13,-8,13,-8,15,-8,15,-8,15,-8,16,-8,18,-9,18,-10,20,-10,20,-10,21,-10,21,-10,21,-12,21,-12,20,-13,19,-13,19,-13,18,0,0,-13,18,-14,17,-15,17,-16,16,-16,16,-16,16,-16,16,-17,16,-16,16,-16,16,-16,14,-16,14,-15,13,-14,13,-15,13,-15,12,-14,11,-15,11,-15,11,-16,12,-17,12,-18,11,-19,10,-21,10,-22,9,-21,8,-20,6,-18,4]"
CSI_DATA,113130,d8:b1:90:d9:de:f0,-58,11,-99,-34,59,56,1687114622,100,0,114,0,"[0,17,-1,18,-2,18,-3,18,-2,19,-3,18,-4,17,-3,17,-2,17,-2,16,-2,16,-2,16,-1,17,-1,17,0,18,0,19,-1,20,-2,21,-2,23,-1,23,-1,24,-1,26,-1,25,-2,25,-2,24,-2,24,-2,24,-2,23,0,0,-5,23,-5,23,-5,23,-6,23,-6,23,-6,23,-6,23,-7,23,-7,22,-6,22,-6,21,-6,20,-5,20,-5,19,-6,18,-6,18,-6,17,-6,18,-7,18,-8,19,-8,20,-9,19,-10,20,-11,21,-12,20,-13,18,-13,17,-13,14]"
CSI_DATA,113131,d8:b1:90:d9:de:f0,-58,11,-99,-36,60,56,1687133992,100,0,114,0,"[-16,0,-16,-2,-17,-2,-17,-4,-17,-3,-16,-4,-16,-4,-15,-4,-14,-3,-14,-3,-14,-3,-14,-3,-15,-3,-16,-2,-16,-2,-18,-2,-19,-3,-20,-3,-21,-4,-21,-4,-21,-4,-23,-4,-22,-4,-23,-5,-21,-6,-21,-6,-20,-6,-19,-7,0,0,-20,-8,-19,-9,-19,-10,-19,-10,-19,-11,-19,-11,-19,-11,-19,-12,-18,-11,-17,-11,-16,-11,-16,-11,-16,-11,-15,-11,-14,-11,-14,-11,-13,-11,-14,-12,-14,-12,-14,-13,-14,-14,-14,-15,-14,-16,-14,-17,-12,-18,-11,-18,-9,-17,-7,-16]"
CSI_DATA,113132,d8:b1:90:d9:de:f0,-58,11,-99,-36,60,56,1687144198,100,0,114,0,"[-12,-8,-14,-10,-13,-12,-13,-12,-14,-13,-12,-12,-12,-12,-11,-12,-12,-10,-11,-11,-11,-9,-12,-11,-12,-9,-13,-9,-14,-10,-14,-10,-15,-10,-17,-12,-16,-11,-19,-12,-18,-12,-19,-13,-19,-13,-19,-12,-19,-13,-18,-13,-17,-13,-16,-13,0,0,-16,-12,-17,-14,-16,-14,-16,-15,-16,-14,-16,-16,-16,-15,-16,-16,-16,-14,-16,-15,-15,-14,-15,-14,-14,-14,-14,-12,-14,-13,-13,-12,-13,-12,-12,-12,-13,-13,-14,-14,-14,-14,-14,-15,-14,-16,-14,-18,-13,-17,-12,-17,-11,-18,-8,-16]"
CSI_DATA,113133,d8:b1:90:d9:de:f0,-58,11,-99,-37,60,56,1687164273,100,0,114,0,"[17,0,18,1,19,4,19,4,18,5,18,5,16,6,16,6,16,5,15,5,15,6,15,5,16,5,16,5,17,6,18,7,19,7,20,8,21,8,22,9,21,9,22,10,21,10,21,11,21,12,20,12,20,13,19,13,0,0,16,14,16,15,16,16,16,17,16,18,16,18,15,18,14,18,13,19,13,18,13,18,12,18,11,17,10,17,10,16,10,17,8,17,8,17,8,18,7,18,7,19,6,21,5,21,5,22,2,22,1,22,0,20,-1,18]"
CSI_DATA,113134,d8:b1:90:d9:de:f0,-58,11,-99,-37,60,56,1687184230,100,0,114,0,"[9,-14,10,-15,10,-15,11,-15,11,-16,11,-15,11,-14,10,-13,9,-13,9,-13,8,-13,8,-13,7,-15,8,-16,8,-16,7,-17,7,-18,7,-19,7,-21,6,-21,7,-22,7,-22,8,-22,7,-22,7,-22,6,-22,5,-21,7,-21,0,0,7,-21,6,-21,6,-21,7,-22,7,-22,8,-21,7,-21,8,-21,6,-21,5,-21,5,-21,5,-21,4,-20,4,-19,4,-19,3,-19,3,-18,3,-19,4,-19,5,-20,5,-21,5,-21,5,-21,5,-23,5,-22,7,-21,7,-19,7,-17]"
CSI_DATA,113135,d8:b1:90:d9:de:f0,-58,11,-99,-37,60,56,1687196717,100,0,114,0,"[2,-16,2,-18,3,-19,3,-19,2,-19,2,-18,2,-18,1,-17,0,-16,0,-16,-1,-16,-1,-16,-2,-16,-3,-16,-5,-17,-6,-18,-7,-18,-8,-19,-9,-19,-10,-20,-11,-20,-13,-20,-13,-20,-14,-19,-13,-19,-13,-19,-13,-18,-13,-18,0,0,-15,-18,-14,-17,-14,-17,-16,-17,-16,-16,-16,-16,-17,-16,-17,-16,-17,-14,-17,-13,-17,-13,-18,-12,-17,-11,-16,-10,-16,-9,-16,-8,-16,-8,-17,-8,-18,-7,-19,-8,-20,-8,-21,-8,-21,-8,-21,-8,-21,-9,-19,-8,-18,-8,-16,-8]"
CSI_DATA,113136,d8:b1:90:d9:de:f0,-58,11,-99,-34,59,56,1687213700,100,0,114,0,"[11,-12,13,-12,14,-12,14,-12,14,-12,13,-12,13,-11,12,-11,11,-12,11,-13,9,-12,10,-12,9,-14,9,-14,9,-15,9,-17,8,-18,9,-20,8,-20,8,-21,8,-22,8,-23,8,-23,8,-23,8,-23,8,-23,8,-23,7,-23,0,0,7,-22,6,-22,7,-22,7,-22,6,-22,6,-23,5,-23,6,-23,5,-23,5,-23,4,-21,3,-21,3,-20,2,-20,2,-18,1,-20,2,-19,1,-20,1,-20,1,-20,1,-21,1,-21,2,-22,2,-23,3,-23,3,-22,4,-20,4,-18]"
CSI_DATA,113137,d8:b1:90:d9:de:f0,-58,11,-99,-37,60,56,1687223889,100,0,114,0,"[15,-4,16,-3,17,-4,18,-3,18,-3,17,-3,17,-3,16,-4,16,-5,15,-5,14,-6,14,-7,13,-8,14,-9,14,-10,14,-11,14,-13,15,-14,16,-15,15,-16,15,-17,14,-18,15,-18,14,-19,13,-18,13,-18,13,-18,12,-18,0,0,11,-19,11,-19,11,-19,11,-20,10,-20,10,-21,8,-21,9,-21,8,-21,6,-21,6,-20,5,-20,5,-19,4,-19,3,-18,3,-18,2,-18,2,-18,1,-19,1,-20,1,-21,1,-22,1,-22,2,-22,1,-23,2,-21,2,-20,2,-18]"
CSI_DATA,113138,d8:b1:90:d9:de:f0,-58,11,-99,-37,60,56,1687234232,100,0,114,0,"[-5,16,-7,16,-8,16,-8,16,-10,16,-10,15,-10,14,-10,13,-8,14,-8,13,-8,13,-8,13,-8,13,-8,15,-9,15,-9,16,-9,17,-10,18,-10,18,-11,20,-11,19,-11,21,-12,20,-12,20,-13,19,-13,18,-14,18,-13,17,0,0,-15,17,-15,16,-16,16,-16,16,-16,15,-16,16,-16,16,-17,15,-16,15,-16,14,-16,13,-16,13,-16,12,-15,12,-15,11,-15,11,-15,11,-16,10,-16,10,-17,10,-18,11,-19,10,-20,10,-21,8,-21,8,-21,6,-19,5,-18,3]"
CSI_DATA,113139,d8:b1:90:d9:de:f0,-58,11,-99,-38,60,56,1687254351,100,0,114,0,"[11,13,11,14,11,16,11,16,11,16,11,15,11,14,11,14,11,12,11,11,11,11,11,11,12,11,13,10,14,10,15,10,17,10,17,11,20,11,20,10,21,10,23,10,22,9,23,8,21,8,21,9,21,9,20,8,0,0,21,8,20,8,21,8,22,8,23,8,23,8,23,7,23,8,21,6,21,5,20,5,21,5,20,4,20,4,19,4,20,3,18,2,19,2,19,2,20,2,21,2,22,3,22,3,23,4,22,4,21,4,20,5,18,5]"
CSI_DATA,113140,d8:b1:90:d9:de:f0,-58,11,-99,-37,60,56,1687273873,100,0,114,0,"[-8,-13,-8,-15,-8,-16,-7,-16,-9,-17,-8,-16,-8,-16,-8,-15,-8,-13,-8,-14,-8,-13,-8,-13,-10,-13,-10,-13,-11,-13,-12,-14,-13,-14,-14,-16,-16,-16,-16,-16,-16,-16,-17,-16,-17,-16,-17,-16,-17,-17,-17,-17,-17,-16,-16,-16,0,0,-16,-16,-15,-16,-16,-16,-16,-17,-16,-17,-16,-17,-16,-16,-16,-17,-16,-16,-16,-16,-16,-16,-16,-16,-15,-14,-14,-13,-14,-13,-15,-13,-14,-13,-14,-13,-15,-13,-14,-13,-15,-15,-16,-16,-16,-16,-16,-17,-14,-17,-13,-17,-13,-16,-10,-16]"
CSI_DATA,113141,d8:b1:90:d9:de:f0,-58,11,-99,-37,60,56,1687284488,100,0,114,0,"[-16,2,-18,2,-18,0,-18,0,-19,1,-18,1,-18,1,-16,1,-16,2,-16,2,-16,2,-16,3,-15,4,-16,5,-17,5,-18,6,-18,7,-19,8,-20,8,-20,10,-20,9,-20,10,-20,10,-21,11,-21,10,-21,10,-21,10,-21,10,0,0,-19,10,-20,10,-20,9,-20,10,-20,10,-20,10,-20,10,-21,11,-20,10,-20,11,-18,10,-18,10,-18,10,-16,10,-16,10,-16,10,-16,10,-15,10,-16,11,-16,11,-17,12,-18,12,-18,11,-20,12,-21,11,-20,10,-18,9,-17,8]"
CSI_DATA,113142,d8:b1:90:d9:de:f0,-58,11,-99,-37,60,56,1687304399,100,0,114,0,"[16,-4,17,-3,18,-2,18,-1,18,-1,18,0,17,0,16,0,16,-1,16,-1,15,-2,16,-2,16,-2,16,-3,17,-3,18,-3,19,-3,20,-4,22,-4,22,-4,23,-5,24,-5,24,-4,24,-4,24,-4,24,-3,24,-3,23,-3,0,0,23,-1,22,0,23,0,23,0,24,0,23,1,23,0,24,1,22,0,21,0,21,0,21,0,21,0,20,0,18,1,20,1,18,2,19,1,18,2,20,2,21,2,21,4,21,4,22,5,22,5,21,7,18,8,16,8]"
CSI_DATA,113143,d8:b1:90:d9:de:f0,-58,11,-99,-34,59,56,1687325242,100,0,114,0,"[-4,-16,-4,-17,-3,-19,-2,-19,-3,-19,-2,-19,-2,-17,-2,-17,-2,-16,-2,-16,-3,-16,-3,-16,-5,-15,-5,-16,-6,-17,-7,-17,-8,-19,-9,-19,-10,-20,-11,-20,-11,-20,-11,-21,-12,-22,-12,-22,-11,-21,-11,-20,-11,-20,-11,-20,0,0,-11,-20,-10,-20,-11,-20,-11,-20,-11,-20,-11,-21,-11,-21,-11,-22,-11,-20,-11,-20,-11,-19,-11,-18,-11,-17,-11,-17,-10,-16,-11,-16,-11,-15,-11,-15,-11,-16,-11,-17,-11,-17,-12,-19,-12,-19,-12,-19,-11,-20,-10,-20,-8,-18,-7,-17]"
CSI_DATA,113144,d8:b1:90:d9:de:f0,-57,11,-99,-34,59,56,1687344106,100,0,114,0,"[-5,16,-6,17,-7,18,-8,18,-8,18,-8,17,-8,17,-8,16,-6,16,-5,16,-5,15,-5,16,-3,17,-2,17,-2,18,-2,18,-2,20,-2,21,-2,23,-1,23,0,24,0,25,0,25,0,25,0,24,0,24,0,23,0,23,0,0,0,23,0,23,0,23,0,23,0,24,0,24,0,23,0,25,0,23,1,23,1,23,2,21,2,20,2,20,2,19,2,20,2,20,2,20,2,20,2,20,2,22,2,23,2,23,1,24,0,23,0,23,0,21,-1,19]"
CSI_DATA,113145,d8:b1:90:d9:de:f0,-58,11,-99,-38,60,56,1687354988,100,0,114,0,"[12,11,13,12,13,14,13,14,14,14,12,13,12,12,11,12,12,11,12,10,12,10,12,10,13,9,14,9,16,9,17,10,17,9,18,9,20,9,20,8,21,9,23,9,23,9,23,8,21,8,21,8,21,9,21,8,0,0,20,8,20,8,20,8,21,8,20,8,21,8,21,8,22,8,21,8,20,7,20,7,20,6,20,5,20,5,18,5,18,5,18,4,18,5,20,5,20,5,21,5,22,6,22,6,23,8,22,8,21,8,19,9,17,9]"
CSI_DATA,113146,d8:b1:90:d9:de:f0,-58,11,-99,-33,59,56,1687374144,100,0,114,0,"[16,-5,18,-4,18,-3,18,-2,19,-3,18,-3,18,-2,16,-2,16,-4,16,-4,15,-4,16,-5,15,-6,16,-6,17,-7,17,-8,18,-8,18,-10,19,-10,20,-11,20,-11,21,-12,21,-12,21,-12,20,-12,20,-11,20,-11,20,-11,0,0,20,-10,20,-10,20,-10,20,-10,21,-10,21,-10,20,-11,21,-11,20,-10,19,-12,18,-11,18,-11,17,-11,16,-10,16,-10,16,-10,16,-10,16,-11,16,-10,17,-11,18,-12,18,-11,19,-12,21,-11,21,-10,21,-10,19,-8,18,-6]"
CSI_DATA,113147,d8:b1:90:d9:de:f0,-58,11,-99,-35,60,56,1687384385,100,0,114,0,"[-13,-10,-13,-11,-13,-12,-13,-13,-13,-13,-13,-12,-12,-12,-11,-11,-12,-9,-12,-10,-12,-8,-13,-8,-13,-8,-13,-7,-15,-7,-15,-6,-17,-6,-18,-6,-19,-6,-19,-6,-19,-5,-22,-5,-22,-5,-22,-4,-22,-4,-22,-4,-21,-4,-20,-4,0,0,-20,-4,-21,-4,-21,-4,-21,-3,-21,-3,-22,-3,-22,-2,-22,-2,-22,-1,-22,-1,-20,-1,-20,0,-19,0,-19,0,-18,0,-19,1,-18,0,-17,1,-18,1,-19,2,-21,2,-22,2,-22,2,-22,2,-22,1,-21,0,-20,0,-17,0]"
CSI_DATA,113148,d8:b1:90:d9:de:f0,-58,11,-99,-37,60,56,1687395465,100,0,114,0,"[13,9,14,10,14,11,14,13,13,12,13,12,13,12,12,11,13,10,12,10,13,8,13,9,14,8,15,8,16,8,17,8,18,7,20,8,21,8,21,7,22,7,24,7,23,7,24,6,22,6,23,6,22,5,21,6,0,0,22,6,22,5,21,5,22,5,22,5,22,6,22,5,23,6,23,5,22,4,21,3,21,2,21,2,19,2,18,1,19,1,19,2,19,1,19,1,21,1,21,1,22,2,23,2,23,2,23,2,21,3,20,4,18,4]"
CSI_DATA,113149,d8:b1:90:d9:de:f0,-58,11,-99,-37,60,56,1687414101,100,0,114,0,"[3,-16,4,-17,5,-18,5,-18,6,-18,5,-18,5,-17,5,-16,3,-16,3,-16,2,-15,2,-16,0,-16,0,-17,0,-18,-1,-18,-2,-18,-2,-21,-2,-21,-4,-22,-4,-22,-5,-23,-5,-23,-6,-23,-6,-23,-6,-22,-6,-21,-6,-21,0,0,-6,-22,-7,-21,-7,-21,-8,-22,-8,-21,-8,-22,-8,-21,-8,-21,-9,-20,-9,-20,-10,-18,-10,-18,-10,-18,-10,-17,-10,-16,-10,-16,-10,-15,-10,-16,-10,-16,-11,-16,-12,-17,-13,-17,-13,-18,-13,-18,-12,-18,-11,-18,-10,-18,-9,-16]"
CSI_DATA,113150,d8:b1:90:d9:de:f0,-58,11,-99,-37,60,56,1687425781,100,0,114,0,"[-7,15,-8,16,-10,16,-10,16,-10,16,-10,15,-10,14,-10,13,-8,13,-8,13,-7,14,-8,14,-7,14,-8,15,-7,16,-7,17,-7,18,-7,20,-7,21,-6,21,-5,21,-6,22,-6,23,-6,23,-7,23,-7,21,-8,22,-7,21,0,0,-8,21,-8,21,-7,21,-8,21,-7,21,-8,21,-8,21,-8,23,-8,22,-8,22,-6,21,-6,20,-6,18,-5,19,-5,18,-5,19,-5,18,-5,18,-5,18,-6,19,-6,21,-7,21,-8,21,-8,21,-9,21,-10,20,-10,18,-9,16]"
CSI_DATA,113151,d8:b1:90:d9:de:f0,-58,11,-99,-37,60,56,1687444392,100,0,114,0,"[0,-16,1,-17,2,-18,2,-18,2,-19,2,-18,2,-18,1,-17,0,-16,0,-16,0,-16,0,-16,-1,-16,-2,-17,-2,-18,-4,-18,-5,-19,-5,-21,-5,-21,-6,-22,-7,-22,-7,-23,-7,-23,-7,-24,-7,-22,-7,-21,-7,-22,-6,-22,0,0,-7,-22,-7,-22,-7,-22,-7,-23,-7,-22,-7,-22,-7,-21,-8,-22,-8,-21,-8,-21,-8,-20,-9,-19,-9,-18,-8,-18,-8,-17,-8,-17,-8,-17,-8,-17,-8,-16,-8,-18,-9,-18,-10,-19,-10,-20,-10,-21,-9,-22,-8,-21,-7,-20,-5,-18]"
CSI_DATA,113152,d8:b1:90:d9:de:f0,-58,11,-99,-37,60,56,1687454479,100,0,114,0,"[14,-8,16,-8,16,-8,16,-8,17,-9,16,-9,16,-8,14,-8,13,-10,13,-10,13,-10,12,-10,11,-12,10,-13,11,-13,11,-16,10,-17,11,-18,11,-18,10,-20,10,-21,10,-22,10,-22,9,-22,8,-21,8,-21,8,-21,8,-22,0,0,7,-22,6,-21,6,-21,6,-22,5,-22,5,-23,4,-22,5,-24,3,-23,2,-23,1,-22,1,-21,0,-21,0,-20,0,-19,-1,-19,-1,-18,-2,-18,-1,-19,-2,-20,-2,-21,-2,-21,-2,-22,-2,-24,-2,-24,-2,-23,-1,-21,0,-18]"
CSI_DATA,113153,d8:b1:90:d9:de:f0,-58,11,-99,-35,60,56,1687480971,100,0,114,0,"[13,8,13,10,13,11,13,12,13,13,11,13,11,13,11,12,11,11,10,11,9,11,10,11,11,10,11,11,11,11,12,11,13,13,13,14,14,14,15,15,15,15,15,16,15,16,15,17,14,17,13,16,13,16,12,17,0,0,12,17,11,18,11,18,11,19,10,19,9,19,9,19,9,19,8,19,8,19,8,18,8,18,7,17,7,17,6,16,6,17,6,17,5,17,5,17,4,18,4,19,4,20,4,20,3,22,2,22,0,21,0,20,-2,17]"
CSI_DATA,113154,d8:b1:90:d9:de:f0,-58,11,-99,-37,60,56,1687504189,100,0,114,0,"[-15,7,-16,7,-17,6,-17,6,-18,5,-17,5,-17,5,-16,5,-15,5,-15,6,-14,6,-14,7,-14,8,-14,8,-15,9,-16,10,-16,11,-17,11,-18,13,-18,14,-18,14,-18,15,-18,15,-19,15,-18,15,-18,14,-18,14,-18,14,0,0,-18,13,-18,13,-18,13,-18,14,-18,14,-19,14,-18,14,-18,15,-18,14,-18,15,-16,14,-16,14,-15,14,-14,13,-14,13,-14,13,-13,13,-13,13,-14,13,-14,15,-15,16,-16,15,-17,16,-18,15,-18,14,-18,13,-17,12,-16,9]"
CSI_DATA,113155,d8:b1:90:d9:de:f0,-58,11,-99,-37,60,56,1687514215,100,0,114,0,"[-14,-9,-15,-10,-15,-11,-15,-11,-16,-12,-15,-10,-14,-10,-13,-10,-14,-8,-14,-8,-13,-6,-14,-7,-16,-6,-16,-5,-17,-5,-18,-4,-18,-3,-21,-3,-22,-2,-23,-1,-24,-2,-24,0,-24,0,-24,1,-24,0,-24,0,-24,0,-23,0,0,0,-24,1,-22,1,-23,2,-24,2,-24,2,-24,2,-24,4,-24,3,-22,5,-22,5,-21,5,-21,6,-19,6,-18,7,-18,7,-18,8,-17,8,-18,8,-18,9,-18,10,-19,10,-19,10,-21,10,-21,10,-19,9,-18,8,-18,8,-17,6]"
CSI_DATA,113156,d8:b1:90:d9:de:f0,-59,11,-99,-37,61,56,1687543606,100,0,114,0,"[-6,-13,-5,-15,-4,-16,-3,-16,-3,-17,-2,-16,-1,-16,-1,-15,-1,-14,-1,-14,-1,-14,-1,-14,-2,-14,-1,-14,-2,-15,-2,-16,-2,-17,-2,-19,-2,-19,-2,-20,-2,-20,-1,-21,0,-21,0,-21,0,-21,0,-20,0,-20,1,-20,0,0,3,-20,3,-20,3,-20,4,-20,4,-20,5,-20,6,-20,7,-19,7,-18,7,-18,6,-18,7,-17,7,-16,6,-16,6,-16,6,-15,7,-15,7,-15,9,-15,10,-16,11,-16,12,-16,12,-16,13,-16,14,-14,14,-12,14,-11,12,-9]"
CSI_DATA,113157,d8:b1:90:d9:de:f0,-58,11,-99,-37,60,56,1687565422,100,0,114,0,"[0,-16,0,-18,2,-18,3,-19,3,-18,4,-18,5,-17,5,-16,4,-16,4,-16,4,-15,4,-16,4,-16,4,-16,5,-17,5,-18,5,-19,6,-20,7,-21,7,-21,7,-21,8,-22,8,-22,8,-22,9,-22,10,-21,10,-21,11,-21,0,0,12,-18,13,-18,13,-18,14,-18,15,-17,16,-18,16,-17,16,-17,16,-16,16,-16,16,-15,16,-14,16,-13,15,-13,15,-12,16,-12,15,-11,16,-10,16,-10,18,-10,18,-10,19,-10,20,-9,21,-8,21,-6,21,-5,19,-3,18,-2]"
CSI_DATA,113158,d8:b1:90:d9:de:f0,-58,11,-99,-37,60,56,1687580756,100,0,114,0,"[11,-12,12,-13,13,-12,14,-11,15,-11,15,-10,14,-10,13,-10,13,-10,12,-10,12,-10,12,-10,12,-11,12,-11,13,-12,13,-13,13,-14,14,-15,15,-16,15,-16,16,-18,16,-18,16,-18,16,-18,16,-17,16,-16,16,-16,16,-16,0,0,17,-14,16,-13,17,-13,18,-14,18,-14,18,-14,18,-14,18,-14,18,-14,17,-14,17,-13,16,-13,16,-12,16,-12,15,-11,15,-11,14,-11,15,-11,16,-11,16,-11,17,-12,18,-11,18,-10,21,-11,21,-10,21,-9,19,-7,17,-5]"
CSI_DATA,113159,d8:b1:90:d9:de:f0,-58,11,-99,-37,60,56,1687609839,100,0,114,0,"[11,13,10,14,10,15,10,16,12,16,11,15,10,14,10,13,11,12,10,12,11,11,11,11,12,10,13,10,13,10,15,11,16,10,17,11,18,11,19,11,20,11,21,10,21,11,21,10,21,11,20,11,20,11,19,10,0,0,19,11,19,11,18,10,20,11,21,11,20,11,20,10,21,10,20,10,19,9,18,9,18,8,18,8,18,8,17,7,18,7,17,7,17,7,18,6,18,6,19,7,19,8,21,8,21,9,19,10,19,10,18,10,16,10]"
CSI_DATA,113160,d8:b1:90:d9:de:f0,-58,11,-99,-34,59,56,1687630995,100,0,114,0,"[13,9,14,11,14,12,14,13,14,12,14,12,14,11,14,11,13,9,14,9,14,8,14,8,14,7,16,6,17,6,18,6,20,5,20,5,22,5,23,5,23,4,25,3,24,3,25,2,24,2,24,2,23,2,23,2,0,0,23,2,23,2,23,1,23,1,24,0,23,0,23,0,23,0,23,0,22,-1,22,-2,21,-2,20,-2,20,-3,19,-2,20,-3,18,-3,19,-5,19,-5,20,-5,20,-5,21,-5,21,-5,23,-5,23,-5,23,-4,20,-3,18,-2]"
CSI_DATA,113161,d8:b1:90:d9:de:f0,-58,11,-99,-34,59,56,1687646500,100,0,114,0,"[-15,8,-17,8,-18,6,-17,5,-18,5,-17,5,-17,4,-16,3,-15,5,-16,5,-15,5,-16,5,-15,5,-16,5,-17,5,-17,5,-17,6,-20,7,-20,7,-21,7,-23,7,-23,7,-23,6,-23,6,-23,5,-23,5,-23,4,-22,3,0,0,-23,2,-23,1,-23,0,-24,0,-24,0,-24,0,-24,0,-23,-1,-23,-1,-23,-1,-22,-1,-22,-2,-20,-2,-19,-2,-19,-2,-18,-2,-18,-3,-18,-3,-18,-4,-20,-5,-20,-5,-20,-7,-21,-8,-21,-9,-20,-10,-18,-11,-17,-11,-15,-11]"
CSI_DATA,113162,d8:b1:90:d9:de:f0,-58,11,-99,-37,60,56,1687657047,100,0,114,0,"[16,-8,17,-6,18,-5,18,-4,18,-5,18,-5,17,-4,16,-3,16,-5,15,-5,15,-5,16,-5,15,-5,16,-5,17,-5,18,-6,18,-7,19,-8,20,-8,21,-8,21,-8,22,-8,23,-8,23,-8,22,-7,22,-5,22,-5,21,-5,0,0,23,-4,22,-3,22,-2,23,-2,23,-2,24,-2,23,-2,24,-1,23,-1,22,-2,21,0,21,0,21,0,20,0,19,0,18,0,18,0,18,0,19,0,21,1,21,1,23,2,23,3,23,5,22,5,21,6,19,7,18,8]"
CSI_DATA,113163,d8:b1:90:d9:de:f0,-58,11,-99,-34,59,56,1687667683,100,0,114,0,"[-1,-17,-1,-18,0,-19,0,-20,0,-19,0,-19,2,-18,1,-17,0,-17,0,-16,0,-16,0,-16,0,-17,0,-17,0,-18,0,-19,-1,-20,-1,-21,-1,-23,-1,-23,-2,-23,-1,-25,0,-25,0,-25,0,-25,0,-24,0,-24,0,-23,0,0,2,-24,2,-23,2,-23,2,-23,2,-23,3,-23,3,-23,3,-23,3,-23,3,-23,3,-21,3,-21,3,-20,3,-20,3,-19,3,-20,3,-19,4,-19,4,-19,5,-20,5,-20,5,-20,6,-20,8,-21,9,-21,9,-20,9,-18,9,-16]"
CSI_DATA,113164,d8:b1:90:d9:de:f0,-58,11,-99,-36,60,56,1687684215,100,0,114,0,"[16,-2,17,0,18,0,19,0,18,1,18,2,17,2,16,2,15,1,15,1,14,2,15,1,15,1,16,1,17,1,18,0,19,0,21,0,21,1,22,1,22,1,24,1,23,1,24,2,22,2,22,3,22,4,21,4,0,0,21,4,22,5,21,6,21,7,21,7,21,7,21,7,21,7,20,7,19,7,19,7,19,7,18,7,18,7,17,7,17,7,16,7,16,7,17,8,18,9,19,9,19,11,19,11,18,13,17,13,16,14,14,14,12,14]"
CSI_DATA,113165,d8:b1:90:d9:de:f0,-58,11,-99,-35,60,56,1687708956,100,0,114,0,"[15,-1,17,0,18,1,18,2,18,2,17,4,16,3,15,4,15,3,15,2,14,3,14,3,15,2,15,3,16,3,17,4,18,3,19,4,19,4,20,4,21,5,22,5,22,5,22,6,20,6,20,6,19,7,19,8,0,0,19,9,18,10,18,11,18,11,18,11,17,11,18,12,17,12,17,12,16,12,16,11,15,12,15,12,14,12,13,11,14,11,13,11,13,12,13,13,14,14,14,15,13,17,13,17,13,18,11,19,10,19,8,18,6,17]"
CSI_DATA,113166,d8:b1:90:d9:de:f0,-58,11,-99,-37,60,56,1687723588,100,0,114,0,"[15,6,16,8,16,9,16,8,18,8,16,8,16,8,14,7,15,6,15,6,15,5,16,5,16,4,16,3,18,3,19,3,20,2,21,2,21,1,24,1,24,1,25,0,24,0,25,0,24,0,24,0,23,0,23,0,0,0,22,0,23,0,21,0,24,0,23,0,24,0,24,0,23,0,22,0,22,-1,21,-2,21,-2,21,-2,19,-2,19,-2,18,-2,19,-2,18,-3,19,-3,20,-3,20,-3,21,-2,22,-3,23,-3,23,-2,21,-2,20,0,19,0]"
CSI_DATA,113167,d8:b1:90:d9:de:f0,-58,11,-99,-37,60,56,1687751067,100,0,114,0,"[0,17,-1,18,-2,19,-2,19,-2,19,-2,18,-2,18,-2,16,-1,16,-2,16,-1,16,0,16,0,16,0,17,1,18,1,19,2,20,2,21,2,22,4,23,3,22,3,24,4,23,4,24,3,23,4,22,3,22,3,23,0,0,2,23,2,23,2,23,2,23,2,23,2,24,2,23,2,23,3,23,3,22,3,21,3,21,3,21,4,20,4,19,3,19,4,18,3,18,4,19,3,20,3,21,3,21,2,21,2,24,2,24,1,23,0,21,0,19]"
CSI_DATA,113168,d8:b1:90:d9:de:f0,-57,11,-99,-35,59,56,1687764638,100,0,114,0,"[6,-16,7,-17,8,-18,10,-18,10,-16,10,-16,10,-15,9,-16,7,-15,6,-15,6,-15,6,-14,6,-16,5,-16,5,-18,5,-19,5,-20,6,-20,6,-22,4,-23,4,-23,5,-24,4,-24,4,-24,4,-23,5,-23,5,-23,4,-23,0,0,6,-23,6,-22,6,-23,6,-23,6,-23,6,-23,5,-23,6,-23,5,-23,4,-23,4,-22,3,-21,3,-20,3,-20,3,-19,3,-20,3,-19,3,-20,3,-20,3,-21,3,-22,4,-23,4,-22,6,-23,6,-23,7,-23,7,-20,7,-17]"
CSI_DATA,113169,d8:b1:90:d9:de:f0,-58,11,-99,-36,60,56,1687776741,100,0,114,0,"[14,-9,15,-9,16,-8,16,-7,16,-7,16,-7,16,-7,15,-5,14,-6,14,-6,14,-6,14,-5,14,-6,15,-5,16,-6,16,-7,18,-7,19,-7,19,-8,20,-8,21,-8,22,-8,22,-7,22,-7,22,-7,22,-5,22,-4,21,-4,0,0,21,-4,22,-2,22,-2,22,-1,22,0,22,0,22,0,23,0,22,0,21,0,20,1,20,2,19,1,19,1,18,1,18,2,16,2,17,2,18,2,19,4,19,4,20,6,19,7,19,8,19,9,18,9,16,10,14,11]"
CSI_DATA,113170,d8:b1:90:d9:de:f0,-58,11,-99,-37,60,56,1687793639,100,0,114,0,"[11,13,12,15,11,16,10,16,12,16,12,15,11,14,10,13,12,12,11,11,12,10,13,10,13,10,14,9,16,9,16,9,18,8,18,9,20,9,21,8,22,8,24,8,23,8,23,7,23,7,23,6,23,6,21,5,0,0,21,6,21,5,22,5,22,5,23,5,23,5,22,3,24,4,23,2,22,2,21,1,22,0,21,0,20,0,19,0,18,0,18,0,18,-1,19,-1,21,-1,21,-2,22,-1,23,-2,24,-2,22,-2,22,0,21,0,20,0]"
CSI_DATA,113171,d8:b1:90:d9:de:f0,-57,11,-99,-34,59,56,1687821151,100,0,114,0,"[17,-2,18,-2,19,-2,20,-1,20,-1,20,-1,19,-1,17,-1,16,-2,17,-2,17,-2,16,-3,16,-4,16,-5,17,-5,18,-7,19,-8,19,-8,20,-10,20,-11,20,-11,21,-11,20,-12,22,-13,20,-12,20,-12,20,-12,20,-11,0,0,20,-12,20,-11,20,-11,20,-12,20,-12,19,-12,20,-12,20,-13,20,-14,18,-14,17,-13,17,-13,16,-13,16,-13,15,-12,15,-14,14,-13,13,-13,14,-14,14,-14,15,-14,17,-15,17,-14,18,-16,19,-15,19,-14,17,-12,16,-10]"
CSI_DATA,113172,d8:b1:90:d9:de:f0,-58,11,-99,-36,60,56,1687837141,100,0,114,0,"[16,-6,16,-6,16,-5,18,-5,17,-6,16,-6,16,-5,15,-5,14,-7,14,-6,13,-7,14,-7,13,-9,13,-9,13,-10,13,-11,14,-13,14,-14,14,-14,14,-15,14,-16,14,-17,14,-16,13,-18,14,-17,13,-16,13,-18,13,-16,0,0,12,-16,12,-16,13,-16,12,-17,12,-18,12,-18,12,-18,12,-19,11,-18,10,-19,9,-18,9,-19,7,-17,7,-17,7,-16,7,-17,6,-16,6,-18,6,-18,6,-19,7,-20,7,-20,7,-21,8,-21,8,-21,8,-19,9,-18,8,-17]"
CSI_DATA,113173,d8:b1:90:d9:de:f0,-58,11,-99,-37,60,56,1687848818,100,0,114,0,"[-5,16,-5,16,-7,18,-7,17,-7,18,-7,17,-7,16,-6,16,-5,15,-5,16,-5,15,-4,15,-3,16,-3,16,-3,17,-3,18,-2,20,-3,20,-3,22,-2,22,-2,23,-2,23,-2,24,-2,24,-2,24,-2,24,-3,24,-3,22,0,0,-4,23,-4,21,-3,23,-4,22,-4,22,-4,22,-3,22,-4,23,-5,22,-3,21,-3,21,-3,21,-3,20,-2,20,-2,18,-2,20,-2,18,-2,19,-2,19,-3,20,-3,21,-4,21,-5,21,-5,22,-7,22,-7,21,-7,19,-8,18]"
CSI_DATA,113174,d8:b1:90:d9:de:f0,-58,11,-99,-35,60,56,1687859839,100,0,114,0,"[0,-17,0,-17,1,-18,2,-18,1,-18,2,-17,2,-17,2,-16,0,-15,0,-15,0,-15,0,-15,0,-15,0,-15,0,-17,-1,-17,-2,-18,-1,-19,-2,-20,-2,-20,-2,-21,-2,-22,-2,-22,-2,-22,-2,-22,-2,-22,-1,-22,-1,-21,0,0,0,-21,0,-22,0,-22,0,-22,0,-22,0,-22,0,-22,0,-22,0,-21,0,-21,0,-19,0,-19,0,-19,0,-18,0,-17,0,-18,0,-17,0,-18,0,-17,0,-19,0,-19,1,-19,1,-19,2,-22,3,-21,4,-19,4,-18,4,-17]"
CSI_DATA,113175,d8:b1:90:d9:de:f0,-59,11,-99,-36,61,56,1687876379,100,0,114,0,"[-10,8,-11,8,-13,8,-13,8,-14,8,-13,6,-13,6,-13,6,-12,7,-11,7,-11,6,-11,7,-11,8,-11,8,-12,8,-13,8,-13,10,-15,10,-15,11,-15,11,-16,12,-17,13,-15,12,-16,12,-15,11,-17,10,-16,10,-17,10,0,0,-16,10,-17,8,-17,8,-17,8,-17,8,-18,10,-17,9,-17,8,-17,8,-16,8,-17,8,-17,8,-16,7,-15,7,-15,6,-15,6,-15,7,-15,7,-16,7,-17,7,-17,8,-18,6,-18,6,-20,5,-20,4,-19,3,-18,2,-17,1]"
CSI_DATA,113176,d8:b1:90:d9:de:f0,-57,11,-99,-34,59,56,1687895976,100,0,114,0,"[-14,-9,-14,-11,-14,-13,-14,-14,-12,-14,-12,-14,-11,-14,-11,-14,-11,-13,-10,-13,-10,-13,-10,-12,-11,-13,-11,-13,-12,-14,-12,-14,-14,-15,-13,-17,-14,-18,-14,-17,-15,-19,-15,-20,-14,-20,-14,-20,-13,-20,-14,-20,-13,-20,-11,-20,0,0,-9,-21,-9,-20,-9,-22,-8,-21,-8,-22,-8,-23,-7,-22,-7,-23,-6,-22,-5,-21,-5,-22,-6,-20,-5,-20,-5,-20,-4,-19,-3,-20,-3,-18,-2,-20,-2,-20,-2,-21,-1,-22,-1,-23,0,-23,0,-24,2,-23,3,-23,4,-20,5,-19]"
CSI_DATA,113177,d8:b1:90:d9:de:f0,-58,11,-99,-37,60,56,1687906440,100,0,114,0,"[15,6,16,8,16,9,15,9,16,8,15,9,15,9,13,9,14,8,13,8,13,8,13,8,14,8,15,8,15,8,16,8,18,8,19,8,20,9,21,10,21,10,22,10,21,11,22,10,21,12,20,13,20,13,18,12,0,0,18,13,18,13,18,13,18,15,18,14,18,15,17,15,17,16,17,14,16,15,16,15,15,15,14,14,13,13,13,13,13,13,13,13,13,13,13,13,13,16,13,16,13,17,13,18,12,19,10,19,9,18,8,18,7,18]"
CSI_DATA,113178,d8:b1:90:d9:de:f0,-58,9,-99,-37,60,56,1687917635,98,0,106,0,"[-39,10,-18,10,-14,10,-13,10,29,10,-17,10,75,10,-17,10,-69,10,-11,10,-34,10,-5,10,-5,10,0,0,28,0,3,0,59,0,-10,10,84,0,-42,10,-91,0,-88,10,83,0,44,10,60,0,-10,10,0,0,0,0,-32,10,-76,10,-64,10,89,10,92,10,-93,10,-84,10,-56,10,-51,10,-1,10,-6,10,65,10,41,0,-60,10,80,0,-12,10,-68,0,32,0,-37,0,75,0,-13,0,-82,0,-5,0,-75,0,-28,0]"
CSI_DATA,113179,d8:b1:90:d9:de:f0,-58,11,-99,-35,60,56,1687933725,100,0,114,0,"[8,-13,9,-13,11,-13,11,-13,13,-13,12,-11,12,-12,11,-11,10,-11,10,-11,11,-11,11,-11,11,-11,11,-11,11,-13,12,-13,12,-14,13,-15,14,-15,14,-15,15,-16,15,-17,15,-17,16,-17,16,-15,16,-14,16,-14,17,-15,0,0,17,-13,18,-13,17,-12,19,-12,19,-11,19,-12,19,-13,19,-12,18,-11,18,-11,17,-9,17,-9,17,-8,16,-9,16,-8,15,-7,15,-7,16,-7,15,-7,17,-8,18,-8,19,-6,20,-6,22,-4,22,-4,21,-3,20,-1,17,0]"
CSI_DATA,113180,d8:b1:90:d9:de:f0,-58,11,-99,-37,60,56,1687943823,100,0,114,0,"[-8,-13,-8,-15,-8,-17,-7,-17,-8,-17,-6,-17,-6,-16,-5,-15,-7,-14,-7,-14,-7,-13,-8,-14,-8,-13,-9,-14,-9,-14,-10,-16,-10,-16,-11,-16,-12,-17,-13,-18,-14,-18,-15,-18,-15,-18,-15,-18,-14,-19,-13,-19,-13,-18,-13,-19,0,0,-12,-19,-12,-19,-12,-19,-12,-20,-12,-19,-13,-19,-13,-19,-12,-20,-12,-18,-12,-19,-10,-18,-11,-17,-11,-16,-11,-16,-10,-16,-10,-15,-10,-15,-10,-14,-10,-15,-10,-16,-11,-17,-11,-18,-10,-19,-10,-20,-9,-21,-8,-20,-7,-19,-5,-18]"
CSI_DATA,113181,d8:b1:90:d9:de:f0,-58,11,-99,-37,60,56,1687954308,100,0,114,0,"[10,13,10,14,10,16,10,16,10,16,10,16,9,15,9,15,9,13,9,13,10,13,10,12,10,12,11,12,13,12,13,13,15,13,16,13,17,14,18,14,18,15,19,14,19,14,19,14,18,14,19,14,18,14,18,13,0,0,17,14,17,14,17,14,18,14,18,15,18,15,18,14,18,14,18,13,17,13,17,13,17,12,17,12,17,10,16,10,16,10,16,10,16,10,16,10,17,11,18,11,18,12,18,13,18,13,17,13,17,14,16,13,13,13]"
CSI_DATA,113182,d8:b1:90:d9:de:f0,-58,11,-99,-37,60,56,1687973674,100,0,114,0,"[16,-5,17,-4,18,-3,18,-2,20,-2,18,-2,18,-2,17,-2,16,-3,16,-2,15,-3,16,-3,16,-3,16,-4,17,-5,18,-5,18,-6,21,-7,21,-7,21,-8,23,-8,23,-9,23,-9,23,-10,23,-8,23,-8,22,-7,22,-8,0,0,22,-7,22,-6,22,-6,23,-6,23,-5,23,-6,22,-7,23,-7,22,-7,22,-6,21,-6,21,-5,20,-5,18,-5,19,-5,18,-5,18,-5,18,-5,19,-6,19,-6,20,-6,21,-5,22,-5,23,-3,22,-2,21,-2,21,-1,18,0]"
CSI_DATA,113183,d8:b1:90:d9:de:f0,-58,11,-99,-38,60,56,1687983833,100,0,114,0,"[-3,-16,-3,-17,-2,-18,-2,-18,-2,-20,-2,-19,-2,-18,-2,-17,-2,-16,-3,-16,-3,-15,-3,-16,-5,-16,-5,-15,-7,-16,-8,-17,-8,-17,-9,-19,-11,-19,-11,-20,-11,-20,-13,-21,-13,-20,-14,-20,-13,-20,-13,-20,-12,-19,-12,-19,0,0,-12,-18,-14,-19,-13,-19,-13,-19,-13,-18,-13,-19,-12,-18,-14,-20,-14,-18,-14,-18,-14,-17,-14,-16,-14,-15,-13,-14,-14,-14,-13,-13,-14,-13,-13,-13,-14,-14,-14,-14,-15,-15,-15,-16,-16,-15,-16,-17,-15,-17,-14,-17,-13,-17,-11,-14]"
CSI_DATA,113184,d8:b1:90:d9:de:f0,-58,11,-99,-36,60,56,1687994193,100,0,114,0,"[12,9,13,10,13,12,13,12,14,12,14,12,13,11,12,10,12,9,13,8,12,8,14,7,14,6,15,6,16,5,16,5,18,5,19,4,20,4,20,3,21,3,22,2,23,2,24,2,22,2,21,1,21,1,21,1,0,0,21,0,21,0,21,0,21,0,22,0,22,0,22,0,22,0,21,-2,21,-3,20,-3,20,-4,19,-4,19,-4,17,-4,17,-5,17,-5,17,-5,18,-6,18,-6,19,-6,19,-7,21,-7,21,-7,20,-7,19,-6,19,-5,17,-4]"
CSI_DATA,113185,d8:b1:90:d9:de:f0,-58,11,-99,-37,60,56,1688004185,100,0,114,0,"[-16,4,-17,2,-18,2,-18,1,-19,0,-18,0,-18,0,-17,0,-16,0,-16,0,-16,0,-16,0,-16,0,-16,0,-18,0,-18,1,-19,1,-21,0,-21,0,-22,1,-24,1,-24,1,-24,1,-24,0,-24,0,-23,0,-23,0,-23,-1,0,0,-21,-1,-21,-3,-21,-3,-23,-4,-23,-4,-23,-5,-23,-5,-24,-5,-21,-5,-22,-5,-21,-5,-21,-5,-19,-5,-19,-5,-18,-5,-18,-6,-18,-6,-18,-6,-18,-6,-18,-7,-19,-8,-19,-9,-20,-10,-20,-11,-18,-12,-17,-12,-16,-13,-13,-13]"
CSI_DATA,113186,d8:b1:90:d9:de:f0,-58,11,-99,-36,60,56,1688014455,100,0,114,0,"[-16,4,-17,3,-19,2,-19,1,-19,2,-18,1,-17,1,-16,0,-16,2,-15,1,-15,2,-15,1,-15,2,-16,3,-16,3,-18,4,-19,4,-19,5,-20,6,-21,6,-21,6,-23,7,-22,5,-22,6,-22,5,-22,5,-22,5,-21,4,0,0,-22,4,-21,4,-22,4,-21,3,-21,3,-22,2,-21,3,-22,2,-22,2,-21,2,-21,4,-20,3,-19,2,-19,2,-18,3,-18,3,-18,3,-18,3,-19,2,-19,2,-20,2,-21,1,-21,1,-22,0,-22,0,-21,-1,-19,-2,-17,-2]"
CSI_DATA,113187,d8:b1:90:d9:de:f0,-59,11,-99,-36,60,56,1688034106,100,0,228,0,"[9,16,9,17,10,17,10,16,10,14,10,12,9,10,67,-4,7,6,6,4,4,4,4,2,2,1,0,1,0,1,-1,0,-3,0,-4,0,-6,-1,-7,-2,-8,-4,43,4,-9,-8,-9,-9,-9,-12,-9,-14,-8,-16,-7,-18,0,0,-6,-21,-5,-23,-5,-24,-4,-25,-4,-25,-4,-24,-75,10,-5,-21,-6,-19,-5,-15,-6,-12,-6,-8,-6,-4,-5,-1,-4,2,-2,5,-1,7,0,9,1,12,2,14,43,0,6,16,7,16,8,16,8,15,7,14,6,11,4,9,-4,-3,-4,-1,-4,0,-6,1,-6,5,0,11,7,9,23,10,11,-9,0,-16,-12,-12,-16,1,-11,14,3,19,16,10,19,-4,9,-18,-5,-19,-16,-9,-16,4,-8,14,-6,7,8,7,8,1,6,-1,4,-3,3,-4,1,-7,0,0,-8,-6,-11,0,-9,7,-2,14,6,13,14,6,10,-27,10,-13,0,-17,-11,-13,-17,-2,-14,9,-3,18,10,15,17,2,14,-10,1,-16,-12,-12,-16,0,-9,12,8,29,12,4,9,-7,-2,-11,-10,-2,-7,9,4,12,13,3]"
CSI_DATA,113188,d8:b1:90:d9:de:f0,-59,11,-99,-38,61,56,1688044163,100,0,228,0,"[-12,-12,-13,-14,-13,-14,-12,-13,-12,-12,-11,-10,-10,-9,64,-4,-8,-6,-6,-4,-5,-3,-4,-2,-3,-2,-2,0,0,0,0,0,1,1,2,2,3,4,3,5,3,6,41,4,2,10,1,12,0,14,-2,15,-4,16,-6,18,0,0,-10,19,-12,19,-13,19,-14,20,-16,19,-15,19,-16,9,-13,17,-10,16,-8,14,-6,12,-3,10,0,8,2,6,4,4,6,2,8,1,10,0,12,-2,13,-4,-21,0,15,-6,16,-7,16,-7,15,-7,13,-6,12,-5,9,-3,4,2,3,0,3,0,6,-1,6,-5,0,-10,-7,-9,-22,-8,-11,9,-1,15,10,12,17,0,12,-12,0,-18,-14,-12,-19,0,-13,14,0,19,12,12,17,0,12,-9,5,-4,-5,-8,-6,-3,-5,0,-3,0,-3,1,-4,3,0,0,0,8,6,8,11,2,12,-4,7,-12,-1,-14,-25,7,-16,-2,-14,8,-6,16,6,16,16,9,17,-4,10,-14,-2,-17,-14,-10,-16,4,-8,14,4,15,14,6,28,-12,2,-13,-10,-8,-12,3,-3,12,9,9,13,-2,6,-12]"
CSI_DATA,113189,d8:b1:90:d9:de:f0,-59,11,-99,-35,60,56,1688064443,100,0,228,0,"[15,-8,17,-8,17,-7,17,-6,15,-6,14,-6,13,-5,66,-4,8,-4,7,-3,6,-2,4,-2,3,-2,2,-1,1,0,0,0,-1,0,-2,0,-4,0,-5,-2,-7,-2,42,4,-8,-6,-9,-9,-8,-11,-8,-13,-6,-16,-5,-18,0,0,-2,-22,0,-23,0,-24,2,-25,3,-25,4,-24,42,0,4,-21,3,-19,2,-16,0,-14,-1,-11,-2,-8,-4,-5,-6,-4,-7,-1,-8,0,-10,2,-11,4,-13,6,39,10,-15,8,-15,8,-15,8,-15,7,-14,6,-12,4,-10,3,-3,2,-2,3,-2,4,0,6,4,7,10,4,11,-3,18,-17,-3,-14,-13,-8,-16,4,-8,15,4,17,15,10,19,-4,11,-16,-4,-19,-15,-11,-19,2,-11,13,0,15,0,5,10,2,6,-2,3,-3,1,-2,1,-2,1,-4,0,0,-4,-6,-8,-2,-11,2,-8,10,0,13,8,13,19,-17,15,-4,9,-13,0,-17,-12,-13,-18,-2,-15,10,-4,17,8,15,16,5,15,-8,4,-16,-8,-13,-15,-3,-25,16,0,14,11,7,12,-4,2,-12,-9,-8,-13,2,-6,12]"
CSI_DATA,113190,d8:b1:90:d9:de:f0,-59,11,-99,-36,60,56,1688083984,100,0,228,0,"[-12,-13,-12,-14,-13,-14,-13,-13,-12,-12,-12,-10,-10,-8,67,-4,-8,-4,-7,-3,-6,-2,-4,-2,-3,-1,-2,0,0,0,0,0,2,1,2,2,3,3,4,4,5,5,43,4,6,9,5,12,5,14,3,16,2,18,1,19,0,0,0,22,-2,24,-2,25,-4,25,-4,25,-3,25,39,10,-1,23,0,20,0,16,1,14,3,11,4,7,4,4,7,1,7,-2,7,-4,7,-7,7,-9,7,-12,-55,0,6,-16,6,-16,6,-16,5,-16,4,-15,4,-12,4,-10,4,2,4,1,5,0,6,-2,5,-7,-1,-11,-9,-8,-24,-6,-9,12,2,16,13,10,17,-2,10,-15,-4,-18,-16,-10,-19,5,-9,17,5,19,16,9,17,-4,8,-12,3,-5,-8,-6,-7,0,-4,2,-3,2,-3,2,-2,4,0,0,4,7,9,4,12,-2,9,-10,0,-13,-9,-12,-19,20,-15,7,-7,16,4,17,15,10,18,-2,12,-14,-2,-18,-14,-11,-16,2,-10,14,3,15,14,7,14,-5,11,-28,-8,-11,-13,0,-6,11,7,10,12,0,6,-11,-5,-12]"
CSI_DATA,113191,d8:b1:90:d9:de:f0,-59,11,-99,-35,60,56,1688094074,100,0,228,0,"[-11,-15,-10,-16,-10,-16,-9,-15,-8,-15,-8,-13,-7,-11,66,-4,-4,-8,-4,-6,-3,-4,-2,-4,-1,-2,0,-2,0,0,0,0,1,2,1,3,1,4,0,6,0,8,42,4,-3,11,-6,11,-8,12,-11,11,-13,11,-16,11,0,0,-20,8,-23,6,-24,5,-26,4,-26,2,-25,2,78,9,-22,0,-19,0,-17,1,-13,2,-10,2,-6,4,-4,5,-1,5,0,6,3,7,5,8,7,8,10,9,-72,0,13,11,14,12,13,12,13,12,11,11,9,10,6,8,4,2,4,1,4,2,6,0,7,-5,2,-10,-5,-11,-19,-14,-13,6,-6,15,6,15,16,6,17,-6,6,-17,-7,-18,-18,-7,-18,6,-8,17,5,17,14,9,15,-1,7,0,1,-10,-3,-7,-4,-4,-4,-2,-4,-1,-6,0,0,0,-4,6,0,11,7,9,12,4,13,-4,9,-11,-23,-14,-8,-13,-16,-5,-17,6,-9,15,2,18,14,12,17,0,13,-12,0,-17,-11,-13,-17,0,-11,11,0,16,23,19,13,-3,4,-12,-6,-9,-11,1,-4,11,6,11,13,1]"
CSI_DATA,113192,d8:b1:90:d9:de:f0,-59,11,-99,-35,60,56,1688104339,100,0,228,0,"[-17,6,-18,5,-19,4,-18,5,-17,4,-15,4,-13,4,66,-4,-8,4,-7,3,-5,2,-4,2,-2,1,-2,0,0,0,0,0,1,-1,4,0,4,0,6,0,7,0,42,4,11,4,11,6,11,8,11,11,11,14,10,16,0,0,8,20,6,22,6,24,4,25,3,26,3,25,30,0,3,22,2,19,3,17,3,13,4,11,5,6,6,4,6,0,6,-2,6,-4,7,-6,7,-9,7,-11,81,0,8,-15,8,-17,8,-16,8,-15,7,-14,7,-11,6,-8,4,-3,2,-3,2,-4,1,-6,-3,-8,-8,-5,-12,2,-18,15,2,14,13,8,16,-4,9,-15,-3,-17,-15,-9,-18,4,-10,17,4,19,16,11,17,-3,11,-13,0,-14,0,-7,-10,-2,-6,2,-3,4,-2,4,-2,4,0,6,0,0,7,4,10,0,8,-6,3,-13,-4,-12,-13,-7,-12,25,-12,10,-4,16,6,15,15,7,17,-4,10,-15,-2,-17,-13,-11,-17,2,-11,14,2,16,13,8,15,-4,13,-28,-6,-12,-13,-2,-7,9,4,11,12,2,8,-9,-2,-13]"
CSI_DATA,113193,d8:b1:90:d9:de:f0,-58,11,-99,-35,60,56,1688116577,100,0,228,0,"[3,18,3,19,4,19,4,18,4,17,4,15,4,13,66,-4,4,8,3,6,3,4,2,4,2,2,0,1,0,0,0,0,-1,-2,-2,-3,-2,-4,-2,-6,-2,-8,42,4,0,-11,1,-12,3,-14,5,-15,6,-15,8,-16,0,0,13,-17,15,-18,16,-18,17,-19,17,-19,17,-18,28,0,15,-17,13,-15,10,-15,6,-13,4,-11,0,-8,-2,-6,-4,-4,-6,-2,-8,0,-10,2,-11,4,-13,5,32,10,-14,9,-15,11,-15,11,-13,11,-12,10,-11,8,-8,6,-2,-4,-2,-2,-3,-2,-6,-2,-8,2,-5,9,2,13,16,18,15,-3,8,-14,-4,-15,-15,-7,-17,6,-6,17,8,17,19,6,17,-8,6,-19,-8,-16,-16,-5,-14,6,-6,2,2,10,5,5,4,2,4,0,4,0,6,-2,0,0,0,-9,-6,-8,-11,-3,-11,4,-7,11,1,14,26,-6,15,2,15,-8,6,-16,-5,-17,-15,-8,-17,4,-9,15,4,17,15,8,17,-4,8,-15,-6,-15,-15,-4,-27,17,0,14,11,8,11,-5,0,-12,-10,-6,-12,5,-2,13]"
CSI_DATA,113194,d8:b1:90:d9:de:f0,-60,11,-99,-35,61,56,1688128426,100,0,228,0,"[12,-10,13,-11,14,-11,13,-10,12,-9,11,-9,9,-7,58,-4,6,-6,4,-5,3,-4,2,-3,1,-1,1,-1,0,0,0,0,-1,1,-2,2,-3,3,-5,3,-6,2,38,3,-9,1,-11,0,-12,-1,-13,-4,-14,-6,-14,-7,0,0,-15,-12,-15,-14,-15,-15,-14,-17,-14,-17,-14,-17,-5,8,-12,-15,-12,-13,-11,-11,-9,-7,-9,-6,-7,-2,-6,0,-5,2,-4,4,-3,7,-1,9,0,11,0,12,11,0,2,15,3,16,3,16,2,15,2,14,1,12,1,9,-1,3,-1,3,-1,3,0,6,5,6,9,1,9,-6,9,-19,-7,-11,-14,-2,-12,8,-2,15,10,12,17,1,13,-11,1,-17,-11,-13,-17,-1,-12,9,-2,15,6,11,2,6,8,-3,4,-5,1,-4,0,-3,0,-4,-1,-4,0,0,-7,0,-7,4,-3,9,3,11,9,7,12,0,-3,-24,4,-13,-4,-14,-12,-8,-15,1,-11,11,0,15,11,11,15,1,12,-10,0,-15,-10,-11,-14,0,-9,11,4,28,11,6,10,-5,0,-11,-9,-5,-9,4,-1,11,8,7]"
CSI_DATA,113195,d8:b1:90:d9:de:f0,-59,11,-99,-39,61,56,1688144083,100,0,228,0,"[4,-17,5,-18,5,-18,5,-17,4,-16,4,-14,3,-13,66,-4,1,-8,0,-6,0,-5,0,-4,0,-3,0,-1,0,0,0,1,0,2,0,3,0,4,-1,6,-3,7,42,4,-6,8,-9,9,-11,8,-13,8,-15,8,-17,6,0,0,-21,4,-24,4,-24,3,-26,2,-25,2,-25,1,75,9,-22,2,-19,2,-17,3,-13,4,-9,4,-6,4,-4,4,0,5,2,6,5,6,7,5,10,5,13,5,-34,0,16,5,17,4,18,4,17,4,15,4,13,4,10,4,0,4,0,4,2,5,4,5,9,1,9,-6,4,-13,-4,-23,-14,-4,-13,8,-4,16,9,15,17,3,15,-11,2,-18,-11,-15,-19,-2,-15,11,-2,18,9,14,14,3,6,2,4,-9,0,-7,-3,-4,-3,-3,-4,-2,-5,-1,0,0,-5,6,0,11,6,10,11,5,13,-3,9,-11,-23,-14,-10,-13,-16,-4,-16,8,-7,16,5,17,15,8,17,-4,9,-15,-3,-17,-15,-8,-15,4,-6,15,6,14,28,8,11,-8,0,-12,-10,-4,-9,6,0,11,11,5,11,-5]"
CSI_DATA,113196,d8:b1:90:d9:de:f0,-59,11,-99,-36,60,56,1688159070,100,0,228,0,"[12,-14,13,-14,14,-14,13,-14,12,-12,10,-11,9,-10,67,-4,6,-7,4,-6,3,-4,2,-3,2,-2,1,-1,0,0,0,1,-1,2,-2,2,-4,3,-5,2,-7,2,43,4,-10,0,-12,-2,-13,-4,-14,-7,-14,-9,-14,-12,0,0,-13,-17,-12,-20,-12,-21,-10,-23,-9,-24,-9,-24,31,10,-8,-21,-7,-19,-6,-15,-6,-12,-6,-9,-6,-6,-7,-2,-6,0,-6,2,-6,5,-6,8,-6,10,-6,13,-43,10,-6,16,-6,17,-7,17,-7,16,-6,14,-6,12,-5,9,-1,4,0,3,0,4,1,6,6,6,11,0,10,-8,9,-22,-9,-12,-16,-2,-13,10,-2,17,11,14,19,2,15,-12,2,-19,-12,-16,-19,-3,-15,9,-4,16,6,13,2,7,9,-2,5,-4,2,-4,1,-4,0,-4,-1,-6,0,0,-9,-2,-9,4,-7,9,0,12,7,11,14,4,5,-27,9,-12,0,-16,-9,-14,-16,-4,-16,7,-7,16,4,17,15,9,16,-4,9,-15,-4,-16,-14,-7,-15,6,-11,29,7,12,13,0,7,-10,-4,-11,-12,-1,-9,10,2,13]"
CSI_DATA,113197,d8:b1:90:d9:de:f0,-59,11,-99,-38,61,56,1688170072,100,0,228,0,"[-8,16,-9,16,-10,16,-9,16,-8,15,-8,13,-6,12,64,-4,-4,8,-3,6,-2,5,-1,4,0,3,0,1,0,0,0,0,1,-1,2,-2,3,-3,5,-3,6,-2,41,4,10,0,11,0,12,3,14,5,14,8,14,10,0,0,14,16,14,18,14,19,12,21,12,22,11,22,-68,0,10,20,9,17,8,14,8,12,8,8,7,4,7,2,7,0,6,-3,6,-6,6,-8,6,-11,6,-12,72,0,6,-16,6,-18,6,-17,6,-16,6,-14,5,-12,4,-9,0,-4,0,-3,0,-4,-2,-6,-7,-5,-11,1,-8,9,-4,23,11,10,16,0,11,-12,-1,-17,-13,-12,-18,1,-12,14,1,19,14,13,18,0,13,-12,0,-16,-8,-12,-3,-5,-8,4,-4,5,0,4,0,3,0,4,2,4,0,0,8,1,8,-4,4,-9,-1,-12,-8,-10,-13,-3,-2,26,-8,12,0,16,11,12,16,2,15,-8,6,-16,-6,-16,-16,-8,-16,6,-7,16,6,16,15,6,14,-7,10,-30,-9,-12,-14,0,-7,11,6,11,12,0,8,-10,-2,-13]"
CSI_DATA,113198,d8:b1:90:d9:de:f0,-59,11,-99,-38,61,56,1688184443,100,0,228,0,"[-3,-18,-3,-18,-4,-19,-4,-18,-4,-16,-4,-14,-4,-12,64,-4,-3,-8,-3,-6,-2,-4,-2,-3,-1,-2,0,-1,0,0,1,0,2,2,2,3,3,4,3,6,2,7,41,4,0,10,-1,12,-3,13,-5,14,-7,14,-10,16,0,0,-13,16,-15,16,-17,17,-18,16,-19,16,-18,16,-8,9,-15,15,-14,14,-10,13,-7,11,-4,10,-1,8,1,6,4,4,6,2,8,0,10,-1,11,-3,13,-5,-40,0,14,-8,15,-9,15,-10,14,-10,12,-9,11,-7,8,-5,2,4,2,2,3,3,6,2,8,-2,6,-8,-2,-12,-15,-18,-14,3,-8,13,4,16,15,8,17,-6,7,-16,-7,-17,-18,-6,-18,8,-6,18,8,16,15,6,13,-5,8,-2,-1,-10,-4,-6,-4,-2,-4,-1,-5,0,-6,3,0,0,0,9,6,8,11,2,11,-4,7,-11,0,-14,-28,4,-15,-2,-14,7,-6,14,4,16,14,10,17,-2,10,-14,-2,-16,-14,-10,-16,3,-8,14,4,15,14,6,27,-14,2,-14,-9,-8,-11,4,-2,11,9,8,12,-4,3,-12]"
CSI_DATA,113199,d8:b1:90:d9:de:f0,-59,11,-99,-39,61,56,1688203980,100,0,228,0,"[11,-15,12,-15,11,-15,11,-15,10,-14,8,-12,7,-11,66,-4,4,-8,2,-6,1,-5,0,-4,1,-2,0,-1,0,0,0,0,0,2,-1,3,-2,4,-4,4,-5,5,42,4,-8,5,-11,4,-13,3,-15,2,-17,0,-18,-1,0,0,-21,-4,-22,-6,-23,-8,-24,-9,-23,-10,-24,-9,-61,9,-20,-8,-19,-6,-16,-4,-14,-3,-11,0,-8,2,-5,4,-3,5,0,6,1,8,4,9,6,11,8,11,78,0,12,13,13,13,13,13,12,12,11,11,9,10,7,8,-1,4,0,3,0,4,2,6,7,5,11,0,8,-9,4,-24,-12,-9,-15,2,-10,13,3,17,15,10,18,-4,9,-17,-5,-19,-17,-9,-19,4,-9,15,3,17,12,8,5,4,7,-6,2,-7,0,-5,-1,-4,-2,-4,-4,-4,0,0,-8,4,-4,8,1,11,8,9,13,2,13,-6,-15,-23,-3,-15,-12,-11,-17,0,-13,10,-3,17,8,15,17,4,15,-8,4,-16,-8,-15,-16,-3,-13,9,-1,16,22,23,14,-1,6,-11,-6,-10,-11,0,-5,11,6,11,13,1]"
CSI_DATA,113200,d8:b1:90:d9:de:f0,-59,11,-99,-35,60,56,1688217781,100,0,228,0,"[-18,0,-19,0,-19,-1,-18,0,-17,-1,-15,0,-13,0,66,-4,-9,0,-7,1,-6,1,-3,0,-2,1,-1,0,0,0,0,0,1,0,4,0,4,0,6,0,8,2,42,4,9,5,9,7,9,10,8,12,8,15,7,17,0,0,4,21,4,23,3,24,2,24,0,26,0,25,35,0,0,22,1,19,2,17,3,14,4,11,5,7,6,4,6,0,7,-2,6,-4,7,-7,7,-9,8,-11,68,0,7,-15,7,-17,7,-17,7,-15,6,-14,6,-13,5,-9,4,-1,3,-2,4,-2,4,-5,0,-9,-6,-8,-13,-2,-22,8,-2,15,10,12,16,2,13,-11,0,-18,-13,-13,-19,0,-14,14,0,19,13,14,19,1,13,-11,2,-15,1,-7,-9,-3,-7,1,-4,3,-3,3,-2,4,-2,6,0,0,6,6,10,0,9,-6,4,-11,-4,-13,-11,-8,-14,24,-13,10,-4,15,6,15,14,8,17,-4,10,-14,-2,-17,-13,-11,-17,1,-10,13,2,17,13,8,15,-4,13,-28,-6,-13,-12,-1,-6,10,5,11,12,2,8,-9,-2,-12]"
CSI_DATA,113201,d8:b1:90:d9:de:f0,-59,11,-99,-39,61,56,1688230607,100,0,228,0,"[-9,-15,-9,-17,-10,-17,-10,-16,-8,-15,-8,-13,-7,-11,66,-4,-6,-7,-5,-5,-4,-4,-2,-3,-1,-2,0,-1,0,0,2,0,3,0,4,2,4,3,6,5,5,6,42,4,4,10,3,12,2,14,0,15,-1,17,-3,18,0,0,-8,20,-9,21,-11,22,-12,22,-13,22,-13,21,-1,9,-11,19,-9,17,-6,15,-4,13,-2,11,0,8,2,6,4,2,6,0,6,-2,8,-4,9,-6,11,-8,-44,0,12,-12,11,-14,12,-14,11,-13,10,-12,9,-10,7,-7,4,3,4,1,4,1,6,0,6,-5,2,-11,-6,-11,-20,-12,-13,7,-3,16,9,13,17,2,14,-11,1,-19,-13,-14,-20,0,-15,13,0,19,12,14,17,2,12,-8,8,-4,-4,-9,-6,-4,-6,-1,-6,0,-6,2,-5,4,0,0,3,9,9,6,13,0,10,-8,3,-14,-6,-13,-26,13,-15,2,-11,11,-2,17,9,14,17,4,15,-8,6,-17,-7,-15,-17,-5,-15,8,-4,16,8,14,15,2,22,-20,-1,-13,-10,-6,-9,6,1,11,10,4,9,-7,0,-12]"
CSI_DATA,113202,d8:b1:90:d9:de:f0,-59,11,-99,-36,61,56,1688242002,100,0,228,0,"[6,15,7,16,8,16,7,15,6,14,7,12,6,10,60,-4,5,7,5,5,4,3,2,3,2,1,1,1,1,0,0,0,-1,-1,-1,-2,-1,-3,-1,-5,-1,-6,39,3,0,-10,1,-10,3,-11,5,-12,7,-13,9,-13,0,0,13,-13,15,-14,17,-14,17,-14,18,-13,18,-13,62,0,16,-11,13,-11,11,-10,8,-10,5,-8,2,-8,0,-6,-3,-5,-5,-4,-7,-2,-9,-1,-11,0,-13,0,17,9,-16,2,-17,3,-17,3,-16,3,-14,3,-12,2,-10,1,-3,-2,-2,-1,-3,-2,-5,-1,-6,3,-3,8,3,11,18,15,13,-4,5,-13,-5,-14,-15,-5,-15,7,-5,16,8,15,17,4,15,-9,4,-17,-8,-15,-15,-4,-12,6,-5,3,2,9,5,4,5,1,3,0,3,0,4,-1,0,0,0,-7,-4,-8,-9,-4,-11,1,-8,9,-1,13,25,-1,13,5,13,-4,8,-12,-1,-15,-11,-10,-15,0,-11,11,0,15,10,11,15,0,11,-11,-1,-15,-11,-8,-28,5,-5,12,6,10,11,0,5,-10,-5,-10,-12,0,-8,10]"
CSI_DATA,113203,d8:b1:90:d9:de:f0,-59,11,-99,-39,61,56,1688252063,100,0,228,0,"[7,16,8,17,8,17,8,17,8,15,7,13,7,11,66,-4,6,7,5,6,4,4,3,2,2,2,1,1,0,0,0,0,-2,-1,-2,-2,-3,-3,-4,-5,-4,-6,42,4,-3,-10,-2,-11,0,-13,0,-15,2,-17,3,-17,0,0,7,-20,8,-22,10,-22,11,-22,11,-22,11,-22,-25,0,9,-20,7,-18,5,-16,2,-13,0,-11,-2,-8,-3,-5,-5,-2,-6,0,-8,2,-8,4,-9,6,-10,9,52,10,-11,13,-11,15,-10,15,-10,15,-9,13,-8,11,-6,8,-3,-3,-3,-2,-4,-2,-6,0,-7,4,-3,10,5,11,19,13,13,-6,4,-15,-8,-14,-17,-3,-14,11,-2,18,13,14,19,0,14,-13,0,-19,-13,-13,-17,-1,-11,9,-6,4,4,8,6,4,5,0,4,0,4,-1,4,-4,0,0,-2,-8,-8,-6,-11,0,-9,8,-3,13,5,13,24,-13,15,-2,11,-12,0,-17,-11,-13,-17,-2,-15,10,-4,17,9,15,17,3,14,-10,2,-16,-11,-12,-15,0,-20,23,4,13,12,4,8,-8,-2,-11,-11,-3,-9,8,1,13]"
CSI_DATA,113204,d8:b1:90:d9:de:f0,-59,11,-99,-38,61,56,1688262221,100,0,228,0,"[-16,-6,-16,-7,-16,-8,-16,-7,-14,-7,-13,-6,-12,-5,64,-4,-8,-3,-7,-2,-6,-2,-4,-1,-3,-1,-2,0,0,0,0,0,1,0,2,2,3,3,4,4,3,6,41,4,2,10,0,12,0,13,-3,14,-5,16,-8,16,0,0,-12,17,-14,16,-16,16,-18,15,-18,15,-19,14,-50,9,-17,12,-15,11,-12,10,-9,9,-7,8,-4,7,-1,6,1,6,4,5,6,4,8,4,10,4,13,3,-32,0,16,3,17,3,17,4,17,4,15,4,12,4,9,4,4,0,4,0,4,0,5,-3,3,-8,-3,-10,-10,-6,-23,-1,-8,12,2,15,13,9,16,-3,10,-14,-3,-17,-15,-10,-18,3,-11,15,2,18,14,12,16,0,10,-10,4,-4,-4,-8,-6,-3,-5,0,-3,0,-4,1,-4,2,0,0,0,8,5,8,10,4,12,-2,9,-10,2,-14,-26,0,-14,-6,-16,4,-10,13,0,17,11,12,17,2,14,-9,4,-16,-8,-14,-16,-4,-14,8,-3,15,8,12,29,4,9,-10,-2,-12,-10,-4,-8,7,1,12,10,5,12,-5]"
CSI_DATA,113205,d8:b1:90:d9:de:f0,-59,11,-99,-35,60,56,1688274313,100,0,228,0,"[4,17,5,18,5,18,5,17,5,16,5,15,4,12,66,-4,4,8,4,6,2,5,2,4,1,2,0,2,0,0,0,0,-1,-1,-2,-2,-2,-4,-2,-6,-1,-7,42,4,0,-11,2,-12,4,-13,6,-14,8,-15,11,-15,0,0,14,-16,17,-15,18,-16,19,-15,20,-15,19,-15,76,0,17,-13,15,-12,12,-11,9,-10,6,-9,2,-8,0,-6,-2,-5,-4,-4,-8,-2,-9,-1,-11,0,-13,2,23,10,-16,4,-17,4,-17,5,-17,5,-15,4,-13,3,-11,2,-2,-4,-3,-2,-4,-2,-6,-1,-8,3,-4,10,3,12,17,17,14,-4,6,-14,-6,-15,-15,-6,-16,6,-6,17,8,17,18,6,17,-8,6,-18,-7,-17,-15,-6,-14,5,-7,2,2,10,5,6,5,2,4,0,4,0,5,-2,0,0,1,-8,-5,-8,-10,-5,-13,2,-8,10,0,15,28,-1,15,5,15,-6,8,-15,-2,-17,-13,-11,-17,1,-12,13,0,17,12,11,17,0,11,-13,-2,-15,-13,-8,-29,8,-4,13,7,10,11,-1,4,-11,-7,-9,-12,0,-6,11]"
CSI_DATA,113206,d8:b1:90:d9:de:f0,-59,11,-99,-39,61,56,1688294124,100,0,228,0,"[11,-14,11,-15,12,-15,11,-14,10,-13,9,-12,8,-10,66,-4,5,-7,4,-6,3,-5,2,-4,2,-2,0,-2,0,0,0,0,0,2,-2,2,-3,3,-4,4,-6,4,42,4,-11,2,-13,1,-14,0,-15,-2,-17,-4,-17,-7,0,0,-18,-11,-19,-13,-19,-15,-17,-17,-17,-17,-17,-17,-6,9,-15,-16,-14,-13,-13,-11,-10,-8,-9,-6,-7,-2,-6,0,-4,2,-4,5,-2,7,-2,9,0,12,0,13,0,10,2,17,2,18,2,17,2,17,1,15,0,13,0,11,-2,4,0,4,0,5,3,6,7,4,11,-1,8,-10,6,-23,-11,-10,-15,0,-11,12,1,17,14,11,18,-2,12,-15,-1,-19,-15,-13,-19,0,-13,13,0,17,9,11,3,6,9,-4,4,-6,0,-6,0,-4,-1,-4,-2,-4,0,0,-8,1,-8,6,-2,11,4,12,11,8,14,0,-4,-26,4,-16,-6,-15,-15,-8,-17,4,-11,14,1,18,13,11,17,0,12,-11,0,-17,-11,-11,-15,0,-9,12,4,30,12,6,11,-5,0,-11,-9,-6,-10,5,-1,13,9,8]"
CSI_DATA,113207,d8:b1:90:d9:de:f0,-59,11,-99,-36,61,56,1688307021,100,0,228,0,"[-13,-9,-14,-10,-15,-10,-14,-10,-13,-9,-11,-8,-10,-6,60,-4,-7,-3,-6,-2,-5,-2,-3,-1,-2,-1,-1,0,0,0,1,0,3,0,3,1,5,1,5,3,5,4,39,3,5,8,4,10,3,12,2,14,1,16,-1,17,0,0,-4,20,-6,20,-7,22,-8,22,-9,22,-9,20,23,9,-8,18,-6,17,-5,15,-2,12,0,10,1,7,3,5,4,2,6,0,7,-1,8,-3,9,-6,10,-8,-36,0,11,-11,11,-11,11,-13,11,-12,10,-11,8,-8,6,-6,4,1,3,0,4,0,5,-2,4,-6,-1,-10,-9,-7,-22,-3,-8,11,1,15,12,9,15,-2,9,-14,-3,-17,-15,-9,-17,5,-9,15,4,17,15,8,15,-2,8,-10,5,-5,-5,-7,-6,-3,-5,0,-4,1,-4,2,-3,5,0,0,4,8,9,3,11,-1,8,-8,1,-12,-6,-11,-22,14,-14,2,-10,11,0,15,9,13,16,3,14,-8,5,-16,-7,-14,-15,-5,-13,7,-4,15,8,13,14,1,22,-19,-1,-13,-10,-5,-9,5,0,10,10,5,10,-6,1,-12]"
CSI_DATA,113208,d8:b1:90:d9:de:f0,-60,11,-99,-34,61,56,1688324500,100,0,228,0,"[13,8,14,10,15,9,14,8,13,7,12,5,10,4,57,-4,7,2,5,1,4,1,3,0,1,0,0,0,0,1,-1,1,-2,1,-4,1,-5,1,-7,0,-8,0,36,3,-10,-2,-10,-4,-11,-6,-11,-8,-11,-10,-11,-12,0,0,-10,-16,-11,-17,-11,-19,-11,-20,-10,-19,-10,-19,20,8,-10,-16,-10,-14,-10,-11,-8,-8,-8,-5,-6,-2,-4,0,-3,3,-1,5,0,7,1,8,4,10,5,11,72,0,9,13,11,13,11,11,11,11,10,10,8,8,6,6,-4,-1,-4,0,-4,0,-4,3,-2,7,3,9,10,4,21,-1,5,-12,-5,-13,-14,-4,-13,7,-3,16,9,13,17,1,13,-11,1,-17,-11,-13,-16,-1,-11,9,-1,13,-2,7,7,3,6,0,5,-2,3,-4,2,-5,-1,-7,0,0,-8,-2,-9,4,-5,10,2,11,8,8,13,0,0,-25,4,-12,-4,-13,-11,-7,-15,2,-10,11,1,15,11,10,16,-1,9,-11,-2,-15,-12,-8,-14,4,-5,12,13,23,11,1,6,-8,-3,-9,-9,0,-4,8,5,9,11,1]"
CSI_DATA,113209,d8:b1:90:d9:de:f0,-59,11,-99,-38,61,56,1688334904,100,0,228,0,"[-10,14,-11,14,-12,14,-11,14,-10,12,-9,12,-8,10,64,-4,-4,8,-4,6,-3,5,-2,4,-1,3,0,2,0,0,0,0,1,0,2,-2,4,-2,4,-2,6,-2,41,4,10,-1,12,0,13,2,14,4,15,6,16,8,0,0,16,13,16,15,16,17,16,18,16,19,15,19,-44,0,13,17,12,14,11,12,10,9,9,6,8,3,7,0,6,-2,5,-4,4,-7,3,-9,2,-11,1,-13,40,0,0,-16,0,-18,0,-18,0,-17,0,-16,0,-12,0,-10,2,-4,1,-4,0,-4,-2,-6,-7,-5,-11,0,-8,9,-6,23,10,10,16,0,11,-12,0,-17,-12,-12,-18,0,-12,14,0,19,14,13,18,0,12,-12,1,-16,-8,-12,-4,-4,-8,4,-4,6,0,5,0,3,0,4,2,4,0,0,8,0,8,-4,4,-10,-2,-11,-9,-8,-14,0,2,26,-5,14,4,15,13,10,17,-1,12,-12,1,-17,-10,-13,-17,-2,-13,10,-2,16,10,12,16,0,10,-10,0,-30,-11,-7,-12,5,-2,12,8,8,11,-3,3,-12,-7,-10]"
CSI_DATA,113210,d8:b1:90:d9:de:f0,-58,11,-99,-36,60,56,1688354374,100,0,228,0,"[-17,7,-19,6,-19,5,-19,4,-17,4,-15,4,-13,3,67,-4,-9,2,-7,2,-6,1,-4,1,-2,0,-2,0,0,0,0,0,2,-1,4,-1,5,-1,7,0,8,1,43,4,9,5,9,8,9,10,8,14,7,16,5,18,0,0,2,22,0,24,-1,26,-3,26,-4,26,-5,25,-80,10,-5,22,-4,20,-3,17,-2,14,0,11,1,8,3,5,4,3,6,1,7,-1,9,-3,10,-5,12,-7,-45,0,14,-10,15,-11,15,-10,15,-9,14,-9,12,-7,9,-4,4,-2,2,-3,2,-4,1,-7,-3,-9,-10,-5,-13,2,-20,14,2,15,13,10,17,-2,11,-14,-2,-19,-15,-12,-19,2,-12,16,1,20,14,14,19,0,13,-12,2,-15,2,-8,-9,-4,-7,0,-5,2,-3,3,-3,4,-1,7,0,0,7,7,11,2,11,-4,7,-12,-1,-14,-9,-12,-21,20,-15,5,-9,14,1,17,12,13,18,2,15,-9,4,-17,-8,-16,-16,-5,-16,8,-5,16,8,14,16,4,26,-17,0,-14,-10,-8,-11,3,-2,11,9,7,12,-3,4,-12]"
CSI_DATA,113211,d8:b1:90:d9:de:f0,-59,11,-99,-35,60,56,1688374062,100,0,228,0,"[0,17,-1,19,-1,19,0,18,0,17,0,15,0,13,66,-4,2,8,2,7,1,5,1,4,0,2,0,2,0,0,0,0,0,-1,-1,-2,-2,-5,0,-6,0,-8,42,4,2,-11,4,-11,6,-13,8,-13,10,-14,12,-14,0,0,16,-15,17,-15,19,-15,20,-15,21,-15,20,-14,68,0,17,-13,15,-13,13,-11,8,-11,5,-9,2,-7,0,-6,-2,-5,-5,-3,-8,-1,-9,0,-11,2,-13,3,26,10,-15,6,-16,7,-16,8,-15,8,-14,7,-11,6,-10,4,0,-4,-1,-4,-2,-4,-6,-3,-9,0,-8,8,0,13,12,22,15,0,11,-12,-2,-17,-13,-11,-18,2,-11,15,4,19,17,10,19,-5,10,-16,-4,-17,-15,-9,-15,2,-7,1,0,10,4,6,4,2,4,0,4,0,6,-2,0,0,1,-8,-4,-9,-10,-4,-12,2,-8,10,0,15,28,0,15,5,15,-5,8,-15,-3,-17,-14,-11,-18,2,-11,13,1,17,13,11,17,-2,9,-13,-4,-15,-15,-6,-28,11,-2,13,8,8,11,-2,2,-11,-8,-8,-11,3,-4,12]"
CSI_DATA,113212,d8:b1:90:d9:de:f0,-58,11,-99,-36,60,56,1688385029,100,0,228,0,"[14,13,14,14,14,14,14,14,14,12,12,10,11,8,67,-4,8,4,6,3,4,2,4,2,2,1,0,0,0,0,-1,0,-2,0,-4,0,-5,-2,-6,-3,-7,-4,43,4,-7,-9,-7,-11,-5,-13,-4,-15,-3,-17,-1,-19,0,0,0,-22,2,-24,3,-25,4,-26,4,-26,5,-25,46,0,3,-23,2,-20,1,-17,0,-14,-2,-11,-3,-7,-4,-4,-5,-1,-6,2,-7,4,-7,7,-7,9,-7,12,-68,10,-6,16,-6,18,-5,18,-5,17,-4,16,-4,14,-4,10,-4,-2,-4,-1,-4,0,-6,2,-5,7,0,12,9,9,25,7,10,-12,-1,-16,-13,-11,-17,2,-10,16,4,19,17,10,20,-5,9,-17,-5,-19,-16,-9,-16,4,-9,12,-5,7,7,7,7,2,5,0,4,-2,4,-3,3,-6,0,0,-6,-7,-10,-3,-12,4,-7,11,1,14,9,11,20,-21,14,-7,7,-15,-4,-16,-14,-10,-18,1,-12,14,0,18,13,12,17,0,12,-13,-2,-17,-13,-9,-16,4,-12,29,7,12,13,0,7,-9,-5,-9,-12,0,-6,10,4,12]"
CSI_DATA,113213,d8:b1:90:d9:de:f0,-59,11,-99,-39,61,56,1688403928,100,0,228,0,"[-17,-3,-18,-3,-19,-4,-18,-3,-17,-2,-15,-2,-13,-1,66,-4,-9,0,-8,0,-6,0,-5,0,-3,0,-2,0,-1,0,0,0,2,0,2,0,4,0,6,1,7,2,42,4,10,4,11,6,12,8,12,11,13,13,12,15,0,0,12,19,12,20,12,21,11,22,11,22,11,22,-69,0,10,19,10,17,9,13,8,11,8,6,7,3,6,0,6,-2,4,-4,3,-7,2,-9,0,-11,0,-13,0,0,-2,-16,-4,-17,-4,-17,-4,-17,-3,-15,-2,-13,-2,-11,4,0,4,0,5,-2,4,-6,0,-10,-8,-8,-13,-1,-23,8,-2,15,11,13,17,1,13,-12,0,-19,-13,-13,-19,2,-12,15,2,19,15,13,19,-1,11,-13,0,-15,0,-6,-10,-1,-6,4,-2,4,0,3,0,4,0,4,0,0,7,4,10,-2,8,-8,0,-13,-8,-11,-15,-4,-4,26,-8,15,3,17,14,11,18,0,13,-13,0,-18,-11,-13,-17,0,-13,11,0,17,12,11,15,-1,8,-13,-5,-29,-12,-4,-10,7,1,11,10,4,8,-7,0,-12,-11,-6]"
CSI_DATA,113214,d8:b1:90:d9:de:f0,-59,11,-99,-38,61,56,1688414928,100,0,228,0,"[18,-1,19,0,19,-1,18,-1,17,-2,15,-2,13,-2,64,-4,8,-2,6,-2,5,-2,3,-1,2,0,1,0,0,1,0,1,-2,2,-2,2,-4,2,-6,2,-8,1,41,4,-10,-1,-11,-2,-12,-5,-13,-7,-13,-9,-14,-11,0,0,-14,-16,-14,-17,-14,-19,-14,-20,-14,-20,-13,-20,24,10,-12,-17,-12,-15,-11,-12,-10,-9,-9,-6,-8,-2,-6,0,-4,3,-3,6,-1,8,0,10,1,12,3,13,36,0,6,16,7,16,8,16,7,15,6,14,6,12,4,10,-4,2,-3,2,-3,3,-2,6,1,8,8,7,12,0,20,-12,-1,-15,-12,-10,-16,2,-10,14,3,18,16,10,18,-5,9,-16,-6,-18,-16,-9,-17,4,-8,14,2,14,0,8,10,0,6,-4,3,-4,2,-4,0,-5,-2,-6,0,0,-9,-1,-8,5,-4,10,2,12,10,8,14,0,0,-28,5,-15,-5,-15,-14,-9,-16,2,-10,13,0,17,12,12,17,0,12,-12,0,-16,-12,-10,-16,2,-8,13,10,28,12,4,9,-8,-2,-11,-10,-4,-8,8,2,12,11,6]"
CSI_DATA,113215,d8:b1:90:d9:de:f0,-58,11,-99,-37,60,56,1688434431,100,0,228,0,"[-17,-8,-18,-9,-18,-9,-18,-8,-17,-8,-15,-5,-13,-5,69,-5,-9,-2,-8,-2,-6,-1,-4,-1,-2,-1,-2,0,0,0,1,0,2,0,3,1,5,1,5,2,6,4,45,4,8,8,7,10,6,13,5,16,4,18,2,19,0,0,0,23,-1,24,-2,26,-4,26,-5,26,-4,26,59,10,-4,23,-2,21,-1,18,0,14,1,11,2,8,4,5,5,2,7,0,8,-3,8,-5,9,-8,9,-10,-54,0,10,-15,10,-16,10,-16,10,-16,9,-13,8,-12,7,-9,5,0,5,0,5,0,6,-4,2,-9,-4,-10,-13,-5,-26,0,-7,14,5,16,16,8,17,-7,7,-18,-8,-18,-19,-6,-18,9,-6,19,9,18,18,6,16,-7,7,-14,4,-6,-8,-6,-8,0,-5,2,-3,2,-3,3,-2,5,0,0,5,7,10,3,11,-4,8,-10,0,-15,-10,-12,-20,20,-16,6,-8,16,2,18,14,12,18,0,13,-13,0,-18,-12,-13,-18,0,-13,12,0,18,13,11,16,-2,18,-26,-5,-13,-13,-2,-9,8,3,11,11,2,9,-9,-2,-13]"
CSI_DATA,113216,d8:b1:90:d9:de:f0,-59,11,-99,-39,61,56,1688453996,100,0,228,0,"[-1,19,-2,20,-2,19,-2,19,-2,18,-1,15,-1,13,66,-4,0,8,0,7,0,5,0,4,0,2,0,1,-1,0,-1,-1,0,-2,-1,-4,0,-6,1,-6,2,-8,42,4,6,-9,8,-9,11,-8,13,-7,16,-6,18,-4,0,0,22,-1,24,0,24,1,26,4,25,4,25,5,85,0,22,5,19,4,17,3,14,2,11,0,7,-2,4,-3,2,-4,0,-6,-2,-7,-4,-8,-7,-9,-9,-9,74,10,-13,-11,-13,-13,-14,-12,-13,-11,-11,-11,-10,-9,-7,-8,0,-5,-2,-4,-2,-4,-5,-3,-9,0,-8,6,-2,13,7,24,15,2,13,-8,3,-16,-10,-14,-18,-2,-15,11,-2,19,12,15,19,2,16,-11,4,-18,-8,-15,-14,-5,-8,-4,-6,8,0,8,1,6,2,4,4,3,6,2,0,0,7,-7,2,-10,-4,-11,-12,-6,-14,1,-11,11,19,21,6,15,14,8,17,-2,11,-13,1,-17,-11,-14,-17,-2,-15,9,-4,17,9,15,17,3,13,-9,1,-16,-22,-22,-13,0,-5,11,6,10,11,0,4,-10,-6,-10,-12,-1]"
CSI_DATA,113217,d8:b1:90:d9:de:f0,-59,11,-99,-37,61,56,1688464141,100,0,228,0,"[2,17,1,18,1,18,1,18,2,16,2,14,2,12,62,-4,2,9,2,7,1,5,1,4,1,3,0,1,0,0,0,0,0,-1,0,-2,0,-3,0,-5,0,-7,40,3,3,-9,5,-11,7,-11,9,-12,11,-12,13,-12,0,0,17,-12,19,-11,20,-11,22,-11,22,-10,22,-10,75,0,19,-9,16,-9,14,-8,11,-8,7,-7,4,-7,1,-6,-1,-5,-3,-5,-6,-4,-8,-3,-11,-2,-12,-1,27,9,-16,0,-17,0,-18,1,-17,1,-15,0,-13,0,-11,0,-1,-4,-1,-3,-3,-3,-6,-2,-9,1,-6,9,1,12,13,20,14,-1,9,-12,-2,-16,-13,-9,-17,3,-9,15,4,18,16,9,18,-5,9,-16,-4,-17,-14,-9,-14,1,-5,1,0,10,4,6,4,2,3,1,3,0,5,0,0,0,2,-7,-2,-9,-8,-7,-12,0,-11,7,-4,13,25,5,13,8,16,-1,11,-12,0,-17,-10,-13,-17,-2,-14,9,-3,16,9,13,16,3,12,-9,1,-15,-11,-10,-29,0,-7,11,5,11,11,1,6,-9,-4,-11,-11,-1,-9,8]"
CSI_DATA,113218,d8:b1:90:d9:de:f0,-59,11,-99,-39,61,56,1688474385,100,0,228,0,"[16,-4,17,-5,19,-5,17,-5,16,-5,14,-5,12,-5,66,-4,8,-4,6,-4,6,-3,4,-2,3,-2,2,-1,0,0,0,0,-1,2,-2,2,-3,2,-5,3,-6,2,42,4,-10,1,-13,0,-14,-1,-15,-2,-17,-4,-17,-6,0,0,-19,-9,-19,-11,-20,-12,-21,-13,-20,-13,-20,-13,-49,9,-18,-11,-17,-9,-15,-6,-12,-4,-11,-2,-8,0,-6,2,-3,4,-1,6,1,8,2,8,5,9,8,11,82,0,11,12,13,13,13,12,12,12,11,11,9,9,7,7,-4,2,-3,3,-3,4,0,7,4,8,10,3,11,-5,15,-18,-6,-13,-15,-5,-15,7,-5,17,8,15,18,4,16,-10,4,-19,-11,-15,-19,-3,-15,11,-3,17,7,13,4,6,9,-3,4,-6,0,-6,0,-4,-1,-4,-3,-4,0,0,-8,1,-7,7,-1,11,6,12,12,6,15,-3,-9,-26,0,-17,-11,-13,-17,-3,-15,10,-4,17,8,15,16,5,15,-7,5,-15,-8,-15,-15,-4,-13,8,-2,15,19,22,13,-2,5,-11,-6,-9,-10,1,-4,10,7,9,12,0]"
CSI_DATA,113219,d8:b1:90:d9:de:f0,-59,11,-99,-38,61,56,1688484710,100,0,228,0,"[-17,-6,-18,-7,-18,-8,-17,-8,-16,-7,-14,-6,-12,-6,64,-4,-8,-3,-7,-2,-5,-2,-4,-2,-2,-1,-1,-1,0,0,1,0,2,1,3,1,4,3,4,4,4,6,41,4,3,10,1,12,0,14,-3,14,-6,16,-8,16,0,0,-14,16,-16,16,-18,16,-20,15,-20,14,-21,13,-58,9,-19,10,-17,9,-14,8,-11,8,-8,7,-4,6,-2,6,1,6,4,5,6,4,8,4,10,4,13,4,-26,0,16,4,18,4,18,4,17,4,15,5,12,4,9,4,5,0,3,0,4,-1,5,-4,3,-8,-3,-10,-10,-6,-24,-2,-8,12,3,16,13,9,17,-2,10,-14,-3,-18,-15,-11,-19,2,-12,15,1,19,13,12,16,0,12,-8,7,-4,-3,-9,-6,-4,-5,-2,-4,0,-5,0,-6,3,0,0,0,9,6,8,10,4,12,-3,8,-10,1,-14,-28,-1,-13,-7,-16,2,-11,12,-2,17,9,14,16,4,16,-7,6,-16,-6,-16,-16,-6,-15,6,-6,15,7,14,30,8,10,-8,0,-12,-10,-6,-10,6,0,12,10,8,12,-3]"
CSI_DATA,113220,d8:b1:90:d9:de:f0,-59,11,-99,-35,60,56,1688504797,100,0,228,0,"[-17,-2,-18,-2,-19,-2,-18,-2,-17,-2,-15,-1,-13,0,66,-4,-9,0,-8,0,-6,0,-4,0,-3,0,-2,0,-1,0,0,0,1,0,2,0,4,1,5,2,6,2,42,4,8,6,8,8,8,11,8,13,8,15,8,17,0,0,6,21,6,22,5,24,4,24,4,25,4,24,18,0,4,22,4,19,5,16,6,13,6,9,6,6,6,2,6,0,6,-3,6,-5,6,-8,6,-10,5,-13,71,0,4,-16,4,-17,4,-17,3,-17,3,-15,3,-13,2,-10,4,0,4,0,5,-2,5,-6,0,-9,-6,-9,-13,-2,-24,8,-2,15,9,13,17,2,13,-11,0,-18,-13,-13,-19,0,-13,14,0,19,13,13,19,0,12,-11,0,-15,0,-5,-10,-2,-6,2,-3,4,-1,2,-1,2,-1,4,0,0,6,4,9,0,9,-5,4,-11,-4,-13,-11,-8,-11,24,-12,11,-2,16,8,15,17,6,16,-6,6,-16,-6,-17,-15,-7,-16,6,-6,15,6,15,15,4,13,-8,6,-29,-10,-9,-13,2,-4,12,8,9,12,-2,5,-12,-6,-12]"
CSI_DATA,113221,d8:b1:90:d9:de:f0,-59,11,-99,-39,61,56,1688524118,100,0,228,0,"[8,17,8,17,8,18,7,17,6,16,6,14,6,11,66,-4,4,8,3,6,2,4,2,4,0,2,0,2,0,0,-2,0,-2,-2,-3,-3,-4,-4,-3,-6,-3,-7,42,4,0,-11,2,-12,3,-13,6,-14,8,-15,11,-15,0,0,16,-15,18,-14,20,-15,22,-13,22,-13,22,-12,57,0,19,-11,17,-10,14,-9,11,-8,7,-7,4,-6,1,-6,-1,-4,-4,-4,-7,-2,-9,-2,-12,0,-14,0,27,10,-17,2,-17,2,-18,2,-17,2,-16,2,-13,1,-10,0,-3,-4,-3,-2,-4,-2,-6,0,-8,4,-4,11,4,12,19,16,15,-6,6,-15,-6,-15,-16,-6,-17,8,-6,17,8,17,19,6,18,-8,6,-18,-8,-17,-15,-6,-15,4,-8,1,0,10,4,7,4,4,5,2,6,0,6,-2,0,0,0,-10,-6,-9,-11,-4,-13,2,-9,10,-1,14,29,1,14,6,16,-4,10,-13,0,-17,-11,-13,-17,-2,-15,10,-3,17,10,14,17,2,13,-10,1,-16,-11,-11,-30,2,-7,11,4,11,11,2,6,-8,-4,-10,-11,-1,-8,8]"
CSI_DATA,113222,d8:b1:90:d9:de:f0,-59,11,-99,-34,60,56,1688544111,100,0,228,0,"[-15,10,-16,10,-17,10,-16,9,-16,8,-13,7,-12,6,64,-4,-8,5,-6,4,-5,2,-3,2,-2,1,-1,0,0,0,0,-1,2,-2,3,-2,5,-2,6,-1,8,0,41,4,10,2,10,5,12,7,11,10,11,13,10,15,0,0,8,20,6,22,5,23,4,25,2,24,2,24,-4,10,0,22,0,20,1,17,2,13,2,10,3,7,4,4,5,1,6,-1,7,-4,8,-6,8,-8,8,-10,-64,0,10,-14,10,-14,10,-14,11,-14,10,-12,9,-10,7,-7,3,-4,2,-3,2,-4,0,-6,-4,-7,-10,-3,-12,5,-16,18,5,14,14,6,16,-6,7,-16,-6,-17,-16,-7,-18,6,-8,18,6,18,17,8,17,-4,9,-14,-1,-14,0,-8,-10,-2,-6,2,-4,4,-2,4,-2,5,0,6,0,0,8,4,10,0,8,-8,3,-12,-4,-12,-12,-8,-14,24,-12,9,-4,15,6,16,14,8,18,-2,12,-13,0,-17,-12,-12,-16,0,-12,12,0,16,11,12,16,0,18,-23,-3,-13,-12,-4,-9,7,2,11,10,4,10,-7,0,-13]"
CSI_DATA,113223,d8:b1:90:d9:de:f0,-59,11,-99,-38,61,56,1688564407,100,0,228,0,"[-10,-14,-10,-15,-10,-15,-10,-14,-10,-14,-8,-11,-8,-10,64,-4,-6,-6,-6,-5,-4,-4,-3,-2,-2,-2,-1,-1,0,0,0,0,1,0,2,2,2,3,3,5,2,6,41,4,2,10,0,12,-1,13,-2,14,-4,16,-6,16,0,0,-9,18,-12,19,-12,20,-14,20,-14,20,-14,20,-8,9,-12,17,-10,16,-8,14,-5,12,-2,10,0,8,2,6,4,4,6,2,8,0,9,-2,10,-3,12,-5,-29,0,14,-8,14,-10,15,-10,14,-10,12,-8,11,-7,8,-5,3,2,3,2,4,2,6,0,8,-5,2,-10,-6,-10,-21,-11,-12,8,-3,16,10,13,17,2,14,-11,1,-18,-13,-14,-19,0,-14,13,0,19,12,13,16,1,11,-8,4,-4,-4,-8,-6,-3,-5,0,-3,0,-4,1,-4,3,0,0,1,8,6,6,10,1,10,-5,6,-12,-2,-14,-25,8,-15,-1,-13,8,-4,16,7,15,16,6,16,-6,8,-15,-5,-16,-15,-7,-16,5,-6,15,6,14,15,4,26,-16,0,-14,-10,-7,-11,5,0,12,10,7,12,-4,3,-12]"
CSI_DATA,113224,d8:b1:90:d9:de:f0,-59,11,-99,-39,61,56,1688584311,100,0,228,0,"[-17,-6,-18,-7,-18,-8,-17,-7,-16,-7,-14,-6,-12,-4,66,-4,-8,-2,-7,-2,-5,-1,-4,-1,-2,0,0,0,0,0,1,0,3,0,4,1,4,2,6,3,6,5,42,4,5,8,4,11,2,13,1,15,0,16,-3,17,0,0,-7,19,-10,20,-11,21,-13,21,-14,20,-15,19,0,9,-13,17,-11,15,-9,14,-6,13,-4,11,0,8,1,6,4,4,6,2,8,0,10,0,11,-2,13,-3,-26,0,16,-6,17,-7,17,-7,16,-6,15,-6,13,-4,9,-2,4,0,3,0,4,0,6,-3,4,-8,-2,-11,-11,-7,-24,0,-8,13,3,15,14,8,17,-4,9,-16,-5,-18,-17,-8,-19,6,-9,17,5,19,15,9,16,-2,9,-11,6,-5,-5,-8,-6,-2,-5,0,-4,0,-5,2,-4,5,0,0,2,8,8,6,11,0,10,-7,4,-13,-4,-13,-26,10,-15,0,-13,8,-5,15,6,15,15,8,17,-3,10,-13,-2,-17,-13,-10,-17,2,-10,13,2,16,13,8,29,-9,4,-13,-7,-10,-12,2,-4,11,6,10,13,0,7,-11]"
CSI_DATA,113225,d8:b1:90:d9:de:f0,-59,11,-99,-36,60,56,1688604260,100,0,228,0,"[9,16,9,17,10,17,10,16,9,14,9,12,8,10,67,-4,6,7,5,4,4,3,3,2,2,2,0,1,0,0,-1,0,-3,0,-4,-1,-5,-2,-6,-4,-7,-5,43,4,-6,-9,-5,-11,-4,-13,-3,-15,-2,-16,0,-19,0,0,2,-21,4,-23,4,-24,5,-25,6,-25,6,-24,72,0,4,-21,2,-19,1,-16,0,-14,-2,-10,-3,-7,-4,-4,-4,0,-5,2,-5,5,-5,8,-6,10,-5,12,-66,10,-4,17,-3,18,-3,19,-3,17,-2,16,-2,13,-2,10,-4,-3,-4,-2,-4,-1,-7,0,-7,5,-2,11,7,11,21,12,12,-9,2,-16,-11,-13,-17,-1,-13,13,0,19,14,13,20,-2,12,-15,-2,-19,-14,-12,-17,1,-10,11,-7,5,5,9,7,3,6,0,5,-1,5,-2,3,-6,0,0,-5,-8,-10,-3,-11,4,-7,11,0,14,9,11,20,-21,14,-7,7,-15,-4,-16,-14,-10,-17,1,-12,13,0,18,13,12,17,0,11,-13,-2,-16,-13,-9,-15,4,-11,29,7,11,12,0,5,-10,-7,-9,-11,1,-4,12,7,11]"
CSI_DATA,113226,d8:b1:90:d9:de:f0,-59,11,-99,-37,61,56,1688624922,100,0,228,0,"[1,-16,1,-18,2,-18,2,-18,1,-16,1,-14,1,-12,62,-4,0,-9,0,-7,0,-6,0,-5,0,-3,0,-1,0,-1,0,0,0,1,0,3,-1,3,-1,5,-3,5,40,3,-7,6,-10,6,-11,5,-14,5,-16,3,-18,2,0,0,-20,0,-22,-2,-22,-3,-24,-5,-24,-5,-23,-6,-69,9,-20,-5,-18,-4,-16,-3,-12,-1,-10,0,-7,1,-5,3,-3,5,0,6,0,7,3,9,5,10,7,11,57,0,9,12,10,13,11,13,10,13,9,12,7,11,5,9,0,3,1,3,1,5,5,4,9,0,8,-6,2,-12,-7,-23,-14,-3,-12,8,-3,16,9,14,17,3,14,-10,3,-18,-11,-16,-19,-3,-15,11,-3,18,8,14,14,5,5,2,5,-9,0,-7,-2,-4,-2,-2,-2,-2,-3,-2,0,0,-6,4,-3,9,1,11,9,8,12,1,12,-7,-16,-20,-4,-14,-13,-9,-16,0,-12,11,-1,17,9,14,16,3,14,-8,3,-16,-8,-14,-15,-3,-12,9,-1,14,18,22,13,-1,5,-10,-5,-10,-11,0,-5,9,5,11,12,2]"
CSI_DATA,113227,d8:b1:90:d9:de:f0,-59,11,-99,-36,60,56,1688635532,100,0,228,0,"[-4,18,-5,19,-6,19,-6,18,-6,17,-4,15,-4,13,67,-4,-2,9,-1,7,-1,6,-1,4,0,2,0,1,0,0,0,-1,0,-3,0,-4,1,-5,2,-7,4,-7,43,4,8,-7,11,-7,13,-6,14,-5,17,-4,19,-2,0,0,22,2,24,4,24,5,25,6,25,7,24,9,77,0,21,7,19,7,16,4,14,2,11,0,8,-1,6,-2,2,-4,0,-6,-2,-7,-4,-9,-6,-10,-8,-12,-85,10,-11,-13,-12,-13,-13,-13,-12,-13,-11,-12,-9,-11,-7,-8,0,-4,-1,-4,-2,-4,-4,-5,-9,-1,-10,4,-5,13,3,25,15,6,15,-5,7,-16,-7,-16,-18,-5,-17,9,-6,19,9,18,19,7,17,-9,7,-18,-6,-16,-14,-7,-7,-4,-7,7,-2,7,1,6,2,4,4,4,5,3,0,0,7,-5,4,-10,-3,-12,-9,-8,-14,0,-12,8,16,24,4,16,13,10,17,0,13,-12,2,-18,-10,-15,-18,-4,-15,8,-4,17,8,15,16,4,14,-9,2,-15,-20,-23,-14,1,-6,10,5,9,11,0,5,-10,-6,-11,-13,-1]"
CSI_DATA,113228,d8:b1:90:d9:de:f0,-59,11,-99,-35,60,56,1688647398,100,0,228,0,"[14,-13,15,-13,15,-13,13,-13,12,-13,11,-12,8,-11,66,-4,4,-8,3,-6,2,-4,2,-3,1,-2,1,0,0,0,0,1,0,3,0,4,0,6,-2,6,-3,8,42,4,-6,8,-8,9,-11,8,-13,8,-15,8,-17,6,0,0,-21,5,-23,4,-24,4,-26,3,-25,4,-25,4,81,9,-22,4,-19,4,-17,5,-13,5,-8,5,-5,5,-2,5,1,4,4,4,6,2,8,2,11,0,13,0,-26,0,17,-3,18,-4,17,-4,17,-4,15,-4,13,-4,10,-2,-2,4,-1,4,0,5,2,6,7,5,11,0,9,-9,5,-23,-12,-10,-16,2,-10,14,4,17,16,9,18,-6,8,-17,-7,-19,-18,-7,-18,7,-6,17,6,16,13,6,7,6,6,-8,0,-8,-2,-6,-3,-4,-4,-3,-6,-1,0,0,-5,8,0,11,8,9,13,2,13,-6,6,-13,-26,-11,-11,-11,-17,0,-13,11,-4,17,8,15,17,5,15,-8,5,-17,-8,-15,-17,-4,-13,9,-2,16,11,11,30,-3,6,-11,-5,-11,-11,0,-4,9,6,8,12,0,6,-11]"
CSI_DATA,113229,d8:b1:90:d9:de:f0,-59,11,-99,-36,60,56,1688657636,100,0,228,0,"[14,12,15,13,15,13,14,13,13,12,12,10,10,9,67,-4,7,6,6,4,4,3,3,2,2,2,0,1,0,0,-1,0,-2,0,-3,-2,-4,-3,-4,-5,-4,-7,43,4,-2,-11,0,-12,1,-14,4,-15,6,-16,9,-16,0,0,14,-17,16,-16,19,-17,20,-15,21,-15,21,-14,46,0,19,-12,17,-12,14,-10,11,-9,7,-7,4,-7,1,-6,-1,-4,-4,-4,-7,-3,-9,-2,-12,-2,-14,-1,29,10,-17,0,-18,0,-19,0,-18,0,-16,0,-13,-1,-10,-1,-4,-2,-4,0,-4,0,-7,2,-5,7,0,12,9,9,24,8,12,-10,0,-16,-12,-12,-18,0,-13,12,0,19,14,14,21,0,15,-14,1,-19,-12,-14,-17,-2,-13,8,-7,3,2,10,6,5,5,2,4,0,5,0,5,-3,0,0,0,-9,-6,-9,-12,-4,-12,3,-9,11,0,14,29,0,15,6,16,-4,10,-14,0,-17,-12,-13,-18,-2,-14,10,-3,17,9,15,16,3,14,-9,2,-16,-10,-12,-31,0,-9,10,3,12,11,2,7,-8,-3,-12,-12,-3,-10,7]"
CSI_DATA,113230,d8:b1:90:d9:de:f0,-58,11,-99,-36,60,56,1688669042,100,0,228,0,"[3,19,3,20,2,20,2,19,2,18,2,16,2,13,67,-4,2,9,2,7,1,6,1,4,0,3,0,2,0,0,0,0,0,-2,0,-3,0,-4,2,-6,3,-7,43,4,7,-7,9,-7,12,-6,14,-4,16,-3,19,-1,0,0,21,2,23,5,24,7,24,9,24,9,23,11,82,0,20,10,18,9,16,7,13,4,11,2,8,0,6,-2,4,-4,2,-7,0,-8,0,-10,-2,-12,-3,-14,-60,10,-5,-16,-6,-18,-6,-18,-5,-17,-4,-16,-3,-13,-2,-10,-2,-3,-2,-2,-2,-3,-5,-3,-9,0,-7,7,0,13,11,23,15,0,12,-10,1,-17,-12,-13,-19,-1,-14,12,-1,20,13,15,20,2,16,-12,3,-19,-9,-15,-14,-4,-6,-2,-5,9,0,7,2,4,2,3,2,3,5,2,0,0,7,-4,4,-9,-2,-11,-9,-9,-13,-2,-12,6,14,24,1,15,11,12,16,2,15,-7,7,-16,-5,-16,-15,-9,-16,4,-9,14,3,17,14,9,16,-4,7,-14,-11,-29,-14,-3,-10,8,0,12,10,4,10,-7,0,-13,-10,-8]"
CSI_DATA,113231,d8:b1:90:d9:de:f0,-59,11,-99,-39,61,56,1688683838,100,0,228,0,"[10,15,11,16,11,16,11,15,10,14,10,12,8,10,66,-4,7,6,6,4,5,4,4,2,3,2,2,1,2,0,0,0,0,-1,-1,-2,-2,-3,-2,-5,-2,-6,42,4,0,-10,0,-12,2,-13,3,-15,5,-15,7,-17,0,0,11,-18,13,-18,15,-19,15,-19,16,-19,15,-19,-1,0,13,-17,11,-16,8,-14,6,-13,3,-11,0,-8,-2,-7,-4,-5,-6,-3,-8,-1,-11,0,-12,2,-13,4,26,10,-15,7,-16,8,-16,8,-16,8,-14,7,-11,6,-9,4,-3,-2,-2,-1,-3,-2,-6,0,-7,4,-2,11,6,11,22,13,13,-7,4,-15,-9,-14,-17,-2,-15,11,-2,19,13,15,20,1,15,-13,0,-19,-12,-14,-17,-1,-12,9,-4,4,5,8,7,3,4,0,2,0,2,0,4,-2,0,0,0,-8,-5,-7,-11,-3,-11,4,-6,11,1,14,26,-6,15,2,14,-8,6,-15,-6,-16,-15,-8,-17,4,-9,15,4,17,15,8,16,-4,7,-15,-6,-15,-15,-5,-28,13,0,14,11,8,12,-4,2,-12,-9,-8,-13,3,-5,13]"
CSI_DATA,113232,d8:b1:90:d9:de:f0,-59,11,-99,-38,61,56,1688703814,100,0,228,0,"[-18,-2,-19,-2,-19,-2,-18,-2,-17,-2,-14,-2,-14,-1,64,-4,-10,0,-8,0,-6,0,-4,0,-2,0,0,0,0,-1,1,0,2,0,4,0,5,1,6,2,7,4,41,4,7,8,6,10,6,12,4,14,2,16,0,18,0,0,-4,20,-5,22,-7,22,-9,24,-9,22,-10,22,66,10,-10,19,-8,17,-7,16,-4,12,-2,10,0,8,2,6,4,4,6,2,8,0,9,-2,11,-4,12,-5,-36,0,15,-8,16,-9,15,-9,15,-8,14,-6,12,-5,9,-4,4,-2,3,-2,3,-2,4,-4,1,-9,-6,-9,-12,-4,-23,5,-4,14,7,14,16,4,15,-8,4,-18,-10,-16,-18,-4,-16,10,-4,18,8,17,16,6,16,-6,6,-13,5,-6,-7,-6,-7,-1,-6,1,-4,2,-4,3,-3,5,0,0,4,8,9,4,11,-2,8,-9,2,-13,-6,-12,-24,14,-15,2,-12,10,-2,16,9,14,16,5,15,-6,7,-15,-4,-16,-14,-8,-16,5,-7,15,4,15,14,6,27,-13,3,-13,-8,-8,-11,3,-2,11,8,8,12,-2,6,-11]"
CSI_DATA,113233,d8:b1:90:d9:de:f0,-59,11,-99,-38,61,56,1688714150,100,0,228,0,"[10,-14,10,-15,11,-16,10,-15,9,-14,8,-13,6,-11,64,-4,4,-8,3,-7,2,-6,1,-4,1,-3,0,-2,0,0,0,0,-1,1,-1,2,-2,3,-4,4,-6,4,41,4,-10,4,-12,2,-13,1,-15,0,-16,-2,-17,-4,0,0,-20,-8,-20,-10,-20,-11,-20,-13,-20,-13,-20,-13,-43,9,-18,-12,-16,-10,-14,-8,-12,-5,-10,-2,-8,0,-6,2,-5,4,-2,6,-1,8,0,10,2,11,4,13,44,0,6,15,7,16,8,16,7,16,6,14,5,12,4,10,-1,4,0,3,0,4,2,6,7,4,10,-1,8,-10,4,-24,-11,-9,-15,1,-10,13,2,16,14,10,18,-3,10,-16,-4,-19,-16,-10,-18,3,-10,15,2,17,11,10,5,4,8,-6,2,-7,0,-4,-1,-2,-1,-3,-3,-3,0,0,-8,2,-6,7,-1,11,6,10,12,5,14,-3,-8,-24,1,-15,-9,-13,-16,-4,-15,7,-7,16,5,16,14,8,16,-4,8,-14,-4,-16,-14,-7,-14,5,-6,14,12,27,13,2,8,-9,-3,-12,-10,-2,-8,8,2,12,11,6]"
CSI_DATA,113234,d8:b1:90:d9:de:f0,-59,9,-99,-39,61,56,1688736015,98,0,106,0,"[0,0,-42,0,-24,0,-52,0,-63,0,-74,0,70,0,79,0,38,0,51,0,20,0,30,0,0,0,4,0,-19,10,-21,10,-48,10,-32,10,-78,10,-29,10,66,10,-1,10,35,10,43,0,17,10,-84,0,0,0,0,0,19,10,11,0,23,10,49,0,37,10,62,0,54,10,34,0,68,10,-24,0,83,10,78,0,-74,10,4,0,-57,10,-55,10,-39,10,67,10,-20,10,18,10,-1,10,-16,9,4,0,-30,9,-1,10]"
CSI_DATA,113235,d8:b1:90:d9:de:f0,-60,11,-99,-35,61,56,1688747152,100,0,228,0,"[6,15,7,17,7,16,6,15,6,14,5,12,5,11,58,-4,4,7,3,6,3,4,2,3,1,1,0,0,0,0,0,-1,-1,-2,-1,-3,-1,-4,-1,-6,0,-7,38,3,2,-9,4,-9,6,-10,9,-9,11,-9,13,-8,0,0,17,-6,19,-6,20,-4,22,-3,22,-3,22,-3,-74,0,20,-1,17,-2,15,-2,12,-3,9,-3,6,-4,3,-4,0,-5,-1,-5,-4,-6,-6,-6,-8,-6,-10,-7,44,9,-14,-7,-15,-7,-15,-7,-14,-7,-12,-6,-10,-6,-7,-4,-3,-2,-2,-1,-2,-1,-5,-1,-7,2,-4,7,1,11,15,16,13,-3,7,-12,-3,-14,-14,-7,-15,4,-8,14,4,16,15,8,17,-4,9,-15,-3,-15,-12,-9,-13,1,-7,0,-1,9,2,6,3,3,3,2,4,1,6,0,0,0,4,-7,-1,-9,-7,-7,-11,-1,-11,4,-6,11,22,11,8,10,13,4,13,-5,7,-12,-2,-15,-12,-9,-15,1,-10,11,0,15,11,10,15,-1,9,-11,-3,-14,-24,-14,-11,4,-2,11,8,7,10,-3,2,-11,-7,-9,-11,1]"
CSI_DATA,113236,d8:b1:90:d9:de:f0,-58,11,-99,-36,60,56,1688758380,100,0,228,0,"[-12,-14,-12,-16,-12,-17,-11,-16,-10,-15,-9,-13,-8,-11,67,-4,-5,-7,-4,-6,-3,-4,-2,-3,-1,-2,0,-1,0,0,1,0,2,2,2,3,2,4,2,6,1,8,43,4,-1,11,-4,12,-7,13,-9,12,-12,12,-15,12,0,0,-20,9,-23,8,-24,7,-26,5,-25,4,-25,3,85,9,-22,2,-21,2,-17,2,-14,2,-10,3,-7,4,-4,4,0,6,1,6,4,7,6,7,9,7,12,9,-57,0,15,9,16,10,15,10,15,10,14,9,10,8,7,7,4,2,4,1,4,1,7,0,7,-5,2,-11,-6,-12,-21,-14,-14,7,-5,15,7,16,17,6,16,-8,6,-18,-8,-18,-19,-7,-19,8,-7,19,7,17,16,8,14,-2,8,0,0,-10,-3,-7,-4,-4,-4,-2,-5,-1,-6,0,0,0,-4,9,2,11,8,9,14,2,12,-5,7,-12,-26,-12,-10,-12,-16,-3,-16,7,-8,16,3,17,14,11,18,0,12,-14,-1,-17,-13,-12,-16,0,-10,12,1,16,26,17,13,-4,3,-12,-8,-9,-11,2,-3,12,8,10,13,0]"
CSI_DATA,113237,d8:b1:90:d9:de:f0,-59,11,-99,-37,61,56,1688772666,100,0,228,0,"[17,5,18,5,18,6,17,5,16,5,14,3,12,2,62,-4,9,1,6,0,5,0,3,0,2,0,1,0,0,1,-1,1,-3,1,-3,0,-5,0,-7,0,-8,0,40,3,-9,-3,-10,-5,-11,-8,-11,-10,-11,-12,-10,-14,0,0,-9,-18,-9,-20,-8,-22,-8,-23,-7,-23,-7,-23,-37,9,-7,-20,-7,-17,-6,-14,-6,-11,-6,-7,-5,-4,-5,-1,-3,1,-3,5,-2,6,-1,9,0,11,0,13,-16,9,3,16,4,17,5,16,4,16,4,14,3,12,1,9,-4,0,-3,1,-4,1,-5,4,-1,8,5,9,11,3,22,-4,3,-14,-7,-13,-15,-3,-13,9,-1,18,11,14,18,1,14,-12,0,-18,-12,-14,-18,-1,-12,10,-1,14,-2,8,9,3,7,0,5,-3,3,-3,1,-5,0,-7,0,0,-9,-3,-10,3,-7,9,0,12,7,11,13,4,7,-27,8,-12,-1,-16,-11,-12,-16,-1,-13,10,-3,16,9,14,16,3,14,-8,3,-16,-9,-12,-15,-1,-10,10,4,29,11,6,10,-5,0,-11,-9,-5,-9,5,0,12,10,7]"
CSI_DATA,113238,d8:b1:90:d9:de:f0,-59,11,-99,-35,60,56,1688784408,100,0,228,0,"[-18,2,-19,2,-19,2,-19,2,-17,2,-15,2,-13,2,66,-4,-8,2,-7,2,-6,2,-4,2,-2,1,-2,0,0,0,0,0,2,0,3,0,4,0,6,0,8,0,42,4,10,3,11,6,12,7,12,9,12,12,11,15,0,0,11,19,9,21,8,23,8,24,8,24,7,24,70,0,6,21,6,19,6,15,6,12,6,8,6,5,6,2,6,0,5,-4,5,-6,4,-8,4,-11,4,-13,41,0,2,-17,2,-18,2,-18,2,-17,2,-16,2,-13,2,-10,4,-2,3,-2,3,-3,3,-6,-2,-8,-8,-6,-13,1,-21,14,1,15,12,10,17,-2,10,-13,-2,-17,-15,-11,-19,4,-11,17,4,20,16,11,19,-4,10,-13,-1,-15,0,-7,-10,-1,-6,3,-3,4,-2,4,-1,4,0,6,0,0,7,4,10,-2,8,-8,1,-13,-6,-11,-13,-6,-8,27,-11,12,0,17,10,13,17,4,16,-8,6,-17,-6,-17,-16,-6,-16,6,-6,15,7,15,15,4,13,-8,4,-30,-10,-9,-13,2,-4,11,8,8,12,-2,4,-12,-6,-11]"
CSI_DATA,113239,d8:b1:90:d9:de:f0,-59,11,-99,-36,60,56,1688795043,100,0,228,0,"[-1,19,-2,20,-1,20,-2,19,-1,18,0,15,0,14,67,-4,0,9,0,7,0,6,0,4,0,3,0,2,0,0,-1,0,-1,-2,0,-4,0,-5,0,-7,1,-8,43,4,4,-10,7,-10,9,-11,12,-11,14,-11,16,-10,0,0,21,-8,23,-7,24,-6,25,-5,26,-5,25,-4,-89,0,21,-3,19,-3,16,-4,13,-4,9,-4,5,-5,2,-5,0,-4,-3,-5,-6,-4,-9,-4,-11,-4,-13,-4,26,10,-17,-3,-19,-2,-18,-2,-18,-2,-15,-2,-14,-2,-10,-2,-1,-4,-2,-4,-2,-4,-6,-4,-9,0,-9,7,-1,13,9,22,16,2,12,-10,1,-17,-12,-13,-19,0,-13,14,0,20,15,14,21,0,14,-14,0,-19,-12,-13,-15,-1,-8,-2,-3,10,1,8,4,4,4,3,5,2,7,0,0,0,4,-8,0,-11,-8,-8,-12,-2,-14,6,-7,13,26,12,12,12,17,2,15,-9,5,-16,-7,-16,-16,-7,-17,6,-8,16,5,16,15,7,16,-6,5,-15,-7,-14,-30,-7,-10,9,2,12,11,4,8,-7,-2,-12,-12,-4,-11,7]"
CSI_DATA,113240,d8:b1:90:d9:de:f0,-59,11,-99,-39,61,56,1688813786,100,0,228,0,"[12,-14,13,-15,13,-15,11,-14,11,-14,9,-12,8,-11,66,-4,4,-8,3,-6,2,-5,1,-4,0,-2,0,-1,1,0,0,0,0,2,-1,3,-2,4,-4,5,-5,5,42,4,-8,6,-11,5,-13,4,-15,3,-17,2,-19,0,0,0,-21,-2,-23,-4,-24,-5,-24,-6,-24,-7,-24,-6,-63,9,-21,-6,-19,-4,-17,-2,-14,0,-11,0,-7,2,-4,4,-2,6,0,6,3,8,5,8,8,9,10,9,-81,0,14,10,15,10,15,10,15,9,13,8,11,7,8,6,-2,4,0,3,0,4,2,6,7,5,11,0,8,-9,5,-24,-11,-10,-16,1,-10,13,3,17,15,10,19,-4,10,-17,-5,-19,-17,-9,-19,4,-9,15,4,17,12,8,6,4,7,-6,2,-8,-1,-5,-2,-4,-2,-3,-4,-2,0,0,-8,4,-4,9,2,11,9,8,13,1,13,-8,-17,-22,-4,-15,-14,-10,-17,2,-12,13,0,17,11,13,17,2,14,-11,2,-17,-11,-13,-16,0,-11,11,1,16,25,18,13,-4,2,-13,-8,-8,-11,4,-2,12,8,9,13,-2]"
CSI_DATA,113241,d8:b1:90:d9:de:f0,-59,11,-99,-36,60,56,1688833881,100,0,228,0,"[16,9,16,11,16,11,16,11,14,10,13,9,11,7,67,-4,8,4,7,4,4,3,4,2,2,2,1,1,0,0,-1,0,-2,0,-4,-2,-4,-2,-5,-4,-4,-7,43,4,-4,-11,-2,-12,0,-14,1,-16,3,-17,6,-18,0,0,12,-19,14,-19,16,-19,17,-19,18,-19,19,-17,44,0,16,-14,15,-13,12,-12,9,-10,6,-8,2,-7,0,-5,-2,-4,-4,-2,-7,-2,-9,0,-12,0,-14,0,24,10,-17,2,-18,2,-19,2,-18,2,-16,1,-13,0,-10,0,-4,-1,-4,0,-4,0,-6,3,-4,8,2,11,10,8,24,4,9,-12,-2,-16,-13,-11,-17,2,-12,14,2,19,15,12,20,-2,13,-15,-1,-20,-14,-13,-17,0,-12,9,-7,4,4,10,7,4,6,1,4,0,5,-1,5,-4,0,0,-1,-9,-7,-8,-12,-2,-12,4,-7,12,1,15,29,-3,16,4,16,-7,8,-16,-3,-18,-14,-12,-18,0,-13,13,0,18,12,13,17,0,12,-11,0,-16,-12,-10,-30,4,-6,12,5,11,12,1,6,-9,-5,-10,-12,-1,-9,9]"
CSI_DATA,113242,d8:b1:90:d9:de:f0,-59,11,-99,-38,61,56,1688844046,100,0,228,0,"[16,4,18,5,18,5,17,5,16,4,14,4,12,3,64,-4,9,1,8,0,6,0,5,0,3,0,2,0,1,0,0,0,-1,0,-2,0,-4,-2,-5,-2,-6,-4,41,4,-7,-7,-6,-10,-6,-12,-6,-14,-5,-16,-4,-18,0,0,-1,-21,0,-22,0,-24,2,-24,2,-24,2,-24,34,0,2,-21,2,-18,0,-16,0,-13,-2,-10,-4,-7,-4,-4,-6,-2,-6,1,-8,4,-8,5,-8,8,-8,10,70,10,-9,14,-10,14,-9,15,-9,14,-8,12,-7,10,-6,8,-4,0,-4,0,-4,1,-5,4,-2,8,5,10,12,4,24,-4,5,-14,-7,-14,-16,-4,-14,8,-4,17,9,16,18,4,16,-10,4,-18,-10,-16,-18,-4,-14,8,-4,14,-2,6,8,5,8,0,4,-2,2,-2,2,-3,2,-4,0,0,-4,-6,-9,-2,-10,3,-6,10,0,13,10,11,18,-19,14,-6,7,-15,-3,-16,-14,-10,-17,1,-12,12,0,17,12,12,16,0,12,-12,0,-16,-12,-10,-15,2,-16,24,5,12,12,2,8,-8,-3,-11,-12,-2,-9,8,1,12]"
CSI_DATA,113243,d8:b1:90:d9:de:f0,-59,11,-99,-39,61,56,1688854259,100,0,228,0,"[3,17,3,19,3,19,3,18,4,17,4,15,4,13,66,-4,3,8,3,7,2,5,2,4,1,3,0,2,0,0,0,0,-1,-1,-2,-2,-2,-4,-2,-6,-1,-7,42,4,0,-11,2,-12,4,-13,6,-14,7,-15,10,-16,0,0,14,-16,16,-17,17,-17,18,-17,19,-16,18,-16,25,0,16,-14,13,-13,11,-12,8,-11,4,-8,2,-7,0,-6,-4,-4,-5,-2,-8,0,-9,0,-11,2,-13,4,30,10,-15,7,-16,8,-16,8,-15,8,-13,6,-12,6,-9,4,-2,-4,-2,-3,-4,-3,-6,-2,-8,2,-6,9,2,13,15,19,15,-3,8,-13,-4,-15,-15,-8,-17,6,-7,17,7,17,18,7,18,-8,7,-18,-6,-17,-15,-7,-14,5,-7,2,1,11,5,6,5,2,4,0,4,0,5,-2,0,0,0,-8,-5,-8,-11,-4,-12,3,-8,11,0,15,27,-2,15,4,15,-6,7,-15,-4,-17,-15,-9,-17,3,-10,14,2,17,13,10,17,-3,8,-14,-4,-15,-14,-6,-27,12,-2,13,9,8,11,-3,2,-11,-8,-7,-11,4,-4,12]"
CSI_DATA,113244,d8:b1:90:d9:de:f0,-59,11,-99,-38,61,56,1688873965,100,0,228,0,"[-15,8,-16,8,-17,8,-16,8,-15,7,-13,7,-11,6,64,-4,-8,4,-6,4,-4,3,-3,2,-2,2,-2,1,0,0,0,0,1,0,2,-1,4,-1,6,-1,8,0,41,4,10,1,12,2,12,4,14,6,14,9,14,11,0,0,14,15,14,17,14,19,13,20,13,20,12,20,-49,0,12,18,10,15,10,12,9,10,8,6,7,3,6,0,5,-2,4,-5,3,-7,2,-10,2,-12,0,-13,18,0,0,-16,-1,-17,-1,-18,0,-16,0,-15,0,-13,0,-10,3,-2,2,-2,2,-4,1,-6,-4,-8,-10,-3,-12,5,-15,18,5,14,14,6,15,-6,5,-16,-8,-16,-17,-5,-16,8,-5,18,9,16,18,5,16,-8,6,-15,-5,-14,-2,-6,-10,2,-5,5,-1,5,0,4,0,4,1,4,0,0,8,1,8,-4,6,-9,0,-12,-9,-10,-14,-2,-1,26,-6,14,4,16,13,10,17,0,12,-12,1,-17,-10,-13,-16,-2,-13,10,-2,16,10,12,15,0,9,-11,-2,-28,-12,-6,-10,5,0,11,10,6,10,-4,2,-12,-8,-9]"
CSI_DATA,113245,d8:b1:90:d9:de:f0,-59,11,-99,-38,61,56,1688884251,100,0,228,0,"[-13,12,-14,12,-14,12,-14,12,-12,12,-10,11,-8,10,64,-4,-5,7,-4,6,-3,5,-2,4,-1,3,0,2,0,0,0,0,1,-1,2,-2,2,-3,4,-4,6,-4,41,4,9,-4,12,-2,13,-2,15,0,16,0,18,2,0,0,20,6,20,7,22,9,22,9,22,10,22,10,62,0,20,8,18,6,16,4,13,2,11,0,8,-2,5,-4,3,-5,0,-6,-2,-8,-4,-9,-6,-10,-8,-10,80,10,-12,-11,-14,-12,-14,-11,-13,-10,-12,-10,-10,-8,-8,-6,2,-3,1,-3,1,-4,0,-6,-6,-6,-11,-1,-10,8,-8,23,10,11,16,0,12,-12,0,-16,-13,-12,-18,1,-12,15,2,20,16,12,18,-2,11,-14,-1,-16,-11,-10,-4,-4,-8,6,-2,7,0,4,1,3,2,3,4,3,0,0,8,-3,5,-7,0,-11,-8,-10,-12,-3,-12,6,14,22,2,15,12,11,16,0,13,-10,3,-17,-9,-14,-17,-4,-14,8,-3,16,9,14,16,2,12,-10,0,-15,-22,-20,-13,3,-4,12,8,9,12,-2,4,-12,-7,-10,-13,0]"
CSI_DATA,113246,d8:b1:90:d9:de:f0,-59,11,-99,-39,61,56,1688904382,100,0,228,0,"[-13,13,-14,14,-15,13,-14,13,-13,12,-11,11,-9,9,66,-4,-6,6,-5,5,-4,4,-3,2,-2,2,-1,0,0,0,0,-1,1,-2,2,-4,4,-4,5,-4,7,-4,42,4,11,-1,13,0,14,2,15,4,15,7,16,10,0,0,15,15,15,17,15,19,13,21,13,22,12,22,-44,0,10,19,9,17,8,14,7,11,6,8,6,4,5,2,4,-1,4,-4,4,-6,2,-9,2,-11,2,-13,20,0,1,-17,1,-18,1,-18,2,-17,2,-15,2,-13,2,-10,2,-4,1,-4,0,-4,-2,-6,-6,-6,-11,0,-10,8,-10,22,9,12,16,2,13,-10,2,-17,-11,-14,-19,-2,-15,13,-2,19,12,16,19,3,16,-10,4,-16,-6,-14,-2,-9,-11,1,-6,4,-3,5,-1,5,0,6,3,6,0,0,10,0,9,-5,4,-11,-2,-13,-10,-10,-15,-2,-2,29,-6,15,3,16,13,11,17,0,14,-11,4,-17,-8,-15,-16,-5,-15,8,-5,16,7,15,15,4,13,-8,2,-30,-8,-9,-12,2,-4,10,7,7,11,-2,4,-11,-6,-11]"
CSI_DATA,113247,d8:b1:90:d9:de:f0,-59,11,-99,-35,60,56,1688923823,100,0,228,0,"[-2,-18,-2,-19,-1,-19,-1,-19,-1,-17,0,-15,0,-13,66,-4,0,-9,-1,-7,0,-6,0,-4,0,-2,0,-2,0,0,0,0,0,2,0,3,0,4,-2,6,-3,7,42,4,-7,7,-10,7,-12,6,-14,5,-16,3,-19,1,0,0,-22,-2,-23,-4,-24,-6,-24,-8,-24,-8,-22,-9,-70,9,-19,-9,-17,-8,-15,-6,-13,-4,-11,-2,-8,0,-6,2,-4,4,-2,6,0,8,1,9,3,11,4,13,45,0,6,15,7,17,7,17,6,16,5,15,4,13,2,11,2,4,2,3,3,3,6,3,9,-1,8,-8,0,-13,-10,-22,-15,-1,-12,11,-1,16,11,13,18,1,14,-12,1,-19,-13,-15,-19,-2,-16,11,-4,18,8,15,14,5,6,3,6,-8,0,-8,-2,-5,-2,-4,-3,-4,-5,-3,0,0,-7,4,-4,9,2,11,8,8,13,1,13,-6,-14,-24,-2,-15,-11,-11,-17,-2,-15,8,-5,17,6,16,16,7,17,-4,8,-15,-4,-16,-15,-8,-15,5,-6,14,13,28,13,2,8,-8,-2,-11,-11,-3,-8,7,0,13,11,7]"
CSI_DATA,113248,d8:b1:90:d9:de:f0,-59,11,-99,-35,60,56,1688944118,100,0,228,0,"[17,-4,19,-4,19,-4,17,-4,17,-4,15,-4,13,-4,66,-4,9,-4,6,-4,5,-4,4,-2,3,-2,2,-2,0,-1,0,0,-1,0,-2,0,-4,0,-6,0,-7,0,42,4,-10,-2,-11,-4,-12,-6,-13,-8,-13,-11,-14,-13,0,0,-14,-16,-14,-18,-14,-20,-14,-21,-14,-21,-13,-21,24,10,-13,-18,-11,-15,-11,-13,-10,-9,-9,-6,-8,-2,-7,0,-6,3,-4,6,-3,7,-2,10,0,12,0,14,6,0,2,17,3,17,3,18,2,17,2,15,2,13,1,11,-3,2,-2,2,-3,3,-2,6,3,8,9,6,13,-2,19,-15,-2,-15,-14,-8,-16,4,-8,15,6,17,17,8,18,-7,7,-18,-7,-18,-18,-7,-17,7,-7,15,4,14,2,5,10,-2,5,-5,1,-5,0,-4,0,-3,0,-4,0,0,-6,-2,-9,3,-6,8,0,11,8,10,14,2,0,-26,7,-15,-3,-15,-14,-11,-17,0,-13,13,0,18,11,13,17,1,13,-11,0,-17,-11,-11,-16,2,-8,13,6,30,13,4,11,-7,0,-12,-11,-6,-11,6,0,14,11,8]"
CSI_DATA,113249,d8:b1:90:d9:de:f0,-59,11,-99,-37,61,56,1688955818,100,0,228,0,"[-18,1,-19,0,-20,0,-18,1,-17,1,-15,1,-13,1,62,-4,-9,1,-7,1,-5,1,-3,1,-2,0,-1,0,0,0,1,0,2,0,3,0,5,0,6,0,7,1,40,3,9,5,8,7,7,9,7,12,5,14,4,16,0,0,1,20,0,22,-1,23,-2,24,-3,24,-3,24,-45,9,-3,20,-2,19,-1,16,0,13,1,10,3,7,4,4,5,1,6,0,7,-2,9,-5,9,-7,10,-9,-55,0,11,-13,11,-14,11,-14,11,-13,10,-12,8,-9,6,-7,3,-2,1,-2,2,-1,2,-4,0,-7,-6,-7,-11,-1,-22,9,-1,14,9,12,16,1,12,-10,1,-17,-12,-13,-18,0,-14,12,0,18,12,13,17,1,12,-9,3,-13,3,-7,-8,-4,-7,0,-4,1,-3,1,-3,3,-1,6,0,0,6,5,9,1,9,-5,5,-11,-1,-12,-9,-9,-17,20,-12,5,-7,12,1,15,11,11,16,1,13,-10,3,-16,-9,-14,-16,-3,-14,9,-2,16,10,12,15,1,20,-22,-1,-13,-11,-5,-10,6,0,11,11,5,11,-6,1,-12]"
CSI_DATA,113250,d8:b1:90:d9:de:f0,-59,11,-99,-38,61,56,1688967163,100,0,228,0,"[-14,-10,-14,-12,-14,-12,-14,-12,-12,-11,-12,-10,-10,-8,64,-4,-8,-5,-6,-4,-5,-4,-3,-2,-2,-2,-2,-1,0,0,0,0,1,1,2,2,2,4,2,6,1,7,41,4,0,10,-2,12,-4,12,-7,13,-10,14,-12,14,0,0,-16,13,-18,12,-20,12,-22,11,-22,10,-22,8,-83,9,-20,8,-17,7,-15,6,-12,6,-8,6,-5,6,-2,6,0,6,3,6,5,6,8,6,10,6,12,6,-40,0,15,6,16,6,16,7,16,7,14,6,12,6,8,5,4,1,3,0,4,0,6,-1,5,-6,0,-10,-8,-9,-22,-8,-12,9,-1,16,10,12,16,1,14,-12,2,-18,-12,-14,-19,-2,-15,12,-2,19,10,15,16,4,13,-6,6,-2,-2,-10,-5,-5,-4,-1,-4,0,-4,0,-4,1,0,0,-2,8,3,9,9,6,12,0,11,-7,4,-13,-25,-6,-12,-10,-16,0,-13,10,-4,16,8,16,16,6,16,-6,8,-15,-5,-16,-14,-8,-15,5,-6,15,6,14,28,10,11,-8,0,-12,-10,-6,-10,5,-1,12,10,8,13,-2]"
CSI_DATA,113251,d8:b1:90:d9:de:f0,-58,11,-99,-37,60,56,1688978269,100,0,114,0,"[5,-16,6,-17,7,-18,7,-17,6,-18,5,-18,5,-17,5,-16,2,-16,2,-16,1,-16,1,-16,0,-16,0,-16,-1,-18,-2,-18,-3,-19,-4,-21,-5,-21,-6,-22,-7,-22,-8,-22,-8,-22,-9,-22,-9,-21,-9,-21,-9,-21,-9,-21,0,0,-10,-21,-10,-19,-11,-20,-11,-19,-12,-19,-13,-20,-13,-19,-13,-19,-14,-18,-13,-17,-14,-16,-15,-16,-15,-14,-14,-13,-14,-13,-15,-13,-15,-11,-16,-11,-16,-11,-17,-11,-17,-11,-18,-11,-18,-12,-19,-13,-18,-13,-17,-12,-16,-12,-15,-12]"
CSI_DATA,113252,d8:b1:90:d9:de:f0,-58,11,-99,-37,60,56,1688994370,100,0,114,0,"[6,-15,8,-16,9,-16,10,-16,11,-16,12,-15,12,-13,11,-13,10,-13,10,-12,10,-12,10,-12,10,-13,11,-13,11,-14,12,-14,12,-15,13,-16,14,-17,15,-17,16,-17,16,-18,17,-17,16,-17,17,-16,17,-15,18,-14,18,-14,0,0,18,-12,18,-11,20,-11,20,-11,21,-11,21,-10,21,-10,21,-10,21,-10,21,-9,20,-8,19,-8,18,-8,18,-6,18,-6,18,-6,18,-5,18,-5,19,-5,20,-4,20,-3,21,-2,21,-2,23,0,23,0,21,1,20,2,18,4]"
CSI_DATA,113253,d8:b1:90:d9:de:f0,-58,9,-99,-37,60,56,1689013971,98,0,106,0,"[31,0,42,0,18,0,20,0,-2,10,-29,0,-10,10,-77,0,-10,10,68,0,-6,10,34,0,8,0,6,0,18,0,-24,10,17,0,-59,10,2,0,89,10,-27,10,56,10,-74,10,31,10,62,10,18,10,0,0,0,0,-28,10,24,10,-59,10,20,10,-66,10,30,10,-32,10,40,10,31,10,56,10,-75,10,83,10,-2,10,-70,10,63,0,-35,10,-77,0,5,0,-32,0,45,0,0,0,80,0,5,0,-85,0,-20,0]"
CSI_DATA,113254,d8:b1:90:d9:de:f0,-58,11,-99,-36,60,56,1689024286,100,0,114,0,"[-9,14,-11,14,-12,14,-13,13,-13,13,-13,12,-13,11,-12,10,-12,11,-12,10,-11,9,-12,10,-12,10,-12,11,-12,11,-13,12,-14,12,-15,13,-16,13,-16,14,-18,14,-18,14,-18,14,-19,13,-19,12,-19,11,-19,11,-19,10,0,0,-19,8,-21,8,-21,7,-21,7,-21,6,-21,6,-21,6,-21,5,-21,4,-21,4,-20,4,-20,4,-19,2,-18,3,-18,2,-18,1,-17,1,-18,1,-19,0,-20,0,-21,0,-21,-1,-21,-2,-21,-4,-21,-4,-19,-6,-18,-7,-16,-7]"
CSI_DATA,113255,d8:b1:90:d9:de:f0,-58,11,-99,-34,59,56,1689039611,100,0,114,0,"[13,-11,14,-11,16,-10,17,-10,17,-10,17,-9,16,-8,15,-8,14,-8,14,-8,14,-8,13,-8,13,-9,13,-10,14,-11,15,-11,15,-13,16,-12,17,-14,16,-14,17,-15,18,-15,18,-16,19,-15,17,-14,17,-14,18,-14,18,-14,0,0,18,-13,18,-11,19,-12,19,-12,20,-12,20,-12,20,-12,19,-12,20,-11,18,-11,17,-11,17,-11,17,-11,17,-11,17,-9,16,-10,15,-9,16,-10,17,-10,18,-11,18,-11,20,-10,20,-10,22,-9,23,-8,22,-7,20,-5,19,-3]"
CSI_DATA,113256,d8:b1:90:d9:de:f0,-58,11,-99,-34,59,56,1689054304,100,0,114,0,"[5,-17,5,-17,6,-18,7,-18,7,-19,6,-18,6,-17,5,-17,3,-17,2,-17,2,-15,2,-17,1,-17,0,-17,0,-18,-1,-19,-2,-20,-2,-21,-4,-22,-5,-23,-5,-23,-7,-23,-8,-23,-8,-23,-8,-23,-8,-22,-9,-22,-8,-21,0,0,-9,-21,-10,-20,-9,-21,-10,-21,-11,-20,-11,-20,-12,-20,-13,-20,-13,-18,-13,-18,-13,-17,-14,-16,-13,-15,-13,-14,-13,-14,-13,-13,-14,-12,-14,-12,-14,-12,-15,-12,-16,-13,-17,-13,-17,-14,-18,-14,-17,-14,-17,-14,-15,-14,-13,-12]"
CSI_DATA,113257,d8:b1:90:d9:de:f0,-58,11,-99,-36,60,56,1689064713,100,0,114,0,"[-8,15,-9,15,-12,15,-12,14,-14,14,-13,13,-14,12,-12,12,-12,12,-11,11,-11,11,-11,11,-10,12,-10,12,-12,12,-12,14,-12,14,-14,14,-14,15,-15,16,-15,16,-16,16,-16,16,-16,16,-17,15,-17,14,-16,14,-17,13,0,0,-19,12,-19,12,-19,11,-19,11,-19,10,-20,9,-20,9,-20,9,-19,9,-19,9,-19,8,-19,8,-18,7,-17,7,-17,6,-17,6,-17,5,-17,5,-18,5,-19,4,-19,4,-21,3,-21,2,-23,2,-23,1,-22,0,-20,-2,-18,-2]"
CSI_DATA,113258,d8:b1:90:d9:de:f0,-58,11,-99,-37,60,56,1689085335,100,0,114,0,"[-9,14,-10,15,-12,15,-13,15,-13,13,-13,14,-12,13,-12,13,-10,13,-10,13,-9,13,-9,13,-9,14,-9,14,-9,16,-9,16,-9,18,-10,17,-10,19,-9,20,-10,21,-9,21,-10,21,-10,21,-9,21,-9,21,-10,21,-10,20,0,0,-10,21,-10,19,-11,20,-10,19,-10,21,-10,20,-10,20,-11,20,-10,20,-10,20,-10,19,-9,19,-8,19,-8,18,-8,18,-8,18,-8,17,-8,18,-8,18,-9,19,-10,20,-10,20,-10,20,-11,20,-12,19,-13,18,-12,16,-13,15]"
CSI_DATA,113259,d8:b1:90:d9:de:f0,-58,11,-99,-37,60,56,1689104288,100,0,114,0,"[5,16,4,18,3,19,2,19,4,19,4,18,3,18,3,18,4,17,4,16,4,16,5,16,5,16,6,16,7,16,7,17,8,18,9,19,10,19,10,20,11,21,11,21,11,20,12,20,10,20,11,21,10,21,10,21,0,0,9,20,10,20,10,20,10,21,10,21,10,21,10,20,10,21,10,21,10,20,10,19,10,18,10,18,10,18,10,17,10,17,10,16,9,17,10,17,10,18,10,18,10,19,9,20,10,21,8,21,8,21,6,19,5,19]"
CSI_DATA,113260,d8:b1:90:d9:de:f0,-59,11,-99,-36,60,56,1689123954,100,0,228,0,"[-14,12,-16,12,-16,12,-15,11,-14,11,-13,9,-10,9,67,-4,-7,6,-5,5,-4,4,-2,4,-2,2,-1,1,0,0,0,0,2,0,2,-2,4,-2,5,-1,7,-1,43,4,10,0,12,2,13,4,14,7,14,9,14,12,0,0,14,17,14,19,14,21,12,23,12,23,11,23,79,0,9,20,9,17,9,14,9,12,8,8,7,4,7,1,7,0,6,-3,5,-7,5,-9,4,-12,4,-13,64,0,2,-17,2,-18,2,-19,2,-17,2,-16,2,-13,2,-10,2,-3,2,-3,2,-4,0,-7,-5,-8,-12,-2,-11,6,-12,22,7,14,16,4,15,-9,4,-17,-10,-15,-19,-3,-16,12,-3,20,12,16,19,4,16,-9,4,-16,-6,-14,-2,-5,-9,2,-4,5,-2,4,0,3,0,3,1,5,0,0,8,2,9,-3,6,-9,0,-13,-7,-10,-14,-3,-3,28,-8,14,1,17,12,12,17,2,14,-10,4,-17,-8,-16,-16,-5,-16,7,-5,16,8,14,16,4,13,-9,4,-31,-10,-10,-13,2,-4,12,7,9,12,-2,5,-12,-6,-12]"
CSI_DATA,113261,d8:b1:90:d9:de:f0,-59,11,-99,-36,60,56,1689137227,100,0,228,0,"[9,16,9,17,9,17,9,17,7,16,7,14,6,12,67,-4,4,8,4,6,2,4,2,3,1,2,0,1,0,0,-1,0,-2,-2,-2,-2,-3,-4,-2,-6,-2,-7,43,4,0,-12,2,-12,4,-14,7,-14,9,-15,12,-16,0,0,17,-14,19,-14,21,-14,23,-12,23,-12,24,-11,75,0,20,-9,18,-9,14,-8,11,-7,8,-7,4,-6,1,-6,-1,-4,-4,-4,-7,-4,-9,-3,-12,-2,-14,-2,36,10,-17,0,-18,0,-18,0,-18,0,-16,0,-13,-1,-10,-1,-3,-4,-3,-2,-4,-2,-7,0,-7,4,-3,11,5,12,20,14,14,-6,6,-15,-7,-16,-16,-6,-16,8,-5,18,9,17,19,6,18,-9,6,-18,-7,-17,-15,-7,-14,4,-8,0,0,10,4,7,4,3,4,2,5,0,6,-2,0,0,2,-9,-4,-10,-10,-7,-13,1,-10,9,-3,14,29,4,14,8,17,-2,12,-12,1,-17,-11,-15,-18,-3,-16,9,-4,17,9,15,16,4,14,-9,3,-16,-9,-12,-31,-2,-9,10,3,12,11,3,7,-8,-3,-12,-12,-3,-10,8]"
CSI_DATA,113262,d8:b1:90:d9:de:f0,-59,11,-99,-36,60,56,1689153876,100,0,228,0,"[16,8,17,9,16,9,16,9,15,9,13,7,12,6,67,-4,9,4,7,3,5,2,4,2,2,1,1,0,0,0,0,0,-1,0,-2,-2,-2,-3,-4,-4,-4,-6,43,4,-3,-10,-1,-12,0,-14,2,-16,4,-17,6,-18,0,0,11,-19,13,-20,14,-20,16,-20,16,-19,16,-19,25,0,15,-16,13,-15,10,-14,7,-12,4,-9,2,-8,0,-7,-4,-5,-6,-4,-8,-2,-9,-1,-12,0,-14,0,24,10,-17,2,-18,2,-18,3,-18,2,-16,2,-13,1,-11,0,-4,0,-4,0,-4,0,-6,4,-4,8,2,11,11,7,24,3,9,-12,-2,-16,-14,-9,-18,3,-10,15,3,19,16,11,19,-3,12,-16,-2,-19,-14,-12,-17,0,-11,11,-4,4,5,9,7,3,6,0,4,0,4,-1,4,-2,0,0,0,-8,-6,-7,-11,-2,-12,4,-7,12,1,14,26,-5,16,3,15,-7,7,-16,-4,-17,-14,-10,-18,2,-12,14,0,18,12,12,17,0,11,-13,-2,-16,-13,-9,-31,5,-5,13,7,11,12,0,6,-11,-6,-12,-14,-1,-9,9]"
CSI_DATA,113263,d8:b1:90:d9:de:f0,-58,11,-99,-37,60,56,1689165652,100,0,228,0,"[-18,6,-19,7,-20,7,-18,7,-17,8,-14,7,-12,7,69,-5,-8,5,-6,5,-5,4,-3,2,-2,2,-1,1,0,0,0,0,1,-2,2,-2,3,-3,5,-4,7,-4,45,4,10,-4,13,-2,15,0,16,0,18,2,20,3,0,0,22,7,24,8,24,9,25,10,25,10,24,9,62,0,22,7,20,5,18,3,14,1,11,0,8,-2,5,-5,2,-5,0,-7,-4,-8,-6,-8,-9,-8,-11,-8,73,10,-16,-9,-17,-8,-18,-8,-17,-7,-16,-6,-13,-5,-10,-5,3,-3,2,-3,2,-5,0,-7,-5,-8,-10,-4,-13,5,-15,21,7,15,16,5,16,-8,3,-18,-11,-16,-20,-2,-16,13,-1,21,14,16,21,0,14,-13,1,-18,-9,-12,-3,-7,-9,5,-4,6,0,5,1,5,2,5,5,5,0,0,8,-3,6,-9,0,-12,-8,-10,-13,-2,-13,7,16,24,4,16,14,10,18,0,13,-12,1,-18,-12,-14,-19,-2,-14,11,-1,18,13,13,17,0,10,-13,-2,-16,-28,-16,-13,7,-1,13,10,8,11,-5,0,-13,-11,-8,-13,4]"
CSI_DATA,113264,d8:b1:90:d9:de:f0,-58,11,-99,-36,60,56,1689184345,100,0,228,0,"[-19,2,-20,2,-20,2,-19,1,-18,1,-16,1,-14,1,67,-4,-9,1,-7,0,-6,0,-4,0,-2,0,-1,0,0,0,0,0,2,0,4,0,5,0,7,1,7,3,43,4,8,7,8,10,7,13,4,14,3,17,1,19,0,0,-2,22,-6,23,-7,24,-10,24,-12,23,-12,22,29,10,-12,20,-10,18,-8,15,-6,12,-4,10,0,9,2,6,4,4,5,2,8,0,9,0,12,-2,14,-2,-27,0,17,-5,18,-5,18,-5,18,-4,16,-3,13,-2,10,-1,4,-2,3,-2,2,-3,2,-6,-1,-9,-7,-7,-12,0,-23,10,-1,15,10,12,16,2,14,-11,2,-19,-12,-15,-20,-2,-16,12,-2,19,11,16,19,4,16,-8,6,-14,4,-7,-8,-7,-8,-1,-6,1,-4,2,-4,3,-3,6,0,0,4,8,9,4,12,-2,9,-9,2,-13,-6,-14,-26,13,-16,1,-12,11,-3,16,7,16,16,7,17,-4,9,-14,-2,-18,-14,-10,-18,2,-9,14,2,16,14,9,31,-8,4,-12,-7,-11,-12,0,-5,10,6,10,13,1,9,-9]"
CSI_DATA,113265,d8:b1:90:d9:de:f0,-59,11,-99,-36,60,56,1689204114,100,0,228,0,"[-4,18,-4,19,-4,19,-4,19,-2,18,-2,16,-1,14,67,-4,0,9,0,7,0,6,0,4,0,3,0,2,0,0,0,0,0,-1,0,-2,0,-4,1,-6,2,-7,43,4,5,-9,7,-10,9,-10,12,-10,14,-10,16,-9,0,0,21,-9,22,-8,23,-8,25,-7,24,-7,24,-7,-84,0,21,-7,19,-7,16,-7,12,-7,8,-7,4,-7,2,-7,-1,-7,-4,-5,-7,-4,-9,-4,-12,-3,-14,-2,26,10,-17,0,-19,0,-19,1,-18,1,-16,0,-14,0,-11,0,0,-4,-1,-3,-1,-4,-4,-4,-9,-2,-9,5,-3,12,7,24,15,3,14,-9,2,-16,-11,-14,-19,-1,-14,12,0,19,14,14,20,0,14,-14,0,-19,-12,-12,-15,0,-6,0,-2,10,3,7,4,3,3,2,3,2,4,0,0,0,4,-7,-1,-9,-7,-8,-13,-2,-12,6,-6,13,26,8,12,9,16,0,13,-11,3,-17,-9,-15,-17,-4,-16,8,-4,17,8,15,17,4,14,-9,2,-16,-11,-12,-31,0,-7,12,5,12,12,2,7,-9,-4,-12,-13,-2,-9,9]"
CSI_DATA,113266,d8:b1:90:d9:de:f0,-58,11,-99,-36,60,56,1689214754,100,0,228,0,"[4,18,4,19,4,19,4,18,4,17,4,15,4,13,67,-4,4,8,4,7,3,4,2,4,1,2,0,2,0,0,-1,0,-2,-1,-2,-2,-3,-4,-3,-6,-3,-7,43,4,-2,-12,0,-13,1,-14,3,-16,5,-17,7,-18,0,0,12,-19,13,-20,14,-20,16,-20,16,-20,16,-20,5,0,14,-17,11,-16,9,-14,6,-12,2,-10,0,-7,-2,-5,-4,-3,-6,0,-8,1,-9,3,-10,4,-12,7,47,10,-13,12,-14,12,-13,13,-13,12,-12,11,-10,9,-8,7,-2,-4,-3,-2,-4,-2,-7,-1,-8,3,-5,10,3,12,17,18,14,-4,7,-14,-6,-16,-16,-6,-16,8,-5,18,9,17,19,4,17,-10,4,-19,-9,-16,-17,-5,-14,6,-8,2,2,10,6,5,5,2,4,0,5,0,5,-3,0,0,-1,-9,-7,-7,-12,-2,-12,6,-6,13,3,15,27,-8,16,0,14,-10,4,-17,-8,-16,-16,-6,-16,6,-7,16,6,16,16,7,16,-7,5,-16,-7,-14,-16,-3,-24,19,0,14,11,6,10,-5,0,-12,-10,-4,-10,7,0,13]"
CSI_DATA,113267,d8:b1:90:d9:de:f0,-58,11,-99,-36,60,56,1689234006,100,0,228,0,"[-4,-19,-4,-20,-4,-20,-5,-19,-6,-18,-5,-15,-5,-13,67,-4,-4,-8,-4,-7,-2,-4,-2,-3,-1,-2,0,-1,1,0,2,1,2,2,4,3,4,4,4,7,3,7,43,4,2,11,0,12,-2,14,-4,14,-7,15,-9,16,0,0,-13,17,-16,17,-16,16,-19,17,-19,16,-19,17,-30,9,-16,15,-14,14,-12,13,-8,11,-4,9,-1,7,1,5,3,4,5,2,9,0,9,-1,12,-3,13,-5,-35,0,15,-9,16,-10,15,-10,14,-10,13,-9,11,-7,8,-5,3,4,2,2,2,2,4,1,8,-2,5,-9,-2,-12,-16,-18,-14,4,-8,14,4,16,16,8,17,-7,7,-18,-8,-18,-19,-6,-17,9,-6,19,8,16,16,6,14,-5,9,-2,0,-9,-4,-6,-4,-3,-4,-2,-6,0,-7,3,0,0,0,10,7,9,12,2,12,-5,7,-12,-1,-14,-29,5,-14,-2,-14,7,-7,15,4,16,14,10,17,-2,11,-13,-1,-18,-13,-11,-17,2,-9,14,3,16,14,7,29,-14,2,-14,-10,-9,-12,3,-2,12,9,7,13,-4,4,-13]"
CSI_DATA,113268,d8:b1:90:d9:de:f0,-59,11,-99,-35,60,56,1689244779,100,0,228,0,"[15,12,15,13,16,13,15,13,14,11,13,9,11,7,66,-4,8,4,7,3,5,2,4,2,2,1,0,1,0,0,-2,0,-3,0,-4,0,-6,-1,-6,-2,-7,-4,42,4,-8,-7,-6,-10,-6,-12,-5,-15,-4,-17,-2,-19,0,0,0,-22,2,-23,3,-24,4,-25,5,-25,5,-25,26,0,4,-22,3,-19,2,-17,0,-13,-1,-11,-3,-6,-4,-4,-5,0,-6,2,-6,4,-6,7,-6,10,-6,12,-59,10,-6,17,-6,18,-6,17,-6,17,-4,15,-4,13,-3,9,-4,-1,-3,0,-4,0,-6,2,-5,6,0,11,9,8,24,4,10,-11,-2,-16,-14,-10,-17,3,-9,15,4,18,17,9,19,-6,9,-17,-6,-19,-16,-8,-17,4,-8,13,-6,7,6,8,8,2,6,0,4,-2,4,-4,2,-6,0,0,-6,-8,-11,-2,-11,5,-6,11,1,14,10,11,19,-21,14,-6,7,-15,-3,-17,-13,-10,-17,0,-13,13,0,17,12,13,17,0,12,-12,-1,-17,-13,-10,-15,3,-13,28,6,13,13,1,7,-9,-5,-10,-11,0,-6,11,4,12]"
CSI_DATA,113269,d8:b1:90:d9:de:f0,-59,11,-99,-35,60,56,1689263844,100,0,228,0,"[-11,15,-12,16,-12,16,-11,15,-10,15,-8,13,-6,12,66,-4,-3,8,-2,6,-2,4,-1,3,-1,2,0,0,0,-1,0,-2,0,-4,0,-5,0,-6,2,-8,3,-8,42,4,7,-8,8,-8,12,-6,14,-5,16,-4,17,-2,0,0,22,0,24,2,24,2,26,4,25,4,25,5,-83,0,22,4,19,3,17,2,14,0,11,-1,7,-2,4,-4,0,-5,-2,-5,-4,-6,-7,-6,-10,-6,-12,-6,36,10,-17,-6,-18,-6,-17,-5,-17,-4,-15,-4,-13,-4,-10,-2,0,-4,0,-3,0,-4,-2,-5,-6,-4,-10,0,-8,9,-3,24,12,9,16,-2,10,-13,-4,-17,-16,-8,-17,5,-8,17,6,19,17,8,19,-6,8,-16,-4,-17,-13,-8,-7,-7,-7,6,-2,7,0,6,2,6,4,5,7,2,0,0,7,-7,2,-11,-6,-11,-11,-5,-13,2,-10,10,22,19,6,13,13,7,16,-3,10,-13,0,-17,-12,-12,-17,0,-13,12,0,17,12,12,17,0,11,-12,-2,-15,-28,-13,-12,5,-2,12,9,6,9,-4,0,-11,-11,-7,-12,4]"
CSI_DATA,113270,d8:b1:90:d9:de:f0,-59,11,-99,-34,60,56,1689274581,100,0,228,0,"[19,2,20,2,20,2,20,1,17,0,16,0,13,0,64,-4,8,-2,7,-2,5,-1,4,0,2,0,0,0,0,0,-2,1,-3,2,-4,2,-6,2,-6,2,-8,1,41,4,-10,-2,-11,-3,-11,-6,-11,-8,-12,-10,-11,-13,0,0,-12,-18,-11,-20,-11,-21,-10,-22,-10,-22,-10,-22,43,10,-10,-20,-10,-18,-9,-14,-8,-10,-8,-7,-7,-4,-6,0,-5,2,-4,5,-2,8,-1,10,0,12,2,14,34,0,4,17,6,18,6,17,6,17,6,15,4,12,4,9,-4,1,-2,1,-3,1,-4,4,0,8,6,8,12,2,22,-9,2,-14,-10,-12,-16,0,-12,12,0,18,14,12,19,-2,12,-16,-3,-19,-15,-11,-18,2,-10,13,0,14,-1,8,9,2,6,-2,4,-3,2,-4,2,-6,-1,-7,0,0,-9,-2,-10,4,-5,10,2,12,8,9,13,2,2,-27,7,-12,-2,-14,-11,-10,-16,0,-14,9,-3,17,9,14,16,4,14,-10,2,-17,-10,-13,-16,0,-11,11,6,31,12,6,12,-6,0,-12,-10,-5,-10,6,0,13,11,7]"
CSI_DATA,113271,d8:b1:90:d9:de:f0,-59,11,-99,-37,61,56,1689284839,100,0,228,0,"[7,16,7,17,6,17,5,16,5,16,4,14,3,12,62,-4,3,8,2,6,2,5,1,4,1,3,0,1,0,0,0,0,0,-1,0,-3,0,-5,1,-5,1,-7,40,3,5,-7,8,-7,11,-7,13,-6,15,-5,17,-3,0,0,20,0,22,2,23,3,24,6,23,7,22,8,80,0,19,8,17,7,14,5,12,3,10,1,8,0,5,-2,4,-4,1,-6,0,-8,-1,-9,-2,-11,-3,-12,-42,9,-5,-15,-5,-16,-6,-16,-5,-16,-3,-14,-3,-12,-1,-9,-3,-2,-2,-1,-2,-2,-5,-1,-8,1,-5,9,1,12,15,19,14,-1,9,-12,-1,-16,-12,-10,-17,1,-11,14,2,18,14,11,19,-1,12,-13,0,-18,-11,-12,-14,-2,-7,-1,-3,8,0,7,2,4,3,3,3,2,5,1,0,0,7,-5,2,-9,-2,-10,-9,-7,-12,0,-11,7,14,22,2,14,11,10,15,1,14,-9,5,-16,-6,-16,-14,-7,-16,4,-8,14,3,16,14,7,15,-4,6,-14,-11,-27,-12,-3,-9,8,1,12,10,4,9,-7,0,-12,-9,-7]"
CSI_DATA,113272,d8:b1:90:d9:de:f0,-59,11,-99,-35,60,56,1689295290,100,0,228,0,"[18,1,19,2,20,2,19,2,17,2,15,1,13,1,66,-4,9,0,7,0,6,0,4,0,2,0,1,0,0,0,-1,0,-2,0,-3,-1,-4,-1,-6,-2,-6,-4,42,4,-6,-8,-5,-11,-4,-13,-2,-15,0,-17,1,-19,0,0,5,-22,8,-22,10,-22,11,-22,13,-22,13,-21,-7,0,12,-19,11,-16,8,-15,6,-13,4,-10,1,-8,-1,-6,-4,-4,-6,-2,-7,-1,-10,0,-12,1,-13,2,24,10,-17,4,-17,5,-18,4,-17,4,-15,3,-13,2,-11,1,-4,1,-3,2,-4,2,-4,5,-1,8,6,9,13,4,24,-6,4,-15,-7,-14,-16,-4,-15,8,-4,18,9,16,18,5,17,-9,5,-19,-8,-17,-17,-6,-16,6,-7,13,-4,6,7,6,7,2,5,-1,4,-2,4,-2,4,-4,0,0,-3,-8,-8,-6,-11,0,-9,7,-4,12,4,13,25,-11,15,0,13,-9,5,-16,-6,-16,-15,-8,-17,4,-10,15,2,17,13,11,17,-2,10,-13,-2,-16,-13,-8,-30,8,-4,13,7,11,12,0,5,-11,-5,-11,-13,0,-8,10]"
CSI_DATA,113273,d8:b1:90:d9:de:f0,-59,11,-99,-36,60,56,1689314177,100,0,228,0,"[-17,-7,-18,-8,-18,-8,-17,-8,-16,-7,-14,-7,-12,-5,67,-4,-8,-3,-7,-2,-5,-2,-3,-2,-2,-1,-1,0,0,0,1,0,3,0,4,2,4,2,5,4,5,5,43,4,4,10,2,12,1,14,-1,16,-3,18,-5,17,0,0,-11,20,-13,19,-15,19,-17,19,-18,18,-19,17,-36,9,-17,15,-15,13,-13,12,-9,10,-7,8,-3,7,0,6,2,4,4,3,7,3,9,2,12,1,14,0,-25,0,17,-1,19,0,18,0,18,0,16,0,14,0,10,1,4,0,4,0,4,-1,5,-4,2,-8,-3,-10,-11,-6,-24,0,-8,13,3,16,14,9,17,-3,9,-16,-4,-18,-16,-10,-19,4,-11,16,3,19,14,11,18,0,11,-11,7,-5,-4,-9,-7,-4,-6,0,-4,0,-5,1,-5,4,0,0,2,9,7,8,12,2,12,-5,7,-12,0,-15,-29,4,-16,-4,-16,7,-9,15,2,18,14,12,18,0,13,-12,2,-18,-11,-14,-17,-2,-13,10,-1,16,11,12,31,-1,7,-11,-4,-12,-12,-2,-7,8,3,11,12,2,10,-8]"
CSI_DATA,113274,d8:b1:90:d9:de:f0,-59,11,-99,-38,61,56,1689324163,100,0,228,0,"[8,-16,9,-17,9,-17,8,-16,8,-16,6,-14,5,-12,64,-4,2,-8,2,-6,1,-5,0,-4,0,-2,0,0,0,0,0,1,0,2,-1,4,-1,5,-3,6,-4,6,41,4,-8,6,-10,5,-12,4,-14,3,-16,1,-18,0,0,0,-21,-4,-22,-6,-23,-8,-23,-9,-23,-10,-22,-10,-67,9,-20,-9,-18,-7,-16,-5,-13,-3,-11,0,-8,1,-5,4,-3,4,0,6,1,8,4,9,6,10,8,11,78,0,11,13,12,14,12,13,12,12,10,11,8,10,6,8,0,4,0,3,0,4,2,5,8,4,10,-2,6,-10,1,-24,-12,-8,-16,3,-8,14,4,16,16,8,17,-5,8,-17,-6,-18,-17,-8,-18,6,-8,16,4,16,12,8,6,6,8,-6,2,-7,0,-5,-1,-4,-2,-4,-5,-3,0,0,-8,4,-4,9,2,10,9,8,13,2,12,-6,-14,-23,-2,-15,-12,-11,-16,-1,-14,9,-4,17,8,16,16,6,16,-6,6,-16,-7,-15,-16,-5,-14,8,-3,16,19,24,14,0,7,-10,-5,-11,-11,0,-6,10,5,12,12,2]"
CSI_DATA,113275,d8:b1:90:d9:de:f0,-58,11,-99,-36,60,56,1689334916,100,0,228,0,"[5,18,5,19,5,19,4,18,4,17,4,15,4,13,67,-4,4,8,2,7,2,5,2,4,0,2,0,1,0,0,-1,0,-1,-1,-2,-3,-2,-4,-2,-7,0,-8,43,4,1,-11,3,-12,6,-14,8,-14,11,-14,14,-14,0,0,18,-13,20,-13,21,-12,24,-12,24,-11,24,-10,67,0,20,-9,19,-9,15,-8,12,-7,8,-7,4,-7,1,-6,-1,-5,-4,-4,-7,-4,-9,-3,-12,-2,-14,-1,31,10,-17,0,-19,0,-19,0,-18,0,-15,0,-14,0,-10,0,-2,-4,-3,-2,-4,-2,-7,-1,-9,3,-5,9,3,12,16,18,15,-4,8,-14,-4,-16,-16,-8,-17,6,-7,17,7,19,18,8,19,-7,8,-18,-5,-18,-15,-9,-14,2,-8,0,0,10,3,7,4,4,4,2,5,0,6,-1,0,0,2,-9,-4,-10,-10,-6,-14,0,-11,9,-4,14,29,4,14,8,17,-2,13,-13,2,-18,-10,-14,-18,-3,-16,9,-5,17,8,15,17,4,14,-9,2,-16,-10,-12,-31,0,-8,11,4,12,12,2,7,-9,-4,-11,-12,-2,-9,8]"
CSI_DATA,113276,d8:b1:90:d9:de:f0,-60,11,-99,-37,62,56,1689347739,100,0,228,0,"[9,13,9,14,8,15,8,14,8,13,6,12,5,10,55,-4,4,6,3,5,2,4,2,2,1,2,1,1,0,0,0,-1,0,-1,0,-2,0,-4,1,-5,2,-6,35,3,5,-6,7,-6,9,-5,11,-4,13,-2,15,-1,0,0,18,2,19,4,19,6,20,8,19,9,19,9,61,0,16,9,15,8,13,6,10,4,9,2,8,0,6,-2,5,-4,4,-5,2,-8,1,-9,0,-10,0,-12,-15,8,-1,-15,0,-16,0,-16,0,-15,0,-13,0,-10,0,-8,-3,-1,-1,0,-1,-1,-4,-1,-6,2,-4,7,2,10,15,15,12,-2,7,-11,-2,-13,-12,-8,-15,2,-9,12,2,16,13,10,16,-2,10,-12,0,-15,-9,-10,-12,-1,-4,-1,-2,7,1,6,1,3,1,2,1,2,4,2,0,0,6,-4,2,-7,-1,-8,-6,-7,-9,-2,-10,4,11,19,0,12,7,10,13,4,13,-4,8,-12,-1,-15,-10,-9,-15,0,-10,10,0,15,10,10,15,0,9,-10,-2,-27,-11,-6,-11,5,-2,11,8,7,11,-2,5,-11,-5,-10]"
CSI_DATA,113277,d8:b1:90:d9:de:f0,-59,11,-99,-35,60,56,1689364073,100,0,228,0,"[18,-3,19,-3,19,-3,19,-4,17,-4,15,-4,13,-4,66,-4,8,-3,7,-3,5,-2,4,-2,2,-1,1,0,0,0,0,0,-1,1,-2,2,-4,2,-6,2,-8,2,42,4,-11,0,-13,-2,-13,-4,-15,-6,-16,-8,-16,-10,0,0,-17,-14,-17,-16,-18,-17,-17,-18,-17,-19,-17,-18,7,10,-15,-16,-13,-13,-13,-11,-11,-7,-9,-4,-8,-1,-6,2,-4,4,-2,6,0,8,1,11,3,11,4,13,43,0,8,15,8,15,9,16,8,15,8,13,6,11,4,9,-4,2,-2,2,-2,3,-2,6,2,8,8,5,12,-2,18,-15,-2,-15,-13,-8,-15,4,-8,15,6,17,17,7,17,-7,6,-18,-8,-17,-18,-6,-17,7,-6,15,4,14,2,7,10,-1,6,-5,2,-5,0,-4,0,-4,-2,-6,0,0,-8,0,-8,5,-4,11,3,12,11,8,15,0,-3,-27,4,-16,-7,-15,-15,-8,-17,4,-10,15,2,18,15,11,17,-2,10,-14,-3,-17,-14,-8,-15,5,-6,15,13,28,13,2,8,-9,-4,-11,-11,-2,-7,9,4,13,13,4]"
CSI_DATA,113278,d8:b1:90:d9:de:f0,-59,11,-99,-37,61,56,1689377029,100,0,228,0,"[-16,5,-17,5,-17,5,-17,6,-15,6,-13,6,-11,6,62,-4,-7,5,-5,4,-4,3,-3,3,-2,2,-1,1,0,0,0,0,1,-1,2,-2,3,-3,5,-3,7,-4,40,3,10,-3,12,-2,13,-1,15,0,16,0,18,2,0,0,20,4,21,6,22,7,22,7,23,8,22,8,77,0,20,6,17,4,15,2,12,0,10,-1,7,-2,3,-3,1,-5,-1,-6,-3,-6,-6,-7,-9,-7,-11,-7,45,9,-14,-7,-15,-7,-16,-5,-15,-5,-14,-5,-11,-4,-9,-3,3,-2,1,-3,1,-3,1,-5,-3,-7,-9,-3,-11,4,-14,18,6,12,14,4,13,-7,3,-15,-9,-14,-17,-3,-14,11,-1,18,12,14,18,0,13,-12,1,-16,-9,-11,-4,-5,-8,5,-3,7,0,5,1,4,1,3,3,3,0,0,7,-2,5,-8,0,-11,-8,-9,-13,-2,-12,6,15,21,4,14,14,9,16,-1,11,-12,0,-17,-11,-12,-17,-1,-12,11,0,16,11,11,16,-1,9,-11,-3,-13,-25,-12,-11,7,0,11,9,5,9,-5,0,-11,-10,-6,-11,5]"
CSI_DATA,113279,d8:b1:90:d9:de:f0,-59,11,-99,-36,60,56,1689394179,100,0,228,0,"[-11,-15,-12,-16,-12,-16,-12,-16,-11,-14,-10,-12,-9,-10,67,-4,-7,-6,-6,-4,-4,-3,-3,-2,-2,-2,0,-1,0,0,1,0,2,1,4,2,5,3,5,5,6,6,43,4,5,10,4,12,2,14,0,16,0,17,-3,19,0,0,-7,21,-9,21,-11,21,-13,22,-14,21,-13,21,24,10,-12,19,-10,17,-8,14,-5,12,-2,10,0,7,2,4,4,2,5,0,7,-1,9,-4,10,-6,11,-8,-53,0,12,-12,13,-13,13,-13,12,-12,12,-11,9,-9,8,-7,4,2,4,0,4,0,5,-1,7,-4,2,-10,-6,-9,-21,-12,-12,8,-2,15,10,13,17,1,13,-12,0,-19,-14,-14,-20,0,-14,14,0,20,13,14,18,1,12,-9,8,-4,-4,-9,-7,-4,-6,-1,-5,0,-5,2,-4,5,0,0,2,9,9,6,12,0,10,-9,3,-14,-5,-14,-26,12,-16,1,-12,11,-2,17,9,15,16,5,16,-7,7,-16,-6,-16,-15,-7,-16,6,-5,16,7,14,15,3,24,-19,0,-13,-10,-6,-10,5,0,11,10,4,10,-6,1,-12]"
CSI_DATA,113280,d8:b1:90:d9:de:f0,-59,11,-99,-36,60,56,1689414782,100,0,228,0,"[-6,-18,-7,-19,-7,-19,-7,-18,-8,-16,-7,-14,-7,-12,67,-4,-7,-7,-5,-5,-4,-4,-3,-3,-2,-2,0,0,0,0,2,0,3,1,4,2,5,3,6,4,7,5,43,4,6,9,6,11,4,13,3,15,2,16,1,19,0,0,-2,22,-3,24,-4,24,-5,25,-5,25,-4,25,85,10,-3,23,-2,20,0,17,0,14,2,10,2,7,4,3,5,0,5,-2,5,-5,4,-8,4,-11,4,-13,65,0,2,-17,2,-19,1,-19,1,-18,1,-16,0,-13,0,-10,3,3,3,2,3,2,5,0,7,-3,3,-9,-4,-12,-19,-14,-13,7,-4,16,9,14,18,2,14,-12,1,-19,-14,-14,-20,0,-14,14,0,21,14,12,18,0,11,-10,8,-6,-5,-8,-7,-3,-6,0,-4,1,-4,3,-3,6,0,0,5,8,11,3,12,-4,7,-12,-1,-14,-10,-11,-19,21,-14,7,-6,14,4,16,14,9,17,-2,11,-14,-2,-17,-14,-11,-16,2,-9,14,3,16,14,7,14,-5,7,-30,-8,-10,-12,1,-4,10,7,8,10,-2,2,-12,-8,-9]"
CSI_DATA,113281,d8:b1:90:d9:de:f0,-59,11,-99,-35,60,56,1689434008,100,0,228,0,"[9,-15,10,-17,9,-17,8,-16,7,-16,5,-14,4,-13,66,-4,1,-9,1,-7,0,-6,0,-4,0,-3,0,-2,0,0,0,0,0,2,0,3,0,4,0,6,-2,7,42,4,-5,9,-6,10,-9,11,-11,10,-13,10,-15,10,0,0,-19,10,-22,9,-22,9,-24,9,-24,8,-24,9,85,9,-20,9,-17,9,-15,8,-11,8,-7,7,-4,6,0,6,2,5,4,4,8,2,9,1,12,0,13,-2,-25,0,16,-4,17,-5,17,-6,16,-6,14,-5,13,-4,10,-3,-1,4,0,4,0,4,3,5,8,3,10,-3,5,-11,-1,-24,-13,-6,-14,6,-5,15,8,15,18,4,15,-11,2,-19,-12,-15,-19,-2,-15,13,-2,18,11,14,15,2,7,1,3,-10,-2,-7,-4,-4,-3,-2,-4,-1,-6,0,0,0,-3,7,2,11,8,7,13,1,11,-7,4,-14,-27,-6,-13,-8,-17,2,-11,13,0,17,11,13,17,2,13,-11,2,-17,-10,-13,-17,-1,-11,11,1,15,13,8,29,-7,4,-12,-8,-10,-11,1,-3,10,7,8,12,-2,5,-11]"
CSI_DATA,113282,d8:b1:90:d9:de:f0,-58,11,-99,-36,60,56,1689445970,100,0,228,0,"[14,-12,16,-13,16,-13,15,-12,14,-12,12,-11,10,-10,67,-4,6,-7,4,-5,4,-4,2,-3,2,-2,1,-1,0,0,0,1,0,2,-2,3,-3,4,-5,4,-6,4,43,4,-10,3,-12,2,-14,0,-16,-1,-17,-3,-19,-5,0,0,-20,-10,-21,-12,-21,-14,-21,-16,-21,-16,-20,-16,-38,9,-18,-14,-16,-12,-15,-9,-12,-7,-10,-4,-8,0,-6,1,-4,4,-2,7,0,8,2,10,4,12,5,13,60,0,9,16,10,16,10,16,9,15,8,14,7,12,5,9,-2,4,0,4,0,4,0,6,6,6,11,1,10,-7,10,-23,-9,-12,-16,-2,-14,11,-1,18,13,14,19,0,14,-14,0,-20,-14,-14,-20,0,-14,13,-1,17,9,12,4,7,9,-4,4,-6,1,-6,0,-5,-1,-5,-4,-4,0,0,-9,2,-7,8,0,12,7,11,13,5,14,-3,-9,-28,0,-16,-9,-14,-16,-5,-16,7,-8,16,4,18,16,9,17,-3,9,-15,-4,-17,-15,-8,-16,5,-6,15,14,28,14,2,9,-9,-3,-12,-12,-2,-8,9,3,12,12,4]"
CSI_DATA,113283,d8:b1:90:d9:de:f0,-59,11,-99,-38,61,56,1689463937,100,0,228,0,"[0,-18,0,-19,0,-19,0,-18,0,-17,0,-15,0,-13,64,-4,0,-9,0,-8,0,-6,0,-4,0,-3,0,-2,0,0,0,0,0,2,-1,4,-2,4,-3,5,-5,5,41,4,-9,4,-11,3,-13,2,-14,0,-16,-2,-17,-4,0,0,-18,-9,-19,-12,-18,-14,-18,-16,-17,-17,-16,-17,12,10,-14,-16,-12,-14,-11,-11,-10,-8,-8,-6,-8,-2,-6,0,-6,2,-4,4,-4,8,-4,10,-3,12,-3,14,-48,10,-2,17,-2,18,-2,18,-2,16,-2,15,-2,12,-2,9,2,4,2,2,2,2,4,3,8,0,8,-5,3,-12,-6,-23,-14,-4,-13,7,-4,15,8,14,17,4,16,-8,6,-18,-8,-16,-18,-6,-17,7,-8,16,4,16,12,8,5,5,7,-5,2,-6,0,-5,0,-4,-1,-4,-4,-4,0,0,-8,1,-6,7,-1,10,4,10,10,6,13,0,-4,-25,4,-14,-4,-14,-13,-9,-16,0,-12,11,-2,17,9,14,16,4,14,-8,4,-16,-8,-14,-16,-3,-12,9,-3,30,10,10,13,-2,4,-12,-6,-9,-12,1,-6,11,4,12]"
CSI_DATA,113284,d8:b1:90:d9:de:f0,-58,11,-99,-36,60,56,1689474312,100,0,228,0,"[9,-16,10,-18,11,-17,10,-16,9,-15,9,-14,7,-12,67,-4,4,-8,4,-7,2,-5,2,-4,1,-2,0,0,1,0,0,0,0,2,-2,3,-3,4,-5,4,-7,4,43,4,-11,2,-12,0,-14,-2,-16,-4,-16,-7,-17,-9,0,0,-17,-15,-16,-18,-16,-20,-14,-21,-14,-22,-13,-22,33,10,-11,-19,-9,-17,-9,-14,-7,-11,-7,-7,-7,-4,-6,0,-6,1,-5,4,-4,7,-4,9,-4,12,-3,14,-38,10,-3,17,-3,19,-3,19,-3,17,-4,16,-3,13,-3,10,0,4,0,3,0,4,3,5,8,4,11,-1,8,-9,4,-24,-12,-9,-16,0,-11,13,1,18,14,12,19,-1,13,-15,0,-20,-15,-14,-19,0,-14,12,-2,17,7,13,2,8,9,-2,5,-5,2,-5,0,-5,0,-5,-3,-5,0,0,-9,0,-9,5,-4,10,2,12,9,9,14,2,2,-29,7,-14,-2,-17,-12,-12,-17,-2,-15,9,-4,18,8,16,17,6,16,-7,6,-16,-7,-16,-15,-4,-14,8,-6,32,9,11,13,-1,5,-11,-7,-9,-12,0,-7,11,4,12]"
CSI_DATA,113285,d8:b1:90:d9:de:f0,-59,11,-99,-35,60,56,1689484893,100,0,228,0,"[15,-12,16,-12,16,-12,15,-11,15,-11,13,-10,11,-8,66,-4,7,-6,6,-5,4,-4,4,-3,2,-2,1,-1,0,0,0,0,-2,2,-3,2,-4,2,-6,2,-8,1,42,4,-11,-2,-12,-4,-13,-6,-13,-8,-14,-11,-13,-14,0,0,-11,-19,-11,-21,-10,-22,-9,-24,-8,-24,-7,-24,-68,10,-6,-22,-6,-19,-5,-15,-6,-12,-6,-8,-6,-5,-6,-2,-6,0,-6,4,-6,6,-6,8,-6,11,-6,13,-78,10,-6,16,-6,17,-6,17,-6,16,-6,14,-5,12,-4,9,-2,4,0,3,-1,4,0,5,4,6,10,2,11,-6,13,-21,-6,-13,-15,-4,-15,8,-4,17,9,16,18,4,17,-10,5,-19,-9,-17,-19,-6,-17,8,-6,16,4,15,1,8,10,0,6,-4,3,-4,1,-4,0,-4,0,-6,0,0,-8,-2,-10,2,-7,8,-1,12,6,11,13,6,8,-25,11,-11,2,-16,-8,-14,-17,-6,-17,6,-8,16,4,17,15,9,17,-4,9,-15,-4,-16,-15,-7,-15,6,-11,29,8,12,14,0,6,-11,-5,-11,-13,-1,-8,11,2,14]"
CSI_DATA,113286,d8:b1:90:d9:de:f0,-59,11,-99,-35,60,56,1689504620,100,0,228,0,"[-14,13,-15,13,-14,14,-13,13,-11,13,-10,12,-8,11,66,-4,-5,8,-4,6,-2,5,-2,4,-2,2,-1,1,0,0,-1,-2,0,-2,0,-4,1,-6,2,-6,4,-8,42,4,8,-8,10,-8,13,-8,15,-7,16,-6,19,-5,0,0,22,-2,24,-2,25,-2,26,0,26,0,26,0,-77,0,22,0,19,-1,16,-2,13,-2,9,-3,5,-4,2,-4,0,-4,-3,-4,-6,-4,-8,-4,-11,-3,-13,-2,30,10,-17,-1,-18,0,-18,0,-17,0,-15,0,-13,0,-10,0,2,-4,0,-4,0,-4,-2,-6,-6,-5,-11,0,-8,8,-6,24,11,10,16,-2,10,-13,-3,-17,-15,-9,-18,5,-8,18,6,19,18,8,19,-6,8,-17,-4,-16,-13,-8,-6,-6,-7,8,-1,8,1,6,2,4,4,4,6,2,0,0,6,-7,0,-11,-6,-11,-13,-5,-14,4,-9,13,24,16,10,13,16,4,16,-8,7,-17,-6,-17,-16,-8,-17,5,-8,15,4,17,15,8,15,-6,5,-15,-8,-13,-30,-3,-8,9,2,11,11,2,6,-8,-4,-10,-12,-2,-9,8]"
CSI_DATA,113287,d8:b1:90:d9:de:f0,-59,11,-99,-39,61,56,1689514649,100,0,228,0,"[-17,-4,-18,-5,-18,-6,-17,-5,-16,-4,-15,-4,-13,-3,66,-4,-9,-2,-7,-1,-6,-1,-4,-1,-3,0,-2,0,0,0,1,0,2,0,3,1,4,2,5,3,6,4,42,4,6,9,4,12,3,14,1,16,0,17,-2,19,0,0,-6,21,-8,22,-10,22,-12,22,-13,22,-13,20,63,10,-12,18,-11,16,-8,14,-6,11,-4,9,-1,7,1,6,4,4,6,2,7,1,9,0,11,-2,13,-3,-37,0,16,-4,17,-5,17,-5,17,-4,15,-3,13,-2,10,-1,4,0,4,-1,4,-2,4,-4,2,-8,-4,-9,-11,-4,-24,2,-6,13,6,14,15,6,15,-6,6,-17,-7,-17,-17,-7,-17,7,-8,18,6,18,17,8,16,-4,8,-12,5,-5,-6,-8,-7,-2,-6,0,-4,2,-4,2,-4,4,0,0,2,8,8,6,12,0,11,-6,5,-13,-4,-14,-26,9,-16,0,-13,10,-4,17,6,16,16,8,17,-4,10,-15,-3,-17,-14,-10,-16,2,-8,13,3,15,13,7,28,-8,3,-13,-7,-9,-11,1,-4,11,6,9,13,0,7,-10]"
CSI_DATA,113288,d8:b1:90:d9:de:f0,-59,11,-99,-38,61,56,1689533956,100,0,228,0,"[-6,16,-7,17,-8,17,-8,17,-7,15,-7,14,-5,11,64,-4,-4,7,-2,6,-2,4,-1,3,-1,2,0,0,-1,0,0,0,0,-2,1,-4,2,-5,4,-4,6,-5,41,4,10,-3,12,-1,13,0,14,2,16,4,17,7,0,0,18,12,17,14,18,18,16,18,16,20,14,20,-11,0,12,18,12,16,10,13,9,10,8,7,8,4,6,1,5,-1,5,-4,4,-6,3,-10,2,-12,2,-14,24,0,1,-16,1,-17,1,-18,2,-17,2,-15,2,-12,2,-10,0,-5,-1,-4,-1,-4,-4,-4,-8,-3,-10,3,-6,10,-2,24,12,8,16,-2,9,-14,-2,-16,-14,-10,-18,3,-11,15,3,19,16,12,18,-2,12,-14,0,-16,-8,-11,-4,-6,-8,3,-4,6,-2,5,0,4,1,5,3,5,0,0,10,0,7,-6,3,-10,-4,-12,-11,-8,-13,0,2,28,-5,14,4,16,12,10,16,0,14,-10,3,-17,-10,-15,-16,-4,-15,8,-4,16,8,14,15,3,12,-9,2,-30,-10,-10,-12,2,-4,10,7,8,12,-2,5,-10,-5,-11]"
CSI_DATA,113289,d8:b1:90:d9:de:f0,-58,11,-99,-37,60,56,1689546237,100,0,228,0,"[10,16,10,17,10,18,10,16,10,15,9,13,8,11,69,-5,6,7,5,6,4,4,3,3,2,2,0,1,0,0,-1,0,-2,-1,-3,-2,-4,-4,-4,-5,-4,-7,45,4,-2,-11,0,-13,0,-15,3,-16,5,-18,8,-18,0,0,12,-20,15,-20,16,-21,18,-21,18,-19,18,-20,-45,0,16,-18,13,-16,10,-13,7,-12,4,-10,0,-8,-2,-6,-4,-5,-5,-2,-9,0,-10,1,-12,3,-13,5,51,10,-16,8,-16,9,-16,9,-16,9,-14,8,-12,6,-9,4,-4,-3,-4,-1,-4,0,-6,1,-7,5,-2,10,6,10,21,13,13,-8,3,-16,-10,-14,-18,-2,-15,11,-2,19,13,16,20,2,16,-13,2,-20,-10,-14,-17,-2,-13,7,-8,2,2,10,5,5,5,2,5,0,5,0,6,-4,0,0,0,-9,-8,-8,-11,-2,-12,6,-6,12,2,15,29,-7,16,2,16,-8,7,-16,-5,-18,-16,-10,-18,2,-10,14,2,18,14,10,18,-2,9,-15,-5,-16,-16,-7,-29,13,-2,14,10,10,12,-2,2,-11,-9,-8,-13,2,-5,13]"
CSI_DATA,113290,d8:b1:90:d9:de:f0,-59,11,-99,-38,61,56,1689563955,100,0,228,0,"[0,-17,0,-18,0,-18,0,-18,0,-16,0,-15,0,-13,64,-4,0,-9,0,-7,0,-6,0,-5,0,-3,0,-1,1,0,1,0,0,1,0,3,-2,4,-3,4,-4,6,41,4,-9,5,-12,5,-14,3,-16,2,-18,0,-19,-2,0,0,-20,-6,-22,-8,-22,-9,-22,-12,-20,-12,-21,-13,-54,9,-17,-12,-16,-10,-13,-8,-12,-6,-10,-4,-8,0,-6,2,-5,4,-3,6,-2,8,-1,10,0,12,1,14,10,0,2,16,2,18,2,17,2,16,0,15,0,12,0,10,2,4,2,3,3,3,5,2,8,0,8,-8,1,-11,-8,-22,-14,-2,-12,9,-2,16,10,14,17,3,15,-10,3,-18,-10,-16,-18,-4,-16,8,-6,17,6,15,13,7,5,3,6,-7,1,-7,0,-5,-2,-4,-2,-3,-4,-3,0,0,-8,2,-5,7,-2,10,7,10,10,5,14,-2,-9,-24,2,-15,-8,-14,-16,-6,-16,5,-9,15,2,17,13,10,18,-1,11,-12,-2,-16,-12,-10,-15,2,-8,13,6,29,12,5,11,-7,0,-12,-10,-6,-10,6,-2,12,8,10]"
CSI_DATA,113291,d8:b1:90:d9:de:f0,-59,11,-99,-38,61,56,1689576794,100,0,228,0,"[-17,1,-18,0,-19,0,-18,0,-17,0,-15,0,-13,0,64,-4,-9,1,-8,1,-6,0,-4,0,-3,0,-2,0,0,0,1,0,2,0,4,0,5,0,6,1,7,2,41,4,8,6,8,9,8,11,7,14,6,16,5,18,0,0,2,21,0,22,0,24,-2,24,-3,24,-4,24,-68,10,-3,20,-2,18,-1,16,0,12,2,10,3,7,4,4,6,2,6,0,7,-2,8,-5,9,-7,10,-9,-47,0,11,-12,11,-13,12,-12,12,-12,10,-11,9,-8,7,-6,4,-2,2,-2,2,-2,2,-4,0,-7,-6,-6,-11,0,-21,9,-1,14,9,11,16,1,12,-10,0,-17,-12,-13,-18,-1,-14,13,-1,18,12,14,18,2,13,-9,4,-14,2,-6,-8,-5,-7,0,-5,2,-3,2,-2,4,-2,5,0,0,5,6,10,2,10,-4,6,-10,0,-13,-8,-10,-18,18,-14,5,-8,14,2,16,12,12,17,1,14,-11,2,-17,-10,-14,-16,-2,-13,9,-2,16,10,12,15,0,20,-22,-2,-13,-11,-4,-10,7,1,12,10,5,11,-6,2,-13]"
CSI_DATA,113292,d8:b1:90:d9:de:f0,-58,11,-99,-36,60,56,1689593987,100,0,228,0,"[-17,-4,-19,-4,-19,-5,-17,-5,-17,-5,-15,-4,-14,-4,67,-4,-9,-2,-7,-2,-6,-2,-5,-2,-3,-1,-2,0,0,0,0,0,2,0,2,2,3,3,4,4,4,7,43,4,2,11,1,14,-1,15,-3,16,-5,17,-8,18,0,0,-12,17,-16,19,-17,17,-20,17,-20,15,-21,14,-59,9,-19,12,-16,11,-14,10,-10,9,-7,7,-4,7,-2,6,2,6,4,5,7,5,9,5,12,4,13,4,-31,0,16,4,17,5,17,6,16,6,14,6,12,6,9,5,4,-1,3,-1,4,-1,4,-4,2,-8,-4,-9,-11,-4,-24,0,-7,13,4,15,14,8,17,-5,8,-16,-5,-18,-17,-9,-19,5,-10,16,2,20,14,12,18,0,12,-10,5,-4,-5,-9,-7,-4,-5,0,-4,1,-4,1,-4,2,0,0,0,8,5,9,10,4,13,-1,9,-9,2,-15,-27,0,-15,-7,-16,2,-12,14,0,19,11,15,19,3,16,-9,6,-17,-7,-16,-17,-6,-15,7,-4,16,8,14,31,7,11,-9,-1,-14,-12,-5,-11,7,0,12,11,7,13,-3]"
CSI_DATA,113293,d8:b1:90:d9:de:f0,-58,11,-99,-36,60,56,1689604258,100,0,228,0,"[-16,-7,-18,-8,-18,-9,-16,-9,-16,-8,-14,-7,-12,-6,67,-4,-9,-4,-7,-3,-5,-2,-4,-2,-2,-1,-1,-1,0,0,1,0,2,0,3,1,4,3,5,4,5,6,43,4,4,11,2,13,1,15,0,16,-2,18,-5,19,0,0,-11,20,-13,20,-15,20,-17,19,-19,19,-19,17,-18,9,-17,14,-15,13,-12,11,-9,10,-6,8,-2,7,0,6,2,4,5,3,7,2,9,1,12,0,14,0,-29,0,17,0,18,-1,19,-1,18,0,16,0,13,0,10,0,5,0,4,-1,4,-1,4,-4,2,-7,-3,-9,-10,-6,-24,-1,-7,12,3,15,14,9,16,-3,9,-15,-3,-19,-16,-10,-19,4,-12,16,2,20,14,12,18,0,12,-10,7,-4,-4,-9,-7,-4,-6,-1,-4,0,-5,1,-5,4,0,0,0,9,7,8,12,2,12,-4,8,-12,0,-15,-29,3,-16,-4,-16,6,-9,16,2,18,14,12,19,0,14,-12,1,-18,-11,-14,-17,-1,-12,11,0,16,12,11,31,-2,7,-12,-5,-12,-12,-1,-7,9,4,11,12,2,10,-8]"
CSI_DATA,113294,d8:b1:90:d9:de:f0,-59,11,-99,-37,61,56,1689624129,100,0,228,0,"[17,5,18,5,18,5,17,4,16,3,14,2,12,1,62,-4,9,0,7,0,6,-1,4,0,3,0,1,0,0,0,0,0,-1,0,-3,0,-4,0,-6,0,-7,0,40,3,-9,-3,-11,-5,-11,-8,-11,-10,-11,-12,-11,-14,0,0,-10,-18,-11,-20,-10,-21,-10,-22,-10,-22,-9,-22,51,9,-9,-18,-9,-15,-9,-13,-8,-9,-7,-6,-6,-3,-5,0,-5,3,-3,5,-3,7,0,9,0,11,1,12,23,0,4,16,5,17,5,16,5,15,4,13,4,12,3,9,-4,0,-3,1,-3,1,-4,3,-1,7,4,8,11,3,22,-5,3,-13,-8,-12,-15,-2,-12,10,0,17,12,13,18,0,12,-13,0,-19,-13,-13,-18,0,-11,11,-1,14,-1,7,9,1,7,-2,4,-3,1,-3,1,-4,0,-5,0,0,-7,-3,-9,1,-6,9,0,12,7,10,13,3,4,-25,8,-12,-1,-16,-12,-11,-17,0,-13,11,-1,16,10,12,16,2,12,-10,0,-16,-11,-11,-15,0,-9,12,6,29,12,4,9,-7,-1,-11,-11,-4,-9,7,1,12,11,6]"
CSI_DATA,113295,d8:b1:90:d9:de:f0,-58,11,-99,-36,60,56,1689651634,100,0,228,0,"[-15,10,-16,11,-16,11,-16,12,-14,10,-12,9,-11,9,67,-4,-7,7,-5,5,-4,4,-4,3,-2,2,-1,1,0,0,0,-1,0,-2,2,-3,2,-4,4,-5,7,-5,43,4,12,-4,13,-4,15,-2,16,0,19,0,20,2,0,0,21,7,23,8,24,10,24,11,24,12,22,12,52,0,20,9,17,9,16,6,13,3,9,1,7,0,5,-2,2,-4,0,-6,-2,-7,-4,-9,-7,-9,-9,-10,-87,10,-12,-12,-14,-12,-14,-12,-13,-12,-12,-10,-9,-9,-7,-7,2,-4,1,-4,1,-4,0,-7,-6,-5,-10,-1,-10,8,-10,21,9,12,16,1,13,-11,0,-17,-12,-13,-19,0,-14,14,0,20,14,14,19,0,14,-14,0,-17,-9,-12,-4,-8,-9,4,-4,7,0,6,1,5,2,4,4,4,0,0,8,-3,7,-9,0,-13,-7,-11,-14,-4,-14,5,12,26,2,17,13,12,19,1,15,-11,4,-18,-9,-16,-18,-4,-16,8,-4,17,8,14,16,3,12,-9,1,-15,-22,-21,-13,2,-4,10,6,8,11,-2,4,-11,-8,-9,-13,0]"
CSI_DATA,113296,d8:b1:90:d9:de:f0,-59,11,-99,-35,60,56,1689662835,100,0,228,0,"[-18,-4,-19,-4,-19,-5,-19,-4,-17,-4,-16,-3,-13,-2,66,-4,-10,-1,-8,0,-6,0,-4,0,-2,0,-1,0,0,-1,1,-1,3,-1,4,0,6,0,7,0,9,2,42,4,11,6,11,8,11,10,9,13,9,15,8,17,0,0,6,22,4,24,4,25,2,26,1,26,1,25,6,0,0,22,0,19,1,16,2,13,2,10,3,6,4,3,5,0,5,-3,5,-5,5,-8,5,-10,5,-13,58,0,4,-17,5,-17,4,-17,5,-17,5,-15,4,-12,4,-9,6,-1,4,-2,3,-2,4,-5,0,-8,-6,-8,-11,-2,-24,4,-3,14,8,13,16,3,14,-10,2,-18,-11,-15,-19,-2,-15,12,-2,19,11,16,19,4,15,-8,4,-15,5,-8,-9,-6,-8,0,-6,2,-4,3,-3,5,-1,7,0,0,8,6,11,0,10,-7,4,-13,-4,-13,-13,-8,-16,24,-13,10,-4,16,6,16,16,8,18,-4,10,-15,-2,-18,-14,-11,-17,2,-9,14,3,17,14,8,15,-4,11,-28,-6,-11,-12,0,-6,9,5,8,11,0,6,-11,-5,-12]"
CSI_DATA,113297,d8:b1:90:d9:de:f0,-59,11,-99,-34,60,56,1689675567,100,0,228,0,"[18,4,19,5,20,4,19,4,18,3,16,2,14,1,64,-4,9,0,8,0,6,-1,4,0,2,0,1,0,0,0,0,1,-2,2,-4,1,-6,2,-7,1,-8,0,41,4,-11,-2,-12,-3,-12,-6,-13,-8,-13,-10,-13,-12,0,0,-12,-16,-12,-19,-12,-20,-12,-22,-12,-22,-12,-22,63,10,-11,-18,-10,-16,-10,-13,-9,-10,-8,-6,-7,-2,-6,0,-4,3,-3,6,-1,8,0,10,2,12,4,14,29,0,7,16,9,16,9,16,9,14,8,13,7,11,5,8,-4,2,-2,2,-2,1,-3,3,-1,7,4,8,10,3,23,-6,3,-13,-8,-12,-16,-2,-13,11,0,18,13,13,19,0,12,-15,-2,-20,-14,-12,-18,1,-11,12,0,14,-2,9,10,2,7,-2,4,-4,2,-4,2,-6,-1,-7,0,0,-10,-2,-10,4,-5,10,2,13,10,9,14,1,1,-28,6,-14,-4,-15,-13,-10,-16,0,-12,12,0,17,11,13,17,1,13,-11,0,-17,-12,-11,-16,1,-8,13,11,29,13,4,10,-8,-2,-12,-11,-3,-8,8,3,12,12,4]"
CSI_DATA,113298,d8:b1:90:d9:de:f0,-59,11,-99,-35,60,56,1689694154,100,0,228,0,"[13,-13,15,-13,15,-13,15,-13,14,-12,12,-11,11,-10,66,-4,6,-7,5,-5,4,-4,3,-3,2,-2,1,0,0,0,0,1,-2,1,-3,2,-4,3,-6,2,-8,2,42,4,-11,-1,-11,-3,-13,-6,-12,-8,-12,-11,-11,-13,0,0,-9,-19,-8,-22,-6,-23,-5,-25,-4,-25,-2,-25,-12,10,-1,-22,-2,-20,-2,-16,-2,-13,-3,-10,-4,-6,-5,-3,-6,-1,-6,2,-7,4,-8,6,-8,9,-9,11,66,10,-11,15,-11,15,-11,15,-11,14,-10,12,-8,10,-6,7,0,4,0,2,0,2,0,4,4,6,9,2,10,-5,13,-20,-6,-12,-15,-4,-15,7,-4,17,8,16,18,5,17,-9,6,-19,-8,-17,-18,-6,-17,6,-8,15,3,15,0,9,10,0,6,-3,4,-4,2,-4,1,-5,0,-6,0,0,-8,-4,-11,2,-8,8,-1,13,5,12,13,6,12,-25,11,-9,4,-15,-6,-15,-14,-8,-17,2,-11,13,0,17,12,13,17,0,13,-12,0,-17,-11,-12,-16,0,-19,25,4,14,13,5,10,-7,-1,-12,-11,-4,-11,6,-2,13]"
CSI_DATA,113299,d8:b1:90:d9:de:f0,-59,11,-99,-36,60,56,1689704445,100,0,228,0,"[7,-16,9,-17,9,-17,9,-17,8,-16,7,-14,6,-12,67,-4,3,-9,2,-7,2,-6,1,-4,0,-3,0,-2,0,0,0,0,0,2,-1,3,-2,4,-4,5,-6,5,43,4,-10,4,-12,2,-14,1,-16,0,-17,-2,-18,-4,0,0,-19,-9,-19,-12,-20,-14,-19,-15,-19,-16,-18,-17,-24,9,-16,-15,-14,-13,-13,-10,-11,-7,-10,-4,-8,-1,-7,0,-4,3,-3,6,-2,8,-1,10,0,12,1,14,21,0,3,17,4,19,4,18,3,17,2,15,1,13,0,10,0,4,1,2,0,3,2,4,7,4,9,-1,7,-9,2,-24,-12,-9,-16,2,-9,14,2,16,15,9,19,-4,10,-16,-4,-20,-16,-12,-19,3,-12,15,1,17,11,11,4,6,8,-5,3,-7,0,-5,0,-4,-1,-4,-4,-4,0,0,-8,2,-7,7,-1,11,5,11,12,6,14,-2,-7,-26,2,-15,-7,-14,-15,-7,-17,3,-11,14,1,18,13,12,17,0,12,-12,0,-17,-12,-12,-16,1,-9,12,6,31,13,6,12,-6,0,-12,-10,-6,-11,5,-1,13,9,9]"
CSI_DATA,113300,d8:b1:90:d9:de:f0,-59,11,-99,-37,61,56,1689724056,100,0,228,0,"[-12,-12,-12,-14,-12,-14,-12,-14,-11,-12,-10,-11,-9,-9,62,-4,-6,-6,-5,-5,-3,-3,-3,-2,-1,-1,0,-1,0,0,1,0,1,1,1,3,2,4,2,6,1,7,40,3,-1,10,-3,11,-6,11,-8,11,-11,11,-13,10,0,0,-18,8,-21,6,-22,5,-24,3,-24,2,-24,1,81,9,-20,0,-18,0,-16,1,-12,1,-9,3,-7,3,-3,5,-1,5,1,6,3,7,5,7,7,9,9,9,-61,0,12,11,13,11,13,11,12,11,11,9,8,9,6,7,4,0,2,0,2,0,4,0,5,-4,2,-9,-5,-10,-19,-12,-12,5,-4,14,7,14,15,5,15,-8,5,-16,-8,-16,-18,-5,-17,8,-6,17,6,16,14,7,14,-2,7,0,0,-9,-2,-7,-3,-3,-3,-3,-4,-1,-6,0,0,0,-3,8,1,10,7,7,11,2,11,-5,7,-11,-22,-12,-8,-11,-14,-4,-15,4,-9,12,1,16,12,11,16,1,12,-11,1,-16,-10,-12,-16,-1,-11,10,0,15,22,20,13,-2,5,-11,-6,-9,-11,0,-5,11,5,11,12,2]"
CSI_DATA,113301,d8:b1:90:d9:de:f0,-59,11,-99,-39,61,56,1689744374,100,0,228,0,"[5,-17,6,-18,6,-18,6,-17,6,-16,4,-15,4,-13,66,-4,1,-9,1,-7,0,-6,0,-4,0,-3,0,-2,0,0,0,0,0,2,0,3,-1,4,-2,6,-4,7,42,4,-8,8,-10,8,-12,6,-15,6,-17,5,-19,3,0,0,-22,0,-23,0,-24,-2,-24,-3,-25,-4,-24,-4,86,9,-21,-3,-19,-2,-16,-2,-13,0,-11,1,-7,2,-4,4,-2,5,0,6,3,7,4,8,8,8,10,9,-78,0,13,10,14,10,14,10,13,10,12,8,10,8,7,6,0,4,1,4,1,4,4,4,8,2,9,-4,4,-11,-2,-24,-13,-5,-14,6,-6,15,8,15,17,5,17,-8,5,-19,-9,-17,-19,-5,-17,9,-6,18,7,15,14,6,6,4,6,-8,0,-8,-2,-5,-2,-4,-3,-3,-5,-2,0,0,-7,5,-3,9,3,11,10,8,14,0,12,-9,-19,-20,-6,-15,-15,-8,-17,3,-11,14,0,18,13,13,17,1,13,-11,0,-17,-11,-12,-16,0,-10,11,1,15,24,17,13,-4,2,-11,-8,-8,-11,3,-2,11,8,9,12,-1]"
CSI_DATA,113302,d8:b1:90:d9:de:f0,-59,11,-99,-37,61,56,1689754421,100,0,228,0,"[17,-3,18,-3,18,-3,17,-4,16,-5,14,-5,12,-5,62,-4,8,-4,6,-3,5,-3,3,-2,1,-1,1,0,0,0,0,0,-1,1,-3,2,-3,2,-6,2,-7,1,40,3,-10,0,-12,0,-13,-2,-14,-4,-15,-5,-16,-7,0,0,-17,-12,-18,-13,-18,-14,-18,-16,-18,-16,-17,-15,-35,9,-16,-13,-15,-11,-14,-9,-11,-5,-10,-2,-8,0,-6,2,-4,4,-2,6,0,8,1,9,3,11,6,11,75,0,9,13,11,14,11,12,11,12,9,11,8,9,6,7,-3,3,-1,2,-2,2,-1,5,2,7,8,5,11,-2,16,-15,-3,-14,-13,-7,-15,5,-7,15,7,16,17,6,16,-9,5,-18,-9,-16,-18,-5,-15,8,-5,16,6,12,2,7,9,-1,5,-5,1,-4,0,-4,0,-4,-1,-4,0,0,-9,0,-7,5,-2,11,4,11,11,6,14,-1,-6,-24,1,-14,-8,-13,-15,-5,-15,6,-7,15,5,16,14,8,16,-4,7,-14,-5,-16,-14,-6,-14,6,-3,14,16,24,13,0,7,-11,-5,-10,-11,0,-5,9,5,11,12,1]"
CSI_DATA,113303,d8:b1:90:d9:de:f0,-59,11,-99,-37,61,56,1689774223,100,0,228,0,"[16,6,16,7,17,7,16,6,16,5,14,4,12,3,62,-4,9,1,7,1,5,1,4,1,3,0,1,0,0,0,-1,0,-2,0,-3,0,-4,-1,-5,-2,-6,-3,40,3,-6,-8,-7,-10,-5,-12,-4,-14,-3,-16,-1,-18,0,0,0,-20,1,-22,3,-22,5,-24,5,-23,5,-23,74,0,5,-20,3,-18,2,-16,0,-12,0,-10,-2,-7,-3,-4,-5,-2,-6,0,-7,1,-8,4,-9,7,-9,9,56,9,-10,12,-11,13,-11,13,-10,12,-9,11,-8,9,-6,7,-4,0,-3,0,-3,1,-4,3,-2,7,3,9,10,4,23,-1,6,-12,-5,-14,-14,-6,-15,6,-5,16,7,16,17,5,16,-8,5,-17,-7,-16,-16,-6,-15,6,-6,12,-4,5,7,6,7,0,5,-1,3,-1,3,-2,2,-5,0,0,-4,-7,-9,-3,-11,3,-7,9,0,12,7,11,19,-17,14,-5,8,-12,-1,-16,-11,-11,-16,-1,-12,10,-2,16,9,14,16,2,13,-9,1,-16,-10,-11,-15,0,-18,22,3,12,11,4,9,-7,-1,-11,-10,-3,-10,7,0,12]"
CSI_DATA,113304,d8:b1:90:d9:de:f0,-59,11,-99,-35,60,56,1689784653,100,0,228,0,"[-2,-18,-2,-19,-2,-19,-2,-19,-2,-17,-2,-15,-2,-13,66,-4,-2,-9,-2,-7,-2,-5,0,-4,0,-3,0,-1,1,0,2,1,2,2,2,3,2,5,2,6,2,8,42,4,-1,12,-3,13,-5,13,-8,14,-10,15,-13,14,0,0,-17,14,-19,13,-21,13,-22,13,-22,13,-23,13,-74,9,-19,11,-17,10,-14,9,-11,8,-7,7,-4,6,0,6,2,4,4,3,7,2,9,1,11,0,13,-1,-26,0,16,-4,17,-4,17,-4,17,-4,15,-4,13,-3,9,-2,2,4,3,3,3,2,6,2,8,-2,6,-8,-1,-13,-13,-20,-15,2,-9,13,3,17,15,9,17,-4,9,-16,-5,-19,-17,-10,-19,5,-9,17,4,18,14,9,15,-2,9,1,1,-10,-3,-7,-4,-4,-5,-2,-6,-1,-7,2,0,0,-2,10,4,11,11,6,13,-1,10,-10,2,-15,-28,-2,-15,-7,-16,3,-11,13,0,18,12,13,18,2,15,-11,2,-17,-11,-14,-17,-2,-13,11,0,16,12,11,30,-4,6,-12,-6,-11,-11,0,-5,9,6,9,12,0,6,-11]"
CSI_DATA,113305,d8:b1:90:d9:de:f0,-59,11,-99,-35,60,56,1689795335,100,0,228,0,"[-17,-6,-17,-7,-18,-7,-17,-6,-16,-5,-15,-4,-13,-3,66,-4,-9,-1,-8,-1,-6,0,-4,0,-2,0,-2,0,0,0,0,0,2,0,4,0,5,0,6,2,7,3,42,4,9,6,9,9,9,11,8,13,8,15,7,18,0,0,6,22,5,23,4,24,4,25,3,26,3,25,-17,10,3,22,4,19,4,16,5,13,5,9,6,5,6,2,6,0,6,-4,5,-6,4,-8,4,-11,4,-13,69,0,2,-17,2,-17,1,-18,2,-17,2,-15,1,-13,1,-11,4,0,4,-1,4,-2,4,-4,2,-8,-4,-9,-11,-4,-24,3,-4,14,7,14,16,4,15,-8,4,-18,-10,-15,-19,-2,-15,11,-3,19,11,15,18,3,14,-9,4,-15,3,-6,-8,-4,-7,0,-4,2,-3,3,-2,4,-1,6,0,0,7,5,10,0,9,-6,4,-12,-4,-13,-12,-8,-12,24,-12,10,-2,17,8,15,17,6,17,-6,8,-16,-5,-17,-15,-8,-17,5,-7,15,6,15,15,5,13,-8,5,-30,-10,-9,-13,3,-4,11,8,8,11,-2,4,-12,-7,-11]"
CSI_DATA,113306,d8:b1:90:d9:de:f0,-58,11,-99,-35,60,56,1689806731,100,0,228,0,"[7,17,8,18,8,17,8,17,8,16,7,14,6,12,66,-4,5,8,4,6,4,4,2,4,2,2,0,2,0,0,0,0,-2,-1,-2,-3,-2,-4,-2,-6,-2,-7,42,4,0,-11,2,-13,4,-13,6,-15,8,-15,11,-15,0,0,16,-15,18,-15,19,-15,21,-15,22,-15,22,-14,64,0,19,-13,16,-12,13,-11,9,-10,6,-9,2,-7,0,-6,-3,-5,-6,-4,-8,-3,-10,-2,-12,0,-14,0,16,10,-17,2,-17,3,-18,4,-17,4,-15,3,-13,2,-10,1,-4,-2,-3,-1,-3,-2,-5,-1,-7,4,-4,9,4,11,19,15,14,-4,6,-14,-6,-15,-16,-5,-16,8,-5,18,9,17,19,5,17,-10,6,-19,-8,-16,-16,-6,-14,5,-7,1,1,10,4,6,4,2,4,1,5,0,5,-2,0,0,1,-8,-5,-8,-11,-4,-12,2,-9,9,-2,14,28,0,14,6,16,-3,11,-13,0,-17,-12,-13,-18,-1,-14,11,-2,17,11,14,17,1,13,-11,0,-17,-13,-11,-32,4,-6,13,6,12,13,0,6,-11,-6,-11,-13,-1,-8,11]"
CSI_DATA,113307,d8:b1:90:d9:de:f0,-59,11,-99,-36,60,56,1689817112,100,0,228,0,"[-17,-6,-18,-7,-19,-7,-18,-7,-16,-6,-15,-4,-13,-4,67,-4,-9,-2,-7,-1,-6,0,-4,0,-2,0,-1,-1,0,-1,0,-1,2,0,3,0,5,0,7,1,8,2,43,4,9,7,9,9,10,11,9,14,9,16,7,19,0,0,6,23,4,24,3,26,2,26,2,26,2,26,-9,10,2,22,2,20,3,16,4,13,4,9,5,6,5,2,6,0,5,-3,5,-6,5,-8,4,-11,4,-13,63,0,3,-17,2,-18,2,-18,2,-17,2,-15,2,-12,2,-10,5,0,4,-1,4,-1,4,-4,2,-8,-5,-9,-12,-4,-24,2,-4,14,7,14,16,4,15,-9,4,-18,-10,-16,-19,-3,-16,12,-3,20,11,16,19,4,15,-8,4,-14,4,-7,-9,-5,-8,0,-6,2,-4,3,-3,5,-1,7,0,0,7,6,11,0,10,-6,4,-13,-4,-13,-12,-9,-14,24,-13,10,-4,17,7,16,16,8,18,-5,9,-16,-4,-18,-16,-9,-17,4,-8,16,5,16,15,7,14,-7,7,-30,-9,-10,-12,2,-4,11,8,9,12,-2,4,-12,-7,-11]"
CSI_DATA,113308,d8:b1:90:d9:de:f0,-59,11,-99,-38,61,56,1689834878,100,0,228,0,"[-16,-6,-17,-7,-17,-7,-16,-7,-16,-6,-14,-6,-12,-5,64,-4,-9,-3,-7,-2,-6,-2,-4,-1,-3,0,-2,0,0,0,0,0,1,0,2,2,2,4,4,4,4,6,41,4,2,10,1,12,0,14,-2,16,-4,16,-7,18,0,0,-11,18,-14,18,-16,19,-16,18,-18,17,-18,16,14,10,-16,14,-14,12,-11,11,-8,10,-6,9,-2,8,0,7,3,6,6,4,8,4,10,3,12,2,14,2,-21,0,17,0,17,0,18,0,16,0,14,1,12,2,10,2,4,0,3,-1,4,0,5,-3,3,-7,-2,-10,-10,-6,-24,-2,-8,12,3,15,14,8,16,-3,10,-15,-4,-18,-16,-10,-19,4,-11,16,2,18,14,12,16,0,11,-10,5,-4,-5,-8,-6,-3,-5,0,-4,1,-4,1,-4,3,0,0,0,7,6,7,10,3,11,-3,8,-10,0,-14,-26,2,-15,-5,-16,4,-10,14,1,18,12,12,18,1,14,-11,2,-17,-10,-14,-16,-2,-13,10,-1,16,11,11,30,0,8,-12,-4,-12,-12,-2,-8,9,3,12,12,4,11,-7]"
CSI_DATA,113309,d8:b1:90:d9:de:f0,-59,11,-99,-38,61,56,1689854832,100,0,228,0,"[5,-18,6,-18,7,-18,6,-17,6,-16,6,-14,5,-13,64,-4,3,-9,2,-7,2,-6,2,-4,1,-3,0,-1,0,0,0,0,-1,2,-2,2,-4,3,-6,4,-7,2,41,4,-10,0,-12,-1,-12,-4,-13,-7,-13,-10,-12,-12,0,0,-12,-17,-10,-20,-9,-22,-8,-23,-6,-24,-5,-24,70,10,-4,-21,-3,-18,-3,-16,-4,-13,-4,-10,-5,-6,-5,-3,-6,-1,-7,1,-8,4,-9,6,-9,8,-10,10,78,10,-12,12,-13,13,-13,12,-12,11,-11,9,-10,8,-8,5,1,4,2,2,0,2,2,4,6,4,10,-2,7,-9,2,-23,-11,-8,-15,1,-10,12,2,17,14,12,18,-1,12,-14,0,-19,-13,-13,-19,-1,-14,10,-3,16,7,13,2,7,10,-2,5,-4,2,-4,1,-4,0,-4,-2,-6,0,0,-8,-2,-9,2,-6,8,-1,12,6,10,12,6,9,-24,11,-9,4,-14,-6,-15,-14,-8,-16,2,-12,13,0,17,11,13,17,2,13,-11,1,-16,-10,-12,-16,0,-21,23,2,14,12,6,11,-6,0,-12,-10,-7,-13,4,-4,12]"
CSI_DATA,113310,d8:b1:90:d9:de:f0,-59,11,-99,-39,61,56,1689874042,100,0,228,0,"[15,9,15,10,16,10,15,9,15,8,13,7,11,6,66,-4,8,4,7,2,6,2,4,2,3,1,2,0,0,0,0,0,-2,0,-3,0,-4,-2,-6,-2,-6,-4,42,4,-7,-8,-7,-11,-6,-13,-6,-15,-5,-17,-4,-19,0,0,-2,-22,0,-24,0,-24,1,-25,2,-25,2,-24,50,0,2,-22,0,-19,0,-16,-1,-13,-2,-10,-3,-6,-4,-3,-5,0,-6,2,-6,4,-6,7,-6,9,-6,11,86,10,-6,15,-7,16,-6,16,-6,15,-6,14,-5,11,-4,8,-4,-1,-4,0,-4,0,-5,3,-3,8,3,10,11,6,24,1,7,-13,-4,-15,-14,-7,-16,5,-7,17,6,17,17,6,17,-8,7,-18,-7,-18,-17,-7,-16,6,-7,13,-4,6,8,6,8,0,6,-2,4,-2,3,-3,2,-5,0,0,-5,-6,-9,-2,-11,4,-6,11,0,14,10,11,18,-20,15,-8,6,-16,-5,-17,-15,-9,-18,2,-11,15,2,18,13,11,17,-2,10,-13,-2,-16,-13,-8,-14,4,-12,27,6,11,12,0,6,-9,-5,-9,-11,0,-6,11,4,12]"
CSI_DATA,113311,d8:b1:90:d9:de:f0,-59,11,-99,-36,60,56,1689884297,100,0,228,0,"[-9,16,-10,17,-9,16,-9,16,-7,16,-6,14,-5,12,67,-4,-2,9,-1,7,-1,5,0,4,0,2,-1,1,-1,0,-1,-1,-1,-2,0,-4,0,-6,0,-7,2,-8,43,4,5,-10,7,-11,9,-11,12,-11,14,-11,16,-10,0,0,20,-9,22,-9,24,-9,24,-7,24,-7,24,-7,89,0,21,-7,18,-7,15,-7,12,-7,7,-6,4,-5,0,-5,-2,-4,-4,-3,-7,-2,-9,0,-12,0,-14,1,26,10,-16,4,-17,4,-17,4,-16,5,-14,4,-12,4,-9,2,0,-5,0,-4,-1,-4,-3,-4,-8,-2,-9,3,-5,11,0,24,13,5,14,-6,5,-15,-8,-15,-17,-4,-16,10,-3,19,11,16,19,3,16,-11,3,-18,-9,-15,-14,-4,-9,-4,-4,9,0,9,3,6,4,4,5,2,7,0,0,0,4,-9,-2,-10,-9,-7,-13,-1,-12,7,-5,14,27,8,14,9,17,0,13,-12,2,-18,-10,-14,-17,-3,-15,9,-4,17,9,14,17,2,13,-10,0,-16,-12,-10,-30,4,-6,12,6,10,11,0,4,-9,-7,-9,-12,1,-6,10]"
CSI_DATA,113312,d8:b1:90:d9:de:f0,-58,11,-99,-37,60,56,1689904750,100,0,228,0,"[17,-8,18,-8,19,-8,18,-8,17,-6,15,-6,13,-6,69,-5,8,-5,7,-3,5,-2,4,-2,2,-1,1,0,0,0,0,1,-2,2,-3,2,-5,2,-6,2,-8,2,45,4,-12,-1,-13,-4,-14,-5,-14,-8,-14,-11,-14,-14,0,0,-13,-19,-13,-21,-11,-23,-10,-24,-10,-24,-9,-24,72,10,-8,-21,-8,-19,-7,-16,-7,-12,-7,-8,-6,-5,-6,-2,-5,1,-5,4,-5,6,-5,9,-4,12,-4,14,-35,10,-3,18,-2,18,-2,18,-2,18,-2,16,-2,13,-2,10,-3,4,-1,3,-1,4,0,6,4,7,10,4,12,-4,17,-18,-5,-15,-14,-7,-16,5,-8,16,7,18,18,8,18,-8,8,-19,-8,-19,-18,-8,-18,6,-8,15,2,16,0,9,10,0,7,-3,4,-5,2,-5,0,-5,-1,-7,0,0,-9,-2,-11,3,-7,10,0,13,8,12,14,5,7,-28,10,-13,0,-18,-11,-14,-18,-4,-16,9,-6,18,7,18,18,8,17,-7,7,-17,-6,-16,-16,-5,-14,8,-5,32,10,10,13,-2,4,-11,-8,-9,-12,2,-5,12,6,12]"
CSI_DATA,113313,d8:b1:90:d9:de:f0,-59,11,-99,-39,61,56,1689924277,100,0,228,0,"[-17,-6,-17,-7,-17,-7,-17,-7,-16,-6,-14,-6,-12,-5,66,-4,-8,-3,-7,-2,-6,-2,-4,-2,-3,-1,-2,0,0,0,1,0,2,0,3,1,4,2,4,4,4,6,42,4,4,10,2,13,1,14,0,16,-2,17,-4,19,0,0,-10,19,-12,20,-14,20,-16,19,-17,19,-17,18,-8,9,-15,15,-13,13,-10,12,-8,11,-4,8,-2,7,1,6,3,5,5,4,8,3,10,2,12,0,14,0,-25,0,17,-1,17,-2,18,-1,17,-1,15,0,13,0,10,0,4,0,3,0,4,-1,4,-4,2,-8,-3,-9,-11,-5,-24,0,-7,13,4,15,14,8,16,-4,8,-15,-4,-18,-16,-9,-19,4,-11,17,4,19,15,11,17,-1,11,-11,6,-4,-5,-8,-6,-3,-6,0,-4,0,-4,2,-4,4,0,0,1,8,7,7,11,2,12,-4,7,-12,-1,-15,-27,4,-16,-4,-15,7,-8,15,3,18,15,11,18,0,13,-13,0,-17,-12,-13,-17,0,-12,12,0,17,12,11,30,-3,6,-12,-5,-11,-12,-1,-6,9,4,11,13,2,10,-8]"
CSI_DATA,113314,d8:b1:90:d9:de:f0,-59,11,-99,-35,60,56,1689934799,100,0,228,0,"[-2,-18,-2,-19,-2,-19,-2,-19,-2,-17,-2,-15,-2,-13,66,-4,-2,-8,-2,-7,-1,-6,-1,-4,0,-2,0,-1,0,0,1,0,1,2,1,4,1,6,0,6,-1,8,42,4,-4,10,-7,10,-10,10,-12,9,-15,8,-17,7,0,0,-21,5,-24,3,-24,2,-26,0,-25,0,-25,0,83,9,-22,0,-19,0,-17,0,-13,2,-10,2,-6,4,-3,5,0,6,2,6,4,7,6,8,8,9,11,9,-50,0,14,10,15,11,15,9,14,8,12,8,10,7,7,6,3,3,2,2,2,2,4,2,8,0,6,-7,0,-11,-12,-20,-15,0,-11,11,0,16,13,11,18,-1,11,-14,-2,-19,-15,-12,-19,1,-13,14,0,17,11,13,15,2,8,3,4,-8,0,-7,-2,-5,-4,-4,-5,-2,-6,0,0,0,-5,7,0,10,6,9,12,4,13,-2,9,-11,-22,-15,-7,-13,-15,-6,-16,4,-10,14,1,17,13,12,17,0,13,-11,1,-17,-11,-13,-17,0,-11,11,2,16,25,19,13,-4,3,-13,-8,-9,-11,2,-4,12,8,11,14,0]"
CSI_DATA,113315,d8:b1:90:d9:de:f0,-59,11,-99,-36,61,56,1689964860,100,0,228,0,"[17,2,18,3,18,3,17,3,16,3,14,3,12,2,60,-4,8,1,7,1,5,0,4,0,2,0,1,0,0,0,-1,0,-3,0,-3,0,-5,-1,-6,-2,-6,-4,39,3,-6,-8,-6,-10,-5,-12,-3,-14,-1,-16,0,-17,0,0,3,-20,6,-21,7,-22,10,-21,10,-20,11,-20,-27,0,10,-17,8,-15,6,-13,4,-11,2,-9,0,-6,-2,-5,-4,-3,-6,-1,-7,0,-9,1,-11,3,-12,4,25,9,-14,6,-15,7,-15,7,-14,6,-13,5,-11,3,-8,2,-4,1,-3,2,-2,2,-3,4,0,7,5,8,10,3,22,-3,4,-12,-6,-13,-14,-5,-13,7,-5,15,8,15,17,5,16,-8,6,-17,-7,-16,-15,-6,-15,4,-7,11,-5,5,6,7,6,2,5,0,4,-1,4,-3,3,-5,0,0,-3,-7,-8,-5,-10,1,-8,7,-3,12,5,13,22,-11,15,0,12,-10,3,-15,-7,-15,-15,-6,-16,5,-8,14,3,16,13,8,15,-4,8,-13,-4,-14,-13,-6,-26,11,-3,12,8,8,11,-2,3,-10,-7,-8,-12,1,-6,10]"
CSI_DATA,113316,d8:b1:90:d9:de:f0,-59,11,-99,-38,61,56,1689976256,100,0,228,0,"[-18,1,-19,0,-20,0,-18,0,-17,-1,-16,-1,-13,-1,64,-4,-9,0,-8,0,-6,0,-4,0,-2,0,-1,0,0,0,1,0,2,0,4,0,6,1,6,3,7,4,41,4,7,8,6,11,5,14,2,16,1,17,-1,18,0,0,-6,21,-9,21,-10,22,-13,21,-14,21,-14,20,6,10,-13,17,-11,15,-9,12,-7,11,-4,9,-1,7,1,6,3,4,6,2,8,2,10,0,12,0,14,-1,-18,0,17,-2,18,-3,18,-2,17,-1,15,0,12,0,10,0,4,-3,2,-3,2,-2,2,-5,0,-8,-6,-7,-12,-1,-22,7,-2,14,8,12,16,3,14,-8,4,-16,-10,-15,-18,-4,-17,10,-5,18,8,17,16,6,16,-5,8,-12,6,-6,-6,-8,-7,-2,-6,0,-4,1,-4,2,-4,5,0,0,4,8,8,6,11,0,10,-7,5,-12,-4,-14,-25,9,-15,-1,-14,8,-6,16,4,16,14,10,18,-1,12,-13,0,-18,-12,-12,-17,0,-11,12,0,16,12,10,30,-4,6,-12,-5,-11,-11,-1,-6,10,5,11,12,2,10,-8]"
CSI_DATA,113317,d8:b1:90:d9:de:f0,-58,11,-99,-36,60,56,1689987583,100,0,228,0,"[15,-11,16,-12,16,-12,16,-12,14,-11,12,-10,10,-9,67,-4,7,-7,4,-5,4,-4,3,-3,2,-2,1,-1,1,0,0,1,0,2,-1,3,-2,4,-4,6,-6,7,43,4,-10,6,-12,5,-14,4,-16,3,-19,2,-20,0,0,0,-23,-2,-24,-4,-26,-4,-26,-5,-26,-6,-25,-6,-84,9,-22,-4,-19,-3,-17,-1,-14,0,-10,1,-7,2,-4,4,0,5,2,6,4,7,7,7,9,7,12,7,-54,0,16,7,16,7,18,7,16,6,15,4,12,4,9,4,-2,4,0,4,0,4,1,6,6,5,10,0,9,-8,9,-22,-10,-11,-16,0,-12,12,0,18,14,12,19,-2,12,-16,-2,-20,-16,-12,-19,2,-12,15,1,17,11,10,4,7,9,-6,3,-7,0,-7,-2,-5,-2,-4,-5,-3,0,0,-7,5,-4,10,2,12,10,9,14,0,12,-9,-19,-21,-6,-16,-14,-8,-18,2,-12,14,1,19,14,13,19,0,13,-12,0,-18,-13,-12,-16,1,-9,13,4,15,29,13,12,-7,0,-12,-9,-6,-10,5,0,12,11,7,12,-4]"
CSI_DATA,113318,d8:b1:90:d9:de:f0,-58,11,-99,-36,60,56,1690004241,100,0,228,0,"[15,11,16,12,16,12,16,12,14,10,13,9,12,7,67,-4,9,4,7,3,5,3,4,2,2,2,1,0,0,1,-1,0,-2,0,-4,0,-5,-2,-6,-3,-7,-4,43,4,-7,-9,-7,-12,-6,-14,-5,-16,-4,-18,-3,-20,0,0,0,-24,1,-24,2,-25,4,-26,4,-26,4,-25,-60,0,4,-22,2,-19,1,-16,0,-13,-1,-10,-3,-7,-4,-4,-4,0,-6,2,-7,4,-7,7,-7,9,-7,12,66,10,-7,15,-7,16,-7,16,-7,16,-7,14,-6,12,-4,9,-5,-1,-4,0,-4,0,-5,3,-4,7,2,10,10,7,24,3,8,-12,-3,-15,-14,-8,-16,4,-8,16,6,19,17,9,19,-7,9,-18,-6,-19,-16,-9,-17,4,-9,13,-7,6,7,8,8,2,6,-1,4,-2,4,-4,2,-6,0,0,-6,-8,-10,-2,-12,3,-8,11,0,15,9,12,21,-20,16,-7,8,-16,-3,-18,-15,-11,-19,0,-13,14,0,19,13,13,18,0,12,-12,-1,-17,-13,-10,-15,3,-14,26,6,12,12,1,7,-9,-5,-9,-12,0,-7,10,4,12]"
CSI_DATA,113319,d8:b1:90:d9:de:f0,-59,11,-99,-38,61,56,1690015273,100,0,228,0,"[17,1,18,2,18,2,18,1,17,1,15,0,13,0,64,-4,10,0,8,0,6,-1,4,0,3,0,2,0,0,0,0,0,-2,0,-3,0,-4,0,-6,0,-7,-2,41,4,-10,-4,-10,-7,-11,-9,-11,-11,-10,-13,-10,-15,0,0,-9,-19,-9,-22,-8,-22,-7,-23,-7,-24,-6,-23,-56,10,-6,-20,-6,-18,-6,-15,-6,-11,-6,-8,-6,-4,-6,-2,-6,2,-6,4,-5,6,-4,9,-4,11,-4,13,-47,10,-2,16,-1,18,-2,17,-2,16,-1,14,-2,12,-2,10,-4,1,-3,2,-3,2,-3,5,0,8,6,7,12,1,21,-8,1,-14,-10,-11,-16,0,-12,12,0,17,13,12,18,-1,12,-14,-1,-19,-14,-12,-18,0,-12,12,0,14,-1,6,10,2,7,-2,3,-4,2,-4,1,-4,0,-5,0,0,-6,-4,-9,0,-8,7,-2,12,5,12,12,7,8,-24,11,-12,1,-17,-10,-14,-17,-4,-16,8,-5,16,7,16,16,6,15,-7,5,-16,-7,-14,-15,-4,-12,9,-3,29,10,8,12,-3,2,-12,-8,-8,-11,3,-4,12,7,10]"
CSI_DATA,113320,d8:b1:90:d9:de:f0,-59,11,-99,-36,60,56,1690033916,100,0,228,0,"[-7,-16,-7,-17,-7,-18,-7,-17,-7,-16,-7,-14,-7,-12,67,-4,-6,-8,-4,-6,-4,-5,-2,-4,-2,-2,-2,-2,0,0,0,0,2,0,2,2,2,3,3,5,2,7,43,4,1,12,0,14,0,15,-2,16,-4,18,-6,19,0,0,-9,20,-12,21,-12,21,-14,21,-14,21,-14,21,11,10,-12,19,-9,17,-7,15,-4,13,-2,10,0,7,2,6,4,3,7,1,8,0,9,-2,11,-4,12,-7,-43,0,13,-9,14,-11,14,-12,13,-12,12,-10,10,-8,8,-6,2,3,3,2,4,2,6,0,7,-4,2,-9,-5,-11,-19,-14,-14,7,-4,15,8,14,16,4,15,-10,3,-18,-12,-16,-19,-2,-16,12,-2,20,12,15,17,2,13,-8,6,-3,-4,-10,-7,-4,-6,0,-4,0,-4,1,-4,3,0,0,1,8,7,7,12,2,12,-4,7,-12,-2,-14,-26,9,-17,0,-14,11,-4,18,9,16,18,5,17,-7,7,-17,-7,-16,-16,-6,-15,7,-4,16,9,13,15,2,24,-19,-2,-14,-12,-5,-9,6,1,12,11,4,11,-7,0,-13]"
CSI_DATA,113321,d8:b1:90:d9:de:f0,-59,11,-99,-35,60,56,1690044403,100,0,228,0,"[1,18,1,19,2,20,2,19,2,17,3,16,3,13,66,-4,3,9,3,7,2,6,2,4,2,2,0,2,0,0,0,0,-1,-2,-2,-2,-2,-4,-2,-6,-2,-7,42,4,0,-11,1,-13,2,-15,4,-15,6,-16,8,-17,0,0,13,-19,14,-19,15,-19,17,-19,17,-19,17,-19,-18,0,13,-17,11,-16,8,-14,5,-13,2,-10,0,-8,-2,-6,-4,-4,-6,-1,-8,0,-10,3,-11,5,-12,7,53,10,-13,11,-13,13,-13,13,-12,13,-11,11,-8,9,-7,6,-2,-4,-2,-2,-2,-2,-5,-2,-8,1,-6,8,1,12,15,20,14,-2,8,-13,-3,-15,-15,-8,-17,5,-7,17,7,18,19,7,18,-8,6,-17,-8,-17,-15,-6,-14,5,-7,2,2,10,5,6,5,2,4,0,4,0,5,-3,0,0,0,-8,-6,-8,-11,-3,-12,4,-7,12,2,15,26,-7,16,2,14,-9,5,-17,-6,-16,-17,-7,-17,6,-8,16,5,17,16,7,16,-6,6,-16,-8,-14,-15,-2,-24,20,1,14,11,6,11,-6,-1,-12,-11,-5,-11,7,0,13]"
CSI_DATA,113322,d8:b1:90:d9:de:f0,-59,11,-99,-40,61,56,1690057710,100,0,228,0,"[9,-16,10,-17,10,-18,9,-17,8,-16,7,-14,5,-13,67,-4,2,-9,2,-8,1,-6,1,-4,0,-3,0,-1,0,0,1,1,0,2,0,4,0,5,0,7,-1,8,43,4,-5,11,-7,11,-9,12,-12,12,-14,12,-16,12,0,0,-21,11,-21,10,-23,10,-24,10,-24,9,-24,9,8,0,-21,9,-18,8,-14,8,-11,8,-7,7,-3,7,0,6,2,4,5,3,8,2,10,0,12,0,14,-2,-64,0,17,-5,17,-7,17,-7,16,-7,15,-6,12,-4,9,-3,0,5,0,4,1,4,3,5,7,2,10,-4,5,-12,0,-24,-14,-6,-14,7,-5,16,8,15,18,4,16,-10,3,-19,-12,-16,-20,-2,-16,12,-2,19,9,14,15,3,8,3,4,-9,-1,-8,-3,-5,-4,-3,-4,-2,-7,0,0,0,-4,9,2,11,9,8,14,0,12,-7,4,-14,-28,-6,-14,-9,-17,2,-12,13,0,19,12,14,19,1,14,-12,2,-18,-12,-14,-17,0,-12,12,1,16,12,9,30,-7,4,-13,-7,-10,-12,2,-3,10,8,9,13,-2,4,-12]"
CSI_DATA,113323,d8:b1:90:d9:de:f0,-58,11,-99,-36,60,56,1690074453,100,0,228,0,"[16,-9,17,-9,17,-9,16,-9,15,-9,13,-9,11,-8,67,-4,7,-7,5,-5,4,-4,4,-3,2,-2,2,0,1,0,0,1,0,2,-2,3,-3,4,-4,5,-7,5,43,4,-10,4,-13,4,-15,3,-16,1,-19,0,-19,-2,0,0,-22,-4,-24,-7,-24,-7,-24,-9,-24,-9,-24,-9,-67,9,-21,-7,-19,-6,-16,-4,-14,-2,-11,0,-7,1,-4,3,-2,5,0,6,3,7,5,7,9,9,11,9,-75,0,14,9,16,10,16,9,14,9,13,8,12,7,9,6,-3,4,-1,4,-1,4,0,6,5,7,11,1,10,-7,12,-21,-9,-12,-16,-2,-13,10,-1,18,12,14,19,0,14,-14,0,-20,-14,-13,-20,0,-13,13,0,18,10,12,4,8,9,-4,4,-7,0,-6,-1,-5,-2,-5,-5,-4,0,0,-9,3,-5,9,0,12,9,9,14,2,14,-7,-16,-24,-4,-16,-13,-11,-18,0,-14,12,-2,19,12,14,18,2,15,-10,2,-17,-11,-14,-16,0,-11,12,1,16,25,16,12,-4,2,-12,-8,-7,-10,3,-1,11,9,8,12,-2]"
CSI_DATA,113324,d8:b1:90:d9:de:f0,-59,11,-99,-39,61,56,1690093984,100,0,228,0,"[0,-17,1,-18,1,-19,1,-17,0,-17,0,-15,0,-13,66,-4,0,-9,0,-7,0,-6,0,-4,0,-3,0,-2,0,0,1,0,0,1,0,3,0,4,0,6,-1,7,42,4,-4,10,-6,11,-9,11,-11,11,-13,11,-15,11,0,0,-19,9,-22,9,-23,8,-24,7,-24,6,-23,6,-84,9,-20,6,-18,6,-15,5,-12,5,-8,5,-4,6,-2,5,0,5,3,4,6,4,8,4,11,4,12,3,-30,0,16,2,17,2,17,2,16,2,15,2,13,2,10,2,1,4,2,4,3,4,6,2,8,0,7,-7,0,-12,-8,-21,-14,0,-11,11,0,16,12,11,17,0,12,-13,-1,-19,-15,-12,-19,2,-13,14,0,18,12,12,15,0,8,2,2,-10,-2,-8,-4,-4,-4,-2,-4,-1,-5,0,0,0,-4,7,0,10,7,8,12,2,13,-6,7,-14,-25,-10,-13,-11,-17,-1,-14,11,-4,17,8,16,17,5,15,-8,6,-16,-6,-15,-16,-5,-14,7,-3,15,8,13,28,4,8,-9,-3,-11,-11,-2,-6,7,3,11,11,3,9,-7]"
CSI_DATA,113325,d8:b1:90:d9:de:f0,-59,11,-99,-35,60,56,1690104113,100,0,228,0,"[11,-14,11,-15,11,-15,11,-15,9,-14,8,-13,6,-11,66,-4,4,-8,2,-7,2,-6,2,-4,1,-3,1,-2,0,0,0,0,0,2,0,4,-1,4,-2,6,-4,7,42,4,-6,8,-10,8,-12,8,-13,8,-16,8,-17,7,0,0,-22,5,-24,4,-24,4,-25,3,-24,3,-24,3,77,9,-21,3,-19,4,-16,4,-12,4,-8,4,-5,5,-2,5,1,5,3,5,6,4,8,4,11,3,13,2,-28,0,17,1,18,0,17,0,17,0,15,0,13,0,10,0,-1,4,0,4,0,4,2,6,8,3,10,-2,6,-11,1,-23,-13,-7,-15,4,-7,14,6,16,16,6,17,-7,6,-17,-8,-17,-19,-5,-17,9,-5,17,7,15,14,5,7,4,6,-8,0,-8,-2,-5,-3,-3,-4,-2,-5,-1,0,0,-6,6,-1,11,6,10,12,4,14,-4,8,-12,-24,-13,-11,-13,-17,-2,-15,10,-5,17,8,16,17,6,16,-6,6,-16,-6,-15,-16,-5,-14,7,-3,15,8,12,29,2,8,-10,-4,-11,-11,-2,-6,8,4,10,12,2,8,-9]"
CSI_DATA,113326,d8:b1:90:d9:de:f0,-59,11,-99,-35,60,56,1690114388,100,0,228,0,"[17,-5,19,-5,19,-4,18,-4,17,-4,15,-4,13,-3,66,-4,9,-2,8,-2,6,-2,4,-1,2,0,1,0,0,0,0,1,-2,1,-4,0,-5,0,-7,0,-8,-2,42,4,-9,-5,-9,-8,-8,-11,-8,-13,-6,-15,-5,-17,0,0,-1,-22,0,-23,2,-24,4,-24,5,-24,6,-24,72,0,6,-21,5,-18,4,-15,2,-13,0,-10,-1,-7,-3,-5,-5,-2,-6,0,-8,1,-9,3,-11,5,-12,6,37,10,-15,9,-15,10,-15,9,-15,8,-13,7,-11,6,-9,4,-3,3,-1,3,-2,3,-1,5,2,7,8,6,12,-1,20,-13,0,-14,-11,-10,-16,1,-11,13,1,17,13,12,19,0,13,-14,0,-19,-13,-13,-18,-1,-13,10,-3,15,-3,8,8,5,8,0,5,-2,4,-2,3,-4,2,-6,0,0,-6,-6,-10,-2,-10,4,-6,11,0,14,8,11,22,-17,15,-4,9,-13,0,-17,-11,-13,-17,-3,-15,8,-6,17,7,16,16,6,15,-6,6,-15,-6,-14,-15,-4,-26,15,-1,13,9,8,11,-4,2,-11,-8,-8,-13,2,-5,12]"
CSI_DATA,113327,d8:b1:90:d9:de:f0,-59,11,-99,-39,61,56,1690124465,100,0,228,0,"[-14,12,-15,12,-16,11,-15,11,-14,11,-13,9,-11,8,66,-4,-7,6,-6,4,-4,4,-3,2,-2,2,-2,0,0,0,0,-2,1,-2,2,-3,4,-4,6,-4,7,-4,42,4,11,-2,13,0,14,2,15,4,17,6,17,9,0,0,17,14,16,17,16,19,15,21,15,21,13,21,-27,0,11,18,10,17,9,13,8,11,7,6,6,4,5,0,4,-2,3,-4,2,-7,2,-9,0,-11,0,-13,0,0,0,-17,-1,-18,-1,-18,0,-17,0,-15,0,-13,0,-10,2,-4,0,-4,0,-4,-1,-6,-6,-6,-10,-1,-10,7,-11,21,8,12,15,2,13,-9,3,-17,-10,-15,-18,-2,-15,11,-3,19,11,17,19,4,16,-9,5,-16,-5,-14,-1,-10,-11,0,-6,4,-3,5,-1,6,0,6,3,6,0,0,10,0,9,-6,5,-12,-2,-13,-11,-9,-15,-1,-1,28,-6,15,4,17,14,11,18,0,13,-12,2,-18,-11,-15,-17,-3,-14,10,-3,17,9,13,16,2,11,-10,0,-30,-11,-7,-11,4,-2,11,8,6,10,-4,2,-12,-8,-9]"
CSI_DATA,113328,d8:b1:90:d9:de:f0,-59,11,-99,-38,61,56,1690144219,100,0,228,0,"[-7,16,-8,18,-8,18,-7,18,-6,16,-4,15,-3,12,64,-4,-1,9,0,8,0,5,0,4,0,3,0,1,0,0,-1,-2,-2,-3,-1,-4,-1,-5,-1,-7,0,-8,41,4,2,-11,4,-12,5,-12,7,-13,10,-13,12,-14,0,0,16,-14,18,-13,20,-14,19,-13,20,-14,20,-13,38,0,16,-12,14,-11,11,-11,8,-10,4,-8,2,-6,0,-6,-4,-3,-6,-1,-8,0,-9,2,-10,4,-12,6,46,10,-14,10,-12,11,-12,12,-12,12,-10,11,-8,8,-6,6,0,-4,-1,-3,-1,-3,-3,-4,-7,-2,-8,4,-4,10,3,23,13,4,13,-7,3,-16,-9,-13,-17,-2,-14,12,-1,18,13,14,20,0,12,-13,0,-18,-11,-12,-14,0,-9,-2,-2,10,2,8,4,4,4,3,6,1,6,-1,0,0,1,-9,-4,-9,-11,-4,-12,2,-9,11,0,14,27,-1,15,4,15,-6,8,-14,-4,-16,-14,-10,-17,2,-11,14,2,16,14,9,16,-3,8,-14,-6,-14,-14,-5,-24,16,0,13,9,6,10,-5,0,-10,-10,-5,-10,7,0,13]"
CSI_DATA,113329,d8:b1:90:d9:de:f0,-59,11,-99,-38,61,56,1690154449,100,0,228,0,"[18,-2,20,-2,20,-1,19,-1,18,-1,16,-1,14,-2,64,-4,9,-2,7,-1,5,-1,4,0,2,0,1,0,0,0,-1,1,-3,1,-4,2,-6,1,-7,0,-8,0,41,4,-10,-4,-10,-7,-10,-10,-9,-12,-8,-14,-7,-17,0,0,-4,-20,-2,-22,0,-23,1,-25,2,-24,2,-24,-4,10,2,-22,2,-19,0,-16,0,-13,-2,-10,-3,-6,-4,-4,-5,0,-6,1,-7,4,-8,6,-8,8,-8,10,-84,10,-10,14,-10,15,-10,15,-10,14,-9,12,-7,10,-6,7,-4,3,-2,2,-2,2,-2,4,0,7,6,7,11,0,22,-10,1,-14,-10,-11,-16,-1,-12,11,0,18,12,12,18,0,14,-14,0,-19,-12,-14,-18,-1,-13,10,-3,14,-4,8,8,5,8,0,6,-2,4,-3,3,-4,1,-7,0,0,-8,-6,-10,0,-9,6,-4,12,2,12,10,9,17,-22,13,-7,6,-14,-3,-16,-13,-10,-17,0,-13,11,-2,17,10,14,17,2,13,-10,1,-16,-10,-12,-16,0,-19,24,3,13,12,4,9,-7,-2,-11,-11,-4,-10,7,0,13]"
CSI_DATA,113330,d8:b1:90:d9:de:f0,-59,9,-99,-39,61,56,1690172424,98,0,106,0,"[41,0,27,0,17,0,26,0,-26,0,30,0,-74,0,29,0,65,0,22,0,35,0,11,0,7,0,-6,10,-22,10,-19,10,-58,10,-24,10,83,10,-15,10,50,10,15,0,22,10,57,0,7,10,-67,0,0,0,0,0,13,10,25,0,19,10,59,0,34,10,59,0,46,10,28,0,65,10,-31,0,87,10,70,0,-60,10,-1,10,-35,10,-59,10,-6,10,66,10,23,0,22,10,51,0,-11,9,55,0,-15,9,47,0]"
CSI_DATA,113331,d8:b1:90:d9:de:f0,-59,11,-99,-38,61,56,1690183967,100,0,228,0,"[11,-13,12,-14,12,-14,12,-14,10,-13,10,-12,8,-10,64,-4,5,-8,4,-7,3,-5,2,-4,2,-2,1,-2,0,0,0,0,0,1,-2,2,-3,3,-4,4,-6,4,41,4,-10,2,-12,2,-14,0,-15,-1,-16,-3,-18,-5,0,0,-18,-9,-19,-11,-20,-13,-20,-14,-19,-15,-19,-15,-8,9,-16,-13,-15,-11,-13,-8,-11,-6,-10,-3,-8,0,-6,2,-4,4,-2,6,-1,8,0,10,2,12,3,13,16,0,6,16,6,16,6,16,6,16,5,14,4,12,2,9,-1,4,0,3,0,4,2,5,6,5,10,0,8,-8,7,-23,-10,-10,-15,0,-11,12,0,17,13,12,18,-1,12,-14,-2,-19,-15,-12,-19,1,-12,13,0,17,10,11,4,6,8,-4,3,-7,0,-5,-1,-4,-1,-4,-3,-4,0,0,-8,1,-6,6,-2,10,5,11,12,6,14,-2,-7,-25,2,-15,-8,-14,-16,-6,-16,6,-8,15,3,17,14,9,17,-3,10,-14,-3,-16,-14,-8,-14,4,-6,13,10,28,13,2,8,-9,-2,-11,-11,-3,-8,8,1,12,11,6]"
CSI_DATA,113332,d8:b1:90:d9:de:f0,-59,11,-99,-35,60,56,1690196138,100,0,228,0,"[12,14,13,15,13,15,13,14,13,13,11,11,10,9,66,-4,8,6,6,4,5,3,3,2,2,2,1,1,0,1,-2,0,-3,0,-4,0,-5,-1,-7,-2,-7,-4,42,4,-8,-8,-8,-10,-7,-12,-6,-15,-6,-16,-4,-18,0,0,-2,-22,-2,-24,0,-25,0,-26,0,-26,1,-26,-11,10,0,-22,0,-19,-2,-17,-3,-13,-4,-9,-4,-6,-4,-3,-4,1,-5,4,-4,6,-4,9,-4,11,-3,13,-19,10,-2,17,0,18,0,18,0,17,0,15,0,13,0,10,-4,-2,-4,0,-4,0,-6,1,-4,6,0,10,8,8,24,7,11,-11,0,-15,-13,-11,-17,2,-10,15,4,18,17,9,19,-5,10,-17,-5,-18,-17,-9,-17,3,-8,13,-7,7,7,8,8,2,6,-1,5,-2,4,-5,2,-6,0,0,-7,-6,-11,-1,-11,7,-5,12,3,14,11,9,17,-24,13,-10,4,-16,-6,-16,-16,-6,-17,6,-8,15,4,17,15,8,17,-4,8,-15,-6,-16,-15,-6,-13,7,-4,30,9,9,11,-2,2,-11,-8,-7,-11,4,-2,13,9,9]"
CSI_DATA,113333,d8:b1:90:d9:de:f0,-59,11,-99,-40,61,56,1690209704,277,0,106,0,"[74,10,9,0,88,10,-4,0,-77,10,-46,0,-56,10,-84,0,-36,10,58,0,-21,10,31,0,-3,10,4,0,9,0,-24,10,7,0,-58,10,-15,10,-88,10,-58,10,75,10,65,10,75,10,9,10,-84,10,0,0,0,0,-69,9,-2,10,87,9,36,0,-86,9,65,0,-50,9,70,0,1,10,46,0,63,10,4,0,-59,10,-36,10,-14,10,-77,10,26,0,68,10,59,0,36,10,83,0,7,10,87,0,-4,9,60,0]"
CSI_DATA,113334,d8:b1:90:d9:de:f0,-59,11,-99,-38,61,56,1690224025,100,0,228,0,"[-10,-13,-12,-14,-12,-14,-12,-14,-11,-12,-10,-10,-10,-9,64,-4,-8,-6,-6,-4,-5,-3,-4,-2,-2,-2,-2,-1,0,0,0,0,1,1,2,2,3,3,4,5,4,6,41,4,3,10,2,12,2,14,0,15,-1,17,-3,18,0,0,-6,20,-8,20,-9,21,-10,22,-10,22,-10,21,4,10,-9,19,-7,17,-5,15,-3,13,-1,10,1,8,3,5,5,3,6,1,8,-1,9,-3,10,-5,11,-7,-34,0,12,-11,12,-12,12,-12,12,-11,11,-10,9,-8,8,-6,4,2,3,1,4,0,5,-1,6,-6,0,-10,-7,-8,-22,-8,-10,9,0,15,10,11,16,0,12,-12,0,-18,-14,-12,-19,1,-12,14,2,19,14,12,17,0,11,-10,4,-4,-6,-8,-7,-2,-5,0,-4,1,-3,2,-3,3,0,0,2,8,8,6,11,0,10,-7,4,-12,-4,-14,-23,12,-16,1,-12,11,-2,16,10,14,17,4,15,-8,5,-16,-8,-14,-16,-4,-14,8,-3,16,9,12,14,1,21,-19,-2,-12,-11,-4,-9,7,2,11,11,4,10,-7,0,-13]"
CSI_DATA,113335,d8:b1:90:d9:de:f0,-59,11,-99,-38,61,56,1690234033,100,0,228,0,"[2,-17,4,-18,4,-18,4,-18,4,-16,4,-14,3,-13,64,-4,2,-10,2,-8,1,-6,0,-5,1,-4,0,-2,0,-1,0,0,0,1,-1,2,-3,3,-4,4,-6,4,41,4,-10,3,-12,2,-14,0,-16,-2,-16,-4,-17,-6,0,0,-18,-12,-18,-14,-18,-16,-17,-18,-16,-18,-15,-18,-16,9,-12,-16,-10,-15,-9,-13,-8,-10,-8,-6,-6,-4,-6,0,-6,2,-4,4,-4,6,-4,8,-4,10,-4,13,-24,10,-4,16,-4,17,-4,16,-5,16,-5,14,-5,11,-4,8,1,4,1,3,1,4,4,4,8,1,9,-4,4,-11,-2,-23,-12,-6,-14,5,-6,14,6,16,16,7,17,-6,8,-16,-5,-18,-16,-9,-18,4,-10,15,2,17,11,10,4,5,8,-6,3,-7,0,-6,-2,-4,-1,-4,-2,-4,0,0,-8,0,-8,5,-4,10,2,12,10,8,14,1,0,-26,6,-14,-4,-16,-13,-10,-18,0,-13,11,-2,17,9,14,16,4,14,-8,4,-16,-8,-14,-15,-4,-12,8,-6,28,8,9,12,-2,4,-10,-6,-9,-12,0,-6,10,4,12]"
CSI_DATA,113336,d8:b1:90:d9:de:f0,-59,11,-99,-39,61,56,1690244103,100,0,228,0,"[16,8,17,8,17,8,17,7,16,6,15,4,13,3,66,-4,9,1,8,0,6,0,4,0,2,0,2,0,0,1,0,1,-2,2,-4,2,-5,2,-7,2,-8,1,42,4,-12,0,-13,-2,-15,-3,-15,-6,-16,-7,-17,-8,0,0,-19,-13,-19,-14,-19,-15,-19,-16,-19,-16,-19,-15,-37,9,-17,-13,-16,-11,-14,-8,-12,-4,-10,-2,-7,0,-4,2,-2,4,0,5,4,6,6,7,8,8,11,8,-56,0,15,8,17,7,17,6,15,6,14,5,12,4,9,4,-5,0,-4,1,-4,2,-4,4,-1,8,5,9,11,3,23,-4,2,-14,-8,-13,-16,-2,-13,11,0,18,14,13,19,-2,12,-15,-2,-19,-15,-11,-19,2,-11,14,1,15,0,10,11,0,8,-4,4,-5,1,-6,0,-6,-3,-6,0,0,-10,0,-8,7,-2,11,6,12,13,6,15,-4,-9,-27,0,-17,-11,-13,-17,-2,-15,10,-4,18,8,15,17,4,15,-8,4,-16,-10,-14,-16,-2,-11,10,1,15,25,15,12,-4,2,-11,-8,-5,-8,5,0,11,10,5,11,-5]"
CSI_DATA,113337,d8:b1:90:d9:de:f0,-59,11,-99,-35,61,56,1690275296,100,0,228,0,"[0,16,0,18,1,18,1,17,1,15,2,15,3,12,58,-4,3,8,3,6,1,5,2,4,1,3,1,1,0,0,0,-1,0,-2,-1,-3,-1,-4,-1,-6,-1,-7,38,3,1,-10,3,-11,4,-11,6,-12,9,-12,11,-13,0,0,14,-13,16,-12,18,-14,18,-12,19,-12,19,-12,48,0,15,-11,14,-11,11,-10,7,-9,5,-8,1,-6,0,-6,-3,-4,-5,-3,-7,-1,-9,0,-11,1,-12,3,19,9,-14,5,-15,5,-15,6,-14,6,-13,6,-9,4,-8,3,-2,-3,-1,-1,-1,-1,-4,-1,-6,0,-6,6,0,10,12,20,12,0,9,-11,-1,-15,-12,-9,-15,3,-9,14,4,17,15,9,17,-5,8,-15,-4,-16,-13,-7,-14,2,-6,1,0,9,4,6,4,3,3,1,4,0,5,-1,0,0,1,-8,-4,-7,-9,-4,-11,1,-8,9,-1,13,25,0,13,5,14,-4,8,-12,-1,-15,-11,-11,-16,0,-12,11,0,15,11,11,15,0,9,-11,-2,-15,-12,-7,-26,9,-3,12,7,8,11,-1,3,-10,-8,-7,-11,2,-5,11]"
CSI_DATA,113338,d8:b1:90:d9:de:f0,-58,11,-99,-36,60,56,1690286958,100,0,228,0,"[-16,-9,-18,-9,-18,-9,-17,-9,-16,-8,-14,-7,-13,-6,67,-4,-9,-3,-7,-2,-6,-1,-4,-1,-3,-1,-1,0,0,-1,0,0,2,0,4,1,4,2,6,3,7,5,43,4,7,9,7,12,4,14,3,16,2,18,0,19,0,0,-3,22,-5,24,-7,24,-9,25,-9,25,-9,24,16,10,-9,21,-7,19,-6,16,-4,13,-1,11,1,7,2,4,5,2,6,0,8,-2,9,-4,10,-6,12,-8,-38,0,13,-12,14,-12,14,-12,13,-12,12,-9,10,-8,8,-6,5,0,4,0,4,-1,5,-3,3,-7,-2,-10,-10,-6,-24,-2,-7,13,4,16,14,8,17,-5,8,-16,-6,-19,-18,-8,-19,7,-8,18,5,19,16,9,18,-4,9,-13,7,-6,-7,-8,-8,-2,-7,0,-5,2,-4,3,-3,6,0,0,4,8,10,4,12,-2,9,-9,2,-14,-7,-14,-24,15,-16,3,-12,13,0,18,10,15,18,4,16,-8,5,-16,-7,-16,-16,-6,-16,7,-4,16,8,14,16,2,24,-19,0,-14,-11,-6,-10,6,0,12,10,5,12,-6,2,-12]"
CSI_DATA,113339,d8:b1:90:d9:de:f0,-59,11,-99,-36,61,56,1690297082,100,0,228,0,"[-13,11,-14,11,-14,11,-13,11,-11,11,-10,10,-8,9,60,-4,-5,7,-4,6,-3,4,-1,3,-1,2,0,1,0,0,0,-1,1,-1,1,-3,2,-4,3,-5,5,-5,39,3,8,-5,11,-4,13,-3,14,-2,16,0,17,0,0,0,19,4,21,6,21,7,22,8,22,8,22,8,55,0,19,7,17,5,15,3,11,1,10,0,6,-1,4,-3,1,-5,0,-5,-2,-7,-5,-7,-7,-8,-9,-8,70,9,-13,-9,-14,-9,-14,-8,-13,-8,-12,-7,-10,-6,-7,-5,1,-4,0,-3,0,-2,0,-5,-5,-5,-9,0,-8,6,-8,21,8,10,14,1,11,-10,0,-15,-12,-11,-17,1,-10,13,2,18,15,11,18,-1,11,-13,-1,-15,-10,-10,-4,-6,-8,5,-3,6,0,5,1,4,3,4,5,3,0,0,8,-3,4,-9,-1,-10,-8,-8,-12,-1,-11,6,15,20,3,14,11,10,16,0,11,-10,2,-16,-9,-13,-16,-3,-13,8,-3,15,9,13,15,1,11,-9,0,-14,-22,-17,-11,3,-3,11,7,7,10,-3,1,-10,-8,-8,-12,1]"
CSI_DATA,113340,d8:b1:90:d9:de:f0,-59,11,-99,-38,61,56,1690307295,100,0,228,0,"[-16,6,-18,6,-18,6,-18,6,-17,4,-15,4,-12,4,64,-4,-9,3,-7,2,-6,2,-4,2,-4,1,-2,0,0,0,0,0,2,0,3,0,4,0,6,2,6,3,41,4,8,7,7,10,7,12,6,14,4,16,2,18,0,0,-1,21,-4,22,-5,23,-7,23,-9,23,-10,22,54,10,-9,20,-8,17,-6,15,-4,12,-2,10,0,8,2,6,4,4,6,2,8,1,10,0,12,-2,14,-2,-22,0,16,-4,16,-4,17,-4,16,-3,14,-2,12,-1,10,0,3,-3,1,-2,2,-2,1,-5,-2,-7,-8,-5,-12,1,-19,14,1,14,11,10,16,0,10,-12,-1,-17,-14,-12,-19,0,-13,14,0,20,13,14,18,1,13,-10,3,-14,2,-6,-9,-4,-7,0,-4,2,-2,2,-2,3,-2,4,0,0,4,7,9,4,11,-2,8,-8,3,-12,-5,-13,-22,14,-16,2,-12,11,-2,16,8,15,16,6,16,-5,8,-15,-3,-16,-14,-9,-16,3,-8,13,4,15,13,6,28,-8,4,-13,-7,-10,-12,0,-5,10,6,10,12,0,8,-10]"
CSI_DATA,113341,d8:b1:90:d9:de:f0,-59,11,-99,-35,60,56,1690317279,100,0,228,0,"[-15,11,-16,11,-17,11,-16,11,-15,10,-13,9,-11,8,66,-4,-7,6,-6,5,-4,4,-3,3,-2,2,-1,1,0,0,0,0,2,-1,2,-2,4,-2,6,-2,8,-2,42,4,11,0,13,3,13,4,14,7,15,9,15,13,0,0,13,18,13,19,12,21,11,23,11,23,9,23,-77,0,8,20,7,18,7,15,6,12,6,8,6,4,6,2,6,-1,5,-4,5,-6,5,-8,4,-11,4,-13,48,0,4,-17,4,-17,4,-18,4,-17,4,-15,3,-12,3,-9,2,-4,0,-3,1,-3,0,-5,-4,-6,-10,-2,-11,5,-13,20,6,13,15,4,15,-8,4,-17,-8,-16,-18,-4,-17,10,-4,19,9,17,19,6,17,-8,6,-15,-4,-15,-1,-8,-10,0,-6,4,-2,4,0,4,0,4,1,5,0,0,8,2,9,-3,6,-9,0,-13,-8,-11,-14,-4,-6,27,-9,13,0,17,11,13,17,4,16,-8,6,-17,-6,-17,-16,-7,-16,6,-7,15,6,15,15,5,14,-7,6,-30,-8,-10,-13,2,-4,11,6,9,12,-1,6,-11,-5,-12]"
CSI_DATA,113342,d8:b1:90:d9:de:f0,-59,11,-99,-36,60,56,1690334441,100,0,228,0,"[-2,19,-2,19,-2,20,-1,19,0,18,0,16,0,14,67,-4,1,9,1,7,1,6,1,4,0,2,0,1,-1,0,-2,0,-2,-2,-2,-3,-2,-5,-2,-7,-2,-8,43,4,0,-12,2,-13,3,-14,5,-15,7,-16,9,-17,0,0,14,-18,16,-17,16,-19,19,-18,18,-18,18,-17,53,0,16,-16,13,-14,11,-13,7,-11,4,-9,1,-7,-1,-4,-4,-2,-6,0,-7,1,-9,3,-10,5,-12,7,38,10,-13,12,-13,13,-12,13,-12,13,-10,11,-9,9,-7,7,-2,-4,-2,-2,-2,-2,-5,-2,-8,0,-7,7,0,12,10,22,15,0,10,-12,-1,-16,-13,-10,-18,3,-10,16,4,19,17,10,19,-5,9,-17,-4,-18,-14,-9,-15,2,-9,0,0,11,4,7,5,4,5,2,6,0,7,-3,0,0,0,-10,-6,-8,-12,-2,-12,4,-7,12,2,15,29,-4,16,2,14,-8,6,-16,-6,-16,-16,-8,-17,4,-9,16,4,17,15,8,16,-5,7,-15,-6,-14,-15,-4,-24,18,0,13,10,5,9,-6,-1,-10,-11,-4,-9,7,0,13]"
CSI_DATA,113343,d8:b1:90:d9:de:f0,-58,11,-99,-36,60,56,1690346048,100,0,228,0,"[19,-1,20,-1,20,-1,19,-1,18,-2,16,-2,14,-2,67,-4,9,-2,7,-2,6,-1,4,-1,2,0,2,0,1,0,0,1,-2,1,-3,2,-5,2,-7,2,-8,1,43,4,-12,-1,-13,-4,-14,-6,-14,-8,-15,-10,-14,-13,0,0,-15,-17,-14,-19,-14,-21,-14,-22,-13,-23,-12,-22,57,10,-11,-20,-10,-16,-9,-13,-9,-11,-8,-7,-6,-3,-5,0,-4,2,-3,5,-2,7,0,9,0,12,2,14,9,0,4,17,4,17,4,18,4,17,3,15,2,12,2,10,-4,2,-2,2,-2,3,-2,5,2,9,9,6,12,-1,21,-13,-2,-14,-13,-9,-16,2,-9,14,4,18,16,9,19,-5,10,-18,-5,-19,-17,-10,-19,4,-9,15,2,16,0,9,11,0,7,-4,4,-5,1,-4,0,-5,-2,-6,0,0,-9,-2,-9,4,-6,10,1,14,9,10,15,2,2,-29,7,-15,-3,-17,-14,-11,-19,0,-14,13,-1,19,12,14,18,2,14,-11,1,-17,-12,-12,-16,0,-9,12,5,30,12,5,10,-6,0,-11,-9,-4,-9,7,0,12,11,7]"
CSI_DATA,113344,d8:b1:90:d9:de:f0,-59,11,-99,-35,60,56,1690357529,100,0,228,0,"[-17,-4,-18,-5,-19,-5,-18,-5,-17,-4,-15,-4,-13,-3,66,-4,-10,-1,-8,0,-6,0,-4,0,-3,0,-2,0,0,0,0,0,2,0,4,0,4,1,6,2,6,4,42,4,7,8,7,11,6,13,6,15,4,17,2,19,0,0,0,22,-1,24,-3,24,-4,25,-6,25,-6,24,-88,10,-5,21,-4,19,-3,17,-1,13,0,11,2,7,4,5,5,2,6,0,7,-2,8,-5,9,-6,10,-8,-54,0,11,-12,11,-13,11,-13,11,-13,10,-11,9,-9,7,-6,4,0,3,-1,3,-2,4,-4,2,-8,-4,-8,-11,-4,-24,3,-5,14,6,14,15,5,15,-8,5,-17,-9,-16,-19,-4,-17,10,-5,19,9,17,17,5,15,-6,6,-14,4,-7,-8,-6,-8,0,-5,2,-4,2,-3,4,-2,5,0,0,5,7,9,4,11,-3,8,-10,0,-14,-8,-12,-20,17,-15,4,-9,14,1,17,13,13,18,1,14,-11,3,-17,-9,-15,-17,-3,-13,9,-2,16,10,12,15,0,21,-22,-3,-13,-11,-4,-9,7,2,11,11,4,10,-7,0,-13]"
CSI_DATA,113345,d8:b1:90:d9:de:f0,-59,11,-99,-34,60,56,1690374259,100,0,228,0,"[6,17,6,18,5,18,5,18,4,17,4,15,4,12,64,-4,3,9,3,7,2,6,1,4,0,3,0,2,0,0,-1,0,-2,-2,-1,-4,-1,-5,-1,-7,0,-8,41,4,4,-10,6,-11,8,-12,10,-11,13,-11,16,-10,0,0,20,-8,22,-6,24,-5,24,-4,25,-2,24,-1,-80,0,21,-1,19,0,16,-2,13,-2,10,-2,6,-4,4,-5,0,-5,-2,-6,-4,-6,-6,-7,-9,-7,-11,-8,48,10,-14,-8,-15,-8,-16,-8,-14,-8,-13,-8,-10,-7,-8,-6,-4,-3,-3,-1,-3,-2,-5,-1,-7,2,-5,8,2,12,15,18,14,-2,8,-12,-3,-16,-14,-9,-17,4,-10,15,4,18,16,10,20,-4,11,-16,-2,-18,-13,-11,-15,0,-8,-2,-2,10,2,8,4,4,4,3,5,2,7,0,0,0,4,-8,0,-10,-7,-10,-12,-3,-13,4,-8,12,24,14,9,13,16,4,16,-6,8,-15,-3,-17,-14,-10,-18,1,-11,12,0,17,12,11,16,-1,10,-12,-2,-15,-25,-14,-12,5,-2,12,8,7,10,-4,2,-12,-8,-8,-13,2]"
CSI_DATA,113346,d8:b1:90:d9:de:f0,-59,11,-99,-36,60,56,1690385547,100,0,228,0,"[-14,-13,-14,-14,-14,-13,-14,-12,-14,-11,-14,-9,-12,-7,67,-4,-9,-3,-7,-2,-6,-2,-4,-1,-2,0,0,0,0,-1,1,0,2,0,4,0,6,0,7,0,8,2,43,4,10,4,11,7,12,9,11,12,12,14,11,16,0,0,10,19,10,21,10,22,9,24,9,24,10,24,72,0,9,20,9,17,9,14,8,11,7,7,6,3,5,0,4,-2,2,-5,1,-8,0,-9,-2,-12,-4,-12,-31,10,-8,-15,-9,-16,-10,-15,-9,-14,-9,-12,-7,-10,-5,-8,4,1,4,0,4,0,4,-2,4,-7,-2,-9,-9,-7,-24,-2,-7,12,4,15,14,7,16,-6,6,-16,-8,-16,-19,-5,-17,10,-4,19,10,17,18,4,15,-9,4,-14,4,-9,-9,-4,-8,0,-6,3,-4,4,-2,5,0,7,0,0,9,4,11,-2,7,-9,0,-14,-8,-11,-14,-4,-4,28,-7,14,2,16,14,11,18,0,13,-12,1,-18,-12,-14,-18,-1,-12,12,0,17,12,10,16,-2,8,-14,-12,-28,-13,-2,-8,9,3,11,11,1,7,-9,-4,-12,-12,-2]"
CSI_DATA,113347,d8:b1:90:d9:de:f0,-59,11,-99,-36,61,56,1690397316,100,0,228,0,"[-6,16,-7,17,-7,17,-6,17,-5,16,-4,14,-3,12,60,-4,-1,9,0,6,0,5,0,3,0,2,0,1,0,0,0,-1,0,-3,0,-4,0,-5,0,-6,1,-8,39,3,5,-9,6,-10,8,-9,11,-9,13,-8,15,-8,0,0,18,-6,20,-5,22,-5,23,-4,23,-3,23,-3,-73,0,20,-3,17,-4,15,-4,11,-5,8,-5,5,-5,1,-5,-1,-5,-4,-5,-6,-3,-8,-3,-11,-2,-13,-1,20,9,-16,0,-17,0,-17,1,-15,1,-13,1,-11,1,-8,0,-1,-4,-1,-2,0,-2,-2,-3,-6,-2,-8,3,-5,10,1,22,12,5,13,-5,5,-14,-7,-13,-16,-3,-14,9,-3,18,10,15,17,3,14,-10,3,-17,-8,-13,-13,-3,-8,-4,-4,8,0,7,2,5,3,4,5,3,6,0,0,0,4,-8,-1,-10,-7,-8,-11,-2,-11,5,-6,11,23,10,9,10,14,2,13,-7,5,-15,-5,-15,-15,-6,-15,5,-7,14,5,15,15,6,14,-6,4,-14,-8,-12,-29,-2,-8,10,3,11,10,2,6,-8,-3,-10,-11,-2,-9,8]"
CSI_DATA,113348,d8:b1:90:d9:de:f0,-59,11,-99,-39,61,56,1690413971,100,0,228,0,"[-16,-6,-17,-6,-17,-6,-17,-6,-16,-5,-15,-4,-13,-3,66,-4,-10,-1,-8,0,-6,0,-5,0,-4,0,-2,0,-1,0,0,0,0,0,2,1,4,2,4,3,6,4,42,4,7,8,7,10,7,13,6,15,6,17,4,19,0,0,4,22,2,24,1,24,0,25,0,24,0,25,-61,10,0,21,1,19,2,16,3,13,4,10,5,6,6,3,6,0,6,-1,7,-4,7,-6,7,-9,7,-11,-63,0,7,-15,7,-16,7,-16,6,-15,6,-13,5,-11,4,-8,4,0,3,0,4,-1,4,-4,2,-8,-4,-9,-11,-4,-24,2,-5,13,6,14,15,4,15,-8,4,-17,-9,-15,-19,-3,-16,11,-4,19,11,16,18,4,15,-8,4,-15,1,-5,-9,-4,-8,1,-4,3,-2,2,-2,2,-1,4,0,0,4,6,8,2,10,-3,6,-11,-1,-13,-10,-11,-15,21,-14,8,-6,16,6,17,15,8,18,-3,11,-14,-2,-17,-14,-11,-17,2,-9,13,4,16,13,7,15,-5,12,-27,-7,-11,-13,0,-6,11,6,10,13,0,7,-11,-4,-12]"
CSI_DATA,113349,d8:b1:90:d9:de:f0,-58,11,-99,-36,60,56,1690424336,100,0,228,0,"[13,13,14,14,14,14,14,14,13,12,12,10,11,8,67,-4,8,4,7,4,5,3,4,2,2,1,1,1,0,1,0,0,-2,0,-4,0,-5,-2,-6,-3,-7,-4,43,4,-7,-9,-7,-12,-6,-14,-5,-16,-4,-18,-2,-19,0,0,0,-22,1,-24,2,-25,3,-26,3,-25,4,-26,44,0,2,-22,2,-20,0,-16,0,-14,-2,-10,-3,-7,-4,-3,-5,0,-5,2,-6,4,-6,7,-7,10,-6,12,-69,10,-5,16,-5,17,-4,17,-4,17,-4,14,-3,12,-3,9,-4,-2,-4,0,-4,0,-6,2,-4,7,1,10,9,8,24,6,9,-11,-1,-16,-13,-10,-17,2,-9,15,4,19,16,9,19,-5,9,-17,-5,-19,-16,-9,-17,4,-9,13,-6,7,7,8,8,2,6,-1,4,-2,4,-4,2,-6,0,0,-5,-7,-11,-2,-12,3,-7,11,1,14,9,12,19,-21,15,-7,7,-16,-4,-17,-15,-10,-18,2,-11,14,1,19,14,12,18,-1,11,-14,-2,-16,-14,-9,-14,4,-11,28,7,11,12,0,5,-9,-6,-9,-12,1,-5,11,6,12]"
CSI_DATA,113350,d8:b1:90:d9:de:f0,-59,11,-99,-38,61,56,1690444257,100,0,228,0,"[12,-12,14,-13,14,-13,13,-13,12,-12,10,-12,8,-10,64,-4,6,-8,4,-6,4,-5,2,-4,2,-3,1,-2,0,0,0,0,0,1,-2,2,-4,3,-5,4,-7,3,41,4,-10,2,-12,1,-14,0,-15,-2,-16,-4,-17,-6,0,0,-19,-10,-20,-12,-20,-14,-19,-16,-18,-16,-18,-16,-18,9,-16,-14,-14,-12,-13,-9,-12,-6,-10,-4,-8,0,-6,2,-4,4,-3,6,-1,8,0,10,1,12,2,13,28,0,5,16,6,16,6,16,6,16,4,14,4,12,2,9,0,4,0,2,0,3,0,5,6,6,10,1,9,-7,9,-22,-8,-11,-15,-1,-12,10,0,16,12,12,18,0,13,-14,0,-19,-14,-13,-19,0,-13,13,0,17,9,12,4,6,9,-4,4,-6,0,-5,0,-4,-1,-4,-2,-4,0,0,-8,0,-7,6,-2,10,4,11,11,6,14,-1,-6,-25,3,-15,-8,-14,-16,-6,-16,4,-9,15,3,17,14,10,17,-2,10,-13,-2,-16,-13,-9,-15,4,-7,14,10,28,13,3,9,-8,-2,-12,-11,-4,-9,8,1,13,11,6]"
CSI_DATA,113351,d8:b1:90:d9:de:f0,-58,11,-99,-36,60,56,1690466903,100,0,228,0,"[-3,18,-4,19,-3,19,-2,19,-1,18,0,16,0,14,67,-4,2,9,2,7,1,6,1,4,0,2,0,2,0,0,-1,0,-1,-2,-2,-3,-2,-4,-2,-7,-2,-8,43,4,0,-12,0,-13,2,-15,4,-16,6,-18,8,-18,0,0,11,-20,13,-21,14,-21,15,-22,15,-21,14,-21,-12,0,12,-19,9,-18,7,-15,4,-12,2,-10,-1,-7,-3,-4,-4,-2,-5,0,-7,3,-7,5,-8,8,-8,10,77,10,-8,15,-9,16,-9,16,-7,16,-7,14,-5,12,-4,9,0,-5,-2,-3,-2,-3,-5,-2,-9,0,-7,7,0,12,10,22,15,0,10,-12,-2,-16,-14,-10,-18,3,-9,16,5,19,18,9,19,-7,9,-19,-6,-17,-16,-8,-15,4,-9,2,1,11,5,7,6,2,5,0,6,0,5,-4,0,0,-1,-9,-7,-7,-12,-1,-12,7,-5,13,4,15,26,-10,16,0,13,-12,2,-19,-10,-15,-18,-4,-16,9,-4,17,9,16,16,4,14,-10,1,-16,-11,-12,-16,1,-17,25,4,12,12,2,7,-9,-4,-9,-12,0,-7,10,4,12]"
CSI_DATA,113352,d8:b1:90:d9:de:f0,-59,11,-99,-35,60,56,1690477579,100,0,228,0,"[-8,-15,-8,-17,-8,-17,-8,-17,-7,-15,-6,-14,-6,-12,66,-4,-4,-8,-4,-6,-3,-5,-2,-4,-1,-3,-1,-2,0,0,0,0,1,1,1,3,1,4,1,6,0,8,42,4,-3,11,-5,11,-8,12,-11,12,-13,12,-16,11,0,0,-20,8,-22,7,-24,6,-25,4,-25,4,-25,2,77,9,-22,2,-19,2,-16,2,-13,2,-10,2,-6,4,-3,4,0,5,2,6,4,6,6,7,8,8,11,8,-82,0,14,9,14,10,14,10,13,10,12,9,9,8,6,7,3,2,3,1,4,2,6,0,7,-4,3,-9,-4,-11,-18,-15,-14,5,-6,14,5,15,15,6,17,-6,7,-17,-6,-18,-17,-8,-19,6,-9,17,4,18,14,9,15,-1,7,0,1,-11,-3,-7,-4,-4,-4,-2,-4,-1,-5,0,0,0,-4,7,0,10,6,9,12,4,13,-4,8,-12,-24,-13,-10,-13,-16,-4,-17,7,-8,16,4,17,15,11,17,-2,11,-13,0,-17,-13,-11,-16,1,-9,12,2,15,25,16,12,-4,2,-11,-8,-8,-11,3,-3,11,8,9,13,0]"
CSI_DATA,113353,d8:b1:90:d9:de:f0,-59,11,-99,-39,61,56,1690494325,100,0,228,0,"[-15,11,-15,12,-15,12,-15,12,-13,11,-11,11,-8,10,66,-4,-6,7,-4,6,-3,4,-2,4,-2,2,-1,1,-1,0,0,-1,0,-3,0,-4,1,-6,2,-6,4,-8,42,4,8,-8,11,-8,13,-8,15,-7,17,-6,19,-5,0,0,22,-3,24,-2,25,-2,26,0,26,0,25,0,-81,0,22,-1,19,-2,16,-2,13,-3,9,-4,5,-4,2,-4,0,-4,-3,-4,-6,-4,-9,-3,-11,-3,-13,-2,27,10,-17,0,-18,1,-17,1,-17,2,-15,1,-13,0,-10,0,2,-4,0,-4,0,-4,-1,-6,-6,-6,-11,0,-8,8,-7,23,11,10,16,0,11,-13,-2,-17,-15,-10,-18,4,-10,17,5,19,18,10,19,-5,9,-17,-4,-17,-13,-8,-6,-7,-8,7,-2,8,1,6,3,5,4,4,6,2,0,0,6,-7,1,-11,-6,-10,-12,-4,-14,4,-8,12,24,15,11,13,17,3,15,-8,6,-17,-6,-17,-17,-8,-17,6,-8,15,6,16,15,6,15,-6,4,-15,-8,-13,-30,-1,-8,10,4,11,11,1,6,-8,-5,-9,-12,-1,-8,9]"
CSI_DATA,113354,d8:b1:90:d9:de:f0,-59,11,-99,-38,61,56,1690504348,100,0,228,0,"[2,18,2,19,1,19,1,19,1,18,1,15,2,14,64,-4,2,9,2,8,1,6,1,4,0,3,0,2,0,0,0,0,-1,-2,0,-4,0,-5,0,-7,2,-8,41,4,5,-10,8,-10,10,-10,13,-9,15,-8,18,-6,0,0,21,-4,23,-2,24,0,25,0,25,2,24,2,-74,0,21,2,19,2,16,1,13,0,10,-2,7,-3,4,-4,1,-5,0,-6,-3,-7,-6,-8,-8,-8,-10,-9,62,10,-13,-10,-14,-10,-14,-11,-13,-10,-12,-9,-9,-8,-6,-6,-3,-3,-2,-2,-2,-2,-4,-2,-8,0,-6,6,0,12,10,21,14,0,11,-10,0,-16,-12,-12,-18,0,-12,13,0,19,14,14,20,0,14,-13,1,-18,-10,-13,-14,-2,-8,-3,-4,9,0,8,2,5,3,4,4,3,6,1,0,0,6,-7,1,-10,-6,-10,-11,-6,-13,2,-10,10,21,17,7,14,14,7,16,-3,11,-13,0,-18,-12,-13,-17,-2,-14,10,-2,17,10,13,16,1,12,-10,0,-15,-24,-19,-13,3,-4,11,7,9,11,-2,4,-11,-7,-10,-13,0]"
CSI_DATA,113355,d8:b1:90:d9:de:f0,-59,11,-99,-39,61,56,1690523926,100,0,228,0,"[-17,4,-19,3,-19,3,-18,2,-17,2,-15,2,-13,2,66,-4,-9,2,-8,1,-6,1,-4,0,-3,0,-2,0,0,0,0,0,2,0,3,0,5,0,6,2,7,3,42,4,8,7,8,10,8,13,6,15,4,17,3,19,0,0,0,22,-2,24,-4,24,-6,24,-7,24,-8,24,78,10,-8,19,-6,18,-6,15,-4,13,-1,10,0,7,2,5,4,3,6,1,8,0,9,-2,11,-3,12,-4,-34,0,15,-7,16,-6,16,-6,15,-6,14,-4,12,-3,9,-2,4,-2,2,-2,2,-3,2,-6,-2,-8,-8,-6,-12,0,-21,11,0,15,11,11,16,0,12,-12,0,-18,-13,-13,-19,0,-14,13,-1,19,12,15,18,2,15,-8,4,-15,3,-7,-8,-6,-8,0,-5,2,-3,2,-2,3,-2,5,0,0,4,7,9,4,11,-2,8,-9,2,-14,-6,-13,-23,15,-16,2,-11,13,-1,18,10,15,17,4,16,-7,6,-16,-6,-17,-15,-7,-16,5,-6,15,5,14,14,5,26,-13,2,-13,-8,-8,-11,2,-2,11,7,8,12,-1,6,-11]"
CSI_DATA,113356,d8:b1:90:d9:de:f0,-58,11,-99,-36,60,56,1690534557,100,0,228,0,"[15,11,16,12,16,12,16,10,16,9,14,7,13,5,67,-4,9,2,7,2,6,1,5,1,3,0,2,0,0,0,-1,0,-2,0,-4,1,-5,0,-7,0,-8,-1,43,4,-11,-4,-12,-5,-14,-8,-13,-10,-14,-12,-14,-14,0,0,-14,-17,-14,-19,-14,-20,-15,-22,-14,-21,-14,-21,51,10,-13,-18,-12,-15,-12,-12,-10,-8,-9,-4,-7,-1,-4,1,-4,3,-1,5,0,8,2,9,4,11,7,12,63,0,11,14,12,14,13,13,12,12,11,10,9,9,7,7,-4,-1,-4,0,-4,0,-5,3,-2,7,3,9,11,5,24,0,6,-14,-6,-15,-16,-5,-15,8,-3,18,11,15,19,2,15,-13,1,-20,-13,-15,-19,-1,-14,12,-1,16,-2,9,10,3,8,-2,4,-4,2,-4,1,-5,-1,-6,0,0,-9,-2,-10,4,-6,10,1,14,10,10,16,1,0,-29,5,-16,-6,-16,-16,-8,-19,4,-9,16,3,19,15,10,18,-3,9,-14,-4,-16,-15,-7,-14,6,-4,15,17,24,13,0,6,-11,-6,-9,-11,1,-4,10,7,10,13,0]"
CSI_DATA,113357,d8:b1:90:d9:de:f0,-59,11,-99,-38,61,56,1690544937,100,0,228,0,"[-10,15,-11,16,-11,16,-11,14,-10,14,-9,12,-7,11,64,-4,-4,8,-4,6,-3,5,-2,4,-2,2,-1,1,0,0,0,-1,0,-2,2,-4,2,-4,4,-5,6,-5,41,4,10,-4,12,-2,14,-1,16,0,17,3,18,6,0,0,18,10,19,12,19,14,19,16,19,16,18,17,13,0,16,15,14,13,12,10,10,8,9,4,7,2,5,0,4,-3,2,-5,1,-8,0,-10,-1,-12,-2,-13,-21,10,-4,-16,-5,-18,-5,-17,-4,-16,-3,-14,-2,-12,-1,-9,0,-4,0,-3,0,-3,-2,-5,-6,-4,-10,1,-8,9,-5,23,10,9,15,-1,10,-12,-1,-17,-14,-11,-18,2,-11,15,2,19,14,12,19,-1,12,-13,0,-17,-9,-12,-3,-8,-9,4,-4,6,-1,6,0,5,2,5,4,5,0,0,9,-2,8,-7,2,-11,-5,-12,-12,-7,-14,2,6,26,-2,15,7,14,16,7,17,-4,10,-14,-1,-18,-13,-12,-18,0,-12,12,0,17,12,11,16,-1,9,-12,-7,-29,-12,-5,-10,6,0,11,10,4,10,-6,0,-12,-10,-8]"
CSI_DATA,113358,d8:b1:90:d9:de:f0,-59,11,-99,-36,60,56,1690565546,100,0,228,0,"[-14,-12,-15,-12,-16,-13,-15,-12,-14,-10,-13,-9,-11,-7,67,-4,-8,-4,-7,-3,-5,-2,-4,-2,-2,-2,-1,-1,0,0,2,0,3,0,4,0,6,1,7,2,7,3,43,4,8,8,8,10,7,13,6,15,5,17,4,19,0,0,0,23,0,24,-1,25,-3,26,-4,25,-4,25,-34,10,-3,22,-2,19,0,16,0,13,2,9,2,6,4,4,4,0,4,-2,5,-4,6,-7,6,-9,5,-12,65,0,5,-16,5,-16,5,-16,5,-16,4,-14,4,-12,3,-9,4,1,4,0,4,0,5,-2,4,-7,-2,-9,-9,-7,-24,-3,-8,12,2,15,14,9,16,-4,9,-16,-5,-18,-17,-9,-19,6,-9,17,6,19,16,9,16,-4,9,-12,7,-7,-7,-8,-8,-2,-7,1,-4,2,-4,4,-2,7,0,0,6,7,11,2,12,-4,7,-12,-1,-14,-10,-11,-19,21,-15,7,-7,15,4,17,15,10,19,-2,12,-14,0,-18,-12,-12,-17,0,-11,13,1,16,13,9,15,-3,12,-26,-6,-11,-12,0,-6,9,4,9,11,0,5,-10,-5,-12]"
CSI_DATA,113359,d8:b1:90:d9:de:f0,-59,11,-99,-38,61,56,1690576142,100,0,228,0,"[-10,14,-10,16,-10,16,-10,15,-8,14,-7,13,-6,12,64,-4,-3,9,-2,7,-2,6,-1,4,-1,3,0,2,0,0,0,0,0,-2,0,-3,1,-4,2,-6,4,-7,41,4,8,-8,10,-8,12,-8,14,-8,16,-8,18,-6,0,0,22,-4,24,-4,24,-3,25,-2,25,-2,24,-2,-73,0,21,-2,18,-2,16,-3,12,-4,9,-4,5,-4,2,-5,0,-5,-3,-6,-6,-4,-8,-4,-11,-4,-12,-4,29,10,-16,-2,-18,-2,-18,-2,-16,0,-14,-1,-13,-2,-10,-1,1,-4,0,-4,0,-4,-3,-5,-8,-3,-10,2,-6,10,-1,23,13,7,15,-4,7,-14,-6,-15,-16,-6,-16,8,-6,18,9,17,18,5,17,-9,6,-18,-7,-16,-14,-6,-6,-4,-6,9,0,8,3,5,3,4,4,2,5,1,0,0,6,-6,1,-10,-6,-10,-12,-5,-14,3,-10,12,22,14,10,13,17,3,16,-8,6,-17,-6,-16,-16,-7,-16,6,-8,15,5,16,15,6,15,-6,4,-14,-8,-12,-28,-4,-8,10,3,11,11,2,6,-8,-4,-10,-12,-2,-9,8]"
CSI_DATA,113360,d8:b1:90:d9:de:f0,-59,11,-99,-36,60,56,1690586644,100,0,228,0,"[-14,-12,-15,-12,-16,-12,-15,-12,-14,-10,-13,-8,-12,-7,67,-4,-9,-4,-7,-2,-6,-2,-4,-2,-3,-1,-2,0,0,0,1,0,2,0,4,0,5,0,7,1,8,3,43,4,10,7,9,9,10,12,10,14,9,16,9,17,0,0,7,21,7,24,6,24,6,26,5,26,4,25,67,0,5,21,5,19,6,16,6,12,6,8,5,4,5,2,4,-2,4,-4,3,-7,2,-9,0,-12,0,-14,-7,10,-2,-17,-3,-18,-3,-17,-3,-17,-3,-15,-2,-13,-2,-9,4,1,4,0,4,0,6,-2,3,-7,-2,-9,-11,-7,-24,-2,-7,12,4,15,14,7,16,-5,7,-16,-7,-17,-19,-6,-18,9,-5,19,9,17,19,5,16,-7,5,-14,4,-8,-9,-6,-9,0,-5,3,-3,3,-2,4,0,6,0,0,7,4,12,0,9,-8,3,-12,-5,-14,-13,-7,-11,26,-12,12,0,18,11,14,18,3,16,-9,4,-18,-9,-16,-17,-4,-15,9,-3,16,9,14,16,2,12,-10,-2,-31,-12,-7,-11,5,0,12,9,4,9,-6,0,-13,-11,-7]"
CSI_DATA,113361,d8:b1:90:d9:de:f0,-59,11,-99,-35,60,56,1690603884,100,0,228,0,"[17,-2,19,-2,19,-2,18,-2,17,-2,15,-3,13,-3,66,-4,9,-3,7,-2,5,-2,4,-2,3,-1,2,0,0,0,0,0,-2,1,-3,1,-4,1,-6,1,-8,0,42,4,-11,-2,-12,-4,-13,-6,-13,-8,-13,-11,-13,-13,0,0,-13,-17,-13,-19,-13,-21,-12,-22,-11,-22,-11,-23,55,10,-9,-19,-9,-17,-8,-14,-8,-11,-8,-7,-7,-3,-6,0,-5,2,-4,4,-3,7,-2,9,-1,12,0,13,-8,10,1,17,2,17,2,18,2,17,1,15,1,13,0,10,-4,2,-2,2,-2,3,-2,6,2,8,8,6,12,-1,19,-13,-2,-14,-12,-9,-16,3,-9,14,4,17,16,9,18,-5,8,-17,-5,-19,-17,-10,-18,4,-9,14,2,15,0,7,10,0,7,-4,3,-4,1,-4,0,-4,-1,-6,0,0,-8,-2,-9,3,-6,9,0,13,8,11,15,4,4,-27,8,-14,-2,-17,-13,-12,-18,-1,-14,11,-2,18,10,15,17,4,15,-10,2,-17,-10,-13,-15,-1,-11,11,2,30,11,6,11,-5,0,-11,-10,-6,-10,5,-2,13,9,8]"
CSI_DATA,113362,d8:b1:90:d9:de:f0,-59,11,-99,-36,60,56,1690613982,100,0,228,0,"[-15,-9,-16,-9,-16,-9,-16,-8,-16,-8,-14,-6,-13,-4,67,-4,-9,-2,-7,-2,-7,-1,-4,0,-4,0,-2,0,-1,0,0,0,2,0,2,0,3,1,6,2,7,3,43,4,8,7,9,9,9,12,9,14,9,16,9,17,0,0,7,21,7,23,7,24,6,25,6,25,5,24,11,0,6,21,6,19,7,15,7,12,7,8,6,4,6,2,6,-1,5,-4,4,-7,3,-9,2,-12,2,-14,48,0,0,-17,0,-17,-1,-17,-1,-17,-1,-15,-1,-13,0,-10,4,0,4,0,4,0,5,-3,2,-8,-4,-9,-11,-5,-24,0,-6,14,6,14,15,6,15,-7,4,-18,-9,-16,-19,-3,-16,11,-3,19,11,16,19,3,15,-9,3,-15,1,-7,-10,-4,-8,1,-4,4,-2,3,-2,4,-1,4,0,0,7,4,10,0,9,-7,4,-12,-4,-14,-12,-8,-11,24,-12,12,-1,17,11,15,19,3,16,-9,4,-18,-9,-16,-17,-4,-14,9,-4,16,9,14,16,2,11,-10,0,-29,-12,-6,-11,5,0,12,10,6,10,-5,0,-13,-10,-8]"
CSI_DATA,113363,d8:b1:90:d9:de:f0,-59,11,-99,-35,60,56,1690624004,100,0,228,0,"[10,14,10,16,10,16,10,15,9,14,8,13,7,11,66,-4,6,7,5,6,4,4,3,4,2,2,2,2,0,0,0,0,0,-2,-1,-2,-1,-4,0,-6,0,-7,42,4,2,-11,4,-11,7,-12,9,-12,12,-13,15,-12,0,0,19,-11,21,-9,23,-8,24,-7,24,-6,24,-5,-83,0,21,-4,18,-4,15,-4,13,-4,9,-5,6,-5,2,-6,0,-6,-2,-6,-4,-6,-7,-7,-9,-7,-11,-7,55,10,-15,-8,-15,-8,-15,-8,-14,-8,-13,-8,-10,-6,-8,-6,-3,-2,-2,0,-3,-1,-5,0,-6,4,-3,9,4,11,19,14,13,-5,5,-14,-6,-14,-15,-5,-15,7,-6,17,8,17,18,6,17,-8,6,-17,-6,-17,-15,-8,-15,3,-6,0,0,10,4,6,4,2,4,1,4,0,5,0,0,0,3,-7,-1,-9,-7,-8,-12,-2,-12,5,-7,13,24,10,10,12,16,2,15,-8,6,-16,-5,-17,-15,-9,-17,3,-9,14,2,17,13,10,16,-3,8,-14,-4,-15,-27,-13,-12,7,0,13,9,7,11,-4,2,-12,-8,-8,-13,2]"
CSI_DATA,113364,d8:b1:90:d9:de:f0,-59,11,-99,-35,60,56,1690634317,100,0,228,0,"[-2,17,-2,18,-2,18,-2,18,-2,17,-1,15,0,13,66,-4,0,10,1,8,0,6,1,5,1,4,0,3,0,2,1,1,1,0,2,-1,2,-2,4,-4,5,-5,42,4,8,-6,11,-6,13,-6,15,-5,17,-4,19,-3,0,0,22,0,23,0,25,1,25,2,25,3,24,3,85,0,21,2,19,1,16,0,14,-1,11,-2,8,-5,5,-6,3,-6,0,-8,-2,-8,-4,-10,-6,-11,-8,-11,-74,10,-11,-13,-12,-13,-12,-13,-11,-12,-10,-11,-8,-10,-6,-8,0,-3,-1,-2,-1,-4,-4,-4,-8,-1,-8,5,-2,11,7,24,14,3,13,-8,2,-16,-9,-13,-17,-2,-15,11,-2,19,12,15,20,2,15,-11,2,-19,-10,-14,-15,-2,-4,0,-3,10,2,8,4,3,3,0,2,1,2,2,0,0,6,-3,4,-7,-1,-10,-8,-8,-13,0,-12,7,17,18,5,16,15,9,17,-2,13,-13,0,-18,-12,-13,-18,-1,-13,11,-1,17,11,13,17,0,11,-12,-2,-15,-22,-20,-13,4,-3,13,8,9,13,-2,5,-13,-6,-11,-13,-1]"
CSI_DATA,113365,d8:b1:90:d9:de:f0,-59,11,-99,-36,60,56,1690653997,100,0,228,0,"[12,12,13,14,12,14,12,14,11,13,10,12,9,9,67,-4,7,7,5,6,4,4,2,3,2,2,1,2,0,1,0,0,-1,-1,-1,-2,-1,-4,-2,-6,0,-8,43,4,2,-12,4,-12,6,-13,8,-14,11,-14,13,-14,0,0,18,-13,21,-12,23,-11,24,-9,25,-9,24,-7,80,0,21,-6,19,-5,16,-5,12,-5,9,-4,5,-5,2,-5,0,-5,-2,-6,-5,-6,-7,-6,-9,-7,-12,-7,43,10,-15,-8,-15,-8,-16,-9,-14,-8,-13,-8,-10,-8,-7,-7,-4,-1,-4,0,-4,0,-6,1,-6,6,-1,10,7,10,21,10,12,-8,2,-16,-9,-14,-16,-2,-15,10,-3,19,11,16,19,4,17,-10,4,-19,-8,-16,-16,-7,-14,4,-7,1,1,11,4,7,5,2,4,0,4,0,5,-1,0,0,3,-7,-2,-9,-8,-7,-12,-2,-13,6,-7,14,26,9,12,12,18,1,16,-10,5,-17,-7,-17,-16,-7,-18,5,-9,15,4,16,14,9,16,-4,7,-14,-5,-14,-28,-12,-12,7,-1,12,9,7,10,-4,2,-12,-9,-9,-13,2]"
CSI_DATA,113366,d8:b1:90:d9:de:f0,-59,11,-99,-35,60,56,1690664128,100,0,228,0,"[-17,2,-19,2,-19,2,-18,2,-17,2,-15,2,-13,2,66,-4,-9,2,-8,1,-6,1,-4,0,-3,0,-2,0,-1,0,0,0,2,0,3,0,4,0,6,0,8,1,42,4,10,5,11,7,11,10,11,12,11,15,9,17,0,0,7,21,6,23,5,24,4,26,3,25,2,24,28,0,2,22,2,19,2,16,2,13,4,9,4,6,4,3,6,0,6,-2,6,-5,6,-6,6,-10,6,-11,74,0,7,-15,7,-16,7,-15,7,-15,6,-13,6,-11,6,-8,4,-2,3,-3,2,-3,2,-6,-2,-8,-8,-6,-12,0,-20,12,1,15,12,10,16,-1,11,-13,-2,-18,-15,-11,-19,2,-11,15,2,19,15,13,18,0,12,-12,1,-15,2,-8,-10,-2,-8,2,-4,4,-2,4,-2,4,0,6,0,0,6,4,10,0,9,-6,4,-12,-4,-13,-12,-8,-14,24,-13,10,-4,17,7,16,16,8,17,-5,10,-15,-3,-17,-14,-11,-17,2,-10,14,3,16,13,8,15,-4,12,-26,-6,-11,-12,0,-6,9,5,10,11,1,8,-9,-2,-12]"
CSI_DATA,113367,d8:b1:90:d9:de:f0,-59,11,-99,-36,60,56,1690674217,100,0,228,0,"[-16,-8,-17,-9,-17,-9,-16,-8,-16,-8,-14,-7,-12,-5,67,-4,-9,-3,-7,-2,-6,-1,-4,-1,-3,-1,-2,0,0,0,1,0,2,0,4,0,4,1,7,2,7,4,43,4,8,8,9,10,8,12,7,15,7,17,5,19,0,0,2,23,2,24,0,26,0,26,-1,26,-1,26,-6,10,0,23,0,19,0,16,1,14,2,9,3,7,4,3,5,0,5,-2,6,-4,6,-7,6,-10,7,-12,63,0,6,-16,5,-17,6,-17,5,-16,5,-14,4,-12,4,-9,5,0,4,0,4,-1,4,-4,2,-8,-3,-9,-11,-5,-24,0,-6,13,5,15,15,7,16,-7,6,-17,-8,-17,-19,-5,-17,9,-5,19,9,17,18,6,16,-7,7,-14,5,-7,-9,-7,-8,-1,-6,2,-4,3,-3,4,-2,6,0,0,7,7,11,2,11,-5,7,-12,-2,-14,-11,-10,-18,22,-14,9,-6,16,6,17,16,9,19,-3,11,-14,-2,-18,-14,-11,-18,2,-10,14,2,16,14,8,15,-4,11,-28,-7,-11,-12,0,-6,9,5,9,12,0,6,-11,-4,-12]"
CSI_DATA,113368,d8:b1:90:d9:de:f0,-59,11,-99,-39,61,56,1690694181,100,0,228,0,"[-6,17,-8,17,-8,17,-8,17,-7,16,-6,14,-5,13,66,-4,-3,9,-2,7,-2,6,-2,4,-1,3,0,2,0,0,0,0,0,-2,1,-3,2,-4,4,-4,6,-5,42,4,10,-4,12,-4,15,-2,16,-1,18,0,19,2,0,0,21,7,22,9,22,11,22,13,21,13,21,14,48,0,17,13,16,11,14,8,13,6,10,3,8,0,6,-2,4,-4,2,-6,0,-8,0,-10,-2,-12,-3,-13,-39,10,-6,-16,-6,-17,-6,-17,-6,-15,-4,-14,-4,-13,-2,-9,0,-4,-1,-3,-1,-4,-3,-4,-7,-2,-10,3,-6,10,0,24,13,7,15,-3,8,-13,-4,-16,-16,-8,-18,5,-8,17,6,19,17,9,19,-4,10,-15,-2,-17,-11,-10,-5,-5,-8,6,-2,7,0,6,2,4,2,4,4,4,0,0,8,-2,6,-8,0,-11,-6,-11,-13,-5,-14,3,8,26,-1,16,9,14,17,5,17,-6,8,-16,-4,-17,-15,-10,-17,3,-9,14,2,17,14,9,15,-4,6,-14,-10,-28,-13,-3,-9,8,2,12,11,3,9,-7,-1,-13,-11,-6]"
CSI_DATA,113369,d8:b1:90:d9:de:f0,-59,11,-99,-39,61,56,1690704414,100,0,228,0,"[-15,10,-15,10,-16,11,-15,11,-14,10,-12,9,-11,9,66,-4,-6,6,-5,6,-4,5,-3,4,-2,3,-2,2,0,1,0,0,1,0,2,-1,4,-1,5,-2,7,-2,42,4,11,0,13,1,14,2,15,4,17,6,17,8,0,0,18,13,18,15,18,16,18,17,18,17,17,17,-8,0,15,15,15,13,13,10,12,6,10,4,8,0,7,-1,5,-4,4,-6,2,-8,0,-11,0,-12,-2,-14,-11,10,-4,-17,-6,-17,-6,-17,-5,-16,-4,-15,-4,-13,-2,-10,2,-3,1,-2,1,-3,0,-6,-4,-6,-10,-2,-11,6,-12,22,7,13,15,4,14,-8,3,-17,-11,-14,-18,-2,-15,12,-1,20,12,15,19,2,15,-11,2,-17,-8,-13,-3,-5,-9,4,-4,6,0,5,1,3,0,3,2,4,0,0,8,0,8,-4,4,-10,-2,-12,-10,-8,-14,0,4,26,-4,15,6,15,15,8,17,-4,10,-15,-2,-18,-14,-11,-17,2,-11,14,2,17,13,9,15,-4,7,-14,-10,-29,-14,-2,-10,8,2,13,12,4,10,-8,-1,-13,-11,-6]"
CSI_DATA,113370,d8:b1:90:d9:de:f0,-59,11,-99,-38,61,56,1690714985,100,0,228,0,"[12,-14,12,-14,13,-14,11,-14,10,-14,8,-12,7,-12,64,-4,4,-9,3,-7,2,-6,1,-4,1,-2,0,-1,0,0,0,0,-1,2,-2,4,-2,4,-4,5,-5,5,41,4,-8,6,-10,4,-13,4,-14,2,-16,1,-17,0,0,0,-21,-3,-22,-6,-22,-6,-24,-8,-22,-8,-23,-8,-60,9,-20,-6,-19,-5,-16,-3,-13,0,-10,1,-7,3,-4,4,-2,6,0,6,2,8,5,9,7,10,10,10,-78,0,14,11,15,11,14,10,14,10,12,8,10,7,7,5,0,4,0,2,0,2,1,4,6,5,9,0,8,-8,5,-22,-10,-9,-15,0,-10,12,2,16,14,10,18,-3,10,-16,-4,-18,-16,-10,-18,5,-9,14,3,16,11,8,5,5,7,-6,2,-7,0,-5,-1,-4,-2,-4,-4,-3,0,0,-8,4,-4,8,2,10,8,8,12,2,12,-6,-16,-20,-2,-14,-12,-10,-16,0,-12,10,-3,17,10,14,16,4,15,-9,3,-16,-10,-14,-16,-2,-12,10,0,16,24,20,13,-3,4,-13,-8,-9,-12,2,-4,12,8,11,13,0]"
CSI_DATA,113371,d8:b1:90:d9:de:f0,-58,11,-99,-36,60,56,1690734347,100,0,228,0,"[-14,-10,-15,-12,-16,-12,-14,-11,-14,-10,-13,-9,-12,-7,67,-4,-9,-4,-7,-3,-5,-2,-4,-2,-3,-1,-2,0,0,0,0,0,1,0,2,1,4,2,4,4,4,7,43,4,4,10,3,13,2,14,0,16,0,18,-2,19,0,0,-6,22,-8,23,-9,24,-11,24,-12,23,-12,23,15,10,-10,20,-8,18,-6,15,-4,14,-1,11,1,8,3,5,5,4,7,1,9,0,10,-2,11,-4,12,-6,-33,0,14,-9,15,-10,15,-11,14,-9,13,-9,11,-7,9,-5,4,1,4,0,4,0,5,-2,4,-7,-1,-11,-9,-7,-25,-4,-9,12,2,16,14,9,17,-2,10,-15,-4,-18,-16,-10,-19,4,-11,16,4,19,16,11,18,-2,10,-12,4,-4,-6,-8,-8,-2,-5,0,-4,1,-3,2,-3,4,0,0,2,8,8,5,11,0,10,-7,4,-13,-4,-14,-25,12,-16,0,-13,12,-2,18,9,16,17,5,16,-7,7,-16,-7,-16,-16,-6,-16,7,-4,16,8,14,16,2,26,-18,0,-14,-12,-7,-11,5,0,12,11,7,12,-4,3,-13]"
CSI_DATA,113372,d8:b1:90:d9:de:f0,-59,11,-99,-38,61,56,1690754483,100,0,228,0,"[18,2,19,2,19,2,18,2,17,1,15,0,14,0,64,-4,9,-1,7,-2,5,-1,4,0,2,0,2,0,0,1,-1,1,-2,2,-4,2,-4,2,-6,3,-8,2,41,4,-11,0,-12,-1,-14,-2,-15,-4,-16,-6,-16,-8,0,0,-17,-11,-18,-13,-18,-14,-18,-15,-19,-16,-18,-15,-32,9,-17,-12,-16,-10,-14,-7,-12,-4,-10,-2,-7,0,-4,2,-2,4,0,6,2,7,5,8,8,8,10,9,-64,0,14,10,16,9,15,9,14,8,13,7,11,6,8,4,-4,2,-2,2,-2,2,-3,4,0,8,6,7,12,0,20,-10,0,-14,-10,-10,-16,1,-10,12,2,16,15,9,18,-4,9,-16,-5,-18,-16,-8,-17,5,-8,14,2,14,0,9,10,0,6,-4,3,-5,1,-5,0,-6,-4,-5,0,0,-9,2,-8,7,-1,12,6,11,12,6,13,-3,-9,-25,0,-15,-10,-12,-16,-3,-15,8,-5,16,7,16,16,6,16,-6,6,-16,-8,-14,-15,-3,-12,9,0,15,22,18,12,-3,4,-10,-7,-8,-10,3,-2,11,9,8,12,-2]"
CSI_DATA,113373,d8:b1:90:d9:de:f0,-58,11,-99,-36,60,56,1690774905,100,0,228,0,"[18,5,19,6,19,6,19,6,17,5,16,4,14,3,67,-4,9,2,8,1,6,0,4,0,2,0,1,0,0,1,0,1,-2,0,-4,0,-6,0,-7,-2,-8,-3,43,4,-9,-7,-9,-9,-9,-12,-8,-14,-7,-17,-5,-19,0,0,-2,-23,-1,-24,0,-26,1,-26,2,-26,2,-26,38,0,2,-23,0,-20,0,-16,0,-14,-2,-10,-4,-7,-4,-3,-5,0,-6,2,-7,4,-7,7,-7,10,-7,12,87,10,-7,16,-8,16,-8,17,-8,16,-7,14,-6,11,-5,9,-5,0,-3,2,-4,2,-4,4,-2,8,4,9,11,4,24,-3,4,-14,-7,-14,-16,-4,-15,8,-4,18,9,16,19,4,17,-11,4,-20,-10,-17,-18,-4,-16,7,-6,14,-4,7,9,7,9,0,6,-2,4,-3,4,-4,2,-7,0,0,-7,-7,-10,-1,-10,4,-6,12,2,14,11,10,19,-22,14,-7,7,-16,-4,-17,-14,-10,-19,2,-12,14,0,19,13,13,17,0,12,-13,0,-17,-13,-10,-16,3,-15,28,5,13,13,2,7,-9,-4,-11,-12,-1,-8,9,2,13]"
CSI_DATA,113374,d8:b1:90:d9:de:f0,-58,11,-99,-36,60,56,1690793914,100,0,228,0,"[-16,7,-18,7,-19,7,-18,8,-16,8,-14,7,-12,7,67,-4,-8,5,-7,4,-5,4,-4,3,-2,2,-2,1,-1,0,0,0,1,0,2,-1,4,-2,6,-2,8,-1,43,4,11,0,13,2,14,4,15,6,16,9,16,12,0,0,16,15,16,17,16,19,16,20,16,20,15,20,-26,0,14,18,12,15,11,12,10,9,9,5,8,2,6,0,6,-3,4,-6,3,-8,2,-10,0,-12,0,-14,-4,10,-2,-17,-2,-18,-3,-18,-3,-16,-2,-16,-2,-13,-1,-10,3,-3,2,-3,2,-4,0,-6,-4,-7,-10,-3,-12,4,-16,19,6,14,15,5,15,-7,6,-16,-8,-16,-19,-5,-17,9,-5,19,10,17,19,5,17,-9,6,-16,-5,-15,-2,-6,-10,2,-5,5,-2,4,0,4,0,4,2,4,0,0,9,1,9,-4,5,-9,-2,-13,-9,-9,-15,-2,0,28,-7,15,5,16,14,10,19,-1,13,-14,0,-19,-12,-14,-18,0,-12,12,0,17,12,12,16,-1,9,-13,-6,-30,-13,-4,-11,7,0,12,11,5,10,-7,0,-13,-11,-9]"
CSI_DATA,113375,d8:b1:90:d9:de:f0,-59,11,-99,-36,60,56,1690803958,100,0,228,0,"[-16,-9,-17,-9,-17,-9,-17,-8,-16,-7,-14,-6,-13,-4,67,-4,-9,-2,-8,-1,-7,0,-4,0,-4,0,-2,0,-1,0,0,0,2,0,3,0,4,1,6,2,7,3,43,4,9,7,9,9,9,12,9,14,9,16,8,18,0,0,6,21,6,24,6,24,4,26,4,26,5,24,83,0,5,21,5,19,6,15,6,12,7,8,7,5,7,2,7,0,6,-4,4,-7,4,-9,3,-12,2,-14,11,0,0,-17,0,-19,0,-19,0,-18,0,-16,0,-13,0,-10,4,0,3,0,4,-1,5,-3,3,-8,-3,-9,-11,-4,-25,0,-6,13,6,14,16,6,16,-7,5,-17,-9,-16,-19,-4,-16,11,-3,20,11,16,19,3,15,-9,4,-14,2,-7,-9,-4,-8,1,-4,3,-2,3,-2,3,0,5,0,0,6,5,10,0,9,-7,4,-12,-4,-13,-12,-8,-11,25,-12,12,-2,17,9,14,18,4,16,-8,6,-18,-7,-16,-17,-6,-16,7,-4,16,9,14,16,2,12,-11,1,-31,-12,-8,-12,4,-1,12,10,7,12,-4,2,-13,-9,-9]"
CSI_DATA,113376,d8:b1:90:d9:de:f0,-59,9,-99,-37,60,56,1690814500,343,0,106,0,"[-37,10,52,0,-14,10,32,0,26,10,10,0,76,10,-9,10,-72,10,-8,10,-38,10,-5,10,-6,10,4,0,24,0,10,0,61,0,9,0,-91,0,-2,10,-61,0,-35,10,-36,0,-81,10,-18,0,63,10,0,0,0,0,-17,0,-22,10,-15,0,-50,10,-22,0,-46,10,-29,0,-12,10,-51,0,53,10,-77,0,-53,10,71,0,17,0,30,0,76,0,-10,10,-67,0,-56,10,-32,0,88,10,-12,0,68,10,-10,0,85,10]"
CSI_DATA,113377,d8:b1:90:d9:de:f0,-58,11,-99,-37,60,56,1690834046,100,0,228,0,"[5,18,6,19,7,20,7,18,7,17,6,15,6,13,69,-5,5,8,5,6,3,5,2,4,1,2,1,1,0,0,-1,0,-2,-1,-3,-2,-4,-4,-3,-6,-3,-8,45,4,-2,-12,0,-14,0,-15,2,-17,5,-18,7,-18,0,0,11,-21,13,-21,16,-21,16,-21,17,-21,16,-20,35,0,14,-18,12,-16,9,-14,6,-12,3,-10,0,-8,-2,-5,-4,-3,-6,-1,-8,0,-10,2,-11,5,-12,7,33,10,-14,10,-15,11,-15,11,-14,11,-13,10,-10,8,-8,5,-3,-3,-3,-2,-3,-2,-5,0,-8,4,-4,9,4,11,18,16,14,-5,5,-15,-8,-16,-17,-5,-16,9,-5,18,10,17,20,5,17,-10,4,-20,-10,-16,-18,-5,-14,6,-9,2,2,10,6,6,5,2,5,0,5,-1,5,-4,0,0,-1,-10,-7,-8,-12,-1,-12,5,-7,13,2,15,29,-8,17,1,15,-10,5,-18,-7,-17,-17,-8,-18,5,-9,16,5,18,16,8,17,-5,7,-16,-7,-15,-16,-4,-26,18,0,14,10,8,11,-5,0,-11,-10,-6,-12,6,-2,13]"
CSI_DATA,113378,d8:b1:90:d9:de:f0,-59,11,-99,-35,60,56,1690844043,100,0,228,0,"[0,-19,1,-20,2,-20,2,-19,2,-18,1,-16,1,-13,66,-4,0,-10,0,-8,0,-6,0,-4,0,-2,0,-1,0,0,0,1,0,2,0,4,-1,5,-2,6,-4,7,42,4,-8,6,-11,5,-13,4,-15,2,-17,0,-19,-2,0,0,-21,-7,-21,-9,-22,-11,-22,-13,-21,-15,-19,-15,-34,9,-16,-14,-15,-12,-13,-10,-11,-7,-10,-4,-8,-1,-6,1,-5,3,-4,6,-2,8,0,11,0,12,0,14,8,0,2,17,2,18,3,18,2,17,2,15,1,13,0,10,2,4,2,2,2,2,4,3,7,1,8,-4,4,-11,-4,-24,-14,-4,-13,6,-4,15,7,15,17,5,16,-8,6,-19,-8,-17,-19,-6,-17,7,-8,17,4,16,13,8,5,6,8,-6,2,-7,0,-6,-1,-5,-2,-4,-4,-4,0,0,-8,4,-5,8,0,11,6,10,13,4,14,-3,-8,-26,2,-15,-7,-14,-15,-6,-17,4,-11,14,1,17,13,13,17,0,13,-12,0,-17,-12,-13,-17,0,-11,13,4,32,13,7,12,-5,1,-12,-8,-6,-11,4,-3,13,8,10]"
CSI_DATA,113379,d8:b1:90:d9:de:f0,-59,11,-99,-36,60,56,1690854806,100,0,228,0,"[-10,-14,-10,-16,-10,-16,-9,-16,-9,-14,-8,-14,-7,-12,67,-4,-5,-8,-4,-7,-3,-5,-2,-4,-2,-2,0,-2,0,-1,0,0,0,1,1,3,1,4,0,6,0,8,43,4,-4,12,-7,12,-9,12,-11,12,-14,12,-16,11,0,0,-21,9,-23,7,-24,6,-25,4,-25,3,-25,2,89,9,-21,0,-19,1,-16,1,-14,2,-10,2,-7,4,-4,4,-1,6,0,6,3,7,5,8,7,9,9,10,88,0,12,12,12,13,13,12,12,13,10,12,8,10,5,9,4,2,4,1,4,1,6,0,7,-5,2,-10,-5,-11,-19,-14,-14,6,-5,14,7,15,16,6,16,-7,7,-17,-7,-18,-18,-7,-19,7,-8,18,4,19,14,9,16,-1,7,0,1,-10,-4,-7,-4,-3,-4,-1,-4,-1,-4,0,0,0,-4,7,0,9,6,9,12,4,14,-3,10,-12,-23,-15,-9,-14,-17,-5,-17,6,-9,16,2,19,14,12,18,0,12,-13,0,-17,-12,-12,-16,0,-11,12,1,15,23,19,12,-3,4,-12,-7,-9,-11,1,-4,11,6,11,13,2]"
CSI_DATA,113380,d8:b1:90:d9:de:f0,-58,11,-99,-36,60,56,1690865068,100,0,228,0,"[0,19,0,20,-1,20,0,19,0,18,0,16,0,14,67,-4,0,9,0,8,0,7,0,4,0,3,0,2,-1,0,-1,0,-1,-2,0,-4,0,-5,1,-7,2,-8,43,4,7,-10,9,-9,12,-9,14,-8,17,-7,19,-4,0,0,23,-2,24,0,26,1,26,2,26,4,26,4,72,0,22,5,19,4,16,3,14,1,11,0,7,-2,4,-4,2,-4,0,-6,-2,-7,-4,-9,-7,-10,-8,-11,-66,10,-12,-12,-13,-13,-13,-13,-12,-12,-10,-12,-8,-10,-6,-8,-2,-4,-2,-2,-3,-3,-4,-2,-8,0,-8,7,-1,12,8,23,14,2,12,-9,2,-16,-11,-14,-19,-2,-14,12,-2,20,13,16,20,2,16,-12,4,-19,-9,-15,-14,-5,-8,-4,-6,9,0,9,2,6,3,4,4,4,7,2,0,0,7,-7,2,-9,-4,-11,-11,-7,-14,0,-12,9,19,22,6,16,14,9,18,-1,13,-13,2,-19,-11,-15,-18,-4,-15,9,-3,17,9,15,17,3,14,-9,1,-16,-21,-23,-14,1,-5,11,6,10,12,0,5,-10,-6,-11,-13,-2]"
CSI_DATA,113381,d8:b1:90:d9:de:f0,-59,11,-99,-38,61,56,1690894184,100,0,228,0,"[13,-12,14,-13,14,-13,13,-13,12,-12,11,-11,9,-10,64,-4,6,-7,5,-6,4,-5,3,-3,2,-2,1,-1,0,0,0,1,0,2,-2,3,-3,4,-4,5,-6,5,41,4,-10,4,-12,3,-14,1,-16,0,-18,-1,-18,-4,0,0,-20,-8,-21,-10,-22,-11,-22,-12,-21,-13,-20,-13,-36,9,-18,-12,-16,-10,-14,-7,-12,-4,-10,-2,-7,0,-5,2,-3,4,-1,6,0,8,2,9,4,10,6,12,56,0,9,14,10,14,10,14,10,13,8,12,6,10,4,8,-1,4,0,4,0,4,2,5,6,4,10,0,9,-8,8,-21,-9,-10,-15,0,-11,11,0,16,12,12,18,-1,12,-14,-1,-19,-14,-13,-19,0,-12,13,0,16,9,12,4,8,10,-4,4,-6,0,-6,-1,-5,-2,-4,-4,-4,0,0,-8,2,-6,8,0,12,6,10,12,5,14,-4,-10,-25,0,-16,-10,-13,-17,-4,-16,8,-6,16,6,16,16,8,16,-5,7,-15,-6,-16,-14,-6,-14,6,-4,14,16,25,13,0,7,-9,-4,-10,-10,-1,-6,9,4,11,12,3]"
CSI_DATA,113382,d8:b1:90:d9:de:f0,-59,11,-99,-37,61,56,1690905795,100,0,228,0,"[16,-6,18,-6,18,-5,17,-5,16,-5,14,-5,12,-3,62,-4,8,-3,7,-2,5,-1,3,-1,3,0,1,0,0,0,0,1,-2,1,-3,2,-5,1,-7,1,-8,0,40,3,-11,-3,-11,-5,-11,-7,-11,-10,-11,-12,-10,-14,0,0,-8,-20,-7,-22,-5,-23,-4,-24,-3,-24,-2,-24,47,0,-1,-21,-1,-18,-1,-16,-1,-12,-3,-9,-3,-5,-4,-3,-5,0,-5,2,-5,5,-6,7,-6,9,-6,11,62,9,-7,15,-7,16,-7,15,-7,14,-7,12,-6,11,-5,7,-3,3,-1,3,-1,3,0,5,3,7,9,3,11,-3,17,-14,-3,-13,-12,-7,-14,3,-8,14,3,16,15,9,18,-4,9,-16,-4,-18,-15,-11,-17,1,-11,12,0,14,-2,9,9,3,7,-1,5,-3,3,-4,1,-5,0,-7,0,0,-8,-3,-11,1,-9,7,-3,12,5,12,12,7,12,-24,12,-10,3,-16,-7,-15,-14,-7,-17,3,-10,14,1,17,12,11,16,0,11,-12,-1,-16,-12,-9,-14,2,-14,25,5,12,11,2,7,-7,-3,-10,-10,-1,-7,9,1,12]"
CSI_DATA,113383,d8:b1:90:d9:de:f0,-58,11,-99,-36,60,56,1690916424,100,0,228,0,"[-7,17,-7,19,-8,19,-8,18,-7,16,-6,14,-4,12,67,-4,-3,9,-2,7,-2,6,-2,4,-1,2,-1,2,0,0,0,-1,0,-3,1,-4,2,-4,3,-7,5,-7,43,4,10,-7,12,-6,14,-4,16,-3,19,-1,20,0,0,0,23,5,24,7,24,9,24,11,24,12,22,12,57,0,19,11,18,9,15,7,13,4,10,2,7,0,5,-2,2,-4,1,-7,0,-7,-2,-10,-4,-11,-6,-13,-60,10,-9,-15,-10,-15,-10,-15,-9,-15,-8,-14,-6,-12,-4,-9,0,-5,-2,-4,-2,-4,-4,-4,-7,-1,-9,4,-5,12,0,24,14,7,15,-4,7,-15,-5,-16,-16,-7,-18,7,-8,18,7,19,19,9,19,-6,9,-17,-3,-16,-12,-9,-5,-7,-9,7,-3,7,0,6,2,5,3,4,5,4,0,0,8,-4,5,-9,-1,-13,-8,-10,-14,-4,-14,4,12,25,1,16,12,12,18,3,16,-9,6,-18,-7,-18,-17,-8,-17,5,-8,16,5,16,16,7,15,-6,5,-14,-15,-26,-14,-1,-8,9,4,11,11,2,7,-9,-4,-12,-12,-4]"
CSI_DATA,113384,d8:b1:90:d9:de:f0,-59,11,-99,-39,61,56,1690927314,100,0,228,0,"[-7,16,-8,17,-8,17,-8,17,-7,16,-6,14,-6,12,66,-4,-3,8,-2,7,-2,5,-1,4,-1,2,-1,1,0,0,0,-1,0,-2,1,-4,2,-5,4,-5,5,-6,42,4,9,-6,12,-4,14,-3,15,-1,17,0,19,2,0,0,21,6,22,8,22,10,22,12,21,13,20,13,33,0,17,12,16,10,14,8,12,5,9,3,7,0,5,-2,3,-4,2,-6,0,-8,-1,-10,-3,-11,-5,-13,-37,10,-7,-15,-8,-16,-8,-16,-7,-15,-6,-13,-4,-11,-3,-8,0,-4,-1,-3,-2,-3,-3,-4,-7,-2,-9,3,-6,11,0,24,12,7,15,-3,8,-14,-4,-16,-15,-8,-17,5,-9,17,5,19,17,9,19,-4,10,-15,-2,-17,-11,-10,-4,-6,-8,5,-3,7,0,6,1,4,2,4,5,4,0,0,8,-3,6,-8,0,-11,-7,-10,-12,-4,-13,4,10,25,0,15,9,13,16,4,16,-6,8,-15,-4,-17,-15,-9,-17,3,-9,14,3,17,14,8,15,-4,6,-14,-12,-28,-13,-3,-8,8,2,11,10,2,8,-8,-2,-12,-11,-5]"
CSI_DATA,113385,d8:b1:90:d9:de:f0,-59,11,-99,-38,61,56,1690937919,100,0,228,0,"[-16,-6,-18,-8,-18,-8,-17,-7,-16,-6,-14,-6,-12,-4,64,-4,-9,-2,-7,-2,-6,-1,-4,-1,-2,-1,-1,0,0,0,1,0,2,0,4,0,6,2,6,2,6,4,41,4,7,9,6,11,5,14,4,16,2,18,0,19,0,0,-3,22,-5,22,-6,23,-8,24,-8,23,-8,23,42,10,-8,20,-6,18,-4,15,-2,12,0,10,1,7,3,4,4,2,6,0,8,-2,9,-4,10,-6,11,-8,-38,0,12,-12,13,-12,13,-12,13,-11,12,-10,9,-8,7,-6,5,0,4,-1,4,-1,4,-4,2,-7,-4,-9,-11,-4,-24,0,-6,12,5,14,15,6,16,-6,7,-16,-6,-17,-18,-7,-18,7,-8,18,6,18,16,8,16,-4,9,-12,6,-6,-6,-8,-7,-2,-6,0,-4,1,-4,3,-3,6,0,0,5,8,10,4,11,-2,9,-9,2,-13,-6,-12,-22,15,-15,2,-10,12,-1,17,10,14,17,4,16,-8,6,-16,-7,-16,-16,-6,-15,7,-4,15,8,14,16,2,23,-20,0,-13,-11,-6,-10,5,0,11,10,6,11,-6,2,-13]"
CSI_DATA,113386,d8:b1:90:d9:de:f0,-58,11,-99,-36,60,56,1690954028,100,0,228,0,"[5,17,5,19,5,19,5,19,4,16,4,15,4,13,67,-4,3,9,2,7,2,5,1,4,0,3,0,2,0,0,-1,-1,-2,-2,-2,-3,-2,-4,-2,-7,0,-8,43,4,2,-12,4,-13,7,-13,9,-14,12,-14,14,-14,0,0,19,-13,21,-13,23,-12,24,-11,24,-11,24,-9,70,0,20,-8,18,-7,14,-7,11,-7,7,-5,4,-5,1,-4,-2,-4,-4,-4,-7,-3,-9,-3,-12,-2,-14,-2,27,10,-17,0,-18,0,-18,0,-18,0,-16,0,-13,-1,-10,-1,-3,-4,-4,-2,-4,-2,-7,0,-8,4,-4,10,4,12,16,18,14,-4,7,-14,-4,-16,-16,-7,-17,6,-8,17,6,18,18,9,19,-5,9,-17,-4,-19,-14,-9,-15,2,-9,0,-1,10,3,8,4,4,4,2,5,0,6,-2,0,0,2,-9,-3,-10,-9,-7,-13,0,-12,8,-4,15,27,7,14,9,18,0,13,-12,2,-19,-11,-16,-18,-4,-16,9,-5,17,8,16,16,4,14,-8,3,-16,-9,-12,-31,-2,-8,10,3,12,11,2,7,-8,-4,-11,-12,-2,-9,9]"
CSI_DATA,113387,d8:b1:90:d9:de:f0,-59,11,-99,-39,61,56,1690964134,100,0,228,0,"[8,16,8,17,8,17,8,17,8,15,7,13,6,11,66,-4,5,8,4,6,4,4,2,4,1,2,0,1,0,0,-1,0,-2,-1,-2,-2,-3,-4,-4,-5,-4,-6,42,4,-2,-11,-1,-13,0,-14,2,-15,3,-17,6,-18,0,0,9,-19,11,-20,12,-21,13,-21,14,-21,13,-20,13,0,11,-18,10,-16,6,-15,4,-12,1,-9,0,-7,-2,-4,-4,-2,-6,0,-8,2,-9,4,-10,6,-11,8,38,10,-13,12,-12,13,-12,13,-11,13,-10,11,-8,8,-6,7,-3,-2,-3,-1,-4,-1,-6,0,-6,4,-3,9,5,11,19,14,13,-6,4,-15,-8,-14,-16,-3,-14,10,-2,18,11,15,19,2,15,-11,2,-19,-11,-14,-16,-3,-13,7,-8,2,2,10,6,5,6,1,5,0,5,-2,5,-4,0,0,-2,-8,-8,-6,-11,0,-10,6,-4,12,4,13,24,-10,16,0,13,-10,3,-17,-8,-15,-17,-6,-17,7,-6,17,6,16,15,6,15,-6,4,-15,-8,-13,-15,-2,-22,20,1,13,11,5,9,-6,-2,-11,-11,-4,-11,7,0,13]"
CSI_DATA,113388,d8:b1:90:d9:de:f0,-59,11,-99,-36,60,56,1690984226,100,0,228,0,"[12,13,13,15,13,14,12,14,12,14,10,12,9,10,67,-4,7,7,5,5,4,4,2,3,2,2,0,1,0,0,-1,0,-2,0,-3,-2,-4,-3,-4,-5,-3,-7,43,4,-2,-12,0,-13,2,-14,4,-16,7,-16,9,-17,0,0,14,-18,16,-17,18,-17,20,-16,21,-16,21,-15,66,0,18,-12,16,-12,13,-10,9,-9,6,-7,3,-7,0,-6,-2,-4,-5,-3,-7,-2,-9,-2,-12,0,-14,0,24,10,-17,1,-18,2,-18,2,-18,2,-16,1,-13,0,-10,0,-4,-2,-4,-1,-4,0,-6,2,-6,7,0,11,8,9,23,10,12,-9,2,-16,-10,-13,-17,-1,-14,12,-1,19,12,15,20,1,16,-12,2,-19,-11,-16,-17,-4,-14,7,-8,2,2,11,5,6,5,2,5,0,5,0,6,-2,0,0,0,-10,-5,-9,-12,-4,-12,3,-9,11,0,15,29,0,16,6,16,-4,10,-15,-1,-18,-13,-13,-19,-1,-14,12,-2,18,11,14,17,2,13,-11,0,-16,-11,-11,-31,2,-7,12,4,11,12,1,6,-9,-4,-11,-12,-2,-9,9]"
CSI_DATA,113389,d8:b1:90:d9:de:f0,-59,11,-99,-39,61,56,1691004115,100,0,228,0,"[-1,17,-2,19,-3,18,-3,17,-2,17,-2,15,-2,13,66,-4,-1,10,0,8,0,6,0,5,0,4,0,2,0,1,0,0,0,0,2,-2,2,-3,4,-4,6,-4,42,4,10,-3,11,-2,14,0,15,0,17,3,18,5,0,0,19,9,19,11,19,13,19,15,18,16,17,16,9,0,15,15,14,13,12,11,11,8,9,5,8,2,7,0,6,-2,5,-5,4,-7,4,-9,3,-12,2,-13,43,0,2,-17,2,-18,2,-17,2,-17,2,-15,3,-13,3,-10,0,-4,-1,-3,-2,-4,-4,-4,-8,-1,-9,5,-4,12,4,24,14,4,14,-6,6,-15,-7,-15,-17,-6,-17,8,-6,17,7,18,18,8,18,-6,8,-16,-4,-17,-13,-8,-4,-3,-8,7,-1,7,1,5,2,3,1,3,2,3,0,0,8,0,7,-5,2,-10,-4,-11,-11,-8,-15,0,4,26,-4,15,6,15,15,8,17,-3,11,-13,0,-17,-12,-13,-17,-1,-13,11,-1,17,11,13,16,1,11,-11,1,-30,-11,-7,-12,4,-2,12,8,8,12,-2,6,-12,-6,-11]"
CSI_DATA,113390,d8:b1:90:d9:de:f0,-58,11,-99,-34,59,56,1691025324,100,0,114,0,"[13,11,13,12,13,14,12,15,12,15,11,15,10,14,10,14,10,13,10,13,10,13,9,12,10,13,11,13,11,14,11,15,13,15,13,16,14,17,15,17,15,18,16,19,15,18,15,19,14,20,13,20,12,20,12,20,0,0,11,20,10,20,10,21,9,21,9,21,8,22,8,21,8,23,8,23,8,23,7,22,6,20,6,20,5,19,5,19,5,20,4,19,4,19,4,20,3,20,3,21,2,23,2,23,0,23,0,23,-1,21,-2,21,-4,18]"
CSI_DATA,113391,d8:b1:90:d9:de:f0,-59,9,-99,-40,61,56,1691040292,98,0,106,0,"[-86,0,20,0,77,0,1,0,48,0,-33,0,20,0,-77,0,9,0,65,0,6,0,31,0,8,0,-4,10,5,0,-38,10,-6,10,-70,10,-28,10,87,10,-73,10,77,10,50,10,83,10,4,10,-79,10,0,0,0,0,-74,9,-22,10,78,9,0,10,82,9,12,0,-67,9,4,0,-9,9,-15,10,66,10,-34,10,-38,10,-50,10,30,0,-67,10,87,0,-65,10,-37,0,-63,10,7,0,-53,10,15,0,-53,10,-14,0]"
CSI_DATA,113392,d8:b1:90:d9:de:f0,-58,11,-99,-36,60,56,1691054200,100,0,114,0,"[16,2,16,3,16,4,16,5,18,4,18,4,16,4,16,4,15,2,15,2,15,2,16,2,15,1,16,1,17,0,18,1,19,0,20,0,20,0,21,0,22,0,23,-1,24,0,24,-1,22,0,22,0,22,0,22,0,0,0,22,0,22,0,21,0,22,0,22,0,22,1,22,0,23,0,22,0,21,0,21,0,21,0,20,0,19,0,18,0,18,0,18,0,19,0,19,0,20,0,21,0,21,0,22,1,22,1,21,2,21,3,19,3,18,4]"
CSI_DATA,113393,d8:b1:90:d9:de:f0,-58,11,-99,-34,59,56,1691064360,100,0,114,0,"[-15,-8,-16,-8,-15,-10,-15,-10,-17,-10,-16,-9,-16,-9,-14,-8,-14,-7,-14,-7,-14,-6,-15,-5,-16,-5,-16,-4,-17,-3,-18,-3,-19,-2,-20,-2,-21,-2,-22,-1,-23,-1,-24,0,-25,0,-25,0,-24,0,-24,0,-23,0,-23,0,0,0,-23,0,-23,0,-23,0,-24,0,-23,0,-24,0,-23,0,-24,1,-23,2,-23,2,-22,2,-21,2,-20,3,-19,3,-19,3,-18,4,-18,4,-17,5,-18,5,-20,5,-20,5,-21,5,-22,5,-22,5,-21,4,-20,3,-20,2,-18,2]"
CSI_DATA,113394,d8:b1:90:d9:de:f0,-58,11,-99,-37,60,56,1691084274,100,0,114,0,"[13,-9,16,-8,16,-8,16,-7,17,-7,16,-6,16,-5,15,-5,14,-7,14,-6,13,-7,15,-7,14,-8,15,-8,16,-9,16,-9,17,-10,18,-11,18,-12,19,-13,19,-13,20,-13,20,-13,20,-13,21,-13,20,-13,19,-12,19,-11,0,0,19,-10,19,-10,19,-10,21,-10,21,-10,21,-10,21,-10,21,-10,20,-10,20,-10,19,-10,19,-10,18,-9,17,-9,16,-9,17,-9,17,-8,17,-9,18,-8,18,-8,20,-8,20,-8,21,-8,22,-8,22,-7,21,-5,21,-5,18,-3]"
CSI_DATA,113395,d8:b1:90:d9:de:f0,-58,11,-99,-36,60,56,1691104212,100,0,114,0,"[-15,2,-16,2,-17,0,-16,0,-19,0,-18,0,-17,0,-16,0,-15,0,-15,0,-14,0,-15,0,-15,0,-16,0,-17,0,-18,0,-18,0,-20,-1,-21,-1,-22,-1,-22,-1,-23,-2,-23,-2,-24,-2,-22,-3,-21,-4,-21,-4,-21,-4,0,0,-20,-6,-21,-7,-20,-7,-21,-8,-19,-8,-20,-9,-19,-9,-20,-10,-19,-9,-19,-10,-18,-9,-18,-10,-17,-10,-16,-9,-16,-10,-15,-10,-15,-10,-14,-10,-15,-11,-15,-13,-15,-13,-15,-14,-15,-16,-14,-16,-13,-16,-12,-16,-10,-16,-8,-16]"
CSI_DATA,113396,d8:b1:90:d9:de:f0,-58,11,-99,-36,60,56,1691114493,100,0,114,0,"[16,0,17,0,17,2,18,2,18,2,18,3,16,3,16,3,15,2,15,2,14,2,15,2,15,2,16,1,17,1,18,1,19,1,20,1,21,0,21,1,23,1,24,1,23,2,24,1,22,2,22,2,22,3,21,4,0,0,21,4,21,4,21,4,21,5,22,6,21,7,21,7,21,7,20,6,19,6,19,6,20,7,19,6,19,6,18,6,19,6,17,6,18,6,18,7,19,8,19,8,20,9,19,10,19,11,19,12,17,12,15,12,14,12]"
CSI_DATA,113397,d8:b1:90:d9:de:f0,-58,11,-99,-37,60,56,1691134270,100,0,114,0,"[16,-3,18,-3,18,-2,18,-2,19,-2,18,-3,18,-2,16,-3,16,-5,16,-5,15,-5,15,-6,14,-8,14,-8,15,-10,16,-10,15,-12,16,-13,16,-15,16,-16,16,-16,16,-18,15,-18,15,-18,14,-18,13,-18,13,-18,13,-18,0,0,13,-18,12,-18,11,-18,11,-19,10,-20,10,-20,10,-20,10,-21,9,-21,8,-21,7,-21,6,-21,5,-20,5,-20,4,-18,3,-18,2,-18,2,-19,2,-19,2,-20,2,-21,2,-22,2,-22,2,-23,2,-23,3,-21,2,-20,3,-18]"
CSI_DATA,113398,d8:b1:90:d9:de:f0,-58,11,-99,-36,60,56,1691147716,100,0,114,0,"[16,4,16,6,16,8,15,9,16,9,16,9,14,10,13,10,13,9,12,10,12,8,12,9,13,9,14,9,14,9,14,9,14,10,16,10,17,12,17,12,18,13,18,14,16,16,17,14,16,16,16,15,15,16,14,16,0,0,12,17,13,16,12,16,12,18,12,19,10,19,10,19,9,21,10,19,9,20,9,19,8,19,7,17,7,17,7,16,7,16,6,16,5,17,4,17,4,19,3,19,3,20,2,21,2,21,0,21,-1,19,-2,19,-2,17]"
CSI_DATA,113399,d8:b1:90:d9:de:f0,-57,11,-99,-34,59,56,1691163935,100,0,114,0,"[15,-7,17,-6,19,-5,20,-3,20,-3,20,-2,19,-2,17,-1,17,-1,17,-2,17,-1,16,-1,17,-2,17,-2,18,-2,20,-2,20,-2,22,-2,23,-2,23,-2,24,-2,25,-1,25,-1,25,0,24,0,24,0,24,1,23,2,0,0,23,2,23,5,23,5,24,5,23,6,23,6,23,7,23,8,22,8,22,7,20,8,20,8,20,8,18,8,18,8,17,8,17,8,16,8,17,9,17,11,18,12,17,14,18,14,17,16,17,16,14,17,13,17,10,15]"
CSI_DATA,113400,d8:b1:90:d9:de:f0,-59,11,-99,-34,60,56,1691192159,100,0,114,0,"[-10,14,-11,14,-12,14,-12,13,-12,14,-12,13,-12,12,-10,12,-9,12,-8,12,-8,12,-8,13,-7,12,-6,13,-7,14,-7,15,-6,16,-7,18,-7,18,-7,20,-6,19,-6,20,-6,21,-6,21,-6,21,-6,20,-6,20,-6,20,0,0,-6,19,-6,19,-6,18,-7,20,-6,20,-6,21,-6,20,-5,21,-5,20,-4,20,-4,18,-4,18,-3,18,-3,17,-3,17,-2,17,-3,17,-2,17,-2,18,-2,18,-2,20,-3,20,-3,20,-4,20,-4,20,-5,19,-5,17,-6,16]"
CSI_DATA,113401,d8:b1:90:d9:de:f0,-58,11,-99,-37,60,56,1691204122,100,0,114,0,"[-16,2,-18,2,-18,0,-19,0,-19,0,-18,0,-18,0,-17,-1,-16,0,-16,0,-16,0,-16,0,-16,0,-16,0,-17,0,-18,0,-20,1,-21,0,-22,1,-23,1,-24,1,-24,1,-24,0,-24,0,-23,0,-23,0,-24,-1,-23,-2,0,0,-22,-2,-21,-2,-22,-3,-22,-4,-23,-5,-22,-5,-21,-5,-23,-6,-22,-5,-21,-5,-21,-5,-20,-5,-19,-5,-18,-5,-18,-5,-18,-5,-17,-5,-17,-5,-18,-5,-19,-7,-19,-8,-20,-8,-20,-9,-20,-10,-19,-11,-18,-11,-16,-12,-13,-11]"
CSI_DATA,113402,d8:b1:90:d9:de:f0,-58,11,-99,-37,60,56,1691215285,100,0,114,0,"[4,-17,5,-17,7,-18,8,-17,9,-17,9,-16,9,-15,9,-14,8,-14,8,-13,8,-13,8,-13,8,-14,8,-14,8,-16,9,-16,8,-16,10,-18,10,-18,10,-20,10,-20,11,-21,12,-20,12,-20,13,-19,13,-18,13,-18,14,-17,0,0,14,-16,15,-16,15,-15,16,-16,16,-15,17,-16,17,-14,18,-14,18,-14,17,-13,17,-13,17,-12,16,-11,15,-10,16,-10,15,-10,16,-10,15,-10,16,-10,18,-10,18,-9,19,-9,21,-8,21,-8,22,-6,21,-5,20,-3,18,-2]"
CSI_DATA,113403,d8:b1:90:d9:de:f0,-58,11,-99,-37,60,56,1691234246,100,0,114,0,"[17,0,18,1,18,3,18,4,19,3,18,4,17,5,16,5,16,3,15,4,15,3,16,4,16,4,16,4,17,4,18,4,19,3,21,4,22,5,22,5,23,5,23,5,23,6,24,5,23,8,22,8,21,8,21,8,0,0,20,10,20,10,20,10,20,12,20,12,20,13,19,13,19,13,18,13,18,14,18,13,16,13,16,13,15,12,15,12,15,12,14,12,13,13,14,13,14,15,14,16,14,16,13,18,13,19,12,19,10,18,9,18,7,17]"
CSI_DATA,113404,d8:b1:90:d9:de:f0,-58,11,-99,-36,60,56,1691244228,100,0,114,0,"[15,-4,17,-2,18,-2,19,-2,19,0,19,0,17,0,16,0,16,-1,15,-1,15,-2,15,-2,15,-2,16,-2,17,-3,18,-4,19,-5,19,-4,21,-5,21,-6,22,-7,22,-6,22,-7,22,-6,21,-7,21,-7,22,-5,21,-6,0,0,21,-4,21,-4,21,-4,21,-4,23,-4,22,-4,22,-4,23,-4,22,-3,21,-4,21,-4,20,-3,19,-4,19,-4,18,-2,18,-3,16,-3,17,-3,18,-4,19,-3,20,-4,21,-2,21,-2,22,-1,22,0,21,0,20,0,19,2]"
CSI_DATA,113405,d8:b1:90:d9:de:f0,-58,11,-99,-36,60,56,1691263817,100,0,114,0,"[-6,-14,-6,-16,-5,-17,-4,-18,-3,-18,-2,-17,-2,-17,-2,-16,-3,-16,-2,-15,-2,-14,-2,-15,-3,-15,-3,-16,-4,-16,-3,-17,-4,-18,-4,-20,-4,-20,-4,-21,-5,-21,-5,-23,-5,-23,-4,-22,-4,-22,-3,-22,-2,-21,-2,-21,0,0,-1,-21,0,-21,0,-21,0,-21,0,-21,0,-22,0,-21,1,-23,1,-21,1,-21,1,-21,1,-20,2,-19,1,-19,2,-18,2,-18,2,-18,2,-18,2,-19,4,-19,4,-20,4,-21,5,-21,7,-21,8,-20,9,-19,9,-18,9,-14]"
CSI_DATA,113406,d8:b1:90:d9:de:f0,-58,11,-99,-34,59,56,1691274462,100,0,114,0,"[3,-17,4,-18,5,-19,6,-18,7,-19,7,-17,8,-17,8,-16,5,-16,6,-15,5,-15,5,-15,5,-16,5,-17,5,-17,5,-18,5,-19,6,-21,6,-22,7,-23,6,-23,6,-24,7,-23,7,-24,8,-23,8,-23,8,-22,8,-22,0,0,9,-21,9,-21,10,-21,11,-21,11,-21,11,-20,11,-20,12,-20,11,-20,11,-20,11,-19,10,-18,9,-17,10,-17,9,-17,10,-17,10,-16,11,-17,11,-16,11,-17,12,-17,13,-17,14,-17,15,-17,16,-17,16,-14,15,-13,14,-11]"
CSI_DATA,113407,d8:b1:90:d9:de:f0,-59,11,-99,-34,60,56,1691289032,100,0,114,0,"[12,-10,12,-10,14,-10,14,-10,14,-12,13,-11,12,-10,12,-10,10,-11,10,-11,9,-10,9,-12,8,-12,8,-13,8,-14,8,-15,7,-16,7,-18,7,-18,6,-20,6,-20,6,-22,5,-22,4,-22,4,-22,4,-21,4,-22,4,-21,0,0,3,-21,3,-20,2,-20,2,-21,2,-21,2,-22,1,-21,1,-22,0,-21,0,-20,-1,-20,-2,-19,-2,-18,-2,-18,-2,-17,-3,-17,-4,-16,-4,-16,-4,-17,-4,-18,-4,-18,-5,-19,-5,-19,-5,-21,-4,-21,-4,-20,-4,-18,-2,-17]"
CSI_DATA,113408,d8:b1:90:d9:de:f0,-58,11,-99,-34,59,56,1691304237,100,0,114,0,"[-6,16,-8,16,-8,16,-10,16,-11,17,-10,15,-11,14,-10,14,-8,14,-8,14,-8,14,-8,14,-8,14,-8,14,-8,16,-8,17,-8,17,-10,20,-9,20,-10,21,-11,21,-10,22,-11,22,-11,22,-11,21,-12,20,-12,20,-12,20,0,0,-13,19,-14,19,-13,18,-14,19,-14,18,-14,18,-14,18,-14,18,-14,17,-14,17,-14,16,-14,16,-13,16,-12,14,-13,14,-12,14,-13,14,-12,14,-13,14,-14,14,-14,15,-16,14,-17,15,-18,15,-19,14,-18,12,-18,11,-16,8]"
CSI_DATA,113409,d8:b1:90:d9:de:f0,-58,11,-99,-37,60,56,1691324380,100,0,114,0,"[16,0,18,0,18,1,19,2,18,1,18,1,18,1,17,0,16,0,16,0,16,-1,16,-2,16,-3,16,-4,17,-5,18,-5,18,-7,18,-7,20,-8,20,-10,21,-11,21,-11,21,-11,21,-12,20,-12,19,-12,19,-13,18,-13,0,0,18,-13,18,-12,18,-13,18,-13,18,-13,18,-13,18,-14,18,-15,17,-15,16,-16,15,-15,15,-16,13,-15,13,-15,12,-14,12,-14,11,-15,11,-16,11,-16,12,-16,11,-17,13,-18,13,-18,13,-19,13,-19,13,-18,13,-16,12,-13]"
CSI_DATA,113410,d8:b1:90:d9:de:f0,-58,11,-99,-36,60,56,1691344041,100,0,114,0,"[15,3,16,4,16,5,16,5,17,6,16,6,16,5,15,4,15,4,14,3,14,3,15,3,16,2,16,2,18,1,19,1,19,0,21,1,21,0,23,0,23,0,24,0,24,-1,24,-1,23,-1,22,-1,23,-1,22,-1,0,0,21,-1,22,0,22,0,23,0,22,0,23,-1,22,-1,23,-1,22,-1,22,-2,21,-2,21,-2,19,-2,19,-2,19,-2,19,-3,19,-3,19,-3,19,-4,19,-3,19,-4,21,-3,21,-3,22,-2,21,-2,20,-1,19,0,17,0]"
CSI_DATA,113411,d8:b1:90:d9:de:f0,-58,11,-99,-34,59,56,1691354349,100,0,114,0,"[11,-12,11,-14,14,-14,14,-14,14,-14,12,-14,13,-13,11,-12,10,-12,10,-13,9,-13,9,-14,8,-14,8,-15,7,-16,7,-18,6,-19,6,-21,6,-22,5,-23,5,-23,4,-24,4,-24,4,-25,4,-24,3,-23,3,-23,3,-24,0,0,2,-23,2,-23,2,-23,2,-25,2,-23,1,-23,1,-24,0,-24,0,-23,0,-23,0,-22,0,-21,-1,-21,-2,-20,-2,-20,-2,-19,-3,-19,-3,-19,-3,-19,-3,-20,-3,-20,-4,-21,-4,-22,-4,-23,-3,-23,-2,-22,-2,-20,-1,-18]"
CSI_DATA,113412,d8:b1:90:d9:de:f0,-58,11,-99,-36,60,56,1691373976,100,0,114,0,"[-3,15,-4,16,-4,16,-5,16,-5,17,-5,16,-5,16,-4,15,-3,16,-3,15,-3,15,-2,15,-2,15,-2,16,0,16,0,18,0,19,0,20,0,21,0,21,0,21,0,23,1,22,2,23,1,22,1,22,1,22,0,21,0,0,0,21,0,21,0,22,0,22,0,21,0,22,0,22,0,22,0,21,1,21,2,20,2,20,2,19,2,19,2,19,2,18,2,18,2,18,2,19,2,19,2,20,2,21,2,21,2,21,0,22,0,21,0,20,-1,19]"
CSI_DATA,113413,d8:b1:90:d9:de:f0,-58,11,-99,-36,60,56,1691384011,100,0,114,0,"[11,-11,12,-12,12,-12,12,-11,13,-12,12,-12,12,-12,11,-12,9,-12,9,-12,8,-12,8,-12,7,-14,7,-14,7,-15,7,-16,6,-17,6,-19,6,-19,4,-21,4,-21,4,-23,4,-22,3,-23,3,-22,3,-22,2,-21,2,-21,0,0,2,-21,1,-21,1,-21,1,-22,0,-22,0,-22,0,-21,0,-22,0,-22,-2,-21,-2,-21,-2,-19,-3,-19,-3,-18,-3,-17,-4,-18,-4,-17,-4,-17,-5,-18,-5,-19,-5,-19,-6,-20,-6,-20,-6,-21,-6,-21,-5,-20,-4,-19,-4,-17]"
CSI_DATA,113414,d8:b1:90:d9:de:f0,-58,11,-99,-34,59,56,1691394339,100,0,114,0,"[-14,8,-17,7,-17,6,-18,5,-19,5,-18,5,-17,4,-17,3,-15,4,-15,4,-15,4,-15,3,-15,4,-17,4,-17,5,-18,5,-19,5,-20,5,-21,5,-22,5,-23,6,-24,5,-24,5,-24,5,-24,3,-23,2,-23,2,-23,1,0,0,-23,0,-23,0,-23,0,-23,-1,-24,-2,-24,-2,-23,-2,-25,-2,-23,-3,-22,-4,-21,-3,-20,-4,-20,-4,-20,-4,-18,-4,-20,-4,-18,-4,-18,-5,-19,-5,-19,-6,-19,-8,-20,-8,-20,-10,-20,-11,-20,-12,-18,-13,-16,-13,-14,-13]"
CSI_DATA,113415,d8:b1:90:d9:de:f0,-58,11,-99,-37,60,56,1691414058,100,0,114,0,"[-15,-7,-16,-8,-16,-9,-15,-10,-16,-9,-16,-9,-16,-8,-15,-8,-15,-6,-14,-5,-14,-5,-15,-5,-16,-4,-16,-3,-18,-2,-19,-2,-19,-2,-21,-2,-21,-2,-23,0,-23,0,-25,0,-24,1,-24,1,-24,2,-24,1,-23,1,-23,2,0,0,-21,2,-22,2,-22,2,-23,2,-23,2,-23,3,-22,4,-23,4,-22,5,-21,5,-21,5,-20,5,-19,6,-18,6,-18,6,-18,6,-18,7,-18,7,-18,8,-18,8,-19,8,-20,9,-21,8,-21,9,-21,8,-20,8,-19,6,-18,5]"
CSI_DATA,113416,d8:b1:90:d9:de:f0,-58,11,-99,-37,60,56,1691434050,100,0,114,0,"[7,-15,8,-16,9,-16,10,-16,10,-16,10,-16,10,-15,9,-14,8,-14,8,-14,8,-14,7,-13,7,-15,7,-15,7,-16,7,-17,7,-19,7,-20,7,-21,7,-21,7,-22,7,-23,8,-22,8,-24,8,-22,8,-22,8,-22,8,-21,0,0,8,-21,8,-20,8,-21,9,-21,10,-21,10,-21,10,-21,10,-21,10,-21,9,-21,8,-20,8,-19,8,-18,7,-18,8,-17,8,-18,8,-18,8,-18,8,-18,9,-18,9,-19,10,-19,10,-19,12,-19,13,-18,13,-18,12,-16,12,-14]"
CSI_DATA,113417,d8:b1:90:d9:de:f0,-57,11,-99,-35,59,56,1691444344,100,0,114,0,"[15,-10,16,-9,17,-9,18,-8,18,-10,17,-10,16,-8,16,-9,14,-10,14,-9,13,-10,13,-10,13,-10,13,-11,13,-13,13,-13,14,-15,15,-16,15,-17,15,-18,15,-19,15,-20,15,-19,15,-20,14,-19,15,-19,15,-19,14,-18,0,0,14,-19,14,-18,14,-18,14,-19,14,-19,14,-19,14,-19,15,-20,14,-20,13,-20,12,-19,12,-18,11,-18,10,-17,10,-16,10,-17,10,-16,10,-17,10,-18,10,-19,11,-20,11,-20,12,-20,13,-20,13,-20,13,-19,13,-16,12,-15]"
CSI_DATA,113418,d8:b1:90:d9:de:f0,-58,11,-99,-37,60,56,1691464573,100,0,114,0,"[-2,-16,-2,-17,-1,-19,0,-19,0,-19,0,-18,2,-17,1,-16,0,-16,0,-16,0,-16,0,-16,0,-16,0,-16,0,-16,0,-18,0,-19,0,-21,0,-21,0,-22,0,-22,0,-23,0,-23,0,-24,1,-23,2,-21,2,-22,2,-22,0,0,4,-21,3,-21,5,-21,5,-22,5,-21,5,-21,5,-21,6,-21,6,-21,7,-21,7,-19,6,-20,7,-19,7,-18,6,-18,7,-18,7,-18,7,-18,8,-18,8,-18,9,-18,10,-19,11,-19,13,-19,14,-18,15,-17,14,-15,13,-12]"
CSI_DATA,113419,d8:b1:90:d9:de:f0,-58,11,-99,-36,60,56,1691483983,100,0,114,0,"[-15,-3,-16,-4,-16,-6,-16,-7,-16,-7,-15,-8,-14,-8,-13,-8,-13,-7,-13,-7,-13,-7,-13,-7,-12,-7,-14,-8,-14,-8,-14,-9,-16,-9,-16,-10,-17,-11,-18,-12,-19,-12,-19,-12,-19,-12,-19,-12,-19,-14,-17,-14,-16,-14,-15,-14,0,0,-14,-16,-14,-16,-14,-16,-13,-17,-12,-17,-12,-19,-13,-18,-12,-19,-12,-18,-11,-18,-10,-18,-10,-18,-9,-17,-9,-16,-8,-16,-7,-16,-7,-16,-7,-16,-7,-17,-7,-18,-6,-19,-5,-20,-4,-21,-2,-21,-2,-21,-1,-20,0,-19,2,-17]"
CSI_DATA,113420,d8:b1:90:d9:de:f0,-58,11,-99,-36,60,56,1691494851,100,0,114,0,"[-14,2,-16,2,-17,0,-17,0,-18,0,-16,-1,-16,-2,-15,-2,-15,-1,-15,-1,-15,-1,-15,-1,-15,-1,-16,-2,-17,-1,-18,-2,-19,-2,-19,-2,-21,-2,-21,-3,-21,-2,-23,-3,-23,-4,-23,-4,-22,-5,-21,-6,-21,-6,-21,-7,0,0,-20,-8,-19,-9,-19,-9,-19,-10,-19,-10,-19,-11,-19,-12,-18,-12,-18,-12,-17,-12,-16,-12,-16,-12,-15,-12,-14,-12,-14,-12,-14,-12,-13,-12,-13,-12,-13,-13,-13,-14,-13,-15,-13,-16,-13,-17,-12,-18,-10,-19,-9,-18,-7,-17,-5,-15]"
CSI_DATA,113421,d8:b1:90:d9:de:f0,-58,11,-99,-37,60,56,1691513892,100,0,114,0,"[16,-7,16,-6,18,-7,18,-6,17,-8,16,-8,16,-7,15,-8,13,-8,14,-8,13,-8,13,-10,12,-11,12,-12,12,-13,11,-13,11,-16,12,-17,12,-18,11,-19,10,-20,10,-21,10,-21,9,-22,9,-21,8,-21,8,-21,8,-21,0,0,7,-21,6,-21,6,-21,5,-22,5,-22,5,-22,4,-22,4,-24,3,-23,3,-22,1,-21,0,-21,0,-21,0,-19,0,-18,-1,-18,-1,-18,-2,-18,-2,-18,-2,-20,-3,-21,-4,-21,-3,-22,-3,-21,-2,-22,-2,-21,-2,-19,-2,-18]"
CSI_DATA,113422,d8:b1:90:d9:de:f0,-58,11,-99,-36,60,56,1691524279,100,0,114,0,"[-8,14,-9,14,-11,14,-12,14,-12,14,-12,13,-12,12,-11,12,-10,12,-11,12,-10,12,-10,11,-10,12,-11,12,-12,13,-12,14,-12,14,-13,16,-14,16,-14,17,-14,17,-15,18,-16,17,-16,17,-15,16,-16,15,-16,15,-16,14,0,0,-16,14,-17,13,-18,13,-18,12,-19,12,-19,12,-19,12,-20,12,-19,11,-19,11,-18,10,-18,9,-17,9,-17,9,-16,9,-17,8,-16,8,-16,7,-17,7,-19,7,-20,7,-21,7,-21,6,-21,4,-21,3,-21,2,-19,1,-19,0]"
CSI_DATA,113423,d8:b1:90:d9:de:f0,-58,11,-99,-36,60,56,1691534525,100,0,114,0,"[11,11,11,13,11,15,10,15,10,16,9,15,9,14,8,14,9,13,9,13,9,12,9,12,9,12,11,12,12,13,12,14,13,14,14,15,14,15,16,16,16,15,16,16,16,16,16,16,16,16,15,16,15,16,14,16,0,0,14,16,14,16,14,17,13,17,14,17,14,17,13,17,14,18,13,18,13,17,12,16,13,16,12,16,12,15,12,15,12,15,12,14,12,14,12,15,12,16,12,16,12,18,12,19,11,19,10,20,9,19,7,18,6,17]"
CSI_DATA,113424,d8:b1:90:d9:de:f0,-58,11,-99,-36,60,56,1691544592,100,0,114,0,"[10,12,10,14,10,16,10,16,10,16,9,15,9,15,9,14,9,13,9,12,9,11,10,12,10,12,12,11,13,11,14,12,15,12,16,12,16,12,19,12,18,12,19,12,20,12,20,12,19,12,19,11,19,12,19,11,0,0,19,12,19,12,18,11,19,12,19,11,20,12,20,10,19,10,19,9,19,9,19,9,19,8,19,7,17,6,17,7,17,6,17,6,17,6,18,6,18,6,19,6,19,7,20,7,20,8,19,8,18,8,17,9,15,9]"
CSI_DATA,113425,d8:b1:90:d9:de:f0,-58,11,-99,-37,60,56,1691564152,100,0,114,0,"[-15,-6,-16,-8,-16,-9,-16,-9,-17,-8,-17,-8,-15,-8,-15,-8,-15,-6,-14,-7,-14,-5,-14,-6,-15,-6,-15,-6,-16,-5,-17,-5,-19,-5,-19,-5,-22,-5,-21,-5,-22,-5,-23,-4,-22,-5,-23,-4,-22,-5,-23,-6,-22,-6,-21,-7,0,0,-22,-5,-21,-6,-22,-7,-21,-6,-22,-7,-22,-6,-21,-6,-23,-7,-22,-5,-21,-7,-21,-6,-20,-6,-19,-5,-18,-5,-18,-5,-18,-5,-17,-4,-18,-5,-18,-5,-19,-5,-19,-5,-20,-6,-20,-7,-21,-8,-20,-9,-19,-10,-17,-9,-16,-9]"
CSI_DATA,113426,d8:b1:90:d9:de:f0,-58,11,-99,-36,60,56,1691574583,100,0,114,0,"[-13,9,-14,9,-15,9,-16,9,-16,8,-16,8,-15,7,-14,7,-14,9,-13,9,-12,9,-12,9,-12,10,-12,10,-12,12,-13,12,-13,14,-14,14,-14,15,-14,16,-14,17,-14,17,-14,18,-14,17,-14,18,-14,18,-14,17,-13,17,0,0,-13,16,-14,16,-14,16,-14,17,-14,18,-14,18,-14,17,-14,19,-13,18,-12,18,-12,18,-11,16,-11,16,-10,16,-9,15,-9,16,-9,15,-9,16,-10,16,-10,17,-11,18,-11,18,-11,18,-12,18,-12,17,-13,16,-12,14,-12,13]"
CSI_DATA,113427,d8:b1:90:d9:de:f0,-58,11,-99,-37,60,56,1691595571,100,0,114,0,"[6,16,5,17,5,18,6,18,7,18,7,18,6,17,5,16,8,14,8,14,8,13,8,14,9,14,10,14,11,14,12,14,14,13,16,14,17,14,18,13,18,15,21,13,21,13,21,12,20,14,20,13,20,13,18,13,0,0,19,11,20,11,20,10,20,10,21,10,21,10,21,8,21,9,21,8,21,8,20,8,20,8,19,6,19,5,18,5,19,4,18,3,19,3,19,2,20,2,21,2,21,2,22,3,23,4,21,5,21,4,21,4,17,5]"
CSI_DATA,113428,d8:b1:90:d9:de:f0,-58,11,-99,-37,60,56,1691613758,100,0,114,0,"[17,-2,18,-2,18,0,18,0,21,0,18,0,18,0,16,1,16,0,16,0,16,0,16,0,16,0,17,0,18,0,18,0,19,0,22,-1,22,0,24,0,24,0,24,0,25,0,24,0,24,0,24,1,23,2,23,2,0,0,22,3,23,4,21,4,23,5,23,5,23,6,21,6,23,7,21,6,22,7,21,6,20,6,18,6,18,6,18,7,18,6,18,7,17,7,18,8,18,8,18,9,18,10,20,11,19,12,18,12,16,13,16,14,13,13]"
CSI_DATA,113429,d8:b1:90:d9:de:f0,-58,11,-99,-37,60,56,1691624834,100,0,114,0,"[13,10,13,12,13,13,12,14,13,14,12,14,10,14,10,13,10,13,10,13,10,12,10,13,10,13,11,13,12,13,12,13,13,14,14,16,15,16,15,17,15,18,16,18,16,19,16,19,13,19,13,19,13,19,12,19,0,0,9,20,10,19,9,20,9,21,9,21,8,21,8,21,7,23,7,21,6,21,6,21,6,20,5,19,5,18,4,18,4,18,3,18,2,18,2,19,2,20,2,21,1,21,0,22,0,22,-2,21,-2,21,-3,20,-5,18]"
CSI_DATA,113430,d8:b1:90:d9:de:f0,-58,11,-99,-36,60,56,1691644037,100,0,114,0,"[4,16,4,17,2,17,1,18,1,19,0,18,0,17,0,16,0,16,0,16,0,16,0,16,0,16,1,16,1,17,0,18,0,19,0,20,0,21,0,22,0,21,0,23,0,22,-1,23,-2,23,-3,22,-3,22,-4,22,0,0,-5,21,-6,21,-7,20,-8,21,-8,20,-9,20,-9,20,-9,20,-9,19,-9,19,-9,19,-9,17,-9,16,-9,15,-9,14,-10,14,-9,14,-10,14,-11,14,-12,15,-13,15,-14,15,-14,14,-16,14,-17,12,-17,11,-16,9,-15,7]"
CSI_DATA,113431,d8:b1:90:d9:de:f0,-58,11,-99,-33,59,56,1691654142,100,0,114,0,"[9,15,8,16,8,18,8,19,7,18,6,18,5,18,5,17,6,16,5,16,5,15,5,15,7,15,7,16,8,16,8,17,10,18,9,18,10,20,10,20,10,21,10,21,10,21,10,21,10,21,10,21,8,21,8,21,0,0,8,22,7,21,7,22,6,23,6,23,6,23,5,22,5,23,5,23,5,22,5,21,5,21,5,20,5,20,4,18,5,19,4,18,3,19,3,19,3,20,2,21,2,22,2,22,1,23,0,23,-1,22,-1,20,-2,18]"
CSI_DATA,113432,d8:b1:90:d9:de:f0,-58,11,-99,-37,60,56,1691674077,100,0,114,0,"[16,-1,18,0,18,0,19,0,19,0,18,0,18,0,16,-1,16,-2,16,-2,15,-3,16,-3,16,-5,16,-6,16,-7,17,-8,18,-10,18,-10,19,-11,19,-13,18,-13,18,-15,18,-15,18,-16,18,-15,17,-15,17,-15,17,-16,0,0,16,-16,16,-16,16,-16,16,-16,16,-17,15,-18,15,-18,14,-18,13,-18,12,-18,11,-17,10,-18,10,-17,9,-17,8,-16,8,-17,8,-16,6,-17,7,-18,7,-18,7,-20,7,-20,7,-21,8,-21,8,-21,8,-21,8,-18,8,-16]"
CSI_DATA,113433,d8:b1:90:d9:de:f0,-58,11,-99,-37,60,56,1691684315,100,0,114,0,"[0,17,0,18,0,19,-2,19,-2,18,-3,18,-4,17,-3,16,-2,16,-2,16,-2,15,-2,16,-2,16,-2,16,-2,17,-2,18,-2,20,-3,20,-3,21,-3,21,-3,23,-4,23,-4,23,-5,23,-5,22,-6,21,-6,21,-7,22,0,0,-8,21,-8,20,-9,20,-9,20,-10,21,-10,21,-11,20,-11,20,-10,19,-10,18,-10,18,-10,18,-10,17,-10,17,-10,16,-10,16,-10,14,-10,15,-11,15,-13,16,-13,16,-14,16,-15,16,-16,16,-18,15,-18,14,-16,11,-16,9]"
CSI_DATA,113434,d8:b1:90:d9:de:f0,-58,11,-99,-37,60,56,1691695877,100,0,114,0,"[8,13,9,15,9,16,9,17,9,17,9,17,8,16,8,15,9,13,8,13,9,13,10,12,11,11,13,11,13,11,15,11,16,12,16,11,18,11,18,10,21,11,21,11,21,10,21,10,20,9,21,9,21,9,21,9,0,0,21,8,21,8,22,8,22,7,22,7,22,8,22,6,22,6,22,5,21,5,21,3,21,2,20,2,19,2,18,1,18,0,18,0,18,0,19,0,20,0,21,0,22,0,22,0,23,0,23,0,22,0,20,1,18,2]"
CSI_DATA,113435,d8:b1:90:d9:de:f0,-58,11,-99,-34,59,56,1691713642,100,0,114,0,"[-14,9,-15,9,-17,8,-17,8,-17,7,-17,6,-16,5,-15,5,-15,6,-15,6,-14,6,-15,6,-14,8,-15,8,-16,8,-16,8,-17,10,-18,11,-19,11,-19,11,-20,12,-20,12,-21,12,-21,12,-20,11,-20,11,-20,11,-20,11,0,0,-20,9,-21,8,-20,8,-21,8,-21,8,-22,8,-22,8,-23,8,-21,8,-21,8,-20,8,-20,7,-19,7,-18,6,-18,6,-18,6,-17,5,-17,6,-19,5,-20,6,-21,5,-22,5,-23,5,-23,4,-23,3,-23,2,-21,0,-19,0]"
CSI_DATA,113436,d8:b1:90:d9:de:f0,-58,11,-99,-36,60,56,1691724070,100,0,114,0,"[4,15,3,16,2,18,2,18,2,17,2,17,1,16,1,15,3,15,2,15,2,15,2,16,4,14,4,15,4,16,5,17,7,18,6,19,7,19,8,20,8,21,9,21,9,21,9,21,8,21,8,20,8,21,7,20,0,0,6,20,7,19,7,20,7,20,7,20,7,21,7,21,7,21,7,21,7,20,7,19,7,19,7,19,7,18,7,17,7,16,6,16,7,17,7,18,7,19,7,20,6,20,7,21,6,21,4,21,4,21,3,20,2,18]"
CSI_DATA,113437,d8:b1:90:d9:de:f0,-58,11,-99,-36,60,56,1691744075,100,0,114,0,"[-13,7,-15,7,-16,6,-16,5,-17,4,-16,4,-16,4,-15,3,-15,4,-14,4,-14,3,-14,3,-14,4,-16,4,-16,4,-17,4,-18,5,-19,5,-20,5,-20,6,-21,5,-22,5,-22,4,-22,5,-22,4,-22,3,-22,2,-21,2,0,0,-21,1,-21,0,-21,0,-22,0,-22,-1,-22,-1,-22,-2,-23,-2,-21,-2,-21,-2,-21,-2,-20,-3,-19,-2,-19,-2,-18,-3,-18,-3,-17,-3,-18,-4,-18,-4,-19,-5,-19,-6,-19,-7,-20,-8,-20,-10,-19,-10,-17,-12,-16,-12,-13,-12]"
CSI_DATA,113438,d8:b1:90:d9:de:f0,-58,11,-99,-37,60,56,1691754389,100,0,114,0,"[-13,-10,-13,-11,-13,-13,-13,-13,-13,-14,-12,-14,-10,-13,-10,-13,-10,-12,-10,-11,-10,-11,-10,-11,-11,-11,-11,-11,-12,-11,-13,-12,-14,-12,-15,-13,-16,-14,-16,-14,-16,-15,-17,-15,-18,-15,-18,-15,-16,-16,-16,-16,-16,-16,-16,-16,0,0,-14,-16,-14,-17,-15,-17,-13,-17,-13,-18,-14,-18,-14,-18,-14,-18,-13,-18,-13,-18,-13,-17,-13,-16,-12,-16,-12,-15,-11,-15,-11,-16,-10,-15,-10,-15,-10,-16,-11,-17,-11,-18,-11,-18,-10,-19,-10,-21,-8,-21,-8,-21,-6,-20,-5,-18]"
CSI_DATA,113439,d8:b1:90:d9:de:f0,-58,11,-99,-37,60,56,1691774474,100,0,114,0,"[9,-12,10,-13,11,-14,13,-14,11,-13,11,-14,10,-13,10,-13,9,-13,9,-13,8,-13,7,-13,6,-14,5,-15,5,-17,5,-18,5,-20,4,-20,3,-22,2,-21,2,-23,2,-24,2,-24,1,-24,1,-23,0,-23,0,-23,0,-23,0,0,0,-23,0,-22,0,-23,-1,-22,-2,-23,-1,-23,-1,-22,-2,-22,-2,-21,-3,-21,-4,-20,-5,-20,-5,-19,-5,-19,-5,-17,-6,-18,-6,-16,-7,-18,-7,-17,-8,-19,-8,-20,-8,-20,-8,-20,-9,-21,-9,-21,-8,-21,-7,-18,-6,-16]"
CSI_DATA,113440,d8:b1:90:d9:de:f0,-58,11,-99,-37,60,56,1691794118,100,0,114,0,"[-5,15,-6,16,-7,16,-8,16,-8,16,-8,16,-8,15,-7,15,-6,15,-6,14,-5,14,-5,15,-4,16,-3,16,-3,17,-3,18,-2,19,-2,21,-2,21,-1,23,-1,23,-1,24,0,24,-1,24,-1,23,0,23,-1,23,-1,23,0,0,-1,23,-1,22,0,22,0,22,0,22,-1,23,0,23,0,22,0,22,0,21,1,21,1,21,1,20,2,19,2,19,2,18,2,18,2,18,2,19,2,20,2,21,2,22,2,22,2,23,0,23,0,22,0,21,0,18]"
CSI_DATA,113441,d8:b1:90:d9:de:f0,-59,11,-99,-34,60,56,1691811615,100,0,114,0,"[-14,4,-16,4,-16,3,-16,2,-18,3,-16,2,-16,2,-15,2,-14,2,-14,2,-13,2,-14,2,-14,3,-15,2,-16,3,-16,3,-17,4,-19,4,-19,4,-20,4,-21,4,-22,4,-21,4,-22,4,-21,3,-21,2,-21,2,-20,2,0,0,-20,1,-20,0,-20,0,-21,0,-21,0,-22,-1,-21,-1,-21,-2,-20,-1,-20,-2,-19,-2,-19,-2,-18,-2,-17,-1,-17,-2,-17,-2,-17,-2,-16,-3,-17,-2,-18,-4,-19,-4,-20,-6,-20,-7,-20,-7,-18,-8,-17,-8,-16,-9,-14,-10]"
CSI_DATA,113442,d8:b1:90:d9:de:f0,-58,11,-99,-37,60,56,1691824016,100,0,114,0,"[13,10,13,10,13,12,13,12,14,13,14,13,13,12,13,11,13,10,13,9,13,8,13,8,13,8,15,8,16,8,18,8,18,8,19,8,20,8,21,8,22,7,23,8,23,8,24,6,22,7,22,7,22,7,21,7,0,0,21,7,21,7,21,7,22,8,22,7,23,8,22,6,22,7,22,5,21,5,21,5,21,5,20,4,19,3,18,3,19,4,18,3,18,3,19,3,21,3,21,3,22,5,22,5,22,5,21,5,20,6,18,6,18,7]"
CSI_DATA,113443,d8:b1:90:d9:de:f0,-58,11,-99,-37,60,56,1691834026,100,0,114,0,"[-16,0,-18,0,-18,0,-18,0,-20,0,-18,0,-18,0,-17,0,-16,1,-16,1,-16,2,-16,2,-16,4,-16,5,-16,5,-18,7,-18,8,-19,9,-19,10,-18,11,-19,12,-20,13,-20,13,-20,14,-19,14,-18,15,-18,14,-18,14,0,0,-17,14,-17,15,-16,15,-16,16,-16,16,-16,16,-16,16,-16,18,-15,18,-13,18,-13,18,-12,17,-10,17,-10,16,-10,17,-8,17,-8,17,-8,17,-8,18,-8,19,-8,21,-8,21,-9,21,-8,21,-8,21,-8,19,-8,18,-8,16]"
CSI_DATA,113444,d8:b1:90:d9:de:f0,-58,11,-99,-34,59,56,1691844129,100,0,114,0,"[-3,16,-4,17,-5,17,-6,17,-7,18,-8,17,-8,16,-7,15,-6,15,-6,14,-6,15,-6,14,-6,14,-6,16,-6,17,-6,18,-5,19,-7,20,-7,20,-8,22,-8,22,-8,22,-8,23,-9,23,-9,22,-10,21,-11,21,-11,21,0,0,-11,20,-11,20,-12,19,-12,20,-12,19,-13,19,-14,18,-14,20,-14,19,-14,18,-13,17,-13,17,-12,16,-12,16,-12,15,-12,15,-12,14,-12,14,-13,14,-14,15,-15,15,-17,16,-17,14,-17,13,-18,13,-18,11,-17,9,-16,8]"
CSI_DATA,113445,d8:b1:90:d9:de:f0,-58,11,-99,-36,60,56,1691864048,100,0,114,0,"[1,15,0,16,0,18,0,18,1,18,1,17,0,16,1,15,2,15,2,15,3,14,3,15,4,15,5,16,7,16,8,16,9,17,9,18,11,19,12,19,13,18,14,19,14,19,15,18,14,19,14,17,14,17,14,17,0,0,14,17,14,16,14,16,15,16,15,15,16,15,16,14,16,15,16,14,16,14,16,13,16,12,16,12,16,10,16,9,16,9,16,9,16,9,16,9,18,9,19,9,20,9,20,9,19,10,19,11,19,10,17,10,14,9]"
CSI_DATA,113446,d8:b1:90:d9:de:f0,-58,11,-99,-37,60,56,1691884054,100,0,114,0,"[8,13,8,15,8,16,8,16,8,18,7,17,6,16,6,16,8,14,8,14,7,13,8,13,8,14,9,13,10,14,10,15,12,16,12,16,13,16,13,17,15,17,16,18,16,17,16,17,16,18,15,18,15,18,15,18,0,0,14,17,13,18,13,18,13,18,14,18,14,18,14,18,14,18,13,17,13,17,13,17,13,16,12,16,12,15,11,15,12,16,12,14,12,15,13,16,13,16,13,16,13,17,13,18,12,19,11,19,10,19,9,18,7,16]"
CSI_DATA,113447,d8:b1:90:d9:de:f0,-58,11,-99,-37,60,56,1691895051,100,0,114,0,"[-16,4,-17,3,-18,2,-19,2,-19,2,-18,1,-18,0,-17,1,-16,1,-16,1,-16,1,-16,2,-16,2,-16,3,-17,4,-18,4,-19,5,-20,5,-21,5,-21,6,-21,6,-22,7,-23,5,-23,6,-22,6,-22,6,-21,6,-21,5,0,0,-22,4,-22,5,-22,4,-23,5,-23,5,-23,4,-23,4,-22,3,-22,4,-21,4,-21,5,-21,4,-20,4,-19,4,-18,4,-19,4,-18,4,-18,4,-19,4,-21,4,-21,4,-22,3,-23,2,-24,2,-24,2,-22,0,-21,0,-19,-1]"
CSI_DATA,113448,d8:b1:90:d9:de:f0,-58,11,-99,-36,60,56,1691914291,100,0,114,0,"[-9,12,-10,12,-11,12,-12,12,-12,12,-12,12,-12,11,-12,11,-10,11,-11,10,-9,11,-10,10,-10,12,-10,12,-11,13,-11,14,-12,14,-12,16,-13,16,-12,17,-13,18,-13,18,-14,18,-14,18,-14,17,-14,17,-14,16,-13,16,0,0,-14,15,-14,15,-14,15,-15,15,-15,15,-16,14,-16,14,-16,14,-16,14,-16,14,-14,14,-14,13,-14,12,-13,12,-13,12,-13,12,-14,12,-13,12,-14,12,-15,12,-16,12,-16,12,-17,12,-18,12,-19,12,-19,10,-18,9,-16,7]"
CSI_DATA,113449,d8:b1:90:d9:de:f0,-58,11,-99,-36,60,56,1691934164,100,0,114,0,"[15,-4,16,-3,17,-2,16,-1,19,-2,17,-1,18,-1,16,0,16,0,15,0,14,0,16,0,16,0,16,0,17,0,18,0,19,0,21,0,21,0,22,0,22,0,24,0,23,1,23,1,23,2,22,2,22,4,21,4,0,0,19,5,21,7,20,6,21,7,20,8,20,9,20,9,19,10,19,9,19,10,18,9,17,10,17,9,15,9,16,9,15,9,15,11,14,11,15,12,14,12,14,14,14,14,14,16,14,17,13,17,11,17,10,18,8,16]"
CSI_DATA,113450,d8:b1:90:d9:de:f0,-58,11,-99,-36,60,56,1691953807,100,0,114,0,"[-12,-9,-13,-10,-12,-11,-12,-11,-14,-12,-14,-11,-13,-10,-12,-10,-13,-8,-13,-8,-13,-7,-14,-7,-14,-6,-14,-6,-16,-5,-17,-6,-18,-4,-19,-5,-20,-4,-21,-4,-21,-4,-23,-3,-23,-3,-23,-2,-22,-3,-22,-2,-21,-2,-21,-2,0,0,-21,-2,-22,-2,-21,-2,-22,-2,-21,-2,-22,-1,-22,0,-23,-1,-21,0,-22,0,-20,1,-21,1,-19,1,-18,2,-19,2,-18,2,-18,2,-18,2,-19,2,-20,3,-20,3,-21,3,-22,3,-22,3,-21,2,-21,2,-20,1,-19,0]"
CSI_DATA,113451,d8:b1:90:d9:de:f0,-58,11,-99,-36,60,56,1691963919,100,0,114,0,"[5,-14,6,-15,8,-15,9,-15,9,-15,9,-14,10,-14,9,-13,8,-13,9,-12,9,-12,9,-12,8,-13,8,-14,9,-14,9,-14,10,-16,11,-16,12,-17,12,-18,13,-19,14,-18,14,-18,14,-18,14,-16,14,-16,15,-15,15,-15,0,0,16,-13,16,-12,17,-12,18,-12,18,-12,19,-11,19,-12,19,-10,19,-10,18,-10,17,-9,18,-9,17,-8,17,-7,16,-7,16,-7,16,-5,16,-6,17,-5,19,-5,20,-4,21,-3,21,-3,23,-2,23,-1,22,0,20,0,18,2]"
CSI_DATA,113452,d8:b1:90:d9:de:f0,-59,11,-99,-38,61,56,1691974230,100,0,228,0,"[-18,3,-19,2,-19,2,-18,2,-17,2,-14,1,-13,1,64,-4,-8,1,-7,1,-5,1,-4,0,-2,0,-1,0,0,0,1,0,2,0,4,-1,6,0,6,1,7,2,41,4,8,5,8,8,8,11,8,13,6,16,5,18,0,0,2,21,1,23,0,24,-2,25,-2,24,-2,24,-22,10,-3,21,-2,19,-1,16,0,13,1,10,2,7,4,4,5,2,5,0,8,-3,8,-5,8,-7,9,-9,-71,0,11,-13,12,-14,11,-13,11,-12,10,-10,8,-8,7,-6,4,-2,3,-2,3,-3,2,-6,-1,-9,-8,-7,-13,0,-20,11,0,14,11,11,16,0,12,-12,0,-18,-13,-12,-18,0,-12,14,0,18,13,13,17,1,12,-10,2,-14,2,-6,-8,-4,-7,0,-5,2,-4,2,-3,4,-1,6,0,0,6,6,10,1,9,-5,6,-11,-2,-12,-10,-10,-18,20,-14,6,-8,14,2,16,12,11,17,0,13,-11,2,-17,-10,-14,-16,-2,-14,10,-2,16,10,12,16,1,20,-20,-1,-12,-11,-5,-10,6,0,11,10,4,10,-6,1,-12]"
CSI_DATA,113453,d8:b1:90:d9:de:f0,-59,11,-99,-38,61,56,1691994029,100,0,228,0,"[-17,-1,-18,-2,-18,-2,-18,-3,-16,-3,-14,-3,-12,-2,64,-4,-8,-1,-7,-1,-5,0,-4,0,-2,0,-1,0,0,0,0,0,2,0,2,2,4,2,4,4,4,6,41,4,3,10,1,12,0,14,-2,14,-4,16,-6,17,0,0,-11,18,-14,18,-16,18,-17,17,-18,16,-18,16,-42,9,-16,13,-15,12,-12,11,-9,10,-6,8,-3,8,0,7,2,6,4,5,6,5,8,4,10,4,12,4,-29,0,16,3,16,3,17,3,16,4,14,4,12,4,9,4,4,0,3,-1,4,-2,4,-5,2,-8,-6,-10,-12,-4,-24,4,-5,14,6,14,15,6,16,-6,6,-16,-6,-17,-17,-7,-18,6,-8,17,6,18,15,8,15,-2,8,-11,3,-4,-6,-8,-6,-2,-4,0,-3,0,-4,1,-4,3,0,0,0,8,6,7,10,3,11,-3,8,-10,1,-13,-25,2,-14,-6,-15,4,-10,13,0,17,11,13,17,2,14,-9,4,-16,-9,-14,-16,-4,-14,8,-3,16,9,12,29,4,9,-10,-2,-12,-12,-4,-9,7,0,12,11,6,12,-4]"
CSI_DATA,113454,d8:b1:90:d9:de:f0,-58,11,-99,-36,60,56,1692004582,100,0,228,0,"[0,19,0,20,-2,19,-2,19,-2,18,-2,15,-1,13,67,-4,0,9,0,7,0,5,0,4,0,2,0,1,0,0,0,-1,0,-2,0,-4,1,-5,2,-6,4,-7,43,4,9,-6,11,-5,14,-4,16,-2,18,0,19,2,0,0,21,6,23,9,23,11,23,13,22,14,21,14,40,0,18,14,16,11,14,9,12,7,10,4,7,1,6,-1,4,-3,3,-5,2,-8,0,-9,0,-12,-2,-14,-9,10,-3,-16,-4,-18,-3,-17,-2,-16,-2,-15,-1,-13,0,-10,-1,-4,-2,-4,-2,-4,-6,-4,-9,0,-9,7,-2,13,7,24,16,3,14,-9,4,-16,-9,-15,-18,-4,-16,10,-4,19,10,17,19,5,17,-8,7,-16,-5,-16,-12,-7,-5,-5,-7,7,-2,7,0,5,1,4,3,4,4,4,0,0,9,-3,6,-9,0,-12,-7,-11,-13,-4,-14,4,10,27,0,16,9,14,16,6,17,-6,9,-16,-3,-18,-14,-11,-18,1,-12,13,0,18,12,11,16,-1,9,-13,-7,-30,-12,-5,-11,6,0,12,9,5,10,-5,1,-12,-9,-9]"
CSI_DATA,113455,d8:b1:90:d9:de:f0,-59,11,-99,-37,61,56,1692014671,100,0,228,0,"[-10,-12,-11,-14,-11,-14,-11,-14,-9,-12,-8,-11,-7,-9,62,-4,-5,-5,-4,-5,-3,-3,-2,-3,-1,-1,0,-1,0,0,1,0,1,1,1,2,2,3,2,5,1,6,40,3,0,10,-1,11,-3,12,-6,13,-8,14,-11,14,0,0,-14,14,-17,14,-18,14,-20,13,-20,12,-20,12,-49,9,-18,11,-16,10,-13,10,-9,9,-6,7,-3,7,-1,6,1,5,4,5,6,3,9,3,11,2,12,1,-23,0,16,0,16,0,16,0,16,0,14,0,12,0,9,0,3,2,3,1,4,1,6,0,6,-5,1,-10,-7,-10,-20,-11,-12,7,-3,14,9,13,16,3,14,-9,3,-17,-11,-14,-18,-3,-14,10,-3,18,9,14,15,3,12,-5,6,-1,-1,-9,-4,-5,-4,-1,-4,0,-5,0,-5,1,0,0,0,8,4,8,9,5,11,-1,9,-9,2,-12,-25,-1,-12,-7,-14,2,-11,11,0,16,10,13,17,2,14,-9,3,-16,-8,-14,-16,-3,-12,9,-1,15,10,11,29,0,7,-11,-4,-11,-11,-1,-7,8,3,11,11,3,10,-7]"
CSI_DATA,113456,d8:b1:90:d9:de:f0,-59,11,-99,-35,60,56,1692034421,100,0,228,0,"[18,-1,19,0,19,0,18,0,17,0,15,0,13,0,66,-4,9,0,7,0,6,0,4,0,3,0,2,0,0,0,0,0,-1,0,-2,-1,-3,-2,-4,-3,-4,-4,42,4,-4,-8,-4,-11,-3,-13,-2,-15,0,-17,2,-19,0,0,6,-21,8,-22,9,-22,11,-23,12,-22,12,-22,-28,0,11,-19,9,-17,8,-15,5,-13,2,-11,0,-9,-2,-7,-5,-5,-6,-3,-8,-2,-11,0,-12,0,-13,1,22,10,-17,3,-17,3,-17,4,-17,3,-15,2,-13,1,-10,0,-4,1,-3,2,-4,2,-4,5,0,9,6,8,13,2,23,-8,3,-15,-8,-13,-16,-3,-14,10,-2,18,11,15,19,2,16,-11,3,-19,-10,-16,-17,-4,-15,8,-5,13,-1,4,8,5,6,0,4,-2,2,-1,3,-2,3,-3,0,0,-2,-7,-7,-5,-10,0,-10,6,-4,12,3,13,23,-11,15,1,13,-9,5,-16,-6,-16,-16,-8,-17,4,-10,15,2,17,14,11,17,-2,9,-14,-3,-16,-14,-8,-30,8,-4,14,8,11,13,-1,6,-12,-6,-11,-13,-1,-9,9]"
CSI_DATA,113457,d8:b1:90:d9:de:f0,-59,11,-99,-38,61,56,1692053982,100,0,228,0,"[-16,2,-18,2,-18,1,-18,1,-16,0,-14,0,-12,0,64,-4,-9,0,-7,0,-6,0,-4,0,-2,0,-2,0,0,0,1,0,2,0,3,1,4,2,5,3,4,5,41,4,4,9,3,12,2,13,0,15,-2,16,-4,18,0,0,-9,19,-12,19,-14,19,-15,19,-17,18,-17,17,-42,9,-15,14,-14,13,-12,12,-9,10,-6,8,-3,8,0,7,2,6,4,5,6,5,8,4,10,4,13,4,-34,0,16,4,16,4,16,4,16,4,14,4,12,4,8,4,4,-2,3,-2,4,-3,3,-6,0,-9,-7,-8,-12,-1,-22,9,-2,14,9,12,16,2,14,-10,3,-17,-10,-15,-18,-4,-16,9,-5,18,8,16,16,6,15,-5,7,-12,3,-5,-7,-6,-6,-2,-4,0,-4,1,-4,1,-4,3,0,0,1,8,6,7,10,2,10,-4,8,-10,0,-14,-25,4,-14,-5,-15,5,-10,14,1,17,12,12,18,1,14,-10,3,-17,-9,-14,-16,-4,-14,8,-3,16,8,12,29,4,10,-10,-2,-12,-11,-4,-10,7,0,12,11,7,12,-4]"
CSI_DATA,113458,d8:b1:90:d9:de:f0,-59,11,-99,-35,60,56,1692064227,100,0,228,0,"[-13,13,-14,13,-15,13,-14,13,-13,11,-12,10,-9,8,66,-4,-6,6,-5,5,-4,4,-3,2,-2,2,0,0,0,0,0,-1,2,-1,3,-2,4,-2,6,-2,7,-1,42,4,11,2,11,4,12,6,13,9,13,12,13,14,0,0,11,19,9,22,8,23,7,24,6,26,5,25,68,0,4,22,4,19,4,16,4,13,5,10,5,6,6,3,6,0,6,-2,7,-4,8,-7,8,-9,8,-11,-87,0,8,-15,9,-15,9,-15,8,-15,8,-13,7,-10,6,-8,2,-4,1,-3,0,-4,0,-6,-5,-6,-11,-1,-11,7,-11,22,8,13,15,4,14,-8,4,-17,-9,-15,-18,-4,-16,10,-4,19,10,17,18,4,16,-8,6,-15,-4,-14,-1,-6,-9,0,-6,4,-2,4,-2,4,0,4,0,6,0,0,8,3,10,-2,8,-8,2,-12,-5,-12,-12,-6,-9,26,-11,10,-3,16,7,15,16,7,17,-4,10,-15,-2,-18,-14,-11,-17,2,-11,13,2,17,13,10,15,-3,15,-27,-6,-13,-13,-2,-8,8,3,11,12,3,10,-8,0,-14]"
CSI_DATA,113459,d8:b1:90:d9:de:f0,-58,11,-99,-36,60,56,1692084408,100,0,228,0,"[0,19,0,20,0,21,0,20,0,17,0,16,0,13,67,-4,1,9,1,7,0,5,0,4,0,2,0,1,0,0,-1,-1,-1,-2,-1,-3,0,-5,0,-7,0,-8,43,4,4,-10,6,-12,7,-12,10,-12,13,-12,16,-12,0,0,20,-11,22,-9,24,-9,25,-9,25,-9,25,-7,66,0,21,-7,19,-7,15,-7,12,-7,9,-7,4,-7,2,-6,-2,-6,-4,-4,-7,-4,-9,-3,-12,-2,-14,-1,25,10,-18,0,-18,0,-19,2,-18,1,-16,0,-12,0,-10,0,-2,-4,-2,-3,-2,-4,-6,-3,-9,0,-8,9,0,13,11,24,15,0,12,-12,0,-17,-13,-12,-19,1,-12,14,2,20,16,12,21,-2,12,-15,-2,-19,-12,-11,-14,0,-7,-2,-2,10,2,7,3,4,4,2,5,2,7,0,0,0,3,-9,-4,-10,-9,-8,-13,0,-11,7,-5,14,28,7,12,10,16,0,13,-10,3,-17,-9,-16,-18,-5,-17,8,-4,17,8,16,16,5,15,-9,2,-16,-10,-12,-32,0,-8,12,4,12,12,2,7,-9,-4,-12,-12,-2,-10,9]"
CSI_DATA,113460,d8:b1:90:d9:de:f0,-59,11,-99,-35,60,56,1692106962,100,0,228,0,"[4,17,4,19,4,19,3,18,3,17,3,15,3,13,66,-4,2,8,2,6,1,5,1,4,0,2,0,2,0,0,0,0,-1,-2,0,-4,0,-4,0,-6,1,-7,42,4,5,-10,7,-10,10,-10,12,-10,15,-9,17,-8,0,0,21,-6,23,-5,24,-4,25,-2,26,-2,25,-1,-82,0,22,-1,20,-2,17,-2,13,-3,10,-4,6,-4,4,-5,1,-6,-1,-6,-4,-6,-6,-7,-8,-8,-11,-8,55,10,-14,-8,-15,-9,-15,-8,-15,-8,-13,-8,-11,-7,-8,-6,-2,-4,-2,-2,-3,-3,-6,-2,-8,2,-6,9,1,13,14,20,15,-2,10,-13,-2,-17,-13,-10,-17,2,-11,15,3,19,16,11,19,-2,11,-15,-1,-18,-12,-11,-15,0,-6,-1,-2,9,2,7,3,4,3,2,4,2,6,0,0,0,5,-7,0,-10,-6,-9,-11,-4,-13,3,-8,11,24,14,8,13,16,4,16,-6,8,-15,-3,-17,-14,-11,-18,1,-11,13,1,17,13,11,17,-2,9,-13,-3,-15,-27,-15,-13,6,-2,13,9,8,11,-4,2,-12,-8,-8,-13,2]"
CSI_DATA,113461,d8:b1:90:d9:de:f0,-59,11,-99,-38,61,56,1692119290,100,0,228,0,"[7,16,7,18,7,18,6,17,7,16,6,14,6,11,64,-4,4,7,4,6,3,4,2,3,1,2,0,1,0,0,-1,0,-2,-1,-3,-2,-4,-4,-4,-5,-4,-7,41,4,-2,-10,-1,-12,0,-14,2,-15,4,-16,6,-18,0,0,10,-19,11,-20,12,-20,14,-20,14,-20,14,-20,-24,0,12,-18,10,-16,8,-14,4,-12,2,-10,0,-8,-2,-5,-4,-3,-6,-1,-7,1,-9,4,-10,6,-10,8,52,10,-12,11,-12,12,-12,12,-11,12,-10,10,-9,9,-7,6,-3,-3,-3,-2,-4,-2,-6,0,-8,4,-3,10,4,11,18,14,13,-6,5,-14,-7,-14,-16,-4,-15,10,-3,18,10,15,19,2,15,-11,3,-18,-10,-14,-16,-3,-12,7,-7,2,2,9,6,5,6,2,5,0,5,-1,5,-4,0,0,-2,-9,-7,-6,-11,0,-10,6,-5,12,4,14,24,-10,15,0,13,-10,3,-16,-8,-15,-16,-6,-16,6,-7,16,6,16,16,6,15,-7,5,-16,-8,-14,-15,-2,-23,19,0,13,11,6,10,-6,-1,-11,-10,-4,-10,6,0,12]"
CSI_DATA,113462,d8:b1:90:d9:de:f0,-58,11,-99,-37,60,56,1692133879,100,0,114,0,"[0,16,-1,17,-2,18,-3,18,-3,18,-3,17,-4,16,-3,16,-2,16,-2,16,-2,15,-2,16,-1,16,-2,16,-1,17,-1,18,0,19,0,21,0,21,0,22,0,23,0,24,-1,24,0,23,-2,24,0,23,-2,22,-2,22,0,0,-3,23,-2,22,-3,21,-4,24,-4,23,-4,23,-5,23,-5,22,-5,22,-5,22,-4,21,-4,20,-3,20,-3,19,-3,18,-2,18,-3,18,-4,18,-4,18,-5,20,-5,20,-6,20,-7,21,-8,21,-9,20,-9,19,-9,18,-8,16]"
CSI_DATA,113463,d8:b1:90:d9:de:f0,-58,11,-99,-37,60,56,1692144381,100,0,114,0,"[-10,-13,-9,-15,-9,-16,-8,-16,-8,-16,-8,-16,-8,-15,-7,-15,-8,-13,-8,-13,-8,-13,-8,-13,-9,-13,-9,-13,-10,-13,-11,-14,-12,-15,-13,-16,-14,-16,-15,-16,-16,-16,-16,-17,-16,-17,-16,-18,-16,-17,-16,-17,-15,-18,-14,-17,0,0,-14,-17,-14,-18,-13,-17,-15,-18,-13,-18,-15,-18,-13,-18,-14,-18,-13,-18,-14,-18,-14,-16,-13,-16,-13,-16,-13,-14,-12,-15,-12,-14,-13,-13,-11,-14,-12,-14,-12,-16,-13,-16,-13,-17,-13,-18,-13,-19,-11,-19,-10,-18,-10,-18,-8,-17]"
CSI_DATA,113464,d8:b1:90:d9:de:f0,-58,11,-99,-37,60,56,1692165237,100,0,114,0,"[17,3,18,5,18,6,18,6,18,6,18,6,17,6,16,5,16,4,16,3,16,2,16,2,16,1,17,0,18,0,19,0,20,-1,21,-1,22,-2,22,-2,23,-3,24,-4,24,-5,23,-5,23,-5,23,-5,23,-5,22,-5,0,0,22,-5,21,-5,22,-5,22,-6,23,-6,23,-6,22,-7,23,-7,21,-8,21,-8,20,-8,19,-9,18,-9,18,-9,17,-8,17,-9,16,-9,17,-9,17,-10,18,-10,18,-10,18,-10,19,-10,21,-11,20,-10,19,-10,18,-8,18,-7]"
CSI_DATA,113465,d8:b1:90:d9:de:f0,-58,11,-99,-37,60,56,1692184015,100,0,114,0,"[-1,-16,0,-17,0,-18,0,-17,-1,-19,-1,-18,0,-18,0,-17,-2,-16,-2,-16,-3,-15,-4,-16,-5,-16,-5,-16,-7,-16,-8,-16,-9,-16,-10,-18,-11,-18,-12,-19,-13,-18,-14,-19,-13,-19,-15,-18,-15,-18,-15,-18,-14,-18,-13,-16,0,0,-13,-16,-16,-16,-15,-15,-16,-17,-16,-16,-16,-16,-16,-15,-16,-16,-17,-13,-17,-14,-17,-13,-17,-12,-16,-10,-16,-10,-16,-10,-16,-9,-17,-9,-16,-8,-17,-9,-18,-9,-18,-10,-20,-10,-21,-10,-20,-10,-19,-10,-18,-10,-18,-10,-16,-10]"
CSI_DATA,113466,d8:b1:90:d9:de:f0,-58,11,-99,-36,60,56,1692194015,100,0,114,0,"[-12,10,-14,9,-14,9,-15,8,-16,8,-16,7,-16,7,-15,7,-14,7,-14,7,-13,7,-14,7,-14,7,-14,8,-14,8,-15,9,-16,10,-17,9,-19,10,-18,11,-19,11,-20,12,-20,11,-20,11,-20,9,-20,9,-20,9,-19,8,0,0,-20,7,-20,6,-21,6,-21,5,-21,4,-22,4,-21,4,-21,4,-21,4,-20,4,-20,4,-20,4,-19,3,-18,3,-18,2,-18,2,-17,2,-18,2,-19,2,-20,1,-21,1,-21,0,-22,0,-21,-2,-21,-2,-20,-3,-19,-4,-17,-6]"
CSI_DATA,113467,d8:b1:90:d9:de:f0,-58,11,-99,-33,59,56,1692207190,100,0,114,0,"[-11,-11,-11,-13,-11,-15,-11,-16,-11,-15,-10,-15,-10,-14,-9,-14,-10,-13,-9,-13,-9,-13,-10,-13,-10,-13,-10,-13,-12,-13,-13,-14,-14,-15,-14,-16,-16,-16,-16,-16,-16,-17,-16,-18,-16,-18,-16,-17,-14,-17,-15,-17,-15,-17,-13,-18,0,0,-13,-17,-12,-18,-13,-18,-13,-18,-12,-20,-13,-20,-11,-20,-12,-21,-11,-20,-11,-18,-11,-18,-10,-18,-10,-17,-10,-16,-9,-16,-10,-16,-9,-16,-9,-16,-8,-16,-9,-19,-8,-19,-9,-21,-9,-21,-8,-22,-7,-22,-6,-22,-5,-21,-2,-19]"
CSI_DATA,113468,d8:b1:90:d9:de:f0,-57,11,-99,-34,59,56,1692223954,100,0,114,0,"[11,14,11,16,9,17,9,17,9,17,8,17,7,17,7,17,8,16,7,15,7,14,7,15,8,15,8,16,8,16,8,17,9,18,9,19,10,20,11,21,11,22,11,22,10,22,10,23,9,22,8,22,7,22,6,22,0,0,5,23,5,22,4,23,4,24,4,24,2,24,2,23,2,24,2,23,1,23,1,23,1,21,1,21,1,20,0,20,0,20,0,19,0,20,0,20,-1,21,-2,22,-2,23,-3,23,-5,24,-6,23,-7,22,-8,20,-8,17]"
CSI_DATA,113469,d8:b1:90:d9:de:f0,-58,11,-99,-36,60,56,1692235038,100,0,114,0,"[2,-16,4,-17,5,-17,6,-17,7,-17,7,-17,7,-15,7,-14,7,-15,7,-14,7,-14,7,-14,7,-14,7,-14,7,-15,7,-16,7,-16,9,-18,9,-19,9,-19,11,-20,11,-21,12,-19,12,-20,13,-19,14,-18,14,-18,14,-17,0,0,14,-16,15,-16,16,-16,16,-15,17,-14,17,-14,18,-14,17,-13,17,-13,17,-12,16,-12,16,-12,16,-11,16,-10,16,-10,16,-9,15,-9,16,-9,16,-9,18,-8,18,-7,19,-7,19,-6,21,-5,21,-4,21,-2,19,-2,17,0]"
CSI_DATA,113470,d8:b1:90:d9:de:f0,-58,11,-99,-37,60,56,1692253927,100,0,114,0,"[-11,-11,-11,-13,-11,-15,-10,-16,-10,-16,-9,-16,-8,-16,-8,-16,-8,-15,-7,-14,-7,-13,-7,-14,-8,-14,-8,-15,-8,-16,-9,-16,-10,-18,-10,-18,-10,-20,-11,-21,-11,-21,-10,-21,-10,-21,-10,-21,-8,-22,-8,-22,-8,-22,-7,-23,0,0,-5,-21,-5,-22,-4,-23,-3,-22,-3,-23,-2,-23,-2,-22,-1,-24,-1,-24,-1,-22,0,-21,-1,-21,0,-20,0,-20,0,-19,0,-20,0,-19,0,-20,1,-20,2,-20,2,-21,3,-21,4,-21,6,-22,8,-21,8,-20,8,-18,9,-16]"
CSI_DATA,113471,d8:b1:90:d9:de:f0,-58,11,-99,-37,60,56,1692264078,100,0,114,0,"[16,1,18,2,18,4,18,4,19,5,18,5,18,5,16,5,16,3,16,4,15,3,16,4,16,3,16,3,18,2,18,3,20,2,21,2,22,2,23,2,22,2,24,2,23,3,24,2,24,4,23,5,23,5,22,5,0,0,21,5,22,5,21,6,22,7,21,6,21,7,21,7,21,7,22,7,21,7,21,7,20,7,19,7,18,5,18,5,18,6,18,6,17,5,18,6,18,8,19,8,20,8,20,9,20,10,20,11,18,12,16,12,14,11]"
CSI_DATA,113472,d8:b1:90:d9:de:f0,-58,11,-99,-36,60,56,1692274160,100,0,114,0,"[13,-9,14,-10,15,-10,15,-9,16,-9,16,-9,16,-8,14,-8,13,-9,13,-8,12,-9,13,-9,12,-10,12,-11,12,-12,14,-13,12,-14,14,-14,14,-16,14,-17,14,-17,14,-17,14,-17,14,-17,14,-17,14,-18,14,-17,14,-17,0,0,14,-17,14,-17,14,-17,14,-18,14,-17,14,-17,14,-17,14,-17,13,-17,12,-17,12,-17,11,-16,11,-16,10,-16,9,-16,9,-15,9,-15,9,-16,9,-16,10,-17,10,-17,11,-18,12,-18,12,-18,12,-16,12,-16,12,-14,11,-12]"
CSI_DATA,113473,d8:b1:90:d9:de:f0,-58,11,-99,-37,60,56,1692294160,100,0,114,0,"[-13,-8,-13,-10,-13,-12,-13,-13,-12,-13,-11,-13,-11,-13,-10,-13,-10,-12,-10,-12,-10,-11,-10,-11,-11,-11,-11,-11,-13,-11,-13,-13,-14,-13,-15,-14,-16,-15,-16,-15,-16,-16,-16,-16,-16,-17,-16,-17,-16,-16,-16,-16,-15,-17,-14,-17,0,0,-13,-17,-13,-18,-13,-18,-12,-18,-12,-18,-12,-20,-11,-19,-11,-20,-10,-19,-10,-18,-10,-18,-10,-18,-10,-18,-9,-17,-8,-17,-8,-16,-8,-16,-8,-16,-8,-17,-8,-19,-8,-19,-7,-21,-7,-21,-7,-21,-5,-22,-3,-21,-2,-20,-1,-18]"
CSI_DATA,113474,d8:b1:90:d9:de:f0,-57,11,-99,-34,59,56,1692314877,100,0,114,0,"[-1,17,-2,18,-2,20,-3,20,-2,20,-2,20,-2,18,-2,18,-1,17,0,17,0,16,0,17,0,17,0,18,1,18,1,20,2,20,3,22,3,23,4,23,5,23,5,24,5,24,6,24,4,23,5,23,4,23,4,23,0,0,3,23,4,23,4,23,4,24,4,23,4,24,5,23,4,24,5,23,5,23,5,21,5,20,5,20,5,20,5,19,5,19,5,18,5,18,5,18,5,19,5,20,5,20,5,20,5,22,4,22,4,21,3,20,2,19]"
CSI_DATA,113475,d8:b1:90:d9:de:f0,-58,11,-99,-34,59,56,1692333728,100,0,114,0,"[13,11,13,12,13,14,14,14,13,14,13,14,12,14,12,13,12,11,12,11,12,11,13,10,14,10,14,10,16,9,17,11,18,10,19,10,20,11,21,11,22,10,23,10,23,9,23,10,23,9,23,9,23,10,22,9,0,0,22,9,21,10,22,10,21,10,22,10,22,9,22,9,23,8,22,8,22,8,20,8,21,6,20,6,20,5,18,5,18,5,17,5,18,5,19,5,20,5,20,5,21,6,21,6,22,8,22,8,21,8,19,8,17,8]"
CSI_DATA,113476,d8:b1:90:d9:de:f0,-58,11,-99,-37,60,56,1692344063,100,0,114,0,"[-8,13,-10,15,-10,16,-11,15,-11,16,-11,16,-10,14,-10,14,-8,14,-8,14,-7,14,-7,14,-6,15,-5,16,-5,17,-5,18,-3,19,-4,21,-3,21,-2,22,-2,23,-2,24,-2,24,0,24,-1,24,-1,24,0,23,0,22,0,0,0,23,0,23,0,23,0,23,0,23,0,23,0,23,1,23,2,22,2,22,2,21,3,21,4,20,5,18,4,18,4,18,5,18,5,18,5,18,5,19,5,19,6,20,6,21,6,21,6,21,5,21,5,20,3,18]"
CSI_DATA,113477,d8:b1:90:d9:de:f0,-58,11,-99,-36,60,56,1692363971,100,0,114,0,"[-2,-15,-2,-16,0,-17,0,-17,0,-19,0,-17,0,-16,0,-16,-1,-16,0,-15,-1,-15,-2,-16,-2,-15,-2,-16,-3,-16,-4,-17,-4,-18,-5,-19,-6,-20,-7,-21,-6,-21,-7,-22,-7,-21,-7,-22,-7,-21,-6,-21,-5,-21,-5,-21,0,0,-5,-21,-5,-20,-5,-20,-4,-21,-4,-21,-4,-21,-5,-21,-4,-21,-5,-21,-5,-21,-5,-20,-5,-19,-5,-19,-4,-18,-4,-17,-5,-17,-5,-17,-5,-16,-5,-18,-5,-19,-4,-19,-5,-19,-4,-20,-3,-21,-2,-21,-2,-20,-2,-19,0,-18]"
CSI_DATA,113478,d8:b1:90:d9:de:f0,-58,11,-99,-37,60,56,1692374657,100,0,114,0,"[13,-9,15,-9,16,-9,16,-8,16,-10,16,-10,16,-8,15,-8,13,-9,13,-9,13,-9,13,-10,13,-10,13,-10,13,-11,13,-13,14,-14,14,-15,16,-16,15,-16,16,-17,16,-18,16,-17,16,-18,16,-17,16,-17,16,-17,16,-17,0,0,15,-16,16,-16,16,-16,16,-16,16,-16,16,-16,16,-16,16,-17,16,-16,14,-16,14,-16,13,-16,13,-15,13,-15,11,-14,12,-15,11,-14,12,-14,12,-15,13,-16,13,-16,13,-16,14,-16,16,-16,16,-16,16,-14,15,-12,15,-11]"
CSI_DATA,113479,d8:b1:90:d9:de:f0,-58,11,-99,-37,60,56,1692394117,100,0,114,0,"[-16,3,-17,2,-18,1,-18,1,-19,1,-18,0,-18,0,-17,0,-16,1,-16,1,-16,1,-16,1,-16,2,-17,2,-18,2,-18,2,-18,4,-21,4,-21,5,-22,5,-21,4,-22,5,-23,5,-23,5,-24,5,-24,3,-23,2,-22,3,0,0,-22,2,-23,2,-22,2,-23,2,-23,1,-24,1,-23,2,-24,1,-22,1,-23,1,-21,1,-21,1,-20,1,-18,1,-19,1,-18,1,-18,1,-18,0,-19,0,-20,0,-21,0,-21,0,-22,-1,-22,-2,-21,-2,-20,-3,-19,-4,-17,-5]"
CSI_DATA,113480,d8:b1:90:d9:de:f0,-57,11,-99,-35,59,56,1692408832,100,0,114,0,"[6,16,4,18,3,19,2,20,3,19,1,19,1,18,0,17,2,17,0,17,0,17,0,16,0,16,0,17,0,18,0,20,0,21,0,22,0,23,0,23,0,24,0,24,0,25,-2,25,-3,24,-3,23,-4,24,-6,23,0,0,-6,23,-8,21,-9,22,-9,22,-10,22,-10,21,-11,21,-12,21,-13,20,-12,20,-11,19,-12,18,-12,17,-12,17,-12,16,-13,16,-12,14,-13,14,-13,14,-15,15,-16,15,-17,14,-17,13,-20,13,-21,12,-21,10,-20,8,-19,6]"
CSI_DATA,113481,d8:b1:90:d9:de:f0,-58,11,-99,-37,60,56,1692421345,100,0,114,0,"[2,17,0,18,0,18,0,18,0,19,0,18,-1,18,-1,16,0,16,0,16,0,16,0,16,0,16,1,17,1,18,1,19,2,19,2,21,2,22,2,23,2,23,2,24,2,23,3,24,1,24,0,24,0,24,0,23,0,0,0,22,0,23,0,22,-1,23,-2,22,-1,23,-1,22,-1,24,-1,23,-2,22,-1,21,-1,21,-1,20,-1,19,-1,19,-1,18,-1,18,-2,18,-2,18,-2,20,-2,21,-3,22,-4,22,-5,22,-7,21,-7,20,-8,19,-8,17]"
CSI_DATA,113482,d8:b1:90:d9:de:f0,-57,11,-99,-34,59,56,1692433697,100,0,114,0,"[-14,8,-17,8,-17,9,-18,8,-17,8,-17,8,-17,8,-15,8,-14,9,-14,9,-14,9,-13,10,-12,11,-12,13,-13,14,-13,14,-13,17,-14,17,-14,18,-13,20,-14,20,-14,21,-12,20,-14,21,-12,20,-11,20,-11,21,-12,20,0,0,-11,20,-11,20,-11,20,-11,20,-11,20,-11,21,-10,20,-10,22,-10,22,-8,21,-7,20,-7,20,-6,20,-5,20,-5,19,-5,20,-4,18,-5,19,-5,19,-5,21,-5,21,-5,22,-5,22,-5,23,-6,23,-6,22,-6,19,-7,18]"
CSI_DATA,113483,d8:b1:90:d9:de:f0,-57,11,-99,-34,59,56,1692444260,100,0,114,0,"[-13,-11,-14,-12,-14,-13,-13,-14,-14,-14,-14,-13,-13,-12,-13,-11,-14,-10,-13,-10,-14,-8,-14,-9,-14,-8,-16,-7,-17,-7,-17,-6,-20,-6,-21,-6,-23,-5,-23,-5,-23,-5,-25,-3,-24,-4,-24,-2,-24,-3,-24,-2,-24,-2,-23,-2,0,0,-23,-2,-23,-1,-24,-1,-23,0,-24,0,-24,0,-23,0,-24,0,-23,1,-23,2,-23,2,-22,2,-21,3,-20,4,-20,5,-19,5,-18,5,-19,5,-20,5,-20,6,-20,6,-20,7,-22,7,-22,7,-21,6,-21,6,-20,5,-18,4]"
CSI_DATA,113484,d8:b1:90:d9:de:f0,-58,11,-99,-37,60,56,1692454961,100,0,114,0,"[-14,-9,-14,-10,-15,-11,-15,-12,-16,-12,-15,-10,-14,-10,-13,-10,-15,-8,-14,-8,-14,-7,-15,-7,-16,-5,-16,-5,-17,-4,-18,-3,-20,-2,-21,-2,-22,-2,-23,-1,-23,-1,-24,0,-24,0,-24,1,-24,0,-24,1,-24,2,-22,2,0,0,-22,2,-22,2,-23,2,-23,3,-23,4,-23,4,-21,5,-23,5,-21,5,-21,6,-21,7,-20,7,-18,8,-18,8,-18,8,-17,8,-16,9,-17,9,-17,10,-17,10,-18,11,-18,11,-19,12,-20,13,-18,11,-18,10,-18,10,-16,8]"
CSI_DATA,113485,d8:b1:90:d9:de:f0,-58,11,-99,-37,60,56,1692474211,100,0,114,0,"[0,-16,0,-18,1,-18,1,-18,1,-19,1,-18,2,-18,1,-17,0,-17,0,-16,-1,-16,-1,-16,-2,-16,-4,-17,-4,-17,-5,-17,-6,-18,-7,-20,-8,-21,-9,-21,-9,-21,-11,-21,-10,-21,-12,-21,-10,-21,-11,-21,-10,-20,-10,-19,0,0,-11,-18,-12,-19,-11,-18,-13,-19,-12,-18,-13,-18,-13,-18,-13,-18,-13,-17,-14,-18,-13,-16,-15,-16,-13,-15,-14,-13,-14,-13,-15,-13,-14,-13,-14,-13,-15,-13,-16,-13,-16,-13,-17,-13,-18,-14,-18,-15,-17,-15,-16,-14,-16,-15,-13,-13]"
CSI_DATA,113486,d8:b1:90:d9:de:f0,-58,11,-99,-34,59,56,1692484425,100,0,114,0,"[16,7,17,9,16,11,16,11,16,11,14,11,14,10,14,11,14,10,13,9,13,10,12,10,13,10,14,10,15,11,16,11,17,11,17,12,19,14,19,14,20,15,20,15,20,16,20,17,17,17,17,17,17,17,16,18,0,0,15,18,13,19,14,20,13,19,13,20,13,21,12,20,12,20,11,20,10,20,10,19,10,20,8,19,8,18,7,17,7,18,7,17,7,18,7,19,6,20,5,20,5,21,4,22,2,23,1,23,0,22,0,20,-2,19]"
CSI_DATA,113487,d8:b1:90:d9:de:f0,-58,11,-99,-34,59,56,1692504605,100,0,114,0,"[-17,2,-18,1,-19,0,-19,0,-19,0,-19,0,-17,0,-17,0,-17,1,-16,2,-16,2,-16,2,-16,2,-17,3,-17,5,-18,5,-19,6,-20,6,-21,7,-21,8,-23,8,-23,9,-22,9,-22,9,-22,9,-22,8,-21,9,-22,8,0,0,-21,8,-21,8,-22,8,-22,8,-23,8,-22,8,-21,9,-22,9,-20,9,-20,10,-20,9,-19,9,-18,8,-17,9,-17,8,-17,9,-16,9,-17,9,-17,10,-17,10,-18,11,-19,11,-20,10,-21,10,-21,10,-20,9,-20,7,-17,5]"
CSI_DATA,113488,d8:b1:90:d9:de:f0,-58,11,-99,-34,59,56,1692518585,100,0,114,0,"[9,-12,11,-13,12,-14,14,-14,13,-13,14,-13,13,-11,12,-11,11,-12,11,-12,11,-11,11,-12,10,-13,10,-14,10,-14,11,-15,11,-17,11,-17,12,-20,11,-19,12,-20,11,-20,12,-20,12,-20,12,-19,12,-20,13,-19,13,-19,0,0,14,-19,12,-18,13,-19,13,-18,14,-19,14,-18,14,-17,14,-18,14,-18,13,-17,12,-17,12,-17,11,-17,11,-17,10,-16,11,-17,10,-15,11,-16,11,-16,12,-16,13,-17,13,-18,13,-17,14,-18,16,-17,16,-17,15,-14,14,-12]"
CSI_DATA,113489,d8:b1:90:d9:de:f0,-58,11,-99,-36,60,56,1692533857,100,0,114,0,"[16,-4,17,-4,17,-4,17,-3,19,-4,18,-4,17,-3,16,-4,16,-5,15,-5,14,-5,14,-6,14,-7,14,-8,14,-9,14,-9,14,-12,16,-12,16,-14,16,-14,16,-16,17,-16,16,-16,16,-17,15,-16,15,-16,14,-16,14,-16,0,0,14,-16,14,-16,14,-16,14,-17,14,-18,14,-18,13,-17,13,-17,12,-18,11,-18,10,-18,9,-18,9,-17,7,-17,7,-16,7,-16,6,-16,7,-16,7,-17,7,-19,7,-19,7,-20,7,-20,8,-21,8,-21,8,-19,8,-19,8,-16]"
CSI_DATA,113490,d8:b1:90:d9:de:f0,-58,11,-99,-38,60,56,1692544894,100,0,114,0,"[12,10,13,11,13,14,13,13,14,13,14,14,12,12,11,12,13,10,12,10,12,9,13,9,13,8,14,8,15,8,17,8,18,8,19,8,20,7,21,7,22,7,23,6,23,6,23,5,23,6,23,6,23,6,21,5,0,0,23,5,21,5,22,5,23,4,23,4,23,4,23,3,22,3,21,2,22,2,21,1,21,2,21,0,19,0,19,0,19,0,17,0,18,0,19,-1,20,-1,20,0,21,-1,22,0,23,0,22,0,21,0,20,0,18,1]"
CSI_DATA,113491,d8:b1:90:d9:de:f0,-58,11,-99,-34,59,56,1692564355,100,0,114,0,"[2,-17,3,-19,4,-20,5,-20,5,-19,5,-18,5,-17,5,-17,3,-17,2,-17,2,-16,2,-16,1,-17,0,-17,0,-18,0,-19,0,-20,0,-20,0,-22,-1,-23,-2,-23,-2,-24,-2,-24,-2,-25,-2,-23,-2,-23,-2,-24,-2,-23,0,0,-2,-23,-1,-23,0,-23,0,-23,-1,-23,-1,-24,-2,-24,-2,-24,-2,-23,-2,-23,-3,-22,-3,-21,-3,-20,-3,-20,-2,-19,-3,-20,-3,-18,-3,-20,-3,-20,-3,-21,-4,-22,-3,-22,-3,-23,-2,-23,-2,-23,-1,-23,0,-21,0,-19]"
CSI_DATA,113492,d8:b1:90:d9:de:f0,-58,11,-99,-36,60,56,1692583961,100,0,114,0,"[-13,9,-15,8,-16,7,-16,7,-17,7,-16,6,-16,5,-14,4,-15,6,-14,6,-14,6,-14,6,-14,7,-14,7,-15,8,-16,9,-16,9,-18,9,-19,11,-18,12,-19,11,-19,12,-19,12,-19,12,-19,12,-19,10,-19,10,-19,10,0,0,-19,9,-19,8,-20,9,-20,8,-20,8,-21,8,-21,8,-21,8,-21,8,-20,8,-19,7,-19,7,-19,7,-18,7,-17,7,-18,7,-16,7,-17,6,-18,7,-19,7,-19,7,-21,6,-21,5,-21,5,-22,4,-22,3,-20,2,-18,0]"
CSI_DATA,113493,d8:b1:90:d9:de:f0,-57,11,-99,-35,59,56,1692604146,100,0,114,0,"[6,16,6,17,5,18,5,18,6,18,6,18,6,16,6,16,7,15,7,15,8,14,9,13,10,14,11,14,13,14,13,14,15,14,16,14,18,15,19,14,20,15,21,13,21,13,22,13,21,13,21,13,21,13,20,12,0,0,21,11,21,11,22,11,21,10,22,10,22,10,22,9,23,9,23,8,22,7,22,6,21,5,20,5,20,4,19,3,20,3,19,3,20,2,20,2,20,2,21,1,22,1,23,2,23,2,23,2,22,2,20,3,19,3]"
CSI_DATA,113494,d8:b1:90:d9:de:f0,-58,11,-99,-34,59,56,1692624681,100,0,114,0,"[8,-14,11,-15,11,-15,12,-15,12,-15,13,-15,12,-14,11,-14,10,-13,10,-13,10,-13,10,-13,9,-14,9,-14,9,-15,10,-17,10,-17,11,-17,11,-20,11,-20,11,-20,11,-21,11,-21,12,-21,12,-21,13,-20,13,-20,12,-20,0,0,13,-19,14,-18,14,-18,14,-18,15,-18,15,-18,15,-18,15,-19,15,-18,14,-18,15,-17,14,-16,13,-15,13,-15,13,-14,13,-14,12,-13,13,-14,13,-14,14,-15,15,-16,16,-15,17,-14,18,-14,19,-13,18,-12,17,-10,17,-9]"
CSI_DATA,113495,d8:b1:90:d9:de:f0,-58,11,-99,-34,59,56,1692644251,100,0,114,0,"[-10,-11,-10,-14,-9,-15,-8,-16,-8,-16,-8,-15,-8,-16,-6,-15,-8,-14,-8,-14,-7,-14,-7,-14,-8,-14,-8,-14,-8,-15,-8,-16,-10,-17,-9,-18,-11,-19,-11,-20,-11,-20,-11,-21,-11,-22,-11,-22,-9,-22,-8,-21,-8,-22,-8,-21,0,0,-5,-21,-5,-21,-5,-22,-5,-23,-4,-23,-4,-23,-4,-23,-3,-22,-2,-22,-2,-21,-2,-20,-2,-21,-1,-20,-1,-20,-1,-19,0,-19,0,-18,0,-19,0,-19,0,-21,1,-21,2,-22,2,-22,4,-23,6,-23,6,-22,7,-20,8,-17]"
CSI_DATA,113496,d8:b1:90:d9:de:f0,-58,11,-99,-37,60,56,1692667856,100,0,114,0,"[2,-16,2,-17,3,-18,4,-16,5,-19,4,-18,5,-18,5,-16,3,-16,3,-16,2,-16,2,-16,2,-16,1,-17,1,-17,1,-18,0,-19,1,-22,0,-21,0,-24,0,-23,0,-24,0,-24,0,-24,1,-24,1,-24,1,-24,1,-23,0,0,2,-23,2,-24,2,-22,3,-24,3,-21,4,-24,2,-23,3,-24,3,-22,3,-23,2,-21,2,-21,2,-20,2,-18,2,-19,2,-18,2,-19,2,-18,3,-19,3,-20,4,-21,4,-21,5,-23,6,-23,7,-22,7,-20,8,-20,8,-17]"
CSI_DATA,113497,d8:b1:90:d9:de:f0,-58,11,-99,-37,60,56,1692685664,100,0,114,0,"[16,3,17,4,18,5,18,5,18,6,18,5,17,5,16,5,16,2,16,2,15,2,16,1,16,0,17,0,18,0,18,0,20,-2,21,-2,21,-3,22,-4,23,-5,24,-6,23,-6,23,-8,23,-7,23,-6,22,-7,21,-8,0,0,21,-8,21,-8,21,-8,21,-8,21,-8,21,-9,21,-9,21,-10,20,-10,19,-10,18,-10,18,-10,17,-10,16,-10,16,-10,16,-11,15,-11,15,-12,16,-12,16,-13,16,-13,16,-13,17,-13,18,-14,18,-13,18,-13,17,-12,16,-10]"
CSI_DATA,113498,d8:b1:90:d9:de:f0,-58,11,-99,-37,60,56,1692698547,100,0,114,0,"[7,-16,8,-16,10,-16,10,-16,12,-16,11,-15,12,-14,11,-13,10,-13,10,-12,10,-12,10,-13,10,-13,10,-13,11,-13,11,-15,11,-16,13,-17,13,-17,13,-18,14,-16,15,-18,15,-17,15,-17,16,-17,16,-16,17,-16,18,-15,0,0,17,-13,18,-13,18,-13,19,-13,19,-12,20,-12,20,-11,20,-11,20,-10,20,-10,18,-9,19,-8,18,-8,17,-8,17,-8,18,-8,18,-8,18,-7,19,-7,20,-7,21,-6,21,-5,23,-4,22,-2,22,-2,21,0,21,0,18,2]"
CSI_DATA,113499,d8:b1:90:d9:de:f0,-58,11,-99,-36,60,56,1692709333,100,0,114,0,"[16,-5,18,-4,19,-2,19,-2,19,0,19,0,18,0,17,0,16,0,16,0,15,0,16,0,16,0,16,-1,18,-1,19,-1,19,-2,20,0,21,0,21,-1,21,0,23,0,23,0,23,0,23,0,23,1,22,1,22,2,0,0,21,2,21,4,21,5,21,5,21,6,22,6,22,7,21,7,20,7,20,7,19,7,19,7,19,7,18,7,16,7,17,7,16,7,16,8,17,8,17,9,18,10,18,12,18,12,17,14,16,14,14,14,13,15,11,14]"
CSI_DATA,113500,d8:b1:90:d9:de:f0,-58,9,-99,-37,60,56,1692725123,108,0,106,0,"[-74,10,31,0,-67,10,9,0,-59,10,-35,0,-46,10,-81,0,-29,10,66,0,-11,10,34,0,6,0,5,0,20,0,-22,10,21,0,-59,10,4,0,85,10,-35,10,54,10,-90,10,36,10,38,10,36,10,0,0,0,0,-65,10,69,10,85,10,-92,10,79,10,-71,10,-72,10,-54,10,-5,10,-53,10,78,10,-56,10,-32,10,-60,10,37,0,-60,10,-92,0,-61,10,-33,0,-62,10,6,0,-61,10,16,0,-64,10,-14,0]"
CSI_DATA,113501,d8:b1:90:d9:de:f0,-58,11,-99,-35,60,56,1692736242,100,0,114,0,"[-15,0,-17,-1,-17,-2,-17,-3,-17,-3,-17,-4,-15,-4,-15,-4,-15,-4,-15,-3,-14,-3,-15,-4,-15,-3,-15,-2,-17,-3,-17,-3,-18,-3,-19,-4,-21,-4,-21,-4,-21,-4,-21,-4,-22,-4,-22,-4,-21,-6,-20,-6,-21,-6,-20,-6,0,0,-20,-7,-19,-8,-20,-9,-19,-8,-19,-9,-19,-10,-18,-10,-19,-11,-19,-11,-18,-10,-18,-10,-17,-10,-17,-9,-16,-9,-15,-9,-15,-9,-15,-9,-15,-10,-15,-10,-15,-11,-16,-12,-16,-13,-16,-14,-16,-15,-15,-15,-13,-15,-12,-15,-10,-15]"
CSI_DATA,113502,d8:b1:90:d9:de:f0,-58,11,-99,-36,60,56,1692754087,100,0,114,0,"[0,-15,0,-16,0,-18,2,-18,2,-18,2,-17,2,-16,2,-16,0,-15,0,-15,0,-14,0,-15,-1,-15,-1,-16,-2,-16,-3,-17,-3,-18,-3,-19,-4,-20,-4,-20,-5,-21,-5,-21,-5,-21,-6,-21,-5,-21,-5,-20,-6,-20,-5,-21,0,0,-4,-20,-5,-20,-5,-21,-5,-21,-5,-20,-4,-21,-5,-21,-5,-21,-6,-21,-6,-21,-7,-20,-7,-19,-7,-19,-7,-17,-7,-17,-7,-16,-7,-16,-7,-17,-7,-17,-7,-19,-7,-19,-7,-20,-7,-20,-7,-21,-7,-21,-5,-21,-4,-20,-3,-17]"
CSI_DATA,113503,d8:b1:90:d9:de:f0,-58,11,-99,-37,60,56,1692773640,100,0,114,0,"[2,-16,4,-16,5,-17,5,-18,6,-17,6,-17,6,-16,6,-15,4,-16,4,-16,4,-15,4,-15,4,-15,3,-16,3,-17,3,-18,3,-20,3,-20,3,-21,3,-22,2,-23,2,-24,2,-24,2,-24,3,-22,4,-21,4,-22,5,-21,0,0,4,-22,5,-21,5,-21,5,-21,5,-22,5,-22,5,-22,5,-23,5,-22,5,-21,5,-21,5,-21,5,-20,5,-19,5,-18,5,-19,5,-18,5,-18,5,-18,5,-19,5,-20,6,-21,7,-21,8,-21,10,-21,10,-19,10,-17,10,-15]"
CSI_DATA,113504,d8:b1:90:d9:de:f0,-58,11,-99,-37,60,56,1692784662,100,0,114,0,"[-8,14,-10,15,-10,15,-12,14,-12,15,-12,14,-12,13,-12,12,-10,13,-10,13,-9,12,-10,13,-9,13,-9,13,-9,14,-10,15,-10,16,-11,18,-11,18,-11,19,-12,19,-13,20,-13,20,-12,20,-13,19,-13,18,-13,18,-13,18,0,0,-13,16,-14,17,-14,16,-15,18,-15,18,-16,17,-15,17,-16,17,-15,16,-15,16,-15,16,-14,16,-13,15,-13,14,-13,14,-13,13,-13,13,-13,13,-13,14,-14,14,-16,15,-16,14,-17,14,-18,13,-18,12,-18,11,-18,10,-16,8]"
CSI_DATA,113505,d8:b1:90:d9:de:f0,-58,11,-99,-37,60,56,1692832972,100,0,114,0,"[5,-16,6,-16,7,-17,8,-16,8,-18,8,-17,9,-16,8,-16,7,-15,7,-14,6,-14,6,-15,5,-16,5,-16,5,-17,5,-18,5,-18,4,-21,5,-21,5,-22,5,-23,5,-24,5,-23,5,-24,5,-23,5,-23,5,-22,5,-21,0,0,5,-21,5,-21,5,-21,6,-22,5,-22,5,-22,6,-22,6,-22,5,-22,5,-22,5,-21,4,-20,3,-19,3,-18,3,-18,3,-18,3,-18,3,-19,4,-19,5,-20,5,-21,5,-21,5,-22,6,-23,7,-22,8,-21,7,-20,7,-17]"
CSI_DATA,113506,d8:b1:90:d9:de:f0,-58,11,-99,-38,60,56,1692845427,100,0,114,0,"[16,-2,18,-2,19,-1,20,-2,19,-1,20,-2,18,-1,17,-2,15,-4,16,-3,15,-5,15,-4,15,-5,15,-6,16,-8,17,-9,17,-10,17,-11,17,-13,17,-14,18,-14,17,-15,18,-16,18,-17,17,-16,16,-15,16,-17,16,-16,0,0,15,-17,14,-16,14,-17,14,-17,14,-18,14,-18,14,-18,14,-20,12,-20,11,-19,10,-19,9,-18,9,-17,8,-18,7,-17,7,-17,6,-17,5,-17,5,-18,5,-19,5,-20,6,-21,6,-21,6,-21,7,-22,7,-20,7,-18,7,-17]"
CSI_DATA,113507,d8:b1:90:d9:de:f0,-58,11,-99,-37,60,56,1692857890,100,0,114,0,"[-13,10,-16,10,-16,9,-17,8,-18,8,-17,8,-17,6,-16,7,-15,7,-15,7,-14,7,-15,8,-14,8,-14,8,-15,9,-16,10,-16,10,-18,11,-18,12,-19,13,-19,13,-20,13,-20,13,-20,13,-20,12,-20,12,-20,11,-21,11,0,0,-21,10,-21,10,-21,10,-21,10,-21,10,-22,9,-21,9,-22,8,-21,8,-21,9,-20,9,-19,8,-18,8,-18,7,-18,7,-17,8,-17,7,-18,7,-18,7,-18,7,-20,6,-20,6,-21,5,-22,5,-21,4,-21,2,-20,2,-18,0]"
CSI_DATA,113508,d8:b1:90:d9:de:f0,-58,11,-99,-36,60,56,1692874209,100,0,114,0,"[-2,16,-3,16,-4,17,-5,17,-6,18,-6,16,-7,16,-6,15,-4,15,-5,14,-4,14,-4,14,-4,14,-4,15,-4,16,-4,17,-4,17,-4,19,-4,19,-4,20,-4,20,-4,21,-5,21,-4,21,-5,21,-6,21,-6,21,-6,20,0,0,-7,20,-7,20,-8,19,-8,20,-8,19,-9,20,-9,19,-9,20,-9,19,-9,19,-8,19,-7,18,-8,17,-7,16,-8,16,-8,16,-8,16,-8,17,-9,17,-9,17,-10,18,-11,18,-12,18,-12,19,-14,18,-14,16,-13,14,-13,12]"
CSI_DATA,113509,d8:b1:90:d9:de:f0,-58,11,-99,-36,60,56,1692894050,100,0,114,0,"[10,11,11,13,11,14,10,15,9,14,8,14,7,15,7,14,7,14,7,14,6,14,7,14,7,14,7,14,8,15,9,16,8,16,9,18,9,18,8,19,8,20,8,21,7,21,7,21,7,21,6,21,6,21,4,22,0,0,2,21,2,20,2,21,1,22,0,22,0,22,0,22,-2,22,-1,22,-1,22,-1,21,-2,20,-2,19,-2,19,-2,17,-2,17,-3,17,-4,18,-4,18,-6,19,-7,19,-8,19,-8,19,-9,19,-10,19,-12,17,-12,15,-11,13]"
CSI_DATA,113510,d8:b1:90:d9:de:f0,-59,11,-99,-35,60,56,1692929391,100,0,114,0,"[-14,-4,-15,-4,-15,-6,-15,-6,-17,-5,-15,-4,-15,-4,-14,-4,-14,-2,-14,-2,-14,-2,-15,-1,-15,0,-15,0,-17,1,-17,2,-19,3,-19,3,-19,4,-19,6,-19,6,-21,6,-21,7,-21,8,-19,8,-19,8,-19,8,-19,8,0,0,-19,10,-19,10,-18,9,-18,11,-18,11,-18,11,-17,12,-17,12,-17,13,-16,13,-15,13,-15,13,-14,13,-13,13,-12,13,-12,13,-11,14,-11,13,-11,14,-11,15,-11,16,-12,16,-12,16,-13,17,-13,17,-13,16,-11,15,-11,13]"
CSI_DATA,113511,d8:b1:90:d9:de:f0,-58,11,-99,-35,60,56,1692941422,100,0,114,0,"[13,7,14,8,14,11,14,11,13,12,13,12,13,11,12,11,13,9,12,8,12,8,13,8,13,7,14,8,15,7,16,8,17,7,17,8,19,8,19,8,20,8,20,8,21,8,21,8,20,8,20,8,19,8,19,8,0,0,19,8,19,9,19,10,19,8,19,9,19,9,19,9,20,9,19,8,19,8,18,7,19,7,18,6,17,6,16,6,17,6,16,6,16,6,17,6,17,7,18,7,19,8,19,8,19,8,18,9,17,11,15,10,15,10]"
CSI_DATA,113512,d8:b1:90:d9:de:f0,-58,11,-99,-34,59,56,1692955247,100,0,114,0,"[15,-5,17,-5,17,-5,18,-4,19,-5,18,-4,18,-3,17,-3,16,-4,16,-3,15,-5,16,-4,16,-5,16,-5,17,-5,17,-6,19,-8,20,-8,20,-9,21,-8,23,-9,23,-11,23,-10,22,-11,22,-9,23,-8,22,-8,23,-8,0,0,23,-8,22,-7,22,-7,23,-7,23,-6,23,-7,23,-7,23,-6,22,-7,21,-6,20,-6,21,-7,20,-7,19,-6,18,-6,17,-7,17,-5,18,-6,19,-6,20,-6,20,-6,20,-6,22,-5,23,-4,22,-4,21,-3,20,-2,17,0]"
CSI_DATA,113513,d8:b1:90:d9:de:f0,-58,11,-99,-34,59,56,1692974159,100,0,114,0,"[-8,-14,-8,-16,-8,-17,-7,-18,-8,-18,-7,-17,-7,-17,-6,-16,-7,-15,-6,-14,-7,-14,-7,-14,-8,-14,-8,-14,-9,-15,-10,-16,-11,-17,-11,-17,-12,-17,-13,-18,-14,-19,-14,-20,-14,-20,-14,-20,-14,-20,-14,-19,-12,-20,-12,-20,0,0,-11,-20,-12,-20,-11,-20,-12,-20,-11,-20,-11,-20,-11,-20,-11,-20,-11,-20,-11,-19,-11,-18,-11,-19,-11,-19,-11,-17,-10,-17,-10,-16,-10,-16,-10,-16,-10,-17,-11,-17,-10,-18,-11,-20,-10,-20,-10,-20,-8,-21,-8,-20,-7,-19,-5,-17]"
CSI_DATA,113514,d8:b1:90:d9:de:f0,-58,11,-99,-38,60,56,1692986268,100,0,114,0,"[12,10,13,12,13,13,13,14,13,13,14,13,13,11,13,11,13,10,12,9,13,8,13,8,14,7,15,7,17,6,17,5,19,5,20,5,22,4,22,3,23,2,24,2,23,2,23,1,23,1,23,1,23,0,22,0,0,0,23,0,22,0,23,-1,23,-1,23,-2,23,-2,23,-2,23,-3,23,-4,21,-5,21,-5,20,-5,20,-7,19,-7,17,-7,18,-8,17,-8,17,-9,18,-9,18,-9,19,-10,20,-11,19,-11,21,-11,20,-11,20,-11,19,-10,17,-8]"
CSI_DATA,113515,d8:b1:90:d9:de:f0,-57,11,-99,-35,59,56,1693004210,100,0,114,0,"[16,-8,18,-8,19,-6,19,-6,20,-6,19,-6,18,-5,17,-5,16,-6,16,-6,15,-6,16,-6,15,-6,16,-7,16,-7,18,-8,18,-10,20,-10,20,-10,20,-11,21,-12,22,-12,23,-12,23,-12,23,-11,23,-10,23,-10,22,-10,0,0,23,-8,23,-8,23,-8,23,-9,23,-8,23,-8,23,-8,23,-7,23,-7,22,-7,21,-6,21,-7,20,-6,20,-6,19,-6,20,-6,19,-6,19,-6,19,-6,20,-6,21,-6,23,-5,23,-5,23,-4,23,-3,23,-2,21,0,20,0]"
CSI_DATA,113516,d8:b1:90:d9:de:f0,-58,11,-99,-34,59,56,1693034113,100,0,114,0,"[4,-16,4,-17,6,-17,7,-17,7,-18,7,-17,8,-16,7,-15,5,-15,6,-14,5,-14,5,-15,5,-17,5,-16,5,-17,5,-19,5,-20,5,-21,5,-22,5,-23,5,-23,5,-23,7,-23,5,-24,6,-23,6,-23,6,-23,7,-23,0,0,8,-22,8,-23,8,-22,9,-22,8,-21,10,-22,10,-22,10,-22,9,-21,9,-21,8,-20,8,-20,8,-19,8,-18,7,-18,8,-17,7,-17,8,-17,8,-17,10,-18,10,-19,11,-20,11,-19,12,-19,13,-19,14,-17,13,-15,12,-13]"
CSI_DATA,113517,d8:b1:90:d9:de:f0,-58,11,-99,-37,60,56,1693054272,100,0,114,0,"[-10,13,-10,13,-12,14,-11,13,-11,15,-10,14,-10,14,-10,13,-8,13,-8,13,-7,13,-7,15,-5,16,-5,16,-4,16,-4,18,-3,19,-4,21,-2,21,-2,23,-1,22,0,23,-1,23,0,24,0,24,0,24,0,24,1,23,0,0,0,22,1,23,2,22,2,24,2,22,2,23,3,22,4,24,5,23,5,23,7,21,6,21,7,20,6,18,7,18,8,17,8,17,8,16,8,17,10,18,10,19,10,19,10,20,10,20,10,21,9,19,8,18,7,17]"
CSI_DATA,113518,d8:b1:90:d9:de:f0,-58,11,-99,-37,60,56,1693067409,100,0,114,0,"[-16,4,-17,3,-18,2,-18,1,-18,1,-18,0,-18,0,-17,0,-16,0,-16,0,-16,0,-15,0,-16,0,-16,1,-17,1,-18,1,-20,1,-20,1,-22,0,-22,0,-23,0,-24,0,-24,0,-24,0,-23,0,-23,-2,-22,-2,-23,-2,0,0,-22,-4,-21,-5,-23,-6,-21,-6,-22,-6,-22,-8,-21,-8,-21,-8,-21,-8,-19,-7,-18,-8,-19,-8,-18,-9,-18,-8,-16,-8,-17,-10,-16,-9,-16,-9,-16,-10,-16,-10,-17,-12,-17,-13,-17,-13,-16,-16,-15,-16,-13,-16,-10,-16,-9,-16]"
CSI_DATA,113519,d8:b1:90:d9:de:f0,-58,11,-99,-37,60,56,1693089603,100,0,114,0,"[13,-11,13,-11,14,-12,14,-10,14,-12,13,-12,13,-11,13,-10,10,-11,10,-12,10,-11,9,-13,9,-14,8,-14,8,-16,8,-17,7,-18,8,-20,8,-21,7,-22,6,-22,7,-23,6,-23,5,-24,5,-23,5,-22,4,-22,5,-22,0,0,4,-21,4,-22,3,-21,3,-24,2,-23,2,-24,2,-23,2,-23,1,-23,0,-23,0,-21,0,-21,0,-20,-2,-18,-1,-19,-2,-18,-2,-18,-2,-18,-3,-19,-3,-20,-3,-21,-3,-21,-4,-22,-4,-23,-3,-23,-2,-22,-2,-21,-1,-18]"
CSI_DATA,113520,d8:b1:90:d9:de:f0,-58,11,-99,-37,60,56,1693103143,100,0,114,0,"[-11,-11,-12,-13,-11,-14,-12,-13,-13,-13,-13,-13,-13,-13,-12,-11,-13,-10,-13,-10,-13,-8,-13,-8,-13,-8,-14,-7,-16,-6,-17,-7,-18,-6,-19,-6,-21,-5,-21,-5,-23,-4,-24,-4,-24,-3,-24,-2,-24,-3,-24,-3,-23,-2,-22,-2,0,0,-23,-2,-22,-1,-23,-1,-24,0,-23,0,-24,0,-23,0,-23,0,-23,1,-21,1,-21,2,-21,2,-20,2,-19,3,-18,3,-18,4,-18,4,-18,5,-18,5,-18,5,-19,6,-20,6,-21,6,-22,6,-22,5,-21,5,-20,4,-18,3]"
CSI_DATA,113521,d8:b1:90:d9:de:f0,-58,11,-99,-35,60,56,1693115110,100,0,114,0,"[14,-7,15,-7,16,-6,16,-6,17,-7,17,-6,17,-6,15,-6,14,-6,14,-6,13,-6,13,-7,13,-7,13,-8,14,-9,14,-9,15,-10,16,-12,17,-12,17,-13,17,-13,17,-14,18,-13,17,-14,17,-13,18,-13,17,-13,17,-13,0,0,17,-12,17,-12,17,-11,19,-12,18,-12,19,-12,19,-12,19,-11,17,-12,17,-12,17,-11,16,-11,15,-11,15,-10,15,-11,14,-11,15,-10,15,-11,15,-11,16,-11,16,-11,17,-11,17,-10,20,-11,19,-10,19,-8,19,-7,17,-6]"
CSI_DATA,113522,d8:b1:90:d9:de:f0,-58,11,-99,-34,59,56,1693134072,100,0,114,0,"[17,2,18,4,19,5,19,6,19,5,17,5,17,5,17,5,16,4,15,4,15,4,15,3,16,2,17,2,17,2,18,2,20,2,21,1,22,0,23,0,23,1,24,0,23,1,24,0,23,1,24,1,23,1,23,2,0,0,23,2,23,2,23,2,23,2,24,2,24,2,24,2,23,3,23,2,22,2,22,2,21,2,21,2,20,2,19,1,20,1,19,1,20,1,20,1,20,2,22,2,22,2,22,3,24,4,23,5,22,5,20,6,17,6]"
CSI_DATA,113523,d8:b1:90:d9:de:f0,-58,11,-99,-36,60,56,1693155066,100,0,114,0,"[16,0,17,0,18,1,18,2,19,1,18,1,18,1,16,1,16,0,16,0,14,0,16,0,16,-2,16,-2,17,-2,17,-4,19,-5,19,-7,21,-7,21,-8,20,-7,21,-9,21,-8,21,-9,21,-9,21,-9,20,-9,20,-9,0,0,20,-9,20,-9,20,-9,20,-10,20,-9,20,-10,20,-10,21,-11,19,-11,19,-12,19,-12,18,-11,16,-11,15,-11,15,-11,14,-11,14,-11,14,-11,14,-12,15,-12,16,-13,16,-13,17,-12,18,-14,17,-13,17,-12,16,-10,15,-9]"
CSI_DATA,113524,d8:b1:90:d9:de:f0,-58,11,-99,-37,60,56,1693174398,100,0,114,0,"[4,16,3,16,2,17,2,17,3,18,2,18,2,17,2,17,3,16,3,16,3,15,4,16,5,15,6,16,7,16,7,16,9,18,9,18,10,19,11,20,12,20,12,21,12,20,13,20,12,19,11,19,11,19,11,19,0,0,11,18,11,19,11,19,11,19,11,20,11,20,11,19,12,20,12,19,12,19,12,18,13,18,11,16,12,16,11,15,11,15,11,15,11,15,11,15,12,16,13,17,13,17,13,18,13,18,12,18,10,18,10,18,8,17]"
CSI_DATA,113525,d8:b1:90:d9:de:f0,-58,11,-99,-38,60,56,1693184491,100,0,114,0,"[3,-15,5,-17,6,-17,6,-17,5,-18,5,-18,4,-17,4,-16,2,-16,2,-16,1,-15,1,-16,0,-16,0,-17,-2,-17,-2,-19,-3,-20,-3,-20,-5,-22,-5,-22,-6,-22,-8,-22,-8,-22,-8,-22,-8,-22,-8,-21,-8,-22,-8,-21,0,0,-9,-22,-8,-20,-9,-20,-10,-20,-10,-20,-11,-20,-11,-20,-11,-20,-12,-20,-12,-19,-12,-18,-13,-17,-13,-17,-13,-16,-12,-14,-13,-14,-13,-14,-13,-14,-14,-13,-14,-14,-15,-14,-16,-15,-16,-15,-16,-16,-15,-16,-14,-15,-13,-14,-12,-14]"
CSI_DATA,113526,d8:b1:90:d9:de:f0,-58,11,-99,-37,60,56,1693195181,100,0,114,0,"[8,15,8,16,8,18,8,18,8,17,8,18,8,16,8,16,8,14,9,13,9,13,10,12,11,11,12,11,13,11,15,11,16,11,16,11,18,12,19,10,20,10,21,10,21,10,21,10,21,9,21,9,21,8,21,8,0,0,21,7,21,8,22,7,21,7,23,6,23,6,22,5,24,5,23,4,22,3,21,2,21,1,21,0,20,0,19,0,20,0,18,0,19,-1,19,-1,21,-2,21,-2,22,-2,22,-2,23,-2,23,-2,22,-2,20,0,19,0]"
CSI_DATA,113527,d8:b1:90:d9:de:f0,-58,11,-99,-37,60,56,1693214536,100,0,114,0,"[-10,11,-11,11,-13,12,-13,12,-13,12,-13,12,-12,11,-12,11,-10,12,-10,12,-9,12,-9,12,-8,13,-8,14,-8,15,-8,17,-8,18,-8,19,-8,21,-7,21,-6,23,-6,23,-6,23,-6,24,-5,22,-5,22,-5,22,-5,22,0,0,-5,23,-5,21,-5,22,-4,22,-3,23,-4,23,-3,22,-2,23,-2,23,-2,22,-1,21,0,21,0,21,0,20,0,18,0,20,1,18,2,19,1,19,1,20,2,21,2,21,2,21,2,23,1,24,0,23,0,21,0,18]"
CSI_DATA,113528,d8:b1:90:d9:de:f0,-58,11,-99,-33,59,56,1693234281,100,0,114,0,"[-9,-14,-9,-16,-8,-17,-8,-17,-9,-17,-8,-16,-8,-16,-8,-16,-8,-13,-8,-14,-8,-13,-8,-13,-9,-13,-10,-13,-11,-13,-11,-14,-13,-15,-13,-16,-16,-16,-16,-16,-17,-17,-18,-17,-17,-17,-18,-17,-16,-17,-16,-17,-16,-17,-16,-17,0,0,-16,-16,-16,-16,-15,-18,-16,-17,-16,-18,-16,-18,-16,-17,-16,-17,-15,-16,-15,-16,-15,-16,-15,-15,-14,-14,-14,-13,-13,-13,-14,-13,-13,-13,-13,-13,-14,-13,-15,-15,-15,-15,-15,-16,-16,-16,-15,-18,-14,-18,-13,-17,-11,-17,-10,-16]"
CSI_DATA,113529,d8:b1:90:d9:de:f0,-58,11,-99,-34,59,56,1693263958,100,0,114,0,"[-11,-12,-11,-14,-10,-14,-10,-14,-11,-16,-10,-14,-11,-14,-9,-13,-11,-12,-10,-11,-10,-11,-11,-11,-11,-11,-12,-11,-14,-11,-14,-11,-15,-11,-17,-13,-17,-12,-19,-13,-20,-13,-20,-13,-20,-13,-20,-13,-20,-12,-20,-12,-20,-12,-20,-13,0,0,-18,-11,-19,-13,-19,-13,-20,-13,-20,-13,-20,-14,-20,-13,-19,-13,-18,-12,-19,-12,-19,-10,-18,-11,-17,-10,-17,-8,-17,-9,-16,-8,-17,-8,-16,-8,-17,-8,-18,-10,-19,-10,-20,-11,-20,-11,-20,-12,-18,-12,-17,-12,-16,-12,-14,-12]"
CSI_DATA,113530,d8:b1:90:d9:de:f0,-57,11,-99,-34,59,56,1693282480,100,0,114,0,"[-4,-16,-3,-18,-2,-19,-2,-19,-3,-20,-3,-19,-3,-17,-2,-17,-4,-16,-5,-15,-5,-14,-5,-15,-6,-15,-8,-15,-8,-15,-10,-17,-11,-17,-11,-18,-13,-19,-14,-19,-15,-19,-15,-19,-16,-19,-16,-18,-16,-18,-16,-18,-16,-18,-16,-18,0,0,-17,-17,-16,-18,-17,-17,-17,-17,-17,-18,-17,-17,-17,-17,-17,-17,-17,-17,-17,-15,-17,-14,-17,-14,-16,-13,-17,-12,-15,-11,-16,-11,-15,-10,-15,-11,-17,-11,-17,-11,-18,-11,-19,-12,-20,-13,-19,-14,-18,-14,-17,-13,-16,-13,-14,-14]"
CSI_DATA,113531,d8:b1:90:d9:de:f0,-58,11,-99,-34,59,56,1693296966,100,0,114,0,"[-17,2,-18,1,-19,0,-20,0,-20,0,-19,0,-19,-1,-17,-1,-16,0,-16,0,-16,0,-17,0,-16,1,-17,1,-17,1,-19,2,-20,2,-21,3,-23,3,-23,4,-23,3,-23,5,-23,4,-24,4,-24,4,-24,2,-24,2,-23,2,0,0,-22,2,-23,1,-23,1,-24,1,-23,1,-24,1,-23,1,-24,1,-23,1,-23,1,-23,1,-22,0,-20,0,-20,1,-20,1,-19,2,-19,1,-19,1,-19,1,-20,1,-21,0,-21,0,-22,0,-23,-1,-23,-2,-21,-2,-20,-3,-18,-5]"
CSI_DATA,113532,d8:b1:90:d9:de:f0,-58,11,-99,-34,59,56,1693313695,100,0,114,0,"[12,11,12,13,12,15,11,15,12,16,11,15,10,16,9,14,10,13,9,14,10,13,10,13,10,13,11,14,11,14,12,15,13,15,14,16,14,17,15,17,15,17,16,17,16,19,15,19,14,19,14,19,14,20,12,19,0,0,11,20,11,20,11,20,11,20,10,20,11,21,11,20,11,22,10,21,9,21,8,20,8,20,8,19,8,18,8,18,7,17,7,18,6,17,6,18,6,19,6,20,5,22,5,23,5,23,2,23,2,22,1,21,0,19]"
CSI_DATA,113533,d8:b1:90:d9:de:f0,-58,11,-99,-34,59,56,1693324094,100,0,114,0,"[-17,0,-18,0,-19,-1,-19,-2,-20,-3,-19,-3,-18,-3,-17,-3,-16,-2,-16,-2,-16,-2,-16,-1,-16,0,-17,0,-18,0,-20,0,-20,0,-21,0,-22,0,-23,1,-23,1,-24,0,-25,1,-24,0,-24,1,-23,0,-23,0,-23,0,0,0,-23,0,-23,-1,-23,-2,-23,-1,-23,-1,-23,-2,-23,-1,-24,-2,-23,-2,-23,-1,-22,-1,-22,-1,-21,-1,-20,-1,-19,-1,-19,-1,-19,-1,-18,-1,-20,-1,-20,-2,-21,-2,-22,-3,-23,-3,-23,-4,-23,-5,-22,-5,-20,-7,-17,-7]"
CSI_DATA,113534,d8:b1:90:d9:de:f0,-58,11,-99,-33,59,56,1693338084,100,0,114,0,"[2,16,1,18,0,19,0,19,0,19,0,18,-1,18,0,17,0,16,0,16,0,16,0,16,0,16,0,17,0,18,1,18,1,19,1,21,1,22,1,23,1,23,1,24,1,24,1,24,0,24,0,24,0,23,-1,23,0,0,-1,23,-2,23,-2,23,-2,24,-3,23,-4,24,-4,23,-4,23,-4,22,-5,22,-4,21,-5,21,-4,20,-4,19,-4,19,-4,18,-4,18,-5,18,-5,18,-6,19,-6,19,-8,21,-8,20,-10,21,-11,20,-11,19,-11,18,-10,15]"
CSI_DATA,113535,d8:b1:90:d9:de:f0,-58,11,-99,-34,59,56,1693353929,100,0,114,0,"[11,11,11,12,11,14,10,14,11,14,11,14,11,14,10,14,10,13,11,12,10,11,11,12,11,12,12,12,14,12,14,13,15,14,16,14,17,14,17,15,19,15,19,15,19,16,20,15,17,16,18,16,17,16,17,15,0,0,17,17,16,17,16,17,16,17,17,17,16,18,16,17,16,17,15,17,14,17,14,16,14,15,14,15,14,14,13,14,13,14,12,14,13,14,13,14,14,16,14,17,14,17,14,17,14,19,13,19,11,19,9,18,8,17]"
CSI_DATA,113536,d8:b1:90:d9:de:f0,-57,11,-99,-35,59,56,1693366764,100,0,114,0,"[10,-13,11,-13,12,-14,13,-13,13,-15,13,-15,13,-13,11,-13,10,-14,10,-13,9,-13,9,-13,8,-15,8,-16,7,-16,8,-17,8,-20,8,-20,8,-22,6,-23,6,-23,6,-24,6,-23,6,-24,6,-23,6,-23,6,-23,6,-23,0,0,6,-23,6,-23,6,-23,6,-23,6,-23,6,-23,5,-23,5,-23,5,-23,5,-22,4,-22,3,-21,3,-20,2,-20,2,-20,2,-20,1,-19,2,-20,2,-20,2,-21,2,-21,2,-22,3,-23,3,-23,3,-23,4,-22,4,-20,5,-19]"
CSI_DATA,113537,d8:b1:90:d9:de:f0,-58,11,-99,-37,60,56,1693384261,100,0,114,0,"[17,-2,18,-1,19,0,18,0,21,0,19,0,18,1,17,2,16,0,16,0,16,0,16,0,16,0,16,0,18,0,18,0,19,-1,21,0,22,-1,23,0,22,0,24,0,23,0,24,0,23,0,23,1,23,1,22,2,0,0,22,3,23,3,21,3,24,5,23,5,23,5,23,5,23,5,22,5,21,5,21,5,20,5,20,5,18,5,18,5,18,5,18,5,17,6,18,7,18,8,19,8,19,9,20,10,21,11,19,12,18,13,16,13,13,13]"
CSI_DATA,113538,d8:b1:90:d9:de:f0,-58,11,-99,-34,59,56,1693404397,100,0,114,0,"[-17,3,-18,2,-19,2,-19,2,-20,2,-19,2,-17,2,-17,2,-16,3,-16,4,-15,5,-15,5,-15,6,-15,6,-16,8,-17,8,-17,11,-18,11,-19,13,-18,13,-19,14,-19,14,-19,14,-18,16,-17,14,-18,14,-17,15,-17,15,0,0,-17,16,-17,15,-17,15,-17,16,-17,17,-17,16,-17,17,-17,17,-15,17,-15,17,-14,17,-12,17,-12,17,-11,16,-11,16,-11,16,-10,16,-10,17,-10,17,-10,18,-11,18,-11,19,-11,18,-12,20,-13,20,-13,19,-12,16,-11,14]"
CSI_DATA,113539,d8:b1:90:d9:de:f0,-58,11,-99,-34,59,56,1693427885,100,0,114,0,"[-8,-15,-6,-17,-5,-18,-5,-18,-6,-19,-5,-17,-4,-18,-3,-17,-5,-16,-4,-16,-4,-15,-3,-17,-4,-16,-5,-17,-5,-17,-4,-18,-5,-18,-6,-20,-6,-20,-6,-22,-5,-22,-7,-23,-7,-23,-7,-23,-5,-24,-4,-23,-3,-23,-2,-23,0,0,-1,-23,-1,-23,0,-22,0,-23,0,-22,0,-23,0,-23,0,-23,1,-23,2,-23,2,-21,2,-20,2,-20,2,-19,2,-19,2,-19,3,-19,4,-19,4,-19,5,-21,5,-21,6,-22,7,-22,8,-20,11,-20,10,-18,11,-17,11,-15]"
CSI_DATA,113540,d8:b1:90:d9:de:f0,-58,11,-99,-37,60,56,1693456583,100,0,114,0,"[14,9,14,10,14,12,13,11,15,12,14,11,14,11,13,10,14,9,13,9,13,8,14,8,14,8,15,8,16,8,16,8,18,8,19,8,20,8,21,8,22,8,23,8,23,8,22,8,22,8,23,8,21,8,21,8,0,0,21,8,21,9,21,8,22,9,21,9,23,10,22,8,21,9,21,8,21,8,20,8,20,8,19,6,18,6,18,6,18,5,18,5,18,6,18,5,19,7,19,7,20,7,20,8,21,9,20,9,18,9,18,10,16,10]"
CSI_DATA,113541,d8:b1:90:d9:de:f0,-59,11,-99,-37,61,56,1693471545,100,0,114,0,"[15,0,16,1,16,2,16,3,18,3,16,3,16,3,14,3,14,3,14,3,13,3,14,3,14,3,14,3,15,3,16,4,17,3,18,4,19,4,19,5,20,5,20,5,20,7,20,6,19,8,18,8,18,8,17,9,0,0,16,9,16,10,16,11,16,11,15,12,15,12,15,12,15,13,14,12,14,13,14,12,13,13,12,12,11,12,11,12,11,12,11,12,10,13,10,13,10,15,10,16,9,17,9,18,8,18,7,18,5,18,4,18,3,18]"
CSI_DATA,113542,d8:b1:90:d9:de:f0,-59,11,-99,-35,60,56,1693483345,100,0,114,0,"[-10,13,-11,13,-12,13,-12,13,-12,14,-11,13,-11,13,-10,13,-8,13,-9,13,-8,13,-8,13,-6,13,-7,14,-7,15,-7,16,-6,17,-6,19,-6,19,-6,20,-6,20,-6,22,-6,22,-6,22,-6,22,-5,20,-6,21,-5,20,0,0,-6,19,-5,20,-5,19,-5,21,-4,20,-4,21,-4,21,-4,21,-4,21,-4,21,-3,19,-3,20,-2,19,-2,18,-2,17,-1,17,0,17,-1,17,-1,17,-2,19,-2,19,-2,20,-2,21,-2,20,-3,21,-3,19,-3,19,-4,17]"
CSI_DATA,113543,d8:b1:90:d9:de:f0,-58,11,-99,-37,60,56,1693495464,100,0,114,0,"[15,0,16,2,16,3,16,4,18,4,17,5,16,5,16,5,15,4,15,4,15,4,15,4,16,3,16,3,18,3,18,3,20,3,20,4,21,5,22,4,23,5,24,4,24,5,24,5,23,5,23,6,22,6,21,7,0,0,21,7,20,8,20,8,21,10,21,10,21,10,21,10,21,10,20,10,20,10,19,10,18,10,18,10,17,9,16,9,16,10,16,9,16,10,16,10,16,10,16,12,16,13,16,13,16,15,16,16,14,16,12,15,10,15]"
CSI_DATA,113544,d8:b1:90:d9:de:f0,-58,11,-99,-37,60,56,1693506951,100,0,114,0,"[16,3,16,5,16,6,16,8,17,8,16,8,15,8,14,8,14,7,13,8,13,7,13,8,14,8,15,8,16,8,16,9,17,10,18,10,18,11,18,13,19,13,20,13,19,14,20,14,18,16,17,16,17,16,16,16,0,0,14,17,14,16,13,17,13,19,13,19,13,20,13,19,11,21,10,20,10,20,10,19,10,19,8,18,8,18,8,18,8,18,6,18,5,18,5,18,5,19,4,21,4,21,2,21,1,23,0,22,-1,21,-2,20,-3,18]"
CSI_DATA,113545,d8:b1:90:d9:de:f0,-58,11,-99,-34,59,56,1693520456,100,0,114,0,"[-4,17,-5,18,-6,18,-8,17,-8,18,-10,17,-10,16,-9,15,-8,14,-8,14,-8,14,-8,14,-8,14,-8,14,-10,15,-10,16,-11,17,-11,19,-12,20,-12,20,-13,19,-13,20,-14,19,-14,19,-15,18,-15,17,-15,17,-16,17,0,0,-18,15,-18,14,-19,14,-20,14,-20,13,-20,13,-20,11,-21,11,-20,11,-20,11,-19,9,-20,9,-19,8,-18,8,-18,8,-18,8,-18,6,-18,6,-19,6,-20,5,-20,5,-22,4,-22,2,-23,1,-23,0,-22,0,-21,-1,-18,-2]"
CSI_DATA,113546,d8:b1:90:d9:de:f0,-58,11,-99,-37,60,56,1693533844,100,0,114,0,"[12,-10,13,-11,15,-10,16,-9,17,-9,16,-8,16,-8,15,-6,14,-8,13,-7,14,-7,14,-7,14,-7,15,-8,16,-8,17,-8,18,-9,19,-10,19,-10,21,-10,20,-10,22,-10,21,-10,22,-9,22,-8,23,-7,22,-7,22,-6,0,0,22,-5,23,-4,23,-2,23,-2,23,-2,24,-2,23,-2,23,-1,23,0,22,-1,21,0,22,0,21,0,20,0,20,1,19,1,19,2,19,2,20,2,21,2,21,3,22,5,21,5,22,8,21,8,20,9,18,10,15,10]"
CSI_DATA,113547,d8:b1:90:d9:de:f0,-58,11,-99,-34,59,56,1693543897,100,0,114,0,"[-15,5,-16,5,-17,4,-18,2,-18,2,-18,2,-17,2,-17,2,-16,2,-16,2,-14,2,-15,2,-16,5,-17,5,-17,5,-17,5,-19,5,-20,5,-21,7,-22,7,-21,7,-23,7,-23,7,-22,6,-23,6,-23,6,-22,6,-23,5,0,0,-22,5,-23,4,-23,4,-23,4,-23,3,-23,3,-23,3,-23,2,-23,2,-22,3,-21,3,-21,3,-21,2,-20,2,-20,2,-20,2,-19,2,-20,2,-20,2,-20,2,-21,1,-22,0,-23,0,-23,0,-22,0,-22,-2,-20,-2,-18,-3]"
CSI_DATA,113548,d8:b1:90:d9:de:f0,-58,11,-99,-36,60,56,1693564276,100,0,114,0,"[-13,-9,-13,-9,-13,-11,-13,-11,-14,-10,-14,-10,-13,-10,-12,-9,-14,-8,-14,-8,-13,-7,-14,-7,-14,-6,-15,-5,-16,-4,-18,-4,-19,-4,-20,-4,-21,-3,-22,-2,-23,-2,-24,-1,-23,-1,-24,0,-23,0,-23,0,-23,-1,-22,0,0,0,-21,0,-21,0,-22,0,-23,0,-22,0,-23,0,-22,2,-21,2,-21,2,-21,3,-20,3,-21,3,-20,4,-19,4,-18,4,-19,4,-18,6,-18,5,-19,7,-19,6,-19,7,-21,7,-21,7,-21,7,-21,6,-21,6,-19,5,-19,3]"
CSI_DATA,113549,d8:b1:90:d9:de:f0,-58,11,-99,-36,60,56,1693584087,100,0,114,0,"[12,11,12,12,12,14,11,14,12,14,12,14,10,14,9,12,10,12,10,12,10,11,11,11,12,10,12,10,14,10,14,11,16,12,17,12,18,12,19,12,19,12,19,13,19,12,20,12,19,12,19,12,19,12,18,12,0,0,18,13,19,12,18,13,18,13,18,14,18,14,18,13,19,14,18,13,18,12,18,12,17,11,17,10,16,10,16,10,15,9,16,9,15,9,15,9,16,10,16,11,17,12,18,12,19,14,18,14,16,14,15,14,13,14]"
CSI_DATA,113550,d8:b1:90:d9:de:f0,-58,11,-99,-33,59,56,1693594705,100,0,114,0,"[9,13,8,16,8,16,8,17,9,16,8,16,8,16,8,16,8,14,8,14,9,13,9,13,10,13,10,13,12,13,13,14,14,14,15,15,16,16,17,16,18,16,19,16,18,16,19,15,17,15,18,16,16,15,17,16,0,0,17,15,17,15,17,16,18,16,18,16,18,16,18,15,18,15,18,14,18,14,18,14,17,13,16,12,16,12,16,10,16,10,15,10,16,10,16,10,17,10,18,11,18,12,18,12,19,15,17,15,17,14,16,14,13,14]"
CSI_DATA,113551,d8:b1:90:d9:de:f0,-58,11,-99,-37,60,56,1693606108,100,0,114,0,"[5,16,4,18,3,18,2,17,3,18,3,18,2,17,2,16,3,16,3,16,3,15,3,16,5,16,5,16,5,16,6,18,7,18,8,20,8,20,9,21,9,21,9,22,9,22,9,22,8,22,8,22,8,21,7,21,0,0,7,21,6,22,6,22,6,23,5,22,5,23,5,22,6,23,6,21,5,22,5,21,5,21,5,19,5,18,5,18,5,18,5,18,5,18,5,19,5,21,5,21,5,21,4,22,2,23,2,23,1,21,0,21,0,19]"
CSI_DATA,113552,d8:b1:90:d9:de:f0,-58,11,-99,-37,60,56,1693617846,100,0,114,0,"[-16,-2,-16,-3,-17,-5,-17,-5,-16,-6,-16,-6,-16,-6,-15,-6,-15,-5,-15,-5,-14,-5,-14,-5,-15,-5,-16,-6,-16,-5,-17,-6,-18,-6,-19,-8,-21,-8,-21,-8,-21,-8,-22,-8,-21,-9,-21,-10,-21,-10,-20,-10,-19,-11,-18,-11,0,0,-18,-12,-17,-13,-17,-14,-16,-14,-17,-14,-17,-15,-16,-15,-17,-16,-16,-16,-16,-16,-14,-15,-14,-15,-13,-15,-13,-14,-12,-14,-12,-16,-10,-15,-11,-15,-11,-16,-11,-17,-12,-18,-11,-18,-10,-20,-9,-21,-8,-21,-6,-21,-5,-20,-2,-18]"
CSI_DATA,113553,d8:b1:90:d9:de:f0,-58,11,-99,-37,60,56,1693647082,100,0,114,0,"[2,16,2,18,1,18,0,18,0,20,0,19,0,18,0,18,0,17,0,16,0,16,1,16,2,16,2,16,2,17,2,18,3,19,3,21,4,22,5,23,4,24,4,24,3,24,3,24,2,24,2,24,2,23,2,23,0,0,0,23,0,22,0,24,0,23,0,24,-1,24,-1,23,-2,24,-2,24,-1,22,0,22,-1,21,0,20,-1,19,-1,18,-1,18,-1,18,-2,18,-2,19,-2,20,-3,21,-4,21,-4,21,-5,22,-7,21,-8,19,-8,18,-8,17]"
CSI_DATA,113554,d8:b1:90:d9:de:f0,-58,11,-99,-37,60,56,1693664034,100,0,114,0,"[0,-17,0,-18,2,-19,3,-19,3,-19,4,-18,5,-18,5,-16,4,-16,5,-15,4,-15,4,-15,4,-16,4,-16,4,-17,5,-18,5,-19,5,-21,5,-21,5,-23,6,-22,7,-23,8,-22,8,-22,9,-22,9,-22,10,-21,10,-21,0,0,12,-19,12,-19,13,-18,13,-19,14,-19,15,-18,15,-17,16,-18,16,-16,15,-16,14,-16,13,-15,14,-14,13,-13,13,-13,14,-13,14,-12,14,-12,15,-12,17,-12,17,-11,18,-11,19,-10,21,-10,21,-9,21,-7,19,-6,18,-4]"
CSI_DATA,113555,d8:b1:90:d9:de:f0,-58,11,-99,-36,60,56,1693683788,100,0,114,0,"[0,-16,0,-16,0,-18,1,-18,1,-19,1,-18,1,-16,0,-16,0,-16,0,-15,-1,-15,-1,-15,-2,-16,-2,-16,-3,-17,-4,-18,-5,-19,-6,-20,-7,-20,-8,-21,-8,-21,-9,-21,-9,-21,-9,-21,-9,-21,-9,-21,-9,-21,-9,-20,0,0,-9,-21,-10,-21,-10,-20,-11,-20,-10,-20,-11,-20,-11,-20,-11,-19,-12,-19,-12,-18,-12,-16,-12,-17,-12,-16,-12,-15,-12,-14,-12,-14,-12,-14,-12,-14,-12,-14,-13,-15,-14,-15,-14,-16,-14,-16,-14,-16,-14,-18,-13,-17,-12,-16,-9,-14]"
CSI_DATA,113556,d8:b1:90:d9:de:f0,-58,11,-99,-34,59,56,1693694516,100,0,114,0,"[11,11,11,13,12,14,12,14,13,14,12,14,12,14,11,13,12,11,11,11,12,10,13,10,13,9,14,9,16,9,17,8,18,8,20,8,21,8,22,8,23,8,24,8,23,8,24,5,23,7,23,7,23,6,23,7,0,0,23,5,23,5,23,5,23,5,23,5,23,5,23,4,23,4,23,3,22,2,22,2,22,2,20,1,20,0,19,0,19,0,20,0,19,0,20,0,21,0,21,0,22,-1,23,0,23,0,23,0,22,0,21,0,17,1]"
CSI_DATA,113557,d8:b1:90:d9:de:f0,-58,11,-99,-36,60,56,1693714079,100,0,114,0,"[-9,-12,-10,-14,-9,-15,-9,-15,-9,-16,-9,-15,-8,-14,-8,-14,-9,-13,-9,-12,-9,-12,-9,-12,-9,-12,-11,-12,-12,-12,-12,-13,-14,-13,-15,-14,-16,-14,-17,-14,-16,-14,-17,-14,-18,-14,-18,-14,-17,-14,-18,-14,-17,-14,-17,-14,0,0,-16,-14,-17,-14,-17,-14,-18,-14,-18,-14,-18,-14,-17,-14,-18,-14,-17,-14,-17,-13,-17,-13,-16,-12,-16,-12,-16,-11,-15,-10,-16,-9,-15,-9,-15,-9,-15,-9,-16,-11,-16,-11,-17,-12,-17,-12,-18,-13,-17,-14,-16,-14,-15,-13,-12,-12]"
CSI_DATA,113558,d8:b1:90:d9:de:f0,-58,11,-99,-35,60,56,1693724313,100,0,114,0,"[-6,13,-6,15,-6,15,-6,16,-5,17,-4,17,-3,16,-2,15,0,15,0,15,2,15,3,15,5,15,6,15,8,15,10,15,12,15,13,15,15,15,17,13,19,12,19,11,20,10,22,8,22,7,21,6,22,4,22,4,0,0,22,1,21,0,22,-1,22,-2,21,-4,21,-4,20,-6,21,-8,19,-9,17,-11,16,-11,16,-12,15,-13,13,-13,11,-13,10,-15,9,-15,8,-16,7,-17,6,-18,6,-19,6,-20,4,-21,4,-21,4,-22,2,-22,2,-19,2,-17]"
CSI_DATA,113559,d8:b1:90:d9:de:f0,-58,11,-99,-36,60,56,1693734912,100,0,114,0,"[12,10,12,12,12,13,13,13,13,13,13,12,12,12,12,11,12,9,12,9,13,8,13,8,14,7,14,7,16,7,16,6,19,6,19,6,20,5,21,4,21,4,23,4,23,3,23,2,23,3,23,3,22,2,22,2,0,0,22,1,22,2,22,1,22,0,22,0,22,0,22,0,22,0,22,-2,21,-2,21,-2,20,-3,19,-3,19,-4,17,-4,17,-4,16,-4,17,-5,17,-6,18,-7,19,-7,20,-7,20,-7,21,-7,21,-7,20,-7,19,-5,16,-4]"
CSI_DATA,113560,d8:b1:90:d9:de:f0,-58,11,-99,-37,60,56,1693746497,100,0,114,0,"[13,-10,15,-10,16,-9,16,-9,16,-9,16,-9,16,-8,14,-8,13,-9,13,-9,12,-9,13,-9,12,-10,12,-11,12,-12,13,-13,13,-14,14,-16,13,-16,14,-17,14,-17,14,-18,15,-18,14,-19,15,-18,14,-18,14,-18,13,-18,0,0,14,-18,14,-18,13,-18,14,-18,14,-18,13,-18,13,-18,13,-18,13,-18,13,-18,11,-17,11,-17,11,-16,10,-16,10,-16,9,-16,9,-16,9,-16,9,-16,10,-17,10,-18,11,-18,12,-18,12,-18,13,-18,13,-17,13,-16,12,-13]"
CSI_DATA,113561,d8:b1:90:d9:de:f0,-58,11,-99,-36,60,56,1693763820,100,0,114,0,"[-9,-12,-9,-14,-8,-16,-9,-16,-7,-16,-7,-16,-7,-16,-6,-16,-6,-15,-6,-14,-6,-14,-7,-14,-7,-14,-7,-14,-8,-15,-8,-15,-9,-17,-9,-18,-10,-19,-10,-19,-10,-19,-10,-19,-10,-19,-9,-20,-9,-21,-9,-21,-9,-21,-8,-21,0,0,-7,-21,-6,-21,-7,-22,-7,-21,-5,-22,-5,-22,-4,-21,-5,-22,-4,-21,-4,-21,-4,-21,-4,-20,-4,-19,-4,-19,-2,-18,-4,-19,-3,-18,-2,-19,-2,-19,-2,-19,-2,-21,0,-21,-1,-21,0,-22,1,-22,2,-21,3,-19,4,-17]"
CSI_DATA,113562,d8:b1:90:d9:de:f0,-58,11,-99,-37,60,56,1693784349,100,0,114,0,"[-6,15,-8,16,-8,16,-10,16,-10,16,-9,16,-9,15,-8,14,-8,15,-7,14,-6,15,-6,15,-5,16,-5,16,-4,17,-4,18,-3,20,-4,20,-4,21,-2,22,-2,24,-2,24,-2,24,-2,24,-2,24,-2,23,-2,23,-2,22,0,0,-2,22,-2,21,-2,22,-2,22,-2,22,-2,23,-1,23,-1,24,-1,23,0,22,0,21,0,21,0,20,1,20,0,19,1,20,1,18,0,20,1,20,1,21,1,22,1,22,1,22,0,24,0,24,0,23,-1,21,-1,18]"
CSI_DATA,113563,d8:b1:90:d9:de:f0,-58,11,-99,-37,60,56,1693794573,100,0,114,0,"[6,15,6,16,5,18,5,18,6,18,6,17,6,17,5,16,8,14,7,14,8,13,9,13,9,13,10,13,11,13,13,13,14,13,14,13,16,13,17,13,18,13,18,13,20,13,21,13,19,12,19,12,19,12,18,11,0,0,18,10,18,10,19,10,20,10,21,10,21,9,21,9,21,8,21,8,21,8,20,6,21,6,20,5,19,5,18,4,18,3,18,2,18,2,19,2,21,2,21,2,22,2,23,2,24,2,24,3,22,4,21,3,18,4]"
CSI_DATA,113564,d8:b1:90:d9:de:f0,-58,11,-99,-38,60,56,1693813472,100,0,114,0,"[-14,-7,-16,-8,-15,-8,-16,-9,-17,-9,-17,-9,-16,-8,-15,-7,-14,-5,-14,-5,-14,-5,-14,-4,-15,-3,-17,-2,-17,-2,-19,-1,-20,0,-20,0,-22,0,-22,1,-22,2,-23,2,-23,3,-23,3,-23,4,-23,5,-23,5,-21,5,0,0,-22,5,-21,5,-22,6,-23,7,-22,8,-22,7,-22,8,-22,8,-22,8,-20,10,-20,10,-19,10,-17,11,-17,10,-15,10,-16,11,-14,11,-15,11,-15,12,-15,13,-16,14,-17,14,-17,14,-18,14,-17,14,-17,14,-16,11,-16,11]"
CSI_DATA,113565,d8:b1:90:d9:de:f0,-58,11,-99,-37,60,56,1693824013,100,0,114,0,"[-16,-3,-17,-5,-17,-6,-16,-8,-18,-8,-17,-8,-16,-8,-15,-8,-15,-7,-13,-8,-14,-8,-14,-7,-14,-7,-15,-8,-16,-8,-16,-8,-18,-8,-19,-10,-19,-10,-21,-10,-20,-11,-20,-12,-20,-13,-20,-12,-19,-13,-19,-13,-18,-14,-17,-14,0,0,-16,-15,-16,-16,-16,-16,-16,-17,-16,-18,-15,-19,-14,-18,-13,-19,-13,-18,-13,-18,-13,-18,-12,-18,-10,-17,-10,-16,-10,-16,-9,-17,-9,-17,-8,-17,-8,-18,-8,-19,-8,-20,-7,-21,-6,-21,-5,-22,-4,-22,-2,-21,-1,-21,0,-19]"
CSI_DATA,113566,d8:b1:90:d9:de:f0,-58,11,-99,-33,59,56,1693834286,100,0,114,0,"[8,-15,10,-15,11,-16,12,-15,12,-14,13,-13,12,-13,11,-12,10,-13,10,-12,10,-12,10,-12,10,-13,10,-14,10,-14,10,-16,11,-16,12,-17,13,-18,13,-19,13,-19,14,-19,14,-19,15,-19,14,-19,14,-18,15,-18,15,-17,0,0,16,-17,16,-16,16,-16,17,-16,18,-16,18,-16,18,-15,18,-16,18,-15,17,-16,16,-14,16,-14,16,-13,15,-12,15,-12,16,-11,15,-11,15,-11,16,-11,16,-11,18,-12,18,-11,19,-11,20,-10,21,-9,21,-8,19,-5,18,-4]"
CSI_DATA,113567,d8:b1:90:d9:de:f0,-58,11,-99,-34,59,56,1693848290,100,0,114,0,"[-1,17,-3,17,-5,18,-5,17,-6,18,-6,17,-7,17,-7,15,-5,15,-5,15,-5,14,-6,14,-5,15,-5,16,-5,17,-7,17,-6,18,-7,20,-7,20,-8,21,-8,21,-8,22,-9,21,-9,22,-11,22,-11,20,-12,20,-11,19,0,0,-13,18,-14,18,-13,18,-14,18,-15,17,-14,17,-15,17,-16,17,-17,17,-16,17,-15,16,-15,14,-14,13,-14,13,-14,13,-14,13,-14,12,-15,11,-16,11,-17,11,-17,12,-19,11,-20,11,-21,10,-22,8,-20,7,-20,5,-18,3]"
CSI_DATA,113568,d8:b1:90:d9:de:f0,-58,11,-99,-37,60,56,1693864046,100,0,114,0,"[10,-13,13,-13,13,-12,14,-12,14,-12,13,-11,14,-10,13,-10,13,-10,12,-10,11,-10,12,-10,12,-11,12,-12,13,-12,13,-13,13,-14,14,-15,16,-16,16,-16,16,-17,16,-17,17,-17,17,-17,17,-16,16,-16,17,-16,17,-15,0,0,18,-13,18,-13,18,-13,18,-13,19,-13,19,-12,18,-12,20,-12,19,-12,19,-12,18,-11,18,-11,17,-11,17,-10,16,-10,16,-10,16,-9,16,-9,17,-9,18,-9,19,-9,20,-8,20,-8,21,-7,22,-7,21,-5,20,-3,18,-2]"
CSI_DATA,113569,d8:b1:90:d9:de:f0,-58,11,-99,-34,59,56,1693876311,100,0,114,0,"[7,-15,8,-16,10,-17,10,-17,10,-17,9,-16,9,-16,8,-15,7,-15,7,-15,5,-14,5,-15,5,-16,5,-17,3,-17,4,-19,3,-20,3,-22,2,-22,2,-23,1,-23,0,-25,0,-25,0,-25,0,-24,0,-23,0,-24,0,-23,0,0,0,-23,0,-23,0,-23,0,-24,0,-23,-1,-24,-1,-23,-2,-24,-2,-23,-2,-23,-3,-23,-3,-21,-4,-20,-3,-20,-3,-19,-5,-18,-5,-19,-5,-18,-5,-19,-5,-20,-5,-20,-5,-21,-5,-22,-5,-22,-4,-23,-4,-21,-3,-20,-2,-18]"
CSI_DATA,113570,d8:b1:90:d9:de:f0,-58,11,-99,-37,60,56,1693894189,100,0,114,0,"[-5,16,-6,17,-8,16,-9,16,-10,17,-9,16,-10,15,-10,14,-8,14,-8,14,-8,13,-8,13,-8,14,-8,14,-8,15,-8,16,-8,16,-10,18,-10,18,-10,19,-11,20,-11,21,-12,20,-12,21,-13,19,-13,18,-13,18,-13,17,0,0,-13,17,-15,16,-16,16,-16,16,-16,16,-17,16,-17,16,-17,15,-16,14,-16,14,-16,13,-16,13,-15,13,-15,12,-15,11,-15,11,-15,10,-15,10,-16,10,-17,11,-18,11,-18,10,-20,10,-21,9,-21,8,-20,6,-20,5,-18,3]"
CSI_DATA,113571,d8:b1:90:d9:de:f0,-58,11,-99,-37,60,56,1693914089,100,0,114,0,"[-14,8,-16,8,-16,9,-17,8,-16,8,-16,8,-15,8,-14,8,-13,8,-13,9,-12,9,-12,10,-12,10,-12,11,-12,12,-13,14,-12,15,-12,16,-13,17,-12,18,-13,19,-12,20,-13,20,-11,21,-12,21,-11,20,-11,20,-11,21,0,0,-10,21,-10,20,-10,20,-10,20,-10,20,-9,21,-8,21,-9,21,-8,21,-8,21,-7,20,-5,20,-5,20,-5,19,-4,18,-4,18,-3,18,-2,18,-2,18,-3,20,-3,21,-3,21,-3,21,-4,21,-4,22,-5,21,-5,18,-5,17]"
CSI_DATA,113572,d8:b1:90:d9:de:f0,-58,11,-99,-33,59,56,1693934220,100,0,114,0,"[-15,7,-16,7,-17,5,-17,5,-18,7,-17,5,-17,5,-16,5,-16,5,-15,5,-14,5,-16,5,-15,7,-16,7,-16,8,-17,8,-18,9,-19,10,-19,11,-21,11,-21,11,-21,12,-21,11,-21,12,-21,10,-21,10,-21,10,-21,10,0,0,-21,9,-21,9,-21,8,-22,8,-21,8,-22,8,-21,8,-22,8,-21,8,-21,8,-20,8,-20,7,-19,7,-18,6,-18,7,-18,7,-18,7,-18,6,-18,6,-18,7,-19,6,-21,6,-21,5,-21,5,-21,4,-20,2,-20,2,-18,0]"
CSI_DATA,113573,d8:b1:90:d9:de:f0,-58,11,-99,-36,60,56,1693944541,100,0,114,0,"[15,-4,16,-4,17,-3,17,-3,18,-4,17,-4,17,-4,15,-4,15,-4,14,-4,14,-4,14,-4,14,-6,14,-7,15,-7,16,-8,16,-9,18,-10,18,-11,18,-12,19,-12,19,-12,19,-12,19,-13,19,-12,19,-12,19,-12,19,-12,0,0,19,-12,19,-12,18,-11,18,-12,18,-11,19,-12,19,-12,19,-12,18,-12,17,-12,16,-12,16,-12,16,-12,15,-11,14,-11,14,-11,14,-11,14,-11,14,-12,15,-12,16,-12,16,-12,17,-12,17,-12,18,-12,18,-10,16,-9,16,-7]"
CSI_DATA,113574,d8:b1:90:d9:de:f0,-58,11,-99,-35,60,56,1693973594,100,0,114,0,"[0,-15,0,-16,0,-17,0,-17,0,-17,0,-17,0,-16,0,-16,-2,-15,-2,-15,-2,-14,-3,-15,-4,-15,-4,-15,-6,-15,-6,-15,-8,-16,-8,-17,-10,-18,-11,-18,-11,-18,-13,-19,-13,-18,-14,-18,-12,-17,-13,-17,-13,-17,-13,-17,0,0,-13,-15,-13,-16,-14,-16,-14,-16,-14,-15,-15,-15,-15,-15,-15,-15,-15,-14,-15,-14,-15,-13,-15,-12,-15,-11,-15,-10,-15,-9,-15,-9,-15,-8,-15,-8,-15,-8,-16,-9,-17,-9,-18,-9,-18,-9,-19,-11,-19,-11,-18,-11,-17,-11,-15,-10]"
CSI_DATA,113575,d8:b1:90:d9:de:f0,-59,11,-99,-38,61,56,1693996632,100,0,228,0,"[0,-18,0,-19,-1,-19,-1,-18,-1,-17,-2,-15,-2,-13,64,-4,-2,-9,-2,-7,-2,-6,-1,-4,0,-2,0,-1,0,0,0,1,0,2,0,4,0,5,0,6,-2,7,41,4,-5,9,-7,9,-9,9,-12,8,-14,8,-16,7,0,0,-20,4,-22,4,-23,3,-24,2,-24,1,-24,0,-80,9,-22,0,-19,1,-16,2,-13,3,-10,4,-6,5,-4,5,0,6,2,6,4,7,6,7,9,7,12,7,-30,0,15,8,16,7,16,6,16,6,14,6,11,5,9,4,2,4,2,2,2,2,4,3,8,0,7,-6,1,-12,-10,-22,-14,-1,-11,10,-1,16,12,12,18,0,12,-13,0,-18,-14,-13,-19,0,-12,14,0,18,11,12,14,1,6,2,2,-9,-1,-6,-2,-4,-3,-2,-3,-2,-5,-1,0,0,-5,6,0,10,6,8,11,4,12,-3,8,-10,-22,-13,-8,-12,-14,-4,-14,5,-8,14,2,16,13,10,17,-1,11,-12,-1,-17,-13,-10,-16,2,-8,13,4,15,27,14,12,-6,1,-13,-10,-7,-11,4,-2,12,10,8,13,-2]"
CSI_DATA,113576,d8:b1:90:d9:de:f0,-58,11,-99,-36,60,56,1694006864,100,0,114,0,"[0,16,0,16,-2,19,-2,19,-2,19,-2,18,-2,17,-2,16,0,16,0,15,0,15,0,15,0,16,1,16,2,16,2,17,2,18,2,19,3,20,4,21,5,21,6,22,6,22,6,22,5,21,5,21,5,21,4,21,0,0,5,21,4,21,4,21,4,21,5,21,5,21,5,21,5,21,6,21,5,20,5,19,6,19,5,19,5,17,5,17,6,17,6,16,6,16,7,17,7,19,7,19,7,20,7,21,7,21,5,21,4,21,4,20,2,18]"
CSI_DATA,113577,d8:b1:90:d9:de:f0,-58,11,-99,-35,60,56,1694018190,100,0,114,0,"[-14,-8,-14,-9,-14,-11,-13,-11,-15,-11,-14,-11,-13,-11,-12,-10,-13,-8,-13,-8,-13,-8,-13,-8,-13,-7,-13,-7,-15,-7,-15,-8,-17,-7,-17,-8,-19,-8,-19,-8,-19,-8,-20,-8,-20,-8,-21,-8,-19,-8,-19,-8,-19,-9,-19,-8,0,0,-18,-9,-18,-9,-18,-10,-19,-11,-18,-11,-19,-10,-19,-11,-19,-11,-19,-11,-18,-10,-17,-10,-17,-9,-17,-9,-16,-8,-15,-8,-15,-8,-15,-8,-15,-8,-15,-8,-17,-10,-17,-10,-18,-11,-18,-11,-17,-12,-17,-13,-16,-13,-14,-13,-13,-13]"
CSI_DATA,113578,d8:b1:90:d9:de:f0,-59,11,-99,-34,60,56,1694028578,100,0,114,0,"[-16,2,-16,0,-17,0,-17,0,-18,0,-18,0,-16,0,-16,0,-14,2,-15,2,-14,2,-14,3,-14,3,-14,4,-15,4,-16,4,-17,6,-18,6,-19,8,-19,8,-19,8,-19,9,-20,9,-19,10,-19,9,-19,8,-19,8,-18,8,0,0,-18,8,-18,8,-19,8,-19,8,-20,8,-19,9,-18,10,-19,10,-18,10,-18,10,-18,8,-17,9,-16,8,-16,8,-15,9,-16,9,-15,8,-14,9,-14,10,-16,11,-17,11,-17,11,-18,10,-19,9,-19,8,-18,8,-18,6,-18,6]"
CSI_DATA,113579,d8:b1:90:d9:de:f0,-58,11,-99,-36,60,56,1694042070,100,0,114,0,"[15,3,16,4,16,6,16,6,16,6,16,6,15,5,14,4,14,3,15,4,14,3,15,3,15,2,16,2,17,2,19,2,19,0,19,1,21,0,21,0,22,0,24,0,24,0,24,-1,22,0,22,-1,21,-1,21,-1,0,0,22,0,21,0,22,0,21,0,23,-1,22,0,22,0,22,0,22,-1,21,-2,21,-2,20,-2,19,-2,19,-2,17,-2,18,-3,17,-3,17,-3,18,-4,19,-3,20,-4,21,-2,21,-3,21,-3,21,-2,21,-2,19,-1,17,0]"
CSI_DATA,113580,d8:b1:90:d9:de:f0,-58,11,-99,-36,60,56,1694055584,100,0,114,0,"[-13,-9,-14,-9,-14,-12,-14,-12,-14,-11,-14,-11,-13,-10,-12,-10,-12,-9,-13,-8,-12,-8,-13,-7,-14,-7,-14,-7,-16,-7,-16,-7,-18,-7,-19,-7,-20,-7,-20,-7,-22,-7,-23,-6,-22,-6,-23,-5,-21,-5,-21,-6,-21,-6,-21,-5,0,0,-21,-5,-21,-6,-21,-6,-21,-5,-21,-6,-21,-6,-21,-5,-22,-5,-21,-4,-21,-4,-20,-3,-19,-3,-19,-2,-19,-2,-18,-2,-19,-2,-17,-2,-19,-2,-19,-2,-20,-2,-20,-2,-21,-2,-21,-2,-22,-3,-21,-3,-21,-4,-19,-4,-18,-4]"
CSI_DATA,113581,d8:b1:90:d9:de:f0,-58,11,-99,-37,60,56,1694073911,100,0,114,0,"[17,-2,18,-1,18,-2,18,-1,19,-2,18,-2,18,-2,17,-2,16,-5,16,-4,15,-5,15,-5,15,-7,16,-7,16,-8,16,-10,17,-11,18,-13,18,-13,18,-15,17,-16,18,-16,18,-16,18,-17,16,-16,16,-16,16,-16,16,-16,0,0,15,-17,14,-16,15,-17,14,-18,14,-18,14,-18,13,-18,13,-18,12,-19,11,-18,11,-18,10,-18,9,-18,8,-18,8,-18,8,-17,7,-17,7,-18,7,-18,7,-19,7,-20,7,-21,8,-21,8,-22,8,-22,8,-20,8,-19,8,-17]"
CSI_DATA,113582,d8:b1:90:d9:de:f0,-58,11,-99,-37,60,56,1694083904,100,0,114,0,"[-13,10,-15,10,-16,10,-16,9,-17,8,-16,7,-16,7,-15,6,-14,6,-14,7,-14,7,-14,7,-14,8,-15,8,-15,8,-16,9,-17,10,-18,10,-18,10,-19,11,-20,11,-21,11,-21,11,-21,10,-21,10,-21,9,-21,9,-21,8,0,0,-21,7,-22,6,-21,6,-23,6,-22,5,-22,5,-23,5,-23,4,-22,4,-22,4,-21,4,-21,3,-20,3,-19,3,-19,2,-18,2,-18,2,-18,2,-19,1,-20,1,-21,1,-21,0,-22,0,-22,-1,-22,-2,-21,-3,-19,-5,-17,-5]"
CSI_DATA,113583,d8:b1:90:d9:de:f0,-58,11,-99,-36,60,56,1694094023,100,0,114,0,"[12,12,12,14,11,15,10,16,11,16,9,15,9,15,9,14,9,12,9,12,9,12,9,12,10,12,11,12,12,12,13,12,14,13,15,14,15,14,16,15,16,14,18,14,17,14,17,15,17,15,17,16,16,14,16,15,0,0,15,16,16,16,15,16,15,16,16,16,15,16,16,16,16,16,15,16,15,15,15,14,15,14,14,14,14,13,14,13,13,12,13,13,13,13,13,13,14,14,14,14,14,15,14,16,14,16,13,16,12,16,11,16,9,16]"
CSI_DATA,113584,d8:b1:90:d9:de:f0,-58,11,-99,-36,60,56,1694113965,100,0,114,0,"[10,12,11,13,10,14,9,15,9,15,8,15,7,15,7,14,7,14,7,14,7,13,7,14,7,14,7,14,7,15,8,15,9,16,9,18,10,18,9,19,10,19,10,20,9,21,9,21,8,21,8,20,7,21,7,21,0,0,5,21,4,21,4,21,4,21,4,21,3,22,2,21,2,22,2,21,2,21,1,20,1,20,0,20,0,19,0,19,0,19,0,18,0,19,0,19,-2,20,-2,20,-3,21,-4,21,-4,22,-6,21,-7,20,-7,19,-7,16]"
CSI_DATA,113585,d8:b1:90:d9:de:f0,-58,11,-99,-36,60,56,1694124062,100,0,114,0,"[6,-14,7,-15,9,-15,9,-14,9,-14,9,-14,9,-14,9,-13,7,-14,7,-14,7,-14,7,-13,7,-14,7,-14,7,-16,7,-16,7,-17,8,-18,8,-19,7,-19,8,-20,8,-21,8,-21,9,-21,8,-21,9,-19,9,-19,9,-19,0,0,9,-19,10,-19,11,-19,11,-19,10,-19,11,-20,10,-19,11,-19,11,-19,10,-19,10,-17,10,-17,9,-16,9,-16,9,-15,9,-16,9,-15,9,-15,9,-16,10,-16,10,-18,12,-18,12,-18,14,-17,14,-16,14,-15,14,-13,14,-12]"
CSI_DATA,113586,d8:b1:90:d9:de:f0,-58,11,-99,-34,59,56,1694139508,100,0,114,0,"[-17,0,-18,0,-19,-2,-18,-2,-20,-1,-18,-1,-18,-2,-17,-1,-17,0,-17,0,-16,0,-17,0,-17,2,-17,2,-18,3,-19,3,-19,5,-21,5,-21,5,-23,7,-23,7,-23,8,-23,8,-23,9,-23,8,-23,8,-22,8,-22,8,0,0,-22,8,-23,8,-22,8,-23,8,-23,8,-23,9,-22,9,-23,9,-21,9,-21,10,-20,9,-20,9,-18,9,-17,9,-17,9,-17,10,-17,10,-16,10,-17,10,-17,11,-18,11,-19,11,-20,11,-20,11,-20,11,-20,9,-19,8,-17,6]"
CSI_DATA,113587,d8:b1:90:d9:de:f0,-58,11,-99,-37,60,56,1694149824,100,0,114,0,"[7,-16,8,-16,8,-17,9,-16,8,-18,8,-17,8,-16,8,-15,5,-16,5,-15,4,-15,4,-16,2,-16,1,-16,1,-17,0,-18,0,-19,0,-21,-1,-21,-2,-22,-2,-22,-3,-23,-3,-23,-5,-24,-4,-23,-5,-22,-5,-22,-5,-21,0,0,-5,-22,-5,-22,-5,-21,-5,-21,-6,-20,-6,-21,-8,-21,-8,-21,-8,-21,-8,-20,-9,-18,-10,-18,-10,-18,-9,-16,-9,-16,-9,-16,-10,-15,-10,-15,-10,-16,-11,-16,-12,-17,-12,-17,-13,-17,-13,-18,-12,-18,-11,-18,-10,-18,-9,-16]"
CSI_DATA,113588,d8:b1:90:d9:de:f0,-59,9,-99,-38,61,56,1694166680,124,0,106,0,"[-75,10,-22,9,-61,10,-4,9,-36,10,35,10,-15,10,74,10,-4,10,-61,10,-4,10,-30,10,-3,10,0,0,-3,10,30,0,6,0,58,0,30,0,83,0,69,0,-78,0,-53,0,-79,0,-3,0,82,0,0,0,0,0,69,0,46,0,-75,0,27,0,-74,0,21,0,61,0,29,0,0,0,42,0,-74,0,56,0,24,0,64,0,-38,10,65,0,77,10,55,0,28,10,43,0,-10,9,28,0,-16,9,22,0,13,10]"
CSI_DATA,113589,d8:b1:90:d9:de:f0,-58,11,-99,-35,60,56,1694178335,100,0,114,0,"[13,9,13,11,13,12,13,13,13,13,13,13,12,13,11,12,11,10,11,10,11,9,11,10,12,10,13,9,13,9,14,10,15,10,16,11,17,11,17,12,18,12,19,12,19,12,19,12,18,13,18,13,17,13,17,13,0,0,17,14,16,13,16,14,16,14,16,14,16,15,15,14,16,14,15,14,15,14,15,13,15,13,14,13,13,12,13,12,13,12,13,11,12,11,13,12,14,13,14,15,15,15,15,16,13,17,13,17,11,16,10,16,8,16]"
CSI_DATA,113590,d8:b1:90:d9:de:f0,-58,11,-99,-37,60,56,1694193646,100,0,114,0,"[16,4,18,5,18,6,18,7,18,7,19,6,18,6,17,5,16,3,16,4,16,2,16,2,16,1,17,1,18,0,19,0,20,0,21,-1,23,-2,22,-2,23,-2,24,-3,24,-3,24,-4,23,-3,23,-3,23,-3,24,-3,0,0,23,-3,22,-3,23,-3,23,-3,24,-5,24,-5,23,-5,24,-5,22,-5,21,-5,21,-5,21,-5,20,-6,18,-6,17,-6,18,-7,17,-7,17,-8,18,-7,18,-8,18,-8,19,-8,20,-8,20,-8,21,-8,20,-6,18,-5,18,-4]"
CSI_DATA,113591,d8:b1:90:d9:de:f0,-58,11,-99,-34,59,56,1694203866,100,0,114,0,"[-13,-11,-14,-11,-14,-13,-13,-13,-14,-14,-14,-12,-14,-13,-12,-11,-13,-9,-13,-10,-13,-8,-14,-8,-14,-6,-15,-6,-17,-5,-17,-5,-20,-5,-21,-5,-23,-3,-23,-3,-23,-2,-24,-2,-24,-2,-24,-1,-25,0,-24,0,-24,0,-24,0,0,0,-23,0,-23,0,-23,1,-23,2,-23,2,-23,2,-23,3,-23,3,-23,5,-22,5,-21,5,-20,6,-20,6,-18,7,-17,7,-17,7,-17,8,-17,8,-17,8,-18,9,-18,9,-19,10,-20,10,-20,11,-20,11,-20,9,-18,8,-16,7]"
CSI_DATA,113592,d8:b1:90:d9:de:f0,-58,11,-99,-37,60,56,1694223867,100,0,114,0,"[4,16,4,17,3,18,3,18,2,18,2,18,2,17,2,16,2,16,2,16,3,16,4,15,5,15,5,16,6,17,7,17,8,18,8,19,10,20,10,21,10,20,10,21,10,21,12,21,10,20,10,20,10,19,10,20,0,0,10,21,10,20,10,20,10,20,10,20,10,20,10,20,10,21,10,21,10,20,10,18,10,18,10,18,10,17,10,17,10,16,10,16,10,16,10,16,11,18,11,18,12,19,12,20,11,21,10,21,9,21,8,19,6,18]"
CSI_DATA,113593,d8:b1:90:d9:de:f0,-58,11,-99,-37,60,56,1694235644,100,0,114,0,"[-6,15,-8,16,-8,16,-10,16,-10,16,-10,15,-10,13,-10,13,-9,13,-9,13,-8,13,-9,13,-8,13,-8,14,-9,15,-9,16,-10,17,-11,18,-11,19,-11,19,-12,19,-13,20,-13,19,-13,20,-13,19,-13,18,-13,18,-13,18,0,0,-14,17,-15,16,-15,16,-15,16,-16,16,-16,16,-16,16,-17,16,-16,16,-16,15,-16,15,-15,14,-15,14,-15,13,-14,13,-14,13,-14,12,-14,12,-15,12,-16,12,-17,12,-18,12,-18,11,-19,11,-20,10,-20,9,-18,7,-17,5]"
CSI_DATA,113594,d8:b1:90:d9:de:f0,-58,11,-99,-34,59,56,1694263306,100,0,114,0,"[2,17,2,18,1,19,0,19,0,20,0,18,-1,18,-1,17,0,17,0,17,0,17,0,17,0,17,-1,17,0,19,0,19,0,20,-1,21,-1,23,-1,23,-1,23,-1,25,-2,25,-2,24,-3,24,-5,23,-5,23,-5,23,0,0,-6,23,-8,21,-8,21,-9,21,-9,21,-10,21,-10,21,-11,21,-11,20,-11,20,-11,18,-11,18,-11,17,-11,17,-11,16,-11,16,-11,15,-11,15,-12,16,-13,15,-14,16,-15,16,-17,15,-19,15,-20,13,-19,12,-18,10,-18,8]"
CSI_DATA,113595,d8:b1:90:d9:de:f0,-58,11,-99,-37,60,56,1694274166,100,0,114,0,"[13,-11,15,-10,16,-10,16,-8,17,-9,16,-8,16,-8,16,-7,15,-8,14,-7,14,-7,14,-7,15,-7,15,-8,16,-8,17,-8,17,-9,18,-9,19,-10,20,-10,21,-10,22,-10,22,-10,22,-8,21,-8,22,-7,21,-6,22,-5,0,0,21,-5,21,-3,22,-2,23,-2,23,-1,24,0,23,0,23,0,23,0,22,0,21,0,21,1,21,0,20,1,19,2,19,2,18,2,19,2,20,2,21,4,21,5,21,6,21,7,23,9,21,10,20,11,18,11,16,12]"
CSI_DATA,113596,d8:b1:90:d9:de:f0,-58,11,-99,-34,59,56,1694286847,100,0,114,0,"[16,8,17,10,16,11,16,12,16,12,16,11,14,11,14,11,14,10,13,10,13,9,14,8,14,8,15,8,15,9,17,9,18,9,18,10,20,11,20,11,22,11,22,11,22,11,22,11,20,11,20,11,20,11,20,11,0,0,20,12,18,12,20,14,19,14,19,14,19,14,18,14,19,14,17,14,17,14,17,12,18,12,17,12,16,12,14,11,17,12,15,11,15,11,16,12,15,14,16,14,17,15,17,16,17,17,16,17,15,17,13,17,11,17]"
CSI_DATA,113597,d8:b1:90:d9:de:f0,-58,11,-99,-36,60,56,1694323474,100,0,114,0,"[1,-16,2,-18,3,-18,2,-18,2,-18,2,-17,2,-16,1,-16,0,-16,0,-16,0,-15,-1,-15,-2,-15,-3,-16,-4,-16,-4,-17,-6,-18,-6,-19,-7,-20,-8,-20,-9,-21,-10,-21,-12,-20,-11,-20,-11,-19,-11,-19,-11,-19,-12,-19,0,0,-11,-19,-10,-19,-11,-19,-12,-19,-12,-19,-13,-18,-14,-17,-14,-17,-13,-16,-14,-16,-13,-15,-14,-14,-13,-14,-14,-12,-12,-12,-13,-12,-13,-12,-14,-12,-14,-12,-16,-12,-16,-12,-16,-13,-17,-12,-17,-14,-16,-14,-16,-13,-14,-13,-12,-13]"
CSI_DATA,113598,d8:b1:90:d9:de:f0,-58,11,-99,-35,60,56,1694343212,100,0,114,0,"[-2,-14,-2,-16,-2,-17,-2,-17,-1,-17,-1,-17,-1,-16,-1,-15,-2,-15,-2,-15,-2,-15,-2,-15,-3,-15,-4,-15,-4,-16,-5,-17,-6,-17,-7,-18,-7,-19,-8,-19,-8,-20,-9,-21,-9,-20,-10,-20,-9,-19,-8,-19,-8,-20,-8,-20,0,0,-8,-19,-8,-19,-8,-19,-8,-20,-8,-21,-9,-20,-9,-20,-8,-20,-8,-19,-8,-19,-8,-18,-9,-18,-9,-17,-9,-17,-8,-16,-8,-16,-8,-15,-8,-15,-8,-15,-9,-17,-9,-17,-10,-18,-9,-19,-8,-20,-8,-20,-8,-19,-6,-19,-4,-17]"
CSI_DATA,113599,d8:b1:90:d9:de:f0,-58,11,-99,-37,60,56,1694354061,100,0,114,0,"[10,-13,10,-14,12,-15,13,-14,13,-13,13,-13,13,-13,12,-13,10,-12,10,-12,10,-12,10,-13,9,-13,8,-14,8,-16,9,-16,9,-17,10,-18,10,-18,9,-20,9,-21,10,-21,10,-21,9,-21,9,-21,9,-21,9,-21,9,-21,0,0,9,-20,9,-20,10,-20,10,-21,10,-21,10,-21,10,-21,10,-21,10,-21,8,-21,8,-20,8,-20,7,-19,7,-19,7,-18,7,-18,6,-17,6,-18,7,-18,8,-20,8,-21,8,-21,8,-21,9,-22,10,-22,10,-21,11,-18,10,-16]"
CSI_DATA,113600,d8:b1:90:d9:de:f0,-58,11,-99,-37,60,56,1694364067,100,0,114,0,"[14,10,15,11,14,12,14,13,16,12,16,11,15,10,14,10,14,8,14,8,14,7,15,6,16,5,16,5,17,5,18,4,19,3,21,3,22,3,23,2,24,2,24,2,24,1,24,0,23,0,23,0,23,0,22,0,0,0,22,0,23,0,23,-2,23,-2,23,-2,24,-2,22,-3,23,-3,22,-3,21,-5,21,-6,21,-5,20,-6,18,-5,18,-6,18,-7,18,-8,17,-8,18,-8,18,-8,19,-8,19,-9,21,-9,21,-10,21,-9,20,-8,19,-8,18,-6]"
CSI_DATA,113601,d8:b1:90:d9:de:f0,-58,11,-99,-37,60,56,1694374472,100,0,114,0,"[-16,-5,-16,-8,-16,-9,-16,-10,-16,-10,-16,-10,-15,-10,-13,-10,-13,-10,-13,-9,-13,-9,-13,-9,-13,-9,-13,-9,-15,-10,-16,-10,-16,-11,-17,-11,-18,-12,-18,-13,-18,-13,-19,-14,-18,-15,-18,-16,-17,-16,-17,-15,-16,-15,-16,-16,0,0,-14,-18,-13,-18,-13,-18,-13,-18,-13,-18,-12,-19,-11,-19,-11,-20,-10,-20,-10,-19,-10,-18,-10,-19,-8,-18,-8,-18,-7,-17,-8,-18,-7,-18,-6,-17,-6,-18,-5,-19,-5,-20,-4,-21,-4,-22,-3,-23,-1,-23,0,-22,0,-20,2,-19]"
CSI_DATA,113602,d8:b1:90:d9:de:f0,-58,11,-99,-37,60,56,1694394062,100,0,114,0,"[-16,3,-17,2,-18,2,-18,2,-18,2,-18,2,-17,2,-16,2,-16,4,-15,4,-15,5,-14,5,-15,6,-15,7,-16,8,-16,9,-17,10,-17,10,-18,12,-18,13,-18,14,-18,14,-17,14,-18,15,-16,15,-16,15,-16,15,-16,16,0,0,-16,16,-16,15,-16,16,-16,16,-16,16,-16,16,-15,16,-15,17,-15,17,-13,18,-13,17,-12,18,-11,17,-11,17,-10,16,-10,17,-9,16,-9,17,-9,18,-9,18,-10,19,-10,20,-10,20,-11,21,-12,21,-12,19,-11,17,-10,14]"
CSI_DATA,113603,d8:b1:90:d9:de:f0,-58,11,-99,-36,60,56,1694414079,100,0,114,0,"[14,3,16,4,16,5,16,6,17,6,16,6,16,6,14,6,14,4,14,5,14,4,14,4,15,3,15,3,16,3,17,3,19,2,19,3,21,2,21,2,21,2,21,2,21,3,21,2,22,3,22,2,21,4,21,3,0,0,21,4,21,4,21,4,21,4,22,4,21,5,21,4,21,5,21,4,20,5,20,4,20,4,20,4,19,4,19,3,19,2,18,3,19,4,18,3,19,4,20,5,21,5,21,6,21,7,20,7,19,8,18,8,15,8]"
CSI_DATA,113604,d8:b1:90:d9:de:f0,-58,11,-99,-37,60,56,1694424462,100,0,114,0,"[-13,-8,-14,-9,-14,-10,-14,-11,-16,-11,-14,-11,-14,-10,-13,-10,-13,-8,-13,-8,-13,-8,-14,-8,-14,-7,-15,-7,-16,-8,-18,-7,-18,-6,-19,-7,-21,-7,-21,-6,-21,-6,-22,-5,-22,-6,-23,-5,-23,-6,-23,-6,-22,-6,-21,-6,0,0,-21,-5,-21,-6,-21,-6,-22,-5,-22,-5,-23,-5,-22,-5,-23,-5,-22,-5,-22,-5,-21,-4,-21,-4,-21,-3,-20,-3,-20,-3,-19,-2,-18,-2,-18,-2,-20,-2,-21,-2,-21,-2,-22,-3,-22,-3,-22,-5,-22,-5,-21,-5,-20,-5,-17,-6]"
CSI_DATA,113605,d8:b1:90:d9:de:f0,-58,11,-99,-37,60,56,1694444062,100,0,114,0,"[14,-7,16,-7,16,-6,17,-5,18,-5,17,-5,16,-4,16,-4,15,-5,16,-5,14,-5,15,-5,15,-5,16,-6,16,-7,17,-7,18,-8,18,-8,20,-9,20,-10,21,-10,21,-10,21,-10,21,-10,21,-10,22,-9,21,-9,21,-8,0,0,21,-8,21,-8,21,-8,21,-7,22,-7,23,-7,22,-7,23,-7,21,-7,21,-7,21,-7,20,-6,19,-6,18,-5,18,-6,18,-6,17,-5,18,-5,18,-5,20,-5,21,-6,21,-5,21,-5,23,-4,22,-3,21,-2,21,0,18,0]"
CSI_DATA,113606,d8:b1:90:d9:de:f0,-58,11,-99,-36,60,56,1694464177,100,0,114,0,"[-15,5,-16,5,-16,4,-16,4,-17,6,-16,6,-16,5,-14,6,-14,7,-13,7,-12,8,-13,8,-12,9,-12,9,-12,11,-12,12,-12,14,-13,16,-12,16,-12,18,-12,18,-11,19,-11,19,-11,20,-11,19,-10,19,-9,19,-9,19,0,0,-9,19,-8,19,-7,19,-7,21,-7,20,-7,20,-5,21,-5,21,-4,20,-4,20,-3,20,-3,20,-2,19,-1,19,-1,19,0,19,0,19,0,19,0,19,1,20,1,21,1,21,1,21,1,22,0,22,0,21,0,19,0,19]"
CSI_DATA,113607,d8:b1:90:d9:de:f0,-58,11,-99,-36,60,56,1694487105,100,0,114,0,"[2,15,1,16,0,17,0,17,2,18,1,18,0,16,0,16,2,16,1,15,2,16,2,15,2,16,2,16,3,16,4,18,5,18,6,19,6,20,7,21,7,21,8,22,7,22,7,22,7,21,7,21,6,21,6,21,0,0,6,21,6,20,6,21,5,21,6,21,5,21,5,21,5,21,5,20,6,21,6,19,5,19,6,19,6,18,5,17,6,18,6,17,5,18,6,18,5,19,5,19,5,20,5,21,4,22,4,21,3,21,2,20,1,18]"
CSI_DATA,113608,d8:b1:90:d9:de:f0,-58,11,-99,-37,60,56,1694504092,100,0,114,0,"[-9,-12,-9,-13,-8,-15,-8,-16,-8,-16,-8,-16,-7,-15,-7,-15,-7,-14,-7,-14,-8,-13,-8,-13,-8,-13,-8,-14,-9,-15,-10,-16,-10,-16,-10,-17,-11,-18,-11,-18,-13,-19,-12,-20,-12,-21,-12,-21,-11,-20,-11,-19,-10,-20,-10,-20,0,0,-9,-21,-8,-20,-8,-21,-8,-21,-8,-21,-7,-21,-7,-21,-7,-22,-6,-21,-6,-21,-6,-21,-6,-20,-5,-19,-5,-18,-5,-18,-4,-18,-4,-18,-4,-18,-4,-18,-3,-19,-3,-20,-2,-21,-2,-21,-1,-22,0,-21,0,-21,1,-20,2,-19]"
CSI_DATA,113609,d8:b1:90:d9:de:f0,-58,11,-99,-37,60,56,1694514096,100,0,114,0,"[-5,-14,-5,-16,-5,-17,-4,-17,-5,-18,-5,-17,-4,-16,-4,-16,-5,-16,-5,-15,-5,-14,-5,-15,-6,-14,-7,-15,-8,-16,-9,-16,-10,-16,-10,-17,-10,-18,-12,-18,-13,-19,-13,-19,-14,-18,-14,-19,-13,-20,-13,-18,-13,-19,-12,-18,0,0,-12,-18,-12,-18,-11,-18,-11,-19,-12,-18,-12,-19,-13,-18,-13,-20,-12,-18,-13,-18,-12,-17,-12,-17,-11,-16,-11,-16,-11,-15,-11,-15,-11,-15,-11,-15,-12,-16,-12,-16,-12,-16,-13,-17,-13,-18,-13,-18,-11,-19,-10,-18,-9,-18,-8,-17]"
CSI_DATA,113610,d8:b1:90:d9:de:f0,-58,11,-99,-37,60,56,1694534059,100,0,114,0,"[-8,-14,-8,-16,-7,-17,-6,-18,-5,-18,-5,-18,-4,-17,-4,-17,-4,-16,-4,-16,-4,-16,-4,-15,-5,-15,-5,-16,-6,-16,-6,-17,-7,-18,-6,-19,-7,-21,-7,-21,-8,-22,-7,-23,-6,-23,-7,-24,-6,-22,-6,-23,-5,-23,-4,-23,0,0,-2,-22,-2,-22,-2,-24,-2,-24,-1,-24,-1,-24,0,-23,0,-23,0,-22,0,-21,0,-21,0,-21,0,-20,0,-20,0,-18,0,-19,0,-18,1,-18,1,-19,2,-20,3,-21,3,-21,4,-21,5,-21,6,-21,8,-21,8,-18,8,-16]"
CSI_DATA,113611,d8:b1:90:d9:de:f0,-58,11,-99,-37,60,56,1694544357,100,0,114,0,"[16,5,16,6,17,8,16,9,16,9,15,9,15,9,13,8,14,8,14,8,13,7,14,8,14,6,15,6,16,6,17,6,18,8,19,8,20,8,21,8,21,8,22,8,22,8,23,8,22,8,21,8,21,8,20,8,0,0,20,9,19,8,19,10,21,10,21,10,20,11,20,10,21,11,19,10,20,10,18,9,20,9,18,8,17,9,17,8,16,8,16,9,16,8,16,9,18,10,18,10,18,12,19,12,19,13,18,13,16,13,16,14,13,13]"
CSI_DATA,113612,d8:b1:90:d9:de:f0,-58,11,-99,-35,60,56,1694571638,100,0,114,0,"[-13,-7,-14,-8,-14,-10,-14,-11,-13,-11,-13,-11,-12,-11,-12,-10,-12,-9,-12,-9,-11,-8,-12,-8,-13,-8,-13,-8,-13,-8,-15,-9,-16,-10,-17,-9,-18,-11,-18,-10,-19,-11,-19,-11,-19,-11,-19,-11,-17,-11,-18,-12,-17,-12,-17,-13,0,0,-17,-12,-17,-12,-17,-13,-16,-13,-17,-14,-17,-14,-16,-14,-16,-15,-15,-13,-15,-13,-15,-13,-15,-13,-15,-12,-13,-12,-13,-11,-13,-12,-13,-12,-13,-12,-13,-13,-13,-13,-13,-14,-14,-15,-14,-15,-14,-17,-13,-17,-11,-17,-11,-17,-8,-15]"
CSI_DATA,113613,d8:b1:90:d9:de:f0,-58,11,-99,-37,60,56,1694583857,100,0,114,0,"[-16,2,-17,2,-18,2,-18,2,-18,2,-18,2,-17,2,-16,2,-16,3,-16,4,-15,4,-15,4,-16,6,-16,7,-16,8,-16,8,-17,10,-18,10,-18,13,-18,13,-19,14,-19,15,-18,15,-18,16,-18,15,-18,15,-18,15,-17,16,0,0,-16,15,-16,14,-16,16,-16,16,-16,16,-16,17,-16,17,-15,17,-14,16,-13,16,-13,16,-13,17,-11,17,-10,16,-10,16,-10,16,-8,16,-9,16,-9,17,-9,18,-10,18,-10,18,-10,18,-10,20,-11,19,-11,18,-10,16,-10,15]"
CSI_DATA,113614,d8:b1:90:d9:de:f0,-57,11,-99,-35,59,56,1694593864,100,0,114,0,"[-10,-13,-10,-16,-10,-17,-9,-18,-9,-18,-8,-18,-6,-17,-6,-16,-6,-16,-6,-15,-6,-15,-6,-15,-6,-16,-7,-16,-8,-16,-8,-17,-9,-19,-9,-20,-10,-20,-10,-21,-10,-22,-10,-22,-10,-23,-10,-23,-8,-23,-7,-23,-6,-23,-6,-23,0,0,-4,-23,-3,-22,-3,-23,-3,-23,-3,-23,-2,-24,-2,-23,-1,-23,0,-23,0,-23,0,-22,0,-22,0,-21,0,-20,0,-20,0,-20,0,-19,0,-20,2,-20,3,-21,3,-22,3,-22,4,-22,6,-23,7,-23,8,-21,8,-20,9,-16]"
CSI_DATA,113615,d8:b1:90:d9:de:f0,-58,11,-99,-36,60,56,1694604260,100,0,114,0,"[9,-13,10,-14,11,-14,12,-13,12,-14,12,-13,12,-12,12,-12,10,-12,10,-12,9,-11,10,-12,9,-12,9,-12,9,-13,11,-14,11,-15,12,-16,12,-16,13,-18,13,-19,14,-19,14,-18,14,-19,14,-18,14,-17,14,-16,14,-16,0,0,14,-15,14,-15,15,-15,16,-16,16,-15,17,-15,16,-15,16,-14,15,-14,16,-14,15,-14,15,-13,14,-12,14,-12,14,-12,13,-12,13,-11,14,-11,14,-11,15,-12,16,-12,16,-12,17,-11,19,-11,19,-10,18,-9,18,-7,16,-6]"
CSI_DATA,113616,d8:b1:90:d9:de:f0,-58,11,-99,-36,60,56,1694614558,100,0,114,0,"[4,15,3,17,3,18,2,18,2,18,2,18,2,16,2,16,2,16,3,15,3,16,4,15,4,15,4,16,6,16,6,16,7,18,7,19,7,20,9,20,9,21,9,21,9,21,9,22,9,21,9,21,9,21,9,21,0,0,8,21,7,20,7,21,7,21,7,21,7,22,7,21,7,21,7,21,8,19,8,18,8,19,8,18,8,18,7,16,7,16,7,16,7,16,7,16,7,18,7,19,7,19,7,19,7,21,6,21,5,21,4,19,2,18]"
CSI_DATA,113617,d8:b1:90:d9:de:f0,-59,9,-99,-37,60,56,1694632854,341,0,106,0,"[-2,10,42,0,-13,10,21,0,-26,10,-27,0,-31,10,-79,0,-24,10,64,0,-16,10,33,0,-1,10,5,0,10,0,-24,10,12,0,-59,10,0,0,-91,10,-28,10,62,10,-75,10,35,10,64,10,15,10,0,0,0,0,-24,10,17,10,-52,10,13,10,-56,10,24,10,-14,10,35,10,47,10,51,10,-58,10,80,10,12,0,-74,10,71,0,-39,10,-68,0,0,0,-28,0,39,0,0,0,75,0,4,0,-93,0,-28,0]"
CSI_DATA,113618,d8:b1:90:d9:de:f0,-58,11,-99,-36,60,56,1694644024,100,0,114,0,"[15,-2,16,-1,17,-1,18,0,18,-1,18,0,17,0,16,0,15,-2,15,-1,14,-2,15,-2,14,-3,16,-4,16,-4,16,-4,17,-6,19,-7,19,-7,20,-8,20,-8,20,-9,20,-9,20,-9,20,-9,20,-8,20,-9,19,-8,0,0,19,-8,19,-8,19,-8,20,-9,21,-9,21,-9,20,-9,20,-9,19,-10,19,-9,18,-9,18,-9,16,-9,16,-9,15,-9,16,-9,16,-9,15,-10,16,-10,16,-11,17,-12,18,-12,19,-11,19,-10,19,-11,19,-9,18,-8,16,-7]"
CSI_DATA,113619,d8:b1:90:d9:de:f0,-58,11,-99,-34,60,56,1694666741,100,0,114,0,"[0,-16,2,-17,2,-18,4,-18,4,-18,4,-18,5,-16,5,-15,4,-14,4,-15,4,-14,4,-14,2,-14,3,-15,3,-16,3,-17,2,-18,3,-18,3,-20,3,-20,3,-20,3,-20,4,-21,4,-21,4,-20,4,-20,5,-20,6,-20,0,0,6,-20,6,-19,7,-19,8,-19,7,-19,8,-19,8,-19,8,-20,8,-19,8,-19,8,-18,8,-18,8,-17,8,-16,7,-16,8,-16,8,-15,8,-16,8,-16,10,-17,10,-18,12,-18,12,-17,14,-17,14,-18,15,-16,14,-14,13,-12]"
CSI_DATA,113620,d8:b1:90:d9:de:f0,-58,11,-99,-36,60,56,1694696077,100,0,114,0,"[8,14,8,15,7,16,7,18,6,17,6,17,5,16,5,16,6,15,6,14,6,14,7,14,7,14,7,14,8,14,9,15,10,16,10,16,11,17,11,17,12,19,13,19,12,19,13,19,12,19,12,18,12,19,12,19,0,0,11,19,9,19,10,20,10,19,9,20,10,21,10,20,10,20,9,19,10,19,9,18,9,18,9,18,9,16,9,16,9,16,9,16,8,16,9,16,9,17,9,19,9,19,9,19,8,21,7,21,6,21,4,19,4,18]"
CSI_DATA,113621,d8:b1:90:d9:de:f0,-58,11,-99,-37,60,56,1694713926,100,0,114,0,"[-16,-2,-17,-3,-18,-5,-18,-5,-18,-5,-17,-5,-16,-5,-16,-3,-16,-2,-16,-2,-16,0,-16,0,-16,0,-17,1,-18,1,-18,2,-19,3,-21,4,-21,4,-22,5,-21,6,-23,7,-22,8,-22,8,-22,8,-23,8,-21,8,-21,9,0,0,-21,9,-21,8,-21,8,-21,10,-21,10,-21,10,-21,11,-21,11,-20,12,-18,12,-18,12,-18,12,-16,12,-16,11,-15,12,-14,12,-14,12,-13,13,-14,13,-14,14,-14,14,-16,14,-16,15,-17,15,-16,14,-16,13,-16,12,-14,10]"
CSI_DATA,113622,d8:b1:90:d9:de:f0,-58,11,-99,-37,60,56,1694724093,100,0,114,0,"[-13,9,-16,8,-16,7,-17,5,-18,6,-18,5,-18,4,-16,3,-15,5,-15,4,-15,4,-16,4,-16,4,-16,5,-16,5,-18,5,-18,5,-20,6,-21,6,-21,6,-21,6,-22,6,-22,5,-22,5,-23,4,-23,3,-23,3,-23,2,0,0,-22,1,-23,0,-23,0,-24,0,-23,0,-24,-1,-23,-1,-23,-1,-22,-2,-22,-2,-21,-2,-21,-2,-20,-2,-19,-2,-18,-3,-18,-3,-18,-4,-18,-3,-19,-4,-19,-5,-20,-5,-21,-7,-21,-8,-21,-9,-20,-10,-18,-10,-18,-11,-14,-11]"
CSI_DATA,113623,d8:b1:90:d9:de:f0,-58,11,-99,-37,60,56,1694743955,100,0,114,0,"[5,-15,5,-17,6,-17,7,-18,7,-18,6,-17,6,-16,6,-16,5,-16,4,-16,3,-15,3,-16,2,-16,2,-16,1,-18,0,-18,0,-19,0,-21,-1,-22,-2,-22,-1,-23,-2,-24,-3,-24,-4,-23,-2,-23,-3,-24,-3,-22,-3,-23,0,0,-3,-22,-4,-22,-5,-22,-5,-22,-5,-23,-5,-22,-6,-22,-6,-21,-7,-21,-6,-21,-7,-21,-7,-20,-8,-19,-8,-18,-8,-17,-8,-17,-8,-16,-8,-17,-8,-18,-10,-18,-10,-18,-10,-19,-10,-19,-10,-21,-8,-21,-8,-20,-8,-18,-6,-17]"
CSI_DATA,113624,d8:b1:90:d9:de:f0,-58,11,-99,-36,60,56,1694754024,100,0,114,0,"[0,-16,1,-16,2,-17,3,-17,4,-17,4,-16,4,-16,4,-14,4,-15,4,-15,4,-14,4,-14,4,-15,4,-15,4,-16,4,-17,4,-19,5,-19,6,-20,5,-21,6,-21,7,-21,7,-21,8,-21,8,-21,9,-20,9,-19,9,-19,0,0,11,-19,12,-17,12,-17,12,-17,12,-17,14,-17,14,-16,14,-17,14,-16,14,-16,14,-15,14,-14,13,-14,13,-13,14,-12,14,-12,13,-12,13,-12,14,-12,16,-12,16,-12,18,-12,18,-11,19,-10,20,-9,20,-7,19,-6,17,-4]"
CSI_DATA,113625,d8:b1:90:d9:de:f0,-58,11,-99,-37,60,56,1694775475,100,0,114,0,"[1,16,0,18,0,18,-2,18,-2,19,-2,18,-2,18,-3,16,-1,16,-2,16,-2,15,-2,16,-1,16,-1,17,-1,18,-1,18,-1,18,-2,21,-2,21,-2,24,-2,22,-2,23,-3,24,-2,23,-4,24,-4,23,-5,22,-5,22,0,0,-7,21,-7,21,-7,20,-8,21,-8,21,-9,21,-9,21,-10,21,-10,20,-10,21,-9,19,-10,18,-9,17,-8,16,-9,16,-9,16,-9,16,-9,16,-10,16,-12,17,-13,17,-13,16,-14,17,-15,16,-16,15,-16,13,-16,13,-15,10]"
CSI_DATA,113626,d8:b1:90:d9:de:f0,-58,11,-99,-37,60,56,1694794135,100,0,114,0,"[16,-1,18,0,18,1,18,2,18,2,18,2,18,3,16,3,16,2,16,2,16,1,16,2,16,2,17,1,18,1,18,2,20,1,21,0,21,0,23,0,24,1,24,1,24,2,24,1,24,2,24,2,23,3,23,4,0,0,22,4,22,5,22,5,22,5,23,6,23,6,22,6,22,7,21,7,21,7,20,7,20,7,18,6,18,6,18,5,18,6,17,6,18,6,18,7,18,8,19,8,20,9,20,10,19,11,18,12,17,12,16,12,13,12]"
CSI_DATA,113627,d8:b1:90:d9:de:f0,-58,11,-99,-37,60,56,1694804170,100,0,114,0,"[-8,-16,-8,-17,-6,-18,-6,-18,-7,-18,-6,-18,-6,-16,-5,-16,-6,-16,-5,-16,-7,-15,-7,-15,-8,-14,-9,-15,-10,-15,-10,-15,-11,-16,-13,-18,-13,-18,-14,-18,-15,-19,-15,-20,-15,-19,-16,-18,-15,-19,-15,-18,-15,-18,-13,-18,0,0,-13,-18,-13,-18,-14,-18,-14,-18,-14,-18,-13,-18,-13,-18,-14,-19,-14,-18,-14,-18,-14,-16,-14,-16,-14,-15,-13,-13,-13,-13,-13,-13,-13,-13,-12,-13,-13,-13,-13,-15,-13,-16,-14,-16,-15,-16,-14,-16,-13,-16,-12,-17,-11,-16,-10,-16]"
CSI_DATA,113628,d8:b1:90:d9:de:f0,-57,11,-99,-34,59,56,1694823892,100,0,114,0,"[17,2,18,4,19,5,18,6,19,6,18,6,17,6,17,5,17,5,16,5,16,5,17,5,16,4,17,4,18,4,19,4,20,4,21,5,22,5,23,5,23,5,25,5,24,5,25,5,24,5,23,6,23,6,23,6,0,0,22,7,21,8,21,8,22,9,22,9,22,10,21,9,22,10,21,9,21,8,20,9,20,8,19,8,18,8,17,8,17,8,17,8,17,8,17,9,18,10,19,10,19,11,20,12,19,13,17,14,17,14,15,14,14,14]"
CSI_DATA,113629,d8:b1:90:d9:de:f0,-59,11,-99,-34,60,56,1694854934,100,0,114,0,"[-9,-12,-10,-13,-10,-14,-10,-14,-10,-15,-10,-14,-9,-14,-8,-13,-10,-11,-10,-11,-10,-10,-10,-10,-11,-10,-12,-10,-13,-10,-14,-10,-15,-9,-16,-10,-18,-10,-18,-10,-19,-9,-21,-8,-20,-8,-20,-8,-20,-8,-20,-8,-20,-8,-19,-8,0,0,-18,-7,-19,-6,-19,-6,-20,-6,-20,-6,-21,-6,-20,-5,-21,-5,-20,-4,-20,-4,-20,-4,-20,-3,-19,-2,-18,-2,-18,-1,-18,0,-18,0,-18,0,-18,0,-18,0,-20,0,-20,0,-21,0,-22,0,-21,0,-20,-1,-19,-1,-17,-2]"
CSI_DATA,113630,d8:b1:90:d9:de:f0,-58,11,-99,-38,60,56,1694871172,100,0,114,0,"[5,-15,5,-17,6,-17,7,-17,5,-18,5,-17,5,-17,5,-16,3,-16,4,-16,2,-16,2,-16,1,-17,0,-17,0,-17,0,-19,-1,-20,-2,-20,-3,-22,-4,-22,-4,-22,-5,-23,-5,-23,-5,-23,-5,-23,-7,-22,-6,-22,-6,-22,0,0,-6,-22,-6,-22,-7,-22,-8,-21,-8,-21,-7,-21,-8,-20,-9,-21,-9,-20,-10,-19,-10,-18,-10,-17,-10,-17,-10,-17,-10,-15,-11,-15,-11,-15,-11,-15,-11,-15,-12,-16,-13,-17,-14,-17,-14,-17,-14,-17,-13,-18,-12,-19,-11,-17,-10,-16]"
CSI_DATA,113631,d8:b1:90:d9:de:f0,-58,11,-99,-37,60,56,1694882253,100,0,114,0,"[-5,16,-6,16,-7,17,-8,16,-7,18,-7,16,-7,16,-7,16,-5,16,-5,16,-4,16,-4,16,-2,16,-2,16,-2,18,-1,18,0,19,0,21,0,21,0,23,1,22,2,24,1,24,2,23,2,24,2,24,2,23,2,23,0,0,2,22,2,22,2,22,2,24,3,23,3,24,4,23,4,23,4,22,5,22,5,21,5,21,5,19,6,18,6,18,6,17,6,18,7,18,7,18,8,18,8,19,8,20,8,21,8,22,7,21,6,21,6,20,5,18]"
CSI_DATA,113632,d8:b1:90:d9:de:f0,-58,11,-99,-37,60,56,1694894486,100,0,114,0,"[-1,-16,0,-17,0,-18,0,-18,0,-18,0,-18,0,-17,1,-16,0,-16,0,-16,0,-16,0,-15,0,-16,0,-17,-1,-18,-1,-18,-1,-19,-1,-21,-1,-22,-2,-22,-1,-24,-1,-24,0,-24,-1,-24,0,-24,0,-23,0,-23,1,-23,0,0,1,-22,2,-21,2,-23,3,-23,3,-23,4,-23,4,-23,4,-22,4,-22,4,-21,4,-20,3,-20,3,-19,3,-18,4,-18,5,-18,4,-17,5,-18,5,-18,6,-18,6,-19,7,-20,8,-19,9,-21,10,-20,10,-18,10,-16,10,-15]"
CSI_DATA,113633,d8:b1:90:d9:de:f0,-58,11,-99,-36,60,56,1694914152,100,0,114,0,"[-8,14,-9,14,-11,14,-12,14,-12,13,-12,12,-12,12,-11,11,-11,11,-11,10,-10,10,-11,10,-10,12,-12,12,-12,12,-12,13,-13,14,-13,14,-15,14,-15,15,-16,15,-17,15,-18,14,-18,14,-17,14,-18,13,-19,12,-18,12,0,0,-19,10,-19,9,-19,8,-20,9,-21,8,-21,7,-21,7,-21,6,-21,5,-20,5,-19,4,-19,4,-19,4,-19,3,-17,3,-18,2,-17,2,-18,2,-18,1,-19,0,-20,0,-21,0,-21,-2,-22,-2,-22,-4,-21,-5,-19,-6,-16,-7]"
CSI_DATA,113634,d8:b1:90:d9:de:f0,-58,11,-99,-37,60,56,1694924676,100,0,114,0,"[9,-13,11,-13,12,-13,13,-13,14,-13,14,-12,14,-10,13,-10,12,-10,12,-10,11,-10,13,-10,12,-10,12,-10,13,-11,14,-12,15,-13,16,-14,16,-15,16,-15,18,-15,18,-15,18,-15,18,-14,18,-13,19,-13,19,-13,19,-12,0,0,19,-10,20,-10,21,-10,21,-10,21,-9,22,-8,21,-8,22,-8,21,-7,21,-7,21,-6,21,-5,19,-5,18,-5,18,-5,18,-5,18,-5,18,-4,19,-4,20,-3,21,-2,21,-2,22,-1,23,0,22,0,21,2,20,2,18,3]"
CSI_DATA,113635,d8:b1:90:d9:de:f0,-58,11,-99,-36,60,56,1694944037,100,0,114,0,"[-14,-9,-14,-10,-14,-12,-12,-13,-13,-12,-12,-12,-12,-13,-10,-12,-11,-12,-10,-12,-10,-12,-9,-12,-10,-12,-11,-12,-12,-12,-12,-14,-12,-14,-13,-15,-13,-16,-14,-17,-14,-17,-14,-19,-13,-19,-14,-19,-12,-19,-11,-19,-11,-19,-9,-19,0,0,-8,-20,-7,-21,-7,-21,-6,-21,-5,-21,-4,-22,-4,-21,-4,-22,-3,-21,-3,-21,-2,-21,-2,-20,-2,-20,-2,-19,-1,-19,0,-19,0,-19,0,-19,1,-19,1,-20,2,-20,2,-21,3,-21,6,-23,7,-21,8,-20,9,-19,9,-16]"
CSI_DATA,113636,d8:b1:90:d9:de:f0,-58,11,-99,-36,60,56,1694954014,100,0,114,0,"[-12,-10,-12,-12,-12,-13,-12,-14,-12,-13,-12,-14,-10,-13,-10,-12,-10,-12,-9,-12,-10,-12,-10,-12,-10,-12,-11,-12,-12,-12,-13,-12,-14,-13,-14,-13,-16,-14,-16,-14,-17,-15,-17,-16,-16,-16,-17,-16,-16,-16,-15,-16,-15,-16,-14,-17,0,0,-14,-17,-13,-17,-14,-18,-13,-18,-14,-19,-13,-19,-12,-18,-12,-19,-12,-19,-12,-18,-12,-16,-12,-17,-11,-16,-11,-16,-10,-15,-9,-16,-9,-15,-9,-15,-9,-16,-9,-17,-9,-18,-9,-19,-9,-19,-9,-21,-7,-21,-6,-20,-4,-19,-3,-18]"
CSI_DATA,113637,d8:b1:90:d9:de:f0,-58,11,-99,-34,59,56,1694964097,100,0,114,0,"[0,-17,1,-17,2,-19,2,-19,2,-19,2,-18,3,-17,2,-17,1,-17,0,-17,0,-16,0,-17,0,-16,0,-17,-1,-18,-1,-19,-2,-20,-2,-22,-3,-23,-3,-23,-4,-23,-5,-24,-5,-24,-5,-24,-5,-24,-4,-23,-4,-23,-4,-23,0,0,-4,-23,-4,-23,-3,-23,-4,-24,-4,-23,-4,-23,-5,-23,-5,-23,-5,-23,-5,-23,-5,-21,-5,-20,-5,-20,-5,-19,-5,-18,-5,-19,-5,-18,-5,-18,-5,-18,-5,-20,-6,-20,-5,-21,-5,-22,-5,-22,-3,-23,-2,-21,-2,-20,-1,-18]"
CSI_DATA,113638,d8:b1:90:d9:de:f0,-58,11,-99,-37,60,56,1694974259,100,0,114,0,"[-13,-9,-14,-10,-14,-12,-13,-12,-15,-12,-14,-11,-13,-11,-13,-10,-13,-8,-13,-8,-13,-8,-14,-8,-14,-6,-15,-5,-16,-5,-17,-5,-18,-5,-20,-5,-21,-4,-21,-4,-23,-3,-24,-2,-24,-2,-24,-2,-22,-2,-23,-2,-22,-2,-22,-1,0,0,-22,0,-22,0,-23,0,-23,0,-23,0,-24,0,-23,0,-24,0,-22,1,-22,2,-21,2,-21,2,-20,3,-18,3,-18,3,-18,5,-18,4,-18,5,-18,5,-19,5,-20,6,-21,5,-21,5,-22,6,-21,5,-21,5,-20,4,-18,3]"
CSI_DATA,113639,d8:b1:90:d9:de:f0,-58,11,-99,-36,60,56,1694984771,100,0,114,0,"[-16,-4,-17,-4,-17,-5,-17,-5,-18,-5,-17,-4,-17,-4,-16,-4,-15,-2,-15,-2,-14,-1,-15,0,-16,0,-16,1,-16,2,-17,2,-17,4,-19,4,-20,5,-20,7,-21,7,-21,8,-21,9,-21,9,-20,9,-20,9,-20,9,-19,9,0,0,-19,10,-19,10,-18,11,-19,12,-19,12,-19,12,-17,12,-18,14,-16,13,-16,14,-15,14,-14,14,-13,13,-12,13,-12,14,-12,14,-12,14,-11,14,-11,15,-11,16,-11,16,-12,16,-12,17,-12,19,-12,18,-12,16,-12,16,-12,14]"
CSI_DATA,113640,d8:b1:90:d9:de:f0,-58,11,-99,-37,60,56,1695003993,100,0,114,0,"[-17,0,-18,0,-19,-1,-18,-1,-20,0,-19,0,-18,0,-18,0,-16,2,-16,2,-16,2,-16,2,-16,5,-16,5,-16,5,-17,7,-17,8,-18,9,-18,10,-18,11,-19,11,-19,13,-19,13,-18,14,-18,13,-18,13,-18,13,-18,14,0,0,-16,13,-17,14,-17,14,-17,15,-17,15,-17,16,-16,16,-16,16,-15,16,-15,16,-14,16,-13,16,-12,16,-11,16,-10,16,-10,16,-10,16,-10,16,-10,17,-10,18,-10,18,-10,18,-11,18,-13,20,-13,20,-13,19,-12,17,-12,16]"
CSI_DATA,113641,d8:b1:90:d9:de:f0,-58,11,-99,-37,60,56,1695016009,100,0,114,0,"[-17,1,-18,0,-18,0,-18,-1,-19,0,-18,0,-18,-1,-17,-1,-16,0,-16,0,-16,0,-16,0,-16,1,-16,1,-18,2,-18,2,-18,2,-19,3,-21,4,-21,4,-22,4,-23,5,-23,5,-23,5,-22,4,-23,3,-22,3,-22,4,0,0,-21,2,-21,2,-22,1,-22,2,-23,2,-23,2,-23,2,-24,1,-22,2,-22,2,-21,2,-21,2,-20,2,-19,2,-18,2,-19,2,-18,1,-18,2,-19,1,-20,2,-21,2,-21,0,-22,0,-24,0,-23,-1,-22,-2,-20,-3,-18,-3]"
CSI_DATA,113642,d8:b1:90:d9:de:f0,-57,11,-99,-34,59,56,1695042250,100,0,114,0,"[8,-14,9,-15,11,-15,11,-15,11,-16,10,-15,10,-14,9,-14,8,-14,8,-14,6,-14,7,-15,6,-15,5,-16,5,-17,5,-17,4,-19,4,-21,4,-22,3,-23,3,-24,2,-25,2,-25,1,-26,2,-24,2,-24,2,-24,2,-23,0,0,1,-23,1,-23,1,-23,1,-24,1,-24,0,-25,0,-24,0,-25,0,-24,0,-24,0,-23,-2,-23,-2,-21,-2,-20,-2,-20,-2,-19,-2,-19,-2,-19,-3,-20,-4,-20,-3,-21,-4,-21,-4,-22,-2,-23,-1,-23,-2,-21,-1,-20,0,-19]"
CSI_DATA,113643,d8:b1:90:d9:de:f0,-58,11,-99,-34,60,56,1695057077,100,0,114,0,"[-3,15,-4,16,-5,16,-6,16,-7,16,-7,16,-7,15,-7,14,-6,14,-6,14,-6,13,-6,13,-5,14,-5,14,-5,15,-5,16,-5,17,-6,18,-6,20,-6,20,-6,20,-7,20,-7,20,-7,20,-8,20,-8,20,-8,20,-8,20,0,0,-10,19,-9,19,-9,19,-10,20,-11,19,-11,18,-12,18,-12,18,-12,18,-11,18,-10,17,-11,16,-10,16,-10,16,-10,15,-10,16,-9,15,-10,14,-10,14,-12,14,-12,15,-13,15,-14,14,-15,15,-16,14,-16,14,-15,12,-14,10]"
CSI_DATA,113644,d8:b1:90:d9:de:f0,-58,11,-99,-37,60,56,1695081522,100,0,114,0,"[14,7,15,8,15,10,15,10,15,12,14,12,13,11,13,10,13,10,13,10,13,10,13,9,13,9,13,9,15,9,16,10,16,10,17,11,18,11,19,11,21,12,21,13,20,13,21,13,19,13,18,13,18,13,18,13,0,0,16,14,17,15,17,16,17,16,17,16,16,17,16,16,17,17,16,16,16,16,16,16,15,15,14,15,13,14,13,15,13,14,12,14,12,14,13,15,13,16,13,17,13,18,13,19,13,20,11,20,9,19,8,20,5,18]"
CSI_DATA,113645,d8:b1:90:d9:de:f0,-58,11,-99,-35,59,56,1695093706,100,0,114,0,"[11,13,11,14,11,16,10,16,12,16,11,15,10,14,10,13,11,13,11,12,11,11,12,11,13,10,13,10,15,10,16,10,17,10,19,10,20,10,20,10,22,10,23,10,23,10,23,9,22,9,22,9,22,8,22,9,0,0,22,8,21,8,22,8,23,8,23,7,23,8,23,7,23,7,22,6,22,6,22,4,22,4,21,3,20,3,20,3,20,3,19,2,20,1,20,2,20,2,22,2,22,2,23,2,23,2,23,3,22,3,21,3,19,5]"
CSI_DATA,113646,d8:b1:90:d9:de:f0,-58,11,-99,-37,60,56,1695107615,100,0,114,0,"[16,0,18,0,18,2,18,2,19,1,18,1,18,1,16,1,16,0,16,0,15,-1,16,0,15,-2,16,-2,16,-2,18,-3,18,-5,20,-5,21,-6,21,-7,21,-7,21,-8,21,-8,21,-9,21,-8,21,-8,21,-8,21,-8,0,0,21,-8,21,-7,21,-8,21,-8,21,-8,21,-8,21,-8,21,-8,21,-9,20,-8,18,-8,19,-9,18,-8,17,-9,16,-8,16,-9,16,-9,16,-9,16,-10,17,-10,18,-10,19,-10,19,-10,21,-10,21,-9,21,-8,19,-7,18,-5]"
CSI_DATA,113647,d8:b1:90:d9:de:f0,-58,11,-99,-36,60,56,1695124521,100,0,114,0,"[-14,-7,-14,-9,-14,-10,-13,-12,-14,-12,-13,-12,-12,-12,-12,-10,-12,-9,-12,-9,-12,-9,-12,-9,-12,-9,-13,-8,-14,-9,-15,-9,-16,-9,-17,-10,-18,-10,-19,-11,-19,-10,-20,-10,-20,-11,-21,-11,-20,-11,-19,-11,-19,-11,-19,-11,0,0,-18,-12,-17,-12,-17,-12,-19,-13,-19,-12,-19,-13,-19,-12,-19,-13,-18,-12,-18,-13,-17,-12,-17,-12,-16,-11,-15,-10,-14,-10,-15,-10,-14,-10,-15,-10,-15,-10,-15,-11,-16,-12,-16,-13,-16,-13,-17,-15,-16,-16,-14,-16,-14,-16,-10,-14]"
CSI_DATA,113648,d8:b1:90:d9:de:f0,-59,9,-99,-40,61,56,1695136113,98,0,106,0,"[24,0,-42,9,19,0,-19,9,21,0,28,10,20,0,75,10,14,0,-64,10,4,0,-31,10,-3,10,0,0,-7,10,30,0,1,0,63,0,24,0,89,0,70,0,-76,0,-50,0,-85,0,0,0,72,0,0,0,0,0,77,0,-8,10,-80,0,-47,10,-87,0,-67,10,60,0,-64,10,9,0,-39,10,-60,0,3,0,58,0,41,0,2,0,77,0,-43,10,-72,0,-88,10,-43,0,60,10,-18,0,55,10,-14,0,82,10]"
CSI_DATA,113649,d8:b1:90:d9:de:f0,-58,11,-99,-36,60,56,1695153913,100,0,114,0,"[14,-2,16,-2,17,-2,18,-1,18,0,17,-1,16,-1,16,-1,15,-1,15,-2,15,-2,14,-2,14,-3,16,-3,16,-4,18,-4,19,-6,19,-6,20,-7,20,-8,21,-9,21,-9,21,-9,22,-9,21,-9,19,-8,21,-8,20,-8,0,0,21,-8,20,-7,21,-7,20,-8,20,-8,21,-7,21,-8,21,-8,21,-9,20,-9,19,-9,19,-8,18,-9,18,-9,16,-8,16,-8,16,-8,16,-8,16,-8,18,-8,19,-9,20,-9,19,-8,21,-9,21,-8,22,-7,19,-5,17,-4]"
CSI_DATA,113650,d8:b1:90:d9:de:f0,-58,11,-99,-37,60,56,1695164466,100,0,114,0,"[13,-9,14,-9,15,-9,15,-9,16,-10,15,-9,15,-8,14,-8,13,-9,13,-9,11,-9,12,-9,12,-10,12,-11,12,-12,13,-13,13,-14,13,-16,13,-18,13,-18,13,-18,13,-19,13,-19,12,-20,13,-18,13,-18,12,-18,12,-18,0,0,13,-18,12,-18,12,-18,12,-19,12,-18,12,-18,11,-19,12,-20,10,-20,11,-20,10,-19,10,-18,9,-18,8,-17,8,-17,8,-17,7,-17,7,-17,8,-17,7,-18,8,-19,8,-19,9,-19,10,-21,10,-21,10,-19,10,-18,9,-15]"
CSI_DATA,113651,d8:b1:90:d9:de:f0,-58,11,-99,-37,60,56,1695178127,100,0,114,0,"[15,-8,16,-7,17,-7,17,-7,18,-6,17,-6,16,-5,16,-5,14,-7,14,-6,13,-7,14,-7,14,-8,14,-8,14,-9,15,-10,15,-12,16,-13,16,-14,16,-15,18,-15,17,-16,17,-16,17,-17,17,-16,17,-16,17,-15,16,-15,0,0,16,-16,16,-15,16,-15,16,-16,16,-16,17,-16,16,-17,16,-17,16,-16,16,-17,15,-16,14,-15,13,-15,12,-15,12,-15,11,-14,12,-15,11,-15,12,-16,12,-16,13,-16,13,-17,14,-16,16,-17,16,-16,15,-16,15,-13,14,-11]"
CSI_DATA,113652,d8:b1:90:d9:de:f0,-58,11,-99,-36,60,56,1695201799,100,0,114,0,"[-16,-3,-16,-4,-16,-4,-16,-4,-18,-4,-17,-4,-16,-4,-16,-4,-16,-1,-16,-1,-14,0,-16,0,-15,0,-16,0,-16,1,-17,2,-18,3,-19,4,-21,5,-20,6,-21,7,-21,8,-21,8,-21,9,-20,8,-19,8,-19,8,-19,8,0,0,-19,9,-19,9,-19,9,-19,10,-20,11,-19,11,-19,12,-19,12,-17,13,-17,13,-16,12,-16,13,-14,12,-14,13,-13,12,-12,14,-12,14,-12,14,-12,14,-13,15,-13,16,-14,16,-14,16,-16,17,-16,16,-14,16,-14,14,-14,13]"
CSI_DATA,113653,d8:b1:90:d9:de:f0,-58,11,-99,-37,60,56,1695228648,100,0,114,0,"[6,16,5,18,5,18,3,19,2,19,2,18,0,18,0,16,2,17,1,16,1,16,0,16,1,16,1,17,1,17,1,18,1,18,1,21,1,21,0,23,0,22,0,23,0,23,0,23,-1,23,-2,23,-2,23,-3,22,0,0,-5,22,-5,22,-6,21,-8,23,-8,22,-8,21,-8,22,-9,21,-9,20,-10,21,-10,19,-10,19,-10,18,-10,17,-10,18,-10,17,-11,16,-11,16,-12,16,-13,16,-14,17,-15,16,-17,16,-18,15,-19,14,-18,12,-18,10,-17,8]"
CSI_DATA,113654,d8:b1:90:d9:de:f0,-58,11,-99,-36,60,56,1695258361,100,0,114,0,"[-12,12,-14,11,-14,10,-15,9,-15,9,-15,9,-15,8,-14,7,-14,8,-14,7,-13,7,-14,7,-14,8,-14,8,-15,9,-16,9,-16,9,-18,9,-19,10,-20,10,-20,9,-21,9,-21,9,-21,9,-21,8,-21,7,-21,7,-21,7,0,0,-21,4,-21,4,-21,3,-22,2,-22,2,-22,1,-22,1,-22,0,-21,0,-21,0,-21,0,-20,0,-19,0,-18,-1,-18,0,-18,-1,-18,-2,-18,-2,-19,-2,-20,-4,-20,-4,-21,-5,-21,-7,-21,-7,-20,-9,-18,-9,-16,-9,-15,-10]"
CSI_DATA,113655,d8:b1:90:d9:de:f0,-58,11,-99,-34,59,56,1695275998,100,0,114,0,"[2,-17,3,-18,4,-19,5,-19,5,-20,5,-19,5,-17,5,-17,3,-16,4,-16,2,-15,3,-16,2,-17,2,-17,2,-18,1,-19,0,-20,0,-22,0,-23,0,-23,0,-24,0,-25,0,-24,0,-25,0,-24,0,-24,0,-24,0,-23,0,0,0,-23,0,-23,0,-23,1,-24,1,-23,1,-24,1,-23,1,-23,0,-23,0,-23,0,-22,0,-21,0,-20,0,-20,0,-20,0,-20,0,-19,0,-20,0,-20,0,-21,0,-21,0,-22,1,-23,1,-23,2,-23,2,-22,3,-20,3,-18]"
CSI_DATA,113656,d8:b1:90:d9:de:f0,-58,11,-99,-34,59,56,1695290084,100,0,114,0,"[-6,15,-8,16,-9,16,-10,16,-11,15,-11,15,-11,14,-10,14,-9,14,-9,14,-8,14,-8,14,-8,14,-8,15,-8,16,-8,17,-8,18,-10,19,-10,20,-9,21,-11,21,-11,23,-11,22,-11,22,-11,22,-11,21,-11,21,-12,21,0,0,-13,19,-12,19,-13,20,-14,20,-14,20,-15,20,-14,20,-14,18,-14,18,-14,18,-12,18,-13,17,-11,17,-11,16,-11,14,-11,15,-11,14,-12,14,-13,14,-13,15,-14,15,-15,15,-15,15,-17,16,-17,15,-17,14,-17,11,-14,9]"
CSI_DATA,113657,d8:b1:90:d9:de:f0,-58,11,-99,-36,60,56,1695303840,100,0,114,0,"[4,-16,6,-16,7,-16,8,-15,8,-16,8,-16,9,-15,7,-14,7,-14,7,-14,7,-13,7,-14,6,-14,6,-15,7,-16,7,-16,7,-18,7,-19,8,-19,8,-20,8,-21,9,-21,9,-21,10,-21,9,-21,10,-20,10,-20,10,-19,0,0,12,-19,12,-18,12,-18,13,-19,13,-18,13,-18,13,-18,14,-18,14,-17,12,-17,12,-16,12,-16,12,-16,12,-14,12,-14,12,-14,12,-14,12,-14,12,-14,13,-15,14,-15,15,-15,16,-15,16,-14,17,-14,17,-12,16,-10,16,-9]"
CSI_DATA,113658,d8:b1:90:d9:de:f0,-58,11,-99,-35,59,56,1695320950,100,0,114,0,"[-16,1,-18,1,-19,0,-20,0,-19,1,-19,2,-18,2,-16,3,-16,3,-16,3,-15,5,-15,5,-15,6,-15,7,-16,9,-16,10,-17,11,-17,12,-18,13,-17,15,-18,16,-18,16,-17,17,-17,17,-16,17,-16,17,-16,17,-16,18,0,0,-15,18,-14,17,-14,18,-14,18,-13,20,-13,20,-13,20,-13,20,-12,20,-10,20,-10,20,-9,20,-8,20,-7,20,-6,18,-6,18,-5,18,-5,19,-5,20,-5,20,-4,22,-5,22,-5,22,-5,23,-6,23,-6,22,-5,20,-5,18]"
CSI_DATA,113659,d8:b1:90:d9:de:f0,-59,9,-99,-36,60,56,1695331483,98,0,106,0,"[-23,9,77,0,-9,9,70,0,29,10,60,0,76,10,37,0,-62,10,12,0,-22,10,9,0,7,0,10,0,34,0,-9,10,64,0,-29,10,68,0,-70,10,50,0,63,10,16,0,26,10,-31,10,-6,9,0,0,0,0,31,10,-29,9,-21,9,-23,9,-34,9,0,10,-7,9,21,10,38,10,49,10,-67,10,87,10,-3,10,-68,10,60,0,-48,10,-72,0,-23,10,-28,0,-5,10,16,0,11,0,20,0,4,0,-7,0]"
CSI_DATA,113660,d8:b1:90:d9:de:f0,-58,11,-99,-36,60,56,1695345074,100,0,114,0,"[-9,-12,-9,-14,-9,-15,-8,-16,-7,-16,-7,-16,-6,-16,-5,-15,-6,-14,-5,-14,-5,-14,-5,-14,-5,-14,-6,-15,-7,-15,-7,-17,-7,-17,-7,-19,-7,-20,-7,-21,-7,-21,-8,-22,-7,-22,-6,-23,-5,-22,-4,-21,-4,-22,-3,-21,0,0,-2,-21,0,-21,0,-22,0,-21,0,-22,0,-21,0,-22,1,-23,2,-22,2,-22,2,-21,2,-21,2,-19,2,-19,3,-18,3,-19,3,-17,4,-18,4,-18,5,-19,6,-19,7,-20,8,-20,9,-19,11,-19,12,-18,12,-15,12,-13]"
CSI_DATA,113661,d8:b1:90:d9:de:f0,-58,11,-99,-37,60,56,1695357261,100,0,114,0,"[16,3,17,5,18,5,18,6,18,7,18,7,17,6,16,6,16,5,15,4,15,4,15,4,16,3,16,3,18,2,18,2,20,2,21,2,22,1,23,1,24,1,25,0,24,1,24,0,24,1,24,1,23,1,23,1,0,0,23,1,22,2,23,2,23,1,24,2,24,2,23,2,24,2,23,1,22,0,22,0,21,0,21,0,20,0,19,0,20,0,18,0,18,0,20,0,21,0,21,0,21,0,21,1,23,1,22,2,21,2,19,3,18,4]"
CSI_DATA,113662,d8:b1:90:d9:de:f0,-58,11,-99,-36,60,56,1695374984,100,0,114,0,"[2,16,1,17,0,18,0,18,0,18,-1,18,-2,16,-2,16,-1,16,-1,15,-1,15,0,15,0,16,-1,16,0,17,-1,18,-1,19,-2,20,-2,22,-2,21,-2,23,-3,23,-4,24,-4,23,-4,22,-5,22,-6,22,-7,21,0,0,-8,20,-8,19,-9,20,-11,20,-12,20,-12,19,-12,19,-12,19,-12,18,-12,18,-12,17,-12,16,-12,16,-12,14,-12,14,-12,14,-12,13,-13,14,-14,13,-14,13,-15,14,-16,13,-16,12,-18,12,-19,11,-19,9,-17,7,-17,5]"
CSI_DATA,113663,d8:b1:90:d9:de:f0,-59,11,-99,-34,60,56,1695400148,100,0,114,0,"[-16,1,-17,1,-17,0,-18,0,-18,0,-18,0,-16,0,-16,0,-16,0,-14,0,-14,2,-14,2,-14,3,-14,3,-15,4,-16,5,-16,6,-18,6,-18,7,-18,8,-19,9,-20,9,-19,8,-18,10,-18,10,-19,10,-18,10,-18,10,0,0,-18,8,-18,10,-18,10,-18,10,-18,10,-19,10,-18,10,-18,10,-18,11,-16,11,-16,12,-16,12,-15,12,-15,11,-14,11,-14,12,-13,12,-13,12,-14,12,-15,13,-15,14,-15,14,-16,14,-17,15,-17,14,-17,13,-16,12,-14,9]"
CSI_DATA,113664,d8:b1:90:d9:de:f0,-58,11,-99,-34,59,56,1695433219,100,0,114,0,"[7,-14,8,-16,9,-16,10,-16,11,-17,11,-16,11,-14,9,-14,8,-14,8,-14,6,-14,7,-14,7,-15,6,-15,6,-16,6,-17,6,-19,7,-20,6,-22,5,-23,6,-23,5,-23,5,-23,5,-23,7,-23,7,-23,6,-22,6,-22,0,0,6,-23,7,-22,7,-22,8,-23,7,-23,8,-23,7,-22,7,-23,6,-23,6,-23,6,-22,5,-21,4,-20,4,-20,5,-19,5,-20,4,-19,5,-19,4,-20,4,-20,5,-22,5,-22,6,-22,8,-22,8,-21,8,-20,8,-19,8,-16]"
CSI_DATA,113665,d8:b1:90:d9:de:f0,-58,11,-99,-37,60,56,1695447686,100,0,114,0,"[14,-8,15,-8,16,-7,16,-5,18,-7,17,-6,16,-5,16,-4,16,-5,15,-5,14,-5,16,-5,15,-6,16,-6,16,-6,17,-7,18,-8,19,-9,20,-9,21,-9,21,-8,22,-8,23,-8,22,-8,22,-7,22,-7,22,-5,22,-5,0,0,21,-5,22,-4,22,-3,24,-3,23,-2,24,-2,23,-2,24,-1,23,-2,22,-2,21,-2,21,-1,20,-1,19,0,19,-1,19,0,19,0,18,0,19,0,20,1,21,1,21,2,21,3,21,3,21,5,20,5,18,6,17,7]"
CSI_DATA,113666,d8:b1:90:d9:de:f0,-58,11,-99,-36,60,56,1695465646,100,0,114,0,"[11,-12,12,-12,12,-12,13,-12,14,-13,13,-12,13,-11,12,-11,10,-12,11,-11,9,-11,10,-12,9,-12,9,-13,9,-14,9,-14,9,-16,9,-17,9,-18,9,-19,9,-19,9,-19,10,-19,9,-20,10,-20,10,-19,10,-20,10,-19,0,0,11,-19,9,-19,10,-19,10,-19,10,-19,10,-19,10,-19,11,-19,9,-19,9,-19,9,-18,8,-19,8,-18,8,-17,7,-17,7,-18,7,-17,7,-18,7,-17,7,-18,8,-19,9,-19,9,-19,10,-21,11,-20,12,-19,11,-17,10,-15]"
CSI_DATA,113667,d8:b1:90:d9:de:f0,-58,11,-99,-35,60,56,1695477953,100,0,114,0,"[11,-9,13,-9,13,-8,15,-7,16,-8,15,-7,15,-6,15,-6,13,-6,13,-6,13,-5,15,-4,14,-4,14,-6,15,-6,17,-5,16,-7,18,-7,19,-8,19,-7,20,-6,21,-7,22,-6,22,-6,22,-6,22,-4,22,-4,21,-3,0,0,21,-2,22,-2,22,0,22,0,22,0,22,0,23,1,22,2,21,2,19,2,19,2,20,2,19,4,18,3,18,3,18,4,17,3,17,3,17,4,17,4,19,5,17,8,21,10,20,12,19,9,15,13,15,12,13,12]"
CSI_DATA,113668,d8:b1:90:d9:de:f0,-58,11,-99,-35,60,56,1695496705,100,0,114,0,"[-6,14,-8,15,-9,15,-10,14,-11,15,-11,13,-11,12,-11,12,-10,12,-10,11,-9,11,-10,11,-9,12,-9,12,-10,13,-11,13,-11,14,-12,15,-13,16,-13,17,-14,17,-15,17,-15,17,-15,17,-15,15,-16,15,-15,15,-16,14,0,0,-17,13,-17,13,-17,12,-18,12,-18,11,-19,11,-19,11,-19,10,-18,10,-19,10,-17,8,-18,9,-17,8,-17,8,-17,8,-17,7,-17,6,-17,6,-18,6,-19,6,-19,5,-20,4,-21,4,-22,3,-23,2,-22,0,-20,0,-17,-1]"
CSI_DATA,113669,d8:b1:90:d9:de:f0,-59,9,-99,-39,61,56,1695509850,108,0,106,0,"[71,10,7,0,78,10,-11,0,-81,10,-50,0,-66,10,83,0,-42,10,51,0,-25,10,27,0,-5,10,6,0,14,0,-20,10,20,0,-52,10,13,0,-87,10,-15,10,56,10,-65,10,33,10,60,10,23,10,0,0,0,0,-39,9,48,10,-72,9,61,10,-79,9,79,10,-50,9,-85,10,9,10,-81,10,83,10,-77,10,-20,10,-71,10,42,0,-68,10,-78,0,-59,10,-28,0,-52,10,10,0,-45,10,19,0,-44,10,-9,0]"
CSI_DATA,113670,d8:b1:90:d9:de:f0,-58,11,-99,-33,59,56,1695520275,100,0,114,0,"[16,-4,18,-2,18,-2,19,-2,19,-1,18,-1,18,-1,17,-1,16,-2,16,-2,15,-2,16,-2,16,-2,16,-3,17,-3,18,-4,19,-5,20,-5,22,-6,21,-6,23,-6,23,-7,24,-7,24,-7,23,-6,23,-5,23,-5,22,-5,0,0,23,-5,22,-4,23,-3,23,-4,24,-3,24,-3,23,-3,24,-3,23,-4,23,-4,21,-3,21,-3,21,-3,19,-4,19,-3,19,-3,18,-3,18,-3,19,-3,20,-2,21,-3,21,-2,22,-1,22,0,22,0,21,0,20,1,18,2]"
CSI_DATA,113671,d8:b1:90:d9:de:f0,-58,11,-99,-37,60,56,1695546247,100,0,114,0,"[-6,15,-7,16,-8,16,-8,16,-8,16,-8,16,-8,15,-7,14,-5,15,-5,15,-4,15,-4,15,-3,16,-2,17,-2,17,-1,18,0,19,0,21,0,22,0,22,1,23,2,24,2,23,3,24,2,24,2,23,3,23,2,22,0,0,4,21,4,22,3,21,5,23,5,22,5,23,6,21,6,23,7,22,7,21,7,21,8,20,8,18,8,18,8,18,8,17,8,16,9,17,9,17,10,17,10,18,10,18,11,19,10,20,10,20,9,19,8,18,7,16]"
CSI_DATA,113672,d8:b1:90:d9:de:f0,-58,11,-99,-38,60,56,1695562761,100,0,114,0,"[17,-2,18,-2,19,-2,19,-2,20,-1,19,-2,18,-2,17,-2,15,-2,15,-2,15,-3,15,-3,15,-5,15,-5,16,-6,17,-8,17,-8,18,-9,19,-11,19,-12,19,-12,20,-13,20,-12,20,-14,20,-13,19,-13,19,-13,18,-13,0,0,19,-14,19,-14,19,-14,18,-14,18,-14,18,-14,18,-14,18,-14,17,-15,17,-15,16,-15,15,-14,14,-14,14,-14,13,-14,13,-15,12,-14,12,-15,13,-15,13,-15,13,-16,14,-17,14,-17,15,-17,16,-17,16,-16,14,-14,14,-11]"
CSI_DATA,113673,d8:b1:90:d9:de:f0,-58,11,-99,-36,60,56,1695573105,100,0,114,0,"[0,-16,0,-17,0,-18,0,-18,0,-19,0,-18,0,-16,0,-16,-2,-15,-2,-15,-3,-14,-3,-15,-4,-14,-5,-14,-6,-15,-7,-15,-9,-16,-9,-17,-11,-17,-12,-17,-12,-17,-14,-17,-14,-17,-14,-16,-14,-17,-14,-17,-14,-16,-14,-16,0,0,-14,-15,-14,-15,-14,-14,-16,-15,-16,-14,-16,-14,-17,-14,-17,-14,-18,-12,-17,-13,-17,-12,-17,-11,-16,-10,-16,-9,-16,-9,-16,-7,-16,-7,-16,-7,-17,-7,-19,-7,-20,-7,-20,-8,-21,-8,-21,-9,-19,-9,-19,-9,-19,-9,-16,-8]"
CSI_DATA,113674,d8:b1:90:d9:de:f0,-58,11,-99,-37,60,56,1695586638,100,0,114,0,"[-16,4,-17,3,-18,3,-18,3,-18,4,-18,4,-17,4,-16,5,-16,5,-15,5,-14,6,-13,6,-13,8,-13,9,-14,10,-14,12,-15,13,-15,13,-16,16,-14,16,-14,18,-15,18,-15,18,-15,19,-13,18,-13,18,-13,18,-12,18,0,0,-12,20,-12,18,-12,20,-11,20,-11,21,-11,21,-11,21,-10,21,-10,21,-8,21,-7,21,-6,21,-5,20,-5,20,-5,18,-4,19,-3,18,-3,18,-3,19,-2,21,-2,21,-3,23,-3,22,-2,23,-3,23,-4,22,-4,19,-4,18]"
CSI_DATA,113675,d8:b1:90:d9:de:f0,-58,11,-99,-34,59,56,1695602908,100,0,114,0,"[2,16,1,17,1,18,1,18,2,19,2,19,2,17,2,17,4,16,4,16,5,15,5,15,7,14,8,15,9,16,10,17,12,17,12,17,14,18,15,17,16,18,17,17,18,17,18,17,18,16,17,16,18,15,18,14,0,0,17,15,18,14,19,14,19,14,19,14,20,14,20,12,21,12,20,11,20,11,20,9,20,9,20,8,20,7,18,6,19,6,17,6,18,5,19,5,21,5,22,5,23,5,23,5,22,5,22,5,21,6,20,5,18,7]"
CSI_DATA,113676,d8:b1:90:d9:de:f0,-59,11,-99,-37,61,56,1695616669,100,0,114,0,"[14,1,16,2,16,2,16,3,16,2,16,2,16,2,14,1,15,0,14,0,14,0,14,0,14,-2,14,-3,15,-3,16,-4,16,-5,18,-5,18,-6,18,-7,18,-8,19,-9,19,-9,19,-9,18,-9,17,-9,17,-10,18,-10,0,0,18,-10,17,-9,17,-10,18,-11,17,-12,18,-11,17,-11,17,-11,16,-12,15,-12,14,-12,14,-13,13,-12,13,-12,11,-12,12,-12,11,-12,11,-13,12,-13,12,-14,12,-14,13,-14,14,-14,13,-16,13,-16,13,-14,12,-12,12,-12]"
CSI_DATA,113677,d8:b1:90:d9:de:f0,-59,11,-99,-34,60,56,1695634417,100,0,114,0,"[-15,-4,-15,-6,-16,-7,-15,-8,-17,-7,-16,-8,-14,-8,-14,-8,-14,-6,-13,-6,-13,-6,-14,-6,-14,-5,-14,-5,-15,-5,-16,-6,-17,-5,-18,-5,-18,-6,-19,-6,-20,-6,-20,-6,-21,-7,-21,-6,-20,-7,-20,-7,-20,-7,-20,-8,0,0,-18,-9,-18,-9,-18,-9,-18,-9,-18,-10,-19,-10,-18,-10,-18,-11,-18,-10,-17,-10,-17,-10,-17,-10,-16,-9,-15,-9,-15,-8,-16,-9,-15,-9,-15,-9,-16,-10,-16,-11,-17,-12,-17,-13,-17,-13,-16,-14,-15,-14,-14,-15,-12,-14,-11,-15]"
CSI_DATA,113678,d8:b1:90:d9:de:f0,-57,11,-99,-33,59,56,1695650593,100,0,114,0,"[-12,-10,-14,-10,-16,-10,-17,-8,-18,-5,-18,-2,-18,0,-17,2,-15,5,-15,7,-13,8,-10,10,-8,13,-6,15,-4,16,-1,18,1,19,4,20,7,20,10,18,13,17,16,16,18,14,21,11,21,8,22,4,23,1,23,0,0,0,23,-6,20,-9,18,-12,18,-15,15,-17,13,-18,10,-21,8,-21,4,-22,0,-21,-2,-20,-5,-20,-8,-18,-10,-17,-11,-13,-14,-12,-16,-10,-18,-8,-18,-6,-21,-4,-21,-2,-23,1,-22,4,-21,7,-21,9,-20,10,-16,11,-14,12]"
CSI_DATA,113679,d8:b1:90:d9:de:f0,-58,11,-99,-36,60,56,1695660858,100,0,114,0,"[2,-16,2,-17,4,-19,5,-19,5,-17,5,-17,4,-16,4,-16,4,-15,2,-15,2,-14,2,-14,1,-15,1,-16,0,-16,0,-19,0,-19,0,-19,0,-21,0,-21,-1,-22,0,-22,-1,-23,0,-23,-1,-21,-2,-21,-1,-21,-1,-22,0,0,0,-22,0,-21,0,-21,0,-21,0,-22,0,-21,0,-22,0,-22,0,-21,0,-20,-1,-20,-2,-21,-2,-20,-1,-20,0,-18,-1,-19,-2,-18,-2,-18,-1,-19,-1,-20,-1,-21,0,-21,0,-21,-1,-21,0,-22,1,-22,2,-19,2,-17]"
CSI_DATA,113680,d8:b1:90:d9:de:f0,-58,11,-99,-35,60,56,1695673315,100,0,114,0,"[-8,13,-8,14,-10,14,-9,13,-8,15,-8,15,-8,13,-7,14,-5,13,-6,14,-4,13,-4,14,-4,15,-3,15,-2,16,-1,17,0,18,0,19,0,21,1,21,2,22,2,23,2,23,4,23,3,22,4,22,4,22,4,21,0,0,4,22,5,20,5,20,6,21,6,21,6,21,7,20,8,21,8,19,8,19,9,18,11,17,10,16,10,15,10,15,11,14,10,14,11,14,11,15,12,15,13,15,13,15,13,15,14,17,13,16,12,16,12,15,11,15]"
CSI_DATA,113681,d8:b1:90:d9:de:f0,-57,11,-99,-35,59,56,1695696470,100,0,114,0,"[-9,-14,-8,-16,-7,-17,-6,-17,-8,-18,-6,-17,-6,-17,-6,-16,-7,-15,-6,-15,-6,-14,-7,-14,-8,-15,-9,-14,-10,-15,-10,-15,-11,-16,-12,-18,-12,-18,-13,-20,-14,-20,-15,-21,-14,-20,-14,-20,-14,-20,-14,-20,-13,-20,-13,-20,0,0,-12,-20,-11,-20,-11,-20,-11,-21,-11,-21,-11,-22,-11,-20,-12,-21,-10,-20,-12,-20,-11,-20,-11,-19,-10,-17,-10,-17,-10,-17,-9,-16,-9,-16,-9,-17,-10,-18,-10,-18,-10,-19,-10,-20,-10,-21,-9,-23,-7,-21,-6,-21,-6,-21,-4,-19]"
CSI_DATA,113682,d8:b1:90:d9:de:f0,-58,11,-99,-37,60,56,1695718937,100,0,114,0,"[-10,-12,-10,-14,-10,-15,-9,-16,-9,-16,-8,-16,-7,-16,-6,-16,-7,-14,-7,-13,-7,-13,-8,-13,-7,-14,-8,-14,-8,-15,-8,-16,-9,-16,-10,-18,-9,-18,-10,-20,-11,-19,-11,-20,-11,-21,-10,-21,-10,-21,-8,-20,-8,-21,-7,-21,0,0,-5,-21,-5,-21,-4,-21,-3,-23,-5,-22,-4,-22,-4,-22,-3,-23,-3,-22,-2,-22,-2,-21,-2,-21,-1,-20,-1,-19,0,-19,0,-18,0,-18,0,-18,0,-19,0,-21,0,-21,2,-21,2,-22,4,-22,5,-21,7,-21,8,-18,8,-16]"
CSI_DATA,113683,d8:b1:90:d9:de:f0,-58,11,-99,-37,60,56,1695737312,100,0,114,0,"[5,-16,5,-17,7,-17,8,-17,8,-16,8,-16,9,-15,8,-15,6,-15,7,-14,6,-14,6,-14,6,-16,5,-16,5,-17,5,-17,6,-18,7,-20,6,-21,7,-22,7,-22,7,-23,7,-23,6,-23,7,-22,8,-22,8,-21,8,-21,0,0,10,-20,10,-20,10,-20,10,-21,10,-21,10,-21,10,-21,10,-21,10,-20,10,-20,10,-19,10,-19,10,-18,9,-17,9,-16,9,-16,10,-16,9,-17,10,-17,10,-18,11,-18,12,-18,13,-18,15,-19,16,-18,16,-17,15,-15,14,-12]"
CSI_DATA,113684,d8:b1:90:d9:de:f0,-58,11,-99,-36,60,56,1695749367,100,0,114,0,"[9,-12,11,-13,12,-14,12,-14,12,-14,11,-13,11,-13,10,-12,8,-13,8,-13,7,-13,7,-14,7,-14,6,-14,5,-16,5,-16,4,-17,4,-19,4,-21,3,-21,2,-21,2,-23,2,-22,0,-23,1,-23,1,-22,1,-22,0,-21,0,0,0,-21,0,-21,0,-21,0,-21,-1,-21,-1,-22,-2,-21,-2,-22,-3,-21,-3,-21,-4,-21,-4,-19,-4,-19,-5,-18,-6,-17,-7,-17,-6,-17,-7,-17,-7,-17,-8,-19,-8,-19,-9,-19,-9,-20,-9,-20,-8,-20,-7,-19,-7,-19,-5,-17]"
CSI_DATA,113685,d8:b1:90:d9:de:f0,-58,11,-99,-34,59,56,1695772379,100,0,114,0,"[8,14,8,15,8,17,8,17,8,17,8,17,6,16,6,16,7,14,6,14,7,14,7,14,8,14,8,14,9,14,11,16,11,17,12,17,13,19,13,19,14,19,14,20,14,20,14,20,13,20,14,20,13,20,12,20,0,0,11,20,11,20,11,20,11,20,11,20,11,21,11,20,11,21,11,20,10,20,11,19,11,19,11,17,10,17,10,17,10,17,9,17,9,17,9,17,10,19,9,20,10,20,9,21,9,21,8,21,7,20,5,20,4,18]"
CSI_DATA,113686,d8:b1:90:d9:de:f0,-58,11,-99,-37,60,56,1695788357,100,0,114,0,"[2,-16,4,-17,5,-18,5,-18,5,-18,5,-17,5,-16,5,-16,4,-16,5,-16,3,-15,3,-15,2,-16,2,-17,2,-18,2,-18,0,-20,1,-21,0,-22,0,-22,0,-23,0,-24,0,-24,0,-24,0,-24,0,-23,0,-23,0,-22,0,0,1,-23,1,-21,2,-23,1,-22,1,-23,1,-23,1,-23,2,-24,2,-23,1,-23,0,-21,0,-21,0,-20,0,-20,0,-18,0,-19,0,-18,0,-19,0,-19,0,-21,0,-21,1,-22,1,-22,2,-23,3,-23,4,-22,4,-20,4,-18]"
CSI_DATA,113687,d8:b1:90:d9:de:f0,-59,9,-99,-36,60,56,1695803289,98,0,106,0,"[-3,0,-59,0,-19,0,-76,0,-57,0,87,0,85,0,70,0,52,0,46,0,29,0,29,0,6,0,8,0,-20,10,-7,10,-53,10,-7,10,-85,10,11,0,68,10,46,0,55,10,-82,0,62,10,-26,0,0,0,0,0,-60,10,65,0,-33,10,-87,0,-10,10,-83,0,-4,10,64,0,-18,10,7,0,-38,10,-62,0,-61,10,51,0,-82,10,-7,10,77,10,-56,10,59,10,79,10,43,10,44,10,32,10,38,10,48,10]"
CSI_DATA,113688,d8:b1:90:d9:de:f0,-58,11,-99,-34,59,56,1695825016,100,0,114,0,"[-15,8,-17,7,-18,5,-19,5,-20,4,-19,3,-18,2,-17,2,-17,2,-16,2,-15,2,-16,2,-16,2,-17,2,-18,2,-19,2,-20,2,-21,2,-22,2,-23,2,-23,2,-24,2,-24,1,-24,1,-24,0,-24,-1,-23,-1,-23,-1,0,0,-23,-3,-23,-5,-23,-5,-23,-5,-23,-6,-23,-7,-22,-6,-23,-8,-22,-7,-22,-8,-20,-8,-20,-8,-19,-8,-18,-8,-17,-8,-17,-8,-17,-9,-17,-10,-17,-10,-17,-11,-17,-12,-17,-14,-17,-15,-17,-17,-15,-17,-14,-17,-11,-17,-8,-15]"
CSI_DATA,113689,d8:b1:90:d9:de:f0,-58,11,-99,-35,60,56,1695839246,100,0,114,0,"[2,15,2,17,2,17,1,18,2,17,1,17,1,16,1,16,2,15,2,15,3,14,4,15,4,15,5,15,6,15,7,16,8,17,8,17,9,19,11,17,12,19,12,19,13,19,13,19,12,17,12,17,12,17,12,17,0,0,13,17,12,17,12,17,12,17,13,17,13,17,13,17,14,17,14,17,13,15,13,15,15,14,14,13,14,13,13,13,14,13,13,11,14,12,14,12,15,13,16,13,17,14,17,14,16,14,15,15,15,15,13,14,11,13]"
CSI_DATA,113690,d8:b1:90:d9:de:f0,-57,11,-99,-34,59,56,1695853174,100,0,114,0,"[3,17,2,19,2,20,1,20,2,20,2,19,2,19,1,17,3,17,2,17,3,16,3,17,5,16,5,17,5,18,7,18,8,18,8,20,9,20,11,21,11,20,11,22,11,21,12,21,11,21,11,21,11,21,10,21,0,0,11,20,11,21,11,20,11,22,11,21,11,22,11,21,11,22,11,20,11,20,11,20,11,19,11,18,11,17,11,17,11,16,11,16,10,16,11,17,11,17,11,18,12,20,12,20,11,20,10,20,9,20,8,19,6,18]"
CSI_DATA,113691,d8:b1:90:d9:de:f0,-59,9,-99,-40,61,56,1695870705,98,0,106,0,"[-1,9,-48,0,23,10,-63,0,54,10,84,0,88,10,54,0,-58,10,31,0,-28,10,19,0,0,0,2,0,28,0,-17,10,47,0,-45,10,49,0,-84,10,25,0,55,10,-18,10,21,10,-70,10,-4,9,0,0,0,0,2,10,0,10,-38,9,9,10,-58,9,27,10,-31,9,47,10,29,10,71,10,-81,10,-90,10,-7,10,-70,10,54,0,-56,10,-70,0,-41,10,-21,0,-29,10,14,0,-19,10,28,0,-20,10,-6,0]"
CSI_DATA,113692,d8:b1:90:d9:de:f0,-59,11,-99,-35,60,56,1695890121,100,0,114,0,"[0,-15,2,-17,3,-17,4,-17,4,-17,4,-17,5,-15,5,-15,4,-15,4,-14,5,-13,5,-13,4,-14,5,-15,6,-15,6,-16,6,-17,7,-18,7,-19,8,-19,8,-19,8,-20,9,-19,10,-19,10,-19,11,-18,12,-17,13,-17,0,0,12,-15,13,-15,13,-15,15,-14,15,-14,15,-14,15,-13,16,-13,16,-13,16,-13,15,-11,17,-11,16,-10,15,-10,15,-9,15,-8,15,-8,15,-8,15,-8,17,-8,18,-7,19,-6,19,-5,21,-4,21,-3,20,-2,19,0,17,0]"
CSI_DATA,113693,d8:b1:90:d9:de:f0,-58,11,-99,-36,60,56,1695912048,100,0,114,0,"[-10,-12,-10,-12,-10,-14,-10,-14,-12,-13,-11,-13,-10,-13,-10,-12,-12,-10,-11,-10,-11,-9,-12,-10,-13,-9,-14,-9,-15,-8,-16,-7,-17,-7,-19,-7,-20,-7,-20,-7,-21,-7,-23,-6,-22,-6,-23,-4,-22,-4,-22,-4,-22,-4,-21,-4,0,0,-21,-4,-21,-3,-21,-3,-21,-3,-22,-2,-22,-2,-22,0,-22,-1,-22,0,-21,0,-21,0,-21,1,-19,2,-19,2,-18,2,-18,2,-18,2,-18,4,-19,4,-20,4,-21,4,-21,4,-22,4,-22,4,-21,4,-20,3,-19,2,-17,2]"
CSI_DATA,113694,d8:b1:90:d9:de:f0,-59,11,-99,-34,60,56,1695938531,100,0,114,0,"[-14,-5,-14,-6,-14,-7,-14,-8,-15,-8,-14,-8,-13,-8,-12,-8,-13,-7,-12,-8,-12,-7,-12,-7,-12,-8,-14,-8,-14,-8,-15,-8,-16,-8,-16,-9,-17,-10,-18,-10,-18,-11,-19,-11,-19,-12,-19,-11,-17,-12,-17,-13,-16,-13,-16,-13,0,0,-14,-14,-14,-14,-14,-15,-14,-16,-14,-16,-14,-16,-14,-16,-13,-16,-12,-15,-12,-16,-12,-15,-12,-15,-11,-15,-10,-14,-10,-14,-10,-15,-9,-14,-9,-15,-9,-16,-8,-16,-8,-17,-8,-18,-8,-18,-6,-20,-5,-20,-4,-19,-3,-18,-2,-17]"
CSI_DATA,113695,d8:b1:90:d9:de:f0,-58,11,-99,-38,60,56,1695954425,277,0,106,0,"[-31,10,-38,11,-8,10,-35,11,36,11,-32,11,83,11,-32,11,-68,11,-23,11,-36,11,-8,11,-5,11,5,0,28,0,11,0,66,0,11,0,-90,0,-12,11,-67,0,-50,11,-59,0,74,11,-73,0,20,11,0,0,0,0,60,0,-71,10,33,0,88,10,9,0,89,10,5,0,-70,10,14,0,-8,10,34,0,69,11,53,0,-47,11,73,0,19,0,85,0,73,0,-93,0,-62,0,-86,0,-20,0,-74,0,-11,0,-83,0]"
CSI_DATA,113696,d8:b1:90:d9:de:f0,-59,11,-99,-34,60,56,1695977549,100,0,114,0,"[16,-1,16,-1,16,0,16,0,18,0,17,0,17,0,16,0,14,-2,15,-2,14,-2,14,-3,14,-4,15,-4,16,-5,16,-6,16,-6,18,-7,18,-8,18,-10,18,-10,19,-11,19,-11,18,-11,19,-11,19,-10,18,-11,18,-11,0,0,17,-10,18,-11,18,-10,18,-11,18,-10,18,-11,18,-12,18,-13,17,-13,17,-13,16,-12,15,-12,14,-12,14,-12,14,-12,13,-12,13,-12,12,-12,13,-12,13,-13,14,-14,14,-14,15,-14,16,-14,15,-14,15,-12,15,-11,14,-10]"
CSI_DATA,113697,d8:b1:90:d9:de:f0,-59,11,-99,-38,60,56,1696011003,100,0,114,0,"[-25,6,-26,7,-28,6,-26,5,-24,6,-21,6,-18,5,-15,5,-11,4,-10,3,-8,3,-6,2,-4,0,-2,0,0,0,1,-2,3,-2,5,-3,8,-3,10,-2,12,-2,14,0,17,2,19,5,19,9,19,12,20,17,19,20,0,0,16,27,16,29,14,32,12,34,12,34,10,33,9,32,8,31,8,27,8,23,7,17,8,12,7,8,7,2,7,-1,7,-5,5,-8,5,-11,4,-15,4,-18,3,-22,3,-24,2,-26,2,-25,3,-25,4,-22,4,-18,3,-14]"
CSI_DATA,113698,d8:b1:90:d9:de:f0,-58,11,-99,-39,60,56,1696033556,100,0,114,0,"[-27,0,-29,0,-29,0,-28,0,-25,0,-23,0,-20,0,-17,0,-14,0,-11,0,-9,0,-6,0,-4,0,-2,0,0,0,1,0,3,0,6,0,8,1,10,3,11,6,12,9,12,13,11,15,9,20,6,23,4,26,1,29,0,0,-5,33,-7,34,-11,35,-13,35,-16,35,-16,33,-17,31,-16,29,-13,25,-10,22,-8,18,-3,14,0,11,3,8,6,5,10,3,12,0,16,-2,17,-4,20,-6,22,-7,23,-9,25,-10,26,-10,24,-7,22,-6,19,-4,15,-2]"
CSI_DATA,113699,d8:b1:90:d9:de:f0,-59,11,-99,-41,61,56,1696053592,100,0,114,0,"[-18,17,-20,18,-19,18,-18,18,-16,17,-14,16,-12,14,-9,12,-7,11,-5,8,-3,7,-2,5,-2,3,-1,1,0,0,0,-2,0,-3,2,-5,3,-7,5,-8,8,-8,10,-8,13,-8,16,-7,19,-5,22,-3,24,0,26,0,0,0,31,4,32,7,33,8,34,10,34,10,34,10,32,9,29,8,26,6,23,3,18,1,15,-1,10,-3,5,-6,2,-8,-1,-10,-5,-10,-8,-10,-12,-12,-15,-12,-18,-13,-20,-13,-21,-13,-22,-13,-21,-12,-18,-10,-15,-9,-11,-7]"
CSI_DATA,113700,d8:b1:90:d9:de:f0,-59,11,-99,-38,60,56,1696070121,100,0,114,0,"[-11,-23,-11,-24,-13,-24,-12,-23,-12,-21,-11,-18,-10,-15,-9,-13,-8,-10,-6,-8,-5,-5,-4,-4,-2,-2,-2,-2,0,0,1,0,2,2,3,3,4,5,5,8,4,10,2,13,1,16,0,17,-2,20,-5,21,-8,23,-11,25,0,0,-17,27,-19,27,-21,27,-23,27,-24,26,-24,26,-23,25,-20,23,-17,22,-14,20,-8,17,-4,14,0,11,2,9,6,6,9,3,11,0,14,-1,17,-3,19,-5,21,-8,22,-11,23,-11,22,-13,22,-12,20,-11,16,-8,13,-6]"
CSI_DATA,113701,d8:b1:90:d9:de:f0,-58,11,-99,-34,59,56,1696099634,100,0,114,0,"[-17,2,-17,2,-18,1,-19,1,-20,1,-19,0,-18,1,-17,1,-16,2,-16,2,-15,2,-15,3,-16,4,-16,5,-17,5,-17,6,-18,8,-19,8,-20,10,-20,10,-21,11,-21,12,-20,12,-21,12,-20,13,-21,12,-20,11,-20,12,0,0,-19,11,-19,11,-20,11,-20,12,-21,13,-20,13,-20,13,-20,14,-18,13,-18,14,-17,13,-17,14,-16,13,-15,12,-15,13,-15,13,-14,13,-15,14,-15,14,-16,14,-15,14,-16,14,-17,14,-18,15,-17,14,-17,13,-17,11,-16,10]"
CSI_DATA,113702,d8:b1:90:d9:de:f0,-58,11,-99,-37,60,56,1696144313,100,0,114,0,"[16,2,18,3,17,5,17,5,19,5,17,5,18,6,16,5,16,5,15,5,15,5,15,5,16,5,16,5,18,5,18,5,18,4,20,5,19,5,21,5,22,5,24,5,24,6,23,6,22,7,21,8,21,8,20,8,0,0,20,9,21,10,20,10,21,10,20,10,21,11,20,11,20,11,20,11,19,12,18,11,18,11,17,10,16,10,16,10,15,9,15,10,15,10,15,11,16,12,16,13,16,14,16,16,16,18,15,18,13,17,12,17,9,16]"
CSI_DATA,113703,d8:b1:90:d9:de:f0,-58,11,-99,-34,59,56,1696172799,100,0,114,0,"[5,-16,6,-17,8,-17,8,-17,8,-17,7,-17,7,-16,6,-15,5,-16,5,-16,5,-16,4,-16,2,-17,2,-17,2,-18,2,-19,1,-20,1,-22,0,-22,0,-23,0,-23,-1,-23,-1,-24,-1,-24,-1,-25,-1,-23,-1,-24,-2,-23,0,0,0,-24,-1,-23,-1,-23,-1,-23,-1,-23,-1,-24,-2,-23,-2,-24,-2,-24,-3,-23,-3,-22,-4,-21,-3,-21,-4,-20,-3,-19,-4,-18,-4,-17,-5,-18,-5,-18,-5,-20,-5,-21,-5,-22,-5,-23,-5,-23,-4,-23,-3,-22,-2,-20,-1,-20]"
CSI_DATA,113704,d8:b1:90:d9:de:f0,-58,9,-99,-38,60,56,1696188425,98,0,106,0,"[-40,11,33,0,-46,11,9,0,-54,11,-40,0,-50,11,-89,0,-34,11,63,0,-18,11,35,0,2,0,10,0,25,0,-16,11,42,0,-48,11,47,0,-89,11,29,0,56,11,2,0,14,11,-33,11,-21,10,0,0,0,0,80,11,-58,10,59,11,-75,10,53,11,-71,10,78,11,-41,10,-59,11,6,11,-4,11,73,11,40,0,-52,11,74,0,12,0,90,0,74,0,-89,0,-62,0,-88,0,-14,0,89,0,2,0,74,0]"
CSI_DATA,113705,d8:b1:90:d9:de:f0,-58,11,-99,-36,60,56,1696205987,100,0,114,0,"[9,-12,11,-13,12,-14,12,-13,14,-14,12,-12,13,-12,12,-11,11,-11,11,-11,10,-12,10,-12,10,-12,9,-13,9,-14,10,-15,10,-15,11,-16,11,-17,12,-19,12,-19,12,-19,13,-19,12,-20,13,-19,13,-19,12,-18,12,-19,0,0,13,-16,13,-18,14,-17,14,-18,14,-17,14,-17,14,-18,14,-17,14,-18,13,-18,13,-17,12,-16,11,-15,10,-14,11,-15,11,-15,11,-15,10,-14,12,-15,12,-16,13,-16,13,-16,14,-16,14,-16,16,-16,15,-15,16,-13,14,-11]"
CSI_DATA,113706,d8:b1:90:d9:de:f0,-59,11,-99,-35,60,56,1696221060,100,0,228,0,"[4,18,4,19,4,19,4,19,5,17,4,15,4,13,66,-4,4,8,3,6,3,5,2,4,1,2,0,2,-1,0,-2,0,-3,-1,-4,-2,-4,-4,-4,-6,-4,-7,42,4,-3,-11,-2,-13,0,-15,1,-17,3,-18,4,-19,0,0,8,-21,10,-22,11,-23,12,-23,13,-23,12,-22,-24,0,10,-19,8,-17,5,-15,2,-13,0,-9,-1,-6,-3,-4,-4,-1,-6,1,-7,4,-8,6,-8,8,-8,11,70,10,-8,15,-8,16,-8,16,-7,15,-6,14,-5,11,-4,8,-3,-4,-3,-2,-4,-2,-6,0,-7,4,-4,9,4,12,17,17,14,-5,6,-15,-6,-15,-17,-5,-16,8,-4,18,10,16,19,4,16,-11,4,-19,-10,-15,-17,-4,-13,6,-9,2,2,11,6,6,6,2,6,0,6,-2,5,-5,0,0,-2,-9,-9,-6,-12,0,-11,8,-4,14,5,14,25,-13,16,-2,12,-12,2,-18,-11,-15,-18,-3,-15,9,-4,17,9,15,17,4,14,-9,2,-17,-11,-12,-15,1,-17,25,4,12,12,2,7,-9,-4,-10,-12,0,-8,11,4,13]"
CSI_DATA,113707,d8:b1:90:d9:de:f0,-58,9,-99,-38,60,56,1696231490,83,0,106,0,"[39,0,-16,11,15,0,0,11,-35,0,10,0,-86,0,20,0,61,0,14,0,32,0,2,0,4,0,-14,11,-23,11,-29,11,-55,11,-39,11,-89,11,-37,11,60,11,-14,11,18,11,20,0,-10,10,60,0,0,0,0,0,-47,10,-55,0,-63,10,-29,0,-53,10,-32,0,-28,10,-66,0,14,11,65,0,77,11,3,0,-47,11,-41,11,17,0,-80,11,75,0,-89,11,-59,0,91,11,-13,0,-95,11,1,0,-82,11,-29,0]"
CSI_DATA,113708,d8:b1:90:d9:de:f0,-59,11,-99,-35,60,56,1696254180,100,0,228,0,"[16,8,17,9,17,9,17,8,15,8,14,6,12,5,66,-4,8,3,6,2,5,1,4,1,2,1,1,1,0,1,-1,1,-3,0,-4,0,-6,0,-7,-1,-8,-3,42,4,-9,-7,-9,-9,-8,-11,-8,-14,-7,-16,-6,-18,0,0,-4,-23,-2,-24,-2,-26,0,-26,0,-26,0,-25,17,0,0,-22,0,-19,-2,-16,-3,-12,-4,-9,-4,-5,-4,-2,-5,1,-6,4,-5,6,-4,8,-4,11,-4,13,-66,10,-4,17,-2,18,-2,17,-2,17,-2,15,-2,12,-2,9,-5,0,-4,0,-4,1,-5,4,-2,8,4,10,11,5,24,0,6,-14,-6,-15,-15,-6,-15,7,-5,17,8,16,18,5,17,-9,5,-19,-8,-16,-17,-5,-15,6,-6,13,-5,7,8,6,8,1,6,-1,5,-3,4,-4,2,-6,0,0,-7,-6,-11,0,-9,6,-4,12,3,13,12,9,15,-22,13,-9,5,-16,-6,-16,-15,-8,-17,4,-10,15,3,18,14,10,17,-3,8,-15,-4,-16,-15,-6,-14,6,-8,29,8,10,12,-1,4,-11,-7,-8,-12,2,-4,12,6,11]"
CSI_DATA,113709,d8:b1:90:d9:de:f0,-59,11,-99,-37,61,56,1696283990,100,0,228,0,"[14,9,16,9,16,9,16,8,14,7,13,6,11,5,62,-4,7,2,6,1,5,1,3,0,1,0,1,0,0,0,-1,0,-3,0,-3,0,-4,-1,-6,-1,-7,-3,40,3,-7,-7,-7,-9,-7,-11,-5,-12,-5,-14,-3,-17,0,0,-1,-20,0,-22,0,-24,0,-24,1,-24,1,-24,16,0,0,-21,0,-18,-1,-15,-2,-12,-4,-9,-5,-5,-5,-3,-5,0,-6,3,-6,5,-6,8,-5,10,-5,12,-63,9,-3,16,-3,17,-3,17,-3,16,-2,14,-1,11,-1,9,-4,0,-3,1,-3,0,-5,3,-3,7,1,9,9,6,23,1,7,-12,-4,-14,-14,-7,-15,5,-6,15,7,16,17,5,16,-8,5,-18,-7,-16,-16,-5,-14,5,-5,12,-3,5,7,5,6,1,5,-1,3,-2,3,-3,1,-5,0,0,-7,-5,-9,-1,-9,5,-4,10,2,11,9,8,14,-21,11,-7,5,-13,-4,-14,-13,-9,-16,2,-11,12,1,17,12,11,16,-1,9,-12,-3,-15,-13,-7,-14,5,-9,29,9,11,12,0,5,-10,-7,-10,-12,0,-6,11,5,11]"
CSI_DATA,113710,d8:b1:90:d9:de:f0,-58,11,-99,-34,59,56,1696311542,100,0,114,0,"[-11,-12,-11,-14,-11,-15,-11,-16,-10,-16,-9,-15,-9,-14,-8,-14,-10,-14,-9,-12,-9,-12,-10,-12,-11,-12,-11,-12,-13,-13,-13,-13,-15,-13,-15,-14,-17,-15,-18,-14,-18,-15,-19,-15,-19,-14,-19,-15,-19,-15,-18,-15,-18,-15,-17,-14,0,0,-17,-15,-17,-16,-17,-16,-17,-15,-17,-16,-17,-16,-17,-15,-17,-15,-17,-15,-17,-14,-16,-14,-16,-14,-15,-13,-15,-12,-14,-12,-14,-12,-14,-12,-14,-12,-15,-12,-15,-13,-17,-13,-16,-14,-17,-15,-16,-16,-16,-17,-14,-15,-13,-17,-11,-15]"
CSI_DATA,113711,d8:b1:90:d9:de:f0,-58,11,-99,-38,60,56,1696330351,100,0,114,0,"[11,-13,11,-14,12,-13,13,-13,13,-14,12,-14,12,-12,11,-12,10,-12,10,-12,9,-12,8,-13,8,-14,8,-14,8,-15,8,-16,8,-17,8,-18,9,-20,8,-20,9,-21,8,-23,9,-22,8,-23,8,-22,8,-21,8,-21,9,-21,0,0,8,-21,9,-20,9,-21,9,-21,9,-21,9,-21,9,-21,9,-22,8,-21,8,-21,8,-20,7,-20,6,-19,5,-18,5,-17,5,-18,5,-17,5,-17,5,-18,6,-20,6,-20,7,-20,8,-20,8,-21,8,-21,8,-20,9,-17,8,-16]"
CSI_DATA,113712,d8:b1:90:d9:de:f0,-58,11,-99,-35,60,56,1696340361,100,0,114,0,"[-15,-4,-15,-4,-15,-5,-16,-6,-17,-5,-16,-4,-15,-4,-15,-4,-14,-2,-14,-2,-14,-1,-15,-1,-15,0,-16,0,-16,1,-17,2,-18,3,-19,3,-20,5,-20,6,-21,6,-21,6,-22,6,-22,7,-20,7,-20,7,-20,8,-19,7,0,0,-19,9,-19,8,-19,9,-19,10,-20,10,-19,9,-19,10,-19,10,-18,11,-17,11,-16,11,-16,11,-15,11,-14,12,-13,11,-13,12,-12,12,-12,12,-12,12,-13,13,-14,14,-15,15,-15,15,-14,15,-15,15,-15,14,-14,13,-13,11]"
CSI_DATA,113713,d8:b1:90:d9:de:f0,-58,11,-99,-35,60,56,1696367537,100,0,114,0,"[-11,11,-11,12,-13,12,-13,12,-13,12,-13,12,-13,11,-11,11,-9,12,-9,11,-8,12,-8,12,-7,13,-7,14,-7,15,-7,15,-6,17,-6,18,-6,19,-5,19,-5,20,-4,22,-4,22,-4,22,-4,22,-4,21,-4,21,-3,21,0,0,-3,21,-2,21,-2,21,-2,21,-2,21,-2,22,-1,22,0,22,0,22,0,21,0,20,0,20,2,19,2,18,2,17,2,17,3,17,3,17,4,18,4,18,4,19,4,19,4,19,4,22,4,22,3,21,2,19,1,17]"
CSI_DATA,113714,d8:b1:90:d9:de:f0,-58,11,-99,-34,60,56,1696394056,100,0,114,0,"[5,14,4,16,4,16,3,16,3,16,2,16,2,15,2,15,3,15,2,14,2,14,2,14,2,15,2,16,3,16,3,17,3,18,4,19,3,20,3,21,3,21,3,22,2,21,2,22,1,22,0,22,0,22,0,21,0,0,-2,21,-2,20,-3,21,-3,20,-4,21,-4,21,-4,20,-5,21,-5,20,-6,20,-6,19,-6,18,-5,18,-5,17,-6,16,-6,17,-6,16,-7,17,-7,17,-8,17,-9,17,-10,17,-10,17,-12,17,-13,16,-14,15,-13,13,-13,11]"
CSI_DATA,113715,d8:b1:90:d9:de:f0,-58,11,-99,-37,60,56,1696410450,100,0,114,0,"[16,0,18,1,18,2,18,3,19,4,18,5,18,5,17,6,16,5,16,5,15,5,16,5,16,5,16,5,17,5,18,5,18,5,20,6,21,7,21,8,22,8,22,8,22,8,22,9,21,10,21,10,20,10,19,11,0,0,18,12,17,13,17,14,17,15,18,16,17,16,17,16,16,17,15,16,15,16,14,16,14,16,13,15,13,15,11,15,11,15,11,15,10,16,10,16,10,17,10,18,10,19,9,20,8,21,6,21,5,21,3,20,1,18]"
CSI_DATA,113716,d8:b1:90:d9:de:f0,-59,11,-99,-34,60,56,1696420941,100,0,114,0,"[14,0,16,2,17,3,16,4,17,4,16,4,15,5,14,6,14,4,14,4,14,4,14,4,15,4,15,3,16,4,17,4,18,4,19,4,20,4,20,5,20,5,21,6,21,6,21,6,20,7,20,7,20,7,18,8,0,0,18,8,18,9,18,10,18,11,18,11,18,12,18,11,18,12,17,12,17,12,16,11,16,12,15,10,14,11,14,11,14,12,13,12,13,12,13,12,14,13,14,14,14,15,14,16,13,17,12,17,11,17,9,17,7,15]"
CSI_DATA,113717,d8:b1:90:d9:de:f0,-58,11,-99,-34,59,56,1696435066,100,0,114,0,"[-1,-17,0,-18,0,-19,0,-20,0,-19,0,-18,0,-17,0,-17,-2,-17,-2,-16,-3,-15,-3,-16,-5,-16,-6,-17,-8,-17,-8,-18,-10,-18,-11,-18,-11,-19,-13,-19,-14,-19,-15,-20,-16,-18,-16,-18,-16,-18,-16,-18,-16,-17,-16,-17,0,0,-17,-16,-16,-17,-17,-16,-18,-16,-17,-15,-17,-16,-18,-14,-19,-14,-18,-13,-18,-12,-18,-11,-19,-11,-19,-10,-18,-8,-18,-8,-17,-8,-17,-7,-17,-7,-18,-7,-20,-7,-20,-7,-20,-7,-22,-7,-22,-7,-21,-8,-20,-7,-19,-7,-16,-7]"
CSI_DATA,113718,d8:b1:90:d9:de:f0,-58,11,-99,-34,59,56,1696445354,100,0,114,0,"[14,-9,16,-9,17,-10,17,-9,17,-11,15,-11,15,-11,14,-10,12,-11,11,-11,11,-11,11,-12,11,-14,9,-14,8,-16,8,-17,8,-18,8,-20,6,-22,5,-23,5,-23,4,-25,4,-24,2,-25,2,-25,2,-24,1,-24,0,-23,0,0,0,-23,0,-23,-1,-23,-2,-24,-2,-23,-2,-23,-4,-23,-5,-23,-5,-22,-5,-23,-8,-21,-7,-20,-8,-18,-8,-17,-8,-17,-9,-16,-10,-16,-10,-16,-11,-16,-11,-16,-13,-17,-13,-17,-14,-18,-15,-17,-14,-17,-13,-17,-13,-17,-11,-14]"
CSI_DATA,113719,d8:b1:90:d9:de:f0,-57,11,-99,-34,59,56,1696457030,100,0,114,0,"[-4,17,-5,18,-5,19,-6,19,-6,19,-6,18,-6,17,-5,17,-3,17,-3,17,-2,16,-2,16,-1,17,0,17,0,19,0,19,2,20,2,22,2,23,3,23,5,23,5,24,5,24,6,24,6,23,5,23,6,23,6,23,0,0,7,22,7,22,6,23,6,22,8,23,8,23,8,22,10,23,9,21,10,20,10,20,11,19,10,17,10,17,10,17,11,16,11,15,11,16,11,16,12,17,13,17,14,17,14,18,13,20,13,18,12,19,11,18,9,17]"
CSI_DATA,113720,d8:b1:90:d9:de:f0,-58,11,-99,-36,60,56,1696467393,100,0,114,0,"[7,-14,9,-15,10,-15,11,-14,12,-14,12,-13,12,-12,12,-12,12,-12,11,-11,11,-11,11,-11,10,-12,11,-12,12,-12,12,-14,13,-14,14,-14,15,-15,15,-16,16,-15,18,-16,17,-15,19,-15,18,-14,18,-13,18,-13,19,-12,0,0,19,-11,19,-9,21,-9,20,-8,21,-8,21,-7,21,-7,21,-7,21,-7,21,-6,20,-6,20,-5,19,-4,18,-4,18,-3,19,-3,18,-2,18,-2,19,-2,20,-1,21,0,21,0,21,1,21,2,21,2,20,4,18,5,16,6]"
CSI_DATA,113721,d8:b1:90:d9:de:f0,-58,11,-99,-35,60,56,1696508974,100,0,114,0,"[16,-2,17,-2,17,-2,18,-1,19,-2,18,-2,17,-2,17,-2,15,-4,15,-3,15,-4,15,-4,15,-4,15,-5,15,-6,15,-6,16,-8,17,-8,18,-10,18,-11,19,-11,19,-12,19,-12,19,-13,19,-12,19,-12,19,-12,18,-11,0,0,17,-11,18,-11,18,-12,19,-13,19,-13,19,-13,18,-13,19,-13,17,-13,17,-12,17,-13,15,-11,14,-11,13,-11,13,-11,13,-12,13,-12,13,-12,13,-13,14,-13,15,-14,15,-13,16,-13,17,-14,16,-13,16,-12,16,-11,15,-9]"
CSI_DATA,113722,d8:b1:90:d9:de:f0,-59,9,-99,-41,61,56,1696535109,124,0,106,0,"[-8,10,-77,0,11,10,-88,0,50,10,73,0,89,10,46,0,-60,10,27,0,-30,10,14,0,1,0,2,0,29,0,-15,10,47,0,-44,10,48,0,-78,10,25,0,62,10,-18,10,27,10,-72,10,1,10,0,0,0,0,1,10,10,10,-43,10,18,10,-56,10,45,10,-32,10,67,10,26,10,89,10,-86,10,-82,10,-15,10,-67,10,50,0,-59,10,-82,0,-50,10,-32,0,-44,10,7,0,-41,10,14,0,-41,10,-17,0]"
CSI_DATA,113723,d8:b1:90:d9:de:f0,-58,11,-99,-35,60,56,1696548516,100,0,114,0,"[12,-11,13,-11,14,-10,14,-8,15,-10,15,-8,15,-8,14,-8,13,-8,13,-8,12,-8,13,-7,13,-8,13,-8,14,-8,15,-8,15,-10,17,-11,17,-11,19,-11,18,-11,19,-11,19,-11,19,-11,20,-9,21,-8,20,-8,19,-7,0,0,20,-6,20,-6,20,-4,21,-4,21,-4,22,-4,21,-4,22,-3,21,-3,22,-2,20,-2,20,-2,19,-2,18,-1,18,-1,18,-1,18,0,18,0,18,0,19,0,20,1,20,1,21,2,22,4,21,5,19,6,19,6,16,7]"
CSI_DATA,113724,d8:b1:90:d9:de:f0,-58,11,-99,-37,60,56,1696559655,100,0,114,0,"[10,14,10,16,9,18,8,18,8,18,7,18,6,17,5,16,6,16,5,16,5,15,5,16,5,15,5,15,6,16,6,17,7,18,8,21,8,21,7,22,7,22,7,24,6,24,6,24,5,23,3,24,2,24,2,24,0,0,1,23,0,23,0,23,0,24,-2,24,-2,24,-3,23,-3,24,-3,23,-3,22,-4,21,-4,21,-5,20,-5,19,-5,18,-5,18,-5,18,-6,18,-7,18,-8,19,-8,19,-10,19,-11,19,-13,18,-13,17,-14,16,-14,14,-14,13]"
CSI_DATA,113725,d8:b1:90:d9:de:f0,-58,11,-99,-36,60,56,1696570650,100,0,114,0,"[-1,-16,-1,-17,0,-18,0,-18,0,-18,-1,-18,0,-16,-1,-16,-2,-15,-2,-15,-3,-14,-4,-14,-5,-14,-7,-14,-7,-14,-8,-15,-9,-16,-10,-16,-12,-17,-12,-17,-14,-17,-14,-17,-14,-17,-15,-16,-15,-16,-15,-16,-15,-15,-14,-15,0,0,-14,-14,-15,-14,-16,-14,-16,-14,-16,-14,-16,-14,-17,-13,-18,-13,-17,-12,-18,-12,-17,-9,-17,-9,-17,-9,-16,-8,-16,-7,-16,-7,-16,-6,-16,-5,-17,-6,-19,-6,-19,-6,-20,-6,-21,-6,-21,-6,-20,-6,-19,-7,-18,-7,-17,-7]"
CSI_DATA,113726,d8:b1:90:d9:de:f0,-59,9,-99,-36,60,56,1696590295,252,0,106,0,"[43,0,-1,10,19,0,5,0,-26,0,18,0,-76,0,25,0,64,0,19,0,29,0,9,0,0,0,-5,10,-29,10,-15,10,-61,10,-16,10,87,10,-4,10,58,10,28,0,36,10,72,0,28,10,-55,0,0,0,0,0,42,10,39,0,45,10,69,0,56,10,70,0,60,10,36,0,73,10,-24,0,89,10,74,0,-67,10,1,0,-42,10,-63,10,-14,10,66,10,15,0,24,10,46,0,-10,9,60,0,-15,9,54,0]"
CSI_DATA,113727,d8:b1:90:d9:de:f0,-58,11,-99,-36,60,56,1696620416,100,0,114,0,"[-15,0,-16,0,-16,0,-17,0,-18,0,-17,0,-17,0,-16,0,-16,0,-15,0,-14,0,-15,1,-16,2,-16,2,-16,3,-17,4,-19,4,-19,5,-20,5,-21,6,-21,6,-22,7,-21,7,-22,7,-21,7,-21,7,-21,6,-21,7,0,0,-21,6,-20,5,-20,5,-21,5,-21,6,-21,5,-21,6,-21,6,-20,6,-20,6,-19,6,-19,6,-17,6,-17,7,-16,5,-16,6,-16,6,-16,7,-16,6,-18,7,-19,7,-19,6,-19,6,-21,6,-21,5,-20,4,-19,3,-18,2]"
CSI_DATA,113728,d8:b1:90:d9:de:f0,-58,11,-99,-34,59,56,1696635579,100,0,114,0,"[2,17,1,18,0,19,0,20,0,18,-1,18,-3,16,-2,17,-1,17,-3,16,-2,17,-1,17,-1,17,0,17,-2,20,-2,20,-2,19,-2,20,-2,23,-4,22,-5,24,-4,25,-4,23,-5,23,-6,25,-5,22,-7,22,-8,22,0,0,-9,20,-10,19,-13,19,-11,20,-12,20,-14,19,-13,18,-14,19,-14,17,-13,17,-14,16,-13,16,-14,17,-14,14,-13,14,-14,14,-14,11,-15,13,-17,14,-17,14,-20,13,-18,11,-19,12,-22,10,-21,10,-22,8,-20,5,-19,3]"
CSI_DATA,113729,d8:b1:90:d9:de:f0,-58,11,-99,-37,60,56,1696669817,100,0,114,0,"[9,14,8,16,8,16,7,16,8,17,7,16,6,16,5,16,7,15,6,15,7,14,7,14,8,14,8,15,8,15,9,16,10,16,10,17,10,17,11,18,12,19,13,20,13,20,13,20,12,21,11,20,10,20,11,21,0,0,9,20,10,20,9,20,9,21,8,20,9,21,8,21,8,21,8,20,8,21,8,19,8,19,7,18,7,17,7,17,7,17,7,18,6,18,7,18,7,20,6,21,6,21,6,22,5,22,3,23,2,21,2,21,0,18]"
CSI_DATA,113730,d8:b1:90:d9:de:f0,-58,11,-99,-37,60,56,1696687158,100,0,114,0,"[12,10,13,12,12,13,13,13,13,13,13,13,13,12,12,12,13,10,13,9,13,8,13,8,14,8,16,8,16,7,17,6,18,5,20,5,21,5,21,4,24,4,24,3,24,2,24,2,24,2,23,2,23,1,23,1,0,0,22,0,21,0,22,0,23,0,24,0,24,-1,23,-2,23,-2,22,-3,21,-4,21,-5,21,-4,19,-5,18,-5,18,-5,18,-6,17,-7,17,-7,18,-8,18,-9,18,-9,20,-9,20,-10,21,-9,21,-9,20,-8,19,-7,17,-5]"
CSI_DATA,113731,d8:b1:90:d9:de:f0,-58,11,-99,-36,60,56,1696716256,100,0,114,0,"[-2,16,-3,16,-4,16,-5,16,-5,16,-5,16,-6,15,-5,15,-4,14,-4,14,-4,14,-4,14,-4,15,-4,16,-4,16,-4,17,-4,19,-5,19,-5,21,-5,21,-5,21,-6,22,-7,23,-7,22,-7,21,-7,21,-8,21,-8,21,0,0,-9,19,-10,19,-9,19,-11,19,-11,19,-12,19,-12,19,-12,19,-12,19,-12,19,-11,17,-10,16,-10,16,-10,15,-10,14,-11,14,-11,14,-11,14,-12,14,-12,15,-13,15,-14,15,-14,14,-16,14,-16,14,-16,12,-16,11,-15,8]"
CSI_DATA,113732,d8:b1:90:d9:de:f0,-58,11,-99,-36,60,56,1696740802,100,0,114,0,"[1,16,0,16,0,17,-1,16,-1,19,-1,17,-2,16,-2,16,0,16,-1,16,-1,15,-2,16,0,16,-1,16,-1,17,-1,18,0,19,-1,21,-1,21,-1,22,-1,22,-1,24,-2,24,-2,24,-3,23,-3,22,-4,22,-4,21,0,0,-5,21,-6,21,-6,20,-7,21,-7,19,-7,20,-8,20,-9,21,-8,20,-9,20,-8,19,-8,18,-8,17,-7,16,-8,16,-8,16,-8,16,-8,16,-9,16,-11,17,-12,18,-12,18,-14,17,-14,17,-15,16,-15,14,-15,13,-14,11]"
CSI_DATA,113733,d8:b1:90:d9:de:f0,-57,11,-99,-30,58,56,1696770268,100,0,114,0,"[5,17,7,16,8,16,11,14,14,13,15,10,16,8,15,6,16,2,17,0,15,-2,16,-4,14,-7,14,-10,13,-12,11,-15,8,-17,6,-20,3,-22,0,-23,-2,-23,-7,-23,-9,-23,-13,-20,-14,-19,-17,-17,-19,-14,-20,-11,0,0,-22,-5,-23,-2,-23,0,-23,3,-21,5,-21,8,-19,12,-18,14,-14,17,-12,19,-8,20,-6,20,-3,20,0,19,2,18,5,18,8,17,9,15,11,14,15,14,17,13,20,10,21,9,21,6,23,4,22,2,20,0,18,-1]"
CSI_DATA,113734,d8:b1:90:d9:de:f0,-58,11,-99,-37,60,56,1696783371,100,0,114,0,"[0,16,0,17,0,18,-1,18,-2,18,-2,18,-2,17,-2,16,0,16,0,16,0,16,0,16,0,16,0,16,1,18,1,18,2,19,2,20,2,21,2,22,3,23,3,24,3,24,4,24,3,24,2,23,2,23,2,23,0,0,1,22,2,22,1,22,1,23,1,23,1,23,1,23,1,24,1,22,1,22,1,21,2,22,2,21,1,20,2,19,2,18,1,18,2,18,1,19,1,21,1,22,0,22,0,23,0,24,-1,24,-2,22,-2,21,-3,18]"
CSI_DATA,113735,d8:b1:90:d9:de:f0,-58,11,-99,-37,60,56,1696796175,100,0,114,0,"[-14,-8,-15,-10,-15,-10,-14,-11,-16,-11,-13,-10,-14,-10,-13,-9,-14,-8,-13,-8,-13,-8,-14,-8,-14,-6,-16,-5,-16,-5,-18,-5,-18,-5,-20,-5,-20,-5,-22,-5,-22,-3,-24,-5,-24,-4,-24,-4,-24,-3,-22,-2,-23,-2,-21,-2,0,0,-23,-3,-23,-3,-22,-3,-24,-2,-23,-2,-24,-2,-23,-2,-24,-2,-23,-1,-23,0,-22,0,-21,0,-21,0,-19,1,-20,1,-18,1,-18,1,-18,2,-18,2,-20,1,-21,2,-22,1,-23,2,-23,2,-22,1,-21,0,-21,0,-18,0]"
CSI_DATA,113736,d8:b1:90:d9:de:f0,-58,11,-99,-35,60,56,1696819707,100,0,114,0,"[5,15,4,17,4,17,2,18,2,19,1,18,0,17,0,17,1,15,1,15,1,15,1,15,1,15,1,15,1,16,1,17,1,17,0,19,0,20,0,21,0,21,0,22,0,21,0,21,0,22,-2,21,-2,21,-2,21,0,0,-4,20,-5,20,-6,21,-6,20,-6,20,-6,20,-6,20,-6,19,-8,19,-7,19,-8,17,-8,18,-8,17,-8,16,-8,16,-8,16,-8,15,-9,16,-10,15,-10,16,-11,16,-12,17,-13,15,-15,16,-16,15,-16,13,-15,12,-15,9]"
CSI_DATA,113737,d8:b1:90:d9:de:f0,-58,11,-99,-34,59,56,1696842849,100,0,114,0,"[16,-5,17,-5,18,-4,18,-4,19,-5,19,-5,18,-3,17,-4,16,-5,16,-5,15,-5,15,-5,15,-6,15,-7,17,-8,17,-8,18,-9,19,-10,20,-11,20,-11,20,-12,20,-13,20,-13,20,-13,20,-12,21,-12,20,-11,20,-12,0,0,20,-11,20,-11,20,-11,20,-11,21,-11,21,-11,20,-11,21,-12,20,-11,20,-11,19,-11,19,-10,17,-10,17,-10,16,-9,17,-10,16,-10,17,-10,17,-11,17,-11,18,-11,19,-11,20,-11,21,-10,21,-10,21,-8,20,-7,19,-5]"
CSI_DATA,113738,d8:b1:90:d9:de:f0,-58,11,-99,-36,60,56,1696854655,100,0,114,0,"[-12,-7,-12,-9,-12,-11,-12,-12,-13,-12,-12,-12,-12,-12,-10,-12,-11,-11,-10,-11,-10,-10,-11,-11,-11,-10,-11,-10,-12,-11,-12,-12,-14,-12,-14,-14,-15,-14,-16,-14,-16,-15,-16,-14,-16,-16,-16,-16,-15,-16,-14,-16,-14,-16,-13,-16,0,0,-12,-18,-12,-17,-12,-17,-12,-18,-11,-18,-11,-18,-10,-18,-10,-20,-10,-19,-9,-19,-9,-18,-9,-18,-8,-17,-8,-16,-7,-15,-7,-16,-7,-16,-7,-16,-7,-16,-6,-19,-6,-19,-5,-20,-5,-21,-4,-21,-2,-21,-1,-20,0,-19,0,-18]"
CSI_DATA,113739,d8:b1:90:d9:de:f0,-58,11,-99,-37,60,56,1696867964,100,0,114,0,"[-16,-2,-17,-3,-18,-5,-17,-6,-18,-5,-18,-5,-17,-6,-16,-5,-16,-5,-16,-5,-15,-5,-16,-5,-16,-4,-16,-4,-17,-3,-18,-4,-19,-4,-21,-4,-21,-5,-23,-4,-22,-5,-24,-5,-24,-5,-24,-5,-23,-6,-23,-6,-23,-8,-21,-7,0,0,-22,-8,-22,-8,-21,-9,-22,-10,-21,-9,-21,-10,-21,-10,-21,-11,-21,-10,-20,-10,-19,-10,-18,-10,-18,-9,-16,-9,-16,-9,-16,-8,-16,-9,-16,-8,-16,-9,-16,-11,-17,-11,-18,-13,-18,-14,-17,-14,-16,-15,-15,-15,-13,-15,-11,-14]"
CSI_DATA,113740,d8:b1:90:d9:de:f0,-58,11,-99,-36,60,56,1696878577,100,0,114,0,"[-7,13,-7,14,-9,14,-9,13,-9,14,-9,14,-10,13,-9,12,-8,13,-9,13,-8,12,-8,13,-8,13,-8,14,-8,15,-9,16,-8,17,-9,18,-9,19,-9,20,-9,21,-10,21,-11,21,-10,21,-11,20,-11,20,-11,19,-11,19,0,0,-12,19,-12,18,-12,18,-13,19,-13,19,-13,18,-14,18,-14,18,-13,18,-12,17,-12,17,-12,16,-11,16,-11,14,-11,15,-11,14,-11,14,-10,14,-11,14,-12,15,-13,15,-14,16,-15,16,-16,15,-16,14,-16,13,-15,12,-14,9]"
CSI_DATA,113741,d8:b1:90:d9:de:f0,-58,11,-99,-36,60,56,1696889897,100,0,114,0,"[-16,0,-17,0,-18,-2,-18,-2,-18,-2,-17,-2,-16,-2,-16,-2,-14,-2,-14,-2,-14,-2,-14,-2,-14,-2,-16,-2,-16,-2,-18,-2,-19,-1,-19,-2,-21,-2,-21,-2,-21,-2,-22,-2,-22,-3,-23,-3,-21,-4,-21,-4,-21,-4,-20,-5,0,0,-20,-7,-19,-7,-19,-7,-19,-7,-19,-8,-19,-9,-19,-9,-19,-10,-19,-9,-18,-9,-18,-8,-17,-9,-16,-9,-16,-9,-15,-8,-16,-9,-16,-9,-15,-9,-15,-10,-15,-11,-15,-12,-16,-13,-16,-13,-16,-15,-15,-16,-14,-16,-12,-16,-10,-15]"
CSI_DATA,113742,d8:b1:90:d9:de:f0,-58,11,-99,-36,60,56,1696905651,100,0,114,0,"[14,7,15,8,15,9,14,10,16,9,15,9,14,9,13,9,13,7,12,8,12,7,13,7,14,7,14,7,15,7,16,7,17,7,19,8,20,9,21,9,21,8,21,9,21,9,22,9,21,9,20,9,20,10,19,9,0,0,19,11,19,11,18,11,19,12,19,12,19,12,19,12,19,13,19,12,18,12,17,11,16,11,16,10,15,10,15,10,15,10,15,10,14,10,15,11,15,11,16,12,16,12,16,13,16,15,15,16,14,15,13,16,11,15]"
CSI_DATA,113743,d8:b1:90:d9:de:f0,-58,11,-99,-34,60,56,1696935957,100,0,114,0,"[12,-10,14,-9,14,-8,15,-8,16,-8,16,-8,15,-7,14,-6,14,-6,13,-6,13,-6,14,-6,14,-6,14,-7,15,-7,16,-8,16,-9,17,-9,18,-10,18,-10,20,-9,20,-10,20,-9,20,-9,20,-8,20,-8,20,-7,20,-7,0,0,21,-6,20,-5,21,-5,20,-4,22,-4,21,-4,21,-4,22,-3,21,-3,20,-3,20,-3,20,-2,19,-2,18,-2,18,-2,18,-1,17,-1,18,0,18,0,19,0,20,0,20,1,20,2,20,3,20,4,19,4,17,6,15,6]"
CSI_DATA,113744,d8:b1:90:d9:de:f0,-58,11,-99,-34,59,56,1696949516,100,0,114,0,"[14,-8,16,-8,17,-6,17,-5,19,-6,18,-5,17,-4,16,-3,16,-5,16,-4,14,-4,16,-5,16,-5,17,-5,17,-6,18,-6,19,-7,20,-7,21,-8,21,-7,22,-7,23,-8,23,-7,23,-7,23,-6,24,-5,23,-5,23,-4,0,0,22,-2,23,-2,23,-2,23,-1,23,-1,23,0,23,0,24,0,23,0,23,0,22,0,21,0,20,0,19,0,19,0,18,0,18,1,18,2,19,2,20,3,21,3,21,4,22,5,23,7,20,7,20,8,18,9,16,9]"
CSI_DATA,113745,d8:b1:90:d9:de:f0,-58,11,-99,-36,60,56,1696961041,100,0,114,0,"[2,16,2,17,2,18,1,18,2,18,2,18,2,16,2,16,3,16,4,15,4,14,5,14,7,14,7,14,9,14,9,15,11,16,11,15,12,16,14,16,15,16,15,17,16,16,16,16,16,15,16,14,17,14,17,14,0,0,16,14,16,14,16,14,16,13,17,14,18,14,18,13,19,12,19,12,18,10,18,9,19,8,19,7,18,7,16,7,17,6,16,6,16,5,17,5,18,5,19,5,19,6,20,5,21,5,21,6,20,6,17,6,17,6]"
CSI_DATA,113746,d8:b1:90:d9:de:f0,-58,11,-99,-38,60,56,1696971744,100,0,114,0,"[-15,7,-16,7,-17,7,-17,6,-18,8,-17,8,-17,8,-15,8,-13,8,-13,9,-12,9,-12,10,-11,11,-11,12,-11,13,-11,14,-11,15,-11,17,-11,18,-11,20,-11,20,-10,21,-10,22,-9,23,-9,23,-8,21,-8,22,-8,22,0,0,-7,21,-7,22,-6,20,-6,23,-5,22,-5,23,-4,23,-5,23,-3,23,-2,23,-2,21,-1,21,0,20,0,19,0,20,0,18,1,18,2,18,2,19,2,20,2,21,2,20,3,22,3,22,2,22,2,20,2,20,1,19]"
CSI_DATA,113747,d8:b1:90:d9:de:f0,-59,11,-99,-36,60,56,1696983182,100,0,228,0,"[7,-17,8,-19,8,-19,7,-19,7,-16,5,-15,4,-13,67,-4,2,-9,0,-8,0,-7,0,-4,0,-3,0,-2,0,0,0,1,1,2,0,4,0,5,0,7,-2,8,43,4,-6,11,-8,11,-10,10,-12,10,-14,10,-16,9,0,0,-21,7,-23,7,-24,6,-24,5,-26,5,-24,4,78,9,-21,4,-19,4,-16,5,-12,5,-9,5,-5,5,-2,6,2,4,4,4,6,4,9,3,12,2,14,2,-21,0,18,0,19,-1,19,-1,17,-1,16,-1,14,0,10,0,0,4,1,4,1,4,3,4,7,2,9,-4,4,-12,-2,-24,-14,-5,-14,7,-5,16,8,15,18,4,16,-10,4,-19,-12,-16,-20,-3,-16,12,-3,19,9,14,15,3,8,4,4,-9,0,-7,-3,-4,-4,-3,-5,-2,-7,0,0,0,-4,8,0,12,9,9,12,2,14,-6,7,-13,-26,-10,-12,-12,-17,0,-14,10,-4,17,8,16,17,6,16,-7,6,-16,-7,-16,-16,-4,-14,8,-2,16,9,12,31,0,8,-11,-4,-11,-12,-1,-7,9,5,11,13,1,9,-9]"
CSI_DATA,113748,d8:b1:90:d9:de:f0,-59,11,-99,-36,61,56,1697000446,100,0,228,0,"[5,-16,5,-17,5,-17,5,-17,5,-16,4,-14,3,-12,60,-4,1,-9,1,-6,1,-5,0,-4,0,-2,0,-1,0,0,0,1,0,2,0,3,-1,5,-2,6,-3,7,39,3,-7,7,-9,6,-11,6,-13,5,-15,4,-17,2,0,0,-20,-1,-21,-3,-22,-4,-23,-5,-22,-6,-22,-6,-69,8,-19,-6,-17,-5,-15,-3,-12,-1,-9,0,-6,1,-4,3,-1,5,0,5,2,6,4,7,6,9,8,10,-76,0,11,11,12,11,12,11,11,11,10,10,8,9,6,7,1,4,1,2,1,3,3,4,7,1,8,-3,5,-10,-2,-22,-12,-5,-13,5,-5,14,6,15,16,5,15,-7,5,-17,-8,-16,-17,-5,-17,8,-6,16,5,15,12,6,6,5,6,-6,1,-7,-1,-5,-2,-4,-3,-3,-5,-3,0,0,-6,5,-3,9,3,10,10,7,12,0,11,-8,-15,-20,-4,-13,-11,-8,-15,1,-12,10,-2,16,9,13,15,3,13,-8,3,-15,-8,-13,-15,-3,-11,8,-1,14,20,20,11,-1,5,-10,-5,-8,-10,1,-4,10,6,10,11,1]"
CSI_DATA,113749,d8:b1:90:d9:de:f0,-59,11,-99,-35,60,56,1697012587,100,0,228,0,"[11,-14,13,-15,13,-14,13,-13,12,-13,11,-12,9,-10,66,-4,6,-8,5,-6,4,-6,3,-4,2,-3,1,-2,0,-1,0,0,-1,0,-3,0,-4,0,-6,0,-7,0,42,4,-10,-2,-11,-4,-11,-8,-11,-11,-11,-13,-11,-15,0,0,-8,-19,-7,-22,-6,-23,-4,-24,-3,-24,-2,-24,-46,10,-1,-22,-1,-19,-2,-17,-2,-13,-4,-10,-4,-7,-5,-4,-6,-2,-7,0,-8,2,-8,4,-10,6,-11,8,60,10,-13,11,-13,12,-14,12,-14,11,-13,9,-11,7,-9,5,0,4,0,2,0,3,0,6,6,5,10,1,10,-7,11,-22,-7,-12,-15,-3,-13,8,-3,17,10,15,18,4,16,-11,4,-19,-10,-17,-19,-6,-17,8,-6,16,4,15,2,6,10,0,6,-4,2,-4,0,-3,0,-3,0,-4,0,0,-6,-4,-10,0,-8,6,-4,11,4,13,11,8,14,-23,13,-8,6,-15,-5,-16,-15,-9,-17,2,-11,13,0,17,11,13,17,1,13,-11,0,-16,-11,-11,-15,0,-22,21,2,13,12,5,10,-6,0,-12,-11,-6,-13,5,-4,13]"
CSI_DATA,113750,d8:b1:90:d9:de:f0,-59,11,-99,-37,61,56,1697027051,100,0,228,0,"[16,5,17,6,18,6,17,5,16,5,14,3,12,3,62,-4,9,1,7,1,5,0,3,0,2,0,1,0,0,0,-1,0,-3,0,-3,0,-5,0,-7,-1,-8,-2,40,3,-9,-6,-9,-8,-9,-10,-8,-12,-7,-14,-6,-16,0,0,-3,-20,-1,-22,-1,-23,0,-24,0,-24,1,-24,0,9,1,-21,0,-18,0,-15,-1,-12,-1,-9,-2,-6,-3,-3,-4,0,-5,2,-5,5,-5,7,-5,9,-5,11,-55,9,-5,15,-5,16,-5,16,-5,16,-5,14,-4,11,-3,9,-5,0,-3,1,-3,1,-4,4,-1,7,5,9,11,3,23,-3,4,-13,-7,-13,-15,-4,-14,8,-4,17,9,15,18,4,16,-10,3,-18,-9,-16,-17,-4,-14,7,-5,13,-5,7,7,5,7,0,5,-1,4,-3,3,-4,1,-6,0,0,-7,-5,-11,-1,-11,6,-5,12,3,13,11,9,16,-22,12,-9,5,-15,-6,-14,-14,-8,-16,3,-9,13,1,16,12,10,16,-1,9,-12,-1,-15,-12,-8,-13,3,-11,25,5,10,11,1,5,-8,-5,-8,-10,0,-5,9,5,11]"
CSI_DATA,113751,d8:b1:90:d9:de:f0,-59,11,-99,-38,61,56,1697038458,100,0,228,0,"[-10,14,-11,15,-11,15,-10,15,-9,14,-8,12,-7,11,64,-4,-4,8,-2,7,-2,6,-1,4,0,3,0,2,0,0,0,0,1,-1,2,-2,3,-4,4,-4,6,-4,41,4,10,-3,12,-2,13,0,15,1,16,3,17,5,0,0,18,10,18,11,20,13,20,14,20,15,19,15,36,0,16,12,14,11,13,8,12,6,10,3,8,1,6,-2,4,-4,3,-6,1,-8,0,-10,-1,-12,-3,-14,-38,10,-6,-16,-6,-16,-6,-16,-6,-15,-4,-14,-4,-12,-2,-10,0,-4,0,-2,0,-4,-1,-6,-6,-5,-10,0,-8,8,-5,24,10,10,16,0,11,-12,-2,-17,-14,-12,-18,2,-11,16,2,19,16,12,18,-2,12,-14,-1,-16,-10,-10,-4,-4,-8,6,-2,6,0,5,1,3,0,4,2,4,0,0,8,-1,6,-6,1,-10,-5,-11,-11,-5,-14,2,8,26,-1,15,8,13,16,5,16,-5,8,-15,-3,-17,-14,-10,-16,2,-10,13,2,16,14,8,15,-4,6,-14,-11,-28,-13,-2,-8,8,2,12,11,3,9,-8,-1,-12,-11,-6]"
CSI_DATA,113752,d8:b1:90:d9:de:f0,-59,11,-99,-36,61,56,1697053354,100,0,228,0,"[14,10,15,11,15,11,14,11,13,10,11,9,10,8,60,-4,7,5,6,3,4,3,3,2,1,1,1,0,0,0,-1,-1,-2,-1,-2,-3,-2,-5,-3,-6,-2,-7,39,3,1,-10,3,-10,5,-11,8,-11,10,-10,13,-10,0,0,18,-8,20,-6,22,-5,23,-3,23,-2,23,-1,-76,0,20,0,18,0,15,0,13,-1,10,-2,7,-3,4,-4,1,-5,-1,-6,-3,-7,-5,-8,-6,-9,-9,-10,77,9,-11,-11,-12,-12,-11,-12,-11,-11,-10,-11,-6,-10,-5,-7,-4,0,-3,0,-3,0,-5,1,-5,5,-1,10,6,9,22,9,11,-8,2,-15,-9,-13,-16,-3,-14,9,-3,17,10,15,18,4,16,-9,5,-17,-8,-15,-15,-6,-13,3,-7,0,0,9,3,6,3,3,3,2,5,1,6,0,0,0,3,-7,-1,-10,-7,-8,-11,-1,-11,5,-6,11,23,13,8,11,13,5,14,-3,9,-12,0,-16,-11,-11,-16,-1,-13,10,-2,16,9,13,15,2,11,-9,1,-15,-20,-21,-13,1,-5,10,5,10,11,0,6,-10,-4,-11,-12,-3]"
CSI_DATA,113753,d8:b1:90:d9:de:f0,-59,11,-99,-36,60,56,1697065640,100,0,228,0,"[-2,18,-3,19,-3,19,-3,19,-2,17,-2,16,-1,13,67,-4,0,9,0,7,0,5,0,4,0,2,0,1,0,0,0,-1,0,-2,0,-4,0,-5,2,-7,3,-7,43,4,7,-8,10,-8,12,-7,14,-7,16,-5,19,-4,0,0,23,0,24,2,25,2,26,4,26,5,25,5,88,0,21,5,19,4,16,3,14,1,11,0,8,-1,4,-3,2,-4,0,-6,-2,-7,-4,-8,-7,-9,-9,-10,-89,10,-12,-12,-13,-12,-14,-12,-12,-12,-11,-11,-9,-9,-7,-8,0,-4,-1,-4,-2,-4,-5,-4,-9,0,-9,7,-2,13,6,24,15,3,14,-9,3,-16,-9,-14,-19,-3,-16,11,-3,19,12,16,19,3,16,-11,4,-19,-8,-15,-14,-5,-7,-4,-6,8,0,8,1,5,2,4,3,4,6,2,0,0,7,-7,2,-11,-4,-11,-11,-7,-14,0,-12,9,19,21,6,15,14,8,17,-2,12,-12,1,-18,-11,-14,-17,-2,-14,10,-3,16,9,14,16,2,12,-9,0,-15,-22,-21,-12,2,-4,11,6,9,10,-1,4,-10,-7,-10,-13,0]"
CSI_DATA,113754,d8:b1:90:d9:de:f0,-59,11,-99,-38,61,56,1697078239,100,0,228,0,"[-14,-10,-16,-11,-16,-11,-16,-10,-15,-9,-14,-7,-12,-6,64,-4,-8,-3,-6,-2,-5,-1,-4,-1,-2,0,-1,0,0,0,1,0,3,0,4,0,5,1,6,2,7,4,41,4,7,8,6,10,6,12,4,14,4,16,2,18,0,0,0,22,-1,23,-2,24,-2,25,-4,25,-4,24,-44,10,-2,22,-1,20,0,16,1,14,3,10,4,7,5,4,6,0,6,-2,6,-5,7,-7,6,-10,6,-12,74,0,6,-16,5,-17,5,-17,5,-16,4,-14,3,-12,3,-9,4,0,3,0,4,0,5,-2,4,-7,-1,-10,-10,-7,-24,-2,-8,12,3,16,14,8,17,-4,8,-16,-6,-18,-17,-8,-18,8,-7,18,7,18,16,7,15,-6,7,-12,4,-6,-7,-6,-6,-1,-5,0,-4,2,-4,3,-3,6,0,0,6,6,10,2,10,-4,6,-11,-2,-12,-10,-10,-17,21,-13,6,-6,14,4,16,13,10,17,-1,11,-12,0,-17,-12,-12,-17,0,-11,13,2,16,14,9,15,-4,12,-28,-7,-11,-12,0,-6,10,6,10,12,0,6,-11,-4,-12]"
CSI_DATA,113755,d8:b1:90:d9:de:f0,-59,9,-99,-40,61,56,1697090626,124,0,106,0,"[-10,10,-41,9,-7,10,-15,9,0,0,31,10,5,0,75,10,2,0,-69,10,0,0,-36,10,-2,10,-4,10,0,10,29,0,16,0,55,0,47,0,76,0,-84,0,78,0,-28,0,59,0,16,0,30,0,0,0,0,0,73,0,-68,10,86,0,75,10,73,0,53,10,44,0,64,10,-3,0,-76,10,-58,0,-24,10,70,0,31,0,24,0,77,0,-16,10,-69,0,-48,10,-28,0,-73,10,3,0,-80,10,6,0,-62,10]"
CSI_DATA,113756,d8:b1:90:d9:de:f0,-59,11,-99,-38,61,56,1697101499,100,0,228,0,"[12,-10,14,-10,14,-10,14,-9,13,-8,12,-8,10,-7,64,-4,7,-6,6,-4,5,-4,4,-3,2,-2,2,-1,1,0,0,0,0,0,-2,0,-4,0,-6,0,-7,0,41,4,-10,-4,-11,-6,-12,-8,-12,-10,-12,-12,-11,-16,0,0,-10,-19,-9,-21,-8,-22,-7,-24,-6,-24,-5,-24,-78,10,-4,-20,-4,-18,-4,-16,-4,-12,-5,-10,-6,-6,-6,-3,-6,0,-6,2,-6,4,-7,6,-8,8,-8,10,-84,10,-9,12,-10,14,-10,14,-10,13,-10,11,-9,9,-8,7,-3,3,-2,4,-2,5,1,7,6,7,11,2,10,-6,12,-20,-7,-13,-15,-4,-14,8,-4,16,8,15,18,4,16,-9,5,-18,-8,-17,-18,-6,-17,6,-7,15,4,14,2,5,10,0,6,-4,2,-4,0,-3,1,-3,0,-4,0,0,-6,-4,-9,0,-8,6,-4,12,4,12,12,8,11,-23,12,-10,4,-16,-8,-15,-16,-6,-16,6,-8,15,4,17,14,10,16,-2,9,-13,-3,-15,-12,-8,-14,4,-14,24,6,11,12,0,7,-9,-4,-11,-11,-2,-9,8,0,12]"
CSI_DATA,113757,d8:b1:90:d9:de:f0,-59,11,-99,-39,61,56,1697115693,100,0,228,0,"[2,-17,2,-18,2,-18,1,-18,0,-17,0,-15,0,-13,66,-4,-1,-9,-1,-7,-2,-5,-1,-4,0,-2,0,-1,0,0,0,0,0,1,1,3,2,4,0,6,0,8,42,4,-2,11,-3,12,-5,13,-7,14,-9,14,-11,15,0,0,-15,15,-17,16,-18,16,-19,16,-19,16,-19,16,-54,9,-15,14,-13,13,-11,12,-7,11,-4,9,-1,8,1,6,4,4,6,2,8,0,9,-2,11,-3,12,-5,-30,0,14,-8,15,-10,15,-10,13,-10,12,-8,11,-7,8,-6,0,4,2,4,2,4,6,3,9,0,8,-8,0,-12,-11,-21,-15,0,-10,11,1,16,13,11,18,-2,10,-15,-4,-19,-16,-10,-19,5,-9,16,4,17,14,8,15,-2,6,0,0,-10,-4,-6,-4,-2,-4,-1,-4,0,-5,2,0,0,-1,8,4,8,10,4,12,-3,8,-11,0,-15,-26,2,-15,-4,-15,7,-7,16,4,17,15,9,17,-3,10,-14,-3,-17,-14,-9,-16,4,-7,15,5,14,14,4,26,-15,0,-13,-10,-6,-10,5,0,11,10,5,11,-5,2,-12]"
CSI_DATA,113758,d8:b1:90:d9:de:f0,-59,11,-99,-37,61,56,1697130883,100,0,228,0,"[12,-11,14,-11,14,-11,14,-11,12,-10,11,-9,9,-8,62,-4,7,-6,5,-5,4,-4,3,-3,2,-2,1,-1,0,0,0,0,-1,1,-2,1,-3,1,-5,1,-7,1,40,3,-11,0,-12,-2,-13,-4,-14,-6,-14,-8,-14,-11,0,0,-15,-15,-14,-16,-14,-18,-13,-20,-12,-20,-11,-20,33,9,-10,-18,-9,-16,-9,-12,-8,-9,-7,-7,-7,-3,-6,-1,-5,1,-5,4,-4,6,-3,9,-3,11,-2,12,-29,9,-2,16,-1,17,-1,17,-1,16,-2,14,-2,12,-2,9,-2,3,-1,3,0,5,1,6,5,6,11,0,9,-7,11,-21,-8,-11,-15,-2,-12,9,-2,16,10,14,18,3,14,-11,2,-18,-11,-15,-18,-3,-14,9,-3,16,6,13,2,5,9,-2,5,-5,1,-4,0,-3,0,-3,-1,-5,0,0,-7,-1,-9,3,-5,9,0,12,8,10,14,3,3,-25,8,-14,-2,-16,-12,-11,-17,0,-13,11,-2,17,9,14,16,3,14,-9,3,-16,-9,-12,-14,-1,-11,9,-2,28,10,7,11,-3,2,-11,-7,-7,-11,3,-3,11,7,10]"
CSI_DATA,113759,d8:b1:90:d9:de:f0,-58,11,-99,-37,60,56,1697142128,100,0,114,0,"[-5,-15,-5,-17,-5,-18,-3,-18,-3,-19,-2,-18,-1,-18,-1,-16,-2,-16,-1,-16,-2,-16,-2,-16,-2,-16,-2,-16,-2,-17,-2,-18,-3,-19,-3,-21,-4,-22,-3,-23,-2,-22,-3,-24,-2,-24,-2,-24,-1,-24,0,-23,0,-23,0,-23,0,0,1,-22,1,-23,2,-22,3,-23,3,-22,3,-22,4,-22,5,-23,5,-22,5,-22,5,-21,5,-20,5,-19,5,-18,5,-18,5,-18,6,-18,7,-18,6,-18,8,-18,8,-19,9,-19,10,-19,12,-20,14,-19,13,-18,14,-16,13,-13]"
CSI_DATA,113760,d8:b1:90:d9:de:f0,-58,11,-99,-36,60,56,1697154260,100,0,114,0,"[-13,11,-14,12,-15,11,-16,11,-16,12,-15,11,-15,10,-14,9,-12,10,-12,10,-12,10,-12,10,-11,12,-11,12,-12,13,-11,14,-11,15,-12,16,-12,18,-12,19,-12,19,-12,19,-12,19,-12,20,-12,19,-12,19,-11,19,-12,19,0,0,-12,19,-11,19,-11,19,-12,19,-12,19,-12,19,-11,19,-12,19,-11,19,-9,19,-9,19,-8,19,-7,18,-7,17,-7,17,-7,17,-6,16,-7,17,-7,17,-7,19,-7,19,-8,19,-9,19,-9,20,-9,20,-9,18,-9,16,-9,15]"
CSI_DATA,113761,d8:b1:90:d9:de:f0,-58,11,-99,-36,60,56,1697166231,100,0,114,0,"[15,7,16,9,16,11,15,11,16,11,14,11,14,11,13,11,13,9,13,9,12,9,12,9,13,9,13,9,14,9,15,10,16,10,17,11,18,11,19,12,19,12,20,12,19,12,20,12,18,13,18,14,16,14,17,14,0,0,16,14,16,15,16,14,16,16,15,16,16,17,16,16,15,16,14,16,14,16,14,16,13,16,13,15,12,14,12,14,12,14,11,14,10,14,11,15,12,16,11,16,11,18,10,19,10,19,8,19,7,19,6,19,4,17]"
CSI_DATA,113762,d8:b1:90:d9:de:f0,-59,11,-99,-34,60,56,1697177012,100,0,114,0,"[14,-6,16,-6,17,-5,18,-4,18,-4,17,-4,16,-3,16,-2,15,-3,14,-3,14,-3,14,-3,14,-4,15,-4,16,-4,17,-4,17,-5,18,-6,19,-6,19,-6,20,-6,21,-6,21,-6,21,-6,20,-5,20,-4,21,-4,20,-4,0,0,20,-3,20,-2,20,-2,21,-2,21,-1,21,-2,21,-1,22,0,21,-1,20,0,20,0,20,0,19,0,18,0,17,0,18,0,17,0,17,0,18,0,18,1,19,1,20,2,20,3,20,4,20,5,19,6,18,6,16,7]"
CSI_DATA,113763,d8:b1:90:d9:de:f0,-58,11,-99,-37,60,56,1697192957,100,0,114,0,"[8,-14,9,-15,10,-15,10,-15,11,-14,11,-14,11,-13,10,-13,10,-13,9,-13,8,-13,9,-13,9,-13,9,-14,9,-16,9,-16,9,-18,10,-18,10,-19,10,-20,10,-21,11,-21,11,-21,11,-22,11,-21,11,-20,11,-19,12,-19,0,0,13,-19,13,-19,13,-18,13,-18,13,-18,13,-18,13,-18,14,-18,13,-18,13,-18,13,-17,12,-16,12,-16,11,-16,11,-15,11,-16,11,-15,11,-16,12,-15,13,-15,13,-16,14,-16,15,-16,16,-15,16,-15,16,-13,16,-12,14,-10]"
CSI_DATA,113764,d8:b1:90:d9:de:f0,-59,11,-99,-34,60,56,1697204700,100,0,114,0,"[-14,7,-15,6,-17,4,-17,4,-17,4,-16,2,-16,2,-15,2,-14,2,-14,2,-14,2,-14,2,-14,2,-15,3,-16,2,-17,3,-18,4,-18,3,-20,3,-20,2,-21,3,-21,3,-22,2,-22,2,-21,1,-21,1,-21,0,-21,0,0,0,-20,-2,-20,-3,-20,-4,-21,-4,-21,-4,-21,-5,-21,-4,-20,-6,-20,-6,-20,-6,-18,-6,-18,-6,-18,-6,-17,-6,-16,-6,-16,-7,-15,-6,-15,-6,-16,-8,-16,-9,-16,-9,-16,-12,-16,-12,-16,-13,-15,-14,-14,-14,-12,-14,-10,-14]"
CSI_DATA,113765,d8:b1:90:d9:de:f0,-58,11,-99,-35,60,56,1697216799,100,0,114,0,"[-15,5,-16,4,-17,4,-17,3,-17,4,-17,4,-16,3,-15,3,-14,4,-15,5,-13,5,-15,5,-14,6,-15,6,-15,7,-15,8,-16,8,-17,10,-18,11,-18,11,-19,12,-19,13,-19,13,-19,13,-19,13,-19,12,-19,12,-18,12,0,0,-18,11,-18,11,-18,11,-19,12,-19,12,-19,12,-19,12,-18,12,-17,12,-17,12,-16,11,-16,11,-15,11,-15,11,-14,11,-13,11,-13,11,-13,11,-13,11,-15,12,-15,12,-16,12,-17,12,-18,12,-18,11,-17,11,-17,9,-15,7]"
CSI_DATA,113766,d8:b1:90:d9:de:f0,-58,11,-99,-35,60,56,1697231095,100,0,114,0,"[14,4,15,5,15,7,15,8,15,8,15,8,14,8,14,8,14,7,13,7,13,6,13,6,13,6,14,6,15,6,16,7,17,6,18,7,19,7,19,7,21,7,22,8,22,8,22,8,20,8,20,8,19,9,19,9,0,0,18,10,17,11,18,11,18,11,18,11,18,11,18,11,19,12,18,12,17,11,17,11,17,11,17,10,15,10,15,10,15,10,14,9,14,10,15,10,15,11,15,11,15,13,15,13,15,15,14,15,13,15,11,15,9,13]"
CSI_DATA,113767,d8:b1:90:d9:de:f0,-58,11,-99,-35,60,56,1697242482,100,0,114,0,"[-15,5,-17,4,-17,3,-17,2,-19,3,-17,2,-17,1,-15,1,-15,2,-15,1,-14,2,-15,1,-15,2,-15,2,-16,2,-17,2,-18,3,-19,3,-20,3,-22,3,-21,3,-22,2,-22,2,-22,2,-22,0,-22,0,-22,0,-21,0,0,0,-20,-2,-21,-2,-20,-2,-22,-3,-21,-4,-22,-4,-20,-4,-22,-5,-21,-4,-21,-6,-19,-5,-19,-5,-17,-5,-17,-5,-17,-5,-17,-5,-17,-6,-16,-6,-17,-7,-17,-8,-18,-8,-18,-10,-19,-11,-19,-12,-17,-13,-15,-13,-15,-14,-13,-13]"
CSI_DATA,113768,d8:b1:90:d9:de:f0,-58,11,-99,-37,60,56,1697257216,100,0,114,0,"[-15,-8,-16,-9,-15,-10,-15,-10,-16,-10,-16,-10,-14,-9,-14,-9,-14,-7,-14,-7,-13,-6,-13,-6,-15,-5,-16,-5,-16,-4,-17,-4,-19,-4,-20,-4,-22,-4,-22,-2,-24,-3,-24,-2,-24,-2,-23,-1,-22,-2,-23,-2,-22,-2,-22,-2,0,0,-22,-2,-21,-2,-22,-2,-22,-2,-24,-2,-23,-2,-22,-2,-23,-1,-23,0,-21,0,-22,0,-21,0,-20,0,-19,0,-18,0,-19,1,-18,1,-19,1,-19,1,-20,1,-21,1,-21,1,-22,0,-24,0,-22,0,-22,0,-20,0,-19,-2]"
CSI_DATA,113769,d8:b1:90:d9:de:f0,-58,11,-99,-36,60,56,1697269188,100,0,114,0,"[-4,16,-7,16,-7,16,-8,16,-9,16,-9,16,-9,15,-9,14,-7,14,-7,13,-7,13,-7,13,-7,14,-7,14,-7,15,-7,16,-7,17,-8,19,-7,19,-8,20,-8,20,-8,21,-9,20,-9,20,-9,20,-10,20,-11,19,-11,19,0,0,-11,18,-12,18,-11,18,-12,19,-12,18,-13,18,-13,17,-14,17,-13,16,-13,17,-12,16,-12,15,-12,14,-11,14,-11,14,-11,14,-11,13,-11,13,-12,14,-13,14,-13,14,-14,14,-15,13,-16,13,-16,12,-16,11,-16,9,-15,8]"
CSI_DATA,113770,d8:b1:90:d9:de:f0,-58,11,-99,-37,60,56,1697282872,100,0,114,0,"[8,15,7,16,6,17,5,17,6,18,5,18,5,18,4,16,5,16,4,16,5,15,5,16,5,16,5,16,6,16,6,17,7,18,8,19,8,20,8,21,8,21,9,22,8,23,9,22,7,23,7,22,6,22,5,22,0,0,4,22,5,22,3,22,4,23,2,22,2,23,2,22,2,24,2,23,2,22,1,21,1,21,1,20,0,19,0,19,0,19,0,19,0,18,0,19,-1,21,-1,21,-2,22,-2,23,-4,23,-5,22,-6,21,-7,20,-7,18]"
CSI_DATA,113771,d8:b1:90:d9:de:f0,-59,11,-99,-34,60,56,1697295210,100,0,114,0,"[4,-14,6,-15,7,-16,6,-16,7,-17,6,-16,6,-15,6,-15,4,-14,4,-14,3,-14,4,-14,2,-14,2,-15,2,-15,1,-16,0,-18,0,-19,0,-20,0,-20,-1,-21,-1,-22,-2,-22,-2,-22,0,-22,-1,-21,-1,-21,0,-20,0,0,-2,-20,-1,-20,-1,-21,-1,-21,-1,-22,-2,-22,-2,-20,-2,-21,-2,-20,-2,-20,-2,-20,-3,-19,-2,-18,-4,-17,-3,-17,-3,-18,-3,-16,-4,-17,-4,-17,-4,-18,-4,-19,-4,-20,-4,-20,-3,-21,-2,-21,-2,-20,-1,-19,0,-18]"
CSI_DATA,113772,d8:b1:90:d9:de:f0,-58,11,-99,-36,60,56,1697309547,100,0,114,0,"[-14,7,-16,6,-18,5,-17,4,-18,4,-17,3,-17,4,-15,3,-15,4,-15,4,-14,4,-16,4,-14,4,-15,4,-16,6,-17,7,-17,7,-19,7,-19,7,-21,9,-19,9,-21,9,-21,10,-21,9,-21,9,-21,8,-21,7,-20,7,0,0,-21,7,-21,6,-20,5,-22,6,-21,5,-22,6,-22,6,-22,6,-22,6,-21,6,-20,4,-21,4,-19,4,-19,4,-19,4,-17,4,-18,4,-17,4,-18,4,-19,4,-19,4,-21,3,-22,2,-21,1,-22,0,-21,0,-20,0,-17,-2]"
CSI_DATA,113773,d8:b1:90:d9:de:f0,-58,11,-99,-35,60,56,1697320343,100,0,114,0,"[11,9,11,11,11,13,11,13,11,13,11,13,10,12,11,12,11,11,11,11,10,11,11,11,11,10,11,10,13,11,14,11,15,11,15,12,16,13,17,12,18,13,18,13,18,14,18,13,16,13,17,13,16,13,16,14,0,0,15,14,15,14,16,15,15,14,15,15,15,16,15,15,15,16,15,15,14,15,15,14,14,14,14,14,13,13,12,12,13,13,12,12,13,13,13,13,13,15,13,15,13,15,13,15,13,17,11,17,11,17,8,16,8,15]"
CSI_DATA,113774,d8:b1:90:d9:de:f0,-58,11,-99,-35,60,56,1697332236,100,0,114,0,"[13,-9,15,-8,15,-8,16,-6,17,-6,17,-6,16,-5,15,-4,15,-4,15,-4,14,-4,15,-5,14,-4,15,-5,15,-6,17,-6,17,-6,19,-6,19,-6,20,-6,21,-6,22,-5,22,-5,22,-4,22,-4,22,-4,22,-3,21,-2,0,0,22,0,21,0,21,1,22,2,21,2,21,3,21,3,22,4,22,4,20,4,20,4,19,4,19,4,18,4,17,5,17,6,17,6,16,6,17,7,17,8,17,8,18,11,18,11,18,12,17,13,15,14,13,14,11,13]"
CSI_DATA,113775,d8:b1:90:d9:de:f0,-58,11,-99,-37,60,56,1697348484,100,0,114,0,"[-16,-5,-16,-7,-16,-8,-16,-9,-16,-10,-15,-10,-15,-10,-13,-10,-13,-8,-13,-8,-13,-8,-13,-9,-13,-8,-13,-9,-15,-9,-15,-10,-16,-10,-16,-12,-17,-12,-18,-13,-18,-13,-18,-13,-18,-14,-18,-14,-17,-15,-16,-16,-16,-16,-15,-16,0,0,-13,-17,-13,-18,-13,-18,-12,-19,-12,-19,-11,-20,-11,-19,-11,-21,-10,-19,-10,-19,-9,-19,-8,-19,-8,-18,-7,-18,-6,-17,-6,-17,-5,-17,-5,-17,-5,-18,-5,-20,-5,-20,-4,-21,-2,-22,0,-22,0,-21,1,-21,2,-20,4,-19]"
CSI_DATA,113776,d8:b1:90:d9:de:f0,-58,11,-99,-36,60,56,1697378105,100,0,114,0,"[16,-1,17,0,18,1,18,2,19,2,18,2,17,2,16,3,15,2,15,2,14,2,15,2,16,2,16,2,17,2,18,2,19,2,20,2,21,2,21,3,22,4,23,3,23,4,23,4,23,5,22,6,21,6,21,6,0,0,19,8,19,8,20,9,20,10,20,10,21,10,20,10,19,12,19,10,19,11,18,12,16,11,16,10,15,10,14,10,15,11,14,12,14,12,14,12,15,13,15,14,15,15,14,16,14,18,12,18,11,18,9,18,7,17]"
CSI_DATA,113777,d8:b1:90:d9:de:f0,-58,11,-99,-34,59,56,1697398319,100,0,114,0,"[-15,6,-17,5,-18,5,-19,5,-20,5,-19,5,-17,4,-17,4,-14,5,-16,5,-14,6,-15,6,-14,7,-15,8,-16,8,-16,10,-17,11,-17,12,-19,13,-18,13,-19,14,-18,15,-20,14,-20,16,-19,14,-18,14,-18,14,-17,14,0,0,-19,15,-18,14,-18,14,-19,14,-18,14,-18,14,-18,14,-18,15,-18,16,-16,15,-16,14,-16,15,-15,14,-14,14,-13,14,-14,14,-13,14,-13,14,-13,14,-14,15,-14,16,-15,16,-16,16,-16,15,-17,16,-17,14,-16,12,-14,11]"
CSI_DATA,113778,d8:b1:90:d9:de:f0,-58,11,-99,-35,60,56,1697435498,100,0,114,0,"[-12,8,-14,8,-15,8,-15,8,-15,8,-15,9,-13,8,-13,8,-11,9,-11,9,-10,10,-10,10,-10,11,-10,12,-9,13,-9,15,-9,16,-9,17,-10,18,-8,19,-8,20,-8,21,-7,21,-7,22,-6,20,-6,20,-6,20,-5,21,0,0,-6,21,-4,19,-5,20,-4,21,-4,22,-4,21,-3,22,-3,22,-2,21,-2,20,-1,19,0,19,0,19,0,19,0,17,1,18,1,17,2,17,2,18,2,19,3,19,3,20,3,20,3,22,2,22,2,21,2,19,0,18]"
CSI_DATA,113779,d8:b1:90:d9:de:f0,-58,11,-99,-36,60,56,1697462265,100,0,114,0,"[5,14,4,16,4,17,4,18,2,18,2,18,2,17,0,16,2,16,2,16,2,15,1,15,2,16,2,16,2,16,2,18,2,19,2,21,2,21,2,22,1,23,2,24,0,23,1,24,0,23,0,23,-2,22,-2,21,0,0,-4,21,-4,21,-4,21,-5,22,-6,22,-7,21,-7,21,-8,21,-7,21,-8,21,-7,20,-8,19,-7,18,-7,16,-8,17,-7,17,-9,16,-9,16,-9,16,-10,16,-12,16,-13,17,-14,16,-16,16,-17,15,-16,14,-16,12,-15,9]"
CSI_DATA,113780,d8:b1:90:d9:de:f0,-58,11,-99,-37,60,56,1697487211,100,0,114,0,"[-10,-13,-10,-14,-10,-16,-10,-16,-10,-16,-10,-16,-9,-15,-9,-13,-10,-13,-10,-12,-10,-11,-11,-12,-12,-10,-13,-10,-14,-10,-16,-11,-17,-10,-18,-10,-18,-10,-20,-10,-21,-10,-21,-10,-21,-10,-23,-10,-21,-9,-21,-8,-21,-8,-21,-8,0,0,-21,-8,-21,-8,-21,-8,-23,-8,-23,-7,-23,-8,-23,-6,-24,-6,-22,-5,-22,-5,-21,-4,-21,-3,-21,-2,-20,-2,-18,-2,-19,-1,-18,-1,-18,0,-19,0,-20,0,-21,0,-21,0,-22,0,-22,0,-22,-1,-21,-1,-19,-2,-18,-2]"
CSI_DATA,113781,d8:b1:90:d9:de:f0,-58,11,-99,-38,60,56,1697522549,100,0,114,0,"[17,2,17,3,18,4,18,5,20,5,18,5,17,5,17,4,17,2,16,2,16,1,17,1,17,0,17,0,18,-1,19,-2,20,-2,21,-3,22,-4,23,-5,23,-5,24,-6,23,-5,23,-7,23,-6,22,-6,22,-7,22,-7,0,0,22,-7,22,-8,22,-8,22,-8,22,-8,22,-8,22,-8,22,-9,20,-10,20,-10,20,-11,19,-10,17,-10,17,-10,16,-10,16,-10,15,-11,14,-11,16,-11,16,-11,16,-12,17,-12,17,-13,18,-13,18,-12,18,-11,17,-10,16,-8]"
CSI_DATA,113782,d8:b1:90:d9:de:f0,-58,11,-99,-34,59,56,1697540009,100,0,114,0,"[-15,6,-17,6,-19,5,-19,5,-20,5,-19,4,-18,3,-17,2,-16,5,-16,4,-15,5,-15,4,-15,5,-16,5,-17,6,-18,6,-19,7,-20,8,-21,9,-21,9,-22,8,-22,10,-22,9,-23,9,-22,8,-23,8,-22,7,-23,7,0,0,-22,6,-23,6,-22,5,-23,6,-23,5,-23,5,-23,5,-23,5,-23,5,-23,5,-22,5,-22,4,-20,4,-20,5,-20,4,-19,4,-18,4,-19,3,-20,4,-20,3,-20,3,-22,3,-22,2,-23,1,-23,0,-23,0,-20,-1,-19,-2]"
CSI_DATA,113783,d8:b1:90:d9:de:f0,-58,11,-99,-36,60,56,1697550081,100,0,114,0,"[14,-8,16,-8,16,-7,17,-7,17,-7,16,-6,16,-5,15,-6,14,-7,14,-7,13,-7,14,-8,13,-9,13,-9,14,-9,14,-11,14,-12,14,-12,15,-13,15,-14,16,-15,16,-16,16,-16,16,-16,15,-16,15,-16,15,-15,15,-15,0,0,14,-15,14,-14,15,-15,16,-15,15,-15,16,-16,15,-16,14,-16,14,-15,14,-16,13,-16,12,-16,12,-15,11,-14,11,-14,11,-14,11,-14,10,-15,11,-15,12,-16,12,-16,12,-17,14,-18,14,-18,14,-17,14,-16,14,-14,14,-12]"
CSI_DATA,113784,d8:b1:90:d9:de:f0,-58,11,-99,-36,60,56,1697562189,100,0,114,0,"[6,15,5,16,5,18,4,18,4,18,3,17,2,17,2,15,4,16,3,16,4,14,3,16,2,16,3,16,4,17,4,18,5,17,5,19,4,20,5,21,6,22,6,23,6,22,6,22,4,23,2,23,2,22,2,22,0,0,1,21,1,21,0,22,0,23,0,23,0,24,0,23,0,23,-1,21,-1,21,-2,21,-2,19,-2,19,-2,18,-2,19,-3,18,-2,18,-2,18,-3,19,-3,19,-4,20,-4,20,-7,20,-8,21,-9,19,-9,18,-9,18,-10,14]"
CSI_DATA,113785,d8:b1:90:d9:de:f0,-59,11,-99,-36,61,56,1697582636,100,0,114,0,"[14,3,15,3,15,5,15,5,16,6,15,6,15,6,13,5,13,4,13,4,13,3,13,3,14,2,14,1,15,1,16,1,16,1,18,0,18,0,19,0,20,0,20,0,20,0,20,0,20,0,19,0,20,0,19,-1,0,0,19,0,19,0,19,0,20,0,20,0,20,0,19,-1,20,0,20,0,19,-1,18,-1,18,-2,18,-3,16,-2,17,-2,16,-2,16,-3,16,-3,17,-2,18,-3,19,-3,19,-2,20,-2,22,-2,20,-1,20,-1,19,0,16,0]"
CSI_DATA,113786,d8:b1:90:d9:de:f0,-58,11,-99,-34,59,56,1697610562,100,0,114,0,"[5,16,4,17,3,19,2,19,2,20,2,19,2,18,2,17,3,17,2,16,3,15,2,16,4,17,4,17,5,17,5,18,6,20,6,21,7,23,7,22,7,23,8,23,7,23,8,23,6,23,5,23,5,23,5,23,0,0,4,23,4,22,3,23,3,23,3,23,2,24,3,23,2,24,2,23,2,23,2,22,2,21,2,20,2,20,2,19,2,19,2,18,1,20,1,20,1,20,0,21,0,22,0,22,-1,23,-2,23,-2,22,-3,20,-4,18]"
CSI_DATA,113787,d8:b1:90:d9:de:f0,-58,11,-99,-35,60,56,1697630290,100,0,114,0,"[13,-8,15,-8,16,-7,17,-6,17,-6,17,-4,17,-4,16,-4,15,-4,14,-3,14,-4,14,-3,15,-3,15,-4,16,-4,17,-4,17,-4,19,-4,19,-5,21,-4,22,-5,22,-4,22,-4,22,-4,21,-4,22,-2,22,-1,21,-2,0,0,21,0,21,0,22,2,22,2,22,2,22,3,22,3,22,4,21,4,20,4,20,4,20,4,19,4,18,5,18,4,17,5,17,6,17,6,17,6,17,7,18,8,19,9,18,10,19,12,18,13,17,13,15,13,12,13]"
CSI_DATA,113788,d8:b1:90:d9:de:f0,-58,11,-99,-35,60,56,1697658701,100,0,114,0,"[12,-11,13,-11,13,-11,15,-11,15,-11,15,-11,13,-8,13,-9,12,-10,12,-10,11,-10,11,-10,11,-11,11,-11,11,-12,11,-14,11,-15,13,-16,13,-17,12,-17,13,-18,13,-19,13,-18,13,-19,13,-18,12,-18,12,-18,13,-17,0,0,13,-18,13,-17,13,-17,13,-17,13,-17,13,-17,13,-17,13,-17,12,-17,11,-17,11,-17,11,-17,10,-16,10,-16,9,-15,10,-17,9,-15,9,-17,10,-16,11,-17,11,-18,11,-18,11,-18,13,-18,13,-17,13,-17,13,-15,13,-13]"
CSI_DATA,113789,d8:b1:90:d9:de:f0,-58,11,-99,-36,60,56,1697676846,100,0,114,0,"[11,-12,12,-12,13,-13,12,-13,12,-14,11,-14,10,-13,10,-12,9,-13,9,-13,8,-13,8,-14,7,-14,7,-15,7,-15,5,-17,4,-19,4,-20,4,-21,2,-22,2,-22,2,-23,2,-23,2,-24,2,-23,1,-22,2,-22,2,-21,0,0,0,-22,0,-21,0,-21,0,-22,0,-22,0,-22,0,-22,-1,-23,-2,-22,-2,-21,-3,-20,-2,-20,-4,-19,-4,-18,-4,-17,-5,-18,-6,-17,-5,-17,-6,-18,-6,-19,-7,-19,-7,-19,-7,-20,-7,-21,-7,-21,-6,-20,-6,-18,-4,-18]"
CSI_DATA,113790,d8:b1:90:d9:de:f0,-58,11,-99,-39,60,56,1697709098,100,0,114,0,"[-16,5,-17,5,-18,4,-19,4,-20,5,-19,5,-18,4,-16,4,-16,6,-15,6,-14,6,-14,7,-14,9,-14,10,-14,11,-14,13,-14,13,-15,15,-15,16,-15,18,-14,18,-14,19,-13,19,-13,20,-13,20,-12,20,-11,20,-12,20,0,0,-11,20,-11,20,-11,20,-10,21,-10,21,-10,21,-9,21,-9,22,-7,22,-6,23,-6,22,-4,21,-3,20,-3,19,-3,19,-2,19,-1,19,-1,19,0,19,0,20,0,21,0,22,0,22,0,23,0,23,0,22,0,20,-1,18]"
CSI_DATA,113791,d8:b1:90:d9:de:f0,-58,11,-99,-35,60,56,1697725446,100,0,114,0,"[16,0,17,0,17,0,17,0,19,0,18,0,17,0,17,0,15,-2,15,-2,15,-2,15,-3,15,-4,15,-4,15,-6,16,-6,16,-8,17,-9,17,-11,18,-11,18,-12,18,-13,17,-13,16,-15,17,-14,17,-13,15,-14,16,-14,0,0,15,-15,15,-15,15,-15,15,-15,15,-15,15,-16,13,-17,13,-17,13,-17,13,-17,11,-17,11,-17,9,-16,8,-16,8,-16,8,-17,7,-16,7,-17,6,-17,6,-18,6,-19,6,-19,6,-20,8,-21,8,-20,7,-19,8,-19,7,-16]"
CSI_DATA,113792,d8:b1:90:d9:de:f0,-58,11,-99,-38,60,56,1697742792,100,0,114,0,"[17,1,18,2,19,2,19,3,20,3,18,3,18,3,17,3,17,2,16,2,16,1,16,1,16,0,17,0,18,0,19,0,20,-1,21,-1,21,-2,23,-2,23,-3,24,-3,23,-3,24,-3,23,-3,23,-2,23,-2,23,-3,0,0,23,-2,23,-2,23,-2,23,-2,23,-2,24,-2,23,-2,24,-2,23,-2,23,-3,21,-3,21,-3,20,-3,20,-3,19,-3,18,-3,17,-3,18,-3,19,-4,20,-4,20,-4,21,-3,21,-2,22,-2,22,-2,21,-2,20,0,18,0]"
CSI_DATA,113793,d8:b1:90:d9:de:f0,-58,11,-99,-34,59,56,1697754152,100,0,114,0,"[15,5,16,7,17,8,17,9,17,9,16,10,16,10,14,10,14,8,14,8,14,8,14,8,14,7,15,8,16,7,17,8,19,8,20,8,20,8,21,8,22,8,23,8,23,9,23,8,22,9,23,9,21,10,21,11,0,0,20,11,20,11,20,11,20,11,20,11,20,12,20,12,20,12,20,11,19,11,19,11,18,11,17,10,17,10,17,10,17,10,17,10,17,10,17,11,17,11,18,12,17,13,18,14,17,14,17,14,14,15,14,14,11,14]"
CSI_DATA,113794,d8:b1:90:d9:de:f0,-58,11,-99,-36,60,56,1697771441,100,0,114,0,"[3,15,2,17,1,18,0,18,0,19,-1,18,-1,17,-1,16,0,15,-1,15,-2,15,-2,15,-1,16,-2,16,-2,16,-2,18,-1,19,-2,20,-2,21,-2,22,-3,22,-3,22,-4,22,-4,22,-6,22,-7,21,-7,21,-7,20,0,0,-8,19,-10,19,-10,19,-11,19,-11,19,-11,19,-12,18,-13,18,-13,17,-13,17,-12,16,-12,15,-12,14,-12,14,-12,13,-12,13,-12,13,-13,12,-14,12,-15,12,-16,12,-17,12,-19,11,-19,9,-19,9,-19,7,-18,5,-16,4]"
CSI_DATA,113795,d8:b1:90:d9:de:f0,-58,11,-99,-37,60,56,1697793969,100,0,114,0,"[-3,16,-5,16,-6,17,-6,18,-7,18,-7,17,-6,16,-6,16,-4,16,-4,16,-3,16,-2,15,-2,16,-1,17,-1,18,-1,18,0,20,0,21,0,22,0,22,1,23,2,24,2,24,2,24,2,23,1,23,2,23,1,23,0,0,1,23,1,23,1,23,1,23,2,23,2,24,2,23,2,24,2,23,3,22,4,21,4,21,4,20,4,19,3,18,4,18,4,18,5,18,5,19,5,19,5,20,5,21,5,21,5,23,4,24,2,22,2,21,1,18]"
CSI_DATA,113796,d8:b1:90:d9:de:f0,-58,11,-99,-36,60,56,1697814281,100,0,114,0,"[4,16,2,17,2,19,1,19,0,19,0,18,0,17,0,16,0,15,0,16,0,15,0,15,0,15,0,16,0,17,1,18,1,19,1,20,0,21,1,22,1,22,1,23,0,24,0,24,0,23,0,22,-1,22,-1,22,0,0,-3,21,-3,21,-4,21,-4,22,-4,21,-5,21,-5,21,-6,22,-6,21,-6,21,-5,20,-6,20,-5,19,-5,18,-6,17,-6,18,-6,17,-6,17,-7,17,-7,19,-9,19,-9,19,-10,19,-12,19,-12,18,-13,16,-12,14,-12,12]"
CSI_DATA,113797,d8:b1:90:d9:de:f0,-58,11,-99,-35,60,56,1697829326,100,0,114,0,"[-15,-4,-15,-6,-15,-6,-15,-7,-17,-6,-16,-6,-15,-6,-15,-6,-15,-5,-15,-4,-14,-4,-15,-4,-15,-2,-16,-2,-17,-2,-17,-2,-19,-1,-19,-1,-22,0,-22,0,-22,0,-23,0,-22,0,-22,0,-22,0,-22,0,-22,0,-21,0,0,0,-21,0,-21,0,-22,0,-22,0,-22,0,-22,0,-22,0,-22,0,-22,0,-21,1,-20,1,-20,2,-19,2,-18,2,-17,2,-17,2,-17,2,-17,2,-18,2,-19,2,-19,2,-20,2,-21,2,-22,1,-21,1,-20,0,-19,0,-18,-1]"
CSI_DATA,113798,d8:b1:90:d9:de:f0,-58,11,-99,-36,60,56,1697842737,100,0,114,0,"[-12,12,-13,12,-13,12,-14,12,-14,11,-14,11,-13,10,-13,10,-11,11,-11,11,-10,11,-10,11,-9,12,-9,13,-9,14,-9,15,-9,16,-10,17,-10,19,-9,19,-10,20,-9,21,-9,20,-9,21,-9,20,-9,21,-9,20,-9,20,0,0,-9,20,-9,19,-9,20,-9,21,-9,21,-9,21,-8,21,-8,21,-8,21,-7,20,-7,20,-6,20,-5,19,-4,18,-4,17,-4,18,-4,17,-4,18,-4,18,-4,19,-4,20,-4,20,-5,20,-6,21,-7,21,-7,21,-7,18,-7,16]"
CSI_DATA,113799,d8:b1:90:d9:de:f0,-59,11,-99,-35,60,56,1697855908,100,0,114,0,"[-16,2,-17,1,-17,1,-17,0,-18,1,-17,1,-17,1,-15,2,-15,3,-15,4,-14,4,-15,4,-14,5,-14,6,-15,7,-15,8,-15,9,-16,9,-17,11,-17,12,-16,13,-17,13,-16,14,-17,15,-16,14,-16,13,-16,14,-16,13,0,0,-15,15,-15,13,-16,13,-15,15,-15,15,-15,15,-14,15,-13,16,-13,15,-13,16,-12,15,-12,16,-11,15,-10,15,-10,15,-10,15,-8,15,-8,16,-8,16,-8,17,-9,17,-9,17,-11,18,-11,19,-11,18,-11,17,-11,15,-11,14]"
CSI_DATA,113800,d8:b1:90:d9:de:f0,-58,11,-99,-36,60,56,1697867277,100,0,114,0,"[16,-2,17,-1,18,0,18,0,19,-1,18,0,16,0,16,0,15,-2,16,-2,14,-2,15,-3,15,-4,16,-4,16,-5,16,-6,17,-7,18,-7,19,-8,19,-9,20,-9,20,-9,20,-9,20,-10,20,-9,20,-9,20,-10,19,-9,0,0,19,-9,19,-9,19,-9,20,-9,20,-9,20,-9,19,-9,20,-9,19,-9,18,-10,17,-10,17,-11,16,-10,16,-10,15,-10,15,-10,15,-10,14,-10,16,-9,16,-10,17,-11,17,-11,18,-11,19,-11,18,-11,18,-9,17,-8,16,-7]"
CSI_DATA,113801,d8:b1:90:d9:de:f0,-58,11,-99,-35,60,56,1697878106,100,0,114,0,"[-6,15,-7,16,-7,16,-8,16,-8,17,-8,16,-8,15,-8,15,-6,15,-6,15,-5,14,-5,14,-4,15,-4,15,-4,16,-4,17,-3,18,-3,19,-3,21,-2,21,-2,22,-2,23,-2,22,-1,22,-2,22,-1,22,-1,22,-2,22,0,0,-2,22,-2,22,-2,22,-2,21,-2,22,-2,22,-2,22,-1,22,-1,22,0,22,0,22,0,20,0,19,0,19,0,18,0,19,1,18,0,19,1,19,0,19,0,20,0,21,0,21,0,22,0,22,-1,22,-2,19,-2,17]"
CSI_DATA,113802,d8:b1:90:d9:de:f0,-58,11,-99,-37,60,56,1697893668,100,0,114,0,"[0,-16,0,-17,0,-18,0,-18,0,-20,0,-18,0,-18,0,-17,-1,-16,-1,-16,-2,-16,-2,-16,-3,-16,-5,-15,-5,-16,-6,-17,-8,-17,-8,-18,-10,-18,-11,-19,-12,-18,-12,-19,-13,-19,-13,-19,-13,-18,-13,-18,-13,-18,-13,-16,0,0,-13,-18,-13,-17,-14,-16,-15,-16,-15,-16,-15,-16,-15,-16,-16,-17,-16,-16,-16,-16,-16,-13,-16,-13,-16,-11,-16,-11,-16,-10,-16,-10,-16,-10,-16,-10,-16,-9,-17,-10,-18,-10,-19,-10,-19,-10,-20,-10,-19,-11,-18,-11,-17,-10,-15,-10]"
CSI_DATA,113803,d8:b1:90:d9:de:f0,-58,11,-99,-34,60,56,1697905803,100,0,114,0,"[-12,8,-14,8,-14,8,-14,7,-16,8,-15,8,-15,7,-14,7,-13,8,-13,7,-12,8,-12,8,-12,8,-12,9,-13,10,-14,10,-14,11,-15,12,-16,13,-16,14,-16,14,-16,14,-16,14,-16,14,-16,13,-16,13,-16,13,-16,13,0,0,-16,12,-16,12,-16,12,-17,12,-17,12,-17,12,-16,12,-18,11,-17,12,-17,12,-16,11,-16,12,-15,11,-14,10,-14,11,-14,11,-15,10,-14,10,-15,10,-16,11,-16,11,-17,11,-18,10,-20,11,-20,10,-20,9,-19,8,-18,6]"
CSI_DATA,113804,d8:b1:90:d9:de:f0,-58,11,-99,-36,60,56,1697917382,100,0,114,0,"[9,12,9,14,9,15,9,16,8,15,7,15,7,14,7,14,7,14,7,14,7,14,7,13,7,13,8,14,8,14,9,16,9,16,9,16,9,18,10,19,10,19,10,19,11,19,10,20,9,20,9,20,9,20,8,20,0,0,7,20,6,20,4,21,4,20,4,21,4,21,4,21,4,21,3,21,3,21,2,20,2,20,2,19,2,19,1,18,1,19,1,17,0,18,0,19,0,20,0,20,-1,21,-2,21,-3,21,-4,21,-5,21,-6,18,-7,17]"
CSI_DATA,113805,d8:b1:90:d9:de:f0,-58,11,-99,-34,59,56,1697930384,100,0,114,0,"[14,8,15,9,15,11,14,11,16,11,15,11,14,11,14,10,14,9,13,10,13,8,14,9,14,8,14,8,16,9,17,9,17,8,19,10,20,9,20,10,21,10,21,10,21,11,21,11,21,11,22,11,20,11,19,12,0,0,19,11,19,13,19,13,19,13,20,14,20,14,19,14,18,14,18,14,18,14,17,13,17,13,17,12,16,12,16,11,16,11,14,12,14,11,15,12,15,13,16,14,16,14,16,15,16,17,14,17,13,17,12,17,11,16]"
CSI_DATA,113806,d8:b1:90:d9:de:f0,-59,11,-99,-37,61,56,1697945025,100,0,114,0,"[-8,-12,-8,-14,-8,-14,-7,-15,-8,-15,-7,-14,-7,-14,-7,-12,-8,-12,-8,-11,-8,-11,-9,-11,-9,-9,-10,-9,-12,-10,-12,-10,-13,-9,-14,-9,-15,-9,-16,-9,-18,-9,-19,-9,-18,-8,-19,-7,-18,-7,-18,-7,-18,-6,-18,-7,0,0,-18,-5,-18,-5,-18,-5,-18,-5,-19,-4,-19,-4,-20,-3,-20,-3,-19,-2,-19,-1,-19,-1,-18,0,-18,0,-17,0,-17,0,-16,1,-16,1,-17,1,-18,2,-19,2,-20,2,-20,3,-21,3,-22,3,-21,2,-20,2,-19,1,-17,0]"
CSI_DATA,113807,d8:b1:90:d9:de:f0,-58,11,-99,-35,60,56,1697957246,100,0,114,0,"[-15,-2,-15,-3,-16,-4,-16,-5,-17,-5,-17,-5,-15,-5,-15,-4,-14,-4,-14,-4,-14,-4,-14,-4,-15,-2,-15,-2,-16,-2,-17,-2,-19,-1,-19,-2,-21,-1,-21,-1,-22,-1,-22,-2,-23,-2,-23,-1,-22,-2,-22,-2,-22,-1,-22,-1,0,0,-21,-2,-21,-3,-21,-2,-22,-3,-21,-4,-21,-4,-21,-4,-22,-4,-21,-4,-20,-3,-20,-2,-19,-2,-19,-2,-18,-2,-17,-2,-18,-2,-17,-2,-17,-2,-17,-2,-19,-3,-19,-3,-19,-4,-20,-4,-20,-5,-19,-6,-19,-6,-17,-7,-15,-7]"
CSI_DATA,113808,d8:b1:90:d9:de:f0,-58,11,-99,-37,60,56,1697967706,100,0,114,0,"[16,-5,18,-4,18,-2,18,-2,19,-3,18,-3,18,-2,17,-2,16,-4,16,-4,15,-4,16,-4,15,-5,16,-6,16,-7,17,-7,17,-8,18,-9,19,-10,19,-10,19,-11,20,-12,21,-12,20,-13,19,-11,19,-10,19,-10,19,-10,0,0,19,-10,19,-10,19,-10,20,-10,20,-11,20,-10,19,-11,20,-11,19,-12,19,-11,18,-10,18,-10,17,-10,16,-10,16,-10,16,-10,16,-10,15,-11,15,-11,16,-12,17,-12,18,-12,19,-12,20,-11,20,-10,19,-9,18,-8,16,-7]"
CSI_DATA,113809,d8:b1:90:d9:de:f0,-58,11,-99,-36,60,56,1697981982,100,0,228,0,"[-14,12,-16,12,-16,12,-15,12,-14,11,-12,10,-10,9,67,-4,-7,7,-5,5,-4,4,-2,3,-2,2,-1,0,0,0,0,-1,1,-2,2,-3,4,-4,6,-4,8,-3,43,4,12,-1,13,0,14,2,15,4,16,7,16,9,0,0,16,14,16,17,16,19,16,21,15,21,14,21,-30,0,12,19,12,16,11,13,9,10,9,7,8,3,7,0,4,-2,4,-5,3,-7,2,-10,1,-12,0,-14,8,0,-1,-18,-2,-19,-2,-19,-2,-17,-1,-16,0,-14,0,-10,2,-4,0,-4,0,-4,0,-6,-5,-6,-10,-2,-10,7,-12,21,8,12,16,3,14,-9,2,-17,-11,-15,-19,-2,-15,12,-2,20,12,16,19,3,16,-10,4,-16,-7,-14,-2,-9,-10,2,-6,4,-2,5,0,4,0,6,2,6,0,0,9,0,9,-6,4,-11,-3,-12,-11,-9,-14,-1,0,29,-6,15,4,16,14,11,17,0,13,-12,2,-18,-11,-15,-18,-2,-14,10,-2,17,10,14,16,1,12,-11,-2,-32,-12,-7,-12,4,-1,12,9,7,11,-4,2,-13,-9,-9]"
CSI_DATA,113810,d8:b1:90:d9:de:f0,-59,11,-99,-36,61,56,1697994859,100,0,228,0,"[-11,11,-13,12,-13,13,-13,12,-11,12,-10,11,-8,10,60,-4,-4,7,-3,6,-3,5,-1,3,-1,1,0,1,0,0,0,-1,1,-2,1,-3,2,-5,3,-5,5,-5,39,3,8,-5,11,-3,13,-3,14,0,16,0,17,2,0,0,19,5,20,8,20,8,20,10,20,10,20,10,36,0,18,8,17,7,15,5,12,2,10,0,7,-1,5,-3,3,-5,0,-6,-1,-8,-3,-8,-6,-9,-8,-10,-62,9,-11,-11,-12,-11,-12,-11,-11,-11,-11,-9,-8,-8,-6,-6,1,-4,0,-3,0,-3,-1,-5,-5,-5,-9,0,-8,7,-6,21,9,10,14,0,11,-11,0,-16,-12,-11,-17,1,-11,14,2,18,14,11,18,-2,10,-13,-1,-15,-9,-9,-4,-6,-8,4,-3,5,0,5,0,4,2,5,5,3,0,0,8,-3,5,-9,0,-10,-8,-8,-11,-3,-11,5,13,21,1,13,10,10,15,1,13,-8,5,-15,-6,-15,-15,-5,-15,6,-5,15,7,14,14,4,13,-8,2,-14,-19,-21,-13,1,-5,10,5,10,11,0,5,-10,-6,-10,-12,0]"
CSI_DATA,113811,d8:b1:90:d9:de:f0,-59,11,-99,-38,61,56,1698007141,100,0,228,0,"[6,16,6,18,6,18,6,17,6,16,5,14,4,12,64,-4,4,8,3,6,3,6,2,4,1,2,0,2,0,0,0,0,0,-2,0,-3,0,-4,0,-6,2,-7,41,4,6,-8,8,-8,10,-8,13,-7,15,-6,17,-5,0,0,21,-2,23,0,24,1,24,2,24,4,24,4,-85,0,21,4,18,3,16,2,14,0,11,-1,8,-2,6,-4,3,-6,1,-7,0,-8,-2,-10,-4,-11,-6,-12,-62,10,-9,-14,-10,-14,-10,-14,-9,-14,-8,-12,-6,-11,-4,-9,-3,-2,-2,-1,-3,-2,-5,-1,-7,2,-5,8,2,12,14,18,14,-2,9,-12,-2,-16,-14,-10,-17,2,-11,15,2,19,16,12,19,-2,12,-14,0,-18,-12,-12,-14,-1,-6,-1,-3,10,2,7,3,4,2,3,3,2,5,2,0,0,6,-5,2,-9,-4,-10,-10,-7,-13,0,-11,8,18,18,4,14,12,9,16,0,12,-11,2,-17,-9,-14,-16,-4,-15,8,-5,16,8,15,16,4,14,-8,3,-16,-17,-24,-14,0,-7,11,5,12,12,1,8,-10,-3,-12,-12,-5]"
CSI_DATA,113812,d8:b1:90:d9:de:f0,-59,11,-99,-35,60,56,1698022875,100,0,228,0,"[17,-3,19,-3,19,-2,19,-2,17,-2,15,-2,13,-2,66,-4,9,-2,7,-2,5,-2,4,-1,3,0,2,0,0,0,0,0,-2,0,-3,0,-4,0,-6,0,-8,-1,42,4,-9,-6,-9,-8,-10,-11,-8,-13,-8,-15,-7,-17,0,0,-4,-22,-2,-23,-1,-25,0,-26,0,-26,1,-24,43,0,0,-22,0,-19,0,-17,-2,-13,-3,-10,-4,-7,-4,-4,-6,-1,-7,1,-8,3,-8,6,-8,8,-9,10,61,10,-11,13,-10,15,-11,15,-11,14,-9,12,-8,10,-6,7,-4,2,-2,2,-2,3,-2,6,1,8,8,6,12,0,21,-13,0,-15,-11,-11,-17,0,-11,13,1,18,15,12,19,-1,13,-15,-1,-20,-14,-13,-18,0,-12,11,-2,15,-2,7,9,4,7,0,4,-3,2,-3,2,-4,1,-5,0,0,-6,-6,-11,-1,-10,5,-5,11,2,13,10,10,16,-21,13,-7,6,-15,-4,-16,-13,-11,-17,0,-13,13,0,18,11,13,17,1,13,-11,0,-17,-11,-11,-15,0,-19,24,4,13,12,4,9,-7,-2,-12,-11,-4,-11,8,0,13]"
CSI_DATA,113813,d8:b1:90:d9:de:f0,-59,11,-99,-39,61,56,1698036485,100,0,228,0,"[-13,13,-14,13,-14,13,-13,13,-12,12,-11,11,-9,9,66,-4,-6,7,-4,6,-3,4,-3,2,-2,2,-1,1,0,0,0,-1,1,-2,2,-2,4,-2,6,-3,7,-2,42,4,11,0,13,1,13,4,14,6,15,8,15,11,0,0,15,15,15,18,15,19,14,21,13,22,13,22,-28,0,11,19,10,16,9,14,8,11,8,7,7,4,6,0,6,-2,5,-4,4,-6,4,-9,3,-11,3,-13,26,0,2,-17,2,-17,2,-18,2,-17,2,-15,2,-13,2,-10,1,-4,0,-3,0,-4,0,-6,-6,-6,-10,-1,-10,7,-11,22,8,12,16,2,13,-10,2,-17,-11,-15,-18,-2,-15,12,-2,19,12,15,19,2,15,-10,4,-16,-6,-13,-2,-6,-10,2,-5,5,-2,5,0,4,0,4,2,5,0,0,8,1,8,-4,5,-10,-1,-12,-9,-10,-14,-2,-2,26,-7,13,2,16,12,12,17,2,15,-10,4,-17,-8,-15,-17,-4,-15,8,-4,17,8,15,16,3,13,-9,3,-30,-11,-8,-13,3,-3,11,8,8,12,-2,5,-12,-6,-11]"
CSI_DATA,113814,d8:b1:90:d9:de:f0,-59,11,-99,-38,61,56,1698048853,100,0,228,0,"[-11,-13,-12,-14,-12,-14,-12,-14,-11,-12,-10,-10,-9,-9,64,-4,-7,-6,-6,-4,-4,-3,-4,-2,-2,-2,-1,-1,0,0,0,0,2,1,2,2,4,3,4,4,5,6,41,4,4,10,3,12,2,14,1,16,0,18,-2,19,0,0,-6,21,-6,22,-8,23,-9,23,-10,23,-10,22,68,10,-8,20,-6,18,-4,16,-2,13,0,10,2,7,3,5,5,2,7,0,8,-2,8,-5,9,-6,10,-8,-62,0,11,-12,11,-13,11,-14,10,-13,10,-12,8,-10,6,-8,4,2,4,1,4,0,6,-1,6,-6,0,-11,-8,-9,-22,-8,-11,10,0,16,11,11,17,0,12,-14,-1,-18,-14,-12,-19,2,-12,16,2,19,14,12,16,0,10,-10,6,-4,-5,-9,-7,-3,-5,0,-4,2,-4,2,-4,4,0,0,3,8,8,5,11,-1,9,-8,3,-14,-6,-13,-23,14,-16,2,-11,12,0,17,10,14,18,3,14,-10,4,-18,-9,-14,-17,-3,-14,10,-2,16,10,12,15,0,20,-22,-3,-13,-12,-4,-8,8,2,10,11,4,10,-8,0,-12]"
CSI_DATA,113815,d8:b1:90:d9:de:f0,-60,11,-99,-35,61,56,1698062117,100,0,228,0,"[-4,15,-4,17,-4,17,-4,17,-3,15,-2,14,-1,12,58,-4,0,8,0,6,0,5,0,4,0,2,0,1,0,0,0,-1,0,-2,0,-3,0,-4,0,-6,1,-7,38,3,4,-8,6,-9,7,-9,10,-9,12,-10,14,-9,0,0,18,-8,19,-7,20,-7,21,-7,22,-7,20,-7,72,0,18,-7,15,-7,12,-7,9,-7,6,-7,3,-6,0,-6,-2,-5,-4,-4,-7,-3,-9,-2,-11,-1,-12,0,17,9,-15,1,-15,3,-15,3,-15,4,-13,3,-11,2,-8,2,0,-3,-1,-2,0,-3,-3,-4,-7,-1,-8,4,-3,11,5,22,12,3,12,-7,3,-14,-9,-12,-15,-1,-12,11,0,17,12,12,18,0,12,-12,0,-17,-10,-11,-13,-1,-6,-1,-2,9,1,6,3,3,3,2,4,1,5,0,0,0,3,-7,-1,-9,-7,-6,-10,-1,-10,6,-4,11,23,6,11,9,14,0,11,-9,2,-15,-8,-13,-15,-3,-14,8,-3,15,8,13,15,3,12,-9,1,-14,-10,-9,-27,3,-6,11,5,10,11,0,4,-9,-6,-9,-11,0,-7,9]"
CSI_DATA,113816,d8:b1:90:d9:de:f0,-59,11,-99,-37,61,56,1698075928,100,0,228,0,"[-5,17,-6,18,-7,18,-7,17,-6,16,-5,14,-5,12,62,-4,-3,8,-2,7,-1,5,-1,3,0,2,0,0,0,0,0,-1,1,-2,2,-3,3,-3,5,-3,7,-3,40,3,10,0,11,1,12,4,12,7,11,10,11,12,0,0,9,18,7,20,5,22,4,24,3,24,1,24,7,0,0,21,0,19,1,16,1,12,3,10,4,7,5,3,6,1,7,0,8,-2,9,-4,11,-6,11,-8,-35,0,14,-11,14,-11,14,-10,14,-9,12,-7,10,-6,8,-4,-1,-4,-1,-1,0,-1,-1,-4,-6,-3,-10,1,-7,9,-3,23,11,9,15,0,11,-12,0,-16,-12,-12,-18,0,-13,13,0,18,12,14,18,2,14,-9,4,-15,-5,-12,-1,-7,-9,0,-5,3,-3,3,-2,3,-1,5,1,7,0,0,8,3,9,-1,7,-7,1,-11,-5,-11,-10,-7,-12,23,-11,7,-6,13,3,14,11,10,16,1,13,-10,3,-16,-8,-14,-16,-4,-14,8,-4,16,7,14,15,3,25,-18,0,-14,-10,-8,-12,3,-2,12,9,9,13,-1,7,-11]"
CSI_DATA,113817,d8:b1:90:d9:de:f0,-59,11,-99,-39,61,56,1698087687,100,0,228,0,"[18,-1,19,-1,19,-1,19,-1,17,-1,15,-1,13,-1,66,-4,8,-1,8,-1,5,-1,4,-1,2,0,2,0,0,0,0,0,-2,0,-4,0,-5,0,-6,-1,-7,-2,42,4,-9,-5,-9,-8,-10,-10,-8,-13,-8,-15,-7,-17,0,0,-5,-22,-4,-24,-2,-24,-2,-26,0,-25,0,-25,55,0,0,-22,0,-19,-1,-17,-2,-13,-3,-10,-4,-6,-5,-3,-6,0,-6,2,-7,4,-7,6,-8,8,-8,11,57,10,-8,15,-9,16,-9,15,-8,15,-8,13,-7,11,-6,8,-4,2,-2,2,-3,2,-2,5,0,8,8,7,12,0,22,-11,0,-15,-11,-12,-16,0,-12,12,0,18,14,13,19,0,13,-15,0,-19,-14,-13,-18,0,-13,11,-2,15,-1,6,9,4,8,-1,4,-2,3,-3,2,-4,1,-6,0,0,-7,-6,-9,0,-9,5,-4,12,2,13,10,9,15,-22,13,-8,6,-16,-4,-16,-14,-9,-18,2,-11,13,0,17,13,12,17,0,11,-13,-1,-16,-12,-10,-15,2,-15,26,5,13,13,2,8,-9,-4,-11,-12,-2,-9,8,1,13]"
CSI_DATA,113818,d8:b1:90:d9:de:f0,-58,11,-99,-36,60,56,1698100858,100,0,114,0,"[-16,2,-17,0,-17,0,-17,0,-18,0,-18,0,-16,0,-16,0,-15,0,-15,0,-14,0,-15,1,-15,2,-15,2,-16,2,-17,3,-18,4,-19,4,-20,5,-20,5,-21,5,-21,6,-22,5,-21,6,-21,4,-21,5,-21,4,-21,4,0,0,-20,4,-20,4,-21,4,-21,3,-21,4,-21,3,-21,3,-22,3,-21,3,-21,3,-19,4,-20,4,-19,4,-19,4,-18,4,-17,4,-17,4,-16,3,-18,4,-19,3,-20,3,-21,3,-21,2,-22,2,-22,1,-21,0,-20,0,-18,0]"
CSI_DATA,113819,d8:b1:90:d9:de:f0,-58,11,-99,-35,60,56,1698112580,100,0,114,0,"[1,16,0,17,0,17,-1,17,-1,18,-2,17,-2,16,-2,16,0,16,-1,15,-1,14,-1,15,-1,15,0,15,-1,17,-1,17,0,19,-1,20,-1,21,-1,22,-1,22,-1,23,-2,22,-2,23,-3,21,-3,22,-4,21,-4,22,0,0,-6,20,-6,19,-6,20,-7,19,-7,21,-8,20,-8,19,-8,21,-8,19,-8,19,-8,18,-8,18,-8,17,-8,16,-8,15,-8,16,-8,15,-9,15,-9,15,-11,17,-12,17,-13,16,-13,16,-15,16,-16,15,-16,13,-15,11,-15,9]"
CSI_DATA,113820,d8:b1:90:d9:de:f0,-58,11,-99,-36,60,56,1698124448,100,0,114,0,"[1,16,0,18,0,18,0,18,0,19,0,18,0,17,0,16,2,16,2,16,2,14,3,15,4,15,4,15,6,16,7,16,7,16,8,19,9,19,9,19,11,20,12,20,12,19,12,19,12,19,12,19,12,18,12,18,0,0,12,18,12,18,12,18,12,18,12,17,12,18,13,16,13,17,13,16,14,16,13,15,14,14,14,14,13,13,12,12,13,13,13,12,13,12,14,13,15,13,15,14,16,14,16,14,16,16,15,15,14,15,14,15,12,14]"
CSI_DATA,113821,d8:b1:90:d9:de:f0,-59,11,-99,-35,60,56,1698134680,100,0,228,0,"[12,14,13,15,13,15,13,13,13,12,11,10,11,8,66,-4,8,5,6,4,5,2,4,2,2,1,0,1,0,1,-1,1,-2,0,-4,0,-6,0,-7,-2,-8,-3,42,4,-8,-6,-9,-9,-8,-11,-8,-13,-8,-15,-6,-18,0,0,-5,-22,-4,-23,-4,-25,-4,-25,-3,-25,-4,-25,26,0,-4,-22,-4,-19,-5,-15,-6,-13,-6,-8,-6,-4,-5,-1,-4,2,-4,4,-2,7,-2,10,0,12,0,14,-32,10,4,17,4,17,5,17,4,16,4,14,4,12,2,9,-4,-2,-4,0,-4,0,-6,2,-5,6,0,11,9,8,24,6,9,-11,-2,-15,-13,-9,-17,4,-8,15,6,18,17,8,19,-7,7,-18,-6,-18,-17,-7,-16,5,-7,13,-6,7,8,6,8,1,6,-1,4,-3,4,-5,1,-8,0,0,-8,-5,-11,0,-9,8,-2,13,6,13,13,6,11,-26,11,-11,2,-17,-9,-14,-17,-4,-16,8,-5,17,8,16,17,5,15,-8,4,-17,-9,-13,-15,-2,-11,11,3,30,11,6,11,-6,0,-11,-10,-4,-9,7,1,12,11,6]"
CSI_DATA,113822,d8:b1:90:d9:de:f0,-59,11,-99,-38,61,56,1698150084,100,0,228,0,"[-10,-14,-10,-16,-10,-16,-10,-15,-9,-14,-9,-12,-8,-10,64,-4,-6,-6,-5,-5,-4,-4,-3,-2,-2,-2,0,0,0,0,1,0,2,1,2,3,2,4,2,6,2,7,41,4,0,10,-2,11,-4,12,-6,13,-9,13,-11,14,0,0,-16,13,-18,13,-20,12,-21,12,-22,12,-22,11,-67,9,-18,10,-16,10,-14,9,-10,8,-7,8,-3,7,0,7,2,6,4,6,7,4,10,3,12,3,14,2,-24,0,16,1,18,0,18,0,16,0,15,0,12,0,9,0,4,1,3,0,3,1,5,0,6,-3,3,-9,-4,-10,-19,-13,-13,6,-4,14,7,14,16,4,15,-8,4,-18,-10,-16,-18,-4,-16,10,-5,18,8,16,15,5,13,-4,6,-2,-1,-9,-4,-6,-4,-2,-4,-1,-5,0,-6,2,0,0,-2,8,4,8,8,5,11,-1,9,-8,3,-12,-25,-1,-12,-7,-15,1,-12,11,-2,16,8,14,16,4,15,-8,5,-16,-7,-15,-16,-4,-14,8,-3,15,10,12,30,2,9,-11,-4,-12,-12,-2,-8,8,3,12,12,4,11,-6]"
CSI_DATA,113823,d8:b1:90:d9:de:f0,-59,11,-99,-38,61,56,1698163306,100,0,228,0,"[4,18,4,19,4,18,4,18,5,17,4,14,4,13,64,-4,4,8,3,6,3,5,2,3,0,2,0,1,-1,0,-1,0,-2,-2,-2,-4,-2,-4,-2,-6,-1,-8,41,4,2,-10,3,-12,6,-12,9,-12,11,-12,14,-12,0,0,18,-11,20,-11,22,-10,23,-9,24,-9,23,-8,82,0,20,-8,18,-8,15,-8,12,-6,8,-7,4,-6,1,-6,-2,-6,-4,-5,-7,-4,-10,-3,-12,-3,-14,-2,19,10,-17,0,-18,0,-18,0,-16,0,-14,0,-13,0,-10,-1,-4,-3,-3,-1,-2,-2,-5,-1,-8,2,-6,8,2,12,14,18,14,-2,8,-13,-3,-16,-15,-8,-17,4,-9,16,6,18,17,9,18,-5,10,-16,-4,-17,-14,-9,-14,2,-8,0,-1,10,3,7,4,4,4,3,6,2,7,-1,0,0,2,-8,-3,-9,-9,-6,-12,0,-10,7,-4,13,26,5,12,9,16,0,13,-10,4,-16,-8,-15,-16,-6,-16,6,-7,16,6,15,16,6,15,-7,4,-15,-9,-13,-31,-3,-10,10,2,12,12,3,8,-8,-3,-12,-12,-4,-10,7]"
CSI_DATA,113824,d8:b1:90:d9:de:f0,-59,11,-99,-37,61,56,1698173949,100,0,228,0,"[-16,-1,-18,-1,-18,-1,-18,-1,-16,0,-14,0,-12,0,62,-4,-9,0,-7,0,-6,0,-4,0,-3,1,-2,0,-1,0,0,0,1,0,3,0,3,0,5,1,7,2,40,3,9,5,9,7,9,10,9,11,9,14,9,16,0,0,7,20,6,22,5,23,4,24,4,24,3,24,79,0,3,20,3,18,4,15,5,11,5,8,5,5,5,1,6,0,6,-2,6,-5,5,-8,5,-9,5,-12,37,0,5,-15,5,-16,4,-16,4,-16,4,-14,3,-12,3,-9,4,0,3,-1,3,-2,3,-5,0,-8,-7,-7,-12,0,-21,9,-1,14,9,12,16,1,12,-11,0,-18,-13,-12,-18,0,-12,14,0,19,13,12,18,0,12,-11,1,-14,0,-6,-9,-3,-7,2,-3,3,-1,3,-1,3,0,5,0,0,6,4,9,0,9,-5,3,-11,-3,-12,-11,-8,-11,22,-12,10,-3,16,8,14,16,6,16,-6,7,-16,-5,-16,-14,-8,-16,5,-7,14,5,15,14,5,12,-7,8,-28,-9,-9,-12,1,-4,11,6,9,11,0,5,-11,-5,-11]"
CSI_DATA,113825,d8:b1:90:d9:de:f0,-59,11,-99,-37,61,56,1698186936,100,0,228,0,"[-2,-16,-2,-17,-3,-18,-3,-17,-3,-16,-3,-14,-3,-12,62,-4,-3,-8,-3,-7,-2,-5,-1,-4,-1,-3,0,-1,0,0,0,0,1,1,1,2,1,3,1,5,0,7,40,3,-1,11,-2,12,-4,13,-6,14,-8,15,-10,15,0,0,-13,16,-15,16,-16,16,-18,16,-18,16,-17,16,-31,9,-14,14,-12,13,-9,12,-6,11,-3,9,-1,7,1,5,3,3,6,2,7,1,9,0,11,-1,12,-3,-28,0,14,-6,15,-7,15,-8,14,-7,13,-7,11,-5,9,-3,1,3,2,2,3,3,6,1,8,-2,5,-9,-2,-11,-15,-18,-14,3,-7,13,4,15,14,7,16,-5,7,-16,-7,-17,-17,-6,-17,7,-6,17,7,16,15,7,14,-4,6,-1,-1,-10,-5,-5,-5,-1,-4,0,-4,0,-5,2,0,0,0,7,5,9,10,4,11,-2,9,-10,0,-14,-25,2,-15,-4,-14,7,-7,15,4,16,14,9,16,-3,9,-14,-3,-16,-13,-9,-16,3,-7,13,4,14,13,5,25,-12,1,-12,-9,-7,-11,3,-1,11,9,7,11,-3,3,-12]"
CSI_DATA,113826,d8:b1:90:d9:de:f0,-59,11,-99,-37,61,56,1698199568,100,0,228,0,"[-15,9,-16,9,-16,9,-16,8,-15,8,-12,7,-11,7,62,-4,-8,5,-6,4,-5,3,-3,2,-2,1,-1,0,0,0,1,0,1,-1,3,-1,4,-1,6,0,7,0,40,3,9,3,10,5,10,8,9,11,9,13,7,15,0,0,6,20,4,22,3,23,2,24,0,24,0,24,7,0,0,21,0,18,0,16,1,12,3,10,4,7,5,4,6,1,7,-1,8,-3,9,-5,9,-7,10,-9,-61,0,12,-12,12,-13,11,-13,11,-12,10,-11,9,-9,7,-6,1,-3,0,-3,1,-2,1,-5,-3,-6,-8,-3,-11,3,-16,17,3,14,13,7,15,-4,7,-14,-5,-16,-16,-8,-17,5,-8,16,5,18,16,9,17,-3,9,-13,0,-14,0,-7,-9,-1,-7,1,-3,3,-3,3,-2,4,-1,6,0,0,7,4,9,0,8,-6,3,-11,-3,-12,-9,-9,-14,20,-12,7,-6,13,3,16,12,10,16,0,12,-11,1,-16,-10,-13,-16,-1,-13,10,-1,16,10,12,15,0,21,-22,-2,-13,-11,-5,-10,7,1,12,10,6,12,-5,2,-12]"
CSI_DATA,113827,d8:b1:90:d9:de:f0,-59,11,-99,-38,61,56,1698217345,100,0,228,0,"[-17,-4,-18,-5,-18,-6,-18,-5,-16,-4,-14,-3,-13,-2,64,-4,-9,-1,-7,0,-6,0,-4,0,-2,0,-2,0,0,0,1,0,2,0,4,0,6,0,6,1,7,2,41,4,8,6,8,9,8,11,7,13,6,16,6,18,0,0,2,21,1,23,0,24,-1,25,-2,24,-2,24,30,0,-2,22,0,19,0,16,2,13,2,10,4,6,4,3,6,0,6,-2,6,-4,7,-7,7,-9,7,-12,54,0,8,-15,7,-16,7,-16,7,-15,6,-13,5,-12,4,-8,4,0,3,-2,3,-2,4,-4,1,-7,-4,-8,-11,-3,-22,4,-4,13,7,14,15,4,14,-8,4,-17,-10,-15,-18,-4,-16,11,-3,19,10,16,17,4,14,-8,5,-14,4,-7,-8,-6,-8,0,-5,2,-4,2,-3,4,-2,6,0,0,6,6,11,1,10,-5,6,-11,-2,-13,-10,-10,-16,21,-13,7,-6,14,4,16,14,10,17,-2,11,-13,0,-17,-12,-12,-17,0,-11,12,1,16,12,9,15,-2,14,-26,-6,-12,-12,-2,-7,8,4,10,11,1,8,-10,-2,-12]"
CSI_DATA,113828,d8:b1:90:d9:de:f0,-59,9,-99,-40,61,56,1698232610,83,0,106,0,"[22,0,-43,9,28,0,-19,9,36,0,28,10,36,0,79,10,25,0,-60,10,7,0,-33,10,-9,10,-4,10,-30,10,21,0,-43,10,54,0,-40,10,-89,0,-19,10,-50,0,16,0,-9,0,65,0,13,0,0,0,0,0,-30,0,37,0,0,0,50,0,5,0,43,0,-27,0,21,0,-85,0,-14,0,27,0,-67,0,-30,10,56,0,-72,10,4,0,81,10,-50,10,58,10,78,10,46,10,36,10,48,10,16,10,75,10]"
CSI_DATA,113829,d8:b1:90:d9:de:f0,-59,11,-99,-38,61,56,1698251195,100,0,228,0,"[-17,-4,-18,-6,-18,-6,-17,-6,-16,-6,-14,-4,-12,-4,64,-4,-9,-2,-7,-2,-5,-2,-4,-1,-2,-1,-1,0,0,0,2,0,2,0,4,1,4,2,5,4,5,6,41,4,4,10,2,12,0,14,-1,15,-4,16,-6,17,0,0,-12,18,-14,18,-16,18,-18,18,-18,16,-18,15,-34,9,-17,12,-15,12,-12,10,-9,9,-6,8,-3,6,0,6,2,5,5,4,7,4,9,2,12,2,14,2,-20,0,16,1,18,1,18,1,17,2,15,2,12,2,9,2,4,-1,3,-2,3,-1,4,-3,2,-7,-3,-9,-10,-5,-24,0,-7,12,4,15,14,8,16,-4,8,-16,-4,-18,-16,-9,-18,4,-10,16,3,18,14,11,16,0,10,-10,7,-4,-4,-9,-6,-4,-6,-1,-4,0,-5,1,-5,4,0,0,1,10,7,7,11,2,12,-4,8,-11,0,-14,-26,1,-14,-5,-15,4,-10,13,0,17,11,13,17,2,14,-10,4,-17,-8,-14,-16,-4,-14,8,-3,16,9,12,30,3,9,-10,-2,-12,-11,-4,-8,7,2,11,11,5,11,-6]"
CSI_DATA,113830,d8:b1:90:d9:de:f0,-59,11,-99,-36,61,56,1698264918,100,0,228,0,"[-15,7,-17,7,-17,7,-17,6,-15,6,-13,5,-11,5,60,-4,-8,3,-6,3,-5,2,-3,1,-1,1,-1,0,0,0,1,-1,3,-1,3,0,5,-1,6,0,8,1,39,3,8,5,9,6,8,10,7,12,6,14,4,16,0,0,1,20,0,22,-2,23,-3,23,-5,23,-6,22,59,9,-6,20,-5,17,-4,15,-2,13,0,10,1,7,3,5,5,3,7,0,8,-1,9,-2,11,-4,12,-5,-21,0,15,-8,15,-9,15,-8,14,-8,13,-6,11,-5,8,-3,1,-4,0,-3,1,-3,1,-5,-2,-6,-8,-5,-11,1,-17,14,1,13,11,8,15,-1,9,-13,-2,-17,-14,-10,-18,2,-11,15,1,18,13,11,17,0,11,-10,2,-13,2,-7,-8,-4,-6,0,-5,1,-4,3,-3,3,-1,6,0,0,6,6,9,1,9,-4,5,-10,-1,-12,-8,-10,-19,17,-13,3,-9,11,-1,15,8,13,15,4,15,-6,6,-15,-5,-15,-14,-6,-15,5,-6,14,5,15,14,5,27,-13,2,-13,-8,-8,-11,3,-3,11,7,9,13,-1,6,-10]"
CSI_DATA,113831,d8:b1:90:d9:de:f0,-59,11,-99,-38,61,56,1698276627,100,0,228,0,"[-16,4,-17,4,-18,4,-17,3,-16,2,-14,2,-12,2,64,-4,-9,2,-8,1,-6,1,-4,1,-3,0,-2,0,-1,0,0,0,0,0,2,2,2,3,4,4,4,6,41,4,3,10,2,12,0,14,-2,15,-4,16,-6,17,0,0,-12,18,-14,18,-16,17,-18,16,-18,15,-19,14,-52,9,-17,12,-15,10,-14,9,-10,8,-7,8,-4,8,-1,7,1,7,3,7,5,6,7,6,9,7,11,8,-54,0,14,9,15,9,14,10,14,10,12,9,9,9,6,8,2,-2,2,-2,2,-3,2,-5,-1,-8,-7,-7,-12,0,-21,10,-1,14,9,12,16,2,13,-10,2,-17,-10,-14,-18,-4,-16,10,-5,18,8,17,16,6,15,-5,7,-12,2,-4,-7,-6,-7,-1,-4,1,-2,1,-3,0,-4,2,0,0,0,8,4,8,9,4,11,-2,10,-8,2,-13,-24,0,-14,-8,-16,2,-12,12,-2,16,9,14,16,4,16,-7,7,-15,-6,-15,-15,-7,-15,5,-6,14,6,14,27,14,12,-7,0,-12,-10,-8,-12,4,-4,12,8,10,13,0]"
CSI_DATA,113832,d8:b1:90:d9:de:f0,-60,11,-99,-35,61,56,1698289171,100,0,228,0,"[8,14,9,15,9,15,8,14,7,13,7,12,6,10,58,-4,4,7,4,5,3,4,3,3,2,2,1,1,0,0,0,0,0,-1,0,-3,0,-4,0,-5,0,-7,38,3,3,-8,6,-9,8,-8,10,-7,12,-7,14,-6,0,0,19,-4,20,-3,22,-1,22,0,22,0,22,0,-78,0,19,1,17,0,15,0,12,-1,9,-3,7,-4,4,-5,2,-6,0,-7,-2,-7,-4,-9,-6,-10,-7,-11,-69,9,-10,-12,-11,-12,-11,-12,-10,-11,-9,-11,-7,-9,-5,-7,-3,-1,-2,0,-1,-1,-4,-1,-6,2,-4,7,2,10,16,14,12,-3,7,-12,-4,-14,-13,-7,-15,4,-7,15,5,16,15,8,17,-4,8,-14,-3,-15,-11,-8,-12,0,-5,0,-1,8,2,6,3,3,3,2,3,2,4,0,0,0,4,-6,0,-7,-4,-7,-9,-4,-11,2,-8,8,19,14,5,12,12,6,14,-1,10,-10,1,-15,-9,-12,-15,-3,-12,8,-3,15,8,12,14,2,11,-8,1,-14,-19,-21,-13,1,-6,11,5,10,11,0,7,-9,-3,-12,-11,-4]"
CSI_DATA,113833,d8:b1:90:d9:de:f0,-59,11,-99,-35,60,56,1698302189,100,0,228,0,"[14,-10,15,-10,16,-11,15,-10,14,-9,13,-8,11,-7,66,-4,7,-6,6,-4,4,-4,4,-2,2,-2,1,0,0,0,0,0,-1,1,-2,2,-4,2,-6,2,-8,1,42,4,-11,-1,-12,-2,-13,-6,-13,-8,-14,-10,-14,-13,0,0,-12,-18,-13,-20,-11,-21,-11,-23,-8,-23,-8,-24,-85,10,-6,-20,-6,-18,-6,-15,-6,-11,-6,-8,-6,-5,-6,-2,-6,1,-5,3,-5,6,-5,8,-5,11,-5,13,-64,10,-5,17,-5,17,-5,17,-5,15,-5,15,-4,12,-4,9,-2,4,0,3,0,4,0,6,5,6,10,2,11,-6,13,-19,-6,-13,-15,-4,-14,8,-4,16,8,16,18,5,16,-9,5,-19,-9,-17,-18,-6,-17,8,-7,15,4,15,0,8,10,0,6,-4,3,-4,1,-4,0,-4,-1,-6,0,0,-8,-3,-9,2,-6,8,-1,13,7,11,14,4,7,-26,11,-13,0,-17,-10,-14,-17,-4,-16,8,-6,16,6,16,15,7,16,-5,7,-15,-5,-15,-14,-6,-13,6,-8,28,8,11,13,0,5,-10,-6,-9,-11,0,-6,11,4,12]"
CSI_DATA,113834,d8:b1:90:d9:de:f0,-59,11,-99,-38,61,56,1698312700,100,0,228,0,"[4,-18,4,-19,4,-19,4,-18,3,-18,2,-15,2,-13,64,-4,0,-9,0,-7,0,-6,0,-4,0,-2,0,-1,0,0,0,1,0,2,0,4,0,6,-2,6,-4,8,41,4,-7,8,-9,7,-12,6,-14,6,-16,4,-18,2,0,0,-22,-1,-22,-3,-23,-4,-24,-6,-24,-6,-24,-6,-82,9,-20,-6,-18,-4,-16,-4,-13,-1,-11,0,-7,2,-4,4,-2,5,0,6,2,8,4,9,6,10,8,11,-65,0,12,12,12,13,13,12,12,12,10,11,9,9,7,7,2,4,2,2,1,2,4,3,7,2,8,-4,4,-10,-4,-23,-14,-4,-14,6,-5,16,8,15,17,4,16,-9,4,-18,-10,-16,-18,-4,-17,9,-6,17,7,16,13,6,6,5,6,-7,1,-7,0,-6,-2,-4,-3,-4,-6,-2,0,0,-8,6,-2,10,4,10,10,8,13,0,12,-8,-17,-20,-4,-14,-12,-9,-16,0,-13,10,-3,17,9,14,16,4,16,-8,5,-16,-8,-15,-16,-4,-14,8,-2,15,21,23,14,-1,6,-11,-6,-10,-11,0,-6,10,5,11,12,2]"
CSI_DATA,113835,d8:b1:90:d9:de:f0,-59,11,-99,-38,61,56,1698325650,100,0,228,0,"[0,17,0,18,0,18,0,18,1,16,1,14,1,13,64,-4,2,9,2,7,1,5,1,4,0,3,0,1,0,0,0,0,-1,-2,-2,-4,-2,-5,-1,-6,0,-8,41,4,3,-10,4,-12,7,-12,9,-12,12,-12,14,-12,0,0,18,-10,20,-10,22,-10,22,-8,23,-8,23,-8,71,0,20,-8,18,-7,14,-6,11,-6,8,-6,4,-6,1,-5,-1,-5,-3,-4,-6,-4,-9,-3,-11,-2,-13,-1,26,10,-16,0,-18,0,-18,0,-16,0,-15,0,-12,0,-10,0,-2,-4,-2,-3,-2,-2,-5,-2,-8,1,-6,7,0,12,11,20,14,0,10,-11,-1,-16,-13,-10,-17,2,-10,14,2,18,15,11,19,-3,11,-15,-2,-18,-12,-11,-14,0,-8,-1,-2,10,2,8,4,4,4,2,5,1,6,0,0,0,4,-8,-2,-10,-8,-7,-12,0,-11,7,-4,14,26,6,12,9,16,0,13,-11,2,-16,-9,-15,-16,-5,-15,8,-5,16,7,14,16,4,14,-8,3,-15,-9,-12,-29,-1,-8,10,4,11,10,2,6,-8,-4,-10,-11,-2,-9,8]"
CSI_DATA,113836,d8:b1:90:d9:de:f0,-58,11,-99,-36,60,56,1698339098,100,0,228,0,"[1,-19,2,-20,2,-20,1,-19,0,-18,0,-16,0,-14,67,-4,-1,-9,-1,-7,0,-6,0,-4,0,-2,0,-2,0,0,1,1,2,2,1,4,1,5,0,7,0,9,43,4,-4,11,-5,12,-8,12,-11,12,-13,12,-16,12,0,0,-20,10,-22,9,-24,9,-25,8,-26,8,-24,7,-90,9,-21,7,-19,7,-16,7,-12,7,-9,6,-4,6,-2,6,2,6,4,5,7,4,9,3,12,2,14,2,-28,0,18,0,19,0,19,0,18,0,16,0,14,0,11,0,2,4,2,3,2,3,4,3,8,0,8,-7,1,-12,-10,-23,-15,0,-12,11,0,16,12,12,19,0,13,-14,-1,-20,-15,-13,-20,2,-13,15,0,19,12,12,15,0,9,2,2,-10,-2,-7,-4,-4,-4,-3,-5,-2,-7,0,0,0,-4,9,2,11,9,9,13,1,12,-7,5,-14,-27,-8,-12,-10,-16,0,-14,10,-4,17,9,16,17,5,16,-8,6,-17,-7,-16,-16,-5,-14,8,-3,16,9,12,31,1,9,-11,-4,-12,-12,-2,-7,9,4,12,12,2,10,-8]"
CSI_DATA,113837,d8:b1:90:d9:de:f0,-59,11,-99,-37,61,56,1698373749,100,0,228,0,"[-13,-10,-13,-11,-13,-12,-12,-12,-12,-11,-11,-11,-9,-9,62,-4,-7,-6,-5,-5,-4,-4,-3,-3,-2,-2,-1,-1,0,0,0,0,0,1,1,2,1,4,0,6,0,7,40,3,-3,10,-5,11,-7,11,-11,11,-13,11,-15,9,0,0,-20,7,-22,4,-23,3,-24,1,-24,0,-24,0,78,9,-21,-1,-18,-1,-16,0,-13,0,-11,1,-7,3,-5,4,-3,5,0,7,1,8,2,9,4,11,6,11,40,0,8,14,9,15,8,15,7,15,6,14,4,12,3,10,4,1,3,0,3,0,5,-1,5,-5,0,-10,-7,-9,-21,-10,-11,7,-2,14,8,13,16,3,14,-9,4,-17,-9,-16,-18,-5,-17,8,-7,17,6,17,14,7,14,-2,6,0,0,-10,-3,-7,-3,-3,-3,-1,-3,-1,-5,0,0,0,-5,6,0,9,5,9,11,5,13,-1,10,-10,-20,-16,-6,-14,-14,-7,-16,3,-11,12,-1,17,11,13,17,3,14,-9,4,-16,-8,-14,-15,-3,-12,8,-3,14,16,24,13,0,7,-9,-3,-11,-11,-2,-8,9,1,12,11,6]"
CSI_DATA,113838,d8:b1:90:d9:de:f0,-59,11,-99,-37,61,56,1698389168,100,0,228,0,"[16,-1,17,-1,18,0,17,0,16,-1,14,0,12,0,62,-4,9,0,7,0,6,0,4,0,3,0,1,0,0,0,0,0,-1,0,-3,0,-5,0,-5,-1,-7,-3,40,3,-7,-7,-7,-9,-6,-11,-5,-14,-4,-15,-2,-17,0,0,0,-21,2,-22,3,-22,5,-23,7,-23,7,-22,-39,0,7,-19,6,-16,5,-14,2,-12,1,-9,0,-7,-2,-5,-4,-3,-5,0,-7,0,-9,2,-10,3,-11,5,27,9,-14,7,-14,7,-14,8,-14,7,-13,6,-11,4,-9,3,-3,1,-2,2,-3,3,-1,5,0,7,7,7,11,0,20,-9,1,-14,-9,-11,-15,-1,-11,11,-1,16,11,13,18,1,14,-11,1,-18,-11,-14,-17,-3,-14,8,-4,13,-3,7,8,5,7,0,5,-2,3,-2,3,-3,2,-5,0,0,-4,-7,-8,-3,-10,2,-7,9,-1,13,7,12,21,-14,15,-3,11,-12,0,-16,-10,-12,-16,-3,-14,8,-5,15,6,15,14,5,14,-6,5,-14,-6,-13,-14,-4,-24,13,-1,12,9,7,10,-3,1,-10,-8,-7,-11,2,-5,11]"
CSI_DATA,113839,d8:b1:90:d9:de:f0,-59,11,-99,-38,61,56,1698414117,100,0,228,0,"[-13,10,-14,10,-15,10,-15,10,-14,10,-12,8,-10,8,64,-4,-8,6,-6,4,-5,4,-4,3,-2,2,-2,0,0,0,0,0,2,0,3,0,4,0,6,0,7,0,41,4,10,4,10,7,10,9,10,12,9,14,8,16,0,0,5,20,4,22,2,23,0,24,0,24,-2,24,-23,10,-2,21,-2,18,-1,16,0,13,1,10,2,7,4,4,5,3,6,0,8,-1,9,-3,10,-5,11,-6,-41,0,14,-9,15,-10,14,-9,14,-8,14,-6,12,-5,9,-3,2,-4,1,-3,0,-4,0,-6,-5,-6,-10,-2,-10,5,-14,18,6,12,14,6,14,-6,6,-14,-7,-16,-16,-6,-17,6,-8,17,6,18,16,9,17,-4,10,-14,0,-14,0,-7,-9,-2,-7,2,-4,3,-2,3,-2,4,-1,4,0,0,6,6,9,2,10,-4,5,-10,-1,-13,-9,-11,-16,18,-14,6,-8,14,2,16,12,11,18,1,14,-10,2,-16,-9,-14,-16,-4,-14,8,-4,15,8,13,14,2,24,-16,0,-13,-10,-7,-11,4,-1,11,8,7,12,-3,5,-11]"
CSI_DATA,113840,d8:b1:90:d9:de:f0,-59,11,-99,-34,60,56,1698446906,100,0,228,0,"[12,14,12,15,13,15,12,14,12,12,11,10,10,9,64,-4,8,5,6,4,5,2,4,2,2,1,1,1,0,0,-2,0,-2,0,-4,0,-6,-2,-6,-3,-6,-4,41,4,-7,-8,-6,-10,-6,-13,-4,-14,-4,-16,-2,-18,0,0,0,-22,1,-23,2,-24,3,-25,3,-24,3,-25,2,0,2,-22,0,-20,0,-16,-2,-13,-3,-10,-4,-6,-5,-2,-6,0,-5,2,-6,6,-6,8,-5,10,-4,13,-43,10,-4,17,-3,18,-2,18,-2,17,-2,15,-2,13,-1,10,-4,-2,-4,0,-3,0,-5,1,-6,5,0,10,8,8,22,7,10,-10,0,-15,-12,-11,-17,1,-10,14,3,18,16,10,19,-4,10,-17,-4,-18,-16,-9,-16,3,-9,12,-6,6,6,8,7,2,6,0,4,-2,4,-3,3,-6,0,0,-6,-7,-10,-2,-10,4,-6,11,1,13,10,10,17,-22,14,-7,6,-14,-4,-16,-14,-10,-17,2,-10,14,2,17,14,11,17,-2,10,-14,-3,-16,-14,-8,-14,6,-9,29,8,10,12,-1,4,-10,-7,-9,-12,2,-4,12,7,11]"
CSI_DATA,113841,d8:b1:90:d9:de:f0,-59,11,-99,-37,61,56,1698486443,100,0,228,0,"[-11,12,-12,12,-12,12,-12,12,-11,11,-9,10,-9,9,62,-4,-5,7,-5,5,-3,4,-3,3,-1,1,-1,1,0,0,0,0,1,-1,2,-2,3,-2,5,-3,7,-2,40,3,10,0,12,0,13,2,14,4,15,7,15,9,0,0,15,13,16,16,14,17,15,19,14,19,13,20,-64,0,11,17,10,14,9,12,8,9,7,6,7,3,5,0,5,-2,4,-5,3,-7,2,-9,2,-11,1,-13,44,0,0,-16,0,-17,0,-17,0,-16,1,-14,1,-12,1,-9,1,-4,0,-3,0,-4,-1,-5,-6,-5,-10,0,-9,7,-8,20,9,11,14,1,12,-10,0,-16,-11,-12,-18,0,-12,12,0,18,12,14,18,2,14,-10,3,-15,-7,-12,-1,-7,-9,1,-5,5,-1,5,0,4,0,5,2,5,0,0,8,0,8,-5,3,-9,-1,-12,-9,-9,-14,-1,0,25,-6,14,2,15,12,11,16,0,12,-11,1,-16,-9,-14,-16,-3,-14,9,-3,16,9,12,14,2,11,-9,0,-28,-10,-7,-11,3,-1,11,9,7,11,-3,3,-12,-7,-9]"
CSI_DATA,113842,d8:b1:90:d9:de:f0,-59,11,-99,-38,61,56,1698518597,100,0,228,0,"[3,17,3,18,3,19,3,18,3,16,3,14,2,12,64,-4,2,8,2,6,1,6,2,4,0,2,0,1,-1,0,-1,0,-1,-2,-2,-4,-2,-5,0,-6,0,-8,41,4,3,-10,6,-11,7,-11,10,-11,12,-11,16,-10,0,0,20,-9,21,-8,23,-7,24,-6,24,-5,24,-4,-82,0,21,-4,19,-4,16,-4,12,-4,8,-4,6,-5,2,-5,0,-5,-3,-5,-6,-5,-8,-5,-10,-5,-13,-4,29,10,-16,-4,-17,-4,-17,-4,-16,-4,-14,-4,-12,-4,-9,-3,-2,-4,-2,-2,-2,-2,-5,-1,-7,2,-6,8,1,12,14,20,14,-2,9,-12,-2,-16,-14,-10,-17,3,-10,14,3,18,16,10,19,-3,10,-15,-2,-18,-12,-10,-14,0,-8,-1,-2,10,2,7,3,4,4,2,5,2,6,0,0,0,4,-8,-2,-10,-8,-8,-12,-2,-12,6,-6,12,25,10,10,11,16,2,14,-8,6,-16,-6,-16,-15,-8,-17,4,-9,14,4,16,14,8,15,-4,6,-14,-6,-14,-28,-8,-11,8,0,12,10,5,9,-6,-1,-12,-10,-6,-12,4]"
CSI_DATA,113843,d8:b1:90:d9:de:f0,-59,11,-99,-34,60,56,1698567013,100,0,228,0,"[4,18,4,19,4,19,4,18,4,17,4,14,4,13,64,-4,3,8,3,7,2,5,2,3,1,2,0,1,0,0,-1,0,-2,-1,-2,-4,-2,-4,-2,-7,-1,-8,41,4,1,-11,3,-12,5,-13,7,-13,10,-14,12,-14,0,0,17,-14,19,-14,20,-12,22,-13,22,-12,22,-11,-76,0,19,-10,17,-9,14,-10,11,-8,7,-8,3,-7,0,-6,-2,-4,-6,-4,-8,-2,-10,-1,-12,-1,-14,0,28,10,-17,2,-18,3,-18,3,-17,3,-15,2,-13,2,-10,1,-4,-3,-4,-1,-3,-2,-5,-2,-8,2,-6,8,2,12,14,18,14,-2,9,-13,-3,-16,-14,-8,-17,6,-8,16,6,18,18,8,18,-6,8,-17,-6,-18,-14,-8,-14,2,-8,0,0,10,3,7,4,4,5,2,6,1,6,-1,0,0,1,-9,-4,-9,-10,-5,-12,1,-10,10,-2,13,27,2,14,6,16,-2,11,-12,0,-17,-10,-13,-17,-2,-14,10,-3,17,10,14,16,2,13,-10,1,-16,-10,-10,-30,2,-7,12,5,11,12,0,6,-10,-5,-10,-12,-1,-8,9]"
CSI_DATA,113844,d8:b1:90:d9:de:f0,-59,11,-99,-37,61,56,1698599200,100,0,228,0,"[-17,0,-18,-1,-19,-1,-18,0,-16,0,-15,0,-12,1,62,-4,-9,1,-7,1,-6,1,-4,1,-3,0,-1,0,0,0,0,0,1,-1,3,-1,5,0,5,0,7,0,40,3,10,3,11,5,11,7,11,9,11,11,12,14,0,0,11,18,10,19,10,21,9,22,9,22,9,22,-81,0,9,19,8,16,7,13,7,10,7,7,6,3,6,0,5,-1,4,-4,3,-7,2,-9,1,-12,0,-14,11,0,-1,-16,-1,-17,-2,-17,-2,-16,-1,-14,-1,-12,0,-9,4,-1,2,-1,2,-2,2,-4,0,-7,-6,-7,-11,0,-21,10,0,14,10,11,16,0,11,-11,-1,-16,-13,-11,-18,1,-11,14,2,18,14,11,18,-1,10,-12,0,-14,0,-7,-9,-1,-6,3,-3,3,-1,3,0,5,0,5,0,0,7,3,9,-2,7,-8,0,-12,-7,-11,-12,-4,-5,26,-8,12,1,16,11,11,16,1,14,-9,3,-16,-9,-14,-16,-3,-14,9,-3,16,9,12,15,1,11,-11,-2,-29,-11,-6,-11,5,0,11,9,6,10,-5,0,-12,-9,-8]"
CSI_DATA,113845,d8:b1:90:d9:de:f0,-59,11,-99,-35,60,56,1698625762,100,0,228,0,"[-17,6,-18,6,-18,6,-17,6,-15,7,-14,6,-11,6,66,-4,-8,5,-6,4,-4,4,-3,3,-2,2,-1,1,0,0,0,0,1,-2,2,-2,4,-4,5,-3,6,-4,42,4,11,-3,12,-2,15,-1,16,0,17,2,19,3,0,0,21,6,22,8,23,8,24,10,23,10,23,10,66,0,20,8,18,6,15,4,13,2,10,0,7,-2,4,-4,2,-5,0,-6,-3,-7,-6,-8,-8,-8,-11,-8,63,10,-15,-9,-15,-9,-16,-8,-15,-8,-13,-7,-11,-6,-8,-4,3,-3,2,-3,2,-3,0,-6,-4,-7,-10,-3,-11,4,-14,19,6,13,15,4,14,-8,3,-16,-10,-14,-18,-2,-14,12,-1,19,13,15,19,1,14,-11,2,-17,-8,-12,-2,-6,-9,4,-3,6,0,6,1,4,2,4,4,4,0,0,8,-2,6,-8,0,-11,-8,-9,-13,-3,-13,6,14,24,2,16,13,11,17,0,13,-11,2,-18,-11,-14,-17,-2,-14,10,-2,17,11,13,16,0,11,-11,-2,-15,-26,-16,-13,5,-1,12,9,7,10,-4,0,-12,-10,-8,-12,3]"
CSI_DATA,113846,d8:b1:90:d9:de:f0,-59,11,-99,-38,61,56,1698660730,100,0,228,0,"[12,-12,12,-13,13,-13,12,-13,10,-13,8,-12,7,-10,64,-4,4,-8,2,-6,2,-4,2,-4,1,-2,1,0,1,0,0,1,0,2,0,4,0,5,-2,6,-3,7,41,4,-7,8,-9,8,-11,8,-13,8,-16,8,-17,7,0,0,-20,6,-22,5,-23,5,-24,4,-24,4,-24,4,76,9,-20,4,-18,5,-15,5,-11,5,-8,5,-4,5,-1,5,1,4,4,4,7,3,9,2,12,1,13,0,-22,0,16,-2,17,-3,17,-3,16,-3,14,-2,12,-2,9,-2,-2,4,0,4,0,4,2,5,7,4,10,-2,7,-10,3,-22,-12,-8,-15,3,-8,14,4,16,15,7,16,-6,6,-17,-8,-17,-17,-6,-16,8,-6,16,6,15,13,6,6,4,6,-8,0,-8,-2,-5,-2,-4,-4,-2,-6,0,0,0,-5,8,0,10,6,9,12,3,12,-4,8,-12,-24,-10,-10,-11,-17,-1,-14,10,-4,17,8,15,17,5,16,-7,4,-16,-8,-14,-16,-4,-12,9,-2,14,10,10,28,-2,6,-11,-6,-10,-10,0,-4,9,6,8,12,0,6,-10]"
CSI_DATA,113847,d8:b1:90:d9:de:f0,-59,11,-99,-37,61,56,1698685514,100,0,228,0,"[-10,13,-11,14,-11,14,-10,14,-9,13,-7,12,-6,11,62,-4,-3,7,-2,6,-2,5,-1,3,-1,2,-1,1,0,0,0,-1,0,-3,0,-3,0,-5,1,-6,3,-7,40,3,7,-8,9,-8,11,-7,13,-7,16,-6,18,-5,0,0,21,-3,22,-2,24,-2,24,-1,24,-1,24,0,-72,0,21,-1,18,-1,16,-2,12,-3,9,-3,5,-4,2,-5,0,-4,-3,-4,-5,-4,-8,-4,-10,-3,-12,-3,29,9,-16,-1,-16,-1,-16,-1,-16,-1,-14,0,-12,-1,-9,-1,1,-4,0,-3,0,-5,-3,-5,-7,-3,-9,2,-6,10,-1,23,12,7,14,-3,7,-13,-5,-15,-16,-7,-16,6,-6,17,8,17,18,6,16,-8,5,-16,-6,-15,-12,-6,-6,-4,-6,7,0,7,1,5,3,4,4,3,5,1,0,0,5,-6,1,-10,-5,-10,-11,-5,-13,3,-9,11,22,14,9,12,16,3,15,-7,6,-16,-5,-16,-15,-8,-16,5,-7,15,5,16,14,7,14,-6,5,-14,-7,-12,-28,-4,-8,9,3,11,10,2,7,-7,-3,-10,-11,-2,-9,8]"
CSI_DATA,113848,d8:b1:90:d9:de:f0,-59,11,-99,-36,60,56,1698704706,100,0,228,0,"[17,4,19,4,19,4,18,3,17,2,15,1,13,0,67,-4,9,0,7,0,6,-1,4,0,3,0,2,0,0,0,0,0,-2,0,-3,0,-4,0,-6,0,-7,-1,43,4,-9,-4,-10,-7,-11,-9,-11,-12,-11,-14,-11,-15,0,0,-10,-20,-9,-21,-10,-23,-9,-24,-9,-24,-9,-24,-61,10,-9,-21,-8,-18,-8,-14,-9,-11,-7,-7,-7,-3,-7,0,-6,2,-4,5,-4,7,-3,10,-1,12,0,14,-28,10,1,17,2,18,3,18,2,16,2,15,2,13,1,10,-4,0,-3,1,-4,1,-4,4,0,8,5,9,12,2,24,-7,2,-14,-9,-12,-16,-2,-13,12,0,19,13,13,19,0,13,-15,-1,-20,-14,-13,-19,1,-12,12,0,15,0,6,10,2,7,-3,3,-4,1,-4,1,-3,0,-5,0,0,-7,-3,-9,2,-7,8,-2,12,7,11,14,5,6,-26,9,-13,0,-16,-12,-13,-18,-2,-14,11,-3,18,10,15,17,4,14,-9,2,-17,-10,-13,-16,0,-10,12,3,31,12,5,12,-7,0,-12,-11,-6,-11,6,0,14,11,9]"
CSI_DATA,113849,d8:b1:90:d9:de:f0,-60,11,-99,-38,62,56,1698735155,100,0,228,0,"[8,-13,9,-14,9,-14,8,-13,8,-13,6,-11,5,-11,57,-4,2,-8,2,-6,1,-5,1,-4,0,-2,0,-1,0,0,0,0,-1,1,-1,2,-2,3,-3,4,-4,4,36,3,-8,4,-10,3,-11,2,-13,1,-14,0,-16,-1,0,0,-18,-4,-19,-5,-20,-6,-20,-7,-20,-8,-19,-8,-70,8,-17,-7,-16,-5,-14,-3,-11,-1,-9,0,-7,2,-5,4,-2,5,0,7,1,7,3,9,5,10,7,10,-65,0,10,11,11,11,11,11,11,10,10,9,8,8,5,5,0,3,0,2,0,2,1,4,5,4,8,0,7,-8,2,-21,-10,-8,-13,1,-8,11,2,14,13,8,16,-4,7,-14,-5,-16,-15,-8,-16,4,-7,14,3,14,11,7,4,2,5,-5,1,-5,-1,-4,-1,-2,-2,-2,-2,-2,0,0,-7,2,-4,7,1,9,6,8,11,2,11,-4,-13,-19,-1,-13,-10,-9,-14,-1,-12,8,-3,14,7,13,14,4,13,-7,4,-14,-7,-13,-14,-3,-11,8,-1,13,18,20,13,-2,4,-10,-6,-9,-11,1,-4,10,5,10,12,1]"
CSI_DATA,113850,d8:b1:90:d9:de:f0,-59,11,-99,-36,60,56,1698784309,100,0,228,0,"[14,-12,15,-12,15,-12,14,-11,14,-11,12,-9,11,-8,67,-4,7,-7,6,-5,4,-4,3,-3,2,-2,2,0,1,0,0,1,0,2,-2,2,-4,3,-5,4,-7,3,43,4,-11,2,-13,0,-15,-2,-16,-4,-17,-6,-17,-9,0,0,-18,-13,-19,-16,-18,-17,-17,-19,-16,-20,-16,-20,-5,9,-13,-17,-12,-15,-10,-12,-9,-9,-8,-6,-7,-2,-5,0,-4,2,-2,5,-1,8,0,9,0,12,1,13,23,0,3,17,3,19,3,18,3,16,2,15,1,13,0,10,-2,4,-1,4,0,4,1,6,6,6,11,1,9,-7,11,-21,-8,-12,-15,-2,-13,9,-2,17,11,14,19,2,15,-12,2,-19,-12,-15,-19,-3,-15,10,-4,16,7,14,2,9,11,-2,6,-5,2,-6,0,-5,0,-5,-3,-5,0,0,-9,0,-8,6,-3,11,4,12,12,9,16,0,0,-29,6,-16,-5,-17,-15,-10,-18,2,-12,14,0,19,12,13,18,1,13,-11,0,-17,-12,-12,-16,0,-10,12,4,30,11,6,9,-5,0,-11,-9,-4,-9,6,0,12,9,8]"
CSI_DATA,113851,d8:b1:90:d9:de:f0,-59,11,-99,-37,61,56,1698804602,100,0,228,0,"[16,3,18,4,18,5,17,5,16,5,14,4,12,3,62,-4,8,2,7,1,5,1,4,1,2,1,1,0,0,0,0,0,-1,0,-3,-1,-3,-2,-4,-4,-3,-6,40,3,-2,-10,0,-11,1,-13,3,-14,5,-16,8,-16,0,0,14,-16,16,-15,18,-15,20,-14,20,-12,20,-12,55,0,18,-9,16,-9,14,-7,10,-7,7,-6,3,-6,1,-6,-1,-5,-3,-5,-6,-5,-8,-5,-10,-5,-12,-5,29,9,-16,-5,-16,-6,-16,-6,-15,-6,-13,-6,-11,-5,-7,-5,-4,1,-3,1,-3,1,-3,3,-2,7,3,9,10,5,22,0,7,-12,-3,-14,-13,-7,-16,3,-8,14,4,17,15,9,18,-3,11,-15,-2,-18,-13,-11,-16,0,-11,9,-6,3,3,9,6,4,5,1,3,0,5,0,5,-3,0,0,0,-8,-5,-7,-9,-3,-11,2,-9,9,-2,13,25,2,12,7,16,-1,12,-11,3,-16,-8,-15,-16,-6,-16,5,-7,15,5,15,14,7,15,-5,7,-14,-5,-14,-27,-10,-11,7,0,12,10,7,10,-5,1,-12,-9,-9,-12,2]"
CSI_DATA,113852,d8:b1:90:d9:de:f0,-59,11,-99,-38,61,56,1698828116,100,0,228,0,"[8,-16,9,-17,9,-16,9,-16,8,-15,7,-13,6,-12,64,-4,4,-8,3,-6,2,-5,2,-4,1,-2,1,0,0,0,0,1,0,2,-1,4,-2,5,-4,5,-6,5,41,4,-10,4,-12,2,-14,0,-15,-1,-16,-3,-18,-6,0,0,-18,-10,-19,-12,-19,-14,-19,-16,-18,-17,-18,-18,5,10,-14,-15,-14,-13,-12,-11,-10,-8,-9,-4,-7,-2,-6,1,-4,3,-3,6,-2,8,0,10,0,12,1,14,0,0,3,17,4,18,4,18,3,16,2,14,2,12,1,10,0,5,0,3,1,3,2,4,7,4,10,-2,7,-10,2,-23,-12,-8,-15,2,-10,13,2,16,14,10,18,-3,10,-16,-3,-18,-16,-11,-18,2,-11,14,0,16,9,10,4,8,8,-4,4,-6,1,-5,0,-4,-1,-5,-4,-4,0,0,-10,2,-7,7,-2,11,5,11,11,6,14,-1,-6,-26,3,-14,-6,-15,-14,-8,-16,2,-11,13,0,17,12,12,18,1,13,-11,0,-17,-12,-12,-16,0,-10,12,5,30,12,6,10,-6,0,-12,-10,-6,-10,6,-1,13,9,9]"
CSI_DATA,113853,d8:b1:90:d9:de:f0,-59,11,-99,-38,61,56,1698876848,100,0,228,0,"[5,16,5,18,4,18,4,17,4,16,4,14,3,12,64,-4,2,8,2,6,1,5,0,4,0,2,0,1,0,0,-1,0,-1,-2,-1,-4,-1,-5,0,-6,0,-8,41,4,4,-10,6,-10,9,-10,11,-10,14,-10,16,-9,0,0,21,-6,22,-4,24,-4,24,-2,25,-1,24,0,-74,0,21,0,18,0,16,-1,13,-2,10,-2,6,-4,4,-4,0,-5,-2,-6,-4,-6,-6,-7,-8,-8,-10,-8,62,10,-14,-9,-14,-9,-14,-9,-14,-8,-12,-8,-10,-8,-7,-6,-2,-4,-2,-2,-4,-2,-6,-1,-8,2,-5,9,2,12,14,18,14,-2,9,-12,-2,-16,-13,-9,-17,3,-10,15,3,18,16,10,19,-3,11,-14,-2,-18,-12,-11,-14,0,-7,-2,-2,9,1,7,3,4,3,3,4,2,6,0,0,0,5,-8,0,-10,-6,-9,-12,-4,-12,3,-8,11,22,14,8,13,15,5,16,-5,9,-15,-2,-17,-13,-11,-18,0,-12,12,0,17,12,11,16,0,10,-12,-2,-14,-24,-16,-12,4,-3,12,8,8,10,-2,3,-11,-8,-9,-12,0]"
CSI_DATA,113854,d8:b1:90:d9:de:f0,-59,9,-99,-37,60,56,1698888699,98,0,106,0,"[-37,0,-16,0,-50,0,-41,0,-82,0,-70,0,67,0,83,0,45,0,53,0,24,0,27,0,5,0,5,0,-21,10,-13,10,-56,10,-18,10,-91,10,-6,10,64,10,31,0,46,10,92,0,52,10,-26,0,0,0,0,0,-83,10,73,0,-49,10,-78,0,-21,10,-80,0,-10,10,74,0,-13,10,13,0,-33,10,-62,0,-59,10,53,0,-85,10,-3,10,77,10,-51,10,53,10,91,10,30,10,58,10,21,10,59,10,35,10]"
CSI_DATA,113855,d8:b1:90:d9:de:f0,-59,11,-99,-35,60,56,1698913223,100,0,228,0,"[-1,17,-1,19,-1,19,0,17,0,16,0,15,0,13,66,-4,2,8,2,7,1,5,2,4,0,2,0,1,0,0,0,0,0,-2,-1,-3,-2,-4,-1,-6,0,-7,42,4,1,-11,4,-12,5,-13,7,-14,9,-14,12,-15,0,0,16,-15,17,-15,19,-15,19,-15,21,-15,20,-15,68,0,17,-13,15,-13,11,-11,8,-11,5,-8,2,-8,0,-6,-3,-4,-5,-2,-8,0,-10,0,-11,2,-13,4,28,10,-15,8,-15,8,-15,9,-14,9,-13,8,-11,6,-8,5,0,-4,-1,-4,-2,-3,-5,-3,-8,0,-7,7,0,12,12,21,14,0,10,-11,-2,-16,-13,-11,-17,2,-10,15,4,18,17,10,19,-4,9,-17,-4,-17,-14,-8,-15,3,-6,0,0,10,4,6,4,2,4,1,4,0,5,-2,0,0,1,-8,-4,-8,-10,-4,-12,2,-8,10,-1,15,28,-1,15,5,15,-6,8,-15,-3,-17,-14,-11,-18,2,-11,13,2,17,13,11,17,-2,8,-13,-4,-15,-14,-6,-27,13,-2,13,9,8,11,-3,1,-11,-9,-7,-11,4,-3,12]"
CSI_DATA,113856,d8:b1:90:d9:de:f0,-59,11,-99,-36,61,56,1698930316,100,0,228,0,"[16,-5,17,-4,18,-5,17,-4,15,-4,13,-5,11,-4,60,-4,7,-3,6,-3,4,-2,3,-1,1,-1,1,0,0,0,-1,1,-2,1,-3,1,-4,2,-6,1,-7,1,39,3,-10,-1,-11,-2,-11,-5,-11,-6,-12,-8,-12,-11,0,0,-12,-16,-11,-17,-11,-19,-11,-20,-10,-21,-10,-20,56,9,-8,-18,-8,-16,-8,-13,-8,-10,-7,-6,-6,-3,-6,0,-5,2,-4,5,-3,6,-2,9,-1,11,0,13,-3,9,1,16,2,17,3,17,2,16,2,14,1,12,1,9,-3,3,-1,2,-1,3,-1,5,2,7,8,5,11,-1,17,-15,-2,-13,-12,-8,-15,3,-7,14,5,16,15,7,17,-6,6,-17,-6,-17,-15,-7,-16,5,-7,13,3,13,0,7,9,0,6,-3,3,-3,1,-4,0,-5,-1,-6,0,0,-8,-1,-8,4,-5,9,1,11,8,8,13,2,2,-25,6,-11,-2,-14,-10,-10,-15,-1,-13,10,-3,15,8,14,15,4,13,-8,3,-15,-8,-13,-15,-1,-10,10,1,28,10,6,11,-4,1,-10,-8,-6,-10,4,-1,11,8,8]"
CSI_DATA,113857,d8:b1:90:d9:de:f0,-59,11,-99,-37,61,56,1698956562,100,0,228,0,"[-9,-14,-9,-15,-9,-15,-9,-14,-9,-13,-9,-11,-8,-9,62,-4,-7,-5,-5,-4,-4,-3,-3,-2,-1,-1,-1,0,0,0,0,0,1,0,3,1,3,2,4,3,4,5,40,3,4,9,3,11,3,12,1,14,0,16,0,18,0,0,-3,20,-5,21,-6,22,-7,22,-7,23,-7,22,54,9,-5,20,-4,18,-2,16,0,13,0,10,2,7,4,4,5,1,5,-1,7,-3,7,-5,7,-8,7,-11,-66,0,7,-14,7,-15,7,-16,6,-15,5,-14,5,-11,3,-9,3,2,3,1,3,1,5,0,6,-4,1,-9,-6,-9,-20,-10,-12,8,-1,14,9,12,16,0,12,-12,0,-17,-13,-12,-18,1,-12,14,1,18,13,11,16,-1,10,-10,5,-5,-5,-7,-7,-2,-5,0,-3,1,-3,2,-3,4,0,0,4,7,8,4,11,-1,8,-9,1,-12,-7,-11,-20,16,-14,4,-8,12,1,16,12,11,16,0,12,-11,1,-16,-11,-12,-16,0,-11,11,0,15,11,9,14,-2,14,-25,-5,-11,-11,-1,-6,9,5,9,11,0,6,-9,-4,-11]"
CSI_DATA,113858,d8:b1:90:d9:de:f0,-59,11,-99,-39,61,56,1698971609,100,0,228,0,"[5,-17,6,-18,6,-18,5,-17,5,-16,4,-14,4,-13,66,-4,2,-9,1,-7,0,-6,0,-4,0,-3,0,-2,0,0,0,1,0,2,-1,3,-2,4,-3,6,-4,6,42,4,-8,6,-11,6,-13,4,-15,2,-17,1,-18,-1,0,0,-21,-4,-22,-6,-23,-8,-23,-10,-23,-11,-22,-11,-68,9,-19,-11,-17,-8,-15,-7,-13,-4,-10,-2,-8,0,-6,2,-3,4,-1,6,0,8,2,9,4,11,5,13,60,0,8,15,8,16,8,16,8,15,6,13,6,13,4,10,1,4,1,3,1,4,4,5,8,2,9,-4,5,-11,-2,-24,-13,-6,-14,6,-6,15,6,16,17,6,17,-7,6,-17,-8,-17,-18,-7,-18,7,-8,17,5,17,13,8,6,4,7,-7,2,-7,-1,-5,-2,-4,-2,-4,-4,-4,0,0,-7,3,-6,8,2,12,8,9,14,3,13,-6,-13,-24,-1,-16,-11,-12,-17,-2,-15,8,-6,17,6,16,16,7,17,-5,8,-15,-4,-16,-15,-7,-15,6,-5,14,13,27,13,2,8,-8,-3,-11,-11,-2,-8,8,3,13,11,5]"
CSI_DATA,113859,d8:b1:90:d9:de:f0,-58,11,-99,-35,60,56,1698989727,100,0,114,0,"[9,-13,11,-13,11,-13,12,-13,12,-12,12,-11,12,-11,11,-11,10,-12,9,-12,8,-12,9,-12,8,-13,8,-13,8,-15,8,-15,7,-16,8,-17,8,-18,8,-19,8,-19,8,-21,8,-21,8,-21,8,-21,8,-19,8,-19,8,-19,0,0,8,-19,8,-19,8,-19,9,-20,8,-20,8,-20,8,-21,8,-21,8,-20,7,-20,8,-19,7,-18,6,-18,6,-17,6,-17,6,-17,6,-17,5,-17,5,-18,6,-18,6,-19,6,-19,7,-19,8,-20,9,-20,9,-19,9,-17,9,-15]"
CSI_DATA,113860,d8:b1:90:d9:de:f0,-58,11,-99,-37,60,56,1699013732,100,0,114,0,"[-8,-16,-7,-17,-7,-18,-6,-18,-8,-18,-8,-17,-7,-16,-6,-16,-8,-15,-8,-15,-8,-13,-9,-14,-10,-13,-10,-13,-12,-13,-13,-13,-14,-14,-15,-14,-16,-15,-17,-15,-18,-15,-18,-16,-18,-16,-19,-15,-18,-15,-18,-14,-18,-15,-18,-13,0,0,-19,-13,-18,-14,-18,-13,-19,-14,-19,-14,-19,-14,-19,-14,-20,-13,-19,-12,-19,-12,-18,-10,-18,-10,-18,-9,-17,-9,-17,-8,-16,-8,-17,-7,-16,-7,-17,-8,-18,-8,-19,-8,-20,-9,-21,-8,-21,-10,-20,-10,-18,-10,-17,-10,-15,-10]"
CSI_DATA,113861,d8:b1:90:d9:de:f0,-58,11,-99,-36,60,56,1699024385,100,0,114,0,"[-16,0,-17,-1,-18,-2,-17,-2,-18,-1,-17,-1,-17,-1,-15,-1,-16,0,-15,0,-14,0,-16,1,-15,3,-16,3,-16,4,-17,4,-17,6,-18,6,-19,7,-20,8,-20,9,-21,9,-20,9,-20,9,-20,10,-19,10,-19,10,-19,9,0,0,-18,11,-19,9,-19,10,-19,12,-19,11,-19,11,-19,12,-19,12,-17,12,-16,13,-16,13,-15,13,-14,12,-13,12,-14,12,-13,12,-12,12,-12,12,-12,13,-14,14,-14,15,-14,14,-15,16,-15,16,-15,15,-14,14,-15,13,-14,11]"
CSI_DATA,113862,d8:b1:90:d9:de:f0,-58,11,-99,-36,60,56,1699051377,100,0,114,0,"[-14,4,-16,4,-16,4,-16,4,-17,5,-16,5,-16,4,-15,4,-14,7,-14,7,-13,7,-13,7,-13,8,-13,9,-13,10,-13,11,-14,12,-14,14,-14,15,-14,15,-14,16,-14,17,-14,18,-14,18,-14,18,-14,18,-13,18,-12,17,0,0,-12,17,-12,17,-12,17,-12,18,-12,19,-12,19,-10,19,-11,19,-9,19,-9,19,-8,19,-8,18,-7,17,-7,17,-6,16,-5,16,-5,16,-5,17,-4,17,-4,18,-4,19,-5,19,-5,20,-6,20,-7,20,-6,19,-6,18,-7,16]"
CSI_DATA,113863,d8:b1:90:d9:de:f0,-58,11,-99,-37,60,56,1699063854,100,0,114,0,"[7,-16,8,-16,9,-16,10,-16,10,-16,10,-16,10,-15,9,-14,8,-14,8,-14,8,-13,8,-14,7,-14,8,-15,8,-16,8,-17,8,-18,9,-18,10,-20,9,-21,9,-20,10,-21,10,-20,10,-21,10,-21,12,-19,12,-19,12,-19,0,0,13,-18,13,-18,14,-18,14,-17,14,-18,14,-18,15,-17,15,-17,15,-17,14,-16,15,-15,14,-15,13,-14,13,-14,13,-13,13,-13,13,-13,13,-13,14,-13,15,-13,16,-13,16,-13,18,-12,18,-11,18,-11,19,-10,18,-8,18,-6]"
CSI_DATA,113864,d8:b1:90:d9:de:f0,-58,11,-99,-35,60,56,1699081680,100,0,114,0,"[-13,8,-15,8,-16,7,-15,6,-17,8,-15,6,-15,6,-13,6,-13,8,-13,8,-13,8,-13,8,-13,9,-12,11,-13,11,-13,12,-13,13,-15,14,-14,15,-15,16,-14,16,-14,17,-14,17,-14,18,-14,17,-13,17,-13,16,-13,16,0,0,-13,17,-14,16,-13,15,-14,17,-13,16,-13,17,-12,17,-13,17,-13,17,-11,17,-11,17,-11,16,-10,16,-8,15,-9,15,-8,15,-8,15,-8,15,-8,15,-8,16,-9,17,-10,17,-10,18,-12,18,-12,18,-11,17,-12,15,-11,13]"
CSI_DATA,113865,d8:b1:90:d9:de:f0,-59,11,-99,-34,60,56,1699110989,100,0,114,0,"[13,6,14,8,14,8,14,8,16,8,14,8,14,8,14,7,13,6,13,5,13,4,14,4,14,3,15,2,16,2,17,1,18,0,20,0,20,0,21,0,22,-1,22,-1,22,-2,22,-2,22,-2,21,-2,21,-2,20,-2,0,0,20,-3,20,-2,20,-3,20,-4,20,-4,20,-4,20,-5,21,-5,20,-6,19,-6,19,-6,18,-6,17,-7,16,-7,16,-7,16,-8,15,-8,15,-8,16,-8,16,-9,17,-10,18,-10,18,-10,18,-10,18,-10,18,-9,17,-8,16,-6]"
CSI_DATA,113866,d8:b1:90:d9:de:f0,-58,11,-99,-37,60,56,1699131931,100,0,114,0,"[17,-3,18,-2,19,0,19,0,20,0,18,0,18,0,17,0,16,0,16,0,16,0,16,0,16,0,16,0,18,0,18,0,19,0,20,0,21,-1,21,0,23,0,24,0,24,0,24,0,23,1,23,2,23,2,22,3,0,0,22,4,21,5,21,5,21,5,22,6,22,7,21,6,21,8,21,8,20,8,19,8,19,8,18,8,17,8,17,8,17,8,16,8,16,8,17,8,17,10,17,10,18,12,18,13,18,15,16,16,15,16,13,15,11,15]"
CSI_DATA,113867,d8:b1:90:d9:de:f0,-58,11,-99,-37,60,56,1699142581,100,0,114,0,"[-10,-12,-10,-14,-10,-16,-9,-16,-10,-16,-9,-16,-8,-16,-8,-15,-8,-13,-8,-14,-8,-13,-8,-14,-8,-14,-9,-14,-10,-15,-10,-16,-11,-16,-12,-17,-13,-18,-13,-19,-13,-18,-13,-20,-13,-21,-13,-20,-12,-21,-11,-20,-10,-21,-10,-20,0,0,-8,-21,-8,-20,-8,-21,-7,-22,-7,-21,-7,-21,-7,-21,-6,-23,-6,-22,-5,-22,-5,-21,-5,-20,-5,-20,-4,-18,-4,-18,-4,-18,-3,-18,-3,-18,-3,-18,-2,-20,-2,-21,-1,-22,-1,-23,0,-23,1,-22,2,-21,2,-20,4,-18]"
CSI_DATA,113868,d8:b1:90:d9:de:f0,-58,11,-99,-37,60,56,1699159336,100,0,114,0,"[16,0,18,0,18,2,18,3,19,2,18,4,18,4,17,4,16,3,16,3,16,3,16,3,16,4,17,3,18,3,18,3,20,4,20,5,21,5,21,5,23,6,24,7,24,7,24,7,22,8,22,9,21,9,21,10,0,0,19,11,18,11,18,13,18,13,18,13,18,15,18,14,18,16,16,16,16,15,16,14,16,15,14,14,13,14,12,14,12,14,11,14,11,15,11,15,12,17,11,18,10,20,10,20,10,21,8,21,6,21,5,20,2,19]"
CSI_DATA,113869,d8:b1:90:d9:de:f0,-58,11,-99,-36,60,56,1699181529,100,0,114,0,"[12,-11,14,-12,14,-12,15,-12,15,-11,14,-12,14,-10,14,-11,12,-12,11,-11,9,-11,10,-12,10,-12,9,-13,9,-14,9,-15,8,-16,9,-18,9,-19,8,-20,9,-21,7,-22,7,-21,7,-22,7,-22,7,-21,7,-21,7,-21,0,0,6,-21,6,-20,5,-21,5,-22,5,-22,4,-23,4,-22,4,-23,3,-22,2,-21,2,-21,2,-20,1,-19,0,-19,1,-18,0,-18,0,-17,0,-19,0,-19,-1,-21,-1,-21,0,-21,0,-21,0,-22,0,-21,0,-21,0,-19,2,-18]"
CSI_DATA,113870,d8:b1:90:d9:de:f0,-58,11,-99,-37,60,56,1699207651,100,0,114,0,"[-16,0,-17,0,-18,-2,-18,-2,-18,-2,-18,-3,-17,-3,-16,-4,-16,-2,-16,-2,-15,-2,-16,-2,-16,-2,-16,-2,-18,-2,-18,-2,-20,-2,-21,-2,-22,-2,-22,-2,-24,-3,-24,-2,-24,-3,-24,-3,-24,-5,-23,-5,-23,-5,-22,-5,0,0,-21,-6,-22,-7,-22,-8,-21,-8,-21,-9,-22,-9,-21,-9,-21,-10,-21,-9,-20,-9,-19,-9,-19,-9,-18,-9,-18,-8,-16,-8,-16,-8,-16,-9,-16,-9,-16,-10,-17,-11,-17,-11,-17,-13,-17,-13,-17,-15,-16,-15,-14,-16,-13,-16,-10,-16]"
CSI_DATA,113871,d8:b1:90:d9:de:f0,-59,11,-99,-37,61,56,1699230269,100,0,228,0,"[-15,9,-16,8,-16,8,-16,7,-15,7,-13,6,-12,5,62,-4,-8,3,-6,3,-5,3,-3,1,-2,1,-1,0,0,0,0,0,1,0,3,0,5,0,6,0,7,1,40,3,8,5,7,8,7,11,6,13,4,15,2,17,0,0,-1,20,-3,22,-5,23,-7,23,-8,23,-9,22,25,9,-9,19,-7,17,-6,14,-3,12,-1,10,0,7,2,5,4,3,6,1,8,0,10,0,11,-1,13,-2,-17,0,16,-5,17,-4,17,-4,16,-3,14,-2,12,-1,9,0,2,-3,1,-3,1,-3,0,-5,-2,-7,-8,-5,-11,2,-17,15,2,14,12,9,15,-3,9,-13,-3,-17,-14,-10,-18,2,-11,15,1,18,13,12,17,0,12,-10,2,-14,2,-6,-9,-4,-7,0,-4,1,-3,2,-3,3,-2,5,0,0,5,7,9,3,10,-2,7,-9,1,-12,-6,-12,-22,14,-14,1,-12,10,-3,16,7,14,15,7,16,-5,9,-14,-3,-16,-13,-9,-16,2,-9,13,2,15,13,8,29,-8,5,-12,-7,-10,-12,0,-5,10,5,11,12,1,9,-9]"
CSI_DATA,113872,d8:b1:90:d9:de:f0,-60,11,-99,-40,62,56,1699250823,100,0,228,0,"[-10,-12,-10,-13,-10,-13,-10,-13,-9,-12,-8,-11,-7,-9,60,-4,-5,-6,-5,-5,-4,-3,-3,-3,-2,-2,-1,-1,0,0,0,0,0,1,1,2,2,3,1,5,1,6,39,3,-1,10,-2,11,-5,12,-6,13,-8,13,-11,13,0,0,-15,13,-17,13,-18,12,-20,11,-20,10,-20,10,-63,8,-18,8,-15,8,-13,7,-10,7,-6,6,-3,6,0,6,1,5,3,5,6,4,8,4,10,3,12,3,-25,0,15,2,16,2,17,2,15,2,13,2,11,2,9,2,3,2,3,1,3,1,5,0,6,-5,1,-10,-6,-10,-20,-10,-11,6,-3,14,8,13,15,3,13,-9,3,-17,-10,-14,-18,-3,-15,10,-4,17,8,15,15,5,13,-5,5,-2,-1,-9,-5,-5,-5,-1,-3,0,-3,0,-5,1,0,0,-1,7,2,8,8,5,11,0,10,-7,3,-12,-23,-4,-12,-8,-15,0,-11,11,-1,17,9,13,16,3,14,-8,5,-15,-6,-14,-15,-5,-13,7,-3,14,8,11,28,4,8,-9,-3,-11,-10,-3,-7,7,2,11,11,4,10,-6]"
CSI_DATA,113873,d8:b1:90:d9:de:f0,-59,11,-99,-36,61,56,1699282704,100,0,228,0,"[-5,16,-6,17,-5,17,-5,16,-5,15,-4,13,-3,11,60,-4,-1,8,-1,6,-1,5,0,3,0,2,-1,0,-1,0,-1,-1,0,-2,0,-4,0,-5,1,-6,3,-7,39,3,6,-7,8,-7,11,-6,13,-6,15,-4,17,-3,0,0,20,-1,22,0,22,1,23,2,23,3,23,3,-77,0,20,3,18,1,15,1,12,0,9,-1,6,-3,3,-5,1,-5,-1,-5,-4,-6,-6,-6,-8,-7,-10,-7,46,9,-13,-8,-15,-8,-15,-7,-14,-6,-12,-6,-10,-5,-8,-5,0,-4,-1,-3,-1,-3,-3,-3,-7,-1,-8,4,-4,10,3,22,13,5,13,-6,5,-14,-7,-14,-16,-4,-15,8,-4,17,9,15,17,4,15,-8,5,-16,-6,-13,-12,-5,-6,-4,-5,7,0,7,1,5,2,4,3,3,6,1,0,0,6,-6,1,-9,-4,-9,-10,-5,-11,1,-10,9,19,17,6,13,13,6,15,-2,10,-11,0,-16,-11,-11,-16,0,-12,11,-1,15,10,11,15,0,10,-11,-1,-15,-24,-14,-11,5,-1,11,8,6,10,-3,1,-11,-8,-8,-11,2]"
CSI_DATA,113874,d8:b1:90:d9:de:f0,-59,11,-99,-35,60,56,1699314152,100,0,228,0,"[17,-7,18,-7,18,-7,17,-8,15,-8,13,-7,11,-6,66,-4,6,-5,6,-4,4,-3,2,-2,2,-1,1,0,1,1,0,2,0,2,-1,4,-3,5,-4,5,-6,6,42,4,-10,5,-11,4,-14,3,-15,1,-17,0,-19,-1,0,0,-22,-4,-23,-5,-24,-6,-24,-8,-24,-8,-24,-7,-69,9,-22,-6,-19,-4,-16,-2,-13,0,-11,1,-6,2,-3,4,0,5,2,6,5,6,7,6,10,6,13,6,-50,0,16,5,17,5,17,4,16,4,15,3,13,2,10,2,-4,4,-2,4,-1,4,0,6,4,7,11,3,11,-5,13,-20,-8,-13,-15,-3,-13,10,-2,17,11,14,19,1,14,-13,0,-19,-14,-13,-19,0,-13,13,0,17,9,12,4,8,8,-4,4,-6,1,-6,-1,-6,-3,-6,-6,-4,0,0,-8,4,-3,10,2,11,11,8,13,0,12,-8,-18,-22,-5,-15,-14,-9,-17,2,-12,13,0,18,11,13,17,1,13,-11,0,-17,-13,-12,-17,1,-9,13,4,15,28,11,12,-6,0,-12,-10,-6,-9,6,1,12,11,5,11,-6]"
CSI_DATA,113875,d8:b1:90:d9:de:f0,-59,11,-99,-35,60,56,1699335042,100,0,228,0,"[8,17,8,18,8,18,7,17,6,16,6,14,5,12,66,-4,3,8,3,6,2,5,1,4,0,2,0,1,-1,0,-2,-1,-2,-2,-2,-3,-2,-5,-2,-6,-1,-8,42,4,2,-11,4,-12,7,-12,10,-12,13,-11,15,-11,0,0,20,-9,23,-8,24,-6,26,-5,26,-4,25,-4,-77,0,22,-2,19,-2,16,-2,13,-3,9,-2,6,-4,2,-4,0,-5,-3,-5,-5,-6,-7,-6,-10,-6,-12,-6,42,10,-16,-6,-17,-7,-17,-7,-15,-7,-13,-7,-11,-6,-8,-5,-4,-3,-3,-2,-4,-2,-6,0,-8,4,-4,10,4,12,17,17,14,-4,7,-14,-5,-15,-15,-8,-17,6,-8,16,6,18,17,9,19,-5,10,-17,-3,-18,-13,-10,-15,0,-8,-2,-2,10,2,8,4,5,4,4,6,2,7,-1,0,0,4,-8,-2,-11,-8,-8,-13,-2,-12,6,-7,13,25,13,10,13,16,4,16,-6,8,-15,-4,-17,-15,-11,-17,2,-11,13,1,17,13,11,16,-2,9,-13,-3,-15,-27,-14,-11,5,-1,12,8,7,9,-4,1,-11,-9,-8,-13,2]"
CSI_DATA,113876,d8:b1:90:d9:de:f0,-59,11,-99,-39,61,56,1699347782,100,0,228,0,"[-17,0,-19,-1,-19,-1,-18,0,-17,0,-15,0,-13,0,66,-4,-9,0,-7,0,-6,0,-4,0,-2,0,-1,0,0,0,0,0,2,0,3,0,4,0,6,0,7,2,42,4,9,5,9,8,10,10,9,13,9,15,8,17,0,0,6,22,5,23,5,24,4,25,3,25,3,24,11,0,2,21,3,19,3,16,4,13,4,9,5,5,5,2,6,0,6,-3,6,-6,6,-8,5,-11,5,-13,72,0,4,-16,4,-17,4,-17,4,-16,4,-15,4,-12,3,-9,4,-1,3,-2,4,-2,3,-6,0,-8,-7,-8,-12,-1,-23,9,-1,15,11,11,16,0,13,-11,0,-18,-13,-13,-19,0,-13,13,0,19,13,14,18,0,12,-11,2,-14,1,-6,-9,-3,-7,1,-4,3,-3,3,-2,4,0,6,0,0,7,5,10,0,8,-6,3,-12,-4,-13,-12,-8,-13,23,-12,10,-4,17,7,15,16,7,17,-5,8,-15,-4,-17,-14,-9,-17,4,-8,14,4,16,14,6,14,-6,8,-28,-8,-11,-13,0,-4,11,6,9,12,-1,6,-11,-5,-12]"
CSI_DATA,113877,d8:b1:90:d9:de:f0,-59,11,-99,-37,61,56,1699368538,100,0,228,0,"[-16,0,-18,0,-18,0,-17,0,-16,0,-14,1,-12,1,62,-4,-9,1,-7,1,-5,1,-3,1,-2,0,-1,0,0,0,0,0,1,-1,3,-1,4,-1,5,-1,7,0,40,3,10,1,11,3,12,5,12,7,14,9,14,11,0,0,14,14,15,16,16,17,15,18,15,18,15,18,7,0,14,14,12,12,11,9,11,6,9,3,7,1,5,-1,3,-4,1,-6,0,-7,-1,-9,-3,-10,-5,-12,-63,9,-9,-14,-9,-14,-10,-13,-9,-12,-9,-11,-7,-9,-5,-7,4,-1,3,-1,3,-2,3,-5,-1,-8,-7,-7,-12,0,-19,11,0,14,12,9,15,-1,9,-13,-3,-16,-14,-9,-17,4,-8,16,5,17,16,8,16,-5,7,-13,-2,-13,0,-7,-9,0,-5,3,-3,4,-1,4,0,5,1,5,0,0,8,1,8,-4,3,-9,-2,-11,-10,-7,-13,0,3,25,-4,14,5,14,14,7,16,-3,9,-14,-2,-16,-13,-9,-16,2,-9,13,3,15,14,7,14,-5,5,-13,-14,-25,-12,0,-6,9,5,10,11,0,6,-9,-5,-11,-12,-2]"
CSI_DATA,113878,d8:b1:90:d9:de:f0,-59,11,-99,-36,61,56,1699396266,100,0,228,0,"[6,15,6,17,6,17,6,16,6,14,6,12,5,10,60,-4,5,6,3,5,3,4,1,3,1,1,0,1,0,0,-1,0,-2,-1,-3,-2,-3,-4,-3,-5,-2,-6,39,3,0,-10,0,-11,2,-12,4,-13,6,-14,8,-15,0,0,12,-16,14,-16,15,-16,17,-16,17,-15,17,-15,19,0,14,-13,12,-13,10,-11,6,-10,3,-8,1,-6,-1,-5,-3,-3,-5,-2,-8,0,-9,1,-11,2,-12,4,28,9,-14,6,-15,8,-15,8,-13,8,-11,7,-10,5,-8,4,-3,-3,-3,-1,-3,-1,-5,0,-7,3,-3,9,3,10,17,15,13,-5,5,-13,-6,-13,-15,-5,-15,8,-5,17,8,15,17,4,15,-9,4,-17,-8,-14,-14,-5,-12,5,-7,1,1,8,4,5,4,3,4,1,5,0,5,-3,0,0,0,-8,-6,-7,-10,-2,-11,4,-6,10,0,13,25,-4,13,3,13,-5,7,-13,-3,-15,-13,-10,-17,1,-10,11,1,16,12,10,16,-1,8,-12,-3,-14,-13,-6,-26,11,-2,12,8,8,11,-3,2,-10,-8,-7,-11,2,-4,11]"
CSI_DATA,113879,d8:b1:90:d9:de:f0,-59,11,-99,-38,61,56,1699422582,100,0,228,0,"[6,16,6,18,5,18,4,18,4,16,4,14,3,12,64,-4,2,8,2,6,1,5,0,4,0,2,0,1,-1,0,-1,0,0,-2,0,-4,0,-5,0,-6,2,-8,41,4,7,-8,9,-8,12,-6,14,-5,16,-3,18,-1,0,0,21,3,22,5,23,7,23,9,23,10,22,11,62,0,18,10,16,9,14,7,12,5,10,2,8,0,6,-2,4,-4,2,-6,0,-8,0,-10,-1,-12,-2,-14,-29,10,-4,-16,-4,-18,-4,-17,-4,-16,-2,-14,-2,-12,-1,-10,-4,-3,-3,-2,-3,-2,-6,-1,-8,2,-6,9,1,12,13,20,15,-1,10,-11,0,-16,-12,-12,-18,0,-12,13,0,19,14,14,19,0,14,-12,2,-18,-8,-14,-13,-4,-6,-4,-5,7,-1,7,1,6,2,5,4,4,6,3,0,0,8,-4,3,-10,-2,-10,-8,-8,-12,-2,-12,5,12,23,0,14,9,12,16,4,16,-6,8,-15,-4,-16,-14,-10,-17,2,-10,13,2,16,13,10,16,-2,8,-12,-8,-30,-12,-5,-10,6,0,12,10,6,10,-6,2,-13,-9,-10]"
CSI_DATA,113880,d8:b1:90:d9:de:f0,-60,11,-99,-35,61,56,1699435087,100,0,228,0,"[8,13,9,15,9,15,9,14,9,13,8,11,7,9,58,-4,5,6,4,4,3,4,3,3,2,1,1,1,0,0,0,0,0,-1,-1,-3,-1,-3,-1,-5,0,-6,38,3,2,-9,4,-9,6,-11,8,-11,10,-11,12,-11,0,0,16,-11,18,-10,19,-10,20,-10,20,-9,20,-8,63,0,18,-7,15,-7,13,-7,10,-8,7,-7,4,-7,1,-7,-1,-6,-4,-6,-6,-5,-8,-5,-10,-4,-12,-4,21,9,-15,-3,-16,-3,-17,-2,-15,-2,-14,-1,-11,-2,-9,-1,-3,-1,-2,0,-3,-1,-5,-1,-6,3,-3,9,4,11,18,13,12,-4,5,-14,-6,-14,-14,-5,-14,7,-4,16,9,15,17,4,15,-7,4,-16,-7,-14,-14,-5,-12,4,-4,1,1,9,3,4,3,1,3,0,3,0,4,0,0,0,1,-6,-2,-7,-7,-6,-10,0,-9,6,-4,11,22,3,9,8,14,0,12,-8,4,-15,-7,-14,-14,-5,-14,6,-6,14,6,14,14,5,14,-7,4,-14,-8,-12,-28,-5,-9,10,3,12,12,3,9,-8,-1,-12,-11,-6,-12,5]"
CSI_DATA,113881,d8:b1:90:d9:de:f0,-59,11,-99,-37,61,56,1699457384,100,0,228,0,"[17,-2,18,-1,18,-1,17,-1,16,-1,14,-1,12,-1,62,-4,9,-1,7,0,5,0,4,0,2,0,1,0,0,0,0,0,-1,0,-3,0,-4,0,-5,-1,-6,-3,40,3,-7,-7,-6,-9,-5,-11,-3,-14,-2,-16,0,-18,0,0,3,-20,4,-22,6,-22,8,-23,9,-22,9,-22,-59,0,9,-18,7,-16,6,-14,3,-12,1,-10,0,-7,-3,-5,-5,-3,-6,-1,-8,0,-9,1,-11,3,-12,4,23,9,-15,7,-16,7,-16,7,-14,6,-13,5,-11,4,-9,2,-3,2,-2,2,-2,2,-2,5,0,8,7,7,11,0,21,-9,1,-14,-9,-11,-15,-1,-12,11,-1,17,11,13,18,1,14,-11,1,-18,-10,-14,-16,-3,-14,7,-5,12,-3,5,7,5,7,1,5,-1,4,-1,3,-3,3,-5,0,0,-4,-7,-9,-3,-9,1,-8,8,-1,12,5,12,22,-13,14,-1,11,-9,3,-15,-7,-14,-15,-6,-15,5,-7,14,3,16,14,8,16,-3,7,-14,-4,-14,-14,-6,-27,12,-2,13,9,9,11,-2,3,-11,-7,-9,-12,0,-7,10]"
CSI_DATA,113882,d8:b1:90:d9:de:f0,-59,11,-99,-37,61,56,1699485995,100,0,228,0,"[-3,-17,-2,-18,-2,-19,-3,-18,-3,-16,-2,-14,-2,-12,62,-4,-3,-8,-2,-7,-1,-5,0,-3,0,-1,0,-1,0,0,1,0,1,1,1,3,1,5,1,6,0,7,40,3,-2,10,-4,11,-7,11,-9,12,-11,12,-14,12,0,0,-18,11,-20,11,-22,10,-23,9,-23,9,-23,9,-74,9,-20,7,-17,7,-14,7,-11,7,-7,6,-4,6,-1,5,1,5,5,4,7,3,9,3,11,2,13,1,-22,0,16,0,18,0,17,0,16,0,14,0,12,0,10,0,2,3,3,2,3,3,5,1,8,-2,5,-9,-1,-12,-13,-18,-14,1,-9,12,3,16,14,9,17,-3,9,-15,-4,-18,-16,-9,-18,4,-10,16,3,17,12,9,14,0,8,1,1,-9,-2,-7,-3,-4,-4,-2,-5,-1,-6,1,0,0,-2,8,3,9,9,6,12,0,10,-7,4,-13,-25,-5,-12,-9,-16,0,-12,10,-3,17,9,15,16,5,15,-7,5,-16,-7,-14,-16,-5,-14,8,-3,15,9,12,29,1,7,-10,-4,-11,-11,-2,-7,9,3,11,12,3,10,-8]"
CSI_DATA,113883,d8:b1:90:d9:de:f0,-59,11,-99,-38,61,56,1699496835,100,0,228,0,"[-10,-14,-10,-15,-11,-15,-10,-14,-10,-13,-9,-12,-8,-10,64,-4,-6,-6,-5,-5,-4,-4,-2,-2,-1,-2,0,-1,0,0,2,0,2,1,3,2,4,3,4,5,4,6,41,4,2,10,0,12,0,14,-3,14,-5,16,-7,17,0,0,-11,18,-14,18,-14,19,-16,18,-16,18,-16,18,-16,9,-14,16,-12,14,-10,12,-6,11,-4,9,0,7,2,6,4,4,6,2,8,0,10,-1,11,-2,13,-4,-29,0,15,-7,16,-8,15,-8,15,-8,13,-7,11,-5,8,-4,4,2,4,1,4,0,6,0,6,-5,1,-10,-7,-10,-20,-10,-12,8,-2,15,10,13,16,2,14,-11,1,-18,-12,-14,-18,-1,-14,12,-2,18,10,14,16,2,12,-7,7,-3,-2,-10,-5,-5,-5,-2,-4,0,-6,1,-6,4,0,0,1,8,6,7,11,2,11,-5,6,-11,-1,-13,-25,6,-14,-2,-14,7,-7,15,4,16,14,9,17,-2,10,-13,-2,-17,-13,-10,-16,2,-8,13,4,15,14,7,27,-12,2,-13,-8,-8,-11,2,-2,11,8,8,12,-2,5,-12]"
CSI_DATA,113884,d8:b1:90:d9:de:f0,-59,11,-99,-39,61,56,1699522936,100,0,228,0,"[-14,11,-15,11,-15,11,-14,11,-13,11,-11,9,-9,9,66,-4,-6,6,-4,5,-3,4,-2,3,-2,1,-1,0,-1,0,0,-2,0,-2,1,-4,2,-5,3,-6,4,-6,42,4,8,-6,11,-6,13,-5,15,-4,17,-3,19,-2,0,0,22,0,24,1,24,2,26,3,25,4,25,3,-72,0,22,2,19,1,16,0,13,-1,9,-2,6,-3,2,-4,0,-4,-2,-4,-6,-4,-8,-4,-11,-4,-13,-4,27,10,-17,-2,-18,-2,-18,-2,-17,-2,-15,-2,-13,-1,-10,-1,3,-4,1,-4,0,-4,-2,-6,-7,-6,-11,0,-9,8,-8,22,11,11,16,0,11,-12,-1,-17,-14,-11,-18,3,-11,16,4,19,16,11,19,-3,10,-14,-2,-17,-11,-9,-5,-8,-8,6,-2,7,0,6,2,6,4,4,6,2,0,0,7,-6,2,-10,-5,-10,-11,-6,-13,2,-11,11,21,18,8,14,15,6,17,-5,9,-15,-3,-17,-14,-11,-17,2,-11,14,2,17,14,10,15,-3,7,-14,-6,-14,-29,-7,-10,7,1,11,10,4,7,-6,-2,-11,-11,-4,-10,7]"
CSI_DATA,113885,d8:b1:90:d9:de:f0,-59,11,-99,-37,61,56,1699550171,100,0,228,0,"[16,5,16,6,16,7,16,7,14,6,13,6,11,5,62,-4,8,3,6,2,5,2,3,1,2,1,1,1,0,0,0,0,-1,0,-1,-1,-2,-3,-2,-5,-1,-6,40,3,0,-10,1,-12,4,-12,7,-13,9,-14,12,-14,0,0,16,-12,18,-12,20,-11,22,-10,23,-8,22,-7,-81,0,20,-5,18,-5,14,-4,12,-4,9,-4,5,-5,3,-5,0,-5,-1,-5,-4,-7,-6,-7,-8,-8,-9,-8,59,9,-12,-10,-13,-11,-13,-11,-12,-11,-11,-10,-8,-9,-6,-7,-4,0,-3,0,-4,1,-5,3,-3,7,3,10,10,6,23,1,8,-12,-2,-14,-12,-9,-16,2,-11,14,1,18,14,12,18,-1,12,-14,0,-18,-11,-13,-16,-1,-12,7,-5,2,2,9,5,5,4,1,3,0,4,0,5,-1,0,0,2,-7,-2,-8,-8,-6,-11,-1,-11,6,-5,12,24,8,11,11,16,2,14,-8,6,-16,-5,-16,-14,-9,-16,3,-10,13,1,16,12,10,16,-1,9,-12,-2,-14,-24,-16,-12,4,-2,12,7,8,11,-2,4,-11,-7,-10,-12,-1]"
CSI_DATA,113886,d8:b1:90:d9:de:f0,-59,11,-99,-38,61,56,1699573834,100,0,228,0,"[-16,4,-18,3,-18,2,-18,2,-16,2,-14,2,-12,1,64,-4,-9,1,-7,1,-6,0,-4,0,-3,0,-2,0,0,0,0,0,2,0,3,0,5,0,6,2,7,3,41,4,8,7,8,10,8,12,7,14,6,16,4,18,0,0,0,22,-1,23,-2,24,-4,24,-6,24,-6,24,77,10,-6,20,-5,18,-4,15,-2,13,0,10,1,7,3,4,4,3,6,0,8,-1,9,-3,10,-4,11,-6,-35,0,14,-8,14,-9,15,-9,14,-8,13,-6,12,-5,10,-3,4,-2,4,-3,3,-4,2,-6,-2,-9,-9,-6,-12,1,-20,12,1,14,12,10,16,0,11,-12,0,-18,-14,-12,-19,0,-13,14,0,20,12,14,18,2,14,-9,4,-14,2,-7,-8,-5,-8,0,-5,2,-4,3,-2,4,-2,5,0,0,5,7,9,2,10,-2,8,-10,0,-14,-8,-12,-20,16,-15,4,-10,13,0,17,11,14,18,2,15,-9,4,-17,-8,-15,-16,-5,-14,7,-4,15,7,14,14,3,24,-16,0,-13,-9,-6,-10,4,-1,11,9,7,12,-3,4,-11]"
CSI_DATA,113887,d8:b1:90:d9:de:f0,-58,11,-99,-36,60,56,1699587932,100,0,228,0,"[19,2,20,2,20,2,19,1,18,0,16,0,14,0,67,-4,9,-1,7,-1,6,-1,4,0,2,0,1,0,0,0,-1,1,-2,2,-3,2,-4,2,-7,2,-8,1,43,4,-11,0,-12,-2,-14,-5,-14,-7,-15,-9,-16,-12,0,0,-16,-15,-17,-17,-17,-19,-17,-20,-17,-19,-17,-19,-3,9,-15,-16,-14,-13,-13,-11,-12,-7,-9,-4,-7,-1,-5,2,-4,4,-1,7,0,8,2,9,4,11,7,12,75,0,11,14,12,14,12,14,12,13,10,11,9,9,7,7,-5,1,-3,2,-3,2,-4,5,0,9,7,7,13,0,22,-10,0,-15,-12,-11,-17,1,-11,14,2,19,16,10,19,-4,10,-18,-5,-19,-17,-9,-19,4,-9,14,2,14,0,9,10,0,7,-4,4,-5,1,-4,0,-5,-2,-6,0,0,-9,0,-9,6,-4,11,4,13,11,7,15,0,-3,-28,4,-16,-7,-15,-16,-7,-17,4,-9,16,4,18,15,10,17,-3,9,-14,-4,-17,-15,-7,-15,6,-4,15,17,26,14,0,7,-11,-5,-10,-12,0,-5,11,7,12,14,1]"
CSI_DATA,113888,d8:b1:90:d9:de:f0,-59,11,-99,-39,61,56,1699608835,100,0,228,0,"[11,15,11,15,12,15,11,14,11,13,11,11,9,8,66,-4,7,5,6,4,5,2,3,2,2,2,1,1,0,1,-2,1,-2,0,-4,0,-6,0,-6,-1,-8,-2,42,4,-9,-6,-10,-8,-9,-10,-9,-13,-9,-14,-9,-17,0,0,-8,-20,-8,-22,-8,-24,-8,-24,-8,-24,-8,-24,62,10,-8,-19,-8,-17,-8,-13,-8,-10,-8,-6,-6,-2,-5,0,-4,3,-2,5,0,7,0,9,2,11,5,12,61,0,8,15,10,15,10,14,10,13,9,12,8,9,6,7,-4,-3,-4,-1,-4,0,-6,2,-6,6,0,11,9,8,23,6,9,-11,-2,-15,-13,-9,-17,3,-8,15,6,18,17,8,17,-7,6,-18,-8,-17,-17,-6,-15,6,-6,13,-4,8,8,6,8,0,6,-2,4,-4,2,-5,0,-7,0,0,-8,-4,-11,2,-8,8,0,13,8,11,14,4,6,-28,8,-14,-2,-16,-13,-11,-17,0,-13,12,-1,18,12,13,17,0,12,-12,-1,-17,-13,-10,-15,3,-7,13,13,26,12,2,7,-8,-4,-10,-11,0,-5,9,5,11,13,1]"
CSI_DATA,113889,d8:b1:90:d9:de:f0,-59,11,-99,-37,61,56,1699635962,100,0,228,0,"[-4,-16,-3,-17,-3,-17,-3,-17,-2,-15,-2,-14,-1,-12,62,-4,-1,-8,-1,-7,-1,-5,0,-4,0,-3,0,-1,0,0,1,0,1,1,1,3,0,5,0,6,-1,7,40,3,-5,9,-7,9,-10,9,-12,9,-14,8,-17,7,0,0,-21,3,-22,2,-24,1,-24,0,-25,-1,-23,-3,72,9,-20,-2,-18,-2,-15,-1,-12,0,-9,0,-6,1,-3,3,-1,4,1,5,3,5,5,7,7,8,9,9,-68,0,11,11,12,11,12,12,11,11,9,11,7,10,5,8,1,3,3,3,4,3,7,1,8,-3,5,-9,-2,-12,-12,-18,-14,1,-9,12,1,16,12,9,16,-2,11,-14,-1,-18,-14,-12,-19,1,-12,13,0,18,10,12,14,2,7,3,4,-9,0,-8,-3,-5,-3,-3,-4,-2,-6,-1,0,0,-5,7,-1,9,5,10,11,5,14,-1,10,-9,-19,-18,-7,-14,-14,-7,-16,3,-11,14,0,17,12,12,17,1,12,-9,2,-16,-9,-12,-15,-1,-11,9,0,14,20,19,12,-1,4,-9,-5,-8,-9,1,-4,9,6,9,11,0]"
CSI_DATA,113890,d8:b1:90:d9:de:f0,-59,11,-99,-36,61,56,1699660100,100,0,228,0,"[14,7,15,8,15,8,15,8,13,8,13,6,11,5,60,-4,8,3,7,1,5,1,3,1,3,0,1,0,1,0,0,0,-1,0,-1,-2,-2,-2,-3,-4,-3,-6,39,3,-2,-10,-1,-11,0,-13,1,-14,3,-15,5,-17,0,0,8,-18,11,-18,12,-19,13,-18,15,-19,14,-18,0,0,12,-15,10,-15,8,-13,6,-11,3,-10,0,-7,-1,-6,-3,-5,-6,-3,-8,-2,-10,0,-11,0,-13,1,21,9,-15,3,-16,4,-17,4,-15,3,-13,3,-11,1,-10,1,-3,0,-3,0,-3,0,-5,2,-3,7,1,10,9,6,22,2,8,-11,-2,-14,-13,-8,-15,3,-9,14,4,17,15,9,18,-4,10,-15,-3,-17,-14,-10,-15,1,-9,10,-3,4,6,7,6,1,4,0,3,-1,3,-1,3,-3,0,0,0,-6,-5,-6,-10,-1,-10,4,-6,10,1,13,23,-6,14,2,13,-7,6,-15,-4,-15,-14,-9,-17,2,-10,13,1,16,12,10,15,-1,9,-12,-3,-15,-12,-6,-27,8,-3,12,7,9,11,-1,4,-11,-6,-10,-13,0,-8,10]"
CSI_DATA,113891,d8:b1:90:d9:de:f0,-59,11,-99,-37,61,56,1699685577,100,0,228,0,"[-15,-8,-16,-8,-16,-9,-16,-8,-14,-7,-14,-5,-12,-3,62,-4,-9,-1,-7,0,-5,0,-4,0,-3,0,-1,0,0,0,1,0,2,0,3,0,4,0,6,1,7,1,40,3,9,5,9,7,9,9,9,11,9,13,8,15,0,0,8,19,7,21,7,22,7,23,7,23,7,22,60,0,7,20,7,17,7,14,7,11,7,7,6,3,5,1,5,-2,4,-5,3,-7,1,-9,0,-11,0,-13,3,0,-3,-16,-3,-16,-4,-16,-3,-15,-3,-14,-3,-11,-2,-9,4,0,3,0,3,0,5,-2,3,-7,-3,-9,-11,-5,-23,1,-5,12,6,14,15,5,14,-7,4,-17,-9,-15,-18,-3,-15,11,-2,18,11,14,17,2,12,-9,3,-13,2,-7,-9,-3,-7,1,-3,3,-2,3,-1,4,0,5,0,0,7,3,9,-1,7,-7,1,-11,-5,-11,-12,-5,-7,24,-9,12,0,15,10,12,16,3,14,-9,3,-16,-8,-14,-16,-4,-14,9,-2,16,9,12,15,0,10,-11,-3,-29,-11,-5,-10,6,0,11,10,5,9,-6,0,-12,-11,-7]"
CSI_DATA,113892,d8:b1:90:d9:de:f0,-58,11,-99,-36,60,56,1699705734,100,0,228,0,"[-3,19,-4,19,-4,19,-3,19,-2,18,-2,16,-1,14,67,-4,0,9,0,8,0,6,0,4,0,2,0,1,-1,0,-1,-1,-1,-2,0,-4,0,-6,1,-7,2,-7,43,4,6,-9,9,-9,12,-9,14,-7,16,-7,18,-5,0,0,23,-2,24,-1,25,0,26,0,26,2,26,2,-83,0,23,2,20,1,17,1,14,0,11,-2,7,-3,4,-4,1,-4,-1,-6,-4,-6,-7,-7,-9,-8,-12,-8,61,10,-14,-8,-16,-9,-16,-9,-16,-8,-14,-7,-12,-7,-9,-5,-1,-4,-2,-3,-2,-3,-4,-3,-9,0,-8,5,-2,12,6,24,15,3,14,-9,3,-16,-10,-14,-19,-2,-15,11,-2,20,12,16,19,2,16,-12,3,-18,-9,-15,-14,-4,-8,-3,-5,9,0,8,2,5,3,4,4,4,7,2,0,0,6,-7,2,-10,-6,-10,-12,-7,-14,2,-11,11,22,19,7,14,15,7,17,-4,11,-14,-1,-18,-13,-12,-18,0,-14,12,0,17,12,13,16,0,10,-12,-2,-16,-26,-16,-12,4,-2,12,9,7,10,-4,1,-12,-9,-9,-12,2]"
CSI_DATA,113893,d8:b1:90:d9:de:f0,-59,11,-99,-39,61,56,1699735176,100,0,228,0,"[-6,17,-6,19,-7,18,-6,17,-5,17,-4,15,-4,13,66,-4,-2,9,-1,7,-1,6,0,4,0,2,0,1,-1,0,-1,-1,-1,-3,0,-4,0,-6,1,-7,2,-8,42,4,6,-9,8,-9,11,-8,13,-8,15,-7,17,-6,0,0,22,-3,24,-2,25,0,26,0,25,0,25,1,85,0,22,1,19,0,17,0,13,-1,10,-2,6,-3,4,-4,0,-4,-2,-5,-5,-5,-7,-5,-10,-6,-12,-6,52,10,-16,-6,-17,-6,-17,-5,-16,-6,-14,-4,-12,-4,-9,-4,0,-5,-1,-4,-2,-4,-4,-4,-8,-2,-9,4,-4,11,3,24,14,5,14,-6,5,-15,-8,-15,-17,-4,-16,9,-4,19,11,17,19,4,17,-10,4,-18,-8,-15,-14,-6,-8,-5,-6,8,0,8,2,6,3,4,4,4,6,2,0,0,6,-8,0,-11,-6,-10,-12,-5,-13,3,-9,11,22,17,8,13,15,5,17,-6,8,-15,-2,-17,-14,-11,-17,2,-11,13,1,17,13,11,16,-2,8,-13,-3,-15,-27,-11,-11,6,0,11,8,6,8,-4,0,-11,-10,-6,-11,4]"
CSI_DATA,113894,d8:b1:90:d9:de:f0,-59,11,-99,-37,61,56,1699766069,100,0,228,0,"[0,-18,0,-18,1,-19,1,-18,0,-17,0,-15,0,-12,62,-4,0,-8,0,-7,0,-5,0,-3,0,-2,0,-1,1,0,1,1,0,3,0,4,0,6,-1,7,-2,8,40,3,-7,8,-9,8,-11,7,-13,5,-16,4,-18,1,0,0,-21,-1,-22,-4,-23,-5,-23,-7,-23,-9,-22,-9,-59,9,-20,-9,-17,-7,-14,-5,-12,-4,-10,-1,-7,0,-4,2,-3,3,0,5,1,7,3,9,5,10,7,11,56,0,9,14,9,14,10,14,9,14,7,13,5,11,4,9,1,4,2,2,2,2,4,2,7,0,7,-6,2,-11,-7,-22,-14,-2,-12,9,-3,16,9,13,16,3,14,-11,3,-18,-11,-15,-18,-3,-16,10,-5,18,7,14,13,6,7,5,6,-7,1,-7,0,-5,-1,-4,-3,-4,-6,-3,0,0,-7,5,-3,10,3,11,10,8,12,0,11,-7,-15,-23,-3,-14,-11,-10,-15,0,-14,9,-5,16,7,16,15,7,16,-5,7,-14,-5,-15,-14,-6,-14,5,-5,13,15,25,12,1,7,-8,-2,-10,-9,-1,-7,8,3,11,11,4]"
CSI_DATA,113895,d8:b1:90:d9:de:f0,-59,11,-99,-35,60,56,1699780688,100,0,228,0,"[-19,1,-20,1,-20,1,-19,2,-17,2,-15,2,-13,2,66,-4,-8,3,-7,2,-5,2,-4,2,-2,1,-1,0,0,-1,0,-1,2,-2,3,-3,5,-4,6,-3,8,-3,42,4,11,0,12,0,14,2,15,5,15,7,16,9,0,0,17,15,17,16,17,18,17,19,17,19,17,19,-21,0,15,17,13,14,12,11,11,8,9,4,7,1,5,0,4,-3,2,-6,0,-8,-2,-9,-4,-11,-6,-12,-59,10,-10,-15,-11,-15,-11,-15,-11,-13,-9,-12,-8,-10,-6,-8,4,-2,2,-2,2,-2,2,-5,-1,-8,-8,-6,-12,0,-20,13,2,15,13,9,17,-3,9,-15,-4,-18,-17,-8,-19,6,-8,19,8,19,18,8,17,-6,7,-15,-4,-15,0,-9,-10,0,-6,4,-3,4,-2,5,0,6,3,6,0,0,10,0,8,-6,2,-11,-5,-12,-12,-7,-15,2,4,28,-2,16,7,15,15,6,17,-4,10,-15,-2,-17,-14,-11,-17,2,-11,14,3,17,15,8,15,-4,6,-15,-15,-26,-13,-2,-8,8,4,11,11,1,6,-9,-4,-11,-12,-2]"
CSI_DATA,113896,d8:b1:90:d9:de:f0,-59,11,-99,-37,61,56,1699797867,100,0,228,0,"[-16,5,-18,5,-18,5,-18,5,-16,4,-14,5,-12,4,62,-4,-8,3,-6,3,-5,1,-3,1,-2,0,-1,0,0,0,1,-1,2,-2,3,-2,5,-3,7,-2,8,-1,40,3,11,1,11,3,12,5,12,7,12,10,12,12,0,0,11,18,10,19,10,22,9,22,9,23,7,23,54,0,7,20,6,18,6,14,6,11,5,8,5,4,5,2,4,0,4,-3,3,-6,3,-9,1,-11,1,-13,35,0,0,-16,0,-18,0,-17,0,-17,0,-15,0,-12,0,-9,3,-3,1,-2,1,-3,1,-5,-2,-7,-8,-5,-12,2,-17,14,2,14,12,8,16,-3,8,-14,-5,-16,-16,-8,-17,5,-8,17,5,18,16,9,17,-5,9,-13,-1,-14,0,-9,-9,-1,-6,2,-3,4,-2,4,-1,5,1,7,0,0,9,1,10,-3,6,-10,0,-12,-8,-11,-12,-3,-5,26,-8,12,0,15,10,12,16,2,14,-8,5,-16,-7,-15,-15,-6,-15,6,-5,14,7,14,14,4,12,-7,3,-29,-9,-9,-11,1,-3,10,7,7,10,-3,3,-11,-7,-9]"
CSI_DATA,113897,d8:b1:90:d9:de:f0,-59,9,-99,-40,61,56,1699811106,98,0,106,0,"[-70,10,29,0,-72,10,3,0,-66,10,-44,0,-55,10,88,0,-36,10,48,0,-16,10,21,0,7,0,2,0,24,0,-24,10,35,0,-56,10,30,0,89,10,2,0,58,10,-45,10,31,10,84,10,14,10,0,0,0,0,-16,9,12,10,-50,9,12,10,-56,9,21,10,-25,9,38,10,32,10,58,10,-70,10,87,10,0,0,-65,10,60,0,-38,10,-68,0,-6,10,-21,0,29,0,9,0,54,0,19,0,63,0,-12,0]"
CSI_DATA,113898,d8:b1:90:d9:de:f0,-59,11,-99,-34,60,56,1699824204,100,0,228,0,"[-13,-13,-13,-14,-14,-13,-14,-12,-13,-11,-12,-9,-10,-8,64,-4,-8,-4,-6,-3,-5,-2,-4,-2,-2,-1,0,0,0,0,2,0,3,0,4,1,5,2,6,3,6,4,41,4,6,8,6,10,5,12,4,14,2,16,1,18,0,0,-2,21,-3,23,-4,24,-5,25,-6,24,-6,24,-53,10,-4,21,-3,19,-2,16,0,14,2,10,3,7,4,4,5,1,6,-2,6,-4,6,-6,6,-9,7,-11,75,0,6,-16,6,-16,6,-17,6,-16,5,-14,4,-12,3,-9,4,2,3,0,4,0,6,-1,6,-6,0,-10,-8,-8,-24,-6,-10,10,1,16,13,10,17,-2,10,-15,-4,-18,-16,-10,-18,5,-9,17,5,18,16,9,16,-3,8,-12,6,-6,-6,-7,-7,-2,-6,0,-4,1,-4,3,-3,6,0,0,5,8,10,3,10,-4,7,-10,0,-14,-9,-10,-20,20,-14,6,-8,14,2,16,12,11,17,0,12,-12,0,-17,-12,-13,-17,0,-12,12,1,16,12,10,15,-3,14,-26,-6,-12,-12,-1,-6,9,5,10,11,0,7,-10,-4,-12]"
CSI_DATA,113899,d8:b1:90:d9:de:f0,-59,11,-99,-39,61,56,1699841174,100,0,228,0,"[-11,14,-12,15,-12,15,-11,14,-10,13,-8,12,-7,11,66,-4,-4,8,-3,6,-2,5,-2,3,-1,2,0,1,0,0,0,-1,0,-2,2,-3,2,-4,4,-5,5,-4,42,4,9,-4,11,-3,13,-2,15,0,17,2,18,3,0,0,20,8,22,9,22,11,22,12,22,13,21,13,18,0,19,11,17,9,15,8,13,4,10,2,8,0,6,-2,3,-4,1,-6,0,-8,-2,-9,-4,-11,-6,-12,-37,10,-9,-14,-11,-15,-11,-15,-9,-14,-8,-13,-6,-11,-4,-8,1,-4,0,-3,0,-4,-2,-6,-7,-5,-11,0,-9,10,-5,23,11,10,16,-1,11,-13,-2,-17,-14,-11,-18,3,-11,16,4,19,16,11,19,-3,11,-15,-2,-17,-11,-9,-4,-6,-8,6,-3,6,0,5,1,4,2,4,4,4,0,0,8,-2,6,-8,0,-11,-6,-10,-13,-4,-13,4,11,25,0,16,10,13,17,4,15,-8,6,-17,-6,-16,-15,-7,-17,5,-7,15,6,16,15,6,15,-6,4,-15,-15,-25,-13,0,-7,9,4,10,11,1,6,-8,-4,-11,-12,-3]"
CSI_DATA,113900,d8:b1:90:d9:de:f0,-59,11,-99,-35,60,56,1699862820,100,0,228,0,"[-18,4,-19,4,-19,4,-18,4,-17,4,-15,4,-13,4,66,-4,-8,4,-6,3,-5,2,-4,2,-2,1,0,0,0,0,1,0,2,-1,3,-2,5,-2,6,-1,8,0,42,4,10,2,11,4,12,6,12,9,13,11,12,14,0,0,12,18,11,21,11,22,10,24,9,24,9,24,71,0,8,21,8,18,8,15,7,12,7,8,6,4,6,1,6,-1,5,-4,4,-7,4,-9,3,-12,1,-14,38,0,0,-17,0,-18,0,-18,0,-17,0,-16,0,-13,0,-10,4,-2,2,-2,3,-2,2,-5,-1,-8,-8,-6,-12,2,-19,15,2,15,13,9,16,-3,9,-15,-4,-17,-16,-9,-18,6,-9,17,6,19,17,8,17,-5,8,-14,-2,-14,-1,-7,-9,0,-6,3,-3,3,-1,3,-1,4,0,6,0,0,8,2,10,-3,7,-8,0,-13,-7,-11,-13,-4,-5,28,-8,12,0,16,11,12,17,3,15,-8,5,-17,-7,-16,-17,-6,-15,7,-5,17,8,15,16,3,13,-9,1,-30,-11,-8,-12,4,-2,12,8,8,11,-4,3,-13,-8,-11]"
CSI_DATA,113901,d8:b1:90:d9:de:f0,-59,11,-99,-39,61,56,1699877439,100,0,228,0,"[17,-3,19,-3,19,-2,18,-2,17,-2,15,-2,13,-2,66,-4,8,-1,6,-1,5,-1,4,0,2,0,1,0,0,0,-1,0,-2,1,-4,0,-4,0,-6,0,-7,-2,42,4,-8,-7,-7,-9,-6,-11,-5,-14,-4,-16,-2,-18,0,0,1,-21,2,-23,4,-24,6,-24,7,-24,8,-24,-77,0,7,-21,6,-19,4,-16,3,-14,0,-11,-1,-8,-3,-6,-5,-3,-7,-1,-8,0,-10,2,-11,4,-13,6,31,10,-15,8,-15,9,-16,9,-15,8,-13,7,-12,5,-9,4,-3,2,-2,2,-2,2,-3,5,0,8,8,7,13,0,21,-11,0,-15,-11,-12,-17,0,-13,12,0,18,13,13,19,0,14,-13,0,-19,-12,-15,-18,-2,-13,9,-3,14,-2,6,8,4,6,0,5,-2,3,-2,4,-3,2,-6,0,0,-5,-7,-10,-3,-11,3,-7,9,0,13,6,12,22,-17,15,-3,11,-12,1,-17,-9,-14,-17,-4,-16,7,-6,17,5,16,15,8,16,-6,7,-15,-6,-15,-15,-4,-27,15,-2,14,9,8,11,-3,2,-12,-8,-8,-13,2,-6,11]"
CSI_DATA,113902,d8:b1:90:d9:de:f0,-59,11,-99,-38,61,56,1699895581,100,0,228,0,"[0,-18,1,-18,1,-19,1,-18,0,-17,0,-14,0,-13,64,-4,0,-9,0,-6,0,-5,0,-4,0,-2,0,-1,0,0,0,2,1,2,0,4,0,6,0,6,-2,7,41,4,-6,9,-8,8,-10,8,-12,8,-15,7,-17,6,0,0,-21,3,-23,2,-23,1,-26,0,-24,0,-24,-1,76,9,-22,-2,-19,-1,-16,0,-13,1,-10,2,-6,3,-4,4,0,5,2,6,4,6,6,7,8,8,11,8,-40,0,14,8,16,8,16,8,15,8,13,7,10,6,8,5,1,4,2,3,2,4,5,4,8,0,8,-6,2,-12,-8,-22,-14,-2,-12,9,-2,16,11,12,18,0,13,-12,0,-18,-13,-14,-18,0,-14,12,-2,17,10,13,14,3,7,3,4,-8,0,-8,-2,-5,-3,-4,-4,-3,-6,0,0,0,-6,7,0,10,6,9,11,5,12,-2,9,-10,-21,-16,-7,-13,-14,-6,-16,4,-10,14,2,17,13,11,17,0,12,-12,0,-16,-12,-12,-16,0,-10,12,2,15,24,15,12,-4,2,-11,-8,-7,-10,4,-2,11,9,8,12,-2]"
CSI_DATA,113903,d8:b1:90:d9:de:f0,-59,11,-99,-38,61,56,1699907242,100,0,228,0,"[-14,9,-16,10,-16,9,-16,9,-14,8,-12,8,-11,6,64,-4,-7,5,-6,4,-4,4,-3,2,-2,2,-1,1,0,0,0,0,1,-1,3,-1,4,-1,6,0,6,0,41,4,9,4,10,6,10,8,10,11,9,13,9,16,0,0,6,20,6,22,5,23,3,24,2,25,2,24,-7,10,1,21,1,19,2,16,2,13,4,10,4,7,5,4,6,1,7,-1,7,-3,8,-6,8,-8,9,-10,-56,0,10,-13,10,-14,11,-14,11,-12,10,-11,9,-9,7,-6,2,-3,1,-2,2,-3,0,-6,-4,-7,-10,-4,-12,4,-15,18,5,14,14,6,15,-5,6,-15,-6,-16,-16,-7,-17,6,-8,17,6,18,16,8,17,-4,8,-14,-2,-14,0,-6,-10,0,-6,3,-2,4,-2,3,-1,4,0,5,0,0,6,4,9,0,8,-6,4,-10,-4,-12,-11,-8,-13,22,-12,8,-4,14,5,16,14,9,17,-2,12,-13,0,-17,-12,-12,-17,0,-12,11,0,16,12,11,16,-1,18,-24,-4,-13,-12,-4,-9,8,2,12,11,4,11,-7,1,-13]"
CSI_DATA,113904,d8:b1:90:d9:de:f0,-59,11,-99,-35,60,56,1699929413,100,0,228,0,"[17,4,19,4,19,5,17,6,16,5,14,4,13,4,66,-4,8,2,7,2,5,2,4,0,2,0,0,0,0,0,-1,0,-2,0,-4,-2,-4,-2,-4,-4,-4,-6,42,4,-2,-10,-1,-13,0,-14,2,-15,6,-16,8,-17,0,0,13,-17,17,-17,17,-16,21,-15,21,-14,21,-14,41,0,19,-11,17,-10,15,-8,11,-8,8,-7,4,-6,2,-6,-1,-6,-4,-5,-6,-5,-8,-4,-11,-4,-13,-4,27,10,-17,-4,-17,-5,-17,-5,-17,-6,-15,-6,-12,-5,-9,-4,-4,0,-3,1,-4,1,-4,4,-2,8,4,10,11,5,24,0,7,-13,-4,-15,-14,-8,-17,4,-8,16,5,17,16,9,19,-4,11,-16,-3,-19,-14,-11,-17,0,-11,10,-6,3,4,8,6,4,5,1,4,0,4,0,4,-3,0,0,0,-9,-6,-8,-10,-4,-12,3,-8,9,-2,14,28,1,13,7,16,-2,12,-12,2,-17,-9,-15,-17,-4,-16,6,-6,17,6,16,16,6,15,-6,6,-15,-6,-14,-29,-9,-11,8,0,13,10,6,10,-6,0,-12,-10,-7,-13,3]"
CSI_DATA,113905,d8:b1:90:d9:de:f0,-59,11,-99,-36,61,56,1699951823,100,0,228,0,"[-13,10,-14,10,-14,10,-13,10,-12,10,-10,8,-9,8,60,-4,-5,6,-4,5,-3,4,-2,3,-1,2,-1,0,0,0,0,0,0,-1,1,-2,2,-3,4,-4,6,-3,39,3,10,-3,11,-3,13,-1,15,0,16,1,17,3,0,0,19,6,20,8,21,9,22,10,21,10,21,10,51,0,18,8,17,7,15,5,12,3,10,1,7,-1,5,-3,2,-5,0,-6,-1,-6,-4,-8,-6,-9,-8,-10,-77,9,-11,-11,-12,-11,-13,-11,-11,-10,-10,-10,-9,-8,-6,-6,2,-3,1,-3,1,-4,-1,-6,-6,-6,-10,-1,-9,7,-8,20,9,11,15,1,11,-10,0,-16,-12,-11,-17,0,-11,13,1,18,13,11,18,-1,11,-12,0,-15,-9,-10,-4,-5,-8,4,-3,6,0,5,1,4,1,4,3,3,0,0,7,-2,5,-7,0,-10,-6,-9,-12,-3,-13,5,12,22,1,15,11,11,17,1,13,-9,3,-16,-8,-14,-16,-5,-14,7,-5,15,8,13,15,3,12,-8,1,-14,-20,-20,-12,1,-5,10,6,8,10,-1,3,-10,-6,-10,-11,0]"
CSI_DATA,113906,d8:b1:90:d9:de:f0,-59,11,-99,-38,61,56,1699971050,100,0,228,0,"[14,-11,15,-11,14,-11,14,-11,12,-10,11,-10,9,-8,64,-4,6,-6,4,-5,4,-4,2,-2,2,-2,1,-1,0,0,0,1,0,2,-2,4,-3,4,-4,4,-6,4,41,4,-10,4,-12,2,-14,0,-15,0,-16,-2,-17,-5,0,0,-19,-8,-20,-10,-20,-12,-20,-14,-20,-14,-20,-14,-30,9,-17,-12,-16,-10,-14,-8,-12,-6,-10,-3,-8,0,-5,2,-4,4,-1,6,0,8,2,9,4,11,6,12,61,0,10,13,10,14,10,14,10,13,9,12,7,10,6,8,-2,4,0,3,0,4,1,6,6,6,10,1,9,-7,10,-21,-9,-11,-15,-1,-12,10,0,17,12,12,18,0,13,-13,0,-19,-14,-13,-18,0,-13,12,0,16,8,12,3,7,9,-4,4,-6,1,-5,0,-4,-2,-5,-4,-4,0,0,-9,2,-6,8,0,11,6,10,12,4,13,-4,-10,-26,0,-15,-9,-12,-16,-4,-15,7,-6,16,5,16,15,8,16,-4,8,-14,-5,-16,-15,-6,-14,6,-4,15,16,25,13,1,7,-9,-4,-10,-10,-1,-6,9,4,11,12,3]"
CSI_DATA,113907,d8:b1:90:d9:de:f0,-59,11,-99,-38,61,56,1699993318,100,0,228,0,"[1,17,0,18,0,18,0,17,0,16,0,14,0,12,64,-4,0,8,1,7,0,5,0,4,0,3,0,2,0,0,0,0,0,-2,0,-4,0,-4,0,-6,2,-7,41,4,6,-9,8,-9,10,-9,12,-9,15,-8,17,-8,0,0,21,-5,23,-4,24,-2,25,-1,25,0,25,0,-72,0,21,0,19,0,16,0,13,-1,10,-2,6,-3,4,-4,1,-4,-1,-6,-4,-6,-6,-7,-8,-7,-10,-8,66,10,-14,-9,-14,-9,-15,-10,-14,-9,-12,-8,-10,-8,-8,-7,-1,-4,-2,-4,-3,-4,-6,-2,-8,2,-7,8,0,12,10,20,14,0,11,-11,0,-16,-12,-12,-18,0,-12,14,1,18,14,13,19,0,12,-13,0,-18,-10,-12,-14,-2,-6,-2,-4,9,1,8,3,4,3,3,4,2,6,0,0,0,6,-6,0,-10,-6,-9,-11,-5,-13,2,-9,11,22,16,8,14,16,6,16,-6,9,-15,-3,-18,-14,-10,-17,1,-11,12,0,16,12,11,16,0,9,-12,-2,-14,-24,-15,-12,4,-2,11,8,7,10,-3,2,-10,-8,-8,-12,2]"
CSI_DATA,113908,d8:b1:90:d9:de:f0,-59,11,-99,-38,61,56,1700013036,100,0,228,0,"[-14,-10,-14,-11,-14,-12,-14,-11,-12,-11,-11,-9,-10,-8,64,-4,-6,-5,-6,-4,-4,-3,-3,-2,-2,-2,0,-1,0,0,1,0,2,1,3,2,4,4,4,5,3,6,41,4,1,10,0,12,-3,13,-6,14,-8,14,-10,14,0,0,-16,14,-18,13,-20,12,-22,11,-22,10,-22,9,-66,9,-20,8,-18,6,-15,6,-11,6,-8,5,-5,5,-2,5,0,5,3,4,6,5,7,5,10,5,12,5,-39,0,16,5,17,5,16,6,16,6,14,6,11,5,8,4,4,1,4,0,4,0,6,-2,4,-7,0,-10,-8,-8,-22,-7,-10,10,0,15,10,12,16,0,12,-12,0,-18,-12,-14,-19,-1,-14,12,-2,18,10,14,16,4,12,-6,8,-2,-1,-10,-4,-6,-4,-2,-4,-1,-5,0,-6,2,0,0,-1,9,4,9,10,5,12,0,10,-8,4,-13,-26,-5,-12,-9,-16,0,-12,10,-3,16,8,15,16,6,16,-6,7,-15,-4,-16,-14,-8,-14,4,-6,14,5,14,27,10,10,-7,0,-12,-9,-6,-9,4,0,11,9,7,12,-2]"
CSI_DATA,113909,d8:b1:90:d9:de:f0,-59,11,-99,-38,61,56,1700039681,100,0,228,0,"[-16,-8,-16,-10,-16,-10,-16,-9,-15,-8,-13,-7,-12,-6,64,-4,-8,-4,-6,-2,-5,-2,-3,-1,-2,-1,0,0,0,0,2,0,3,0,4,2,5,2,5,4,5,6,41,4,4,9,2,11,0,13,-1,14,-3,16,-6,17,0,0,-11,18,-12,19,-14,19,-16,19,-17,18,-17,18,-14,9,-15,15,-13,14,-11,12,-8,11,-4,10,-2,8,0,6,4,5,6,3,8,2,10,0,12,0,14,-2,-18,0,16,-4,17,-4,18,-4,17,-4,14,-3,12,-2,10,-2,4,0,3,0,3,0,5,-2,4,-7,-1,-10,-10,-7,-24,-3,-9,11,2,16,13,10,17,-2,10,-14,-3,-18,-15,-10,-19,3,-10,16,2,19,14,11,16,0,10,-9,6,-4,-4,-8,-6,-4,-5,-1,-4,0,-5,1,-5,4,0,0,2,9,8,7,11,0,10,-5,6,-12,-2,-13,-26,6,-14,-2,-14,6,-8,14,2,16,13,10,17,0,12,-12,0,-17,-12,-12,-17,0,-11,12,1,16,12,10,30,-5,6,-12,-6,-11,-12,0,-6,10,5,10,13,1,9,-9]"
CSI_DATA,113910,d8:b1:90:d9:de:f0,-59,11,-99,-35,60,56,1700053384,100,0,228,0,"[-18,1,-19,0,-20,0,-19,0,-17,0,-15,0,-13,1,66,-4,-9,1,-7,1,-6,0,-4,0,-2,0,-1,0,0,0,1,0,2,0,4,0,4,0,6,2,6,2,42,4,7,7,7,10,6,12,5,14,4,17,2,19,0,0,0,22,-2,24,-3,24,-5,26,-6,24,-6,24,46,10,-6,22,-4,19,-3,17,-1,14,0,11,2,8,4,5,6,3,7,0,8,-2,10,-3,11,-5,12,-7,-27,0,14,-11,14,-11,14,-11,14,-11,12,-9,11,-8,8,-6,4,-2,2,-2,3,-2,3,-4,0,-8,-6,-8,-12,-1,-22,9,-2,15,10,13,17,2,14,-11,1,-19,-12,-13,-19,-1,-15,13,-1,19,12,15,18,2,14,-9,4,-13,3,-6,-8,-5,-7,0,-4,1,-4,2,-3,3,-2,6,0,0,5,6,10,2,11,-4,6,-10,0,-13,-7,-11,-20,18,-14,3,-10,12,0,17,10,13,17,4,15,-8,5,-17,-7,-16,-16,-5,-15,7,-5,16,8,14,16,3,25,-19,0,-15,-11,-8,-11,5,-1,12,10,8,13,-4,4,-13]"
CSI_DATA,113911,d8:b1:90:d9:de:f0,-59,11,-99,-37,61,56,1700080563,100,0,228,0,"[-13,-10,-14,-11,-13,-12,-13,-11,-11,-11,-11,-9,-9,-7,62,-4,-6,-5,-5,-4,-4,-3,-3,-3,-2,-1,-1,-1,0,0,0,0,1,1,1,2,2,3,2,5,1,7,40,3,0,11,-2,12,-3,13,-6,14,-8,15,-11,15,0,0,-16,14,-17,14,-19,14,-20,12,-21,12,-21,11,-70,9,-18,10,-16,9,-12,8,-9,8,-7,7,-3,6,-1,6,1,5,4,5,6,5,9,4,11,4,12,3,-35,0,15,3,16,3,16,3,16,3,14,3,11,3,9,3,3,1,3,1,4,0,6,-1,5,-7,0,-11,-9,-9,-22,-7,-10,9,0,15,11,11,16,0,12,-12,0,-18,-12,-13,-18,0,-14,12,-1,18,11,14,16,3,12,-7,5,-2,-2,-9,-5,-5,-4,-1,-3,0,-3,0,-4,1,0,0,-1,8,3,8,9,5,11,0,10,-7,4,-12,-24,-3,-12,-9,-16,1,-12,11,-1,16,9,14,17,4,15,-8,5,-16,-7,-14,-15,-4,-14,7,-3,14,8,12,28,5,9,-9,-2,-12,-11,-4,-8,7,1,12,11,5,11,-5]"
CSI_DATA,113912,d8:b1:90:d9:de:f0,-59,11,-99,-38,61,56,1700112797,100,0,228,0,"[-8,15,-8,16,-9,15,-9,14,-8,14,-7,12,-6,10,64,-4,-4,8,-3,6,-2,5,-2,4,-2,2,-2,0,-1,0,-1,-1,0,-2,1,-3,2,-4,4,-4,5,-5,41,4,10,-4,12,-3,14,-1,16,0,17,2,18,4,0,0,20,9,20,11,20,12,20,14,20,15,19,15,35,0,16,14,14,11,12,9,10,7,8,4,7,1,5,-1,4,-4,2,-5,1,-8,0,-9,-2,-11,-3,-12,-28,10,-5,-15,-5,-16,-5,-16,-4,-15,-3,-14,-2,-12,-1,-9,0,-4,0,-4,0,-5,-4,-5,-8,-3,-10,3,-6,10,-2,22,12,7,15,-3,9,-14,-4,-16,-14,-8,-17,4,-10,16,4,18,15,10,18,-2,11,-13,0,-16,-9,-10,-3,-7,-8,4,-4,6,0,6,0,5,2,5,4,4,0,0,8,-2,6,-8,1,-10,-6,-11,-11,-6,-14,2,7,25,-2,16,7,14,16,6,16,-4,10,-15,-2,-17,-13,-10,-17,1,-10,12,2,16,12,9,14,-2,8,-12,-9,-27,-12,-4,-9,6,1,10,10,4,9,-6,0,-12,-10,-7]"
CSI_DATA,113913,d8:b1:90:d9:de:f0,-59,11,-99,-37,61,56,1700129676,100,0,228,0,"[3,-16,4,-17,3,-17,3,-16,3,-16,1,-14,1,-12,62,-4,0,-9,0,-7,0,-5,0,-4,0,-3,0,-1,1,0,1,0,1,1,1,3,1,3,1,6,0,7,40,3,-1,11,-2,12,-4,14,-6,14,-8,15,-10,16,0,0,-13,18,-14,18,-16,18,-16,18,-16,18,-16,18,-33,9,-12,16,-11,14,-8,13,-5,11,-2,8,0,7,1,5,4,1,6,0,7,-1,8,-4,9,-5,10,-8,-46,0,11,-11,11,-12,11,-12,9,-12,8,-11,7,-9,6,-7,0,5,1,4,3,5,5,3,9,0,7,-7,0,-12,-8,-20,-14,0,-11,11,0,16,12,10,17,-1,10,-14,-3,-18,-16,-10,-18,4,-9,15,3,16,13,9,14,-1,8,0,0,-10,-3,-7,-5,-3,-5,-1,-5,0,-5,2,0,0,0,9,5,8,11,2,11,-3,7,-12,-1,-14,-25,5,-16,-1,-14,9,-5,16,7,16,16,6,16,-7,6,-16,-6,-15,-15,-5,-14,7,-3,14,9,12,14,0,20,-20,-3,-11,-11,-3,-7,7,2,9,10,2,8,-8,-1,-11]"
CSI_DATA,113914,d8:b1:90:d9:de:f0,-58,11,-99,-35,60,56,1700150382,100,0,228,0,"[14,11,15,13,15,13,15,12,13,11,12,9,11,8,66,-4,7,4,6,4,5,2,4,2,2,2,0,1,0,0,-1,0,-2,0,-3,-2,-4,-2,-4,-4,-4,-6,42,4,-3,-11,-2,-12,0,-14,1,-16,3,-17,5,-19,0,0,9,-21,12,-21,13,-21,15,-21,15,-21,15,-20,30,0,13,-17,11,-16,8,-14,6,-12,3,-10,0,-8,-2,-6,-4,-4,-6,-2,-8,0,-11,1,-13,3,-13,4,15,10,-15,7,-16,8,-16,8,-15,8,-13,6,-11,5,-8,4,-4,0,-3,0,-4,0,-5,2,-5,6,0,11,8,8,24,6,10,-11,0,-15,-12,-11,-17,1,-11,14,2,18,15,12,19,-2,12,-15,-1,-19,-14,-12,-17,0,-11,10,-6,4,4,9,6,4,6,1,4,0,5,-2,4,-4,0,0,-2,-9,-7,-6,-11,-1,-11,6,-6,12,2,14,26,-8,15,2,15,-8,6,-16,-6,-17,-16,-9,-18,3,-11,15,2,18,15,10,17,-3,8,-15,-4,-15,-15,-6,-28,13,-2,14,9,8,12,-3,2,-12,-9,-9,-13,3,-6,13]"
CSI_DATA,113915,d8:b1:90:d9:de:f0,-59,11,-99,-35,60,56,1700161311,100,0,228,0,"[4,17,4,18,4,18,4,17,4,16,4,14,3,13,66,-4,3,8,3,7,2,5,2,4,0,3,0,2,0,1,0,0,-1,-1,-1,-2,-1,-4,0,-6,0,-8,42,4,3,-11,6,-11,8,-12,11,-12,13,-13,15,-12,0,0,19,-11,22,-10,24,-9,24,-8,25,-7,24,-6,-85,0,20,-5,18,-5,15,-4,12,-4,8,-4,4,-5,2,-5,0,-5,-3,-4,-6,-5,-8,-4,-11,-4,-13,-4,30,10,-16,-4,-17,-4,-17,-4,-16,-4,-14,-4,-12,-4,-9,-4,-2,-4,-2,-2,-4,-2,-6,-1,-8,3,-4,9,3,12,15,18,14,-3,8,-13,-4,-15,-15,-8,-17,4,-8,16,5,18,17,9,19,-4,9,-16,-4,-17,-13,-10,-14,1,-6,0,-2,11,3,8,4,4,4,2,4,1,6,0,0,0,3,-7,-1,-9,-8,-8,-12,-2,-13,6,-6,13,25,9,11,12,17,2,15,-10,6,-17,-7,-17,-17,-7,-17,5,-8,15,5,16,15,6,15,-6,5,-15,-6,-13,-28,-7,-9,8,2,11,10,4,8,-7,-2,-11,-11,-5,-11,6]"
CSI_DATA,113916,d8:b1:90:d9:de:f0,-59,11,-99,-38,61,56,1700188259,100,0,228,0,"[17,-2,18,-2,18,-2,18,-2,16,-3,14,-2,13,-2,64,-4,9,-2,7,-2,5,-2,4,-2,3,-1,2,0,0,0,0,0,-1,0,-2,0,-4,0,-6,0,-7,0,41,4,-9,-4,-10,-6,-10,-8,-10,-11,-10,-13,-10,-16,0,0,-8,-19,-8,-22,-8,-23,-6,-24,-6,-24,-6,-24,-50,10,-5,-20,-5,-18,-5,-15,-5,-12,-6,-8,-6,-5,-6,-1,-6,0,-6,3,-6,6,-5,8,-5,11,-4,13,-62,10,-4,16,-4,18,-4,17,-4,16,-4,14,-3,12,-3,9,-3,2,-2,2,-2,2,-2,5,1,8,8,6,12,0,20,-12,-1,-14,-12,-9,-16,2,-10,14,3,17,15,10,18,-4,10,-16,-4,-18,-15,-11,-18,2,-10,12,0,14,0,6,10,1,6,-3,3,-4,1,-3,0,-4,0,-5,0,0,-6,-4,-9,1,-8,6,-2,12,5,11,12,7,10,-24,12,-11,3,-16,-8,-14,-16,-6,-16,7,-7,16,5,16,15,8,16,-5,7,-15,-6,-15,-14,-6,-14,7,-7,29,8,10,12,-2,4,-11,-7,-10,-12,1,-6,11,5,12]"
CSI_DATA,113917,d8:b1:90:d9:de:f0,-59,11,-99,-38,61,56,1700208472,100,0,228,0,"[-10,15,-11,16,-12,16,-11,14,-10,14,-9,12,-8,10,64,-4,-5,8,-4,6,-3,4,-2,3,-2,2,-1,1,0,0,0,-1,1,-2,2,-3,4,-4,5,-3,7,-3,41,4,10,0,12,2,13,4,14,6,14,9,14,12,0,0,13,18,12,20,11,22,10,23,8,24,7,24,64,0,6,21,5,18,4,15,4,12,4,9,5,6,5,2,6,0,6,-3,6,-5,6,-8,6,-10,7,-12,-85,0,8,-15,8,-16,8,-16,8,-14,8,-12,7,-10,6,-8,0,-4,0,-3,0,-3,-2,-5,-6,-4,-10,0,-8,8,-7,22,10,10,15,1,12,-11,1,-17,-12,-13,-18,-1,-14,12,-1,19,12,15,18,3,15,-9,4,-16,-5,-13,-1,-8,-10,0,-6,4,-3,4,-1,4,0,5,2,6,0,0,9,2,10,-4,6,-9,0,-12,-7,-10,-13,-5,-8,26,-10,11,-2,16,8,15,16,6,17,-5,10,-15,-3,-17,-14,-10,-17,2,-10,13,2,16,13,10,15,-3,14,-27,-6,-12,-12,-2,-8,8,3,10,11,3,10,-8,0,-13]"
CSI_DATA,113918,d8:b1:90:d9:de:f0,-59,11,-99,-39,61,56,1700235515,100,0,228,0,"[15,-9,16,-10,16,-11,15,-11,13,-10,11,-10,9,-9,66,-4,6,-6,4,-5,4,-4,2,-3,2,-2,1,0,1,0,1,2,0,3,0,4,-1,5,-3,6,-4,8,42,4,-8,8,-11,8,-13,6,-15,6,-17,5,-18,4,0,0,-22,2,-24,1,-25,1,-26,0,-26,0,-25,0,66,9,-22,1,-19,2,-17,2,-13,3,-9,4,-5,4,-2,4,1,4,4,4,6,3,8,2,11,2,13,1,-24,0,17,0,18,0,18,-2,17,-2,15,-2,13,-1,10,0,-2,4,0,4,0,4,1,6,6,6,11,0,9,-8,9,-22,-10,-11,-15,0,-11,12,1,17,14,11,18,-3,10,-15,-4,-19,-17,-10,-19,4,-9,15,3,16,12,9,6,7,8,-6,2,-8,0,-6,-2,-6,-4,-4,-6,-2,0,0,-6,7,0,11,6,10,12,4,13,-4,8,-11,-24,-15,-9,-13,-16,-4,-15,8,-7,16,6,17,17,8,17,-5,8,-16,-6,-16,-16,-6,-15,6,-4,15,8,13,30,0,8,-10,-4,-11,-11,-1,-6,8,5,10,12,1,8,-9]"
CSI_DATA,113919,d8:b1:90:d9:de:f0,-59,11,-99,-38,61,56,1700261812,100,0,228,0,"[17,-2,18,-1,18,0,18,0,16,0,14,0,13,-1,64,-4,9,-1,7,0,6,0,4,0,2,0,2,0,0,0,0,1,-2,1,-4,1,-5,0,-6,0,-8,-2,41,4,-9,-5,-9,-8,-10,-10,-9,-13,-8,-15,-7,-17,0,0,-4,-21,-2,-23,-1,-24,0,-25,0,-24,2,-24,44,0,2,-21,1,-18,0,-16,0,-13,-1,-10,-2,-6,-4,-4,-4,0,-5,2,-6,4,-7,6,-8,8,-8,10,63,10,-9,13,-10,14,-10,14,-10,13,-9,11,-8,9,-6,6,-4,2,-3,2,-2,4,-2,6,2,8,8,6,12,0,20,-10,0,-14,-10,-10,-16,0,-11,12,0,17,13,12,18,0,13,-13,0,-18,-12,-14,-18,-1,-13,10,-2,14,-3,8,9,4,7,0,5,-2,3,-3,2,-4,0,-6,0,0,-6,-6,-10,0,-10,5,-6,11,2,13,10,10,17,-20,14,-8,6,-15,-4,-16,-14,-10,-18,1,-12,12,0,17,11,13,17,1,12,-11,0,-16,-11,-10,-14,1,-17,23,4,12,11,3,8,-7,-2,-10,-10,-3,-9,8,0,12]"
CSI_DATA,113920,d8:b1:90:d9:de:f0,-59,11,-99,-38,61,56,1700282474,100,0,228,0,"[-12,12,-13,13,-13,13,-12,12,-12,12,-10,11,-8,10,64,-4,-5,8,-4,6,-3,5,-2,4,-2,2,-1,1,0,0,0,-1,0,-2,1,-4,2,-4,4,-5,5,-6,41,4,9,-5,11,-5,14,-4,16,-2,17,-1,19,0,0,0,21,3,22,5,23,6,24,7,24,7,24,7,62,0,20,6,18,5,16,2,13,1,10,0,6,-2,4,-4,1,-5,-1,-6,-3,-7,-6,-7,-8,-8,-10,-8,76,10,-14,-9,-15,-9,-15,-8,-14,-8,-12,-7,-10,-6,-8,-5,1,-4,0,-4,0,-4,-2,-5,-6,-4,-10,0,-8,8,-6,22,10,9,15,0,10,-12,-2,-16,-14,-10,-18,3,-10,16,4,18,16,10,18,-3,10,-14,-2,-16,-10,-9,-5,-6,-8,6,-3,7,0,6,2,4,3,4,5,3,0,0,8,-4,4,-10,-2,-11,-9,-8,-13,-1,-12,7,16,22,4,15,13,10,17,-1,12,-12,1,-18,-11,-14,-17,-3,-14,10,-2,17,10,13,16,1,11,-11,-1,-15,-24,-16,-12,4,-2,12,8,8,10,-3,2,-11,-8,-8,-12,2]"
CSI_DATA,113921,d8:b1:90:d9:de:f0,-59,11,-99,-39,61,56,1700307291,100,0,228,0,"[-15,-6,-17,-8,-17,-8,-17,-7,-15,-6,-14,-5,-13,-4,66,-4,-9,-2,-7,-2,-6,-1,-4,-1,-3,0,-2,0,0,0,0,0,2,0,3,0,4,1,5,2,6,4,42,4,7,8,7,11,6,13,6,15,4,17,3,19,0,0,0,22,0,24,-2,24,-3,25,-4,24,-4,24,-72,10,-3,22,-2,19,-2,16,0,13,1,10,2,6,4,4,5,1,6,-1,6,-3,8,-6,8,-8,8,-10,-67,0,9,-14,10,-15,10,-15,10,-13,8,-13,7,-10,6,-7,4,0,4,-1,4,-2,4,-4,2,-8,-4,-9,-11,-4,-24,1,-5,13,6,14,15,6,15,-6,6,-17,-8,-17,-17,-6,-17,8,-6,18,8,17,17,6,16,-6,6,-13,4,-6,-8,-6,-7,0,-5,2,-3,2,-3,3,-2,5,0,0,5,6,9,3,11,-3,7,-10,0,-14,-9,-12,-19,19,-15,6,-8,15,3,17,14,11,18,0,13,-13,1,-17,-11,-13,-17,0,-12,11,0,16,11,11,15,-1,17,-24,-4,-12,-12,-2,-8,8,3,10,11,2,8,-8,-1,-13]"
CSI_DATA,113922,d8:b1:90:d9:de:f0,-59,11,-99,-35,60,56,1700324833,100,0,228,0,"[7,16,8,17,8,18,8,17,8,15,8,13,8,11,66,-4,6,7,5,5,4,4,2,3,2,2,1,2,0,1,-2,0,-3,0,-4,0,-5,-2,-6,-3,-7,-5,42,4,-6,-9,-6,-11,-6,-13,-5,-15,-4,-17,-3,-19,0,0,-1,-22,0,-24,0,-25,1,-26,2,-26,1,-25,23,0,0,-23,0,-19,-1,-16,-2,-13,-3,-9,-4,-6,-4,-2,-4,0,-4,4,-4,6,-3,9,-2,11,-2,14,-24,10,0,17,1,18,1,18,2,17,2,15,1,13,1,10,-4,-4,-4,-1,-4,-1,-6,0,-6,5,-1,10,6,10,21,12,12,-8,2,-15,-11,-13,-17,0,-13,13,0,19,14,13,19,-2,13,-15,-2,-19,-15,-11,-17,1,-11,11,-8,6,6,8,7,3,6,0,5,-2,4,-4,2,-6,0,0,-6,-7,-11,-1,-11,6,-6,11,2,14,11,10,17,-24,13,-9,4,-17,-7,-16,-16,-7,-17,5,-8,16,4,17,15,8,17,-5,7,-15,-6,-15,-15,-4,-13,8,-2,30,10,8,11,-3,2,-11,-8,-6,-10,5,0,12,10,8]"
CSI_DATA,113923,d8:b1:90:d9:de:f0,-59,11,-99,-37,61,56,1700348457,100,0,228,0,"[-14,11,-14,11,-15,11,-14,11,-12,11,-12,10,-9,9,62,-4,-7,7,-5,5,-3,4,-3,3,-1,3,-1,1,0,0,0,0,1,-1,2,-2,3,-3,5,-2,7,-3,40,3,10,0,11,0,13,3,13,5,14,7,14,9,0,0,14,14,15,16,15,17,14,20,14,20,14,20,-29,0,11,18,11,15,10,12,9,9,9,6,7,3,6,0,5,-2,4,-5,3,-7,3,-9,1,-12,0,-13,12,0,0,-17,-1,-17,-1,-18,-1,-16,0,-14,0,-12,0,-9,1,-4,0,-2,0,-2,0,-4,-4,-5,-9,-1,-9,5,-11,20,7,11,14,3,13,-9,2,-16,-10,-14,-17,-2,-14,11,-1,18,11,15,18,3,14,-9,3,-15,-6,-12,-1,-7,-9,2,-4,5,-1,4,0,4,0,4,2,5,0,0,8,0,8,-5,4,-9,-2,-11,-9,-8,-14,-1,0,26,-5,13,3,14,12,9,16,0,12,-11,2,-16,-9,-14,-16,-3,-14,9,-3,16,9,12,15,1,11,-11,-1,-30,-11,-7,-12,5,-1,12,9,7,11,-4,3,-12,-8,-10]"
CSI_DATA,113924,d8:b1:90:d9:de:f0,-58,11,-99,-36,60,56,1700362522,100,0,228,0,"[18,-3,19,-3,20,-2,19,-2,17,-2,16,-2,14,-2,67,-4,9,-2,7,-1,6,0,4,0,2,0,1,0,0,1,0,1,-2,1,-4,1,-6,0,-7,0,-9,-2,43,4,-9,-6,-9,-8,-9,-11,-8,-14,-7,-16,-5,-19,0,0,-2,-23,0,-24,0,-25,3,-26,4,-26,4,-26,50,0,5,-22,4,-19,3,-16,2,-14,0,-11,-1,-7,-2,-4,-4,-2,-6,0,-7,2,-9,4,-10,7,-11,9,60,10,-13,12,-14,12,-14,12,-14,11,-13,9,-11,7,-9,5,-4,3,-2,3,-2,3,-1,6,1,8,9,6,12,0,22,-12,0,-14,-12,-10,-16,0,-12,13,0,19,14,13,19,0,14,-14,0,-20,-13,-14,-19,-2,-14,10,-4,15,-3,8,9,5,8,0,6,-2,4,-3,3,-4,2,-7,0,0,-7,-7,-10,-1,-11,4,-7,12,1,14,9,12,21,-20,15,-6,9,-14,-1,-17,-12,-13,-18,-2,-15,10,-4,18,9,16,16,5,15,-8,4,-16,-8,-14,-15,-2,-24,19,0,13,10,6,10,-4,0,-11,-9,-6,-11,4,-3,12]"
CSI_DATA,113925,d8:b1:90:d9:de:f0,-59,11,-99,-38,61,56,1700374186,100,0,228,0,"[8,15,9,16,10,16,9,15,9,14,8,12,8,10,64,-4,6,6,5,5,4,4,3,3,2,2,1,2,0,0,-2,0,-2,0,-3,-1,-4,-2,-5,-4,-5,-6,41,4,-5,-10,-4,-11,-3,-14,-2,-15,0,-16,0,-18,0,0,3,-21,5,-22,6,-23,7,-24,8,-24,7,-23,59,0,6,-20,4,-18,2,-16,1,-13,-1,-10,-2,-6,-3,-4,-5,-1,-6,1,-6,4,-6,6,-7,8,-7,11,-68,10,-7,15,-7,16,-6,16,-6,16,-5,13,-5,12,-4,9,-4,-2,-4,-1,-4,0,-6,0,-6,6,-1,10,6,10,20,11,12,-8,2,-15,-10,-12,-17,-1,-12,12,0,18,14,12,19,-1,12,-14,0,-19,-13,-12,-16,0,-11,10,-7,4,5,8,7,4,6,0,5,-1,4,-2,4,-5,0,0,-4,-7,-10,-4,-11,2,-8,9,0,13,8,12,21,-16,15,-5,8,-13,-2,-17,-12,-12,-17,0,-12,12,0,18,11,13,16,0,12,-12,0,-16,-12,-10,-15,2,-14,25,5,11,12,2,6,-8,-4,-9,-10,0,-6,10,4,11]"
CSI_DATA,113926,d8:b1:90:d9:de:f0,-59,11,-99,-38,61,56,1700395526,100,0,228,0,"[3,17,2,18,2,19,2,18,2,17,1,16,1,13,64,-4,1,9,0,7,0,6,0,4,0,3,0,2,0,0,0,0,0,-2,0,-3,0,-5,2,-6,4,-7,41,4,8,-7,11,-6,13,-6,15,-4,17,-2,19,0,0,0,21,3,22,6,23,8,23,10,22,12,22,12,40,0,18,11,16,10,14,8,12,6,10,4,8,1,6,-1,4,-3,2,-6,1,-8,0,-10,-1,-12,-2,-14,2,0,-3,-16,-3,-18,-2,-18,-2,-16,-1,-15,0,-13,0,-10,-2,-4,-2,-2,-3,-3,-5,-2,-8,1,-6,8,0,12,10,22,14,0,12,-10,0,-16,-11,-12,-18,-1,-14,12,-2,19,12,15,20,2,16,-10,4,-18,-8,-15,-14,-6,-6,-4,-6,8,-1,8,1,5,2,4,3,3,5,2,0,0,8,-4,4,-9,0,-11,-8,-10,-13,-3,-14,5,12,25,0,16,10,13,16,4,16,-6,8,-16,-4,-17,-14,-10,-17,2,-10,13,2,16,12,10,15,-2,8,-12,-7,-29,-12,-5,-10,6,0,11,9,5,10,-5,1,-12,-8,-9]"
CSI_DATA,113927,d8:b1:90:d9:de:f0,-59,11,-99,-37,61,56,1700419514,100,0,228,0,"[0,16,0,17,0,18,0,18,0,16,0,14,0,12,62,-4,0,9,0,7,0,5,0,5,0,3,0,2,0,1,0,0,0,-1,0,-2,1,-4,2,-5,4,-5,40,3,9,-6,11,-6,12,-5,14,-3,17,-2,18,0,0,0,21,3,22,4,22,6,23,7,22,9,22,9,59,0,18,9,16,7,14,5,12,3,10,1,7,0,5,-1,3,-4,1,-5,0,-7,0,-9,-2,-11,-3,-12,-26,9,-5,-14,-5,-16,-5,-16,-4,-15,-3,-14,-2,-12,-1,-10,-1,-3,-1,-3,-2,-3,-5,-3,-8,0,-7,7,0,12,8,22,14,1,12,-9,2,-15,-9,-12,-16,-2,-14,11,-3,18,11,15,18,3,15,-9,4,-17,-7,-14,-13,-6,-5,-3,-6,8,0,7,1,5,2,3,2,2,4,2,0,0,7,-3,4,-8,0,-11,-7,-9,-12,-3,-13,5,12,22,1,16,11,12,16,1,14,-9,5,-16,-6,-16,-16,-7,-15,5,-7,14,5,15,14,7,14,-5,5,-13,-11,-25,-12,-1,-7,8,2,11,9,3,8,-7,-1,-11,-10,-7]"
CSI_DATA,113928,d8:b1:90:d9:de:f0,-59,11,-99,-38,61,56,1700435072,100,0,228,0,"[-8,-15,-8,-16,-8,-16,-8,-16,-8,-14,-7,-13,-6,-11,64,-4,-5,-8,-4,-6,-3,-4,-2,-4,-1,-2,0,-1,0,0,1,0,2,1,2,2,3,4,2,6,2,7,41,4,0,11,-2,12,-4,13,-6,14,-9,14,-12,14,0,0,-16,14,-18,14,-20,14,-21,13,-21,12,-22,11,-72,9,-19,10,-16,8,-14,8,-10,8,-7,6,-4,6,0,5,2,4,4,4,7,3,9,2,11,2,13,1,-29,0,16,0,18,0,17,0,17,0,15,0,12,1,10,1,4,2,3,1,4,1,6,0,7,-4,2,-9,-5,-10,-18,-14,-13,6,-5,14,7,14,16,4,15,-8,5,-17,-8,-16,-18,-6,-16,8,-6,18,7,16,15,6,14,-4,8,-1,0,-10,-4,-6,-4,-3,-4,-1,-5,0,-6,2,0,0,-1,8,4,9,10,6,12,-1,10,-9,2,-14,-26,-3,-14,-8,-16,2,-12,12,-1,17,10,14,17,3,14,-8,4,-16,-8,-14,-16,-4,-13,8,-2,15,10,12,29,1,8,-10,-4,-11,-10,-2,-6,8,4,10,12,3,9,-8]"
CSI_DATA,113929,d8:b1:90:d9:de:f0,-58,11,-99,-37,60,56,1700446285,100,0,228,0,"[-9,-15,-10,-16,-9,-17,-9,-16,-8,-15,-8,-13,-7,-11,69,-5,-5,-8,-5,-6,-4,-5,-2,-4,-2,-3,-1,-2,0,0,0,0,0,1,0,2,0,4,0,6,0,8,45,4,-3,11,-5,12,-8,13,-10,13,-13,14,-15,14,0,0,-20,13,-21,11,-24,11,-24,10,-25,10,-24,8,-73,10,-21,7,-18,7,-16,6,-12,7,-8,6,-5,6,-2,7,0,6,3,6,5,6,8,6,10,6,13,6,-36,0,16,7,17,7,18,7,17,7,15,6,12,6,10,5,3,2,3,2,3,2,7,0,7,-5,2,-10,-6,-12,-21,-15,-14,6,-5,15,8,15,16,5,16,-8,5,-18,-9,-18,-19,-6,-18,9,-7,19,7,18,16,8,16,-4,5,-1,0,-11,-5,-6,-5,-2,-3,0,-3,0,-5,0,0,0,-3,8,1,10,8,8,12,2,13,-5,7,-13,-26,-8,-13,-12,-18,-1,-15,10,-5,18,8,17,18,7,18,-7,8,-16,-5,-17,-16,-7,-16,6,-5,16,7,14,29,10,10,-9,-1,-13,-11,-5,-10,7,0,13,11,7,13,-4]"
CSI_DATA,113930,d8:b1:90:d9:de:f0,-59,11,-99,-38,61,56,1700472046,100,0,228,0,"[18,-2,19,-3,19,-3,18,-4,17,-4,14,-4,13,-4,64,-4,8,-4,7,-3,5,-2,4,-2,2,0,2,0,0,0,0,1,-1,2,-3,2,-4,2,-6,3,-8,2,41,4,-10,0,-12,-1,-13,-3,-14,-5,-15,-7,-16,-10,0,0,-16,-14,-17,-15,-18,-16,-18,-18,-17,-18,-16,-18,-4,9,-15,-16,-14,-13,-12,-10,-11,-7,-9,-4,-7,-1,-6,2,-4,4,-1,6,0,8,2,10,4,12,6,13,54,0,8,15,10,15,10,15,9,14,8,12,7,10,5,8,-3,3,-2,2,-2,3,-2,5,2,7,8,5,12,-2,18,-15,-3,-14,-14,-8,-15,4,-8,15,6,16,16,7,17,-7,6,-18,-8,-18,-18,-6,-16,7,-6,15,4,14,1,8,10,0,6,-4,3,-5,1,-5,0,-6,-2,-6,0,0,-9,0,-8,6,-3,11,4,12,11,6,14,-1,-4,-26,4,-15,-6,-14,-14,-7,-17,4,-10,14,2,17,14,10,17,-2,10,-14,-3,-17,-14,-8,-15,5,-6,14,14,27,13,2,8,-10,-4,-11,-11,-1,-6,9,4,12,12,3]"
CSI_DATA,113931,d8:b1:90:d9:de:f0,-59,11,-99,-38,61,56,1700488959,100,0,228,0,"[15,10,15,10,16,10,15,10,14,9,13,8,12,6,64,-4,8,4,7,3,5,2,4,2,2,1,0,2,0,1,-1,0,-2,0,-4,-1,-5,-2,-5,-4,-6,-5,41,4,-6,-9,-5,-11,-4,-14,-3,-15,-1,-16,0,-18,0,0,4,-21,6,-22,6,-23,8,-23,10,-23,10,-22,-74,0,8,-19,7,-18,5,-15,3,-12,0,-10,-1,-7,-3,-4,-4,-2,-6,0,-7,2,-8,4,-10,6,-10,8,56,10,-12,12,-12,12,-12,12,-12,12,-11,10,-9,8,-7,6,-5,0,-4,1,-3,1,-4,3,-4,7,2,10,9,7,23,3,8,-12,-2,-15,-13,-9,-16,4,-9,15,4,18,16,9,18,-5,9,-16,-4,-18,-15,-10,-16,2,-10,11,-6,5,6,8,7,3,6,0,5,-1,4,-3,3,-6,0,0,-4,-8,-8,-4,-10,2,-8,9,-2,13,6,12,22,-15,15,-2,11,-12,1,-16,-10,-14,-17,-4,-15,8,-5,16,8,16,16,5,14,-8,4,-16,-8,-13,-15,-2,-22,20,0,13,11,5,9,-6,-1,-10,-10,-4,-10,6,-1,12]"
CSI_DATA,113932,d8:b1:90:d9:de:f0,-59,11,-99,-37,61,56,1700516867,100,0,228,0,"[0,-17,0,-18,0,-18,0,-18,0,-16,0,-14,0,-13,62,-4,0,-9,0,-7,0,-6,0,-5,0,-3,0,-1,0,-1,0,0,0,1,0,3,0,4,-1,5,-3,7,40,3,-7,7,-9,7,-12,7,-14,5,-16,4,-18,3,0,0,-21,0,-22,-1,-24,-2,-24,-4,-24,-5,-23,-5,-73,9,-20,-5,-18,-4,-16,-2,-12,-1,-10,0,-7,1,-5,3,-2,5,0,7,1,8,3,9,5,10,7,11,57,0,9,13,10,14,10,14,9,14,8,12,6,11,3,9,1,3,2,2,2,3,5,3,8,-1,7,-6,0,-12,-9,-20,-14,-1,-12,9,-1,16,11,12,17,1,13,-11,1,-18,-12,-14,-18,-1,-14,11,-2,18,9,14,13,4,6,2,5,-9,0,-7,-2,-5,-3,-3,-3,-3,-4,-1,0,0,-6,5,-3,9,2,11,9,8,13,0,12,-7,-16,-20,-3,-15,-12,-9,-17,0,-12,11,-2,17,9,14,17,3,14,-8,4,-16,-8,-14,-15,-3,-13,8,-2,14,18,23,12,-1,6,-10,-5,-9,-11,0,-6,9,4,12,12,3]"
CSI_DATA,113933,d8:b1:90:d9:de:f0,-59,9,-99,-40,61,56,1700527484,120,0,106,0,"[-84,10,28,0,-77,10,6,0,-67,10,-36,0,-51,10,-83,0,-31,10,61,0,-12,10,33,0,6,0,6,0,21,0,-24,10,26,0,-57,10,10,0,88,10,-27,10,56,10,-84,10,39,10,46,10,37,10,0,0,0,0,-60,9,73,10,88,9,-85,10,84,9,-67,10,-63,9,-55,10,0,9,-54,10,77,10,-57,10,-26,10,-60,10,36,0,-68,10,-87,0,-64,10,-33,0,-65,10,5,0,-61,10,16,0,-69,10,-21,0]"
CSI_DATA,113934,d8:b1:90:d9:de:f0,-59,11,-99,-36,61,56,1700542653,100,0,228,0,"[-13,9,-14,10,-15,10,-13,10,-12,10,-11,9,-9,8,60,-4,-5,6,-4,6,-3,5,-2,3,-1,2,-1,1,-1,0,0,0,0,-1,1,-1,3,-3,5,-3,6,-3,39,3,9,-3,11,-2,13,0,14,0,15,2,17,3,0,0,18,6,20,8,20,9,20,10,20,10,20,10,66,0,18,8,17,6,15,4,12,3,10,0,8,-1,5,-3,3,-5,0,-6,-1,-8,-4,-8,-6,-9,-8,-10,65,9,-11,-11,-13,-11,-13,-11,-11,-10,-10,-9,-9,-8,-6,-6,1,-3,0,-3,1,-3,0,-5,-4,-6,-9,-1,-9,5,-10,19,8,10,14,1,11,-9,1,-15,-11,-11,-17,0,-12,13,0,18,13,11,18,0,11,-12,0,-16,-9,-10,-4,-5,-7,5,-3,6,0,5,1,3,1,4,3,3,0,0,7,-2,5,-7,0,-9,-6,-9,-11,-3,-11,5,12,21,1,14,10,10,15,1,13,-8,4,-15,-8,-14,-15,-5,-14,7,-4,15,8,13,15,3,11,-9,0,-15,-21,-19,-13,3,-4,11,7,8,11,-1,3,-11,-7,-10,-12,0]"
CSI_DATA,113935,d8:b1:90:d9:de:f0,-59,11,-99,-35,60,56,1700565398,100,0,228,0,"[17,-2,19,-1,19,-1,18,-1,17,-1,15,-1,13,-1,66,-4,9,-1,8,-1,6,-1,4,0,3,0,2,0,0,0,0,0,-2,1,-2,0,-5,0,-6,0,-8,-2,42,4,-9,-6,-10,-8,-10,-11,-9,-13,-8,-15,-8,-17,0,0,-5,-22,-3,-23,-2,-24,0,-25,0,-25,0,-24,8,0,0,-22,0,-19,0,-15,0,-13,-2,-9,-2,-6,-4,-3,-5,-1,-6,1,-6,4,-7,6,-8,8,-8,11,78,10,-9,13,-10,15,-11,15,-11,13,-10,12,-8,10,-7,7,-4,2,-3,2,-3,3,-2,6,2,8,8,6,12,-1,21,-11,0,-14,-11,-10,-16,0,-11,12,0,17,14,12,19,0,13,-14,0,-19,-13,-13,-18,0,-13,11,-2,15,-2,8,9,4,8,-1,5,-3,3,-3,2,-4,0,-6,0,0,-6,-5,-10,-1,-11,5,-6,11,2,14,11,10,17,-22,14,-8,6,-16,-5,-17,-15,-10,-18,2,-12,14,0,18,12,13,17,0,12,-11,0,-16,-11,-10,-15,1,-17,24,4,12,11,3,8,-7,-2,-10,-11,-2,-8,8,0,13]"
CSI_DATA,113936,d8:b1:90:d9:de:f0,-59,11,-99,-38,61,56,1700584906,100,0,228,0,"[-16,-2,-18,-2,-18,-2,-18,-1,-16,0,-14,0,-14,0,64,-4,-9,2,-8,2,-6,1,-4,0,-3,0,-2,0,-1,0,0,-1,1,-2,3,-2,4,-2,6,-3,8,-2,41,4,11,-1,12,0,14,1,15,2,16,4,18,6,0,0,19,9,20,11,20,12,21,12,21,12,20,12,52,0,18,10,16,8,15,6,12,3,10,0,7,-1,4,-3,2,-4,0,-6,-3,-6,-6,-6,-8,-7,-10,-8,55,10,-14,-8,-16,-7,-16,-6,-16,-6,-13,-6,-12,-5,-9,-4,4,-1,3,-2,3,-4,2,-5,-1,-8,-7,-6,-12,1,-19,10,1,14,12,9,15,-2,9,-14,-4,-16,-16,-8,-17,6,-7,18,7,18,18,7,16,-7,7,-16,-4,-14,-2,-9,-10,1,-6,5,-2,6,0,6,2,5,3,5,0,0,9,-2,7,-7,0,-11,-7,-10,-13,-4,-14,4,11,24,2,16,12,12,17,0,13,-11,2,-17,-10,-14,-17,-2,-14,10,-2,17,11,12,16,0,10,-10,-2,-14,-24,-14,-12,5,-2,10,8,6,8,-5,0,-10,-10,-6,-10,4]"
CSI_DATA,113937,d8:b1:90:d9:de:f0,-59,11,-99,-38,61,56,1700612315,100,0,228,0,"[18,-2,19,-2,19,-3,19,-3,17,-4,15,-4,12,-4,64,-4,9,-4,6,-4,5,-3,4,-2,3,-2,1,0,0,0,0,1,-1,2,-2,2,-4,3,-5,4,-7,4,41,4,-10,3,-12,2,-14,0,-15,0,-16,-2,-18,-4,0,0,-20,-8,-20,-8,-22,-10,-22,-11,-22,-11,-22,-11,-70,9,-19,-8,-17,-7,-15,-4,-13,-2,-10,0,-7,2,-4,4,-1,5,1,6,3,7,6,8,9,8,12,8,-42,0,15,8,16,7,18,7,16,6,14,6,11,4,9,4,-3,3,-2,3,-2,2,-2,5,2,6,8,5,11,-2,18,-16,-4,-14,-13,-6,-15,5,-6,15,7,16,18,5,16,-9,4,-19,-10,-17,-18,-4,-16,10,-4,16,7,13,2,8,10,-3,5,-6,2,-6,0,-5,-2,-5,-4,-4,0,0,-9,2,-6,8,0,12,8,8,13,3,13,-6,-14,-23,-2,-15,-12,-10,-16,0,-13,11,-2,17,10,14,18,3,14,-10,2,-17,-10,-13,-16,0,-11,11,2,15,26,16,12,-5,2,-12,-8,-7,-10,4,0,12,10,7,12,-4]"
CSI_DATA,113938,d8:b1:90:d9:de:f0,-59,11,-99,-38,61,56,1700628508,100,0,228,0,"[16,2,18,2,18,3,18,3,16,3,15,3,13,2,64,-4,9,1,8,0,6,0,5,0,3,0,2,0,1,0,0,0,-1,0,-2,-1,-4,-2,-4,-4,-4,-5,41,4,-4,-10,-3,-12,-2,-14,0,-15,2,-17,4,-18,0,0,8,-19,11,-19,12,-20,15,-19,16,-18,16,-17,6,0,14,-14,13,-13,11,-11,8,-10,5,-9,2,-7,0,-6,-2,-5,-4,-4,-8,-3,-9,-2,-11,-2,-13,-1,21,10,-16,0,-18,0,-18,-1,-16,-1,-15,-2,-12,-2,-10,-2,-4,1,-3,1,-3,2,-3,4,-1,8,5,8,10,3,23,-4,4,-12,-6,-14,-14,-5,-14,7,-6,16,7,16,18,6,18,-7,8,-17,-6,-18,-16,-8,-16,3,-9,12,-4,5,6,8,8,2,5,0,3,-1,3,-2,4,-4,0,0,-1,-8,-6,-6,-10,-2,-11,4,-6,11,1,14,26,-4,15,4,15,-6,8,-14,-3,-17,-13,-11,-17,0,-12,12,-1,17,11,13,16,1,12,-10,1,-15,-10,-11,-29,0,-7,10,4,11,11,2,7,-8,-3,-11,-11,-4,-10,6]"
CSI_DATA,113939,d8:b1:90:d9:de:f0,-58,11,-99,-36,60,56,1700642376,100,0,228,0,"[-11,14,-12,15,-12,16,-11,16,-9,15,-8,14,-7,12,67,-4,-4,9,-3,7,-2,6,-2,4,-1,3,-1,2,-1,0,-1,-1,0,-2,0,-4,0,-5,1,-7,2,-8,43,4,7,-9,9,-10,11,-10,14,-9,16,-9,18,-8,0,0,21,-7,24,-6,24,-6,26,-5,26,-4,25,-4,-89,0,21,-4,19,-5,16,-5,12,-5,9,-6,5,-5,2,-5,-1,-4,-4,-4,-7,-3,-9,-2,-12,-1,-14,0,28,10,-18,1,-18,2,-19,2,-17,2,-16,2,-13,2,-10,1,0,-4,0,-4,0,-4,-2,-4,-7,-2,-9,2,-6,10,-1,24,13,7,14,-4,7,-15,-6,-16,-17,-6,-17,8,-6,19,10,18,19,5,17,-9,5,-19,-7,-16,-14,-5,-7,-4,-6,9,0,9,2,6,4,4,4,3,7,0,0,0,5,-8,0,-12,-8,-9,-13,-3,-13,5,-7,14,27,11,12,11,17,1,14,-10,4,-18,-9,-16,-17,-4,-16,8,-5,17,8,16,17,4,14,-9,2,-16,-9,-12,-31,0,-7,11,5,11,11,0,5,-9,-6,-9,-12,0,-7,11]"
CSI_DATA,113940,d8:b1:90:d9:de:f0,-59,11,-99,-37,60,56,1700654630,277,0,106,0,"[34,0,37,0,30,0,16,0,19,0,-29,0,10,0,-75,0,8,0,70,0,9,0,35,0,17,0,1,0,17,0,-32,10,3,0,-67,10,-26,10,84,10,-75,10,75,10,53,10,77,10,2,10,-91,10,0,0,0,0,-82,10,-9,10,81,10,23,0,88,10,49,0,-64,10,47,0,-1,10,23,0,69,10,-8,10,-47,10,-38,10,18,0,-64,10,70,0,-88,10,-66,0,83,10,-25,0,69,10,-12,0,64,10,-42,0]"
CSI_DATA,113941,d8:b1:90:d9:de:f0,-59,11,-99,-38,61,56,1700698848,100,0,228,0,"[-17,-1,-18,-2,-19,-2,-18,-2,-17,-2,-15,-2,-13,-2,64,-4,-9,-1,-8,0,-6,0,-4,0,-3,-1,-2,0,0,0,1,0,2,0,4,0,5,1,6,3,6,4,41,4,6,9,6,11,4,13,2,16,0,17,-2,18,0,0,-6,21,-9,20,-11,21,-12,21,-14,20,-14,20,2,10,-13,16,-12,14,-10,12,-8,10,-4,8,-2,7,0,5,3,4,5,2,8,2,10,0,11,0,13,-2,-22,0,16,-2,18,-2,18,-2,17,-2,15,-1,12,0,10,0,4,-2,2,-2,2,-2,3,-4,0,-7,-5,-8,-11,-2,-22,4,-4,13,7,13,15,4,14,-7,5,-16,-8,-16,-18,-6,-18,8,-7,18,6,18,16,8,16,-4,9,-12,6,-6,-6,-8,-8,-3,-6,0,-4,1,-4,3,-4,5,0,0,3,8,8,6,12,0,10,-7,5,-13,-3,-14,-26,8,-16,-2,-14,8,-6,16,5,16,14,10,18,-2,12,-13,0,-17,-12,-12,-16,0,-11,11,0,16,12,10,29,-4,6,-11,-5,-10,-10,-1,-6,8,4,10,12,2,9,-8]"
CSI_DATA,113942,d8:b1:90:d9:de:f0,-59,11,-99,-35,60,56,1700722132,100,0,228,0,"[-17,0,-18,-1,-19,-1,-17,-1,-17,0,-15,0,-13,0,66,-4,-10,0,-8,0,-6,0,-4,0,-3,0,-2,0,0,0,0,0,2,-1,3,0,4,0,6,0,7,2,42,4,10,5,10,8,10,10,10,13,9,15,8,17,0,0,6,20,5,23,4,24,3,25,2,25,2,25,-28,10,2,22,2,19,2,16,3,13,3,9,4,6,4,3,5,0,6,-2,6,-5,6,-7,6,-9,6,-12,-83,0,6,-15,6,-17,6,-17,6,-15,6,-14,6,-12,4,-9,4,-2,3,-2,2,-3,2,-5,0,-8,-6,-6,-12,0,-22,8,-1,14,10,11,16,0,12,-11,0,-18,-13,-13,-19,0,-13,14,0,19,13,14,18,1,13,-10,2,-15,2,-8,-10,-4,-8,1,-4,4,-3,4,-2,4,-1,6,0,0,6,5,10,0,9,-6,4,-12,-4,-13,-12,-8,-14,24,-13,11,-4,17,7,16,16,7,17,-5,9,-15,-3,-17,-14,-11,-17,2,-9,14,3,15,13,8,14,-4,11,-27,-6,-11,-11,0,-5,9,6,9,11,0,6,-10,-4,-11]"
CSI_DATA,113943,d8:b1:90:d9:de:f0,-59,11,-99,-35,60,56,1700754370,100,0,228,0,"[5,-17,5,-18,5,-18,5,-17,4,-17,3,-15,3,-13,66,-4,1,-10,1,-8,0,-6,0,-4,1,-2,1,-1,1,0,2,1,1,2,1,4,0,6,-1,7,-2,8,42,4,-6,10,-8,11,-11,10,-13,10,-15,9,-17,7,0,0,-22,5,-24,4,-24,3,-26,2,-25,1,-25,0,79,9,-22,0,-19,0,-17,1,-13,2,-9,2,-6,4,-3,4,0,4,3,4,6,5,7,5,10,5,13,4,-39,0,16,5,18,5,17,4,17,4,14,4,12,4,9,3,1,5,2,4,2,4,4,3,8,0,8,-5,2,-11,-4,-22,-14,-3,-13,8,-4,16,10,14,17,2,15,-11,2,-19,-12,-15,-19,-2,-16,11,-4,17,9,15,14,5,8,6,6,-8,0,-8,-2,-6,-3,-4,-5,-3,-6,0,0,0,-6,8,0,11,7,9,13,4,13,-4,8,-13,-24,-15,-10,-13,-16,-5,-16,7,-7,16,4,17,15,10,17,-2,11,-15,-2,-17,-14,-10,-16,3,-8,13,4,15,28,11,11,-6,0,-11,-9,-5,-8,5,1,11,11,6,11,-5]"
CSI_DATA,113944,d8:b1:90:d9:de:f0,-59,11,-99,-38,61,56,1700779973,100,0,228,0,"[-14,11,-14,11,-16,11,-15,10,-14,10,-12,9,-10,8,64,-4,-7,5,-6,4,-5,3,-4,2,-2,2,-1,0,-1,0,0,-1,2,-2,2,-2,4,-3,6,-2,8,-2,41,4,10,1,12,4,12,6,13,8,13,11,12,14,0,0,10,19,10,21,8,22,7,24,6,24,4,24,59,0,3,21,3,18,3,16,4,12,4,9,4,5,4,3,5,0,6,-2,6,-5,6,-7,6,-10,7,-11,74,0,8,-15,8,-16,8,-16,8,-14,8,-12,7,-10,6,-8,2,-4,0,-4,0,-4,0,-5,-5,-5,-10,-1,-10,6,-12,20,6,12,14,4,14,-7,4,-16,-8,-15,-17,-5,-16,9,-6,18,8,17,17,7,17,-6,8,-14,-2,-14,0,-8,-10,-1,-7,3,-4,4,-2,4,0,5,1,6,0,0,8,2,10,-2,8,-8,2,-12,-6,-12,-12,-6,-11,24,-12,11,-2,16,8,15,16,6,17,-4,9,-15,-2,-17,-14,-10,-16,2,-10,13,2,16,12,10,14,-3,14,-25,-5,-12,-12,-2,-8,8,3,10,11,2,8,-8,-1,-12]"
CSI_DATA,113945,d8:b1:90:d9:de:f0,-59,11,-99,-38,61,56,1700801562,100,0,228,0,"[15,-9,16,-9,17,-9,16,-8,15,-8,14,-7,12,-6,64,-4,8,-4,6,-4,5,-3,4,-2,2,-1,1,0,0,1,0,1,-2,2,-3,2,-5,2,-6,2,-8,0,41,4,-10,-2,-11,-4,-12,-7,-12,-10,-11,-12,-10,-15,0,0,-9,-20,-8,-22,-6,-23,-5,-24,-4,-25,-4,-24,-54,10,-2,-22,-2,-19,-2,-16,-2,-12,-4,-10,-4,-6,-4,-3,-6,0,-6,2,-6,4,-7,7,-7,10,-8,12,-77,10,-8,15,-9,16,-9,16,-8,14,-8,12,-7,10,-6,8,-2,4,0,3,0,3,0,5,4,6,9,3,11,-4,16,-18,-5,-13,-14,-6,-15,6,-6,16,6,16,17,7,18,-6,8,-18,-6,-18,-16,-8,-18,4,-9,13,0,14,0,8,10,2,7,-2,4,-4,2,-4,2,-5,0,-6,0,0,-8,-4,-10,2,-8,8,-2,12,5,12,12,7,12,-24,12,-10,4,-16,-6,-16,-15,-8,-18,3,-11,14,1,18,13,12,17,0,12,-12,0,-16,-12,-10,-15,2,-16,26,5,12,12,3,8,-8,-3,-10,-11,-2,-9,8,1,12]"
CSI_DATA,113946,d8:b1:90:d9:de:f0,-59,11,-99,-39,61,56,1700824275,100,0,228,0,"[6,16,7,17,7,17,7,16,8,16,7,13,6,12,66,-4,5,7,4,6,4,4,2,3,2,2,0,1,0,1,-1,0,-2,0,-2,-2,-3,-3,-4,-5,-3,-6,42,4,-2,-11,-1,-12,0,-15,1,-16,3,-17,4,-18,0,0,8,-20,10,-22,11,-22,13,-22,13,-22,13,-21,-13,0,11,-19,8,-17,6,-15,4,-12,1,-10,-1,-7,-3,-4,-4,-2,-6,0,-8,2,-8,4,-10,6,-11,8,49,10,-12,12,-12,13,-11,13,-11,13,-9,11,-8,9,-6,7,-3,-3,-3,-2,-4,-1,-6,0,-7,4,-3,9,5,11,19,14,13,-6,4,-15,-8,-14,-17,-3,-15,10,-2,18,11,15,19,2,15,-12,2,-19,-11,-14,-17,-2,-12,8,-6,3,4,9,6,4,6,1,4,0,4,-2,4,-4,0,0,-2,-8,-7,-6,-11,0,-11,6,-4,13,4,14,25,-11,17,0,13,-11,2,-17,-9,-15,-17,-4,-16,8,-5,17,7,16,16,5,15,-8,4,-16,-8,-13,-15,-1,-22,21,2,13,11,4,8,-7,-2,-11,-11,-3,-9,8,0,13]"
CSI_DATA,113947,d8:b1:90:d9:de:f0,-59,11,-99,-36,61,56,1700834519,100,0,228,0,"[15,-6,17,-6,17,-5,17,-5,16,-5,14,-4,12,-3,60,-4,8,-3,6,-2,5,-1,4,-1,3,0,1,0,0,0,-1,1,-2,1,-3,1,-5,0,-6,0,-7,-1,39,3,-8,-5,-8,-8,-8,-10,-6,-13,-5,-15,-4,-17,0,0,0,-20,1,-22,3,-22,5,-23,6,-23,7,-22,-54,0,6,-20,6,-17,5,-15,2,-12,0,-9,-1,-7,-3,-5,-5,-3,-6,-1,-8,1,-9,2,-11,4,-12,5,23,9,-14,8,-15,8,-15,8,-14,6,-13,6,-11,4,-8,3,-2,3,-1,3,-1,3,-1,5,1,6,7,5,10,-1,18,-13,-1,-13,-11,-9,-15,1,-10,12,1,16,13,11,18,-1,11,-13,0,-18,-12,-12,-17,-1,-12,9,-3,13,-3,7,8,5,6,0,5,-1,4,-2,3,-4,1,-6,0,0,-6,-6,-10,-1,-10,3,-6,10,0,12,6,10,20,-16,13,-3,10,-11,1,-16,-8,-13,-15,-5,-15,6,-7,15,5,16,14,7,15,-4,7,-13,-5,-14,-13,-5,-25,13,-2,13,8,8,11,-2,3,-10,-8,-8,-12,1,-6,10]"
CSI_DATA,113948,d8:b1:90:d9:de:f0,-59,11,-99,-36,61,56,1700862088,100,0,228,0,"[0,17,-1,17,0,18,0,17,0,16,1,14,1,12,60,-4,1,8,1,6,1,5,1,3,0,1,0,1,0,0,-1,0,-1,-1,-1,-3,-1,-4,-1,-6,0,-8,39,3,1,-10,3,-11,5,-11,6,-12,8,-13,10,-13,0,0,15,-14,17,-15,17,-15,19,-14,18,-14,18,-13,54,0,15,-12,13,-11,11,-11,8,-10,5,-8,1,-6,-1,-5,-3,-3,-6,-1,-7,0,-9,1,-10,2,-12,5,27,9,-14,7,-14,8,-13,9,-13,8,-11,8,-9,6,-7,5,-2,-4,-2,-2,-2,-3,-5,-3,-8,0,-6,6,0,11,10,19,13,0,9,-11,-1,-15,-12,-10,-16,3,-9,14,3,17,15,8,17,-5,9,-15,-3,-16,-12,-8,-13,1,-7,0,-1,9,3,6,4,3,5,1,5,0,6,-2,0,0,0,-8,-5,-8,-9,-3,-11,2,-7,9,0,13,25,-1,13,5,14,-5,8,-13,-2,-15,-13,-10,-17,1,-11,12,1,17,13,10,16,-1,8,-13,-3,-14,-13,-6,-25,12,-1,12,8,7,10,-3,1,-10,-9,-6,-11,4,-3,11]"
CSI_DATA,113949,d8:b1:90:d9:de:f0,-58,11,-99,-36,60,56,1700876826,100,0,228,0,"[-7,-16,-7,-18,-7,-18,-7,-17,-7,-16,-6,-14,-5,-12,67,-4,-4,-8,-3,-7,-2,-5,-2,-4,0,-2,0,-2,0,0,1,0,2,1,2,3,2,4,2,7,1,7,43,4,-1,12,-3,13,-5,14,-8,14,-10,15,-13,14,0,0,-18,14,-20,14,-21,13,-24,12,-23,11,-24,9,-83,9,-20,8,-18,7,-15,7,-12,7,-7,6,-4,5,-1,5,2,4,4,4,7,4,9,3,11,2,14,2,-23,0,17,1,18,1,18,0,17,1,15,1,13,2,9,1,3,3,3,2,4,2,7,0,7,-4,3,-10,-4,-12,-18,-15,-14,5,-6,14,6,15,16,6,16,-7,6,-17,-8,-17,-19,-7,-18,7,-7,18,6,17,15,8,15,-3,9,0,0,-11,-3,-7,-4,-4,-4,-2,-5,0,-6,2,0,0,-2,9,3,10,10,7,13,0,11,-8,4,-14,-27,-6,-14,-9,-18,0,-13,12,-2,19,10,16,18,4,16,-8,6,-17,-7,-16,-16,-4,-14,8,-4,15,8,13,30,3,9,-9,-3,-11,-11,-2,-7,8,3,11,12,3,10,-8]"
CSI_DATA,113950,d8:b1:90:d9:de:f0,-59,11,-99,-38,61,56,1700895011,100,0,228,0,"[-7,-16,-8,-17,-8,-17,-8,-16,-7,-15,-6,-13,-6,-11,64,-4,-5,-8,-4,-6,-3,-4,-2,-3,-1,-2,0,-1,0,0,0,0,2,0,2,2,3,4,3,6,2,7,41,4,1,10,0,12,-1,14,-3,16,-5,16,-7,18,0,0,-10,19,-13,20,-14,20,-16,20,-15,20,-15,19,-11,9,-13,17,-11,16,-8,14,-6,12,-2,10,0,8,2,5,4,3,6,1,8,0,9,-2,11,-4,12,-6,-35,0,14,-10,14,-10,14,-10,13,-10,12,-8,10,-7,8,-5,3,3,3,2,4,2,6,0,8,-4,3,-10,-5,-11,-19,-14,-13,6,-4,15,8,14,16,4,15,-10,3,-18,-11,-15,-19,-2,-15,11,-2,19,10,14,16,4,12,-7,6,-2,-2,-10,-6,-5,-6,-1,-4,0,-5,2,-4,4,0,0,1,8,6,7,10,2,11,-5,6,-12,-2,-14,-26,8,-16,-2,-14,9,-6,17,7,16,16,8,17,-5,8,-15,-4,-17,-15,-8,-16,5,-6,14,6,14,15,4,25,-16,0,-13,-10,-6,-10,5,0,11,10,6,11,-5,2,-12]"
CSI_DATA,113951,d8:b1:90:d9:de:f0,-59,11,-99,-38,61,56,1700908419,100,0,228,0,"[-17,-2,-18,-2,-18,-2,-18,-2,-16,-1,-15,0,-13,0,64,-4,-9,0,-8,0,-6,0,-4,0,-3,0,-1,0,-1,0,0,0,2,0,2,-1,5,0,6,0,8,0,41,4,10,4,10,6,12,8,12,10,12,12,12,15,0,0,12,18,12,20,10,22,10,23,10,23,10,22,-47,0,9,20,9,17,9,14,8,10,8,6,6,3,6,0,5,-2,4,-5,3,-8,2,-10,0,-12,0,-13,-13,10,-3,-16,-3,-17,-4,-17,-3,-16,-2,-14,-2,-12,-2,-10,4,0,4,-1,4,-2,3,-5,0,-9,-7,-8,-12,0,-22,8,0,14,10,12,16,0,12,-12,-1,-18,-14,-12,-18,2,-12,15,2,19,14,12,18,-1,11,-12,0,-14,1,-7,-10,-2,-7,2,-4,4,-2,4,0,4,0,6,0,0,8,2,9,-2,7,-8,0,-12,-7,-10,-14,-4,-4,26,-8,13,1,16,12,12,18,1,14,-11,2,-18,-10,-14,-17,-3,-13,10,-2,16,10,12,16,0,10,-12,-4,-29,-12,-5,-10,6,0,11,10,5,9,-6,0,-12,-10,-7]"
CSI_DATA,113952,d8:b1:90:d9:de:f0,-60,11,-99,-35,61,56,1700923804,100,0,228,0,"[2,16,2,17,1,17,1,17,1,15,1,14,1,12,58,-4,1,7,0,6,0,4,0,3,0,2,0,1,0,0,-1,-1,-1,-3,0,-4,0,-5,0,-6,2,-7,38,3,6,-7,9,-7,11,-6,13,-5,15,-3,17,-1,0,0,20,1,21,4,22,6,22,7,22,9,21,9,69,0,17,9,15,8,14,6,11,4,8,2,6,0,4,-1,2,-4,1,-6,0,-7,-1,-9,-3,-11,-4,-12,-56,9,-6,-14,-7,-15,-7,-15,-6,-14,-4,-13,-3,-11,-2,-8,-2,-3,-3,-1,-2,-2,-4,-2,-7,1,-6,6,0,11,9,19,14,1,11,-9,1,-14,-9,-12,-15,-1,-12,11,-1,17,11,13,17,2,14,-9,3,-16,-7,-13,-12,-5,-6,-5,-6,6,-1,6,0,6,2,4,3,4,6,2,0,0,6,-6,3,-9,-3,-11,-8,-7,-11,-1,-11,5,13,22,1,14,9,11,15,3,14,-7,6,-14,-4,-15,-14,-8,-15,3,-9,13,3,15,12,8,14,-3,6,-12,-11,-25,-12,-3,-8,7,1,10,9,3,8,-6,-1,-11,-10,-6]"
CSI_DATA,113953,d8:b1:90:d9:de:f0,-59,11,-99,-37,61,56,1700947091,100,0,228,0,"[-5,15,-5,17,-5,16,-5,16,-4,15,-3,14,-3,12,62,-4,-1,9,0,7,0,5,0,4,0,3,0,2,0,1,0,0,0,-1,1,-2,1,-3,3,-4,4,-5,40,3,8,-5,10,-5,12,-4,14,-3,16,-3,18,-1,0,0,21,1,22,2,23,3,24,4,24,4,23,5,81,0,20,3,18,2,16,1,13,0,11,-1,7,-3,5,-5,1,-6,0,-7,-2,-8,-4,-9,-7,-9,-9,-10,72,9,-12,-11,-13,-11,-13,-11,-12,-10,-11,-9,-9,-8,-7,-7,0,-3,0,-2,0,-3,-3,-5,-7,-2,-9,3,-5,11,2,23,12,5,13,-5,5,-14,-7,-14,-16,-5,-15,8,-5,18,9,16,18,5,16,-9,5,-16,-7,-14,-12,-5,-4,-1,-4,8,0,7,2,4,2,2,2,2,3,1,0,0,6,-3,3,-7,-2,-9,-8,-7,-12,0,-11,7,16,18,4,14,12,9,16,-1,12,-11,1,-16,-11,-13,-16,-1,-12,9,-1,16,10,12,16,0,11,-11,-1,-15,-22,-19,-12,4,-3,12,8,9,11,-2,4,-12,-7,-10,-12,0]"
CSI_DATA,113954,d8:b1:90:d9:de:f0,-59,11,-99,-39,61,56,1700960839,100,0,228,0,"[-11,-14,-11,-15,-11,-15,-11,-15,-10,-13,-9,-12,-8,-10,66,-4,-6,-6,-5,-5,-4,-4,-3,-3,-2,-2,0,-1,0,0,1,0,2,1,2,2,3,4,3,5,2,7,42,4,0,11,0,13,-2,13,-5,15,-7,15,-10,16,0,0,-14,17,-17,17,-18,17,-19,16,-19,15,-19,15,-52,9,-17,13,-15,12,-13,11,-9,10,-6,8,-3,7,0,6,3,4,5,4,8,2,10,2,11,1,13,0,-26,0,17,-2,18,-2,17,-2,17,-2,15,-2,13,-1,10,0,4,2,3,0,4,1,6,0,6,-5,2,-10,-6,-10,-21,-11,-12,8,-3,15,8,13,17,2,14,-11,2,-18,-11,-15,-19,-2,-15,11,-2,19,10,15,16,4,13,-6,6,-2,-2,-9,-5,-5,-4,-2,-4,0,-5,0,-5,2,0,0,0,8,5,8,11,4,12,-3,8,-10,1,-15,-26,1,-15,-6,-15,4,-10,14,1,17,12,13,17,0,13,-11,2,-17,-11,-13,-17,-1,-12,11,0,16,11,11,30,-3,6,-11,-6,-11,-12,0,-6,10,5,11,13,1,9,-9]"
CSI_DATA,113955,d8:b1:90:d9:de:f0,-59,11,-99,-37,61,56,1700980492,100,0,228,0,"[14,-10,16,-10,16,-9,15,-9,14,-9,12,-7,11,-7,62,-4,7,-5,6,-3,4,-3,3,-1,2,0,1,0,0,1,0,1,-1,2,-3,3,-4,3,-7,2,-7,1,40,3,-11,-1,-11,-3,-12,-6,-12,-9,-12,-11,-11,-14,0,0,-9,-19,-8,-21,-7,-22,-5,-24,-4,-24,-3,-24,0,0,-1,-21,-1,-18,-2,-16,-3,-12,-3,-9,-3,-5,-4,-3,-5,0,-5,2,-5,5,-5,7,-6,9,-7,11,72,9,-7,14,-8,16,-8,15,-8,14,-7,12,-7,10,-5,7,-2,4,0,3,0,3,0,5,5,6,9,3,11,-5,13,-17,-5,-12,-13,-5,-14,6,-5,15,7,16,16,6,16,-7,7,-16,-7,-17,-16,-8,-16,4,-9,13,1,14,-1,9,9,1,7,-2,4,-3,3,-4,1,-6,0,-7,0,0,-9,-3,-10,2,-7,9,-1,12,5,12,12,6,11,-24,11,-9,3,-15,-6,-15,-15,-7,-16,3,-9,13,1,16,12,11,16,0,11,-12,-1,-16,-11,-10,-14,1,-15,24,4,12,11,3,7,-7,-3,-10,-11,-2,-9,8,1,12]"
CSI_DATA,113956,d8:b1:90:d9:de:f0,-59,11,-99,-39,61,56,1700998846,100,0,228,0,"[4,17,4,18,4,18,4,17,4,16,4,15,4,13,66,-4,3,8,2,6,2,5,2,4,0,3,0,2,0,0,-1,0,-1,-1,-2,-3,-1,-4,0,-6,0,-7,42,4,4,-11,6,-11,8,-11,11,-11,13,-11,15,-11,0,0,20,-9,22,-8,23,-8,24,-7,25,-6,24,-5,-76,0,21,-4,19,-4,16,-4,12,-5,9,-5,5,-5,2,-5,0,-5,-2,-6,-6,-6,-8,-6,-10,-6,-12,-5,41,10,-16,-5,-17,-6,-17,-6,-16,-5,-14,-5,-12,-4,-9,-4,-2,-4,-2,-2,-3,-2,-6,-1,-8,2,-5,9,2,11,15,18,14,-3,8,-13,-3,-16,-14,-8,-17,4,-9,16,4,18,17,10,19,-4,10,-16,-3,-18,-13,-10,-15,0,-7,0,-2,10,2,7,4,4,4,2,4,1,6,0,0,0,4,-8,-1,-9,-7,-8,-13,-2,-12,5,-7,13,25,11,11,12,17,2,15,-8,6,-17,-6,-17,-16,-8,-17,4,-8,15,4,17,15,8,15,-4,6,-14,-6,-14,-28,-9,-11,7,0,12,10,5,9,-6,0,-11,-11,-6,-11,4]"
CSI_DATA,113957,d8:b1:90:d9:de:f0,-59,11,-99,-37,61,56,1701036519,100,0,228,0,"[-9,-14,-9,-15,-9,-15,-9,-15,-8,-14,-7,-12,-7,-11,62,-4,-5,-7,-4,-5,-3,-4,-2,-3,-1,-2,0,-1,0,0,1,0,2,1,3,2,3,4,3,5,3,7,40,3,0,11,0,12,-2,14,-4,15,-6,16,-9,16,0,0,-13,16,-16,17,-17,16,-18,16,-19,15,-19,15,-24,9,-17,13,-14,12,-12,11,-8,9,-5,8,-2,7,0,5,3,3,5,2,7,1,9,0,11,0,13,-1,-25,0,16,-3,16,-4,17,-4,16,-4,14,-3,12,-1,9,-1,3,3,3,1,4,1,6,0,6,-5,1,-10,-5,-10,-19,-12,-12,7,-3,14,8,13,16,3,14,-10,2,-18,-11,-14,-18,-3,-15,11,-3,18,9,14,15,4,12,-5,8,-1,-1,-9,-4,-5,-5,-2,-5,0,-5,0,-5,3,0,0,0,9,5,8,11,3,11,-3,8,-11,0,-14,-27,1,-14,-5,-15,5,-9,14,2,17,13,11,17,0,12,-12,0,-16,-11,-12,-16,0,-11,11,0,15,12,9,29,-5,5,-11,-6,-9,-11,0,-4,9,6,9,12,0,7,-10]"
CSI_DATA,113958,d8:b1:90:d9:de:f0,-59,11,-99,-39,61,56,1701179196,280,0,106,0,"[31,0,37,0,18,0,16,0,1,0,-26,0,-12,10,-72,0,-11,10,58,0,-4,10,30,0,6,0,0,0,15,0,-29,10,17,0,-62,10,4,0,84,10,-28,10,57,10,-77,10,39,10,55,10,31,10,0,0,0,0,-38,9,41,10,-70,9,39,10,-72,9,47,10,-37,9,57,10,22,10,68,10,-73,10,87,10,-2,10,-65,10,61,0,-39,10,-65,0,-4,10,-24,0,30,0,4,0,64,0,13,0,79,0,-19,0]"
CSI_DATA,113959,d8:b1:90:d9:de:f0,-59,9,-99,-39,61,56,1701195155,108,0,106,0,"[11,0,71,10,-4,0,-81,10,-37,0,-49,10,-77,0,-21,10,62,0,-8,10,32,0,-2,10,-1,10,-6,10,-30,10,-8,10,-63,10,2,0,86,10,17,0,67,10,55,0,59,10,-74,0,62,10,-22,0,0,0,0,0,83,10,59,0,-84,10,-85,0,-81,10,-87,0,-83,10,57,0,-85,10,-8,0,-78,10,85,0,-65,10,11,0,-46,10,-57,10,-15,10,68,10,15,0,20,10,45,0,-12,9,61,0,-17,9,56,0]"
CSI_DATA,113960,d8:b1:90:d9:de:f0,-59,11,-99,-38,61,56,1701255354,100,0,228,0,"[-12,12,-13,12,-13,12,-12,12,-11,12,-10,11,-8,10,64,-4,-5,8,-3,6,-2,5,-2,4,-1,3,0,2,0,1,0,0,1,-1,2,-2,3,-2,4,-4,6,-4,41,4,10,-4,12,-3,14,-2,16,0,17,0,19,2,0,0,22,4,22,6,24,6,24,8,24,8,23,8,-82,0,20,6,18,4,16,3,14,0,10,-1,8,-2,5,-4,2,-6,0,-6,-2,-8,-4,-8,-7,-9,-9,-10,62,10,-12,-11,-14,-10,-14,-10,-13,-10,-12,-9,-10,-8,-8,-6,2,-3,1,-3,1,-4,-1,-7,-6,-6,-11,0,-10,9,-6,23,10,10,16,0,11,-12,-1,-17,-14,-11,-18,3,-10,16,4,19,16,10,18,-4,10,-15,-3,-16,-12,-8,-4,-3,-7,7,-1,8,2,4,2,3,2,2,3,2,0,0,7,-2,5,-7,0,-10,-7,-9,-13,-2,-13,6,14,21,3,16,13,10,18,0,13,-12,1,-18,-11,-14,-17,-2,-14,10,-2,16,10,12,16,0,10,-11,-1,-15,-23,-18,-12,4,-2,12,8,8,11,-4,2,-12,-8,-9,-12,1]"
CSI_DATA,113961,d8:b1:90:d9:de:f0,-59,11,-99,-35,60,56,1701282542,100,0,228,0,"[0,-18,1,-19,1,-19,0,-18,0,-17,0,-15,-1,-13,66,-4,-2,-9,-2,-7,-1,-5,-1,-4,0,-3,0,-1,0,0,0,1,1,2,0,4,0,4,0,6,0,8,42,4,-3,10,-6,11,-8,11,-10,11,-13,12,-15,12,0,0,-19,11,-22,11,-22,10,-24,9,-24,9,-24,8,-80,9,-20,8,-18,7,-15,8,-11,8,-8,6,-4,6,-1,6,2,5,4,4,7,4,9,2,11,2,14,1,-26,0,17,0,17,-2,18,-2,17,-2,15,-1,13,0,10,0,1,4,2,3,2,3,4,4,8,0,8,-6,1,-13,-10,-22,-15,0,-11,11,0,16,13,12,18,-1,11,-14,-2,-19,-16,-11,-19,2,-11,15,2,18,13,11,15,0,7,0,2,-10,-3,-7,-4,-3,-4,-2,-4,-1,-6,0,0,0,-3,8,2,10,8,7,12,0,11,-7,4,-13,-26,-6,-13,-9,-16,0,-13,11,-2,17,10,14,17,4,15,-8,4,-17,-8,-15,-17,-4,-13,9,-2,16,10,11,30,0,7,-11,-5,-11,-11,0,-6,9,4,11,13,1,8,-9]"
CSI_DATA,113962,d8:b1:90:d9:de:f0,-59,11,-99,-39,61,56,1701386227,280,0,106,0,"[-32,0,22,10,-46,0,37,10,-69,0,74,10,77,0,-63,10,48,0,-39,10,22,0,-20,10,-5,10,-4,10,-33,10,11,0,-52,10,41,0,-55,10,77,0,-39,10,-56,0,1,0,-17,0,52,0,8,0,0,0,0,0,-20,0,17,0,19,0,17,0,34,0,1,0,13,0,-22,0,-41,0,-53,0,64,0,-87,0,1,0,55,0,-59,10,27,0,68,10,0,0,26,10,-26,10,-7,9,-46,10,-17,9,-50,10,12,10]"
CSI_DATA,113963,d8:b1:90:d9:de:f0,-58,9,-99,-38,60,56,1701405851,98,0,106,0,"[86,0,20,0,82,0,-5,0,59,0,-45,0,39,0,-87,0,24,0,65,0,15,0,32,0,9,0,-2,11,-5,11,-32,11,-34,11,-58,11,-71,11,-67,11,70,11,-53,11,19,11,-16,11,-14,10,33,0,0,0,0,0,-32,10,-41,0,-32,10,7,0,-8,10,26,0,20,11,7,0,57,11,-48,0,93,11,67,0,-66,11,0,0,-41,11,-62,11,-18,11,76,11,-2,11,27,11,13,0,-10,10,14,0,-20,10,-1,11]"
CSI_DATA,113964,d8:b1:90:d9:de:f0,-58,11,-99,-36,60,56,1701420248,100,0,228,0,"[-4,-18,-4,-19,-5,-19,-5,-19,-5,-16,-5,-14,-5,-12,67,-4,-4,-8,-4,-6,-2,-4,-2,-4,-1,-2,0,-1,0,0,1,0,2,1,3,3,3,4,4,6,4,7,43,4,2,11,0,13,0,14,-2,16,-4,17,-7,18,0,0,-11,20,-12,20,-14,21,-15,21,-15,21,-15,20,13,10,-13,19,-11,16,-8,14,-5,13,-2,10,0,7,2,5,4,2,7,0,8,-1,9,-4,10,-5,12,-8,-58,0,12,-12,12,-13,12,-14,12,-13,10,-12,9,-9,7,-7,3,4,3,2,3,2,6,1,7,-3,4,-9,-3,-12,-18,-17,-14,5,-6,15,7,15,16,6,16,-8,5,-19,-9,-17,-19,-4,-17,10,-4,19,10,16,16,4,14,-7,9,-2,-2,-10,-6,-5,-5,-2,-5,0,-5,0,-6,4,0,0,2,9,8,7,12,1,11,-7,5,-13,-3,-14,-27,9,-16,0,-14,10,-4,17,8,16,17,7,17,-7,7,-16,-7,-16,-16,-7,-16,7,-4,16,8,14,15,2,23,-20,-1,-13,-11,-5,-9,6,2,11,11,4,10,-8,0,-13]"
CSI_DATA,113965,d8:b1:90:d9:de:f0,-59,11,-99,-37,61,56,1701437858,100,0,228,0,"[-13,11,-14,11,-14,11,-13,11,-12,10,-11,9,-9,8,62,-4,-6,6,-5,5,-4,4,-3,3,-2,2,-1,1,0,0,0,0,1,-1,3,-1,3,-1,5,-1,7,-1,40,3,11,0,11,1,12,4,13,7,14,9,14,11,0,0,14,15,14,18,14,19,13,20,12,21,11,21,-29,0,10,18,9,16,9,14,8,10,7,7,7,3,6,1,5,-1,5,-4,4,-7,3,-9,3,-11,2,-13,22,0,1,-16,1,-17,1,-17,1,-16,1,-14,2,-12,2,-9,1,-3,1,-3,1,-4,0,-6,-5,-6,-10,-1,-10,6,-11,20,7,12,15,3,13,-9,3,-16,-10,-14,-18,-3,-15,11,-3,18,11,15,18,3,15,-9,4,-16,-6,-13,-2,-6,-9,1,-5,5,-1,5,0,3,0,4,1,5,0,0,7,1,9,-3,5,-9,0,-12,-8,-10,-13,-3,-3,25,-7,13,1,16,12,12,17,1,14,-10,3,-17,-8,-14,-16,-4,-14,8,-3,16,8,13,14,2,11,-9,2,-29,-10,-8,-11,3,-2,11,8,7,11,-3,4,-12,-7,-10]"
CSI_DATA,113966,d8:b1:90:d9:de:f0,-59,11,-99,-37,61,56,1701463306,100,0,228,0,"[-10,14,-11,14,-12,14,-12,13,-11,12,-9,11,-9,9,62,-4,-5,7,-4,5,-3,4,-2,3,-1,1,0,0,0,0,0,0,1,-1,3,-2,4,-2,5,-1,7,-1,40,3,10,1,11,4,11,6,11,9,11,12,11,14,0,0,8,19,7,21,5,23,3,24,3,24,1,24,5,0,0,21,0,19,1,16,1,12,3,10,3,7,5,3,5,1,6,0,7,-3,8,-5,9,-7,9,-9,-50,0,11,-11,12,-12,12,-11,12,-11,11,-9,9,-7,7,-5,1,-4,0,-3,0,-3,-1,-5,-5,-5,-11,0,-9,7,-9,21,8,11,15,2,13,-9,3,-16,-9,-14,-18,-3,-15,10,-3,18,9,16,17,5,16,-7,6,-14,-3,-13,0,-6,-9,0,-6,3,-3,3,-1,3,-1,4,0,5,0,0,7,4,9,-1,7,-7,2,-11,-3,-11,-11,-8,-12,22,-12,8,-5,14,4,15,13,9,17,0,12,-12,1,-17,-11,-12,-16,-2,-12,10,-1,15,9,12,15,0,21,-20,-1,-12,-11,-5,-10,5,0,11,10,6,11,-4,3,-12]"
CSI_DATA,113967,d8:b1:90:d9:de:f0,-59,11,-99,-39,61,56,1701531031,100,0,228,0,"[0,-18,0,-19,0,-19,-1,-19,-2,-17,-2,-15,-2,-13,66,-4,-2,-8,-2,-6,-2,-5,-1,-4,0,-2,0,-1,1,0,2,1,2,2,3,3,3,4,4,6,2,8,42,4,1,11,0,13,-2,14,-4,15,-6,16,-8,17,0,0,-13,17,-15,18,-16,19,-17,19,-17,19,-17,18,-58,9,-14,16,-12,15,-9,14,-6,12,-3,9,0,7,1,5,4,2,6,0,7,-1,8,-4,10,-6,11,-8,-35,0,13,-12,12,-13,12,-13,11,-13,10,-11,8,-9,6,-7,2,4,2,2,3,3,6,2,8,-2,6,-8,-1,-13,-13,-19,-15,2,-8,13,3,17,15,8,17,-5,8,-17,-6,-18,-18,-7,-18,7,-7,17,6,17,15,7,14,-4,9,0,0,-10,-4,-6,-5,-3,-5,-1,-6,0,-6,3,0,0,1,9,7,8,12,2,11,-5,6,-13,-2,-14,-27,6,-15,-1,-13,9,-5,16,6,16,16,7,17,-6,8,-15,-4,-17,-15,-7,-15,6,-6,15,7,14,15,3,23,-19,0,-13,-10,-6,-9,6,1,11,10,4,10,-7,0,-12]"
CSI_DATA,113968,d8:b1:90:d9:de:f0,-59,11,-99,-40,61,56,1701595087,280,0,106,0,"[81,0,-24,9,75,0,-2,9,66,0,44,10,53,0,87,10,38,0,-60,10,23,0,-28,10,7,0,-4,10,-8,10,24,0,-8,10,53,0,9,0,84,0,48,0,-72,0,-81,0,-61,0,-25,0,-66,0,0,0,0,0,67,0,70,0,-80,0,48,0,-81,0,26,0,67,0,26,0,7,0,38,0,-68,0,57,0,38,0,70,0,-24,10,84,0,-79,10,-87,0,50,10,-82,0,11,10,-79,0,-2,9,-82,0,31,10]"
CSI_DATA,113969,d8:b1:90:d9:de:f0,-59,11,-99,-37,61,56,1701606740,100,0,228,0,"[-16,3,-18,2,-18,2,-17,1,-16,0,-14,1,-12,1,62,-4,-9,0,-7,0,-6,1,-4,0,-3,0,-1,0,0,0,1,0,1,0,3,1,3,1,5,2,5,4,40,3,5,8,5,11,3,13,1,15,0,17,-1,18,0,0,-6,20,-8,21,-10,20,-12,21,-12,20,-14,19,61,9,-12,16,-11,14,-9,13,-5,11,-3,9,-1,7,0,6,3,4,5,3,7,3,9,1,11,1,13,1,-25,0,16,0,17,-1,16,0,16,0,14,0,12,1,9,1,3,-1,3,-2,3,-3,3,-5,-1,-8,-7,-7,-12,0,-20,9,-1,14,9,12,16,2,12,-10,1,-17,-11,-14,-18,-1,-15,11,-3,18,9,16,16,5,15,-7,5,-12,3,-5,-7,-6,-7,-1,-5,1,-3,1,-3,2,-3,3,0,0,1,7,7,6,11,0,10,-5,5,-12,-2,-13,-24,7,-15,-1,-14,7,-7,16,5,16,14,9,17,-2,11,-12,0,-16,-11,-11,-16,0,-11,11,0,15,11,10,29,-1,6,-11,-4,-11,-11,-1,-7,9,3,11,12,3,10,-7]"
CSI_DATA,113970,d8:b1:90:d9:de:f0,-59,11,-99,-38,61,56,1701707244,100,0,228,0,"[-4,-16,-3,-17,-2,-18,-2,-17,-2,-16,-1,-14,-1,-12,64,-4,0,-9,0,-8,0,-6,0,-5,0,-3,0,-2,0,-1,0,0,0,1,-1,2,-2,3,-4,4,-5,4,41,4,-10,4,-12,4,-14,2,-15,0,-18,-1,-18,-3,0,0,-20,-8,-20,-10,-20,-12,-20,-14,-19,-15,-18,-15,-18,9,-14,-14,-13,-13,-12,-10,-10,-8,-8,-5,-7,-2,-6,0,-5,2,-4,5,-4,7,-3,9,-4,10,-3,12,-47,10,-4,16,-4,16,-4,16,-5,16,-5,14,-5,12,-5,9,2,4,2,4,4,4,7,2,9,-2,6,-8,-1,-13,-11,-20,-15,0,-11,10,-1,16,11,12,18,2,14,-11,2,-18,-11,-15,-18,-4,-16,10,-5,17,6,15,13,7,5,2,7,-8,1,-7,-2,-5,-2,-3,-2,-3,-2,-3,0,0,-7,1,-7,6,-2,10,4,12,11,8,14,0,-4,-24,4,-16,-6,-16,-15,-8,-18,3,-11,14,0,18,12,13,16,2,13,-10,2,-16,-10,-12,-14,-1,-10,9,-3,28,10,8,11,-2,3,-11,-7,-8,-11,1,-6,11,4,11]"
CSI_DATA,113971,d8:b1:90:d9:de:f0,-58,11,-99,-36,60,56,1701726249,100,0,228,0,"[-11,-14,-12,-15,-12,-15,-12,-14,-11,-13,-10,-12,-9,-9,67,-4,-7,-6,-6,-4,-4,-3,-3,-2,-2,-2,0,-1,0,0,1,0,2,0,3,1,4,2,5,4,6,4,43,4,6,10,4,12,4,14,3,16,2,18,0,20,0,0,-2,22,-4,24,-5,24,-7,25,-7,25,-6,24,87,10,-4,21,-4,19,-2,16,0,13,2,10,2,7,4,3,5,0,6,-2,7,-4,7,-7,7,-9,7,-12,-79,0,7,-16,6,-16,6,-16,5,-16,5,-14,4,-12,3,-9,4,3,4,1,4,0,7,-1,6,-7,0,-11,-8,-9,-23,-8,-11,11,0,16,12,12,17,0,11,-14,-2,-19,-16,-11,-20,3,-12,16,3,19,15,11,16,-2,10,-11,6,-5,-6,-9,-7,-3,-6,0,-4,2,-4,3,-2,6,0,0,4,8,10,3,12,-3,8,-9,0,-14,-8,-12,-21,19,-15,5,-9,14,2,17,14,12,18,0,13,-13,0,-19,-12,-12,-17,0,-12,12,1,16,13,9,15,-3,13,-27,-6,-12,-12,0,-6,9,6,9,12,0,6,-11,-5,-12]"
CSI_DATA,113972,d8:b1:90:d9:de:f0,-59,11,-99,-38,61,56,1701740004,100,0,228,0,"[16,-8,17,-8,18,-8,16,-8,15,-8,13,-7,11,-6,64,-4,8,-6,6,-4,4,-4,3,-2,2,-2,2,0,0,0,0,1,-1,2,-2,2,-4,2,-5,3,-7,4,41,4,-10,2,-12,0,-14,0,-15,-2,-17,-4,-18,-6,0,0,-20,-10,-20,-12,-20,-13,-21,-14,-21,-14,-20,-14,-57,9,-18,-12,-16,-10,-14,-7,-12,-5,-10,-2,-8,0,-6,3,-3,5,0,7,1,8,3,9,5,10,7,12,-78,0,11,14,12,13,12,12,12,12,10,11,8,10,6,8,-2,4,-2,3,-2,4,0,6,5,7,10,3,12,-6,14,-19,-6,-13,-15,-4,-14,8,-4,17,10,15,18,3,15,-12,2,-20,-12,-15,-19,-2,-14,11,-2,16,8,12,2,6,9,-4,4,-6,1,-6,0,-5,-1,-5,-3,-4,0,0,-8,1,-7,7,-1,11,6,10,12,5,14,-3,-9,-25,0,-16,-10,-13,-16,-4,-16,8,-6,16,6,16,16,7,16,-6,6,-16,-6,-15,-16,-6,-14,8,-2,15,19,24,13,-1,5,-10,-6,-10,-12,0,-5,11,6,11,13,1]"
CSI_DATA,113973,d8:b1:90:d9:de:f0,-59,11,-99,-38,61,56,1701761143,100,0,228,0,"[-16,-8,-16,-8,-17,-8,-16,-7,-16,-6,-14,-5,-12,-4,64,-4,-9,-1,-8,-1,-6,0,-4,0,-3,0,-1,0,0,0,1,0,2,0,4,0,5,0,6,1,7,1,41,4,9,5,10,7,10,9,10,12,10,14,10,16,0,0,10,20,10,22,9,22,8,23,9,23,8,22,74,0,8,20,8,17,9,13,8,10,8,6,7,3,6,0,4,-2,4,-5,2,-8,2,-10,0,-12,-2,-14,-3,10,-4,-17,-6,-17,-6,-16,-6,-16,-5,-14,-4,-12,-3,-9,4,0,4,0,4,-1,5,-4,2,-8,-4,-9,-12,-4,-24,2,-5,14,6,14,16,4,14,-8,3,-18,-11,-15,-19,-2,-15,12,-2,19,12,14,18,1,12,-10,2,-14,2,-7,-9,-4,-7,2,-4,3,-2,3,-2,5,0,6,0,0,8,3,10,-2,7,-8,0,-12,-7,-11,-13,-4,-5,26,-9,13,1,16,12,12,17,0,13,-11,2,-18,-10,-14,-17,-2,-13,10,0,16,12,12,15,-1,9,-12,-6,-29,-12,-4,-10,7,2,11,11,4,9,-8,-2,-12,-12,-6]"
CSI_DATA,113974,d8:b1:90:d9:de:f0,-59,11,-99,-37,61,56,1701775832,100,0,228,0,"[10,14,11,15,11,15,10,14,10,14,9,12,8,10,62,-4,5,6,5,5,3,3,2,3,1,2,0,1,0,0,-1,0,-2,-1,-3,-1,-3,-3,-3,-5,-3,-6,40,3,-1,-10,0,-12,1,-13,3,-14,5,-16,7,-16,0,0,12,-17,14,-18,15,-18,17,-17,18,-16,18,-16,50,0,16,-14,13,-13,11,-12,7,-10,4,-8,1,-7,0,-5,-3,-4,-5,-2,-7,0,-9,0,-11,1,-12,3,18,9,-15,6,-16,6,-16,6,-15,6,-14,5,-11,4,-9,3,-3,-2,-3,-1,-3,-1,-5,0,-6,5,-1,10,6,10,20,11,12,-7,3,-15,-9,-12,-16,-2,-14,10,-1,18,11,14,19,1,14,-12,2,-18,-10,-14,-16,-3,-12,6,-7,2,1,9,5,5,5,2,5,0,5,-1,5,-3,0,0,-1,-9,-7,-7,-11,-3,-11,4,-7,11,1,14,26,-4,14,3,14,-6,7,-14,-3,-16,-14,-10,-17,1,-11,12,1,16,12,11,16,-1,10,-12,-2,-15,-12,-7,-27,9,-3,12,8,9,11,-1,3,-10,-7,-8,-12,1,-6,11]"
CSI_DATA,113975,d8:b1:90:d9:de:f0,-59,11,-99,-37,61,56,1701791887,100,0,228,0,"[-14,10,-15,11,-15,11,-14,11,-12,10,-11,9,-10,9,62,-4,-6,7,-5,5,-3,4,-2,3,-1,2,-1,1,0,0,0,0,1,-1,1,-1,3,-2,5,-3,6,-3,40,3,10,-1,12,0,13,1,14,3,16,5,16,7,0,0,18,10,19,12,20,13,20,15,19,14,19,14,22,0,16,12,15,10,14,8,12,5,10,3,8,0,5,-2,4,-5,1,-6,0,-8,-1,-9,-3,-11,-5,-12,-42,9,-7,-14,-9,-16,-9,-15,-8,-14,-7,-12,-6,-11,-4,-9,1,-3,1,-3,1,-3,0,-5,-5,-6,-10,-1,-10,6,-11,21,8,12,15,2,12,-9,1,-16,-11,-14,-18,0,-13,13,0,19,12,13,19,1,13,-11,1,-16,-8,-11,-3,-5,-9,4,-3,6,0,4,0,3,1,3,3,4,0,0,8,0,7,-6,1,-9,-5,-11,-11,-5,-14,2,7,24,-1,15,8,13,15,5,16,-5,7,-15,-4,-16,-14,-9,-16,3,-8,13,4,16,14,7,14,-5,5,-14,-14,-25,-13,0,-7,10,4,11,12,1,7,-9,-3,-12,-12,-4]"
CSI_DATA,113976,d8:b1:90:d9:de:f0,-59,11,-99,-35,60,56,1701807128,100,0,228,0,"[19,1,19,0,20,0,19,0,17,0,15,0,13,-1,66,-4,9,-1,7,-2,6,-1,4,-1,2,0,1,0,0,1,0,2,-2,2,-4,2,-4,3,-6,3,-8,2,42,4,-11,0,-13,0,-14,-2,-15,-4,-16,-6,-17,-8,0,0,-18,-13,-18,-15,-18,-16,-18,-17,-19,-17,-18,-17,-13,9,-17,-15,-15,-12,-13,-9,-12,-6,-10,-3,-8,0,-5,2,-2,4,0,6,1,8,4,9,6,10,8,11,-83,0,13,12,14,12,14,11,13,11,12,9,11,8,8,6,-4,2,-3,3,-3,3,-2,6,1,8,8,7,13,0,20,-11,-1,-15,-13,-10,-17,2,-10,14,4,17,16,9,19,-5,8,-18,-6,-19,-17,-8,-17,6,-7,15,3,15,0,9,10,0,6,-4,4,-5,1,-6,0,-6,-3,-6,0,0,-10,1,-7,7,-2,12,6,12,12,6,14,-2,-7,-28,2,-15,-8,-13,-16,-4,-15,6,-7,16,5,17,16,8,17,-4,8,-16,-6,-16,-15,-6,-14,7,-3,15,20,22,13,-1,5,-11,-6,-8,-11,1,-4,11,8,10,13,0]"
CSI_DATA,113977,d8:b1:90:d9:de:f0,-59,11,-99,-39,61,56,1701820933,100,0,228,0,"[-11,-13,-12,-14,-13,-15,-12,-14,-12,-13,-11,-11,-10,-8,66,-4,-8,-5,-6,-4,-4,-3,-3,-2,-2,-2,-1,-1,0,-1,1,0,2,0,4,0,4,2,6,3,6,5,42,4,6,9,6,11,6,13,4,15,3,17,2,19,0,0,0,22,-1,24,-2,25,-3,26,-3,26,-3,25,-59,10,-2,22,-1,19,0,17,0,13,2,10,3,6,4,3,4,0,5,-2,6,-5,5,-8,5,-10,5,-12,68,0,4,-16,4,-17,4,-17,4,-17,4,-15,3,-13,3,-10,4,2,4,1,4,0,6,-2,5,-7,0,-11,-9,-8,-23,-7,-10,11,1,16,13,11,17,-2,11,-15,-3,-19,-16,-11,-19,4,-10,17,4,19,16,10,17,-3,9,-12,6,-6,-6,-8,-8,-2,-6,1,-4,2,-4,4,-2,6,0,0,6,7,10,3,11,-4,7,-11,0,-15,-10,-11,-19,21,-15,8,-6,16,4,17,15,9,18,-2,11,-15,-2,-17,-13,-11,-17,2,-9,13,3,16,13,7,14,-4,10,-28,-7,-10,-11,0,-4,10,6,8,11,-2,4,-11,-6,-11]"
CSI_DATA,113978,d8:b1:90:d9:de:f0,-59,11,-99,-37,61,56,1701846922,100,0,228,0,"[11,-13,12,-13,12,-12,12,-12,11,-11,10,-10,9,-9,62,-4,5,-7,5,-5,3,-3,3,-3,2,-1,1,0,1,0,0,1,0,1,-1,3,-3,3,-5,3,-7,3,40,3,-10,1,-12,0,-14,-1,-14,-4,-16,-6,-16,-8,0,0,-16,-13,-16,-15,-16,-16,-15,-19,-14,-19,-13,-19,47,9,-11,-17,-9,-15,-8,-12,-7,-10,-6,-6,-5,-3,-4,0,-4,1,-3,3,-3,6,-1,8,-1,11,0,12,-29,9,0,16,0,17,0,17,-1,16,-1,14,-1,12,-2,9,-1,4,0,4,0,5,2,5,7,4,10,-1,7,-9,7,-21,-9,-9,-15,0,-11,11,0,16,12,12,17,0,12,-12,0,-18,-12,-13,-18,-1,-14,10,-3,16,7,12,2,9,10,-1,5,-5,2,-5,0,-4,0,-4,-2,-5,0,0,-9,0,-8,5,-4,10,2,12,10,9,14,1,1,-27,6,-14,-4,-15,-14,-10,-17,1,-12,12,-1,17,10,13,16,3,13,-9,3,-15,-8,-12,-14,-2,-11,9,0,27,9,7,10,-3,2,-9,-7,-6,-9,3,-3,11,7,9]"
CSI_DATA,113979,d8:b1:90:d9:de:f0,-59,11,-99,-36,60,56,1701868447,100,0,228,0,"[-1,18,-2,19,-2,19,-2,19,-2,17,-2,15,-2,13,67,-4,0,9,0,7,0,6,0,4,0,2,0,1,-1,0,-1,-1,0,-2,0,-4,0,-5,2,-7,3,-7,43,4,7,-8,10,-7,12,-7,14,-6,16,-4,19,-2,0,0,22,0,24,2,25,4,25,6,24,7,24,7,-89,0,21,7,19,7,16,4,13,2,10,0,7,-1,4,-3,2,-4,0,-6,-2,-7,-4,-9,-5,-10,-8,-12,86,10,-11,-13,-12,-14,-12,-14,-11,-13,-9,-12,-7,-11,-5,-9,-1,-4,-2,-3,-2,-4,-5,-3,-9,0,-9,7,-2,13,7,24,14,2,14,-8,3,-16,-9,-14,-18,-3,-15,11,-3,19,11,16,19,4,16,-10,4,-19,-7,-16,-14,-6,-7,-4,-7,8,-1,8,1,6,2,4,4,4,6,2,0,0,7,-5,3,-9,-3,-11,-10,-7,-14,0,-12,8,16,24,4,16,14,10,17,0,13,-12,2,-17,-9,-15,-17,-4,-15,8,-5,16,7,15,16,4,13,-8,2,-15,-19,-24,-13,0,-6,10,5,9,11,0,5,-10,-5,-11,-12,-2]"
CSI_DATA,113980,d8:b1:90:d9:de:f0,-59,11,-99,-37,61,56,1701880890,100,0,228,0,"[-2,-17,-2,-18,-2,-18,-2,-17,-3,-16,-3,-14,-3,-12,62,-4,-3,-8,-3,-6,-2,-5,-1,-3,-1,-2,0,-1,0,0,1,1,1,1,1,3,1,4,1,5,1,7,40,3,-1,10,-3,11,-4,12,-7,12,-9,13,-11,13,0,0,-15,13,-16,14,-18,14,-19,13,-20,13,-19,12,-52,9,-17,12,-14,11,-12,11,-8,10,-5,8,-2,7,0,6,3,4,5,3,7,1,9,0,11,-1,13,-2,-22,0,15,-5,16,-6,16,-7,15,-7,13,-5,11,-4,9,-3,2,3,2,1,2,3,5,2,7,-1,6,-7,-1,-12,-14,-18,-14,1,-8,12,3,15,14,9,16,-4,8,-16,-5,-17,-16,-7,-17,6,-7,17,5,16,14,7,14,-3,7,-1,0,-9,-4,-5,-4,-3,-3,-1,-4,0,-5,1,0,0,0,8,4,8,10,4,11,-1,8,-9,1,-12,-25,0,-13,-5,-14,4,-9,12,1,16,12,11,16,0,12,-11,0,-16,-11,-11,-16,0,-10,12,2,15,12,7,27,-8,3,-12,-7,-9,-11,1,-3,11,7,9,12,-1,5,-11]"
CSI_DATA,113981,d8:b1:90:d9:de:f0,-59,11,-99,-38,61,56,1701894150,100,0,228,0,"[14,-11,15,-11,15,-11,14,-11,13,-12,11,-10,9,-10,64,-4,5,-7,4,-6,3,-4,2,-4,1,-2,1,0,1,0,0,1,0,2,-1,4,-2,5,-4,5,-5,6,41,4,-8,6,-10,5,-13,4,-14,2,-16,1,-18,0,0,0,-20,-2,-22,-5,-22,-5,-24,-6,-23,-8,-24,-7,-76,9,-21,-6,-19,-4,-16,-2,-13,0,-10,1,-8,3,-4,4,-2,5,1,6,4,7,6,7,9,8,12,7,-48,0,16,7,17,7,17,6,16,6,14,5,12,4,9,4,-2,4,0,4,0,3,1,5,5,6,10,1,10,-7,8,-22,-9,-11,-16,-1,-12,11,0,18,13,12,18,-2,12,-15,-3,-19,-15,-11,-19,3,-10,14,2,17,10,10,5,6,8,-6,2,-7,0,-6,-1,-4,-2,-4,-6,-3,0,0,-8,5,-3,10,3,10,10,8,12,0,11,-8,-18,-20,-5,-14,-12,-8,-16,2,-11,12,0,17,11,12,16,1,13,-10,1,-16,-12,-12,-16,0,-10,12,2,15,27,14,12,-6,1,-12,-9,-6,-10,5,0,11,10,7,12,-4]"
CSI_DATA,113982,d8:b1:90:d9:de:f0,-59,11,-99,-34,60,56,1701917832,100,0,228,0,"[15,-9,16,-9,17,-9,16,-8,15,-7,14,-7,12,-6,64,-4,8,-4,6,-4,5,-3,4,-2,2,-2,2,0,0,0,0,0,-2,1,-3,1,-4,1,-6,0,-8,0,41,4,-10,-4,-10,-6,-10,-9,-10,-12,-10,-14,-8,-16,0,0,-5,-21,-4,-23,-2,-24,0,-25,0,-25,2,-24,44,0,2,-22,2,-19,0,-16,0,-13,-2,-10,-2,-7,-4,-4,-5,-2,-6,0,-8,2,-9,5,-10,7,-10,9,48,10,-13,12,-13,12,-13,12,-13,12,-12,10,-10,8,-8,6,-2,4,-1,3,-2,4,0,6,4,7,10,4,12,-4,16,-18,-4,-14,-14,-7,-16,5,-8,15,6,18,16,8,18,-6,9,-18,-5,-19,-16,-10,-18,4,-10,13,0,15,0,7,10,2,7,-2,4,-3,2,-3,2,-4,0,-6,0,0,-7,-5,-10,0,-10,6,-4,11,2,13,10,10,17,-21,14,-7,6,-14,-4,-16,-13,-11,-18,0,-13,12,-2,18,10,14,17,3,13,-9,2,-16,-10,-12,-15,-1,-22,20,2,13,11,6,10,-6,0,-11,-10,-6,-11,6,-2,13]"
CSI_DATA,113983,d8:b1:90:d9:de:f0,-59,11,-99,-37,61,56,1701945173,100,0,228,0,"[11,-13,12,-13,12,-13,12,-12,11,-12,10,-10,9,-9,62,-4,5,-7,4,-5,3,-4,2,-3,1,-1,1,-1,0,0,0,0,-1,1,-3,1,-4,1,-6,1,-7,1,40,3,-9,-1,-11,-3,-11,-6,-11,-9,-11,-11,-11,-14,0,0,-8,-19,-7,-20,-5,-22,-4,-24,-3,-24,-2,-24,-5,9,-1,-21,-1,-18,-1,-16,-2,-12,-3,-9,-3,-6,-4,-3,-5,-1,-6,1,-7,3,-8,5,-9,7,-9,9,55,9,-11,12,-11,13,-11,12,-11,12,-11,10,-9,8,-7,5,0,4,0,3,0,3,1,5,5,5,9,1,9,-7,10,-20,-7,-12,-14,-3,-14,8,-3,16,9,14,17,3,15,-10,4,-18,-9,-16,-18,-5,-16,7,-6,14,3,13,0,7,9,0,5,-3,3,-3,1,-3,1,-4,0,-5,0,0,-7,-3,-9,1,-7,7,-2,11,4,11,11,7,11,-22,11,-8,5,-14,-5,-14,-13,-8,-16,2,-11,12,0,16,11,12,16,1,12,-11,1,-15,-10,-11,-14,0,-19,21,2,12,11,5,9,-6,0,-11,-10,-5,-11,5,-2,12]"
CSI_DATA,113984,d8:b1:90:d9:de:f0,-59,11,-99,-34,60,56,1701969049,100,0,228,0,"[-10,14,-12,14,-12,14,-12,13,-11,12,-10,10,-8,10,64,-4,-6,7,-4,5,-4,4,-2,3,-2,2,-1,0,-1,0,0,0,1,-2,2,-2,4,-2,5,-2,8,-2,41,4,11,0,12,2,14,3,15,6,15,8,16,11,0,0,15,16,14,18,14,20,13,22,11,22,10,22,-58,0,8,20,8,17,7,14,6,12,6,8,6,4,5,2,5,0,5,-3,4,-6,4,-8,4,-10,4,-12,46,0,4,-16,4,-17,4,-17,5,-16,5,-14,6,-12,5,-9,2,-4,0,-4,0,-5,-2,-6,-7,-5,-11,0,-9,9,-8,22,10,10,16,1,12,-11,0,-17,-12,-13,-18,0,-14,13,-1,20,12,15,19,2,15,-10,4,-16,-6,-13,-2,-7,-10,2,-6,5,-2,5,0,4,0,5,2,5,0,0,8,2,9,-4,6,-9,0,-13,-8,-11,-14,-4,-4,27,-8,14,2,17,12,12,17,2,15,-10,5,-17,-7,-16,-16,-6,-16,6,-6,15,6,14,14,5,13,-6,7,-28,-8,-10,-11,0,-4,10,6,8,11,-1,6,-10,-4,-11]"
CSI_DATA,113985,d8:b1:90:d9:de:f0,-59,11,-99,-38,61,56,1701994530,100,0,228,0,"[15,9,16,10,17,10,16,8,15,8,13,6,12,5,64,-4,9,2,7,1,6,2,4,0,2,0,2,0,0,0,-1,0,-2,0,-4,0,-5,-1,-6,-2,-6,-3,41,4,-8,-7,-8,-10,-8,-12,-6,-14,-6,-16,-5,-18,0,0,-3,-21,-1,-23,-1,-24,0,-26,0,-24,0,-24,13,0,0,-22,-2,-20,-2,-16,-3,-12,-4,-9,-4,-6,-5,-3,-6,0,-5,2,-6,6,-6,7,-5,10,-4,12,-62,10,-4,16,-4,17,-4,17,-3,17,-2,15,-2,13,-2,10,-4,-1,-4,0,-4,0,-5,3,-4,8,3,10,11,5,24,0,7,-13,-4,-15,-15,-6,-16,6,-6,17,8,16,18,6,17,-10,6,-18,-10,-17,-18,-4,-15,8,-6,14,-3,7,8,6,8,0,5,-2,3,-2,2,-3,2,-6,0,0,-6,-6,-10,-1,-10,5,-6,12,2,12,11,9,15,-23,13,-8,4,-15,-6,-16,-16,-8,-17,4,-9,15,3,16,15,9,16,-4,8,-14,-4,-15,-14,-6,-14,6,-8,28,8,10,12,-2,4,-10,-7,-8,-11,2,-4,12,6,10]"
CSI_DATA,113986,d8:b1:90:d9:de:f0,-59,11,-99,-35,60,56,1702009742,100,0,228,0,"[-6,17,-6,18,-6,19,-4,17,-4,17,-2,15,-1,13,66,-4,0,9,0,6,0,5,0,4,0,2,0,1,-1,0,-2,-1,-2,-2,-2,-4,-2,-5,-2,-7,-2,-8,42,4,0,-11,2,-13,4,-14,6,-15,7,-15,10,-16,0,0,13,-17,15,-17,16,-18,18,-19,17,-18,17,-18,54,0,14,-17,11,-15,9,-14,6,-12,3,-9,0,-6,-2,-4,-4,-2,-6,0,-7,2,-8,4,-9,7,-9,10,47,10,-10,14,-10,15,-9,16,-8,15,-7,13,-6,12,-4,9,0,-5,-1,-3,-1,-4,-4,-4,-8,-2,-8,5,-3,13,7,23,15,2,12,-10,1,-17,-13,-13,-18,0,-12,15,2,19,16,11,19,-4,11,-16,-3,-17,-14,-9,-15,2,-9,0,0,10,3,7,4,4,6,2,6,0,6,-2,0,0,-1,-10,-7,-8,-12,-2,-13,5,-6,12,2,15,28,-8,15,0,13,-9,4,-16,-7,-15,-16,-6,-16,6,-6,16,6,16,16,6,16,-7,4,-15,-9,-13,-15,0,-19,24,3,13,11,3,8,-7,-3,-10,-11,-1,-7,9,3,12]"
CSI_DATA,113987,d8:b1:90:d9:de:f0,-59,11,-99,-37,61,56,1702032725,100,0,228,0,"[-12,12,-12,12,-12,12,-11,12,-11,12,-9,11,-7,10,62,-4,-4,7,-3,6,-2,5,-2,3,-1,3,-1,1,0,0,0,0,0,-1,2,-2,2,-3,4,-4,5,-4,40,3,9,-3,11,-3,13,-1,15,0,16,0,18,1,0,0,20,5,22,7,22,7,22,9,22,9,22,9,-77,0,20,8,17,5,16,4,12,2,10,0,7,-1,5,-3,2,-5,0,-7,-1,-7,-3,-9,-6,-9,-7,-11,47,9,-11,-11,-12,-11,-12,-11,-12,-11,-11,-9,-9,-9,-7,-7,1,-3,0,-3,0,-4,-1,-6,-6,-5,-10,0,-9,9,-5,22,11,10,15,0,11,-11,-1,-16,-14,-11,-18,3,-11,15,3,18,15,10,18,-3,10,-14,-2,-16,-11,-9,-4,-3,-7,6,-1,6,1,5,1,3,1,3,3,3,0,0,7,-3,5,-8,0,-11,-7,-9,-12,-3,-12,5,14,22,2,14,12,10,17,0,13,-11,2,-16,-9,-14,-16,-3,-14,8,-3,16,9,13,15,2,11,-9,0,-14,-21,-19,-12,3,-3,11,7,8,11,-1,3,-10,-7,-9,-12,0]"
CSI_DATA,113988,d8:b1:90:d9:de:f0,-59,11,-99,-38,61,56,1702054628,100,0,228,0,"[12,-13,14,-14,14,-14,12,-14,12,-13,10,-12,8,-10,64,-4,4,-8,3,-6,2,-5,2,-4,0,-2,0,0,0,0,0,1,0,2,-2,4,-2,5,-4,5,-5,5,41,4,-9,5,-11,4,-13,2,-15,0,-16,-1,-18,-3,0,0,-20,-8,-20,-9,-21,-11,-22,-12,-21,-13,-20,-13,-28,9,-18,-12,-17,-9,-15,-7,-12,-4,-10,-2,-8,0,-6,3,-3,4,0,6,1,8,3,10,5,11,7,12,58,0,10,14,12,14,12,14,11,13,10,11,8,10,6,8,-1,4,0,3,0,3,1,5,6,6,10,1,9,-8,6,-22,-10,-11,-16,0,-12,12,0,17,14,12,18,-2,12,-15,-2,-19,-16,-12,-19,2,-11,14,1,16,10,10,4,7,8,-4,3,-6,0,-5,0,-4,-2,-5,-4,-4,0,0,-9,3,-5,8,0,11,8,10,12,3,13,-4,-12,-25,0,-14,-9,-12,-16,-3,-14,8,-6,16,6,16,15,8,16,-5,7,-15,-6,-16,-15,-6,-14,6,-4,15,18,25,13,0,7,-10,-5,-10,-11,0,-6,10,5,12,12,2]"
CSI_DATA,113989,d8:b1:90:d9:de:f0,-59,11,-99,-37,61,56,1702072667,100,0,228,0,"[-16,-5,-18,-5,-18,-5,-17,-4,-16,-3,-14,-2,-12,-1,62,-4,-9,0,-7,0,-5,0,-4,0,-2,0,-1,0,0,0,1,0,2,0,3,0,5,0,6,0,7,0,40,3,9,3,10,5,10,7,11,9,11,11,11,13,0,0,11,17,9,19,10,21,10,22,10,22,9,22,-48,0,9,18,9,16,9,12,9,9,8,5,7,2,6,0,5,-3,3,-5,2,-7,0,-10,-1,-12,-2,-13,-34,9,-5,-16,-7,-16,-7,-16,-7,-14,-6,-13,-5,-11,-3,-9,3,0,2,-1,3,0,5,-3,1,-7,-4,-9,-11,-3,-23,5,-3,14,8,12,16,3,12,-10,1,-17,-12,-12,-18,0,-13,14,1,19,13,12,18,0,11,-11,0,-14,1,-7,-9,-1,-6,2,-3,3,-1,3,-1,4,0,5,0,0,8,2,9,-3,6,-8,0,-12,-7,-9,-12,-2,-2,25,-7,12,2,14,12,10,16,0,12,-11,1,-16,-11,-13,-16,-1,-12,10,0,16,11,11,14,-1,8,-12,-9,-28,-12,-3,-9,7,1,11,11,3,9,-8,-1,-12,-11,-5]"
CSI_DATA,113990,d8:b1:90:d9:de:f0,-59,11,-99,-38,61,56,1702092348,100,0,228,0,"[10,-14,11,-15,11,-15,10,-14,9,-14,8,-12,6,-11,64,-4,3,-8,2,-6,2,-5,1,-4,0,-2,1,0,1,0,0,1,0,2,0,4,-2,5,-3,6,-4,7,41,4,-8,6,-10,6,-12,4,-14,3,-16,2,-18,0,0,0,-21,-2,-22,-4,-24,-5,-24,-6,-24,-7,-24,-7,-69,9,-20,-6,-18,-4,-16,-3,-13,-1,-10,0,-7,2,-4,4,-2,5,1,6,4,6,6,8,8,8,10,9,-68,0,14,10,15,10,16,9,14,8,12,8,10,7,8,6,0,4,0,4,0,4,2,6,7,5,10,-1,8,-9,4,-23,-12,-9,-16,2,-9,14,4,16,15,9,18,-5,8,-17,-6,-18,-17,-8,-18,5,-9,15,4,16,12,8,6,6,7,-6,2,-7,0,-6,-1,-5,-3,-4,-6,-4,0,0,-7,5,-3,9,3,10,10,8,13,0,11,-8,-17,-21,-4,-14,-12,-9,-16,1,-12,11,-1,16,10,14,16,2,14,-10,2,-16,-10,-13,-16,-1,-11,10,0,15,24,18,12,-4,3,-11,-8,-7,-10,3,-2,11,8,9,12,-1]"
CSI_DATA,113991,d8:b1:90:d9:de:f0,-59,11,-99,-37,61,56,1702116639,100,0,228,0,"[-13,-11,-14,-12,-14,-12,-14,-11,-13,-10,-12,-8,-10,-7,62,-4,-7,-4,-6,-3,-5,-1,-3,-1,-1,-1,-1,0,0,0,1,0,3,0,3,0,5,1,5,3,6,5,40,3,5,9,5,11,3,12,2,14,1,16,0,18,0,0,-3,21,-5,22,-5,24,-7,24,-7,23,-8,22,55,9,-7,20,-5,18,-3,15,-1,12,0,9,1,7,3,4,5,1,6,-1,7,-3,7,-5,8,-7,9,-10,-59,0,9,-14,9,-14,9,-15,9,-14,8,-12,7,-10,5,-8,4,1,3,0,4,0,6,-1,5,-7,0,-11,-9,-8,-23,-5,-9,11,1,16,12,9,17,-2,10,-14,-3,-18,-16,-9,-18,5,-9,16,4,18,15,9,16,-3,9,-11,6,-5,-5,-7,-7,-2,-5,0,-5,1,-4,3,-3,5,0,0,4,7,9,3,11,-2,8,-9,0,-12,-7,-11,-21,16,-14,3,-9,12,0,16,11,12,16,1,14,-10,3,-16,-9,-14,-16,-2,-12,10,-1,16,11,11,15,0,18,-23,-3,-12,-11,-3,-8,7,3,10,11,2,9,-9,-1,-12]"
CSI_DATA,113992,d8:b1:90:d9:de:f0,-59,11,-99,-38,61,56,1702155184,100,0,228,0,"[-18,0,-18,-1,-19,-1,-18,-1,-16,-1,-14,0,-12,0,64,-4,-8,0,-7,0,-6,0,-4,0,-2,0,-1,0,0,0,2,0,2,-1,4,0,5,0,6,0,7,2,41,4,9,6,9,8,8,10,8,12,7,15,6,17,0,0,3,21,2,22,1,24,0,25,-1,25,-1,24,-34,10,-1,21,-1,19,0,16,1,13,2,9,3,6,4,4,5,0,6,-2,6,-4,7,-7,7,-9,8,-11,-81,0,8,-15,8,-15,8,-16,8,-15,8,-13,6,-11,6,-8,4,-1,3,-2,4,-2,4,-5,0,-8,-6,-8,-12,-1,-22,8,-2,14,10,12,16,2,13,-11,1,-18,-12,-14,-18,0,-14,12,-1,19,12,14,17,2,13,-9,4,-14,3,-7,-8,-4,-7,0,-5,2,-4,3,-3,4,-2,6,0,0,7,6,10,0,10,-6,5,-11,-2,-13,-10,-9,-16,22,-13,8,-6,14,4,16,14,10,17,-2,12,-12,0,-17,-12,-12,-16,0,-12,11,0,16,12,10,14,-2,16,-25,-4,-12,-11,-2,-7,8,3,10,10,2,8,-9,-2,-12]"
CSI_DATA,113993,d8:b1:90:d9:de:f0,-59,11,-99,-36,61,56,1702203745,100,0,228,0,"[-13,-9,-14,-10,-14,-10,-14,-10,-12,-9,-11,-8,-10,-6,60,-4,-7,-3,-6,-3,-5,-2,-3,-1,-2,-1,-1,0,0,0,0,0,1,0,3,1,3,2,4,3,5,5,39,3,4,9,3,11,2,12,1,15,0,16,-2,17,0,0,-6,20,-8,20,-9,22,-10,21,-11,21,-11,20,13,9,-10,18,-8,16,-6,14,-3,12,-1,10,0,7,2,5,4,3,5,1,6,-1,8,-3,10,-4,11,-6,-35,0,13,-9,13,-10,13,-10,13,-10,11,-8,10,-6,8,-5,4,1,3,0,4,0,5,-3,4,-7,-1,-10,-9,-6,-22,-3,-8,11,2,15,13,9,15,-2,9,-13,-3,-17,-15,-10,-17,3,-10,15,3,17,15,10,15,-2,9,-10,4,-5,-5,-8,-6,-2,-5,0,-3,1,-3,2,-3,4,0,0,3,7,8,5,10,0,9,-7,3,-12,-5,-12,-23,11,-15,1,-11,10,-2,15,8,14,15,5,15,-6,6,-15,-6,-15,-15,-6,-14,6,-5,14,7,13,13,3,22,-16,0,-12,-9,-6,-9,4,0,10,9,5,10,-5,2,-11]"
CSI_DATA,113994,d8:b1:90:d9:de:f0,-59,11,-99,-37,61,56,1702232949,100,0,228,0,"[-11,12,-11,13,-11,14,-11,14,-9,12,-8,12,-7,11,62,-4,-3,7,-2,7,-1,5,-1,3,-1,2,0,1,0,0,0,0,0,-1,1,-3,1,-4,3,-5,5,-5,40,3,8,-5,10,-5,12,-4,14,-3,16,-2,18,0,0,0,21,1,22,2,23,3,24,4,24,5,23,5,-74,0,20,3,18,2,16,1,12,0,10,-1,7,-3,4,-4,1,-5,-1,-6,-3,-7,-6,-7,-8,-7,-11,-7,44,9,-14,-7,-16,-7,-15,-7,-15,-6,-13,-5,-11,-5,-9,-4,1,-4,0,-3,0,-4,-1,-5,-7,-4,-10,1,-7,9,-3,22,11,9,15,-1,9,-12,-3,-16,-14,-9,-17,4,-9,16,5,18,16,8,17,-5,7,-15,-4,-15,-12,-7,-5,-3,-6,7,-1,7,1,5,2,3,3,3,5,2,0,0,7,-4,3,-9,-3,-9,-9,-7,-12,0,-11,8,18,18,5,14,13,7,16,-2,10,-12,0,-16,-11,-12,-16,0,-12,11,0,16,11,11,16,0,9,-12,-3,-14,-25,-14,-11,5,-1,11,9,6,9,-4,0,-11,-9,-7,-11,3]"
CSI_DATA,113995,d8:b1:90:d9:de:f0,-59,11,-99,-39,61,56,1702287677,100,0,228,0,"[8,16,8,17,9,17,8,16,8,15,7,13,6,11,66,-4,5,7,4,5,3,4,2,3,1,2,0,1,-1,0,-2,0,-2,-1,-4,-2,-4,-4,-4,-6,-3,-7,42,4,-1,-11,0,-13,2,-13,4,-15,6,-15,9,-16,0,0,14,-17,16,-17,18,-17,19,-16,21,-16,20,-15,36,0,18,-13,15,-12,13,-11,10,-10,6,-8,3,-7,0,-5,-2,-4,-5,-2,-7,-1,-9,0,-11,1,-13,2,31,10,-16,5,-17,5,-17,5,-16,5,-15,4,-12,3,-9,2,-4,-3,-4,-1,-4,-1,-6,0,-7,4,-2,11,6,11,19,13,13,-6,4,-15,-8,-15,-17,-4,-15,9,-4,18,11,16,19,4,16,-11,4,-19,-9,-16,-16,-5,-13,5,-8,2,1,10,4,6,5,3,5,1,6,0,6,-3,0,0,0,-10,-6,-8,-11,-3,-13,4,-8,11,0,15,29,-2,15,4,15,-5,9,-14,-2,-17,-13,-12,-17,0,-13,12,-1,17,11,13,17,0,11,-11,0,-16,-12,-10,-30,6,-6,12,6,10,11,0,4,-9,-6,-9,-12,0,-7,10]"
CSI_DATA,113996,d8:b1:90:d9:de:f0,-59,11,-99,-37,61,56,1702317699,100,0,228,0,"[-16,3,-17,3,-18,2,-16,3,-15,3,-14,3,-12,2,62,-4,-8,2,-6,2,-5,1,-3,1,-3,1,-1,0,0,0,0,0,1,0,3,0,4,0,5,0,7,1,40,3,9,4,10,6,11,9,11,11,10,13,9,15,0,0,9,19,7,21,7,23,6,24,5,24,5,24,65,0,4,20,4,18,4,15,5,12,5,9,5,5,5,2,5,0,5,-2,5,-5,5,-7,5,-9,5,-11,54,0,5,-14,5,-16,5,-16,5,-15,5,-13,5,-11,4,-9,3,-1,3,-2,3,-3,1,-6,-2,-9,-9,-5,-12,1,-18,13,1,14,12,9,16,-3,9,-13,-3,-16,-14,-9,-18,3,-9,16,3,18,15,10,17,-3,9,-12,0,-14,0,-5,-9,-1,-6,3,-3,4,-1,3,-1,3,0,5,0,0,6,3,9,0,8,-6,3,-11,-4,-12,-12,-7,-10,24,-11,11,-2,16,9,14,16,5,16,-6,7,-15,-5,-16,-14,-7,-16,4,-7,14,5,14,13,5,12,-6,8,-26,-7,-9,-11,1,-4,9,6,9,11,0,6,-10,-4,-11]"
CSI_DATA,113997,d8:b1:90:d9:de:f0,-59,11,-99,-35,60,56,1702337021,100,0,228,0,"[4,17,4,18,4,18,4,17,3,16,3,15,3,12,66,-4,2,8,2,6,1,5,1,4,0,3,0,2,0,0,0,0,-1,-2,-1,-3,0,-4,0,-6,0,-7,42,4,4,-10,7,-10,9,-11,12,-10,15,-9,17,-8,0,0,21,-6,23,-4,24,-4,25,-3,25,-2,26,-1,-76,0,22,-1,19,0,16,-2,13,-2,10,-3,6,-3,4,-4,0,-5,-2,-6,-4,-6,-6,-7,-8,-7,-11,-8,54,10,-14,-8,-15,-8,-15,-8,-14,-8,-13,-8,-10,-7,-8,-6,-2,-3,-2,-2,-3,-3,-6,-2,-8,2,-5,9,2,13,15,19,15,-2,9,-13,-2,-17,-13,-10,-17,3,-10,15,3,19,16,11,19,-3,11,-15,-2,-18,-12,-11,-15,0,-6,-1,-2,9,2,7,3,4,3,2,4,2,6,0,0,0,5,-6,0,-10,-6,-10,-12,-4,-13,3,-8,11,23,14,8,13,16,4,16,-6,9,-15,-3,-17,-14,-11,-18,1,-11,13,0,17,13,11,16,-1,9,-12,-2,-15,-25,-15,-12,5,-2,12,8,8,10,-3,2,-11,-8,-8,-13,2]"
CSI_DATA,113998,d8:b1:90:d9:de:f0,-59,11,-99,-38,61,56,1702352964,100,0,228,0,"[-15,-9,-16,-10,-15,-10,-14,-9,-14,-8,-12,-8,-11,-6,64,-4,-8,-3,-6,-2,-5,-2,-4,-1,-2,-1,-1,0,0,0,0,0,2,0,3,1,4,2,4,4,5,6,41,4,4,9,4,12,2,14,0,16,-1,17,-3,18,0,0,-7,20,-9,22,-10,22,-12,22,-12,22,-13,21,21,10,-12,18,-9,16,-8,14,-5,12,-2,10,0,8,2,5,4,4,6,2,8,0,9,-2,12,-3,12,-4,-30,0,14,-8,16,-8,16,-8,14,-8,13,-6,12,-5,9,-4,4,1,4,0,4,0,5,-3,4,-8,-2,-10,-10,-7,-24,-3,-8,12,2,15,14,9,16,-4,9,-15,-4,-18,-16,-9,-18,5,-9,16,3,19,14,10,16,-2,10,-10,5,-4,-6,-8,-6,-2,-5,0,-4,0,-4,2,-4,4,0,0,2,8,8,6,10,0,10,-7,4,-12,-4,-14,-25,10,-16,0,-14,10,-4,16,8,16,16,7,16,-6,8,-15,-4,-17,-14,-8,-16,4,-7,14,5,15,15,5,26,-13,2,-12,-10,-8,-11,4,-2,11,9,7,12,-2,4,-12]"
CSI_DATA,113999,d8:b1:90:d9:de:f0,-59,11,-99,-38,61,56,1702377343,100,0,228,0,"[-8,16,-8,16,-8,16,-8,16,-7,15,-6,13,-5,12,64,-4,-3,8,-2,6,-2,5,-1,4,-1,2,0,1,0,0,0,-1,0,-2,0,-4,2,-5,3,-5,5,-6,41,4,9,-6,11,-4,13,-3,15,-2,17,0,18,1,0,0,21,5,22,7,22,8,23,10,22,11,22,11,56,0,19,10,17,8,14,6,12,4,10,2,8,0,5,-2,4,-4,1,-6,-1,-8,-3,-10,-5,-11,-7,-12,-62,10,-10,-14,-10,-14,-10,-14,-9,-14,-8,-12,-6,-10,-5,-8,0,-4,0,-4,0,-4,-3,-5,-8,-4,-10,3,-6,10,0,23,12,8,15,-3,8,-14,-4,-16,-16,-8,-17,6,-8,17,6,18,16,8,18,-5,9,-15,-3,-16,-11,-8,-5,-6,-8,6,-2,7,0,5,1,5,2,4,5,4,0,0,8,-4,4,-9,-1,-11,-8,-10,-13,-2,-13,6,13,24,1,15,10,12,16,2,15,-8,6,-16,-6,-16,-16,-7,-16,5,-8,15,5,15,14,6,14,-6,4,-14,-16,-25,-13,0,-7,10,4,10,10,1,6,-9,-4,-12,-12,-4]"
CSI_DATA,114000,d8:b1:90:d9:de:f0,-59,11,-99,-37,61,56,1702438671,100,0,228,0,"[9,15,9,16,9,16,9,14,9,13,9,11,8,9,62,-4,6,6,5,4,4,3,3,2,1,1,1,1,0,0,-1,0,-2,0,-3,-2,-3,-3,-4,-4,-4,-5,40,3,-3,-10,-2,-11,-1,-12,0,-14,1,-16,3,-17,0,0,6,-20,8,-21,9,-21,10,-22,10,-22,10,-21,-51,0,7,-19,6,-18,4,-16,1,-12,0,-10,-1,-7,-3,-5,-5,-1,-7,0,-7,2,-8,5,-9,7,-9,9,59,9,-10,13,-10,14,-10,14,-9,14,-8,12,-7,10,-5,7,-3,-2,-3,-1,-3,-1,-5,0,-6,4,-1,9,6,10,20,11,12,-7,2,-14,-9,-12,-16,-1,-12,11,0,17,12,12,18,0,12,-13,0,-18,-12,-11,-16,0,-10,9,-5,3,4,8,6,3,5,0,4,0,4,-1,4,-4,0,0,-3,-7,-8,-5,-11,0,-9,7,-3,12,5,12,21,-13,14,-1,11,-11,1,-16,-9,-13,-16,-3,-14,9,-4,16,8,15,16,3,13,-9,2,-15,-9,-11,-15,0,-19,23,3,13,12,3,8,-8,-3,-11,-11,-3,-9,9,1,12]"
CSI_DATA,114001,d8:b1:90:d9:de:f0,-58,9,-99,-38,60,56,1702474119,108,0,106,0,"[53,0,-31,10,56,0,-7,10,55,0,41,11,46,0,92,11,30,0,-59,11,12,0,-30,11,-5,11,-8,11,-26,11,21,0,-32,11,55,0,-26,11,91,0,0,0,-59,0,47,0,-23,0,93,0,0,0,0,0,0,0,0,0,5,0,35,0,14,0,37,0,-2,0,5,0,-22,0,-54,0,-47,0,56,0,-82,0,-12,11,66,0,-72,11,27,0,74,11,-11,11,35,11,-51,11,5,11,-86,11,2,11,87,11,32,11]"
CSI_DATA,114002,d8:b1:90:d9:de:f0,-59,11,-99,-38,61,56,1702506647,100,0,228,0,"[-10,-14,-10,-15,-10,-15,-10,-14,-10,-13,-9,-12,-8,-10,64,-4,-6,-6,-6,-5,-4,-4,-4,-2,-2,-2,-1,-1,0,0,0,0,1,1,2,2,3,3,2,5,3,6,41,4,2,10,1,12,0,14,-1,15,-3,17,-4,18,0,0,-8,20,-9,20,-10,21,-12,21,-12,20,-12,21,52,10,-10,18,-8,17,-6,14,-3,12,0,10,1,8,3,5,5,3,6,1,8,-1,9,-3,10,-5,11,-7,-50,0,12,-10,13,-12,12,-11,12,-11,11,-10,9,-8,8,-6,4,2,3,1,4,1,6,0,6,-5,1,-10,-6,-10,-21,-10,-11,8,-2,14,10,12,16,1,12,-12,0,-18,-12,-13,-18,0,-13,13,0,19,12,12,16,0,11,-9,4,-4,-4,-8,-6,-3,-5,0,-3,1,-3,1,-3,3,0,0,1,8,7,6,10,1,11,-6,5,-12,-3,-14,-23,10,-16,0,-12,10,-3,17,9,15,16,5,16,-7,6,-16,-7,-16,-16,-6,-15,7,-4,15,8,13,15,2,22,-18,-1,-13,-11,-5,-10,6,1,12,10,5,10,-6,1,-12]"
CSI_DATA,114003,d8:b1:90:d9:de:f0,-60,11,-99,-35,61,56,1702518125,100,0,228,0,"[11,-12,11,-13,11,-13,11,-12,9,-12,8,-11,7,-10,58,-4,4,-7,3,-6,3,-4,1,-4,1,-2,0,-1,0,0,0,0,-1,2,-1,3,-3,4,-4,3,-6,4,38,3,-9,3,-11,2,-12,0,-14,-1,-15,-3,-16,-4,0,0,-17,-7,-18,-10,-18,-11,-19,-13,-18,-14,-18,-14,-22,8,-15,-11,-14,-9,-12,-7,-11,-5,-9,-3,-7,0,-5,1,-4,4,-1,6,0,7,1,9,3,11,4,12,38,0,7,14,7,15,7,14,7,14,6,12,4,10,3,8,0,4,0,3,0,3,1,4,5,5,9,0,7,-7,6,-21,-9,-9,-14,0,-10,11,1,15,12,11,16,-1,11,-13,-1,-17,-14,-11,-17,1,-11,12,0,15,9,10,3,5,7,-4,3,-6,0,-4,0,-3,-1,-4,-3,-4,0,0,-7,1,-6,7,-1,10,6,9,10,4,12,-2,-7,-22,1,-14,-7,-12,-14,-5,-15,5,-8,14,3,16,12,9,16,-2,9,-12,-3,-15,-12,-7,-14,4,-6,13,12,25,12,2,8,-8,-2,-11,-10,-3,-7,7,1,12,11,6]"
CSI_DATA,114004,d8:b1:90:d9:de:f0,-60,11,-99,-36,61,56,1702533842,100,0,228,0,"[-13,9,-14,9,-14,9,-13,9,-13,8,-11,8,-10,7,60,-4,-6,6,-5,5,-3,4,-3,3,-2,2,-1,1,0,0,0,0,0,-1,1,-1,3,-2,5,-3,6,-3,39,3,10,-2,11,-1,13,0,15,1,17,3,17,5,0,0,18,8,19,10,19,11,19,12,19,12,18,13,8,0,17,11,15,9,13,6,11,5,9,2,7,0,5,-1,3,-4,1,-5,0,-6,-2,-8,-4,-9,-5,-10,-37,9,-8,-13,-10,-13,-9,-13,-8,-12,-8,-11,-6,-10,-4,-8,3,-3,1,-3,1,-5,-1,-6,-5,-6,-10,-1,-9,6,-10,19,8,11,14,1,11,-9,1,-15,-10,-12,-17,-1,-13,11,0,18,12,13,18,1,13,-11,1,-16,-8,-11,-3,-6,-8,4,-3,6,0,5,1,4,1,3,3,3,0,0,7,-1,6,-6,1,-10,-5,-10,-11,-5,-13,3,8,23,0,16,10,12,16,3,15,-8,6,-16,-6,-15,-15,-6,-15,5,-6,14,6,14,14,5,12,-6,3,-13,-15,-22,-11,0,-6,9,5,9,10,0,5,-8,-5,-10,-11,-1]"
CSI_DATA,114005,d8:b1:90:d9:de:f0,-59,11,-99,-36,61,56,1702584377,100,0,228,0,"[-15,-7,-15,-8,-16,-9,-15,-8,-14,-8,-13,-7,-10,-6,60,-4,-8,-3,-6,-3,-5,-2,-3,-1,-1,-1,-1,-1,0,0,1,0,2,1,3,2,4,3,3,5,3,6,39,3,1,10,0,11,-2,12,-5,13,-7,13,-10,13,0,0,-15,13,-17,11,-19,12,-20,10,-22,9,-21,8,-66,8,-20,6,-17,5,-15,5,-11,5,-8,5,-5,5,-2,5,0,5,3,5,5,5,7,5,9,6,11,6,-29,0,14,6,15,7,15,7,15,8,12,7,10,6,8,5,4,0,3,-1,3,0,3,-1,3,-6,-1,-9,-8,-6,-22,-4,-9,10,0,14,11,10,16,0,11,-12,0,-17,-13,-12,-18,0,-13,12,-1,18,10,13,16,2,12,-6,7,-2,-1,-9,-5,-5,-4,-2,-4,-1,-5,0,-6,2,0,0,0,8,3,8,10,5,11,0,10,-8,3,-13,-25,-6,-11,-9,-15,0,-12,8,-5,15,5,15,14,7,15,-3,9,-13,-2,-15,-13,-8,-15,3,-8,13,3,15,26,13,11,-5,1,-11,-8,-8,-10,3,-1,10,8,9,11,0]"
CSI_DATA,114006,d8:b1:90:d9:de:f0,-59,11,-99,-38,61,56,1702602692,100,0,228,0,"[-15,-8,-16,-10,-16,-10,-15,-10,-14,-8,-13,-7,-12,-6,64,-4,-8,-4,-7,-2,-6,-2,-4,-1,-3,-1,-2,0,0,0,0,0,1,1,2,2,3,3,3,4,3,6,41,4,2,10,1,12,0,14,-3,14,-5,16,-7,16,0,0,-12,17,-14,17,-15,17,-18,17,-18,16,-18,16,-37,9,-16,14,-14,12,-12,11,-8,10,-6,8,-2,7,0,6,2,6,5,4,8,4,9,2,12,2,14,1,-21,0,17,0,18,0,18,0,17,0,15,0,12,0,10,0,4,0,2,0,3,0,5,-2,4,-6,-1,-10,-8,-7,-24,-4,-9,10,1,15,12,10,16,-1,11,-14,-2,-18,-15,-11,-19,2,-12,15,2,19,14,12,17,0,11,-10,4,-4,-4,-8,-6,-3,-4,0,-2,0,-4,0,-4,2,0,0,0,9,6,7,10,3,12,-3,8,-10,0,-14,-26,3,-14,-4,-15,4,-9,14,2,17,12,12,17,1,13,-10,2,-17,-10,-13,-16,-2,-12,10,0,16,11,10,30,0,7,-11,-5,-12,-12,-2,-7,8,4,12,12,4,10,-8]"
CSI_DATA,114007,d8:b1:90:d9:de:f0,-59,11,-99,-35,60,56,1702665048,100,0,228,0,"[17,-3,19,-2,19,-2,18,-2,17,-2,15,-2,13,-2,66,-4,9,-2,7,-2,6,-1,4,0,3,0,2,0,0,0,-1,0,-2,0,-3,0,-5,0,-6,-1,-6,-2,42,4,-8,-6,-8,-8,-8,-11,-8,-14,-6,-16,-5,-18,0,0,-2,-22,0,-24,1,-24,2,-25,4,-24,4,-24,59,0,4,-22,4,-19,2,-15,0,-13,0,-10,-2,-7,-3,-4,-5,-2,-6,0,-8,2,-9,4,-10,6,-11,7,48,10,-13,11,-13,11,-13,11,-13,11,-12,9,-11,7,-8,5,-4,2,-3,2,-3,3,-2,6,2,8,8,6,12,0,20,-12,0,-14,-11,-11,-17,0,-11,12,0,18,13,13,19,0,13,-14,0,-19,-13,-13,-18,0,-13,10,-2,14,-2,6,9,4,7,0,4,-2,2,-2,2,-4,1,-5,0,0,-5,-6,-10,-2,-11,4,-6,11,0,13,9,11,19,-18,15,-5,9,-14,-1,-17,-13,-13,-18,-1,-15,11,-3,17,9,15,17,4,14,-8,3,-15,-8,-13,-15,-2,-23,19,1,13,11,6,11,-5,0,-11,-10,-6,-11,5,-2,13]"
CSI_DATA,114008,d8:b1:90:d9:de:f0,-59,11,-99,-35,60,56,1702688136,100,0,228,0,"[13,13,14,15,14,14,13,13,13,12,11,11,10,8,66,-4,7,5,6,4,4,3,3,2,2,1,0,1,0,0,-2,0,-4,0,-4,-1,-5,-2,-6,-3,-6,-5,42,4,-6,-9,-4,-12,-4,-13,-2,-15,-1,-17,1,-19,0,0,4,-22,6,-23,7,-24,8,-24,11,-24,10,-24,-44,0,8,-20,6,-18,4,-16,2,-13,0,-10,-1,-7,-3,-4,-5,-2,-6,0,-8,3,-8,5,-9,8,-10,11,57,10,-10,14,-10,15,-10,15,-9,15,-8,13,-7,11,-5,8,-4,-2,-4,0,-4,0,-6,2,-5,6,0,10,8,8,24,7,11,-11,0,-16,-13,-11,-17,1,-11,14,2,19,16,11,19,-3,11,-16,-3,-19,-15,-11,-17,1,-11,10,-8,4,4,8,6,4,6,0,6,0,5,-2,4,-6,0,0,-5,-8,-10,-4,-12,2,-9,9,-1,14,7,13,24,-17,15,-3,10,-13,0,-17,-11,-14,-18,-2,-15,9,-4,17,8,15,17,4,15,-8,2,-17,-10,-13,-15,0,-19,24,4,13,11,4,8,-7,-2,-11,-11,-3,-9,8,1,13]"
CSI_DATA,114009,d8:b1:90:d9:de:f0,-59,11,-99,-38,61,56,1702699856,100,0,228,0,"[12,13,12,14,12,14,11,14,11,13,10,11,8,10,64,-4,6,6,5,5,4,4,2,3,1,2,0,1,0,0,-1,0,-2,-1,-3,-2,-3,-4,-4,-6,-3,-7,41,4,-1,-10,0,-12,2,-14,5,-14,7,-15,10,-16,0,0,14,-16,17,-16,18,-15,20,-15,20,-14,20,-13,83,0,18,-11,16,-10,13,-10,10,-8,6,-7,3,-6,0,-6,-2,-5,-5,-4,-7,-3,-10,-2,-12,-1,-14,-1,26,10,-17,0,-18,0,-18,1,-16,1,-14,0,-12,0,-10,0,-4,-2,-4,0,-4,0,-6,1,-6,6,0,10,6,10,21,10,12,-8,3,-15,-9,-13,-16,-2,-14,11,-2,18,12,14,19,2,15,-11,3,-18,-10,-14,-16,-4,-13,6,-8,2,1,10,4,6,4,2,5,0,5,0,6,-2,0,0,0,-9,-6,-8,-10,-4,-12,2,-8,10,-1,14,26,0,14,6,16,-3,10,-12,0,-17,-11,-13,-17,-2,-14,9,-3,16,9,14,16,4,13,-9,2,-16,-10,-11,-30,0,-7,10,4,12,12,1,6,-8,-4,-10,-12,-3,-10,8]"
CSI_DATA,114010,d8:b1:90:d9:de:f0,-59,11,-99,-38,61,56,1702716452,100,0,228,0,"[-10,13,-12,14,-12,14,-11,13,-10,12,-9,12,-8,10,64,-4,-5,8,-4,6,-3,4,-2,4,-1,2,-1,1,0,0,0,0,1,-1,2,-2,4,-2,5,-2,6,-2,41,4,10,0,12,1,13,3,14,5,15,7,15,10,0,0,16,14,16,16,15,18,14,20,14,20,13,20,-44,0,11,18,10,15,10,12,8,10,8,6,7,4,6,0,6,-2,5,-4,4,-7,4,-9,3,-12,2,-13,42,0,2,-16,2,-18,2,-17,2,-16,3,-14,2,-12,2,-10,2,-4,0,-3,0,-4,-2,-5,-6,-4,-10,1,-8,8,-7,22,10,10,15,0,12,-11,0,-16,-12,-12,-18,0,-12,13,0,19,13,14,18,0,14,-11,2,-16,-8,-12,-2,-5,-8,3,-4,6,-1,4,0,4,0,4,2,4,0,0,8,0,8,-4,5,-9,-2,-12,-8,-9,-14,-2,0,26,-7,13,2,16,12,10,17,0,14,-10,2,-17,-9,-14,-16,-4,-14,8,-4,16,8,13,15,2,11,-9,2,-29,-10,-8,-12,4,-2,11,8,8,11,-3,5,-11,-6,-11]"
CSI_DATA,114011,d8:b1:90:d9:de:f0,-59,11,-99,-37,61,56,1702735922,100,0,228,0,"[-9,14,-11,14,-11,14,-11,13,-10,12,-9,11,-7,10,62,-4,-5,7,-4,6,-3,5,-3,3,-2,2,-1,1,0,0,0,0,1,-1,2,-1,3,-2,5,-1,7,-1,40,3,11,0,11,2,12,5,13,7,13,9,13,12,0,0,12,17,11,19,11,20,9,22,8,22,8,23,79,0,6,20,5,17,5,14,5,12,5,9,5,5,5,2,5,0,5,-1,7,-4,7,-7,7,-9,7,-11,81,0,8,-14,9,-14,9,-14,9,-13,9,-11,7,-9,7,-7,1,-4,0,-3,0,-4,-2,-5,-7,-4,-10,1,-7,9,-6,22,9,10,15,0,11,-11,0,-16,-11,-12,-18,0,-13,12,-1,18,11,14,18,3,14,-9,4,-16,-5,-13,-1,-5,-9,1,-5,5,-1,5,0,3,0,4,1,5,0,0,7,3,9,-1,7,-8,1,-12,-6,-11,-12,-5,-8,25,-11,11,-1,16,9,14,16,5,16,-6,7,-15,-3,-16,-14,-9,-16,3,-9,13,3,15,12,8,14,-4,13,-25,-5,-11,-12,-1,-7,8,3,10,11,1,9,-8,-1,-12]"
CSI_DATA,114012,d8:b1:90:d9:de:f0,-59,11,-99,-37,60,56,1702746904,280,0,106,0,"[-83,0,-12,10,85,0,5,10,69,0,46,10,51,0,86,10,30,0,-64,10,13,0,-35,10,0,10,-5,10,-13,10,21,0,-7,10,59,0,15,0,90,0,63,0,-76,0,-64,0,-73,0,-7,0,-92,0,0,0,0,0,80,0,9,0,-84,0,-30,10,-87,0,-60,10,61,0,-61,10,3,0,-38,10,-64,0,2,0,61,0,41,0,10,0,80,0,-31,10,-77,0,-72,10,-40,0,88,10,-10,0,86,10,-2,0,-75,10]"
CSI_DATA,114013,d8:b1:90:d9:de:f0,-59,11,-99,-35,60,56,1702759774,100,0,228,0,"[-18,0,-19,-1,-19,-1,-19,-1,-17,-2,-15,0,-13,0,66,-4,-9,0,-8,0,-6,0,-4,0,-3,0,-2,0,0,0,0,0,2,0,4,0,5,0,6,2,6,4,42,4,8,8,6,11,6,13,4,15,3,17,1,19,0,0,-2,22,-4,23,-5,24,-6,24,-8,25,-8,23,79,10,-8,21,-6,19,-5,16,-2,13,-1,11,2,8,3,6,4,3,6,1,8,-1,10,-2,11,-4,13,-6,-39,0,15,-8,15,-10,15,-9,15,-8,13,-8,12,-6,9,-4,4,-2,3,-2,3,-2,3,-4,0,-8,-6,-8,-12,-2,-23,7,-2,15,8,13,16,2,14,-9,2,-18,-11,-15,-19,-2,-16,11,-3,19,10,16,18,4,15,-7,5,-13,4,-6,-8,-6,-7,-1,-5,2,-4,2,-4,3,-3,5,0,0,4,7,9,4,11,-2,8,-8,2,-13,-6,-12,-22,15,-15,2,-11,12,-1,17,9,14,17,4,16,-8,6,-16,-6,-16,-16,-6,-15,6,-6,15,6,15,15,4,26,-15,0,-13,-9,-8,-11,4,-1,12,8,8,12,-3,4,-12]"
CSI_DATA,114014,d8:b1:90:d9:de:f0,-59,11,-99,-38,61,56,1702775358,100,0,228,0,"[-13,-12,-13,-14,-14,-14,-13,-13,-12,-12,-11,-10,-10,-8,64,-4,-8,-5,-6,-4,-4,-3,-4,-2,-2,-2,0,-1,0,0,1,0,2,1,4,1,4,3,4,5,4,6,41,4,3,10,2,12,0,14,-2,15,-4,16,-6,17,0,0,-10,20,-12,19,-14,20,-16,20,-16,19,-16,19,-18,9,-14,16,-12,16,-10,13,-7,12,-4,10,0,8,2,6,4,4,6,2,8,0,10,-1,12,-2,13,-4,-20,0,16,-8,16,-8,16,-8,16,-8,14,-6,11,-5,9,-4,4,1,3,0,3,0,4,-1,6,-6,0,-10,-7,-9,-22,-8,-11,9,0,15,11,12,17,0,12,-12,0,-18,-14,-13,-19,1,-13,14,0,19,12,12,16,1,12,-8,7,-3,-3,-9,-6,-4,-5,-2,-5,0,-5,1,-5,4,0,0,2,9,8,6,11,0,11,-6,5,-12,-2,-14,-26,8,-15,-2,-14,7,-6,15,4,16,14,9,17,-2,10,-13,-2,-17,-13,-10,-17,2,-9,13,4,16,14,7,28,-12,3,-13,-9,-9,-11,2,-3,11,8,8,12,-2,6,-12]"
CSI_DATA,114015,d8:b1:90:d9:de:f0,-59,11,-99,-39,61,56,1702800203,100,0,228,0,"[15,9,15,10,15,11,15,11,13,10,12,8,11,7,66,-4,8,4,6,4,5,3,4,2,2,1,1,1,0,1,0,0,-2,0,-2,-2,-4,-3,-4,-4,-4,-6,42,4,-2,-11,-1,-13,0,-14,2,-15,4,-17,6,-18,0,0,11,-19,14,-19,15,-19,16,-19,17,-18,17,-17,39,0,15,-15,13,-14,11,-12,8,-11,5,-9,2,-8,0,-6,-3,-4,-5,-3,-7,-2,-9,-1,-11,0,-13,0,23,10,-17,2,-17,3,-17,3,-17,2,-15,2,-13,0,-10,0,-4,0,-4,0,-4,0,-6,3,-4,7,2,10,9,8,23,4,9,-11,-1,-15,-13,-11,-17,2,-11,14,2,18,15,12,19,-2,13,-15,-1,-19,-13,-13,-17,0,-11,9,-6,4,4,9,6,4,6,1,4,0,5,-1,5,-3,0,0,0,-8,-6,-7,-11,-2,-11,4,-7,11,0,14,26,-4,15,4,15,-6,8,-15,-3,-17,-13,-11,-17,1,-12,13,0,17,12,12,17,0,11,-11,0,-16,-11,-9,-29,4,-5,12,6,10,11,0,5,-10,-5,-10,-12,-1,-8,9]"
CSI_DATA,114016,d8:b1:90:d9:de:f0,-59,11,-99,-39,61,56,1702819500,100,0,228,0,"[0,-17,1,-19,1,-19,1,-18,1,-17,1,-15,0,-13,66,-4,0,-8,0,-7,0,-6,0,-4,0,-3,0,-2,0,0,0,0,0,2,0,3,-1,4,-2,6,-4,6,42,4,-8,6,-11,6,-13,6,-15,4,-17,2,-19,0,0,0,-22,-3,-23,-5,-24,-7,-24,-8,-23,-10,-22,-11,-77,9,-19,-9,-17,-8,-15,-6,-13,-4,-11,-2,-7,0,-6,2,-3,4,-2,6,0,8,1,9,3,11,5,13,52,0,6,15,7,16,6,16,6,16,5,14,4,12,2,10,1,4,2,3,2,4,5,3,8,0,8,-6,1,-12,-7,-22,-15,-2,-13,8,-2,16,10,14,17,3,15,-10,4,-19,-11,-17,-19,-4,-16,9,-5,17,6,15,13,6,6,4,6,-8,1,-7,-2,-5,-2,-4,-3,-3,-4,-3,0,0,-8,4,-4,9,1,11,8,10,13,3,13,-5,-13,-23,-1,-16,-11,-12,-17,-3,-15,8,-6,17,6,17,16,8,17,-4,8,-15,-4,-16,-14,-7,-15,5,-6,14,13,27,13,2,8,-8,-2,-11,-11,-2,-8,8,2,12,11,6]"
CSI_DATA,114017,d8:b1:90:d9:de:f0,-59,11,-99,-38,61,56,1702833436,100,0,228,0,"[-17,-2,-18,-4,-18,-4,-18,-4,-16,-4,-14,-3,-12,-3,64,-4,-9,-2,-7,-1,-5,-2,-4,-1,-2,-1,-1,-1,0,0,2,0,3,0,4,1,5,2,6,4,6,5,41,4,4,10,3,12,2,14,0,16,-2,17,-5,18,0,0,-10,19,-13,19,-14,18,-16,18,-17,18,-18,16,-26,9,-16,13,-14,12,-12,11,-8,10,-6,8,-3,6,0,6,2,4,5,4,8,3,10,2,12,2,14,1,-23,0,17,0,17,0,18,0,17,1,15,2,12,2,9,2,4,-1,3,-2,4,-2,4,-4,1,-8,-4,-8,-11,-4,-23,3,-6,13,6,14,14,6,16,-6,7,-16,-6,-16,-17,-8,-18,6,-9,17,4,18,15,10,16,-2,10,-11,6,-4,-4,-9,-6,-4,-6,-1,-5,0,-6,2,-5,4,0,0,1,8,8,8,11,2,11,-4,7,-11,0,-14,-26,3,-14,-4,-15,5,-10,14,1,17,12,12,18,1,14,-10,3,-17,-10,-14,-16,-3,-13,9,-2,15,9,12,30,2,8,-10,-3,-12,-11,-3,-8,7,2,11,12,4,11,-6]"
CSI_DATA,114018,d8:b1:90:d9:de:f0,-59,11,-99,-37,61,56,1702850116,100,0,228,0,"[7,-15,8,-16,9,-16,9,-16,8,-14,7,-12,6,-11,62,-4,4,-7,3,-6,2,-5,1,-3,1,-2,1,-1,0,0,0,0,-1,1,-1,2,-3,3,-5,2,-7,2,40,3,-10,0,-11,-2,-12,-4,-13,-7,-12,-10,-12,-12,0,0,-11,-18,-10,-20,-9,-22,-7,-23,-6,-24,-5,-23,-24,9,-3,-21,-3,-18,-3,-15,-3,-12,-4,-9,-5,-6,-5,-3,-5,-1,-6,1,-7,3,-8,6,-9,8,-9,9,50,9,-11,12,-11,12,-12,12,-11,12,-11,10,-9,8,-7,5,0,4,0,3,0,3,2,4,7,3,10,-1,7,-9,5,-22,-10,-9,-14,0,-11,11,0,16,12,12,18,0,12,-12,0,-19,-12,-14,-18,-2,-14,10,-3,14,5,13,1,6,9,-1,5,-4,2,-4,1,-3,0,-5,-1,-5,0,0,-8,-3,-9,2,-7,7,-1,12,5,11,12,6,9,-24,11,-10,3,-15,-6,-14,-14,-7,-17,3,-11,13,0,17,12,11,16,0,11,-11,0,-16,-11,-11,-15,0,-18,23,3,13,11,5,9,-7,0,-11,-11,-5,-11,5,-2,12]"
CSI_DATA,114019,d8:b1:90:d9:de:f0,-59,11,-99,-35,60,56,1702875716,100,0,228,0,"[3,17,3,19,3,19,3,18,3,17,3,15,2,13,66,-4,2,9,2,7,2,6,1,4,0,3,0,2,0,0,0,0,-1,-2,0,-4,0,-4,0,-6,0,-8,42,4,4,-11,6,-11,8,-11,11,-11,13,-11,15,-11,0,0,20,-9,22,-8,24,-7,24,-6,25,-6,24,-5,-87,0,21,-4,19,-4,16,-5,13,-5,9,-5,6,-5,2,-6,0,-5,-3,-6,-6,-6,-8,-6,-10,-5,-13,-5,39,10,-16,-5,-17,-4,-17,-5,-17,-4,-15,-4,-12,-4,-9,-3,-2,-3,-3,-2,-3,-2,-6,-2,-8,2,-6,8,1,12,13,19,15,-2,9,-12,-2,-16,-14,-9,-17,3,-10,15,4,19,16,11,19,-3,11,-16,-2,-17,-13,-11,-15,0,-7,0,-2,10,2,7,4,4,4,2,4,2,6,0,0,0,4,-7,0,-10,-8,-8,-12,-3,-13,5,-7,13,24,11,11,12,16,2,15,-8,6,-17,-6,-17,-16,-8,-17,4,-9,15,4,17,15,8,15,-4,6,-15,-6,-14,-29,-9,-11,8,0,12,11,5,9,-6,0,-12,-11,-6,-12,5]"
CSI_DATA,114020,d8:b1:90:d9:de:f0,-59,9,-99,-36,60,56,1702887912,98,0,106,0,"[76,10,-13,9,-81,10,2,10,-47,10,35,10,-19,10,79,10,-7,10,-66,10,-2,10,-31,10,-6,10,-2,10,-4,10,32,0,2,0,62,0,21,0,-87,0,60,0,-67,0,-70,0,-62,0,-24,0,-60,0,0,0,0,0,58,0,-86,0,88,0,87,0,87,0,85,0,47,0,-90,0,-20,0,86,0,82,0,79,0,7,0,68,0,-61,10,48,0,70,10,21,0,24,10,-15,10,-7,9,-44,10,-14,9,-63,10,15,10]"
CSI_DATA,114021,d8:b1:90:d9:de:f0,-59,11,-99,-35,60,56,1702904718,100,0,228,0,"[17,5,19,6,19,6,19,4,17,4,15,2,13,2,66,-4,10,0,8,0,6,0,4,0,3,0,2,0,0,0,0,0,-2,0,-4,0,-5,0,-6,-1,-8,-2,42,4,-9,-6,-10,-7,-10,-10,-10,-13,-9,-15,-8,-17,0,0,-7,-21,-6,-23,-6,-24,-5,-25,-4,-25,-4,-25,-68,10,-4,-22,-5,-19,-5,-16,-6,-12,-6,-8,-6,-4,-6,-1,-6,1,-6,4,-4,6,-4,9,-4,12,-2,13,-24,10,-1,17,0,18,0,19,0,17,0,15,0,13,0,11,-4,0,-3,1,-3,2,-4,4,-1,8,4,9,11,3,24,-4,4,-14,-8,-13,-16,-3,-14,10,-2,18,11,15,19,1,15,-13,1,-19,-12,-15,-18,-2,-13,11,-3,15,-2,8,9,4,8,-1,4,-3,2,-3,2,-4,1,-6,0,0,-7,-4,-10,0,-8,6,-3,12,5,12,13,7,11,-25,11,-11,2,-16,-8,-15,-17,-5,-16,7,-7,17,6,17,16,7,17,-6,6,-16,-7,-15,-15,-4,-13,9,-3,30,10,8,13,-3,2,-12,-8,-8,-11,4,-3,13,8,10]"
CSI_DATA,114022,d8:b1:90:d9:de:f0,-59,11,-99,-37,61,56,1702917514,100,0,228,0,"[-4,16,-5,16,-6,17,-6,16,-5,15,-5,14,-4,12,62,-4,-2,8,-2,7,-1,6,-1,4,-1,3,0,1,0,0,0,0,1,-1,1,-2,3,-3,5,-3,6,-3,40,3,11,-2,12,0,14,1,14,3,16,5,16,8,0,0,17,12,16,15,16,17,14,19,14,19,12,19,-68,0,11,18,10,16,9,13,7,9,7,7,7,3,6,1,5,-1,5,-3,5,-6,4,-8,5,-10,4,-12,75,0,5,-16,5,-16,5,-16,5,-15,6,-13,5,-11,5,-9,0,-4,-1,-3,-1,-3,-4,-4,-7,-1,-9,4,-4,11,0,22,12,6,14,-3,7,-14,-4,-16,-14,-8,-17,4,-9,16,3,18,16,10,18,-2,11,-14,0,-16,-9,-11,-3,-5,-9,4,-3,6,0,5,0,3,1,4,2,4,0,0,8,0,8,-4,5,-9,-1,-12,-9,-9,-14,-2,-1,25,-7,14,2,16,12,11,17,1,14,-10,3,-17,-8,-14,-16,-5,-14,7,-5,14,7,14,14,4,12,-7,7,-27,-8,-9,-11,1,-5,10,5,9,11,0,7,-9,-3,-12]"
CSI_DATA,114023,d8:b1:90:d9:de:f0,-59,11,-99,-39,61,56,1702950951,100,0,228,0,"[13,11,14,12,15,12,14,12,13,11,13,9,11,7,66,-4,8,4,7,3,6,3,4,2,2,1,2,1,0,0,0,0,-2,0,-3,-1,-4,-2,-5,-4,-6,-5,42,4,-5,-9,-4,-12,-4,-13,-2,-15,-1,-17,0,-19,0,0,3,-22,5,-23,6,-24,8,-24,8,-24,8,-23,68,0,6,-20,6,-18,4,-16,1,-13,0,-11,-2,-7,-4,-4,-6,-2,-6,0,-8,2,-8,5,-9,7,-10,9,77,10,-11,13,-11,14,-11,15,-11,14,-9,12,-8,10,-6,8,-4,-1,-4,0,-4,0,-5,2,-4,6,1,10,8,8,24,5,9,-11,-2,-15,-13,-10,-17,2,-11,15,4,18,16,10,19,-4,10,-17,-4,-19,-16,-10,-17,2,-9,12,-5,5,6,8,7,2,5,0,4,-2,4,-2,4,-4,0,0,-4,-8,-9,-4,-11,2,-8,9,-2,13,6,13,22,-16,15,-3,10,-13,0,-17,-11,-13,-17,-2,-14,10,-3,17,9,15,17,3,13,-10,2,-17,-10,-12,-15,0,-19,23,3,13,12,4,8,-8,-2,-11,-11,-3,-10,8,0,13]"
CSI_DATA,114024,d8:b1:90:d9:de:f0,-59,11,-99,-34,60,56,1702970867,100,0,228,0,"[13,-11,15,-11,15,-11,15,-11,14,-10,12,-9,10,-8,64,-4,7,-6,6,-5,4,-4,4,-2,2,-2,2,-1,0,0,0,1,-1,2,-2,2,-4,3,-6,3,-7,2,41,4,-10,0,-12,-2,-13,-4,-14,-6,-15,-8,-15,-11,0,0,-14,-16,-14,-18,-13,-20,-12,-22,-12,-22,-10,-22,80,10,-8,-20,-8,-17,-8,-14,-7,-10,-6,-8,-6,-4,-5,-2,-5,1,-4,4,-4,6,-4,8,-3,10,-2,13,-46,10,-2,16,-2,18,-2,18,-2,16,-2,15,-2,12,-2,10,-2,4,0,4,0,4,1,6,6,5,10,1,10,-7,12,-19,-7,-12,-14,-3,-13,8,-3,16,10,14,18,3,16,-10,4,-19,-10,-16,-18,-4,-16,9,-5,16,5,14,1,9,10,0,6,-4,3,-4,0,-4,0,-5,-2,-6,0,0,-9,-1,-10,4,-6,10,0,12,9,10,14,3,4,-27,8,-14,-2,-16,-12,-12,-17,-2,-15,10,-4,17,8,16,16,5,15,-7,5,-15,-7,-14,-14,-4,-12,7,-4,29,9,9,11,-2,4,-10,-6,-8,-10,2,-4,11,6,10]"
CSI_DATA,114025,d8:b1:90:d9:de:f0,-58,11,-99,-37,60,56,1702999442,100,0,114,0,"[-16,4,-18,4,-18,2,-18,2,-19,2,-18,2,-18,2,-16,3,-16,4,-15,3,-14,4,-15,5,-14,6,-14,6,-16,8,-16,8,-17,9,-17,10,-18,11,-18,11,-18,13,-19,14,-18,13,-18,14,-18,13,-18,13,-18,13,-17,13,0,0,-18,13,-18,13,-17,13,-18,14,-18,15,-18,14,-18,14,-18,14,-17,15,-16,15,-16,15,-15,15,-14,14,-14,13,-13,14,-13,13,-12,13,-12,13,-13,13,-13,16,-14,16,-15,16,-15,16,-16,16,-16,16,-16,14,-16,13,-14,12]"
CSI_DATA,114026,d8:b1:90:d9:de:f0,-58,11,-99,-34,59,56,1703011842,100,0,114,0,"[-17,3,-18,2,-19,1,-20,0,-20,1,-20,0,-18,0,-17,0,-16,0,-16,0,-16,0,-16,0,-17,0,-17,0,-18,0,-20,0,-20,1,-21,0,-23,0,-23,0,-23,0,-24,0,-23,0,-24,0,-23,-1,-23,-2,-23,-2,-23,-4,0,0,-22,-3,-22,-5,-23,-6,-23,-6,-23,-7,-23,-7,-22,-7,-23,-8,-22,-8,-21,-8,-20,-8,-20,-8,-18,-8,-18,-8,-17,-8,-18,-8,-17,-8,-17,-9,-17,-9,-17,-11,-18,-11,-18,-13,-17,-13,-17,-15,-17,-15,-15,-16,-12,-16,-11,-15]"
CSI_DATA,114027,d8:b1:90:d9:de:f0,-59,11,-99,-35,60,56,1703026060,100,0,228,0,"[2,-17,4,-19,4,-19,4,-18,4,-17,4,-14,4,-13,66,-4,2,-9,2,-7,1,-6,1,-4,1,-3,0,-2,0,0,0,0,0,2,-2,3,-2,4,-4,4,-6,5,42,4,-10,3,-12,1,-14,0,-15,-2,-16,-5,-17,-8,0,0,-17,-13,-17,-16,-16,-18,-15,-20,-15,-21,-13,-21,32,10,-11,-19,-9,-17,-8,-15,-8,-11,-7,-8,-6,-4,-6,-2,-6,1,-6,4,-5,6,-5,8,-5,11,-5,13,-61,10,-6,16,-6,17,-6,17,-6,16,-6,14,-6,11,-5,8,1,4,2,3,2,4,4,4,8,1,9,-4,4,-11,-2,-24,-13,-6,-15,4,-7,15,5,16,16,8,17,-5,9,-17,-5,-19,-17,-11,-19,4,-11,15,1,17,10,11,4,6,9,-4,4,-6,1,-5,0,-4,0,-4,-2,-5,0,0,-8,0,-8,5,-4,11,2,12,10,9,15,2,1,-27,8,-14,-2,-16,-12,-13,-17,-2,-15,9,-5,17,7,16,16,6,16,-5,7,-15,-5,-15,-15,-6,-14,6,-10,29,7,11,13,0,6,-10,-4,-11,-12,-1,-8,10,2,13]"
CSI_DATA,114028,d8:b1:90:d9:de:f0,-59,11,-99,-35,60,56,1703076204,100,0,228,0,"[-13,13,-14,13,-14,13,-13,13,-12,13,-10,11,-9,11,66,-4,-5,8,-4,6,-3,5,-2,3,-1,2,0,1,0,0,0,0,1,-2,2,-3,3,-3,5,-4,6,-4,42,4,11,-2,12,0,14,1,15,3,16,6,17,8,0,0,18,13,18,15,18,16,18,18,17,19,17,19,-3,0,15,16,14,14,13,11,11,8,10,5,8,2,6,0,5,-3,4,-6,2,-8,1,-11,0,-12,-1,-14,-11,10,-4,-17,-4,-18,-4,-18,-4,-17,-4,-15,-3,-13,-2,-10,1,-4,0,-3,0,-4,0,-5,-6,-6,-10,0,-10,8,-8,22,9,11,15,1,13,-11,0,-17,-12,-13,-19,0,-13,14,0,20,14,14,19,0,13,-12,2,-17,-8,-12,-3,-6,-9,3,-4,6,-1,5,0,4,0,4,2,5,0,0,9,0,8,-6,2,-11,-4,-12,-11,-6,-13,0,4,26,-4,15,6,15,15,8,17,-2,12,-13,0,-17,-13,-13,-17,0,-13,12,0,17,12,11,16,-1,9,-13,-6,-30,-13,-5,-11,6,0,12,11,6,11,-6,0,-13,-10,-8]"
CSI_DATA,114029,d8:b1:90:d9:de:f0,-59,11,-99,-36,60,56,1703089009,100,0,228,0,"[-12,14,-13,14,-13,14,-12,14,-11,14,-9,12,-8,11,67,-4,-4,8,-3,7,-2,5,-2,4,-1,2,0,1,-1,0,0,-1,0,-2,1,-4,2,-5,4,-6,5,-6,43,4,9,-6,12,-6,14,-4,16,-2,18,-1,19,0,0,0,22,3,24,4,25,6,25,7,25,7,25,7,81,0,21,7,19,4,16,4,14,2,11,0,8,-2,4,-4,2,-5,0,-6,-3,-7,-6,-8,-8,-9,-10,-9,67,10,-14,-9,-16,-10,-16,-10,-14,-9,-13,-8,-11,-7,-8,-6,1,-4,0,-4,0,-4,-2,-6,-7,-5,-10,0,-8,9,-5,24,12,9,16,-2,9,-13,-2,-17,-15,-10,-19,4,-10,17,4,19,17,10,19,-4,10,-16,-2,-17,-12,-9,-5,-7,-8,6,-2,8,0,6,2,5,2,4,5,3,0,0,8,-4,4,-10,-2,-12,-9,-8,-14,0,-13,8,17,22,4,16,14,9,18,-1,13,-12,2,-18,-10,-14,-18,-2,-14,10,-2,17,10,14,16,1,12,-11,0,-16,-25,-19,-13,3,-3,12,8,8,10,-2,2,-11,-9,-9,-12,2]"
CSI_DATA,114030,d8:b1:90:d9:de:f0,-58,11,-99,-36,60,56,1703100634,100,0,228,0,"[10,-15,12,-16,12,-16,12,-15,10,-14,9,-13,7,-12,67,-4,4,-8,4,-7,2,-5,2,-4,1,-2,1,-1,1,0,0,1,0,2,-1,4,-2,5,-4,5,-6,6,43,4,-10,4,-12,3,-14,1,-16,0,-18,-2,-19,-4,0,0,-20,-10,-21,-12,-21,-14,-21,-16,-21,-16,-19,-16,-19,9,-17,-15,-16,-13,-14,-10,-12,-7,-10,-4,-8,-1,-6,1,-4,4,-2,6,0,8,0,10,2,12,4,14,30,0,6,16,7,18,7,17,7,16,5,15,4,12,3,10,-1,5,0,4,0,4,2,5,7,4,10,-1,7,-9,4,-24,-12,-9,-16,1,-10,13,2,18,15,11,19,-2,12,-16,-3,-20,-16,-12,-19,2,-12,14,0,17,10,12,4,7,9,-4,4,-7,1,-5,0,-4,-1,-5,-4,-4,0,0,-9,2,-7,8,-1,12,7,12,13,5,14,-2,-7,-27,2,-16,-8,-14,-16,-6,-16,5,-9,15,2,18,14,11,18,-1,12,-14,-2,-17,-14,-10,-16,2,-8,14,10,30,13,4,10,-7,-1,-12,-10,-4,-9,7,0,13,11,7]"
CSI_DATA,114031,d8:b1:90:d9:de:f0,-59,11,-99,-37,61,56,1703112002,100,0,228,0,"[17,1,18,1,18,1,18,0,16,0,14,-1,12,-1,62,-4,9,-1,6,-1,5,-1,3,-1,3,0,1,0,0,0,0,1,-1,2,-2,3,-4,3,-5,4,-7,3,40,3,-10,2,-12,1,-14,0,-14,-1,-16,-3,-17,-4,0,0,-19,-7,-20,-9,-22,-9,-22,-10,-22,-11,-22,-10,-57,9,-19,-7,-18,-5,-16,-3,-12,-1,-9,0,-7,2,-3,3,-1,4,1,5,3,5,7,6,9,5,12,6,-44,0,16,5,16,3,17,3,16,3,14,2,12,1,9,1,-4,1,-3,2,-3,2,-2,5,1,7,7,6,12,0,18,-12,-1,-14,-12,-9,-15,3,-7,14,5,16,16,7,16,-7,6,-17,-8,-16,-17,-5,-16,8,-5,15,5,13,1,9,9,-1,5,-5,2,-5,0,-5,-1,-5,-4,-4,0,0,-9,3,-5,9,1,12,8,9,12,1,12,-6,-14,-22,-3,-14,-12,-9,-16,0,-11,11,-1,17,11,12,17,1,12,-11,0,-16,-11,-11,-16,1,-9,12,3,14,26,10,11,-7,0,-11,-9,-5,-8,5,1,10,11,4,9,-6]"
CSI_DATA,114032,d8:b1:90:d9:de:f0,-59,11,-99,-30,59,56,1703125860,100,0,228,0,"[-16,-2,-18,1,-17,6,-14,11,-9,13,-4,14,0,12,64,-4,4,7,5,4,5,2,4,1,3,0,2,0,0,0,0,1,0,2,0,4,1,5,2,6,3,6,41,4,6,8,9,8,11,8,14,7,17,5,20,2,0,0,21,-6,20,-10,18,-15,15,-19,10,-22,4,-24,-16,9,-8,-20,-12,-15,-13,-8,-12,-3,-10,2,-6,4,-2,5,2,4,6,1,7,-1,6,-6,4,-10,0,-13,29,10,-9,-13,-13,-10,-16,-6,-17,-2,-16,2,-12,4,-8,6,4,0,3,-2,2,-4,-1,-6,-7,-4,-9,4,0,12,14,18,12,-6,1,-16,-14,-8,-14,7,0,17,15,8,16,-10,-1,-19,-17,-8,-15,10,1,18,14,8,13,-6,6,-5,-6,-8,-8,0,-4,4,-1,4,1,4,5,3,0,0,5,-7,-2,-10,-11,-5,-12,5,-3,13,8,10,12,-24,9,-13,-6,-14,-16,-5,-14,10,1,17,15,8,15,-9,0,-16,-14,-8,-13,9,1,16,14,4,10,-10,-10,-26,-12,0,-4,11,8,6,8,-6,-4,-9,-11,2,-2,12]"
CSI_DATA,114033,d8:b1:90:d9:de:f0,-59,11,-99,-37,61,56,1703142499,100,0,228,0,"[-15,-7,-16,-7,-17,-7,-16,-6,-16,-5,-14,-4,-12,-3,62,-4,-9,-1,-7,0,-5,0,-4,0,-3,0,-1,0,0,0,1,0,2,0,3,0,5,0,6,0,7,1,40,3,9,5,9,7,10,9,10,11,10,12,9,15,0,0,9,18,9,20,9,21,9,22,8,22,8,22,-52,0,8,20,8,16,8,13,8,10,7,6,7,3,6,0,5,-2,4,-5,3,-7,1,-9,0,-11,0,-13,-24,9,-3,-16,-5,-16,-5,-16,-5,-16,-5,-14,-4,-12,-3,-9,4,0,3,0,3,-1,5,-3,1,-7,-3,-9,-11,-3,-22,3,-4,12,7,13,15,4,14,-9,3,-17,-11,-14,-18,-1,-14,12,-1,18,12,13,18,0,12,-11,1,-14,1,-7,-9,-2,-7,1,-3,3,-1,3,-1,4,0,5,0,0,7,3,9,-1,7,-8,0,-11,-6,-11,-12,-5,-5,25,-8,12,0,15,11,11,16,1,12,-11,2,-16,-9,-13,-16,-2,-12,10,-1,16,11,11,15,0,9,-11,-5,-29,-12,-5,-9,7,1,11,10,3,9,-6,-1,-12,-11,-5]"
CSI_DATA,114034,d8:b1:90:d9:de:f0,-59,11,-99,-36,61,56,1703155592,100,0,228,0,"[-6,15,-8,16,-8,16,-8,15,-7,14,-6,13,-5,11,60,-4,-3,8,-3,6,-2,5,-1,3,-1,2,0,1,0,0,0,-1,0,-2,2,-3,3,-4,5,-5,6,-4,39,3,10,-2,11,0,13,1,13,3,15,5,15,8,0,0,15,13,15,15,14,17,13,18,13,20,11,20,-40,0,10,18,9,15,8,13,8,10,7,7,6,4,6,1,5,-1,5,-4,4,-6,4,-8,3,-10,3,-13,42,0,3,-16,2,-17,3,-17,3,-16,3,-14,3,-11,3,-9,0,-4,-1,-3,0,-3,-2,-5,-6,-3,-8,1,-6,9,-3,22,10,8,14,-1,10,-11,-1,-15,-13,-10,-17,1,-11,14,1,18,14,11,18,0,12,-11,1,-15,-8,-11,-3,-7,-8,3,-4,5,-1,5,0,5,0,5,2,5,0,0,8,0,8,-5,3,-10,-2,-11,-9,-8,-12,-1,-1,25,-6,12,2,14,10,11,15,1,13,-8,4,-15,-6,-15,-15,-6,-15,6,-5,14,6,14,14,5,13,-6,6,-28,-8,-10,-11,0,-5,10,5,9,11,0,6,-10,-4,-11]"
CSI_DATA,114035,d8:b1:90:d9:de:f0,-59,11,-99,-38,61,56,1703171612,100,0,228,0,"[-8,-15,-8,-16,-7,-17,-6,-16,-6,-15,-6,-14,-5,-12,64,-4,-4,-8,-3,-6,-2,-5,-2,-4,-1,-3,0,-2,0,0,0,0,1,1,1,3,1,4,0,6,0,8,41,4,-4,10,-6,10,-9,11,-11,11,-14,10,-16,10,0,0,-20,7,-22,6,-24,4,-24,2,-25,1,-25,0,75,9,-21,0,-19,0,-16,1,-13,1,-10,2,-7,4,-4,4,-1,5,0,6,3,7,5,8,8,8,10,9,-82,0,12,10,13,11,14,12,12,11,11,10,9,10,6,8,3,3,3,2,4,2,6,0,7,-4,4,-10,-4,-12,-17,-16,-14,4,-7,14,4,16,15,8,17,-5,8,-16,-5,-18,-17,-9,-19,4,-10,16,3,18,13,10,15,0,7,1,2,-10,-2,-8,-3,-4,-4,-2,-4,-2,-5,0,0,0,-5,7,0,10,6,9,12,4,13,-3,9,-11,-22,-14,-8,-13,-16,-5,-16,6,-9,14,2,18,13,12,17,0,12,-12,0,-17,-11,-12,-16,0,-10,10,1,15,23,18,13,-3,4,-11,-6,-8,-10,2,-4,10,6,10,12,0]"
CSI_DATA,114036,d8:b1:90:d9:de:f0,-59,11,-99,-35,60,56,1703191030,100,0,228,0,"[-15,-10,-16,-11,-17,-11,-16,-10,-15,-8,-14,-7,-12,-5,66,-4,-9,-2,-7,-2,-6,-1,-4,0,-2,0,-1,0,0,-1,1,-1,2,0,4,0,6,0,7,0,8,1,42,4,11,4,11,6,11,8,11,11,11,13,10,16,0,0,9,20,8,22,9,24,8,24,8,25,8,24,-83,0,8,20,8,18,8,15,7,11,7,8,6,4,6,0,4,-2,3,-5,2,-7,0,-9,-1,-11,-2,-13,-30,10,-6,-17,-7,-17,-7,-17,-7,-16,-6,-14,-5,-12,-4,-9,5,1,4,0,4,0,5,-4,3,-8,-2,-10,-11,-6,-24,0,-6,13,6,15,15,6,15,-7,5,-17,-9,-16,-19,-4,-16,11,-3,19,11,16,18,3,14,-9,4,-15,4,-8,-9,-4,-8,0,-5,2,-4,4,-2,5,0,8,0,0,9,4,11,-2,7,-9,0,-13,-8,-11,-15,-4,-6,28,-8,13,1,17,12,12,17,1,14,-11,2,-17,-11,-14,-17,-2,-13,11,-1,17,11,13,16,0,9,-12,-7,-30,-12,-5,-10,6,1,11,10,3,8,-7,-2,-12,-11,-4]"
CSI_DATA,114037,d8:b1:90:d9:de:f0,-59,11,-99,-38,61,56,1703202501,100,0,228,0,"[-16,-4,-18,-4,-18,-4,-17,-4,-16,-3,-14,-2,-13,-1,64,-4,-9,0,-8,0,-6,0,-5,0,-3,0,-2,0,0,0,0,0,2,0,3,0,4,0,6,1,7,2,41,4,9,5,10,7,10,9,10,12,9,14,9,15,0,0,8,19,8,21,8,22,7,23,7,23,7,23,-65,0,7,20,7,18,8,14,7,11,7,8,6,4,6,1,6,-1,5,-4,4,-6,4,-9,2,-11,2,-13,0,0,0,-17,0,-18,-1,-18,-1,-17,0,-15,-1,-13,0,-10,4,0,3,0,4,-1,4,-4,1,-8,-5,-8,-12,-2,-22,6,-3,14,8,13,16,2,13,-10,1,-18,-12,-13,-18,0,-13,14,0,18,13,13,18,0,12,-11,1,-14,1,-6,-9,-2,-6,2,-3,4,-1,3,-2,3,0,5,0,0,7,4,10,0,8,-7,2,-12,-6,-11,-12,-6,-7,25,-10,12,0,16,10,13,16,3,14,-9,4,-16,-8,-15,-16,-4,-14,8,-4,16,8,13,15,2,11,-10,0,-30,-11,-7,-12,5,-1,12,9,6,10,-4,2,-12,-9,-9]"
CSI_DATA,114038,d8:b1:90:d9:de:f0,-59,11,-99,-38,61,56,1703214250,100,0,228,0,"[16,4,18,5,18,5,17,5,16,4,14,3,13,3,64,-4,10,1,8,0,6,0,4,0,3,0,2,0,0,0,0,0,-1,0,-3,0,-4,-1,-5,-3,-6,-4,41,4,-6,-8,-6,-10,-5,-12,-4,-14,-2,-16,-1,-18,0,0,1,-21,3,-22,4,-23,6,-24,6,-24,6,-23,-79,0,6,-20,4,-18,3,-16,1,-13,0,-11,-2,-8,-4,-5,-6,-2,-7,0,-8,2,-9,4,-10,6,-11,8,42,10,-12,12,-13,12,-13,12,-12,12,-11,10,-10,8,-8,6,-4,1,-2,1,-3,1,-4,3,-2,7,3,9,10,4,24,-3,5,-13,-6,-14,-15,-6,-15,7,-5,17,8,16,18,4,16,-9,5,-18,-8,-17,-17,-5,-15,7,-6,14,-2,6,8,6,7,0,4,-2,2,-2,3,-2,3,-4,0,0,-4,-7,-8,-4,-10,2,-8,9,-1,12,7,12,20,-17,14,-4,9,-12,0,-16,-10,-12,-17,-2,-14,9,-4,16,8,14,16,4,14,-9,3,-16,-9,-12,-16,0,-22,20,2,14,12,6,10,-6,0,-12,-10,-6,-11,6,-2,12]"
CSI_DATA,114039,d8:b1:90:d9:de:f0,-59,11,-99,-38,61,56,1703225608,100,0,228,0,"[-17,-2,-18,-2,-19,-2,-18,-2,-17,-2,-15,-2,-14,-1,64,-4,-10,0,-8,0,-6,0,-4,0,-3,0,-2,0,0,0,1,0,2,0,3,0,4,1,6,2,6,4,41,4,7,8,6,11,5,13,4,15,2,17,0,19,0,0,-3,21,-5,22,-7,24,-9,24,-10,23,-10,22,24,10,-9,20,-8,18,-6,15,-4,12,-2,10,0,8,2,6,4,3,6,2,8,0,9,-2,11,-3,12,-5,-27,0,15,-7,16,-8,16,-8,16,-8,14,-6,12,-4,10,-3,4,-1,3,-2,4,-2,4,-4,0,-8,-6,-8,-12,-2,-23,6,-4,14,8,14,16,4,14,-9,4,-18,-10,-16,-18,-4,-16,10,-5,19,9,17,17,6,16,-6,7,-14,4,-6,-8,-7,-8,-1,-5,2,-4,2,-4,3,-3,5,0,0,4,8,10,5,12,-2,9,-8,2,-14,-6,-13,-24,13,-16,2,-12,11,-2,17,9,15,17,5,16,-7,7,-16,-5,-16,-15,-8,-16,5,-7,15,6,15,14,6,27,-13,2,-13,-8,-8,-11,2,-2,10,8,8,12,-2,6,-12]"
CSI_DATA,114040,d8:b1:90:d9:de:f0,-59,9,-99,-36,60,56,1703238345,120,0,106,0,"[33,0,42,0,7,0,40,0,-36,0,41,0,-84,0,38,0,63,0,26,0,29,0,14,0,4,0,-6,10,-24,10,-21,10,-62,10,-22,10,89,10,-9,10,56,10,21,0,36,10,70,0,30,10,-58,0,0,0,0,0,58,10,45,0,65,10,73,0,80,10,77,0,89,10,52,0,-84,10,-12,0,-78,10,89,0,-68,10,16,0,-55,10,-50,10,-36,10,75,10,-21,10,24,10,-4,10,-14,9,6,0,-25,9,0,0]"
CSI_DATA,114041,d8:b1:90:d9:de:f0,-59,11,-99,-38,61,56,1703255032,100,0,228,0,"[17,-5,18,-5,18,-5,17,-5,16,-5,14,-5,13,-5,64,-4,8,-4,7,-4,6,-2,4,-2,2,-2,1,0,0,0,0,0,-2,0,-3,0,-4,1,-6,0,-7,0,41,4,-10,-3,-10,-5,-11,-8,-11,-10,-10,-12,-10,-15,0,0,-9,-18,-8,-21,-7,-22,-6,-24,-5,-24,-5,-24,-14,10,-4,-21,-5,-18,-5,-16,-5,-12,-5,-9,-6,-5,-6,-2,-6,0,-6,2,-6,5,-6,8,-6,10,-6,12,80,10,-6,16,-6,17,-6,17,-6,16,-5,14,-5,12,-4,9,-2,3,-1,2,-2,3,-1,5,2,7,8,5,11,-2,18,-14,-3,-14,-12,-8,-15,3,-8,14,4,17,16,8,18,-5,9,-16,-5,-18,-16,-10,-17,4,-9,14,2,14,0,7,10,0,6,-3,2,-4,2,-3,1,-4,0,-5,0,0,-7,-4,-9,1,-8,7,-2,12,5,12,12,6,9,-24,10,-10,2,-16,-8,-14,-16,-6,-16,6,-8,15,4,16,14,9,16,-3,8,-14,-4,-15,-14,-7,-14,6,-10,28,8,11,12,0,6,-10,-6,-10,-12,0,-8,10,4,12]"
CSI_DATA,114042,d8:b1:90:d9:de:f0,-58,11,-99,-36,60,56,1703277765,100,0,228,0,"[14,12,14,13,15,13,15,12,14,10,13,9,12,7,67,-4,9,4,7,3,6,2,4,2,2,1,2,1,0,1,-1,0,-2,0,-4,0,-5,0,-7,-2,-8,-3,43,4,-9,-7,-9,-9,-9,-11,-9,-13,-9,-16,-8,-17,0,0,-6,-21,-6,-23,-5,-24,-4,-26,-4,-26,-4,-25,-58,10,-4,-21,-4,-19,-5,-16,-6,-12,-6,-9,-5,-4,-5,-2,-5,1,-4,4,-3,7,-2,9,-2,12,0,14,4,0,2,18,3,18,4,19,3,17,3,16,2,13,2,11,-4,-1,-4,0,-4,0,-5,2,-3,7,2,10,10,7,24,3,7,-12,-4,-15,-14,-8,-16,5,-7,17,7,18,19,6,18,-9,6,-19,-9,-17,-18,-5,-16,7,-5,14,-4,8,9,5,8,0,5,-2,4,-3,3,-4,1,-6,0,0,-8,-5,-11,0,-9,7,-2,13,6,14,14,7,12,-26,10,-12,0,-17,-10,-14,-18,-3,-15,9,-4,17,8,16,17,5,15,-8,4,-16,-9,-14,-16,-2,-11,10,2,31,12,7,10,-5,0,-12,-9,-4,-9,6,0,12,11,7]"
CSI_DATA,114043,d8:b1:90:d9:de:f0,-59,11,-99,-35,60,56,1703299022,100,0,228,0,"[-8,16,-9,17,-8,18,-8,17,-6,17,-4,15,-4,13,66,-4,-1,9,0,8,0,6,0,4,0,2,0,1,-1,0,-1,-1,-2,-2,-2,-4,-2,-6,-1,-7,0,-8,42,4,2,-12,4,-13,6,-13,8,-14,10,-15,12,-15,0,0,16,-15,18,-15,19,-15,20,-15,20,-16,20,-15,59,0,17,-15,15,-14,11,-13,8,-11,4,-9,1,-7,-1,-5,-4,-3,-6,-1,-8,0,-9,4,-11,6,-12,8,38,10,-13,12,-13,13,-12,14,-11,14,-10,12,-8,11,-6,8,0,-5,-1,-4,-1,-4,-4,-4,-7,-2,-9,4,-4,11,3,24,14,4,13,-7,3,-16,-10,-14,-18,-1,-14,13,0,19,14,14,20,0,13,-14,0,-18,-13,-11,-15,0,-9,-2,-2,10,2,8,4,5,4,2,6,0,7,-2,0,0,1,-10,-5,-9,-12,-4,-13,4,-8,11,0,15,29,-3,15,3,15,-7,6,-15,-5,-17,-15,-9,-17,4,-9,15,4,17,15,8,16,-5,6,-15,-6,-15,-15,-4,-24,19,0,13,11,6,9,-6,-2,-11,-11,-3,-9,8,1,13]"
CSI_DATA,114044,d8:b1:90:d9:de:f0,-59,11,-99,-35,60,56,1703313579,100,0,228,0,"[-17,7,-18,8,-18,8,-17,8,-16,8,-14,8,-12,6,66,-4,-8,4,-6,4,-4,3,-3,2,-2,2,-1,0,0,-1,0,-2,1,-2,2,-4,4,-4,5,-4,7,-5,42,4,11,-3,13,-2,15,0,15,0,17,2,18,5,0,0,20,9,21,11,22,13,22,14,22,15,20,15,39,0,18,13,17,11,15,8,12,5,10,2,7,0,5,-2,3,-4,0,-6,-2,-7,-4,-9,-6,-11,-8,-11,87,10,-12,-13,-13,-13,-14,-13,-13,-12,-11,-11,-9,-9,-7,-7,3,-4,1,-4,1,-4,0,-5,-4,-6,-10,-3,-11,5,-14,19,6,13,15,4,15,-8,4,-17,-10,-15,-18,-3,-15,12,-2,19,12,16,19,2,15,-11,3,-17,-7,-13,-2,-9,-10,2,-5,6,-2,6,0,6,2,6,5,5,0,0,9,-2,6,-8,0,-12,-8,-11,-14,-4,-14,4,11,28,0,16,11,13,17,3,15,-8,6,-17,-6,-17,-16,-7,-17,6,-7,16,6,16,15,6,14,-7,3,-15,-19,-24,-13,0,-6,10,6,9,11,0,4,-11,-6,-10,-13,0]"
CSI_DATA,114045,d8:b1:90:d9:de:f0,-59,11,-99,-37,61,56,1703326837,100,0,228,0,"[-17,1,-18,2,-18,2,-18,2,-16,3,-14,3,-12,3,62,-4,-9,2,-7,2,-5,1,-4,1,-3,1,-1,0,0,0,0,-1,1,-1,3,-2,4,-3,5,-3,7,-2,40,3,11,0,12,0,14,2,15,4,16,6,17,8,0,0,17,12,18,13,18,15,18,16,18,16,18,16,18,0,16,14,14,11,13,9,11,5,9,3,7,0,5,-1,3,-3,1,-5,0,-7,-2,-9,-5,-10,-6,-11,-70,9,-10,-13,-11,-13,-11,-13,-11,-12,-9,-11,-8,-9,-6,-7,4,-2,2,-3,2,-3,1,-5,-2,-7,-8,-5,-11,2,-17,14,3,14,13,7,16,-4,7,-14,-5,-16,-16,-7,-16,7,-6,18,8,17,18,6,16,-7,6,-14,-4,-14,-1,-8,-10,1,-5,4,-2,5,0,5,0,5,3,5,0,0,9,0,8,-7,3,-11,-4,-12,-11,-7,-14,1,5,26,-1,16,9,14,16,5,16,-7,7,-16,-5,-16,-15,-8,-16,4,-7,14,5,15,14,6,14,-6,3,-14,-16,-24,-12,0,-6,9,5,9,10,0,4,-9,-6,-10,-12,-1]"
CSI_DATA,114046,d8:b1:90:d9:de:f0,-59,11,-99,-38,61,56,1703336922,100,0,228,0,"[13,12,14,12,14,12,14,10,14,10,12,8,12,6,64,-4,8,3,7,2,6,1,4,1,2,0,1,0,0,1,-1,0,-2,0,-4,0,-6,0,-6,0,-8,-2,41,4,-10,-5,-10,-6,-11,-9,-11,-11,-11,-13,-10,-15,0,0,-10,-18,-10,-20,-10,-21,-10,-22,-10,-22,-10,-22,-74,10,-10,-18,-10,-16,-9,-12,-8,-9,-8,-6,-6,-2,-5,0,-4,3,-2,5,-1,8,0,10,2,12,4,12,27,0,8,14,9,15,10,14,9,14,8,12,7,10,5,8,-4,-1,-4,0,-4,0,-4,2,-4,6,2,10,10,6,22,2,7,-12,-4,-14,-14,-6,-15,6,-6,16,8,16,18,4,16,-10,3,-18,-10,-15,-17,-3,-14,9,-4,14,-3,8,9,4,7,0,5,-2,3,-3,2,-4,0,-6,0,0,-8,-4,-10,2,-7,9,0,13,8,10,14,3,3,-26,7,-14,-3,-16,-14,-10,-17,1,-12,12,0,18,12,12,17,0,11,-12,-1,-16,-13,-9,-15,3,-7,14,12,26,12,2,8,-9,-4,-10,-10,0,-6,9,5,11,12,2]"
CSI_DATA,114047,d8:b1:90:d9:de:f0,-59,11,-99,-37,61,56,1703347582,100,0,228,0,"[-16,5,-17,5,-18,5,-17,5,-16,4,-14,4,-12,3,62,-4,-8,3,-7,2,-5,1,-3,1,-2,1,-1,0,0,0,0,0,2,0,3,-1,5,0,6,0,7,1,40,3,9,5,10,7,9,9,9,11,9,14,7,16,0,0,5,20,3,22,1,24,0,24,0,24,0,24,-17,9,-1,20,-1,18,0,16,1,12,1,9,3,6,4,3,5,1,7,0,7,-3,9,-5,9,-7,10,-9,-55,0,11,-12,12,-12,12,-12,11,-11,11,-10,9,-8,7,-5,3,-3,1,-3,1,-3,1,-5,-2,-7,-8,-5,-11,1,-18,13,2,13,12,9,15,-2,9,-13,-2,-17,-14,-9,-18,3,-11,15,3,18,14,11,17,-1,11,-11,1,-14,1,-7,-9,-3,-7,1,-3,3,-2,3,-2,3,0,5,0,0,6,5,10,1,9,-5,5,-11,-2,-12,-10,-9,-15,20,-13,7,-6,14,3,16,12,10,17,0,12,-12,1,-16,-10,-12,-16,-1,-12,10,-1,16,10,11,14,0,20,-21,-2,-12,-11,-5,-9,7,1,11,11,5,11,-6,1,-12]"
CSI_DATA,114048,d8:b1:90:d9:de:f0,-59,11,-99,-38,61,56,1703357602,100,0,228,0,"[16,-5,18,-5,18,-5,18,-4,16,-4,14,-4,12,-4,64,-4,8,-3,6,-3,5,-2,4,-2,2,-1,1,0,0,0,0,1,-2,1,-3,2,-5,2,-6,2,-8,1,41,4,-11,-1,-12,-3,-12,-6,-13,-8,-13,-10,-14,-13,0,0,-12,-18,-12,-19,-12,-20,-11,-22,-10,-22,-9,-22,55,10,-8,-20,-8,-17,-7,-14,-7,-11,-6,-7,-6,-4,-6,0,-5,2,-4,4,-4,7,-3,10,-2,12,-2,14,-15,10,0,17,0,18,0,18,0,16,0,15,0,12,0,10,-4,3,-2,3,-1,4,0,6,3,7,9,4,11,-2,18,-15,-3,-14,-13,-8,-15,4,-8,14,5,16,16,8,17,-6,8,-17,-6,-18,-16,-8,-17,5,-8,14,2,14,0,8,10,0,6,-3,4,-4,2,-4,0,-5,-1,-6,0,0,-9,-3,-10,4,-6,9,0,13,8,10,14,4,6,-27,8,-14,0,-16,-11,-12,-17,-2,-14,10,-4,16,8,15,16,5,15,-8,4,-16,-8,-14,-15,-3,-12,9,-2,30,10,8,12,-3,2,-11,-8,-7,-11,4,-3,12,8,10]"
CSI_DATA,114049,d8:b1:90:d9:de:f0,-59,11,-99,-38,61,56,1703371953,100,0,228,0,"[17,5,18,6,18,6,18,6,16,6,14,5,12,4,64,-4,9,2,7,2,5,2,4,1,2,0,1,0,0,0,-1,0,-2,0,-4,0,-6,-2,-6,-4,-6,-5,41,4,-5,-9,-4,-12,-3,-14,-1,-15,1,-17,4,-18,0,0,8,-20,11,-20,12,-21,14,-20,15,-20,15,-18,-16,0,14,-16,12,-14,10,-12,7,-11,4,-9,1,-7,-1,-6,-4,-4,-6,-3,-8,-1,-10,0,-12,0,-14,1,22,10,-17,3,-18,4,-18,4,-17,4,-15,2,-12,2,-9,1,-5,0,-3,2,-3,1,-4,4,-2,7,4,9,10,5,24,0,6,-12,-4,-14,-14,-7,-16,4,-8,16,6,17,16,8,18,-6,9,-17,-4,-18,-15,-10,-16,2,-10,11,-6,4,5,8,6,3,6,0,4,0,5,-2,4,-5,0,0,-2,-9,-8,-6,-12,0,-11,6,-5,12,2,14,26,-6,15,2,14,-7,7,-14,-4,-16,-14,-10,-18,2,-12,13,0,17,12,12,17,0,11,-12,0,-16,-12,-10,-30,5,-6,12,6,11,12,0,6,-10,-6,-10,-12,-1,-9,9]"
CSI_DATA,114050,d8:b1:90:d9:de:f0,-59,11,-99,-38,61,56,1703384852,100,0,228,0,"[-13,-10,-14,-12,-14,-12,-14,-11,-12,-10,-12,-9,-10,-8,64,-4,-8,-5,-6,-4,-5,-2,-4,-2,-2,-1,-1,-1,0,0,0,0,2,0,3,2,4,3,4,5,4,6,41,4,4,10,2,12,0,14,-1,16,-2,17,-4,18,0,0,-9,20,-11,21,-12,21,-14,21,-15,20,-14,20,6,10,-13,17,-10,16,-9,13,-6,12,-3,10,0,8,2,6,4,4,6,2,8,0,9,0,12,-2,13,-4,-30,0,15,-6,16,-6,16,-6,15,-6,14,-5,12,-4,10,-2,4,1,4,0,4,0,6,-2,4,-7,-1,-10,-9,-8,-22,-6,-10,10,1,16,12,10,17,-2,11,-14,-2,-18,-15,-11,-19,2,-12,15,2,18,13,12,17,0,11,-10,6,-3,-5,-9,-6,-4,-5,0,-4,0,-4,2,-4,4,0,0,1,8,7,6,11,1,11,-6,6,-12,-3,-14,-26,8,-16,-1,-14,9,-6,16,6,16,16,8,17,-4,9,-14,-3,-17,-14,-10,-16,3,-8,14,4,14,14,6,28,-11,2,-12,-8,-8,-11,2,-3,11,8,8,12,-1,6,-11]"
CSI_DATA,114051,d8:b1:90:d9:de:f0,-59,11,-99,-38,61,56,1703395014,100,0,228,0,"[17,-2,18,-2,18,-2,18,-2,16,-2,14,-2,12,-3,64,-4,8,-2,7,-2,5,-2,4,-1,2,0,1,0,0,1,0,1,-2,2,-3,2,-4,2,-6,2,-8,1,41,4,-11,-1,-12,-3,-13,-5,-14,-7,-14,-9,-14,-12,0,0,-14,-16,-14,-18,-14,-19,-14,-20,-13,-20,-12,-20,56,10,-11,-18,-10,-15,-10,-12,-9,-9,-8,-6,-7,-2,-6,0,-4,2,-3,5,-2,7,0,10,0,12,1,13,2,0,4,16,5,16,5,16,4,16,4,14,3,12,2,10,-4,2,-3,3,-2,4,-1,6,2,7,8,5,12,-2,18,-13,-2,-14,-12,-8,-15,3,-8,14,5,16,16,8,18,-6,8,-16,-6,-18,-16,-8,-17,5,-8,14,2,14,0,8,10,0,6,-3,4,-4,2,-4,0,-6,-1,-6,0,0,-8,-2,-9,4,-6,10,2,12,10,10,14,2,1,-27,6,-14,-4,-16,-13,-10,-17,2,-12,12,0,17,12,12,16,1,12,-11,0,-16,-12,-11,-15,0,-8,12,6,28,12,4,9,-6,-1,-11,-10,-4,-8,6,1,11,10,6]"
CSI_DATA,114052,d8:b1:90:d9:de:f0,-59,11,-99,-38,61,56,1703406806,100,0,228,0,"[-16,-4,-17,-4,-18,-4,-17,-4,-16,-4,-14,-3,-12,-2,64,-4,-9,0,-7,0,-6,0,-4,0,-3,0,-2,0,0,0,0,0,2,0,2,0,4,2,5,3,6,4,41,4,6,9,6,11,4,13,3,15,2,17,0,18,0,0,-2,21,-4,22,-6,23,-8,23,-8,23,-8,22,69,10,-7,20,-6,18,-4,15,-2,13,0,10,1,8,3,5,6,4,6,1,8,0,10,-2,11,-4,12,-6,-34,0,14,-8,14,-8,15,-9,14,-8,13,-7,10,-6,9,-4,4,0,3,-1,4,-1,4,-4,2,-8,-5,-8,-10,-3,-23,4,-4,13,6,14,15,4,14,-7,5,-16,-8,-16,-17,-5,-16,9,-5,18,8,16,16,6,15,-6,6,-13,3,-5,-7,-6,-7,0,-4,1,-2,2,-2,2,-2,4,0,0,3,7,8,4,10,0,9,-8,2,-12,-6,-13,-21,14,-15,2,-11,12,-1,16,10,14,17,4,16,-8,6,-16,-7,-15,-16,-6,-15,6,-5,15,7,13,15,3,24,-16,0,-13,-11,-7,-11,4,-2,11,9,7,12,-3,4,-12]"
CSI_DATA,114053,d8:b1:90:d9:de:f0,-59,11,-99,-35,60,56,1703418754,100,0,228,0,"[-14,-11,-15,-12,-15,-13,-13,-12,-13,-11,-11,-10,-10,-8,66,-4,-7,-5,-6,-4,-4,-4,-3,-2,-2,-2,-1,-1,0,0,1,0,2,1,2,3,2,4,2,6,0,8,42,4,-2,11,-4,12,-6,12,-9,13,-13,12,-15,11,0,0,-19,10,-22,8,-24,6,-26,5,-26,4,-25,2,75,9,-22,1,-19,1,-17,2,-13,2,-10,2,-7,4,-4,5,-2,6,1,6,3,8,5,8,7,10,9,11,83,0,12,13,13,13,12,14,11,13,10,12,8,11,5,8,4,0,3,0,4,0,5,-1,5,-6,0,-10,-7,-9,-22,-8,-12,8,-2,15,10,13,17,2,15,-11,3,-18,-11,-16,-19,-4,-16,10,-5,18,8,16,15,6,14,-4,7,0,0,-10,-4,-6,-4,-3,-4,-2,-4,-1,-6,0,0,0,-4,8,1,10,7,8,12,3,13,-4,8,-12,-24,-13,-8,-13,-15,-5,-16,5,-10,14,1,18,13,13,17,0,14,-11,2,-17,-11,-13,-17,-2,-12,11,0,16,22,22,13,-2,6,-12,-6,-11,-12,0,-6,11,4,13,13,4]"
CSI_DATA,114054,d8:b1:90:d9:de:f0,-59,11,-99,-38,61,56,1703448794,100,0,228,0,"[16,8,16,8,17,8,16,7,15,6,14,5,12,3,64,-4,8,2,7,1,5,1,4,0,2,0,1,0,0,0,-1,0,-3,0,-4,0,-5,0,-7,0,-8,-2,41,4,-10,-6,-9,-8,-10,-10,-9,-12,-8,-14,-8,-16,0,0,-7,-20,-6,-22,-6,-24,-4,-24,-5,-25,-4,-24,-32,10,-5,-21,-5,-18,-5,-15,-6,-12,-6,-8,-6,-5,-6,-2,-5,1,-5,4,-4,6,-4,10,-2,11,-2,14,-26,10,0,16,1,17,1,18,2,17,1,15,1,12,0,10,-4,0,-4,1,-3,1,-4,4,-2,7,4,9,11,4,23,-2,5,-13,-6,-14,-15,-4,-14,8,-4,17,10,15,18,3,15,-11,2,-19,-10,-15,-18,-2,-13,8,-3,14,-3,7,8,4,7,0,4,-2,3,-3,2,-4,0,-6,0,0,-8,-4,-10,0,-9,8,-2,12,5,12,12,6,10,-25,10,-11,1,-16,-9,-14,-16,-4,-15,8,-6,16,7,16,16,6,16,-7,5,-16,-8,-14,-15,-3,-11,9,0,30,11,8,12,-4,2,-11,-8,-6,-10,4,-2,12,9,8]"
CSI_DATA,114055,d8:b1:90:d9:de:f0,-59,11,-99,-36,61,56,1703460680,100,0,228,0,"[9,13,10,15,10,15,9,14,8,13,8,11,7,10,60,-4,5,6,5,5,3,3,3,3,1,1,0,1,0,0,-1,-1,-1,-1,-3,-3,-3,-3,-3,-5,-2,-6,39,3,0,-10,0,-11,3,-13,5,-13,7,-14,9,-15,0,0,13,-15,15,-15,17,-14,18,-14,19,-13,19,-13,45,0,17,-11,15,-10,12,-9,9,-8,6,-7,3,-6,0,-6,-2,-5,-4,-3,-7,-2,-8,-1,-11,0,-13,0,22,9,-16,1,-17,2,-17,2,-16,2,-14,1,-12,1,-9,0,-4,-1,-3,0,-3,0,-5,0,-6,4,-2,8,5,10,18,11,11,-6,4,-13,-7,-13,-15,-3,-13,9,-3,17,10,14,17,3,15,-10,3,-17,-8,-14,-15,-4,-12,5,-7,1,1,9,4,5,4,2,4,1,5,0,5,-2,0,0,1,-8,-5,-8,-10,-4,-11,2,-8,9,-1,13,25,0,13,5,15,-3,9,-12,0,-16,-11,-12,-16,-1,-13,9,-3,16,9,13,16,2,11,-10,1,-15,-10,-10,-28,2,-6,11,5,10,11,1,5,-8,-5,-10,-11,-1,-8,8]"
CSI_DATA,114056,d8:b1:90:d9:de:f0,-59,11,-99,-39,61,56,1703478050,100,0,228,0,"[15,9,15,11,15,11,14,11,13,11,12,9,10,8,66,-4,7,5,6,4,4,4,4,2,2,2,1,1,0,0,0,0,-1,-1,-2,-2,-3,-4,-2,-6,-2,-7,42,4,0,-11,2,-13,4,-13,7,-14,9,-14,13,-14,0,0,17,-13,20,-11,22,-11,23,-10,24,-8,24,-7,80,0,22,-6,19,-5,15,-4,13,-4,9,-4,6,-4,2,-5,0,-5,-2,-6,-5,-6,-7,-6,-9,-6,-11,-7,42,10,-15,-8,-15,-9,-15,-9,-15,-9,-13,-8,-10,-8,-7,-6,-4,-1,-3,0,-4,0,-5,2,-4,6,0,10,8,8,23,7,11,-10,0,-15,-11,-12,-17,0,-13,12,-1,18,12,14,19,2,15,-12,3,-19,-10,-15,-16,-4,-13,6,-6,2,1,10,5,6,4,2,4,1,4,0,5,-1,0,0,2,-8,-2,-9,-8,-7,-13,0,-11,7,-6,13,26,8,11,11,17,2,14,-8,5,-16,-6,-17,-15,-8,-17,3,-10,15,2,17,13,10,16,-2,8,-13,-4,-15,-26,-15,-12,5,-2,13,8,8,11,-3,2,-11,-8,-9,-13,0]"
CSI_DATA,114057,d8:b1:90:d9:de:f0,-59,11,-99,-37,61,56,1703491979,100,0,228,0,"[-5,-15,-5,-16,-6,-16,-6,-15,-6,-14,-6,-12,-5,-11,62,-4,-5,-7,-4,-5,-3,-3,-3,-3,-1,-2,-1,-1,0,0,0,0,1,0,1,2,1,3,2,5,2,7,40,3,1,11,1,12,0,14,-1,15,-2,17,-4,18,0,0,-7,20,-8,21,-9,22,-10,22,-11,22,-10,21,21,9,-7,19,-6,17,-4,15,-2,12,0,10,1,7,3,5,4,2,6,0,7,-2,8,-4,8,-6,9,-9,-50,0,9,-12,10,-13,10,-13,9,-13,8,-12,7,-10,6,-7,1,3,3,2,4,2,6,0,7,-5,3,-9,-5,-11,-18,-12,-12,7,-3,14,8,12,16,3,14,-9,2,-17,-11,-14,-18,-1,-14,12,0,18,12,13,16,1,12,-9,5,-3,-5,-9,-7,-3,-5,0,-3,1,-3,1,-3,3,0,0,1,7,7,6,11,0,10,-7,4,-13,-5,-14,-22,12,-16,2,-11,12,0,17,11,13,18,2,14,-10,3,-17,-9,-13,-16,-2,-12,10,-1,16,11,10,14,-1,17,-22,-4,-11,-11,-2,-7,8,3,10,11,1,8,-9,-2,-11]"
CSI_DATA,114058,d8:b1:90:d9:de:f0,-59,11,-99,-38,61,56,1703509002,100,0,228,0,"[-6,-16,-6,-17,-6,-18,-6,-17,-6,-16,-5,-14,-5,-12,64,-4,-4,-8,-3,-6,-2,-5,-2,-4,-1,-2,0,-1,0,0,1,1,2,2,2,3,2,4,2,6,2,8,41,4,0,11,-2,12,-4,14,-5,15,-8,16,-10,16,0,0,-14,16,-16,16,-18,16,-20,15,-20,14,-20,14,-27,9,-18,12,-15,11,-12,10,-8,10,-5,8,-2,6,0,5,2,4,5,3,8,2,9,0,12,0,13,-2,-30,0,16,-4,16,-5,16,-5,16,-5,14,-4,12,-2,10,-2,3,4,3,2,4,2,6,0,7,-3,4,-9,-4,-11,-17,-16,-14,4,-6,14,6,15,15,6,16,-7,6,-17,-8,-16,-18,-5,-17,8,-6,17,8,16,14,6,14,-4,8,0,0,-10,-4,-6,-4,-3,-4,-1,-5,0,-6,2,0,0,0,9,6,9,10,5,12,-2,9,-10,1,-14,-26,0,-14,-6,-16,5,-10,14,2,18,13,12,18,0,13,-12,0,-17,-12,-12,-16,0,-11,12,0,16,12,9,29,-6,4,-12,-6,-10,-11,0,-4,10,7,8,12,-1,6,-10]"
CSI_DATA,114059,d8:b1:90:d9:de:f0,-59,11,-99,-36,61,56,1703520535,100,0,228,0,"[-10,-13,-10,-14,-10,-14,-10,-13,-10,-12,-8,-11,-8,-10,60,-4,-5,-6,-5,-5,-3,-3,-2,-3,-1,-1,0,-1,0,0,1,0,1,1,3,2,3,4,3,5,2,6,39,3,0,10,-1,11,-3,12,-5,13,-7,13,-10,14,0,0,-15,14,-17,13,-18,13,-19,13,-20,12,-20,11,-46,8,-17,10,-15,9,-13,8,-10,7,-6,6,-3,6,0,5,1,5,4,4,6,3,9,3,11,2,13,1,-20,0,16,0,17,0,17,0,15,0,14,0,11,1,8,1,4,1,3,0,3,0,5,0,6,-5,2,-9,-5,-9,-18,-11,-11,7,-3,14,8,12,15,3,13,-9,3,-17,-10,-14,-17,-3,-15,10,-3,17,8,14,15,5,12,-5,6,-1,-1,-9,-4,-6,-4,-2,-5,-1,-5,0,-5,2,0,0,0,8,4,8,10,3,11,-1,8,-8,2,-13,-25,-1,-12,-6,-15,2,-11,11,-1,16,10,13,16,3,14,-8,4,-16,-8,-14,-15,-4,-13,8,-3,15,9,11,29,1,8,-10,-3,-11,-10,-2,-7,8,3,11,11,3,10,-6]"
CSI_DATA,114060,d8:b1:90:d9:de:f0,-59,11,-99,-36,61,56,1703534835,100,0,228,0,"[13,10,13,11,13,12,12,12,11,11,10,10,8,8,60,-4,6,5,5,4,3,3,3,2,1,1,0,1,0,0,-1,0,-2,-1,-3,-2,-3,-3,-3,-5,-1,-7,39,3,0,-10,3,-11,5,-11,7,-12,10,-12,12,-11,0,0,17,-11,19,-10,21,-9,22,-7,23,-6,23,-6,-73,0,20,-4,18,-3,15,-4,11,-4,8,-4,5,-5,3,-5,0,-5,-2,-6,-5,-6,-6,-6,-9,-6,-11,-7,44,9,-14,-8,-14,-8,-15,-8,-13,-8,-11,-8,-10,-6,-6,-5,-4,0,-3,0,-3,0,-5,1,-5,5,0,10,6,9,20,9,11,-8,2,-14,-8,-12,-15,-2,-13,10,-2,17,10,14,18,3,15,-10,4,-17,-8,-15,-14,-5,-13,4,-6,1,0,9,3,6,3,3,4,2,5,1,6,-1,0,0,2,-8,-3,-9,-8,-6,-11,0,-10,6,-5,11,23,8,10,10,15,2,14,-7,6,-15,-4,-16,-14,-9,-17,2,-10,13,1,16,12,10,15,-1,9,-11,-3,-14,-25,-14,-11,5,-2,11,8,8,10,-2,3,-11,-7,-9,-12,0]"
CSI_DATA,114061,d8:b1:90:d9:de:f0,-59,11,-99,-39,61,56,1703550273,100,0,228,0,"[15,9,16,11,16,11,15,11,14,9,13,8,11,6,66,-4,8,4,6,3,4,3,3,2,1,2,0,1,0,1,-2,0,-3,0,-4,-1,-5,-2,-6,-4,-6,-6,42,4,-4,-11,-3,-13,-2,-14,0,-16,2,-18,4,-19,0,0,9,-21,12,-21,13,-22,15,-21,16,-20,16,-19,28,0,15,-17,13,-15,10,-13,7,-11,4,-9,1,-7,-1,-5,-3,-4,-6,-2,-8,0,-10,1,-12,2,-14,4,27,10,-16,6,-17,6,-17,7,-16,6,-15,5,-11,4,-9,2,-5,-1,-4,0,-4,0,-5,3,-4,7,2,11,10,7,24,4,9,-12,-2,-15,-13,-10,-17,2,-11,15,2,18,15,11,19,-2,11,-15,-2,-19,-14,-11,-16,0,-11,9,-7,4,4,9,6,5,6,2,6,0,6,-2,5,-6,0,0,-2,-9,-8,-6,-12,-1,-11,6,-5,13,2,15,27,-8,16,2,15,-8,6,-16,-4,-17,-15,-10,-18,2,-11,14,1,18,13,11,17,-2,10,-13,-2,-16,-13,-8,-28,10,-4,13,7,9,11,-1,4,-10,-7,-8,-12,1,-7,11]"
CSI_DATA,114062,d8:b1:90:d9:de:f0,-59,11,-99,-37,61,56,1703635276,100,0,228,0,"[-7,-15,-7,-16,-6,-16,-6,-16,-5,-15,-4,-13,-4,-11,62,-4,-3,-8,-2,-6,-1,-5,-1,-3,-1,-2,0,-1,0,0,0,0,0,1,0,3,0,5,0,5,-2,7,40,3,-5,8,-8,8,-11,7,-12,7,-15,5,-17,3,0,0,-21,0,-22,-1,-23,-3,-24,-5,-24,-7,-22,-7,-65,9,-20,-7,-17,-6,-15,-5,-12,-3,-10,-1,-8,0,-5,2,-3,4,-1,6,0,8,1,10,2,11,4,12,28,0,6,15,6,16,6,16,5,15,4,14,2,12,1,9,3,2,3,1,3,2,6,1,7,-3,5,-9,-2,-12,-14,-17,-14,2,-9,12,2,15,13,9,17,-2,11,-14,-2,-18,-14,-11,-18,1,-11,13,0,17,10,12,13,1,6,2,3,-9,0,-7,-1,-4,-2,-3,-3,-3,-5,-1,0,0,-6,5,-2,9,3,9,9,7,12,0,12,-7,-15,-20,-3,-14,-11,-10,-16,-1,-14,9,-5,16,7,15,14,7,16,-5,7,-14,-4,-16,-13,-7,-14,5,-5,13,11,27,12,3,9,-7,-1,-11,-10,-3,-9,7,0,12,9,7]"
CSI_DATA,114063,d8:b1:90:d9:de:f0,-58,11,-99,-37,60,56,1703892568,280,0,106,0,"[30,0,-42,10,37,0,-15,10,44,0,33,10,42,0,84,10,32,0,-61,10,18,0,-30,10,-5,10,-3,10,-21,10,22,0,-37,10,54,0,-34,10,-93,0,-12,10,-55,0,22,0,-14,0,64,0,12,0,0,0,0,0,-35,0,40,0,-3,0,49,0,2,0,38,0,-26,0,18,0,-85,0,-14,0,28,0,-67,0,-28,10,63,0,-72,10,6,0,83,10,-47,10,56,10,90,10,42,10,42,10,51,10,23,10,69,10]"
CSI_DATA,114064,d8:b1:90:d9:de:f0,-59,11,-99,-37,61,56,1703905332,100,0,228,0,"[4,16,4,18,4,18,3,18,3,16,3,14,2,12,62,-4,1,8,1,7,1,5,0,4,0,2,0,1,0,0,-1,-1,-1,-3,-1,-4,-1,-5,0,-7,1,-8,40,3,4,-9,7,-10,9,-9,12,-9,14,-7,16,-7,0,0,20,-3,22,-1,24,0,24,2,24,3,24,3,-77,0,20,3,18,3,16,2,12,1,9,0,6,-1,4,-3,1,-4,0,-5,-2,-7,-5,-8,-7,-9,-9,-10,66,9,-11,-11,-12,-12,-12,-12,-11,-12,-9,-11,-7,-9,-5,-7,-3,-3,-3,-2,-3,-1,-5,-1,-7,2,-5,7,1,11,13,18,14,-1,9,-11,-1,-16,-12,-10,-17,1,-11,14,1,18,14,12,18,0,12,-13,0,-17,-10,-12,-14,-2,-7,-3,-4,8,0,7,2,5,3,4,4,3,6,1,0,0,6,-7,1,-11,-5,-10,-11,-5,-13,1,-10,9,20,18,6,14,14,7,16,-2,11,-12,1,-16,-10,-13,-16,-3,-14,9,-3,16,8,13,14,3,12,-8,2,-14,-19,-21,-12,0,-5,9,5,9,10,0,5,-9,-5,-10,-12,-1]"
CSI_DATA,114065,d8:b1:90:d9:de:f0,-59,11,-99,-39,61,56,1703918761,100,0,228,0,"[-11,14,-12,15,-12,15,-12,13,-11,13,-10,11,-8,10,66,-4,-5,7,-4,6,-3,5,-2,4,-2,2,0,1,0,0,0,0,1,-2,2,-2,4,-3,6,-3,7,-3,42,4,11,0,12,0,13,2,15,5,15,7,16,10,0,0,15,15,15,17,15,19,14,20,13,21,12,21,-22,0,11,19,9,16,8,14,8,11,7,7,6,4,6,1,5,-2,5,-4,4,-6,4,-9,3,-11,3,-13,26,0,2,-17,2,-18,2,-17,2,-17,2,-15,3,-13,3,-9,1,-4,0,-3,0,-4,-2,-6,-6,-5,-11,0,-8,9,-7,23,10,11,15,0,12,-11,0,-17,-12,-13,-18,0,-14,13,0,19,13,15,19,2,15,-11,2,-17,-7,-13,-2,-6,-9,2,-4,6,-1,5,0,4,0,4,2,5,0,0,8,1,9,-4,5,-11,-1,-12,-10,-10,-14,-2,-2,27,-8,14,2,17,13,11,17,0,14,-10,4,-17,-8,-15,-16,-4,-15,8,-4,16,8,14,15,3,12,-8,4,-29,-9,-9,-11,2,-4,11,7,8,11,-2,5,-12,-6,-11]"
CSI_DATA,114066,d8:b1:90:d9:de:f0,-59,11,-99,-36,60,56,1703928846,100,0,228,0,"[-12,-14,-12,-16,-12,-16,-12,-14,-12,-14,-10,-12,-9,-10,67,-4,-7,-6,-6,-4,-4,-4,-3,-2,-2,-2,0,-1,0,0,1,0,2,1,3,2,4,3,4,5,4,7,43,4,2,11,1,13,0,14,-3,16,-4,17,-7,18,0,0,-12,19,-14,19,-16,19,-18,19,-18,18,-19,18,-26,9,-16,16,-14,14,-12,13,-8,11,-4,9,-2,7,0,5,3,4,5,2,8,1,10,0,12,-2,14,-4,-29,0,16,-6,17,-7,17,-7,16,-7,14,-6,12,-4,9,-2,4,2,4,1,4,0,6,-1,6,-6,1,-10,-7,-10,-22,-10,-12,9,-2,16,10,14,18,2,14,-12,1,-19,-14,-14,-20,0,-15,13,-1,20,12,14,17,2,12,-8,8,-2,-3,-9,-5,-4,-5,-1,-4,0,-5,0,-5,4,0,0,1,9,7,8,12,2,12,-4,7,-12,-2,-14,-29,6,-16,-2,-15,7,-7,16,4,17,15,10,18,-2,12,-13,-1,-18,-13,-12,-17,1,-9,13,2,16,14,8,29,-9,4,-13,-7,-9,-12,2,-2,11,8,9,12,-2,6,-12]"
CSI_DATA,114067,d8:b1:90:d9:de:f0,-59,11,-99,-39,61,56,1703939113,100,0,228,0,"[-4,-17,-5,-18,-5,-18,-5,-17,-5,-16,-5,-14,-4,-12,66,-4,-4,-8,-4,-6,-3,-4,-2,-4,-1,-2,0,-1,0,0,0,0,1,1,2,2,2,4,2,6,2,8,42,4,0,11,-2,12,-3,13,-6,15,-8,15,-10,15,0,0,-14,16,-16,17,-17,17,-19,17,-19,16,-19,15,-66,9,-17,14,-13,13,-11,12,-8,11,-5,9,-2,8,0,6,4,4,5,2,8,0,9,0,12,-2,13,-3,-21,0,15,-6,17,-6,16,-8,15,-7,13,-6,12,-4,9,-4,2,4,2,2,3,2,6,1,8,-2,5,-9,-2,-12,-17,-17,-14,4,-7,14,5,15,15,6,17,-7,6,-17,-8,-17,-19,-6,-17,8,-6,18,8,16,15,6,14,-5,6,-1,-2,-10,-5,-6,-4,-2,-4,0,-4,0,-5,2,0,0,0,8,5,8,11,4,12,-3,8,-11,0,-15,-27,2,-15,-4,-15,6,-8,15,4,17,15,10,17,-2,11,-13,-1,-17,-13,-11,-16,2,-9,13,3,15,13,6,28,-11,2,-13,-8,-8,-11,2,-2,11,8,8,12,-3,4,-11]"
CSI_DATA,114068,d8:b1:90:d9:de:f0,-59,11,-99,-38,61,56,1703949247,100,0,228,0,"[-10,14,-10,16,-10,16,-10,15,-8,14,-6,13,-5,12,64,-4,-2,8,-2,7,-1,6,0,4,0,2,0,1,0,0,0,-1,0,-2,0,-4,0,-6,1,-6,2,-7,41,4,6,-9,8,-9,10,-9,12,-9,14,-8,16,-8,0,0,20,-6,22,-6,23,-6,24,-5,24,-5,24,-5,-79,0,21,-5,18,-6,15,-6,11,-6,8,-6,4,-6,2,-5,-2,-5,-4,-4,-7,-3,-9,-2,-12,-1,-13,0,24,10,-16,2,-18,4,-17,4,-16,4,-14,4,-12,2,-9,2,1,-4,0,-4,0,-4,-3,-5,-7,-4,-10,2,-6,10,0,24,12,7,14,-4,7,-14,-6,-15,-16,-5,-16,8,-4,18,10,16,19,4,16,-10,4,-18,-8,-14,-14,-4,-6,-3,-4,8,0,8,2,5,3,4,4,2,6,0,0,0,5,-8,-1,-10,-8,-8,-12,-2,-12,6,-6,13,25,9,12,10,16,0,13,-10,3,-16,-9,-14,-16,-4,-15,8,-5,16,8,14,16,3,13,-9,2,-15,-10,-10,-30,3,-6,11,5,10,10,0,4,-10,-7,-9,-12,0,-6,10]"
CSI_DATA,114069,d8:b1:90:d9:de:f0,-59,11,-99,-35,60,56,1703960308,100,0,228,0,"[13,13,13,14,13,14,13,13,13,12,11,10,10,8,66,-4,7,5,6,4,4,2,3,2,2,1,0,1,0,0,-2,0,-3,0,-4,0,-6,-1,-6,-3,-7,-4,42,4,-7,-8,-7,-10,-6,-13,-6,-15,-4,-17,-3,-18,0,0,0,-22,0,-24,1,-24,2,-25,2,-25,2,-24,19,0,2,-22,1,-19,0,-17,-1,-13,-2,-10,-3,-6,-4,-3,-4,0,-4,2,-5,5,-4,8,-4,11,-4,12,-45,10,-4,17,-3,18,-2,17,-2,17,-2,15,-2,13,-2,10,-4,-2,-4,0,-4,0,-6,2,-5,6,0,11,8,8,23,6,10,-11,-2,-16,-13,-10,-17,2,-10,15,4,18,17,9,19,-6,9,-17,-5,-19,-16,-9,-17,4,-8,13,-6,6,6,8,7,2,6,0,5,-2,4,-4,2,-6,0,0,-6,-7,-11,-2,-11,5,-5,12,2,14,11,10,18,-21,13,-8,6,-15,-5,-16,-15,-8,-17,3,-10,15,2,17,14,11,17,-2,9,-13,-3,-15,-13,-7,-13,5,-8,28,7,10,11,0,4,-10,-6,-7,-11,2,-4,11,7,11]"
CSI_DATA,114070,d8:b1:90:d9:de:f0,-59,11,-99,-37,61,56,1703970837,100,0,228,0,"[10,-13,12,-14,12,-14,12,-12,11,-12,10,-11,9,-9,62,-4,6,-7,4,-6,3,-5,2,-3,1,-2,1,-1,0,0,0,0,-1,0,-2,1,-4,1,-5,0,-7,0,40,3,-10,-2,-11,-4,-11,-7,-12,-9,-11,-12,-11,-14,0,0,-9,-19,-7,-20,-7,-23,-5,-24,-4,-24,-3,-24,-11,9,-1,-20,-1,-18,-1,-15,-2,-13,-3,-9,-3,-7,-5,-3,-6,-1,-7,1,-7,3,-8,5,-9,7,-9,9,51,9,-11,12,-12,12,-12,12,-12,11,-11,9,-10,7,-8,5,-1,4,0,3,0,4,1,6,7,5,11,0,9,-7,9,-22,-8,-11,-15,-1,-12,9,-2,16,10,14,18,3,15,-10,3,-18,-10,-16,-18,-5,-16,7,-6,15,3,14,1,6,10,-1,5,-5,2,-4,1,-3,0,-3,0,-5,0,0,-6,-4,-9,0,-7,6,-3,11,4,12,12,7,12,-22,12,-9,4,-16,-5,-15,-14,-9,-17,2,-11,13,0,16,11,12,16,0,12,-11,0,-16,-11,-11,-15,0,-19,21,3,12,11,4,9,-6,-1,-11,-10,-5,-11,5,-2,12]"
CSI_DATA,114071,d8:b1:90:d9:de:f0,-59,11,-99,-39,61,56,1703985744,100,0,228,0,"[15,9,16,11,16,11,16,10,15,9,13,8,12,6,66,-4,8,4,7,2,6,1,4,1,2,0,1,0,0,0,0,0,-2,-1,-3,-2,-4,-2,-4,-4,-5,-5,42,4,-4,-9,-3,-11,-2,-13,0,-15,1,-17,3,-18,0,0,7,-20,9,-20,11,-22,12,-22,13,-22,13,-22,7,0,11,-19,9,-17,7,-15,5,-13,2,-11,0,-8,-2,-6,-4,-4,-6,-1,-8,0,-10,2,-11,4,-13,6,26,10,-15,9,-15,9,-15,10,-14,9,-13,8,-11,6,-8,4,-4,0,-3,0,-4,0,-5,2,-5,7,1,11,9,8,24,4,9,-11,-2,-16,-13,-10,-17,2,-10,15,4,19,16,10,19,-4,10,-17,-3,-19,-15,-10,-17,2,-9,11,-4,4,6,8,6,2,5,0,4,-1,4,-2,4,-4,0,0,-2,-8,-8,-5,-11,0,-10,7,-4,13,4,13,25,-11,15,0,12,-10,3,-16,-7,-15,-15,-6,-17,5,-8,15,4,17,15,8,16,-5,6,-15,-6,-15,-15,-4,-26,15,0,13,11,8,11,-4,1,-11,-10,-7,-13,4,-4,13]"
CSI_DATA,114072,d8:b1:90:d9:de:f0,-59,11,-99,-38,61,56,1703999786,100,0,228,0,"[18,2,18,3,18,4,18,4,16,3,14,2,13,2,64,-4,9,1,7,0,5,0,4,0,2,0,0,0,0,0,-1,0,-2,0,-4,0,-5,-1,-6,-2,-6,-4,41,4,-6,-8,-6,-10,-5,-12,-4,-14,-2,-16,0,-18,0,0,4,-20,6,-22,8,-22,9,-22,11,-22,11,-22,-34,0,10,-18,8,-16,7,-14,4,-12,2,-10,0,-7,-2,-5,-4,-3,-6,-1,-8,0,-9,2,-10,4,-12,5,30,10,-14,8,-15,8,-15,8,-14,8,-13,6,-11,5,-9,4,-4,1,-3,2,-3,2,-4,4,-1,8,5,9,11,4,23,-4,4,-14,-6,-14,-15,-5,-14,8,-5,17,8,16,18,5,17,-9,6,-18,-8,-17,-16,-6,-16,5,-7,12,-5,6,7,6,7,2,5,0,4,-1,4,-3,3,-5,0,0,-4,-8,-9,-4,-11,2,-8,8,-2,13,6,13,24,-12,15,-1,12,-10,2,-16,-8,-14,-16,-6,-16,6,-8,15,4,16,14,8,16,-4,7,-14,-5,-14,-14,-5,-26,13,-2,12,8,8,10,-3,2,-11,-8,-8,-12,2,-5,11]"
CSI_DATA,114073,d8:b1:90:d9:de:f0,-59,11,-99,-37,61,56,1704015638,100,0,228,0,"[-6,16,-7,16,-7,16,-7,16,-7,15,-5,13,-4,12,62,-4,-2,9,-1,7,-1,5,0,4,0,3,0,1,0,0,0,0,0,-1,1,-2,2,-3,3,-4,5,-4,40,3,9,-4,11,-4,13,-2,15,-1,16,0,18,1,0,0,20,5,21,7,22,8,22,10,22,10,21,11,57,0,18,9,16,7,14,6,12,3,10,1,7,0,5,-2,3,-5,1,-6,0,-8,-1,-9,-3,-11,-5,-12,-59,9,-8,-14,-9,-15,-9,-14,-9,-14,-7,-12,-5,-11,-4,-9,0,-3,0,-3,0,-4,-3,-5,-8,-3,-10,3,-5,11,0,24,12,7,15,-4,7,-14,-5,-16,-16,-7,-17,6,-7,16,7,18,17,8,18,-6,8,-16,-4,-16,-11,-8,-4,-3,-7,7,-1,7,1,5,1,3,2,3,3,3,0,0,7,-2,5,-8,0,-11,-7,-9,-12,-3,-13,5,11,23,1,15,11,11,16,2,14,-9,5,-16,-7,-16,-15,-6,-15,6,-6,14,6,14,14,5,13,-6,3,-14,-15,-24,-12,0,-7,9,4,10,11,1,7,-9,-4,-12,-12,-4]"
CSI_DATA,114074,d8:b1:90:d9:de:f0,-59,11,-99,-35,60,56,1704027311,100,0,228,0,"[13,12,15,13,15,13,15,12,14,10,13,8,11,6,66,-4,8,3,6,2,5,2,4,1,2,1,1,0,0,0,-1,0,-3,0,-4,0,-6,0,-7,0,-8,-2,42,4,-10,-5,-11,-7,-10,-9,-10,-12,-10,-14,-9,-16,0,0,-8,-20,-8,-21,-8,-24,-8,-24,-8,-24,-8,-24,58,10,-7,-21,-8,-17,-8,-14,-8,-11,-7,-7,-6,-4,-5,0,-4,2,-3,5,-1,7,0,10,1,11,3,13,55,0,6,15,8,15,8,16,8,15,8,13,6,11,4,8,-4,-2,-4,0,-4,0,-6,2,-4,7,2,11,10,7,24,2,8,-13,-4,-15,-15,-8,-16,6,-7,17,8,17,19,5,17,-9,4,-19,-10,-17,-18,-4,-14,8,-4,15,-4,8,8,5,8,0,5,-2,4,-4,2,-4,0,-7,0,0,-8,-4,-11,2,-8,9,0,13,8,11,14,4,6,-28,8,-13,-2,-16,-12,-11,-17,0,-13,11,-2,17,11,14,17,2,13,-11,0,-17,-12,-11,-15,1,-8,12,9,28,12,3,8,-7,-2,-11,-11,-2,-7,8,4,11,13,3]"
CSI_DATA,114075,d8:b1:90:d9:de:f0,-59,11,-99,-37,61,56,1704039651,100,0,228,0,"[17,1,18,2,18,2,18,1,16,1,15,0,13,0,62,-4,9,0,7,0,5,0,4,0,2,0,1,0,0,0,-1,0,-2,0,-3,0,-4,0,-6,-1,-7,-1,40,3,-8,-5,-8,-7,-8,-9,-7,-12,-7,-14,-5,-16,0,0,-3,-20,-2,-22,-1,-22,0,-24,0,-24,0,-24,47,0,0,-21,-1,-18,-1,-16,-3,-12,-3,-9,-4,-6,-5,-3,-6,0,-6,2,-6,4,-6,7,-6,9,-7,11,70,9,-7,14,-6,16,-6,16,-6,15,-5,14,-4,11,-3,9,-3,1,-2,1,-3,1,-3,3,0,7,5,8,11,2,22,-7,3,-14,-8,-12,-15,-3,-13,9,-1,18,11,14,18,1,14,-12,1,-18,-12,-14,-17,-1,-12,10,-2,14,-2,7,9,3,6,0,4,-2,3,-2,2,-3,1,-5,0,0,-7,-5,-9,0,-9,5,-4,11,3,12,10,8,13,-21,12,-8,4,-14,-5,-14,-14,-8,-16,3,-10,12,1,16,12,11,16,-1,10,-12,-2,-15,-12,-8,-14,4,-12,27,7,11,12,0,6,-9,-5,-10,-11,0,-7,10,3,12]"
CSI_DATA,114076,d8:b1:90:d9:de:f0,-60,11,-99,-39,62,56,1704051393,100,0,228,0,"[15,3,17,4,17,4,16,4,15,4,13,3,12,3,58,-4,9,1,7,1,5,0,4,0,2,0,1,0,0,0,-1,0,-2,0,-3,-1,-4,-2,-5,-3,-5,-4,38,3,-4,-8,-3,-10,-2,-12,0,-14,1,-15,3,-15,0,0,7,-17,9,-19,11,-19,12,-19,13,-18,13,-17,-3,0,12,-15,11,-14,9,-12,6,-10,3,-9,1,-7,0,-5,-3,-4,-5,-3,-7,-1,-9,0,-11,0,-12,1,20,9,-15,3,-16,4,-15,3,-15,3,-13,3,-12,1,-9,1,-3,1,-3,1,-3,1,-4,3,-1,7,3,8,10,4,22,-1,6,-12,-4,-13,-14,-6,-15,5,-6,15,6,15,16,6,17,-6,7,-15,-5,-17,-14,-7,-15,3,-7,11,-4,4,6,6,6,2,4,0,3,0,4,-1,3,-3,0,0,-1,-7,-7,-6,-10,0,-9,6,-4,11,2,12,22,-7,13,1,12,-7,5,-14,-4,-14,-12,-8,-15,2,-9,12,0,15,11,10,15,0,9,-11,-1,-14,-11,-8,-26,6,-4,11,6,9,11,0,5,-9,-5,-9,-12,-1,-7,9]"
CSI_DATA,114077,d8:b1:90:d9:de:f0,-59,11,-99,-37,61,56,1704064155,100,0,228,0,"[16,-6,17,-7,18,-6,16,-6,15,-6,13,-6,11,-5,62,-4,7,-4,5,-3,5,-3,3,-1,2,-1,1,-1,0,0,0,0,-1,1,-3,1,-4,2,-5,1,-7,1,40,3,-10,-1,-11,-3,-11,-5,-12,-7,-12,-9,-12,-12,0,0,-12,-17,-11,-18,-11,-20,-10,-21,-9,-22,-9,-21,-80,9,-8,-19,-8,-16,-7,-14,-7,-11,-7,-7,-6,-4,-6,-1,-5,1,-5,4,-5,7,-3,9,-3,11,-1,13,-35,9,-1,16,0,17,0,17,0,17,0,14,0,12,0,9,-2,3,-1,2,-1,3,-1,5,3,7,9,4,11,-3,16,-16,-3,-13,-13,-7,-15,5,-7,14,5,16,16,7,16,-7,7,-17,-7,-17,-16,-7,-16,6,-7,14,3,14,1,7,9,0,5,-3,3,-3,1,-3,0,-4,0,-5,0,0,-9,-1,-9,3,-6,9,0,11,7,10,12,3,4,-25,7,-12,-1,-15,-10,-11,-16,-1,-14,9,-4,16,7,14,16,5,14,-7,4,-15,-7,-13,-14,-3,-11,9,-1,29,11,8,11,-3,2,-11,-8,-7,-11,3,-3,12,7,10]"
CSI_DATA,114078,d8:b1:90:d9:de:f0,-60,11,-99,-36,61,56,1704079160,100,0,228,0,"[11,11,11,12,12,12,12,11,11,10,10,9,10,7,60,-4,7,5,6,3,5,2,3,1,3,1,1,0,0,0,0,0,-2,0,-3,-1,-3,-1,-5,-3,-5,-4,39,3,-6,-8,-6,-10,-6,-11,-5,-13,-5,-15,-3,-17,0,0,-1,-20,0,-21,0,-22,0,-23,0,-23,0,-22,15,0,0,-20,0,-17,-1,-15,-3,-11,-3,-8,-4,-5,-5,-2,-5,0,-5,3,-5,5,-4,8,-4,9,-3,11,-49,9,-3,15,-1,16,-1,17,-1,16,-1,14,-1,12,-1,9,-3,-1,-3,-1,-5,0,-6,1,-5,6,0,10,9,8,22,5,8,-10,-1,-15,-12,-8,-15,3,-8,14,5,17,15,8,17,-5,8,-16,-5,-17,-15,-7,-15,5,-6,12,-4,5,7,6,7,0,5,-2,3,-2,3,-3,2,-5,0,0,-5,-6,-9,-1,-10,5,-5,10,2,13,10,9,15,-20,12,-9,4,-15,-6,-15,-15,-6,-15,5,-7,14,5,15,13,7,15,-4,6,-13,-5,-13,-13,-5,-11,6,-5,27,8,8,10,-2,2,-10,-7,-6,-10,3,-3,11,7,9]"
CSI_DATA,114079,d8:b1:90:d9:de:f0,-59,11,-99,-37,61,56,1704092304,100,0,228,0,"[-8,14,-9,15,-10,15,-9,14,-9,13,-8,12,-7,11,62,-4,-4,7,-4,7,-3,5,-1,3,-1,3,-1,1,0,0,0,0,0,-1,2,-1,3,-2,5,-2,7,-2,40,3,11,0,11,1,12,3,14,6,14,9,14,11,0,0,14,15,13,17,12,19,11,20,11,22,9,21,-57,0,7,19,7,17,6,14,6,11,6,8,6,5,5,2,5,0,5,-2,5,-5,6,-7,5,-9,5,-11,68,0,7,-14,7,-15,7,-15,7,-14,7,-13,7,-10,5,-8,1,-4,0,-3,0,-4,-3,-5,-7,-4,-10,1,-7,9,-5,23,11,9,15,0,11,-12,0,-16,-12,-12,-18,0,-12,13,0,19,13,13,18,0,13,-11,2,-16,-7,-12,-3,-5,-9,3,-3,5,-1,5,0,3,0,3,1,5,0,0,7,2,9,-3,6,-9,0,-12,-8,-10,-13,-3,-5,25,-9,12,0,16,11,12,16,3,14,-7,6,-16,-6,-16,-14,-7,-15,5,-7,14,5,14,14,5,13,-5,11,-26,-7,-10,-11,0,-6,9,5,10,11,1,8,-9,-2,-12]"
CSI_DATA,114080,d8:b1:90:d9:de:f0,-59,11,-99,-35,60,56,1704105238,100,0,228,0,"[-10,-15,-11,-17,-11,-16,-9,-15,-9,-15,-8,-13,-7,-11,66,-4,-5,-7,-4,-6,-3,-4,-1,-4,0,-2,0,-2,1,0,2,0,2,2,2,2,2,5,3,6,2,8,42,4,0,11,-2,13,-4,13,-7,13,-10,13,-13,13,0,0,-18,12,-20,11,-22,11,-24,10,-24,8,-24,8,-84,9,-22,6,-18,5,-16,5,-13,5,-8,4,-6,4,-2,4,1,5,4,4,6,4,8,4,11,4,13,4,-26,0,17,4,17,4,18,4,16,4,15,4,13,4,9,4,4,2,4,1,4,1,6,0,6,-5,2,-10,-5,-11,-19,-14,-13,6,-4,15,7,15,17,5,16,-8,5,-18,-9,-17,-18,-6,-17,8,-6,18,6,17,15,7,15,-3,9,0,0,-10,-4,-7,-4,-4,-5,-2,-6,-1,-7,1,0,0,-2,9,4,10,10,6,13,0,11,-8,4,-15,-27,-7,-12,-9,-16,0,-13,11,-4,17,8,16,16,6,16,-5,8,-15,-4,-16,-15,-8,-15,4,-6,15,6,14,29,8,11,-7,0,-12,-8,-5,-8,6,0,11,11,6,12,-4]"
CSI_DATA,114081,d8:b1:90:d9:de:f0,-59,11,-99,-39,61,56,1704119433,100,0,228,0,"[-16,9,-17,10,-17,11,-15,11,-14,11,-12,10,-10,9,66,-4,-6,7,-4,6,-3,4,-2,3,-2,2,-1,0,0,0,0,-2,0,-3,1,-4,2,-6,3,-6,4,-6,42,4,8,-8,11,-6,13,-6,15,-4,16,-4,18,-2,0,0,22,0,24,0,25,1,26,2,26,2,25,2,-81,0,22,0,20,0,17,-1,13,-2,10,-3,6,-4,3,-5,0,-5,-3,-5,-6,-4,-8,-4,-11,-4,-13,-2,27,10,-17,0,-18,0,-19,0,-17,0,-15,0,-13,0,-10,0,2,-4,0,-4,1,-4,0,-6,-5,-6,-10,-1,-11,7,-10,22,9,12,15,1,12,-11,0,-18,-13,-13,-19,1,-11,15,3,20,16,11,19,-3,10,-15,-2,-17,-11,-9,-6,-6,-8,6,-2,7,0,6,2,5,4,5,6,2,0,0,7,-7,2,-11,-5,-11,-12,-5,-14,2,-9,11,24,17,9,13,15,4,15,-6,8,-15,-4,-17,-15,-9,-17,3,-9,15,4,17,15,8,16,-5,6,-15,-7,-13,-30,-4,-9,9,2,11,11,2,6,-8,-4,-11,-12,-2,-9,8]"
CSI_DATA,114082,d8:b1:90:d9:de:f0,-59,11,-99,-35,60,56,1704133463,100,0,228,0,"[18,3,19,3,20,3,19,2,18,2,15,1,13,0,66,-4,9,-1,8,0,6,-1,4,0,2,0,1,0,0,0,-1,1,-2,2,-3,1,-5,1,-7,1,-8,0,42,4,-11,-2,-11,-4,-13,-6,-13,-9,-13,-11,-13,-14,0,0,-13,-18,-13,-20,-13,-22,-13,-23,-12,-23,-12,-22,62,10,-11,-19,-10,-17,-9,-13,-9,-10,-8,-6,-7,-3,-5,0,-4,2,-3,6,-2,7,0,10,1,12,2,13,20,0,5,17,6,17,7,17,6,16,6,15,5,13,4,10,-4,0,-4,2,-4,2,-4,6,0,9,7,8,13,1,23,-8,1,-15,-11,-12,-17,0,-12,13,0,19,15,12,19,-2,12,-16,-2,-20,-16,-12,-19,2,-11,13,0,15,0,8,11,2,7,-3,4,-4,2,-4,1,-5,-1,-6,0,0,-9,-2,-10,4,-6,11,1,13,10,10,15,2,2,-28,6,-15,-4,-17,-14,-10,-18,1,-12,13,0,18,12,13,17,1,13,-12,0,-17,-12,-11,-16,1,-8,13,8,29,13,4,10,-7,-2,-11,-11,-3,-8,8,2,13,12,5]"
CSI_DATA,114083,d8:b1:90:d9:de:f0,-58,11,-99,-36,60,56,1704147037,100,0,228,0,"[-19,-3,-20,-4,-20,-3,-19,-3,-18,-2,-16,-1,-14,0,67,-4,-9,0,-7,0,-5,0,-4,0,-2,0,-1,0,0,0,0,0,2,-1,4,-1,5,-1,7,0,8,0,43,4,10,3,12,5,12,7,12,9,12,12,12,14,0,0,12,19,12,21,11,22,11,24,10,24,9,24,-48,0,9,21,9,18,9,14,9,11,8,7,7,3,7,0,5,-2,4,-5,2,-7,1,-10,0,-12,-1,-14,-32,10,-4,-17,-5,-18,-6,-18,-5,-16,-5,-15,-4,-13,-3,-9,4,0,3,-2,4,-2,4,-4,0,-9,-6,-9,-12,-2,-23,8,-2,15,9,13,17,1,13,-12,0,-19,-14,-13,-20,1,-12,16,2,20,15,12,19,-1,12,-12,0,-15,1,-8,-9,-2,-7,2,-4,4,-2,4,-1,5,0,6,0,0,9,3,9,-4,7,-9,0,-13,-9,-10,-14,-3,-4,29,-7,14,2,16,13,12,17,0,14,-12,2,-18,-11,-14,-17,-2,-14,10,-1,17,12,13,16,0,9,-12,-6,-31,-13,-5,-11,7,0,12,11,4,9,-7,-1,-13,-12,-7]"
CSI_DATA,114084,d8:b1:90:d9:de:f0,-58,11,-99,-36,60,56,1704159200,100,0,228,0,"[18,6,19,7,19,7,18,7,16,6,15,4,13,4,67,-4,9,2,7,2,5,1,4,0,2,1,1,0,0,0,-1,0,-2,0,-4,0,-5,-2,-6,-3,-6,-4,43,4,-6,-9,-5,-12,-4,-14,-2,-15,0,-17,2,-19,0,0,6,-21,8,-22,9,-23,12,-23,12,-22,13,-21,-16,0,12,-19,10,-17,8,-14,5,-13,3,-10,0,-7,-2,-6,-4,-4,-6,-2,-8,0,-9,2,-11,3,-13,4,33,10,-16,7,-16,8,-16,9,-16,8,-14,7,-12,5,-9,4,-4,0,-4,1,-4,1,-4,4,-2,8,4,9,11,5,25,-1,7,-14,-4,-16,-15,-7,-17,5,-8,17,7,18,18,7,19,-7,8,-18,-7,-19,-17,-9,-17,4,-9,12,-5,7,7,8,7,2,5,0,4,0,4,-2,4,-5,0,0,-4,-9,-9,-5,-12,0,-9,9,-3,14,5,14,26,-12,16,0,12,-10,3,-16,-7,-16,-16,-7,-17,5,-9,15,4,17,15,9,16,-4,8,-14,-4,-16,-14,-7,-29,13,-2,13,9,9,12,-2,2,-11,-8,-8,-12,2,-5,12]"
CSI_DATA,114085,d8:b1:90:d9:de:f0,-59,11,-99,-38,61,56,1704174387,100,0,228,0,"[3,16,4,18,4,18,4,17,4,16,4,14,4,12,64,-4,4,8,4,6,3,5,2,4,1,2,1,1,0,0,0,0,0,-2,-1,-3,-1,-4,-1,-6,0,-7,41,4,2,-10,3,-11,5,-12,7,-14,9,-14,11,-14,0,0,15,-14,16,-14,18,-14,19,-14,19,-14,19,-14,49,0,16,-12,14,-12,11,-11,8,-10,5,-8,2,-7,0,-6,-3,-4,-5,-3,-8,-2,-9,0,-11,0,-13,2,23,10,-16,5,-16,5,-16,6,-16,6,-14,4,-12,4,-10,3,-2,-3,-2,-2,-2,-3,-6,-2,-8,2,-5,8,2,12,16,18,14,-3,8,-13,-4,-15,-15,-8,-16,6,-7,16,7,17,18,7,17,-7,6,-18,-7,-16,-15,-6,-14,4,-6,2,1,10,5,5,4,2,3,0,4,0,5,-1,0,0,2,-8,-4,-8,-9,-5,-12,2,-9,9,-1,14,26,0,14,5,15,-5,8,-14,-2,-16,-13,-10,-17,1,-12,12,0,16,12,10,16,-1,10,-12,-2,-15,-12,-7,-28,8,-3,12,8,9,11,-2,3,-10,-8,-8,-12,2,-6,11]"
CSI_DATA,114086,d8:b1:90:d9:de:f0,-59,11,-99,-38,61,56,1704193486,100,0,228,0,"[17,-2,18,-2,18,-2,18,-2,16,-2,14,-2,13,-2,64,-4,9,-2,7,-2,6,-2,4,-1,3,-1,2,0,0,0,0,0,-2,1,-3,0,-4,1,-6,1,-8,0,41,4,-10,-2,-11,-4,-12,-6,-12,-9,-13,-11,-12,-13,0,0,-12,-17,-12,-20,-12,-20,-11,-22,-10,-22,-10,-22,65,10,-9,-19,-8,-17,-8,-14,-8,-10,-7,-7,-6,-4,-5,-1,-5,2,-4,4,-3,6,-2,9,-1,11,0,13,-10,10,0,16,1,18,2,18,1,17,1,15,0,14,0,10,-4,2,-3,2,-4,3,-2,6,2,8,8,6,12,-1,19,-13,-2,-15,-12,-9,-16,2,-9,14,4,18,16,9,18,-4,10,-17,-5,-18,-16,-10,-18,4,-9,14,2,15,0,8,10,0,6,-3,3,-4,1,-4,1,-4,0,-5,0,0,-8,-2,-10,2,-7,9,0,12,8,11,14,4,4,-26,8,-14,-2,-16,-13,-12,-18,0,-14,12,-2,18,10,14,16,3,14,-9,2,-16,-10,-12,-15,0,-10,10,1,29,11,6,10,-5,0,-10,-9,-6,-10,5,0,12,9,8]"
CSI_DATA,114087,d8:b1:90:d9:de:f0,-59,11,-99,-38,61,56,1704209368,100,0,228,0,"[10,-16,10,-16,10,-16,9,-16,8,-16,6,-14,4,-12,64,-4,2,-9,1,-6,0,-6,0,-4,0,-2,0,-1,0,0,0,2,0,3,0,4,-1,6,-1,6,-3,7,41,4,-6,8,-8,8,-11,8,-13,6,-16,6,-17,4,0,0,-21,2,-22,1,-24,0,-25,0,-25,0,-24,0,77,9,-22,0,-19,0,-16,2,-13,3,-10,4,-6,4,-3,5,0,6,3,6,6,6,8,6,10,6,13,5,-31,0,17,4,18,4,18,2,17,2,15,2,12,2,10,2,0,4,0,3,0,4,2,5,7,4,10,-2,6,-10,0,-24,-12,-8,-15,4,-7,15,6,16,16,6,16,-7,6,-18,-9,-18,-18,-6,-16,9,-5,18,7,15,13,5,6,4,5,-8,0,-7,-1,-5,-2,-4,-4,-3,-6,-2,0,0,-6,7,-1,10,6,10,12,4,12,-3,8,-11,-22,-15,-8,-12,-14,-4,-14,6,-8,15,4,17,14,10,17,-2,10,-14,-2,-16,-14,-10,-16,4,-8,14,6,14,29,9,10,-8,-1,-12,-10,-5,-8,6,2,12,12,5,12,-6]"
CSI_DATA,114088,d8:b1:90:d9:de:f0,-59,11,-99,-35,60,56,1704222461,100,0,228,0,"[-13,-11,-13,-13,-13,-13,-13,-13,-12,-12,-11,-11,-9,-9,66,-4,-7,-6,-6,-5,-4,-4,-4,-3,-3,-2,-2,-1,0,0,0,0,0,2,0,2,0,4,0,6,0,7,42,4,-4,10,-6,11,-8,11,-11,10,-14,9,-16,8,0,0,-20,6,-22,4,-24,3,-24,2,-25,0,-25,0,81,9,-22,0,-19,0,-16,0,-14,1,-11,2,-8,3,-5,5,-2,6,0,7,1,8,3,10,5,11,6,13,69,0,9,14,10,15,10,15,9,15,8,13,6,12,4,9,3,1,3,0,4,1,6,0,6,-6,2,-11,-6,-11,-22,-11,-13,8,-4,15,8,15,17,4,15,-8,5,-18,-9,-17,-19,-6,-18,8,-6,18,7,17,15,7,15,-3,5,-2,0,-10,-4,-6,-4,-2,-3,-1,-3,-1,-4,0,0,0,-4,6,0,9,6,9,11,5,13,-2,10,-10,-22,-15,-6,-14,-15,-7,-16,3,-11,13,0,17,11,13,17,2,14,-10,3,-17,-9,-13,-16,-2,-13,10,-1,15,19,24,14,-1,6,-11,-5,-11,-12,-1,-8,10,3,13,13,5]"
CSI_DATA,114089,d8:b1:90:d9:de:f0,-58,11,-99,-36,60,56,1704236741,100,0,228,0,"[-4,-19,-4,-19,-4,-20,-4,-19,-4,-17,-4,-15,-4,-13,67,-4,-4,-8,-3,-7,-2,-5,-2,-4,0,-2,0,-1,0,0,1,0,2,2,2,3,2,5,2,7,1,8,43,4,0,11,-2,12,-4,13,-7,14,-9,14,-12,14,0,0,-16,14,-19,14,-21,15,-22,14,-22,13,-22,13,-65,9,-19,12,-16,10,-14,10,-10,9,-7,8,-3,7,0,6,2,5,5,3,8,2,10,1,12,0,14,-1,-25,0,17,-4,18,-4,18,-5,17,-5,15,-4,13,-3,10,-2,2,4,2,2,2,3,6,2,8,-2,6,-9,-2,-12,-16,-19,-15,2,-8,14,4,16,16,9,18,-5,9,-17,-7,-19,-19,-8,-19,7,-8,18,6,18,16,8,15,-3,8,0,0,-10,-4,-7,-4,-3,-4,-2,-5,0,-7,2,0,0,-1,9,5,9,11,4,13,-2,9,-10,1,-15,-29,-1,-14,-7,-16,4,-10,14,0,18,12,13,18,1,14,-11,2,-17,-11,-14,-17,-1,-12,12,0,17,12,10,31,-5,6,-12,-7,-11,-12,0,-4,10,7,9,13,0,7,-11]"
CSI_DATA,114090,d8:b1:90:d9:de:f0,-59,11,-99,-39,61,56,1704247582,100,0,228,0,"[17,-5,18,-5,18,-5,17,-5,16,-5,14,-5,12,-4,66,-4,8,-4,6,-3,4,-3,3,-2,2,-2,1,0,0,0,0,0,-1,1,-3,1,-4,2,-6,2,-8,1,42,4,-11,0,-12,-2,-13,-4,-14,-6,-14,-8,-15,-11,0,0,-15,-15,-15,-17,-15,-19,-15,-20,-15,-21,-14,-21,25,10,-13,-17,-11,-15,-11,-13,-10,-9,-8,-6,-8,-2,-6,0,-4,3,-4,6,-2,7,0,10,0,12,1,14,13,0,4,17,5,17,5,17,4,17,4,15,3,13,2,10,-3,2,-2,3,-2,4,-2,6,3,8,9,5,13,-3,17,-17,-4,-15,-14,-7,-16,5,-6,16,6,17,17,6,17,-8,6,-19,-8,-18,-18,-6,-17,6,-6,15,4,14,1,7,10,-1,6,-4,2,-4,0,-4,0,-4,-2,-5,0,0,-8,-1,-9,4,-4,10,2,12,10,9,14,1,0,-27,5,-15,-4,-15,-14,-9,-17,2,-11,13,0,17,12,12,17,1,13,-11,0,-17,-12,-11,-15,1,-8,12,6,30,13,4,10,-6,-1,-11,-11,-4,-9,6,0,13,10,7]"
CSI_DATA,114091,d8:b1:90:d9:de:f0,-59,11,-99,-37,61,56,1704260765,100,0,228,0,"[0,16,0,18,0,18,0,18,1,16,1,14,2,12,62,-4,2,8,2,7,2,5,1,4,1,3,0,1,0,0,0,0,0,-1,0,-3,0,-4,0,-5,0,-7,40,3,3,-10,4,-11,7,-12,8,-11,11,-12,12,-12,0,0,16,-12,18,-13,19,-12,21,-12,21,-12,21,-12,54,0,18,-11,15,-11,12,-10,9,-9,5,-9,2,-7,0,-6,-3,-5,-5,-3,-7,-2,-9,-1,-11,0,-13,1,20,9,-16,4,-17,4,-16,5,-16,5,-14,4,-12,3,-9,2,-1,-3,-1,-3,-2,-3,-5,-3,-9,0,-7,7,0,12,12,20,14,0,10,-11,-1,-16,-13,-10,-18,3,-9,15,4,18,16,9,18,-5,9,-16,-4,-17,-14,-9,-14,3,-5,1,0,9,4,6,4,2,3,0,3,0,5,0,0,0,2,-7,-2,-8,-8,-5,-12,0,-9,8,-2,13,26,1,13,6,15,-3,10,-13,0,-16,-12,-12,-17,0,-12,11,0,16,11,11,16,0,10,-11,-1,-14,-12,-8,-29,7,-3,12,7,9,11,-1,3,-11,-7,-9,-12,1,-6,11]"
CSI_DATA,114092,d8:b1:90:d9:de:f0,-59,11,-99,-39,61,56,1704272636,100,0,228,0,"[-14,-10,-15,-11,-14,-11,-14,-11,-13,-10,-11,-8,-10,-7,66,-4,-7,-4,-6,-4,-4,-3,-4,-2,-2,-1,-1,-1,0,0,0,0,2,0,2,2,3,3,4,4,4,6,42,4,2,11,1,12,0,14,-2,15,-4,17,-6,17,0,0,-11,19,-13,19,-14,19,-15,19,-17,18,-17,18,-23,9,-15,15,-13,14,-11,12,-8,10,-5,9,-2,7,0,6,2,4,4,3,7,2,9,0,11,0,13,-1,-27,0,16,-3,17,-4,17,-3,17,-3,15,-2,13,-1,10,0,4,2,4,0,5,0,6,-3,4,-8,-1,-11,-9,-8,-24,-5,-10,11,1,15,13,11,17,-1,11,-14,-1,-18,-15,-12,-19,2,-13,15,1,19,13,12,17,0,11,-9,5,-4,-4,-9,-6,-4,-5,0,-4,0,-4,1,-4,3,0,0,0,8,6,8,11,2,11,-4,7,-11,0,-15,-26,5,-16,-2,-15,7,-7,16,4,17,15,10,17,-2,11,-13,-1,-17,-13,-11,-16,1,-10,12,2,15,12,8,28,-6,4,-12,-6,-9,-11,0,-4,10,6,9,12,0,7,-10]"
CSI_DATA,114093,d8:b1:90:d9:de:f0,-59,11,-99,-35,60,56,1704285557,100,0,228,0,"[4,18,4,19,4,19,3,18,4,17,4,15,4,13,66,-4,3,8,2,6,2,5,2,4,1,3,0,2,0,0,0,-1,-2,-2,-2,-3,-2,-5,-2,-6,-1,-8,42,4,2,-11,4,-12,6,-13,8,-14,11,-14,13,-14,0,0,18,-13,20,-13,21,-12,24,-12,23,-11,24,-10,-86,0,20,-8,18,-8,15,-8,11,-8,7,-7,4,-6,1,-5,-2,-5,-4,-4,-7,-4,-9,-2,-11,-2,-14,0,24,10,-17,0,-18,1,-18,2,-17,2,-16,2,-13,1,-10,0,-2,-4,-2,-3,-3,-3,-6,-2,-8,2,-5,9,2,13,15,19,15,-2,9,-13,-2,-17,-15,-9,-17,6,-8,17,6,19,18,8,19,-6,8,-18,-5,-18,-15,-9,-15,2,-8,0,0,11,4,7,4,4,4,2,5,0,6,-1,0,0,2,-9,-4,-11,-11,-6,-13,0,-11,8,-4,14,28,5,13,8,17,-2,12,-13,0,-18,-11,-14,-18,-2,-15,10,-4,17,9,15,17,3,13,-9,2,-16,-10,-11,-30,1,-7,11,4,11,11,1,5,-8,-5,-10,-13,-1,-8,10]"
CSI_DATA,114094,d8:b1:90:d9:de:f0,-58,11,-99,-36,60,56,1704297676,100,0,228,0,"[-17,-6,-18,-8,-18,-8,-17,-7,-16,-7,-14,-6,-12,-5,67,-4,-9,-2,-7,-2,-5,-2,-4,-2,-2,-1,0,0,0,0,1,0,3,0,4,2,4,2,5,4,5,6,43,4,4,10,2,12,0,14,-2,16,-4,17,-7,17,0,0,-12,18,-16,19,-17,18,-19,17,-20,16,-21,16,-64,9,-19,13,-16,12,-14,10,-11,9,-7,7,-4,7,-1,6,2,5,4,4,7,4,9,2,12,2,14,2,-21,0,18,1,19,1,19,1,18,2,16,2,13,2,10,2,4,0,4,0,4,-1,5,-3,3,-8,-2,-10,-11,-7,-25,-1,-9,13,3,16,14,9,17,-3,10,-16,-4,-19,-16,-11,-20,4,-12,16,2,20,14,12,18,0,11,-9,7,-4,-4,-9,-6,-4,-5,-1,-4,0,-6,0,-5,3,0,0,0,9,7,8,12,2,12,-4,8,-11,0,-14,-29,1,-15,-6,-16,4,-11,14,0,18,12,13,18,2,15,-9,4,-18,-8,-15,-16,-4,-14,8,-2,16,9,13,31,2,9,-10,-3,-12,-12,-4,-8,8,2,12,12,4,12,-6]"
CSI_DATA,114095,d8:b1:90:d9:de:f0,-59,11,-99,-39,61,56,1704312014,100,0,228,0,"[2,17,3,19,3,19,4,18,4,17,4,15,4,12,66,-4,4,8,4,6,3,4,2,3,1,2,1,1,0,0,0,0,-2,-2,-2,-3,-2,-4,-2,-6,-2,-7,42,4,0,-11,2,-12,3,-13,6,-14,8,-15,10,-15,0,0,14,-16,15,-17,17,-17,18,-17,19,-17,19,-17,26,0,15,-16,13,-15,10,-13,7,-11,4,-10,0,-8,-1,-6,-4,-4,-6,-2,-8,0,-10,1,-11,3,-13,6,31,10,-15,9,-15,10,-15,10,-14,10,-12,9,-11,7,-8,6,-2,-4,-2,-2,-2,-2,-6,-2,-8,1,-6,8,2,12,16,19,15,-3,8,-13,-4,-16,-15,-8,-17,6,-7,17,7,17,19,7,18,-8,6,-18,-8,-17,-15,-6,-14,5,-6,2,2,9,4,5,4,2,4,1,4,0,5,-2,0,0,0,-9,-6,-8,-11,-3,-12,4,-7,11,1,14,27,-5,15,3,14,-7,6,-15,-4,-16,-15,-9,-17,2,-10,15,2,17,14,9,17,-3,8,-14,-5,-15,-15,-5,-27,15,0,14,10,7,11,-4,1,-12,-11,-7,-12,5,-3,13]"
CSI_DATA,114096,d8:b1:90:d9:de:f0,-59,11,-99,-38,61,56,1704325085,100,0,228,0,"[17,2,18,3,19,2,18,2,17,1,15,0,13,0,64,-4,8,-1,7,-1,6,-1,4,-1,2,0,2,0,0,0,0,0,-2,1,-3,1,-5,1,-6,1,-8,0,41,4,-10,-1,-12,-4,-13,-5,-13,-8,-14,-10,-15,-11,0,0,-16,-14,-16,-17,-16,-18,-16,-19,-16,-19,-16,-18,5,10,-15,-16,-14,-12,-12,-10,-11,-8,-10,-4,-8,-1,-6,1,-4,4,-2,6,0,8,2,9,4,11,6,12,56,0,10,14,10,14,11,14,11,13,10,12,8,10,6,8,-4,0,-4,1,-4,2,-4,5,0,8,7,8,12,1,21,-10,0,-14,-11,-11,-16,0,-11,13,2,18,15,10,19,-3,10,-16,-4,-19,-16,-9,-18,4,-8,14,2,14,1,6,10,0,6,-4,2,-4,1,-4,0,-4,-2,-5,0,0,-9,-1,-8,4,-4,10,3,12,10,8,14,0,-4,-27,4,-16,-8,-15,-16,-7,-16,5,-9,15,4,17,15,9,17,-4,8,-14,-5,-16,-14,-6,-14,6,-4,14,16,24,13,0,6,-10,-6,-10,-11,0,-5,10,6,10,12,1]"
CSI_DATA,114097,d8:b1:90:d9:de:f0,-59,11,-99,-38,61,56,1704336334,100,0,228,0,"[17,-5,18,-5,18,-5,17,-6,16,-6,14,-6,12,-6,64,-4,8,-5,6,-4,4,-4,3,-3,2,-2,1,-1,0,0,0,0,-2,1,-2,2,-4,3,-6,2,-7,2,41,4,-10,1,-12,0,-14,-2,-15,-3,-16,-5,-17,-7,0,0,-19,-11,-20,-13,-20,-13,-20,-16,-19,-15,-20,-14,-8,9,-18,-13,-16,-10,-14,-8,-12,-5,-10,-2,-8,0,-5,2,-4,4,-1,6,1,8,2,10,5,10,7,12,58,0,11,13,12,14,12,13,11,12,10,11,8,9,6,8,-4,2,-2,2,-2,4,-1,6,3,8,10,4,12,-4,16,-18,-4,-14,-14,-6,-15,7,-6,16,8,16,18,4,16,-10,4,-19,-11,-16,-19,-3,-15,10,-4,16,7,13,2,6,9,-3,4,-6,1,-5,0,-4,-1,-4,-3,-4,0,0,-8,0,-7,7,-2,10,6,11,12,5,14,-3,-8,-26,1,-15,-9,-14,-16,-4,-16,7,-6,16,6,16,16,8,16,-6,6,-15,-6,-16,-15,-5,-14,8,-3,15,18,24,13,-1,6,-11,-6,-10,-11,0,-5,11,6,11,13,0]"
CSI_DATA,114098,d8:b1:90:d9:de:f0,-59,11,-99,-38,61,56,1704348108,100,0,228,0,"[-17,-3,-18,-4,-18,-4,-18,-4,-16,-4,-14,-2,-12,-2,64,-4,-9,0,-7,0,-5,0,-4,0,-2,0,-1,0,0,0,1,0,2,0,3,0,5,0,6,2,7,3,41,4,8,6,8,9,7,11,6,14,4,16,3,18,0,0,0,22,-1,22,-2,24,-3,24,-4,24,-4,24,-50,10,-4,21,-3,18,-2,16,0,13,0,10,2,7,4,4,5,1,6,-1,7,-3,8,-6,8,-8,9,-10,-70,0,10,-14,10,-14,10,-14,10,-13,9,-12,8,-9,6,-7,4,0,3,-1,4,-2,4,-4,1,-8,-5,-9,-12,-4,-22,4,-4,14,7,14,16,4,14,-8,4,-17,-10,-16,-18,-4,-16,10,-4,18,10,16,17,4,14,-7,5,-13,4,-6,-8,-6,-7,0,-5,2,-4,2,-4,4,-2,6,0,0,6,6,9,2,10,-4,6,-10,-1,-13,-9,-10,-18,19,-14,6,-8,14,2,16,12,11,17,0,14,-11,2,-17,-10,-14,-16,-2,-13,10,-2,16,10,12,15,0,18,-22,-3,-12,-11,-4,-8,7,2,11,10,4,10,-7,0,-12]"
CSI_DATA,114099,d8:b1:90:d9:de:f0,-59,11,-99,-39,61,56,1704363607,100,0,228,0,"[-10,-15,-11,-16,-11,-16,-11,-15,-10,-13,-9,-12,-8,-9,66,-4,-6,-6,-6,-4,-4,-3,-3,-2,-2,-1,-1,0,0,0,0,0,2,1,3,2,4,3,4,4,4,6,42,4,3,10,2,12,0,13,0,15,-2,17,-4,18,0,0,-7,20,-10,21,-11,22,-12,22,-13,22,-13,22,18,10,-10,19,-8,17,-6,15,-3,13,-1,11,1,8,3,5,5,3,6,0,8,-2,9,-4,11,-6,11,-8,-44,0,12,-13,13,-13,12,-13,11,-13,11,-11,8,-9,7,-6,4,2,3,1,4,1,6,0,7,-5,2,-11,-6,-11,-22,-11,-12,8,-2,16,10,13,17,2,13,-12,0,-19,-13,-13,-19,0,-14,15,0,19,13,13,17,0,11,-10,5,-4,-4,-8,-6,-3,-5,0,-4,0,-4,2,-4,4,0,0,2,8,8,6,11,0,10,-7,4,-13,-4,-13,-24,13,-15,1,-12,11,-2,17,8,15,17,5,16,-8,6,-17,-7,-15,-16,-6,-15,8,-4,16,8,13,15,2,22,-21,-2,-14,-11,-4,-9,6,2,11,11,4,11,-7,0,-13]"
CSI_DATA,114100,d8:b1:90:d9:de:f0,-59,9,-99,-40,61,56,1704375273,98,0,106,0,"[-16,9,-87,0,3,10,79,0,41,10,56,0,82,10,31,0,-60,10,15,0,-29,10,9,0,1,0,2,0,31,0,-3,10,58,0,-22,10,69,0,-56,10,64,0,79,10,45,0,29,10,8,0,-14,9,0,0,0,0,-75,10,-63,9,65,10,-79,9,50,10,-63,9,62,10,-34,9,-77,10,8,10,-21,10,65,10,27,0,-60,10,73,0,-12,10,-76,0,30,0,-44,0,70,0,-18,0,-75,0,-14,0,-67,0,-36,0]"
CSI_DATA,114101,d8:b1:90:d9:de:f0,-59,11,-99,-38,61,56,1704387859,100,0,228,0,"[14,8,16,10,16,10,16,9,14,8,13,6,12,5,64,-4,8,2,6,2,5,1,4,2,3,0,1,0,0,0,-1,0,-2,0,-4,0,-4,-1,-6,-2,-7,-4,41,4,-8,-8,-8,-10,-7,-12,-7,-14,-6,-16,-5,-18,0,0,-2,-22,-2,-22,0,-24,0,-24,0,-24,0,-24,19,0,0,-21,0,-19,-1,-16,-2,-12,-3,-9,-4,-6,-4,-3,-4,0,-6,2,-6,4,-5,8,-5,10,-5,12,-62,10,-4,16,-4,16,-4,17,-4,16,-3,14,-3,12,-3,9,-4,-1,-4,0,-4,0,-6,4,-3,8,3,10,10,6,23,0,7,-12,-4,-15,-14,-7,-15,6,-6,16,7,16,18,6,17,-8,6,-18,-8,-16,-17,-6,-15,6,-6,13,-4,6,8,6,7,1,5,-2,3,-2,4,-4,2,-6,0,0,-6,-6,-10,-1,-10,5,-5,11,2,14,10,10,16,-22,13,-9,4,-16,-6,-16,-15,-8,-17,4,-9,14,3,17,14,9,16,-3,8,-14,-3,-15,-13,-6,-13,5,-8,28,8,10,12,0,4,-10,-6,-8,-11,1,-4,11,6,10]"
CSI_DATA,114102,d8:b1:90:d9:de:f0,-59,11,-99,-36,60,56,1704400267,100,0,228,0,"[-14,12,-15,12,-16,12,-15,11,-14,10,-12,9,-10,8,67,-4,-7,6,-6,4,-4,4,-3,2,-2,2,-1,0,-1,0,0,-1,2,-2,3,-2,4,-2,7,-2,8,-2,43,4,11,1,12,3,14,5,14,8,14,11,13,14,0,0,12,19,11,21,10,23,9,25,7,24,5,24,75,0,4,22,4,19,4,16,4,13,4,9,4,6,4,2,5,0,5,-3,6,-5,6,-7,6,-9,7,-12,73,0,7,-16,8,-16,7,-16,8,-16,7,-13,7,-11,5,-8,2,-4,1,-4,0,-4,-1,-6,-6,-7,-11,-1,-11,7,-12,21,7,14,16,4,14,-8,4,-16,-9,-16,-18,-4,-16,10,-4,19,9,17,19,6,17,-8,7,-16,-4,-15,0,-8,-10,0,-7,4,-3,4,-2,4,-1,5,0,7,0,0,9,3,10,-2,7,-9,0,-13,-7,-12,-14,-6,-11,26,-12,12,-2,17,9,14,17,5,16,-6,8,-16,-4,-17,-14,-9,-17,3,-9,14,2,16,13,9,14,-3,14,-26,-5,-12,-12,-1,-7,9,4,10,11,1,8,-9,-2,-13]"
CSI_DATA,114103,d8:b1:90:d9:de:f0,-59,11,-99,-36,60,56,1704411489,100,0,228,0,"[9,16,10,17,10,16,10,15,10,14,9,12,9,10,67,-4,7,6,6,4,4,3,3,2,2,1,0,1,0,0,-1,0,-2,0,-4,-1,-4,-2,-6,-4,-6,-5,43,4,-7,-9,-7,-11,-6,-14,-4,-16,-4,-17,-2,-19,0,0,0,-21,0,-24,0,-24,2,-26,2,-26,1,-26,26,0,0,-22,0,-20,-1,-17,-2,-13,-4,-10,-4,-6,-4,-2,-5,0,-5,3,-5,6,-4,8,-4,11,-3,13,-39,10,-1,17,0,19,0,18,0,18,0,15,0,14,0,10,-4,-3,-4,-2,-4,-1,-6,0,-7,6,-1,10,7,10,21,9,12,-9,1,-16,-12,-12,-18,0,-12,14,2,19,16,11,19,-4,10,-16,-4,-20,-16,-10,-17,3,-9,12,-6,6,7,7,7,2,6,0,4,-2,4,-4,2,-6,0,0,-5,-7,-11,-2,-11,4,-6,12,2,14,11,10,17,-23,14,-9,5,-16,-7,-16,-16,-7,-17,5,-9,16,4,16,16,9,16,-4,8,-15,-5,-15,-15,-5,-13,8,-4,30,9,9,12,-2,2,-11,-9,-7,-10,4,-2,12,9,9]"
CSI_DATA,114104,d8:b1:90:d9:de:f0,-59,11,-99,-39,61,56,1704425071,100,0,228,0,"[-17,-4,-19,-6,-19,-6,-17,-6,-16,-6,-15,-5,-13,-4,66,-4,-8,-2,-7,-1,-6,-1,-4,0,-2,0,-1,0,0,0,1,0,2,1,3,2,4,3,4,4,4,6,42,4,2,10,1,12,0,13,-3,15,-6,16,-8,17,0,0,-14,17,-16,16,-18,16,-20,15,-21,14,-22,13,-57,9,-19,11,-17,9,-14,8,-11,8,-8,7,-4,6,-2,6,1,6,4,5,6,5,8,5,11,4,13,5,-24,0,17,4,17,5,17,6,17,5,15,5,12,5,8,4,4,0,3,-1,4,0,5,-3,2,-7,-3,-10,-11,-6,-25,0,-8,13,3,16,14,9,17,-4,10,-15,-4,-19,-16,-10,-19,4,-11,16,2,19,15,12,17,0,11,-10,6,-3,-4,-9,-6,-4,-5,0,-4,0,-4,0,-5,2,0,0,0,8,6,8,11,4,12,-2,9,-10,2,-14,-28,-1,-14,-7,-16,2,-12,12,-2,17,10,15,17,4,16,-7,6,-16,-6,-16,-15,-6,-15,6,-5,15,6,14,30,8,11,-8,0,-13,-11,-6,-10,6,0,12,11,8,13,-3]"
CSI_DATA,114105,d8:b1:90:d9:de:f0,-59,11,-99,-37,61,56,1704439885,100,0,228,0,"[7,16,7,16,7,16,7,16,7,14,7,12,6,11,62,-4,5,7,4,5,3,3,2,3,1,1,0,0,0,0,0,0,-1,-1,-1,-3,-1,-4,-2,-6,-1,-7,40,3,0,-10,1,-11,3,-12,6,-12,8,-13,10,-14,0,0,14,-14,16,-14,18,-14,20,-13,20,-13,20,-12,51,0,17,-11,15,-11,12,-9,10,-9,6,-8,3,-7,0,-6,-3,-5,-5,-4,-7,-2,-10,-1,-11,0,-13,0,18,9,-16,2,-17,2,-18,3,-16,2,-14,1,-12,1,-9,0,-3,-2,-3,-1,-3,-1,-5,-1,-7,3,-4,9,3,11,18,15,13,-4,6,-14,-6,-14,-16,-5,-15,7,-5,17,9,16,18,5,16,-9,5,-18,-8,-16,-15,-5,-13,5,-6,1,1,9,4,5,4,1,4,1,5,0,5,-1,0,0,1,-8,-4,-8,-9,-5,-12,1,-8,9,-1,13,27,0,13,5,14,-3,9,-12,0,-16,-11,-12,-16,-1,-13,10,-1,16,10,13,16,1,12,-10,0,-15,-11,-10,-29,3,-5,11,6,11,11,0,5,-10,-5,-10,-12,-1,-9,9]"
CSI_DATA,114106,d8:b1:90:d9:de:f0,-59,11,-99,-38,61,56,1704452567,100,0,228,0,"[13,-12,14,-12,14,-12,12,-12,12,-12,10,-11,8,-10,64,-4,5,-8,4,-6,2,-5,2,-4,1,-2,0,-1,0,0,0,0,0,2,-2,3,-2,4,-3,6,-5,6,41,4,-9,6,-10,6,-13,5,-15,4,-17,3,-18,2,0,0,-22,0,-23,-2,-24,-2,-24,-3,-25,-4,-24,-4,-77,9,-21,-2,-19,-2,-17,0,-13,1,-10,2,-7,3,-4,5,0,5,2,6,4,6,7,6,9,6,12,6,-62,0,16,6,17,6,17,6,16,6,14,4,12,4,10,4,-2,4,-1,4,0,5,1,6,7,6,10,0,9,-9,6,-22,-11,-10,-16,0,-10,12,2,17,15,10,18,-4,10,-17,-5,-18,-17,-9,-18,5,-8,16,4,16,12,8,6,4,7,-7,1,-7,-2,-5,-2,-4,-3,-3,-5,-2,0,0,-7,5,-3,10,4,11,10,7,14,0,11,-9,-20,-18,-7,-14,-15,-7,-17,4,-9,14,2,18,14,11,18,-1,11,-13,-1,-16,-13,-10,-16,2,-8,13,4,14,27,11,11,-6,0,-12,-10,-5,-9,6,0,11,11,6,11,-5]"
CSI_DATA,114107,d8:b1:90:d9:de:f0,-59,11,-99,-39,61,56,1704464826,100,0,228,0,"[16,-6,17,-6,17,-6,17,-6,15,-5,14,-5,13,-4,66,-4,8,-4,6,-3,5,-3,4,-2,2,-2,2,-1,1,0,0,0,-1,0,-2,0,-4,0,-5,-1,-7,-2,42,4,-8,-4,-10,-6,-10,-9,-10,-11,-10,-13,-9,-16,0,0,-7,-20,-6,-22,-5,-24,-4,-24,-4,-24,-3,-25,-26,10,-2,-22,-3,-19,-3,-16,-4,-13,-4,-10,-5,-6,-6,-3,-6,-1,-7,2,-7,4,-8,6,-8,8,-8,11,75,10,-9,14,-9,15,-9,15,-9,14,-8,13,-8,11,-6,8,-3,2,-2,2,-3,3,-1,6,2,8,9,6,12,-2,18,-15,-2,-14,-13,-8,-16,4,-8,15,4,17,16,8,18,-5,9,-17,-5,-19,-17,-10,-18,4,-9,14,2,15,1,5,10,0,6,-4,2,-4,1,-2,1,-3,0,-4,0,0,-6,-4,-9,0,-8,5,-4,12,4,13,12,8,13,-24,13,-10,4,-16,-7,-15,-16,-7,-17,5,-9,15,2,17,14,10,16,-2,10,-13,-2,-16,-13,-8,-15,4,-15,26,6,12,13,1,7,-9,-4,-11,-12,-2,-9,8,1,13]"
CSI_DATA,114108,d8:b1:90:d9:de:f0,-59,11,-99,-38,61,56,1704477019,100,0,228,0,"[18,-1,19,-1,19,-1,18,-1,17,-2,15,-2,12,-2,64,-4,8,-2,6,-2,4,-2,4,-1,2,-1,1,0,0,0,-1,1,-2,2,-3,2,-4,2,-6,2,-8,2,41,4,-10,0,-12,-2,-12,-4,-13,-6,-14,-8,-15,-10,0,0,-14,-14,-14,-16,-15,-18,-14,-19,-14,-20,-14,-20,12,10,-13,-17,-12,-14,-12,-11,-10,-8,-8,-5,-7,-2,-6,0,-4,3,-2,6,-1,8,0,10,2,12,4,13,48,0,7,15,8,15,8,16,8,15,8,13,6,11,4,9,-4,2,-2,2,-3,2,-2,5,1,8,8,6,12,-1,20,-13,-1,-14,-12,-9,-16,2,-9,14,4,17,16,8,18,-6,8,-17,-6,-18,-17,-8,-17,6,-8,14,3,14,0,8,9,0,6,-4,2,-4,1,-4,0,-5,-2,-6,0,0,-9,0,-9,6,-4,11,3,12,10,8,14,0,-2,-27,4,-14,-6,-14,-14,-8,-17,3,-10,14,1,17,13,11,17,-1,11,-12,-1,-16,-13,-10,-15,3,-6,13,12,27,13,2,8,-8,-2,-11,-10,-2,-7,8,3,12,12,4]"
CSI_DATA,114109,d8:b1:90:d9:de:f0,-59,11,-99,-36,61,56,1704488973,100,0,228,0,"[13,10,13,11,14,11,13,10,12,10,11,8,10,6,60,-4,8,4,6,3,5,2,3,1,2,0,1,0,0,0,0,0,-1,-1,-2,-2,-3,-3,-3,-5,-3,-5,39,3,-1,-9,0,-11,0,-12,2,-13,4,-14,6,-15,0,0,11,-17,12,-17,13,-17,15,-17,16,-17,16,-16,27,0,14,-14,12,-13,10,-12,7,-11,4,-9,1,-8,0,-6,-3,-5,-5,-3,-7,-2,-10,-1,-11,0,-13,1,19,9,-16,3,-17,3,-17,4,-16,4,-14,3,-12,2,-9,1,-3,0,-3,0,-3,0,-5,1,-5,5,0,10,8,8,22,6,10,-9,0,-15,-11,-11,-16,0,-11,12,1,17,13,11,18,-1,11,-14,-1,-18,-13,-11,-15,0,-10,9,-4,3,5,8,5,3,4,0,3,0,3,0,5,-1,0,0,0,-8,-5,-6,-10,-2,-10,4,-6,10,1,12,24,-5,13,3,13,-6,6,-13,-3,-15,-12,-10,-16,1,-11,12,0,16,11,11,15,0,10,-11,-1,-15,-12,-8,-28,6,-5,12,6,10,11,0,5,-10,-6,-10,-12,0,-8,10]"
CSI_DATA,114110,d8:b1:90:d9:de:f0,-59,11,-99,-39,61,56,1704501109,100,0,228,0,"[18,-1,19,0,19,0,18,0,17,0,15,0,13,0,66,-4,9,0,6,0,6,0,4,0,2,0,1,0,0,0,-1,0,-2,0,-3,0,-4,-2,-5,-4,-5,-5,42,4,-4,-9,-3,-11,-2,-13,0,-15,2,-16,5,-17,0,0,10,-19,13,-19,15,-19,17,-18,19,-18,19,-17,34,0,17,-14,15,-13,13,-11,10,-10,6,-8,4,-7,1,-6,-2,-6,-4,-5,-6,-4,-9,-4,-11,-4,-14,-3,29,10,-17,-3,-17,-3,-18,-4,-17,-4,-15,-4,-13,-4,-10,-4,-4,2,-2,2,-3,2,-3,4,0,8,6,8,12,2,24,-7,4,-15,-8,-14,-16,-4,-15,8,-4,17,9,16,18,5,17,-8,6,-19,-7,-18,-17,-8,-16,4,-8,12,-4,5,6,7,6,2,4,0,4,0,4,-1,4,-4,0,0,-1,-8,-7,-7,-11,-2,-11,5,-6,11,0,15,27,-3,15,4,15,-4,10,-13,0,-17,-11,-13,-17,-2,-15,9,-4,17,8,15,17,5,15,-8,4,-16,-8,-13,-30,-6,-10,10,1,13,11,5,10,-6,0,-12,-11,-7,-13,4]"
CSI_DATA,114111,d8:b1:90:d9:de:f0,-59,11,-99,-38,61,56,1704511716,100,0,228,0,"[6,-16,7,-18,7,-18,6,-17,5,-16,4,-14,2,-12,64,-4,0,-9,0,-7,0,-5,0,-4,0,-2,0,-1,1,0,0,1,1,2,0,4,0,5,0,6,0,8,41,4,-3,10,-5,10,-8,11,-9,12,-12,12,-14,12,0,0,-18,11,-19,12,-20,11,-22,11,-22,12,-22,11,-78,9,-18,10,-16,10,-13,10,-10,9,-7,8,-2,7,0,6,2,4,6,3,8,1,10,0,12,-1,13,-3,-22,0,15,-6,16,-8,16,-8,14,-8,13,-8,12,-6,9,-4,0,4,1,4,1,4,4,4,8,2,9,-5,4,-12,-4,-22,-14,-4,-13,8,-3,16,10,14,18,2,14,-12,0,-18,-13,-14,-18,0,-13,14,0,18,12,12,14,0,8,1,2,-9,-2,-7,-3,-4,-4,-2,-4,-1,-6,1,0,0,-3,8,3,10,10,6,12,0,10,-9,2,-14,-27,-2,-14,-6,-15,4,-10,13,1,17,12,12,17,0,12,-12,0,-17,-12,-12,-17,0,-10,12,2,16,13,8,28,-10,3,-12,-8,-8,-11,2,-2,10,8,7,12,-3,4,-12]"
CSI_DATA,114112,d8:b1:90:d9:de:f0,-59,11,-99,-39,61,56,1704522149,100,0,228,0,"[18,-2,19,-2,19,-2,19,-3,17,-4,15,-4,13,-4,66,-4,8,-3,6,-3,4,-2,3,-2,2,-1,1,0,0,0,0,2,-1,3,-2,4,-3,4,-4,5,-6,5,42,4,-11,4,-12,3,-14,2,-15,0,-17,-1,-19,-2,0,0,-22,-5,-22,-6,-24,-8,-24,-8,-24,-9,-24,-8,-79,9,-22,-6,-19,-4,-16,-2,-13,0,-10,0,-6,2,-3,4,-1,4,2,5,5,6,8,6,11,6,13,5,-36,0,17,4,18,3,18,3,17,2,15,2,13,2,10,1,-4,2,-3,2,-2,3,-2,6,2,8,9,5,12,-3,17,-17,-4,-15,-15,-6,-15,6,-5,16,8,16,18,4,16,-11,3,-19,-12,-16,-19,-2,-15,11,-2,16,7,12,3,8,9,-3,4,-6,1,-5,0,-5,-2,-5,-5,-4,0,0,-8,4,-5,11,2,12,10,8,14,1,12,-8,-18,-22,-5,-15,-14,-8,-17,2,-11,13,0,18,13,13,17,0,13,-12,0,-17,-13,-11,-17,2,-8,13,4,15,28,9,11,-7,0,-12,-9,-4,-8,6,2,11,11,4,10,-7]"
CSI_DATA,114113,d8:b1:90:d9:de:f0,-59,11,-99,-38,61,56,1704532985,100,0,228,0,"[-17,-2,-18,-4,-18,-4,-18,-4,-16,-4,-14,-3,-12,-3,64,-4,-8,-2,-7,-1,-5,-1,-4,0,-2,0,0,0,0,-1,1,0,2,0,4,1,5,2,5,3,6,5,41,4,5,9,4,12,2,14,0,15,-1,16,-4,18,0,0,-8,19,-10,20,-12,20,-14,20,-16,19,-16,18,4,10,-15,15,-13,14,-11,12,-8,10,-5,8,-2,7,0,5,2,4,4,3,7,2,10,1,12,0,14,0,-24,0,16,-2,18,-2,18,-1,17,-1,15,0,13,0,10,1,5,0,4,-1,4,-2,4,-4,1,-8,-5,-9,-11,-4,-23,3,-5,14,6,14,15,6,16,-6,6,-16,-7,-17,-17,-7,-18,7,-8,17,6,18,15,9,16,-3,9,-11,6,-5,-6,-8,-6,-3,-5,0,-4,0,-4,2,-4,4,0,0,2,8,8,6,11,1,11,-6,6,-12,-2,-14,-26,6,-15,-2,-14,7,-7,15,4,16,14,10,17,-1,12,-12,0,-17,-11,-12,-16,-1,-12,10,0,16,11,10,30,-2,7,-11,-4,-11,-11,-2,-6,8,4,10,11,2,10,-8]"
CSI_DATA,114114,d8:b1:90:d9:de:f0,-59,11,-99,-38,61,56,1704543156,100,0,228,0,"[14,-10,16,-10,16,-10,16,-9,15,-8,13,-8,11,-7,64,-4,8,-6,6,-4,4,-4,3,-2,2,-1,1,0,0,0,0,1,-2,2,-2,2,-4,2,-6,2,-8,2,41,4,-10,0,-12,-2,-12,-4,-13,-7,-14,-9,-13,-12,0,0,-13,-16,-12,-19,-12,-20,-12,-22,-10,-22,-10,-22,53,10,-8,-20,-8,-17,-7,-14,-7,-12,-6,-8,-6,-4,-5,-2,-6,1,-4,4,-4,6,-4,8,-4,11,-3,13,-24,10,-2,17,-2,18,-2,18,-2,16,-2,14,-2,12,-2,10,-2,4,-1,4,-1,4,0,6,5,6,10,2,11,-6,14,-19,-6,-13,-14,-4,-14,7,-4,16,8,16,17,5,16,-9,4,-18,-9,-16,-18,-6,-16,7,-6,15,4,14,0,8,10,0,6,-4,3,-4,2,-4,0,-5,-2,-6,0,0,-8,-2,-9,4,-6,9,1,12,9,10,14,3,5,-27,8,-13,0,-16,-11,-12,-16,-2,-14,9,-4,16,7,15,16,6,15,-6,6,-16,-7,-14,-15,-4,-13,8,-4,29,9,9,12,-2,4,-10,-7,-8,-11,2,-5,11,6,11]"
CSI_DATA,114115,d8:b1:90:d9:de:f0,-59,11,-99,-39,61,56,1704554126,100,0,228,0,"[17,1,19,2,19,2,18,2,17,2,15,2,13,1,66,-4,9,0,7,0,6,0,4,0,3,0,2,0,0,0,0,0,-2,0,-3,0,-5,-1,-6,-2,-6,-3,42,4,-7,-8,-6,-10,-6,-13,-5,-15,-4,-17,-2,-19,0,0,1,-22,3,-23,4,-24,6,-24,8,-24,8,-24,-81,0,7,-21,6,-19,4,-16,2,-13,0,-10,-1,-7,-2,-5,-4,-3,-6,-1,-8,0,-9,3,-11,4,-12,6,40,10,-14,10,-14,11,-15,11,-14,10,-13,8,-11,7,-8,4,-4,1,-3,2,-3,2,-4,5,0,8,6,8,12,2,23,-6,4,-14,-8,-13,-16,-3,-14,9,-3,18,11,15,19,3,16,-11,4,-19,-10,-16,-17,-4,-15,7,-5,13,-3,5,8,6,7,0,4,-2,3,-2,3,-2,2,-5,0,0,-4,-7,-10,-4,-11,2,-8,9,-1,13,7,12,22,-17,15,-3,11,-13,0,-17,-11,-14,-17,-3,-15,9,-5,17,7,15,16,6,15,-7,5,-15,-7,-14,-15,-3,-25,17,0,14,11,7,11,-4,1,-11,-9,-6,-11,4,-4,12]"
CSI_DATA,114116,d8:b1:90:d9:de:f0,-59,11,-99,-35,60,56,1704564783,100,0,228,0,"[17,-1,19,0,19,0,19,0,17,0,15,0,13,0,66,-4,8,0,7,0,6,0,4,0,3,0,2,0,0,0,0,0,-2,0,-3,0,-4,0,-6,-1,-7,-2,42,4,-8,-6,-8,-8,-8,-11,-8,-13,-7,-15,-6,-17,0,0,-3,-22,-2,-23,0,-24,0,-25,1,-25,2,-24,17,0,2,-22,1,-19,0,-17,0,-14,-2,-11,-2,-7,-4,-4,-5,-2,-6,0,-7,3,-8,5,-8,8,-9,9,77,10,-11,13,-11,14,-11,14,-11,13,-10,12,-8,10,-7,7,-4,2,-4,2,-3,3,-2,6,1,8,8,7,12,0,22,-10,0,-15,-11,-11,-16,0,-12,11,0,18,13,13,19,0,14,-14,0,-19,-13,-14,-18,-1,-13,11,-3,15,-1,7,9,4,7,0,4,-2,3,-3,2,-3,2,-5,0,0,-6,-6,-10,-1,-11,4,-6,11,2,13,10,11,18,-20,14,-7,6,-15,-4,-17,-14,-10,-17,0,-12,13,0,17,11,13,17,1,12,-11,0,-16,-11,-11,-15,1,-18,24,4,13,11,4,8,-8,-2,-11,-11,-3,-9,7,0,13]"
CSI_DATA,114117,d8:b1:90:d9:de:f0,-59,11,-99,-38,61,56,1704582747,100,0,228,0,"[14,-9,15,-10,15,-10,14,-10,13,-10,11,-9,10,-8,64,-4,6,-6,5,-5,4,-4,3,-4,2,-2,0,-2,0,0,0,0,-1,0,-2,2,-3,2,-4,3,-6,3,41,4,-10,2,-12,2,-14,0,-15,-1,-16,-3,-18,-4,0,0,-19,-7,-20,-9,-20,-10,-21,-11,-20,-11,-20,-12,-58,9,-18,-10,-17,-8,-15,-6,-13,-3,-10,-1,-8,1,-5,3,-3,4,-1,6,0,8,3,9,5,10,7,11,84,0,10,12,12,13,12,12,11,12,10,10,8,10,6,8,-3,3,-2,3,-2,4,0,6,6,6,10,1,10,-7,10,-21,-9,-12,-15,-2,-12,10,-1,16,12,12,18,0,12,-13,0,-18,-14,-13,-18,0,-12,13,0,16,10,10,4,4,8,-5,2,-6,0,-4,-1,-3,-2,-3,-3,-4,0,0,-8,1,-6,6,0,10,6,10,12,4,13,-4,-11,-24,-1,-15,-11,-12,-16,-2,-14,9,-4,16,8,15,16,5,14,-7,4,-15,-8,-14,-15,-3,-12,8,-1,14,19,21,12,-2,4,-11,-6,-9,-10,1,-4,10,6,10,12,0]"
CSI_DATA,114118,d8:b1:90:d9:de:f0,-59,11,-99,-34,60,56,1704597784,100,0,228,0,"[18,-4,20,-3,20,-3,19,-3,18,-3,16,-2,13,-2,64,-4,9,-2,7,-2,6,-1,4,-1,2,0,1,0,0,0,-1,0,-3,0,-4,1,-6,0,-6,0,-7,-2,41,4,-8,-6,-8,-9,-8,-11,-6,-14,-6,-16,-4,-18,0,0,0,-21,1,-23,3,-24,5,-24,6,-25,6,-24,46,0,6,-21,5,-19,4,-16,2,-13,0,-10,-1,-8,-3,-5,-4,-3,-6,0,-8,1,-10,3,-11,6,-12,7,51,10,-14,10,-14,11,-14,11,-14,10,-13,8,-10,7,-8,5,-4,2,-2,2,-2,2,-2,5,1,8,8,6,12,0,21,-12,0,-15,-10,-11,-16,0,-12,12,0,18,14,12,19,0,14,-14,0,-20,-13,-14,-18,-1,-13,10,-3,14,-3,7,8,4,7,0,4,-2,3,-2,3,-4,2,-6,0,0,-6,-7,-10,-2,-11,4,-7,10,0,13,8,11,21,-19,14,-4,9,-13,0,-16,-10,-13,-17,-3,-15,8,-6,16,7,16,16,6,16,-6,6,-16,-7,-14,-15,-4,-25,18,0,14,10,8,12,-4,2,-11,-9,-7,-12,4,-4,12]"
CSI_DATA,114119,d8:b1:90:d9:de:f0,-59,11,-99,-36,61,56,1704608167,100,0,228,0,"[-17,2,-18,2,-18,1,-17,1,-16,1,-14,1,-12,1,60,-4,-8,1,-6,1,-5,1,-4,1,-2,0,-1,0,0,0,1,0,1,0,3,-1,5,0,6,0,6,1,39,3,9,5,8,6,9,9,8,11,7,13,6,16,0,0,4,20,2,21,1,22,0,23,-1,23,-1,23,-9,9,-1,20,-1,18,0,15,1,12,1,10,3,6,4,4,5,1,5,0,7,-3,7,-5,8,-7,8,-9,-73,0,10,-13,10,-13,10,-13,10,-12,9,-11,7,-9,6,-6,4,-1,3,-2,2,-3,1,-5,-1,-8,-7,-6,-11,0,-19,11,0,13,10,10,15,0,10,-11,-1,-17,-13,-11,-18,1,-12,13,0,18,13,12,17,0,11,-10,1,-13,2,-6,-8,-3,-6,1,-4,1,-2,2,-2,3,-1,5,0,0,6,5,9,0,9,-5,4,-11,-2,-12,-10,-8,-15,20,-12,6,-6,13,3,15,13,9,16,-1,11,-11,1,-16,-10,-12,-15,-1,-12,10,0,15,10,11,15,0,17,-21,-3,-11,-11,-4,-8,6,1,10,10,3,9,-6,0,-11]"
CSI_DATA,114120,d8:b1:90:d9:de:f0,-59,11,-99,-37,61,56,1704619801,100,0,228,0,"[-1,-17,0,-18,0,-18,0,-18,0,-16,0,-14,0,-12,62,-4,0,-9,0,-7,0,-5,0,-5,0,-3,0,-1,0,0,0,1,0,2,0,3,-1,4,-2,5,-4,5,40,3,-8,5,-11,4,-12,3,-14,1,-16,0,-17,-2,0,0,-19,-6,-20,-9,-20,-11,-20,-12,-19,-13,-18,-14,-17,9,-16,-13,-14,-12,-13,-9,-11,-7,-9,-4,-7,-1,-6,0,-4,3,-3,5,-2,7,-1,9,0,11,0,13,-19,9,1,16,1,17,1,17,0,16,0,14,0,12,0,9,1,3,2,3,3,3,5,3,8,0,7,-7,1,-12,-7,-22,-14,-2,-12,8,-3,15,9,14,16,3,14,-9,3,-18,-9,-16,-18,-5,-16,9,-5,16,6,14,12,6,5,3,6,-7,1,-6,-1,-5,-1,-3,-2,-3,-3,-3,0,0,-8,2,-5,7,0,11,6,10,11,4,12,-2,-7,-25,1,-14,-7,-13,-14,-6,-16,4,-9,13,1,16,12,11,16,0,11,-11,0,-16,-11,-11,-15,0,-9,11,3,29,11,6,11,-5,1,-11,-9,-7,-11,3,-3,12,7,10]"
CSI_DATA,114121,d8:b1:90:d9:de:f0,-59,11,-99,-37,61,56,1704632237,100,0,228,0,"[9,15,9,16,9,17,9,16,8,14,7,13,7,11,62,-4,5,7,5,5,3,4,3,3,1,1,1,0,0,0,0,-1,-1,-2,-2,-3,-2,-4,-2,-5,-1,-7,40,3,1,-10,3,-11,4,-12,7,-12,9,-12,11,-12,0,0,16,-12,18,-12,20,-12,21,-11,22,-11,22,-11,61,0,19,-9,17,-9,14,-9,11,-9,7,-7,3,-7,0,-7,-1,-6,-4,-5,-7,-4,-9,-3,-11,-2,-14,-1,20,9,-17,0,-18,0,-18,0,-17,0,-15,0,-12,0,-9,0,-3,-2,-2,0,-2,-1,-5,0,-7,3,-3,9,3,11,19,14,13,-5,6,-14,-6,-15,-15,-5,-16,7,-5,17,9,16,18,5,16,-9,5,-18,-7,-16,-14,-5,-12,5,-5,1,1,9,4,5,3,2,3,1,4,1,5,-1,0,0,1,-9,-3,-9,-9,-5,-11,1,-9,8,-2,12,26,2,12,7,14,-1,11,-10,1,-16,-9,-13,-16,-5,-15,7,-5,16,8,15,16,5,14,-8,3,-15,-9,-12,-31,-1,-8,11,3,12,12,3,8,-9,-3,-12,-12,-3,-11,7]"
CSI_DATA,114122,d8:b1:90:d9:de:f0,-59,11,-99,-38,61,56,1704643608,100,0,228,0,"[-2,-17,-1,-18,-1,-18,-1,-18,-1,-17,-1,-15,-1,-13,64,-4,-1,-9,-1,-7,-1,-6,-1,-4,0,-2,0,-2,0,0,0,0,0,2,0,3,-1,4,-2,6,-3,6,41,4,-7,8,-9,7,-12,6,-14,6,-16,4,-18,3,0,0,-21,0,-22,-2,-24,-3,-24,-4,-24,-6,-24,-6,-80,9,-21,-5,-18,-4,-16,-2,-14,-1,-11,0,-8,2,-6,4,-3,6,0,7,1,8,3,10,5,10,6,12,64,0,10,14,10,14,10,14,10,14,8,12,6,10,4,8,2,4,2,2,2,3,5,3,9,0,8,-7,1,-12,-10,-21,-14,-1,-12,10,0,16,12,12,18,0,13,-12,0,-19,-13,-14,-19,0,-14,12,-2,18,10,13,14,3,5,2,4,-8,-1,-7,-2,-4,-2,-3,-2,-2,-4,-2,0,0,-6,4,-2,8,2,10,9,7,12,0,11,-7,-17,-19,-3,-14,-12,-10,-16,0,-13,10,-3,17,8,15,16,4,15,-8,5,-16,-8,-14,-16,-4,-13,8,-2,15,18,24,14,0,6,-11,-5,-11,-12,0,-7,10,4,12,12,4]"
CSI_DATA,114123,d8:b1:90:d9:de:f0,-59,11,-99,-39,61,56,1704656926,100,0,228,0,"[7,15,8,17,7,17,8,17,6,15,6,13,6,11,66,-4,4,7,4,6,2,5,2,4,1,2,0,2,0,0,0,0,-1,-2,-1,-3,-1,-4,0,-6,0,-7,42,4,2,-11,5,-12,7,-12,10,-12,13,-12,15,-11,0,0,19,-11,22,-9,23,-8,24,-7,24,-6,24,-6,-74,0,22,-5,19,-5,15,-4,12,-4,9,-4,6,-5,2,-6,0,-6,-3,-5,-5,-6,-7,-6,-10,-6,-12,-6,49,10,-15,-6,-16,-6,-16,-6,-15,-6,-14,-6,-11,-5,-8,-4,-2,-3,-3,-2,-4,-2,-6,0,-8,4,-3,11,4,12,18,16,14,-5,6,-14,-6,-15,-15,-7,-17,6,-7,17,6,18,17,8,18,-6,7,-17,-6,-17,-15,-8,-14,2,-6,0,0,10,4,6,4,3,3,2,4,1,5,0,0,0,3,-8,-2,-10,-7,-8,-12,-2,-11,5,-6,13,25,9,11,11,17,1,15,-8,6,-16,-6,-17,-15,-8,-17,4,-8,15,4,16,15,8,15,-4,6,-14,-5,-14,-28,-10,-11,7,0,13,10,6,9,-5,0,-11,-10,-7,-12,3]"
CSI_DATA,114124,d8:b1:90:d9:de:f0,-59,11,-99,-38,61,56,1704670359,100,0,228,0,"[12,12,12,14,12,14,12,14,10,13,10,11,8,9,64,-4,6,6,5,4,4,4,3,3,2,2,0,1,0,0,-1,0,-2,-1,-2,-2,-4,-4,-4,-5,-3,-7,41,4,0,-11,0,-12,2,-13,5,-14,7,-15,10,-16,0,0,14,-16,17,-15,19,-14,20,-14,21,-14,21,-13,69,0,18,-12,16,-10,13,-10,10,-8,6,-8,4,-6,0,-6,-2,-4,-4,-4,-7,-4,-9,-3,-12,-2,-14,0,26,10,-16,0,-17,0,-18,0,-17,0,-15,0,-12,0,-9,0,-4,-2,-4,-1,-4,0,-6,1,-6,6,0,10,7,10,22,10,12,-8,2,-15,-10,-13,-16,-2,-14,10,-2,18,12,14,19,2,16,-12,2,-18,-10,-14,-15,-4,-12,6,-7,2,2,10,4,6,4,2,4,1,5,0,6,-3,0,0,0,-8,-5,-9,-10,-4,-12,2,-9,9,-2,13,27,0,14,6,15,-3,10,-13,0,-17,-11,-14,-17,-2,-15,10,-4,16,9,14,16,4,13,-9,2,-15,-10,-11,-30,0,-8,11,4,12,11,2,7,-8,-3,-11,-12,-2,-10,8]"
CSI_DATA,114125,d8:b1:90:d9:de:f0,-59,11,-99,-36,60,56,1704680996,100,0,228,0,"[19,0,20,0,21,0,19,0,18,0,16,0,14,0,67,-4,9,0,7,0,5,0,4,0,2,0,1,0,0,0,-1,0,-2,0,-4,1,-6,0,-7,0,-7,-2,43,4,-9,-6,-9,-9,-9,-11,-9,-14,-7,-16,-6,-19,0,0,-4,-22,-2,-24,-1,-26,0,-26,1,-26,2,-26,24,0,2,-23,0,-21,0,-17,-1,-14,-2,-10,-3,-7,-4,-4,-5,0,-6,1,-7,4,-7,7,-8,9,-9,11,83,10,-9,15,-9,16,-9,16,-9,15,-8,14,-7,11,-6,8,-4,1,-3,2,-4,2,-3,6,0,9,7,8,12,1,23,-9,1,-15,-10,-12,-17,-1,-13,12,0,19,13,14,19,0,14,-14,0,-20,-13,-14,-19,-1,-14,9,-3,14,-3,7,9,4,7,0,5,-2,3,-2,3,-4,1,-7,0,0,-7,-7,-11,0,-10,5,-5,12,2,14,10,10,17,-22,14,-7,7,-15,-4,-17,-14,-10,-19,1,-13,13,0,19,12,13,18,0,13,-12,0,-17,-12,-11,-16,2,-17,26,4,13,12,3,8,-8,-3,-12,-12,-2,-9,9,2,14]"
CSI_DATA,114126,d8:b1:90:d9:de:f0,-59,11,-99,-38,61,56,1704691144,100,0,228,0,"[12,11,13,12,14,12,13,12,12,10,11,9,10,8,64,-4,8,4,6,3,5,2,4,2,2,1,1,0,0,0,0,0,-1,0,-2,-2,-3,-3,-4,-4,-4,-6,41,4,-4,-10,-3,-11,-2,-14,0,-15,0,-17,2,-18,0,0,4,-21,6,-22,7,-22,8,-24,8,-23,8,-23,-70,0,6,-20,5,-18,3,-16,2,-13,0,-10,-2,-8,-4,-5,-6,-2,-6,0,-8,2,-8,4,-10,6,-10,9,55,10,-11,12,-11,13,-11,13,-10,12,-10,11,-8,10,-6,7,-4,-2,-3,0,-4,0,-6,2,-5,7,0,10,8,8,22,5,10,-10,-1,-15,-12,-10,-16,2,-10,14,3,18,15,10,18,-4,10,-16,-4,-18,-14,-9,-16,3,-8,11,-4,4,6,7,7,2,5,-1,3,-1,3,-2,3,-4,0,0,-2,-7,-8,-4,-10,0,-8,8,-2,12,6,12,20,-14,15,-2,10,-12,0,-17,-10,-14,-17,-2,-14,10,-3,16,9,14,16,3,13,-10,1,-16,-10,-11,-15,0,-19,22,4,12,12,4,8,-8,-2,-12,-11,-4,-10,8,0,13]"
CSI_DATA,114127,d8:b1:90:d9:de:f0,-58,11,-99,-36,60,56,1704706796,100,0,228,0,"[12,14,12,15,13,15,13,14,12,13,12,11,10,9,67,-4,7,5,6,4,4,2,3,2,2,2,1,0,0,0,-1,0,-2,0,-4,0,-5,-2,-6,-3,-7,-5,43,4,-7,-9,-6,-12,-5,-13,-4,-16,-3,-18,-2,-19,0,0,0,-23,1,-24,2,-26,3,-26,4,-26,3,-26,72,0,2,-23,1,-20,0,-17,-2,-14,-3,-10,-4,-6,-4,-3,-6,0,-6,2,-6,5,-6,9,-6,11,-5,13,-79,10,-4,17,-4,18,-4,19,-3,17,-3,16,-2,13,-2,10,-4,-2,-4,-1,-4,0,-6,2,-6,7,0,11,9,9,24,7,11,-11,0,-16,-12,-11,-17,2,-11,14,3,19,16,10,19,-4,10,-17,-4,-19,-16,-9,-16,2,-9,12,-5,6,7,7,7,2,6,0,4,-2,4,-3,3,-6,0,0,-6,-7,-10,-2,-12,4,-7,11,0,14,9,11,19,-21,14,-7,7,-15,-4,-17,-14,-10,-19,2,-12,14,1,19,14,12,18,-1,10,-14,-3,-17,-14,-8,-15,5,-10,30,8,11,13,0,5,-11,-7,-9,-12,2,-5,12,7,12]"
CSI_DATA,114128,d8:b1:90:d9:de:f0,-59,11,-99,-38,61,56,1704719270,100,0,228,0,"[-8,16,-9,16,-10,16,-10,16,-9,14,-8,13,-6,11,64,-4,-4,8,-3,6,-2,5,-2,3,-1,2,0,1,0,0,0,-1,1,-2,2,-4,3,-4,4,-5,6,-5,41,4,10,-4,12,-2,14,0,15,1,16,4,18,6,0,0,18,12,18,14,19,16,18,17,18,18,16,18,6,0,15,16,13,14,12,11,11,8,9,5,7,2,6,0,4,-3,3,-6,2,-8,1,-10,0,-12,0,-14,-2,10,-2,-17,-3,-18,-3,-18,-2,-16,-2,-15,-1,-12,0,-10,0,-4,0,-4,0,-4,-2,-6,-7,-4,-10,2,-8,10,-3,24,11,9,15,-2,10,-12,-2,-16,-14,-10,-18,2,-10,15,2,19,16,12,18,-2,12,-14,0,-16,-9,-11,-3,-7,-8,4,-4,6,-1,5,0,5,1,5,4,5,0,0,9,-1,8,-7,2,-11,-4,-11,-11,-7,-14,0,4,26,-4,15,6,15,14,8,16,-2,12,-13,0,-18,-12,-14,-17,-1,-13,11,-1,16,12,12,16,0,10,-11,-4,-30,-12,-6,-11,5,0,12,10,6,11,-5,2,-12,-9,-10]"
CSI_DATA,114129,d8:b1:90:d9:de:f0,-59,11,-99,-39,61,56,1704731178,100,0,228,0,"[-1,17,-1,19,-1,19,0,18,0,17,0,15,0,13,66,-4,1,9,1,7,1,6,1,4,0,2,0,1,0,0,0,0,-1,-1,0,-3,-1,-4,0,-6,0,-7,42,4,2,-11,4,-12,6,-13,8,-14,10,-14,13,-15,0,0,16,-15,17,-15,19,-15,20,-15,20,-15,20,-14,4,0,17,-13,14,-13,11,-11,8,-11,5,-8,2,-8,0,-6,-3,-4,-5,-2,-7,0,-10,1,-11,2,-13,3,44,10,-15,6,-15,8,-15,8,-15,8,-13,7,-11,6,-8,4,-1,-4,-2,-4,-3,-4,-6,-2,-9,0,-7,8,0,12,11,21,15,0,11,-11,-1,-16,-13,-10,-17,2,-10,15,4,18,16,9,19,-4,9,-16,-4,-17,-14,-8,-14,2,-7,0,0,11,4,6,4,2,4,1,4,0,6,-2,0,0,2,-8,-4,-8,-10,-5,-12,2,-9,10,-1,15,27,0,15,5,15,-6,8,-15,-2,-17,-14,-11,-18,2,-11,13,1,17,13,11,17,-2,8,-14,-4,-15,-14,-6,-27,13,-2,13,9,8,11,-4,1,-11,-9,-7,-11,4,-4,12]"
CSI_DATA,114130,d8:b1:90:d9:de:f0,-58,11,-99,-36,60,56,1704742844,100,0,228,0,"[16,9,17,9,17,9,16,9,16,8,13,7,12,6,67,-4,9,3,7,2,5,2,4,1,2,0,1,0,0,1,0,0,-2,0,-4,0,-4,-1,-6,-3,-7,-4,43,4,-7,-9,-7,-11,-6,-14,-4,-16,-3,-18,0,-20,0,0,1,-23,3,-24,4,-25,6,-26,7,-25,7,-24,-75,0,7,-21,5,-19,4,-16,2,-14,0,-10,-2,-7,-3,-4,-4,-2,-6,0,-7,3,-7,5,-9,7,-10,9,61,10,-11,13,-12,14,-11,14,-11,14,-10,12,-9,10,-7,7,-5,-1,-4,0,-4,1,-5,3,-4,9,3,11,11,6,24,1,7,-13,-4,-16,-14,-7,-16,5,-7,16,7,18,18,7,18,-7,7,-18,-7,-18,-16,-8,-16,4,-8,13,-5,6,7,7,8,1,6,0,4,-2,4,-3,3,-5,0,0,-5,-8,-9,-4,-11,2,-9,10,0,14,8,13,23,-17,16,-4,10,-14,0,-18,-12,-13,-19,-1,-14,11,-3,18,10,15,17,3,14,-10,2,-16,-10,-12,-16,0,-20,22,2,13,12,4,9,-7,-2,-11,-11,-3,-10,7,0,13]"
CSI_DATA,114131,d8:b1:90:d9:de:f0,-59,11,-99,-38,61,56,1704755751,100,0,228,0,"[-18,2,-19,2,-19,2,-18,2,-17,2,-15,3,-13,3,64,-4,-8,3,-6,3,-4,2,-4,2,-2,1,-1,0,0,0,0,0,2,-1,3,-2,4,-2,6,-2,8,-2,41,4,10,0,12,2,13,4,14,6,15,8,15,10,0,0,16,14,16,16,16,18,16,20,16,20,16,19,-32,0,14,16,13,14,12,12,10,8,10,4,8,1,6,-1,4,-4,2,-6,1,-8,-1,-10,-3,-12,-4,-12,-30,10,-8,-15,-9,-16,-9,-15,-9,-14,-8,-12,-7,-11,-5,-8,4,-2,2,-2,2,-3,2,-5,-1,-8,-8,-6,-12,1,-19,14,2,14,13,9,16,-3,8,-14,-5,-17,-16,-8,-18,6,-8,18,7,18,17,8,16,-6,7,-14,-4,-14,0,-8,-10,0,-6,4,-2,4,-1,4,0,5,2,6,0,0,9,0,8,-6,4,-10,-4,-12,-10,-8,-14,0,3,27,-4,15,6,14,15,8,16,-3,10,-14,-2,-18,-13,-11,-18,1,-10,13,2,17,13,9,16,-4,6,-14,-13,-28,-13,-2,-8,9,3,11,12,2,8,-9,-3,-12,-12,-4]"
CSI_DATA,114132,d8:b1:90:d9:de:f0,-59,11,-99,-39,61,56,1704768121,100,0,228,0,"[-17,-6,-17,-7,-17,-7,-17,-7,-16,-7,-14,-6,-12,-4,66,-4,-8,-2,-6,-2,-5,-1,-4,-1,-2,0,-1,0,0,0,1,0,2,0,4,2,4,2,5,4,5,5,42,4,4,10,3,11,2,13,0,15,-2,17,-4,17,0,0,-9,19,-11,19,-13,19,-15,19,-17,19,-17,18,-20,9,-15,16,-13,15,-11,13,-8,11,-4,9,-2,8,0,6,3,4,5,3,8,2,10,0,12,0,13,-1,-25,0,17,-3,17,-3,17,-3,17,-3,15,-2,13,-1,10,0,4,0,3,-1,4,-1,4,-4,2,-7,-2,-10,-10,-6,-24,0,-8,13,3,15,14,8,16,-4,8,-15,-4,-17,-16,-9,-19,4,-10,17,4,18,15,10,16,-2,10,-11,6,-4,-5,-8,-6,-3,-5,0,-4,0,-4,2,-4,4,0,0,2,9,7,6,11,1,11,-6,6,-12,-2,-14,-26,6,-15,-2,-15,6,-7,15,4,16,13,11,17,-1,13,-13,0,-17,-12,-13,-17,0,-11,12,0,16,12,10,30,-4,6,-12,-5,-11,-12,0,-6,9,5,11,13,2,9,-9]"
CSI_DATA,114133,d8:b1:90:d9:de:f0,-59,11,-99,-38,61,56,1704780736,100,0,228,0,"[0,-17,1,-18,1,-19,1,-18,0,-17,0,-15,0,-13,64,-4,0,-9,0,-7,0,-6,0,-4,0,-3,0,-2,0,0,0,0,0,2,0,3,0,4,0,6,-2,8,41,4,-6,9,-8,10,-10,10,-12,10,-14,9,-16,9,0,0,-20,7,-22,6,-24,6,-25,4,-24,4,-24,3,78,9,-22,3,-19,3,-16,4,-12,4,-9,5,-6,5,-3,5,0,6,2,6,5,6,8,5,10,6,12,5,-32,0,16,4,17,4,17,4,16,4,15,4,12,4,10,4,1,4,2,4,2,4,6,4,9,0,8,-8,1,-12,-9,-22,-14,-1,-12,10,-1,16,12,12,18,0,12,-13,0,-19,-14,-13,-20,0,-13,14,0,18,12,12,15,2,7,2,3,-10,-2,-7,-3,-4,-4,-2,-4,-2,-5,0,0,0,-4,7,0,10,6,9,12,4,12,-4,8,-12,-24,-12,-10,-12,-16,-2,-15,8,-6,16,6,16,16,8,17,-4,8,-15,-4,-16,-14,-8,-15,5,-6,14,6,14,28,8,10,-8,-1,-12,-10,-5,-9,6,0,11,10,6,11,-5]"
CSI_DATA,114134,d8:b1:90:d9:de:f0,-59,11,-99,-36,60,56,1704790803,100,0,228,0,"[7,-17,7,-18,7,-18,6,-17,5,-17,4,-15,2,-13,67,-4,0,-9,0,-7,0,-5,0,-4,0,-2,0,-1,1,0,0,0,0,2,0,4,0,5,0,7,-1,7,43,4,-4,10,-7,11,-9,12,-12,11,-14,11,-16,10,0,0,-20,10,-22,9,-24,9,-25,8,-25,7,-25,8,85,9,-21,7,-19,8,-15,7,-12,7,-8,7,-4,7,0,5,1,5,4,4,7,3,9,2,12,0,14,0,-29,0,17,-2,18,-3,19,-3,16,-3,15,-3,13,-2,10,-2,0,5,1,4,2,4,4,4,9,2,9,-5,3,-12,-4,-24,-14,-4,-14,8,-3,16,11,14,18,2,14,-12,1,-19,-13,-15,-20,0,-15,13,-1,19,11,13,14,2,7,2,3,-9,-1,-7,-3,-4,-4,-3,-4,-2,-7,0,0,0,-4,8,2,10,8,9,14,2,12,-7,5,-14,-27,-7,-13,-9,-16,0,-13,12,-2,18,10,15,18,4,16,-9,4,-17,-9,-14,-17,-4,-13,10,0,16,12,11,31,-3,6,-12,-6,-11,-12,0,-5,9,7,9,12,0,7,-10]"
CSI_DATA,114135,d8:b1:90:d9:de:f0,-58,11,-99,-36,60,56,1704805740,100,0,228,0,"[4,-19,5,-19,6,-19,5,-19,5,-18,4,-15,3,-14,67,-4,2,-9,2,-7,1,-5,1,-4,0,-2,0,-1,0,0,0,1,0,3,-1,4,-1,4,-2,7,-4,7,43,4,-9,7,-12,6,-14,5,-16,3,-18,2,-19,0,0,0,-22,-4,-24,-7,-24,-8,-24,-9,-24,-10,-24,-11,-77,9,-21,-10,-19,-8,-16,-6,-14,-4,-10,-2,-8,0,-5,2,-3,4,-1,7,0,8,2,10,4,12,7,13,72,0,9,15,10,15,10,16,9,15,8,14,7,12,4,9,0,5,2,4,2,4,4,4,8,1,9,-4,4,-12,-3,-24,-14,-5,-15,6,-6,16,7,16,18,6,17,-8,6,-19,-9,-19,-19,-7,-18,8,-7,17,5,16,13,7,7,6,7,-7,2,-7,0,-6,-2,-4,-2,-4,-4,-3,0,0,-8,4,-4,10,1,12,9,9,13,2,13,-5,-15,-24,-2,-15,-12,-11,-17,-2,-15,9,-5,17,7,17,16,7,17,-5,7,-16,-5,-17,-15,-7,-15,6,-4,15,17,27,14,1,9,-10,-4,-11,-12,-2,-8,9,3,13,12,4]"
CSI_DATA,114136,d8:b1:90:d9:de:f0,-59,11,-99,-39,61,56,1704819144,100,0,228,0,"[4,17,4,18,4,18,4,17,4,16,3,14,3,12,66,-4,2,8,2,7,2,6,1,4,1,3,0,2,0,0,0,0,-1,-2,0,-4,0,-4,0,-6,1,-8,42,4,4,-10,6,-11,9,-11,11,-11,14,-11,16,-10,0,0,20,-8,22,-7,23,-6,24,-5,24,-4,24,-3,-79,0,21,-2,19,-3,16,-3,13,-4,9,-4,6,-4,3,-5,0,-5,-2,-6,-4,-6,-6,-6,-8,-6,-11,-6,77,10,-15,-7,-15,-8,-15,-7,-15,-7,-13,-6,-11,-6,-8,-5,-2,-4,-3,-3,-4,-3,-6,-1,-8,3,-5,9,2,12,15,17,15,-2,8,-13,-2,-16,-14,-8,-17,4,-9,15,4,18,16,11,19,-4,11,-16,-2,-18,-13,-11,-15,0,-7,0,-2,10,3,7,4,3,4,2,4,1,5,0,0,0,4,-6,0,-10,-6,-8,-12,-4,-13,4,-8,12,24,13,10,13,17,3,16,-8,6,-17,-5,-17,-15,-9,-17,3,-10,14,3,16,13,9,15,-3,8,-13,-4,-14,-26,-13,-11,6,0,12,9,6,9,-4,1,-11,-9,-7,-12,2]"
CSI_DATA,114137,d8:b1:90:d9:de:f0,-59,11,-99,-38,61,56,1704830870,100,0,228,0,"[10,14,11,14,12,14,12,14,11,12,10,10,9,8,64,-4,7,5,6,4,5,2,4,2,2,1,1,0,0,0,-1,0,-3,0,-3,-1,-5,-2,-6,-2,-7,-4,41,4,-7,-8,-7,-10,-6,-12,-6,-14,-6,-16,-5,-18,0,0,-3,-22,-2,-22,-2,-24,-1,-24,-1,-25,-1,-24,-22,10,-2,-21,-2,-19,-4,-16,-4,-12,-5,-8,-5,-5,-5,-2,-5,1,-5,4,-4,6,-4,9,-2,10,-2,14,-13,10,0,16,1,17,2,17,2,17,2,15,2,12,1,10,-4,-2,-4,-1,-4,0,-6,1,-5,6,0,10,8,8,22,7,10,-10,-1,-15,-12,-10,-16,2,-10,14,4,18,16,9,18,-5,8,-17,-6,-18,-16,-8,-15,4,-7,12,-4,6,7,6,8,1,5,-2,4,-2,3,-3,2,-6,0,0,-6,-6,-10,-2,-10,6,-4,11,3,13,11,8,14,-23,12,-10,3,-16,-8,-15,-16,-6,-16,6,-7,16,6,16,15,6,16,-6,5,-15,-7,-14,-15,-3,-12,9,0,29,10,7,11,-4,2,-11,-9,-6,-10,5,0,12,10,8]"
CSI_DATA,114138,d8:b1:90:d9:de:f0,-59,11,-99,-39,61,56,1704840920,100,0,228,0,"[6,17,6,18,6,18,6,17,6,15,5,13,6,13,66,-4,3,8,4,6,2,5,3,3,2,2,0,0,0,0,-1,-2,-1,-2,0,-2,0,-4,-1,-7,-1,-8,42,4,2,-11,6,-11,6,-11,9,-11,12,-11,15,-10,0,0,19,-8,22,-9,23,-8,25,-6,25,-4,24,-5,1,0,22,-4,19,-4,16,-4,13,-4,10,-4,6,-6,2,-6,0,-6,-2,-6,-5,-6,-7,-6,-10,-6,-12,-7,66,10,-16,-7,-16,-6,-16,-6,-15,-6,-13,-6,-13,-6,-10,-4,-4,-3,-3,-1,-3,-1,-6,0,-8,2,-4,9,4,12,18,17,13,-4,8,-13,-5,-15,-15,-8,-17,4,-7,15,6,17,17,7,18,-7,10,-15,-3,-17,-15,-10,-16,1,-4,0,-2,10,4,6,2,4,2,3,3,2,5,0,0,0,4,-6,-1,-10,-7,-8,-12,-2,-12,6,-7,13,26,11,10,12,17,3,15,-8,6,-16,-5,-17,-15,-8,-17,4,-10,15,2,17,15,8,16,-4,8,-13,-5,-15,-28,-11,-12,6,0,13,11,7,11,-5,2,-13,-11,-8,-13,3]"
CSI_DATA,114139,d8:b1:90:d9:de:f0,-59,11,-99,-38,61,56,1704852870,100,0,228,0,"[11,-14,12,-15,12,-15,10,-14,10,-14,8,-12,6,-11,64,-4,3,-8,2,-6,2,-5,0,-4,1,-2,1,0,0,0,0,1,0,2,0,4,-1,6,-2,6,-3,7,41,4,-7,8,-9,8,-11,8,-14,8,-16,6,-18,6,0,0,-21,4,-23,3,-24,2,-25,2,-25,2,-24,2,76,9,-22,3,-19,4,-15,4,-12,5,-9,5,-5,6,-2,6,1,6,4,5,6,4,9,4,12,3,14,2,-26,0,17,0,18,0,18,-1,17,-1,15,-1,12,0,10,0,-1,4,0,4,0,4,2,5,7,4,10,-2,7,-10,2,-23,-12,-8,-15,4,-8,14,5,16,16,7,17,-7,6,-18,-8,-17,-18,-6,-17,8,-6,17,7,15,13,6,6,4,5,-8,0,-7,-1,-5,-2,-4,-4,-3,-6,-2,0,0,-6,7,0,10,6,9,12,4,12,-4,8,-11,-24,-12,-10,-12,-16,-2,-15,8,-6,16,6,16,16,7,16,-5,8,-16,-6,-16,-16,-6,-14,7,-4,15,9,12,30,1,8,-10,-4,-12,-12,-2,-6,9,4,11,12,2,9,-9]"
CSI_DATA,114140,d8:b1:90:d9:de:f0,-59,11,-99,-37,61,56,1704864164,100,0,228,0,"[-16,2,-18,2,-18,2,-18,3,-16,3,-14,3,-12,3,62,-4,-8,3,-6,2,-5,2,-3,1,-2,1,-1,0,0,0,0,0,2,-1,3,-1,4,-1,6,-1,7,-1,40,3,11,1,11,3,12,5,13,7,14,9,14,11,0,0,14,15,14,17,14,18,14,19,14,19,14,19,-54,0,12,16,12,14,11,11,10,8,9,5,7,1,6,-1,4,-3,3,-5,1,-8,0,-10,-1,-12,-3,-13,-4,9,-5,-16,-6,-16,-7,-16,-7,-15,-5,-13,-5,-11,-3,-9,3,-2,2,-2,3,-3,2,-5,-1,-7,-8,-5,-12,1,-18,14,2,14,12,8,15,-3,8,-14,-5,-16,-16,-7,-16,6,-7,17,6,17,16,7,16,-6,7,-14,-3,-13,0,-7,-9,0,-5,4,-2,4,-1,3,0,4,1,5,0,0,8,1,9,-4,5,-9,-1,-12,-9,-9,-13,-1,1,25,-5,14,4,15,14,9,16,-1,11,-13,0,-17,-12,-12,-16,0,-11,12,1,16,12,10,15,-2,7,-12,-10,-27,-12,-3,-9,8,2,11,11,3,9,-8,-2,-12,-11,-5]"
CSI_DATA,114141,d8:b1:90:d9:de:f0,-59,11,-99,-34,60,56,1704874872,100,0,228,0,"[14,10,16,11,16,10,16,8,15,6,14,4,12,2,64,-4,8,0,6,0,5,0,4,-1,2,0,1,0,0,0,0,2,-2,2,-2,2,-4,4,-5,3,-7,4,41,4,-11,3,-13,2,-14,2,-16,0,-18,0,-20,0,0,0,-22,0,-23,-2,-24,0,-25,-1,-25,0,-25,1,64,9,-21,4,-18,6,-14,5,-11,6,-8,6,-3,6,0,6,2,4,5,2,8,2,10,0,12,-3,12,-6,66,0,14,-10,14,-11,13,-12,12,-12,10,-12,7,-10,6,-8,-4,-2,-4,0,-4,0,-4,4,-2,8,5,9,11,3,23,-6,2,-14,-10,-12,-16,0,-11,12,2,18,15,10,18,-5,8,-17,-7,-17,-18,-6,-16,8,-4,16,6,13,2,7,9,-3,4,-6,0,-5,0,-4,-2,-4,-6,-3,0,0,-8,5,-2,10,4,11,12,6,13,-2,10,-11,-24,-12,-10,-12,-17,-2,-14,10,-4,17,9,15,18,4,14,-10,1,-17,-12,-12,-17,0,-10,12,4,15,14,6,26,-16,0,-13,-11,-6,-10,6,1,11,11,3,9,-8,-1,-13]"
CSI_DATA,114142,d8:b1:90:d9:de:f0,-59,11,-99,-38,61,56,1704885114,100,0,228,0,"[-5,16,-6,18,-5,18,-5,18,-4,16,-2,14,-2,13,64,-4,0,8,0,7,0,6,0,4,0,2,0,1,0,0,-1,-1,-1,-2,-1,-4,-1,-5,0,-7,0,-8,41,4,2,-11,5,-12,6,-12,9,-13,11,-13,13,-14,0,0,16,-14,18,-14,20,-14,21,-14,21,-14,20,-14,30,0,17,-13,14,-12,12,-11,8,-10,5,-8,2,-7,0,-6,-4,-4,-6,-2,-8,0,-10,2,-12,3,-12,5,42,10,-14,9,-14,10,-14,10,-13,10,-12,9,-10,7,-8,6,0,-4,-1,-4,-2,-4,-4,-4,-8,-1,-8,6,-2,12,6,22,14,2,12,-9,2,-16,-11,-12,-18,0,-12,12,0,18,14,12,19,-1,12,-14,-2,-18,-12,-10,-14,0,-8,-1,-2,10,2,7,4,4,4,2,6,1,6,-1,0,0,2,-9,-4,-9,-10,-6,-13,2,-9,9,-2,14,27,0,14,6,16,-5,9,-14,-2,-17,-14,-11,-18,1,-11,13,2,18,13,10,16,-2,8,-14,-4,-15,-14,-6,-26,14,0,13,10,8,10,-4,0,-11,-10,-6,-12,5,-2,13]"
CSI_DATA,114143,d8:b1:90:d9:de:f0,-59,11,-99,-38,61,56,1704896290,100,0,228,0,"[12,13,12,14,13,14,12,13,12,12,11,10,10,8,64,-4,7,5,6,4,4,2,3,2,2,1,1,1,0,0,-1,0,-2,0,-4,0,-5,-2,-6,-4,-6,-4,41,4,-6,-8,-6,-10,-5,-13,-4,-15,-3,-16,-2,-18,0,0,0,-22,1,-24,2,-24,3,-25,3,-25,3,-24,36,0,2,-22,1,-19,0,-16,-2,-12,-3,-9,-4,-6,-5,-2,-6,0,-6,3,-6,6,-6,8,-6,10,-6,13,-60,10,-4,16,-4,17,-4,18,-3,16,-2,15,-2,12,-2,9,-4,-2,-3,0,-4,0,-6,1,-5,6,0,10,8,8,22,7,10,-10,0,-16,-12,-10,-16,2,-10,14,3,18,16,10,18,-4,10,-16,-4,-18,-15,-9,-16,3,-8,12,-6,6,6,7,7,2,6,0,4,-2,4,-3,3,-6,0,0,-6,-7,-10,-2,-10,4,-6,10,1,13,10,10,18,-20,14,-6,7,-14,-4,-16,-14,-10,-18,2,-11,14,1,18,13,11,17,-2,10,-14,-3,-16,-14,-8,-14,6,-10,29,8,10,13,-1,5,-11,-7,-9,-12,1,-6,12,6,12]"
CSI_DATA,114144,d8:b1:90:d9:de:f0,-59,11,-99,-38,61,56,1704907989,100,0,228,0,"[-17,0,-18,0,-19,0,-18,0,-17,0,-15,1,-13,1,64,-4,-9,1,-7,1,-6,0,-4,0,-2,0,-1,0,0,-1,0,-1,2,-1,4,-2,5,-1,6,0,8,0,41,4,10,4,11,6,11,8,11,11,11,13,10,16,0,0,9,20,8,22,8,23,6,24,6,24,5,24,51,0,4,21,5,18,4,15,5,12,6,9,6,5,5,2,6,0,5,-3,5,-6,4,-8,5,-11,4,-13,48,0,3,-16,3,-18,2,-17,2,-16,2,-14,2,-12,2,-9,5,-2,3,-2,2,-3,2,-5,-1,-8,-8,-6,-12,0,-20,10,0,14,11,10,16,0,11,-12,-1,-18,-14,-11,-18,2,-11,15,2,18,14,12,18,-1,11,-12,1,-14,2,-8,-9,-3,-7,2,-4,3,-3,4,-2,5,0,6,0,0,8,4,10,-2,8,-8,2,-13,-6,-12,-13,-6,-10,25,-11,11,-2,16,9,14,17,6,16,-6,7,-16,-6,-16,-16,-8,-16,5,-7,16,6,16,14,6,14,-8,6,-28,-9,-10,-12,2,-4,11,7,9,12,-2,5,-11,-6,-11]"
CSI_DATA,114145,d8:b1:90:d9:de:f0,-59,11,-99,-35,60,56,1704918862,100,0,228,0,"[-11,-13,-12,-14,-13,-14,-12,-14,-11,-13,-11,-11,-9,-9,66,-4,-7,-6,-6,-5,-4,-4,-3,-3,-2,-2,-1,-1,0,0,0,0,2,1,2,2,3,4,4,5,4,7,42,4,2,11,1,13,0,15,-2,16,-4,17,-6,18,0,0,-10,20,-13,20,-13,21,-15,21,-15,20,-15,20,18,10,-13,17,-11,15,-8,13,-6,12,-4,10,0,8,1,6,4,4,6,1,8,0,10,-1,12,-2,13,-4,-35,0,15,-7,16,-8,16,-8,15,-7,14,-6,12,-4,9,-3,4,2,4,0,4,0,6,-2,5,-6,0,-11,-7,-9,-22,-9,-11,10,0,15,11,12,17,0,13,-12,0,-18,-13,-13,-19,0,-13,13,0,19,13,13,17,1,13,-8,6,-3,-4,-9,-6,-4,-6,0,-4,0,-5,0,-5,4,0,0,1,8,7,7,11,2,11,-6,6,-12,-2,-15,-26,7,-16,-2,-14,8,-6,17,6,17,16,8,17,-4,10,-15,-3,-17,-14,-9,-17,4,-8,14,5,15,15,5,28,-13,1,-13,-10,-8,-11,4,-2,12,8,8,13,-3,5,-13]"
CSI_DATA,114146,d8:b1:90:d9:de:f0,-59,11,-99,-38,61,56,1704928965,100,0,228,0,"[-14,9,-15,10,-15,10,-14,10,-14,10,-12,10,-9,9,64,-4,-6,7,-5,6,-4,5,-2,4,-2,2,-1,2,0,0,0,0,1,-2,2,-2,3,-3,4,-4,6,-4,41,4,10,-4,12,-3,14,-2,16,0,17,0,18,2,0,0,21,4,22,6,22,8,22,8,23,8,22,8,72,0,20,6,18,4,16,3,13,0,10,-1,8,-2,5,-4,2,-6,0,-7,-2,-8,-4,-9,-8,-9,-10,-10,66,10,-14,-10,-14,-10,-15,-9,-14,-9,-12,-8,-10,-7,-8,-5,2,-4,1,-3,1,-4,0,-6,-5,-6,-10,-1,-9,7,-10,21,8,11,15,1,12,-10,0,-16,-12,-12,-18,0,-12,14,1,19,14,12,18,-2,12,-14,0,-16,-10,-10,-4,-4,-8,6,-2,6,0,5,1,4,2,4,4,4,0,0,8,-2,6,-8,0,-11,-7,-10,-13,-3,-13,6,14,21,3,15,13,10,17,0,13,-11,2,-17,-10,-14,-18,-2,-14,10,-2,16,10,13,16,0,10,-11,-2,-15,-24,-17,-12,6,-2,12,9,8,11,-4,2,-12,-9,-9,-13,2]"
CSI_DATA,114147,d8:b1:90:d9:de:f0,-59,11,-99,-38,61,56,1704938966,100,0,228,0,"[10,14,12,15,12,15,12,14,12,12,11,10,10,8,64,-4,8,5,6,4,5,3,4,2,2,1,1,1,0,0,-1,0,-2,0,-4,0,-5,-1,-6,-2,-7,-3,41,4,-8,-7,-8,-10,-8,-11,-8,-13,-8,-15,-7,-17,0,0,-6,-21,-5,-22,-4,-24,-4,-24,-4,-24,-4,-24,-45,10,-5,-20,-6,-18,-6,-14,-6,-11,-6,-7,-6,-4,-6,0,-5,2,-4,4,-3,8,-2,10,0,12,1,14,6,0,4,16,4,17,5,17,5,16,5,14,4,12,3,9,-4,-2,-4,0,-4,0,-5,2,-5,6,0,10,8,8,22,6,9,-10,-1,-15,-12,-9,-16,2,-9,15,4,17,16,8,18,-6,8,-17,-7,-17,-16,-6,-16,6,-6,13,-4,7,8,6,8,0,6,-2,4,-3,2,-4,1,-6,0,0,-8,-5,-10,0,-9,7,-3,13,5,12,13,7,10,-26,11,-12,0,-16,-10,-13,-17,-3,-15,9,-4,18,8,15,17,4,14,-9,2,-16,-10,-12,-15,0,-10,12,5,29,12,5,10,-6,-1,-11,-10,-4,-8,8,2,12,12,6]"
CSI_DATA,114148,d8:b1:90:d9:de:f0,-59,11,-99,-38,61,56,1704949662,100,0,228,0,"[0,-16,0,-18,0,-18,0,-18,0,-16,-1,-14,-2,-12,64,-4,-2,-8,-2,-7,-2,-6,-1,-4,0,-3,0,-2,0,-1,1,0,2,1,2,2,3,4,4,6,2,7,41,4,2,12,1,12,0,14,-1,16,-2,17,-4,18,0,0,-7,20,-8,22,-9,21,-10,22,-10,22,-10,22,48,10,-7,20,-6,18,-4,15,-1,12,0,10,2,6,3,4,4,1,5,-1,6,-4,6,-6,6,-8,6,-11,81,0,6,-15,5,-16,5,-16,4,-16,4,-14,4,-12,3,-9,1,5,2,4,3,3,6,2,8,-2,5,-8,-2,-11,-13,-18,-14,2,-8,12,4,15,14,7,16,-6,6,-16,-8,-17,-18,-6,-17,9,-5,18,8,16,16,5,13,-6,8,-2,-2,-10,-6,-5,-6,-1,-4,0,-4,2,-4,4,0,0,2,9,8,6,12,0,10,-8,3,-14,-6,-14,-23,14,-16,4,-10,14,1,18,13,12,18,0,12,-12,0,-17,-11,-12,-16,0,-11,12,1,15,12,8,14,-4,12,-25,-6,-10,-11,0,-5,9,6,8,10,-2,4,-10,-6,-10]"
CSI_DATA,114149,d8:b1:90:d9:de:f0,-59,11,-99,-37,61,56,1704963765,100,0,228,0,"[14,10,14,11,15,11,14,10,14,8,13,7,12,5,62,-4,9,2,7,1,5,1,4,0,3,0,1,0,0,0,0,0,-1,0,-3,0,-5,0,-6,-2,-7,-3,40,3,-8,-7,-9,-8,-9,-10,-9,-12,-8,-14,-7,-16,0,0,-7,-20,-6,-22,-5,-22,-5,-24,-4,-23,-5,-23,-74,9,-5,-20,-6,-18,-5,-14,-6,-11,-6,-7,-5,-4,-5,0,-5,1,-4,3,-3,7,-2,9,-1,11,0,13,1,0,1,16,2,18,3,17,3,16,2,14,2,12,1,9,-4,0,-3,0,-3,0,-4,2,-3,6,2,9,9,5,23,1,7,-11,-4,-14,-14,-7,-15,6,-6,16,8,16,17,5,16,-9,4,-18,-9,-16,-17,-4,-14,8,-4,14,-3,7,9,4,7,0,4,-2,2,-2,2,-3,1,-5,0,0,-7,-5,-9,0,-8,6,-3,12,5,11,12,7,9,-24,10,-11,1,-16,-9,-12,-16,-3,-15,8,-5,16,7,14,16,5,14,-7,3,-16,-9,-12,-15,-1,-11,11,1,29,11,6,11,-5,0,-11,-9,-5,-9,6,0,12,10,7]"
CSI_DATA,114150,d8:b1:90:d9:de:f0,-59,11,-99,-35,60,56,1704974645,100,0,228,0,"[-14,-11,-15,-11,-15,-11,-16,-10,-15,-9,-14,-7,-12,-6,66,-4,-10,-3,-8,-2,-6,-1,-4,-1,-3,0,-2,0,0,0,0,0,2,0,3,0,4,1,6,2,7,3,42,4,8,6,9,8,8,11,8,13,8,15,8,17,0,0,6,21,6,22,5,24,5,25,4,26,4,24,68,0,4,21,4,18,6,15,6,12,6,8,6,5,6,2,6,-1,5,-4,4,-6,4,-9,2,-11,2,-14,3,0,0,-17,-2,-17,-2,-18,-2,-17,-2,-15,-2,-13,-1,-10,4,0,4,0,4,0,5,-2,3,-6,-2,-9,-10,-6,-24,-2,-7,12,4,15,15,6,16,-6,6,-17,-8,-17,-18,-5,-17,9,-4,19,9,17,18,4,15,-8,5,-15,4,-6,-9,-4,-8,0,-4,3,-3,3,-2,4,-1,6,0,0,6,5,11,0,9,-7,4,-12,-5,-13,-13,-7,-11,26,-12,12,-1,17,10,14,17,4,15,-8,5,-17,-8,-16,-16,-5,-15,8,-4,16,8,14,16,2,11,-10,0,-30,-11,-6,-11,5,-1,12,10,6,11,-5,0,-13,-10,-8]"
CSI_DATA,114151,d8:b1:90:d9:de:f0,-59,11,-99,-35,60,56,1704984755,100,0,228,0,"[-18,3,-19,2,-20,2,-19,2,-17,2,-15,2,-13,2,66,-4,-10,2,-8,1,-6,1,-4,0,-3,0,-2,0,0,0,2,0,3,-2,4,-1,6,0,7,0,8,1,42,4,10,6,10,8,9,11,8,13,7,16,6,18,0,0,1,23,0,23,-2,24,-4,25,-5,25,-6,24,75,10,-6,22,-5,19,-4,16,-2,13,0,10,1,6,2,5,4,2,6,0,7,-1,9,-4,10,-6,12,-8,-41,0,14,-11,14,-11,14,-12,14,-11,13,-9,11,-7,8,-5,4,-3,2,-3,2,-2,2,-5,-1,-7,-7,-6,-12,0,-22,11,0,15,11,11,16,0,12,-12,0,-18,-13,-13,-19,0,-14,14,0,20,13,15,19,2,15,-9,4,-15,4,-8,-8,-6,-8,0,-6,2,-4,2,-4,4,-2,6,0,0,6,7,11,2,11,-5,7,-11,0,-15,-9,-11,-22,19,-15,5,-9,13,1,17,12,13,18,2,15,-9,4,-17,-8,-16,-17,-6,-15,6,-5,16,8,15,15,4,24,-18,0,-13,-10,-7,-11,4,-1,11,9,7,12,-4,3,-13]"
CSI_DATA,114152,d8:b1:90:d9:de:f0,-59,11,-99,-37,61,56,1704997112,100,0,228,0,"[16,4,18,5,19,4,18,4,17,3,14,2,13,1,62,-4,9,0,8,0,6,0,4,0,3,0,1,0,0,0,-1,0,-2,0,-3,0,-5,0,-6,-1,-7,-1,40,3,-8,-5,-8,-8,-8,-10,-7,-12,-7,-14,-6,-16,0,0,-3,-20,-3,-22,-2,-23,-1,-24,-1,-24,0,-24,5,0,-1,-21,-1,-18,-2,-16,-4,-12,-5,-9,-5,-6,-5,-3,-6,0,-6,3,-7,5,-6,7,-6,10,-6,12,-73,9,-5,16,-5,17,-3,17,-3,16,-3,14,-3,12,-2,9,-4,1,-2,1,-2,0,-3,3,-1,7,3,8,11,3,23,-4,5,-12,-7,-13,-14,-4,-14,8,-3,17,10,14,18,2,14,-11,2,-19,-11,-14,-18,-2,-12,9,-3,14,-3,6,9,3,6,0,4,-2,2,-2,2,-3,1,-5,0,0,-6,-5,-10,0,-9,5,-4,11,3,12,11,8,13,-22,12,-8,4,-14,-5,-14,-14,-7,-16,3,-9,14,2,16,13,10,16,-2,9,-14,-3,-16,-14,-7,-14,5,-10,29,8,11,12,0,5,-11,-6,-10,-12,0,-7,11,5,12]"
CSI_DATA,114153,d8:b1:90:d9:de:f0,-59,11,-99,-38,61,56,1705011177,100,0,228,0,"[-14,-10,-14,-12,-15,-12,-14,-11,-14,-10,-12,-9,-11,-7,64,-4,-8,-4,-6,-3,-5,-2,-4,-2,-2,-2,-1,0,0,0,1,0,2,0,4,2,4,3,5,4,5,6,41,4,4,10,3,12,2,14,0,16,-2,16,-4,18,0,0,-8,19,-10,20,-12,20,-14,20,-15,20,-15,19,0,10,-14,16,-11,15,-9,13,-6,12,-4,10,0,7,1,6,3,4,6,2,8,0,10,0,12,-2,13,-4,-26,0,15,-6,16,-8,16,-7,15,-7,13,-6,12,-4,9,-3,4,1,4,0,3,0,5,-2,4,-6,0,-10,-8,-8,-23,-5,-10,10,1,15,12,10,17,-1,11,-14,-2,-18,-15,-11,-19,2,-12,15,1,19,13,12,17,0,11,-10,6,-4,-4,-8,-6,-4,-5,0,-4,0,-4,1,-5,4,0,0,2,8,8,6,12,1,10,-6,6,-12,-2,-14,-26,8,-16,-1,-14,8,-5,16,6,16,15,8,17,-4,10,-14,-2,-17,-13,-10,-16,2,-9,14,4,15,14,7,28,-11,3,-13,-8,-9,-12,2,-3,10,8,8,12,-2,6,-11]"
CSI_DATA,114154,d8:b1:90:d9:de:f0,-59,11,-99,-36,61,56,1705022332,100,0,228,0,"[-16,-4,-17,-5,-18,-5,-17,-5,-16,-3,-15,-3,-13,-2,60,-4,-9,0,-7,0,-6,0,-4,0,-3,0,-1,0,0,0,0,0,2,1,3,1,4,2,5,3,5,4,39,3,5,8,4,10,3,11,1,13,0,15,-1,17,0,0,-5,19,-6,20,-8,21,-10,21,-10,21,-10,20,46,9,-9,18,-8,17,-5,15,-3,13,-1,10,1,8,3,6,5,4,7,2,8,0,10,-1,11,-3,13,-4,-23,0,15,-7,15,-8,15,-8,14,-8,13,-6,11,-5,8,-4,3,-1,2,-1,2,0,4,-2,2,-6,-3,-8,-9,-5,-23,1,-6,12,4,13,14,6,15,-5,6,-16,-6,-16,-17,-6,-17,8,-6,17,7,16,16,6,15,-5,6,-12,3,-5,-6,-6,-6,0,-4,1,-3,1,-3,1,-3,3,0,0,2,7,8,5,10,0,8,-6,3,-11,-4,-11,-20,12,-13,0,-11,9,-3,15,6,14,15,6,15,-5,8,-14,-4,-16,-14,-8,-15,5,-7,14,5,14,15,5,27,-13,1,-14,-10,-8,-12,3,-3,12,8,9,13,-1,6,-11]"
CSI_DATA,114155,d8:b1:90:d9:de:f0,-58,11,-99,-36,60,56,1705039682,100,0,114,0,"[-9,13,-9,14,-9,14,-10,14,-10,15,-9,15,-9,14,-9,14,-7,14,-7,14,-6,14,-5,14,-4,15,-4,15,-4,16,-2,17,-2,19,-3,20,-2,21,-2,21,-1,22,0,24,0,23,0,23,0,22,0,22,0,21,0,22,0,0,0,21,1,22,1,22,1,22,2,22,2,23,2,22,3,22,3,21,4,21,4,21,5,19,5,19,5,17,5,17,6,17,6,17,6,17,7,18,7,18,7,18,7,19,7,19,8,21,7,20,7,20,6,19,4,18]"
CSI_DATA,114156,d8:b1:90:d9:de:f0,-59,11,-99,-39,61,56,1705051891,100,0,228,0,"[15,8,17,9,17,9,15,9,15,8,13,7,12,6,66,-4,8,3,7,2,6,2,4,1,2,1,2,0,0,0,0,0,-2,0,-3,-1,-4,-2,-4,-4,-5,-6,42,4,-4,-10,-4,-12,-2,-14,0,-16,0,-17,3,-19,0,0,7,-20,9,-21,11,-22,13,-22,13,-21,13,-21,-13,0,12,-18,9,-16,8,-14,5,-12,2,-10,0,-8,-2,-6,-4,-4,-6,-2,-8,0,-10,1,-11,2,-13,4,22,10,-15,7,-16,7,-16,7,-15,7,-14,6,-12,4,-9,3,-4,0,-4,0,-4,0,-5,3,-4,7,2,10,10,6,24,2,8,-12,-2,-15,-13,-8,-17,4,-9,15,4,18,17,9,19,-5,10,-17,-4,-19,-15,-10,-17,2,-10,11,-5,5,6,8,7,2,5,0,4,0,4,-1,4,-4,0,0,-2,-8,-8,-6,-11,0,-11,6,-5,13,4,14,26,-10,15,0,13,-10,4,-17,-7,-16,-16,-7,-17,5,-8,15,4,17,15,8,17,-4,8,-15,-4,-15,-15,-6,-28,13,-2,13,9,8,12,-2,3,-11,-8,-8,-13,2,-6,11]"
CSI_DATA,114157,d8:b1:90:d9:de:f0,-59,11,-99,-37,61,56,1705062222,100,0,228,0,"[16,-6,17,-6,17,-6,16,-7,15,-6,13,-6,11,-5,62,-4,7,-5,5,-4,4,-3,3,-2,2,-1,1,0,0,0,0,0,-1,1,-3,1,-4,2,-6,2,-7,1,40,3,-10,0,-11,-1,-12,-3,-13,-5,-14,-7,-14,-10,0,0,-14,-14,-14,-16,-14,-18,-14,-19,-14,-20,-12,-20,0,9,-12,-17,-11,-14,-11,-12,-9,-8,-9,-5,-7,-2,-6,0,-5,3,-3,5,-2,7,-1,10,0,11,0,14,25,0,3,16,3,17,4,17,3,16,3,14,2,12,1,9,-3,3,-1,3,-1,3,-1,5,3,7,9,4,11,-3,15,-17,-4,-13,-13,-6,-14,5,-5,15,7,16,16,5,16,-8,5,-18,-9,-16,-17,-5,-16,7,-5,14,5,13,0,7,9,-1,5,-4,1,-4,0,-3,0,-4,-1,-5,0,0,-8,0,-9,4,-4,10,1,12,9,9,14,1,0,-25,5,-14,-3,-14,-13,-9,-16,0,-12,12,0,16,11,12,16,1,12,-11,0,-16,-11,-11,-15,0,-9,12,5,29,12,5,10,-6,0,-11,-10,-5,-10,6,0,12,10,7]"
CSI_DATA,114158,d8:b1:90:d9:de:f0,-59,11,-99,-35,60,56,1705073703,100,0,228,0,"[-14,-11,-15,-13,-15,-13,-15,-12,-14,-11,-12,-9,-11,-8,66,-4,-8,-5,-7,-4,-5,-3,-4,-2,-2,-2,-1,-1,0,0,0,1,2,1,3,2,4,3,4,5,4,6,42,4,2,11,0,13,0,15,-2,15,-4,17,-7,17,0,0,-12,18,-15,18,-15,18,-18,18,-19,17,-19,17,-40,9,-17,14,-15,13,-11,12,-8,11,-5,9,-2,8,0,6,3,6,6,4,8,3,10,2,13,0,14,0,-19,0,17,-2,18,-2,18,-3,18,-2,15,-2,13,-1,10,0,4,1,3,0,4,0,5,-2,5,-6,0,-10,-8,-8,-24,-6,-11,10,0,15,11,12,17,0,12,-13,0,-19,-14,-13,-20,1,-14,14,0,19,13,13,17,1,12,-8,6,-3,-3,-9,-6,-4,-4,0,-4,0,-4,0,-5,4,0,0,0,8,6,8,11,3,12,-3,8,-11,0,-15,-27,3,-15,-4,-15,6,-8,15,2,17,13,12,18,0,13,-12,1,-18,-11,-13,-17,0,-12,12,0,16,12,11,31,-3,6,-13,-6,-11,-13,0,-6,11,6,11,13,2,10,-10]"
CSI_DATA,114159,d8:b1:90:d9:de:f0,-59,11,-99,-36,60,56,1705085650,100,0,228,0,"[15,-10,16,-10,16,-9,16,-9,16,-9,13,-7,12,-7,67,-4,8,-5,7,-4,4,-4,3,-2,3,-1,1,0,0,0,-1,0,-2,1,-4,0,-4,1,-7,0,-7,-1,43,4,-9,-4,-9,-7,-9,-10,-8,-13,-7,-16,-5,-17,0,0,-2,-21,0,-23,1,-24,3,-25,4,-25,4,-24,-82,0,5,-21,4,-19,4,-17,2,-13,0,-10,-1,-7,-2,-6,-4,-3,-7,-2,-8,0,-9,2,-12,3,-13,4,26,10,-16,7,-16,8,-17,7,-17,6,-14,5,-12,4,-9,2,-2,4,0,3,0,3,0,6,4,7,9,3,12,-4,15,-17,-4,-14,-14,-7,-16,4,-7,15,4,17,16,9,19,-4,10,-16,-4,-19,-16,-12,-17,2,-12,13,0,14,-1,7,9,3,7,-2,4,-3,3,-2,2,-4,2,-5,0,0,-6,-6,-10,-3,-10,4,-7,9,0,14,8,12,19,-18,15,-4,10,-14,0,-19,-11,-13,-16,-4,-16,7,-6,16,6,17,15,7,16,-5,7,-15,-5,-15,-14,-6,-29,12,-2,14,9,9,12,-2,4,-12,-7,-9,-14,0,-7,11]"
CSI_DATA,114160,d8:b1:90:d9:de:f0,-59,11,-99,-35,60,56,1705098806,100,0,228,0,"[-13,13,-13,15,-13,15,-11,14,-11,14,-8,13,-7,11,66,-4,-4,8,-2,6,-2,5,-2,4,-2,2,-1,1,-1,0,-1,-2,0,-2,0,-4,0,-6,1,-7,2,-8,42,4,5,-10,8,-11,10,-11,12,-10,14,-10,16,-9,0,0,20,-8,22,-8,23,-8,25,-8,24,-7,24,-7,75,0,21,-7,17,-7,15,-7,11,-7,8,-6,4,-6,0,-5,-2,-4,-5,-3,-7,-2,-9,0,-12,0,-13,2,29,10,-16,6,-17,6,-17,7,-15,7,-13,6,-12,5,-9,4,1,-5,0,-4,0,-4,-2,-5,-7,-4,-10,2,-7,9,-2,23,13,8,15,-4,8,-15,-6,-17,-17,-6,-17,8,-5,19,10,17,19,4,17,-9,5,-17,-8,-15,-14,-4,-8,-5,-5,9,0,8,2,6,4,4,5,2,7,0,0,0,4,-8,-2,-11,-9,-8,-13,0,-11,8,-4,14,27,6,13,8,17,-1,13,-13,1,-17,-11,-14,-17,-2,-14,10,-2,17,10,13,17,2,12,-11,0,-16,-12,-9,-30,8,-4,12,7,9,11,-2,3,-10,-8,-8,-12,2,-4,12]"
CSI_DATA,114161,d8:b1:90:d9:de:f0,-59,11,-99,-35,60,56,1705111275,100,0,228,0,"[18,-3,19,-2,19,-2,18,-2,17,-2,15,-2,13,-2,66,-4,9,-2,7,-2,6,-2,4,-1,3,-1,2,0,0,0,0,0,-2,1,-3,0,-4,0,-6,0,-8,0,42,4,-10,-4,-11,-6,-11,-8,-11,-11,-11,-13,-11,-15,0,0,-8,-20,-8,-22,-7,-23,-6,-25,-5,-25,-5,-24,-32,10,-4,-22,-4,-19,-4,-17,-4,-13,-5,-9,-6,-6,-6,-2,-6,0,-6,3,-6,6,-6,8,-5,11,-5,13,-75,10,-4,17,-4,18,-4,17,-4,16,-4,15,-4,13,-3,9,-4,2,-2,3,-2,3,-2,6,2,8,8,6,12,-1,20,-13,-1,-14,-12,-9,-16,2,-10,14,2,18,15,11,19,-4,11,-16,-3,-19,-15,-11,-18,2,-11,13,0,15,-1,7,10,2,7,-3,4,-4,2,-4,2,-4,0,-6,0,0,-7,-4,-10,1,-8,7,-2,12,6,12,13,7,10,-25,11,-11,2,-17,-8,-15,-16,-6,-16,6,-8,16,4,17,15,8,16,-4,8,-15,-4,-15,-15,-6,-14,6,-9,29,8,11,13,0,4,-11,-6,-10,-12,0,-6,11,4,12]"
CSI_DATA,114162,d8:b1:90:d9:de:f0,-59,11,-99,-35,60,56,1705122208,100,0,228,0,"[18,-2,19,-2,19,-2,19,-2,17,-2,15,-2,13,-2,66,-4,9,-2,7,-2,6,-1,4,0,2,0,1,0,0,0,0,1,-2,2,-4,2,-5,2,-7,1,-8,0,42,4,-11,-4,-11,-6,-12,-8,-11,-11,-11,-13,-10,-16,0,0,-8,-21,-7,-23,-6,-24,-4,-25,-3,-25,-2,-25,2,0,-1,-22,-2,-19,-2,-16,-3,-13,-3,-10,-4,-6,-4,-2,-5,0,-5,2,-5,5,-6,8,-6,10,-6,12,-80,10,-6,16,-6,17,-6,17,-6,16,-5,14,-4,12,-4,9,-4,3,-2,3,-2,4,-2,6,2,8,8,6,12,-1,20,-13,0,-15,-12,-10,-16,1,-10,13,2,18,15,11,19,-2,12,-16,-2,-19,-15,-13,-18,1,-12,12,-1,15,-3,9,10,3,7,-1,5,-3,3,-4,2,-5,0,-7,0,0,-8,-4,-11,1,-8,8,-2,13,6,13,13,7,13,-25,12,-11,3,-16,-8,-15,-16,-6,-17,5,-8,15,3,17,14,10,17,-2,9,-13,-2,-17,-13,-8,-15,4,-12,28,6,11,12,1,6,-9,-5,-9,-11,0,-6,11,4,12]"
CSI_DATA,114163,d8:b1:90:d9:de:f0,-59,11,-99,-36,60,56,1705132491,100,0,228,0,"[-15,11,-16,12,-16,12,-15,12,-14,11,-12,10,-10,9,67,-4,-7,7,-4,5,-4,4,-2,3,-2,2,-1,0,0,0,0,-1,1,-3,2,-4,3,-4,4,-5,7,-5,43,4,10,-4,12,-2,14,-1,16,0,17,2,19,4,0,0,20,9,21,12,21,13,21,14,21,15,21,15,28,0,18,13,16,12,14,9,12,5,10,3,8,0,6,-2,3,-4,1,-6,0,-7,-2,-9,-4,-11,-7,-12,-67,10,-10,-14,-12,-14,-12,-14,-11,-14,-9,-12,-8,-10,-6,-8,2,-4,0,-4,0,-4,-1,-6,-5,-6,-10,-1,-10,7,-10,21,9,12,16,2,13,-10,1,-17,-12,-14,-19,0,-14,14,0,20,14,14,20,0,14,-12,2,-16,-8,-12,-3,-9,-9,3,-4,6,-2,5,0,5,2,6,4,5,0,0,9,-2,7,-9,0,-12,-7,-11,-13,-4,-14,4,10,26,0,16,10,13,16,4,16,-7,7,-16,-5,-17,-16,-9,-16,4,-8,15,4,16,15,7,15,-5,4,-14,-16,-26,-14,0,-7,9,4,11,11,1,7,-9,-4,-12,-13,-2]"
CSI_DATA,114164,d8:b1:90:d9:de:f0,-59,11,-99,-35,60,56,1705143934,100,0,228,0,"[2,18,2,19,2,19,2,19,2,17,2,15,2,13,66,-4,2,9,2,7,2,6,2,4,0,2,0,2,0,0,0,0,0,-2,0,-3,0,-5,0,-6,1,-8,42,4,4,-9,6,-11,9,-10,12,-10,14,-9,17,-8,0,0,22,-6,23,-5,24,-4,26,-3,26,-2,25,-2,-79,0,22,-1,19,-2,17,-2,14,-3,11,-4,6,-5,4,-6,0,-6,-2,-7,-4,-7,-7,-7,-10,-8,-12,-8,44,10,-15,-8,-17,-8,-17,-7,-16,-7,-14,-6,-11,-6,-9,-4,-3,-3,-2,-2,-2,-2,-4,-2,-8,0,-6,7,0,12,13,21,15,0,11,-11,0,-17,-13,-11,-18,1,-12,15,2,19,16,12,20,-2,13,-15,-1,-19,-13,-11,-15,0,-7,-1,-2,10,2,7,3,4,3,3,4,2,6,0,0,0,5,-8,0,-10,-6,-9,-12,-4,-13,4,-8,12,24,13,8,13,15,4,15,-6,8,-15,-3,-17,-14,-11,-17,2,-11,13,1,17,13,11,17,-2,9,-13,-4,-15,-28,-14,-12,6,-1,13,10,7,11,-4,1,-13,-10,-8,-13,2]"
CSI_DATA,114165,d8:b1:90:d9:de:f0,-59,11,-99,-35,60,56,1705155407,100,0,228,0,"[-16,8,-17,8,-17,8,-17,8,-15,7,-14,7,-12,6,66,-4,-8,4,-6,4,-5,3,-4,2,-2,2,-1,0,0,0,0,-1,2,-1,3,-2,5,-2,6,-1,8,0,42,4,11,3,11,5,11,8,11,10,10,13,9,16,0,0,7,20,5,22,4,24,2,25,1,25,0,25,19,0,0,22,0,19,1,16,2,13,3,11,4,7,5,4,6,1,6,-1,8,-4,8,-6,8,-8,9,-11,-77,0,11,-14,11,-15,11,-15,10,-13,9,-11,8,-9,7,-6,2,-4,1,-3,1,-3,0,-5,-2,-6,-9,-4,-11,3,-17,17,4,13,13,7,15,-4,8,-15,-5,-17,-17,-8,-18,6,-8,17,5,19,16,10,18,-4,10,-13,0,-15,1,-8,-9,-2,-6,2,-4,3,-3,4,-2,4,0,6,0,0,8,4,11,0,9,-7,3,-13,-4,-12,-11,-8,-14,24,-12,8,-5,15,4,15,13,10,17,-1,12,-13,0,-17,-11,-13,-17,-1,-13,11,-1,16,11,11,15,0,19,-24,-4,-13,-12,-4,-9,7,1,12,11,4,11,-6,1,-13]"
CSI_DATA,114166,d8:b1:90:d9:de:f0,-58,11,-99,-35,60,56,1705166462,100,0,228,0,"[-3,18,-4,19,-4,19,-4,19,-4,17,-3,15,-2,14,66,-4,-1,10,-1,8,0,6,0,4,0,3,0,2,0,0,0,0,0,-2,1,-3,2,-4,4,-5,5,-6,42,4,10,-5,12,-4,14,-2,15,0,17,2,18,5,0,0,20,9,20,13,20,14,20,16,19,17,19,17,14,0,15,16,14,14,13,11,11,8,10,5,8,2,6,0,6,-3,4,-5,3,-8,2,-10,2,-12,0,-15,14,0,0,-17,0,-19,0,-19,0,-17,0,-15,1,-13,1,-10,-2,-4,-2,-2,-1,-3,-3,-4,-8,-2,-9,4,-4,11,3,24,14,6,15,-6,6,-15,-6,-16,-17,-7,-17,7,-7,18,7,18,18,8,19,-6,9,-16,-3,-17,-11,-9,-4,-5,-8,6,-2,6,0,5,1,4,2,4,4,5,0,0,8,-2,7,-7,1,-11,-5,-11,-11,-6,-14,2,5,27,-4,15,6,15,15,8,17,-2,12,-13,0,-17,-11,-13,-17,-2,-13,11,-2,17,11,13,16,1,11,-11,-1,-32,-11,-7,-13,4,-2,12,8,8,12,-3,4,-13,-7,-11]"
CSI_DATA,114167,d8:b1:90:d9:de:f0,-59,9,-99,-37,60,56,1705178080,98,0,106,0,"[-38,10,42,0,-17,10,24,0,26,10,2,0,75,10,-13,10,-71,10,-12,10,-37,10,-9,10,-4,10,0,10,24,0,8,0,63,0,5,0,91,0,-10,10,-71,0,-47,10,-53,0,88,10,-49,0,37,10,0,0,0,0,-69,0,-56,10,-74,0,-88,10,-79,0,-80,10,-80,0,-48,10,-80,0,16,10,-92,0,-84,10,76,0,-5,10,57,0,61,0,28,0,-72,0,2,0,-19,0,-27,10,16,0,-45,10,21,0,-37,10]"
CSI_DATA,114168,d8:b1:90:d9:de:f0,-58,11,-99,-36,60,56,1705189319,100,0,228,0,"[-14,-12,-14,-13,-15,-13,-14,-12,-13,-12,-12,-9,-11,-8,67,-4,-8,-4,-7,-3,-5,-2,-3,-2,-2,-1,-1,0,0,0,1,0,3,0,3,2,4,2,6,4,6,5,43,4,6,9,4,12,4,14,2,16,1,18,-1,20,0,0,-4,23,-7,23,-8,25,-9,24,-10,25,-10,24,69,10,-9,21,-7,19,-4,16,-2,14,0,10,1,7,3,5,4,2,7,0,7,-2,9,-4,9,-7,11,-9,-65,0,12,-14,12,-14,12,-14,12,-14,10,-12,9,-9,7,-7,4,1,4,0,4,0,6,-2,4,-6,0,-10,-9,-9,-24,-6,-10,11,1,16,13,11,17,-2,11,-15,-3,-19,-16,-11,-20,3,-12,16,4,19,16,11,17,-1,10,-12,7,-5,-6,-9,-7,-3,-6,0,-4,1,-4,2,-4,5,0,0,4,8,9,5,12,-2,9,-9,2,-14,-7,-13,-24,16,-16,2,-11,12,0,18,11,14,18,3,16,-9,4,-18,-8,-15,-17,-4,-15,8,-3,16,10,13,16,1,22,-23,-2,-14,-11,-4,-9,7,2,12,12,4,10,-7,0,-13]"
CSI_DATA,114169,d8:b1:90:d9:de:f0,-59,11,-99,-37,61,56,1705199657,100,0,228,0,"[7,-15,7,-16,7,-16,6,-16,6,-15,4,-13,3,-12,62,-4,1,-9,0,-7,0,-5,0,-4,0,-3,0,-1,0,0,0,0,0,1,0,3,0,4,-1,6,-2,7,40,3,-5,9,-7,9,-10,9,-12,9,-14,8,-16,7,0,0,-19,6,-21,5,-22,5,-24,5,-24,4,-24,4,79,9,-20,4,-18,5,-15,5,-11,5,-9,6,-5,5,-1,6,1,5,3,5,6,4,8,3,11,3,12,2,-25,0,16,1,17,0,17,0,16,0,14,0,12,0,9,0,0,4,1,3,1,3,3,4,7,2,9,-3,5,-10,-2,-22,-13,-5,-13,6,-4,14,8,14,17,3,14,-9,3,-18,-11,-15,-18,-3,-14,11,-2,17,9,13,14,3,7,2,3,-9,-1,-7,-3,-4,-3,-3,-3,-2,-6,0,0,0,-4,6,0,9,6,8,11,3,12,-4,7,-12,-24,-9,-10,-11,-15,-1,-14,9,-5,16,7,14,15,6,15,-6,6,-15,-6,-15,-15,-5,-13,7,-3,14,9,11,29,1,8,-10,-4,-11,-11,-1,-6,9,4,11,12,2,9,-9]"
CSI_DATA,114170,d8:b1:90:d9:de:f0,-59,11,-99,-35,60,56,1705215347,100,0,228,0,"[-17,1,-19,1,-19,2,-19,2,-17,3,-15,4,-12,4,66,-4,-8,3,-6,3,-4,3,-3,2,-2,2,-1,1,0,0,0,-1,2,-2,2,-3,4,-3,5,-4,7,-3,42,4,11,-2,13,0,13,0,15,2,16,4,17,6,0,0,20,9,20,11,22,13,21,13,22,13,22,13,-38,0,19,10,18,8,15,5,13,3,11,0,8,-1,5,-4,2,-5,0,-6,-3,-8,-6,-8,-8,-8,-11,-9,-20,9,-15,-8,-15,-8,-16,-8,-15,-7,-15,-6,-11,-4,-8,-3,4,-2,2,-2,2,-2,2,-4,-1,-7,-8,-6,-11,1,-19,15,2,14,13,8,15,-4,7,-15,-6,-17,-17,-6,-17,8,-6,19,10,17,18,4,16,-10,4,-15,-6,-13,-2,-7,-9,2,-4,6,-2,5,0,4,1,5,4,5,0,0,8,-2,6,-8,0,-11,-7,-9,-13,-4,-13,4,13,24,1,15,11,11,16,2,14,-9,4,-17,-8,-15,-17,-5,-15,8,-3,17,9,14,17,2,12,-11,0,-15,-26,-17,-13,4,-2,13,9,8,10,-3,1,-12,-10,-8,-13,4]"
CSI_DATA,114171,d8:b1:90:d9:de:f0,-56,11,-99,-30,59,56,1705228828,100,0,228,0,"[-8,-16,-10,-17,-10,-17,-10,-16,-10,-14,-10,-12,-9,-10,64,-4,-7,-5,-6,-4,-4,-3,-4,-2,-2,-2,-1,-1,0,0,1,0,2,0,4,1,5,2,6,3,6,4,41,4,6,9,6,11,6,12,5,14,4,16,2,18,0,0,0,22,0,23,0,24,-1,25,-2,26,-2,25,-27,0,0,22,1,20,2,16,4,13,4,10,5,6,6,2,6,0,6,-4,5,-6,5,-9,4,-12,3,-14,25,10,1,-17,0,-18,0,-18,-1,-17,-1,-15,0,-12,0,-10,4,2,3,0,3,1,5,0,6,-4,2,-10,-6,-10,-22,-10,-12,9,-1,16,11,12,16,0,12,-13,-2,-18,-16,-12,-20,3,-11,16,4,18,16,10,16,-3,9,-12,6,-6,-6,-7,-7,-2,-6,0,-4,2,-4,3,-2,6,0,0,6,7,10,2,10,-4,6,-11,-2,-13,-10,-9,-16,23,-12,8,-5,15,6,15,15,8,17,-4,10,-15,-4,-17,-15,-9,-16,4,-8,15,6,16,15,4,13,-8,3,-31,-10,-9,-12,4,-2,12,9,7,11,-4,2,-12,-9,-10]"
CSI_DATA,114172,d8:b1:90:d9:de:f0,-59,11,-99,-36,60,56,1705241401,100,0,228,0,"[17,5,19,6,19,6,19,6,17,4,15,4,13,2,67,-4,9,1,7,0,6,0,4,0,3,0,2,0,0,0,-1,0,-2,0,-3,0,-5,-1,-5,-2,-6,-4,43,4,-7,-9,-6,-11,-5,-13,-4,-15,-2,-17,-1,-19,0,0,2,-22,4,-23,6,-24,7,-24,8,-24,9,-24,-63,0,7,-21,6,-19,4,-16,2,-13,0,-11,-1,-7,-3,-5,-5,-3,-7,0,-9,1,-10,3,-11,5,-12,7,40,10,-14,11,-14,12,-14,12,-14,12,-12,10,-9,7,-8,6,-4,0,-2,1,-3,1,-4,4,-2,7,4,9,11,4,24,-2,5,-14,-6,-14,-15,-5,-16,7,-6,17,8,17,18,6,17,-9,6,-19,-9,-17,-18,-6,-16,6,-7,14,-4,6,7,7,7,1,4,0,3,-1,3,-2,3,-4,0,0,-4,-8,-9,-4,-12,2,-9,9,-2,13,7,12,22,-16,15,-2,11,-12,1,-16,-10,-14,-17,-4,-16,9,-5,17,7,16,16,6,16,-7,4,-16,-8,-14,-16,-2,-24,19,1,14,12,7,12,-5,0,-12,-11,-7,-12,5,-2,14]"
CSI_DATA,114173,d8:b1:90:d9:de:f0,-59,11,-99,-35,60,56,1705251739,100,0,228,0,"[12,13,13,15,13,15,12,14,11,13,11,11,9,9,66,-4,7,6,6,4,4,4,3,3,2,2,0,2,0,0,-2,0,-2,0,-4,-1,-5,-3,-5,-4,-6,-6,42,4,-4,-11,-3,-13,-2,-14,0,-16,2,-17,4,-19,0,0,8,-21,11,-21,12,-22,14,-22,15,-22,15,-21,16,0,13,-18,11,-16,8,-14,6,-12,3,-9,0,-8,-2,-5,-4,-3,-6,0,-8,1,-9,3,-11,4,-12,7,33,10,-14,10,-14,11,-15,11,-13,10,-13,9,-11,6,-8,5,-4,-2,-4,0,-4,0,-6,2,-5,6,0,11,7,9,22,9,11,-10,0,-16,-11,-12,-17,0,-13,13,0,19,14,13,20,0,13,-15,0,-19,-13,-13,-17,-1,-13,9,-8,4,4,10,6,5,6,2,6,0,6,-2,5,-5,0,0,-3,-9,-8,-6,-12,0,-11,8,-4,13,4,14,27,-11,16,0,13,-10,4,-17,-6,-16,-16,-7,-17,6,-8,16,4,17,15,8,16,-4,7,-15,-6,-15,-15,-4,-26,16,-1,13,9,7,10,-4,1,-11,-9,-6,-11,4,-3,13]"
CSI_DATA,114174,d8:b1:90:d9:de:f0,-59,11,-99,-35,60,56,1705261929,100,0,228,0,"[17,6,17,6,18,6,17,6,16,6,15,4,13,3,66,-4,9,1,7,0,6,0,4,0,3,0,2,0,0,0,-1,1,-2,1,-4,0,-5,0,-7,0,-8,-1,42,4,-10,-4,-11,-6,-11,-9,-11,-11,-11,-14,-11,-16,0,0,-10,-20,-8,-22,-8,-24,-7,-24,-6,-25,-6,-24,-50,10,-6,-22,-6,-18,-6,-15,-6,-12,-5,-8,-5,-4,-5,-2,-4,2,-4,4,-2,6,-2,9,-1,11,0,13,-14,10,1,17,2,17,2,18,2,17,2,15,1,13,0,10,-4,0,-4,1,-4,2,-4,4,-1,8,5,8,12,3,23,-4,3,-14,-8,-13,-16,-3,-13,10,-2,17,12,15,19,1,15,-13,2,-19,-12,-15,-18,-2,-13,10,-3,15,-4,9,9,4,8,0,5,-3,4,-4,2,-5,0,-7,0,0,-8,-4,-11,2,-8,8,-2,13,7,13,14,6,9,-27,10,-13,0,-17,-11,-14,-17,-3,-15,9,-4,17,8,16,17,4,15,-8,4,-16,-8,-14,-15,-2,-11,10,2,29,11,7,11,-4,1,-10,-8,-6,-9,5,0,12,9,7]"
CSI_DATA,114175,d8:b1:90:d9:de:f0,-58,11,-99,-36,60,56,1705272275,100,0,228,0,"[-17,7,-19,7,-19,7,-18,7,-16,7,-14,8,-12,7,67,-4,-7,6,-5,5,-4,4,-3,2,-2,2,-1,1,0,0,0,-1,1,-2,2,-3,3,-4,4,-5,6,-5,43,4,10,-4,12,-4,14,-2,16,-2,18,0,19,0,0,0,23,4,24,5,25,7,25,7,26,7,25,7,77,0,22,5,20,4,18,2,14,0,10,-2,7,-3,4,-4,0,-5,-2,-7,-4,-7,-7,-7,-10,-7,-12,-7,55,10,-17,-6,-18,-4,-18,-4,-17,-4,-15,-3,-13,-2,-10,-2,3,-3,2,-3,2,-4,1,-6,-4,-7,-10,-3,-12,5,-14,20,7,13,16,4,14,-9,2,-17,-11,-14,-19,-1,-14,14,0,20,14,14,20,0,14,-14,0,-17,-9,-12,-4,-7,-9,4,-3,7,0,6,1,4,2,4,4,4,0,0,8,-4,4,-9,-3,-12,-9,-9,-14,0,-12,8,19,21,5,16,14,9,17,-2,12,-14,0,-19,-13,-13,-19,0,-13,12,0,19,14,12,17,-2,9,-14,-4,-15,-29,-12,-12,7,0,12,10,5,9,-7,-1,-12,-12,-5,-12,6]"
CSI_DATA,114176,d8:b1:90:d9:de:f0,-59,11,-99,-35,60,56,1705282663,100,0,228,0,"[14,-11,15,-13,14,-13,13,-13,12,-13,10,-12,8,-11,66,-4,4,-8,3,-6,2,-5,2,-4,2,-2,1,-1,0,0,0,2,0,3,0,4,0,6,0,7,-2,8,42,4,-6,10,-8,11,-10,10,-12,11,-15,10,-16,10,0,0,-21,8,-22,8,-24,8,-24,8,-25,8,-24,8,82,9,-21,8,-17,8,-15,8,-11,8,-7,7,-4,6,0,5,2,4,5,3,7,2,9,0,12,-2,13,-3,-28,0,15,-7,16,-8,16,-9,15,-9,13,-8,11,-6,8,-5,-2,4,0,4,0,4,2,6,6,4,10,-1,8,-9,4,-23,-12,-8,-15,3,-8,14,4,17,16,8,17,-6,7,-18,-8,-18,-19,-6,-17,9,-5,18,8,15,14,6,8,5,6,-9,0,-8,-2,-6,-4,-4,-5,-2,-6,0,0,0,-4,9,2,11,9,8,13,1,12,-7,4,-14,-28,-6,-13,-8,-17,2,-12,13,0,18,11,14,18,2,14,-11,2,-18,-11,-13,-17,0,-11,12,2,16,13,8,28,-11,3,-13,-8,-8,-11,3,-2,11,8,6,11,-4,3,-13]"
CSI_DATA,114177,d8:b1:90:d9:de:f0,-58,11,-99,-36,60,56,1705292904,100,0,228,0,"[18,-3,20,-3,20,-2,19,-2,17,-2,16,-2,14,-2,67,-4,9,-2,7,-2,5,-1,4,-1,2,0,1,0,0,1,-1,1,-2,2,-4,2,-6,2,-7,1,-9,0,43,4,-11,-3,-11,-6,-12,-8,-11,-12,-10,-14,-9,-16,0,0,-7,-21,-6,-24,-5,-24,-3,-26,-2,-26,-2,-26,22,0,-1,-23,-2,-19,-2,-17,-2,-14,-3,-10,-4,-7,-4,-2,-5,0,-5,2,-6,5,-6,8,-6,10,-7,13,86,10,-7,16,-7,17,-7,17,-7,16,-6,14,-5,12,-4,9,-4,3,-2,3,-2,3,-1,5,2,7,8,6,12,-1,21,-13,-1,-14,-12,-10,-16,2,-11,13,2,18,15,12,19,-2,12,-16,-2,-19,-15,-12,-19,1,-12,12,-2,15,-2,9,9,3,8,0,5,-3,4,-4,2,-5,0,-7,0,0,-8,-4,-11,2,-9,7,-2,13,5,13,12,7,13,-26,12,-9,4,-16,-7,-16,-15,-9,-18,3,-11,14,2,18,14,12,17,-1,11,-13,-1,-16,-14,-9,-15,3,-14,27,6,12,12,2,7,-9,-4,-10,-12,-1,-7,9,2,13]"
CSI_DATA,114178,d8:b1:90:d9:de:f0,-59,11,-99,-35,60,56,1705303684,100,0,228,0,"[-17,0,-18,0,-19,0,-18,0,-17,0,-15,0,-13,1,66,-4,-9,1,-8,1,-6,1,-5,1,-3,0,-2,1,-1,0,0,0,1,0,2,0,4,0,5,2,6,3,42,4,8,7,8,9,8,11,7,14,7,16,6,18,0,0,3,22,2,24,1,24,0,25,0,25,0,24,41,0,0,22,0,19,1,17,2,13,3,11,4,7,5,4,6,2,7,-1,8,-3,8,-5,9,-8,9,-10,86,0,11,-13,11,-15,11,-14,11,-13,9,-12,8,-10,6,-7,4,-1,3,-2,3,-2,3,-5,0,-8,-6,-7,-12,0,-22,9,-1,14,9,11,16,1,13,-11,0,-17,-13,-13,-19,0,-13,13,0,19,13,14,18,0,13,-11,2,-15,0,-6,-9,-3,-7,2,-3,4,-1,2,-2,2,-1,4,0,0,4,6,8,2,10,-3,6,-11,0,-13,-9,-11,-15,21,-14,7,-7,15,4,17,15,11,18,-2,12,-13,0,-17,-13,-12,-17,0,-11,12,1,16,12,10,15,-2,17,-25,-5,-13,-13,-2,-8,8,3,12,12,3,10,-8,0,-13]"
CSI_DATA,114179,d8:b1:90:d9:de:f0,-58,11,-99,-36,60,56,1705315013,100,0,228,0,"[-18,-4,-19,-5,-19,-5,-18,-4,-16,-4,-15,-4,-13,-3,67,-4,-9,-2,-8,-1,-5,0,-4,0,-2,0,-1,0,0,0,1,0,2,0,4,1,5,1,7,3,7,4,43,4,7,9,6,11,4,13,2,16,0,17,-2,19,0,0,-7,21,-9,22,-11,23,-12,22,-14,23,-14,21,-43,9,-13,17,-12,15,-9,14,-7,12,-4,9,-1,7,1,6,4,3,6,2,7,0,10,-1,11,-2,14,-3,-26,0,16,-5,17,-6,17,-6,16,-5,14,-4,12,-2,10,-2,4,-2,3,-2,3,-2,4,-4,1,-8,-4,-9,-11,-4,-24,2,-5,13,6,14,15,6,16,-7,7,-17,-7,-17,-18,-7,-19,7,-8,19,6,19,16,9,16,-3,9,-12,7,-5,-6,-9,-7,-3,-6,0,-5,1,-5,2,-4,6,0,0,3,9,9,6,12,-1,9,-7,4,-14,-4,-14,-27,10,-16,0,-14,9,-5,16,5,16,16,9,18,-3,11,-14,-1,-17,-14,-11,-16,1,-11,13,2,16,13,9,30,-7,5,-12,-6,-10,-12,0,-4,10,6,10,13,0,7,-10]"
CSI_DATA,114180,d8:b1:90:d9:de:f0,-59,11,-99,-34,60,56,1705325715,100,0,228,0,"[-15,8,-17,8,-17,8,-17,8,-15,7,-14,6,-12,6,64,-4,-8,4,-7,4,-5,3,-4,2,-2,1,-2,0,0,0,0,-1,2,-2,3,-2,4,-2,6,-1,8,-1,41,4,11,2,12,4,12,6,12,10,12,12,12,14,0,0,10,20,9,21,8,23,7,24,6,24,5,24,46,0,4,22,4,19,4,16,4,13,4,9,4,6,4,3,5,0,6,-2,6,-5,6,-8,6,-10,6,-12,76,0,7,-16,7,-16,7,-16,8,-15,7,-14,6,-11,6,-8,3,-3,2,-3,1,-4,0,-6,-4,-6,-10,-3,-11,4,-15,18,5,13,14,6,15,-6,6,-15,-6,-16,-17,-7,-17,7,-8,18,6,18,17,8,18,-5,9,-14,-2,-15,0,-8,-10,-1,-7,3,-4,4,-2,4,-1,5,0,6,0,0,8,4,10,-2,8,-8,2,-12,-6,-12,-12,-6,-11,26,-12,11,-2,16,8,15,16,6,16,-5,9,-15,-4,-17,-14,-10,-17,2,-10,14,3,16,13,8,14,-4,12,-26,-6,-12,-12,-2,-6,8,4,10,11,1,8,-9,-2,-12]"
CSI_DATA,114181,d8:b1:90:d9:de:f0,-59,11,-99,-37,61,56,1705335973,100,0,228,0,"[-11,-12,-12,-13,-12,-13,-11,-12,-11,-11,-10,-11,-9,-9,62,-4,-7,-5,-6,-4,-5,-3,-3,-2,-3,-1,-1,-1,0,0,0,0,0,1,2,1,3,3,2,5,3,7,40,3,1,11,0,12,0,14,-2,15,-5,16,-7,17,0,0,-11,18,-12,18,-14,19,-16,18,-16,18,-16,17,-31,9,-14,15,-12,14,-9,12,-7,11,-4,9,-1,7,1,5,3,5,5,3,8,1,9,0,11,-1,12,-1,-22,0,16,-4,16,-4,17,-5,16,-4,15,-3,12,-2,10,-1,3,2,3,1,4,0,5,-1,5,-6,0,-10,-7,-9,-22,-8,-10,9,0,15,11,11,16,0,12,-11,0,-18,-13,-12,-19,0,-13,13,0,18,12,13,16,1,12,-8,4,-3,-4,-9,-6,-3,-5,0,-3,0,-3,0,-4,3,0,0,0,8,5,7,10,3,12,-3,7,-11,0,-14,-26,5,-16,-3,-15,7,-6,16,4,16,15,10,17,-2,11,-13,-1,-16,-13,-10,-16,1,-9,12,3,15,13,7,28,-8,3,-12,-7,-9,-11,1,-3,10,7,9,11,0,6,-10]"
CSI_DATA,114182,d8:b1:90:d9:de:f0,-59,11,-99,-38,61,56,1705349399,100,0,228,0,"[16,6,16,7,17,7,16,7,16,6,14,5,12,4,64,-4,9,2,7,2,6,1,4,1,4,0,2,0,1,0,0,0,-2,0,-2,-1,-4,-2,-5,-3,-5,-5,41,4,-6,-9,-5,-11,-5,-13,-4,-15,-2,-17,-1,-19,0,0,1,-21,3,-22,4,-23,6,-24,6,-24,7,-23,-71,0,5,-20,4,-18,2,-16,0,-13,-1,-10,-2,-8,-4,-5,-6,-2,-7,0,-8,2,-9,4,-10,6,-11,8,45,10,-12,11,-12,12,-12,13,-12,12,-10,11,-9,9,-7,6,-4,0,-3,0,-4,1,-4,3,-2,8,3,9,10,5,24,0,6,-12,-4,-14,-14,-6,-15,6,-6,16,7,16,18,6,17,-8,6,-18,-8,-17,-16,-6,-16,6,-6,13,-3,5,8,6,7,0,4,-2,3,-2,2,-2,2,-4,0,0,-4,-7,-8,-4,-11,2,-8,8,-2,13,6,12,20,-17,15,-4,10,-13,0,-17,-12,-12,-17,-2,-14,10,-3,17,9,14,17,3,13,-10,2,-16,-10,-12,-15,0,-20,22,3,13,12,5,10,-8,-2,-12,-11,-5,-10,7,0,12]"
CSI_DATA,114183,d8:b1:90:d9:de:f0,-59,11,-99,-35,60,56,1705361526,100,0,228,0,"[17,7,17,8,17,8,17,8,15,8,14,6,12,6,66,-4,8,4,7,2,5,2,4,2,2,1,1,1,0,0,-1,0,-2,0,-4,-2,-4,-3,-4,-5,-4,-6,42,4,-2,-11,0,-13,0,-13,3,-15,6,-16,8,-16,0,0,15,-16,17,-15,19,-15,21,-14,22,-13,22,-12,66,0,20,-10,17,-9,15,-8,11,-7,8,-6,4,-6,2,-6,0,-6,-4,-5,-6,-5,-8,-5,-11,-5,-13,-4,33,10,-17,-4,-17,-4,-17,-4,-17,-5,-15,-5,-12,-4,-9,-4,-4,0,-3,1,-3,0,-4,2,-3,6,2,9,9,6,24,2,8,-11,-2,-15,-13,-10,-17,2,-11,14,2,18,15,12,19,-2,13,-15,0,-19,-13,-13,-17,-1,-12,8,-7,3,3,9,6,5,4,2,4,1,5,0,5,-3,0,0,0,-10,-5,-8,-11,-4,-12,2,-9,9,-2,14,27,2,13,7,15,-1,12,-11,2,-17,-8,-15,-17,-6,-16,6,-7,16,5,17,15,7,15,-6,6,-15,-6,-14,-30,-9,-11,8,0,13,10,6,10,-5,0,-12,-10,-7,-13,3]"
CSI_DATA,114184,d8:b1:90:d9:de:f0,-59,11,-99,-35,60,56,1705372617,100,0,228,0,"[-10,-14,-10,-15,-10,-16,-9,-16,-8,-15,-8,-13,-6,-11,66,-4,-5,-8,-4,-6,-3,-5,-2,-4,-2,-2,-1,-2,0,0,0,0,0,1,0,3,0,4,0,6,-2,7,42,4,-5,9,-8,9,-10,8,-13,8,-15,7,-17,6,0,0,-22,2,-23,1,-24,0,-24,-2,-25,-3,-24,-4,83,9,-21,-5,-19,-4,-17,-3,-14,-1,-11,0,-8,2,-6,3,-4,5,-1,7,0,8,2,10,3,11,4,13,61,0,7,15,7,17,7,16,6,16,5,14,4,12,2,10,3,1,2,1,3,2,6,0,7,-4,3,-8,-4,-11,-18,-15,-13,4,-6,14,4,15,15,7,17,-5,8,-16,-5,-18,-17,-9,-19,4,-10,16,2,18,13,11,15,0,6,0,2,-9,-2,-7,-3,-3,-3,-2,-3,-2,-4,-2,0,0,-6,6,-2,8,4,10,10,6,13,0,11,-8,-17,-19,-4,-15,-13,-9,-17,0,-14,11,-4,17,8,15,17,6,16,-6,6,-15,-6,-15,-15,-6,-15,6,-4,15,14,28,14,2,8,-9,-2,-12,-11,-3,-9,8,0,13,11,7]"
CSI_DATA,114185,d8:b1:90:d9:de:f0,-59,11,-99,-39,61,56,1705384833,100,0,228,0,"[16,7,17,8,17,8,17,8,16,7,14,6,13,5,66,-4,8,3,7,2,6,1,4,1,2,0,2,0,0,0,-1,0,-2,0,-4,-1,-5,-2,-6,-3,-6,-4,42,4,-6,-8,-5,-11,-4,-13,-2,-15,0,-17,0,-19,0,0,4,-21,6,-22,8,-23,10,-23,11,-23,11,-22,-84,0,9,-19,8,-17,6,-15,4,-13,1,-10,0,-8,-3,-5,-4,-3,-6,-1,-8,1,-10,3,-11,4,-12,6,51,10,-14,10,-15,11,-15,11,-14,11,-12,9,-11,7,-8,5,-4,0,-3,1,-3,1,-4,2,-3,6,2,9,10,6,24,0,7,-12,-4,-15,-14,-7,-16,4,-8,16,6,17,17,8,18,-6,8,-17,-6,-18,-15,-8,-16,3,-8,11,-6,5,6,8,7,2,5,0,4,-1,4,-2,4,-5,0,0,-4,-8,-8,-4,-11,2,-9,8,-2,13,6,13,24,-14,15,-1,11,-11,2,-16,-8,-15,-17,-6,-16,6,-7,15,6,16,15,7,16,-5,6,-15,-6,-15,-15,-4,-26,17,0,14,10,8,11,-4,2,-11,-9,-7,-12,4,-4,13]"
CSI_DATA,114186,d8:b1:90:d9:de:f0,-58,9,-99,-38,60,56,1705399896,98,0,106,0,"[87,11,8,0,87,11,-16,0,-92,11,-65,0,-74,11,81,0,-48,11,48,0,-24,11,23,0,6,0,6,0,38,0,-10,11,62,0,-38,11,71,0,-72,11,60,0,74,11,35,0,27,11,0,0,-14,10,0,0,0,0,-79,11,-59,10,87,11,-83,10,78,11,-77,10,-93,11,-52,10,-47,11,2,11,3,0,67,11,44,0,-52,11,73,0,12,0,89,0,74,0,-94,0,-61,0,-92,0,-15,0,92,0,2,0,74,0]"
CSI_DATA,114187,d8:b1:90:d9:de:f0,-59,11,-99,-38,61,56,1705410976,100,0,228,0,"[17,-5,18,-6,18,-6,17,-6,16,-6,14,-6,12,-6,64,-4,8,-5,6,-5,4,-4,3,-2,2,-2,1,-1,0,0,0,0,-1,2,-3,2,-4,2,-6,3,-6,3,41,4,-10,2,-12,0,-13,-1,-14,-4,-16,-5,-16,-7,0,0,-18,-10,-18,-12,-18,-14,-19,-15,-19,-16,-18,-16,0,9,-17,-12,-16,-10,-14,-8,-12,-5,-10,-2,-8,0,-6,2,-4,5,-2,6,0,8,2,10,4,12,6,12,50,0,10,14,12,14,12,14,11,12,10,11,8,10,6,7,-2,3,0,2,-2,2,-1,4,2,7,8,4,11,-3,15,-17,-4,-13,-14,-6,-14,6,-5,16,8,15,18,4,15,-10,4,-18,-11,-16,-18,-4,-14,9,-4,16,6,12,2,7,9,-3,4,-5,1,-4,0,-4,0,-4,-3,-4,0,0,-8,0,-7,6,-2,11,5,10,11,6,13,-2,-8,-24,2,-15,-7,-13,-15,-5,-15,6,-7,15,4,16,14,8,16,-4,8,-14,-5,-16,-15,-6,-14,6,-4,15,18,25,14,0,7,-11,-5,-11,-12,0,-6,10,5,12,12,2]"
CSI_DATA,114188,d8:b1:90:d9:de:f0,-59,11,-99,-39,61,56,1705424167,100,0,228,0,"[-1,-17,-2,-18,-2,-18,-2,-17,-2,-17,-2,-15,-3,-13,66,-4,-3,-9,-3,-7,-2,-5,-2,-4,-1,-3,0,-2,0,-1,0,0,1,1,2,2,2,4,2,6,1,7,42,4,0,11,-1,13,-2,14,-4,15,-6,16,-8,17,0,0,-11,18,-13,19,-14,19,-16,19,-16,19,-15,19,-17,9,-13,17,-11,15,-8,14,-6,12,-3,11,0,8,2,6,4,3,5,1,8,0,8,-2,10,-4,11,-6,-43,0,13,-11,13,-11,13,-11,13,-11,11,-10,10,-8,8,-6,2,4,2,3,3,2,6,1,8,-2,5,-8,-2,-11,-14,-18,-14,3,-8,13,4,15,15,8,17,-6,7,-17,-7,-17,-18,-6,-17,8,-6,18,8,17,16,6,14,-5,6,-2,-2,-10,-5,-5,-5,-1,-4,0,-4,0,-4,3,0,0,0,8,6,8,11,2,11,-4,7,-12,-1,-15,-26,6,-16,-1,-14,9,-5,17,8,16,17,6,17,-6,7,-16,-6,-16,-15,-6,-15,6,-5,15,7,13,15,2,24,-18,0,-13,-10,-5,-9,6,1,11,11,4,10,-6,0,-12]"
CSI_DATA,114189,d8:b1:90:d9:de:f0,-58,11,-99,-35,60,56,1705434203,100,0,228,0,"[11,-13,12,-15,12,-15,12,-15,11,-13,9,-12,8,-11,66,-4,5,-8,4,-6,3,-6,2,-4,2,-4,0,-2,0,-1,0,0,-2,0,-2,1,-4,2,-6,2,-7,2,42,4,-11,0,-12,-2,-13,-4,-15,-6,-15,-8,-15,-11,0,0,-15,-15,-15,-17,-15,-19,-15,-20,-14,-22,-13,-22,41,10,-11,-19,-11,-16,-10,-13,-9,-11,-8,-7,-7,-4,-7,-1,-7,2,-6,4,-6,6,-6,9,-5,11,-4,13,-55,10,-4,17,-4,17,-4,18,-4,17,-4,15,-4,13,-3,10,0,4,0,3,0,4,1,6,6,5,10,0,8,-8,7,-24,-9,-11,-15,0,-12,11,0,17,13,13,19,0,13,-14,0,-19,-14,-15,-19,-1,-14,12,-2,17,8,13,3,4,9,-4,4,-6,0,-4,0,-3,0,-3,-1,-4,0,0,-7,-2,-8,3,-6,9,0,12,8,10,14,3,2,-26,8,-14,-2,-17,-12,-12,-17,-1,-15,11,-4,18,8,15,17,5,16,-8,5,-16,-8,-15,-16,-4,-13,9,-6,30,11,9,13,-2,4,-12,-7,-10,-13,1,-6,12,5,13]"
CSI_DATA,114190,d8:b1:90:d9:de:f0,-58,11,-99,-36,60,56,1705446218,100,0,228,0,"[-16,7,-18,8,-18,8,-16,8,-15,9,-13,8,-12,7,67,-4,-7,7,-5,4,-4,4,-3,3,-2,2,-1,1,0,0,0,-1,1,-1,2,-3,3,-3,5,-4,7,-4,43,4,11,-2,12,-2,14,0,15,2,17,4,18,5,0,0,20,9,21,11,21,12,22,14,21,14,21,14,50,0,19,12,18,9,16,7,14,4,11,2,8,0,6,-3,4,-5,1,-7,-1,-9,-3,-10,-5,-11,-7,-12,-86,10,-12,-13,-13,-14,-14,-12,-12,-12,-12,-11,-9,-9,-7,-7,2,-4,1,-3,1,-3,0,-4,-4,-7,-9,-2,-11,4,-14,20,6,12,15,4,14,-8,3,-17,-10,-15,-19,-2,-15,12,-1,19,12,14,20,2,14,-12,2,-17,-8,-12,-3,-7,-9,4,-4,6,0,5,0,4,1,4,3,4,0,0,8,-2,7,-7,1,-12,-6,-11,-12,-4,-14,4,11,26,0,16,9,13,16,3,16,-8,6,-16,-7,-16,-16,-7,-17,6,-7,16,7,16,16,4,14,-8,2,-16,-21,-24,-14,2,-6,12,7,10,12,0,5,-11,-7,-12,-14,-1]"
CSI_DATA,114191,d8:b1:90:d9:de:f0,-59,11,-99,-35,60,56,1705457050,100,0,228,0,"[-14,11,-15,12,-15,12,-14,11,-13,12,-11,11,-8,10,66,-4,-5,8,-4,6,-4,5,-2,4,-1,2,0,0,0,0,0,-1,0,-2,2,-4,2,-4,4,-6,6,-6,42,4,9,-6,11,-4,13,-3,15,-2,17,-1,19,0,0,0,21,4,22,5,23,6,24,8,24,8,24,8,63,0,20,6,19,4,17,4,14,1,11,0,8,-2,5,-4,2,-5,0,-6,-3,-7,-5,-8,-8,-9,-11,-9,72,10,-14,-9,-16,-9,-16,-8,-15,-8,-13,-6,-12,-6,-8,-4,1,-4,0,-4,0,-3,0,-5,-4,-5,-9,0,-8,7,-8,22,10,11,15,0,12,-11,0,-17,-13,-11,-18,2,-11,15,3,19,15,11,19,-2,11,-14,-1,-17,-11,-10,-5,-6,-8,6,-3,6,0,6,1,5,2,4,5,4,0,0,8,-4,4,-9,-2,-11,-8,-8,-14,-1,-12,7,17,22,4,15,13,10,17,0,12,-11,1,-17,-10,-14,-17,-3,-15,9,-3,17,10,14,17,1,12,-11,0,-15,-25,-18,-13,4,-2,11,8,8,11,-4,2,-12,-8,-8,-13,2]"
CSI_DATA,114192,d8:b1:90:d9:de:f0,-59,11,-99,-35,60,56,1705468358,100,0,228,0,"[-17,2,-19,2,-19,2,-19,2,-17,3,-15,3,-13,3,66,-4,-9,3,-7,2,-5,2,-4,2,-2,1,-1,0,0,0,0,0,2,-2,4,-2,4,-2,6,-1,8,-1,42,4,11,2,11,4,13,6,13,8,13,11,13,13,0,0,12,18,11,20,11,22,10,22,10,24,10,23,-66,0,8,20,8,17,8,15,8,11,7,8,7,4,6,0,5,-2,4,-4,4,-6,3,-10,2,-12,1,-14,10,0,0,-17,-1,-18,-1,-18,-1,-17,-1,-15,0,-13,0,-10,4,-3,2,-3,2,-3,2,-5,-1,-8,-8,-6,-12,0,-19,13,1,15,12,9,16,-2,9,-14,-3,-17,-16,-10,-18,4,-9,17,4,19,16,10,18,-3,9,-13,-1,-15,0,-8,-10,-1,-6,3,-4,4,-2,4,-1,5,1,6,0,0,8,2,10,-3,6,-9,0,-12,-8,-11,-13,-4,-4,27,-8,13,0,16,11,12,17,2,15,-9,4,-17,-8,-15,-17,-5,-16,8,-4,16,8,14,16,3,12,-10,0,-30,-11,-8,-11,4,-2,12,9,7,11,-4,2,-13,-8,-10]"
CSI_DATA,114193,d8:b1:90:d9:de:f0,-59,11,-99,-36,60,56,1705478721,100,0,228,0,"[-14,-11,-16,-12,-16,-12,-15,-11,-15,-9,-13,-7,-12,-7,67,-4,-9,-3,-8,-2,-6,-1,-4,-1,-2,0,-2,0,0,0,1,0,2,0,4,1,5,2,6,3,7,4,43,4,7,8,7,10,7,12,4,15,4,17,3,19,0,0,0,22,0,24,0,25,-2,26,-3,26,-2,25,-58,10,-1,22,0,20,0,17,2,14,3,10,4,7,5,4,7,0,7,-2,7,-5,7,-7,7,-9,7,-12,-89,0,6,-16,6,-18,5,-18,5,-17,4,-15,3,-12,2,-10,4,0,3,0,3,0,4,-2,4,-7,-1,-9,-9,-7,-24,-2,-8,11,3,15,14,8,16,-4,8,-16,-6,-17,-17,-7,-18,7,-7,19,7,19,17,7,16,-5,7,-13,4,-7,-7,-6,-7,0,-4,1,-3,2,-3,3,-2,5,0,0,5,7,9,2,11,-4,7,-11,-1,-13,-10,-10,-18,21,-14,7,-7,15,4,16,14,10,17,-2,12,-14,-1,-18,-13,-12,-17,1,-11,14,2,16,14,9,16,-4,12,-29,-7,-12,-13,0,-6,10,7,10,12,0,7,-12,-5,-12]"
CSI_DATA,114194,d8:b1:90:d9:de:f0,-59,11,-99,-35,60,56,1705488920,100,0,228,0,"[12,-13,13,-14,13,-15,12,-15,11,-14,8,-13,6,-11,66,-4,4,-8,2,-6,2,-5,1,-4,0,-2,0,-1,0,0,0,1,0,2,0,4,0,6,-2,6,-3,7,42,4,-6,8,-8,8,-11,8,-13,8,-15,8,-17,7,0,0,-21,6,-23,4,-24,5,-25,4,-25,4,-25,4,76,9,-22,4,-19,5,-15,6,-12,6,-8,6,-4,6,-1,6,1,5,4,4,7,4,10,3,12,2,15,0,-22,0,17,-2,18,-2,18,-4,17,-4,15,-4,12,-3,9,-2,-1,4,0,3,0,3,2,4,6,4,10,-1,7,-8,3,-24,-12,-8,-15,2,-8,14,4,16,16,8,17,-6,6,-17,-8,-17,-19,-6,-17,8,-5,17,7,15,14,5,6,4,5,-8,0,-7,-2,-5,-3,-3,-4,-2,-6,0,0,0,-5,8,1,10,6,9,12,3,12,-5,6,-13,-26,-10,-11,-11,-16,-1,-13,8,-4,17,8,16,17,6,16,-7,6,-17,-7,-15,-16,-4,-14,9,-2,16,11,11,31,-2,7,-12,-6,-11,-12,0,-5,10,6,10,12,0,7,-11]"
CSI_DATA,114195,d8:b1:90:d9:de:f0,-59,11,-99,-38,61,56,1705499304,100,0,228,0,"[17,-4,18,-4,18,-4,18,-4,16,-4,15,-3,12,-2,64,-4,9,-2,8,-2,6,-1,4,-1,3,0,2,0,0,0,0,0,-2,0,-4,1,-6,0,-6,0,-8,-1,41,4,-9,-6,-9,-8,-9,-10,-8,-13,-7,-15,-6,-18,0,0,-2,-21,0,-22,0,-24,2,-24,4,-24,4,-24,46,0,4,-21,4,-18,3,-16,1,-13,0,-10,-2,-7,-3,-4,-4,-2,-6,0,-8,2,-10,4,-10,6,-11,8,48,10,-13,10,-14,11,-14,10,-14,10,-12,8,-10,6,-8,4,-4,3,-2,2,-2,3,-1,6,2,8,8,6,12,-2,20,-13,-1,-14,-11,-9,-16,1,-10,12,1,18,14,12,18,-1,13,-14,0,-19,-14,-13,-18,0,-13,10,-3,14,-3,8,8,4,8,0,5,-2,3,-2,2,-4,1,-6,0,0,-6,-6,-10,-2,-10,4,-6,10,0,13,9,11,20,-18,14,-5,9,-13,0,-16,-12,-12,-17,-2,-14,10,-4,17,8,15,16,5,15,-8,4,-16,-8,-14,-15,-3,-24,18,0,13,10,6,10,-4,1,-11,-9,-7,-12,4,-4,12]"
CSI_DATA,114196,d8:b1:90:d9:de:f0,-59,11,-99,-38,61,56,1705509981,100,0,228,0,"[-15,9,-16,9,-17,8,-16,8,-15,8,-13,6,-12,6,64,-4,-8,4,-6,3,-5,3,-4,2,-2,1,-2,0,0,0,0,-1,2,-1,3,-2,5,-2,6,-1,8,-1,41,4,11,2,12,4,12,7,12,10,12,12,12,15,0,0,9,20,8,22,7,22,5,24,4,24,4,24,20,0,2,21,2,18,2,16,2,13,3,9,4,6,4,3,5,0,5,-2,6,-4,6,-6,7,-9,7,-11,-82,0,8,-14,9,-15,9,-15,9,-14,8,-12,8,-10,6,-7,3,-4,2,-4,1,-4,0,-6,-4,-6,-10,-2,-10,4,-15,17,4,13,14,6,15,-6,6,-15,-6,-16,-16,-6,-17,6,-8,18,6,18,16,9,17,-4,9,-14,-1,-14,1,-8,-10,-2,-7,2,-4,4,-2,4,-2,4,0,6,0,0,8,4,10,-1,9,-8,2,-12,-5,-12,-12,-7,-12,24,-12,10,-4,16,7,15,16,8,17,-4,10,-14,-2,-17,-13,-11,-16,1,-11,13,2,16,12,10,14,-2,14,-25,-5,-12,-12,-2,-7,8,3,10,10,2,8,-8,-1,-12]"
CSI_DATA,114197,d8:b1:90:d9:de:f0,-56,11,-99,-28,58,56,1705522051,100,0,228,0,"[18,-5,19,-6,19,-6,19,-6,16,-5,14,-5,12,-5,67,-4,7,-4,6,-4,4,-2,4,-2,2,-1,1,0,0,0,0,1,-2,2,-2,3,-4,4,-5,4,-7,4,43,4,-12,2,-13,0,-14,0,-16,-2,-16,-4,-18,-7,0,0,-19,-12,-19,-14,-20,-16,-19,-16,-19,-17,-19,-17,50,10,-17,-14,-15,-12,-14,-9,-12,-7,-9,-3,-7,0,-5,1,-3,4,-1,6,0,8,3,9,4,11,7,12,-63,0,11,14,11,14,12,14,12,14,10,12,8,9,6,8,-3,3,-1,3,-2,3,-1,6,3,7,9,4,12,-4,16,-18,-5,-14,-14,-7,-15,7,-5,16,8,16,18,5,16,-9,5,-19,-10,-17,-19,-4,-16,9,-5,16,5,14,2,9,10,-2,6,-5,2,-5,1,-6,-1,-6,-4,-6,0,0,-9,2,-8,8,-2,12,6,12,13,6,14,-2,-7,-28,1,-16,-9,-14,-16,-5,-16,6,-9,16,4,18,16,9,17,-4,9,-15,-4,-16,-14,-7,-15,6,-4,14,17,26,14,0,7,-10,-4,-10,-11,0,-6,9,5,11,13,2]"
CSI_DATA,114198,d8:b1:90:d9:de:f0,-59,11,-99,-39,61,56,1705533848,100,0,228,0,"[-17,-6,-17,-7,-17,-7,-17,-7,-16,-6,-14,-5,-13,-4,66,-4,-9,-2,-7,-2,-6,-1,-4,-1,-3,0,-1,-1,0,0,0,0,2,0,3,1,4,2,5,4,6,5,42,4,6,9,5,11,4,14,2,15,1,17,0,19,0,0,-4,22,-6,23,-8,23,-10,24,-10,23,-11,23,30,10,-10,20,-8,17,-6,16,-4,13,-1,11,0,8,3,5,5,3,6,1,8,0,9,-2,11,-4,13,-6,-31,0,15,-9,15,-10,15,-10,14,-9,13,-7,12,-6,9,-4,5,0,3,-1,4,-1,4,-4,2,-8,-3,-10,-10,-5,-24,0,-6,13,4,15,14,7,16,-6,7,-17,-6,-17,-17,-7,-17,7,-8,17,6,19,16,8,17,-4,8,-12,5,-5,-6,-7,-7,-2,-6,1,-4,2,-4,2,-3,5,0,0,3,8,8,5,11,-1,10,-8,3,-13,-5,-13,-24,13,-16,2,-12,11,-2,17,8,15,17,5,16,-7,6,-16,-6,-17,-15,-7,-16,6,-6,15,6,14,15,4,26,-16,0,-14,-10,-8,-11,4,-1,12,9,7,13,-4,4,-12]"
CSI_DATA,114199,d8:b1:90:d9:de:f0,-59,11,-99,-35,60,56,1705548755,100,0,228,0,"[-2,-17,-1,-19,-1,-19,0,-19,0,-17,0,-16,0,-13,66,-4,0,-9,0,-7,0,-6,0,-4,0,-3,0,-2,0,0,0,0,0,2,0,3,-2,4,-3,6,-5,6,42,4,-10,6,-12,5,-14,2,-16,1,-17,-1,-19,-3,0,0,-20,-8,-21,-11,-21,-13,-20,-15,-19,-17,-18,-17,-2,9,-15,-16,-13,-14,-12,-11,-11,-9,-8,-6,-8,-2,-6,0,-5,2,-4,5,-4,7,-3,9,-3,11,-3,14,-39,10,-2,17,-2,18,-2,18,-3,17,-4,15,-4,13,-4,10,2,4,2,2,3,3,5,2,8,0,8,-7,1,-12,-8,-22,-15,-2,-13,8,-3,16,10,14,18,3,16,-10,4,-19,-10,-17,-19,-5,-17,8,-7,17,5,16,13,8,5,5,7,-6,2,-7,0,-5,-1,-4,-2,-4,-4,-4,0,0,-8,2,-6,7,-2,11,5,12,11,6,15,-1,-4,-27,4,-15,-6,-15,-15,-9,-17,2,-13,13,-1,18,11,15,17,2,14,-9,3,-17,-8,-14,-15,-3,-13,9,-3,30,10,9,12,-2,4,-11,-7,-9,-12,1,-6,11,4,12]"
CSI_DATA,114200,d8:b1:90:d9:de:f0,-59,11,-99,-38,61,56,1705559865,100,0,228,0,"[-2,18,-3,18,-4,18,-4,18,-4,16,-4,14,-3,12,64,-4,-2,9,-2,7,-1,6,-1,4,0,2,0,1,0,0,0,-1,0,-2,2,-3,3,-4,5,-4,6,-4,41,4,10,-2,12,0,13,2,14,4,14,7,14,10,0,0,14,16,13,18,12,20,10,22,9,23,8,22,-85,0,5,20,5,18,5,16,6,12,6,9,6,6,6,3,6,0,7,-2,7,-4,8,-6,8,-8,10,-10,-69,0,11,-13,11,-14,11,-14,11,-13,10,-11,9,-8,7,-6,-2,-4,-2,-2,-1,-2,-3,-4,-7,-2,-9,3,-5,10,1,23,12,7,14,-3,8,-13,-4,-16,-15,-9,-18,4,-10,16,3,18,15,12,18,-2,12,-13,0,-16,-8,-11,-2,-6,-9,3,-4,5,-1,4,0,4,0,4,2,6,0,0,8,1,9,-3,6,-10,0,-11,-8,-11,-12,-4,-7,25,-10,11,-2,15,7,14,15,6,16,-4,9,-14,-2,-17,-12,-10,-17,0,-11,12,0,16,12,10,15,-1,19,-24,-4,-13,-12,-4,-10,7,1,12,11,6,12,-6,2,-13]"
CSI_DATA,114201,d8:b1:90:d9:de:f0,-59,11,-99,-37,61,56,1705570906,100,0,228,0,"[-14,-11,-15,-11,-15,-11,-14,-10,-14,-9,-13,-7,-12,-5,62,-4,-9,-3,-7,-1,-5,-1,-4,-1,-3,0,-1,0,0,0,1,0,2,0,3,1,4,1,5,3,6,5,40,3,6,8,5,11,5,12,4,14,3,16,1,18,0,0,-1,21,-1,22,-3,24,-4,24,-4,24,-4,24,-81,9,-3,21,-1,19,0,16,1,13,2,10,4,7,5,3,6,1,7,-1,7,-4,7,-7,8,-9,8,-11,-62,0,7,-15,7,-16,7,-16,6,-15,5,-14,4,-12,3,-9,4,0,3,0,3,0,5,-1,4,-5,-1,-9,-9,-7,-23,-3,-9,11,2,15,12,9,16,-3,9,-15,-5,-17,-16,-7,-18,6,-7,17,6,17,16,7,16,-4,7,-12,4,-5,-7,-6,-7,-1,-5,1,-3,1,-3,3,-2,5,0,0,5,7,9,3,10,-3,7,-10,0,-12,-8,-10,-17,20,-13,5,-7,13,2,16,12,11,16,0,12,-12,0,-16,-11,-12,-16,0,-12,12,0,16,12,10,14,-3,14,-27,-6,-12,-13,-1,-7,10,5,11,12,1,8,-10,-3,-12]"
CSI_DATA,114202,d8:b1:90:d9:de:f0,-59,11,-99,-38,61,56,1705581757,100,0,228,0,"[-17,-2,-18,-3,-18,-2,-18,-2,-16,-2,-14,-1,-13,0,64,-4,-9,0,-8,0,-6,1,-4,0,-3,0,-2,0,0,0,0,0,2,0,2,0,4,0,6,0,7,2,41,4,9,5,10,7,10,9,10,12,10,14,10,16,0,0,8,19,8,21,8,22,8,24,7,24,7,23,80,0,6,20,7,17,7,15,7,12,7,8,7,5,6,2,6,-2,6,-4,5,-6,4,-9,3,-11,2,-13,26,0,1,-16,0,-18,0,-18,0,-16,0,-15,0,-13,0,-10,4,0,3,-1,4,-2,4,-4,0,-8,-6,-8,-12,-2,-22,8,-2,14,9,12,16,1,12,-11,0,-18,-13,-12,-18,0,-13,14,1,19,14,12,18,0,11,-12,0,-14,1,-6,-10,-2,-6,2,-3,4,-2,4,-1,3,0,5,0,0,6,4,10,-1,8,-7,3,-12,-5,-12,-12,-6,-7,24,-10,12,0,16,10,13,17,4,15,-8,5,-16,-8,-15,-16,-5,-14,8,-4,16,8,14,15,2,12,-10,1,-29,-11,-7,-12,4,-1,12,9,7,11,-4,2,-12,-8,-10]"
CSI_DATA,114203,d8:b1:90:d9:de:f0,-59,11,-99,-38,61,56,1705591886,100,0,228,0,"[-2,18,-2,19,-2,18,-2,18,0,17,0,15,0,13,64,-4,1,10,2,8,2,5,1,4,0,2,0,1,0,0,0,0,-1,-2,-2,-3,-2,-5,-2,-6,-1,-8,41,4,0,-11,3,-12,4,-13,6,-14,8,-14,11,-15,0,0,14,-16,16,-16,17,-16,19,-17,18,-16,18,-16,36,0,16,-14,13,-14,10,-12,7,-11,4,-10,0,-8,-2,-6,-4,-4,-6,-2,-8,0,-9,2,-10,4,-12,6,36,10,-14,10,-14,11,-14,12,-12,12,-11,10,-9,8,-7,6,-1,-4,-2,-3,-2,-3,-5,-3,-8,0,-8,7,-1,12,10,22,14,0,10,-11,0,-16,-13,-10,-18,2,-10,15,4,18,16,10,18,-4,10,-16,-4,-18,-14,-9,-14,2,-7,0,0,10,4,6,4,3,4,2,5,0,6,-2,0,0,1,-9,-5,-8,-10,-3,-12,4,-7,11,0,15,27,-4,15,3,15,-7,6,-15,-4,-16,-15,-9,-17,4,-10,14,4,17,14,8,16,-4,7,-15,-6,-14,-15,-4,-25,16,0,13,11,6,10,-6,0,-11,-10,-5,-11,6,-1,12]"
CSI_DATA,114204,d8:b1:90:d9:de:f0,-59,11,-99,-38,61,56,1705602173,100,0,228,0,"[-18,0,-18,0,-19,0,-18,0,-17,0,-15,0,-13,0,64,-4,-8,0,-7,0,-5,0,-4,0,-2,0,-1,0,0,0,0,0,2,0,4,0,5,0,6,2,8,4,41,4,7,8,7,10,6,12,4,14,3,17,1,18,0,0,-3,22,-6,22,-7,23,-9,23,-10,22,-11,22,34,10,-10,19,-8,17,-6,15,-4,12,-2,10,0,8,2,6,4,4,6,2,8,0,10,-2,11,-2,13,-4,-24,0,16,-7,16,-7,16,-7,16,-6,14,-5,12,-4,9,-2,4,-2,3,-2,3,-2,3,-5,0,-8,-6,-8,-11,-2,-22,8,-2,14,8,13,16,3,14,-9,3,-17,-10,-15,-18,-3,-16,10,-4,19,10,16,17,5,15,-6,6,-13,4,-6,-7,-6,-7,-2,-5,0,-4,2,-4,3,-3,5,0,0,5,8,9,4,12,-2,8,-9,2,-13,-6,-12,-24,13,-15,2,-12,11,-3,16,8,15,16,6,16,-6,8,-15,-4,-16,-14,-9,-16,4,-8,14,4,15,14,6,28,-12,3,-13,-8,-9,-12,2,-3,10,7,8,12,-1,6,-10]"
CSI_DATA,114205,d8:b1:90:d9:de:f0,-59,11,-99,-38,61,56,1705612298,100,0,228,0,"[13,10,14,12,14,12,14,12,13,10,12,8,11,7,64,-4,8,4,7,3,5,2,4,2,2,1,2,0,0,0,0,0,-1,-1,-2,-2,-3,-3,-4,-4,-3,-6,41,4,-2,-10,-1,-12,0,-14,2,-15,4,-16,6,-18,0,0,9,-19,12,-19,14,-20,15,-19,15,-19,16,-18,2,0,13,-17,11,-15,9,-14,6,-12,3,-10,1,-8,-1,-6,-4,-5,-6,-3,-8,-2,-10,0,-12,1,-14,2,21,10,-16,5,-16,6,-17,6,-16,6,-14,4,-12,4,-10,2,-4,0,-3,0,-4,0,-6,1,-4,6,0,10,8,8,23,6,10,-10,0,-15,-12,-11,-16,0,-11,13,1,18,14,12,19,-2,12,-14,-2,-19,-14,-12,-16,0,-10,10,-4,4,5,8,6,3,4,0,4,0,4,-1,4,-3,0,0,0,-8,-6,-7,-10,-2,-11,5,-6,12,2,14,25,-8,15,2,14,-8,6,-15,-5,-16,-14,-9,-17,3,-10,14,2,17,14,10,16,-2,9,-14,-4,-15,-13,-6,-28,10,-3,13,8,10,12,-2,4,-11,-8,-10,-13,1,-7,11]"
CSI_DATA,114206,d8:b1:90:d9:de:f0,-58,11,-99,-36,60,56,1705623248,100,0,228,0,"[14,-12,14,-12,15,-12,14,-12,13,-12,12,-10,9,-9,67,-4,7,-7,5,-6,4,-4,2,-3,2,-2,1,0,0,0,0,1,-1,2,-2,3,-4,4,-5,4,-7,4,43,4,-11,2,-13,0,-15,-1,-16,-3,-16,-6,-17,-9,0,0,-18,-13,-19,-16,-18,-17,-17,-19,-16,-20,-16,-20,29,10,-14,-18,-12,-15,-12,-13,-9,-9,-9,-7,-7,-3,-6,0,-4,2,-3,5,-2,7,-2,10,0,12,0,14,-9,10,2,17,2,19,2,19,2,17,1,15,1,14,0,10,-2,4,-1,4,0,4,2,6,6,6,10,0,9,-8,9,-22,-9,-12,-16,-1,-13,11,-1,18,12,14,19,1,14,-13,1,-20,-13,-15,-20,-2,-14,11,-3,17,7,14,2,8,9,-2,5,-6,2,-5,0,-5,0,-5,-3,-5,0,0,-9,0,-9,6,-4,12,4,13,11,9,16,0,-2,-29,4,-16,-5,-16,-15,-9,-18,2,-12,13,0,19,12,14,18,2,13,-11,1,-17,-11,-12,-16,0,-10,12,4,31,12,7,11,-5,0,-12,-9,-6,-10,5,-1,12,9,9]"
CSI_DATA,114207,d8:b1:90:d9:de:f0,-59,11,-99,-35,60,56,1705636131,100,0,228,0,"[-6,-17,-6,-18,-6,-18,-6,-17,-6,-16,-6,-14,-6,-12,66,-4,-5,-8,-4,-6,-4,-4,-2,-3,-2,-2,-1,-1,0,0,0,0,1,1,2,3,2,4,2,6,2,7,42,4,0,11,-1,13,-3,14,-5,15,-7,15,-10,16,0,0,-14,17,-16,17,-17,17,-19,17,-19,16,-19,16,-40,9,-16,15,-15,13,-12,12,-8,11,-5,9,-2,8,0,6,3,4,5,3,8,2,10,0,12,0,13,-2,-26,0,17,-5,17,-6,17,-6,16,-6,15,-5,12,-4,10,-3,3,3,3,2,3,2,6,0,7,-3,4,-9,-4,-11,-18,-15,-13,4,-6,14,6,15,16,6,16,-8,5,-18,-9,-17,-19,-4,-17,10,-4,19,9,16,17,5,14,-6,6,-2,-2,-9,-5,-5,-4,-1,-4,0,-4,0,-5,2,0,0,0,9,5,8,11,4,12,-3,8,-11,0,-15,-28,3,-15,-4,-15,6,-8,15,3,17,14,11,17,-1,12,-13,0,-17,-13,-11,-17,1,-10,13,2,16,14,8,30,-8,4,-13,-8,-10,-12,2,-3,11,8,9,13,-2,6,-11]"
CSI_DATA,114208,d8:b1:90:d9:de:f0,-59,11,-99,-35,60,56,1705646442,100,0,228,0,"[-8,15,-9,17,-9,17,-8,17,-7,15,-6,15,-4,12,66,-4,-2,8,-1,7,-2,6,-1,4,-1,2,0,1,-1,0,-1,-1,0,-2,0,-4,0,-6,1,-7,2,-8,42,4,6,-10,8,-10,10,-10,13,-10,15,-8,17,-8,0,0,22,-6,23,-5,24,-4,26,-3,26,-3,26,-2,-75,0,23,-3,20,-4,16,-4,13,-4,10,-4,6,-5,2,-5,0,-4,-2,-4,-6,-4,-8,-4,-11,-3,-13,-2,32,10,-17,0,-18,0,-18,0,-17,0,-16,0,-13,0,-10,0,0,-5,0,-4,-1,-4,-4,-4,-7,-2,-9,4,-5,11,0,24,13,6,15,-5,5,-15,-7,-15,-17,-5,-16,9,-5,19,11,17,19,4,16,-10,4,-18,-8,-15,-14,-5,-8,-4,-5,8,0,8,2,6,3,4,5,3,7,0,0,0,5,-8,0,-11,-8,-10,-13,-3,-13,5,-7,13,26,13,11,11,17,2,14,-9,5,-17,-7,-17,-16,-7,-17,6,-7,16,6,16,15,6,15,-6,4,-15,-8,-13,-30,-2,-8,10,3,11,11,2,6,-7,-4,-10,-11,-2,-9,8]"
CSI_DATA,114209,d8:b1:90:d9:de:f0,-59,11,-99,-39,61,56,1705658058,100,0,228,0,"[-11,14,-12,15,-12,15,-11,15,-10,14,-8,13,-7,11,66,-4,-4,8,-3,6,-2,6,-2,4,-1,3,0,1,0,0,0,0,0,-2,2,-3,2,-4,4,-5,6,-5,42,4,10,-5,12,-4,14,-2,15,-1,17,0,19,3,0,0,21,6,22,8,23,9,23,11,23,12,22,12,44,0,19,10,17,8,15,6,13,4,11,2,8,0,6,-2,3,-4,1,-6,0,-8,-3,-9,-4,-11,-6,-12,-55,10,-10,-14,-11,-14,-11,-15,-10,-14,-8,-13,-7,-11,-5,-8,1,-4,0,-4,0,-4,-2,-5,-7,-4,-11,1,-8,9,-4,23,11,9,15,-1,10,-13,-2,-17,-15,-11,-18,3,-11,16,4,19,16,11,19,-2,11,-15,-2,-17,-11,-10,-4,-6,-8,6,-2,7,0,5,1,4,2,4,4,4,0,0,8,-2,6,-8,0,-11,-8,-10,-13,-4,-14,5,13,25,1,16,12,12,17,2,15,-8,5,-17,-7,-16,-17,-6,-16,6,-6,16,6,16,15,6,14,-7,3,-15,-17,-25,-13,0,-6,10,5,11,11,0,6,-10,-4,-11,-12,-2]"
CSI_DATA,114210,d8:b1:90:d9:de:f0,-59,11,-99,-34,60,56,1705669343,100,0,228,0,"[1,19,0,20,0,20,0,19,0,18,0,16,0,14,64,-4,1,9,1,8,1,6,0,4,0,2,0,1,-2,0,-2,-2,-2,-2,-2,-5,-1,-6,0,-8,0,-9,41,4,4,-11,6,-10,9,-11,12,-10,15,-8,17,-8,0,0,22,-4,23,-3,24,-1,26,0,26,0,25,1,-74,0,22,2,20,2,18,1,14,0,11,-1,7,-2,4,-3,0,-4,-1,-5,-4,-6,-6,-6,-9,-7,-11,-8,48,10,-14,-9,-16,-9,-16,-9,-15,-8,-13,-8,-10,-7,-8,-6,-3,-4,-3,-2,-3,-2,-5,-2,-8,0,-7,7,0,12,10,22,14,0,11,-10,0,-16,-12,-12,-18,0,-13,13,0,20,14,14,20,0,15,-13,2,-18,-10,-14,-14,-3,-9,-4,-5,9,0,8,2,6,4,5,6,4,8,1,0,0,6,-8,0,-12,-7,-10,-12,-4,-14,4,-9,12,23,18,8,14,15,6,17,-4,10,-14,-1,-18,-12,-12,-18,0,-14,11,-1,17,11,13,16,1,12,-11,0,-16,-24,-18,-12,3,-3,10,7,8,10,-2,3,-10,-8,-8,-12,1]"
CSI_DATA,114211,d8:b1:90:d9:de:f0,-59,11,-99,-36,60,56,1705679342,100,0,228,0,"[-2,-19,-3,-19,-3,-19,-3,-19,-3,-17,-4,-15,-3,-13,67,-4,-3,-9,-2,-7,-2,-5,-2,-4,0,-2,0,-1,0,0,1,0,2,2,2,3,3,5,2,7,2,8,43,4,0,12,-2,13,-4,14,-6,14,-8,15,-11,15,0,0,-16,15,-18,15,-19,14,-21,14,-21,14,-21,13,-46,9,-19,11,-16,11,-14,9,-10,9,-7,8,-2,7,0,5,2,4,4,3,7,2,9,0,12,0,13,-2,-29,0,16,-4,18,-5,17,-6,16,-6,14,-4,12,-3,9,-2,3,4,3,2,3,2,5,1,7,-2,6,-8,-1,-12,-14,-19,-14,2,-9,12,3,16,14,9,18,-5,8,-16,-7,-19,-18,-8,-19,7,-9,17,5,18,15,9,15,-3,9,0,0,-11,-4,-7,-4,-4,-4,-2,-5,0,-7,2,0,0,-1,10,5,9,11,4,13,-3,9,-11,1,-15,-29,-1,-15,-6,-16,4,-9,14,2,18,13,12,18,0,14,-12,1,-17,-11,-13,-17,0,-12,12,0,16,12,9,30,-6,6,-12,-6,-10,-12,0,-4,10,7,9,12,-1,6,-11]"
CSI_DATA,114212,d8:b1:90:d9:de:f0,-59,11,-99,-36,60,56,1705690684,100,0,228,0,"[-15,11,-16,11,-16,11,-16,10,-15,10,-12,9,-11,8,67,-4,-7,6,-6,5,-4,4,-3,2,-2,2,-1,0,0,0,0,-2,1,-2,2,-3,4,-4,6,-4,7,-4,43,4,11,-2,13,-1,15,1,16,3,16,5,16,8,0,0,18,13,19,15,18,16,18,19,16,19,16,19,-17,0,14,17,12,15,11,13,9,9,8,6,7,2,4,0,4,-2,2,-4,1,-7,0,-9,-1,-12,-2,-13,-16,10,-4,-17,-5,-18,-5,-18,-4,-16,-4,-14,-2,-13,-2,-9,2,-4,0,-4,0,-4,-1,-5,-5,-5,-9,-2,-10,7,-12,20,7,12,15,3,14,-9,3,-17,-10,-14,-19,-2,-15,12,-2,19,12,16,19,3,15,-9,4,-17,-6,-14,-2,-9,-10,2,-6,4,-2,6,0,5,0,6,3,6,0,0,9,0,9,-7,3,-11,-4,-13,-12,-7,-15,1,2,29,-4,16,6,16,16,9,17,-2,11,-14,0,-18,-12,-12,-18,0,-12,12,0,17,12,12,16,0,9,-12,-7,-29,-12,-5,-10,6,0,11,9,4,9,-6,0,-12,-10,-7]"
CSI_DATA,114213,d8:b1:90:d9:de:f0,-59,11,-99,-35,60,56,1705700756,100,0,228,0,"[-11,15,-12,15,-11,15,-11,15,-10,15,-8,13,-7,12,66,-4,-4,8,-2,7,-2,5,-1,4,-1,2,-1,1,-1,0,0,-1,0,-2,0,-4,1,-6,2,-6,4,-7,42,4,8,-9,10,-8,12,-8,15,-7,17,-6,19,-4,0,0,22,-2,24,0,25,0,26,1,26,2,25,2,-80,0,22,1,19,0,17,0,14,0,10,-2,6,-4,3,-4,0,-4,-2,-5,-5,-4,-7,-5,-11,-5,-13,-5,40,10,-17,-4,-17,-4,-17,-4,-16,-4,-15,-3,-13,-3,-9,-3,1,-5,0,-4,-1,-4,-3,-4,-7,-4,-10,2,-7,10,-2,23,13,8,15,-4,8,-14,-5,-16,-16,-8,-17,6,-8,18,7,19,18,8,18,-6,8,-17,-5,-17,-13,-8,-6,-6,-7,8,-1,8,1,6,2,5,4,4,6,2,0,0,7,-7,2,-11,-5,-11,-13,-6,-14,2,-10,11,23,17,8,13,17,6,17,-6,9,-15,-3,-18,-14,-11,-17,2,-11,14,2,17,14,10,16,-2,8,-13,-5,-14,-28,-9,-11,7,0,12,9,4,8,-6,-2,-11,-11,-4,-11,6]"
CSI_DATA,114214,d8:b1:90:d9:de:f0,-59,11,-99,-35,60,56,1705711707,100,0,228,0,"[16,6,17,7,18,7,17,6,16,6,15,4,13,3,66,-4,10,1,8,0,6,0,5,0,3,0,2,0,1,0,0,0,-2,0,-3,0,-4,-1,-6,-2,-6,-3,42,4,-8,-6,-8,-9,-8,-11,-8,-13,-7,-15,-6,-17,0,0,-5,-21,-4,-22,-3,-24,-2,-24,-2,-25,-2,-24,-21,10,-3,-21,-3,-19,-3,-16,-4,-12,-5,-9,-6,-6,-6,-2,-6,0,-6,3,-6,6,-5,8,-4,11,-4,13,-55,10,-4,17,-3,17,-2,17,-3,17,-2,15,-2,13,-2,9,-4,0,-3,1,-3,1,-4,3,-2,7,4,8,11,4,24,-2,5,-13,-6,-13,-15,-4,-15,8,-4,17,9,15,19,4,16,-11,3,-19,-11,-15,-18,-2,-14,8,-3,15,-1,6,9,4,7,-1,4,-3,2,-2,2,-3,1,-4,0,0,-6,-5,-9,-2,-9,5,-4,11,3,13,11,8,13,-24,13,-9,3,-16,-7,-15,-15,-6,-16,5,-8,15,5,17,15,8,16,-5,7,-15,-6,-15,-15,-5,-13,7,-6,29,10,9,12,-2,3,-11,-8,-8,-12,2,-4,12,7,11]"
CSI_DATA,114215,d8:b1:90:d9:de:f0,-59,11,-99,-35,60,56,1705724195,100,0,228,0,"[-11,15,-12,15,-13,15,-11,15,-11,14,-9,12,-8,11,66,-4,-6,8,-4,6,-3,5,-2,4,-2,2,-1,0,0,0,0,-1,1,-2,2,-3,4,-4,6,-4,8,-4,42,4,11,-2,13,0,14,2,15,5,15,8,15,11,0,0,15,15,14,19,13,19,13,22,11,22,11,23,-77,0,8,20,7,17,6,15,6,12,6,8,6,4,5,1,5,-1,5,-4,5,-6,4,-8,4,-11,4,-13,59,0,5,-16,5,-17,5,-17,5,-16,5,-14,4,-11,4,-8,0,-5,0,-3,0,-3,-2,-5,-6,-4,-10,0,-8,8,-7,22,9,10,15,0,12,-11,0,-17,-12,-13,-19,0,-14,13,-1,19,13,15,19,2,15,-10,4,-17,-6,-13,-2,-8,-10,2,-6,5,-2,5,-1,5,0,5,2,6,0,0,8,2,9,-4,5,-9,0,-13,-8,-11,-14,-3,-4,28,-9,13,0,17,11,13,17,4,16,-8,6,-17,-6,-16,-16,-8,-16,5,-8,15,5,15,14,6,14,-6,9,-29,-7,-11,-12,0,-5,10,6,10,12,0,8,-11,-4,-13]"
CSI_DATA,114216,d8:b1:90:d9:de:f0,-58,11,-99,-36,60,56,1705735005,100,0,228,0,"[-19,-1,-19,-1,-20,-1,-19,0,-18,0,-16,0,-14,1,67,-4,-9,2,-7,2,-6,2,-4,1,-3,0,-2,0,0,0,0,-1,1,-2,2,-2,4,-2,7,-3,8,-3,43,4,12,-1,14,0,16,1,17,2,19,4,19,5,0,0,21,9,22,11,23,12,24,13,23,12,22,12,67,0,20,10,18,7,16,5,13,2,10,0,7,-1,4,-2,1,-4,-2,-6,-4,-7,-6,-7,-9,-7,-12,-8,52,10,-15,-7,-16,-7,-17,-7,-16,-6,-14,-5,-12,-4,-9,-4,4,-1,3,-2,4,-3,2,-6,-2,-9,-9,-7,-13,1,-21,12,2,15,13,9,16,-3,9,-15,-5,-17,-17,-7,-18,7,-7,19,8,18,19,7,17,-7,7,-16,-5,-14,-2,-9,-11,2,-6,6,-2,6,0,5,1,5,3,4,0,0,9,-2,7,-8,1,-12,-7,-12,-14,-4,-15,5,12,26,2,17,13,12,19,0,14,-12,2,-19,-12,-15,-19,-2,-14,10,-2,18,11,13,16,0,10,-12,-2,-15,-26,-15,-12,6,0,12,9,5,9,-5,0,-12,-11,-6,-12,5]"
CSI_DATA,114217,d8:b1:90:d9:de:f0,-58,11,-99,-36,60,56,1705745311,100,0,228,0,"[-4,-18,-3,-19,-2,-19,-2,-19,-2,-18,-2,-16,-2,-14,67,-4,-2,-9,-2,-7,-1,-6,-1,-5,0,-3,0,-2,0,0,1,0,1,2,1,4,1,6,0,7,-1,8,43,4,-4,11,-7,11,-9,12,-12,11,-15,10,-17,9,0,0,-21,7,-24,4,-25,4,-26,2,-26,1,-26,0,84,9,-22,0,-20,0,-16,0,-14,1,-10,2,-7,3,-3,4,0,4,2,5,4,7,6,7,9,8,11,8,-62,0,14,9,16,9,15,9,14,9,12,9,10,8,8,7,2,4,3,2,4,2,6,1,8,-2,5,-9,-1,-12,-13,-20,-14,2,-9,12,2,16,14,11,18,-2,12,-15,-2,-20,-16,-12,-20,2,-13,15,0,19,12,13,15,1,8,2,4,-10,-2,-8,-4,-5,-4,-3,-4,-2,-7,0,0,0,-6,8,0,11,6,10,13,5,14,-2,10,-12,-23,-16,-9,-14,-16,-7,-17,6,-9,16,2,19,14,12,19,0,12,-13,0,-17,-13,-12,-16,1,-10,12,2,16,26,16,12,-4,2,-12,-8,-7,-10,4,-2,12,9,9,13,-1]"
CSI_DATA,114218,d8:b1:90:d9:de:f0,-59,11,-99,-38,61,56,1705755721,100,0,228,0,"[12,12,13,14,13,14,12,14,12,12,11,11,10,9,64,-4,7,6,6,4,4,4,4,2,2,2,0,1,0,1,0,0,-2,-1,-4,-2,-4,-3,-4,-5,-4,-7,41,4,-3,-11,-2,-13,0,-14,2,-16,4,-17,6,-18,0,0,10,-20,12,-19,14,-20,16,-19,16,-19,16,-18,38,0,14,-16,12,-14,10,-12,7,-10,4,-9,1,-7,-2,-5,-4,-4,-6,-2,-8,0,-10,0,-12,2,-13,4,22,10,-16,6,-16,6,-16,6,-15,6,-14,5,-11,4,-9,2,-5,-2,-4,0,-4,0,-5,2,-5,6,0,10,7,8,22,9,10,-9,1,-15,-11,-11,-16,0,-12,12,0,18,13,13,19,0,14,-13,0,-19,-12,-14,-16,-2,-12,8,-7,3,3,10,6,5,5,2,5,0,5,-1,5,-4,0,0,-1,-9,-7,-7,-10,-2,-11,6,-6,12,2,15,26,-6,16,2,15,-8,6,-15,-4,-16,-15,-10,-17,2,-10,13,2,17,13,10,17,-2,9,-13,-3,-15,-13,-7,-28,10,-3,12,8,9,11,-2,3,-10,-8,-8,-12,1,-6,11]"
CSI_DATA,114219,d8:b1:90:d9:de:f0,-58,11,-99,-36,60,56,1705766047,100,0,228,0,"[-18,3,-19,3,-20,3,-19,4,-17,4,-16,4,-13,4,67,-4,-9,3,-7,3,-6,2,-4,1,-3,1,-2,0,0,0,0,-1,2,-2,2,-2,5,-2,7,-2,9,-2,43,4,12,0,14,2,14,4,15,7,16,9,16,12,0,0,16,16,15,19,16,20,15,21,14,21,14,22,-13,0,12,19,12,16,11,12,10,9,8,6,7,2,6,0,4,-3,3,-6,2,-8,0,-10,0,-12,-2,-14,-33,10,-4,-17,-5,-17,-6,-18,-5,-16,-4,-15,-4,-12,-2,-9,4,-2,2,-3,2,-3,1,-6,-2,-7,-9,-5,-12,2,-19,16,2,14,14,8,16,-4,8,-15,-5,-18,-16,-8,-19,7,-8,19,7,19,18,8,18,-6,8,-15,-3,-15,0,-9,-11,0,-7,4,-3,4,-1,4,0,5,2,7,0,0,9,1,10,-5,5,-11,-2,-13,-10,-9,-15,-1,0,29,-7,16,4,16,14,10,19,-1,13,-14,0,-19,-12,-14,-18,0,-14,12,0,18,12,12,16,-1,9,-13,-7,-31,-13,-4,-10,7,1,12,11,4,9,-7,-1,-13,-12,-7]"
CSI_DATA,114220,d8:b1:90:d9:de:f0,-59,11,-99,-38,61,56,1705776340,100,0,228,0,"[16,6,17,8,18,7,17,6,16,6,14,4,12,3,64,-4,9,2,8,1,6,0,4,0,2,0,2,0,0,0,0,0,-2,0,-4,0,-5,0,-6,0,-8,-2,41,4,-10,-4,-10,-7,-10,-9,-10,-11,-10,-14,-10,-16,0,0,-9,-20,-8,-22,-8,-22,-7,-24,-6,-24,-6,-23,-60,10,-6,-20,-6,-18,-6,-14,-6,-10,-6,-7,-6,-4,-6,0,-5,2,-4,4,-3,8,-2,10,-1,12,0,14,-8,10,2,17,2,17,4,17,3,16,3,14,2,12,2,9,-4,0,-4,1,-4,2,-4,4,-2,8,4,8,11,4,23,-3,4,-14,-7,-14,-15,-4,-14,8,-3,17,10,14,18,2,14,-12,2,-19,-12,-14,-18,-2,-13,9,-3,14,-3,8,9,4,8,-1,5,-3,3,-4,2,-4,0,-6,0,0,-8,-4,-10,2,-8,8,-1,12,6,12,13,6,8,-26,10,-12,0,-16,-11,-13,-16,-3,-15,9,-4,17,8,15,16,4,14,-8,3,-16,-10,-13,-16,-1,-10,11,2,29,12,6,11,-6,0,-12,-10,-5,-10,6,0,12,10,8]"
CSI_DATA,114221,d8:b1:90:d9:de:f0,-59,11,-99,-38,61,56,1705787336,100,0,228,0,"[15,-9,16,-10,16,-10,15,-10,14,-10,12,-9,10,-8,64,-4,6,-6,5,-5,4,-4,2,-2,2,-2,1,0,0,0,0,2,0,3,-2,4,-2,4,-4,6,-6,5,41,4,-10,5,-12,4,-14,2,-15,1,-17,0,-18,-2,0,0,-20,-5,-22,-6,-22,-8,-23,-8,-22,-9,-22,-9,-68,9,-20,-8,-18,-6,-16,-4,-12,-2,-10,0,-6,2,-4,4,-2,4,0,6,3,6,6,8,8,8,10,8,-64,0,14,9,15,9,15,8,14,8,12,6,10,6,8,4,-2,4,0,4,0,4,0,6,5,6,9,1,10,-6,10,-20,-8,-12,-15,-2,-12,10,0,16,12,12,18,0,13,-14,0,-19,-13,-12,-19,0,-12,12,0,16,8,11,4,8,9,-4,4,-6,0,-6,0,-5,-2,-5,-5,-4,0,0,-8,4,-4,9,2,11,9,9,13,2,12,-6,-14,-22,-2,-15,-12,-10,-17,0,-13,11,-2,17,10,14,16,3,14,-10,3,-16,-10,-14,-16,-2,-11,10,0,15,24,17,12,-4,3,-11,-8,-8,-10,4,-2,10,9,8,12,-2]"
CSI_DATA,114222,d8:b1:90:d9:de:f0,-59,11,-99,-39,61,56,1705798592,100,0,228,0,"[-9,15,-10,16,-10,16,-9,16,-8,15,-6,13,-6,12,66,-4,-3,8,-2,7,-1,5,-1,4,0,2,0,0,-1,0,0,-1,0,-2,0,-4,1,-5,3,-6,4,-7,42,4,8,-7,10,-6,13,-6,15,-5,17,-4,19,-2,0,0,22,0,24,2,24,3,24,4,25,4,24,4,86,0,21,3,19,3,16,2,13,0,10,-2,7,-4,4,-5,1,-6,-1,-6,-4,-7,-6,-8,-8,-8,-11,-8,51,10,-15,-8,-16,-8,-16,-8,-15,-7,-13,-6,-11,-6,-8,-4,0,-4,-1,-4,-1,-4,-2,-4,-7,-3,-10,2,-6,9,-2,23,12,7,15,-3,8,-14,-5,-16,-15,-7,-17,6,-7,17,7,18,18,8,17,-6,7,-16,-4,-15,-12,-7,-6,-5,-6,7,-2,7,1,5,2,4,4,4,6,2,0,0,7,-5,2,-9,-4,-10,-10,-6,-13,0,-11,9,19,19,6,15,13,8,16,-2,11,-13,0,-17,-12,-13,-17,-2,-13,11,-1,17,11,12,16,0,11,-12,-2,-15,-26,-16,-13,5,-2,13,9,7,11,-4,2,-13,-9,-8,-13,2]"
CSI_DATA,114223,d8:b1:90:d9:de:f0,-58,11,-99,-36,60,56,1705810063,100,0,228,0,"[12,14,13,15,12,14,12,14,12,13,10,12,9,10,67,-4,7,7,5,5,4,4,3,3,2,2,0,2,0,1,-1,0,-2,-1,-3,-2,-4,-3,-4,-6,-4,-7,43,4,-2,-12,-1,-14,1,-14,4,-16,6,-17,8,-18,0,0,12,-19,15,-19,16,-19,19,-19,19,-18,19,-17,64,0,16,-14,14,-13,12,-12,9,-10,5,-9,2,-7,0,-5,-3,-4,-5,-3,-7,-2,-10,0,-12,0,-14,1,27,10,-16,4,-17,4,-18,4,-17,3,-15,2,-13,2,-10,1,-4,-2,-4,0,-4,0,-6,2,-6,7,0,11,8,9,22,9,12,-9,1,-16,-11,-12,-17,0,-14,12,0,19,13,14,20,0,15,-13,2,-20,-11,-14,-17,-3,-13,7,-8,2,2,10,5,5,5,2,5,0,5,0,5,-3,0,0,0,-9,-7,-8,-12,-3,-13,4,-8,12,0,16,29,-2,16,4,16,-6,9,-16,-2,-18,-14,-12,-19,0,-12,13,0,18,12,12,18,0,12,-12,-1,-16,-13,-9,-31,6,-5,12,7,11,12,0,5,-10,-6,-10,-13,0,-8,10]"
CSI_DATA,114224,d8:b1:90:d9:de:f0,-58,11,-99,-36,60,56,1705820599,100,0,228,0,"[-16,-9,-17,-9,-17,-9,-16,-9,-16,-9,-14,-7,-12,-6,67,-4,-9,-3,-8,-2,-6,-1,-4,-1,-2,-1,-1,-1,0,0,1,0,3,0,4,1,5,2,6,3,7,4,43,4,7,9,7,12,5,14,4,16,2,19,0,19,0,0,-3,22,-4,24,-6,24,-7,25,-8,25,-8,24,-87,10,-7,21,-6,19,-4,16,-2,14,0,11,2,7,3,5,5,2,7,0,8,-2,9,-4,10,-7,11,-9,-63,0,12,-13,12,-14,12,-14,12,-14,10,-12,9,-9,7,-7,5,0,4,0,4,-1,5,-4,2,-8,-3,-9,-11,-6,-24,-1,-7,13,4,16,15,8,16,-5,7,-16,-6,-17,-18,-8,-19,7,-8,18,6,19,16,9,16,-4,8,-12,6,-5,-7,-8,-7,-2,-6,0,-4,2,-4,3,-3,6,0,0,4,8,10,4,12,-2,9,-9,2,-14,-7,-13,-23,16,-16,3,-11,13,0,18,12,14,18,2,16,-10,4,-18,-9,-16,-17,-4,-15,9,-3,17,9,14,16,2,23,-21,-2,-14,-12,-5,-10,7,2,12,12,4,11,-7,0,-14]"
CSI_DATA,114225,d8:b1:90:d9:de:f0,-59,11,-99,-38,61,56,1705832979,100,0,228,0,"[-12,-11,-13,-13,-13,-13,-12,-13,-11,-12,-10,-11,-9,-9,64,-4,-6,-6,-5,-5,-4,-4,-3,-3,-2,-2,-1,-1,0,0,0,0,1,2,1,3,1,4,0,6,0,8,41,4,-3,10,-6,11,-8,11,-10,11,-13,10,-16,9,0,0,-20,8,-22,6,-24,5,-24,3,-24,2,-24,1,76,9,-21,0,-19,0,-16,1,-14,2,-10,2,-7,4,-4,5,-2,6,0,8,2,8,4,9,6,10,8,12,-82,0,10,13,11,14,11,14,10,13,8,12,6,11,4,9,4,1,3,0,4,0,6,-1,6,-5,1,-10,-6,-10,-21,-10,-12,8,-3,15,8,14,16,4,15,-9,4,-17,-9,-16,-18,-5,-17,8,-6,18,6,16,15,8,14,-2,6,0,0,-10,-3,-6,-4,-2,-4,-2,-4,-1,-5,0,0,0,-4,6,0,10,6,9,11,4,12,-3,10,-10,-22,-14,-7,-13,-14,-6,-16,4,-10,13,0,18,12,13,17,2,13,-10,2,-16,-10,-14,-16,-2,-12,10,0,16,20,22,14,-2,6,-12,-6,-11,-12,0,-7,10,4,12,12,4]"
CSI_DATA,114226,d8:b1:90:d9:de:f0,-59,11,-99,-38,61,56,1705844843,100,0,228,0,"[15,-7,16,-7,16,-6,16,-7,14,-6,13,-6,11,-5,64,-4,7,-4,6,-4,4,-3,3,-2,2,-2,2,-1,1,0,0,0,-1,0,-2,2,-4,2,-6,1,-8,0,41,4,-11,-1,-12,-2,-14,-4,-15,-6,-15,-8,-16,-10,0,0,-16,-14,-16,-16,-16,-18,-15,-18,-16,-19,-14,-18,-16,9,-13,-16,-12,-14,-11,-11,-10,-8,-9,-5,-7,-2,-6,1,-5,3,-4,5,-2,8,0,10,0,11,1,13,28,0,3,16,3,17,4,17,3,16,2,14,2,12,1,10,-3,3,-2,3,-2,4,0,7,5,8,10,3,10,-5,14,-18,-6,-12,-14,-4,-14,7,-4,15,8,15,17,4,16,-9,4,-18,-10,-16,-18,-4,-16,8,-4,15,5,14,2,6,10,-2,4,-6,1,-4,0,-4,0,-3,-1,-4,0,0,-8,-1,-8,4,-5,9,2,12,10,10,14,2,0,-26,5,-16,-5,-16,-15,-9,-17,2,-12,14,1,18,12,12,17,0,12,-12,-1,-16,-12,-10,-14,2,-8,12,6,28,12,4,9,-7,-1,-12,-10,-4,-9,7,0,12,10,7]"
CSI_DATA,114227,d8:b1:90:d9:de:f0,-59,11,-99,-36,60,56,1705857630,100,0,228,0,"[4,-18,4,-19,5,-19,5,-18,5,-16,4,-14,4,-13,67,-4,2,-9,2,-7,2,-6,1,-4,1,-2,0,-1,0,0,0,0,-1,2,-2,3,-3,4,-5,4,-7,4,43,4,-11,2,-12,0,-14,-2,-15,-4,-16,-7,-16,-10,0,0,-15,-16,-14,-19,-13,-20,-12,-23,-10,-23,-10,-23,79,10,-7,-21,-7,-19,-6,-15,-6,-12,-6,-9,-6,-5,-6,-2,-6,0,-7,2,-7,5,-7,7,-8,9,-8,12,82,10,-9,15,-10,16,-9,15,-10,14,-9,12,-8,10,-7,7,0,4,1,3,2,4,4,4,8,2,9,-4,5,-11,0,-24,-12,-7,-15,4,-9,14,4,16,15,9,18,-3,10,-16,-3,-19,-15,-12,-19,1,-12,13,0,17,9,12,3,6,9,-3,4,-6,1,-4,0,-3,0,-4,-1,-5,0,0,-9,-2,-9,4,-6,9,0,13,7,11,14,4,6,-26,9,-12,1,-16,-9,-14,-16,-5,-16,6,-8,16,4,17,14,10,17,-2,10,-14,-2,-16,-13,-9,-16,3,-16,27,5,13,13,2,9,-9,-2,-12,-12,-4,-11,7,0,14]"
CSI_DATA,114228,d8:b1:90:d9:de:f0,-58,11,-99,-36,60,56,1705867760,100,0,228,0,"[-16,-7,-17,-9,-17,-9,-16,-9,-15,-8,-14,-7,-12,-7,67,-4,-8,-4,-7,-3,-5,-2,-3,-2,-2,-2,0,-1,0,0,1,0,2,0,4,2,4,3,4,5,4,7,43,4,3,12,1,13,0,14,-3,16,-5,17,-8,18,0,0,-13,19,-16,18,-19,18,-20,16,-21,16,-21,14,-51,9,-19,12,-16,11,-14,9,-10,9,-7,7,-4,7,-1,6,2,5,4,4,7,4,9,3,11,3,13,3,-32,0,17,2,18,2,18,2,17,2,15,2,13,3,10,3,4,0,4,0,4,-1,5,-4,3,-8,-2,-10,-10,-7,-24,-2,-9,12,2,16,14,9,17,-3,10,-15,-2,-19,-16,-12,-20,2,-13,16,1,20,13,13,17,1,12,-9,7,-2,-4,-9,-6,-5,-5,-1,-4,0,-5,0,-6,4,0,0,0,9,6,9,12,4,13,-2,9,-11,1,-15,-29,0,-16,-7,-17,3,-12,14,0,19,12,14,18,3,15,-9,4,-17,-8,-15,-16,-4,-14,9,-3,16,9,13,31,4,10,-10,-2,-12,-11,-4,-9,7,1,12,11,6,12,-5]"
CSI_DATA,114229,d8:b1:90:d9:de:f0,-59,11,-99,-39,61,56,1705878481,100,0,228,0,"[17,-2,19,-1,19,-1,18,0,17,0,14,0,13,0,66,-4,8,0,7,0,6,0,4,0,3,0,1,0,0,0,0,0,-2,0,-3,0,-4,0,-6,-2,-6,-4,42,4,-8,-8,-7,-11,-6,-13,-5,-15,-4,-17,-2,-19,0,0,1,-22,3,-23,5,-24,6,-24,8,-24,9,-23,-74,0,8,-19,7,-17,5,-15,3,-13,1,-10,0,-7,-2,-6,-4,-3,-6,-1,-8,0,-10,2,-11,3,-13,4,33,10,-15,7,-15,7,-16,7,-16,6,-14,6,-12,4,-9,2,-4,2,-3,2,-3,4,-2,6,2,8,8,7,13,0,21,-10,1,-15,-10,-12,-16,-1,-13,11,0,17,12,14,19,1,14,-12,2,-19,-11,-15,-18,-3,-15,8,-4,14,-4,6,8,6,7,0,4,-2,3,-2,3,-2,2,-4,0,0,-4,-7,-9,-4,-11,2,-9,8,-2,13,6,13,23,-14,16,-2,11,-12,2,-17,-10,-15,-17,-4,-16,8,-6,17,6,16,16,7,15,-5,6,-15,-6,-14,-14,-4,-26,13,-1,13,9,8,11,-3,2,-11,-8,-8,-13,2,-6,11]"
CSI_DATA,114230,d8:b1:90:d9:de:f0,-58,11,-99,-36,60,56,1705888720,100,0,228,0,"[16,8,18,9,17,9,16,9,16,9,14,7,12,6,67,-4,9,3,7,2,5,2,4,2,2,1,1,0,0,0,-2,0,-2,0,-4,-2,-4,-2,-6,-4,-6,-5,43,4,-6,-10,-4,-12,-3,-14,-1,-16,0,-18,2,-19,0,0,7,-22,9,-23,10,-22,13,-23,13,-22,14,-21,-14,0,12,-19,11,-17,8,-15,5,-12,2,-10,0,-7,-2,-6,-4,-3,-6,-2,-8,0,-9,2,-12,3,-13,5,31,10,-16,8,-16,9,-16,8,-16,8,-14,7,-12,5,-9,4,-5,0,-4,0,-4,0,-5,4,-3,8,2,10,11,7,24,1,8,-13,-3,-15,-14,-9,-17,4,-9,16,5,18,17,9,19,-5,9,-17,-4,-19,-15,-10,-17,2,-9,12,-7,4,6,9,7,3,6,0,4,0,4,-2,4,-4,0,0,-3,-9,-9,-7,-12,0,-11,7,-4,13,4,14,26,-11,16,0,14,-10,4,-17,-7,-16,-16,-7,-18,5,-9,15,4,18,15,9,17,-4,8,-15,-4,-16,-15,-7,-29,14,-2,14,9,9,12,-2,2,-12,-8,-9,-13,2,-5,12]"
CSI_DATA,114231,d8:b1:90:d9:de:f0,-59,11,-99,-38,61,56,1705899492,100,0,228,0,"[17,2,18,2,19,3,18,3,16,2,15,2,12,1,64,-4,8,0,7,0,5,0,4,0,2,0,1,0,0,0,-1,0,-2,0,-4,0,-6,0,-6,-2,-8,-3,41,4,-8,-8,-8,-10,-7,-12,-6,-14,-6,-16,-3,-18,0,0,-1,-22,0,-23,2,-24,4,-24,4,-24,5,-24,24,0,5,-20,4,-18,2,-16,0,-13,0,-10,-2,-7,-4,-4,-5,-2,-6,0,-8,2,-8,5,-10,7,-10,9,79,10,-11,12,-11,13,-11,14,-11,13,-10,11,-8,9,-7,7,-5,0,-4,2,-3,2,-3,5,0,8,6,8,11,2,23,-6,3,-14,-8,-13,-16,-3,-14,9,-3,17,11,14,18,2,15,-11,3,-19,-10,-15,-18,-4,-14,8,-5,14,-4,6,8,6,7,0,5,-1,4,-2,3,-3,2,-6,0,0,-5,-7,-10,-2,-11,3,-7,10,0,13,8,11,20,-18,14,-5,8,-14,-1,-16,-12,-12,-18,0,-14,11,-2,17,10,14,17,3,14,-9,2,-16,-10,-12,-15,0,-20,22,2,13,11,5,10,-6,-1,-10,-10,-4,-10,6,0,12]"
CSI_DATA,114232,d8:b1:90:d9:de:f0,-58,11,-99,-36,60,56,1705910747,100,0,228,0,"[-15,11,-16,11,-17,10,-16,10,-15,9,-13,9,-12,7,67,-4,-7,5,-6,4,-4,4,-3,2,-2,2,-1,0,0,0,0,-1,2,-2,3,-2,4,-2,7,-2,8,-1,43,4,12,1,12,4,13,6,14,8,14,11,14,14,0,0,13,19,12,22,10,23,9,24,9,25,7,25,-79,0,6,22,6,20,6,16,6,13,6,9,6,5,6,2,6,0,7,-2,6,-5,6,-9,5,-10,5,-13,50,0,6,-16,5,-18,5,-18,6,-16,5,-15,5,-12,4,-9,2,-4,1,-4,1,-4,0,-7,-5,-7,-10,-2,-11,6,-13,19,6,14,15,5,15,-7,5,-16,-9,-16,-18,-5,-17,9,-5,19,9,18,19,6,17,-7,7,-16,-4,-14,0,-8,-10,0,-7,3,-3,4,-2,4,-1,5,0,7,0,0,9,2,11,-2,7,-9,0,-13,-7,-12,-13,-5,-7,27,-10,12,0,17,10,14,17,5,17,-7,8,-16,-5,-18,-16,-9,-17,4,-9,16,4,16,15,8,15,-6,10,-30,-8,-12,-13,0,-7,10,5,11,12,1,8,-11,-3,-13]"
CSI_DATA,114233,d8:b1:90:d9:de:f0,-59,11,-99,-38,61,56,1705922381,100,0,228,0,"[-7,16,-8,17,-7,17,-6,16,-6,16,-4,14,-3,12,64,-4,-1,9,0,7,0,5,0,4,0,2,0,2,0,0,0,-1,0,-2,0,-3,0,-5,0,-7,1,-8,41,4,4,-10,6,-11,8,-11,10,-11,12,-11,14,-10,0,0,18,-10,20,-10,22,-10,23,-10,23,-10,22,-10,78,0,20,-10,17,-9,14,-10,10,-8,7,-8,3,-7,0,-6,-2,-5,-6,-4,-7,-2,-9,0,-11,1,-13,2,24,10,-16,5,-16,6,-16,7,-15,7,-13,6,-12,5,-9,4,0,-4,-1,-4,-1,-4,-3,-4,-8,-2,-10,4,-4,11,4,23,14,5,13,-7,4,-16,-9,-14,-18,-2,-14,12,-1,19,13,14,19,0,14,-12,1,-18,-11,-12,-14,-2,-7,-2,-2,9,2,7,4,4,4,3,4,2,6,0,0,0,3,-8,-2,-10,-8,-6,-12,0,-10,8,-4,14,26,4,13,8,16,-2,11,-12,0,-17,-11,-13,-17,-1,-14,11,-2,17,10,12,17,0,12,-12,-1,-16,-12,-8,-29,8,-4,12,7,10,12,-2,4,-10,-7,-8,-12,2,-6,11]"
CSI_DATA,114234,d8:b1:90:d9:de:f0,-59,11,-99,-38,61,56,1705932458,100,0,228,0,"[-2,17,-3,18,-4,18,-4,17,-3,16,-2,14,-2,12,64,-4,0,9,0,7,0,6,0,4,0,3,0,2,0,1,0,0,0,-1,1,-2,2,-4,4,-4,5,-6,41,4,9,-5,11,-4,13,-4,15,-2,17,0,18,1,0,0,20,5,22,7,22,8,22,10,22,11,21,12,65,0,18,10,17,8,15,7,13,5,11,2,8,0,6,-2,4,-4,2,-6,0,-8,0,-9,-2,-11,-3,-13,-40,10,-5,-15,-6,-16,-6,-16,-5,-15,-4,-14,-3,-12,-2,-10,0,-4,-2,-3,-2,-4,-4,-4,-8,-1,-9,5,-4,11,4,23,14,4,14,-7,5,-15,-8,-14,-16,-5,-16,8,-5,18,9,16,18,6,17,-8,6,-16,-6,-15,-13,-7,-4,-3,-6,8,-1,7,1,5,2,3,2,4,3,3,0,0,7,-2,5,-7,0,-10,-7,-10,-12,-4,-13,4,11,24,0,16,10,12,16,4,16,-7,6,-16,-5,-16,-15,-8,-16,4,-8,14,4,16,14,8,15,-4,6,-14,-11,-28,-13,-3,-9,8,2,12,11,4,9,-7,0,-12,-10,-7]"
CSI_DATA,114235,d8:b1:90:d9:de:f0,-58,11,-99,-36,60,56,1705942502,100,0,228,0,"[14,-12,16,-12,16,-12,15,-12,14,-11,12,-10,9,-9,67,-4,7,-7,5,-6,4,-4,2,-3,2,-2,1,0,0,0,0,1,-1,2,-2,2,-4,4,-5,4,-7,4,43,4,-11,3,-13,2,-14,0,-16,-2,-17,-4,-18,-7,0,0,-19,-11,-21,-14,-21,-14,-21,-16,-20,-17,-19,-17,-36,9,-17,-15,-15,-13,-14,-10,-12,-7,-10,-4,-8,-1,-6,1,-4,4,-2,6,0,8,0,9,2,12,4,14,54,0,7,16,8,17,8,17,7,16,6,14,5,12,4,10,-2,4,0,3,0,4,1,6,6,6,11,1,10,-7,10,-22,-9,-12,-16,-2,-13,10,-1,18,12,14,19,0,14,-14,0,-20,-14,-15,-20,0,-14,12,-2,17,9,13,2,8,9,-4,4,-7,1,-5,0,-4,-1,-4,-4,-4,0,0,-9,1,-7,7,-2,12,5,12,12,6,15,-2,-6,-28,2,-16,-8,-14,-16,-7,-17,5,-9,16,3,18,14,11,18,-2,11,-14,-2,-18,-14,-9,-16,4,-7,14,12,30,13,4,9,-9,-2,-12,-11,-3,-8,8,2,13,12,6]"
CSI_DATA,114236,d8:b1:90:d9:de:f0,-59,11,-99,-39,61,56,1705952533,100,0,228,0,"[13,-13,13,-13,13,-13,13,-13,11,-13,10,-11,8,-10,66,-4,5,-8,4,-6,3,-4,2,-4,2,-2,1,-1,1,0,0,2,0,2,0,4,-2,5,-3,6,-4,7,42,4,-8,7,-11,7,-13,6,-15,6,-17,4,-19,3,0,0,-22,0,-24,0,-24,-2,-26,-3,-25,-3,-25,-4,83,9,-22,-3,-19,-2,-17,0,-13,0,-10,2,-6,2,-4,4,-1,4,2,5,4,5,7,5,9,6,12,5,-44,0,16,5,17,5,17,4,16,4,15,4,13,4,10,3,-2,4,0,4,0,5,2,6,8,4,11,-1,8,-10,4,-23,-11,-9,-15,2,-9,13,3,17,15,9,18,-4,9,-17,-6,-19,-17,-9,-19,5,-9,16,4,17,12,9,6,7,8,-6,2,-8,0,-6,-2,-4,-4,-4,-6,-2,0,0,-6,6,-2,10,4,11,11,7,14,-1,11,-11,-21,-19,-7,-15,-15,-7,-17,4,-10,15,2,17,14,11,18,-1,11,-13,-1,-17,-13,-11,-16,2,-8,13,4,15,28,11,11,-6,0,-11,-8,-5,-8,5,0,10,10,5,11,-5]"
CSI_DATA,114237,d8:b1:90:d9:de:f0,-59,11,-99,-36,60,56,1705963097,100,0,228,0,"[-10,-14,-12,-16,-12,-16,-12,-15,-11,-13,-11,-11,-9,-9,67,-4,-7,-6,-6,-4,-4,-3,-3,-2,-2,-1,0,-1,0,0,2,0,3,0,4,1,5,2,6,3,7,4,43,4,7,9,7,11,6,13,4,15,4,16,2,19,0,0,0,23,-1,24,-2,25,-2,26,-3,26,-4,25,-37,10,-2,23,-1,20,0,16,1,14,2,10,4,7,4,4,4,0,5,-2,5,-5,5,-9,5,-11,4,-13,53,0,4,-17,2,-18,2,-19,2,-18,2,-16,1,-12,1,-10,4,2,4,0,4,0,6,-1,5,-5,0,-10,-7,-9,-22,-8,-11,10,0,16,12,12,16,-1,11,-14,-2,-19,-16,-11,-19,3,-11,16,4,19,16,9,16,-2,9,-12,7,-6,-6,-8,-7,-2,-5,0,-4,2,-4,3,-3,6,0,0,6,7,11,2,12,-4,7,-12,-1,-14,-10,-10,-19,22,-14,8,-7,15,4,16,15,9,18,-2,11,-14,-1,-19,-14,-11,-18,2,-10,14,3,16,14,8,14,-5,9,-29,-8,-11,-12,0,-4,10,7,9,11,-2,4,-12,-7,-10]"
CSI_DATA,114238,d8:b1:90:d9:de:f0,-59,11,-99,-39,61,56,1705973148,100,0,228,0,"[-9,15,-11,16,-11,16,-10,15,-9,15,-8,13,-6,11,66,-4,-4,8,-3,6,-2,5,-2,4,-2,2,0,1,0,0,0,-1,1,-2,2,-3,3,-4,4,-4,6,-4,42,4,11,-3,12,-1,13,0,15,2,16,5,17,8,0,0,17,13,17,15,17,17,17,19,15,19,15,19,-48,0,12,18,11,15,11,13,8,9,8,7,6,3,6,0,5,-2,4,-4,4,-7,2,-9,2,-12,1,-13,34,0,0,-17,0,-19,0,-18,0,-17,0,-15,1,-13,1,-9,0,-4,0,-3,0,-4,-2,-5,-6,-4,-9,1,-7,9,-4,23,11,9,15,0,10,-12,-1,-17,-13,-11,-18,2,-12,15,1,19,14,13,19,0,13,-13,1,-16,-8,-12,-3,-7,-9,3,-4,6,-2,5,0,4,0,5,3,5,0,0,8,0,8,-6,3,-11,-4,-12,-11,-8,-15,0,0,27,-6,15,4,15,13,11,17,0,13,-11,2,-17,-9,-15,-17,-4,-14,8,-3,17,8,14,16,2,12,-9,1,-30,-10,-8,-12,3,-3,11,8,7,11,-2,4,-12,-7,-11]"
CSI_DATA,114239,d8:b1:90:d9:de:f0,-59,11,-99,-39,61,56,1705983687,100,0,228,0,"[14,-10,16,-10,16,-10,15,-10,15,-8,13,-8,11,-7,66,-4,7,-5,6,-4,4,-4,4,-2,2,-2,1,-1,0,0,0,0,-1,1,-2,2,-4,2,-6,2,-8,1,42,4,-11,-1,-12,-3,-13,-6,-14,-8,-14,-10,-14,-13,0,0,-13,-17,-13,-19,-12,-22,-11,-23,-11,-23,-10,-24,72,10,-8,-20,-8,-17,-7,-15,-6,-11,-6,-8,-6,-5,-5,-2,-5,1,-5,4,-5,6,-4,9,-4,11,-4,13,-43,10,-3,17,-4,17,-4,17,-4,17,-4,15,-3,13,-3,9,-2,4,-1,3,-1,4,0,6,5,6,10,2,11,-6,13,-19,-6,-13,-15,-4,-14,8,-4,17,8,16,18,4,16,-9,4,-19,-9,-17,-18,-6,-17,8,-6,15,4,14,1,7,10,0,6,-4,2,-4,1,-4,0,-4,0,-5,0,0,-8,-2,-10,3,-6,9,0,13,7,11,14,4,5,-26,9,-13,0,-17,-11,-13,-17,-3,-15,9,-5,17,7,16,16,6,16,-6,6,-15,-6,-15,-15,-5,-13,7,-6,30,9,10,13,-1,4,-11,-6,-9,-11,1,-6,11,6,12]"
CSI_DATA,114240,d8:b1:90:d9:de:f0,-59,11,-99,-35,60,56,1705994498,100,0,228,0,"[-11,-14,-11,-15,-11,-15,-11,-15,-10,-14,-8,-13,-8,-10,66,-4,-6,-6,-4,-5,-3,-4,-2,-3,-1,-2,0,0,0,0,1,0,2,2,2,3,3,4,3,6,2,7,42,4,0,11,-2,12,-4,13,-6,14,-8,15,-11,15,0,0,-16,15,-19,13,-20,13,-22,12,-23,11,-23,11,-81,9,-19,9,-17,9,-14,8,-11,7,-8,6,-4,6,-1,6,0,5,4,4,7,4,9,4,12,3,14,2,-30,0,17,2,18,1,18,1,17,1,15,2,12,2,9,2,4,2,3,1,4,0,6,0,6,-4,2,-10,-6,-10,-20,-12,-13,7,-4,15,8,14,16,4,15,-9,4,-17,-10,-15,-19,-4,-16,10,-4,18,8,16,15,5,13,-5,7,-1,0,-10,-4,-6,-4,-3,-4,-2,-5,0,-6,2,0,0,-1,9,4,9,10,6,13,0,11,-8,4,-13,-27,-3,-13,-8,-17,1,-12,11,-2,17,9,15,17,5,16,-7,6,-16,-7,-15,-15,-6,-15,7,-4,15,8,13,30,3,9,-10,-2,-12,-11,-4,-8,7,2,12,11,4,11,-6]"
CSI_DATA,114241,d8:b1:90:d9:de:f0,-59,11,-99,-39,61,56,1706004894,100,0,228,0,"[-6,17,-7,17,-7,17,-6,17,-6,16,-5,14,-4,13,66,-4,-2,8,-2,7,-1,6,0,4,0,3,0,2,0,0,0,0,0,-2,0,-3,2,-4,4,-5,5,-6,42,4,8,-6,11,-6,14,-5,15,-4,17,-2,19,0,0,0,22,1,24,3,25,4,25,6,25,6,24,7,82,0,22,6,19,4,16,3,13,2,11,0,8,-2,4,-4,2,-5,0,-6,-2,-8,-4,-8,-6,-10,-8,-11,80,10,-12,-11,-13,-13,-13,-13,-12,-12,-11,-11,-8,-9,-6,-8,0,-4,0,-4,-1,-4,-4,-4,-8,-2,-10,4,-5,11,1,24,13,6,15,-6,6,-15,-6,-16,-17,-6,-17,8,-6,18,8,17,18,6,17,-8,6,-17,-6,-16,-13,-7,-5,-4,-6,8,-1,8,2,5,2,4,2,3,5,2,0,0,7,-4,4,-9,-2,-11,-9,-8,-13,-1,-13,8,17,22,4,16,13,11,18,0,14,-12,2,-18,-11,-15,-17,-3,-15,9,-4,17,10,15,17,2,13,-10,0,-16,-22,-22,-13,2,-4,12,7,10,11,-2,4,-11,-6,-11,-13,-1]"
CSI_DATA,114242,d8:b1:90:d9:de:f0,-59,11,-99,-39,61,56,1706015288,100,0,228,0,"[7,-16,7,-17,8,-17,6,-17,6,-16,5,-14,4,-12,66,-4,2,-8,1,-7,0,-6,0,-4,0,-3,0,-1,0,0,0,1,0,2,0,4,-1,4,-2,6,-4,6,42,4,-8,8,-10,8,-13,7,-15,6,-17,6,-18,5,0,0,-22,2,-24,1,-25,0,-26,0,-26,-1,-25,-1,84,9,-22,0,-19,0,-17,1,-13,2,-10,3,-6,4,-3,6,0,6,2,6,5,6,7,6,9,6,11,6,-54,0,15,7,17,7,16,6,16,6,14,5,12,5,8,4,0,4,0,4,1,4,4,5,8,2,9,-4,5,-11,-2,-23,-14,-6,-14,6,-6,15,7,15,17,5,16,-9,4,-18,-10,-17,-19,-4,-17,9,-4,17,8,15,13,4,6,3,5,-8,0,-7,-2,-4,-2,-3,-3,-3,-5,-2,0,0,-7,6,-2,10,4,10,11,6,14,-1,11,-10,-22,-16,-7,-15,-15,-7,-17,4,-9,15,2,18,14,11,18,-1,11,-13,-1,-17,-13,-10,-16,2,-8,13,4,15,28,13,12,-7,0,-13,-11,-6,-10,6,0,13,11,6,12,-4]"
CSI_DATA,114243,d8:b1:90:d9:de:f0,-59,11,-99,-36,61,56,1706026896,100,0,228,0,"[-12,11,-13,11,-13,11,-13,11,-11,10,-10,10,-8,8,60,-4,-5,6,-4,5,-3,4,-2,3,-1,2,0,1,0,0,0,0,1,-1,2,-1,3,-1,5,-1,6,-1,39,3,10,0,11,1,13,3,13,6,14,8,15,9,0,0,15,13,15,15,14,17,14,19,14,19,13,19,4,0,12,17,11,14,10,11,9,8,8,5,8,2,6,0,5,-2,5,-5,4,-7,3,-9,1,-11,0,-13,-6,9,0,-16,0,-17,0,-17,0,-15,0,-13,0,-11,0,-8,1,-3,0,-3,1,-3,0,-5,-5,-6,-10,-1,-9,6,-9,20,8,11,15,2,12,-9,2,-16,-10,-13,-17,-1,-13,11,-1,18,11,13,17,1,13,-10,2,-15,-6,-11,-2,-4,-8,3,-4,5,-1,4,0,3,0,3,1,4,0,0,8,0,8,-4,4,-8,-1,-11,-8,-8,-13,-1,0,24,-6,13,2,15,12,10,16,0,13,-10,1,-17,-10,-13,-16,-3,-13,9,-2,16,10,12,15,1,10,-10,-1,-29,-11,-6,-11,5,-1,12,9,7,11,-5,3,-12,-8,-10]"
CSI_DATA,114244,d8:b1:90:d9:de:f0,-59,11,-99,-38,61,56,1706037742,100,0,228,0,"[12,-13,14,-14,14,-13,13,-13,12,-12,10,-11,8,-9,64,-4,6,-7,4,-6,3,-4,2,-3,2,-2,1,0,0,0,0,1,-1,2,-2,4,-3,4,-5,4,-7,4,41,4,-10,2,-12,0,-14,-2,-15,-4,-16,-6,-16,-8,0,0,-17,-14,-17,-16,-17,-18,-17,-19,-16,-20,-16,-20,8,10,-13,-17,-12,-15,-11,-12,-10,-9,-8,-6,-7,-2,-6,0,-6,3,-4,6,-2,8,-1,10,0,12,0,14,2,0,2,17,2,18,3,18,2,16,2,14,2,12,0,10,-2,4,0,3,0,4,1,6,6,6,11,0,10,-8,8,-22,-9,-11,-16,-1,-12,10,-1,17,12,13,18,0,14,-13,0,-19,-13,-14,-18,-1,-14,11,-2,16,7,12,2,7,9,-2,4,-5,2,-5,0,-4,0,-5,-3,-6,0,0,-8,0,-8,6,-3,10,3,12,10,8,14,0,-2,-26,6,-14,-4,-15,-13,-10,-17,0,-12,12,-1,18,11,14,17,2,14,-10,2,-17,-11,-13,-16,0,-10,12,3,30,12,7,12,-6,1,-12,-10,-7,-11,5,-2,13,9,10]"
CSI_DATA,114245,d8:b1:90:d9:de:f0,-58,11,-99,-31,59,56,1706048564,100,0,228,0,"[-17,-5,-19,-1,-19,2,-17,7,-13,11,-8,13,-4,12,66,-4,2,8,3,6,4,4,4,2,3,0,2,0,0,0,-1,0,-2,1,-2,2,-3,4,-3,4,-3,6,42,4,-4,9,-3,12,-2,13,0,15,2,17,4,19,0,0,13,19,15,16,20,14,24,9,26,4,25,0,-77,0,19,-12,13,-15,6,-15,0,-14,-3,-11,-6,-6,-7,-1,-6,4,-3,7,0,9,5,10,11,8,14,5,-39,0,17,-4,15,-9,13,-13,8,-15,3,-15,0,-12,-2,-9,3,0,2,-1,2,-1,2,-4,-4,-7,-11,0,-6,10,6,25,15,1,9,-13,-7,-15,-17,-2,-10,15,8,17,19,1,11,-16,-8,-18,-18,-1,-11,15,4,15,14,4,5,0,0,-8,-4,-4,-4,0,-3,1,-3,2,-1,5,0,0,8,2,7,-5,2,-11,-6,-8,-11,0,-8,10,26,5,12,7,14,-6,5,-15,-9,-14,-17,0,-9,15,7,17,17,2,11,-14,-6,-16,-17,-1,-8,14,8,13,33,-3,4,-15,-11,-9,-12,6,3,12,13,0,5,-13,-10,-11]"
CSI_DATA,114246,d8:b1:90:d9:de:f0,-59,11,-99,-35,60,56,1706058719,100,0,228,0,"[8,16,8,17,8,17,8,17,8,15,8,13,6,11,66,-4,5,7,4,5,4,4,3,3,2,2,1,1,0,0,0,0,-1,-2,-2,-2,-2,-4,-2,-6,-2,-7,42,4,0,-11,2,-12,2,-14,4,-15,6,-16,9,-17,0,0,13,-17,15,-18,17,-19,18,-18,19,-18,19,-17,19,0,15,-16,13,-15,10,-13,7,-12,4,-10,1,-8,-2,-6,-4,-4,-6,-2,-8,-1,-10,0,-12,2,-13,3,28,10,-15,6,-15,7,-16,8,-15,7,-14,6,-11,5,-8,4,-3,-3,-2,-2,-4,-2,-6,0,-8,4,-3,11,5,11,20,15,14,-6,5,-15,-8,-15,-17,-4,-15,9,-4,18,11,16,19,3,17,-11,3,-18,-10,-15,-16,-4,-13,6,-5,2,3,9,5,5,4,1,4,0,4,0,5,-2,0,0,0,-8,-6,-8,-11,-3,-12,4,-7,11,0,14,27,-4,15,4,15,-6,8,-15,-3,-17,-15,-11,-18,2,-12,14,2,17,14,11,17,-2,9,-14,-4,-16,-14,-6,-29,11,-2,14,9,9,12,-2,3,-12,-8,-9,-13,2,-6,12]"
CSI_DATA,114247,d8:b1:90:d9:de:f0,-59,11,-99,-36,60,56,1706069512,100,0,228,0,"[17,4,19,5,19,5,18,4,16,4,15,2,13,2,67,-4,9,0,7,0,6,0,4,0,2,0,1,0,0,0,-1,0,-2,0,-3,0,-4,0,-6,-1,-7,-2,43,4,-8,-6,-9,-9,-8,-11,-7,-14,-7,-16,-6,-18,0,0,-4,-21,-3,-24,-2,-25,-2,-26,-1,-26,-1,-26,-1,10,-2,-22,-2,-19,-3,-16,-4,-14,-4,-9,-5,-6,-5,-3,-7,0,-6,2,-7,5,-7,8,-6,11,-5,12,-71,10,-4,16,-4,17,-4,17,-4,16,-3,14,-2,12,-2,9,-4,0,-3,0,-4,1,-4,4,-2,9,5,9,12,3,24,-4,4,-14,-8,-14,-16,-3,-14,9,-3,18,11,15,19,2,15,-12,2,-19,-12,-15,-18,-2,-14,10,-3,14,-2,6,9,4,7,-1,4,-2,3,-2,2,-3,2,-5,0,0,-7,-4,-10,0,-9,5,-4,11,3,13,11,9,13,-24,12,-9,4,-15,-6,-16,-15,-8,-17,4,-9,15,3,17,14,10,17,-2,9,-14,-4,-16,-14,-7,-14,6,-9,29,9,11,13,0,6,-11,-7,-10,-12,0,-6,12,5,12]"
CSI_DATA,114248,d8:b1:90:d9:de:f0,-59,11,-99,-37,61,56,1706080004,100,0,228,0,"[-9,15,-10,16,-9,16,-9,16,-8,15,-7,13,-5,11,62,-4,-2,8,-1,6,-1,5,0,3,0,2,0,0,0,0,0,-1,0,-3,0,-4,0,-5,1,-7,2,-7,40,3,6,-8,9,-7,11,-7,13,-7,15,-5,18,-4,0,0,20,-1,23,0,24,0,25,1,25,1,25,1,-79,0,22,0,19,0,16,-1,13,-3,10,-3,6,-4,3,-5,0,-5,-2,-5,-5,-5,-7,-5,-10,-5,-12,-5,39,9,-16,-3,-18,-3,-18,-2,-16,-1,-14,-1,-12,-1,-9,-1,0,-5,0,-3,0,-3,-2,-5,-7,-4,-10,2,-7,10,0,24,12,7,14,-4,7,-14,-5,-16,-16,-7,-16,7,-6,18,8,17,18,6,16,-7,5,-16,-6,-14,-12,-5,-6,-5,-5,7,-1,7,1,5,1,4,4,3,7,1,0,0,6,-6,0,-11,-6,-9,-11,-4,-12,3,-8,11,22,16,8,12,14,5,15,-5,8,-14,-2,-16,-13,-11,-17,1,-11,12,1,16,13,10,16,-3,8,-14,-5,-14,-29,-9,-11,7,0,12,10,5,9,-6,-1,-12,-11,-5,-11,6]"
CSI_DATA,114249,d8:b1:90:d9:de:f0,-58,11,-99,-36,60,56,1706090459,100,0,228,0,"[13,-13,14,-14,14,-14,14,-14,11,-14,9,-12,8,-11,67,-4,4,-8,3,-7,2,-4,2,-4,1,-2,0,-1,0,0,0,1,0,2,0,3,-1,4,-2,6,-4,7,43,4,-9,7,-10,7,-12,6,-14,6,-16,5,-19,4,0,0,-23,1,-24,0,-26,0,-26,0,-26,0,-26,-1,84,9,-23,0,-21,0,-16,2,-14,3,-10,4,-7,5,-3,5,0,6,2,5,6,5,8,4,11,4,14,4,-32,0,17,2,18,2,19,0,17,0,16,0,13,0,10,0,-2,4,0,4,0,4,2,7,7,5,12,-1,9,-9,5,-26,-12,-10,-16,2,-10,14,3,17,16,9,19,-5,9,-18,-7,-19,-19,-8,-18,7,-8,18,5,16,14,7,6,4,6,-7,1,-8,-1,-5,-2,-4,-3,-4,-6,-2,0,0,-7,7,0,10,5,10,12,4,13,-2,9,-12,-24,-16,-8,-14,-16,-4,-16,6,-8,16,4,18,16,9,18,-3,9,-15,-4,-17,-15,-8,-16,5,-5,15,7,14,31,6,9,-9,-2,-12,-12,-4,-8,7,3,12,12,3,10,-8]"
CSI_DATA,114250,d8:b1:90:d9:de:f0,-59,11,-99,-38,61,56,1706100750,100,0,228,0,"[8,16,8,17,8,18,8,16,7,16,6,13,6,12,64,-4,5,8,4,6,4,4,2,4,1,2,1,1,0,0,0,0,0,-2,0,-4,0,-4,0,-6,0,-7,41,4,4,-8,6,-9,9,-9,12,-8,14,-7,16,-6,0,0,20,-4,22,-2,23,0,25,0,24,1,24,2,-78,0,22,2,19,1,17,0,14,0,11,-1,8,-3,5,-4,2,-6,0,-7,-2,-8,-4,-8,-6,-10,-8,-10,-83,10,-12,-12,-12,-13,-12,-13,-11,-12,-10,-11,-8,-10,-6,-8,-4,-2,-2,0,-2,-2,-5,-1,-8,2,-4,8,2,12,16,17,14,-3,8,-12,-3,-16,-15,-9,-17,4,-9,16,4,18,16,10,18,-4,11,-16,-2,-17,-13,-10,-14,0,-6,0,-2,9,2,6,3,4,3,2,4,2,6,1,0,0,5,-6,0,-9,-6,-8,-10,-4,-12,2,-8,10,21,16,6,12,12,8,16,-2,11,-11,2,-16,-10,-13,-16,-2,-14,8,-4,16,9,14,16,3,13,-9,2,-16,-20,-23,-14,0,-6,12,6,11,12,0,7,-10,-4,-12,-12,-4]"
CSI_DATA,114251,d8:b1:90:d9:de:f0,-59,11,-99,-36,61,56,1706110830,100,0,228,0,"[-15,7,-17,7,-17,7,-16,8,-15,6,-13,6,-11,5,60,-4,-6,5,-5,4,-4,3,-2,2,-1,1,0,0,0,0,1,-1,2,-2,3,-1,5,-2,6,-3,7,-2,39,3,10,0,10,2,11,4,11,7,11,10,11,11,0,0,10,17,10,18,10,20,8,21,8,22,7,22,-70,0,6,20,6,17,6,15,6,11,5,8,5,5,6,1,5,-1,5,-4,4,-5,4,-8,3,-10,3,-13,28,0,1,-16,1,-17,1,-17,1,-16,1,-15,1,-12,1,-9,1,-3,0,-3,1,-3,1,-5,-3,-6,-8,-4,-11,3,-15,16,3,13,13,6,15,-5,6,-14,-6,-16,-16,-6,-17,6,-6,17,6,17,16,6,15,-5,6,-13,-2,-13,0,-8,-8,0,-5,3,-3,3,-2,3,-1,5,0,6,0,0,8,1,9,-3,5,-9,0,-11,-8,-9,-11,-2,-5,26,-8,10,0,13,8,11,15,4,14,-6,6,-14,-5,-15,-13,-7,-15,5,-6,14,5,15,14,5,13,-6,5,-29,-8,-10,-11,0,-5,10,6,8,11,0,5,-11,-5,-10]"
CSI_DATA,114252,d8:b1:90:d9:de:f0,-59,11,-99,-36,60,56,1706121982,100,0,228,0,"[-5,-18,-5,-19,-4,-19,-4,-19,-4,-17,-4,-15,-4,-14,67,-4,-2,-9,-2,-7,-2,-5,-1,-4,0,-2,0,-1,1,0,1,1,2,2,2,4,2,5,1,7,0,8,43,4,-3,10,-5,11,-9,11,-11,10,-14,10,-16,9,0,0,-21,6,-24,4,-24,3,-26,1,-26,0,-26,0,89,9,-23,-1,-21,0,-18,0,-14,1,-11,2,-7,3,-4,4,-1,5,1,5,4,7,7,7,9,7,11,8,-72,0,15,9,16,9,16,9,15,9,13,8,11,7,8,6,4,3,3,2,3,2,5,1,8,-2,5,-8,-2,-12,-14,-19,-14,2,-9,12,2,16,14,10,18,-3,10,-15,-3,-19,-16,-12,-19,2,-12,16,1,19,12,12,15,0,8,2,3,-9,-2,-7,-2,-5,-4,-4,-4,-2,-7,0,0,0,-5,8,0,11,7,9,12,3,13,-4,8,-12,-24,-15,-8,-12,-15,-4,-16,5,-9,14,2,17,13,12,17,0,13,-12,0,-17,-12,-13,-16,0,-11,12,1,16,25,18,13,-3,4,-12,-7,-9,-10,2,-3,11,7,9,13,0]"
CSI_DATA,114253,d8:b1:90:d9:de:f0,-59,11,-99,-35,60,56,1706135588,100,0,228,0,"[-8,16,-10,17,-11,17,-10,16,-9,15,-8,14,-6,11,66,-4,-4,8,-3,6,-2,5,-2,4,-2,2,-1,1,-1,0,0,-1,0,-2,1,-4,2,-5,4,-5,6,-6,42,4,11,-4,12,-3,14,-1,15,0,17,3,18,6,0,0,19,10,19,13,19,15,18,17,18,18,17,18,3,0,15,17,13,15,11,12,10,9,8,6,7,3,5,0,4,-2,2,-4,2,-7,0,-9,0,-11,-2,-13,-8,10,-3,-17,-3,-18,-2,-18,-2,-17,-2,-16,-1,-13,0,-11,0,-5,0,-4,-1,-4,-4,-5,-8,-3,-10,3,-6,10,-3,24,12,8,15,-2,10,-13,-2,-17,-15,-11,-19,3,-11,15,2,19,16,11,19,-2,12,-14,0,-17,-9,-11,-4,-7,-9,4,-4,6,-1,6,0,5,2,6,4,5,0,0,10,-2,8,-8,2,-12,-6,-12,-12,-6,-15,2,5,28,-2,15,7,15,15,8,17,-2,11,-13,0,-17,-12,-13,-17,0,-13,11,-1,17,11,12,16,0,11,-11,-4,-30,-11,-7,-11,4,-2,11,8,6,9,-4,2,-11,-8,-8]"
CSI_DATA,114254,d8:b1:90:d9:de:f0,-59,11,-99,-38,61,56,1706146838,100,0,228,0,"[-16,8,-16,8,-17,8,-16,8,-16,8,-14,7,-12,6,64,-4,-8,5,-7,4,-6,3,-4,2,-3,2,-2,1,0,0,0,0,2,0,3,0,4,0,6,0,7,1,41,4,9,5,10,7,10,9,9,12,8,14,7,16,0,0,4,20,3,22,2,23,0,24,0,24,-2,24,-3,10,-2,22,-1,19,0,17,0,14,2,10,3,8,4,5,6,2,7,0,8,-2,9,-4,10,-6,11,-7,-52,0,13,-10,14,-11,14,-11,14,-10,12,-9,11,-8,8,-6,2,-4,1,-2,2,-4,1,-6,-4,-7,-9,-4,-12,4,-17,17,4,14,14,8,16,-4,8,-14,-4,-17,-16,-8,-18,5,-9,16,4,18,16,10,18,-3,10,-13,0,-15,0,-6,-10,-2,-6,2,-3,4,-1,3,-2,3,-1,5,0,0,6,5,10,1,10,-4,6,-10,-2,-12,-10,-9,-17,20,-13,6,-6,14,2,16,13,11,16,0,12,-11,2,-16,-10,-14,-16,-3,-14,9,-2,16,10,12,15,1,22,-20,-2,-14,-12,-6,-10,6,0,12,10,7,12,-4,4,-12]"
CSI_DATA,114255,d8:b1:90:d9:de:f0,-59,11,-99,-39,61,56,1706156864,100,0,228,0,"[16,-7,18,-7,18,-7,17,-7,17,-6,14,-6,13,-6,66,-4,8,-4,6,-4,6,-3,4,-2,3,-2,2,-1,0,0,0,0,-2,2,-3,2,-4,2,-6,1,-7,0,42,4,-11,-2,-12,-4,-13,-6,-13,-8,-13,-11,-13,-13,0,0,-11,-18,-11,-20,-10,-22,-9,-24,-8,-24,-7,-24,68,10,-6,-21,-6,-18,-6,-15,-6,-12,-6,-8,-6,-5,-6,-2,-6,0,-5,3,-5,6,-5,8,-4,11,-4,13,-32,10,-4,17,-3,18,-3,18,-4,17,-3,16,-3,13,-3,10,-3,3,-2,3,-2,4,0,6,4,6,9,4,12,-4,16,-17,-4,-14,-14,-6,-16,5,-7,15,6,17,17,7,17,-7,7,-18,-7,-18,-17,-8,-17,6,-8,15,3,15,0,7,10,0,6,-3,2,-4,1,-4,1,-4,0,-5,0,0,-8,-2,-10,2,-7,9,-1,13,6,11,13,4,7,-26,9,-12,0,-16,-10,-13,-17,-3,-15,8,-6,17,6,16,15,7,16,-6,6,-15,-6,-15,-15,-5,-13,7,-6,30,9,10,12,-1,5,-11,-6,-9,-11,1,-5,11,6,12]"
CSI_DATA,114256,d8:b1:90:d9:de:f0,-59,11,-99,-35,60,56,1706167355,100,0,228,0,"[15,10,15,11,15,11,15,11,15,10,13,8,11,7,66,-4,8,4,8,3,6,2,4,1,3,1,1,0,0,0,0,0,-1,0,-3,-1,-4,-2,-4,-4,-5,-6,42,4,-5,-9,-4,-12,-3,-13,-2,-15,0,-17,1,-19,0,0,5,-22,8,-22,8,-23,10,-23,11,-23,11,-22,-33,0,9,-20,8,-18,6,-15,4,-13,1,-11,-1,-8,-3,-6,-4,-4,-6,-1,-8,1,-9,3,-11,5,-11,7,39,10,-13,11,-14,12,-14,12,-13,11,-13,10,-11,8,-8,6,-4,-1,-4,0,-4,0,-5,3,-4,7,2,11,9,7,24,4,8,-11,-2,-15,-14,-9,-17,3,-9,15,4,18,17,10,19,-4,10,-17,-4,-19,-15,-10,-17,3,-9,12,-4,5,6,8,8,1,5,0,4,-1,4,-2,4,-4,0,0,-3,-8,-8,-5,-11,0,-10,8,-2,13,6,14,24,-13,16,-2,12,-12,1,-17,-10,-15,-17,-4,-15,8,-6,17,7,15,16,6,15,-7,4,-15,-8,-14,-16,-3,-25,18,0,13,11,6,11,-5,0,-11,-10,-6,-11,5,-2,13]"
CSI_DATA,114257,d8:b1:90:d9:de:f0,-59,11,-99,-35,60,56,1706177359,100,0,228,0,"[-6,-17,-6,-19,-7,-19,-7,-18,-7,-17,-6,-14,-6,-12,66,-4,-5,-7,-4,-6,-3,-4,-2,-3,-1,-2,0,-1,0,0,2,0,3,1,4,2,4,4,5,5,5,7,42,4,4,11,2,13,1,15,0,15,-2,17,-4,18,0,0,-8,21,-11,21,-12,22,-13,22,-13,22,-13,22,17,10,-11,19,-9,18,-7,15,-4,13,-2,11,0,7,2,5,4,2,6,0,7,-2,8,-4,9,-7,11,-9,-59,0,11,-14,11,-15,11,-15,11,-15,9,-13,8,-11,6,-8,4,4,4,2,4,1,6,0,7,-4,3,-10,-4,-11,-19,-15,-13,6,-4,15,8,15,17,4,15,-10,3,-18,-11,-15,-19,-2,-15,12,-2,19,11,15,17,2,13,-8,8,-3,-3,-10,-6,-5,-6,-2,-5,0,-6,1,-5,4,0,0,3,10,9,6,12,0,11,-8,4,-14,-5,-14,-26,13,-15,2,-11,12,-2,17,9,15,17,4,16,-8,6,-17,-8,-16,-16,-5,-15,8,-4,16,9,14,16,2,22,-22,-2,-13,-11,-4,-9,6,2,11,11,3,9,-8,-1,-13]"
CSI_DATA,114258,d8:b1:90:d9:de:f0,-60,11,-99,-35,61,56,1706187412,100,0,228,0,"[-15,6,-17,6,-17,6,-16,5,-15,4,-13,4,-12,4,58,-4,-8,3,-6,3,-5,2,-3,1,-3,1,-1,0,0,0,1,0,1,0,3,0,4,0,6,0,6,1,38,3,8,4,8,7,8,9,7,12,6,14,5,15,0,0,2,19,1,21,0,22,-2,22,-3,23,-3,22,-44,9,-3,19,-3,17,-2,15,0,12,1,10,2,7,3,5,4,3,6,0,7,-1,9,-3,9,-5,11,-6,-37,0,12,-9,13,-11,13,-10,13,-9,12,-7,10,-6,7,-4,3,-3,1,-2,1,-2,1,-4,-2,-6,-7,-4,-11,1,-17,14,1,13,11,8,15,-2,9,-12,-2,-15,-14,-9,-17,3,-10,14,2,17,13,11,17,-1,11,-11,1,-13,1,-6,-8,-3,-6,1,-3,3,-2,2,-1,3,-1,5,0,0,5,6,9,1,9,-4,5,-9,-1,-12,-8,-9,-17,18,-13,4,-7,12,1,15,11,11,15,1,13,-8,4,-15,-7,-14,-15,-4,-14,7,-4,15,7,13,14,3,23,-16,0,-12,-10,-6,-11,4,-1,11,9,7,11,-3,3,-11]"
CSI_DATA,114259,d8:b1:90:d9:de:f0,-59,11,-99,-35,60,56,1706199585,100,0,228,0,"[-18,0,-19,0,-20,0,-19,0,-17,0,-15,0,-13,0,66,-4,-9,1,-7,1,-6,0,-4,0,-2,0,-1,0,0,0,0,-1,2,-2,4,-2,5,-2,7,-1,8,0,42,4,11,2,12,5,12,8,12,10,13,12,11,15,0,0,11,19,10,21,9,24,8,25,8,24,7,24,86,0,6,22,6,19,6,16,6,13,6,9,6,4,6,2,5,-1,4,-4,4,-7,3,-9,2,-11,1,-13,10,0,0,-17,-1,-19,0,-18,0,-17,0,-15,0,-13,0,-11,5,-2,3,-2,3,-3,2,-6,-1,-8,-8,-7,-13,0,-22,11,0,15,11,11,17,0,11,-13,-1,-18,-15,-11,-19,2,-12,16,2,20,15,12,18,-1,11,-12,0,-15,2,-9,-10,-2,-8,2,-4,4,-3,4,-2,6,0,7,0,0,9,3,11,-3,7,-10,0,-13,-8,-11,-14,-4,-7,28,-9,13,0,17,11,13,17,3,15,-9,5,-17,-8,-16,-17,-6,-16,7,-5,16,8,15,15,4,13,-9,1,-31,-10,-8,-11,2,-2,11,8,7,11,-4,2,-12,-8,-9]"
CSI_DATA,114260,d8:b1:90:d9:de:f0,-59,11,-99,-38,61,56,1706209663,100,0,228,0,"[-4,-16,-5,-18,-5,-18,-5,-17,-5,-16,-5,-14,-5,-11,64,-4,-4,-8,-4,-6,-3,-4,-2,-4,-1,-2,0,-2,0,0,1,0,2,1,3,2,3,4,4,6,4,7,41,4,2,10,1,12,0,14,-1,16,-2,17,-4,18,0,0,-8,20,-10,20,-11,22,-12,22,-12,22,-12,21,53,10,-10,19,-8,17,-6,15,-4,12,-1,10,0,8,2,5,5,2,6,0,7,-2,8,-4,8,-6,9,-9,-78,0,10,-13,10,-14,10,-14,9,-14,8,-12,7,-10,6,-8,2,4,3,2,4,2,6,0,8,-4,4,-10,-4,-11,-18,-16,-13,5,-5,14,7,14,16,4,15,-9,4,-18,-10,-15,-18,-3,-15,11,-2,18,10,14,16,3,13,-7,7,-2,-3,-9,-6,-4,-5,-1,-4,0,-4,1,-4,4,0,0,2,9,8,6,12,0,10,-7,4,-13,-5,-14,-24,12,-16,2,-11,12,-1,16,10,14,17,4,15,-8,4,-17,-9,-14,-16,-4,-14,9,-2,16,10,12,15,0,19,-22,-3,-12,-11,-4,-8,7,2,10,10,2,8,-8,-2,-12]"
CSI_DATA,114261,d8:b1:90:d9:de:f0,-59,11,-99,-38,61,56,1706220574,100,0,228,0,"[0,18,0,19,0,20,1,19,2,17,2,15,2,12,64,-4,2,8,2,6,2,5,2,4,0,2,0,1,0,0,-1,0,-1,-2,-2,-3,-2,-5,-2,-6,-2,-8,41,4,0,-10,2,-12,4,-12,6,-14,8,-15,10,-15,0,0,14,-17,16,-16,18,-17,18,-17,18,-17,18,-17,49,0,15,-16,13,-15,10,-13,7,-12,4,-10,0,-8,-2,-6,-4,-4,-6,-2,-8,0,-9,2,-11,4,-12,6,26,10,-14,10,-14,11,-14,12,-13,12,-12,10,-9,8,-8,6,-2,-4,-2,-2,-2,-2,-5,-2,-8,1,-6,8,0,12,13,20,14,-1,10,-12,-3,-16,-14,-10,-17,4,-9,16,6,18,18,8,18,-7,8,-18,-6,-17,-15,-6,-14,4,-8,1,0,10,4,6,4,3,4,1,5,0,6,-2,0,0,0,-10,-6,-8,-10,-3,-12,4,-7,12,1,14,27,-6,15,3,14,-7,6,-15,-4,-16,-14,-9,-17,3,-10,14,3,17,14,9,16,-4,8,-15,-6,-15,-15,-5,-26,16,0,14,10,8,11,-4,0,-11,-10,-6,-11,5,-2,13]"
CSI_DATA,114262,d8:b1:90:d9:de:f0,-59,11,-99,-36,60,56,1706230911,100,0,228,0,"[16,-7,18,-7,18,-8,16,-8,15,-8,13,-7,11,-7,67,-4,7,-6,5,-4,4,-4,2,-2,2,-2,1,0,1,0,0,2,0,2,-1,4,-2,5,-4,6,-5,6,43,4,-9,7,-11,6,-13,5,-15,4,-17,2,-19,2,0,0,-23,0,-24,-2,-24,-2,-26,-3,-26,-3,-25,-2,82,9,-22,-2,-20,0,-17,0,-14,2,-10,2,-7,4,-3,4,0,4,2,4,6,4,8,4,10,4,13,3,-32,0,17,1,19,0,18,0,17,0,15,0,13,0,10,0,-4,3,-2,4,-2,4,0,7,5,7,10,2,11,-7,12,-20,-8,-12,-16,-2,-13,10,-1,17,12,13,19,0,13,-14,-2,-20,-15,-12,-19,2,-12,14,1,17,11,10,5,7,8,-5,2,-7,0,-6,-1,-5,-3,-4,-6,-3,0,0,-8,6,-2,11,4,11,12,6,14,-2,10,-11,-22,-19,-8,-14,-16,-5,-16,6,-8,15,4,18,15,10,18,-3,9,-14,-3,-17,-15,-8,-16,5,-6,14,7,14,30,5,9,-9,-2,-12,-10,-2,-7,7,4,10,12,2,8,-9]"
CSI_DATA,114263,d8:b1:90:d9:de:f0,-59,11,-99,-38,61,56,1706244098,100,0,228,0,"[15,-7,16,-7,17,-6,16,-6,15,-6,13,-5,12,-5,64,-4,8,-4,7,-3,6,-2,4,-2,2,-1,2,0,0,0,0,0,-1,0,-2,0,-4,0,-6,0,-7,-1,41,4,-9,-5,-10,-7,-10,-9,-10,-12,-9,-14,-8,-16,0,0,-6,-20,-4,-22,-4,-24,-2,-24,-1,-24,0,-24,9,0,0,-21,0,-19,0,-16,-2,-13,-3,-10,-4,-7,-4,-4,-5,-2,-6,0,-7,3,-8,5,-8,7,-9,9,59,10,-11,12,-11,13,-12,12,-12,12,-10,10,-10,8,-8,6,-3,2,-2,3,-2,4,0,7,4,8,10,4,12,-4,17,-16,-4,-14,-13,-8,-16,4,-8,14,4,17,16,8,18,-5,9,-16,-4,-18,-16,-10,-18,3,-10,13,0,14,0,6,10,2,6,-3,3,-4,1,-3,1,-4,1,-5,0,0,-6,-5,-9,-1,-10,5,-5,11,2,13,10,10,16,-22,14,-8,6,-15,-5,-16,-14,-9,-17,2,-12,13,0,18,12,12,17,0,12,-11,0,-16,-11,-10,-15,1,-18,22,4,12,11,4,9,-7,-2,-10,-10,-4,-10,6,0,12]"
CSI_DATA,114264,d8:b1:90:d9:de:f0,-58,11,-99,-35,60,56,1706255341,100,0,228,0,"[6,-17,7,-18,6,-18,6,-17,4,-17,3,-15,2,-13,66,-4,0,-9,0,-7,0,-5,0,-4,0,-2,0,-1,1,0,1,2,2,2,2,4,2,6,2,7,0,8,42,4,-2,11,-4,12,-6,13,-8,13,-10,14,-13,14,0,0,-17,15,-19,14,-20,15,-22,15,-22,15,-21,14,-80,9,-18,13,-15,13,-13,12,-8,11,-6,8,-2,7,0,5,4,3,6,2,8,0,9,-2,11,-4,12,-6,-29,0,14,-11,14,-11,14,-13,13,-12,11,-11,9,-9,8,-7,0,5,1,4,1,4,4,5,8,2,10,-5,4,-12,-5,-24,-15,-4,-13,9,-2,17,11,14,18,1,13,-13,0,-19,-15,-13,-19,1,-13,15,1,19,13,11,15,0,8,2,2,-10,-2,-7,-4,-4,-4,-2,-6,-1,-7,1,0,0,-1,10,5,10,11,4,13,-3,9,-11,0,-15,-29,1,-15,-4,-15,6,-8,15,3,17,15,11,18,-2,11,-14,-2,-17,-14,-11,-17,3,-8,14,5,15,14,6,26,-15,1,-13,-9,-7,-10,4,0,11,10,5,11,-6,0,-13]"
CSI_DATA,114265,d8:b1:90:d9:de:f0,-59,11,-99,-35,60,56,1706267096,100,0,228,0,"[-2,18,-2,19,-2,19,-2,19,-1,17,0,15,0,13,66,-4,1,9,2,7,1,6,1,4,0,3,0,1,0,0,0,-1,0,-2,0,-3,0,-5,0,-6,1,-8,42,4,4,-10,6,-11,8,-11,11,-11,13,-11,15,-11,0,0,20,-9,22,-8,24,-8,24,-8,25,-8,25,-8,-75,0,22,-7,19,-7,15,-7,12,-7,8,-6,4,-6,2,-6,-2,-6,-4,-5,-7,-4,-9,-3,-12,-2,-14,-1,29,10,-17,0,-19,0,-19,1,-17,1,-16,1,-13,0,-11,0,0,-4,-1,-3,-1,-4,-4,-4,-8,0,-8,6,-2,13,9,23,15,2,13,-10,1,-17,-11,-13,-18,0,-13,13,0,19,15,13,20,-1,13,-15,-1,-19,-13,-11,-15,0,-6,0,-2,10,2,7,4,3,3,2,4,2,6,0,0,0,3,-8,-1,-11,-8,-8,-12,-1,-12,6,-5,13,26,7,12,10,17,0,13,-11,3,-17,-8,-16,-17,-5,-16,7,-5,16,8,16,17,4,14,-8,2,-16,-11,-12,-32,0,-8,11,4,12,12,2,6,-9,-5,-11,-13,-2,-9,9]"
CSI_DATA,114266,d8:b1:90:d9:de:f0,-59,11,-99,-38,61,56,1706277175,100,0,228,0,"[-17,4,-18,5,-18,5,-17,6,-16,6,-14,6,-12,6,64,-4,-8,5,-5,4,-4,4,-3,2,-2,2,-1,0,0,0,0,-1,1,-2,2,-3,4,-4,5,-4,7,-4,41,4,10,-4,12,-2,14,-1,15,0,16,1,18,3,0,0,20,6,22,8,22,9,22,10,23,10,22,10,77,0,20,8,18,6,16,4,13,2,10,0,7,-2,4,-3,2,-5,0,-6,-3,-7,-6,-7,-9,-8,-11,-8,49,10,-15,-8,-16,-7,-16,-6,-16,-6,-14,-5,-12,-4,-9,-4,4,-2,2,-2,2,-4,2,-6,-3,-8,-9,-4,-12,4,-15,18,6,14,14,5,15,-7,4,-16,-10,-14,-18,-3,-15,12,-2,19,12,15,19,2,14,-11,2,-17,-8,-12,-4,-7,-9,4,-4,6,0,6,0,4,2,5,4,4,0,0,8,-3,6,-9,0,-11,-8,-9,-13,-2,-12,6,16,23,4,15,12,10,17,0,12,-12,1,-17,-11,-14,-17,-2,-14,10,-2,16,11,13,16,0,10,-12,-2,-14,-26,-14,-12,6,-1,12,9,6,10,-5,0,-11,-10,-7,-12,4]"
CSI_DATA,114267,d8:b1:90:d9:de:f0,-59,11,-99,-38,61,56,1706287790,100,0,228,0,"[-11,13,-12,14,-13,14,-12,12,-12,12,-10,10,-8,10,64,-4,-5,7,-4,6,-4,4,-3,4,-2,2,-1,2,0,1,0,0,2,-1,3,-1,4,-2,6,-2,7,-1,41,4,10,1,12,3,12,6,12,8,12,11,12,13,0,0,11,18,10,20,9,22,8,23,7,23,6,23,55,0,4,21,4,19,4,16,4,12,4,9,4,6,5,4,6,0,6,-2,7,-4,7,-6,8,-8,8,-10,-76,0,10,-14,10,-14,10,-14,10,-14,10,-12,8,-10,7,-7,1,-4,1,-3,1,-4,-1,-6,-6,-5,-10,0,-10,8,-9,22,8,12,15,2,13,-9,2,-16,-10,-14,-18,-3,-15,10,-3,19,10,16,19,4,16,-9,5,-16,-6,-14,-2,-6,-10,2,-5,4,-2,4,0,3,0,4,0,5,0,0,8,4,10,-1,8,-8,2,-12,-5,-12,-12,-6,-10,24,-12,11,-2,16,8,15,16,6,16,-5,9,-15,-2,-17,-14,-10,-16,2,-10,13,2,16,12,9,15,-2,16,-24,-5,-12,-12,-2,-8,8,2,11,11,3,10,-8,0,-13]"
CSI_DATA,114268,d8:b1:90:d9:de:f0,-59,11,-99,-37,61,56,1706298176,100,0,228,0,"[-9,15,-10,15,-11,15,-11,14,-9,13,-8,12,-7,11,62,-4,-4,7,-3,6,-2,4,-1,3,-1,1,-1,0,0,0,0,-1,1,-3,1,-3,3,-5,4,-5,6,-5,40,3,10,-3,12,-1,13,0,14,1,16,4,16,7,0,0,17,12,16,14,16,16,16,18,15,19,14,19,-43,0,12,18,11,15,9,12,9,10,7,7,6,3,5,0,4,-1,3,-4,3,-7,1,-9,1,-11,0,-13,25,0,-1,-16,-1,-18,-1,-18,0,-16,0,-15,0,-12,0,-9,1,-4,0,-3,0,-4,-2,-5,-7,-4,-10,1,-8,9,-5,22,10,9,15,0,10,-12,-1,-16,-13,-11,-18,1,-12,14,1,19,14,12,18,0,12,-12,1,-16,-8,-11,-3,-8,-9,3,-4,5,-1,5,0,5,1,5,3,5,0,0,9,-1,8,-7,2,-11,-5,-11,-11,-7,-14,0,1,27,-5,14,5,14,12,9,16,0,12,-11,1,-16,-9,-14,-16,-3,-13,9,-3,16,9,13,15,2,11,-9,0,-29,-9,-7,-11,3,-2,10,7,7,10,-3,3,-11,-7,-9]"
CSI_DATA,114269,d8:b1:90:d9:de:f0,-59,11,-99,-38,61,56,1706308953,100,0,228,0,"[-10,14,-11,15,-12,15,-12,15,-10,14,-9,12,-7,10,64,-4,-4,8,-4,6,-3,4,-2,4,-2,2,-1,1,0,0,0,-1,1,-2,2,-4,4,-4,4,-4,6,-4,41,4,10,-2,12,-1,14,0,15,2,16,5,16,8,0,0,18,13,17,15,17,17,16,18,15,20,14,20,0,0,12,18,11,16,10,12,9,9,8,7,7,3,6,0,5,-1,4,-4,3,-7,2,-10,1,-11,0,-14,3,0,0,-17,0,-18,0,-18,0,-17,0,-16,0,-12,0,-10,1,-4,0,-3,0,-4,-2,-6,-6,-5,-10,0,-8,9,-5,24,10,10,16,0,12,-12,0,-17,-13,-12,-18,0,-13,14,1,20,14,14,18,0,13,-12,2,-16,-8,-12,-4,-7,-9,3,-4,6,-1,5,0,4,1,4,3,5,0,0,10,0,8,-6,3,-11,-4,-12,-10,-8,-14,0,0,28,-5,15,4,16,14,10,17,-1,13,-12,2,-18,-10,-14,-16,-2,-14,9,-3,16,9,13,16,2,12,-10,0,-30,-10,-8,-12,3,-2,11,8,7,11,-4,3,-12,-8,-10]"
CSI_DATA,114270,d8:b1:90:d9:de:f0,-58,11,-99,-36,60,56,1706320185,100,0,228,0,"[-2,-18,-2,-19,-3,-19,-4,-19,-4,-17,-4,-14,-4,-13,67,-4,-4,-9,-4,-7,-3,-4,-2,-3,-1,-2,0,-1,0,0,1,0,2,1,3,2,4,4,4,5,4,7,43,4,3,11,2,12,1,14,0,16,0,18,-2,19,0,0,-5,22,-6,24,-7,24,-8,25,-9,25,-8,24,-60,10,-6,21,-4,19,-2,16,0,14,1,10,3,7,4,4,5,0,5,-2,6,-4,6,-7,6,-10,6,-12,47,0,4,-16,4,-18,3,-19,2,-17,2,-16,2,-14,2,-10,2,4,3,3,4,2,7,2,9,-2,5,-9,-3,-12,-17,-17,-14,4,-6,14,7,15,17,5,16,-9,4,-19,-12,-16,-20,-2,-16,12,-2,20,12,15,17,2,12,-9,7,-3,-4,-9,-7,-4,-6,0,-4,0,-4,2,-4,4,0,0,3,9,9,5,12,-2,9,-9,1,-14,-9,-13,-23,19,-16,5,-9,15,2,17,14,11,19,-2,12,-14,0,-18,-13,-12,-17,1,-10,13,2,16,14,8,14,-5,10,-29,-7,-10,-12,0,-4,10,7,8,12,-2,4,-12,-7,-10]"
CSI_DATA,114271,d8:b1:90:d9:de:f0,-59,11,-99,-35,60,56,1706330269,100,0,228,0,"[18,3,19,4,19,4,18,4,17,4,15,3,13,2,66,-4,9,1,7,0,6,0,4,0,2,0,1,0,0,1,-1,1,-3,0,-4,0,-6,0,-7,-2,-8,-3,42,4,-8,-7,-8,-9,-8,-12,-6,-14,-5,-17,-3,-19,0,0,0,-22,2,-24,4,-25,6,-25,6,-25,6,-24,63,0,6,-22,5,-19,4,-16,2,-14,0,-11,-1,-7,-2,-4,-4,-2,-6,0,-7,2,-8,5,-9,7,-10,8,68,10,-11,13,-12,13,-13,13,-12,13,-11,11,-9,9,-8,6,-5,0,-4,2,-4,2,-4,5,-1,8,6,9,12,3,24,-4,4,-15,-8,-14,-16,-4,-15,8,-4,18,10,16,19,4,17,-11,4,-19,-10,-17,-18,-5,-16,7,-6,14,-5,7,8,6,7,1,6,0,5,-2,4,-4,2,-6,0,0,-6,-7,-11,-3,-11,4,-7,11,0,14,9,12,22,-19,15,-6,8,-14,-1,-17,-12,-13,-18,-2,-15,10,-4,17,8,15,17,4,15,-8,3,-16,-8,-13,-15,-2,-22,21,1,13,11,6,9,-6,0,-11,-10,-4,-11,6,-1,13]"
CSI_DATA,114272,d8:b1:90:d9:de:f0,-59,11,-99,-38,61,56,1706342482,100,0,228,0,"[18,-1,19,-1,20,-1,18,-2,17,-2,15,-3,13,-3,64,-4,8,-4,6,-3,5,-2,4,-2,2,-1,1,0,0,0,0,0,-2,2,-3,2,-4,2,-6,2,-8,2,41,4,-11,0,-12,0,-14,-2,-14,-4,-15,-6,-16,-9,0,0,-16,-13,-17,-14,-18,-16,-18,-18,-18,-18,-18,-17,-20,9,-16,-15,-15,-12,-14,-9,-12,-6,-10,-3,-8,0,-6,2,-4,4,-2,6,0,8,2,10,5,11,7,12,76,0,10,13,12,14,12,13,12,12,10,11,9,9,7,7,-4,2,-2,2,-3,2,-2,5,1,8,8,6,12,0,20,-14,-2,-14,-13,-9,-16,3,-8,14,5,18,16,8,18,-7,7,-18,-8,-18,-18,-7,-17,7,-6,16,4,14,1,8,9,-2,5,-4,2,-4,0,-4,0,-5,-2,-6,0,0,-9,0,-8,6,-3,11,5,12,11,6,14,-2,-6,-27,2,-14,-8,-13,-15,-5,-16,6,-8,15,4,16,15,9,17,-4,8,-14,-4,-16,-15,-7,-14,6,-4,15,18,24,14,0,6,-10,-5,-10,-12,0,-5,10,6,11,13,1]"
CSI_DATA,114273,d8:b1:90:d9:de:f0,-59,11,-99,-39,61,56,1706353182,100,0,228,0,"[7,17,7,18,8,18,8,17,8,15,8,13,7,11,66,-4,6,7,4,5,4,4,2,3,2,2,0,1,0,0,-2,0,-2,-1,-4,-2,-5,-3,-5,-4,-6,-6,42,4,-5,-10,-4,-11,-3,-14,-1,-15,0,-17,1,-19,0,0,4,-22,6,-23,7,-24,8,-24,8,-24,8,-24,-59,0,6,-22,4,-19,4,-17,2,-13,0,-10,-2,-6,-3,-4,-4,-1,-5,1,-6,4,-6,7,-6,9,-6,11,-88,10,-6,16,-6,17,-6,17,-5,16,-4,15,-4,13,-3,9,-3,-4,-3,-2,-4,-2,-6,0,-7,4,-2,10,6,11,19,13,13,-7,3,-16,-9,-13,-17,-2,-14,11,-1,19,13,14,20,0,14,-14,0,-19,-13,-13,-17,0,-12,9,-8,4,4,9,6,4,6,0,5,0,5,-2,4,-6,0,0,-4,-8,-11,-4,-12,2,-8,11,0,14,8,13,22,-17,15,-5,9,-14,-2,-17,-13,-11,-18,0,-13,12,-1,17,11,13,17,1,13,-12,0,-16,-12,-10,-15,3,-14,27,6,11,12,1,6,-8,-4,-9,-11,0,-6,10,4,11]"
CSI_DATA,114274,d8:b1:90:d9:de:f0,-59,11,-99,-36,60,56,1706364326,100,0,228,0,"[16,-8,17,-8,17,-8,16,-9,15,-9,12,-8,11,-7,67,-4,7,-7,5,-5,4,-4,2,-4,2,-2,0,-1,0,0,0,0,-1,1,-2,2,-3,3,-4,4,-7,4,43,4,-10,3,-12,2,-14,1,-16,0,-16,-2,-19,-3,0,0,-21,-7,-21,-9,-22,-9,-23,-11,-23,-11,-23,-11,-63,9,-20,-9,-19,-7,-16,-5,-14,-2,-11,0,-8,2,-5,4,-2,5,0,6,2,7,4,9,7,9,9,10,-82,0,14,10,15,11,15,10,14,9,12,8,11,7,8,6,-3,3,-2,3,-2,4,0,6,4,8,10,3,11,-6,13,-21,-7,-13,-15,-3,-14,9,-2,17,11,14,19,1,14,-13,0,-20,-14,-14,-19,0,-13,13,0,17,9,12,4,6,9,-4,3,-7,0,-5,-1,-4,-1,-4,-4,-4,0,0,-8,2,-5,8,0,11,8,9,13,3,14,-6,-14,-24,-2,-16,-12,-12,-17,0,-14,10,-2,17,9,15,17,4,14,-9,3,-16,-9,-14,-16,-2,-12,10,0,16,24,19,12,-3,3,-12,-8,-8,-11,3,-2,11,8,9,12,-1]"
CSI_DATA,114275,d8:b1:90:d9:de:f0,-59,11,-99,-39,61,56,1706374542,100,0,228,0,"[-11,-15,-11,-15,-12,-16,-12,-15,-11,-14,-11,-11,-10,-9,66,-4,-7,-5,-6,-3,-5,-3,-4,-2,-2,-2,-1,0,0,0,2,0,3,0,4,1,6,1,7,2,7,4,42,4,8,7,8,10,8,12,7,14,6,17,6,17,0,0,4,22,2,24,1,24,1,26,0,25,1,25,-40,10,2,22,2,20,4,17,4,13,4,9,4,6,5,2,4,0,4,-3,4,-6,3,-8,1,-11,0,-13,37,0,-1,-17,-2,-18,-2,-17,-3,-18,-3,-15,-2,-13,-1,-9,4,3,4,1,4,0,6,-1,5,-6,0,-10,-8,-8,-22,-7,-11,10,0,16,13,11,17,-2,10,-15,-4,-18,-17,-10,-19,6,-9,17,6,19,16,8,16,-4,8,-13,6,-6,-7,-7,-8,-2,-6,1,-4,2,-4,4,-2,6,0,0,7,6,12,0,10,-7,4,-13,-4,-13,-13,-8,-13,25,-12,11,-2,17,8,15,17,5,16,-7,6,-17,-6,-17,-17,-6,-15,6,-5,16,7,14,15,3,13,-9,0,-30,-11,-7,-11,4,-1,11,8,5,9,-5,0,-12,-10,-6]"
CSI_DATA,114276,d8:b1:90:d9:de:f0,-59,11,-99,-39,61,56,1706385635,100,0,228,0,"[3,-17,4,-18,5,-19,5,-17,5,-16,4,-15,4,-12,66,-4,2,-8,2,-7,2,-6,1,-4,0,-2,0,-2,0,0,0,0,-1,2,-2,2,-3,4,-4,4,-6,4,42,4,-11,2,-13,1,-15,0,-15,-2,-16,-5,-17,-8,0,0,-17,-13,-17,-16,-16,-18,-15,-20,-14,-21,-13,-21,20,10,-11,-19,-9,-17,-8,-14,-7,-11,-6,-8,-6,-4,-6,-1,-5,0,-4,3,-5,6,-5,8,-5,11,-4,13,-48,10,-5,16,-6,17,-6,17,-6,16,-6,14,-6,11,-5,8,0,4,1,4,2,4,4,5,8,2,10,-4,5,-11,-1,-24,-13,-6,-15,4,-8,15,4,16,15,8,18,-4,10,-17,-4,-19,-16,-11,-19,2,-11,15,0,17,10,11,4,6,8,-4,4,-6,0,-4,0,-4,0,-4,-2,-5,0,0,-9,0,-8,5,-4,10,2,13,9,9,15,2,2,-28,7,-14,-2,-17,-12,-11,-17,-1,-15,10,-5,17,7,16,16,6,16,-6,6,-15,-6,-15,-15,-6,-13,6,-9,28,8,11,12,0,6,-10,-5,-10,-11,0,-8,9,2,13]"
CSI_DATA,114277,d8:b1:90:d9:de:f0,-59,11,-99,-36,61,56,1706396665,100,0,228,0,"[14,8,15,10,14,10,14,10,13,9,11,8,10,7,60,-4,6,5,6,3,4,2,3,1,2,1,1,0,0,0,0,0,-1,-1,-2,-3,-3,-3,-1,-5,-1,-6,39,3,1,-10,3,-10,5,-10,8,-11,10,-10,13,-10,0,0,17,-8,19,-7,21,-6,22,-4,23,-3,23,-2,-70,0,20,-1,18,-1,15,-1,13,-1,10,-2,6,-3,4,-5,1,-5,0,-6,-3,-7,-5,-8,-6,-9,-8,-10,79,9,-11,-11,-11,-11,-11,-12,-10,-11,-9,-11,-6,-10,-5,-8,-4,0,-2,0,-3,0,-5,1,-5,5,0,10,6,8,22,6,10,-8,1,-14,-9,-11,-15,-1,-13,10,-1,17,10,14,17,2,15,-10,3,-17,-8,-15,-14,-5,-13,5,-6,1,0,9,4,5,3,2,3,1,4,1,5,0,0,0,3,-7,-1,-8,-6,-7,-10,-2,-11,4,-6,10,22,11,8,11,13,4,14,-5,8,-12,-1,-15,-11,-11,-15,-1,-11,10,-1,15,9,12,15,1,11,-9,0,-14,-20,-20,-12,1,-5,10,5,10,11,0,6,-9,-3,-11,-11,-3]"
CSI_DATA,114278,d8:b1:90:d9:de:f0,-59,11,-99,-38,61,56,1706407851,100,0,228,0,"[10,14,10,16,11,16,10,15,10,14,10,12,8,10,64,-4,7,6,6,4,4,3,4,2,2,2,1,1,0,0,-1,0,-2,-1,-2,-2,-4,-3,-4,-4,-5,-6,41,4,-4,-10,-3,-12,-2,-14,0,-15,0,-16,2,-18,0,0,6,-21,7,-22,8,-22,10,-22,10,-22,10,-22,-46,0,9,-20,8,-18,5,-16,3,-13,0,-10,-1,-8,-3,-5,-5,-2,-6,0,-7,2,-8,5,-9,7,-10,9,60,10,-10,13,-10,14,-10,15,-10,14,-8,12,-7,10,-6,8,-4,-2,-3,-1,-4,-1,-6,0,-6,5,-1,10,6,10,22,10,12,-8,2,-15,-10,-12,-17,-1,-13,12,0,18,14,13,19,-1,13,-15,0,-19,-14,-12,-17,0,-11,10,-6,4,5,8,7,3,6,0,4,-1,4,-2,4,-4,0,0,-3,-8,-8,-5,-11,0,-9,8,-2,13,6,13,24,-14,15,-2,11,-12,0,-16,-11,-13,-17,-3,-14,9,-4,16,8,14,16,4,14,-9,2,-16,-10,-12,-15,0,-20,22,2,12,12,4,9,-7,-2,-11,-11,-3,-9,8,1,12]"
CSI_DATA,114279,d8:b1:90:d9:de:f0,-58,11,-99,-36,60,56,1706418337,100,0,228,0,"[18,5,19,6,19,6,18,4,17,4,16,3,14,2,67,-4,9,0,8,0,6,0,4,0,2,0,2,0,0,0,0,0,-2,1,-3,1,-5,0,-7,0,-8,0,43,4,-11,-4,-12,-5,-12,-8,-12,-11,-12,-12,-12,-14,0,0,-12,-19,-12,-21,-12,-22,-12,-24,-11,-24,-11,-23,65,10,-10,-20,-9,-16,-9,-14,-9,-11,-8,-7,-7,-3,-6,0,-4,2,-3,5,-1,7,0,10,0,12,2,14,28,0,5,16,7,17,7,17,6,16,6,14,4,12,3,10,-5,0,-4,1,-4,2,-4,4,-1,9,5,9,12,2,24,-6,3,-15,-9,-13,-16,-2,-14,11,-1,19,14,14,20,0,14,-15,0,-21,-14,-14,-19,0,-12,12,0,16,-1,8,10,2,7,-2,4,-4,2,-4,1,-5,0,-7,0,0,-9,-2,-10,3,-7,9,0,14,9,11,15,3,4,-29,7,-15,-3,-16,-14,-11,-18,0,-13,12,-1,18,12,14,18,1,13,-12,0,-17,-12,-12,-16,1,-9,13,9,29,12,4,9,-7,-2,-11,-10,-3,-8,7,2,12,12,5]"
CSI_DATA,114280,d8:b1:90:d9:de:f0,-58,11,-99,-35,60,56,1706428813,100,0,228,0,"[-10,15,-11,16,-12,16,-11,15,-11,14,-9,13,-8,11,66,-4,-5,8,-4,6,-3,5,-2,4,-2,2,0,1,0,0,0,0,1,-1,2,-2,4,-2,6,-2,8,-2,42,4,11,0,12,2,13,4,14,7,14,10,13,13,0,0,13,17,12,20,11,22,10,24,8,24,8,24,-78,0,6,22,5,19,5,16,5,13,5,10,6,6,6,3,6,0,6,-2,6,-5,7,-7,7,-10,8,-12,79,0,8,-15,8,-16,8,-16,8,-15,8,-13,8,-11,6,-8,0,-4,0,-3,0,-4,-2,-5,-6,-5,-11,0,-9,8,-7,24,10,11,16,1,13,-11,0,-17,-13,-14,-19,0,-15,13,-1,20,13,15,19,3,16,-10,4,-17,-6,-13,-2,-7,-10,2,-5,5,-2,5,0,4,0,4,1,6,0,0,8,2,9,-3,6,-8,0,-13,-7,-11,-14,-5,-8,27,-11,12,-1,16,9,14,16,6,17,-6,8,-15,-4,-17,-14,-11,-17,2,-11,14,2,17,14,9,15,-4,15,-28,-6,-13,-13,-2,-8,9,3,11,12,3,10,-8,0,-13]"
CSI_DATA,114281,d8:b1:90:d9:de:f0,-59,11,-99,-36,60,56,1706444101,100,0,228,0,"[14,-12,16,-12,16,-12,15,-12,14,-11,12,-10,10,-9,67,-4,7,-6,5,-5,4,-4,2,-2,2,-2,1,0,0,0,0,1,-1,3,-3,3,-4,4,-5,4,-7,4,43,4,-11,2,-13,0,-14,-1,-15,-4,-16,-6,-16,-9,0,0,-16,-14,-16,-17,-16,-18,-16,-20,-14,-21,-14,-21,37,10,-12,-19,-11,-16,-10,-14,-9,-10,-7,-7,-7,-3,-5,0,-4,2,-3,4,-2,7,-1,10,0,12,0,14,-4,10,2,17,2,19,2,18,2,17,2,15,1,13,0,9,-2,4,0,4,0,4,0,6,5,6,10,1,10,-7,10,-21,-8,-12,-15,-3,-14,9,-2,17,11,14,19,2,15,-12,2,-20,-12,-16,-19,-2,-15,10,-4,16,6,14,2,9,10,-2,6,-4,2,-5,1,-5,0,-6,-3,-6,0,0,-10,0,-9,6,-3,12,3,12,11,9,15,1,0,-29,5,-14,-4,-16,-14,-10,-17,0,-13,12,-1,18,10,14,17,3,14,-9,2,-16,-9,-13,-16,-2,-11,10,2,30,11,7,12,-4,1,-12,-9,-7,-10,4,-2,12,9,9]"
CSI_DATA,114282,d8:b1:90:d9:de:f0,-59,11,-99,-39,61,56,1706454804,100,0,228,0,"[-13,13,-13,13,-14,13,-13,13,-12,12,-11,11,-8,10,66,-4,-6,7,-4,6,-4,4,-2,3,-1,2,-1,2,0,0,0,0,1,-2,2,-3,3,-3,5,-3,6,-4,42,4,11,-2,13,0,14,1,15,2,17,5,17,7,0,0,18,12,18,14,19,16,18,17,18,18,17,18,0,0,15,16,14,14,12,11,11,8,9,5,8,2,6,0,4,-3,3,-5,2,-8,0,-10,0,-12,-2,-14,-13,10,-4,-17,-4,-17,-4,-17,-4,-17,-4,-15,-2,-13,-2,-10,2,-4,0,-3,0,-4,-1,-6,-6,-6,-11,0,-9,8,-8,23,10,11,16,1,12,-11,1,-17,-12,-13,-19,0,-14,13,0,20,13,14,19,0,14,-13,2,-17,-8,-13,-4,-6,-9,4,-4,6,-1,4,0,4,1,4,2,4,0,0,9,0,8,-6,3,-11,-4,-12,-11,-7,-14,0,4,27,-3,15,6,15,15,7,17,-4,11,-14,-1,-18,-13,-12,-17,0,-11,13,0,17,12,11,15,-2,8,-13,-7,-29,-13,-4,-10,7,0,12,10,4,9,-6,0,-13,-11,-8]"
CSI_DATA,114283,d8:b1:90:d9:de:f0,-59,11,-99,-35,60,56,1706465888,100,0,228,0,"[-17,7,-18,7,-18,6,-17,6,-16,6,-14,6,-12,5,66,-4,-8,4,-6,4,-5,3,-4,2,-2,1,-1,0,0,0,0,0,2,-1,4,-2,4,-2,6,-2,8,0,42,4,11,2,11,4,12,6,12,9,12,12,11,14,0,0,10,19,8,21,7,23,6,24,6,24,5,24,54,0,4,22,4,19,4,16,4,12,5,9,5,5,5,2,5,0,6,-2,6,-5,5,-8,5,-10,5,-12,61,0,5,-16,4,-17,4,-17,4,-16,4,-14,4,-12,4,-8,3,-3,2,-3,2,-3,1,-6,-3,-7,-8,-4,-11,2,-17,16,3,14,13,8,16,-4,8,-15,-6,-17,-16,-8,-18,6,-8,17,6,19,17,9,17,-4,9,-13,-1,-14,0,-8,-10,-2,-6,2,-4,4,-2,4,-2,5,0,6,0,0,8,3,10,-2,7,-8,1,-12,-6,-12,-13,-6,-9,25,-11,11,-2,16,8,14,15,6,17,-6,8,-15,-4,-17,-14,-9,-17,3,-8,15,4,16,14,8,15,-5,10,-28,-7,-11,-12,0,-6,10,5,10,12,0,7,-11,-4,-12]"
CSI_DATA,114284,d8:b1:90:d9:de:f0,-59,11,-99,-39,61,56,1706476678,100,0,228,0,"[15,11,15,12,15,12,15,11,13,11,13,9,11,8,66,-4,8,5,6,4,4,2,3,2,2,2,0,1,0,0,-2,0,-3,0,-4,-1,-4,-3,-5,-4,-5,-6,42,4,-4,-11,-2,-13,0,-14,1,-16,3,-17,6,-18,0,0,11,-19,13,-19,15,-19,17,-19,17,-19,17,-17,-2,0,16,-15,14,-13,11,-12,8,-11,5,-8,2,-6,0,-6,-3,-4,-5,-2,-7,-1,-9,0,-11,1,-13,2,33,10,-16,4,-17,4,-17,4,-16,4,-15,4,-13,2,-10,1,-5,-1,-4,0,-4,0,-5,3,-4,7,1,11,9,8,24,5,10,-11,-1,-15,-13,-11,-17,1,-12,14,1,19,15,12,19,-1,13,-15,0,-19,-13,-13,-17,-1,-12,9,-8,4,4,10,6,5,6,1,5,0,5,-2,5,-4,0,0,-1,-9,-8,-7,-12,-2,-12,6,-6,13,2,15,28,-5,16,2,15,-7,7,-15,-4,-17,-15,-11,-18,2,-12,13,0,17,13,12,17,0,11,-12,-1,-16,-13,-9,-29,7,-5,11,6,10,11,0,4,-9,-6,-9,-12,0,-7,10]"
CSI_DATA,114285,d8:b1:90:d9:de:f0,-59,11,-99,-36,60,56,1706486983,100,0,228,0,"[-2,19,-2,20,-2,20,-2,19,-2,18,-1,16,0,14,67,-4,0,9,0,7,0,5,0,4,0,2,0,1,-1,0,-1,0,-1,-2,-1,-4,0,-6,0,-7,1,-8,43,4,4,-10,7,-10,9,-11,12,-10,14,-9,16,-8,0,0,21,-6,24,-5,24,-4,26,-2,26,-2,26,-1,-75,0,23,-1,20,-1,16,-2,13,-2,10,-3,6,-4,2,-4,0,-4,-2,-4,-6,-5,-8,-5,-10,-5,-12,-5,36,10,-16,-4,-18,-4,-18,-4,-16,-3,-14,-3,-12,-4,-9,-2,-1,-4,-2,-3,-2,-3,-4,-3,-9,0,-8,7,-2,12,7,23,15,2,13,-9,2,-16,-11,-13,-19,-1,-14,13,0,20,14,14,20,1,14,-13,2,-19,-10,-14,-15,-3,-8,-4,-4,9,0,8,2,5,4,4,5,2,7,0,0,0,5,-8,0,-11,-7,-9,-13,-2,-13,4,-8,12,25,14,9,12,16,4,16,-7,7,-16,-4,-17,-15,-9,-17,2,-10,14,2,17,14,9,16,-3,8,-14,-4,-14,-30,-10,-12,7,0,12,10,5,9,-6,0,-12,-10,-6,-12,5]"
CSI_DATA,114286,d8:b1:90:d9:de:f0,-59,11,-99,-36,60,56,1706497211,100,0,228,0,"[-14,-12,-16,-12,-16,-12,-15,-11,-14,-10,-13,-9,-12,-7,67,-4,-8,-4,-7,-3,-5,-2,-4,-2,-2,-1,-1,0,0,0,2,0,3,0,4,0,5,1,7,2,7,4,43,4,8,7,7,10,7,12,6,14,5,16,4,19,0,0,0,22,0,24,-1,24,-2,26,-2,25,-3,26,-63,10,-2,22,-1,20,0,17,1,13,2,9,3,6,4,3,4,0,6,-2,5,-4,6,-7,5,-10,5,-12,75,0,4,-16,4,-18,4,-18,3,-17,3,-15,2,-13,2,-9,4,1,4,0,4,0,6,-2,4,-7,-1,-10,-10,-7,-23,-3,-9,12,2,15,14,9,17,-4,8,-16,-6,-18,-18,-8,-19,7,-8,18,7,19,16,7,16,-4,7,-12,7,-7,-7,-7,-7,-2,-6,1,-4,2,-4,4,-2,6,0,0,7,7,11,2,11,-5,6,-11,-2,-14,-10,-10,-18,22,-14,8,-6,15,5,17,14,9,17,-2,11,-14,-1,-18,-13,-12,-17,1,-11,13,2,16,13,9,15,-4,10,-29,-7,-11,-12,0,-5,10,7,9,12,0,5,-12,-6,-11]"
CSI_DATA,114287,d8:b1:90:d9:de:f0,-58,11,-99,-36,60,56,1706507603,100,0,228,0,"[19,-3,19,-4,20,-4,19,-4,18,-4,16,-5,12,-4,67,-4,8,-4,7,-4,5,-2,4,-2,2,-2,2,-1,0,0,0,1,-2,2,-2,3,-4,3,-5,4,-7,4,43,4,-12,2,-13,1,-14,0,-16,-1,-18,-3,-19,-5,0,0,-21,-9,-21,-10,-23,-12,-22,-13,-24,-14,-22,-13,-44,9,-20,-10,-18,-8,-16,-6,-14,-3,-11,0,-7,1,-5,3,-2,4,0,7,2,7,5,9,8,9,11,9,-78,0,14,10,16,9,16,9,16,9,14,7,12,6,9,4,-4,2,-2,3,-2,3,-2,7,3,8,9,5,12,-4,18,-18,-4,-15,-15,-7,-16,7,-6,16,8,16,19,5,17,-9,4,-20,-12,-18,-19,-3,-16,11,-3,16,7,14,3,8,10,-2,4,-6,1,-5,0,-4,-2,-5,-4,-4,0,0,-9,3,-7,8,0,12,7,11,14,4,14,-4,-13,-26,-1,-16,-12,-12,-17,-1,-14,10,-4,18,9,16,18,4,15,-9,4,-18,-9,-14,-17,-2,-12,11,0,15,25,19,14,-4,3,-12,-8,-9,-11,3,-2,12,9,8,13,-3]"
CSI_DATA,114288,d8:b1:90:d9:de:f0,-59,11,-99,-35,60,56,1706517672,100,0,228,0,"[-17,8,-18,8,-19,7,-17,7,-16,6,-15,6,-13,5,66,-4,-8,4,-6,4,-5,3,-4,2,-2,1,-2,1,0,0,0,0,2,-1,3,-1,4,0,6,0,8,0,42,4,10,4,11,6,11,8,11,11,11,13,10,16,0,0,7,21,6,23,5,24,4,26,3,26,2,25,19,0,1,22,2,19,2,17,3,13,4,10,4,6,5,4,6,0,7,-2,7,-4,8,-6,8,-9,8,-11,-79,0,9,-15,9,-15,9,-15,9,-15,8,-13,8,-11,6,-8,2,-3,2,-3,2,-4,1,-6,-3,-7,-9,-4,-12,3,-17,17,4,15,14,8,16,-4,8,-15,-5,-17,-16,-9,-18,5,-9,17,5,19,17,10,18,-4,10,-13,0,-15,0,-7,-10,-1,-7,2,-3,3,-2,4,-2,4,0,6,0,0,8,4,11,0,8,-7,4,-12,-4,-13,-11,-8,-13,24,-13,9,-4,15,6,16,15,9,17,-3,11,-14,-1,-18,-13,-12,-17,0,-12,13,1,17,13,10,15,-2,17,-26,-5,-13,-13,-2,-8,8,3,12,12,3,10,-8,0,-13]"
CSI_DATA,114289,d8:b1:90:d9:de:f0,-58,11,-99,-36,60,56,1706528188,100,0,228,0,"[1,-19,2,-19,2,-19,2,-19,2,-17,2,-16,1,-14,67,-4,0,-9,0,-7,0,-6,0,-4,0,-2,0,-1,1,0,1,0,0,2,0,4,0,6,-2,6,-3,7,43,4,-8,9,-10,9,-12,8,-14,7,-18,5,-19,4,0,0,-23,0,-24,-1,-25,-2,-26,-4,-25,-5,-25,-6,-85,9,-21,-6,-19,-5,-16,-4,-14,-2,-11,0,-7,2,-4,3,-2,4,0,6,2,7,4,8,7,9,9,10,-87,0,12,12,13,14,13,13,12,13,10,12,8,10,6,8,0,5,2,4,2,4,6,3,9,0,9,-7,2,-12,-7,-23,-15,-2,-13,9,-2,16,9,14,19,2,15,-11,3,-19,-12,-16,-20,-3,-16,11,-4,19,8,16,14,6,7,4,6,-9,0,-8,-1,-6,-2,-4,-4,-4,-6,-2,0,0,-7,5,-2,10,3,11,11,8,14,0,13,-9,-18,-21,-4,-16,-14,-10,-18,1,-13,13,-2,19,10,14,18,4,15,-9,4,-17,-9,-14,-16,-2,-13,9,-2,16,21,22,13,-1,4,-11,-6,-9,-10,0,-4,10,6,10,13,1]"
CSI_DATA,114290,d8:b1:90:d9:de:f0,-59,11,-99,-35,60,56,1706538316,100,0,228,0,"[0,19,0,20,1,19,1,18,2,18,2,15,2,14,66,-4,3,9,2,7,2,6,2,4,1,2,0,2,0,0,0,0,0,-1,0,-4,-1,-4,0,-6,0,-8,42,4,3,-10,5,-11,8,-12,10,-12,13,-12,15,-11,0,0,19,-11,22,-11,22,-10,25,-10,23,-8,24,-9,-76,0,21,-8,18,-8,16,-8,11,-8,8,-7,4,-6,0,-6,-2,-6,-4,-5,-7,-4,-8,-3,-12,-2,-13,-1,30,10,-18,0,-19,0,-18,1,-17,1,-15,0,-14,0,-10,0,-2,-4,-2,-2,-2,-3,-5,-2,-8,0,-6,8,0,13,12,20,15,0,11,-12,0,-17,-14,-11,-19,3,-11,15,4,19,17,11,19,-4,11,-17,-2,-18,-14,-11,-15,1,-7,0,-1,10,3,6,4,4,4,2,4,1,6,0,0,0,3,-8,-2,-10,-8,-6,-13,0,-11,7,-5,13,26,6,12,10,17,0,13,-11,2,-17,-9,-15,-17,-4,-15,8,-6,17,8,15,17,4,14,-8,2,-16,-10,-13,-31,0,-8,11,5,13,13,1,6,-9,-4,-11,-13,-3,-10,9]"
CSI_DATA,114291,d8:b1:90:d9:de:f0,-59,11,-99,-38,61,56,1706553169,100,0,228,0,"[-17,2,-18,2,-18,1,-18,1,-16,0,-14,0,-13,0,64,-4,-9,0,-7,0,-6,0,-4,0,-2,0,-1,0,0,0,1,0,2,0,4,0,5,0,6,1,7,3,41,4,8,7,7,10,7,12,6,14,4,16,2,19,0,0,-1,22,-4,22,-5,24,-6,24,-8,23,-9,22,40,10,-9,19,-8,17,-6,15,-4,12,-2,10,0,7,2,6,4,3,6,1,7,0,9,-2,10,-3,12,-4,-32,0,15,-7,16,-7,16,-7,16,-6,14,-5,12,-4,9,-2,4,-2,3,-2,3,-4,2,-6,-1,-8,-8,-6,-12,0,-21,10,0,14,10,12,16,1,12,-11,1,-18,-12,-14,-18,-1,-14,12,-2,19,11,15,18,3,14,-8,5,-14,4,-7,-8,-6,-8,-1,-6,2,-4,2,-4,4,-2,6,0,0,4,7,9,4,12,-2,8,-9,2,-14,-6,-12,-23,14,-16,2,-11,12,-2,17,9,14,16,5,16,-7,7,-16,-5,-16,-15,-8,-16,4,-7,14,4,14,14,6,26,-12,2,-12,-8,-8,-10,2,-2,10,7,8,12,-2,6,-10]"
CSI_DATA,114292,d8:b1:90:d9:de:f0,-59,11,-99,-36,60,56,1706563870,100,0,228,0,"[14,-10,16,-10,16,-11,16,-10,15,-9,13,-8,12,-7,67,-4,7,-5,6,-4,4,-4,4,-3,2,-2,2,-1,0,0,0,0,-2,0,-2,1,-4,0,-6,0,-7,0,43,4,-10,-2,-12,-5,-12,-7,-12,-10,-13,-12,-12,-16,0,0,-10,-19,-9,-22,-8,-24,-7,-25,-5,-25,-5,-25,-19,10,-4,-21,-4,-19,-4,-16,-4,-13,-4,-9,-5,-6,-5,-2,-6,0,-6,2,-7,4,-7,7,-7,9,-7,11,72,10,-9,15,-9,16,-9,16,-9,14,-9,13,-7,11,-7,8,-3,3,-2,3,-1,4,0,7,5,7,11,2,11,-5,14,-20,-7,-14,-15,-5,-15,7,-5,16,8,16,18,6,17,-9,6,-19,-8,-19,-18,-7,-17,7,-7,15,3,15,1,6,10,0,7,-4,2,-4,1,-3,0,-4,0,-4,0,0,-7,-4,-9,0,-8,7,-2,12,4,13,13,8,12,-25,12,-11,3,-17,-8,-16,-16,-7,-17,5,-9,15,3,18,14,10,17,-2,10,-14,-2,-16,-13,-9,-15,4,-14,27,6,12,13,2,7,-9,-4,-11,-12,-2,-9,9,1,13]"
CSI_DATA,114293,d8:b1:90:d9:de:f0,-59,11,-99,-38,61,56,1706575076,100,0,228,0,"[1,-17,2,-18,2,-18,2,-18,2,-17,2,-14,2,-13,64,-4,0,-9,0,-8,0,-6,0,-4,0,-3,0,-2,0,0,0,0,0,1,-1,2,-2,3,-4,4,-6,5,41,4,-9,4,-11,3,-14,2,-15,0,-16,-2,-18,-4,0,0,-19,-9,-20,-10,-20,-12,-20,-14,-19,-15,-18,-16,-9,9,-16,-14,-14,-12,-12,-10,-11,-8,-9,-4,-8,-2,-6,0,-5,3,-4,5,-3,8,-2,10,-2,12,0,13,-26,10,0,16,0,18,0,18,0,16,-1,14,-2,13,-2,10,1,4,2,3,2,4,4,4,8,0,9,-6,3,-12,-5,-22,-14,-4,-14,7,-4,16,8,15,16,5,16,-8,6,-18,-8,-18,-18,-6,-17,6,-8,16,4,16,12,8,5,4,7,-6,2,-7,0,-5,-2,-4,-2,-3,-2,-4,0,0,-8,1,-6,6,-2,10,5,11,11,6,14,-1,-5,-25,3,-16,-6,-15,-15,-8,-17,3,-10,13,0,17,12,12,17,1,12,-10,1,-17,-10,-12,-16,0,-10,11,1,30,11,7,11,-4,2,-12,-9,-8,-11,3,-4,12,6,10]"
CSI_DATA,114294,d8:b1:90:d9:de:f0,-59,11,-99,-38,61,56,1706585846,100,0,228,0,"[-18,2,-19,2,-20,1,-18,0,-17,0,-15,0,-14,0,64,-4,-9,0,-7,0,-6,0,-4,0,-3,0,-2,0,0,0,1,0,3,0,4,0,5,0,6,2,6,3,41,4,7,8,6,10,6,13,4,14,2,17,0,18,0,0,-4,21,-6,22,-8,22,-10,22,-11,22,-12,22,47,10,-11,18,-10,16,-8,14,-6,12,-3,9,0,7,0,6,4,4,6,2,8,1,10,0,11,-2,13,-3,-27,0,16,-5,16,-5,17,-4,16,-4,14,-3,13,-2,10,-1,4,-2,3,-2,3,-2,2,-6,-1,-8,-7,-7,-12,0,-22,9,-2,14,9,12,16,2,14,-10,2,-18,-11,-14,-18,-2,-16,11,-3,18,10,16,17,5,15,-7,6,-13,5,-7,-7,-6,-7,-1,-6,1,-4,2,-4,3,-3,5,0,0,4,8,10,5,11,-1,10,-8,3,-13,-4,-13,-24,12,-16,0,-12,10,-4,16,6,16,16,8,17,-4,10,-14,-2,-17,-13,-10,-17,2,-10,13,2,16,13,8,28,-8,4,-12,-7,-10,-12,0,-5,10,6,10,12,0,8,-10]"
CSI_DATA,114295,d8:b1:90:d9:de:f0,-59,11,-99,-38,61,56,1706596243,100,0,228,0,"[18,5,18,6,18,6,18,6,16,6,14,5,12,4,64,-4,9,2,7,2,6,1,4,1,2,0,1,0,0,0,-2,0,-2,0,-4,-1,-5,-2,-6,-4,-6,-5,41,4,-5,-10,-4,-12,-2,-14,0,-15,2,-17,4,-18,0,0,8,-20,10,-20,12,-21,14,-20,15,-20,15,-19,10,0,14,-17,12,-15,10,-13,7,-12,4,-9,1,-7,-1,-6,-4,-4,-6,-2,-8,-1,-10,0,-12,2,-14,3,18,10,-16,5,-17,5,-17,5,-16,4,-14,4,-12,2,-10,2,-4,0,-3,1,-4,2,-4,4,-2,8,4,10,11,5,24,0,6,-13,-4,-14,-14,-7,-16,5,-8,16,6,18,17,8,18,-6,9,-17,-4,-18,-15,-9,-16,2,-10,11,-6,5,5,8,6,3,6,0,4,0,4,-2,4,-5,0,0,-3,-8,-8,-6,-11,0,-10,6,-5,12,3,14,26,-8,15,2,14,-8,6,-15,-4,-16,-14,-10,-18,2,-11,13,0,17,12,11,17,-1,10,-12,-2,-16,-12,-9,-29,7,-5,12,7,10,12,0,5,-10,-6,-10,-12,0,-8,10]"
CSI_DATA,114296,d8:b1:90:d9:de:f0,-59,11,-99,-36,61,56,1706606996,100,0,228,0,"[17,-3,18,-3,18,-2,18,-2,16,-2,14,-2,12,-2,60,-4,8,-2,6,-1,5,-1,3,0,2,0,1,0,0,0,-1,0,-2,1,-3,0,-5,0,-6,0,-7,-1,39,3,-8,-5,-8,-7,-8,-9,-8,-11,-6,-14,-5,-16,0,0,-3,-20,-1,-22,0,-23,1,-23,2,-23,2,-23,57,0,2,-20,1,-18,1,-15,0,-13,-1,-9,-2,-6,-3,-4,-5,-1,-6,0,-7,3,-7,5,-8,7,-9,9,47,9,-10,12,-10,13,-11,13,-10,12,-10,10,-8,8,-6,6,-3,3,-1,3,-2,3,-1,5,1,7,7,6,11,0,19,-11,0,-14,-10,-10,-15,0,-11,11,1,17,13,11,18,-1,11,-13,0,-18,-13,-12,-17,0,-12,10,-2,13,-2,7,8,4,6,0,5,-2,3,-3,3,-4,1,-6,0,0,-6,-5,-10,-1,-9,5,-5,10,1,12,8,9,16,-20,13,-6,6,-13,-2,-15,-11,-10,-16,0,-13,10,-1,16,9,13,15,2,13,-9,2,-15,-9,-11,-15,0,-19,21,2,13,11,5,9,-6,0,-10,-10,-5,-10,6,-1,12]"
CSI_DATA,114297,d8:b1:90:d9:de:f0,-59,11,-99,-35,60,56,1706617338,100,0,228,0,"[18,2,19,2,20,2,19,2,17,1,15,1,13,0,66,-4,10,0,8,0,6,0,4,0,3,0,2,0,0,0,-1,0,-2,0,-4,0,-4,0,-6,-1,-7,-2,42,4,-8,-7,-8,-9,-8,-11,-7,-14,-6,-16,-5,-18,0,0,-2,-22,-1,-24,0,-26,0,-26,2,-26,2,-25,63,0,2,-22,1,-19,0,-17,-2,-14,-3,-10,-3,-7,-4,-4,-6,-1,-7,1,-7,4,-8,6,-8,8,-9,11,61,10,-9,15,-9,15,-9,16,-9,15,-8,13,-7,11,-5,8,-4,1,-3,1,-3,2,-4,4,0,8,6,8,13,2,24,-7,3,-15,-9,-13,-16,-2,-14,11,-2,18,11,15,19,2,15,-13,2,-20,-12,-15,-19,-2,-14,9,-4,15,-2,6,9,4,7,0,4,-2,3,-2,2,-3,2,-6,0,0,-6,-6,-11,-2,-11,5,-6,11,2,14,10,10,17,-21,15,-7,7,-14,-4,-17,-13,-11,-17,1,-13,13,0,18,12,13,18,0,12,-11,0,-17,-13,-11,-15,2,-17,26,5,13,13,2,8,-8,-3,-12,-12,-3,-10,9,1,14]"
CSI_DATA,114298,d8:b1:90:d9:de:f0,-59,11,-99,-39,61,56,1706627489,100,0,228,0,"[-9,-14,-10,-16,-9,-16,-9,-15,-9,-14,-8,-12,-8,-11,66,-4,-6,-7,-5,-5,-4,-4,-3,-3,-2,-2,-1,-1,0,-1,0,0,1,0,2,2,3,4,4,5,3,6,42,4,2,11,1,13,0,15,-2,16,-3,17,-5,19,0,0,-9,19,-10,21,-11,21,-13,22,-13,21,-13,21,-3,9,-11,18,-9,17,-7,15,-5,12,-2,10,0,7,2,6,4,2,6,0,8,0,8,-2,10,-4,11,-6,-40,0,13,-10,13,-11,13,-11,13,-11,11,-9,10,-7,8,-6,4,3,4,2,5,1,7,-1,6,-6,1,-11,-7,-10,-21,-11,-12,8,-2,15,10,13,17,1,13,-11,1,-18,-13,-14,-19,0,-14,13,0,19,12,13,17,1,12,-8,6,-3,-4,-9,-6,-4,-5,0,-4,0,-4,2,-4,3,0,0,1,8,7,6,11,1,11,-6,5,-13,-4,-15,-25,9,-17,0,-13,11,-3,17,8,15,17,5,16,-7,6,-16,-6,-16,-15,-6,-15,7,-4,15,8,13,15,2,23,-18,0,-13,-10,-6,-9,6,0,11,10,5,11,-6,1,-12]"
CSI_DATA,114299,d8:b1:90:d9:de:f0,-58,11,-99,-36,60,56,1706637530,100,0,228,0,"[16,11,16,12,16,11,16,10,16,9,14,7,12,6,67,-4,9,3,7,2,6,0,4,0,3,0,1,0,0,0,0,0,-2,0,-4,0,-5,0,-7,-1,-8,-2,43,4,-9,-5,-10,-7,-10,-10,-10,-12,-10,-14,-9,-17,0,0,-9,-21,-9,-23,-8,-24,-8,-25,-7,-26,-8,-25,77,10,-7,-21,-7,-19,-7,-15,-8,-12,-7,-7,-7,-4,-6,0,-5,2,-4,5,-2,7,-1,10,0,12,2,14,30,0,4,17,6,18,7,18,7,16,5,14,5,12,4,9,-5,-1,-4,0,-4,0,-6,3,-4,8,2,11,11,7,24,0,7,-13,-5,-15,-16,-7,-16,7,-5,18,10,16,19,4,16,-12,3,-20,-11,-16,-18,-4,-15,9,-4,15,-3,7,9,4,8,-1,4,-3,3,-4,2,-5,0,-7,0,0,-8,-4,-10,1,-7,9,-1,13,7,12,14,5,7,-28,9,-14,0,-17,-12,-13,-18,-2,-14,11,-3,18,10,15,18,4,14,-10,2,-17,-11,-12,-16,0,-10,13,6,31,12,5,10,-7,-1,-12,-11,-4,-9,8,2,13,12,5]"
CSI_DATA,114300,d8:b1:90:d9:de:f0,-59,11,-99,-38,61,56,1706648971,100,0,228,0,"[-12,13,-13,14,-12,14,-12,14,-10,14,-9,12,-7,10,64,-4,-4,8,-3,6,-2,5,-2,4,-1,2,-1,1,0,0,0,-1,0,-2,1,-4,2,-5,3,-6,5,-6,41,4,8,-6,10,-6,12,-5,14,-4,16,-3,18,-2,0,0,21,0,22,2,24,2,25,4,25,4,24,4,-80,0,21,4,19,2,16,0,14,0,10,-2,6,-3,4,-4,1,-5,-2,-6,-4,-6,-7,-6,-10,-7,-12,-6,40,10,-15,-6,-16,-6,-17,-6,-16,-5,-14,-4,-12,-4,-9,-4,1,-4,0,-4,0,-4,-2,-5,-7,-5,-10,1,-8,9,-5,24,12,9,16,-2,10,-13,-3,-16,-15,-9,-18,4,-9,16,5,18,17,8,18,-4,9,-15,-4,-16,-12,-8,-6,-6,-7,7,-2,7,0,6,2,4,3,4,6,2,0,0,7,-5,2,-10,-4,-10,-10,-7,-13,0,-11,10,19,19,6,14,14,7,16,-3,10,-13,0,-17,-12,-12,-17,0,-12,12,0,16,12,11,16,-2,9,-12,-4,-14,-27,-12,-12,6,0,12,10,6,10,-5,0,-11,-10,-7,-12,4]"
CSI_DATA,114301,d8:b1:90:d9:de:f0,-58,11,-99,-36,60,56,1706659806,100,0,228,0,"[5,17,6,19,6,19,6,18,6,16,6,14,6,12,67,-4,4,7,4,6,3,4,2,3,1,2,0,1,0,0,-1,0,-2,-1,-2,-2,-3,-4,-3,-5,-3,-7,43,4,-2,-12,0,-13,1,-14,3,-16,5,-17,7,-18,0,0,11,-20,14,-20,14,-20,16,-20,16,-20,16,-20,4,0,14,-18,12,-16,9,-14,6,-12,3,-10,0,-7,-2,-5,-4,-3,-5,-1,-8,0,-9,3,-11,4,-12,7,48,10,-14,10,-14,12,-14,12,-13,12,-12,10,-10,8,-8,6,-3,-4,-3,-2,-4,-2,-7,0,-8,4,-4,10,4,12,19,16,14,-6,6,-15,-7,-15,-16,-5,-16,9,-4,19,10,16,20,4,17,-10,4,-19,-9,-16,-17,-4,-14,7,-8,2,2,10,6,5,6,2,4,0,5,-1,5,-4,0,0,-1,-9,-7,-8,-12,-2,-12,6,-7,12,2,15,28,-7,16,0,14,-10,4,-17,-7,-16,-16,-7,-17,6,-8,16,5,17,15,7,16,-5,7,-15,-7,-14,-15,-4,-24,18,0,14,11,7,10,-6,0,-11,-11,-5,-11,6,-1,13]"
CSI_DATA,114302,d8:b1:90:d9:de:f0,-59,11,-99,-37,61,56,1706670274,100,0,228,0,"[16,-4,18,-3,18,-3,18,-3,16,-2,14,-2,12,-2,62,-4,9,-1,7,-1,5,-1,4,0,3,0,1,0,0,0,0,0,-1,0,-3,0,-4,-1,-5,-2,-6,-3,40,3,-6,-8,-5,-10,-4,-12,-2,-14,0,-16,1,-18,0,0,5,-20,8,-20,11,-21,12,-20,14,-20,14,-20,-13,0,12,-16,11,-14,9,-12,7,-11,4,-9,1,-7,0,-6,-3,-5,-5,-3,-7,-3,-10,-1,-11,-1,-14,0,20,9,-16,0,-17,0,-17,0,-16,0,-14,-1,-12,-1,-9,-1,-3,2,-1,2,-2,3,-2,5,1,8,7,7,12,0,20,-11,0,-14,-10,-11,-16,-1,-12,10,-1,17,11,14,18,1,15,-11,3,-18,-10,-15,-17,-4,-14,6,-6,13,-3,5,7,5,7,1,5,-1,3,-1,3,-2,3,-4,0,0,-3,-7,-7,-5,-11,0,-10,6,-5,12,3,13,24,-8,14,1,13,-7,6,-14,-3,-16,-13,-10,-17,1,-12,12,0,16,11,12,16,1,12,-11,0,-16,-11,-10,-29,1,-7,11,4,12,11,2,7,-8,-2,-11,-11,-4,-11,6]"
CSI_DATA,114303,d8:b1:90:d9:de:f0,-59,11,-99,-35,60,56,1706683499,100,0,228,0,"[12,14,13,15,13,15,13,14,13,13,11,10,10,8,66,-4,8,5,6,4,5,2,4,2,2,1,0,1,0,1,-1,0,-2,0,-4,0,-6,-1,-6,-2,-7,-4,42,4,-8,-7,-8,-9,-8,-12,-8,-14,-7,-16,-6,-18,0,0,-5,-22,-4,-24,-4,-25,-2,-26,-2,-26,-2,-25,-8,10,-3,-22,-3,-19,-4,-16,-4,-13,-5,-8,-5,-5,-4,-1,-5,1,-4,4,-3,7,-2,9,-1,11,0,13,-11,10,2,17,3,17,4,17,3,17,3,15,2,13,2,10,-4,-3,-4,-1,-4,0,-6,2,-6,7,0,11,9,8,24,6,9,-11,-2,-15,-13,-9,-17,4,-9,15,5,18,17,8,19,-7,7,-18,-6,-18,-17,-7,-16,5,-7,13,-6,7,8,6,8,1,6,-1,4,-2,3,-4,1,-7,0,0,-7,-6,-11,0,-9,6,-4,13,5,13,13,8,13,-26,12,-11,2,-17,-9,-15,-17,-4,-16,8,-6,17,7,16,17,6,15,-7,4,-16,-8,-14,-15,-2,-12,10,1,30,11,7,11,-5,0,-11,-9,-5,-9,6,0,12,11,6]"
CSI_DATA,114304,d8:b1:90:d9:de:f0,-59,11,-99,-38,61,56,1706695699,100,0,228,0,"[-2,18,-2,19,-2,20,-2,19,-2,17,-1,16,-1,13,64,-4,0,9,0,8,0,6,0,4,0,3,0,1,0,0,0,-1,0,-2,0,-4,0,-6,1,-6,2,-8,41,4,6,-9,8,-9,10,-9,12,-8,14,-8,17,-7,0,0,22,-4,22,-2,24,-2,25,-1,25,0,24,0,-82,0,22,0,20,0,16,-1,13,-2,10,-3,6,-4,3,-6,0,-5,-2,-6,-5,-6,-7,-6,-10,-6,-12,-6,50,10,-16,-6,-17,-6,-17,-6,-16,-6,-14,-5,-11,-4,-9,-4,-1,-4,-2,-2,-2,-3,-4,-4,-8,-1,-8,6,-2,12,8,24,14,2,13,-8,2,-16,-10,-14,-18,-2,-14,12,-1,19,12,15,20,1,14,-12,2,-18,-10,-13,-14,-3,-7,-3,-4,9,0,8,2,5,3,4,4,3,6,1,0,0,6,-7,0,-10,-6,-9,-12,-4,-13,3,-8,11,23,16,8,13,15,5,16,-5,9,-14,-2,-17,-14,-11,-18,1,-11,13,1,18,13,10,16,-2,8,-13,-4,-15,-28,-13,-12,6,0,12,9,7,10,-4,0,-12,-10,-7,-12,4]"
CSI_DATA,114305,d8:b1:90:d9:de:f0,-59,11,-99,-36,60,56,1706706270,100,0,228,0,"[0,19,-1,20,0,20,0,19,0,19,0,16,0,14,67,-4,1,9,1,7,1,6,0,4,0,3,0,2,0,0,-1,-1,-1,-2,0,-4,0,-5,0,-7,0,-8,43,4,4,-11,6,-12,9,-12,11,-12,14,-12,16,-11,0,0,21,-9,22,-9,24,-8,25,-7,26,-7,25,-6,-86,0,22,-5,19,-5,16,-6,12,-6,9,-5,4,-5,2,-5,-1,-5,-4,-4,-7,-4,-9,-4,-12,-3,-14,-2,28,10,-17,-1,-19,0,-19,0,-17,0,-16,0,-14,0,-10,0,-2,-4,-2,-3,-2,-3,-5,-3,-9,0,-7,7,0,13,11,22,16,1,12,-11,0,-16,-13,-12,-19,1,-12,14,2,20,16,12,20,-2,13,-16,-1,-19,-13,-12,-16,0,-8,-1,-2,10,2,7,4,4,4,2,5,2,6,0,0,0,3,-9,-1,-11,-9,-8,-12,-2,-13,7,-6,14,27,9,12,11,17,0,14,-10,4,-18,-8,-16,-17,-6,-16,7,-7,16,7,16,16,6,16,-7,4,-16,-9,-13,-31,-2,-9,10,3,12,12,2,7,-8,-3,-11,-12,-2,-10,9]"
CSI_DATA,114306,d8:b1:90:d9:de:f0,-59,11,-99,-38,61,56,1706717074,100,0,228,0,"[-17,-6,-18,-6,-18,-6,-17,-6,-16,-5,-14,-4,-12,-3,64,-4,-9,-1,-7,0,-6,0,-4,0,-2,0,-1,0,0,0,1,0,2,0,4,0,5,0,6,1,7,2,41,4,8,6,8,8,8,12,8,14,7,16,6,18,0,0,3,21,2,23,1,24,0,25,0,24,0,24,13,0,0,21,0,19,1,16,2,12,3,9,4,5,4,3,6,0,6,-2,6,-5,6,-7,5,-10,6,-12,53,0,5,-16,5,-17,5,-16,5,-16,4,-14,4,-12,3,-9,4,0,4,-1,4,-1,4,-4,2,-8,-4,-9,-12,-4,-23,3,-5,14,7,14,16,4,15,-8,4,-18,-10,-15,-18,-4,-16,11,-3,19,10,16,17,4,14,-8,4,-13,4,-7,-8,-5,-8,0,-5,2,-3,3,-3,4,-1,6,0,0,6,6,10,1,10,-6,5,-12,-2,-13,-11,-9,-16,22,-13,8,-5,15,6,16,15,8,17,-4,10,-14,-2,-17,-14,-10,-16,2,-9,14,2,16,13,8,14,-4,10,-27,-6,-10,-12,0,-6,10,6,9,11,0,6,-11,-5,-12]"
CSI_DATA,114307,d8:b1:90:d9:de:f0,-58,11,-99,-36,60,56,1706727153,100,0,228,0,"[-14,-13,-14,-14,-15,-14,-14,-12,-14,-12,-12,-9,-11,-7,67,-4,-9,-4,-7,-3,-5,-2,-4,-2,-2,-1,-1,-1,0,0,1,0,2,0,4,0,4,1,6,2,7,4,43,4,8,8,8,10,8,13,7,15,7,16,5,19,0,0,3,22,2,25,2,25,0,26,0,26,0,26,-2,10,1,23,2,20,2,16,4,13,4,9,4,5,4,2,5,0,5,-2,4,-6,4,-8,3,-12,2,-13,36,0,1,-17,0,-19,0,-18,0,-17,0,-15,0,-14,0,-10,4,2,4,0,4,0,6,-2,4,-8,-2,-11,-10,-8,-24,-4,-9,12,2,16,14,9,17,-4,9,-16,-6,-18,-18,-7,-19,7,-7,18,7,19,17,7,16,-5,7,-14,5,-7,-8,-7,-8,-1,-6,2,-3,3,-3,4,-2,6,0,0,7,6,11,1,10,-5,5,-13,-3,-14,-12,-9,-16,24,-13,10,-4,17,9,16,17,7,17,-7,8,-16,-5,-17,-16,-8,-16,6,-7,16,7,15,15,5,13,-8,4,-30,-9,-9,-12,3,-2,11,8,7,10,-4,2,-12,-9,-9]"
CSI_DATA,114308,d8:b1:90:d9:de:f0,-59,11,-99,-38,61,56,1706737281,100,0,228,0,"[4,-17,6,-18,6,-18,6,-17,6,-16,5,-14,4,-12,64,-4,2,-8,2,-7,1,-6,1,-4,0,-3,0,-1,0,0,0,1,0,2,-1,4,-2,4,-4,5,-5,6,41,4,-10,5,-12,4,-14,2,-15,0,-17,-1,-18,-3,0,0,-20,-8,-20,-10,-20,-13,-20,-14,-19,-16,-18,-16,0,10,-16,-14,-14,-12,-12,-10,-11,-8,-9,-5,-7,-2,-6,0,-4,2,-3,5,-2,7,0,10,0,12,1,13,-8,10,2,16,3,18,2,17,2,16,2,14,1,12,0,10,0,5,1,3,2,4,4,4,8,2,10,-4,5,-11,-1,-23,-13,-6,-14,5,-7,14,6,16,16,7,17,-6,8,-17,-6,-18,-17,-9,-18,4,-10,15,2,16,10,10,4,6,8,-6,3,-6,0,-6,0,-4,-2,-4,-4,-4,0,0,-8,2,-6,8,0,11,6,11,12,6,14,-2,-6,-26,2,-16,-7,-14,-15,-6,-16,4,-10,14,1,18,13,12,17,0,12,-12,0,-16,-11,-11,-15,0,-10,12,5,29,11,6,10,-5,0,-11,-9,-6,-10,5,-2,12,8,8]"
CSI_DATA,114309,d8:b1:90:d9:de:f0,-59,11,-99,-39,61,56,1706751210,100,0,228,0,"[17,4,19,5,19,5,18,5,17,5,15,4,13,4,66,-4,8,2,7,2,5,1,4,0,2,1,1,0,0,0,-1,0,-2,0,-4,-1,-4,-2,-5,-4,-5,-6,42,4,-4,-10,-2,-12,0,-13,1,-15,4,-16,6,-17,0,0,12,-18,14,-18,16,-17,18,-17,19,-16,19,-15,57,0,17,-13,16,-11,13,-10,10,-8,6,-8,4,-7,0,-6,-2,-5,-4,-4,-7,-4,-9,-3,-11,-2,-13,-2,25,10,-17,-2,-18,-2,-18,-2,-17,-2,-15,-2,-12,-2,-9,-2,-4,1,-3,2,-3,1,-4,4,-2,7,4,9,11,5,24,0,6,-13,-4,-15,-15,-8,-16,4,-8,15,5,18,17,9,19,-4,10,-17,-4,-19,-15,-11,-17,1,-10,10,-6,4,4,8,6,4,5,0,4,0,5,-1,5,-4,0,0,-1,-10,-6,-8,-11,-2,-12,4,-8,11,0,14,28,-2,15,5,15,-4,10,-13,0,-17,-11,-13,-17,-2,-15,9,-4,17,8,15,16,4,14,-8,4,-15,-8,-13,-30,-4,-9,9,2,13,11,4,8,-7,-1,-12,-11,-6,-12,5]"
CSI_DATA,114310,d8:b1:90:d9:de:f0,-59,11,-99,-36,60,56,1706763245,100,0,228,0,"[-6,17,-7,19,-6,19,-6,18,-5,16,-4,15,-2,13,67,-4,-1,9,0,7,0,6,0,4,0,3,0,1,0,0,0,0,0,-2,0,-3,0,-4,2,-6,3,-7,43,4,7,-8,9,-8,12,-7,14,-7,16,-6,18,-5,0,0,21,-2,24,-1,24,0,26,1,26,1,25,1,-89,0,22,0,20,0,17,0,14,-1,10,-3,7,-4,4,-5,1,-6,-2,-7,-4,-7,-7,-7,-9,-7,-12,-7,63,10,-16,-7,-17,-7,-17,-7,-16,-6,-14,-5,-12,-5,-9,-4,0,-4,-1,-3,-1,-4,-3,-4,-8,-2,-9,4,-5,12,3,24,14,5,14,-7,5,-16,-8,-15,-18,-4,-16,9,-4,19,11,17,19,4,16,-10,4,-18,-8,-15,-14,-4,-6,-2,-4,9,0,7,2,4,2,3,3,3,5,2,0,0,6,-6,2,-9,-5,-9,-11,-5,-13,2,-10,10,22,16,7,14,15,6,16,-4,9,-14,-2,-17,-14,-12,-18,1,-12,13,0,17,13,11,16,-2,9,-13,-4,-15,-28,-13,-12,7,0,12,10,7,10,-5,0,-12,-10,-7,-12,4]"
CSI_DATA,114311,d8:b1:90:d9:de:f0,-58,11,-99,-36,60,56,1706773747,100,0,228,0,"[19,-2,19,-2,20,-2,19,-2,18,-2,15,-2,14,-2,67,-4,9,-2,7,-2,6,-2,4,-1,2,-1,2,0,0,0,0,1,-2,1,-3,2,-4,2,-7,2,-8,1,43,4,-12,0,-13,-3,-14,-5,-15,-7,-16,-9,-15,-12,0,0,-16,-16,-16,-19,-15,-20,-15,-21,-14,-21,-14,-21,51,10,-12,-19,-12,-16,-11,-13,-9,-9,-9,-6,-7,-2,-5,0,-4,2,-3,5,-1,7,0,9,1,12,2,13,16,0,5,16,6,17,7,17,6,16,5,14,4,13,2,10,-4,2,-3,2,-3,4,-2,7,2,9,9,6,12,-2,20,-14,-2,-15,-13,-9,-16,3,-9,15,4,18,16,9,19,-6,9,-19,-7,-19,-17,-9,-18,5,-9,15,2,15,0,8,11,0,7,-4,3,-5,1,-4,0,-5,-2,-6,0,0,-9,-1,-9,5,-5,10,2,14,10,9,15,1,0,-29,5,-16,-5,-16,-15,-9,-18,2,-12,14,0,19,12,12,18,0,12,-12,0,-17,-12,-10,-15,1,-8,13,8,29,12,4,9,-7,-1,-11,-10,-3,-7,7,2,12,11,5]"
CSI_DATA,114312,d8:b1:90:d9:de:f0,-58,11,-99,-36,60,56,1706787348,100,0,228,0,"[0,19,-1,20,-1,20,0,19,0,18,0,16,0,14,67,-4,1,9,1,7,0,6,1,4,0,3,0,2,0,0,0,0,0,-1,-2,-4,-1,-6,0,-7,0,-8,43,4,3,-11,4,-12,7,-13,9,-13,12,-13,15,-12,0,0,19,-12,21,-12,23,-12,24,-10,24,-9,24,-9,-88,0,21,-9,19,-8,15,-7,12,-7,9,-7,4,-7,1,-5,-1,-4,-3,-4,-7,-3,-9,-2,-12,-1,-14,0,32,10,-17,2,-18,2,-19,2,-17,2,-16,2,-13,1,-11,0,-1,-4,-2,-4,-3,-3,-5,-2,-9,0,-8,8,0,12,11,22,15,0,12,-12,0,-17,-13,-12,-19,1,-12,15,2,20,16,12,20,-2,12,-16,-2,-19,-14,-11,-16,0,-8,0,-2,11,3,7,4,4,4,2,5,1,7,-1,0,0,3,-9,-2,-10,-9,-7,-14,0,-12,8,-4,15,29,6,14,9,18,-2,12,-12,1,-19,-11,-14,-18,-3,-15,9,-4,18,9,15,17,3,14,-10,1,-16,-11,-12,-31,2,-7,12,5,11,12,1,5,-9,-6,-10,-12,0,-8,9]"
CSI_DATA,114313,d8:b1:90:d9:de:f0,-59,11,-99,-35,60,56,1706797729,100,0,228,0,"[19,-5,19,-6,19,-6,17,-6,17,-6,14,-6,13,-6,66,-4,8,-5,6,-4,5,-4,4,-2,2,-1,1,0,0,0,0,2,-1,2,-2,4,-3,4,-6,5,-7,4,42,4,-11,4,-12,2,-15,0,-16,-1,-17,-2,-18,-4,0,0,-19,-8,-22,-11,-22,-11,-23,-14,-22,-13,-22,-13,-35,9,-20,-11,-17,-8,-16,-7,-13,-4,-10,-2,-7,0,-4,2,-3,4,0,6,2,7,4,8,7,9,10,9,-83,0,14,10,16,11,16,11,14,9,13,8,12,7,8,5,-4,3,-2,3,-2,4,-1,6,4,8,9,4,12,-4,15,-17,-4,-14,-15,-6,-15,7,-5,17,9,15,19,3,15,-11,2,-19,-12,-15,-20,-4,-15,11,-3,18,8,13,3,9,10,-3,5,-6,2,-6,0,-5,-1,-6,-4,-5,0,0,-9,3,-6,9,0,12,8,11,13,3,14,-6,-13,-26,-2,-15,-11,-12,-17,-1,-14,10,-4,17,8,15,16,5,17,-8,5,-16,-9,-15,-16,-3,-13,8,-1,16,24,20,13,-2,4,-12,-7,-8,-11,2,-2,11,8,9,12,-2]"
CSI_DATA,114314,d8:b1:90:d9:de:f0,-59,11,-99,-36,61,56,1706808755,100,0,228,0,"[17,0,18,1,18,0,17,0,16,0,14,-1,12,-1,60,-4,8,-2,6,-1,5,-1,3,-1,2,0,1,0,0,0,0,1,-1,1,-3,1,-5,1,-6,1,-7,0,39,3,-10,-1,-11,-3,-12,-5,-12,-7,-13,-9,-13,-11,0,0,-13,-14,-13,-17,-13,-17,-13,-19,-11,-20,-12,-20,-76,9,-11,-17,-10,-14,-9,-11,-9,-8,-7,-6,-6,-2,-5,0,-4,2,-3,5,-1,7,0,9,1,11,3,12,-4,9,5,15,6,15,6,15,6,14,6,13,5,11,3,8,-4,1,-3,1,-3,2,-3,5,0,8,6,6,11,0,19,-10,0,-13,-10,-10,-15,1,-10,12,2,17,14,10,17,-3,9,-15,-4,-17,-15,-9,-16,3,-9,13,2,13,0,8,9,0,6,-3,3,-4,1,-3,0,-4,-1,-5,0,0,-8,-1,-8,4,-5,9,1,12,9,8,13,1,0,-27,5,-13,-4,-14,-13,-8,-16,1,-10,12,0,17,11,11,17,0,11,-10,0,-15,-11,-9,-14,1,-8,12,9,26,11,3,8,-7,-1,-10,-10,-3,-7,6,2,11,10,5]"
CSI_DATA,114315,d8:b1:90:d9:de:f0,-59,11,-99,-39,61,56,1706819379,100,0,228,0,"[-11,-13,-12,-14,-12,-14,-12,-13,-11,-12,-11,-11,-9,-8,66,-4,-8,-5,-6,-4,-5,-2,-4,-2,-2,-1,-1,0,0,0,0,0,2,0,2,2,4,2,5,4,6,6,42,4,6,9,5,11,4,13,4,15,3,17,2,19,0,0,0,22,-1,23,-2,24,-3,25,-4,25,-4,24,-72,10,-2,22,-2,19,0,17,1,14,2,10,3,7,4,4,5,0,5,-2,6,-4,6,-6,6,-9,6,-11,82,0,6,-15,5,-17,4,-17,4,-16,4,-15,4,-13,4,-10,4,2,4,1,5,1,7,-2,6,-6,0,-11,-8,-9,-22,-7,-11,11,0,15,12,11,17,-2,11,-15,-3,-18,-15,-10,-19,4,-10,16,4,19,15,10,17,-3,8,-12,5,-5,-7,-6,-7,-1,-5,1,-4,2,-4,2,-3,4,0,0,4,7,9,3,11,-3,7,-10,0,-14,-10,-11,-19,19,-15,7,-7,15,4,17,15,9,17,-2,11,-14,-2,-17,-13,-11,-16,2,-10,13,3,16,14,8,14,-5,11,-27,-6,-11,-11,0,-4,10,6,8,11,-1,4,-11,-6,-11]"
CSI_DATA,114316,d8:b1:90:d9:de:f0,-59,11,-99,-38,61,56,1706829849,100,0,228,0,"[-18,2,-19,2,-20,2,-19,1,-17,1,-16,1,-13,1,64,-4,-9,1,-7,1,-6,0,-4,0,-2,0,-1,0,0,0,1,0,2,0,4,0,6,0,6,2,7,3,41,4,7,8,6,10,5,12,4,14,2,16,0,18,0,0,-4,20,-8,22,-9,22,-12,22,-13,22,-14,20,10,10,-13,18,-11,16,-9,14,-7,12,-4,10,-1,8,0,6,3,4,6,3,8,2,10,0,12,0,14,-1,-18,0,16,-3,18,-4,18,-4,17,-3,16,-2,12,-1,10,0,4,-2,2,-2,2,-2,2,-4,0,-8,-7,-8,-12,-1,-23,10,-2,15,9,12,16,2,14,-10,2,-18,-11,-15,-19,-2,-16,12,-3,19,10,16,18,5,15,-7,6,-14,4,-6,-7,-6,-7,-1,-5,1,-4,1,-4,2,-4,6,0,0,4,8,9,4,12,0,10,-8,3,-13,-4,-13,-26,10,-15,0,-12,9,-5,15,6,16,14,8,17,-3,11,-13,-1,-17,-12,-12,-16,0,-11,12,0,16,12,10,30,-6,6,-12,-6,-11,-12,-1,-6,10,5,10,12,2,10,-8]"
CSI_DATA,114317,d8:b1:90:d9:de:f0,-59,11,-99,-35,60,56,1706840381,100,0,228,0,"[4,-18,4,-19,3,-19,3,-18,1,-17,0,-15,0,-13,66,-4,-1,-9,-1,-7,0,-5,-1,-4,0,-2,0,-1,1,0,2,0,2,2,3,4,3,5,3,6,2,8,42,4,0,11,0,13,-2,15,-4,16,-6,17,-8,17,0,0,-11,19,-13,20,-14,20,-16,21,-16,20,-15,20,-28,9,-13,18,-10,17,-8,15,-5,13,-2,10,0,7,2,4,4,2,5,0,6,-3,7,-5,8,-8,8,-10,-63,0,8,-15,8,-16,8,-17,7,-15,6,-14,6,-12,4,-9,0,5,1,4,2,4,5,3,9,0,8,-7,1,-12,-10,-22,-15,0,-11,11,1,17,14,11,18,-2,10,-16,-4,-19,-17,-9,-19,6,-8,17,5,17,15,8,15,-3,9,-1,0,-11,-4,-6,-5,-3,-5,-1,-6,0,-5,4,0,0,1,10,8,8,12,1,12,-6,5,-13,-4,-15,-28,10,-16,0,-13,11,-2,17,10,15,17,4,15,-8,5,-16,-8,-15,-17,-4,-15,9,-2,16,10,12,15,0,18,-24,-3,-12,-11,-2,-7,8,4,9,11,0,6,-9,-4,-11]"
CSI_DATA,114318,d8:b1:90:d9:de:f0,-59,11,-99,-36,60,56,1706852657,100,0,228,0,"[-19,0,-19,-1,-20,-1,-19,-1,-18,-1,-16,0,-14,0,67,-4,-9,0,-7,0,-6,0,-4,0,-2,0,-2,0,0,0,0,0,2,-1,4,0,5,0,7,0,8,0,43,4,11,4,11,7,12,9,12,12,11,14,10,16,0,0,9,21,8,23,7,24,6,26,6,26,5,25,53,0,4,22,4,20,4,16,5,14,5,9,5,6,5,2,5,0,5,-3,4,-6,4,-9,3,-11,3,-13,42,0,2,-17,2,-19,2,-19,2,-18,2,-16,2,-14,2,-10,4,-1,4,-2,4,-2,3,-6,0,-9,-7,-8,-13,-1,-23,9,-1,15,11,12,17,0,13,-12,0,-19,-14,-13,-20,1,-13,15,1,21,15,14,19,0,12,-12,1,-16,2,-9,-10,-2,-7,2,-4,3,-2,4,-2,4,0,7,0,0,8,4,11,-2,9,-8,2,-14,-6,-13,-14,-7,-11,28,-11,12,-1,17,10,14,17,4,16,-7,7,-16,-6,-17,-16,-7,-16,5,-7,16,6,16,15,5,14,-7,5,-30,-9,-9,-12,2,-3,10,7,8,11,-2,4,-12,-7,-11]"
CSI_DATA,114319,d8:b1:90:d9:de:f0,-59,11,-99,-36,60,56,1706862914,100,0,228,0,"[7,16,8,18,8,18,8,17,8,15,7,14,7,11,67,-4,5,7,5,5,4,4,3,3,2,2,1,1,0,0,-1,0,-2,-1,-3,-2,-4,-3,-4,-5,-4,-7,43,4,-4,-11,-2,-13,-1,-14,0,-16,2,-18,4,-19,0,0,7,-21,10,-21,11,-23,12,-22,13,-23,13,-23,-29,0,11,-20,9,-18,6,-16,4,-13,2,-10,0,-7,-2,-4,-4,-2,-5,0,-7,2,-8,4,-9,7,-10,9,63,10,-11,14,-11,14,-11,14,-11,14,-9,13,-8,10,-7,8,-3,-4,-3,-2,-4,-2,-7,0,-7,4,-2,11,6,12,21,14,13,-7,4,-16,-9,-14,-17,-3,-14,11,-2,19,13,15,20,1,15,-13,0,-20,-13,-14,-17,-2,-13,9,-7,4,4,9,7,4,5,0,4,0,4,-1,4,-4,0,0,-2,-9,-9,-7,-12,0,-10,8,-4,14,5,14,27,-13,16,-2,12,-12,1,-18,-11,-14,-18,-4,-16,9,-4,17,8,16,17,4,14,-8,3,-16,-9,-13,-15,0,-21,23,2,13,12,4,9,-7,-2,-10,-11,-2,-8,8,2,13]"
CSI_DATA,114320,d8:b1:90:d9:de:f0,-59,11,-99,-39,61,56,1706873476,100,0,228,0,"[-17,3,-18,2,-19,2,-18,2,-17,2,-15,1,-13,2,66,-4,-9,1,-7,2,-6,1,-4,1,-3,1,-2,0,-1,0,0,0,1,1,2,1,4,2,4,3,5,4,42,4,5,9,4,11,3,13,1,15,0,17,-2,18,0,0,-6,20,-9,20,-11,22,-13,20,-15,20,-15,19,0,10,-14,17,-12,15,-10,13,-8,11,-5,10,-2,8,0,7,2,6,5,4,7,4,9,3,11,2,13,2,-24,0,17,1,17,2,18,2,17,2,15,3,13,3,10,3,4,-2,2,-1,4,-2,3,-6,0,-8,-7,-8,-13,0,-22,11,-1,15,10,13,17,1,13,-11,2,-18,-11,-15,-19,-2,-16,11,-3,19,11,16,18,4,15,-7,6,-14,1,-5,-8,-5,-7,0,-4,2,-2,2,-2,2,-3,3,0,0,1,8,6,6,11,2,11,-5,6,-11,-2,-14,-26,6,-15,-2,-15,7,-7,15,3,17,14,11,17,0,13,-12,0,-17,-11,-13,-17,-1,-12,11,0,16,11,11,30,0,8,-11,-4,-13,-12,-3,-8,8,2,12,11,5,12,-6]"
CSI_DATA,114321,d8:b1:90:d9:de:f0,-59,11,-99,-38,61,56,1706886180,100,0,228,0,"[-2,18,-2,19,-2,20,-2,18,-1,17,0,15,0,13,64,-4,0,9,0,7,0,6,0,4,0,2,0,1,0,0,0,-1,0,-2,1,-4,1,-5,2,-6,4,-6,41,4,7,-6,9,-6,12,-4,14,-3,16,-1,17,0,0,0,20,4,22,6,22,8,22,9,22,10,22,10,58,0,20,10,18,8,16,6,14,4,11,2,8,0,6,-3,4,-5,2,-7,0,-8,-1,-10,-3,-12,-5,-13,-48,10,-8,-15,-8,-16,-9,-16,-8,-15,-7,-13,-6,-12,-4,-9,-2,-3,-2,-2,0,-3,-3,-4,-8,-2,-9,4,-4,12,6,23,14,5,14,-6,4,-16,-8,-15,-17,-4,-16,10,-4,18,10,16,18,4,16,-9,5,-17,-7,-15,-13,-6,-6,-3,-5,7,0,6,0,4,2,4,2,4,4,3,0,0,7,-4,4,-9,-2,-10,-8,-8,-12,-2,-12,6,14,23,1,14,10,10,15,3,14,-7,6,-15,-5,-16,-14,-8,-16,4,-8,14,4,16,14,8,16,-5,6,-14,-14,-28,-14,-2,-9,10,2,12,12,3,10,-8,-2,-13,-12,-6]"
CSI_DATA,114322,d8:b1:90:d9:de:f0,-59,11,-99,-35,60,56,1706896281,100,0,228,0,"[-18,2,-19,2,-20,2,-19,2,-17,2,-15,2,-13,3,66,-4,-8,2,-7,2,-6,2,-4,1,-2,1,-1,0,0,0,1,0,2,0,4,-1,4,0,6,0,8,0,42,4,9,4,11,6,11,8,11,11,11,13,10,15,0,0,8,20,8,22,8,24,6,25,5,25,5,24,74,0,4,22,4,19,5,17,6,13,6,9,6,6,6,2,6,0,6,-3,6,-6,6,-8,5,-11,4,-13,41,0,4,-17,4,-19,3,-18,3,-17,3,-15,2,-13,2,-10,4,-2,2,-2,3,-2,3,-5,-1,-8,-8,-7,-13,0,-21,13,0,15,12,11,17,0,11,-13,-2,-18,-15,-11,-19,3,-11,17,4,19,16,11,18,-3,11,-13,0,-15,0,-7,-9,-2,-6,2,-3,3,-2,3,-1,4,0,5,0,0,8,4,10,-1,8,-8,2,-13,-6,-12,-13,-6,-10,26,-11,11,-2,16,8,14,16,6,16,-6,8,-16,-5,-17,-15,-8,-17,4,-8,15,6,16,15,6,14,-6,8,-30,-9,-11,-13,2,-5,11,7,9,12,-1,6,-12,-6,-12]"
CSI_DATA,114323,d8:b1:90:d9:de:f0,-59,11,-99,-36,60,56,1706908449,100,0,228,0,"[18,-1,19,0,19,0,19,0,18,0,16,0,13,0,67,-4,9,0,7,0,6,-1,4,0,2,0,1,0,0,0,-1,0,-2,0,-4,0,-5,-1,-6,-2,-6,-4,43,4,-7,-8,-5,-10,-4,-13,-2,-15,0,-16,2,-19,0,0,7,-21,9,-21,12,-22,13,-21,15,-21,15,-21,3,0,14,-18,12,-16,10,-14,7,-12,4,-9,1,-8,0,-7,-3,-5,-5,-3,-8,-2,-10,0,-12,0,-14,0,24,10,-17,2,-19,2,-19,2,-17,1,-16,1,-14,0,-10,0,-4,2,-2,2,-3,2,-3,5,0,9,7,9,12,2,23,-8,2,-15,-9,-13,-16,-2,-14,9,-3,18,11,16,19,4,17,-11,4,-19,-9,-17,-18,-5,-16,7,-6,13,-3,6,7,6,7,2,4,-1,3,-1,4,-2,4,-4,0,0,-2,-8,-8,-6,-12,0,-10,7,-4,12,3,13,26,-9,15,1,14,-7,7,-15,-4,-16,-14,-10,-17,1,-12,13,0,18,12,12,17,0,12,-12,0,-16,-12,-10,-31,3,-7,12,5,12,12,1,7,-9,-4,-12,-13,-3,-10,8]"
CSI_DATA,114324,d8:b1:90:d9:de:f0,-59,11,-99,-38,61,56,1706918971,100,0,228,0,"[-14,-9,-16,-10,-15,-10,-14,-10,-13,-10,-12,-9,-10,-8,64,-4,-7,-4,-6,-4,-4,-3,-3,-2,-2,-1,0,-1,0,0,1,0,2,1,3,2,4,4,3,5,3,7,41,4,1,11,0,12,-2,13,-4,14,-7,15,-10,16,0,0,-15,16,-17,14,-20,15,-21,13,-22,12,-22,11,-74,9,-19,9,-17,8,-14,7,-12,7,-8,6,-4,6,-2,6,0,5,3,5,6,4,8,4,10,4,12,4,-35,0,16,4,16,4,17,4,16,4,14,4,12,4,9,4,4,1,4,0,4,0,6,-2,4,-8,-1,-11,-9,-8,-23,-6,-10,11,0,16,12,11,16,0,12,-13,0,-18,-13,-12,-19,0,-14,13,0,18,11,14,16,2,12,-7,6,-2,-2,-9,-5,-5,-4,-2,-4,-1,-5,0,-6,2,0,0,0,9,4,8,10,5,12,-2,10,-10,2,-14,-27,-3,-14,-8,-16,2,-12,12,-2,17,9,14,17,5,16,-7,6,-16,-6,-16,-15,-6,-15,6,-5,14,7,14,28,7,10,-8,0,-12,-10,-5,-9,6,0,11,10,6,12,-4]"
CSI_DATA,114325,d8:b1:90:d9:de:f0,-58,11,-99,-35,60,56,1706929654,100,0,228,0,"[19,3,19,4,19,4,18,4,17,4,15,3,13,3,66,-4,9,1,7,1,5,1,4,1,2,0,0,0,0,1,-2,0,-3,0,-4,0,-5,-1,-6,-2,-6,-4,42,4,-6,-9,-5,-11,-4,-13,-2,-15,0,-17,2,-19,0,0,6,-22,9,-22,11,-22,13,-23,15,-22,15,-21,-15,0,14,-18,12,-16,10,-14,7,-13,4,-10,2,-8,0,-6,-3,-4,-6,-2,-8,0,-10,0,-12,2,-13,3,28,10,-17,6,-17,6,-17,6,-17,5,-15,4,-13,3,-10,2,-5,0,-4,2,-4,2,-4,4,-2,8,5,9,12,4,24,-3,5,-14,-6,-15,-16,-6,-16,7,-6,17,8,17,18,6,18,-8,7,-18,-6,-18,-17,-8,-17,4,-8,12,-6,6,6,8,6,3,6,0,5,0,5,-2,4,-5,0,0,-4,-8,-10,-5,-12,0,-11,8,-4,13,4,14,27,-11,15,0,13,-8,6,-16,-5,-17,-15,-8,-17,3,-11,14,1,18,13,12,17,-1,11,-13,-2,-17,-13,-9,-30,8,-4,13,6,11,11,0,5,-10,-6,-10,-13,0,-8,10]"
CSI_DATA,114326,d8:b1:90:d9:de:f0,-59,11,-99,-36,61,56,1706940168,100,0,228,0,"[-7,15,-8,16,-9,15,-8,15,-8,13,-6,12,-5,11,60,-4,-3,7,-2,6,-1,5,-1,3,0,1,0,1,0,0,0,-1,0,-3,1,-3,2,-4,3,-5,5,-5,39,3,8,-4,10,-3,12,-1,14,0,15,2,17,4,0,0,18,9,18,11,18,12,18,15,18,15,18,15,31,0,15,13,14,11,13,9,11,7,9,4,7,1,5,0,4,-3,3,-5,1,-7,0,-9,-1,-11,-2,-13,-29,9,-5,-15,-5,-16,-5,-16,-4,-15,-3,-13,-3,-11,-1,-8,0,-4,0,-3,0,-4,-2,-5,-7,-3,-10,1,-6,9,-2,22,11,8,15,-2,9,-12,-3,-16,-14,-9,-17,3,-9,15,3,18,15,10,17,-3,10,-13,-1,-15,-10,-9,-3,-6,-7,5,-3,5,0,5,0,5,1,5,3,4,0,0,8,-1,6,-7,1,-10,-6,-10,-11,-5,-13,2,7,24,-1,13,6,13,14,6,15,-3,9,-13,-1,-17,-12,-11,-17,0,-10,11,0,16,11,10,15,-1,8,-11,-7,-28,-11,-5,-10,6,0,11,9,5,9,-5,0,-12,-9,-8]"
CSI_DATA,114327,d8:b1:90:d9:de:f0,-59,11,-99,-37,61,56,1706950169,100,0,228,0,"[-16,-6,-17,-6,-18,-6,-17,-6,-16,-5,-14,-4,-12,-3,62,-4,-8,-1,-7,0,-5,0,-3,0,-2,0,-1,0,0,0,0,0,2,0,3,0,5,1,5,2,6,3,40,3,7,7,7,9,7,11,5,13,5,15,3,16,0,0,1,21,0,22,0,24,-1,24,-1,25,-1,24,-59,9,-1,22,0,20,0,16,2,13,3,10,5,6,5,3,6,1,7,-1,7,-4,7,-7,7,-9,7,-11,-68,0,7,-15,6,-16,6,-16,5,-16,5,-14,5,-11,3,-9,4,0,3,0,3,-1,5,-3,2,-7,-3,-9,-11,-5,-24,2,-5,13,5,14,15,5,14,-7,5,-16,-9,-15,-18,-4,-16,10,-4,18,9,15,16,3,13,-7,4,-12,2,-5,-8,-5,-7,0,-4,1,-3,1,-3,3,-1,5,0,0,5,6,9,1,9,-5,5,-11,-1,-12,-9,-9,-15,21,-12,7,-6,14,3,15,13,9,17,-1,11,-12,0,-17,-12,-12,-17,0,-11,12,1,16,12,9,15,-3,13,-27,-6,-12,-12,-1,-7,10,5,11,12,1,7,-10,-3,-12]"
CSI_DATA,114328,d8:b1:90:d9:de:f0,-58,11,-99,-36,60,56,1706960917,100,0,228,0,"[14,12,15,12,16,12,15,12,14,11,12,9,12,7,67,-4,8,4,6,3,5,2,3,2,2,1,0,0,0,0,-2,0,-2,0,-4,-1,-4,-2,-6,-4,-6,-4,43,4,-6,-9,-5,-11,-4,-14,-3,-16,-2,-18,0,-19,0,0,2,-22,4,-24,5,-25,7,-26,7,-26,7,-25,73,0,6,-22,4,-20,3,-17,1,-14,0,-11,-2,-7,-3,-4,-5,-2,-7,1,-7,3,-8,6,-9,9,-9,11,82,10,-9,14,-9,16,-9,16,-9,15,-8,14,-7,11,-6,8,-5,-1,-4,0,-5,0,-6,2,-4,7,1,11,10,8,24,4,9,-12,-2,-16,-14,-9,-17,3,-9,16,4,19,17,9,19,-5,9,-17,-5,-19,-16,-9,-16,3,-9,12,-6,5,7,7,7,2,5,0,4,-2,4,-2,4,-6,0,0,-4,-8,-10,-4,-12,2,-8,9,0,14,8,12,22,-19,16,-4,9,-14,-1,-18,-12,-13,-18,-1,-14,11,-2,18,10,15,18,2,14,-11,1,-17,-11,-12,-16,1,-19,26,4,14,12,3,9,-8,-3,-12,-12,-2,-9,9,1,13]"
CSI_DATA,114329,d8:b1:90:d9:de:f0,-59,11,-99,-36,60,56,1706971545,100,0,228,0,"[3,-18,3,-19,4,-19,3,-19,2,-17,1,-16,0,-13,67,-4,0,-9,0,-7,0,-5,0,-4,0,-2,0,-1,1,0,1,1,2,2,1,4,1,5,0,7,0,8,43,4,-3,11,-6,12,-8,12,-10,12,-13,12,-15,11,0,0,-20,11,-21,9,-24,9,-24,8,-25,8,-24,7,79,9,-21,7,-19,7,-16,6,-12,7,-8,6,-4,5,-1,5,2,4,4,4,7,2,9,2,12,1,14,0,-22,0,17,-1,18,-2,18,-2,17,-2,16,-2,13,-1,10,-1,1,4,2,4,2,4,5,3,9,0,9,-7,2,-12,-8,-23,-15,-2,-12,10,-1,16,12,13,19,0,13,-13,0,-19,-14,-13,-19,0,-13,14,0,19,12,12,15,1,8,2,3,-9,-1,-7,-3,-4,-4,-3,-6,-2,-7,0,0,0,-2,9,2,10,9,7,12,0,12,-8,4,-14,-28,-7,-13,-9,-16,0,-12,11,-2,18,9,15,17,4,16,-8,5,-16,-8,-15,-16,-4,-14,9,-2,16,10,12,31,0,8,-11,-4,-12,-12,-2,-6,8,5,10,12,1,8,-9]"
CSI_DATA,114330,d8:b1:90:d9:de:f0,-58,11,-99,-37,60,56,1706981862,100,0,114,0,"[0,-16,0,-17,0,-18,1,-18,1,-18,1,-18,1,-17,0,-16,0,-16,0,-16,-1,-16,-2,-16,-3,-16,-4,-16,-5,-16,-6,-18,-7,-18,-8,-18,-8,-20,-9,-20,-11,-21,-12,-21,-13,-21,-13,-20,-13,-19,-12,-18,-13,-19,-13,-19,0,0,-13,-18,-13,-17,-13,-18,-13,-18,-15,-18,-14,-18,-15,-17,-16,-18,-16,-16,-16,-16,-16,-15,-16,-13,-16,-13,-16,-12,-14,-11,-15,-11,-15,-10,-15,-10,-16,-10,-16,-10,-17,-11,-18,-11,-18,-11,-19,-13,-18,-13,-18,-13,-16,-13,-14,-12]"
CSI_DATA,114331,d8:b1:90:d9:de:f0,-59,11,-99,-39,61,56,1706991998,100,0,228,0,"[17,4,18,5,18,6,17,6,17,6,15,4,13,4,66,-4,9,2,7,2,6,1,4,1,2,0,1,0,0,0,0,0,-2,0,-3,-1,-4,-2,-5,-4,-5,-6,42,4,-4,-10,-3,-12,-2,-13,0,-15,2,-17,4,-18,0,0,8,-21,11,-21,13,-21,14,-21,15,-20,16,-19,12,0,14,-17,12,-15,11,-13,8,-12,4,-9,2,-8,0,-6,-3,-4,-5,-3,-7,-2,-10,0,-12,0,-13,1,25,10,-17,2,-17,3,-18,2,-17,2,-15,2,-13,0,-11,0,-4,0,-4,2,-4,2,-4,4,-1,8,4,9,11,5,24,-1,6,-13,-5,-15,-15,-6,-16,6,-7,17,6,17,17,8,18,-6,8,-17,-5,-19,-16,-9,-17,2,-9,11,-4,5,6,8,6,2,5,0,4,-1,4,-1,4,-3,0,0,-2,-8,-7,-6,-11,-1,-11,6,-6,13,2,14,26,-7,15,2,15,-8,6,-16,-4,-17,-15,-10,-17,2,-11,13,0,17,13,12,17,0,11,-12,-1,-16,-12,-9,-30,5,-5,13,6,11,12,0,6,-10,-5,-11,-13,-1,-9,9]"
CSI_DATA,114332,d8:b1:90:d9:de:f0,-59,11,-99,-38,61,56,1707002315,100,0,228,0,"[-10,-14,-10,-14,-11,-15,-10,-14,-10,-14,-9,-12,-8,-10,64,-4,-6,-7,-5,-6,-4,-4,-3,-3,-2,-2,-1,-1,0,0,0,0,0,1,1,2,2,4,2,6,1,7,41,4,0,10,-2,12,-4,13,-6,14,-8,14,-10,15,0,0,-14,15,-17,15,-18,15,-20,14,-20,14,-20,13,-53,9,-18,12,-16,10,-13,10,-10,8,-6,8,-3,7,0,6,2,6,4,4,7,4,9,3,11,2,13,2,-28,0,16,0,18,0,18,0,16,0,15,1,13,1,10,1,4,2,4,1,4,1,6,0,6,-6,2,-10,-6,-10,-20,-12,-12,8,-3,15,8,13,16,3,14,-10,2,-18,-11,-15,-18,-2,-15,11,-3,18,9,14,16,4,13,-6,5,-2,-2,-10,-6,-5,-5,0,-4,0,-4,0,-4,1,0,0,-1,8,4,8,9,5,12,-1,10,-9,2,-14,-26,0,-14,-6,-16,4,-10,13,0,17,12,13,17,2,13,-10,3,-16,-9,-13,-16,-2,-12,10,-1,15,10,11,30,0,7,-11,-4,-12,-11,-2,-7,8,4,10,12,3,10,-7]"
CSI_DATA,114333,d8:b1:90:d9:de:f0,-59,11,-99,-38,61,56,1707012963,100,0,228,0,"[-3,17,-4,18,-4,18,-4,18,-4,17,-3,15,-2,13,64,-4,-1,9,0,8,0,6,0,4,0,3,0,1,0,0,0,0,0,-2,0,-4,1,-5,2,-6,3,-7,41,4,7,-8,9,-8,12,-7,14,-6,16,-5,18,-4,0,0,21,0,22,0,24,2,24,4,24,5,24,5,79,0,21,5,18,4,16,2,13,0,10,0,7,-2,4,-3,2,-5,0,-6,-3,-7,-5,-8,-7,-8,-9,-9,80,10,-13,-10,-14,-11,-14,-11,-13,-10,-12,-10,-10,-8,-7,-7,0,-4,-2,-4,-2,-4,-4,-3,-8,0,-8,5,-3,11,4,23,14,4,14,-7,4,-16,-8,-14,-17,-4,-15,10,-4,18,10,16,19,4,16,-10,5,-18,-7,-15,-13,-6,-6,-4,-6,8,0,8,2,5,2,4,3,3,5,2,0,0,7,-5,2,-10,-4,-10,-10,-6,-13,1,-11,10,19,20,6,14,14,8,16,-2,12,-12,0,-18,-11,-14,-17,-2,-14,10,-2,16,10,13,16,2,12,-10,0,-15,-22,-20,-12,2,-4,11,6,9,10,-1,4,-10,-6,-10,-12,0]"
CSI_DATA,114334,d8:b1:90:d9:de:f0,-59,11,-99,-37,61,56,1707023834,100,0,228,0,"[10,-14,11,-14,11,-14,11,-14,10,-13,9,-12,7,-10,62,-4,5,-7,3,-5,3,-4,2,-3,1,-1,1,0,0,0,0,1,0,2,-1,3,-2,4,-3,5,-5,6,40,3,-10,5,-12,3,-13,2,-14,1,-16,-1,-18,-3,0,0,-20,-7,-20,-9,-20,-11,-20,-12,-20,-14,-19,-14,-36,9,-16,-13,-14,-11,-13,-9,-11,-6,-9,-3,-7,-1,-5,0,-3,2,-1,5,0,7,1,9,3,10,4,12,51,0,7,14,8,15,8,15,7,14,6,13,5,11,3,9,-1,5,0,4,0,4,3,5,7,3,10,-1,7,-9,5,-22,-11,-9,-14,1,-9,12,1,16,13,10,17,-2,11,-14,-3,-18,-15,-11,-18,1,-11,14,0,16,9,11,4,7,9,-4,3,-6,1,-5,0,-5,-2,-5,-5,-4,0,0,-9,3,-5,8,0,11,7,10,12,4,13,-4,-8,-26,0,-15,-9,-12,-15,-3,-15,6,-7,15,5,16,14,9,16,-3,9,-13,-3,-16,-13,-9,-14,3,-6,12,12,26,12,3,8,-7,-1,-10,-9,-2,-7,7,2,11,11,4]"
CSI_DATA,114335,d8:b1:90:d9:de:f0,-58,11,-99,-36,60,56,1707036222,100,0,228,0,"[-3,18,-3,19,-3,19,-2,19,-2,18,-1,16,0,14,67,-4,0,9,1,8,0,6,0,4,0,3,0,2,0,0,0,0,-1,-2,-1,-3,-1,-5,0,-7,0,-8,43,4,2,-11,4,-12,6,-13,9,-14,10,-14,13,-14,0,0,17,-14,19,-14,21,-14,22,-13,23,-13,23,-12,68,0,19,-12,16,-11,13,-10,10,-9,6,-9,3,-7,0,-7,-2,-4,-5,-3,-7,-2,-9,0,-12,1,-14,3,31,10,-16,6,-16,7,-16,8,-16,7,-14,7,-12,5,-9,4,-1,-4,-2,-4,-2,-4,-5,-3,-9,0,-8,7,-1,12,9,23,15,1,12,-11,0,-17,-13,-12,-18,0,-12,14,2,19,16,12,21,-2,12,-16,-2,-19,-14,-11,-15,0,-8,0,-1,11,3,7,4,3,4,2,5,0,6,-1,0,0,2,-9,-4,-9,-11,-6,-13,1,-11,10,-1,15,29,1,16,6,16,-4,9,-14,-2,-17,-14,-12,-18,0,-13,12,0,17,12,12,17,0,10,-13,-2,-16,-13,-8,-29,9,-3,13,7,9,12,-2,2,-10,-8,-8,-12,2,-4,12]"
CSI_DATA,114336,d8:b1:90:d9:de:f0,-59,11,-99,-37,61,56,1707047699,100,0,228,0,"[3,16,3,18,3,18,3,18,3,16,3,14,3,12,62,-4,3,8,3,6,2,4,1,3,1,2,0,1,0,0,0,0,-1,-1,-1,-3,-1,-4,-1,-6,0,-7,40,3,1,-10,3,-11,5,-12,7,-12,9,-12,11,-12,0,0,16,-12,18,-12,20,-12,20,-11,22,-11,21,-11,67,0,18,-10,16,-9,13,-9,11,-8,7,-7,3,-7,0,-6,-1,-5,-4,-3,-7,-3,-9,-1,-11,0,-12,0,22,9,-16,3,-17,3,-17,3,-16,3,-14,3,-12,2,-9,1,-2,-3,-3,-1,-3,-1,-5,-1,-7,1,-5,8,1,11,13,18,14,-1,9,-12,-3,-15,-14,-8,-16,4,-8,15,5,17,16,8,17,-5,8,-16,-5,-16,-14,-7,-13,3,-7,0,0,9,3,6,4,2,4,1,5,0,5,-1,0,0,1,-8,-3,-9,-9,-5,-11,1,-9,9,-1,13,26,1,12,6,14,-2,10,-12,0,-16,-10,-12,-16,-1,-13,9,-3,16,9,12,16,2,12,-9,0,-15,-10,-10,-29,3,-6,11,5,11,11,0,5,-9,-5,-9,-12,0,-7,9]"
CSI_DATA,114337,d8:b1:90:d9:de:f0,-59,11,-99,-35,60,56,1707059552,100,0,228,0,"[-8,15,-10,16,-10,16,-9,15,-8,15,-8,13,-6,12,66,-4,-4,9,-3,7,-2,6,-2,5,0,4,0,2,0,1,0,0,1,0,2,-2,4,-2,5,-3,6,-2,42,4,11,-2,12,0,14,1,15,3,16,5,17,7,0,0,18,12,19,14,18,15,18,17,17,18,17,18,-2,0,15,16,14,14,13,12,11,8,10,6,8,2,7,0,6,-3,4,-5,4,-8,2,-10,1,-12,0,-13,21,0,0,-17,-1,-19,-1,-18,-1,-17,0,-15,0,-13,0,-11,0,-4,0,-3,0,-4,-2,-6,-7,-4,-10,1,-8,9,-3,24,11,9,15,-2,11,-13,-2,-17,-15,-11,-18,2,-11,16,3,19,16,11,19,-2,12,-14,-1,-17,-11,-10,-4,-3,-8,6,-2,6,1,4,1,2,0,3,2,4,0,0,8,0,8,-5,3,-10,-3,-12,-10,-8,-14,0,3,26,-4,15,5,15,14,8,17,-2,11,-13,0,-17,-12,-13,-17,-1,-13,11,0,17,11,11,16,0,10,-12,-2,-30,-13,-6,-12,6,0,13,10,7,12,-4,3,-13,-8,-10]"
CSI_DATA,114338,d8:b1:90:d9:de:f0,-59,11,-99,-38,61,56,1707070323,100,0,228,0,"[17,4,18,5,18,6,17,5,16,4,14,4,13,2,64,-4,10,1,8,0,6,0,5,0,3,0,2,0,0,0,0,0,-2,0,-2,-1,-4,-2,-4,-4,-4,-5,41,4,-4,-9,-4,-11,-2,-13,-1,-14,0,-17,2,-18,0,0,6,-20,8,-22,9,-21,11,-22,12,-21,12,-21,-37,0,12,-18,9,-16,8,-15,4,-13,2,-10,0,-8,-2,-6,-4,-4,-6,-2,-8,-1,-9,0,-12,2,-12,3,25,10,-16,6,-16,6,-16,6,-16,6,-14,5,-12,4,-10,3,-4,0,-3,0,-4,1,-4,4,-2,8,4,9,11,4,24,-2,6,-13,-5,-14,-14,-6,-16,6,-6,16,7,16,18,6,17,-8,6,-18,-7,-18,-16,-7,-16,5,-7,13,-3,5,7,6,7,0,4,-1,2,-2,3,-1,4,-4,0,0,-2,-8,-8,-5,-10,0,-10,7,-4,12,4,14,24,-11,15,0,12,-10,4,-16,-7,-15,-15,-6,-16,5,-8,14,4,17,14,8,16,-4,8,-14,-4,-15,-14,-6,-27,11,-2,13,9,9,12,-2,3,-11,-7,-9,-12,1,-6,11]"
CSI_DATA,114339,d8:b1:90:d9:de:f0,-58,11,-99,-36,60,56,1707082387,100,0,228,0,"[-7,-17,-7,-19,-8,-19,-7,-18,-8,-16,-7,-14,-7,-12,67,-4,-6,-7,-4,-6,-4,-4,-3,-3,-2,-2,0,-1,0,0,1,0,2,1,3,2,4,4,4,5,4,7,43,4,2,10,2,12,0,14,-1,16,-3,17,-5,19,0,0,-9,21,-10,21,-12,23,-13,23,-14,23,-14,23,62,10,-12,20,-9,19,-7,16,-4,14,-1,11,1,7,3,5,5,3,6,0,8,-2,9,-4,9,-7,10,-9,-80,0,11,-14,12,-14,11,-15,9,-14,9,-13,7,-11,6,-8,3,3,3,2,4,2,6,0,7,-4,4,-10,-4,-12,-20,-15,-14,6,-4,16,8,14,18,4,16,-11,2,-19,-12,-15,-21,-2,-16,12,-1,20,12,14,17,2,12,-9,7,-3,-4,-9,-6,-4,-5,0,-4,0,-4,2,-4,4,0,0,2,9,9,6,12,0,10,-7,4,-13,-5,-14,-26,13,-16,1,-12,11,-2,17,9,15,18,4,16,-8,6,-16,-7,-16,-16,-5,-16,8,-4,16,9,14,16,1,22,-23,-2,-14,-12,-4,-9,7,2,12,12,4,9,-8,-1,-13]"
CSI_DATA,114340,d8:b1:90:d9:de:f0,-59,11,-99,-36,60,56,1707093210,100,0,228,0,"[12,-14,12,-15,12,-15,12,-15,10,-14,9,-13,7,-12,67,-4,4,-8,2,-7,2,-4,1,-4,1,-2,0,-1,1,0,0,1,0,2,0,4,0,6,-2,7,-3,7,43,4,-7,8,-9,8,-12,7,-14,7,-16,6,-18,4,0,0,-22,2,-24,1,-25,0,-26,0,-26,0,-26,0,74,9,-23,0,-20,0,-17,1,-13,2,-10,3,-7,4,-3,4,0,4,2,5,5,5,8,5,11,4,13,4,-38,0,16,2,18,2,18,1,17,1,16,1,12,1,10,1,-2,4,0,4,0,4,2,6,7,4,11,-2,7,-10,2,-24,-12,-8,-16,2,-9,14,4,16,16,8,17,-7,7,-18,-7,-19,-19,-7,-18,7,-7,17,6,16,13,7,7,5,7,-7,1,-7,-1,-5,-2,-4,-4,-4,-7,-2,0,0,-6,7,-1,11,6,10,12,4,13,-3,9,-11,-24,-16,-9,-13,-16,-4,-15,6,-7,15,4,17,15,9,18,-2,9,-14,-3,-17,-14,-9,-16,4,-7,14,6,14,30,7,11,-9,-1,-12,-10,-4,-7,7,2,11,11,4,10,-7]"
CSI_DATA,114341,d8:b1:90:d9:de:f0,-58,11,-99,-36,60,56,1707106214,100,0,228,0,"[17,7,19,7,19,7,18,7,17,4,15,4,14,2,67,-4,9,0,7,0,5,0,4,0,2,0,0,0,0,1,-1,1,-2,1,-4,2,-6,2,-7,0,-8,0,43,4,-11,-2,-12,-4,-12,-6,-13,-9,-14,-11,-13,-14,0,0,-14,-18,-14,-19,-14,-20,-14,-22,-14,-22,-14,-22,69,10,-13,-19,-13,-16,-12,-12,-10,-9,-9,-5,-8,-2,-6,1,-4,3,-2,5,0,9,2,9,4,12,6,12,43,0,10,14,12,14,12,14,12,13,10,12,9,9,7,7,-5,0,-4,0,-4,1,-4,4,-2,8,4,9,12,4,24,-4,3,-14,-8,-14,-16,-2,-14,10,-1,19,13,14,19,0,13,-14,0,-20,-14,-12,-18,1,-11,12,0,15,-1,9,9,2,7,-2,4,-3,2,-4,1,-6,-1,-7,0,0,-9,-2,-9,5,-4,10,2,13,9,9,14,0,0,-29,5,-14,-4,-16,-14,-9,-17,2,-11,14,1,18,13,12,19,-1,11,-14,-2,-17,-14,-9,-16,4,-6,15,15,27,14,1,8,-9,-4,-11,-11,0,-6,10,5,12,13,2]"
CSI_DATA,114342,d8:b1:90:d9:de:f0,-59,11,-99,-35,60,56,1707118159,100,0,228,0,"[-10,-15,-11,-16,-11,-16,-10,-15,-11,-14,-9,-11,-8,-11,66,-4,-6,-6,-5,-5,-4,-4,-3,-3,-2,-2,-1,-1,0,0,1,0,2,1,2,2,3,3,4,5,2,6,42,4,2,11,0,13,0,14,-2,15,-4,17,-6,18,0,0,-11,19,-13,21,-13,21,-15,22,-15,21,-15,20,-4,9,-13,18,-11,17,-8,15,-6,13,-3,11,0,8,2,6,4,4,6,2,8,0,10,-2,11,-4,13,-5,-33,0,15,-9,15,-10,15,-10,14,-10,13,-8,11,-7,8,-5,4,2,3,2,4,1,6,0,7,-6,2,-11,-6,-11,-22,-11,-13,8,-3,16,9,13,17,2,14,-12,1,-19,-13,-14,-19,0,-14,13,0,19,12,13,17,1,12,-8,6,-3,-4,-9,-6,-4,-5,0,-4,0,-4,0,-4,3,0,0,1,9,6,6,11,1,11,-5,6,-12,-2,-14,-26,8,-15,-1,-13,8,-6,17,6,17,16,8,17,-4,8,-15,-4,-17,-15,-8,-17,5,-7,15,6,15,15,4,27,-15,0,-14,-11,-8,-11,4,-1,11,10,7,13,-4,4,-13]"
CSI_DATA,114343,d8:b1:90:d9:de:f0,-58,11,-99,-36,60,56,1707128917,100,0,228,0,"[-14,-12,-15,-12,-15,-13,-14,-12,-14,-11,-12,-9,-11,-7,67,-4,-7,-4,-6,-3,-4,-2,-3,-2,-1,-1,0,-1,0,0,2,0,3,0,4,1,5,2,6,4,7,5,43,4,6,9,5,11,4,14,3,16,2,18,0,19,0,0,-4,23,-4,24,-7,24,-8,25,-9,25,-9,24,84,10,-7,21,-6,19,-4,16,-2,14,0,11,2,7,3,4,4,2,7,0,7,-3,8,-6,9,-8,9,-10,-78,0,10,-14,9,-15,9,-16,9,-14,8,-13,7,-10,5,-8,5,1,4,0,4,0,6,-2,5,-7,0,-11,-9,-8,-24,-5,-10,12,1,16,13,10,17,-2,10,-15,-4,-19,-16,-9,-19,4,-10,16,4,19,16,10,16,-2,9,-11,7,-5,-5,-8,-7,-3,-6,0,-5,1,-5,3,-4,6,0,0,4,9,10,4,12,-2,8,-9,1,-14,-7,-12,-22,17,-15,3,-10,12,0,16,12,13,18,2,15,-10,4,-18,-9,-15,-17,-3,-14,9,-2,17,10,13,16,0,19,-24,-3,-14,-12,-4,-9,8,2,11,12,3,9,-8,-1,-13]"
CSI_DATA,114344,d8:b1:90:d9:de:f0,-58,11,-99,-36,60,56,1707142653,100,0,228,0,"[-17,7,-19,8,-19,7,-18,7,-16,7,-14,7,-12,6,67,-4,-8,4,-6,4,-5,3,-3,2,-2,1,-1,0,0,0,0,-1,2,-2,2,-2,4,-3,6,-2,8,-2,43,4,12,0,13,1,14,3,15,6,16,8,16,10,0,0,17,15,17,17,18,19,17,20,16,21,16,21,-20,0,14,18,13,15,12,12,11,9,9,5,8,2,6,0,5,-3,3,-5,1,-8,0,-10,-1,-12,-2,-14,-22,10,-5,-16,-6,-17,-6,-17,-6,-16,-5,-14,-4,-12,-3,-9,4,-3,2,-3,2,-4,0,-7,-4,-7,-11,-4,-12,5,-16,19,6,14,15,6,16,-7,5,-16,-9,-16,-19,-5,-17,10,-4,19,10,17,19,5,16,-8,5,-16,-5,-14,-1,-8,-10,1,-6,4,-2,5,-1,5,0,5,2,6,0,0,9,0,9,-6,4,-11,-2,-13,-11,-8,-15,0,2,29,-5,16,4,16,14,9,18,-2,12,-14,0,-19,-13,-13,-18,0,-13,13,0,18,13,12,16,-2,9,-14,-8,-30,-14,-4,-10,7,1,12,11,4,9,-7,-1,-13,-12,-7]"
CSI_DATA,114345,d8:b1:90:d9:de:f0,-59,11,-99,-39,61,56,1707153676,100,0,228,0,"[1,18,0,19,0,19,0,19,1,17,1,15,1,13,66,-4,2,8,2,7,1,5,1,4,0,2,0,1,0,0,-1,0,-1,-2,-1,-4,-1,-5,0,-6,0,-7,42,4,4,-10,6,-11,8,-11,11,-11,13,-11,16,-10,0,0,21,-8,22,-7,24,-6,25,-5,24,-4,25,-4,-77,0,22,-4,19,-4,16,-4,13,-4,9,-5,6,-5,2,-6,0,-5,-3,-5,-6,-5,-8,-5,-11,-4,-13,-4,30,10,-17,-4,-18,-3,-17,-3,-17,-3,-15,-2,-12,-2,-9,-2,-2,-4,-2,-2,-2,-3,-6,-2,-8,0,-7,7,0,12,11,21,15,0,11,-11,0,-17,-13,-11,-17,1,-11,14,2,19,15,12,19,-2,12,-15,0,-17,-11,-11,-14,0,-7,-2,-3,9,2,7,3,4,4,3,4,2,6,0,0,0,4,-8,-1,-10,-7,-8,-12,-2,-12,5,-7,13,24,10,10,12,16,2,15,-8,6,-16,-6,-17,-15,-8,-17,4,-9,15,4,17,15,8,15,-5,6,-15,-6,-14,-29,-7,-11,8,1,13,11,5,8,-7,-2,-12,-11,-5,-11,6]"
CSI_DATA,114346,d8:b1:90:d9:de:f0,-58,11,-99,-36,60,56,1707164874,100,0,228,0,"[-15,-10,-16,-11,-16,-12,-14,-12,-14,-10,-12,-9,-11,-7,67,-4,-8,-5,-6,-4,-4,-2,-3,-2,-2,-2,-1,-1,0,0,1,0,2,0,3,2,4,3,5,4,5,6,43,4,4,11,2,13,2,15,0,16,-2,19,-4,19,0,0,-9,21,-12,22,-13,21,-15,22,-16,21,-16,20,-2,9,-14,17,-12,16,-10,14,-7,12,-4,9,-2,7,1,5,4,4,6,2,8,0,9,0,12,-2,13,-4,-33,0,16,-6,16,-7,16,-7,16,-6,15,-4,12,-3,10,-2,4,1,4,0,5,0,6,-3,4,-8,-2,-11,-10,-7,-24,-4,-9,12,2,16,13,10,17,-2,11,-15,-2,-19,-16,-11,-19,3,-12,16,2,19,14,12,17,0,12,-10,7,-4,-4,-9,-7,-4,-6,-1,-4,0,-5,2,-4,4,0,0,2,9,8,7,12,2,12,-6,6,-12,-2,-14,-28,7,-16,-2,-15,9,-6,16,5,17,16,9,19,-4,11,-15,-2,-19,-14,-10,-17,2,-9,14,4,16,14,7,29,-10,3,-13,-8,-9,-12,2,-3,11,7,9,12,-2,6,-12]"
CSI_DATA,114347,d8:b1:90:d9:de:f0,-59,11,-99,-35,60,56,1707175107,100,0,228,0,"[15,10,15,11,16,11,15,11,14,10,13,8,11,6,66,-4,8,4,6,3,5,2,4,2,2,1,0,1,0,1,-2,0,-3,0,-4,0,-5,-2,-6,-2,-7,-4,42,4,-7,-9,-6,-11,-6,-14,-4,-16,-3,-17,-2,-19,0,0,2,-23,3,-24,4,-25,6,-26,6,-25,7,-24,-79,0,6,-22,5,-19,4,-16,2,-13,0,-10,-2,-6,-3,-4,-4,-1,-5,1,-6,3,-7,6,-8,8,-8,10,74,10,-9,14,-9,15,-9,15,-9,15,-8,13,-8,11,-6,8,-5,-2,-4,0,-5,1,-6,4,-4,8,3,11,11,6,24,2,8,-13,-4,-15,-14,-8,-17,4,-8,16,5,17,17,8,19,-6,8,-17,-5,-18,-16,-8,-17,4,-8,12,-6,6,6,8,8,3,6,0,5,-2,5,-4,4,-6,0,0,-6,-8,-11,-3,-11,3,-8,11,0,14,8,13,22,-18,15,-5,10,-15,-1,-18,-13,-13,-18,-2,-14,11,-2,18,11,15,17,2,14,-11,2,-17,-11,-12,-15,0,-18,24,3,12,11,3,8,-7,-3,-10,-11,-2,-8,8,2,12]"
CSI_DATA,114348,d8:b1:90:d9:de:f0,-59,11,-99,-38,61,56,1707186141,100,0,228,0,"[-17,-1,-18,-2,-19,-2,-18,-1,-17,-1,-15,0,-13,0,64,-4,-10,0,-8,1,-6,1,-5,1,-3,0,-2,0,0,0,0,0,2,0,2,0,4,0,6,2,7,2,41,4,8,6,8,8,9,10,8,12,8,14,7,17,0,0,6,20,5,22,4,24,3,24,2,24,2,24,1,0,2,22,3,19,3,16,4,13,4,10,5,6,6,2,6,0,6,-2,6,-5,6,-7,6,-10,6,-12,84,0,6,-16,6,-16,6,-16,6,-16,5,-14,4,-12,4,-9,4,-1,3,-2,4,-2,4,-5,0,-8,-6,-8,-12,-2,-22,8,-2,14,9,12,16,1,12,-11,0,-18,-12,-13,-18,0,-13,13,0,18,13,13,18,0,12,-11,2,-14,0,-6,-9,-3,-7,2,-4,3,-2,2,-2,3,0,5,0,0,6,5,9,0,9,-5,4,-12,-3,-12,-11,-9,-12,22,-12,9,-4,16,6,15,16,8,17,-4,9,-15,-3,-17,-14,-10,-17,3,-9,14,4,16,14,7,14,-6,10,-28,-8,-11,-13,0,-6,11,6,10,12,0,7,-10,-4,-12]"
CSI_DATA,114349,d8:b1:90:d9:de:f0,-60,11,-99,-36,61,56,1707197022,100,0,228,0,"[-15,6,-16,6,-16,6,-15,6,-14,6,-12,6,-10,5,60,-4,-6,5,-5,4,-4,3,-3,3,-2,1,-1,1,0,0,0,0,1,-1,3,-1,3,-1,5,-1,6,-1,39,3,10,0,10,2,11,3,12,6,13,8,13,10,0,0,13,14,13,16,13,18,12,18,12,20,11,19,-32,0,11,17,10,14,10,11,8,8,8,6,6,3,6,0,5,-2,3,-5,3,-6,2,-9,0,-11,0,-13,0,9,-2,-16,-3,-16,-3,-16,-3,-15,-2,-14,-1,-11,-1,-9,3,-3,1,-2,1,-3,1,-5,-3,-6,-8,-3,-10,3,-14,17,4,12,13,5,13,-5,5,-14,-6,-15,-15,-5,-15,7,-5,17,8,16,17,5,15,-7,5,-14,-5,-12,-1,-6,-8,1,-5,4,-1,4,0,3,0,4,1,5,0,0,8,1,8,-3,5,-9,-1,-11,-8,-8,-11,-1,0,25,-6,12,3,14,11,9,15,0,11,-10,1,-16,-10,-13,-15,-2,-12,9,-1,15,10,11,15,0,10,-11,-3,-29,-11,-6,-11,5,0,11,9,6,10,-5,1,-11,-9,-8]"
CSI_DATA,114350,d8:b1:90:d9:de:f0,-59,11,-99,-38,61,56,1707207207,100,0,228,0,"[-14,-11,-14,-12,-15,-12,-14,-11,-14,-10,-12,-8,-11,-7,64,-4,-8,-4,-7,-2,-6,-2,-4,-2,-2,-1,-1,0,0,0,1,0,2,0,4,1,5,1,6,2,6,4,41,4,7,8,7,10,6,12,6,14,4,16,4,18,0,0,1,22,0,23,-1,24,-2,24,-2,25,-2,24,5,0,-2,22,-1,19,0,16,1,13,2,10,4,6,4,4,5,0,6,-2,6,-4,6,-8,6,-10,6,-12,50,0,5,-16,5,-17,5,-17,4,-16,4,-14,4,-12,3,-9,4,1,4,0,4,0,6,-2,4,-7,-1,-10,-10,-7,-23,-3,-8,12,3,15,13,8,16,-4,8,-15,-6,-17,-17,-8,-18,7,-8,18,6,18,16,7,15,-5,7,-13,5,-6,-7,-6,-7,-1,-5,1,-3,2,-3,4,-2,6,0,0,6,7,10,2,10,-5,6,-10,-1,-14,-10,-10,-17,21,-14,8,-6,16,4,16,14,9,18,-2,10,-14,-1,-18,-13,-11,-17,2,-10,13,2,16,13,8,14,-4,11,-28,-7,-11,-12,0,-6,10,6,9,12,0,6,-11,-5,-11]"
CSI_DATA,114351,d8:b1:90:d9:de:f0,-59,11,-99,-36,60,56,1707217877,100,0,228,0,"[0,18,0,19,0,19,0,19,0,17,0,16,1,13,67,-4,1,9,2,7,1,5,0,4,0,2,0,1,-1,0,-1,0,-2,-2,-2,-3,-2,-4,-2,-7,-1,-8,43,4,0,-12,2,-13,4,-14,7,-14,8,-15,11,-15,0,0,16,-16,17,-16,19,-16,20,-16,21,-15,20,-15,79,0,18,-13,15,-13,12,-12,9,-10,6,-9,2,-7,0,-5,-2,-4,-4,-2,-7,0,-9,1,-12,3,-12,4,27,10,-15,8,-15,9,-15,10,-14,9,-13,8,-11,7,-9,4,-2,-5,-2,-3,-3,-3,-6,-2,-9,1,-7,8,0,12,12,21,15,0,10,-12,-2,-16,-14,-9,-17,3,-9,16,4,19,17,9,19,-5,9,-16,-4,-18,-14,-9,-15,2,-9,0,0,10,4,7,4,4,5,2,6,0,6,-2,0,0,0,-10,-5,-9,-11,-3,-13,4,-8,11,0,16,29,-2,16,4,16,-7,8,-15,-3,-17,-14,-10,-18,2,-12,14,1,17,14,11,16,-2,9,-14,-3,-16,-14,-7,-28,13,-3,13,8,8,11,-3,1,-10,-9,-7,-11,4,-2,12]"
CSI_DATA,114352,d8:b1:90:d9:de:f0,-59,11,-99,-38,61,56,1707229100,100,0,228,0,"[5,-17,6,-18,6,-18,5,-18,4,-16,4,-15,2,-12,64,-4,0,-9,0,-7,0,-6,0,-4,0,-3,0,-2,0,0,0,1,0,2,0,4,0,5,-1,7,-2,8,41,4,-6,10,-8,10,-10,9,-12,9,-14,8,-16,8,0,0,-20,6,-22,4,-24,4,-24,3,-26,2,-25,3,74,9,-22,3,-19,3,-16,4,-13,4,-10,4,-6,5,-3,6,0,6,2,6,6,4,8,4,10,4,13,3,-34,0,17,2,17,2,18,2,17,2,15,1,12,2,10,2,0,4,1,4,2,4,4,4,8,1,9,-4,4,-11,-4,-23,-14,-4,-13,8,-4,16,9,14,17,4,15,-10,3,-19,-12,-15,-19,-2,-14,12,-2,18,10,14,14,3,7,3,4,-9,0,-8,-3,-5,-3,-3,-4,-3,-6,-1,0,0,-4,8,0,10,7,9,12,3,13,-4,7,-12,-24,-12,-10,-12,-16,-2,-14,8,-6,15,6,16,16,8,17,-5,8,-15,-4,-16,-15,-8,-15,5,-5,15,7,14,30,6,10,-9,-1,-12,-10,-4,-8,6,2,11,11,4,10,-7]"
CSI_DATA,114353,d8:b1:90:d9:de:f0,-59,11,-99,-35,60,56,1707239144,100,0,228,0,"[17,-1,19,0,20,0,19,0,17,0,16,0,13,0,66,-4,9,0,7,0,6,0,5,0,3,0,2,0,0,0,-1,0,-2,0,-3,0,-5,-1,-5,-2,-6,-4,42,4,-6,-9,-5,-11,-4,-13,-2,-15,0,-17,2,-19,0,0,7,-22,8,-21,11,-22,13,-22,15,-22,15,-20,0,0,14,-17,13,-15,10,-13,7,-12,4,-10,2,-8,0,-6,-3,-5,-5,-4,-8,-2,-10,-1,-12,0,-14,0,24,10,-17,1,-17,2,-18,1,-18,0,-16,0,-13,0,-11,0,-4,2,-2,2,-2,2,-3,5,0,8,6,8,12,2,24,-8,2,-15,-9,-13,-16,-2,-14,9,-4,18,10,16,19,4,17,-11,4,-19,-9,-17,-18,-6,-15,6,-7,13,-3,6,7,6,7,1,4,0,4,-2,4,-2,4,-4,0,0,-2,-8,-8,-6,-11,0,-11,6,-5,13,3,13,26,-8,15,2,13,-8,6,-15,-4,-17,-14,-11,-18,1,-13,13,0,17,12,13,17,0,13,-12,0,-17,-12,-11,-31,2,-7,13,5,13,12,2,8,-8,-3,-12,-12,-3,-11,8]"
CSI_DATA,114354,d8:b1:90:d9:de:f0,-58,11,-99,-36,60,56,1707253320,100,0,228,0,"[0,19,0,20,1,20,1,19,2,17,2,16,2,13,67,-4,2,9,2,7,2,5,1,4,1,2,0,1,0,0,-1,0,-1,-2,-1,-4,-2,-5,-2,-7,-1,-8,43,4,1,-12,3,-12,5,-14,7,-14,9,-15,12,-15,0,0,16,-16,19,-15,21,-16,21,-14,22,-15,21,-14,57,0,19,-13,16,-12,13,-11,9,-11,6,-9,3,-7,0,-6,-3,-4,-5,-3,-7,-2,-9,0,-12,1,-14,3,29,10,-16,6,-17,7,-16,8,-16,8,-15,7,-12,5,-9,4,-2,-4,-2,-3,-3,-3,-6,-2,-9,2,-7,9,0,13,14,21,16,-1,9,-13,-2,-16,-14,-9,-18,4,-9,16,5,19,18,9,19,-6,9,-17,-5,-19,-15,-8,-15,3,-7,0,0,10,4,7,4,3,4,2,5,0,6,-1,0,0,1,-9,-4,-9,-11,-5,-12,2,-9,10,-1,15,29,0,15,6,16,-4,9,-14,-2,-18,-14,-12,-19,0,-13,12,0,18,13,12,18,-1,11,-13,-2,-16,-14,-9,-30,9,-4,13,8,9,12,-2,3,-11,-8,-9,-12,2,-5,12]"
CSI_DATA,114355,d8:b1:90:d9:de:f0,-59,11,-99,-35,60,56,1707265106,100,0,228,0,"[-18,-2,-19,-2,-20,0,-19,0,-17,2,-15,2,-13,3,66,-4,-8,4,-6,3,-4,3,-3,3,-2,2,0,1,0,0,0,0,2,-1,2,-3,4,-4,5,-3,6,-4,42,4,10,-3,12,-3,13,-2,15,-1,17,0,19,0,0,0,22,2,24,2,25,2,26,2,26,2,26,2,-26,0,23,0,20,-2,17,-3,13,-5,9,-6,5,-6,2,-6,-1,-6,-4,-6,-7,-4,-9,-3,-12,-2,-14,0,46,10,-17,3,-17,4,-17,6,-16,6,-15,6,-11,6,-9,5,4,-1,2,-2,3,-2,3,-5,0,-8,-8,-7,-12,0,-20,15,2,15,13,8,16,-4,7,-15,-8,-17,-18,-5,-17,11,-3,19,12,15,19,1,14,-13,1,-17,-9,-11,-4,-5,-8,5,-2,6,0,4,1,3,2,3,4,3,0,0,8,-4,3,-9,-4,-11,-11,-6,-13,1,-10,11,23,16,8,13,15,4,15,-6,7,-16,-6,-17,-16,-7,-17,6,-6,16,8,16,17,4,15,-10,1,-17,-12,-11,-32,4,-6,13,8,11,13,0,4,-11,-8,-10,-13,2,-6,12]"
CSI_DATA,114356,d8:b1:90:d9:de:f0,-59,11,-99,-35,60,56,1707276130,100,0,228,0,"[17,-2,19,-2,19,-2,18,-1,17,-1,15,-2,13,-1,66,-4,8,-1,6,-1,6,0,4,0,2,0,1,0,0,0,-1,1,-2,1,-4,1,-6,1,-7,0,-8,0,42,4,-11,-4,-11,-7,-11,-10,-10,-12,-9,-15,-8,-17,0,0,-6,-22,-4,-23,-3,-25,-2,-26,0,-26,0,-25,-25,10,0,-22,0,-19,0,-16,-1,-13,-2,-10,-3,-6,-4,-4,-5,-1,-5,2,-6,4,-6,6,-7,8,-7,11,-73,10,-8,14,-8,15,-8,15,-9,15,-8,13,-7,11,-6,8,-4,2,-3,3,-3,4,-2,6,2,8,8,6,13,-1,21,-12,0,-15,-12,-11,-17,1,-11,13,2,18,14,11,19,-2,13,-15,-1,-19,-14,-13,-19,0,-12,11,-2,15,-3,8,9,4,8,0,5,-2,4,-3,3,-5,1,-7,0,0,-8,-5,-11,0,-10,6,-4,13,3,13,11,9,15,-24,13,-8,5,-16,-6,-16,-15,-10,-17,2,-11,14,0,18,13,12,17,0,11,-12,0,-16,-12,-10,-15,2,-15,25,4,13,11,3,8,-7,-2,-10,-11,-2,-8,8,0,12]"
CSI_DATA,114357,d8:b1:90:d9:de:f0,-59,11,-99,-37,61,56,1707287859,100,0,228,0,"[-2,17,-2,18,-1,18,-1,17,0,16,0,14,0,12,62,-4,1,9,0,7,1,5,0,3,0,2,0,1,0,0,-1,0,-1,-1,-2,-3,-2,-5,-2,-7,-1,-8,40,3,0,-11,1,-12,4,-13,5,-14,7,-14,10,-15,0,0,13,-16,14,-18,16,-18,17,-18,17,-17,17,-16,18,0,14,-15,12,-14,9,-12,6,-11,3,-9,0,-7,-1,-5,-4,-3,-6,0,-7,1,-8,3,-9,5,-11,7,51,9,-11,11,-11,12,-11,13,-9,12,-9,11,-8,9,-6,7,-1,-5,-2,-3,-2,-3,-5,-3,-9,0,-7,7,0,12,9,21,14,0,10,-11,0,-15,-13,-10,-18,3,-9,15,5,18,16,8,18,-5,9,-16,-4,-16,-14,-8,-14,2,-8,0,0,9,3,7,5,3,5,1,5,0,6,-2,0,0,0,-8,-7,-7,-11,-2,-11,4,-7,11,1,14,27,-5,15,2,13,-7,5,-16,-6,-16,-15,-7,-16,5,-7,14,4,16,14,7,15,-6,5,-15,-7,-13,-14,-2,-22,19,0,12,11,5,9,-6,-1,-10,-9,-4,-9,7,0,12]"
CSI_DATA,114358,d8:b1:90:d9:de:f0,-58,11,-99,-36,60,56,1707298735,100,0,228,0,"[16,9,17,10,17,11,16,9,16,9,14,6,12,4,67,-4,9,2,7,1,5,1,4,0,2,0,1,0,0,0,-1,0,-2,0,-4,0,-6,0,-7,0,-7,-2,43,4,-10,-5,-10,-7,-12,-10,-11,-12,-11,-14,-11,-16,0,0,-10,-21,-9,-22,-9,-24,-9,-25,-9,-25,-9,-24,60,10,-9,-21,-9,-18,-9,-15,-9,-11,-8,-7,-7,-3,-6,0,-5,2,-4,5,-2,8,-1,10,1,12,2,14,37,0,6,16,7,17,7,16,7,16,7,14,6,12,4,9,-4,-1,-4,0,-4,1,-5,3,-3,8,3,10,12,6,24,0,7,-14,-6,-15,-16,-6,-16,8,-4,18,10,16,19,3,16,-12,2,-20,-12,-16,-19,-2,-14,10,-2,14,-2,7,9,4,7,0,4,-2,3,-3,2,-4,0,-7,0,0,-9,-4,-10,2,-7,9,-1,13,7,12,14,4,5,-28,9,-13,-1,-17,-12,-12,-18,-1,-14,11,-2,19,11,14,18,2,14,-11,0,-18,-12,-12,-16,1,-9,14,9,30,14,4,10,-8,-2,-12,-12,-3,-9,9,2,13,12,5]"
CSI_DATA,114359,d8:b1:90:d9:de:f0,-59,11,-99,-36,60,56,1707309032,100,0,228,0,"[-17,4,-19,4,-19,3,-18,3,-16,3,-14,2,-13,2,67,-4,-9,2,-7,2,-5,2,-4,1,-2,0,-1,0,0,0,0,0,2,0,3,0,5,0,7,0,7,2,43,4,9,6,9,8,9,12,8,14,7,16,6,19,0,0,3,22,1,24,0,24,-1,26,-2,26,-2,25,-78,10,-2,22,-2,19,-1,17,0,13,2,10,2,7,4,4,6,2,7,0,8,-2,9,-4,9,-7,10,-9,-41,0,12,-12,13,-12,13,-12,13,-11,12,-9,10,-8,8,-6,4,-2,2,-2,2,-3,1,-6,-2,-9,-9,-5,-12,2,-19,13,1,14,12,9,16,-2,11,-14,-2,-18,-14,-12,-19,2,-12,15,1,19,14,13,18,0,12,-12,2,-14,2,-7,-9,-4,-7,1,-4,2,-2,2,-2,4,-1,6,0,0,5,6,10,2,10,-4,7,-11,0,-13,-9,-12,-18,19,-15,5,-9,14,2,17,12,12,18,1,14,-11,2,-17,-10,-15,-16,-3,-14,10,-2,16,9,12,16,1,22,-21,-2,-13,-12,-5,-11,6,0,12,10,6,12,-5,2,-12]"
CSI_DATA,114360,d8:b1:90:d9:de:f0,-59,11,-99,-36,60,56,1707320013,100,0,228,0,"[-19,0,-19,0,-19,0,-19,1,-18,2,-14,2,-13,3,67,-4,-8,3,-7,2,-5,2,-4,1,-2,0,-1,0,0,-1,0,-2,1,-2,2,-4,4,-4,5,-4,7,-4,43,4,11,-3,13,-2,15,-1,16,0,18,1,19,3,0,0,21,6,24,7,24,8,25,9,24,9,24,9,84,0,21,7,19,4,16,2,13,0,9,-1,6,-2,3,-4,0,-5,-2,-5,-5,-6,-7,-6,-10,-6,-12,-5,41,10,-16,-4,-19,-3,-17,-2,-16,-2,-15,-1,-13,-1,-9,-1,4,-1,3,-2,3,-4,2,-6,-2,-8,-9,-5,-12,2,-17,15,4,14,14,7,16,-5,7,-16,-7,-16,-18,-4,-16,10,-4,19,10,16,19,4,15,-9,4,-16,-7,-13,-2,-9,-9,2,-5,5,-2,6,0,5,2,5,4,4,0,0,9,-4,5,-10,-1,-12,-9,-9,-14,-2,-13,7,16,23,4,16,14,9,18,-2,12,-14,0,-19,-13,-13,-17,0,-13,12,0,17,13,11,16,-2,8,-13,-4,-15,-29,-9,-11,8,1,12,10,4,7,-7,-2,-11,-12,-4,-10,7]"
CSI_DATA,114361,d8:b1:90:d9:de:f0,-59,11,-99,-36,61,56,1707330840,100,0,228,0,"[-16,-5,-17,-6,-17,-6,-15,-6,-15,-6,-13,-5,-11,-5,60,-4,-8,-3,-6,-2,-5,-2,-3,-1,-2,-1,-1,0,0,0,1,0,2,0,4,1,5,2,5,3,4,5,39,3,4,10,2,11,1,13,-1,15,-3,16,-5,17,0,0,-10,18,-12,18,-13,18,-16,17,-17,17,-17,16,-42,8,-15,13,-13,12,-10,10,-8,9,-5,7,-2,6,0,5,2,4,4,3,7,3,9,1,11,1,13,0,-20,0,16,-1,16,-1,17,0,16,0,14,0,11,0,8,0,5,0,3,-1,3,-1,4,-4,2,-7,-3,-8,-10,-5,-22,0,-6,11,3,14,13,7,15,-4,8,-14,-5,-17,-15,-8,-17,4,-10,15,3,17,13,10,15,0,10,-9,6,-3,-4,-8,-5,-3,-5,-1,-4,0,-4,1,-4,4,0,0,1,8,7,7,11,2,11,-4,7,-10,0,-13,-25,3,-14,-4,-14,5,-8,14,1,16,12,11,17,0,12,-10,1,-16,-10,-12,-15,-1,-11,10,-1,15,10,10,29,-1,6,-11,-4,-11,-11,-1,-6,8,4,10,11,3,9,-7]"
CSI_DATA,114362,d8:b1:90:d9:de:f0,-59,11,-99,-38,61,56,1707341364,100,0,228,0,"[3,17,2,18,2,19,2,18,2,17,2,15,1,13,64,-4,1,9,1,7,0,5,0,4,0,2,0,1,0,0,-1,0,0,-2,-1,-4,0,-6,0,-6,2,-8,41,4,6,-10,8,-10,11,-10,13,-9,16,-8,18,-6,0,0,22,-4,24,-2,24,0,26,1,25,2,24,2,-78,0,21,3,19,2,16,1,12,0,10,-1,6,-2,3,-4,2,-5,-1,-6,-3,-7,-5,-8,-7,-9,-9,-9,62,10,-12,-11,-13,-12,-13,-12,-12,-11,-10,-10,-8,-9,-6,-7,-2,-4,-3,-3,-3,-2,-6,-1,-8,2,-6,8,0,12,12,20,14,0,10,-11,0,-16,-12,-11,-17,1,-12,14,1,18,14,12,19,0,14,-13,1,-18,-10,-13,-14,-3,-7,-4,-4,9,0,8,2,6,3,4,4,3,6,1,0,0,6,-7,1,-10,-5,-10,-11,-6,-14,1,-11,10,20,18,6,14,14,8,17,-3,12,-13,0,-18,-12,-14,-18,-2,-14,10,-2,17,10,14,16,2,12,-10,0,-15,-22,-20,-12,2,-4,11,6,9,10,-1,4,-10,-6,-10,-12,-1]"
CSI_DATA,114363,d8:b1:90:d9:de:f0,-59,11,-99,-36,60,56,1707351457,100,0,228,0,"[17,-4,19,-4,19,-4,19,-4,16,-4,14,-4,13,-3,67,-4,9,-3,7,-2,5,-2,4,0,2,0,2,0,1,1,0,2,-2,2,-3,2,-5,2,-7,2,-8,2,43,4,-12,-1,-13,-2,-14,-5,-14,-7,-15,-10,-15,-13,0,0,-14,-18,-14,-19,-14,-21,-13,-23,-12,-23,-11,-23,74,10,-9,-20,-8,-17,-8,-14,-7,-11,-6,-7,-5,-4,-5,0,-4,2,-3,4,-2,7,-1,9,0,12,0,14,-10,10,1,16,2,18,2,18,2,16,1,15,1,13,0,10,-4,3,-2,4,-2,4,0,7,4,7,9,4,12,-4,17,-15,-3,-14,-14,-7,-16,4,-7,16,5,17,16,8,18,-7,7,-18,-7,-18,-17,-9,-18,4,-9,14,2,15,-1,9,10,1,7,-3,4,-4,2,-5,0,-6,-2,-7,0,0,-9,-1,-10,4,-6,11,0,13,9,11,15,2,4,-29,8,-14,-2,-16,-12,-12,-18,-1,-14,12,-3,18,9,15,17,4,15,-9,3,-16,-9,-14,-16,-2,-12,10,1,30,10,7,11,-4,1,-11,-9,-6,-10,4,-1,12,9,9]"
CSI_DATA,114364,d8:b1:90:d9:de:f0,-59,11,-99,-36,60,56,1707367794,100,0,228,0,"[0,18,0,19,-1,19,-1,19,0,17,0,16,0,14,67,-4,0,9,0,8,0,6,0,4,0,3,0,2,-1,0,-1,0,-1,-2,0,-3,0,-5,0,-7,2,-8,43,4,5,-11,7,-12,10,-11,13,-11,16,-11,18,-9,0,0,22,-7,24,-6,26,-6,26,-4,26,-4,26,-2,-84,0,22,-2,19,-2,16,-2,14,-3,9,-3,6,-4,3,-4,0,-4,-3,-5,-5,-4,-7,-5,-10,-5,-12,-5,48,10,-16,-5,-16,-5,-17,-5,-16,-5,-14,-5,-12,-4,-9,-4,-1,-4,-2,-4,-3,-4,-6,-2,-9,1,-7,8,0,12,9,23,15,0,12,-11,0,-16,-12,-12,-19,0,-13,13,0,20,14,14,21,0,14,-14,1,-19,-11,-14,-16,-2,-8,-3,-4,10,1,8,4,5,4,4,4,2,7,0,0,0,5,-7,0,-10,-7,-10,-13,-4,-14,4,-9,13,25,15,11,14,17,3,16,-8,7,-17,-6,-18,-16,-9,-18,4,-9,14,3,18,15,9,16,-4,7,-14,-6,-14,-29,-9,-10,7,0,12,9,5,9,-6,0,-12,-11,-6,-12,4]"
CSI_DATA,114365,d8:b1:90:d9:de:f0,-59,11,-99,-38,61,56,1707379385,100,0,228,0,"[4,-16,5,-17,6,-17,6,-16,6,-16,4,-14,4,-12,64,-4,2,-9,2,-7,2,-6,2,-4,1,-2,1,-2,1,0,0,1,0,2,0,4,-2,5,-4,6,-5,6,41,4,-10,6,-12,6,-14,3,-16,2,-18,0,-18,-2,0,0,-20,-6,-22,-8,-22,-10,-22,-12,-21,-12,-20,-13,-66,9,-17,-12,-15,-11,-14,-9,-11,-6,-9,-4,-6,-1,-5,0,-3,4,-2,5,0,7,1,8,2,11,4,12,49,0,5,15,5,16,5,16,4,16,3,14,2,13,1,10,0,5,1,4,2,4,5,4,8,0,9,-5,4,-11,-2,-22,-13,-5,-14,6,-6,14,6,16,16,6,16,-6,7,-17,-6,-17,-16,-8,-18,6,-9,15,3,16,12,9,5,6,8,-6,3,-7,0,-6,-2,-5,-2,-4,-4,-4,0,0,-8,3,-6,8,0,11,7,11,13,5,14,-4,-8,-26,0,-16,-10,-13,-17,-4,-16,7,-8,16,4,17,14,9,17,-2,10,-13,-2,-16,-12,-8,-14,3,-7,12,9,27,12,4,9,-7,-1,-10,-9,-4,-8,6,0,12,10,6]"
CSI_DATA,114366,d8:b1:90:d9:de:f0,-59,11,-99,-36,61,56,1707389888,100,0,228,0,"[-16,4,-17,4,-18,4,-17,4,-16,4,-14,4,-12,3,60,-4,-8,3,-6,2,-5,1,-4,1,-2,1,-1,0,0,0,0,-1,2,-1,3,-1,5,-1,6,0,8,0,39,3,10,3,10,5,11,7,11,10,10,12,10,14,0,0,8,19,6,20,6,22,5,23,4,23,3,23,-11,9,3,20,3,18,3,15,3,12,4,8,4,5,5,2,5,0,5,-2,6,-5,6,-7,6,-10,6,-11,-76,0,5,-15,6,-15,5,-15,6,-15,5,-13,5,-11,3,-8,3,-3,1,-3,1,-3,1,-5,-2,-6,-8,-5,-10,1,-18,13,2,13,11,8,15,-2,9,-13,-3,-16,-14,-9,-17,3,-10,15,3,17,14,10,17,-2,10,-11,0,-14,1,-8,-8,-2,-6,1,-4,3,-2,3,-1,4,0,6,0,0,8,3,10,-1,8,-6,2,-11,-5,-11,-11,-6,-11,23,-10,10,-3,15,6,13,15,6,16,-4,9,-14,-2,-17,-13,-10,-16,2,-10,13,3,15,13,8,14,-4,11,-26,-6,-11,-11,0,-6,9,5,10,11,0,7,-9,-3,-12]"
CSI_DATA,114367,d8:b1:90:d9:de:f0,-59,11,-99,-35,60,56,1707401660,100,0,228,0,"[16,6,17,6,17,6,17,6,16,4,15,3,13,2,66,-4,9,0,8,0,6,0,4,0,2,0,2,0,0,0,0,0,-2,1,-4,1,-4,0,-6,0,-8,0,42,4,-11,-2,-11,-4,-13,-6,-13,-8,-13,-10,-14,-13,0,0,-14,-17,-15,-18,-15,-19,-15,-19,-14,-20,-13,-20,19,10,-13,-17,-12,-15,-11,-12,-10,-8,-8,-5,-7,-2,-6,0,-3,3,-2,6,0,7,1,9,3,11,5,12,61,0,8,14,10,14,11,14,10,13,9,12,8,10,6,8,-5,0,-4,1,-4,2,-4,4,0,8,5,8,12,2,22,-5,2,-14,-8,-12,-15,-2,-13,11,0,17,13,13,19,0,13,-15,-1,-19,-14,-12,-18,1,-11,12,0,15,-1,8,10,2,7,-2,4,-4,2,-4,0,-5,-1,-6,0,0,-9,-2,-9,4,-6,10,1,12,10,9,14,1,0,-28,5,-15,-6,-16,-15,-8,-17,4,-10,15,2,17,14,11,17,-2,10,-14,-3,-16,-14,-8,-14,4,-5,13,15,25,13,0,7,-9,-4,-9,-11,0,-5,10,5,11,13,1]"
CSI_DATA,114368,d8:b1:90:d9:de:f0,-59,11,-99,-38,61,56,1707412242,100,0,228,0,"[-9,15,-11,16,-11,16,-10,16,-10,14,-8,13,-7,11,64,-4,-5,8,-4,6,-2,5,-2,4,-2,2,0,1,0,0,0,0,1,-2,2,-3,3,-4,6,-4,8,-3,41,4,11,-2,12,0,14,2,15,4,15,7,16,10,0,0,16,15,16,17,15,20,14,20,12,22,12,22,-50,0,9,20,8,17,8,14,7,11,6,8,6,4,6,1,6,-1,5,-4,4,-7,4,-9,4,-11,4,-13,46,0,4,-16,4,-18,4,-17,4,-16,4,-14,4,-12,4,-8,0,-4,0,-3,0,-4,-2,-4,-6,-4,-10,1,-7,8,-6,23,10,10,16,0,11,-11,0,-16,-12,-12,-18,0,-13,14,0,19,13,14,19,1,14,-11,3,-16,-7,-13,-2,-8,-10,2,-5,6,-2,5,0,5,0,5,2,6,0,0,9,0,8,-5,4,-10,-2,-12,-10,-10,-14,-2,-4,27,-8,14,1,16,12,12,17,2,15,-8,5,-17,-7,-16,-16,-6,-16,6,-7,15,6,16,15,6,14,-7,8,-29,-8,-11,-12,0,-6,10,6,10,12,0,7,-10,-4,-12]"
CSI_DATA,114369,d8:b1:90:d9:de:f0,-59,11,-99,-38,61,56,1707423106,100,0,228,0,"[-15,7,-16,7,-17,7,-16,6,-15,6,-14,6,-12,4,64,-4,-9,3,-7,4,-6,3,-4,2,-3,2,-2,0,-1,0,0,0,1,0,3,0,4,0,6,1,7,2,41,4,10,6,9,8,10,10,9,12,9,15,8,17,0,0,4,21,3,22,1,24,0,24,-2,25,-2,24,-74,10,-2,20,-2,19,-1,16,0,13,2,10,3,7,4,4,4,2,6,0,8,-2,9,-4,10,-5,11,-6,-35,0,13,-9,13,-10,14,-10,14,-10,12,-8,11,-6,9,-4,3,-2,2,-3,2,-3,0,-6,-4,-7,-9,-4,-11,3,-17,16,3,14,12,8,15,-3,8,-13,-4,-16,-15,-9,-18,4,-10,16,3,19,14,11,18,-2,11,-12,0,-15,0,-6,-10,-3,-8,2,-3,3,-2,2,-1,3,-1,4,0,0,6,6,8,2,10,-4,6,-10,0,-14,-9,-11,-18,18,-15,6,-9,15,2,17,13,11,18,0,14,-11,2,-17,-10,-14,-17,-3,-13,9,-3,16,9,12,15,2,23,-18,0,-13,-10,-6,-10,5,0,11,10,6,12,-4,3,-12]"
CSI_DATA,114370,d8:b1:90:d9:de:f0,-59,11,-99,-35,60,56,1707433838,100,0,228,0,"[7,15,7,17,6,17,6,17,6,16,5,14,4,13,66,-4,4,8,3,7,2,6,2,4,1,3,0,2,0,0,0,0,-1,-2,0,-3,0,-4,0,-6,0,-8,42,4,4,-11,7,-11,10,-11,12,-11,15,-10,17,-9,0,0,21,-6,23,-4,25,-3,25,-2,26,0,25,0,-85,0,22,0,19,0,17,0,13,0,11,-1,7,-2,4,-4,1,-5,0,-6,-2,-7,-4,-8,-6,-8,-8,-10,81,10,-11,-12,-13,-12,-13,-12,-11,-12,-10,-11,-7,-10,-5,-8,-3,-3,-4,-2,-4,-2,-6,0,-7,4,-4,9,4,11,16,17,14,-4,7,-13,-4,-15,-14,-8,-17,4,-8,16,4,18,17,10,19,-4,11,-16,-2,-19,-13,-11,-15,0,-7,-1,-2,11,2,7,4,4,4,2,4,2,5,0,0,0,5,-6,1,-10,-6,-10,-11,-5,-14,2,-10,11,21,17,8,15,15,6,17,-4,11,-14,-1,-18,-13,-13,-18,0,-13,11,-1,17,11,13,17,1,12,-11,0,-15,-22,-20,-13,2,-4,11,6,9,11,-1,5,-11,-6,-11,-13,-2]"
CSI_DATA,114371,d8:b1:90:d9:de:f0,-59,11,-99,-38,61,56,1707447667,100,0,228,0,"[-17,2,-19,1,-20,0,-20,0,-17,0,-16,0,-13,0,64,-4,-9,0,-8,0,-6,0,-4,0,-3,0,-2,0,0,0,1,0,3,0,4,0,5,1,6,2,7,3,41,4,8,8,6,11,6,12,4,15,2,18,0,19,0,0,-4,22,-6,21,-10,24,-10,22,-12,22,-12,20,26,10,-12,18,-10,16,-8,13,-6,11,-4,9,-1,7,0,6,3,4,6,2,8,1,10,0,11,-1,14,-2,-24,0,16,-4,16,-3,17,-3,17,-2,16,-2,12,0,10,0,4,-2,2,-3,2,-2,2,-5,0,-7,-7,-6,-12,0,-22,8,-2,14,9,12,16,2,13,-9,3,-17,-10,-15,-18,-4,-16,10,-4,19,10,16,18,5,15,-6,7,-12,4,-6,-7,-7,-8,-1,-5,1,-4,2,-4,3,-3,5,0,0,4,8,9,5,12,0,10,-8,4,-13,-4,-13,-25,11,-16,0,-12,10,-5,16,6,16,15,9,18,-3,11,-14,-2,-17,-14,-10,-16,1,-10,12,2,16,12,8,28,-6,5,-12,-6,-10,-11,0,-6,9,5,10,12,1,9,-9]"
CSI_DATA,114372,d8:b1:90:d9:de:f0,-59,11,-99,-36,60,56,1707460241,100,0,228,0,"[8,-16,9,-17,9,-17,9,-16,8,-16,7,-14,6,-12,67,-4,3,-9,2,-7,2,-5,1,-4,1,-2,1,0,1,0,0,1,0,2,0,4,-2,5,-3,6,-4,7,43,4,-9,7,-12,6,-14,4,-16,3,-17,1,-19,0,0,0,-21,-4,-23,-7,-23,-9,-24,-11,-23,-12,-22,-12,-74,9,-19,-11,-17,-9,-15,-7,-12,-5,-10,-2,-7,0,-5,2,-2,4,0,6,1,7,2,9,4,11,7,12,82,0,9,14,10,15,10,15,9,14,8,13,7,11,4,9,0,5,1,4,1,4,3,4,7,3,9,-2,6,-10,2,-24,-12,-7,-15,3,-8,14,4,16,16,8,18,-4,9,-17,-5,-19,-17,-9,-19,4,-10,16,2,17,11,10,4,7,8,-6,3,-7,0,-7,-1,-5,-3,-5,-5,-4,0,0,-9,4,-5,10,1,12,9,9,14,2,14,-6,-12,-26,-1,-16,-12,-12,-17,-2,-15,9,-6,17,6,17,16,7,17,-4,8,-15,-5,-16,-15,-7,-15,6,-4,14,16,26,13,1,8,-9,-3,-10,-11,-1,-7,9,3,12,12,4]"
CSI_DATA,114373,d8:b1:90:d9:de:f0,-59,11,-99,-36,60,56,1707473824,100,0,228,0,"[8,17,8,19,7,18,7,18,7,16,7,15,6,12,67,-4,4,8,4,7,2,5,2,4,1,2,0,1,0,0,-1,0,-2,-2,-2,-4,-3,-5,-2,-7,-2,-9,43,4,0,-12,2,-13,4,-14,7,-14,9,-14,12,-15,0,0,18,-13,19,-12,21,-12,23,-11,24,-10,24,-9,67,0,21,-7,19,-7,15,-7,12,-6,8,-5,4,-6,1,-5,-1,-4,-4,-4,-6,-4,-9,-3,-12,-3,-14,-2,33,10,-17,-1,-18,-1,-18,-1,-17,-1,-16,-1,-12,-2,-9,-2,-4,-3,-4,0,-3,-1,-5,0,-7,4,-3,9,4,11,18,16,14,-4,7,-14,-5,-15,-16,-7,-16,7,-7,17,7,18,18,7,19,-7,8,-18,-6,-18,-15,-8,-15,2,-9,0,-1,11,3,7,4,4,5,2,6,0,7,-2,0,0,2,-9,-4,-10,-10,-7,-14,0,-11,9,-3,14,28,5,14,9,16,0,12,-12,3,-17,-9,-16,-17,-5,-16,7,-7,16,7,16,16,6,15,-7,4,-15,-8,-13,-31,-3,-9,9,2,12,10,3,8,-7,-2,-12,-12,-4,-11,7]"
CSI_DATA,114374,d8:b1:90:d9:de:f0,-58,11,-99,-36,60,56,1707485364,100,0,228,0,"[-11,14,-12,16,-12,16,-10,16,-9,16,-7,14,-6,13,67,-4,-2,9,-2,7,-1,6,-1,4,0,2,0,2,0,0,0,-1,-1,-2,0,-4,0,-6,0,-7,1,-9,43,4,4,-12,5,-12,7,-12,10,-13,12,-13,14,-12,0,0,18,-12,20,-12,21,-13,23,-12,23,-12,23,-12,46,0,19,-12,16,-11,13,-10,9,-9,6,-8,2,-7,0,-5,-3,-4,-5,-2,-8,0,-9,2,-12,4,-12,6,50,10,-14,9,-14,11,-14,12,-13,12,-11,11,-9,9,-7,7,0,-5,0,-4,0,-3,-2,-4,-7,-3,-9,2,-6,10,0,25,13,7,14,-5,6,-15,-7,-15,-17,-4,-16,9,-3,19,12,16,19,2,16,-12,2,-19,-10,-14,-15,-2,-9,-3,-4,10,1,8,4,4,4,3,5,2,7,-1,0,0,2,-9,-4,-10,-10,-6,-14,1,-10,10,-2,15,29,1,15,6,16,-4,9,-15,-2,-17,-14,-11,-18,1,-12,13,1,18,14,12,17,-2,9,-14,-4,-15,-14,-6,-26,16,-1,13,10,7,10,-4,0,-11,-10,-5,-11,6,-1,13]"
CSI_DATA,114375,d8:b1:90:d9:de:f0,-59,11,-99,-34,60,56,1707497140,100,0,228,0,"[2,-18,2,-19,2,-19,1,-19,0,-18,0,-16,-1,-14,64,-4,-2,-9,-2,-8,-2,-6,-1,-4,-1,-2,0,-1,0,0,0,0,0,2,0,4,1,5,0,6,0,8,41,4,-2,10,-4,11,-6,12,-8,12,-11,13,-13,12,0,0,-16,12,-18,12,-20,12,-21,12,-21,11,-21,12,-56,9,-18,10,-16,10,-13,10,-10,9,-6,8,-3,7,0,7,3,5,6,4,8,2,10,1,12,0,14,-2,-21,0,16,-4,17,-5,17,-6,16,-6,14,-5,12,-4,9,-3,2,4,2,2,1,2,4,3,7,0,8,-5,2,-10,-9,-22,-14,-1,-11,10,0,16,12,12,18,0,12,-14,-2,-18,-15,-11,-19,3,-10,16,3,18,14,10,14,-1,7,0,0,-10,-4,-6,-4,-3,-4,-1,-4,-1,-6,0,0,0,-2,8,3,9,9,6,12,0,10,-9,2,-14,-26,-2,-14,-7,-15,3,-10,12,0,17,11,12,17,1,13,-10,2,-17,-10,-13,-16,-1,-11,12,1,16,12,9,30,-7,4,-12,-8,-10,-12,2,-4,11,8,9,13,-1,6,-11]"
CSI_DATA,114376,d8:b1:90:d9:de:f0,-58,11,-99,-36,60,56,1707507542,100,0,228,0,"[-19,4,-19,5,-20,6,-19,6,-18,7,-15,6,-13,6,67,-4,-8,5,-7,4,-5,4,-4,3,-2,2,-2,1,0,0,0,-1,1,-2,2,-3,4,-4,6,-4,7,-5,43,4,11,-4,13,-3,15,-2,16,0,18,1,19,3,0,0,21,7,23,9,24,9,24,11,24,10,24,10,74,0,21,9,19,7,16,4,14,2,11,0,7,-1,4,-3,2,-4,0,-6,-3,-7,-5,-8,-9,-8,-11,-9,58,10,-15,-9,-17,-8,-17,-7,-16,-7,-14,-6,-12,-5,-9,-4,4,-3,2,-2,2,-3,0,-5,-3,-7,-9,-4,-12,4,-16,19,5,14,15,5,16,-7,4,-17,-9,-16,-19,-3,-16,12,-2,21,13,16,20,2,16,-12,2,-18,-9,-13,-3,-8,-10,4,-4,7,0,6,0,4,2,4,4,4,0,0,9,-3,6,-9,0,-12,-9,-10,-14,-2,-14,7,15,25,3,16,14,11,18,0,13,-12,2,-19,-11,-15,-18,-2,-14,10,-2,18,11,14,17,0,12,-12,-1,-16,-26,-16,-13,5,-2,12,9,7,10,-4,0,-12,-10,-7,-12,4]"
CSI_DATA,114377,d8:b1:90:d9:de:f0,-59,11,-99,-38,61,56,1707518431,100,0,228,0,"[-16,-5,-17,-6,-18,-6,-17,-6,-16,-6,-14,-6,-12,-5,64,-4,-9,-3,-7,-2,-6,-2,-4,-2,-3,-1,-2,0,0,0,0,0,1,1,2,2,3,3,3,5,2,7,41,4,1,11,0,12,-2,13,-4,14,-7,15,-10,15,0,0,-14,15,-17,14,-19,14,-20,12,-22,11,-22,10,-68,9,-20,8,-18,7,-15,6,-12,6,-9,6,-5,6,-3,6,0,6,2,6,5,6,7,6,9,7,11,7,-50,0,14,8,15,8,14,9,14,9,12,9,10,8,7,6,4,0,3,0,4,-1,4,-3,3,-7,-2,-9,-10,-6,-24,-1,-8,12,2,15,12,9,16,-2,10,-14,-2,-18,-14,-12,-19,2,-12,14,0,19,13,13,17,1,12,-8,5,-3,-4,-9,-6,-4,-5,0,-4,0,-4,0,-4,2,0,0,-1,8,4,8,9,6,12,0,10,-8,4,-14,-26,-5,-13,-9,-16,0,-13,10,-4,16,7,16,16,7,16,-5,8,-14,-4,-16,-14,-8,-16,4,-7,13,4,14,26,13,12,-6,1,-12,-9,-8,-10,4,-2,12,8,9,12,0]"
CSI_DATA,114378,d8:b1:90:d9:de:f0,-58,11,-99,-37,60,56,1707529321,100,0,228,0,"[14,13,15,13,16,13,16,12,16,11,14,9,13,8,69,-5,10,4,8,2,6,2,5,1,3,0,2,0,0,0,-1,0,-2,0,-4,0,-5,-1,-7,-2,-8,-3,45,4,-9,-7,-9,-9,-8,-12,-8,-14,-8,-16,-7,-18,0,0,-5,-22,-3,-24,-3,-25,-2,-26,-2,-26,-2,-26,-3,10,-2,-23,-3,-20,-4,-17,-5,-13,-5,-9,-5,-5,-5,-2,-5,0,-5,3,-5,7,-4,10,-3,12,-2,14,-40,10,0,18,0,18,0,20,1,18,1,16,0,14,0,10,-5,-1,-3,0,-3,0,-5,2,-5,7,0,10,10,8,25,4,8,-12,-3,-16,-15,-9,-17,5,-8,17,7,18,18,7,19,-8,7,-20,-8,-18,-18,-7,-17,7,-7,15,-5,8,9,6,8,0,5,-2,4,-2,3,-4,1,-6,0,0,-8,-5,-11,0,-10,7,-4,13,5,13,13,8,14,-26,12,-11,2,-17,-9,-16,-17,-5,-17,8,-7,17,6,18,16,8,17,-6,6,-16,-7,-16,-16,-4,-13,9,-2,32,10,9,13,-3,2,-12,-9,-8,-11,5,-2,13,9,9]"
CSI_DATA,114379,d8:b1:90:d9:de:f0,-59,11,-99,-38,61,56,1707541211,100,0,228,0,"[15,9,16,10,16,10,16,10,15,8,14,8,12,6,64,-4,9,4,8,2,6,2,4,1,2,0,1,0,0,0,-1,0,-2,0,-4,-1,-5,-2,-6,-4,-6,-4,41,4,-6,-8,-6,-11,-5,-13,-3,-14,-2,-16,0,-18,0,0,4,-21,5,-22,6,-23,8,-23,10,-22,9,-22,-78,0,8,-20,7,-18,6,-15,3,-13,0,-10,-1,-8,-3,-4,-4,-3,-6,0,-8,2,-9,4,-10,6,-10,8,52,10,-12,12,-13,12,-12,13,-12,12,-11,10,-9,8,-8,6,-5,0,-3,0,-3,0,-4,3,-4,7,2,9,9,6,24,2,8,-12,-3,-15,-14,-8,-16,4,-8,15,5,18,16,9,18,-6,9,-17,-5,-18,-16,-9,-16,3,-9,12,-6,6,6,8,8,2,6,0,4,-1,4,-2,4,-6,0,0,-4,-8,-9,-4,-11,2,-8,9,-2,14,8,12,24,-15,15,-3,11,-12,0,-16,-10,-14,-16,-4,-15,8,-5,16,8,16,16,5,14,-8,4,-16,-8,-14,-16,-2,-22,19,0,13,11,6,10,-6,0,-10,-10,-5,-10,6,-1,12]"
CSI_DATA,114380,d8:b1:90:d9:de:f0,-59,11,-99,-35,60,56,1707555764,100,0,228,0,"[-16,8,-17,9,-18,8,-17,8,-16,7,-14,6,-12,6,66,-4,-8,4,-7,3,-5,2,-4,2,-2,1,-1,0,0,0,0,-2,2,-2,4,-2,5,-2,7,-2,8,-1,42,4,11,2,12,4,12,7,12,11,11,13,11,16,0,0,8,21,6,23,4,24,3,25,2,26,1,26,26,0,0,22,0,19,0,17,0,14,2,10,3,7,4,4,4,0,6,-1,6,-4,7,-6,8,-8,8,-11,-86,0,10,-14,10,-15,11,-15,11,-14,10,-12,8,-9,8,-6,2,-4,1,-4,1,-4,0,-6,-4,-7,-9,-4,-11,4,-17,17,4,14,14,7,16,-5,8,-15,-5,-17,-17,-8,-19,6,-9,17,5,19,17,10,19,-3,11,-13,0,-15,2,-10,-10,-2,-8,2,-5,4,-3,4,-2,6,0,7,0,0,8,4,11,-1,9,-8,3,-13,-5,-13,-12,-8,-15,25,-13,10,-4,16,6,16,15,9,17,-2,12,-13,0,-18,-12,-13,-17,0,-13,11,-1,17,11,11,15,0,19,-24,-3,-13,-11,-4,-8,7,1,11,11,4,10,-7,0,-12]"
CSI_DATA,114381,d8:b1:90:d9:de:f0,-58,11,-99,-35,60,56,1707569720,100,0,228,0,"[1,-18,2,-19,2,-20,2,-19,2,-17,2,-16,2,-14,66,-4,0,-9,0,-8,0,-6,0,-4,0,-3,0,-2,0,0,0,0,0,2,-1,3,-2,4,-3,5,-6,6,42,4,-10,5,-12,4,-14,2,-15,0,-17,-2,-18,-4,0,0,-20,-9,-20,-12,-20,-14,-20,-16,-19,-17,-18,-18,-6,9,-15,-17,-14,-14,-12,-12,-11,-8,-9,-6,-8,-2,-6,0,-5,2,-4,5,-4,7,-3,10,-2,13,-2,14,-29,10,-1,17,0,19,-1,19,-1,17,-2,16,-2,13,-2,10,1,4,2,2,2,4,4,4,8,1,9,-5,4,-11,-4,-24,-14,-5,-15,6,-6,15,7,16,17,6,17,-7,7,-19,-8,-18,-19,-8,-18,6,-8,17,4,17,12,8,4,5,8,-6,2,-6,0,-5,-1,-4,-2,-4,-3,-4,0,0,-8,2,-7,7,-1,11,5,11,12,7,15,-1,-4,-27,3,-15,-6,-15,-15,-8,-17,2,-12,13,0,18,11,14,17,2,14,-10,3,-17,-10,-13,-16,-2,-12,11,0,31,11,8,13,-3,3,-12,-8,-8,-12,2,-5,12,6,12]"
CSI_DATA,114382,d8:b1:90:d9:de:f0,-59,11,-99,-37,61,56,1707580703,100,0,228,0,"[-9,-15,-9,-16,-9,-16,-8,-16,-8,-14,-7,-12,-6,-11,62,-4,-4,-7,-3,-6,-3,-4,-2,-3,-1,-2,0,-1,0,0,1,0,1,2,1,3,1,5,0,6,-1,7,40,3,-3,9,-6,9,-9,8,-12,8,-14,6,-16,5,0,0,-20,1,-22,0,-23,-1,-24,-3,-24,-5,-24,-6,-79,9,-20,-6,-18,-5,-16,-4,-13,-2,-11,0,-8,1,-5,3,-3,5,-1,6,0,8,2,10,3,11,5,12,47,0,8,14,8,16,8,16,7,14,5,13,4,11,3,9,4,1,3,0,2,1,5,0,7,-2,4,-9,-2,-11,-16,-16,-13,3,-8,12,3,15,14,9,17,-3,9,-15,-3,-18,-15,-10,-18,3,-11,14,1,17,11,11,14,1,7,2,3,-9,0,-7,-1,-4,-2,-3,-3,-3,-6,-1,0,0,-6,6,-1,9,4,9,10,5,12,0,10,-8,-18,-19,-3,-13,-11,-9,-15,0,-12,9,-4,16,6,14,14,7,16,-5,7,-14,-5,-16,-14,-7,-14,5,-5,14,13,27,13,3,9,-9,-1,-12,-11,-3,-9,7,0,12,10,7]"
CSI_DATA,114383,d8:b1:90:d9:de:f0,-58,11,-99,-36,60,56,1707591996,100,0,228,0,"[16,-10,16,-10,16,-11,16,-11,14,-11,12,-10,10,-9,67,-4,7,-7,5,-6,3,-4,2,-3,2,-2,1,-1,0,0,0,1,0,2,-2,3,-3,4,-5,5,-6,5,43,4,-10,4,-12,4,-14,2,-16,1,-18,0,-19,-2,0,0,-22,-6,-23,-7,-24,-9,-25,-9,-24,-10,-24,-10,-65,9,-21,-8,-19,-7,-16,-4,-14,-2,-11,0,-7,2,-4,4,-2,5,0,7,3,7,6,9,8,9,10,9,-77,0,14,10,16,10,16,10,15,9,13,8,12,7,9,5,-2,4,-1,3,-1,4,0,7,5,7,11,2,11,-7,11,-22,-9,-12,-16,-1,-13,11,0,18,13,14,19,0,14,-14,-1,-20,-16,-13,-20,0,-13,14,0,18,10,12,4,8,9,-5,3,-7,0,-6,-1,-4,-2,-5,-5,-4,0,0,-8,4,-5,9,1,12,9,9,14,2,13,-7,-16,-24,-3,-16,-12,-11,-17,0,-14,11,-2,18,10,15,18,3,16,-9,4,-17,-10,-14,-17,-2,-12,11,0,16,26,19,13,-4,3,-12,-8,-9,-11,3,-2,12,9,9,12,-2]"
CSI_DATA,114384,d8:b1:90:d9:de:f0,-59,11,-99,-35,60,56,1707602777,100,0,228,0,"[18,-2,19,-2,19,-2,18,-3,17,-3,15,-4,13,-4,66,-4,8,-3,7,-3,5,-3,4,-2,2,-1,1,0,0,0,0,1,-1,2,-3,2,-4,2,-6,2,-8,2,42,4,-11,0,-12,-1,-13,-3,-14,-5,-15,-7,-15,-9,0,0,-17,-14,-17,-15,-17,-17,-17,-18,-17,-19,-17,-18,17,10,-15,-15,-14,-13,-13,-11,-12,-7,-10,-4,-8,0,-6,2,-4,4,-2,6,0,8,2,10,3,11,5,13,45,0,9,15,11,15,11,15,11,13,9,12,8,10,6,8,-4,3,-2,2,-2,3,-2,5,1,8,8,6,12,-1,19,-14,-2,-14,-13,-8,-16,4,-8,15,5,17,17,8,18,-6,7,-18,-8,-18,-18,-6,-17,7,-6,15,4,14,1,8,9,0,6,-4,2,-4,1,-4,0,-5,-2,-6,0,0,-8,0,-8,6,-2,11,4,11,11,6,14,-1,-5,-27,3,-15,-6,-14,-15,-7,-16,4,-9,14,3,17,14,10,17,-2,9,-14,-4,-17,-15,-8,-15,5,-5,15,15,26,13,1,8,-10,-4,-11,-12,-1,-7,10,4,12,13,3]"
CSI_DATA,114385,d8:b1:90:d9:de:f0,-59,11,-99,-38,61,56,1707614962,100,0,228,0,"[8,14,9,16,9,16,9,16,8,14,8,12,7,10,64,-4,5,8,5,6,4,4,2,4,2,2,1,2,0,0,0,0,0,-1,-1,-3,-1,-4,-1,-6,0,-7,41,4,2,-10,4,-12,6,-12,8,-12,11,-13,13,-13,0,0,18,-12,20,-10,22,-11,22,-10,23,-9,23,-8,84,0,20,-8,18,-7,15,-6,12,-6,8,-6,5,-6,2,-7,0,-6,-3,-6,-6,-6,-8,-6,-10,-5,-12,-6,43,10,-16,-4,-17,-5,-16,-5,-16,-5,-14,-4,-12,-4,-9,-4,-3,-2,-2,-2,-3,-2,-6,0,-7,4,-3,10,4,11,19,14,14,-6,6,-14,-6,-15,-16,-6,-16,8,-6,17,8,17,18,6,18,-8,6,-18,-7,-17,-15,-6,-14,4,-5,1,0,10,4,6,4,2,4,0,4,0,5,0,0,0,3,-8,-2,-10,-8,-7,-12,0,-12,6,-6,13,25,6,12,10,16,0,14,-10,4,-16,-8,-16,-16,-6,-16,6,-7,16,6,16,15,6,15,-6,5,-15,-7,-13,-29,-8,-10,9,1,12,11,5,10,-6,0,-12,-10,-6,-12,4]"
CSI_DATA,114386,d8:b1:90:d9:de:f0,-59,11,-99,-39,61,56,1707626899,100,0,228,0,"[-17,-2,-19,-2,-19,-2,-18,-2,-17,-1,-15,0,-13,0,66,-4,-9,1,-7,1,-6,1,-4,0,-3,0,-2,0,0,0,0,0,2,-1,3,-1,4,-1,6,0,7,0,42,4,11,2,12,4,13,6,13,8,15,11,15,13,0,0,15,16,15,18,15,19,15,20,15,20,15,19,-16,0,13,17,13,14,12,11,10,8,9,4,8,2,6,0,4,-4,2,-6,1,-8,0,-10,-2,-11,-4,-13,-47,10,-7,-15,-8,-15,-9,-15,-8,-15,-8,-13,-6,-11,-5,-8,4,0,4,-1,4,-2,4,-5,0,-8,-7,-8,-13,0,-22,10,0,15,11,11,17,0,11,-13,-2,-18,-15,-11,-19,3,-11,16,4,19,16,11,18,-4,9,-13,-2,-15,0,-7,-10,0,-6,4,-3,4,-1,4,0,4,1,5,0,0,8,2,9,-4,6,-10,-1,-13,-9,-9,-15,-1,1,27,-6,15,6,16,15,8,17,-3,11,-14,-2,-18,-14,-11,-17,2,-10,13,2,17,14,8,15,-4,6,-14,-13,-27,-13,-1,-8,10,4,11,11,1,7,-9,-4,-12,-13,-3]"
CSI_DATA,114387,d8:b1:90:d9:de:f0,-59,11,-99,-38,61,56,1707637837,100,0,228,0,"[-6,16,-6,18,-6,18,-5,17,-4,16,-3,14,-2,13,64,-4,0,9,0,8,0,6,0,4,0,2,0,1,0,0,-1,-1,-1,-2,0,-4,0,-5,0,-7,1,-8,41,4,4,-10,6,-10,8,-11,10,-11,13,-11,15,-11,0,0,19,-10,21,-10,22,-10,23,-9,24,-9,23,-9,72,0,20,-8,17,-8,14,-8,10,-8,7,-8,3,-6,0,-6,-2,-4,-5,-4,-8,-2,-10,-1,-12,0,-13,1,24,10,-16,4,-17,4,-17,5,-16,5,-14,4,-12,3,-10,2,0,-4,-1,-3,-1,-4,-4,-4,-8,-2,-9,4,-4,11,4,22,14,4,13,-8,3,-16,-10,-14,-18,-2,-14,12,-1,19,12,14,19,0,14,-13,1,-18,-10,-12,-14,-2,-8,-2,-3,9,2,8,3,4,4,3,5,2,6,0,0,0,4,-8,-2,-10,-9,-6,-12,0,-12,8,-4,14,26,6,13,9,16,-1,12,-12,1,-17,-10,-14,-17,-3,-14,10,-3,16,10,14,16,2,12,-10,0,-16,-12,-10,-30,5,-6,12,6,10,12,0,4,-10,-6,-9,-12,0,-6,10]"
CSI_DATA,114388,d8:b1:90:d9:de:f0,-59,11,-99,-35,60,56,1707649093,100,0,228,0,"[-17,4,-19,4,-19,4,-18,4,-17,4,-15,4,-13,4,66,-4,-8,3,-6,3,-5,2,-4,2,-2,0,-1,0,0,-1,0,-2,1,-2,2,-3,4,-3,6,-4,8,-3,42,4,11,-1,13,0,15,2,15,4,17,7,17,9,0,0,18,13,18,15,19,17,18,18,18,19,17,19,14,0,15,16,14,14,12,11,10,8,8,4,7,1,5,-1,4,-3,1,-6,0,-8,-2,-9,-4,-11,-6,-13,-63,10,-8,-15,-9,-15,-9,-16,-8,-15,-8,-13,-6,-11,-4,-9,4,-2,2,-3,2,-4,1,-6,-4,-8,-10,-4,-12,4,-17,16,4,14,15,7,15,-6,6,-16,-7,-17,-17,-6,-17,8,-6,19,8,18,18,6,17,-7,6,-15,-4,-14,0,-10,-11,0,-6,4,-3,5,-1,6,0,6,3,6,0,0,9,0,8,-6,3,-11,-4,-13,-12,-7,-15,1,4,28,-3,17,7,15,16,7,17,-4,10,-15,-2,-18,-14,-11,-17,2,-11,14,2,17,14,8,15,-4,6,-14,-14,-27,-13,-2,-8,8,2,11,10,2,6,-8,-4,-11,-12,-3]"
CSI_DATA,114389,d8:b1:90:d9:de:f0,-59,11,-99,-39,61,56,1707661861,100,0,228,0,"[15,9,17,9,17,9,17,8,16,7,14,5,13,4,66,-4,9,2,8,0,6,0,4,0,3,0,2,0,0,0,0,1,-2,1,-4,0,-5,0,-6,0,-7,-1,42,4,-10,-4,-10,-6,-11,-8,-11,-11,-11,-13,-11,-15,0,0,-11,-19,-11,-20,-11,-22,-11,-22,-10,-23,-10,-22,68,10,-10,-19,-10,-16,-9,-13,-9,-9,-8,-6,-7,-2,-6,0,-4,3,-3,6,-1,7,0,11,1,12,3,13,34,0,6,16,8,16,8,16,8,15,8,13,6,11,4,8,-4,0,-3,0,-4,1,-5,3,-2,7,2,9,11,5,24,-1,5,-13,-6,-14,-15,-4,-15,8,-4,17,11,15,19,2,15,-12,2,-19,-12,-15,-17,-1,-13,10,-2,14,-2,8,9,4,7,-1,4,-4,3,-4,2,-5,0,-6,0,0,-8,-3,-10,2,-6,9,0,12,8,11,13,3,3,-27,7,-13,-2,-16,-13,-11,-17,0,-13,12,0,17,11,13,17,1,13,-11,0,-17,-13,-11,-16,2,-8,13,11,28,13,3,9,-8,-3,-11,-11,-2,-8,8,3,13,12,4]"
CSI_DATA,114390,d8:b1:90:d9:de:f0,-59,11,-99,-36,61,56,1707674709,100,0,228,0,"[-16,3,-18,3,-18,2,-17,2,-16,2,-14,2,-12,2,60,-4,-8,2,-7,2,-5,1,-4,1,-3,1,-1,0,0,0,0,0,1,0,3,0,5,0,6,1,6,2,39,3,8,6,8,8,8,10,7,13,6,15,5,17,0,0,3,20,1,21,0,22,0,23,-1,23,-1,23,-46,9,-1,20,-1,17,0,15,1,12,2,10,3,6,5,4,5,1,6,0,8,-2,8,-5,9,-6,10,-8,-42,0,11,-11,11,-13,11,-12,11,-12,10,-10,9,-8,7,-6,3,-2,1,-1,2,-2,2,-5,-1,-7,-6,-6,-11,0,-19,11,0,13,10,10,15,0,11,-11,-1,-17,-13,-11,-18,1,-11,13,0,18,13,12,17,0,11,-10,1,-13,1,-6,-8,-3,-6,1,-4,3,-1,2,-1,3,-1,5,0,0,5,6,9,1,10,-3,6,-9,0,-12,-8,-10,-15,18,-13,6,-7,13,2,15,12,10,17,0,12,-10,1,-17,-10,-13,-16,-1,-12,10,-1,15,10,11,15,0,19,-21,-3,-13,-11,-3,-9,6,1,11,10,5,11,-6,1,-13]"
CSI_DATA,114391,d8:b1:90:d9:de:f0,-59,11,-99,-38,61,56,1707686217,100,0,228,0,"[-4,-17,-4,-18,-3,-18,-3,-18,-2,-16,-2,-14,-2,-13,64,-4,-2,-9,-2,-7,-1,-6,-1,-4,0,-3,0,-2,0,0,0,0,0,2,0,3,-1,4,-2,6,-3,6,41,4,-8,8,-10,7,-12,6,-14,4,-17,4,-18,2,0,0,-21,-2,-22,-4,-23,-6,-23,-8,-22,-8,-22,-10,-66,9,-19,-9,-18,-8,-15,-6,-12,-4,-10,-2,-8,0,-6,2,-4,4,-2,6,-1,8,0,10,2,12,2,13,28,0,4,16,5,18,4,17,4,16,3,14,2,12,1,10,2,3,2,2,3,2,5,2,8,-1,6,-8,0,-12,-12,-20,-14,0,-11,10,0,16,12,12,18,0,13,-12,0,-19,-13,-14,-19,-1,-15,12,-2,18,9,14,14,4,6,2,5,-8,0,-7,-2,-5,-2,-3,-2,-2,-4,-2,0,0,-7,4,-4,8,1,10,8,10,12,2,13,-6,-13,-22,-1,-16,-10,-12,-16,-3,-15,8,-6,16,6,16,15,8,17,-4,9,-14,-4,-16,-14,-8,-15,4,-6,14,10,28,13,3,10,-8,-1,-12,-11,-4,-10,6,0,13,10,8]"
CSI_DATA,114392,d8:b1:90:d9:de:f0,-59,11,-99,-37,61,56,1707701664,100,0,228,0,"[-14,-8,-15,-9,-16,-9,-15,-9,-14,-8,-13,-7,-11,-5,62,-4,-7,-3,-7,-2,-5,-2,-4,-1,-1,-1,-1,-1,0,0,1,0,2,0,3,1,5,2,5,4,5,5,40,3,3,10,3,11,1,13,0,14,-1,16,-3,17,0,0,-9,19,-11,19,-11,19,-14,19,-14,18,-14,18,-9,9,-14,16,-11,14,-9,12,-7,11,-3,9,-1,7,1,5,3,4,5,2,8,1,9,0,11,-1,12,-3,-20,0,15,-5,16,-5,16,-5,16,-5,14,-4,12,-3,9,-1,4,0,3,0,3,0,4,-2,3,-6,-1,-9,-9,-6,-22,-3,-8,11,1,14,12,9,16,-2,9,-14,-3,-17,-14,-10,-18,3,-10,14,2,18,13,11,16,0,11,-9,6,-5,-4,-9,-6,-3,-5,-1,-5,0,-5,1,-4,4,0,0,2,9,7,6,11,0,11,-6,5,-11,-2,-12,-25,7,-14,-1,-13,7,-5,14,5,15,13,9,16,-2,10,-12,-1,-16,-11,-10,-16,1,-9,12,2,15,12,8,28,-8,4,-12,-7,-9,-11,1,-4,10,7,9,12,0,7,-10]"
CSI_DATA,114393,d8:b1:90:d9:de:f0,-59,11,-99,-38,61,56,1707712203,100,0,228,0,"[17,-4,18,-4,18,-4,18,-4,16,-4,15,-4,13,-4,64,-4,9,-3,7,-3,6,-2,4,-2,3,-2,2,0,1,0,0,0,-2,0,-3,0,-4,1,-6,0,-7,0,41,4,-10,-4,-10,-6,-11,-8,-12,-10,-12,-12,-11,-15,0,0,-10,-19,-8,-20,-8,-22,-7,-23,-6,-24,-6,-23,59,10,-6,-20,-6,-18,-6,-14,-6,-12,-6,-8,-6,-5,-6,-2,-6,0,-6,3,-6,6,-6,8,-6,10,-5,13,-32,10,-4,16,-4,17,-4,17,-4,16,-4,15,-3,12,-3,10,-3,2,-2,2,-2,3,-1,5,2,7,8,6,12,-2,19,-15,-2,-14,-12,-8,-16,2,-9,14,4,17,15,9,18,-4,10,-16,-4,-19,-16,-10,-18,4,-9,14,2,15,0,6,10,1,6,-3,2,-4,1,-3,0,-4,0,-5,0,0,-7,-4,-10,1,-8,7,-2,12,5,12,12,7,9,-24,10,-11,2,-16,-9,-14,-16,-4,-16,7,-7,16,6,16,15,8,16,-5,7,-15,-6,-15,-14,-6,-14,7,-7,28,9,10,13,-1,5,-11,-7,-10,-12,1,-6,11,5,12]"
CSI_DATA,114394,d8:b1:90:d9:de:f0,-59,11,-99,-35,60,56,1707722837,100,0,228,0,"[16,-6,17,-6,18,-6,17,-6,15,-6,14,-6,12,-5,66,-4,8,-4,7,-4,6,-3,4,-2,3,-2,2,-1,1,0,0,0,-1,1,-3,2,-4,2,-6,2,-8,1,42,4,-11,0,-13,-2,-14,-4,-15,-6,-15,-8,-15,-11,0,0,-15,-16,-15,-17,-15,-19,-14,-21,-13,-22,-12,-22,45,10,-11,-18,-11,-16,-9,-13,-8,-10,-8,-6,-6,-3,-6,0,-5,2,-4,4,-3,7,-2,10,-1,11,0,13,-10,10,0,17,2,18,2,18,1,17,1,16,0,13,0,11,-4,3,-2,3,-2,4,0,6,4,7,9,4,11,-4,15,-17,-5,-13,-14,-6,-15,6,-6,15,7,17,17,6,17,-8,6,-19,-8,-18,-18,-6,-17,7,-6,15,4,15,1,8,11,0,6,-4,2,-5,0,-4,0,-4,-2,-5,0,0,-8,-1,-9,4,-6,10,0,13,9,11,15,2,2,-28,7,-15,-3,-17,-14,-11,-18,0,-13,13,-1,18,11,14,17,2,14,-11,2,-16,-11,-13,-15,0,-11,11,2,30,11,6,11,-4,0,-11,-9,-6,-10,4,-1,12,9,8]"
CSI_DATA,114395,d8:b1:90:d9:de:f0,-59,11,-99,-36,60,56,1707733565,100,0,228,0,"[-16,-8,-16,-9,-17,-9,-16,-9,-15,-8,-14,-7,-12,-5,67,-4,-9,-3,-8,-2,-6,-1,-5,-1,-3,0,-2,0,0,0,0,0,2,0,4,0,4,1,5,3,6,4,43,4,7,9,6,11,6,13,4,15,3,17,2,19,0,0,-2,21,-2,24,-4,24,-6,25,-6,24,-7,24,80,10,-5,21,-4,19,-2,16,-1,13,0,10,2,7,4,4,5,2,7,0,7,-2,8,-5,9,-7,9,-9,-54,0,11,-14,12,-14,11,-14,11,-14,9,-12,9,-10,7,-7,4,0,3,0,4,-1,4,-3,3,-7,-2,-9,-10,-6,-24,0,-7,12,3,15,14,7,16,-5,7,-16,-7,-17,-18,-7,-18,7,-7,19,7,19,16,7,16,-4,7,-13,4,-6,-7,-7,-8,-1,-5,1,-3,2,-3,3,-2,4,0,0,4,8,9,4,11,-2,8,-10,1,-14,-8,-12,-21,17,-15,4,-9,14,1,18,12,12,18,0,14,-11,2,-17,-10,-14,-17,-2,-14,10,-1,16,10,12,16,0,20,-23,-3,-14,-12,-4,-9,8,2,12,12,4,9,-7,0,-13]"
CSI_DATA,114396,d8:b1:90:d9:de:f0,-59,11,-99,-35,60,56,1707744517,100,0,228,0,"[16,8,17,8,17,8,17,8,15,8,14,6,13,4,66,-4,9,3,8,2,6,2,5,1,3,0,2,0,0,0,0,0,-2,0,-3,-1,-5,-1,-5,-3,-6,-4,42,4,-6,-8,-6,-11,-6,-13,-4,-15,-3,-17,-2,-19,0,0,2,-22,3,-23,4,-24,6,-24,7,-24,8,-24,87,0,6,-21,5,-19,3,-16,1,-13,0,-11,-2,-7,-3,-5,-4,-2,-6,0,-8,2,-8,4,-10,6,-11,8,57,10,-12,13,-12,13,-12,13,-11,13,-11,12,-9,9,-7,7,-4,0,-4,0,-4,1,-4,3,-3,7,3,9,10,5,25,0,7,-13,-4,-15,-15,-7,-15,6,-7,16,6,17,18,7,19,-7,8,-18,-7,-18,-17,-8,-16,5,-8,13,-4,6,7,7,8,1,5,-1,3,-2,3,-3,2,-5,0,0,-4,-8,-9,-4,-11,2,-8,10,-1,14,7,13,22,-17,15,-4,10,-14,0,-17,-12,-13,-17,-2,-15,11,-3,17,9,15,17,4,13,-9,2,-17,-10,-13,-15,0,-21,22,2,13,12,4,10,-7,-1,-11,-11,-4,-10,7,0,13]"
CSI_DATA,114397,d8:b1:90:d9:de:f0,-59,11,-99,-35,60,56,1707754828,100,0,228,0,"[-15,11,-15,11,-15,11,-14,11,-14,12,-11,10,-10,10,66,-4,-6,8,-4,6,-4,5,-2,4,-2,2,-1,1,-1,0,0,0,0,-1,2,-3,2,-4,4,-4,6,-4,42,4,10,-4,12,-4,15,-2,15,0,17,0,18,2,0,0,21,5,23,8,22,8,24,10,22,10,23,10,57,0,20,9,18,6,17,5,13,3,11,0,8,-2,4,-3,3,-5,0,-6,-2,-8,-4,-8,-6,-10,-8,-10,-88,10,-13,-11,-15,-13,-14,-11,-13,-11,-12,-9,-11,-8,-8,-7,2,-4,0,-3,0,-4,-1,-5,-6,-6,-10,0,-10,7,-9,22,9,11,15,2,13,-11,0,-17,-13,-13,-19,1,-13,15,2,19,15,12,20,-1,12,-13,0,-18,-11,-11,-5,-6,-8,5,-2,7,0,6,2,4,2,4,4,4,0,0,8,-3,5,-8,0,-11,-8,-10,-13,-2,-14,6,13,23,2,15,13,11,18,0,13,-11,3,-17,-9,-15,-16,-4,-15,8,-4,16,9,15,16,2,13,-9,0,-16,-22,-21,-13,2,-4,12,8,9,11,-2,3,-11,-8,-10,-13,0]"
CSI_DATA,114398,d8:b1:90:d9:de:f0,-59,11,-99,-36,60,56,1707764887,100,0,228,0,"[-19,1,-20,1,-20,1,-19,2,-18,2,-16,3,-14,3,67,-4,-9,3,-7,2,-5,2,-4,2,-2,0,-1,0,0,0,0,-1,1,-2,3,-3,4,-4,6,-4,7,-4,43,4,12,-2,13,-1,14,0,16,2,17,3,18,5,0,0,20,9,21,12,21,12,21,14,21,14,21,14,65,0,19,12,17,9,15,7,13,4,10,2,7,0,5,-2,2,-4,0,-6,-2,-7,-5,-8,-7,-9,-10,-9,58,10,-14,-10,-16,-9,-16,-8,-16,-8,-14,-7,-12,-6,-9,-4,4,-2,2,-3,2,-3,2,-5,-2,-7,-8,-6,-12,2,-19,14,2,14,13,8,16,-4,8,-15,-6,-17,-17,-7,-17,8,-6,19,9,18,19,5,17,-9,5,-16,-5,-14,-2,-9,-11,2,-6,5,-2,6,0,6,1,6,4,5,0,0,9,-2,7,-9,0,-12,-7,-11,-14,-4,-14,5,12,26,1,16,12,12,17,2,14,-10,4,-17,-9,-16,-17,-5,-15,8,-4,17,9,14,16,3,12,-10,0,-16,-24,-19,-13,3,-3,12,7,8,10,-3,2,-11,-9,-8,-12,3]"
CSI_DATA,114399,d8:b1:90:d9:de:f0,-59,11,-99,-37,61,56,1707777582,100,0,228,0,"[-16,1,-17,1,-18,1,-18,1,-16,1,-14,1,-12,1,62,-4,-9,1,-7,1,-6,1,-5,0,-3,0,-2,0,-1,0,0,0,1,0,3,0,4,0,6,1,7,2,40,3,9,6,9,9,9,11,8,12,7,15,6,17,0,0,4,21,1,22,1,24,0,24,-1,24,-1,24,-10,9,-1,20,-1,18,0,16,1,12,2,10,3,7,4,4,5,1,6,0,7,-2,8,-5,9,-7,10,-9,-62,0,11,-12,11,-12,11,-12,11,-12,11,-11,9,-9,8,-6,4,-1,3,-2,3,-3,2,-5,-1,-8,-7,-6,-11,0,-21,11,0,14,11,11,16,0,11,-11,0,-17,-12,-12,-18,0,-12,14,0,19,13,13,18,0,12,-10,2,-14,1,-7,-9,-3,-7,1,-4,3,-1,3,-2,3,-1,4,0,0,5,6,9,2,11,-3,6,-11,-1,-13,-9,-11,-17,20,-14,7,-7,15,4,16,14,10,17,-1,11,-12,0,-17,-11,-12,-16,0,-12,11,0,16,11,11,14,-1,18,-22,-3,-12,-11,-3,-9,7,1,11,11,4,9,-6,0,-12]"
CSI_DATA,114400,d8:b1:90:d9:de:f0,-58,11,-99,-36,60,56,1707787930,100,0,228,0,"[-19,3,-19,2,-20,2,-19,2,-18,2,-16,2,-14,2,67,-4,-9,2,-7,2,-6,2,-4,2,-3,1,-2,0,0,0,0,0,2,-1,3,-1,5,-1,7,0,9,0,43,4,12,2,12,4,13,7,13,10,13,12,12,15,0,0,12,19,10,22,9,24,8,24,7,25,7,25,6,0,6,22,6,19,6,16,5,13,6,9,6,5,5,2,5,0,5,-3,4,-6,4,-9,4,-12,3,-14,79,0,2,-17,2,-19,2,-19,2,-18,2,-16,2,-14,2,-10,4,-2,2,-3,2,-3,2,-5,-2,-8,-8,-6,-12,1,-21,13,2,14,13,9,16,-2,10,-14,-3,-18,-16,-10,-19,4,-11,17,4,20,16,12,19,-2,12,-14,0,-16,1,-9,-11,-2,-7,2,-4,4,-2,4,-2,5,0,7,0,0,9,3,11,-2,8,-9,1,-14,-7,-12,-14,-5,-9,27,-10,14,0,18,10,14,17,4,16,-8,6,-17,-7,-16,-16,-7,-16,6,-7,16,7,16,16,5,14,-8,5,-31,-9,-10,-13,2,-4,11,7,9,12,-2,4,-12,-6,-11]"
CSI_DATA,114401,d8:b1:90:d9:de:f0,-60,11,-99,-39,62,56,1707798925,100,0,228,0,"[15,1,17,2,17,2,17,2,15,1,14,1,12,0,58,-4,9,0,7,0,6,0,4,0,3,0,1,0,0,0,0,0,-1,0,-3,0,-4,0,-6,-1,-6,-2,38,3,-7,-6,-7,-8,-7,-10,-6,-12,-6,-14,-4,-15,0,0,-2,-19,-1,-21,0,-22,1,-22,2,-22,3,-22,66,0,2,-19,1,-17,0,-15,0,-12,-1,-9,-3,-6,-4,-4,-4,-1,-6,0,-6,3,-7,5,-7,7,-8,9,52,9,-9,12,-9,13,-9,13,-9,13,-8,11,-7,9,-6,7,-4,1,-3,1,-3,1,-3,4,0,7,5,7,10,2,21,-6,2,-12,-7,-11,-14,-3,-12,9,-2,16,10,13,17,1,14,-11,2,-17,-10,-14,-16,-3,-12,8,-4,13,-2,6,8,4,7,0,4,-2,3,-2,3,-3,1,-4,0,0,-5,-6,-9,-1,-9,4,-6,10,1,12,9,9,16,-18,13,-6,6,-13,-3,-15,-12,-9,-15,1,-11,11,0,15,10,11,15,1,11,-10,0,-15,-10,-9,-14,1,-16,22,3,12,11,3,7,-7,-2,-10,-10,-3,-8,7,0,11]"
CSI_DATA,114402,d8:b1:90:d9:de:f0,-59,11,-99,-37,61,56,1707811994,100,0,228,0,"[-16,-1,-18,-1,-18,-1,-18,-1,-16,-1,-15,0,-13,0,62,-4,-9,0,-7,1,-6,0,-4,0,-3,0,-1,0,0,0,0,0,1,0,3,0,4,0,6,0,7,1,40,3,9,4,9,6,10,9,10,11,9,13,9,15,0,0,8,19,7,20,7,22,5,23,5,24,5,23,-77,0,4,20,4,18,5,15,5,12,5,9,5,5,5,2,5,0,5,-3,5,-5,5,-8,4,-10,3,-12,20,0,3,-16,2,-17,1,-17,2,-16,2,-14,2,-12,1,-10,4,-1,3,-1,3,-2,3,-4,0,-7,-5,-8,-11,-1,-22,7,-1,13,9,11,15,1,12,-11,0,-17,-12,-12,-18,0,-12,13,0,19,13,12,18,0,12,-11,1,-14,1,-7,-9,-3,-7,1,-3,3,-1,3,-1,3,0,5,0,0,7,4,9,0,8,-7,2,-11,-5,-12,-12,-6,-10,24,-10,11,-1,16,9,13,16,5,15,-7,6,-15,-5,-16,-14,-7,-15,5,-6,15,5,14,14,5,12,-7,5,-28,-9,-9,-11,1,-3,11,7,9,11,-1,5,-11,-6,-11]"
CSI_DATA,114403,d8:b1:90:d9:de:f0,-59,11,-99,-39,61,56,1707823467,100,0,228,0,"[16,8,17,9,17,10,15,9,15,8,13,7,12,6,66,-4,8,4,6,3,6,2,4,2,2,2,1,1,0,1,-1,0,-2,0,-4,0,-5,-2,-6,-4,-6,-5,42,4,-6,-9,-6,-12,-4,-15,-2,-16,0,-17,2,-19,0,0,6,-21,8,-22,10,-22,12,-23,13,-22,14,-21,22,0,13,-18,11,-16,9,-14,6,-12,4,-9,1,-6,-1,-5,-3,-3,-5,-1,-7,0,-8,2,-11,4,-12,5,33,10,-15,8,-15,8,-16,8,-15,8,-14,6,-13,5,-10,4,-4,0,-4,0,-4,1,-4,4,-3,8,3,10,10,6,23,2,8,-12,-3,-15,-13,-8,-17,4,-8,15,5,17,17,9,19,-5,10,-17,-3,-19,-15,-11,-17,1,-11,11,-8,6,6,10,8,4,6,0,6,-1,5,-2,4,-6,0,0,-3,-8,-10,-5,-12,0,-11,8,-4,14,5,14,26,-11,17,0,13,-11,3,-17,-8,-16,-17,-6,-17,6,-8,15,4,17,14,8,17,-4,8,-14,-4,-15,-14,-6,-26,13,-2,13,8,8,11,-2,2,-10,-7,-7,-11,2,-4,11]"
CSI_DATA,114404,d8:b1:90:d9:de:f0,-59,11,-99,-35,60,56,1707833530,100,0,228,0,"[-9,15,-11,16,-10,16,-9,16,-8,15,-6,14,-6,13,66,-4,-3,9,-2,8,-2,6,-1,4,-1,3,0,2,0,0,0,0,0,-2,0,-3,1,-4,2,-6,4,-6,42,4,8,-7,10,-7,13,-6,14,-6,17,-4,18,-3,0,0,22,0,24,0,24,2,25,2,25,3,25,3,85,0,22,2,19,2,17,0,13,-1,11,-2,7,-3,4,-4,1,-5,-1,-6,-4,-6,-6,-7,-9,-8,-11,-8,57,10,-15,-8,-17,-8,-17,-7,-16,-6,-14,-6,-13,-6,-9,-4,0,-4,0,-3,0,-4,-2,-5,-7,-4,-10,2,-6,10,-1,24,13,8,15,-4,8,-15,-5,-16,-16,-7,-17,6,-7,18,8,18,18,7,18,-8,7,-17,-6,-16,-14,-6,-6,-4,-6,8,0,8,2,5,2,3,3,4,4,2,0,0,7,-6,3,-10,-4,-11,-11,-7,-14,0,-11,9,20,19,6,14,15,7,17,-4,10,-14,-2,-17,-13,-12,-17,0,-12,13,0,17,13,11,16,-1,9,-13,-4,-15,-27,-14,-12,6,-1,13,9,6,10,-4,1,-12,-10,-8,-13,3]"
CSI_DATA,114405,d8:b1:90:d9:de:f0,-58,11,-99,-36,60,56,1707845931,100,0,228,0,"[-8,16,-9,18,-8,18,-7,17,-6,16,-4,15,-3,13,67,-4,-1,9,0,8,0,6,0,4,0,2,0,2,-1,0,-1,0,-1,-2,-1,-4,0,-5,0,-7,0,-9,43,4,2,-11,4,-12,7,-13,8,-14,10,-14,13,-14,0,0,16,-14,19,-15,19,-16,21,-15,21,-15,21,-15,24,0,17,-14,14,-14,12,-12,9,-12,5,-9,2,-7,0,-6,-4,-4,-6,-2,-7,0,-9,2,-11,4,-12,7,58,10,-14,11,-14,12,-13,13,-12,12,-11,12,-9,9,-7,7,0,-5,-1,-4,-1,-4,-4,-4,-8,-2,-9,4,-4,11,4,24,14,4,13,-8,3,-16,-10,-14,-19,-1,-14,13,0,20,14,14,21,0,14,-15,0,-19,-13,-12,-16,0,-9,0,-2,11,3,7,4,4,4,2,5,0,7,-2,0,0,2,-9,-4,-9,-11,-5,-13,2,-9,11,0,15,29,-2,16,4,15,-7,7,-16,-4,-17,-15,-9,-17,4,-9,14,3,18,14,9,16,-4,7,-16,-6,-14,-15,-4,-25,18,0,14,11,6,10,-6,0,-11,-11,-4,-10,7,0,13]"
CSI_DATA,114406,d8:b1:90:d9:de:f0,-59,11,-99,-38,61,56,1707855987,100,0,228,0,"[18,1,18,2,19,2,18,2,18,1,16,0,14,0,64,-4,9,0,8,0,6,0,4,0,3,0,2,0,0,0,-1,0,-3,0,-4,0,-6,0,-6,-1,-8,-2,41,4,-8,-6,-9,-8,-8,-11,-7,-14,-6,-16,-5,-18,0,0,-1,-21,0,-22,0,-24,2,-24,4,-24,4,-24,66,0,4,-21,2,-19,2,-16,0,-14,0,-10,-2,-7,-3,-4,-5,-2,-6,0,-7,2,-8,5,-9,8,-9,10,56,10,-10,13,-11,14,-11,14,-11,13,-10,12,-8,10,-7,7,-4,2,-2,2,-3,2,-3,4,0,8,6,8,12,2,22,-7,2,-14,-8,-12,-16,-3,-13,10,-2,18,11,14,18,2,15,-12,2,-19,-11,-16,-18,-3,-14,8,-4,14,-4,8,8,6,8,0,5,-2,3,-2,3,-4,2,-6,0,0,-6,-6,-10,-2,-10,4,-6,11,1,14,10,10,18,-20,14,-6,7,-14,-3,-16,-12,-11,-17,0,-13,11,-2,16,10,14,16,2,13,-10,2,-16,-10,-12,-16,0,-19,23,3,14,12,4,9,-6,-1,-11,-10,-4,-10,7,0,12]"
CSI_DATA,114407,d8:b1:90:d9:de:f0,-59,11,-99,-38,61,56,1707866896,100,0,228,0,"[-12,12,-13,13,-14,13,-14,13,-12,12,-10,11,-9,10,64,-4,-6,7,-4,6,-4,5,-2,3,-2,2,-1,1,0,0,0,-1,0,-2,2,-3,3,-4,5,-4,7,-4,41,4,10,-2,12,0,13,1,14,3,16,5,16,8,0,0,17,12,17,14,17,16,16,18,16,18,15,19,-16,0,13,17,12,15,11,12,10,9,8,6,7,3,6,0,4,-2,4,-5,2,-7,1,-10,0,-11,0,-14,0,10,-2,-16,-2,-18,-2,-18,-2,-17,-2,-15,-1,-13,0,-10,1,-4,0,-3,0,-4,-1,-6,-5,-5,-10,0,-9,8,-9,21,9,11,14,1,12,-10,1,-16,-12,-14,-18,0,-14,12,0,19,13,14,19,1,14,-12,2,-16,-8,-13,-2,-8,-10,2,-5,5,-1,6,0,5,0,5,3,6,0,0,9,0,8,-6,3,-11,-4,-12,-11,-8,-14,0,2,27,-4,15,6,14,14,9,17,-1,11,-12,0,-17,-12,-13,-17,-1,-13,10,-1,16,10,12,16,0,10,-10,-3,-30,-12,-6,-11,5,-1,11,8,6,10,-4,2,-12,-8,-9]"
CSI_DATA,114408,d8:b1:90:d9:de:f0,-58,11,-99,-36,60,56,1707877190,100,0,228,0,"[12,-14,12,-15,12,-15,12,-15,11,-14,9,-13,8,-12,67,-4,4,-9,3,-7,2,-6,1,-4,1,-2,1,-1,1,0,0,0,0,2,0,4,-2,5,-4,6,-5,7,43,4,-9,7,-12,5,-14,4,-16,3,-17,1,-19,0,0,0,-22,-4,-23,-7,-24,-8,-24,-10,-24,-11,-23,-11,-69,9,-20,-9,-19,-7,-16,-6,-14,-3,-12,-1,-8,1,-5,3,-2,4,0,6,2,8,4,9,6,10,8,11,89,0,12,13,14,14,14,13,13,12,12,11,9,9,7,8,0,4,0,4,0,4,2,5,7,4,10,-1,8,-9,5,-24,-12,-9,-16,2,-10,14,2,17,15,10,19,-3,11,-17,-4,-20,-17,-11,-20,4,-11,16,2,18,12,10,5,7,9,-6,2,-8,0,-6,-1,-4,-2,-4,-5,-4,0,0,-9,4,-5,9,1,12,9,9,14,2,14,-7,-15,-25,-2,-16,-12,-12,-18,-1,-14,10,-4,18,9,16,17,6,16,-7,5,-16,-8,-16,-16,-4,-14,8,-2,16,21,24,14,-1,6,-11,-6,-10,-11,0,-5,11,6,11,13,1]"
CSI_DATA,114409,d8:b1:90:d9:de:f0,-58,11,-99,-36,60,56,1707888576,100,0,228,0,"[-1,19,-2,20,-2,20,-2,20,-1,19,-1,16,0,14,67,-4,0,10,0,8,0,7,0,4,0,3,0,2,0,0,0,-1,0,-2,0,-4,0,-6,1,-7,2,-8,43,4,7,-9,9,-9,12,-9,14,-7,16,-7,19,-4,0,0,22,-2,24,0,25,1,26,3,26,4,25,4,82,0,22,4,20,3,17,2,14,0,11,0,7,-2,4,-4,2,-5,0,-6,-3,-7,-4,-9,-7,-9,-9,-11,-86,10,-13,-12,-14,-12,-14,-12,-14,-12,-12,-11,-10,-9,-7,-7,-1,-4,-2,-2,-2,-3,-4,-3,-8,0,-8,6,-2,12,7,24,15,3,13,-9,2,-16,-10,-14,-19,-2,-15,12,-2,20,12,16,21,2,16,-12,4,-19,-9,-16,-15,-5,-8,-4,-6,9,0,8,2,6,3,4,4,4,7,2,0,0,7,-7,2,-11,-4,-12,-11,-7,-14,1,-11,10,20,21,6,15,14,8,17,-2,12,-13,0,-18,-12,-14,-18,-2,-14,10,-3,18,10,14,17,2,13,-11,0,-16,-23,-21,-14,2,-4,12,7,10,12,-1,4,-11,-7,-11,-13,0]"
CSI_DATA,114410,d8:b1:90:d9:de:f0,-58,11,-99,-36,60,56,1707899023,100,0,228,0,"[14,12,16,12,16,12,15,12,14,11,13,9,12,8,67,-4,9,4,7,3,5,2,4,2,2,1,1,1,0,0,-1,0,-2,0,-4,-1,-5,-2,-6,-4,-6,-6,43,4,-6,-10,-4,-12,-3,-14,-1,-16,0,-18,2,-19,0,0,7,-21,9,-22,9,-23,12,-23,13,-23,13,-22,-2,0,12,-19,9,-17,7,-15,5,-13,2,-10,0,-8,-2,-5,-4,-3,-6,-1,-8,1,-9,3,-11,4,-12,7,32,10,-14,10,-15,12,-14,12,-14,11,-13,9,-11,7,-9,6,-4,0,-4,0,-4,0,-5,2,-4,7,0,10,9,8,24,5,9,-11,-1,-16,-13,-10,-17,2,-11,15,3,19,16,11,20,-3,12,-16,-3,-20,-15,-12,-18,1,-11,12,-7,5,5,9,7,3,6,0,4,0,4,-2,4,-5,0,0,-3,-9,-9,-6,-12,0,-10,8,-3,14,5,14,26,-12,16,-1,12,-11,2,-17,-9,-15,-16,-5,-16,7,-7,16,5,16,16,7,16,-6,6,-16,-7,-15,-16,-4,-26,17,0,14,10,7,11,-4,1,-12,-10,-7,-12,4,-3,13]"
CSI_DATA,114411,d8:b1:90:d9:de:f0,-59,11,-99,-35,60,56,1707911236,100,0,228,0,"[-10,-15,-11,-16,-10,-17,-9,-16,-8,-15,-8,-13,-7,-12,66,-4,-5,-8,-4,-6,-3,-5,-2,-4,-2,-2,0,-2,0,0,0,0,1,2,1,3,1,4,0,6,0,8,42,4,-4,11,-7,11,-9,11,-11,11,-14,10,-17,8,0,0,-21,6,-23,4,-24,2,-25,0,-25,-1,-25,-2,82,9,-22,-2,-19,-2,-17,-2,-14,0,-11,0,-8,2,-5,3,-2,4,0,6,2,8,4,8,6,11,7,12,78,0,10,14,11,15,11,15,9,15,8,13,6,12,4,10,4,2,3,1,4,1,6,0,6,-4,3,-10,-4,-11,-18,-15,-14,5,-6,14,5,15,15,7,17,-6,8,-17,-6,-19,-17,-9,-19,5,-10,17,3,18,14,11,15,0,8,0,2,-10,-2,-7,-4,-4,-4,-2,-4,-2,-6,0,0,0,-5,7,-1,11,5,11,11,6,14,-2,11,-10,-21,-18,-6,-15,-15,-7,-17,3,-11,13,0,17,11,14,17,3,15,-9,4,-17,-8,-15,-16,-4,-13,8,-2,15,19,24,13,0,6,-10,-4,-11,-11,-1,-7,9,3,12,12,4]"
CSI_DATA,114412,d8:b1:90:d9:de:f0,-59,11,-99,-36,60,56,1707921526,100,0,228,0,"[15,10,16,11,16,11,16,9,16,7,14,6,13,4,67,-4,9,2,8,1,7,0,4,0,2,0,1,0,0,1,0,1,-2,1,-4,2,-6,1,-7,0,-9,0,43,4,-12,-2,-12,-3,-13,-6,-13,-8,-14,-9,-14,-12,0,0,-15,-16,-16,-18,-16,-19,-16,-20,-16,-20,-16,-19,6,10,-15,-16,-14,-14,-13,-11,-12,-7,-10,-4,-7,0,-5,2,-3,4,0,6,2,7,3,9,6,10,9,10,-82,0,13,12,15,11,15,10,14,9,13,8,12,7,9,5,-5,0,-4,1,-4,0,-4,3,-2,7,3,9,11,5,24,-1,5,-14,-7,-14,-16,-4,-14,9,-2,18,12,15,19,1,14,-14,0,-20,-14,-14,-19,0,-12,12,0,15,-2,10,10,2,7,-2,4,-4,2,-5,1,-6,-2,-7,0,0,-9,0,-9,6,-4,12,4,13,12,7,14,-1,-4,-29,2,-16,-7,-14,-16,-5,-16,5,-8,16,4,17,15,8,16,-4,7,-15,-7,-16,-16,-5,-14,8,-2,16,21,21,13,-1,5,-12,-7,-9,-11,2,-2,11,8,9,12,-2]"
CSI_DATA,114413,d8:b1:90:d9:de:f0,-58,11,-99,-36,60,56,1707931927,100,0,228,0,"[-19,3,-20,2,-21,2,-19,2,-19,3,-16,3,-14,3,67,-4,-9,2,-7,2,-6,2,-4,1,-3,0,-2,0,0,0,1,0,2,-1,4,-1,6,-1,7,0,8,0,43,4,11,4,12,6,12,9,11,12,11,14,9,16,0,0,7,21,6,24,5,24,3,26,2,25,2,26,41,0,1,23,2,20,2,17,2,14,4,10,4,7,4,3,5,1,6,-2,7,-4,7,-7,7,-10,7,-12,67,0,7,-16,8,-17,8,-17,8,-16,7,-14,6,-12,5,-9,4,-2,2,-2,2,-2,2,-5,-1,-8,-8,-6,-12,1,-21,13,0,14,12,10,16,-1,12,-14,-2,-18,-15,-12,-19,2,-12,16,2,20,16,13,19,-1,12,-13,1,-16,2,-9,-10,-3,-8,2,-5,3,-2,4,-2,4,0,7,0,0,7,5,12,0,9,-7,3,-14,-4,-13,-13,-8,-14,25,-13,10,-4,16,7,16,16,8,18,-4,10,-15,-2,-17,-14,-12,-17,2,-12,14,2,16,13,9,16,-3,14,-28,-5,-12,-13,-2,-7,9,4,11,12,2,8,-9,-2,-13]"
CSI_DATA,114414,d8:b1:90:d9:de:f0,-58,11,-99,-36,60,56,1707942478,100,0,228,0,"[-12,14,-13,15,-14,15,-13,14,-12,14,-10,12,-9,11,67,-4,-5,9,-4,7,-3,5,-2,4,-2,2,-1,1,-1,0,0,-1,0,-2,1,-4,2,-4,4,-5,7,-5,43,4,10,-5,13,-3,14,-2,16,0,18,2,19,4,0,0,21,8,21,11,22,12,21,14,21,15,21,15,60,0,18,13,16,12,14,9,12,7,10,4,8,0,6,-2,4,-4,2,-6,0,-8,-1,-10,-4,-12,-5,-13,-75,10,-8,-16,-9,-16,-9,-17,-8,-15,-7,-14,-6,-12,-4,-10,1,-4,0,-4,0,-4,-2,-5,-6,-5,-10,0,-9,9,-7,24,11,10,16,0,11,-12,0,-18,-14,-12,-19,2,-12,16,2,21,16,13,20,-1,13,-14,0,-18,-10,-12,-4,-9,-9,4,-4,7,0,6,0,5,2,5,4,4,0,0,9,-2,7,-8,0,-12,-7,-12,-14,-4,-14,4,9,28,0,16,10,14,17,4,16,-7,7,-16,-5,-18,-16,-9,-18,4,-9,14,4,17,14,8,16,-5,6,-15,-14,-29,-14,-2,-9,9,3,12,11,2,8,-9,-2,-12,-12,-4]"
CSI_DATA,114415,d8:b1:90:d9:de:f0,-59,11,-99,-38,61,56,1707952855,100,0,228,0,"[4,-16,5,-18,5,-18,4,-18,3,-17,2,-15,2,-13,64,-4,0,-10,0,-8,0,-6,0,-5,0,-4,0,-2,0,-1,0,0,0,1,0,3,0,5,-2,5,-3,6,41,4,-6,8,-8,9,-10,8,-12,8,-14,8,-16,7,0,0,-20,5,-22,4,-23,4,-24,2,-24,2,-24,2,83,9,-21,2,-18,3,-16,4,-12,4,-9,5,-6,6,-2,6,0,6,2,6,6,6,8,6,10,6,12,6,-42,0,16,5,17,4,18,4,16,4,14,4,12,3,10,2,0,4,0,2,0,2,3,4,7,2,8,-4,4,-11,-5,-24,-13,-4,-13,7,-4,16,9,14,17,3,14,-11,2,-18,-12,-15,-20,-2,-14,12,-2,18,10,14,15,3,6,2,4,-9,-2,-8,-3,-4,-2,-2,-3,-2,-5,0,0,0,-6,6,0,10,6,9,11,4,13,-3,8,-12,-23,-13,-10,-12,-16,-4,-15,7,-6,16,5,16,15,8,16,-4,9,-14,-4,-16,-14,-8,-16,5,-6,14,7,14,29,8,10,-8,-1,-13,-11,-6,-9,6,1,12,11,6,11,-6]"
CSI_DATA,114416,d8:b1:90:d9:de:f0,-59,11,-99,-34,60,56,1707964867,100,0,228,0,"[-13,-12,-14,-14,-14,-14,-13,-13,-12,-12,-10,-11,-10,-9,64,-4,-7,-6,-6,-4,-5,-4,-3,-3,-2,-2,-1,-1,0,0,1,0,2,1,3,2,4,4,4,6,3,8,41,4,1,11,0,12,-2,14,-5,15,-8,15,-10,16,0,0,-15,15,-18,14,-19,14,-21,13,-22,12,-22,11,-72,9,-20,9,-17,8,-14,8,-12,7,-8,6,-4,6,-2,6,1,5,4,4,6,4,9,4,11,4,13,3,-31,0,16,3,18,3,18,3,17,3,15,3,13,4,10,3,4,1,4,0,4,0,6,-1,6,-5,0,-10,-7,-9,-22,-9,-12,8,-2,15,10,12,17,2,14,-11,2,-18,-12,-15,-20,-2,-16,12,-4,19,10,15,16,5,14,-6,8,-2,-1,-10,-5,-6,-5,-2,-5,-1,-5,0,-6,2,0,0,-1,8,5,9,11,5,12,-2,10,-10,2,-14,-27,-4,-14,-8,-16,2,-12,12,-2,17,10,14,17,4,16,-7,6,-16,-6,-16,-16,-6,-14,7,-5,15,8,13,30,6,10,-8,-1,-12,-10,-4,-8,6,1,11,11,6,11,-5]"
CSI_DATA,114417,d8:b1:90:d9:de:f0,-58,11,-99,-36,60,56,1707981413,100,0,114,0,"[4,16,4,17,3,18,1,18,2,19,1,18,0,18,0,16,1,16,0,16,1,15,0,16,1,16,1,16,1,17,1,18,1,18,1,21,1,21,1,22,1,22,0,24,0,24,0,23,0,24,-2,22,-2,22,-2,23,0,0,-4,21,-4,21,-5,21,-6,22,-7,21,-7,21,-7,21,-8,21,-7,21,-8,21,-8,19,-8,19,-8,18,-7,16,-8,16,-8,16,-9,16,-9,16,-9,16,-11,16,-12,16,-12,16,-14,16,-15,16,-16,15,-16,13,-16,12,-15,10]"
CSI_DATA,114418,d8:b1:90:d9:de:f0,-58,11,-99,-37,60,56,1707992685,100,0,114,0,"[-3,16,-4,17,-5,18,-5,18,-5,18,-5,18,-5,17,-4,16,-2,16,-2,16,-2,16,0,16,0,16,0,17,2,18,2,18,3,18,3,20,4,21,5,21,6,21,7,22,8,22,8,22,8,21,8,21,8,21,8,21,0,0,8,21,9,20,9,20,10,21,10,20,10,21,11,20,11,19,12,18,13,18,12,16,13,16,13,15,13,14,12,14,13,14,13,13,13,13,13,13,15,13,16,15,16,16,17,16,16,16,16,16,15,16,13,15,12,14]"
CSI_DATA,114419,d8:b1:90:d9:de:f0,-58,11,-99,-37,60,56,1708003550,100,0,114,0,"[-11,12,-13,13,-13,13,-13,13,-14,13,-13,13,-13,12,-12,12,-10,13,-10,12,-8,13,-8,13,-8,14,-8,15,-8,16,-7,17,-7,18,-7,20,-7,21,-6,22,-5,22,-5,24,-5,23,-3,23,-4,23,-4,23,-3,22,-3,23,0,0,-3,23,-2,22,-2,22,-2,23,-2,23,-2,24,0,23,0,24,0,24,0,23,2,22,2,21,2,20,2,19,3,20,3,18,4,18,4,18,5,19,5,20,5,21,5,21,6,22,5,23,5,22,5,21,4,21,3,18]"
CSI_DATA,114420,d8:b1:90:d9:de:f0,-58,11,-99,-36,60,56,1708015571,100,0,114,0,"[-9,-12,-9,-14,-9,-16,-8,-17,-9,-16,-7,-16,-7,-16,-7,-15,-7,-13,-7,-14,-7,-14,-7,-14,-8,-13,-9,-13,-9,-13,-10,-14,-11,-15,-12,-16,-12,-16,-13,-17,-14,-16,-14,-17,-14,-18,-14,-18,-14,-18,-14,-17,-14,-18,-13,-17,0,0,-12,-19,-12,-19,-12,-19,-12,-19,-12,-18,-12,-18,-12,-19,-13,-19,-12,-19,-12,-19,-12,-17,-12,-16,-12,-17,-11,-16,-11,-15,-10,-15,-10,-15,-11,-14,-10,-15,-11,-16,-11,-17,-12,-19,-11,-18,-11,-19,-9,-20,-9,-20,-7,-19,-6,-16]"
CSI_DATA,114421,d8:b1:90:d9:de:f0,-58,11,-99,-37,60,56,1708026236,100,0,228,0,"[-7,-17,-7,-18,-8,-18,-7,-18,-7,-16,-6,-15,-6,-13,69,-5,-5,-8,-4,-7,-3,-5,-2,-4,-1,-3,0,-2,0,0,1,0,2,1,2,3,2,5,3,6,2,8,45,4,0,12,-1,13,-3,15,-5,16,-8,17,-10,17,0,0,-15,17,-17,17,-18,17,-20,16,-21,16,-21,15,-49,10,-18,13,-16,12,-13,11,-10,10,-6,8,-2,8,0,5,2,4,5,3,8,2,9,0,12,0,14,-1,-29,0,17,-4,18,-5,18,-5,17,-5,16,-4,13,-2,10,-2,3,3,3,2,4,2,6,0,8,-4,3,-10,-4,-11,-18,-16,-14,5,-6,15,6,16,17,5,16,-8,5,-18,-9,-18,-19,-5,-18,9,-6,19,8,18,16,7,15,-5,9,-1,0,-11,-5,-7,-5,-2,-5,-1,-5,0,-5,2,0,0,0,10,5,10,11,5,13,-2,10,-11,1,-16,-29,0,-16,-5,-17,5,-10,16,2,18,14,12,19,0,13,-13,0,-18,-13,-13,-17,0,-12,12,0,16,13,9,31,-6,5,-13,-6,-10,-12,0,-4,10,7,10,13,0,7,-11]"
CSI_DATA,114422,d8:b1:90:d9:de:f0,-58,11,-99,-37,60,56,1708037565,100,0,228,0,"[-14,13,-16,13,-16,13,-15,13,-14,12,-11,10,-10,10,69,-5,-7,8,-5,6,-4,5,-3,4,-2,2,-1,0,0,0,0,0,0,-2,2,-3,3,-4,5,-4,8,-4,45,4,12,-2,13,0,16,0,16,3,18,5,18,8,0,0,18,13,19,16,18,17,18,19,17,20,17,20,-2,0,14,18,13,16,11,13,10,10,9,6,7,2,6,0,5,-2,3,-5,2,-8,1,-10,0,-13,-1,-14,-11,10,-2,-18,-3,-19,-3,-18,-2,-18,-2,-16,-1,-13,0,-10,1,-4,0,-4,0,-4,-1,-5,-6,-5,-10,0,-10,8,-10,22,9,12,16,2,13,-10,1,-18,-12,-14,-19,0,-15,13,-1,21,13,16,21,2,16,-11,3,-18,-8,-13,-2,-9,-10,2,-5,6,-2,5,0,5,0,5,3,5,0,0,10,0,8,-6,3,-12,-3,-13,-12,-8,-16,0,2,29,-5,16,5,17,16,10,18,-2,12,-13,0,-19,-12,-13,-18,-1,-13,11,-1,18,12,13,17,0,10,-12,-5,-31,-12,-6,-10,5,0,12,10,5,10,-5,1,-13,-10,-8]"
CSI_DATA,114423,d8:b1:90:d9:de:f0,-59,11,-99,-36,60,56,1708047696,100,0,228,0,"[12,-13,13,-14,13,-14,12,-14,12,-13,9,-12,8,-11,67,-4,5,-8,3,-7,3,-5,2,-4,2,-3,1,-2,0,0,0,0,0,2,-1,3,-2,4,-4,4,-6,5,43,4,-9,5,-12,4,-14,4,-16,2,-18,1,-19,0,0,0,-22,-3,-23,-5,-24,-7,-24,-8,-24,-8,-24,-8,-84,9,-21,-7,-19,-5,-16,-3,-13,-1,-11,0,-7,2,-4,3,-2,5,0,7,2,8,4,9,7,9,9,10,-71,0,13,11,14,11,14,10,14,10,12,9,10,9,7,7,-1,4,0,3,0,4,2,5,7,4,10,0,8,-9,5,-23,-11,-9,-16,1,-11,13,2,16,14,10,19,-3,11,-16,-4,-20,-16,-11,-19,4,-10,16,2,17,12,9,5,5,8,-7,2,-7,0,-5,-2,-4,-2,-4,-4,-2,0,0,-7,4,-4,9,1,12,9,9,14,2,13,-7,-15,-21,-3,-16,-13,-11,-17,0,-13,12,-2,18,11,15,18,3,14,-9,2,-17,-10,-14,-16,-2,-12,10,0,15,24,19,13,-3,4,-12,-7,-9,-11,2,-3,12,8,10,13,0]"
CSI_DATA,114424,d8:b1:90:d9:de:f0,-59,11,-99,-35,60,56,1708058899,100,0,228,0,"[-15,11,-16,11,-17,11,-16,11,-15,10,-13,9,-11,8,66,-4,-7,6,-6,4,-4,3,-3,2,-2,1,-1,0,-1,-1,0,-2,1,-3,2,-4,4,-5,5,-5,7,-6,42,4,11,-3,13,-2,15,0,15,2,17,4,17,6,0,0,19,11,19,14,19,15,18,17,18,18,17,18,-8,0,15,16,13,14,12,11,10,8,8,5,6,2,5,0,3,-3,2,-6,0,-7,-1,-9,-2,-11,-4,-13,-34,10,-6,-15,-8,-16,-8,-16,-7,-15,-6,-14,-4,-11,-3,-9,2,-4,0,-4,0,-4,0,-6,-5,-6,-10,-1,-10,6,-11,20,8,12,15,2,13,-9,2,-17,-10,-15,-18,-2,-15,12,-2,19,12,16,19,3,15,-11,4,-16,-6,-13,-2,-10,-10,2,-6,5,-3,6,0,6,1,6,4,6,0,0,10,-2,8,-8,2,-13,-6,-12,-13,-6,-15,2,4,28,-2,16,7,15,15,7,17,-4,11,-14,-2,-17,-13,-12,-17,0,-12,13,0,17,13,11,15,-2,8,-13,-10,-28,-13,-4,-9,6,1,11,10,3,8,-7,-2,-12,-11,-6]"
CSI_DATA,114425,d8:b1:90:d9:de:f0,-59,11,-99,-37,61,56,1708070212,100,0,228,0,"[-5,17,-5,17,-6,17,-5,16,-5,16,-5,13,-3,12,62,-4,-2,9,-1,7,-2,5,-1,4,-1,2,-1,1,-1,0,-1,-1,0,-2,0,-4,1,-6,2,-6,3,-7,40,3,8,-7,11,-6,13,-5,15,-3,16,-3,18,0,0,0,20,3,22,6,22,7,23,10,21,10,22,11,53,0,18,10,16,9,14,7,12,4,9,2,7,0,4,-2,3,-3,0,-5,-1,-7,-1,-8,-5,-11,-6,-11,-56,9,-9,-13,-9,-14,-9,-14,-9,-13,-7,-12,-5,-11,-3,-8,0,-5,-1,-3,-1,-3,-3,-3,-7,-2,-9,5,-4,10,1,23,12,5,13,-5,6,-14,-6,-15,-15,-5,-16,7,-6,17,7,17,17,7,18,-5,8,-15,-3,-16,-11,-9,-5,-7,-7,6,-2,7,0,6,1,5,3,4,5,3,0,0,8,-3,4,-9,0,-11,-9,-10,-12,-2,-13,6,12,24,1,15,11,12,16,1,14,-9,5,-16,-7,-16,-15,-7,-16,5,-7,14,5,16,14,6,14,-5,5,-14,-14,-24,-12,-1,-7,9,3,10,9,1,6,-8,-3,-10,-11,-3]"
CSI_DATA,114426,d8:b1:90:d9:de:f0,-59,11,-99,-37,61,56,1708082907,100,0,228,0,"[-17,-5,-18,-5,-18,-5,-18,-5,-17,-4,-14,-3,-14,-1,62,-4,-9,0,-7,0,-5,0,-4,0,-3,0,-1,0,0,0,0,0,1,0,3,0,5,0,6,1,7,2,40,3,9,5,9,8,9,11,8,12,7,14,6,16,0,0,5,20,4,22,3,23,2,24,1,24,2,24,7,0,2,21,3,18,3,16,4,12,5,9,5,5,5,2,6,0,6,-3,5,-5,5,-8,5,-11,5,-12,61,0,3,-16,3,-18,3,-17,3,-16,2,-14,2,-12,1,-9,4,-1,2,-1,3,-1,3,-3,1,-7,-3,-9,-11,-3,-23,3,-4,13,7,13,15,4,14,-8,3,-17,-10,-14,-18,-2,-14,11,-2,18,11,15,17,3,14,-9,3,-14,2,-7,-8,-4,-7,1,-4,2,-3,3,-2,3,-1,5,0,0,6,5,10,1,9,-5,4,-11,-3,-12,-11,-8,-12,22,-11,9,-4,15,7,14,14,7,16,-5,9,-14,-3,-16,-14,-9,-16,3,-8,14,4,15,14,7,14,-7,7,-29,-9,-10,-12,1,-4,11,7,9,12,-1,5,-12,-5,-11]"
CSI_DATA,114427,d8:b1:90:d9:de:f0,-59,11,-99,-38,61,56,1708093485,100,0,228,0,"[10,-15,10,-16,10,-16,9,-15,8,-15,7,-14,6,-12,64,-4,3,-9,2,-7,2,-6,1,-4,1,-2,1,-1,0,0,0,1,0,2,0,4,-1,5,-2,6,-4,7,41,4,-8,8,-10,8,-12,8,-14,7,-16,6,-18,4,0,0,-21,2,-24,2,-24,0,-25,0,-25,0,-24,0,79,9,-21,0,-18,0,-16,1,-12,2,-9,3,-6,4,-3,4,0,5,2,6,6,5,8,5,10,6,12,5,-40,0,16,4,18,4,17,4,16,4,14,3,12,3,10,2,0,4,0,4,0,4,2,5,8,3,10,-2,6,-10,1,-24,-12,-7,-14,4,-7,14,6,16,16,7,16,-7,6,-18,-8,-17,-18,-6,-17,8,-6,16,6,16,13,7,6,5,6,-8,1,-8,-2,-5,-3,-4,-4,-3,-6,-2,0,0,-6,6,-2,10,5,10,11,6,14,-2,10,-11,-21,-16,-8,-14,-16,-6,-16,6,-8,16,4,18,14,10,17,-3,10,-14,-2,-17,-14,-9,-16,4,-8,14,6,14,28,9,10,-8,0,-11,-10,-4,-8,6,1,11,11,6,10,-6]"
CSI_DATA,114428,d8:b1:90:d9:de:f0,-59,11,-99,-39,61,56,1708105379,100,0,228,0,"[17,0,19,0,19,0,19,0,17,0,15,0,13,0,66,-4,9,-1,7,-1,6,-1,4,0,3,0,1,0,0,0,0,1,-2,1,-4,0,-5,0,-6,0,-8,-1,42,4,-9,-5,-9,-8,-9,-11,-8,-13,-8,-15,-6,-17,0,0,-4,-21,-2,-24,-1,-24,0,-25,0,-25,1,-24,8,0,1,-22,1,-19,0,-16,-1,-13,-2,-10,-3,-6,-4,-4,-5,-1,-6,1,-6,4,-7,6,-8,8,-8,10,81,10,-9,14,-10,15,-9,15,-9,14,-8,12,-8,10,-6,7,-4,2,-2,2,-2,2,-2,4,0,8,6,7,11,0,22,-9,1,-14,-10,-11,-16,0,-12,11,0,17,13,13,19,0,13,-13,0,-19,-13,-14,-18,-1,-13,10,-3,14,-3,7,8,4,7,0,5,-2,4,-3,2,-4,1,-6,0,0,-6,-6,-10,0,-10,5,-5,11,2,13,11,10,17,-21,14,-7,6,-15,-4,-17,-14,-10,-17,1,-12,13,0,17,12,13,17,0,12,-11,0,-16,-11,-11,-15,1,-17,24,4,13,12,3,8,-8,-2,-11,-11,-3,-9,8,0,13]"
CSI_DATA,114429,d8:b1:90:d9:de:f0,-59,11,-99,-38,61,56,1708115743,100,0,228,0,"[6,-16,7,-17,7,-17,7,-16,6,-15,5,-14,4,-12,64,-4,2,-8,2,-7,2,-5,1,-4,0,-2,0,-1,0,0,0,0,0,2,0,4,0,5,-2,6,-4,7,41,4,-8,8,-10,7,-13,7,-14,6,-16,4,-18,3,0,0,-21,0,-23,-1,-24,-2,-24,-4,-24,-5,-24,-5,-80,9,-20,-5,-18,-4,-16,-2,-12,0,-10,0,-6,2,-4,4,-1,4,0,6,3,6,6,8,8,8,10,8,-68,0,13,10,14,10,14,10,13,9,12,8,10,8,7,6,0,4,0,4,1,4,4,4,8,2,9,-4,5,-10,-1,-22,-13,-6,-14,5,-6,14,6,15,16,6,16,-8,6,-18,-8,-17,-18,-6,-16,8,-7,16,5,15,12,7,6,6,7,-7,2,-8,-1,-6,-2,-4,-3,-3,-5,-2,0,0,-7,6,-3,10,3,10,10,8,14,0,12,-8,-18,-20,-6,-15,-14,-8,-17,3,-12,13,0,18,12,13,17,2,14,-10,2,-16,-10,-12,-16,0,-11,10,0,14,22,18,12,-4,3,-11,-7,-7,-10,3,-2,10,8,8,12,-1]"
CSI_DATA,114430,d8:b1:90:d9:de:f0,-59,11,-99,-38,61,56,1708127158,100,0,228,0,"[-13,-11,-14,-12,-14,-12,-14,-11,-13,-10,-12,-8,-11,-8,64,-4,-8,-5,-7,-3,-6,-2,-4,-2,-3,-1,-2,0,-1,0,0,0,1,0,1,3,2,4,2,5,2,6,41,4,1,10,0,12,-2,13,-4,14,-6,15,-8,16,0,0,-12,16,-14,18,-15,17,-17,17,-17,17,-17,16,-39,9,-15,14,-13,14,-11,12,-8,11,-5,10,-2,8,0,8,4,6,6,4,8,4,10,2,12,1,14,0,-18,0,17,-1,18,-2,17,-2,16,-2,14,-1,12,0,9,0,4,0,2,0,3,0,5,0,5,-6,0,-9,-7,-9,-22,-7,-10,9,0,15,10,12,17,0,12,-13,0,-18,-14,-12,-19,0,-12,13,0,19,12,12,17,0,11,-9,4,-4,-4,-8,-6,-3,-5,0,-3,0,-4,0,-4,2,0,0,0,7,4,8,9,3,10,-2,8,-10,0,-14,-24,4,-14,-5,-14,4,-9,14,2,16,12,12,17,0,12,-11,0,-17,-11,-12,-17,0,-11,11,1,16,12,10,30,-4,6,-13,-7,-11,-13,0,-6,11,5,12,14,2,10,-8]"
CSI_DATA,114431,d8:b1:90:d9:de:f0,-59,11,-99,-36,60,56,1708140658,100,0,228,0,"[0,-18,0,-19,0,-20,0,-19,0,-18,0,-16,0,-14,67,-4,-1,-9,-1,-7,-1,-6,0,-4,0,-3,0,-2,0,0,0,0,0,2,0,3,0,5,-1,7,-2,7,43,4,-6,9,-9,9,-11,9,-14,8,-16,7,-18,6,0,0,-21,3,-24,1,-25,0,-25,0,-26,-2,-25,-2,82,9,-22,-2,-20,-1,-17,0,-14,0,-10,2,-7,4,-4,4,-1,6,0,7,3,7,6,9,8,9,10,10,-75,0,14,11,15,11,14,11,14,10,12,9,9,8,7,7,2,3,2,2,2,2,4,3,7,0,8,-6,2,-12,-9,-22,-14,-2,-12,9,-1,16,11,12,18,1,14,-13,0,-19,-14,-14,-20,0,-14,13,-2,19,10,14,14,3,7,2,4,-9,0,-7,-2,-4,-3,-3,-4,-3,-5,-1,0,0,-6,7,-2,10,5,10,11,6,14,-1,10,-9,-21,-17,-7,-14,-15,-7,-17,3,-11,13,0,18,12,13,19,1,13,-12,1,-17,-11,-13,-16,0,-11,12,1,16,26,19,14,-4,4,-12,-8,-9,-12,2,-4,12,7,10,14,0]"
CSI_DATA,114432,d8:b1:90:d9:de:f0,-59,11,-99,-35,60,56,1708151050,100,0,228,0,"[17,-4,19,-4,19,-4,19,-4,17,-4,15,-4,13,-4,66,-4,9,-4,7,-3,6,-2,4,-2,2,-1,2,0,1,0,0,0,-2,0,-3,1,-4,1,-6,1,-8,0,42,4,-11,-2,-12,-4,-13,-6,-13,-9,-13,-11,-13,-14,0,0,-13,-19,-11,-20,-11,-22,-11,-24,-10,-23,-9,-24,-86,10,-8,-21,-8,-17,-7,-14,-7,-11,-7,-7,-6,-4,-6,-1,-6,2,-4,4,-4,7,-4,9,-2,12,-2,14,-37,10,-1,17,0,18,0,18,0,17,0,15,0,13,-1,10,-4,2,-2,2,-2,3,-2,6,2,8,8,5,11,-2,19,-15,-2,-14,-13,-8,-15,3,-9,15,4,17,17,9,18,-5,8,-17,-6,-19,-17,-9,-19,5,-8,15,2,15,0,8,10,0,6,-4,3,-4,1,-4,1,-4,0,-6,0,0,-8,-3,-10,3,-7,8,0,13,7,11,14,4,6,-27,9,-13,0,-17,-11,-13,-17,-2,-15,10,-4,17,8,16,17,5,15,-8,4,-17,-8,-14,-15,-3,-12,9,-1,30,11,8,12,-4,2,-12,-8,-8,-11,3,-3,13,8,11]"
CSI_DATA,114433,d8:b1:90:d9:de:f0,-59,11,-99,-39,61,56,1708165037,100,0,228,0,"[14,-10,15,-10,16,-10,15,-9,15,-9,13,-8,11,-7,66,-4,8,-5,6,-4,5,-4,4,-2,3,-2,2,-1,1,0,0,0,0,1,-2,2,-4,2,-6,2,-8,2,42,4,-11,0,-13,-2,-13,-4,-15,-6,-15,-9,-15,-12,0,0,-15,-16,-15,-18,-14,-20,-13,-22,-12,-22,-11,-22,30,10,-9,-19,-8,-17,-8,-14,-7,-11,-6,-8,-6,-4,-5,-1,-5,1,-4,4,-4,6,-4,9,-3,11,-2,13,-24,10,-2,16,-2,17,-2,17,-2,16,-2,15,-2,13,-2,10,-2,4,-2,3,-1,4,0,6,5,6,10,2,11,-6,13,-19,-7,-13,-15,-4,-14,8,-4,17,9,15,17,4,16,-10,4,-19,-10,-17,-18,-5,-17,8,-6,16,5,15,1,8,10,-1,6,-5,2,-5,0,-4,0,-4,-1,-5,0,0,-8,-2,-8,4,-6,9,0,13,8,11,15,4,4,-27,8,-15,-2,-17,-13,-12,-18,-1,-15,11,-3,17,9,15,17,4,15,-8,4,-16,-8,-14,-15,-2,-12,9,-2,29,10,8,12,-2,3,-11,-8,-8,-11,2,-4,11,6,11]"
CSI_DATA,114434,d8:b1:90:d9:de:f0,-59,11,-99,-36,60,56,1708177534,100,0,228,0,"[-14,12,-14,13,-14,13,-13,13,-12,13,-10,12,-9,11,67,-4,-5,8,-4,7,-2,5,-2,4,-1,3,0,1,0,0,0,0,0,-1,1,-3,2,-4,4,-5,6,-5,43,4,9,-6,11,-5,14,-4,16,-2,17,-1,19,0,0,0,22,3,24,4,24,5,25,7,25,7,24,7,72,0,21,5,19,4,17,2,14,0,11,-1,7,-3,4,-4,2,-5,0,-7,-4,-7,-6,-8,-8,-9,-11,-8,69,10,-15,-9,-16,-9,-16,-8,-15,-7,-13,-7,-12,-6,-9,-4,1,-4,0,-3,0,-3,-1,-5,-6,-5,-10,0,-9,7,-7,23,9,10,16,0,11,-12,-1,-17,-14,-11,-19,2,-11,16,4,19,16,10,19,-4,10,-15,-2,-17,-12,-9,-4,-6,-7,7,-2,8,0,5,2,4,2,4,4,3,0,0,8,-4,4,-9,-2,-11,-9,-8,-14,0,-12,8,18,21,4,16,14,9,17,-1,12,-12,0,-18,-11,-14,-18,-2,-14,11,-1,17,12,13,16,0,11,-12,-2,-16,-26,-17,-13,5,-2,13,9,8,11,-4,1,-12,-9,-9,-12,2]"
CSI_DATA,114435,d8:b1:90:d9:de:f0,-59,11,-99,-38,61,56,1708188145,100,0,228,0,"[4,16,4,18,4,18,4,18,4,16,4,14,4,12,64,-4,4,8,4,7,2,5,2,4,1,3,0,2,0,0,0,0,-2,-1,-2,-2,-3,-4,-3,-6,-3,-7,41,4,-2,-11,0,-12,1,-14,3,-15,5,-16,7,-18,0,0,11,-18,12,-19,14,-19,15,-20,16,-19,15,-18,-14,0,13,-16,11,-15,8,-14,6,-12,3,-9,0,-7,-1,-5,-4,-3,-6,0,-8,1,-9,3,-10,5,-11,6,54,10,-12,10,-12,12,-12,12,-12,12,-10,10,-9,8,-7,6,-2,-4,-3,-2,-3,-2,-6,-1,-7,3,-4,8,4,11,16,17,14,-4,6,-14,-6,-14,-15,-6,-16,7,-6,17,8,16,18,5,16,-9,4,-18,-8,-16,-16,-5,-14,6,-8,2,2,10,5,6,5,2,5,0,5,0,4,-3,0,0,-1,-9,-7,-8,-12,-2,-11,5,-6,12,2,14,26,-8,16,1,14,-10,4,-16,-7,-16,-16,-6,-16,6,-8,16,6,16,16,7,16,-6,6,-15,-7,-14,-14,-2,-22,18,0,12,10,6,10,-6,-1,-10,-10,-4,-10,6,0,12]"
CSI_DATA,114436,d8:b1:90:d9:de:f0,-59,11,-99,-38,61,56,1708200385,100,0,228,0,"[17,4,18,6,18,6,17,6,16,6,14,4,12,4,64,-4,9,2,7,2,5,1,4,1,2,0,1,1,0,1,-1,1,-2,0,-4,0,-6,-1,-6,-2,-7,-4,41,4,-7,-8,-6,-10,-5,-13,-4,-15,-2,-17,0,-18,0,0,4,-21,6,-22,7,-22,10,-22,11,-22,11,-21,-32,0,10,-18,9,-16,7,-14,5,-12,2,-9,0,-7,-2,-4,-3,-2,-5,0,-7,1,-9,3,-10,4,-12,6,34,10,-14,8,-15,8,-15,9,-14,8,-13,7,-11,5,-8,4,-5,1,-3,2,-3,2,-3,4,-2,7,4,8,10,4,23,-1,6,-13,-5,-14,-14,-6,-15,6,-6,16,7,16,17,6,17,-7,7,-17,-6,-18,-16,-8,-16,4,-8,12,-7,6,6,8,7,3,6,0,5,-1,5,-3,4,-6,0,0,-4,-8,-9,-4,-11,2,-9,9,-2,13,6,12,24,-12,15,-2,12,-11,2,-16,-8,-14,-16,-6,-16,6,-8,15,4,16,14,8,16,-4,7,-14,-5,-14,-14,-5,-26,14,-2,12,8,8,10,-3,2,-10,-8,-7,-11,3,-4,11]"
CSI_DATA,114437,d8:b1:90:d9:de:f0,-59,11,-99,-35,60,56,1708214372,100,0,228,0,"[9,-15,11,-16,11,-16,11,-15,10,-15,9,-13,8,-11,66,-4,6,-8,4,-6,3,-5,2,-4,2,-3,1,-1,1,0,0,0,-1,2,-2,3,-3,3,-5,4,-7,3,42,4,-11,2,-13,0,-15,-2,-15,-4,-16,-6,-17,-9,0,0,-17,-14,-17,-17,-16,-18,-15,-20,-15,-21,-13,-22,46,10,-11,-19,-10,-17,-9,-13,-8,-11,-8,-7,-6,-4,-6,0,-5,2,-5,4,-4,6,-4,9,-4,11,-3,13,-48,10,-2,17,-2,18,-2,18,-2,17,-3,15,-3,13,-3,10,0,4,0,4,1,4,2,5,7,4,11,-1,7,-9,5,-23,-11,-9,-16,0,-11,12,0,17,13,12,19,-1,13,-14,0,-19,-14,-14,-19,0,-14,13,-2,17,8,13,2,7,10,-3,4,-6,1,-5,0,-4,0,-4,-2,-5,0,0,-8,0,-8,5,-4,11,2,13,10,10,15,2,2,-27,7,-15,-3,-17,-13,-11,-17,0,-14,11,-4,18,9,15,17,4,15,-8,4,-16,-8,-15,-15,-4,-13,9,-4,30,10,9,13,-2,4,-11,-7,-9,-12,2,-6,11,5,11]"
CSI_DATA,114438,d8:b1:90:d9:de:f0,-58,11,-99,-36,60,56,1708225352,100,0,228,0,"[10,-14,11,-16,10,-16,9,-16,8,-15,7,-14,4,-12,67,-4,2,-9,2,-7,1,-6,1,-4,1,-3,1,-2,1,0,1,0,1,2,0,4,0,5,0,7,-1,8,43,4,-4,12,-6,12,-8,13,-10,14,-12,14,-14,14,0,0,-18,14,-20,14,-21,14,-22,14,-22,14,-22,14,-59,9,-18,13,-15,12,-12,11,-9,10,-5,8,-2,7,0,5,3,3,5,2,7,0,9,-1,11,-3,12,-5,-42,0,14,-9,14,-10,14,-11,13,-11,12,-9,10,-8,8,-6,-1,5,0,4,0,4,4,4,8,2,9,-4,4,-12,-1,-24,-14,-4,-14,7,-4,16,9,14,18,3,15,-11,2,-19,-12,-15,-20,-1,-14,13,-1,19,11,14,16,2,8,2,3,-10,-2,-8,-4,-4,-4,-2,-5,-1,-7,1,0,0,-2,9,4,10,10,7,14,-1,11,-10,2,-15,-29,-1,-16,-5,-16,6,-9,16,3,18,15,11,19,-2,12,-14,-2,-17,-14,-10,-16,3,-8,14,5,14,14,4,26,-15,0,-13,-9,-6,-9,4,0,10,10,5,10,-6,1,-12]"
CSI_DATA,114439,d8:b1:90:d9:de:f0,-58,11,-99,-36,60,56,1708235916,100,0,228,0,"[-1,18,-2,19,-2,20,-2,19,-2,18,-2,16,-1,14,67,-4,0,9,-1,8,0,7,0,4,0,3,0,2,0,0,0,0,0,-2,0,-4,1,-5,2,-6,4,-7,43,4,9,-7,11,-8,14,-6,16,-4,19,-3,19,-1,0,0,23,2,24,5,24,7,24,9,24,10,23,11,72,0,20,10,17,9,15,7,12,4,10,2,7,0,5,-2,3,-4,1,-6,0,-8,-2,-9,-3,-12,-5,-13,-58,10,-7,-15,-8,-16,-8,-16,-7,-16,-6,-14,-4,-12,-3,-10,-1,-4,-2,-3,-2,-4,-5,-3,-8,0,-7,6,-2,12,7,24,14,3,13,-8,3,-16,-9,-14,-18,-4,-16,10,-4,19,10,17,19,5,18,-9,7,-18,-7,-16,-14,-7,-7,-5,-7,8,-2,8,1,6,2,4,3,4,5,3,0,0,8,-4,4,-9,-2,-12,-9,-9,-14,-2,-14,7,14,25,2,16,12,12,18,2,16,-9,6,-17,-7,-17,-16,-7,-17,5,-8,15,4,16,15,7,15,-5,6,-14,-13,-27,-13,-2,-8,9,2,12,10,2,8,-8,-2,-12,-12,-6]"
CSI_DATA,114440,d8:b1:90:d9:de:f0,-59,11,-99,-39,61,56,1708247435,100,0,228,0,"[10,15,10,17,9,17,8,16,8,15,7,13,6,12,66,-4,4,8,4,6,3,5,2,4,1,3,0,2,0,0,-1,-1,-1,-2,-1,-4,0,-5,0,-6,1,-8,42,4,4,-10,6,-11,10,-10,13,-9,15,-8,17,-7,0,0,22,-2,24,-1,24,0,25,2,25,3,24,4,74,0,21,6,19,4,16,4,13,2,11,0,7,-1,5,-3,2,-5,0,-6,0,-8,-2,-9,-4,-11,-6,-13,-47,10,-8,-15,-8,-16,-8,-15,-7,-15,-6,-13,-4,-12,-2,-9,-4,-2,-4,0,-4,0,-5,0,-6,4,-3,8,4,11,17,15,13,-4,7,-13,-4,-15,-15,-8,-17,4,-8,16,4,18,17,10,19,-3,11,-15,-1,-17,-12,-11,-15,0,-8,-2,-3,9,0,8,3,4,4,4,4,3,6,1,0,0,6,-6,2,-11,-5,-10,-11,-6,-13,0,-11,9,18,19,5,15,13,10,17,0,13,-11,3,-17,-8,-15,-16,-6,-16,6,-6,16,6,16,15,6,15,-6,5,-15,-15,-27,-13,-2,-8,9,3,11,11,3,8,-8,-1,-13,-11,-6]"
CSI_DATA,114441,d8:b1:90:d9:de:f0,-58,11,-99,-36,60,56,1708257565,100,0,228,0,"[-16,-9,-17,-10,-17,-10,-16,-10,-15,-10,-14,-8,-12,-7,67,-4,-8,-4,-7,-4,-5,-3,-4,-2,-2,-1,-1,-1,0,0,1,0,2,0,4,2,4,3,5,5,4,7,43,4,3,11,1,14,0,15,-2,16,-4,18,-7,19,0,0,-12,19,-14,19,-16,19,-19,19,-19,18,-19,16,-31,9,-17,14,-16,13,-13,11,-9,10,-6,8,-2,7,0,6,2,4,4,4,8,3,10,2,12,1,14,0,-24,0,17,0,19,-1,19,-1,18,0,16,0,13,0,10,0,5,0,4,0,4,-1,4,-3,4,-7,-2,-9,-10,-7,-24,-4,-9,12,1,16,13,10,17,-2,11,-15,-2,-19,-16,-12,-20,2,-13,15,1,20,13,14,17,0,12,-9,8,-3,-3,-9,-6,-5,-5,-1,-5,0,-4,1,-5,4,0,0,1,10,7,8,12,2,13,-4,9,-11,0,-15,-29,2,-16,-4,-16,5,-9,15,2,18,13,13,19,0,14,-12,2,-18,-11,-14,-17,-2,-13,11,-1,16,11,11,31,-1,8,-12,-4,-12,-12,-2,-7,9,4,12,13,2,10,-9]"
CSI_DATA,114442,d8:b1:90:d9:de:f0,-59,11,-99,-38,61,56,1708268045,100,0,228,0,"[16,7,17,8,16,9,16,8,15,8,13,7,12,6,64,-4,8,4,7,3,6,2,4,2,2,2,1,1,0,0,-1,0,-2,0,-4,-1,-4,-2,-6,-4,-6,-5,41,4,-5,-10,-4,-12,-3,-14,-1,-16,0,-18,2,-19,0,0,7,-21,9,-21,10,-22,12,-22,13,-21,13,-20,-4,0,12,-18,10,-16,8,-14,6,-12,3,-9,0,-7,-2,-5,-4,-3,-6,-1,-8,0,-9,2,-10,3,-12,4,27,10,-15,7,-16,8,-16,7,-15,7,-14,6,-12,4,-9,3,-5,0,-4,0,-4,1,-5,4,-2,8,3,10,10,6,23,2,8,-12,-3,-14,-14,-8,-16,4,-8,15,4,17,16,9,18,-5,10,-16,-4,-18,-15,-10,-16,2,-10,10,-6,4,5,8,7,3,6,0,4,-1,4,-2,4,-4,0,0,-2,-8,-8,-6,-11,0,-10,6,-5,13,4,14,25,-9,16,1,14,-9,4,-17,-7,-16,-16,-8,-17,5,-9,15,3,17,14,9,16,-4,8,-14,-4,-15,-14,-6,-27,12,-2,13,8,8,11,-2,2,-10,-8,-8,-12,2,-6,11]"
CSI_DATA,114443,d8:b1:90:d9:de:f0,-59,11,-99,-38,61,56,1708278125,100,0,228,0,"[12,11,13,12,14,12,13,12,12,11,11,9,10,8,64,-4,8,5,6,4,5,3,4,2,2,1,2,1,0,0,0,0,-1,0,-2,-1,-3,-2,-4,-4,-4,-6,41,4,-4,-10,-3,-12,-2,-14,-1,-16,0,-17,2,-18,0,0,4,-20,6,-22,8,-22,8,-22,9,-22,9,-22,-54,0,7,-20,6,-18,4,-15,2,-12,0,-10,-2,-8,-4,-5,-6,-2,-7,0,-8,2,-8,4,-10,6,-10,8,45,10,-12,12,-12,12,-12,13,-11,12,-10,11,-8,8,-7,6,-4,-2,-4,0,-4,0,-6,2,-4,6,0,10,8,8,23,6,9,-10,0,-15,-12,-10,-16,2,-10,14,3,18,15,10,18,-4,10,-15,-3,-18,-14,-10,-16,2,-10,11,-4,4,6,8,7,2,5,0,3,-1,4,-2,3,-4,0,0,-2,-8,-8,-5,-11,0,-9,7,-3,12,5,13,22,-13,16,-2,11,-12,1,-16,-10,-14,-17,-3,-14,10,-4,17,8,14,16,4,14,-9,2,-16,-10,-12,-15,0,-20,21,3,13,12,4,10,-8,-2,-12,-11,-4,-10,7,0,13]"
CSI_DATA,114444,d8:b1:90:d9:de:f0,-59,11,-99,-37,61,56,1708289842,100,0,228,0,"[-16,-5,-16,-6,-17,-6,-16,-6,-15,-5,-14,-5,-12,-3,62,-4,-9,-2,-7,-1,-5,-1,-4,-1,-2,0,-1,0,0,0,0,0,1,0,3,0,4,1,4,3,5,5,40,3,5,9,4,11,3,13,1,15,0,17,-1,18,0,0,-5,20,-7,21,-9,21,-11,22,-11,21,-11,20,29,9,-10,18,-9,16,-7,14,-4,12,-1,9,0,7,2,5,4,3,5,1,8,0,9,-1,11,-3,12,-4,-27,0,14,-6,15,-7,15,-7,14,-7,13,-5,11,-4,9,-3,4,0,3,0,3,-1,4,-3,2,-7,-3,-9,-10,-4,-22,0,-6,12,4,14,14,7,15,-5,7,-15,-6,-16,-16,-7,-17,7,-7,16,5,17,15,8,16,-3,9,-11,5,-4,-5,-7,-7,-2,-5,0,-3,1,-3,1,-3,4,0,0,2,7,8,5,10,0,10,-7,4,-12,-3,-13,-24,10,-15,0,-12,9,-3,16,7,15,16,7,16,-5,8,-14,-4,-16,-14,-9,-16,4,-7,14,4,14,14,5,26,-12,1,-12,-9,-9,-11,3,-2,11,8,8,12,-1,5,-11]"
CSI_DATA,114445,d8:b1:90:d9:de:f0,-59,11,-99,-37,61,56,1708300217,100,0,228,0,"[14,-9,16,-9,16,-9,15,-9,14,-9,12,-8,10,-7,62,-4,6,-5,5,-4,4,-3,3,-3,1,-1,1,-1,0,0,0,0,-1,1,-2,2,-3,3,-5,2,-7,2,40,3,-10,0,-12,0,-13,-3,-14,-5,-14,-7,-15,-9,0,0,-16,-13,-16,-16,-16,-17,-15,-18,-15,-18,-14,-18,2,9,-13,-16,-12,-14,-11,-11,-10,-8,-9,-5,-7,-2,-6,0,-5,3,-3,5,-2,8,-1,9,0,12,1,13,17,0,3,16,3,17,3,16,3,16,3,14,2,12,1,9,-2,3,-1,3,-1,3,0,5,4,6,9,2,10,-5,12,-19,-7,-12,-14,-3,-13,8,-3,16,9,14,17,3,14,-10,3,-18,-10,-15,-18,-3,-14,9,-3,15,6,12,1,6,9,-1,5,-5,2,-5,0,-4,0,-4,-2,-5,0,0,-8,0,-8,5,-4,9,2,11,9,7,14,0,-1,-25,5,-14,-4,-14,-12,-9,-16,1,-12,12,0,17,11,12,17,1,12,-11,0,-16,-11,-11,-15,0,-9,12,5,29,12,5,11,-7,0,-12,-10,-5,-10,6,0,12,9,8]"
CSI_DATA,114446,d8:b1:90:d9:de:f0,-59,11,-99,-35,60,56,1708310443,100,0,228,0,"[17,-4,19,-4,19,-4,17,-4,17,-5,15,-5,13,-4,66,-4,8,-4,7,-3,5,-3,4,-2,2,-1,2,0,1,0,0,0,-1,1,-2,2,-4,2,-6,2,-7,2,42,4,-11,0,-13,-2,-14,-4,-15,-6,-15,-8,-15,-11,0,0,-17,-15,-17,-17,-18,-17,-18,-19,-17,-19,-17,-19,-7,9,-15,-16,-14,-13,-13,-11,-12,-8,-10,-4,-8,-1,-6,2,-5,4,-2,6,0,8,0,10,2,12,4,13,45,0,7,16,8,16,8,16,8,15,7,13,6,12,4,9,-4,3,-2,2,-2,4,-1,6,3,8,9,4,11,-2,17,-16,-4,-14,-14,-6,-15,5,-7,16,7,17,17,6,17,-8,6,-18,-8,-17,-18,-6,-17,7,-6,16,5,14,1,7,10,-2,5,-5,2,-5,0,-4,0,-4,-2,-6,0,0,-8,0,-8,5,-4,10,4,13,11,8,15,0,-3,-27,4,-15,-6,-15,-15,-8,-17,3,-10,15,2,17,13,11,18,-1,11,-13,-2,-17,-14,-8,-15,4,-6,15,13,28,13,2,8,-10,-4,-11,-11,-2,-8,9,3,13,12,5]"
CSI_DATA,114447,d8:b1:90:d9:de:f0,-59,11,-99,-38,61,56,1708322499,100,0,228,0,"[8,-16,8,-16,9,-16,9,-16,8,-15,7,-14,6,-11,64,-4,4,-8,3,-6,2,-5,2,-4,1,-2,1,-1,1,0,0,1,0,2,-1,4,-2,4,-4,5,-6,5,41,4,-10,4,-12,3,-14,0,-16,0,-17,-2,-18,-5,0,0,-19,-10,-20,-12,-20,-14,-20,-16,-19,-17,-18,-16,-5,9,-15,-15,-14,-13,-12,-11,-11,-8,-9,-4,-8,-2,-6,1,-4,3,-3,5,-2,8,0,10,0,12,1,13,4,0,3,16,4,18,4,18,3,16,2,15,2,12,0,10,0,4,0,4,1,4,3,5,8,4,10,-2,6,-10,2,-23,-12,-8,-15,2,-9,13,3,16,15,10,18,-4,10,-16,-4,-18,-16,-11,-18,2,-12,14,0,16,10,11,4,7,8,-4,4,-6,1,-5,0,-5,-2,-5,-4,-4,0,0,-8,2,-6,7,-1,11,6,11,12,6,14,-2,-6,-26,3,-16,-6,-15,-15,-7,-17,4,-11,14,1,18,13,12,18,0,12,-12,0,-16,-12,-11,-16,1,-10,12,6,29,12,6,11,-6,0,-12,-9,-6,-10,6,-2,12,9,8]"
CSI_DATA,114448,d8:b1:90:d9:de:f0,-59,11,-99,-39,61,56,1708332878,100,0,228,0,"[-8,15,-10,16,-10,16,-10,15,-8,14,-8,13,-6,11,66,-4,-4,8,-2,6,-2,5,-2,4,-1,3,-1,1,0,0,0,0,0,-2,1,-2,2,-4,4,-4,6,-5,42,4,10,-4,12,-4,14,-2,16,-1,17,0,19,2,0,0,22,6,22,8,23,10,22,11,22,13,22,13,55,0,19,11,17,9,15,6,13,4,10,2,8,0,5,-2,4,-4,1,-6,0,-8,-2,-10,-4,-11,-6,-13,-57,10,-8,-14,-8,-15,-9,-15,-8,-15,-7,-13,-6,-11,-4,-9,1,-4,0,-4,0,-4,-3,-5,-8,-4,-11,2,-6,10,-2,24,13,8,15,-2,8,-14,-4,-17,-15,-9,-18,4,-10,17,4,19,17,10,18,-4,10,-15,-2,-17,-11,-10,-4,-5,-8,6,-2,7,0,5,1,4,2,4,4,4,0,0,8,-3,6,-8,0,-11,-7,-11,-13,-4,-13,4,11,24,0,16,11,13,17,3,16,-8,6,-17,-6,-17,-16,-8,-16,5,-8,15,5,16,15,6,14,-6,4,-15,-15,-26,-13,0,-8,10,4,11,11,2,7,-9,-3,-11,-12,-4]"
CSI_DATA,114449,d8:b1:90:d9:de:f0,-59,11,-99,-38,61,56,1708343801,100,0,228,0,"[6,16,6,17,6,18,6,16,6,16,5,14,4,12,64,-4,4,8,4,6,3,5,2,4,1,2,1,2,0,0,0,0,-1,-1,0,-3,0,-4,0,-6,0,-8,41,4,3,-10,5,-11,7,-12,9,-12,12,-12,14,-12,0,0,18,-11,20,-10,22,-10,23,-8,24,-8,23,-8,82,0,20,-6,18,-6,15,-6,12,-6,8,-6,5,-6,2,-6,0,-6,-3,-6,-6,-6,-8,-5,-10,-4,-12,-4,34,10,-16,-4,-16,-4,-17,-4,-16,-4,-14,-4,-12,-4,-10,-3,-2,-3,-2,-2,-3,-2,-6,-1,-7,3,-4,9,3,12,16,17,14,-4,7,-13,-4,-16,-14,-7,-16,5,-8,16,6,18,17,8,18,-6,8,-17,-5,-17,-14,-8,-14,3,-6,1,0,10,4,6,4,2,3,1,4,1,5,0,0,0,3,-7,-1,-9,-8,-7,-12,-2,-12,6,-6,12,24,7,11,10,16,1,14,-9,4,-16,-8,-16,-16,-6,-16,6,-7,15,6,16,15,6,14,-6,4,-14,-8,-13,-29,-6,-10,10,2,12,11,4,9,-7,-1,-12,-11,-6,-12,5]"
CSI_DATA,114450,d8:b1:90:d9:de:f0,-59,11,-99,-36,60,56,1708353967,100,0,228,0,"[-16,7,-17,7,-18,7,-17,7,-15,7,-14,7,-12,7,67,-4,-7,5,-7,4,-5,3,-4,3,-2,2,-2,1,-1,0,0,0,1,0,2,-1,4,-2,6,-2,7,-2,43,4,12,0,13,1,14,3,16,4,16,7,17,9,0,0,19,13,19,14,19,16,19,17,19,17,19,17,37,0,16,14,15,13,14,9,12,7,10,4,9,1,6,-2,4,-4,2,-6,1,-8,0,-10,-2,-12,-4,-13,-56,10,-7,-15,-7,-16,-8,-16,-7,-15,-7,-14,-5,-12,-4,-9,4,-2,2,-3,2,-4,0,-7,-4,-8,-11,-3,-12,5,-14,19,7,13,15,4,15,-8,4,-16,-9,-16,-18,-4,-16,10,-3,19,12,16,19,3,16,-10,3,-16,-7,-14,-2,-6,-9,3,-4,6,0,4,0,4,0,4,2,4,0,0,8,0,8,-4,4,-10,-4,-12,-11,-8,-15,0,4,27,-3,16,7,16,16,7,17,-4,9,-15,-4,-18,-15,-10,-18,3,-9,14,4,17,14,8,14,-5,5,-14,-13,-27,-14,-1,-8,10,4,12,12,2,8,-9,-3,-12,-12,-4]"
CSI_DATA,114451,d8:b1:90:d9:de:f0,-59,11,-99,-35,60,56,1708364132,100,0,228,0,"[-17,-4,-18,-4,-19,-4,-17,-3,-17,-3,-15,-2,-13,-1,66,-4,-9,0,-7,0,-6,0,-4,0,-2,0,-1,0,0,0,0,0,2,-1,4,-1,5,-1,6,-1,8,0,42,4,11,2,11,4,12,6,13,8,13,11,13,13,0,0,13,17,13,19,13,20,13,22,13,22,13,22,-60,0,11,19,11,15,11,13,9,9,8,6,7,2,6,0,4,-3,3,-5,1,-8,0,-10,-2,-11,-4,-13,-27,10,-6,-15,-8,-16,-8,-15,-8,-15,-8,-13,-6,-11,-4,-8,4,0,3,-2,3,-2,4,-4,1,-8,-5,-8,-12,-2,-22,6,-2,14,9,12,16,1,12,-12,0,-18,-14,-12,-19,2,-11,15,2,19,15,12,18,-2,11,-13,0,-15,2,-8,-10,-2,-6,3,-4,4,-2,4,-1,5,1,6,0,0,8,2,9,-4,5,-10,-1,-13,-9,-10,-15,-2,0,28,-6,15,4,16,14,9,17,-1,11,-13,0,-17,-12,-12,-17,0,-12,12,1,17,13,10,15,-2,8,-13,-11,-28,-13,-3,-9,8,3,11,11,2,7,-8,-3,-12,-12,-4]"
CSI_DATA,114452,d8:b1:90:d9:de:f0,-58,11,-99,-36,60,56,1708374258,100,0,228,0,"[-14,-11,-15,-12,-15,-12,-14,-12,-13,-12,-12,-10,-10,-9,67,-4,-7,-6,-5,-4,-4,-4,-3,-3,-2,-2,-1,-1,0,0,1,0,2,1,3,2,4,4,4,5,3,7,43,4,1,12,0,14,-2,14,-5,16,-7,16,-11,16,0,0,-16,16,-19,16,-20,15,-23,14,-23,13,-23,12,-72,9,-21,9,-18,9,-15,8,-11,7,-8,7,-4,5,-2,5,1,5,4,4,7,4,9,4,12,4,14,4,-29,0,17,3,18,4,19,4,17,4,16,4,13,4,9,4,4,1,4,0,4,0,6,-2,4,-7,-1,-11,-9,-9,-24,-7,-11,11,0,16,12,12,18,0,13,-13,0,-19,-14,-14,-20,0,-15,13,-2,20,12,15,17,4,14,-7,8,-2,-2,-10,-5,-6,-5,-3,-4,-1,-5,0,-6,2,0,0,-1,9,4,9,11,6,14,-1,11,-9,3,-15,-29,-4,-14,-8,-17,2,-13,13,-2,19,11,15,18,4,16,-8,6,-16,-7,-16,-16,-6,-15,7,-5,15,8,14,30,7,10,-9,-1,-12,-11,-4,-9,7,1,12,11,5,12,-5]"
CSI_DATA,114453,d8:b1:90:d9:de:f0,-59,11,-99,-36,60,56,1708386788,100,0,228,0,"[-12,-14,-12,-15,-12,-15,-12,-14,-12,-13,-11,-12,-9,-9,67,-4,-7,-6,-6,-4,-4,-3,-4,-2,-2,-2,-1,0,0,0,1,0,2,1,3,2,4,4,4,4,4,7,43,4,2,11,1,12,0,14,-1,16,-3,16,-5,19,0,0,-10,19,-12,20,-13,20,-15,21,-16,21,-16,19,-8,9,-14,17,-11,16,-9,14,-5,13,-2,10,0,8,2,6,4,4,6,2,9,0,10,-1,12,-2,14,-5,-34,0,15,-7,16,-9,16,-9,15,-9,14,-8,12,-6,9,-5,4,2,3,0,3,0,5,0,6,-4,0,-10,-7,-9,-24,-9,-12,9,-2,16,11,12,17,0,13,-12,0,-19,-14,-13,-19,0,-14,14,0,19,13,14,16,0,12,-9,6,-4,-4,-9,-6,-4,-4,0,-4,0,-4,1,-5,4,0,0,1,9,7,7,12,2,11,-5,6,-12,-2,-14,-26,8,-16,-2,-14,8,-5,16,7,16,16,8,17,-4,9,-15,-3,-18,-15,-9,-16,4,-8,15,5,16,15,5,28,-14,1,-14,-10,-8,-12,3,-2,12,9,8,12,-3,4,-13]"
CSI_DATA,114454,d8:b1:90:d9:de:f0,-60,11,-99,-36,61,56,1708398079,100,0,228,0,"[0,16,2,17,4,17,7,15,8,13,9,10,9,7,60,-4,8,3,6,1,5,0,4,0,3,0,1,0,0,0,0,1,-1,1,-1,3,-1,5,-2,5,-3,6,39,3,-4,9,-5,10,-5,11,-6,13,-6,15,-6,16,0,0,-5,20,-3,21,-2,22,0,23,1,23,5,22,-60,0,9,18,11,13,11,10,10,6,9,1,6,-1,3,-3,1,-5,-2,-5,-5,-5,-8,-3,-11,-1,-12,0,35,9,-13,6,-13,9,-11,11,-9,12,-7,11,-5,10,-3,8,-1,-4,-2,-2,-3,-1,-5,0,-6,5,0,10,8,7,21,3,5,-11,-6,-13,-15,-1,-11,11,2,16,15,7,15,-8,3,-17,-12,-13,-17,1,-9,13,3,15,12,6,6,4,3,-8,-1,-6,-3,-3,-4,-1,-5,0,-5,3,0,0,3,7,9,4,10,-3,5,-11,-3,-12,-12,-6,-6,25,-6,13,5,15,15,6,15,-6,5,-16,-8,-14,-16,-1,-11,11,2,15,13,7,13,-6,1,-14,-10,-9,-26,8,-1,12,9,6,9,-5,-1,-10,-10,-1,-6,9,5,10]"
CSI_DATA,114455,d8:b1:90:d9:de:f0,-59,11,-99,-36,60,56,1708409046,100,0,228,0,"[-16,-7,-17,-9,-17,-9,-17,-8,-16,-8,-14,-7,-12,-4,67,-4,-9,-3,-7,-2,-5,-2,-4,-1,-2,0,-1,0,0,0,1,0,2,0,3,2,4,2,5,4,5,6,43,4,4,10,3,12,2,14,0,16,-1,17,-2,19,0,0,-7,21,-9,21,-11,22,-13,22,-14,22,-14,21,21,10,-12,19,-11,16,-9,15,-6,12,-3,10,0,8,2,7,4,4,7,2,9,1,10,-1,12,-2,14,-3,-28,0,16,-6,16,-7,16,-7,16,-7,14,-6,12,-4,9,-2,4,0,4,-1,4,-1,4,-2,3,-7,-2,-9,-10,-7,-24,-1,-7,13,3,15,14,9,16,-4,9,-16,-4,-18,-17,-9,-19,5,-9,17,4,19,16,9,16,-2,9,-12,4,-5,-6,-8,-7,-2,-4,0,-4,0,-4,2,-4,4,0,0,2,9,8,6,12,0,11,-7,5,-12,-3,-14,-25,10,-16,0,-14,9,-4,16,6,16,16,8,17,-4,9,-15,-3,-17,-14,-10,-17,3,-9,15,4,16,14,7,29,-12,2,-14,-9,-9,-12,2,-3,12,8,9,13,-1,7,-12]"
CSI_DATA,114456,d8:b1:90:d9:de:f0,-59,11,-99,-39,61,56,1708420733,100,0,228,0,"[-17,-1,-19,-2,-19,-2,-18,-3,-17,-3,-15,-2,-13,-2,66,-4,-9,-1,-7,0,-6,0,-4,0,-2,0,-1,0,0,0,1,0,2,0,3,1,4,2,5,4,5,6,42,4,4,10,3,12,2,14,0,16,-2,17,-4,19,0,0,-10,19,-12,20,-14,20,-16,20,-17,19,-18,17,-41,9,-16,15,-14,13,-12,12,-8,11,-6,9,-2,7,0,6,3,5,5,4,7,3,9,2,12,2,13,2,-30,0,17,1,17,1,18,1,17,1,15,2,13,2,10,2,4,-1,3,-2,4,-2,4,-5,0,-8,-5,-8,-12,-4,-24,4,-5,14,6,14,15,6,15,-7,6,-17,-8,-17,-18,-6,-18,7,-8,18,6,18,16,8,17,-3,8,-12,6,-4,-6,-8,-6,-3,-5,0,-4,0,-4,1,-4,4,0,0,2,9,7,7,11,2,12,-4,7,-12,0,-14,-26,4,-15,-4,-15,6,-8,15,2,17,13,12,18,0,13,-12,2,-17,-10,-14,-17,-2,-13,11,-1,16,11,11,31,1,8,-11,-4,-12,-12,-3,-8,8,2,12,12,4,11,-6]"
CSI_DATA,114457,d8:b1:90:d9:de:f0,-59,11,-99,-37,61,56,1708430935,100,0,228,0,"[-17,1,-18,0,-19,0,-18,0,-16,0,-14,0,-12,0,62,-4,-8,0,-7,0,-5,0,-3,0,-1,0,-1,0,0,-1,1,-1,3,-1,4,-1,6,0,7,1,8,1,40,3,9,5,9,8,8,11,7,13,6,15,5,18,0,0,1,22,0,22,-1,24,-3,24,-5,24,-5,24,-60,9,-5,20,-4,18,-3,15,-1,12,0,10,1,7,3,5,5,2,5,0,7,-2,8,-4,9,-6,10,-9,-53,0,12,-11,12,-12,12,-12,12,-11,11,-9,9,-7,7,-5,4,-2,3,-2,2,-3,2,-5,-1,-8,-7,-7,-11,0,-20,9,0,14,10,11,16,0,12,-11,1,-17,-11,-13,-18,-1,-14,12,-1,18,11,14,17,2,13,-9,4,-13,4,-7,-8,-5,-7,0,-5,1,-4,2,-3,4,-2,7,0,0,6,6,10,2,11,-4,6,-11,-1,-13,-9,-11,-20,19,-14,5,-9,13,1,16,11,12,17,2,14,-9,4,-16,-8,-15,-16,-4,-14,8,-3,15,9,12,15,3,22,-19,0,-12,-10,-6,-10,5,0,11,9,5,11,-5,2,-12]"
CSI_DATA,114458,d8:b1:90:d9:de:f0,-59,11,-99,-39,61,56,1708441914,100,0,228,0,"[13,12,13,13,13,13,13,13,11,12,11,11,8,9,66,-4,6,6,5,4,4,4,2,2,2,2,0,1,0,0,-1,0,-2,-1,-2,-2,-2,-4,-2,-6,-2,-8,42,4,0,-11,2,-13,4,-13,6,-15,9,-15,12,-15,0,0,17,-15,18,-14,21,-13,22,-12,24,-12,23,-11,61,0,19,-8,17,-8,15,-7,12,-7,8,-6,5,-6,2,-6,-1,-5,-4,-5,-6,-5,-8,-4,-11,-4,-13,-4,24,10,-16,-4,-17,-4,-17,-4,-16,-4,-15,-4,-11,-4,-9,-4,-4,-2,-4,0,-4,0,-6,2,-6,6,0,11,8,10,23,10,12,-9,2,-15,-10,-13,-17,-2,-14,11,-2,18,11,15,19,2,16,-11,3,-19,-10,-16,-16,-4,-13,6,-6,2,2,10,4,6,5,2,4,1,4,0,5,-1,0,0,2,-8,-3,-9,-10,-6,-12,0,-11,8,-4,14,27,5,13,9,17,0,13,-11,3,-17,-8,-16,-17,-6,-17,7,-6,16,6,16,15,6,15,-6,5,-15,-7,-13,-29,-7,-10,8,1,12,11,5,9,-6,0,-12,-11,-6,-12,4]"
CSI_DATA,114459,d8:b1:90:d9:de:f0,-59,11,-99,-36,60,56,1708452048,100,0,228,0,"[-5,-17,-5,-19,-4,-19,-4,-18,-4,-16,-4,-14,-3,-12,67,-4,-2,-8,-2,-6,-2,-4,-1,-4,0,-2,0,-1,1,0,2,0,2,2,2,3,2,5,2,7,1,9,43,4,-2,11,-4,12,-6,13,-8,14,-11,14,-14,14,0,0,-18,13,-21,12,-23,12,-24,10,-24,9,-24,9,87,9,-21,7,-19,7,-15,6,-12,6,-8,6,-4,6,-1,5,0,4,4,4,7,3,9,3,11,2,13,2,-32,0,16,0,17,0,18,0,16,0,15,1,12,1,10,1,3,4,3,2,4,2,6,0,8,-3,5,-9,-2,-12,-16,-18,-14,4,-8,14,4,16,15,8,17,-5,8,-16,-6,-19,-17,-9,-19,6,-9,16,4,18,14,9,14,-1,9,1,1,-10,-2,-7,-4,-4,-4,-2,-5,-1,-7,2,0,0,-2,9,4,9,9,7,13,0,11,-8,4,-14,-28,-6,-13,-9,-17,0,-13,12,-2,18,9,16,17,5,16,-7,6,-16,-7,-16,-16,-6,-14,7,-4,15,9,13,31,2,9,-9,-2,-12,-11,-3,-7,7,3,11,11,3,10,-7]"
CSI_DATA,114460,d8:b1:90:d9:de:f0,-59,11,-99,-36,60,56,1708462697,100,0,228,0,"[2,19,2,20,2,19,2,18,2,17,2,15,2,13,67,-4,2,9,2,7,2,5,1,4,0,2,0,1,0,0,0,0,0,-2,0,-3,0,-4,0,-7,0,-8,43,4,4,-10,5,-11,8,-12,10,-12,13,-12,15,-11,0,0,20,-10,21,-10,23,-9,24,-9,24,-8,24,-7,-78,0,21,-7,18,-7,16,-7,12,-7,9,-7,4,-7,2,-6,-1,-6,-4,-5,-7,-4,-9,-4,-12,-4,-13,-3,36,10,-16,-2,-18,-1,-18,0,-17,0,-15,0,-13,-1,-10,-1,-2,-4,-2,-2,-2,-2,-5,-2,-8,2,-7,7,0,13,13,21,15,0,10,-12,-1,-16,-14,-10,-19,3,-10,16,4,19,16,10,19,-4,11,-16,-2,-18,-14,-10,-15,1,-7,0,-1,9,3,7,4,3,4,2,4,2,5,0,0,0,3,-8,-1,-9,-8,-7,-12,-2,-12,6,-5,13,26,8,12,10,16,1,14,-10,4,-17,-8,-16,-16,-6,-16,7,-7,16,6,16,16,6,15,-7,4,-16,-9,-13,-31,-4,-9,10,3,12,12,3,8,-9,-2,-12,-12,-4,-11,7]"
CSI_DATA,114461,d8:b1:90:d9:de:f0,-59,11,-99,-35,60,56,1708473225,100,0,228,0,"[19,-1,19,0,20,0,19,-1,17,-2,15,-2,13,-2,66,-4,9,-2,7,-2,6,-2,4,-1,2,-1,1,0,0,0,0,0,-2,0,-3,1,-5,1,-6,0,-8,0,42,4,-11,-2,-11,-4,-12,-7,-13,-9,-13,-12,-13,-14,0,0,-12,-18,-12,-21,-12,-22,-11,-23,-11,-23,-11,-23,27,10,-10,-20,-9,-17,-9,-14,-8,-11,-8,-7,-7,-4,-6,0,-6,2,-4,5,-4,8,-2,10,-1,12,0,14,15,0,2,17,2,18,3,17,3,17,2,15,2,13,2,10,-4,2,-2,2,-3,2,-3,5,1,8,8,7,13,0,22,-12,0,-15,-12,-11,-17,2,-11,14,2,18,15,11,19,-4,10,-17,-4,-19,-16,-10,-18,4,-9,14,2,15,0,7,10,0,6,-3,3,-4,1,-3,1,-4,0,-6,0,0,-8,-2,-10,2,-6,9,0,13,8,11,14,4,4,-26,8,-13,-1,-17,-12,-13,-17,-2,-15,11,-3,18,10,15,17,4,15,-10,2,-17,-11,-13,-17,0,-11,11,3,31,13,6,12,-6,0,-13,-11,-6,-11,6,-1,13,10,8]"
CSI_DATA,114462,d8:b1:90:d9:de:f0,-59,11,-99,-38,61,56,1708483280,100,0,228,0,"[-16,-6,-17,-8,-17,-8,-16,-8,-15,-7,-14,-6,-11,-6,64,-4,-8,-4,-6,-2,-5,-2,-4,-2,-2,0,-2,0,0,0,0,0,1,1,2,2,2,4,3,5,2,7,41,4,0,10,-2,12,-4,13,-6,14,-8,14,-12,15,0,0,-16,14,-19,13,-20,12,-22,11,-22,10,-23,9,-72,9,-20,7,-18,6,-15,6,-12,6,-9,6,-6,6,-3,6,0,6,2,6,4,6,7,7,9,8,11,8,-49,0,14,8,14,9,15,8,14,9,12,8,10,7,7,6,4,0,3,0,4,0,5,-2,4,-7,-2,-10,-10,-7,-24,-3,-9,12,2,15,12,10,17,-1,11,-13,-1,-18,-14,-12,-19,1,-13,14,0,18,12,13,16,2,12,-8,4,-2,-3,-9,-6,-4,-4,0,-4,0,-4,0,-4,1,0,0,-2,8,3,9,8,6,11,0,10,-6,5,-12,-25,-6,-11,-10,-16,-1,-14,8,-6,16,6,16,16,8,17,-4,9,-14,-3,-17,-14,-9,-16,4,-8,14,4,15,27,14,12,-6,2,-12,-9,-8,-12,3,-4,12,8,10,13,0]"
CSI_DATA,114463,d8:b1:90:d9:de:f0,-58,11,-99,-36,60,56,1708493709,100,0,228,0,"[-16,8,-18,8,-18,8,-17,7,-16,7,-14,6,-12,5,67,-4,-9,4,-7,4,-5,2,-4,2,-2,2,-2,0,-1,0,0,0,1,0,2,0,4,0,6,1,7,1,43,4,9,5,10,8,10,10,9,13,9,15,8,18,0,0,5,22,3,24,2,26,0,26,0,26,-1,26,-22,10,-2,23,0,20,0,16,0,14,2,11,4,7,5,4,7,2,7,0,8,-2,9,-4,10,-7,11,-8,-55,0,13,-12,14,-12,14,-12,13,-11,12,-9,11,-7,9,-5,3,-3,2,-2,2,-4,0,-7,-3,-8,-10,-4,-12,3,-18,17,3,14,14,8,16,-4,8,-15,-4,-18,-16,-9,-19,5,-10,18,4,19,16,11,19,-2,11,-14,0,-16,0,-5,-10,-2,-7,3,-3,3,-2,3,-2,3,0,5,0,0,6,5,9,1,9,-4,6,-11,-2,-13,-10,-10,-17,21,-15,7,-8,15,3,17,13,12,19,0,14,-12,2,-18,-10,-14,-17,-2,-14,10,-2,17,11,12,16,0,22,-21,-2,-14,-12,-6,-10,6,0,12,11,7,12,-4,4,-13]"
CSI_DATA,114464,d8:b1:90:d9:de:f0,-58,11,-99,-35,60,56,1708505339,100,0,228,0,"[11,-15,12,-16,12,-16,11,-15,10,-15,8,-13,6,-12,66,-4,4,-8,2,-6,2,-5,1,-3,1,-2,1,0,1,0,0,2,0,3,0,4,0,5,-2,7,-3,8,42,4,-6,8,-9,8,-12,8,-14,7,-16,6,-18,5,0,0,-22,3,-24,2,-25,0,-26,0,-26,0,-26,0,70,9,-22,0,-20,1,-17,2,-13,3,-10,4,-6,4,-2,5,0,5,3,6,6,5,8,5,11,4,13,4,-30,0,17,2,18,1,19,1,17,0,15,0,13,1,10,0,0,4,0,4,0,4,2,6,8,4,11,-2,8,-11,2,-24,-13,-8,-15,4,-8,15,5,17,17,8,17,-7,7,-18,-8,-18,-19,-7,-17,8,-6,17,6,16,13,6,6,5,6,-8,1,-8,-1,-6,-3,-5,-4,-4,-6,-2,0,0,-6,8,0,11,6,10,12,4,13,-3,9,-11,-24,-14,-9,-13,-16,-4,-16,6,-8,15,4,17,15,10,18,-3,10,-15,-3,-17,-15,-9,-16,4,-6,15,7,14,31,6,11,-8,-1,-13,-11,-4,-8,7,2,11,12,4,10,-7]"
CSI_DATA,114465,d8:b1:90:d9:de:f0,-59,11,-99,-38,61,56,1708516365,100,0,228,0,"[4,-18,4,-19,4,-19,4,-18,3,-17,2,-15,1,-13,64,-4,0,-9,0,-7,0,-5,0,-4,0,-2,0,-1,0,0,1,1,1,2,0,4,0,5,0,7,-1,8,41,4,-4,10,-6,10,-8,10,-10,10,-13,10,-15,10,0,0,-20,8,-22,8,-23,8,-24,8,-24,7,-24,6,82,9,-20,6,-18,7,-15,7,-12,7,-8,7,-4,7,-1,6,2,6,4,5,7,4,10,3,12,2,14,1,-17,0,17,-1,18,-2,18,-2,16,-2,15,-2,12,-2,10,-1,2,4,2,3,2,3,4,4,8,1,9,-5,3,-12,-6,-23,-14,-3,-13,8,-2,16,10,14,18,1,14,-12,0,-19,-13,-14,-19,0,-13,13,0,18,11,12,14,1,8,2,3,-9,-1,-7,-3,-4,-4,-3,-5,-2,-6,0,0,0,-4,8,2,10,8,7,12,1,11,-7,5,-12,-26,-7,-11,-9,-15,0,-13,10,-4,16,8,15,16,5,16,-7,6,-16,-8,-16,-16,-4,-14,8,-2,16,10,12,31,0,8,-12,-4,-12,-12,-1,-6,9,5,11,13,2,9,-9]"
CSI_DATA,114466,d8:b1:90:d9:de:f0,-59,11,-99,-38,61,56,1708527500,100,0,228,0,"[17,1,18,1,18,1,18,1,16,0,15,0,13,0,64,-4,9,-1,7,-1,6,-1,4,-1,3,0,2,0,1,0,0,0,-2,0,-3,0,-4,0,-6,0,-7,-2,41,4,-9,-5,-9,-7,-10,-9,-10,-11,-10,-13,-10,-16,0,0,-8,-19,-8,-21,-8,-22,-7,-23,-7,-24,-6,-23,-81,10,-6,-20,-6,-18,-6,-14,-6,-12,-7,-8,-6,-4,-6,-2,-6,1,-6,4,-5,6,-4,9,-4,11,-3,13,-32,10,-2,16,-1,17,-1,17,0,17,0,15,0,12,-1,10,-4,1,-3,2,-4,2,-4,5,0,8,6,8,12,1,22,-9,1,-14,-10,-11,-16,0,-12,12,0,18,14,12,18,-1,12,-14,-2,-19,-14,-12,-18,1,-11,12,0,14,0,6,10,2,6,-3,3,-4,1,-3,1,-3,0,-4,0,0,-7,-4,-9,0,-8,7,-2,11,5,12,12,6,8,-24,10,-11,1,-16,-9,-14,-16,-4,-15,8,-6,16,7,16,16,6,16,-7,5,-15,-8,-14,-15,-3,-12,9,-2,30,11,8,12,-3,3,-12,-8,-8,-12,2,-4,12,8,10]"
CSI_DATA,114467,d8:b1:90:d9:de:f0,-59,11,-99,-35,60,56,1708538335,100,0,228,0,"[3,-19,3,-20,3,-20,3,-19,2,-17,2,-16,1,-13,66,-4,0,-9,0,-7,0,-6,0,-4,0,-2,0,-1,0,0,1,1,1,3,1,4,1,5,0,7,0,8,42,4,-4,10,-6,11,-9,11,-11,11,-14,10,-17,10,0,0,-21,8,-23,6,-24,6,-26,5,-26,4,-26,4,74,9,-22,4,-19,4,-16,4,-13,5,-9,5,-5,5,-2,6,0,5,4,5,6,4,9,4,11,4,14,3,-24,0,17,2,18,1,19,0,17,0,16,0,13,0,10,0,1,4,2,3,2,3,4,4,8,0,8,-6,2,-13,-7,-24,-15,-2,-13,9,-2,16,11,13,18,1,14,-13,0,-19,-14,-14,-20,0,-14,13,0,19,11,13,15,2,8,3,4,-9,0,-8,-2,-5,-4,-4,-5,-2,-7,0,0,0,-4,8,2,11,8,8,13,2,13,-6,6,-13,-26,-11,-11,-11,-16,-2,-15,8,-5,17,6,17,16,8,17,-5,8,-15,-5,-17,-15,-7,-16,6,-5,15,7,14,31,4,11,-9,-2,-12,-11,-4,-8,7,2,11,12,4,11,-7]"
CSI_DATA,114468,d8:b1:90:d9:de:f0,-59,11,-99,-36,60,56,1708549300,100,0,228,0,"[0,-19,0,-20,0,-20,0,-19,0,-18,0,-16,0,-13,67,-4,0,-9,-1,-7,-1,-5,0,-4,0,-2,0,-1,1,0,1,0,1,2,2,4,1,5,0,7,0,9,43,4,-3,10,-5,12,-8,12,-10,12,-13,12,-15,11,0,0,-20,9,-22,9,-24,8,-25,7,-26,7,-25,6,80,9,-22,5,-19,5,-16,5,-13,5,-9,6,-4,6,-2,6,1,5,4,4,7,4,9,4,12,3,14,2,-24,0,17,0,19,0,19,0,17,0,15,0,13,0,10,0,2,4,2,3,2,3,5,2,9,0,8,-7,1,-12,-9,-22,-15,0,-12,11,0,16,12,12,18,0,12,-14,-1,-19,-15,-12,-20,2,-12,14,0,19,12,12,14,1,9,2,2,-10,-1,-8,-3,-5,-4,-3,-6,-2,-7,0,0,0,-4,9,2,10,9,7,13,0,12,-7,5,-13,-27,-9,-12,-10,-16,-1,-14,9,-4,16,7,16,16,7,17,-6,7,-16,-5,-16,-16,-7,-16,7,-5,16,8,14,31,4,9,-9,-2,-12,-12,-4,-8,7,2,12,12,4,10,-7]"
CSI_DATA,114469,d8:b1:90:d9:de:f0,-59,11,-99,-35,60,56,1708559588,100,0,228,0,"[1,-19,1,-20,1,-19,0,-19,0,-18,0,-15,0,-14,66,-4,-1,-9,-1,-7,-1,-5,0,-4,0,-2,0,-1,1,0,2,1,2,2,2,4,2,4,2,7,1,8,42,4,0,11,-3,12,-5,13,-7,14,-10,14,-12,14,0,0,-16,15,-19,15,-19,14,-22,15,-22,13,-22,14,-81,9,-19,12,-16,11,-14,11,-10,10,-6,8,-2,7,0,6,2,4,5,2,7,1,9,0,12,-2,13,-3,-26,0,16,-6,17,-8,16,-8,15,-8,13,-7,12,-6,9,-4,2,4,3,3,3,3,6,2,8,-1,7,-7,0,-13,-11,-21,-15,0,-11,11,0,16,14,11,17,-3,11,-15,-4,-19,-16,-10,-19,4,-11,17,3,17,14,11,15,-2,9,1,2,-11,-2,-7,-4,-4,-5,-2,-6,0,-7,2,0,0,-1,9,5,10,11,4,13,-2,9,-11,1,-15,-28,0,-15,-5,-16,4,-10,15,2,17,13,11,18,0,13,-12,0,-18,-12,-12,-17,0,-11,13,2,16,13,8,29,-10,4,-13,-7,-9,-11,2,-2,11,8,8,12,-2,4,-11]"
CSI_DATA,114470,d8:b1:90:d9:de:f0,-59,11,-99,-35,60,56,1708570339,100,0,228,0,"[-8,17,-8,17,-8,18,-8,17,-6,17,-5,15,-4,13,66,-4,-1,9,0,7,0,6,0,4,0,3,0,2,0,0,0,-1,0,-2,0,-3,0,-5,1,-6,2,-8,42,4,6,-8,8,-9,10,-9,12,-9,15,-9,17,-8,0,0,21,-7,23,-6,24,-6,25,-5,26,-6,25,-6,-78,0,22,-6,19,-6,16,-6,13,-7,8,-7,5,-6,1,-6,-1,-6,-4,-6,-7,-4,-9,-4,-12,-2,-14,-1,24,10,-17,0,-18,2,-18,2,-17,2,-16,2,-13,2,-11,1,0,-4,-1,-3,0,-4,-3,-5,-7,-3,-10,4,-5,11,2,25,14,6,14,-6,5,-16,-8,-15,-17,-4,-15,10,-3,19,12,16,19,2,15,-12,2,-19,-10,-13,-15,-3,-6,-2,-3,9,1,7,3,4,3,2,4,2,6,0,0,0,4,-8,-1,-10,-7,-8,-12,-2,-12,6,-6,13,26,9,11,11,16,1,13,-9,4,-17,-8,-15,-17,-5,-17,7,-6,17,7,16,17,5,15,-8,2,-17,-11,-12,-33,0,-8,12,5,12,13,1,7,-10,-5,-11,-13,-2,-9,10]"
CSI_DATA,114471,d8:b1:90:d9:de:f0,-59,11,-99,-37,61,56,1708580407,100,0,228,0,"[-15,-7,-16,-9,-16,-9,-15,-9,-14,-9,-12,-7,-11,-6,62,-4,-7,-4,-6,-3,-4,-2,-3,-2,-1,-1,0,-1,0,0,1,0,3,0,3,1,5,3,5,4,5,6,40,3,3,10,1,12,0,13,-2,14,-5,16,-8,16,0,0,-13,16,-16,16,-18,15,-19,14,-20,14,-20,12,-80,9,-18,11,-16,9,-13,9,-11,7,-7,7,-4,5,-1,5,1,4,3,3,6,3,9,3,11,2,13,2,-30,0,16,1,17,1,18,2,16,2,15,3,12,3,9,2,5,0,3,0,3,-1,5,-3,3,-7,-2,-9,-9,-7,-22,-3,-9,11,1,14,12,9,16,-1,11,-13,-1,-18,-14,-11,-18,1,-12,13,0,18,12,12,16,1,11,-7,8,-2,-2,-9,-5,-5,-5,-2,-5,-1,-5,0,-5,3,0,0,0,9,6,8,11,3,11,-3,8,-10,1,-14,-27,0,-13,-6,-15,3,-11,12,0,16,10,13,16,3,15,-8,5,-16,-7,-15,-15,-5,-14,7,-5,14,7,13,29,5,10,-8,0,-11,-9,-5,-8,6,0,11,10,5,11,-5]"
CSI_DATA,114472,d8:b1:90:d9:de:f0,-59,11,-99,-38,61,56,1708592410,100,0,228,0,"[-2,17,-4,19,-4,18,-3,18,-2,17,-2,15,-1,13,64,-4,0,9,0,7,0,6,0,4,0,2,0,1,-1,0,-1,0,0,-2,-1,-4,0,-5,0,-6,0,-8,41,4,4,-10,6,-10,8,-10,11,-10,13,-10,16,-10,0,0,19,-8,21,-8,23,-8,24,-6,24,-6,24,-6,84,0,21,-6,18,-6,16,-6,12,-6,8,-6,5,-6,2,-6,-1,-6,-4,-4,-7,-4,-9,-3,-11,-2,-14,-2,21,10,-17,0,-18,0,-18,0,-17,0,-15,0,-12,0,-10,0,-1,-4,-2,-3,-2,-3,-4,-3,-8,0,-8,6,-2,11,7,22,14,2,12,-10,2,-16,-11,-12,-18,0,-13,12,0,19,14,13,19,0,13,-13,0,-18,-11,-12,-14,-2,-7,-2,-2,9,1,7,3,4,4,3,5,2,6,0,0,0,4,-8,-2,-10,-8,-8,-12,-1,-12,7,-5,14,26,8,12,10,16,0,13,-10,4,-16,-8,-15,-16,-6,-16,6,-6,16,7,16,16,6,14,-8,4,-16,-9,-13,-30,-2,-8,10,4,12,11,2,7,-8,-4,-11,-12,-3,-10,8]"
CSI_DATA,114473,d8:b1:90:d9:de:f0,-58,11,-99,-36,60,56,1708602555,100,0,228,0,"[-16,9,-17,10,-17,10,-16,10,-15,10,-12,9,-11,9,67,-4,-6,7,-4,5,-3,4,-2,3,-2,2,-1,0,-1,0,0,-1,0,-2,1,-4,2,-4,4,-5,5,-6,43,4,9,-6,11,-6,14,-4,16,-3,17,-2,19,-1,0,0,22,1,24,2,25,3,26,4,26,4,26,4,-84,0,23,2,21,1,18,0,14,-1,12,-2,7,-4,4,-5,1,-6,-2,-6,-5,-6,-7,-6,-11,-6,-13,-4,43,10,-17,-4,-19,-4,-19,-3,-17,-2,-16,-2,-14,-2,-10,-1,2,-4,1,-4,1,-4,0,-6,-6,-7,-10,-1,-10,7,-11,21,9,12,16,1,12,-11,0,-18,-14,-12,-19,2,-12,16,2,19,16,12,20,-2,11,-14,-2,-17,-11,-9,-5,-6,-8,6,-2,7,0,6,1,5,3,4,6,3,0,0,7,-5,3,-10,-4,-11,-12,-7,-14,1,-12,10,21,19,7,14,15,7,17,-4,9,-15,-2,-18,-14,-11,-18,2,-12,14,2,17,15,10,16,-4,7,-14,-5,-15,-31,-9,-12,8,1,13,11,4,9,-7,-2,-12,-12,-4,-11,7]"
CSI_DATA,114474,d8:b1:90:d9:de:f0,-58,11,-99,-36,60,56,1708613501,100,0,228,0,"[9,15,9,16,9,17,8,17,8,16,7,14,6,12,67,-4,4,8,4,7,2,5,2,4,1,2,0,2,0,0,0,0,0,-2,0,-3,0,-5,1,-6,2,-7,43,4,6,-9,9,-9,11,-9,14,-8,16,-7,19,-4,0,0,23,-1,24,0,25,2,25,4,26,6,25,7,77,0,21,7,19,6,16,5,14,3,12,0,9,-1,6,-3,4,-4,2,-6,0,-8,0,-10,-2,-12,-3,-14,-26,10,-4,-16,-5,-18,-5,-18,-4,-16,-3,-16,-2,-13,-1,-11,-3,-2,-3,-2,-4,-2,-7,0,-7,4,-4,10,4,12,18,16,14,-4,8,-14,-4,-16,-14,-8,-17,4,-9,16,4,19,16,11,20,-3,12,-15,-1,-19,-12,-12,-15,0,-5,-1,-3,9,2,7,2,4,2,2,3,2,5,2,0,0,7,-5,3,-9,-2,-11,-9,-8,-14,-1,-12,7,17,22,2,16,13,11,17,1,14,-10,4,-18,-7,-16,-16,-7,-17,5,-8,16,5,16,15,7,16,-5,7,-14,-12,-29,-14,-3,-10,9,1,12,10,4,10,-7,0,-12,-10,-9]"
CSI_DATA,114475,d8:b1:90:d9:de:f0,-59,11,-99,-38,61,56,1708625157,100,0,228,0,"[10,-15,10,-16,10,-16,10,-16,9,-15,8,-13,6,-12,64,-4,3,-8,2,-6,2,-5,1,-4,1,-2,0,-1,0,0,0,2,0,3,0,4,-2,5,-3,6,-4,6,41,4,-8,7,-10,6,-12,5,-15,4,-16,2,-18,1,0,0,-22,-2,-23,-3,-24,-5,-24,-6,-24,-7,-24,-6,-83,9,-21,-6,-19,-4,-17,-2,-14,0,-10,0,-8,2,-4,4,-2,5,0,6,2,7,5,8,8,9,10,9,-68,0,14,10,15,10,15,10,14,9,13,8,11,8,8,6,0,4,0,3,0,4,2,5,7,4,10,-2,7,-10,2,-23,-12,-8,-15,3,-9,14,4,16,16,8,17,-6,8,-17,-6,-18,-17,-8,-18,6,-8,16,4,16,12,8,6,6,7,-6,2,-7,0,-5,-2,-4,-3,-4,-6,-3,0,0,-7,5,-4,10,4,11,10,8,14,0,11,-8,-18,-20,-4,-14,-13,-9,-17,1,-12,12,-2,18,10,14,18,2,15,-9,3,-17,-10,-14,-16,-2,-12,11,0,16,24,19,14,-3,4,-12,-8,-9,-11,2,-3,11,8,10,12,-1]"
CSI_DATA,114476,d8:b1:90:d9:de:f0,-59,11,-99,-36,60,56,1708636105,100,0,228,0,"[18,-7,19,-7,19,-6,18,-6,17,-5,14,-5,12,-5,67,-4,8,-3,7,-3,4,-2,3,-2,2,0,0,0,0,1,0,1,-2,2,-3,3,-4,3,-6,3,-8,2,43,4,-11,0,-12,-1,-14,-3,-14,-6,-15,-8,-15,-11,0,0,-16,-16,-15,-18,-15,-19,-14,-21,-14,-21,-14,-21,32,10,-12,-19,-12,-17,-10,-14,-9,-11,-9,-7,-7,-3,-5,0,-4,2,-3,5,-2,7,0,10,0,12,2,14,16,0,3,17,5,18,5,18,4,16,4,15,3,13,2,10,-4,3,-2,4,-1,4,0,7,4,8,9,4,12,-3,16,-16,-4,-14,-14,-7,-16,5,-7,16,7,16,18,6,18,-8,6,-19,-8,-17,-18,-7,-16,7,-7,15,3,14,0,9,10,0,7,-4,3,-4,2,-5,0,-6,-2,-7,0,0,-10,0,-9,6,-4,11,3,13,11,9,15,0,0,-29,5,-14,-4,-16,-14,-10,-17,0,-13,12,-1,18,11,14,18,2,14,-10,2,-17,-11,-12,-16,0,-11,12,4,31,12,7,11,-5,0,-12,-9,-5,-9,6,0,12,10,7]"
CSI_DATA,114477,d8:b1:90:d9:de:f0,-59,11,-99,-36,60,56,1708646812,100,0,228,0,"[9,16,9,17,9,17,9,16,9,15,8,13,7,11,67,-4,5,7,4,5,4,4,2,3,1,2,0,1,0,0,0,0,-2,-2,-2,-2,-3,-4,-3,-5,-3,-7,43,4,-1,-11,0,-12,2,-14,3,-15,5,-16,8,-16,0,0,12,-19,14,-19,16,-19,17,-19,17,-19,18,-19,49,0,15,-16,13,-16,10,-14,7,-12,4,-10,1,-8,-1,-7,-4,-4,-6,-2,-9,0,-10,1,-12,2,-13,4,24,10,-16,7,-16,8,-16,9,-15,9,-14,7,-12,6,-9,4,-4,-2,-3,-1,-4,-2,-6,0,-7,4,-3,10,5,12,20,14,14,-7,4,-15,-8,-14,-16,-4,-15,10,-2,19,12,15,19,2,16,-12,2,-19,-11,-15,-16,-2,-12,7,-6,2,3,9,5,4,4,2,4,0,4,0,5,-3,0,0,0,-9,-7,-8,-11,-2,-12,5,-6,12,2,14,26,-7,15,2,14,-7,7,-15,-4,-16,-15,-9,-17,3,-11,14,2,18,14,10,17,-3,9,-14,-4,-16,-14,-7,-29,13,-2,14,9,9,12,-3,2,-12,-9,-8,-12,3,-5,12]"
CSI_DATA,114478,d8:b1:90:d9:de:f0,-59,11,-99,-38,61,56,1708659023,100,0,228,0,"[-17,2,-18,2,-18,1,-17,1,-16,1,-14,1,-13,1,64,-4,-9,1,-7,1,-6,1,-4,1,-2,0,-2,0,0,0,0,0,2,0,3,0,4,1,5,2,6,4,41,4,7,8,6,10,6,12,4,15,3,16,1,18,0,0,-2,21,-4,22,-5,23,-7,24,-9,23,-9,23,11,10,-8,20,-7,18,-6,16,-4,13,-2,10,0,8,2,6,4,4,6,2,8,0,9,0,11,-2,12,-4,-24,0,15,-6,16,-6,16,-6,16,-5,14,-4,12,-3,10,-2,4,-2,3,-2,3,-2,2,-6,0,-9,-8,-7,-12,0,-21,10,-1,14,10,12,16,1,12,-11,0,-18,-12,-13,-18,-1,-14,12,-1,18,11,15,17,3,14,-8,4,-14,2,-5,-8,-4,-8,0,-4,2,-2,2,-2,2,-2,4,0,0,3,7,8,4,10,-1,8,-8,2,-12,-6,-13,-22,14,-16,2,-12,10,-2,16,8,15,16,5,16,-6,7,-15,-5,-16,-14,-8,-16,5,-7,14,5,15,14,6,27,-12,2,-12,-9,-8,-12,2,-4,10,7,9,12,0,6,-10]"
CSI_DATA,114479,d8:b1:90:d9:de:f0,-59,11,-99,-34,60,56,1708669637,100,0,228,0,"[-16,9,-17,9,-18,8,-16,8,-16,8,-13,6,-12,6,64,-4,-8,4,-6,4,-4,3,-3,2,-2,1,-1,0,0,0,0,-1,2,-1,3,-2,5,-2,7,-1,8,0,41,4,10,2,11,4,12,7,12,10,11,12,10,15,0,0,9,20,7,22,7,23,6,26,4,24,4,25,55,0,2,22,2,20,2,17,3,13,4,10,4,6,4,3,6,0,6,-2,6,-4,6,-6,7,-9,7,-11,73,0,8,-15,9,-16,8,-16,8,-14,8,-12,7,-10,6,-8,3,-4,2,-3,1,-4,0,-6,-4,-8,-10,-4,-12,4,-16,18,5,14,14,6,15,-5,7,-16,-6,-16,-17,-7,-18,7,-8,18,6,18,17,9,17,-4,9,-14,-2,-14,0,-8,-10,-1,-6,3,-4,4,-2,4,-2,5,0,6,0,0,8,4,10,-2,8,-7,2,-13,-5,-12,-12,-7,-12,24,-12,10,-4,16,6,16,15,8,16,-4,10,-14,-2,-18,-13,-12,-17,0,-11,13,1,16,12,10,16,-2,16,-25,-4,-12,-12,-2,-8,8,3,10,10,2,9,-8,-1,-12]"
CSI_DATA,114480,d8:b1:90:d9:de:f0,-59,11,-99,-38,61,56,1708680464,100,0,228,0,"[-10,-14,-10,-16,-10,-16,-9,-16,-8,-14,-8,-12,-6,-11,64,-4,-5,-8,-4,-6,-3,-4,-2,-3,-1,-2,0,-1,0,0,2,0,2,2,2,3,2,4,2,6,1,8,41,4,-2,10,-4,12,-6,12,-9,12,-12,12,-14,12,0,0,-19,10,-21,9,-22,8,-24,6,-24,6,-24,5,73,9,-22,3,-19,3,-17,4,-13,4,-10,4,-6,4,-3,5,0,5,2,6,5,6,7,6,9,6,12,7,-40,0,15,7,16,7,16,8,15,7,13,7,11,6,8,5,4,2,3,1,4,2,6,0,7,-5,3,-10,-5,-12,-19,-14,-14,6,-6,14,6,15,16,6,16,-8,6,-17,-8,-17,-18,-6,-17,7,-7,18,6,17,14,8,14,-2,8,0,0,-10,-3,-6,-4,-4,-4,-2,-5,-2,-6,1,0,0,-3,8,2,10,8,7,12,1,12,-6,6,-12,-26,-10,-10,-11,-16,-2,-15,8,-6,16,5,16,14,9,17,-2,11,-14,-2,-17,-14,-10,-16,2,-9,13,4,15,26,14,12,-5,2,-12,-8,-7,-10,4,-2,11,9,8,12,-2]"
CSI_DATA,114481,d8:b1:90:d9:de:f0,-59,11,-99,-37,61,56,1708691070,100,0,228,0,"[1,17,0,18,0,18,0,17,0,16,0,14,0,12,62,-4,0,9,0,7,0,5,0,3,0,2,0,1,0,0,0,0,0,-1,0,-3,0,-5,1,-6,3,-7,40,3,6,-7,8,-7,11,-7,13,-6,15,-5,17,-3,0,0,20,-1,22,0,23,1,24,3,24,4,24,4,81,0,20,4,18,3,16,2,13,1,10,0,7,-2,5,-3,2,-5,0,-6,-2,-7,-4,-8,-5,-9,-8,-10,-80,9,-11,-11,-12,-12,-12,-12,-11,-11,-9,-10,-8,-10,-5,-7,-1,-3,-2,-3,-3,-3,-5,-3,-9,0,-7,7,-1,12,9,21,14,1,11,-9,1,-15,-11,-12,-17,0,-12,12,0,18,12,13,18,1,14,-12,2,-17,-9,-12,-13,-3,-5,-2,-4,8,0,7,2,5,3,3,3,3,5,1,0,0,6,-5,2,-9,-3,-9,-9,-6,-12,0,-11,9,18,18,5,14,13,8,16,-1,11,-11,1,-16,-10,-13,-16,-3,-14,9,-3,16,9,14,15,2,12,-9,0,-15,-20,-20,-12,1,-5,11,6,9,11,0,5,-9,-5,-11,-11,-1]"
CSI_DATA,114482,d8:b1:90:d9:de:f0,-59,11,-99,-39,61,56,1708701049,100,0,228,0,"[-10,15,-11,15,-11,16,-10,15,-9,15,-8,13,-6,11,66,-4,-3,8,-2,6,-2,5,-2,4,-1,3,0,2,0,0,0,-1,0,-2,1,-3,2,-4,3,-5,4,-6,42,4,8,-5,11,-5,14,-4,15,-3,17,-2,19,0,0,0,22,2,24,4,23,4,26,6,24,7,24,7,-78,0,21,6,19,5,17,3,13,0,10,0,7,-2,4,-3,2,-5,0,-6,-2,-7,-4,-8,-6,-8,-8,-10,59,10,-13,-11,-14,-11,-15,-10,-13,-10,-11,-9,-10,-8,-7,-6,2,-4,0,-4,0,-5,-2,-6,-8,-4,-11,2,-7,10,-2,24,12,9,16,-2,9,-13,-4,-17,-16,-8,-17,6,-8,17,6,18,17,8,18,-6,8,-16,-4,-16,-13,-8,-5,-4,-6,7,-1,7,1,5,2,3,2,3,4,2,0,0,7,-4,4,-9,-2,-11,-9,-8,-13,-1,-13,8,17,22,4,15,13,10,17,-1,13,-13,1,-18,-11,-14,-17,-2,-14,10,-2,16,10,14,16,2,12,-11,0,-15,-23,-19,-13,3,-4,12,7,8,10,-2,3,-11,-8,-9,-13,1]"
CSI_DATA,114483,d8:b1:90:d9:de:f0,-59,11,-99,-34,60,56,1708711178,100,0,228,0,"[-18,-4,-19,-4,-20,-4,-18,-3,-17,-2,-15,-2,-12,0,64,-4,-9,0,-7,0,-5,0,-4,0,-2,0,-1,0,0,0,1,0,2,-1,4,-1,5,-1,6,-1,8,0,41,4,10,3,11,4,12,7,12,8,12,11,13,13,0,0,12,18,12,19,13,22,12,22,12,22,11,22,75,0,11,20,10,17,10,13,10,10,8,6,7,3,6,0,4,-3,3,-6,1,-7,0,-10,-2,-11,-2,-13,-4,10,-6,-16,-7,-16,-8,-16,-8,-15,-7,-14,-6,-12,-4,-9,4,0,3,-1,4,-2,4,-4,0,-8,-6,-9,-12,-2,-23,8,-2,15,10,12,16,1,12,-11,0,-18,-14,-12,-19,1,-12,15,2,20,14,11,18,-2,10,-12,0,-15,0,-8,-10,-1,-6,2,-3,4,-2,4,-1,4,0,6,0,0,9,2,9,-4,5,-10,-1,-12,-9,-10,-14,-2,-2,28,-7,14,3,15,13,10,17,0,12,-12,0,-17,-12,-13,-17,-1,-12,12,0,16,12,11,16,-2,8,-13,-9,-28,-13,-4,-10,8,2,11,10,3,8,-8,-2,-12,-12,-4]"
CSI_DATA,114484,d8:b1:90:d9:de:f0,-59,11,-99,-38,61,56,1708722040,100,0,228,0,"[-4,17,-4,18,-6,18,-5,17,-5,16,-5,14,-4,12,64,-4,-2,8,-2,7,-2,6,-1,4,0,3,0,2,0,0,0,0,1,-1,2,-2,3,-3,5,-3,6,-2,41,4,10,0,12,0,13,2,14,5,14,8,14,11,0,0,14,15,14,18,13,20,12,22,10,22,9,22,55,0,8,20,7,18,6,16,6,12,6,9,6,6,6,3,6,0,6,-2,6,-4,6,-6,7,-8,8,-11,-60,0,8,-14,10,-14,10,-14,10,-13,9,-12,8,-10,7,-7,0,-4,0,-3,-1,-4,-4,-5,-8,-2,-10,4,-6,11,0,24,12,8,15,-3,9,-14,-3,-16,-14,-10,-18,3,-10,15,3,19,15,11,19,-2,12,-13,0,-16,-8,-11,-4,-4,-8,4,-4,6,0,4,0,3,0,4,2,5,0,0,8,2,9,-3,6,-8,0,-12,-7,-10,-13,-4,-6,26,-10,12,0,16,9,13,16,5,16,-6,8,-15,-4,-16,-14,-10,-16,3,-9,14,2,16,13,8,14,-4,15,-25,-6,-12,-12,-2,-8,8,2,11,11,4,10,-8,1,-12]"
CSI_DATA,114485,d8:b1:90:d9:de:f0,-59,11,-99,-35,60,56,1708732532,100,0,228,0,"[-8,17,-9,17,-10,17,-10,17,-9,15,-8,13,-6,11,66,-4,-4,8,-3,6,-2,5,-2,4,-1,2,0,1,0,0,0,0,2,-1,2,-2,4,-3,5,-3,6,-3,42,4,10,0,12,1,13,3,13,6,14,8,15,12,0,0,13,17,13,19,13,22,11,23,10,24,8,24,70,0,7,22,6,19,6,16,6,13,6,10,6,6,6,2,6,0,6,-2,6,-5,6,-7,6,-10,7,-13,-84,0,7,-16,8,-17,8,-17,8,-15,8,-13,6,-11,6,-8,0,-4,0,-3,0,-4,-2,-6,-7,-5,-11,1,-8,9,-6,25,11,11,17,0,11,-12,0,-17,-13,-13,-19,0,-13,14,0,20,14,15,19,0,14,-12,2,-17,-7,-13,-3,-6,-9,3,-4,5,-2,4,0,4,0,4,2,6,0,0,9,2,9,-4,6,-9,-1,-13,-8,-10,-13,-4,-6,28,-9,13,0,15,9,13,17,5,16,-6,8,-15,-4,-17,-15,-9,-17,3,-10,15,3,17,14,8,15,-4,13,-28,-6,-12,-13,-2,-8,9,3,11,12,2,10,-8,0,-13]"
CSI_DATA,114486,d8:b1:90:d9:de:f0,-59,11,-99,-39,61,56,1708742559,100,0,228,0,"[6,-16,7,-17,8,-17,8,-17,6,-15,6,-14,4,-12,66,-4,2,-8,2,-6,2,-5,1,-4,0,-2,0,-1,0,0,0,0,0,2,-1,3,-2,4,-3,5,-5,5,42,4,-9,4,-11,4,-13,2,-15,1,-17,0,-18,-2,0,0,-20,-7,-21,-9,-22,-11,-22,-13,-22,-13,-20,-14,-63,9,-18,-13,-16,-11,-14,-8,-12,-6,-10,-4,-8,-1,-6,1,-4,3,-2,6,0,7,0,9,2,11,3,13,50,0,5,16,6,17,6,17,6,16,4,15,3,13,2,10,0,4,0,4,0,4,4,5,8,3,11,-4,6,-11,0,-24,-13,-7,-15,4,-8,15,4,17,16,8,17,-5,8,-17,-6,-19,-17,-9,-18,6,-9,16,4,17,12,8,5,5,8,-6,2,-7,0,-5,-2,-4,-2,-4,-4,-4,0,0,-8,2,-6,8,0,11,7,11,13,4,13,-4,-10,-26,0,-15,-9,-13,-16,-4,-16,6,-8,15,4,17,15,9,17,-2,9,-14,-3,-16,-14,-8,-15,4,-6,13,11,28,13,3,9,-8,-1,-11,-10,-4,-8,6,1,12,11,6]"
CSI_DATA,114487,d8:b1:90:d9:de:f0,-59,11,-99,-36,60,56,1708754975,100,0,228,0,"[2,19,2,20,2,20,2,19,2,17,2,16,2,13,67,-4,2,9,2,7,2,5,1,4,1,2,0,1,0,0,-1,0,-2,-1,-2,-3,-2,-4,-2,-6,-1,-8,43,4,0,-11,2,-12,4,-13,7,-14,9,-14,12,-14,0,0,16,-16,18,-15,20,-15,21,-15,22,-14,21,-14,69,0,19,-13,16,-12,13,-11,10,-9,7,-9,3,-7,0,-6,-2,-4,-4,-2,-7,-1,-9,0,-12,1,-13,3,26,10,-16,6,-16,7,-17,7,-16,7,-14,6,-12,4,-10,3,-2,-4,-2,-3,-2,-3,-6,-2,-9,1,-7,9,0,12,14,20,15,-2,9,-13,-3,-16,-15,-9,-18,4,-9,16,6,19,18,9,19,-7,9,-18,-6,-18,-15,-8,-15,3,-8,0,0,10,4,7,4,3,4,1,5,0,6,-2,0,0,1,-9,-5,-9,-10,-4,-13,3,-9,11,0,15,29,0,15,4,16,-5,9,-15,-2,-17,-14,-12,-18,0,-13,12,0,18,12,12,17,0,11,-12,-2,-16,-13,-8,-29,9,-4,13,7,9,11,-1,3,-11,-8,-8,-12,2,-5,11]"
CSI_DATA,114488,d8:b1:90:d9:de:f0,-59,11,-99,-35,60,56,1708765160,100,0,228,0,"[17,7,17,8,17,9,16,9,15,8,13,7,11,6,66,-4,8,4,6,3,5,2,4,2,2,1,0,1,0,0,0,0,-2,-1,-2,-2,-3,-4,-3,-5,-3,-7,42,4,0,-11,0,-13,3,-13,5,-14,8,-15,11,-15,0,0,16,-14,19,-13,21,-13,23,-11,24,-10,23,-8,-83,0,22,-6,19,-6,16,-6,13,-5,10,-6,6,-6,3,-5,0,-6,-2,-6,-5,-6,-7,-6,-9,-6,-11,-7,55,10,-15,-8,-16,-8,-16,-8,-15,-8,-13,-8,-11,-8,-8,-7,-4,0,-3,0,-4,0,-6,2,-4,7,2,11,10,8,25,4,10,-11,-1,-16,-13,-11,-17,0,-12,14,1,19,14,13,20,0,14,-15,0,-19,-12,-15,-17,-2,-13,8,-6,3,3,9,6,5,5,2,4,0,5,0,6,-2,0,0,2,-8,-4,-8,-9,-6,-13,1,-10,8,-4,14,27,6,13,9,16,0,13,-10,5,-16,-6,-16,-16,-7,-17,4,-9,15,3,17,15,9,17,-3,8,-13,-4,-15,-27,-14,-12,6,-2,13,8,8,11,-4,2,-11,-8,-9,-13,0]"
CSI_DATA,114489,d8:b1:90:d9:de:f0,-59,11,-99,-38,61,56,1708775287,100,0,228,0,"[2,18,2,19,1,20,0,19,0,17,1,15,1,12,64,-4,1,9,1,7,0,6,0,4,0,2,0,2,0,0,0,-1,0,-2,0,-4,0,-6,0,-7,2,-8,41,4,6,-9,8,-8,10,-8,12,-7,15,-6,17,-4,0,0,21,0,22,1,24,2,24,4,24,5,23,6,78,0,21,6,19,5,16,4,13,2,11,0,8,-1,5,-2,2,-4,0,-6,-1,-7,-4,-9,-6,-10,-8,-11,-70,10,-10,-13,-11,-14,-12,-13,-10,-14,-10,-12,-7,-10,-5,-8,-2,-4,-2,-2,-2,-3,-5,-3,-8,0,-7,7,-1,12,10,22,14,1,12,-10,1,-16,-10,-12,-18,-1,-14,12,0,19,13,15,20,1,14,-12,2,-18,-9,-14,-14,-3,-8,-3,-4,9,0,7,2,4,2,4,4,3,6,2,0,0,7,-6,2,-10,-4,-11,-10,-6,-14,0,-11,9,18,20,5,14,13,8,16,-1,12,-11,2,-16,-9,-14,-16,-4,-14,8,-5,16,8,14,16,4,14,-8,3,-14,-18,-24,-13,0,-6,9,4,10,10,1,6,-9,-4,-11,-12,-3]"
CSI_DATA,114490,d8:b1:90:d9:de:f0,-59,11,-99,-38,61,56,1708785352,100,0,228,0,"[-17,4,-18,4,-18,4,-17,4,-16,4,-14,4,-12,4,64,-4,-8,4,-7,3,-5,3,-4,2,-2,2,-1,0,0,0,0,0,1,0,3,0,4,-1,6,0,7,0,41,4,10,2,11,4,12,6,12,8,12,11,12,13,0,0,11,17,12,19,11,20,10,22,10,22,9,22,-66,0,8,20,8,17,8,14,7,12,7,8,6,4,6,1,6,-2,4,-4,4,-6,4,-8,3,-10,2,-12,28,0,1,-17,0,-18,0,-18,1,-16,1,-15,1,-13,2,-10,3,-2,2,-2,2,-4,2,-6,-2,-8,-8,-6,-12,2,-18,15,2,14,13,8,16,-4,8,-15,-5,-17,-16,-8,-18,6,-8,17,6,18,17,8,17,-5,8,-14,-3,-14,-1,-6,-10,0,-6,4,-2,5,0,4,0,4,0,5,0,0,7,3,8,-2,6,-8,0,-12,-7,-10,-14,-4,-5,26,-8,13,0,16,12,12,17,2,14,-10,3,-16,-8,-14,-16,-4,-14,8,-4,16,8,13,15,2,12,-9,2,-29,-10,-8,-12,4,-2,11,8,8,10,-3,4,-12,-7,-10]"
CSI_DATA,114491,d8:b1:90:d9:de:f0,-59,9,-99,-40,61,56,1708799840,98,0,106,0,"[51,10,-4,9,65,10,20,10,-84,10,53,10,-55,10,84,10,-35,10,-61,10,-17,10,-33,10,-3,10,-4,10,12,0,24,0,43,0,41,0,82,0,46,0,-57,0,26,0,-20,0,-16,10,3,0,-67,10,0,0,0,0,-1,0,1,10,-8,0,-42,9,-29,0,-62,9,-49,0,-36,9,-72,0,16,10,89,0,-88,10,73,0,-14,10,56,0,45,0,45,0,-77,0,31,0,-26,0,31,0,16,0,28,0,31,0,35,0]"
CSI_DATA,114492,d8:b1:90:d9:de:f0,-58,11,-99,-36,60,56,1708810468,100,0,228,0,"[16,9,17,10,18,10,16,10,15,9,14,8,12,7,67,-4,9,4,7,3,5,2,4,2,2,1,2,0,0,0,-1,0,-3,0,-3,-2,-4,-3,-5,-4,-5,-6,43,4,-4,-11,-3,-12,-1,-14,0,-16,2,-17,5,-18,0,0,11,-19,13,-19,15,-20,17,-19,19,-19,19,-17,32,0,16,-16,15,-14,12,-12,9,-10,6,-9,3,-7,0,-6,-2,-4,-5,-3,-7,-2,-9,0,-12,0,-14,1,25,10,-18,2,-18,2,-19,2,-18,2,-16,2,-14,0,-11,0,-4,0,-3,0,-4,0,-5,2,-4,7,1,10,9,7,25,4,9,-12,-2,-16,-14,-10,-17,2,-11,15,3,19,16,12,21,-2,12,-16,-2,-19,-14,-12,-17,0,-12,10,-7,4,4,9,7,4,6,0,4,0,5,-2,5,-4,0,0,-1,-9,-8,-8,-12,-2,-12,5,-7,12,2,15,29,-4,16,3,15,-7,8,-16,-4,-17,-14,-11,-18,0,-13,13,0,18,12,13,17,1,12,-11,0,-16,-12,-11,-31,4,-7,12,4,12,12,1,6,-9,-4,-11,-12,-1,-9,9]"
CSI_DATA,114493,d8:b1:90:d9:de:f0,-59,11,-99,-36,60,56,1708820617,100,0,228,0,"[-18,5,-19,6,-19,5,-18,5,-17,5,-15,4,-13,4,67,-4,-9,4,-7,3,-5,3,-3,2,-2,1,-1,0,0,-1,0,-2,2,-2,3,-2,5,-3,7,-2,8,-2,43,4,11,0,12,2,14,4,14,7,14,9,14,12,0,0,14,16,13,19,13,21,12,23,11,23,11,23,-69,0,9,21,9,19,7,15,7,12,7,8,6,4,5,1,4,-1,4,-4,2,-7,2,-9,1,-12,0,-14,6,0,-1,-18,-2,-19,-1,-19,-1,-17,0,-16,0,-14,0,-10,3,-4,2,-3,2,-3,1,-5,-3,-7,-9,-5,-12,2,-18,15,3,14,14,8,16,-4,8,-16,-6,-17,-17,-7,-18,7,-7,19,7,19,18,9,18,-5,8,-15,-2,-14,0,-10,-10,0,-7,4,-4,4,-2,4,-1,6,2,7,0,0,9,2,10,-4,5,-10,-2,-14,-9,-9,-15,-2,-4,29,-7,14,2,16,13,12,17,1,14,-11,3,-17,-9,-15,-16,-4,-15,8,-4,16,8,14,15,3,12,-9,0,-31,-10,-9,-12,3,-2,10,8,7,10,-4,2,-12,-8,-9]"
CSI_DATA,114494,d8:b1:90:d9:de:f0,-59,11,-99,-35,60,56,1708831483,100,0,228,0,"[-18,1,-19,0,-19,0,-19,1,-17,0,-15,1,-13,2,66,-4,-9,2,-7,1,-6,1,-4,1,-3,0,-1,0,0,0,0,0,2,-1,4,0,5,-1,6,0,8,0,42,4,11,3,11,5,11,8,11,11,11,13,10,15,0,0,8,19,7,22,6,23,5,24,4,24,4,24,61,0,3,22,4,19,4,16,4,13,4,9,4,6,5,2,5,0,5,-3,5,-5,4,-8,4,-11,4,-13,44,0,4,-17,4,-17,4,-17,4,-17,4,-15,4,-13,3,-9,4,-2,2,-2,2,-3,2,-5,-1,-7,-7,-6,-12,0,-20,11,0,15,11,11,16,0,11,-13,-1,-18,-14,-11,-19,2,-12,15,2,19,15,13,18,-1,11,-13,0,-15,2,-8,-10,-2,-7,2,-4,3,-2,4,-2,4,0,6,0,0,8,4,11,-1,8,-8,2,-13,-5,-13,-13,-6,-11,26,-11,11,-2,16,8,15,16,5,16,-6,7,-15,-4,-16,-15,-9,-16,4,-8,15,4,15,14,6,14,-6,8,-28,-8,-11,-11,0,-5,10,6,9,11,0,5,-11,-6,-11]"
CSI_DATA,114495,d8:b1:90:d9:de:f0,-59,11,-99,-38,61,56,1708842452,100,0,228,0,"[-17,3,-18,3,-18,3,-18,3,-16,3,-15,3,-12,3,64,-4,-9,3,-7,3,-6,2,-4,2,-2,2,-2,1,0,0,0,0,2,0,3,0,5,0,6,0,8,0,41,4,10,4,10,6,11,8,11,10,11,12,11,15,0,0,8,20,8,20,8,22,6,23,6,24,4,24,26,0,5,21,4,18,4,16,5,12,6,8,6,6,6,2,6,0,6,-2,6,-5,6,-8,6,-10,5,-12,76,0,5,-16,5,-17,5,-17,4,-16,5,-15,4,-12,4,-10,3,-2,2,-2,2,-2,2,-5,-1,-8,-8,-6,-12,1,-20,14,1,14,12,10,16,-2,10,-13,-2,-18,-15,-10,-18,4,-10,16,4,19,16,10,18,-3,10,-13,-1,-15,0,-6,-10,-1,-7,3,-2,4,-1,3,-1,3,0,5,0,0,7,4,9,0,8,-7,2,-12,-6,-12,-12,-6,-10,25,-11,12,-1,16,9,14,16,5,16,-6,7,-16,-4,-17,-15,-8,-16,4,-8,14,5,16,14,6,14,-6,8,-28,-9,-10,-12,1,-5,10,6,10,12,0,6,-10,-4,-12]"
CSI_DATA,114496,d8:b1:90:d9:de:f0,-59,11,-99,-38,61,56,1708852819,100,0,228,0,"[0,18,0,19,0,19,0,18,0,17,0,15,0,13,64,-4,2,10,1,7,1,6,0,4,0,3,0,2,0,0,-1,0,-1,-2,-1,-3,-1,-5,0,-7,0,-8,41,4,3,-10,4,-12,7,-12,10,-12,12,-12,14,-12,0,0,18,-11,20,-10,22,-10,23,-10,23,-8,23,-8,81,0,20,-6,18,-6,15,-6,12,-6,8,-6,4,-5,2,-5,-2,-5,-4,-4,-6,-3,-8,-2,-11,-2,-13,-2,28,10,-16,0,-18,0,-18,0,-16,0,-15,0,-13,0,-10,-1,-2,-4,-2,-3,-3,-3,-5,-2,-8,1,-7,8,0,12,10,21,14,0,10,-11,0,-16,-13,-10,-18,2,-11,14,2,18,15,11,19,-2,12,-15,-2,-18,-13,-11,-15,0,-8,-2,-2,10,2,8,4,4,4,2,5,1,6,0,0,0,3,-8,-2,-10,-9,-7,-12,0,-12,8,-4,15,26,8,13,10,16,0,12,-11,2,-17,-10,-14,-16,-4,-15,8,-5,16,8,14,16,4,14,-8,3,-15,-9,-12,-29,-1,-8,9,3,10,10,2,6,-8,-4,-10,-12,-2,-8,8]"
CSI_DATA,114497,d8:b1:90:d9:de:f0,-59,11,-99,-36,60,56,1708863589,100,0,228,0,"[5,-17,6,-19,5,-19,4,-18,4,-17,3,-15,2,-14,67,-4,0,-9,0,-7,0,-7,0,-4,0,-4,0,-2,0,0,0,0,0,2,0,3,-1,4,-2,6,-3,7,43,4,-7,9,-9,9,-12,9,-14,9,-16,8,-18,7,0,0,-21,5,-24,4,-25,4,-26,2,-26,2,-25,2,-80,9,-22,2,-19,2,-17,3,-13,4,-9,4,-6,4,-3,6,0,6,2,6,5,6,8,6,10,6,12,6,-31,0,16,5,18,4,18,4,17,4,15,4,14,4,10,3,0,4,1,3,1,4,4,4,8,2,9,-4,4,-12,-4,-24,-14,-4,-14,8,-4,16,9,14,19,3,15,-11,2,-19,-12,-16,-20,-2,-16,12,-2,19,10,15,15,3,7,2,3,-10,-1,-7,-4,-4,-3,-2,-3,-2,-4,-1,0,0,-6,6,-1,10,5,9,12,4,14,-3,9,-12,-24,-14,-11,-14,-17,-4,-16,8,-7,17,6,18,16,8,17,-4,9,-15,-4,-16,-15,-8,-16,5,-6,15,7,14,30,9,10,-9,-1,-12,-11,-4,-9,7,1,12,12,5,12,-6]"
CSI_DATA,114498,d8:b1:90:d9:de:f0,-59,11,-99,-38,61,56,1708874703,100,0,228,0,"[16,-9,17,-10,17,-10,16,-10,14,-9,13,-8,11,-7,64,-4,7,-6,6,-4,4,-4,3,-2,2,-2,1,0,0,0,0,1,-2,2,-2,2,-4,3,-6,4,-7,4,41,4,-10,2,-12,0,-14,-2,-15,-4,-16,-6,-16,-8,0,0,-18,-12,-18,-14,-18,-16,-18,-18,-18,-18,-16,-18,-5,9,-14,-16,-13,-13,-12,-11,-10,-8,-9,-4,-7,-2,-6,0,-4,4,-2,6,-1,8,0,10,2,12,3,14,32,0,6,16,7,16,6,17,6,16,5,14,4,12,2,10,-2,4,0,4,-1,4,0,6,5,6,10,2,11,-6,13,-19,-6,-13,-15,-4,-14,8,-4,16,10,15,18,4,15,-11,3,-19,-11,-16,-19,-4,-15,10,-4,16,6,13,2,8,10,-2,5,-6,2,-5,0,-4,0,-5,-3,-5,0,0,-9,0,-8,6,-2,12,4,12,12,7,14,-1,-4,-27,3,-15,-6,-14,-15,-8,-17,3,-10,14,2,18,13,12,18,0,12,-12,0,-17,-12,-10,-16,2,-8,13,10,29,12,4,10,-7,-1,-11,-10,-4,-8,7,1,13,11,6]"
CSI_DATA,114499,d8:b1:90:d9:de:f0,-59,11,-99,-38,61,56,1708885242,100,0,228,0,"[2,17,2,18,2,18,2,18,2,16,2,15,2,13,64,-4,3,8,2,6,2,5,1,4,1,2,0,2,0,0,0,0,0,-1,0,-2,0,-4,0,-6,0,-8,41,4,3,-10,4,-11,6,-12,8,-12,11,-13,12,-13,0,0,16,-13,19,-12,20,-13,21,-12,22,-12,21,-12,69,0,19,-11,16,-10,13,-10,10,-9,7,-8,3,-7,0,-6,-2,-6,-5,-4,-7,-3,-9,-2,-11,-1,-13,0,22,10,-16,2,-17,2,-17,3,-16,2,-14,2,-12,1,-10,0,-2,-4,-2,-2,-3,-3,-6,-2,-8,1,-6,8,0,12,13,20,14,-1,9,-12,-2,-16,-14,-9,-17,4,-9,16,5,18,17,9,18,-5,9,-16,-4,-17,-14,-9,-14,2,-6,0,0,10,4,6,4,2,4,1,4,0,4,0,0,0,2,-7,-3,-8,-8,-6,-12,0,-10,8,-3,14,26,2,14,7,16,-3,11,-13,0,-18,-12,-13,-18,-1,-13,10,-2,17,10,12,16,1,11,-10,0,-16,-12,-10,-29,5,-5,12,6,10,12,0,5,-10,-6,-10,-12,0,-8,10]"
CSI_DATA,114500,d8:b1:90:d9:de:f0,-60,11,-99,-35,60,56,1708900758,100,0,228,0,"[7,-17,6,-18,5,-19,4,-19,2,-17,0,-15,-1,-13,66,-4,-2,-8,-2,-6,-2,-5,-2,-4,-1,-2,0,0,0,0,1,0,2,1,3,2,4,2,6,3,6,5,42,4,7,8,7,10,7,11,8,13,8,15,8,17,0,0,8,20,9,21,10,22,10,22,12,23,13,22,46,1,14,17,14,14,13,9,11,6,10,3,8,0,5,-2,2,-4,0,-6,-2,-7,-6,-8,-9,-8,-12,-7,1,10,-16,-4,-17,-4,-17,-2,-17,0,-16,0,-13,0,-10,0,0,4,1,3,2,4,4,3,8,0,7,-6,0,-12,-13,-20,-15,2,-8,13,4,16,15,6,15,-8,4,-18,-11,-15,-19,-2,-14,13,1,19,14,11,16,-2,9,-11,5,-6,-6,-6,-7,-1,-5,1,-4,2,-3,4,0,6,0,0,9,4,10,-2,6,-9,0,-13,-8,-10,-14,-2,2,28,-4,15,6,14,15,6,16,-6,7,-16,-6,-17,-17,-6,-15,8,-4,17,9,13,16,1,10,-12,-3,-15,-28,-11,-11,8,0,12,11,4,8,-7,-4,-11,-12,-2,-8,10]"
CSI_DATA,114501,d8:b1:90:d9:de:f0,-59,11,-99,-36,60,56,1708912213,100,0,228,0,"[19,-1,20,-1,20,-1,19,-2,17,-2,16,-2,13,-2,67,-4,9,-2,7,-2,5,-2,4,0,2,0,1,0,0,0,-1,2,-2,2,-4,2,-5,2,-7,2,-8,2,43,4,-12,0,-12,-2,-13,-4,-14,-7,-14,-9,-15,-12,0,0,-14,-16,-14,-19,-14,-21,-14,-21,-14,-22,-13,-22,50,10,-12,-19,-11,-16,-10,-13,-9,-10,-7,-6,-7,-3,-5,0,-4,3,-2,5,-1,7,0,10,1,12,3,14,21,0,6,16,7,16,7,16,6,16,5,14,4,12,3,9,-4,2,-2,2,-2,3,-2,6,2,8,8,6,12,-1,20,-13,-1,-14,-13,-9,-16,2,-9,14,4,18,16,9,19,-4,9,-17,-5,-19,-16,-9,-18,4,-9,14,2,14,0,9,10,1,7,-3,4,-4,2,-5,1,-6,-2,-7,0,0,-9,0,-10,5,-5,12,2,13,10,9,14,1,0,-29,6,-15,-4,-16,-14,-10,-18,1,-12,12,0,18,12,14,17,1,13,-11,0,-17,-12,-12,-16,1,-9,12,9,29,12,4,9,-7,0,-11,-9,-4,-8,7,2,12,11,5]"
CSI_DATA,114502,d8:b1:90:d9:de:f0,-58,11,-99,-36,60,56,1708923288,100,0,228,0,"[15,12,15,12,16,12,14,12,14,11,12,9,12,7,67,-4,9,4,7,3,5,2,4,2,2,1,1,1,0,0,-1,0,-2,0,-4,-1,-5,-2,-6,-4,-7,-5,43,4,-6,-10,-5,-12,-4,-14,-3,-16,-1,-19,0,-20,0,0,3,-22,5,-24,6,-24,8,-26,8,-24,8,-24,-69,0,8,-21,6,-19,4,-16,2,-14,0,-10,-1,-7,-3,-4,-4,-2,-5,0,-7,3,-8,5,-9,7,-9,9,67,10,-11,14,-11,15,-10,15,-10,14,-9,12,-8,10,-7,8,-4,-2,-4,0,-4,0,-6,3,-4,7,2,11,10,8,25,4,9,-12,-2,-16,-14,-10,-18,3,-10,16,4,19,17,10,19,-4,10,-17,-4,-19,-16,-10,-17,2,-9,12,-6,5,7,8,7,2,6,0,4,-1,4,-3,3,-6,0,0,-4,-8,-10,-4,-12,2,-9,10,-2,14,7,14,24,-16,16,-4,11,-13,0,-18,-12,-14,-19,-2,-15,10,-3,18,9,16,17,3,14,-9,2,-16,-10,-13,-16,0,-20,23,2,13,12,4,9,-7,-2,-11,-12,-2,-9,9,1,13]"
CSI_DATA,114503,d8:b1:90:d9:de:f0,-59,11,-99,-38,61,56,1708933480,100,0,228,0,"[2,17,2,18,1,18,0,18,0,16,0,14,0,13,64,-4,0,9,0,7,0,6,0,4,0,3,0,2,0,0,0,0,0,-1,1,-2,2,-4,4,-4,5,-5,41,4,10,-4,12,-3,14,-2,15,0,17,1,18,4,0,0,19,9,20,11,19,13,19,16,18,16,16,18,8,0,14,16,12,14,11,12,10,9,8,6,8,3,6,0,6,-2,5,-4,4,-6,4,-9,4,-11,3,-12,44,0,4,-16,3,-17,4,-17,4,-16,4,-14,4,-12,4,-9,-2,-4,-2,-3,-3,-3,-6,-3,-8,0,-8,7,-1,12,8,22,14,2,13,-8,3,-16,-9,-14,-17,-3,-15,10,-4,18,10,16,18,5,17,-8,6,-16,-5,-15,-12,-7,-4,-3,-7,6,-1,7,1,5,1,4,1,3,3,4,0,0,8,-1,6,-6,2,-10,-4,-11,-10,-7,-14,0,4,26,-4,15,5,15,14,9,17,-1,12,-12,1,-17,-10,-14,-16,-3,-14,9,-4,16,8,14,15,2,12,-8,4,-29,-10,-9,-12,2,-4,10,7,9,12,-1,6,-10,-4,-12]"
CSI_DATA,114504,d8:b1:90:d9:de:f0,-59,11,-99,-35,60,56,1708944248,100,0,228,0,"[-2,-18,-2,-19,-2,-19,-3,-19,-3,-17,-3,-15,-3,-13,66,-4,-3,-8,-3,-6,-2,-5,-1,-4,0,-2,0,-1,0,0,2,0,2,2,2,3,3,4,4,6,4,8,42,4,2,11,0,13,-1,14,-3,15,-4,17,-7,18,0,0,-11,19,-13,20,-14,21,-15,20,-15,20,-15,19,-9,9,-13,18,-11,17,-8,14,-6,12,-3,10,0,8,2,5,4,2,6,0,7,-2,8,-4,9,-6,11,-8,-56,0,11,-13,11,-14,11,-14,11,-13,10,-12,8,-10,6,-7,2,4,3,3,4,3,6,2,8,-2,5,-9,-2,-13,-15,-19,-15,4,-7,14,5,16,15,7,17,-7,6,-17,-8,-17,-19,-6,-17,8,-6,19,8,17,16,6,14,-5,8,-1,-1,-11,-5,-6,-5,-2,-6,0,-6,0,-6,4,0,0,2,10,8,7,12,1,11,-6,5,-13,-4,-14,-27,9,-16,0,-13,10,-4,17,8,15,17,6,17,-7,7,-17,-6,-17,-16,-6,-15,7,-4,15,8,13,15,2,22,-21,-2,-13,-10,-4,-8,6,2,11,11,3,8,-8,-1,-13]"
CSI_DATA,114505,d8:b1:90:d9:de:f0,-59,11,-99,-38,61,56,1708954599,100,0,228,0,"[-1,-17,-1,-19,-1,-19,-2,-18,-2,-17,-2,-15,-3,-12,64,-4,-3,-8,-3,-6,-2,-4,-2,-3,-1,-2,0,-1,0,0,1,0,2,2,2,2,3,4,3,6,3,7,41,4,2,10,1,12,0,14,-2,16,-3,16,-4,18,0,0,-8,20,-10,21,-10,22,-11,22,-11,22,-10,22,30,10,-8,20,-6,18,-4,16,-2,13,0,10,2,7,4,4,5,1,6,-1,6,-4,7,-6,7,-9,7,-11,-80,0,6,-16,6,-16,6,-17,5,-16,4,-14,4,-12,3,-9,2,4,2,3,2,2,6,2,8,-1,6,-8,-1,-12,-14,-18,-14,2,-8,14,4,16,16,7,16,-7,6,-18,-8,-16,-18,-5,-16,10,-4,18,9,15,16,4,13,-6,7,-2,-3,-9,-6,-5,-5,-1,-4,0,-5,1,-4,4,0,0,2,8,8,6,11,0,9,-8,3,-13,-6,-13,-23,14,-15,2,-10,12,0,17,11,13,18,1,14,-10,2,-17,-10,-14,-17,-1,-12,11,0,16,12,10,15,-2,14,-26,-6,-12,-12,0,-6,9,5,9,11,0,6,-10,-6,-11]"
CSI_DATA,114506,d8:b1:90:d9:de:f0,-59,11,-99,-38,61,56,1708965310,100,0,228,0,"[15,8,16,9,16,10,15,9,14,8,13,8,11,6,64,-4,8,4,6,3,5,2,4,2,2,1,2,1,0,0,0,0,-1,-1,-2,-2,-2,-3,-3,-5,-2,-6,41,4,0,-10,0,-12,2,-13,4,-14,7,-15,10,-16,0,0,14,-16,16,-16,18,-16,20,-14,20,-14,20,-13,65,0,18,-11,16,-10,13,-9,10,-8,7,-7,4,-6,1,-6,-2,-6,-4,-5,-6,-4,-8,-4,-10,-4,-12,-4,30,10,-16,-3,-17,-4,-17,-3,-16,-4,-14,-4,-12,-4,-9,-3,-4,0,-4,0,-4,0,-6,2,-4,8,2,10,9,8,24,4,10,-11,-1,-16,-12,-10,-17,1,-11,14,2,18,14,12,19,-1,13,-14,0,-19,-12,-13,-16,-1,-12,9,-5,3,4,9,6,4,5,0,4,0,4,0,4,-2,0,0,0,-8,-4,-8,-9,-4,-12,2,-9,8,-2,14,26,2,13,7,16,-2,11,-12,1,-16,-10,-14,-17,-3,-14,8,-4,16,8,14,16,4,14,-8,4,-15,-8,-12,-29,-4,-9,10,2,12,11,4,8,-7,-1,-11,-11,-6,-12,5]"
CSI_DATA,114507,d8:b1:90:d9:de:f0,-59,11,-99,-35,60,56,1708975378,100,0,228,0,"[-16,8,-17,8,-18,8,-17,8,-16,7,-13,7,-12,6,66,-4,-8,4,-6,4,-4,3,-3,2,-2,2,-1,0,0,0,0,0,2,-1,3,-2,4,-2,6,-2,7,0,42,4,11,1,12,4,13,5,13,8,14,11,14,13,0,0,13,17,13,19,13,21,12,23,11,23,10,23,54,0,8,20,8,17,8,15,7,11,7,8,6,4,6,1,5,-1,4,-4,4,-6,4,-9,2,-11,2,-13,59,0,1,-17,0,-18,0,-18,1,-17,1,-15,1,-13,1,-10,3,-3,2,-3,2,-4,0,-6,-4,-7,-10,-4,-12,4,-15,19,5,14,15,6,15,-6,6,-16,-8,-17,-17,-6,-17,8,-6,19,8,18,18,6,17,-7,7,-15,-4,-15,-1,-7,-10,0,-6,4,-2,4,-1,4,0,4,1,5,0,0,8,2,9,-3,6,-9,0,-13,-8,-11,-13,-4,-4,27,-8,13,1,17,12,13,17,2,15,-10,4,-17,-8,-15,-16,-5,-15,8,-4,16,8,14,15,3,12,-9,2,-30,-11,-8,-12,3,-2,11,8,8,11,-3,3,-12,-7,-10]"
CSI_DATA,114508,d8:b1:90:d9:de:f0,-59,11,-99,-39,61,56,1708986703,100,0,228,0,"[2,-18,3,-19,4,-19,3,-18,3,-17,3,-15,2,-13,66,-4,0,-9,0,-7,0,-5,0,-4,0,-2,1,0,1,0,1,1,0,2,0,4,0,6,-2,6,-4,7,42,4,-8,8,-10,7,-13,6,-15,4,-17,2,-19,0,0,0,-22,-3,-23,-6,-24,-7,-24,-9,-24,-11,-23,-11,-52,9,-19,-10,-17,-8,-15,-7,-13,-5,-10,-3,-7,0,-5,2,-3,4,0,6,0,7,2,9,4,11,6,12,48,0,8,15,9,15,8,15,8,15,6,13,4,12,3,9,1,5,2,4,2,4,5,4,9,0,9,-6,3,-12,-5,-24,-15,-4,-14,8,-4,16,8,15,17,4,17,-9,5,-19,-10,-17,-19,-6,-17,8,-6,17,5,16,13,8,6,6,8,-7,2,-8,0,-6,-2,-5,-4,-4,-6,-3,0,0,-8,5,-4,10,2,11,9,9,14,2,13,-7,-14,-25,-2,-16,-11,-12,-17,-2,-15,8,-6,17,6,17,16,8,17,-4,8,-15,-4,-17,-15,-8,-15,5,-6,14,14,26,13,2,8,-8,-2,-11,-10,-2,-7,8,2,12,11,5]"
CSI_DATA,114509,d8:b1:90:d9:de:f0,-59,11,-99,-38,61,56,1708997330,100,0,228,0,"[-4,18,-4,18,-4,18,-5,18,-4,16,-4,14,-3,12,64,-4,-2,8,-1,7,0,5,0,4,0,2,0,1,-1,0,0,0,0,-2,0,-4,1,-5,2,-6,4,-6,41,4,8,-6,10,-6,12,-4,14,-3,16,-2,18,0,0,0,22,4,22,6,23,8,23,9,23,10,22,10,49,0,19,10,17,8,14,6,12,4,10,2,8,0,5,-2,3,-4,0,-6,-1,-7,-2,-9,-4,-11,-6,-12,-52,10,-9,-14,-10,-14,-10,-14,-8,-14,-8,-12,-6,-11,-4,-9,0,-4,-2,-4,-2,-4,-4,-4,-8,-2,-10,5,-4,12,3,24,14,6,14,-6,6,-15,-7,-15,-16,-6,-16,8,-6,18,8,17,18,6,17,-7,7,-16,-5,-15,-12,-8,-6,-5,-7,6,-2,7,0,5,2,4,2,4,5,4,0,0,8,-5,4,-8,-2,-10,-9,-8,-13,-2,-12,6,14,24,2,15,11,11,16,2,14,-8,5,-16,-6,-16,-16,-7,-16,5,-7,15,5,15,15,6,14,-6,4,-14,-15,-25,-13,-1,-8,9,4,10,10,2,6,-8,-3,-11,-12,-4]"
CSI_DATA,114510,d8:b1:90:d9:de:f0,-59,11,-99,-36,61,56,1709008894,100,0,228,0,"[-3,16,-3,17,-4,17,-5,17,-3,15,-3,14,-3,11,60,-4,-1,8,-1,6,-1,5,0,4,0,3,0,1,0,0,0,0,1,-1,1,-2,2,-3,3,-3,5,-3,39,3,9,-3,11,-1,12,0,14,1,15,3,16,6,0,0,17,10,17,12,17,14,17,16,17,17,15,17,3,0,13,15,12,13,10,11,10,8,8,5,7,2,6,0,5,-2,5,-5,3,-6,3,-9,2,-11,2,-12,23,0,1,-15,1,-16,1,-17,1,-15,1,-14,1,-11,1,-9,0,-3,0,-3,0,-3,-3,-4,-8,-2,-10,3,-5,10,2,23,13,6,14,-5,6,-13,-5,-15,-15,-7,-17,5,-8,16,5,17,17,8,17,-5,9,-15,-2,-15,-11,-9,-3,-3,-7,5,-2,6,0,5,1,3,1,3,2,3,0,0,7,0,6,-5,3,-9,-4,-10,-10,-6,-13,0,3,24,-4,13,4,14,12,8,15,-1,11,-11,1,-16,-10,-13,-16,-2,-13,9,-2,15,9,13,14,1,10,-9,1,-28,-10,-7,-11,3,-3,11,7,8,11,-2,5,-11,-5,-11]"
CSI_DATA,114511,d8:b1:90:d9:de:f0,-58,11,-99,-34,59,56,1709019434,100,0,114,0,"[14,-8,17,-8,17,-6,17,-5,18,-6,18,-5,17,-5,17,-4,16,-5,15,-5,15,-5,16,-4,15,-5,16,-5,17,-5,18,-5,18,-6,20,-6,20,-6,21,-7,21,-6,23,-7,22,-7,23,-6,23,-5,23,-5,23,-3,23,-3,0,0,22,-2,23,-1,23,0,23,0,23,0,23,0,23,0,24,0,23,1,23,0,21,1,21,2,20,2,20,2,19,2,19,2,19,3,19,3,19,3,20,3,21,5,21,6,22,7,21,8,20,9,20,10,17,11,14,11]"
CSI_DATA,114512,d8:b1:90:d9:de:f0,-58,11,-99,-37,60,56,1709032463,100,0,114,0,"[16,4,17,6,18,8,17,8,18,8,18,8,16,8,15,8,16,7,15,7,15,6,15,6,16,6,16,5,17,5,18,5,19,5,19,6,21,6,21,5,21,6,22,6,22,7,22,7,21,8,23,8,21,8,21,8,0,0,21,9,20,10,20,10,20,10,21,10,21,10,20,10,21,11,21,10,19,10,19,10,18,10,18,10,18,9,16,9,16,9,16,9,16,10,16,10,17,10,17,11,18,13,18,13,18,14,16,16,16,15,13,16,12,15]"
CSI_DATA,114513,d8:b1:90:d9:de:f0,-58,11,-99,-36,60,56,1709043871,100,0,114,0,"[-8,15,-9,15,-11,15,-12,14,-12,16,-12,14,-12,14,-12,12,-9,12,-10,12,-9,12,-10,12,-9,12,-9,12,-10,13,-11,14,-11,14,-12,16,-12,16,-13,17,-14,16,-14,17,-14,17,-14,16,-15,16,-16,16,-16,14,-16,14,0,0,-16,14,-17,13,-17,12,-18,12,-18,12,-19,12,-19,11,-19,11,-19,10,-19,10,-19,9,-18,9,-17,8,-16,8,-16,7,-16,7,-16,7,-16,7,-18,7,-19,6,-19,6,-19,5,-21,4,-21,2,-21,2,-20,1,-19,0,-18,-1]"
CSI_DATA,114514,d8:b1:90:d9:de:f0,-58,11,-99,-37,60,56,1709054231,100,0,114,0,"[13,-11,14,-10,15,-10,16,-9,16,-10,16,-10,16,-8,15,-8,13,-9,13,-8,13,-8,13,-8,13,-9,13,-10,14,-10,15,-10,16,-11,17,-13,17,-13,18,-13,18,-14,18,-15,18,-15,18,-15,19,-14,19,-13,19,-13,19,-13,0,0,18,-10,19,-10,20,-10,21,-10,20,-10,21,-10,21,-10,21,-10,20,-10,20,-9,19,-8,19,-9,18,-8,18,-8,17,-8,18,-7,17,-7,17,-7,18,-7,18,-7,19,-6,20,-6,21,-5,21,-5,21,-4,21,-2,19,-2,18,0]"
CSI_DATA,114515,d8:b1:90:d9:de:f0,-58,11,-99,-36,60,56,1709065728,100,0,114,0,"[-15,-6,-16,-7,-16,-9,-15,-10,-16,-10,-14,-10,-14,-10,-13,-10,-12,-9,-12,-9,-12,-9,-12,-9,-13,-9,-13,-9,-14,-9,-14,-10,-15,-10,-16,-12,-16,-12,-17,-13,-17,-13,-17,-14,-17,-15,-17,-15,-16,-16,-16,-16,-16,-16,-14,-16,0,0,-14,-17,-14,-17,-13,-19,-12,-19,-11,-18,-10,-19,-10,-19,-10,-20,-9,-19,-9,-19,-9,-19,-9,-18,-8,-17,-7,-16,-7,-17,-7,-17,-6,-16,-5,-16,-4,-17,-4,-19,-4,-20,-3,-21,-3,-21,-2,-21,-1,-21,0,-20,1,-19,2,-17]"
CSI_DATA,114516,d8:b1:90:d9:de:f0,-58,11,-99,-37,60,56,1709077542,100,0,114,0,"[9,-15,10,-16,11,-16,12,-16,11,-16,11,-16,10,-15,10,-14,8,-15,8,-14,7,-14,7,-14,6,-15,6,-16,5,-17,5,-18,5,-18,5,-20,5,-21,4,-22,4,-22,3,-24,3,-24,2,-24,3,-24,3,-24,3,-23,3,-23,0,0,2,-24,3,-23,2,-24,2,-23,2,-23,2,-24,2,-23,1,-24,1,-23,1,-23,0,-21,0,-21,0,-20,0,-19,0,-19,0,-19,-1,-18,0,-18,-1,-19,-1,-21,-2,-21,-1,-21,0,-21,0,-23,0,-22,0,-21,1,-20,2,-18]"
CSI_DATA,114517,d8:b1:90:d9:de:f0,-58,11,-99,-34,59,56,1709088713,100,0,114,0,"[0,-17,0,-18,1,-19,2,-19,2,-20,2,-20,2,-18,2,-17,0,-17,1,-17,0,-16,0,-16,0,-17,-1,-17,-2,-18,-2,-20,-2,-20,-2,-21,-3,-23,-4,-23,-5,-23,-5,-24,-5,-23,-5,-23,-5,-24,-5,-24,-5,-23,-4,-23,0,0,-4,-23,-3,-22,-3,-23,-4,-23,-4,-23,-4,-24,-4,-23,-5,-23,-5,-23,-5,-23,-5,-22,-5,-21,-5,-20,-5,-19,-5,-18,-5,-17,-5,-17,-5,-18,-5,-19,-5,-20,-5,-20,-5,-20,-5,-20,-5,-23,-4,-23,-2,-22,-2,-20,0,-19]"
CSI_DATA,114518,d8:b1:90:d9:de:f0,-58,11,-99,-34,59,56,1709099935,100,0,114,0,"[14,10,14,11,14,13,13,14,14,14,13,14,12,13,11,13,11,12,11,11,11,11,12,11,13,11,14,11,14,11,16,11,17,11,17,12,18,13,20,13,19,12,20,14,20,13,20,13,20,14,20,14,20,14,19,14,0,0,17,14,18,14,19,14,19,15,18,15,17,15,17,15,19,16,17,15,18,15,17,14,17,14,16,13,15,12,16,12,14,12,15,12,14,12,15,12,15,14,16,14,16,14,16,16,16,17,15,17,14,17,13,17,10,15]"
CSI_DATA,114519,d8:b1:90:d9:de:f0,-58,11,-99,-37,60,56,1709110592,100,0,114,0,"[16,2,17,3,17,4,18,5,18,5,18,5,16,5,16,5,16,4,16,4,15,3,16,3,16,2,17,2,18,2,18,1,20,1,21,1,22,1,22,0,23,0,24,0,24,0,23,0,24,1,23,0,23,0,22,1,0,0,23,1,23,2,23,2,22,1,23,2,23,2,22,2,24,2,22,2,22,1,21,0,21,1,20,0,19,0,18,0,19,0,18,0,18,0,19,1,19,2,21,1,21,2,22,2,23,2,21,2,21,4,20,5,17,5]"
CSI_DATA,114520,d8:b1:90:d9:de:f0,-58,11,-99,-37,60,56,1709121463,100,0,114,0,"[-1,16,-2,17,-2,18,-3,18,-4,18,-4,18,-3,18,-3,16,-2,16,-2,16,-2,16,-2,16,-1,16,0,16,0,18,0,18,0,19,0,21,1,22,1,24,1,23,1,24,2,24,1,24,1,24,1,24,0,23,0,23,0,0,0,22,0,23,0,22,0,23,0,22,0,23,0,22,0,23,0,23,0,23,0,21,0,21,0,21,0,19,0,20,0,18,0,19,0,18,0,20,0,21,0,21,0,21,0,22,-1,23,-2,22,-2,21,-4,20,-4,17]"
CSI_DATA,114521,d8:b1:90:d9:de:f0,-58,11,-99,-37,60,56,1709132776,100,0,114,0,"[16,-4,17,-3,18,-2,18,-2,19,-1,18,0,18,0,16,0,16,-1,16,-1,15,-1,16,-1,16,-2,16,-2,18,-2,18,-3,19,-3,21,-3,21,-4,22,-4,22,-5,23,-5,24,-5,24,-5,24,-3,24,-2,23,-2,22,-2,0,0,23,-2,23,0,22,0,22,0,23,0,24,0,23,0,24,0,23,0,22,0,21,0,21,0,20,0,18,0,18,0,19,0,18,1,18,0,18,0,21,1,21,1,21,2,22,3,22,4,21,5,21,6,19,6,16,7]"
CSI_DATA,114522,d8:b1:90:d9:de:f0,-58,11,-99,-36,60,56,1709143407,100,0,114,0,"[-15,5,-16,4,-17,4,-17,3,-19,3,-17,2,-17,2,-16,2,-16,2,-15,3,-15,3,-15,4,-14,4,-15,4,-16,5,-17,6,-17,7,-19,7,-20,7,-21,8,-21,8,-21,9,-21,9,-21,8,-21,8,-21,8,-21,7,-20,7,0,0,-21,6,-21,5,-21,5,-22,6,-21,5,-23,5,-22,4,-23,4,-21,5,-21,5,-21,4,-20,5,-19,4,-18,4,-18,4,-19,4,-19,4,-17,4,-19,4,-19,3,-19,4,-20,3,-21,2,-21,2,-21,1,-20,0,-19,0,-17,-2]"
CSI_DATA,114523,d8:b1:90:d9:de:f0,-58,11,-99,-37,60,56,1709154774,100,0,114,0,"[5,-15,6,-16,7,-16,8,-16,8,-16,9,-15,9,-14,9,-13,8,-13,8,-13,8,-13,8,-13,7,-13,8,-14,8,-16,8,-16,8,-18,9,-18,10,-20,9,-21,10,-21,11,-21,11,-20,12,-21,11,-20,12,-19,13,-19,13,-18,0,0,14,-18,14,-17,14,-18,15,-17,16,-17,16,-17,16,-16,16,-16,16,-16,16,-16,16,-16,15,-14,14,-13,14,-13,13,-13,15,-13,14,-12,14,-12,16,-12,16,-11,16,-11,18,-11,18,-10,19,-10,20,-10,19,-8,18,-6,17,-5]"
CSI_DATA,114524,d8:b1:90:d9:de:f0,-58,11,-99,-37,60,56,1709166368,100,0,114,0,"[2,16,2,18,2,19,1,19,2,19,2,19,2,18,2,17,3,16,3,16,4,15,5,15,6,16,7,16,8,16,9,16,10,16,11,17,13,18,14,18,16,18,16,18,16,18,17,17,16,17,17,16,17,16,17,16,0,0,18,16,18,16,18,16,18,15,18,13,18,14,18,13,19,13,18,13,19,11,19,10,19,9,18,8,18,8,17,7,17,7,17,7,17,6,18,6,19,6,20,6,21,6,21,6,21,6,21,6,20,6,18,7,16,6]"
CSI_DATA,114525,d8:b1:90:d9:de:f0,-58,11,-99,-35,60,56,1709178158,100,0,114,0,"[17,0,17,1,18,2,17,2,19,1,18,2,17,1,16,2,16,0,15,0,15,0,15,0,15,-1,16,-2,17,-2,17,-2,18,-4,19,-4,21,-4,21,-6,21,-5,22,-6,22,-6,22,-6,22,-6,21,-5,22,-4,21,-5,0,0,20,-5,22,-5,22,-4,22,-5,22,-4,22,-5,21,-5,22,-5,20,-6,20,-6,19,-5,19,-5,18,-5,17,-5,17,-6,17,-6,17,-6,17,-6,17,-6,19,-6,19,-6,20,-6,21,-5,22,-4,21,-4,20,-4,19,-3,18,-2]"
CSI_DATA,114526,d8:b1:90:d9:de:f0,-58,11,-99,-37,60,56,1709189609,100,0,114,0,"[-3,16,-5,17,-5,18,-6,18,-5,18,-5,18,-6,16,-5,16,-4,16,-5,16,-4,15,-4,15,-3,16,-3,16,-3,17,-3,18,-2,19,-3,21,-3,21,-3,22,-2,22,-3,24,-4,24,-4,23,-3,23,-4,22,-5,21,-5,23,0,0,-6,21,-6,22,-6,22,-7,22,-7,22,-8,21,-7,21,-8,21,-8,21,-6,21,-6,20,-6,19,-6,18,-5,18,-6,17,-6,18,-6,17,-6,18,-7,18,-8,19,-8,19,-9,19,-9,19,-10,20,-11,19,-12,18,-11,16,-11,14]"
CSI_DATA,114527,d8:b1:90:d9:de:f0,-58,11,-99,-36,60,56,1709200781,100,0,114,0,"[13,9,14,11,14,12,13,13,14,14,12,13,12,14,11,12,11,11,10,12,11,11,11,11,11,11,12,11,12,12,14,12,14,13,16,14,16,14,16,15,16,14,17,15,16,16,17,16,16,16,15,16,14,16,14,16,0,0,14,17,14,18,13,17,14,19,13,17,12,19,12,19,12,19,12,19,12,19,10,17,11,17,10,16,9,16,9,16,9,15,9,16,9,15,9,16,8,18,9,18,9,19,7,21,7,21,6,21,4,21,3,20,2,17]"
CSI_DATA,114528,d8:b1:90:d9:de:f0,-58,11,-99,-36,60,56,1709211020,100,0,114,0,"[-14,-7,-14,-9,-14,-9,-14,-10,-15,-10,-14,-10,-14,-9,-13,-9,-14,-8,-14,-8,-13,-7,-14,-7,-14,-7,-14,-7,-16,-7,-16,-7,-17,-6,-19,-7,-19,-7,-20,-7,-20,-7,-21,-7,-21,-7,-21,-7,-21,-7,-20,-8,-21,-7,-20,-8,0,0,-19,-8,-19,-9,-19,-8,-19,-9,-20,-9,-20,-9,-20,-9,-20,-9,-19,-8,-19,-9,-19,-8,-18,-8,-17,-7,-17,-7,-16,-7,-16,-7,-16,-7,-17,-7,-17,-7,-18,-7,-19,-8,-19,-9,-19,-9,-19,-11,-18,-12,-17,-12,-16,-12,-14,-12]"
CSI_DATA,114529,d8:b1:90:d9:de:f0,-58,11,-99,-37,60,56,1709224378,100,0,114,0,"[-10,-13,-10,-15,-10,-16,-10,-16,-11,-16,-10,-16,-10,-15,-10,-14,-10,-13,-10,-13,-10,-13,-10,-12,-11,-12,-12,-12,-13,-13,-14,-13,-16,-13,-15,-13,-17,-14,-18,-13,-18,-14,-18,-14,-18,-14,-19,-14,-18,-14,-18,-14,-18,-13,-18,-15,0,0,-17,-14,-16,-14,-17,-15,-17,-15,-18,-16,-18,-16,-18,-15,-18,-15,-17,-14,-17,-14,-17,-13,-16,-13,-16,-12,-16,-12,-15,-10,-16,-11,-15,-10,-16,-10,-16,-11,-16,-12,-16,-12,-17,-13,-16,-13,-17,-14,-16,-14,-15,-15,-13,-14,-12,-14]"
CSI_DATA,114530,d8:b1:90:d9:de:f0,-58,11,-99,-34,59,56,1709235241,100,0,114,0,"[-17,3,-18,2,-19,2,-20,0,-20,0,-19,0,-18,0,-17,0,-17,1,-17,0,-16,1,-16,2,-17,2,-17,4,-18,5,-19,5,-19,5,-20,5,-21,6,-21,7,-22,8,-23,8,-23,8,-23,8,-23,8,-22,8,-22,8,-21,8,0,0,-23,7,-23,6,-23,6,-23,7,-23,7,-23,5,-23,7,-24,8,-23,7,-22,8,-21,8,-20,7,-20,8,-19,7,-18,7,-18,7,-17,7,-17,7,-17,7,-19,7,-20,7,-21,6,-21,7,-22,7,-22,5,-22,5,-20,3,-18,2]"
CSI_DATA,114531,d8:b1:90:d9:de:f0,-58,11,-99,-37,60,56,1709245456,100,0,114,0,"[13,-10,15,-10,16,-10,16,-10,16,-10,16,-9,15,-8,14,-8,13,-10,13,-10,12,-10,12,-10,12,-11,12,-12,11,-13,11,-14,11,-16,12,-16,12,-18,12,-18,12,-20,12,-21,12,-21,11,-21,10,-20,11,-20,10,-20,10,-20,0,0,10,-21,10,-19,10,-20,10,-20,10,-21,10,-20,9,-21,9,-21,8,-21,8,-20,7,-20,6,-20,5,-19,5,-18,5,-18,4,-18,4,-18,4,-18,4,-19,4,-20,5,-21,5,-21,5,-21,5,-23,5,-22,5,-21,6,-19,6,-17]"
CSI_DATA,114532,d8:b1:90:d9:de:f0,-58,11,-99,-36,60,56,1709256136,100,0,114,0,"[5,-15,6,-16,7,-16,7,-16,7,-16,7,-16,7,-15,6,-15,5,-15,4,-14,4,-14,3,-15,2,-15,2,-16,1,-16,1,-18,0,-19,0,-20,0,-21,-1,-21,-2,-22,-2,-23,-3,-22,-3,-23,-3,-22,-3,-22,-3,-21,-3,-21,0,0,-4,-21,-4,-21,-4,-21,-4,-21,-4,-21,-5,-21,-5,-21,-7,-21,-6,-20,-7,-19,-7,-19,-7,-19,-7,-18,-8,-16,-7,-16,-8,-16,-8,-16,-8,-16,-9,-16,-9,-17,-10,-18,-10,-18,-10,-19,-10,-19,-9,-19,-9,-19,-8,-18,-7,-16]"
CSI_DATA,114533,d8:b1:90:d9:de:f0,-58,11,-99,-37,60,56,1709266487,100,0,114,0,"[-17,0,-18,-2,-18,-5,-18,-5,-17,-5,-18,-6,-16,-6,-16,-6,-15,-6,-15,-5,-14,-6,-15,-6,-15,-5,-15,-5,-16,-6,-16,-7,-18,-7,-18,-8,-20,-8,-20,-8,-21,-9,-21,-10,-21,-10,-21,-11,-20,-11,-19,-12,-19,-13,-18,-13,0,0,-17,-13,-16,-15,-16,-16,-16,-16,-16,-16,-15,-17,-15,-17,-15,-18,-13,-18,-13,-17,-13,-16,-13,-17,-11,-16,-10,-16,-9,-16,-10,-16,-9,-16,-8,-16,-8,-17,-8,-18,-8,-19,-7,-20,-7,-21,-5,-21,-4,-21,-2,-21,-1,-19,0,-18]"
CSI_DATA,114534,d8:b1:90:d9:de:f0,-58,11,-99,-37,60,56,1709277384,100,0,114,0,"[16,-5,18,-5,18,-3,19,-2,20,-2,18,-1,18,0,16,0,17,0,16,0,16,0,16,0,16,0,17,0,18,0,19,0,20,0,21,0,22,0,23,0,24,0,25,0,24,1,24,1,24,2,24,4,23,5,22,5,0,0,21,7,23,8,22,8,22,9,22,9,22,10,21,10,21,11,20,11,20,11,18,11,18,11,17,11,16,11,16,10,16,11,15,12,15,12,14,13,15,13,15,14,14,16,14,17,13,18,11,18,10,18,8,18,5,16]"
CSI_DATA,114535,d8:b1:90:d9:de:f0,-58,9,-99,-38,60,56,1709287988,100,0,106,0,"[-11,10,-71,0,13,11,-82,0,51,11,79,0,92,11,52,0,-63,11,35,0,-30,11,17,0,1,0,7,0,30,0,-8,11,53,0,-37,11,55,0,-80,11,34,0,66,11,-8,11,25,11,-67,11,-2,10,0,0,0,0,1,11,-2,10,-41,10,5,11,-60,10,31,11,-40,10,59,11,22,11,83,11,-92,11,-87,11,-15,11,-68,11,51,0,-55,11,-84,0,-41,11,-32,0,-31,11,11,0,-28,11,23,0,-26,11,-8,0]"
CSI_DATA,114536,d8:b1:90:d9:de:f0,-58,11,-99,-37,60,56,1709298315,100,0,114,0,"[15,-7,16,-5,17,-5,18,-4,19,-5,18,-4,18,-3,17,-2,16,-3,16,-2,15,-4,16,-4,16,-5,16,-5,17,-5,17,-6,18,-6,19,-7,21,-8,21,-8,21,-7,22,-8,23,-8,22,-8,22,-7,22,-7,22,-7,22,-5,0,0,22,-4,22,-4,22,-3,24,-3,23,-2,24,-2,23,-2,23,-2,22,-2,21,-2,21,-2,21,-2,21,-2,19,-2,18,-2,18,-1,18,-1,18,0,19,0,20,0,21,0,21,1,22,1,24,2,22,2,21,4,20,5,17,5]"
CSI_DATA,114537,d8:b1:90:d9:de:f0,-58,11,-99,-33,59,56,1709309367,100,0,114,0,"[16,-9,17,-8,18,-7,18,-6,19,-8,18,-6,18,-5,16,-5,16,-5,15,-5,14,-5,16,-5,16,-5,16,-6,16,-7,18,-7,18,-8,20,-9,20,-9,21,-9,21,-9,22,-10,23,-9,22,-9,22,-8,24,-8,22,-7,22,-7,0,0,22,-5,23,-5,22,-4,24,-4,24,-3,24,-3,24,-3,24,-2,23,-2,23,-2,21,-1,21,-1,20,-1,19,-1,19,0,18,0,18,0,18,0,19,0,20,0,21,0,21,1,22,2,24,4,22,5,21,5,20,7,17,7]"
CSI_DATA,114538,d8:b1:90:d9:de:f0,-58,11,-99,-37,60,56,1709319935,100,0,114,0,"[-13,10,-15,10,-16,8,-16,9,-17,8,-16,8,-16,7,-15,6,-14,8,-14,7,-13,7,-14,7,-14,8,-14,8,-15,9,-16,9,-16,10,-17,10,-18,11,-18,11,-18,12,-18,13,-18,13,-18,12,-19,12,-19,11,-19,10,-18,10,0,0,-19,10,-19,8,-20,8,-21,8,-21,8,-21,8,-21,8,-21,8,-21,8,-21,8,-20,8,-20,7,-19,6,-18,6,-18,6,-18,6,-18,5,-18,6,-18,6,-19,5,-20,6,-21,5,-21,4,-24,2,-23,2,-23,1,-21,0,-18,-1]"
CSI_DATA,114539,d8:b1:90:d9:de:f0,-58,11,-99,-35,60,56,1709330474,100,0,114,0,"[-14,6,-16,6,-17,5,-17,4,-17,4,-17,4,-16,4,-16,3,-15,4,-15,4,-14,4,-15,4,-14,6,-15,6,-16,6,-16,7,-17,8,-17,8,-19,9,-18,10,-19,10,-19,9,-19,9,-19,10,-19,8,-20,9,-20,9,-19,8,0,0,-19,7,-19,8,-20,8,-20,8,-21,7,-21,6,-21,7,-22,6,-21,7,-19,6,-19,7,-19,7,-18,7,-18,6,-17,6,-17,6,-16,6,-17,6,-17,6,-18,5,-19,5,-20,5,-20,4,-22,5,-22,4,-21,3,-19,1,-18,0]"
CSI_DATA,114540,d8:b1:90:d9:de:f0,-58,11,-99,-36,60,56,1709340691,100,0,114,0,"[16,0,17,2,17,2,17,2,19,2,18,2,17,2,16,2,15,0,15,0,15,0,16,0,15,-1,16,-1,17,-2,17,-2,19,-3,20,-4,21,-4,21,-4,21,-5,22,-6,21,-6,21,-7,21,-6,21,-5,21,-6,21,-6,0,0,21,-6,21,-5,21,-6,22,-6,21,-5,21,-6,21,-7,21,-7,21,-7,20,-7,19,-7,19,-7,18,-7,16,-7,16,-7,17,-7,16,-7,16,-7,16,-7,18,-8,19,-9,19,-9,21,-8,21,-7,21,-7,20,-6,19,-4,19,-4]"
CSI_DATA,114541,d8:b1:90:d9:de:f0,-58,11,-99,-36,60,56,1709352318,100,0,114,0,"[0,-16,1,-16,2,-17,2,-17,2,-19,3,-17,4,-17,4,-15,2,-16,2,-15,1,-14,2,-16,2,-16,2,-16,2,-17,1,-17,0,-18,0,-21,0,-21,0,-22,0,-21,0,-23,0,-22,0,-22,0,-23,2,-22,2,-21,2,-21,0,0,2,-21,2,-21,3,-21,3,-22,4,-21,3,-21,3,-21,4,-21,3,-21,4,-21,4,-19,4,-19,3,-19,2,-18,2,-19,3,-18,2,-19,3,-18,3,-19,4,-19,4,-20,4,-21,6,-21,7,-21,8,-20,8,-19,8,-18,8,-15]"
CSI_DATA,114542,d8:b1:90:d9:de:f0,-58,11,-99,-37,60,56,1709363131,100,0,114,0,"[8,15,8,17,7,18,6,18,5,19,5,18,5,18,4,17,5,16,5,16,5,15,5,16,6,16,7,16,8,16,8,17,9,18,9,20,10,19,10,21,10,20,11,21,11,21,10,21,10,22,10,21,9,21,9,21,0,0,8,21,8,22,8,21,8,22,7,21,8,21,8,22,7,23,6,21,7,21,7,21,7,21,6,19,6,18,5,18,6,18,6,18,5,18,5,18,6,19,5,20,5,21,5,22,4,22,2,22,2,21,1,20,0,18]"
CSI_DATA,114543,d8:b1:90:d9:de:f0,-58,11,-99,-37,60,56,1709373175,100,0,114,0,"[-8,16,-9,16,-10,16,-10,16,-10,17,-10,16,-10,16,-9,15,-8,15,-7,15,-5,14,-6,15,-5,16,-5,16,-5,17,-5,18,-4,19,-4,21,-3,23,-3,24,-2,24,-2,24,-3,24,-2,24,-2,24,-2,24,-2,23,-2,23,0,0,-2,24,-2,24,-2,24,-2,24,-2,23,-2,24,-1,23,-2,24,-1,23,0,23,0,22,0,21,0,20,1,19,1,19,0,19,1,18,1,19,1,19,1,20,0,21,1,21,0,21,0,22,0,22,0,21,-1,19,-1,18]"
CSI_DATA,114544,d8:b1:90:d9:de:f0,-58,11,-99,-37,60,56,1709383854,100,0,114,0,"[3,17,2,18,2,19,2,19,2,20,2,18,2,18,2,17,3,16,3,16,4,15,4,15,5,16,7,16,7,16,8,16,9,18,10,18,11,18,12,19,13,18,13,19,14,18,14,18,13,18,13,18,13,18,13,18,0,0,13,18,13,18,13,18,14,18,14,17,15,18,14,17,15,18,15,17,15,16,14,16,15,15,14,14,14,13,14,12,14,12,13,12,14,12,15,12,15,12,16,13,16,14,16,14,16,15,16,15,15,15,14,14,13,14]"
CSI_DATA,114545,d8:b1:90:d9:de:f0,-58,11,-99,-35,60,56,1709394125,100,0,114,0,"[-3,15,-4,16,-5,17,-6,17,-4,18,-4,17,-4,16,-4,15,-2,15,-2,15,0,15,0,15,0,15,1,16,2,17,3,17,4,19,4,19,6,20,6,20,8,19,8,21,8,21,10,21,9,21,10,19,10,20,9,19,0,0,11,19,11,19,11,18,11,18,12,18,12,18,13,17,13,18,13,17,13,16,14,14,14,14,14,13,13,12,13,12,13,11,13,11,13,10,14,11,16,12,17,12,17,12,18,13,17,11,17,13,16,12,15,11,14,11]"
CSI_DATA,114546,d8:b1:90:d9:de:f0,-58,11,-99,-36,60,56,1709404340,100,0,114,0,"[-12,10,-14,10,-15,9,-16,9,-16,9,-16,8,-15,7,-15,7,-14,7,-14,7,-14,7,-13,7,-14,7,-14,8,-14,8,-15,9,-16,10,-17,10,-19,12,-18,11,-19,12,-20,11,-19,11,-20,12,-20,10,-21,9,-21,9,-20,8,0,0,-21,8,-20,6,-21,6,-21,6,-22,5,-21,5,-21,4,-22,4,-21,5,-21,4,-20,4,-20,3,-19,3,-19,2,-18,2,-18,2,-17,2,-18,2,-18,2,-20,1,-21,1,-21,0,-21,0,-22,-1,-21,-2,-21,-3,-19,-4,-18,-5]"
CSI_DATA,114547,d8:b1:90:d9:de:f0,-58,11,-99,-37,60,56,1709415212,100,0,114,0,"[-16,5,-18,4,-18,2,-18,2,-19,2,-19,2,-18,1,-17,0,-16,2,-16,1,-15,2,-16,1,-16,2,-17,2,-18,2,-18,2,-20,3,-21,2,-22,3,-22,3,-24,2,-24,4,-24,2,-24,2,-24,1,-24,1,-24,0,-24,0,0,0,-22,-1,-23,-1,-24,-2,-23,-2,-24,-2,-24,-3,-23,-3,-23,-4,-22,-4,-21,-4,-21,-4,-21,-4,-19,-4,-19,-4,-18,-4,-18,-4,-17,-5,-18,-5,-18,-5,-19,-6,-19,-7,-21,-8,-20,-9,-20,-10,-18,-10,-18,-10,-16,-11,-14,-12]"
CSI_DATA,114548,d8:b1:90:d9:de:f0,-59,11,-99,-34,60,56,1709426990,100,0,114,0,"[6,-14,7,-14,8,-15,8,-15,9,-16,8,-15,8,-14,7,-14,6,-14,5,-14,4,-14,4,-14,3,-14,2,-14,2,-16,2,-17,1,-18,1,-20,0,-20,0,-21,0,-21,-1,-22,-2,-22,-2,-22,-2,-21,-2,-21,-2,-21,-2,-20,0,0,-2,-20,-2,-20,-3,-20,-3,-20,-3,-20,-4,-20,-4,-20,-5,-21,-5,-20,-6,-20,-6,-18,-6,-18,-6,-18,-6,-17,-6,-16,-7,-16,-7,-16,-7,-16,-8,-16,-8,-17,-8,-18,-9,-18,-10,-18,-9,-18,-8,-19,-8,-18,-7,-17,-6,-17]"
CSI_DATA,114549,d8:b1:90:d9:de:f0,-58,11,-99,-37,60,56,1709438717,100,0,114,0,"[-16,-1,-18,-2,-18,-4,-18,-4,-19,-3,-19,-3,-18,-4,-17,-3,-16,-2,-16,-2,-15,-1,-16,-2,-16,0,-16,0,-18,0,-18,0,-20,0,-20,0,-21,1,-22,1,-24,2,-24,2,-24,2,-24,2,-24,2,-23,1,-23,0,-22,0,0,0,-22,0,-22,0,-22,0,-22,0,-23,0,-22,0,-22,0,-24,0,-23,0,-22,0,-21,0,-21,0,-19,0,-19,1,-18,1,-18,1,-18,0,-18,1,-18,2,-20,1,-21,0,-21,0,-22,0,-23,-1,-22,-2,-21,-2,-20,-2,-18,-3]"
CSI_DATA,114550,d8:b1:90:d9:de:f0,-58,11,-99,-37,60,56,1709451484,100,0,114,0,"[0,-16,1,-18,2,-18,2,-19,2,-19,1,-19,1,-18,1,-18,0,-16,0,-16,0,-16,-1,-16,-2,-16,-2,-16,-4,-18,-4,-18,-5,-19,-6,-20,-7,-21,-8,-21,-9,-22,-10,-23,-10,-22,-10,-22,-10,-21,-10,-21,-10,-21,-10,-21,0,0,-10,-20,-10,-20,-10,-21,-10,-19,-11,-20,-11,-20,-11,-19,-13,-20,-12,-19,-12,-18,-13,-17,-13,-16,-13,-16,-13,-16,-11,-14,-13,-14,-12,-13,-13,-13,-13,-14,-13,-15,-14,-16,-15,-16,-15,-16,-16,-16,-14,-17,-14,-17,-12,-15,-10,-15]"
CSI_DATA,114551,d8:b1:90:d9:de:f0,-58,11,-99,-37,60,56,1709461722,100,0,114,0,"[8,-14,10,-15,11,-15,12,-14,13,-13,13,-13,13,-12,13,-11,12,-11,12,-10,11,-10,11,-10,11,-10,11,-11,13,-11,13,-12,15,-13,15,-13,16,-14,16,-15,18,-14,18,-15,18,-15,18,-13,19,-13,20,-13,19,-11,19,-10,0,0,20,-9,21,-9,20,-8,21,-8,22,-7,22,-6,22,-5,23,-5,23,-5,21,-5,21,-5,21,-4,19,-3,19,-2,18,-2,18,-2,18,-2,18,-1,19,-1,21,0,21,0,21,1,22,2,23,3,23,4,21,5,19,6,16,7]"
CSI_DATA,114552,d8:b1:90:d9:de:f0,-58,11,-99,-36,60,56,1709473564,100,0,114,0,"[0,16,-2,16,-2,18,-3,18,-2,18,-2,18,-3,16,-2,16,-1,16,-1,16,0,15,0,16,0,16,0,16,1,16,2,17,3,19,3,20,3,21,4,21,5,21,5,22,5,22,6,22,5,22,5,22,5,21,4,21,0,0,5,21,5,21,4,21,4,21,6,21,5,21,6,21,6,22,7,21,7,21,7,20,7,19,7,18,7,17,7,17,7,17,7,16,7,17,7,17,7,19,8,19,9,19,8,20,8,21,7,21,6,21,6,19,4,17]"
CSI_DATA,114553,d8:b1:90:d9:de:f0,-59,11,-99,-35,60,56,1709484917,100,0,114,0,"[-6,-13,-6,-15,-6,-16,-4,-16,-5,-17,-4,-16,-3,-15,-3,-15,-4,-14,-4,-14,-4,-14,-5,-14,-6,-14,-6,-14,-6,-15,-7,-15,-8,-15,-8,-17,-9,-17,-11,-18,-11,-18,-11,-19,-11,-19,-11,-19,-11,-19,-11,-18,-10,-19,-9,-18,0,0,-9,-18,-9,-19,-8,-19,-9,-19,-8,-19,-9,-19,-8,-19,-8,-19,-8,-19,-8,-18,-8,-17,-9,-17,-8,-17,-8,-16,-8,-16,-8,-16,-8,-15,-8,-15,-8,-17,-8,-17,-8,-18,-8,-19,-8,-19,-8,-20,-7,-20,-6,-19,-4,-19,-3,-17]"
CSI_DATA,114554,d8:b1:90:d9:de:f0,-58,11,-99,-37,60,56,1709496062,100,0,114,0,"[15,-5,17,-4,18,-3,18,-2,18,-2,18,-2,17,-1,16,0,16,-2,16,-1,15,-2,16,-2,16,-3,16,-3,17,-4,18,-5,19,-5,20,-5,21,-6,21,-6,22,-6,23,-7,23,-6,24,-6,22,-5,23,-5,22,-5,22,-5,0,0,22,-4,22,-3,22,-2,22,-2,23,-2,23,-1,23,-1,24,-1,24,-2,23,-2,21,-2,21,-2,21,-2,20,-2,19,-2,19,-1,18,-1,19,-1,20,-1,21,0,21,0,23,0,23,0,24,1,24,2,23,3,20,4,18,5]"
CSI_DATA,114555,d8:b1:90:d9:de:f0,-58,11,-99,-34,59,56,1709506718,100,0,114,0,"[-13,-9,-14,-11,-14,-13,-14,-13,-13,-13,-12,-14,-11,-12,-11,-12,-11,-11,-11,-10,-11,-11,-11,-10,-12,-10,-14,-10,-14,-11,-16,-11,-17,-11,-17,-11,-19,-12,-19,-11,-20,-12,-20,-13,-22,-13,-21,-13,-20,-12,-20,-13,-20,-12,-20,-12,0,0,-18,-14,-17,-14,-18,-14,-18,-15,-18,-15,-17,-16,-18,-15,-19,-16,-18,-15,-17,-14,-17,-14,-17,-14,-17,-13,-17,-12,-14,-12,-15,-12,-14,-11,-14,-12,-15,-13,-16,-14,-17,-14,-17,-16,-17,-16,-16,-17,-15,-17,-14,-17,-12,-17,-10,-16]"
CSI_DATA,114556,d8:b1:90:d9:de:f0,-58,11,-99,-37,60,56,1709517945,100,0,114,0,"[14,-8,16,-7,17,-6,17,-5,18,-5,17,-5,17,-3,16,-3,15,-5,15,-4,14,-5,15,-5,15,-5,16,-5,16,-6,17,-7,18,-7,19,-8,20,-8,21,-8,21,-8,21,-10,22,-9,22,-10,23,-8,22,-8,22,-8,21,-7,0,0,22,-6,21,-5,21,-5,23,-5,22,-4,23,-3,22,-5,24,-3,23,-4,23,-4,21,-3,21,-2,20,-2,19,-2,19,-2,18,-2,20,-1,18,-2,19,-1,21,-2,22,-1,22,0,24,0,24,1,23,2,21,2,21,4,18,5]"
CSI_DATA,114557,d8:b1:90:d9:de:f0,-57,11,-99,-34,59,56,1709529389,100,0,114,0,"[4,-17,5,-17,7,-17,8,-17,8,-17,9,-17,9,-16,8,-14,8,-14,8,-14,8,-14,8,-14,7,-14,8,-15,8,-15,9,-16,9,-17,11,-19,11,-20,11,-20,11,-20,12,-20,13,-20,14,-20,14,-20,15,-19,15,-19,15,-18,0,0,17,-16,17,-16,17,-16,19,-16,19,-15,20,-14,20,-14,20,-14,20,-14,20,-14,19,-12,19,-11,17,-11,17,-10,17,-10,17,-9,17,-8,17,-8,19,-8,19,-8,20,-8,21,-7,23,-5,23,-5,23,-4,22,-2,21,-1,19,0]"
CSI_DATA,114558,d8:b1:90:d9:de:f0,-58,11,-99,-38,60,56,1709544945,100,0,114,0,"[17,-1,18,-1,19,-1,19,-1,19,-2,18,-3,17,-3,16,-4,14,-5,14,-6,13,-7,14,-8,14,-9,13,-11,12,-12,12,-14,11,-16,12,-17,11,-18,11,-20,10,-20,9,-22,8,-22,7,-23,6,-23,5,-23,5,-23,5,-23,0,0,3,-23,2,-23,1,-23,0,-23,0,-24,0,-24,-2,-23,-2,-23,-3,-23,-5,-22,-5,-21,-6,-20,-7,-19,-8,-18,-7,-17,-8,-17,-9,-15,-9,-16,-10,-15,-11,-17,-13,-17,-14,-17,-14,-17,-15,-17,-14,-17,-14,-17,-13,-15,-11,-14]"
CSI_DATA,114559,d8:b1:90:d9:de:f0,-58,11,-99,-37,60,56,1709563845,100,0,114,0,"[10,-11,12,-12,13,-12,14,-11,15,-11,14,-10,15,-9,13,-9,13,-10,12,-9,12,-10,12,-10,12,-10,12,-11,13,-12,13,-13,14,-14,14,-16,16,-16,16,-17,16,-17,16,-17,16,-16,16,-17,16,-17,16,-16,16,-16,16,-16,0,0,18,-15,16,-15,18,-14,18,-14,18,-14,19,-14,18,-14,18,-13,18,-13,17,-13,17,-13,17,-13,16,-13,16,-12,16,-12,16,-12,16,-11,16,-12,16,-11,17,-11,18,-11,18,-12,19,-11,20,-10,20,-10,20,-8,18,-7,17,-5]"
CSI_DATA,114560,d8:b1:90:d9:de:f0,-58,11,-99,-36,60,56,1709584373,100,0,114,0,"[-12,10,-14,10,-14,11,-15,10,-15,10,-15,9,-14,9,-13,9,-12,9,-12,9,-12,10,-10,10,-9,12,-10,12,-10,13,-9,14,-10,16,-11,16,-10,19,-9,19,-10,19,-11,19,-9,20,-10,21,-9,20,-7,21,-8,21,-8,21,0,0,-8,20,-9,20,-8,21,-8,21,-7,21,-8,21,-8,21,-8,21,-7,21,-5,21,-4,20,-3,20,-3,19,-3,19,-2,18,-2,19,-2,18,-2,19,-2,19,-2,20,-2,21,-3,21,-2,21,-2,22,-2,23,-3,21,-3,19,-4,17]"
CSI_DATA,114561,d8:b1:90:d9:de:f0,-58,11,-99,-36,60,56,1709604675,100,0,114,0,"[-16,0,-16,-2,-17,-3,-16,-3,-17,-2,-16,-3,-16,-2,-15,-3,-15,-2,-15,-2,-14,-2,-15,-2,-15,-1,-16,-2,-16,-1,-17,-1,-18,0,-20,-1,-21,0,-21,0,-21,-1,-23,0,-23,0,-23,-1,-22,-2,-21,-2,-21,-2,-21,-2,0,0,-21,-2,-21,-4,-21,-4,-21,-4,-20,-4,-21,-4,-21,-4,-22,-5,-21,-5,-21,-5,-20,-4,-19,-5,-19,-4,-18,-4,-17,-4,-17,-4,-16,-5,-16,-4,-17,-5,-19,-6,-19,-7,-20,-8,-20,-9,-20,-10,-19,-11,-18,-10,-16,-11,-14,-11]"
CSI_DATA,114562,d8:b1:90:d9:de:f0,-58,11,-99,-37,60,56,1709620397,100,0,114,0,"[-7,16,-8,16,-9,16,-10,16,-9,17,-8,16,-9,16,-8,14,-6,15,-7,15,-6,14,-7,15,-5,16,-5,16,-5,16,-5,17,-5,18,-5,21,-4,21,-5,23,-5,23,-4,24,-5,23,-4,24,-5,24,-5,23,-5,22,-5,23,0,0,-5,21,-5,21,-5,21,-6,22,-6,21,-6,22,-6,21,-7,23,-5,21,-5,22,-5,21,-5,20,-5,19,-4,18,-3,19,-3,18,-3,18,-3,18,-4,19,-5,20,-5,21,-5,21,-6,21,-8,22,-8,21,-8,20,-8,19,-8,17]"
CSI_DATA,114563,d8:b1:90:d9:de:f0,-58,11,-99,-36,60,56,1709633699,100,0,114,0,"[-15,-4,-16,-5,-17,-6,-16,-6,-18,-5,-16,-5,-16,-5,-15,-5,-15,-3,-15,-4,-14,-2,-15,-2,-15,-2,-16,-2,-16,-1,-17,-1,-19,0,-21,0,-21,0,-22,1,-22,0,-24,1,-24,0,-24,2,-23,1,-23,1,-22,0,-21,1,0,0,-21,0,-21,0,-21,0,-22,1,-22,0,-22,0,-22,0,-23,0,-21,2,-21,1,-20,1,-21,1,-19,2,-19,2,-19,2,-17,3,-17,2,-17,2,-18,2,-19,2,-19,2,-20,2,-21,2,-21,2,-21,1,-20,0,-19,0,-18,0]"
CSI_DATA,114564,d8:b1:90:d9:de:f0,-57,11,-99,-34,59,56,1709644114,100,0,114,0,"[-15,7,-17,7,-17,7,-17,5,-19,6,-18,6,-17,5,-16,6,-15,8,-15,7,-14,8,-14,8,-13,9,-14,11,-14,11,-14,12,-15,14,-15,14,-16,16,-14,17,-15,18,-16,19,-15,18,-15,18,-14,18,-14,18,-14,18,-14,18,0,0,-14,19,-14,18,-14,18,-14,19,-14,20,-14,20,-14,19,-14,20,-13,19,-11,20,-11,20,-10,19,-9,19,-8,18,-8,18,-8,18,-8,17,-7,18,-7,18,-7,19,-8,20,-8,20,-8,20,-9,22,-9,22,-10,20,-9,18,-9,16]"
CSI_DATA,114565,d8:b1:90:d9:de:f0,-58,11,-99,-37,60,56,1709664158,100,0,114,0,"[16,0,18,1,18,2,18,3,19,4,17,4,17,3,16,3,16,2,16,2,15,2,16,2,16,2,16,1,18,1,18,0,20,0,21,0,22,0,24,0,23,0,24,0,24,0,24,0,24,1,24,2,23,2,22,2,0,0,23,2,23,3,23,4,24,3,22,4,23,4,23,4,23,4,22,5,22,4,21,4,21,3,20,3,18,2,19,3,18,3,18,3,17,3,18,4,19,5,20,5,21,6,21,6,21,8,21,8,19,8,18,9,16,9]"
CSI_DATA,114566,d8:b1:90:d9:de:f0,-58,11,-99,-37,60,56,1709674218,100,0,114,0,"[11,-11,13,-12,13,-12,14,-12,14,-12,14,-12,13,-10,13,-11,11,-11,11,-11,10,-11,10,-12,10,-13,10,-13,10,-14,10,-16,10,-17,10,-18,11,-20,10,-20,10,-21,10,-22,10,-22,10,-22,10,-21,10,-21,10,-21,10,-21,0,0,10,-21,10,-21,10,-21,9,-21,10,-22,10,-22,8,-21,9,-21,8,-21,8,-21,8,-20,6,-19,6,-18,5,-18,5,-18,5,-18,5,-16,5,-18,5,-18,5,-18,5,-19,5,-20,5,-20,7,-21,7,-20,8,-19,8,-17,8,-16]"
CSI_DATA,114567,d8:b1:90:d9:de:f0,-58,11,-99,-34,59,56,1709684235,100,0,114,0,"[-6,-15,-5,-17,-5,-18,-5,-18,-6,-18,-6,-18,-5,-17,-5,-16,-7,-14,-7,-14,-8,-14,-8,-13,-10,-13,-11,-13,-12,-14,-14,-14,-15,-14,-16,-14,-17,-14,-18,-14,-20,-14,-21,-13,-21,-12,-23,-11,-21,-12,-22,-11,-21,-11,-20,-11,0,0,-20,-10,-20,-9,-21,-9,-22,-9,-23,-8,-23,-8,-23,-7,-23,-7,-22,-6,-22,-5,-21,-4,-22,-3,-20,-2,-20,-2,-19,-2,-20,-1,-19,-1,-19,0,-20,0,-20,0,-21,0,-21,0,-22,0,-23,0,-23,0,-22,0,-20,0,-19,-1]"
CSI_DATA,114568,d8:b1:90:d9:de:f0,-58,11,-99,-37,60,56,1709704104,100,0,114,0,"[14,-10,16,-10,16,-9,17,-10,17,-9,17,-8,16,-8,15,-8,13,-9,13,-9,12,-10,12,-10,13,-10,13,-11,13,-12,13,-13,13,-15,14,-16,15,-18,14,-18,15,-19,14,-20,14,-20,13,-21,14,-20,16,-19,15,-19,14,-18,0,0,13,-18,13,-18,15,-18,15,-18,15,-19,14,-19,13,-19,13,-20,13,-19,13,-19,13,-18,11,-18,10,-17,10,-17,10,-16,10,-16,8,-15,9,-17,9,-17,9,-17,10,-18,10,-18,10,-18,12,-18,13,-18,13,-17,12,-16,12,-13]"
CSI_DATA,114569,d8:b1:90:d9:de:f0,-58,11,-99,-38,60,56,1709714249,100,0,114,0,"[9,-14,10,-15,11,-15,11,-15,11,-15,11,-14,10,-14,9,-14,7,-14,7,-14,6,-14,5,-14,5,-15,4,-16,4,-17,2,-18,2,-20,2,-21,2,-22,0,-23,0,-23,0,-25,0,-24,-1,-24,-1,-24,-1,-24,-1,-24,-1,-23,0,0,-2,-23,-2,-23,-2,-23,-2,-23,-3,-23,-4,-23,-4,-23,-5,-23,-5,-23,-5,-23,-6,-22,-7,-20,-7,-19,-7,-18,-7,-17,-7,-17,-8,-16,-8,-17,-8,-17,-8,-17,-9,-17,-10,-18,-10,-18,-9,-20,-8,-20,-8,-19,-8,-18,-6,-16]"
CSI_DATA,114570,d8:b1:90:d9:de:f0,-58,11,-99,-34,59,56,1709724440,100,0,114,0,"[11,-13,12,-13,14,-11,14,-11,14,-11,15,-11,14,-9,14,-9,13,-9,13,-9,13,-8,13,-8,13,-10,14,-11,14,-11,14,-11,16,-12,17,-12,18,-14,17,-14,20,-14,20,-14,20,-14,20,-14,20,-13,20,-12,20,-12,21,-11,0,0,21,-11,20,-8,23,-8,22,-8,24,-7,23,-7,23,-6,23,-6,22,-5,22,-6,21,-5,21,-5,20,-5,20,-4,19,-4,20,-3,18,-2,20,-2,20,-2,20,-2,21,-1,21,0,22,0,23,0,23,1,22,3,20,4,18,5]"
CSI_DATA,114571,d8:b1:90:d9:de:f0,-58,11,-99,-37,60,56,1709734471,100,0,114,0,"[-7,14,-8,15,-10,16,-10,15,-10,14,-10,14,-10,13,-10,13,-9,13,-8,13,-8,13,-8,13,-8,14,-8,15,-8,16,-8,16,-8,17,-9,18,-8,19,-8,20,-9,21,-8,21,-8,22,-8,22,-9,21,-8,21,-9,20,-9,21,0,0,-10,20,-10,19,-10,19,-10,20,-11,19,-12,20,-11,21,-10,20,-11,19,-11,18,-9,18,-10,18,-9,18,-9,17,-9,16,-9,16,-8,16,-9,16,-10,16,-9,17,-10,18,-11,18,-11,18,-12,18,-13,18,-13,16,-13,15,-13,13]"
CSI_DATA,114572,d8:b1:90:d9:de:f0,-58,11,-99,-36,60,56,1709753835,100,0,114,0,"[15,4,16,5,16,7,16,8,16,8,15,8,15,8,14,8,14,7,13,7,13,7,13,7,14,7,14,7,16,7,16,7,18,6,19,7,19,7,20,7,21,7,21,8,21,9,22,9,21,9,21,9,20,9,19,10,0,0,19,10,19,11,19,11,19,12,19,12,19,12,19,13,19,14,19,13,18,12,17,12,17,11,16,11,15,11,15,10,15,10,14,11,14,11,14,11,14,12,15,13,15,14,16,14,15,15,14,15,12,15,12,16,9,14]"
CSI_DATA,114573,d8:b1:90:d9:de:f0,-58,11,-99,-37,60,56,1709773878,100,0,114,0,"[17,0,18,0,18,0,18,0,19,1,18,1,18,0,17,0,16,-1,16,-1,15,-2,16,-2,16,-4,16,-5,17,-5,18,-6,18,-8,18,-8,19,-10,19,-11,19,-12,21,-13,20,-13,20,-13,19,-13,19,-13,18,-13,18,-13,0,0,18,-14,18,-14,18,-15,18,-16,17,-16,18,-16,17,-16,17,-17,16,-16,15,-16,14,-17,13,-17,12,-16,11,-16,10,-16,10,-16,9,-16,9,-16,9,-17,10,-18,10,-18,10,-18,10,-19,10,-20,10,-19,10,-18,10,-17,9,-15]"
CSI_DATA,114574,d8:b1:90:d9:de:f0,-58,11,-99,-34,59,56,1709793757,100,0,114,0,"[-17,-5,-17,-7,-17,-8,-17,-8,-17,-8,-17,-8,-16,-8,-15,-8,-15,-5,-15,-5,-15,-5,-15,-4,-15,-4,-17,-4,-17,-3,-18,-3,-20,-2,-20,-3,-22,-2,-23,-2,-23,-2,-24,-1,-24,-1,-25,-1,-23,-1,-24,-2,-23,-1,-23,-2,0,0,-24,-2,-23,-2,-23,-2,-23,-2,-24,-2,-23,-2,-23,-2,-24,-2,-23,-2,-22,-1,-22,-2,-21,-1,-20,-1,-20,0,-18,0,-20,0,-17,0,-18,0,-19,0,-20,0,-21,0,-21,0,-22,0,-23,-2,-22,-2,-22,-2,-20,-3,-19,-4]"
CSI_DATA,114575,d8:b1:90:d9:de:f0,-58,11,-99,-36,60,56,1709804135,100,0,114,0,"[8,-14,9,-14,10,-15,11,-14,11,-15,10,-14,10,-14,9,-13,7,-14,7,-14,7,-14,7,-14,6,-14,6,-15,5,-15,4,-16,4,-18,5,-19,4,-21,4,-22,3,-21,2,-22,3,-22,2,-23,3,-23,2,-21,2,-22,2,-21,0,0,1,-21,2,-21,2,-21,1,-22,1,-21,0,-22,0,-21,1,-23,0,-22,0,-23,0,-21,0,-20,-1,-19,-2,-19,-2,-19,-2,-19,-2,-19,-2,-18,-3,-19,-2,-19,-2,-20,-2,-21,-3,-21,-2,-21,-1,-22,-1,-21,-1,-20,0,-18]"
CSI_DATA,114576,d8:b1:90:d9:de:f0,-59,9,-99,-36,60,56,1709814663,321,0,106,0,"[-70,0,16,0,82,0,2,0,48,0,-31,0,19,0,-74,0,6,0,65,0,2,0,33,0,5,0,0,0,6,0,-32,10,0,0,-67,10,-19,10,88,10,-56,10,68,10,70,10,60,10,25,10,65,10,0,0,0,0,-60,9,-88,10,-88,9,-79,10,-87,9,-81,10,-56,9,-80,10,10,10,-83,10,-88,10,-79,10,-13,10,-67,10,58,0,-48,10,-71,0,-21,10,-21,0,9,0,13,0,41,0,16,0,57,0,-12,0]"
CSI_DATA,114577,d8:b1:90:d9:de:f0,-58,11,-99,-36,60,56,1709834413,100,0,114,0,"[4,-15,5,-16,6,-17,7,-18,7,-16,7,-16,7,-15,6,-15,5,-15,5,-14,4,-14,4,-14,3,-15,3,-16,2,-16,2,-17,2,-19,2,-20,2,-21,1,-21,1,-22,1,-23,1,-23,1,-23,1,-22,0,-21,1,-21,1,-22,0,0,1,-21,2,-21,2,-21,2,-22,1,-22,1,-22,1,-22,1,-23,1,-22,0,-22,0,-21,0,-20,0,-19,0,-19,0,-19,0,-19,0,-18,0,-19,0,-18,0,-20,0,-21,0,-21,0,-21,0,-22,1,-23,2,-22,2,-20,2,-18]"
CSI_DATA,114578,d8:b1:90:d9:de:f0,-58,11,-99,-37,60,56,1709844458,100,0,114,0,"[14,-10,16,-10,16,-10,16,-10,17,-10,16,-10,16,-9,14,-9,13,-10,12,-10,12,-10,12,-11,11,-12,11,-13,10,-15,10,-16,10,-16,11,-18,11,-19,10,-21,10,-20,10,-22,9,-21,8,-23,9,-21,8,-21,8,-22,8,-21,0,0,8,-21,7,-21,7,-21,7,-23,6,-22,6,-23,5,-23,5,-24,4,-23,3,-23,2,-22,2,-21,1,-20,1,-19,0,-19,0,-18,0,-18,0,-18,0,-19,0,-20,0,-21,-1,-21,0,-21,0,-24,0,-24,0,-23,0,-21,1,-18]"
CSI_DATA,114579,d8:b1:90:d9:de:f0,-58,11,-99,-37,60,56,1709864230,100,0,114,0,"[-14,-8,-15,-8,-15,-10,-14,-11,-16,-11,-15,-10,-14,-11,-14,-10,-13,-8,-13,-9,-13,-8,-14,-8,-15,-8,-15,-7,-16,-7,-18,-6,-18,-7,-20,-7,-21,-7,-21,-7,-22,-6,-23,-6,-23,-6,-23,-6,-23,-6,-23,-6,-22,-6,-21,-5,0,0,-21,-6,-22,-6,-21,-7,-22,-7,-22,-6,-22,-7,-22,-6,-23,-7,-21,-5,-21,-5,-21,-5,-21,-4,-20,-3,-18,-4,-19,-3,-18,-3,-18,-4,-18,-2,-19,-3,-20,-4,-21,-4,-21,-5,-22,-5,-22,-5,-21,-5,-20,-6,-19,-7,-16,-6]"
CSI_DATA,114580,d8:b1:90:d9:de:f0,-58,11,-99,-38,60,56,1709874391,100,0,114,0,"[3,16,2,17,2,18,2,19,2,19,2,18,2,17,2,17,3,16,3,16,4,15,5,15,6,16,7,15,8,16,9,17,11,17,11,17,12,18,14,18,14,18,15,18,15,18,16,19,16,17,16,17,16,17,15,16,0,0,17,17,16,16,17,17,17,16,17,15,17,15,17,15,18,15,18,14,18,14,18,12,18,11,18,11,17,10,16,9,17,9,17,8,17,8,17,8,18,9,19,9,20,10,20,10,20,9,20,10,19,10,17,10,16,9]"
CSI_DATA,114581,d8:b1:90:d9:de:f0,-57,11,-99,-34,59,56,1709893986,100,0,114,0,"[10,14,10,15,10,17,9,17,10,17,10,17,8,16,8,16,8,14,8,14,9,13,9,14,11,13,11,14,12,14,13,14,14,14,16,14,17,14,17,14,18,16,20,15,19,15,20,14,18,14,19,14,18,15,17,14,0,0,18,14,17,14,18,14,19,14,18,14,18,14,18,14,19,14,19,14,18,13,18,12,18,12,17,11,17,11,17,9,17,10,17,10,17,10,17,10,17,11,18,11,19,11,19,12,20,13,19,14,18,14,17,14,14,12]"
CSI_DATA,114582,d8:b1:90:d9:de:f0,-57,11,-99,-34,59,56,1709913765,100,0,114,0,"[6,16,5,17,5,19,4,20,4,20,4,19,3,18,2,18,4,17,4,16,4,16,4,16,5,15,5,16,6,17,6,18,8,19,7,20,8,21,9,21,8,22,8,23,8,22,8,23,8,23,7,23,7,23,7,23,0,0,6,23,5,23,5,23,5,23,4,24,3,24,5,23,4,24,3,23,3,23,4,22,3,21,4,20,3,19,2,19,2,20,2,19,2,20,2,20,2,21,2,22,1,23,1,23,0,23,-1,23,-2,23,-2,20,-4,20]"
CSI_DATA,114583,d8:b1:90:d9:de:f0,-58,11,-99,-36,60,56,1709925076,100,0,114,0,"[-4,-14,-4,-16,-4,-17,-2,-18,-2,-17,-2,-16,-1,-16,0,-16,-2,-16,-2,-15,-1,-14,-1,-15,-2,-15,-2,-16,-2,-16,-2,-17,-3,-18,-2,-19,-2,-21,-2,-21,-2,-22,-2,-23,-2,-23,-2,-23,-1,-23,0,-21,0,-22,0,-23,0,0,1,-22,2,-22,2,-21,2,-22,3,-21,4,-21,3,-21,4,-22,4,-21,4,-21,4,-20,4,-19,5,-18,4,-18,4,-17,5,-17,5,-17,6,-16,6,-17,7,-17,7,-18,8,-18,9,-19,11,-19,12,-18,12,-16,12,-14,11,-12]"
CSI_DATA,114584,d8:b1:90:d9:de:f0,-57,11,-99,-35,59,56,1709943737,100,0,114,0,"[-16,6,-17,6,-20,5,-20,5,-20,3,-19,3,-18,3,-17,3,-16,3,-16,3,-16,3,-16,3,-16,4,-16,4,-18,5,-20,5,-20,6,-21,6,-21,6,-22,7,-23,7,-24,7,-24,7,-25,6,-23,6,-23,6,-24,5,-24,5,0,0,-23,3,-24,2,-23,2,-23,2,-23,2,-24,1,-24,0,-24,1,-23,0,-23,1,-22,1,-22,0,-21,0,-20,0,-20,0,-20,0,-20,0,-20,0,-20,0,-21,0,-22,0,-23,-2,-23,-3,-23,-3,-23,-5,-23,-6,-20,-6,-17,-6]"
CSI_DATA,114585,d8:b1:90:d9:de:f0,-59,9,-99,-36,60,56,1709955676,98,0,106,0,"[28,0,-88,10,7,0,-65,10,-32,0,-36,10,-75,0,-12,10,68,0,-2,10,33,0,-2,10,3,0,-8,10,-30,10,-9,10,-63,10,-5,10,88,10,16,0,65,10,50,0,55,10,-80,0,51,10,-31,0,0,0,0,0,67,10,56,0,73,10,82,0,77,10,79,0,75,10,45,0,79,10,-21,0,89,10,76,0,-67,10,0,10,-41,10,-64,10,-7,10,66,10,27,0,23,10,60,0,-3,9,76,0,-7,9,71,0]"
CSI_DATA,114586,d8:b1:90:d9:de:f0,-59,11,-99,-34,60,56,1709973966,100,0,228,0,"[17,-6,18,-6,19,-5,18,-4,17,-4,15,-4,13,-3,64,-4,9,-2,7,-2,6,-1,4,-1,2,0,1,0,0,0,0,1,-2,1,-4,1,-5,0,-6,0,-8,-1,41,4,-10,-5,-10,-8,-10,-10,-9,-12,-8,-15,-7,-18,0,0,-4,-22,-2,-23,-1,-25,0,-25,2,-26,3,-24,4,0,3,-22,2,-19,2,-16,0,-14,0,-10,-2,-7,-4,-4,-5,-2,-6,1,-7,3,-8,5,-9,7,-10,9,71,10,-12,12,-12,12,-12,12,-12,11,-11,10,-10,8,-8,5,-3,3,-2,3,-2,4,-1,6,2,8,9,6,12,-2,20,-14,-2,-14,-12,-9,-16,2,-10,14,2,18,14,11,19,-2,12,-15,-2,-20,-14,-12,-18,0,-12,11,-2,15,-2,8,9,4,8,0,5,-2,4,-4,3,-4,1,-6,0,0,-6,-6,-10,-1,-10,5,-5,11,2,14,10,10,19,-20,14,-6,8,-14,-2,-16,-12,-12,-18,0,-14,11,-3,18,10,14,17,4,14,-9,3,-17,-9,-13,-15,-1,-22,20,2,13,10,5,10,-6,0,-11,-10,-5,-11,6,-2,12]"
CSI_DATA,114587,d8:b1:90:d9:de:f0,-59,11,-99,-36,60,56,1709984011,100,0,228,0,"[19,1,19,2,20,2,19,1,18,1,16,0,14,0,67,-4,9,0,7,0,6,0,4,0,3,0,2,0,0,0,0,0,-2,0,-3,0,-5,0,-6,-1,-7,-2,43,4,-9,-6,-9,-8,-9,-11,-8,-13,-7,-16,-6,-18,0,0,-4,-21,-2,-24,-2,-25,0,-26,0,-26,0,-26,18,0,0,-23,0,-19,-1,-16,-2,-14,-4,-10,-4,-7,-4,-3,-6,-1,-6,2,-7,4,-7,7,-7,9,-7,12,84,10,-7,15,-7,16,-7,16,-7,15,-7,14,-6,12,-4,9,-4,2,-2,2,-3,2,-3,4,0,7,6,8,12,2,24,-8,2,-14,-9,-12,-16,-2,-13,11,-1,19,12,14,19,0,14,-13,0,-19,-12,-15,-18,-2,-14,10,-3,15,-2,7,9,4,7,0,5,-3,3,-3,2,-4,1,-6,0,0,-6,-5,-10,0,-9,5,-5,12,2,13,11,9,16,-22,14,-8,6,-15,-4,-16,-14,-9,-18,2,-11,14,0,18,13,12,17,0,12,-13,-1,-16,-13,-9,-15,4,-14,27,6,12,13,1,7,-9,-4,-11,-12,-1,-8,9,2,13]"
CSI_DATA,114588,d8:b1:90:d9:de:f0,-59,11,-99,-35,60,56,1709994185,100,0,228,0,"[-8,16,-9,17,-10,17,-9,17,-8,16,-6,14,-5,13,66,-4,-3,8,-2,7,-2,5,-1,4,-1,2,-2,1,-2,0,-1,-2,-1,-3,0,-4,0,-6,1,-7,3,-8,42,4,7,-9,9,-9,12,-8,14,-8,16,-7,19,-6,0,0,22,-3,24,-2,25,-1,26,0,26,0,26,0,-80,0,22,0,19,0,17,0,13,-2,10,-2,6,-3,3,-4,0,-4,-2,-5,-5,-5,-8,-5,-11,-5,-13,-5,44,10,-16,-4,-17,-4,-17,-3,-17,-3,-15,-3,-13,-3,-9,-2,0,-5,-1,-4,-1,-4,-4,-4,-8,-2,-10,4,-6,11,0,24,13,6,15,-5,6,-15,-7,-16,-17,-6,-17,8,-5,19,9,17,19,6,17,-8,6,-17,-6,-16,-13,-7,-7,-6,-6,8,-1,8,2,6,4,5,5,4,6,2,0,0,6,-7,1,-11,-6,-11,-12,-5,-14,3,-9,12,23,17,8,14,16,5,17,-6,8,-15,-4,-17,-15,-10,-18,2,-11,14,2,17,14,9,17,-3,8,-13,-5,-14,-28,-9,-11,7,0,11,9,4,8,-6,-2,-11,-11,-4,-11,6]"
CSI_DATA,114589,d8:b1:90:d9:de:f0,-59,11,-99,-39,61,56,1710013717,100,0,228,0,"[-11,14,-11,15,-11,15,-11,15,-10,13,-9,13,-7,11,66,-4,-4,8,-4,6,-3,5,-2,4,-2,2,-1,1,-1,0,0,0,0,-2,1,-2,2,-4,4,-4,6,-5,42,4,10,-4,12,-4,15,-2,16,-1,17,0,19,2,0,0,22,6,22,8,23,9,23,11,22,12,22,12,42,0,19,11,17,8,15,6,12,4,11,2,8,0,5,-2,3,-4,0,-6,0,-8,-2,-9,-4,-11,-6,-12,-50,10,-9,-14,-10,-14,-10,-14,-9,-13,-8,-13,-6,-11,-4,-8,1,-4,0,-4,0,-4,-2,-5,-7,-4,-11,1,-7,8,-4,24,12,8,15,-2,10,-13,-2,-17,-15,-11,-18,3,-11,16,4,19,16,11,19,-3,11,-15,-1,-17,-11,-11,-4,-6,-8,6,-2,7,0,6,2,4,2,4,4,4,0,0,8,-3,5,-8,0,-11,-8,-11,-13,-4,-14,4,12,25,1,16,11,13,17,2,15,-8,5,-17,-7,-17,-16,-6,-16,6,-6,15,6,16,15,6,13,-6,3,-15,-17,-24,-13,0,-6,10,5,10,11,0,6,-10,-4,-11,-12,-2]"
CSI_DATA,114590,d8:b1:90:d9:de:f0,-59,11,-99,-35,60,56,1710026048,100,0,228,0,"[1,-18,1,-19,0,-19,0,-18,0,-17,-1,-15,-1,-13,66,-4,-2,-9,-2,-7,-1,-5,-1,-4,0,-2,0,-1,0,0,1,0,2,2,2,3,2,4,2,6,2,8,42,4,0,11,-1,13,-3,13,-4,15,-6,15,-9,17,0,0,-13,17,-15,18,-15,19,-16,19,-17,19,-17,19,-47,9,-14,17,-11,15,-9,14,-6,12,-3,10,0,7,2,5,4,3,6,0,7,-1,8,-4,10,-6,11,-8,-38,0,11,-12,12,-13,12,-13,11,-13,9,-11,8,-9,6,-7,2,4,2,2,2,2,5,2,8,0,6,-7,0,-11,-11,-20,-15,1,-9,12,2,16,14,9,17,-4,8,-16,-6,-18,-17,-8,-18,6,-8,17,6,17,15,8,15,-3,8,-1,0,-10,-4,-6,-5,-3,-5,-1,-5,0,-6,3,0,0,0,9,6,7,11,2,12,-5,6,-11,-2,-14,-26,7,-15,-1,-13,8,-5,17,6,16,16,7,17,-6,8,-15,-5,-16,-15,-6,-16,6,-5,15,8,13,15,2,22,-20,-2,-13,-11,-5,-8,6,2,11,11,3,9,-7,0,-13]"
CSI_DATA,114591,d8:b1:90:d9:de:f0,-59,11,-99,-38,61,56,1710047243,100,0,228,0,"[-17,-3,-18,-4,-19,-4,-18,-4,-16,-4,-15,-4,-13,-3,64,-4,-9,-2,-7,-1,-6,-1,-4,-1,-3,-1,-2,0,0,0,1,0,2,0,4,1,5,2,6,3,6,5,41,4,6,10,4,12,3,14,1,16,0,17,-2,19,0,0,-8,20,-10,21,-12,21,-14,20,-15,20,-16,19,29,10,-14,16,-12,15,-10,13,-7,10,-4,9,-2,7,0,6,3,4,6,3,8,2,10,0,11,0,14,-2,-26,0,16,-3,17,-3,18,-3,16,-2,15,-2,12,0,10,0,4,-1,3,-2,3,-2,4,-4,1,-7,-4,-8,-11,-4,-23,2,-5,13,6,14,15,6,15,-6,6,-16,-7,-17,-18,-7,-18,7,-8,18,6,18,16,9,16,-3,9,-11,7,-5,-6,-8,-7,-3,-6,0,-4,1,-4,2,-4,5,0,0,2,8,8,6,12,0,10,-6,6,-12,-2,-14,-26,8,-16,-2,-14,8,-6,16,4,16,14,10,18,-2,12,-13,0,-17,-12,-12,-16,0,-11,12,0,16,12,9,30,-5,6,-12,-5,-10,-11,0,-6,9,5,10,12,1,9,-9]"
CSI_DATA,114592,d8:b1:90:d9:de:f0,-58,11,-99,-36,60,56,1710060181,100,0,228,0,"[7,17,7,19,7,19,7,18,6,16,6,15,5,12,67,-4,4,9,3,7,2,5,2,4,0,2,0,1,-1,0,-2,0,-2,-2,-2,-3,-3,-5,-2,-7,-1,-9,43,4,1,-12,3,-12,6,-13,8,-14,11,-14,14,-14,0,0,19,-12,21,-11,23,-10,24,-9,25,-8,24,-7,-89,0,21,-6,19,-5,16,-4,13,-4,9,-5,5,-5,2,-4,0,-4,-4,-4,-7,-4,-9,-4,-11,-4,-13,-3,34,10,-17,-3,-19,-2,-18,-2,-17,-2,-15,-3,-12,-3,-9,-2,-4,-3,-3,-1,-3,-1,-5,0,-7,3,-4,9,3,12,17,18,14,-4,7,-14,-5,-16,-15,-7,-17,6,-8,17,7,19,18,9,19,-6,9,-17,-4,-19,-14,-9,-15,1,-10,-1,-2,11,3,8,4,4,5,3,6,1,7,-1,0,0,2,-9,-3,-10,-9,-7,-13,0,-12,8,-5,14,27,9,12,10,17,0,14,-10,4,-17,-7,-16,-16,-7,-17,5,-8,16,5,17,15,8,16,-5,7,-14,-7,-14,-29,-7,-11,8,1,12,10,4,8,-7,-1,-11,-11,-5,-12,5]"
CSI_DATA,114593,d8:b1:90:d9:de:f0,-58,11,-99,-36,60,56,1710070725,100,0,228,0,"[-14,-12,-14,-14,-15,-14,-14,-13,-14,-12,-12,-10,-11,-8,67,-4,-8,-5,-7,-4,-5,-2,-4,-2,-2,-1,-1,0,0,0,0,0,2,0,3,2,4,3,4,4,4,7,43,4,4,10,2,12,0,14,0,16,-2,17,-5,19,0,0,-9,20,-12,21,-13,21,-14,21,-15,21,-15,20,-11,9,-13,18,-11,16,-9,14,-6,13,-2,10,0,8,2,6,4,4,7,2,9,0,10,-2,12,-3,13,-4,-26,0,16,-8,16,-9,16,-9,15,-9,13,-7,12,-6,9,-4,4,0,2,0,2,0,4,0,5,-5,0,-10,-7,-9,-24,-7,-11,9,0,16,12,12,17,0,12,-14,-1,-19,-15,-12,-20,2,-13,15,1,20,14,13,18,0,12,-10,7,-4,-4,-9,-7,-4,-5,0,-4,0,-4,1,-4,4,0,0,2,9,7,7,11,0,11,-6,5,-13,-3,-14,-26,9,-16,-1,-14,8,-5,16,6,16,16,8,18,-4,10,-15,-3,-18,-14,-10,-17,4,-9,15,4,16,15,7,29,-14,2,-14,-9,-9,-12,3,-2,12,9,8,13,-3,5,-12]"
CSI_DATA,114594,d8:b1:90:d9:de:f0,-58,11,-99,-36,60,56,1710083688,100,0,228,0,"[-18,5,-19,5,-19,5,-19,6,-17,5,-16,5,-12,5,67,-4,-9,4,-7,4,-5,3,-4,2,-3,2,-2,0,0,0,0,-1,1,-2,3,-2,4,-3,6,-3,8,-2,43,4,12,0,13,0,14,2,16,4,17,7,18,9,0,0,19,14,18,16,19,18,18,19,19,20,17,19,-8,0,16,16,14,14,13,11,12,8,9,4,7,2,6,0,4,-3,2,-6,0,-7,-1,-10,-3,-12,-4,-14,-46,10,-8,-16,-9,-16,-9,-16,-9,-16,-8,-14,-7,-12,-4,-9,3,-3,2,-3,2,-4,1,-6,-3,-7,-9,-4,-12,3,-17,17,4,14,14,7,16,-6,7,-16,-7,-17,-18,-6,-18,9,-6,20,9,19,19,6,18,-8,7,-16,-5,-15,-1,-9,-11,1,-7,5,-2,5,0,5,0,5,3,6,0,0,10,0,9,-7,3,-12,-4,-12,-12,-8,-15,1,4,29,-3,16,7,16,16,7,18,-4,10,-15,-2,-19,-15,-12,-18,2,-11,14,2,17,14,9,16,-4,7,-14,-13,-29,-14,-2,-9,9,3,11,11,2,7,-9,-4,-12,-12,-4]"
CSI_DATA,114595,d8:b1:90:d9:de:f0,-59,11,-99,-37,61,56,1710094156,100,0,228,0,"[16,7,17,7,17,7,17,6,16,5,14,4,12,3,62,-4,9,1,7,0,6,0,4,0,3,0,1,0,0,0,0,0,-1,0,-3,0,-4,0,-6,-1,-7,-1,40,3,-9,-5,-9,-7,-9,-9,-9,-11,-9,-13,-9,-16,0,0,-8,-19,-7,-21,-7,-22,-7,-23,-6,-24,-6,-23,-26,9,-6,-20,-6,-17,-7,-14,-7,-11,-6,-7,-6,-4,-6,-1,-5,1,-5,4,-3,7,-2,9,-1,11,0,13,-32,9,1,16,2,17,2,17,2,16,2,14,1,12,1,9,-4,0,-3,1,-3,1,-4,3,-2,7,3,9,11,4,23,-2,5,-12,-6,-13,-14,-4,-14,8,-3,17,10,14,18,2,14,-11,1,-18,-11,-14,-18,-1,-13,9,-2,14,-2,7,9,3,7,-1,4,-3,2,-3,1,-4,0,-5,0,0,-6,-3,-9,1,-7,7,-1,11,5,11,12,5,8,-25,10,-12,0,-16,-10,-13,-16,-3,-14,9,-4,16,8,15,16,5,14,-8,3,-16,-9,-13,-15,-1,-11,10,1,29,11,7,11,-5,0,-11,-9,-5,-10,5,0,12,10,7]"
CSI_DATA,114596,d8:b1:90:d9:de:f0,-59,11,-99,-36,60,56,1710114192,100,0,228,0,"[-16,-7,-18,-7,-18,-7,-17,-7,-16,-7,-14,-5,-12,-4,67,-4,-9,-3,-7,-2,-5,-1,-4,-2,-2,-1,-1,-1,0,-1,1,0,3,0,4,0,5,1,7,2,7,4,43,4,8,9,7,11,7,13,5,15,4,17,2,19,0,0,-2,22,-3,24,-5,25,-7,25,-8,25,-9,24,89,10,-8,21,-7,19,-5,16,-3,13,-1,9,0,7,2,4,4,2,6,0,7,-2,9,-4,9,-7,11,-8,-67,0,12,-12,12,-13,12,-13,12,-12,11,-11,9,-9,7,-6,5,0,4,-1,4,-2,4,-4,2,-8,-3,-9,-11,-5,-24,0,-6,13,5,14,15,7,16,-6,7,-17,-7,-17,-18,-7,-18,7,-7,19,6,19,17,9,16,-4,9,-12,7,-7,-7,-8,-7,-2,-7,0,-5,2,-4,4,-3,7,0,0,5,8,10,3,12,-3,8,-9,0,-14,-8,-13,-24,16,-16,4,-11,13,0,18,12,14,18,2,16,-9,4,-17,-8,-15,-16,-4,-15,8,-4,16,8,14,15,2,23,-20,0,-13,-10,-6,-9,5,0,11,9,4,10,-6,1,-12]"
CSI_DATA,114597,d8:b1:90:d9:de:f0,-58,11,-99,-37,60,56,1710133022,100,0,114,0,"[16,-8,16,-8,17,-7,17,-6,17,-8,16,-7,16,-6,16,-6,15,-7,14,-7,13,-7,15,-8,14,-8,14,-8,15,-8,15,-10,16,-11,17,-12,17,-13,18,-13,18,-13,18,-14,18,-14,18,-14,18,-13,18,-13,18,-12,17,-12,0,0,19,-12,19,-12,18,-11,19,-12,19,-12,19,-11,19,-11,20,-12,18,-11,19,-11,18,-11,18,-11,17,-11,16,-10,16,-10,16,-10,16,-10,16,-10,16,-10,18,-11,19,-11,19,-11,21,-10,21,-10,21,-10,21,-8,20,-8,18,-5]"
CSI_DATA,114598,d8:b1:90:d9:de:f0,-58,11,-99,-34,59,56,1710144023,100,0,114,0,"[-15,-6,-16,-8,-16,-9,-16,-10,-17,-9,-15,-9,-14,-9,-14,-8,-14,-8,-14,-8,-14,-8,-14,-7,-14,-6,-15,-7,-17,-7,-17,-7,-18,-6,-19,-7,-20,-7,-20,-8,-22,-7,-23,-8,-23,-8,-23,-8,-23,-8,-22,-8,-21,-8,-21,-8,0,0,-21,-10,-20,-10,-20,-10,-21,-11,-20,-10,-20,-11,-20,-11,-21,-11,-20,-11,-20,-11,-20,-10,-19,-9,-19,-9,-17,-8,-17,-8,-17,-8,-17,-8,-17,-8,-17,-8,-17,-10,-17,-10,-18,-11,-18,-11,-19,-12,-18,-14,-17,-14,-15,-14,-13,-13]"
CSI_DATA,114599,d8:b1:90:d9:de:f0,-58,11,-99,-36,60,56,1710164970,100,0,114,0,"[-7,-14,-7,-16,-6,-18,-7,-16,-6,-18,-7,-18,-7,-17,-7,-17,-6,-14,-7,-13,-9,-13,-7,-13,-9,-13,-10,-14,-9,-15,-12,-16,-14,-15,-12,-17,-13,-16,-15,-13,-14,-16,-18,-17,-19,-16,-16,-14,-17,-14,-15,-17,-19,-16,-15,-17,0,0,-17,-15,-16,-16,-17,-14,-18,-16,-19,-15,-15,-14,-18,-14,-16,-16,-16,-14,-18,-14,-17,-12,-16,-15,-15,-12,-17,-12,-15,-9,-16,-10,-16,-10,-14,-11,-16,-11,-16,-12,-16,-11,-18,-11,-17,-12,-19,-14,-17,-12,-16,-13,-15,-13,-14,-13]"
CSI_DATA,114600,d8:b1:90:d9:de:f0,-58,11,-99,-37,60,56,1710184475,100,0,114,0,"[-16,-5,-16,-6,-18,-8,-17,-8,-17,-9,-17,-9,-15,-8,-15,-8,-15,-6,-15,-7,-15,-6,-15,-6,-16,-5,-16,-5,-17,-5,-18,-5,-19,-5,-20,-5,-22,-5,-21,-5,-23,-5,-24,-5,-24,-5,-24,-5,-24,-5,-24,-6,-23,-6,-23,-5,0,0,-23,-6,-22,-6,-23,-7,-22,-7,-22,-7,-22,-8,-23,-7,-23,-7,-22,-6,-21,-6,-21,-6,-20,-6,-20,-5,-18,-5,-18,-5,-19,-5,-18,-5,-18,-5,-18,-5,-19,-5,-20,-5,-21,-6,-21,-8,-21,-8,-21,-8,-19,-9,-18,-10,-15,-10]"
CSI_DATA,114601,d8:b1:90:d9:de:f0,-58,11,-99,-34,59,56,1710204794,100,0,114,0,"[8,14,8,16,8,17,8,17,9,17,8,17,8,17,8,15,10,13,9,13,10,12,11,12,11,11,12,11,14,11,15,11,17,11,17,11,19,11,20,10,21,11,22,10,23,9,23,8,22,8,22,7,22,7,21,6,0,0,22,6,22,5,22,5,23,5,23,4,23,5,22,3,23,3,22,2,23,1,21,0,22,0,21,0,20,0,20,-1,20,-2,20,-2,19,-2,20,-2,21,-3,22,-3,23,-4,23,-5,23,-5,23,-4,23,-4,21,-2,19,-2]"
CSI_DATA,114602,d8:b1:90:d9:de:f0,-58,11,-99,-37,60,56,1710215277,100,0,114,0,"[-16,0,-17,-2,-18,-3,-18,-4,-18,-4,-18,-5,-16,-5,-16,-5,-16,-4,-15,-5,-15,-4,-15,-5,-15,-4,-16,-5,-17,-4,-18,-5,-19,-5,-19,-5,-21,-5,-21,-5,-22,-7,-23,-6,-22,-7,-23,-7,-21,-8,-21,-8,-21,-9,-20,-10,0,0,-19,-10,-18,-11,-19,-12,-18,-12,-18,-13,-18,-13,-18,-13,-18,-14,-18,-13,-17,-14,-16,-13,-16,-14,-15,-13,-15,-13,-13,-13,-14,-13,-13,-13,-13,-14,-13,-14,-13,-15,-13,-16,-13,-17,-13,-18,-11,-18,-10,-19,-9,-19,-8,-18,-5,-17]"
CSI_DATA,114603,d8:b1:90:d9:de:f0,-59,9,-99,-39,61,56,1710229836,83,0,106,0,"[-20,9,-69,10,-2,9,-55,10,35,10,-44,10,79,10,-36,10,-66,10,-22,10,-36,10,-11,10,-6,10,0,10,21,0,0,10,49,0,-14,10,69,0,-42,10,70,0,85,10,50,0,36,10,15,0,-11,9,0,0,0,0,81,10,-50,9,37,10,-52,9,14,10,-36,9,25,10,-8,9,69,10,29,10,-46,10,66,10,10,0,-78,10,64,0,-55,10,-66,0,-34,10,-21,0,-26,10,15,0,-21,10,19,0,-22,10,-9,0]"
CSI_DATA,114604,d8:b1:90:d9:de:f0,-58,11,-99,-34,59,56,1710244621,100,0,114,0,"[-13,-10,-13,-11,-13,-14,-12,-14,-12,-14,-11,-14,-11,-14,-10,-14,-11,-12,-10,-12,-11,-12,-10,-12,-11,-12,-11,-12,-13,-13,-14,-13,-14,-14,-14,-14,-16,-15,-17,-16,-17,-15,-17,-16,-17,-16,-17,-16,-17,-17,-16,-17,-15,-17,-15,-17,0,0,-14,-17,-14,-18,-13,-18,-14,-19,-13,-19,-13,-20,-14,-20,-14,-20,-13,-19,-12,-20,-11,-18,-12,-18,-11,-17,-11,-17,-10,-17,-10,-17,-9,-17,-9,-17,-9,-18,-10,-20,-10,-20,-10,-21,-9,-22,-8,-22,-7,-21,-5,-21,-4,-20,-2,-19]"
CSI_DATA,114605,d8:b1:90:d9:de:f0,-58,11,-99,-34,59,56,1710264299,100,0,114,0,"[9,-14,11,-14,13,-14,14,-14,14,-13,14,-11,14,-11,13,-10,12,-10,13,-10,12,-10,14,-10,12,-11,14,-11,14,-11,15,-12,15,-12,17,-14,17,-14,18,-14,19,-14,20,-14,20,-14,21,-13,21,-13,21,-11,22,-11,20,-11,0,0,21,-8,23,-8,22,-8,23,-7,23,-5,23,-5,23,-5,24,-5,23,-4,23,-5,22,-4,21,-3,20,-2,20,-2,20,-2,19,-1,20,-1,19,0,20,0,20,0,22,1,23,2,23,2,23,4,23,5,20,6,20,8,17,8]"
CSI_DATA,114606,d8:b1:90:d9:de:f0,-58,11,-99,-34,59,56,1710283653,100,0,114,0,"[0,-16,0,-17,0,-19,0,-19,0,-20,0,-18,0,-17,0,-17,-1,-17,-1,-16,-1,-15,-2,-15,-4,-16,-5,-17,-5,-17,-7,-18,-8,-19,-8,-20,-10,-20,-11,-20,-12,-20,-13,-20,-14,-20,-14,-20,-14,-19,-14,-19,-14,-18,-14,-18,0,0,-14,-17,-14,-17,-14,-18,-14,-17,-15,-17,-16,-17,-16,-17,-17,-17,-16,-17,-17,-14,-17,-14,-17,-13,-17,-12,-17,-11,-15,-11,-16,-11,-17,-10,-17,-10,-17,-10,-18,-10,-18,-10,-19,-11,-20,-11,-20,-11,-20,-11,-18,-11,-17,-11,-15,-10]"
CSI_DATA,114607,d8:b1:90:d9:de:f0,-58,11,-99,-35,59,56,1710293790,100,0,114,0,"[3,17,1,19,1,20,0,20,0,20,-1,20,-1,18,-2,17,0,17,0,17,0,16,0,16,0,17,0,17,0,19,0,20,0,21,0,22,0,23,0,23,0,24,0,25,0,25,-1,26,-1,24,-3,23,-3,23,-3,23,0,0,-4,23,-5,23,-6,23,-6,23,-6,23,-7,23,-7,23,-8,23,-8,22,-7,22,-7,20,-8,20,-8,20,-7,19,-8,18,-8,18,-8,18,-9,18,-10,18,-10,19,-11,20,-13,20,-13,19,-15,19,-16,17,-16,16,-15,14,-15,12]"
CSI_DATA,114608,d8:b1:90:d9:de:f0,-57,11,-99,-34,59,56,1710304367,100,0,114,0,"[0,17,-1,19,-2,20,-3,20,-4,20,-4,20,-5,18,-4,17,-2,16,-3,17,-2,16,-2,16,-2,17,-2,17,-2,17,-2,18,-2,20,-2,22,-2,23,-2,23,-2,23,-2,24,-2,24,-3,24,-4,23,-3,23,-4,22,-4,23,0,0,-6,23,-6,23,-6,23,-7,23,-8,23,-8,23,-8,22,-8,23,-8,22,-8,21,-8,20,-7,20,-8,20,-7,19,-8,19,-8,18,-8,17,-8,18,-9,18,-9,19,-11,20,-11,20,-12,20,-13,20,-14,18,-14,17,-14,15,-14,13]"
CSI_DATA,114609,d8:b1:90:d9:de:f0,-58,11,-99,-37,60,56,1710323813,100,0,114,0,"[0,16,-1,18,-2,18,-3,19,-4,19,-5,18,-5,17,-5,16,-4,16,-5,16,-5,16,-5,15,-4,16,-5,16,-5,17,-5,18,-5,18,-5,20,-6,21,-5,21,-6,23,-7,24,-8,23,-8,23,-8,21,-9,21,-10,21,-10,21,0,0,-11,20,-12,19,-13,20,-13,19,-13,18,-14,18,-14,18,-15,18,-14,18,-13,17,-14,16,-14,16,-13,16,-13,14,-13,14,-13,14,-13,13,-14,13,-15,13,-16,13,-17,13,-18,13,-18,12,-20,11,-21,10,-21,8,-18,7,-18,5]"
CSI_DATA,114610,d8:b1:90:d9:de:f0,-58,11,-99,-34,59,56,1710337235,100,0,114,0,"[-11,-11,-12,-14,-12,-15,-11,-16,-11,-17,-10,-17,-8,-16,-8,-16,-8,-14,-8,-14,-8,-14,-8,-14,-8,-14,-9,-14,-9,-15,-10,-17,-11,-17,-11,-18,-11,-19,-12,-19,-12,-20,-12,-20,-12,-20,-12,-21,-11,-21,-10,-20,-9,-21,-8,-22,0,0,-8,-21,-7,-23,-6,-23,-6,-23,-6,-22,-5,-23,-5,-23,-5,-24,-4,-23,-4,-23,-3,-23,-3,-21,-2,-20,-2,-20,-2,-20,-2,-20,-2,-19,-1,-19,-1,-20,0,-20,0,-22,0,-22,2,-23,2,-23,4,-23,5,-21,5,-20,6,-17]"
CSI_DATA,114611,d8:b1:90:d9:de:f0,-58,11,-99,-36,60,56,1710354116,100,0,114,0,"[-10,12,-12,13,-12,13,-12,12,-12,14,-12,14,-12,13,-11,12,-9,13,-9,13,-7,13,-7,14,-7,14,-6,15,-6,16,-5,17,-4,19,-4,19,-4,21,-4,21,-2,21,-2,23,-1,23,0,23,-1,23,0,22,0,22,0,21,0,0,0,22,0,21,0,21,0,22,1,22,2,22,2,22,3,22,3,22,4,22,4,21,5,21,4,19,5,19,5,18,5,17,6,17,6,17,7,17,7,19,9,19,8,19,9,20,8,21,8,21,7,20,7,19,5,18]"
CSI_DATA,114612,d8:b1:90:d9:de:f0,-58,11,-99,-37,60,56,1710364504,100,0,114,0,"[14,8,15,9,16,11,14,12,16,12,15,12,13,12,13,12,12,10,11,10,11,10,11,10,12,10,13,11,13,11,14,12,15,13,16,13,16,14,16,14,17,15,17,15,17,16,17,16,16,17,15,17,14,18,13,18,0,0,12,18,11,18,11,19,11,19,10,20,10,21,10,21,10,21,9,21,8,20,8,20,8,20,7,20,7,19,6,18,5,18,5,17,5,18,4,18,4,19,3,20,3,21,2,21,1,22,0,22,-1,21,-1,20,-3,18]"
CSI_DATA,114613,d8:b1:90:d9:de:f0,-58,11,-99,-36,60,56,1710384332,100,0,114,0,"[16,4,16,5,16,6,17,7,17,5,17,5,16,5,16,4,16,3,16,2,15,2,16,2,16,1,16,0,17,0,18,0,19,-2,20,-1,21,-2,21,-3,22,-3,23,-4,24,-4,24,-5,22,-5,22,-4,22,-5,21,-5,0,0,22,-6,22,-4,22,-4,21,-5,21,-5,21,-5,21,-6,22,-7,21,-7,20,-8,19,-7,19,-8,18,-8,17,-8,16,-7,16,-7,15,-7,15,-8,16,-9,17,-9,18,-10,19,-10,19,-9,19,-9,19,-9,19,-8,18,-7,16,-6]"
CSI_DATA,114614,d8:b1:90:d9:de:f0,-58,11,-99,-37,60,56,1710394659,100,0,114,0,"[16,-2,18,-2,18,-2,18,-2,19,-2,18,-2,18,-2,17,-2,16,-4,16,-5,15,-5,15,-5,15,-7,15,-8,16,-9,16,-9,16,-11,16,-12,16,-14,16,-16,16,-16,16,-17,16,-17,16,-18,16,-17,15,-17,15,-16,14,-17,0,0,14,-18,13,-17,13,-18,13,-18,13,-19,13,-20,12,-19,12,-21,11,-20,10,-21,9,-20,8,-19,8,-18,6,-18,6,-18,5,-18,5,-18,5,-18,4,-19,4,-21,4,-21,5,-21,5,-22,4,-23,5,-23,5,-22,5,-20,5,-18]"
CSI_DATA,114615,d8:b1:90:d9:de:f0,-58,11,-99,-36,60,56,1710414163,100,0,114,0,"[16,-4,18,-4,18,-3,19,-3,19,-3,18,-3,17,-3,16,-2,15,-4,15,-4,14,-4,15,-5,14,-7,14,-7,15,-8,16,-8,16,-10,18,-11,17,-12,17,-13,18,-14,17,-14,18,-14,18,-16,17,-14,17,-14,17,-14,16,-14,0,0,16,-15,17,-15,16,-14,16,-15,16,-15,16,-16,16,-16,16,-16,15,-16,15,-16,14,-16,14,-16,12,-15,12,-15,12,-15,11,-15,11,-15,10,-15,10,-16,10,-16,11,-16,11,-16,12,-16,13,-17,13,-16,13,-16,13,-14,12,-12]"
CSI_DATA,114616,d8:b1:90:d9:de:f0,-59,11,-99,-35,60,56,1710424277,100,0,114,0,"[-13,9,-14,8,-15,8,-15,7,-17,6,-16,6,-15,5,-15,4,-13,4,-14,4,-13,4,-14,5,-14,5,-15,5,-15,5,-16,6,-17,6,-18,6,-19,6,-19,6,-20,6,-21,6,-22,6,-22,6,-22,4,-21,3,-21,3,-20,2,0,0,-21,0,-22,0,-22,0,-22,-1,-22,-1,-22,-2,-22,-2,-22,-2,-21,-2,-21,-3,-19,-4,-19,-4,-18,-4,-17,-4,-17,-4,-17,-4,-16,-5,-16,-5,-16,-6,-17,-6,-17,-7,-17,-8,-17,-10,-17,-11,-16,-11,-15,-12,-13,-13,-11,-12]"
CSI_DATA,114617,d8:b1:90:d9:de:f0,-58,11,-99,-35,60,56,1710436633,100,0,114,0,"[12,11,13,12,13,13,12,14,12,15,11,14,10,14,9,13,10,12,10,12,10,11,10,11,11,11,11,11,12,11,13,11,14,11,15,13,16,12,17,13,17,13,18,13,18,13,18,13,17,13,17,13,17,13,15,13,0,0,16,13,15,14,15,14,17,14,16,15,17,15,16,15,17,15,16,15,16,15,15,14,15,13,15,13,14,12,14,12,13,11,13,11,13,12,13,12,15,13,15,13,15,14,15,15,15,16,13,16,13,16,12,16,9,15]"
CSI_DATA,114618,d8:b1:90:d9:de:f0,-58,11,-99,-36,60,56,1710454286,100,0,114,0,"[0,16,0,18,-1,18,-2,18,0,19,0,18,0,17,0,16,2,15,2,15,2,14,3,14,4,14,5,15,6,15,7,16,9,16,9,17,11,18,12,18,12,18,13,18,14,18,14,18,14,18,14,16,14,16,15,16,0,0,15,16,15,16,15,15,16,15,16,14,16,14,16,14,18,14,17,14,18,12,17,12,17,11,16,9,16,9,16,8,16,8,16,7,16,7,16,7,17,7,19,7,19,8,20,7,20,7,19,8,19,8,18,7,15,7]"
CSI_DATA,114619,d8:b1:90:d9:de:f0,-58,11,-99,-36,60,56,1710464614,100,0,114,0,"[14,8,14,9,14,12,14,12,14,12,14,12,13,12,12,11,12,10,12,10,12,9,12,11,12,9,12,10,13,10,14,11,15,12,16,12,17,13,17,14,17,14,18,14,18,15,18,15,16,16,16,16,14,16,14,16,0,0,14,17,13,17,12,19,12,18,12,18,12,19,12,19,12,19,12,19,10,19,9,19,9,19,9,17,9,17,7,16,8,16,7,16,7,16,7,16,7,19,7,19,7,21,5,21,4,21,2,22,1,21,0,19,0,18]"
CSI_DATA,114620,d8:b1:90:d9:de:f0,-58,11,-99,-37,60,56,1710483933,100,0,114,0,"[-16,6,-18,6,-18,6,-18,5,-18,8,-17,8,-17,7,-16,8,-14,8,-14,8,-13,10,-13,10,-12,10,-12,12,-11,13,-12,14,-12,16,-12,17,-12,19,-12,20,-11,20,-10,21,-10,21,-9,22,-10,21,-9,21,-8,21,-8,21,0,0,-7,21,-6,21,-6,22,-6,22,-5,22,-5,23,-5,22,-5,23,-3,23,-2,23,-2,22,-1,21,0,21,0,20,0,19,1,19,2,18,1,19,2,19,2,21,3,21,4,22,4,23,3,23,3,23,2,21,2,21,2,20]"
CSI_DATA,114621,d8:b1:90:d9:de:f0,-57,11,-99,-34,59,56,1710504145,100,0,114,0,"[-6,-16,-5,-17,-5,-18,-5,-19,-5,-19,-5,-18,-4,-18,-4,-17,-5,-16,-5,-16,-5,-15,-5,-16,-6,-15,-7,-15,-8,-16,-8,-17,-10,-17,-11,-19,-12,-19,-13,-20,-14,-20,-14,-20,-14,-20,-14,-20,-13,-20,-14,-19,-13,-20,-12,-20,0,0,-12,-20,-12,-20,-12,-20,-12,-20,-12,-20,-12,-20,-12,-20,-12,-21,-13,-20,-13,-20,-12,-19,-13,-18,-12,-17,-11,-17,-12,-16,-12,-15,-11,-15,-11,-15,-11,-15,-12,-17,-12,-18,-13,-19,-13,-20,-12,-20,-11,-20,-10,-20,-9,-20,-8,-17]"
CSI_DATA,114622,d8:b1:90:d9:de:f0,-57,11,-99,-35,59,56,1710523868,100,0,114,0,"[-6,16,-6,17,-7,17,-9,17,-9,18,-9,17,-9,16,-9,15,-8,16,-7,15,-6,15,-7,15,-6,16,-6,16,-6,16,-7,17,-7,19,-7,21,-8,21,-7,23,-8,23,-9,23,-10,23,-9,23,-10,23,-10,23,-10,22,-10,22,0,0,-11,21,-11,20,-11,20,-13,21,-13,20,-14,20,-13,20,-14,20,-13,20,-13,20,-13,19,-13,18,-11,17,-11,16,-12,16,-11,16,-11,16,-12,16,-12,16,-14,16,-14,16,-15,16,-16,16,-17,16,-18,15,-18,13,-17,13,-16,10]"
CSI_DATA,114623,d8:b1:90:d9:de:f0,-58,11,-99,-37,60,56,1710534115,100,0,114,0,"[-16,5,-17,5,-18,4,-18,2,-19,2,-18,2,-18,1,-16,2,-16,2,-16,2,-15,3,-16,3,-16,4,-16,5,-17,5,-17,6,-18,7,-19,8,-20,8,-21,8,-21,9,-22,10,-22,9,-22,10,-21,10,-21,9,-21,9,-21,9,0,0,-21,8,-21,8,-21,8,-21,8,-21,8,-22,7,-21,7,-22,7,-21,8,-21,8,-20,8,-20,8,-18,8,-18,7,-17,7,-18,8,-17,7,-17,7,-18,7,-19,8,-20,7,-21,7,-21,7,-22,7,-22,6,-21,5,-21,2,-18,2]"
CSI_DATA,114624,d8:b1:90:d9:de:f0,-58,11,-99,-36,60,56,1710545039,100,0,114,0,"[-14,5,-15,4,-16,4,-16,4,-18,4,-17,4,-16,3,-16,2,-15,4,-15,4,-14,4,-15,4,-15,5,-15,5,-16,6,-16,7,-17,8,-19,8,-19,9,-19,10,-21,9,-21,11,-21,11,-21,11,-21,9,-21,9,-20,9,-20,9,0,0,-20,9,-20,8,-20,8,-21,8,-21,7,-21,7,-21,8,-21,8,-20,8,-20,8,-19,7,-19,7,-19,7,-17,7,-17,7,-17,7,-16,7,-17,7,-17,7,-18,7,-19,7,-19,7,-20,7,-21,6,-21,5,-21,4,-20,3,-17,2]"
CSI_DATA,114625,d8:b1:90:d9:de:f0,-58,11,-99,-37,60,56,1710556108,100,0,114,0,"[-16,8,-17,7,-18,6,-18,5,-18,5,-18,4,-17,4,-16,3,-16,4,-15,4,-15,5,-15,5,-14,5,-16,6,-16,6,-17,7,-17,8,-18,8,-19,9,-20,10,-21,10,-22,10,-21,10,-22,10,-21,9,-21,8,-21,8,-21,8,0,0,-21,8,-21,7,-21,7,-21,7,-21,6,-22,6,-22,6,-23,6,-22,6,-21,6,-20,6,-20,6,-19,6,-18,6,-18,5,-18,5,-18,5,-18,5,-19,5,-20,5,-21,5,-21,4,-22,4,-23,3,-23,2,-22,1,-21,0,-18,0]"
CSI_DATA,114626,d8:b1:90:d9:de:f0,-58,11,-99,-37,60,56,1710574283,100,0,114,0,"[10,-13,11,-13,12,-13,12,-13,13,-15,11,-13,13,-13,11,-13,10,-13,10,-13,8,-13,9,-13,8,-14,8,-15,8,-16,7,-17,7,-18,8,-20,7,-21,8,-22,8,-22,7,-23,8,-23,6,-23,7,-23,6,-22,6,-22,6,-22,0,0,6,-21,6,-23,5,-21,6,-23,6,-22,6,-23,5,-23,6,-23,5,-22,5,-23,4,-21,3,-21,2,-19,2,-18,2,-19,2,-18,2,-18,2,-18,2,-19,2,-21,2,-21,2,-21,3,-22,3,-23,4,-22,5,-21,5,-21,5,-18]"
CSI_DATA,114627,d8:b1:90:d9:de:f0,-58,11,-99,-34,59,56,1710594562,100,0,114,0,"[-14,10,-16,9,-17,8,-17,7,-18,8,-17,8,-17,7,-16,6,-15,8,-15,7,-14,7,-15,7,-14,8,-15,7,-16,8,-17,8,-17,9,-18,10,-18,11,-20,11,-21,11,-23,12,-22,11,-23,11,-22,10,-22,8,-22,8,-21,8,0,0,-21,7,-22,6,-22,6,-23,6,-23,5,-24,5,-24,5,-24,5,-23,4,-23,5,-22,4,-21,3,-20,2,-19,2,-19,2,-18,2,-19,2,-18,2,-20,2,-20,1,-21,1,-22,0,-22,-1,-23,-2,-23,-2,-22,-4,-20,-5,-18,-5]"
CSI_DATA,114628,d8:b1:90:d9:de:f0,-58,11,-99,-37,60,56,1710614016,100,0,114,0,"[16,-2,18,-1,18,0,19,1,19,2,19,2,17,2,17,3,16,2,16,3,16,2,16,2,16,2,17,2,18,2,18,2,20,2,21,3,22,3,22,4,23,5,24,5,24,5,24,5,23,6,22,7,22,8,21,8,0,0,21,10,20,10,20,11,20,12,20,13,19,13,18,13,19,15,18,14,17,13,17,14,16,13,16,13,15,13,14,13,13,13,13,13,13,14,12,14,13,16,13,16,12,17,12,18,11,20,10,20,8,20,6,19,5,17]"
CSI_DATA,114629,d8:b1:90:d9:de:f0,-58,11,-99,-36,60,56,1710624434,100,0,114,0,"[-14,7,-16,6,-17,5,-17,4,-18,4,-17,3,-17,2,-16,2,-15,2,-15,2,-14,2,-16,3,-15,4,-15,4,-16,4,-18,4,-18,4,-19,5,-20,5,-21,5,-21,6,-23,5,-24,4,-23,5,-22,4,-21,3,-22,2,-21,2,0,0,-21,1,-22,1,-21,0,-23,0,-22,0,-22,-1,-22,-1,-23,-2,-22,-1,-22,-1,-21,-1,-20,-2,-20,-2,-19,-2,-18,-2,-18,-2,-18,-2,-17,-2,-18,-3,-19,-4,-19,-4,-20,-4,-20,-6,-21,-7,-20,-8,-19,-9,-16,-9,-14,-9]"
CSI_DATA,114630,d8:b1:90:d9:de:f0,-58,11,-99,-34,59,56,1710644999,100,0,114,0,"[14,11,14,13,14,14,14,14,14,14,14,14,12,12,12,12,12,11,12,11,12,10,12,10,14,9,14,9,16,9,17,9,18,9,19,10,20,10,20,9,22,10,23,10,23,10,23,9,22,9,23,9,22,9,21,9,0,0,21,9,20,10,21,10,22,9,22,10,22,10,23,9,22,9,20,9,21,8,20,8,20,7,20,7,18,6,18,6,18,6,18,5,18,6,19,6,20,7,21,6,21,7,22,8,22,8,21,8,20,9,18,10,17,10]"
CSI_DATA,114631,d8:b1:90:d9:de:f0,-58,11,-99,-35,59,56,1710664627,100,0,114,0,"[10,14,10,16,10,17,9,17,9,17,9,16,7,16,7,16,9,14,8,14,9,13,9,13,10,14,10,14,11,15,12,16,13,16,13,17,14,17,15,18,15,17,16,18,16,18,16,19,15,20,14,19,14,20,13,19,0,0,14,20,13,20,12,21,12,20,12,21,13,21,13,21,13,21,11,21,12,20,10,20,11,19,10,18,10,17,10,17,9,17,9,16,8,16,9,16,9,19,10,20,9,20,9,21,8,23,6,23,6,22,4,21,3,19]"
CSI_DATA,114632,d8:b1:90:d9:de:f0,-57,11,-99,-34,59,56,1710683835,100,0,114,0,"[11,-14,12,-14,13,-14,14,-13,14,-13,14,-12,14,-11,13,-11,12,-11,12,-11,11,-11,12,-11,11,-11,11,-12,12,-12,13,-13,13,-14,14,-16,15,-17,15,-17,16,-17,17,-19,17,-18,17,-17,17,-17,17,-16,17,-16,17,-16,0,0,17,-14,18,-14,18,-14,20,-14,20,-14,20,-14,20,-14,20,-13,20,-13,20,-12,19,-11,19,-11,18,-11,17,-10,17,-10,17,-10,17,-9,17,-9,17,-10,19,-10,20,-10,20,-9,22,-9,23,-8,23,-7,22,-5,22,-4,19,-2]"
CSI_DATA,114633,d8:b1:90:d9:de:f0,-58,11,-99,-37,60,56,1710703852,100,0,114,0,"[16,3,17,4,18,5,18,5,19,5,18,5,18,5,16,4,16,2,16,2,16,1,16,0,16,0,16,0,18,-1,18,-2,20,-3,21,-3,22,-4,22,-5,23,-6,24,-7,23,-7,24,-8,22,-8,23,-8,22,-8,21,-9,0,0,21,-9,21,-9,21,-10,21,-10,21,-10,21,-10,21,-10,21,-11,20,-12,19,-12,18,-13,17,-13,17,-13,16,-12,15,-13,15,-13,14,-13,13,-13,14,-13,14,-14,15,-15,16,-15,16,-16,17,-16,16,-16,16,-15,16,-13,14,-11]"
CSI_DATA,114634,d8:b1:90:d9:de:f0,-58,11,-99,-35,60,56,1710713915,100,0,114,0,"[12,8,13,9,13,11,13,12,12,12,12,12,11,12,10,11,11,11,10,11,10,11,11,11,11,11,11,11,12,11,13,12,13,12,14,13,15,14,15,14,16,15,15,15,15,15,15,16,15,16,15,16,13,17,13,16,0,0,12,17,11,17,11,18,11,18,11,18,11,19,10,19,10,19,9,19,8,18,8,18,9,17,8,17,7,17,6,16,7,17,6,16,6,17,6,17,6,19,6,19,5,21,4,22,4,22,2,22,1,22,0,19,0,19]"
CSI_DATA,114635,d8:b1:90:d9:de:f0,-57,11,-99,-35,59,56,1710734428,100,0,114,0,"[-7,15,-9,16,-10,16,-11,16,-10,16,-10,16,-10,15,-10,15,-8,15,-8,14,-8,14,-7,15,-6,15,-6,16,-6,17,-6,18,-6,20,-6,20,-6,22,-5,23,-5,23,-5,24,-5,24,-5,24,-5,24,-5,23,-6,23,-6,23,0,0,-6,23,-6,23,-6,23,-6,23,-6,23,-6,23,-6,23,-6,24,-5,23,-5,23,-4,22,-3,21,-3,20,-3,20,-3,20,-3,20,-3,20,-3,20,-3,20,-3,21,-3,21,-3,22,-4,22,-5,23,-6,23,-6,22,-6,20,-6,18]"
CSI_DATA,114636,d8:b1:90:d9:de:f0,-58,11,-99,-37,60,56,1710746077,100,0,114,0,"[-16,0,-17,0,-18,-2,-18,-2,-18,-3,-17,-3,-16,-3,-16,-3,-16,-2,-15,-2,-15,-2,-16,-2,-16,-2,-16,-1,-18,0,-18,-1,-20,-1,-20,-1,-21,-1,-22,-1,-23,0,-24,-1,-24,0,-24,-1,-22,-1,-23,-2,-22,-2,-22,-2,0,0,-22,-3,-21,-4,-22,-5,-21,-5,-22,-5,-22,-5,-21,-6,-22,-6,-21,-6,-21,-5,-20,-5,-21,-5,-19,-5,-19,-5,-18,-5,-18,-6,-17,-5,-18,-5,-18,-6,-19,-7,-19,-7,-20,-9,-21,-8,-21,-10,-19,-11,-18,-12,-16,-12,-13,-11]"
CSI_DATA,114637,d8:b1:90:d9:de:f0,-58,11,-99,-36,60,56,1710763950,100,0,114,0,"[-12,9,-14,10,-15,10,-16,9,-15,10,-14,9,-14,9,-13,8,-12,9,-12,9,-12,9,-12,10,-11,11,-11,12,-11,12,-11,14,-12,15,-12,17,-12,18,-11,19,-12,19,-12,19,-12,19,-11,20,-11,19,-11,19,-10,19,-11,19,0,0,-11,19,-10,19,-11,19,-10,20,-11,20,-10,19,-10,19,-10,20,-9,19,-9,19,-8,19,-8,19,-7,19,-6,18,-6,17,-5,17,-5,17,-5,17,-5,17,-5,19,-7,19,-7,20,-7,19,-7,20,-8,20,-8,19,-8,17,-8,16]"
CSI_DATA,114638,d8:b1:90:d9:de:f0,-58,11,-99,-34,59,56,1710774147,100,0,114,0,"[13,11,14,13,14,14,14,14,14,14,14,12,14,12,13,11,14,9,14,9,14,8,14,8,14,7,16,7,17,6,18,5,20,5,20,4,21,3,23,3,23,2,24,2,24,1,23,1,23,1,23,0,23,1,23,0,0,0,24,0,23,0,23,0,23,-2,23,-2,24,-2,23,-2,24,-3,22,-4,22,-5,20,-5,22,-5,20,-5,20,-6,18,-7,17,-7,17,-7,16,-8,17,-8,19,-9,19,-10,20,-10,21,-10,21,-10,21,-10,20,-9,19,-8,17,-6]"
CSI_DATA,114639,d8:b1:90:d9:de:f0,-59,11,-99,-38,60,56,1710786143,277,0,106,0,"[-35,10,2,0,-8,10,-3,11,36,11,-12,11,86,11,-21,11,-65,11,-17,11,-32,11,-11,11,-3,11,1,0,29,0,8,0,63,0,5,0,92,0,-11,11,-77,0,-50,11,-68,0,89,11,-69,0,34,11,0,0,0,0,83,0,-59,10,71,0,-89,10,59,0,-93,10,61,0,-62,10,66,0,4,11,75,0,86,11,78,0,-29,11,72,0,41,0,60,0,-88,0,50,0,-35,0,35,0,6,0,25,0,18,0,20,0]"
CSI_DATA,114640,d8:b1:90:d9:de:f0,-59,9,-99,-40,61,56,1710802131,98,0,106,0,"[53,10,-4,0,56,10,-26,0,72,10,-68,0,-83,10,70,0,-60,10,38,0,-35,10,17,0,-8,10,1,0,15,0,-16,10,33,0,-43,10,38,0,-75,10,27,0,66,10,-1,10,23,10,-41,10,-11,9,0,0,0,0,65,10,-43,9,34,10,-58,9,28,10,-55,9,53,10,-36,9,-82,10,0,9,-18,10,54,10,37,0,-74,10,80,0,-21,10,-72,0,25,0,-44,0,76,0,-28,0,-62,0,-24,0,-49,0,-49,0]"
CSI_DATA,114641,d8:b1:90:d9:de:f0,-58,11,-99,-37,60,56,1710813640,100,0,114,0,"[-6,-16,-5,-17,-5,-18,-4,-18,-5,-20,-5,-18,-3,-18,-3,-18,-5,-16,-4,-16,-5,-15,-4,-16,-5,-16,-5,-16,-7,-16,-7,-17,-8,-18,-8,-20,-9,-20,-9,-21,-9,-21,-10,-21,-10,-21,-10,-21,-9,-22,-9,-23,-8,-22,-8,-22,0,0,-7,-21,-8,-22,-7,-21,-7,-23,-7,-22,-6,-22,-7,-21,-7,-23,-6,-22,-6,-22,-5,-21,-5,-20,-6,-20,-5,-18,-5,-18,-5,-18,-5,-18,-5,-18,-4,-18,-5,-20,-5,-21,-5,-21,-4,-21,-2,-23,-1,-21,0,-21,0,-20,0,-18]"
CSI_DATA,114642,d8:b1:90:d9:de:f0,-58,11,-99,-37,60,56,1710823881,100,0,114,0,"[-10,-12,-10,-14,-10,-16,-10,-16,-10,-16,-10,-16,-9,-15,-9,-15,-8,-13,-9,-13,-9,-13,-10,-12,-11,-12,-11,-12,-13,-13,-14,-13,-16,-13,-16,-13,-18,-14,-18,-13,-19,-14,-19,-14,-19,-14,-20,-15,-18,-13,-19,-14,-19,-13,-18,-13,0,0,-18,-14,-18,-14,-18,-15,-18,-13,-18,-14,-18,-14,-18,-13,-19,-14,-18,-13,-18,-12,-18,-11,-18,-11,-18,-11,-18,-10,-16,-10,-17,-10,-16,-9,-16,-10,-16,-10,-18,-10,-18,-10,-19,-12,-18,-11,-18,-12,-18,-13,-18,-13,-15,-13,-14,-13]"
CSI_DATA,114643,d8:b1:90:d9:de:f0,-58,11,-99,-37,60,56,1710834659,100,0,114,0,"[-15,7,-17,5,-18,4,-19,2,-18,2,-18,1,-17,1,-16,0,-16,0,-16,0,-16,0,-16,-1,-16,-1,-16,-1,-17,-2,-18,-2,-20,-2,-20,-3,-21,-4,-21,-4,-22,-5,-23,-6,-23,-7,-23,-9,-21,-10,-20,-10,-19,-12,-18,-13,0,0,-17,-13,-16,-16,-16,-16,-15,-16,-14,-18,-13,-18,-13,-19,-12,-19,-10,-20,-10,-19,-9,-18,-8,-19,-7,-18,-6,-18,-5,-18,-5,-18,-3,-18,-2,-18,-2,-18,-1,-21,0,-21,0,-22,2,-22,4,-22,5,-21,8,-21,8,-18,9,-16]"
CSI_DATA,114644,d8:b1:90:d9:de:f0,-58,11,-99,-34,59,56,1710846868,100,0,114,0,"[13,10,13,12,12,14,12,14,13,14,12,14,11,14,10,14,10,13,9,13,9,12,10,12,11,12,11,12,11,13,11,14,14,14,14,16,14,17,14,17,15,18,15,19,15,19,14,20,14,20,14,19,13,20,11,19,0,0,10,20,9,20,9,20,8,21,8,22,8,22,8,22,7,23,6,22,6,21,6,20,5,20,5,20,5,19,5,19,4,19,3,19,3,19,2,19,2,20,2,21,0,23,0,22,0,23,-2,23,-2,22,-3,20,-4,19]"
CSI_DATA,114645,d8:b1:90:d9:de:f0,-57,11,-99,-35,59,56,1710864521,100,0,114,0,"[-16,7,-16,7,-17,6,-18,6,-20,6,-18,6,-18,5,-17,5,-16,6,-16,6,-14,6,-15,6,-15,8,-15,8,-15,9,-16,10,-16,11,-17,12,-18,13,-18,14,-19,15,-20,16,-19,16,-18,16,-19,16,-19,15,-19,15,-18,15,0,0,-17,14,-18,14,-18,14,-19,15,-20,14,-19,15,-19,15,-20,15,-18,16,-18,16,-17,16,-16,14,-15,14,-14,13,-14,13,-13,14,-13,14,-14,14,-14,15,-15,16,-16,16,-16,16,-16,16,-18,16,-17,15,-17,13,-17,12,-16,10]"
CSI_DATA,114646,d8:b1:90:d9:de:f0,-58,11,-99,-36,60,56,1710877470,100,0,114,0,"[15,-6,16,-6,17,-6,17,-5,17,-7,16,-6,16,-6,14,-5,14,-7,14,-7,13,-7,13,-8,13,-9,13,-10,13,-12,14,-12,13,-13,14,-14,14,-15,14,-17,14,-17,14,-19,13,-19,13,-19,13,-19,12,-17,12,-19,12,-19,0,0,12,-19,12,-18,12,-18,12,-19,11,-19,11,-19,10,-19,10,-19,9,-19,9,-19,8,-19,8,-19,7,-18,6,-17,6,-17,5,-18,4,-18,4,-17,4,-18,4,-19,4,-20,5,-20,5,-21,6,-21,7,-21,5,-20,7,-19,7,-17]"
CSI_DATA,114647,d8:b1:90:d9:de:f0,-58,11,-99,-34,59,56,1710894454,100,0,114,0,"[-12,11,-14,11,-14,11,-15,11,-15,11,-15,11,-15,9,-14,10,-12,10,-12,10,-11,10,-12,11,-11,11,-11,12,-11,13,-12,14,-12,16,-13,17,-14,18,-13,18,-14,19,-14,20,-14,20,-14,20,-13,20,-14,20,-13,19,-13,19,0,0,-13,19,-13,17,-14,18,-14,19,-14,19,-14,19,-14,19,-14,19,-14,20,-13,19,-12,18,-11,17,-11,17,-11,17,-10,16,-9,16,-9,15,-9,16,-10,16,-11,18,-11,18,-11,18,-12,17,-13,18,-14,18,-14,17,-14,14,-13,12]"
CSI_DATA,114648,d8:b1:90:d9:de:f0,-58,11,-99,-36,60,56,1710904777,100,0,114,0,"[2,15,2,16,2,17,2,17,2,19,2,17,1,17,2,16,3,16,2,15,4,14,4,15,5,15,6,14,7,15,7,16,9,16,9,18,11,18,12,19,12,19,13,19,13,19,14,18,14,19,14,18,14,17,12,17,0,0,12,16,14,17,12,16,14,18,14,17,14,18,14,16,15,17,14,16,15,16,14,15,15,14,14,13,14,12,14,12,14,12,14,12,14,11,14,12,15,12,16,13,16,13,18,14,17,14,16,14,15,14,14,14,12,13]"
CSI_DATA,114649,d8:b1:90:d9:de:f0,-58,11,-99,-38,60,56,1710923730,100,0,114,0,"[-16,-5,-16,-7,-17,-8,-17,-8,-19,-8,-17,-7,-17,-7,-16,-6,-16,-4,-16,-4,-15,-3,-16,-3,-16,-2,-17,-2,-17,-1,-19,0,-20,0,-21,0,-23,0,-23,0,-23,1,-23,2,-23,2,-23,3,-24,2,-23,2,-23,2,-23,3,0,0,-23,2,-22,3,-23,2,-23,3,-23,4,-23,5,-23,5,-23,5,-23,5,-21,5,-20,5,-20,5,-20,5,-19,6,-18,6,-17,6,-17,6,-17,7,-17,7,-18,8,-19,8,-20,8,-20,8,-21,7,-21,7,-20,7,-20,5,-18,4]"
CSI_DATA,114650,d8:b1:90:d9:de:f0,-58,11,-99,-36,60,56,1710933758,100,0,114,0,"[14,-7,16,-6,16,-4,16,-4,18,-4,16,-4,17,-4,15,-3,15,-3,15,-3,14,-2,16,-3,15,-3,16,-3,16,-3,18,-4,18,-4,20,-4,20,-4,22,-4,21,-4,22,-4,22,-4,23,-3,24,-2,22,-1,22,-1,21,0,0,0,21,0,22,1,21,2,22,2,21,3,22,3,22,3,21,4,21,4,21,4,19,5,19,5,19,6,17,5,18,5,16,5,16,6,16,6,16,7,18,8,18,9,19,10,19,11,17,12,16,13,15,14,14,14,11,14]"
CSI_DATA,114651,d8:b1:90:d9:de:f0,-58,11,-99,-37,60,56,1710943889,100,0,114,0,"[-11,12,-13,12,-14,12,-15,11,-14,12,-14,11,-14,10,-13,10,-12,10,-13,10,-12,10,-12,10,-12,11,-12,12,-13,12,-13,13,-13,14,-14,15,-16,16,-15,16,-16,17,-16,18,-16,18,-16,18,-16,16,-17,16,-18,16,-17,16,0,0,-17,14,-18,13,-18,13,-18,14,-18,14,-18,14,-18,13,-19,13,-19,13,-18,13,-18,12,-18,12,-17,11,-16,11,-16,10,-16,11,-16,10,-16,10,-16,10,-17,10,-18,10,-19,10,-19,10,-21,8,-21,8,-21,7,-19,5,-18,4]"
CSI_DATA,114652,d8:b1:90:d9:de:f0,-58,11,-99,-37,60,56,1710954742,100,0,114,0,"[9,-14,10,-15,12,-15,13,-14,13,-15,13,-14,12,-13,12,-13,10,-13,10,-12,10,-12,10,-12,9,-13,10,-13,10,-14,11,-15,11,-16,11,-16,12,-18,12,-19,13,-19,13,-19,13,-19,13,-19,13,-18,13,-18,14,-18,13,-18,0,0,14,-16,15,-16,15,-16,15,-17,16,-16,16,-16,16,-16,17,-15,16,-15,16,-15,15,-15,16,-14,15,-14,14,-13,13,-13,13,-13,13,-13,14,-13,15,-13,16,-12,16,-13,18,-12,18,-11,19,-12,19,-11,19,-10,18,-8,18,-7]"
CSI_DATA,114653,d8:b1:90:d9:de:f0,-57,11,-99,-34,59,56,1710973913,100,0,114,0,"[-12,-12,-12,-14,-12,-16,-11,-17,-11,-16,-11,-16,-9,-15,-9,-15,-9,-14,-8,-14,-8,-14,-9,-13,-10,-13,-11,-14,-11,-14,-12,-14,-13,-16,-13,-16,-14,-17,-14,-17,-16,-18,-15,-19,-15,-19,-16,-20,-14,-19,-14,-19,-14,-20,-13,-20,0,0,-11,-20,-11,-20,-11,-21,-11,-21,-10,-22,-10,-22,-9,-22,-9,-23,-9,-22,-9,-20,-9,-20,-8,-20,-8,-19,-8,-18,-6,-17,-6,-19,-6,-18,-6,-19,-5,-19,-5,-20,-5,-20,-5,-21,-5,-21,-4,-23,-2,-23,-1,-23,0,-20,1,-20]"
CSI_DATA,114654,d8:b1:90:d9:de:f0,-58,11,-99,-34,59,56,1710984361,100,0,114,0,"[-17,2,-18,0,-19,0,-20,0,-20,-1,-19,-1,-19,-1,-17,-2,-17,0,-17,0,-16,0,-17,0,-17,0,-17,0,-19,0,-20,1,-20,1,-21,2,-23,2,-23,2,-23,2,-24,3,-24,2,-24,2,-24,2,-24,2,-23,2,-23,0,0,0,-24,1,-23,0,-23,0,-24,0,-24,0,-25,0,-24,0,-24,0,-23,0,-23,0,-22,0,-22,0,-21,0,-20,0,-20,0,-20,0,-20,0,-20,0,-20,0,-20,0,-20,-1,-21,-2,-22,-2,-23,-3,-22,-4,-21,-5,-20,-5,-17,-6]"
CSI_DATA,114655,d8:b1:90:d9:de:f0,-58,11,-99,-37,60,56,1711003795,100,0,114,0,"[16,-2,18,0,18,0,18,0,20,2,19,2,18,2,17,2,16,1,16,2,16,2,16,2,16,2,17,1,18,1,18,1,19,0,21,0,22,0,23,0,24,1,24,0,24,1,24,1,24,2,24,3,24,3,22,3,0,0,21,5,22,5,21,5,22,6,22,6,22,7,21,6,23,8,21,7,21,8,21,8,20,8,18,7,18,7,18,7,17,7,17,8,17,8,17,8,18,8,18,10,19,10,19,11,18,13,17,13,16,13,15,14,12,13]"
CSI_DATA,114656,d8:b1:90:d9:de:f0,-58,11,-99,-34,59,56,1711014033,100,0,114,0,"[-9,-13,-8,-14,-9,-16,-8,-17,-8,-17,-8,-17,-7,-15,-6,-15,-7,-14,-7,-14,-7,-14,-8,-14,-8,-14,-9,-14,-10,-14,-11,-16,-12,-16,-11,-17,-13,-17,-14,-17,-15,-18,-14,-18,-15,-18,-16,-19,-14,-18,-14,-18,-14,-20,-14,-18,0,0,-12,-18,-11,-19,-12,-19,-12,-18,-12,-18,-12,-19,-12,-19,-13,-20,-12,-20,-12,-19,-12,-18,-12,-18,-11,-17,-11,-17,-10,-16,-10,-16,-9,-14,-10,-15,-10,-16,-11,-17,-11,-17,-11,-19,-11,-19,-9,-20,-8,-21,-8,-20,-6,-19,-5,-17]"
CSI_DATA,114657,d8:b1:90:d9:de:f0,-58,11,-99,-35,60,56,1711033752,100,0,228,0,"[9,-15,11,-17,11,-16,11,-15,10,-15,8,-13,7,-11,66,-4,4,-8,4,-6,2,-5,2,-4,1,-2,1,-1,0,0,0,0,-1,2,-2,3,-4,4,-5,4,-6,4,42,4,-11,2,-13,2,-14,0,-15,-3,-16,-5,-17,-8,0,0,-17,-13,-17,-15,-18,-16,-17,-19,-16,-19,-15,-19,4,10,-12,-17,-11,-15,-10,-13,-9,-10,-8,-7,-6,-3,-5,0,-5,2,-4,4,-3,7,-2,9,-2,12,-1,14,-8,10,0,17,0,19,0,19,0,17,-1,15,-1,13,-2,11,0,4,0,4,0,4,2,5,7,4,11,-1,8,-9,5,-24,-11,-9,-15,0,-11,12,1,17,14,12,19,-1,13,-15,-2,-19,-15,-13,-19,0,-13,13,0,17,9,13,3,7,9,-4,4,-6,1,-5,0,-4,-1,-4,-2,-5,0,0,-8,0,-8,6,-4,11,3,13,11,8,16,0,0,-28,5,-15,-4,-16,-15,-10,-17,1,-13,13,-1,18,11,13,17,3,14,-9,3,-17,-9,-13,-15,-2,-12,10,0,31,11,8,11,-4,2,-11,-8,-7,-11,4,-4,12,7,11]"
CSI_DATA,114658,d8:b1:90:d9:de:f0,-59,11,-99,-36,60,56,1711044049,100,0,228,0,"[-9,16,-9,17,-9,17,-9,16,-8,15,-7,14,-6,12,67,-4,-4,9,-2,7,-2,6,-1,4,-1,3,0,2,0,0,0,0,0,-2,1,-3,2,-4,4,-4,5,-5,43,4,9,-5,12,-4,14,-3,16,-1,17,0,19,1,0,0,21,6,22,7,23,9,23,11,23,12,22,12,44,0,19,11,17,9,15,7,12,5,11,2,7,0,5,-2,2,-4,1,-6,0,-8,-2,-9,-4,-11,-5,-13,-48,10,-9,-15,-9,-16,-10,-15,-9,-14,-7,-13,-6,-12,-4,-9,0,-4,0,-3,0,-4,-2,-5,-7,-4,-10,2,-7,10,-2,24,12,8,16,-3,9,-14,-4,-16,-16,-9,-18,5,-9,17,5,19,17,10,19,-4,9,-16,-3,-17,-12,-9,-5,-5,-8,7,-2,7,0,5,1,4,2,4,4,4,0,0,8,-3,5,-8,0,-12,-7,-9,-14,-4,-14,4,12,26,0,16,11,13,17,3,15,-9,6,-16,-6,-16,-16,-7,-16,5,-8,15,4,16,15,7,14,-6,4,-14,-15,-26,-14,-1,-7,9,4,11,12,1,7,-9,-4,-12,-12,-4]"
CSI_DATA,114659,d8:b1:90:d9:de:f0,-59,11,-99,-38,61,56,1711054057,100,0,228,0,"[6,-17,6,-18,6,-18,6,-18,5,-16,4,-15,2,-13,64,-4,1,-9,0,-8,0,-6,0,-4,0,-2,0,-1,0,0,0,1,0,2,0,4,0,6,0,7,-2,8,41,4,-5,10,-8,10,-10,10,-12,10,-14,9,-16,8,0,0,-20,6,-22,5,-24,4,-24,4,-24,3,-24,3,72,9,-21,3,-20,3,-16,4,-12,4,-9,5,-6,5,-2,6,0,5,3,5,6,4,8,4,11,4,14,3,-24,0,17,2,18,1,18,0,17,0,15,0,12,1,10,1,0,4,1,3,1,4,4,4,8,2,9,-4,4,-11,-4,-24,-14,-4,-14,7,-4,16,8,14,17,3,15,-10,3,-19,-12,-16,-20,-3,-15,12,-2,18,9,14,14,4,8,3,4,-9,0,-8,-2,-5,-3,-3,-5,-2,-6,0,0,0,-5,7,0,10,7,9,12,2,12,-5,8,-12,-24,-12,-10,-12,-16,-2,-15,8,-6,16,6,16,16,8,18,-5,8,-15,-6,-16,-15,-7,-15,6,-5,14,7,13,30,4,9,-9,-2,-11,-11,-3,-7,8,3,11,12,3,10,-8]"
CSI_DATA,114660,d8:b1:90:d9:de:f0,-59,11,-99,-38,61,56,1711065532,100,0,228,0,"[-18,0,-19,0,-20,0,-19,0,-17,0,-15,0,-13,0,64,-4,-9,1,-7,1,-6,1,-4,0,-2,0,-1,0,0,0,1,0,2,0,4,-1,6,0,7,0,8,1,41,4,10,4,10,7,10,9,10,12,9,14,8,16,0,0,6,21,5,22,4,24,2,25,2,25,2,25,47,0,1,22,1,19,2,16,2,13,4,9,4,6,4,3,5,0,6,-2,6,-5,6,-8,6,-10,6,-12,52,0,6,-16,6,-17,5,-16,6,-16,5,-14,4,-12,4,-8,4,-2,3,-2,3,-2,3,-5,0,-8,-7,-8,-12,0,-22,9,-1,14,10,12,16,0,12,-11,0,-18,-13,-13,-19,0,-13,14,0,20,13,14,18,0,12,-11,2,-14,3,-8,-9,-4,-8,1,-5,3,-3,4,-2,4,0,6,0,0,8,5,10,0,9,-7,4,-12,-4,-12,-12,-8,-14,24,-12,9,-4,16,6,16,15,8,17,-4,10,-14,-2,-18,-14,-11,-17,2,-10,14,2,16,13,8,14,-4,12,-27,-6,-12,-12,0,-6,9,6,10,12,0,7,-10,-4,-12]"
CSI_DATA,114661,d8:b1:90:d9:de:f0,-59,11,-99,-39,61,56,1711084030,100,0,228,0,"[-13,-12,-13,-13,-14,-13,-13,-13,-13,-11,-11,-10,-10,-8,66,-4,-7,-5,-6,-4,-5,-2,-4,-2,-2,-1,-1,-1,0,0,0,0,2,0,2,1,4,3,4,4,5,6,42,4,4,10,4,12,2,13,1,16,0,17,-2,19,0,0,-4,22,-6,23,-8,24,-8,24,-10,24,-9,23,60,10,-8,20,-6,18,-4,15,-2,13,0,11,2,7,3,4,6,2,6,0,8,-2,8,-4,9,-6,11,-9,-59,0,11,-13,11,-13,11,-14,11,-13,10,-11,8,-9,7,-7,4,2,4,1,4,0,6,-2,6,-6,0,-11,-8,-8,-24,-6,-10,11,0,15,13,11,17,-1,11,-14,-2,-19,-15,-11,-19,3,-11,16,3,19,15,11,17,-2,11,-11,5,-4,-6,-8,-7,-2,-6,0,-4,1,-4,2,-3,5,0,0,3,7,8,4,11,0,10,-8,2,-13,-6,-13,-23,15,-16,2,-11,13,0,17,11,15,17,3,15,-10,4,-17,-9,-15,-17,-4,-14,9,-2,16,10,12,15,0,20,-22,-3,-13,-12,-4,-8,7,2,11,11,3,10,-8,0,-13]"
CSI_DATA,114662,d8:b1:90:d9:de:f0,-59,11,-99,-39,61,56,1711104021,100,0,228,0,"[-15,10,-17,10,-17,10,-17,9,-15,8,-13,7,-11,6,66,-4,-8,4,-6,3,-5,2,-4,1,-2,0,-1,0,0,0,0,-2,2,-3,4,-2,4,-3,6,-4,8,-2,42,4,11,0,12,3,13,6,13,8,13,11,13,13,0,0,12,19,11,22,9,23,8,24,8,24,6,24,-31,0,5,22,4,19,5,16,5,12,5,9,4,5,4,2,4,-1,5,-3,4,-6,5,-8,4,-11,4,-13,7,0,4,-17,4,-18,4,-17,4,-17,4,-14,4,-12,4,-8,2,-4,1,-4,1,-4,0,-6,-5,-6,-10,-3,-12,6,-14,19,6,14,15,6,16,-6,6,-16,-8,-17,-17,-6,-17,8,-6,19,7,18,18,7,17,-6,8,-15,-2,-15,0,-10,-10,-1,-7,2,-4,4,-2,5,-1,6,1,7,0,0,10,2,11,-3,6,-10,0,-13,-7,-11,-13,-5,-8,27,-10,12,-1,16,9,15,17,5,17,-6,8,-17,-5,-17,-15,-8,-17,4,-8,15,4,16,14,7,14,-5,8,-29,-8,-11,-11,0,-5,10,6,9,11,0,6,-11,-4,-12]"
CSI_DATA,114663,d8:b1:90:d9:de:f0,-58,11,-99,-36,60,56,1711114264,100,0,228,0,"[-1,19,-2,20,-2,20,-1,19,-1,18,0,16,0,14,67,-4,0,9,0,7,0,5,0,4,0,2,0,2,0,0,-1,-1,-1,-2,0,-4,0,-5,0,-7,2,-8,43,4,5,-9,8,-10,10,-10,13,-9,16,-9,18,-8,0,0,22,-5,24,-4,26,-3,27,-2,27,-1,26,-1,-80,0,23,-1,20,-1,18,-2,14,-2,10,-3,6,-4,3,-5,0,-6,-3,-6,-5,-5,-7,-6,-10,-6,-13,-6,41,10,-16,-6,-18,-5,-17,-6,-16,-5,-14,-4,-12,-4,-9,-4,-1,-4,-2,-3,-2,-4,-5,-4,-9,0,-9,7,-2,13,8,23,16,2,13,-10,1,-17,-12,-14,-19,0,-14,13,0,20,14,14,20,0,14,-14,1,-19,-11,-14,-14,-2,-7,-2,-4,9,0,8,3,5,4,4,4,3,7,0,0,0,5,-8,0,-11,-7,-9,-12,-4,-13,4,-8,12,25,14,9,13,16,4,16,-7,9,-16,-4,-18,-15,-10,-18,2,-12,14,2,17,14,11,16,-3,8,-14,-5,-15,-29,-11,-12,7,0,12,10,6,10,-6,0,-12,-11,-7,-12,4]"
CSI_DATA,114664,d8:b1:90:d9:de:f0,-59,11,-99,-35,60,56,1711133983,100,0,228,0,"[-9,-16,-9,-17,-8,-17,-8,-16,-7,-16,-6,-13,-6,-12,66,-4,-4,-8,-3,-6,-2,-4,-1,-4,0,-2,0,-1,1,0,2,0,2,2,2,3,2,5,2,6,1,8,42,4,-2,11,-4,12,-7,13,-9,13,-12,13,-15,12,0,0,-19,9,-23,8,-24,7,-26,6,-26,5,-26,4,72,9,-22,2,-19,2,-17,3,-13,3,-9,4,-6,4,-3,4,0,5,2,5,4,6,7,6,10,6,12,6,-46,0,15,7,16,6,17,7,15,6,13,6,11,6,8,5,4,3,4,2,4,2,6,0,8,-4,4,-11,-4,-12,-18,-15,-14,5,-6,15,5,15,16,6,17,-6,6,-17,-8,-17,-18,-7,-19,6,-9,17,4,18,14,10,15,-1,9,2,2,-11,-2,-8,-4,-5,-5,-3,-6,-1,-7,2,0,0,-3,8,2,11,8,8,13,2,13,-6,7,-13,-26,-12,-11,-12,-17,-3,-15,8,-7,16,5,17,15,9,18,-2,11,-13,-1,-17,-13,-11,-17,2,-9,13,4,15,27,14,12,-5,2,-12,-8,-6,-10,4,-1,11,8,8,13,-2]"
CSI_DATA,114665,d8:b1:90:d9:de:f0,-59,11,-99,-35,60,56,1711154189,100,0,228,0,"[13,-13,13,-14,13,-14,13,-13,11,-13,10,-11,8,-10,66,-4,4,-7,4,-6,2,-5,2,-3,2,-2,1,0,1,0,1,2,0,3,0,4,-1,5,-2,6,-4,7,42,4,-8,7,-11,6,-13,6,-15,5,-17,4,-19,2,0,0,-22,0,-24,-2,-25,-3,-26,-4,-26,-4,-25,-5,81,9,-22,-4,-19,-2,-17,-1,-13,0,-11,1,-7,3,-4,4,0,5,2,6,4,6,7,6,10,6,12,6,-41,0,16,6,17,5,17,5,16,4,15,4,12,4,9,3,-2,4,0,4,0,5,2,6,7,5,11,0,8,-9,6,-23,-12,-9,-16,2,-10,13,2,17,15,10,19,-4,10,-17,-5,-19,-17,-9,-19,4,-9,15,3,17,12,9,6,6,8,-6,2,-8,0,-6,-2,-6,-4,-4,-6,-2,0,0,-7,6,-2,10,4,11,11,6,14,0,11,-9,-20,-19,-6,-15,-15,-8,-17,3,-11,13,0,18,13,13,18,0,13,-12,0,-17,-13,-11,-16,1,-9,13,3,15,28,12,12,-6,0,-11,-9,-6,-9,5,0,11,10,6,11,-5]"
CSI_DATA,114666,d8:b1:90:d9:de:f0,-59,11,-99,-39,61,56,1711174164,100,0,228,0,"[-4,-17,-4,-18,-3,-18,-4,-18,-2,-17,-3,-15,-3,-13,66,-4,-3,-8,-2,-6,-2,-6,-2,-4,-1,-3,-1,-2,0,0,0,0,0,1,0,3,0,4,0,6,-2,6,42,4,-4,9,-7,9,-9,10,-11,10,-14,10,-16,9,0,0,-20,8,-22,6,-24,5,-24,5,-25,4,-24,4,76,9,-21,4,-19,4,-16,5,-13,5,-9,6,-6,6,-3,6,0,6,2,6,4,7,7,7,9,7,11,7,-65,0,15,7,16,6,16,6,15,6,14,5,12,6,8,4,2,3,2,2,3,4,6,2,8,-2,6,-8,-1,-13,-14,-19,-15,2,-10,13,2,17,14,10,17,-3,11,-15,-3,-19,-17,-11,-19,4,-11,16,2,18,13,11,15,-1,5,0,1,-10,-3,-6,-4,-2,-3,-1,-3,-1,-4,0,0,0,-4,6,0,9,6,8,11,4,13,-3,8,-11,-23,-10,-10,-12,-16,-3,-15,7,-6,15,5,17,15,8,17,-4,9,-14,-4,-16,-15,-8,-15,4,-6,14,6,14,28,11,11,-8,0,-13,-11,-6,-11,6,0,13,11,7,13,-4]"
CSI_DATA,114667,d8:b1:90:d9:de:f0,-59,11,-99,-39,61,56,1711193996,100,0,228,0,"[-4,-17,-3,-19,-2,-19,-2,-17,-2,-17,-2,-15,-1,-13,66,-4,-2,-9,-1,-7,0,-5,0,-4,0,-3,0,-2,0,0,0,0,0,2,0,3,0,4,-2,6,-3,6,42,4,-7,8,-9,8,-13,6,-15,6,-17,4,-19,2,0,0,-22,0,-23,-2,-24,-4,-24,-6,-24,-8,-24,-8,-73,9,-20,-8,-17,-6,-15,-5,-13,-4,-11,-1,-7,0,-5,2,-3,4,-1,6,0,8,2,9,3,11,4,12,37,0,7,15,7,16,6,16,6,15,5,14,4,13,2,10,2,4,2,3,3,4,6,2,9,-2,6,-8,0,-13,-12,-21,-15,0,-11,11,0,17,13,12,19,0,13,-13,0,-19,-13,-14,-19,-1,-15,12,-2,17,9,14,15,4,6,3,5,-8,0,-8,-2,-5,-2,-3,-3,-3,-5,-2,0,0,-7,4,-4,9,2,11,9,8,13,2,13,-6,-15,-22,-2,-16,-12,-11,-17,-1,-15,10,-4,17,7,16,16,7,17,-5,7,-15,-5,-16,-15,-6,-14,6,-5,14,13,26,13,2,8,-8,-2,-11,-10,-3,-8,8,1,12,11,6]"
CSI_DATA,114668,d8:b1:90:d9:de:f0,-58,11,-99,-36,60,56,1711204356,100,0,228,0,"[-15,12,-16,12,-16,12,-16,11,-14,10,-13,9,-11,8,67,-4,-7,6,-6,4,-4,4,-3,2,-2,2,-1,0,0,0,0,-1,2,-2,2,-2,4,-3,6,-2,8,-2,43,4,11,0,12,2,13,4,14,7,14,10,14,13,0,0,14,18,12,20,12,22,11,24,10,24,9,24,-67,0,8,21,7,19,7,15,7,12,7,9,6,5,6,2,5,-1,5,-4,4,-6,4,-9,4,-12,4,-14,35,0,3,-17,3,-19,3,-19,3,-17,3,-15,3,-13,2,-10,2,-4,1,-3,1,-4,0,-7,-5,-7,-11,-2,-12,6,-13,21,7,13,16,4,15,-8,4,-17,-9,-16,-19,-4,-17,10,-4,19,10,18,19,5,17,-8,7,-16,-4,-14,-1,-8,-10,0,-7,4,-3,4,-2,4,0,5,2,7,0,0,9,2,10,-4,6,-9,0,-13,-8,-11,-14,-4,-6,28,-9,13,0,16,11,14,17,4,16,-8,7,-17,-7,-17,-16,-7,-16,6,-7,16,6,16,15,6,14,-7,7,-31,-9,-11,-12,0,-5,11,7,9,12,0,6,-11,-5,-12]"
CSI_DATA,114669,d8:b1:90:d9:de:f0,-59,11,-99,-38,61,56,1711224099,100,0,228,0,"[14,9,14,10,14,11,14,11,12,10,11,9,10,8,64,-4,7,6,6,4,5,3,3,3,2,2,2,2,0,0,0,0,-1,0,-1,-2,-1,-4,-2,-6,0,-7,41,4,1,-10,3,-11,6,-12,8,-13,11,-12,13,-12,0,0,18,-11,20,-10,22,-9,23,-8,24,-6,23,-6,-76,0,20,-4,18,-4,16,-4,12,-4,9,-4,6,-5,3,-6,0,-6,-1,-6,-4,-6,-6,-7,-8,-8,-10,-8,73,10,-13,-10,-14,-10,-14,-11,-12,-10,-10,-10,-8,-9,-6,-8,-4,-1,-4,0,-5,0,-6,2,-5,8,0,10,8,9,22,7,10,-9,1,-16,-10,-12,-17,-1,-13,11,-2,18,12,14,19,2,16,-11,4,-18,-8,-15,-16,-4,-13,6,-5,1,2,10,5,6,5,2,4,0,4,0,4,-1,0,0,3,-6,-1,-9,-8,-7,-12,-2,-11,6,-6,12,24,9,10,12,16,3,15,-8,7,-15,-5,-16,-14,-9,-17,2,-10,13,1,16,13,10,15,-2,8,-12,-2,-15,-24,-16,-12,4,-3,12,7,8,11,-2,4,-10,-6,-10,-12,-1]"
CSI_DATA,114670,d8:b1:90:d9:de:f0,-59,11,-99,-38,61,56,1711244199,100,0,228,0,"[-13,12,-14,13,-14,13,-13,12,-12,12,-10,11,-8,10,64,-4,-5,7,-4,6,-3,4,-2,4,-1,2,0,1,0,0,0,-1,1,-2,2,-2,4,-4,4,-4,6,-4,41,4,10,-3,11,-2,13,0,14,1,16,3,16,5,0,0,19,8,19,10,20,12,20,13,20,14,20,13,29,0,18,12,16,10,14,7,12,4,11,2,8,0,6,-3,4,-5,2,-6,0,-8,-2,-10,-4,-11,-6,-12,-52,10,-9,-14,-10,-15,-11,-14,-10,-13,-9,-12,-7,-10,-6,-8,1,-4,0,-3,0,-3,0,-5,-5,-6,-10,-1,-10,7,-9,22,9,12,15,2,12,-10,0,-16,-12,-12,-18,0,-12,14,1,19,14,12,18,0,12,-13,0,-16,-9,-10,-4,-6,-8,4,-3,6,0,5,0,4,1,4,4,4,0,0,8,-2,6,-7,0,-10,-6,-10,-11,-4,-12,4,10,24,0,14,8,12,14,4,15,-6,7,-14,-5,-16,-14,-8,-16,4,-8,14,5,16,15,6,14,-6,4,-14,-16,-26,-14,0,-7,10,4,11,12,2,7,-10,-4,-12,-12,-4]"
CSI_DATA,114671,d8:b1:90:d9:de:f0,-59,11,-99,-38,61,56,1711257613,100,0,228,0,"[-14,11,-15,12,-15,12,-14,12,-13,10,-11,10,-10,9,64,-4,-6,6,-4,5,-3,4,-2,2,-2,1,-1,0,0,0,0,-2,0,-3,2,-4,3,-4,4,-6,6,-5,41,4,10,-4,11,-3,13,-1,14,0,16,2,17,4,0,0,19,8,20,10,20,12,20,13,20,14,20,14,30,0,18,12,16,10,14,8,12,5,10,2,8,0,6,-2,3,-4,1,-6,-1,-7,-3,-9,-5,-10,-7,-12,-68,10,-10,-13,-12,-13,-12,-12,-11,-12,-10,-11,-8,-10,-6,-7,1,-4,0,-4,0,-4,0,-6,-5,-6,-10,-1,-10,7,-10,21,8,12,15,2,12,-10,1,-17,-12,-13,-18,0,-13,13,0,19,13,13,18,0,12,-12,1,-16,-8,-11,-4,-8,-8,4,-4,5,-1,6,0,6,2,6,4,6,0,0,8,-4,6,-8,0,-12,-7,-10,-12,-4,-12,4,11,24,0,14,9,12,15,4,14,-6,7,-14,-5,-16,-15,-8,-16,4,-8,14,5,16,15,6,14,-6,4,-14,-17,-24,-14,0,-7,9,4,10,11,1,6,-9,-5,-11,-12,-2]"
CSI_DATA,114672,d8:b1:90:d9:de:f0,-59,11,-99,-38,61,56,1711274008,100,0,228,0,"[-10,16,-10,16,-10,17,-10,16,-9,15,-8,14,-6,12,64,-4,-3,8,-2,6,-2,5,-1,4,0,2,-1,0,0,0,0,-1,0,-2,0,-4,2,-5,2,-6,4,-6,41,4,8,-6,11,-5,12,-4,14,-3,16,-2,18,0,0,0,20,3,23,5,23,6,24,7,24,8,23,8,82,0,20,7,18,5,16,3,14,2,11,0,8,-2,4,-4,2,-5,0,-6,-3,-8,-4,-9,-7,-10,-9,-10,67,10,-13,-10,-14,-11,-15,-10,-14,-10,-12,-9,-10,-8,-8,-6,0,-4,0,-3,0,-4,-2,-5,-7,-4,-10,2,-7,10,-2,24,12,9,16,-2,9,-14,-4,-16,-16,-8,-18,5,-8,17,6,18,17,8,18,-6,8,-16,-4,-16,-12,-8,-6,-6,-7,6,-2,6,0,6,2,5,3,4,6,3,0,0,8,-4,2,-10,-2,-11,-10,-8,-12,0,-11,8,17,22,4,14,12,9,16,0,13,-10,2,-16,-9,-14,-17,-4,-14,8,-4,16,9,14,16,2,13,-10,0,-16,-23,-20,-13,3,-4,12,7,9,11,-2,4,-11,-7,-10,-13,0]"
CSI_DATA,114673,d8:b1:90:d9:de:f0,-58,11,-99,-36,60,56,1711286072,100,0,228,0,"[-14,-12,-14,-14,-14,-14,-13,-14,-12,-13,-10,-12,-9,-9,67,-4,-6,-7,-5,-5,-4,-4,-2,-2,-1,-2,0,-1,0,0,1,0,2,1,2,2,3,4,3,6,2,7,43,4,0,12,-2,12,-4,13,-7,14,-10,14,-13,14,0,0,-19,13,-21,12,-23,11,-24,9,-25,9,-24,7,-63,9,-21,5,-19,5,-16,5,-13,4,-9,4,-6,4,-3,5,0,5,2,5,4,6,7,6,9,6,12,7,-35,0,16,7,16,7,16,7,16,7,14,7,12,7,9,6,4,2,4,0,4,0,7,-2,6,-7,0,-11,-8,-10,-22,-10,-12,9,-2,16,9,14,17,3,15,-10,3,-19,-11,-16,-19,-4,-17,10,-4,19,9,16,16,6,14,-4,8,-2,0,-11,-4,-7,-4,-3,-4,-2,-5,0,-6,2,0,0,-2,9,2,10,9,7,13,0,12,-7,6,-13,-27,-8,-12,-10,-17,-1,-14,9,-5,16,7,17,16,8,18,-4,9,-15,-4,-17,-14,-9,-16,3,-8,14,4,15,28,13,12,-6,1,-12,-9,-7,-10,4,-2,12,9,8,13,-2]"
CSI_DATA,114674,d8:b1:90:d9:de:f0,-59,11,-99,-36,60,56,1711303946,100,0,228,0,"[-10,-15,-10,-16,-11,-16,-10,-16,-9,-14,-9,-13,-8,-10,67,-4,-5,-7,-5,-5,-4,-4,-3,-3,-2,-2,-1,-1,0,0,0,0,2,1,2,2,3,4,3,5,2,7,43,4,1,11,0,12,-2,14,-4,15,-6,16,-8,17,0,0,-12,17,-15,17,-16,18,-18,17,-18,17,-18,16,-43,9,-16,15,-14,14,-10,13,-7,11,-4,9,-1,8,0,7,3,4,5,3,8,2,9,0,12,-1,13,-2,-24,0,16,-4,16,-6,16,-6,16,-6,15,-5,12,-4,9,-2,4,2,3,2,4,2,6,0,7,-4,2,-11,-6,-11,-21,-12,-13,7,-4,16,9,14,16,3,14,-10,2,-19,-12,-15,-20,-2,-16,12,-2,19,11,15,16,3,13,-7,7,-3,-3,-9,-5,-5,-5,-1,-4,0,-4,0,-4,3,0,0,0,9,7,7,11,3,12,-4,7,-10,0,-14,-27,4,-14,-3,-15,7,-7,14,4,17,14,10,18,-2,12,-14,-1,-17,-13,-12,-16,1,-9,13,2,16,14,7,29,-9,4,-14,-8,-10,-12,1,-4,11,7,9,12,-1,7,-12]"
CSI_DATA,114675,d8:b1:90:d9:de:f0,-59,11,-99,-37,61,56,1711317765,100,0,228,0,"[-17,5,-18,5,-18,5,-17,5,-16,5,-14,5,-12,4,62,-4,-7,3,-6,3,-4,2,-3,1,-1,1,0,0,0,0,0,-1,1,-1,3,-1,5,-2,6,-1,7,0,40,3,9,1,10,3,11,6,11,8,11,11,10,13,0,0,9,18,9,20,8,21,7,22,7,22,7,22,-73,0,5,20,5,18,5,15,6,11,6,8,6,5,6,1,5,0,5,-3,5,-6,4,-9,4,-11,3,-12,27,0,3,-16,1,-18,1,-17,1,-16,1,-14,1,-12,1,-9,3,-3,1,-2,1,-3,1,-5,-1,-7,-8,-5,-11,1,-17,14,1,14,12,8,15,-3,8,-14,-4,-16,-15,-8,-17,5,-8,16,5,17,15,9,16,-3,9,-13,-1,-13,0,-7,-9,-1,-5,2,-3,3,-2,3,-1,5,0,6,0,0,8,3,9,-2,6,-8,0,-11,-6,-10,-11,-4,-6,24,-9,11,-1,14,8,12,14,4,14,-6,7,-14,-5,-15,-14,-8,-15,4,-6,14,5,14,14,6,14,-7,7,-29,-8,-10,-12,1,-5,11,6,9,11,-1,6,-11,-5,-11]"
CSI_DATA,114676,d8:b1:90:d9:de:f0,-58,11,-99,-36,60,56,1711334082,100,0,228,0,"[-6,-18,-6,-19,-5,-19,-5,-19,-4,-17,-4,-15,-4,-12,67,-4,-3,-9,-2,-7,-2,-5,-1,-4,0,-2,0,-1,0,0,1,1,2,2,1,3,2,4,2,7,0,8,43,4,-2,11,-4,12,-7,12,-9,13,-12,12,-14,12,0,0,-19,11,-22,10,-23,9,-25,8,-25,8,-25,7,-76,9,-21,5,-19,5,-16,5,-13,6,-9,5,-5,5,-2,5,1,5,3,5,6,5,9,4,11,4,13,4,-32,0,16,4,18,3,18,3,17,3,15,3,13,3,10,3,2,4,3,2,4,2,7,1,8,-3,5,-10,-2,-13,-16,-19,-16,3,-8,14,3,16,15,8,18,-5,9,-17,-5,-19,-18,-9,-19,5,-9,17,4,19,14,9,15,-2,8,0,1,-10,-2,-7,-4,-4,-4,-2,-5,-1,-7,0,0,0,-3,9,2,10,9,7,12,1,13,-7,6,-14,-26,-9,-12,-11,-17,-1,-14,9,-4,17,7,16,17,7,17,-6,8,-16,-5,-16,-16,-7,-16,6,-6,15,7,14,30,7,11,-8,-1,-12,-11,-4,-9,7,1,12,12,5,12,-5]"
CSI_DATA,114677,d8:b1:90:d9:de:f0,-59,11,-99,-35,60,56,1711344495,100,0,228,0,"[7,-17,8,-18,8,-18,8,-17,8,-16,6,-14,5,-13,66,-4,2,-8,2,-6,2,-5,2,-4,1,-2,0,0,1,0,1,2,1,3,0,4,0,6,-2,7,-3,7,42,4,-7,8,-10,8,-12,7,-15,6,-17,4,-19,3,0,0,-22,0,-24,-1,-25,-2,-26,-4,-26,-4,-25,-4,85,9,-22,-4,-19,-3,-17,-2,-14,0,-11,0,-7,2,-4,4,-1,4,2,6,4,6,6,6,8,8,11,8,-59,0,15,8,16,8,16,8,15,8,13,7,11,6,8,6,0,5,0,4,1,5,4,6,8,2,10,-4,6,-12,0,-24,-14,-6,-15,6,-7,16,6,16,17,6,17,-7,6,-19,-8,-18,-18,-6,-17,8,-6,17,6,16,13,7,7,6,6,-8,2,-8,-1,-6,-2,-5,-4,-4,-6,-2,0,0,-7,6,-2,11,4,11,11,6,13,-1,11,-10,-21,-20,-6,-14,-14,-7,-17,2,-12,13,0,17,12,13,17,1,14,-11,2,-17,-11,-13,-16,0,-11,12,1,15,26,17,13,-4,3,-11,-8,-7,-11,2,-2,11,8,8,13,-2]"
CSI_DATA,114678,d8:b1:90:d9:de:f0,-59,11,-99,-35,60,56,1711356918,100,0,228,0,"[-16,-9,-17,-11,-16,-11,-15,-11,-14,-11,-13,-9,-11,-7,66,-4,-7,-5,-6,-4,-4,-2,-4,-2,-2,-1,-1,-1,0,0,0,0,2,1,2,2,3,4,2,5,2,7,42,4,0,11,-2,12,-4,13,-7,13,-10,14,-13,13,0,0,-18,12,-21,11,-23,10,-24,8,-24,7,-24,6,86,9,-22,4,-19,4,-16,4,-13,4,-10,5,-6,6,-3,6,0,6,2,6,4,7,7,8,9,8,11,8,-57,0,15,9,15,10,15,10,15,9,13,9,10,8,8,6,4,0,3,0,4,0,6,-2,5,-6,0,-11,-8,-9,-24,-7,-11,10,-1,16,11,13,17,1,13,-12,1,-19,-13,-15,-19,-2,-16,12,-2,19,10,15,16,4,13,-6,6,-2,-1,-10,-4,-6,-4,-2,-4,-1,-4,0,-5,2,0,0,-2,8,3,9,8,6,12,0,11,-6,6,-12,-26,-8,-11,-11,-16,-2,-15,8,-7,15,5,17,15,9,18,-2,11,-13,-1,-17,-13,-11,-17,2,-10,13,2,16,26,17,13,-5,3,-13,-8,-9,-11,2,-4,12,7,11,14,0]"
CSI_DATA,114679,d8:b1:90:d9:de:f0,-59,11,-99,-36,60,56,1711374058,100,0,228,0,"[13,-14,14,-14,14,-14,14,-14,12,-13,10,-12,9,-10,67,-4,5,-7,4,-6,2,-4,2,-3,2,-2,1,0,0,0,0,1,0,2,-1,3,-2,4,-3,5,-5,6,43,4,-9,6,-12,4,-14,3,-16,2,-18,0,-19,-1,0,0,-22,-4,-23,-6,-24,-7,-24,-9,-24,-9,-24,-9,-79,9,-21,-7,-19,-6,-16,-4,-14,-2,-11,0,-8,1,-5,3,-2,4,0,6,2,7,4,8,7,9,9,9,-72,0,13,11,14,12,15,11,14,10,12,9,10,8,8,7,-2,4,-1,4,0,5,2,7,7,6,12,0,9,-9,7,-24,-11,-10,-16,1,-11,13,2,18,14,12,19,-3,12,-16,-3,-20,-16,-12,-19,3,-11,15,2,17,11,10,5,6,8,-6,2,-7,0,-6,-2,-4,-2,-4,-5,-3,0,0,-9,4,-4,9,2,12,9,9,14,2,13,-7,-16,-24,-3,-16,-13,-11,-17,0,-14,12,-2,18,9,15,17,3,15,-9,4,-17,-9,-14,-16,-2,-12,11,0,16,24,21,13,-2,4,-12,-7,-9,-11,2,-3,11,8,9,12,0]"
CSI_DATA,114680,d8:b1:90:d9:de:f0,-58,11,-99,-36,60,56,1711384603,100,0,228,0,"[-19,2,-20,2,-21,2,-19,3,-18,3,-16,4,-13,4,67,-4,-8,3,-7,2,-5,2,-3,1,-2,1,-1,0,0,0,0,-2,2,-2,3,-2,4,-2,6,-2,8,-2,43,4,11,0,12,2,14,4,14,6,15,8,16,10,0,0,17,15,17,17,18,19,17,19,17,20,16,19,-4,0,15,17,15,14,13,12,12,8,10,5,8,1,6,0,4,-3,3,-6,0,-8,-1,-10,-3,-12,-5,-13,-54,10,-8,-15,-9,-16,-10,-16,-9,-14,-9,-14,-7,-12,-5,-9,4,-2,3,-2,3,-3,2,-6,-2,-9,-9,-6,-13,2,-20,15,3,16,14,9,16,-4,9,-15,-5,-18,-18,-8,-19,7,-7,19,8,18,18,7,17,-7,7,-16,-4,-14,-1,-8,-10,0,-7,4,-3,5,-1,5,0,5,2,7,0,0,9,0,9,-6,4,-12,-4,-12,-12,-8,-14,0,4,29,-4,16,7,15,15,7,16,-4,10,-15,-2,-18,-14,-11,-18,2,-12,14,3,18,14,9,16,-4,7,-14,-14,-28,-14,-2,-9,9,3,12,11,2,7,-9,-3,-12,-12,-4]"
CSI_DATA,114681,d8:b1:90:d9:de:f0,-59,11,-99,-36,60,56,1711394646,100,0,228,0,"[-18,-4,-19,-4,-19,-5,-18,-5,-16,-5,-14,-4,-12,-4,67,-4,-9,-2,-7,-2,-6,-1,-4,0,-3,0,-2,0,0,0,0,0,1,0,2,2,3,2,4,4,4,6,43,4,3,10,2,12,0,14,-2,16,-4,17,-6,18,0,0,-11,19,-14,19,-15,19,-17,19,-18,18,-19,17,-30,9,-17,14,-14,13,-12,12,-9,10,-6,9,-3,8,0,7,2,5,4,4,7,4,9,2,12,2,13,2,-27,0,17,2,18,1,18,1,17,2,15,2,13,2,10,2,4,0,4,0,4,-1,5,-4,2,-9,-4,-10,-12,-4,-25,2,-7,14,4,15,15,7,16,-5,8,-16,-6,-18,-17,-9,-19,6,-9,17,4,19,16,10,17,-2,10,-12,4,-4,-6,-9,-7,-2,-5,0,-4,0,-4,1,-4,3,0,0,0,8,6,7,10,3,12,-4,8,-10,0,-14,-27,2,-15,-4,-16,5,-9,14,1,18,13,12,18,0,14,-12,2,-18,-10,-14,-16,-2,-13,10,-2,16,10,12,31,1,8,-11,-4,-12,-12,-3,-8,8,2,12,12,4,12,-6]"
CSI_DATA,114682,d8:b1:90:d9:de:f0,-59,11,-99,-36,60,56,1711404943,100,0,228,0,"[7,17,7,19,7,19,7,18,6,16,6,14,4,12,67,-4,4,8,3,6,2,4,2,3,1,2,0,1,0,0,0,0,-1,-2,-1,-3,-1,-4,0,-7,0,-7,43,4,3,-9,6,-10,8,-11,11,-10,14,-10,15,-9,0,0,20,-7,22,-6,24,-5,25,-4,26,-3,25,-2,-82,0,22,-2,20,-2,17,-2,14,-3,10,-4,7,-5,4,-6,0,-6,-2,-7,-4,-7,-7,-7,-9,-7,-12,-8,53,10,-15,-8,-16,-8,-16,-8,-15,-7,-14,-7,-12,-7,-9,-5,-3,-2,-2,-1,-3,-2,-6,-2,-8,2,-5,9,2,12,16,19,15,-3,9,-14,-3,-16,-15,-9,-18,5,-9,16,4,19,17,9,19,-4,10,-16,-3,-18,-14,-10,-14,0,-7,0,-1,9,2,7,4,3,4,2,4,2,6,0,0,0,4,-8,-1,-9,-7,-8,-12,-2,-12,4,-7,11,24,12,9,12,15,4,16,-6,8,-15,-3,-17,-14,-10,-17,2,-12,13,1,17,14,11,17,-2,9,-13,-4,-16,-29,-15,-12,6,-2,13,9,8,12,-4,2,-12,-9,-9,-13,1]"
CSI_DATA,114683,d8:b1:90:d9:de:f0,-59,11,-99,-39,61,56,1711415333,100,0,228,0,"[12,13,13,15,13,15,13,14,11,13,11,11,9,9,66,-4,7,6,6,4,5,3,3,2,2,2,1,1,0,0,0,0,-2,0,-2,-2,-3,-3,-4,-5,-2,-6,42,4,-2,-10,0,-12,1,-13,3,-15,6,-16,8,-17,0,0,13,-18,14,-17,16,-18,17,-17,18,-17,18,-17,44,0,15,-15,13,-14,11,-13,8,-11,5,-9,2,-7,0,-6,-2,-4,-6,-4,-7,-2,-10,0,-11,0,-13,2,19,10,-16,4,-17,4,-17,4,-17,4,-15,4,-13,2,-10,1,-4,-2,-3,-1,-4,-1,-6,1,-6,6,-1,11,8,11,22,9,12,-9,2,-15,-11,-13,-17,-1,-13,12,-1,19,13,14,19,0,14,-13,1,-19,-11,-14,-17,-2,-12,8,-6,3,3,10,6,4,5,0,4,0,4,0,4,-3,0,0,0,-8,-5,-8,-11,-2,-11,4,-8,11,0,14,26,-5,15,4,15,-6,8,-15,-3,-17,-13,-11,-18,0,-12,13,0,17,12,12,17,0,11,-12,-2,-16,-13,-8,-30,7,-5,13,6,11,12,0,5,-10,-6,-10,-13,0,-7,10]"
CSI_DATA,114684,d8:b1:90:d9:de:f0,-58,11,-99,-37,60,56,1711434188,100,0,228,0,"[5,-18,6,-19,6,-19,6,-18,5,-17,4,-16,3,-13,69,-5,1,-9,0,-8,0,-5,0,-4,0,-2,0,-1,0,0,0,1,0,2,0,4,0,5,-2,7,-3,7,45,4,-8,8,-10,8,-13,8,-15,6,-17,5,-19,3,0,0,-23,0,-24,-2,-26,-2,-26,-4,-26,-5,-26,-5,88,10,-23,-5,-20,-4,-18,-2,-14,0,-11,0,-8,2,-5,4,-2,5,0,6,3,8,5,8,8,9,10,10,-60,0,14,10,16,11,16,10,15,10,13,10,10,8,8,7,0,5,0,3,1,5,5,5,9,2,10,-5,5,-13,-3,-25,-15,-5,-15,7,-5,16,8,16,18,5,17,-9,5,-19,-10,-18,-20,-5,-18,10,-5,18,8,16,14,6,6,5,6,-8,0,-8,0,-5,-2,-5,-4,-4,-6,-2,0,0,-7,6,-2,11,4,11,11,7,13,0,12,-10,-20,-21,-5,-16,-14,-9,-18,2,-12,13,0,18,12,14,18,2,15,-10,2,-18,-10,-14,-17,-1,-13,11,0,16,25,21,13,-2,4,-12,-7,-9,-11,2,-3,11,8,10,13,0]"
CSI_DATA,114685,d8:b1:90:d9:de:f0,-59,11,-99,-35,60,56,1711444162,100,0,228,0,"[-11,-15,-12,-16,-12,-16,-12,-15,-11,-14,-10,-11,-9,-9,66,-4,-7,-6,-6,-4,-4,-3,-3,-2,-2,-1,0,-1,0,0,2,0,3,0,4,2,5,2,6,4,6,5,42,4,6,9,5,11,4,13,2,15,0,17,-1,19,0,0,-3,22,-6,24,-6,24,-8,25,-8,25,-8,24,53,10,-6,22,-5,19,-3,17,-1,14,0,11,2,8,4,4,5,1,6,-1,6,-4,7,-6,8,-9,8,-11,-74,0,8,-15,7,-17,7,-17,6,-16,6,-15,5,-12,4,-9,4,2,4,0,4,1,6,0,6,-6,1,-11,-7,-11,-22,-9,-12,9,0,16,11,13,18,0,13,-13,-1,-19,-15,-12,-19,2,-12,15,2,19,14,11,17,-1,11,-11,8,-5,-5,-8,-6,-4,-6,0,-6,1,-5,3,-4,6,0,0,5,8,11,4,11,-3,8,-10,0,-13,-8,-11,-22,19,-15,4,-8,13,0,17,11,13,17,1,14,-11,2,-17,-11,-15,-17,-2,-13,11,0,17,12,11,16,-1,16,-27,-5,-13,-13,-2,-8,8,4,11,11,1,8,-10,-3,-13]"
CSI_DATA,114686,d8:b1:90:d9:de:f0,-58,11,-99,-36,60,56,1711454290,100,0,228,0,"[14,-13,15,-14,16,-13,15,-12,14,-11,12,-9,11,-9,67,-4,7,-6,5,-5,4,-4,3,-2,2,-2,1,0,0,0,0,1,-1,2,-3,2,-4,2,-6,2,-7,2,43,4,-11,-1,-12,-4,-12,-7,-12,-9,-12,-12,-12,-15,0,0,-9,-20,-8,-23,-7,-24,-5,-26,-4,-26,-2,-26,-19,10,-2,-23,-2,-21,-2,-17,-3,-14,-4,-11,-4,-7,-5,-4,-6,0,-6,1,-7,4,-7,7,-8,9,-9,11,76,10,-10,14,-11,16,-11,15,-11,14,-10,13,-9,10,-7,7,-2,4,0,3,0,4,0,7,6,7,11,2,11,-7,12,-21,-7,-14,-16,-4,-15,8,-4,17,9,16,19,5,17,-9,6,-19,-9,-18,-19,-7,-18,7,-7,15,3,15,0,9,10,0,7,-3,4,-4,2,-4,1,-5,0,-7,0,0,-8,-4,-11,2,-8,8,-2,13,5,12,12,7,12,-26,12,-10,4,-16,-7,-16,-15,-8,-18,3,-12,14,0,19,13,12,18,0,12,-12,0,-18,-12,-12,-16,0,-19,26,3,14,12,4,9,-7,-1,-12,-11,-4,-11,7,0,13]"
CSI_DATA,114687,d8:b1:90:d9:de:f0,-59,11,-99,-35,60,56,1711465131,100,0,228,0,"[6,-17,8,-18,8,-18,8,-17,8,-16,6,-14,6,-13,66,-4,4,-8,2,-6,2,-5,1,-4,1,-2,0,-1,0,0,0,0,0,2,-2,2,-3,4,-4,4,-6,4,42,4,-10,2,-12,0,-14,-1,-15,-4,-15,-6,-16,-8,0,0,-16,-13,-16,-17,-16,-19,-15,-21,-15,-21,-13,-22,28,10,-11,-19,-11,-17,-9,-14,-8,-11,-8,-8,-7,-4,-6,-1,-6,1,-6,4,-4,6,-4,9,-4,12,-4,14,-43,10,-3,17,-3,18,-4,18,-4,17,-3,15,-4,13,-3,10,0,4,1,3,0,4,2,6,8,4,11,-2,7,-11,2,-24,-12,-8,-16,2,-10,13,2,17,15,11,19,-2,11,-15,-2,-20,-15,-12,-19,1,-13,13,0,17,9,11,3,6,9,-4,4,-6,1,-5,0,-4,0,-4,-2,-5,0,0,-8,0,-8,6,-4,10,2,12,9,8,14,2,0,-27,6,-13,-2,-15,-12,-11,-17,-1,-14,10,-4,17,8,16,17,6,16,-7,6,-16,-7,-15,-15,-4,-13,8,-6,31,10,11,13,-1,5,-11,-6,-10,-12,0,-7,11,4,13]"
CSI_DATA,114688,d8:b1:90:d9:de:f0,-59,11,-99,-35,60,56,1711483815,100,0,228,0,"[8,15,8,17,8,17,8,17,8,15,7,14,6,11,66,-4,5,8,4,6,4,5,2,4,2,2,2,2,1,0,0,0,0,-1,0,-2,0,-4,0,-5,1,-6,42,4,4,-9,7,-10,9,-10,11,-10,14,-9,16,-8,0,0,20,-6,22,-5,24,-4,25,-3,26,-2,25,-2,-81,0,22,-1,19,-2,17,-2,14,-3,11,-4,7,-4,5,-6,1,-7,0,-8,-3,-8,-5,-8,-7,-9,-10,-10,63,10,-13,-11,-13,-11,-14,-11,-13,-11,-12,-11,-9,-9,-7,-7,-2,-2,-2,-1,-3,-2,-6,-2,-8,3,-4,10,4,12,19,17,15,-4,7,-14,-4,-16,-15,-8,-17,6,-8,17,6,19,17,8,19,-6,9,-17,-4,-18,-14,-8,-15,2,-5,1,0,10,4,6,4,2,3,1,3,1,4,0,0,0,4,-6,0,-9,-6,-9,-11,-4,-13,3,-8,10,23,13,8,13,15,5,15,-5,9,-15,-2,-17,-13,-11,-18,0,-12,13,0,17,12,11,17,0,11,-13,-2,-16,-25,-19,-13,5,-3,13,8,10,12,-2,4,-12,-7,-11,-13,-1]"
CSI_DATA,114689,d8:b1:90:d9:de:f0,-59,11,-99,-36,60,56,1711503791,100,0,228,0,"[18,4,19,5,19,5,18,6,16,5,14,5,13,4,67,-4,9,2,7,2,6,2,5,2,2,1,2,0,0,0,0,0,-1,-1,-2,-2,-2,-3,-3,-5,-2,-7,43,4,0,-10,2,-12,4,-14,7,-14,9,-14,12,-14,0,0,17,-14,21,-12,21,-11,24,-9,24,-8,24,-7,77,0,22,-5,19,-4,16,-4,14,-4,10,-4,7,-5,4,-6,1,-7,-1,-7,-3,-7,-5,-8,-8,-9,-9,-9,69,10,-13,-12,-14,-12,-13,-12,-12,-12,-10,-12,-8,-11,-6,-9,-4,0,-3,0,-4,1,-5,4,-3,9,3,10,11,7,25,0,8,-13,-3,-16,-14,-9,-17,2,-10,15,3,19,15,12,20,-2,13,-15,0,-20,-13,-13,-18,-1,-13,9,-5,3,3,9,6,4,5,1,3,0,4,0,4,-1,0,0,2,-8,-2,-9,-8,-7,-12,-1,-12,6,-6,13,26,9,11,12,16,2,15,-8,7,-16,-4,-17,-15,-9,-18,2,-12,13,0,17,13,12,16,0,11,-12,-1,-16,-24,-20,-14,3,-4,13,7,10,12,0,6,-11,-5,-12,-13,-3]"
CSI_DATA,114690,d8:b1:90:d9:de:f0,-59,11,-99,-38,61,56,1711513857,100,0,228,0,"[-18,2,-19,2,-19,2,-18,2,-17,1,-15,1,-13,1,64,-4,-9,0,-7,1,-6,0,-4,0,-2,0,-1,0,0,0,1,0,2,0,4,0,5,0,6,1,7,3,41,4,8,7,7,10,6,12,4,14,3,16,1,18,0,0,-2,21,-5,22,-7,22,-9,23,-10,23,-11,22,41,10,-10,19,-8,18,-7,15,-4,12,-2,10,0,8,2,6,4,4,6,2,8,0,10,-1,11,-2,13,-4,-27,0,16,-6,16,-6,16,-6,16,-6,14,-4,12,-3,10,-2,4,-2,2,-2,3,-3,3,-5,0,-8,-7,-7,-12,0,-21,10,-1,15,10,12,16,2,13,-10,2,-18,-12,-14,-19,-2,-15,12,-2,19,10,16,17,4,14,-8,6,-13,4,-6,-8,-6,-7,-1,-6,1,-4,2,-4,3,-3,6,0,0,5,8,10,4,11,-2,8,-9,2,-13,-6,-12,-23,14,-15,2,-12,10,-3,16,8,14,16,6,16,-5,9,-14,-3,-17,-14,-9,-16,3,-8,14,3,16,14,7,28,-10,4,-13,-7,-10,-12,0,-4,10,6,10,12,0,7,-10]"
CSI_DATA,114691,d8:b1:90:d9:de:f0,-59,11,-99,-39,61,56,1711533875,100,0,228,0,"[2,17,1,19,0,19,0,18,0,17,0,15,0,13,66,-4,0,10,0,8,0,6,0,4,0,4,0,2,0,1,0,0,0,0,2,-2,2,-2,4,-3,6,-3,42,4,10,-2,11,0,13,2,15,4,16,6,16,9,0,0,16,14,15,17,15,19,14,21,12,22,11,22,-14,0,8,19,7,17,7,15,6,12,6,9,6,6,6,3,6,0,7,-2,8,-4,8,-6,8,-8,9,-10,85,0,11,-13,11,-14,11,-13,11,-12,11,-11,11,-8,8,-6,-2,-3,-1,-3,-2,-4,-5,-4,-8,0,-8,6,-2,13,6,24,15,4,14,-7,5,-15,-7,-15,-17,-6,-17,8,-6,18,7,18,18,8,19,-5,9,-16,-2,-17,-11,-10,-4,-3,-8,6,-2,6,0,5,0,3,0,3,1,4,0,0,7,1,8,-3,5,-8,0,-12,-8,-11,-13,-4,-5,25,-9,13,0,16,10,13,16,4,16,-7,7,-16,-4,-17,-15,-9,-16,2,-9,13,2,16,13,9,15,-2,18,-24,-5,-13,-12,-3,-10,8,1,12,11,5,11,-5,2,-13]"
CSI_DATA,114692,d8:b1:90:d9:de:f0,-59,11,-99,-36,60,56,1711553697,100,0,228,0,"[11,-14,12,-15,12,-15,12,-15,11,-14,9,-12,8,-11,67,-4,4,-8,4,-7,2,-5,2,-4,1,-2,0,-2,0,0,0,0,0,1,-2,2,-3,2,-4,3,-7,3,43,4,-11,2,-12,1,-14,0,-16,-2,-16,-4,-18,-7,0,0,-20,-11,-20,-13,-20,-14,-19,-16,-19,-17,-19,-16,-4,9,-16,-15,-15,-12,-14,-10,-12,-7,-10,-4,-9,-1,-7,1,-4,4,-3,6,-2,8,0,10,0,12,2,14,4,0,4,17,4,17,5,18,4,16,4,15,2,14,2,11,-1,4,0,3,0,4,2,7,7,5,11,0,9,-9,7,-24,-11,-10,-16,0,-12,12,1,18,14,12,19,-2,12,-15,-2,-20,-15,-12,-19,2,-12,14,0,17,10,12,4,4,8,-5,3,-7,0,-5,0,-4,-1,-3,-2,-4,0,0,-8,0,-7,6,-2,10,4,12,12,7,14,-2,-6,-26,3,-16,-7,-15,-16,-7,-17,4,-10,15,2,18,14,11,17,-1,11,-13,-2,-17,-13,-10,-16,2,-8,14,9,30,14,4,10,-7,-1,-12,-11,-4,-10,7,0,13,11,7]"
CSI_DATA,114693,d8:b1:90:d9:de:f0,-59,11,-99,-39,61,56,1711564516,100,0,228,0,"[9,-15,10,-16,10,-16,10,-15,9,-14,8,-13,6,-11,66,-4,4,-8,3,-6,2,-5,2,-3,1,-2,1,-2,0,0,0,0,0,2,-2,3,-2,4,-4,4,-6,5,42,4,-10,4,-12,2,-14,1,-15,0,-17,-2,-18,-4,0,0,-20,-8,-21,-10,-21,-12,-21,-13,-21,-14,-19,-15,-50,9,-17,-13,-15,-11,-15,-8,-12,-6,-10,-3,-8,-1,-6,1,-4,3,-2,6,-1,7,0,9,2,11,4,13,46,0,6,16,7,16,7,16,6,16,6,15,4,13,2,10,-1,4,0,4,0,5,3,6,8,4,11,-2,8,-11,3,-24,-12,-8,-15,2,-10,13,2,17,15,10,18,-3,11,-16,-4,-19,-16,-11,-19,3,-11,15,1,17,11,10,4,6,8,-5,3,-6,0,-5,-1,-4,-2,-4,-3,-4,0,0,-8,2,-6,7,0,11,6,11,12,5,13,-2,-8,-25,1,-16,-9,-13,-16,-4,-16,6,-8,15,4,17,15,9,17,-3,9,-15,-3,-16,-14,-8,-15,4,-6,13,11,28,13,2,9,-8,-2,-11,-11,-3,-8,7,2,13,11,6]"
CSI_DATA,114694,d8:b1:90:d9:de:f0,-59,11,-99,-35,60,56,1711583838,100,0,228,0,"[15,-11,16,-11,16,-11,15,-10,14,-9,12,-8,11,-8,66,-4,7,-6,6,-4,4,-4,3,-2,2,-2,1,0,0,0,0,0,-2,2,-2,2,-4,2,-6,2,-8,1,42,4,-11,-2,-11,-3,-13,-6,-13,-8,-13,-11,-13,-13,0,0,-12,-18,-12,-20,-11,-22,-10,-24,-9,-24,-8,-24,86,10,-7,-21,-6,-18,-6,-15,-6,-13,-6,-9,-6,-5,-6,-2,-6,0,-6,4,-5,6,-5,8,-5,11,-5,13,-57,10,-4,17,-4,17,-4,17,-5,16,-4,15,-4,13,-4,10,-2,4,-1,4,-1,4,0,6,5,7,11,2,11,-6,13,-20,-7,-13,-15,-4,-15,8,-4,17,8,16,18,4,17,-9,4,-19,-9,-17,-18,-6,-17,7,-6,15,4,14,1,7,10,0,6,-4,2,-4,1,-4,0,-4,0,-6,0,0,-8,-2,-9,2,-6,8,0,13,6,11,13,4,6,-26,9,-12,0,-15,-10,-13,-17,-4,-16,7,-6,16,6,16,15,7,16,-5,7,-15,-5,-15,-15,-6,-13,6,-7,29,8,11,13,0,5,-11,-6,-10,-11,0,-6,11,4,12]"
CSI_DATA,114695,d8:b1:90:d9:de:f0,-59,11,-99,-38,61,56,1711595291,100,0,228,0,"[-18,3,-19,2,-19,2,-18,2,-17,1,-15,1,-13,1,64,-4,-9,1,-7,1,-6,0,-4,0,-2,0,-1,0,0,0,1,0,2,0,4,0,5,0,6,2,7,3,41,4,7,7,6,10,6,12,4,14,2,16,0,18,0,0,-4,21,-6,22,-8,22,-10,22,-11,22,-12,21,38,10,-12,18,-10,16,-8,14,-6,12,-3,10,0,8,2,6,4,4,6,2,8,0,10,0,11,-2,13,-2,-26,0,16,-4,17,-5,17,-4,16,-4,15,-3,12,-2,10,-1,4,-2,2,-2,3,-3,2,-6,-1,-8,-7,-7,-12,0,-22,10,-2,15,10,12,16,2,13,-11,2,-18,-12,-14,-19,-2,-15,12,-3,19,10,16,17,4,15,-7,6,-13,4,-6,-8,-6,-7,-1,-5,0,-4,2,-4,3,-3,6,0,0,4,8,8,4,11,-2,9,-8,2,-12,-5,-12,-24,12,-15,0,-12,9,-4,16,6,16,15,8,16,-4,10,-14,-2,-17,-13,-10,-16,2,-10,13,2,16,13,8,29,-7,5,-12,-6,-10,-12,0,-6,10,5,10,12,1,9,-9]"
CSI_DATA,114696,d8:b1:90:d9:de:f0,-59,11,-99,-39,61,56,1711613795,100,0,228,0,"[17,-5,18,-5,19,-5,19,-4,16,-4,15,-4,13,-4,66,-4,8,-2,6,-2,5,-2,4,-1,2,-1,1,0,0,0,0,0,-2,0,-3,0,-4,0,-6,0,-7,-1,42,4,-8,-5,-9,-8,-9,-10,-8,-12,-7,-15,-6,-17,0,0,-4,-22,-2,-23,0,-25,0,-25,2,-26,2,-25,39,0,2,-22,1,-19,0,-16,0,-13,-2,-11,-3,-7,-4,-4,-6,-2,-7,0,-8,2,-9,5,-10,7,-11,9,52,10,-12,12,-12,13,-12,13,-12,13,-11,11,-9,8,-8,6,-3,2,-2,2,-2,3,-2,6,2,8,9,6,13,-2,20,-15,-2,-15,-13,-10,-17,2,-11,13,2,18,15,11,19,-2,12,-15,-2,-19,-15,-12,-19,1,-12,12,-1,15,-1,7,9,3,7,-1,4,-2,2,-3,2,-4,1,-6,0,0,-6,-5,-10,0,-10,5,-5,11,2,13,10,10,17,-22,13,-6,6,-15,-3,-16,-13,-11,-17,0,-13,11,-2,17,11,13,17,2,13,-10,2,-17,-11,-12,-15,0,-21,23,2,14,12,5,10,-6,0,-11,-11,-5,-11,6,-2,13]"
CSI_DATA,114697,d8:b1:90:d9:de:f0,-59,11,-99,-34,60,56,1711624343,100,0,228,0,"[-10,-15,-11,-16,-10,-16,-10,-15,-10,-14,-8,-12,-8,-10,64,-4,-6,-6,-4,-5,-3,-4,-2,-3,-1,-2,0,-1,0,0,1,0,2,1,3,3,3,4,2,6,2,7,41,4,0,10,-2,12,-4,12,-7,13,-10,14,-12,14,0,0,-16,13,-19,13,-20,12,-22,12,-22,10,-22,10,-78,9,-20,9,-18,8,-15,7,-12,7,-8,6,-4,6,-1,6,1,6,4,5,6,4,8,4,11,3,13,2,-30,0,17,2,18,2,18,2,17,2,15,2,13,2,10,2,4,2,3,1,4,2,6,0,7,-5,2,-10,-6,-11,-20,-12,-13,7,-4,15,8,14,16,4,16,-9,4,-18,-10,-16,-19,-4,-16,10,-5,19,8,16,16,6,14,-4,8,-1,0,-10,-4,-6,-4,-3,-4,-2,-6,0,-6,2,0,0,-2,9,4,9,10,6,12,-1,10,-8,3,-14,-27,-4,-12,-8,-16,1,-12,11,-2,16,9,14,17,5,16,-7,6,-16,-6,-16,-16,-6,-14,7,-4,15,8,14,30,4,10,-9,-2,-12,-11,-4,-8,7,2,12,11,5,11,-6]"
CSI_DATA,114698,d8:b1:90:d9:de:f0,-58,11,-99,-36,60,56,1711634743,100,0,228,0,"[0,19,0,20,0,20,0,19,0,18,0,16,0,14,67,-4,1,9,1,7,0,6,0,4,0,2,0,1,-1,0,-1,0,-1,-2,-1,-4,-1,-5,0,-7,1,-8,43,4,4,-9,7,-10,10,-10,12,-9,15,-9,17,-8,0,0,21,-6,24,-5,25,-4,26,-3,26,-2,26,-2,-81,0,23,-1,20,-2,17,-2,14,-3,11,-4,7,-4,3,-5,0,-6,-2,-6,-5,-6,-7,-6,-10,-7,-12,-6,48,10,-16,-6,-18,-5,-18,-4,-17,-4,-15,-4,-13,-4,-10,-3,-2,-4,-2,-3,-2,-3,-5,-3,-9,0,-8,7,0,13,10,23,16,1,12,-11,0,-17,-13,-12,-19,0,-13,14,1,20,15,13,20,0,14,-14,0,-19,-12,-13,-15,-2,-7,-2,-4,9,1,7,3,4,4,4,4,2,7,0,0,0,5,-8,0,-10,-7,-9,-12,-3,-12,4,-8,12,25,13,9,12,16,4,16,-7,8,-15,-4,-17,-15,-9,-18,2,-10,14,2,17,14,10,16,-3,9,-14,-5,-16,-29,-12,-12,7,0,13,10,6,10,-6,0,-12,-10,-7,-12,4]"
CSI_DATA,114699,d8:b1:90:d9:de:f0,-59,11,-99,-39,61,56,1711644904,100,0,228,0,"[13,11,14,12,15,13,14,11,13,10,13,8,11,7,66,-4,8,4,6,3,5,2,4,2,2,1,1,0,0,0,0,0,-2,0,-3,-1,-4,-2,-5,-3,-6,-5,42,4,-5,-8,-4,-11,-4,-13,-3,-15,-2,-17,0,-19,0,0,1,-22,3,-24,4,-24,4,-25,5,-25,5,-24,-83,0,4,-22,2,-19,1,-17,0,-13,-2,-10,-3,-6,-4,-4,-6,-1,-6,1,-7,4,-7,6,-8,8,-8,11,72,10,-7,15,-8,16,-8,16,-7,15,-6,14,-5,12,-4,9,-4,-1,-4,0,-4,0,-6,2,-5,7,1,11,10,8,24,4,9,-12,-2,-16,-13,-9,-17,3,-10,15,4,18,17,9,19,-6,8,-17,-5,-19,-16,-8,-17,4,-8,13,-4,5,7,7,7,2,5,-1,4,-2,4,-2,3,-5,0,0,-4,-6,-9,-4,-11,2,-7,9,0,13,8,12,19,-18,15,-5,8,-14,-2,-17,-13,-11,-17,0,-13,12,0,17,12,13,17,0,12,-12,0,-17,-13,-10,-15,3,-14,27,6,12,13,1,7,-9,-5,-10,-12,-1,-8,10,3,13]"
CSI_DATA,114700,d8:b1:90:d9:de:f0,-59,11,-99,-35,60,56,1711654978,100,0,228,0,"[2,-18,2,-19,1,-19,1,-19,0,-17,0,-15,0,-13,66,-4,-1,-8,-2,-7,-1,-5,-1,-4,0,-2,0,-1,0,0,2,0,2,2,3,4,3,5,2,6,2,8,42,4,0,11,-2,13,-2,14,-5,15,-7,15,-9,17,0,0,-13,18,-15,19,-16,19,-17,19,-18,19,-17,19,-9,9,-14,17,-12,16,-8,14,-6,12,-2,10,0,7,2,5,4,2,6,0,7,-1,8,-4,10,-6,10,-8,-62,0,11,-13,11,-14,11,-15,10,-15,8,-13,7,-11,5,-8,1,5,2,4,3,4,6,3,8,0,8,-7,0,-13,-12,-21,-15,0,-11,12,2,17,14,10,17,-4,10,-16,-5,-19,-18,-9,-19,6,-8,17,6,17,15,8,15,-3,9,0,0,-10,-4,-6,-5,-3,-5,-2,-6,0,-6,4,0,0,0,10,7,8,11,2,12,-5,6,-12,-2,-14,-28,8,-15,-1,-14,8,-4,17,7,15,17,6,17,-6,8,-16,-6,-17,-16,-6,-15,6,-4,15,8,13,15,2,22,-22,-2,-14,-11,-5,-8,6,2,11,11,3,8,-8,-2,-12]"
CSI_DATA,114701,d8:b1:90:d9:de:f0,-59,11,-99,-38,61,56,1711666651,100,0,228,0,"[12,13,13,14,13,14,12,12,12,12,11,10,10,8,64,-4,8,5,6,4,4,2,3,2,2,1,0,0,0,0,-1,0,-3,0,-4,-2,-4,-2,-5,-4,-5,-5,41,4,-4,-9,-4,-11,-3,-13,-1,-15,0,-16,1,-18,0,0,4,-20,6,-22,8,-23,8,-24,10,-23,9,-24,-61,0,7,-20,5,-18,4,-16,2,-13,0,-10,-2,-7,-4,-4,-6,-2,-7,0,-8,3,-8,5,-9,8,-9,10,62,10,-10,14,-10,15,-9,15,-8,15,-7,12,-6,11,-5,8,-4,-1,-3,0,-4,0,-6,1,-6,6,0,10,8,10,22,7,11,-10,0,-16,-12,-11,-18,1,-11,14,2,19,15,11,19,-3,11,-16,-3,-19,-14,-10,-16,1,-10,10,-6,5,5,8,7,3,6,0,4,0,5,-2,4,-6,0,0,-4,-8,-9,-4,-10,2,-8,9,-1,13,6,12,21,-16,14,-3,10,-11,0,-17,-10,-12,-16,-2,-14,9,-3,16,8,15,16,3,14,-10,2,-16,-11,-12,-16,0,-19,24,4,14,12,4,9,-8,-3,-12,-12,-4,-10,8,1,13]"
CSI_DATA,114702,d8:b1:90:d9:de:f0,-59,11,-99,-35,60,56,1711683706,100,0,228,0,"[17,2,19,2,19,2,18,2,17,2,15,1,13,0,66,-4,9,0,8,0,6,0,5,0,3,0,2,0,1,0,0,0,-1,0,-2,0,-4,-1,-5,-2,-5,-4,42,4,-6,-8,-6,-10,-6,-12,-5,-15,-4,-17,-3,-18,0,0,0,-22,0,-24,1,-24,2,-25,3,-25,3,-24,48,0,2,-22,2,-19,0,-17,-2,-13,-3,-11,-4,-7,-5,-5,-6,-2,-7,0,-8,2,-9,5,-10,6,-10,9,59,10,-11,13,-11,14,-11,14,-11,14,-10,12,-8,10,-6,8,-4,0,-3,0,-4,1,-4,4,-1,8,6,8,12,2,24,-7,3,-15,-8,-13,-17,-3,-14,10,-2,18,12,15,19,2,15,-13,2,-20,-12,-15,-18,-2,-14,10,-3,15,0,6,9,4,7,-1,4,-3,2,-2,2,-2,2,-4,0,0,-4,-6,-8,-2,-10,2,-7,9,0,13,8,11,17,-19,15,-5,8,-14,-2,-17,-13,-11,-17,0,-13,12,-1,17,11,13,17,1,13,-11,0,-17,-11,-11,-16,1,-19,24,4,13,13,3,9,-9,-2,-13,-12,-4,-11,8,0,13]"
CSI_DATA,114703,d8:b1:90:d9:de:f0,-59,11,-99,-39,61,56,1711696532,100,0,228,0,"[-16,6,-17,6,-17,6,-17,6,-15,6,-13,6,-11,5,66,-4,-7,4,-6,4,-4,3,-3,2,-2,2,-1,1,0,0,0,0,1,-1,3,-2,4,-2,5,-2,7,-2,42,4,11,0,13,0,13,3,15,4,16,6,17,8,0,0,17,13,19,14,18,16,17,17,18,17,17,17,21,0,15,14,15,13,13,10,11,6,9,3,7,1,6,-2,4,-3,3,-6,0,-7,-1,-10,-2,-11,-4,-13,-50,10,-7,-15,-8,-15,-8,-15,-8,-15,-7,-13,-6,-11,-4,-8,3,-2,2,-3,2,-4,1,-6,-4,-7,-10,-4,-12,6,-14,18,6,13,15,5,15,-7,4,-16,-8,-15,-18,-4,-16,10,-4,19,11,17,19,4,15,-9,4,-16,-6,-13,-2,-6,-10,2,-5,6,-1,5,0,4,1,4,2,4,0,0,8,0,8,-5,2,-11,-3,-11,-11,-8,-14,0,5,26,-4,16,7,15,16,7,17,-5,8,-15,-3,-17,-15,-10,-17,3,-9,14,4,16,14,8,15,-4,6,-14,-13,-26,-13,-2,-8,8,4,11,11,2,7,-8,-4,-12,-12,-3]"
CSI_DATA,114704,d8:b1:90:d9:de:f0,-59,11,-99,-35,60,56,1711714074,100,0,228,0,"[7,-17,8,-17,9,-17,8,-17,8,-15,6,-14,6,-11,66,-4,3,-8,2,-7,2,-5,1,-4,1,-2,0,-1,0,0,0,0,0,2,-1,3,-2,4,-4,4,-6,4,42,4,-11,3,-12,2,-15,0,-16,-1,-17,-4,-18,-6,0,0,-19,-11,-19,-13,-19,-15,-19,-17,-18,-17,-17,-17,33,10,-15,-16,-14,-13,-12,-11,-11,-8,-9,-5,-7,-2,-6,0,-5,2,-4,5,-2,8,-2,10,0,12,0,13,-30,10,2,17,2,18,2,17,2,17,1,15,0,13,0,10,0,4,0,4,0,4,3,5,8,3,10,-3,6,-11,1,-24,-12,-8,-15,2,-9,14,3,17,15,9,18,-4,10,-17,-4,-19,-17,-11,-19,3,-11,15,2,17,10,11,4,6,8,-5,3,-6,0,-6,0,-4,-1,-4,-3,-4,0,0,-9,1,-7,6,-2,11,4,11,11,7,14,0,-4,-26,4,-15,-6,-15,-15,-8,-17,3,-11,13,0,18,13,13,17,0,13,-11,0,-17,-11,-12,-16,0,-10,12,4,30,12,6,11,-6,1,-12,-9,-6,-11,5,-2,13,9,10]"
CSI_DATA,114705,d8:b1:90:d9:de:f0,-58,11,-99,-36,60,56,1711733938,100,0,228,0,"[-12,14,-12,15,-12,15,-11,15,-9,14,-8,13,-7,12,67,-4,-3,8,-2,7,-2,5,-1,4,-1,2,-1,1,0,0,0,-1,0,-2,0,-4,0,-5,2,-6,3,-7,43,4,7,-9,9,-9,12,-8,14,-7,16,-7,19,-6,0,0,22,-4,24,-3,25,-3,26,-2,26,-2,26,-2,-84,0,22,-2,20,-3,16,-4,12,-4,9,-4,5,-4,2,-5,-1,-5,-4,-4,-7,-4,-9,-4,-12,-3,-14,-2,30,10,-17,0,-19,0,-18,0,-17,1,-15,1,-13,0,-10,0,1,-4,0,-4,0,-4,-2,-6,-8,-4,-10,2,-7,11,-2,24,13,8,16,-4,8,-15,-6,-16,-17,-7,-17,7,-7,19,9,18,19,6,18,-9,6,-17,-7,-16,-14,-6,-7,-4,-6,9,0,8,2,6,3,4,4,3,7,1,0,0,6,-7,0,-11,-7,-9,-12,-4,-14,4,-8,12,25,13,11,13,16,3,16,-9,6,-16,-7,-16,-16,-7,-16,6,-8,16,6,16,16,6,15,-7,4,-16,-9,-13,-31,-2,-8,10,4,12,11,2,7,-9,-4,-10,-12,-1,-9,9]"
CSI_DATA,114706,d8:b1:90:d9:de:f0,-59,11,-99,-39,61,56,1711754253,100,0,228,0,"[2,-18,2,-19,3,-19,3,-19,3,-17,2,-15,2,-13,66,-4,0,-8,0,-7,0,-5,0,-4,0,-2,0,-1,1,0,0,1,1,2,0,4,0,6,-1,7,-2,8,42,4,-6,9,-8,9,-11,8,-14,7,-17,6,-19,4,0,0,-23,2,-24,0,-25,-1,-25,-3,-26,-4,-24,-5,83,9,-22,-4,-19,-4,-17,-2,-13,-1,-10,0,-6,2,-4,4,-1,4,0,5,3,6,5,8,8,8,9,9,-68,0,13,11,14,11,14,11,13,11,11,10,9,8,6,7,1,4,2,4,2,4,6,4,8,0,8,-6,2,-13,-6,-23,-15,-2,-13,8,-2,17,10,14,18,3,15,-11,3,-19,-11,-16,-19,-3,-16,11,-4,18,8,15,14,5,8,5,6,-8,0,-8,-2,-6,-2,-4,-4,-4,-6,-2,0,0,-6,6,-2,11,5,11,11,6,15,-1,11,-10,-19,-20,-6,-15,-15,-8,-17,2,-12,13,-1,18,11,14,18,2,14,-10,2,-17,-9,-13,-16,-2,-12,10,0,15,22,19,13,-2,4,-10,-6,-8,-10,2,-3,11,7,9,12,0]"
CSI_DATA,114707,d8:b1:90:d9:de:f0,-58,11,-99,-36,60,56,1711774907,100,0,228,0,"[-12,-14,-12,-16,-13,-16,-12,-15,-12,-14,-11,-12,-10,-9,67,-4,-7,-5,-6,-4,-4,-3,-4,-2,-2,-1,-1,-1,0,0,1,0,2,0,4,1,5,2,5,4,6,5,43,4,5,10,4,12,4,14,2,16,1,18,0,20,0,0,-3,22,-4,24,-6,25,-7,26,-8,25,-8,25,75,10,-7,22,-4,19,-3,16,-2,14,0,10,2,7,3,4,5,1,6,-1,7,-4,7,-6,8,-9,8,-12,-79,0,8,-15,8,-16,8,-16,7,-16,7,-14,5,-12,4,-9,4,2,4,0,4,0,6,-1,6,-6,0,-11,-8,-9,-24,-9,-12,10,0,16,12,12,18,0,12,-14,-2,-19,-16,-12,-20,3,-12,16,2,20,15,12,18,-2,11,-11,7,-5,-6,-8,-7,-2,-6,0,-4,1,-4,2,-3,6,0,0,4,8,10,4,12,-2,9,-10,1,-13,-8,-12,-23,18,-15,4,-9,14,2,17,12,13,18,1,14,-12,2,-18,-11,-14,-17,-2,-13,12,0,16,12,11,16,-2,16,-26,-5,-12,-13,-2,-7,9,4,10,12,0,7,-9,-3,-12]"
CSI_DATA,114708,d8:b1:90:d9:de:f0,-59,11,-99,-39,61,56,1711785869,100,0,228,0,"[-17,3,-19,3,-19,4,-18,3,-17,4,-15,4,-13,4,66,-4,-8,3,-6,3,-5,3,-4,2,-3,2,-1,0,0,0,0,0,2,-1,3,-2,4,-2,6,-2,8,-1,42,4,11,0,13,2,14,4,15,6,15,8,15,11,0,0,16,14,17,17,17,17,16,19,15,19,15,19,7,0,14,17,13,14,12,11,11,8,9,5,7,1,6,-1,4,-3,2,-6,0,-8,0,-10,-2,-12,-4,-13,-49,10,-6,-16,-7,-16,-8,-16,-7,-15,-6,-13,-5,-12,-4,-9,4,-2,2,-2,3,-3,2,-6,-2,-8,-9,-6,-12,2,-18,15,3,14,13,8,16,-4,8,-15,-6,-17,-17,-7,-17,7,-6,18,8,18,17,7,17,-7,6,-15,-4,-14,-1,-7,-10,1,-6,5,-2,4,0,4,0,4,2,5,0,0,8,1,8,-5,4,-10,-2,-12,-10,-8,-14,0,2,28,-4,15,6,15,15,8,17,-4,11,-15,-2,-17,-13,-11,-17,1,-11,13,2,17,13,9,15,-3,6,-14,-11,-28,-13,-2,-8,8,3,11,11,2,8,-8,-3,-12,-12,-4]"
CSI_DATA,114709,d8:b1:90:d9:de:f0,-59,11,-99,-35,60,56,1711803890,100,0,228,0,"[6,17,6,18,6,18,5,18,5,17,4,15,4,13,66,-4,4,9,3,7,2,6,2,4,2,3,1,2,1,0,0,0,0,-1,0,-3,0,-4,2,-5,2,-7,42,4,6,-8,8,-8,11,-8,13,-8,16,-6,18,-4,0,0,22,-2,23,0,24,1,25,3,25,4,24,4,81,0,21,5,19,4,17,2,13,0,11,0,8,-2,6,-4,4,-5,1,-6,0,-8,-2,-10,-4,-11,-6,-13,-52,10,-8,-15,-9,-16,-9,-16,-8,-15,-6,-14,-5,-12,-4,-10,-3,-2,-2,-2,-2,-2,-5,-2,-8,2,-6,8,2,13,15,20,15,-2,9,-12,-2,-16,-13,-10,-18,2,-11,15,2,19,16,12,20,-2,13,-15,0,-19,-13,-12,-15,-1,-5,0,-2,10,2,7,4,3,2,1,2,2,4,1,0,0,6,-4,3,-9,-2,-11,-9,-8,-13,0,-13,8,17,20,4,15,13,10,17,-1,13,-12,2,-18,-10,-15,-17,-4,-15,8,-5,17,8,15,15,4,13,-8,3,-15,-17,-25,-13,0,-6,11,4,11,11,1,8,-10,-3,-13,-12,-5]"
CSI_DATA,114710,d8:b1:90:d9:de:f0,-59,11,-99,-39,61,56,1711813869,100,0,228,0,"[-2,18,-4,19,-4,19,-4,19,-3,17,-3,15,-2,13,66,-4,0,9,0,7,0,6,0,4,0,2,-1,1,-1,0,-1,-1,0,-2,0,-4,0,-6,1,-7,3,-8,42,4,6,-9,9,-9,12,-8,14,-7,16,-6,19,-4,0,0,22,0,24,1,25,2,25,4,26,6,24,6,87,0,21,6,19,5,16,3,14,2,10,0,7,-1,4,-2,2,-4,0,-6,-3,-6,-5,-8,-7,-8,-9,-10,71,10,-13,-11,-13,-11,-13,-12,-13,-11,-11,-10,-9,-9,-6,-8,-1,-5,-2,-4,-2,-4,-4,-3,-8,0,-9,6,-3,12,5,24,14,4,13,-8,4,-16,-9,-15,-18,-4,-15,10,-4,19,11,17,19,4,17,-10,6,-18,-7,-15,-13,-6,-8,-6,-6,8,-1,8,1,6,3,4,4,4,6,2,0,0,7,-6,2,-11,-4,-11,-11,-7,-14,1,-12,10,19,22,6,15,14,8,17,-2,12,-12,1,-17,-11,-14,-17,-2,-15,9,-3,17,9,15,16,2,13,-9,1,-15,-22,-20,-13,2,-4,10,6,8,10,-1,4,-10,-6,-10,-12,0]"
CSI_DATA,114711,d8:b1:90:d9:de:f0,-59,11,-99,-37,61,56,1711824038,100,0,228,0,"[-16,-9,-17,-9,-17,-9,-16,-9,-16,-7,-14,-5,-12,-5,62,-4,-9,-2,-7,-1,-5,0,-3,0,-2,0,-1,0,0,0,1,0,3,0,4,0,5,1,6,2,7,3,40,3,7,7,7,9,6,11,5,13,3,14,2,16,0,0,0,20,-1,22,-2,22,-3,24,-4,24,-4,24,-69,9,-3,21,-2,19,-1,16,0,12,1,10,3,7,4,3,5,1,6,-1,7,-3,7,-7,7,-9,7,-11,-72,0,7,-16,7,-16,7,-16,6,-16,5,-14,4,-11,3,-9,4,0,2,-1,2,0,4,-1,3,-5,-1,-9,-9,-7,-24,-1,-8,11,3,14,13,8,16,-5,7,-16,-6,-17,-17,-7,-17,7,-6,18,7,17,16,7,15,-5,6,-12,5,-5,-7,-6,-7,-1,-5,1,-4,1,-3,3,-2,5,0,0,5,7,10,2,10,-4,5,-11,-1,-12,-9,-9,-17,20,-12,6,-7,12,2,15,12,10,16,0,12,-11,1,-16,-10,-12,-16,-1,-12,11,0,16,11,10,15,-1,15,-26,-5,-12,-12,-2,-7,9,4,11,11,1,8,-9,-3,-12]"
CSI_DATA,114712,d8:b1:90:d9:de:f0,-58,11,-99,-36,60,56,1711834433,100,0,228,0,"[-4,-19,-4,-20,-4,-19,-4,-18,-5,-17,-4,-15,-4,-12,67,-4,-4,-8,-4,-6,-2,-4,-2,-4,-1,-2,0,-1,0,0,2,0,2,2,3,2,4,4,4,6,4,7,43,4,2,11,1,13,0,14,-2,16,-4,17,-7,18,0,0,-11,19,-13,19,-14,20,-16,20,-16,19,-16,19,-14,9,-14,17,-12,15,-9,13,-7,12,-4,9,0,7,1,4,4,3,5,0,7,-2,9,-3,10,-5,11,-7,-48,0,12,-12,13,-12,13,-13,12,-12,11,-11,9,-9,7,-7,3,4,3,2,3,2,5,0,8,-2,4,-9,-2,-12,-17,-18,-14,4,-7,14,6,16,16,7,16,-7,5,-18,-9,-17,-19,-5,-18,10,-5,19,9,16,16,5,14,-6,9,-2,-2,-10,-5,-6,-5,-2,-5,0,-5,1,-5,4,0,0,0,10,8,7,12,1,12,-7,5,-13,-4,-16,-29,8,-16,0,-14,9,-4,16,7,16,16,7,17,-5,8,-16,-4,-16,-15,-8,-16,5,-6,15,7,14,15,4,24,-18,0,-12,-10,-6,-9,4,0,10,9,4,9,-6,0,-12]"
CSI_DATA,114713,d8:b1:90:d9:de:f0,-59,11,-99,-39,61,56,1711854053,100,0,228,0,"[-14,12,-15,13,-15,13,-15,13,-13,11,-12,11,-10,9,66,-4,-6,6,-4,5,-3,4,-2,3,-2,2,-1,0,0,0,0,-2,0,-2,2,-4,3,-5,4,-6,6,-6,42,4,11,-4,13,-3,14,-1,15,0,17,2,18,4,0,0,20,8,20,11,21,13,21,14,21,15,20,16,37,0,17,13,15,11,13,9,12,6,10,4,7,1,5,0,3,-3,1,-5,0,-7,-2,-9,-4,-11,-6,-12,-65,10,-9,-14,-11,-15,-11,-15,-10,-14,-8,-13,-6,-11,-5,-9,2,-4,0,-4,0,-4,-1,-6,-6,-6,-10,0,-10,7,-9,22,9,11,16,2,13,-11,0,-17,-12,-13,-19,0,-14,14,0,20,15,14,19,0,14,-13,1,-17,-8,-13,-4,-8,-9,4,-4,6,-1,6,0,5,2,5,4,5,0,0,9,-2,7,-8,0,-13,-7,-11,-14,-4,-15,4,9,28,0,17,10,13,17,4,15,-7,7,-16,-5,-17,-15,-8,-17,4,-9,15,4,17,15,8,15,-5,6,-14,-15,-26,-13,-2,-7,8,3,10,10,1,6,-8,-4,-11,-12,-3]"
CSI_DATA,114714,d8:b1:90:d9:de:f0,-59,11,-99,-38,61,56,1711864167,100,0,228,0,"[17,-1,18,-1,19,-2,18,-2,17,-2,15,-3,13,-3,64,-4,8,-3,7,-3,6,-3,4,-2,3,-2,2,-1,0,0,0,0,-1,0,-3,1,-4,2,-6,1,-8,0,41,4,-11,0,-12,-2,-13,-4,-14,-6,-14,-7,-15,-9,0,0,-16,-14,-16,-15,-16,-16,-16,-18,-17,-18,-16,-18,-5,9,-15,-14,-14,-13,-13,-10,-12,-6,-10,-4,-8,0,-6,1,-4,4,-2,6,0,8,1,10,3,11,5,12,52,0,8,14,10,14,10,14,10,14,9,12,7,11,6,8,-4,1,-2,2,-3,2,-3,5,1,8,8,6,12,-1,19,-14,-2,-14,-12,-9,-16,3,-8,14,4,17,16,8,18,-6,7,-18,-8,-18,-18,-6,-16,7,-6,16,5,14,2,6,10,-2,5,-6,1,-5,0,-3,0,-4,-1,-4,0,0,-8,0,-8,4,-4,10,2,12,10,8,14,0,-4,-26,3,-15,-8,-14,-15,-6,-16,5,-8,15,4,16,14,9,16,-4,8,-14,-4,-16,-14,-7,-14,6,-4,14,15,25,13,0,7,-10,-4,-10,-11,0,-6,10,4,11,12,2]"
CSI_DATA,114715,d8:b1:90:d9:de:f0,-58,11,-99,-36,60,56,1711883837,100,0,228,0,"[16,8,17,9,18,9,17,8,17,7,14,6,14,4,67,-4,9,2,8,1,7,0,5,0,3,0,2,0,0,0,0,0,-2,0,-3,0,-4,-2,-5,-3,-6,-4,43,4,-7,-8,-7,-10,-6,-13,-4,-15,-4,-17,-2,-19,0,0,0,-21,2,-24,2,-25,4,-26,4,-25,4,-25,53,0,4,-23,2,-20,1,-17,0,-14,-1,-10,-3,-7,-4,-4,-6,-2,-7,0,-7,3,-8,5,-9,8,-9,10,79,10,-9,14,-10,16,-9,16,-9,15,-9,14,-7,12,-6,9,-4,0,-3,0,-4,0,-5,3,-3,8,3,10,11,6,25,0,7,-13,-4,-15,-16,-7,-16,7,-7,17,8,17,19,6,18,-9,6,-19,-9,-19,-18,-6,-16,7,-6,14,-3,6,9,5,7,0,4,-2,2,-2,3,-2,2,-4,0,0,-4,-7,-10,-3,-11,2,-8,10,0,14,9,12,19,-19,15,-6,8,-15,-3,-17,-14,-12,-18,0,-13,13,0,18,12,14,16,1,12,-12,0,-16,-12,-10,-16,2,-17,26,5,12,13,2,8,-9,-3,-12,-12,-2,-9,9,2,13]"
CSI_DATA,114716,d8:b1:90:d9:de:f0,-59,11,-99,-35,60,56,1711894097,100,0,228,0,"[14,-12,15,-13,15,-13,14,-13,13,-13,11,-11,8,-11,66,-4,5,-8,4,-6,2,-6,2,-4,1,-2,0,-2,0,0,0,1,0,2,-1,3,-2,4,-4,5,-5,6,42,4,-9,6,-11,5,-13,4,-15,3,-17,2,-18,0,0,0,-22,-2,-23,-4,-24,-4,-25,-6,-25,-6,-24,-6,85,9,-22,-5,-19,-3,-17,-2,-14,0,-11,1,-7,3,-4,4,-2,5,1,6,4,7,6,7,8,8,11,8,-48,0,15,8,17,7,17,6,16,6,15,6,12,5,10,4,-2,4,0,3,-1,4,0,6,6,6,11,0,10,-8,8,-24,-11,-11,-16,0,-11,12,1,17,15,11,19,-3,11,-16,-4,-19,-17,-11,-19,4,-10,16,3,17,12,9,5,4,7,-7,1,-7,-1,-5,-2,-4,-2,-4,-4,-3,0,0,-7,4,-4,10,2,11,10,8,14,0,12,-9,-19,-21,-6,-15,-14,-8,-17,3,-11,13,0,17,13,13,17,0,13,-12,0,-17,-12,-11,-16,0,-9,13,3,15,27,15,12,-6,1,-12,-10,-6,-10,5,0,11,10,7,12,-4]"
CSI_DATA,114717,d8:b1:90:d9:de:f0,-59,11,-99,-38,61,56,1711913880,100,0,228,0,"[-16,5,-18,6,-18,6,-17,6,-16,5,-14,5,-12,5,64,-4,-8,4,-6,4,-5,4,-4,3,-2,2,-1,1,-1,0,0,0,1,0,3,0,4,-1,6,0,7,0,41,4,10,2,11,4,12,6,12,8,12,10,12,12,0,0,12,17,12,19,11,20,11,22,10,22,10,22,-68,0,9,19,8,17,8,14,8,11,8,8,7,4,6,1,6,-1,5,-4,4,-6,4,-8,3,-11,2,-12,28,0,1,-16,0,-18,0,-18,0,-17,0,-15,1,-13,1,-10,3,-2,2,-2,2,-3,2,-6,-2,-8,-9,-5,-12,2,-18,16,3,14,13,8,16,-4,8,-15,-5,-16,-16,-7,-18,7,-8,18,7,18,18,8,17,-6,7,-15,-4,-14,-1,-6,-10,0,-5,4,-2,4,0,3,0,4,0,5,0,0,8,3,9,-2,6,-8,0,-12,-8,-10,-14,-4,-4,26,-8,13,1,16,12,12,16,1,14,-10,3,-16,-8,-14,-16,-4,-14,8,-4,16,8,13,15,2,12,-10,1,-30,-10,-8,-12,4,-2,12,8,7,11,-4,3,-12,-8,-10]"
CSI_DATA,114718,d8:b1:90:d9:de:f0,-59,11,-99,-39,61,56,1711924084,100,0,228,0,"[-15,9,-17,10,-17,11,-16,11,-14,10,-12,9,-10,8,66,-4,-6,6,-4,6,-3,4,-2,3,-2,2,-1,1,0,0,0,-2,1,-2,2,-3,4,-4,4,-4,6,-5,42,4,10,-4,11,-3,13,-1,15,0,16,1,17,4,0,0,19,8,21,9,22,11,22,12,22,12,22,12,63,0,19,11,17,8,15,6,13,4,11,2,8,0,5,-3,3,-4,0,-6,-2,-8,-4,-8,-6,-10,-8,-11,72,10,-13,-12,-14,-12,-14,-11,-13,-11,-12,-10,-10,-8,-8,-6,2,-3,1,-2,2,-3,0,-6,-4,-7,-10,-2,-11,6,-11,22,7,13,15,3,13,-10,2,-17,-11,-14,-19,-1,-14,13,0,19,14,14,19,0,13,-13,0,-17,-9,-11,-4,-7,-8,4,-3,6,0,5,0,4,2,4,4,4,0,0,8,-3,6,-8,0,-11,-8,-9,-13,-3,-13,6,13,25,1,15,11,11,15,2,14,-9,4,-16,-7,-15,-16,-6,-15,7,-5,16,8,15,16,4,13,-8,2,-16,-21,-22,-13,1,-5,11,6,9,11,0,4,-11,-7,-10,-13,0]"
CSI_DATA,114719,d8:b1:90:d9:de:f0,-58,11,-99,-38,60,56,1711934967,277,0,106,0,"[-56,0,7,11,-68,0,30,11,-86,0,77,11,79,0,-73,11,51,0,-44,11,25,0,-20,11,-2,11,-5,11,-32,11,12,0,-55,11,36,0,-66,11,74,0,-52,11,-73,0,-26,11,-27,0,6,0,16,0,0,0,0,0,89,0,59,0,-69,0,77,0,-50,0,73,0,-71,0,45,0,71,0,-5,0,14,0,-63,0,-34,11,63,0,-73,11,0,0,93,11,-55,11,71,11,87,11,57,11,40,11,59,11,24,11,74,11]"
CSI_DATA,114720,d8:b1:90:d9:de:f0,-59,11,-99,-36,60,56,1711954338,100,0,228,0,"[2,-18,2,-19,2,-19,2,-19,1,-17,0,-16,0,-13,67,-4,0,-9,0,-7,0,-5,0,-4,0,-3,0,-2,0,0,0,0,0,2,0,3,0,4,0,6,-1,8,43,4,-5,9,-7,9,-9,9,-12,10,-14,9,-16,9,0,0,-21,7,-22,6,-24,5,-25,4,-26,4,-26,2,78,9,-22,3,-19,4,-16,4,-13,4,-9,4,-6,5,-2,5,0,6,2,6,5,6,8,6,11,5,13,5,-45,0,16,4,17,4,18,4,17,3,16,3,13,3,10,2,0,4,1,3,2,4,4,4,8,0,9,-7,2,-12,-8,-24,-15,-2,-13,9,-2,16,12,13,19,0,14,-13,0,-19,-14,-14,-20,0,-13,14,0,19,12,12,15,1,7,1,3,-9,-2,-7,-3,-4,-3,-2,-4,-2,-5,0,0,0,-4,7,0,10,7,9,12,3,12,-4,7,-12,-26,-12,-10,-12,-16,-2,-14,8,-6,16,6,16,16,8,17,-4,8,-14,-4,-16,-14,-8,-16,4,-7,14,7,14,30,7,10,-9,-1,-12,-11,-4,-9,7,2,12,11,5,12,-6]"
CSI_DATA,114721,d8:b1:90:d9:de:f0,-58,11,-99,-36,60,56,1711974497,100,0,114,0,"[12,-10,14,-10,15,-9,16,-9,16,-7,16,-7,16,-6,16,-5,14,-6,14,-6,14,-6,14,-6,14,-7,15,-7,16,-7,16,-7,17,-8,18,-7,19,-8,19,-9,20,-9,21,-9,21,-9,21,-8,21,-7,21,-7,21,-5,21,-5,0,0,21,-4,21,-2,22,-2,21,-2,23,-2,23,-1,22,-1,23,-1,21,0,21,0,21,0,21,0,20,0,19,0,18,1,19,1,17,1,19,2,19,2,20,3,21,3,21,4,21,6,21,7,20,8,19,9,16,9,15,9]"
CSI_DATA,114722,d8:b1:90:d9:de:f0,-58,11,-99,-36,60,56,1711993851,100,0,114,0,"[14,-8,14,-9,16,-9,16,-9,15,-9,15,-9,14,-9,14,-9,12,-10,12,-10,11,-10,11,-11,9,-12,9,-13,9,-14,9,-15,9,-17,9,-17,9,-19,8,-20,8,-21,7,-21,7,-22,6,-22,6,-21,5,-21,5,-21,4,-21,0,0,4,-21,4,-21,4,-21,4,-21,3,-21,2,-21,2,-21,1,-23,0,-22,0,-21,0,-21,-1,-20,-1,-19,-2,-19,-2,-18,-2,-18,-3,-17,-3,-18,-4,-18,-4,-19,-5,-21,-5,-21,-5,-21,-4,-21,-4,-22,-4,-21,-3,-19,-2,-19]"
CSI_DATA,114723,d8:b1:90:d9:de:f0,-58,11,-99,-37,60,56,1712003938,100,0,114,0,"[17,0,18,1,18,2,18,3,18,3,18,3,17,3,16,3,16,2,16,2,16,2,16,2,16,2,16,2,17,2,18,2,19,0,20,2,21,2,22,1,23,2,24,2,24,2,24,2,23,3,22,3,23,4,22,4,0,0,22,5,21,6,21,6,21,6,21,7,21,7,21,8,22,8,21,8,21,8,20,7,20,8,19,7,18,7,17,7,16,8,16,7,16,8,17,8,18,9,18,10,18,11,19,12,18,13,17,13,16,14,13,13,12,14]"
CSI_DATA,114724,d8:b1:90:d9:de:f0,-58,11,-99,-37,60,56,1712014070,100,0,114,0,"[-13,10,-14,10,-14,10,-14,8,-16,10,-15,9,-15,8,-13,8,-12,9,-13,9,-11,9,-13,10,-13,10,-12,11,-13,12,-13,13,-13,13,-14,16,-14,16,-15,17,-15,17,-15,18,-15,18,-14,18,-16,18,-16,17,-15,17,-15,17,0,0,-16,16,-16,16,-16,15,-16,16,-16,16,-16,16,-16,16,-17,16,-15,16,-16,16,-14,16,-13,16,-13,15,-12,13,-12,14,-12,13,-12,14,-11,14,-12,14,-13,15,-13,16,-14,15,-15,16,-16,15,-16,15,-16,13,-16,12,-15,10]"
CSI_DATA,114725,d8:b1:90:d9:de:f0,-57,11,-99,-34,59,56,1712024245,100,0,114,0,"[15,8,16,10,16,11,16,11,17,11,17,10,15,9,14,8,15,7,14,6,14,6,15,5,16,5,17,5,18,4,19,4,20,3,21,3,23,2,23,2,23,1,25,1,24,1,24,0,24,0,23,0,24,0,23,0,0,0,23,0,23,0,24,0,24,0,24,0,24,0,24,0,24,-1,23,-1,23,-2,22,-2,22,-2,20,-3,20,-3,19,-3,20,-4,19,-4,19,-5,20,-5,20,-4,20,-5,22,-5,22,-4,23,-5,23,-4,23,-4,20,-2,20,-1]"
CSI_DATA,114726,d8:b1:90:d9:de:f0,-58,11,-99,-37,60,56,1712034466,100,0,114,0,"[14,-8,16,-8,16,-9,16,-9,16,-10,16,-10,15,-9,13,-10,12,-10,11,-10,11,-11,11,-11,10,-12,10,-13,10,-14,10,-16,9,-18,10,-18,9,-20,8,-21,8,-21,8,-23,6,-22,7,-24,6,-22,6,-22,6,-22,5,-22,0,0,4,-23,4,-21,4,-22,3,-23,2,-23,2,-24,1,-23,0,-23,0,-23,0,-22,0,-22,0,-21,-1,-20,-2,-19,-2,-18,-3,-19,-4,-18,-4,-19,-5,-19,-5,-19,-5,-20,-6,-21,-5,-20,-5,-23,-5,-23,-5,-22,-4,-20,-2,-18]"
CSI_DATA,114727,d8:b1:90:d9:de:f0,-58,11,-99,-37,60,56,1712054540,100,0,114,0,"[-15,7,-16,7,-16,6,-17,5,-18,6,-17,6,-17,5,-16,6,-14,7,-14,7,-13,7,-15,7,-13,8,-14,9,-14,10,-16,10,-16,11,-17,13,-17,13,-18,14,-18,14,-18,16,-18,16,-18,16,-18,15,-18,14,-18,14,-17,14,0,0,-17,13,-18,14,-18,13,-18,15,-18,14,-18,14,-18,14,-18,15,-17,15,-17,15,-16,14,-16,13,-15,13,-14,12,-14,13,-13,13,-13,13,-13,13,-13,13,-14,14,-14,14,-16,14,-16,13,-18,14,-18,13,-18,13,-17,11,-16,9]"
CSI_DATA,114728,d8:b1:90:d9:de:f0,-58,11,-99,-37,60,56,1712064678,100,0,114,0,"[2,17,1,19,0,20,0,20,0,20,0,19,1,18,0,18,2,17,3,16,3,16,4,16,4,16,5,15,7,16,8,16,9,18,9,18,10,19,11,18,13,19,13,20,14,19,15,19,14,18,14,18,14,18,14,18,0,0,14,17,14,17,14,17,15,17,15,17,15,17,16,16,16,16,16,16,16,15,16,14,16,13,16,13,16,12,14,12,16,11,16,10,16,10,17,11,18,11,18,12,19,13,19,12,20,13,18,13,18,13,16,13,15,12]"
CSI_DATA,114729,d8:b1:90:d9:de:f0,-59,11,-99,-34,60,56,1712085256,100,0,114,0,"[-10,12,-11,12,-12,12,-13,12,-13,12,-13,11,-12,10,-12,10,-12,10,-11,10,-10,10,-11,10,-10,10,-10,10,-11,11,-12,12,-12,13,-14,14,-14,14,-14,15,-14,16,-15,16,-15,16,-16,16,-16,14,-16,14,-16,14,-15,13,0,0,-16,12,-16,11,-16,11,-18,12,-17,11,-18,11,-17,11,-18,10,-17,10,-17,10,-16,10,-17,9,-16,9,-15,8,-16,8,-16,8,-16,8,-16,8,-16,8,-18,8,-18,8,-20,7,-20,6,-21,6,-21,5,-20,4,-18,2,-18,1]"
CSI_DATA,114730,d8:b1:90:d9:de:f0,-58,11,-99,-36,60,56,1712105694,100,0,114,0,"[-3,-16,-3,-17,-2,-19,-1,-19,-2,-19,-2,-18,-2,-17,-1,-16,-2,-15,-2,-15,-2,-14,-4,-14,-4,-15,-5,-15,-6,-15,-7,-16,-8,-16,-8,-18,-9,-18,-9,-18,-11,-19,-11,-19,-11,-19,-12,-19,-11,-19,-12,-18,-11,-18,-12,-19,0,0,-12,-18,-11,-17,-12,-17,-12,-18,-12,-18,-12,-19,-12,-18,-13,-19,-13,-17,-13,-17,-13,-16,-13,-15,-14,-14,-12,-14,-12,-14,-13,-13,-12,-12,-12,-13,-13,-13,-14,-14,-14,-15,-15,-16,-15,-16,-16,-16,-15,-17,-14,-17,-12,-16,-11,-15]"
CSI_DATA,114731,d8:b1:90:d9:de:f0,-59,11,-99,-38,61,56,1712123998,100,0,228,0,"[17,-2,18,0,18,0,18,0,16,0,15,0,13,0,64,-4,9,0,8,0,6,0,4,0,3,0,2,0,0,0,0,0,-2,0,-2,0,-4,-2,-5,-3,-6,-5,41,4,-5,-10,-4,-12,-4,-14,-2,-15,0,-17,2,-18,0,0,6,-20,8,-21,10,-22,12,-21,13,-21,14,-19,20,0,13,-16,11,-15,9,-14,6,-12,4,-10,1,-8,0,-6,-3,-5,-6,-4,-8,-3,-9,-2,-10,-1,-12,0,26,10,-16,0,-17,0,-17,0,-16,0,-15,-1,-12,-1,-10,-2,-4,1,-3,2,-4,2,-3,6,0,8,7,8,12,1,22,-8,2,-14,-9,-12,-16,-2,-13,9,-2,18,10,14,18,4,16,-10,4,-18,-9,-16,-17,-5,-15,6,-7,13,-2,5,8,6,7,1,4,-1,2,-2,3,-2,3,-3,0,0,-2,-8,-7,-6,-10,-1,-10,6,-6,12,2,14,24,-7,15,2,14,-8,6,-16,-4,-16,-14,-10,-18,2,-11,13,0,17,12,12,16,0,11,-11,0,-16,-12,-9,-29,2,-6,12,5,12,12,2,7,-8,-3,-11,-12,-3,-10,7]"
CSI_DATA,114732,d8:b1:90:d9:de:f0,-59,11,-99,-39,61,56,1712134080,100,0,228,0,"[13,13,14,14,13,14,13,13,11,13,11,11,9,10,66,-4,6,6,6,5,4,4,3,3,1,2,0,1,0,0,-2,0,-2,-1,-3,-2,-4,-4,-4,-6,-3,-8,42,4,-2,-11,0,-13,2,-15,4,-15,7,-16,10,-16,0,0,15,-17,17,-16,19,-15,22,-15,22,-13,22,-13,63,0,19,-11,17,-10,15,-8,11,-8,8,-7,4,-6,1,-6,-2,-5,-4,-4,-7,-3,-9,-2,-11,-2,-13,-2,30,10,-17,0,-18,0,-18,0,-17,0,-15,-1,-13,-2,-10,-2,-4,-2,-4,0,-4,0,-6,2,-6,7,0,11,8,9,22,9,11,-9,1,-16,-11,-13,-17,-1,-13,11,-2,19,13,15,19,2,15,-12,3,-19,-10,-15,-17,-4,-13,6,-8,2,1,10,5,6,5,3,5,2,6,0,6,-3,0,0,0,-10,-5,-8,-11,-4,-13,3,-9,10,-1,15,28,2,15,7,17,-2,12,-13,1,-17,-11,-14,-17,-4,-15,8,-4,17,8,15,17,4,15,-8,3,-16,-9,-13,-30,-2,-9,9,3,12,11,4,8,-8,-2,-11,-11,-4,-11,6]"
CSI_DATA,114733,d8:b1:90:d9:de:f0,-58,11,-99,-36,60,56,1712144409,100,0,228,0,"[12,14,12,16,12,16,12,16,11,14,10,13,9,10,67,-4,7,6,6,4,4,3,3,2,2,2,0,1,-1,1,-1,0,-2,-1,-3,-2,-4,-4,-4,-5,-3,-7,43,4,-2,-12,0,-12,1,-14,4,-15,6,-16,8,-18,0,0,14,-19,15,-19,17,-19,19,-18,19,-18,19,-17,59,0,16,-15,14,-14,12,-12,9,-11,6,-9,2,-8,-1,-6,-3,-5,-5,-3,-8,-1,-10,0,-12,0,-14,2,25,10,-16,5,-18,5,-17,5,-16,5,-15,4,-12,3,-10,2,-4,-2,-4,0,-4,0,-6,1,-7,5,-1,12,7,10,22,12,12,-9,2,-16,-10,-13,-17,-2,-14,11,-2,19,12,15,20,2,16,-13,2,-19,-12,-15,-16,-3,-14,7,-7,2,2,10,6,5,5,2,5,1,5,0,5,-4,0,0,0,-10,-6,-7,-11,-2,-12,4,-7,12,0,15,29,-3,16,4,16,-6,9,-15,-2,-17,-14,-12,-18,0,-13,13,0,18,12,13,18,0,12,-13,-2,-16,-14,-9,-31,8,-5,13,7,11,13,0,5,-11,-7,-10,-12,0,-7,10]"
CSI_DATA,114734,d8:b1:90:d9:de:f0,-58,11,-99,-37,60,56,1712154524,100,0,228,0,"[19,2,20,3,21,3,20,2,18,2,16,1,14,0,69,-5,10,0,8,0,6,0,4,0,3,0,1,0,0,0,0,0,-2,1,-4,0,-5,0,-7,0,-8,0,45,4,-10,-4,-11,-6,-12,-8,-12,-11,-12,-13,-12,-16,0,0,-10,-20,-10,-23,-10,-24,-9,-25,-9,-25,-8,-25,85,10,-8,-21,-8,-19,-8,-16,-7,-11,-8,-8,-7,-4,-6,-1,-5,2,-5,5,-4,8,-2,10,-1,12,0,14,-3,10,1,18,2,19,2,18,2,18,2,16,2,13,1,10,-5,1,-3,2,-4,2,-4,5,0,9,6,8,13,2,24,-8,2,-16,-10,-13,-17,-1,-13,12,0,19,14,13,20,-1,13,-16,-1,-21,-15,-13,-18,0,-12,12,0,15,-2,8,10,2,8,-2,5,-4,2,-4,1,-5,0,-7,0,0,-8,-3,-10,2,-8,9,0,13,8,12,13,5,6,-28,10,-13,0,-18,-12,-14,-18,-2,-16,10,-4,18,9,16,18,5,16,-9,4,-18,-10,-14,-16,-2,-12,11,1,32,13,8,13,-5,1,-13,-10,-7,-11,5,-1,13,10,9]"
CSI_DATA,114735,d8:b1:90:d9:de:f0,-59,11,-99,-35,60,56,1712164574,100,0,228,0,"[-9,15,-11,16,-12,16,-11,15,-11,14,-9,13,-8,11,66,-4,-5,7,-4,6,-4,5,-2,4,-2,2,-1,1,0,0,0,0,1,-2,2,-2,4,-3,6,-2,7,-2,42,4,11,0,13,2,13,4,14,7,15,10,15,13,0,0,13,18,13,20,11,22,10,24,9,24,8,24,71,0,6,22,6,19,6,16,6,12,6,9,5,6,6,2,6,0,6,-2,6,-5,7,-7,7,-9,7,-11,-83,0,8,-15,8,-16,8,-15,9,-15,8,-13,7,-11,6,-8,1,-4,0,-3,0,-4,-2,-6,-7,-4,-11,1,-8,9,-7,24,10,11,15,0,12,-11,0,-17,-12,-13,-19,-1,-14,13,-1,19,13,15,19,2,15,-11,4,-17,-6,-13,-2,-6,-10,2,-6,5,-2,4,-1,4,0,4,1,5,0,0,8,2,10,-2,7,-9,1,-13,-6,-12,-13,-6,-8,26,-11,11,-2,17,9,15,17,6,17,-6,8,-16,-4,-17,-15,-10,-17,2,-9,14,3,17,13,8,15,-4,15,-27,-6,-13,-13,-2,-8,9,3,11,12,3,10,-8,0,-13]"
CSI_DATA,114736,d8:b1:90:d9:de:f0,-59,11,-99,-36,60,56,1712180565,100,0,228,0,"[0,-19,0,-19,0,-20,0,-19,0,-18,-1,-15,-2,-13,67,-4,-2,-9,-2,-7,-1,-5,-1,-4,0,-2,0,-1,1,0,2,0,2,1,3,2,4,4,4,6,4,7,43,4,2,12,0,13,0,15,-1,16,-3,18,-4,19,0,0,-9,21,-9,21,-10,22,-12,23,-12,23,-12,23,54,10,-9,20,-7,18,-4,16,-2,13,0,10,2,7,3,4,4,1,5,-1,7,-3,7,-7,7,-9,7,-12,79,0,6,-15,5,-17,4,-17,4,-16,3,-14,3,-12,2,-9,1,5,2,3,3,3,6,2,8,-1,6,-8,0,-12,-13,-19,-15,2,-9,12,3,16,15,8,16,-7,7,-17,-8,-17,-19,-6,-17,9,-6,18,8,16,16,5,14,-6,9,-2,-2,-10,-4,-6,-6,-2,-5,0,-5,2,-5,4,0,0,2,9,9,6,12,0,10,-8,4,-14,-5,-13,-24,14,-16,2,-11,12,0,17,12,13,18,2,14,-12,2,-18,-10,-14,-17,-2,-13,11,0,16,12,10,16,-2,14,-26,-6,-12,-12,0,-6,10,6,9,12,0,5,-11,-6,-11]"
CSI_DATA,114737,d8:b1:90:d9:de:f0,-59,11,-99,-36,60,56,1712194074,100,0,228,0,"[17,7,19,8,18,8,17,8,16,8,14,7,12,6,67,-4,8,4,7,3,4,2,4,2,2,2,0,1,0,0,-2,0,-3,0,-4,-2,-5,-2,-6,-4,-5,-6,43,4,-4,-10,-2,-12,-1,-14,1,-16,3,-17,6,-18,0,0,12,-19,15,-19,16,-19,19,-18,19,-16,20,-16,26,0,17,-13,15,-12,13,-11,9,-9,6,-7,3,-7,0,-5,-2,-4,-4,-4,-7,-2,-9,-2,-12,-1,-14,0,26,10,-17,0,-19,0,-18,0,-17,0,-15,0,-13,0,-9,0,-4,0,-4,1,-4,2,-4,3,-3,8,2,10,10,7,24,2,8,-12,-3,-15,-14,-9,-17,3,-9,15,4,19,16,10,19,-3,12,-16,-2,-20,-14,-12,-17,0,-12,9,-8,3,3,9,6,5,6,2,6,0,6,-1,6,-4,0,0,-2,-9,-7,-8,-12,-2,-12,5,-7,12,0,14,28,-3,15,4,16,-4,10,-14,0,-18,-12,-13,-18,-2,-14,10,-3,17,9,14,17,3,14,-9,2,-16,-10,-12,-31,0,-9,11,3,12,12,2,8,-8,-2,-12,-12,-4,-10,7]"
CSI_DATA,114738,d8:b1:90:d9:de:f0,-58,11,-99,-36,60,56,1712205223,100,0,228,0,"[13,14,14,14,14,14,14,14,14,12,12,9,11,8,67,-4,8,4,7,4,5,2,4,2,2,1,1,1,0,0,-1,0,-2,0,-4,0,-5,-1,-6,-2,-8,-3,43,4,-8,-7,-9,-9,-9,-12,-8,-14,-8,-16,-7,-18,0,0,-4,-22,-5,-24,-4,-24,-4,-26,-4,-26,-4,-26,-24,10,-4,-22,-5,-19,-5,-16,-6,-12,-7,-8,-6,-4,-5,-2,-5,2,-4,4,-3,7,-2,9,-1,12,0,14,-11,10,2,17,3,18,4,18,4,16,3,14,3,13,2,9,-4,-2,-4,0,-4,0,-6,2,-4,7,1,11,9,8,24,5,9,-12,-2,-16,-14,-9,-17,4,-8,16,7,18,18,7,18,-8,7,-18,-8,-19,-17,-7,-16,7,-7,14,-4,7,8,6,7,0,6,-2,4,-3,3,-4,1,-7,0,0,-7,-6,-11,0,-9,7,-4,13,4,14,13,8,12,-26,12,-12,1,-17,-10,-15,-18,-4,-16,9,-5,18,8,16,17,6,16,-8,4,-17,-9,-14,-16,-2,-11,11,2,31,12,7,12,-6,0,-12,-10,-5,-10,7,0,13,11,7]"
CSI_DATA,114739,d8:b1:90:d9:de:f0,-59,11,-99,-36,60,56,1712223855,100,0,228,0,"[-11,-14,-12,-15,-11,-15,-11,-14,-10,-14,-9,-12,-8,-10,67,-4,-7,-7,-5,-6,-4,-4,-3,-3,-2,-2,-2,-1,0,-1,0,0,0,1,0,2,0,4,0,6,0,7,43,4,-3,10,-5,11,-8,12,-10,12,-12,12,-15,11,0,0,-19,10,-21,9,-23,8,-24,7,-25,7,-24,5,87,9,-21,4,-19,4,-16,4,-13,4,-9,5,-6,6,-3,7,0,7,2,7,4,7,7,8,9,8,11,9,-57,0,14,9,15,9,15,9,14,9,12,8,10,8,7,7,3,2,3,0,4,1,7,0,7,-4,3,-10,-5,-11,-21,-14,-14,7,-4,15,7,14,16,4,16,-9,4,-18,-9,-17,-19,-5,-17,9,-7,19,7,17,16,7,14,-4,4,-1,-1,-10,-4,-6,-4,-2,-4,-1,-3,-1,-4,0,0,0,-4,6,0,9,7,7,11,2,12,-4,8,-12,-24,-10,-9,-12,-16,-3,-16,7,-7,16,4,17,15,9,18,-3,10,-14,-2,-17,-14,-9,-16,2,-9,14,4,15,27,15,12,-7,1,-14,-10,-8,-12,4,-3,13,9,11,14,0]"
CSI_DATA,114740,d8:b1:90:d9:de:f0,-59,11,-99,-39,61,56,1712243936,100,0,228,0,"[-5,-17,-5,-18,-5,-18,-5,-17,-5,-16,-5,-14,-4,-12,66,-4,-4,-8,-4,-6,-3,-4,-2,-4,-1,-2,0,-1,0,0,1,0,2,2,2,3,3,4,3,6,2,7,42,4,0,11,0,12,-2,14,-4,15,-6,15,-8,17,0,0,-13,17,-15,18,-16,18,-17,18,-17,17,-17,17,-64,9,-15,16,-12,15,-10,13,-6,11,-4,9,0,7,2,6,4,3,6,2,8,0,9,-1,11,-3,13,-5,-22,0,15,-8,15,-10,15,-10,13,-9,12,-8,11,-6,8,-4,3,3,3,2,3,2,6,1,8,-3,4,-8,-3,-11,-17,-17,-14,4,-6,14,6,15,16,6,16,-7,6,-17,-8,-17,-18,-5,-17,9,-5,18,8,16,15,6,13,-5,8,-2,-1,-10,-5,-6,-5,-2,-4,0,-5,0,-6,4,0,0,0,9,6,8,11,2,12,-4,7,-11,-1,-14,-26,6,-16,-3,-15,7,-7,16,5,17,15,9,17,-3,10,-15,-2,-17,-14,-9,-17,3,-7,14,5,15,15,5,26,-15,1,-13,-10,-7,-11,4,-1,11,9,7,11,-4,3,-13]"
CSI_DATA,114741,d8:b1:90:d9:de:f0,-59,11,-99,-38,61,56,1712254436,100,0,228,0,"[12,12,14,13,14,13,14,12,13,11,12,9,10,8,64,-4,8,4,7,3,5,2,4,2,2,1,1,1,0,0,-1,0,-3,0,-4,0,-4,-2,-6,-3,-6,-4,41,4,-7,-8,-6,-10,-6,-12,-6,-14,-5,-16,-4,-18,0,0,-1,-22,0,-23,0,-24,1,-25,1,-25,1,-24,28,0,0,-22,0,-19,-1,-16,-2,-12,-4,-9,-4,-6,-5,-3,-6,0,-6,4,-5,6,-5,8,-4,10,-4,13,-51,10,-3,17,-2,17,-2,18,-2,17,-1,15,-1,12,-1,10,-4,-1,-4,0,-4,0,-6,2,-4,6,1,10,9,8,23,5,10,-11,-2,-16,-13,-9,-17,3,-9,16,5,18,16,8,18,-6,8,-17,-6,-18,-16,-8,-16,4,-8,12,-5,6,7,7,7,2,6,-1,4,-2,4,-4,2,-6,0,0,-6,-6,-10,-2,-10,5,-5,11,2,13,10,10,16,-22,14,-8,6,-15,-5,-16,-15,-8,-17,4,-10,14,3,18,14,10,17,-3,8,-14,-4,-16,-14,-6,-14,6,-7,29,9,10,12,-2,4,-10,-8,-8,-12,2,-4,12,7,11]"
CSI_DATA,114742,d8:b1:90:d9:de:f0,-59,11,-99,-36,60,56,1712273922,100,0,228,0,"[-3,18,-4,19,-4,19,-3,19,-3,18,-2,16,-1,14,67,-4,0,9,0,7,0,5,0,4,0,2,0,1,-1,0,-2,-1,-1,-2,-1,-4,-1,-5,0,-7,0,-9,43,4,4,-11,7,-11,9,-11,12,-11,14,-11,16,-9,0,0,21,-8,23,-7,24,-7,25,-6,26,-5,25,-4,-85,0,22,-4,19,-4,16,-4,12,-4,9,-5,5,-5,2,-5,-1,-5,-4,-4,-7,-4,-9,-3,-12,-2,-14,-2,29,10,-18,0,-19,0,-19,0,-17,0,-15,0,-13,0,-9,0,-1,-4,-2,-3,-2,-3,-4,-4,-8,0,-8,6,-2,12,7,24,15,2,13,-9,2,-16,-11,-14,-18,-1,-14,12,0,20,14,14,20,0,14,-13,1,-19,-11,-14,-15,-2,-9,-3,-4,9,0,8,2,6,4,4,6,2,7,0,0,0,4,-9,-2,-11,-8,-8,-13,-2,-12,6,-7,13,27,11,11,11,16,1,14,-9,5,-16,-7,-16,-16,-7,-17,6,-7,16,6,16,16,7,15,-7,4,-15,-8,-13,-31,-2,-9,10,3,12,11,2,7,-8,-4,-11,-12,-2,-10,8]"
CSI_DATA,114743,d8:b1:90:d9:de:f0,-59,11,-99,-39,61,56,1712285653,100,0,228,0,"[0,18,0,19,0,19,-1,19,0,17,0,15,0,13,66,-4,0,9,0,7,0,6,0,4,0,2,0,1,-1,0,-1,0,0,-2,0,-4,0,-5,1,-6,2,-8,42,4,6,-8,9,-8,11,-8,13,-7,16,-6,18,-5,0,0,22,-1,24,0,24,1,26,2,25,3,24,4,-85,0,21,4,19,3,16,2,13,0,10,-1,6,-2,4,-4,1,-5,-1,-6,-4,-7,-5,-8,-8,-9,-9,-10,75,10,-13,-11,-14,-11,-14,-11,-13,-11,-11,-10,-9,-8,-6,-6,-2,-4,-2,-2,-2,-3,-4,-3,-8,0,-8,6,-2,12,8,22,14,2,13,-9,2,-16,-11,-13,-17,-1,-14,12,-1,19,13,15,19,2,15,-11,3,-18,-8,-14,-14,-4,-6,-4,-5,8,0,8,2,5,2,4,4,4,6,2,0,0,6,-6,2,-10,-4,-10,-11,-6,-13,1,-11,10,19,19,5,15,14,8,17,-2,12,-12,1,-17,-11,-13,-17,-2,-14,10,-2,17,10,13,17,2,13,-10,0,-15,-22,-20,-13,2,-4,11,7,9,11,-2,4,-11,-6,-11,-13,0]"
CSI_DATA,114744,d8:b1:90:d9:de:f0,-59,11,-99,-37,61,56,1712304530,100,0,228,0,"[-9,-14,-9,-15,-9,-15,-8,-15,-7,-14,-7,-12,-6,-11,62,-4,-5,-7,-4,-5,-3,-4,-3,-3,-1,-2,0,-1,0,0,0,0,1,1,1,1,1,4,1,5,1,7,40,3,-1,11,-2,11,-4,12,-7,13,-9,14,-11,14,0,0,-16,14,-18,13,-20,13,-21,12,-22,11,-21,11,-48,9,-18,9,-16,8,-13,7,-10,7,-7,7,-3,6,0,5,1,5,4,4,6,3,9,3,11,3,12,1,-28,0,16,1,16,1,16,1,16,1,14,1,11,1,9,1,3,3,3,1,4,1,6,0,7,-4,2,-9,-5,-10,-18,-13,-12,6,-4,14,7,14,15,4,15,-8,4,-17,-9,-16,-18,-5,-16,9,-5,17,7,16,14,6,14,-4,7,-1,0,-10,-4,-5,-5,-2,-4,0,-4,0,-5,1,0,0,-1,7,3,9,9,6,12,0,10,-8,3,-14,-25,-4,-13,-8,-16,1,-12,11,-1,17,10,14,16,3,14,-9,4,-16,-7,-14,-16,-4,-13,8,-2,14,9,11,29,1,8,-9,-3,-11,-11,-2,-7,8,3,11,11,3,10,-7]"
CSI_DATA,114745,d8:b1:90:d9:de:f0,-59,11,-99,-36,60,56,1712323919,100,0,228,0,"[17,2,19,4,19,4,19,4,17,4,15,3,13,2,67,-4,9,1,8,0,6,0,4,0,3,0,2,0,0,0,0,0,-2,0,-3,0,-4,-1,-5,-3,-6,-4,43,4,-6,-9,-5,-12,-4,-14,-2,-16,-1,-18,0,-19,0,0,5,-22,7,-23,8,-24,10,-23,12,-23,12,-22,-48,0,11,-19,9,-17,7,-14,4,-12,2,-10,0,-7,-2,-5,-4,-4,-6,-1,-8,0,-9,2,-11,2,-13,4,31,10,-16,7,-16,7,-16,7,-16,6,-14,5,-12,4,-9,2,-4,0,-3,1,-4,2,-4,4,-1,8,4,9,12,3,24,-4,4,-14,-7,-14,-16,-4,-15,7,-5,17,8,16,19,5,17,-9,6,-19,-8,-18,-17,-7,-16,5,-8,13,-4,6,7,7,7,2,6,0,3,-2,4,-2,3,-4,0,0,-4,-8,-8,-5,-12,0,-10,8,-4,13,4,14,24,-12,16,0,13,-10,4,-16,-7,-16,-16,-7,-17,5,-9,16,4,17,15,9,16,-4,8,-14,-5,-15,-14,-6,-28,12,-2,13,9,9,12,-2,3,-12,-8,-9,-13,2,-7,12]"
CSI_DATA,114746,d8:b1:90:d9:de:f0,-59,11,-99,-35,60,56,1712334163,100,0,228,0,"[13,-13,13,-13,14,-13,13,-13,13,-12,11,-11,9,-9,66,-4,6,-6,4,-5,4,-4,3,-2,2,-2,2,0,1,0,0,2,0,3,-2,3,-3,4,-4,6,-6,5,42,4,-11,4,-13,2,-15,0,-17,-1,-17,-3,-19,-5,0,0,-20,-11,-21,-13,-21,-15,-20,-16,-20,-17,-18,-17,19,10,-16,-15,-14,-13,-13,-11,-11,-8,-8,-4,-6,-2,-5,0,-3,3,-2,6,0,7,1,10,3,11,4,13,17,0,6,16,8,16,7,17,6,16,5,14,4,13,2,9,-2,4,0,4,0,5,2,6,6,4,11,0,9,-9,8,-22,-10,-11,-16,0,-13,11,0,17,13,13,19,0,13,-14,0,-20,-14,-14,-19,0,-13,13,-2,17,8,13,3,9,11,-3,6,-6,1,-6,0,-6,-2,-6,-4,-5,0,0,-9,2,-8,8,-1,13,5,12,13,6,15,-2,-6,-28,2,-16,-8,-15,-17,-6,-17,5,-9,16,4,19,15,11,17,-2,11,-13,-1,-17,-13,-10,-15,2,-7,13,11,28,13,3,9,-6,-2,-10,-11,-3,-8,7,2,12,11,6]"
CSI_DATA,114747,d8:b1:90:d9:de:f0,-58,11,-99,-37,60,56,1712344353,100,0,228,0,"[13,13,14,14,13,14,13,13,13,13,11,10,10,9,69,-5,8,5,7,4,5,2,4,2,2,2,0,1,0,0,-1,0,-2,0,-3,-1,-5,-2,-5,-4,-5,-5,45,4,-6,-10,-5,-13,-4,-14,-2,-17,-1,-18,0,-21,0,0,4,-23,5,-24,7,-25,8,-26,9,-26,9,-25,-60,0,8,-21,6,-19,4,-16,2,-13,0,-10,-2,-7,-3,-4,-5,-1,-6,0,-8,2,-8,5,-8,8,-9,10,69,10,-10,14,-10,16,-10,16,-10,15,-8,13,-8,10,-6,8,-5,-2,-4,0,-5,0,-6,2,-5,7,0,11,8,9,23,7,10,-10,0,-16,-13,-11,-18,2,-11,15,3,19,16,11,20,-3,12,-17,-3,-20,-16,-11,-18,1,-10,11,-7,5,6,9,8,3,6,0,5,-1,5,-2,3,-5,0,0,-4,-8,-10,-5,-12,2,-9,10,-2,14,8,13,24,-16,17,-4,11,-14,0,-18,-12,-13,-18,-2,-15,11,-3,18,10,15,18,2,14,-10,2,-17,-11,-12,-16,0,-20,24,4,13,12,3,8,-8,-3,-11,-12,-2,-9,9,1,13]"
CSI_DATA,114748,d8:b1:90:d9:de:f0,-59,11,-99,-36,60,56,1712354414,100,0,228,0,"[17,2,19,2,19,3,18,3,16,3,15,3,13,3,67,-4,9,2,8,1,7,1,4,0,3,0,2,0,0,0,0,0,-1,0,-2,-1,-3,-2,-4,-4,-4,-6,43,4,-4,-11,-2,-13,0,-14,1,-16,3,-18,6,-19,0,0,12,-20,14,-20,16,-20,17,-19,19,-18,19,-16,72,0,17,-14,15,-12,12,-11,9,-10,6,-8,3,-7,0,-7,-2,-5,-4,-4,-7,-4,-9,-4,-12,-3,-13,-2,48,10,-16,-2,-18,-2,-18,-3,-17,-3,-15,-4,-12,-4,-9,-4,-4,0,-4,2,-4,2,-4,5,-1,9,5,9,12,3,24,-4,5,-14,-6,-14,-16,-6,-16,7,-6,17,7,17,18,7,19,-7,8,-19,-5,-19,-16,-9,-17,3,-10,12,-4,4,7,9,8,2,5,0,4,-1,4,-1,4,-3,0,0,0,-8,-5,-7,-11,-3,-12,3,-9,11,0,15,28,-1,16,6,17,-4,10,-14,-1,-19,-13,-13,-19,-1,-15,11,-3,18,9,15,16,3,14,-9,2,-16,-10,-12,-30,-3,-9,10,3,12,11,3,9,-8,-2,-12,-12,-5,-12,5]"
CSI_DATA,114749,d8:b1:90:d9:de:f0,-59,11,-99,-35,60,56,1712365238,100,0,228,0,"[-8,15,-8,17,-8,17,-7,17,-6,16,-4,14,-4,13,66,-4,-1,9,0,7,0,6,0,4,0,2,0,1,-1,0,0,0,0,-2,0,-4,0,-5,0,-6,1,-8,42,4,4,-11,6,-11,8,-11,11,-11,13,-11,15,-11,0,0,18,-11,20,-12,21,-12,23,-11,22,-11,22,-11,77,0,19,-10,16,-10,13,-9,10,-8,6,-8,2,-6,0,-5,-3,-4,-5,-2,-8,-1,-9,0,-11,2,-13,4,28,10,-15,7,-16,8,-15,8,-14,8,-13,7,-11,6,-8,4,0,-4,0,-4,0,-4,-4,-4,-8,-2,-9,4,-4,11,2,24,13,4,13,-7,4,-15,-9,-14,-17,-2,-15,11,-1,19,13,15,19,0,14,-13,1,-17,-11,-13,-15,-2,-8,-2,-2,10,2,8,4,4,4,3,5,1,6,0,0,0,3,-8,-3,-9,-8,-6,-13,0,-11,8,-2,15,27,3,14,7,17,-3,11,-13,0,-17,-12,-13,-17,0,-13,11,0,17,11,12,17,0,10,-13,-2,-15,-13,-7,-28,11,-3,13,8,8,11,-3,2,-11,-8,-7,-12,4,-4,12]"
CSI_DATA,114750,d8:b1:90:d9:de:f0,-59,11,-99,-39,61,56,1712388073,100,0,228,0,"[14,11,15,12,15,13,14,11,13,11,13,9,11,7,66,-4,8,4,6,3,5,2,4,2,2,1,0,1,0,0,-1,0,-2,0,-3,-1,-4,-2,-5,-4,-6,-6,42,4,-5,-9,-4,-11,-3,-14,-1,-15,0,-17,2,-19,0,0,6,-22,8,-22,8,-23,11,-24,11,-23,11,-22,-31,0,10,-19,8,-17,6,-15,3,-13,1,-10,-1,-7,-3,-5,-5,-2,-6,0,-8,2,-9,4,-10,6,-11,8,46,10,-13,11,-13,13,-13,13,-12,12,-11,11,-9,8,-7,6,-4,0,-4,0,-4,0,-5,2,-4,6,0,10,8,8,24,6,10,-11,-1,-15,-12,-10,-17,2,-11,14,3,18,15,11,19,-4,11,-16,-3,-19,-15,-11,-17,1,-10,11,-6,5,5,8,6,3,6,0,5,-1,5,-2,4,-5,0,0,-4,-8,-8,-4,-11,0,-9,8,-2,13,5,13,24,-13,15,-1,12,-11,2,-17,-9,-15,-17,-5,-16,8,-6,17,6,17,16,6,16,-7,4,-15,-8,-14,-15,-2,-24,19,1,14,11,6,10,-6,0,-12,-11,-5,-11,6,-2,13]"
CSI_DATA,114751,d8:b1:90:d9:de:f0,-59,11,-99,-35,60,56,1712404276,100,0,228,0,"[6,-17,7,-18,7,-18,6,-17,5,-17,4,-15,4,-13,66,-4,1,-9,1,-7,0,-6,0,-4,0,-2,0,-1,1,0,0,1,0,2,0,4,0,5,-2,6,-3,8,42,4,-7,8,-8,8,-11,8,-13,7,-16,6,-18,4,0,0,-22,2,-24,1,-25,0,-26,0,-25,-1,-25,-1,72,9,-22,-1,-19,0,-17,0,-13,1,-11,2,-6,3,-4,4,0,6,2,6,5,6,7,6,10,7,12,6,-35,0,16,6,17,7,17,6,16,6,14,5,12,4,8,4,0,4,1,3,1,4,3,4,8,2,9,-4,4,-11,-2,-24,-13,-5,-14,6,-5,15,8,15,17,4,16,-8,4,-18,-10,-16,-19,-4,-17,10,-4,17,8,15,13,5,7,4,5,-8,0,-8,-2,-6,-2,-4,-4,-3,-6,-1,0,0,-6,6,-1,11,5,10,11,5,13,-2,10,-11,-22,-17,-7,-14,-15,-6,-17,4,-11,14,1,17,13,12,17,0,13,-13,0,-17,-13,-11,-17,1,-9,13,3,15,28,13,11,-6,0,-13,-10,-6,-10,5,0,12,11,8,13,-4]"
CSI_DATA,114752,d8:b1:90:d9:de:f0,-59,11,-99,-35,60,56,1712416052,100,0,228,0,"[2,18,2,19,3,19,4,18,4,17,4,15,4,13,66,-4,4,8,4,6,3,5,2,4,1,2,0,2,0,0,-2,0,-3,0,-4,-2,-4,-2,-6,-4,-6,-6,42,4,-6,-10,-5,-12,-5,-14,-4,-16,-2,-18,-1,-19,0,0,0,-23,1,-24,1,-26,2,-26,2,-26,2,-25,46,0,0,-22,0,-19,-2,-16,-3,-13,-3,-9,-4,-6,-4,-2,-5,0,-4,4,-4,6,-2,9,-2,11,0,13,-19,10,2,17,3,17,4,17,4,17,3,15,3,13,2,10,-2,-4,-3,-3,-4,-2,-6,0,-8,3,-4,9,4,11,17,17,13,-5,4,-15,-8,-14,-17,-4,-15,10,-2,19,13,15,19,1,15,-13,0,-19,-13,-13,-17,0,-12,9,-8,5,5,9,7,4,6,0,5,-1,4,-4,3,-6,0,0,-6,-7,-11,-2,-11,4,-6,11,2,14,11,10,17,-23,14,-9,5,-16,-7,-16,-17,-7,-17,6,-8,17,6,17,16,8,17,-6,6,-16,-8,-15,-15,-3,-12,9,1,30,11,7,11,-5,0,-11,-10,-5,-9,6,0,12,11,6]"
CSI_DATA,114753,d8:b1:90:d9:de:f0,-59,11,-99,-36,60,56,1712434125,100,0,228,0,"[-6,17,-7,18,-7,18,-7,17,-6,16,-4,14,-4,12,67,-4,-2,9,-2,7,-1,5,-1,4,-1,2,-1,1,-1,0,-1,-1,0,-2,0,-4,0,-5,1,-7,3,-8,43,4,7,-9,9,-9,12,-9,14,-8,16,-7,19,-5,0,0,22,-2,24,-1,26,0,26,1,26,2,25,2,-80,0,22,2,20,2,16,0,14,0,10,-1,7,-3,3,-4,0,-4,-2,-5,-4,-5,-7,-6,-9,-7,-12,-7,58,10,-15,-7,-16,-7,-16,-7,-16,-6,-14,-6,-12,-6,-8,-4,0,-4,-1,-4,-2,-4,-4,-4,-8,-2,-9,4,-4,12,2,23,14,4,14,-7,4,-15,-7,-15,-17,-4,-16,9,-4,19,10,16,19,5,16,-9,5,-18,-7,-15,-14,-6,-7,-5,-7,8,-1,8,2,6,3,4,4,4,7,1,0,0,7,-7,1,-10,-5,-11,-12,-6,-14,2,-10,10,22,19,9,14,16,6,17,-4,10,-14,-2,-19,-14,-12,-19,0,-12,13,0,17,12,12,16,0,9,-12,-3,-14,-27,-13,-12,6,-2,12,9,6,9,-4,0,-11,-9,-7,-12,3]"
CSI_DATA,114754,d8:b1:90:d9:de:f0,-59,11,-99,-35,60,56,1712454480,100,0,228,0,"[-17,4,-18,4,-19,4,-18,4,-17,3,-15,3,-13,2,66,-4,-9,2,-8,1,-6,2,-4,0,-3,0,-2,0,0,0,0,0,2,0,3,0,4,0,6,1,7,2,42,4,8,6,8,9,8,12,6,14,6,17,4,19,0,0,0,22,-2,24,-3,25,-4,26,-6,25,-7,24,-88,10,-8,21,-6,18,-5,16,-3,13,-1,11,1,8,2,5,5,3,6,0,8,0,10,-2,11,-4,13,-5,-36,0,15,-7,16,-8,16,-8,15,-7,14,-6,12,-4,10,-2,4,-3,2,-3,2,-4,1,-6,-2,-8,-8,-6,-12,1,-20,13,0,15,11,10,16,0,11,-13,-1,-18,-14,-12,-19,1,-13,15,0,19,13,14,19,2,13,-10,3,-15,2,-7,-8,-4,-8,0,-5,2,-3,3,-3,3,-2,5,0,0,5,6,9,3,11,-2,8,-10,1,-13,-8,-13,-22,16,-17,3,-11,13,-1,18,10,15,18,4,16,-8,6,-17,-6,-16,-15,-7,-16,6,-6,15,6,15,15,5,27,-14,2,-13,-9,-8,-11,3,-2,11,8,8,13,-2,6,-11]"
CSI_DATA,114755,d8:b1:90:d9:de:f0,-59,11,-99,-38,61,56,1712464548,100,0,228,0,"[12,-12,13,-12,14,-12,13,-12,12,-11,11,-10,9,-8,64,-4,6,-7,5,-6,4,-4,2,-4,2,-2,1,-1,1,0,0,0,-1,0,-2,2,-4,2,-5,2,-7,2,41,4,-11,0,-12,0,-14,-2,-14,-4,-15,-6,-16,-9,0,0,-17,-14,-16,-15,-17,-18,-16,-18,-16,-19,-14,-19,29,10,-13,-17,-12,-14,-10,-12,-9,-9,-8,-6,-8,-2,-6,0,-5,2,-4,5,-3,7,-2,9,-1,11,0,13,-20,10,0,16,1,18,1,17,0,16,0,15,0,12,0,10,-2,4,0,3,0,4,2,6,6,6,10,0,9,-7,10,-21,-8,-11,-15,-1,-12,10,-1,16,11,13,18,1,14,-12,1,-19,-13,-14,-18,-2,-14,10,-2,16,7,12,3,6,9,-4,4,-6,0,-5,0,-4,0,-4,-2,-4,0,0,-8,0,-8,4,-4,10,2,12,9,9,14,1,0,-26,6,-15,-4,-16,-14,-10,-17,1,-12,12,0,18,11,14,17,2,13,-10,1,-16,-10,-12,-15,0,-10,12,2,29,12,6,10,-6,0,-12,-9,-6,-10,4,-2,12,8,9]"
CSI_DATA,114756,d8:b1:90:d9:de:f0,-58,11,-99,-36,60,56,1712483946,100,0,228,0,"[-8,-16,-8,-18,-7,-18,-7,-17,-7,-16,-6,-14,-5,-13,67,-4,-4,-9,-3,-7,-2,-5,-1,-4,0,-2,0,-2,0,0,1,0,1,1,2,3,2,5,0,7,0,8,43,4,-3,12,-5,12,-9,12,-11,12,-14,12,-16,11,0,0,-21,9,-24,7,-24,7,-26,4,-26,3,-26,2,89,9,-23,0,-20,1,-17,1,-14,2,-10,2,-7,3,-3,4,0,5,2,5,4,6,7,6,9,7,11,8,-44,0,14,9,16,9,15,10,14,10,12,9,10,8,7,7,4,3,4,2,4,2,7,0,7,-4,4,-10,-4,-12,-17,-17,-14,4,-7,14,4,16,16,8,17,-5,8,-16,-5,-19,-18,-9,-19,5,-10,17,3,19,14,11,16,0,9,1,2,-11,-2,-8,-4,-4,-4,-2,-4,-2,-7,0,0,0,-4,8,0,11,7,9,13,3,14,-4,9,-13,-25,-14,-10,-13,-17,-4,-17,7,-9,16,3,19,15,11,19,-1,12,-14,0,-17,-13,-12,-16,1,-10,12,2,16,26,16,12,-4,2,-12,-8,-7,-10,3,-2,12,8,9,13,0]"
CSI_DATA,114757,d8:b1:90:d9:de:f0,-59,11,-99,-37,61,56,1712494406,100,0,228,0,"[11,12,12,14,12,14,11,13,11,12,10,11,9,9,62,-4,6,6,5,5,4,3,3,3,2,1,1,1,0,0,0,0,-1,-1,-2,-2,-3,-3,-3,-5,-2,-7,40,3,0,-10,1,-12,3,-13,5,-14,7,-15,9,-15,0,0,14,-15,16,-16,18,-14,20,-14,20,-14,20,-13,46,0,18,-11,16,-11,12,-10,9,-8,6,-7,3,-7,0,-5,-2,-5,-5,-4,-7,-3,-9,-2,-11,-1,-13,-1,20,9,-16,0,-17,0,-17,0,-16,0,-14,0,-12,0,-9,0,-4,-1,-3,0,-3,0,-5,1,-5,5,-1,9,7,9,20,10,11,-7,2,-14,-9,-12,-16,-2,-13,11,-1,18,11,14,18,1,14,-11,2,-18,-10,-14,-16,-3,-12,7,-6,2,2,9,5,5,5,1,4,0,4,0,5,-2,0,0,0,-8,-4,-8,-10,-4,-11,2,-9,9,-1,13,26,0,14,6,16,-3,11,-13,0,-17,-11,-13,-17,-1,-14,9,-3,16,9,14,16,2,13,-9,1,-15,-10,-11,-30,0,-7,11,4,11,11,1,7,-9,-3,-11,-12,-3,-10,7]"
CSI_DATA,114758,d8:b1:90:d9:de:f0,-59,11,-99,-38,61,56,1712514549,100,0,228,0,"[7,15,8,16,8,16,8,16,8,14,8,12,8,10,64,-4,6,7,6,5,4,4,3,4,2,2,2,1,1,0,0,0,-1,0,-2,-2,-2,-3,-4,-5,-4,-6,41,4,-3,-10,-2,-12,-2,-14,0,-15,0,-17,1,-18,0,0,4,-21,5,-22,6,-23,7,-24,7,-23,7,-22,74,0,6,-20,4,-18,2,-16,0,-13,-1,-10,-2,-6,-4,-4,-6,-1,-6,1,-7,4,-7,6,-8,8,-8,10,-84,10,-8,14,-8,16,-7,16,-6,16,-6,14,-5,12,-4,9,-3,-3,-3,-2,-4,-2,-6,0,-6,4,-2,10,6,10,20,12,12,-7,2,-15,-9,-12,-16,-1,-13,12,0,18,13,12,19,0,12,-14,0,-18,-13,-12,-16,0,-10,10,-5,4,6,8,7,2,5,0,3,-2,3,-2,3,-4,0,0,-2,-7,-8,-5,-11,0,-9,8,-2,14,6,13,21,-15,16,-4,9,-14,-2,-17,-13,-12,-18,0,-12,12,0,17,12,12,17,0,11,-12,-1,-16,-12,-9,-14,4,-14,25,6,11,12,0,6,-10,-6,-10,-12,0,-6,10,4,12]"
CSI_DATA,114759,d8:b1:90:d9:de:f0,-58,11,-99,-36,60,56,1712533977,100,0,228,0,"[-19,-2,-20,-2,-20,-2,-19,-1,-18,-1,-16,0,-14,0,67,-4,-9,0,-8,1,-6,0,-4,0,-3,0,-2,0,0,0,0,0,2,-1,4,-1,5,-1,7,0,8,0,43,4,12,3,12,4,13,7,13,9,14,12,13,14,0,0,12,19,12,21,12,23,12,24,11,24,11,24,-75,0,10,21,9,18,9,15,9,12,7,7,7,4,6,0,4,-2,4,-5,2,-7,1,-10,0,-12,0,-14,-4,10,-3,-17,-4,-18,-4,-18,-4,-17,-3,-16,-2,-13,-2,-10,4,-1,3,-2,3,-2,3,-5,0,-8,-7,-7,-12,0,-23,10,0,15,11,12,16,0,12,-12,-1,-19,-14,-12,-19,2,-12,16,2,20,16,12,19,-2,12,-13,0,-16,1,-9,-10,-2,-7,2,-4,4,-2,4,-1,5,0,7,0,0,9,2,11,-3,7,-9,0,-13,-9,-12,-14,-4,-5,29,-9,14,2,17,13,12,19,0,14,-12,2,-19,-11,-15,-18,-3,-15,11,-2,17,11,13,16,0,10,-12,-4,-31,-12,-6,-11,6,0,12,10,5,10,-7,0,-13,-11,-7]"
CSI_DATA,114760,d8:b1:90:d9:de:f0,-58,11,-99,-36,60,56,1712544003,100,0,228,0,"[-14,-11,-14,-13,-14,-13,-14,-12,-13,-12,-12,-10,-11,-9,67,-4,-8,-6,-7,-4,-5,-3,-3,-3,-2,-2,-1,-1,0,0,0,0,2,0,2,2,2,4,2,6,2,7,43,4,0,11,-2,12,-4,14,-7,14,-10,14,-12,14,0,0,-18,13,-21,12,-22,11,-24,10,-24,8,-24,8,-90,9,-21,5,-19,5,-16,5,-13,4,-9,4,-6,4,-3,6,0,5,2,6,4,7,7,7,9,7,12,7,-67,0,15,8,16,9,16,9,15,9,13,8,11,8,8,7,4,0,4,0,4,0,5,-2,4,-6,0,-9,-8,-9,-22,-8,-11,9,-1,15,10,13,17,1,14,-12,1,-19,-12,-15,-19,-2,-16,11,-4,20,9,16,17,5,14,-6,7,-2,-2,-10,-4,-6,-5,-2,-4,-1,-4,0,-6,1,0,0,-2,8,2,10,9,7,12,0,12,-7,5,-14,-26,-8,-12,-11,-16,-2,-16,9,-6,17,6,17,16,9,17,-3,10,-15,-2,-17,-14,-10,-16,2,-9,14,4,16,28,15,13,-5,2,-13,-9,-8,-12,4,-3,12,9,9,13,-1]"
CSI_DATA,114761,d8:b1:90:d9:de:f0,-59,11,-99,-38,61,56,1712554094,100,0,228,0,"[14,11,14,12,14,12,14,12,13,11,12,9,10,8,64,-4,7,5,6,4,4,3,3,2,2,2,0,1,0,0,-2,0,-2,0,-4,-2,-5,-3,-5,-4,-5,-6,41,4,-3,-10,-2,-12,0,-14,2,-14,4,-16,6,-17,0,0,11,-18,14,-18,16,-18,18,-17,18,-17,18,-16,29,0,16,-14,15,-12,12,-11,9,-10,6,-8,2,-6,0,-6,-2,-4,-5,-3,-8,-2,-10,0,-12,0,-14,2,22,10,-16,3,-17,3,-17,4,-17,3,-14,2,-12,2,-9,1,-5,0,-4,0,-3,0,-4,2,-4,6,0,9,8,8,22,8,10,-10,0,-15,-10,-11,-16,0,-12,12,0,18,13,13,19,0,13,-13,0,-18,-12,-13,-16,-2,-12,8,-8,3,2,10,6,5,6,2,5,0,6,-1,6,-4,0,0,-1,-10,-7,-8,-11,-2,-11,5,-7,12,0,14,27,-4,15,4,14,-6,8,-14,-2,-16,-12,-12,-17,0,-13,11,-2,17,11,13,16,1,12,-10,0,-16,-11,-10,-30,4,-6,11,5,11,11,0,5,-9,-5,-10,-12,-1,-8,8]"
CSI_DATA,114762,d8:b1:90:d9:de:f0,-59,9,-99,-37,60,56,1712565666,98,0,106,0,"[67,10,-3,10,76,10,17,10,-84,10,54,10,-59,10,90,10,-35,10,-58,10,-20,10,-29,10,-5,10,-3,10,10,0,27,0,44,0,45,0,83,0,47,0,-61,0,16,0,-28,0,-29,10,-4,0,-87,10,0,0,0,0,-20,0,-11,10,-31,0,-59,10,-64,0,-75,10,-85,0,-47,10,80,0,13,10,72,0,88,10,63,0,-24,10,61,0,42,0,61,0,-87,0,62,0,-37,0,60,0,4,0,66,0,12,0,67,0]"
CSI_DATA,114763,d8:b1:90:d9:de:f0,-59,11,-99,-35,60,56,1712586226,100,0,228,0,"[15,-9,17,-9,17,-9,17,-9,15,-8,13,-8,12,-6,66,-4,8,-5,6,-4,5,-3,4,-2,2,-1,2,0,1,1,0,2,-1,2,-2,3,-4,4,-6,4,-8,4,42,4,-11,1,-13,0,-15,-2,-15,-4,-16,-7,-17,-9,0,0,-17,-15,-17,-17,-17,-19,-16,-20,-15,-21,-14,-21,33,10,-13,-19,-11,-17,-10,-13,-8,-10,-8,-7,-6,-3,-5,0,-4,2,-3,5,-1,7,0,9,0,11,1,13,6,0,3,17,4,17,4,18,2,17,2,15,2,13,1,10,-3,4,-1,4,0,4,0,6,5,6,10,2,11,-6,13,-19,-6,-13,-15,-4,-14,8,-4,16,9,15,18,4,16,-10,4,-19,-10,-17,-19,-5,-16,8,-6,16,5,14,1,10,11,-1,6,-4,3,-5,1,-6,0,-6,-2,-6,0,0,-10,0,-8,6,-4,11,3,13,11,9,15,0,0,-29,6,-16,-4,-16,-15,-10,-18,1,-13,13,0,18,12,14,17,2,14,-11,2,-17,-11,-13,-16,0,-11,11,4,30,11,6,11,-5,0,-11,-9,-5,-9,5,0,12,9,8]"
CSI_DATA,114764,d8:b1:90:d9:de:f0,-59,11,-99,-35,60,56,1712596952,100,0,228,0,"[2,17,2,19,2,19,2,19,2,17,2,15,2,13,66,-4,2,9,2,7,2,5,2,4,0,3,0,2,0,0,0,0,-1,-2,-2,-3,-1,-5,0,-6,0,-8,42,4,2,-11,5,-11,7,-12,9,-12,12,-12,15,-12,0,0,19,-11,22,-9,22,-8,24,-8,24,-7,24,-7,-88,0,22,-6,18,-6,15,-6,12,-6,8,-6,5,-6,2,-6,0,-6,-4,-4,-6,-4,-8,-4,-11,-4,-13,-3,26,10,-17,-2,-17,-2,-18,-1,-17,-1,-15,-1,-13,-2,-10,-1,-2,-4,-2,-2,-2,-2,-5,-2,-8,1,-6,7,0,11,13,19,14,-1,9,-11,-2,-16,-13,-10,-17,2,-10,15,4,19,16,11,19,-3,11,-15,-2,-18,-13,-11,-15,0,-8,-2,-2,10,2,7,4,4,4,2,4,1,6,0,0,0,3,-8,-2,-10,-8,-7,-13,-1,-11,6,-5,13,27,8,12,10,16,0,13,-10,4,-17,-8,-16,-17,-6,-16,6,-7,16,6,16,15,7,15,-6,5,-15,-8,-13,-30,-4,-10,9,2,13,11,4,8,-7,-2,-11,-12,-4,-11,7]"
CSI_DATA,114765,d8:b1:90:d9:de:f0,-59,11,-99,-36,60,56,1712615712,100,0,228,0,"[15,9,16,11,17,11,16,10,15,9,14,7,12,7,67,-4,9,3,7,2,5,2,4,2,2,1,1,1,0,0,-1,0,-3,0,-4,0,-5,-1,-7,-2,-7,-4,43,4,-7,-8,-7,-11,-6,-13,-4,-15,-3,-17,-2,-19,0,0,1,-22,3,-23,4,-24,5,-25,7,-26,7,-24,63,0,6,-22,4,-19,3,-16,1,-14,0,-10,-2,-7,-2,-4,-4,-1,-5,1,-7,3,-8,6,-8,9,-9,11,87,10,-9,14,-9,15,-9,16,-9,15,-8,13,-7,11,-6,8,-5,0,-4,0,-3,0,-4,2,-2,7,2,9,10,6,24,2,8,-12,-4,-14,-14,-8,-16,4,-8,16,6,18,17,8,19,-7,8,-18,-7,-19,-16,-9,-16,4,-9,12,-7,7,7,7,7,3,6,0,4,-2,4,-4,3,-6,0,0,-6,-7,-11,-2,-12,4,-7,10,0,14,9,12,21,-19,15,-5,8,-14,-1,-17,-13,-13,-18,-1,-14,11,-2,18,11,14,17,3,14,-10,2,-16,-11,-12,-16,0,-18,24,3,13,12,4,8,-7,-2,-11,-11,-2,-9,9,2,13]"
CSI_DATA,114766,d8:b1:90:d9:de:f0,-58,11,-99,-37,60,56,1712634012,100,0,228,0,"[-18,-3,-20,-4,-20,-3,-19,-2,-18,-2,-16,-1,-14,0,69,-5,-10,0,-8,0,-6,1,-5,0,-2,0,-2,0,0,0,0,-1,2,-1,3,-1,5,-1,7,0,8,0,45,4,11,2,12,5,13,7,13,9,13,11,14,14,0,0,14,18,13,21,14,22,13,23,13,24,13,24,-40,0,12,20,11,17,10,14,10,10,9,7,8,3,6,0,5,-2,3,-5,1,-8,0,-10,-1,-12,-2,-14,-38,10,-6,-17,-7,-17,-8,-18,-7,-16,-6,-15,-5,-12,-4,-10,5,-1,3,-2,3,-2,3,-5,0,-8,-6,-8,-12,-1,-23,8,-1,15,10,12,17,0,13,-12,0,-19,-14,-13,-20,2,-13,16,2,21,16,12,19,-2,11,-13,0,-16,1,-8,-10,-2,-8,2,-4,5,-2,5,-1,5,1,7,0,0,9,2,10,-4,6,-10,-1,-13,-10,-10,-15,-2,-2,29,-7,16,4,17,14,10,18,0,13,-13,0,-19,-13,-14,-18,-1,-13,13,0,18,13,12,16,-2,9,-13,-10,-31,-13,-4,-10,8,2,11,11,4,9,-8,-2,-13,-12,-5]"
CSI_DATA,114767,d8:b1:90:d9:de:f0,-58,11,-99,-37,60,56,1712644060,100,0,228,0,"[7,-17,8,-18,9,-18,8,-17,8,-16,8,-14,6,-12,69,-5,4,-9,3,-8,2,-5,2,-4,2,-3,1,-1,1,0,0,0,0,2,-1,3,-2,5,-5,5,-7,5,45,4,-11,4,-13,2,-16,0,-17,-2,-18,-4,-18,-7,0,0,-19,-12,-19,-15,-19,-17,-18,-18,-18,-21,-17,-21,0,10,-14,-18,-12,-16,-10,-13,-9,-10,-8,-7,-7,-3,-6,0,-5,1,-4,4,-3,7,-2,10,-1,12,0,14,-13,10,0,18,0,18,0,19,-1,17,-2,16,-2,13,-2,10,0,5,0,4,1,5,4,5,8,2,10,-3,6,-10,2,-24,-13,-8,-16,3,-9,14,4,17,15,10,18,-4,10,-17,-3,-20,-17,-12,-20,1,-13,14,0,18,10,12,4,8,10,-4,5,-7,0,-6,0,-5,-1,-5,-4,-5,0,0,-10,0,-8,6,-2,11,4,13,12,9,16,0,-2,-29,5,-16,-5,-17,-16,-10,-18,1,-13,13,-1,19,11,16,18,3,15,-9,3,-17,-9,-14,-16,-2,-12,10,0,31,10,8,11,-2,2,-11,-8,-8,-11,2,-4,11,7,10]"
CSI_DATA,114768,d8:b1:90:d9:de:f0,-59,11,-99,-36,60,56,1712664126,100,0,228,0,"[18,4,19,5,20,5,19,4,18,4,16,3,14,2,67,-4,9,0,7,0,6,0,4,0,3,0,2,0,0,0,-1,1,-3,1,-4,1,-5,1,-7,0,-9,0,43,4,-10,-4,-11,-7,-12,-9,-11,-11,-12,-14,-10,-16,0,0,-9,-21,-8,-22,-8,-24,-7,-25,-6,-25,-6,-25,-71,10,-6,-22,-5,-19,-6,-16,-6,-12,-5,-8,-5,-4,-4,-2,-4,1,-4,4,-4,7,-3,9,-1,12,0,14,-9,10,0,17,1,18,2,18,1,18,1,16,1,13,0,10,-5,0,-3,2,-3,2,-3,4,0,7,6,8,12,2,24,-5,3,-14,-9,-13,-16,-2,-14,10,-1,18,12,14,19,1,14,-13,0,-20,-13,-14,-19,-1,-13,10,-2,15,-3,9,9,4,8,0,5,-3,3,-4,2,-5,0,-7,0,0,-9,-3,-12,2,-8,9,-2,13,7,12,14,6,9,-27,10,-12,0,-16,-10,-14,-18,-4,-16,9,-6,17,7,16,16,6,16,-7,5,-16,-8,-14,-16,-4,-13,9,0,31,11,8,12,-3,2,-11,-8,-7,-10,4,-2,12,9,9]"
CSI_DATA,114769,d8:b1:90:d9:de:f0,-59,11,-99,-38,61,56,1712674120,100,0,228,0,"[-5,-17,-5,-18,-5,-18,-5,-18,-4,-16,-4,-14,-4,-13,64,-4,-4,-9,-3,-7,-2,-5,-2,-4,-1,-3,0,-1,0,0,0,0,0,2,0,4,0,5,-1,6,-2,7,41,4,-6,8,-8,8,-11,7,-13,6,-16,4,-18,3,0,0,-21,0,-23,-2,-24,-4,-24,-5,-24,-6,-24,-7,-77,9,-21,-7,-18,-6,-16,-5,-14,-2,-11,-1,-8,2,-6,3,-3,6,-1,7,0,8,2,10,4,12,5,13,56,0,8,15,8,16,8,16,7,15,6,13,5,12,3,9,4,2,3,0,2,2,4,2,7,-1,6,-7,0,-12,-13,-20,-14,0,-10,11,0,16,12,11,18,-1,12,-14,-1,-18,-14,-13,-18,0,-14,13,0,18,10,13,14,2,6,2,4,-8,0,-7,-2,-4,-2,-3,-3,-3,-5,-2,0,0,-6,6,-2,9,4,10,9,7,12,0,12,-8,-17,-20,-2,-14,-11,-10,-16,-2,-14,8,-6,16,6,16,15,7,16,-5,8,-15,-5,-16,-14,-7,-15,6,-6,15,14,28,14,2,10,-10,-3,-12,-12,-4,-9,8,0,14,11,7]"
CSI_DATA,114770,d8:b1:90:d9:de:f0,-59,11,-99,-35,60,56,1712693752,100,0,228,0,"[15,-10,17,-11,17,-11,16,-10,14,-10,13,-9,11,-8,66,-4,6,-6,5,-5,4,-4,3,-2,2,-2,1,0,0,0,0,2,0,4,-1,4,-2,5,-4,6,-6,6,42,4,-9,6,-12,5,-14,4,-15,2,-17,0,-19,0,0,0,-22,-4,-23,-6,-24,-7,-24,-8,-24,-9,-24,-9,-70,9,-21,-8,-18,-6,-15,-4,-13,-2,-10,0,-7,1,-4,2,-1,4,2,6,4,6,6,7,8,8,11,8,-57,0,15,8,16,8,17,7,15,7,14,6,11,6,8,4,-2,4,0,4,0,4,1,6,5,5,10,1,10,-7,11,-21,-8,-11,-15,-2,-13,11,0,17,12,13,19,0,13,-14,-1,-19,-15,-13,-19,0,-13,13,0,17,9,11,4,10,9,-4,4,-6,1,-6,-1,-6,-3,-6,-6,-4,0,0,-8,4,-4,11,3,12,10,8,14,0,13,-8,-17,-24,-4,-15,-13,-10,-17,0,-13,12,-2,18,11,15,18,3,15,-10,3,-17,-10,-14,-17,-1,-12,11,0,15,25,17,13,-3,2,-11,-8,-7,-9,3,-1,11,10,7,13,-3]"
CSI_DATA,114771,d8:b1:90:d9:de:f0,-58,11,-99,-37,60,56,1712704466,100,0,228,0,"[-8,-17,-9,-18,-9,-18,-9,-16,-9,-16,-8,-13,-8,-11,69,-5,-6,-8,-5,-5,-4,-4,-2,-2,-2,-2,0,-1,0,0,1,0,2,0,3,2,4,3,5,5,5,7,45,4,4,10,3,13,2,15,0,16,0,18,-2,20,0,0,-5,23,-7,24,-8,24,-10,25,-10,25,-10,24,80,10,-8,21,-6,19,-4,17,-2,14,0,10,2,8,3,5,5,1,7,-1,7,-3,8,-6,9,-9,9,-11,-90,0,9,-16,9,-16,8,-17,8,-16,7,-14,6,-12,5,-9,4,3,4,1,4,1,6,0,7,-5,2,-10,-6,-10,-21,-13,-13,8,-2,16,10,13,18,2,14,-12,0,-19,-13,-14,-20,0,-14,14,0,20,13,13,18,0,13,-10,8,-4,-5,-10,-7,-4,-6,0,-5,1,-5,2,-4,5,0,0,4,8,10,5,12,-1,10,-9,2,-14,-7,-13,-24,16,-16,4,-10,13,0,18,12,14,18,2,15,-11,2,-18,-10,-16,-18,-2,-14,11,-1,17,11,11,16,-1,18,-26,-5,-13,-13,-2,-8,9,4,10,12,1,8,-10,-3,-13]"
CSI_DATA,114772,d8:b1:90:d9:de:f0,-58,11,-99,-36,60,56,1712714591,100,0,228,0,"[-3,-18,-3,-19,-4,-19,-4,-18,-4,-17,-4,-14,-4,-12,67,-4,-4,-8,-3,-7,-2,-4,-2,-4,-1,-2,0,-1,0,-1,1,0,2,1,4,2,4,3,5,5,5,7,43,4,4,10,4,12,2,14,2,16,0,17,-1,19,0,0,-3,23,-4,24,-5,25,-6,26,-7,25,-6,25,60,10,-4,22,-2,20,-1,17,0,14,1,10,3,7,4,3,4,0,4,-2,5,-5,4,-8,4,-11,4,-13,73,0,2,-17,2,-18,1,-18,1,-17,0,-15,0,-12,0,-10,2,4,3,2,4,2,6,0,7,-3,4,-9,-3,-12,-16,-16,-14,5,-5,15,7,14,16,4,15,-9,3,-18,-11,-15,-19,-2,-15,12,-2,19,12,14,17,2,12,-9,9,-4,-4,-9,-7,-4,-7,0,-5,0,-5,2,-4,6,0,0,5,8,10,4,11,-2,8,-11,0,-14,-9,-12,-21,20,-14,7,-7,15,4,17,14,10,18,-2,12,-14,-1,-18,-14,-11,-17,2,-10,14,4,16,14,7,14,-6,7,-29,-9,-9,-12,2,-3,10,8,7,11,-3,3,-12,-8,-9]"
CSI_DATA,114773,d8:b1:90:d9:de:f0,-58,11,-99,-37,60,56,1712734541,100,0,228,0,"[-10,16,-11,17,-11,16,-10,16,-9,16,-8,14,-6,13,69,-5,-3,9,-2,8,-2,5,-1,4,-1,2,-1,1,0,0,0,-1,0,-2,0,-3,1,-5,2,-6,4,-8,45,4,8,-8,10,-8,13,-8,15,-8,17,-6,19,-5,0,0,23,-2,24,-1,26,-1,27,0,27,0,26,0,-81,0,23,0,20,0,17,-1,13,-2,10,-3,7,-4,3,-5,0,-5,-2,-5,-6,-5,-8,-5,-10,-5,-13,-5,40,10,-17,-4,-18,-4,-18,-3,-18,-3,-16,-2,-13,-3,-10,-2,0,-5,0,-4,0,-5,-3,-5,-8,-3,-10,2,-7,10,-1,25,13,8,16,-4,8,-15,-6,-17,-17,-7,-18,8,-7,19,8,18,19,7,18,-8,7,-18,-6,-16,-14,-7,-6,-5,-7,8,0,8,2,5,2,4,4,3,6,1,0,0,7,-7,1,-10,-5,-10,-12,-5,-14,2,-10,12,24,17,9,15,17,5,17,-7,9,-16,-4,-18,-16,-10,-18,2,-10,15,3,18,15,10,17,-4,8,-15,-6,-15,-30,-9,-10,8,0,12,10,5,9,-7,-2,-12,-12,-5,-11,7]"
CSI_DATA,114774,d8:b1:90:d9:de:f0,-58,11,-99,-36,60,56,1712753942,100,0,228,0,"[12,13,13,14,14,14,13,13,12,12,12,11,10,9,67,-4,8,5,7,4,5,2,4,2,2,1,2,0,0,0,0,0,-1,0,-2,-2,-3,-3,-3,-5,-4,-7,43,4,-3,-11,-2,-13,-1,-15,0,-16,2,-18,4,-19,0,0,7,-22,9,-22,10,-23,12,-24,12,-23,12,-23,-49,0,10,-20,8,-18,7,-16,4,-14,1,-11,-1,-8,-3,-5,-4,-3,-7,0,-9,1,-9,3,-11,5,-12,7,50,10,-14,11,-14,12,-14,12,-13,12,-12,9,-11,8,-9,6,-4,-2,-4,0,-4,0,-6,2,-6,7,0,11,8,9,24,8,11,-10,0,-16,-12,-12,-18,0,-12,14,2,19,16,12,20,-2,12,-16,-2,-20,-14,-12,-17,1,-11,11,-4,4,6,9,7,2,5,0,4,-1,4,-2,4,-4,0,0,-2,-8,-7,-6,-11,0,-11,7,-4,13,4,14,25,-12,17,0,13,-12,2,-18,-9,-16,-18,-5,-16,8,-6,17,7,16,16,6,16,-7,4,-16,-9,-14,-16,-2,-24,19,1,14,12,6,10,-7,0,-12,-12,-6,-12,6,-2,13]"
CSI_DATA,114775,d8:b1:90:d9:de:f0,-58,11,-99,-36,60,56,1712774254,100,0,228,0,"[-17,5,-19,6,-19,7,-17,7,-16,7,-14,7,-12,7,67,-4,-7,6,-6,5,-4,4,-3,2,-2,2,-1,1,-1,0,0,-1,0,-2,2,-3,2,-4,4,-5,6,-5,43,4,9,-5,12,-5,14,-4,16,-3,18,-2,19,-1,0,0,23,1,25,2,26,2,26,3,26,2,26,2,89,0,22,0,20,0,17,-1,14,-2,9,-3,6,-4,2,-5,0,-5,-3,-5,-6,-4,-9,-4,-11,-4,-13,-2,38,10,-17,0,-19,0,-19,0,-17,0,-15,0,-14,0,-10,0,4,-2,2,-3,2,-4,0,-7,-4,-7,-10,-3,-12,6,-14,20,7,13,16,3,14,-10,2,-18,-12,-14,-19,0,-13,14,1,20,15,13,20,-1,12,-14,0,-18,-11,-11,-4,-7,-8,7,-3,8,0,6,2,4,3,4,6,3,0,0,7,-5,3,-9,-4,-11,-11,-7,-14,1,-11,11,22,19,8,15,16,6,17,-6,9,-16,-4,-18,-16,-9,-18,4,-9,16,4,17,16,8,16,-6,4,-16,-8,-14,-31,-2,-9,9,4,12,11,2,7,-9,-4,-10,-13,-1,-8,9]"
CSI_DATA,114776,d8:b1:90:d9:de:f0,-59,11,-99,-36,60,56,1712793941,100,0,228,0,"[3,17,4,19,4,19,4,18,4,16,4,14,4,12,67,-4,4,8,4,7,3,5,2,4,2,3,1,2,0,0,0,0,-1,-2,-2,-2,-2,-4,-2,-5,-2,-7,43,4,-1,-12,0,-12,2,-14,3,-16,5,-17,7,-18,0,0,11,-20,13,-19,14,-20,16,-20,16,-20,15,-20,-18,0,13,-18,10,-16,8,-14,5,-12,2,-9,0,-7,-2,-5,-4,-3,-6,-1,-8,0,-9,3,-10,5,-12,8,55,10,-12,12,-13,12,-13,12,-12,13,-11,11,-9,9,-7,7,-2,-4,-2,-2,-3,-2,-6,-1,-7,2,-4,9,3,12,17,17,14,-4,7,-14,-6,-16,-16,-6,-16,8,-5,18,9,16,19,5,16,-10,4,-19,-9,-16,-16,-4,-14,6,-6,2,2,10,5,5,5,1,4,0,4,-1,4,-2,0,0,-1,-9,-6,-8,-12,-2,-12,5,-7,12,2,14,26,-8,16,0,14,-9,4,-17,-8,-16,-17,-7,-17,7,-7,16,6,16,16,7,16,-7,5,-15,-8,-14,-16,-2,-23,20,2,14,11,5,9,-6,-1,-11,-11,-4,-10,7,0,13]"
CSI_DATA,114777,d8:b1:90:d9:de:f0,-58,11,-99,-36,60,56,1712804275,100,0,228,0,"[-19,-1,-20,-1,-20,0,-19,0,-18,0,-16,1,-14,1,67,-4,-9,2,-7,2,-5,2,-4,1,-2,0,-1,0,0,-1,0,-1,2,-2,3,-2,4,-3,7,-3,8,-3,43,4,11,-1,13,0,14,2,16,4,16,5,18,7,0,0,19,12,20,13,21,14,21,16,21,16,21,16,62,0,19,13,16,10,15,7,13,5,11,2,7,0,4,-2,2,-4,0,-7,-2,-7,-5,-8,-8,-9,-10,-10,53,10,-14,-9,-16,-9,-16,-9,-15,-8,-14,-7,-12,-6,-9,-4,4,-2,3,-2,3,-3,2,-5,-1,-8,-8,-7,-12,0,-21,12,1,14,13,9,16,-2,9,-14,-4,-18,-16,-9,-18,7,-7,19,7,19,18,7,17,-7,7,-16,-4,-14,0,-9,-10,0,-7,5,-3,5,0,6,0,7,4,6,0,0,9,-1,7,-7,1,-12,-7,-11,-13,-4,-14,4,10,26,0,16,11,13,17,2,15,-9,5,-17,-8,-16,-17,-6,-16,7,-5,17,9,15,17,3,13,-9,0,-15,-24,-19,-13,3,-4,12,8,8,11,-3,2,-12,-9,-9,-12,2]"
CSI_DATA,114778,d8:b1:90:d9:de:f0,-59,11,-99,-34,60,56,1712824099,100,0,228,0,"[18,-2,19,-2,20,-2,19,-2,17,-2,15,-3,13,-3,64,-4,8,-3,6,-2,5,-2,4,-1,2,0,1,0,0,0,0,2,-2,2,-4,2,-5,3,-6,3,-8,2,41,4,-11,0,-12,-2,-13,-4,-14,-6,-14,-8,-14,-11,0,0,-15,-15,-14,-18,-15,-19,-14,-20,-14,-20,-14,-20,46,10,-12,-18,-12,-15,-10,-12,-10,-9,-8,-6,-7,-2,-5,0,-4,3,-2,6,-1,8,0,10,2,12,4,14,28,0,6,16,8,16,8,16,8,15,7,14,6,11,4,8,-4,2,-2,3,-2,2,-2,4,2,8,8,6,12,-2,20,-14,-2,-14,-13,-9,-16,3,-9,14,4,17,16,8,18,-6,8,-18,-6,-18,-17,-8,-17,5,-8,14,2,14,0,9,10,0,6,-3,4,-4,2,-5,0,-6,-2,-7,0,0,-9,0,-9,6,-4,11,2,12,10,8,14,0,0,-28,5,-14,-4,-15,-13,-9,-17,1,-12,13,0,18,12,12,17,1,12,-12,0,-17,-12,-11,-16,2,-8,13,10,29,13,4,10,-8,-2,-11,-10,-4,-8,8,2,12,12,6]"
CSI_DATA,114779,d8:b1:90:d9:de:f0,-59,11,-99,-39,61,56,1712844710,100,0,228,0,"[-14,-11,-15,-13,-15,-13,-14,-13,-13,-12,-12,-10,-10,-8,66,-4,-7,-6,-6,-4,-4,-4,-2,-3,-2,-2,-1,-1,0,0,2,0,2,1,3,3,3,4,4,6,3,7,42,4,0,11,-2,13,-4,13,-6,14,-9,15,-12,14,0,0,-17,13,-19,13,-21,12,-23,11,-24,9,-24,8,-85,9,-21,6,-18,6,-16,6,-12,6,-8,5,-5,5,-2,5,0,5,3,6,6,6,8,6,11,6,13,6,-28,0,16,6,17,6,17,6,16,6,14,6,12,5,8,4,4,0,3,0,4,0,5,-1,4,-6,0,-10,-7,-9,-22,-8,-12,9,-2,15,10,13,17,2,14,-11,2,-19,-12,-15,-19,-2,-16,11,-3,19,9,15,16,4,13,-6,8,-1,-1,-10,-4,-6,-4,-2,-4,-1,-5,0,-6,2,0,0,-2,9,4,10,10,6,12,0,11,-8,4,-13,-26,-6,-12,-9,-16,0,-13,10,-4,17,6,16,16,7,17,-4,9,-15,-4,-17,-14,-8,-16,4,-8,14,5,15,29,11,12,-7,0,-13,-10,-6,-11,5,-1,12,10,8,13,-2]"
CSI_DATA,114780,d8:b1:90:d9:de:f0,-59,11,-99,-35,60,56,1712864172,100,0,228,0,"[-11,13,-13,14,-13,14,-13,13,-12,12,-11,11,-9,9,66,-4,-6,7,-4,6,-4,4,-3,3,-2,2,-1,2,0,1,0,0,1,-1,2,-1,4,-1,6,-1,7,0,42,4,10,2,11,5,11,7,11,10,11,13,11,15,0,0,8,20,6,22,5,24,4,25,2,25,1,24,-11,10,0,22,1,19,2,16,2,13,3,10,4,6,5,4,6,2,7,0,8,-2,9,-4,10,-6,11,-8,-41,0,13,-11,13,-11,13,-11,13,-10,12,-8,11,-7,8,-4,1,-4,0,-3,0,-4,-1,-6,-5,-5,-10,0,-9,7,-11,22,7,12,15,3,13,-8,4,-17,-9,-15,-17,-4,-16,10,-4,19,9,17,18,6,17,-7,6,-15,-4,-14,-1,-6,-10,0,-5,4,-2,4,-1,3,0,4,0,5,0,0,6,4,9,0,9,-6,4,-11,-3,-13,-11,-8,-13,22,-13,8,-6,15,4,16,13,10,17,-1,13,-13,1,-17,-11,-13,-17,-2,-13,10,-1,16,10,12,15,0,22,-21,-2,-14,-12,-6,-11,6,0,12,11,7,13,-4,4,-13]"
CSI_DATA,114781,d8:b1:90:d9:de:f0,-59,11,-99,-39,61,56,1712874404,100,0,228,0,"[-1,-17,0,-19,0,-19,0,-18,0,-17,0,-15,0,-13,66,-4,0,-9,0,-7,0,-6,0,-4,0,-3,0,-2,0,0,0,0,0,2,0,3,-1,4,-2,6,-3,7,42,4,-8,8,-10,7,-13,6,-15,5,-17,4,-19,2,0,0,-22,-2,-23,-4,-24,-5,-25,-6,-24,-8,-24,-8,-72,9,-19,-8,-18,-6,-15,-6,-13,-4,-11,-1,-8,0,-6,2,-3,4,-1,6,0,8,2,9,4,11,5,13,44,0,7,15,8,15,8,16,6,15,6,14,4,13,2,10,2,4,2,3,3,3,6,2,8,-1,7,-7,1,-12,-8,-22,-15,-1,-12,10,-1,17,11,13,18,1,15,-11,2,-19,-12,-16,-19,-2,-16,11,-4,18,8,15,14,5,6,4,6,-8,0,-8,-2,-5,-2,-4,-3,-3,-5,-2,0,0,-7,5,-4,9,2,11,9,9,14,2,13,-6,-15,-23,-2,-16,-13,-11,-17,-1,-15,9,-4,17,8,16,17,6,17,-6,7,-15,-6,-15,-15,-6,-14,6,-4,15,15,26,13,1,8,-9,-3,-11,-11,-2,-8,8,2,13,11,6]"
CSI_DATA,114782,d8:b1:90:d9:de:f0,-58,11,-99,-36,60,56,1712894145,100,0,228,0,"[-9,16,-9,17,-9,17,-9,17,-7,16,-6,14,-4,12,67,-4,-2,9,-1,7,-1,6,0,4,0,3,0,2,0,0,0,-1,0,-2,0,-4,0,-5,0,-7,2,-8,43,4,6,-10,8,-10,10,-10,12,-11,14,-10,17,-9,0,0,21,-8,23,-7,25,-7,25,-7,26,-6,25,-6,83,0,21,-6,19,-6,15,-7,12,-7,8,-6,4,-6,2,-5,-2,-4,-4,-4,-7,-3,-9,-2,-12,-1,-14,0,26,10,-17,2,-18,2,-18,3,-17,3,-15,3,-13,2,-10,2,0,-4,0,-4,-1,-4,-4,-5,-8,-2,-9,4,-5,12,1,25,14,6,14,-7,5,-16,-8,-15,-18,-4,-16,9,-4,19,12,16,20,3,16,-12,3,-19,-9,-14,-15,-4,-7,-3,-4,9,1,8,3,5,4,3,4,2,7,0,0,0,4,-8,0,-11,-8,-9,-13,-2,-13,7,-7,14,27,10,13,11,17,0,14,-11,3,-19,-9,-15,-18,-4,-16,9,-4,17,9,15,17,4,14,-9,1,-16,-11,-11,-31,2,-7,12,6,11,12,0,5,-9,-7,-10,-13,0,-7,11]"
CSI_DATA,114783,d8:b1:90:d9:de:f0,-58,11,-99,-36,60,56,1712904161,100,0,228,0,"[12,-14,12,-15,14,-15,13,-14,12,-14,10,-12,8,-11,67,-4,5,-7,4,-6,3,-5,2,-4,2,-2,0,-1,0,0,0,1,-2,2,-2,2,-4,3,-5,3,-7,3,43,4,-11,1,-12,0,-14,-2,-14,-4,-15,-8,-16,-10,0,0,-16,-16,-15,-18,-14,-19,-14,-21,-13,-21,-12,-21,41,10,-10,-19,-9,-17,-9,-14,-8,-11,-7,-7,-7,-4,-6,0,-6,2,-5,4,-5,7,-4,9,-4,12,-3,14,-33,10,-3,17,-3,19,-2,18,-2,17,-2,15,-2,12,-2,9,-1,4,0,3,0,4,2,5,6,5,10,0,9,-8,7,-23,-9,-11,-16,-1,-12,11,0,17,12,14,19,0,14,-13,0,-20,-13,-14,-19,-1,-14,12,-2,17,7,13,2,7,9,-2,4,-5,2,-4,0,-4,0,-4,-2,-5,0,0,-9,-1,-9,4,-4,9,2,13,9,10,14,2,2,-27,8,-14,-1,-16,-12,-12,-17,-2,-15,9,-4,17,8,16,16,6,16,-7,5,-16,-7,-15,-16,-4,-14,9,-5,31,9,10,13,-2,4,-12,-7,-9,-12,1,-7,12,5,12]"
CSI_DATA,114784,d8:b1:90:d9:de:f0,-59,11,-99,-39,61,56,1712924463,100,0,228,0,"[0,-18,0,-19,0,-19,0,-19,0,-17,-1,-15,-1,-13,66,-4,-2,-9,-2,-7,-2,-6,-1,-4,0,-2,0,-1,0,0,1,0,1,2,2,3,1,5,1,6,0,8,42,4,-2,11,-4,11,-6,12,-8,12,-11,13,-13,12,0,0,-18,12,-20,11,-22,11,-23,11,-23,10,-23,10,-75,9,-19,9,-17,8,-14,8,-11,8,-7,8,-4,6,0,6,2,6,5,4,8,3,9,2,12,1,14,0,-22,0,17,-2,18,-3,17,-4,17,-4,15,-3,12,-2,9,-2,2,4,2,2,2,2,4,2,8,0,8,-7,0,-11,-11,-22,-15,0,-11,11,0,16,13,11,18,-2,11,-15,-2,-19,-16,-11,-19,3,-11,15,3,18,13,10,15,0,8,0,1,-10,-3,-7,-4,-4,-4,-2,-5,-1,-6,1,0,0,-2,8,3,10,9,6,13,0,10,-8,3,-14,-27,-4,-13,-8,-16,2,-11,12,-1,17,10,14,17,2,15,-9,4,-17,-9,-14,-17,-2,-13,11,0,16,11,11,31,-2,6,-12,-6,-11,-12,0,-6,10,6,11,13,0,8,-10]"
CSI_DATA,114785,d8:b1:90:d9:de:f0,-59,11,-99,-39,61,56,1712944331,100,0,228,0,"[17,5,18,6,19,6,17,6,17,5,15,4,13,3,66,-4,9,2,8,1,6,0,4,0,3,0,2,0,0,0,0,0,-2,0,-3,-1,-4,-2,-6,-3,-6,-4,42,4,-6,-9,-6,-11,-5,-14,-4,-15,-2,-17,0,-19,0,0,3,-22,4,-23,6,-24,8,-24,8,-24,8,-23,-69,0,8,-21,6,-18,5,-16,2,-13,0,-11,-1,-8,-3,-5,-5,-3,-6,0,-8,1,-9,3,-11,5,-12,6,41,10,-14,10,-15,11,-14,11,-14,10,-13,8,-11,7,-8,5,-4,0,-3,1,-4,2,-4,4,-2,8,4,9,11,4,24,-2,6,-13,-5,-15,-15,-6,-15,6,-6,17,8,17,18,6,17,-8,6,-18,-8,-18,-17,-6,-16,5,-7,13,-4,6,7,7,8,1,5,-1,4,-2,4,-2,3,-4,0,0,-4,-8,-9,-4,-11,1,-9,8,-2,13,6,13,24,-15,15,-2,11,-12,1,-17,-10,-15,-17,-4,-15,8,-6,17,7,16,16,6,16,-7,5,-16,-8,-14,-15,-3,-25,17,0,14,11,7,11,-5,0,-12,-9,-7,-13,4,-4,13]"
CSI_DATA,114786,d8:b1:90:d9:de:f0,-59,11,-99,-39,61,56,1712954818,100,0,228,0,"[6,-17,6,-17,6,-18,6,-17,5,-16,4,-15,4,-13,66,-4,2,-8,1,-7,1,-6,0,-4,0,-3,0,-2,0,0,0,0,0,2,0,3,-1,5,-2,6,-4,6,42,4,-8,8,-11,7,-13,6,-15,6,-17,4,-19,3,0,0,-22,0,-24,-1,-24,-2,-25,-3,-25,-4,-24,-4,74,9,-21,-4,-19,-2,-16,-1,-13,0,-11,1,-7,2,-4,4,-2,5,0,6,3,7,5,8,8,8,9,9,-61,0,13,10,14,11,14,11,13,10,12,10,10,8,7,7,0,4,0,4,1,4,4,4,8,2,9,-5,4,-11,-2,-24,-13,-4,-14,6,-5,15,8,15,17,5,16,-8,5,-18,-9,-17,-19,-5,-17,9,-5,17,7,15,14,6,6,3,6,-8,0,-8,-2,-5,-2,-3,-3,-3,-5,-2,0,0,-7,5,-2,9,3,11,10,8,13,0,12,-9,-18,-19,-5,-15,-15,-8,-17,2,-12,13,0,18,12,13,17,1,13,-11,1,-17,-11,-13,-16,0,-11,11,1,15,24,18,13,-4,3,-12,-8,-8,-11,2,-3,11,8,9,13,0]"
CSI_DATA,114787,d8:b1:90:d9:de:f0,-58,11,-99,-36,60,56,1712973769,100,0,228,0,"[-6,-17,-6,-19,-6,-19,-6,-17,-6,-16,-6,-14,-6,-12,67,-4,-5,-9,-4,-7,-4,-5,-2,-4,-2,-3,-1,-2,0,0,0,0,0,1,1,3,1,4,1,7,0,7,43,4,-2,11,-3,12,-6,14,-8,14,-11,14,-12,14,0,0,-17,14,-19,15,-21,14,-22,14,-22,13,-22,13,-65,9,-19,12,-16,10,-14,10,-10,9,-7,8,-3,7,0,7,2,6,5,5,7,4,9,3,12,2,14,1,-20,0,17,0,18,0,18,-1,18,-1,15,0,14,0,10,0,2,3,2,2,3,2,6,1,7,-4,4,-9,-3,-12,-17,-16,-14,4,-7,14,5,16,16,7,17,-7,7,-18,-8,-18,-19,-6,-18,8,-7,19,7,17,16,7,14,-4,6,-2,-1,-10,-5,-6,-5,-1,-3,0,-4,0,-4,1,0,0,-2,8,2,10,9,6,12,0,11,-9,4,-14,-27,-2,-14,-8,-17,2,-12,14,0,18,12,14,19,2,14,-10,2,-18,-10,-14,-17,-2,-13,11,0,16,12,11,31,0,7,-12,-6,-12,-13,0,-7,10,4,12,14,2,9,-9]"
CSI_DATA,114788,d8:b1:90:d9:de:f0,-58,11,-99,-36,60,56,1712984005,100,0,228,0,"[9,16,9,17,9,17,9,16,9,15,9,13,8,11,67,-4,7,7,5,5,4,4,3,3,2,2,0,1,0,1,-1,0,-2,0,-3,-2,-4,-3,-4,-5,-4,-7,43,4,-3,-11,-2,-13,-1,-15,0,-16,2,-18,4,-19,0,0,8,-21,10,-22,11,-23,13,-24,13,-23,13,-22,-6,0,11,-20,9,-18,7,-16,4,-13,2,-10,0,-8,-2,-5,-4,-3,-6,0,-8,2,-8,4,-10,6,-11,8,50,10,-12,12,-12,13,-12,14,-12,13,-10,12,-9,9,-7,7,-4,-3,-4,-2,-4,-1,-6,0,-7,4,-2,11,6,10,21,13,13,-8,2,-16,-9,-14,-17,-2,-14,12,-1,19,13,14,20,0,14,-14,1,-20,-12,-14,-18,-1,-13,9,-7,4,4,9,7,4,7,1,5,0,5,-2,4,-4,0,0,-2,-9,-9,-6,-12,0,-11,7,-4,14,5,14,26,-12,16,-1,13,-12,2,-18,-9,-16,-17,-4,-16,8,-5,17,7,16,16,6,16,-8,4,-16,-9,-14,-16,-1,-23,22,2,14,12,5,9,-7,-1,-12,-11,-4,-10,7,0,13]"
CSI_DATA,114789,d8:b1:90:d9:de:f0,-59,11,-99,-36,61,56,1712999554,100,0,228,0,"[-17,-3,-17,-4,-18,-4,-17,-4,-16,-3,-13,-3,-12,-3,60,-4,-8,-1,-6,-1,-5,0,-4,0,-2,0,-1,0,0,0,1,0,2,0,3,1,4,2,5,4,5,5,39,3,3,9,3,11,1,13,-1,15,-3,16,-5,17,0,0,-10,17,-13,17,-15,17,-17,17,-18,15,-18,15,-41,8,-17,12,-15,11,-12,10,-9,8,-6,7,-3,6,0,5,2,5,4,4,6,4,9,3,11,3,12,2,-22,0,16,1,17,2,17,2,16,2,14,2,11,3,8,3,4,-1,2,-1,3,-1,3,-3,1,-7,-3,-8,-10,-4,-22,1,-6,11,4,13,13,6,15,-5,7,-15,-5,-17,-16,-8,-17,5,-9,15,4,17,13,10,15,-1,10,-10,6,-3,-4,-8,-6,-3,-5,0,-4,0,-4,1,-4,3,0,0,0,8,6,7,10,2,11,-4,7,-10,0,-13,-25,2,-13,-5,-15,4,-10,13,0,16,10,13,17,3,14,-8,4,-16,-8,-14,-15,-4,-13,7,-3,15,8,12,29,4,9,-9,-1,-12,-10,-5,-8,6,0,11,10,6,11,-4]"
CSI_DATA,114790,d8:b1:90:d9:de:f0,-59,11,-99,-36,60,56,1713014094,100,0,228,0,"[-1,19,-2,20,-1,19,-1,19,0,18,0,16,0,14,67,-4,0,9,1,8,0,6,0,4,0,3,0,2,0,0,-1,0,0,-2,-1,-4,0,-5,0,-7,1,-9,43,4,4,-11,6,-12,9,-12,11,-12,14,-12,16,-12,0,0,20,-11,22,-10,24,-9,25,-9,26,-7,25,-7,86,0,21,-7,19,-7,16,-6,12,-6,9,-7,4,-6,1,-6,-1,-5,-4,-4,-7,-4,-9,-3,-12,-3,-14,-2,29,10,-17,0,-19,0,-19,0,-17,0,-16,0,-13,0,-10,0,-1,-4,-2,-3,-2,-3,-5,-2,-9,0,-8,7,-1,12,10,23,15,0,12,-11,0,-16,-12,-12,-18,0,-12,14,1,19,16,13,20,-1,13,-15,-1,-19,-12,-12,-16,0,-7,-2,-2,10,2,8,4,4,4,2,5,2,6,0,0,0,4,-9,-2,-10,-8,-8,-14,-1,-12,7,-6,14,28,8,12,10,18,0,14,-11,4,-18,-9,-16,-18,-5,-16,8,-6,17,8,16,17,5,14,-8,3,-16,-9,-12,-31,-1,-9,11,4,12,12,2,7,-8,-4,-11,-12,-2,-9,8]"
CSI_DATA,114791,d8:b1:90:d9:de:f0,-59,11,-99,-36,60,56,1713026470,100,0,228,0,"[0,-18,0,-20,0,-19,-1,-19,-1,-18,-2,-15,-2,-14,67,-4,-2,-9,-2,-7,-2,-5,-1,-4,-1,-2,0,-2,0,0,1,0,2,1,3,3,4,4,3,6,3,7,43,4,2,12,0,13,0,14,-2,16,-3,17,-5,19,0,0,-8,21,-10,21,-11,22,-12,23,-13,23,-12,23,53,10,-9,20,-7,18,-5,16,-2,13,0,10,2,7,3,4,4,2,5,0,6,-3,7,-6,7,-9,8,-11,87,0,7,-15,7,-16,6,-17,5,-16,4,-14,4,-12,3,-9,2,5,2,3,3,2,6,2,8,-2,6,-7,-1,-12,-14,-19,-14,2,-8,13,4,16,15,7,16,-6,7,-17,-8,-17,-19,-6,-17,9,-5,19,9,16,16,6,14,-6,9,-1,-2,-10,-5,-5,-6,-2,-5,0,-5,2,-5,5,0,0,2,9,9,6,12,0,10,-8,4,-14,-5,-14,-25,14,-16,2,-11,12,0,17,12,14,18,2,15,-10,3,-18,-10,-14,-17,-2,-13,11,0,16,12,11,15,-2,15,-26,-5,-12,-12,-2,-7,9,5,9,11,0,6,-10,-5,-11]"
CSI_DATA,114792,d8:b1:90:d9:de:f0,-59,11,-99,-35,60,56,1713036754,100,0,228,0,"[6,17,5,18,5,18,4,17,4,17,4,14,4,13,66,-4,3,8,2,7,2,6,2,4,1,3,0,2,0,1,0,0,0,-1,0,-3,-1,-4,0,-6,1,-8,42,4,4,-10,6,-11,9,-11,11,-11,14,-11,16,-10,0,0,21,-8,23,-6,24,-6,26,-4,26,-3,25,-2,-75,0,22,-1,19,-2,17,-2,13,-3,11,-4,6,-4,3,-5,0,-5,-1,-6,-4,-6,-6,-6,-8,-7,-11,-8,74,10,-14,-8,-15,-8,-15,-8,-15,-8,-13,-8,-11,-7,-8,-6,-2,-4,-3,-2,-4,-2,-6,-1,-8,3,-4,9,2,12,15,18,14,-3,8,-13,-3,-16,-14,-8,-17,4,-9,16,4,19,17,10,19,-4,11,-16,-2,-18,-13,-11,-15,0,-7,0,-2,11,2,7,4,4,4,2,4,2,6,0,0,0,5,-7,0,-10,-6,-8,-12,-4,-13,4,-9,12,24,14,10,13,17,4,17,-6,8,-15,-4,-17,-15,-10,-18,2,-11,13,1,17,13,11,17,-2,9,-13,-3,-15,-26,-15,-12,6,-2,12,8,7,10,-4,2,-11,-8,-8,-13,2]"
CSI_DATA,114793,d8:b1:90:d9:de:f0,-59,11,-99,-35,60,56,1713053938,100,0,228,0,"[17,4,19,5,19,6,18,6,16,6,15,5,13,4,66,-4,9,2,7,2,6,2,4,1,2,1,1,1,0,0,-1,0,-2,0,-3,-2,-4,-3,-5,-4,-4,-6,42,4,-2,-11,-1,-13,0,-14,2,-15,5,-16,8,-17,0,0,14,-17,16,-16,19,-16,20,-15,22,-14,22,-13,63,0,19,-11,17,-9,14,-8,11,-8,8,-6,5,-6,2,-6,-1,-5,-4,-5,-6,-5,-8,-4,-11,-4,-13,-5,37,10,-16,-5,-17,-4,-17,-5,-16,-5,-15,-6,-11,-5,-8,-4,-4,1,-3,2,-3,2,-4,4,-2,7,3,9,11,5,24,0,7,-13,-4,-15,-14,-8,-16,4,-8,15,4,17,16,11,19,-3,12,-16,-2,-19,-14,-12,-16,0,-11,9,-6,3,4,10,6,5,5,1,4,0,5,0,5,-4,0,0,0,-8,-6,-8,-11,-4,-11,2,-9,10,-2,14,28,1,13,8,16,-2,13,-11,2,-17,-8,-15,-17,-6,-17,6,-7,16,6,17,15,8,16,-5,6,-15,-6,-15,-30,-9,-12,8,0,13,10,7,11,-4,1,-13,-10,-8,-13,2]"
CSI_DATA,114794,d8:b1:90:d9:de:f0,-59,11,-99,-38,61,56,1713074413,100,0,228,0,"[0,17,-1,18,0,18,0,17,0,16,0,15,0,13,64,-4,1,9,0,8,0,6,0,5,0,4,0,2,0,0,0,0,0,-1,0,-2,0,-4,2,-6,3,-6,41,4,7,-8,9,-8,11,-8,14,-7,16,-6,18,-5,0,0,21,-3,23,-2,24,0,25,0,25,1,24,1,-78,0,22,1,19,0,16,0,14,-1,10,-2,7,-4,4,-5,1,-6,0,-6,-3,-7,-5,-8,-8,-9,-10,-9,62,10,-13,-10,-14,-10,-14,-10,-13,-10,-12,-8,-10,-8,-7,-6,-1,-4,-2,-3,-2,-4,-5,-3,-8,0,-8,6,-1,12,9,22,14,1,12,-10,1,-16,-11,-12,-17,0,-13,12,0,19,12,14,19,0,14,-12,1,-18,-10,-14,-14,-3,-6,-2,-3,9,1,7,3,4,3,2,3,2,4,2,0,0,6,-5,2,-9,-4,-10,-10,-6,-12,1,-10,10,20,16,7,14,14,7,16,-4,11,-14,-1,-18,-12,-12,-17,0,-12,12,0,16,12,12,16,0,10,-12,-2,-16,-24,-17,-12,5,-2,12,8,8,11,-3,3,-11,-8,-10,-12,0]"
CSI_DATA,114795,d8:b1:90:d9:de:f0,-59,11,-99,-36,60,56,1713084683,100,0,228,0,"[0,18,0,19,0,20,0,19,0,17,0,16,1,14,67,-4,2,9,2,7,1,5,1,4,0,2,0,1,0,0,-1,0,0,-2,-1,-3,-1,-5,0,-6,0,-8,43,4,4,-10,6,-11,8,-11,11,-12,13,-12,15,-12,0,0,20,-10,21,-9,24,-9,24,-9,25,-7,24,-7,-82,0,21,-7,19,-7,15,-7,12,-7,8,-7,4,-7,1,-7,-1,-6,-4,-5,-7,-4,-9,-4,-12,-3,-14,-2,26,10,-17,0,-18,0,-19,0,-17,0,-16,0,-13,0,-10,0,-2,-4,-2,-2,-2,-2,-4,-2,-9,0,-7,7,0,12,11,22,15,0,11,-11,0,-16,-13,-12,-18,1,-12,14,2,19,16,12,20,-2,12,-15,-2,-18,-12,-11,-15,0,-7,0,-2,9,2,7,3,4,4,2,4,2,6,0,0,0,4,-8,-2,-9,-7,-7,-12,-1,-11,7,-6,13,26,7,12,10,16,0,14,-9,4,-16,-8,-16,-17,-6,-16,7,-6,16,7,16,16,5,15,-8,3,-16,-9,-13,-31,-2,-9,11,4,12,12,2,7,-9,-4,-12,-12,-3,-11,8]"
CSI_DATA,114796,d8:b1:90:d9:de:f0,-59,11,-99,-38,61,56,1713098862,100,0,228,0,"[10,14,10,15,10,15,10,14,10,14,8,12,8,10,64,-4,6,7,5,6,4,4,3,3,2,2,1,2,0,0,0,0,-1,-1,-2,-2,-2,-4,-2,-6,-1,-7,41,4,0,-10,2,-12,4,-13,7,-14,9,-14,11,-14,0,0,15,-15,18,-15,19,-15,20,-14,21,-14,21,-14,64,0,18,-11,16,-11,13,-10,10,-9,7,-8,3,-7,0,-6,-2,-6,-4,-4,-7,-4,-10,-3,-12,-2,-13,-2,31,10,-16,0,-18,0,-18,0,-16,0,-14,0,-13,0,-10,-1,-4,-2,-3,-1,-4,-1,-6,0,-6,5,-2,10,6,10,20,12,12,-7,4,-15,-8,-14,-16,-3,-14,10,-2,18,11,15,19,3,15,-10,4,-18,-9,-15,-16,-4,-13,6,-5,2,2,10,5,5,5,1,4,0,4,0,4,-2,0,0,2,-8,-3,-8,-9,-5,-12,1,-10,8,-3,14,26,2,14,7,16,-2,12,-13,0,-17,-11,-14,-17,-2,-14,10,-4,17,9,14,17,3,13,-10,2,-16,-10,-11,-30,0,-7,11,5,12,12,1,7,-9,-4,-12,-12,-4,-10,8]"
CSI_DATA,114797,d8:b1:90:d9:de:f0,-59,11,-99,-35,60,56,1713113789,100,0,228,0,"[-15,-9,-16,-10,-17,-10,-16,-8,-16,-7,-14,-6,-13,-5,66,-4,-9,-2,-8,-2,-6,0,-4,0,-2,0,-2,0,0,0,0,0,2,0,3,0,5,0,6,2,7,3,42,4,8,6,9,8,9,11,8,13,8,16,8,17,0,0,6,22,6,24,6,24,6,26,5,25,6,25,-4,10,5,22,6,18,6,15,6,13,6,8,6,4,6,1,6,-2,4,-4,4,-7,3,-9,2,-12,1,-13,45,0,-1,-17,-1,-19,-2,-18,-2,-17,-2,-15,-2,-13,-1,-11,5,1,4,0,4,0,5,-3,3,-8,-3,-10,-11,-6,-24,0,-6,13,6,14,15,6,16,-8,4,-17,-9,-15,-19,-4,-15,11,-2,19,11,16,17,4,15,-9,4,-14,2,-6,-8,-4,-8,0,-5,2,-3,3,-2,4,0,6,0,0,6,5,10,0,8,-6,2,-13,-4,-12,-13,-7,-10,25,-11,11,-2,17,10,14,17,4,16,-8,6,-17,-7,-15,-17,-6,-15,7,-4,17,9,14,17,2,12,-11,0,-30,-11,-7,-12,6,0,13,10,6,11,-6,1,-13,-10,-8]"
CSI_DATA,114798,d8:b1:90:d9:de:f0,-59,11,-99,-38,61,56,1713124126,100,0,228,0,"[10,-13,12,-14,12,-14,12,-13,11,-12,10,-11,8,-10,64,-4,6,-6,4,-6,4,-4,3,-4,2,-2,2,-1,0,0,0,0,-1,0,-2,2,-4,2,-5,1,-7,0,41,4,-10,-2,-12,-3,-13,-6,-13,-8,-13,-10,-13,-13,0,0,-12,-18,-11,-20,-10,-22,-10,-23,-8,-23,-6,-23,82,10,-5,-20,-5,-18,-5,-16,-6,-12,-6,-9,-6,-6,-6,-2,-6,0,-6,2,-6,5,-7,7,-8,9,-8,11,-84,10,-9,14,-9,15,-9,15,-9,14,-8,12,-8,10,-6,8,-1,4,0,4,0,4,2,6,7,5,10,0,9,-8,8,-22,-9,-11,-15,-2,-12,10,-1,16,11,14,18,1,14,-12,2,-19,-11,-15,-18,-3,-15,9,-4,15,6,13,2,6,10,-1,5,-4,2,-4,0,-4,0,-4,0,-4,0,0,-8,-2,-9,2,-7,7,-2,12,6,11,12,6,8,-24,11,-11,2,-16,-8,-14,-16,-6,-16,6,-8,16,4,17,14,10,17,-2,10,-14,-3,-16,-13,-8,-14,4,-14,26,6,12,13,2,8,-10,-4,-11,-12,-2,-10,8,0,13]"
CSI_DATA,114799,d8:b1:90:d9:de:f0,-59,11,-99,-38,61,56,1713134143,100,0,228,0,"[-10,-14,-10,-16,-10,-16,-9,-16,-9,-14,-8,-12,-7,-11,64,-4,-6,-7,-4,-6,-3,-4,-2,-3,-1,-2,0,-1,0,0,1,0,2,2,2,3,3,4,2,6,2,7,41,4,0,10,-2,12,-4,13,-6,14,-9,14,-12,14,0,0,-16,14,-19,13,-20,13,-22,13,-22,12,-22,11,-80,9,-20,10,-17,9,-14,8,-11,8,-7,7,-4,6,-1,6,2,6,4,4,7,4,9,3,11,3,14,2,-23,0,17,0,18,0,18,0,17,0,15,0,12,1,10,1,4,2,3,1,4,1,6,0,7,-5,2,-10,-6,-10,-20,-13,-13,6,-4,14,8,14,16,4,15,-9,4,-18,-9,-16,-18,-4,-16,9,-5,18,8,16,16,6,14,-5,8,-1,0,-10,-4,-6,-4,-3,-4,-1,-5,0,-6,2,0,0,-1,9,4,9,10,5,12,-1,10,-8,3,-14,-27,-3,-13,-8,-16,1,-12,11,-2,17,10,14,17,4,16,-8,5,-17,-8,-15,-16,-4,-14,8,-3,15,9,13,30,2,9,-10,-4,-12,-11,-3,-8,8,2,11,12,4,10,-7]"
CSI_DATA,114800,d8:b1:90:d9:de:f0,-59,11,-99,-38,61,56,1713154870,100,0,228,0,"[14,-10,14,-10,15,-11,14,-11,13,-10,11,-10,9,-9,64,-4,6,-7,4,-6,3,-5,2,-4,1,-2,1,-1,0,0,0,0,-1,1,-2,2,-3,3,-4,4,-6,4,41,4,-10,3,-12,2,-13,0,-15,0,-16,-2,-18,-3,0,0,-20,-7,-21,-8,-22,-9,-22,-10,-22,-11,-22,-10,-72,9,-20,-8,-18,-6,-16,-4,-14,-2,-10,0,-8,2,-6,4,-3,6,0,7,2,8,4,10,6,10,8,11,-73,0,12,11,13,12,14,11,13,10,12,9,10,8,8,6,-2,4,-1,3,-1,4,0,6,6,6,10,1,10,-7,10,-22,-9,-12,-16,-1,-12,10,0,16,12,12,18,0,12,-14,-2,-19,-14,-12,-19,2,-12,14,1,16,10,10,4,4,8,-5,2,-6,0,-4,-1,-3,-2,-4,-3,-4,0,0,-8,2,-5,8,0,10,6,9,12,3,12,-5,-14,-22,-1,-15,-11,-11,-16,-1,-14,10,-4,17,8,15,16,4,15,-8,4,-16,-9,-14,-16,-3,-12,10,0,16,22,20,14,-3,4,-12,-8,-10,-12,2,-4,12,8,10,13,0]"
CSI_DATA,114801,d8:b1:90:d9:de:f0,-59,11,-99,-36,60,56,1713173809,100,0,228,0,"[18,3,19,4,19,3,19,3,16,2,15,2,13,1,67,-4,9,0,7,-1,6,0,4,0,2,0,1,0,0,0,0,0,-2,0,-4,0,-5,0,-6,0,-7,-1,43,4,-9,-4,-10,-7,-11,-8,-11,-11,-11,-13,-11,-15,0,0,-9,-20,-9,-22,-9,-24,-8,-24,-7,-24,-7,-24,-79,10,-8,-21,-8,-19,-7,-15,-7,-11,-7,-7,-7,-4,-7,-1,-6,1,-4,4,-4,7,-3,9,-2,12,0,14,-20,10,1,18,2,19,2,18,2,18,2,16,1,13,0,10,-4,0,-3,1,-4,2,-4,4,0,9,6,9,12,2,22,-7,2,-14,-9,-13,-17,-1,-13,11,0,18,13,13,19,0,13,-14,-1,-19,-14,-12,-18,1,-12,12,0,14,0,7,9,2,7,-2,3,-3,2,-2,1,-4,0,-5,0,0,-9,-3,-9,1,-7,8,-1,12,7,11,13,5,6,-26,10,-12,0,-16,-11,-13,-17,-2,-15,9,-4,18,8,16,17,4,15,-9,4,-16,-9,-14,-16,-2,-12,11,1,31,12,7,12,-5,1,-12,-9,-7,-11,4,-1,13,9,9]"
CSI_DATA,114802,d8:b1:90:d9:de:f0,-59,11,-99,-36,60,56,1713183798,100,0,228,0,"[-10,14,-12,15,-12,15,-12,14,-11,13,-9,12,-8,10,67,-4,-5,7,-4,7,-3,5,-2,4,-1,3,0,2,0,1,0,0,2,0,2,0,4,-1,5,-1,7,0,43,4,10,2,11,3,12,5,13,8,13,10,13,13,0,0,12,18,11,20,11,22,9,24,9,24,8,24,-87,0,7,21,6,19,6,16,7,13,7,9,7,6,7,3,7,0,7,-2,7,-4,8,-7,8,-9,8,-12,-86,0,9,-15,9,-16,9,-16,9,-14,9,-13,7,-11,7,-8,1,-3,1,-3,0,-4,-2,-7,-7,-5,-11,0,-9,8,-7,24,9,11,15,1,12,-11,1,-16,-12,-13,-19,-1,-14,12,-1,19,12,15,19,2,15,-11,3,-16,-7,-12,-2,-4,-9,2,-4,6,0,4,0,2,0,3,0,4,0,0,7,2,9,-1,7,-7,1,-12,-6,-12,-12,-6,-7,26,-11,11,-2,16,8,14,16,6,16,-6,8,-16,-4,-17,-14,-9,-17,4,-9,14,4,16,14,8,15,-4,14,-27,-7,-12,-14,-1,-8,9,4,12,13,3,10,-9,0,-14]"
CSI_DATA,114803,d8:b1:90:d9:de:f0,-59,11,-99,-35,60,56,1713194291,100,0,228,0,"[-1,18,-2,19,-3,19,-2,18,-2,17,-2,15,-1,13,66,-4,0,9,0,7,0,6,0,4,0,3,0,1,0,0,0,0,0,-2,0,-4,1,-4,2,-5,4,-6,42,4,8,-6,11,-5,13,-4,15,-3,17,-1,19,0,0,0,22,4,23,7,22,8,24,11,23,11,22,11,59,0,19,11,18,9,15,7,13,5,11,2,8,0,6,-2,4,-4,2,-6,1,-8,0,-10,-2,-12,-4,-13,-33,10,-6,-16,-7,-17,-6,-17,-6,-16,-4,-15,-4,-13,-2,-10,0,-4,-1,-3,-2,-4,-4,-4,-9,-1,-9,6,-3,13,6,23,15,4,14,-7,4,-16,-8,-15,-17,-4,-16,10,-4,19,10,17,19,4,17,-9,6,-17,-6,-16,-13,-6,-5,-3,-6,7,-1,7,1,5,1,4,2,4,4,3,0,0,8,-4,5,-8,-1,-11,-8,-10,-13,-3,-13,4,13,24,0,15,10,13,17,4,15,-8,7,-16,-5,-17,-15,-9,-17,4,-9,15,4,17,14,8,15,-4,7,-14,-11,-29,-13,-3,-10,8,2,12,11,4,9,-7,0,-13,-11,-6]"
CSI_DATA,114804,d8:b1:90:d9:de:f0,-59,11,-99,-38,61,56,1713214015,100,0,228,0,"[-8,-16,-8,-17,-7,-17,-7,-16,-6,-15,-6,-14,-5,-12,64,-4,-4,-8,-3,-6,-2,-4,-2,-3,-1,-2,0,-1,0,0,0,1,0,2,0,4,0,5,0,6,-2,7,41,4,-6,8,-8,7,-11,7,-13,5,-15,4,-17,2,0,0,-20,-2,-22,-4,-22,-6,-23,-8,-23,-9,-22,-9,-65,9,-20,-10,-18,-8,-16,-6,-13,-4,-10,-2,-8,0,-6,2,-4,4,-3,6,-1,8,0,10,2,12,2,14,14,0,4,17,4,18,4,17,4,16,3,15,2,12,1,10,3,2,2,1,2,2,6,2,8,-2,5,-8,-2,-12,-16,-18,-14,2,-9,12,2,16,13,10,17,-2,11,-14,-2,-18,-15,-12,-19,1,-12,14,0,18,10,12,14,2,6,2,3,-8,0,-6,-2,-4,-2,-3,-3,-3,-5,-2,0,0,-7,4,-3,9,2,10,8,8,12,1,12,-6,-14,-22,-1,-14,-10,-12,-15,-3,-14,7,-7,15,4,16,14,10,16,-2,10,-14,-2,-16,-13,-9,-16,2,-8,14,8,30,13,6,11,-6,0,-12,-10,-6,-11,5,-2,12,9,10]"
CSI_DATA,114805,d8:b1:90:d9:de:f0,-59,11,-99,-36,60,56,1713224269,100,0,228,0,"[16,7,17,9,17,9,16,9,15,9,13,7,11,6,67,-4,8,4,6,3,4,2,3,2,2,1,0,1,0,0,-2,0,-3,0,-4,-2,-4,-2,-5,-4,-5,-7,43,4,-3,-10,-1,-12,0,-14,2,-15,4,-16,7,-17,0,0,13,-18,16,-18,18,-17,20,-16,21,-15,21,-14,45,0,19,-12,17,-10,14,-9,11,-9,7,-7,4,-6,2,-5,-1,-4,-4,-4,-7,-3,-9,-2,-12,-2,-14,-2,25,10,-17,-1,-18,0,-18,-1,-18,-2,-16,-2,-13,-2,-9,-2,-4,0,-4,0,-4,1,-6,4,-4,8,2,11,10,7,24,3,9,-12,-2,-16,-13,-10,-17,2,-11,14,2,19,16,12,19,-2,13,-15,-1,-19,-14,-13,-17,0,-12,9,-8,3,3,9,5,5,5,2,5,0,6,0,6,-4,0,0,0,-9,-7,-9,-12,-3,-12,4,-8,11,0,14,29,0,14,5,16,-4,10,-13,0,-17,-11,-14,-17,-2,-15,9,-4,16,8,15,16,4,15,-8,4,-15,-8,-12,-31,-3,-9,9,2,12,10,4,8,-7,-1,-11,-11,-4,-11,6]"
CSI_DATA,114806,d8:b1:90:d9:de:f0,-59,11,-99,-35,60,56,1713243934,100,0,228,0,"[-15,-10,-16,-10,-16,-10,-16,-9,-15,-8,-13,-6,-12,-5,66,-4,-8,-2,-7,-2,-6,-1,-4,0,-3,0,-2,0,0,0,0,0,2,0,3,0,4,1,6,2,6,2,42,4,8,6,8,8,8,11,8,13,8,15,7,17,0,0,6,21,5,23,5,24,4,25,4,25,4,25,31,0,4,22,4,19,5,17,6,13,6,9,6,6,6,2,6,0,5,-3,4,-6,4,-8,3,-11,2,-13,26,0,0,-17,0,-18,-1,-18,-1,-17,-1,-15,0,-13,0,-11,4,1,4,0,4,0,6,-3,4,-8,-3,-10,-11,-6,-24,0,-7,13,4,15,15,6,16,-6,5,-17,-9,-16,-18,-4,-17,11,-4,19,11,16,18,4,15,-9,4,-15,2,-7,-9,-4,-7,1,-4,3,-2,3,-2,4,-1,6,0,0,7,5,11,0,9,-6,4,-12,-4,-13,-13,-7,-11,26,-11,11,-2,16,10,14,17,4,15,-8,5,-17,-7,-16,-16,-6,-15,7,-5,16,8,14,15,3,12,-9,1,-30,-11,-8,-11,4,-2,11,8,6,10,-4,1,-12,-9,-8]"
CSI_DATA,114807,d8:b1:90:d9:de:f0,-59,11,-99,-35,60,56,1713264381,100,0,228,0,"[8,17,8,18,8,18,8,17,7,16,6,14,6,12,66,-4,4,8,4,6,3,4,2,3,2,2,1,1,0,0,-1,0,-1,-2,-2,-3,-2,-4,-2,-6,-1,-7,42,4,1,-11,3,-11,6,-11,8,-12,11,-12,13,-12,0,0,19,-11,21,-10,23,-9,24,-8,24,-7,24,-6,-81,0,22,-5,19,-5,17,-5,13,-5,9,-5,6,-5,3,-6,0,-6,-3,-6,-6,-5,-8,-5,-10,-5,-13,-5,46,10,-17,-4,-17,-4,-18,-4,-17,-4,-15,-4,-13,-4,-9,-3,-3,-2,-2,-1,-3,-2,-6,-1,-8,3,-4,9,3,12,18,17,15,-4,7,-14,-4,-15,-15,-7,-17,6,-7,17,7,17,18,7,18,-7,8,-17,-6,-17,-15,-8,-15,2,-8,0,0,10,3,6,4,2,4,2,4,2,6,0,0,0,2,-8,-2,-11,-9,-6,-13,0,-11,7,-4,13,27,8,11,10,15,0,13,-9,5,-16,-6,-15,-16,-7,-17,4,-8,15,4,17,15,8,16,-4,7,-15,-6,-15,-29,-10,-11,7,0,13,10,6,9,-5,0,-11,-10,-6,-12,4]"
CSI_DATA,114808,d8:b1:90:d9:de:f0,-59,11,-99,-38,61,56,1713274836,100,0,228,0,"[-8,16,-8,18,-8,18,-8,17,-7,16,-6,14,-4,12,64,-4,-2,9,-1,7,-1,6,0,4,0,2,0,1,0,0,0,-2,0,-3,0,-4,1,-5,2,-6,4,-7,41,4,8,-7,10,-6,12,-4,14,-3,16,-2,18,0,0,0,20,4,22,6,23,7,24,8,23,10,23,10,84,0,20,9,18,7,16,6,14,3,11,1,8,0,6,-2,3,-4,0,-6,-1,-8,-3,-9,-6,-10,-8,-11,79,10,-11,-12,-12,-13,-13,-12,-12,-12,-11,-11,-9,-10,-6,-8,0,-4,0,-3,0,-4,-2,-5,-6,-4,-10,2,-6,10,0,24,13,8,15,-3,8,-14,-5,-16,-16,-8,-17,6,-8,18,7,18,18,8,18,-6,8,-16,-5,-16,-12,-8,-6,-5,-6,7,-2,6,0,5,1,4,2,4,5,4,0,0,8,-5,4,-10,-2,-12,-9,-9,-14,-1,-12,7,16,24,3,15,12,10,16,1,14,-10,4,-16,-8,-15,-16,-5,-16,6,-6,16,7,16,16,5,14,-8,3,-15,-19,-24,-14,0,-6,10,5,10,11,0,6,-10,-6,-11,-13,-2]"
CSI_DATA,114809,d8:b1:90:d9:de:f0,-59,11,-99,-35,60,56,1713294219,100,0,228,0,"[3,18,3,19,2,19,2,19,3,17,3,15,3,13,66,-4,2,8,2,7,2,5,2,4,1,2,0,0,0,0,0,0,0,-2,-2,-4,-1,-6,0,-6,0,-8,42,4,4,-10,6,-10,8,-10,11,-10,14,-9,16,-8,0,0,21,-6,22,-4,24,-2,25,0,26,0,25,0,-83,0,22,0,21,0,17,0,14,-1,11,-2,7,-4,4,-4,1,-5,0,-6,-4,-7,-6,-7,-9,-8,-11,-8,56,10,-15,-8,-16,-9,-16,-9,-15,-8,-13,-8,-11,-6,-8,-6,-2,-4,-2,-2,-2,-2,-4,-2,-8,0,-7,8,0,12,13,21,15,0,11,-11,0,-17,-13,-11,-17,2,-11,15,2,19,15,12,20,-2,12,-15,-1,-19,-12,-11,-15,0,-7,-2,-3,9,2,7,2,4,3,3,4,2,6,0,0,0,6,-8,0,-11,-6,-8,-13,-3,-13,4,-8,11,24,15,8,13,15,5,15,-5,8,-14,-2,-17,-13,-12,-17,0,-13,12,0,17,12,12,17,0,11,-11,-2,-15,-26,-17,-13,4,-3,12,8,8,10,-3,2,-12,-8,-9,-12,1]"
CSI_DATA,114810,d8:b1:90:d9:de:f0,-59,11,-99,-38,61,56,1713308758,100,0,228,0,"[-2,-17,-2,-18,-1,-18,-1,-18,-1,-17,0,-15,-1,-13,64,-4,-1,-10,-1,-8,-1,-6,-1,-4,0,-4,0,-2,0,0,0,0,0,2,0,3,-2,4,-3,5,-4,6,41,4,-8,6,-10,5,-12,4,-14,2,-16,0,-18,-2,0,0,-20,-6,-20,-9,-21,-10,-21,-12,-20,-14,-20,-14,-44,9,-16,-14,-14,-12,-13,-10,-12,-7,-10,-5,-8,-2,-6,0,-5,2,-4,5,-3,8,-2,9,-1,12,0,14,-2,10,0,17,0,18,0,18,0,17,0,15,-1,12,-2,10,2,3,2,2,2,3,5,3,8,0,8,-6,2,-12,-9,-22,-14,-2,-12,8,-2,16,10,14,17,2,15,-10,3,-19,-11,-16,-19,-4,-16,10,-5,18,7,15,14,6,5,3,6,-8,0,-7,-2,-4,-2,-2,-2,-3,-3,-3,0,0,-8,2,-6,7,0,11,6,10,12,5,14,-3,-8,-26,2,-15,-8,-14,-15,-6,-16,4,-10,14,1,17,12,12,17,0,12,-11,1,-16,-10,-12,-16,0,-10,11,1,30,11,7,11,-4,2,-12,-8,-8,-11,3,-4,12,7,10]"
CSI_DATA,114811,d8:b1:90:d9:de:f0,-59,11,-99,-38,61,56,1713319872,100,0,228,0,"[16,6,17,6,18,6,18,5,16,4,15,3,13,2,64,-4,9,0,7,0,6,0,5,0,3,0,2,0,0,0,0,0,-2,0,-3,0,-4,0,-6,0,-7,-2,41,4,-9,-5,-10,-7,-10,-8,-10,-11,-10,-13,-10,-15,0,0,-9,-19,-9,-20,-8,-22,-8,-22,-8,-23,-8,-22,-71,10,-8,-20,-8,-17,-8,-14,-8,-10,-8,-7,-6,-4,-6,-1,-5,2,-4,5,-4,6,-2,10,0,11,0,14,-13,10,2,16,3,17,4,17,4,17,4,15,2,13,2,10,-4,0,-3,0,-4,1,-5,4,-2,8,4,8,12,4,23,-4,4,-14,-8,-13,-16,-4,-14,10,-2,18,12,14,19,1,14,-13,0,-20,-14,-13,-19,0,-12,12,0,14,0,6,10,2,6,-2,2,-4,1,-3,1,-3,0,-4,0,0,-7,-4,-10,1,-8,8,-2,12,6,12,12,5,6,-26,9,-13,-2,-16,-12,-12,-17,-1,-14,10,-2,18,10,14,16,3,13,-10,2,-16,-10,-12,-16,0,-9,11,4,28,12,4,10,-6,0,-12,-10,-5,-9,6,1,12,11,7]"
CSI_DATA,114812,d8:b1:90:d9:de:f0,-59,11,-99,-36,60,56,1713333857,100,0,228,0,"[-9,-16,-9,-16,-10,-16,-9,-16,-9,-14,-9,-12,-8,-11,67,-4,-7,-7,-6,-5,-4,-4,-4,-3,-2,-2,-2,-1,0,0,0,0,1,1,2,2,2,3,3,5,3,7,43,4,2,11,1,13,0,14,-1,16,-3,17,-4,19,0,0,-9,21,-10,21,-12,21,-13,22,-14,22,-14,21,33,10,-12,19,-9,17,-7,16,-4,13,-2,11,0,8,2,6,4,4,6,1,8,0,9,-2,11,-5,12,-7,-50,0,14,-11,14,-12,14,-12,13,-12,12,-10,10,-8,9,-7,3,3,3,2,4,2,7,0,7,-5,2,-10,-7,-11,-21,-12,-12,8,-2,16,10,14,17,2,14,-12,1,-19,-13,-14,-20,0,-14,14,0,20,14,14,18,0,12,-10,5,-4,-5,-9,-7,-3,-5,0,-3,1,-3,1,-4,2,0,0,0,9,7,7,12,1,12,-6,6,-13,-4,-14,-26,11,-16,0,-14,12,-2,19,9,16,18,4,16,-8,6,-17,-7,-16,-16,-6,-16,7,-4,16,8,13,15,2,24,-19,-1,-14,-11,-5,-9,6,0,12,11,5,11,-7,0,-13]"
CSI_DATA,114813,d8:b1:90:d9:de:f0,-59,11,-99,-36,60,56,1713344105,100,0,228,0,"[0,-18,-1,-19,-1,-20,-2,-19,-2,-17,-2,-15,-2,-13,67,-4,-2,-9,-2,-7,-2,-5,-2,-3,0,-2,0,-1,0,0,1,0,2,2,3,3,3,4,4,7,4,8,43,4,2,12,0,13,-1,14,-3,16,-5,16,-7,17,0,0,-12,19,-14,19,-15,20,-16,19,-16,20,-16,19,-19,9,-14,17,-12,16,-9,14,-7,12,-3,9,0,7,2,5,3,2,5,0,7,-1,9,-4,9,-7,11,-9,-54,0,12,-12,12,-13,12,-14,11,-14,10,-12,8,-9,7,-7,2,4,2,2,3,2,6,2,8,-2,6,-9,-1,-12,-14,-20,-14,2,-8,13,4,16,14,8,17,-6,7,-17,-7,-18,-19,-7,-19,8,-7,19,8,18,16,7,14,-4,9,-1,-1,-10,-5,-6,-5,-2,-5,0,-5,0,-6,4,0,0,1,10,8,7,12,2,12,-6,6,-13,-3,-14,-28,8,-16,0,-13,10,-3,16,7,16,17,7,16,-7,7,-16,-6,-16,-16,-7,-15,6,-5,16,7,14,15,2,22,-20,-1,-13,-10,-4,-9,6,1,10,10,3,9,-7,0,-12]"
CSI_DATA,114814,d8:b1:90:d9:de:f0,-58,11,-99,-36,60,56,1713364081,100,0,228,0,"[-2,19,-2,21,-2,20,-2,19,-2,18,-1,16,0,14,67,-4,0,9,0,8,1,6,0,4,0,3,0,2,0,0,0,-1,0,-2,0,-4,0,-6,0,-7,1,-8,43,4,4,-10,7,-11,9,-10,12,-10,15,-10,17,-9,0,0,21,-6,23,-5,26,-4,26,-3,27,-2,26,-2,-79,0,23,-2,20,-2,17,-2,14,-3,10,-4,6,-4,2,-5,0,-6,-3,-5,-6,-5,-8,-5,-10,-5,-13,-4,44,10,-17,-4,-19,-4,-19,-4,-17,-4,-15,-3,-13,-3,-10,-3,-1,-4,-2,-3,-2,-3,-4,-4,-9,0,-8,6,-2,12,8,24,15,2,13,-9,2,-17,-12,-13,-19,-1,-14,13,0,20,14,14,21,0,14,-14,1,-19,-11,-14,-15,-2,-8,-2,-4,10,1,8,3,4,4,3,4,2,6,0,0,0,5,-8,0,-11,-8,-9,-12,-3,-14,5,-8,13,26,14,11,13,17,4,16,-8,7,-16,-4,-17,-16,-9,-18,4,-10,14,3,17,14,9,16,-4,7,-14,-6,-15,-30,-9,-11,8,0,12,10,6,9,-6,0,-12,-11,-6,-12,5]"
CSI_DATA,114815,d8:b1:90:d9:de:f0,-59,11,-99,-38,61,56,1713374108,100,0,228,0,"[0,-18,0,-19,0,-19,-2,-18,-2,-17,-2,-15,-2,-13,64,-4,-2,-8,-2,-6,-2,-5,-1,-4,0,-2,0,-1,0,0,2,0,2,2,2,4,3,5,3,6,2,8,41,4,0,11,0,12,-2,13,-4,14,-7,15,-9,15,0,0,-14,16,-16,16,-17,16,-18,16,-18,16,-18,16,-30,9,-16,14,-13,14,-11,12,-8,11,-4,9,-1,7,1,6,4,3,6,2,8,0,9,-2,10,-4,12,-6,-35,0,14,-10,14,-11,14,-12,12,-11,11,-10,10,-8,7,-6,2,4,3,2,2,2,5,2,8,0,6,-7,0,-12,-12,-20,-14,1,-9,12,2,16,14,9,17,-4,8,-16,-6,-18,-17,-8,-18,6,-8,17,6,17,14,8,14,-3,8,0,0,-10,-4,-6,-4,-3,-4,-2,-6,0,-6,3,0,0,0,9,6,8,11,2,12,-4,6,-11,-1,-14,-27,4,-14,-2,-14,6,-6,14,4,16,14,9,16,-2,10,-14,-2,-16,-13,-10,-16,3,-8,14,5,15,14,6,26,-15,1,-13,-9,-7,-10,4,0,11,10,6,11,-5,2,-12]"
CSI_DATA,114816,d8:b1:90:d9:de:f0,-59,11,-99,-35,60,56,1713393970,100,0,228,0,"[17,-5,19,-5,19,-5,18,-5,17,-5,15,-5,13,-4,66,-4,8,-4,6,-3,5,-3,4,-2,3,-2,1,-1,0,0,0,0,-2,1,-3,2,-4,2,-6,1,-8,1,42,4,-11,-2,-12,-3,-13,-6,-14,-8,-15,-10,-14,-13,0,0,-13,-17,-13,-19,-13,-21,-12,-22,-12,-22,-11,-22,67,10,-10,-20,-9,-17,-9,-14,-8,-11,-8,-7,-6,-4,-6,0,-6,2,-4,4,-4,7,-3,9,-2,12,0,13,-18,10,0,17,1,18,2,18,1,17,1,15,0,13,0,10,-3,2,-2,2,-2,3,-1,6,2,8,9,4,11,-3,18,-17,-3,-14,-14,-7,-16,5,-8,15,6,17,17,7,18,-7,7,-18,-8,-19,-17,-7,-17,6,-7,15,3,15,0,7,10,0,6,-4,2,-4,1,-3,0,-4,-1,-6,0,0,-8,-2,-9,3,-6,9,0,13,8,11,15,3,4,-27,8,-14,-2,-17,-13,-11,-17,0,-14,11,-2,18,10,15,17,4,15,-9,3,-17,-10,-13,-16,-1,-11,11,1,30,11,7,11,-5,2,-12,-8,-6,-11,4,-2,13,9,9]"
CSI_DATA,114817,d8:b1:90:d9:de:f0,-59,11,-99,-35,60,56,1713405754,100,0,228,0,"[-8,-15,-8,-17,-8,-17,-8,-17,-6,-15,-6,-14,-6,-11,66,-4,-4,-8,-4,-6,-3,-4,-2,-4,-1,-2,0,-1,0,0,0,0,0,2,1,3,1,5,0,6,0,8,42,4,-4,11,-6,11,-8,11,-11,11,-13,11,-16,10,0,0,-21,8,-22,6,-24,6,-25,4,-25,2,-25,2,79,9,-22,1,-19,1,-17,2,-13,2,-10,3,-6,4,-4,5,-1,5,2,6,4,7,6,8,8,8,10,8,-79,0,14,10,15,10,15,10,14,10,12,9,10,8,7,7,3,3,3,2,4,2,6,0,8,-4,4,-10,-3,-11,-17,-16,-14,4,-7,14,5,16,15,7,17,-6,8,-17,-6,-18,-17,-8,-19,6,-9,17,4,18,14,9,15,-1,6,0,1,-10,-3,-7,-4,-4,-4,-2,-4,-2,-6,0,0,0,-5,7,0,10,6,8,12,3,13,-4,8,-12,-24,-14,-9,-13,-16,-4,-16,6,-8,15,3,17,14,11,18,0,11,-13,0,-17,-12,-11,-16,0,-10,13,2,15,25,17,13,-4,2,-11,-8,-8,-11,2,-3,12,7,9,13,0]"
CSI_DATA,114818,d8:b1:90:d9:de:f0,-59,11,-99,-38,61,56,1713424611,100,0,228,0,"[12,13,12,14,12,15,12,14,11,13,10,12,8,10,64,-4,6,6,5,5,4,4,2,3,1,2,0,1,0,0,-1,0,-2,-2,-2,-3,-3,-4,-2,-6,-2,-8,41,4,0,-11,2,-12,4,-13,7,-14,10,-14,12,-14,0,0,17,-13,19,-12,21,-12,22,-10,23,-10,23,-8,-82,0,20,-7,18,-7,15,-6,12,-6,9,-6,5,-6,2,-6,-1,-6,-3,-5,-6,-5,-8,-4,-10,-5,-13,-4,39,10,-16,-4,-17,-5,-17,-4,-16,-4,-15,-4,-12,-4,-9,-4,-4,-2,-4,0,-4,-1,-6,1,-6,5,-1,10,6,10,21,12,12,-8,3,-15,-8,-14,-16,-4,-15,10,-4,18,10,16,19,4,16,-10,5,-18,-8,-16,-15,-5,-14,4,-7,1,0,10,4,6,4,3,4,2,5,0,6,-1,0,0,2,-9,-4,-10,-9,-6,-12,0,-10,8,-4,14,26,6,12,9,16,0,13,-10,4,-16,-7,-16,-16,-6,-16,6,-7,16,5,16,15,7,16,-6,6,-14,-6,-14,-29,-8,-10,8,0,12,10,6,9,-6,0,-12,-10,-7,-12,4]"
CSI_DATA,114819,d8:b1:90:d9:de:f0,-59,11,-99,-36,60,56,1713436047,100,0,228,0,"[15,11,16,12,16,11,16,10,15,8,14,7,12,5,67,-4,9,2,7,2,5,0,4,0,2,0,0,0,0,1,-1,0,-3,0,-4,0,-6,0,-7,0,-9,-2,43,4,-10,-5,-11,-7,-10,-9,-11,-12,-10,-14,-9,-16,0,0,-9,-20,-9,-22,-9,-23,-9,-24,-8,-24,-9,-24,-73,10,-8,-21,-8,-17,-8,-15,-7,-11,-7,-7,-7,-4,-5,0,-4,2,-3,5,-2,7,0,10,0,12,2,14,21,0,7,16,7,17,8,16,7,15,7,14,6,12,4,9,-5,0,-4,0,-4,0,-5,3,-4,7,2,10,10,7,24,0,7,-13,-5,-15,-15,-6,-16,7,-5,18,9,16,19,4,16,-11,3,-19,-11,-16,-18,-3,-14,9,-4,14,-4,8,9,4,7,0,5,-2,4,-4,2,-5,0,-7,0,0,-9,-4,-10,2,-7,9,0,13,8,11,14,4,6,-28,8,-13,0,-16,-12,-12,-17,-1,-14,11,-2,17,10,14,17,2,14,-10,1,-17,-12,-12,-16,0,-9,12,8,30,12,4,10,-7,-2,-12,-10,-3,-8,7,2,12,12,4]"
CSI_DATA,114820,d8:b1:90:d9:de:f0,-59,11,-99,-38,61,56,1713453963,100,0,228,0,"[-15,-9,-16,-10,-16,-10,-16,-10,-14,-9,-13,-7,-11,-6,64,-4,-8,-4,-6,-2,-5,-2,-4,-2,-2,-1,-1,0,0,0,1,0,2,0,4,1,5,2,5,4,6,6,41,4,4,10,4,12,2,14,0,15,0,17,-3,18,0,0,-8,20,-10,21,-11,21,-13,21,-14,21,-14,20,12,10,-12,18,-11,16,-8,14,-6,12,-2,10,0,8,1,6,4,4,6,2,8,0,10,-2,11,-3,12,-4,-30,0,15,-7,16,-8,16,-8,15,-8,14,-6,12,-5,9,-4,4,0,4,0,4,0,6,-2,4,-7,-2,-10,-10,-7,-24,-3,-8,12,2,16,13,10,16,-2,10,-15,-4,-18,-16,-10,-18,4,-10,16,3,18,15,10,16,-2,10,-10,6,-4,-5,-8,-6,-3,-5,0,-4,0,-4,2,-4,4,0,0,3,9,8,6,11,0,10,-7,4,-12,-4,-13,-25,10,-15,0,-12,10,-4,16,6,16,15,8,17,-5,9,-15,-3,-17,-14,-9,-16,4,-8,14,4,15,14,6,27,-12,2,-13,-9,-9,-11,2,-2,10,8,8,12,-2,5,-11]"
CSI_DATA,114821,d8:b1:90:d9:de:f0,-59,11,-99,-38,61,56,1713464338,100,0,228,0,"[14,-12,16,-12,15,-12,14,-12,13,-11,12,-10,9,-8,64,-4,6,-6,4,-5,2,-4,2,-2,1,-2,0,0,0,0,0,2,-1,3,-2,4,-4,4,-5,5,-6,5,41,4,-10,4,-12,2,-13,0,-14,-1,-16,-3,-17,-5,0,0,-18,-10,-19,-12,-20,-14,-20,-14,-20,-16,-19,-16,-54,9,-17,-14,-16,-12,-14,-9,-12,-6,-10,-3,-8,0,-6,2,-4,4,-1,6,0,8,2,10,4,11,6,12,83,0,10,14,10,15,11,14,10,13,9,12,7,10,6,8,-1,4,0,3,0,3,0,5,4,6,10,2,10,-6,10,-21,-8,-12,-15,-2,-13,10,-1,16,12,13,18,0,14,-13,0,-20,-14,-14,-18,0,-13,12,-1,16,8,11,2,8,8,-3,4,-5,2,-5,0,-5,-1,-6,-4,-5,0,0,-9,2,-6,8,0,11,7,10,12,4,13,-4,-10,-26,1,-14,-8,-13,-14,-5,-15,5,-8,14,4,17,14,10,17,-2,10,-14,-3,-16,-14,-8,-16,5,-6,14,15,27,14,2,8,-9,-3,-11,-11,-2,-8,9,4,12,12,4]"
CSI_DATA,114822,d8:b1:90:d9:de:f0,-59,11,-99,-39,61,56,1713483803,100,0,228,0,"[-12,-13,-12,-14,-13,-14,-12,-13,-11,-13,-10,-11,-9,-9,66,-4,-7,-6,-5,-4,-4,-3,-3,-3,-2,-2,-1,-1,0,0,0,0,2,1,2,2,2,4,3,6,2,7,42,4,0,11,0,13,-2,14,-4,15,-6,16,-9,16,0,0,-13,17,-16,18,-17,17,-19,17,-19,16,-19,15,-56,9,-17,13,-15,13,-13,12,-9,11,-6,8,-2,7,0,6,3,5,6,4,7,2,9,2,12,0,13,0,-24,0,17,-2,17,-2,18,-3,17,-2,15,-2,13,-1,10,0,4,2,4,0,4,0,6,-1,6,-6,1,-11,-7,-10,-22,-10,-13,8,-2,16,10,13,17,1,13,-12,0,-18,-13,-14,-19,0,-14,13,-2,19,11,14,17,2,13,-8,6,-2,-3,-9,-5,-4,-5,-1,-4,0,-4,0,-5,2,0,0,0,8,6,8,11,4,12,-2,8,-11,0,-15,-27,2,-15,-5,-15,5,-9,15,2,17,13,11,17,0,13,-12,1,-17,-11,-13,-17,-1,-12,11,0,16,12,10,30,-3,6,-12,-6,-11,-11,0,-6,10,5,11,13,1,8,-9]"
CSI_DATA,114823,d8:b1:90:d9:de:f0,-59,11,-99,-35,60,56,1713494699,100,0,228,0,"[9,16,9,17,9,17,8,17,8,15,7,13,7,11,66,-4,5,7,4,6,3,4,2,3,1,2,0,1,0,0,-2,0,-2,-2,-3,-4,-3,-4,-4,-6,-2,-8,42,4,0,-11,2,-13,4,-13,6,-15,9,-15,12,-15,0,0,17,-13,19,-14,21,-13,23,-12,24,-11,24,-10,79,0,21,-8,18,-8,16,-7,11,-7,8,-6,5,-6,2,-5,-1,-4,-4,-4,-6,-4,-9,-3,-12,-2,-14,-2,33,10,-17,-1,-19,0,-19,0,-17,0,-15,0,-13,-1,-10,-1,-4,-2,-4,-1,-4,-2,-6,0,-6,4,-3,10,5,12,19,14,14,-6,5,-15,-6,-15,-17,-5,-16,8,-5,18,9,17,19,5,17,-9,6,-19,-7,-17,-15,-6,-14,4,-8,0,0,11,3,6,4,4,4,2,6,0,6,-2,0,0,2,-10,-5,-10,-11,-6,-13,0,-11,9,-3,15,29,4,13,8,16,-1,13,-12,2,-17,-10,-15,-17,-4,-15,8,-6,17,6,16,16,6,15,-8,4,-15,-8,-13,-30,-3,-9,9,2,12,11,4,7,-7,-2,-11,-11,-3,-11,7]"
CSI_DATA,114824,d8:b1:90:d9:de:f0,-59,11,-99,-35,60,56,1713506876,100,0,228,0,"[17,4,19,4,19,4,18,3,17,2,15,1,13,0,66,-4,9,-1,7,0,6,-1,4,-1,3,0,2,0,0,0,0,0,-2,0,-3,1,-4,0,-6,0,-7,0,42,4,-10,-3,-11,-4,-12,-7,-13,-9,-13,-11,-13,-13,0,0,-13,-17,-13,-19,-13,-20,-13,-22,-13,-22,-13,-22,50,10,-12,-19,-12,-16,-11,-13,-11,-9,-9,-6,-7,-2,-6,0,-6,2,-3,5,-2,8,0,10,1,12,3,13,26,0,6,15,8,16,8,16,8,15,7,13,6,12,4,9,-4,0,-3,0,-4,1,-4,4,0,8,6,8,13,2,23,-8,2,-15,-10,-12,-17,0,-12,12,0,18,15,12,19,-2,11,-16,-2,-19,-15,-12,-18,2,-11,14,1,15,0,7,10,0,6,-3,2,-4,1,-4,0,-4,0,-5,0,0,-8,-2,-9,4,-6,9,0,13,8,10,15,2,1,-28,6,-15,-4,-16,-14,-10,-17,2,-11,13,0,18,13,12,17,0,12,-12,0,-17,-13,-10,-16,2,-8,14,11,28,13,3,9,-8,-2,-11,-11,-2,-8,8,3,12,12,4]"
CSI_DATA,114825,d8:b1:90:d9:de:f0,-59,11,-99,-36,60,56,1713523858,100,0,228,0,"[-9,14,-10,16,-10,16,-9,15,-9,14,-7,13,-6,12,67,-4,-3,9,-2,7,-2,6,-1,4,-1,3,0,2,0,0,0,0,0,-1,2,-2,2,-4,4,-4,5,-5,43,4,9,-5,12,-5,14,-4,16,-3,18,-2,19,-1,0,0,23,1,24,3,25,4,26,5,25,6,24,6,-79,0,22,4,19,4,17,2,14,0,11,-1,7,-2,5,-4,2,-5,0,-6,-2,-7,-4,-8,-7,-9,-9,-9,56,10,-14,-10,-14,-10,-14,-10,-14,-10,-12,-9,-10,-8,-8,-7,2,-4,0,-4,0,-5,-3,-7,-9,-4,-11,2,-7,11,-1,24,13,8,16,-4,8,-15,-5,-16,-16,-8,-18,6,-7,18,7,19,19,8,19,-7,7,-17,-5,-16,-14,-7,-5,-2,-6,8,0,8,2,4,2,2,2,2,4,2,0,0,7,-4,4,-9,-2,-11,-9,-9,-14,-1,-12,8,18,21,4,16,15,9,18,-2,12,-14,0,-18,-12,-14,-18,-1,-14,12,-1,17,12,12,16,0,10,-12,-1,-16,-24,-18,-12,4,-2,12,8,8,11,-3,2,-11,-9,-9,-13,2]"
CSI_DATA,114826,d8:b1:90:d9:de:f0,-59,11,-99,-39,61,56,1713545268,100,0,228,0,"[-15,-9,-17,-10,-17,-9,-16,-9,-15,-7,-13,-6,-13,-4,66,-4,-8,-2,-7,-2,-5,0,-4,0,-2,0,-1,0,0,0,1,0,2,0,4,0,5,0,6,2,6,3,42,4,7,7,7,9,6,11,6,13,5,15,4,17,0,0,1,22,1,22,0,24,0,25,-2,26,-2,25,-74,10,-2,22,0,19,0,17,2,13,4,10,4,6,5,3,6,0,6,-2,6,-4,6,-8,6,-10,6,-12,-83,0,5,-16,4,-17,4,-17,3,-17,3,-15,2,-13,2,-9,4,0,3,0,4,0,4,-2,4,-7,-2,-11,-10,-6,-24,0,-7,13,4,15,14,7,16,-6,6,-17,-8,-17,-18,-6,-17,9,-5,18,8,17,17,6,15,-6,6,-13,4,-6,-8,-6,-7,0,-5,2,-4,2,-4,4,-2,6,0,0,6,6,10,1,10,-5,5,-11,-2,-13,-10,-9,-17,22,-13,8,-6,14,4,15,15,8,17,-3,11,-13,-1,-17,-13,-11,-17,1,-10,13,3,17,13,8,15,-5,11,-28,-7,-12,-13,0,-6,11,6,9,12,0,6,-11,-5,-12]"
CSI_DATA,114827,d8:b1:90:d9:de:f0,-59,11,-99,-38,61,56,1713563905,100,0,228,0,"[7,16,6,17,6,18,6,17,5,16,4,14,4,12,64,-4,3,9,2,7,2,6,2,4,1,3,0,2,0,0,0,0,0,-1,0,-3,1,-4,2,-5,4,-6,41,4,8,-6,10,-6,12,-5,15,-4,16,-2,18,0,0,0,21,5,21,7,22,9,22,11,22,12,21,13,58,0,18,12,16,10,14,9,12,6,10,4,8,1,7,-1,6,-3,4,-5,2,-8,2,-10,1,-11,0,-13,2,0,0,-16,0,-18,0,-18,0,-17,1,-15,2,-12,2,-10,-2,-3,-2,-2,-3,-2,-6,-2,-8,2,-6,8,1,12,14,19,14,-1,10,-12,-1,-16,-13,-11,-18,0,-12,14,0,19,14,14,20,0,14,-12,2,-18,-9,-14,-14,-4,-6,-2,-4,8,0,7,2,4,2,2,2,2,4,3,0,0,8,-3,5,-8,0,-10,-6,-10,-12,-4,-14,4,10,24,-1,16,8,14,16,5,16,-4,9,-14,-2,-17,-13,-12,-17,0,-12,12,0,16,11,12,16,0,10,-12,-1,-30,-11,-7,-12,4,-2,12,8,8,12,-3,4,-12,-6,-11]"
CSI_DATA,114828,d8:b1:90:d9:de:f0,-59,11,-99,-38,61,56,1713573917,100,0,228,0,"[8,-16,9,-17,9,-16,8,-16,8,-15,7,-13,6,-12,64,-4,3,-8,2,-6,2,-5,2,-4,1,-2,0,0,0,0,0,2,0,2,-1,4,-3,5,-4,5,-6,6,41,4,-10,4,-12,2,-14,0,-14,-2,-16,-4,-16,-7,0,0,-16,-12,-17,-15,-16,-16,-17,-18,-15,-19,-15,-19,-8,9,-12,-18,-11,-16,-10,-13,-9,-10,-8,-6,-6,-4,-5,0,-6,2,-4,4,-3,7,-2,9,-1,12,0,14,5,0,0,17,0,18,0,18,0,16,0,15,0,12,-1,10,0,5,0,3,0,4,2,4,7,4,10,-2,7,-10,3,-23,-11,-8,-15,2,-10,12,2,17,14,10,18,-2,11,-15,-3,-18,-15,-12,-19,1,-12,13,0,16,8,11,3,8,8,-4,4,-5,2,-5,0,-5,-1,-6,-4,-5,0,0,-9,0,-8,8,-2,11,4,12,10,7,14,0,-2,-27,5,-14,-4,-14,-12,-10,-16,0,-12,11,-2,17,9,14,16,4,14,-8,4,-16,-8,-14,-16,-3,-12,9,-1,30,10,8,12,-2,3,-11,-8,-8,-10,2,-4,12,7,10]"
CSI_DATA,114829,d8:b1:90:d9:de:f0,-59,11,-99,-38,61,56,1713584214,100,0,228,0,"[-12,12,-14,13,-14,13,-12,12,-12,12,-10,10,-8,10,64,-4,-6,7,-4,6,-4,5,-2,4,-2,3,0,2,0,0,0,0,1,0,2,-2,4,-2,5,-2,6,-2,41,4,10,0,12,0,13,2,14,4,15,7,16,9,0,0,16,14,16,16,16,17,16,18,16,19,15,19,-2,0,13,17,12,15,11,12,10,9,10,6,8,3,7,0,6,-2,4,-5,4,-7,2,-9,2,-12,0,-13,2,0,-1,-17,-2,-18,-2,-18,-1,-16,0,-15,0,-13,0,-10,2,-4,1,-3,1,-4,0,-6,-6,-6,-10,-1,-10,8,-9,22,9,12,15,2,12,-10,1,-17,-12,-13,-18,0,-14,13,0,19,13,14,19,1,14,-12,2,-16,-8,-12,-3,-5,-9,4,-4,6,0,5,0,4,0,4,2,4,0,0,8,0,8,-4,4,-10,-2,-11,-9,-8,-14,0,1,26,-6,14,4,15,13,9,17,-1,12,-12,1,-17,-10,-13,-17,-2,-13,10,-1,17,11,12,16,0,10,-12,-2,-30,-12,-6,-11,6,0,12,10,7,12,-4,2,-13,-8,-10]"
CSI_DATA,114830,d8:b1:90:d9:de:f0,-58,11,-99,-36,60,56,1713594835,100,0,228,0,"[-19,-1,-20,-1,-19,-2,-19,-1,-17,-2,-15,0,-14,0,67,-4,-9,0,-7,0,-6,0,-4,0,-3,0,-1,0,0,0,0,0,2,-1,4,0,5,0,7,0,8,2,43,4,9,6,9,9,9,11,9,14,8,16,7,19,0,0,4,23,2,24,1,25,0,26,0,27,-2,26,-15,10,-1,23,0,20,0,17,1,14,2,10,3,7,4,4,5,0,6,-2,7,-4,7,-7,7,-9,8,-12,-90,0,9,-15,8,-16,9,-16,9,-16,7,-14,7,-11,6,-8,4,0,4,-2,4,-3,4,-6,0,-9,-7,-8,-13,-1,-23,9,-2,15,10,13,17,2,14,-11,1,-19,-13,-14,-20,0,-15,14,-1,21,13,15,19,2,14,-9,3,-15,3,-8,-9,-4,-7,0,-4,3,-3,3,-3,4,-1,6,0,0,7,7,11,1,10,-6,5,-12,-2,-14,-11,-10,-17,23,-14,8,-6,16,5,17,15,9,19,-2,12,-14,0,-19,-12,-12,-17,0,-12,12,0,16,12,10,15,-2,16,-26,-5,-12,-12,-2,-7,8,4,11,12,2,8,-9,-2,-13]"
CSI_DATA,114831,d8:b1:90:d9:de:f0,-59,11,-99,-38,61,56,1713616550,100,0,228,0,"[0,-18,1,-19,2,-19,1,-18,0,-17,0,-15,0,-13,64,-4,0,-9,0,-7,0,-6,0,-4,0,-2,0,-1,0,0,1,0,0,2,0,4,0,5,0,6,-2,8,41,4,-6,9,-8,9,-10,8,-13,8,-15,7,-18,6,0,0,-22,3,-23,1,-24,0,-25,-1,-25,-1,-25,-1,76,9,-22,-2,-20,-1,-17,0,-14,1,-10,2,-7,3,-4,4,-1,6,1,6,4,7,6,7,9,8,11,8,-61,0,15,8,16,9,16,8,15,8,13,8,10,6,8,5,1,4,2,3,2,4,5,3,8,0,8,-7,2,-12,-8,-22,-14,-2,-12,9,-2,16,11,14,18,1,14,-12,1,-19,-12,-15,-19,-1,-14,12,-2,18,10,14,14,4,7,3,4,-8,0,-7,-2,-5,-2,-4,-4,-3,-6,-1,0,0,-6,7,-1,10,5,9,12,5,12,-2,10,-10,-22,-16,-7,-13,-14,-6,-16,4,-10,13,0,17,12,12,17,0,13,-12,0,-17,-12,-12,-16,0,-10,12,2,16,26,16,12,-4,2,-12,-8,-8,-10,3,-2,11,8,9,13,-1]"
CSI_DATA,114832,d8:b1:90:d9:de:f0,-59,11,-99,-35,60,56,1713633882,100,0,228,0,"[11,15,11,16,11,17,9,16,9,15,8,13,6,11,66,-4,5,8,4,6,4,4,2,4,2,3,1,2,0,0,0,-1,-1,-2,-1,-3,-1,-4,-1,-6,0,-8,42,4,4,-10,6,-11,8,-11,12,-10,14,-10,17,-8,0,0,22,-6,24,-4,24,-2,26,-1,25,0,25,0,-77,0,22,2,19,1,17,0,13,-1,10,-2,7,-2,5,-4,2,-5,0,-6,-2,-8,-4,-8,-6,-9,-8,-11,85,10,-11,-13,-12,-13,-11,-13,-11,-13,-10,-12,-7,-11,-5,-8,-3,-2,-2,-2,-4,-2,-6,0,-6,5,-3,10,6,12,19,15,14,-6,6,-14,-6,-16,-16,-7,-17,6,-7,17,6,18,18,8,19,-6,8,-17,-4,-17,-14,-10,-15,1,-7,0,-2,10,2,6,4,4,3,2,4,2,6,0,0,0,5,-6,0,-11,-6,-9,-11,-5,-13,2,-9,10,21,17,6,14,15,6,17,-3,11,-13,0,-18,-12,-13,-17,-2,-14,10,-2,17,10,14,16,2,13,-10,1,-15,-21,-23,-13,1,-6,11,6,11,11,0,6,-10,-5,-12,-13,-3]"
CSI_DATA,114833,d8:b1:90:d9:de:f0,-59,11,-99,-39,61,56,1713653772,100,0,228,0,"[12,-13,13,-14,13,-14,12,-13,11,-13,9,-12,7,-11,66,-4,4,-8,4,-6,3,-5,2,-4,2,-2,1,-2,0,0,0,1,0,2,-1,2,-2,4,-4,4,-5,5,42,4,-9,5,-12,4,-13,4,-15,2,-17,1,-19,0,0,0,-22,-4,-23,-4,-24,-6,-24,-7,-24,-7,-24,-8,-83,9,-21,-6,-19,-4,-16,-2,-13,0,-11,0,-7,2,-4,4,-2,6,0,6,3,7,4,8,7,8,10,9,-70,0,13,10,15,10,15,9,15,9,13,8,11,7,8,6,-2,4,-1,4,0,5,2,7,7,5,11,-1,8,-10,5,-24,-11,-10,-15,1,-11,13,2,17,15,10,18,-3,11,-16,-4,-19,-17,-11,-19,4,-9,16,3,17,12,9,5,5,7,-6,2,-7,0,-5,-2,-3,-2,-3,-4,-2,0,0,-7,4,-4,9,2,11,8,8,13,2,13,-7,-16,-21,-3,-15,-13,-10,-17,1,-13,13,-1,18,11,14,17,2,13,-11,1,-17,-11,-13,-16,0,-11,11,1,15,24,17,13,-4,2,-12,-8,-8,-11,3,-2,11,9,8,13,-2]"
CSI_DATA,114834,d8:b1:90:d9:de:f0,-58,11,-99,-36,60,56,1713664154,100,0,228,0,"[1,19,0,19,0,19,0,19,-1,18,0,15,0,14,67,-4,0,9,0,8,0,7,0,4,0,3,0,2,0,1,0,0,0,-1,2,-2,2,-3,4,-4,6,-4,43,4,10,-4,12,-2,14,0,16,1,17,4,18,6,0,0,19,12,19,14,19,16,19,19,17,19,16,20,-6,0,14,18,12,16,11,14,10,9,9,7,7,3,7,0,6,-1,6,-4,5,-7,4,-9,4,-12,4,-13,52,0,4,-16,4,-18,5,-17,5,-16,5,-14,5,-12,4,-9,-1,-4,-1,-3,-2,-4,-5,-4,-9,0,-9,7,-2,13,7,24,15,3,14,-8,5,-16,-9,-16,-18,-4,-16,9,-5,19,9,18,19,7,19,-7,8,-16,-4,-17,-12,-9,-5,-4,-8,7,-2,7,0,5,1,4,1,4,2,4,0,0,8,-1,8,-5,3,-10,-2,-12,-10,-9,-14,0,2,27,-7,14,3,16,14,11,18,0,14,-12,3,-18,-9,-15,-17,-4,-15,8,-5,17,7,15,15,4,14,-8,7,-30,-9,-10,-13,1,-5,12,7,10,13,0,8,-11,-3,-13]"
CSI_DATA,114835,d8:b1:90:d9:de:f0,-59,11,-99,-38,61,56,1713684215,100,0,228,0,"[-2,18,-3,19,-3,19,-2,18,-2,17,-2,15,-1,13,64,-4,0,9,0,7,0,6,0,4,0,2,0,1,0,0,0,-1,0,-3,0,-4,0,-5,1,-6,2,-8,41,4,6,-8,8,-8,11,-8,14,-6,16,-6,18,-4,0,0,22,-2,23,0,24,0,24,2,25,2,25,2,-74,0,22,2,20,1,16,0,14,-1,10,-2,7,-4,4,-4,1,-6,-2,-6,-4,-7,-6,-8,-9,-8,-11,-8,56,10,-14,-8,-16,-8,-16,-8,-15,-8,-14,-6,-11,-6,-8,-4,-1,-4,-2,-3,-2,-4,-4,-4,-8,-1,-9,6,-3,13,7,24,15,4,14,-8,3,-16,-9,-14,-18,-2,-15,11,-2,19,12,16,19,3,15,-11,3,-18,-9,-14,-14,-4,-7,-3,-5,8,0,7,2,5,3,4,4,4,6,2,0,0,6,-6,1,-10,-5,-10,-10,-5,-12,2,-9,9,21,16,6,13,14,6,16,-2,10,-12,0,-17,-12,-12,-18,0,-13,11,-1,17,11,12,16,0,10,-12,-2,-15,-26,-16,-13,5,-2,12,8,8,11,-3,2,-12,-9,-9,-13,2]"
CSI_DATA,114836,d8:b1:90:d9:de:f0,-59,11,-99,-39,61,56,1713694328,100,0,228,0,"[1,-18,1,-19,0,-19,0,-19,0,-17,0,-15,0,-13,66,-4,-1,-8,-2,-6,-1,-5,-1,-3,0,-2,0,-1,0,0,1,0,1,2,1,4,1,5,0,6,0,8,42,4,-2,10,-4,11,-6,11,-9,12,-11,12,-14,12,0,0,-18,12,-20,11,-22,11,-23,11,-23,11,-23,11,-83,9,-19,10,-17,10,-13,9,-11,8,-6,8,-3,7,0,6,2,5,5,4,8,2,10,1,12,0,14,-1,-19,0,17,-4,17,-4,17,-5,16,-5,14,-4,12,-4,9,-2,1,4,2,3,2,3,4,3,8,0,8,-6,1,-13,-11,-22,-15,0,-11,11,0,17,13,12,18,-1,11,-15,-2,-19,-15,-11,-19,3,-11,15,2,17,13,10,14,0,7,0,2,-9,-3,-6,-3,-4,-4,-2,-5,-2,-6,1,0,0,-2,9,4,9,9,6,12,0,9,-8,3,-13,-27,-2,-13,-7,-15,1,-11,11,-1,17,10,14,17,3,15,-9,3,-17,-10,-14,-17,-2,-12,11,0,16,12,10,30,-6,6,-12,-6,-11,-12,0,-5,11,6,10,13,0,7,-11]"
CSI_DATA,114837,d8:b1:90:d9:de:f0,-59,11,-99,-36,60,56,1713714282,100,0,228,0,"[-17,6,-19,6,-19,6,-18,6,-16,6,-14,5,-12,4,67,-4,-8,4,-7,4,-5,3,-3,2,-2,1,-1,0,0,0,0,0,2,-1,3,-1,4,-1,6,0,7,0,43,4,10,2,11,5,12,7,12,10,12,13,11,15,0,0,10,20,9,22,8,24,7,25,7,25,7,24,47,0,6,21,6,19,6,16,6,12,6,9,6,5,7,2,6,0,6,-3,6,-5,5,-9,5,-11,4,-13,72,0,4,-17,4,-18,4,-17,4,-17,3,-15,3,-13,2,-9,3,-2,2,-2,2,-3,1,-7,-2,-8,-9,-5,-12,3,-18,16,3,15,14,8,16,-4,9,-16,-5,-17,-16,-9,-19,6,-9,18,6,19,17,9,17,-4,9,-14,-2,-14,0,-7,-9,0,-6,3,-3,4,-2,4,-1,4,0,6,0,0,7,4,9,-2,7,-8,2,-12,-5,-12,-12,-6,-7,26,-10,11,-2,16,8,14,16,6,16,-6,8,-16,-4,-17,-15,-9,-16,4,-8,15,5,16,15,7,14,-7,7,-30,-9,-11,-13,1,-5,12,7,10,13,0,7,-12,-5,-12]"
CSI_DATA,114838,d8:b1:90:d9:de:f0,-59,11,-99,-35,60,56,1713724987,100,0,228,0,"[-9,-15,-10,-16,-10,-16,-9,-16,-8,-15,-8,-13,-7,-11,66,-4,-6,-6,-4,-6,-4,-4,-2,-3,-2,-2,0,-1,0,0,0,0,1,1,2,3,2,4,2,6,2,7,42,4,0,11,-2,12,-4,13,-6,15,-9,15,-11,15,0,0,-16,16,-18,15,-19,15,-21,15,-22,14,-21,13,-64,9,-18,12,-16,11,-13,10,-10,9,-6,8,-3,7,0,6,2,5,5,4,7,3,9,2,11,1,14,0,-24,0,17,-1,18,-1,17,-2,17,-2,15,-1,13,0,10,0,3,2,3,2,4,2,7,0,7,-5,2,-11,-6,-11,-21,-13,-14,7,-4,15,8,15,17,4,16,-9,4,-18,-10,-17,-19,-4,-16,11,-4,19,9,16,16,5,13,-6,6,-2,-1,-10,-4,-5,-4,-2,-4,0,-4,0,-5,2,0,0,-1,8,4,8,10,5,12,-1,9,-9,2,-14,-27,-1,-13,-8,-16,2,-11,13,0,17,11,14,17,2,14,-10,2,-17,-10,-13,-17,-2,-13,11,0,16,11,11,30,-2,6,-11,-5,-11,-12,-1,-6,9,5,11,13,2,9,-9]"
CSI_DATA,114839,d8:b1:90:d9:de:f0,-59,11,-99,-37,61,56,1713743939,100,0,228,0,"[-7,-15,-8,-16,-8,-16,-8,-16,-7,-15,-7,-13,-6,-11,62,-4,-5,-7,-4,-5,-3,-3,-2,-3,-1,-1,0,-1,0,0,0,1,1,1,1,3,1,3,1,5,1,7,40,3,-1,10,-3,11,-5,12,-7,12,-9,12,-12,12,0,0,-16,12,-18,12,-20,12,-22,11,-22,11,-22,10,-78,9,-19,10,-16,9,-13,9,-11,8,-7,7,-3,7,-1,7,2,5,5,5,7,4,10,4,12,3,14,1,-22,0,16,0,18,0,18,0,16,-1,14,0,12,0,9,0,3,2,2,1,3,2,5,0,7,-3,4,-9,-3,-12,-18,-14,-14,5,-7,14,6,15,16,5,16,-7,5,-17,-8,-16,-18,-5,-17,8,-5,17,7,16,14,6,13,-4,5,-1,0,-9,-3,-5,-3,-2,-4,-1,-4,0,-5,1,0,0,-1,9,3,9,9,5,11,0,9,-7,3,-12,-25,-3,-12,-7,-14,1,-11,10,-2,16,9,14,16,4,15,-8,5,-16,-7,-15,-16,-5,-14,8,-2,15,10,11,31,0,8,-11,-4,-12,-12,-2,-7,9,3,12,12,3,10,-8]"
CSI_DATA,114840,d8:b1:90:d9:de:f0,-59,11,-99,-39,61,56,1713754743,100,0,228,0,"[-13,-11,-13,-13,-13,-13,-13,-13,-12,-11,-11,-11,-9,-8,66,-4,-7,-6,-6,-4,-4,-3,-3,-2,-2,-1,-1,-1,0,0,0,0,2,1,2,2,3,3,4,5,3,6,42,4,2,11,0,13,0,14,-2,15,-4,17,-6,18,0,0,-11,19,-13,19,-15,20,-16,19,-17,19,-16,18,-21,9,-14,16,-12,15,-10,13,-6,12,-4,10,-1,7,1,6,4,4,6,2,8,1,9,0,11,-2,13,-2,-26,0,16,-5,16,-6,17,-6,16,-6,14,-5,12,-4,9,-3,4,2,4,1,5,0,6,-2,6,-7,0,-11,-8,-9,-24,-8,-11,10,0,16,12,12,17,0,12,-13,0,-19,-14,-13,-19,1,-13,15,0,19,13,13,17,0,11,-9,6,-3,-4,-9,-6,-4,-5,0,-4,0,-4,1,-4,4,0,0,0,8,6,7,11,2,11,-4,6,-11,-1,-14,-26,6,-15,-3,-15,7,-6,15,5,17,15,9,18,-3,11,-14,-2,-17,-13,-10,-17,2,-9,13,4,15,14,7,28,-10,3,-13,-8,-9,-11,2,-3,11,8,9,13,-2,6,-11]"
CSI_DATA,114841,d8:b1:90:d9:de:f0,-59,11,-99,-39,61,56,1713774018,100,0,228,0,"[-16,6,-17,6,-18,6,-17,6,-16,5,-14,5,-12,4,66,-4,-8,3,-6,3,-5,2,-4,2,-2,1,-2,0,0,0,0,0,2,0,2,-1,4,-1,6,0,7,0,42,4,10,4,11,6,11,8,12,11,12,13,11,16,0,0,10,20,9,22,8,24,7,24,6,24,5,24,26,0,4,21,4,19,4,15,5,13,5,8,5,5,5,2,6,0,6,-3,6,-5,6,-8,6,-10,6,-12,84,0,6,-15,6,-17,6,-17,6,-16,6,-14,5,-11,4,-9,4,-2,3,-3,2,-4,1,-7,-4,-8,-11,-4,-13,4,-17,17,4,15,14,8,16,-4,8,-15,-5,-17,-17,-8,-18,6,-8,17,6,19,17,9,18,-4,9,-13,-1,-15,0,-6,-9,0,-6,3,-3,4,-2,4,0,4,0,5,0,0,7,4,10,-1,8,-7,2,-12,-5,-13,-13,-7,-11,24,-12,11,-3,17,8,15,17,6,17,-6,8,-16,-4,-17,-15,-8,-17,4,-8,14,4,16,14,7,15,-6,11,-28,-7,-11,-13,0,-6,11,6,10,12,0,7,-11,-4,-12]"
CSI_DATA,114842,d8:b1:90:d9:de:f0,-58,11,-99,-36,60,56,1713794298,100,0,228,0,"[7,17,7,18,7,19,7,17,7,16,7,14,7,12,67,-4,5,7,4,6,3,4,2,3,1,2,0,1,0,0,-1,0,-2,0,-3,-2,-4,-3,-4,-5,-4,-7,43,4,-2,-11,-2,-12,0,-14,1,-16,2,-18,4,-19,0,0,8,-21,9,-22,10,-23,12,-24,12,-24,12,-24,-27,0,9,-21,7,-19,5,-16,2,-14,0,-10,-1,-7,-3,-4,-5,-2,-6,0,-7,2,-8,5,-9,7,-9,10,69,10,-9,14,-9,15,-9,16,-9,15,-7,14,-6,11,-5,9,-2,-4,-3,-3,-4,-2,-7,0,-8,4,-3,11,5,12,21,14,14,-7,4,-16,-9,-14,-17,-3,-15,11,-2,19,12,15,20,2,15,-13,1,-19,-12,-14,-16,-2,-12,8,-7,3,4,9,7,4,6,1,4,0,5,-2,4,-4,0,0,-2,-9,-9,-6,-12,0,-10,7,-3,13,5,14,25,-13,16,-1,12,-12,2,-17,-11,-15,-18,-3,-15,9,-4,18,9,16,17,4,14,-10,2,-17,-11,-12,-16,0,-19,25,4,13,12,2,8,-8,-4,-11,-12,-2,-9,9,2,13]"
CSI_DATA,114843,d8:b1:90:d9:de:f0,-59,11,-99,-35,60,56,1713804290,100,0,228,0,"[-8,-16,-8,-17,-8,-17,-6,-17,-6,-16,-6,-14,-4,-12,66,-4,-3,-8,-3,-6,-2,-4,-1,-3,0,-2,0,-1,1,0,2,0,2,2,2,4,2,5,1,6,0,8,42,4,-3,11,-6,11,-8,12,-11,12,-14,11,-17,10,0,0,-22,8,-24,6,-24,5,-26,4,-26,2,-26,2,77,9,-22,0,-19,0,-17,0,-13,1,-10,2,-6,3,-3,4,0,5,2,5,4,6,6,6,9,7,11,8,-49,0,15,8,15,10,15,9,13,9,12,8,10,8,7,6,4,4,4,2,4,2,7,0,8,-4,4,-11,-4,-12,-17,-16,-15,4,-7,15,5,16,16,8,17,-6,8,-17,-6,-18,-17,-9,-18,5,-11,16,2,17,13,11,15,0,8,2,2,-10,-2,-8,-3,-5,-4,-4,-5,-2,-7,0,0,0,-4,8,1,11,7,8,13,3,13,-4,8,-13,-24,-15,-9,-13,-16,-5,-17,6,-9,15,2,18,13,11,17,0,13,-12,0,-17,-12,-12,-16,0,-11,11,1,15,25,17,13,-3,3,-11,-7,-8,-10,2,-3,11,7,9,13,0]"
CSI_DATA,114844,d8:b1:90:d9:de:f0,-58,11,-99,-36,60,56,1713817602,100,0,228,0,"[-18,-4,-19,-5,-19,-5,-18,-5,-17,-5,-14,-4,-13,-4,67,-4,-9,-2,-7,-1,-5,-1,-4,-1,-2,0,-1,0,0,0,1,0,2,0,4,0,4,2,6,3,7,4,43,4,6,9,4,12,4,14,2,16,0,18,-1,20,0,0,-6,22,-8,23,-9,24,-12,24,-13,24,-13,23,24,10,-12,19,-9,17,-8,15,-5,14,-2,10,0,8,2,5,4,4,7,2,8,0,10,-2,12,-3,13,-4,-33,0,15,-7,16,-8,16,-9,16,-8,14,-7,12,-5,9,-4,5,0,4,-1,4,-2,4,-4,2,-9,-4,-10,-12,-4,-25,2,-6,14,6,16,16,7,16,-7,7,-18,-8,-17,-19,-6,-18,8,-7,19,7,19,17,8,16,-4,9,-12,6,-5,-7,-8,-7,-2,-6,0,-4,1,-4,2,-4,5,0,0,4,9,9,5,12,0,10,-7,4,-14,-4,-14,-26,12,-16,0,-14,10,-4,17,7,16,16,7,18,-5,9,-16,-3,-18,-15,-9,-17,4,-9,15,4,16,15,6,29,-13,2,-14,-9,-9,-12,2,-2,12,9,9,13,-2,7,-12]"
CSI_DATA,114845,d8:b1:90:d9:de:f0,-58,11,-99,-36,60,56,1713833899,100,0,228,0,"[-19,-2,-20,-3,-20,-3,-19,-3,-18,-3,-15,-2,-14,-2,67,-4,-9,0,-7,0,-6,0,-4,0,-2,0,-1,0,0,0,1,0,2,0,4,0,5,0,7,2,7,4,43,4,7,8,7,11,5,13,4,16,2,18,0,19,0,0,-2,23,-5,24,-7,25,-9,25,-11,24,-10,24,64,10,-9,21,-8,19,-6,16,-4,14,-1,11,0,8,2,5,4,3,7,1,8,-1,10,-3,12,-4,12,-7,-40,0,14,-9,15,-10,16,-9,15,-9,13,-7,12,-6,9,-4,5,-1,4,-2,4,-2,4,-5,1,-9,-6,-9,-12,-3,-24,5,-4,15,8,14,16,4,16,-9,4,-19,-9,-16,-19,-4,-17,10,-5,19,9,17,17,6,16,-6,7,-13,5,-6,-7,-7,-7,-2,-5,0,-4,2,-4,3,-3,6,0,0,4,8,9,4,12,-2,9,-9,2,-14,-6,-13,-24,15,-16,2,-12,12,-2,18,9,15,18,5,17,-7,7,-16,-5,-17,-16,-8,-17,5,-7,16,7,15,16,4,27,-16,1,-14,-10,-8,-12,4,-2,12,9,8,13,-3,5,-12]"
CSI_DATA,114846,d8:b1:90:d9:de:f0,-59,11,-99,-39,61,56,1713846647,100,0,228,0,"[15,10,15,11,15,11,15,11,14,10,13,8,11,6,66,-4,8,4,6,3,5,2,4,1,2,1,1,0,0,0,-2,0,-2,0,-4,-1,-4,-2,-5,-4,-6,-4,42,4,-5,-10,-4,-11,-3,-13,-2,-15,0,-17,1,-19,0,0,5,-21,7,-22,8,-22,10,-23,11,-23,11,-22,-41,0,9,-19,7,-18,5,-15,2,-13,0,-10,-1,-7,-3,-5,-5,-2,-6,0,-8,2,-9,4,-11,6,-11,8,48,10,-12,11,-13,13,-12,13,-11,13,-10,11,-8,8,-6,7,-4,-1,-3,0,-4,0,-6,2,-4,6,2,11,9,8,24,4,10,-11,-2,-15,-13,-10,-17,2,-9,15,4,18,16,10,19,-4,11,-16,-4,-18,-15,-10,-15,2,-9,11,-6,4,6,8,6,3,5,0,4,-1,4,-2,4,-5,0,0,-4,-8,-9,-4,-11,1,-9,8,-2,13,5,12,24,-14,15,-1,11,-11,2,-16,-9,-14,-17,-4,-16,8,-6,17,6,16,17,6,15,-7,4,-15,-8,-13,-15,-2,-23,20,1,14,11,5,10,-6,0,-12,-11,-5,-11,6,-1,13]"
