CSI_DATA,55868,d8:b1:90:d9:de:f0,-47,11,-99,-34,48,116,822008800,100,0,114,0,"[19,46,15,52,13,58,13,60,7,60,7,58,5,58,3,52,5,50,5,48,3,46,5,46,7,44,7,46,9,48,9,50,11,50,9,50,11,52,13,54,13,54,15,56,15,56,15,56,15,52,15,50,15,52,15,50,0,0,17,48,17,50,17,50,21,52,21,52,23,54,23,56,25,56,23,56,25,54,25,50,25,50,25,48,27,46,23,44,23,42,25,40,25,40,29,42,31,46,32,46,34,52,36,54,36,58,34,62,32,62,29,60,23,54]"
CSI_DATA,55869,d8:b1:90:d9:de:f0,-47,11,-99,-33,48,116,822029415,100,0,114,0,"[47,13,52,16,56,20,56,24,54,24,54,24,48,24,48,22,45,20,45,20,43,18,43,16,43,15,43,13,45,13,48,11,48,11,48,9,52,7,54,5,54,3,54,3,54,1,54,1,50,0,50,0,50,-1,50,-3,0,0,50,-5,48,-7,52,-9,52,-9,54,-13,54,-13,56,-15,54,-15,56,-18,50,-18,50,-18,50,-20,47,-20,45,-22,41,-22,41,-24,39,-24,39,-28,39,-28,43,-32,45,-35,47,-39,47,-39,50,-43,52,-43,56,-43,52,-35,50,-32]"
CSI_DATA,55870,d8:b1:90:d9:de:f0,-47,11,-99,-35,48,116,822048788,100,0,114,0,"[-11,-51,-7,-57,-5,-59,-3,-59,-1,-65,-1,-61,0,-61,1,-57,-1,-51,0,-51,-1,-47,-1,-49,-3,-45,-3,-47,-5,-49,-7,-49,-7,-49,-9,-53,-11,-55,-11,-55,-11,-57,-15,-57,-15,-55,-15,-53,-15,-53,-15,-51,-15,-51,-15,-49,0,0,-19,-47,-19,-49,-21,-49,-23,-51,-23,-53,-25,-53,-27,-53,-29,-55,-29,-51,-29,-53,-29,-49,-29,-49,-29,-45,-29,-41,-29,-41,-29,-39,-31,-37,-31,-37,-35,-37,-35,-41,-41,-41,-41,-43,-45,-45,-47,-51,-47,-51,-43,-51,-41,-53,-35,-53]"
CSI_DATA,55871,d8:b1:90:d9:de:f0,-47,11,-99,-35,48,116,822058924,100,0,114,0,"[-31,-41,-31,-47,-29,-51,-27,-55,-23,-57,-23,-57,-19,-55,-17,-53,-17,-49,-17,-47,-15,-45,-15,-45,-15,-45,-15,-43,-17,-45,-17,-47,-19,-47,-17,-49,-19,-51,-21,-51,-21,-53,-21,-53,-21,-51,-21,-53,-21,-47,-21,-51,-21,-47,-19,-47,0,0,-21,-47,-19,-47,-21,-51,-23,-49,-23,-53,-23,-53,-25,-53,-25,-53,-23,-53,-25,-51,-25,-51,-25,-49,-23,-47,-25,-45,-21,-43,-23,-45,-23,-41,-25,-45,-25,-45,-27,-47,-29,-49,-29,-53,-31,-55,-31,-63,-29,-63,-27,-65,-21,-65,-17,-61]"
CSI_DATA,55872,d8:b1:90:d9:de:f0,-46,11,-99,-35,48,116,822078772,100,0,114,0,"[37,37,35,45,33,51,31,55,27,59,23,59,19,57,17,55,13,51,13,49,11,49,11,49,9,43,11,45,11,47,11,49,9,53,9,53,7,57,9,57,9,57,7,57,7,57,5,57,3,55,3,53,3,55,1,51,0,0,1,53,0,53,-1,57,-1,57,-1,57,-3,61,-3,63,-5,61,-7,61,-5,59,-5,57,-7,57,-7,53,-7,53,-9,51,-9,51,-9,49,-9,49,-9,53,-11,55,-11,57,-17,63,-17,65,-21,65,-25,67,-31,65,-35,57,-35,51]"
CSI_DATA,55873,d8:b1:90:d9:de:f0,-47,11,-99,-37,49,116,822088801,100,0,114,0,"[5,-50,16,-56,18,-54,16,-60,16,-60,20,-60,18,-56,24,-52,11,-47,15,-47,22,-43,11,-45,15,-41,13,-45,3,-47,11,-45,5,-47,7,-50,9,-50,3,-54,0,-52,0,-54,0,-60,-1,-54,-3,-54,-3,-50,-9,-47,-5,-48,0,0,-9,-47,-9,-50,-7,-50,-13,-52,-15,-54,-16,-54,-16,-50,-18,-54,-18,-56,-20,-48,-22,-50,-22,-47,-26,-45,-26,-41,-22,-45,-22,-41,-28,-37,-28,-43,-30,-37,-30,-39,-33,-41,-41,-48,-41,-45,-41,-48,-47,-52,-43,-54,-37,-56,-30,-50]"
CSI_DATA,55874,d8:b1:90:d9:de:f0,-47,11,-99,-34,48,116,822098905,100,0,114,0,"[-31,-42,-31,-46,-31,-50,-27,-56,-27,-56,-25,-56,-23,-56,-19,-52,-17,-48,-17,-48,-19,-44,-17,-46,-19,-42,-21,-44,-23,-44,-25,-46,-25,-46,-27,-46,-29,-50,-29,-48,-29,-50,-29,-50,-29,-50,-31,-48,-29,-48,-31,-46,-31,-44,-29,-42,0,0,-31,-42,-32,-42,-34,-44,-36,-42,-36,-44,-36,-48,-36,-46,-36,-48,-38,-46,-38,-44,-40,-42,-38,-42,-36,-38,-36,-36,-38,-34,-36,-32,-36,-32,-38,-32,-40,-34,-42,-36,-44,-36,-48,-40,-50,-40,-52,-44,-52,-46,-48,-48,-46,-48,-40,-48]"
CSI_DATA,55875,d8:b1:90:d9:de:f0,-47,11,-99,-33,48,116,822108987,100,0,114,0,"[26,41,24,48,20,54,18,56,15,58,13,56,11,54,9,52,9,50,7,48,7,48,7,47,7,45,7,45,9,47,7,50,9,48,9,48,9,50,9,50,9,54,9,54,11,54,9,54,7,50,9,50,9,48,9,48,0,0,7,48,5,48,7,52,9,52,9,54,7,56,9,56,7,58,7,58,9,56,9,54,7,52,7,50,7,50,7,47,7,48,9,45,7,47,9,48,9,52,11,54,9,60,9,62,7,65,3,67,1,67,-3,62,-7,60]"
CSI_DATA,55876,d8:b1:90:d9:de:f0,-47,11,-99,-33,48,116,822129143,100,0,114,0,"[50,7,56,11,60,15,62,16,58,20,56,20,52,22,52,18,48,16,48,13,47,13,47,13,45,11,47,9,47,7,50,7,50,5,50,7,52,5,54,1,54,1,56,0,54,-3,54,-1,52,-3,50,-3,50,-5,50,-7,0,0,48,-9,48,-9,50,-9,52,-11,54,-15,54,-16,56,-18,56,-20,56,-20,54,-22,52,-22,50,-22,47,-22,45,-24,43,-24,43,-22,41,-26,41,-28,41,-32,41,-33,43,-35,47,-39,47,-41,52,-43,54,-43,56,-41,54,-35,50,-30]"
CSI_DATA,55877,d8:b1:90:d9:de:f0,-47,11,-99,-33,48,116,822148788,100,0,114,0,"[-13,-48,-9,-56,-7,-58,-3,-60,-1,-64,0,-62,0,-60,3,-54,1,-50,1,-48,1,-47,0,-47,0,-47,-1,-47,-1,-48,-3,-48,-3,-48,-3,-52,-3,-52,-5,-54,-5,-54,-7,-56,-7,-54,-7,-54,-7,-52,-7,-52,-9,-50,-7,-48,0,0,-9,-48,-9,-48,-9,-50,-11,-54,-13,-56,-13,-56,-15,-56,-15,-56,-15,-56,-15,-54,-15,-54,-16,-52,-15,-50,-16,-47,-16,-47,-15,-45,-18,-45,-18,-45,-20,-45,-20,-48,-24,-50,-24,-54,-26,-58,-24,-62,-24,-64,-20,-64,-16,-64,-11,-58]"
CSI_DATA,55878,d8:b1:90:d9:de:f0,-47,11,-99,-33,48,116,822158870,100,0,114,0,"[7,50,3,56,-1,58,-5,58,-5,64,-7,60,-11,58,-13,54,-9,50,-11,48,-11,45,-11,47,-11,45,-11,47,-11,47,-11,48,-11,48,-11,52,-11,54,-13,54,-11,52,-11,54,-11,54,-9,52,-11,52,-13,50,-13,50,-13,47,0,0,-13,48,-13,50,-13,50,-13,52,-13,54,-13,54,-13,54,-15,56,-15,56,-16,56,-15,54,-15,54,-15,50,-13,47,-11,48,-11,47,-11,47,-11,47,-11,48,-13,50,-13,54,-15,58,-18,60,-22,64,-24,62,-28,60,-30,58,-32,52]"
CSI_DATA,55879,d8:b1:90:d9:de:f0,-47,11,-99,-33,48,116,822178982,100,0,114,0,"[-26,-43,-26,-50,-26,-52,-24,-54,-24,-56,-22,-54,-20,-54,-18,-52,-20,-48,-18,-45,-20,-43,-20,-43,-20,-41,-20,-41,-26,-43,-28,-41,-30,-41,-30,-43,-33,-43,-33,-41,-33,-43,-37,-43,-37,-41,-39,-37,-37,-37,-35,-37,-35,-35,-37,-33,0,0,-39,-28,-39,-30,-41,-28,-43,-28,-45,-30,-47,-30,-48,-28,-48,-30,-48,-26,-48,-24,-50,-24,-48,-22,-47,-18,-45,-16,-45,-16,-45,-13,-45,-11,-47,-11,-50,-9,-52,-9,-56,-9,-60,-7,-62,-9,-67,-11,-67,-11,-67,-13,-64,-15,-58,-16]"
CSI_DATA,55880,d8:b1:90:d9:de:f0,-47,11,-99,-34,48,116,822199493,100,0,114,0,"[-25,44,-32,48,-38,48,-42,46,-44,42,-44,38,-44,34,-44,31,-40,31,-40,29,-38,27,-38,25,-38,25,-36,25,-38,27,-40,27,-40,27,-44,27,-46,29,-46,29,-46,29,-48,29,-46,29,-46,27,-46,27,-46,27,-46,25,-44,25,0,0,-46,23,-46,23,-48,23,-50,23,-52,23,-54,23,-54,25,-54,23,-54,21,-52,23,-52,21,-50,21,-48,21,-46,19,-46,17,-46,17,-44,17,-46,17,-48,17,-50,19,-54,19,-56,19,-60,19,-67,17,-67,15,-67,9,-67,3,-63,0]"
CSI_DATA,55881,d8:b1:90:d9:de:f0,-54,11,-99,-38,55,116,822218926,100,0,228,0,"[16,-4,15,-6,13,-9,10,-12,6,-15,2,-16,0,-18,94,-6,-8,-18,-11,-18,-14,-16,-16,-15,-19,-13,-20,-12,-20,-10,-20,-8,-20,-7,-17,-5,-14,-3,-9,-3,-3,-2,56,5,6,-4,11,-4,16,-5,19,-5,22,-5,24,-6,0,0,24,-7,23,-5,20,-4,17,-2,13,0,8,1,116,0,-1,10,-6,13,-11,18,-14,20,-17,21,-18,23,-18,23,-18,23,-17,23,-15,21,-14,20,-12,18,-9,15,-110,14,-5,7,-2,2,0,-2,1,-7,3,-11,5,-14,7,-14,1,-2,0,-8,-8,-9,-17,0,-15,14,0,22,17,17,19,-20,13,-18,-3,-21,-18,-9,-16,6,-3,15,8,10,10,-1,1,-8,-7,-2,-5,9,7,12,20,0,15,-18,-1,-31,-24,-15,-29,7,-14,27,8,27,22,11,21,-6,0,0,-2,-12,-6,-5,-3,-2,-4,-3,-9,-3,-14,4,-7,22,2,22,19,14,24,-2,14,-17,0,-20,-12,-11,-12,0,-7,3,-4,3,-4,3,-4,9,1,14,15,13,18,10,22,-23,0,-36,-27,-29,-41,-2,-31,25,-4,37,17,26]"
CSI_DATA,55882,d8:b1:90:d9:de:f0,-53,11,-99,-40,55,116,822238668,100,0,228,0,"[-8,15,-5,17,-2,17,2,17,6,17,10,15,14,13,99,-7,19,9,21,7,22,5,23,2,24,0,24,-2,25,-3,23,-4,22,-5,19,-4,16,-3,11,-1,6,2,59,6,-4,8,-9,10,-13,12,-16,14,-18,16,-20,16,0,0,-21,16,-20,14,-19,12,-16,9,-14,5,-9,0,-120,15,0,-11,4,-16,8,-19,11,-23,14,-26,16,-27,16,-27,16,-26,15,-26,14,-23,13,-22,12,-20,10,-17,129,0,6,-8,4,-3,2,3,-2,8,-5,12,-7,14,-9,15,1,4,6,6,14,0,14,-12,2,-21,-15,-18,-24,-2,0,30,1,24,17,15,21,-3,10,-16,-6,-16,-14,-4,-9,7,3,8,8,-2,0,-12,-14,-8,-18,9,-6,25,18,28,31,4,24,-21,3,-31,-19,-22,-27,-2,-18,14,0,0,7,12,8,4,6,1,6,2,12,1,13,-9,2,-24,-9,-22,-23,-10,-23,8,-12,21,5,21,14,10,14,-1,8,-5,4,-5,4,-5,4,-10,-3,-15,-17,-13,-19,-10,-22,25,0,38,27,31,44,5,34,-25,8,-39,-16,-28]"
CSI_DATA,55883,d8:b1:90:d9:de:f0,-54,11,-99,-38,55,116,822248669,100,0,228,0,"[6,14,8,13,11,11,13,8,15,5,17,1,19,0,94,-6,18,-6,18,-9,18,-11,18,-14,16,-15,16,-17,14,-18,13,-18,11,-17,10,-14,8,-11,6,-7,4,-2,56,5,0,8,0,12,-1,16,-4,20,-5,22,-6,23,0,0,-7,23,-8,22,-9,18,-8,15,-8,10,-7,4,-108,14,-4,-8,-3,-14,-2,-20,0,-25,0,-28,1,-29,1,-29,3,-30,2,-28,2,-27,2,-23,2,-21,2,-18,70,0,2,-9,1,-3,2,1,0,6,0,12,-2,15,-4,17,3,0,8,0,8,-9,0,-17,-14,-14,-22,0,-16,16,19,18,16,15,21,-1,11,-16,-3,-18,-14,-6,-11,6,0,10,7,2,3,-6,-7,-8,-15,3,-7,18,10,22,29,10,26,-15,6,-30,-16,-25,-27,-6,-21,13,-5,21,0,0,12,4,8,0,4,-2,5,0,9,-4,7,-13,-9,-20,-17,-13,-24,0,-17,17,0,23,13,15,16,1,11,-5,4,-7,1,-4,1,-6,0,-9,-7,-12,-19,-5,-20,-3,-12,29,12,34,34,19,39,-9,22,-33,-3,-36,-22,-21]"
CSI_DATA,55884,d8:b1:90:d9:de:f0,-54,11,-99,-38,55,116,822258693,100,0,228,0,"[-11,13,-9,14,-7,15,-3,17,0,18,3,18,7,17,94,-6,13,16,15,15,17,14,19,12,20,11,21,9,22,9,21,7,20,6,17,5,14,3,9,2,3,1,56,5,-7,0,-12,0,-16,-1,-20,-2,-22,-3,-24,-4,0,0,-24,-5,-22,-5,-20,-6,-16,-5,-11,-6,-5,-5,-57,14,7,-3,14,-1,19,0,23,0,27,1,29,2,30,4,28,4,28,4,25,4,23,3,20,4,17,3,-38,0,8,1,2,0,-2,0,-7,-1,-12,-4,-14,-5,-15,-7,-1,2,1,7,11,6,16,-4,9,-18,-6,-22,-21,-10,-11,25,-8,21,9,20,19,5,15,-9,1,-16,-10,-9,-10,2,0,9,8,3,7,-8,-5,-15,-20,-5,-20,14,-4,29,19,23,30,0,22,-20,0,-28,-16,-19,-21,-1,0,0,-2,12,3,7,1,2,0,4,3,9,12,7,19,-7,14,-17,-1,-24,-17,-16,-23,0,-15,13,-1,16,5,10,7,2,4,0,3,2,8,1,12,-5,8,-17,5,-21,-26,-16,-34,5,-24,30,1,40,28,28,36,1,24,-18]"
CSI_DATA,55885,d8:b1:90:d9:de:f0,-53,11,-99,-40,55,116,822278666,100,0,228,0,"[-16,5,-15,8,-13,10,-10,13,-6,16,-3,17,2,19,99,-7,8,20,12,20,14,18,16,17,19,16,20,14,21,13,20,11,20,10,17,9,15,6,10,5,3,4,59,6,-8,2,-13,1,-18,2,-21,1,-24,1,-26,1,0,0,-26,1,-25,0,-23,0,-19,-1,-13,-2,-8,-5,-107,15,5,-9,11,-10,17,-12,22,-14,25,-15,26,-15,27,-15,27,-15,26,-15,24,-14,22,-14,20,-12,16,-10,-56,0,9,-4,5,-1,-1,3,-6,7,-9,9,-13,11,-15,10,-3,3,-1,9,9,11,18,2,17,-13,2,-23,-15,-19,-20,21,-15,18,3,22,17,11,17,-6,6,-15,-8,-11,-11,1,-2,8,9,3,7,-10,-6,-15,-21,-5,-21,17,-3,32,22,22,32,-1,20,-24,-3,-29,-21,-17,-23,3,0,0,0,14,6,8,3,4,4,6,8,7,16,0,15,-19,4,-23,-13,-22,-25,-5,-21,13,-6,21,8,16,13,6,9,-1,6,-3,6,-2,8,-7,5,-15,-9,-19,-12,-18,-31,10,-17,33,11,40,37,22,42,-8,23,-30,-3,-32]"
CSI_DATA,55886,d8:b1:90:d9:de:f0,-53,11,-99,-40,55,116,822288907,100,0,228,0,"[-12,12,-10,14,-7,15,-3,16,1,17,5,17,9,17,99,-7,15,15,18,14,19,13,22,11,22,10,24,8,23,7,23,6,22,4,19,4,15,4,10,4,4,3,59,6,-8,3,-13,3,-18,4,-21,3,-24,3,-25,3,0,0,-26,2,-25,1,-22,0,-18,-2,-14,-3,-7,-5,-93,15,6,-8,12,-9,19,-11,23,-11,27,-11,29,-11,30,-10,29,-9,28,-9,26,-8,24,-7,21,-6,18,-5,-24,0,10,-1,4,1,-2,3,-7,5,-12,5,-16,4,-18,4,-1,4,3,8,13,6,17,-6,10,-19,-8,-22,-22,-11,-10,25,-8,22,10,20,20,5,15,-11,1,-16,-10,-9,-10,4,0,9,9,1,5,-11,-10,-13,-22,-1,-17,19,3,32,25,19,32,-5,18,-26,-5,-29,-22,-15,-23,4,0,0,0,15,5,7,4,4,3,6,8,8,16,2,16,-17,6,-23,-12,-23,-25,-9,-23,10,-9,19,5,17,11,8,9,0,6,-1,6,-1,9,-5,8,-13,-3,-21,-5,-20,-32,1,-27,25,-2,42,26,33,42,7,33,-20,10,-30]"
CSI_DATA,55887,d8:b1:90:d9:de:f0,-54,11,-99,-38,55,116,822299339,100,0,228,0,"[-16,0,-16,0,-16,3,-15,7,-14,10,-12,13,-10,15,94,-6,-5,20,-4,21,-2,22,0,23,0,24,0,24,1,23,1,22,1,21,0,18,0,14,0,9,-1,4,56,5,-4,-6,-5,-10,-6,-15,-6,-19,-5,-22,-5,-24,0,0,-3,-24,-2,-23,0,-21,0,-17,2,-12,4,-6,65,0,7,6,8,13,7,19,7,24,6,27,5,29,5,30,3,29,2,29,1,26,1,24,0,22,0,18,-25,14,0,9,0,4,0,0,-1,-7,0,-11,1,-14,3,-15,-2,2,-2,6,3,12,14,9,20,-2,13,-18,-3,-23,-27,4,-22,3,-11,18,4,19,16,8,13,-5,2,-12,-6,-7,-8,2,1,8,11,1,9,-12,-5,-20,-22,-11,-30,9,-11,28,11,29,28,12,26,-8,11,-22,-6,-21,0,0,-13,1,-6,5,-2,3,-4,2,-6,7,-1,14,15,15,21,5,21,-9,9,-21,-6,-21,-16,-10,-16,1,-8,8,-2,7,0,4,-1,5,1,10,9,10,21,2,21,0,9,-30,-15,-34,-36,-16,-39,11,-21,34,4,36,23,21]"
CSI_DATA,55888,d8:b1:90:d9:de:f0,-54,11,-99,-38,55,116,822318772,100,0,228,0,"[16,3,16,0,16,-1,15,-5,13,-11,11,-14,8,-17,94,-6,2,-20,0,-22,-1,-22,-4,-22,-6,-22,-8,-22,-10,-21,-11,-19,-11,-17,-10,-14,-8,-11,-4,-8,0,-4,56,5,7,1,12,3,16,6,18,8,21,9,22,9,0,0,22,9,21,9,19,8,14,8,10,6,4,6,55,0,-8,4,-15,3,-20,2,-24,2,-28,2,-30,2,-30,2,-30,3,-28,3,-26,3,-24,3,-21,3,-18,2,16,14,-10,1,-4,0,0,-1,6,-2,10,-3,13,-3,15,-3,3,-1,4,-7,-2,-12,-14,-9,-20,3,-12,18,5,23,27,-7,21,-7,7,-19,-9,-16,-17,-3,-11,10,1,12,9,3,5,-6,-5,-6,-11,3,-1,15,15,14,25,-3,18,-26,-9,-29,-28,-12,-28,11,-9,26,9,23,19,8,0,0,5,-11,0,-8,-1,-4,0,-5,-3,-9,-13,-7,-20,9,-13,17,3,23,19,14,22,-2,12,-15,0,-16,-7,-9,-7,-1,-4,0,-6,0,-9,1,-9,11,0,20,3,22,32,0,28,-24,3,-39,-25,-33,-39,-5,-32,20,-8,31]"
CSI_DATA,55889,d8:b1:90:d9:de:f0,-53,11,-99,-40,55,116,822328934,100,0,228,0,"[-3,16,-1,17,3,16,6,15,10,13,14,11,18,9,99,-7,21,4,22,2,23,-1,23,-4,23,-6,24,-8,23,-9,22,-10,19,-10,17,-8,14,-6,9,-3,5,0,59,6,-5,8,-8,11,-12,15,-14,17,-16,19,-17,19,0,0,-18,19,-17,18,-17,15,-14,12,-12,7,-9,2,-110,15,0,-10,3,-15,6,-20,9,-24,11,-27,12,-28,13,-29,13,-28,12,-27,11,-25,10,-23,9,-21,9,-17,66,0,5,-8,3,-3,1,3,-2,8,-5,12,-7,15,-9,16,2,4,8,5,14,-2,11,-15,-2,-21,-19,-15,-24,4,6,27,6,23,20,10,19,-8,6,-18,-9,-14,-13,0,-6,9,6,7,8,-5,-3,-12,-17,-5,-17,13,-1,26,22,25,32,-2,21,-24,-3,-30,-23,-18,-26,3,-14,18,0,0,9,10,8,2,6,1,6,3,12,1,14,-9,0,-24,-12,-21,-25,-9,-23,11,-9,23,7,20,16,8,13,-3,6,-7,2,-5,3,-5,3,-10,-4,-14,-17,-12,-20,-10,-21,25,2,38,30,28,43,1,31,-27,5,-38,-18,-27]"
CSI_DATA,55890,d8:b1:90:d9:de:f0,-54,11,-99,-38,55,116,822338938,100,0,228,0,"[-14,6,-14,8,-12,10,-8,14,-5,16,-2,17,0,19,94,-6,6,20,8,20,10,19,12,19,14,18,15,17,16,16,16,15,15,14,13,12,10,9,6,7,0,4,56,5,-8,0,-12,-2,-16,-4,-19,-6,-21,-8,-22,-9,0,0,-22,-10,-20,-10,-17,-10,-13,-10,-9,-8,-2,-6,-54,14,9,-1,15,0,21,1,24,4,27,6,29,7,29,8,28,8,28,8,25,7,24,7,21,6,17,6,-23,0,8,3,4,1,0,0,-5,0,-10,-2,-13,-5,-14,-8,0,3,1,8,9,9,17,0,15,-14,0,-22,-15,-17,-19,20,-15,16,1,21,15,11,17,-3,6,-14,-5,-11,-10,0,-2,8,7,5,9,-6,-1,-16,-18,-11,-23,7,-14,28,12,27,29,10,27,-12,9,-26,-10,-23,-20,-7,0,0,-7,10,0,7,0,3,0,5,2,10,11,9,22,-4,16,-14,2,-23,-14,-19,-22,-4,-16,9,-4,15,4,11,5,4,3,2,4,3,9,1,13,-3,9,-17,8,-20,-25,-18,-35,3,-26,30,0,41,27,30,37,4,27,-17]"
CSI_DATA,55891,d8:b1:90:d9:de:f0,-53,11,-99,-39,55,116,822350206,100,0,228,0,"[-17,-3,-18,-2,-17,2,-17,4,-17,8,-16,11,-15,14,97,-7,-13,18,-12,20,-11,21,-10,22,-9,23,-8,23,-8,23,-7,22,-7,20,-7,18,-6,14,-5,9,-3,3,58,6,1,-8,3,-13,6,-17,8,-20,9,-22,12,-23,0,0,14,-21,15,-19,15,-16,14,-12,11,-7,8,-2,102,0,-2,9,-6,13,-12,17,-17,19,-20,20,-22,20,-24,19,-25,18,-25,16,-23,14,-22,12,-20,10,-17,8,41,15,-9,3,-4,0,2,-1,8,-2,13,-1,16,0,18,1,-4,1,-6,7,0,14,13,14,22,2,19,-14,4,-24,-29,-3,-24,-3,-17,14,-2,21,13,14,16,0,8,-12,-4,-11,-10,-1,-3,9,10,8,16,-6,7,-20,-13,-23,-30,-10,-26,16,-9,31,15,27,28,9,23,-11,9,-20,0,0,-11,-8,-8,0,-4,0,-5,-3,-11,-1,-14,8,-4,23,7,23,22,14,25,-4,15,-18,0,-21,-11,-13,-12,-2,-8,3,-4,3,-5,1,-9,5,-7,13,4,20,7,22,32,0,28,-24,6,-40,-22,-35,-39,-13,-35,13,-16,28]"
CSI_DATA,55892,d8:b1:90:d9:de:f0,-53,11,-99,-40,55,116,822368715,100,0,228,0,"[-16,7,-16,9,-15,11,-13,14,-11,17,-7,18,-5,20,99,-7,0,22,2,23,4,23,6,24,8,23,9,24,9,23,9,21,9,20,7,18,6,13,3,9,1,4,59,6,-5,-7,-6,-12,-8,-17,-9,-20,-9,-23,-8,-24,0,0,-6,-25,-5,-24,-3,-22,-1,-18,1,-13,3,-7,39,0,5,7,6,13,6,20,5,24,5,28,3,29,1,30,0,30,0,29,-1,27,-1,24,-1,22,-1,19,-45,15,0,9,0,3,1,-2,3,-8,6,-12,8,-15,10,-15,-3,2,-2,9,7,12,18,5,19,-10,7,-23,-11,-23,-26,14,-21,11,-5,22,11,18,19,3,12,-12,-1,-14,-11,-6,-8,7,4,10,14,0,9,-15,-9,-21,-25,-8,-28,13,-8,30,16,28,30,9,25,-14,8,-25,-9,-20,0,0,-12,3,-5,6,-2,2,-6,1,-9,7,-4,16,13,18,22,8,24,-8,12,-23,-7,-23,-18,-12,-18,3,-9,10,-1,8,0,4,-2,4,-1,9,6,12,18,8,23,7,17,-27,-7,-37,-32,-24,-43,2,-30,28,-4,39,18,27]"
CSI_DATA,55893,d8:b1:90:d9:de:f0,-54,11,-99,-38,55,116,822378875,100,0,228,0,"[13,-8,12,-10,10,-12,6,-15,2,-17,0,-17,-2,-18,94,-6,-9,-18,-12,-18,-14,-16,-17,-16,-18,-14,-19,-13,-19,-12,-19,-10,-17,-8,-16,-8,-12,-6,-8,-5,-2,-3,56,5,8,-1,12,0,17,0,20,0,23,0,25,1,0,0,24,2,23,2,20,3,17,4,12,4,6,5,87,0,-6,5,-12,5,-20,6,-24,5,-26,5,-28,4,-28,4,-29,4,-27,4,-26,3,-23,3,-21,3,-18,2,31,14,-8,1,-3,0,1,-1,6,-1,11,-2,15,-1,17,0,1,-3,-1,-7,-10,-7,-16,1,-13,16,1,21,19,14,16,-23,11,-19,-5,-20,-17,-8,-16,7,-2,15,8,9,10,-1,1,-8,-8,-3,-7,9,5,15,20,5,20,-13,6,-31,-19,-21,-30,-1,-21,21,0,28,17,18,21,0,0,0,1,-12,-2,-7,-1,-3,0,-5,-5,-8,-15,-4,-18,13,-9,20,6,23,22,11,22,-5,11,-17,-1,-16,-9,-8,-8,0,-4,0,-5,0,-8,1,-8,10,0,19,1,21,30,3,29,-21,7,-37,-20,-34,-36,-10,-34,15,-13,28]"
CSI_DATA,55894,d8:b1:90:d9:de:f0,-54,11,-99,-38,55,116,822389015,100,0,228,0,"[-1,-15,-4,-16,-7,-14,-10,-13,-13,-11,-16,-9,-18,-5,94,-6,-21,-1,-22,0,-22,1,-22,4,-22,6,-22,7,-22,8,-20,9,-19,9,-15,7,-13,5,-8,2,-4,0,56,5,4,-6,8,-10,12,-12,15,-14,18,-16,19,-16,0,0,20,-15,20,-12,19,-10,16,-7,13,-4,8,0,104,0,-1,8,-7,12,-11,15,-16,17,-20,19,-21,20,-22,20,-22,18,-21,18,-19,16,-18,15,-16,12,-14,10,65,14,-7,4,-3,0,0,-1,5,-3,10,-6,13,-6,16,-6,-2,-2,-7,-1,-11,5,-6,16,6,19,20,8,22,-8,-11,-26,-9,-20,-20,-6,-17,10,-2,17,10,12,13,0,4,-9,-5,-6,-7,4,1,12,15,5,17,-10,3,-25,-18,-25,-30,0,-22,21,0,29,19,20,24,0,16,-13,0,0,-6,-10,-6,-3,-4,-1,-4,-3,-10,-2,-15,5,-7,20,3,23,20,14,24,-1,16,-17,0,-20,-10,-12,-12,-2,-7,3,-3,3,-4,1,-5,5,-3,13,7,18,11,18,29,-9,16,-30,-8,-37,-33,-23,-40,3,-25,26,-1,31]"
CSI_DATA,55895,d8:b1:90:d9:de:f0,-54,11,-99,-37,55,116,822408742,100,0,228,0,"[-9,14,-7,15,-4,16,-1,17,1,17,4,18,7,18,91,-6,13,16,15,16,16,16,17,14,18,14,19,13,19,12,19,12,17,11,15,10,12,8,6,7,1,4,54,5,-8,0,-13,-2,-16,-5,-19,-7,-21,-9,-22,-10,0,0,-20,-13,-19,-14,-16,-13,-13,-12,-8,-10,-2,-8,-34,14,8,0,13,3,16,7,20,11,22,14,23,16,23,17,22,17,20,17,18,17,16,16,15,15,12,13,-101,0,5,7,1,2,-1,-1,-4,-6,-6,-10,-6,-14,-6,-16,0,3,4,6,13,3,16,-7,8,-18,-8,-20,-21,-9,-11,26,-8,20,8,19,18,5,16,-9,1,-16,-9,-10,-11,2,-1,9,8,4,9,-7,-2,-16,-17,-9,-22,9,-14,29,13,27,28,10,27,-12,10,-26,-9,-23,-18,-9,0,0,-7,10,-1,8,0,4,-1,6,0,11,9,12,22,0,20,-10,9,-23,-8,-23,-20,-11,-20,4,-11,13,0,13,4,7,3,3,3,4,6,5,13,1,16,-10,16,-13,-11,-28,-31,-16,-37,10,-22,33,4,39,26,25,32,2]"
CSI_DATA,55896,d8:b1:90:d9:de:f0,-54,11,-99,-37,55,116,822419160,100,0,228,0,"[-3,-16,-6,-16,-9,-14,-12,-12,-15,-9,-17,-6,-19,-2,91,-6,-21,2,-21,5,-20,8,-20,10,-19,12,-18,14,-17,15,-16,15,-14,14,-12,13,-10,10,-7,6,-4,1,54,5,1,-8,4,-13,6,-16,7,-20,8,-22,9,-23,0,0,10,-23,10,-21,10,-19,9,-16,8,-11,7,-5,89,0,3,7,0,13,0,18,-1,23,-2,26,-3,27,-3,28,-3,28,-3,27,-3,25,-2,22,-1,20,-2,16,-24,14,-1,8,0,3,0,-2,0,-7,1,-12,2,-16,4,-17,-2,-2,-8,-1,-11,6,-4,16,10,17,21,5,19,-12,-16,-23,-14,-17,-21,0,-14,15,1,17,14,8,13,-5,1,-11,-8,-4,-6,7,5,10,16,0,12,-16,-5,-24,-26,-16,-27,11,-12,27,11,26,26,9,21,-10,7,-19,0,0,-11,-6,-7,0,-4,0,-6,0,-11,2,-9,13,6,21,16,16,25,0,18,-16,1,-24,-13,-16,-16,-2,-11,7,-3,8,0,5,0,4,0,9,6,11,17,6,20,3,13,-27,-11,-33,-33,-17,-37,10,-20,33,4,35,23,19]"
CSI_DATA,55897,d8:b1:90:d9:de:f0,-54,11,-99,-37,55,116,822439009,100,0,228,0,"[-16,-4,-16,-3,-17,0,-17,2,-18,6,-16,9,-16,12,91,-6,-13,17,-12,19,-10,21,-8,21,-6,22,-4,23,-3,23,-3,22,-2,20,-2,17,-1,14,-2,9,-2,2,54,5,-3,-7,-3,-13,-3,-16,-2,-20,-2,-23,-1,-25,0,0,0,-25,0,-25,1,-21,2,-18,3,-14,4,-8,40,0,4,5,4,12,4,17,3,22,3,25,1,28,0,28,0,28,0,27,0,24,0,22,0,20,0,17,18,0,0,9,0,2,0,-2,0,-8,1,-12,3,-15,5,-16,-3,0,-5,5,0,13,11,14,20,2,17,-14,2,-23,-29,-2,-22,-1,-16,15,0,20,15,11,16,-3,5,-13,-6,-10,-11,1,-1,10,11,6,14,-8,1,-21,-17,-16,-31,0,-17,22,3,30,23,17,26,-2,16,-18,0,-20,0,0,-11,-1,-7,3,-4,2,-7,1,-9,6,-4,15,12,17,20,10,24,-6,13,-21,-4,-23,-16,-13,-17,0,-10,9,-1,8,0,5,0,4,0,8,7,10,17,4,21,2,11,-27,-12,-32,-33,-16,-38,9,-21,32,3,35,22,21]"
CSI_DATA,55898,d8:b1:90:d9:de:f0,-54,11,-99,-39,56,116,822449108,100,0,228,0,"[14,-6,14,-8,13,-10,12,-13,9,-15,7,-17,5,-18,86,-6,0,-20,0,-21,-2,-21,-4,-21,-6,-21,-7,-21,-7,-20,-7,-19,-7,-17,-5,-16,-4,-12,-1,-8,0,-4,51,5,6,5,8,9,9,14,10,16,10,19,10,21,0,0,8,22,7,22,6,20,3,17,0,13,-1,8,-13,13,-5,-3,-7,-9,-8,-16,-8,-19,-7,-23,-7,-24,-6,-25,-5,-25,-4,-24,-3,-23,-2,-21,-1,-18,0,-16,-10,13,0,-8,0,-2,0,2,0,8,-1,12,-3,15,-5,16,2,-2,0,-8,-7,-9,-16,-3,-16,9,-5,20,11,19,24,-14,18,-11,3,-20,-11,-15,-17,-1,-10,11,2,13,10,4,8,-7,-3,-9,-12,0,-8,13,7,18,22,7,26,-12,7,-26,-14,-24,-26,-6,-22,12,-7,22,8,17,0,0,11,-2,5,-5,3,-3,5,-3,6,-8,0,-16,-16,-12,-22,-4,-21,12,-7,23,9,21,18,8,16,-4,7,-10,0,-8,-1,-4,0,-4,-1,-8,-8,-8,-17,-2,-18,0,-8,26,13,29,32,15,35,-10,20,-31,-3,-33,-21,-19]"
CSI_DATA,55899,d8:b1:90:d9:de:f0,-54,11,-99,-37,55,116,822469052,100,0,228,0,"[-13,10,-12,13,-10,15,-6,16,-3,19,0,20,3,20,91,-6,9,19,11,18,14,17,16,16,17,15,18,14,18,13,18,11,17,10,16,8,13,6,8,5,2,3,54,5,-8,0,-13,0,-17,0,-20,0,-23,0,-25,-1,0,0,-25,-2,-24,-3,-22,-2,-18,-3,-14,-3,-8,-3,-93,14,5,-3,11,-4,17,-3,21,-3,25,-3,27,-3,27,-2,27,-3,26,-3,25,-3,22,-2,20,-2,16,-2,-28,0,8,0,3,0,-1,0,-7,0,-13,0,-16,0,-17,0,-1,3,1,8,11,8,16,-1,13,-16,-2,-22,-18,-13,-17,25,-12,20,6,21,18,7,16,-8,2,-16,-10,-10,-12,3,-1,11,9,5,10,-8,-2,-16,-18,-8,-21,11,-9,30,16,23,29,3,21,-18,1,-27,-16,-17,-20,-1,0,0,-2,12,1,7,1,4,0,6,6,10,16,5,17,-11,11,-21,-6,-24,-22,-12,-23,5,-12,17,2,16,10,8,9,0,5,-1,4,0,7,-1,8,-9,0,-17,0,-20,-28,-4,-28,19,-8,37,18,34,36,12,33,-13,14,-27]"
CSI_DATA,55900,d8:b1:90:d9:de:f0,-54,11,-99,-41,56,116,822490057,100,0,228,0,"[-9,-14,-11,-14,-13,-12,-16,-9,-17,-7,-18,-5,-20,-1,91,-6,-21,1,-21,2,-22,4,-21,6,-21,8,-21,8,-20,8,-19,8,-19,7,-16,6,-13,3,-9,1,-3,0,54,5,6,-5,11,-6,15,-8,18,-8,22,-8,24,-7,0,0,25,-5,24,-3,22,-1,18,0,14,0,8,2,112,0,-4,4,-11,3,-16,3,-20,1,-24,0,-27,0,-27,-2,-26,-3,-26,-4,-23,-4,-21,-5,-18,-5,-16,-5,44,14,-7,-3,-3,0,2,0,7,3,10,7,12,11,12,14,-2,-1,-8,0,-9,9,-1,16,13,16,22,2,18,-14,-17,-24,-14,-17,-21,-1,-15,13,0,17,14,11,15,-1,5,-11,-7,-8,-10,3,0,13,14,9,19,-6,9,-22,-10,-28,-27,-9,-25,13,-10,26,10,24,21,9,19,-6,0,0,0,-12,-4,-6,-1,-3,-2,-5,-7,-8,-16,-3,-16,12,-10,20,6,24,20,14,24,-2,15,-16,0,-17,-8,-11,-9,-2,-6,0,-3,0,-7,0,-11,4,-8,15,-8,16,21,18,33,0,28,-23,7,-37,-18,-33,-33,-12,-29,9]"
CSI_DATA,55901,d8:b1:90:d9:de:f0,-53,11,-99,-39,55,116,822508760,100,0,228,0,"[17,-7,18,-10,17,-12,14,-14,12,-17,10,-20,8,-21,97,-7,3,-23,0,-24,-1,-24,-3,-25,-4,-25,-5,-25,-5,-24,-6,-23,-6,-21,-5,-19,-3,-14,-1,-10,0,-4,58,6,5,8,7,13,7,18,7,22,8,24,6,27,0,0,4,27,2,26,1,24,-1,21,-2,16,-4,10,-54,15,-5,-4,-5,-11,-3,-18,-2,-23,0,-26,1,-28,2,-29,3,-29,4,-28,5,-26,5,-24,5,-21,5,-17,70,0,3,-9,2,-3,-1,3,-4,8,-8,12,-11,14,-13,14,4,-3,2,-9,-8,-12,-19,-5,-20,10,-8,23,11,23,30,-14,22,-12,6,-23,-12,-19,-21,-4,-14,12,1,16,12,7,10,-6,-2,-11,-14,-3,-11,13,4,22,23,12,31,-8,13,-28,-11,-30,-28,-12,-28,10,-12,23,5,21,0,0,13,-1,7,-5,4,-3,6,-2,10,-7,5,-17,-13,-18,-23,-11,-26,7,-16,23,3,26,18,15,19,1,12,-9,3,-10,0,-6,0,-5,0,-8,-6,-11,-16,-8,-20,-8,-18,24,2,36,28,29,41,4,33,-23,11,-37,-13,-30]"
CSI_DATA,55902,d8:b1:90:d9:de:f0,-54,11,-99,-37,55,116,822518808,100,0,228,0,"[-14,11,-15,13,-14,15,-12,16,-10,18,-7,20,-5,21,91,-6,-1,23,0,22,1,22,2,23,4,23,4,23,5,22,5,21,4,20,3,16,1,14,0,9,-1,2,54,5,-4,-7,-5,-13,-5,-16,-4,-20,-4,-23,-2,-26,0,0,0,-26,1,-24,2,-22,4,-18,4,-14,4,-8,60,0,2,4,0,11,-1,16,-3,20,-6,23,-8,25,-10,25,-11,24,-12,24,-12,21,-12,19,-12,16,-10,14,-117,14,-6,6,-2,2,1,-1,6,-3,10,-5,14,-6,16,-5,-1,3,0,8,9,9,17,0,16,-13,3,-23,-14,-19,-29,17,-19,14,-3,23,13,16,19,1,13,-13,-1,-16,-12,-6,-10,6,1,12,12,4,12,-11,-2,-20,-20,-13,-30,5,-14,24,7,28,24,15,26,-5,14,-19,0,-20,0,0,-11,0,-7,2,-3,1,-6,0,-10,4,-7,14,7,18,17,16,25,0,18,-16,3,-24,-11,-18,-16,-5,-13,4,-6,8,-1,6,-1,4,-2,6,0,12,11,13,15,14,25,-15,11,-31,-13,-35,-33,-19,-38,5,-24,26,-1,31]"
CSI_DATA,55903,d8:b1:90:d9:de:f0,-54,11,-99,-37,55,116,822539321,100,0,228,0,"[14,11,16,11,17,9,19,6,21,4,22,0,22,-1,91,-6,22,-6,20,-8,20,-10,19,-11,18,-13,18,-14,18,-15,16,-14,15,-14,13,-11,11,-8,8,-4,4,0,54,5,-3,7,-7,12,-11,14,-14,16,-16,18,-17,18,0,0,-19,17,-19,15,-18,14,-16,10,-14,6,-9,2,-117,14,0,-5,6,-9,11,-11,16,-13,19,-14,22,-15,23,-15,23,-13,23,-13,21,-12,20,-10,18,-8,16,-6,-53,0,9,-2,3,0,-1,0,-7,0,-13,0,-15,0,-17,0,3,0,8,-2,5,-12,-3,-17,-16,-12,-22,3,-14,19,28,21,20,13,22,-5,10,-19,-6,-18,-17,-6,-14,8,0,15,10,6,10,-7,-2,-14,-16,-4,-16,12,0,24,20,22,29,-1,18,-22,-1,-28,-20,-18,-23,0,-15,15,0,0,7,9,7,3,4,1,4,4,11,3,16,-4,6,-18,-2,-23,-19,-16,-25,0,-18,16,-2,22,10,16,14,3,9,-3,4,-4,3,-2,5,-4,4,-12,-3,-16,-6,-19,-29,1,-24,22,-3,37,22,33,37,10,33,-15,14,-28]"
CSI_DATA,55904,d8:b1:90:d9:de:f0,-53,11,-99,-39,55,116,822549847,100,0,228,0,"[12,-14,11,-17,8,-19,5,-21,1,-21,-3,-22,-7,-21,97,-7,-13,-19,-16,-18,-17,-16,-19,-14,-21,-12,-22,-11,-22,-10,-22,-8,-21,-6,-17,-5,-14,-5,-9,-3,-3,-3,58,6,9,-1,15,-1,19,-1,23,0,26,-1,28,-1,0,0,28,0,27,1,25,2,21,2,17,3,10,4,-126,0,-3,5,-10,5,-16,6,-21,6,-25,6,-28,6,-29,6,-28,5,-27,6,-25,5,-23,5,-21,4,-17,4,43,15,-9,1,-3,0,3,-1,9,-1,15,-1,17,-1,20,0,2,-4,-2,-9,-13,-7,-19,6,-11,20,7,24,23,11,14,-31,8,-24,-12,-21,-22,-4,-17,13,0,19,13,10,14,-5,1,-12,-11,-5,-10,10,5,17,21,6,21,-15,5,-30,-21,-23,-31,1,-20,22,1,29,18,17,22,-1,0,0,1,-13,-3,-7,-2,-4,-1,-7,-7,-10,-17,-5,-17,14,-11,24,10,26,24,13,26,-7,13,-21,-4,-20,-12,-10,-12,0,-6,4,-4,2,-7,3,-8,11,1,18,3,21,30,3,28,-21,8,-39,-21,-36,-39,-12,-34,15,-14,30]"
CSI_DATA,55905,d8:b1:90:d9:de:f0,-53,11,-99,-39,55,116,822568704,100,0,228,0,"[4,-19,3,-20,1,-20,-2,-20,-5,-21,-8,-20,-10,-20,97,-7,-15,-18,-16,-17,-18,-16,-20,-15,-20,-14,-20,-13,-20,-13,-19,-12,-18,-11,-15,-10,-12,-9,-7,-6,-2,-3,58,6,9,3,14,6,16,11,19,14,20,17,21,19,0,0,19,21,17,22,13,21,10,20,6,16,2,12,21,0,-6,-1,-9,-8,-11,-14,-11,-20,-10,-24,-10,-26,-8,-27,-7,-28,-6,-28,-4,-26,-3,-24,-2,-22,0,-18,-8,15,0,-9,1,-2,0,4,-3,9,-5,14,-8,16,-11,17,0,-5,-6,-7,-15,-1,-15,12,-5,22,13,21,26,6,10,-31,6,-25,-13,-21,-22,-4,-17,12,-1,19,12,11,14,-3,4,-12,-8,-8,-12,6,-1,17,16,13,25,-4,20,-24,-7,-30,-26,-17,-30,7,-17,24,3,25,16,14,0,0,9,-7,4,-7,2,-4,6,-4,5,-11,-4,-18,-19,-10,-26,-1,-22,17,-5,28,14,23,23,8,19,-7,9,-13,0,-12,-3,-7,-1,-5,-2,-7,-9,-9,-18,-3,-21,-2,-11,28,11,35,34,21,41,-6,28,-29,3,-38,-18,-28]"
CSI_DATA,55906,d8:b1:90:d9:de:f0,-53,11,-99,-39,55,116,822578821,100,0,228,0,"[-20,2,-21,4,-21,7,-21,8,-20,11,-18,13,-17,16,97,-7,-14,18,-13,20,-12,21,-10,22,-9,23,-9,23,-8,23,-8,22,-7,20,-7,17,-5,13,-4,8,-1,3,58,6,5,-8,8,-12,12,-16,14,-18,17,-20,19,-20,0,0,23,-18,23,-16,22,-13,19,-10,16,-6,11,-2,-119,0,-2,4,-9,6,-15,6,-20,7,-25,6,-27,5,-28,3,-28,1,-27,0,-26,-2,-24,-2,-21,-3,-18,-3,40,15,-9,-2,-3,0,3,3,7,7,10,12,11,15,11,17,-5,0,-6,8,2,15,15,13,23,-1,18,-18,0,-26,-34,-1,-26,0,-17,18,0,24,16,15,19,-2,9,-15,-6,-15,-14,-2,-7,10,8,13,18,0,13,-18,-6,-24,-24,-17,-29,8,-15,27,8,29,24,15,25,-5,14,-17,0,0,-8,-9,-7,-2,-2,-1,-2,-6,-9,-7,-17,0,-12,15,-5,26,14,24,27,9,25,-10,12,-22,-4,-20,-13,-10,-12,-1,-6,3,-3,1,-6,0,-10,5,-8,15,-10,20,22,20,35,1,30,-25,9,-40,-18,-36,-34,-16,-31,8]"
CSI_DATA,55907,d8:b1:90:d9:de:f0,-54,11,-99,-37,55,116,822589000,100,0,228,0,"[12,-13,12,-15,10,-16,8,-18,4,-18,1,-20,0,-20,91,-6,-6,-20,-8,-19,-10,-18,-12,-18,-13,-17,-15,-16,-15,-16,-15,-15,-14,-14,-11,-12,-8,-10,-4,-6,0,-3,54,5,8,3,12,7,15,10,17,13,18,15,19,16,0,0,19,18,16,18,15,18,12,16,7,14,2,10,46,0,-5,0,-9,-4,-13,-10,-15,-15,-16,-17,-16,-19,-16,-21,-15,-21,-15,-22,-13,-19,-12,-19,-10,-16,-8,-16,-108,14,-3,-7,0,-2,0,2,2,7,2,13,1,16,1,18,1,-3,-2,-8,-11,-7,-16,3,-12,16,3,23,19,14,20,-25,13,-19,-5,-22,-18,-10,-18,6,-6,16,8,14,14,1,6,-9,-6,-9,-11,2,-3,16,13,15,23,-1,19,-20,-4,-28,-23,-16,-27,3,-16,20,2,23,16,13,0,0,10,-7,1,-6,1,-3,4,-5,3,-11,-6,-15,-19,-4,-24,5,-16,21,1,26,18,17,23,0,15,-12,2,-15,-4,-9,-5,-4,-3,-2,-5,-4,-11,-2,-16,6,-17,7,4,29,25,21,37,0,29,-26,5,-39,-18,-30,-30,-10]"
CSI_DATA,55908,d8:b1:90:d9:de:f0,-53,11,-99,-39,55,116,822599129,100,0,228,0,"[19,-4,21,-5,20,-8,19,-11,19,-13,16,-15,14,-17,97,-7,10,-21,8,-21,7,-22,5,-22,4,-24,2,-24,2,-23,2,-22,1,-21,2,-18,2,-14,2,-9,3,-3,58,6,2,9,1,15,1,20,-1,24,-3,26,-4,28,0,0,-7,28,-8,26,-9,24,-9,20,-9,15,-8,9,-106,15,-3,-5,1,-11,5,-17,8,-21,11,-23,13,-24,15,-25,17,-23,18,-23,16,-21,16,-19,15,-16,13,-14,-87,0,7,-6,3,-2,-2,2,-8,5,-12,6,-17,6,-19,5,4,-2,4,-9,-5,-14,-16,-9,-22,5,-13,21,5,26,35,-5,25,-6,13,-22,-6,-22,-20,-9,-18,7,-5,17,9,12,13,-1,4,-12,-11,-8,-15,7,-4,20,16,19,30,4,21,-21,0,-31,-21,-21,-28,-1,-19,16,-3,22,0,0,12,4,8,-2,4,-1,6,1,12,-2,12,-14,-4,-21,-16,-21,-28,-6,-25,14,-10,25,9,23,18,10,17,-3,8,-8,3,-7,2,-4,4,-7,0,-13,-11,-14,-13,-16,-28,12,-15,31,10,39,35,25,42,-3,29,-26,6,-33]"
CSI_DATA,55909,d8:b1:90:d9:de:f0,-53,11,-99,-39,55,116,822609759,100,0,228,0,"[15,-13,14,-16,12,-18,10,-20,6,-21,3,-22,-1,-22,97,-7,-7,-22,-9,-21,-12,-21,-13,-19,-15,-18,-17,-17,-17,-16,-17,-14,-16,-13,-14,-11,-11,-9,-7,-6,-1,-3,58,6,10,2,14,5,18,7,21,10,24,11,26,13,0,0,25,14,23,15,21,14,18,13,13,11,7,9,86,0,-5,2,-12,-2,-17,-5,-21,-8,-24,-11,-25,-13,-26,-14,-25,-14,-25,-14,-23,-13,-22,-13,-19,-12,-17,-10,66,15,-9,-5,-3,-2,2,2,7,6,10,10,12,13,12,16,2,-4,-2,-10,-12,-9,-19,3,-14,18,3,25,21,15,22,-27,14,-21,-6,-24,-20,-11,-20,8,-6,19,10,15,15,0,6,-11,-8,-10,-12,4,-2,16,16,13,24,-5,17,-24,-10,-28,-28,-11,-27,11,-11,26,9,24,20,9,0,0,7,-10,0,-8,0,-4,3,-6,0,-12,-12,-14,-21,1,-23,14,-7,27,13,26,25,10,23,-9,10,-19,-4,-17,-9,-8,-7,-1,-5,-1,-7,-2,-12,2,-12,14,-14,16,19,24,35,6,34,-21,12,-40,-17,-39,-35,-16,-32,9]"
CSI_DATA,55910,d8:b1:90:d9:de:f0,-53,11,-99,-39,55,116,822620074,100,0,228,0,"[12,15,15,14,17,12,19,10,20,8,21,4,22,1,97,-7,22,-4,22,-6,21,-8,21,-10,21,-12,20,-13,18,-14,17,-13,16,-12,14,-10,11,-8,8,-5,3,0,58,6,-6,8,-11,10,-14,14,-17,15,-20,16,-23,17,0,0,-24,16,-24,13,-23,11,-20,8,-16,5,-11,1,110,15,1,-5,7,-8,14,-10,19,-11,23,-12,25,-11,27,-10,27,-9,27,-9,25,-7,24,-7,22,-5,18,-4,-27,0,9,-1,4,0,-3,0,-9,0,-13,-1,-18,-4,-20,-6,4,2,10,-1,10,-11,-1,-19,-17,-15,-25,1,-19,18,24,25,19,17,24,-3,14,-18,-4,-21,-17,-10,-16,6,-4,14,9,9,11,-5,-1,-12,-15,-6,-18,11,-2,24,18,24,29,0,21,-21,0,-29,-19,-21,-25,-1,-17,14,0,0,6,12,7,3,3,2,4,6,10,6,18,-2,11,-19,2,-27,-17,-23,-29,-5,-24,14,-7,24,8,19,16,7,12,-1,7,-4,3,-3,6,-4,7,-10,-1,-18,-1,-20,-30,-5,-31,18,-13,38,15,39,37,20,38,-7,22,-25]"
CSI_DATA,55911,d8:b1:90:d9:de:f0,-54,11,-99,-37,55,116,822638727,100,0,228,0,"[-5,17,-3,19,-2,20,0,21,3,20,6,20,10,19,91,-6,14,16,16,15,16,13,17,11,19,10,19,9,20,8,19,7,17,6,15,6,12,4,6,3,1,2,54,5,-9,0,-14,-1,-18,-1,-21,-2,-24,-4,-25,-5,0,0,-25,-8,-23,-9,-21,-9,-17,-9,-13,-7,-7,-7,-91,14,4,-2,10,0,15,2,19,5,23,7,25,9,26,11,24,11,24,11,22,11,20,10,17,10,16,8,-55,0,8,5,3,2,0,0,-4,-5,-7,-9,-9,-13,-9,-15,0,3,6,6,14,0,15,-11,3,-21,-13,-19,-23,-4,-7,33,-2,24,15,17,22,0,15,-14,-1,-18,-14,-9,-13,4,-1,12,9,5,10,-7,-1,-16,-16,-7,-19,10,-8,26,15,22,27,3,21,-16,3,-25,-13,-18,-19,-3,0,0,-3,11,0,6,0,3,-1,6,1,11,11,11,18,-4,18,-15,3,-26,-14,-21,-24,-6,-19,10,-6,17,4,14,8,5,7,0,4,0,7,1,12,-2,11,-13,13,-16,-18,-22,-33,-5,-32,19,-12,38,15,37,33,16,31,-6]"
CSI_DATA,55912,d8:b1:90:d9:de:f0,-54,11,-99,-37,55,116,822658624,100,0,228,0,"[-17,-4,-19,-3,-20,0,-20,0,-21,3,-20,6,-19,8,91,-6,-16,13,-16,15,-15,15,-14,16,-14,17,-13,17,-12,17,-11,17,-10,16,-9,13,-8,10,-5,5,-2,0,54,5,2,-8,6,-13,9,-16,11,-18,14,-19,16,-20,0,0,18,-18,19,-16,18,-15,16,-11,15,-7,10,-2,-108,0,0,5,-5,8,-11,10,-16,12,-20,12,-22,12,-24,12,-25,10,-25,9,-23,7,-22,7,-19,5,-16,4,26,14,-9,0,-3,0,1,0,6,1,12,2,15,5,16,7,-4,0,-6,6,0,14,12,14,21,3,19,-13,4,-24,-33,-9,-24,-4,-18,13,-3,22,12,16,18,1,11,-12,-2,-15,-12,-4,-8,7,4,11,16,1,12,-14,-4,-21,-21,-16,-26,7,-13,24,7,26,21,14,22,-3,12,-16,0,0,-7,-8,-6,-2,-3,0,-3,-4,-10,-3,-16,3,-6,18,1,24,18,18,26,1,20,-15,4,-22,-8,-17,-13,-6,-11,1,-5,3,-3,3,-5,3,-6,10,0,16,1,20,28,4,29,-16,14,-35,-12,-37,-33,-20,-37,4,-22,22]"
CSI_DATA,55913,d8:b1:90:d9:de:f0,-54,11,-99,-37,55,116,822668757,100,0,228,0,"[6,16,8,17,12,16,14,15,16,13,19,9,19,6,91,-6,21,0,21,0,21,-4,21,-6,21,-8,20,-10,18,-10,16,-11,16,-10,13,-9,11,-6,7,-4,3,0,54,5,-4,8,-7,12,-10,15,-13,17,-15,18,-16,20,0,0,-17,20,-17,18,-16,16,-15,14,-13,10,-9,5,-118,14,0,-5,1,-10,6,-15,10,-18,12,-20,14,-21,15,-21,16,-21,15,-21,14,-19,13,-19,12,-16,9,-15,-115,0,4,-7,0,-3,-1,0,-5,5,-8,8,-13,9,-15,10,3,2,9,0,11,-7,2,-17,-12,-17,-23,-4,-20,14,17,29,15,19,23,0,16,-16,-1,-20,-16,-10,-16,4,-4,14,9,9,11,-4,0,-12,-14,-6,-16,11,-1,22,17,21,27,-2,17,-21,-3,-27,-19,-16,-22,3,-12,16,0,0,7,8,6,0,3,0,4,3,11,1,14,-8,0,-19,-9,-22,-23,-11,-25,8,-12,22,5,22,16,11,16,-1,8,-7,2,-6,1,-4,1,-6,-1,-11,-12,-12,-15,-14,-23,16,-6,33,18,33,37,13,36,-15,16,-33,-7,-31]"
CSI_DATA,55914,d8:b1:90:d9:de:f0,-54,11,-99,-39,55,116,822678788,100,0,228,0,"[-6,-19,-9,-19,-11,-17,-14,-16,-17,-13,-19,-10,-20,-8,97,-7,-22,-2,-22,0,-23,3,-23,5,-22,7,-22,9,-21,9,-20,10,-18,9,-16,8,-13,6,-8,3,-4,0,58,6,7,-8,11,-10,15,-13,18,-13,21,-15,23,-15,0,0,25,-14,24,-13,22,-11,20,-8,17,-5,12,-2,-110,0,-1,5,-6,9,-12,12,-17,13,-20,14,-22,14,-24,13,-25,14,-24,13,-23,12,-22,10,-19,9,-17,7,56,15,-9,3,-2,1,3,-1,9,-2,15,-3,18,-1,20,0,-3,-4,-9,-2,-13,7,-5,18,11,20,24,7,23,-13,-15,-30,-14,-22,-24,-4,-19,14,-1,21,15,13,17,-2,7,-14,-8,-11,-11,3,-1,13,13,8,18,-8,6,-23,-14,-26,-29,-3,-23,18,-3,29,17,22,25,3,17,-12,0,0,-5,-11,-6,-4,-4,-2,-4,-6,-11,-6,-18,3,-8,19,1,26,18,21,29,2,21,-17,4,-24,-12,-18,-16,-5,-12,3,-5,5,-3,4,-5,5,-4,11,4,17,6,20,29,-2,24,-25,2,-39,-24,-33,-40,-8,-34,18,-13,31]"
CSI_DATA,55915,d8:b1:90:d9:de:f0,-54,11,-99,-37,55,116,822688944,100,0,228,0,"[-18,1,-19,2,-20,5,-19,7,-18,10,-16,13,-16,15,91,-6,-12,17,-10,19,-7,19,-6,20,-4,21,-3,21,-2,21,-1,20,-1,18,-1,16,-1,12,-1,7,-2,2,54,5,-1,-9,0,-14,0,-17,0,-21,0,-24,2,-25,0,0,5,-26,6,-24,6,-22,7,-18,8,-14,6,-8,80,0,2,4,0,9,-1,16,-4,19,-6,22,-8,24,-10,24,-11,24,-11,23,-12,21,-11,19,-10,17,-9,15,-99,14,-5,7,-1,2,1,-1,5,-4,10,-7,14,-8,16,-7,-3,1,-3,8,3,14,16,10,21,-3,14,-19,-2,-24,-34,1,-24,3,-13,19,4,22,17,10,17,-6,5,-16,-8,-12,-12,1,-3,11,9,8,14,-5,3,-18,-14,-17,-27,-3,-19,19,0,28,19,19,26,0,16,-15,1,-19,0,0,-12,-3,-6,1,-3,0,-6,0,-11,2,-10,13,5,18,16,17,26,3,21,-15,5,-25,-10,-20,-17,-6,-15,5,-6,8,0,7,0,4,0,7,1,11,12,12,14,13,23,-16,7,-32,-16,-33,-35,-16,-37,11,-20,30,2,32]"
CSI_DATA,55916,d8:b1:90:d9:de:f0,-53,11,-99,-39,55,116,822700008,100,0,228,0,"[-4,-20,-7,-20,-9,-19,-12,-18,-15,-16,-17,-13,-19,-10,97,-7,-21,-5,-22,-3,-23,-1,-23,3,-23,4,-23,5,-23,7,-21,7,-19,7,-17,6,-13,5,-8,2,-3,0,58,6,8,-6,11,-10,17,-11,20,-13,23,-14,25,-14,0,0,26,-12,26,-11,24,-10,21,-7,17,-4,12,-1,-104,0,-1,6,-8,9,-13,11,-18,12,-22,13,-25,14,-25,13,-26,12,-25,12,-24,11,-21,10,-20,8,-18,8,40,15,-10,4,-3,1,2,-1,8,-1,15,-2,17,-1,19,0,-3,-4,-9,-3,-13,7,-6,19,9,21,23,10,24,-11,-11,-33,-12,-24,-24,-7,-20,13,-4,21,13,15,18,-1,8,-13,-6,-12,-11,1,-3,13,13,11,19,-6,9,-22,-11,-28,-28,-7,-25,17,-5,29,16,23,24,5,18,-11,0,0,-4,-11,-6,-5,-4,-3,-3,-6,-10,-6,-17,1,-10,18,-2,26,17,22,28,5,23,-15,6,-24,-10,-18,-15,-7,-12,3,-6,5,-4,4,-5,4,-5,11,3,17,5,20,30,-2,26,-25,3,-40,-25,-34,-40,-9,-34,19,-12,31]"
CSI_DATA,55917,d8:b1:90:d9:de:f0,-53,11,-99,-39,55,116,822710218,100,0,228,0,"[-9,-17,-12,-18,-14,-16,-16,-14,-18,-12,-20,-10,-20,-6,97,-7,-22,-1,-22,1,-22,3,-23,5,-23,6,-22,8,-21,8,-20,9,-19,8,-16,7,-13,5,-8,2,-3,-1,58,6,8,-6,12,-8,17,-10,21,-11,24,-11,26,-10,0,0,28,-9,27,-7,26,-5,22,-3,18,0,12,2,-104,0,-2,5,-9,7,-16,7,-21,7,-24,6,-27,5,-28,4,-29,3,-28,2,-26,1,-25,0,-22,-1,-19,-1,25,15,-9,-1,-4,0,2,1,8,2,13,5,16,8,17,10,-4,-3,-10,0,-11,9,-2,19,13,19,25,5,22,-14,-18,-31,-16,-22,-25,-3,-18,15,-1,22,15,14,18,-2,7,-13,-7,-11,-12,2,-3,12,12,10,19,-6,9,-23,-11,-27,-28,-7,-26,15,-7,28,13,24,24,8,19,-10,0,0,-4,-12,-5,-5,-3,-3,-2,-6,-8,-9,-17,-3,-14,16,-8,25,10,26,26,12,26,-7,13,-21,-4,-21,-13,-11,-12,-2,-7,2,-5,2,-7,3,-9,8,-4,18,-3,20,28,12,34,-10,21,-34,-5,-41,-31,-28,-38,-3,-28,19]"
CSI_DATA,55918,d8:b1:90:d9:de:f0,-53,11,-99,-39,55,116,822720289,100,0,228,0,"[-15,-12,-17,-12,-19,-10,-20,-8,-22,-5,-22,-3,-22,0,97,-7,-21,5,-21,6,-21,9,-20,10,-20,11,-19,13,-19,13,-18,13,-17,12,-14,9,-11,7,-8,4,-4,0,58,6,7,-7,12,-10,16,-12,20,-13,23,-14,25,-13,0,0,27,-11,27,-8,25,-6,22,-3,18,-1,12,2,-101,0,-1,6,-9,6,-16,5,-21,5,-25,4,-28,3,-29,1,-29,0,-28,-1,-27,-3,-24,-3,-22,-4,-19,-4,29,15,-10,-3,-4,-1,2,1,7,5,11,8,13,12,13,15,-5,-2,-9,4,-7,13,5,18,19,13,25,-3,16,-21,-26,-24,-21,-15,-25,4,-13,20,5,22,18,10,17,-6,4,-15,-9,-10,-11,4,-1,13,14,7,17,-9,5,-23,-14,-26,-28,-4,-23,18,-4,29,16,23,24,5,18,-11,0,0,-4,-12,-6,-5,-3,-3,-2,-6,-8,-9,-17,-3,-14,15,-9,25,10,27,25,14,27,-6,15,-20,-1,-21,-11,-13,-13,-3,-8,2,-6,2,-7,2,-10,7,-6,16,-8,20,25,17,36,-3,29,-28,4,-42,-22,-35,-37,-13,-32,11]"
CSI_DATA,55919,d8:b1:90:d9:de:f0,-53,11,-99,-38,55,116,822738836,100,0,228,0,"[-12,16,-12,18,-11,19,-10,20,-9,22,-7,22,-5,22,94,-6,-2,23,0,22,0,23,0,23,0,23,1,22,1,21,1,21,0,19,0,16,0,13,0,7,0,2,56,5,2,-8,4,-13,7,-16,10,-20,13,-21,15,-21,0,0,19,-20,20,-18,20,-14,18,-10,15,-6,10,-3,-110,0,-1,1,-7,3,-14,3,-19,2,-23,0,-25,0,-26,-1,-27,-3,-26,-5,-24,-7,-22,-7,-19,-7,-16,-6,46,14,-8,-3,-4,0,0,3,0,8,2,13,1,17,0,19,-2,3,0,9,10,9,18,0,16,-15,1,-25,-16,-20,-30,19,-21,15,-3,25,13,19,22,3,16,-12,1,-18,-12,-11,-15,2,-4,12,9,10,15,-3,7,-18,-11,-20,-24,-9,-23,14,-6,28,13,24,25,9,22,-8,9,-18,0,0,-8,-6,-5,0,0,0,0,-4,-7,-6,-16,0,-12,11,-5,24,11,24,25,11,25,-6,14,-19,0,-20,-10,-11,-11,-2,-5,1,-2,0,-4,0,-9,0,-12,10,-16,15,12,25,31,13,36,-8,25,-31,0,-39,-22,-30,-30,-9]"
CSI_DATA,55920,d8:b1:90:d9:de:f0,-54,11,-99,-38,55,116,822749132,100,0,228,0,"[14,-11,13,-14,11,-15,9,-18,5,-20,1,-20,0,-20,94,-6,-6,-19,-9,-18,-11,-17,-13,-16,-16,-14,-17,-13,-17,-12,-17,-10,-16,-9,-14,-8,-11,-5,-7,-4,-1,-3,56,5,9,0,14,0,19,2,22,3,26,3,27,4,0,0,26,6,26,6,24,6,20,6,16,6,9,6,-122,0,-2,5,-9,3,-15,2,-20,1,-25,0,-26,0,-27,0,-28,0,-27,0,-26,0,-24,0,-21,0,-18,0,24,14,-9,0,-3,0,1,0,8,0,13,1,17,2,18,5,1,-4,-1,-9,-12,-7,-18,2,-12,17,2,24,21,14,22,-26,12,-22,-7,-23,-20,-8,-18,9,-4,18,10,13,13,0,4,-10,-7,-7,-9,5,0,14,16,8,20,-9,11,-26,-14,-23,-28,-4,-22,16,-3,26,14,18,19,2,0,0,2,-11,-1,-7,0,-3,0,-6,-4,-10,-15,-8,-18,10,-15,20,2,27,21,18,27,0,17,-16,0,-20,-9,-13,-11,-2,-7,1,-4,2,-7,2,-8,8,-1,17,-1,19,27,9,32,-14,15,-35,-11,-37,-34,-21,-36,4,-21,24]"
CSI_DATA,55921,d8:b1:90:d9:de:f0,-54,11,-99,-38,55,116,822768893,100,0,228,0,"[18,3,19,2,20,0,20,-2,19,-5,18,-8,17,-11,94,-6,13,-16,11,-17,9,-18,7,-20,6,-21,4,-21,3,-21,3,-20,2,-19,1,-16,1,-13,1,-8,1,-2,56,5,2,9,2,14,1,19,1,22,1,25,0,27,0,0,-1,28,-2,27,-3,25,-4,21,-5,16,-5,11,-89,14,-4,-2,-4,-9,-3,-15,-2,-20,0,-24,0,-26,0,-28,1,-27,2,-27,2,-25,3,-24,3,-21,3,-17,56,0,2,-8,1,-2,0,2,-1,7,-4,12,-7,15,-9,16,4,0,5,-7,0,-14,-13,-13,-21,0,-18,16,0,25,34,4,25,0,15,-17,-1,-22,-16,-12,-18,3,-7,15,6,12,12,0,3,-9,-8,-7,-13,5,-2,18,15,16,28,1,17,-21,-2,-28,-21,-17,-27,2,-15,18,0,21,0,0,11,0,7,-2,3,-1,6,0,10,-5,6,-16,-11,-16,-21,-13,-27,3,-17,21,0,27,17,17,21,1,13,-9,3,-11,0,-8,-1,-6,-2,-7,-7,-9,-17,-3,-17,-4,-13,26,8,33,32,22,39,-2,29,-28,3,-36,-18,-27]"
CSI_DATA,55922,d8:b1:90:d9:de:f0,-53,11,-99,-39,55,116,822788840,100,0,228,0,"[-17,11,-17,13,-16,15,-15,17,-13,19,-9,20,-7,21,97,-7,-3,22,-1,23,1,23,3,23,6,22,7,22,7,21,7,21,7,19,6,17,4,13,2,9,-1,2,58,6,-5,-9,-7,-14,-7,-19,-7,-22,-8,-25,-7,-28,0,0,-4,-29,-2,-28,-1,-26,1,-24,3,-18,4,-12,35,0,5,2,4,10,3,17,2,21,0,25,-2,27,-4,28,-5,29,-6,27,-7,26,-7,24,-7,21,-7,18,-59,15,-4,9,-2,4,1,-2,5,-7,9,-10,13,-12,16,-11,-3,4,0,10,10,11,19,2,18,-14,4,-25,-15,-22,-32,17,-22,16,-4,25,14,19,22,2,14,-15,-2,-18,-13,-8,-12,6,0,12,12,4,11,-11,-4,-20,-21,-10,-28,7,-11,26,12,27,27,11,25,-10,11,-23,-6,-20,0,0,-12,1,-6,5,-3,2,-6,1,-11,6,-6,16,11,16,22,14,28,-4,19,-23,-1,-28,-18,-19,-21,-3,-15,9,-5,12,1,9,2,6,1,8,6,10,16,8,17,10,20,-23,1,-36,-25,-31,-41,-8,-37,19,-16,36,9,33]"
CSI_DATA,55923,d8:b1:90:d9:de:f0,-53,11,-99,-39,55,116,822809010,100,0,228,0,"[7,-19,5,-21,3,-21,-1,-22,-4,-21,-8,-20,-10,-18,97,-7,-16,-15,-17,-13,-18,-11,-21,-9,-21,-7,-22,-5,-22,-4,-21,-3,-19,-2,-17,-2,-13,-1,-8,-1,-2,-1,58,6,10,-2,15,-2,20,-2,24,-1,27,-1,29,0,0,0,30,1,29,2,27,3,23,4,19,4,12,5,-105,0,-2,5,-9,5,-16,4,-21,3,-25,2,-27,1,-28,0,-28,0,-28,0,-27,-1,-25,-1,-23,-1,-19,-1,23,15,-10,0,-5,1,2,1,7,2,12,4,16,6,18,9,0,-5,-7,-7,-15,-2,-15,12,-3,23,16,20,27,3,7,-34,2,-26,-18,-18,-24,1,-14,18,4,21,16,9,14,-7,1,-13,-11,-5,-9,8,5,14,19,3,18,-16,3,-28,-22,-18,-29,4,-18,23,3,27,20,15,21,-3,0,0,0,-12,-4,-5,-2,-2,0,-6,-5,-10,-16,-7,-16,11,-13,22,5,28,23,18,28,-3,17,-19,0,-23,-11,-14,-13,-3,-9,2,-6,3,-6,3,-8,8,-3,17,-5,19,28,11,33,-12,20,-35,-8,-41,-33,-25,-40,2,-25,23]"
CSI_DATA,55924,d8:b1:90:d9:de:f0,-54,11,-99,-37,55,116,822828656,100,0,228,0,"[4,18,6,19,8,18,10,17,14,16,15,15,16,13,91,-6,19,7,19,5,19,2,20,1,20,0,20,-1,20,-2,18,-3,17,-3,15,-2,11,-1,7,0,1,0,54,5,-8,3,-14,4,-18,5,-22,6,-24,6,-26,5,0,0,-27,3,-27,2,-24,0,-21,0,-17,-1,-12,-3,94,14,1,-4,7,-4,14,-3,19,-2,23,-1,25,0,26,0,27,0,26,0,24,2,22,2,21,2,17,2,-19,0,9,1,5,0,0,0,-5,-3,-9,-6,-13,-10,-14,-12,3,4,9,1,13,-6,6,-16,-8,-20,-22,-9,-23,8,8,33,9,22,22,8,20,-9,5,-21,-11,-16,-17,-1,-10,11,3,12,11,1,6,-10,-8,-11,-17,0,-12,17,2,25,23,12,25,-8,11,-23,-8,-23,-20,-9,-18,6,0,0,0,11,4,4,1,1,0,5,5,10,16,6,14,-10,12,-21,-4,-25,-22,-16,-26,2,-16,16,0,19,10,12,11,2,7,-1,5,-1,6,-2,8,-7,4,-16,6,-18,-23,-13,-33,6,-23,30,1,39,26,29,36,6,28,-16]"
CSI_DATA,55925,d8:b1:90:d9:de:f0,-53,11,-99,-39,55,116,822838711,100,0,228,0,"[10,17,12,18,14,17,16,15,17,13,19,11,20,8,97,-7,21,3,22,1,21,-1,21,-3,22,-5,21,-6,21,-6,20,-7,18,-7,16,-5,12,-4,8,-1,2,1,58,6,-9,4,-14,5,-19,6,-23,7,-26,6,-28,6,0,0,-29,2,-29,1,-27,-1,-23,-2,-19,-4,-12,-5,94,15,2,-5,9,-4,15,-1,20,0,24,1,26,4,27,6,27,7,27,7,24,8,23,8,20,9,17,8,-37,0,9,4,4,2,-1,-2,-6,-6,-9,-10,-10,-15,-10,-17,4,3,11,0,12,-10,3,-20,-14,-19,-25,-5,-22,14,16,33,15,22,25,4,19,-14,3,-22,-14,-15,-18,0,-9,13,5,12,13,1,4,-11,-10,-12,-19,3,-11,20,5,27,25,12,26,-11,12,-25,-9,-25,-22,-11,-20,6,0,0,1,12,5,5,2,2,0,6,5,11,16,8,16,-10,15,-21,-2,-28,-21,-20,-28,-1,-20,16,-4,22,9,16,11,5,9,0,6,-1,7,-1,10,-5,8,-15,11,-17,-21,-21,-34,-4,-33,22,-12,39,16,39,33,19,33,-6]"
CSI_DATA,55926,d8:b1:90:d9:de:f0,-54,11,-99,-40,56,116,822849026,100,0,228,0,"[-16,-9,-19,-8,-20,-6,-21,-2,-21,0,-21,3,-20,6,88,-6,-16,11,-14,13,-12,16,-11,17,-9,19,-7,19,-6,20,-5,19,-4,17,-2,15,-1,11,-1,7,0,1,53,5,0,-10,0,-14,0,-18,0,-22,0,-24,0,-26,0,0,1,-27,1,-26,1,-24,2,-22,3,-17,3,-11,38,0,4,0,4,8,3,12,3,18,2,22,2,25,2,25,1,26,1,25,1,24,0,22,0,21,0,18,27,0,0,10,0,3,0,-1,0,-7,2,-12,3,-15,4,-17,-5,0,-8,5,-2,13,9,16,21,6,21,-11,7,-23,-31,-11,-24,-4,-19,14,-1,22,14,15,19,-1,9,-14,-5,-13,-11,-1,-5,10,7,9,13,-3,5,-17,-12,-17,-25,-5,-19,19,0,27,20,17,25,-1,14,-17,-1,-19,0,0,-11,0,-5,3,-2,0,-5,0,-10,4,-7,14,10,14,21,12,25,-6,15,-22,-3,-25,-18,-15,-21,1,-11,11,-1,12,2,8,3,5,3,5,9,6,16,0,18,1,6,-26,-14,-29,-34,-13,-36,13,-19,33,7,35,24,20]"
CSI_DATA,55927,d8:b1:90:d9:de:f0,-53,11,-99,-39,55,116,822868760,100,0,228,0,"[14,-15,15,-17,14,-18,12,-19,11,-20,8,-21,7,-22,97,-7,2,-23,1,-23,0,-23,-2,-23,-3,-23,-4,-23,-3,-22,-3,-22,-3,-20,-2,-17,-1,-13,-1,-8,-1,-2,58,6,-3,9,-4,15,-6,20,-9,23,-11,25,-13,26,0,0,-17,24,-18,23,-18,20,-17,16,-15,12,-11,6,114,15,-1,-3,6,-6,12,-7,18,-9,22,-8,25,-7,27,-6,27,-3,28,-2,25,-1,25,1,22,2,19,2,-28,0,10,2,4,0,-2,-3,-6,-7,-9,-11,-10,-14,-9,-17,4,-4,0,-11,-11,-11,-20,-1,-19,14,-4,25,15,22,32,-17,22,-15,5,-25,-14,-20,-22,-4,-17,13,-1,19,13,12,14,-4,3,-13,-12,-9,-16,7,-5,20,15,19,26,7,22,-19,4,-30,-18,-24,-27,-6,-21,13,-6,20,0,0,11,5,7,-1,2,0,2,5,10,6,17,-3,9,-15,1,-26,-18,-22,-28,-5,-25,14,-9,24,7,21,15,10,13,-1,7,-5,3,-3,5,-2,8,-6,6,-15,8,-19,-23,-17,-33,0,-30,24,-9,40,17,37,33,18,32,-5]"
CSI_DATA,55928,d8:b1:90:d9:de:f0,-54,11,-99,-37,55,116,822888597,100,0,228,0,"[18,0,20,0,20,-3,19,-5,20,-7,17,-10,17,-12,91,-6,14,-16,13,-16,11,-17,10,-18,8,-19,7,-20,7,-19,6,-19,5,-17,5,-15,4,-11,3,-7,1,0,54,5,0,10,-2,14,-4,17,-7,20,-9,23,-11,24,0,0,-14,23,-15,21,-15,18,-14,16,-13,11,-10,6,109,14,0,-3,2,-8,8,-12,12,-15,16,-16,18,-16,20,-16,21,-16,21,-15,20,-13,19,-11,18,-9,16,-7,-38,0,8,-2,3,-1,0,0,-6,0,-11,0,-16,0,-17,-3,3,-1,4,-8,-2,-13,-14,-11,-21,1,-16,17,0,24,34,2,24,0,16,-17,0,-22,-16,-13,-19,3,-9,15,5,14,12,1,6,-10,-6,-10,-15,1,-8,16,9,20,25,11,24,-13,7,-26,-13,-24,-24,-8,-21,10,-7,18,0,0,9,7,7,0,3,0,4,2,11,1,14,-7,1,-16,-7,-23,-21,-14,-26,4,-16,19,0,23,13,15,16,2,11,-4,4,-6,2,-4,2,-5,2,-10,-5,-15,-4,-17,-27,1,-23,22,-3,36,21,33,36,12,34,-13,16,-27]"
CSI_DATA,55929,d8:b1:90:d9:de:f0,-53,11,-99,-39,55,116,822898840,100,0,228,0,"[19,4,21,3,22,0,22,-4,21,-8,19,-11,17,-13,97,-7,12,-18,10,-20,8,-21,5,-22,4,-23,1,-23,0,-23,-1,-22,-2,-21,-2,-18,-2,-14,-1,-8,0,-3,58,6,3,9,5,14,5,19,7,22,7,25,8,28,0,0,7,29,7,28,5,26,4,23,2,18,0,14,-5,15,-4,0,-7,-7,-7,-13,-9,-19,-9,-22,-9,-25,-9,-26,-9,-27,-8,-26,-8,-25,-7,-23,-6,-22,-5,-19,-60,15,-2,-9,0,-4,0,2,3,9,3,14,2,18,1,20,6,0,7,-7,0,-15,-13,-14,-23,-1,-18,18,0,27,33,2,26,-2,15,-21,-5,-23,-20,-12,-18,7,-5,17,9,12,13,-2,3,-12,-11,-7,-13,9,0,21,20,15,28,-4,14,-26,-10,-29,-27,-13,-27,10,-11,24,8,21,0,0,12,-3,5,-6,1,-3,5,-2,8,-7,2,-16,-14,-11,-25,-6,-25,14,-9,28,12,25,24,10,21,-8,9,-15,-2,-13,-5,-7,-4,-3,-5,-5,-10,-4,-17,3,-19,3,0,29,23,26,39,5,34,-23,11,-39,-16,-35,-30,-14]"
CSI_DATA,55930,d8:b1:90:d9:de:f0,-53,11,-99,-39,55,116,822909785,100,0,228,0,"[11,16,14,16,16,14,17,13,19,10,20,8,22,5,97,-7,22,-1,22,-3,22,-5,21,-7,21,-8,21,-9,21,-10,20,-10,18,-10,16,-8,12,-6,8,-3,3,-1,58,6,-8,4,-13,7,-18,8,-23,9,-25,9,-27,9,0,0,-29,6,-28,5,-27,3,-23,1,-19,-1,-13,-3,97,15,1,-5,8,-5,15,-3,20,-2,25,-1,28,1,29,2,28,3,27,4,26,5,24,5,22,6,18,6,-30,0,9,4,4,3,-1,0,-7,-3,-10,-8,-13,-12,-14,-15,5,3,10,-1,11,-11,1,-20,-15,-18,-25,-2,-20,17,19,28,17,19,25,1,17,-17,0,-22,-15,-13,-18,3,-7,13,7,11,12,-2,2,-13,-13,-10,-20,7,-9,23,10,27,28,8,26,-15,9,-28,-13,-25,-24,-8,-19,10,0,0,3,13,6,6,3,2,1,6,6,9,16,5,14,-11,12,-23,-7,-28,-23,-17,-28,3,-18,18,-1,22,10,14,13,4,9,-2,6,-2,7,-2,9,-6,7,-16,9,-17,-23,-17,-35,1,-29,26,-6,41,21,35,36,14,32,-10]"
CSI_DATA,55931,d8:b1:90:d9:de:f0,-54,11,-99,-38,55,116,822928728,100,0,228,0,"[-15,10,-15,11,-15,14,-12,16,-11,17,-8,19,-6,20,94,-6,-1,21,0,21,1,21,3,21,5,21,6,21,6,20,6,19,6,18,4,15,3,12,0,7,0,2,56,5,-5,-8,-6,-13,-7,-18,-7,-21,-7,-24,-6,-27,0,0,-4,-28,-1,-28,0,-26,0,-23,2,-18,3,-12,76,0,4,1,4,8,3,14,2,19,0,23,-1,26,-2,27,-4,27,-5,26,-6,25,-6,23,-6,21,-6,18,-119,14,-5,9,-3,3,0,0,2,-5,6,-9,11,-11,13,-11,-2,4,0,9,10,10,19,0,17,-14,2,-24,-14,-20,-30,16,-20,15,-2,24,14,18,21,0,13,-13,-1,-17,-12,-7,-11,5,0,11,11,3,10,-10,-4,-18,-20,-9,-27,6,-9,26,11,26,26,10,25,-9,9,-21,-6,-19,0,0,-11,1,-5,4,-1,1,-5,0,-9,5,-5,15,11,14,21,13,27,-4,18,-21,0,-27,-16,-18,-21,-1,-15,8,-4,12,0,9,1,6,1,6,6,9,15,6,15,9,17,-22,0,-34,-25,-29,-39,-6,-35,19,-15,34,8,32]"
CSI_DATA,55932,d8:b1:90:d9:de:f0,-54,11,-99,-38,55,116,822938859,100,0,228,0,"[17,-6,18,-8,17,-11,14,-14,12,-17,8,-18,5,-19,94,-6,0,-21,-2,-21,-5,-20,-7,-20,-10,-19,-11,-18,-13,-17,-12,-16,-12,-14,-11,-12,-8,-8,-5,-6,0,-1,56,5,9,3,13,6,17,8,19,11,22,13,23,14,0,0,24,15,23,16,21,15,18,14,13,11,8,10,101,0,-3,3,-9,0,-15,-2,-18,-4,-22,-7,-23,-9,-24,-9,-25,-10,-24,-10,-23,-9,-21,-8,-20,-8,-17,-7,40,14,-9,-4,-4,-2,0,0,6,1,10,5,13,8,14,10,3,-3,0,-9,-8,-10,-18,-2,-18,13,-2,24,15,21,28,-18,19,-17,0,-24,-16,-15,-21,2,-9,16,5,16,14,2,8,-9,-4,-10,-12,0,-4,14,12,15,23,0,19,-20,-5,-27,-25,-14,-27,8,-12,24,6,23,18,9,0,0,6,-10,0,-7,0,-3,1,-4,0,-10,-10,-12,-17,2,-21,13,-7,26,13,25,26,8,22,-10,8,-19,-4,-16,-10,-7,-8,0,-5,0,-6,0,-9,5,-6,14,-8,14,22,16,34,-2,26,-27,1,-39,-24,-31,-36,-7,-28,15]"
CSI_DATA,55933,d8:b1:90:d9:de:f0,-54,11,-99,-38,55,116,822949080,100,0,228,0,"[-4,-18,-7,-18,-9,-18,-11,-16,-15,-14,-16,-11,-18,-9,94,-6,-20,-3,-22,-1,-21,1,-22,3,-21,5,-21,6,-20,6,-19,7,-17,7,-15,6,-11,4,-7,1,-1,0,56,5,6,-6,11,-8,15,-11,19,-11,22,-13,23,-13,0,0,25,-12,25,-11,23,-9,21,-6,17,-4,12,-1,-92,0,0,4,-5,7,-11,9,-15,11,-20,12,-23,12,-23,11,-25,11,-24,10,-23,9,-22,8,-20,7,-17,6,39,14,-10,2,-4,0,0,-1,7,-1,12,-2,16,0,18,0,-2,-3,-9,-1,-12,7,-4,18,10,20,23,6,23,-11,-11,-30,-12,-21,-23,-5,-18,12,-2,21,13,13,16,-1,7,-13,-5,-10,-10,1,-2,12,11,8,18,-6,6,-21,-11,-25,-27,-4,-23,16,-4,29,16,22,24,4,17,-10,0,0,-4,-11,-6,-3,-2,-1,-2,-4,-8,-5,-16,0,-7,16,-1,25,16,21,27,4,22,-15,6,-24,-9,-19,-15,-6,-13,2,-6,5,-3,5,-3,5,-2,11,5,15,3,17,28,-1,24,-24,1,-37,-23,-32,-37,-9,-34,16,-13,30]"
CSI_DATA,55934,d8:b1:90:d9:de:f0,-54,11,-99,-38,55,116,822969499,100,0,228,0,"[-17,7,-18,9,-18,10,-17,12,-15,14,-13,17,-11,18,94,-6,-6,20,-4,21,-2,21,0,22,0,22,0,22,1,22,1,21,1,19,1,16,0,13,0,7,0,1,56,5,0,-9,0,-14,1,-18,2,-22,3,-25,5,-27,0,0,8,-27,9,-26,10,-23,10,-19,10,-15,8,-9,96,0,1,2,0,8,-4,13,-8,16,-12,20,-15,21,-17,20,-18,20,-19,19,-18,17,-18,15,-16,13,-15,11,78,14,-8,4,-3,2,0,0,6,0,12,0,16,0,18,0,-4,2,-2,9,6,13,18,6,21,-8,9,-23,-8,-24,-33,8,-23,9,-8,22,8,21,20,7,17,-9,2,-17,-10,-11,-13,1,-2,11,10,7,14,-6,2,-19,-15,-16,-26,-1,-18,21,0,30,21,19,27,0,17,-17,0,-21,0,0,-12,-1,-5,3,-1,1,-3,-2,-10,0,-12,8,0,16,11,21,25,10,25,-9,12,-23,-4,-24,-16,-12,-16,0,-10,7,-2,7,0,5,-1,5,0,10,6,14,6,17,27,-5,20,-26,0,-37,-26,-30,-39,-7,-33,17,-13,30]"
CSI_DATA,55935,d8:b1:90:d9:de:f0,-54,11,-99,-38,55,116,822988787,100,0,228,0,"[0,19,0,20,3,19,6,19,9,17,12,15,15,13,94,-6,18,8,20,5,21,3,21,0,21,-1,22,-2,21,-4,21,-5,18,-5,15,-4,12,-3,7,-1,2,0,56,5,-7,6,-11,8,-16,10,-20,11,-21,13,-24,13,0,0,-25,13,-25,11,-23,9,-21,7,-17,5,-12,1,88,14,-1,-5,4,-8,9,-11,13,-13,17,-15,20,-17,21,-17,22,-16,22,-16,21,-15,20,-14,18,-12,16,-10,-55,0,9,-5,4,0,0,1,-5,3,-11,6,-13,6,-16,5,1,4,8,4,14,-3,9,-16,-3,-21,-20,-13,-25,4,3,34,7,24,21,10,21,-8,6,-19,-9,-16,-16,-1,-9,11,3,11,10,0,3,-11,-11,-9,-17,4,-7,21,9,27,27,5,24,-16,4,-28,-16,-22,-25,-3,-17,11,0,0,5,10,6,3,3,0,2,4,9,5,15,-1,6,-17,0,-25,-18,-19,-27,-1,-20,17,-2,25,12,17,16,4,11,-5,5,-7,2,-6,2,-7,0,-12,-8,-13,-8,-15,-27,10,-15,30,8,36,33,23,40,-3,26,-26,2,-33]"
CSI_DATA,55936,d8:b1:90:d9:de:f0,-54,11,-99,-38,55,116,823009042,100,0,228,0,"[-7,17,-6,18,-4,19,-1,20,0,20,3,19,6,18,94,-6,11,16,13,14,15,13,17,12,18,11,19,10,19,10,18,9,17,7,15,7,12,6,7,4,1,2,56,5,-8,-1,-13,-4,-17,-7,-21,-9,-22,-12,-24,-14,0,0,-24,-16,-21,-17,-19,-17,-15,-16,-11,-14,-5,-11,-66,14,4,-3,9,1,13,6,17,11,18,15,19,17,19,19,19,21,17,21,16,20,14,19,12,18,10,16,118,0,4,9,0,5,0,0,-3,-5,-3,-11,-3,-14,-1,-17,0,4,6,7,14,1,15,-10,5,-21,-11,-21,-24,-6,-12,30,-5,24,13,20,22,3,17,-12,1,-19,-11,-12,-13,1,-4,10,6,7,9,-5,0,-14,-16,-9,-21,7,-13,25,12,26,28,9,26,-12,9,-26,-8,-23,-19,-8,0,0,-6,10,0,7,0,3,-2,3,-1,10,7,14,19,0,24,-7,13,-23,-4,-27,-21,-16,-24,0,-15,14,-2,16,5,11,7,5,6,2,7,2,11,0,15,-9,16,-6,-7,-27,-29,-19,-38,3,-28,28,-3,39,20,32,31,10]"
CSI_DATA,55937,d8:b1:90:d9:de:f0,-51,9,-99,-38,53,116,823023100,320,0,106,0,"[-2,18,-12,17,81,0,1,18,-144,0,46,18,-81,0,103,18,-35,0,154,18,-3,0,-103,18,6,1,-81,18,-23,0,-59,18,-123,0,-50,18,33,0,-35,18,-146,18,-14,18,12,18,20,0,-78,17,57,0,0,0,0,0,-86,17,152,0,-3,17,154,0,-151,18,135,0,46,0,80,0,-72,0,-15,18,36,1,-112,18,70,1,-156,18,55,1,124,18,2,1,123,18,-62,0,146,18,132,0,-114,18,-7,18,-9,18,-113,18]"
CSI_DATA,55938,d8:b1:90:d9:de:f0,-53,11,-99,-38,55,116,823038801,100,0,228,0,"[11,16,13,17,14,15,16,14,18,13,19,10,20,9,94,-6,21,4,21,2,21,0,22,0,22,0,22,-2,22,-2,21,-2,19,-2,17,-1,13,-1,8,0,2,0,56,5,-8,0,-14,0,-19,-1,-23,-3,-25,-5,-27,-6,0,0,-26,-10,-26,-12,-22,-12,-19,-13,-13,-11,-8,-10,-118,14,2,-1,7,2,12,7,14,12,16,16,17,19,15,21,15,23,13,22,11,23,9,21,8,20,5,18,107,0,2,9,1,5,0,0,0,-6,2,-11,5,-15,7,-16,3,3,9,0,11,-8,2,-17,-12,-18,-24,-4,-22,13,13,32,12,22,24,6,20,-11,5,-22,-12,-16,-18,-1,-10,11,3,13,12,2,7,-10,-6,-14,-20,-2,-17,16,-2,27,20,19,29,0,21,-20,0,-27,-16,-18,-20,-1,0,0,-3,12,2,6,1,0,-2,3,-1,9,7,13,15,1,23,-7,14,-22,-3,-27,-20,-17,-24,0,-15,13,-3,16,4,12,6,4,4,2,4,3,9,2,16,-2,19,0,2,-27,-18,-29,-36,-10,-36,14,-20,34,3,38,22,23]"
CSI_DATA,55939,d8:b1:90:d9:de:f0,-53,11,-99,-39,56,116,823059070,100,0,228,0,"[-7,-16,-8,-16,-10,-16,-12,-15,-14,-13,-15,-11,-17,-8,86,-6,-18,-4,-19,-1,-19,0,-19,1,-19,3,-20,4,-20,4,-19,5,-17,5,-15,3,-12,2,-8,0,-2,0,51,5,8,-2,13,-3,17,-4,21,-4,24,-3,26,-3,0,0,26,0,25,0,24,1,20,3,16,4,10,5,-85,0,0,3,-7,2,-13,0,-16,0,-20,-1,-24,-4,-24,-6,-24,-6,-24,-8,-21,-8,-20,-8,-17,-8,-16,-8,40,13,-7,-5,-4,-3,0,0,4,2,8,7,9,11,9,14,-2,-3,-8,-1,-10,7,-4,16,9,17,21,6,20,-10,-10,-28,-10,-20,-21,-5,-17,10,-4,19,10,15,16,1,9,-10,-3,-10,-10,0,-4,10,8,11,17,-1,12,-17,-4,-24,-23,-13,-25,8,-13,23,7,24,19,11,18,-4,0,0,0,-12,-5,-5,-2,-1,0,-4,-3,-8,-12,-7,-14,8,-14,17,0,24,16,18,24,1,18,-13,4,-18,-7,-14,-10,-5,-8,0,-5,1,-7,1,-8,4,-7,13,-9,12,18,18,30,2,27,-19,10,-35,-15,-33,-30,-15,-29,5]"
CSI_DATA,55940,d8:b1:90:d9:de:f0,-54,11,-99,-37,55,116,823079002,100,0,228,0,"[2,17,5,18,8,18,10,16,14,15,16,12,17,8,91,-6,19,2,20,0,21,-1,20,-3,20,-6,20,-7,19,-8,17,-10,16,-10,14,-8,11,-7,7,-4,2,0,54,5,-6,6,-10,10,-14,12,-16,15,-19,16,-20,17,0,0,-21,17,-21,16,-20,15,-18,12,-16,10,-11,5,91,14,-1,-3,3,-8,7,-11,11,-15,15,-16,16,-18,18,-18,18,-18,18,-18,17,-17,16,-16,16,-15,14,-13,-64,0,8,-6,4,-1,0,0,-5,4,-10,7,-13,8,-15,8,1,4,8,3,12,-5,6,-16,-7,-19,-21,-8,-22,11,11,31,12,21,23,5,17,-13,1,-20,-14,-14,-16,1,-6,13,6,10,11,-1,0,-12,-13,-7,-16,8,-4,22,15,23,28,0,20,-20,0,-28,-19,-18,-24,0,-15,15,0,0,8,8,7,1,3,0,2,3,9,4,15,-4,3,-16,-3,-23,-20,-16,-26,2,-16,19,0,24,14,15,16,1,10,-7,3,-8,1,-5,1,-6,0,-11,-9,-12,-10,-14,-23,13,-12,30,13,34,33,18,37,-8,21,-29,0,-32]"
CSI_DATA,55941,d8:b1:90:d9:de:f0,-53,11,-99,-39,55,116,823098821,100,0,228,0,"[13,15,16,15,17,13,19,10,21,8,21,4,22,1,97,-7,22,-5,20,-8,20,-10,19,-12,18,-14,18,-15,17,-16,16,-16,14,-15,12,-13,10,-11,6,-6,3,-1,58,6,-5,8,-10,12,-13,15,-17,18,-19,19,-21,20,0,0,-23,20,-23,18,-22,16,-20,13,-18,9,-13,5,90,15,-2,-5,4,-8,10,-12,14,-14,19,-15,21,-17,23,-16,24,-16,25,-15,23,-13,22,-12,20,-11,18,-8,-37,0,10,-3,5,-1,0,1,-7,2,-12,3,-17,2,-19,0,4,2,10,-2,9,-12,-2,-19,-18,-15,-25,2,-17,20,25,25,22,16,25,-5,13,-21,-7,-22,-19,-9,-17,8,-3,16,10,9,11,-5,-2,-13,-15,-5,-16,13,0,25,20,21,30,-4,18,-25,-4,-30,-23,-18,-25,3,-15,18,0,0,9,10,8,1,3,0,4,4,10,5,16,-4,5,-18,-2,-25,-20,-19,-29,0,-22,18,-3,26,12,18,18,5,12,-5,6,-8,3,-6,4,-7,2,-12,-7,-16,-6,-18,-29,5,-23,26,0,40,27,32,41,8,34,-19,13,-31]"
CSI_DATA,55942,d8:b1:90:d9:de:f0,-53,11,-99,-39,55,116,823109297,100,0,228,0,"[-3,-20,-4,-20,-6,-20,-9,-19,-12,-18,-14,-16,-15,-14,97,-7,-19,-10,-20,-9,-21,-8,-22,-6,-23,-5,-23,-4,-23,-3,-22,-3,-20,-3,-18,-2,-14,-2,-9,-2,-3,-1,58,6,10,1,15,2,20,5,23,7,26,9,28,11,0,0,27,14,25,16,22,16,19,16,14,14,8,12,111,0,-4,3,-10,-2,-14,-7,-17,-12,-18,-16,-19,-20,-18,-22,-18,-23,-17,-23,-14,-23,-12,-22,-10,-20,-8,-18,123,15,-3,-11,-1,-6,1,0,2,7,2,12,0,16,-2,19,-2,-4,-9,-4,-14,4,-10,16,5,22,21,14,26,-5,-2,-34,-5,-26,-21,-14,-23,5,-12,19,6,20,17,8,13,-7,0,-13,-10,-5,-10,9,5,15,20,6,21,-14,8,-29,-18,-23,-31,-4,-25,18,-6,29,13,22,21,6,0,0,6,-12,-1,-8,-1,-3,3,-4,2,-10,-8,-14,-18,-1,-24,8,-14,24,5,29,22,18,25,0,17,-14,4,-17,-6,-13,-7,-6,-6,-3,-6,-4,-11,-2,-16,6,-18,5,3,29,25,25,39,5,35,-22,13,-39,-13,-37,-28,-19]"
CSI_DATA,55943,d8:b1:90:d9:de:f0,-53,11,-99,-39,55,116,823119461,100,0,228,0,"[-7,19,-6,20,-3,21,0,21,4,21,7,20,11,19,97,-7,16,15,18,13,20,10,21,8,22,6,24,5,23,4,23,2,21,1,18,1,14,0,10,1,3,1,58,6,-9,1,-15,2,-20,2,-24,2,-27,2,-30,2,0,0,-30,0,-29,0,-27,-2,-24,-2,-19,-3,-13,-4,97,15,1,-5,8,-5,15,-5,20,-5,24,-5,28,-4,28,-3,28,-2,29,-2,27,-2,26,-1,23,-1,20,-1,-16,0,11,1,6,1,-1,1,-6,0,-12,-1,-17,-3,-18,-5,0,5,6,8,15,2,16,-11,4,-23,-15,-20,-26,-3,-8,34,-1,26,18,18,24,-1,14,-18,-5,-21,-16,-8,-14,7,0,13,11,4,8,-10,-7,-15,-20,-3,-17,17,-1,29,24,18,31,-5,18,-25,-6,-28,-22,-15,-23,4,0,0,2,14,6,7,3,2,1,5,4,10,15,7,14,-12,13,-23,-6,-27,-24,-16,-28,5,-16,20,2,22,13,13,13,2,9,-4,5,-4,7,-5,7,-10,0,-17,2,-19,-29,-7,-31,16,-14,37,14,39,36,21,39,-7,22,-26]"
CSI_DATA,55944,d8:b1:90:d9:de:f0,-54,11,-99,-37,55,116,823138683,100,0,228,0,"[18,-3,19,-5,19,-7,17,-10,16,-12,14,-15,10,-16,91,-6,4,-19,1,-20,0,-20,-2,-20,-4,-21,-6,-21,-7,-20,-8,-19,-8,-18,-7,-16,-6,-13,-3,-8,0,-3,54,5,4,7,6,12,9,16,10,19,12,22,13,24,0,0,12,26,9,25,8,25,6,21,4,17,0,13,9,0,-4,0,-7,-5,-9,-10,-11,-16,-11,-19,-12,-22,-12,-25,-11,-24,-11,-25,-9,-23,-9,-22,-7,-20,-6,-17,-73,14,-1,-11,0,-5,0,0,1,5,1,11,0,15,0,18,4,0,3,-8,-5,-13,-16,-7,-20,7,-10,21,9,23,32,-9,22,-11,7,-22,-12,-19,-20,-4,-15,12,0,16,12,8,11,-4,0,-11,-12,-2,-9,12,5,17,22,7,24,-11,5,-29,-16,-23,-28,-4,-22,16,-4,24,12,18,0,0,12,-6,3,-7,0,-3,3,-1,6,-7,0,-15,-15,-8,-23,-2,-21,15,-5,26,13,22,23,7,19,-7,6,-15,-2,-12,-6,-6,-5,-3,-5,-3,-11,-2,-16,4,-16,3,1,28,22,23,37,3,32,-23,9,-38,-16,-33,-29,-13]"
CSI_DATA,55945,d8:b1:90:d9:de:f0,-54,11,-99,-37,55,116,823148906,100,0,228,0,"[0,-18,0,-19,-3,-19,-6,-18,-8,-17,-11,-16,-14,-14,91,-6,-17,-9,-18,-7,-19,-6,-20,-4,-21,-2,-22,0,-21,0,-20,0,-19,0,-16,0,-14,0,-8,0,-2,0,54,5,8,0,14,0,18,0,22,0,25,1,27,2,0,0,28,5,27,6,24,7,21,7,16,7,10,7,-107,0,-1,4,-8,1,-14,0,-19,-3,-22,-5,-23,-8,-25,-9,-25,-10,-24,-11,-22,-11,-20,-11,-18,-11,-16,-10,43,14,-8,-6,-3,-3,0,0,4,3,7,7,9,12,9,15,0,-4,-8,-4,-14,2,-10,15,3,21,18,14,24,-2,0,-32,-3,-24,-19,-13,-22,4,-10,18,6,18,16,5,12,-7,0,-12,-10,-3,-7,9,7,13,19,1,16,-16,0,-27,-21,-18,-29,2,-18,22,1,27,17,16,21,0,0,0,0,-13,-3,-6,-2,-1,0,-3,-1,-10,-11,-9,-16,5,-17,15,-2,25,15,22,25,6,21,-10,8,-18,-4,-16,-9,-8,-8,0,-6,0,-7,0,-9,3,-9,13,-11,13,17,20,32,5,32,-18,13,-36,-13,-36,-31,-18,-31,3]"
CSI_DATA,55946,d8:b1:90:d9:de:f0,-53,11,-99,-39,55,116,823159648,100,0,228,0,"[-5,20,-3,21,0,21,4,22,7,21,11,18,13,16,97,-7,18,12,20,10,21,7,23,4,23,2,24,0,24,-1,22,-3,21,-3,18,-3,14,-3,9,-2,3,0,58,6,-9,4,-14,6,-19,6,-23,7,-26,8,-28,8,0,0,-30,8,-29,7,-27,5,-24,4,-19,2,-14,-1,89,15,0,-6,7,-7,13,-9,18,-10,23,-10,25,-11,26,-11,27,-11,27,-11,25,-9,24,-9,22,-8,19,-6,-21,0,11,-3,6,-1,0,1,-6,2,-12,3,-16,2,-19,1,0,5,7,7,15,0,13,-14,0,-23,-18,-18,-26,1,-2,35,4,27,21,15,23,-5,11,-20,-8,-19,-17,-5,-12,10,2,13,11,3,6,-11,-10,-13,-20,2,-13,21,5,28,28,12,29,-12,11,-29,-12,-27,-24,-10,-21,9,0,0,5,13,7,4,3,1,1,5,7,8,16,3,11,-15,7,-25,-13,-24,-28,-9,-26,12,-10,23,7,20,15,9,13,-2,7,-5,4,-5,5,-6,4,-11,-4,-17,-3,-19,-29,2,-25,25,-3,40,25,33,41,8,34,-19,12,-32]"
CSI_DATA,55947,d8:b1:90:d9:de:f0,-47,11,-99,-32,48,116,823178694,100,0,114,0,"[-12,47,-18,51,-23,53,-25,53,-29,53,-29,49,-31,45,-34,42,-31,40,-31,38,-29,36,-31,36,-31,36,-31,36,-32,38,-32,38,-34,40,-36,40,-38,42,-40,42,-40,38,-38,40,-38,38,-38,38,-40,36,-40,34,-38,32,-38,32,0,0,-38,34,-40,31,-40,32,-40,32,-43,32,-43,32,-43,34,-43,34,-43,34,-43,32,-42,32,-40,27,-36,27,-34,27,-34,25,-34,27,-32,27,-34,27,-34,31,-38,32,-40,34,-43,34,-47,36,-53,34,-54,32,-54,31,-56,25,-54,18]"
CSI_DATA,55948,d8:b1:90:d9:de:f0,-47,11,-99,-34,48,116,823188812,100,0,114,0,"[40,29,44,32,46,36,46,40,48,38,44,38,42,40,42,38,38,32,38,34,38,29,40,31,42,29,40,27,42,27,46,27,48,27,52,25,54,25,54,23,54,21,56,21,54,21,56,17,56,19,54,17,54,15,52,13,0,0,54,9,54,7,56,7,56,3,60,3,58,1,60,0,62,-1,58,-5,60,-5,58,-7,52,-7,48,-9,46,-11,44,-13,44,-15,42,-17,42,-21,44,-21,48,-25,48,-29,50,-31,54,-32,56,-34,56,-32,58,-32,58,-31,54,-27]"
CSI_DATA,55949,d8:b1:90:d9:de:f0,-47,11,-99,-36,49,116,823199450,100,0,114,0,"[32,36,32,43,31,47,31,51,27,53,25,51,23,51,21,49,20,45,20,43,16,43,18,42,18,43,18,43,20,45,20,47,21,47,20,49,21,51,23,51,21,49,23,49,23,49,21,49,21,47,23,47,21,47,21,43,0,0,21,43,20,43,21,45,23,45,23,47,23,47,25,47,25,49,23,47,25,45,25,43,23,42,23,40,23,38,21,38,23,36,23,34,25,36,29,36,31,38,32,40,32,43,34,45,36,49,34,53,32,54,27,53,21,53]"
CSI_DATA,55950,d8:b1:90:d9:de:f0,-47,11,-99,-35,49,116,823210153,100,0,114,0,"[23,40,24,48,24,49,24,51,23,53,23,51,19,49,21,49,19,44,19,42,21,40,21,40,23,40,24,40,28,40,28,40,30,40,32,44,35,44,35,42,35,39,39,39,37,37,39,35,39,35,39,35,39,33,40,30,0,0,40,26,40,26,40,26,42,26,48,24,48,24,49,21,49,21,49,19,49,17,48,17,46,14,44,10,44,8,42,7,42,5,40,3,42,0,46,-1,48,-3,49,-5,53,-7,55,-7,60,-7,62,-7,62,-5,60,-3,56,0]"
CSI_DATA,55951,d8:b1:90:d9:de:f0,-47,11,-99,-34,48,116,823228918,100,0,114,0,"[13,-50,19,-56,25,-58,31,-56,34,-54,36,-50,38,-46,38,-44,36,-40,38,-38,36,-36,34,-36,34,-34,36,-34,38,-36,40,-36,40,-34,44,-34,46,-34,48,-34,50,-36,50,-34,50,-32,50,-31,46,-29,46,-29,46,-27,46,-25,0,0,46,-23,48,-21,50,-21,50,-23,52,-21,54,-21,54,-21,54,-19,54,-17,52,-19,50,-19,48,-17,46,-15,44,-13,42,-13,44,-13,44,-13,44,-13,46,-15,50,-15,54,-15,58,-13,60,-15,65,-13,67,-7,67,-3,63,1,60,7]"
CSI_DATA,55952,d8:b1:90:d9:de:f0,-47,11,-99,-34,48,116,823239411,100,0,114,0,"[-52,11,-56,9,-58,7,-62,3,-65,1,-62,0,-60,-1,-58,-3,-54,0,-52,-1,-48,0,-52,0,-50,1,-50,1,-52,1,-52,3,-52,3,-56,1,-58,3,-58,5,-58,3,-60,5,-58,5,-56,5,-54,5,-54,5,-52,7,-52,7,0,0,-48,7,-50,7,-52,7,-54,9,-56,11,-54,11,-56,13,-56,13,-54,13,-54,15,-52,15,-50,15,-46,17,-44,15,-44,15,-40,17,-40,19,-42,21,-42,23,-44,25,-48,27,-50,27,-52,31,-58,31,-56,29,-56,27,-60,23,-58,19]"
CSI_DATA,55953,d8:b1:90:d9:de:f0,-47,11,-99,-34,48,116,823258934,100,0,114,0,"[23,-42,31,-48,36,-48,40,-50,40,-44,44,-44,42,-38,42,-38,38,-36,38,-36,38,-34,38,-32,38,-32,36,-32,38,-34,40,-36,40,-36,42,-34,46,-38,44,-36,46,-38,44,-38,44,-40,44,-40,42,-36,42,-34,40,-34,40,-34,0,0,40,-34,40,-32,44,-34,42,-32,44,-36,42,-36,42,-38,44,-38,42,-36,40,-36,40,-34,40,-34,36,-32,34,-34,34,-29,32,-31,31,-29,31,-32,31,-34,34,-38,36,-42,38,-44,40,-46,44,-42,46,-44,50,-42,50,-34,52,-31]"
CSI_DATA,55954,d8:b1:90:d9:de:f0,-47,11,-99,-33,48,116,823269011,100,0,114,0,"[47,-20,54,-20,60,-18,64,-11,62,-7,64,-5,60,-1,60,0,54,1,52,3,50,5,50,3,50,3,52,5,54,5,56,5,56,7,54,9,58,11,58,9,60,11,60,13,58,13,58,15,54,13,52,15,52,15,50,15,0,0,50,16,48,18,52,18,50,20,52,20,52,22,52,24,50,24,50,24,48,20,48,20,47,20,45,18,43,20,39,20,41,18,37,16,41,16,41,18,45,22,48,22,50,28,52,26,54,30,54,33,52,39,45,39,41,41]"
CSI_DATA,55955,d8:b1:90:d9:de:f0,-47,11,-99,-34,48,116,823289043,100,0,114,0,"[-38,29,-46,31,-52,31,-54,31,-56,27,-54,25,-52,25,-50,21,-48,23,-48,21,-46,21,-46,21,-44,23,-44,23,-46,25,-46,29,-46,29,-48,29,-50,31,-50,32,-46,31,-48,32,-48,32,-46,34,-46,32,-44,32,-42,32,-44,32,0,0,-40,36,-40,34,-40,36,-40,38,-42,36,-42,38,-42,40,-42,40,-42,42,-38,42,-34,42,-34,40,-31,42,-29,40,-27,38,-25,38,-21,38,-21,38,-23,42,-25,44,-23,48,-25,52,-25,54,-27,58,-31,60,-32,60,-34,54,-32,48]"
CSI_DATA,55956,d8:b1:90:d9:de:f0,-47,11,-99,-34,48,116,823308709,100,0,114,0,"[50,-5,56,-1,58,0,62,3,63,3,62,5,58,7,58,11,54,9,52,11,50,9,50,11,50,11,50,11,50,13,52,11,54,11,58,9,60,9,60,9,58,13,58,11,56,13,58,11,56,13,56,13,52,13,52,13,0,0,50,13,52,11,54,13,54,11,56,13,56,13,56,13,56,15,54,11,54,13,54,11,50,11,48,9,46,7,46,5,46,5,46,3,48,5,48,3,52,3,56,3,58,3,60,5,65,7,65,11,65,13,63,17,58,19]"
CSI_DATA,55957,d8:b1:90:d9:de:f0,-53,11,-99,-40,55,116,823319076,100,0,228,0,"[-13,14,-13,16,-11,17,-8,19,-5,20,-1,21,2,21,99,-7,8,20,11,19,13,18,17,17,17,16,19,15,20,14,20,12,19,11,17,10,13,7,9,5,4,2,59,6,-8,-4,-12,-7,-16,-10,-21,-12,-22,-14,-23,-16,0,0,-23,-17,-22,-18,-19,-18,-17,-16,-12,-14,-7,-12,-85,15,5,-3,10,1,15,5,18,10,21,13,22,15,22,17,23,18,22,18,20,17,19,16,16,16,14,15,-83,0,7,9,3,6,-1,2,-5,-3,-7,-8,-9,-13,-9,-16,-3,4,2,10,13,8,19,-3,13,-18,-5,-24,-21,-14,-20,26,-13,23,7,24,21,10,20,-8,5,-20,-10,-14,-15,0,-6,11,8,9,12,-5,1,-16,-17,-12,-25,6,-15,25,11,30,29,13,29,-12,11,-28,-10,-25,-21,-9,0,0,-8,13,2,9,3,3,-1,3,-2,9,7,13,17,0,22,-8,13,-23,-7,-26,-22,-14,-24,4,-12,16,0,17,8,11,8,4,7,2,8,1,12,-1,13,-12,15,-11,-15,-25,-32,-11,-36,15,-19,37,9,41,30,23,33,-1]"
CSI_DATA,55958,d8:b1:90:d9:de:f0,-53,11,-99,-40,55,116,823338663,100,0,228,0,"[-11,16,-10,18,-7,19,-5,19,-2,20,2,19,5,19,99,-7,11,18,13,17,15,16,17,15,19,14,20,13,21,12,20,11,19,11,16,10,13,7,9,6,3,2,59,6,-8,-4,-12,-8,-17,-11,-19,-14,-20,-17,-22,-20,0,0,-20,-21,-19,-22,-16,-21,-13,-20,-8,-16,-4,-13,-53,15,6,-2,10,4,14,10,16,14,17,18,17,21,16,23,16,24,15,24,13,24,11,23,10,21,7,19,100,0,3,11,1,6,-2,0,-3,-6,-3,-10,-2,-16,0,-17,-1,4,4,8,13,5,17,-7,9,-21,-9,-23,-23,-11,-17,28,-10,24,9,23,22,9,19,-10,5,-20,-10,-14,-14,0,-6,10,7,8,10,-5,0,-16,-17,-12,-24,7,-15,25,10,30,29,14,30,-10,14,-27,-8,-26,-21,-12,0,0,-9,11,0,10,2,4,-2,3,-4,8,4,15,18,4,24,-3,18,-19,0,-27,-17,-20,-24,-3,-17,11,-6,16,3,12,6,7,5,4,7,5,12,2,17,-6,18,-4,-3,-29,-25,-24,-40,-2,-33,24,-10,40,16,36,30,15]"
CSI_DATA,55959,d8:b1:90:d9:de:f0,-53,11,-99,-40,55,116,823348998,100,0,228,0,"[15,-13,14,-15,11,-16,8,-18,4,-19,0,-19,-4,-18,99,-7,-11,-17,-14,-16,-16,-15,-18,-13,-21,-11,-22,-9,-22,-9,-22,-7,-21,-6,-18,-4,-15,-3,-11,-2,-4,-1,59,6,9,1,14,0,19,1,23,2,26,2,29,4,0,0,29,4,29,5,26,5,23,6,18,6,12,6,-107,0,-3,6,-9,6,-16,6,-20,5,-25,5,-27,4,-28,4,-29,3,-28,3,-27,3,-25,2,-23,2,-20,1,15,15,-11,0,-6,-1,0,-2,6,-2,11,-2,15,-1,18,1,3,-3,-2,-9,-12,-7,-18,5,-12,19,7,24,23,12,18,-27,11,-24,-10,-23,-22,-7,-18,11,-3,20,12,13,14,-2,3,-11,-9,-6,-9,8,5,15,20,5,20,-15,4,-29,-22,-22,-32,1,-21,24,2,30,21,18,24,-2,0,0,0,-14,-6,-7,-4,-2,0,-3,-4,-8,-14,-7,-14,11,-13,21,4,26,22,16,26,-3,16,-18,0,-21,-11,-13,-12,-3,-9,2,-6,3,-7,5,-6,11,2,18,0,18,29,4,29,-20,9,-39,-19,-37,-39,-15,-37,13,-17,29]"
CSI_DATA,55960,d8:b1:90:d9:de:f0,-53,11,-99,-40,55,116,823369010,100,0,228,0,"[-6,-18,-9,-18,-10,-16,-12,-15,-15,-12,-17,-9,-18,-6,99,-7,-20,0,-20,3,-21,5,-21,8,-21,10,-21,11,-20,13,-19,13,-18,13,-15,11,-12,9,-8,6,-4,2,59,6,7,-5,12,-8,16,-11,20,-12,23,-14,25,-14,0,0,27,-13,27,-11,26,-9,23,-6,19,-3,14,0,-84,0,1,7,-6,9,-12,11,-17,12,-22,13,-25,13,-26,12,-26,11,-27,10,-25,9,-24,7,-22,6,-20,4,12,15,-12,1,-6,-1,0,-2,7,-3,12,-2,16,-1,19,1,-2,-4,-9,-2,-12,7,-4,17,11,18,23,6,22,-13,-13,-28,-14,-21,-25,-4,-18,14,-2,21,14,14,17,-2,8,-12,-6,-10,-9,2,0,11,14,7,17,-10,4,-25,-17,-23,-31,-2,-24,22,-1,31,20,23,27,2,19,-15,0,0,-8,-12,-9,-3,-5,1,-2,-3,-7,-6,-15,0,-7,16,-3,24,14,22,26,7,24,-13,9,-23,-7,-20,-15,-9,-13,1,-8,5,-5,5,-5,7,-4,12,4,17,2,17,30,0,26,-22,6,-39,-20,-36,-39,-14,-37,13,-17,28]"
CSI_DATA,55961,d8:b1:90:d9:de:f0,-54,11,-99,-38,55,116,823379004,100,0,228,0,"[15,9,17,8,19,6,19,3,20,0,19,-2,18,-5,94,-6,15,-10,16,-11,14,-14,13,-16,12,-17,11,-19,10,-19,9,-19,9,-18,7,-16,6,-13,4,-8,1,-3,56,5,-2,7,-6,11,-9,14,-11,17,-14,20,-16,20,0,0,-19,21,-19,19,-20,17,-17,13,-16,9,-12,3,94,14,-1,-5,1,-10,7,-13,12,-16,17,-17,20,-17,22,-16,22,-16,22,-15,23,-13,21,-11,20,-9,18,-7,-29,0,10,-2,5,0,0,0,-4,2,-10,3,-14,1,-16,0,3,0,7,-3,3,-12,-7,-15,-19,-6,-21,9,-8,24,28,14,24,8,21,-10,6,-22,-10,-18,-18,-2,-13,10,0,14,10,4,7,-6,-3,-10,-14,0,-10,16,6,23,24,12,27,-11,11,-28,-10,-29,-26,-12,-25,7,-11,20,0,0,11,8,8,0,3,-2,1,0,8,1,13,-4,0,-16,-3,-22,-19,-15,-26,0,-18,17,-1,23,11,16,14,4,12,-2,6,-4,4,-5,3,-6,1,-11,-6,-16,-4,-17,-28,4,-23,25,0,38,24,31,38,8,34,-16,14,-29]"
CSI_DATA,55962,d8:b1:90:d9:de:f0,-53,11,-99,-39,55,116,823389140,100,0,228,0,"[13,-15,12,-17,9,-18,6,-19,1,-20,-3,-19,-7,-19,97,-7,-13,-16,-16,-14,-18,-12,-21,-10,-22,-7,-24,-5,-24,-4,-24,-2,-22,-1,-20,0,-15,1,-11,1,-4,1,58,6,9,-1,14,-2,19,-2,24,-3,27,-3,29,-4,0,0,30,-3,30,-3,27,-2,25,-1,20,1,14,2,-80,0,0,7,-7,8,-13,10,-18,11,-22,12,-25,12,-26,12,-27,12,-26,11,-26,11,-23,10,-21,9,-19,7,31,15,-11,4,-5,0,0,-2,6,-5,12,-6,15,-6,18,-6,3,-3,-2,-9,-13,-6,-18,6,-10,20,9,23,25,9,14,-29,7,-25,-13,-21,-24,-4,-17,14,1,20,14,10,14,-5,2,-12,-9,-5,-8,9,8,13,20,1,16,-19,-2,-28,-26,-18,-31,8,-16,28,10,30,25,13,22,-7,0,0,-4,-15,-8,-6,-5,0,-2,-3,-6,-7,-15,-3,-9,15,-7,23,12,24,26,10,24,-12,9,-23,-7,-21,-15,-9,-14,2,-7,6,-6,5,-5,7,-3,12,7,16,5,17,30,-5,22,-29,-4,-39,-30,-28,-41,-2,-30,25,-6,33]"
CSI_DATA,55963,d8:b1:90:d9:de:f0,-54,11,-99,-38,55,116,823408823,100,0,228,0,"[-15,11,-14,14,-13,15,-10,18,-6,18,-2,20,0,19,94,-6,7,19,9,18,12,17,15,16,16,15,18,13,19,13,19,11,18,9,16,7,13,6,8,3,3,0,56,5,-7,-3,-12,-5,-15,-7,-19,-9,-22,-11,-24,-13,0,0,-25,-14,-23,-14,-22,-14,-17,-13,-14,-12,-8,-9,-82,14,2,-3,9,0,14,1,19,4,22,6,24,9,25,10,24,11,24,12,23,11,21,10,18,10,17,9,-67,0,8,5,2,2,-1,0,-6,-2,-10,-6,-11,-8,-13,-11,-3,1,0,8,10,9,18,-1,13,-16,-2,-24,-20,-15,-22,23,-13,21,5,23,21,10,20,-7,5,-18,-8,-14,-14,0,-6,10,6,8,11,-3,0,-15,-16,-10,-23,6,-10,24,13,27,29,9,27,-14,8,-27,-11,-24,-22,-6,0,0,-4,13,2,8,3,2,0,2,0,8,8,11,15,-3,19,-11,6,-24,-11,-23,-24,-8,-22,7,-9,18,3,16,9,8,8,1,6,0,7,0,10,-4,8,-14,10,-14,-21,-19,-33,-1,-29,23,-7,38,20,34,34,11,30,-11]"
CSI_DATA,55964,d8:b1:90:d9:de:f0,-54,11,-99,-38,55,116,823419008,100,0,228,0,"[14,-11,14,-13,13,-15,10,-16,7,-17,4,-18,0,-18,94,-6,-4,-18,-6,-19,-9,-18,-11,-18,-13,-17,-15,-17,-16,-16,-15,-15,-15,-15,-12,-13,-10,-10,-6,-7,-1,-3,56,5,6,3,10,8,13,11,15,15,17,18,18,21,0,0,16,23,14,24,11,23,9,21,5,18,0,14,-6,14,-6,2,-10,-3,-13,-9,-15,-14,-16,-18,-15,-22,-15,-24,-13,-25,-12,-25,-10,-24,-9,-23,-7,-21,-5,-19,-40,14,0,-11,0,-6,2,0,3,4,3,10,2,15,0,17,1,-2,-1,-8,-11,-7,-18,1,-13,16,1,24,19,16,24,-21,16,-19,-2,-24,-18,-13,-21,3,-9,16,5,16,13,4,7,-7,-3,-8,-10,1,-3,13,12,14,23,-1,18,-21,-3,-30,-25,-18,-30,3,-18,23,1,27,17,16,0,0,11,-8,2,-10,0,-4,1,-3,2,-7,-3,-13,-18,-2,-23,0,-18,17,-1,26,15,20,23,5,18,-9,7,-15,-1,-12,-4,-7,-5,-5,-7,-4,-12,-2,-16,6,-15,3,3,30,24,23,38,1,33,-24,10,-39,-15,-34,-29,-14]"
CSI_DATA,55965,d8:b1:90:d9:de:f0,-54,11,-99,-38,55,116,823438811,100,0,228,0,"[-14,12,-14,13,-13,15,-11,17,-9,17,-5,19,-3,19,94,-6,1,20,3,20,6,20,8,20,10,20,11,20,12,19,12,18,11,18,10,15,8,12,5,8,2,3,56,5,-2,-6,-3,-11,-6,-16,-6,-21,-6,-24,-5,-26,0,0,-3,-28,-1,-28,0,-26,1,-23,3,-18,4,-12,77,0,5,1,4,8,3,15,1,20,0,24,-1,26,-4,27,-5,27,-6,26,-7,24,-8,23,-8,20,-8,17,110,14,-6,8,-3,3,0,0,2,-5,6,-8,11,-10,14,-9,-2,2,0,8,9,9,17,0,15,-14,0,-23,-16,-18,-26,19,-18,17,0,24,16,16,21,0,12,-15,-2,-17,-12,-6,-10,6,1,11,11,1,8,-12,-7,-18,-22,-6,-23,12,-6,29,15,27,30,7,25,-13,7,-26,-9,-21,0,0,-14,3,-5,8,0,4,-2,0,-7,3,-5,12,10,12,19,12,25,-2,17,-19,0,-25,-14,-17,-19,-3,-14,7,-5,10,0,7,0,6,0,7,5,10,15,8,14,10,20,-20,2,-34,-21,-31,-37,-11,-36,15,-18,32,4,32]"
CSI_DATA,55966,d8:b1:90:d9:de:f0,-53,11,-99,-38,55,116,823448971,100,0,228,0,"[-14,-12,-16,-11,-18,-9,-20,-5,-21,-2,-20,0,-19,3,94,-6,-17,10,-16,13,-14,15,-13,17,-11,19,-9,20,-8,21,-7,21,-5,20,-3,18,-2,15,0,10,0,4,56,5,1,-7,1,-12,2,-17,4,-21,5,-24,5,-26,0,0,6,-27,7,-26,7,-24,7,-20,8,-16,7,-10,94,0,4,2,3,9,1,16,0,20,0,25,-1,27,-1,28,-2,28,-3,28,-3,26,-3,25,-2,22,-2,19,-44,14,-2,10,-1,4,0,0,0,-6,1,-11,3,-14,6,-15,-2,-2,-8,1,-6,11,4,17,19,10,22,-6,10,-23,-28,-16,-23,-9,-22,10,-6,22,11,18,19,2,12,-12,-1,-15,-11,-3,-6,8,6,10,14,-2,6,-18,-12,-20,-26,-4,-22,19,0,32,22,22,29,0,19,-18,0,-23,0,0,-14,0,-7,5,-1,4,-2,0,-7,1,-7,10,7,14,16,15,25,0,18,-17,1,-25,-14,-18,-19,-3,-14,7,-4,10,0,8,0,6,2,7,7,9,16,3,18,5,11,-27,-10,-33,-33,-20,-39,6,-25,31,0,37,21,24]"
CSI_DATA,55967,d8:b1:90:d9:de:f0,-54,11,-99,-37,55,116,823468792,100,0,228,0,"[13,14,15,13,16,10,17,8,18,5,20,2,19,0,91,-6,19,-7,18,-9,17,-12,16,-14,16,-16,15,-16,14,-17,13,-18,11,-17,8,-16,7,-13,4,-9,1,-4,54,5,-6,4,-9,9,-12,12,-15,16,-16,17,-18,18,0,0,-19,18,-20,16,-19,15,-17,12,-16,8,-11,3,96,14,-1,-4,3,-8,8,-11,14,-14,17,-16,19,-16,21,-16,20,-16,21,-16,20,-14,19,-13,17,-11,16,-9,-50,0,9,-2,4,-1,0,1,-5,2,-11,3,-15,2,-17,2,2,3,9,0,9,-9,0,-18,-16,-14,-23,1,-15,18,24,21,20,14,23,-5,10,-19,-6,-19,-18,-7,-15,7,-2,15,9,7,9,-6,-2,-11,-15,-2,-13,14,2,24,20,15,29,-7,15,-26,-7,-29,-24,-15,-25,6,-12,19,0,0,12,8,9,0,3,-2,1,1,7,3,13,-2,4,-15,-2,-22,-18,-16,-24,0,-17,16,-1,21,11,15,14,3,10,-3,5,-5,2,-4,4,-5,2,-11,-6,-16,-6,-16,-27,5,-20,25,0,36,25,29,38,4,30,-18,9,-29]"
CSI_DATA,55968,d8:b1:90:d9:de:f0,-54,11,-99,-38,55,116,823478863,100,0,228,0,"[4,17,7,17,10,16,12,14,15,10,17,6,18,3,94,-6,18,-3,18,-5,18,-9,17,-12,15,-15,14,-17,13,-18,11,-19,9,-18,7,-16,5,-13,3,-8,0,-3,56,5,-1,7,-1,12,-3,16,-4,21,-4,24,-5,26,0,0,-6,27,-5,26,-6,24,-6,21,-6,16,-6,10,-83,14,-5,-2,-6,-9,-6,-14,-5,-19,-5,-23,-6,-26,-5,-27,-5,-27,-5,-26,-4,-25,-4,-23,-3,-22,-2,-19,-54,14,0,-10,0,-5,2,0,3,4,4,10,3,13,3,16,1,3,8,1,11,-6,3,-17,-11,-16,-23,-2,-18,15,17,25,17,17,23,-1,13,-17,-4,-20,-17,-7,-14,7,-1,13,8,5,7,-5,-4,-9,-14,1,-7,16,10,21,26,7,24,-17,3,-31,-19,-23,-28,-1,-19,17,0,23,0,0,14,1,7,-4,1,-4,3,0,7,-3,5,-12,-11,-12,-18,-11,-23,4,-13,20,3,24,17,13,19,-1,11,-10,1,-11,-1,-6,-2,-5,-5,-5,-11,-5,-17,2,-17,1,0,29,23,24,37,1,31,-24,6,-38,-19,-30,-30,-9]"
CSI_DATA,55969,d8:b1:90:d9:de:f0,-53,11,-99,-40,55,116,823489771,100,0,228,0,"[18,8,19,7,21,5,21,2,20,-2,19,-5,18,-8,99,-7,14,-14,13,-16,11,-18,9,-21,8,-22,6,-23,5,-23,4,-23,3,-21,3,-19,2,-15,1,-10,0,-4,59,6,0,8,0,13,-2,18,-3,22,-5,25,-5,27,0,0,-7,29,-9,28,-9,24,-10,21,-10,16,-9,11,-104,15,-7,-4,-5,-11,-2,-17,0,-22,2,-25,4,-28,6,-28,7,-29,8,-27,8,-26,8,-23,8,-22,8,-19,69,0,5,-10,3,-4,2,2,-1,7,-4,12,-7,14,-10,14,5,2,8,-4,3,-14,-10,-15,-22,-5,-21,13,-5,26,30,10,25,4,20,-15,2,-24,-14,-17,-19,1,-10,14,4,14,12,3,6,-8,-8,-8,-13,6,-3,19,15,18,28,2,21,-21,-1,-32,-24,-22,-30,1,-20,19,-1,24,0,0,15,2,9,-5,3,-4,4,-1,8,-3,8,-12,-10,-15,-17,-16,-26,-1,-21,16,-4,25,13,20,20,6,16,-5,7,-11,2,-8,0,-8,-1,-9,-7,-11,-17,-7,-17,-8,-17,25,4,37,29,27,42,3,33,-24,9,-39,-14,-29]"
CSI_DATA,55970,d8:b1:90:d9:de:f0,-54,11,-99,-38,55,116,823499961,100,0,228,0,"[15,-10,15,-13,12,-15,9,-17,6,-19,2,-19,-1,-19,94,-6,-8,-18,-12,-16,-14,-14,-16,-12,-19,-10,-20,-8,-21,-7,-21,-4,-20,-3,-17,-2,-14,-1,-10,0,-4,0,56,5,6,-1,12,-1,17,-2,21,-2,23,-3,26,-4,0,0,27,-4,26,-3,25,-3,21,-2,18,0,12,1,-88,0,0,7,-4,10,-11,13,-14,15,-18,17,-20,17,-21,18,-22,18,-21,18,-20,16,-19,16,-16,14,-14,12,62,14,-9,6,-5,3,0,-1,2,-5,5,-8,9,-10,11,-10,1,-2,0,-8,-10,-7,-17,2,-12,17,4,22,21,13,18,-27,9,-23,-10,-21,-22,-6,-17,11,-1,19,12,11,14,-2,3,-11,-8,-5,-7,7,4,12,18,2,15,-16,-1,-28,-24,-15,-29,7,-14,27,8,28,23,12,22,-7,0,0,-3,-14,-8,-5,-4,0,-2,-2,-6,-4,-13,0,-6,17,0,22,15,19,24,2,19,-13,3,-22,-8,-17,-14,-4,-10,2,-6,5,-3,5,-4,9,0,13,12,14,12,13,26,-16,9,-34,-17,-34,-37,-14,-37,14,-17,34,7,32]"
CSI_DATA,55971,d8:b1:90:d9:de:f0,-53,11,-99,-40,55,116,823510411,100,0,228,0,"[4,-19,2,-20,-1,-20,-4,-20,-8,-18,-11,-17,-14,-13,99,-7,-18,-9,-20,-6,-21,-4,-22,-1,-23,2,-23,4,-23,5,-22,7,-21,7,-18,6,-15,6,-10,4,-5,2,59,6,7,-4,12,-6,16,-8,20,-9,23,-11,26,-12,0,0,27,-11,26,-10,25,-8,22,-6,18,-3,14,0,-87,0,2,8,-4,12,-10,14,-15,17,-19,18,-22,18,-23,18,-24,17,-24,17,-22,15,-22,15,-20,12,-17,11,40,15,-11,4,-5,1,0,-3,5,-6,10,-8,14,-8,16,-8,0,-4,-6,-6,-13,0,-12,14,1,22,18,16,26,-2,-1,-33,-5,-25,-21,-13,-23,7,-9,19,8,18,17,4,11,-10,-2,-12,-10,-1,-4,11,11,10,19,-6,8,-23,-13,-25,-30,-7,-26,18,-6,31,17,26,27,6,21,-13,0,0,-8,-14,-10,-4,-6,0,-3,-2,-7,-4,-14,3,-5,18,0,23,17,19,26,2,20,-15,4,-23,-10,-18,-15,-6,-12,3,-7,6,-5,5,-5,8,-1,14,10,16,10,16,30,-11,17,-32,-9,-40,-34,-25,-43,4,-27,28,-2,34]"
CSI_DATA,55972,d8:b1:90:d9:de:f0,-51,9,-99,-35,52,116,823522165,108,0,106,0,"[125,0,42,18,-108,0,115,18,-47,0,-105,18,-8,0,0,0,-5,0,88,0,-17,0,-149,0,-33,0,-95,0,-73,0,-81,0,159,0,-146,0,54,0,59,0,-62,18,-89,18,154,18,98,18,94,18,8,18,0,0,0,0,42,18,8,18,67,18,80,18,128,18,-93,18,-93,18,95,0,28,0,-55,0,119,0,59,1,-156,0,104,1,-142,0,83,1,-152,0,35,1,148,0,-50,0,112,0,138,0,37,0,-32,18,-60,18]"
CSI_DATA,55973,d8:b1:90:d9:de:f0,-53,11,-99,-39,55,116,823538766,100,0,228,0,"[18,-8,18,-10,17,-12,14,-15,11,-17,7,-18,3,-19,97,-7,-4,-19,-7,-19,-10,-18,-14,-18,-15,-17,-17,-16,-18,-15,-19,-13,-19,-12,-17,-10,-14,-8,-10,-6,-5,-2,58,6,6,3,12,5,17,8,21,10,24,11,25,12,0,0,26,13,25,14,23,14,20,14,15,13,9,11,85,0,-5,7,-11,4,-17,2,-22,0,-26,-3,-28,-4,-29,-5,-30,-6,-29,-6,-28,-6,-25,-6,-23,-6,-20,-6,26,15,-11,-5,-5,-4,1,-3,7,-1,12,2,16,4,17,6,4,-2,1,-9,-9,-11,-18,-2,-17,13,-2,24,18,19,26,-19,18,-19,-2,-25,-19,-14,-22,4,-9,18,7,16,15,3,8,-8,-5,-8,-10,4,0,14,17,11,23,-8,11,-26,-14,-27,-31,-9,-28,16,-8,30,14,24,24,6,0,0,5,-15,-4,-10,-5,-4,-1,-4,-2,-8,-11,-9,-17,8,-18,15,-3,26,16,22,25,5,21,-12,6,-19,-5,-15,-11,-7,-9,-1,-8,0,-9,2,-11,9,-5,19,-6,18,28,14,36,-9,23,-35,-6,-42,-32,-27,-39,-1,-26,21]"
CSI_DATA,55974,d8:b1:90:d9:de:f0,-54,11,-99,-37,55,116,823548873,100,0,228,0,"[-11,-14,-13,-14,-15,-12,-16,-9,-17,-6,-17,-2,-17,0,91,-6,-16,6,-16,9,-15,12,-15,14,-14,16,-12,18,-11,18,-10,18,-9,17,-7,16,-6,13,-3,9,-1,3,54,5,2,-6,5,-10,6,-15,9,-17,11,-20,13,-22,0,0,14,-24,16,-21,16,-19,15,-16,14,-12,11,-6,-90,0,5,5,2,11,-1,16,-4,20,-7,23,-10,24,-11,25,-12,25,-13,24,-13,22,-13,20,-11,19,-10,16,90,14,-7,7,-4,3,-1,0,1,-5,5,-9,10,-11,13,-11,-2,-2,-8,0,-8,10,1,16,16,12,22,-3,14,-19,-22,-19,-20,-13,-22,6,-10,19,7,19,17,6,15,-7,1,-14,-8,-6,-7,5,3,8,12,0,8,-16,-8,-20,-24,-9,-25,14,-8,29,15,26,27,8,23,-12,7,-22,0,0,-14,-6,-9,2,-3,2,-3,0,-8,0,-10,8,5,16,11,18,22,7,23,-10,10,-22,-6,-21,-16,-10,-16,1,-9,7,-3,7,-1,7,0,9,4,12,15,10,14,11,21,-20,3,-34,-21,-31,-38,-10,-35,16,-16,33,7,30]"
CSI_DATA,55975,d8:b1:90:d9:de:f0,-53,11,-99,-39,55,116,823568691,100,0,228,0,"[14,14,16,13,18,11,19,9,18,6,20,3,20,-1,97,-7,19,-7,18,-9,18,-12,16,-14,16,-15,15,-17,15,-18,14,-18,13,-18,11,-15,10,-13,7,-8,3,-4,58,6,-5,6,-8,10,-12,13,-16,17,-18,18,-20,19,0,0,-24,17,-24,15,-24,13,-21,10,-19,5,-14,1,85,15,-3,-8,4,-12,10,-14,16,-16,21,-17,24,-16,25,-16,27,-14,27,-12,25,-11,24,-9,22,-7,20,-5,-27,0,11,-1,5,1,0,2,-7,2,-13,2,-15,0,-19,-2,4,2,9,-2,7,-12,-4,-19,-18,-13,-25,4,-15,22,24,22,22,14,25,-6,12,-21,-6,-22,-18,-9,-16,7,-4,15,8,9,9,-4,-2,-10,-14,-2,-12,14,4,23,23,16,30,-7,17,-27,-7,-31,-25,-17,-28,4,-15,19,0,0,11,12,10,2,6,-1,4,2,8,3,15,-3,4,-19,-1,-24,-19,-19,-27,-3,-22,15,-6,24,8,20,14,9,13,-1,8,-4,7,-4,7,-7,4,-14,-5,-19,-4,-19,-32,0,-28,24,-7,40,21,37,40,16,37,-12,19,-28]"
CSI_DATA,55976,d8:b1:90:d9:de:f0,-54,11,-99,-38,55,116,823578908,100,0,228,0,"[-18,-6,-19,-4,-19,-1,-20,0,-19,4,-16,8,-15,10,94,-6,-10,15,-8,17,-5,19,-2,21,0,21,0,21,2,22,4,20,5,19,5,17,4,13,3,9,1,4,56,5,-3,-5,-6,-9,-7,-15,-10,-18,-11,-21,-11,-22,0,0,-12,-24,-11,-25,-9,-23,-7,-21,-3,-16,0,-13,-20,14,7,-1,11,2,14,8,17,12,18,16,20,18,20,19,20,20,19,19,18,19,16,18,15,16,12,14,-73,0,6,8,2,4,-1,0,-5,-3,-8,-7,-9,-11,-9,-13,-3,0,-6,5,0,13,11,12,21,0,16,-16,0,-25,-31,-2,-25,2,-14,19,3,22,18,10,17,-6,4,-16,-8,-11,-11,0,-1,8,9,3,8,-9,-5,-17,-20,-7,-24,11,-5,28,16,24,30,3,22,-17,3,-26,-12,-18,0,0,-12,7,-2,9,0,5,-1,3,-2,7,3,13,18,2,22,-1,16,-18,0,-25,-17,-17,-22,-1,-15,11,-3,14,3,11,4,5,6,4,8,3,12,0,14,-11,13,-11,-14,-25,-34,-10,-35,15,-16,36,11,37,32,20,32,-4]"
CSI_DATA,55977,d8:b1:90:d9:de:f0,-53,11,-99,-39,55,116,823589252,100,0,228,0,"[-5,19,-3,20,0,20,4,20,8,19,10,16,13,14,97,-7,18,10,19,8,21,5,22,3,23,1,23,-1,24,-2,23,-4,21,-4,19,-4,16,-4,11,-2,5,-1,58,6,-7,3,-12,4,-17,4,-21,5,-25,4,-28,4,0,0,-30,4,-29,2,-27,0,-23,-1,-19,-4,-13,-5,91,15,2,-8,9,-9,16,-10,21,-9,25,-8,27,-8,28,-6,29,-5,29,-5,28,-3,26,-2,23,-1,20,0,-11,0,10,1,4,2,-2,3,-8,3,-14,2,-18,-1,-19,-4,-1,4,7,7,14,0,13,-13,0,-22,-18,-17,-26,1,-2,32,2,27,20,15,23,-4,11,-19,-6,-19,-17,-7,-12,8,0,12,9,3,6,-9,-9,-10,-19,3,-13,21,8,27,28,13,30,-12,13,-30,-11,-29,-25,-12,-24,8,0,0,3,15,8,6,6,1,3,3,7,7,15,2,11,-16,9,-22,-9,-25,-25,-13,-26,7,-14,20,2,21,12,13,13,3,9,-1,7,-3,8,-5,8,-11,-1,-20,-1,-19,-31,-6,-32,18,-14,38,15,39,36,20,39,-7,21,-25]"
CSI_DATA,55978,d8:b1:90:d9:de:f0,-53,11,-99,-40,55,116,823608860,100,0,228,0,"[-19,-3,-20,-2,-20,0,-20,3,-19,6,-17,9,-16,12,99,-7,-12,16,-10,18,-8,20,-6,21,-4,23,-3,23,-2,23,-1,23,-1,22,-1,20,0,16,0,11,0,5,59,6,0,-7,0,-13,2,-18,3,-21,4,-25,5,-27,0,0,8,-27,10,-26,10,-23,12,-20,11,-15,10,-9,126,0,7,5,4,12,0,18,-2,22,-5,26,-8,28,-10,28,-12,27,-12,27,-12,25,-13,22,-12,20,-12,17,122,15,-9,8,-5,3,-2,-3,3,-7,8,-10,12,-12,14,-11,-4,0,-6,6,1,14,13,13,22,1,17,-16,1,-26,-31,-5,-26,0,-17,17,1,23,16,14,19,-3,9,-14,-5,-13,-11,-2,-4,9,8,7,12,-7,2,-19,-17,-17,-28,0,-20,22,2,32,23,21,30,-1,20,-20,1,-24,0,0,-15,-3,-10,5,-4,4,-4,1,-8,3,-9,11,9,17,15,18,25,3,22,-14,7,-24,-9,-21,-18,-9,-16,3,-9,9,-3,9,-2,8,-1,10,5,13,16,12,14,12,24,-21,6,-37,-21,-36,-41,-14,-40,14,-20,33,5,33]"
CSI_DATA,55979,d8:b1:90:d9:de:f0,-53,11,-99,-40,55,116,823619013,100,0,228,0,"[9,17,11,17,14,15,16,11,18,9,19,4,19,0,99,-7,19,-7,18,-10,17,-13,15,-16,14,-18,12,-20,11,-21,9,-21,7,-21,6,-18,4,-16,3,-11,1,-6,59,6,-1,7,-1,13,-2,18,-3,22,-3,25,-3,27,0,0,-4,29,-5,27,-6,26,-6,22,-7,18,-7,12,-114,15,-8,-2,-8,-9,-8,-16,-8,-21,-8,-25,-8,-27,-8,-29,-8,-28,-7,-29,-7,-26,-6,-26,-5,-23,-4,-20,-14,15,-1,-11,1,-6,3,-1,4,6,5,11,5,16,3,18,3,3,10,0,10,-10,0,-18,-15,-16,-25,1,-17,19,23,23,21,15,25,-6,11,-20,-8,-20,-19,-6,-15,9,-1,14,9,6,7,-6,-6,-8,-14,4,-6,18,14,20,28,3,22,-21,0,-32,-23,-22,-30,1,-18,21,1,25,0,0,15,0,9,-7,2,-5,4,-2,7,-5,4,-13,-15,-13,-21,-11,-24,7,-14,23,5,25,18,14,20,-2,12,-11,2,-12,-2,-9,-3,-7,-7,-8,-13,-6,-19,4,-18,4,1,31,25,26,42,3,34,-26,8,-43,-19,-33,-32,-12]"
CSI_DATA,55980,d8:b1:90:d9:de:f0,-53,11,-99,-40,55,116,823629272,100,0,228,0,"[18,7,19,5,20,3,20,-1,19,-4,18,-8,15,-11,99,-7,11,-17,9,-18,7,-20,4,-21,2,-22,0,-23,-1,-23,-2,-23,-3,-22,-3,-19,-3,-16,-2,-11,-1,-6,59,6,2,7,3,12,4,17,5,22,5,25,6,27,0,0,4,29,2,28,1,27,0,23,-3,19,-5,13,-43,15,-8,0,-10,-8,-11,-14,-11,-20,-11,-24,-11,-26,-10,-28,-9,-28,-8,-28,-7,-27,-6,-26,-5,-23,-4,-20,-75,15,0,-11,1,-5,3,0,3,7,3,12,2,16,0,18,4,1,7,-5,1,-14,-12,-14,-22,-2,-19,16,-2,26,32,6,26,0,17,-19,-3,-24,-17,-13,-19,4,-8,16,6,13,11,1,3,-9,-8,-5,-10,9,3,18,21,12,26,-8,13,-28,-12,-30,-29,-12,-28,11,-12,25,9,24,0,0,15,-4,6,-9,1,-5,4,-3,6,-7,2,-15,-18,-10,-23,-7,-23,11,-10,25,8,25,21,12,20,-3,11,-13,2,-12,-2,-9,-4,-7,-6,-8,-13,-6,-20,4,-18,4,0,32,23,28,41,7,38,-22,13,-42,-14,-37,-29,-16]"
CSI_DATA,55981,d8:b1:90:d9:de:f0,-53,11,-99,-40,55,116,823639796,100,0,228,0,"[-14,-13,-15,-12,-17,-9,-18,-6,-19,-1,-18,3,-18,7,99,-7,-13,14,-11,16,-8,19,-6,20,-3,22,0,23,2,23,3,23,5,21,5,18,5,14,4,11,2,5,59,6,-4,-6,-6,-11,-9,-16,-11,-19,-13,-22,-15,-24,0,0,-14,-25,-15,-24,-13,-22,-11,-21,-7,-17,-3,-14,-40,15,7,-4,12,1,17,5,21,8,24,11,25,13,26,14,26,13,26,13,25,12,23,11,21,10,17,10,-37,0,9,6,4,4,-2,1,-8,0,-12,-3,-16,-6,-17,-8,-4,-2,-8,3,-6,12,6,17,20,9,22,-10,8,-24,-29,-13,-25,-5,-19,15,-1,23,16,14,19,-4,8,-15,-6,-13,-11,0,-2,9,9,4,9,-10,-6,-18,-22,-8,-24,13,-6,30,19,25,31,4,23,-19,2,-28,-16,-18,0,0,-12,9,-2,10,1,5,-1,4,-2,9,6,14,20,-1,23,-8,13,-23,-8,-27,-23,-14,-23,5,-12,17,2,17,8,10,9,4,7,2,10,0,12,-6,8,-17,8,-18,-25,-18,-37,5,-26,32,2,43,29,29,40,3,26,-21]"
CSI_DATA,55982,d8:b1:90:d9:de:f0,-53,11,-99,-40,55,116,823650036,100,0,228,0,"[9,17,12,16,14,15,16,11,17,8,18,4,18,0,99,-7,18,-8,17,-11,15,-13,14,-16,13,-18,11,-20,10,-21,8,-21,6,-21,6,-18,4,-16,2,-10,2,-5,59,6,0,7,-1,13,-2,18,-3,21,-3,25,-4,27,0,0,-5,29,-5,27,-7,25,-7,22,-8,18,-8,12,128,15,-8,-3,-8,-9,-8,-16,-7,-22,-7,-26,-6,-28,-5,-29,-5,-29,-4,-29,-4,-27,-3,-26,-3,-23,-2,-20,41,0,1,-11,2,-5,3,1,3,8,3,13,2,17,0,20,2,4,9,1,10,-10,0,-18,-16,-15,-24,1,-16,19,22,22,21,14,24,-6,11,-21,-8,-20,-18,-6,-14,9,-1,14,9,6,6,-6,-5,-7,-12,4,-5,18,14,18,28,2,21,-21,0,-32,-23,-22,-30,0,-19,20,0,25,0,0,16,2,9,-6,3,-5,5,-2,8,-6,5,-14,-15,-14,-21,-11,-26,6,-15,23,4,26,18,15,21,-1,12,-11,3,-12,-2,-8,-3,-7,-5,-8,-12,-7,-19,2,-19,3,-3,31,22,30,41,9,39,-20,14,-40,-14,-37,-29,-16]"
CSI_DATA,55983,d8:b1:90:d9:de:f0,-53,11,-99,-39,55,116,823668745,100,0,228,0,"[-4,-18,-7,-19,-10,-18,-12,-15,-15,-12,-17,-8,-18,-4,97,-7,-18,3,-18,6,-18,9,-17,12,-16,15,-15,17,-14,17,-12,18,-11,18,-9,17,-7,14,-5,10,-2,5,58,6,1,-7,3,-12,5,-16,5,-20,7,-24,8,-26,0,0,9,-27,10,-26,10,-24,10,-21,10,-16,10,-10,-123,0,10,4,9,11,7,17,7,22,6,26,5,28,4,30,4,29,3,30,3,28,2,26,2,24,0,20,2,0,-2,11,-2,6,-3,-1,-5,-8,-5,-12,-3,-17,-2,-18,-2,-4,-8,-2,-11,7,-4,18,13,18,24,4,20,-16,-16,-27,-18,-19,-25,1,-15,17,3,22,16,10,16,-5,4,-13,-7,-8,-7,3,3,8,12,-1,7,-16,-10,-20,-27,-7,-24,17,-4,31,19,25,30,4,22,-16,4,-24,0,0,-15,-4,-9,5,-4,5,-4,3,-8,5,-6,14,15,15,20,13,25,-4,17,-21,-2,-26,-17,-17,-21,-1,-14,9,-5,12,0,10,3,8,6,10,13,7,21,-2,18,-2,3,-32,-22,-31,-41,-9,-36,21,-14,40,15,37,30,16]"
CSI_DATA,55984,d8:b1:90:d9:de:f0,-54,11,-99,-38,55,116,823678876,100,0,228,0,"[12,-14,11,-16,9,-17,6,-18,1,-19,0,-19,-4,-18,94,-6,-11,-15,-13,-14,-16,-12,-18,-9,-19,-7,-21,-5,-22,-4,-22,-3,-20,-1,-19,0,-15,0,-10,0,-4,0,56,5,6,0,12,0,17,1,21,0,24,0,27,0,0,0,28,1,28,2,25,3,22,4,18,5,11,6,-107,0,-1,7,-8,7,-15,6,-20,6,-24,5,-28,5,-28,4,-29,4,-28,4,-27,2,-25,2,-23,1,-20,0,8,14,-10,0,-4,0,0,-1,7,0,12,0,16,0,19,2,3,-3,-1,-8,-12,-7,-18,4,-10,18,7,23,23,10,15,-27,8,-23,-11,-21,-23,-4,-18,12,0,20,12,11,14,-2,3,-10,-7,-6,-6,6,4,12,17,2,16,-15,0,-26,-22,-18,-30,3,-18,25,4,29,22,15,23,-3,0,0,0,-15,-6,-6,-4,-1,0,-2,-3,-7,-12,-4,-12,12,-11,20,5,25,22,14,25,-3,14,-18,0,-19,-10,-11,-11,-1,-7,1,-6,2,-7,4,-7,10,0,18,0,19,30,5,31,-18,11,-37,-17,-37,-36,-17,-36,9,-18,27]"
CSI_DATA,55985,d8:b1:90:d9:de:f0,-54,11,-99,-39,55,116,823699479,100,0,228,0,"[-16,-10,-17,-8,-19,-6,-18,-2,-18,2,-17,5,-15,9,97,-7,-10,15,-8,17,-6,19,-3,20,0,21,2,22,4,22,5,21,5,20,5,18,5,15,3,10,1,5,58,6,-4,-5,-7,-10,-10,-14,-12,-18,-14,-20,-15,-22,0,0,-14,-24,-13,-24,-11,-23,-9,-21,-5,-18,-1,-14,-24,15,8,-5,14,1,18,5,21,8,24,11,25,14,26,16,25,15,25,16,23,15,22,14,19,14,16,12,-41,0,8,8,3,6,-3,3,-8,-1,-12,-5,-15,-8,-15,-10,-3,-1,-7,5,-3,14,10,15,21,4,19,-14,3,-24,-30,-8,-25,-1,-16,18,2,22,17,12,18,-5,7,-15,-6,-12,-10,0,-2,7,8,2,7,-10,-7,-16,-21,-5,-24,15,-4,28,19,23,30,3,22,-19,2,-26,-15,-18,0,0,-13,8,-4,10,0,6,-2,6,-2,10,7,13,22,-1,23,-7,14,-22,-6,-26,-21,-14,-23,3,-14,15,-1,17,7,10,8,6,8,3,11,1,14,-5,11,-17,9,-16,-24,-22,-37,-1,-31,27,-6,43,24,36,37,11,31,-14]"
CSI_DATA,55986,d8:b1:90:d9:de:f0,-54,11,-99,-39,55,116,823718935,100,0,228,0,"[8,-17,7,-19,4,-19,2,-20,-3,-19,-6,-17,-9,-16,97,-7,-15,-11,-17,-8,-19,-6,-20,-4,-21,-2,-22,1,-22,2,-22,3,-21,4,-18,4,-15,4,-11,2,-6,1,58,6,5,-4,10,-6,16,-7,20,-9,22,-10,24,-11,0,0,26,-9,27,-8,26,-6,23,-4,20,-1,15,3,-63,0,3,9,-3,13,-9,15,-14,17,-18,19,-21,19,-23,19,-23,18,-23,17,-22,16,-21,15,-20,13,-18,10,38,15,-11,4,-6,0,-2,-4,4,-7,9,-8,13,-9,17,-9,1,-4,-5,-7,-13,-2,-15,11,-3,21,14,19,25,2,7,-30,0,-25,-18,-16,-23,2,-13,18,4,19,16,8,13,-6,2,-11,-7,-3,-5,7,8,8,16,-5,8,-20,-12,-25,-27,-7,-26,15,-7,30,15,25,27,7,21,-12,0,0,-6,-14,-9,-6,-6,-1,-5,-3,-9,-3,-14,3,-3,21,1,24,18,19,26,3,21,-15,5,-23,-10,-18,-16,-7,-13,3,-8,6,-6,7,-4,10,1,15,12,16,11,15,29,-12,16,-33,-11,-39,-35,-23,-41,6,-26,28,-2,34]"
CSI_DATA,55987,d8:b1:90:d9:de:f0,-53,11,-99,-39,55,116,823729782,100,0,228,0,"[13,14,15,13,17,11,19,7,20,3,19,-1,18,-5,97,-7,14,-12,12,-14,10,-17,7,-19,5,-21,2,-21,0,-22,-1,-21,-3,-20,-4,-18,-4,-14,-3,-10,-1,-5,58,6,4,6,7,11,9,15,11,18,13,21,14,22,0,0,15,24,15,24,13,23,11,21,7,17,3,15,37,0,-8,6,-13,1,-18,-3,-22,-6,-25,-9,-27,-11,-27,-11,-28,-11,-27,-11,-26,-11,-24,-9,-22,-9,-19,-8,17,15,-10,-6,-5,-4,1,-3,7,-1,12,1,16,3,17,5,4,2,9,-3,6,-13,-6,-17,-20,-9,-22,10,-9,25,29,14,25,6,20,-15,1,-23,-16,-15,-19,3,-9,15,6,13,11,1,4,-8,-7,-4,-8,8,5,17,20,8,24,-12,5,-28,-18,-24,-30,-4,-22,19,-2,26,15,18,0,0,12,-9,3,-10,-1,-5,1,-5,1,-9,-7,-13,-21,3,-22,8,-11,23,8,25,23,12,23,-6,11,-17,-2,-17,-8,-10,-9,-4,-8,-2,-10,1,-12,8,-7,19,-7,17,28,15,36,-9,23,-34,-6,-42,-33,-27,-40,1,-24,23]"
CSI_DATA,55988,d8:b1:90:d9:de:f0,-53,11,-99,-39,55,116,823748626,100,0,228,0,"[-3,20,-2,21,0,21,3,20,7,19,10,17,12,14,97,-7,16,10,19,8,20,7,21,4,22,3,23,0,23,-1,23,-1,22,-2,19,-2,16,-1,10,-1,5,-1,58,6,-7,0,-12,1,-18,1,-22,0,-25,0,-27,-1,0,0,-28,-3,-27,-5,-25,-6,-21,-7,-16,-8,-10,-8,122,15,4,-7,11,-6,17,-4,23,-2,26,0,28,2,29,4,29,5,28,6,26,7,24,7,22,7,19,6,-18,0,10,4,4,3,-2,0,-8,-2,-12,-6,-14,-9,-14,-11,-1,4,6,6,13,0,13,-13,0,-21,-18,-17,-26,1,-3,31,2,26,20,16,24,-3,13,-18,-5,-19,-15,-8,-13,7,-1,12,8,5,6,-8,-7,-11,-19,0,-14,19,3,27,24,16,30,-7,17,-26,-6,-29,-22,-16,-23,4,0,0,0,15,6,7,4,2,1,4,4,8,13,6,15,-11,15,-18,-1,-26,-19,-19,-25,-2,-19,14,-5,20,6,15,10,6,8,2,7,2,9,-1,12,-7,9,-18,8,-19,-26,-19,-37,2,-29,29,-5,42,23,34,37,11,31,-13]"
CSI_DATA,55989,d8:b1:90:d9:de:f0,-53,11,-99,-39,55,116,823759101,100,0,228,0,"[0,-19,-1,-20,-4,-19,-7,-18,-11,-16,-13,-12,-16,-10,97,-7,-19,-3,-19,0,-20,3,-20,6,-20,9,-20,11,-19,12,-19,13,-17,13,-15,12,-12,10,-9,7,-5,3,58,6,3,-7,6,-12,10,-15,13,-18,15,-20,17,-21,0,0,18,-22,19,-21,19,-18,18,-16,16,-11,13,-6,-91,0,7,8,4,14,0,19,-4,23,-7,26,-8,28,-9,28,-10,29,-10,28,-10,27,-11,24,-9,22,-9,18,-107,15,-7,10,-5,4,-3,-2,0,-8,3,-13,6,-16,9,-17,-1,-3,-7,-3,-12,5,-7,16,8,20,22,10,24,-9,-8,-31,-11,-23,-24,-7,-20,12,-3,22,13,15,17,-1,9,-11,-4,-10,-8,1,0,8,12,3,12,-12,-3,-23,-23,-17,-29,6,-16,27,8,30,26,15,27,-7,13,-20,0,0,-12,-10,-11,0,-6,2,-6,1,-10,2,-11,11,7,21,13,20,25,7,24,-12,9,-25,-8,-22,-18,-10,-16,3,-10,9,-4,8,-2,9,0,11,8,13,20,8,17,8,18,-26,-5,-38,-32,-28,-43,1,-32,28,-6,40,18,29]"
CSI_DATA,55990,d8:b1:90:d9:de:f0,-53,11,-99,-39,55,116,823769199,100,0,228,0,"[15,13,17,13,19,11,19,8,19,4,20,0,19,-4,97,-7,16,-11,15,-14,13,-15,12,-18,10,-20,9,-21,7,-22,6,-22,4,-21,3,-19,2,-16,2,-11,0,-5,58,6,-2,7,-2,12,-3,17,-3,22,-4,24,-5,26,0,0,-6,28,-8,26,-8,25,-8,21,-9,16,-8,10,-89,15,-7,-4,-6,-10,-4,-17,-3,-22,-1,-26,0,-29,1,-30,2,-30,2,-30,3,-27,3,-26,3,-24,3,-20,16,0,4,-10,3,-4,1,2,-1,8,-3,13,-5,16,-8,18,3,3,9,-1,7,-11,-4,-17,-19,-12,-24,6,-12,23,27,17,24,10,23,-11,7,-23,-12,-19,-20,-3,-13,12,1,14,10,5,7,-7,-6,-8,-13,4,-5,18,15,19,27,1,22,-21,0,-31,-23,-22,-30,0,-19,20,0,25,0,0,15,2,9,-6,3,-5,4,-1,8,-3,8,-13,-11,-16,-19,-14,-26,2,-18,20,-1,26,15,18,20,3,14,-8,5,-10,0,-8,-1,-7,-3,-9,-10,-10,-20,-5,-20,-4,-13,29,11,36,36,22,42,-7,28,-32,0,-40,-22,-26]"
CSI_DATA,55991,d8:b1:90:d9:de:f0,-50,11,-99,-49,55,116,823788676,100,0,228,0,"[18,-4,20,-5,20,-5,18,-9,16,-8,14,-10,12,-13,129,-9,8,-17,6,-18,5,-20,4,-20,4,-21,2,-22,4,-22,2,-22,4,-22,4,-18,5,-16,4,-10,2,-5,77,8,-2,6,-6,12,-9,14,-13,18,-16,20,-20,20,0,0,-24,17,-24,12,-25,9,-21,5,-18,1,-13,-4,85,0,0,-9,9,-10,16,-9,21,-9,28,-6,29,-4,33,-1,29,1,30,4,26,5,26,8,22,9,18,8,-166,20,8,8,2,5,-2,2,-6,-4,-9,-9,-9,-14,-8,-18,4,-1,4,-8,-5,-13,-17,-9,-21,5,-13,21,4,25,32,0,26,-2,16,-20,-2,-24,-16,-14,-20,1,-12,13,1,13,9,4,5,-6,-6,-6,-12,4,-5,17,12,21,26,8,28,-14,9,-30,-10,-29,-25,-13,-26,6,-14,20,0,0,10,13,9,2,5,0,4,2,9,5,14,-1,9,-20,5,-24,-12,-24,-25,-12,-26,5,-16,18,-1,20,9,14,10,5,9,1,8,0,10,-1,13,-8,10,-18,10,-17,-24,-24,-37,-5,-37,20,-18,41,10,44,30,25,34,2]"
CSI_DATA,55992,d8:b1:90:d9:de:f0,-54,11,-99,-38,55,116,823798899,100,0,228,0,"[8,17,10,17,12,15,14,12,17,9,17,4,18,1,94,-6,17,-5,15,-9,14,-12,12,-14,11,-17,9,-18,8,-20,6,-20,4,-19,3,-17,1,-14,0,-9,0,-4,56,5,0,5,1,12,0,17,0,21,1,24,1,26,0,0,1,27,1,27,0,24,0,22,-2,17,-4,12,-50,14,-9,0,-11,-6,-13,-12,-14,-17,-15,-21,-16,-23,-17,-23,-16,-24,-16,-23,-15,-22,-14,-21,-13,-19,-11,-16,102,14,-5,-9,-1,-6,1,0,5,3,7,8,9,11,9,13,2,2,8,0,8,-10,0,-17,-15,-14,-23,1,-15,19,22,23,21,13,23,-6,9,-21,-8,-20,-18,-5,-13,9,0,14,8,5,5,-5,-4,-6,-10,4,-1,16,15,14,27,0,16,-22,-5,-29,-25,-15,-28,6,-12,22,5,22,0,0,13,-2,6,-7,1,-4,2,-2,5,-6,0,-14,-18,-8,-22,-3,-21,13,-5,24,11,21,21,6,17,-6,6,-12,0,-11,-3,-6,-5,-5,-8,-5,-14,0,-16,10,-16,11,12,28,34,15,38,-13,20,-37,-8,-40,-32,-23,-33,2]"
CSI_DATA,55993,d8:b1:90:d9:de:f0,-53,11,-99,-40,55,116,823809125,100,0,228,0,"[19,6,20,5,21,3,20,-1,19,-5,16,-8,14,-11,99,-7,9,-16,6,-17,4,-19,1,-20,-2,-21,-4,-22,-5,-22,-6,-21,-7,-20,-7,-17,-6,-14,-4,-10,-2,-5,59,6,4,6,7,11,9,15,10,19,12,22,13,24,0,0,12,26,11,25,9,24,7,22,3,19,-1,14,-18,15,-9,3,-13,-3,-16,-8,-18,-13,-20,-18,-21,-20,-21,-21,-20,-22,-20,-22,-18,-20,-17,-20,-15,-18,-12,-16,114,15,-5,-10,-2,-6,3,-1,6,5,9,9,10,14,10,16,4,1,7,-6,1,-14,-12,-13,-22,0,-17,17,1,25,31,4,26,-2,15,-20,-4,-23,-19,-11,-19,7,-6,16,7,12,10,0,2,-7,-8,-3,-7,10,7,16,22,6,23,-14,4,-29,-19,-24,-30,-3,-23,18,-3,26,14,19,0,0,13,-8,4,-9,0,-5,3,-4,4,-9,-4,-15,-21,-4,-24,2,-18,19,0,27,17,20,23,3,17,-11,5,-16,-4,-12,-6,-7,-7,-5,-9,-5,-14,0,-16,12,-15,12,15,29,34,14,40,-13,22,-38,-8,-42,-31,-25,-34,1]"
CSI_DATA,55994,d8:b1:90:d9:de:f0,-53,11,-99,-39,55,116,823819329,100,0,228,0,"[10,-17,8,-18,5,-20,1,-19,-3,-19,-7,-17,-11,-14,97,-7,-16,-8,-18,-5,-19,-1,-21,2,-20,4,-20,7,-20,10,-19,11,-16,12,-14,12,-11,10,-8,7,-4,3,58,6,3,-7,4,-12,8,-16,9,-20,10,-23,10,-25,0,0,9,-26,10,-27,10,-24,9,-21,9,-17,10,-12,120,0,10,2,11,9,11,15,11,20,12,25,12,27,12,28,13,28,13,27,13,25,12,23,11,22,10,19,126,0,5,11,0,6,-3,1,-6,-4,-10,-9,-11,-11,-11,-14,1,-4,-5,-6,-13,-1,-13,12,-1,22,17,17,26,-2,3,-31,-5,-25,-22,-12,-22,8,-8,21,10,17,17,2,10,-11,-3,-10,-8,0,0,8,11,2,11,-13,-4,-21,-24,-14,-26,11,-10,29,14,27,28,8,23,-13,6,-22,0,0,-14,-4,-10,3,-4,4,-4,2,-8,5,-5,14,17,14,21,11,25,-8,13,-24,-7,-25,-20,-12,-20,4,-11,12,0,14,4,9,5,7,8,6,15,2,18,-11,16,-10,-12,-30,-35,-16,-40,13,-21,38,11,41,34,23,34,-5]"
CSI_DATA,55995,d8:b1:90:d9:de:f0,-53,11,-99,-40,55,116,823838794,100,0,228,0,"[5,18,7,19,9,18,12,16,14,14,15,11,17,7,99,-7,19,1,19,-1,20,-4,20,-6,20,-8,20,-10,20,-11,19,-11,18,-11,16,-10,13,-8,9,-5,4,-2,59,6,-6,4,-11,7,-15,10,-19,11,-22,11,-25,11,0,0,-27,10,-27,8,-26,6,-23,3,-19,0,-14,-3,88,15,0,-8,7,-11,14,-12,19,-12,23,-12,26,-11,28,-10,28,-8,28,-7,27,-6,25,-5,23,-3,20,-2,-7,0,11,1,5,2,-2,2,-9,2,-13,1,-17,-2,-18,-5,2,4,8,3,12,-6,5,-17,-10,-19,-23,-7,-23,12,12,30,13,21,24,5,19,-13,4,-22,-13,-15,-17,-1,-9,11,3,10,9,0,1,-9,-11,-6,-15,9,-4,22,16,22,29,3,23,-20,3,-31,-18,-23,-26,-5,-20,14,0,0,6,14,9,4,5,0,4,3,8,5,15,0,8,-18,4,-24,-13,-22,-26,-9,-24,10,-11,21,4,20,13,11,12,2,8,-2,7,-3,8,-6,7,-12,-1,-20,-1,-19,-31,-5,-32,18,-14,40,14,41,37,21,40,-6,23,-24]"
CSI_DATA,55996,d8:b1:90:d9:de:f0,-54,11,-99,-38,55,116,823848984,100,0,228,0,"[17,-9,17,-10,17,-12,15,-14,12,-15,10,-17,6,-18,94,-6,0,-19,0,-19,-3,-19,-5,-19,-6,-20,-8,-20,-9,-19,-9,-19,-9,-18,-8,-15,-6,-12,-4,-8,-2,-3,56,5,1,6,3,12,3,16,4,20,5,23,4,25,0,0,2,27,0,26,0,25,-1,21,-3,16,-5,10,-61,14,-5,-1,-4,-9,-3,-15,-1,-21,0,-25,1,-27,3,-28,4,-28,5,-27,6,-25,7,-23,7,-20,6,-17,83,0,5,-8,2,-3,0,0,-3,5,-8,8,-11,9,-14,10,3,-1,2,-8,-7,-10,-17,-3,-17,11,-5,23,13,21,29,-13,21,-14,3,-24,-13,-17,-21,-2,-14,12,0,17,11,8,11,-3,0,-9,-9,-3,-8,10,4,17,21,7,22,-10,8,-27,-14,-26,-27,-8,-25,12,-9,23,8,20,0,0,14,-3,5,-6,0,-3,2,0,7,-3,5,-12,-11,-13,-19,-12,-24,2,-17,19,0,24,14,17,18,3,12,-5,5,-9,0,-6,0,-6,0,-8,-5,-12,-16,-9,-18,-10,-22,21,-3,35,22,33,39,11,37,-16,17,-33,-5,-32]"
CSI_DATA,55997,d8:b1:90:d9:de:f0,-54,11,-99,-40,56,116,823860945,100,0,228,0,"[15,-9,15,-11,13,-12,11,-14,8,-16,4,-17,0,-17,88,-6,-6,-16,-9,-15,-11,-14,-13,-13,-16,-11,-17,-11,-19,-10,-19,-8,-18,-6,-16,-5,-12,-3,-9,-3,-4,-1,53,5,7,0,11,0,16,0,20,0,22,0,24,1,0,0,25,2,25,3,23,3,20,4,15,5,10,6,-107,0,-2,8,-9,9,-14,9,-19,9,-23,9,-26,9,-26,9,-27,8,-25,8,-24,7,-22,6,-21,6,-18,4,7,13,-11,0,-5,0,0,-2,5,-2,11,-3,14,-2,16,-2,2,-2,0,-7,-9,-8,-16,1,-12,15,1,22,19,14,21,-22,12,-20,-6,-22,-19,-9,-18,8,-5,18,9,12,12,0,5,-8,-5,-5,-7,5,3,11,15,4,16,-12,2,-26,-19,-19,-28,0,-19,21,1,27,18,15,21,0,0,0,0,-14,-4,-7,-4,-2,-1,-4,-5,-7,-12,-3,-12,14,-8,19,8,22,22,11,22,-5,11,-18,-2,-18,-10,-9,-11,-1,-7,1,-7,3,-7,5,-5,12,3,19,4,18,30,-1,25,-24,1,-39,-24,-31,-38,-7,-32,18,-10,30]"
CSI_DATA,55998,d8:b1:90:d9:de:f0,-54,11,-99,-38,55,116,823878625,100,0,228,0,"[-1,-18,-3,-19,-6,-17,-8,-16,-11,-14,-13,-11,-15,-8,94,-6,-18,-2,-18,0,-19,1,-19,4,-20,7,-20,8,-19,9,-19,10,-17,10,-15,9,-12,7,-8,4,-4,1,56,5,5,-4,9,-7,13,-10,17,-11,20,-13,22,-13,0,0,23,-12,24,-10,23,-8,20,-5,18,-2,12,0,-87,0,0,8,-4,11,-11,14,-16,16,-20,17,-22,16,-24,16,-25,15,-25,14,-24,12,-23,11,-21,9,-18,7,25,14,-11,2,-4,0,0,-2,5,-3,11,-4,15,-3,17,-1,0,-2,-7,-2,-11,4,-6,15,7,19,21,9,22,-9,-7,-29,-10,-22,-23,-6,-19,11,-4,19,11,15,15,0,8,-10,-3,-9,-7,0,0,8,11,4,14,-8,2,-22,-16,-20,-28,0,-21,20,0,30,19,21,26,1,18,-14,0,0,-7,-12,-8,-3,-5,0,-3,-2,-8,-3,-14,2,-4,19,0,23,17,18,25,2,20,-14,4,-22,-8,-17,-13,-6,-11,0,-6,4,-5,4,-6,6,-3,14,6,18,6,18,32,-4,23,-27,0,-40,-27,-33,-41,-6,-34,19,-11,31]"
CSI_DATA,55999,d8:b1:90:d9:de:f0,-53,11,-99,-40,55,116,823888647,100,0,228,0,"[15,-12,14,-14,11,-16,8,-17,4,-19,-1,-18,-6,-17,99,-7,-12,-14,-15,-12,-18,-10,-20,-8,-22,-5,-23,-2,-23,0,-23,1,-22,3,-19,3,-16,4,-11,2,-5,1,59,6,6,-4,11,-7,15,-9,19,-11,22,-13,24,-14,0,0,24,-15,24,-14,22,-13,20,-10,17,-7,13,-2,-91,0,4,9,0,14,-4,19,-7,23,-10,26,-11,28,-12,29,-12,29,-11,28,-11,26,-10,25,-8,23,-7,19,-97,15,-4,11,-3,5,-2,-1,0,-8,1,-13,4,-17,6,-18,3,-3,-2,-8,-12,-8,-17,5,-10,19,8,23,24,10,15,-28,7,-25,-13,-21,-23,-3,-16,15,1,20,14,10,13,-5,1,-10,-8,-3,-4,8,10,9,17,-5,9,-21,-12,-24,-29,-6,-25,19,-4,31,19,24,27,3,18,-16,0,0,-9,-12,-10,-2,-5,1,-5,-1,-10,-1,-13,7,1,21,8,22,23,11,26,-9,12,-23,-6,-23,-17,-11,-16,2,-9,8,-4,8,-2,8,0,11,7,13,19,8,20,7,16,-28,-8,-39,-36,-25,-45,5,-28,33,1,42,24,26]"
CSI_DATA,56000,d8:b1:90:d9:de:f0,-53,11,-99,-40,55,116,823898982,100,0,228,0,"[8,18,10,18,12,16,14,14,16,10,18,6,18,2,99,-7,18,-5,18,-8,17,-11,15,-14,14,-17,13,-18,12,-20,11,-20,9,-20,7,-17,5,-15,4,-9,2,-5,59,6,-2,7,-2,13,-4,17,-4,22,-4,25,-5,26,0,0,-7,28,-7,26,-8,25,-8,20,-9,16,-9,10,-116,15,-8,-4,-8,-12,-7,-17,-7,-22,-6,-27,-6,-30,-5,-31,-4,-30,-4,-30,-3,-28,-3,-27,-2,-24,-2,-21,-6,15,1,-12,2,-5,4,0,2,7,2,14,2,16,0,19,2,4,9,1,10,-9,1,-19,-14,-17,-25,-1,-18,18,20,25,20,17,25,-3,13,-19,-5,-21,-17,-8,-15,8,-3,14,8,7,7,-4,-5,-8,-13,3,-6,17,12,19,28,5,23,-19,2,-31,-21,-22,-30,-1,-21,18,-2,24,0,0,15,2,9,-4,4,-4,4,-1,8,-5,6,-14,-15,-16,-21,-13,-25,5,-16,21,3,26,18,16,20,0,13,-9,3,-12,-1,-8,-3,-8,-5,-9,-13,-8,-20,1,-20,1,-4,33,22,31,42,10,40,-21,16,-42,-14,-38,-30,-17]"
CSI_DATA,56001,d8:b1:90:d9:de:f0,-53,11,-99,-39,55,116,823918941,100,0,228,0,"[6,-20,4,-21,2,-21,-1,-21,-4,-19,-7,-18,-10,-15,97,-7,-16,-11,-18,-9,-19,-6,-21,-4,-22,-2,-23,0,-23,1,-23,3,-21,3,-19,3,-16,2,-11,2,-5,1,58,6,7,-2,12,-2,17,-3,22,-3,25,-3,27,-2,0,0,28,-1,27,0,26,2,22,3,18,5,12,6,-114,0,-3,8,-10,8,-16,8,-22,7,-26,7,-28,6,-29,5,-30,3,-30,3,-28,2,-26,2,-24,1,-21,0,1,15,-12,-1,-5,-2,0,-2,7,-1,12,1,15,4,17,6,1,-4,-5,-7,-13,-1,-14,12,-1,22,17,18,26,1,5,-32,-1,-26,-19,-17,-24,2,-14,18,5,20,15,8,13,-6,2,-12,-8,-4,-5,8,8,10,18,-2,13,-19,-7,-26,-27,-14,-30,10,-14,28,9,28,24,13,23,-6,0,0,-2,-15,-7,-7,-5,-1,-2,-3,-6,-7,-14,-4,-13,15,-10,21,8,25,23,14,25,-4,14,-19,-1,-20,-10,-12,-11,-3,-8,1,-7,1,-8,4,-9,11,-1,20,-3,21,32,9,34,-15,17,-38,-12,-42,-36,-25,-40,4,-24,25]"
CSI_DATA,56002,d8:b1:90:d9:de:f0,-53,11,-99,-40,55,116,823939015,100,0,228,0,"[-19,7,-18,9,-17,12,-13,14,-10,16,-6,17,-2,17,99,-7,6,18,9,17,12,15,15,15,18,13,20,11,20,10,20,8,20,7,18,6,15,3,11,2,5,1,59,6,-8,0,-13,-1,-18,-1,-21,-2,-25,-1,-27,-2,0,0,-28,-2,-28,-3,-26,-3,-22,-4,-17,-5,-12,-6,108,15,2,-9,9,-10,16,-11,21,-12,24,-11,26,-11,28,-11,28,-11,28,-11,27,-10,25,-10,23,-9,19,-7,-14,0,11,-3,6,-1,0,2,-6,5,-10,7,-16,7,-17,6,-4,2,-1,9,9,11,18,1,16,-15,0,-25,-19,-18,-25,20,-16,21,5,25,20,12,21,-7,7,-19,-9,-14,-14,-1,-7,9,5,7,7,-5,-4,-11,-17,-5,-18,15,-2,27,21,20,31,-2,19,-24,-3,-30,-21,-17,-24,3,0,0,1,15,7,7,5,2,3,3,6,7,15,3,13,-17,8,-23,-9,-24,-25,-11,-25,9,-11,22,5,20,13,10,12,1,8,-3,6,-3,8,-7,5,-14,-6,-19,-7,-19,-32,5,-24,30,2,43,31,30,44,2,32,-25,7,-34]"
CSI_DATA,56003,d8:b1:90:d9:de:f0,-54,11,-99,-38,55,116,823948996,100,0,228,0,"[-18,-7,-19,-6,-19,-4,-19,-2,-19,0,-18,2,-16,6,94,-6,-15,10,-13,12,-12,14,-11,15,-10,18,-10,19,-9,19,-9,19,-8,18,-7,15,-5,13,-3,9,0,3,56,5,5,-4,9,-8,12,-12,15,-14,18,-15,21,-16,0,0,23,-14,23,-12,22,-9,20,-6,16,-3,11,0,-94,0,0,6,-6,8,-13,9,-18,9,-23,8,-26,8,-28,6,-28,4,-28,3,-26,2,-25,0,-22,0,-19,0,1,14,-9,-1,-4,0,0,0,6,2,11,5,14,8,14,11,-3,-1,-7,3,-3,12,7,16,20,6,21,-9,9,-23,-28,-15,-24,-8,-22,10,-6,21,9,18,19,5,14,-9,1,-13,-8,-6,-7,4,2,8,12,0,10,-14,-5,-22,-20,-12,-27,7,-14,26,6,29,24,15,25,-3,13,-17,0,0,-9,-10,-8,0,-3,0,-1,-2,-6,-5,-14,0,-9,16,-3,22,12,21,24,7,23,-8,10,-20,-3,-18,-11,-9,-10,0,-6,1,-4,1,-8,1,-9,8,-4,18,-5,20,27,14,34,-6,25,-31,0,-40,-25,-32,-36,-8,-29,14]"
CSI_DATA,56004,d8:b1:90:d9:de:f0,-53,11,-99,-40,55,116,823968764,100,0,228,0,"[-5,19,-4,21,-2,20,2,19,5,18,8,16,11,14,99,-7,16,10,17,7,19,6,20,3,22,1,22,0,22,-2,22,-3,20,-3,18,-2,15,-2,10,-1,4,0,59,6,-8,3,-13,4,-18,5,-22,4,-25,4,-28,4,0,0,-28,2,-28,1,-25,-1,-22,-3,-18,-4,-11,-6,115,15,3,-9,10,-9,17,-9,22,-9,26,-8,28,-6,30,-6,30,-4,30,-4,28,-3,27,-2,24,-1,21,0,-2,0,11,1,6,2,-1,2,-8,2,-13,1,-17,-2,-19,-5,0,4,7,6,14,0,13,-13,-1,-22,-18,-17,-26,0,-5,33,1,26,20,16,23,-3,12,-18,-5,-19,-15,-8,-13,6,-1,10,8,3,4,-7,-9,-9,-17,3,-11,20,7,26,27,12,28,-11,12,-28,-10,-28,-24,-11,-23,7,0,0,2,14,7,6,4,2,3,4,6,8,15,3,14,-16,10,-22,-8,-25,-24,-13,-26,5,-14,19,1,20,11,12,11,4,9,-1,7,-1,9,-4,9,-11,1,-20,1,-20,-32,-8,-34,16,-17,40,13,42,37,23,40,-5,24,-25]"
CSI_DATA,56005,d8:b1:90:d9:de:f0,-54,11,-99,-38,55,116,823979549,100,0,228,0,"[19,2,20,0,20,-1,18,-4,16,-7,13,-10,11,-13,94,-6,4,-17,1,-18,-1,-19,-3,-18,-6,-19,-8,-19,-10,-18,-11,-18,-11,-16,-10,-13,-8,-11,-6,-8,-1,-3,56,5,5,3,10,7,13,11,16,13,18,14,20,17,0,0,19,18,19,18,17,17,13,16,9,13,3,11,47,0,-6,4,-12,1,-17,-1,-22,-3,-25,-6,-27,-8,-28,-9,-28,-8,-27,-9,-25,-8,-24,-8,-21,-7,-18,-7,21,14,-9,-5,-4,-3,1,0,7,0,11,2,15,5,16,7,3,0,4,-6,-2,-12,-14,-9,-20,4,-11,20,6,23,31,-3,22,-9,8,-22,-10,-19,-20,-4,-15,11,0,16,10,8,9,-2,0,-7,-7,0,-2,11,11,12,21,-1,17,-20,-4,-27,-24,-15,-28,6,-14,23,6,25,18,11,0,0,8,-11,0,-9,0,-4,0,-4,0,-8,-9,-12,-20,4,-20,11,-7,24,11,23,23,9,21,-8,9,-16,-3,-14,-8,-7,-7,-2,-7,0,-9,0,-12,6,-7,18,-6,18,26,17,36,-4,26,-31,0,-41,-28,-31,-38,-3,-27,18]"
CSI_DATA,56006,d8:b1:90:d9:de:f0,-53,11,-99,-40,55,116,823998814,100,0,228,0,"[19,5,20,4,21,2,19,-2,19,-6,16,-9,14,-11,99,-7,9,-16,6,-18,2,-19,1,-20,-2,-22,-5,-22,-6,-22,-7,-21,-7,-20,-7,-18,-6,-14,-5,-10,-1,-5,59,6,5,5,8,10,10,15,11,18,13,21,14,23,0,0,14,24,13,24,10,23,8,22,4,17,0,14,-5,15,-9,3,-14,-3,-17,-8,-20,-13,-22,-17,-22,-18,-22,-20,-22,-20,-21,-21,-20,-20,-19,-19,-17,-17,-14,-16,91,15,-7,-10,-3,-6,3,-1,7,4,10,8,12,13,11,15,4,0,6,-6,-1,-13,-13,-12,-22,1,-16,18,2,25,32,2,25,-4,14,-21,-6,-22,-20,-10,-18,8,-5,16,8,11,10,-1,2,-8,-8,-2,-6,10,8,16,22,5,23,-15,3,-29,-19,-23,-31,-2,-22,19,-2,26,15,19,0,0,13,-8,3,-10,0,-6,2,-5,2,-9,-5,-15,-22,-2,-24,4,-16,20,2,27,19,18,23,1,16,-13,3,-15,-4,-11,-6,-6,-6,-5,-9,-5,-15,1,-15,14,-14,14,16,27,38,12,40,-17,18,-40,-12,-42,-34,-23,-34,4]"
CSI_DATA,56007,d8:b1:90:d9:de:f0,-53,11,-99,-39,55,116,824018641,100,0,228,0,"[0,-20,-1,-21,-4,-20,-6,-18,-9,-17,-12,-14,-14,-11,97,-7,-18,-4,-19,-2,-20,1,-21,3,-21,5,-21,7,-21,8,-21,9,-19,9,-17,8,-14,7,-10,4,-5,2,58,6,6,-4,12,-6,16,-8,20,-9,24,-10,26,-10,0,0,28,-10,28,-7,26,-6,24,-3,19,0,13,3,-91,0,0,10,-7,12,-13,13,-19,14,-23,14,-26,14,-28,13,-29,12,-28,11,-27,9,-25,8,-24,7,-21,4,1,15,-12,1,-6,-1,1,-2,8,-3,12,-3,17,-1,19,1,0,-4,-8,-5,-13,4,-9,16,6,21,21,12,25,-7,-4,-31,-9,-25,-23,-10,-22,9,-8,21,10,18,17,4,11,-9,-1,-11,-8,-1,-2,8,10,6,16,-8,5,-22,-15,-23,-29,-5,-25,19,-5,31,18,25,27,5,21,-13,0,0,-6,-14,-10,-5,-5,0,-4,-3,-8,-5,-15,1,-8,19,-4,24,14,23,27,8,24,-12,10,-22,-6,-20,-14,-9,-13,0,-9,4,-7,4,-8,7,-6,13,4,20,4,20,33,0,30,-24,8,-42,-23,-38,-41,-15,-39,14,-18,30]"
CSI_DATA,56008,d8:b1:90:d9:de:f0,-54,11,-99,-38,55,116,824028855,100,0,228,0,"[6,17,8,18,11,17,14,13,15,10,17,7,17,2,94,-6,17,-4,15,-8,14,-11,13,-14,11,-15,10,-17,8,-18,7,-19,5,-18,3,-16,3,-13,1,-9,0,-4,56,5,0,7,0,12,0,17,0,21,0,24,1,26,0,0,1,27,0,26,0,25,0,21,-1,17,-4,12,-64,14,-8,0,-10,-5,-12,-11,-14,-17,-15,-20,-16,-23,-17,-24,-16,-23,-16,-23,-16,-21,-15,-20,-13,-18,-12,-15,99,14,-5,-9,-2,-5,0,0,4,3,7,8,8,12,9,14,1,2,8,0,9,-8,0,-17,-14,-15,-23,0,-16,18,19,23,20,14,23,-5,10,-20,-7,-20,-18,-6,-14,8,0,14,8,5,5,-4,-4,-6,-10,3,-2,16,14,15,25,0,17,-22,-4,-28,-23,-16,-27,4,-13,21,4,21,0,0,14,-2,6,-6,1,-4,3,-2,5,-6,1,-14,-16,-8,-22,-4,-21,13,-6,25,11,21,21,7,17,-7,6,-13,-1,-11,-4,-6,-5,-5,-7,-4,-14,0,-16,10,-17,10,13,29,33,14,37,-13,20,-37,-10,-41,-32,-22,-33,3]"
CSI_DATA,56009,d8:b1:90:d9:de:f0,-54,11,-99,-38,55,116,824040631,100,0,228,0,"[16,10,18,9,19,6,20,2,19,0,18,-4,16,-8,94,-6,10,-14,7,-16,5,-17,2,-19,0,-20,-1,-20,-3,-20,-5,-20,-6,-18,-5,-16,-5,-13,-3,-7,0,-3,56,5,4,4,8,9,11,12,14,15,16,18,17,19,0,0,18,20,17,20,16,18,13,16,9,15,4,11,48,0,-6,5,-12,2,-17,0,-22,-2,-25,-4,-27,-6,-29,-6,-28,-6,-28,-6,-26,-5,-25,-5,-22,-4,-19,-3,3,14,-10,-2,-4,-1,0,0,6,0,11,0,15,2,17,3,3,1,6,-3,2,-13,-9,-14,-20,-3,-18,14,-1,24,31,7,25,0,15,-18,-3,-23,-18,-11,-18,5,-5,15,7,11,11,0,1,-7,-7,-2,-5,9,7,14,21,3,20,-15,0,-27,-21,-19,-28,1,-18,21,2,24,17,13,0,0,8,-10,0,-8,0,-3,0,-3,0,-9,-8,-11,-19,3,-19,10,-7,24,11,23,23,8,20,-7,7,-17,-3,-15,-9,-6,-7,-2,-6,0,-8,0,-11,8,-5,19,-4,19,29,12,34,-10,19,-35,-9,-40,-34,-23,-37,4,-22,25]"
CSI_DATA,56010,d8:b1:90:d9:de:f0,-53,11,-99,-40,55,116,824058708,100,0,228,0,"[17,10,19,10,20,7,19,4,20,1,19,-3,18,-7,99,-7,14,-13,12,-15,10,-17,9,-19,6,-21,5,-22,4,-22,3,-22,2,-21,1,-18,1,-15,1,-11,1,-4,59,6,1,8,1,14,0,18,0,22,0,25,-2,27,0,0,-3,28,-4,28,-5,25,-6,22,-7,17,-8,11,-106,15,-8,-3,-7,-10,-6,-17,-5,-22,-4,-26,-3,-28,-2,-30,-1,-29,0,-29,0,-28,1,-26,2,-23,3,-20,26,0,4,-10,3,-5,2,2,1,9,-1,13,-4,18,-7,19,4,2,8,-4,4,-13,-8,-16,-21,-7,-21,11,-7,24,29,13,25,6,21,-14,3,-23,-14,-17,-20,0,-11,13,3,14,10,4,5,-7,-6,-6,-11,6,-1,18,16,15,28,-1,18,-23,-4,-30,-24,-18,-29,4,-16,21,2,23,0,0,15,1,8,-5,3,-3,5,-2,9,-5,6,-15,-14,-16,-21,-13,-26,5,-17,22,2,27,17,17,20,1,13,-10,4,-11,-1,-9,-2,-7,-3,-9,-10,-10,-20,-3,-19,-3,-11,29,13,36,37,20,43,-9,26,-33,-1,-40,-22,-25]"
CSI_DATA,56011,d8:b1:90:d9:de:f0,-54,11,-99,-38,55,116,824068923,100,0,228,0,"[4,19,5,20,7,19,9,18,12,15,15,13,16,9,94,-6,19,3,20,1,19,0,20,-2,20,-4,20,-5,20,-7,19,-8,18,-8,16,-7,13,-6,8,-4,3,-2,56,5,-6,1,-11,4,-16,5,-20,6,-23,6,-25,6,0,0,-26,5,-26,4,-25,2,-21,0,-17,0,-11,-2,100,14,1,-6,7,-6,14,-7,20,-6,24,-5,26,-5,28,-4,28,-3,28,-2,26,-1,24,0,22,0,18,0,-4,0,10,1,4,0,0,0,-7,0,-12,-3,-14,-5,-16,-7,0,3,7,3,12,-4,6,-16,-7,-20,-22,-9,-23,9,8,31,10,23,23,6,20,-11,5,-21,-11,-16,-17,-1,-9,11,2,11,9,0,3,-9,-9,-8,-16,4,-7,20,10,22,27,6,25,-14,6,-28,-13,-24,-24,-6,-19,10,0,0,5,12,7,3,3,0,1,2,5,7,13,2,11,-13,7,-21,-8,-23,-22,-11,-24,5,-12,18,1,18,10,10,10,1,6,0,4,0,7,-1,9,-8,3,-18,2,-20,-28,-11,-34,10,-21,34,5,39,31,26,36,0,26,-19]"
CSI_DATA,56012,d8:b1:90:d9:de:f0,-54,11,-99,-38,55,116,824088758,100,0,228,0,"[3,-18,1,-19,0,-19,-3,-18,-6,-17,-10,-14,-13,-11,94,-6,-17,-5,-18,-2,-19,0,-20,1,-20,4,-21,6,-20,7,-19,9,-17,9,-15,8,-12,7,-8,4,-3,1,56,5,4,-5,8,-9,12,-11,15,-14,18,-16,19,-17,0,0,20,-18,20,-16,19,-14,18,-11,15,-7,12,-3,-98,0,3,7,0,12,-4,17,-8,20,-11,23,-12,24,-13,25,-14,25,-14,25,-13,23,-12,21,-11,19,-10,16,-115,14,-6,7,-3,3,0,-1,0,-7,4,-11,8,-13,10,-14,0,-3,-6,-4,-12,0,-10,13,2,21,19,13,24,-4,-1,-31,-6,-23,-21,-10,-21,8,-6,20,9,16,16,1,9,-9,-2,-9,-7,0,0,8,11,4,15,-9,1,-22,-17,-19,-28,0,-19,22,1,29,21,18,25,-1,14,-17,0,0,-9,-9,-8,0,-4,0,-4,0,-8,0,-12,7,1,20,8,21,22,10,25,-6,12,-21,-3,-21,-15,-11,-15,0,-8,6,-3,7,-2,6,-1,9,4,13,16,10,16,10,21,-21,1,-35,-25,-31,-40,-6,-34,21,-11,36,12,30]"
CSI_DATA,56013,d8:b1:90:d9:de:f0,-53,11,-99,-40,55,116,824109035,100,0,228,0,"[2,19,4,20,7,20,10,17,14,14,16,10,17,6,99,-7,19,-2,19,-6,17,-9,17,-12,16,-15,15,-17,13,-19,11,-19,10,-19,8,-17,5,-14,4,-10,2,-4,59,6,1,8,0,14,0,18,0,22,1,25,1,27,0,0,1,28,1,27,1,25,0,22,-2,18,-4,13,-42,15,-9,0,-11,-7,-14,-12,-16,-17,-18,-20,-19,-22,-19,-23,-19,-23,-20,-23,-18,-21,-18,-20,-16,-18,-14,-15,73,15,-7,-9,-2,-6,3,-1,8,3,11,6,14,9,14,12,1,4,8,3,12,-6,5,-17,-10,-19,-23,-6,-21,14,15,28,17,19,25,-1,15,-18,-4,-21,-17,-9,-15,7,-3,13,8,7,6,-5,-5,-8,-13,4,-5,17,14,18,28,3,21,-22,-2,-31,-24,-20,-29,4,-16,22,4,23,0,0,15,-2,8,-7,2,-5,4,-3,6,-8,0,-15,-19,-9,-24,-3,-21,16,-4,26,15,21,23,5,17,-10,6,-15,-3,-11,-6,-7,-6,-5,-9,-5,-15,1,-15,13,-14,14,18,27,38,8,37,-21,13,-42,-19,-40,-38,-15,-32,11]"
CSI_DATA,56014,d8:b1:90:d9:de:f0,-54,11,-99,-38,55,116,824129127,100,0,228,0,"[-9,-15,-11,-15,-13,-13,-15,-11,-16,-7,-17,-4,-17,0,94,-6,-16,6,-15,9,-14,11,-12,14,-11,16,-10,18,-9,19,-8,19,-6,19,-5,16,-4,13,-2,8,-1,3,56,5,0,-7,0,-12,1,-16,1,-21,2,-23,2,-26,0,0,4,-27,4,-25,6,-23,5,-19,6,-15,7,-10,99,0,7,3,7,10,6,16,5,22,5,25,4,28,4,28,3,29,3,28,3,26,2,25,2,23,1,20,7,0,0,10,0,4,-2,0,-2,-6,-2,-12,-1,-15,0,-18,-2,-2,-7,0,-8,9,0,16,15,13,22,-1,14,-19,-21,-20,-19,-12,-22,5,-10,20,7,19,17,5,13,-7,0,-12,-8,-4,-5,4,5,6,11,-3,4,-17,-12,-17,-26,-2,-21,19,0,29,21,21,28,0,18,-18,0,-22,0,0,-14,0,-8,4,-3,3,-4,1,-7,4,-4,13,13,14,20,10,24,-5,14,-21,-2,-24,-17,-14,-19,0,-11,9,-2,10,0,7,1,7,4,7,11,7,19,0,19,0,3,-31,-21,-29,-38,-8,-36,19,-14,38,13,35,28,15]"
CSI_DATA,56015,d8:b1:90:d9:de:f0,-54,11,-99,-39,55,116,824148939,100,0,228,0,"[11,15,13,14,15,12,17,8,17,3,18,-1,16,-5,97,-7,12,-13,10,-15,8,-17,5,-19,3,-21,0,-22,-3,-22,-4,-21,-6,-20,-5,-18,-5,-15,-3,-10,-1,-5,58,6,6,5,10,8,13,12,17,14,19,16,20,17,0,0,21,18,21,17,19,17,16,16,12,14,6,12,82,0,-6,8,-13,6,-19,4,-24,3,-27,3,-29,3,-31,3,-30,3,-30,3,-28,3,-27,3,-24,3,-20,2,-3,14,-12,0,-6,-3,-1,-4,6,-7,11,-8,15,-8,18,-8,3,2,8,-2,6,-11,-6,-17,-18,-9,-22,9,-8,23,27,12,24,5,18,-15,0,-22,-15,-14,-18,3,-8,14,6,11,10,1,2,-7,-8,-2,-6,11,8,15,22,3,22,-18,-1,-29,-23,-20,-30,4,-17,24,4,27,20,13,0,0,9,-12,0,-10,-2,-6,0,-6,-3,-10,-12,-9,-20,11,-17,18,0,26,18,19,25,1,18,-16,2,-20,-9,-14,-11,-4,-9,0,-8,2,-9,6,-7,13,3,20,5,17,33,-2,26,-27,0,-41,-29,-32,-43,-4,-31,23,-7,33]"
CSI_DATA,56016,d8:b1:90:d9:de:f0,-53,11,-99,-39,55,116,824168823,100,0,228,0,"[14,14,16,13,17,11,18,9,19,5,19,2,19,-2,97,-7,18,-7,17,-10,16,-13,16,-15,15,-17,14,-18,14,-19,13,-19,12,-18,10,-16,8,-13,6,-9,1,-5,58,6,-5,5,-8,10,-13,13,-16,16,-18,18,-20,19,0,0,-22,17,-23,17,-21,14,-20,11,-17,6,-12,2,100,15,-1,-7,5,-11,12,-13,17,-16,22,-16,24,-17,26,-16,28,-15,26,-14,25,-12,24,-10,22,-8,20,-6,-18,0,11,-2,5,1,-2,1,-8,2,-14,1,-18,0,-20,-2,3,4,10,-1,8,-11,-3,-18,-17,-13,-24,3,-15,21,23,22,22,15,25,-5,12,-20,-6,-21,-18,-8,-16,7,-3,14,8,8,8,-4,-3,-10,-14,-1,-12,15,5,23,23,16,29,-8,16,-27,-9,-30,-26,-16,-26,6,-13,19,0,0,11,9,10,1,4,-1,3,3,8,4,15,-3,6,-18,-1,-24,-19,-19,-27,-2,-21,16,-5,23,9,18,14,6,11,-3,6,-5,5,-3,7,-4,6,-13,-3,-20,-4,-22,-32,-2,-30,22,-9,41,20,38,38,17,39,-11,20,-28]"
CSI_DATA,56017,d8:b1:90:d9:de:f0,-53,11,-99,-40,55,116,824179161,100,0,228,0,"[-4,-18,-6,-18,-9,-17,-11,-14,-13,-12,-15,-9,-17,-5,99,-7,-18,2,-18,5,-18,8,-18,11,-17,13,-17,15,-16,16,-15,17,-13,16,-12,15,-9,12,-7,8,-3,4,59,6,2,-7,6,-12,8,-16,10,-19,12,-22,13,-23,0,0,15,-24,15,-22,15,-20,15,-17,13,-12,12,-6,-119,0,7,7,3,13,1,19,-2,24,-5,27,-7,28,-7,29,-9,30,-8,28,-9,27,-9,25,-8,22,-8,19,-83,15,-7,10,-5,4,-3,-2,0,-8,3,-13,6,-16,9,-17,-1,-3,-8,-2,-11,7,-4,17,11,19,23,5,21,-14,-14,-26,-16,-19,-24,-2,-16,16,1,21,14,11,15,-4,5,-12,-6,-8,-7,3,3,8,12,0,10,-15,-7,-21,-25,-12,-27,12,-11,28,13,28,28,10,24,-11,9,-22,0,0,-13,-7,-10,1,-5,2,-5,0,-10,2,-10,11,8,20,15,19,26,5,23,-15,6,-25,-11,-21,-18,-8,-15,5,-8,9,-3,8,-1,8,0,10,7,13,19,8,19,7,18,-27,-5,-39,-31,-28,-44,0,-32,27,-7,41,17,29]"
CSI_DATA,56018,d8:b1:90:d9:de:f0,-53,11,-99,-40,55,116,824189419,100,0,228,0,"[-17,10,-17,11,-16,13,-13,15,-10,16,-6,17,-2,18,99,-7,4,18,7,18,9,18,12,17,14,16,16,16,17,15,17,15,17,13,14,12,12,10,8,7,3,4,59,6,-6,-3,-11,-7,-15,-10,-17,-12,-20,-15,-21,-17,0,0,-20,-19,-18,-20,-16,-19,-12,-18,-8,-15,-2,-12,-24,15,8,-4,14,2,18,6,21,10,24,14,25,17,25,19,23,20,23,21,20,20,19,19,16,18,13,16,-111,0,6,11,2,6,-3,1,-6,-5,-8,-10,-9,-14,-9,-17,-3,3,0,8,10,10,18,0,15,-15,0,-24,-18,-18,-25,18,-17,18,2,24,18,14,21,-3,10,-16,-4,-16,-13,-5,-8,6,4,7,9,-3,0,-13,-14,-11,-22,6,-14,24,9,28,28,13,29,-9,13,-26,-7,-26,-20,-12,0,0,-9,12,0,10,2,5,-1,5,-1,10,7,13,21,-1,22,-8,13,-23,-5,-26,-21,-15,-23,2,-14,14,-2,16,6,10,6,6,6,5,9,5,15,0,16,-12,16,-13,-15,-30,-34,-15,-41,12,-24,38,5,45,29,27,36,2]"
CSI_DATA,56019,d8:b1:90:d9:de:f0,-54,11,-99,-38,55,116,824209221,100,0,228,0,"[14,-11,13,-13,10,-15,7,-16,3,-18,0,-17,-3,-17,94,-6,-11,-14,-13,-12,-16,-9,-18,-8,-20,-6,-21,-4,-21,-2,-21,0,-20,0,-18,0,-14,0,-10,0,-4,0,56,5,5,-2,11,-4,16,-5,19,-6,22,-6,24,-7,0,0,24,-8,24,-7,22,-6,20,-4,16,-1,12,0,-94,0,0,8,-3,11,-9,15,-13,18,-16,20,-17,21,-19,21,-19,22,-18,21,-17,20,-16,19,-14,17,-13,14,70,14,-7,6,-4,2,0,-2,2,-7,5,-10,9,-13,11,-13,1,-2,0,-7,-10,-6,-16,3,-10,18,6,21,22,10,15,-26,7,-23,-11,-20,-21,-3,-15,12,0,18,12,9,12,-3,1,-9,-6,-3,-3,6,7,9,17,-1,10,-19,-7,-26,-26,-9,-27,11,-9,29,13,25,25,7,20,-10,0,0,-4,-12,-8,-4,-4,0,-3,-1,-7,-2,-14,3,-3,20,2,22,18,15,26,-1,17,-17,0,-22,-11,-14,-14,-1,-9,3,-5,5,-3,4,-3,8,1,13,14,13,14,13,24,-18,6,-36,-21,-34,-39,-11,-36,18,-15,35,9,32]"
CSI_DATA,56020,d8:b1:90:d9:de:f0,-47,11,-99,-34,48,116,824228637,100,0,114,0,"[-46,17,-52,15,-56,13,-58,11,-60,9,-58,7,-56,5,-54,5,-50,5,-48,5,-44,5,-44,5,-48,5,-46,7,-48,5,-50,7,-50,9,-54,9,-54,9,-56,11,-54,11,-56,11,-56,13,-54,11,-54,11,-54,9,-50,11,-52,11,0,0,-52,13,-52,13,-54,13,-54,13,-56,15,-58,15,-56,17,-56,17,-54,15,-54,17,-54,17,-50,17,-50,17,-46,17,-44,17,-46,19,-46,19,-46,23,-48,25,-48,27,-52,27,-54,27,-58,29,-65,29,-65,25,-67,23,-67,17,-62,11]"
CSI_DATA,56021,d8:b1:90:d9:de:f0,-47,11,-99,-34,48,116,824238944,100,0,114,0,"[21,-44,27,-46,32,-48,36,-46,40,-46,40,-42,42,-38,40,-34,38,-34,38,-31,38,-31,38,-31,36,-29,36,-29,38,-29,38,-31,38,-31,42,-32,44,-32,46,-32,46,-31,46,-32,48,-31,48,-32,46,-29,46,-27,46,-27,46,-27,0,0,48,-27,48,-27,50,-25,52,-27,50,-25,54,-25,54,-27,56,-25,56,-27,56,-25,54,-23,50,-23,48,-21,46,-19,48,-21,44,-21,46,-21,46,-21,48,-23,50,-23,54,-23,60,-25,63,-25,67,-21,69,-19,69,-13,69,-9,62,-3]"
CSI_DATA,56022,d8:b1:90:d9:de:f0,-47,11,-99,-32,48,116,824249162,100,0,114,0,"[-45,10,-49,10,-54,9,-56,7,-56,7,-54,5,-54,3,-51,5,-49,7,-47,7,-45,7,-45,9,-43,9,-43,12,-43,12,-45,16,-45,16,-45,16,-47,18,-49,20,-45,23,-49,23,-47,23,-47,25,-45,25,-43,25,-42,27,-42,27,0,0,-42,29,-42,31,-42,31,-42,34,-42,36,-42,36,-40,38,-40,40,-40,42,-36,42,-34,42,-32,42,-29,40,-27,40,-25,40,-25,42,-23,42,-20,43,-20,45,-20,49,-20,51,-21,56,-21,60,-23,62,-25,64,-27,62,-29,58,-29,51]"
CSI_DATA,56023,d8:b1:90:d9:de:f0,-47,11,-99,-34,48,116,824268942,100,0,114,0,"[-48,0,-54,-1,-58,-5,-60,-7,-56,-11,-56,-11,-52,-13,-50,-15,-48,-11,-46,-13,-46,-9,-44,-11,-44,-11,-46,-9,-48,-9,-50,-9,-50,-9,-54,-9,-56,-9,-56,-9,-54,-9,-58,-7,-56,-7,-56,-7,-54,-7,-52,-7,-52,-5,-54,-5,0,0,-54,-5,-52,-5,-56,-5,-54,-3,-56,-5,-58,-5,-60,-3,-62,-5,-60,-3,-60,-1,-58,0,-56,0,-52,0,-52,1,-50,1,-50,3,-48,3,-48,3,-52,5,-58,7,-62,7,-63,5,-67,9,-69,5,-71,3,-71,0,-67,-3,-63,-7]"
CSI_DATA,56024,d8:b1:90:d9:de:f0,-47,11,-99,-34,48,116,824288811,100,0,114,0,"[9,-46,15,-50,21,-52,23,-52,27,-52,29,-48,31,-46,29,-44,27,-42,29,-38,29,-36,27,-36,29,-36,29,-36,29,-36,31,-36,31,-36,34,-38,34,-38,36,-40,36,-42,38,-42,38,-42,36,-40,38,-38,40,-36,38,-34,40,-34,0,0,38,-32,40,-34,42,-32,44,-34,44,-34,46,-36,48,-36,48,-36,48,-34,48,-36,48,-32,46,-31,44,-29,42,-27,42,-27,40,-27,42,-27,40,-29,42,-31,46,-31,50,-34,52,-32,60,-34,63,-32,63,-29,65,-25,67,-21,62,-11]"
CSI_DATA,56025,d8:b1:90:d9:de:f0,-47,11,-99,-34,48,116,824298819,100,0,114,0,"[48,3,54,5,58,9,60,11,58,11,58,9,54,13,52,9,48,7,46,7,46,5,44,5,44,3,46,0,48,0,50,-1,50,-3,52,-5,54,-5,54,-9,54,-7,54,-11,54,-11,54,-13,52,-13,50,-15,52,-17,48,-15,0,0,50,-21,48,-23,50,-23,50,-27,50,-29,50,-31,52,-32,50,-32,48,-32,46,-34,44,-34,40,-34,38,-36,36,-36,32,-36,32,-36,31,-38,29,-40,27,-42,31,-48,31,-50,32,-56,32,-58,36,-62,36,-63,40,-62,38,-56,38,-52]"
CSI_DATA,56026,d8:b1:90:d9:de:f0,-47,11,-99,-34,48,116,824309194,100,0,114,0,"[-46,-9,-52,-11,-56,-15,-56,-19,-56,-19,-54,-21,-50,-23,-50,-21,-46,-15,-44,-17,-42,-15,-42,-17,-40,-17,-42,-15,-44,-17,-46,-17,-48,-15,-48,-15,-52,-15,-52,-15,-52,-15,-54,-13,-54,-13,-54,-11,-54,-13,-52,-15,-52,-13,-52,-11,0,0,-54,-11,-52,-9,-54,-11,-56,-11,-58,-9,-58,-9,-60,-7,-60,-7,-58,-5,-56,-5,-56,-5,-54,-5,-52,-5,-52,-3,-48,-1,-50,-1,-46,0,-50,1,-52,3,-56,3,-60,5,-63,3,-65,3,-71,0,-71,-1,-73,-5,-67,-7,-63,-11]"
CSI_DATA,56027,d8:b1:90:d9:de:f0,-50,9,-99,-36,52,116,824327637,328,0,106,0,"[-44,0,-160,0,-120,0,-103,0,110,0,-47,0,15,0,-20,0,-69,19,0,1,-141,19,-9,0,147,19,-2,0,141,19,-27,0,-142,19,-121,0,-53,19,73,0,47,0,-95,19,121,0,77,19,-163,0,-25,18,0,0,0,0,90,0,-84,18,34,0,-18,18,-53,19,137,19,-116,19,27,0,-139,19,-80,0,-130,19,80,1,-99,19,156,1,-54,19,150,1,-16,19,91,1,15,0,-1,0,34,0,-152,0,16,0,-20,19,-53,19]"
CSI_DATA,56028,d8:b1:90:d9:de:f0,-47,11,-99,-34,48,116,824338936,100,0,114,0,"[50,1,52,5,54,9,56,13,56,19,52,19,52,23,44,23,44,23,42,25,40,23,40,25,36,23,38,25,38,27,40,27,40,27,42,32,42,31,44,34,42,34,44,36,42,36,42,36,40,40,36,40,36,40,34,38,0,0,32,38,34,40,32,40,36,44,34,46,34,48,34,50,32,52,32,50,31,52,29,48,27,50,27,46,25,44,25,46,23,42,23,44,23,44,23,44,25,50,27,52,27,56,25,62,23,65,17,69,15,67,9,69,1,63]"
CSI_DATA,56029,d8:b1:90:d9:de:f0,-47,11,-99,-33,48,116,824358855,100,0,114,0,"[-1,48,-7,54,-11,58,-13,58,-13,60,-13,56,-13,56,-15,50,-11,48,-13,48,-11,47,-13,47,-11,43,-13,45,-11,47,-9,48,-7,50,-9,52,-7,52,-5,56,-5,54,-3,56,-3,56,-3,56,-5,54,-5,52,-5,54,-5,50,0,0,-1,50,-1,52,0,52,0,56,1,56,3,58,1,60,3,58,3,58,3,56,5,54,3,54,5,52,7,50,9,48,9,45,11,47,13,47,15,47,15,50,18,54,18,58,16,60,16,65,15,69,15,69,11,65,5,60]"
CSI_DATA,56030,d8:b1:90:d9:de:f0,-48,11,-99,-38,50,116,824370096,100,0,114,0,"[13,-46,17,-48,22,-51,24,-51,25,-53,24,-50,24,-48,24,-46,20,-43,19,-43,17,-41,17,-43,13,-39,13,-41,12,-43,10,-44,10,-46,10,-48,8,-50,6,-51,6,-50,5,-50,5,-50,1,-50,1,-50,0,-48,0,-46,0,-46,0,0,-3,-46,-5,-46,-5,-46,-8,-48,-6,-48,-10,-50,-12,-50,-12,-50,-13,-50,-13,-48,-15,-44,-15,-43,-19,-41,-19,-39,-19,-39,-20,-38,-22,-36,-22,-34,-25,-36,-27,-39,-31,-41,-34,-43,-36,-44,-38,-48,-38,-50,-38,-50,-32,-51,-27,-48]"
CSI_DATA,56031,d8:b1:90:d9:de:f0,-47,11,-99,-33,48,116,824389044,100,0,114,0,"[47,-9,52,-9,58,-7,58,-7,60,-3,58,-5,54,-3,52,-3,50,-5,48,-5,47,-3,45,-7,45,-7,45,-9,45,-11,47,-13,48,-16,50,-16,50,-18,50,-22,48,-22,48,-22,48,-24,48,-24,47,-26,45,-24,43,-26,43,-26,0,0,41,-30,41,-30,41,-32,41,-33,41,-37,41,-37,43,-39,41,-39,39,-39,37,-41,33,-41,33,-41,30,-41,28,-41,26,-41,24,-41,22,-43,20,-45,20,-47,20,-48,20,-52,22,-56,20,-60,24,-65,26,-65,26,-65,28,-60,28,-54]"
CSI_DATA,56032,d8:b1:90:d9:de:f0,-47,11,-99,-33,48,116,824408998,100,0,114,0,"[-11,47,-15,50,-20,52,-24,50,-24,56,-24,52,-28,47,-28,45,-26,41,-28,39,-22,37,-26,39,-22,39,-22,39,-22,41,-22,45,-22,41,-22,47,-22,48,-24,48,-24,47,-24,50,-26,47,-22,48,-26,47,-22,47,-22,47,-24,45,0,0,-22,43,-20,47,-20,47,-22,50,-22,50,-26,52,-24,52,-26,52,-22,52,-24,52,-20,52,-18,48,-16,47,-16,45,-15,47,-13,47,-15,47,-13,47,-15,50,-16,54,-18,56,-18,60,-20,64,-20,67,-22,67,-26,62,-30,62,-28,54]"
CSI_DATA,56033,d8:b1:90:d9:de:f0,-46,11,-99,-35,48,116,824418974,100,0,114,0,"[-21,43,-27,47,-35,49,-39,47,-33,47,-45,41,-39,37,-37,35,-35,43,-33,33,-37,33,-33,29,-33,21,-35,33,-37,33,-39,33,-33,31,-39,29,-43,33,-43,33,-49,33,-47,37,-43,33,-45,39,-47,25,-43,31,-43,31,-45,31,0,0,-43,31,-45,29,-45,29,-47,35,-47,31,-49,35,-51,33,-53,37,-53,35,-49,31,-49,29,-51,29,-45,27,-43,29,-41,25,-49,25,-45,27,-43,29,-43,31,-51,29,-51,35,-55,37,-57,35,-61,31,-67,33,-69,29,-65,21,-61,15]"
CSI_DATA,56034,d8:b1:90:d9:de:f0,-47,11,-99,-33,48,116,824438781,100,0,114,0,"[-30,35,-37,37,-41,39,-43,39,-45,37,-45,37,-41,35,-41,35,-37,33,-33,33,-33,33,-30,33,-30,32,-28,33,-30,39,-30,41,-28,43,-30,39,-28,43,-26,47,-26,48,-24,48,-18,50,-22,50,-18,48,-18,48,-16,48,-15,50,0,0,-13,50,-13,48,-13,50,-11,52,-9,56,-7,56,-5,60,-1,58,-3,58,0,56,0,54,1,56,3,54,5,52,3,48,7,47,9,45,13,47,16,48,18,54,22,54,20,60,24,60,24,65,22,67,22,69,16,64,13,60]"
CSI_DATA,56035,d8:b1:90:d9:de:f0,-47,11,-99,-34,48,116,824458747,100,0,114,0,"[-44,23,-50,21,-54,21,-58,19,-56,15,-56,13,-54,11,-52,9,-48,11,-48,9,-46,9,-46,9,-42,9,-44,11,-44,11,-46,11,-50,15,-50,15,-54,17,-52,17,-54,15,-54,17,-52,19,-52,17,-50,15,-50,17,-50,17,-48,17,0,0,-48,19,-46,17,-50,17,-50,19,-52,21,-52,21,-54,23,-56,21,-54,23,-54,23,-50,23,-50,21,-46,21,-44,23,-42,21,-44,23,-40,23,-42,25,-42,27,-46,29,-50,32,-54,31,-56,34,-62,32,-63,31,-63,29,-62,25,-58,19]"
CSI_DATA,56036,d8:b1:90:d9:de:f0,-47,11,-99,-33,48,116,824478779,100,0,114,0,"[-18,41,-26,43,-32,47,-35,45,-39,41,-39,39,-39,35,-39,33,-37,30,-37,28,-37,26,-35,26,-35,26,-37,26,-39,26,-41,28,-41,30,-43,28,-45,28,-47,30,-47,28,-47,28,-47,26,-48,26,-47,22,-47,22,-47,22,-47,20,0,0,-47,20,-48,18,-50,18,-50,18,-52,16,-54,16,-54,15,-56,15,-56,15,-54,15,-52,15,-54,13,-50,13,-50,11,-48,9,-48,11,-47,11,-47,9,-50,9,-52,9,-54,7,-60,7,-62,5,-67,3,-69,0,-69,-5,-64,-11,-58,-15]"
CSI_DATA,56037,d8:b1:90:d9:de:f0,-47,11,-99,-34,48,116,824489029,100,0,114,0,"[25,-42,31,-44,34,-46,36,-44,36,-44,36,-42,36,-40,34,-36,32,-34,32,-36,29,-34,29,-34,27,-34,27,-36,25,-38,27,-40,25,-42,29,-46,27,-48,27,-50,25,-48,25,-50,23,-50,23,-50,23,-50,21,-48,19,-50,17,-48,0,0,17,-50,17,-50,15,-52,13,-54,15,-56,15,-56,13,-58,13,-60,11,-60,9,-60,7,-58,7,-54,3,-52,1,-50,1,-50,0,-50,-1,-50,-1,-50,-3,-52,-3,-56,-5,-60,-5,-62,-7,-65,-7,-67,-5,-71,-3,-69,0,-67,3,-63]"
CSI_DATA,56038,d8:b1:90:d9:de:f0,-47,11,-99,-33,48,116,824508752,100,0,114,0,"[-48,-1,-52,-5,-56,-7,-58,-13,-58,-15,-56,-16,-52,-18,-50,-18,-45,-15,-43,-16,-43,-15,-41,-16,-41,-15,-41,-16,-43,-15,-47,-15,-47,-15,-48,-15,-50,-15,-50,-13,-50,-15,-50,-13,-50,-15,-52,-13,-48,-15,-48,-16,-48,-15,-47,-15,0,0,-48,-13,-48,-13,-50,-13,-52,-15,-54,-16,-54,-16,-56,-15,-56,-16,-58,-15,-54,-15,-54,-13,-54,-15,-52,-11,-50,-13,-48,-9,-48,-9,-47,-7,-48,-7,-48,-7,-52,-7,-56,-9,-62,-9,-62,-11,-64,-13,-67,-16,-65,-20,-60,-22,-58,-26]"
CSI_DATA,56039,d8:b1:90:d9:de:f0,-47,11,-99,-33,48,116,824519164,100,0,114,0,"[9,48,7,54,0,60,-1,58,-5,62,-7,58,-11,56,-13,50,-11,47,-15,47,-13,45,-16,43,-15,43,-15,43,-16,45,-18,47,-16,45,-20,48,-20,48,-22,50,-22,48,-22,50,-24,48,-24,48,-26,47,-26,45,-28,45,-26,43,0,0,-30,41,-32,45,-30,43,-33,45,-33,43,-37,45,-37,45,-41,45,-41,45,-41,45,-39,41,-39,39,-39,37,-35,35,-35,37,-33,33,-35,33,-33,32,-37,35,-41,37,-43,37,-48,39,-52,39,-56,39,-60,33,-60,30,-62,24,-60,18]"
CSI_DATA,56040,d8:b1:90:d9:de:f0,-47,11,-99,-34,48,116,824538857,100,0,114,0,"[-34,34,-40,36,-46,36,-48,36,-50,36,-48,34,-48,32,-44,31,-40,31,-40,27,-38,29,-38,29,-34,29,-34,31,-34,31,-34,34,-34,36,-36,38,-36,42,-36,44,-34,42,-34,44,-32,42,-32,44,-32,44,-29,42,-29,44,-29,42,0,0,-29,44,-25,46,-27,48,-27,52,-27,50,-27,52,-25,54,-25,52,-23,54,-23,54,-19,52,-19,52,-17,50,-15,50,-13,48,-11,48,-11,50,-9,50,-7,50,-7,54,-7,58,-9,62,-9,65,-9,67,-11,69,-13,67,-17,65,-17,58]"
CSI_DATA,56041,d8:b1:90:d9:de:f0,-47,11,-99,-32,48,116,824559282,100,0,114,0,"[-20,45,-25,49,-31,49,-34,47,-36,43,-38,43,-40,36,-38,36,-36,34,-38,31,-34,29,-36,29,-34,27,-34,27,-34,29,-36,29,-38,29,-40,31,-42,32,-42,31,-43,31,-43,31,-43,29,-42,29,-43,29,-42,27,-42,25,-43,25,0,0,-43,23,-42,21,-45,23,-45,23,-49,23,-49,21,-51,21,-53,20,-51,20,-51,20,-51,20,-49,18,-45,18,-45,16,-43,16,-43,16,-42,16,-43,16,-45,16,-49,16,-51,16,-54,16,-58,14,-65,14,-65,10,-65,7,-64,1,-60,-1]"
CSI_DATA,56042,d8:b1:90:d9:de:f0,-47,11,-99,-35,48,116,824579082,100,0,114,0,"[-7,-49,-3,-57,-1,-57,0,-59,1,-61,1,-59,3,-57,3,-55,1,-51,1,-49,1,-45,-1,-47,-1,-47,-3,-47,-5,-49,-5,-49,-7,-51,-7,-53,-9,-57,-11,-55,-13,-57,-15,-57,-17,-55,-17,-53,-17,-53,-17,-53,-17,-51,-19,-51,0,0,-21,-49,-21,-49,-23,-53,-23,-49,-27,-53,-29,-53,-31,-51,-31,-53,-31,-49,-33,-47,-33,-47,-35,-45,-33,-43,-33,-39,-33,-37,-35,-37,-33,-35,-37,-35,-41,-35,-45,-35,-49,-37,-49,-39,-53,-39,-55,-43,-53,-43,-51,-45,-47,-47,-41,-45]"
CSI_DATA,56043,d8:b1:90:d9:de:f0,-46,11,-99,-35,48,116,824599697,100,0,114,0,"[-3,-51,1,-55,5,-59,9,-57,13,-59,15,-57,17,-55,19,-51,17,-45,19,-45,19,-41,19,-43,19,-43,17,-43,19,-43,19,-45,21,-45,23,-47,23,-47,25,-49,25,-49,27,-49,27,-49,29,-47,29,-47,29,-45,29,-45,29,-41,0,0,31,-43,33,-45,33,-45,35,-45,35,-45,37,-45,39,-45,41,-45,41,-43,43,-45,39,-43,39,-41,37,-37,35,-35,37,-37,35,-35,35,-35,35,-35,37,-37,41,-39,45,-41,49,-41,53,-43,55,-41,59,-39,61,-33,63,-29,57,-21]"
CSI_DATA,56044,d8:b1:90:d9:de:f0,-47,11,-99,-33,48,116,824618856,100,0,114,0,"[-16,-47,-16,-50,-16,-52,-15,-56,-16,-58,-15,-54,-13,-54,-13,-50,-16,-45,-15,-45,-16,-41,-16,-43,-18,-39,-20,-41,-22,-41,-24,-39,-26,-41,-32,-43,-33,-43,-33,-41,-35,-39,-39,-39,-35,-37,-39,-35,-39,-35,-37,-35,-39,-33,-39,-32,0,0,-43,-28,-43,-26,-47,-26,-48,-26,-50,-24,-52,-22,-54,-22,-56,-22,-54,-18,-56,-16,-54,-15,-52,-13,-50,-9,-50,-7,-48,-5,-50,-3,-48,0,-48,3,-52,3,-54,3,-58,7,-62,7,-65,9,-67,9,-67,9,-69,7,-65,5,-62,3]"
CSI_DATA,56045,d8:b1:90:d9:de:f0,-46,11,-99,-35,48,116,824629133,100,0,114,0,"[-3,49,-7,53,-11,55,-15,57,-17,59,-15,55,-19,53,-17,49,-15,47,-15,45,-13,45,-11,45,-11,43,-9,45,-7,47,-7,49,-7,51,-9,55,-5,55,-7,57,-5,55,-5,59,-3,57,-3,59,-3,55,-1,53,0,55,1,53,0,0,0,55,3,55,3,55,3,59,5,59,3,61,7,61,7,61,7,61,9,61,11,59,13,57,13,53,11,51,13,51,15,47,15,47,17,47,17,49,21,55,23,57,23,63,25,65,27,65,27,67,21,69,17,67,13,61]"
CSI_DATA,56046,d8:b1:90:d9:de:f0,-46,11,-99,-35,48,116,824649103,100,0,114,0,"[-33,-35,-33,-41,-31,-47,-31,-49,-27,-53,-25,-51,-23,-51,-19,-47,-17,-47,-17,-47,-15,-45,-15,-45,-15,-43,-15,-43,-17,-45,-17,-47,-17,-49,-17,-51,-19,-51,-19,-53,-17,-51,-21,-53,-19,-53,-19,-55,-17,-53,-17,-51,-17,-51,-17,-49,0,0,-15,-53,-15,-53,-15,-55,-15,-55,-13,-55,-15,-55,-15,-59,-15,-63,-13,-63,-15,-61,-13,-57,-13,-57,-13,-55,-11,-51,-11,-51,-11,-49,-13,-49,-11,-49,-13,-49,-13,-57,-15,-59,-13,-65,-15,-67,-11,-69,-7,-73,-3,-73,0,-69,5,-63]"
CSI_DATA,56047,d8:b1:90:d9:de:f0,-47,11,-99,-35,48,116,824668986,100,0,114,0,"[45,17,49,21,51,25,53,27,51,29,49,29,47,29,47,25,45,21,43,19,41,19,41,19,41,17,43,13,45,15,47,15,51,13,51,13,53,13,55,9,57,7,57,7,57,5,57,3,53,3,53,3,53,0,53,1,0,0,55,-3,55,-1,57,-1,57,-3,59,-7,59,-9,61,-11,61,-13,61,-13,59,-15,57,-15,55,-17,51,-17,49,-21,47,-19,47,-21,45,-23,45,-27,45,-29,49,-33,49,-35,53,-37,55,-41,59,-39,61,-39,63,-37,59,-31,55,-27]"
CSI_DATA,56048,d8:b1:90:d9:de:f0,-46,11,-99,-35,48,116,824688825,100,0,114,0,"[-39,-33,-39,-39,-39,-43,-37,-47,-37,-49,-33,-49,-31,-49,-29,-45,-27,-41,-27,-41,-25,-39,-25,-39,-25,-35,-27,-37,-27,-39,-29,-39,-31,-39,-31,-41,-35,-41,-35,-41,-37,-43,-39,-43,-39,-43,-37,-43,-37,-43,-35,-41,-35,-41,-35,-39,0,0,-37,-39,-35,-39,-37,-39,-39,-41,-39,-41,-43,-41,-43,-43,-43,-43,-43,-41,-45,-41,-41,-39,-43,-41,-41,-37,-41,-35,-39,-33,-39,-33,-39,-31,-41,-29,-45,-29,-47,-33,-51,-33,-55,-39,-55,-39,-55,-43,-55,-45,-53,-47,-47,-49,-41,-47]"
CSI_DATA,56049,d8:b1:90:d9:de:f0,-47,11,-99,-33,48,116,824698837,100,0,114,0,"[41,-26,48,-24,52,-22,54,-20,58,-16,56,-15,54,-11,52,-9,47,-9,47,-7,45,-7,45,-5,43,-9,43,-9,45,-7,45,-9,47,-9,50,-9,50,-9,52,-9,52,-9,54,-9,54,-7,54,-7,52,-5,52,-9,50,-9,48,-7,0,0,50,-7,50,-7,54,-5,54,-7,54,-5,56,-5,58,-5,58,-3,56,-3,58,-5,54,-7,54,-5,52,-5,48,-5,50,-5,48,-5,48,-7,48,-7,50,-7,54,-7,60,-5,62,-3,65,-5,67,-3,67,-1,67,3,65,7,60,11]"
CSI_DATA,56050,d8:b1:90:d9:de:f0,-46,11,-99,-35,48,116,824708951,100,0,114,0,"[11,49,5,55,1,59,-1,59,-3,59,-7,57,-9,55,-11,51,-9,49,-13,49,-13,47,-13,47,-13,43,-13,45,-13,45,-15,49,-15,49,-19,49,-19,53,-21,53,-21,51,-21,53,-21,53,-23,51,-23,49,-23,47,-25,47,-25,45,0,0,-27,47,-29,45,-31,47,-33,49,-33,47,-35,49,-37,49,-37,49,-39,47,-37,45,-37,43,-39,43,-37,41,-37,41,-37,37,-35,37,-35,37,-35,37,-37,39,-41,39,-43,41,-49,41,-51,43,-57,41,-63,39,-63,35,-63,27,-61,21]"
CSI_DATA,56051,d8:b1:90:d9:de:f0,-47,11,-99,-35,49,116,824729064,100,0,114,0,"[44,17,48,23,49,26,48,28,49,32,44,30,44,33,39,30,37,28,35,28,35,24,35,26,35,24,35,24,37,24,39,24,37,23,42,24,42,24,44,24,42,24,46,26,44,26,46,23,42,24,42,23,42,21,40,21,0,0,42,21,44,21,44,21,48,23,48,23,49,24,49,23,49,24,49,21,49,23,49,19,48,19,46,17,44,16,46,14,42,14,44,12,46,12,48,12,49,14,53,14,56,14,60,17,64,19,64,21,60,23,60,26,53,26]"
CSI_DATA,56052,d8:b1:90:d9:de:f0,-50,9,-99,-36,52,116,824748573,124,0,106,0,"[-102,0,139,19,-55,0,-95,19,-37,0,20,0,-40,0,125,0,-72,0,-120,0,-102,0,-60,0,-133,0,-31,0,160,0,-36,0,120,0,-117,0,67,0,50,0,7,0,-133,19,-41,19,49,19,-72,19,-46,18,0,0,0,0,-125,19,-46,18,-136,19,47,19,-129,19,-102,19,-94,19,125,0,-36,19,0,1,15,0,132,1,36,0,-146,1,59,0,-165,1,66,0,101,1,63,0,-10,0,60,0,-163,0,31,0,-32,19,-28,19]"
CSI_DATA,56053,d8:b1:90:d9:de:f0,-46,11,-99,-35,48,116,824758763,100,0,114,0,"[51,-7,57,-3,59,-1,61,3,61,7,59,9,57,13,53,15,49,13,45,15,45,13,43,15,43,15,43,17,45,17,47,19,45,19,47,19,49,21,51,21,49,23,51,25,49,25,49,25,47,27,47,27,45,27,43,27,0,0,43,29,45,31,45,33,47,33,45,37,47,39,47,41,45,43,45,41,45,43,41,41,41,41,39,37,37,37,37,37,35,37,35,37,33,37,35,39,37,43,39,47,41,51,39,55,39,61,37,65,31,65,25,65,17,63]"
CSI_DATA,56054,d8:b1:90:d9:de:f0,-46,11,-99,-35,48,116,824778855,100,0,114,0,"[-49,-15,-53,-19,-55,-21,-55,-27,-51,-27,-53,-27,-47,-27,-47,-27,-43,-25,-41,-25,-39,-23,-39,-23,-41,-21,-41,-21,-43,-21,-45,-21,-45,-19,-45,-19,-49,-21,-49,-17,-53,-19,-53,-19,-53,-19,-53,-17,-49,-17,-49,-17,-49,-15,-51,-15,0,0,-53,-15,-49,-15,-55,-15,-53,-13,-59,-15,-59,-15,-59,-15,-61,-15,-59,-13,-57,-11,-57,-11,-57,-11,-53,-7,-53,-5,-49,-5,-51,-5,-49,-3,-51,-3,-53,-3,-59,-3,-61,-1,-65,-1,-67,-3,-73,-5,-75,-7,-75,-11,-67,-15,-63,-17]"
CSI_DATA,56055,d8:b1:90:d9:de:f0,-46,11,-99,-35,48,116,824789131,100,0,114,0,"[-31,39,-37,41,-41,41,-45,39,-47,35,-49,33,-47,29,-47,27,-45,27,-45,25,-41,23,-41,21,-41,21,-41,23,-43,23,-43,25,-43,23,-47,23,-49,25,-49,25,-51,25,-51,25,-51,25,-51,25,-49,21,-47,21,-47,21,-47,21,0,0,-49,21,-49,19,-53,19,-53,21,-55,21,-57,21,-57,19,-57,19,-57,19,-57,19,-55,17,-53,17,-51,17,-49,17,-49,15,-49,15,-45,15,-49,15,-51,19,-53,17,-57,19,-63,17,-65,17,-71,15,-71,11,-73,7,-71,1,-65,-1]"
CSI_DATA,56056,d8:b1:90:d9:de:f0,-47,11,-99,-33,48,116,824809628,100,0,114,0,"[-13,-45,-11,-50,-7,-52,-5,-54,-3,-60,-1,-58,0,-56,1,-52,0,-48,0,-48,0,-45,0,-47,-1,-43,-1,-45,-3,-47,-5,-47,-5,-48,-5,-52,-7,-52,-7,-52,-7,-52,-9,-54,-9,-52,-9,-52,-9,-52,-11,-50,-11,-48,-11,-48,0,0,-11,-48,-13,-48,-13,-50,-15,-52,-15,-54,-15,-56,-18,-56,-16,-58,-16,-58,-18,-58,-18,-54,-18,-54,-18,-50,-18,-47,-18,-47,-20,-45,-20,-45,-20,-43,-24,-45,-26,-48,-28,-52,-28,-52,-30,-58,-30,-60,-28,-62,-26,-62,-20,-62,-16,-60]"
CSI_DATA,56057,d8:b1:90:d9:de:f0,-47,11,-99,-33,48,116,824828725,100,0,114,0,"[20,-45,26,-47,32,-48,35,-48,35,-47,37,-47,35,-41,35,-39,32,-37,33,-35,32,-33,30,-35,28,-33,28,-35,28,-37,28,-39,28,-39,28,-39,30,-43,30,-43,30,-43,30,-45,30,-45,28,-45,28,-43,26,-43,26,-43,28,-43,0,0,24,-43,26,-43,26,-47,24,-47,26,-48,26,-48,28,-48,28,-52,28,-52,26,-52,24,-50,24,-48,20,-47,20,-48,18,-45,18,-45,16,-45,16,-47,16,-48,18,-52,18,-54,22,-58,20,-62,22,-64,26,-64,30,-64,32,-58,32,-52]"
CSI_DATA,56058,d8:b1:90:d9:de:f0,-46,11,-99,-35,48,116,824838929,100,0,114,0,"[7,49,3,55,1,57,-3,59,-5,61,-7,59,-11,55,-11,53,-9,51,-11,47,-9,45,-11,45,-11,45,-11,45,-9,45,-11,47,-11,47,-13,51,-13,53,-13,53,-13,55,-15,57,-15,55,-15,53,-15,53,-17,51,-15,51,-17,49,0,0,-17,49,-17,49,-19,51,-21,51,-21,55,-21,55,-21,55,-23,57,-21,55,-23,57,-23,55,-21,53,-19,49,-19,47,-21,47,-19,47,-21,47,-19,49,-21,51,-21,53,-23,57,-25,59,-29,61,-33,63,-37,61,-39,57,-43,53,-43,47]"
CSI_DATA,56059,d8:b1:90:d9:de:f0,-47,11,-99,-33,48,116,824858839,100,0,114,0,"[-30,35,-35,39,-41,41,-43,39,-43,37,-45,37,-41,35,-41,33,-37,32,-35,30,-33,30,-30,30,-30,33,-28,33,-30,35,-30,37,-30,41,-30,41,-30,45,-28,45,-28,47,-28,47,-24,47,-26,48,-22,45,-20,47,-20,47,-18,47,0,0,-15,47,-16,47,-15,50,-13,50,-15,56,-13,56,-13,56,-13,56,-11,56,-7,54,-3,56,-5,54,-1,52,0,52,0,48,1,48,3,47,5,50,7,50,7,52,9,54,9,58,11,60,13,67,11,69,9,71,5,65,1,64]"
CSI_DATA,56060,d8:b1:90:d9:de:f0,-47,11,-99,-33,48,116,824869156,100,0,114,0,"[-47,5,-52,3,-56,1,-56,-1,-58,-1,-56,-3,-54,-7,-50,-7,-47,-3,-47,-5,-45,-3,-47,-7,-43,-3,-45,-3,-45,-3,-47,-3,-47,-1,-50,-1,-52,0,-52,-1,-52,-3,-54,0,-54,-1,-54,1,-54,-1,-50,-1,-50,0,-48,0,0,0,-48,0,-50,0,-52,1,-56,1,-58,0,-58,0,-58,1,-60,0,-58,1,-58,1,-56,3,-54,1,-50,3,-50,5,-48,5,-48,7,-48,7,-48,7,-50,7,-50,11,-56,9,-60,11,-64,11,-67,9,-67,5,-67,3,-67,0,-62,-3]"
CSI_DATA,56061,d8:b1:90:d9:de:f0,-47,11,-99,-33,48,116,824889109,100,0,114,0,"[-1,-47,3,-52,9,-56,11,-56,13,-54,16,-54,18,-48,20,-47,18,-43,20,-43,18,-41,20,-39,20,-39,20,-39,20,-41,22,-43,22,-41,24,-43,26,-45,26,-45,28,-45,30,-45,30,-45,30,-43,32,-41,30,-41,32,-41,32,-37,0,0,32,-37,33,-37,35,-39,37,-39,39,-41,41,-41,43,-39,45,-41,43,-39,43,-39,41,-37,41,-33,37,-33,39,-33,37,-30,37,-30,37,-30,39,-32,39,-33,41,-32,47,-33,48,-33,52,-35,58,-33,60,-32,64,-28,62,-20,60,-15]"
CSI_DATA,56062,d8:b1:90:d9:de:f0,-50,11,-99,-34,51,116,824902635,277,0,106,0,"[75,20,-153,20,163,20,120,20,-63,20,57,20,50,0,37,20,149,0,35,20,-120,0,63,20,-71,0,78,20,-69,0,119,20,-145,0,-161,20,59,0,-65,20,-126,20,38,0,68,20,130,0,-24,19,-172,0,0,0,0,0,-17,19,-112,0,75,20,-134,0,-90,20,168,0,130,0,78,0,-15,0,-24,20,123,1,-98,20,166,1,-137,20,144,1,-153,20,80,1,-142,20,-28,0,-123,20,157,0,-91,20,-52,20,-23,20,113,20]"
CSI_DATA,56063,d8:b1:90:d9:de:f0,-50,9,-99,-34,51,116,824913377,108,0,106,0,"[-2,20,-34,0,-130,20,-74,0,105,20,-172,0,28,20,61,0,4,20,-50,20,-1,19,-138,20,19,20,131,20,71,20,116,20,166,20,168,20,-68,20,-53,20,45,0,120,0,130,0,-67,0,160,0,27,1,0,0,0,0,-168,0,52,1,161,0,-35,0,141,0,137,0,111,0,-96,20,85,0,23,20,79,0,-122,19,79,0,-164,19,86,0,-145,19,86,0,-89,19,78,0,6,20,23,0,168,20,-49,20,28,0,-91,20]"
CSI_DATA,56064,d8:b1:90:d9:de:f0,-46,11,-99,-35,48,116,824928609,100,0,114,0,"[-33,-37,-33,-43,-31,-47,-29,-49,-27,-53,-25,-51,-21,-51,-21,-49,-19,-45,-19,-45,-19,-41,-17,-43,-17,-41,-19,-41,-19,-43,-21,-45,-21,-45,-23,-47,-23,-49,-23,-49,-25,-49,-27,-51,-25,-51,-27,-51,-25,-49,-23,-47,-25,-47,-23,-47,0,0,-25,-45,-25,-45,-25,-49,-27,-49,-29,-53,-29,-55,-31,-55,-29,-53,-31,-51,-29,-51,-29,-49,-29,-49,-27,-45,-27,-43,-25,-41,-27,-41,-27,-41,-29,-41,-31,-43,-33,-47,-35,-49,-37,-53,-39,-55,-37,-61,-37,-63,-33,-63,-27,-63,-21,-59]"
CSI_DATA,56065,d8:b1:90:d9:de:f0,-47,11,-99,-35,48,116,824939158,100,0,114,0,"[-35,-33,-37,-37,-39,-41,-39,-45,-39,-43,-39,-43,-33,-43,-35,-41,-33,-33,-33,-35,-33,-29,-33,-29,-33,-29,-35,-27,-39,-27,-41,-27,-43,-27,-43,-25,-47,-25,-47,-23,-51,-21,-51,-21,-51,-21,-53,-17,-49,-17,-49,-17,-49,-15,-51,-13,0,0,-53,-9,-51,-7,-55,-7,-55,-5,-61,-3,-59,-1,-61,0,-61,0,-59,3,-59,5,-57,5,-57,7,-53,9,-53,11,-49,11,-49,15,-47,15,-47,19,-47,21,-51,25,-55,29,-57,31,-59,33,-61,33,-63,33,-65,31,-61,27,-59,23]"
CSI_DATA,56066,d8:b1:90:d9:de:f0,-47,11,-99,-35,48,116,824959200,100,0,114,0,"[45,23,49,27,49,29,49,33,51,37,45,35,43,37,41,35,37,31,37,31,35,29,35,29,35,29,35,27,39,29,39,29,39,27,43,29,43,29,47,29,47,31,49,31,47,33,49,29,45,31,47,29,43,27,45,27,0,0,45,27,47,25,47,25,49,27,49,27,51,29,53,29,53,31,53,27,53,27,53,27,49,23,49,21,47,19,47,19,47,17,47,17,49,15,51,15,55,19,57,19,61,19,65,21,69,25,69,27,65,29,63,31,55,33]"
CSI_DATA,56067,d8:b1:90:d9:de:f0,-47,11,-99,-35,48,116,824969246,100,0,114,0,"[5,49,0,55,-3,57,-7,59,-9,59,-13,57,-13,55,-15,53,-13,49,-13,47,-13,45,-13,45,-13,43,-11,45,-13,47,-13,47,-13,47,-15,49,-15,51,-15,53,-15,55,-15,55,-15,55,-15,53,-15,53,-15,51,-17,51,-17,49,0,0,-15,49,-19,49,-21,51,-21,51,-19,53,-19,55,-19,55,-21,57,-23,57,-21,57,-23,55,-21,53,-19,49,-17,47,-19,45,-19,47,-17,47,-17,47,-15,51,-17,55,-19,57,-21,61,-25,65,-31,65,-33,63,-37,63,-39,57,-39,49]"
CSI_DATA,56068,d8:b1:90:d9:de:f0,-47,11,-99,-36,49,116,824989231,100,0,114,0,"[-43,-16,-47,-20,-49,-23,-49,-25,-47,-29,-47,-27,-45,-27,-42,-25,-40,-23,-40,-21,-40,-20,-40,-20,-38,-16,-40,-16,-42,-16,-43,-14,-45,-14,-45,-14,-49,-12,-51,-10,-51,-9,-53,-9,-51,-7,-53,-7,-51,-7,-49,-3,-51,-3,-49,0,0,0,-49,0,-49,1,-51,1,-53,3,-53,5,-54,7,-54,7,-56,9,-54,10,-54,12,-51,14,-51,14,-47,16,-45,16,-43,16,-43,20,-42,21,-42,21,-43,25,-45,27,-47,31,-49,32,-53,34,-56,36,-58,36,-58,34,-58,29,-51,23]"
CSI_DATA,56069,d8:b1:90:d9:de:f0,-47,11,-99,-36,49,116,825008903,100,0,114,0,"[-1,47,-7,51,-9,53,-12,54,-12,54,-16,54,-16,51,-16,51,-12,45,-14,43,-12,42,-12,42,-12,42,-10,42,-10,43,-9,45,-7,45,-7,47,-9,51,-9,51,-9,53,-7,53,-7,53,-5,53,-5,49,-7,49,-5,47,-5,49,0,0,-3,49,-3,49,-3,53,-3,53,-3,56,-3,58,-1,58,-1,58,0,56,0,56,0,54,0,53,1,51,3,49,3,47,5,47,5,47,7,49,9,51,9,53,10,56,10,58,9,62,9,65,7,65,3,65,0,62,-3,62]"
CSI_DATA,56070,d8:b1:90:d9:de:f0,-47,11,-99,-34,48,116,825028902,100,0,114,0,"[-44,23,-50,23,-54,21,-58,17,-58,13,-58,11,-56,5,-54,5,-50,5,-50,3,-48,1,-48,3,-46,3,-46,1,-48,1,-50,1,-52,1,-54,0,-56,0,-58,0,-56,0,-56,-1,-56,-1,-56,-3,-56,-3,-54,-3,-54,-3,-54,-3,0,0,-52,-7,-52,-7,-54,-9,-56,-9,-58,-9,-58,-11,-60,-13,-58,-13,-56,-13,-58,-13,-54,-13,-56,-13,-52,-13,-52,-13,-48,-13,-48,-13,-48,-11,-50,-11,-52,-13,-54,-17,-56,-17,-60,-19,-62,-23,-65,-27,-65,-31,-63,-34,-58,-38,-50,-38]"
CSI_DATA,56071,d8:b1:90:d9:de:f0,-47,11,-99,-36,49,116,825048743,100,0,114,0,"[-12,45,-18,49,-21,49,-23,51,-25,51,-25,49,-23,47,-25,45,-20,43,-20,42,-18,40,-18,40,-18,40,-16,40,-14,42,-14,43,-12,45,-14,47,-12,49,-10,51,-10,53,-10,53,-9,53,-7,53,-9,49,-7,49,-5,47,-5,49,0,0,-3,49,-3,49,-1,51,0,53,-1,54,0,56,1,56,1,58,3,54,3,56,5,54,5,53,7,49,9,47,10,45,10,45,12,43,14,45,16,45,18,49,20,53,21,53,21,56,23,64,21,62,21,64,16,62,12,58]"
CSI_DATA,56072,d8:b1:90:d9:de:f0,-47,11,-99,-36,49,116,825059002,100,0,114,0,"[47,9,51,14,53,18,54,21,53,23,51,23,49,25,45,25,43,21,42,21,40,20,40,21,38,20,40,20,42,20,43,20,43,20,45,21,47,21,47,20,49,23,49,21,49,21,49,20,47,20,47,21,45,20,43,20,0,0,43,18,43,18,47,20,45,18,49,20,49,20,51,20,51,20,49,18,49,18,47,20,49,20,45,16,45,14,43,14,43,14,43,12,45,12,47,10,49,12,53,12,54,14,58,16,62,20,60,23,60,25,54,27,51,29]"
CSI_DATA,56073,d8:b1:90:d9:de:f0,-47,11,-99,-34,48,116,825078820,100,0,114,0,"[-21,46,-27,48,-32,52,-36,50,-38,46,-38,42,-40,40,-38,36,-38,34,-38,32,-36,31,-36,31,-32,29,-34,31,-36,29,-38,31,-40,31,-42,31,-44,31,-46,34,-44,31,-46,31,-46,31,-48,29,-48,27,-44,27,-46,27,-46,25,0,0,-46,25,-48,21,-48,23,-50,23,-50,23,-54,23,-56,23,-56,21,-56,19,-56,21,-52,19,-54,19,-52,17,-50,17,-50,15,-48,15,-48,15,-48,15,-50,17,-54,15,-58,17,-62,15,-67,15,-67,11,-71,7,-71,3,-69,-3,-62,-7]"
CSI_DATA,56074,d8:b1:90:d9:de:f0,-47,11,-99,-36,49,116,825088797,100,0,114,0,"[-7,-47,-7,-53,-5,-53,-3,-56,-1,-58,-1,-56,0,-54,0,-51,-3,-47,-1,-45,-3,-43,-3,-43,-5,-43,-7,-43,-9,-43,-10,-43,-12,-47,-14,-47,-16,-51,-16,-49,-18,-51,-20,-49,-20,-49,-21,-47,-21,-47,-21,-45,-25,-45,-23,-42,0,0,-27,-42,-27,-40,-29,-42,-31,-42,-32,-43,-34,-42,-36,-42,-36,-43,-38,-40,-38,-40,-38,-38,-40,-36,-38,-31,-40,-29,-38,-27,-40,-27,-38,-25,-42,-23,-43,-23,-47,-23,-51,-23,-54,-25,-56,-25,-60,-29,-62,-29,-60,-31,-56,-32,-49,-31]"
CSI_DATA,56075,d8:b1:90:d9:de:f0,-47,11,-99,-36,49,116,825098844,100,0,114,0,"[34,-32,40,-34,43,-34,45,-32,47,-31,47,-31,45,-27,45,-25,40,-25,40,-23,36,-23,36,-23,36,-23,36,-25,36,-25,36,-29,38,-31,38,-31,42,-32,40,-34,40,-34,40,-36,38,-36,36,-36,38,-36,38,-34,36,-36,36,-34,0,0,32,-36,32,-36,34,-38,32,-38,34,-42,34,-42,34,-43,34,-43,32,-45,32,-43,32,-43,31,-43,29,-42,25,-42,23,-40,23,-42,21,-40,21,-42,21,-45,21,-47,23,-51,23,-54,25,-56,31,-60,31,-60,34,-58,36,-53,36,-47]"
CSI_DATA,56076,d8:b1:90:d9:de:f0,-47,11,-99,-32,48,116,825109470,100,0,114,0,"[16,45,14,51,9,54,5,56,1,58,0,56,-1,54,-3,53,-3,47,-5,45,-7,43,-5,43,-5,43,-7,43,-5,45,-7,45,-7,47,-9,49,-9,51,-10,51,-10,53,-9,53,-10,53,-12,51,-12,49,-12,49,-14,47,-14,47,0,0,-14,49,-16,47,-16,49,-18,49,-18,51,-20,53,-21,53,-21,53,-21,51,-21,51,-21,49,-21,47,-20,45,-18,43,-20,42,-20,42,-18,42,-18,42,-20,45,-23,47,-23,51,-27,53,-31,56,-34,58,-38,54,-42,54,-43,47,-43,42]"
CSI_DATA,56077,d8:b1:90:d9:de:f0,-51,9,-99,-37,53,116,825120527,130,0,106,0,"[-21,0,78,0,-80,0,-143,0,133,0,-67,0,34,0,-30,0,-57,17,-14,0,-142,17,-24,0,105,17,-34,0,96,17,-65,0,142,17,-133,0,-46,17,68,0,96,0,-42,17,-84,0,-127,17,2,1,121,17,0,0,0,0,1,1,66,17,-80,0,80,17,77,0,125,17,-111,17,-98,17,23,17,-14,17,-96,16,52,0,-135,16,96,0,-123,16,109,0,-66,16,98,0,21,17,90,0,-150,17,71,0,23,0,38,0,-118,0]"
CSI_DATA,56078,d8:b1:90:d9:de:f0,-47,11,-99,-33,48,116,825138645,100,0,114,0,"[18,-47,22,-50,26,-52,28,-52,32,-52,32,-52,28,-48,28,-47,24,-41,24,-41,22,-41,20,-39,18,-41,18,-43,15,-45,15,-48,15,-50,15,-50,15,-54,13,-54,11,-54,11,-54,7,-54,7,-56,5,-50,7,-52,3,-52,3,-52,0,0,1,-52,1,-50,0,-54,-1,-52,-3,-56,-5,-56,-7,-56,-7,-58,-7,-56,-9,-54,-11,-52,-11,-50,-13,-48,-15,-47,-13,-43,-16,-47,-18,-43,-20,-45,-24,-45,-24,-47,-28,-48,-30,-50,-32,-54,-33,-58,-33,-62,-33,-60,-28,-58,-22,-56]"
CSI_DATA,56079,d8:b1:90:d9:de:f0,-47,11,-99,-33,48,116,825149116,100,0,114,0,"[45,-11,52,-9,56,-7,58,-3,58,0,56,1,54,1,52,1,48,1,48,3,45,3,45,1,45,1,43,1,47,1,48,0,48,0,50,0,52,1,54,0,54,-1,56,0,54,-1,54,0,50,0,52,-1,50,-1,52,0,0,0,54,-1,52,0,54,0,54,0,56,-1,58,-1,60,-1,60,-1,60,-1,58,-3,58,-3,54,-3,52,-3,50,-5,48,-3,48,-5,47,-7,50,-9,50,-9,54,-7,56,-11,60,-9,64,-9,69,-7,69,-3,73,0,67,3,62,7]"
CSI_DATA,56080,d8:b1:90:d9:de:f0,-54,11,-99,-37,55,116,825168648,100,0,228,0,"[15,-10,15,-12,14,-13,11,-16,7,-16,3,-17,0,-17,91,-6,-5,-17,-8,-16,-11,-16,-13,-15,-15,-14,-17,-13,-18,-11,-17,-11,-17,-9,-16,-9,-13,-7,-9,-4,-3,-2,54,5,6,1,11,2,16,5,18,7,21,9,23,10,0,0,23,12,22,13,20,14,16,13,12,13,6,10,86,0,-7,6,-13,3,-18,0,-22,-1,-26,-4,-27,-6,-28,-7,-28,-9,-27,-9,-25,-9,-23,-9,-20,-8,-17,-8,14,14,-9,-5,-3,-3,1,0,7,1,11,4,13,7,14,10,2,-1,0,-7,-9,-8,-16,0,-13,15,1,22,17,16,21,-20,14,-19,-4,-22,-18,-11,-19,6,-7,16,7,14,13,2,7,-7,-3,-7,-7,3,1,12,15,7,19,-8,8,-25,-14,-24,-29,-6,-25,16,-6,27,13,22,21,6,0,0,5,-13,-2,-9,-2,-3,0,-4,-1,-8,-11,-9,-18,8,-17,14,-3,24,14,20,23,6,19,-10,8,-16,-3,-15,-7,-7,-6,-3,-6,-1,-10,0,-13,6,-9,17,-8,17,24,19,36,-1,29,-27,4,-41,-23,-33,-36,-10,-30,13]"
CSI_DATA,56081,d8:b1:90:d9:de:f0,-53,11,-99,-40,55,116,825178884,100,0,228,0,"[-18,-6,-20,-4,-20,0,-20,4,-17,7,-16,11,-12,14,99,-7,-5,18,-2,19,2,20,5,20,8,20,11,20,13,19,14,18,14,16,13,13,12,11,8,7,3,4,59,6,-7,-3,-12,-5,-16,-7,-19,-8,-23,-10,-25,-11,0,0,-26,-11,-25,-11,-23,-11,-20,-10,-15,-10,-9,-10,-119,15,4,-9,11,-8,17,-7,22,-8,26,-8,28,-8,30,-8,29,-7,29,-8,27,-7,25,-7,22,-6,19,-5,-11,0,11,-2,6,0,0,2,-6,6,-11,7,-15,6,-17,6,-3,-1,-6,5,0,13,13,12,21,-2,14,-19,-4,-24,-32,4,-24,9,-9,23,11,20,21,5,15,-12,0,-17,-11,-8,-10,5,2,8,9,-2,2,-12,-14,-11,-22,6,-12,24,12,28,29,10,27,-14,8,-29,-13,-24,-23,-6,0,0,-5,15,4,9,4,4,2,5,4,8,14,6,17,-14,13,-20,-5,-25,-21,-15,-25,4,-15,18,1,20,11,12,11,3,9,-2,7,-2,9,-6,6,-14,-5,-20,-7,-19,-32,4,-24,28,2,43,31,30,44,2,29,-25,5,-34]"
CSI_DATA,56082,d8:b1:90:d9:de:f0,-53,11,-99,-39,55,116,825188897,100,0,228,0,"[11,-17,9,-19,5,-19,2,-20,-2,-19,-6,-18,-10,-16,97,-7,-16,-11,-18,-8,-20,-5,-21,-2,-22,1,-23,2,-23,4,-22,6,-20,7,-18,7,-15,6,-10,5,-5,2,58,6,6,-5,11,-8,15,-11,18,-13,21,-16,23,-17,0,0,23,-18,23,-16,22,-14,19,-11,17,-8,14,-3,-85,0,5,8,0,13,-5,18,-8,22,-11,25,-13,27,-14,28,-13,27,-13,27,-12,25,-11,24,-10,21,-9,18,107,15,-7,9,-4,4,-2,-3,2,-7,4,-12,6,-15,9,-16,2,-3,-3,-8,-13,-4,-15,9,-5,21,14,20,26,3,6,-31,0,-26,-19,-16,-23,4,-11,18,6,19,16,6,12,-7,-1,-11,-8,-2,-2,9,11,7,17,-8,5,-23,-17,-23,-30,-2,-23,22,0,32,21,21,27,0,17,-17,0,0,-10,-11,-10,-2,-6,0,-4,-2,-9,-1,-14,7,2,22,8,23,24,12,26,-8,14,-23,-5,-24,-16,-12,-16,2,-9,8,-4,9,-2,7,-1,11,6,14,18,10,18,9,20,-26,-3,-38,-30,-29,-43,-1,-32,28,-5,39,19,28]"
CSI_DATA,56083,d8:b1:90:d9:de:f0,-54,11,-99,-38,55,116,825198981,100,0,228,0,"[-2,18,0,19,1,19,3,18,7,16,10,14,12,11,94,-6,17,5,18,3,19,0,20,-1,20,-3,20,-6,20,-7,19,-8,18,-9,15,-8,13,-7,8,-4,3,-2,56,5,-4,4,-8,8,-12,10,-16,13,-18,15,-19,15,0,0,-22,15,-22,14,-21,12,-19,10,-16,5,-13,1,78,14,-3,-7,0,-12,5,-16,10,-20,13,-22,14,-23,15,-23,17,-23,16,-22,16,-21,15,-19,14,-17,12,-14,-75,0,7,-7,4,-1,0,1,-2,6,-6,9,-9,10,-12,11,0,3,5,4,12,0,10,-13,-1,-20,-18,-13,-24,4,1,30,5,23,21,10,21,-7,6,-19,-8,-16,-16,-2,-9,9,2,10,7,0,1,-8,-10,-4,-13,8,-1,22,17,20,29,0,20,-21,-1,-29,-21,-19,-26,0,-15,16,0,0,9,10,9,1,5,0,3,1,8,1,12,-5,0,-20,-5,-22,-20,-13,-25,4,-14,19,1,22,13,14,14,1,10,-5,4,-5,3,-6,2,-8,-2,-13,-14,-12,-14,-12,-24,18,-5,34,20,33,38,11,36,-16,15,-34,-8,-31]"
CSI_DATA,56084,d8:b1:90:d9:de:f0,-53,11,-99,-40,55,116,825209025,100,0,228,0,"[-18,7,-18,9,-17,11,-14,14,-11,16,-8,17,-4,18,99,-7,3,19,5,19,8,18,11,18,13,18,15,17,16,16,17,15,16,14,15,11,12,9,9,7,3,4,59,6,-7,-3,-11,-7,-15,-9,-17,-12,-20,-14,-21,-17,0,0,-22,-18,-20,-19,-18,-19,-14,-18,-10,-16,-4,-12,-31,15,8,-5,13,0,18,4,22,8,24,11,26,13,26,15,25,15,25,16,23,15,21,15,19,14,16,13,-80,0,7,9,3,5,-2,1,-6,-3,-10,-7,-11,-11,-11,-14,-3,2,-1,8,8,11,18,3,17,-13,3,-24,-16,-19,-27,17,-18,17,0,24,17,15,21,-2,11,-16,-4,-16,-13,-5,-8,7,3,8,9,-2,1,-13,-14,-11,-22,5,-14,24,10,28,28,13,29,-10,13,-27,-9,-26,-21,-12,0,0,-9,12,1,10,2,5,-1,4,0,10,9,12,21,-3,21,-10,11,-23,-8,-25,-22,-13,-23,4,-12,15,0,16,6,10,7,5,7,3,10,3,14,-4,13,-15,13,-15,-20,-25,-37,-7,-37,20,-14,41,15,40,36,19,33,-6]"
CSI_DATA,56085,d8:b1:90:d9:de:f0,-54,11,-99,-37,55,116,825219430,100,0,228,0,"[18,1,19,0,18,-2,18,-6,16,-10,13,-13,10,-15,91,-6,2,-17,0,-18,-3,-18,-7,-18,-9,-17,-12,-17,-14,-16,-15,-15,-15,-13,-14,-11,-12,-8,-8,-5,-2,-2,54,5,7,1,12,3,16,5,18,7,22,8,24,9,0,0,25,9,25,9,22,9,19,9,16,9,9,8,-114,0,-3,7,-10,7,-16,7,-19,7,-24,7,-26,6,-27,6,-28,5,-27,6,-25,5,-23,5,-21,5,-18,4,16,14,-10,1,-4,0,0,-2,6,-3,11,-4,13,-4,16,-4,3,0,4,-5,-1,-12,-14,-8,-19,4,-10,19,8,22,30,-7,21,-11,5,-22,-13,-17,-19,-1,-13,14,2,16,12,5,9,-6,-1,-8,-8,1,0,12,14,10,20,-6,10,-23,-13,-24,-28,-7,-25,16,-6,28,14,21,21,5,0,0,3,-13,-3,-8,-3,-2,0,-4,-3,-8,-12,-6,-15,13,-13,18,3,24,19,15,24,-2,14,-17,0,-19,-10,-12,-11,-2,-8,1,-6,2,-7,5,-5,12,4,18,4,17,30,-2,23,-25,0,-38,-28,-30,-39,-3,-30,22,-6,32]"
CSI_DATA,56086,d8:b1:90:d9:de:f0,-54,11,-99,-37,55,116,825239175,100,0,228,0,"[7,16,10,16,13,15,14,12,16,9,16,5,18,1,91,-6,17,-4,16,-7,16,-10,15,-13,14,-16,12,-17,11,-17,10,-18,8,-18,7,-16,4,-14,3,-10,1,-4,54,5,0,7,-1,12,-3,17,-4,20,-5,23,-6,25,0,0,-7,27,-7,26,-8,23,-8,20,-8,15,-8,10,-101,14,-7,-3,-7,-10,-6,-16,-4,-21,-3,-25,-3,-27,-2,-28,-2,-28,-1,-27,-1,-26,0,-23,0,-22,0,-19,-29,14,0,-10,0,-5,1,0,2,6,1,11,0,16,0,16,1,2,8,0,10,-8,1,-16,-14,-15,-22,0,-16,17,19,23,18,16,23,-3,12,-17,-6,-20,-17,-7,-15,7,-2,13,7,6,7,-4,-3,-7,-11,2,-5,16,11,18,25,6,22,-16,2,-29,-18,-22,-27,-1,-18,16,-1,22,0,0,14,1,7,-4,2,-3,3,-1,7,-3,6,-13,-12,-15,-17,-13,-24,2,-16,19,0,25,15,16,18,1,13,-8,4,-10,0,-8,0,-7,-4,-8,-10,-7,-19,0,-19,0,-4,30,19,30,38,10,35,-17,15,-36,-11,-35,-27,-16]"
CSI_DATA,56087,d8:b1:90:d9:de:f0,-53,11,-99,-39,55,116,825258786,100,0,228,0,"[-15,13,-15,15,-13,16,-10,18,-7,19,-3,20,2,19,97,-7,8,18,11,17,13,16,15,14,18,12,19,12,21,11,21,9,20,8,17,7,15,5,10,4,4,2,58,6,-7,-2,-13,-3,-18,-5,-22,-7,-25,-7,-27,-9,0,0,-27,-11,-25,-13,-24,-13,-20,-12,-15,-11,-8,-10,-121,15,5,-8,12,-5,18,-2,22,0,26,3,29,4,30,6,30,7,29,7,27,7,25,7,22,8,19,7,-11,0,11,6,5,4,-1,2,-6,-2,-11,-4,-14,-7,-15,-10,-3,3,1,9,12,8,18,-3,13,-17,-4,-24,-21,-15,-21,25,-13,23,7,24,22,10,20,-8,6,-20,-9,-15,-15,-1,-7,9,6,7,9,-5,-2,-13,-17,-7,-20,12,-7,27,18,24,31,4,25,-18,4,-30,-16,-22,-24,-4,0,0,-4,15,4,10,3,4,0,5,2,9,12,10,19,-9,18,-16,3,-26,-15,-22,-26,-6,-21,11,-7,19,5,16,10,7,9,2,8,0,10,-1,13,-8,7,-19,8,-18,-28,-17,-37,5,-27,32,0,44,28,33,39,6,29,-18]"
CSI_DATA,56088,d8:b1:90:d9:de:f0,-54,11,-99,-37,55,116,825269255,100,0,228,0,"[-16,-10,-17,-9,-18,-7,-19,-5,-18,-1,-18,0,-17,3,91,-6,-16,9,-15,11,-14,13,-12,15,-12,16,-11,17,-10,18,-9,18,-8,18,-7,16,-6,13,-3,8,-2,3,54,5,2,-6,5,-11,8,-14,11,-17,13,-19,15,-21,0,0,18,-21,18,-18,18,-16,16,-12,16,-8,12,-2,-84,0,3,7,-1,12,-5,16,-11,18,-15,19,-18,20,-19,20,-20,18,-21,17,-20,15,-19,14,-18,12,-16,10,43,14,-11,3,-5,0,0,0,4,-2,10,-3,13,-2,16,-1,-3,-1,-7,3,-4,11,7,16,18,8,21,-8,9,-22,-27,-16,-22,-9,-21,9,-7,21,9,18,17,5,14,-9,0,-14,-9,-6,-7,4,3,8,13,0,8,-15,-7,-19,-24,-10,-26,12,-9,28,12,27,26,11,24,-8,10,-19,0,0,-12,-7,-9,0,-4,1,-3,-1,-8,0,-12,5,0,18,5,21,20,14,24,-1,16,-17,0,-21,-11,-15,-14,-5,-10,3,-5,5,-5,5,-4,8,0,14,9,16,8,17,30,-8,20,-28,-2,-38,-28,-30,-40,-5,-31,20,-10,31]"
CSI_DATA,56089,d8:b1:90:d9:de:f0,-53,11,-99,-39,55,116,825288681,100,0,228,0,"[11,16,13,16,16,14,18,10,18,7,19,2,19,-1,97,-7,17,-9,16,-11,15,-15,13,-18,10,-19,8,-22,7,-22,5,-22,4,-21,3,-19,2,-15,1,-10,0,-5,58,6,1,8,1,13,2,18,1,23,2,26,2,28,0,0,2,29,1,28,0,27,-1,23,-3,20,-4,14,-42,15,-8,0,-10,-7,-13,-13,-13,-18,-14,-22,-14,-24,-14,-25,-13,-26,-13,-25,-13,-24,-12,-23,-10,-21,-9,-18,-122,15,-4,-11,-1,-5,2,0,5,5,8,11,8,13,7,16,2,4,9,0,9,-11,-2,-18,-17,-14,-24,4,-14,22,25,21,23,12,24,-9,8,-22,-11,-19,-20,-3,-13,11,2,15,11,4,6,-7,-6,-7,-12,6,-2,18,17,17,28,-1,17,-25,-6,-31,-26,-17,-29,7,-14,24,6,24,0,0,14,-2,7,-7,1,-5,3,-2,7,-7,2,-15,-17,-10,-23,-6,-23,12,-8,26,12,24,22,10,20,-7,10,-15,-1,-13,-4,-8,-5,-6,-8,-5,-14,-2,-17,8,-17,8,10,30,31,18,39,-8,26,-33,-4,-42,-28,-27,-33,-2]"
CSI_DATA,56090,d8:b1:90:d9:de:f0,-53,11,-99,-39,55,116,825299146,100,0,228,0,"[16,11,18,10,20,8,21,5,20,1,19,-3,18,-6,97,-7,15,-12,14,-15,12,-17,10,-19,8,-21,6,-22,5,-22,4,-22,3,-21,3,-19,1,-16,1,-11,1,-4,58,6,0,8,-1,14,-1,18,-2,22,-3,26,-3,29,0,0,-5,30,-6,28,-7,26,-7,22,-9,18,-9,11,-114,15,-8,-3,-7,-10,-6,-17,-5,-21,-3,-26,-2,-28,0,-30,1,-29,1,-30,1,-26,2,-26,3,-23,2,-20,53,0,3,-11,2,-5,2,2,0,7,-1,13,-3,15,-6,17,4,3,9,-3,6,-13,-7,-17,-20,-8,-23,10,-9,24,30,15,26,7,21,-13,4,-23,-13,-17,-20,-1,-12,13,2,15,11,4,6,-7,-6,-7,-13,5,-3,18,16,17,28,0,19,-23,-3,-31,-24,-20,-30,3,-18,21,1,24,0,0,15,1,8,-6,2,-4,4,-1,9,-4,7,-14,-13,-16,-20,-14,-26,3,-18,20,0,27,16,18,21,3,15,-9,5,-11,0,-9,-2,-8,-4,-9,-10,-9,-19,-2,-18,-3,-11,30,13,34,36,19,41,-9,26,-33,-2,-38,-23,-24]"
CSI_DATA,56091,d8:b1:90:d9:de:f0,-54,11,-99,-37,55,116,825309367,100,0,228,0,"[-15,-12,-16,-12,-17,-10,-19,-7,-20,-4,-20,-1,-19,1,91,-6,-18,7,-16,10,-16,12,-15,14,-13,16,-13,17,-12,17,-10,18,-9,17,-7,16,-5,14,-2,9,0,4,54,5,5,-5,7,-10,10,-14,13,-16,15,-19,16,-19,0,0,17,-20,18,-18,17,-16,16,-14,15,-9,11,-5,-97,0,2,5,-1,10,-6,14,-11,16,-15,18,-16,20,-17,19,-19,19,-19,18,-18,16,-17,16,-16,14,-14,12,56,14,-8,6,-4,2,0,0,5,-1,10,-3,14,-3,16,-3,-2,-3,-9,0,-7,11,3,17,17,12,23,-4,13,-21,-25,-19,-22,-12,-23,7,-9,20,9,19,18,6,15,-9,0,-15,-9,-7,-8,5,2,11,13,0,10,-14,-5,-21,-21,-11,-26,11,-11,28,12,27,26,11,23,-9,9,-20,0,0,-13,-5,-9,1,-2,2,-1,-1,-7,-2,-13,4,-1,16,4,21,19,14,24,-3,16,-18,0,-21,-12,-14,-14,-2,-10,4,-4,5,-3,4,-3,6,0,12,8,16,9,17,27,-9,17,-29,-5,-37,-30,-26,-39,0,-28,23,-6,31]"
CSI_DATA,56092,d8:b1:90:d9:de:f0,-47,11,-99,-34,48,116,825328731,100,0,114,0,"[-13,50,-19,54,-23,56,-25,56,-27,56,-25,54,-27,50,-27,48,-23,46,-23,42,-21,42,-21,44,-19,42,-19,44,-17,46,-15,48,-17,50,-17,52,-17,56,-15,56,-17,58,-15,58,-15,56,-13,56,-13,54,-11,54,-11,54,-9,50,0,0,-7,52,-7,52,-7,54,-5,56,-7,58,-7,58,-3,58,-5,60,-1,58,-1,58,0,56,0,54,3,50,1,48,3,48,7,48,7,46,7,48,9,50,11,52,13,54,13,58,15,60,17,65,15,67,13,67,9,65,5,60]"
CSI_DATA,56093,d8:b1:90:d9:de:f0,-47,11,-99,-34,48,116,825338749,100,0,114,0,"[52,-9,58,-7,60,-5,63,-1,60,1,60,3,56,5,56,5,52,5,50,5,48,5,48,3,46,1,48,1,50,1,50,1,54,1,56,3,58,1,58,1,58,1,60,1,60,1,58,1,58,1,54,1,54,0,52,0,0,0,52,1,52,1,54,1,54,1,56,0,58,0,58,0,58,0,56,0,56,-1,54,-3,52,-1,48,-3,48,-3,46,-3,46,-3,44,-5,46,-7,48,-7,50,-7,54,-9,56,-7,60,-11,63,-9,65,-7,65,-3,63,1,58,3]"
CSI_DATA,56094,d8:b1:90:d9:de:f0,-47,11,-99,-33,48,116,825348752,100,0,114,0,"[-13,-47,-11,-52,-7,-56,-5,-58,-3,-58,0,-56,1,-54,3,-52,3,-48,5,-47,3,-45,5,-45,5,-47,5,-45,5,-47,5,-48,3,-48,5,-52,5,-52,5,-54,7,-54,7,-56,9,-54,7,-54,11,-52,11,-52,9,-50,11,-50,0,0,11,-50,11,-52,13,-52,13,-54,13,-54,15,-56,15,-56,16,-58,15,-54,16,-54,15,-52,15,-50,13,-48,11,-47,11,-47,11,-45,11,-45,11,-47,11,-48,13,-48,11,-52,13,-54,16,-58,20,-64,22,-62,26,-60,30,-58,30,-50]"
CSI_DATA,56095,d8:b1:90:d9:de:f0,-47,11,-99,-33,48,116,825358835,100,0,114,0,"[11,50,9,56,7,58,5,60,5,60,5,58,3,58,3,54,7,50,5,50,9,47,9,47,11,47,13,47,16,48,18,47,20,48,22,50,24,50,28,50,26,50,30,50,30,50,32,47,32,45,32,45,33,43,35,41,0,0,37,41,37,37,39,39,41,37,43,37,45,37,48,35,47,35,48,32,48,30,48,26,48,24,48,20,47,18,45,16,45,13,45,11,47,9,48,9,50,5,54,5,58,3,60,3,67,3,67,3,67,5,65,7,60,9]"
CSI_DATA,56096,d8:b1:90:d9:de:f0,-47,11,-99,-34,48,116,825368985,100,0,114,0,"[-34,-38,-34,-44,-34,-48,-34,-52,-32,-52,-31,-52,-29,-52,-27,-48,-27,-44,-27,-44,-25,-40,-27,-42,-27,-38,-29,-38,-31,-40,-32,-40,-34,-42,-34,-42,-38,-44,-40,-42,-40,-42,-40,-42,-40,-40,-42,-40,-42,-40,-40,-38,-40,-38,-40,-36,0,0,-40,-34,-40,-34,-42,-34,-44,-32,-46,-36,-48,-34,-50,-32,-48,-32,-48,-31,-48,-29,-46,-27,-46,-27,-44,-23,-44,-21,-42,-19,-42,-19,-42,-17,-44,-15,-46,-15,-50,-13,-54,-15,-58,-15,-60,-15,-63,-15,-65,-19,-63,-19,-60,-23,-56,-23]"
CSI_DATA,56097,d8:b1:90:d9:de:f0,-47,11,-99,-36,49,116,825388624,100,0,114,0,"[-32,34,-38,36,-43,34,-47,32,-47,34,-47,31,-45,27,-47,25,-43,23,-43,21,-40,23,-42,21,-40,23,-40,23,-40,25,-42,25,-42,27,-45,29,-45,29,-47,29,-45,29,-45,29,-45,29,-43,29,-45,27,-45,27,-45,27,-43,27,0,0,-42,27,-42,27,-43,27,-45,27,-45,29,-47,29,-45,29,-45,29,-43,29,-45,29,-42,29,-40,29,-36,27,-36,27,-34,27,-34,27,-32,27,-34,29,-34,29,-36,32,-38,34,-40,36,-43,38,-47,40,-49,38,-51,36,-53,32,-51,27]"
CSI_DATA,56098,d8:b1:90:d9:de:f0,-47,11,-99,-34,48,116,825398772,100,0,114,0,"[-40,-32,-40,-40,-38,-46,-36,-50,-34,-52,-31,-52,-29,-50,-25,-50,-23,-46,-21,-46,-19,-44,-19,-44,-19,-44,-19,-44,-19,-46,-19,-48,-21,-48,-19,-50,-21,-52,-21,-54,-19,-54,-21,-54,-19,-54,-17,-54,-17,-54,-15,-52,-13,-52,-13,-50,0,0,-11,-52,-9,-52,-9,-54,-9,-54,-9,-56,-9,-58,-7,-58,-7,-58,-7,-58,-7,-58,-7,-54,-5,-54,-5,-50,-5,-48,-3,-46,-5,-46,-5,-46,-5,-46,-7,-48,-5,-52,-7,-54,-5,-60,-3,-62,-1,-67,1,-69,5,-67,9,-65,13,-60]"
CSI_DATA,56099,d8:b1:90:d9:de:f0,-47,11,-99,-34,48,116,825409200,100,0,114,0,"[-50,-11,-56,-13,-60,-17,-58,-21,-60,-23,-56,-21,-54,-25,-50,-21,-48,-19,-46,-19,-44,-17,-48,-15,-46,-15,-46,-13,-48,-13,-52,-11,-50,-9,-56,-11,-56,-9,-58,-7,-56,-7,-58,-7,-58,-7,-58,-5,-58,-5,-56,-3,-54,-1,-54,-1,0,0,-54,-1,-54,0,-56,1,-58,1,-56,3,-58,3,-60,5,-60,3,-58,5,-58,9,-54,11,-52,11,-50,13,-46,13,-46,15,-44,15,-44,17,-42,19,-44,19,-48,21,-50,25,-54,27,-56,29,-60,32,-62,31,-62,29,-62,27,-56,21]"
CSI_DATA,56100,d8:b1:90:d9:de:f0,-47,11,-99,-32,48,116,825428970,100,0,114,0,"[45,20,47,25,47,31,47,34,49,38,45,38,42,40,40,38,36,32,36,34,32,32,34,34,34,31,34,31,36,32,36,32,36,32,38,34,40,36,40,36,42,36,42,36,42,38,42,36,40,36,40,36,38,34,36,34,0,0,36,34,38,36,38,36,36,36,40,36,40,38,40,36,40,38,40,36,40,34,38,32,36,31,36,29,34,29,34,25,34,25,34,25,36,23,38,25,42,27,43,29,45,31,49,32,51,36,51,38,47,42,45,42,38,40]"
CSI_DATA,56101,d8:b1:90:d9:de:f0,-47,11,-99,-36,49,116,825439215,100,0,114,0,"[51,0,54,5,54,9,56,12,58,16,53,20,53,23,47,21,43,21,42,23,40,21,42,23,40,21,42,23,42,23,43,23,42,25,43,29,45,29,47,31,45,31,45,32,43,32,43,32,43,34,40,32,40,32,36,31,0,0,36,34,38,36,36,36,38,38,36,38,36,40,36,40,36,42,36,42,34,42,32,38,32,38,29,36,29,34,29,32,27,32,25,32,27,31,29,34,31,38,32,40,34,43,36,49,32,49,32,53,27,53,23,54,18,51]"
CSI_DATA,56102,d8:b1:90:d9:de:f0,-47,11,-99,-36,49,116,825458840,100,0,114,0,"[-3,49,-9,53,-10,54,-12,56,-14,58,-14,56,-14,54,-14,51,-10,47,-12,45,-9,43,-10,45,-9,45,-7,45,-5,49,-3,49,-3,53,-1,54,-1,56,0,56,1,54,3,56,3,54,5,54,3,54,3,53,5,53,5,51,0,0,9,51,10,51,10,51,12,51,14,51,14,51,16,51,18,53,20,53,20,51,20,49,20,45,20,42,21,38,21,38,21,34,23,34,25,32,29,32,31,36,36,38,40,40,42,43,42,45,43,47,42,47,38,47,32,45]"
CSI_DATA,56103,d8:b1:90:d9:de:f0,-47,11,-99,-36,49,116,825469032,100,0,114,0,"[29,38,29,45,29,49,27,49,25,54,21,53,23,53,20,49,18,45,18,43,16,43,16,43,18,42,20,43,20,45,23,45,23,45,23,49,23,49,27,51,25,49,25,53,27,49,27,51,25,49,25,47,25,47,23,43,0,0,25,43,25,45,25,45,27,47,25,45,27,47,27,49,29,49,29,47,29,47,27,43,27,42,27,38,27,36,25,34,25,32,27,32,27,31,31,32,34,36,38,38,40,40,42,43,42,45,42,49,40,49,34,51,29,47]"
CSI_DATA,56104,d8:b1:90:d9:de:f0,-47,11,-99,-36,49,116,825489599,100,0,114,0,"[-20,-43,-21,-49,-20,-51,-18,-54,-18,-54,-16,-54,-12,-54,-16,-51,-16,-47,-14,-45,-14,-43,-16,-43,-18,-42,-20,-42,-21,-43,-23,-43,-25,-45,-27,-45,-29,-45,-29,-45,-31,-45,-32,-45,-31,-43,-32,-43,-31,-42,-32,-40,-34,-38,-32,-38,0,0,-36,-36,-36,-36,-38,-36,-38,-34,-42,-34,-42,-34,-43,-32,-43,-34,-45,-32,-45,-29,-43,-27,-43,-25,-42,-21,-42,-20,-42,-16,-42,-16,-40,-14,-42,-10,-43,-10,-45,-10,-49,-9,-53,-9,-54,-9,-60,-10,-62,-10,-62,-14,-58,-14,-53,-14]"
CSI_DATA,56105,d8:b1:90:d9:de:f0,-47,11,-99,-34,48,116,825508703,100,0,114,0,"[-17,50,-21,52,-25,52,-27,54,-29,58,-27,54,-29,54,-27,48,-25,48,-25,46,-23,42,-23,46,-21,44,-19,46,-19,48,-17,48,-15,50,-15,56,-13,56,-13,60,-13,56,-11,60,-13,58,-9,58,-11,58,-9,56,-9,56,-7,54,0,0,-3,56,-3,56,-1,56,1,60,0,60,1,60,1,60,1,60,3,56,5,58,7,56,5,52,9,50,9,46,13,46,15,44,17,44,17,44,19,44,21,48,23,50,27,52,29,58,31,60,29,60,27,60,27,62,19,54]"
CSI_DATA,56106,d8:b1:90:d9:de:f0,-47,11,-99,-36,49,116,825519100,100,0,114,0,"[45,20,47,25,47,29,47,32,49,36,45,36,43,38,42,36,38,32,36,32,34,31,34,32,34,31,36,31,36,31,38,32,40,32,40,34,42,34,43,34,43,36,45,36,45,34,43,36,42,34,40,34,40,34,40,32,0,0,38,32,38,34,40,32,42,34,40,36,42,36,43,36,42,36,42,34,40,34,40,32,38,31,36,29,36,27,34,25,36,25,36,23,36,23,38,23,40,25,43,25,45,27,49,29,51,34,51,38,49,38,47,40,40,40]"
CSI_DATA,56107,d8:b1:90:d9:de:f0,-47,11,-99,-32,48,116,825531244,100,0,114,0,"[-40,-27,-40,-34,-40,-38,-38,-42,-38,-45,-34,-47,-32,-45,-29,-45,-27,-42,-25,-40,-23,-38,-23,-38,-23,-38,-25,-38,-27,-40,-27,-40,-27,-42,-27,-43,-29,-45,-29,-45,-31,-49,-29,-49,-29,-49,-27,-47,-25,-45,-25,-47,-25,-43,-25,-43,0,0,-25,-45,-23,-45,-21,-47,-21,-45,-23,-49,-23,-51,-23,-49,-23,-51,-21,-49,-23,-47,-21,-47,-20,-43,-21,-40,-20,-38,-20,-38,-20,-38,-21,-36,-21,-38,-23,-40,-23,-42,-25,-43,-25,-45,-27,-49,-27,-56,-25,-56,-21,-58,-18,-58,-12,-56]"
CSI_DATA,56108,d8:b1:90:d9:de:f0,-47,11,-99,-36,49,116,825548867,100,0,114,0,"[36,32,38,38,38,42,40,43,36,45,36,47,34,45,34,42,32,38,32,36,31,36,32,34,32,31,34,31,36,32,38,32,42,31,40,32,43,34,45,31,47,32,49,32,49,29,49,31,47,25,45,25,47,23,45,21,0,0,49,20,47,20,49,20,49,18,53,18,53,16,54,16,54,14,53,14,53,9,51,7,49,7,47,5,47,1,42,1,43,0,42,-3,43,-5,43,-5,47,-9,49,-9,53,-9,54,-14,58,-12,60,-12,62,-10,58,-7,53,-5]"
CSI_DATA,56109,d8:b1:90:d9:de:f0,-47,11,-99,-36,49,116,825558908,100,0,114,0,"[34,34,36,40,36,43,34,47,34,49,32,49,29,49,29,45,27,40,25,42,25,40,25,40,27,38,29,40,29,40,31,40,32,40,32,40,36,42,34,42,36,42,38,42,36,42,38,42,36,40,36,38,36,38,36,36,0,0,36,36,36,34,38,34,40,36,42,38,42,38,43,36,42,38,42,34,42,32,42,29,40,29,40,25,38,25,38,23,40,21,38,20,40,20,42,18,43,20,47,20,51,21,53,21,54,23,56,27,56,27,53,29,47,29]"
CSI_DATA,56110,d8:b1:90:d9:de:f0,-47,11,-99,-34,48,116,825569026,100,0,114,0,"[-50,-17,-54,-21,-56,-25,-56,-29,-54,-32,-52,-32,-50,-34,-46,-34,-42,-31,-40,-31,-38,-31,-40,-31,-40,-29,-40,-31,-42,-32,-44,-32,-44,-32,-44,-34,-48,-34,-48,-34,-48,-34,-48,-36,-46,-36,-48,-36,-44,-34,-44,-34,-44,-34,-42,-34,0,0,-42,-32,-40,-34,-44,-34,-46,-36,-46,-36,-46,-38,-46,-38,-44,-38,-44,-36,-42,-36,-42,-32,-40,-32,-40,-31,-40,-29,-36,-27,-38,-29,-36,-25,-38,-25,-40,-27,-42,-29,-46,-29,-48,-32,-50,-34,-52,-38,-52,-42,-52,-44,-46,-44,-40,-44]"
CSI_DATA,56111,d8:b1:90:d9:de:f0,-46,11,-99,-34,48,116,825588861,100,0,114,0,"[52,-11,58,-7,62,-3,62,1,65,3,62,7,60,13,56,13,52,11,50,15,48,13,48,15,46,15,46,17,48,19,50,19,50,19,54,23,54,23,54,25,54,27,56,27,54,31,52,29,50,31,48,31,46,31,44,31,0,0,42,32,42,32,42,34,42,36,42,38,44,40,42,42,42,44,40,42,40,42,38,40,34,40,32,38,31,36,32,36,31,32,29,34,29,34,31,36,32,40,34,44,34,48,36,50,36,56,32,58,29,60,25,62,17,58]"
CSI_DATA,56112,d8:b1:90:d9:de:f0,-47,11,-99,-34,48,116,825599427,100,0,114,0,"[27,-44,32,-46,38,-48,40,-46,44,-46,44,-44,42,-40,44,-38,40,-36,40,-34,36,-34,38,-34,34,-36,34,-34,34,-36,34,-38,34,-40,36,-42,38,-44,38,-44,38,-44,38,-46,38,-44,36,-44,38,-44,36,-44,34,-42,36,-44,0,0,34,-44,32,-44,34,-44,34,-44,36,-46,34,-46,34,-48,36,-48,32,-46,32,-46,29,-46,29,-46,25,-42,23,-42,21,-40,21,-42,19,-42,19,-44,19,-44,21,-48,21,-52,21,-54,23,-58,23,-60,25,-60,29,-60,31,-56,31,-48]"
CSI_DATA,56113,d8:b1:90:d9:de:f0,-47,11,-99,-33,48,116,825618702,100,0,114,0,"[-26,45,-32,48,-37,48,-41,47,-43,47,-43,43,-45,41,-43,37,-39,37,-39,35,-37,33,-39,35,-35,33,-37,35,-35,35,-37,37,-37,37,-39,39,-39,41,-43,43,-41,41,-39,43,-41,41,-39,41,-41,41,-39,37,-39,39,-39,37,0,0,-39,35,-39,37,-39,37,-41,39,-37,37,-41,39,-41,39,-41,37,-39,37,-37,39,-35,37,-33,35,-32,35,-30,33,-28,33,-28,33,-26,35,-26,33,-26,37,-28,39,-30,41,-33,45,-35,47,-37,48,-41,47,-41,45,-43,43,-41,35]"
CSI_DATA,56114,d8:b1:90:d9:de:f0,-47,11,-99,-34,48,116,825638695,100,0,114,0,"[7,54,5,58,3,60,3,62,1,65,0,62,1,62,1,56,3,52,3,52,3,48,7,50,9,48,9,48,13,50,15,50,17,50,17,54,19,52,23,54,25,52,27,52,27,52,29,50,31,50,29,48,31,44,31,42,0,0,32,40,34,42,34,42,38,40,38,40,42,40,44,38,44,36,44,34,46,32,46,29,44,27,42,23,40,19,42,19,42,17,42,13,42,11,46,11,48,9,52,7,56,7,60,7,63,9,63,7,62,9,62,11,56,13]"
CSI_DATA,56115,d8:b1:90:d9:de:f0,-47,11,-99,-33,48,116,825649093,100,0,114,0,"[16,47,15,52,13,54,11,58,9,60,7,60,3,56,5,54,5,50,3,48,5,47,5,47,5,47,7,48,7,48,9,50,11,50,11,52,11,56,13,56,15,56,15,56,13,56,16,56,15,54,13,52,15,54,15,50,0,0,18,50,16,50,16,54,18,52,20,54,22,56,20,54,22,56,22,54,22,52,22,50,22,47,22,43,22,41,22,39,24,39,24,37,28,37,30,37,30,41,33,41,35,45,37,47,37,50,37,50,35,54,32,52,26,50]"
CSI_DATA,56116,d8:b1:90:d9:de:f0,-47,11,-99,-34,48,116,825669449,100,0,114,0,"[-13,48,-19,54,-25,58,-31,56,-32,52,-34,50,-36,44,-36,42,-36,38,-36,36,-36,34,-34,34,-34,34,-36,34,-38,34,-40,36,-40,36,-44,36,-48,38,-48,36,-48,36,-50,34,-50,34,-50,32,-48,29,-48,29,-48,29,-50,27,0,0,-48,23,-48,23,-52,23,-52,23,-54,21,-56,21,-56,19,-56,17,-56,17,-54,17,-52,17,-52,15,-50,15,-48,13,-46,11,-46,13,-44,11,-46,13,-48,13,-50,9,-54,11,-58,11,-60,9,-63,9,-65,5,-65,0,-63,-3,-58,-7]"
CSI_DATA,56117,d8:b1:90:d9:de:f0,-46,11,-99,-35,48,116,825688815,100,0,114,0,"[-13,47,-19,53,-23,55,-25,57,-27,57,-29,55,-27,53,-25,51,-23,47,-21,45,-21,45,-17,45,-17,45,-15,47,-15,51,-13,53,-11,55,-11,53,-11,57,-9,59,-7,57,-7,59,-5,57,-5,59,-3,55,-1,53,0,55,0,55,0,0,0,55,3,53,3,57,5,57,7,59,7,59,7,61,9,59,11,59,13,55,15,53,15,51,17,49,17,47,17,43,19,43,21,39,25,39,25,41,27,43,31,45,35,49,37,49,41,53,41,55,39,59,33,55,29,51]"
CSI_DATA,56118,d8:b1:90:d9:de:f0,-47,11,-99,-34,48,116,825708766,100,0,114,0,"[-46,-19,-50,-23,-52,-27,-50,-32,-50,-36,-48,-34,-46,-38,-42,-34,-40,-32,-40,-34,-38,-32,-40,-31,-38,-29,-38,-31,-40,-31,-44,-32,-42,-31,-44,-32,-44,-32,-46,-34,-48,-36,-48,-34,-50,-36,-48,-36,-48,-34,-46,-32,-46,-32,-42,-31,0,0,-44,-32,-44,-32,-44,-32,-48,-32,-48,-32,-48,-34,-50,-34,-48,-34,-48,-34,-50,-31,-48,-29,-46,-27,-44,-25,-42,-25,-40,-23,-40,-23,-42,-21,-42,-19,-44,-21,-48,-23,-52,-23,-54,-27,-58,-25,-60,-29,-60,-32,-56,-34,-54,-38,-46,-36]"
CSI_DATA,56119,d8:b1:90:d9:de:f0,-47,11,-99,-34,48,116,825728810,100,0,114,0,"[3,50,0,56,-5,60,-9,62,-13,62,-15,60,-17,54,-23,54,-19,48,-23,46,-21,44,-21,44,-23,44,-23,42,-25,44,-25,44,-27,46,-29,48,-31,50,-31,48,-34,48,-32,48,-34,44,-32,44,-34,42,-36,42,-36,40,-38,38,0,0,-36,38,-36,34,-40,38,-40,36,-46,36,-46,36,-48,34,-48,34,-46,32,-46,31,-46,31,-44,29,-40,27,-42,27,-40,25,-40,25,-36,25,-40,25,-40,27,-44,27,-48,27,-50,27,-54,27,-60,25,-62,23,-65,19,-62,13,-58,5]"
CSI_DATA,56120,d8:b1:90:d9:de:f0,-47,11,-99,-34,48,116,825739781,100,0,114,0,"[40,-31,46,-31,54,-31,54,-29,58,-27,54,-25,56,-21,52,-17,50,-19,50,-17,48,-17,50,-15,46,-15,46,-15,48,-15,48,-17,50,-17,54,-19,54,-19,56,-21,54,-19,56,-21,56,-21,56,-21,54,-17,52,-17,50,-15,52,-15,0,0,52,-17,54,-17,52,-17,54,-17,54,-17,56,-17,56,-19,56,-17,54,-17,54,-19,50,-17,50,-15,46,-15,44,-17,44,-17,40,-17,42,-19,40,-17,42,-21,46,-21,50,-23,54,-25,58,-25,60,-23,63,-21,62,-19,63,-13,58,-9]"
CSI_DATA,56121,d8:b1:90:d9:de:f0,-47,11,-99,-34,48,116,825758657,100,0,114,0,"[44,-21,52,-23,56,-19,58,-17,60,-13,60,-11,58,-9,56,-7,54,-7,52,-5,48,-5,48,-5,46,-7,48,-7,50,-7,52,-7,52,-7,52,-7,56,-9,58,-11,58,-9,60,-9,58,-9,58,-7,56,-9,54,-9,54,-9,54,-9,0,0,52,-9,54,-7,56,-9,56,-9,58,-9,60,-9,60,-9,60,-7,58,-7,56,-11,54,-13,54,-11,50,-11,48,-11,46,-11,46,-11,44,-13,44,-15,48,-15,50,-15,52,-17,56,-17,58,-19,65,-21,65,-17,65,-13,63,-9,60,-5]"
CSI_DATA,56122,d8:b1:90:d9:de:f0,-47,11,-99,-34,48,116,825768931,100,0,114,0,"[-44,-23,-48,-29,-46,-36,-46,-40,-44,-42,-42,-46,-36,-44,-32,-44,-29,-40,-29,-40,-29,-40,-25,-38,-25,-38,-25,-40,-25,-42,-29,-46,-27,-46,-27,-46,-27,-50,-27,-50,-27,-52,-27,-52,-29,-52,-27,-54,-21,-50,-21,-50,-21,-50,-19,-48,0,0,-17,-50,-17,-50,-17,-54,-17,-52,-15,-56,-15,-56,-15,-58,-15,-58,-15,-58,-11,-56,-11,-54,-11,-54,-9,-52,-11,-50,-9,-46,-9,-48,-9,-44,-9,-46,-11,-46,-9,-52,-11,-56,-9,-60,-7,-62,-3,-65,-1,-69,1,-69,7,-62,11,-60]"
CSI_DATA,56123,d8:b1:90:d9:de:f0,-47,11,-99,-34,48,116,825789948,100,0,114,0,"[-46,19,-52,17,-58,15,-60,11,-62,9,-60,5,-58,1,-56,1,-50,0,-50,-1,-46,-1,-46,-1,-48,-1,-48,-1,-50,-3,-52,-1,-54,-3,-54,-1,-58,-3,-58,-3,-58,-3,-60,-5,-58,-7,-58,-5,-54,-5,-52,-7,-54,-7,-50,-9,0,0,-52,-7,-52,-7,-54,-9,-56,-9,-56,-9,-58,-11,-58,-13,-58,-15,-58,-13,-56,-11,-54,-11,-52,-11,-50,-11,-50,-9,-48,-9,-44,-7,-44,-9,-46,-7,-48,-7,-50,-11,-54,-11,-60,-13,-62,-15,-63,-17,-63,-19,-62,-25,-58,-27,-52,-29]"
CSI_DATA,56124,d8:b1:90:d9:de:f0,-47,11,-99,-33,48,116,825808806,100,0,114,0,"[-47,18,-52,16,-58,16,-60,13,-62,11,-60,7,-60,3,-56,3,-52,3,-50,0,-48,1,-48,0,-48,0,-50,0,-50,0,-52,0,-50,1,-56,1,-56,1,-58,1,-56,0,-60,0,-58,-1,-58,0,-56,-1,-54,-3,-54,-1,-52,-1,0,0,-52,-3,-52,-1,-52,-3,-54,-3,-54,-3,-56,-5,-56,-5,-58,-7,-58,-5,-56,-5,-54,-5,-52,-5,-48,-3,-47,-3,-47,-1,-45,-1,-45,-1,-45,0,-48,0,-52,-1,-56,-1,-60,-3,-64,-5,-64,-7,-64,-9,-62,-13,-62,-16,-54,-18]"
CSI_DATA,56125,d8:b1:90:d9:de:f0,-47,11,-99,-34,48,116,825818794,100,0,114,0,"[-15,46,-21,50,-29,54,-32,54,-34,48,-36,48,-36,42,-36,40,-34,36,-34,34,-36,32,-34,31,-32,31,-34,31,-36,31,-40,34,-42,36,-42,34,-46,36,-44,34,-46,34,-46,32,-46,32,-50,32,-46,29,-46,29,-48,29,-48,25,0,0,-46,25,-48,23,-52,25,-50,23,-52,23,-54,23,-56,21,-56,21,-56,19,-54,21,-50,19,-50,17,-48,17,-48,17,-46,17,-48,15,-44,15,-46,15,-48,17,-50,15,-54,15,-60,13,-60,15,-65,11,-69,9,-71,3,-65,0,-62,-5]"
CSI_DATA,56126,d8:b1:90:d9:de:f0,-47,11,-99,-33,48,116,825838640,100,0,114,0,"[-50,3,-56,1,-60,-1,-62,-3,-62,-7,-60,-7,-58,-9,-54,-7,-50,-7,-48,-7,-48,-7,-47,-5,-47,-3,-48,-1,-50,-1,-52,0,-52,0,-54,0,-54,1,-58,3,-56,3,-58,3,-58,7,-58,5,-54,5,-52,7,-52,9,-52,9,0,0,-52,11,-52,9,-52,11,-52,13,-52,13,-54,15,-56,15,-54,16,-54,16,-50,20,-48,20,-48,20,-47,20,-43,22,-41,20,-41,22,-41,24,-39,26,-41,28,-43,30,-43,32,-48,35,-50,37,-54,39,-56,37,-56,35,-56,32,-50,24]"
CSI_DATA,56127,d8:b1:90:d9:de:f0,-47,11,-99,-34,48,116,825848869,100,0,114,0,"[-42,-25,-46,-32,-44,-34,-42,-38,-44,-44,-40,-44,-38,-44,-36,-42,-32,-38,-31,-36,-29,-34,-31,-36,-31,-34,-31,-34,-32,-38,-32,-38,-32,-38,-34,-40,-36,-42,-36,-42,-38,-44,-38,-44,-38,-44,-36,-42,-36,-42,-34,-42,-36,-40,-34,-40,0,0,-32,-38,-34,-40,-34,-42,-34,-40,-38,-42,-38,-44,-38,-44,-38,-44,-36,-42,-38,-42,-38,-40,-36,-38,-34,-36,-34,-32,-32,-34,-34,-34,-34,-32,-36,-32,-40,-34,-40,-36,-42,-36,-44,-40,-46,-44,-48,-48,-46,-50,-42,-52,-38,-54,-31,-50]"
CSI_DATA,56128,d8:b1:90:d9:de:f0,-51,9,-99,-35,52,116,825866145,318,0,106,0,"[-5,17,-3,18,20,18,-94,18,84,18,132,18,-161,18,57,18,-85,18,11,18,-25,18,-12,17,12,0,-23,17,25,0,10,18,12,0,118,18,-26,18,-42,18,-65,18,143,0,-103,18,-11,0,-109,18,75,1,0,0,0,0,-47,18,110,1,-7,18,22,1,47,0,-137,0,91,0,-37,18,115,0,67,18,112,0,-76,17,98,0,-124,17,80,0,-117,17,54,0,-66,17,42,0,25,18,8,0,-152,18,-1,18,28,0,18,0]"
CSI_DATA,56129,d8:b1:90:d9:de:f0,-47,11,-99,-36,49,116,825878748,100,0,114,0,"[16,47,14,51,12,54,12,56,12,58,10,56,9,56,9,53,9,47,7,45,9,45,9,45,10,43,10,43,12,43,16,45,16,47,18,49,20,49,20,49,21,47,23,49,21,47,25,47,23,45,23,43,23,43,25,43,0,0,29,42,29,40,29,42,32,43,34,42,36,42,36,42,38,42,40,40,38,38,38,36,38,34,38,31,38,29,38,27,38,25,40,23,42,21,42,20,45,23,49,23,53,25,54,27,58,29,60,31,56,32,53,32,47,32]"
CSI_DATA,56130,d8:b1:90:d9:de:f0,-47,11,-99,-34,48,116,825889249,100,0,114,0,"[-3,50,-7,56,-13,58,-17,58,-19,58,-21,56,-21,54,-21,52,-21,48,-21,44,-21,44,-19,44,-21,42,-19,44,-19,44,-21,46,-21,48,-21,48,-23,50,-23,52,-21,50,-21,52,-21,52,-21,50,-21,48,-23,46,-21,46,-21,46,0,0,-21,48,-21,48,-25,48,-23,48,-23,50,-25,54,-25,54,-23,54,-23,54,-23,52,-21,50,-21,50,-19,46,-17,46,-17,44,-17,44,-15,44,-15,46,-15,48,-17,50,-17,52,-19,56,-21,58,-27,62,-29,62,-31,60,-34,54,-34,48]"
CSI_DATA,56131,d8:b1:90:d9:de:f0,-47,11,-99,-33,48,116,825908714,100,0,114,0,"[11,-47,16,-52,24,-54,28,-52,30,-54,32,-50,33,-45,33,-43,32,-41,33,-37,30,-35,32,-35,32,-33,32,-35,33,-37,33,-37,35,-37,37,-39,39,-39,41,-41,39,-41,41,-39,41,-37,39,-39,41,-35,41,-33,39,-33,39,-33,0,0,39,-32,39,-32,43,-32,43,-32,43,-32,47,-33,47,-33,47,-32,47,-32,47,-32,47,-30,45,-30,43,-28,41,-26,39,-26,39,-26,39,-26,39,-26,43,-28,45,-30,47,-30,50,-32,54,-32,60,-32,60,-28,62,-22,62,-18,58,-13]"
CSI_DATA,56132,d8:b1:90:d9:de:f0,-47,11,-99,-33,48,116,825918727,100,0,114,0,"[-43,24,-50,26,-56,24,-58,24,-58,22,-60,22,-54,22,-54,20,-48,20,-48,20,-45,20,-43,20,-41,22,-41,24,-43,26,-43,30,-43,32,-43,32,-43,33,-41,37,-41,39,-41,39,-39,41,-37,41,-33,37,-32,39,-32,39,-32,41,0,0,-28,45,-28,43,-28,47,-26,47,-26,50,-24,50,-24,52,-22,52,-22,52,-16,50,-15,50,-13,50,-9,50,-7,48,-7,45,-5,48,-1,47,0,48,1,50,1,54,3,56,3,62,5,62,5,69,5,69,3,71,0,65,-1,62]"
CSI_DATA,56133,d8:b1:90:d9:de:f0,-47,11,-99,-34,48,116,825928955,100,0,114,0,"[-7,48,-13,54,-17,56,-21,56,-21,56,-23,56,-23,52,-25,50,-21,48,-21,46,-19,42,-19,44,-17,42,-15,42,-17,46,-15,48,-15,48,-15,50,-15,54,-15,52,-15,56,-13,58,-13,56,-11,54,-11,52,-11,50,-9,52,-9,50,0,0,-7,52,-7,52,-7,56,-5,54,-5,58,-5,58,-3,60,-3,60,-3,56,-1,58,0,56,0,54,1,50,3,50,3,48,5,50,7,48,7,50,9,52,9,54,11,58,13,60,11,62,11,69,9,69,7,69,1,65,0,62]"
CSI_DATA,56134,d8:b1:90:d9:de:f0,-47,11,-99,-33,48,116,825938982,100,0,114,0,"[-35,32,-41,30,-47,32,-48,28,-54,28,-52,26,-52,22,-50,20,-47,20,-45,16,-45,18,-45,16,-45,16,-43,16,-43,16,-45,18,-47,18,-50,20,-50,20,-52,22,-50,22,-50,22,-50,22,-50,22,-50,20,-50,18,-48,20,-47,18,0,0,-45,20,-48,20,-48,20,-48,22,-50,20,-52,22,-50,22,-52,22,-50,24,-50,22,-48,22,-47,22,-47,22,-43,20,-45,22,-41,22,-41,22,-43,24,-41,26,-45,28,-48,30,-50,30,-56,30,-58,28,-60,26,-60,24,-62,20,-58,13]"
CSI_DATA,56135,d8:b1:90:d9:de:f0,-47,11,-99,-33,48,116,825958676,100,0,114,0,"[-45,-15,-48,-22,-48,-26,-48,-30,-47,-35,-45,-37,-41,-37,-39,-39,-33,-35,-33,-35,-30,-33,-30,-35,-30,-35,-30,-35,-32,-37,-32,-39,-32,-39,-32,-41,-33,-45,-33,-43,-32,-45,-32,-45,-32,-47,-30,-45,-28,-45,-28,-47,-28,-45,-24,-45,0,0,-24,-43,-24,-45,-24,-47,-22,-47,-22,-50,-24,-52,-24,-50,-22,-52,-20,-50,-20,-50,-20,-50,-18,-50,-18,-47,-18,-45,-16,-43,-18,-45,-16,-43,-16,-45,-18,-48,-18,-50,-18,-54,-18,-58,-16,-60,-15,-65,-11,-65,-7,-67,-1,-64,3,-60]"
CSI_DATA,56136,d8:b1:90:d9:de:f0,-47,11,-99,-34,48,116,825968802,100,0,114,0,"[-27,-42,-27,-48,-25,-50,-23,-54,-23,-58,-21,-56,-19,-56,-19,-52,-19,-46,-19,-46,-19,-42,-19,-42,-21,-42,-23,-42,-25,-42,-27,-44,-27,-42,-31,-46,-31,-46,-32,-44,-34,-42,-34,-44,-34,-42,-36,-40,-36,-40,-36,-38,-38,-36,-38,-32,0,0,-38,-34,-40,-31,-40,-32,-42,-32,-44,-31,-46,-32,-48,-31,-48,-31,-50,-27,-50,-25,-48,-23,-50,-21,-46,-19,-46,-17,-44,-17,-44,-15,-48,-13,-48,-11,-50,-9,-54,-9,-56,-9,-62,-9,-63,-9,-67,-9,-67,-11,-67,-13,-65,-15,-58,-19]"
CSI_DATA,56137,d8:b1:90:d9:de:f0,-47,11,-99,-33,48,116,825988800,100,0,114,0,"[0,-50,5,-54,9,-58,11,-58,13,-60,15,-56,16,-56,18,-50,16,-50,16,-47,16,-47,16,-47,16,-45,16,-45,16,-47,15,-48,13,-47,16,-50,15,-48,16,-52,16,-50,16,-54,16,-52,16,-52,16,-52,16,-50,15,-50,16,-48,0,0,13,-48,16,-50,13,-48,15,-52,16,-50,16,-54,15,-54,16,-54,15,-54,15,-54,13,-52,13,-48,11,-48,11,-47,9,-47,9,-47,7,-47,9,-45,7,-50,9,-52,9,-54,11,-58,13,-62,16,-67,20,-67,20,-65,26,-62,28,-54]"
CSI_DATA,56138,d8:b1:90:d9:de:f0,-47,11,-99,-33,48,116,826001103,100,0,114,0,"[-48,-1,-52,-5,-56,-11,-58,-15,-56,-18,-56,-20,-52,-24,-48,-22,-45,-20,-43,-22,-41,-20,-39,-22,-39,-20,-39,-22,-41,-22,-43,-22,-43,-22,-45,-24,-47,-26,-45,-26,-47,-28,-47,-28,-47,-28,-47,-28,-43,-28,-43,-28,-43,-28,-41,-28,0,0,-41,-28,-41,-30,-43,-32,-43,-30,-45,-32,-45,-33,-45,-33,-43,-33,-45,-33,-43,-32,-41,-33,-39,-32,-37,-30,-39,-28,-37,-28,-37,-28,-37,-28,-37,-28,-39,-30,-41,-32,-45,-33,-47,-37,-47,-39,-48,-47,-48,-50,-45,-52,-39,-52,-32,-52]"
CSI_DATA,56139,d8:b1:90:d9:de:f0,-47,11,-99,-33,48,116,826018739,100,0,114,0,"[39,-28,45,-28,48,-26,52,-26,54,-26,54,-24,52,-22,52,-20,47,-22,45,-20,43,-20,43,-20,41,-20,41,-24,41,-24,41,-26,41,-30,41,-30,43,-32,43,-35,45,-35,43,-37,41,-37,41,-37,39,-35,37,-35,35,-37,35,-37,0,0,32,-39,32,-39,32,-41,32,-41,32,-43,32,-45,30,-47,30,-48,30,-48,26,-48,24,-48,24,-45,18,-43,18,-45,18,-43,16,-45,15,-43,13,-47,13,-48,13,-52,11,-56,13,-60,13,-64,15,-65,16,-65,18,-65,22,-62,22,-54]"
CSI_DATA,56140,d8:b1:90:d9:de:f0,-47,11,-99,-33,48,116,826038711,100,0,114,0,"[-7,48,-13,54,-18,56,-20,56,-22,56,-24,54,-26,50,-26,47,-24,45,-24,43,-24,39,-24,41,-22,39,-22,41,-22,41,-22,43,-24,43,-24,45,-24,47,-26,48,-26,47,-26,48,-26,48,-26,48,-26,45,-24,45,-24,45,-24,45,0,0,-24,43,-24,45,-26,45,-26,47,-26,47,-26,50,-28,50,-28,48,-28,48,-26,48,-24,47,-24,47,-22,45,-20,43,-20,43,-20,43,-20,43,-18,43,-20,47,-22,48,-24,52,-28,56,-28,60,-32,60,-35,60,-37,56,-39,52,-41,47]"
CSI_DATA,56141,d8:b1:90:d9:de:f0,-47,11,-99,-36,49,116,826049303,100,0,114,0,"[9,-47,12,-51,18,-53,18,-54,20,-54,20,-54,18,-51,20,-49,14,-45,14,-45,14,-43,12,-42,10,-42,9,-42,9,-45,7,-47,5,-47,5,-47,1,-51,1,-49,0,-53,-1,-53,-1,-53,-3,-53,-3,-49,-5,-49,-5,-49,-7,-49,0,0,-10,-47,-9,-47,-12,-49,-14,-49,-16,-51,-18,-51,-20,-51,-21,-51,-21,-51,-21,-49,-23,-47,-23,-45,-25,-42,-27,-40,-25,-38,-29,-38,-29,-34,-31,-34,-34,-34,-38,-38,-42,-38,-43,-40,-45,-42,-47,-45,-47,-47,-47,-47,-42,-47,-38,-47]"
CSI_DATA,56142,d8:b1:90:d9:de:f0,-47,11,-99,-36,49,116,826068766,100,0,114,0,"[18,43,16,49,14,51,12,54,9,56,9,54,7,54,7,51,7,47,7,45,7,43,9,43,9,42,9,42,12,45,12,45,12,45,12,45,16,47,16,47,18,49,20,49,20,47,20,45,21,45,20,45,21,43,21,43,0,0,23,42,23,42,25,43,27,43,27,43,29,45,32,43,32,45,34,43,34,43,34,42,34,40,32,36,32,36,32,34,34,32,34,31,36,31,40,32,42,32,45,34,47,36,49,38,53,42,53,45,51,45,45,47,38,45]"
CSI_DATA,56143,d8:b1:90:d9:de:f0,-47,11,-99,-34,48,116,826078833,100,0,114,0,"[-23,-42,-21,-48,-19,-52,-17,-56,-17,-58,-15,-56,-11,-56,-9,-52,-9,-48,-7,-48,-7,-46,-7,-46,-7,-44,-7,-46,-9,-46,-9,-48,-11,-48,-11,-48,-13,-50,-13,-50,-13,-54,-15,-54,-13,-54,-15,-52,-11,-50,-13,-50,-13,-50,-13,-48,0,0,-13,-52,-13,-50,-15,-52,-17,-52,-17,-54,-15,-56,-19,-56,-17,-58,-19,-56,-19,-58,-19,-54,-19,-52,-19,-48,-19,-46,-19,-44,-21,-46,-21,-44,-21,-46,-23,-46,-25,-50,-27,-56,-27,-58,-27,-62,-27,-65,-25,-67,-21,-69,-17,-67,-11,-62]"
CSI_DATA,56144,d8:b1:90:d9:de:f0,-47,11,-99,-36,49,116,826098874,100,0,114,0,"[20,43,20,49,18,53,18,54,14,54,16,53,14,51,12,49,14,45,14,43,14,42,16,42,18,40,20,40,23,40,25,42,27,40,27,40,31,42,32,38,32,40,34,40,36,38,38,38,36,34,36,31,38,31,38,29,0,0,40,27,40,25,43,25,45,23,47,23,47,21,49,21,51,21,51,20,51,16,51,12,51,10,49,9,49,7,45,3,47,3,45,0,47,-1,49,-1,53,-3,54,-5,60,-7,60,-7,65,-10,69,-9,69,-7,64,-3,60,-1]"
CSI_DATA,56145,d8:b1:90:d9:de:f0,-47,11,-99,-32,48,116,826110087,100,0,114,0,"[25,-42,31,-43,36,-43,40,-42,42,-40,40,-36,42,-32,40,-31,38,-31,38,-29,36,-27,38,-27,36,-27,36,-27,36,-27,38,-29,36,-29,40,-29,42,-31,42,-32,42,-29,43,-31,43,-31,42,-31,43,-29,42,-27,42,-29,40,-27,0,0,40,-27,40,-27,42,-27,43,-29,42,-27,45,-29,45,-31,49,-29,47,-29,47,-29,45,-29,43,-27,42,-25,40,-27,40,-27,38,-25,40,-25,38,-27,42,-29,43,-29,47,-31,51,-31,54,-32,58,-32,62,-29,62,-25,64,-20,58,-14]"
CSI_DATA,56146,d8:b1:90:d9:de:f0,-51,9,-99,-34,52,116,826125417,155,0,106,0,"[40,18,151,18,89,18,99,18,-140,18,53,18,-62,18,28,18,12,0,13,18,84,0,6,18,118,0,14,18,113,0,44,18,69,0,124,18,-6,18,-56,18,-86,18,105,0,-144,18,-64,0,148,18,22,1,0,0,0,0,-86,18,62,1,-34,18,-12,0,46,0,150,0,106,0,-59,18,123,0,48,18,119,0,-90,17,85,0,-143,17,52,0,-135,17,23,0,-81,17,-2,18,8,18,-15,18,150,18,7,0,20,0,69,0]"
CSI_DATA,56147,d8:b1:90:d9:de:f0,-47,11,-99,-32,48,116,826138749,100,0,114,0,"[-7,-45,-3,-51,0,-54,5,-56,7,-56,9,-56,12,-51,12,-51,12,-47,16,-43,14,-42,14,-42,12,-42,12,-42,12,-42,12,-45,14,-45,16,-47,18,-51,18,-51,18,-51,20,-49,20,-47,20,-49,21,-45,20,-45,18,-45,20,-43,0,0,20,-43,20,-45,21,-47,23,-45,23,-49,25,-47,27,-47,29,-49,27,-47,27,-47,25,-47,25,-45,23,-45,25,-43,21,-42,23,-43,21,-42,23,-43,25,-43,27,-45,31,-49,32,-51,34,-53,40,-56,42,-54,47,-51,47,-45,45,-38]"
CSI_DATA,56148,d8:b1:90:d9:de:f0,-47,11,-99,-33,48,116,826158959,100,0,114,0,"[1,47,0,50,-3,54,-7,54,-7,58,-9,54,-11,54,-9,48,-9,47,-11,47,-7,43,-7,45,-5,43,-3,45,-3,45,-1,47,-1,48,-1,50,0,52,0,54,0,54,1,54,0,54,3,54,1,52,3,50,3,52,5,48,0,0,7,50,9,50,9,50,11,54,11,54,11,56,13,56,13,56,15,56,15,56,18,52,18,50,18,48,18,47,18,45,20,45,22,45,24,45,24,47,28,50,28,52,32,56,32,58,35,62,32,64,28,64,24,64,20,60]"
CSI_DATA,56149,d8:b1:90:d9:de:f0,-47,11,-99,-33,48,116,826178742,100,0,114,0,"[-7,-45,-3,-48,0,-54,1,-54,3,-58,5,-56,7,-54,9,-50,7,-47,9,-47,9,-45,9,-45,9,-43,9,-43,9,-45,9,-47,9,-47,9,-50,9,-50,9,-52,9,-52,9,-52,9,-52,9,-52,11,-50,11,-50,9,-50,11,-47,0,0,11,-50,11,-50,11,-50,11,-52,11,-52,11,-56,11,-56,13,-58,11,-56,13,-58,11,-54,11,-52,11,-50,9,-50,9,-50,9,-48,7,-48,7,-47,5,-50,7,-54,9,-58,9,-60,13,-64,16,-65,20,-67,22,-64,26,-62,28,-54]"
CSI_DATA,56150,d8:b1:90:d9:de:f0,-47,11,-99,-33,48,116,826198830,100,0,114,0,"[41,24,45,28,47,30,47,32,47,32,45,32,43,33,41,32,41,26,39,26,37,24,39,24,37,22,39,20,39,22,41,18,43,16,47,18,48,18,50,16,50,15,54,15,50,13,52,11,52,11,48,11,52,9,50,7,0,0,52,3,52,3,54,1,56,0,56,-1,58,-1,60,-3,58,-5,56,-7,56,-7,54,-7,54,-9,50,-11,48,-13,47,-15,47,-15,47,-16,47,-20,47,-24,48,-24,50,-28,54,-30,58,-30,65,-30,65,-30,65,-28,65,-26,58,-18]"
CSI_DATA,56151,d8:b1:90:d9:de:f0,-47,11,-99,-36,49,116,826209146,100,0,114,0,"[36,32,38,38,36,42,34,45,34,49,31,47,29,47,25,43,23,42,23,42,23,40,23,38,23,36,25,36,27,38,29,38,29,38,31,42,31,40,31,40,31,40,32,42,31,42,34,42,31,40,32,38,32,38,31,36,0,0,32,36,34,38,34,38,36,40,36,40,36,42,38,42,36,42,38,40,40,38,40,34,38,34,38,34,36,32,36,31,36,29,38,29,38,29,40,31,42,32,45,34,47,38,51,38,54,43,54,47,51,49,45,51,38,47]"
CSI_DATA,56152,d8:b1:90:d9:de:f0,-54,11,-99,-38,55,116,826228855,100,0,228,0,"[-16,6,-15,9,-14,11,-11,13,-7,16,-2,16,0,17,94,-6,8,15,11,13,14,11,16,9,18,6,20,4,20,2,20,1,19,0,17,0,13,0,9,0,3,1,56,5,-5,6,-10,9,-14,12,-16,14,-18,16,-19,18,0,0,-19,19,-19,18,-17,16,-16,13,-13,9,-11,4,101,14,-6,-7,-3,-13,-1,-19,-1,-24,0,-27,0,-30,0,-31,0,-31,-1,-30,-1,-27,-1,-25,-2,-23,-1,-19,0,0,0,-10,1,-4,2,1,5,7,5,12,6,16,5,18,-1,2,0,7,9,7,16,-1,12,-16,-3,-22,-20,-13,-18,24,-9,22,10,21,21,5,16,-11,0,-18,-11,-9,-12,2,-1,8,5,2,2,-6,-8,-7,-15,4,-6,20,12,26,27,3,22,-18,1,-29,-19,-19,-24,0,-15,15,0,0,8,10,8,2,5,0,6,1,11,-1,11,-12,-7,-23,-16,-19,-27,-1,-21,17,-1,26,15,18,19,2,13,-8,3,-10,0,-8,-1,-6,-4,-9,-12,-8,-20,1,-20,4,0,33,26,28,42,1,33,-28,4,-42,-23,-32,-33,-6]"
CSI_DATA,56153,d8:b1:90:d9:de:f0,-54,11,-99,-39,55,116,826239214,100,0,228,0,"[16,9,17,8,18,5,18,1,18,-2,17,-6,15,-9,97,-7,10,-14,7,-17,5,-18,2,-20,-1,-20,-3,-21,-5,-20,-6,-19,-6,-18,-6,-17,-5,-13,-3,-9,1,-5,58,6,9,4,12,7,16,11,18,13,20,15,21,17,0,0,21,18,20,17,18,17,15,16,10,13,5,11,77,0,-8,6,-14,4,-20,2,-25,0,-28,-1,-29,-3,-30,-3,-31,-3,-30,-3,-28,-3,-26,-2,-24,-2,-20,-2,1,15,-11,-2,-5,-3,2,-3,8,-3,13,-2,18,0,19,1,4,-1,6,-6,1,-13,-11,-13,-20,-2,-17,15,-1,24,30,5,24,-2,14,-19,-4,-22,-18,-10,-17,7,-5,15,8,10,9,-1,1,-7,-7,-1,-4,11,10,14,21,1,21,-18,-3,-28,-23,-17,-28,5,-15,23,4,25,18,12,0,0,9,-9,1,-8,0,-5,2,-7,-2,-12,-13,-11,-23,8,-19,17,-4,27,17,22,26,4,20,-13,5,-20,-7,-15,-10,-7,-8,-1,-8,0,-10,3,-11,10,-2,20,-1,20,32,9,34,-18,14,-40,-17,-41,-39,-19,-38,11,-18,29]"
CSI_DATA,56154,d8:b1:90:d9:de:f0,-54,11,-99,-38,55,116,826258759,100,0,228,0,"[-2,18,0,20,1,20,4,19,8,18,11,16,14,12,94,-6,17,6,18,3,19,0,20,-1,19,-3,20,-6,19,-8,18,-9,16,-10,14,-8,11,-7,7,-4,3,-1,56,5,-4,7,-6,11,-10,14,-12,17,-14,20,-15,20,0,0,-16,22,-16,20,-15,18,-14,14,-12,10,-9,5,108,14,-3,-6,0,-14,0,-18,3,-23,5,-26,6,-28,6,-29,7,-29,7,-29,6,-26,5,-25,5,-22,3,-19,111,0,2,-10,1,-3,0,1,-1,7,-3,13,-4,15,-6,17,0,2,5,4,12,-2,8,-14,-3,-20,-19,-12,-23,6,3,32,8,23,22,8,20,-10,5,-20,-11,-15,-16,0,-8,11,3,10,8,0,0,-8,-11,-4,-12,10,0,21,19,19,26,-4,15,-24,-5,-27,-23,-13,-23,5,-10,18,0,0,10,7,7,0,3,0,4,0,10,0,11,-10,-4,-21,-13,-20,-26,-4,-22,13,-5,24,10,20,18,6,14,-4,5,-8,0,-6,1,-5,0,-9,-6,-12,-18,-7,-21,-5,-15,29,8,36,34,23,43,-5,28,-34,0,-39,-23,-25]"
CSI_DATA,56155,d8:b1:90:d9:de:f0,-54,11,-99,-39,55,116,826268996,100,0,228,0,"[17,-6,16,-9,15,-12,11,-14,8,-16,4,-17,-1,-18,97,-7,-8,-15,-12,-14,-15,-12,-17,-9,-19,-7,-20,-5,-21,-3,-21,-1,-20,1,-17,1,-14,1,-9,0,-5,-2,58,6,5,-7,9,-10,13,-14,15,-16,17,-18,18,-20,0,0,18,-21,18,-20,17,-18,15,-16,13,-11,12,-6,-101,0,8,7,6,14,5,19,4,24,4,28,5,30,5,31,5,30,6,30,6,27,7,25,6,23,6,20,35,0,2,11,0,6,-3,0,-6,-6,-8,-11,-10,-15,-10,-17,2,-3,-1,-8,-10,-8,-17,2,-13,16,4,22,20,13,18,-24,9,-22,-10,-21,-21,-5,-17,12,-1,19,12,10,13,-3,2,-9,-6,-3,-3,7,9,7,15,-6,5,-20,-14,-24,-27,-2,-21,20,0,29,20,18,24,-2,13,-16,0,0,-9,-9,-9,-2,-5,0,-7,-1,-11,3,-10,14,10,22,19,17,27,-1,19,-20,-1,-26,-17,-17,-20,-1,-12,10,-3,12,2,9,3,7,6,9,14,6,20,-5,19,-7,-6,-33,-31,-23,-42,5,-28,35,4,43,29,27,34,0]"
CSI_DATA,56156,d8:b1:90:d9:de:f0,-53,11,-99,-39,55,116,826279719,100,0,228,0,"[-18,-6,-19,-6,-21,-3,-20,0,-21,2,-18,5,-18,7,97,-7,-15,12,-13,14,-11,16,-10,18,-9,19,-8,20,-7,20,-6,19,-6,18,-5,16,-5,13,-3,8,-2,3,58,6,1,-9,2,-13,4,-18,7,-21,8,-23,10,-25,0,0,12,-24,13,-23,14,-20,14,-16,13,-11,11,-5,-121,0,4,7,0,13,-5,19,-8,22,-12,24,-15,25,-17,25,-18,24,-19,23,-18,21,-18,19,-16,17,-14,14,59,15,-9,7,-4,2,1,-2,7,-5,12,-7,15,-6,18,-5,-3,0,-6,5,-1,12,10,13,20,3,18,-14,4,-24,-31,-10,-25,-3,-19,15,-3,23,14,17,19,1,11,-13,-3,-14,-10,-5,-6,6,5,7,12,-3,5,-17,-12,-18,-26,-7,-21,17,-4,29,18,23,27,4,21,-13,6,-21,0,0,-12,-5,-8,1,-3,1,-5,-2,-10,1,-12,10,3,21,12,21,25,9,25,-10,12,-23,-6,-23,-16,-12,-16,0,-10,6,-5,5,-4,4,-5,8,0,15,12,17,13,18,31,-13,17,-34,-9,-41,-35,-27,-43,2,-31,27,-6,34]"
CSI_DATA,56157,d8:b1:90:d9:de:f0,-54,11,-99,-38,55,116,826298572,100,0,228,0,"[-15,10,-16,11,-15,13,-13,16,-10,16,-8,18,-4,17,94,-6,0,18,2,18,4,19,7,17,8,18,10,17,11,17,11,16,11,15,9,13,8,11,4,7,0,3,56,5,-5,-4,-10,-8,-11,-13,-14,-16,-14,-19,-14,-21,0,0,-13,-23,-11,-23,-9,-22,-5,-20,-2,-16,1,-11,-2,14,8,0,11,7,12,12,13,18,13,22,13,25,12,27,11,27,10,28,8,26,7,25,5,22,3,19,82,0,1,10,0,4,0,0,0,-6,0,-12,1,-15,3,-17,-1,2,0,7,9,7,16,0,13,-13,0,-22,-16,-17,-27,18,-17,17,0,24,16,14,21,0,11,-15,-2,-16,-11,-6,-9,4,0,8,8,0,4,-11,-9,-12,-20,0,-20,17,0,27,21,19,27,0,18,-19,0,-24,-13,-15,0,0,-10,6,-3,7,0,3,-3,3,-4,9,1,15,19,7,24,0,20,-16,4,-25,-12,-22,-21,-7,-18,5,-8,12,0,11,1,6,1,6,4,7,11,7,20,-1,21,-2,3,-32,-20,-32,-39,-12,-39,16,-20,38,7,38,26,22]"
CSI_DATA,56158,d8:b1:90:d9:de:f0,-54,11,-99,-39,55,116,826308644,100,0,228,0,"[-4,17,-2,19,1,18,4,18,7,17,10,15,13,12,97,-7,16,7,18,4,19,1,19,-1,20,-4,20,-6,20,-7,19,-9,18,-8,15,-7,12,-6,9,-3,5,0,58,6,-4,8,-7,11,-11,15,-13,17,-15,19,-18,20,0,0,-19,20,-19,19,-19,17,-17,13,-15,9,-13,3,94,15,-5,-8,-2,-14,2,-19,5,-24,7,-26,9,-28,10,-29,10,-28,11,-28,10,-26,9,-24,9,-21,8,-19,-124,0,6,-9,5,-4,3,2,0,8,-3,13,-7,17,-8,18,2,3,7,4,12,-2,10,-14,-3,-20,-18,-13,-23,5,3,31,7,23,21,10,21,-8,7,-20,-9,-16,-16,-3,-10,9,2,10,8,0,0,-7,-11,-4,-12,11,0,21,19,20,27,-4,17,-23,-5,-28,-22,-16,-24,4,-13,18,0,0,10,10,9,2,6,0,7,2,12,-1,13,-11,-5,-23,-13,-21,-25,-8,-25,12,-10,25,8,22,18,9,16,-3,9,-8,3,-8,1,-8,0,-10,-8,-13,-19,-9,-18,-7,-18,27,6,37,32,27,44,-1,32,-29,5,-39,-19,-28]"
CSI_DATA,56159,d8:b1:90:d9:de:f0,-54,11,-99,-38,55,116,826318727,100,0,228,0,"[7,-17,6,-19,4,-19,1,-20,-1,-20,-4,-18,-8,-17,94,-6,-13,-12,-15,-11,-17,-8,-18,-5,-19,-4,-20,-2,-21,-1,-21,0,-19,0,-16,0,-13,0,-8,0,-3,0,56,5,7,-3,12,-5,16,-4,21,-6,23,-6,25,-7,0,0,27,-5,26,-4,24,-2,21,-1,17,0,11,2,-107,0,0,7,-8,10,-13,11,-18,12,-23,13,-26,13,-26,13,-27,12,-26,12,-25,11,-23,10,-21,8,-18,7,23,14,-10,3,-4,0,0,0,6,-1,12,-3,14,-3,17,-2,0,-2,-3,-5,-11,0,-13,10,-2,19,13,17,24,1,7,-31,0,-24,-16,-17,-22,0,-13,15,2,19,15,7,12,-5,1,-10,-7,-4,-5,7,7,9,16,-1,10,-17,-5,-26,-24,-11,-26,11,-10,26,10,25,22,9,19,-7,0,0,-3,-11,-5,-4,-3,-1,-1,-4,-7,-6,-15,0,-10,17,-4,23,14,21,25,7,22,-11,8,-21,-6,-18,-12,-7,-11,0,-6,3,-5,2,-6,5,-4,13,4,19,6,21,32,-3,26,-27,0,-41,-28,-33,-42,-6,-34,21,-10,32]"
CSI_DATA,56160,d8:b1:90:d9:de:f0,-53,11,-99,-38,55,116,826328985,100,0,228,0,"[-17,6,-18,8,-17,10,-16,12,-13,14,-11,16,-8,17,94,-6,-1,18,0,18,2,19,5,19,6,19,8,19,10,19,10,17,10,16,8,14,7,11,3,7,0,3,56,5,-5,-5,-9,-8,-10,-13,-14,-16,-15,-19,-15,-21,0,0,-13,-23,-12,-23,-10,-22,-7,-20,-3,-16,0,-11,0,0,8,0,12,6,13,11,15,16,16,21,17,24,16,25,15,25,14,26,12,24,11,23,9,21,7,18,112,0,3,10,0,4,0,0,-1,-6,-2,-12,-1,-15,0,-18,-2,1,0,7,7,9,16,2,16,-10,4,-22,-13,-20,-30,13,-20,14,-3,24,14,17,21,0,13,-13,0,-17,-11,-7,-10,4,0,9,8,1,4,-11,-8,-13,-20,-1,-21,15,0,27,21,19,28,0,19,-19,0,-24,-14,-15,0,0,-10,7,-2,7,0,4,-2,2,-3,9,2,14,20,6,24,0,18,-18,1,-26,-14,-20,-22,-4,-17,8,-6,13,1,11,3,6,2,5,5,6,13,4,19,-4,21,-6,-2,-33,-27,-27,-42,-2,-34,26,-9,42,17,35,32,14]"
CSI_DATA,56161,d8:b1:90:d9:de:f0,-54,11,-99,-39,55,116,826339149,100,0,228,0,"[-11,-15,-14,-15,-16,-14,-18,-11,-19,-7,-19,-3,-19,0,97,-7,-18,7,-16,11,-14,13,-13,16,-11,18,-9,19,-7,20,-5,20,-4,19,-3,17,-2,14,-1,9,-1,4,58,6,-2,-8,-4,-12,-4,-18,-5,-22,-6,-24,-7,-25,0,0,-7,-26,-6,-26,-5,-24,-3,-21,-1,-17,2,-12,34,0,8,0,12,6,15,12,17,16,19,19,20,22,20,22,20,23,20,22,19,20,18,19,17,17,15,15,-92,0,8,8,3,4,-1,0,-6,-5,-9,-9,-11,-11,-11,-14,-2,-2,-8,1,-7,10,3,17,17,12,22,-5,12,-21,-26,-20,-22,-10,-22,10,-7,22,12,18,19,2,12,-12,-2,-14,-11,-4,-6,7,6,7,11,-5,1,-17,-16,-13,-26,2,-14,24,8,28,26,12,25,-9,10,-22,-8,-20,0,0,-12,4,-5,7,-1,4,-4,2,-6,8,1,15,19,9,24,1,19,-18,2,-26,-16,-19,-23,-3,-17,11,-5,15,4,11,5,6,5,5,9,4,14,0,16,-12,17,-14,-16,-28,-36,-11,-38,18,-17,41,15,41,35,19,33,-8]"
CSI_DATA,56162,d8:b1:90:d9:de:f0,-54,11,-99,-38,55,116,826358965,100,0,228,0,"[14,-10,13,-12,12,-14,9,-16,6,-17,2,-17,0,-17,94,-6,-6,-16,-9,-15,-11,-14,-13,-13,-15,-11,-17,-10,-18,-10,-18,-8,-17,-7,-15,-7,-12,-5,-7,-5,-2,-3,56,5,7,0,13,0,17,0,22,1,24,1,26,2,0,0,27,5,26,6,24,7,20,8,15,8,8,9,122,0,-3,9,-11,7,-17,6,-22,5,-27,4,-29,3,-30,1,-31,1,-30,0,-27,0,-25,0,-23,0,-20,0,0,14,-11,-2,-4,-2,0,-2,7,-1,12,0,16,1,18,3,0,-2,-1,-7,-10,-5,-16,3,-10,16,3,21,19,12,20,-23,11,-21,-6,-21,-20,-8,-18,7,-5,18,8,13,13,0,5,-8,-3,-5,-6,4,2,11,15,4,16,-12,4,-27,-18,-20,-28,0,-20,19,0,27,16,17,21,1,0,0,3,-13,-2,-8,-1,-4,-1,-6,-5,-9,-15,-5,-17,15,-13,20,4,26,21,16,26,-1,16,-16,1,-19,-9,-13,-11,-3,-8,0,-7,1,-9,4,-8,11,0,20,0,19,31,7,33,-16,15,-38,-14,-40,-36,-21,-38,5,-21,26]"
CSI_DATA,56163,d8:b1:90:d9:de:f0,-54,11,-99,-38,55,116,826379494,100,0,228,0,"[17,6,19,4,20,2,20,0,20,-4,18,-8,16,-11,94,-6,10,-16,7,-17,4,-19,0,-20,0,-20,-3,-20,-4,-20,-6,-19,-7,-17,-7,-15,-6,-11,-3,-8,0,-3,56,5,5,4,9,9,12,12,15,14,17,16,19,17,0,0,20,18,19,18,17,17,14,16,9,13,5,11,78,0,-6,4,-11,1,-18,-1,-22,-3,-26,-4,-28,-6,-29,-6,-29,-6,-28,-6,-27,-6,-25,-4,-22,-4,-20,-4,-1,13,-10,-2,-5,-1,0,0,6,0,11,1,15,3,17,5,3,0,5,-4,0,-12,-10,-12,-20,0,-15,16,0,23,32,0,24,-4,11,-20,-6,-22,-20,-8,-17,9,-2,17,9,10,11,-2,0,-9,-8,-2,-6,9,7,15,21,2,19,-16,0,-27,-21,-18,-28,3,-16,22,3,24,17,11,0,0,8,-10,0,-7,0,-3,1,-4,0,-9,-8,-12,-19,3,-20,12,-6,25,12,23,25,7,21,-9,6,-17,-4,-14,-8,-6,-7,-1,-6,0,-8,0,-11,8,-6,19,-5,20,28,14,35,-10,21,-35,-8,-42,-34,-25,-39,2,-23,24]"
CSI_DATA,56164,d8:b1:90:d9:de:f0,-54,11,-99,-38,55,116,826398655,100,0,228,0,"[7,-17,5,-19,2,-20,0,-20,-3,-20,-7,-18,-9,-17,94,-6,-15,-11,-17,-9,-18,-5,-20,-3,-21,0,-21,1,-20,3,-19,4,-17,5,-16,5,-12,4,-8,3,-3,0,56,5,5,-5,9,-8,13,-11,16,-12,18,-14,21,-15,0,0,21,-16,21,-16,20,-13,18,-11,15,-7,11,-2,-102,0,1,7,0,11,-4,18,-7,21,-10,24,-11,25,-12,25,-12,27,-11,26,-11,24,-10,23,-9,21,-8,18,-108,14,-4,10,-1,4,0,0,1,-6,3,-11,7,-13,9,-14,0,-2,-3,-5,-11,-1,-12,9,0,20,14,16,24,0,3,-33,-2,-24,-19,-13,-22,4,-9,19,8,17,16,3,11,-9,-1,-11,-9,-1,-3,8,8,7,15,-5,4,-19,-13,-21,-27,0,-21,18,0,29,19,19,25,0,15,-15,0,0,-8,-9,-7,0,-3,0,-3,-2,-9,-1,-13,6,0,20,8,22,22,11,25,-8,11,-22,-5,-22,-16,-10,-15,1,-8,7,-3,6,-1,6,0,8,4,12,16,10,18,10,20,-23,-2,-37,-29,-29,-42,-1,-32,26,-6,39,17,29]"
CSI_DATA,56165,d8:b1:90:d9:de:f0,-54,11,-99,-38,55,116,826409105,100,0,228,0,"[2,-17,0,-18,-1,-18,-3,-17,-7,-17,-9,-14,-12,-13,94,-6,-15,-7,-17,-6,-18,-3,-20,-1,-20,0,-21,2,-20,3,-20,4,-18,4,-16,4,-13,2,-9,1,-4,0,56,5,5,-5,9,-8,15,-9,19,-10,22,-11,23,-11,0,0,25,-9,25,-9,24,-6,22,-3,18,0,13,1,-79,0,0,9,-5,12,-11,14,-16,16,-19,17,-22,16,-24,15,-25,15,-24,14,-24,13,-23,11,-21,9,-19,7,35,14,-10,2,-5,0,0,-2,5,-5,10,-6,14,-5,17,-3,0,-2,-6,-3,-11,1,-8,13,2,19,17,12,23,-3,0,-31,-5,-23,-20,-11,-21,6,-8,18,7,16,15,4,10,-8,0,-10,-7,-1,-2,7,8,6,14,-5,5,-19,-11,-25,-26,-4,-23,15,-4,28,14,22,24,5,18,-11,0,0,-4,-11,-7,-5,-4,-1,-3,-3,-9,-4,-15,2,-6,21,0,24,16,20,27,3,21,-14,6,-22,-8,-18,-15,-7,-12,0,-8,4,-6,4,-5,8,-2,13,8,17,8,16,31,-5,22,-30,-2,-40,-29,-31,-41,-3,-33,22,-9,32]"
CSI_DATA,56166,d8:b1:90:d9:de:f0,-54,11,-99,-38,55,116,826428898,100,0,228,0,"[10,-13,9,-16,6,-18,3,-19,0,-18,-3,-18,-7,-16,94,-6,-13,-11,-15,-9,-18,-6,-18,-3,-20,-1,-20,0,-20,1,-20,3,-19,4,-16,4,-13,3,-8,1,-4,0,56,5,4,-6,8,-9,11,-12,14,-14,16,-17,18,-19,0,0,19,-20,19,-17,18,-17,16,-13,15,-9,12,-4,-81,0,6,6,3,13,0,18,0,23,-2,27,-3,28,-4,30,-4,28,-4,29,-3,27,-2,25,-2,23,-2,20,-65,14,-2,10,-2,5,-2,0,-2,-6,-1,-12,0,-16,0,-18,0,-2,-3,-6,-11,-2,-14,8,-4,19,12,18,23,2,7,-30,0,-24,-17,-15,-22,2,-11,16,4,18,15,6,12,-6,0,-10,-7,-2,-2,7,9,5,14,-6,3,-20,-15,-21,-27,0,-18,21,1,28,20,17,25,-1,14,-16,0,0,-9,-9,-8,-1,-4,0,-5,0,-10,1,-11,10,7,21,13,20,26,4,22,-13,6,-24,-10,-21,-19,-7,-16,4,-7,10,-1,9,0,8,3,10,10,9,20,1,18,0,8,-31,-16,-33,-37,-14,-39,15,-19,38,10,37,28,18]"
CSI_DATA,56167,d8:b1:90:d9:de:f0,-54,11,-99,-39,55,116,826439262,100,0,228,0,"[-9,-16,-12,-16,-14,-14,-16,-12,-18,-10,-18,-6,-19,-3,97,-7,-18,4,-17,8,-16,10,-15,13,-13,15,-12,17,-11,18,-10,18,-9,17,-8,15,-6,13,-5,8,-4,3,58,6,-2,-8,0,-13,0,-18,2,-22,2,-24,3,-26,0,0,4,-27,5,-27,6,-24,7,-21,8,-16,9,-11,124,0,9,4,10,10,10,18,9,22,9,25,8,28,7,29,7,30,6,29,5,27,5,26,4,24,3,21,2,0,0,12,-1,6,-3,0,-4,-6,-4,-11,-2,-16,-1,-18,-3,-1,-8,1,-8,9,1,16,16,13,22,-3,15,-18,-22,-23,-20,-13,-23,6,-11,19,8,20,19,6,15,-9,1,-14,-8,-6,-7,5,3,7,11,-2,5,-15,-12,-16,-26,-5,-20,18,-1,28,20,20,27,0,18,-17,1,-22,0,0,-13,-3,-9,3,-4,3,-6,3,-9,6,-5,15,17,15,22,10,25,-7,14,-23,-5,-25,-19,-14,-20,2,-12,11,-3,12,1,9,4,8,6,8,14,6,20,-4,19,-3,1,-32,-25,-29,-42,-5,-36,24,-12,41,17,37,31,15]"
CSI_DATA,56168,d8:b1:90:d9:de:f0,-54,11,-99,-38,55,116,826449532,100,0,228,0,"[-5,17,-3,19,0,20,3,19,7,19,10,15,13,13,94,-6,17,6,18,2,18,0,18,-4,18,-7,17,-9,16,-11,15,-13,13,-13,11,-12,8,-10,6,-6,3,-1,56,5,0,7,0,13,0,17,-1,21,-1,24,-1,26,0,0,0,28,0,27,0,24,-1,22,-3,17,-4,12,-74,14,-10,0,-12,-5,-14,-11,-17,-14,-19,-19,-20,-20,-20,-20,-21,-21,-21,-19,-20,-18,-19,-16,-18,-15,-15,-13,57,14,-8,-7,-3,-4,1,-1,6,0,10,2,14,6,15,7,0,3,6,4,11,-1,9,-13,-3,-20,-18,-11,-23,5,4,32,9,22,22,6,18,-12,1,-20,-13,-13,-16,1,-6,12,5,9,8,-1,-1,-7,-10,0,-7,13,8,18,25,8,21,-15,2,-28,-19,-21,-28,0,-17,17,0,22,0,0,13,0,7,-5,2,-3,5,-3,6,-7,0,-15,-20,-8,-23,-2,-21,15,-3,27,15,21,23,3,17,-10,4,-15,-3,-11,-6,-6,-7,-4,-10,-2,-14,3,-12,16,-11,15,22,22,38,0,31,-28,2,-42,-25,-33,-39,-6,-29,18]"
CSI_DATA,56169,d8:b1:90:d9:de:f0,-54,11,-99,-38,55,116,826468936,100,0,228,0,"[2,18,4,18,7,18,10,17,13,14,15,10,17,7,94,-6,18,0,17,-2,17,-6,16,-10,15,-13,13,-15,12,-16,10,-17,9,-16,7,-14,5,-12,3,-8,2,-2,56,5,1,7,1,12,2,17,2,21,2,24,3,26,0,0,2,27,2,27,1,24,0,21,0,17,-3,12,-45,14,-9,0,-13,-4,-15,-9,-18,-13,-20,-16,-21,-18,-22,-20,-22,-20,-22,-18,-21,-17,-19,-16,-18,-15,-16,-13,52,14,-8,-8,-3,-4,1,-1,6,0,11,4,14,6,15,8,1,2,6,1,10,-5,3,-15,-10,-16,-22,-3,-19,13,15,28,16,17,23,0,13,-17,-3,-20,-17,-8,-15,6,-2,13,7,6,6,-3,-3,-7,-10,2,-3,15,12,16,27,2,17,-20,-2,-28,-22,-16,-26,4,-13,21,3,21,0,0,13,0,6,-5,2,-3,3,-3,4,-8,0,-15,-21,-6,-24,0,-18,17,-1,26,16,19,23,2,16,-11,3,-15,-3,-11,-6,-6,-6,-3,-9,-2,-13,3,-11,16,-11,15,22,23,36,1,32,-27,5,-43,-25,-35,-38,-8,-30,16]"
CSI_DATA,56170,d8:b1:90:d9:de:f0,-54,11,-99,-38,55,116,826479062,100,0,228,0,"[18,-3,19,-4,20,-6,18,-9,16,-10,14,-13,12,-14,94,-6,7,-17,5,-18,2,-19,0,-20,0,-20,-2,-20,-3,-20,-3,-19,-3,-18,-3,-16,-2,-13,-1,-8,0,-3,56,5,1,7,2,12,2,17,2,21,2,24,1,26,0,0,0,27,-1,26,-3,24,-5,20,-6,15,-7,10,-81,14,-7,-3,-5,-10,-3,-17,-1,-22,0,-26,1,-27,3,-28,5,-28,6,-28,6,-26,7,-24,7,-21,7,-18,76,0,4,-9,2,-3,0,1,-2,6,-6,9,-10,11,-13,11,3,0,3,-6,-3,-11,-15,-6,-19,5,-10,20,6,22,32,-4,23,-7,9,-21,-8,-21,-20,-7,-17,8,-4,16,8,11,12,0,3,-8,-7,-4,-9,7,2,16,17,10,24,-5,11,-24,-8,-26,-25,-12,-26,7,-12,21,4,20,0,0,12,0,6,-5,1,-2,4,0,8,-4,6,-13,-11,-15,-19,-13,-26,0,-18,18,0,25,13,18,20,4,14,-6,5,-8,0,-7,0,-6,0,-9,-5,-12,-17,-8,-18,-9,-20,23,0,36,26,32,41,8,37,-19,15,-34,-7,-33]"
CSI_DATA,56171,d8:b1:90:d9:de:f0,-54,11,-99,-38,55,116,826490240,100,0,228,0,"[0,-19,0,-20,-1,-20,-4,-21,-7,-19,-9,-18,-12,-15,94,-6,-15,-11,-17,-7,-18,-5,-18,-2,-20,0,-20,0,-21,0,-20,2,-19,2,-16,1,-13,1,-8,0,-3,0,56,5,7,-1,12,-2,17,-3,21,-4,23,-4,25,-4,0,0,27,-1,26,0,24,0,21,1,17,3,10,5,-102,0,-1,7,-9,7,-15,7,-20,7,-25,7,-27,6,-29,5,-29,3,-29,2,-27,2,-25,1,-22,0,-20,0,-1,13,-11,-1,-4,-1,0,0,6,0,12,2,13,4,16,5,0,-3,-5,-4,-11,1,-10,13,1,19,17,14,23,-2,0,-34,-4,-24,-20,-12,-22,5,-10,18,6,18,16,5,12,-8,0,-12,-8,-3,-5,7,6,10,15,0,10,-17,-5,-25,-24,-11,-26,9,-11,25,9,25,22,10,20,-6,0,0,-2,-13,-5,-6,-3,-2,0,-4,-5,-7,-14,-3,-12,14,-9,21,7,24,22,13,24,-4,14,-18,0,-19,-9,-11,-10,-1,-7,1,-6,1,-8,3,-8,11,-1,19,0,21,31,9,33,-14,17,-37,-10,-41,-34,-25,-38,2,-24,23]"
CSI_DATA,56172,d8:b1:90:d9:de:f0,-54,11,-99,-38,55,116,826508650,100,0,228,0,"[-11,-14,-14,-12,-16,-10,-18,-7,-18,-3,-19,0,-16,4,94,-6,-12,11,-10,14,-8,16,-4,18,-1,19,0,20,2,20,4,20,5,19,5,16,5,13,3,8,0,5,56,5,-6,-3,-11,-6,-14,-9,-18,-10,-21,-12,-23,-12,0,0,-24,-13,-23,-12,-22,-12,-18,-11,-14,-10,-8,-10,-102,14,3,-9,10,-8,15,-8,20,-9,24,-9,26,-10,27,-11,27,-11,27,-11,24,-11,23,-11,20,-10,17,-9,-22,0,10,-4,6,0,1,2,-3,5,-7,9,-10,11,-13,12,-2,-1,-7,1,-5,10,5,15,17,7,20,-8,6,-22,-29,-11,-23,-2,-17,16,1,22,16,12,18,-4,6,-15,-6,-11,-10,0,-2,7,7,1,5,-9,-8,-12,-21,0,-19,19,3,27,24,14,27,-6,12,-23,-7,-23,-19,-9,0,0,-6,12,0,8,1,5,0,5,4,9,14,6,17,-15,12,-20,-5,-25,-22,-13,-25,4,-13,19,2,19,12,10,12,0,8,-3,6,-4,6,-8,1,-15,-10,-17,-10,-15,-29,13,-13,34,14,38,38,18,41,-13,19,-33,-6,-34]"
CSI_DATA,56173,d8:b1:90:d9:de:f0,-54,11,-99,-38,55,116,826518747,100,0,228,0,"[4,-17,3,-19,0,-20,-2,-19,-5,-18,-9,-15,-11,-13,94,-6,-16,-7,-17,-3,-18,0,-18,2,-19,5,-19,7,-18,10,-16,10,-15,11,-13,10,-10,8,-7,5,-4,1,56,5,0,-7,2,-12,4,-16,6,-20,7,-23,7,-25,0,0,8,-26,8,-25,8,-23,8,-20,8,-15,8,-10,103,0,9,2,10,9,10,15,11,20,12,23,11,26,11,27,11,27,12,26,11,25,11,24,10,21,8,18,122,0,4,11,0,5,-2,0,-5,-3,-8,-8,-10,-11,-9,-14,0,-2,-5,-4,-11,1,-9,12,1,19,18,12,23,-4,-1,-32,-8,-22,-22,-8,-20,10,-4,20,11,14,16,0,8,-11,-3,-10,-8,0,0,7,10,1,9,-11,-4,-19,-23,-13,-23,10,-8,27,14,24,26,6,21,-12,5,-21,0,0,-12,-3,-8,2,-4,2,-5,1,-8,5,-4,15,16,15,21,9,24,-7,12,-23,-6,-24,-20,-11,-20,3,-10,12,0,12,2,9,4,7,8,6,14,1,17,-9,16,-9,-11,-30,-33,-17,-39,11,-23,37,7,42,31,24,34,-1]"
CSI_DATA,56174,d8:b1:90:d9:de:f0,-54,11,-99,-38,55,116,826528783,100,0,228,0,"[17,6,19,6,20,4,20,2,20,0,19,-1,18,-5,94,-6,15,-10,14,-11,12,-13,11,-15,10,-17,9,-18,8,-18,6,-18,6,-18,5,-15,4,-12,3,-8,2,-3,56,5,0,7,-2,12,-4,16,-7,19,-10,22,-12,23,0,0,-14,23,-15,21,-16,18,-15,14,-13,10,-11,4,93,14,-3,-6,0,-12,4,-17,8,-20,12,-22,15,-23,17,-23,18,-22,19,-21,18,-19,18,-18,17,-15,15,-12,-36,0,9,-5,5,-2,0,0,-4,3,-9,4,-13,4,-16,3,3,0,5,-4,1,-11,-8,-13,-19,-4,-19,11,-5,23,31,13,24,4,19,-13,3,-22,-12,-17,-19,-1,-12,11,0,15,10,5,7,-5,-2,-7,-10,0,-6,14,9,18,24,7,22,-14,5,-27,-14,-23,-26,-6,-21,11,-6,20,0,0,11,5,8,0,3,-1,3,0,9,0,12,-8,-1,-20,-8,-21,-22,-11,-24,6,-14,20,1,22,13,13,16,1,10,-4,5,-5,4,-5,3,-8,0,-13,-11,-16,-11,-16,-29,11,-17,32,7,40,32,28,42,0,31,-24,7,-33]"
CSI_DATA,56175,d8:b1:90:d9:de:f0,-54,11,-99,-38,55,116,826548778,100,0,228,0,"[15,-11,16,-13,15,-15,14,-16,12,-18,9,-19,7,-19,94,-6,1,-19,0,-19,-1,-19,-3,-19,-5,-19,-6,-20,-7,-20,-8,-19,-8,-18,-6,-16,-5,-13,-3,-8,-1,-3,56,5,0,6,0,12,0,17,1,21,0,24,0,26,0,0,-3,27,-5,26,-6,23,-7,20,-7,14,-7,8,-96,14,-4,-4,0,-11,2,-16,5,-20,8,-23,11,-25,13,-25,15,-24,16,-23,16,-20,15,-18,15,-16,14,-13,-71,0,8,-6,4,-2,0,0,-6,1,-11,2,-16,2,-18,0,3,-1,0,-8,-7,-9,-17,-1,-16,11,-3,22,13,20,30,-15,20,-14,3,-24,-14,-18,-21,-2,-15,13,0,18,11,9,12,-2,1,-10,-9,-4,-9,8,2,16,18,10,23,-6,11,-24,-8,-27,-25,-12,-26,7,-12,21,3,21,0,0,13,0,6,-5,0,-2,3,0,9,0,10,-10,-4,-17,-13,-18,-25,-5,-22,11,-8,23,6,21,15,9,14,-1,8,-6,2,-6,2,-4,4,-7,0,-13,-9,-16,-11,-19,-30,9,-20,30,4,40,30,29,41,4,33,-20,11,-31]"
CSI_DATA,56176,d8:b1:90:d9:de:f0,-54,11,-99,-38,55,116,826568703,100,0,228,0,"[14,-10,13,-12,11,-14,8,-16,5,-18,1,-17,-1,-18,94,-6,-8,-14,-11,-13,-13,-11,-17,-8,-18,-5,-20,-4,-20,-2,-20,0,-19,0,-17,0,-13,0,-9,0,-4,0,56,5,5,-5,10,-7,14,-9,18,-11,21,-12,22,-13,0,0,23,-14,23,-12,21,-11,20,-8,16,-5,13,-1,-80,0,5,8,0,13,-1,18,-4,22,-6,25,-8,27,-9,27,-9,28,-8,27,-8,25,-7,24,-6,22,-6,19,-48,14,-5,10,-3,4,-3,0,-1,-6,0,-11,1,-15,3,-17,1,-2,-1,-7,-10,-6,-15,3,-9,16,5,20,21,9,16,-26,7,-22,-11,-20,-22,-3,-15,12,0,19,12,10,13,-3,2,-9,-6,-3,-3,6,7,7,15,-3,7,-18,-10,-25,-25,-6,-23,15,-4,28,15,21,24,3,17,-13,0,0,-6,-11,-8,-4,-5,0,-5,-1,-10,-1,-13,7,1,22,8,21,23,10,25,-8,11,-23,-5,-22,-17,-9,-16,1,-8,8,-2,8,0,8,1,10,8,11,19,5,17,4,12,-29,-11,-34,-36,-19,-41,9,-24,34,4,38,25,22]"
CSI_DATA,56177,d8:b1:90:d9:de:f0,-54,11,-99,-37,55,116,826578777,100,0,228,0,"[2,-17,0,-19,-1,-19,-4,-18,-8,-17,-10,-15,-13,-12,91,-6,-16,-5,-17,-2,-17,0,-18,2,-18,5,-18,7,-17,9,-16,10,-16,11,-13,10,-10,8,-7,5,-3,1,54,5,3,-6,6,-11,8,-15,11,-17,12,-19,14,-21,0,0,14,-22,15,-21,14,-19,13,-16,12,-12,10,-6,-109,0,6,6,4,12,2,18,1,21,0,25,0,27,-1,28,-1,28,-1,29,-1,26,0,25,0,22,-1,19,-6,14,-1,11,-1,5,-1,0,0,-5,0,-11,0,-15,1,-16,0,-2,-5,-4,-12,1,-9,13,3,19,18,11,22,-6,-3,-31,-8,-22,-22,-7,-19,11,-4,19,12,15,16,0,8,-11,-3,-10,-8,0,0,8,10,3,11,-11,-1,-19,-19,-15,-25,7,-13,24,9,26,23,11,22,-7,9,-19,0,0,-11,-6,-8,0,-3,1,-4,0,-9,1,-9,11,8,18,15,16,24,2,19,-16,3,-25,-12,-18,-18,-4,-14,6,-5,9,0,8,0,7,3,9,10,9,19,1,18,0,7,-30,-16,-32,-37,-14,-38,15,-18,36,9,37,27,18]"
CSI_DATA,56178,d8:b1:90:d9:de:f0,-54,11,-99,-37,55,116,826588909,100,0,228,0,"[17,0,19,-1,19,-3,18,-7,16,-9,14,-12,11,-14,91,-6,4,-16,1,-17,0,-18,-3,-18,-5,-17,-7,-18,-9,-18,-10,-17,-11,-16,-9,-14,-7,-11,-4,-8,-1,-4,54,5,6,3,10,7,13,11,16,14,17,16,18,16,0,0,17,19,16,18,15,18,12,16,8,15,2,12,27,0,-7,4,-13,0,-16,-2,-20,-6,-23,-9,-25,-11,-26,-13,-25,-13,-25,-13,-23,-13,-21,-12,-18,-11,-16,-10,42,14,-9,-7,-3,-4,1,-1,5,1,10,5,12,8,13,11,2,0,3,-6,-3,-12,-14,-7,-18,5,-9,19,8,21,31,-6,21,-10,6,-21,-12,-18,-19,-3,-15,12,0,16,10,9,10,-2,0,-8,-8,0,-4,10,9,12,20,0,17,-18,-2,-26,-22,-16,-27,4,-15,21,3,23,16,13,0,0,9,-9,1,-8,0,-4,1,-4,0,-10,-7,-12,-20,2,-20,8,-10,23,8,23,21,12,21,-4,11,-15,0,-16,-7,-8,-7,-3,-7,-2,-10,0,-13,5,-10,16,-10,16,22,21,35,1,31,-25,7,-41,-21,-35,-36,-12,-31,12]"
CSI_DATA,56179,d8:b1:90:d9:de:f0,-53,11,-99,-39,55,116,826598986,100,0,228,0,"[17,-9,18,-11,17,-12,15,-15,12,-16,9,-18,5,-17,97,-7,-1,-19,-4,-19,-7,-18,-10,-18,-12,-17,-13,-17,-15,-16,-15,-15,-15,-14,-13,-12,-11,-10,-7,-7,-2,-4,58,6,8,3,12,5,16,9,18,12,20,14,22,16,0,0,22,18,20,19,17,19,14,18,9,16,3,13,41,0,-8,5,-14,1,-19,-4,-22,-7,-25,-11,-26,-14,-26,-15,-26,-16,-25,-16,-23,-16,-21,-15,-19,-14,-17,-13,63,15,-8,-8,-3,-5,3,-1,7,3,10,8,11,11,11,15,3,-2,1,-8,-8,-9,-17,-1,-15,14,-2,23,17,18,28,-18,18,-18,-1,-25,-18,-15,-22,3,-11,17,5,17,14,6,10,-7,-2,-9,-9,1,-2,12,13,11,21,-4,15,-23,-8,-27,-26,-13,-28,10,-13,25,7,25,19,12,0,0,9,-11,1,-9,-1,-5,2,-5,0,-10,-9,-13,-21,3,-22,10,-11,24,8,26,23,13,24,-5,14,-17,1,-17,-6,-11,-7,-5,-7,-4,-10,-2,-15,4,-14,16,-14,15,21,26,38,8,37,-20,16,-42,-15,-42,-35,-21,-34,5]"
CSI_DATA,56180,d8:b1:90:d9:de:f0,-53,11,-99,-39,55,116,826609293,100,0,228,0,"[-2,-19,-5,-20,-8,-20,-11,-18,-14,-16,-15,-12,-17,-9,97,-7,-18,-1,-19,2,-18,6,-18,9,-17,12,-16,15,-14,16,-13,17,-12,17,-10,15,-7,13,-5,8,-3,3,58,6,0,-8,1,-13,2,-18,3,-22,4,-25,4,-27,0,0,4,-28,4,-27,5,-25,6,-22,6,-17,7,-12,90,0,9,3,10,9,12,15,12,20,14,24,14,26,13,27,14,27,14,27,13,25,12,23,11,22,10,19,114,0,5,11,1,5,-3,0,-6,-5,-8,-10,-10,-13,-9,-15,-1,-4,-7,-3,-11,6,-5,16,10,18,22,6,21,-13,-14,-30,-16,-20,-25,-1,-16,17,2,22,17,11,17,-6,5,-14,-7,-8,-8,3,2,8,12,-1,7,-15,-10,-19,-27,-7,-22,17,-3,29,20,22,28,1,19,-18,1,-22,0,0,-14,-2,-8,5,-3,4,-5,2,-8,7,-3,16,18,13,23,9,24,-10,11,-25,-10,-24,-21,-11,-20,6,-10,13,0,13,4,9,5,7,8,7,15,3,18,-9,18,-10,-11,-31,-34,-19,-41,10,-25,37,6,43,31,27,36,-1]"
CSI_DATA,56181,d8:b1:90:d9:de:f0,-54,11,-99,-37,55,116,826629001,100,0,228,0,"[-16,7,-17,9,-16,11,-14,14,-10,15,-8,16,-3,16,91,-6,2,17,5,16,8,16,11,15,13,14,16,13,16,13,17,11,16,9,15,8,12,6,8,4,3,2,54,5,-7,0,-12,-1,-16,-3,-20,-4,-22,-4,-24,-5,0,0,-25,-6,-24,-7,-22,-8,-18,-8,-15,-8,-9,-8,-116,14,3,-7,10,-7,16,-6,21,-5,25,-4,27,-4,28,-3,28,-3,28,-3,26,-2,24,-2,22,-2,19,0,-3,0,11,0,5,0,0,1,-6,2,-12,1,-15,0,-17,0,-2,1,0,7,7,9,16,0,15,-12,0,-22,-16,-16,-24,18,-15,18,3,23,18,12,20,-4,7,-17,-7,-15,-13,-2,-7,8,3,7,8,-2,0,-11,-15,-6,-17,9,-6,25,16,21,27,3,21,-16,2,-26,-15,-18,-21,-1,0,0,-2,13,2,8,2,3,0,4,4,8,13,6,15,-13,13,-18,-3,-24,-19,-16,-24,1,-15,16,0,18,9,12,11,3,8,0,7,-1,8,-4,7,-12,0,-19,-1,-18,-31,-3,-30,20,-9,39,19,36,38,15,35,-13,16,-29]"
CSI_DATA,56182,d8:b1:90:d9:de:f0,-54,11,-99,-37,55,116,826648962,100,0,228,0,"[12,13,15,13,16,12,17,9,17,6,17,3,17,0,91,-6,16,-5,16,-7,15,-10,14,-13,13,-15,12,-16,11,-16,11,-16,9,-16,8,-15,6,-12,5,-7,2,-2,54,5,0,7,-2,13,-5,16,-7,18,-9,21,-11,22,0,0,-13,23,-14,21,-14,18,-14,15,-12,11,-11,6,95,14,-5,-7,-2,-13,0,-17,4,-21,7,-25,10,-26,10,-26,12,-25,12,-25,12,-23,11,-21,11,-19,10,-16,-103,0,7,-8,4,-3,0,1,-2,6,-6,10,-10,11,-12,11,2,1,7,-1,5,-10,-3,-16,-16,-10,-21,4,-13,19,23,20,20,12,22,-6,10,-19,-6,-19,-17,-6,-14,8,-2,14,7,7,6,-3,-2,-7,-10,0,-7,14,8,18,24,9,22,-13,6,-27,-14,-24,-26,-7,-21,11,-7,19,0,0,12,5,8,0,4,0,4,0,9,-1,11,-10,-6,-19,-12,-19,-23,-6,-22,11,-9,22,7,21,16,10,15,0,9,-7,3,-7,2,-7,0,-10,-4,-13,-16,-11,-16,-10,-22,21,-3,36,23,33,40,11,36,-16,16,-35,-8,-32]"
CSI_DATA,56183,d8:b1:90:d9:de:f0,-53,11,-99,-39,55,116,826659796,100,0,228,0,"[-12,-15,-14,-15,-16,-14,-18,-11,-18,-7,-19,-3,-19,1,97,-7,-17,8,-16,10,-14,14,-12,16,-11,18,-10,19,-9,21,-7,21,-5,21,-4,18,-3,15,-3,10,-2,4,58,6,-1,-8,-2,-14,0,-19,0,-23,-1,-25,0,-28,0,0,1,-29,1,-28,2,-26,3,-22,5,-18,6,-12,84,0,9,1,10,10,11,14,12,19,12,25,13,27,13,28,11,28,11,27,11,26,10,25,9,22,7,19,74,0,2,12,-1,5,-3,0,-4,-7,-6,-13,-5,-15,-5,-18,-3,-3,-8,0,-7,10,3,18,17,13,23,-4,13,-21,-25,-22,-23,-11,-23,9,-8,22,10,20,19,5,13,-11,0,-14,-9,-6,-6,5,5,7,12,-5,3,-16,-15,-16,-28,-1,-18,22,4,30,24,17,29,-4,15,-21,-2,-22,0,0,-14,1,-8,5,-4,4,-5,2,-8,7,-4,16,19,13,24,8,25,-11,11,-24,-9,-25,-21,-12,-20,4,-11,12,0,13,4,8,5,7,7,8,15,4,19,-6,18,-7,-6,-32,-29,-24,-42,1,-32,31,-4,44,23,32,34,8]"
CSI_DATA,56184,d8:b1:90:d9:de:f0,-53,11,-99,-39,55,116,826679528,100,0,228,0,"[18,7,20,6,21,4,21,1,20,-2,19,-5,17,-8,97,-7,11,-14,10,-16,7,-18,5,-19,4,-21,2,-22,1,-22,0,-22,-1,-21,-1,-18,0,-15,1,-9,1,-5,58,6,3,7,4,14,4,17,5,21,5,25,4,27,0,0,2,29,1,27,0,26,-2,22,-4,18,-6,12,-86,15,-9,-2,-10,-9,-10,-15,-11,-21,-11,-25,-10,-28,-9,-30,-8,-29,-7,-29,-6,-27,-5,-25,-4,-23,-3,-20,-20,15,1,-11,2,-5,3,1,3,7,2,13,0,17,-1,19,4,1,7,-5,2,-13,-10,-14,-20,-3,-19,15,-2,25,31,8,26,1,18,-18,0,-24,-17,-15,-20,3,-9,15,4,14,11,2,4,-7,-7,-5,-9,7,2,17,19,12,27,-6,13,-25,-10,-28,-27,-14,-27,9,-12,23,6,22,0,0,14,-2,7,-6,3,-4,5,-3,8,-7,3,-16,-18,-13,-23,-8,-25,10,-12,25,8,26,20,13,20,-3,11,-12,2,-12,-2,-9,-4,-7,-6,-8,-13,-7,-21,2,-20,3,-3,33,22,31,41,10,39,-20,17,-40,-12,-38,-29,-19]"
CSI_DATA,56185,d8:b1:90:d9:de:f0,-54,11,-99,-37,55,116,826689556,100,0,228,0,"[13,13,15,13,16,12,17,10,18,6,18,3,17,0,91,-6,16,-5,16,-7,15,-10,15,-12,14,-14,14,-16,13,-16,11,-16,11,-16,10,-14,8,-11,6,-7,3,-2,54,5,-1,7,-5,12,-7,15,-10,17,-12,20,-15,21,0,0,-16,20,-16,18,-16,16,-16,12,-15,8,-11,2,92,14,-3,-7,0,-13,4,-16,9,-20,12,-22,15,-23,16,-23,16,-22,17,-21,17,-19,16,-18,16,-16,14,-13,-64,0,9,-6,5,-1,0,1,-4,5,-8,7,-13,7,-16,7,3,1,7,-1,6,-10,-4,-16,-16,-10,-22,4,-12,19,23,22,21,12,23,-7,10,-19,-6,-20,-17,-7,-15,7,-2,14,7,7,7,-3,-1,-7,-11,0,-9,13,6,19,23,12,25,-11,10,-26,-11,-25,-25,-10,-23,7,-10,19,0,0,11,8,8,0,4,0,4,1,10,0,12,-7,-1,-21,-8,-21,-21,-11,-24,6,-13,19,2,22,14,13,15,1,10,-4,5,-5,3,-6,3,-10,-1,-15,-13,-15,-14,-14,-28,15,-13,33,12,38,35,21,41,-6,26,-28,1,-33]"
CSI_DATA,56186,d8:b1:90:d9:de:f0,-54,11,-99,-37,55,116,826709062,100,0,228,0,"[-3,17,-1,20,0,20,3,19,6,18,9,16,12,13,91,-6,16,7,17,3,17,0,18,-1,19,-4,19,-7,18,-9,17,-9,16,-10,14,-9,11,-8,7,-4,3,0,54,5,-2,7,-6,12,-8,16,-11,17,-13,19,-14,21,0,0,-14,22,-15,21,-14,19,-13,16,-12,12,-10,6,101,14,-6,-6,-4,-12,-3,-17,-2,-22,0,-25,0,-27,0,-28,0,-28,0,-28,0,-26,0,-25,0,-22,0,-19,18,0,0,-11,0,-5,1,0,1,6,1,11,0,15,0,16,0,2,5,4,12,-1,10,-13,-2,-19,-18,-12,-23,4,2,32,8,23,21,9,20,-9,5,-19,-10,-15,-16,0,-9,11,3,10,8,0,0,-8,-10,-3,-12,10,1,19,19,16,25,-6,13,-24,-8,-27,-24,-12,-23,7,-9,19,0,0,11,6,8,-1,3,0,5,0,9,-1,9,-11,-9,-18,-16,-16,-24,-1,-18,16,-2,24,14,17,18,3,14,-7,5,-10,0,-8,0,-7,-3,-10,-11,-8,-19,0,-19,0,-4,31,19,31,39,9,37,-18,14,-39,-14,-36,-29,-16]"
CSI_DATA,56187,d8:b1:90:d9:de:f0,-54,11,-99,-39,56,116,826729023,100,0,228,0,"[8,-16,8,-17,6,-17,3,-17,0,-17,-3,-16,-6,-16,86,-6,-11,-11,-13,-9,-16,-8,-16,-6,-18,-4,-19,-2,-19,-1,-19,0,-17,0,-16,0,-12,0,-8,0,-3,0,51,5,7,-2,12,-3,16,-4,19,-4,22,-4,24,-4,0,0,24,-2,24,-2,23,0,20,0,16,1,10,4,-89,0,-1,8,-7,9,-12,10,-16,11,-20,11,-23,11,-24,10,-24,10,-24,9,-23,9,-21,8,-19,7,-16,5,15,13,-9,1,-4,0,0,-1,6,-3,10,-4,14,-3,16,-3,0,-2,-3,-6,-11,-2,-13,8,-3,18,12,17,22,4,9,-28,2,-23,-15,-17,-21,0,-13,14,1,17,13,8,12,-4,1,-9,-6,-3,-5,6,6,8,16,0,10,-16,-4,-24,-22,-11,-25,8,-10,24,8,24,20,9,18,-6,0,0,-1,-11,-5,-5,-3,-1,-2,-3,-7,-6,-14,-1,-10,16,-5,21,10,21,23,8,21,-8,8,-18,-4,-17,-11,-8,-11,0,-7,2,-6,3,-7,6,-4,12,5,16,6,17,28,-2,22,-24,0,-37,-25,-29,-38,-6,-31,18,-9,29]"
CSI_DATA,56188,d8:b1:90:d9:de:f0,-53,11,-99,-39,55,116,826740167,100,0,228,0,"[0,-20,-2,-21,-4,-21,-7,-19,-11,-17,-13,-13,-15,-10,97,-7,-18,-3,-19,0,-19,4,-19,7,-20,10,-19,12,-18,13,-17,14,-15,14,-13,13,-11,11,-7,7,-4,2,58,6,3,-8,6,-13,9,-17,11,-20,12,-23,14,-25,0,0,14,-26,14,-24,14,-22,13,-19,12,-14,12,-8,-123,0,7,5,5,13,4,17,3,23,1,27,0,29,0,30,-1,30,-1,29,-1,28,0,26,0,24,0,20,-2,15,-2,12,-2,4,-3,-2,-2,-8,-1,-14,0,-16,1,-19,0,-4,-6,-5,-12,4,-8,16,7,20,22,10,24,-10,-8,-31,-13,-22,-25,-5,-19,14,-3,22,13,14,17,-2,8,-12,-5,-10,-7,1,1,9,12,2,11,-13,-5,-22,-24,-15,-27,11,-11,28,13,28,27,10,24,-10,9,-21,0,0,-13,-5,-9,1,-5,2,-5,-1,-10,3,-10,13,10,20,17,18,27,1,20,-18,3,-26,-15,-19,-20,-4,-15,7,-5,12,0,9,1,8,4,10,12,10,20,1,20,-1,6,-32,-19,-33,-40,-13,-40,18,-18,39,12,38,29,18]"
CSI_DATA,56189,d8:b1:90:d9:de:f0,-53,11,-99,-39,55,116,826758993,100,0,228,0,"[-1,-20,-3,-21,-6,-20,-9,-19,-12,-16,-14,-13,-16,-9,97,-7,-18,-1,-19,2,-19,6,-19,9,-18,12,-18,14,-17,15,-15,16,-13,16,-11,14,-9,12,-6,8,-3,3,58,6,2,-9,4,-13,6,-18,8,-21,9,-24,10,-26,0,0,10,-28,11,-26,11,-24,10,-20,10,-16,9,-10,118,0,8,4,8,11,7,18,6,23,6,26,5,28,6,29,5,30,5,29,5,27,4,26,5,23,4,20,41,0,1,11,0,6,-2,0,-4,-7,-5,-12,-4,-16,-3,-19,-1,-4,-8,-4,-12,4,-7,16,8,20,23,8,23,-12,-11,-31,-15,-22,-25,-3,-18,16,0,22,16,13,17,-3,6,-13,-6,-9,-8,3,3,8,12,0,9,-15,-8,-21,-25,-11,-25,14,-7,30,17,25,29,6,22,-14,5,-22,0,0,-13,-4,-8,3,-4,2,-5,0,-9,4,-8,14,13,18,21,14,27,-4,17,-22,-3,-27,-18,-16,-21,0,-13,11,-4,12,1,9,3,8,6,9,13,7,20,-4,19,-4,0,-33,-25,-28,-42,-4,-35,26,-8,42,20,35,32,11]"
CSI_DATA,56190,d8:b1:90:d9:de:f0,-54,11,-99,-38,55,116,826769642,100,0,228,0,"[-17,9,-17,10,-16,11,-14,13,-11,16,-7,16,-4,17,94,-6,2,17,5,17,7,16,10,16,11,16,14,15,15,14,14,13,14,12,12,11,10,8,6,6,1,2,56,5,-7,-2,-12,-4,-16,-7,-18,-10,-20,-12,-22,-14,0,0,-21,-15,-20,-16,-18,-16,-14,-16,-9,-13,-4,-11,-73,14,7,-4,13,-1,18,1,21,5,24,7,25,9,26,11,26,12,25,12,23,12,21,11,19,11,16,9,-26,0,8,5,3,3,0,0,-5,-2,-9,-5,-11,-9,-11,-11,-2,2,0,7,9,9,16,0,14,-14,0,-22,-17,-17,-25,18,-16,18,1,24,17,14,21,-3,9,-16,-4,-15,-13,-4,-8,6,2,7,8,-1,0,-11,-13,-9,-20,5,-13,23,10,25,26,10,26,-11,9,-25,-8,-23,-19,-8,0,0,-6,11,0,7,0,3,0,4,0,9,9,11,20,-3,20,-10,8,-23,-9,-24,-22,-9,-21,6,-10,16,0,15,6,9,6,4,6,3,10,0,12,-4,10,-16,10,-16,-22,-22,-36,-1,-32,24,-8,40,19,35,35,14,31,-9]"
CSI_DATA,56191,d8:b1:90:d9:de:f0,-53,11,-99,-39,55,116,826788681,100,0,228,0,"[8,-18,7,-20,4,-20,2,-20,-2,-19,-5,-18,-9,-15,97,-7,-14,-12,-17,-10,-18,-7,-20,-5,-21,-3,-22,-2,-22,-1,-22,0,-21,1,-18,0,-15,0,-10,0,-4,-1,58,6,8,-3,14,-3,18,-4,22,-3,26,-4,29,-3,0,0,29,-1,28,0,27,2,22,3,18,5,11,7,-108,0,-2,9,-9,9,-16,10,-21,10,-26,9,-28,8,-30,8,-29,6,-29,6,-26,5,-25,4,-23,3,-20,2,14,15,-11,-1,-5,-1,1,-2,8,-2,13,-2,17,1,19,3,1,-4,-5,-7,-13,-2,-14,11,-3,21,15,19,25,4,9,-31,1,-26,-18,-18,-24,1,-15,17,2,20,14,10,14,-4,3,-10,-7,-4,-4,7,8,10,18,-2,13,-19,-5,-27,-26,-14,-29,10,-14,27,8,28,22,13,23,-5,0,0,-1,-15,-6,-6,-4,-2,-2,-5,-7,-8,-16,-4,-14,17,-10,23,9,26,24,14,26,-6,14,-20,-1,-21,-11,-12,-12,-2,-9,2,-7,3,-9,6,-7,13,2,21,2,20,33,3,31,-20,12,-40,-18,-39,-39,-18,-38,10,-20,28]"
CSI_DATA,56192,d8:b1:90:d9:de:f0,-54,11,-99,-37,55,116,826799099,100,0,228,0,"[17,8,19,7,19,5,20,1,19,-1,17,-5,15,-8,91,-6,9,-15,6,-16,4,-17,0,-19,0,-20,-2,-20,-4,-20,-6,-19,-7,-18,-6,-15,-5,-12,-3,-8,0,-3,54,5,6,5,10,8,12,13,16,16,17,16,18,18,0,0,19,18,18,18,16,17,13,16,9,14,4,11,55,0,-6,5,-13,2,-17,0,-21,-1,-25,-3,-27,-4,-28,-4,-28,-4,-28,-4,-26,-3,-24,-3,-21,-2,-19,-1,6,14,-11,-1,-4,0,0,0,5,0,11,0,14,1,16,2,3,0,6,-4,1,-13,-10,-13,-20,-1,-16,15,0,25,31,5,24,-1,14,-19,-5,-22,-18,-10,-17,7,-4,16,8,11,10,0,1,-8,-8,-1,-5,11,8,14,20,2,21,-16,-1,-27,-22,-17,-29,3,-16,21,3,24,16,12,0,0,7,-10,0,-8,0,-4,1,-3,0,-9,-9,-11,-19,4,-19,12,-5,24,12,22,23,7,20,-9,7,-17,-4,-15,-9,-6,-8,-1,-7,0,-9,2,-10,10,-3,18,-2,19,30,9,33,-15,16,-36,-14,-39,-36,-19,-37,9,-18,27]"
CSI_DATA,56193,d8:b1:90:d9:de:f0,-54,11,-99,-38,55,116,826818778,100,0,228,0,"[18,5,20,3,20,2,20,0,18,-3,17,-6,14,-10,94,-6,9,-15,6,-16,3,-18,1,-19,0,-20,-2,-21,-4,-20,-5,-19,-5,-18,-4,-15,-4,-12,-2,-8,0,-3,56,5,5,6,7,10,10,14,12,18,13,20,14,22,0,0,13,23,12,23,10,21,7,19,4,16,0,12,17,0,-7,2,-12,-1,-16,-6,-19,-10,-22,-13,-23,-15,-23,-16,-23,-16,-22,-16,-21,-15,-19,-14,-17,-13,-15,-11,47,14,-7,-7,-3,-3,0,0,4,2,8,5,10,9,11,12,3,0,4,-5,0,-12,-12,-11,-20,0,-15,17,1,24,31,2,25,-3,13,-20,-4,-22,-18,-9,-18,7,-5,16,7,10,9,0,0,-8,-7,-1,-6,9,7,15,20,4,23,-13,2,-28,-18,-21,-28,-1,-19,18,0,25,14,15,0,0,10,-7,2,-7,0,-3,2,-3,3,-8,-3,-14,-20,-1,-22,3,-14,19,2,25,19,15,22,0,13,-12,1,-15,-4,-10,-6,-5,-6,-3,-9,-1,-13,3,-12,15,-12,14,20,23,34,4,33,-22,10,-40,-18,-36,-34,-14,-31,10]"
CSI_DATA,56194,d8:b1:90:d9:de:f0,-53,11,-99,-40,55,116,826829091,100,0,228,0,"[19,-9,18,-10,17,-12,15,-14,12,-15,9,-17,6,-17,99,-7,-3,-18,-5,-18,-8,-18,-11,-18,-12,-18,-14,-17,-15,-16,-15,-15,-14,-14,-14,-12,-10,-9,-7,-7,-3,-3,59,6,8,5,11,8,16,11,19,13,20,16,21,18,0,0,20,19,19,20,16,19,14,18,8,16,3,13,28,0,-8,4,-13,0,-18,-5,-22,-9,-23,-12,-24,-14,-24,-16,-25,-17,-24,-16,-22,-17,-20,-16,-18,-14,-15,-13,82,15,-7,-8,-2,-5,1,-1,6,4,8,8,10,13,10,15,4,-2,1,-8,-9,-10,-18,-2,-17,14,-2,24,17,20,27,-17,18,-18,0,-25,-18,-16,-23,2,-11,16,4,17,13,5,9,-6,-3,-8,-8,2,-1,12,14,11,22,-5,16,-23,-9,-28,-26,-14,-29,10,-12,25,7,25,19,11,0,0,9,-11,0,-9,-1,-4,2,-4,2,-10,-8,-14,-21,1,-23,9,-13,23,7,27,22,14,23,-3,13,-16,1,-16,-6,-11,-7,-6,-7,-4,-10,-2,-14,4,-14,15,-13,15,18,26,38,9,38,-19,16,-40,-13,-41,-33,-22,-34,4]"
CSI_DATA,56195,d8:b1:90:d9:de:f0,-53,11,-99,-39,55,116,826839330,100,0,228,0,"[-9,-19,-11,-18,-14,-17,-15,-14,-17,-11,-19,-6,-19,-2,97,-7,-17,6,-17,10,-15,13,-13,16,-11,19,-10,20,-7,21,-6,21,-4,20,-3,18,-2,14,-2,10,-1,4,58,6,-2,-9,-3,-14,-3,-20,-5,-23,-5,-26,-6,-28,0,0,-6,-28,-6,-28,-4,-25,-3,-23,0,-18,3,-14,55,0,9,-1,12,5,15,10,18,15,21,18,22,20,22,21,22,21,22,20,21,19,20,17,18,16,16,14,-84,0,8,8,4,5,-1,1,-7,-3,-10,-6,-13,-10,-14,-12,-2,-4,-9,-1,-10,10,0,18,16,15,25,-1,16,-20,-22,-24,-22,-14,-25,7,-10,22,9,21,20,5,14,-10,0,-14,-10,-5,-5,6,7,6,11,-6,1,-18,-18,-14,-29,2,-15,26,8,30,27,14,28,-10,10,-24,-9,-21,0,0,-14,4,-5,7,-1,4,-4,3,-6,8,0,16,20,8,25,1,20,-18,2,-28,-17,-21,-23,-3,-16,12,-4,16,5,12,7,6,7,4,10,3,14,-3,14,-16,13,-16,-20,-25,-37,-5,-34,25,-8,43,22,37,38,13,32,-14]"
CSI_DATA,56196,d8:b1:90:d9:de:f0,-54,11,-99,-38,55,116,826859202,100,0,228,0,"[19,0,20,0,20,-3,19,-6,16,-8,13,-11,10,-13,94,-6,3,-17,0,-18,-1,-18,-4,-20,-6,-19,-8,-19,-10,-18,-10,-17,-10,-15,-9,-13,-7,-10,-4,-7,-1,-2,56,5,7,4,9,7,14,11,16,14,18,16,19,17,0,0,19,19,18,18,16,17,12,17,8,14,3,11,28,0,-6,3,-12,1,-18,-2,-21,-5,-24,-8,-25,-9,-26,-10,-27,-11,-25,-11,-24,-10,-22,-9,-20,-8,-17,-8,39,14,-9,-5,-4,-2,0,0,5,0,9,3,12,7,14,9,3,0,3,-7,-3,-12,-15,-7,-20,6,-9,21,8,23,30,-6,22,-10,7,-23,-11,-20,-21,-3,-14,12,0,17,10,8,9,-3,0,-7,-8,0,-2,11,11,12,21,-1,18,-18,-4,-27,-24,-15,-28,6,-14,23,5,24,18,10,0,0,8,-10,0,-7,-1,-3,1,-3,0,-8,-7,-12,-19,1,-20,9,-10,23,9,24,22,10,21,-5,9,-16,-1,-15,-6,-9,-6,-3,-7,-2,-9,0,-12,6,-9,17,-9,17,24,19,35,-2,28,-29,1,-41,-25,-32,-37,-6,-28,15]"
CSI_DATA,56197,d8:b1:90:d9:de:f0,-51,9,-99,-36,53,116,826872191,98,0,106,0,"[142,0,-24,0,50,0,-23,0,-50,17,-45,0,144,17,-75,0,71,17,-113,0,24,17,-140,0,-4,16,135,0,8,17,113,0,98,17,72,0,-45,17,32,0,125,0,-26,17,-30,0,-84,17,55,1,-130,17,0,0,0,0,40,1,93,17,-43,0,93,17,94,0,129,17,-98,17,-81,17,35,17,21,0,-71,16,112,0,-101,16,-127,0,-87,16,-114,0,-27,16,-112,0,50,17,-132,0,-121,17,107,0,19,0,11,0,132,0]"
CSI_DATA,56198,d8:b1:90:d9:de:f0,-54,11,-99,-38,55,116,826888821,100,0,228,0,"[14,12,15,12,17,10,17,7,17,4,16,1,17,-2,94,-6,15,-8,14,-10,13,-13,12,-14,11,-16,10,-18,10,-18,9,-18,8,-18,7,-15,5,-12,3,-7,1,-1,56,5,-1,7,-4,12,-6,17,-8,19,-11,21,-13,23,0,0,-15,23,-16,21,-16,18,-15,14,-13,9,-11,4,102,14,-4,-6,0,-12,3,-17,6,-21,10,-23,12,-24,14,-25,15,-23,16,-23,15,-21,15,-19,14,-17,12,-14,-99,0,7,-6,4,-3,0,1,-3,5,-7,7,-12,8,-14,7,2,1,7,-1,5,-11,-4,-16,-19,-9,-22,6,-11,22,24,18,22,10,23,-7,9,-20,-8,-19,-17,-5,-14,7,-1,13,7,6,5,-4,-4,-6,-11,2,-6,15,10,19,24,8,24,-14,5,-29,-14,-25,-26,-7,-22,11,-6,21,0,0,11,5,7,-1,2,-1,3,0,8,0,11,-8,-2,-20,-9,-20,-23,-8,-24,7,-12,21,3,22,14,12,16,0,9,-5,5,-6,3,-6,1,-9,-2,-12,-14,-13,-13,-12,-25,17,-9,34,16,35,36,18,38,-10,22,-31,-1,-33]"
CSI_DATA,56199,d8:b1:90:d9:de:f0,-54,11,-99,-37,55,116,826899055,100,0,228,0,"[-16,-9,-17,-7,-18,-5,-19,-2,-17,1,-16,5,-13,8,91,-6,-9,15,-7,16,-4,18,-1,19,0,20,1,21,3,21,4,20,5,19,5,16,5,13,2,8,0,3,54,5,-4,-6,-8,-10,-9,-15,-12,-18,-15,-20,-15,-21,0,0,-15,-23,-14,-21,-12,-21,-9,-18,-5,-16,0,-12,-16,14,8,-3,13,0,16,4,20,7,23,10,25,12,26,13,25,13,25,13,23,12,22,11,19,10,16,8,-30,0,10,5,3,3,0,1,-5,0,-11,-3,-13,-5,-14,-8,-3,-1,-7,4,-2,13,11,14,20,2,18,-14,0,-24,-30,-6,-25,0,-16,17,3,22,16,12,17,-4,6,-15,-6,-11,-10,0,-1,6,8,1,6,-10,-7,-16,-21,-4,-22,15,-1,28,20,21,29,0,19,-19,0,-25,-15,-16,0,0,-10,9,-1,8,0,3,-2,3,-2,9,5,13,19,0,21,-6,12,-21,-5,-24,-20,-13,-21,3,-12,15,0,16,6,9,7,4,7,2,9,0,13,-5,8,-16,8,-16,-25,-18,-34,2,-27,28,0,41,27,31,37,5,28,-17]"
CSI_DATA,56200,d8:b1:90:d9:de:f0,-53,11,-99,-40,55,116,826918728,100,0,228,0,"[-6,19,-4,21,-2,20,1,20,4,19,8,16,11,14,99,-7,16,9,18,6,20,4,21,1,22,-1,22,-3,22,-4,22,-5,20,-6,17,-6,14,-5,9,-3,4,0,59,6,-7,5,-12,7,-17,9,-21,10,-23,12,-26,11,0,0,-26,11,-27,9,-24,7,-21,5,-18,2,-13,-1,94,15,-1,-9,5,-13,11,-15,15,-17,19,-19,21,-20,23,-19,23,-18,23,-18,22,-17,20,-16,19,-15,17,-12,-62,0,10,-6,5,-3,1,2,-4,5,-9,7,-13,8,-16,7,0,4,6,7,14,0,13,-13,0,-22,-17,-17,-26,1,-3,32,3,26,20,15,23,-5,11,-19,-6,-19,-16,-6,-12,7,0,10,8,1,2,-9,-10,-7,-16,7,-6,22,13,25,29,5,25,-19,5,-30,-18,-23,-26,-4,-19,14,0,0,7,12,8,3,4,0,3,3,8,5,15,-2,7,-19,1,-24,-17,-19,-26,-2,-21,15,-5,23,10,18,15,6,12,-3,7,-5,6,-6,5,-9,1,-14,-11,-17,-11,-16,-29,13,-15,34,12,40,38,23,43,-6,26,-30,0,-34]"
CSI_DATA,56201,d8:b1:90:d9:de:f0,-54,11,-99,-38,55,116,826929175,100,0,228,0,"[18,-7,18,-9,17,-10,14,-12,12,-14,8,-14,5,-16,94,-6,0,-17,-2,-18,-5,-18,-7,-18,-9,-18,-11,-18,-12,-18,-12,-16,-11,-15,-10,-13,-8,-10,-5,-7,0,-2,56,5,6,4,9,9,12,14,13,17,14,20,14,22,0,0,13,24,11,24,8,22,5,20,2,16,0,12,-34,14,-8,0,-11,-5,-14,-11,-15,-15,-16,-20,-16,-22,-15,-24,-15,-25,-13,-24,-12,-23,-10,-22,-9,-20,-7,-18,-69,14,-2,-10,0,-6,1,0,1,4,2,9,1,14,0,16,2,-1,0,-8,-8,-10,-17,-1,-16,12,-2,23,14,20,28,-13,19,-15,2,-24,-14,-17,-21,0,-13,14,1,16,11,6,8,-4,-1,-7,-8,0,-2,12,11,13,22,0,19,-18,-1,-28,-22,-19,-30,1,-18,21,0,25,15,15,0,0,10,-8,1,-7,0,-3,2,-2,4,-7,-1,-14,-18,-6,-22,0,-19,15,-3,25,13,20,21,5,16,-6,6,-12,0,-11,-3,-7,-4,-6,-6,-6,-13,-3,-18,6,-18,5,3,31,27,24,40,0,33,-26,8,-39,-17,-34,-30,-13]"
CSI_DATA,56202,d8:b1:90:d9:de:f0,-53,11,-99,-40,55,116,826939228,100,0,228,0,"[3,-19,1,-21,-3,-20,-6,-18,-9,-16,-12,-12,-15,-9,99,-7,-18,-2,-19,1,-19,5,-20,8,-20,11,-18,13,-18,14,-17,15,-15,15,-12,13,-10,11,-6,8,-2,3,59,6,4,-8,6,-13,9,-16,11,-20,12,-23,13,-25,0,0,13,-26,13,-24,13,-22,12,-19,11,-14,10,-9,-124,0,7,5,6,11,5,18,4,23,3,26,3,28,2,30,3,29,3,29,2,27,2,26,3,23,2,20,9,0,0,12,-1,6,-2,-1,-3,-7,-3,-12,-3,-16,-1,-18,1,-5,-7,-6,-13,3,-10,15,5,22,21,11,25,-8,-6,-30,-11,-24,-24,-7,-20,12,-3,21,13,14,16,-1,7,-11,-5,-9,-7,2,2,8,13,0,11,-15,-7,-22,-24,-13,-27,12,-10,29,14,28,29,8,23,-13,6,-22,0,0,-13,-5,-9,3,-3,2,-4,0,-10,2,-9,12,10,18,18,16,26,-1,19,-19,0,-26,-16,-18,-20,-2,-14,9,-5,12,0,9,2,8,5,9,12,8,20,-2,19,-3,2,-31,-23,-29,-42,-7,-37,23,-11,41,18,37,31,13]"
CSI_DATA,56203,d8:b1:90:d9:de:f0,-54,11,-99,-38,55,116,826949501,100,0,228,0,"[-5,18,-3,20,-1,19,0,19,4,18,7,15,10,13,94,-6,15,8,17,5,19,3,20,0,21,0,21,-2,21,-4,20,-5,19,-5,17,-5,13,-4,8,-2,3,0,56,5,-7,4,-11,6,-16,8,-19,9,-22,11,-23,10,0,0,-25,10,-24,9,-23,7,-20,4,-17,1,-11,0,94,14,0,-8,3,-12,9,-15,13,-18,17,-19,18,-19,20,-19,21,-19,20,-19,20,-17,19,-16,17,-14,15,-12,-44,0,9,-6,4,-2,0,0,-3,3,-8,6,-11,7,-14,7,0,3,5,5,12,0,12,-12,0,-20,-17,-16,-25,1,-2,32,3,25,20,13,22,-4,10,-18,-6,-17,-15,-4,-10,7,0,10,7,1,1,-8,-10,-6,-15,6,-5,21,12,24,28,4,24,-17,3,-29,-17,-22,-26,-2,-18,13,0,0,7,11,7,2,3,0,2,2,7,4,13,-1,5,-19,0,-22,-16,-18,-24,0,-18,15,-2,22,10,16,14,4,11,-2,6,-4,4,-5,4,-8,0,-14,-11,-15,-11,-15,-28,14,-12,33,14,37,36,20,40,-8,23,-31,-1,-33]"
CSI_DATA,56204,d8:b1:90:d9:de:f0,-54,11,-99,-38,55,116,826959568,100,0,228,0,"[-15,-10,-17,-10,-18,-8,-18,-5,-18,-1,-17,1,-16,4,94,-6,-13,10,-12,13,-10,15,-9,17,-8,19,-6,20,-5,21,-4,20,-3,20,-3,17,-2,13,-1,9,0,3,56,5,0,-7,0,-13,1,-17,2,-21,3,-24,4,-25,0,0,6,-27,7,-25,8,-22,8,-19,9,-14,8,-8,-120,0,7,5,5,11,4,17,1,22,0,26,0,28,0,29,-1,28,-2,28,-2,26,-2,25,-3,22,-3,19,-70,14,-2,10,-2,4,0,0,0,-5,2,-10,4,-12,7,-14,-3,-1,-7,3,-3,12,7,16,20,6,21,-9,7,-23,-26,-14,-24,-6,-20,12,-4,22,11,17,19,1,11,-10,0,-13,-9,-3,-4,5,5,5,10,-5,1,-17,-14,-16,-26,-1,-19,21,2,30,22,19,28,0,17,-18,0,-22,0,0,-13,0,-6,4,-1,3,-3,0,-8,2,-7,11,10,16,16,14,24,0,18,-16,1,-24,-12,-17,-18,-4,-13,5,-5,9,-1,8,0,7,1,9,9,10,19,3,19,4,12,-28,-9,-34,-34,-21,-41,5,-27,31,-1,38,20,26]"
CSI_DATA,56205,d8:b1:90:d9:de:f0,-51,9,-99,-37,53,116,826977524,98,0,106,0,"[19,17,-127,17,98,17,105,17,-87,17,53,17,26,0,27,17,125,0,30,17,-101,0,52,17,-49,0,84,17,-52,0,121,17,-122,0,-116,17,51,0,-39,17,-118,17,36,0,42,17,91,0,-48,16,121,0,0,0,0,0,-52,16,-143,0,23,17,-152,0,-122,17,148,0,78,0,116,0,-36,0,84,0,87,1,62,0,137,1,45,0,128,1,40,0,78,1,41,0,-3,0,28,0,-130,0,5,0,7,0,-15,17,144,17]"
CSI_DATA,56206,d8:b1:90:d9:de:f0,-54,11,-99,-38,55,116,826988648,100,0,228,0,"[17,7,18,7,19,4,18,2,18,0,16,-3,15,-6,94,-6,13,-12,11,-14,9,-16,8,-18,7,-20,6,-20,5,-21,4,-20,4,-19,4,-17,2,-14,1,-8,1,-3,56,5,0,8,-1,13,-3,17,-5,21,-7,23,-9,25,0,0,-11,24,-11,23,-13,20,-13,16,-12,11,-10,5,106,14,-5,-7,-2,-12,0,-18,4,-22,6,-25,8,-26,11,-26,12,-26,13,-26,12,-23,13,-22,12,-19,11,-16,-102,0,7,-8,4,-3,0,0,-2,4,-6,7,-10,8,-14,8,3,0,6,-4,2,-12,-9,-14,-20,-4,-19,12,-5,24,29,12,25,4,20,-13,3,-22,-12,-16,-18,-1,-11,11,1,12,9,3,4,-5,-5,-5,-11,4,-2,17,14,17,27,3,20,-19,1,-29,-20,-21,-28,-2,-19,15,-2,23,0,0,12,3,7,-3,2,-2,3,0,8,0,10,-9,-4,-19,-12,-18,-23,-6,-22,10,-9,22,6,21,15,10,15,0,9,-5,4,-6,2,-6,1,-10,-3,-13,-16,-12,-15,-11,-24,20,-6,35,20,35,38,14,38,-13,20,-33,-3,-33]"
CSI_DATA,56207,d8:b1:90:d9:de:f0,-53,11,-99,-40,55,116,826999010,100,0,228,0,"[19,-5,19,-7,17,-9,15,-12,11,-13,7,-16,3,-16,99,-7,-5,-17,-8,-17,-10,-17,-14,-17,-16,-15,-18,-15,-19,-14,-19,-12,-18,-10,-17,-9,-13,-7,-9,-4,-4,-2,59,6,8,2,13,3,17,6,21,7,24,9,26,10,0,0,27,9,25,10,23,10,20,10,15,10,9,9,116,0,-5,7,-12,7,-18,6,-23,5,-26,4,-28,3,-29,3,-30,2,-29,2,-27,2,-26,1,-23,1,-20,1,5,15,-12,-1,-5,-1,1,-2,7,-3,13,-2,15,-1,18,0,4,-1,3,-8,-7,-11,-17,-3,-18,12,-3,24,16,20,25,-16,18,-18,-1,-24,-18,-15,-21,3,-10,16,5,15,13,3,7,-7,-4,-7,-7,5,3,13,17,7,20,-12,8,-27,-18,-24,-30,-4,-24,19,-4,30,17,22,23,3,0,0,3,-14,-4,-8,-4,-3,0,-4,-3,-9,-13,-8,-17,12,-14,19,1,26,19,18,26,-1,17,-16,2,-20,-9,-14,-11,-5,-9,0,-8,2,-9,4,-8,12,1,20,1,19,31,5,31,-21,11,-41,-18,-39,-40,-16,-38,13,-18,29]"
CSI_DATA,56208,d8:b1:90:d9:de:f0,-53,11,-99,-39,55,116,827009329,100,0,228,0,"[17,12,18,11,20,9,20,5,20,2,18,-2,18,-6,97,-7,15,-12,13,-15,12,-17,10,-19,8,-21,7,-22,6,-23,4,-22,3,-21,3,-18,2,-15,1,-10,0,-4,58,6,-1,8,-1,14,-2,19,-3,22,-3,25,-5,27,0,0,-6,27,-7,26,-8,23,-8,20,-8,15,-8,9,-120,15,-7,-5,-5,-12,-4,-19,-3,-23,-2,-27,-1,-29,0,-30,2,-30,2,-29,2,-27,2,-26,2,-23,3,-20,60,0,2,-12,1,-6,1,0,-1,6,-3,11,-5,14,-7,15,4,2,9,-3,5,-13,-7,-17,-20,-9,-23,10,-9,25,29,15,26,8,22,-13,5,-23,-12,-18,-19,-2,-12,12,2,14,10,4,5,-7,-7,-6,-12,6,-2,19,16,17,27,2,20,-23,-2,-31,-24,-20,-29,3,-17,21,2,23,0,0,14,0,7,-6,2,-3,3,0,9,-2,8,-12,-10,-17,-17,-15,-25,1,-18,18,-1,25,14,18,19,3,13,-7,5,-10,1,-8,0,-7,-2,-10,-10,-11,-20,-4,-21,-4,-12,30,12,36,36,21,43,-8,27,-33,-1,-40,-22,-26]"
CSI_DATA,56209,d8:b1:90:d9:de:f0,-54,11,-99,-38,55,116,827019336,100,0,228,0,"[3,-19,2,-19,0,-19,-2,-18,-5,-17,-8,-15,-11,-12,94,-6,-15,-7,-17,-7,-19,-4,-20,-3,-21,-1,-22,0,-22,0,-21,1,-20,1,-18,0,-14,1,-9,0,-3,0,56,5,7,-2,12,-2,17,-1,21,0,24,0,26,0,0,0,27,1,26,3,23,4,19,5,15,7,8,7,106,0,-4,7,-11,7,-18,5,-22,3,-25,2,-28,0,-29,0,-29,0,-28,-1,-26,-2,-24,-2,-22,-2,-20,-3,1,14,-10,-3,-5,-1,0,-1,5,0,10,2,13,5,13,9,0,-3,-6,-5,-13,0,-10,12,1,21,17,15,25,-1,3,-29,-1,-25,-18,-15,-23,2,-12,17,4,18,14,7,11,-4,0,-9,-6,-2,-2,7,8,8,17,-2,12,-19,-4,-27,-25,-13,-28,8,-14,26,7,27,22,13,22,-4,0,0,0,-14,-6,-6,-4,-1,0,-3,-3,-7,-12,-5,-15,12,-12,17,1,23,18,16,24,0,16,-13,2,-17,-6,-13,-8,-5,-7,-1,-7,0,-9,1,-10,8,-5,19,-5,19,28,13,35,-8,24,-33,-2,-41,-29,-29,-38,-4,-28,17]"
CSI_DATA,56210,d8:b1:90:d9:de:f0,-54,11,-99,-38,55,116,827029681,100,0,228,0,"[-18,-5,-19,-3,-20,-1,-18,1,-16,5,-15,8,-11,11,94,-6,-6,17,-2,18,0,20,2,19,3,21,6,21,7,21,8,20,9,18,8,15,6,12,4,8,1,3,56,5,-4,-5,-8,-9,-11,-13,-14,-16,-16,-18,-17,-20,0,0,-17,-20,-16,-20,-14,-19,-11,-17,-6,-14,-1,-12,-12,14,7,-4,13,0,17,2,22,6,25,8,27,9,27,10,27,10,26,10,25,9,24,8,21,8,18,7,-24,0,10,4,4,3,0,0,-5,0,-9,-2,-12,-5,-14,-6,-3,0,-5,5,0,13,13,11,21,0,15,-18,-2,-25,-30,0,-24,5,-11,21,7,21,19,7,16,-8,2,-15,-8,-9,-9,1,0,7,8,0,4,-11,-10,-14,-22,0,-19,18,1,29,23,18,30,-3,17,-23,-3,-25,-17,-13,0,0,-8,11,0,9,0,3,0,3,0,7,5,11,20,-1,20,-8,9,-22,-7,-23,-20,-10,-20,5,-10,15,0,14,6,8,7,3,6,2,10,0,12,-7,7,-18,6,-18,-26,-17,-35,4,-25,31,1,41,29,30,38,2,27,-19]"
CSI_DATA,56211,d8:b1:90:d9:de:f0,-53,11,-99,-40,55,116,827048914,100,0,228,0,"[-3,19,-2,20,1,19,5,18,9,16,11,13,14,10,99,-7,18,4,20,1,21,-2,21,-5,21,-7,21,-9,21,-10,20,-12,18,-12,16,-10,13,-9,9,-6,3,-2,59,6,-5,6,-9,10,-14,13,-17,16,-18,18,-21,19,0,0,-21,19,-21,18,-20,15,-18,12,-16,8,-12,3,92,15,-4,-9,0,-15,4,-18,7,-22,10,-25,12,-27,13,-28,13,-27,13,-27,11,-24,12,-24,11,-21,10,-18,-98,0,6,-10,4,-4,1,1,-2,7,-5,11,-7,14,-10,15,0,5,6,6,14,-2,11,-15,-3,-22,-20,-14,-25,5,3,31,8,25,23,11,21,-9,7,-20,-10,-16,-16,-2,-9,9,2,9,7,-1,-1,-9,-13,-3,-14,12,1,24,20,19,30,-4,18,-26,-5,-31,-24,-17,-27,5,-14,19,0,0,11,10,9,0,4,-2,4,1,9,2,13,-7,-1,-21,-8,-22,-23,-11,-25,8,-13,22,5,23,16,12,16,-1,9,-7,5,-8,3,-7,1,-11,-6,-13,-17,-10,-18,-9,-20,25,1,38,29,30,44,3,34,-26,8,-40,-16,-30]"
CSI_DATA,56212,d8:b1:90:d9:de:f0,-53,11,-99,-40,55,116,827059291,100,0,228,0,"[-1,-20,-3,-20,-5,-18,-7,-16,-11,-14,-13,-11,-15,-7,99,-7,-18,-1,-19,1,-20,4,-21,6,-21,8,-21,10,-21,11,-20,11,-18,11,-16,10,-13,8,-9,5,-4,2,59,6,7,-5,11,-8,16,-10,20,-12,22,-13,24,-13,0,0,26,-12,25,-10,24,-8,21,-5,18,-2,13,2,-103,0,1,9,-6,13,-11,15,-16,17,-20,18,-23,18,-24,18,-25,17,-25,15,-23,14,-23,12,-21,11,-18,9,23,15,-11,4,-5,1,0,-2,6,-4,11,-6,15,-4,18,-4,0,-4,-7,-4,-12,4,-7,16,7,21,22,10,24,-10,-7,-29,-11,-23,-24,-8,-20,11,-6,21,10,16,16,2,9,-9,-3,-9,-7,1,0,9,13,4,15,-11,2,-23,-18,-22,-30,0,-22,22,0,32,20,22,27,2,18,-15,0,0,-8,-12,-9,-3,-5,0,-3,-3,-8,-4,-15,1,-6,20,-1,23,16,20,26,4,21,-14,6,-22,-8,-18,-13,-7,-12,1,-8,4,-6,5,-6,8,-3,15,8,19,9,18,31,-7,23,-30,-2,-42,-29,-31,-43,-4,-32,22,-10,32]"
CSI_DATA,56213,d8:b1:90:d9:de:f0,-54,11,-99,-38,55,116,827078565,100,0,228,0,"[14,11,16,11,17,9,17,5,17,2,16,0,16,-3,94,-6,14,-10,13,-12,12,-14,11,-17,10,-18,10,-20,9,-20,8,-20,7,-19,6,-16,5,-13,3,-8,1,-3,56,5,-1,7,-3,12,-5,16,-7,20,-10,22,-11,23,0,0,-13,23,-14,21,-14,18,-13,14,-13,10,-10,4,112,14,-4,-7,-1,-13,1,-18,5,-22,7,-25,10,-26,11,-27,13,-26,13,-25,13,-23,12,-21,12,-19,11,-16,-117,0,7,-8,4,-3,1,0,-2,4,-6,7,-10,9,-13,9,3,1,7,-2,4,-11,-5,-16,-19,-8,-22,8,-9,23,24,16,23,9,22,-9,7,-21,-8,-18,-17,-3,-12,9,0,12,7,4,4,-5,-5,-6,-12,4,-4,17,12,19,26,6,23,-17,4,-30,-17,-25,-28,-4,-22,13,-5,22,0,0,12,4,8,-1,3,-2,3,0,8,0,10,-8,-4,-19,-10,-18,-22,-7,-22,9,-9,21,5,20,15,10,14,0,9,-5,4,-6,3,-6,1,-9,-3,-14,-15,-12,-15,-12,-24,20,-5,35,20,34,39,14,38,-15,19,-34,-4,-33]"
CSI_DATA,56214,d8:b1:90:d9:de:f0,-53,11,-99,-40,55,116,827089004,100,0,228,0,"[-6,18,-4,19,-1,19,2,18,6,16,10,14,13,11,99,-7,18,5,19,2,21,-1,21,-4,22,-5,22,-7,22,-9,21,-11,19,-11,16,-10,13,-8,9,-5,4,-3,59,6,-6,5,-10,10,-14,12,-17,15,-19,18,-20,18,0,0,-21,19,-21,17,-20,15,-18,12,-15,8,-12,3,99,15,-4,-8,0,-14,3,-18,6,-22,9,-25,10,-28,11,-28,11,-28,11,-27,10,-26,10,-24,9,-21,8,-19,126,0,6,-11,4,-3,2,2,-1,7,-5,13,-5,14,-8,16,-1,4,5,7,13,0,13,-13,0,-21,-18,-16,-25,3,0,30,5,25,21,12,21,-7,9,-19,-8,-17,-15,-3,-9,9,2,9,7,-1,0,-9,-13,-4,-15,11,-1,24,20,21,31,-3,20,-25,-4,-31,-25,-18,-27,4,-14,19,0,0,12,10,10,1,5,-1,4,2,9,1,13,-7,-2,-21,-9,-22,-24,-10,-24,9,-11,23,7,22,16,10,15,-1,9,-9,4,-8,2,-8,0,-10,-8,-13,-18,-9,-19,-8,-18,27,5,38,32,26,44,-2,31,-29,4,-40,-20,-28]"
CSI_DATA,56215,d8:b1:90:d9:de:f0,-53,11,-99,-40,55,116,827099818,100,0,228,0,"[-17,8,-18,9,-16,11,-13,13,-9,14,-6,16,-2,16,99,-7,5,18,8,18,10,18,12,18,14,18,16,18,17,17,17,16,16,15,14,13,12,11,7,7,3,3,59,6,-7,-5,-11,-8,-13,-12,-16,-15,-17,-18,-19,-20,0,0,-18,-22,-15,-22,-13,-22,-10,-19,-6,-16,-1,-12,-22,15,9,-3,14,3,17,9,20,13,21,17,22,19,22,21,20,21,19,22,18,20,16,20,14,19,12,16,-93,0,5,10,1,5,-2,0,-6,-5,-7,-10,-7,-14,-6,-17,-4,1,-2,8,8,11,18,2,17,-14,2,-25,-16,-20,-25,16,-19,18,0,25,16,16,21,-1,12,-14,-3,-15,-11,-5,-8,5,3,6,8,-3,1,-13,-15,-12,-24,5,-16,24,7,30,28,16,30,-7,16,-25,-5,-27,-19,-15,0,0,-10,11,0,10,2,4,-2,3,-2,9,5,14,21,2,23,-5,15,-20,-1,-25,-18,-17,-23,-1,-16,12,-5,15,3,11,5,7,6,6,9,5,15,0,17,-11,16,-10,-12,-30,-32,-18,-42,9,-26,34,2,44,26,29,34,5]"
CSI_DATA,56216,d8:b1:90:d9:de:f0,-53,11,-99,-39,55,116,827119163,100,0,228,0,"[13,-15,12,-16,11,-17,8,-18,3,-18,0,-18,-4,-17,97,-7,-11,-16,-13,-15,-15,-15,-17,-13,-19,-13,-20,-12,-21,-12,-20,-10,-20,-9,-18,-8,-14,-6,-9,-4,-4,-2,58,6,7,4,12,6,15,10,19,12,21,14,22,16,0,0,21,18,19,18,17,18,13,17,8,15,3,12,34,0,-8,3,-14,-2,-17,-6,-20,-11,-22,-15,-24,-17,-23,-19,-22,-20,-21,-20,-19,-20,-17,-18,-15,-17,-12,-15,97,15,-6,-9,-2,-5,1,0,4,5,6,10,6,14,5,17,4,-3,-2,-8,-12,-7,-18,5,-11,19,6,24,23,13,17,-24,12,-23,-8,-23,-21,-9,-20,8,-6,18,8,14,13,1,6,-8,-5,-6,-8,5,3,14,17,9,22,-10,10,-26,-14,-27,-30,-10,-28,14,-10,29,11,25,22,9,0,0,7,-13,-2,-9,-3,-4,1,-3,2,-8,-6,-13,-20,0,-22,7,-12,21,4,25,19,15,22,-1,14,-12,3,-15,-4,-10,-5,-6,-5,-5,-9,-5,-15,0,-17,12,-17,12,12,30,33,17,40,-9,26,-34,-2,-42,-26,-29,-33,-5]"
CSI_DATA,56217,d8:b1:90:d9:de:f0,-53,11,-99,-39,55,116,827129664,100,0,228,0,"[0,-19,-2,-20,-5,-19,-7,-17,-11,-15,-13,-12,-16,-8,97,-7,-19,-1,-20,2,-21,5,-21,7,-20,10,-20,12,-20,13,-19,14,-17,14,-14,13,-11,11,-7,8,-2,4,58,6,6,-5,9,-11,13,-14,15,-17,17,-19,18,-20,0,0,19,-20,19,-19,18,-16,16,-14,14,-9,11,-4,-117,0,5,8,0,14,-3,19,-6,23,-8,26,-10,28,-11,28,-11,28,-11,27,-10,26,-9,24,-9,21,-9,18,-70,15,-5,10,-3,5,0,-1,2,-7,5,-10,7,-14,9,-14,0,-4,-7,-5,-13,3,-9,16,6,21,22,11,24,-9,-8,-29,-11,-23,-24,-7,-19,12,-3,21,13,15,16,0,8,-11,-5,-9,-8,2,2,10,14,3,14,-14,-3,-24,-22,-17,-30,7,-16,27,8,31,26,14,26,-8,11,-20,0,0,-13,-8,-10,1,-3,3,-3,-1,-8,-2,-13,7,2,20,10,21,23,9,24,-9,10,-22,-6,-21,-15,-10,-14,2,-8,8,-3,7,-3,7,-1,10,6,14,18,10,19,10,20,-25,-3,-38,-31,-28,-43,-1,-33,27,-6,39,18,29]"
CSI_DATA,56218,d8:b1:90:d9:de:f0,-53,11,-99,-39,55,116,827148719,100,0,228,0,"[11,-17,10,-18,9,-19,6,-20,3,-19,-1,-19,-4,-18,97,-7,-10,-17,-12,-17,-15,-16,-16,-15,-18,-16,-19,-15,-20,-15,-19,-14,-18,-13,-15,-11,-13,-9,-9,-6,-5,-2,58,6,4,7,7,12,10,15,11,19,12,22,12,24,0,0,9,26,7,25,5,25,3,21,0,16,-3,11,-27,15,-6,-3,-7,-10,-7,-16,-6,-22,-5,-26,-3,-28,-1,-30,0,-29,1,-29,3,-27,3,-25,4,-22,4,-18,29,0,3,-10,2,-5,-1,0,-4,6,-7,9,-12,12,-14,12,4,-3,-1,-10,-12,-8,-19,4,-11,19,6,25,22,14,19,-25,14,-22,-7,-24,-21,-11,-21,7,-8,18,7,16,13,3,8,-8,-5,-9,-10,3,-3,15,14,15,25,-2,18,-19,-3,-31,-24,-21,-31,2,-20,22,0,27,17,18,0,0,12,-9,2,-9,-2,-4,2,0,7,-4,4,-13,-13,-13,-21,-9,-24,7,-13,22,4,24,17,14,18,0,12,-9,4,-9,1,-7,0,-6,0,-9,-7,-12,-18,-8,-21,-8,-19,25,2,37,27,30,42,6,36,-22,14,-35,-10,-32]"
CSI_DATA,56219,d8:b1:90:d9:de:f0,-53,11,-99,-39,55,116,827158885,100,0,228,0,"[16,10,18,9,19,7,19,3,18,0,17,-4,16,-8,97,-7,13,-14,11,-17,10,-19,8,-21,7,-22,5,-23,4,-23,3,-23,2,-22,2,-19,1,-16,1,-10,0,-5,58,6,-1,8,0,14,-2,18,-2,22,-2,25,-3,27,0,0,-5,27,-6,26,-7,24,-8,20,-9,15,-9,9,-118,15,-7,-5,-7,-13,-5,-18,-3,-24,-2,-27,-1,-29,0,-31,1,-30,2,-30,2,-27,2,-26,3,-23,3,-20,67,0,2,-11,2,-5,1,1,-1,7,-3,12,-5,15,-7,16,4,3,8,-3,5,-13,-8,-16,-20,-7,-21,11,-7,25,28,12,25,6,21,-14,3,-23,-13,-17,-19,-1,-11,12,3,13,9,2,4,-7,-8,-6,-12,7,-1,19,18,17,28,-1,19,-24,-4,-32,-25,-19,-30,3,-17,21,2,24,0,0,15,0,8,-6,2,-4,3,0,9,-3,7,-13,-11,-17,-18,-14,-25,2,-18,18,-1,25,14,17,18,4,13,-7,5,-10,2,-8,1,-7,-2,-10,-10,-11,-20,-5,-21,-3,-13,30,11,36,36,22,43,-7,28,-33,0,-39,-21,-26]"
CSI_DATA,56220,d8:b1:90:d9:de:f0,-47,11,-99,-33,48,116,827178749,100,0,114,0,"[45,-13,52,-11,58,-7,60,-7,56,-5,58,-5,52,-1,52,-1,47,-3,48,-3,45,-3,45,-3,45,-7,47,-9,47,-9,50,-9,50,-15,50,-13,54,-15,52,-16,54,-16,52,-18,52,-18,52,-20,50,-18,48,-20,48,-22,48,-22,0,0,48,-22,47,-22,48,-26,47,-28,48,-28,48,-30,48,-30,48,-32,48,-32,45,-32,43,-33,41,-33,39,-33,37,-35,33,-32,32,-33,30,-33,30,-35,30,-37,32,-41,33,-47,35,-50,35,-50,39,-54,43,-56,45,-56,43,-48,43,-45]"
CSI_DATA,56221,d8:b1:90:d9:de:f0,-47,11,-99,-34,48,116,827188808,100,0,114,0,"[1,-46,5,-50,11,-52,11,-54,13,-56,13,-52,17,-50,17,-46,15,-44,15,-44,13,-40,13,-44,13,-42,13,-44,11,-46,11,-46,11,-48,13,-52,11,-52,13,-54,11,-54,11,-56,13,-56,9,-56,13,-56,11,-52,11,-54,11,-52,0,0,9,-52,9,-52,9,-52,9,-56,9,-58,9,-58,7,-60,9,-62,7,-58,7,-60,5,-56,5,-54,3,-50,1,-48,1,-50,0,-48,0,-46,-1,-48,-1,-50,-1,-54,-3,-60,-3,-60,-3,-65,-1,-69,0,-69,3,-69,7,-69,9,-62]"
CSI_DATA,56222,d8:b1:90:d9:de:f0,-51,11,-99,-37,53,116,827200409,277,0,106,0,"[60,0,27,17,-147,0,99,17,-74,0,-99,17,-23,0,5,0,-7,0,102,0,-10,0,-129,0,-34,0,-72,0,-74,0,-68,0,146,0,-133,0,53,0,48,0,-46,17,-101,17,-122,17,62,17,135,17,-22,16,0,0,0,0,102,17,-32,16,122,17,48,17,146,17,-93,17,-109,17,97,0,-53,17,-14,0,-20,17,108,1,0,0,149,1,0,0,123,1,2,0,73,1,-4,17,1,1,19,0,-136,0,28,0,-8,17,19,0]"
CSI_DATA,56223,d8:b1:90:d9:de:f0,-47,11,-99,-32,48,116,827218727,100,0,114,0,"[-38,27,-43,29,-47,27,-49,27,-49,25,-47,25,-45,23,-43,21,-42,23,-40,21,-38,21,-36,23,-36,25,-36,27,-36,31,-38,31,-36,32,-38,32,-36,36,-38,38,-38,40,-36,42,-34,42,-34,43,-32,42,-31,42,-29,40,-29,42,0,0,-25,43,-27,43,-25,45,-23,47,-23,49,-23,53,-21,53,-20,54,-20,54,-16,53,-14,53,-12,51,-9,49,-7,47,-7,45,-5,47,-1,45,0,47,1,51,3,53,5,54,5,58,7,62,7,69,5,67,3,67,0,65,-1,62]"
CSI_DATA,56224,d8:b1:90:d9:de:f0,-47,11,-99,-34,48,116,827238719,100,0,114,0,"[-31,-34,-31,-40,-31,-44,-29,-48,-29,-50,-27,-50,-25,-48,-21,-46,-21,-42,-21,-44,-19,-42,-21,-42,-21,-42,-21,-42,-23,-44,-25,-46,-27,-46,-27,-48,-29,-50,-29,-50,-29,-50,-31,-50,-31,-52,-31,-50,-29,-48,-29,-48,-29,-46,-29,-44,0,0,-29,-44,-29,-44,-29,-48,-32,-48,-31,-48,-32,-50,-32,-50,-34,-52,-34,-50,-34,-48,-34,-46,-32,-44,-32,-40,-32,-40,-31,-38,-32,-38,-32,-34,-34,-36,-36,-36,-38,-38,-40,-42,-42,-46,-44,-46,-44,-50,-46,-52,-42,-56,-36,-56,-32,-56]"
CSI_DATA,56225,d8:b1:90:d9:de:f0,-46,11,-99,-34,48,116,827249027,100,0,114,0,"[36,29,38,34,36,40,36,44,36,46,32,46,29,48,27,46,25,42,23,42,21,42,21,42,21,42,19,42,21,46,21,48,23,48,23,50,23,50,21,54,23,54,23,56,21,56,19,56,17,54,17,56,15,52,15,54,0,0,13,50,13,54,13,54,13,56,13,58,13,60,11,62,11,62,11,60,9,58,9,58,7,54,7,54,7,50,7,50,7,48,7,48,9,50,9,52,7,56,9,58,7,62,5,63,1,69,-1,71,-5,71,-9,67,-13,62]"
CSI_DATA,56226,d8:b1:90:d9:de:f0,-47,11,-99,-34,48,116,827268707,100,0,114,0,"[-15,42,-19,46,-23,48,-27,50,-27,50,-27,48,-27,46,-23,44,-23,42,-23,40,-23,40,-21,42,-17,40,-17,42,-17,44,-15,48,-15,48,-13,50,-13,54,-11,54,-9,56,-11,56,-11,56,-9,58,-7,54,-5,54,-3,54,-5,54,0,0,-1,54,0,52,1,56,1,56,3,58,5,60,3,60,5,62,7,62,9,60,13,56,13,54,15,52,15,50,17,46,17,46,19,42,21,42,23,44,25,50,29,52,32,54,34,56,36,58,36,62,32,63,29,60,25,56]"
CSI_DATA,56227,d8:b1:90:d9:de:f0,-47,11,-99,-33,48,116,827288996,100,0,114,0,"[39,30,39,37,37,41,37,43,35,47,35,48,32,47,30,47,26,43,24,41,22,39,22,41,22,41,24,41,24,43,26,45,26,45,26,47,28,50,28,48,28,50,28,50,26,48,26,48,24,48,24,48,24,47,20,47,0,0,22,45,22,47,24,50,24,50,24,52,24,52,24,54,22,54,22,50,22,52,22,50,20,48,18,45,20,45,18,43,20,45,22,43,22,45,24,45,24,48,26,52,26,56,28,60,26,64,22,65,20,65,15,65,9,64]"
CSI_DATA,56228,d8:b1:90:d9:de:f0,-47,11,-99,-33,48,116,827308700,100,0,114,0,"[-48,7,-54,5,-56,1,-60,-3,-60,-7,-58,-11,-54,-13,-54,-15,-48,-15,-47,-16,-45,-15,-45,-16,-43,-18,-43,-16,-45,-20,-45,-18,-47,-22,-48,-22,-50,-26,-48,-26,-50,-28,-48,-30,-47,-30,-47,-30,-45,-32,-45,-32,-43,-32,-41,-33,0,0,-39,-33,-39,-33,-39,-37,-39,-37,-41,-41,-39,-41,-39,-43,-37,-45,-37,-43,-35,-43,-35,-43,-33,-41,-32,-39,-30,-39,-28,-39,-28,-39,-28,-35,-28,-39,-30,-39,-28,-45,-32,-48,-32,-52,-30,-54,-30,-62,-28,-64,-22,-67,-16,-64,-9,-62]"
CSI_DATA,56229,d8:b1:90:d9:de:f0,-53,11,-99,-40,55,116,827329436,100,0,228,0,"[3,-18,1,-18,-2,-18,-5,-17,-8,-14,-12,-12,-15,-9,99,-7,-19,-4,-21,-2,-21,1,-22,3,-23,5,-23,7,-23,8,-22,9,-21,8,-18,7,-15,6,-10,4,-5,1,59,6,6,-5,12,-7,16,-10,19,-10,22,-12,24,-12,0,0,25,-11,25,-9,24,-7,21,-4,17,-1,12,3,-111,0,0,10,-6,13,-12,16,-16,18,-21,19,-23,19,-24,18,-25,18,-24,17,-23,15,-22,14,-19,12,-17,9,42,15,-10,3,-5,0,1,-3,6,-5,11,-7,15,-6,18,-6,0,-4,-6,-6,-13,2,-11,14,3,21,19,14,25,-4,-4,-29,-6,-24,-20,-11,-21,7,-7,18,8,16,15,3,9,-9,-3,-9,-8,1,0,10,13,7,18,-9,5,-24,-17,-25,-31,-4,-25,19,-4,32,19,24,28,4,20,-14,0,0,-7,-14,-9,-5,-5,-1,-4,-4,-9,-4,-15,2,-7,22,0,23,17,20,26,2,20,-15,4,-22,-9,-17,-14,-6,-11,1,-7,4,-6,5,-7,9,-2,16,10,19,10,17,32,-9,20,-32,-7,-42,-33,-28,-44,0,-30,25,-5,33]"
CSI_DATA,56230,d8:b1:90:d9:de:f0,-54,11,-99,-38,55,116,827340254,100,0,228,0,"[-12,13,-10,14,-7,15,-3,16,0,17,3,16,8,15,94,-6,14,13,16,10,19,9,21,6,22,4,23,2,23,0,22,0,21,0,19,-1,15,0,10,0,4,0,56,5,-6,3,-10,6,-16,7,-19,8,-22,9,-23,9,0,0,-24,9,-24,8,-22,6,-19,4,-16,1,-11,-1,101,14,0,-9,3,-14,8,-17,12,-20,15,-22,17,-23,17,-24,18,-23,18,-22,16,-21,15,-19,14,-17,12,-15,-94,0,7,-7,4,-2,1,1,-1,6,-5,9,-8,11,-9,12,0,2,2,6,11,4,15,-6,7,-18,-9,-20,-23,-6,-9,27,-4,23,13,18,21,1,13,-13,-2,-17,-12,-7,-10,5,0,9,7,1,3,-9,-9,-9,-18,4,-9,21,10,28,28,8,27,-14,7,-30,-15,-24,-25,-5,-19,12,0,0,6,12,8,4,5,0,3,1,7,2,13,-3,3,-20,-1,-21,-18,-15,-24,0,-15,17,0,21,11,13,13,2,10,-3,5,-4,5,-6,3,-10,-2,-15,-16,-13,-15,-11,-24,21,-3,36,25,33,41,7,34,-21,11,-36,-13,-30]"
CSI_DATA,56231,d8:b1:90:d9:de:f0,-54,11,-99,-39,55,116,827358992,100,0,228,0,"[12,13,14,12,16,10,17,6,17,2,17,-2,17,-7,97,-7,14,-14,12,-17,10,-19,8,-21,5,-22,4,-24,2,-24,0,-23,-1,-22,-1,-19,-1,-15,-1,-11,1,-5,58,6,4,6,6,12,8,15,9,19,11,22,12,23,0,0,12,24,10,24,8,22,6,19,3,16,-1,12,-12,15,-10,2,-14,-2,-19,-7,-22,-11,-25,-13,-26,-15,-26,-16,-26,-15,-25,-15,-24,-14,-22,-12,-20,-12,-17,-10,37,15,-9,-6,-4,-4,2,-2,7,2,11,4,14,7,15,8,3,2,8,-2,6,-12,-6,-17,-19,-9,-21,8,-9,22,27,11,23,6,19,-13,3,-22,-14,-14,-18,2,-8,13,5,12,9,0,2,-8,-10,-3,-10,10,5,19,22,10,27,-11,9,-29,-16,-27,-30,-7,-24,16,-5,26,13,20,0,0,13,-8,4,-9,0,-5,2,-5,3,-8,-5,-13,-22,-2,-21,5,-14,20,4,24,19,15,21,-2,12,-13,1,-14,-5,-9,-6,-6,-7,-4,-11,-3,-15,5,-11,18,-9,18,26,21,37,-2,28,-30,1,-43,-28,-32,-38,-5,-27,19]"
CSI_DATA,56232,d8:b1:90:d9:de:f0,-53,11,-99,-40,55,116,827369186,100,0,228,0,"[14,-12,13,-13,10,-15,6,-16,2,-17,-2,-17,-6,-17,99,-7,-13,-14,-16,-14,-19,-12,-21,-10,-22,-9,-23,-7,-24,-6,-23,-4,-22,-3,-20,-3,-16,-2,-11,-2,-5,-1,59,6,7,-2,13,-2,18,-2,22,-2,26,-2,27,-2,0,0,28,-1,27,0,25,1,21,3,16,4,10,6,-118,0,-2,10,-9,11,-16,13,-21,13,-24,13,-27,14,-28,13,-28,13,-27,12,-26,11,-24,10,-21,8,-18,7,42,15,-11,2,-5,-1,1,-3,7,-5,12,-6,16,-6,18,-5,2,-3,-2,-8,-11,-7,-17,5,-10,18,7,22,22,11,14,-24,9,-23,-10,-21,-21,-6,-17,12,-2,18,11,11,12,-3,2,-9,-7,-3,-5,9,9,12,20,0,16,-19,-4,-30,-26,-17,-31,7,-17,27,8,30,24,14,24,-6,0,0,-2,-16,-7,-8,-5,-3,-3,-4,-7,-6,-15,-2,-13,18,-6,23,11,23,25,9,23,-10,10,-20,-5,-18,-12,-9,-11,-1,-8,2,-7,4,-8,7,-5,15,7,20,9,19,32,-5,24,-30,-2,-43,-31,-31,-43,-2,-31,24,-7,33]"
CSI_DATA,56233,d8:b1:90:d9:de:f0,-54,11,-99,-39,55,116,827379361,100,0,228,0,"[-18,-1,-18,1,-18,4,-16,7,-15,10,-12,13,-10,15,97,-7,-4,19,-2,21,0,22,3,23,4,23,6,23,7,22,8,22,8,20,7,18,5,14,3,10,1,5,58,6,-5,-5,-8,-10,-10,-15,-11,-19,-12,-22,-12,-23,0,0,-10,-24,-9,-24,-6,-23,-4,-21,0,-16,3,-11,57,0,10,1,14,7,16,13,17,17,18,21,18,24,18,25,17,26,16,24,14,24,12,22,11,20,9,18,88,0,3,10,1,5,-2,0,-4,-5,-5,-10,-5,-14,-4,-17,-3,1,-3,7,4,12,15,8,20,-5,12,-19,-6,-24,-28,6,-23,7,-10,21,8,20,19,7,15,-9,3,-15,-8,-8,-9,4,1,8,10,0,7,-13,-9,-17,-23,-5,-25,16,-4,30,19,25,31,4,23,-18,4,-26,-13,-19,0,0,-13,7,-5,9,0,5,-2,4,-4,8,2,14,20,7,22,1,18,-15,4,-25,-13,-20,-20,-6,-16,8,-7,12,0,11,2,7,4,8,8,8,15,3,20,-8,19,-9,-8,-32,-31,-22,-41,4,-29,32,-2,42,24,31,32,7]"
CSI_DATA,56234,d8:b1:90:d9:de:f0,-53,11,-99,-40,55,116,827399493,100,0,228,0,"[7,16,9,16,12,13,14,10,16,6,18,1,18,-3,99,-7,17,-11,17,-13,15,-17,14,-19,13,-21,11,-22,9,-23,8,-23,6,-22,4,-19,3,-16,2,-11,2,-5,59,6,2,8,2,13,2,18,2,22,2,25,2,27,0,0,2,28,1,26,0,25,-1,22,-4,17,-5,12,-102,15,-10,-2,-13,-7,-14,-14,-16,-19,-17,-23,-17,-24,-17,-25,-17,-25,-17,-24,-15,-23,-14,-21,-13,-19,-11,-16,-84,15,-4,-9,-1,-5,3,1,8,5,10,9,11,13,11,15,2,3,8,1,9,-9,0,-18,-15,-14,-24,1,-16,20,22,18,21,13,23,-7,9,-20,-9,-19,-17,-4,-12,10,1,12,9,3,3,-7,-8,-5,-13,7,-2,20,18,17,30,-2,19,-26,-6,-32,-27,-17,-30,7,-15,23,6,24,0,0,15,-2,7,-7,2,-5,3,-4,6,-8,0,-15,-20,-10,-24,-3,-21,14,-6,26,13,22,21,7,18,-8,7,-13,0,-12,-3,-8,-4,-7,-9,-7,-15,-1,-18,12,-16,13,14,30,37,15,41,-14,20,-38,-10,-41,-33,-22,-33,4]"
CSI_DATA,56235,d8:b1:90:d9:de:f0,-53,11,-99,-39,55,116,827418639,100,0,228,0,"[14,-11,13,-12,10,-14,7,-16,2,-17,-2,-17,-6,-17,97,-7,-13,-15,-16,-14,-17,-12,-20,-11,-22,-9,-23,-7,-23,-6,-22,-4,-21,-3,-19,-2,-16,-2,-11,-1,-5,-1,58,6,7,-3,12,-4,17,-5,21,-5,24,-5,25,-5,0,0,26,-5,26,-4,24,-2,21,0,17,2,12,4,-124,0,-1,10,-7,13,-13,16,-17,18,-20,18,-22,18,-23,18,-24,19,-23,18,-21,17,-21,16,-18,14,-16,12,36,15,-9,6,-4,1,1,-3,5,-7,9,-9,12,-10,15,-10,2,-2,-1,-7,-10,-7,-16,4,-11,17,6,22,21,12,14,-25,9,-22,-10,-21,-21,-5,-16,11,-1,17,11,9,12,-4,1,-10,-8,-3,-5,9,8,11,20,0,14,-20,-6,-29,-27,-14,-30,9,-13,29,10,28,25,12,22,-8,0,0,-3,-15,-8,-6,-5,-2,-4,-3,-8,-5,-15,2,-8,21,-1,23,15,20,25,3,20,-14,4,-21,-9,-17,-14,-6,-10,1,-7,3,-7,4,-6,9,-1,15,12,17,14,15,28,-15,13,-35,-15,-38,-38,-19,-39,11,-21,33,4,32]"
CSI_DATA,56236,d8:b1:90:d9:de:f0,-53,11,-99,-40,55,116,827428711,100,0,228,0,"[-18,-5,-19,-3,-19,-1,-19,3,-17,7,-15,11,-13,14,99,-7,-8,20,-5,21,-3,22,0,23,3,24,4,25,5,25,7,24,8,21,7,19,7,15,5,10,2,5,59,6,-3,-6,-7,-12,-8,-16,-10,-20,-12,-22,-13,-24,0,0,-12,-25,-11,-24,-9,-23,-7,-20,-3,-16,0,-11,-20,15,9,0,13,6,16,11,18,15,20,19,21,21,22,22,21,22,20,22,19,20,18,19,15,17,13,15,-69,0,6,8,2,4,-3,-1,-6,-7,-8,-11,-9,-14,-9,-16,-4,-2,-7,5,-1,14,12,13,22,1,17,-16,0,-25,-30,0,-25,3,-14,20,6,22,19,10,17,-8,3,-15,-9,-10,-10,3,1,10,12,2,10,-13,-8,-19,-24,-7,-25,15,-6,31,19,26,32,4,24,-19,3,-27,-15,-19,0,0,-12,8,-3,9,0,5,-2,3,-5,8,3,15,19,7,23,-1,17,-19,0,-25,-17,-18,-22,-2,-15,11,-4,14,4,10,5,5,4,5,8,6,15,1,17,-11,17,-15,-14,-29,-34,-14,-40,14,-20,39,10,42,32,22,33,-4]"
CSI_DATA,56237,d8:b1:90:d9:de:f0,-53,11,-99,-38,55,116,827438804,100,0,228,0,"[-4,16,-2,17,0,17,2,16,5,16,9,14,13,12,94,-6,18,8,19,6,21,4,22,2,23,0,24,0,23,0,23,-1,22,-1,19,0,15,0,10,0,4,0,56,5,-5,2,-12,3,-16,4,-20,4,-23,4,-26,3,0,0,-26,2,-26,0,-24,0,-20,-2,-15,-4,-9,-5,-124,14,3,-9,10,-9,16,-10,21,-10,25,-9,28,-8,30,-7,29,-5,29,-4,26,-3,25,-3,22,-1,18,0,-12,0,9,0,4,1,-1,1,-7,2,-11,0,-16,0,-17,-2,0,2,5,5,12,0,12,-11,0,-20,-15,-16,-23,0,0,29,0,24,17,14,21,-2,10,-16,-3,-17,-13,-6,-10,5,0,9,8,0,2,-9,-10,-9,-19,3,-12,21,7,28,27,12,29,-10,13,-27,-9,-28,-24,-12,-22,6,0,0,1,14,6,6,4,2,3,4,6,6,14,1,13,-17,7,-20,-8,-22,-22,-11,-23,5,-12,17,0,18,10,10,9,2,8,0,7,0,10,-4,8,-13,-1,-21,-1,-19,-32,-3,-31,19,-10,38,17,37,37,17,36,-9,18,-26]"
CSI_DATA,56238,d8:b1:90:d9:de:f0,-54,11,-99,-39,55,116,827458673,100,0,228,0,"[-7,-16,-10,-15,-12,-14,-15,-10,-16,-6,-17,-2,-18,2,97,-7,-17,10,-16,13,-15,15,-14,18,-12,20,-11,21,-9,22,-8,22,-6,21,-5,18,-4,15,-3,10,-2,5,58,6,-3,-7,-2,-13,-3,-17,-2,-21,-3,-24,-3,-26,0,0,-3,-27,-2,-26,-1,-24,0,-20,3,-16,5,-11,53,0,10,2,13,7,15,13,17,17,19,21,19,22,19,23,19,24,18,22,17,21,16,19,14,17,12,14,-96,0,6,9,2,4,-4,0,-7,-4,-10,-8,-11,-11,-11,-13,-2,-2,-8,0,-9,9,0,17,16,14,23,-2,15,-19,-22,-18,-20,-13,-22,7,-9,20,8,18,17,4,12,-10,-1,-12,-9,-3,-4,8,9,6,13,-7,2,-19,-17,-16,-29,3,-18,24,7,31,26,17,28,-7,14,-23,-5,-23,0,0,-15,2,-7,8,-3,5,-4,4,-5,8,1,15,20,9,23,2,19,-15,4,-25,-13,-20,-21,-5,-16,9,-6,13,2,11,4,7,5,7,9,6,16,0,17,-13,15,-14,-17,-28,-35,-10,-36,18,-16,40,15,39,34,17,31,-8]"
CSI_DATA,56239,d8:b1:90:d9:de:f0,-53,11,-99,-41,55,116,827468758,100,0,228,0,"[13,12,14,11,16,8,18,4,19,1,18,-4,18,-7,102,-7,14,-14,13,-16,11,-20,10,-22,8,-24,6,-24,5,-25,4,-24,3,-22,2,-20,1,-15,1,-11,1,-5,61,6,3,7,4,12,5,18,5,22,5,25,4,26,0,0,4,27,3,27,1,25,0,22,-3,16,-5,12,-72,15,-10,-2,-12,-8,-14,-14,-16,-20,-15,-24,-16,-26,-15,-27,-16,-27,-14,-25,-13,-25,-12,-22,-11,-21,-9,-18,-116,15,-3,-9,-1,-5,3,1,6,6,7,10,8,15,7,16,3,1,7,-3,5,-12,-6,-16,-20,-8,-22,9,-9,24,27,11,24,7,20,-12,4,-22,-13,-15,-18,1,-9,12,3,11,9,1,2,-8,-9,-4,-11,8,1,21,21,14,31,-5,15,-27,-9,-31,-29,-15,-29,9,-12,24,7,23,0,0,14,-2,7,-7,2,-5,4,-4,5,-8,0,-15,-21,-10,-23,-3,-22,14,-6,26,12,22,21,7,18,-6,7,-12,0,-11,-2,-8,-4,-7,-8,-8,-15,-3,-21,9,-19,11,9,32,34,21,42,-8,26,-36,-3,-42,-29,-28,-33,-2]"
CSI_DATA,56240,d8:b1:90:d9:de:f0,-53,11,-99,-40,55,116,827478767,100,0,228,0,"[12,13,14,12,16,10,17,6,18,2,19,-2,18,-5,99,-7,17,-12,16,-15,15,-17,13,-20,13,-21,12,-22,11,-23,10,-22,8,-21,7,-19,7,-16,5,-10,3,-5,59,6,0,8,0,14,-3,18,-2,23,-3,25,-4,26,0,0,-7,27,-8,26,-9,23,-9,20,-10,14,-10,8,-112,15,-8,-6,-7,-14,-6,-19,-4,-25,-3,-28,-2,-31,-1,-31,1,-31,2,-30,2,-28,2,-26,2,-23,3,-19,3,0,2,-10,3,-3,2,2,1,8,-1,14,-3,16,-4,18,3,2,8,-2,6,-11,-5,-17,-18,-11,-23,6,-12,22,25,15,22,11,22,-10,7,-21,-9,-19,-17,-3,-12,10,1,12,10,4,4,-7,-8,-8,-14,6,-5,20,15,20,31,5,24,-21,1,-33,-22,-23,-31,-1,-21,19,-2,24,0,0,16,3,10,-3,4,-4,5,-2,9,-5,6,-13,-14,-18,-20,-14,-26,3,-18,19,0,25,15,17,19,3,14,-6,6,-10,2,-8,1,-9,-2,-11,-12,-12,-22,-4,-21,-1,-11,32,15,37,39,18,43,-12,24,-37,-5,-40,-25,-23]"
CSI_DATA,56241,d8:b1:90:d9:de:f0,-53,11,-99,-40,55,116,827489149,100,0,228,0,"[17,7,18,5,18,1,18,-3,17,-8,14,-12,11,-15,99,-7,5,-21,2,-22,-1,-22,-4,-24,-7,-24,-9,-23,-11,-22,-12,-21,-12,-19,-11,-17,-10,-13,-7,-9,-2,-5,59,6,8,2,12,6,16,8,19,10,22,12,24,13,0,0,25,12,24,13,22,12,18,12,13,11,8,10,95,0,-7,8,-13,7,-20,7,-24,7,-27,6,-29,6,-30,6,-30,6,-29,6,-27,6,-25,6,-23,6,-19,4,28,15,-10,1,-4,0,2,-3,7,-5,12,-7,16,-7,18,-6,3,0,6,-6,0,-13,-12,-12,-21,1,-15,18,3,25,30,-4,24,-7,11,-22,-9,-20,-20,-5,-15,11,1,16,11,7,8,-6,-4,-9,-10,2,-3,15,15,15,25,-3,18,-26,-9,-30,-29,-14,-30,12,-12,28,11,26,22,9,0,0,7,-14,-2,-10,-3,-5,-2,-6,-5,-9,-14,-7,-19,13,-14,19,3,26,21,16,25,-3,15,-17,0,-19,-10,-11,-10,-4,-9,0,-8,1,-10,6,-7,14,5,21,7,20,33,-3,26,-29,-1,-44,-31,-31,-43,-2,-31,25,-5,34]"
CSI_DATA,56242,d8:b1:90:d9:de:f0,-53,11,-99,-39,55,116,827508912,100,0,228,0,"[16,8,17,7,18,4,17,-1,17,-5,16,-8,15,-12,97,-7,10,-18,8,-19,5,-22,3,-23,1,-24,-1,-24,-2,-24,-4,-23,-4,-21,-4,-19,-4,-15,-2,-11,0,-6,58,6,6,5,8,10,10,14,12,18,13,20,13,22,0,0,14,24,13,23,10,22,8,20,4,16,0,13,2,0,-10,2,-15,-3,-18,-8,-21,-11,-24,-14,-25,-16,-24,-17,-25,-17,-23,-17,-22,-16,-20,-15,-18,-14,-15,-13,59,15,-7,-7,-2,-4,3,0,8,3,11,6,14,10,14,12,3,0,6,-5,2,-13,-10,-13,-21,-3,-18,14,-2,24,29,3,24,0,16,-17,-3,-22,-17,-11,-16,6,-5,14,7,10,10,-2,0,-9,-10,-2,-9,12,7,19,23,8,27,-14,6,-30,-18,-25,-31,-4,-23,18,-4,27,14,19,0,0,12,-7,4,-9,0,-6,2,-6,2,-9,-7,-14,-23,-1,-22,6,-14,21,5,26,20,15,22,-2,13,-13,2,-15,-4,-10,-6,-6,-6,-5,-10,-3,-15,3,-13,16,-11,18,22,24,38,4,33,-25,8,-41,-21,-35,-37,-12,-30,13]"
CSI_DATA,56243,d8:b1:90:d9:de:f0,-53,11,-99,-41,55,116,827528970,100,0,228,0,"[4,18,6,18,9,15,11,13,14,12,16,8,19,5,102,-7,21,0,22,-3,23,-5,23,-8,23,-10,23,-11,22,-11,22,-12,20,-12,18,-10,14,-8,10,-5,5,-1,61,6,-4,7,-9,10,-13,13,-16,15,-19,16,-22,16,0,0,-23,15,-24,13,-23,11,-20,7,-16,3,-12,-1,104,15,-1,-10,4,-14,11,-18,14,-20,19,-21,22,-22,24,-21,24,-20,24,-19,22,-16,21,-15,20,-12,16,-10,-51,0,9,-3,5,0,-1,3,-6,5,-11,7,-15,7,-18,6,2,2,8,2,11,-7,5,-16,-9,-19,-22,-6,-22,11,14,28,13,22,24,4,18,-13,2,-21,-13,-13,-15,1,-6,10,5,8,8,-3,-2,-10,-14,-5,-16,12,-2,26,21,24,31,-1,22,-24,-1,-32,-22,-21,-27,0,-18,16,0,0,9,13,10,4,6,1,6,2,10,2,14,-5,4,-23,-3,-23,-20,-16,-26,1,-19,18,-3,23,10,15,14,5,10,-2,7,-4,6,-4,7,-9,2,-15,-11,-19,-11,-16,-32,11,-20,33,8,43,34,27,44,-1,30,-26,5,-33]"
CSI_DATA,56244,d8:b1:90:d9:de:f0,-53,11,-99,-39,55,116,827549013,100,0,228,0,"[7,-16,5,-17,1,-18,-2,-17,-6,-16,-10,-15,-14,-13,97,-7,-19,-8,-21,-6,-22,-3,-23,0,-24,2,-24,4,-24,6,-23,7,-21,7,-19,6,-16,5,-11,3,-5,0,58,6,5,-6,9,-9,13,-13,15,-15,17,-18,19,-18,0,0,20,-18,20,-16,20,-14,17,-11,15,-7,12,-2,-107,0,5,9,0,14,-3,19,-5,24,-8,26,-9,28,-10,29,-11,28,-10,27,-9,25,-8,23,-9,20,-7,18,-86,15,-5,9,-4,3,-1,-3,1,-9,3,-13,5,-15,7,-17,0,-3,-5,-5,-13,0,-13,12,-1,20,16,17,24,0,-1,-29,-3,-24,-19,-13,-21,6,-9,18,8,16,15,3,9,-9,-3,-9,-9,1,0,12,13,8,18,-9,4,-24,-18,-24,-30,-1,-22,22,0,31,21,20,27,-1,16,-17,0,0,-10,-12,-10,-3,-6,1,-6,-1,-10,0,-12,9,4,22,11,21,24,8,23,-10,9,-22,-7,-21,-16,-9,-14,2,-8,7,-3,7,-2,8,-1,11,8,14,20,8,19,5,17,-28,-8,-36,-34,-23,-42,6,-28,32,0,38,22,24]"
CSI_DATA,56245,d8:b1:90:d9:de:f0,-53,11,-99,-39,55,116,827559713,100,0,228,0,"[-10,14,-8,16,-6,16,-2,17,1,18,5,17,8,16,97,-7,15,15,18,13,19,12,20,11,22,9,23,8,24,7,22,6,21,6,19,6,16,4,10,4,5,3,58,6,-8,1,-13,1,-18,0,-21,-1,-24,-1,-26,-2,0,0,-26,-5,-25,-7,-23,-8,-19,-8,-14,-9,-8,-9,-92,15,6,-8,13,-7,19,-6,24,-5,27,-3,29,-1,30,0,30,1,29,2,27,2,25,3,22,3,19,4,-36,0,9,4,4,3,-3,2,-9,0,-13,-2,-16,-5,-17,-7,0,3,4,6,12,3,15,-8,6,-19,-10,-20,-23,-8,-9,28,-6,23,12,19,21,4,16,-12,1,-18,-11,-10,-12,3,-2,10,8,4,7,-9,-6,-14,-20,-3,-18,17,-2,31,22,21,31,-1,21,-23,-1,-29,-19,-19,-23,-1,0,0,-3,14,3,9,4,5,3,6,6,8,14,5,18,-14,13,-20,-3,-25,-19,-16,-24,0,-17,15,-3,19,7,13,9,6,8,2,8,1,11,-2,12,-11,4,-21,2,-19,-30,-13,-35,11,-21,35,7,42,32,27,38,0,25,-21]"
CSI_DATA,56246,d8:b1:90:d9:de:f0,-53,11,-99,-39,55,116,827578941,100,0,228,0,"[15,9,17,6,17,3,17,-1,17,-6,15,-10,13,-14,97,-7,8,-19,5,-21,1,-22,-1,-23,-5,-23,-7,-23,-9,-23,-10,-22,-11,-19,-10,-17,-9,-13,-6,-10,-1,-6,58,6,8,2,12,5,16,7,20,9,22,10,24,11,0,0,24,11,24,10,22,10,18,10,14,9,8,9,102,0,-5,9,-11,8,-18,8,-22,9,-26,10,-28,10,-29,10,-28,10,-27,11,-25,10,-23,10,-21,9,-18,7,41,15,-9,3,-5,1,1,-4,5,-6,10,-8,14,-10,16,-10,3,0,6,-5,1,-13,-11,-13,-20,-1,-17,16,0,24,29,-1,24,-4,12,-19,-7,-20,-18,-7,-15,10,-1,15,10,7,8,-5,-3,-8,-11,2,-4,14,13,15,24,-2,19,-24,-8,-29,-28,-14,-28,11,-11,27,11,25,22,8,0,0,6,-13,-2,-10,-3,-5,-2,-6,-5,-9,-14,-6,-17,15,-11,21,7,25,22,13,24,-5,12,-18,-2,-18,-11,-10,-11,-1,-8,2,-7,3,-8,7,-5,14,8,19,11,17,31,-9,18,-33,-10,-40,-36,-23,-41,8,-23,30,3,33]"
CSI_DATA,56247,d8:b1:90:d9:de:f0,-53,11,-99,-39,55,116,827598756,100,0,228,0,"[14,11,15,9,16,6,17,2,18,-2,17,-6,16,-10,97,-7,12,-18,9,-20,7,-21,5,-23,4,-23,2,-24,0,-24,-1,-24,-2,-22,-2,-20,-1,-16,0,-12,1,-7,58,6,6,5,8,10,10,15,12,18,13,20,14,22,0,0,13,23,12,23,10,21,8,19,4,16,0,13,-3,15,-10,3,-14,-1,-18,-6,-22,-10,-25,-13,-25,-14,-26,-15,-26,-15,-25,-14,-23,-14,-21,-12,-19,-11,-15,-10,61,15,-7,-6,-2,-4,3,-1,9,2,12,5,16,8,16,10,3,0,6,-4,3,-13,-9,-15,-20,-6,-19,11,-6,24,28,6,23,2,17,-16,-1,-22,-16,-13,-17,4,-6,14,6,10,10,-1,0,-9,-11,-3,-9,11,5,19,23,9,28,-14,7,-30,-17,-26,-30,-6,-24,17,-5,26,14,19,0,0,13,-7,5,-10,2,-7,3,-6,1,-10,-7,-14,-24,0,-22,8,-12,22,6,26,20,14,22,-3,12,-14,0,-14,-5,-9,-6,-5,-7,-4,-11,-3,-15,6,-12,18,-8,19,24,21,38,-2,29,-29,2,-42,-26,-32,-38,-6,-27,17]"
CSI_DATA,56248,d8:b1:90:d9:de:f0,-53,11,-99,-37,54,116,827608748,100,0,228,0,"[16,-8,15,-10,13,-12,10,-15,5,-18,2,-20,-2,-20,102,-7,-9,-20,-11,-20,-14,-19,-16,-18,-20,-16,-21,-14,-22,-14,-21,-12,-21,-11,-18,-10,-15,-8,-9,-6,-4,-5,61,6,8,0,13,0,18,2,23,2,25,3,27,4,0,0,27,6,26,7,25,7,21,8,15,8,8,8,118,0,-6,9,-12,8,-19,8,-24,8,-28,7,-30,7,-31,5,-31,5,-30,5,-28,3,-26,3,-23,2,-20,2,19,15,-10,-1,-4,-2,2,-2,9,-4,14,-3,18,-2,20,-1,2,-2,-1,-7,-9,-8,-18,1,-14,15,1,25,20,16,21,-23,14,-21,-5,-24,-20,-10,-19,7,-5,18,9,12,13,-1,4,-9,-7,-6,-8,7,4,15,20,7,22,-13,7,-32,-20,-25,-32,-3,-24,21,-2,31,18,22,25,2,0,0,3,-14,-3,-10,-4,-5,-3,-6,-7,-8,-15,-5,-18,16,-11,22,6,26,22,14,26,-4,14,-19,0,-20,-9,-12,-10,-3,-8,0,-7,1,-10,5,-9,13,1,22,5,21,33,3,31,-23,8,-43,-23,-38,-42,-12,-37,15,-15,31]"
CSI_DATA,56249,d8:b1:90:d9:de:f0,-53,11,-99,-39,55,116,827619516,100,0,228,0,"[-2,-17,-5,-17,-8,-17,-12,-14,-14,-11,-18,-7,-19,-3,97,-7,-21,4,-21,8,-20,10,-19,14,-18,16,-17,18,-16,20,-13,20,-12,20,-10,17,-9,15,-5,9,-5,4,58,6,-3,-8,-2,-13,-2,-17,-1,-22,-2,-25,-2,-26,0,0,-2,-27,-1,-25,0,-24,1,-20,3,-16,5,-11,65,0,10,2,13,8,15,13,17,18,19,21,20,22,21,22,20,22,20,22,19,19,18,18,16,16,14,13,-96,0,7,8,1,4,-3,1,-7,-3,-12,-7,-13,-10,-14,-12,-2,-2,-7,-1,-11,7,-4,17,11,17,23,5,19,-14,-18,-24,-17,-18,-23,1,-13,17,4,20,16,7,13,-7,0,-13,-9,-5,-6,7,7,9,15,-4,7,-19,-13,-21,-31,-4,-23,21,1,32,23,20,30,-2,17,-20,-2,-24,0,0,-15,0,-8,6,-4,6,-5,4,-6,9,1,15,21,9,23,2,19,-16,3,-25,-15,-19,-22,-4,-16,9,-5,14,3,10,4,6,5,7,9,5,16,-1,16,-15,13,-16,-20,-26,-37,-6,-35,23,-10,42,22,37,37,12,30,-14]"
CSI_DATA,56250,d8:b1:90:d9:de:f0,-53,11,-99,-37,54,116,827629583,100,0,228,0,"[18,4,19,1,18,-1,18,-5,15,-10,12,-13,9,-16,102,-7,3,-21,1,-22,-2,-24,-5,-24,-8,-24,-9,-24,-11,-24,-12,-22,-12,-20,-10,-18,-9,-14,-6,-10,-2,-6,61,6,8,2,12,5,15,9,20,11,23,13,24,14,0,0,24,16,23,15,21,15,16,14,11,13,5,11,63,0,-8,7,-14,4,-21,3,-25,1,-29,-1,-31,-1,-31,-2,-31,-2,-30,-2,-28,-2,-26,-1,-23,-2,-20,-2,23,15,-10,-2,-3,-2,3,-3,9,-2,15,-1,18,0,20,2,3,0,5,-6,-2,-13,-14,-10,-21,3,-13,20,6,25,29,-6,24,-8,9,-22,-10,-20,-20,-5,-14,11,1,15,10,6,8,-6,-3,-8,-11,2,-4,15,14,15,25,-2,21,-25,-6,-31,-28,-16,-31,8,-14,27,7,27,21,12,0,0,9,-12,1,-10,-2,-6,0,-6,-4,-10,-13,-10,-22,10,-18,18,-1,27,18,21,26,2,19,-14,4,-19,-6,-14,-10,-5,-7,-1,-8,-1,-10,2,-11,11,-2,21,0,21,33,8,34,-19,13,-41,-18,-41,-39,-18,-38,12,-18,29]"
CSI_DATA,56251,d8:b1:90:d9:de:f0,-53,11,-99,-41,55,116,827648778,100,0,228,0,"[-15,-8,-16,-7,-18,-4,-18,0,-18,4,-15,9,-14,12,102,-7,-10,19,-8,21,-5,23,-3,24,-1,25,1,26,3,26,4,25,4,23,4,20,3,16,2,11,-1,6,61,6,-6,-5,-9,-9,-11,-14,-13,-19,-14,-21,-14,-23,0,0,-15,-24,-14,-23,-11,-22,-8,-19,-5,-16,0,-12,-9,15,10,-2,15,3,20,7,23,11,25,13,26,15,26,16,26,16,25,16,23,14,22,14,19,12,16,11,-65,0,7,6,1,3,-4,0,-9,-3,-13,-6,-15,-9,-16,-11,-3,0,-6,5,-2,13,10,14,21,3,19,-14,2,-25,-30,-4,-25,0,-16,18,2,22,16,11,18,-5,5,-14,-7,-10,-9,2,0,9,10,2,9,-12,-7,-20,-25,-8,-29,15,-6,31,19,26,32,4,25,-19,4,-28,-14,-20,0,0,-12,7,-5,9,-2,6,-2,6,-1,11,8,14,25,1,24,-8,12,-23,-6,-26,-22,-14,-23,3,-12,15,0,15,6,9,6,5,6,4,10,3,14,-4,12,-18,10,-19,-23,-23,-39,-1,-32,27,-5,43,24,36,38,9,30,-15]"
CSI_DATA,56252,d8:b1:90:d9:de:f0,-53,11,-99,-39,55,116,827658766,100,0,228,0,"[-12,13,-11,15,-8,16,-5,17,-1,18,3,18,8,18,97,-7,14,16,17,15,18,14,20,12,22,11,23,9,23,8,23,7,22,6,19,6,16,5,10,5,5,4,58,6,-7,3,-13,3,-18,3,-21,3,-24,3,-26,2,0,0,-27,0,-26,-1,-24,-2,-20,-4,-15,-5,-9,-6,-122,15,4,-10,11,-10,17,-10,22,-10,26,-10,28,-10,29,-10,29,-8,28,-8,26,-7,24,-7,22,-5,18,-4,-30,0,9,-1,5,1,-2,3,-8,4,-13,4,-17,3,-18,1,0,3,4,6,12,4,16,-7,8,-19,-8,-21,-22,-9,-12,29,-7,23,12,20,22,4,16,-12,1,-18,-11,-10,-12,3,-2,10,9,4,7,-9,-7,-14,-20,-3,-18,17,0,32,23,20,31,-3,20,-24,-3,-30,-21,-17,-24,2,0,0,-1,15,5,9,4,4,4,5,8,7,16,2,14,-18,7,-22,-11,-23,-24,-10,-23,8,-11,19,3,18,11,10,10,2,7,-1,7,-2,10,-5,7,-14,-4,-21,-6,-20,-33,1,-28,25,-4,41,26,34,41,9,34,-19,11,-31]"
CSI_DATA,56253,d8:b1:90:d9:de:f0,-53,11,-99,-41,55,116,827678998,100,0,228,0,"[16,-5,16,-8,13,-10,11,-13,7,-15,3,-18,-2,-19,102,-7,-9,-19,-12,-19,-15,-16,-18,-15,-21,-13,-22,-13,-23,-11,-24,-9,-22,-8,-20,-6,-16,-5,-10,-4,-5,-4,61,6,7,-3,13,-4,19,-4,22,-5,25,-6,27,-5,0,0,27,-5,26,-5,25,-4,21,-2,16,0,11,4,-118,0,-1,10,-6,13,-11,16,-15,20,-19,22,-21,23,-22,23,-21,23,-20,23,-18,21,-16,20,-14,18,-12,13,95,15,-7,5,-4,1,0,-4,3,-8,7,-13,10,-15,12,-16,2,-2,1,-8,-8,-9,-18,-1,-15,14,0,25,18,18,20,-22,14,-21,-6,-23,-20,-10,-19,8,-5,18,9,12,12,-1,3,-9,-7,-4,-7,8,6,13,21,3,19,-19,-2,-32,-25,-19,-32,6,-18,26,7,30,24,14,24,-6,0,0,-1,-15,-7,-7,-6,-4,-5,-5,-10,-5,-16,3,-7,24,2,25,20,19,27,0,19,-18,1,-24,-11,-14,-14,-2,-10,4,-6,5,-4,6,-4,11,2,15,16,14,16,11,26,-22,5,-39,-25,-34,-43,-8,-37,23,-10,39,15,30]"
CSI_DATA,56254,d8:b1:90:d9:de:f0,-53,11,-99,-41,55,116,827689379,100,0,228,0,"[7,-16,5,-18,1,-18,-2,-18,-6,-16,-10,-14,-14,-12,102,-7,-20,-8,-21,-6,-23,-4,-24,-1,-25,1,-25,2,-25,4,-24,5,-23,5,-20,4,-16,4,-11,1,-6,-1,61,6,5,-6,10,-9,15,-11,18,-13,21,-15,23,-15,0,0,24,-14,24,-12,23,-11,20,-8,16,-4,11,1,-116,0,2,10,-4,14,-8,18,-12,22,-16,24,-18,25,-20,25,-19,24,-19,24,-16,21,-16,20,-14,16,-12,13,90,15,-8,6,-4,0,0,-4,4,-8,9,-12,12,-13,14,-14,-1,-3,-6,-5,-12,0,-12,12,-1,21,16,16,25,0,0,-31,-3,-25,-20,-14,-22,5,-9,18,6,18,15,4,9,-8,-2,-9,-8,1,-1,11,13,8,19,-7,7,-25,-15,-29,-31,-5,-26,20,-4,31,19,25,27,4,20,-13,0,0,-6,-13,-9,-5,-6,-2,-7,-3,-11,-2,-15,7,-2,25,6,24,23,14,27,-4,15,-21,-2,-23,-13,-13,-15,-1,-9,5,-5,6,-4,6,-4,10,2,15,14,14,18,12,27,-20,7,-38,-22,-37,-42,-12,-39,19,-16,36,10,32]"
CSI_DATA,56255,d8:b1:90:d9:de:f0,-53,11,-99,-39,55,116,827700250,100,0,228,0,"[-17,-5,-18,-3,-18,0,-17,5,-16,10,-13,13,-11,16,97,-7,-4,20,-2,22,2,23,5,24,7,23,10,23,11,22,12,21,12,19,11,16,9,13,6,10,2,6,58,6,-9,0,-13,-3,-17,-5,-20,-7,-23,-9,-24,-9,0,0,-26,-10,-25,-10,-21,-9,-18,-10,-13,-9,-7,-8,-105,15,6,-8,13,-8,19,-8,23,-8,27,-8,29,-8,29,-8,30,-8,28,-8,27,-7,24,-8,21,-6,18,-6,-48,0,10,-3,3,0,-1,3,-7,5,-12,7,-14,7,-17,7,-2,1,-4,6,3,12,14,9,20,-4,12,-19,-7,-24,-29,7,-23,9,-9,21,10,19,19,4,13,-12,-2,-15,-12,-5,-8,7,4,8,11,-3,2,-15,-15,-14,-24,4,-18,27,9,29,29,13,29,-13,10,-28,-11,-25,-22,-9,0,0,-7,13,1,10,3,6,2,7,6,9,15,5,18,-14,12,-20,-6,-25,-23,-13,-24,6,-13,18,3,19,10,10,11,2,7,-1,8,-2,8,-6,7,-14,-4,-20,-7,-20,-32,5,-23,30,4,41,32,28,42,-1,27,-27,2,-33]"
CSI_DATA,56256,d8:b1:90:d9:de:f0,-53,11,-99,-41,55,116,827718890,100,0,228,0,"[-6,-18,-7,-16,-11,-14,-14,-11,-16,-6,-18,-2,-19,2,102,-7,-18,10,-18,13,-15,16,-14,20,-11,22,-10,24,-8,24,-6,24,-5,23,-3,21,-3,16,-2,12,-2,5,61,6,-6,-7,-8,-11,-9,-16,-9,-20,-11,-23,-12,-25,0,0,-13,-25,-12,-25,-10,-22,-8,-20,-5,-15,-1,-12,8,0,10,-2,15,2,21,5,24,8,26,10,28,11,28,11,29,11,28,9,27,9,24,8,22,7,19,5,-46,0,9,3,2,2,-4,2,-10,1,-14,0,-18,-1,-20,-3,-2,-2,-7,-1,-9,9,0,18,15,14,23,-1,16,-20,-23,-20,-21,-13,-23,7,-8,21,9,19,18,2,10,-10,-3,-12,-9,-2,-3,8,9,5,12,-9,-1,-21,-21,-14,-32,7,-13,29,12,30,31,11,28,-13,9,-26,-10,-22,0,0,-13,5,-6,8,-2,6,-3,6,-1,11,8,15,25,0,24,-9,11,-24,-10,-26,-24,-10,-22,7,-9,18,3,15,8,8,7,3,7,2,10,1,13,-8,7,-20,4,-20,-30,-13,-37,12,-19,38,12,42,37,21,39,-9,19,-27]"
CSI_DATA,56257,d8:b1:90:d9:de:f0,-53,11,-99,-39,55,116,827729171,100,0,228,0,"[-14,-12,-16,-10,-17,-8,-18,-3,-18,0,-18,5,-17,8,97,-7,-14,15,-12,18,-10,20,-8,22,-6,23,-4,24,-2,25,-1,24,0,23,-1,20,-1,16,-1,12,-3,6,58,6,-7,-6,-9,-10,-11,-15,-11,-19,-13,-21,-13,-23,0,0,-13,-24,-11,-23,-9,-21,-7,-19,-4,-15,1,-11,-5,15,10,-1,14,4,19,9,22,12,24,15,25,16,25,17,25,17,25,16,23,15,21,14,19,12,16,11,-59,0,7,6,3,3,-4,0,-8,-3,-12,-5,-15,-8,-15,-10,-3,0,-6,4,-3,12,8,15,20,6,20,-11,6,-24,-30,-9,-24,-4,-18,15,-1,22,15,13,18,-3,7,-14,-6,-11,-10,1,-1,9,11,4,11,-11,-4,-20,-22,-11,-30,11,-10,29,15,28,30,9,25,-14,7,-26,-11,-20,0,0,-13,4,-6,8,-3,6,-3,7,-2,11,8,15,24,3,23,-7,13,-22,-6,-25,-20,-14,-22,3,-12,15,0,14,5,9,5,5,6,4,10,4,15,-4,13,-16,10,-18,-24,-22,-37,-1,-31,28,-4,43,25,33,38,8,28,-17]"
CSI_DATA,56258,d8:b1:90:d9:de:f0,-53,11,-99,-41,55,116,827748915,100,0,228,0,"[-16,7,-16,9,-14,11,-11,14,-7,16,-4,18,0,19,102,-7,6,20,9,20,12,19,14,19,18,18,19,16,19,16,20,15,19,13,16,13,13,10,8,8,3,6,61,6,-8,1,-14,-1,-19,-3,-21,-5,-25,-7,-26,-8,0,0,-26,-9,-25,-10,-23,-10,-19,-10,-13,-10,-7,-9,-88,15,8,-7,14,-5,21,-3,26,-2,29,1,30,2,31,2,31,3,30,3,27,4,25,3,23,3,19,4,-28,0,8,3,3,2,-4,1,-10,0,-14,-1,-19,-3,-19,-5,-1,3,0,8,9,9,18,0,15,-15,0,-23,-18,-19,-22,20,-16,19,2,24,19,13,20,-5,8,-16,-7,-13,-12,-2,-5,8,6,6,9,-6,-2,-14,-19,-9,-23,10,-11,31,15,27,32,8,28,-16,7,-30,-13,-24,-23,-7,0,0,-6,13,1,10,1,6,2,8,6,11,15,8,22,-12,15,-20,-2,-27,-21,-19,-27,0,-18,15,-3,20,7,13,9,5,7,1,7,1,10,-1,12,-8,5,-21,2,-21,-30,-12,-37,12,-20,38,10,42,34,24,40,-4,23,-24]"
CSI_DATA,56259,d8:b1:90:d9:de:f0,-53,11,-99,-39,55,116,827768741,100,0,228,0,"[-4,17,-2,18,2,19,5,17,9,15,13,13,17,10,97,-7,21,2,21,-1,21,-4,22,-7,22,-10,21,-13,20,-14,18,-15,16,-15,14,-14,12,-11,9,-8,5,-2,58,6,1,8,-2,14,-2,18,-3,21,-3,24,-3,26,0,0,-4,26,-4,26,-4,23,-4,20,-5,15,-6,9,-80,15,-9,-4,-10,-10,-12,-16,-13,-21,-15,-24,-16,-25,-16,-25,-17,-25,-17,-24,-16,-22,-15,-20,-14,-18,-11,-15,120,15,-5,-8,-1,-4,4,1,8,5,11,9,13,12,14,14,2,3,7,4,12,-3,9,-14,-4,-20,-20,-12,-23,7,8,29,11,22,23,6,18,-13,2,-20,-14,-12,-14,3,-5,12,7,7,7,-5,-5,-9,-15,0,-11,17,9,23,31,12,27,-15,8,-30,-17,-26,-30,-5,-22,16,-4,23,0,0,14,5,9,-3,6,-4,7,-4,8,-9,2,-17,-20,-14,-25,-5,-23,14,-7,26,13,22,22,6,17,-8,6,-13,-2,-10,-4,-5,-4,-6,-8,-7,-15,-2,-18,12,-15,15,15,28,36,12,37,-18,14,-39,-16,-38,-35,-16,-31,10]"
CSI_DATA,56260,d8:b1:90:d9:de:f0,-53,11,-99,-37,54,116,827778852,100,0,228,0,"[-7,16,-6,19,-2,19,2,19,6,18,10,15,13,13,102,-7,20,8,22,6,23,3,25,0,25,-2,25,-5,24,-6,24,-7,22,-8,20,-7,16,-6,11,-3,7,0,61,6,-3,9,-5,12,-10,15,-13,19,-15,21,-16,22,0,0,-18,23,-18,21,-16,19,-14,15,-13,10,-10,4,-135,15,-5,-9,-2,-15,1,-22,2,-26,4,-29,5,-30,5,-31,5,-31,5,-30,4,-28,4,-26,3,-23,3,-20,37,0,2,-9,1,-3,2,3,1,10,1,14,0,18,-3,20,1,3,6,5,12,-1,11,-12,0,-22,-18,-15,-26,2,1,31,4,25,21,12,22,-6,8,-19,-8,-16,-15,-3,-9,9,4,9,8,-2,-1,-10,-14,-5,-16,12,-2,26,23,25,31,-2,21,-26,-4,-33,-24,-20,-28,3,-15,19,0,0,10,11,10,3,7,0,8,0,11,-3,10,-14,-7,-25,-18,-19,-27,-2,-22,18,-4,26,13,20,20,5,14,-7,5,-9,2,-7,2,-6,-1,-10,-9,-11,-21,-5,-22,-1,-10,32,16,36,40,16,42,-14,20,-39,-10,-39,-28,-19]"
CSI_DATA,56261,d8:b1:90:d9:de:f0,-53,11,-99,-39,55,116,827789098,100,0,228,0,"[8,16,10,15,13,14,15,11,18,8,18,4,20,0,97,-7,19,-7,19,-9,19,-12,18,-14,17,-16,17,-18,15,-18,14,-19,13,-18,11,-16,10,-13,8,-9,6,-3,58,6,2,8,0,14,-1,18,-3,22,-4,24,-5,26,0,0,-6,26,-7,25,-8,22,-8,18,-8,13,-8,7,-98,15,-7,-7,-6,-14,-5,-20,-4,-24,-3,-28,-2,-30,-1,-32,-1,-30,-1,-30,-1,-27,0,-25,0,-22,0,-19,5,0,1,-9,1,-4,2,2,1,8,1,13,-1,18,-2,19,3,0,8,-2,8,-10,-2,-17,-16,-14,-23,2,-16,18,23,22,20,15,23,-5,11,-19,-7,-19,-17,-7,-14,7,-2,12,8,5,6,-7,-6,-8,-15,3,-7,19,11,22,31,10,25,-17,6,-31,-17,-26,-28,-6,-22,15,-5,23,0,0,14,6,10,-1,6,-2,8,-2,10,-7,6,-16,-14,-20,-21,-13,-26,5,-16,21,2,25,16,15,18,1,11,-9,3,-9,0,-7,0,-6,-2,-10,-10,-11,-21,-3,-22,1,-8,32,18,33,39,14,40,-16,18,-38,-10,-37,-28,-18]"
CSI_DATA,56262,d8:b1:90:d9:de:f0,-53,11,-99,-39,55,116,827808848,100,0,228,0,"[-7,17,-6,18,-3,18,0,19,4,18,7,18,10,16,97,-7,16,13,18,11,20,10,21,9,23,7,24,5,23,5,23,4,22,3,19,4,16,4,10,4,5,4,58,6,-8,5,-13,5,-18,5,-22,4,-24,3,-26,2,0,0,-26,0,-25,-1,-23,-3,-19,-4,-14,-6,-8,-6,-106,15,6,-7,13,-8,20,-7,25,-6,28,-5,30,-4,31,-3,30,-1,30,-1,27,0,26,0,23,1,19,2,-26,0,10,2,3,2,-3,1,-9,1,-14,-1,-17,-4,-18,-6,2,2,6,4,12,0,12,-11,1,-20,-15,-18,-25,-2,-6,31,-2,24,16,17,22,0,14,-15,-3,-18,-13,-8,-12,5,-1,10,8,2,5,-9,-8,-12,-20,0,-16,19,2,33,25,18,31,-4,18,-24,-3,-29,-20,-17,-23,2,0,0,-3,14,4,10,4,6,4,6,8,8,17,3,18,-17,9,-23,-8,-25,-23,-14,-24,5,-14,17,1,19,9,11,10,3,7,0,6,1,10,-2,11,-10,4,-21,2,-22,-30,-11,-34,14,-18,37,11,41,35,24,39,-3,24,-24]"
CSI_DATA,56263,d8:b1:90:d9:de:f0,-53,11,-99,-39,55,116,827819245,100,0,228,0,"[-3,18,-1,19,3,19,6,18,10,16,13,13,16,11,97,-7,20,4,21,1,21,-2,22,-5,22,-7,22,-10,22,-11,20,-11,18,-12,17,-10,14,-8,10,-5,7,0,58,6,-1,9,-4,13,-6,17,-8,20,-10,23,-11,24,0,0,-12,24,-12,23,-12,20,-11,17,-11,12,-9,6,-108,15,-6,-8,-5,-14,-4,-21,-2,-25,-2,-28,-1,-30,-1,-31,-1,-31,-1,-30,-1,-28,-1,-25,-1,-23,-1,-19,-22,15,1,-10,1,-3,2,3,3,9,3,14,1,17,0,19,3,2,7,2,12,-4,8,-15,-6,-20,-20,-10,-24,7,8,31,10,22,23,7,20,-12,4,-20,-12,-13,-16,1,-6,11,6,8,9,-4,-3,-10,-15,-2,-14,14,4,24,27,19,30,-8,15,-27,-10,-30,-27,-13,-26,9,-11,21,0,0,11,9,10,0,7,-1,8,-2,11,-5,8,-15,-12,-22,-20,-14,-26,3,-17,21,2,25,17,15,19,1,12,-10,3,-9,0,-6,0,-6,-2,-10,-11,-10,-21,-1,-22,2,-6,32,21,31,40,10,38,-21,13,-40,-16,-36,-30,-14]"
CSI_DATA,56264,d8:b1:90:d9:de:f0,-53,11,-99,-40,55,116,827829244,100,0,228,0,"[-14,-11,-16,-9,-17,-7,-17,-4,-17,0,-17,4,-16,8,99,-7,-14,15,-11,17,-9,19,-8,20,-6,23,-5,23,-3,24,-3,23,-2,22,-2,20,-2,16,-3,11,-4,6,59,6,-6,-7,-8,-12,-9,-16,-9,-20,-10,-23,-10,-25,0,0,-9,-26,-7,-25,-6,-23,-3,-20,0,-15,4,-11,45,0,10,1,13,7,16,14,18,17,19,21,20,23,20,25,19,24,18,24,17,22,15,20,13,18,11,16,123,0,3,9,0,4,-5,-1,-8,-7,-11,-11,-11,-14,-10,-16,-3,1,-6,5,-2,12,9,14,20,5,20,-12,7,-24,-29,-9,-24,-3,-19,14,-2,22,14,14,18,-1,8,-12,-5,-11,-9,-1,-2,7,9,3,11,-10,-4,-19,-22,-12,-32,9,-13,28,11,29,28,13,28,-11,11,-24,-6,-22,0,0,-15,1,-9,6,-6,6,-6,7,-4,12,5,18,25,8,26,-2,18,-19,0,-27,-17,-19,-24,-2,-16,11,-4,15,3,10,5,6,4,5,8,7,15,1,18,-11,15,-12,-13,-30,-34,-16,-40,13,-22,37,8,42,30,24,33,-2]"
CSI_DATA,56265,d8:b1:90:d9:de:f0,-53,11,-99,-40,55,116,827848711,100,0,228,0,"[-17,2,-18,5,-16,9,-13,12,-10,15,-6,17,-2,18,99,-7,7,19,11,18,14,16,17,15,19,13,21,10,22,9,22,7,21,5,19,5,16,4,11,4,5,4,59,6,-6,7,-11,9,-14,11,-18,13,-20,14,-22,16,0,0,-21,17,-21,16,-19,14,-17,12,-14,8,-11,3,120,15,-4,-9,-2,-15,0,-20,1,-25,1,-28,1,-30,1,-31,1,-31,0,-30,-1,-27,-2,-26,-2,-23,-2,-19,-36,15,1,-10,2,-3,4,3,6,9,8,14,7,16,7,18,-2,3,0,7,8,9,17,2,16,-13,1,-23,-16,-18,-22,21,-14,20,5,23,20,10,18,-8,4,-17,-10,-11,-12,2,-3,9,7,3,4,-8,-9,-11,-19,2,-12,21,10,32,29,11,28,-14,8,-30,-15,-25,-26,-6,-20,12,0,0,6,13,9,5,7,3,9,2,14,-2,13,-13,-7,-25,-17,-20,-27,-2,-21,17,-3,26,15,19,20,3,13,-9,4,-10,0,-8,0,-6,-3,-10,-12,-9,-21,2,-20,5,0,33,26,27,42,1,32,-29,3,-43,-25,-30,-33,-4]"
CSI_DATA,56266,d8:b1:90:d9:de:f0,-53,11,-99,-40,55,116,827858750,100,0,228,0,"[13,-13,14,-15,12,-16,9,-18,5,-18,1,-19,-2,-19,99,-7,-9,-18,-11,-18,-14,-17,-15,-16,-17,-15,-19,-15,-19,-14,-19,-13,-18,-12,-15,-11,-13,-9,-8,-7,-2,-5,59,6,9,-1,14,2,18,4,21,7,23,9,25,10,0,0,24,12,22,12,20,13,16,12,11,11,5,9,58,0,-8,3,-15,0,-20,-3,-24,-7,-26,-9,-27,-12,-28,-13,-27,-13,-26,-13,-24,-13,-22,-12,-19,-11,-17,-10,65,15,-8,-5,-3,-2,4,2,8,6,11,9,13,12,13,15,1,-3,-2,-7,-11,-6,-16,4,-11,18,6,22,21,13,19,-25,12,-21,-7,-22,-20,-10,-19,7,-5,17,8,13,13,1,5,-9,-6,-7,-9,6,2,14,18,9,22,-9,12,-28,-13,-26,-30,-8,-27,14,-10,27,11,24,20,9,0,0,8,-11,0,-8,0,-5,0,-7,-3,-12,-13,-11,-22,5,-19,16,-4,26,14,23,24,7,21,-10,8,-18,-4,-15,-8,-6,-6,-2,-4,-3,-8,-4,-13,2,-13,15,-13,18,21,24,38,6,36,-22,13,-42,-17,-39,-36,-16,-32,8]"
CSI_DATA,56267,d8:b1:90:d9:de:f0,-53,11,-99,-40,55,116,827869964,100,0,228,0,"[-4,-18,-6,-18,-8,-17,-10,-15,-14,-13,-15,-9,-18,-6,99,-7,-20,-1,-20,2,-20,5,-21,7,-21,10,-21,11,-21,12,-19,12,-18,12,-16,10,-13,7,-11,4,-6,0,59,6,1,-10,4,-15,8,-17,11,-20,13,-22,14,-23,0,0,17,-22,17,-20,16,-18,15,-14,13,-9,11,-3,-121,0,4,10,0,16,-4,20,-7,24,-10,27,-11,29,-13,29,-13,28,-13,27,-13,25,-12,23,-12,20,-11,17,-123,15,-7,8,-4,3,-1,-4,3,-9,6,-13,9,-15,11,-15,-4,-2,-8,0,-9,9,-2,17,11,17,22,5,21,-14,-14,-29,-14,-20,-23,-4,-17,14,-1,20,13,12,15,-2,6,-11,-5,-7,-7,3,3,9,14,2,13,-14,-3,-24,-26,-22,-29,6,-16,26,6,30,24,16,26,-5,14,-18,0,0,-8,-10,-10,-4,-8,-1,-8,-1,-13,3,-13,13,5,25,14,21,26,6,24,-13,9,-25,-9,-21,-17,-9,-15,3,-7,8,-3,7,-3,6,-2,10,5,14,17,12,19,10,22,-24,1,-39,-27,-32,-44,-6,-36,23,-11,39,14,31]"
CSI_DATA,56268,d8:b1:90:d9:de:f0,-53,11,-99,-37,54,116,827888693,100,0,228,0,"[16,9,19,8,20,6,20,2,20,-2,19,-6,19,-9,102,-7,13,-15,11,-18,9,-20,7,-22,5,-24,4,-24,2,-24,2,-24,1,-22,1,-20,1,-15,2,-11,3,-4,61,6,7,7,8,12,9,16,10,21,10,24,10,25,0,0,9,26,9,26,7,23,5,21,2,15,-2,11,-9,15,-9,-2,-12,-7,-16,-14,-18,-19,-19,-22,-20,-24,-19,-25,-20,-26,-19,-24,-18,-24,-15,-21,-13,-20,-11,-18,114,15,-4,-9,-1,-4,3,2,7,7,9,12,9,15,9,18,3,-1,5,-5,1,-13,-10,-13,-22,-3,-20,14,-4,26,31,7,26,2,19,-16,-1,-23,-15,-13,-18,4,-7,14,6,11,10,-1,2,-9,-9,-4,-10,10,3,21,22,12,32,-8,12,-28,-11,-29,-30,-12,-27,12,-10,25,7,22,0,0,13,-2,7,-6,4,-5,6,-6,5,-11,-4,-18,-24,-8,-26,2,-20,20,0,29,19,20,24,2,16,-12,4,-15,-4,-10,-4,-5,-4,-5,-7,-7,-14,-3,-19,9,-19,12,10,31,36,20,43,-10,25,-37,-5,-43,-31,-28,-36,0]"
CSI_DATA,56269,d8:b1:90:d9:de:f0,-54,11,-99,-39,55,116,827898872,100,0,228,0,"[11,-15,10,-17,8,-18,4,-19,1,-19,-2,-19,-6,-18,97,-7,-12,-16,-15,-15,-17,-13,-19,-12,-20,-11,-22,-10,-21,-8,-21,-8,-20,-7,-17,-7,-14,-6,-9,-6,-3,-5,58,6,9,-4,13,-3,18,-2,22,0,25,1,27,2,0,0,27,4,26,5,23,6,19,7,15,7,8,7,99,0,-7,6,-13,6,-19,5,-25,3,-28,2,-30,0,-30,-1,-30,-2,-30,-2,-27,-3,-25,-3,-22,-3,-19,-3,26,15,-9,-3,-4,-2,3,-1,9,1,14,2,17,6,18,9,-1,-3,-5,-6,-13,-3,-15,9,-6,20,11,21,24,8,12,-29,6,-23,-12,-20,-22,-5,-17,12,-1,18,12,11,13,-3,3,-10,-8,-5,-7,8,5,13,19,4,18,-15,4,-31,-20,-21,-30,0,-22,21,-2,28,17,20,22,2,0,0,4,-14,-2,-9,-2,-6,-2,-8,-8,-10,-16,-5,-19,14,-13,22,5,27,22,16,26,-2,16,-17,1,-20,-9,-12,-9,-4,-6,-1,-6,-1,-9,1,-11,8,-6,19,-4,21,29,14,36,-10,23,-34,-6,-43,-32,-28,-39,-1,-26,21]"
CSI_DATA,56270,d8:b1:90:d9:de:f0,-53,11,-99,-41,55,116,827909037,100,0,228,0,"[7,18,10,18,13,15,15,12,18,9,19,5,21,2,102,-7,20,-6,20,-10,18,-13,16,-16,14,-19,12,-21,11,-22,9,-21,7,-20,7,-18,6,-14,5,-9,4,-4,61,6,5,9,6,13,6,18,7,23,7,24,8,26,0,0,8,26,8,26,7,24,5,21,2,16,-1,10,-36,15,-9,-2,-13,-6,-18,-11,-20,-15,-22,-18,-24,-20,-24,-20,-25,-21,-24,-19,-23,-18,-21,-15,-19,-14,-16,-11,85,15,-8,-6,-2,-3,3,0,8,3,13,7,14,9,16,11,3,1,8,-2,8,-10,-1,-18,-15,-14,-24,2,-15,21,24,23,22,14,24,-7,9,-22,-8,-20,-19,-3,-12,10,2,13,10,3,5,-7,-8,-7,-13,7,-2,20,16,16,33,0,18,-25,-6,-31,-27,-15,-28,7,-13,23,6,22,0,0,13,-2,7,-5,4,-5,5,-5,5,-12,-5,-16,-24,-7,-26,5,-18,22,3,28,22,16,24,-2,13,-15,1,-15,-6,-9,-5,-3,-5,-4,-8,-4,-14,2,-14,14,-13,18,22,26,40,3,34,-27,6,-44,-25,-37,-40,-9,-31,16]"
CSI_DATA,56271,d8:b1:90:d9:de:f0,-53,11,-99,-41,55,116,827929064,100,0,228,0,"[-19,-1,-20,1,-21,4,-20,7,-16,10,-15,13,-12,16,102,-7,-6,20,-3,21,0,22,2,23,4,23,7,23,8,22,8,21,8,20,7,18,5,14,3,10,-1,5,61,6,-9,-4,-11,-8,-15,-11,-18,-14,-19,-15,-20,-19,0,0,-20,-20,-19,-19,-16,-18,-12,-16,-8,-13,-3,-10,-31,15,8,-2,13,1,19,6,23,9,26,11,27,13,28,14,28,13,27,14,25,13,23,12,21,12,18,11,-65,0,8,6,3,3,-3,0,-9,-3,-12,-7,-14,-11,-15,-13,-3,3,-2,7,5,12,15,8,21,-6,11,-22,-7,-24,-33,7,-24,10,-8,23,10,21,21,5,15,-12,0,-16,-11,-8,-9,5,2,9,11,0,6,-13,-10,-16,-25,-2,-25,20,0,31,22,21,30,-1,20,-22,-1,-26,-16,-15,0,0,-11,8,-3,8,-1,6,-2,7,0,12,11,14,25,-1,23,-13,10,-26,-11,-26,-25,-10,-23,8,-9,19,4,15,7,7,6,3,5,2,9,3,13,-3,13,-16,12,-19,-23,-24,-39,-3,-34,27,-7,44,23,38,39,12,32,-13]"
CSI_DATA,56272,d8:b1:90:d9:de:f0,-54,11,-99,-39,55,116,827949015,100,0,228,0,"[-18,-3,-19,-2,-20,0,-19,4,-19,6,-17,9,-16,12,97,-7,-11,17,-10,18,-7,20,-6,21,-5,22,-3,23,-2,22,-2,21,-2,21,-2,18,-2,14,-2,9,-4,4,58,6,-6,-8,-5,-13,-6,-17,-5,-21,-4,-24,-3,-26,0,0,-2,-27,-1,-26,1,-23,2,-20,3,-15,5,-10,63,0,6,5,7,11,7,18,5,23,5,27,4,28,3,29,2,29,1,29,1,27,0,25,0,23,-1,20,-22,15,-2,10,0,4,-1,-2,1,-9,2,-13,6,-17,8,-18,-3,2,-3,7,2,13,13,10,21,-2,15,-18,-1,-25,-32,-1,-24,2,-14,19,3,22,18,12,18,-5,7,-14,-6,-11,-11,0,-2,9,9,5,12,-8,0,-20,-18,-15,-30,3,-16,24,6,29,25,17,27,-4,15,-19,-2,-22,0,0,-13,-2,-8,4,-5,3,-7,3,-9,8,-3,17,16,16,23,9,25,-9,14,-25,-6,-25,-19,-13,-20,2,-11,11,-2,11,1,6,0,5,2,8,9,10,19,4,21,4,11,-29,-13,-36,-36,-21,-42,8,-26,33,1,40,22,25]"
CSI_DATA,56273,d8:b1:90:d9:de:f0,-53,11,-99,-40,55,116,827959316,100,0,228,0,"[-4,-18,-7,-19,-10,-18,-12,-16,-15,-14,-18,-10,-20,-6,99,-7,-21,1,-21,4,-21,8,-20,10,-19,12,-19,14,-18,16,-16,17,-14,16,-12,14,-10,11,-8,7,-5,2,59,6,-1,-9,1,-15,3,-19,3,-23,3,-26,4,-27,0,0,4,-27,5,-26,5,-24,5,-20,5,-15,6,-9,90,0,6,4,7,12,6,17,7,22,8,26,9,29,9,30,9,29,9,29,9,27,8,25,8,23,7,19,50,0,2,10,0,5,-2,-1,-4,-8,-4,-14,-5,-17,-5,-19,-3,-2,-8,0,-10,9,-3,18,12,18,23,4,20,-15,-19,-29,-17,-19,-25,1,-15,18,3,21,16,10,15,-7,3,-14,-9,-6,-8,6,5,11,15,0,11,-16,-9,-22,-29,-13,-26,14,-7,30,16,25,28,5,21,-14,5,-21,0,0,-13,-4,-10,2,-6,2,-8,2,-10,8,-5,17,15,18,24,10,26,-10,12,-25,-8,-25,-21,-11,-19,5,-8,13,1,11,4,6,3,5,5,8,13,6,20,-4,21,-6,-2,-33,-28,-26,-44,0,-33,30,-5,45,24,33,36,8]"
CSI_DATA,56274,d8:b1:90:d9:de:f0,-54,11,-99,-39,55,116,827978752,100,0,228,0,"[-18,7,-18,10,-16,12,-14,15,-12,17,-8,18,-4,20,97,-7,2,21,5,20,7,20,10,20,13,19,15,18,15,16,15,15,15,14,13,12,10,10,7,8,1,5,58,6,-10,0,-14,-2,-18,-2,-21,-5,-23,-6,-26,-7,0,0,-25,-7,-24,-8,-22,-7,-19,-7,-14,-7,-8,-6,-106,15,5,-5,11,-4,19,-3,23,-3,26,-2,27,-2,29,-1,29,-1,29,-1,27,-1,26,-1,23,-1,20,-1,-14,0,10,0,5,0,-2,0,-8,1,-13,1,-17,-1,-18,-3,-1,4,2,8,10,9,17,0,15,-14,0,-23,-17,-18,-27,22,-16,19,3,24,18,13,20,-5,8,-18,-7,-15,-14,-1,-6,10,6,9,11,-4,1,-15,-16,-12,-23,7,-15,28,12,26,28,9,25,-13,8,-26,-11,-22,-20,-6,0,0,-6,11,1,8,1,5,1,7,6,10,16,7,19,-11,13,-21,-4,-26,-21,-16,-26,2,-15,18,1,20,11,11,10,3,7,-1,5,-1,8,-2,9,-10,2,-20,1,-21,-31,-7,-32,18,-14,40,17,40,39,19,39,-11,19,-29]"
CSI_DATA,56275,d8:b1:90:d9:de:f0,-53,11,-99,-40,55,116,827988948,100,0,228,0,"[6,18,9,18,11,17,13,15,16,12,18,9,19,6,99,-7,21,0,21,-3,21,-5,21,-8,21,-10,21,-11,20,-12,19,-12,17,-12,15,-10,12,-8,9,-4,5,0,59,6,-4,9,-6,13,-10,16,-13,19,-15,20,-18,21,0,0,-18,21,-18,19,-17,17,-16,14,-14,10,-10,5,123,15,-1,-7,3,-12,7,-16,11,-20,14,-22,15,-24,17,-24,17,-24,17,-23,16,-22,15,-21,14,-18,13,-15,-67,0,7,-8,3,-2,-1,3,-5,7,-10,11,-13,12,-16,12,3,2,8,0,10,-8,2,-17,-12,-17,-24,-4,-21,15,17,29,16,20,25,2,17,-16,-1,-21,-15,-11,-16,4,-5,13,7,9,10,-4,-1,-11,-14,-4,-15,13,0,25,21,23,29,-3,18,-24,-4,-30,-22,-18,-25,3,-14,17,0,0,8,10,8,3,5,1,7,3,12,0,14,-10,0,-22,-11,-23,-25,-11,-26,10,-12,24,7,23,18,11,16,-2,9,-8,3,-6,2,-5,3,-8,-1,-13,-13,-14,-16,-15,-26,17,-10,37,19,39,41,17,42,-13,21,-34,-5,-36]"
CSI_DATA,56276,d8:b1:90:d9:de:f0,-54,11,-99,-38,55,116,827999073,100,0,228,0,"[18,1,20,0,20,-1,21,-4,19,-6,18,-9,16,-11,94,-6,12,-16,11,-17,9,-19,7,-20,5,-21,3,-22,3,-22,3,-21,2,-20,2,-16,2,-13,3,-8,3,-3,56,5,4,8,3,13,3,17,2,21,1,24,0,26,0,0,0,27,-1,25,-2,23,-3,19,-4,14,-4,9,-55,14,-3,-4,-3,-10,-2,-16,0,-21,0,-25,1,-27,2,-28,2,-28,3,-27,3,-25,4,-24,4,-21,3,-19,47,0,3,-9,0,-3,0,1,-2,6,-4,11,-8,13,-11,14,2,-2,2,-7,-3,-12,-13,-9,-20,2,-14,18,2,24,34,0,24,-2,14,-18,-3,-22,-17,-11,-18,4,-6,15,6,12,11,0,3,-9,-9,-6,-13,6,-1,19,16,17,31,0,18,-22,-2,-29,-21,-19,-27,0,-17,17,0,21,0,0,12,2,7,-1,4,-1,6,-1,9,-6,5,-15,-11,-16,-20,-12,-25,4,-16,20,1,25,16,16,19,0,12,-8,3,-10,0,-6,0,-5,0,-7,-6,-10,-16,-6,-19,-7,-16,26,4,35,30,26,42,0,33,-27,7,-38,-15,-30]"
CSI_DATA,56277,d8:b1:90:d9:de:f0,-54,11,-99,-38,55,116,828019063,100,0,228,0,"[-17,5,-18,8,-17,10,-16,13,-13,16,-9,18,-6,19,94,-6,0,20,2,21,5,21,7,20,10,19,11,19,13,17,13,16,13,15,11,12,9,10,5,7,0,4,56,5,-8,0,-14,-2,-17,-4,-20,-6,-23,-7,-24,-8,0,0,-25,-8,-23,-9,-21,-8,-18,-7,-13,-6,-8,-5,-103,14,3,-2,10,-1,15,0,20,0,24,0,27,1,28,1,27,1,27,0,26,0,24,0,22,0,19,0,-17,0,10,0,4,0,0,0,-6,0,-12,0,-15,-1,-17,-3,-1,3,0,8,8,9,17,0,16,-12,2,-23,-15,-18,-29,19,-17,17,0,23,17,13,20,-2,8,-16,-5,-15,-13,-2,-7,9,5,8,12,-2,2,-15,-14,-13,-23,3,-17,25,8,27,27,11,26,-10,10,-25,-9,-22,-19,-8,0,0,-5,10,0,8,0,5,0,6,3,10,13,8,17,-7,15,-18,-1,-26,-18,-17,-25,0,-16,15,0,19,9,12,10,2,7,-1,4,0,6,-1,8,-7,2,-17,1,-20,-29,-8,-32,15,-14,36,14,38,36,20,37,-8,20,-27]"
CSI_DATA,56278,d8:b1:90:d9:de:f0,-54,11,-99,-37,55,116,828038887,100,0,228,0,"[17,1,19,0,20,-1,19,-4,18,-7,17,-11,16,-13,91,-6,11,-17,9,-18,7,-20,4,-20,2,-21,1,-22,0,-22,0,-21,0,-19,0,-17,0,-14,0,-9,2,-4,54,5,5,7,6,12,6,16,8,20,8,23,7,24,0,0,7,25,6,25,4,23,2,19,1,16,0,10,0,14,-4,-1,-6,-8,-6,-14,-8,-18,-8,-22,-9,-24,-8,-25,-8,-25,-7,-25,-7,-24,-6,-22,-5,-20,-4,-17,-65,14,-1,-10,0,-4,0,0,1,6,1,12,0,16,0,18,3,-1,2,-7,-2,-12,-14,-9,-19,2,-14,17,3,23,33,0,23,-4,13,-19,-5,-20,-17,-9,-16,7,-3,16,8,10,11,-2,1,-10,-11,-5,-12,10,1,19,19,14,29,-4,14,-25,-9,-28,-25,-13,-25,8,-11,21,5,20,0,0,12,-1,6,-5,2,-3,5,-2,6,-8,0,-16,-15,-11,-22,-4,-21,14,-7,25,11,22,21,7,17,-6,7,-13,-1,-11,-4,-5,-2,-4,-3,-5,-10,-5,-16,2,-18,2,0,29,22,26,38,6,34,-21,12,-38,-14,-34,-29,-15]"
CSI_DATA,56279,d8:b1:90:d9:de:f0,-54,11,-99,-37,55,116,828049250,100,0,228,0,"[-9,-15,-11,-16,-13,-14,-15,-12,-17,-11,-18,-8,-19,-5,91,-6,-20,0,-20,0,-21,3,-21,5,-21,6,-20,8,-20,9,-19,9,-18,8,-16,6,-13,5,-10,2,-3,0,54,5,5,-7,9,-9,14,-11,17,-11,20,-12,22,-12,0,0,23,-11,24,-9,21,-7,19,-4,15,-3,11,0,-108,0,-1,3,-8,5,-14,6,-18,7,-22,7,-24,6,-25,6,-26,5,-26,4,-25,3,-23,2,-21,1,-18,0,15,14,-10,0,-4,0,1,0,7,0,11,1,16,3,16,6,-3,0,-7,1,-8,9,0,16,14,15,22,0,17,-16,-17,-27,-15,-17,-23,-1,-16,15,0,20,15,11,16,-2,5,-12,-7,-9,-10,2,0,13,13,8,18,-8,6,-23,-14,-28,-28,-6,-24,16,-5,29,14,23,24,6,18,-10,0,0,-2,-11,-5,-5,-3,-1,-3,-4,-8,-6,-16,0,-11,15,-3,23,13,21,25,7,22,-11,8,-20,-5,-18,-13,-8,-11,0,-6,3,-3,2,-6,3,-6,8,0,16,0,18,27,7,31,-15,16,-34,-11,-38,-33,-21,-38,2,-23,22]"
CSI_DATA,56280,d8:b1:90:d9:de:f0,-54,11,-99,-37,55,116,828068785,100,0,228,0,"[-7,16,-6,18,-4,19,-1,20,0,20,2,20,4,20,91,-6,8,18,11,17,12,16,14,16,15,16,16,15,16,15,16,14,15,13,13,13,9,10,5,7,0,4,54,5,-8,-2,-11,-6,-15,-10,-16,-14,-17,-16,-17,-18,0,0,-16,-19,-15,-20,-12,-19,-9,-17,-6,-14,-2,-10,-5,14,3,1,6,6,8,13,9,17,9,21,8,23,8,24,6,25,5,25,5,24,3,22,2,20,1,17,-32,14,0,9,0,4,0,0,0,-6,2,-11,4,-15,7,-16,0,2,4,5,12,1,14,-7,5,-18,-9,-19,-21,-8,-14,29,-8,21,9,20,19,7,17,-9,4,-17,-10,-12,-14,0,-5,10,7,8,12,-3,2,-16,-14,-15,-24,1,-20,21,3,29,23,18,29,-2,17,-20,0,-24,-14,-16,0,0,-11,6,-3,7,-1,4,-3,4,-3,9,3,15,16,8,23,0,18,-16,3,-25,-14,-20,-21,-6,-17,7,-6,14,1,11,4,5,2,3,3,4,8,5,16,0,16,1,7,-27,-14,-29,-33,-15,-38,10,-23,32,1,36,20,24]"
CSI_DATA,56281,d8:b1:90:d9:de:f0,-54,11,-99,-39,55,116,828079307,100,0,228,0,"[-18,7,-19,9,-18,12,-16,15,-15,17,-12,19,-9,21,97,-7,-3,22,-1,23,2,23,5,23,7,22,8,22,10,22,10,21,10,19,8,17,6,14,3,10,0,5,58,6,-8,-4,-11,-9,-14,-13,-16,-16,-18,-18,-18,-20,0,0,-18,-21,-17,-22,-14,-20,-12,-17,-8,-14,-5,-10,-32,15,4,1,8,6,11,11,14,15,16,19,18,21,18,22,18,23,17,22,16,21,15,19,13,18,11,16,97,0,5,9,2,5,-1,0,-4,-6,-6,-11,-6,-15,-6,-18,-1,3,0,8,9,10,17,2,18,-11,5,-22,-14,-21,-31,17,-20,15,-3,24,15,17,22,0,12,-15,-4,-17,-13,-5,-9,9,4,11,14,0,8,-16,-11,-19,-25,-5,-27,18,-2,31,21,24,31,1,22,-20,1,-26,-14,-17,0,0,-12,7,-4,8,-2,5,-4,5,-3,11,5,16,17,6,24,-5,16,-22,-3,-28,-21,-18,-24,1,-14,15,-1,16,7,11,7,3,5,2,5,3,11,1,15,-8,18,-8,-10,-28,-31,-17,-38,9,-24,34,3,41,27,28,33,4]"
CSI_DATA,56282,d8:b1:90:d9:de:f0,-54,11,-99,-40,56,116,828098603,100,0,228,0,"[15,7,18,6,19,3,21,1,21,0,22,-4,20,-6,88,-6,18,-11,17,-13,14,-15,13,-17,12,-18,11,-19,11,-20,9,-19,9,-18,7,-15,7,-12,4,-8,3,-2,53,5,0,8,0,13,-2,17,-3,21,-6,22,-7,25,0,0,-8,25,-8,23,-8,22,-8,18,-7,13,-5,9,-69,13,0,-3,1,-9,4,-13,7,-19,8,-21,11,-22,11,-23,11,-23,11,-23,11,-22,11,-20,11,-18,9,-15,-116,0,6,-8,3,-3,0,1,-2,6,-7,9,-11,11,-12,11,2,0,5,-4,1,-11,-8,-13,-18,-4,-19,11,-6,22,32,11,22,4,18,-12,2,-21,-12,-15,-18,0,-10,12,4,13,11,2,6,-10,-7,-10,-16,2,-9,18,11,22,29,10,25,-16,7,-30,-16,-24,-27,-7,-22,12,-6,21,0,0,11,5,8,-1,4,-1,5,0,10,-2,10,-11,-3,-17,-15,-18,-24,-3,-22,14,-5,24,11,20,18,6,14,-6,6,-10,0,-7,0,-4,0,-5,-3,-9,-12,-9,-12,-11,-20,18,-3,32,21,30,36,9,34,-17,14,-33,-8,-30]"
CSI_DATA,56283,d8:b1:90:d9:de:f0,-53,11,-99,-39,55,116,828109119,100,0,228,0,"[-18,-5,-20,-4,-21,-1,-22,1,-23,3,-22,6,-22,8,97,-7,-20,13,-19,14,-17,16,-16,17,-15,18,-15,20,-14,20,-13,20,-12,18,-11,15,-9,12,-8,7,-4,2,58,6,2,-9,5,-13,9,-17,12,-19,14,-21,17,-21,0,0,19,-20,19,-19,18,-16,17,-13,14,-9,10,-5,114,0,-2,3,-7,7,-13,9,-17,11,-22,12,-24,12,-26,11,-27,10,-26,10,-25,7,-24,7,-22,5,-20,3,27,15,-11,1,-5,-1,1,-1,7,-1,13,1,16,3,17,6,-3,2,-5,6,0,12,10,13,20,4,19,-12,6,-23,-34,-10,-23,-5,-20,13,-4,22,12,17,19,1,12,-13,-3,-15,-12,-4,-9,10,6,13,18,1,14,-18,-5,-26,-27,-19,-31,8,-17,28,7,32,25,17,27,-4,15,-18,0,0,-8,-11,-9,-3,-5,-1,-5,-3,-10,-3,-15,5,-7,17,3,25,20,19,28,1,20,-17,4,-24,-11,-18,-16,-5,-12,4,-5,6,-3,4,-4,4,-5,9,1,16,0,18,28,4,29,-18,12,-37,-14,-38,-35,-20,-38,6,-23,25]"
CSI_DATA,56284,d8:b1:90:d9:de:f0,-53,11,-99,-38,55,116,828129038,100,0,228,0,"[-16,-8,-18,-7,-20,-6,-22,-4,-23,-1,-25,0,-24,1,94,-6,-23,5,-23,6,-22,8,-22,9,-21,11,-21,12,-21,12,-20,12,-18,11,-16,8,-13,6,-9,3,-3,0,56,5,6,-3,12,-5,17,-5,21,-6,24,-6,27,-5,0,0,28,-1,27,0,25,0,21,1,16,1,10,1,123,0,-2,0,-8,-2,-13,-5,-18,-9,-21,-11,-23,-14,-23,-16,-22,-17,-21,-18,-19,-17,-17,-17,-14,-16,-11,-14,111,14,-5,-8,-2,-3,0,0,0,6,1,12,0,16,0,18,-1,0,-6,1,-4,10,4,16,17,10,22,-4,12,-19,-28,-20,-20,-13,-23,4,-11,19,4,20,18,7,16,-6,3,-15,-9,-8,-12,4,0,15,15,10,22,-6,10,-25,-10,-30,-30,-11,-30,12,-12,29,10,28,23,12,22,-5,0,0,0,-13,-5,-6,-2,-1,0,-4,-2,-10,-12,-9,-16,1,-18,17,-2,26,15,22,26,5,21,-10,7,-19,-4,-15,-9,-6,-7,0,-3,0,-3,-1,-9,-1,-13,5,-18,6,5,27,25,21,37,0,30,-25,6,-38,-16,-33,-29,-13]"
CSI_DATA,56285,d8:b1:90:d9:de:f0,-54,11,-99,-37,55,116,828148898,100,0,228,0,"[8,15,10,15,13,14,15,13,18,11,18,9,21,7,91,-6,22,2,22,0,23,-1,22,-3,22,-5,22,-6,22,-7,21,-8,19,-7,17,-5,14,-4,10,-1,4,0,54,5,-4,6,-9,8,-15,10,-18,11,-21,11,-23,11,0,0,-24,9,-24,8,-21,6,-19,4,-15,3,-10,0,118,14,2,-2,9,-2,16,-3,19,-3,24,-3,26,-2,27,-1,28,0,27,0,26,0,24,0,21,0,19,1,-12,0,11,1,5,1,0,0,-5,0,-10,-2,-13,-4,-14,-7,2,0,6,0,8,-7,1,-15,-10,-16,-19,-4,-18,12,18,27,13,17,21,3,16,-14,0,-18,-14,-11,-15,3,-4,13,7,9,11,-2,0,-14,-15,-10,-19,7,-8,23,13,29,29,8,27,-15,8,-30,-13,-25,-24,-8,-20,9,0,0,2,13,6,5,3,2,2,4,7,6,15,1,13,-11,6,-22,-11,-23,-24,-10,-24,9,-10,20,4,19,13,9,11,0,5,-4,3,-2,4,-2,7,-6,2,-15,5,-16,-24,-10,-30,9,-17,31,6,37,28,24,35,0,24,-18]"
CSI_DATA,56286,d8:b1:90:d9:de:f0,-53,11,-99,-40,55,116,828169109,100,0,228,0,"[13,13,14,13,17,11,19,10,20,8,22,6,23,4,99,-7,23,0,24,-1,25,-2,25,-5,24,-6,25,-7,24,-7,23,-6,21,-6,20,-4,16,-2,11,0,5,2,59,6,-8,5,-12,5,-17,5,-22,5,-25,3,-26,2,0,0,-28,-2,-26,-3,-24,-5,-20,-5,-15,-6,-9,-4,-111,15,4,0,10,3,15,7,19,11,22,14,23,17,22,19,22,20,21,21,18,21,16,20,14,19,11,18,109,0,5,11,1,6,-1,1,-2,-5,-2,-11,-1,-15,1,-18,2,0,7,-2,8,-9,-1,-16,-13,-14,-23,-1,-17,16,21,25,16,18,23,1,16,-14,1,-20,-14,-12,-16,2,-6,13,8,11,12,-2,3,-14,-14,-13,-23,4,-15,23,6,33,28,17,32,-7,18,-26,-5,-30,-21,-18,-23,1,0,0,-3,14,3,8,3,4,0,6,3,10,12,10,18,-2,19,-16,6,-26,-13,-24,-25,-9,-23,8,-11,19,3,17,9,9,7,2,5,1,5,2,11,2,15,-7,19,-5,-5,-29,-26,-22,-39,0,-32,24,-10,40,15,34,29,15]"
CSI_DATA,56287,d8:b1:90:d9:de:f0,-53,11,-99,-38,55,116,828189001,100,0,228,0,"[8,-14,6,-17,4,-18,2,-19,0,-21,-3,-20,-6,-21,94,-6,-11,-19,-13,-18,-15,-17,-17,-16,-19,-14,-20,-14,-20,-13,-20,-11,-18,-10,-16,-9,-12,-8,-8,-6,-2,-3,56,5,8,0,12,2,17,5,20,7,23,8,24,10,0,0,23,12,22,12,20,11,17,11,12,8,7,6,98,0,-3,0,-8,-4,-13,-8,-17,-11,-20,-15,-22,-17,-22,-17,-22,-19,-21,-18,-20,-18,-17,-17,-16,-16,-13,-15,63,14,-6,-9,-3,-5,0,0,2,4,4,9,5,13,4,15,0,-1,-3,-5,-10,-3,-14,5,-7,17,7,20,20,8,12,-30,7,-21,-8,-19,-20,-5,-15,10,0,18,11,10,12,-2,1,-11,-9,-6,-11,8,1,18,19,11,24,-8,14,-30,-11,-29,-29,-11,-29,12,-10,27,10,24,20,8,0,0,6,-11,0,-8,0,-4,1,-4,0,-9,-8,-13,-17,-1,-21,10,-10,24,9,25,23,11,22,-6,10,-16,-1,-15,-9,-8,-7,0,-4,0,-5,-1,-10,0,-13,8,-17,7,10,25,30,14,35,-10,22,-33,-2,-38,-26,-25,-32,-2]"
CSI_DATA,56288,d8:b1:90:d9:de:f0,-53,11,-99,-38,55,116,828209005,100,0,228,0,"[-13,-11,-15,-10,-16,-8,-18,-6,-20,-3,-21,0,-21,1,94,-6,-22,5,-22,7,-22,9,-21,10,-21,12,-21,12,-21,13,-20,12,-18,11,-17,9,-13,7,-10,4,-5,0,56,5,4,-5,9,-8,14,-9,18,-11,21,-11,24,-10,0,0,25,-8,25,-6,23,-5,20,-2,16,0,10,0,-122,0,-2,2,-9,1,-16,1,-21,0,-25,-1,-28,-2,-29,-3,-29,-4,-28,-5,-26,-7,-24,-7,-22,-7,-19,-8,26,14,-10,-6,-5,-3,0,0,3,2,6,7,8,11,8,13,-1,0,-6,2,-5,10,2,15,15,12,21,-1,14,-18,-25,-19,-18,-13,-21,2,-11,17,3,19,15,8,14,-5,2,-12,-8,-7,-9,5,1,14,16,7,19,-10,5,-25,-16,-28,-31,-5,-27,18,-6,31,15,26,26,7,21,-9,0,0,-3,-13,-6,-5,-3,-1,0,-4,-6,-7,-15,-3,-14,9,-10,21,6,26,22,15,26,-2,16,-17,0,-20,-9,-12,-11,-3,-7,1,-4,0,-5,0,-9,4,-8,14,-12,14,20,20,34,3,32,-21,11,-38,-14,-36,-33,-18,-32,4]"
CSI_DATA,56289,d8:b1:90:d9:de:f0,-46,11,-99,-32,47,116,828219278,100,0,114,0,"[51,24,53,32,53,36,51,43,49,45,49,49,43,47,41,47,34,43,30,43,30,41,30,41,30,41,28,41,30,43,32,43,34,47,34,47,36,51,34,49,36,49,34,49,32,49,32,47,32,49,30,49,30,47,30,47,0,0,28,49,28,47,30,51,28,49,30,53,30,55,28,55,28,55,28,53,26,51,26,51,26,49,26,47,24,47,24,45,24,45,24,43,24,45,26,45,24,49,28,51,28,55,26,57,24,61,22,63,18,65,14,63,8,61]"
CSI_DATA,56290,d8:b1:90:d9:de:f0,-47,11,-99,-34,48,116,828238821,100,0,114,0,"[52,7,60,11,63,15,63,17,62,19,62,17,58,19,56,17,52,15,50,15,48,11,48,11,48,9,48,7,52,5,54,3,54,1,56,0,58,-1,60,-5,58,-5,58,-7,58,-7,58,-11,56,-9,54,-11,54,-13,52,-15,0,0,50,-19,50,-19,50,-21,52,-23,52,-25,52,-27,52,-31,50,-31,48,-32,46,-34,44,-34,42,-34,38,-34,36,-34,34,-36,32,-36,31,-36,29,-38,29,-42,29,-46,29,-50,31,-52,31,-56,34,-58,34,-58,36,-60,36,-54,36,-48]"
CSI_DATA,56291,d8:b1:90:d9:de:f0,-47,11,-99,-34,48,116,828258680,100,0,114,0,"[-50,9,-58,7,-62,5,-62,3,-63,1,-62,0,-60,-1,-58,-1,-56,0,-52,-1,-48,0,-50,-1,-48,0,-48,-1,-50,0,-52,1,-52,3,-56,5,-56,5,-60,7,-56,5,-58,7,-56,5,-56,9,-56,5,-54,7,-54,7,-54,7,0,0,-50,9,-52,9,-54,11,-56,13,-58,13,-58,13,-60,13,-58,15,-56,15,-56,15,-54,17,-52,17,-48,19,-46,19,-46,19,-44,21,-42,21,-44,21,-44,25,-48,25,-50,29,-54,29,-58,29,-62,31,-62,31,-62,27,-62,23,-58,17]"
CSI_DATA,56292,d8:b1:90:d9:de:f0,-46,11,-99,-32,47,116,828278734,100,0,114,0,"[2,53,-6,59,-10,63,-14,65,-18,59,-20,59,-22,55,-24,53,-22,49,-22,47,-24,45,-22,43,-22,45,-22,45,-24,45,-26,47,-26,49,-28,49,-30,51,-30,53,-32,53,-32,53,-32,49,-34,51,-32,49,-32,47,-34,47,-36,47,0,0,-34,45,-36,45,-39,47,-39,45,-41,49,-41,47,-43,47,-43,45,-45,45,-41,43,-39,43,-39,41,-36,39,-36,39,-34,36,-36,36,-34,36,-36,36,-36,36,-41,41,-43,43,-49,43,-51,45,-55,45,-61,41,-63,39,-61,30,-61,24]"
CSI_DATA,56293,d8:b1:90:d9:de:f0,-47,11,-99,-34,48,116,828288757,100,0,114,0,"[38,34,38,40,40,44,40,48,36,48,36,48,32,46,32,44,31,38,32,38,32,34,32,34,32,32,34,32,36,32,40,32,42,31,42,31,46,32,46,29,50,31,50,27,52,25,52,25,50,23,50,21,50,21,52,19,0,0,54,15,50,15,54,15,56,13,58,13,58,11,60,7,60,7,60,5,58,3,56,0,54,0,52,-1,52,-3,48,-3,48,-5,46,-7,48,-11,48,-11,52,-15,56,-19,60,-19,62,-23,63,-21,67,-21,69,-19,63,-13,62,-9]"
CSI_DATA,56294,d8:b1:90:d9:de:f0,-47,11,-99,-34,48,116,828308799,100,0,114,0,"[34,36,34,44,34,46,32,50,32,52,29,50,27,52,23,48,23,44,21,42,21,40,21,42,21,42,21,42,21,44,25,44,25,44,29,46,29,48,31,48,29,48,32,48,31,48,32,48,31,50,29,48,29,48,29,46,0,0,29,44,31,46,31,48,32,46,32,48,32,50,34,50,32,52,32,50,32,48,32,46,31,46,31,42,31,40,31,40,32,38,32,36,31,36,34,38,36,40,38,44,42,46,40,52,42,56,40,56,36,58,32,60,27,56]"
CSI_DATA,56295,d8:b1:90:d9:de:f0,-46,11,-99,-34,48,116,828318784,100,0,114,0,"[1,-50,9,-56,15,-58,17,-60,21,-58,23,-58,23,-52,25,-48,21,-46,21,-44,23,-42,21,-42,21,-40,21,-42,23,-42,23,-44,23,-48,25,-46,27,-48,27,-50,27,-50,25,-50,25,-52,27,-50,27,-48,27,-46,27,-46,27,-44,0,0,29,-48,31,-46,31,-46,32,-46,32,-48,34,-48,34,-50,36,-50,36,-48,34,-50,32,-44,34,-44,32,-42,31,-44,31,-40,31,-40,29,-40,29,-40,29,-42,32,-46,34,-48,38,-50,40,-52,44,-50,48,-50,52,-48,52,-38,50,-32]"
CSI_DATA,56296,d8:b1:90:d9:de:f0,-46,11,-99,-35,48,116,828329150,100,0,114,0,"[35,-37,41,-39,47,-37,49,-37,49,-37,49,-35,49,-33,45,-31,39,-31,39,-31,37,-29,35,-31,33,-31,31,-33,31,-35,33,-37,33,-41,33,-43,33,-45,33,-47,31,-47,29,-49,27,-49,27,-53,25,-49,23,-49,23,-49,19,-51,0,0,21,-53,19,-53,17,-55,19,-57,15,-57,15,-59,11,-61,11,-61,11,-63,7,-61,5,-59,5,-59,3,-55,1,-55,0,-53,0,-51,-1,-51,-5,-51,-7,-51,-9,-57,-11,-59,-11,-65,-13,-67,-13,-69,-11,-71,-9,-71,-5,-67,-3,-61]"
CSI_DATA,56297,d8:b1:90:d9:de:f0,-46,11,-99,-35,48,116,828348641,100,0,114,0,"[-35,-41,-35,-47,-33,-49,-33,-53,-31,-57,-29,-57,-27,-53,-25,-53,-23,-45,-23,-45,-21,-43,-23,-43,-23,-41,-25,-41,-27,-41,-27,-41,-29,-41,-31,-43,-33,-45,-35,-41,-37,-43,-37,-43,-39,-41,-39,-41,-37,-39,-37,-39,-37,-37,-37,-37,0,0,-39,-35,-41,-37,-43,-39,-43,-37,-45,-39,-47,-39,-47,-37,-49,-39,-45,-37,-47,-35,-47,-33,-45,-31,-43,-29,-43,-27,-41,-27,-43,-25,-43,-23,-47,-23,-47,-23,-49,-23,-55,-25,-55,-27,-59,-27,-63,-31,-61,-33,-61,-35,-57,-37,-51,-35]"
CSI_DATA,56298,d8:b1:90:d9:de:f0,-46,11,-99,-34,48,116,828359287,100,0,114,0,"[38,-32,46,-34,50,-32,54,-29,58,-25,56,-21,56,-17,52,-17,50,-15,48,-13,44,-11,44,-11,44,-13,44,-11,46,-11,48,-13,48,-11,50,-11,52,-11,52,-13,54,-13,56,-11,56,-11,54,-9,54,-11,52,-11,52,-9,54,-9,0,0,54,-9,56,-7,56,-5,58,-5,60,-5,62,-3,62,-1,63,-1,63,0,62,-3,62,-3,58,-3,56,-1,56,-1,52,0,52,0,50,-1,52,-1,54,0,58,1,62,1,65,5,67,3,71,7,71,9,69,17,65,21,58,23]"
CSI_DATA,56299,d8:b1:90:d9:de:f0,-47,11,-99,-35,48,116,828378859,100,0,114,0,"[-43,-27,-47,-31,-47,-35,-49,-39,-47,-39,-47,-41,-41,-39,-43,-37,-39,-31,-39,-31,-37,-29,-39,-27,-37,-23,-39,-23,-39,-21,-41,-19,-43,-21,-45,-19,-49,-17,-49,-15,-53,-13,-53,-13,-53,-13,-53,-9,-51,-7,-51,-7,-51,-5,-49,-3,0,0,-53,-1,-53,-1,-55,0,-57,1,-59,5,-59,5,-61,5,-65,9,-61,9,-61,11,-59,13,-57,13,-51,15,-49,17,-47,17,-49,17,-45,19,-47,23,-45,23,-49,25,-53,31,-55,31,-57,35,-61,35,-61,37,-65,33,-61,29,-57,25]"
CSI_DATA,56300,d8:b1:90:d9:de:f0,-47,11,-99,-35,48,116,828388953,100,0,114,0,"[-55,0,-61,-3,-63,-5,-63,-7,-65,-13,-61,-13,-59,-13,-57,-13,-53,-11,-51,-11,-47,-9,-49,-9,-45,-7,-45,-7,-47,-5,-49,-3,-47,-3,-51,-3,-51,-1,-53,0,-53,0,-55,1,-55,1,-53,3,-53,3,-51,3,-51,5,-51,7,0,0,-51,7,-53,9,-53,9,-55,11,-57,11,-57,13,-59,13,-61,13,-59,13,-59,17,-57,15,-53,15,-51,17,-47,19,-49,17,-47,17,-47,19,-47,21,-49,23,-51,25,-53,27,-57,27,-61,29,-65,29,-67,27,-65,25,-67,21,-59,15]"
CSI_DATA,56301,d8:b1:90:d9:de:f0,-47,11,-99,-34,48,116,828409122,100,0,114,0,"[48,25,52,31,50,36,48,42,48,46,42,46,38,48,36,44,31,40,29,40,27,38,27,40,27,38,27,36,27,38,29,40,27,40,29,44,31,42,31,44,29,44,31,46,29,46,29,44,27,44,29,44,27,44,27,42,0,0,25,44,27,46,27,46,27,48,27,50,27,54,27,54,25,58,25,56,25,56,25,54,23,54,23,52,19,50,21,48,21,46,19,46,19,46,21,50,19,54,19,56,19,60,19,63,17,67,15,69,9,69,5,67,0,62]"
CSI_DATA,56302,d8:b1:90:d9:de:f0,-47,11,-99,-34,48,116,828428697,100,0,114,0,"[48,-15,56,-15,60,-13,63,-11,62,-9,63,-9,56,-7,56,-5,52,-7,50,-5,48,-7,44,-9,46,-9,46,-11,46,-15,46,-19,48,-19,46,-19,48,-23,46,-25,46,-27,46,-27,44,-29,42,-31,40,-31,38,-31,38,-32,38,-34,0,0,38,-36,34,-38,36,-42,34,-42,36,-46,36,-46,34,-48,34,-48,32,-52,31,-50,29,-50,27,-50,25,-50,23,-50,19,-48,17,-50,15,-48,15,-50,13,-52,15,-56,13,-60,13,-63,13,-67,13,-69,15,-71,17,-71,19,-65,19,-60]"
CSI_DATA,56303,d8:b1:90:d9:de:f0,-47,11,-99,-34,48,116,828438793,100,0,114,0,"[48,-13,54,-11,60,-9,62,-7,60,-3,62,-3,56,0,56,0,50,-1,50,-1,46,-1,44,-3,46,-3,46,-3,46,-5,48,-5,48,-7,48,-7,52,-11,50,-11,52,-13,52,-15,52,-17,52,-17,48,-17,50,-17,48,-15,46,-19,0,0,46,-21,46,-19,50,-23,48,-23,52,-27,52,-29,52,-31,54,-31,52,-31,50,-31,50,-31,50,-31,46,-31,44,-31,42,-29,42,-32,38,-31,42,-36,40,-36,42,-38,44,-42,46,-42,48,-44,54,-46,56,-44,58,-44,56,-36,54,-31]"
CSI_DATA,56304,d8:b1:90:d9:de:f0,-47,11,-99,-34,48,116,828459199,100,0,114,0,"[-46,29,-54,27,-58,25,-62,21,-63,15,-62,13,-62,7,-58,5,-54,3,-52,1,-50,0,-50,0,-46,1,-46,0,-48,0,-48,-1,-48,-1,-52,-1,-52,-1,-54,-1,-54,-3,-56,-5,-54,-7,-54,-5,-52,-7,-52,-5,-50,-7,-48,-7,0,0,-50,-9,-50,-11,-52,-11,-54,-11,-54,-13,-56,-17,-56,-19,-56,-19,-54,-19,-54,-19,-52,-17,-50,-19,-50,-19,-46,-17,-48,-19,-46,-19,-46,-19,-46,-21,-48,-21,-48,-25,-52,-27,-54,-31,-56,-32,-60,-36,-56,-42,-52,-44,-48,-48,-38,-44]"
CSI_DATA,56305,d8:b1:90:d9:de:f0,-47,11,-99,-34,48,116,828478861,100,0,114,0,"[-50,-5,-54,-9,-56,-11,-56,-13,-58,-15,-56,-15,-54,-17,-52,-15,-50,-15,-46,-15,-46,-11,-46,-13,-44,-9,-44,-9,-46,-9,-46,-7,-48,-5,-50,-3,-52,-3,-54,-1,-54,0,-56,0,-54,0,-52,1,-54,1,-52,1,-52,3,-50,3,0,0,-50,7,-50,9,-50,11,-54,13,-56,13,-56,15,-58,15,-58,15,-58,19,-58,19,-56,19,-52,19,-48,19,-46,19,-44,23,-42,23,-42,25,-42,27,-44,29,-46,29,-48,32,-52,34,-56,36,-58,38,-58,36,-60,34,-60,32,-56,27]"
CSI_DATA,56306,d8:b1:90:d9:de:f0,-47,11,-99,-34,48,116,828488963,100,0,114,0,"[48,-11,54,-9,60,-9,62,-3,62,-1,62,0,58,1,54,1,52,1,50,3,48,1,46,1,46,1,46,1,48,0,50,-1,50,-1,52,-1,54,-3,54,-5,54,-3,54,-3,54,-5,54,-5,54,-5,52,-5,54,-5,50,-5,0,0,52,-7,52,-7,54,-7,54,-9,56,-9,58,-9,60,-9,62,-9,60,-11,58,-11,58,-11,54,-11,52,-13,50,-11,48,-11,48,-13,46,-13,48,-15,48,-15,52,-17,56,-19,60,-21,62,-19,65,-19,69,-17,69,-13,65,-9,62,-5]"
CSI_DATA,56307,d8:b1:90:d9:de:f0,-47,11,-99,-33,48,116,828509947,100,0,114,0,"[-39,-35,-39,-41,-37,-45,-37,-47,-37,-50,-35,-48,-33,-48,-30,-45,-28,-41,-26,-41,-26,-39,-28,-39,-28,-35,-28,-35,-30,-35,-30,-35,-32,-35,-33,-37,-35,-37,-39,-37,-39,-37,-41,-37,-41,-37,-41,-37,-41,-35,-41,-33,-41,-33,-39,-30,0,0,-39,-30,-41,-30,-43,-30,-47,-30,-47,-32,-48,-32,-48,-32,-52,-32,-48,-30,-50,-30,-48,-26,-48,-26,-47,-22,-45,-20,-45,-20,-45,-18,-45,-16,-45,-16,-47,-16,-52,-16,-56,-16,-58,-18,-62,-20,-62,-20,-62,-24,-60,-24,-58,-28,-52,-30]"
CSI_DATA,56308,d8:b1:90:d9:de:f0,-47,11,-99,-33,48,116,828528860,100,0,114,0,"[-37,-35,-39,-43,-37,-47,-37,-50,-35,-50,-33,-50,-30,-48,-28,-47,-28,-41,-26,-39,-26,-37,-24,-35,-26,-35,-28,-35,-30,-37,-32,-37,-33,-37,-35,-37,-37,-37,-39,-37,-39,-37,-41,-37,-41,-35,-43,-35,-41,-33,-41,-33,-41,-32,-41,-32,0,0,-41,-30,-41,-30,-43,-30,-45,-30,-48,-30,-50,-32,-52,-30,-52,-30,-50,-28,-50,-26,-50,-24,-50,-24,-48,-22,-47,-20,-45,-18,-47,-16,-45,-15,-47,-13,-50,-15,-52,-15,-54,-15,-58,-15,-60,-15,-65,-18,-65,-20,-64,-22,-58,-24,-54,-24]"
CSI_DATA,56309,d8:b1:90:d9:de:f0,-47,11,-99,-33,48,116,828538997,100,0,114,0,"[37,-35,45,-39,50,-37,54,-33,52,-32,54,-30,52,-24,50,-24,45,-22,43,-18,41,-18,41,-18,41,-20,39,-20,41,-20,43,-22,43,-22,45,-24,47,-26,47,-26,47,-26,47,-30,47,-28,47,-28,47,-26,45,-26,45,-28,45,-26,0,0,43,-24,43,-26,47,-28,47,-28,48,-30,50,-30,50,-30,50,-28,50,-30,48,-30,48,-30,47,-28,45,-28,43,-28,41,-28,41,-28,39,-28,41,-30,41,-30,43,-32,45,-32,48,-33,50,-35,56,-37,60,-35,60,-32,58,-26,54,-22]"
CSI_DATA,56310,d8:b1:90:d9:de:f0,-47,11,-99,-33,48,116,828559246,100,0,114,0,"[-50,16,-58,15,-60,13,-62,11,-64,11,-60,9,-58,7,-56,5,-50,9,-48,9,-47,9,-47,11,-45,11,-43,13,-43,16,-43,18,-41,18,-45,20,-45,22,-45,24,-47,26,-47,30,-43,32,-41,32,-41,30,-39,32,-37,32,-37,33,0,0,-35,33,-35,35,-35,37,-35,39,-35,41,-33,41,-33,45,-33,45,-32,45,-32,47,-28,47,-26,45,-24,45,-20,43,-20,43,-20,43,-16,45,-16,45,-15,47,-13,50,-13,54,-13,56,-13,62,-16,64,-16,64,-18,62,-22,62,-22,54]"
CSI_DATA,56311,d8:b1:90:d9:de:f0,-47,11,-99,-34,48,116,828578711,100,0,114,0,"[-15,-52,-11,-58,-7,-62,-7,-65,-3,-63,-1,-63,-1,-60,0,-56,0,-50,0,-46,0,-46,-1,-44,-3,-44,-5,-46,-5,-46,-9,-48,-11,-50,-11,-48,-13,-52,-15,-50,-17,-52,-17,-52,-19,-52,-19,-52,-19,-48,-21,-46,-21,-48,-19,-48,0,0,-23,-46,-21,-46,-25,-48,-27,-46,-29,-50,-31,-50,-31,-50,-31,-50,-31,-50,-32,-46,-32,-44,-32,-44,-32,-42,-34,-40,-31,-36,-34,-38,-32,-34,-36,-36,-36,-36,-38,-36,-42,-38,-44,-40,-46,-42,-48,-46,-50,-50,-48,-52,-40,-50,-36,-50]"
CSI_DATA,56312,d8:b1:90:d9:de:f0,-47,11,-99,-33,48,116,828588868,100,0,114,0,"[-3,54,-9,58,-16,62,-18,60,-22,62,-24,58,-24,54,-26,50,-24,47,-22,45,-22,41,-20,43,-18,43,-18,43,-16,43,-16,47,-16,45,-18,47,-16,48,-16,50,-16,48,-16,50,-15,50,-15,50,-16,48,-15,48,-13,48,-15,47,0,0,-13,47,-13,47,-15,48,-13,52,-15,52,-16,54,-15,56,-15,54,-15,54,-15,54,-13,52,-13,54,-11,50,-11,48,-11,48,-11,47,-9,47,-9,48,-9,50,-9,52,-9,56,-13,58,-13,62,-15,65,-18,65,-20,64,-24,62,-26,54]"
CSI_DATA,56313,d8:b1:90:d9:de:f0,-47,11,-99,-34,48,116,828608642,100,0,114,0,"[-48,-29,-48,-36,-46,-42,-46,-46,-40,-50,-36,-50,-32,-50,-27,-48,-27,-46,-27,-44,-23,-42,-21,-42,-21,-40,-21,-38,-23,-42,-23,-42,-23,-42,-23,-44,-23,-46,-23,-46,-23,-48,-25,-50,-25,-48,-23,-48,-21,-46,-19,-46,-21,-46,-19,-48,0,0,-19,-46,-17,-48,-15,-48,-17,-48,-15,-52,-15,-54,-17,-56,-15,-56,-13,-56,-13,-56,-15,-52,-11,-54,-11,-50,-11,-48,-7,-48,-9,-48,-9,-48,-7,-50,-9,-50,-9,-52,-9,-56,-7,-60,-7,-62,-3,-67,0,-69,3,-67,11,-63,15,-60]"
CSI_DATA,56314,d8:b1:90:d9:de:f0,-47,11,-99,-34,48,116,828618679,100,0,114,0,"[-48,25,-54,25,-60,25,-62,21,-60,21,-58,19,-58,17,-52,17,-50,17,-50,13,-46,17,-44,17,-42,17,-40,19,-42,23,-42,25,-40,27,-42,29,-40,31,-40,34,-40,34,-40,36,-40,36,-38,38,-36,36,-34,36,-32,38,-32,38,0,0,-31,40,-29,42,-29,42,-29,46,-27,46,-27,48,-27,50,-27,50,-25,54,-23,52,-19,52,-19,50,-15,50,-15,48,-11,48,-9,48,-9,48,-7,48,-5,50,-5,54,-5,56,-5,62,-3,62,-5,69,-5,69,-7,69,-11,65,-13,60]"
CSI_DATA,56315,d8:b1:90:d9:de:f0,-46,11,-99,-36,48,116,828628804,100,0,114,0,"[24,49,22,55,20,61,18,63,16,63,14,63,10,59,10,55,10,49,8,51,8,47,10,45,10,47,12,45,14,49,16,49,18,49,18,49,20,53,20,51,22,53,24,53,22,53,26,53,24,49,24,51,24,49,24,49,0,0,26,47,28,47,28,49,30,49,32,51,32,51,34,51,34,53,34,51,34,49,36,47,34,45,34,43,34,43,34,39,34,39,34,34,36,36,39,36,41,41,45,43,47,47,47,47,51,51,51,53,47,57,41,55,36,53]"
CSI_DATA,56316,d8:b1:90:d9:de:f0,-47,11,-99,-34,48,116,828648686,100,0,114,0,"[7,-50,11,-56,17,-58,23,-56,27,-58,29,-54,29,-50,29,-46,27,-42,27,-38,25,-38,27,-36,25,-38,25,-36,27,-40,25,-42,27,-40,29,-44,29,-44,29,-46,29,-46,31,-46,32,-46,31,-46,31,-44,31,-44,31,-42,31,-42,0,0,32,-44,32,-42,34,-42,34,-42,34,-46,38,-44,36,-44,40,-44,38,-44,38,-44,36,-44,36,-42,34,-40,32,-38,32,-38,32,-38,32,-38,32,-40,34,-40,36,-42,40,-44,44,-46,46,-48,50,-48,52,-46,56,-42,58,-36,54,-29]"
CSI_DATA,56317,d8:b1:90:d9:de:f0,-46,11,-99,-35,48,116,828658795,100,0,114,0,"[39,-33,45,-33,49,-33,53,-33,53,-35,51,-33,51,-29,47,-29,41,-29,39,-25,37,-27,37,-27,35,-29,33,-33,33,-35,31,-37,33,-41,33,-43,33,-45,31,-47,29,-49,27,-53,27,-51,25,-53,25,-51,21,-51,21,-51,19,-51,0,0,17,-55,13,-53,13,-57,11,-55,7,-59,9,-61,7,-61,7,-63,3,-63,1,-61,-1,-59,-1,-59,-3,-55,-5,-55,-7,-51,-9,-51,-9,-49,-15,-51,-17,-53,-19,-55,-19,-57,-21,-63,-25,-63,-25,-67,-27,-67,-23,-69,-19,-65,-17,-61]"
CSI_DATA,56318,d8:b1:90:d9:de:f0,-47,11,-99,-34,48,116,828678693,100,0,114,0,"[-36,-31,-38,-36,-40,-40,-38,-42,-36,-46,-32,-46,-31,-46,-29,-40,-27,-36,-29,-36,-27,-36,-29,-34,-27,-32,-31,-32,-31,-34,-34,-34,-34,-32,-34,-36,-36,-36,-38,-36,-40,-34,-40,-36,-44,-36,-44,-36,-42,-34,-40,-34,-40,-34,-38,-32,0,0,-42,-32,-42,-34,-42,-34,-44,-34,-44,-32,-48,-34,-50,-34,-50,-32,-48,-34,-50,-31,-44,-31,-48,-29,-46,-29,-46,-25,-44,-27,-42,-25,-44,-25,-44,-21,-48,-21,-50,-23,-54,-23,-58,-27,-60,-27,-62,-31,-63,-34,-62,-36,-56,-40,-48,-38]"
CSI_DATA,56319,d8:b1:90:d9:de:f0,-47,11,-99,-34,48,116,828688845,100,0,114,0,"[46,-9,52,-7,56,-3,58,0,58,3,56,5,52,7,50,7,46,5,46,5,44,5,42,5,44,5,44,5,46,5,48,5,50,5,50,5,52,7,54,5,54,7,54,5,54,5,56,7,54,7,54,7,52,9,52,7,0,0,54,9,54,11,56,11,54,11,58,11,58,13,60,11,62,13,60,13,60,11,56,13,56,13,54,13,52,11,50,11,50,11,48,11,48,9,52,9,56,11,60,11,63,15,63,15,67,19,69,25,67,27,62,31,54,32]"
CSI_DATA,56320,d8:b1:90:d9:de:f0,-47,11,-99,-33,48,116,828708956,100,0,114,0,"[-47,0,-52,-3,-56,-5,-56,-7,-56,-9,-54,-9,-50,-9,-48,-7,-47,-5,-45,-5,-43,-5,-43,-3,-41,-1,-41,0,-43,0,-45,3,-47,5,-48,3,-48,5,-52,9,-50,11,-50,11,-50,13,-52,11,-52,13,-50,15,-48,15,-47,15,0,0,-48,20,-50,18,-48,20,-52,22,-52,24,-52,26,-54,26,-54,28,-54,28,-52,32,-48,32,-47,30,-45,30,-41,32,-41,30,-37,30,-35,33,-35,33,-35,37,-39,39,-41,45,-43,45,-43,50,-47,50,-48,50,-50,48,-50,45,-48,39]"
CSI_DATA,56321,d8:b1:90:d9:de:f0,-47,11,-99,-36,49,116,828729191,100,0,114,0,"[27,38,27,43,23,49,20,51,18,53,16,53,12,51,12,47,10,43,10,43,10,40,10,42,10,40,10,42,12,42,12,43,12,43,12,45,14,47,12,49,14,51,14,51,14,51,14,51,12,51,12,49,10,49,12,49,0,0,9,47,9,49,9,51,9,54,10,54,10,56,10,56,9,58,9,58,9,56,9,56,9,53,7,51,7,51,7,49,7,49,7,47,9,49,9,49,9,53,10,56,9,60,9,64,7,65,3,67,0,65,-3,64,-9,58]"
CSI_DATA,56322,d8:b1:90:d9:de:f0,-47,11,-99,-34,48,116,828748798,100,0,114,0,"[38,-36,46,-34,50,-34,56,-29,56,-25,54,-21,56,-17,54,-15,50,-15,48,-13,44,-11,44,-11,42,-11,44,-9,46,-9,46,-9,46,-9,50,-7,52,-9,54,-9,56,-7,56,-7,58,-5,56,-5,54,-3,54,-1,54,-1,54,0,0,0,52,0,54,1,56,3,56,5,58,7,60,7,60,7,60,9,60,11,58,11,58,9,56,13,52,11,52,11,48,13,48,13,48,13,50,13,52,13,54,17,56,17,60,23,62,25,63,29,62,32,60,38,54,40,46,42]"
CSI_DATA,56323,d8:b1:90:d9:de:f0,-47,11,-99,-34,48,116,828758920,100,0,114,0,"[-9,-52,-5,-60,-3,-58,-1,-62,-1,-62,0,-62,1,-58,3,-56,0,-52,0,-50,-1,-44,-1,-46,-1,-44,-3,-44,-5,-46,-7,-46,-9,-46,-9,-48,-13,-52,-13,-50,-15,-56,-19,-56,-17,-54,-19,-50,-17,-50,-19,-52,-19,-50,-19,-50,0,0,-23,-46,-23,-46,-25,-48,-27,-48,-29,-52,-31,-52,-32,-50,-32,-52,-32,-48,-32,-48,-32,-48,-32,-46,-32,-40,-32,-40,-32,-36,-34,-36,-34,-34,-36,-34,-40,-34,-42,-34,-46,-36,-46,-38,-48,-40,-54,-46,-52,-46,-50,-48,-46,-48,-40,-48]"
CSI_DATA,56324,d8:b1:90:d9:de:f0,-47,11,-99,-32,48,116,828769094,100,0,114,0,"[-5,49,-9,53,-12,54,-16,54,-20,56,-21,53,-21,51,-21,47,-18,43,-18,42,-16,40,-16,40,-16,40,-14,42,-14,42,-14,43,-12,43,-16,45,-16,49,-14,49,-14,51,-14,51,-12,51,-12,51,-14,49,-14,49,-12,47,-12,47,0,0,-12,45,-12,47,-14,47,-12,51,-12,51,-12,53,-12,53,-12,54,-12,53,-12,54,-12,53,-10,51,-9,49,-9,45,-9,47,-7,45,-7,45,-5,47,-5,49,-5,51,-3,54,-7,56,-7,62,-10,65,-10,65,-14,64,-20,62,-21,54]"
CSI_DATA,56325,d8:b1:90:d9:de:f0,-47,11,-99,-32,48,116,828788654,100,0,114,0,"[-14,47,-21,51,-27,53,-31,53,-32,49,-34,45,-32,43,-34,40,-31,36,-31,36,-31,34,-31,32,-29,31,-29,31,-29,32,-31,34,-31,34,-32,34,-32,36,-32,38,-36,38,-36,38,-36,38,-36,38,-36,36,-36,34,-36,34,-36,32,0,0,-36,34,-38,32,-38,32,-38,32,-40,32,-42,34,-42,34,-45,36,-45,36,-43,36,-43,34,-42,31,-40,31,-38,31,-40,29,-38,29,-34,29,-36,29,-36,31,-40,31,-43,34,-45,32,-49,34,-54,34,-58,31,-58,31,-58,23,-54,16]"
CSI_DATA,56326,d8:b1:90:d9:de:f0,-47,11,-99,-35,48,116,828798764,100,0,114,0,"[-47,21,-53,21,-57,19,-59,19,-61,19,-59,17,-57,15,-55,13,-49,17,-47,15,-43,15,-45,19,-41,19,-41,21,-41,23,-39,25,-39,25,-41,29,-41,33,-41,35,-43,35,-41,39,-39,37,-37,39,-37,39,-35,41,-33,41,-33,41,0,0,-29,41,-27,43,-29,45,-27,49,-27,51,-27,51,-25,53,-25,55,-21,55,-21,57,-17,55,-15,55,-13,51,-11,51,-9,51,-7,49,-3,49,-1,51,-1,53,0,55,1,57,1,61,1,65,3,71,1,69,1,69,-1,69,-3,63]"
CSI_DATA,56327,d8:b1:90:d9:de:f0,-47,11,-99,-34,48,116,828818628,100,0,114,0,"[0,52,-1,58,-7,62,-9,62,-11,62,-13,60,-15,56,-15,54,-13,48,-13,48,-11,46,-11,44,-9,44,-9,46,-7,48,-7,50,-7,52,-7,52,-5,56,-5,54,-5,56,-5,58,-5,58,-3,58,-3,56,-3,54,-3,54,-3,52,0,0,-1,54,-1,54,0,56,0,54,0,58,1,58,1,60,1,62,3,60,1,58,3,58,5,56,5,54,7,54,7,50,7,50,9,48,11,50,11,52,11,56,13,58,15,62,15,63,13,67,11,69,7,71,5,65,1,62]"
CSI_DATA,56328,d8:b1:90:d9:de:f0,-47,11,-99,-34,48,116,828828703,100,0,114,0,"[54,3,58,7,60,11,60,15,62,19,60,21,56,23,52,23,48,21,46,21,44,19,46,21,44,19,44,19,46,19,46,19,48,19,50,23,50,21,52,23,50,23,52,23,52,23,52,23,52,23,48,23,48,23,46,21,0,0,46,21,48,25,46,23,52,25,50,27,50,27,52,27,56,29,54,29,54,27,52,25,48,25,46,25,44,23,44,23,44,23,44,21,44,21,46,23,50,25,54,25,56,29,60,32,60,32,58,38,56,38,52,44,44,44]"
CSI_DATA,56329,d8:b1:90:d9:de:f0,-46,11,-99,-35,48,116,828848743,100,0,114,0,"[-41,33,-47,35,-53,33,-53,33,-55,31,-53,29,-49,29,-49,27,-45,25,-43,27,-41,25,-39,27,-39,27,-37,29,-37,31,-37,35,-37,35,-37,37,-35,39,-35,43,-35,43,-35,43,-33,45,-31,43,-31,43,-29,45,-27,43,-27,45,0,0,-25,45,-23,47,-23,47,-21,51,-23,53,-21,57,-21,57,-21,59,-19,57,-15,59,-13,59,-13,55,-9,55,-7,53,-5,51,-3,51,-3,51,-1,53,1,55,0,59,1,61,1,65,3,69,1,73,1,73,0,73,-3,69,-5,67]"
CSI_DATA,56330,d8:b1:90:d9:de:f0,-47,11,-99,-33,48,116,828859398,100,0,114,0,"[22,43,20,50,16,56,15,60,13,58,11,58,5,54,5,52,5,47,5,47,5,45,5,45,3,43,5,45,7,47,7,48,7,48,7,48,9,52,7,50,9,50,9,50,7,50,9,52,7,48,7,48,7,48,7,48,0,0,7,48,7,50,7,52,7,52,9,54,9,56,9,56,9,58,9,58,9,56,9,54,9,54,9,52,9,50,9,48,9,50,9,47,11,48,13,50,13,52,13,56,15,62,11,62,9,67,7,71,3,71,-1,65,-5,62]"
CSI_DATA,56331,d8:b1:90:d9:de:f0,-46,11,-99,-35,48,116,828879197,100,0,114,0,"[37,35,35,43,33,49,31,53,27,57,25,55,21,55,17,51,15,49,13,49,11,47,11,47,9,45,9,45,9,47,9,49,9,49,7,53,9,53,7,55,5,53,7,55,5,55,3,55,3,53,3,53,1,53,0,51,0,0,-1,53,-1,55,-1,53,-3,55,-3,57,-5,59,-5,59,-7,61,-9,59,-9,59,-9,57,-9,55,-9,55,-9,53,-11,51,-11,49,-11,49,-11,49,-11,51,-15,57,-15,59,-19,61,-23,63,-27,67,-33,67,-37,63,-41,59,-41,49]"
CSI_DATA,56332,d8:b1:90:d9:de:f0,-47,11,-99,-33,48,116,828899723,100,0,114,0,"[50,7,54,13,54,15,58,18,56,22,54,22,52,24,48,24,45,20,43,22,41,20,41,22,41,20,41,20,41,20,43,20,45,18,47,18,48,20,48,18,50,22,52,20,50,20,50,20,45,20,47,20,45,20,47,20,0,0,47,18,45,18,48,18,50,20,52,22,52,20,54,22,54,24,52,22,52,22,52,20,50,22,48,20,48,16,47,16,48,16,47,16,48,16,50,15,52,16,56,18,60,20,62,24,64,28,64,32,62,33,58,35,50,37]"
CSI_DATA,56333,d8:b1:90:d9:de:f0,-46,11,-99,-35,48,116,828919237,100,0,114,0,"[47,17,51,23,53,27,51,35,47,37,45,39,43,39,39,37,37,37,33,37,33,35,33,35,31,35,33,35,35,35,35,37,35,39,37,39,37,41,37,43,37,41,37,43,35,43,37,43,35,43,33,41,35,41,33,41,0,0,33,43,33,43,31,47,31,47,33,47,33,49,33,49,33,51,33,51,33,49,31,49,31,49,29,47,27,45,27,45,25,45,25,43,27,43,27,45,27,49,29,51,31,59,29,61,27,63,27,67,21,69,15,65,9,61]"
CSI_DATA,56334,d8:b1:90:d9:de:f0,-46,11,-99,-34,48,116,828938785,100,0,114,0,"[-36,-34,-32,-38,-34,-48,-40,-48,-32,-54,-32,-42,-32,-44,-27,-50,-31,-44,-31,-36,-27,-34,-29,-34,-29,-42,-32,-32,-38,-31,-34,-25,-42,-32,-38,-29,-46,-31,-50,-27,-50,-31,-50,-23,-48,-25,-50,-21,-48,-17,-48,-21,-48,-23,-52,-21,0,0,-50,-13,-50,-15,-56,-11,-50,-9,-58,-5,-62,-9,-58,-7,-65,-9,-62,-3,-62,0,-54,0,-60,0,-62,3,-54,7,-52,5,-46,3,-48,9,-52,11,-50,11,-58,13,-62,21,-60,19,-63,23,-67,29,-67,23,-69,19,-67,15,-65,15]"
CSI_DATA,56335,d8:b1:90:d9:de:f0,-46,11,-99,-35,48,116,828958880,100,0,114,0,"[51,0,55,5,59,7,59,9,59,13,57,15,53,15,51,17,47,13,47,13,45,13,45,13,43,13,43,11,45,11,47,11,49,9,51,11,53,13,55,9,53,11,55,11,55,9,55,9,53,9,53,9,53,7,51,7,0,0,53,5,53,7,55,7,57,7,59,7,59,7,61,7,63,7,61,5,63,5,61,3,57,5,53,3,53,1,53,3,53,3,51,0,51,1,55,0,59,0,61,0,65,1,69,1,73,3,75,7,73,9,71,13,63,17]"
CSI_DATA,56336,d8:b1:90:d9:de:f0,-46,11,-99,-35,48,116,828968868,100,0,114,0,"[-25,-41,-25,-47,-21,-53,-17,-55,-17,-57,-13,-55,-9,-55,-9,-51,-7,-49,-5,-47,-7,-45,-5,-47,-5,-43,-7,-45,-7,-47,-7,-49,-7,-49,-9,-51,-7,-53,-7,-55,-9,-53,-9,-55,-7,-55,-9,-55,-7,-53,-7,-51,-7,-53,-7,-53,0,0,-5,-53,-5,-53,-5,-53,-5,-57,-5,-57,-5,-59,-5,-61,-5,-63,-3,-63,-5,-63,-3,-57,-3,-59,-3,-57,-1,-55,-1,-53,-1,-51,-1,-51,-3,-51,-3,-53,-3,-57,-3,-61,-1,-65,-1,-69,1,-71,3,-75,9,-73,13,-67,15,-59]"
CSI_DATA,56337,d8:b1:90:d9:de:f0,-46,11,-99,-35,48,116,828978935,100,0,114,0,"[11,47,11,53,9,55,9,57,7,61,7,57,5,55,7,53,7,49,7,49,9,43,11,45,13,45,15,43,17,45,21,45,23,45,25,47,27,47,29,45,31,47,35,47,35,45,37,43,35,39,37,39,37,35,41,37,0,0,41,33,43,31,45,33,49,31,53,31,53,31,55,29,57,29,55,25,57,23,57,21,57,19,55,15,53,13,53,11,53,9,53,7,55,5,57,3,59,3,61,1,65,0,67,-1,75,-1,73,-1,75,1,71,1,65,5]"
CSI_DATA,56338,d8:b1:90:d9:de:f0,-46,11,-99,-33,47,116,828998946,100,0,114,0,"[-50,-14,-54,-16,-57,-21,-57,-25,-54,-27,-52,-29,-50,-29,-48,-27,-44,-25,-44,-23,-42,-25,-42,-21,-42,-19,-44,-19,-46,-19,-48,-19,-52,-19,-50,-21,-57,-21,-57,-19,-59,-19,-59,-19,-59,-16,-61,-16,-59,-14,-57,-16,-57,-14,-57,-12,0,0,-57,-10,-57,-14,-61,-12,-59,-10,-63,-12,-65,-12,-67,-8,-67,-10,-65,-10,-65,-6,-63,-6,-63,-6,-61,-4,-59,-4,-57,-4,-57,-2,-54,-2,-57,0,-61,0,-63,2,-67,4,-71,0,-71,2,-78,0,-78,-4,-80,-6,-73,-10,-65,-14]"
CSI_DATA,56339,d8:b1:90:d9:de:f0,-46,11,-99,-36,48,116,829018624,100,0,114,0,"[-26,39,-32,43,-41,43,-43,41,-45,39,-45,36,-43,32,-43,30,-41,28,-41,26,-39,26,-36,26,-36,24,-39,24,-39,26,-41,30,-41,30,-41,30,-45,32,-43,32,-45,34,-45,34,-47,32,-45,34,-45,32,-45,30,-45,30,-45,30,0,0,-43,32,-45,30,-47,32,-49,32,-51,34,-51,34,-55,34,-55,34,-53,34,-53,34,-51,32,-53,34,-51,32,-49,30,-47,30,-47,28,-43,26,-45,30,-47,30,-53,30,-55,34,-59,34,-63,34,-69,34,-71,30,-73,26,-69,20,-65,14]"
CSI_DATA,56340,d8:b1:90:d9:de:f0,-46,11,-99,-36,48,116,829028719,100,0,114,0,"[-2,47,-8,53,-14,57,-18,57,-22,53,-24,51,-24,49,-26,47,-24,43,-24,43,-26,41,-24,39,-24,39,-26,39,-26,39,-26,41,-28,41,-30,43,-32,43,-30,45,-34,45,-34,45,-34,45,-34,45,-36,41,-36,39,-36,39,-36,39,0,0,-39,41,-41,36,-43,39,-43,39,-45,39,-47,39,-47,41,-51,41,-51,36,-51,39,-49,36,-51,32,-47,32,-47,30,-47,28,-49,28,-47,28,-47,28,-49,30,-53,28,-57,30,-61,28,-65,28,-67,24,-71,22,-73,16,-69,10,-67,2]"
CSI_DATA,56341,d8:b1:90:d9:de:f0,-46,11,-99,-32,47,116,829048703,100,0,114,0,"[-4,51,-8,55,-14,59,-16,57,-18,61,-18,57,-22,55,-18,51,-18,51,-18,49,-14,47,-14,49,-14,47,-12,47,-10,51,-10,53,-10,51,-10,57,-8,57,-8,61,-6,59,-6,61,-6,61,-4,61,-6,59,-4,57,-2,59,-2,55,0,0,-2,55,0,57,2,57,0,61,4,61,4,63,6,63,4,63,6,63,8,65,8,61,10,61,10,57,10,53,12,55,12,53,12,55,14,53,16,55,16,59,18,61,18,67,20,69,18,73,18,75,12,73,8,73,4,65]"
CSI_DATA,56342,d8:b1:90:d9:de:f0,-46,11,-99,-36,48,116,829068922,100,0,114,0,"[45,-22,53,-20,57,-18,61,-16,61,-10,59,-8,57,-4,55,-4,53,-2,51,0,51,0,47,0,47,0,49,0,51,2,55,0,57,2,55,2,59,2,59,0,59,2,59,4,59,4,61,6,55,6,55,6,55,8,55,8,0,0,57,8,53,10,57,10,57,10,59,12,59,12,61,16,61,16,61,16,59,14,57,14,57,16,55,16,55,14,51,16,51,16,49,16,51,16,53,16,55,20,59,22,63,28,63,28,65,32,65,41,63,45,55,45,47,47]"
CSI_DATA,56343,d8:b1:90:d9:de:f0,-47,11,-99,-34,48,116,829078990,100,0,114,0,"[-44,-11,-50,-15,-54,-19,-56,-21,-52,-23,-54,-25,-48,-25,-50,-23,-46,-19,-44,-19,-42,-15,-42,-15,-44,-15,-44,-11,-46,-11,-48,-9,-50,-7,-50,-7,-56,-7,-54,-3,-56,-3,-56,-1,-56,-1,-56,1,-50,1,-52,1,-52,3,-54,3,0,0,-52,9,-50,7,-54,9,-52,11,-56,15,-56,17,-56,19,-58,21,-56,23,-52,23,-52,25,-52,25,-48,25,-46,27,-42,27,-44,29,-40,29,-42,32,-40,34,-44,38,-46,42,-50,44,-50,44,-56,46,-58,48,-60,46,-56,40,-56,34]"
CSI_DATA,56344,d8:b1:90:d9:de:f0,-47,11,-99,-34,48,116,829098974,100,0,114,0,"[-44,15,-50,15,-54,13,-58,7,-58,5,-56,3,-54,0,-52,1,-50,1,-48,1,-46,1,-46,1,-44,1,-44,3,-46,3,-48,5,-50,5,-52,5,-54,5,-56,7,-54,9,-56,7,-54,7,-56,9,-52,9,-52,7,-50,7,-50,9,0,0,-50,9,-50,9,-52,7,-54,9,-54,11,-58,11,-56,13,-56,13,-56,13,-56,15,-54,13,-52,15,-50,15,-50,15,-46,15,-48,15,-48,15,-48,17,-52,19,-54,17,-56,19,-60,21,-63,21,-69,19,-71,17,-71,11,-69,5,-63,1]"
CSI_DATA,56345,d8:b1:90:d9:de:f0,-47,11,-99,-33,48,116,829119023,100,0,114,0,"[-32,32,-37,33,-43,33,-45,35,-45,33,-45,33,-43,32,-41,30,-37,30,-35,30,-33,30,-33,30,-28,32,-28,33,-30,35,-30,39,-28,41,-28,41,-28,45,-24,47,-24,48,-24,50,-20,50,-20,52,-18,50,-15,48,-15,50,-15,50,0,0,-11,50,-9,50,-9,52,-5,52,-3,56,-1,56,0,58,1,60,1,60,5,56,7,56,7,54,11,52,13,52,13,47,15,48,16,47,18,47,22,48,24,52,28,52,28,58,32,58,32,64,33,65,32,67,26,64,20,60]"
CSI_DATA,56346,d8:b1:90:d9:de:f0,-47,11,-99,-35,48,116,829138673,100,0,114,0,"[-47,3,-53,1,-57,0,-59,-3,-57,-5,-57,-5,-53,-7,-53,-7,-49,-5,-49,-3,-45,-3,-45,-3,-43,-1,-45,0,-47,0,-49,1,-51,1,-53,3,-55,3,-55,5,-55,7,-57,7,-55,9,-55,9,-53,9,-53,9,-53,11,-51,13,0,0,-51,13,-51,13,-53,15,-53,15,-55,17,-57,19,-55,21,-57,21,-55,23,-53,25,-51,23,-49,25,-47,25,-45,25,-43,25,-43,27,-41,27,-41,29,-43,31,-47,35,-49,39,-53,41,-55,43,-59,41,-61,41,-61,39,-61,33,-59,27]"
CSI_DATA,56347,d8:b1:90:d9:de:f0,-50,9,-99,-34,51,116,829148613,756,0,106,0,"[149,0,123,20,-115,0,-175,20,-42,0,-116,20,13,1,-50,20,35,1,2,0,53,1,46,0,64,1,64,0,30,1,63,0,-76,0,31,0,98,0,-1,20,-107,20,-10,20,67,20,2,0,-28,19,30,0,0,0,0,0,-23,19,137,0,79,20,145,0,-89,20,116,0,137,0,23,0,-34,0,-108,20,71,1,115,20,83,1,45,20,38,1,6,20,-34,0,8,20,-111,0,57,20,115,0,164,20,-2,20,-16,20,-45,20]"
CSI_DATA,56348,d8:b1:90:d9:de:f0,-54,11,-99,-38,55,116,829169126,100,0,228,0,"[-11,8,-10,10,-9,12,-7,14,-4,16,-1,17,0,18,94,-6,5,19,7,19,9,19,11,18,13,18,13,18,14,17,14,17,14,16,11,14,9,11,5,9,1,4,56,5,-4,-2,-8,-7,-11,-10,-12,-14,-14,-16,-14,-19,0,0,-11,-21,-9,-20,-7,-19,-4,-16,0,-12,1,-7,29,0,8,4,10,10,12,16,13,21,13,25,12,29,11,30,10,30,9,30,6,27,5,26,4,24,2,21,31,0,0,12,0,7,-1,0,0,-4,0,-9,1,-13,4,-14,0,0,0,4,6,6,12,0,11,-11,0,-18,-13,-14,-17,19,-13,15,0,19,14,11,16,-2,7,-12,-4,-12,-9,-2,-4,7,6,7,11,-4,2,-16,-14,-15,-25,0,-21,22,1,31,23,21,31,0,21,-20,0,-27,-14,-17,0,0,-12,7,-3,9,0,4,-2,3,-3,7,1,13,18,10,21,1,18,-13,4,-23,-10,-19,-18,-7,-14,4,-6,10,0,7,0,5,0,6,2,9,11,9,21,1,23,0,6,-32,-17,-34,-38,-15,-41,13,-23,36,4,39,24,24]"
CSI_DATA,56349,d8:b1:90:d9:de:f0,-53,11,-99,-38,55,116,829189013,100,0,228,0,"[10,-10,8,-12,6,-13,2,-15,0,-17,-3,-17,-6,-17,94,-6,-12,-15,-14,-14,-16,-13,-18,-11,-20,-10,-21,-9,-21,-8,-21,-6,-20,-4,-18,-4,-14,-3,-10,-2,-4,-2,56,5,5,-1,11,-1,16,0,19,0,22,0,23,0,0,0,23,0,23,1,20,1,16,2,11,3,5,4,61,0,-7,6,-14,6,-21,6,-25,6,-29,5,-31,5,-32,5,-31,5,-31,4,-28,4,-27,3,-24,2,-21,2,-13,13,-12,0,-6,0,0,-1,4,-1,9,-1,13,-1,15,0,0,0,0,-4,-7,-4,-12,3,-7,14,5,17,18,8,9,-24,6,-19,-8,-17,-17,-3,-13,9,0,14,9,7,9,-3,0,-8,-8,-1,-5,10,8,14,21,2,18,-18,0,-32,-23,-20,-31,2,-19,24,3,29,20,16,22,-1,0,0,0,-13,-5,-7,-3,-2,-1,-3,-4,-6,-13,-3,-17,13,-8,18,7,21,20,11,21,-5,10,-15,-1,-15,-7,-8,-7,-1,-4,0,-5,-1,-10,1,-10,10,-1,22,0,24,33,5,33,-20,11,-40,-19,-38,-38,-15,-37,12,-16,29]"
CSI_DATA,56350,d8:b1:90:d9:de:f0,-53,11,-99,-38,55,116,829199670,100,0,228,0,"[0,-14,-2,-14,-5,-14,-8,-14,-11,-13,-13,-11,-16,-9,94,-6,-19,-5,-20,-4,-21,-2,-22,0,-23,0,-22,1,-23,2,-21,2,-20,2,-18,2,-15,1,-10,0,-5,0,56,5,5,-3,10,-3,15,-4,18,-5,22,-4,23,-4,0,0,24,-1,23,0,20,0,16,1,11,2,5,4,63,0,-7,4,-14,4,-20,3,-26,2,-29,0,-31,0,-32,0,-31,-1,-30,-2,-28,-3,-27,-3,-24,-4,-20,-4,5,14,-11,-4,-6,-3,0,-1,5,0,9,1,12,5,13,8,0,0,-4,-2,-8,2,-6,11,3,15,16,10,19,-3,-8,-26,-5,-19,-17,-8,-16,6,-5,15,7,13,13,1,6,-8,-3,-7,-9,1,-1,11,12,10,21,-3,12,-22,-8,-29,-28,-13,-29,10,-13,27,8,28,22,12,22,-5,0,0,0,-14,-5,-6,-3,-1,-1,-3,-5,-6,-13,-3,-18,11,-9,19,5,22,19,13,22,-2,12,-14,0,-15,-6,-9,-6,-2,-3,-1,-5,-2,-10,0,-14,6,-8,20,-9,20,28,18,37,-4,28,-31,0,-42,-26,-33,-37,-7,-30,15]"
CSI_DATA,56351,d8:b1:90:d9:de:f0,-54,11,-99,-38,55,116,829218947,100,0,228,0,"[1,13,3,15,6,14,9,14,12,12,14,11,16,10,94,-6,19,6,20,4,20,2,21,1,21,0,22,0,22,-1,21,-1,20,-1,18,-1,14,0,10,0,4,1,56,5,-5,3,-10,2,-15,3,-18,3,-21,2,-24,2,0,0,-24,0,-22,-1,-20,-2,-16,-3,-11,-4,-5,-4,-78,14,8,-3,14,-1,20,0,25,0,28,3,30,4,30,6,30,7,29,9,27,9,25,10,22,10,18,10,-11,0,9,7,4,5,0,2,-5,0,-8,-3,-10,-8,-9,-11,0,0,4,2,9,-2,6,-11,-3,-15,-16,-8,-18,4,8,26,6,19,17,7,17,-6,4,-16,-8,-13,-13,-1,-7,8,3,8,10,0,2,-11,-10,-12,-20,1,-14,20,6,29,25,15,29,-7,16,-25,-5,-28,-21,-14,-23,2,0,0,0,14,5,7,3,2,1,4,4,7,12,5,18,-9,12,-17,0,-23,-17,-16,-22,0,-15,12,-2,16,5,11,5,3,4,1,3,2,9,2,14,-3,12,-16,13,-16,-22,-24,-36,-4,-34,23,-12,40,16,38,34,18,33,-6]"
CSI_DATA,56352,d8:b1:90:d9:de:f0,-54,11,-99,-38,55,116,829229118,100,0,228,0,"[1,-14,0,-15,-2,-16,-5,-16,-9,-16,-12,-14,-15,-12,94,-6,-18,-8,-20,-5,-21,-2,-20,0,-22,0,-22,2,-22,4,-21,5,-19,6,-17,5,-14,4,-9,2,-5,0,56,5,3,-4,7,-8,12,-10,14,-12,16,-14,18,-15,0,0,18,-14,19,-13,17,-12,14,-9,12,-5,8,0,102,0,0,8,-6,13,-10,16,-14,20,-17,22,-19,24,-19,25,-19,24,-19,23,-18,22,-17,20,-15,18,-13,16,62,14,-9,8,-6,3,-2,0,0,-5,5,-8,7,-10,10,-11,0,-1,-3,-3,-8,0,-7,9,0,16,13,11,19,-2,-5,-28,-5,-19,-17,-8,-16,7,-5,16,8,12,14,0,6,-10,-5,-8,-9,2,0,13,13,8,18,-7,5,-23,-16,-25,-29,-3,-23,19,-1,30,19,21,25,1,16,-14,0,0,-8,-11,-9,-3,-5,0,-3,-1,-8,0,-12,5,-3,20,5,20,21,11,23,-4,12,-18,-2,-19,-12,-10,-12,0,-6,4,-3,3,-4,3,-5,8,0,15,13,16,14,16,27,-17,9,-36,-19,-36,-39,-14,-38,14,-18,34,6,32]"
CSI_DATA,56353,d8:b1:90:d9:de:f0,-54,11,-99,-38,55,116,829248622,100,0,228,0,"[-14,-2,-15,-1,-17,0,-17,3,-17,6,-16,10,-15,12,94,-6,-11,16,-10,18,-7,19,-5,20,-3,21,-1,22,0,22,0,21,0,20,0,17,0,14,0,10,-1,4,56,5,-4,-5,-5,-10,-6,-14,-7,-18,-7,-21,-7,-22,0,0,-6,-23,-5,-22,-3,-21,-1,-17,0,-13,2,-8,29,0,6,4,9,11,10,17,11,22,11,25,11,28,11,29,10,29,9,29,8,27,7,25,6,23,4,21,65,0,0,12,0,7,-2,1,-2,-3,-3,-9,-2,-13,0,-15,0,0,-3,3,0,9,8,9,15,0,13,-12,0,-19,-29,1,-20,1,-11,15,3,18,15,7,15,-6,3,-13,-7,-8,-9,3,0,10,11,4,11,-10,-1,-19,-19,-12,-29,6,-12,26,10,28,26,11,25,-9,10,-23,-6,-20,0,0,-13,2,-5,6,-2,4,-3,2,-5,7,0,14,16,12,21,3,20,-12,6,-23,-9,-21,-18,-7,-15,4,-6,10,0,8,0,5,0,6,3,8,12,7,20,-1,21,0,0,-32,-23,-28,-40,-6,-35,22,-12,40,15,34,29,15]"
CSI_DATA,56354,d8:b1:90:d9:de:f0,-54,11,-99,-38,55,116,829259259,100,0,228,0,"[-13,-4,-15,-1,-17,0,-17,3,-17,8,-15,11,-13,13,94,-6,-9,18,-7,19,-4,20,-1,20,0,21,2,21,4,21,5,20,6,19,5,16,5,13,3,9,0,5,56,5,-5,-2,-11,-4,-12,-9,-15,-11,-18,-12,-19,-13,0,0,-19,-14,-18,-13,-16,-12,-13,-11,-8,-9,-2,-7,-40,14,8,-1,15,0,19,2,24,3,28,5,30,5,31,6,31,6,30,5,28,4,27,4,24,4,21,3,11,0,13,2,6,3,0,2,-5,0,-10,0,-13,0,-14,0,0,0,-3,3,0,8,8,8,15,0,12,-13,-1,-19,-29,3,-19,4,-9,17,7,16,16,4,12,-9,0,-14,-10,-5,-8,5,2,9,12,0,7,-14,-9,-16,-23,-2,-23,19,0,28,22,18,29,-3,15,-22,-3,-24,-17,-12,0,0,-7,10,0,8,0,4,0,4,0,9,10,10,21,-2,17,-12,2,-23,-13,-19,-22,-3,-17,10,-4,15,3,12,7,3,5,1,5,2,9,0,12,-7,6,-19,5,-21,-30,-12,-35,12,-19,36,11,41,35,22,37,-5,21,-26]"
CSI_DATA,56355,d8:b1:90:d9:de:f0,-53,11,-99,-40,55,116,829278728,100,0,228,0,"[2,14,5,15,9,14,12,13,15,11,17,8,19,6,99,-7,21,0,21,-3,21,-6,21,-8,20,-10,19,-13,17,-14,16,-14,15,-14,12,-12,10,-10,7,-7,4,-2,59,6,-1,8,-3,12,-5,17,-7,20,-8,23,-9,24,0,0,-9,24,-9,23,-9,20,-9,17,-8,11,-7,6,-76,15,-4,-8,-3,-14,-1,-21,1,-25,1,-29,2,-31,3,-32,3,-32,3,-31,2,-29,2,-27,2,-25,2,-22,6,0,2,-12,2,-7,3,0,2,6,1,11,-1,16,-3,17,1,2,5,2,9,-4,5,-13,-7,-16,-18,-6,-18,10,16,23,12,16,20,1,13,-14,-2,-17,-14,-7,-12,6,-1,11,9,5,8,-7,-5,-11,-16,-1,-12,17,6,24,26,15,27,-12,11,-28,-13,-27,-26,-9,-22,12,-6,21,0,0,12,5,8,-2,4,-1,6,1,10,-3,9,-13,-7,-20,-17,-16,-26,0,-18,19,-1,24,14,17,18,2,12,-7,4,-9,0,-6,1,-6,0,-10,-9,-12,-20,-5,-22,-5,-12,31,15,37,39,18,43,-12,22,-38,-7,-40,-25,-21]"
CSI_DATA,56356,d8:b1:90:d9:de:f0,-54,11,-99,-37,55,116,829298749,100,0,228,0,"[4,15,6,15,10,14,13,13,16,11,18,9,19,6,91,-6,21,1,21,0,21,-2,21,-4,20,-5,19,-7,18,-8,17,-9,16,-9,14,-9,11,-7,6,-5,2,-1,54,5,-4,5,-8,9,-11,10,-15,12,-16,14,-18,15,0,0,-18,16,-18,15,-16,13,-14,10,-11,6,-7,2,-84,14,2,-5,8,-11,13,-13,16,-16,20,-17,22,-18,23,-19,23,-18,23,-18,21,-17,20,-16,18,-15,16,-13,-59,0,10,-7,4,-4,0,0,-4,1,-9,4,-12,4,-15,4,0,1,4,2,8,-3,4,-12,-7,-16,-17,-5,-17,10,16,25,12,16,19,1,13,-12,0,-16,-13,-9,-13,4,-2,13,9,7,10,-4,0,-14,-14,-6,-17,10,-3,23,16,21,28,0,19,-21,-1,-28,-19,-18,-24,0,-14,15,0,0,8,8,7,0,2,0,1,2,7,3,14,-2,8,-16,-2,-22,-18,-15,-24,1,-16,16,0,20,11,13,12,1,7,-3,3,-2,3,0,7,-4,4,-13,-6,-18,-9,-22,-31,7,-21,31,3,41,31,29,41,0,31,-25,6,-33]"
CSI_DATA,56357,d8:b1:90:d9:de:f0,-47,11,-99,-36,49,116,829318639,100,0,114,0,"[-40,21,-47,21,-53,21,-54,21,-53,20,-53,20,-49,18,-49,16,-45,16,-43,16,-42,16,-40,16,-38,18,-38,20,-38,21,-38,23,-40,27,-40,27,-42,29,-40,32,-38,32,-38,32,-36,34,-36,34,-34,32,-32,34,-32,34,-31,34,0,0,-31,38,-29,38,-29,40,-29,42,-29,43,-27,45,-27,45,-29,47,-27,47,-23,47,-23,47,-23,47,-20,47,-18,47,-16,45,-16,47,-12,47,-12,49,-10,51,-10,53,-10,56,-12,62,-12,64,-14,67,-18,69,-18,69,-21,64,-23,58]"
CSI_DATA,56358,d8:b1:90:d9:de:f0,-47,11,-99,-36,49,116,829328954,100,0,114,0,"[-27,36,-34,38,-40,38,-40,36,-43,36,-43,34,-43,31,-42,29,-36,27,-36,25,-34,25,-34,25,-34,25,-34,25,-34,27,-36,29,-36,31,-38,31,-38,34,-40,36,-38,32,-38,36,-36,36,-36,34,-36,34,-36,32,-34,32,-32,32,0,0,-32,32,-34,34,-34,36,-34,36,-36,36,-36,38,-36,40,-36,40,-38,40,-36,40,-34,40,-34,40,-32,38,-31,38,-31,38,-31,36,-29,36,-29,38,-31,42,-32,45,-34,47,-38,49,-42,53,-43,53,-47,49,-47,47,-51,43,-51,38]"
CSI_DATA,56359,d8:b1:90:d9:de:f0,-47,11,-99,-36,49,116,829348774,100,0,114,0,"[-45,9,-49,7,-51,3,-54,0,-56,-3,-54,-5,-53,-9,-49,-9,-43,-7,-42,-9,-40,-9,-42,-10,-40,-10,-42,-12,-43,-10,-43,-12,-43,-12,-47,-14,-47,-12,-49,-14,-47,-14,-49,-14,-47,-16,-47,-14,-47,-16,-45,-18,-45,-18,-42,-14,0,0,-42,-18,-43,-18,-43,-20,-45,-20,-47,-21,-47,-23,-49,-23,-49,-25,-49,-23,-47,-25,-45,-25,-45,-27,-43,-23,-42,-25,-42,-23,-40,-23,-40,-23,-42,-25,-42,-25,-47,-29,-49,-32,-51,-34,-53,-40,-51,-43,-47,-47,-43,-49,-40,-51,-32,-53]"
CSI_DATA,56360,d8:b1:90:d9:de:f0,-47,11,-99,-36,49,116,829358791,100,0,114,0,"[34,29,36,32,36,36,36,38,38,42,36,40,34,42,32,38,31,32,31,32,29,29,31,31,31,27,32,27,34,27,36,25,38,25,42,25,43,25,43,23,43,23,45,21,45,21,45,18,45,18,45,18,45,16,45,14,0,0,45,10,45,10,47,9,49,9,51,7,53,7,54,5,54,3,54,1,54,0,53,0,51,-1,47,-3,47,-5,45,-5,45,-7,45,-7,47,-10,49,-12,51,-14,53,-16,56,-18,60,-20,65,-20,67,-18,67,-16,65,-14,58,-9]"
CSI_DATA,56361,d8:b1:90:d9:de:f0,-47,11,-99,-33,48,116,829379031,100,0,114,0,"[13,-43,18,-47,24,-50,26,-48,28,-48,30,-45,30,-43,30,-39,28,-39,28,-37,28,-35,26,-37,28,-33,26,-33,26,-35,26,-37,26,-39,30,-41,28,-41,30,-43,28,-41,30,-45,28,-45,28,-45,28,-43,28,-41,28,-39,26,-39,0,0,26,-41,28,-41,28,-41,30,-43,28,-45,30,-47,30,-47,32,-47,30,-48,30,-48,30,-45,28,-45,28,-43,26,-41,24,-43,26,-43,26,-43,24,-45,26,-47,28,-48,30,-52,32,-56,37,-58,41,-58,45,-56,47,-52,50,-48,47,-39]"
CSI_DATA,56362,d8:b1:90:d9:de:f0,-47,11,-99,-33,48,116,829398720,100,0,114,0,"[-9,43,-15,47,-20,50,-24,48,-26,48,-28,45,-30,43,-30,39,-28,37,-30,33,-28,33,-30,33,-28,32,-30,32,-30,32,-30,33,-32,33,-35,35,-33,37,-37,37,-35,35,-37,35,-37,35,-37,35,-39,33,-37,32,-39,32,-37,32,0,0,-39,30,-39,32,-41,32,-43,32,-45,32,-47,32,-47,32,-50,32,-50,32,-50,30,-48,30,-48,28,-47,26,-45,24,-45,24,-45,24,-47,24,-47,24,-48,24,-52,24,-56,24,-60,24,-65,22,-69,20,-71,16,-71,11,-71,5,-64,-1]"
CSI_DATA,56363,d8:b1:90:d9:de:f0,-47,11,-99,-33,48,116,829408718,100,0,114,0,"[3,-45,5,-48,9,-50,11,-52,15,-52,15,-52,13,-50,13,-48,13,-45,11,-45,9,-43,7,-43,5,-43,3,-43,1,-45,0,-47,-1,-47,0,-48,-1,-50,-3,-50,-5,-50,-5,-52,-9,-52,-9,-50,-11,-50,-13,-48,-13,-48,-15,-47,0,0,-16,-47,-16,-48,-18,-48,-22,-48,-24,-50,-26,-50,-28,-52,-30,-52,-30,-50,-32,-50,-33,-47,-33,-45,-33,-43,-33,-41,-32,-41,-33,-39,-35,-37,-37,-37,-39,-37,-43,-39,-48,-39,-48,-43,-52,-45,-54,-48,-54,-50,-52,-50,-47,-52,-39,-50]"
CSI_DATA,56364,d8:b1:90:d9:de:f0,-47,11,-99,-34,48,116,829418797,100,0,114,0,"[-29,-34,-31,-40,-29,-42,-29,-46,-27,-46,-25,-48,-23,-46,-21,-46,-21,-40,-19,-40,-21,-36,-21,-36,-21,-34,-21,-36,-23,-36,-25,-36,-27,-40,-29,-38,-31,-40,-31,-40,-32,-42,-34,-42,-34,-42,-34,-40,-32,-36,-32,-38,-32,-36,-32,-36,0,0,-34,-36,-36,-34,-38,-36,-38,-36,-42,-38,-42,-38,-44,-40,-44,-40,-46,-36,-44,-36,-46,-36,-44,-36,-42,-32,-44,-31,-44,-29,-44,-31,-42,-29,-46,-29,-48,-29,-50,-31,-56,-32,-58,-34,-60,-36,-62,-40,-60,-42,-58,-46,-52,-44,-46,-46]"
CSI_DATA,56365,d8:b1:90:d9:de:f0,-47,11,-99,-33,48,116,829439385,100,0,114,0,"[11,43,9,48,9,50,7,52,7,56,5,54,5,54,5,50,7,47,7,45,7,43,9,43,9,41,11,41,13,43,16,43,18,43,20,45,22,43,24,45,24,43,28,45,28,43,30,41,30,41,30,41,32,39,32,37,0,0,33,32,35,33,37,32,41,35,43,33,45,35,47,33,50,33,50,32,52,30,50,30,48,26,47,24,47,18,47,20,47,16,47,15,48,15,52,13,58,13,62,13,65,13,69,13,73,16,73,16,71,18,69,22,60,22]"
CSI_DATA,56366,d8:b1:90:d9:de:f0,-46,11,-99,-32,47,116,829458933,100,0,114,0,"[-39,32,-45,32,-51,32,-53,32,-53,30,-53,28,-49,26,-51,22,-47,22,-45,22,-43,22,-41,22,-41,24,-41,24,-43,28,-43,28,-43,32,-43,30,-45,34,-43,36,-43,36,-43,36,-43,39,-41,39,-41,36,-36,36,-36,39,-36,39,0,0,-34,39,-34,39,-34,43,-34,45,-39,45,-36,47,-36,49,-36,51,-34,51,-32,51,-30,51,-30,49,-28,49,-26,49,-24,47,-22,49,-22,47,-22,49,-22,51,-22,57,-22,59,-24,63,-24,65,-28,67,-30,69,-32,67,-34,61,-36,55]"
CSI_DATA,56367,d8:b1:90:d9:de:f0,-46,11,-99,-36,48,116,829468926,100,0,114,0,"[-51,0,-57,-4,-61,-8,-61,-12,-59,-14,-57,-16,-55,-18,-53,-18,-51,-14,-49,-14,-47,-14,-45,-14,-45,-14,-45,-14,-49,-14,-51,-14,-51,-12,-53,-14,-55,-12,-57,-12,-55,-12,-57,-10,-57,-10,-55,-12,-53,-10,-55,-10,-53,-10,-55,-10,0,0,-53,-8,-51,-10,-55,-10,-57,-10,-59,-10,-63,-8,-63,-8,-63,-8,-63,-8,-61,-8,-61,-6,-59,-8,-57,-6,-57,-4,-55,-4,-55,-4,-53,-2,-55,-2,-59,0,-63,0,-65,0,-69,-2,-71,-2,-78,-6,-75,-10,-75,-12,-71,-16,-63,-20]"
CSI_DATA,56368,d8:b1:90:d9:de:f0,-46,11,-99,-32,47,116,829488637,100,0,114,0,"[8,55,4,59,-2,63,-6,63,-6,67,-12,63,-16,61,-14,57,-14,53,-18,51,-14,49,-16,49,-18,47,-16,47,-18,49,-16,51,-18,51,-18,55,-20,55,-22,57,-22,55,-22,59,-24,55,-20,57,-24,53,-24,51,-24,51,-26,49,0,0,-24,49,-24,51,-26,49,-30,53,-26,53,-30,55,-30,53,-32,53,-32,53,-32,53,-32,51,-32,49,-28,47,-28,45,-28,47,-28,45,-30,45,-28,45,-30,47,-32,47,-34,49,-39,53,-45,53,-49,55,-51,53,-53,49,-57,45,-55,36]"
CSI_DATA,56369,d8:b1:90:d9:de:f0,-49,11,-99,-38,51,116,829498289,277,0,106,0,"[-89,0,160,0,-113,0,-133,0,-143,0,-53,0,-190,0,-3,0,164,0,29,1,126,0,53,1,104,0,50,1,90,0,15,1,44,0,-83,0,-15,23,140,0,-117,23,-50,23,166,23,192,23,92,23,106,23,0,0,0,0,9,23,152,23,64,23,-169,23,-178,23,-63,23,49,0,13,0,-100,0,44,0,64,1,18,0,130,1,-30,23,138,1,-76,23,80,1,-123,23,-7,0,-132,23,-149,0,-95,23,84,0,7,0,-35,23]"
CSI_DATA,56370,d8:b1:90:d9:de:f0,-46,11,-99,-33,47,116,829508828,100,0,114,0,"[-54,6,-61,2,-67,0,-69,-4,-67,-8,-67,-10,-63,-10,-61,-10,-57,-10,-54,-8,-52,-8,-52,-6,-50,-6,-52,-4,-54,-4,-57,-2,-59,-2,-59,-4,-61,-2,-63,0,-61,2,-63,0,-63,4,-63,4,-59,4,-59,4,-59,6,-57,6,0,0,-57,8,-57,6,-59,8,-59,10,-61,10,-61,12,-63,14,-61,14,-63,14,-59,16,-57,19,-57,19,-52,21,-52,16,-50,16,-50,21,-48,21,-48,23,-48,25,-52,27,-54,29,-59,29,-59,31,-65,31,-67,31,-69,29,-67,23,-63,16]"
CSI_DATA,56371,d8:b1:90:d9:de:f0,-46,11,-99,-33,47,116,829518849,100,0,114,0,"[27,48,25,57,23,61,21,65,19,65,14,65,12,63,10,61,8,57,8,57,8,52,8,50,10,52,10,52,10,54,14,57,12,57,12,59,14,61,14,59,14,61,14,61,14,61,14,59,12,59,16,57,14,57,14,57,0,0,14,57,14,54,14,57,14,57,16,61,16,61,14,61,16,61,16,59,19,57,21,57,16,54,19,52,19,52,16,48,21,48,19,46,21,50,21,50,21,54,23,57,23,61,23,63,25,69,23,71,16,71,12,67,8,65]"
CSI_DATA,56372,d8:b1:90:d9:de:f0,-46,11,-99,-33,47,116,829528851,100,0,114,0,"[-31,-48,-29,-57,-25,-63,-23,-65,-19,-67,-14,-67,-12,-65,-8,-63,-8,-59,-6,-57,-6,-54,-4,-54,-4,-52,-6,-52,-6,-57,-6,-57,-6,-59,-6,-61,-4,-63,-6,-63,-6,-61,-4,-63,-6,-61,-4,-61,-2,-61,-2,-59,-2,-59,0,-57,0,0,0,-57,0,-57,2,-59,2,-59,0,-61,0,-63,0,-63,2,-63,2,-61,2,-61,2,-61,2,-57,4,-57,2,-54,2,-52,4,-52,2,-52,2,-52,0,-54,2,-59,2,-61,6,-67,6,-67,12,-71,14,-73,19,-71,23,-67,27,-61]"
CSI_DATA,56373,d8:b1:90:d9:de:f0,-46,11,-99,-33,47,116,829538919,100,0,114,0,"[-40,42,-46,42,-50,42,-54,42,-54,44,-52,42,-52,38,-48,35,-42,35,-44,35,-38,35,-40,35,-38,35,-35,40,-35,40,-33,44,-31,46,-31,50,-31,52,-29,52,-29,52,-25,57,-25,54,-21,59,-25,54,-21,54,-19,54,-19,54,0,0,-12,59,-10,57,-10,59,-8,59,-6,61,-6,61,-2,63,-4,65,2,63,2,63,4,61,4,59,8,59,12,57,14,50,14,50,16,50,19,50,21,50,25,54,27,59,31,61,31,65,33,67,31,69,31,69,27,67,23,63]"
CSI_DATA,56374,d8:b1:90:d9:de:f0,-46,11,-99,-32,47,116,829558649,100,0,114,0,"[-53,12,-61,8,-67,6,-69,4,-67,2,-69,0,-61,-2,-63,-4,-57,0,-55,0,-53,2,-51,0,-53,0,-53,2,-53,4,-55,6,-57,8,-57,8,-61,12,-59,12,-61,12,-59,14,-59,16,-57,18,-55,14,-55,14,-55,14,-53,14,0,0,-53,18,-51,18,-53,20,-51,20,-55,22,-53,24,-53,26,-55,24,-53,26,-51,26,-51,26,-49,24,-47,26,-47,26,-43,26,-43,28,-39,28,-41,28,-41,32,-43,36,-47,39,-49,39,-51,41,-57,43,-59,41,-59,41,-57,34,-57,30]"
CSI_DATA,56375,d8:b1:90:d9:de:f0,-46,11,-99,-36,48,116,829568697,100,0,114,0,"[-28,-45,-24,-53,-22,-57,-20,-61,-16,-61,-14,-61,-12,-59,-10,-57,-10,-51,-10,-51,-10,-49,-10,-47,-8,-47,-10,-47,-12,-49,-14,-49,-16,-51,-14,-53,-16,-55,-18,-55,-18,-55,-18,-55,-20,-55,-18,-53,-18,-51,-16,-53,-18,-51,-16,-51,0,0,-18,-51,-16,-53,-16,-55,-16,-53,-18,-55,-20,-57,-20,-57,-20,-57,-20,-57,-20,-55,-20,-55,-20,-53,-20,-51,-22,-49,-20,-47,-18,-47,-20,-45,-20,-47,-24,-49,-24,-53,-26,-55,-26,-59,-28,-61,-24,-67,-24,-69,-22,-71,-14,-67,-10,-65]"
CSI_DATA,56376,d8:b1:90:d9:de:f0,-46,11,-99,-35,48,116,829578867,100,0,114,0,"[11,49,7,57,1,61,-1,63,-3,63,-7,59,-9,57,-11,53,-7,49,-11,49,-11,47,-9,47,-11,45,-11,45,-11,47,-9,49,-11,51,-13,51,-13,55,-13,55,-13,53,-13,55,-15,55,-15,55,-15,53,-17,51,-17,51,-19,49,0,0,-19,51,-21,51,-21,51,-23,51,-21,53,-23,53,-25,55,-27,55,-27,55,-27,55,-27,49,-25,49,-25,47,-25,47,-23,43,-23,45,-23,43,-23,43,-23,45,-27,49,-31,53,-33,55,-37,57,-43,55,-47,55,-51,53,-51,45,-51,37]"
CSI_DATA,56377,d8:b1:90:d9:de:f0,-47,11,-99,-35,48,116,829598826,100,0,114,0,"[21,-43,27,-47,31,-47,35,-49,35,-49,35,-45,35,-45,31,-41,29,-39,27,-37,27,-37,23,-37,23,-37,21,-39,21,-41,21,-43,21,-45,21,-47,19,-49,19,-51,17,-53,17,-53,15,-53,15,-55,13,-53,13,-51,11,-51,11,-51,0,0,11,-51,9,-53,9,-53,9,-55,5,-57,5,-59,3,-61,3,-61,1,-61,0,-59,-1,-57,-1,-57,-1,-55,-3,-53,-3,-51,-5,-51,-5,-51,-9,-49,-9,-51,-11,-57,-11,-61,-13,-65,-15,-67,-13,-71,-11,-73,-9,-73,-3,-71,-1,-63]"
CSI_DATA,56378,d8:b1:90:d9:de:f0,-46,11,-99,-32,47,116,829609158,100,0,114,0,"[22,-47,28,-49,32,-49,36,-49,39,-49,41,-45,41,-41,39,-39,32,-36,34,-34,30,-32,30,-34,32,-34,30,-34,30,-36,30,-39,32,-39,32,-41,34,-43,34,-43,34,-45,32,-47,34,-47,32,-47,32,-45,32,-45,32,-43,32,-43,0,0,32,-43,32,-41,32,-43,36,-45,36,-49,36,-49,36,-51,36,-51,39,-47,36,-51,36,-49,34,-47,32,-45,32,-45,32,-43,30,-43,30,-41,30,-45,32,-47,34,-49,36,-53,41,-55,43,-57,49,-57,51,-55,53,-51,55,-47,53,-39]"
CSI_DATA,56379,d8:b1:90:d9:de:f0,-47,11,-99,-34,48,116,829628790,100,0,114,0,"[50,1,54,7,56,11,56,17,54,21,52,25,50,25,48,25,42,23,40,23,38,23,38,23,38,23,40,23,42,23,42,23,44,25,44,27,46,29,46,29,46,29,48,31,46,29,44,31,46,31,44,31,46,31,42,31,0,0,42,32,40,32,40,36,40,38,44,40,44,42,44,42,42,42,40,42,40,40,38,42,38,40,36,38,34,38,32,38,32,40,32,40,34,40,34,44,36,46,38,48,36,54,38,56,36,63,34,65,29,67,21,67,13,62]"
CSI_DATA,56380,d8:b1:90:d9:de:f0,-47,11,-99,-34,48,116,829639125,100,0,114,0,"[-27,40,-31,44,-38,44,-40,42,-42,44,-40,40,-40,40,-36,36,-34,32,-34,32,-31,32,-31,32,-29,34,-27,34,-27,38,-27,40,-27,40,-27,44,-25,46,-25,48,-23,48,-23,48,-23,48,-21,50,-21,50,-17,50,-17,50,-17,48,0,0,-15,50,-13,52,-13,52,-13,56,-13,56,-13,58,-13,58,-11,58,-9,58,-9,58,-5,56,-5,54,-3,54,-3,52,-1,50,0,50,0,52,1,52,1,54,1,58,3,60,3,65,3,67,5,71,3,73,0,71,-3,69,-5,62]"
CSI_DATA,56381,d8:b1:90:d9:de:f0,-47,11,-99,-33,48,116,829658713,100,0,114,0,"[24,-43,30,-45,35,-45,37,-45,39,-41,41,-41,39,-37,37,-37,35,-35,33,-33,32,-32,30,-32,30,-30,30,-33,30,-33,30,-37,30,-37,30,-39,33,-41,32,-43,32,-45,30,-45,30,-47,30,-45,28,-43,28,-41,28,-43,28,-43,0,0,26,-43,28,-41,30,-43,30,-45,30,-47,30,-48,30,-48,32,-52,30,-48,30,-50,30,-48,30,-47,28,-45,24,-45,26,-43,26,-43,24,-41,22,-43,20,-47,24,-48,24,-52,28,-54,30,-56,35,-56,35,-56,39,-54,41,-48,41,-43]"
CSI_DATA,56382,d8:b1:90:d9:de:f0,-47,11,-99,-33,48,116,829668754,100,0,114,0,"[-1,-47,3,-52,9,-56,11,-56,15,-58,15,-54,16,-52,18,-48,16,-45,18,-43,18,-43,16,-41,16,-41,16,-41,15,-45,16,-45,16,-45,16,-47,16,-48,18,-50,16,-48,16,-50,18,-48,18,-50,18,-48,18,-48,18,-47,20,-47,0,0,20,-47,22,-48,22,-48,22,-48,24,-48,26,-52,28,-52,30,-52,30,-50,28,-50,28,-48,28,-47,26,-47,26,-45,24,-43,24,-43,24,-43,24,-43,26,-43,30,-47,30,-48,33,-52,37,-54,41,-56,45,-54,48,-52,50,-45,47,-37]"
CSI_DATA,56383,d8:b1:90:d9:de:f0,-46,11,-99,-35,48,116,829678905,100,0,114,0,"[15,45,15,49,15,53,13,55,13,59,13,57,11,55,11,53,11,47,11,45,13,41,15,43,17,41,19,41,21,41,23,41,25,41,27,43,31,43,33,41,35,43,37,41,35,41,39,39,37,37,39,35,41,35,41,35,0,0,43,31,43,29,47,29,49,29,53,31,53,29,55,29,55,29,55,27,55,25,57,21,53,21,53,15,53,15,51,11,51,9,51,7,53,7,55,5,57,5,61,3,65,1,67,1,75,1,73,3,73,5,69,7,63,7]"
CSI_DATA,56384,d8:b1:90:d9:de:f0,-47,11,-99,-33,48,116,829698620,100,0,114,0,"[20,43,18,47,15,50,15,52,13,54,11,54,9,52,9,48,11,45,11,45,11,41,11,43,11,41,13,41,15,43,15,43,16,43,18,45,20,47,22,47,24,47,26,47,24,48,26,47,24,47,24,47,24,45,24,45,0,0,28,43,28,45,30,47,30,47,32,47,33,48,35,48,35,50,35,47,35,48,33,47,35,45,33,43,33,41,33,39,33,39,33,37,35,35,39,37,41,39,45,41,47,45,47,47,48,48,47,52,45,54,41,52,33,50]"
CSI_DATA,56385,d8:b1:90:d9:de:f0,-46,11,-99,-32,47,116,829708824,100,0,114,0,"[-51,-6,-53,-10,-55,-14,-57,-18,-55,-20,-53,-22,-49,-24,-47,-22,-43,-20,-43,-22,-41,-18,-41,-20,-41,-18,-43,-18,-43,-18,-45,-18,-47,-20,-47,-18,-51,-20,-51,-20,-51,-22,-53,-20,-53,-20,-55,-20,-51,-22,-51,-22,-51,-22,-51,-22,0,0,-51,-22,-51,-22,-53,-24,-53,-26,-57,-26,-57,-28,-59,-28,-61,-32,-57,-30,-57,-30,-57,-28,-55,-28,-51,-26,-51,-28,-49,-24,-51,-26,-49,-24,-51,-24,-53,-26,-57,-28,-59,-28,-63,-34,-63,-34,-63,-39,-65,-41,-59,-47,-53,-45,-49,-47]"
CSI_DATA,56386,d8:b1:90:d9:de:f0,-46,11,-99,-35,48,116,829728642,100,0,114,0,"[-1,-49,1,-53,3,-55,5,-57,5,-57,5,-55,5,-53,5,-51,1,-45,1,-45,0,-43,-1,-43,-3,-43,-5,-43,-7,-45,-9,-45,-13,-47,-13,-49,-17,-51,-17,-49,-21,-51,-23,-51,-23,-51,-27,-51,-25,-49,-27,-47,-27,-47,-29,-45,0,0,-31,-43,-33,-45,-35,-43,-37,-43,-41,-45,-41,-43,-45,-43,-47,-45,-47,-41,-49,-39,-49,-37,-49,-35,-47,-31,-47,-29,-47,-27,-47,-25,-47,-23,-49,-19,-51,-19,-57,-19,-61,-19,-65,-19,-67,-19,-71,-21,-71,-23,-71,-25,-65,-25,-59,-25]"
CSI_DATA,56387,d8:b1:90:d9:de:f0,-46,11,-99,-35,48,116,829738760,100,0,114,0,"[19,45,19,49,17,53,17,55,13,55,11,57,9,53,11,51,9,45,11,45,13,43,13,41,13,43,17,41,19,43,19,43,21,45,21,47,25,49,25,47,27,49,29,49,31,49,31,49,31,45,31,45,33,45,33,43,0,0,35,43,31,43,35,47,37,45,39,47,41,47,43,45,45,47,43,45,45,43,43,43,45,39,43,37,43,37,39,35,43,33,41,31,45,29,47,29,51,31,55,33,57,35,59,35,61,39,61,41,59,43,53,45,47,43]"
CSI_DATA,56388,d8:b1:90:d9:de:f0,-46,11,-99,-34,47,116,829748819,100,0,114,0,"[36,39,39,45,36,47,34,52,34,52,34,54,30,52,28,52,28,45,23,45,26,41,23,43,26,43,28,41,28,43,32,43,32,45,36,45,39,47,36,45,39,47,41,47,41,47,41,45,39,47,39,47,39,45,36,45,0,0,41,45,41,45,43,47,43,47,47,52,47,50,47,50,45,52,45,47,45,47,45,47,45,47,43,43,43,43,43,39,43,39,43,36,45,39,47,39,50,41,52,43,54,45,56,47,56,54,54,52,52,56,47,56,41,54]"
CSI_DATA,56389,d8:b1:90:d9:de:f0,-46,11,-99,-34,47,116,829768841,100,0,114,0,"[10,54,6,60,0,65,-2,65,-6,65,-8,63,-13,60,-13,56,-13,54,-13,52,-15,50,-13,50,-13,47,-13,50,-13,52,-15,54,-15,52,-17,56,-17,56,-17,60,-19,58,-19,58,-21,60,-21,58,-23,58,-21,56,-23,56,-26,56,0,0,-26,54,-28,54,-30,56,-32,56,-32,58,-34,58,-36,60,-39,58,-39,56,-36,56,-36,54,-36,52,-34,50,-34,47,-34,45,-32,43,-32,43,-32,43,-34,45,-39,47,-41,50,-45,50,-50,52,-54,54,-58,50,-60,45,-63,39,-58,30]"
CSI_DATA,56390,d8:b1:90:d9:de:f0,-46,11,-99,-33,47,116,829788637,100,0,114,0,"[-52,14,-61,12,-63,10,-63,6,-65,4,-63,4,-61,2,-59,2,-52,4,-50,4,-48,6,-48,6,-48,8,-48,10,-50,12,-50,14,-50,14,-54,14,-57,19,-57,21,-57,23,-57,23,-57,25,-54,27,-54,25,-54,27,-52,29,-52,29,0,0,-52,29,-50,29,-52,33,-52,35,-54,35,-57,35,-54,40,-54,40,-52,40,-52,42,-50,42,-46,40,-42,40,-40,38,-40,38,-38,38,-35,40,-35,42,-38,44,-38,48,-38,50,-42,52,-42,57,-46,61,-48,57,-48,57,-52,50,-50,44]"
CSI_DATA,56391,d8:b1:90:d9:de:f0,-46,11,-99,-33,47,116,829798883,100,0,114,0,"[-27,48,-33,50,-40,50,-42,48,-46,48,-44,44,-44,42,-46,38,-38,35,-38,33,-35,31,-35,33,-35,33,-33,33,-33,35,-33,38,-33,40,-38,42,-35,42,-38,44,-38,44,-38,46,-38,46,-35,46,-38,46,-38,46,-38,46,-38,44,0,0,-38,46,-38,46,-38,48,-40,48,-40,50,-42,50,-42,52,-42,50,-42,50,-42,52,-40,50,-38,48,-35,46,-33,46,-33,44,-31,42,-31,44,-31,46,-33,46,-35,50,-38,52,-40,54,-42,59,-48,59,-50,59,-52,57,-54,50,-52,42]"
CSI_DATA,56392,d8:b1:90:d9:de:f0,-47,11,-99,-34,48,116,829819081,100,0,114,0,"[42,31,44,36,46,38,46,40,46,44,44,42,42,42,40,38,38,34,36,32,34,29,36,29,36,27,36,25,38,25,42,23,42,19,46,21,48,19,50,17,50,17,52,17,52,15,52,13,52,13,52,11,52,9,52,9,0,0,52,5,52,5,56,3,58,1,58,1,60,1,62,0,58,-1,58,-1,58,-3,56,-7,54,-7,52,-7,50,-9,48,-11,46,-11,48,-15,46,-15,48,-17,52,-19,54,-23,56,-25,60,-25,65,-29,67,-27,65,-23,65,-19,62,-15]"
CSI_DATA,56393,d8:b1:90:d9:de:f0,-47,11,-99,-34,48,116,829838832,100,0,114,0,"[-13,50,-19,54,-23,54,-25,54,-27,56,-27,52,-27,50,-29,46,-23,44,-23,42,-21,38,-21,40,-19,40,-19,40,-19,44,-17,44,-15,46,-17,50,-17,50,-15,54,-15,50,-15,54,-15,54,-13,54,-13,52,-13,52,-13,50,-13,52,0,0,-9,52,-11,52,-11,54,-11,56,-11,58,-11,60,-11,60,-11,60,-11,60,-11,58,-9,56,-9,54,-7,54,-5,50,-5,50,-5,50,-3,52,-3,52,-3,54,-3,58,-1,60,-3,63,-5,69,-7,71,-9,71,-13,69,-17,69,-19,60]"
CSI_DATA,56394,d8:b1:90:d9:de:f0,-51,9,-99,-34,52,116,829857063,311,0,106,0,"[2,0,69,18,121,0,91,18,-84,0,146,18,-9,0,-86,18,18,1,-8,18,24,1,67,0,15,1,127,0,-22,0,148,0,-107,0,100,0,95,0,6,0,-15,18,-127,18,-106,18,67,18,-152,18,-6,17,0,0,0,0,122,18,-4,17,143,18,83,18,-134,18,-70,18,-85,18,135,0,-34,18,8,1,-2,18,143,1,8,0,-129,1,11,0,-151,1,4,0,100,1,8,0,17,1,25,0,-132,0,51,0,-1,18,52,0]"
CSI_DATA,56395,d8:b1:90:d9:de:f0,-47,11,-99,-32,48,116,829868642,100,0,114,0,"[-40,-25,-43,-29,-45,-32,-47,-32,-43,-32,-43,-32,-40,-32,-40,-31,-40,-27,-38,-25,-36,-21,-38,-21,-38,-20,-40,-18,-42,-16,-42,-12,-43,-12,-45,-14,-49,-10,-49,-9,-51,-7,-51,-7,-51,-5,-49,-3,-51,-1,-51,0,-51,1,-51,3,0,0,-49,7,-49,7,-49,9,-51,10,-56,12,-56,14,-56,16,-54,16,-53,20,-53,21,-51,23,-45,23,-43,23,-42,25,-40,25,-38,25,-36,27,-38,31,-36,32,-38,36,-40,38,-42,40,-42,43,-47,49,-47,47,-49,47,-51,42,-47,38]"
CSI_DATA,56396,d8:b1:90:d9:de:f0,-47,11,-99,-34,48,116,829878927,100,0,114,0,"[0,-52,1,-58,5,-60,9,-62,7,-60,9,-58,11,-54,11,-52,9,-50,11,-48,7,-46,7,-46,5,-46,5,-46,3,-48,1,-50,1,-50,0,-52,-1,-54,-1,-54,-3,-56,-5,-56,-3,-54,-5,-54,-3,-52,-7,-54,-5,-52,-5,-52,0,0,-11,-50,-11,-50,-13,-54,-15,-54,-15,-58,-15,-58,-15,-58,-15,-60,-17,-58,-17,-56,-17,-56,-17,-54,-19,-48,-19,-48,-21,-44,-21,-46,-21,-42,-23,-44,-25,-46,-25,-48,-29,-50,-31,-54,-31,-56,-32,-63,-32,-65,-29,-67,-25,-63,-21,-62]"
CSI_DATA,56397,d8:b1:90:d9:de:f0,-46,11,-99,-34,48,116,829898718,100,0,114,0,"[-5,52,-13,56,-17,58,-21,58,-23,60,-25,56,-25,52,-29,50,-25,48,-23,44,-23,42,-23,40,-23,42,-23,42,-23,44,-23,44,-23,46,-25,48,-25,50,-25,52,-25,50,-25,52,-23,50,-23,50,-25,46,-25,48,-23,46,-25,46,0,0,-21,46,-23,48,-25,50,-25,50,-29,54,-29,56,-29,56,-29,52,-29,52,-29,52,-29,52,-29,48,-27,48,-23,46,-23,44,-21,46,-21,44,-23,46,-23,48,-25,50,-25,50,-29,54,-31,56,-38,60,-40,58,-44,56,-46,52,-44,42]"
CSI_DATA,56398,d8:b1:90:d9:de:f0,-47,11,-99,-36,49,116,829908760,100,0,114,0,"[9,47,3,54,0,60,-5,60,-9,60,-10,56,-14,54,-14,49,-14,47,-16,45,-16,45,-16,43,-16,42,-16,43,-16,45,-18,47,-18,47,-18,47,-20,49,-21,51,-20,47,-20,47,-21,47,-21,47,-23,47,-23,45,-23,43,-23,42,0,0,-23,43,-25,43,-29,43,-29,43,-29,43,-31,43,-31,43,-32,42,-34,42,-34,42,-31,40,-32,38,-31,36,-31,34,-31,34,-29,32,-29,32,-29,32,-31,34,-34,34,-36,38,-42,40,-43,40,-49,40,-53,38,-56,32,-56,27,-53,20]"
CSI_DATA,56399,d8:b1:90:d9:de:f0,-47,11,-99,-33,48,116,829929942,100,0,114,0,"[-48,-13,-50,-20,-50,-24,-52,-28,-48,-33,-47,-33,-43,-35,-39,-33,-37,-32,-35,-32,-32,-32,-32,-32,-32,-30,-32,-32,-33,-33,-33,-33,-33,-33,-35,-35,-37,-37,-37,-35,-37,-39,-37,-37,-37,-39,-37,-39,-33,-39,-33,-37,-33,-39,-33,-39,0,0,-33,-39,-32,-39,-32,-43,-35,-43,-32,-45,-33,-47,-32,-48,-32,-50,-32,-50,-30,-48,-30,-48,-28,-47,-26,-43,-26,-43,-24,-41,-24,-43,-24,-39,-22,-43,-26,-43,-26,-45,-26,-50,-26,-54,-26,-56,-24,-62,-20,-65,-18,-67,-11,-65,-7,-62]"
CSI_DATA,56400,d8:b1:90:d9:de:f0,-47,11,-99,-33,48,116,829949120,100,0,114,0,"[-26,41,-35,43,-39,45,-45,41,-45,39,-45,33,-45,30,-43,28,-41,26,-41,22,-41,22,-39,20,-39,20,-39,18,-41,18,-41,22,-43,22,-43,22,-45,22,-47,22,-47,22,-48,22,-48,20,-50,22,-48,18,-48,18,-48,16,-50,16,0,0,-48,16,-50,15,-52,13,-54,15,-56,13,-58,13,-60,9,-60,7,-60,7,-58,7,-56,7,-56,3,-54,5,-52,3,-50,3,-48,3,-48,3,-48,1,-50,3,-56,0,-58,0,-64,-1,-64,-5,-67,-7,-69,-13,-67,-16,-64,-20,-56,-24]"
CSI_DATA,56401,d8:b1:90:d9:de:f0,-47,11,-99,-34,48,116,829968786,100,0,114,0,"[7,-48,11,-52,15,-54,17,-54,19,-58,19,-54,19,-52,19,-48,15,-46,17,-44,13,-42,13,-44,11,-42,9,-42,7,-44,5,-46,5,-46,3,-50,3,-50,3,-54,0,-52,-1,-54,-1,-54,-5,-52,-3,-54,-3,-52,-5,-52,-7,-50,0,0,-9,-50,-9,-50,-9,-50,-13,-56,-13,-56,-15,-58,-17,-58,-19,-60,-17,-56,-19,-58,-19,-56,-21,-54,-21,-50,-21,-48,-23,-46,-23,-46,-25,-46,-27,-44,-29,-46,-31,-48,-34,-50,-36,-54,-38,-58,-38,-60,-36,-62,-32,-63,-31,-62,-25,-58]"
CSI_DATA,56402,d8:b1:90:d9:de:f0,-47,11,-99,-34,48,116,829978884,100,0,114,0,"[50,-3,54,-1,56,1,56,5,60,7,54,7,54,11,50,9,48,7,46,9,44,7,46,7,44,5,44,5,44,5,44,3,46,3,50,3,48,1,54,1,52,0,54,0,54,0,54,-1,56,-1,54,0,54,-1,52,-1,0,0,52,-1,54,-3,52,-3,58,-3,58,-3,60,-5,60,-5,62,-3,60,-5,63,-5,60,-5,56,-3,54,-5,50,-5,52,-7,48,-7,52,-9,50,-9,54,-13,58,-11,60,-13,62,-13,69,-13,71,-9,71,-7,67,-3,73,0,63,3]"
CSI_DATA,56403,d8:b1:90:d9:de:f0,-46,11,-99,-36,48,116,829998650,100,0,114,0,"[10,49,6,57,0,59,-2,61,-4,61,-8,61,-10,55,-12,53,-10,51,-10,49,-10,45,-10,47,-12,45,-10,45,-10,47,-10,49,-10,49,-12,49,-12,53,-12,53,-14,55,-12,57,-12,55,-12,55,-14,53,-14,51,-14,51,-16,53,0,0,-14,53,-18,51,-18,55,-18,55,-22,59,-20,61,-22,61,-24,61,-24,61,-24,59,-24,59,-24,55,-24,53,-22,53,-22,51,-22,51,-22,49,-22,51,-24,53,-26,55,-28,59,-32,61,-34,63,-41,63,-45,61,-49,59,-51,51,-53,47]"
CSI_DATA,56404,d8:b1:90:d9:de:f0,-47,11,-99,-34,48,116,830008748,100,0,114,0,"[-21,-44,-21,-50,-21,-54,-19,-56,-19,-56,-17,-56,-17,-54,-17,-50,-17,-44,-17,-44,-17,-40,-17,-40,-21,-38,-23,-38,-25,-38,-27,-38,-29,-38,-31,-40,-32,-38,-36,-36,-38,-36,-38,-36,-40,-36,-42,-34,-40,-32,-42,-31,-44,-29,-42,-29,0,0,-46,-25,-48,-25,-50,-25,-52,-23,-54,-23,-56,-23,-58,-21,-58,-21,-58,-19,-58,-13,-58,-11,-56,-11,-56,-9,-54,-5,-52,-5,-52,-3,-52,-1,-52,1,-54,1,-58,1,-63,3,-67,3,-69,5,-73,5,-75,3,-75,1,-71,-1,-67,-1]"
CSI_DATA,56405,d8:b1:90:d9:de:f0,-46,11,-99,-35,48,116,830018890,100,0,114,0,"[-29,39,-37,41,-41,41,-43,39,-45,39,-45,37,-43,35,-41,31,-37,31,-35,29,-33,27,-33,31,-33,31,-33,31,-31,33,-31,35,-31,37,-31,37,-31,41,-31,43,-29,45,-29,47,-29,45,-27,47,-27,47,-27,45,-27,47,-25,45,0,0,-23,47,-25,49,-25,53,-23,51,-23,55,-23,57,-23,59,-21,59,-23,59,-21,59,-19,57,-17,57,-15,53,-15,53,-13,53,-13,51,-11,51,-9,53,-7,57,-9,61,-7,65,-11,67,-11,71,-13,75,-17,75,-19,73,-23,69,-25,63]"
CSI_DATA,56406,d8:b1:90:d9:de:f0,-46,11,-99,-32,47,116,830038617,100,0,114,0,"[-18,51,-24,55,-30,55,-34,55,-36,53,-36,49,-36,45,-36,43,-34,41,-34,39,-32,36,-32,36,-30,36,-28,36,-30,41,-30,41,-30,41,-32,41,-32,43,-32,45,-32,47,-32,45,-32,47,-30,47,-32,45,-32,45,-30,45,-30,45,0,0,-30,47,-32,45,-32,47,-30,47,-32,49,-34,49,-34,51,-36,51,-36,49,-34,49,-32,49,-32,47,-30,47,-30,45,-30,43,-30,45,-28,45,-28,45,-30,47,-32,51,-34,55,-39,55,-41,57,-45,59,-49,57,-51,55,-53,49,-51,41]"
CSI_DATA,56407,d8:b1:90:d9:de:f0,-46,11,-99,-35,48,116,830048947,100,0,114,0,"[47,19,51,27,51,31,49,39,45,39,43,41,37,41,33,41,31,39,27,41,27,39,25,37,25,37,25,37,25,39,29,39,27,43,29,43,29,45,27,45,29,47,27,47,25,49,25,49,23,49,23,49,23,47,21,49,0,0,19,49,21,49,19,53,19,55,19,57,17,59,15,61,13,63,13,61,13,61,11,59,11,55,11,55,7,53,9,51,7,53,7,51,7,53,5,53,3,59,3,63,1,67,0,69,-1,73,-5,75,-13,75,-17,69,-21,61]"
CSI_DATA,56408,d8:b1:90:d9:de:f0,-46,11,-99,-35,48,116,830068825,100,0,114,0,"[49,17,55,23,55,27,55,31,53,33,49,33,49,33,47,31,43,29,43,27,39,27,41,25,41,25,41,23,43,23,45,23,45,23,47,25,49,23,53,21,51,21,55,21,53,19,53,19,53,19,53,17,53,15,53,15,0,0,51,13,53,15,55,15,55,13,57,13,59,13,61,11,61,11,59,11,59,9,59,7,57,7,55,5,53,3,51,5,51,3,51,1,53,0,55,0,57,0,61,-1,65,0,67,-1,73,1,73,3,73,5,69,9,63,13]"
CSI_DATA,56409,d8:b1:90:d9:de:f0,-47,11,-99,-34,48,116,830088685,100,0,114,0,"[-54,-11,-58,-17,-58,-21,-58,-27,-56,-31,-54,-31,-52,-34,-46,-32,-42,-31,-42,-31,-40,-31,-40,-31,-38,-27,-38,-29,-40,-29,-42,-29,-42,-31,-44,-31,-46,-32,-46,-32,-46,-34,-46,-34,-46,-34,-48,-34,-42,-32,-42,-32,-42,-32,-42,-32,0,0,-42,-32,-42,-34,-44,-36,-42,-34,-42,-38,-42,-38,-44,-38,-42,-38,-42,-38,-40,-38,-40,-36,-40,-36,-36,-34,-36,-32,-36,-32,-36,-32,-34,-32,-36,-32,-36,-32,-40,-36,-42,-38,-44,-44,-46,-46,-44,-50,-44,-54,-40,-56,-34,-58,-27,-54]"
CSI_DATA,56410,d8:b1:90:d9:de:f0,-47,11,-99,-32,48,116,830098797,100,0,114,0,"[12,-49,16,-53,20,-54,21,-54,23,-56,21,-54,21,-53,21,-49,18,-47,18,-45,14,-42,14,-43,10,-43,9,-43,7,-45,5,-47,3,-47,1,-51,0,-53,-1,-51,-1,-54,-5,-54,-5,-53,-9,-53,-7,-49,-10,-49,-12,-47,-12,-49,0,0,-14,-47,-18,-47,-20,-49,-21,-47,-23,-49,-23,-49,-27,-49,-27,-49,-29,-45,-29,-43,-31,-42,-31,-40,-32,-36,-32,-34,-32,-32,-34,-31,-36,-29,-36,-29,-40,-29,-42,-29,-45,-31,-49,-31,-53,-32,-56,-34,-56,-34,-54,-36,-51,-38,-47,-36]"
CSI_DATA,56411,d8:b1:90:d9:de:f0,-47,11,-99,-33,48,116,830118762,100,0,114,0,"[-48,9,-54,7,-58,5,-58,1,-60,0,-58,-1,-56,-5,-52,-5,-48,-1,-48,-3,-45,-1,-47,-1,-43,-1,-45,0,-45,0,-47,1,-47,1,-50,3,-52,5,-52,5,-52,5,-52,7,-52,5,-52,7,-52,7,-50,7,-50,9,-48,9,0,0,-48,9,-50,13,-52,9,-52,11,-54,13,-56,13,-56,15,-58,15,-54,16,-54,16,-52,15,-50,16,-47,16,-45,16,-45,16,-45,16,-43,18,-43,20,-45,22,-47,24,-52,26,-54,26,-58,28,-62,26,-64,26,-64,20,-64,16,-62,11]"
CSI_DATA,56412,d8:b1:90:d9:de:f0,-47,11,-99,-32,48,116,830129192,100,0,114,0,"[45,27,45,34,43,40,43,42,42,47,38,47,34,47,31,45,29,43,27,42,23,40,23,42,23,38,23,40,23,42,25,42,27,43,27,43,27,47,29,47,25,47,27,45,23,45,23,45,21,45,23,45,21,43,20,43,0,0,20,43,18,43,20,47,18,47,18,51,18,51,16,51,14,51,14,51,14,49,16,49,12,47,12,45,12,43,12,43,12,45,12,43,12,45,12,47,12,51,12,54,10,56,9,60,7,65,3,67,-1,65,-7,64,-9,58]"
CSI_DATA,56413,d8:b1:90:d9:de:f0,-47,11,-99,-32,48,116,830148638,100,0,114,0,"[-31,-36,-32,-40,-34,-43,-32,-45,-31,-47,-31,-47,-27,-45,-29,-43,-25,-38,-25,-38,-25,-34,-25,-32,-27,-32,-29,-31,-31,-32,-34,-31,-36,-32,-38,-31,-42,-32,-43,-31,-43,-31,-45,-31,-45,-29,-45,-27,-43,-23,-43,-23,-45,-20,-45,-20,0,0,-45,-18,-45,-14,-47,-16,-49,-14,-53,-14,-53,-14,-56,-12,-56,-12,-54,-9,-54,-7,-54,-5,-53,-5,-51,0,-51,0,-47,1,-47,3,-47,5,-49,7,-51,9,-53,9,-56,10,-58,12,-60,14,-65,16,-67,14,-67,12,-62,7,-60,5]"
CSI_DATA,56414,d8:b1:90:d9:de:f0,-47,11,-99,-33,48,116,830159041,100,0,114,0,"[-41,-28,-43,-33,-45,-35,-43,-39,-45,-43,-41,-41,-39,-45,-33,-39,-33,-35,-30,-37,-30,-33,-30,-35,-32,-32,-32,-33,-32,-33,-35,-32,-35,-33,-41,-35,-41,-35,-43,-37,-39,-35,-43,-35,-43,-37,-43,-33,-41,-33,-41,-33,-41,-32,-39,-32,0,0,-39,-28,-41,-30,-43,-30,-47,-32,-45,-32,-45,-32,-47,-33,-48,-35,-48,-32,-48,-32,-48,-28,-45,-30,-45,-26,-43,-24,-45,-22,-43,-20,-45,-20,-45,-20,-47,-20,-48,-24,-52,-26,-56,-28,-58,-30,-62,-32,-62,-33,-58,-37,-56,-39,-48,-37]"
CSI_DATA,56415,d8:b1:90:d9:de:f0,-47,11,-99,-35,49,116,830178558,100,0,114,0,"[30,35,30,42,28,46,26,51,23,49,21,51,17,48,16,46,16,42,14,42,12,40,14,39,14,39,14,39,14,42,16,42,17,46,16,46,17,48,17,48,17,48,19,48,17,48,17,48,16,44,16,44,16,46,16,48,0,0,16,46,14,46,14,48,16,48,16,51,16,51,16,53,14,55,14,55,14,51,14,51,14,49,14,49,12,48,12,44,14,44,14,42,14,46,16,48,16,49,16,53,16,58,16,58,12,65,8,67,5,67,1,62,-3,58]"
CSI_DATA,56416,d8:b1:90:d9:de:f0,-47,11,-99,-36,49,116,830188725,100,0,114,0,"[-42,12,-47,10,-51,10,-54,9,-53,10,-53,9,-49,9,-49,9,-43,9,-43,9,-40,10,-40,10,-38,14,-38,16,-38,16,-38,20,-40,23,-42,25,-43,27,-42,31,-40,31,-40,31,-38,32,-38,34,-36,32,-34,32,-32,34,-32,34,0,0,-31,40,-29,40,-29,42,-27,43,-27,45,-27,47,-25,47,-27,51,-23,53,-21,51,-20,53,-18,49,-12,47,-12,47,-9,45,-9,47,-5,45,-3,47,-1,49,-3,53,-1,56,0,62,0,64,-1,69,0,69,-3,69,-5,65,-7,62]"
CSI_DATA,56417,d8:b1:90:d9:de:f0,-47,11,-99,-36,49,116,830198902,100,0,114,0,"[-5,45,-9,49,-14,51,-14,53,-16,51,-16,51,-16,47,-14,45,-14,42,-12,42,-12,40,-10,40,-10,40,-9,40,-9,42,-9,45,-5,49,-7,47,-5,51,-3,51,-3,51,-1,51,0,51,-1,53,0,49,0,49,0,49,1,49,0,0,3,51,3,51,5,53,7,51,7,53,9,53,9,54,10,58,10,58,12,54,12,53,12,51,12,49,16,47,14,45,16,43,16,43,20,43,20,43,23,49,25,53,25,56,27,58,27,62,25,65,23,67,18,64,14,60]"
CSI_DATA,56418,d8:b1:90:d9:de:f0,-54,11,-99,-38,55,116,830218736,100,0,228,0,"[-16,10,-15,12,-13,12,-10,14,-6,15,-2,15,0,14,94,-6,6,13,10,12,12,11,15,10,17,8,19,6,20,6,19,4,18,3,17,2,13,1,8,1,3,0,56,5,-7,0,-12,0,-17,0,-21,0,-25,-1,-27,-1,0,0,-27,-2,-27,-3,-25,-5,-22,-6,-17,-7,-11,-7,99,14,2,-8,9,-9,16,-8,21,-7,26,-6,28,-5,30,-4,30,-4,29,-3,28,-3,26,-2,24,-2,21,-2,4,0,11,0,5,0,0,0,-5,0,-11,0,-15,-1,-17,-2,-2,1,0,7,10,7,16,-2,11,-16,-4,-22,-21,-12,-19,20,-11,21,7,22,20,8,19,-8,4,-17,-8,-13,-13,0,-5,7,4,4,5,-4,-4,-9,-15,-1,-14,14,0,25,21,17,29,-2,17,-22,-3,-27,-19,-16,-21,2,0,0,0,13,4,5,2,1,0,4,5,8,14,5,15,-14,12,-21,-5,-26,-22,-16,-26,3,-16,19,0,21,10,13,13,3,8,0,7,-2,8,-4,7,-11,0,-19,0,-20,-32,-5,-32,20,-12,40,17,40,39,18,39,-10,20,-28]"
CSI_DATA,56419,d8:b1:90:d9:de:f0,-53,11,-99,-41,55,116,830239176,100,0,228,0,"[-19,8,-18,10,-15,11,-12,13,-7,14,-3,14,2,14,102,-7,9,12,12,12,15,10,18,8,21,6,22,5,23,3,23,2,22,0,19,-1,15,-1,10,-1,4,-1,61,6,-7,2,-13,4,-19,5,-23,5,-26,7,-28,8,0,0,-29,8,-28,7,-27,6,-24,4,-20,2,-13,-2,87,15,-2,-10,5,-13,10,-16,14,-20,19,-22,21,-23,22,-24,22,-24,21,-24,20,-23,19,-22,16,-20,14,-16,-68,0,8,-10,4,-5,0,1,-4,5,-8,9,-11,11,-13,12,-3,2,0,9,10,9,18,-1,14,-18,-3,-24,-22,-14,-21,21,-12,23,8,24,22,8,19,-9,4,-19,-9,-12,-12,1,-4,8,5,4,3,-6,-8,-8,-18,3,-11,20,7,27,27,10,28,-13,10,-30,-13,-27,-26,-7,-21,11,0,0,6,12,8,4,4,1,2,4,9,6,18,-1,7,-22,1,-26,-20,-21,-29,-1,-22,19,-3,26,12,19,18,4,12,-5,6,-7,4,-7,3,-10,-2,-14,-14,-14,-15,-16,-27,20,-8,40,23,39,44,14,41,-19,18,-40,-10,-34]"
CSI_DATA,56420,d8:b1:90:d9:de:f0,-53,11,-99,-40,55,116,830258640,100,0,228,0,"[-6,-18,-8,-18,-10,-16,-11,-13,-13,-9,-14,-5,-15,-2,99,-7,-14,6,-14,9,-13,12,-13,15,-11,18,-10,19,-9,20,-8,20,-7,19,-5,18,-4,14,-3,10,-1,4,59,6,1,-8,2,-13,2,-18,3,-21,4,-24,4,-26,0,0,5,-28,6,-27,6,-24,7,-21,7,-16,8,-11,92,0,9,4,10,11,9,18,10,22,10,27,9,29,8,30,9,31,8,30,7,29,7,27,7,25,6,22,106,0,4,14,2,7,0,1,-1,-5,-1,-10,-1,-14,0,-16,-2,-3,-8,-1,-10,9,-1,18,15,16,24,1,18,-18,-15,-23,-19,-17,-24,3,-13,18,5,20,16,8,14,-6,3,-12,-6,-6,-4,4,5,5,11,-6,2,-18,-15,-17,-27,-2,-19,22,1,30,24,20,29,-3,17,-20,-2,-23,0,0,-14,1,-7,6,-1,3,-4,0,-9,4,-7,14,14,16,21,13,26,-5,15,-23,-5,-26,-19,-15,-21,1,-12,11,-3,13,2,9,3,8,6,9,13,7,20,-3,22,-2,0,-33,-25,-29,-44,-5,-38,25,-11,43,18,39,33,15]"
CSI_DATA,56421,d8:b1:90:d9:de:f0,-53,11,-99,-40,55,116,830268905,100,0,228,0,"[0,-19,-1,-19,-3,-18,-6,-16,-9,-13,-11,-9,-13,-6,99,-7,-16,0,-17,2,-18,5,-18,8,-18,10,-19,12,-19,13,-18,14,-17,14,-14,12,-11,10,-8,7,-3,3,59,6,6,-5,10,-10,14,-12,17,-14,20,-17,22,-17,0,0,24,-17,24,-15,22,-12,21,-9,17,-5,13,-1,-90,0,2,9,-4,14,-8,17,-13,20,-17,23,-20,24,-21,24,-22,23,-21,22,-21,21,-19,19,-19,17,-17,16,68,15,-11,9,-6,5,-1,1,5,-3,10,-5,13,-6,16,-5,0,-4,-7,-4,-12,5,-7,16,7,20,22,10,24,-9,-4,-27,-10,-23,-22,-9,-20,10,-6,19,10,15,15,2,9,-8,-2,-8,-5,1,2,7,13,2,12,-13,-2,-23,-20,-18,-29,4,-18,25,5,31,24,17,26,-4,14,-18,0,0,-10,-9,-9,-1,-3,1,-3,-2,-9,-5,-16,3,-4,21,2,24,20,17,27,0,19,-19,2,-24,-13,-17,-16,-5,-12,5,-6,7,-5,7,-4,9,0,14,11,16,12,20,30,-13,17,-36,-12,-42,-38,-24,-45,5,-28,31,-1,37]"
CSI_DATA,56422,d8:b1:90:d9:de:f0,-53,11,-99,-40,55,116,830281458,100,0,228,0,"[18,7,18,6,18,3,17,1,16,-3,14,-7,12,-10,99,-7,7,-15,5,-17,3,-19,2,-20,1,-22,-1,-23,-2,-23,-2,-23,-2,-21,-2,-19,-2,-15,-1,-11,-1,-5,59,6,0,7,0,14,0,18,0,22,-1,25,-2,28,0,0,-4,28,-6,27,-7,25,-8,21,-9,15,-9,9,-108,15,-8,-5,-6,-12,-4,-19,-2,-24,0,-28,2,-30,3,-32,5,-32,5,-31,6,-29,6,-27,7,-25,6,-21,54,0,5,-12,3,-7,0,-1,-2,5,-6,9,-10,12,-12,12,4,1,7,-5,1,-13,-12,-14,-21,-2,-19,15,-3,25,26,7,25,2,17,-16,0,-22,-15,-14,-18,2,-9,12,3,11,8,2,1,-5,-8,-2,-8,10,4,19,21,13,26,-7,15,-27,-8,-30,-27,-16,-29,7,-15,23,4,23,0,0,15,0,6,-6,1,-3,4,0,9,-3,9,-13,-11,-19,-18,-16,-27,0,-20,19,-3,27,14,20,20,6,15,-7,7,-10,2,-9,0,-8,-1,-10,-8,-12,-20,-8,-20,-10,-20,27,2,40,30,31,46,5,38,-25,13,-41,-13,-33]"
CSI_DATA,56423,d8:b1:90:d9:de:f0,-53,11,-99,-40,55,116,830298846,100,0,228,0,"[-17,-8,-18,-7,-17,-4,-16,0,-15,4,-13,8,-10,11,99,-7,-5,17,-2,19,1,20,3,21,6,22,8,22,10,22,11,21,11,20,11,17,9,13,7,10,4,4,59,6,-4,-5,-8,-10,-11,-14,-15,-17,-16,-19,-18,-20,0,0,-18,-22,-17,-22,-15,-20,-12,-18,-8,-15,-3,-12,-48,15,9,-3,14,0,19,5,23,8,26,10,28,12,29,13,29,12,29,12,27,11,26,11,24,10,21,9,16,1,13,5,8,4,2,1,-4,-2,-9,-4,-13,-8,-14,-10,-3,-2,-7,5,-1,14,11,14,22,1,18,-16,0,-25,-27,-3,-25,2,-15,19,4,22,18,10,17,-6,5,-14,-7,-9,-7,2,2,6,9,-2,3,-14,-13,-15,-25,0,-20,20,3,31,26,20,31,-4,18,-25,-5,-27,-20,-13,0,0,-9,12,1,9,2,3,-2,3,-3,9,6,14,22,1,23,-8,12,-24,-8,-26,-23,-13,-23,6,-12,17,2,16,8,9,9,4,7,2,10,1,13,-6,10,-18,12,-19,-26,-20,-40,2,-30,31,-1,45,28,34,42,7,31,-18]"
CSI_DATA,56424,d8:b1:90:d9:de:f0,-52,11,-99,-38,54,116,830308920,100,0,228,0,"[-10,17,-9,18,-5,17,-2,17,2,16,6,15,10,13,105,-7,17,8,19,6,21,4,23,2,25,0,26,-2,26,-3,26,-4,23,-5,20,-5,17,-5,11,-4,6,-2,63,6,-6,2,-14,4,-18,5,-22,6,-26,7,-28,7,0,0,-29,7,-28,5,-27,4,-23,3,-18,0,-11,-3,122,16,1,-9,8,-11,15,-14,20,-16,25,-17,28,-17,29,-17,30,-17,29,-17,28,-16,26,-15,25,-14,21,-10,-13,0,14,-5,8,-3,2,-1,-4,3,-10,4,-15,4,-18,3,-2,3,4,8,14,4,16,-9,5,-22,-14,-22,-27,-5,-7,27,-3,27,16,19,23,0,14,-15,-2,-18,-13,-8,-10,4,0,7,6,-1,1,-9,-13,-8,-20,7,-9,26,13,28,32,9,30,-17,8,-33,-17,-29,-29,-7,-22,13,0,0,7,15,9,4,4,-1,2,3,6,7,16,2,11,-18,5,-25,-15,-23,-29,-7,-25,14,-8,25,8,20,15,8,13,-1,7,-5,5,-5,6,-7,4,-15,-7,-20,-6,-23,-34,6,-26,32,3,46,33,33,47,3,35,-26,9,-38]"
CSI_DATA,56425,d8:b1:90:d9:de:f0,-53,11,-99,-39,54,116,830319193,100,0,228,0,"[-10,-16,-12,-15,-13,-13,-14,-10,-14,-5,-15,-1,-16,2,108,-7,-16,10,-16,13,-16,16,-15,19,-14,20,-13,22,-13,23,-12,23,-11,22,-10,20,-7,15,-5,11,-2,5,65,6,3,-6,7,-11,8,-15,12,-20,14,-22,17,-23,0,0,19,-23,19,-21,19,-19,17,-14,15,-10,12,-4,-124,0,3,8,-1,14,-6,20,-11,24,-14,28,-17,28,-19,28,-20,28,-20,26,-20,25,-19,23,-17,22,-16,19,60,16,-11,10,-6,5,-2,0,3,-3,8,-6,13,-7,17,-7,-2,-3,-7,0,-10,10,1,20,17,16,26,-1,19,-20,-19,-20,-20,-16,-24,3,-14,19,3,21,15,8,14,-4,3,-11,-5,-4,-4,5,6,7,15,-4,8,-20,-11,-24,-29,-10,-31,16,-10,34,15,31,31,11,28,-13,10,-24,0,0,-14,-7,-10,3,-3,3,-2,-1,-8,-2,-14,6,0,22,10,24,24,13,28,-6,15,-23,-3,-25,-16,-14,-17,0,-11,6,-5,7,-3,6,-3,10,2,14,14,15,13,20,30,-16,14,-39,-15,-43,-42,-24,-48,7,-29,34,-1,39]"
CSI_DATA,56426,d8:b1:90:d9:de:f0,-52,11,-99,-39,54,116,830329366,100,0,228,0,"[-17,10,-15,11,-12,13,-8,14,-4,16,1,15,5,16,108,-7,14,14,17,13,20,11,23,8,24,6,26,4,26,3,26,1,24,0,22,-1,16,-2,12,-2,6,-1,65,6,-6,2,-13,3,-19,5,-23,6,-25,7,-26,8,0,0,-29,7,-29,7,-24,6,-22,4,-17,2,-13,-1,123,16,0,-10,6,-13,13,-17,16,-20,21,-23,22,-24,22,-25,24,-26,22,-25,21,-25,19,-23,17,-22,16,-19,-105,0,10,-12,6,-6,2,-1,-3,4,-6,8,-11,11,-13,12,-3,2,0,8,11,8,19,-2,14,-19,-4,-24,-23,-14,-16,22,-12,23,8,23,22,7,19,-10,2,-19,-10,-11,-11,2,-1,7,7,1,2,-11,-12,-10,-22,5,-12,24,11,31,32,12,32,-15,11,-34,-16,-29,-30,-6,-22,14,0,0,7,14,11,3,4,-1,2,3,7,6,16,0,8,-20,0,-25,-19,-21,-30,-1,-21,19,-2,25,14,16,16,3,12,-5,5,-6,3,-7,3,-10,-2,-14,-14,-15,-14,-19,-28,20,-8,42,25,39,47,13,42,-20,17,-42,-12,-37]"
CSI_DATA,56427,d8:b1:90:d9:de:f0,-52,11,-99,-39,54,116,830339545,100,0,228,0,"[-7,17,-5,19,-1,17,2,16,6,15,11,12,14,8,108,-7,20,3,22,1,23,-2,24,-4,25,-6,25,-8,25,-10,24,-11,22,-12,20,-11,15,-10,11,-6,5,-3,65,6,-5,4,-11,7,-15,11,-19,13,-22,15,-24,16,0,0,-24,16,-24,14,-23,13,-20,10,-16,6,-12,1,126,16,-1,-10,4,-14,10,-19,14,-23,17,-25,19,-26,21,-28,21,-28,21,-28,20,-25,19,-24,16,-22,15,-20,-86,0,8,-11,6,-6,2,-1,-2,4,-6,8,-11,11,-14,11,-1,3,5,6,14,1,14,-13,0,-23,-19,-17,-28,1,0,28,3,26,21,14,22,-5,10,-19,-6,-16,-14,-4,-8,7,2,7,6,-2,-2,-10,-15,-4,-17,13,-2,28,22,23,34,-1,24,-26,-2,-37,-25,-23,-31,1,-17,20,0,0,12,12,11,0,4,-2,2,2,7,3,15,-4,4,-22,-4,-24,-23,-16,-29,4,-17,21,1,25,14,15,17,1,11,-5,5,-6,3,-6,3,-10,-2,-14,-15,-15,-15,-17,-29,21,-8,41,22,41,46,16,44,-17,21,-40,-8,-38]"
CSI_DATA,56428,d8:b1:90:d9:de:f0,-53,11,-99,-37,54,116,830358905,100,0,228,0,"[-9,15,-7,16,-4,15,-1,16,4,15,8,13,11,11,102,-7,18,7,20,6,22,4,23,1,24,0,25,-2,25,-3,25,-4,23,-5,21,-4,18,-4,11,-3,6,-1,61,6,-6,2,-12,5,-16,5,-21,6,-24,7,-26,7,0,0,-27,6,-26,5,-25,3,-21,1,-16,-1,-10,-3,131,15,2,-8,10,-10,15,-12,21,-13,25,-14,28,-14,29,-14,30,-13,29,-13,28,-13,27,-11,24,-10,22,-9,13,1,14,-4,7,-1,2,1,-5,2,-11,2,-13,2,-16,2,-2,2,3,7,12,2,14,-10,4,-21,-13,-20,-25,-4,-5,25,-2,25,15,18,22,-1,13,-13,-2,-16,-12,-6,-9,5,1,7,6,-1,1,-10,-13,-8,-20,7,-9,25,13,28,31,10,29,-16,9,-32,-15,-29,-27,-8,-22,11,0,0,7,14,9,5,4,0,1,3,6,6,15,2,12,-16,6,-23,-13,-23,-26,-8,-24,11,-9,23,6,20,13,9,12,-1,7,-4,6,-4,7,-6,5,-13,-5,-20,-4,-22,-33,3,-27,28,-2,44,29,36,45,8,38,-21,12,-34]"
CSI_DATA,56429,d8:b1:90:d9:de:f0,-52,11,-99,-39,54,116,830378790,100,0,228,0,"[-1,19,0,20,2,19,6,16,10,14,12,11,16,7,108,-7,21,3,23,1,23,-1,24,-3,25,-4,26,-6,26,-6,25,-6,24,-6,21,-5,17,-5,12,-3,5,-1,65,6,-6,2,-13,3,-17,4,-22,5,-25,4,-28,5,0,0,-30,3,-29,0,-28,-1,-22,-3,-17,-4,-10,-6,-138,16,4,-7,12,-7,20,-6,25,-6,30,-5,33,-4,35,-2,34,-1,35,0,32,1,31,1,29,2,24,2,30,1,14,3,7,3,1,1,-5,-1,-11,-3,-14,-6,-15,-10,-1,3,6,5,13,-2,11,-15,-3,-22,-20,-14,-26,3,3,28,5,25,21,13,22,-5,10,-17,-5,-16,-14,-4,-8,6,1,8,7,-1,0,-11,-14,-8,-21,7,-10,26,15,29,33,11,32,-16,12,-33,-13,-31,-29,-12,-25,10,0,0,5,16,8,6,4,0,2,3,5,7,15,4,16,-14,12,-23,-6,-28,-24,-16,-28,3,-16,20,0,22,11,14,12,4,8,0,6,-1,10,-3,11,-10,4,-21,7,-22,-32,-15,-40,10,-28,38,3,49,34,35,44,5,33,-21]"
CSI_DATA,56430,d8:b1:90:d9:de:f0,-53,11,-99,-37,54,116,830388950,100,0,228,0,"[-10,14,-8,15,-5,16,-1,16,4,16,8,13,12,12,102,-7,18,8,20,6,22,3,24,1,24,-2,25,-3,25,-5,24,-7,23,-7,20,-7,15,-6,11,-5,5,-3,61,6,-5,4,-10,7,-14,9,-18,12,-21,14,-22,14,0,0,-23,15,-23,15,-21,13,-19,10,-15,7,-11,2,127,15,-1,-8,3,-13,8,-19,11,-22,14,-25,16,-27,16,-28,16,-28,16,-28,15,-26,14,-25,13,-23,12,-21,132,0,8,-12,4,-7,2,-1,-2,5,-5,9,-8,12,-11,13,-2,2,3,7,12,3,14,-8,5,-21,-12,-19,-24,-4,-4,26,-1,25,15,16,21,-1,11,-15,-4,-16,-12,-5,-9,6,2,7,7,-2,0,-10,-14,-6,-19,10,-5,26,19,25,32,2,25,-23,1,-33,-23,-22,-28,0,-18,18,0,0,10,11,10,0,4,-2,3,2,8,3,14,-5,4,-20,-5,-23,-23,-14,-27,5,-15,22,4,24,16,12,16,-1,9,-8,4,-7,2,-6,2,-9,-4,-13,-15,-12,-15,-15,-23,23,-2,40,28,33,45,7,38,-24,11,-42,-15,-33]"
CSI_DATA,56431,d8:b1:90:d9:de:f0,-53,11,-99,-37,54,116,830408860,100,0,228,0,"[6,-16,4,-18,1,-16,-3,-16,-6,-15,-9,-13,-13,-12,102,-7,-19,-8,-21,-6,-23,-3,-24,-1,-25,1,-25,3,-25,4,-24,5,-23,5,-20,4,-15,4,-11,3,-5,1,61,6,6,-4,10,-4,15,-7,21,-7,23,-8,25,-8,0,0,27,-7,26,-6,24,-4,21,-2,16,1,11,3,134,0,-3,7,-9,10,-16,12,-22,13,-25,14,-28,14,-30,13,-30,12,-30,12,-29,11,-27,11,-26,9,-24,8,-20,14,-13,5,-8,3,-2,0,3,-2,9,-3,15,-2,18,0,1,-2,-5,-5,-12,-1,-12,11,-1,21,15,16,25,1,1,-27,0,-24,-18,-15,-21,2,-11,15,5,16,13,6,9,-6,-2,-8,-8,1,-1,10,12,9,20,-7,9,-24,-12,-28,-31,-9,-30,16,-9,32,15,26,28,7,22,-13,0,0,-6,-13,-9,-4,-4,1,-2,-2,-6,-6,-14,-1,-12,15,-5,23,12,23,27,7,24,-11,9,-22,-7,-20,-14,-8,-12,1,-7,3,-6,3,-7,6,-6,12,4,20,2,24,33,-1,29,-27,4,-44,-27,-39,-46,-11,-39,19,-15,34]"
CSI_DATA,56432,d8:b1:90:d9:de:f0,-52,11,-99,-39,54,116,830419158,100,0,228,0,"[-15,-8,-16,-7,-17,-4,-17,-1,-16,3,-16,7,-15,11,108,-7,-12,17,-11,20,-10,22,-7,23,-7,25,-5,26,-5,26,-4,25,-3,24,-3,22,-3,17,-2,12,-1,5,65,6,1,-7,2,-13,3,-17,4,-22,6,-24,8,-28,0,0,10,-29,11,-26,12,-23,12,-20,11,-14,10,-7,134,0,4,6,1,14,-2,21,-5,25,-8,29,-12,31,-13,32,-15,31,-16,30,-15,29,-15,26,-14,24,-13,21,75,16,-10,11,-5,5,-1,0,3,-6,8,-8,13,-10,16,-11,-3,-2,-7,3,-4,12,7,16,21,6,22,-11,8,-25,-26,-7,-24,-6,-20,13,-4,22,12,16,16,1,10,-11,-2,-11,-8,-2,-2,7,10,5,13,-8,2,-23,-19,-20,-32,-1,-24,24,1,37,25,25,33,1,23,-20,2,-26,0,0,-16,-3,-8,5,-2,3,-4,0,-8,1,-11,12,5,21,15,21,29,5,25,-14,8,-28,-11,-24,-21,-10,-17,4,-8,8,-3,7,-1,6,-2,8,4,14,16,14,15,17,29,-22,10,-40,-21,-41,-44,-19,-47,13,-25,38,2,39]"
CSI_DATA,56433,d8:b1:90:d9:de:f0,-53,11,-99,-37,54,116,830439249,100,0,228,0,"[16,-5,16,-7,13,-9,10,-12,7,-15,3,-16,-1,-18,102,-7,-7,-20,-10,-18,-13,-18,-15,-18,-18,-16,-20,-15,-20,-14,-20,-12,-20,-11,-18,-9,-14,-7,-10,-5,-5,-2,61,6,6,2,12,4,16,5,21,7,23,8,26,9,0,0,26,9,25,10,22,9,20,9,14,8,8,7,114,0,-6,5,-13,3,-20,1,-25,0,-29,-1,-31,-2,-32,-3,-33,-2,-32,-2,-31,-2,-29,-3,-27,-2,-24,-3,-43,14,-14,-2,-8,-2,-1,-1,6,0,10,1,15,3,16,5,3,-1,2,-7,-7,-10,-16,-3,-18,12,-3,23,14,20,21,-16,18,-16,0,-23,-15,-12,-19,3,-8,14,5,12,11,1,4,-7,-7,-4,-8,7,3,15,21,8,24,-12,7,-29,-18,-27,-32,-5,-27,20,-4,31,16,22,24,3,0,0,3,-15,-6,-8,-4,-2,-1,-4,-1,-8,-12,-9,-20,8,-16,18,-1,26,19,20,27,1,19,-15,3,-20,-9,-13,-11,-5,-8,0,-6,1,-9,1,-10,8,-4,20,-7,22,30,12,38,-12,22,-39,-9,-45,-37,-27,-44,2,-27,26]"
CSI_DATA,56434,d8:b1:90:d9:de:f0,-53,11,-99,-37,54,116,830458914,100,0,228,0,"[14,-9,13,-11,10,-12,7,-14,3,-15,0,-16,-4,-18,102,-7,-10,-18,-12,-16,-14,-16,-18,-15,-19,-14,-20,-13,-21,-13,-22,-11,-20,-10,-18,-9,-14,-7,-10,-5,-4,-2,61,6,7,2,12,4,16,7,21,8,23,10,24,11,0,0,25,12,23,13,21,12,16,12,12,10,6,9,86,0,-7,3,-13,-1,-19,-4,-24,-7,-27,-9,-30,-11,-30,-12,-30,-12,-29,-13,-29,-13,-27,-12,-24,-12,-21,-12,-3,14,-12,-8,-6,-5,-1,-2,5,2,8,7,11,10,12,13,3,-2,0,-7,-9,-8,-16,1,-14,15,1,23,19,15,16,-20,14,-19,-4,-22,-16,-10,-18,5,-5,15,6,11,10,0,3,-7,-7,-4,-8,8,4,15,20,8,24,-11,9,-29,-16,-28,-32,-6,-27,18,-6,31,15,24,24,5,0,0,4,-14,-4,-9,-4,-3,0,-3,0,-9,-9,-11,-21,2,-21,12,-6,26,12,24,26,8,22,-9,8,-18,-3,-15,-10,-7,-7,-2,-6,-2,-8,-2,-13,4,-12,15,-15,16,22,25,40,5,37,-25,11,-44,-20,-41,-40,-18,-36,9]"
CSI_DATA,56435,d8:b1:90:d9:de:f0,-52,11,-99,-39,54,116,830469583,100,0,228,0,"[-17,0,-19,2,-17,5,-15,7,-13,11,-11,14,-8,17,108,-7,-5,21,-3,23,-1,23,0,25,1,25,2,26,3,25,3,25,3,23,3,21,2,16,1,12,0,5,65,6,-1,-7,-1,-14,-1,-19,1,-22,1,-26,3,-29,0,0,5,-29,7,-28,7,-24,8,-21,8,-15,7,-7,94,0,4,6,1,14,-3,21,-5,25,-10,30,-13,31,-15,32,-15,31,-16,31,-17,28,-17,25,-16,23,-16,19,111,16,-11,10,-7,5,-1,0,3,-4,8,-6,15,-7,19,-6,-3,0,-4,6,3,13,14,10,22,-4,14,-19,-2,-25,-28,3,-24,4,-13,20,4,21,16,10,16,-5,4,-13,-6,-8,-7,3,1,8,12,2,12,-12,-3,-23,-23,-15,-32,6,-19,29,7,35,29,20,33,-5,19,-23,-2,-26,0,0,-16,-1,-8,6,-2,4,-4,0,-10,1,-11,12,5,21,16,20,28,4,25,-16,7,-28,-11,-23,-19,-8,-16,4,-8,10,-3,7,-1,6,-3,10,2,14,15,15,13,20,31,-17,15,-40,-14,-46,-41,-26,-48,5,-33,33,-4,39]"
CSI_DATA,56436,d8:b1:90:d9:de:f0,-50,9,-99,-34,51,116,830483267,108,0,106,0,"[-122,0,139,0,146,0,-130,0,43,0,-56,0,-37,20,-20,0,-111,20,1,1,-171,20,-6,0,146,20,-8,0,153,20,-39,0,-144,20,-131,0,-45,20,78,0,72,0,-96,20,159,0,102,20,-144,0,4,20,0,0,0,0,146,0,-49,19,76,0,21,20,-21,20,-175,20,-113,20,45,0,-171,20,-78,0,155,20,75,1,-171,20,155,1,-139,20,160,1,-102,20,112,1,-49,20,27,1,0,0,-115,0,20,0,24,0,-6,20]"
CSI_DATA,56437,d8:b1:90:d9:de:f0,-53,11,-99,-37,54,116,830498627,100,0,228,0,"[-13,-10,-14,-8,-16,-5,-16,-1,-15,3,-15,7,-14,10,102,-7,-11,16,-10,19,-8,21,-6,23,-5,24,-3,24,-1,25,0,24,1,23,2,20,2,15,1,10,1,5,61,6,-2,-8,-3,-12,-4,-18,-5,-22,-6,-24,-6,-26,0,0,-6,-27,-5,-26,-4,-25,-2,-21,0,-16,2,-10,28,0,6,3,10,10,10,16,12,22,13,26,13,29,14,29,13,29,13,29,12,27,12,26,11,25,9,22,111,0,5,13,2,7,-1,2,-3,-4,-4,-11,-4,-14,-3,-18,-3,-2,-7,3,-4,11,7,15,20,7,21,-10,7,-23,-25,-6,-23,-4,-18,12,-2,20,12,13,15,-1,6,-11,-5,-9,-8,2,0,8,11,3,11,-12,-3,-22,-23,-13,-29,9,-13,30,13,31,30,11,29,-13,11,-27,-9,-23,0,0,-14,6,-4,8,1,4,-3,1,-6,6,-2,14,15,12,24,5,23,-13,7,-26,-12,-23,-23,-8,-20,8,-7,14,2,12,4,6,4,5,6,6,12,5,19,-5,22,-4,-4,-33,-29,-26,-44,0,-34,30,-5,45,24,36,36,10]"
CSI_DATA,56438,d8:b1:90:d9:de:f0,-53,11,-99,-38,54,116,830508736,100,0,228,0,"[5,17,7,16,10,14,13,10,16,8,17,4,19,2,105,-7,21,-5,21,-7,21,-9,21,-11,21,-15,19,-16,18,-17,17,-17,16,-17,13,-15,9,-13,6,-9,3,-4,63,6,-5,5,-9,9,-11,14,-15,16,-17,19,-19,20,0,0,-20,20,-20,19,-18,17,-17,14,-13,9,-9,5,-126,16,0,-6,5,-11,10,-17,14,-20,18,-22,20,-23,21,-25,22,-25,22,-25,21,-22,20,-21,18,-19,17,-17,-71,0,10,-8,6,-5,0,0,-5,4,-9,6,-15,8,-17,7,1,3,7,3,11,-6,5,-17,-10,-18,-22,-5,-21,13,16,22,14,19,22,2,15,-15,-1,-18,-14,-9,-13,5,-2,11,8,5,7,-6,-5,-11,-17,-1,-15,17,5,27,25,18,32,-7,17,-30,-8,-33,-29,-16,-28,7,-13,22,0,0,13,8,10,-1,3,-3,2,2,8,3,14,-5,5,-19,-6,-23,-23,-15,-28,5,-16,22,3,25,16,14,17,0,9,-6,4,-7,2,-4,4,-6,1,-14,-10,-17,-11,-21,-31,14,-17,35,13,43,40,25,45,-6,29,-32,1,-38]"
CSI_DATA,56439,d8:b1:90:d9:de:f0,-53,11,-99,-37,54,116,830518952,100,0,228,0,"[4,18,6,16,8,14,11,12,15,10,16,7,20,4,102,-7,21,-1,23,-3,23,-6,23,-8,23,-9,23,-11,23,-11,21,-12,20,-11,18,-10,13,-8,9,-6,4,-3,61,6,-6,4,-12,6,-16,8,-21,9,-24,10,-26,10,0,0,-27,9,-27,7,-25,6,-21,3,-16,2,-11,-1,-135,15,4,-5,11,-6,19,-7,24,-7,28,-7,31,-7,32,-5,33,-5,32,-5,31,-3,29,-2,27,-1,24,0,25,1,13,1,8,1,1,1,-6,-1,-11,-3,-15,-6,-16,-9,1,3,8,3,12,-6,6,-16,-8,-20,-22,-8,-22,10,12,25,11,21,22,6,18,-11,3,-19,-11,-12,-14,1,-5,10,6,7,9,-5,-2,-13,-16,-7,-20,11,-5,27,18,26,33,4,27,-21,4,-34,-20,-25,-29,-4,-21,14,0,0,8,14,10,3,4,0,1,3,5,7,15,3,14,-13,8,-24,-10,-25,-26,-11,-26,8,-12,22,4,20,13,10,12,1,7,-3,4,-2,7,-2,9,-8,3,-19,7,-23,-31,-12,-38,12,-22,38,8,46,36,29,44,1,29,-23]"
CSI_DATA,56440,d8:b1:90:d9:de:f0,-53,11,-99,-38,54,116,830529042,100,0,228,0,"[13,-11,11,-13,10,-15,7,-17,4,-17,0,-18,-3,-19,105,-7,-7,-19,-9,-20,-11,-20,-14,-19,-16,-19,-16,-18,-17,-19,-17,-17,-16,-16,-14,-15,-11,-11,-7,-7,-3,-3,63,6,4,6,8,10,9,16,11,19,14,22,14,25,0,0,11,27,9,26,6,25,5,21,2,16,-1,10,1,0,-5,-3,-6,-11,-6,-18,-6,-23,-5,-29,-4,-32,-3,-33,-1,-33,0,-33,1,-31,1,-29,3,-27,3,-22,10,0,4,-14,2,-7,1,-1,-3,5,-6,10,-9,13,-13,14,3,-2,0,-8,-10,-8,-18,1,-15,15,0,23,17,17,19,-20,16,-17,-1,-22,-16,-13,-18,3,-8,14,5,14,10,2,5,-7,-6,-7,-11,4,-3,18,15,17,28,0,21,-21,0,-33,-26,-23,-33,0,-23,22,-2,29,16,19,0,0,13,-8,3,-9,-1,-4,3,-1,7,-5,3,-15,-13,-15,-23,-8,-26,10,-11,26,7,26,20,14,21,-2,11,-11,1,-13,-3,-7,-1,-5,-1,-7,-7,-11,-18,-6,-21,-10,-18,29,5,39,32,30,47,2,39,-28,10,-41,-15,-34]"
CSI_DATA,56441,d8:b1:90:d9:de:f0,-53,11,-99,-38,54,116,830539044,100,0,228,0,"[-16,-3,-17,-2,-17,1,-16,5,-14,9,-11,13,-9,16,105,-7,-5,20,-2,22,0,22,2,23,4,25,6,25,7,23,7,22,8,20,7,19,5,15,4,10,1,5,63,6,-5,-5,-8,-10,-11,-15,-13,-18,-14,-21,-16,-22,0,0,-15,-23,-13,-25,-11,-22,-8,-19,-5,-16,0,-11,2,0,7,0,13,6,16,11,19,17,21,21,22,22,22,23,22,26,22,25,21,23,19,22,17,21,15,18,-110,0,7,13,3,7,-1,2,-5,-4,-8,-9,-8,-13,-9,-16,-3,0,-5,5,2,13,13,10,21,-1,15,-17,-2,-23,-27,4,-22,5,-11,19,6,19,17,7,14,-7,1,-13,-8,-6,-7,4,3,8,11,-2,7,-15,-11,-19,-27,-4,-26,19,-2,34,22,27,34,2,23,-22,2,-30,-16,-20,0,0,-13,9,-3,10,0,5,-3,4,-3,9,3,15,21,6,26,-3,18,-21,-1,-29,-19,-18,-25,0,-17,14,-2,16,5,10,6,5,5,4,8,4,15,0,17,-11,19,-10,-14,-31,-37,-16,-43,13,-25,40,7,46,33,28,38,0]"
CSI_DATA,56442,d8:b1:90:d9:de:f0,-53,11,-99,-38,54,116,830549239,100,0,228,0,"[3,16,5,16,7,14,10,11,14,9,16,6,18,3,105,-7,21,-2,21,-3,22,-6,21,-7,22,-9,21,-10,21,-11,21,-13,19,-11,17,-10,14,-8,10,-5,5,-1,63,6,-4,5,-9,9,-14,11,-17,15,-20,16,-22,16,0,0,-25,15,-23,13,-22,11,-20,8,-16,4,-10,0,129,16,2,-8,8,-11,14,-14,19,-17,23,-17,27,-18,28,-18,29,-18,29,-17,28,-15,27,-14,26,-11,22,-8,22,1,14,-4,8,0,2,1,-4,4,-10,4,-16,4,-18,2,2,2,7,2,10,-6,5,-16,-8,-19,-21,-7,-21,9,13,25,11,20,21,5,17,-10,2,-18,-10,-11,-13,1,-4,9,5,6,7,-5,-3,-11,-17,-4,-17,14,-1,28,22,25,33,-1,23,-26,-1,-34,-23,-22,-29,0,-19,18,0,0,9,13,10,2,5,-1,3,2,8,4,16,-3,8,-20,0,-26,-18,-20,-29,-2,-21,17,-4,25,9,18,16,6,11,-3,7,-5,5,-4,6,-7,4,-14,-6,-19,-6,-21,-33,4,-27,30,-1,45,29,37,45,8,39,-20,15,-35]"
CSI_DATA,56443,d8:b1:90:d9:de:f0,-53,11,-99,-38,54,116,830568735,100,0,228,0,"[-3,-16,-5,-16,-8,-15,-11,-10,-15,-7,-17,-3,-18,0,105,-7,-19,7,-19,9,-18,13,-17,16,-16,18,-14,20,-13,21,-10,21,-9,20,-7,18,-5,15,-3,10,-2,4,63,6,-1,-7,-2,-14,-1,-18,-1,-23,-2,-26,-2,-28,0,0,-3,-29,-2,-28,-1,-26,-1,-22,1,-17,3,-10,37,0,7,3,9,9,13,16,14,20,16,25,18,27,18,28,19,27,19,27,18,25,18,23,17,22,15,19,-89,0,8,11,3,7,-1,2,-6,-3,-9,-8,-11,-11,-11,-15,-1,-3,-7,-2,-10,6,-4,17,10,17,22,4,19,-14,-17,-20,-16,-17,-22,1,-11,16,4,18,15,6,11,-7,0,-10,-8,-2,-3,8,9,6,15,-7,4,-21,-18,-20,-32,-1,-22,26,4,34,27,20,31,-5,16,-23,-4,-25,0,0,-15,2,-7,7,-2,5,-4,2,-7,7,-2,17,18,14,26,4,23,-15,6,-28,-15,-23,-25,-5,-19,10,-5,16,4,11,6,5,5,4,7,4,14,1,16,-10,19,-10,-15,-30,-38,-14,-41,16,-19,42,13,44,37,22,37,-6]"
CSI_DATA,56444,d8:b1:90:d9:de:f0,-53,11,-99,-37,54,116,830579201,100,0,228,0,"[12,12,13,11,15,8,16,6,19,3,19,0,20,-3,102,-7,20,-7,21,-10,20,-11,20,-13,20,-14,20,-15,19,-15,18,-15,18,-14,15,-12,12,-10,9,-6,4,-3,61,6,-6,4,-11,7,-15,9,-20,10,-24,11,-26,10,0,0,-28,8,-27,5,-25,4,-22,1,-16,0,-10,-2,-134,15,5,-4,12,-3,20,-2,24,-1,29,1,31,3,33,5,32,6,31,8,29,8,28,9,25,10,22,9,14,1,12,7,6,5,0,1,-4,-4,-8,-8,-10,-13,-9,-16,2,2,8,-1,7,-10,-2,-16,-15,-13,-22,2,-15,18,21,19,18,15,23,-2,12,-15,-3,-19,-14,-9,-13,5,-3,12,7,6,8,-6,-3,-12,-16,-5,-18,13,-3,27,20,25,33,2,26,-22,3,-33,-20,-26,-28,-5,-21,13,0,0,6,14,8,4,4,0,1,3,4,8,14,6,16,-10,12,-22,-5,-27,-23,-18,-27,2,-19,16,-2,21,9,14,11,4,8,-1,5,0,8,1,12,-4,11,-15,15,-16,-22,-25,-38,-6,-38,22,-16,43,13,44,36,24,37,-2]"
CSI_DATA,56445,d8:b1:90:d9:de:f0,-53,11,-99,-40,55,116,830598720,100,0,228,0,"[14,-9,13,-11,11,-13,7,-15,4,-17,0,-18,-4,-18,99,-7,-9,-18,-12,-18,-14,-17,-17,-16,-18,-15,-19,-14,-20,-13,-20,-11,-19,-10,-17,-9,-14,-7,-9,-5,-4,-3,59,6,8,1,13,3,17,5,21,6,24,9,26,10,0,0,26,11,25,12,23,11,18,11,14,10,8,7,100,0,-7,3,-13,0,-19,-3,-23,-6,-27,-8,-29,-9,-30,-10,-30,-11,-30,-11,-28,-10,-27,-10,-24,-10,-21,-9,-14,14,-12,-7,-6,-4,0,-1,5,2,10,5,13,9,14,12,2,-2,0,-8,-9,-8,-16,1,-13,15,2,22,18,15,16,-22,13,-19,-5,-21,-18,-9,-17,7,-5,16,8,12,11,-1,3,-9,-8,-5,-9,8,4,16,20,9,24,-12,9,-29,-17,-27,-33,-6,-27,18,-6,31,15,24,24,5,0,0,5,-14,-4,-9,-3,-3,1,-4,-1,-10,-11,-11,-20,3,-20,15,-4,27,16,24,26,7,22,-12,7,-20,-6,-16,-10,-6,-7,0,-6,0,-8,0,-12,5,-10,17,-13,18,25,21,39,0,32,-29,6,-45,-25,-38,-41,-12,-33,15]"
CSI_DATA,56446,d8:b1:90:d9:de:f0,-53,11,-99,-40,55,116,830608975,100,0,228,0,"[12,12,13,11,15,8,16,5,17,2,18,-2,18,-5,99,-7,18,-10,18,-12,17,-14,16,-16,15,-18,14,-19,14,-19,12,-20,12,-18,10,-16,9,-13,6,-8,3,-3,59,6,-2,8,-6,13,-8,16,-11,19,-13,21,-16,23,0,0,-17,23,-18,20,-17,18,-16,14,-13,10,-9,4,-124,15,0,-7,5,-12,11,-16,15,-19,18,-21,21,-22,23,-22,24,-21,24,-21,23,-19,23,-17,21,-16,19,-13,-28,0,12,-6,7,-3,1,1,-5,4,-11,5,-15,4,-18,3,3,1,7,-2,6,-10,-3,-16,-16,-11,-22,4,-13,19,24,15,20,12,20,-6,9,-17,-7,-17,-16,-5,-11,8,0,11,9,4,6,-8,-7,-10,-16,2,-11,19,9,25,28,13,30,-12,12,-30,-12,-30,-28,-13,-26,9,-12,21,0,0,12,9,9,-1,3,-1,4,2,10,3,15,-7,4,-20,-7,-24,-23,-15,-28,5,-17,21,2,24,15,15,17,2,10,-6,5,-7,3,-5,4,-6,2,-13,-8,-18,-6,-20,-31,8,-22,30,4,44,32,31,45,4,34,-23,10,-34]"
CSI_DATA,56447,d8:b1:90:d9:de:f0,-53,11,-99,-38,54,116,830619019,100,0,228,0,"[15,-10,14,-11,13,-14,9,-16,6,-17,3,-18,0,-20,105,-7,-5,-21,-7,-21,-9,-21,-11,-21,-13,-21,-14,-21,-14,-20,-14,-19,-13,-18,-11,-17,-8,-13,-6,-9,-1,-4,63,6,6,5,9,10,11,16,13,20,14,22,14,26,0,0,11,27,8,27,6,25,4,22,1,17,-1,11,-42,16,-6,-4,-7,-11,-7,-19,-7,-23,-6,-29,-5,-32,-3,-33,-2,-33,-1,-33,0,-32,1,-30,3,-28,3,-23,85,0,4,-14,3,-7,1,0,-2,6,-4,11,-8,15,-11,15,2,-2,0,-7,-10,-8,-17,0,-16,15,-1,22,16,18,22,-19,18,-16,1,-22,-15,-15,-19,1,-9,14,4,14,11,3,6,-7,-5,-7,-13,3,-4,16,14,18,28,2,26,-20,1,-33,-23,-25,-34,-2,-25,20,-4,29,15,21,0,0,14,-6,4,-8,1,-3,4,-2,7,-7,2,-17,-16,-15,-25,-8,-27,11,-13,27,8,28,22,14,21,-3,13,-13,2,-13,-2,-8,-2,-5,-2,-8,-8,-10,-19,-5,-21,-8,-15,30,7,40,35,28,47,0,37,-30,9,-44,-17,-33]"
CSI_DATA,56448,d8:b1:90:d9:de:f0,-53,11,-99,-40,55,116,830629029,100,0,228,0,"[14,9,16,8,17,5,18,1,18,-3,17,-7,16,-10,99,-7,13,-16,11,-18,9,-20,7,-21,5,-22,4,-23,2,-24,1,-23,0,-22,0,-19,-1,-15,0,-11,1,-5,59,6,3,7,6,12,6,17,8,21,8,24,9,26,0,0,8,27,7,26,6,24,4,21,2,16,-1,11,-25,15,-6,-3,-9,-10,-11,-16,-12,-21,-14,-25,-15,-27,-15,-28,-15,-28,-15,-28,-14,-26,-13,-25,-12,-23,-10,-20,-97,15,-6,-12,-2,-7,1,-1,3,5,6,11,6,15,5,18,3,1,7,-3,3,-12,-8,-15,-19,-6,-20,10,-6,23,27,7,23,4,17,-14,1,-20,-14,-13,-16,3,-6,13,6,9,9,-1,0,-9,-11,-4,-12,12,3,21,22,13,31,-8,13,-29,-13,-30,-30,-11,-28,13,-9,26,10,22,0,0,13,-6,5,-8,1,-4,4,-2,7,-7,1,-16,-16,-13,-25,-4,-23,16,-6,27,14,23,24,7,18,-9,6,-15,-3,-12,-5,-6,-4,-4,-6,-6,-12,-4,-18,6,-21,6,6,32,31,23,44,-3,31,-33,2,-46,-26,-33,-36,-7]"
CSI_DATA,56449,d8:b1:90:d9:de:f0,-49,9,-99,-36,51,116,830644029,756,0,106,0,"[110,21,174,0,68,21,58,0,49,21,-74,21,53,21,-180,21,84,21,103,21,122,21,49,21,157,21,13,21,-177,21,29,21,-116,21,125,21,-49,21,-72,21,29,0,126,0,95,0,-62,0,129,0,46,1,0,0,0,0,-174,0,56,1,181,0,-37,0,141,0,142,0,34,0,-95,21,-77,21,56,21,-165,21,-90,20,164,21,-143,20,149,21,-130,20,157,21,-78,20,183,21,15,21,-126,21,170,21,-17,21,-2,21,127,0]"
CSI_DATA,56450,d8:b1:90:d9:de:f0,-53,11,-99,-40,55,116,830658954,100,0,228,0,"[2,17,4,18,6,17,9,16,12,14,15,11,17,9,99,-7,21,5,22,3,22,2,22,-1,24,-2,23,-3,23,-4,22,-4,21,-5,19,-3,16,-3,11,-1,5,2,59,6,-7,4,-13,6,-17,6,-21,6,-24,7,-27,6,0,0,-28,4,-27,2,-25,0,-21,-1,-16,-3,-9,-4,-129,15,5,-5,13,-4,19,-3,24,-2,28,0,31,1,32,2,32,4,32,4,29,5,29,5,26,6,22,6,19,1,13,6,6,4,0,1,-6,-2,-11,-6,-13,-8,-14,-12,1,2,7,2,11,-5,7,-15,-5,-19,-19,-11,-22,6,8,28,8,22,19,9,18,-8,6,-17,-8,-14,-14,-2,-7,9,4,9,9,-2,2,-13,-13,-10,-20,5,-11,23,10,30,29,12,30,-13,12,-29,-10,-29,-25,-12,-22,7,0,0,3,15,7,6,4,2,1,5,5,9,15,6,18,-12,13,-21,-6,-26,-22,-16,-27,2,-17,18,-2,21,9,13,11,4,8,0,6,-1,9,-1,12,-8,7,-18,10,-19,-28,-18,-39,4,-30,31,-4,46,26,38,41,11,34,-14]"
CSI_DATA,56451,d8:b1:90:d9:de:f0,-53,11,-99,-41,55,116,830669161,100,0,228,0,"[9,-14,8,-16,5,-16,1,-18,-3,-18,-7,-18,-10,-15,102,-7,-15,-12,-19,-11,-21,-9,-22,-6,-23,-5,-24,-2,-24,-1,-23,0,-22,1,-20,1,-15,1,-10,0,-5,-1,61,6,7,-4,10,-7,16,-8,20,-10,22,-11,24,-12,0,0,25,-11,25,-10,23,-9,21,-7,15,-4,10,0,-130,0,-2,6,-8,10,-13,13,-19,16,-22,19,-24,20,-25,20,-25,20,-25,20,-24,19,-22,18,-21,16,-18,14,22,15,-10,8,-6,3,-1,0,4,-5,8,-7,12,-8,15,-8,0,-3,-4,-6,-11,-3,-13,8,-5,19,11,20,23,5,5,-28,2,-23,-14,-15,-20,1,-11,14,4,15,12,5,9,-7,-2,-10,-9,0,-3,11,12,11,21,-4,11,-23,-9,-30,-29,-10,-29,14,-8,30,15,26,27,7,21,-12,0,0,-6,-13,-8,-4,-4,0,-2,-3,-8,-5,-15,2,-10,19,0,25,20,20,27,1,20,-18,2,-24,-12,-16,-15,-4,-10,4,-5,5,-4,4,-4,7,-2,13,10,16,11,19,30,-12,15,-36,-12,-42,-39,-23,-45,9,-26,32,2,37]"
CSI_DATA,56452,d8:b1:90:d9:de:f0,-53,11,-99,-40,55,116,830679216,100,0,228,0,"[-9,15,-8,16,-5,16,-2,18,2,18,5,18,9,17,99,-7,15,14,17,13,19,12,20,10,21,8,23,6,23,5,23,3,22,3,19,3,15,2,10,3,4,2,59,6,-8,3,-13,4,-18,3,-23,4,-25,4,-27,4,0,0,-28,2,-27,1,-25,0,-21,-1,-16,-2,-10,-4,-130,15,4,-5,12,-6,18,-6,24,-5,28,-6,31,-7,32,-6,32,-5,32,-5,30,-4,28,-4,26,-2,23,-2,20,1,14,-1,7,1,2,1,-5,1,-11,0,-16,-2,-19,-3,0,3,4,6,11,3,15,-8,7,-18,-10,-20,-22,-7,-8,27,-5,22,12,18,20,2,14,-12,-2,-17,-12,-8,-11,5,1,9,9,2,6,-11,-9,-14,-21,-1,-17,19,3,32,25,18,32,-6,17,-26,-7,-29,-23,-14,-23,5,0,0,2,15,6,7,4,2,2,5,6,9,15,5,17,-13,11,-23,-9,-26,-24,-13,-26,7,-13,20,3,20,12,11,12,0,7,-3,5,-2,7,-4,8,-11,1,-20,2,-22,-33,-7,-33,19,-13,42,18,43,42,20,41,-10,21,-29]"
CSI_DATA,56453,d8:b1:90:d9:de:f0,-53,11,-99,-38,54,116,830699490,100,0,228,0,"[17,-6,17,-7,16,-8,14,-13,10,-14,7,-17,5,-18,105,-7,0,-20,-1,-21,-4,-22,-6,-22,-7,-22,-8,-22,-9,-23,-9,-21,-8,-20,-7,-18,-5,-15,-3,-9,0,-5,63,6,5,7,8,11,9,17,10,21,10,25,9,27,0,0,8,29,6,29,3,27,1,22,-1,17,-3,10,-31,16,-5,-4,-6,-11,-5,-19,-4,-25,-3,-29,-2,-32,-1,-33,1,-33,2,-33,3,-31,4,-29,4,-26,5,-23,42,0,5,-13,3,-5,2,1,-1,7,-5,13,-9,15,-13,16,2,-2,2,-7,-6,-10,-17,-4,-18,9,-6,22,10,21,26,-11,21,-10,6,-21,-10,-18,-19,-3,-13,10,0,15,9,6,8,-5,-3,-8,-11,1,-7,15,9,19,26,7,28,-16,7,-32,-18,-28,-32,-7,-27,16,-8,28,10,22,0,0,15,-4,5,-7,2,-4,5,-2,8,-7,4,-17,-15,-16,-25,-10,-28,9,-15,26,5,29,21,17,23,-1,14,-11,3,-13,-2,-7,-1,-6,-1,-7,-8,-10,-19,-7,-19,-9,-18,29,5,40,33,30,47,2,38,-28,10,-42,-15,-34]"
CSI_DATA,56454,d8:b1:90:d9:de:f0,-53,11,-99,-38,54,116,830709555,100,0,228,0,"[13,13,14,11,16,9,17,5,18,1,18,-3,18,-7,105,-7,15,-14,14,-16,11,-18,10,-20,8,-22,7,-23,5,-23,4,-23,3,-22,2,-19,2,-16,2,-10,2,-4,63,6,4,7,5,14,5,19,6,22,7,26,6,28,0,0,6,29,5,29,4,27,2,22,1,18,-2,11,-40,16,-6,-3,-8,-9,-10,-17,-11,-21,-14,-27,-14,-29,-14,-30,-14,-30,-15,-30,-13,-28,-13,-27,-11,-23,-9,-21,-85,16,-4,-13,-2,-7,2,-1,4,5,6,11,6,17,5,19,3,1,7,-2,6,-11,-5,-17,-18,-9,-21,7,-10,22,26,13,22,8,19,-10,4,-20,-11,-15,-17,0,-8,11,4,10,9,0,2,-8,-10,-5,-13,10,1,21,20,16,33,-4,16,-28,-9,-32,-29,-15,-30,9,-13,25,7,23,0,0,15,-3,6,-7,2,-4,5,-2,7,-8,2,-17,-17,-14,-26,-5,-25,16,-7,29,14,26,25,8,20,-9,7,-17,-3,-13,-6,-6,-4,-4,-6,-6,-13,-4,-19,6,-20,5,6,33,31,25,45,-3,33,-33,2,-46,-27,-34,-37,-7]"
CSI_DATA,56455,d8:b1:90:d9:de:f0,-53,11,-99,-40,55,116,830719619,100,0,228,0,"[17,2,18,1,19,-2,18,-6,16,-9,14,-12,12,-15,99,-7,7,-19,5,-21,2,-22,0,-22,-2,-23,-4,-23,-5,-23,-5,-21,-6,-20,-5,-18,-4,-15,-2,-10,0,-5,59,6,7,6,9,10,10,14,12,18,13,21,14,23,0,0,14,24,12,24,10,23,8,20,4,16,1,11,-17,15,-6,-2,-11,-8,-13,-14,-15,-19,-16,-22,-17,-25,-17,-27,-17,-27,-16,-27,-15,-25,-15,-25,-12,-23,-11,-20,-77,15,-6,-12,-2,-7,1,0,4,6,5,11,5,15,4,18,3,-1,4,-6,-2,-12,-13,-9,-19,3,-13,18,3,23,29,-4,22,-5,11,-19,-7,-19,-17,-7,-14,8,-1,14,9,7,9,-4,-2,-10,-12,-1,-8,13,8,20,24,7,27,-15,6,-30,-19,-26,-31,-4,-24,17,-5,27,13,20,0,0,13,-7,4,-9,1,-5,4,-3,5,-9,-3,-16,-19,-9,-25,0,-20,18,-2,28,17,21,24,4,18,-11,5,-16,-3,-11,-5,-6,-4,-4,-6,-6,-13,-3,-18,7,-20,7,7,33,31,24,44,-3,32,-32,3,-46,-25,-33,-36,-9]"
CSI_DATA,56456,d8:b1:90:d9:de:f0,-49,9,-99,-36,51,116,830735606,252,0,106,0,"[29,0,-58,0,-104,21,-84,0,138,21,-152,0,40,21,136,0,-10,20,42,0,-24,20,-37,21,-23,20,-101,21,15,21,-139,21,123,21,-100,21,-91,21,-26,21,85,0,103,0,-133,0,-155,0,-62,0,-79,0,0,0,0,0,0,1,-72,0,-65,0,-142,0,-178,0,88,0,23,0,-100,21,-154,21,97,21,103,21,-33,20,65,21,-85,20,59,21,-79,20,95,21,-34,20,149,21,47,21,-138,21,-177,21,-18,21,17,0,130,0]"
CSI_DATA,56457,d8:b1:90:d9:de:f0,-53,11,-99,-38,54,116,830748661,100,0,228,0,"[0,-18,-2,-19,-5,-17,-7,-16,-11,-14,-14,-10,-17,-8,105,-7,-20,-3,-21,-2,-22,1,-22,3,-23,4,-23,6,-23,7,-22,7,-21,7,-18,6,-15,5,-10,3,-4,0,63,6,6,-6,11,-9,15,-10,19,-11,23,-11,26,-13,0,0,28,-10,27,-9,26,-7,22,-5,18,-2,11,1,-126,0,-3,6,-9,8,-17,10,-22,11,-27,11,-30,10,-31,9,-32,9,-32,8,-30,7,-29,6,-27,5,-23,3,-16,15,-13,0,-6,-1,1,-2,8,-3,14,-1,18,1,20,4,-1,-3,-7,-3,-11,4,-7,15,5,20,20,11,23,-6,-7,-28,-7,-22,-20,-9,-19,8,-5,18,9,14,15,1,7,-9,-4,-8,-8,3,0,10,15,7,19,-9,6,-26,-15,-28,-32,-6,-27,19,-5,32,17,27,28,6,21,-13,0,0,-5,-14,-8,-5,-4,-1,-3,-4,-8,-6,-18,0,-13,18,-4,28,15,25,29,8,27,-13,9,-25,-7,-21,-16,-9,-14,0,-7,4,-5,3,-7,5,-7,11,1,20,0,22,33,5,34,-20,14,-43,-17,-43,-41,-20,-43,9,-23,30]"
CSI_DATA,56458,d8:b1:90:d9:de:f0,-53,11,-99,-38,54,116,830758722,100,0,228,0,"[-17,-8,-18,-8,-19,-5,-19,-1,-19,2,-17,5,-18,9,105,-7,-15,15,-14,17,-13,19,-11,20,-10,21,-9,23,-8,23,-7,22,-5,21,-5,19,-4,15,-2,10,-1,4,63,6,1,-7,3,-14,5,-18,8,-21,9,-25,11,-27,0,0,13,-27,15,-26,14,-22,13,-18,11,-13,8,-8,115,0,0,6,-4,11,-9,17,-13,20,-17,23,-20,25,-21,25,-22,25,-22,23,-21,21,-20,19,-19,18,-17,15,44,16,-10,7,-5,4,1,-1,8,-3,13,-5,18,-5,20,-3,-3,-2,-7,3,-4,13,7,16,20,7,20,-9,8,-23,-27,-10,-22,-7,-20,10,-5,21,11,16,17,1,9,-10,-3,-13,-10,-2,-5,9,9,8,16,-4,7,-20,-13,-22,-29,-7,-26,18,-4,33,19,29,30,6,25,-15,6,-23,0,0,-13,-5,-8,4,-2,2,-4,-2,-10,-2,-15,8,-2,20,10,23,27,11,29,-9,14,-26,-5,-26,-18,-14,-18,1,-9,8,-3,7,-2,4,-4,6,-2,11,8,17,9,21,31,-9,21,-33,-5,-43,-33,-31,-45,-2,-34,26,-8,35]"
CSI_DATA,56459,d8:b1:90:d9:de:f0,-53,11,-99,-38,54,116,830768805,100,0,228,0,"[4,-19,2,-19,0,-19,-2,-19,-5,-18,-9,-16,-11,-15,105,-7,-17,-13,-19,-11,-20,-9,-22,-8,-22,-7,-23,-6,-23,-5,-22,-5,-21,-4,-19,-4,-15,-3,-10,-2,-4,-1,63,6,8,2,14,3,18,6,22,8,25,10,26,13,0,0,26,15,23,16,20,16,17,15,11,13,6,9,89,0,-5,0,-10,-6,-15,-13,-17,-17,-19,-21,-19,-25,-19,-27,-18,-28,-16,-28,-14,-27,-13,-26,-10,-25,-8,-21,-119,16,-3,-13,-1,-6,0,1,1,8,0,14,-2,18,-5,20,1,-3,-5,-6,-13,-1,-14,11,-3,21,14,19,25,4,5,-29,3,-23,-14,-18,-21,-2,-15,14,2,18,13,8,11,-4,1,-10,-9,-4,-8,9,6,16,20,6,22,-14,7,-30,-18,-27,-32,-6,-27,18,-6,30,15,25,23,6,0,0,6,-14,-2,-8,-2,-3,3,-3,3,-10,-6,-16,-19,-5,-26,6,-17,25,3,30,21,19,26,0,17,-15,3,-18,-6,-10,-6,-3,-3,-3,-4,-5,-10,-5,-19,3,-23,1,-2,33,23,31,43,9,42,-20,19,-42,-9,-41,-29,-22]"
CSI_DATA,56460,d8:b1:90:d9:de:f0,-53,11,-99,-40,55,116,830779255,100,0,228,0,"[-8,-16,-10,-15,-12,-13,-14,-10,-16,-8,-18,-4,-19,-1,99,-7,-19,5,-19,8,-19,10,-18,12,-18,14,-17,15,-16,16,-15,16,-14,16,-12,14,-10,11,-8,7,-5,2,59,6,2,-8,5,-12,8,-16,10,-20,12,-22,14,-23,0,0,16,-23,16,-21,16,-19,15,-16,13,-11,9,-5,122,0,2,7,-2,12,-8,17,-12,22,-15,24,-17,25,-18,26,-19,26,-19,26,-18,23,-18,22,-17,20,-16,16,68,15,-10,8,-7,4,-2,0,3,-5,8,-8,14,-9,17,-9,-3,-1,-8,1,-8,9,0,16,14,14,22,1,17,-16,-20,-22,-17,-16,-22,2,-12,16,4,18,15,8,13,-5,2,-11,-8,-5,-6,6,5,10,16,0,12,-16,-6,-24,-27,-16,-29,10,-13,28,11,29,27,13,25,-9,10,-21,0,0,-12,-8,-10,1,-5,1,-5,-1,-11,0,-13,10,0,21,11,23,25,11,27,-9,13,-24,-5,-23,-17,-12,-16,1,-9,8,-3,7,-3,5,-3,9,2,14,13,16,13,17,28,-16,12,-37,-17,-42,-41,-20,-44,10,-25,33,1,37]"
CSI_DATA,56461,d8:b1:90:d9:de:f0,-53,11,-99,-40,55,116,830789405,100,0,228,0,"[-8,-16,-10,-16,-11,-14,-13,-12,-15,-9,-17,-6,-18,-3,99,-7,-20,2,-20,5,-20,7,-20,9,-20,11,-20,12,-20,12,-19,13,-18,12,-15,9,-13,8,-9,4,-5,0,59,6,5,-7,9,-10,13,-13,16,-14,20,-16,22,-16,0,0,24,-14,24,-12,23,-10,20,-7,17,-4,11,0,-123,0,-2,7,-9,9,-15,11,-20,12,-25,12,-28,12,-30,11,-31,9,-31,8,-28,7,-28,6,-25,4,-22,3,-10,14,-14,-1,-6,-1,0,-2,6,-1,12,1,15,3,17,5,-2,-1,-7,0,-9,8,-1,17,12,15,22,3,19,-14,-17,-25,-14,-18,-22,-2,-15,14,0,18,13,11,14,-3,5,-11,-7,-7,-8,4,3,11,16,5,16,-12,1,-25,-20,-24,-30,0,-22,23,0,31,20,22,27,2,19,-15,0,0,-7,-13,-9,-4,-5,-1,-4,-4,-9,-6,-16,1,-10,18,-3,25,16,23,26,6,24,-13,9,-23,-7,-20,-14,-9,-12,1,-7,5,-5,3,-8,5,-8,12,1,19,-1,22,33,6,33,-18,15,-41,-15,-44,-40,-24,-42,6,-24,27]"
CSI_DATA,56462,d8:b1:90:d9:de:f0,-53,11,-99,-40,55,116,830808658,100,0,228,0,"[9,-16,7,-18,4,-18,-1,-18,-4,-17,-8,-15,-12,-14,99,-7,-18,-9,-20,-6,-21,-3,-22,-1,-23,2,-23,4,-22,5,-21,6,-20,7,-17,7,-14,6,-10,3,-4,0,59,6,4,-7,9,-10,11,-14,14,-16,16,-19,19,-20,0,0,18,-21,18,-20,17,-18,15,-15,13,-11,10,-6,130,0,2,7,-1,12,-4,19,-6,23,-8,26,-11,29,-11,30,-11,30,-10,30,-9,28,-8,27,-7,25,-6,22,-109,15,-5,12,-3,6,-1,-1,0,-7,2,-12,5,-16,6,-17,0,-2,-4,-5,-12,-1,-13,10,-1,20,15,16,24,1,1,-28,-3,-23,-18,-12,-20,5,-8,17,7,15,14,2,8,-9,-5,-9,-9,3,1,12,14,7,18,-10,3,-25,-20,-24,-30,1,-20,24,3,32,23,19,27,-3,15,-19,0,0,-11,-10,-10,0,-4,1,-5,-1,-10,0,-13,10,1,21,13,21,26,7,25,-14,8,-26,-11,-22,-20,-8,-16,6,-7,10,-1,8,0,6,0,9,7,12,18,7,19,9,16,-29,-8,-38,-36,-24,-46,6,-29,34,1,43,25,26]"
CSI_DATA,56463,d8:b1:90:d9:de:f0,-53,11,-99,-38,54,116,830818645,100,0,228,0,"[-7,17,-6,19,-3,18,1,18,5,17,9,15,14,14,105,-7,19,8,20,6,21,3,23,1,25,-1,23,-4,23,-4,22,-6,21,-6,18,-5,15,-5,10,-3,5,0,63,6,-5,7,-10,10,-14,13,-18,15,-20,16,-22,18,0,0,-23,19,-23,17,-21,15,-19,13,-16,8,-11,4,133,16,0,-7,5,-11,9,-17,14,-21,17,-23,19,-25,20,-26,21,-27,20,-26,19,-25,18,-23,17,-21,15,-18,-111,0,9,-9,5,-4,1,2,-3,7,-7,10,-11,14,-14,13,0,3,5,5,13,1,13,-11,1,-21,-16,-17,-25,0,-1,30,2,23,18,15,21,-4,8,-17,-6,-16,-15,-3,-8,8,4,8,8,-2,0,-11,-14,-7,-19,9,-5,26,17,27,32,3,25,-22,1,-34,-21,-23,-29,0,-18,17,0,0,9,11,10,2,5,0,5,3,10,3,16,-7,4,-21,-7,-26,-25,-15,-30,6,-16,25,4,27,17,14,19,0,10,-8,4,-8,2,-6,3,-8,-2,-14,-15,-14,-15,-16,-27,21,-7,40,23,39,46,14,42,-19,18,-41,-10,-37]"
CSI_DATA,56464,d8:b1:90:d9:de:f0,-53,11,-99,-38,54,116,830828982,100,0,228,0,"[-5,18,-4,19,-1,19,3,18,7,17,10,15,14,11,105,-7,18,8,20,6,22,4,23,2,25,0,25,-1,25,-2,23,-3,22,-4,19,-3,16,-3,10,-1,4,1,63,6,-7,5,-11,7,-17,8,-21,8,-25,9,-28,9,0,0,-28,8,-29,7,-27,6,-22,3,-18,1,-11,-2,129,16,3,-6,10,-8,18,-9,22,-10,27,-11,30,-10,31,-9,32,-9,32,-9,30,-7,29,-7,27,-5,23,-4,15,1,14,-1,6,1,0,2,-7,3,-13,2,-17,1,-19,-2,0,3,6,5,13,0,11,-13,-1,-21,-17,-16,-25,0,0,30,2,25,18,14,21,-4,9,-17,-6,-16,-15,-4,-9,8,3,9,8,0,2,-11,-13,-9,-21,5,-10,25,11,30,30,10,30,-15,9,-31,-14,-29,-27,-9,-23,10,0,0,4,15,8,5,4,2,3,4,8,7,17,1,13,-17,5,-27,-14,-26,-29,-9,-27,11,-10,25,6,21,15,10,13,-1,7,-4,5,-3,7,-5,7,-11,-2,-20,0,-21,-34,-3,-33,23,-9,44,21,42,44,17,42,-14,20,-32]"
CSI_DATA,56465,d8:b1:90:d9:de:f0,-53,11,-99,-39,55,116,830848917,100,0,228,0,"[9,17,11,17,12,14,14,12,16,9,18,5,19,2,97,-7,20,-4,20,-7,20,-9,20,-11,20,-13,19,-13,19,-14,18,-15,16,-14,14,-12,12,-10,8,-7,4,-3,58,6,-5,6,-11,9,-14,12,-19,14,-20,15,-23,16,0,0,-25,15,-24,13,-23,11,-20,8,-16,5,-11,2,116,15,2,-5,9,-6,16,-9,22,-8,26,-9,29,-9,30,-9,31,-8,30,-7,29,-6,28,-5,25,-4,22,-2,8,1,12,0,6,0,0,0,-6,-1,-13,-3,-16,-6,-18,-9,2,3,8,1,10,-8,2,-18,-13,-16,-23,-3,-19,15,17,23,16,18,22,0,15,-15,-1,-19,-15,-11,-15,4,-4,12,8,7,9,-5,-3,-12,-16,-4,-17,13,-1,25,20,22,31,-1,22,-23,-1,-32,-22,-22,-28,0,-17,16,0,0,9,12,9,2,4,-1,1,4,8,7,16,1,12,-15,4,-25,-15,-24,-28,-7,-25,12,-9,24,7,20,15,8,12,-2,6,-5,4,-3,6,-3,8,-9,2,-19,5,-22,-30,-9,-35,15,-19,38,10,43,35,26,42,-2,27,-24]"
CSI_DATA,56466,d8:b1:90:d9:de:f0,-53,11,-99,-40,55,116,830868641,100,0,228,0,"[0,-18,-2,-19,-5,-18,-8,-16,-11,-13,-14,-10,-16,-7,99,-7,-19,-2,-20,1,-21,4,-21,7,-21,9,-21,11,-20,12,-19,13,-17,13,-15,11,-11,9,-8,6,-5,2,59,6,2,-8,6,-12,9,-15,12,-19,14,-21,15,-23,0,0,16,-23,16,-22,16,-20,14,-16,12,-12,9,-6,121,0,2,7,-1,13,-5,19,-8,22,-10,26,-12,28,-12,29,-13,29,-13,29,-12,27,-12,26,-11,23,-10,20,-118,15,-6,12,-4,6,-2,0,2,-5,4,-11,8,-14,11,-15,-1,-3,-7,-3,-12,5,-6,15,7,18,21,9,22,-9,-10,-27,-11,-21,-22,-6,-17,11,-2,19,12,12,14,-2,5,-11,-6,-7,-7,4,3,11,16,2,14,-15,-2,-25,-24,-20,-29,7,-16,28,9,30,26,15,26,-8,12,-21,0,0,-12,-8,-9,0,-5,2,-5,-2,-10,0,-13,10,1,20,13,21,26,8,25,-12,9,-26,-9,-23,-19,-9,-16,4,-8,10,-2,8,-1,7,0,8,5,12,17,10,17,13,21,-25,-2,-39,-29,-31,-46,-5,-37,27,-9,42,16,32]"
CSI_DATA,56467,d8:b1:90:d9:de:f0,-53,11,-99,-37,54,116,830878731,100,0,228,0,"[5,20,6,19,9,16,12,14,15,11,16,8,19,4,102,-7,21,-2,21,-5,21,-8,21,-11,20,-12,20,-14,19,-15,18,-16,15,-16,12,-14,10,-12,7,-8,3,-4,61,6,-5,6,-8,12,-12,15,-14,19,-16,22,-18,23,0,0,-19,24,-19,23,-18,21,-16,16,-13,12,-9,7,-130,15,-1,-4,5,-11,9,-14,14,-20,16,-23,19,-25,20,-26,20,-26,20,-26,20,-24,18,-23,16,-20,14,-16,-85,0,8,-9,5,-5,0,1,-5,5,-11,8,-15,10,-18,10,1,4,8,4,12,-6,5,-18,-10,-20,-23,-7,-22,12,13,26,14,21,24,2,16,-14,0,-21,-14,-11,-14,4,-4,12,7,7,8,-6,-4,-12,-16,-2,-15,15,3,27,25,18,31,-8,16,-29,-9,-31,-28,-14,-27,8,-11,22,0,0,13,7,9,-1,3,-2,3,3,10,3,15,-6,4,-20,-8,-25,-26,-13,-29,8,-14,26,5,26,19,13,18,-2,9,-9,2,-8,1,-5,3,-6,0,-12,-11,-15,-13,-19,-28,15,-13,38,16,42,41,21,44,-11,25,-34,-3,-37]"
CSI_DATA,56468,d8:b1:90:d9:de:f0,-53,11,-99,-40,55,116,830889174,100,0,228,0,"[-17,6,-17,7,-16,9,-13,11,-10,13,-7,15,-4,17,99,-7,2,19,4,19,6,20,8,20,10,21,11,20,11,20,11,19,11,18,10,16,7,13,5,9,1,4,59,6,-6,-6,-8,-10,-11,-15,-12,-18,-13,-22,-13,-24,0,0,-11,-26,-9,-26,-7,-24,-5,-22,-1,-17,1,-12,25,0,6,2,8,9,9,16,9,21,8,26,7,29,6,30,5,31,4,30,3,29,1,27,0,25,-1,22,-33,15,-3,12,-2,6,-2,-1,0,-7,2,-12,6,-16,8,-17,-3,2,-1,7,7,10,17,3,17,-11,5,-22,-12,-20,-24,12,-19,12,-4,22,12,17,18,2,12,-11,-1,-14,-10,-5,-7,6,4,8,11,-2,5,-14,-11,-17,-25,-3,-24,18,-3,30,20,24,31,4,23,-18,4,-27,-12,-20,0,0,-13,6,-5,8,-1,4,-4,3,-7,8,-1,16,16,12,25,6,25,-12,10,-27,-10,-26,-22,-12,-21,5,-11,13,-1,13,4,8,3,5,4,7,10,8,19,2,20,5,11,-30,-13,-36,-37,-21,-44,7,-28,32,-1,42,21,28]"
CSI_DATA,56469,d8:b1:90:d9:de:f0,-53,11,-99,-40,55,116,830900075,100,0,228,0,"[-14,-14,-15,-13,-15,-11,-16,-9,-17,-7,-18,-3,-18,-1,99,-7,-19,5,-20,6,-19,8,-20,10,-20,11,-20,11,-20,12,-19,11,-18,11,-16,9,-13,7,-9,4,-4,2,59,6,8,-3,13,-5,18,-5,21,-5,24,-4,27,-3,0,0,28,0,27,2,25,4,21,6,16,6,10,5,121,0,-5,2,-11,-2,-16,-5,-21,-9,-24,-12,-24,-15,-24,-18,-24,-20,-23,-20,-20,-21,-18,-21,-16,-19,-12,-18,118,15,-6,-11,-3,-6,0,1,1,6,1,12,0,16,-3,18,-2,-2,-8,1,-8,10,2,17,15,14,23,0,17,-16,-19,-22,-16,-17,-22,0,-15,15,0,19,14,11,14,-3,5,-12,-7,-9,-10,3,0,13,13,8,19,-8,9,-23,-11,-26,-29,-9,-29,13,-12,29,11,29,24,12,23,-7,0,0,-1,-14,-6,-6,-3,-1,1,-4,-1,-10,-12,-10,-18,3,-19,15,-6,27,14,25,25,10,23,-8,11,-18,-2,-17,-8,-9,-7,-3,-4,-2,-6,-4,-12,-2,-17,7,-21,7,5,31,28,25,43,3,37,-25,13,-42,-14,-39,-30,-19]"
CSI_DATA,56470,d8:b1:90:d9:de:f0,-53,11,-99,-38,54,116,830910119,100,0,228,0,"[6,-19,4,-19,2,-18,-1,-18,-5,-17,-9,-15,-11,-13,105,-7,-17,-9,-19,-8,-21,-6,-22,-4,-23,-4,-25,-2,-25,-1,-23,0,-21,0,-20,0,-16,0,-10,-1,-5,-1,63,6,8,-3,14,-4,18,-3,23,-3,27,-2,28,-1,0,0,31,0,30,2,27,3,23,4,18,5,10,5,-130,0,-4,5,-13,4,-19,3,-25,1,-29,-1,-31,-2,-32,-3,-33,-5,-32,-5,-31,-6,-28,-6,-26,-6,-22,-6,-16,15,-13,-5,-5,-4,0,-2,6,2,13,5,15,8,16,11,0,-3,-6,-6,-13,0,-13,13,-1,21,16,18,26,1,3,-29,0,-25,-17,-17,-21,1,-13,16,4,17,14,6,10,-6,-1,-10,-8,-1,-4,10,10,13,21,-1,16,-20,-3,-32,-28,-17,-33,7,-17,29,6,31,23,17,25,-3,0,0,-1,-16,-5,-7,-4,-3,-1,-5,-5,-9,-16,-7,-18,10,-15,22,3,29,23,19,29,-1,19,-18,2,-22,-8,-16,-13,-5,-8,1,-6,1,-7,2,-11,7,-7,18,-9,20,28,19,40,-4,31,-32,2,-47,-29,-37,-43,-10,-34,16]"
CSI_DATA,56471,d8:b1:90:d9:de:f0,-53,11,-99,-40,55,116,830928619,100,0,228,0,"[-6,18,-4,19,-1,18,2,18,6,17,9,15,13,13,99,-7,17,9,19,7,21,5,21,3,22,1,23,0,23,-1,22,-2,21,-3,18,-2,15,-2,10,0,5,1,59,6,-7,5,-13,6,-17,7,-20,8,-24,9,-26,8,0,0,-28,7,-27,6,-25,5,-22,2,-17,1,-11,-2,109,15,2,-6,9,-7,16,-8,21,-9,26,-9,29,-9,30,-9,30,-8,30,-8,28,-7,27,-6,25,-5,22,-4,13,1,13,-1,8,0,1,1,-5,1,-11,1,-16,0,-18,-2,1,3,6,5,13,-1,12,-12,0,-20,-16,-16,-24,0,-2,29,2,24,17,14,20,-3,10,-16,-6,-17,-14,-5,-9,7,2,9,9,0,3,-11,-12,-11,-20,4,-11,22,9,29,28,12,29,-13,11,-29,-12,-27,-25,-9,-22,9,0,0,4,14,8,6,5,2,2,4,7,7,16,2,13,-15,7,-24,-12,-24,-26,-10,-26,10,-11,22,6,20,14,9,13,0,8,-4,5,-4,7,-5,6,-11,-1,-19,1,-21,-32,-3,-31,22,-10,43,20,41,42,17,41,-12,20,-30]"
CSI_DATA,56472,d8:b1:90:d9:de:f0,-53,11,-99,-37,54,116,830938787,100,0,228,0,"[-18,9,-16,10,-14,11,-11,14,-8,15,-5,18,-1,19,102,-7,5,20,7,20,10,20,11,20,13,20,15,19,15,19,15,18,15,16,13,14,10,11,7,8,2,5,61,6,-7,-4,-11,-8,-14,-12,-18,-15,-19,-20,-20,-22,0,0,-19,-24,-18,-23,-14,-23,-11,-21,-7,-16,-2,-12,-30,15,6,0,10,6,13,13,15,20,16,23,16,26,15,28,15,29,15,29,12,28,11,27,9,25,7,22,94,0,2,13,1,7,-1,1,-3,-6,-2,-11,-1,-18,1,-20,-2,3,0,8,10,9,18,0,16,-14,1,-24,-16,-19,-24,19,-18,16,0,24,16,14,20,-2,9,-15,-4,-14,-11,-4,-6,7,6,8,10,-4,2,-15,-15,-15,-27,2,-21,24,5,32,27,20,32,-5,20,-25,-3,-28,-19,-15,0,0,-11,10,-2,9,0,5,-3,4,-4,10,4,16,20,7,27,-2,21,-20,1,-30,-18,-23,-26,-5,-20,11,-6,18,3,13,6,7,4,4,6,6,12,4,20,-5,21,-4,0,-33,-27,-29,-45,-6,-40,24,-14,44,14,42,32,20]"
CSI_DATA,56473,d8:b1:90:d9:de:f0,-53,11,-99,-40,55,116,830950617,100,0,228,0,"[11,15,13,14,14,12,15,9,16,6,17,2,17,-1,99,-7,17,-8,17,-10,17,-12,16,-15,16,-16,15,-17,15,-17,14,-18,13,-17,11,-14,9,-12,6,-7,4,-2,59,6,-3,8,-6,12,-9,16,-12,18,-14,21,-16,22,0,0,-19,21,-19,20,-19,18,-17,14,-15,10,-11,4,116,15,-1,-6,4,-11,10,-15,14,-18,18,-19,22,-20,23,-20,25,-19,25,-18,23,-17,23,-15,21,-13,19,-11,-14,0,12,-5,7,-2,1,2,-5,4,-11,4,-15,3,-18,2,3,2,7,-2,7,-10,-3,-17,-16,-13,-22,3,-15,19,20,19,19,14,22,-4,11,-18,-5,-18,-15,-7,-13,6,-2,12,8,5,7,-6,-6,-10,-15,0,-12,17,6,23,26,16,29,-10,14,-28,-10,-30,-26,-14,-26,7,-12,20,0,0,11,9,9,1,4,-1,4,2,10,2,15,-6,4,-19,-6,-24,-23,-16,-28,3,-18,21,0,25,14,17,17,3,12,-6,5,-7,3,-6,4,-7,1,-13,-8,-17,-6,-19,-31,7,-23,30,2,43,30,33,44,6,36,-21,12,-33]"
CSI_DATA,56474,d8:b1:90:d9:de:f0,-53,11,-99,-38,54,116,830961382,100,0,228,0,"[-17,9,-17,10,-15,13,-10,15,-7,16,-3,18,1,18,105,-7,8,18,11,17,14,17,16,16,18,15,20,14,20,13,20,10,19,9,18,8,14,6,9,5,4,3,63,6,-8,-1,-14,-2,-19,-3,-22,-4,-27,-5,-29,-5,0,0,-29,-7,-28,-7,-26,-8,-22,-7,-17,-7,-10,-7,-117,16,4,-4,11,-3,19,-1,25,0,28,1,31,2,32,3,32,2,33,3,30,3,29,3,27,4,22,3,2,1,13,3,7,2,0,1,-6,1,-11,-1,-17,-4,-18,-7,-2,2,1,8,10,9,18,-1,15,-16,-1,-25,-18,-17,-20,21,-15,20,5,23,19,10,19,-6,5,-17,-8,-13,-11,0,-3,9,8,5,8,-7,-3,-16,-20,-7,-23,14,-7,31,19,26,33,3,26,-20,3,-31,-18,-22,-25,-2,0,0,-3,15,4,8,3,3,0,5,3,10,15,9,19,-9,17,-21,-1,-29,-21,-21,-30,0,-19,17,-2,22,10,15,13,4,9,-2,6,-2,8,-3,9,-9,4,-19,6,-20,-31,-13,-38,13,-22,39,9,46,38,28,44,-2,28,-26]"
CSI_DATA,56475,d8:b1:90:d9:de:f0,-53,11,-99,-38,54,116,830979127,100,0,228,0,"[-19,0,-20,1,-19,4,-17,6,-15,9,-13,13,-10,15,105,-7,-5,20,-3,20,0,21,1,23,3,23,4,23,5,23,5,22,5,21,5,19,4,15,2,10,0,4,63,6,-4,-7,-6,-13,-6,-18,-7,-22,-7,-26,-7,-28,0,0,-4,-29,-4,-29,-2,-27,0,-23,2,-18,4,-13,34,0,5,3,6,10,5,18,4,23,3,28,2,30,1,32,0,33,-1,32,-2,31,-3,29,-3,27,-4,23,-30,16,-4,14,-3,6,-2,0,0,-6,3,-11,7,-15,10,-16,-3,1,-3,7,3,13,16,8,21,-4,13,-20,-5,-25,-29,5,-23,6,-10,20,7,21,19,8,15,-8,3,-15,-8,-9,-9,3,1,9,11,2,9,-13,-6,-20,-23,-9,-29,10,-10,30,14,31,31,10,29,-13,10,-27,-8,-22,0,0,-14,3,-6,7,-2,4,-4,1,-8,6,-5,16,13,15,25,11,29,-7,16,-26,-5,-29,-21,-17,-23,1,-14,13,-3,14,2,8,2,6,3,7,8,9,19,4,20,7,15,-29,-8,-39,-35,-27,-46,2,-33,31,-6,43,19,32]"
CSI_DATA,56476,d8:b1:90:d9:de:f0,-53,11,-99,-39,55,116,830998780,100,0,228,0,"[12,-14,10,-16,8,-16,4,-17,-1,-18,-5,-16,-9,-15,97,-7,-15,-12,-18,-10,-20,-7,-21,-5,-22,-3,-23,-1,-23,1,-22,2,-21,3,-18,3,-15,3,-10,2,-5,0,58,6,7,-5,12,-8,17,-9,20,-11,23,-13,24,-14,0,0,25,-14,25,-14,23,-12,20,-10,17,-7,12,-3,-109,0,0,6,-5,10,-10,14,-15,18,-18,20,-20,22,-21,23,-21,24,-21,23,-20,22,-18,21,-17,19,-15,16,102,15,-10,9,-6,5,-2,0,3,-5,7,-9,12,-11,15,-12,1,-4,-4,-7,-13,-4,-15,8,-6,20,11,20,24,6,8,-27,3,-24,-15,-17,-21,0,-12,15,4,17,14,6,10,-7,-2,-9,-9,0,-3,11,12,10,20,-6,10,-23,-12,-28,-30,-8,-27,17,-6,32,17,25,26,4,19,-14,0,0,-8,-13,-9,-4,-5,0,-3,-4,-9,-5,-16,3,-6,19,4,26,22,18,29,-3,19,-21,0,-26,-15,-15,-17,-1,-11,8,-4,8,-2,7,-2,8,2,13,13,14,13,16,26,-18,9,-38,-20,-37,-42,-15,-41,17,-19,38,8,35]"
CSI_DATA,56477,d8:b1:90:d9:de:f0,-53,11,-99,-37,54,116,831008774,100,0,228,0,"[-8,-16,-10,-16,-13,-14,-14,-10,-16,-6,-18,-2,-19,2,102,-7,-18,9,-16,11,-15,14,-14,16,-13,20,-11,21,-10,21,-9,22,-8,21,-6,19,-5,14,-3,9,-2,3,61,6,0,-8,2,-14,2,-20,3,-23,4,-26,5,-30,0,0,4,-30,6,-29,6,-27,6,-23,5,-18,6,-11,80,0,5,3,4,10,3,18,3,24,2,28,0,30,0,33,0,32,0,32,0,30,0,29,0,27,-1,23,-23,15,-2,12,-1,8,-1,0,-1,-7,0,-11,2,-18,4,-19,-2,-3,-8,0,-9,10,0,19,16,14,24,-2,16,-20,-21,-21,-21,-13,-23,6,-10,19,7,19,18,5,12,-8,0,-12,-9,-3,-5,8,8,8,15,-4,6,-21,-14,-22,-30,-5,-24,21,-1,33,23,24,32,1,21,-20,1,-25,0,0,-14,-2,-8,5,-3,3,-5,1,-10,3,-8,14,10,19,23,15,29,-4,20,-24,-2,-29,-20,-19,-24,0,-14,12,-3,13,3,9,3,6,4,8,9,8,20,1,20,4,9,-31,-16,-36,-41,-18,-44,13,-24,40,7,43,29,24]"
CSI_DATA,56478,d8:b1:90:d9:de:f0,-53,11,-99,-37,54,116,831029066,100,0,228,0,"[-7,18,-6,19,-4,19,0,18,4,18,7,15,10,14,102,-7,16,10,18,10,20,8,22,7,23,6,24,5,24,4,24,3,22,2,20,2,15,2,10,2,4,1,61,6,-8,1,-13,0,-21,-1,-23,-2,-27,-4,-29,-5,0,0,-29,-7,-29,-9,-26,-9,-22,-10,-16,-9,-10,-8,-122,15,4,-4,11,-1,18,3,23,6,26,9,28,11,29,13,29,14,28,15,26,15,24,14,22,13,19,13,-51,0,10,9,5,6,-1,1,-5,-4,-9,-8,-10,-14,-9,-16,0,4,6,7,14,2,14,-11,3,-23,-14,-20,-26,-4,-7,28,-3,25,15,18,22,1,14,-14,-1,-18,-12,-9,-11,4,-1,9,8,3,6,-9,-7,-13,-22,-2,-19,18,-2,31,23,22,33,-1,23,-24,0,-32,-20,-21,-25,-1,0,0,-3,15,4,8,2,3,-1,5,1,10,12,11,20,-5,21,-16,5,-29,-16,-26,-28,-8,-24,11,-9,22,5,19,11,9,9,2,6,0,8,0,12,-3,12,-15,15,-13,-20,-26,-39,-9,-40,20,-19,42,12,44,36,26,38,-2]"
CSI_DATA,56479,d8:b1:90:d9:de:f0,-53,11,-99,-39,55,116,831048816,100,0,228,0,"[11,15,13,15,15,12,16,8,17,5,18,0,18,-4,97,-7,16,-12,14,-14,13,-16,12,-19,10,-20,8,-21,7,-22,5,-22,4,-21,3,-18,2,-15,2,-10,1,-4,58,6,2,8,2,14,3,19,3,23,3,26,3,28,0,0,4,29,3,29,2,27,2,23,0,18,-2,13,-35,15,-5,-2,-7,-8,-9,-15,-10,-20,-10,-24,-11,-27,-12,-29,-12,-29,-11,-29,-11,-27,-11,-26,-9,-23,-9,-21,-84,15,-4,-13,-2,-7,1,-1,3,5,4,11,4,15,4,18,3,2,8,-1,7,-11,-3,-17,-18,-12,-22,5,-13,22,24,16,22,10,22,-9,6,-21,-10,-16,-17,-2,-10,11,3,12,10,1,3,-9,-10,-6,-14,8,-2,21,18,17,31,-1,17,-25,-6,-31,-27,-17,-29,7,-14,23,5,23,0,0,14,-3,7,-7,2,-4,4,-2,8,-6,3,-17,-14,-13,-24,-7,-26,13,-9,28,12,26,24,11,21,-8,9,-16,-3,-14,-6,-7,-5,-4,-6,-5,-12,-3,-18,6,-20,4,4,32,29,25,43,-1,33,-30,5,-44,-24,-34,-35,-9]"
CSI_DATA,56480,d8:b1:90:d9:de:f0,-53,11,-99,-40,55,116,831070323,100,0,228,0,"[10,16,11,15,13,13,15,9,16,6,17,1,17,-2,99,-7,16,-9,15,-12,15,-15,13,-17,12,-18,11,-20,9,-20,8,-20,7,-20,5,-17,4,-14,3,-9,2,-4,59,6,0,8,1,13,0,18,0,23,0,26,-1,28,0,0,-1,29,-2,28,-2,26,-3,22,-3,18,-4,12,-75,15,-5,-2,-6,-10,-5,-16,-5,-22,-5,-26,-5,-28,-5,-30,-5,-30,-5,-30,-5,-28,-5,-27,-4,-24,-4,-22,1,0,-2,-13,0,-7,1,-2,2,5,2,11,1,15,-1,18,3,3,9,-1,8,-10,-2,-17,-16,-13,-23,3,-14,20,22,18,21,12,22,-7,8,-19,-8,-18,-17,-4,-12,9,1,12,10,2,4,-8,-8,-7,-14,6,-4,20,15,19,29,4,21,-22,-2,-31,-24,-20,-29,3,-17,20,3,23,0,0,14,0,7,-6,2,-4,4,-1,9,-5,6,-15,-11,-15,-22,-12,-27,8,-15,25,6,27,21,14,22,-3,12,-13,1,-13,-4,-8,-4,-5,-5,-6,-11,-6,-18,1,-20,-1,-3,31,22,30,42,9,39,-21,15,-42,-14,-39,-31,-17]"
CSI_DATA,56481,d8:b1:90:d9:de:f0,-53,11,-99,-37,54,116,831088626,100,0,228,0,"[19,4,20,3,20,0,18,-2,18,-5,15,-9,13,-12,102,-7,10,-16,8,-19,7,-21,5,-22,4,-23,3,-24,2,-24,2,-23,1,-22,1,-20,1,-15,1,-10,2,-4,61,6,1,9,1,14,-1,20,-2,24,-3,27,-5,29,0,0,-7,30,-9,29,-10,26,-10,22,-10,16,-9,10,-94,15,-3,-4,-1,-11,4,-18,7,-23,10,-26,12,-27,15,-28,15,-28,18,-27,18,-25,18,-23,16,-22,15,-18,-95,0,10,-9,6,-5,2,0,-4,5,-9,8,-14,8,-18,7,4,0,6,-6,-1,-13,-13,-12,-22,0,-18,16,-1,26,30,3,25,0,16,-18,-1,-23,-16,-13,-18,3,-7,13,5,11,10,0,2,-9,-9,-6,-13,8,-2,22,19,19,31,1,21,-24,-2,-33,-25,-22,-31,0,-21,20,-1,25,0,0,15,3,8,-4,3,-3,5,1,10,-2,11,-12,-5,-20,-16,-22,-29,-6,-27,14,-9,28,10,25,21,11,19,-4,10,-10,3,-8,1,-7,1,-8,-3,-12,-14,-13,-12,-16,-28,16,-12,38,14,42,40,24,46,-7,30,-31,3,-38]"
CSI_DATA,56482,d8:b1:90:d9:de:f0,-53,11,-99,-38,54,116,831098654,100,0,228,0,"[19,6,20,4,20,1,19,-2,16,-6,15,-10,11,-14,105,-7,5,-19,3,-20,1,-22,-2,-22,-4,-22,-6,-22,-7,-22,-9,-22,-9,-20,-8,-17,-7,-14,-4,-8,-1,-4,63,6,5,6,10,10,13,15,17,18,19,19,21,21,0,0,21,22,20,21,18,21,15,19,11,16,5,11,102,0,-4,3,-10,-3,-15,-6,-20,-11,-25,-14,-27,-16,-28,-17,-28,-17,-27,-17,-26,-16,-25,-15,-22,-14,-20,-13,-5,15,-11,-8,-5,-5,0,-2,5,3,10,7,11,9,15,13,4,0,6,-6,-1,-14,-14,-13,-22,0,-17,18,2,26,29,-1,25,-5,11,-21,-8,-21,-19,-8,-15,9,-2,16,9,8,9,-4,-2,-9,-11,0,-6,15,10,18,26,3,25,-19,0,-33,-25,-22,-32,2,-20,25,3,29,19,16,0,0,10,-11,1,-9,-1,-4,3,-3,3,-10,-6,-15,-20,-1,-26,8,-14,27,8,29,26,15,27,-6,13,-20,-2,-19,-10,-9,-9,-2,-7,0,-8,0,-11,4,-10,16,-14,17,23,23,40,3,35,-27,8,-46,-23,-41,-41,-14,-35,14]"
CSI_DATA,56483,d8:b1:90:d9:de:f0,-53,11,-99,-39,55,116,831109338,100,0,228,0,"[-12,15,-11,16,-9,16,-5,17,-2,17,2,17,6,17,97,-7,12,15,14,14,17,13,19,11,20,10,21,9,22,9,21,7,20,6,18,6,14,4,10,4,4,2,58,6,-8,-1,-14,-2,-19,-4,-23,-5,-27,-6,-27,-8,0,0,-28,-9,-27,-11,-25,-11,-22,-11,-16,-9,-10,-8,-110,15,4,-4,11,0,16,3,22,6,25,9,28,11,28,11,29,13,28,13,27,13,25,12,23,13,20,12,-32,0,11,8,6,6,1,2,-5,-3,-8,-8,-11,-12,-12,-15,-2,4,4,8,13,5,17,-6,9,-20,-8,-22,-23,-10,-14,25,-9,22,10,21,21,6,18,-11,2,-18,-10,-11,-12,2,-2,9,8,4,8,-8,-5,-15,-20,-6,-21,14,-7,29,19,25,32,3,25,-20,3,-30,-17,-21,-23,-3,0,0,-4,14,3,9,3,3,-1,5,2,11,12,12,19,-4,21,-16,5,-28,-15,-26,-28,-8,-23,12,-8,21,5,17,12,8,10,1,7,0,7,-1,12,-5,11,-15,15,-15,-21,-23,-38,-6,-36,24,-13,43,17,41,38,20,36,-7]"
CSI_DATA,56484,d8:b1:90:d9:de:f0,-53,11,-99,-39,55,116,831128826,100,0,228,0,"[19,-4,19,-5,18,-7,15,-9,13,-12,10,-14,8,-16,97,-7,2,-19,0,-20,-2,-21,-4,-21,-6,-22,-7,-22,-8,-22,-8,-21,-8,-20,-7,-17,-6,-14,-4,-9,-1,-4,58,6,4,7,6,13,8,17,9,21,9,25,9,28,0,0,7,29,6,29,4,27,2,24,-1,19,-2,13,-37,15,-5,-2,-6,-9,-5,-16,-5,-22,-3,-26,-2,-29,-1,-31,0,-31,1,-31,2,-29,3,-28,3,-26,4,-22,62,0,4,-13,3,-7,1,-1,-1,6,-5,10,-8,14,-11,15,4,-1,3,-8,-6,-12,-17,-6,-20,8,-9,22,9,23,28,-8,23,-10,8,-22,-10,-19,-19,-5,-14,10,-1,15,10,8,9,-4,-1,-9,-11,-1,-8,13,8,19,24,8,28,-12,8,-30,-16,-28,-31,-8,-27,15,-8,26,10,22,0,0,14,-5,6,-7,1,-4,4,-2,9,-6,5,-16,-12,-14,-24,-11,-28,8,-15,25,5,28,21,16,23,-1,14,-12,3,-14,-2,-9,-3,-6,-3,-7,-9,-9,-18,-4,-19,-8,-15,28,7,37,34,27,45,-1,34,-29,8,-41,-17,-33]"
CSI_DATA,56485,d8:b1:90:d9:de:f0,-53,11,-99,-40,55,116,831139053,100,0,228,0,"[-10,-15,-11,-15,-14,-13,-15,-9,-17,-5,-17,-1,-17,3,99,-7,-16,10,-15,13,-13,15,-13,17,-11,19,-9,21,-8,21,-7,21,-5,20,-4,18,-3,15,-2,10,-1,4,59,6,0,-8,-1,-14,-1,-19,-1,-22,-1,-26,-1,-28,0,0,-1,-29,-1,-28,0,-27,1,-23,2,-18,3,-13,47,0,5,2,6,9,6,15,8,21,8,25,8,27,8,29,8,29,9,30,8,27,8,27,7,25,6,21,63,0,3,13,2,8,0,1,-3,-6,-3,-11,-2,-16,-1,-18,-3,-3,-9,1,-8,11,2,17,17,13,23,-3,14,-20,-23,-18,-21,-12,-22,8,-8,20,9,17,17,3,11,-10,-2,-12,-9,-2,-4,8,8,7,13,-6,4,-20,-17,-18,-30,-1,-19,23,3,31,25,19,30,-4,15,-22,-3,-23,0,0,-14,1,-6,7,-1,3,-4,1,-9,5,-5,16,13,14,24,10,26,-9,12,-26,-9,-27,-22,-12,-21,5,-10,15,0,14,5,9,5,4,6,6,11,5,18,-3,20,-2,-1,-31,-25,-27,-43,-5,-36,26,-10,43,19,38,33,14]"
CSI_DATA,56486,d8:b1:90:d9:de:f0,-53,11,-99,-37,54,116,831149182,100,0,228,0,"[-19,8,-18,9,-16,11,-12,14,-9,15,-5,18,-1,18,102,-7,6,20,9,19,11,19,14,18,15,18,18,16,19,15,19,14,19,12,16,10,13,8,9,6,4,3,61,6,-8,-3,-14,-4,-18,-9,-23,-10,-25,-12,-27,-13,0,0,-28,-15,-26,-15,-24,-15,-21,-13,-15,-11,-9,-10,-116,15,4,-3,11,1,16,4,22,7,26,11,28,12,29,13,29,14,29,14,28,13,27,13,24,12,21,11,-7,0,12,7,6,5,0,1,-5,-3,-10,-7,-12,-10,-12,-13,-3,2,-1,9,9,10,19,1,18,-14,2,-25,-18,-19,-23,19,-18,19,2,24,18,13,21,-3,8,-15,-6,-14,-12,-2,-6,8,6,7,11,-5,-1,-16,-19,-11,-25,8,-14,28,13,30,32,10,29,-15,10,-31,-12,-26,-23,-8,0,0,-5,14,3,9,2,3,-1,4,0,10,10,13,20,-2,24,-13,8,-29,-13,-27,-28,-10,-26,10,-10,22,4,19,12,9,10,1,7,0,8,0,12,-5,10,-15,14,-16,-23,-23,-40,-3,-37,27,-10,46,22,42,41,16,37,-11]"
CSI_DATA,56487,d8:b1:90:d9:de:f0,-47,11,-99,-34,48,116,831169207,100,0,114,0,"[-27,40,-32,42,-36,40,-38,42,-40,42,-40,40,-38,38,-38,36,-34,34,-32,34,-29,32,-29,34,-27,36,-27,38,-27,40,-25,42,-25,44,-27,46,-27,50,-25,50,-25,52,-23,54,-21,54,-19,54,-19,52,-17,54,-15,52,-15,52,0,0,-13,52,-13,54,-11,54,-11,56,-9,58,-11,60,-7,60,-7,60,-5,58,-3,58,-1,56,0,54,1,52,3,50,3,50,3,48,7,48,9,48,9,52,11,52,13,56,13,60,15,63,17,67,15,67,13,67,7,67,3,62]"
CSI_DATA,56488,d8:b1:90:d9:de:f0,-46,11,-99,-36,48,116,831188845,100,0,114,0,"[-51,0,-55,-4,-59,-6,-59,-8,-59,-12,-57,-10,-57,-14,-53,-12,-51,-8,-49,-10,-45,-10,-47,-10,-47,-8,-49,-8,-51,-8,-53,-6,-51,-4,-53,-6,-55,-4,-57,-4,-59,-4,-61,0,-61,0,-61,0,-59,-2,-57,-2,-57,0,-59,0,0,0,-59,2,-59,0,-61,0,-61,2,-63,2,-63,2,-65,2,-65,2,-65,2,-63,4,-59,6,-59,4,-55,6,-53,6,-53,8,-53,8,-53,10,-53,12,-55,14,-59,14,-61,16,-65,14,-71,16,-73,12,-75,10,-73,6,-73,2,-67,-2]"
CSI_DATA,56489,d8:b1:90:d9:de:f0,-46,11,-99,-32,47,116,831198924,100,0,114,0,"[14,49,12,55,8,59,6,61,2,61,0,59,-2,59,-2,55,-4,51,-4,49,-4,47,-4,47,-2,49,-2,49,-2,51,0,53,0,53,-2,55,-4,57,0,59,0,59,-2,59,-2,59,-4,63,-2,59,-2,57,-4,59,-4,59,0,0,-4,59,-6,59,-6,61,-6,61,-8,61,-8,63,-10,65,-10,65,-10,65,-8,63,-6,61,-8,59,-6,55,-6,55,-6,53,-6,53,-4,53,-4,55,-4,55,-8,59,-6,63,-10,67,-10,71,-14,73,-16,73,-22,71,-26,67,-28,61]"
CSI_DATA,56490,d8:b1:90:d9:de:f0,-46,11,-99,-36,48,116,831219119,100,0,114,0,"[2,49,0,55,-2,57,-4,59,-6,61,-6,59,-8,57,-8,55,-6,51,-6,49,-4,47,-2,47,-2,47,0,47,2,49,6,51,6,53,8,55,10,57,12,57,12,61,14,63,14,59,16,59,16,55,18,57,18,55,16,55,0,0,22,53,22,53,24,57,24,53,26,57,28,59,30,57,28,57,30,55,30,53,32,51,32,49,32,45,32,43,32,41,34,41,34,36,39,39,41,39,43,41,47,43,49,45,51,47,55,51,53,51,51,55,47,53,41,55]"
CSI_DATA,56491,d8:b1:90:d9:de:f0,-47,11,-99,-34,48,116,831238635,100,0,114,0,"[-46,9,-52,7,-54,7,-56,3,-58,1,-58,-1,-52,-1,-54,-1,-50,-1,-46,-1,-44,0,-44,0,-46,1,-46,3,-48,3,-48,5,-50,5,-52,7,-56,7,-56,9,-58,9,-60,9,-56,9,-56,11,-54,9,-56,11,-54,11,-54,11,0,0,-52,11,-52,13,-56,13,-56,15,-60,15,-60,15,-60,13,-60,15,-58,17,-56,17,-56,19,-52,19,-48,19,-48,19,-46,19,-46,21,-44,21,-46,23,-48,25,-50,25,-54,27,-56,29,-58,29,-63,31,-63,27,-65,25,-65,19,-62,15]"
CSI_DATA,56492,d8:b1:90:d9:de:f0,-46,11,-99,-34,48,116,831248748,100,0,114,0,"[3,46,0,52,-5,56,-7,56,-11,58,-15,56,-15,54,-15,48,-13,48,-13,46,-15,44,-11,44,-13,42,-11,44,-11,46,-13,50,-11,50,-15,52,-15,54,-15,56,-15,56,-13,56,-13,58,-15,58,-13,54,-13,52,-13,54,-15,54,0,0,-15,52,-19,52,-19,54,-19,56,-19,56,-19,58,-19,60,-21,60,-23,58,-19,58,-19,56,-17,54,-17,52,-17,50,-17,48,-15,48,-15,48,-13,48,-15,52,-15,54,-17,58,-21,62,-21,63,-27,63,-31,65,-34,62,-38,56,-38,50]"
CSI_DATA,56493,d8:b1:90:d9:de:f0,-46,11,-99,-32,47,116,831268644,100,0,114,0,"[30,-39,36,-41,41,-41,43,-41,45,-39,43,-41,41,-39,41,-36,36,-36,36,-36,32,-34,32,-36,28,-36,28,-39,26,-43,26,-43,26,-47,26,-49,24,-51,24,-55,24,-57,22,-59,18,-57,18,-59,16,-57,14,-57,14,-57,12,-59,0,0,8,-55,8,-55,6,-59,6,-61,4,-65,4,-63,0,-65,2,-65,0,-63,-4,-61,-6,-61,-6,-59,-10,-55,-10,-53,-10,-51,-14,-51,-16,-49,-18,-51,-20,-51,-24,-53,-26,-55,-26,-59,-30,-61,-32,-69,-30,-69,-28,-69,-22,-69,-18,-63]"
CSI_DATA,56494,d8:b1:90:d9:de:f0,-46,11,-99,-33,47,116,831278827,100,0,114,0,"[10,-50,14,-54,19,-57,21,-59,23,-57,23,-57,23,-52,25,-50,21,-48,19,-46,16,-44,16,-44,16,-44,14,-46,14,-50,14,-50,12,-52,12,-52,12,-57,12,-57,10,-61,8,-63,8,-61,6,-61,8,-59,8,-59,6,-57,6,-59,0,0,6,-59,6,-57,6,-61,4,-61,4,-65,4,-65,2,-65,4,-67,2,-65,0,-63,0,-65,-2,-61,-4,-59,-6,-57,-4,-54,-6,-54,-8,-52,-10,-54,-12,-57,-12,-61,-14,-61,-14,-65,-14,-69,-12,-76,-10,-76,-8,-78,-2,-73,2,-67]"
CSI_DATA,56495,d8:b1:90:d9:de:f0,-46,11,-99,-33,47,116,831298873,100,0,114,0,"[33,-38,40,-40,44,-40,48,-38,48,-33,52,-31,50,-27,48,-25,46,-25,46,-23,44,-23,42,-21,44,-21,42,-23,44,-23,46,-23,48,-25,50,-25,54,-27,54,-27,57,-27,57,-27,57,-27,57,-27,52,-23,54,-23,54,-21,54,-23,0,0,57,-23,57,-19,61,-19,61,-19,63,-19,63,-19,65,-19,63,-19,63,-16,61,-16,61,-14,59,-14,54,-14,54,-14,50,-12,54,-12,50,-12,54,-14,57,-14,59,-14,61,-16,67,-12,67,-12,76,-10,78,-4,80,0,73,6,67,10]"
CSI_DATA,56496,d8:b1:90:d9:de:f0,-53,11,-99,-40,55,116,831318892,100,0,228,0,"[-14,-12,-15,-11,-16,-9,-16,-6,-17,-2,-17,2,-17,5,99,-7,-16,11,-16,12,-15,15,-15,16,-14,17,-13,19,-12,19,-11,19,-11,18,-9,16,-7,12,-5,8,-2,2,59,6,4,-8,7,-13,10,-16,13,-19,16,-21,19,-22,0,0,21,-22,21,-20,20,-18,19,-14,16,-9,12,-5,-97,0,0,4,-5,9,-12,12,-16,14,-21,15,-24,16,-26,16,-27,15,-27,14,-26,12,-25,11,-24,9,-22,7,-16,14,-13,3,-7,2,-1,0,6,-1,11,0,15,2,17,4,-4,-2,-8,3,-5,12,6,17,19,10,22,-7,12,-21,-24,-16,-21,-11,-22,8,-9,19,8,18,17,5,12,-8,0,-12,-9,-5,-6,7,6,10,15,0,12,-17,-7,-24,-26,-15,-29,11,-14,29,10,30,27,14,26,-7,12,-20,0,0,-11,-8,-9,0,-3,1,-3,-3,-9,-4,-17,4,-6,17,2,26,21,20,30,1,22,-19,4,-26,-12,-19,-18,-6,-13,5,-7,7,-3,5,-4,6,-3,11,3,17,1,21,30,1,30,-22,9,-42,-19,-40,-40,-18,-42,11,-22,29]"
CSI_DATA,56497,d8:b1:90:d9:de:f0,-53,11,-99,-40,55,116,831338797,100,0,228,0,"[-9,-16,-10,-16,-13,-14,-14,-10,-16,-7,-17,-3,-18,1,99,-7,-18,8,-17,10,-16,13,-15,15,-15,17,-13,18,-12,19,-11,19,-9,19,-7,16,-6,13,-4,9,-2,4,59,6,2,-8,3,-14,5,-19,6,-22,7,-26,8,-28,0,0,8,-29,8,-27,9,-25,8,-22,8,-17,7,-11,60,0,4,3,2,10,-1,16,-2,22,-4,26,-5,28,-6,30,-5,30,-5,31,-5,29,-5,28,-5,25,-4,22,-8,15,-3,13,-2,8,0,1,1,-5,4,-10,7,-14,9,-15,-3,-3,-9,0,-9,10,0,18,16,15,23,-1,16,-18,-21,-20,-19,-14,-22,6,-10,19,7,18,16,6,12,-8,0,-12,-9,-4,-6,8,7,9,15,-3,8,-19,-12,-22,-28,-9,-25,18,-4,32,19,25,30,4,21,-16,3,-23,0,0,-14,-3,-8,5,-2,2,-4,-1,-11,1,-11,13,5,18,18,18,29,1,22,-20,3,-29,-15,-21,-22,-4,-16,10,-5,13,2,10,3,6,2,7,7,9,17,5,19,9,15,-27,-8,-37,-33,-25,-44,4,-30,31,-3,43,21,29]"
CSI_DATA,56498,d8:b1:90:d9:de:f0,-53,11,-99,-38,54,116,831349737,100,0,228,0,"[19,-4,20,-5,18,-7,16,-9,14,-13,10,-15,8,-17,105,-7,2,-20,0,-21,-2,-22,-4,-22,-5,-23,-6,-23,-7,-22,-7,-22,-7,-20,-6,-18,-5,-14,-3,-9,-1,-3,63,6,4,8,6,15,6,20,7,25,7,28,6,30,0,0,4,31,2,31,1,29,-1,26,-2,20,-3,13,-34,16,-4,-3,-3,-10,-2,-17,0,-22,2,-28,2,-31,4,-32,5,-33,6,-31,7,-31,7,-29,8,-27,9,-22,85,0,6,-13,4,-6,1,0,-3,5,-8,8,-11,10,-15,11,4,-2,2,-8,-7,-13,-17,-6,-21,8,-9,22,9,25,29,-8,23,-9,8,-22,-10,-19,-20,-5,-15,10,-1,16,10,7,9,-4,-1,-9,-13,-2,-9,14,6,21,25,10,30,-9,10,-31,-14,-31,-32,-11,-30,13,-11,27,8,23,0,0,14,-3,6,-7,1,-3,5,0,10,-5,7,-16,-10,-17,-23,-16,-30,4,-20,25,1,31,19,20,23,2,16,-10,5,-15,-2,-10,-2,-6,-2,-7,-6,-10,-17,-8,-18,-13,-21,25,-1,40,28,35,46,9,41,-20,18,-41,-9,-38]"
CSI_DATA,56499,d8:b1:90:d9:de:f0,-50,9,-99,-37,52,116,831363355,155,0,106,0,"[122,20,128,20,-118,20,78,20,0,0,45,20,106,0,37,20,-154,0,52,20,-94,0,73,20,-64,0,93,20,-72,0,130,20,-152,0,-140,20,44,0,-45,20,-130,20,69,0,70,20,-164,0,-14,18,-85,0,0,0,0,0,-4,18,-25,0,77,20,-57,0,-112,20,-160,0,70,0,22,0,-124,0,-160,20,-25,0,45,20,13,1,-20,18,-4,0,-40,18,-46,0,-18,18,-118,0,41,20,121,0,154,20,9,0,-21,20,-60,20]"
CSI_DATA,56500,d8:b1:90:d9:de:f0,-53,11,-99,-40,55,116,831379401,100,0,228,0,"[18,4,19,2,19,0,18,-4,16,-7,14,-10,12,-13,99,-7,7,-18,5,-19,2,-21,0,-21,-2,-22,-3,-22,-5,-22,-6,-21,-6,-20,-6,-17,-5,-13,-3,-9,0,-4,59,6,4,7,7,13,9,18,10,21,12,24,13,26,0,0,12,27,11,27,9,25,7,23,5,18,1,13,17,0,-4,0,-7,-8,-9,-14,-11,-19,-12,-24,-13,-26,-14,-28,-13,-28,-13,-28,-12,-26,-11,-26,-10,-23,-8,-21,-100,15,-4,-13,-2,-8,0,-2,1,5,2,11,1,16,0,18,4,0,5,-7,-1,-14,-14,-12,-21,2,-15,18,2,24,29,-1,24,-4,12,-19,-6,-20,-18,-8,-16,8,-3,15,8,9,9,-3,-1,-9,-12,-2,-9,13,7,20,24,9,27,-12,8,-30,-17,-27,-31,-6,-25,17,-5,27,13,20,0,0,13,-7,3,-8,1,-3,5,-2,8,-8,1,-17,-15,-12,-26,-4,-24,17,-7,29,14,25,25,8,20,-10,7,-17,-4,-13,-7,-6,-6,-3,-5,-5,-11,-4,-17,5,-21,2,3,31,26,27,43,3,36,-27,9,-44,-19,-37,-33,-13]"
CSI_DATA,56501,d8:b1:90:d9:de:f0,-53,11,-99,-38,54,116,831389933,100,0,228,0,"[-15,11,-15,14,-14,15,-10,17,-6,17,-2,19,1,19,105,-7,7,19,9,19,11,18,14,17,15,17,17,17,17,17,18,16,17,15,14,13,11,9,6,7,2,3,63,6,-7,-6,-13,-10,-15,-15,-18,-17,-20,-19,-21,-22,0,0,-19,-26,-17,-25,-15,-23,-11,-21,-8,-18,-3,-11,-54,16,4,0,8,7,10,14,13,19,14,25,15,28,14,30,13,30,13,31,10,29,9,28,7,27,6,23,80,0,1,15,0,7,-1,2,1,-5,2,-13,4,-15,6,-18,-3,3,1,8,11,8,19,-2,15,-17,-1,-25,-19,-16,-22,21,-16,20,3,23,18,11,19,-4,8,-16,-6,-15,-13,-2,-5,8,6,7,11,-5,2,-18,-15,-15,-27,3,-20,23,5,33,28,19,33,-5,18,-26,-4,-29,-19,-16,0,0,-10,11,-2,8,0,4,-4,2,-7,9,1,17,18,9,29,1,23,-19,5,-31,-17,-26,-27,-6,-21,10,-8,17,4,14,7,6,6,4,5,5,11,5,18,-2,22,1,4,-33,-20,-32,-43,-14,-43,18,-22,42,8,43,29,25]"
CSI_DATA,56502,d8:b1:90:d9:de:f0,-53,11,-99,-38,54,116,831408908,100,0,228,0,"[14,-14,14,-15,11,-16,8,-17,4,-18,1,-19,-3,-18,105,-7,-9,-18,-11,-17,-14,-17,-15,-16,-17,-16,-18,-15,-19,-14,-19,-13,-17,-11,-15,-10,-13,-8,-8,-5,-2,-3,63,6,8,4,14,8,17,11,19,15,22,17,23,20,0,0,23,22,20,22,18,22,14,19,10,17,5,11,82,0,-5,1,-8,-6,-13,-13,-14,-18,-16,-22,-17,-26,-17,-28,-17,-28,-16,-29,-14,-28,-13,-27,-10,-25,-8,-22,137,16,-3,-14,-2,-7,0,-2,0,5,0,11,-1,16,-3,19,2,-4,-2,-8,-13,-7,-18,4,-11,19,4,25,21,15,19,-23,14,-21,-6,-23,-19,-9,-19,6,-6,17,7,14,13,1,5,-8,-7,-6,-10,6,0,17,18,13,27,-6,17,-27,-9,-32,-30,-15,-32,8,-16,28,6,27,20,14,0,0,9,-11,0,-8,-1,-3,4,-4,5,-10,-3,-17,-18,-7,-28,3,-20,22,0,32,20,23,28,4,20,-13,5,-19,-5,-14,-7,-6,-6,-3,-6,-5,-11,-4,-18,4,-21,1,1,32,26,30,44,8,41,-22,17,-43,-13,-42,-32,-21]"
CSI_DATA,56503,d8:b1:90:d9:de:f0,-53,11,-99,-38,54,116,831419547,100,0,228,0,"[-2,-19,-4,-19,-7,-18,-10,-16,-13,-13,-15,-9,-18,-6,105,-7,-20,0,-20,3,-21,6,-20,8,-20,11,-20,13,-19,14,-18,15,-16,14,-14,13,-10,10,-7,6,-2,2,63,6,4,-7,9,-13,13,-17,16,-19,17,-22,19,-25,0,0,20,-25,20,-23,19,-20,18,-18,15,-13,11,-7,131,0,2,5,-3,10,-8,15,-11,20,-16,23,-18,27,-19,27,-19,27,-19,26,-18,26,-16,23,-16,22,-14,19,113,16,-8,10,-5,6,-1,1,4,-3,8,-7,13,-10,16,-9,-2,-4,-8,-3,-13,6,-6,18,9,21,23,7,23,-11,-13,-27,-14,-20,-23,-4,-18,14,-1,21,14,11,16,-3,5,-11,-7,-7,-8,5,4,13,17,3,16,-15,-2,-27,-23,-19,-32,6,-18,30,8,33,27,16,28,-7,13,-21,0,0,-11,-8,-9,1,-3,1,-4,-3,-10,-3,-16,7,-2,20,9,27,28,14,31,-8,15,-27,-5,-28,-19,-14,-19,2,-10,10,-2,9,0,6,-1,8,2,11,14,13,14,18,27,-19,9,-39,-20,-39,-44,-16,-44,16,-21,39,7,37]"
CSI_DATA,56504,d8:b1:90:d9:de:f0,-53,11,-99,-40,55,116,831440063,100,0,228,0,"[-19,-2,-19,-1,-18,2,-17,5,-16,7,-14,10,-13,13,99,-7,-8,17,-7,18,-6,20,-4,22,-3,22,-2,23,-1,22,-1,22,0,20,-1,18,-1,14,-1,9,-1,3,59,6,-1,-9,0,-14,0,-20,3,-24,4,-27,6,-28,0,0,8,-29,10,-28,10,-24,10,-22,9,-16,8,-10,115,0,2,3,-1,10,-6,17,-10,20,-13,23,-16,24,-17,25,-19,25,-19,23,-19,23,-19,20,-18,18,-17,16,39,15,-10,8,-6,5,-1,1,5,-3,10,-4,15,-4,18,-2,-4,1,-5,8,2,13,13,11,21,-2,15,-17,-1,-25,-28,-1,-24,2,-15,18,2,21,16,11,17,-4,7,-13,-6,-10,-10,1,-2,9,10,6,13,-9,1,-22,-18,-18,-30,-2,-20,23,2,32,24,22,30,0,19,-19,1,-24,0,0,-13,-3,-8,4,-2,2,-4,-2,-11,0,-13,12,1,18,13,23,28,9,28,-12,12,-26,-7,-25,-19,-12,-19,3,-10,10,-3,9,-1,6,-1,6,1,11,11,15,8,19,29,-11,18,-33,-8,-42,-33,-28,-44,-1,-33,25,-9,34]"
CSI_DATA,56505,d8:b1:90:d9:de:f0,-53,11,-99,-40,55,116,831458694,100,0,228,0,"[-8,-17,-9,-16,-11,-14,-12,-12,-15,-9,-16,-6,-17,-2,99,-7,-19,3,-20,5,-20,7,-19,9,-19,11,-19,12,-19,13,-18,13,-16,13,-15,11,-11,9,-7,5,-3,2,59,6,7,-6,11,-10,16,-12,20,-14,23,-15,24,-15,0,0,27,-14,27,-12,25,-10,22,-8,19,-4,13,-1,-99,0,-1,4,-9,7,-14,7,-21,8,-25,9,-28,8,-29,8,-30,6,-30,6,-29,5,-27,4,-26,3,-23,2,-18,14,-14,0,-7,-1,-2,0,5,1,11,3,14,6,16,8,-3,-3,-9,0,-10,9,-2,18,13,17,23,3,20,-15,-16,-24,-15,-19,-23,-2,-16,14,0,19,13,11,15,-3,5,-11,-6,-7,-8,4,2,12,16,5,17,-12,2,-25,-18,-24,-31,-1,-23,23,-1,32,21,22,27,2,18,-15,0,0,-8,-12,-8,-3,-4,0,-1,-4,-8,-7,-17,-2,-12,14,-6,26,14,25,28,10,27,-11,11,-24,-6,-22,-15,-11,-14,1,-7,5,-4,4,-5,4,-7,9,-1,18,-5,21,29,9,34,-14,19,-38,-10,-43,-36,-26,-42,1,-27,23]"
CSI_DATA,56506,d8:b1:90:d9:de:f0,-53,11,-99,-40,55,116,831469876,100,0,228,0,"[-17,7,-17,8,-16,10,-13,13,-10,14,-7,16,-4,17,99,-7,3,18,6,19,8,19,11,19,12,18,14,18,15,17,15,16,15,15,13,12,10,10,7,6,2,3,59,6,-8,-5,-11,-9,-15,-12,-19,-14,-20,-17,-22,-19,0,0,-21,-20,-20,-21,-17,-20,-15,-18,-10,-15,-6,-11,-73,15,4,0,9,5,13,10,17,14,19,18,20,21,21,23,20,23,19,23,19,23,18,21,16,20,14,18,-93,0,8,11,5,6,1,1,-3,-5,-4,-10,-4,-14,-4,-17,-3,2,-1,8,8,11,18,3,17,-12,3,-24,-15,-20,-23,15,-18,15,-1,22,15,15,20,-2,10,-14,-4,-14,-12,-3,-7,9,6,8,11,-4,2,-16,-16,-15,-25,3,-19,22,6,31,27,17,31,-7,15,-25,-6,-27,-19,-13,0,0,-9,11,0,8,1,2,-4,3,-4,9,5,16,17,6,26,-5,17,-23,-3,-29,-22,-18,-27,1,-17,17,-2,19,7,12,8,4,5,2,6,3,11,1,15,-9,20,-7,-10,-30,-31,-19,-41,7,-28,34,1,45,26,30,36,5]"
CSI_DATA,56507,d8:b1:90:d9:de:f0,-53,11,-99,-38,54,116,831488845,100,0,228,0,"[-19,6,-18,7,-17,10,-14,13,-10,16,-7,17,-3,19,105,-7,3,20,4,20,7,20,9,21,11,20,14,19,15,19,16,17,15,16,13,14,10,10,7,7,2,3,63,6,-7,-5,-13,-8,-16,-14,-19,-17,-21,-19,-22,-21,0,0,-21,-22,-21,-22,-18,-21,-15,-19,-10,-16,-5,-11,-71,16,4,0,9,5,14,11,17,16,19,20,21,23,21,25,21,26,21,25,20,25,18,22,17,22,14,20,-105,0,8,11,4,7,1,1,-2,-5,-4,-10,-4,-15,-4,-18,-4,3,-1,9,8,10,19,3,19,-11,5,-23,-14,-21,-27,15,-20,16,-2,25,15,16,20,0,10,-15,-4,-15,-11,-3,-7,8,5,8,13,-3,3,-17,-15,-16,-27,2,-22,23,5,33,28,20,34,-6,18,-28,-5,-28,-20,-15,0,0,-9,11,-1,9,1,3,-4,3,-5,10,4,18,20,7,28,-4,19,-25,-3,-32,-23,-20,-28,1,-17,16,-2,19,7,11,8,4,6,1,6,3,13,1,17,-8,21,-7,-9,-31,-33,-21,-44,6,-29,35,0,46,28,34,38,6]"
CSI_DATA,56508,d8:b1:90:d9:de:f0,-53,11,-99,-38,54,116,831499038,100,0,228,0,"[18,6,19,5,19,2,19,-1,18,-4,17,-7,15,-11,105,-7,11,-17,10,-19,9,-20,7,-21,5,-22,4,-23,4,-23,3,-23,2,-21,3,-19,2,-15,2,-8,1,-3,63,6,0,9,-1,16,-2,20,-3,25,-5,28,-6,30,0,0,-9,31,-10,29,-10,27,-10,22,-9,17,-7,10,-110,16,-2,-3,1,-10,5,-16,9,-21,11,-25,14,-28,17,-29,17,-28,18,-28,18,-25,18,-23,17,-21,15,-18,-70,0,9,-10,6,-5,1,-1,-5,3,-10,5,-14,6,-18,6,4,0,6,-6,1,-14,-13,-15,-22,-2,-20,15,-3,26,30,6,26,2,18,-16,0,-22,-15,-14,-18,2,-8,13,5,11,10,1,3,-10,-10,-7,-15,8,-3,22,17,20,31,3,25,-23,0,-34,-23,-23,-32,-1,-22,19,-2,26,0,0,15,3,7,-4,2,-2,4,2,11,1,14,-11,-1,-20,-16,-23,-30,-7,-28,14,-10,29,9,27,21,11,19,-4,9,-10,1,-9,0,-6,1,-7,-2,-11,-13,-14,-13,-19,-29,16,-14,37,14,42,40,25,47,-7,29,-32,3,-38]"
CSI_DATA,56509,d8:b1:90:d9:de:f0,-53,11,-99,-38,54,116,831518816,100,0,228,0,"[-15,-13,-16,-11,-16,-9,-18,-6,-18,-3,-19,0,-18,4,105,-7,-18,9,-18,11,-17,14,-16,15,-17,16,-16,17,-17,17,-16,17,-15,17,-13,14,-10,11,-7,6,-3,2,63,6,6,-6,10,-11,16,-13,20,-16,23,-17,26,-16,0,0,29,-14,28,-11,27,-8,23,-6,20,-3,13,0,-107,0,-1,4,-9,5,-17,4,-22,4,-28,3,-31,1,-33,1,-32,-2,-33,-3,-30,-4,-30,-5,-27,-5,-22,-5,-18,15,-14,-5,-7,-3,-1,-1,4,3,8,7,10,11,10,15,-4,-1,-8,4,-5,13,6,18,19,10,25,-5,14,-21,-25,-19,-21,-14,-23,5,-10,19,5,19,16,8,14,-6,2,-13,-8,-6,-7,6,4,11,17,2,16,-15,-1,-27,-21,-23,-33,2,-22,26,1,33,22,23,29,1,19,-16,0,0,-7,-13,-8,-3,-3,-1,-1,-5,-7,-8,-18,-3,-15,14,-10,27,10,29,28,15,30,-5,17,-22,0,-23,-13,-15,-14,-3,-8,3,-5,3,-7,2,-9,7,-7,17,-11,19,26,20,39,0,34,-28,9,-45,-21,-42,-39,-18,-37,8]"
CSI_DATA,56510,d8:b1:90:d9:de:f0,-53,11,-99,-38,54,116,831529432,100,0,228,0,"[-4,19,-2,20,0,19,3,19,7,17,10,15,14,13,105,-7,18,8,20,7,21,5,23,2,23,0,25,-1,25,-2,23,-3,21,-3,18,-3,15,-2,9,-1,3,0,63,6,-9,3,-15,4,-20,4,-25,5,-28,5,-30,5,0,0,-32,3,-31,1,-28,0,-25,0,-19,-2,-13,-3,117,16,3,-3,10,-3,17,-3,23,-2,28,-1,31,0,32,1,33,1,32,2,31,2,29,2,27,3,25,3,13,1,15,3,7,1,1,1,-5,-2,-10,-5,-13,-8,-16,-10,0,4,6,5,15,-1,13,-14,-1,-22,-18,-17,-26,1,0,30,2,26,19,15,22,-4,10,-17,-6,-17,-15,-5,-9,8,3,10,9,0,4,-13,-11,-13,-22,3,-14,22,5,32,30,15,33,-10,15,-30,-10,-30,-26,-14,-23,6,0,0,3,14,5,6,3,1,-1,5,5,10,16,7,17,-8,15,-23,-5,-31,-25,-19,-30,3,-18,21,1,25,13,15,15,2,8,-4,5,-3,6,-3,9,-7,5,-18,10,-20,-29,-16,-39,8,-26,35,3,46,32,34,44,5,32,-21]"
CSI_DATA,56511,d8:b1:90:d9:de:f0,-53,11,-99,-38,54,116,831548828,100,0,228,0,"[-18,4,-19,6,-18,8,-15,10,-13,13,-9,16,-6,18,105,-7,-1,20,1,21,3,21,5,21,7,22,8,22,9,21,9,21,9,19,7,17,6,14,3,8,1,3,63,6,-5,-7,-7,-14,-9,-18,-10,-22,-11,-26,-11,-29,0,0,-8,-30,-7,-29,-5,-28,-4,-23,-1,-18,1,-13,11,0,4,2,4,9,4,17,5,22,4,28,3,31,2,32,1,32,1,33,0,31,-1,29,-2,27,-2,23,-30,16,-3,14,-2,7,0,2,2,-5,5,-9,8,-14,11,-16,-3,2,-2,9,7,13,18,6,20,-9,8,-23,-10,-23,-28,10,-22,11,-6,22,11,18,20,3,14,-11,0,-16,-10,-6,-8,5,3,9,13,0,8,-15,-9,-20,-27,-7,-28,15,-7,32,18,29,32,7,27,-16,7,-27,-11,-22,0,0,-14,5,-5,7,-1,3,-5,1,-10,7,-5,17,13,16,26,11,30,-9,15,-28,-6,-30,-22,-16,-23,3,-14,14,-1,15,4,9,3,5,3,6,8,8,18,4,20,8,15,-29,-8,-38,-35,-27,-46,2,-34,31,-6,42,19,33]"
CSI_DATA,56512,d8:b1:90:d9:de:f0,-53,11,-99,-38,54,116,831558880,100,0,228,0,"[-8,-18,-9,-17,-11,-15,-14,-14,-15,-9,-18,-7,-18,-3,105,-7,-20,1,-20,3,-21,5,-21,7,-21,8,-21,9,-22,9,-21,10,-20,10,-17,8,-14,6,-8,3,-3,1,63,6,8,-4,14,-7,19,-6,23,-8,28,-8,30,-7,0,0,31,-5,30,-3,28,-1,23,0,19,2,13,3,-116,0,-3,3,-11,2,-17,0,-23,-1,-28,-4,-31,-5,-32,-7,-31,-8,-31,-9,-29,-9,-28,-9,-25,-10,-21,-10,3,16,-11,-7,-6,-4,-1,0,3,4,7,9,8,13,8,16,-3,-3,-8,-1,-10,9,-2,19,11,18,25,5,21,-14,-14,-27,-14,-21,-23,-4,-18,13,-3,20,11,14,15,-1,6,-10,-5,-9,-9,3,0,13,15,8,20,-8,8,-26,-11,-29,-32,-9,-30,17,-9,32,15,30,27,10,23,-8,0,0,-3,-14,-6,-5,-3,-1,0,-4,-5,-10,-16,-8,-18,8,-17,22,3,31,22,21,31,1,21,-18,4,-23,-8,-17,-14,-5,-9,1,-6,1,-7,0,-11,4,-10,15,-16,17,21,25,39,6,39,-22,16,-43,-15,-44,-37,-23,-39,4]"
CSI_DATA,56513,d8:b1:90:d9:de:f0,-53,11,-99,-38,54,116,831578774,100,0,228,0,"[7,17,10,17,13,15,15,11,16,8,17,4,18,0,105,-7,19,-5,19,-8,19,-11,18,-14,18,-16,17,-17,15,-18,14,-18,13,-17,10,-15,8,-13,5,-8,2,-2,63,6,-4,9,-5,14,-8,18,-11,21,-13,25,-15,27,0,0,-15,28,-16,26,-16,23,-14,20,-11,15,-9,8,-131,16,-1,-4,3,-11,6,-17,9,-21,13,-25,15,-27,16,-28,17,-28,17,-28,16,-27,15,-25,14,-22,13,-20,-90,0,8,-11,4,-6,0,-1,-4,4,-8,8,-11,9,-15,10,3,3,8,0,9,-9,0,-18,-15,-16,-25,-1,-19,18,20,23,19,17,23,-2,13,-18,-4,-19,-16,-8,-14,7,-1,13,9,5,7,-7,-6,-10,-17,0,-13,18,7,26,28,16,30,-13,11,-32,-14,-31,-30,-11,-27,11,-9,23,0,0,13,6,8,-1,3,-1,4,3,11,1,16,-9,1,-20,-13,-26,-29,-9,-29,13,-11,28,9,27,21,13,19,-4,9,-11,1,-9,0,-6,1,-7,-3,-11,-14,-11,-14,-17,-26,20,-7,39,21,39,44,16,43,-17,20,-39,-7,-37]"
CSI_DATA,56514,d8:b1:90:d9:de:f0,-52,11,-99,-38,54,116,831588862,100,0,228,0,"[-15,11,-15,13,-14,15,-11,16,-9,17,-6,18,-3,19,105,-7,1,21,2,21,4,22,5,22,5,23,6,23,6,22,6,22,5,21,4,18,3,15,2,9,1,3,63,6,2,-9,2,-15,4,-20,6,-25,8,-28,10,-29,0,0,15,-28,16,-26,17,-22,16,-18,15,-13,10,-7,121,0,-1,2,-7,7,-14,8,-20,10,-26,10,-29,9,-31,7,-32,6,-32,4,-30,2,-29,1,-27,-1,-22,-1,-17,15,-14,-2,-7,-1,-1,1,3,5,7,9,9,14,8,17,-4,3,0,9,9,10,19,1,18,-14,4,-25,-15,-21,-28,15,-21,14,-5,23,11,19,20,4,15,-10,1,-16,-10,-8,-10,4,1,11,13,5,14,-10,0,-23,-20,-18,-30,0,-22,25,1,34,23,25,31,2,22,-17,4,-25,0,0,-13,-4,-7,3,-1,2,-1,-4,-10,-6,-18,3,-10,16,0,28,21,22,31,4,26,-16,8,-27,-9,-22,-17,-8,-14,2,-6,6,-2,3,-5,1,-8,6,-7,16,-13,21,26,19,39,0,33,-27,10,-45,-19,-41,-38,-19,-37,5]"
CSI_DATA,56515,d8:b1:90:d9:de:f0,-53,11,-99,-38,54,116,831598943,100,0,228,0,"[-19,1,-20,2,-19,4,-18,7,-16,9,-13,13,-9,16,105,-7,-6,19,-4,21,-2,22,0,22,1,23,2,23,3,25,3,23,3,21,2,18,2,15,1,8,0,4,63,6,-2,-10,-3,-15,-3,-20,-2,-25,-1,-29,0,-30,0,0,2,-32,4,-30,5,-28,5,-23,6,-18,5,-11,80,0,2,3,0,11,-2,18,-5,22,-8,27,-10,29,-11,30,-14,30,-14,29,-14,27,-15,26,-14,23,-13,21,97,16,-8,11,-4,6,-1,1,5,-2,10,-6,14,-6,18,-6,-4,1,-4,8,4,14,16,9,21,-5,14,-20,-5,-26,-30,3,-25,5,-13,20,6,21,18,9,16,-7,4,-15,-8,-9,-10,3,0,9,13,4,13,-13,-2,-22,-22,-15,-31,4,-17,29,8,33,29,18,31,-5,17,-22,-2,-25,0,0,-15,1,-6,4,-2,3,-5,-2,-11,3,-11,14,4,19,19,20,31,3,26,-18,6,-30,-14,-25,-23,-7,-18,6,-7,13,0,8,0,6,0,6,3,11,14,13,14,19,28,-18,10,-37,-17,-41,-41,-21,-46,10,-27,34,0,38]"
CSI_DATA,56516,d8:b1:90:d9:de:f0,-53,11,-99,-38,54,116,831609122,100,0,228,0,"[0,20,0,20,2,21,5,20,8,18,11,16,14,14,105,-7,18,10,20,8,21,7,22,5,23,5,25,3,25,3,23,2,22,2,18,2,15,1,9,1,3,-1,63,6,-9,-4,-15,-5,-19,-7,-23,-9,-27,-11,-28,-14,0,0,-28,-17,-25,-17,-22,-18,-18,-16,-14,-14,-7,-9,-93,16,2,1,7,7,10,14,14,19,15,23,15,27,15,30,14,29,13,30,10,28,9,28,7,26,7,21,61,0,4,14,3,7,2,1,3,-5,5,-11,7,-15,10,-17,-1,5,7,6,15,-1,13,-15,-1,-22,-18,-18,-27,0,-2,31,0,26,18,17,22,-1,14,-16,-3,-18,-15,-8,-11,5,0,11,10,3,8,-10,-6,-17,-22,-6,-23,15,-7,29,19,28,34,5,28,-18,6,-31,-14,-25,-23,-6,0,0,-5,14,3,7,2,1,-4,2,-6,10,4,17,16,9,29,-3,20,-23,0,-31,-20,-22,-28,-3,-20,14,-5,19,5,13,7,5,3,2,3,4,8,6,18,1,25,4,8,-31,-16,-34,-39,-18,-45,11,-28,38,2,42,25,28]"
CSI_DATA,56517,d8:b1:90:d9:de:f0,-53,11,-99,-38,54,116,831629201,100,0,228,0,"[-18,-5,-19,-3,-20,-1,-19,3,-17,5,-15,9,-14,13,105,-7,-10,17,-8,19,-7,21,-4,22,-3,23,-1,25,0,23,0,23,1,21,0,18,1,15,0,9,0,3,63,6,-2,-10,-2,-16,-2,-20,-2,-26,-1,-29,-1,-31,0,0,1,-32,2,-30,4,-28,4,-23,4,-18,4,-13,52,0,2,4,1,11,0,19,-2,23,-3,28,-5,31,-6,32,-7,32,-8,31,-7,30,-7,28,-8,26,-7,23,-88,16,-4,14,-2,7,0,1,3,-4,7,-9,10,-11,15,-13,-4,0,-6,7,0,15,13,14,22,1,18,-17,1,-26,-30,-3,-26,-1,-16,17,1,22,16,13,17,-4,6,-14,-6,-10,-10,2,-1,10,11,5,14,-10,-1,-22,-21,-17,-31,2,-19,28,6,34,28,19,31,-5,17,-23,-3,-25,0,0,-14,0,-6,5,-1,2,-5,-2,-11,3,-10,15,6,19,21,18,30,0,22,-22,1,-30,-17,-21,-25,-3,-17,10,-5,14,2,9,1,5,1,6,5,10,16,8,18,15,21,-26,-1,-39,-29,-32,-46,-6,-40,25,-13,41,14,35]"
CSI_DATA,56518,d8:b1:90:d9:de:f0,-53,11,-99,-40,55,116,831648883,100,0,228,0,"[-18,6,-18,7,-17,9,-14,11,-12,13,-9,15,-6,17,99,-7,-2,20,1,20,2,21,4,21,6,21,7,21,8,21,8,20,8,19,6,16,5,13,3,9,1,3,59,6,-4,-9,-5,-15,-6,-19,-6,-23,-7,-26,-6,-29,0,0,-3,-30,-2,-29,0,-27,1,-23,2,-18,3,-11,27,0,3,3,1,11,0,17,-2,22,-4,27,-5,29,-7,30,-8,30,-9,29,-9,29,-10,26,-10,24,-9,21,-93,15,-7,12,-4,6,0,1,5,-4,9,-7,13,-9,15,-9,-3,2,-2,8,8,11,18,5,19,-10,8,-22,-10,-22,-28,10,-21,11,-7,22,10,18,19,4,14,-11,0,-15,-10,-7,-8,5,3,10,12,1,10,-14,-7,-20,-24,-10,-29,9,-10,30,13,29,30,11,28,-12,11,-25,-7,-22,0,0,-13,3,-6,6,-2,2,-5,0,-11,4,-9,16,8,18,21,17,29,-2,20,-22,1,-29,-17,-20,-22,-3,-15,9,-5,13,2,9,2,5,0,7,4,11,14,10,17,15,23,-20,5,-37,-22,-37,-43,-14,-42,15,-21,36,5,37]"
CSI_DATA,56519,d8:b1:90:d9:de:f0,-53,11,-99,-37,54,116,831668702,100,0,228,0,"[-5,18,-4,19,0,19,3,18,7,15,11,13,14,11,102,-7,19,6,20,5,21,3,22,1,23,-2,23,-3,22,-4,22,-5,20,-6,18,-5,13,-4,8,-3,3,0,61,6,-8,6,-12,9,-18,11,-21,12,-24,13,-27,13,0,0,-27,14,-27,13,-26,11,-22,9,-18,6,-12,3,127,15,1,-5,8,-8,14,-11,20,-14,23,-15,25,-15,27,-16,28,-16,28,-16,26,-15,25,-14,23,-14,21,-11,-49,0,12,-7,7,-3,0,-1,-5,3,-10,5,-14,5,-18,3,1,4,7,5,13,-2,11,-13,-2,-22,-19,-15,-26,2,1,30,4,24,20,12,21,-6,8,-18,-7,-15,-14,-2,-8,9,4,9,9,-1,1,-11,-13,-8,-20,8,-7,25,13,29,32,6,28,-19,5,-32,-18,-26,-28,-5,-21,13,0,0,7,12,7,3,3,0,3,4,9,7,18,-1,11,-18,1,-28,-19,-23,-30,-3,-24,18,-4,27,12,21,19,6,13,-4,6,-6,3,-5,5,-7,3,-11,-7,-18,-6,-21,-31,6,-23,31,4,44,32,31,45,2,34,-26,8,-37]"
CSI_DATA,56520,d8:b1:90:d9:de:f0,-53,11,-99,-40,55,116,831688577,100,0,228,0,"[-10,15,-9,17,-6,17,-3,18,1,17,5,17,8,16,99,-7,14,14,16,13,17,11,19,11,20,9,21,8,21,7,21,6,20,5,17,5,13,3,9,2,2,1,59,6,-10,-1,-15,-3,-20,-4,-23,-5,-26,-7,-28,-9,0,0,-28,-10,-27,-11,-24,-10,-21,-10,-15,-8,-9,-7,-109,15,4,-1,11,3,17,6,21,9,24,12,26,14,26,15,27,16,26,16,25,15,24,15,21,15,18,14,-64,0,10,9,6,5,1,0,-4,-5,-6,-9,-7,-14,-7,-16,-1,4,5,7,13,4,16,-9,7,-20,-10,-21,-23,-8,-11,27,-6,23,12,19,21,4,15,-11,0,-17,-11,-9,-12,4,-1,10,10,4,8,-9,-5,-16,-21,-6,-21,15,-7,29,20,24,32,3,25,-20,4,-30,-17,-22,-23,-4,0,0,-4,13,4,7,1,2,-2,4,-1,12,11,14,20,0,23,-14,8,-28,-14,-27,-27,-10,-25,10,-10,20,5,18,10,8,9,2,5,0,7,1,11,-2,13,-12,18,-12,-16,-26,-36,-12,-39,16,-20,40,10,43,33,25,37,-1]"
CSI_DATA,56521,d8:b1:90:d9:de:f0,-53,11,-99,-40,55,116,831698642,100,0,228,0,"[-18,3,-18,4,-17,7,-15,9,-14,11,-10,14,-9,16,99,-7,-3,19,-2,20,0,20,2,21,4,22,4,22,5,22,5,21,5,19,4,17,3,13,2,8,0,3,59,6,-3,-9,-4,-15,-5,-20,-5,-23,-4,-27,-3,-29,0,0,-1,-30,1,-29,2,-26,3,-22,4,-17,4,-11,59,0,2,3,0,10,-2,17,-3,22,-6,26,-8,29,-9,30,-10,30,-11,29,-11,27,-11,26,-11,23,-10,20,119,15,-7,12,-4,6,0,1,4,-3,9,-7,13,-8,16,-8,-4,2,-2,9,6,13,17,7,20,-7,10,-21,-7,-23,-28,7,-22,8,-9,21,8,19,18,6,14,-8,2,-15,-9,-8,-9,4,2,9,12,3,10,-13,-5,-21,-22,-12,-29,6,-13,28,11,30,29,14,29,-9,13,-24,-5,-22,0,0,-14,2,-6,6,-2,2,-6,-1,-11,3,-10,15,6,19,20,18,29,0,22,-20,3,-29,-15,-21,-21,-5,-16,8,-6,13,1,9,1,6,0,6,3,11,14,11,15,16,24,-19,8,-37,-19,-37,-42,-17,-42,13,-23,34,3,36]"
CSI_DATA,56522,d8:b1:90:d9:de:f0,-53,11,-99,-38,54,116,831718725,100,0,228,0,"[19,-2,19,-4,18,-6,16,-9,14,-13,9,-15,7,-17,105,-7,1,-20,-1,-21,-4,-21,-6,-21,-9,-21,-10,-21,-11,-20,-13,-19,-11,-17,-10,-15,-8,-10,-5,-7,-1,-2,63,6,7,7,13,10,15,15,17,18,19,20,21,22,0,0,21,23,20,23,18,21,15,19,10,15,5,10,85,0,-4,0,-9,-6,-14,-13,-17,-16,-19,-20,-21,-22,-22,-25,-22,-25,-22,-23,-20,-22,-19,-21,-18,-20,-16,-18,62,16,-9,-10,-5,-6,-1,0,3,5,5,10,6,16,5,18,4,-2,3,-8,-6,-13,-17,-6,-21,8,-9,22,9,23,30,-10,22,-11,6,-23,-11,-18,-19,-2,-13,13,2,15,11,5,8,-6,-4,-9,-13,2,-5,17,14,18,28,1,25,-20,-2,-33,-26,-21,-33,3,-20,25,3,28,19,16,0,0,9,-9,1,-8,0,-2,5,-3,5,-10,-4,-18,-19,-8,-28,4,-19,25,3,31,23,19,28,-1,17,-16,2,-20,-8,-11,-8,-3,-5,-1,-6,-3,-11,-1,-16,9,-21,9,10,30,34,18,43,-9,27,-38,-4,-45,-31,-31,-38,-2]"
CSI_DATA,56523,d8:b1:90:d9:de:f0,-53,11,-99,-38,54,116,831729125,100,0,228,0,"[-5,-18,-7,-18,-9,-16,-11,-14,-15,-10,-16,-7,-18,-5,105,-7,-20,1,-21,3,-21,5,-21,7,-22,9,-21,10,-20,10,-19,11,-18,11,-16,8,-13,7,-8,4,-2,1,63,6,8,-6,13,-8,18,-11,21,-13,25,-14,28,-14,0,0,29,-13,28,-10,27,-8,23,-6,18,-4,13,-1,-119,0,-3,4,-9,5,-17,6,-22,7,-27,7,-30,6,-32,5,-32,4,-32,4,-31,3,-30,2,-27,2,-23,1,-15,15,-14,0,-8,0,-1,1,6,2,10,4,15,7,16,9,-3,-3,-9,-1,-11,8,-4,18,11,19,23,5,22,-13,-14,-28,-14,-20,-23,-4,-18,13,-1,20,13,13,15,-2,5,-11,-7,-8,-9,4,2,13,16,7,20,-11,5,-27,-15,-27,-33,-3,-27,21,-4,33,19,26,28,5,20,-14,0,0,-6,-13,-7,-3,-2,-1,-1,-5,-7,-9,-18,-3,-15,14,-8,27,13,28,30,11,29,-10,13,-25,-5,-22,-16,-11,-14,1,-7,4,-4,3,-6,3,-8,8,-3,18,-6,22,31,11,37,-13,21,-38,-7,-45,-35,-30,-43,-1,-29,23]"
CSI_DATA,56524,d8:b1:90:d9:de:f0,-53,11,-99,-40,55,116,831739478,100,0,228,0,"[0,-18,-1,-18,-3,-18,-6,-17,-9,-15,-12,-13,-14,-11,99,-7,-18,-7,-19,-7,-20,-5,-21,-4,-22,-3,-23,-3,-22,-2,-22,-2,-20,-1,-17,-1,-14,-1,-9,-1,-3,-1,59,6,10,0,15,1,20,4,23,6,26,8,28,9,0,0,27,12,26,13,23,13,18,13,14,11,8,8,115,0,-4,0,-10,-5,-14,-10,-17,-15,-19,-20,-19,-22,-20,-24,-19,-25,-18,-26,-15,-25,-14,-24,-12,-23,-10,-20,116,15,-4,-13,-3,-7,-1,0,0,6,-1,12,-2,15,-5,17,-1,-4,-8,-4,-14,4,-10,15,3,21,19,14,25,-3,0,-29,-3,-24,-18,-14,-20,3,-11,16,5,17,13,6,11,-6,-1,-10,-10,-2,-7,11,8,14,21,3,20,-17,5,-30,-21,-23,-32,-1,-24,21,-4,30,16,22,22,4,0,0,5,-13,-2,-7,-1,-2,4,-4,3,-11,-8,-16,-19,-5,-26,9,-15,25,5,29,23,18,26,-1,17,-15,3,-18,-7,-12,-7,-4,-5,-2,-5,-4,-11,-4,-17,4,-23,2,1,31,23,29,42,9,40,-20,17,-40,-11,-41,-28,-22]"
CSI_DATA,56525,d8:b1:90:d9:de:f0,-53,11,-99,-39,55,116,831759009,100,0,228,0,"[-18,-4,-19,-3,-19,-1,-18,1,-18,4,-17,7,-16,10,97,-7,-14,14,-13,16,-13,17,-12,18,-11,19,-11,19,-10,19,-10,19,-9,17,-8,15,-7,12,-4,7,-1,2,58,6,6,-8,9,-12,14,-15,17,-17,20,-18,22,-18,0,0,24,-16,25,-14,23,-11,21,-8,17,-5,11,-2,-120,0,-3,3,-10,3,-17,3,-22,3,-26,2,-29,0,-31,-1,-31,-3,-30,-4,-28,-5,-27,-6,-24,-6,-21,-7,-4,14,-13,-5,-7,-2,-2,1,3,5,5,10,7,13,7,16,-4,1,-6,6,0,13,12,13,21,3,18,-13,5,-24,-29,-9,-24,-5,-19,12,-4,20,11,15,17,2,11,-11,-3,-13,-10,-4,-6,9,7,11,17,0,13,-18,-5,-25,-23,-18,-30,7,-17,27,6,31,24,18,26,-3,15,-17,0,0,-9,-10,-7,-2,-1,0,0,-5,-6,-10,-17,-4,-15,12,-10,24,10,27,26,14,28,-6,15,-21,-1,-22,-12,-13,-13,-2,-8,3,-4,2,-6,0,-10,5,-10,15,-16,17,21,23,36,6,36,-21,16,-40,-13,-41,-34,-23,-35,2]"
CSI_DATA,56526,d8:b1:90:d9:de:f0,-53,11,-99,-40,55,116,831779403,100,0,228,0,"[-7,17,-6,18,-4,17,-1,18,2,17,6,17,9,16,99,-7,14,14,15,13,17,12,19,11,20,10,21,9,21,8,20,7,19,7,16,6,12,5,8,3,2,2,59,6,-10,-3,-14,-5,-18,-7,-23,-10,-25,-12,-25,-14,0,0,-25,-17,-23,-17,-21,-17,-16,-15,-11,-13,-6,-9,-74,15,4,1,9,6,13,12,15,16,18,21,18,23,18,24,17,26,16,26,15,25,14,24,11,23,10,21,96,0,5,13,2,6,1,1,1,-5,1,-12,2,-15,4,-18,0,4,6,6,14,2,15,-11,5,-20,-12,-20,-24,-6,-10,27,-6,23,11,19,21,4,15,-11,1,-17,-11,-10,-11,3,-2,10,9,5,9,-9,-4,-16,-20,-8,-23,11,-13,28,15,27,31,9,28,-15,9,-28,-12,-24,-21,-8,0,0,-6,12,0,7,0,3,-5,3,-4,11,6,17,18,7,26,-6,18,-24,-3,-29,-21,-20,-26,0,-17,15,-4,18,7,12,8,4,5,3,5,4,11,4,17,-4,23,-2,0,-31,-24,-28,-42,-7,-39,22,-16,42,12,39,29,19]"
CSI_DATA,56527,d8:b1:90:d9:de:f0,-51,11,-99,-35,52,116,831796205,277,0,106,0,"[-51,18,-42,0,-137,18,-84,0,105,18,-142,0,42,18,122,0,6,18,75,0,-13,17,35,0,-18,17,15,0,15,18,5,0,114,18,7,0,-41,18,11,0,151,0,1,0,-13,0,-23,18,84,1,-66,18,0,0,0,0,86,1,-153,18,-8,0,-158,18,139,0,-110,18,-57,18,-10,18,84,18,122,0,-16,17,-86,0,-45,17,-17,0,-21,17,2,1,28,18,-7,0,107,18,-55,0,-114,18,-156,0,-21,18,6,0,26,0]"
CSI_DATA,56528,d8:b1:90:d9:de:f0,-53,11,-99,-38,54,116,831808841,100,0,228,0,"[6,18,8,17,10,16,13,13,16,9,18,6,19,2,105,-7,20,-4,20,-7,20,-9,19,-11,19,-14,18,-16,17,-16,16,-16,14,-16,10,-14,9,-10,5,-6,2,-2,63,6,-4,9,-7,15,-10,18,-13,22,-15,26,-15,27,0,0,-17,27,-17,26,-15,23,-15,19,-11,15,-8,8,-121,16,0,-4,4,-10,8,-16,11,-21,15,-26,16,-27,17,-28,17,-29,16,-28,16,-27,15,-25,14,-23,13,-20,-101,0,7,-11,4,-6,0,-1,-4,4,-9,7,-13,10,-15,10,3,3,9,0,10,-9,2,-19,-14,-18,-25,-3,-20,16,18,26,17,19,23,0,15,-16,-3,-20,-16,-8,-14,6,-2,13,8,5,7,-7,-5,-11,-17,-1,-14,18,6,27,26,19,31,-10,14,-31,-13,-31,-29,-13,-26,10,-9,21,0,0,13,6,8,-2,2,-1,4,4,13,3,16,-9,4,-21,-11,-26,-29,-11,-29,11,-13,28,8,26,20,11,18,-4,8,-11,1,-8,0,-5,2,-6,-2,-11,-14,-13,-16,-18,-26,19,-7,39,22,39,44,14,42,-17,20,-40,-8,-37]"
CSI_DATA,56529,d8:b1:90:d9:de:f0,-53,11,-99,-40,55,116,831828667,100,0,228,0,"[-17,5,-17,6,-17,8,-14,11,-12,13,-9,15,-6,17,99,-7,-1,20,2,20,3,21,6,21,7,21,9,21,10,20,9,19,9,18,8,15,6,12,3,7,0,2,59,6,-6,-8,-8,-13,-11,-17,-12,-21,-13,-24,-13,-26,0,0,-12,-28,-10,-27,-8,-25,-6,-21,-4,-17,-1,-11,-2,15,3,2,5,10,6,16,7,21,7,26,7,29,6,31,5,31,5,31,4,29,4,27,3,25,2,22,6,0,1,13,1,7,1,0,2,-6,4,-11,6,-14,8,-16,-3,2,-2,9,7,12,18,5,19,-10,7,-22,-11,-22,-27,11,-20,11,-6,22,12,18,19,3,12,-11,-1,-14,-11,-6,-8,7,3,10,13,-1,7,-15,-10,-19,-25,-6,-27,14,-4,31,19,25,32,5,24,-17,5,-26,-12,-19,0,0,-11,6,-3,7,-1,2,-6,1,-10,8,-4,18,13,14,26,8,26,-12,11,-27,-11,-27,-23,-12,-22,6,-10,15,1,14,5,7,3,4,3,6,9,8,17,2,22,5,10,-30,-14,-34,-38,-19,-44,9,-27,36,2,42,24,26]"
CSI_DATA,56530,d8:b1:90:d9:de:f0,-53,11,-99,-38,54,116,831838642,100,0,228,0,"[3,19,4,19,6,18,9,17,11,14,15,11,17,8,105,-7,20,4,21,3,22,1,22,-1,22,-3,23,-4,23,-5,22,-5,20,-4,17,-4,13,-3,8,-1,2,1,63,6,-10,3,-16,3,-21,4,-26,4,-29,5,-31,3,0,0,-32,0,-30,-1,-28,-2,-23,-3,-18,-4,-10,-4,137,16,4,-1,11,0,18,1,23,3,28,5,31,7,32,9,31,10,31,11,29,11,27,11,23,11,20,10,-19,0,11,8,6,4,1,0,-3,-5,-7,-10,-8,-15,-8,-18,2,3,9,3,14,-6,7,-18,-7,-21,-22,-10,-25,7,7,30,8,23,21,9,20,-8,6,-18,-9,-16,-15,-2,-8,9,4,9,10,-1,2,-13,-14,-11,-22,4,-14,23,6,32,30,15,32,-10,15,-29,-9,-30,-25,-14,-23,5,0,0,1,14,5,6,1,2,-1,6,3,13,15,11,20,-5,20,-21,1,-31,-20,-23,-31,-3,-22,16,-4,23,9,17,13,5,9,-1,5,-1,6,1,13,-3,13,-14,18,-16,-20,-26,-38,-8,-39,20,-18,43,14,45,35,23,38,-3]"
CSI_DATA,56531,d8:b1:90:d9:de:f0,-53,11,-99,-38,54,116,831849127,100,0,228,0,"[19,1,19,0,19,-3,17,-6,15,-10,13,-14,9,-16,105,-7,4,-20,2,-21,0,-22,-3,-22,-5,-22,-7,-22,-8,-21,-9,-20,-9,-19,-8,-16,-6,-11,-4,-7,-1,-2,63,6,7,8,10,13,14,17,16,20,18,22,18,25,0,0,18,26,17,26,15,23,13,20,9,17,5,11,42,0,-4,-1,-8,-7,-13,-13,-16,-17,-18,-21,-19,-23,-20,-26,-20,-26,-20,-26,-19,-25,-18,-22,-16,-21,-14,-18,124,16,-8,-10,-5,-5,-1,0,2,6,4,11,5,16,5,19,4,-1,4,-8,-4,-14,-17,-9,-21,5,-13,21,6,25,30,-6,25,-8,9,-21,-9,-19,-19,-5,-14,11,0,15,10,6,8,-6,-4,-9,-13,1,-7,16,11,19,28,4,28,-16,2,-33,-22,-25,-33,-1,-22,22,0,28,17,17,0,0,10,-8,2,-7,1,-2,5,-2,7,-10,-2,-19,-18,-10,-29,2,-21,22,1,32,22,21,28,1,18,-16,1,-19,-6,-11,-7,-4,-5,-1,-5,-4,-11,-2,-17,8,-22,8,9,32,33,20,44,-7,29,-37,-2,-46,-29,-31,-38,-4]"
CSI_DATA,56532,d8:b1:90:d9:de:f0,-53,11,-99,-40,55,116,831859722,100,0,228,0,"[6,18,8,17,9,16,12,14,14,11,16,8,18,5,99,-7,20,0,21,-2,21,-4,21,-6,21,-7,20,-8,20,-9,19,-9,18,-9,15,-7,12,-6,7,-3,2,0,59,6,-8,7,-13,8,-17,11,-21,12,-24,12,-27,12,0,0,-28,11,-27,9,-26,7,-22,5,-17,2,-11,0,117,15,3,-3,10,-4,17,-5,22,-5,27,-4,30,-4,31,-3,31,-2,31,-1,29,-1,28,0,25,0,23,0,17,1,13,1,7,0,1,-1,-4,-3,-10,-5,-12,-8,-14,-11,3,3,9,0,11,-8,3,-18,-11,-18,-23,-6,-21,12,14,26,13,20,22,4,17,-13,2,-19,-12,-12,-15,2,-5,11,7,8,10,-3,0,-13,-15,-8,-19,9,-6,25,13,27,30,6,26,-19,6,-31,-16,-25,-26,-6,-19,12,0,0,5,13,6,3,2,1,0,6,7,10,17,4,16,-11,10,-25,-10,-27,-27,-13,-28,7,-14,22,4,22,14,12,13,1,7,-4,4,-2,6,-2,9,-8,5,-18,9,-21,-28,-14,-37,9,-24,34,3,45,31,32,42,4,29,-19]"
CSI_DATA,56533,d8:b1:90:d9:de:f0,-53,11,-99,-40,55,116,831878991,100,0,228,0,"[1,-18,0,-19,-2,-18,-5,-17,-9,-16,-12,-14,-14,-12,99,-7,-18,-9,-19,-8,-21,-6,-21,-5,-21,-3,-22,-2,-22,-2,-21,-1,-20,0,-16,-1,-13,0,-8,-1,-2,-1,59,6,10,-1,16,-1,20,0,24,2,27,3,29,4,0,0,29,6,27,8,25,8,20,8,16,7,10,6,126,0,-4,1,-11,-3,-16,-6,-20,-9,-24,-12,-26,-15,-27,-17,-26,-17,-26,-18,-24,-17,-22,-17,-19,-16,-17,-15,48,15,-10,-9,-6,-6,-1,1,2,5,4,10,5,15,4,17,-1,-4,-8,-4,-14,3,-10,15,3,21,18,15,24,-2,0,-30,-3,-24,-18,-14,-20,4,-10,16,6,17,13,5,10,-7,-2,-10,-10,-1,-6,11,9,14,21,1,18,-18,2,-30,-23,-20,-32,3,-21,23,1,30,19,19,23,1,0,0,1,-13,-3,-6,-1,-1,2,-4,0,-12,-12,-14,-20,1,-23,14,-7,28,13,26,27,10,24,-9,10,-19,-3,-18,-10,-8,-9,-1,-5,-1,-6,-3,-12,0,-14,11,-20,11,13,29,33,17,42,-10,26,-36,-2,-45,-28,-30,-37,-5]"
CSI_DATA,56534,d8:b1:90:d9:de:f0,-53,11,-99,-38,54,116,831893238,100,0,228,0,"[-15,11,-15,13,-13,14,-9,15,-6,17,-3,18,0,19,105,-7,5,20,7,20,9,19,11,19,13,19,14,19,15,19,15,17,13,16,11,14,8,10,5,6,1,3,63,6,-7,-7,-11,-13,-13,-18,-16,-21,-17,-23,-17,-26,0,0,-14,-27,-13,-28,-10,-26,-8,-22,-4,-18,-1,-11,2,0,4,2,5,9,6,17,6,23,6,28,6,31,5,31,4,33,3,32,2,31,1,29,1,27,-1,23,-52,16,-2,13,-1,6,1,0,3,-5,6,-11,9,-14,11,-15,-3,4,1,9,11,8,19,-1,17,-16,1,-25,-17,-19,-22,19,-17,17,0,23,16,14,20,-2,9,-14,-5,-14,-11,-3,-6,7,6,8,13,-3,4,-17,-14,-17,-27,-1,-26,19,0,33,23,23,33,0,22,-22,1,-28,-15,-18,0,0,-10,8,-3,7,-1,2,-6,1,-9,8,-3,19,15,15,28,7,28,-14,11,-30,-10,-29,-25,-13,-22,5,-10,14,1,15,5,7,3,4,2,6,8,9,18,4,22,6,15,-29,-9,-39,-35,-26,-46,3,-33,31,-6,43,18,32]"
CSI_DATA,56535,d8:b1:90:d9:de:f0,-53,11,-99,-38,54,116,831904641,100,0,228,0,"[18,7,18,6,19,3,18,0,18,-4,18,-7,16,-10,105,-7,13,-16,11,-18,9,-19,8,-21,8,-22,7,-22,5,-22,5,-21,4,-20,3,-18,2,-14,2,-7,1,-2,63,6,-1,10,-1,17,-3,21,-3,26,-5,29,-6,30,0,0,-8,30,-8,29,-9,27,-9,22,-8,17,-6,10,-83,16,-1,-4,1,-11,5,-17,8,-22,11,-26,14,-28,15,-29,16,-30,16,-29,16,-27,15,-25,14,-22,13,-19,-121,0,8,-10,4,-5,-1,-1,-5,4,-10,7,-15,8,-17,8,5,0,7,-6,1,-15,-11,-15,-22,-4,-20,14,-5,26,30,7,25,3,18,-15,1,-21,-15,-15,-17,2,-7,13,5,11,10,0,3,-9,-10,-7,-16,7,-4,22,17,20,31,6,23,-22,1,-34,-22,-25,-32,-1,-21,18,-2,25,0,0,14,2,7,-3,2,-1,5,3,13,0,15,-11,-1,-21,-16,-23,-30,-6,-28,16,-8,29,11,25,21,9,17,-5,8,-11,1,-8,0,-5,1,-6,-2,-13,-14,-15,-15,-19,-28,17,-11,39,18,41,42,20,44,-10,27,-35,-1,-38]"
CSI_DATA,56536,d8:b1:90:d9:de:f0,-53,11,-99,-40,55,116,831915516,100,0,228,0,"[-18,1,-18,2,-18,5,-17,7,-16,9,-14,11,-13,14,99,-7,-10,17,-9,18,-8,20,-6,21,-6,21,-5,22,-5,21,-5,20,-4,19,-4,16,-4,12,-3,7,-1,2,59,6,2,-10,4,-15,7,-19,10,-22,13,-24,15,-25,0,0,18,-24,19,-21,19,-18,17,-15,15,-10,10,-5,124,0,-1,4,-8,8,-14,10,-20,11,-24,12,-27,11,-29,10,-30,9,-30,7,-29,6,-27,4,-26,2,-22,1,-18,14,-13,0,-8,1,-1,1,5,3,10,6,12,10,13,12,-4,2,-3,8,4,13,15,9,21,-3,15,-19,-2,-24,-30,0,-23,2,-15,17,2,21,15,12,17,-3,7,-13,-6,-11,-11,0,-3,10,10,8,16,-5,6,-21,-13,-22,-28,-11,-26,16,-8,31,15,28,27,10,25,-10,9,-20,0,0,-10,-7,-7,1,-2,0,-3,-5,-10,-6,-17,3,-9,17,0,27,19,22,29,4,24,-16,8,-25,-9,-20,-16,-8,-13,2,-6,4,-4,3,-6,3,-8,8,-3,18,-7,22,28,13,37,-9,25,-34,-1,-45,-28,-33,-41,-8,-32,16]"
CSI_DATA,56537,d8:b1:90:d9:de:f0,-53,11,-99,-40,55,116,831925912,100,0,228,0,"[1,18,3,18,5,17,8,16,11,14,14,12,16,9,99,-7,19,5,20,3,21,1,21,-1,22,-3,21,-4,21,-5,20,-6,19,-6,16,-5,13,-4,8,-2,2,0,59,6,-9,5,-14,6,-19,7,-23,9,-25,9,-28,9,0,0,-29,7,-28,5,-26,4,-22,2,-17,1,-11,-1,115,15,3,-2,11,-4,17,-4,23,-4,27,-3,30,-2,31,-2,31,0,31,-1,29,0,28,1,25,1,22,1,18,1,12,1,7,1,1,-1,-6,-2,-10,-5,-14,-8,-16,-11,2,4,8,3,13,-5,9,-16,-6,-20,-21,-12,-24,6,7,29,7,23,21,9,19,-8,6,-18,-9,-14,-15,-1,-8,9,4,9,10,-2,2,-12,-13,-10,-21,6,-10,24,9,29,30,11,28,-15,9,-29,-12,-27,-25,-8,-20,10,0,0,4,12,6,4,2,1,0,5,6,10,17,6,17,-10,12,-25,-9,-28,-25,-15,-28,6,-15,21,3,22,13,13,13,1,7,-3,4,-2,6,-2,9,-7,5,-18,8,-21,-28,-15,-37,9,-24,34,4,44,31,32,41,4,29,-20]"
CSI_DATA,56538,d8:b1:90:d9:de:f0,-53,11,-99,-38,54,116,831938676,100,0,228,0,"[-18,1,-18,2,-18,4,-17,7,-15,9,-14,13,-10,16,105,-7,-7,19,-6,20,-4,21,-2,22,-1,22,-1,23,0,23,0,22,0,21,0,17,0,15,-1,8,-1,3,63,6,0,-10,0,-16,2,-21,2,-27,4,-29,5,-30,0,0,9,-30,10,-28,11,-26,11,-21,9,-16,7,-8,121,0,1,5,-4,10,-8,16,-14,20,-17,23,-19,25,-21,25,-22,23,-23,22,-22,20,-22,18,-21,16,-18,13,13,16,-11,6,-5,3,-1,1,6,0,14,-1,17,0,20,1,-4,2,-4,8,4,14,17,10,22,-3,15,-20,-3,-26,-30,2,-25,3,-14,19,4,21,17,10,17,-5,5,-14,-7,-9,-9,2,-1,10,11,5,14,-10,1,-22,-19,-19,-31,-3,-22,25,2,34,23,22,31,0,20,-19,1,-25,0,0,-13,-3,-7,3,-2,1,-5,-4,-13,-1,-16,9,-2,21,13,26,29,11,30,-9,15,-27,-5,-27,-19,-14,-19,1,-10,9,-2,8,-2,5,-3,6,-2,13,7,17,7,22,33,-5,26,-29,0,-44,-29,-35,-46,-9,-38,18,-16,33]"
CSI_DATA,56539,d8:b1:90:d9:de:f0,-53,11,-99,-40,55,116,831949122,100,0,228,0,"[18,-2,18,-3,18,-6,16,-9,14,-12,11,-14,8,-17,99,-7,4,-20,1,-21,-1,-21,-4,-21,-5,-21,-7,-21,-8,-21,-8,-19,-9,-18,-7,-15,-6,-11,-4,-7,0,-3,59,6,7,8,10,12,12,16,14,20,16,23,16,24,0,0,16,26,14,24,12,23,11,19,7,15,3,11,33,0,-4,-2,-8,-8,-10,-14,-12,-19,-14,-24,-15,-26,-15,-27,-15,-27,-15,-27,-14,-26,-13,-24,-12,-22,-10,-20,-111,15,-6,-12,-4,-7,-1,0,0,6,2,11,1,15,0,17,4,-2,3,-9,-6,-13,-16,-7,-20,7,-10,21,9,23,28,-10,22,-10,7,-21,-10,-18,-19,-4,-13,11,1,15,10,6,8,-6,-4,-10,-13,1,-8,15,10,19,26,5,26,-15,3,-31,-21,-23,-31,-3,-21,19,-2,26,14,17,0,0,10,-7,2,-7,1,-2,6,-1,8,-9,0,-18,-16,-12,-26,-2,-22,18,-4,29,17,23,25,5,18,-12,5,-17,-5,-12,-6,-5,-4,-3,-5,-5,-11,-5,-18,4,-23,4,3,31,27,27,43,2,36,-27,8,-44,-21,-37,-34,-12]"
CSI_DATA,56540,d8:b1:90:d9:de:f0,-53,11,-99,-38,54,116,831968802,100,0,228,0,"[-18,-4,-19,-2,-19,1,-17,4,-17,7,-15,10,-14,14,105,-7,-9,18,-8,20,-5,21,-4,22,-3,23,-1,23,0,22,0,22,0,20,0,17,1,14,0,8,0,2,63,6,-1,-10,-1,-16,-1,-21,-1,-25,1,-28,1,-31,0,0,3,-31,4,-30,5,-27,5,-22,5,-17,5,-11,57,0,2,4,0,10,-3,18,-4,23,-6,27,-8,29,-10,31,-10,30,-10,30,-11,29,-11,27,-11,25,-10,20,-115,16,-6,10,-3,6,1,0,5,-5,8,-8,15,-11,17,-10,-4,1,-6,7,1,15,14,13,23,0,17,-17,1,-26,-31,-2,-25,1,-15,18,2,21,16,10,17,-5,6,-14,-6,-9,-9,2,-1,10,11,4,14,-9,0,-22,-21,-17,-31,0,-19,27,5,33,27,19,31,-4,17,-22,-2,-25,0,0,-13,0,-6,5,-1,1,-6,-2,-13,1,-13,15,4,22,20,21,31,2,25,-20,4,-31,-16,-22,-22,-5,-17,8,-6,11,0,9,1,4,-1,7,3,11,15,11,17,16,25,-20,6,-39,-22,-38,-43,-14,-42,16,-21,38,6,37]"
CSI_DATA,56541,d8:b1:90:d9:de:f0,-53,11,-99,-40,55,116,831978883,100,0,228,0,"[-18,1,-18,3,-18,5,-16,7,-15,9,-12,12,-12,15,99,-7,-8,18,-7,20,-5,21,-3,21,-2,22,-1,22,0,22,0,21,0,19,-1,16,0,13,-1,8,-1,2,59,6,-1,-11,0,-16,0,-21,1,-24,2,-27,4,-28,0,0,7,-29,8,-28,9,-24,9,-20,8,-15,7,-9,98,0,0,5,-3,11,-6,17,-10,21,-13,24,-16,24,-18,25,-19,25,-20,24,-19,22,-19,20,-18,18,-17,16,47,15,-10,8,-5,5,1,1,6,-1,11,-3,15,-3,18,-1,-3,2,-3,8,5,13,16,9,21,-5,13,-19,-4,-24,-30,3,-23,4,-13,18,4,20,17,9,16,-6,4,-14,-8,-9,-10,3,-1,11,12,5,14,-9,1,-21,-18,-17,-30,-2,-20,24,2,31,23,21,29,-1,18,-19,1,-23,0,0,-12,-2,-7,3,-2,1,-5,-3,-12,0,-14,11,0,20,13,22,27,9,27,-12,11,-26,-8,-24,-19,-11,-18,2,-9,9,-2,8,-1,5,-3,6,-1,12,9,16,9,22,30,-9,20,-31,-5,-42,-32,-30,-45,-3,-34,23,-10,34]"
CSI_DATA,56542,d8:b1:90:d9:de:f0,-53,11,-99,-40,55,116,831988946,100,0,228,0,"[-11,14,-11,15,-9,17,-6,17,-3,17,0,19,3,19,99,-7,7,18,9,19,10,19,12,18,13,18,14,18,14,17,13,17,12,15,10,14,7,11,4,7,1,3,59,6,-6,-8,-9,-13,-10,-17,-12,-21,-12,-25,-11,-26,0,0,-8,-28,-6,-28,-4,-26,-2,-22,0,-18,2,-11,14,0,3,4,2,11,1,17,-2,23,-4,27,-6,29,-8,30,-10,30,-11,29,-11,27,-11,25,-12,22,-11,19,-121,15,-8,11,-5,6,1,1,5,-3,11,-5,14,-5,17,-5,-1,4,4,8,13,5,17,-6,11,-18,-5,-23,-20,-14,-19,22,-14,20,4,22,18,11,19,-4,7,-15,-6,-13,-12,-3,-7,8,6,8,13,-3,5,-16,-12,-17,-25,-3,-25,16,-3,31,19,25,30,4,24,-17,6,-25,-11,-20,0,0,-12,4,-4,6,-1,2,-6,-1,-11,5,-8,16,9,18,22,15,29,-4,20,-21,0,-28,-16,-19,-22,-4,-15,8,-5,12,0,8,1,5,-1,7,3,12,14,13,15,18,27,-17,12,-36,-15,-41,-39,-22,-45,7,-28,30,-3,37]"
CSI_DATA,56543,d8:b1:90:d9:de:f0,-53,11,-99,-40,55,116,831999089,100,0,228,0,"[5,17,7,17,9,16,12,14,14,11,17,7,18,4,99,-7,20,-1,21,-4,20,-6,20,-8,20,-9,19,-11,18,-12,17,-12,16,-12,13,-10,11,-9,7,-4,3,0,59,6,-6,8,-11,12,-13,14,-17,17,-19,18,-21,19,0,0,-22,20,-22,17,-21,16,-18,13,-15,9,-10,5,-127,15,1,-5,7,-9,12,-12,17,-15,21,-17,24,-18,25,-18,25,-18,26,-18,24,-16,23,-16,21,-15,18,-13,-44,0,11,-7,6,-5,0,-1,-6,1,-11,2,-15,2,-18,2,3,3,9,1,11,-8,4,-18,-12,-18,-23,-5,-20,13,15,26,14,19,22,2,15,-14,-1,-19,-13,-11,-14,4,-4,12,8,7,9,-5,-3,-13,-16,-4,-17,13,0,25,19,23,30,-3,19,-25,-3,-31,-22,-19,-27,2,-15,17,0,0,9,9,7,1,2,0,3,5,10,6,17,-3,10,-18,-3,-26,-22,-19,-29,1,-21,19,-2,26,14,17,18,3,11,-6,5,-6,3,-4,4,-6,3,-11,-7,-17,-6,-22,-31,7,-23,29,1,43,30,33,45,4,33,-23,10,-34]"
CSI_DATA,56544,d8:b1:90:d9:de:f0,-53,11,-99,-38,54,116,832009107,100,0,228,0,"[-17,-8,-18,-7,-18,-4,-18,-1,-18,3,-17,7,-17,10,105,-7,-14,16,-13,17,-10,19,-9,20,-7,21,-6,22,-5,22,-5,22,-4,20,-3,17,-3,13,-2,8,-1,2,63,6,1,-10,2,-17,3,-21,5,-25,6,-28,8,-29,0,0,9,-30,10,-29,10,-25,10,-21,8,-16,7,-9,78,0,1,4,-2,11,-6,17,-9,21,-11,25,-15,27,-16,28,-17,28,-17,27,-17,26,-16,23,-15,21,-14,18,128,16,-8,9,-3,5,1,0,6,-3,11,-6,16,-7,18,-6,-4,-1,-7,5,-2,14,10,16,22,5,20,-13,6,-25,-28,-8,-25,-5,-19,13,-3,21,13,15,18,-1,8,-13,-4,-11,-10,0,-3,9,10,7,16,-7,5,-22,-16,-21,-31,-6,-25,21,-2,33,21,25,31,2,21,-17,4,-23,0,0,-13,-3,-7,2,-2,0,-5,-3,-13,-1,-15,11,0,21,15,25,30,8,29,-14,10,-29,-10,-26,-21,-10,-18,5,-8,10,-1,8,0,5,-2,6,1,13,11,15,13,19,28,-16,14,-37,-15,-41,-40,-22,-45,7,-28,33,0,38]"
CSI_DATA,56545,d8:b1:90:d9:de:f0,-53,11,-99,-38,54,116,832019298,100,0,228,0,"[16,-10,16,-10,14,-13,10,-15,7,-16,4,-18,2,-18,105,-7,-4,-20,-6,-20,-7,-21,-9,-20,-10,-21,-11,-20,-11,-19,-11,-19,-10,-17,-9,-15,-7,-11,-4,-7,0,-2,63,6,6,8,9,14,10,18,11,22,11,26,10,29,0,0,9,30,7,29,4,28,2,23,0,18,-1,11,-19,16,-3,-3,-3,-10,-2,-18,-1,-23,0,-28,2,-30,4,-32,5,-32,6,-32,6,-30,7,-28,7,-26,7,-22,114,0,4,-11,2,-6,-1,0,-4,5,-8,9,-13,10,-16,10,3,-4,-1,-9,-10,-9,-19,0,-16,16,-2,25,16,20,23,-17,19,-16,1,-23,-15,-16,-20,0,-10,14,3,15,11,4,7,-7,-4,-8,-13,2,-6,16,11,19,27,4,27,-15,5,-32,-19,-27,-32,-5,-26,17,-6,27,11,20,0,0,13,-4,3,-6,1,-1,6,0,10,-6,6,-17,-9,-18,-25,-14,-30,6,-18,26,3,30,20,19,25,1,15,-11,4,-13,-2,-7,-1,-4,0,-6,-4,-10,-16,-9,-18,-14,-22,23,-3,40,25,35,44,11,42,-18,20,-39,-7,-37]"
CSI_DATA,56546,d8:b1:90:d9:de:f0,-50,9,-99,-36,52,116,832035682,169,0,106,0,"[64,0,-33,0,-28,19,-33,0,-126,19,-54,0,126,19,-79,0,81,19,-115,0,38,19,-146,0,29,19,161,0,63,19,136,0,156,19,101,0,-19,19,42,0,158,0,-33,19,-33,0,-116,19,38,1,154,19,0,0,0,0,6,1,75,19,-84,0,99,19,102,0,-136,19,-71,19,14,0,124,19,-142,0,57,19,-11,0,45,19,54,1,73,19,69,1,112,19,47,1,-165,19,-16,0,-91,19,-136,0,-31,19,23,0,-23,19]"
CSI_DATA,56547,d8:b1:90:d9:de:f0,-53,11,-99,-40,55,116,832048707,100,0,228,0,"[17,6,18,4,19,2,17,-3,17,-6,15,-9,14,-12,99,-7,10,-17,8,-19,6,-20,4,-21,2,-22,0,-22,-1,-22,-2,-20,-2,-19,-2,-17,-2,-13,-1,-8,0,-2,59,6,4,9,5,15,6,19,7,23,7,26,7,28,0,0,7,29,5,28,5,26,3,22,2,18,0,12,2,0,-3,-3,-5,-10,-5,-17,-6,-22,-6,-26,-6,-29,-7,-30,-7,-30,-6,-30,-5,-28,-6,-27,-4,-25,-4,-21,-51,15,-3,-12,-2,-7,-1,0,-1,6,-1,11,-3,16,-5,18,4,-1,6,-7,0,-14,-12,-13,-22,-1,-17,16,-1,24,29,2,24,-1,15,-17,-3,-20,-16,-10,-16,6,-4,14,7,9,10,-3,0,-10,-12,-4,-11,11,3,21,22,14,29,-5,13,-28,-12,-29,-28,-12,-27,11,-10,24,9,21,0,0,12,-3,4,-6,1,-1,6,0,10,-6,5,-17,-12,-16,-25,-10,-27,11,-12,27,9,27,22,12,21,-6,10,-15,-1,-12,-4,-7,-3,-3,-3,-6,-8,-7,-18,-1,-22,-2,-6,30,18,33,40,14,41,-16,20,-40,-9,-41,-29,-21]"
CSI_DATA,56548,d8:b1:90:d9:de:f0,-53,11,-99,-40,55,116,832059006,100,0,228,0,"[-15,-9,-16,-9,-17,-6,-17,-3,-17,0,-17,4,-17,8,99,-7,-15,12,-15,14,-14,16,-12,18,-11,19,-10,20,-9,20,-8,20,-8,18,-6,15,-5,12,-3,7,-2,2,59,6,2,-10,5,-15,6,-19,8,-23,10,-25,12,-26,0,0,14,-26,15,-24,15,-22,13,-18,11,-14,8,-8,114,0,0,5,-5,10,-9,15,-13,19,-17,21,-18,23,-21,23,-21,23,-21,23,-21,20,-20,19,-19,17,-16,14,44,15,-10,8,-6,5,0,1,5,-1,11,-3,16,-3,18,-2,-4,-1,-8,5,-4,13,8,17,20,8,22,-9,9,-22,-26,-12,-23,-8,-20,10,-6,20,10,16,17,2,10,-10,-2,-12,-10,-2,-5,9,8,9,16,-4,8,-19,-11,-23,-27,-12,-27,16,-7,31,16,26,28,8,22,-13,7,-21,0,0,-12,-5,-7,2,-2,0,-4,-4,-12,-3,-16,8,-4,20,10,25,26,13,28,-8,15,-25,-5,-25,-17,-13,-17,0,-10,9,-3,8,-1,5,-3,6,-2,12,9,16,9,21,30,-9,20,-30,-6,-42,-33,-29,-45,-2,-32,24,-8,34]"
CSI_DATA,56549,d8:b1:90:d9:de:f0,-53,11,-99,-38,54,116,832078628,100,0,228,0,"[11,-14,10,-16,9,-17,6,-17,3,-18,0,-19,-4,-19,105,-7,-9,-18,-11,-18,-13,-18,-15,-17,-16,-16,-17,-16,-17,-16,-17,-15,-16,-14,-13,-11,-9,-8,-5,-6,-1,-2,63,6,8,6,13,10,16,15,18,19,19,21,19,23,0,0,17,26,15,26,11,25,9,21,6,18,2,11,9,0,-4,-3,-6,-9,-7,-17,-7,-22,-8,-27,-6,-31,-6,-32,-4,-32,-4,-32,-2,-30,-1,-29,0,-27,0,-23,40,0,1,-13,0,-7,0,-1,-2,5,-6,10,-9,14,-13,15,1,-4,-4,-8,-14,-6,-18,5,-11,19,5,23,21,14,18,-25,13,-20,-5,-23,-19,-10,-19,6,-6,17,7,13,13,2,5,-9,-7,-7,-11,5,-1,17,16,15,27,-2,22,-22,-4,-33,-27,-20,-32,3,-19,22,2,28,17,16,0,0,10,-8,2,-7,0,-2,5,-1,9,-8,1,-19,-15,-15,-28,-5,-27,15,-10,30,11,28,23,11,22,-5,11,-15,0,-14,-4,-7,-3,-4,-2,-6,-8,-8,-18,-4,-22,-8,-15,29,8,38,35,27,46,-1,35,-31,7,-42,-17,-32]"
CSI_DATA,56550,d8:b1:90:d9:de:f0,-53,11,-99,-40,55,116,832088893,100,0,228,0,"[-10,-15,-11,-14,-13,-12,-15,-9,-17,-5,-18,-1,-18,3,99,-7,-18,8,-17,11,-17,12,-15,15,-14,16,-14,17,-12,18,-11,18,-9,17,-8,15,-6,12,-4,7,-2,2,59,6,2,-10,3,-15,5,-19,7,-23,8,-26,9,-27,0,0,9,-28,10,-27,10,-24,9,-21,8,-16,6,-9,97,0,2,5,-1,12,-4,17,-6,21,-8,26,-9,28,-9,30,-9,29,-9,29,-8,28,-8,26,-7,24,-6,21,-123,15,-4,12,-2,6,0,0,4,-4,7,-10,10,-12,13,-13,-4,-2,-9,2,-8,11,2,18,16,13,23,-2,15,-19,-23,-19,-20,-14,-22,5,-9,18,7,18,16,5,12,-9,-1,-12,-9,-3,-5,8,8,10,16,-3,9,-19,-11,-23,-28,-12,-26,17,-5,31,18,26,29,6,21,-14,5,-22,0,0,-12,-3,-6,3,-2,1,-5,-3,-12,0,-13,12,2,20,17,21,29,4,24,-17,6,-28,-14,-22,-21,-6,-16,7,-5,12,1,8,1,5,0,6,5,11,15,9,19,13,19,-24,-1,-38,-28,-31,-45,-5,-36,25,-9,41,16,32]"
CSI_DATA,56551,d8:b1:90:d9:de:f0,-53,11,-99,-40,55,116,832099318,100,0,228,0,"[10,-15,9,-16,7,-16,3,-17,-1,-17,-4,-17,-7,-16,99,-7,-13,-15,-14,-14,-16,-13,-18,-12,-19,-11,-20,-10,-20,-9,-19,-8,-18,-7,-16,-6,-12,-5,-8,-3,-2,-2,59,6,10,2,15,4,19,6,23,8,25,10,26,12,0,0,26,13,25,14,22,13,19,13,14,10,8,8,109,0,-4,0,-10,-3,-16,-9,-20,-12,-22,-15,-23,-18,-23,-19,-24,-20,-23,-20,-21,-20,-20,-19,-18,-18,-15,-16,63,15,-8,-9,-5,-5,-1,0,3,5,4,10,4,16,3,18,1,-4,-5,-8,-13,-4,-16,8,-7,20,10,21,23,9,11,-26,7,-22,-10,-19,-20,-5,-15,11,-1,17,11,10,12,-3,2,-10,-9,-5,-9,8,4,16,20,8,23,-12,12,-27,-16,-26,-31,-6,-26,17,-7,28,13,22,21,6,0,0,5,-11,-3,-7,-1,-2,4,-4,3,-11,-9,-16,-20,-3,-25,11,-12,26,9,28,25,14,25,-6,13,-18,-2,-18,-8,-10,-7,-3,-5,-1,-6,-3,-12,-1,-16,9,-20,9,10,29,32,18,42,-8,27,-34,-1,-44,-26,-32,-36,-7]"
CSI_DATA,56552,d8:b1:90:d9:de:f0,-53,11,-99,-40,55,116,832109354,100,0,228,0,"[11,14,13,13,14,11,15,9,16,6,18,2,18,-1,99,-7,19,-5,19,-7,19,-9,18,-11,18,-12,18,-13,17,-14,16,-14,15,-12,13,-10,10,-8,7,-4,3,0,59,6,-7,7,-12,11,-16,12,-19,14,-22,15,-24,15,0,0,-26,13,-26,11,-24,9,-21,6,-18,4,-11,1,115,15,3,-3,10,-5,16,-5,22,-5,27,-5,30,-4,31,-3,30,-2,31,-1,28,0,28,1,25,1,22,2,13,1,13,3,7,1,1,0,-4,-3,-10,-7,-12,-10,-13,-12,4,2,9,-2,8,-12,-3,-18,-16,-14,-23,1,-16,18,20,21,18,15,22,-2,13,-16,-3,-18,-15,-9,-14,5,-3,12,8,6,8,-6,-3,-12,-16,-5,-16,12,-2,25,18,24,31,0,22,-22,0,-30,-19,-22,-26,-2,-18,14,0,0,7,11,6,3,2,1,1,6,8,10,18,4,15,-13,9,-26,-12,-27,-26,-12,-27,8,-13,22,4,22,13,11,13,0,8,-4,5,-3,7,-2,9,-7,5,-17,9,-20,-27,-16,-37,6,-27,31,-1,45,27,36,40,9,32,-15]"
CSI_DATA,56553,d8:b1:90:d9:de:f0,-53,11,-99,-38,54,116,832129044,100,0,228,0,"[-10,16,-8,17,-6,17,-2,18,2,17,6,17,10,16,105,-7,16,13,19,10,20,8,21,7,22,5,23,3,23,2,22,1,20,0,17,-1,14,-1,8,0,2,1,63,6,-10,3,-16,4,-20,5,-25,6,-27,6,-30,6,0,0,-31,6,-30,6,-28,5,-23,3,-18,2,-11,0,116,16,3,-3,9,-5,17,-7,22,-7,26,-9,29,-9,31,-9,30,-9,31,-9,29,-9,28,-8,26,-8,22,-7,6,1,13,-4,6,-2,0,0,-7,1,-13,1,-17,0,-20,-1,-1,4,5,8,14,4,17,-9,6,-21,-13,-21,-25,-6,-7,29,-3,25,15,18,21,1,13,-15,-3,-18,-14,-6,-10,7,2,10,10,1,5,-11,-10,-13,-22,2,-15,22,4,31,29,15,31,-10,13,-30,-10,-29,-26,-11,-22,8,0,0,3,14,6,4,2,1,0,6,7,10,18,5,17,-13,8,-28,-13,-28,-30,-10,-28,13,-11,26,8,22,17,8,14,-2,6,-6,3,-4,5,-4,5,-10,-2,-19,0,-23,-32,-2,-30,25,-7,43,23,39,44,13,39,-17,16,-33]"
CSI_DATA,56554,d8:b1:90:d9:de:f0,-53,11,-99,-40,55,116,832139151,100,0,228,0,"[11,-15,9,-16,7,-17,4,-18,0,-18,-4,-18,-7,-17,99,-7,-13,-15,-14,-14,-17,-13,-18,-11,-19,-10,-20,-9,-20,-8,-20,-7,-18,-6,-16,-5,-13,-4,-8,-3,-2,-2,59,6,10,1,16,0,20,3,24,3,27,4,29,5,0,0,29,7,27,7,25,7,21,7,16,7,10,5,122,0,-4,1,-12,-1,-17,-3,-22,-6,-26,-7,-28,-8,-29,-9,-30,-10,-30,-10,-27,-9,-26,-9,-24,-10,-21,-8,2,15,-13,-5,-6,-3,-2,0,4,4,8,8,10,11,11,13,0,-4,-5,-8,-13,-4,-16,9,-8,20,9,22,23,8,12,-27,7,-22,-11,-20,-21,-4,-15,11,0,17,12,9,11,-4,1,-10,-9,-4,-9,9,5,16,20,6,21,-14,8,-29,-20,-23,-31,-2,-22,21,-1,29,17,19,22,1,0,0,2,-12,-3,-6,-1,-2,3,-5,-1,-12,-13,-12,-20,2,-21,17,-3,28,18,23,28,5,21,-14,6,-21,-7,-16,-12,-5,-8,1,-5,0,-7,0,-11,4,-10,15,-14,19,23,22,38,2,33,-26,8,-44,-22,-40,-39,-14,-34,12]"
CSI_DATA,56555,d8:b1:90:d9:de:f0,-53,11,-99,-38,54,116,832149592,100,0,228,0,"[1,-19,0,-19,-2,-18,-5,-17,-9,-16,-11,-14,-15,-11,105,-7,-19,-8,-20,-6,-21,-5,-22,-4,-22,-2,-23,-1,-23,0,-22,1,-20,0,-18,0,-14,0,-8,0,-2,-1,63,6,10,-1,16,-1,21,0,25,1,28,3,31,4,0,0,31,6,30,7,26,8,22,8,17,7,10,6,128,0,-4,1,-11,-2,-17,-5,-22,-8,-26,-11,-27,-15,-28,-16,-28,-17,-27,-18,-25,-18,-22,-18,-20,-17,-17,-15,76,16,-9,-9,-5,-5,0,1,3,6,5,11,5,17,4,19,-1,-4,-7,-5,-14,3,-10,15,3,22,19,16,26,-2,-1,-30,-3,-25,-19,-14,-21,3,-10,17,5,17,14,5,10,-7,-2,-9,-10,-1,-5,11,9,13,22,1,18,-20,1,-31,-25,-20,-33,3,-20,26,2,31,20,18,23,0,0,0,1,-13,-4,-6,-1,-2,3,-5,0,-13,-13,-14,-21,1,-25,17,-7,30,15,28,29,10,26,-10,10,-21,-4,-18,-10,-8,-8,-1,-5,0,-6,-2,-11,0,-15,11,-20,11,13,29,35,17,43,-9,27,-38,-2,-45,-29,-32,-37,-6]"
CSI_DATA,56556,d8:b1:90:d9:de:f0,-53,11,-99,-40,55,116,832168625,100,0,228,0,"[-4,18,-3,19,-1,19,3,18,5,17,9,16,12,14,99,-7,16,12,17,11,19,10,19,8,21,7,21,6,21,5,21,5,19,4,16,4,13,3,8,3,2,2,59,6,-10,0,-15,-2,-20,-4,-23,-6,-26,-8,-28,-10,0,0,-27,-12,-25,-13,-23,-13,-19,-12,-14,-11,-8,-8,-93,15,4,0,11,5,15,9,18,13,21,17,22,19,22,22,21,22,21,23,19,22,18,22,16,20,13,18,-113,0,7,11,5,6,2,0,-1,-5,-1,-11,-1,-16,1,-18,1,4,7,5,14,-1,13,-13,0,-21,-15,-17,-24,-2,-5,30,-2,24,15,17,21,0,12,-14,-2,-17,-12,-8,-11,5,0,10,10,3,7,-10,-6,-15,-20,-5,-21,14,-8,28,19,24,31,3,25,-18,5,-28,-14,-21,-22,-5,0,0,-5,12,3,6,1,2,-4,4,-2,12,9,16,20,4,25,-9,13,-25,-8,-29,-24,-16,-25,3,-15,17,0,18,7,11,7,3,4,2,6,4,11,3,17,-7,22,-6,-6,-31,-28,-24,-43,0,-34,28,-8,45,19,37,33,14]"
CSI_DATA,56557,d8:b1:90:d9:de:f0,-53,11,-99,-40,55,116,832178741,100,0,228,0,"[-18,1,-19,2,-17,5,-16,8,-13,11,-10,15,-7,17,99,-7,-2,20,1,20,3,21,6,20,8,21,9,20,11,20,12,18,11,16,10,14,8,12,5,7,0,4,59,6,-9,-5,-14,-8,-16,-12,-20,-15,-22,-16,-23,-18,0,0,-23,-19,-21,-19,-20,-18,-17,-16,-12,-14,-6,-10,-73,15,5,-2,12,4,16,7,21,11,24,14,26,15,27,16,27,17,27,17,26,16,25,15,23,14,19,12,-36,0,12,8,5,5,1,1,-4,-4,-9,-8,-11,-11,-12,-14,-4,2,-2,9,6,13,17,7,20,-7,10,-22,-9,-23,-28,10,-21,11,-6,22,12,17,19,2,12,-12,-3,-14,-11,-4,-7,7,5,8,12,-3,4,-16,-14,-16,-25,1,-23,21,5,31,26,18,31,-7,16,-25,-6,-26,-19,-12,0,0,-8,10,0,8,0,4,-5,5,-3,12,8,16,22,3,26,-10,12,-27,-10,-28,-26,-14,-25,8,-12,19,3,18,10,9,9,1,6,1,8,1,13,-3,12,-14,15,-16,-21,-25,-39,-5,-37,24,-12,44,20,42,40,17,36,-10]"
CSI_DATA,56558,d8:b1:90:d9:de:f0,-53,11,-99,-37,54,116,832189053,100,0,228,0,"[-1,-19,-2,-20,-3,-19,-6,-18,-9,-16,-10,-15,-13,-14,102,-7,-18,-10,-19,-10,-20,-9,-21,-8,-21,-7,-22,-7,-22,-7,-21,-6,-19,-6,-16,-6,-11,-5,-7,-3,-2,-1,61,6,8,5,13,9,16,12,19,16,20,19,20,23,0,0,16,25,15,26,11,24,8,22,5,18,1,11,52,0,-2,-2,-3,-9,-3,-18,-2,-23,0,-27,2,-30,4,-31,6,-31,7,-30,9,-28,9,-26,10,-23,10,-21,73,0,6,-11,3,-7,-1,-1,-7,2,-11,4,-16,4,-19,3,-1,-4,-8,-4,-14,3,-11,14,2,22,18,15,25,0,2,-30,0,-24,-15,-16,-22,0,-13,14,2,18,12,9,12,-4,1,-11,-9,-5,-9,8,2,16,20,11,24,-8,15,-25,-9,-29,-28,-15,-31,8,-15,25,4,27,18,14,0,0,10,-8,1,-7,0,-1,6,0,10,-7,4,-18,-10,-15,-25,-10,-29,9,-16,26,5,29,21,18,23,0,14,-12,3,-12,-2,-8,-1,-4,1,-6,-3,-10,-13,-12,-15,-19,-27,16,-12,36,13,40,39,25,45,-4,31,-28,6,-36]"
CSI_DATA,56559,d8:b1:90:d9:de:f0,-53,11,-99,-41,55,116,832199125,100,0,228,0,"[12,13,13,13,15,11,16,8,19,5,19,2,19,-2,102,-7,19,-7,19,-9,19,-11,18,-13,16,-14,15,-15,14,-16,14,-16,12,-15,10,-12,8,-11,5,-6,2,-2,61,6,-6,8,-9,12,-13,15,-16,19,-19,21,-21,21,0,0,-22,21,-22,19,-22,16,-19,13,-15,9,-10,5,133,15,1,-3,7,-7,14,-10,19,-12,23,-14,26,-14,28,-14,28,-14,28,-14,27,-11,26,-11,24,-10,21,-8,-5,0,12,-5,6,-3,1,-1,-6,-1,-11,-1,-16,-3,-19,-5,3,2,9,-1,8,-11,-2,-19,-16,-13,-24,2,-15,20,23,21,20,14,23,-4,11,-19,-5,-19,-16,-7,-13,7,-1,12,9,6,8,-7,-5,-12,-16,-2,-14,15,3,26,22,20,30,-7,16,-27,-7,-30,-25,-16,-26,5,-13,20,0,0,10,8,7,0,2,0,1,5,9,7,18,-2,11,-16,0,-27,-21,-22,-30,-2,-23,18,-4,26,12,19,18,5,12,-4,5,-6,2,-4,5,-4,6,-10,-1,-18,-1,-24,-32,-2,-30,22,-10,42,20,41,42,18,40,-11,21,-29]"
CSI_DATA,56560,d8:b1:90:d9:de:f0,-53,11,-99,-40,55,116,832209445,100,0,228,0,"[17,9,18,8,18,6,18,3,18,0,19,-3,18,-7,99,-7,17,-11,16,-13,16,-15,15,-16,14,-18,14,-18,14,-18,12,-18,11,-17,10,-14,8,-11,5,-7,1,-2,59,6,-7,7,-10,13,-14,14,-18,17,-21,19,-23,19,0,0,-25,18,-25,15,-23,13,-21,10,-17,7,-11,3,118,15,2,-3,10,-5,15,-5,21,-6,26,-6,29,-5,31,-4,31,-3,32,-2,30,-1,28,0,26,1,23,2,22,1,13,2,7,1,0,-2,-5,-5,-9,-9,-11,-11,-12,-14,4,1,8,-4,4,-13,-8,-16,-20,-9,-22,8,-11,23,26,15,22,10,22,-8,7,-20,-8,-18,-17,-5,-12,10,1,13,10,5,7,-7,-5,-12,-17,-1,-14,16,4,25,22,20,30,-6,18,-27,-5,-31,-24,-18,-26,3,-15,17,0,0,9,10,7,1,1,0,1,5,8,9,18,2,15,-13,7,-27,-14,-26,-28,-11,-27,11,-13,24,5,22,14,11,14,-1,8,-5,4,-3,6,-1,10,-7,6,-17,10,-22,-26,-17,-38,4,-30,31,-4,46,25,38,41,12,34,-13]"
CSI_DATA,56561,d8:b1:90:d9:de:f0,-46,11,-99,-32,47,116,832228755,100,0,114,0,"[51,0,55,4,57,6,59,10,61,14,57,14,57,18,53,18,49,16,47,14,45,14,47,16,45,14,45,14,49,14,49,12,51,12,55,14,55,14,59,12,57,14,61,14,59,14,59,12,59,14,57,16,57,14,55,16,0,0,55,14,59,16,59,16,59,16,59,18,61,18,61,16,63,18,61,18,61,18,59,16,55,16,53,14,51,14,53,12,51,12,53,10,53,12,55,10,57,12,61,12,65,14,69,18,73,22,73,26,69,28,67,34,57,34]"
CSI_DATA,56562,d8:b1:90:d9:de:f0,-47,11,-99,-34,48,116,832238850,100,0,114,0,"[-11,-44,-9,-50,-5,-56,-1,-58,0,-58,3,-58,5,-52,7,-52,7,-46,9,-44,9,-44,9,-42,9,-44,9,-44,9,-46,9,-48,9,-50,9,-52,11,-54,11,-54,13,-56,13,-56,15,-54,15,-56,17,-54,15,-54,17,-52,19,-50,0,0,21,-54,21,-52,23,-54,23,-52,25,-54,27,-54,27,-54,29,-54,29,-54,29,-52,29,-50,27,-46,27,-46,27,-44,23,-44,25,-44,25,-42,25,-44,27,-46,29,-46,31,-48,36,-52,38,-52,46,-56,48,-54,56,-52,54,-42,52,-34]"
CSI_DATA,56563,d8:b1:90:d9:de:f0,-47,11,-99,-34,48,116,832258713,100,0,114,0,"[3,50,1,54,-1,58,-5,58,-7,62,-7,56,-7,56,-7,52,-5,48,-5,48,-3,46,-1,48,0,44,0,46,3,48,3,50,3,48,5,52,7,52,9,56,11,54,11,58,13,56,13,58,13,54,15,50,15,52,15,52,0,0,19,52,19,54,19,52,21,54,21,54,23,56,23,58,25,56,25,56,27,54,29,50,29,50,31,46,29,42,29,42,29,38,32,38,32,36,34,38,36,42,42,44,44,46,46,50,48,52,48,56,44,56,40,56,32,54]"
CSI_DATA,56564,d8:b1:90:d9:de:f0,-46,11,-99,-35,48,116,832278627,100,0,114,0,"[-37,-35,-37,-41,-35,-45,-33,-47,-31,-53,-27,-51,-25,-51,-23,-47,-21,-45,-21,-43,-19,-41,-21,-41,-21,-41,-21,-39,-23,-43,-25,-43,-25,-43,-27,-47,-25,-47,-27,-49,-31,-51,-31,-53,-31,-51,-29,-51,-27,-49,-27,-49,-29,-47,-27,-47,0,0,-25,-47,-27,-47,-25,-51,-25,-51,-27,-53,-29,-55,-29,-55,-29,-55,-25,-53,-29,-51,-27,-51,-27,-47,-25,-47,-25,-43,-23,-43,-23,-43,-23,-43,-27,-45,-29,-47,-29,-51,-31,-53,-31,-57,-33,-61,-31,-67,-29,-67,-23,-67,-17,-67,-11,-65]"
CSI_DATA,56565,d8:b1:90:d9:de:f0,-47,11,-99,-32,48,116,832289054,100,0,114,0,"[43,18,47,21,49,23,49,23,49,27,45,27,45,25,43,23,43,20,42,18,40,18,40,16,42,14,40,12,43,10,45,9,45,7,49,7,49,5,51,3,53,1,54,0,53,-1,54,-3,51,-3,53,-3,51,-5,49,-7,0,0,49,-10,51,-10,51,-12,53,-14,54,-16,54,-18,54,-20,53,-20,51,-21,49,-23,49,-25,45,-25,43,-25,40,-27,40,-27,36,-27,36,-29,34,-32,36,-34,38,-38,38,-42,40,-45,43,-47,49,-53,49,-51,49,-49,51,-45,47,-38]"
CSI_DATA,56566,d8:b1:90:d9:de:f0,-46,11,-99,-32,47,116,832308752,100,0,114,0,"[-26,-43,-26,-47,-24,-51,-24,-53,-20,-57,-18,-55,-18,-55,-16,-51,-16,-47,-16,-45,-16,-43,-18,-43,-18,-43,-22,-43,-24,-45,-24,-45,-26,-45,-26,-47,-30,-49,-30,-49,-32,-47,-34,-47,-34,-47,-36,-45,-34,-45,-34,-45,-34,-45,-36,-43,0,0,-36,-43,-39,-45,-39,-47,-41,-45,-41,-47,-43,-47,-45,-45,-47,-45,-45,-43,-47,-41,-47,-41,-47,-39,-43,-34,-43,-34,-41,-32,-43,-30,-43,-28,-45,-28,-49,-28,-53,-30,-57,-30,-57,-34,-61,-36,-63,-39,-63,-43,-61,-45,-55,-47,-49,-47]"
CSI_DATA,56567,d8:b1:90:d9:de:f0,-46,11,-99,-32,47,116,832319158,100,0,114,0,"[8,-49,14,-53,18,-55,20,-55,22,-57,24,-53,26,-49,26,-47,24,-43,24,-41,22,-39,24,-39,24,-41,24,-41,24,-43,24,-45,24,-47,24,-49,26,-51,26,-53,26,-51,26,-51,28,-51,26,-51,28,-49,28,-49,28,-49,30,-47,0,0,28,-49,30,-51,32,-51,32,-51,34,-51,36,-53,36,-51,39,-53,39,-53,36,-51,34,-51,32,-49,32,-45,28,-45,28,-45,30,-45,28,-45,28,-45,30,-49,34,-49,36,-53,41,-55,45,-57,49,-57,51,-55,53,-53,57,-47,55,-39]"
CSI_DATA,56568,d8:b1:90:d9:de:f0,-46,11,-99,-32,47,116,832338807,100,0,114,0,"[-4,-51,-2,-57,0,-57,2,-59,2,-61,2,-59,4,-59,4,-53,0,-51,0,-49,-2,-45,-4,-47,-6,-47,-8,-45,-10,-47,-14,-49,-14,-47,-16,-51,-20,-53,-22,-51,-24,-53,-26,-53,-28,-51,-30,-51,-28,-47,-30,-49,-30,-45,-34,-45,0,0,-34,-41,-39,-43,-41,-43,-43,-43,-45,-45,-47,-45,-49,-43,-47,-41,-49,-36,-49,-36,-51,-32,-51,-30,-49,-26,-47,-22,-49,-20,-47,-20,-49,-16,-51,-16,-55,-14,-59,-14,-61,-14,-65,-14,-69,-14,-75,-14,-75,-16,-73,-18,-69,-20,-63,-20]"
CSI_DATA,56569,d8:b1:90:d9:de:f0,-47,11,-99,-34,48,116,832348888,100,0,114,0,"[-23,-42,-21,-48,-21,-50,-19,-56,-17,-56,-15,-54,-13,-54,-13,-50,-13,-46,-13,-46,-15,-42,-15,-42,-15,-42,-19,-42,-21,-42,-23,-44,-23,-44,-25,-44,-27,-48,-29,-46,-31,-46,-32,-46,-32,-46,-34,-46,-34,-44,-34,-42,-34,-42,-34,-40,0,0,-34,-38,-36,-38,-36,-40,-38,-40,-40,-40,-42,-40,-44,-40,-46,-40,-44,-38,-44,-36,-44,-34,-46,-32,-44,-31,-44,-31,-42,-27,-44,-27,-42,-23,-44,-23,-48,-23,-52,-23,-56,-25,-58,-25,-62,-27,-63,-29,-65,-32,-63,-36,-58,-36,-52,-36]"
CSI_DATA,56570,d8:b1:90:d9:de:f0,-46,11,-99,-36,48,116,832359181,100,0,114,0,"[49,6,55,10,57,14,55,18,55,20,53,22,51,24,49,22,47,22,43,20,43,20,43,20,43,18,45,16,47,18,47,18,49,18,51,18,51,20,55,18,55,18,57,20,55,18,57,18,55,18,55,20,55,18,53,18,0,0,51,16,53,18,53,20,55,20,57,20,59,22,59,20,59,20,57,20,59,18,55,18,57,18,55,16,53,16,51,16,49,14,51,14,51,12,55,12,57,14,61,14,63,18,67,20,71,22,69,26,67,30,63,32,55,34]"
CSI_DATA,56571,d8:b1:90:d9:de:f0,-47,11,-99,-34,48,116,832378619,100,0,114,0,"[-1,46,-5,52,-11,56,-15,54,-17,56,-19,52,-21,50,-21,48,-21,44,-21,40,-19,38,-21,38,-21,38,-19,40,-21,42,-21,44,-21,42,-23,46,-23,48,-25,50,-23,48,-25,48,-25,48,-23,48,-27,48,-27,46,-27,48,-27,46,0,0,-27,44,-27,46,-29,46,-31,48,-31,48,-34,50,-34,48,-36,50,-34,48,-34,50,-32,48,-32,46,-29,44,-29,42,-29,42,-29,40,-29,40,-29,42,-31,44,-34,46,-36,48,-40,52,-44,52,-48,54,-50,54,-54,48,-58,42,-56,34]"
CSI_DATA,56572,d8:b1:90:d9:de:f0,-47,11,-99,-34,48,116,832388911,100,0,114,0,"[-1,-48,1,-52,5,-54,7,-56,7,-56,7,-56,7,-54,7,-52,5,-48,5,-46,1,-44,3,-44,1,-44,-1,-44,-1,-46,-3,-48,-7,-48,-7,-50,-9,-50,-13,-52,-13,-52,-17,-54,-17,-52,-19,-52,-17,-50,-19,-50,-21,-48,-23,-48,0,0,-23,-48,-23,-46,-27,-48,-29,-48,-31,-48,-32,-50,-34,-48,-34,-48,-34,-46,-36,-44,-36,-42,-36,-42,-36,-38,-38,-36,-38,-32,-38,-32,-38,-29,-42,-31,-44,-29,-48,-31,-54,-31,-56,-32,-58,-36,-62,-38,-62,-40,-60,-42,-54,-40,-50,-42]"
CSI_DATA,56573,d8:b1:90:d9:de:f0,-47,11,-99,-34,48,116,832408717,100,0,114,0,"[-44,15,-50,13,-54,13,-54,7,-58,7,-54,5,-54,1,-50,3,-48,1,-46,1,-44,3,-44,3,-44,5,-44,7,-46,7,-46,9,-48,9,-52,11,-52,11,-54,11,-50,13,-54,13,-54,11,-52,13,-52,15,-50,13,-50,15,-50,15,0,0,-52,15,-52,17,-52,15,-54,17,-54,17,-54,17,-56,17,-56,19,-56,19,-56,21,-52,21,-52,21,-48,21,-46,21,-46,21,-44,21,-44,23,-44,25,-46,25,-50,27,-54,29,-56,31,-62,32,-63,32,-65,31,-65,25,-67,21,-62,15]"
CSI_DATA,56574,d8:b1:90:d9:de:f0,-46,11,-99,-35,48,116,832428658,100,0,114,0,"[-13,47,-19,49,-25,51,-29,51,-31,51,-33,49,-33,43,-35,41,-31,37,-33,37,-31,35,-31,33,-31,33,-31,33,-31,35,-33,35,-33,37,-35,37,-35,41,-37,39,-39,39,-37,41,-39,39,-39,39,-39,37,-39,37,-39,35,-39,35,0,0,-41,35,-41,33,-43,33,-45,33,-47,35,-47,35,-49,35,-51,33,-51,31,-51,33,-49,31,-47,29,-45,27,-43,27,-43,27,-45,25,-43,25,-43,25,-45,27,-51,27,-55,31,-59,27,-63,29,-69,27,-71,23,-73,19,-71,13,-65,5]"
CSI_DATA,56575,d8:b1:90:d9:de:f0,-47,11,-99,-35,48,116,832438746,100,0,114,0,"[31,-35,37,-37,41,-37,43,-35,45,-37,43,-35,43,-35,41,-33,39,-31,35,-29,35,-29,33,-31,31,-33,29,-33,29,-37,29,-39,27,-39,29,-41,27,-43,27,-47,25,-47,27,-51,23,-49,21,-49,21,-49,17,-49,17,-51,17,-51,0,0,13,-49,13,-51,13,-53,11,-55,11,-57,11,-59,9,-61,9,-61,7,-61,3,-59,0,-59,0,-57,-1,-55,-3,-53,-3,-51,-5,-49,-7,-51,-9,-51,-11,-55,-13,-59,-15,-61,-17,-65,-19,-69,-21,-73,-19,-75,-15,-75,-11,-73,-7,-65]"
CSI_DATA,56576,d8:b1:90:d9:de:f0,-47,11,-99,-35,48,116,832448908,100,0,114,0,"[-47,-13,-51,-17,-51,-19,-53,-23,-49,-23,-49,-25,-47,-25,-45,-25,-41,-21,-41,-21,-39,-21,-39,-21,-39,-19,-41,-17,-43,-17,-43,-17,-45,-17,-47,-17,-49,-17,-49,-15,-53,-17,-55,-15,-53,-13,-55,-13,-53,-13,-53,-13,-51,-13,-53,-11,0,0,-53,-9,-51,-11,-55,-11,-55,-9,-59,-11,-61,-11,-61,-7,-61,-9,-59,-7,-59,-7,-57,-3,-55,-5,-53,-3,-53,-1,-49,-1,-51,0,-49,0,-53,1,-55,1,-59,3,-63,3,-67,3,-69,1,-73,1,-73,-1,-73,-3,-69,-7,-67,-13]"
CSI_DATA,56577,d8:b1:90:d9:de:f0,-46,11,-99,-35,48,116,832468858,100,0,114,0,"[45,19,47,27,45,29,47,33,45,33,43,35,39,37,35,37,35,33,33,35,31,29,31,33,29,33,29,33,31,35,33,35,31,33,35,37,37,37,35,39,37,43,39,41,37,41,37,39,35,41,35,45,33,41,33,43,0,0,33,41,31,43,33,45,33,47,33,49,37,51,35,49,35,51,33,47,31,49,29,51,27,49,27,45,27,43,27,43,27,45,27,43,29,45,31,47,31,51,33,53,33,57,31,63,27,67,23,69,21,69,15,69,9,67]"
CSI_DATA,56578,d8:b1:90:d9:de:f0,-47,11,-99,-34,48,116,832478866,100,0,114,0,"[34,-32,40,-34,46,-32,48,-32,48,-32,48,-32,46,-31,44,-29,40,-29,38,-27,36,-29,34,-31,32,-31,32,-32,31,-36,32,-36,31,-40,32,-42,31,-44,31,-48,27,-48,27,-50,25,-50,23,-52,21,-50,19,-48,19,-50,17,-50,0,0,15,-52,13,-52,13,-54,11,-58,9,-56,9,-58,5,-60,3,-60,1,-60,1,-60,-1,-58,-3,-56,-5,-52,-5,-52,-7,-50,-9,-48,-11,-48,-15,-48,-15,-50,-19,-54,-23,-58,-25,-62,-27,-65,-29,-67,-27,-69,-25,-69,-21,-67,-15,-63]"
CSI_DATA,56579,d8:b1:90:d9:de:f0,-47,11,-99,-34,48,116,832498643,100,0,114,0,"[40,25,42,31,42,32,44,36,42,38,42,38,38,38,36,36,36,32,34,32,34,31,34,31,32,29,34,27,36,29,38,29,42,29,42,29,44,29,44,29,46,29,48,27,48,27,50,27,46,25,46,25,46,23,48,23,0,0,50,21,48,23,50,23,52,21,54,21,54,23,56,21,54,21,56,21,54,17,54,17,54,17,52,15,50,13,48,11,50,11,50,9,52,7,54,5,58,5,62,7,65,9,67,9,71,11,73,15,73,17,65,19,62,23]"
CSI_DATA,56580,d8:b1:90:d9:de:f0,-46,11,-99,-32,47,116,832508867,100,0,114,0,"[-22,43,-26,47,-32,47,-36,45,-41,43,-41,41,-41,36,-41,36,-39,34,-36,32,-36,30,-34,32,-32,30,-32,32,-34,34,-34,34,-36,34,-39,36,-41,39,-41,41,-41,41,-43,41,-41,43,-41,41,-39,39,-41,39,-39,39,-39,41,0,0,-41,39,-41,39,-43,39,-43,36,-45,41,-47,41,-47,43,-47,41,-47,41,-45,41,-43,41,-43,39,-41,39,-39,36,-39,34,-39,36,-36,36,-39,36,-41,41,-43,43,-45,45,-51,45,-53,49,-59,49,-61,47,-63,41,-63,34,-61,28]"
CSI_DATA,56581,d8:b1:90:d9:de:f0,-46,11,-99,-36,48,116,832528702,100,0,114,0,"[36,30,41,34,43,36,43,41,45,41,43,41,39,39,39,39,36,34,36,32,36,28,36,28,39,26,39,26,41,26,45,22,47,22,49,22,53,22,53,18,55,18,55,18,55,16,57,12,55,12,55,10,55,8,53,6,0,0,57,4,57,2,57,0,59,0,61,-2,59,-2,61,-4,61,-6,61,-8,59,-10,59,-12,55,-14,53,-16,53,-18,49,-18,49,-20,45,-22,47,-24,47,-26,51,-30,53,-34,57,-39,59,-39,63,-43,65,-43,67,-41,65,-36,63,-30]"
CSI_DATA,56582,d8:b1:90:d9:de:f0,-47,11,-99,-33,48,116,832538776,100,0,114,0,"[-47,-13,-50,-16,-52,-18,-54,-22,-52,-24,-50,-26,-48,-26,-47,-24,-43,-20,-41,-20,-39,-20,-41,-18,-41,-16,-43,-15,-45,-15,-45,-13,-48,-13,-48,-15,-50,-13,-52,-11,-54,-11,-54,-11,-54,-9,-54,-7,-52,-5,-52,-5,-50,-3,-52,-3,0,0,-50,-1,-50,-1,-54,-1,-54,-1,-56,0,-58,0,-58,0,-58,1,-58,3,-56,5,-54,7,-52,7,-50,9,-48,9,-47,9,-47,11,-45,11,-47,15,-48,16,-52,16,-56,18,-60,20,-62,22,-67,24,-69,22,-69,18,-69,13,-64,7]"
CSI_DATA,56583,d8:b1:90:d9:de:f0,-47,11,-99,-33,48,116,832548869,100,0,114,0,"[41,28,41,32,41,37,39,39,41,43,37,41,35,45,33,41,30,35,28,37,28,33,28,35,28,33,30,33,30,35,32,35,33,35,35,37,37,37,37,37,37,39,41,37,39,37,41,37,37,37,37,37,37,35,37,35,0,0,37,35,39,35,41,37,43,37,43,39,43,39,45,39,45,41,45,37,45,37,43,37,43,35,39,35,39,32,41,30,39,30,41,30,41,28,43,28,47,32,50,33,54,35,56,41,58,43,56,48,54,50,50,50,43,48]"
CSI_DATA,56584,d8:b1:90:d9:de:f0,-46,11,-99,-36,48,116,832568955,100,0,114,0,"[-12,-47,-12,-53,-12,-57,-10,-59,-8,-57,-8,-59,-6,-55,-8,-53,-10,-49,-10,-47,-12,-45,-12,-43,-14,-43,-16,-43,-18,-45,-22,-47,-22,-47,-24,-45,-28,-47,-30,-45,-32,-47,-34,-47,-34,-43,-39,-43,-34,-39,-36,-41,-41,-36,-41,-36,0,0,-43,-34,-43,-32,-47,-34,-47,-32,-53,-34,-53,-32,-55,-30,-55,-28,-57,-26,-55,-24,-55,-22,-55,-20,-55,-16,-53,-14,-51,-10,-51,-10,-51,-8,-53,-6,-55,-4,-59,0,-61,0,-69,0,-69,2,-78,0,-80,0,-80,-2,-71,-4,-67,-8]"
CSI_DATA,56585,d8:b1:90:d9:de:f0,-46,11,-99,-36,48,116,832578964,100,0,114,0,"[0,49,-2,53,-6,57,-8,59,-10,59,-10,57,-10,55,-8,53,-8,49,-8,47,-8,47,-4,47,-4,47,-2,47,0,49,2,51,2,51,2,53,4,55,6,55,8,57,8,57,10,57,10,57,12,55,14,53,14,53,16,53,0,0,18,53,18,53,18,55,22,53,22,53,24,55,24,57,26,57,26,57,28,55,28,53,30,49,30,47,32,45,30,43,30,43,32,41,36,41,39,41,41,45,47,47,47,51,51,51,53,55,53,57,51,61,43,59,39,57]"
CSI_DATA,56586,d8:b1:90:d9:de:f0,-47,11,-99,-33,48,116,832598718,100,0,114,0,"[41,24,43,30,43,32,43,35,43,39,41,37,37,39,35,37,33,33,33,33,32,32,32,33,30,30,32,32,33,32,33,33,35,32,37,33,39,33,41,33,41,35,43,33,45,33,45,33,41,33,41,33,41,32,41,32,0,0,41,32,41,32,41,33,43,32,43,33,47,35,47,33,47,35,47,33,47,32,45,32,45,33,43,32,43,28,43,28,41,26,43,26,43,26,47,26,50,28,54,28,56,32,58,33,58,39,58,43,56,43,52,47,43,47]"
CSI_DATA,56587,d8:b1:90:d9:de:f0,-50,9,-99,-36,52,116,832617259,756,0,106,0,"[-16,19,-16,0,-119,19,-62,0,106,19,-150,0,45,19,86,0,15,19,-14,19,14,19,-98,19,29,19,-155,19,75,19,155,19,159,19,-132,19,-55,19,-20,19,63,0,125,0,164,0,-63,0,-117,0,22,1,0,0,0,0,-81,0,51,1,-114,0,-28,0,155,0,142,0,75,0,-69,19,-12,19,51,19,-67,19,-88,18,-77,19,-142,18,-75,19,-142,18,-55,19,-102,18,-40,19,-19,18,-24,19,121,19,-3,19,-9,19,40,0]"
CSI_DATA,56588,d8:b1:90:d9:de:f0,-46,11,-99,-35,48,116,832628788,100,0,114,0,"[11,-47,15,-53,19,-55,21,-55,21,-57,21,-55,21,-51,19,-49,17,-47,17,-45,15,-43,15,-43,13,-43,13,-45,13,-47,9,-49,9,-51,7,-53,7,-55,5,-55,3,-55,1,-57,3,-57,0,-55,0,-55,0,-55,0,-55,-1,-55,0,0,-3,-55,-7,-55,-7,-57,-7,-57,-11,-59,-11,-59,-11,-61,-13,-61,-15,-59,-15,-59,-17,-57,-15,-55,-17,-53,-19,-49,-21,-47,-21,-47,-23,-45,-27,-45,-29,-47,-29,-49,-33,-51,-35,-55,-37,-59,-37,-63,-37,-65,-35,-67,-29,-63,-27,-63]"
CSI_DATA,56589,d8:b1:90:d9:de:f0,-46,11,-99,-35,48,116,832648695,100,0,114,0,"[-47,13,-51,13,-59,9,-61,7,-59,5,-57,3,-55,1,-51,1,-47,1,-47,0,-47,0,-45,0,-45,1,-47,1,-49,1,-51,1,-51,3,-53,1,-53,5,-55,5,-55,5,-55,5,-57,5,-59,5,-55,3,-53,3,-55,3,-53,5,0,0,-55,5,-57,3,-57,5,-57,5,-57,5,-59,3,-61,5,-61,5,-61,3,-61,3,-57,7,-55,5,-55,5,-53,7,-51,5,-51,7,-51,9,-51,9,-53,11,-59,9,-63,13,-67,11,-71,11,-73,9,-79,5,-77,1,-75,-1,-67,-7]"
CSI_DATA,56590,d8:b1:90:d9:de:f0,-47,11,-99,-33,48,116,832668630,100,0,114,0,"[20,43,20,47,20,48,20,52,20,54,18,52,18,50,18,48,18,43,18,43,20,39,20,41,22,37,24,37,26,37,28,37,30,37,32,37,33,37,37,35,39,37,41,35,43,35,43,33,43,32,43,30,45,28,43,26,0,0,47,22,47,22,50,22,50,22,52,20,52,18,56,18,56,18,56,15,56,11,54,9,54,9,50,5,50,3,48,1,48,-1,47,-3,48,-5,50,-7,54,-11,60,-13,62,-13,64,-15,69,-15,71,-15,69,-13,67,-11,64,-7]"
CSI_DATA,56591,d8:b1:90:d9:de:f0,-47,11,-99,-33,48,116,832678790,100,0,114,0,"[-26,-39,-28,-45,-28,-48,-26,-52,-22,-52,-20,-50,-20,-48,-18,-47,-18,-43,-18,-41,-16,-41,-20,-39,-20,-37,-22,-39,-24,-39,-26,-41,-30,-41,-28,-43,-30,-43,-33,-43,-32,-43,-33,-43,-35,-41,-35,-41,-35,-39,-35,-37,-37,-37,-37,-35,0,0,-39,-35,-37,-37,-39,-37,-41,-35,-43,-39,-43,-37,-47,-37,-47,-37,-47,-35,-45,-33,-45,-30,-45,-30,-45,-26,-45,-24,-43,-24,-43,-22,-43,-20,-45,-22,-47,-20,-50,-20,-54,-20,-58,-22,-62,-22,-65,-24,-67,-28,-65,-30,-60,-33,-54,-33]"
CSI_DATA,56592,d8:b1:90:d9:de:f0,-47,11,-99,-33,48,116,832688880,100,0,114,0,"[39,30,41,33,39,39,39,41,37,45,35,43,33,43,30,41,28,37,28,37,26,35,28,35,26,33,28,35,30,35,30,35,33,37,33,39,35,39,37,41,35,39,37,39,35,41,39,39,35,39,35,37,37,39,37,37,0,0,37,37,37,39,39,39,39,39,41,41,41,41,41,41,41,41,41,41,41,39,41,37,39,37,39,33,37,33,37,32,37,32,37,30,39,30,41,32,43,33,47,33,50,37,50,41,54,45,54,48,50,50,47,52,41,50]"
CSI_DATA,56593,d8:b1:90:d9:de:f0,-46,11,-99,-35,48,116,832708922,100,0,114,0,"[39,29,43,35,43,37,45,39,45,41,45,41,41,41,41,39,39,33,39,31,37,29,37,27,39,25,41,23,43,23,45,21,47,19,49,19,51,17,53,15,53,17,57,13,55,11,57,9,53,9,55,7,55,3,53,3,0,0,53,0,53,-1,55,-3,55,-5,59,-5,61,-7,59,-9,61,-9,59,-13,57,-15,55,-17,53,-17,49,-19,47,-21,43,-21,43,-23,41,-25,41,-29,43,-31,43,-35,47,-37,49,-41,49,-45,53,-47,53,-47,55,-45,53,-41,53,-39]"
CSI_DATA,56594,d8:b1:90:d9:de:f0,-47,11,-99,-33,48,116,832728637,100,0,114,0,"[-47,-9,-52,-13,-54,-15,-56,-18,-54,-18,-54,-18,-50,-20,-50,-20,-45,-16,-43,-16,-41,-15,-41,-13,-43,-13,-43,-11,-45,-11,-47,-9,-48,-9,-50,-7,-52,-7,-52,-5,-54,-5,-54,-3,-54,-5,-54,-1,-52,-1,-52,-1,-52,0,-52,-1,0,0,-52,1,-52,3,-54,3,-56,3,-58,5,-56,5,-58,5,-56,5,-58,9,-54,9,-54,11,-54,11,-50,13,-50,13,-47,15,-47,16,-45,16,-47,20,-47,20,-50,20,-52,24,-56,26,-60,28,-64,30,-65,28,-65,26,-64,22,-62,16]"
CSI_DATA,56595,d8:b1:90:d9:de:f0,-47,11,-99,-33,48,116,832738954,100,0,114,0,"[9,48,5,54,0,58,-3,60,-3,60,-5,58,-7,56,-7,52,-7,47,-9,47,-9,45,-7,45,-7,45,-5,45,-5,45,-5,48,-5,48,-5,50,-5,54,-5,54,-3,54,-5,54,-5,54,-5,56,-5,54,-5,52,-5,52,-7,50,0,0,-7,52,-5,50,-7,52,-7,56,-7,58,-9,58,-11,58,-9,58,-9,58,-9,56,-5,54,-7,54,-5,52,-5,50,-5,50,-3,48,-1,47,-1,48,-1,50,-5,54,-5,60,-5,62,-7,65,-7,69,-11,71,-15,69,-18,65,-20,60]"
CSI_DATA,56596,d8:b1:90:d9:de:f0,-46,11,-99,-35,48,116,832758629,100,0,114,0,"[-39,31,-45,33,-51,31,-55,27,-55,23,-55,19,-55,15,-51,15,-49,15,-49,13,-47,11,-45,11,-45,11,-45,9,-49,11,-51,11,-51,11,-53,9,-53,9,-55,9,-55,9,-55,9,-55,9,-57,7,-55,7,-57,5,-55,3,-55,5,0,0,-55,1,-55,0,-55,0,-55,-1,-59,-1,-61,-1,-63,-3,-61,-3,-59,-5,-59,-5,-57,-5,-55,-7,-55,-7,-51,-7,-51,-7,-49,-7,-47,-7,-51,-7,-53,-5,-57,-7,-61,-9,-63,-13,-65,-15,-69,-21,-69,-27,-67,-29,-61,-33,-55,-37]"
CSI_DATA,56597,d8:b1:90:d9:de:f0,-46,11,-99,-35,48,116,832768811,100,0,114,0,"[-47,17,-53,15,-57,15,-59,13,-59,13,-55,11,-53,7,-51,9,-47,9,-49,7,-45,9,-45,9,-45,11,-45,13,-45,15,-45,19,-45,21,-47,23,-49,23,-49,27,-49,27,-49,29,-49,29,-49,31,-47,31,-45,31,-45,31,-43,33,0,0,-43,33,-43,37,-43,37,-43,41,-45,41,-45,43,-43,43,-45,43,-41,45,-39,45,-37,45,-33,43,-29,43,-27,43,-27,43,-25,43,-23,45,-23,47,-23,49,-25,51,-25,57,-25,61,-27,63,-29,67,-29,67,-31,65,-35,63,-35,55]"
CSI_DATA,56598,d8:b1:90:d9:de:f0,-46,11,-99,-35,48,116,832788665,100,0,114,0,"[45,23,47,29,47,33,47,37,49,41,45,41,41,41,39,39,37,35,35,35,33,31,33,33,33,31,35,31,37,31,37,33,39,33,41,35,43,35,45,35,43,35,45,35,45,35,45,33,45,35,43,35,43,33,41,33,0,0,43,33,45,33,45,35,47,37,49,37,49,39,51,37,49,37,49,35,49,35,49,35,45,33,45,31,43,31,43,29,43,27,43,27,45,27,47,27,49,29,51,31,55,33,57,35,61,41,61,43,57,45,53,49,47,47]"
CSI_DATA,56599,d8:b1:90:d9:de:f0,-46,11,-99,-36,48,116,832798759,100,0,114,0,"[-22,-47,-20,-53,-16,-57,-14,-61,-12,-61,-8,-61,-6,-57,-4,-57,-4,-51,0,-49,-2,-49,0,-47,-2,-47,0,-47,0,-49,0,-51,-2,-53,-2,-53,-2,-55,0,-55,-2,-57,-2,-57,0,-57,0,-57,2,-55,2,-55,2,-55,4,-53,0,0,4,-57,4,-55,6,-57,6,-57,6,-61,8,-61,10,-63,12,-63,12,-61,12,-59,10,-57,12,-57,10,-55,10,-55,10,-51,10,-51,8,-49,10,-51,10,-53,12,-57,12,-59,16,-63,18,-65,20,-69,24,-71,30,-71,32,-63,34,-55]"
CSI_DATA,56600,d8:b1:90:d9:de:f0,-46,11,-99,-35,48,116,832818743,100,0,114,0,"[-21,45,-25,49,-31,51,-33,51,-35,51,-33,49,-33,47,-33,45,-29,41,-29,39,-27,39,-25,41,-23,41,-23,41,-21,45,-21,47,-19,47,-19,49,-19,51,-17,55,-15,55,-17,57,-15,57,-15,57,-13,55,-9,55,-11,55,-11,53,0,0,-7,55,-9,57,-7,57,-5,57,-3,59,-5,61,-5,61,-3,61,-1,61,0,59,1,57,1,57,3,55,5,55,7,51,7,51,9,49,11,51,13,53,13,57,17,59,17,63,19,67,19,69,19,71,15,71,11,69,7,63]"
CSI_DATA,56601,d8:b1:90:d9:de:f0,-47,11,-99,-34,48,116,832838710,100,0,114,0,"[-29,-40,-27,-46,-25,-52,-25,-54,-25,-56,-21,-56,-17,-54,-13,-50,-13,-46,-11,-46,-11,-44,-11,-44,-11,-42,-13,-42,-13,-46,-15,-46,-15,-48,-17,-50,-19,-50,-17,-52,-19,-50,-21,-50,-17,-52,-19,-54,-17,-52,-17,-50,-17,-50,-17,-48,0,0,-15,-52,-17,-52,-17,-52,-17,-54,-17,-54,-17,-54,-17,-56,-15,-58,-17,-56,-17,-54,-15,-52,-17,-52,-15,-50,-15,-48,-17,-46,-15,-46,-15,-46,-17,-44,-19,-48,-21,-50,-21,-56,-21,-60,-21,-62,-19,-65,-17,-71,-11,-71,-9,-67,-5,-62]"
CSI_DATA,56602,d8:b1:90:d9:de:f0,-47,11,-99,-34,48,116,832858811,100,0,114,0,"[44,19,48,23,52,27,52,29,54,32,52,31,50,31,46,29,42,23,42,23,40,21,40,19,42,17,42,17,44,15,46,13,50,13,52,9,54,9,54,7,56,7,56,5,56,5,56,1,54,1,52,1,52,0,54,0,0,0,54,-3,54,-5,56,-5,56,-7,58,-7,58,-9,58,-11,60,-11,58,-15,58,-15,54,-17,50,-17,50,-19,46,-21,44,-21,42,-21,40,-23,40,-25,42,-27,44,-31,48,-32,50,-36,52,-38,54,-38,58,-40,58,-38,58,-34,54,-29]"
CSI_DATA,56603,d8:b1:90:d9:de:f0,-46,11,-99,-36,48,116,832878627,100,0,114,0,"[-26,-45,-26,-51,-24,-53,-20,-57,-20,-61,-16,-59,-14,-57,-14,-53,-12,-51,-10,-49,-12,-47,-14,-47,-14,-45,-16,-45,-18,-47,-20,-47,-18,-49,-20,-51,-20,-53,-22,-53,-24,-51,-24,-53,-24,-53,-26,-53,-26,-53,-26,-51,-26,-51,-22,-47,0,0,-24,-49,-26,-49,-26,-51,-26,-53,-28,-53,-28,-55,-28,-55,-28,-57,-30,-55,-32,-53,-30,-51,-30,-49,-30,-45,-28,-45,-30,-43,-28,-41,-28,-41,-32,-41,-32,-41,-34,-45,-39,-47,-39,-51,-43,-53,-45,-57,-43,-59,-39,-61,-34,-61,-28,-59]"
CSI_DATA,56604,d8:b1:90:d9:de:f0,-47,11,-99,-34,48,116,832889022,100,0,114,0,"[40,-27,46,-29,50,-27,54,-23,58,-21,58,-17,56,-13,54,-13,50,-11,48,-9,46,-7,46,-9,46,-9,46,-9,46,-7,48,-9,48,-9,50,-9,54,-7,54,-9,58,-9,58,-7,56,-7,56,-7,54,-5,54,-5,54,-5,52,-3,0,0,54,-3,54,-1,58,0,56,0,60,0,60,1,60,1,62,3,58,3,58,1,58,5,54,3,50,3,50,1,48,3,50,3,46,3,50,3,52,3,54,3,58,5,60,7,63,9,67,13,67,15,65,21,62,25,58,29]"
CSI_DATA,56605,d8:b1:90:d9:de:f0,-46,11,-99,-36,48,116,832908686,100,0,114,0,"[12,-51,16,-55,18,-55,20,-55,22,-61,22,-59,24,-57,22,-53,18,-51,18,-49,14,-45,14,-47,12,-47,10,-47,10,-49,6,-53,6,-49,4,-55,2,-55,2,-57,-2,-59,-4,-63,-2,-61,-6,-59,-6,-57,-8,-57,-8,-53,-8,-55,0,0,-12,-53,-14,-55,-14,-57,-16,-61,-18,-61,-20,-61,-22,-61,-20,-61,-24,-57,-24,-57,-26,-53,-26,-51,-26,-47,-26,-45,-28,-43,-30,-41,-30,-41,-34,-41,-36,-41,-39,-43,-43,-45,-45,-45,-47,-47,-49,-51,-51,-51,-45,-53,-45,-53,-39,-53]"
CSI_DATA,56606,d8:b1:90:d9:de:f0,-47,11,-99,-34,48,116,832918815,100,0,114,0,"[-44,-23,-46,-27,-48,-31,-46,-32,-50,-38,-46,-36,-44,-38,-40,-36,-40,-32,-36,-32,-34,-29,-36,-31,-36,-27,-36,-27,-40,-27,-40,-27,-40,-25,-44,-27,-46,-25,-50,-25,-48,-29,-54,-27,-50,-25,-50,-25,-50,-25,-50,-23,-48,-23,-48,-23,0,0,-48,-21,-50,-21,-52,-21,-56,-21,-56,-23,-58,-23,-58,-23,-56,-21,-56,-19,-56,-19,-56,-17,-52,-17,-50,-13,-48,-13,-48,-11,-46,-9,-50,-7,-50,-7,-52,-7,-54,-7,-56,-7,-60,-9,-65,-9,-69,-11,-65,-13,-63,-15,-65,-19,-60,-21]"
CSI_DATA,56607,d8:b1:90:d9:de:f0,-46,11,-99,-32,47,116,832928944,100,0,114,0,"[2,51,0,57,-6,61,-10,63,-12,61,-14,59,-14,57,-16,53,-14,49,-16,49,-14,45,-14,47,-14,47,-14,49,-14,49,-12,51,-12,51,-14,53,-14,55,-14,55,-14,57,-14,59,-14,57,-14,57,-14,55,-14,55,-14,55,-14,55,0,0,-16,55,-16,55,-16,57,-16,59,-18,59,-20,61,-20,63,-20,61,-20,59,-18,59,-16,57,-16,55,-14,53,-14,51,-14,49,-14,49,-12,49,-12,49,-14,53,-14,57,-16,59,-18,63,-18,65,-20,69,-26,69,-30,67,-32,61,-34,55]"
CSI_DATA,56608,d8:b1:90:d9:de:f0,-49,11,-99,-36,51,116,832945109,277,0,106,0,"[78,21,-173,21,146,21,130,21,-143,21,65,21,-69,21,27,21,8,0,0,21,56,0,-4,20,93,0,-8,20,95,0,23,21,63,0,122,21,8,0,-78,21,-46,21,136,0,-55,21,-46,0,-55,21,71,1,0,0,0,0,50,0,119,1,97,0,17,1,109,0,-173,0,56,0,-56,21,-46,21,97,21,-149,21,-56,20,141,21,-104,20,94,21,-84,20,94,21,-13,20,117,21,91,21,-157,21,-151,21,1,0,0,0,-177,0]"
CSI_DATA,56609,d8:b1:90:d9:de:f0,-46,11,-99,-32,47,116,832958792,100,0,114,0,"[30,45,32,51,32,53,30,57,26,59,26,59,24,57,22,53,24,49,22,47,22,45,22,43,24,41,24,41,28,43,30,43,34,43,32,45,36,45,39,43,39,43,41,43,41,43,43,43,43,39,43,39,45,36,45,39,0,0,45,36,45,36,49,36,51,36,51,36,53,36,55,36,53,34,53,32,51,28,53,28,51,26,51,24,49,22,49,20,49,18,49,16,51,16,53,16,57,16,59,14,63,16,67,16,71,18,71,20,71,22,65,24,59,24]"
CSI_DATA,56610,d8:b1:90:d9:de:f0,-46,11,-99,-35,48,116,832978732,100,0,114,0,"[49,-11,57,-7,61,-3,63,-1,63,1,61,1,57,5,55,5,51,3,51,5,47,5,47,5,45,5,45,5,49,5,51,3,51,3,53,3,53,3,55,3,57,1,57,1,59,1,59,1,55,3,55,3,55,3,53,3,0,0,55,3,57,3,57,5,57,5,59,5,61,5,61,5,61,7,61,7,59,5,57,5,57,7,55,5,53,3,49,3,51,3,49,3,49,1,53,1,55,1,59,1,63,3,65,3,69,5,71,11,71,13,65,17,59,21]"
CSI_DATA,56611,d8:b1:90:d9:de:f0,-46,11,-99,-35,48,116,832989041,100,0,114,0,"[-7,53,-13,57,-19,59,-25,59,-27,55,-29,53,-31,49,-33,47,-31,43,-31,39,-31,37,-31,37,-29,35,-29,35,-31,35,-31,39,-33,37,-35,37,-37,39,-37,39,-41,41,-39,41,-41,39,-41,39,-39,37,-39,35,-41,35,-41,31,0,0,-43,31,-45,31,-47,31,-47,29,-51,29,-53,29,-55,27,-55,27,-55,25,-53,25,-53,25,-51,21,-49,21,-47,19,-45,17,-47,17,-45,17,-45,17,-49,17,-53,17,-57,17,-61,15,-63,17,-69,15,-69,11,-71,5,-67,0,-63,-5]"
CSI_DATA,56612,d8:b1:90:d9:de:f0,-46,11,-99,-33,47,116,833008618,100,0,114,0,"[50,-19,57,-19,63,-16,65,-16,63,-14,65,-14,59,-12,59,-8,54,-10,52,-10,48,-10,48,-12,48,-12,48,-14,46,-19,48,-21,48,-21,50,-21,54,-25,50,-27,54,-29,52,-29,52,-31,50,-33,48,-31,48,-31,48,-31,46,-33,0,0,44,-35,46,-35,48,-42,46,-40,50,-42,48,-44,48,-44,48,-46,46,-46,44,-46,42,-48,40,-44,35,-44,33,-44,31,-42,29,-46,27,-44,27,-46,27,-48,29,-52,29,-57,29,-59,31,-63,33,-67,35,-65,35,-65,40,-61,40,-54]"
CSI_DATA,56613,d8:b1:90:d9:de:f0,-46,11,-99,-33,47,116,833019021,100,0,114,0,"[-27,-48,-25,-54,-21,-57,-19,-61,-16,-63,-14,-63,-12,-61,-8,-59,-8,-52,-6,-52,-8,-48,-8,-50,-10,-48,-10,-50,-10,-50,-12,-50,-12,-50,-14,-54,-14,-57,-14,-57,-14,-59,-16,-61,-14,-59,-16,-59,-14,-57,-16,-57,-16,-57,-14,-59,0,0,-16,-52,-14,-54,-14,-59,-16,-61,-14,-63,-14,-65,-14,-65,-14,-65,-14,-65,-16,-63,-16,-61,-16,-59,-16,-54,-16,-54,-16,-52,-16,-52,-16,-50,-16,-52,-19,-54,-19,-57,-19,-61,-21,-63,-21,-69,-19,-71,-19,-71,-14,-73,-8,-71,-4,-67]"
CSI_DATA,56614,d8:b1:90:d9:de:f0,-46,11,-99,-35,48,116,833038719,100,0,114,0,"[35,39,35,47,31,53,29,57,25,55,21,55,17,55,13,53,13,49,13,49,11,47,11,47,9,45,11,47,11,47,11,49,9,51,9,53,9,55,9,55,9,55,9,57,9,57,9,55,7,55,5,53,5,55,3,51,0,0,3,55,0,55,1,59,0,59,-1,61,-1,61,0,61,-1,63,-3,63,-5,61,-5,59,-5,57,-5,53,-7,51,-7,49,-7,53,-7,51,-7,51,-7,53,-7,55,-9,59,-13,63,-15,67,-19,69,-23,69,-27,67,-33,63,-33,51]"
CSI_DATA,56615,d8:b1:90:d9:de:f0,-46,11,-99,-33,47,116,833048977,100,0,114,0,"[-14,-54,-12,-61,-8,-63,-6,-67,-4,-63,-2,-63,0,-59,-2,-57,-4,-52,-4,-52,-4,-48,-6,-50,-6,-46,-10,-48,-10,-50,-12,-50,-14,-54,-16,-54,-16,-59,-19,-54,-21,-57,-23,-54,-23,-57,-25,-54,-27,-50,-25,-50,-27,-50,-29,-50,0,0,-31,-52,-31,-50,-31,-54,-31,-52,-38,-52,-38,-52,-40,-52,-42,-54,-42,-52,-44,-48,-42,-46,-42,-44,-40,-42,-40,-40,-38,-38,-42,-38,-40,-35,-44,-33,-48,-33,-48,-31,-54,-35,-57,-38,-61,-38,-63,-42,-63,-44,-61,-48,-54,-46,-48,-46]"
CSI_DATA,56616,d8:b1:90:d9:de:f0,-46,11,-99,-31,47,116,833068624,100,0,114,0,"[-37,31,-45,33,-51,31,-51,29,-55,29,-53,25,-53,23,-51,21,-47,21,-47,19,-43,19,-45,19,-41,19,-43,21,-43,21,-43,23,-43,25,-45,25,-47,27,-49,29,-47,27,-47,29,-47,31,-45,33,-47,29,-45,29,-43,31,-45,31,0,0,-45,31,-45,33,-47,33,-49,35,-49,35,-51,35,-51,37,-53,37,-51,37,-49,37,-47,37,-45,37,-43,35,-41,37,-39,35,-37,31,-37,33,-37,35,-39,37,-41,39,-43,41,-47,43,-47,47,-53,47,-55,45,-57,43,-59,37,-53,29]"
CSI_DATA,56617,d8:b1:90:d9:de:f0,-46,11,-99,-36,48,116,833078652,100,0,114,0,"[4,53,0,59,-6,61,-10,61,-12,61,-14,57,-16,55,-16,51,-16,49,-16,49,-16,45,-16,45,-16,45,-14,45,-14,47,-14,49,-12,47,-16,49,-16,51,-16,53,-16,55,-16,55,-16,57,-16,55,-18,55,-18,53,-18,51,-18,51,0,0,-18,51,-18,51,-20,53,-22,55,-22,57,-24,59,-24,59,-26,59,-26,57,-24,57,-24,55,-22,53,-22,51,-20,49,-20,47,-20,47,-18,47,-20,47,-20,51,-22,53,-22,57,-24,57,-28,61,-34,65,-36,63,-39,59,-43,55,-43,49]"
CSI_DATA,56618,d8:b1:90:d9:de:f0,-46,11,-99,-33,47,116,833088688,100,0,114,0,"[-54,-10,-59,-19,-59,-25,-59,-31,-57,-33,-52,-33,-48,-38,-44,-35,-42,-35,-38,-35,-38,-35,-38,-33,-35,-33,-38,-33,-40,-35,-40,-38,-38,-38,-40,-40,-40,-42,-40,-44,-42,-44,-40,-46,-40,-48,-40,-48,-38,-46,-38,-48,-35,-46,-35,-48,0,0,-31,-48,-31,-50,-31,-50,-31,-57,-33,-57,-31,-59,-31,-61,-29,-63,-27,-61,-29,-61,-27,-57,-25,-57,-25,-54,-21,-52,-21,-52,-19,-50,-19,-50,-21,-52,-19,-52,-19,-59,-21,-61,-19,-67,-19,-69,-16,-76,-12,-78,-4,-78,0,-76,6,-67]"
CSI_DATA,56619,d8:b1:90:d9:de:f0,-46,11,-99,-35,48,116,833108936,100,0,114,0,"[-47,-13,-51,-17,-53,-23,-55,-27,-51,-29,-49,-29,-45,-31,-45,-29,-43,-25,-41,-27,-39,-25,-39,-23,-39,-23,-41,-23,-43,-23,-45,-23,-45,-25,-47,-23,-51,-23,-49,-23,-51,-23,-51,-21,-51,-23,-51,-23,-49,-21,-51,-19,-49,-19,-51,-19,0,0,-53,-19,-51,-19,-53,-19,-53,-19,-55,-19,-57,-21,-57,-21,-59,-21,-57,-19,-55,-17,-55,-15,-55,-17,-53,-15,-53,-13,-49,-11,-51,-11,-49,-9,-53,-9,-53,-9,-55,-9,-59,-11,-63,-13,-63,-11,-69,-15,-73,-19,-71,-23,-65,-25,-59,-25]"
CSI_DATA,56620,d8:b1:90:d9:de:f0,-46,11,-99,-34,47,116,833128817,100,0,114,0,"[19,-52,26,-56,32,-56,34,-54,39,-56,39,-50,43,-45,41,-41,36,-41,39,-36,34,-36,36,-36,36,-34,36,-34,36,-34,39,-36,39,-34,43,-39,43,-39,47,-41,43,-39,43,-41,45,-41,45,-41,47,-39,47,-36,47,-36,47,-34,0,0,47,-34,52,-36,52,-34,56,-34,54,-34,56,-34,58,-34,60,-34,58,-32,60,-34,58,-30,56,-28,52,-28,50,-26,52,-26,47,-23,50,-26,47,-23,50,-26,56,-28,60,-28,65,-28,71,-28,73,-26,78,-21,73,-15,78,-10,67,-4]"
CSI_DATA,56621,d8:b1:90:d9:de:f0,-46,11,-99,-35,48,116,833138857,100,0,114,0,"[-49,-1,-55,-3,-59,-7,-59,-11,-61,-9,-59,-9,-57,-11,-55,-11,-49,-7,-49,-9,-47,-5,-47,-5,-47,-3,-47,0,-49,0,-49,3,-49,1,-53,5,-53,7,-53,9,-57,11,-57,13,-55,13,-55,17,-51,15,-53,17,-49,19,-49,19,0,0,-51,23,-49,25,-51,27,-51,29,-53,31,-53,31,-53,33,-53,33,-49,37,-47,37,-45,39,-43,37,-39,39,-37,37,-33,39,-33,39,-31,41,-31,43,-31,45,-33,49,-33,51,-35,55,-35,59,-37,61,-37,61,-39,59,-41,55,-41,51]"
CSI_DATA,56622,d8:b1:90:d9:de:f0,-46,11,-99,-34,47,116,833158691,100,0,114,0,"[43,36,43,43,41,45,41,52,39,54,34,52,32,54,30,47,30,47,30,45,30,43,30,45,28,41,30,41,32,43,34,43,36,43,36,45,39,45,41,47,39,43,43,43,43,43,45,43,43,43,41,43,43,41,43,41,0,0,43,39,45,41,43,43,47,43,47,43,52,43,52,43,54,43,52,43,54,41,50,41,50,39,50,36,47,34,47,32,43,30,47,30,47,28,50,28,54,30,58,30,60,36,65,39,65,43,67,47,65,47,58,52,47,47]"
CSI_DATA,56623,d8:b1:90:d9:de:f0,-52,11,-99,-39,54,116,833168743,100,0,228,0,"[-17,-4,-19,-2,-20,0,-19,3,-17,8,-16,13,-15,15,108,-7,-10,21,-8,22,-5,23,-3,24,-1,25,1,25,2,24,3,24,4,22,4,20,4,15,2,11,0,4,65,6,-3,-8,-6,-13,-7,-19,-10,-22,-11,-24,-11,-28,0,0,-10,-30,-8,-29,-7,-26,-4,-23,-2,-17,1,-12,4,0,6,2,10,10,12,16,14,22,15,26,15,30,14,31,14,32,14,31,13,30,12,28,10,26,8,23,126,0,4,13,2,7,-1,1,-2,-6,-3,-12,-2,-16,-1,-20,-4,0,-6,5,0,13,13,14,22,1,19,-16,1,-25,-32,0,-25,1,-15,19,3,22,17,11,16,-6,4,-15,-8,-10,-11,3,1,11,12,3,11,-13,-5,-22,-24,-11,-31,11,-10,32,15,31,33,8,28,-16,7,-29,-12,-22,0,0,-13,6,-4,8,0,4,-4,2,-7,7,-1,17,19,14,28,4,25,-16,7,-30,-15,-26,-26,-7,-21,10,-8,16,2,14,5,6,4,4,6,6,13,4,20,-5,23,-4,-3,-34,-30,-29,-46,-1,-37,31,-7,48,22,39,37,13]"
CSI_DATA,56624,d8:b1:90:d9:de:f0,-52,11,-99,-39,54,116,833178926,100,0,228,0,"[-19,2,-19,4,-19,6,-16,11,-14,14,-12,17,-10,19,108,-7,-3,23,-2,24,0,24,2,24,4,25,6,24,6,24,7,23,7,22,6,19,5,14,3,10,1,4,65,6,-4,-7,-6,-13,-8,-17,-11,-22,-10,-25,-11,-28,0,0,-10,-30,-7,-29,-6,-28,-4,-23,-1,-19,2,-12,30,0,6,3,8,11,8,19,10,24,10,29,8,32,8,33,7,33,6,34,5,32,4,30,3,28,2,24,15,0,0,13,0,7,0,0,0,-7,1,-13,4,-16,6,-19,-3,1,-3,7,4,13,16,8,21,-6,12,-22,-7,-25,-30,10,-24,8,-8,23,10,21,20,6,14,-10,1,-15,-10,-7,-10,5,2,10,12,1,8,-14,-8,-21,-26,-8,-29,14,-7,33,19,29,33,7,28,-16,7,-29,-12,-22,0,0,-14,6,-4,8,0,3,-4,2,-8,7,-2,17,16,15,28,7,28,-13,11,-29,-11,-29,-24,-13,-23,5,-12,15,-1,14,3,8,3,6,4,7,12,7,21,0,23,2,7,-34,-19,-37,-43,-17,-46,15,-24,41,5,44,29,26]"
CSI_DATA,56625,d8:b1:90:d9:de:f0,-50,9,-99,-35,51,116,833196437,320,0,106,0,"[162,21,-139,0,94,21,139,0,43,21,50,0,9,21,-28,21,-7,19,-96,21,4,21,-138,21,9,21,-162,21,35,21,-151,21,139,21,-104,21,-70,21,-12,21,117,0,69,0,-72,0,132,0,45,1,146,0,0,0,0,0,88,1,53,0,1,1,-14,21,175,0,-73,21,-66,21,-88,21,53,21,-57,21,-110,19,-4,21,-177,19,57,0,-158,19,105,0,-90,19,138,0,7,21,141,0,165,21,113,0,-1,21,9,0,148,0]"
CSI_DATA,56626,d8:b1:90:d9:de:f0,-53,11,-99,-37,54,116,833209019,100,0,228,0,"[15,8,16,7,19,4,19,0,19,-4,19,-8,18,-10,102,-7,13,-16,12,-19,10,-21,8,-22,6,-23,5,-24,3,-23,2,-23,1,-22,0,-19,0,-14,0,-9,0,-4,61,6,2,8,3,14,3,19,4,23,4,26,4,28,0,0,3,30,3,28,1,26,0,22,-1,18,-3,11,-32,15,-6,-3,-7,-10,-9,-18,-9,-23,-9,-27,-9,-30,-9,-31,-9,-32,-8,-31,-8,-30,-7,-28,-6,-26,-5,-23,-87,15,-2,-13,-1,-6,0,-1,0,6,0,12,-1,15,-2,18,3,1,7,-4,3,-12,-9,-15,-21,-6,-20,11,-5,24,29,6,24,3,18,-14,0,-22,-14,-13,-16,3,-6,13,6,10,10,-1,2,-9,-11,-6,-12,10,1,22,21,15,30,-5,15,-27,-9,-31,-28,-14,-29,9,-13,24,7,23,0,0,14,-3,5,-6,1,-3,5,-1,9,-6,5,-16,-14,-15,-24,-9,-27,10,-12,26,9,27,23,12,22,-4,10,-13,0,-13,-4,-8,-4,-6,-5,-7,-12,-7,-21,2,-23,0,-2,33,24,32,44,9,41,-22,14,-43,-15,-40,-32,-18]"
CSI_DATA,56627,d8:b1:90:d9:de:f0,-52,11,-99,-39,54,116,833228815,100,0,228,0,"[-17,-2,-19,0,-19,2,-17,5,-16,8,-14,13,-13,15,108,-7,-8,21,-6,22,-5,23,-2,24,0,25,1,25,2,25,2,24,3,23,2,20,2,15,1,10,0,4,65,6,-2,-10,-4,-14,-3,-20,-4,-24,-4,-29,-3,-31,0,0,-1,-32,1,-30,2,-29,3,-23,5,-19,5,-11,81,0,6,4,5,13,5,19,4,25,3,30,1,33,-1,35,-2,34,-3,35,-3,32,-4,30,-5,26,-4,24,-78,16,-4,13,-3,6,-1,0,2,-6,5,-12,7,-15,11,-16,-4,0,-5,6,1,14,14,13,22,0,17,-17,-1,-26,-30,0,-25,1,-15,19,3,22,16,11,17,-5,5,-14,-6,-10,-10,2,0,10,12,4,12,-12,-3,-22,-23,-14,-31,6,-15,30,11,33,30,14,31,-10,14,-25,-6,-24,0,0,-14,2,-6,5,-2,3,-5,0,-11,5,-7,16,12,19,23,15,31,-5,20,-24,-2,-31,-19,-21,-24,-1,-16,11,-4,14,1,10,2,6,3,8,8,11,20,6,21,8,17,-31,-7,-39,-35,-29,-49,1,-37,32,-6,43,19,33]"
CSI_DATA,56628,d8:b1:90:d9:de:f0,-53,11,-99,-37,54,116,833248969,100,0,228,0,"[8,14,11,14,13,12,15,9,18,5,19,1,20,-2,102,-7,19,-9,19,-11,18,-14,16,-16,14,-19,13,-20,11,-21,10,-20,8,-19,7,-16,5,-13,3,-9,2,-3,61,6,0,9,-1,14,-1,19,-3,23,-3,25,-3,28,0,0,-4,30,-5,28,-5,25,-6,22,-6,16,-7,10,-84,15,-6,-5,-6,-11,-6,-20,-5,-24,-5,-28,-4,-31,-4,-32,-4,-33,-4,-32,-3,-31,-4,-29,-3,-27,-2,-24,-24,15,-1,-13,0,-7,1,-1,0,6,0,11,-1,15,-3,18,2,2,8,0,8,-9,-1,-18,-15,-14,-23,2,-15,19,23,18,20,13,22,-5,10,-19,-7,-18,-16,-4,-11,9,1,11,9,3,5,-8,-8,-8,-14,5,-6,20,14,21,30,5,24,-21,0,-32,-23,-23,-30,1,-20,20,0,24,0,0,13,1,7,-5,2,-2,5,0,10,-3,8,-14,-10,-18,-22,-14,-28,4,-18,24,3,28,20,16,22,-1,13,-12,3,-12,-2,-8,-3,-7,-5,-7,-11,-7,-20,0,-22,-2,-5,33,22,33,43,11,42,-21,18,-42,-13,-41,-31,-19]"
CSI_DATA,56629,d8:b1:90:d9:de:f0,-52,11,-99,-39,54,116,833259583,100,0,228,0,"[-19,0,-19,1,-19,4,-16,8,-14,12,-11,15,-8,17,108,-7,-3,22,-1,23,1,23,2,24,4,25,6,25,7,24,7,23,7,21,6,19,5,15,3,10,1,4,65,6,-5,-7,-6,-14,-8,-19,-8,-22,-10,-26,-10,-29,0,0,-8,-31,-6,-30,-4,-28,-2,-24,0,-19,3,-13,35,0,7,2,8,10,10,19,11,24,10,29,8,31,8,33,7,33,6,33,5,32,4,31,3,28,2,24,26,0,0,14,-1,7,-1,0,-1,-7,1,-13,4,-17,6,-19,-4,0,-5,7,3,14,15,10,22,-4,13,-21,-5,-25,-29,6,-24,6,-11,22,7,21,20,7,16,-8,2,-15,-8,-7,-8,4,2,10,12,1,8,-14,-8,-21,-26,-7,-29,14,-7,33,19,29,33,7,28,-16,7,-28,-12,-22,0,0,-14,5,-3,8,-1,3,-5,2,-10,7,-3,19,17,15,28,7,29,-12,12,-30,-10,-30,-24,-14,-24,4,-12,15,-2,14,3,10,3,6,5,8,12,7,22,-1,23,3,7,-34,-19,-37,-42,-17,-46,14,-25,40,5,44,28,26]"
CSI_DATA,56630,d8:b1:90:d9:de:f0,-49,9,-99,-35,51,116,833274137,108,0,106,0,"[-70,0,158,0,-139,0,-117,0,121,0,-40,0,39,0,5,1,-45,21,11,1,-114,21,16,1,-156,21,8,1,-168,21,-40,0,-132,21,-142,0,-49,21,56,0,46,0,-135,21,121,0,62,21,175,0,-32,19,0,0,0,0,114,0,-91,19,70,0,-9,19,-15,21,158,21,-84,21,42,0,-120,21,-81,0,-120,21,88,1,-111,21,153,1,-81,21,156,1,-52,21,114,1,-36,21,26,1,-22,21,-125,0,-36,21,28,0,-84,21]"
CSI_DATA,56631,d8:b1:90:d9:de:f0,-53,11,-99,-37,54,116,833288972,100,0,228,0,"[-18,-2,-19,0,-18,2,-16,7,-14,10,-11,13,-8,16,102,-7,-2,21,0,22,3,22,6,23,8,22,10,22,11,21,12,19,12,18,11,14,9,11,6,7,2,4,61,6,-8,-4,-12,-7,-16,-10,-20,-12,-22,-14,-24,-16,0,0,-25,-16,-24,-16,-22,-15,-18,-14,-12,-13,-7,-10,-85,15,6,-4,12,-2,20,1,25,3,28,4,30,6,31,6,32,6,32,6,30,6,28,5,26,4,23,4,10,1,12,2,7,1,1,0,-6,-1,-10,-2,-14,-5,-16,-7,-3,1,-4,7,2,13,14,10,21,-4,11,-21,-6,-24,-28,7,-23,9,-7,22,10,19,20,3,13,-11,-1,-14,-10,-5,-8,6,4,8,10,-3,2,-14,-14,-14,-24,3,-18,24,8,30,29,14,30,-10,12,-27,-9,-26,-22,-9,0,0,-6,12,2,8,2,2,-2,4,-1,11,10,13,22,-4,22,-14,6,-28,-15,-25,-28,-7,-23,12,-7,22,6,18,11,8,9,2,7,-1,9,-2,10,-9,5,-21,7,-20,-30,-13,-38,11,-22,38,8,45,37,27,43,-3,26,-25]"
CSI_DATA,56632,d8:b1:90:d9:de:f0,-53,11,-99,-37,54,116,833308657,100,0,228,0,"[-18,-4,-19,-2,-19,1,-18,4,-15,8,-13,11,-12,14,102,-7,-7,19,-5,21,-2,22,0,23,2,23,4,24,6,23,6,22,6,21,5,18,5,14,3,9,0,4,61,6,-6,-7,-8,-12,-11,-16,-12,-20,-13,-23,-13,-26,0,0,-12,-27,-11,-27,-10,-25,-6,-23,-3,-18,0,-12,21,0,8,0,12,6,15,12,18,18,20,21,21,23,20,26,20,26,19,26,18,25,16,24,14,22,13,20,-130,0,7,11,4,6,0,0,-3,-5,-4,-10,-5,-14,-4,-16,-3,0,-5,6,1,13,13,12,21,-2,15,-18,-2,-25,-29,1,-24,3,-13,20,5,22,18,8,15,-7,3,-14,-8,-8,-9,3,1,9,10,1,8,-12,-8,-19,-24,-6,-27,13,-5,31,20,26,31,4,23,-19,3,-27,-13,-19,0,0,-11,7,-2,8,0,2,-4,2,-7,9,1,18,21,9,27,1,23,-19,3,-29,-16,-23,-26,-5,-20,11,-6,18,3,12,6,8,6,5,8,5,14,2,18,-10,20,-8,-10,-32,-33,-20,-43,8,-28,37,2,46,28,31,37,4]"
CSI_DATA,56633,d8:b1:90:d9:de:f0,-46,11,-99,-35,48,116,833318802,100,0,114,0,"[47,-17,53,-15,57,-13,59,-7,59,-5,57,0,57,1,53,3,47,1,47,7,43,5,45,5,45,3,47,5,47,7,51,5,49,7,53,5,55,7,55,9,55,9,57,9,55,15,57,13,55,13,53,13,55,15,53,17,0,0,51,17,53,17,53,19,55,21,55,23,57,27,55,29,53,29,55,29,53,27,51,27,51,27,49,27,45,27,45,25,43,25,43,27,45,25,45,27,47,35,49,35,53,41,53,43,57,47,55,53,49,57,43,57,35,55]"
CSI_DATA,56634,d8:b1:90:d9:de:f0,-46,11,-99,-35,48,116,833329140,100,0,114,0,"[21,43,21,49,19,53,17,57,15,55,15,55,13,53,11,53,11,45,11,45,13,43,13,43,15,43,17,43,17,45,21,45,23,47,23,47,27,49,27,47,29,49,31,49,31,49,33,47,29,45,31,47,33,43,33,45,0,0,35,43,33,41,35,45,37,43,41,45,41,47,41,47,43,45,43,43,41,41,43,41,43,39,41,37,43,35,41,29,41,31,39,27,45,29,45,29,49,31,53,33,57,33,57,35,63,39,63,41,61,45,55,45,49,43]"
CSI_DATA,56635,d8:b1:90:d9:de:f0,-46,11,-99,-33,47,116,833348634,100,0,114,0,"[50,-12,54,-10,61,-8,63,-6,63,-4,63,-2,59,0,59,0,50,0,50,2,48,-2,48,0,48,0,48,-2,48,-2,50,-4,52,-4,54,-6,59,-6,57,-6,59,-8,61,-8,59,-8,61,-10,59,-8,59,-8,59,-10,57,-10,0,0,59,-10,59,-10,63,-10,63,-12,65,-12,65,-10,67,-10,67,-10,65,-12,65,-12,63,-12,59,-12,57,-12,57,-12,52,-14,54,-14,52,-16,54,-16,54,-16,57,-19,63,-21,65,-21,69,-19,78,-19,78,-19,80,-12,76,-10,71,-4]"
CSI_DATA,56636,d8:b1:90:d9:de:f0,-46,11,-99,-35,48,116,833358784,100,0,114,0,"[45,-15,51,-13,55,-11,57,-7,59,-3,55,-1,55,0,51,1,49,1,47,3,47,3,45,3,43,1,45,3,45,3,49,1,49,1,51,3,53,1,55,1,55,3,57,3,55,3,57,3,55,5,55,5,53,5,55,5,0,0,55,7,55,9,55,9,59,11,59,11,61,13,61,15,61,15,61,15,59,13,57,13,53,13,53,13,51,11,51,13,49,13,49,13,49,13,51,11,57,15,59,17,63,21,65,21,67,25,67,31,63,33,59,37,51,39]"
CSI_DATA,56637,d8:b1:90:d9:de:f0,-47,11,-99,-34,48,116,833369057,100,0,114,0,"[-44,13,-50,13,-56,13,-60,11,-56,9,-58,7,-50,7,-54,7,-50,9,-46,9,-44,9,-42,11,-42,11,-42,13,-42,17,-44,19,-46,21,-44,21,-48,25,-44,29,-48,31,-48,31,-44,32,-44,34,-42,32,-42,34,-40,34,-42,36,0,0,-38,40,-36,38,-40,42,-38,42,-42,46,-40,48,-40,48,-38,50,-36,50,-32,48,-32,50,-29,48,-25,46,-25,48,-21,44,-23,48,-17,44,-17,50,-17,52,-17,56,-17,60,-17,63,-17,65,-21,71,-21,69,-23,71,-25,62,-27,60]"
CSI_DATA,56638,d8:b1:90:d9:de:f0,-47,11,-99,-35,48,116,833389123,100,0,114,0,"[-3,-47,1,-51,5,-53,7,-55,11,-55,11,-53,13,-53,13,-49,11,-47,11,-45,11,-43,11,-43,9,-43,9,-43,9,-45,9,-47,7,-49,9,-51,9,-53,9,-55,9,-53,7,-55,7,-53,7,-55,7,-55,7,-53,7,-53,7,-51,0,0,7,-53,7,-51,7,-53,7,-57,9,-59,9,-61,9,-63,9,-61,9,-61,9,-59,7,-57,7,-57,7,-53,5,-53,5,-49,5,-49,3,-49,3,-51,1,-53,3,-59,3,-61,5,-65,5,-69,9,-71,13,-71,15,-69,21,-65,21,-59]"
CSI_DATA,56639,d8:b1:90:d9:de:f0,-46,11,-99,-32,47,116,833408917,100,0,114,0,"[2,51,-2,55,-6,57,-12,57,-14,59,-16,55,-18,51,-20,49,-18,47,-20,47,-20,43,-20,43,-20,43,-18,43,-20,45,-20,47,-20,45,-24,49,-26,51,-26,51,-26,51,-28,51,-28,51,-28,51,-30,49,-30,49,-30,49,-32,47,0,0,-30,43,-34,45,-36,45,-39,47,-41,47,-43,47,-43,45,-45,47,-45,45,-45,45,-43,43,-43,41,-41,39,-41,36,-41,34,-39,34,-39,34,-41,34,-43,36,-47,36,-51,39,-53,39,-57,41,-63,41,-65,36,-67,30,-69,24,-61,16]"
CSI_DATA,56640,d8:b1:90:d9:de:f0,-47,11,-99,-33,48,116,833428867,100,0,114,0,"[43,-18,48,-18,54,-16,56,-15,56,-13,56,-13,52,-9,50,-9,47,-11,47,-9,43,-11,43,-9,43,-11,43,-13,45,-15,45,-16,45,-18,45,-18,48,-22,47,-24,47,-24,48,-26,47,-26,47,-28,47,-26,47,-28,45,-26,45,-28,0,0,43,-32,43,-30,47,-33,47,-32,48,-33,47,-35,48,-35,48,-37,47,-37,45,-37,45,-37,41,-35,39,-33,37,-35,35,-35,33,-35,32,-35,33,-39,33,-43,33,-43,35,-45,37,-48,41,-48,47,-52,47,-52,48,-50,48,-45,48,-39]"
CSI_DATA,56641,d8:b1:90:d9:de:f0,-46,11,-99,-35,48,116,833448621,100,0,114,0,"[51,5,55,9,57,13,57,17,57,19,55,21,51,23,49,21,45,19,45,21,43,19,43,21,41,19,43,19,43,19,45,19,45,17,49,19,51,19,53,19,51,21,53,19,53,19,53,19,53,21,51,21,51,19,51,21,0,0,49,21,51,21,51,23,53,23,55,25,55,25,57,25,57,27,55,25,55,27,53,25,53,25,49,25,49,21,49,21,47,21,47,21,47,21,51,21,53,21,57,23,57,25,61,29,65,35,65,39,61,41,57,45,47,43]"
CSI_DATA,56642,d8:b1:90:d9:de:f0,-47,11,-99,-32,48,116,833459112,100,0,114,0,"[-36,31,-42,31,-47,31,-49,31,-47,31,-47,29,-45,27,-42,27,-38,29,-38,27,-34,27,-34,27,-32,27,-32,29,-31,32,-31,34,-29,36,-29,38,-29,42,-29,43,-27,43,-25,47,-25,47,-21,49,-21,47,-21,45,-21,47,-20,47,0,0,-16,49,-16,49,-14,51,-14,54,-12,54,-10,56,-9,58,-10,58,-9,58,-7,58,-5,56,-5,54,-3,51,0,51,0,51,3,47,5,47,7,47,9,49,10,51,14,54,14,58,14,64,14,65,12,67,12,67,9,65,5,62]"
CSI_DATA,56643,d8:b1:90:d9:de:f0,-47,11,-99,-34,48,116,833478628,100,0,114,0,"[-50,7,-56,3,-60,1,-62,-1,-58,-1,-58,-1,-54,-3,-54,-3,-50,-1,-48,-1,-48,-1,-46,-1,-44,1,-46,1,-46,3,-48,5,-50,7,-48,7,-52,9,-52,13,-54,13,-56,13,-54,15,-56,15,-52,15,-52,15,-52,17,-52,19,0,0,-50,19,-50,19,-54,21,-52,23,-56,23,-56,25,-56,25,-58,25,-56,27,-54,27,-52,29,-50,27,-48,27,-46,29,-42,29,-42,29,-38,29,-40,31,-40,32,-44,36,-46,38,-48,40,-50,42,-54,44,-58,42,-60,42,-58,34,-56,31]"
CSI_DATA,56644,d8:b1:90:d9:de:f0,-47,11,-99,-34,48,116,833488688,100,0,114,0,"[7,50,3,56,-1,60,-5,60,-3,62,-5,60,-7,58,-9,54,-7,50,-9,48,-7,46,-9,46,-5,44,-5,46,-5,48,-3,50,-3,48,-3,52,-1,54,-3,56,-1,56,-1,58,-3,58,0,56,-3,56,-1,54,-1,56,-1,54,0,0,-1,54,0,56,-1,56,0,58,0,60,-1,60,-1,62,-3,62,-1,60,-1,60,-1,58,-1,56,0,54,0,52,1,50,1,50,1,50,1,50,3,52,3,58,3,60,3,65,1,67,0,69,-1,71,-5,71,-9,67,-13,63]"
CSI_DATA,56645,d8:b1:90:d9:de:f0,-47,11,-99,-32,48,116,833498793,100,0,114,0,"[-12,-45,-9,-53,-5,-54,-1,-58,0,-58,1,-56,5,-53,7,-53,5,-49,7,-45,5,-43,7,-43,7,-42,5,-43,5,-43,7,-45,7,-45,7,-47,7,-49,9,-51,10,-53,9,-54,9,-51,7,-53,10,-49,10,-49,10,-49,12,-49,0,0,12,-49,12,-47,14,-51,16,-49,16,-53,18,-53,16,-54,20,-53,20,-53,20,-51,18,-51,18,-49,18,-45,18,-45,16,-42,18,-43,18,-42,18,-45,18,-45,20,-49,23,-51,25,-54,27,-56,32,-58,36,-56,38,-54,42,-47,43,-42]"
CSI_DATA,56646,d8:b1:90:d9:de:f0,-47,11,-99,-34,48,116,833508816,100,0,114,0,"[-50,0,-54,-1,-58,-3,-58,-5,-62,-5,-58,-3,-56,-7,-54,-5,-50,-1,-50,-3,-46,0,-48,0,-46,3,-44,5,-46,5,-46,9,-46,9,-50,11,-50,13,-50,17,-52,17,-52,21,-52,23,-50,25,-50,23,-48,25,-46,27,-46,27,0,0,-44,31,-44,32,-42,31,-44,34,-44,38,-44,40,-44,42,-44,40,-40,42,-40,44,-36,44,-34,40,-31,42,-27,40,-27,42,-23,42,-23,44,-21,44,-21,48,-21,52,-23,56,-23,58,-23,63,-23,65,-27,65,-27,63,-29,63,-29,56]"
CSI_DATA,56647,d8:b1:90:d9:de:f0,-51,9,-99,-35,52,116,833520131,124,0,106,0,"[-37,18,-5,0,-128,18,-49,0,105,18,-118,0,42,18,127,0,2,18,50,0,-12,17,-16,18,-16,17,-56,18,0,18,-70,18,85,18,-36,18,-91,18,36,0,70,0,127,0,-105,0,-123,0,-6,0,-81,0,0,0,0,0,60,1,-127,0,3,1,130,0,-119,0,18,0,8,0,-96,18,138,18,133,18,-7,17,81,18,-78,17,66,18,-88,17,89,18,-46,17,128,18,23,18,-138,18,146,18,-56,18,-3,18,26,0,-143,0]"
CSI_DATA,56648,d8:b1:90:d9:de:f0,-47,11,-99,-33,48,116,833538954,100,0,114,0,"[-39,33,-45,32,-50,32,-52,30,-54,28,-52,26,-54,22,-52,18,-47,18,-47,16,-43,16,-43,15,-43,15,-43,15,-45,16,-45,16,-45,16,-48,18,-48,20,-50,20,-50,18,-50,22,-50,20,-50,20,-50,18,-50,18,-48,16,-48,16,0,0,-47,16,-48,15,-48,16,-52,16,-54,16,-54,16,-56,16,-56,15,-56,16,-56,15,-54,16,-52,13,-48,13,-47,13,-47,13,-45,15,-45,15,-45,15,-47,15,-52,15,-54,16,-58,15,-62,15,-65,13,-67,7,-65,5,-65,1,-60,-3]"
CSI_DATA,56649,d8:b1:90:d9:de:f0,-47,11,-99,-34,48,116,833558669,100,0,114,0,"[-15,48,-19,52,-23,52,-25,52,-25,56,-23,54,-25,52,-25,48,-19,46,-19,44,-15,42,-15,44,-13,44,-9,44,-9,46,-7,48,-5,46,-3,50,-1,52,0,54,0,54,3,56,3,54,7,54,5,52,7,52,11,50,11,52,0,0,13,48,15,50,17,50,21,52,21,54,23,56,27,54,25,54,29,50,29,52,32,48,31,44,32,40,31,38,32,36,34,34,36,34,36,34,40,34,44,34,48,36,50,36,56,38,60,42,56,42,56,42,54,44,46,40]"
CSI_DATA,56650,d8:b1:90:d9:de:f0,-47,11,-99,-36,49,116,833568776,100,0,114,0,"[16,-47,20,-51,25,-53,29,-53,29,-53,29,-51,29,-47,27,-45,25,-42,25,-40,21,-40,21,-40,20,-40,18,-40,18,-42,16,-43,16,-43,14,-45,14,-49,14,-49,12,-49,12,-49,12,-49,9,-49,10,-47,9,-47,9,-47,7,-47,0,0,5,-47,3,-47,3,-51,3,-51,3,-53,1,-53,1,-53,1,-54,0,-54,0,-53,-1,-51,-3,-49,-5,-45,-3,-45,-7,-43,-7,-45,-9,-43,-10,-43,-10,-45,-10,-49,-14,-53,-14,-56,-14,-58,-16,-64,-14,-65,-10,-65,-9,-64,-5,-58]"
CSI_DATA,56651,d8:b1:90:d9:de:f0,-47,11,-99,-34,48,116,833578942,100,0,114,0,"[9,-48,13,-54,19,-54,21,-56,23,-56,25,-54,23,-50,25,-46,23,-44,23,-42,23,-40,21,-40,21,-40,21,-40,21,-42,21,-44,19,-44,19,-46,19,-48,19,-50,21,-50,19,-52,19,-52,19,-50,19,-50,19,-50,19,-50,19,-48,0,0,17,-48,17,-50,19,-50,19,-52,19,-54,19,-56,21,-56,21,-58,19,-54,21,-56,17,-54,19,-54,15,-50,15,-48,13,-48,13,-48,11,-46,11,-48,9,-52,13,-52,13,-56,15,-60,17,-62,21,-67,23,-67,27,-65,29,-62,31,-54]"
CSI_DATA,56652,d8:b1:90:d9:de:f0,-47,11,-99,-33,48,116,833598807,100,0,114,0,"[-3,50,-9,54,-15,56,-18,56,-22,56,-24,54,-24,50,-26,47,-26,45,-26,41,-26,39,-26,39,-24,39,-26,39,-26,39,-26,41,-26,41,-30,43,-30,43,-32,45,-32,45,-33,45,-33,43,-35,45,-35,43,-33,41,-35,39,-35,37,0,0,-35,37,-37,37,-39,37,-39,37,-41,37,-43,39,-45,39,-45,37,-47,37,-47,35,-43,33,-43,33,-41,32,-39,30,-41,30,-41,28,-39,28,-39,28,-41,30,-45,28,-48,32,-52,32,-58,32,-62,28,-65,26,-65,22,-65,15,-60,9]"
CSI_DATA,56653,d8:b1:90:d9:de:f0,-47,11,-99,-34,48,116,833609036,100,0,114,0,"[42,31,44,34,44,36,44,40,42,44,40,42,38,44,36,42,36,36,36,34,32,34,36,32,36,29,36,29,40,29,40,29,40,27,42,29,44,29,48,27,48,29,52,27,52,25,50,25,50,23,50,21,50,19,50,19,0,0,50,17,48,17,52,17,54,17,58,17,58,17,60,13,58,13,58,11,58,9,56,5,56,7,52,3,52,1,50,3,48,1,48,0,50,0,52,-3,54,-5,58,-5,62,-5,65,-7,69,-5,69,-3,69,-1,67,1,63,5]"
CSI_DATA,56654,d8:b1:90:d9:de:f0,-50,9,-99,-34,51,116,833626900,98,0,106,0,"[-31,0,32,0,-61,0,142,0,-124,0,-93,0,141,0,-15,0,53,0,30,1,-32,20,53,1,-97,20,68,1,-120,20,38,1,-96,20,-63,0,-27,20,124,0,67,0,-65,20,153,0,122,20,-141,0,23,20,0,0,0,0,-168,0,-46,19,129,0,31,20,39,0,172,20,-69,20,38,0,-170,20,-102,0,113,20,50,1,105,20,105,1,123,20,108,1,152,20,67,1,-159,20,-20,0,-76,20,-161,0,10,0,-9,20,59,0]"
CSI_DATA,56655,d8:b1:90:d9:de:f0,-46,11,-99,-35,48,116,833638668,100,0,114,0,"[53,1,57,5,59,9,61,13,61,15,57,17,55,19,51,19,47,17,45,19,43,17,43,19,41,15,43,17,45,17,47,17,49,17,53,19,53,19,55,19,53,19,53,19,53,21,53,19,51,23,51,21,51,21,51,21,0,0,51,21,51,21,53,21,55,23,55,23,55,25,57,27,55,27,55,29,55,27,53,25,51,25,49,23,47,23,47,21,47,21,47,21,49,21,49,21,51,25,55,25,59,29,61,31,63,35,63,41,59,43,55,45,47,45]"
CSI_DATA,56656,d8:b1:90:d9:de:f0,-47,11,-99,-34,48,116,833649037,100,0,114,0,"[50,19,52,23,54,25,56,27,54,27,52,27,52,27,48,23,46,19,46,19,44,17,46,17,42,15,44,13,44,13,46,9,50,7,52,7,54,7,56,3,54,3,56,1,56,0,54,-1,56,-1,54,-1,54,-1,52,-3,0,0,52,-9,52,-9,54,-11,56,-13,56,-15,56,-17,56,-19,58,-21,56,-21,56,-23,52,-23,50,-23,46,-23,44,-27,42,-25,42,-27,40,-29,38,-31,38,-34,40,-36,42,-42,46,-44,50,-48,52,-48,54,-48,54,-46,56,-42,52,-36]"
CSI_DATA,56657,d8:b1:90:d9:de:f0,-46,11,-99,-32,47,116,833668659,100,0,114,0,"[24,47,26,53,24,55,20,59,20,59,18,59,16,57,16,55,14,49,12,49,16,45,16,47,16,45,18,45,20,45,22,47,22,47,24,47,26,49,28,49,30,51,28,51,30,51,32,51,30,49,32,49,32,47,32,45,0,0,32,45,34,45,36,47,39,47,41,47,41,49,41,49,43,51,43,47,43,45,45,43,43,41,43,39,41,36,41,34,43,32,41,32,43,32,45,32,49,36,51,36,55,39,57,41,61,45,61,47,59,51,53,49,49,49]"
CSI_DATA,56658,d8:b1:90:d9:de:f0,-47,11,-99,-34,48,116,833678835,100,0,114,0,"[-50,-15,-54,-19,-56,-23,-56,-29,-54,-31,-52,-32,-48,-34,-46,-31,-42,-29,-40,-29,-38,-27,-38,-27,-36,-25,-38,-27,-40,-27,-44,-27,-44,-27,-44,-27,-44,-29,-46,-29,-48,-27,-48,-29,-48,-29,-48,-29,-46,-29,-44,-29,-46,-29,-44,-27,0,0,-44,-27,-44,-29,-46,-31,-46,-31,-48,-29,-52,-31,-50,-32,-50,-32,-50,-32,-50,-31,-48,-31,-48,-29,-46,-29,-44,-27,-42,-25,-40,-27,-40,-25,-42,-23,-46,-25,-48,-29,-52,-29,-54,-32,-56,-34,-58,-40,-58,-44,-56,-46,-50,-48,-42,-48]"
CSI_DATA,56659,d8:b1:90:d9:de:f0,-46,11,-99,-36,48,116,833698724,100,0,114,0,"[-51,-8,-55,-12,-59,-16,-61,-16,-59,-16,-57,-16,-55,-16,-53,-14,-51,-10,-51,-12,-49,-8,-49,-8,-47,-6,-49,-2,-49,0,-53,0,-53,4,-53,4,-57,8,-57,12,-57,12,-57,14,-59,14,-59,18,-57,16,-55,18,-55,20,-51,20,0,0,-53,24,-51,26,-51,28,-51,30,-53,34,-51,34,-51,39,-53,41,-51,41,-49,41,-45,43,-43,43,-41,43,-39,43,-34,43,-34,45,-30,45,-28,47,-26,49,-28,53,-28,59,-30,61,-30,65,-32,69,-36,69,-36,69,-36,65,-36,59]"
CSI_DATA,56660,d8:b1:90:d9:de:f0,-46,11,-99,-33,47,116,833718973,100,0,114,0,"[-2,52,-4,57,-10,59,-14,57,-14,61,-16,57,-19,54,-19,52,-19,48,-19,46,-16,46,-16,46,-14,46,-12,46,-12,48,-10,50,-12,50,-12,57,-12,59,-12,59,-12,59,-12,61,-14,59,-10,59,-12,59,-10,59,-10,59,-10,57,0,0,-10,54,-8,59,-10,61,-10,63,-8,63,-10,65,-10,65,-12,67,-10,67,-12,65,-8,65,-6,63,-6,59,-6,57,-4,57,-4,54,-2,54,-2,54,-2,59,-4,63,-4,65,-2,69,-4,73,-6,80,-8,80,-14,78,-16,78,-19,67]"
CSI_DATA,56661,d8:b1:90:d9:de:f0,-50,9,-99,-35,51,116,833735605,124,0,106,0,"[-158,0,177,0,105,0,-97,0,-2,21,-33,0,-100,21,-7,0,168,21,-22,0,86,21,-64,0,38,21,-94,0,32,21,-135,0,107,21,155,0,-100,21,79,0,87,0,1,0,-107,0,-63,21,9,1,-97,21,0,0,0,0,24,1,-153,21,-62,0,-148,21,115,0,-127,21,-117,21,-77,21,25,21,-12,21,-134,19,32,0,169,19,55,0,169,19,69,0,-134,19,63,0,-32,19,64,0,114,21,52,0,-42,21,16,0,155,0]"
CSI_DATA,56662,d8:b1:90:d9:de:f0,-46,11,-99,-34,47,116,833748706,100,0,114,0,"[-50,13,-56,10,-60,8,-63,8,-63,6,-60,6,-58,6,-56,6,-52,8,-50,8,-47,10,-47,13,-47,13,-45,15,-47,19,-47,21,-47,23,-50,23,-50,28,-50,32,-47,34,-50,36,-47,39,-47,41,-45,41,-43,41,-43,41,-41,41,0,0,-41,45,-39,45,-39,50,-36,50,-36,52,-36,56,-36,56,-36,60,-32,58,-30,60,-30,60,-28,58,-23,58,-21,56,-17,54,-17,56,-13,54,-10,56,-10,60,-8,65,-6,67,-8,73,-8,76,-8,78,-10,78,-10,78,-15,76,-17,69]"
CSI_DATA,56663,d8:b1:90:d9:de:f0,-46,11,-99,-36,48,116,833768748,100,0,114,0,"[24,45,22,51,20,55,18,57,16,59,12,59,12,55,10,53,10,49,10,47,10,45,10,45,10,43,12,43,14,47,16,47,16,49,16,49,18,51,18,53,22,53,24,53,24,53,24,53,22,51,22,49,24,49,24,51,0,0,24,51,26,51,26,53,24,51,28,55,28,57,30,57,30,57,30,57,30,55,28,53,30,53,30,51,30,49,28,47,28,47,28,45,30,45,34,49,36,49,39,53,39,57,41,59,41,63,39,65,36,67,28,65,22,65]"
CSI_DATA,56664,d8:b1:90:d9:de:f0,-46,11,-99,-34,47,116,833788802,100,0,114,0,"[-23,-47,-19,-56,-15,-60,-13,-65,-8,-65,-4,-63,-2,-60,0,-56,0,-54,2,-52,4,-50,2,-50,4,-45,4,-47,4,-50,2,-52,2,-54,4,-56,4,-58,4,-60,4,-58,6,-60,6,-60,8,-60,6,-58,8,-58,10,-58,13,-58,0,0,13,-58,15,-58,17,-60,17,-60,19,-63,19,-65,21,-65,23,-65,26,-65,23,-63,23,-60,23,-58,26,-56,23,-56,26,-52,26,-50,26,-50,26,-52,26,-54,32,-56,32,-58,39,-63,41,-65,50,-65,54,-63,58,-58,60,-50,58,-41]"
CSI_DATA,56665,d8:b1:90:d9:de:f0,-46,11,-99,-36,48,116,833798886,100,0,114,0,"[51,2,57,4,61,8,61,10,61,14,59,12,55,14,53,12,49,10,49,10,47,8,47,8,47,4,47,4,49,2,51,0,51,-2,55,-2,55,-6,57,-8,55,-8,55,-10,55,-12,55,-14,55,-14,55,-14,53,-16,51,-18,0,0,53,-18,53,-20,53,-22,57,-24,57,-24,57,-26,57,-30,57,-30,57,-30,55,-32,53,-34,51,-32,49,-32,47,-34,43,-34,43,-34,41,-34,39,-34,39,-39,43,-43,45,-47,49,-51,49,-53,53,-55,57,-57,57,-53,59,-47,53,-41]"
CSI_DATA,56666,d8:b1:90:d9:de:f0,-46,11,-99,-32,47,116,833818659,100,0,114,0,"[49,-14,55,-12,59,-10,59,-6,61,-4,59,-2,57,0,55,0,51,0,47,0,45,0,45,-2,45,-2,45,-2,47,-4,47,-4,49,-6,51,-6,53,-6,55,-10,55,-10,57,-10,55,-10,57,-12,55,-12,55,-12,53,-12,53,-12,0,0,51,-14,55,-12,57,-12,61,-14,63,-16,65,-16,65,-14,63,-14,63,-16,61,-16,61,-16,59,-14,57,-16,55,-16,55,-16,55,-16,53,-18,55,-18,57,-20,59,-20,61,-20,67,-22,69,-22,75,-22,75,-18,75,-14,75,-10,69,-4]"
CSI_DATA,56667,d8:b1:90:d9:de:f0,-46,11,-99,-36,48,116,833828762,100,0,114,0,"[36,36,36,43,32,49,30,53,30,55,26,55,22,53,20,51,18,47,16,47,14,43,16,43,16,43,18,43,18,45,18,45,20,47,18,49,20,51,20,51,22,53,22,53,22,53,22,53,20,53,20,53,20,51,18,51,0,0,18,51,18,51,16,55,18,59,20,61,16,63,18,63,16,63,14,63,16,61,14,59,16,59,12,57,12,55,12,53,12,55,10,53,14,55,12,55,12,59,12,63,10,67,10,69,8,75,4,75,-2,75,-8,71,-10,65]"
CSI_DATA,56668,d8:b1:90:d9:de:f0,-46,11,-99,-36,48,116,833848674,100,0,114,0,"[-49,-8,-55,-10,-59,-14,-59,-18,-59,-16,-57,-18,-53,-20,-51,-18,-49,-16,-49,-16,-45,-12,-47,-12,-47,-10,-45,-6,-47,-6,-49,-4,-49,-2,-53,0,-55,2,-55,4,-55,4,-57,6,-57,6,-55,10,-53,8,-55,10,-53,10,-51,12,0,0,-55,14,-55,16,-55,18,-57,20,-57,20,-59,22,-59,24,-61,24,-57,26,-57,28,-55,28,-53,28,-51,30,-47,28,-47,30,-45,32,-43,32,-45,34,-45,36,-45,39,-49,41,-49,45,-51,45,-57,51,-59,49,-61,47,-61,43,-57,36]"
CSI_DATA,56669,d8:b1:90:d9:de:f0,-46,11,-99,-35,48,116,833858991,100,0,114,0,"[-25,41,-31,43,-37,43,-39,45,-41,41,-43,39,-39,35,-39,35,-35,33,-35,31,-33,31,-31,29,-33,29,-31,31,-31,33,-33,35,-33,37,-33,37,-33,39,-33,39,-33,43,-33,41,-31,43,-31,43,-31,43,-31,41,-31,41,-31,43,0,0,-31,45,-33,43,-35,45,-33,45,-35,49,-35,51,-35,51,-37,53,-35,51,-35,51,-35,49,-33,49,-31,47,-29,47,-29,45,-29,45,-27,43,-27,47,-25,49,-27,51,-29,55,-33,57,-35,59,-41,61,-45,59,-47,59,-49,51,-49,45]"
CSI_DATA,56670,d8:b1:90:d9:de:f0,-47,11,-99,-34,48,116,833878701,100,0,114,0,"[-7,-50,-1,-54,1,-58,7,-58,9,-58,11,-56,15,-52,15,-50,15,-48,15,-44,15,-42,15,-42,13,-42,13,-44,13,-44,15,-46,15,-46,17,-48,19,-50,19,-52,17,-52,19,-52,19,-52,21,-50,19,-50,19,-50,19,-48,19,-48,0,0,21,-48,23,-48,25,-50,25,-52,27,-52,29,-54,31,-54,31,-52,32,-52,31,-52,29,-52,31,-50,31,-48,29,-46,31,-44,29,-44,29,-44,31,-44,32,-48,34,-46,36,-48,42,-50,42,-52,50,-56,54,-52,56,-48,58,-42,56,-34]"
CSI_DATA,56671,d8:b1:90:d9:de:f0,-46,11,-99,-36,48,116,833889195,100,0,114,0,"[49,14,53,18,53,24,55,26,55,28,51,26,49,30,45,26,45,22,45,22,41,18,43,20,43,18,45,16,45,16,47,16,47,16,53,16,53,14,57,14,53,12,57,8,57,10,57,6,57,8,55,8,57,6,55,2,0,0,55,2,57,2,55,2,61,0,61,-2,61,-2,63,-6,65,-6,63,-6,65,-8,61,-8,61,-8,57,-8,55,-10,55,-12,53,-12,55,-14,53,-14,55,-16,55,-20,59,-22,63,-22,67,-24,71,-24,73,-20,73,-18,73,-16,65,-8]"
CSI_DATA,56672,d8:b1:90:d9:de:f0,-46,11,-99,-35,48,116,833908718,100,0,114,0,"[-49,1,-53,-1,-57,-3,-57,-5,-59,-9,-57,-9,-55,-13,-51,-13,-47,-9,-47,-11,-43,-9,-45,-9,-45,-9,-45,-9,-47,-7,-49,-7,-47,-5,-51,-5,-53,-5,-53,-5,-55,-7,-57,-3,-55,-5,-55,-3,-53,-3,-53,-5,-53,-3,-51,-3,0,0,-53,-1,-53,-1,-57,-1,-57,-1,-59,-1,-59,-1,-59,0,-63,-1,-61,0,-61,1,-59,0,-57,0,-55,1,-53,1,-51,1,-53,3,-53,3,-53,3,-57,5,-57,7,-61,7,-65,5,-69,5,-73,3,-75,0,-73,-1,-73,-5,-65,-11]"
CSI_DATA,56673,d8:b1:90:d9:de:f0,-46,11,-99,-34,48,116,833918805,100,0,114,0,"[-9,-44,-3,-50,-1,-56,1,-58,3,-56,5,-56,5,-52,9,-50,9,-46,9,-44,11,-44,9,-42,9,-42,9,-42,7,-44,9,-48,7,-50,9,-48,9,-52,9,-54,11,-54,11,-54,11,-54,13,-56,11,-50,11,-50,13,-50,13,-54,0,0,13,-54,15,-52,17,-56,15,-54,17,-56,17,-58,19,-58,21,-60,23,-60,19,-58,17,-56,21,-56,19,-54,17,-54,17,-50,19,-52,15,-48,17,-50,17,-54,21,-56,21,-58,27,-62,27,-62,31,-65,36,-67,42,-65,42,-56,44,-50]"
CSI_DATA,56674,d8:b1:90:d9:de:f0,-46,11,-99,-35,48,116,833928898,100,0,114,0,"[-29,-37,-31,-41,-33,-45,-31,-47,-33,-47,-33,-45,-29,-47,-29,-43,-29,-39,-27,-39,-29,-35,-27,-35,-31,-33,-31,-31,-35,-31,-37,-31,-39,-31,-43,-31,-47,-29,-49,-27,-47,-29,-51,-27,-49,-27,-53,-23,-49,-23,-51,-21,-49,-19,-51,-17,0,0,-53,-15,-55,-13,-55,-11,-59,-9,-61,-9,-59,-7,-61,-7,-63,-5,-63,-1,-63,-1,-61,3,-59,1,-57,5,-55,5,-53,9,-51,13,-51,15,-51,15,-53,19,-57,19,-59,21,-63,25,-65,25,-71,29,-71,27,-73,25,-69,23,-65,17]"
CSI_DATA,56675,d8:b1:90:d9:de:f0,-47,11,-99,-34,48,116,833948638,100,0,114,0,"[-7,-44,-5,-50,-3,-52,-1,-54,0,-54,1,-52,1,-52,1,-48,1,-46,0,-46,0,-44,-1,-44,-1,-42,-3,-42,-3,-46,-5,-46,-7,-48,-7,-48,-9,-50,-11,-52,-11,-52,-11,-52,-13,-52,-13,-52,-13,-52,-13,-52,-15,-50,-15,-50,0,0,-17,-50,-17,-52,-17,-52,-19,-52,-21,-54,-21,-56,-23,-56,-23,-56,-25,-56,-25,-54,-25,-50,-27,-50,-27,-46,-27,-46,-25,-44,-27,-42,-29,-42,-29,-40,-32,-44,-34,-46,-38,-48,-38,-52,-42,-56,-40,-60,-40,-62,-38,-62,-32,-62,-27,-60]"
CSI_DATA,56676,d8:b1:90:d9:de:f0,-47,11,-99,-36,49,116,833958834,100,0,114,0,"[-43,3,-47,1,-53,0,-53,-3,-53,-7,-51,-7,-49,-9,-47,-9,-45,-9,-43,-9,-43,-9,-42,-7,-40,-7,-42,-9,-42,-7,-43,-7,-45,-7,-47,-7,-49,-7,-51,-5,-51,-7,-51,-7,-51,-7,-51,-7,-51,-9,-49,-9,-49,-9,-47,-9,0,0,-49,-9,-49,-9,-53,-9,-53,-9,-54,-10,-54,-10,-54,-12,-56,-12,-54,-12,-54,-10,-53,-9,-51,-10,-49,-9,-49,-7,-49,-9,-49,-7,-47,-5,-49,-7,-51,-5,-53,-9,-58,-9,-62,-10,-64,-10,-67,-14,-67,-18,-65,-21,-62,-25,-56,-27]"
CSI_DATA,56677,d8:b1:90:d9:de:f0,-47,11,-99,-34,48,116,833979670,100,0,114,0,"[31,36,31,42,29,46,29,50,27,50,27,48,25,48,21,46,23,40,21,40,19,38,23,36,23,36,25,36,27,38,29,40,31,40,29,40,32,42,34,40,34,42,36,42,36,40,36,42,34,38,36,38,36,38,36,38,0,0,36,38,36,38,40,38,40,38,42,40,44,40,44,40,44,42,44,40,44,36,44,34,44,36,44,32,44,32,40,29,42,27,42,27,44,27,46,27,50,29,52,31,56,34,58,34,62,38,62,42,60,44,52,46,46,46]"
CSI_DATA,56678,d8:b1:90:d9:de:f0,-47,11,-99,-33,48,116,833998685,100,0,114,0,"[13,-45,16,-48,22,-52,24,-50,26,-48,26,-47,26,-45,24,-43,24,-41,22,-39,22,-39,18,-39,18,-37,16,-37,16,-41,16,-43,16,-45,16,-47,16,-48,16,-50,15,-50,16,-52,15,-52,16,-54,15,-50,13,-50,13,-50,13,-50,0,0,11,-50,11,-52,11,-52,11,-54,9,-56,9,-58,11,-60,9,-58,11,-60,7,-58,5,-58,5,-56,3,-54,3,-52,3,-52,1,-48,0,-48,-1,-50,-1,-52,-1,-56,-3,-58,-1,-64,-3,-65,-1,-71,0,-73,5,-73,9,-67,11,-62]"
CSI_DATA,56679,d8:b1:90:d9:de:f0,-47,11,-99,-34,48,116,834008930,100,0,114,0,"[-34,32,-40,34,-46,34,-50,32,-50,29,-52,27,-50,23,-48,23,-44,21,-44,17,-42,17,-40,17,-38,19,-40,19,-40,19,-42,21,-42,21,-44,21,-44,23,-46,23,-48,23,-50,25,-50,23,-50,23,-48,21,-46,21,-48,23,-48,21,0,0,-48,21,-50,21,-52,19,-52,21,-54,21,-56,21,-58,19,-56,19,-56,19,-54,21,-52,21,-54,19,-52,19,-50,19,-48,17,-48,17,-46,19,-46,19,-50,21,-54,19,-58,21,-63,19,-65,21,-69,21,-71,19,-73,13,-69,7,-65,1]"
CSI_DATA,56680,d8:b1:90:d9:de:f0,-47,11,-99,-32,48,116,834028758,100,0,114,0,"[43,-16,49,-16,53,-14,54,-14,54,-12,53,-10,51,-10,49,-9,45,-10,43,-10,42,-12,40,-14,38,-16,38,-18,38,-20,40,-23,36,-23,40,-25,38,-27,38,-31,40,-31,40,-32,36,-32,36,-34,34,-34,34,-36,31,-36,32,-38,0,0,29,-40,29,-42,29,-42,29,-43,29,-45,29,-47,27,-51,27,-49,25,-51,21,-53,18,-53,18,-51,14,-51,12,-47,12,-47,9,-47,7,-45,7,-47,5,-49,3,-54,1,-56,3,-62,0,-65,0,-69,1,-69,3,-69,7,-65,9,-60]"
CSI_DATA,56681,d8:b1:90:d9:de:f0,-47,11,-99,-34,48,116,834038787,100,0,114,0,"[32,-38,38,-38,42,-38,44,-36,46,-40,46,-36,44,-34,44,-32,38,-31,36,-29,32,-27,34,-31,32,-29,32,-31,31,-32,31,-34,29,-34,32,-40,32,-42,32,-42,32,-42,31,-46,31,-44,29,-44,29,-44,29,-44,27,-46,27,-46,0,0,25,-46,23,-48,23,-50,23,-54,23,-54,23,-56,21,-56,23,-56,19,-56,21,-58,17,-58,17,-56,13,-52,11,-52,9,-50,9,-50,5,-50,7,-52,3,-54,5,-58,3,-62,3,-65,5,-69,7,-73,9,-71,11,-69,13,-69,17,-63]"
CSI_DATA,56682,d8:b1:90:d9:de:f0,-47,11,-99,-33,48,116,834048871,100,0,114,0,"[48,16,52,20,52,24,54,28,50,30,50,32,47,32,45,30,41,28,39,28,37,24,37,24,35,24,37,24,39,24,41,22,41,22,41,22,45,24,45,22,48,22,48,22,47,22,47,20,47,20,45,22,45,22,45,20,0,0,47,20,45,20,48,22,48,22,52,22,52,22,54,22,54,22,52,20,52,20,52,20,50,18,48,16,48,16,45,15,48,16,47,15,48,13,50,13,54,15,56,15,60,16,64,16,64,20,64,22,64,28,58,30,52,32]"
CSI_DATA,56683,d8:b1:90:d9:de:f0,-46,11,-99,-35,48,116,834059206,100,0,114,0,"[47,-21,53,-19,57,-15,59,-13,61,-9,59,-7,57,-1,55,0,51,-1,49,1,45,1,47,1,45,1,45,1,47,1,47,1,47,1,53,1,53,1,55,1,55,5,55,3,55,5,55,5,55,7,53,7,53,9,51,9,0,0,53,11,55,11,55,11,59,13,57,15,59,15,59,15,59,17,59,17,59,17,57,17,55,19,51,17,51,15,51,17,49,15,51,17,49,17,53,17,55,19,57,23,61,25,63,29,63,33,61,37,57,39,55,43,47,43]"
CSI_DATA,56684,d8:b1:90:d9:de:f0,-46,11,-99,-35,48,116,834078619,100,0,114,0,"[25,47,23,51,23,55,21,59,21,59,19,57,17,57,15,51,17,47,15,45,17,43,19,45,21,41,23,41,23,41,27,39,29,41,33,43,35,43,39,41,37,41,39,41,39,39,41,39,41,37,39,33,43,33,41,29,0,0,45,29,45,29,47,27,51,27,51,27,53,27,55,23,57,25,55,21,57,19,57,15,55,15,53,11,53,9,51,7,51,5,53,1,51,1,53,0,55,-1,61,-1,65,-1,69,-5,71,-5,73,-3,71,-3,71,1,65,3]"
CSI_DATA,56685,d8:b1:90:d9:de:f0,-46,11,-99,-36,48,116,834088820,100,0,114,0,"[4,51,-2,55,-4,59,-4,61,-6,59,-10,59,-8,55,-10,53,-8,51,-8,49,-6,47,-6,47,-6,45,-4,47,-4,49,-2,49,2,53,2,53,0,57,4,57,4,59,6,57,6,57,6,57,6,55,4,57,6,55,6,55,0,0,10,53,10,53,10,57,12,55,14,59,16,59,16,59,18,63,18,61,16,59,18,57,18,55,18,53,22,51,20,47,20,51,22,47,24,49,26,49,28,53,32,55,34,59,34,61,32,65,32,67,30,69,24,67,18,65]"
CSI_DATA,56686,d8:b1:90:d9:de:f0,-46,11,-99,-32,47,116,834098924,100,0,114,0,"[-51,8,-57,6,-59,2,-59,-2,-61,-4,-59,-6,-57,-10,-53,-10,-51,-8,-51,-10,-47,-6,-49,-10,-47,-8,-47,-8,-49,-8,-49,-6,-51,-8,-55,-6,-55,-6,-57,-6,-59,-8,-61,-6,-59,-8,-59,-6,-57,-8,-57,-8,-57,-8,-55,-6,0,0,-51,-8,-53,-6,-55,-6,-57,-6,-59,-8,-61,-8,-61,-8,-63,-10,-61,-8,-63,-6,-61,-4,-57,-6,-55,-4,-53,-4,-53,-2,-53,-2,-51,-2,-53,-2,-55,-2,-61,0,-65,-2,-67,-4,-71,-4,-73,-4,-71,-8,-71,-14,-71,-16,-63,-18]"
CSI_DATA,56687,d8:b1:90:d9:de:f0,-46,11,-99,-32,47,116,834118651,100,0,114,0,"[16,-47,24,-51,28,-51,32,-51,34,-51,39,-49,39,-43,41,-43,36,-41,39,-36,34,-34,36,-34,39,-30,36,-32,39,-32,36,-32,39,-34,41,-36,45,-36,45,-36,47,-36,47,-36,47,-34,47,-34,49,-30,51,-28,47,-28,49,-26,0,0,49,-28,49,-28,53,-28,51,-26,57,-26,57,-28,57,-26,61,-26,57,-26,59,-24,59,-22,57,-20,53,-18,51,-20,49,-20,51,-20,49,-18,53,-18,55,-20,57,-20,61,-20,63,-20,67,-16,73,-12,73,-10,73,-4,73,0,69,6]"
CSI_DATA,56688,d8:b1:90:d9:de:f0,-46,11,-99,-33,47,116,834128818,100,0,114,0,"[48,21,50,25,52,29,52,33,54,35,52,35,48,35,48,33,46,29,44,29,42,25,42,27,42,23,44,21,44,21,46,21,50,21,52,21,54,19,57,19,57,19,59,16,57,16,59,14,57,14,57,12,57,10,57,10,0,0,59,8,59,6,61,6,61,4,63,4,65,4,65,0,67,0,65,-2,65,-4,63,-6,61,-8,59,-8,57,-10,54,-12,54,-12,52,-14,52,-16,54,-16,57,-21,61,-23,63,-25,67,-27,71,-27,71,-27,73,-23,71,-19,65,-14]"
CSI_DATA,56689,d8:b1:90:d9:de:f0,-46,11,-99,-32,47,116,834148861,100,0,114,0,"[28,-41,34,-43,41,-45,45,-43,45,-41,45,-39,45,-34,45,-32,43,-30,43,-28,41,-28,41,-28,39,-28,41,-28,41,-30,41,-32,43,-32,45,-34,45,-34,47,-36,47,-36,47,-36,49,-36,49,-36,47,-36,47,-34,47,-32,45,-32,0,0,43,-32,45,-32,47,-32,49,-34,49,-34,51,-36,51,-36,53,-36,51,-36,51,-36,47,-34,47,-34,45,-34,43,-32,41,-32,43,-32,41,-32,41,-32,43,-34,45,-36,47,-39,51,-39,53,-43,59,-41,61,-41,63,-36,63,-30,59,-24]"
CSI_DATA,56690,d8:b1:90:d9:de:f0,-46,11,-99,-36,48,116,834168648,100,0,114,0,"[30,-41,36,-41,43,-41,47,-39,51,-34,51,-30,51,-26,51,-24,47,-24,47,-22,45,-20,45,-20,45,-18,45,-16,47,-18,49,-18,51,-18,55,-18,57,-18,57,-18,57,-16,57,-16,59,-16,57,-14,59,-14,59,-8,57,-8,57,-8,0,0,57,-6,57,-6,59,-4,59,-4,63,-2,63,-2,63,0,65,0,63,0,63,2,61,4,59,4,57,4,55,4,55,6,53,6,51,6,53,6,55,6,55,8,61,8,63,12,65,16,67,22,67,26,65,30,61,34,53,36]"
CSI_DATA,56691,d8:b1:90:d9:de:f0,-46,11,-99,-34,47,116,834178752,100,0,114,0,"[-28,43,-36,47,-43,47,-43,50,-45,50,-45,47,-41,45,-43,41,-39,41,-39,41,-36,39,-34,41,-34,41,-32,41,-32,43,-30,45,-30,50,-32,50,-32,54,-30,56,-30,56,-28,58,-28,58,-26,58,-26,58,-26,58,-26,56,-23,56,0,0,-19,58,-21,58,-17,60,-15,60,-17,65,-15,65,-15,65,-13,69,-13,67,-10,67,-8,65,-8,63,-4,60,-2,60,-2,58,0,56,2,54,4,56,4,58,4,60,8,67,6,69,8,71,6,76,2,78,2,78,0,73,-6,69]"
CSI_DATA,56692,d8:b1:90:d9:de:f0,-46,11,-99,-35,48,116,834188753,100,0,114,0,"[-19,-45,-19,-51,-15,-57,-13,-59,-11,-61,-9,-59,-7,-57,-5,-55,-5,-49,-3,-49,-5,-47,-5,-47,-7,-47,-9,-47,-9,-49,-11,-51,-11,-51,-13,-53,-15,-55,-15,-55,-15,-57,-15,-57,-15,-57,-17,-57,-15,-55,-17,-55,-17,-53,-15,-53,0,0,-15,-51,-17,-53,-19,-53,-19,-53,-21,-55,-19,-57,-23,-57,-21,-57,-23,-57,-23,-55,-25,-55,-23,-51,-25,-49,-23,-47,-23,-47,-25,-47,-25,-45,-27,-45,-27,-47,-29,-49,-31,-53,-31,-57,-33,-59,-35,-61,-33,-63,-29,-65,-23,-65,-19,-61]"
CSI_DATA,56693,d8:b1:90:d9:de:f0,-46,11,-99,-35,48,116,834199051,100,0,114,0,"[-49,3,-55,0,-59,-1,-59,-7,-59,-11,-57,-13,-55,-15,-51,-17,-49,-15,-45,-17,-43,-15,-43,-15,-45,-13,-45,-15,-47,-17,-49,-15,-47,-15,-51,-19,-53,-19,-53,-19,-55,-21,-57,-23,-53,-23,-53,-23,-51,-21,-51,-21,-51,-21,-49,-23,0,0,-47,-23,-47,-25,-49,-25,-51,-25,-51,-29,-53,-29,-53,-31,-51,-31,-51,-31,-51,-29,-51,-29,-47,-29,-45,-25,-45,-25,-43,-27,-45,-27,-45,-25,-45,-27,-47,-29,-47,-31,-49,-33,-53,-37,-53,-39,-57,-45,-53,-47,-49,-51,-43,-51,-37,-51]"
CSI_DATA,56694,d8:b1:90:d9:de:f0,-46,11,-99,-35,48,116,834209941,100,0,114,0,"[49,0,53,3,57,7,59,9,59,13,57,13,55,15,51,15,49,11,49,11,47,11,47,11,47,9,49,9,49,7,53,7,51,5,55,5,57,5,59,3,57,3,57,1,59,3,59,1,57,1,55,1,57,1,55,0,0,0,55,0,55,0,57,-1,57,-1,59,-3,59,-5,61,-5,63,-5,63,-5,61,-7,59,-9,57,-7,55,-9,53,-11,51,-11,51,-11,49,-11,49,-13,51,-15,55,-15,59,-19,63,-17,65,-19,69,-17,73,-15,73,-11,69,-7,63,-3]"
CSI_DATA,56695,d8:b1:90:d9:de:f0,-46,11,-99,-36,48,116,834228828,100,0,114,0,"[36,36,39,43,39,45,36,49,39,51,34,51,32,53,28,49,30,43,28,45,28,41,28,41,28,39,30,39,32,41,34,41,36,41,39,43,41,43,41,45,43,43,45,43,43,43,47,41,43,39,41,41,43,36,43,36,0,0,43,34,45,34,45,34,47,36,49,36,49,36,53,34,51,36,51,32,53,32,51,30,49,28,47,26,47,24,47,22,47,22,47,22,47,20,51,20,53,20,57,22,59,22,63,24,65,28,65,30,61,32,59,34,51,34]"
CSI_DATA,56696,d8:b1:90:d9:de:f0,-46,11,-99,-35,48,116,834238822,100,0,114,0,"[49,7,55,11,57,15,59,19,57,23,55,23,53,27,49,23,45,21,45,21,43,19,43,21,41,19,43,19,45,19,47,19,51,21,53,21,53,21,55,21,55,19,55,19,55,19,57,19,53,19,53,21,51,19,51,17,0,0,53,19,53,19,53,19,55,19,55,21,57,19,59,19,59,19,59,19,57,19,55,17,53,17,53,15,51,17,49,15,51,13,49,13,51,11,53,11,57,13,59,13,63,17,65,19,69,23,69,27,67,29,61,33,53,33]"
CSI_DATA,56697,d8:b1:90:d9:de:f0,-47,11,-99,-35,48,116,834259145,100,0,114,0,"[-49,0,-53,-1,-57,-3,-57,-5,-59,-7,-55,-7,-55,-7,-51,-7,-47,-5,-45,-5,-45,-3,-45,-1,-45,0,-47,1,-47,3,-49,5,-49,5,-51,7,-51,9,-55,13,-55,13,-57,13,-55,15,-55,17,-53,17,-51,17,-49,17,-49,19,0,0,-49,23,-49,23,-49,25,-49,27,-49,27,-51,29,-51,31,-51,33,-49,35,-49,37,-45,37,-45,37,-39,39,-39,37,-37,37,-33,37,-33,39,-33,39,-31,43,-35,45,-35,49,-35,51,-39,55,-41,57,-43,57,-43,55,-45,53,-43,43]"
CSI_DATA,56698,d8:b1:90:d9:de:f0,-47,11,-99,-34,48,116,834278642,100,0,114,0,"[-44,9,-50,9,-52,7,-54,3,-56,1,-54,1,-52,-1,-50,-1,-48,0,-46,-1,-42,0,-44,1,-44,3,-44,5,-46,5,-46,7,-48,7,-50,9,-52,9,-52,11,-54,11,-54,13,-54,11,-54,15,-52,13,-52,15,-50,17,-50,17,0,0,-48,17,-48,19,-50,19,-52,21,-56,23,-56,21,-58,25,-56,23,-56,27,-54,27,-52,27,-52,29,-48,29,-48,29,-46,29,-44,31,-44,29,-44,32,-46,32,-46,34,-50,36,-54,38,-56,40,-60,42,-60,42,-62,36,-62,32,-58,27]"
CSI_DATA,56699,d8:b1:90:d9:de:f0,-47,11,-99,-34,48,116,834288775,100,0,114,0,"[-48,3,-52,1,-56,0,-56,-5,-58,-7,-56,-9,-52,-11,-50,-11,-46,-11,-44,-11,-42,-9,-42,-11,-42,-9,-44,-9,-44,-9,-46,-9,-48,-9,-52,-9,-54,-9,-54,-7,-54,-9,-54,-9,-54,-11,-54,-9,-52,-9,-52,-9,-52,-7,-50,-9,0,0,-50,-7,-50,-9,-54,-9,-56,-9,-58,-9,-58,-11,-58,-11,-60,-13,-60,-11,-60,-11,-58,-9,-56,-9,-52,-7,-52,-7,-50,-7,-54,-7,-52,-5,-54,-7,-54,-7,-56,-9,-60,-9,-63,-11,-65,-13,-69,-15,-69,-19,-67,-23,-63,-27,-58,-29]"
CSI_DATA,56700,d8:b1:90:d9:de:f0,-47,11,-99,-36,49,116,834298887,100,0,114,0,"[1,42,-1,49,-5,53,-9,53,-10,51,-12,51,-14,45,-16,45,-14,42,-16,38,-14,38,-16,36,-16,36,-16,36,-18,38,-18,40,-18,42,-18,42,-20,45,-20,45,-21,45,-21,45,-23,45,-21,45,-23,42,-23,42,-23,42,-25,40,0,0,-25,43,-25,42,-29,43,-29,43,-32,45,-32,45,-32,45,-36,45,-36,43,-36,43,-36,42,-34,40,-32,38,-32,38,-31,36,-34,38,-32,36,-34,38,-36,38,-38,38,-42,40,-45,42,-47,40,-53,42,-56,40,-60,34,-58,29,-56,21]"
CSI_DATA,56701,d8:b1:90:d9:de:f0,-48,11,-99,-37,50,116,834309733,100,0,114,0,"[11,41,10,47,5,48,3,52,1,52,1,52,0,48,-3,47,-1,41,-1,43,0,40,0,40,1,40,1,40,5,40,5,41,5,41,5,45,6,47,6,47,6,48,8,48,8,48,10,47,8,45,8,45,8,43,10,43,0,0,8,45,10,43,10,47,10,45,11,48,10,50,13,48,13,53,13,50,13,52,15,50,15,47,15,45,15,45,15,41,15,43,15,41,16,43,16,45,18,47,20,48,20,52,21,53,21,58,20,60,16,60,11,58,8,57]"
CSI_DATA,56702,d8:b1:90:d9:de:f0,-47,11,-99,-33,48,116,834328904,100,0,114,0,"[-16,-43,-15,-48,-9,-52,-7,-52,-7,-58,-3,-54,-1,-54,-1,-50,0,-47,-1,-45,-1,-43,-1,-43,-3,-41,-3,-43,-5,-45,-5,-45,-5,-45,-5,-47,-5,-48,-7,-50,-7,-50,-7,-52,-7,-50,-7,-50,-9,-50,-7,-48,-9,-48,-7,-48,0,0,-7,-47,-7,-48,-7,-48,-9,-52,-9,-54,-9,-56,-11,-58,-11,-58,-11,-58,-11,-58,-11,-56,-13,-56,-13,-52,-9,-50,-11,-50,-13,-50,-13,-50,-13,-50,-15,-52,-15,-56,-16,-58,-16,-62,-16,-67,-16,-67,-13,-69,-7,-67,-3,-67,0,-60]"
CSI_DATA,56703,d8:b1:90:d9:de:f0,-46,11,-99,-35,48,116,834348660,100,0,114,0,"[-13,-47,-9,-55,-3,-59,-1,-59,0,-61,1,-57,5,-57,7,-53,5,-51,9,-49,9,-45,7,-45,7,-43,7,-45,9,-47,9,-47,9,-49,11,-53,11,-51,13,-53,13,-51,13,-53,13,-53,15,-51,15,-51,17,-49,17,-49,17,-47,0,0,19,-47,19,-47,19,-49,21,-51,23,-51,25,-53,25,-55,27,-53,29,-53,27,-53,25,-51,29,-49,27,-49,27,-45,27,-45,25,-43,27,-45,27,-45,27,-47,31,-49,33,-49,39,-53,41,-53,45,-55,51,-53,53,-49,53,-43,51,-33]"
CSI_DATA,56704,d8:b1:90:d9:de:f0,-46,11,-99,-36,48,116,834358871,100,0,114,0,"[-49,-16,-53,-20,-55,-22,-55,-24,-55,-26,-53,-24,-51,-26,-49,-26,-49,-20,-47,-20,-43,-18,-45,-18,-43,-16,-43,-14,-47,-14,-47,-12,-49,-10,-53,-12,-53,-10,-55,-8,-55,-8,-57,-6,-55,-4,-55,-2,-53,-2,-55,-2,-51,-2,-51,0,0,0,-51,6,-53,2,-53,4,-57,8,-61,8,-61,10,-63,12,-61,14,-59,14,-61,14,-59,14,-57,14,-55,18,-51,20,-51,18,-49,20,-49,24,-51,24,-51,28,-53,30,-55,34,-57,34,-61,34,-69,36,-67,34,-67,34,-67,30,-63,22]"
CSI_DATA,56705,d8:b1:90:d9:de:f0,-47,11,-99,-34,48,116,834368912,100,0,114,0,"[50,-1,54,1,58,3,58,9,58,11,56,13,54,15,52,13,48,11,46,11,44,9,44,9,42,9,44,7,46,5,48,5,48,5,48,5,52,5,52,5,54,3,54,5,52,3,54,1,52,1,50,1,52,1,52,0,0,0,52,0,50,0,52,0,54,0,58,0,58,0,60,-3,58,-3,60,-3,58,-3,56,-5,56,-5,54,-5,54,-3,50,-5,52,-7,50,-7,50,-9,52,-9,56,-11,58,-13,63,-13,65,-13,69,-13,71,-11,71,-7,67,-1,62,1]"
CSI_DATA,56706,d8:b1:90:d9:de:f0,-49,9,-99,-36,51,116,834384183,98,0,106,0,"[61,21,-23,21,78,21,-133,21,127,21,133,21,183,21,59,21,-116,21,14,21,-40,21,-4,20,14,0,-5,20,42,0,27,21,40,0,132,21,14,0,-69,21,-27,21,129,0,-68,21,-74,0,-94,21,23,1,0,0,0,0,-24,21,71,1,20,0,-17,0,88,0,178,0,136,0,-71,21,154,0,68,21,154,0,-93,20,129,0,-161,20,101,0,-168,20,69,0,-111,20,43,0,-27,20,13,0,109,21,5,0,-63,21,23,0]"
CSI_DATA,56707,d8:b1:90:d9:de:f0,-46,11,-99,-36,48,116,834398731,100,0,114,0,"[32,39,34,45,36,49,36,51,34,51,34,53,32,49,32,49,30,43,32,43,30,39,30,39,30,34,32,34,34,34,39,34,41,34,41,32,47,32,47,30,49,30,51,30,51,28,53,26,51,24,49,22,51,22,51,18,0,0,53,16,51,16,55,14,55,12,59,14,61,12,63,8,63,8,63,6,61,4,59,0,61,0,57,-2,57,-4,51,-6,53,-8,51,-10,51,-12,53,-14,57,-18,61,-20,63,-22,65,-24,69,-26,73,-24,75,-24,69,-20,63,-16]"
CSI_DATA,56708,d8:b1:90:d9:de:f0,-47,11,-99,-34,48,116,834409008,100,0,114,0,"[-48,-7,-54,-11,-56,-13,-58,-17,-58,-19,-56,-19,-54,-19,-50,-19,-48,-15,-46,-17,-44,-13,-44,-13,-42,-11,-44,-11,-46,-11,-48,-9,-48,-9,-50,-9,-52,-7,-54,-5,-54,-7,-56,-5,-54,-3,-54,-3,-52,-1,-52,-1,-50,-1,-52,-1,0,0,-50,0,-52,0,-54,1,-54,1,-56,1,-60,3,-60,3,-58,3,-60,3,-58,5,-56,7,-58,7,-56,7,-54,9,-50,9,-48,11,-48,13,-48,15,-52,15,-54,17,-56,19,-62,19,-62,21,-69,21,-69,19,-71,15,-67,11,-63,7]"
CSI_DATA,56709,d8:b1:90:d9:de:f0,-47,11,-99,-35,48,116,834419064,100,0,114,0,"[49,-13,55,-11,57,-9,61,-5,63,-5,59,-3,59,0,55,0,51,0,49,0,47,-1,47,1,45,0,47,-1,47,-1,47,-1,49,-1,53,-3,53,-3,55,-5,53,-3,55,-3,55,-3,55,-5,53,-3,51,-3,51,-3,51,-3,0,0,51,-3,51,-3,53,-5,55,-5,57,-1,57,-3,59,-5,59,-3,59,-5,59,-3,57,-5,57,-3,55,-5,53,-5,51,-5,51,-7,51,-7,51,-7,53,-9,57,-9,61,-9,65,-9,69,-7,73,-7,73,-3,73,0,71,3,65,7]"
CSI_DATA,56710,d8:b1:90:d9:de:f0,-46,11,-99,-36,48,116,834438649,100,0,114,0,"[32,-39,39,-41,47,-41,49,-39,49,-36,49,-32,49,-30,49,-28,45,-26,45,-24,43,-22,45,-22,43,-22,43,-22,45,-22,45,-22,45,-22,49,-24,49,-24,51,-24,51,-24,53,-26,53,-24,53,-24,51,-20,51,-20,51,-18,53,-18,0,0,53,-18,53,-16,55,-18,57,-18,57,-16,61,-18,61,-16,63,-14,63,-14,61,-14,61,-12,57,-12,55,-10,53,-10,53,-10,51,-10,51,-10,53,-10,55,-10,59,-10,63,-10,65,-10,71,-8,73,-6,75,0,73,4,71,8,63,12]"
CSI_DATA,56711,d8:b1:90:d9:de:f0,-46,11,-99,-32,47,116,834448927,100,0,114,0,"[-51,-10,-57,-12,-59,-16,-59,-20,-59,-20,-59,-20,-55,-20,-53,-20,-51,-16,-49,-16,-47,-14,-47,-12,-47,-10,-47,-8,-49,-6,-51,-6,-51,-4,-53,-4,-55,-4,-55,0,-57,0,-59,2,-59,2,-57,4,-55,4,-55,6,-53,8,-55,8,0,0,-55,10,-55,10,-57,14,-57,14,-59,16,-61,16,-61,20,-61,20,-61,20,-59,22,-55,26,-55,24,-51,26,-49,26,-47,26,-47,28,-45,30,-45,32,-45,34,-49,39,-49,43,-51,43,-55,47,-57,49,-59,47,-61,45,-59,41,-55,34]"
CSI_DATA,56712,d8:b1:90:d9:de:f0,-46,11,-99,-36,48,116,834468803,100,0,114,0,"[-51,6,-55,2,-59,0,-59,-4,-63,-4,-57,-6,-59,-10,-55,-10,-51,-6,-49,-8,-47,-6,-47,-8,-47,-6,-47,-6,-49,-4,-51,-4,-49,-4,-55,-4,-55,-2,-57,-2,-57,-2,-59,-2,-57,-2,-59,0,-57,-4,-55,-2,-55,-2,-55,-2,0,0,-55,0,-55,0,-55,0,-59,0,-61,0,-61,-2,-63,0,-63,-2,-65,0,-63,0,-63,2,-59,0,-57,2,-55,2,-55,4,-53,4,-55,4,-55,6,-57,6,-59,6,-61,6,-65,6,-69,6,-75,6,-75,2,-73,-2,-73,-4,-63,-8]"
CSI_DATA,56713,d8:b1:90:d9:de:f0,-46,11,-99,-32,47,116,834478776,100,0,114,0,"[51,0,57,4,61,8,63,14,59,16,61,18,55,20,53,20,47,18,47,18,45,18,45,16,45,16,45,16,47,18,49,18,51,18,49,18,55,20,53,18,55,20,55,20,55,20,57,22,53,20,51,20,53,22,51,20,0,0,51,22,49,22,51,24,51,24,53,26,55,28,55,28,57,30,57,30,55,28,55,28,53,26,51,26,49,26,45,24,49,26,47,24,49,24,51,24,51,28,55,28,57,32,59,34,63,36,63,43,59,47,53,49,45,47]"
CSI_DATA,56714,d8:b1:90:d9:de:f0,-46,11,-99,-33,47,116,834498627,100,0,114,0,"[12,-52,19,-57,23,-57,23,-61,25,-59,25,-59,23,-54,23,-52,16,-48,16,-48,14,-46,12,-46,12,-46,10,-48,10,-50,6,-52,4,-54,4,-52,2,-57,-2,-59,-2,-59,-4,-59,-6,-59,-6,-59,-6,-57,-10,-57,-10,-54,-10,-54,0,0,-14,-52,-14,-52,-16,-57,-19,-57,-21,-59,-23,-59,-25,-59,-25,-61,-27,-59,-29,-54,-29,-52,-31,-54,-31,-50,-33,-48,-31,-44,-35,-44,-35,-40,-38,-42,-42,-42,-44,-44,-48,-46,-50,-48,-52,-48,-57,-54,-57,-54,-54,-57,-48,-54,-44,-52]"
CSI_DATA,56715,d8:b1:90:d9:de:f0,-46,11,-99,-33,47,116,834508790,100,0,114,0,"[-52,8,-59,6,-65,2,-67,0,-65,-2,-63,-2,-61,-4,-59,-6,-52,-2,-52,-2,-50,-2,-50,0,-48,2,-48,2,-50,4,-52,4,-52,6,-54,6,-57,8,-59,10,-54,10,-57,12,-57,14,-59,14,-57,12,-54,12,-54,14,-54,14,0,0,-54,16,-54,14,-54,16,-59,19,-57,19,-59,19,-61,23,-61,23,-61,23,-61,25,-54,23,-57,25,-54,23,-54,25,-50,23,-50,25,-48,27,-48,27,-50,31,-52,33,-57,35,-63,38,-63,40,-67,40,-71,35,-71,33,-71,29,-65,23]"
CSI_DATA,56716,d8:b1:90:d9:de:f0,-46,11,-99,-33,47,116,834518959,100,0,114,0,"[-52,-14,-57,-19,-57,-21,-57,-25,-59,-29,-54,-29,-52,-31,-50,-29,-46,-27,-44,-27,-42,-25,-42,-27,-42,-25,-42,-25,-44,-27,-46,-25,-46,-25,-48,-27,-50,-27,-50,-25,-52,-27,-54,-27,-52,-27,-52,-27,-48,-27,-50,-27,-48,-27,-50,-27,0,0,-50,-25,-48,-27,-52,-29,-52,-29,-54,-31,-57,-31,-57,-33,-54,-33,-54,-33,-54,-31,-54,-31,-52,-31,-50,-29,-48,-27,-48,-27,-48,-27,-48,-25,-52,-25,-54,-27,-54,-29,-59,-29,-61,-33,-63,-35,-65,-42,-63,-44,-61,-46,-57,-50,-48,-50]"
CSI_DATA,56717,d8:b1:90:d9:de:f0,-46,11,-99,-32,47,116,834538928,100,0,114,0,"[2,51,0,57,-2,59,-6,59,-4,63,-4,59,-6,59,-4,53,0,51,-2,49,0,47,2,49,4,47,4,47,8,49,10,51,12,51,14,53,16,53,18,55,18,51,22,51,22,51,26,51,24,51,26,49,28,51,28,47,0,0,30,45,32,45,34,43,41,47,41,47,41,47,45,47,47,49,49,47,49,45,49,41,49,39,49,34,47,32,47,28,51,28,51,24,51,22,55,24,59,24,63,24,67,24,71,26,71,26,75,28,71,30,69,30,61,30]"
CSI_DATA,56718,d8:b1:90:d9:de:f0,-46,11,-99,-32,47,116,834549086,100,0,114,0,"[-32,-41,-34,-47,-32,-49,-32,-55,-30,-53,-28,-53,-26,-53,-26,-49,-24,-47,-22,-45,-24,-43,-22,-43,-24,-39,-26,-39,-28,-41,-30,-41,-30,-43,-34,-41,-34,-43,-36,-43,-39,-43,-41,-43,-39,-43,-41,-43,-36,-41,-39,-39,-39,-39,-41,-39,0,0,-41,-36,-43,-36,-45,-39,-45,-36,-49,-39,-51,-39,-51,-39,-51,-41,-51,-39,-51,-34,-53,-32,-51,-32,-49,-30,-49,-28,-49,-26,-49,-26,-49,-24,-51,-22,-55,-24,-57,-26,-59,-26,-65,-28,-67,-28,-69,-30,-69,-32,-67,-39,-63,-36,-57,-39]"
CSI_DATA,56719,d8:b1:90:d9:de:f0,-46,11,-99,-33,47,116,834568668,100,0,114,0,"[-50,4,-57,0,-61,-2,-63,-6,-61,-6,-59,-8,-57,-12,-54,-12,-52,-10,-50,-12,-48,-10,-46,-10,-46,-8,-46,-8,-48,-8,-50,-6,-52,-6,-52,-6,-54,-8,-57,-6,-59,-6,-59,-8,-57,-8,-59,-4,-54,-8,-57,-8,-57,-6,-57,-6,0,0,-57,-6,-57,-6,-59,-6,-59,-6,-63,-6,-63,-8,-65,-6,-67,-8,-67,-6,-65,-8,-63,-6,-61,-6,-59,-4,-57,-4,-57,-2,-59,-4,-57,-2,-59,-2,-61,0,-65,-2,-69,0,-73,-2,-76,-4,-80,-6,-80,-8,-80,-14,-73,-16,-69,-21]"
CSI_DATA,56720,d8:b1:90:d9:de:f0,-46,11,-99,-33,47,116,834578959,100,0,114,0,"[-48,-19,-52,-25,-50,-31,-50,-35,-48,-40,-44,-42,-42,-42,-38,-42,-33,-40,-33,-38,-31,-35,-31,-38,-29,-35,-31,-35,-31,-38,-33,-40,-31,-40,-33,-44,-33,-44,-33,-46,-35,-48,-35,-50,-35,-50,-33,-48,-29,-48,-29,-48,-29,-46,-29,-48,0,0,-27,-50,-27,-50,-27,-52,-23,-52,-25,-54,-25,-57,-25,-57,-23,-61,-21,-57,-21,-59,-21,-57,-19,-57,-19,-54,-19,-52,-16,-52,-16,-54,-16,-52,-16,-54,-16,-57,-16,-61,-16,-65,-16,-67,-14,-73,-10,-78,-8,-80,-2,-80,4,-78,10,-69]"
CSI_DATA,56721,d8:b1:90:d9:de:f0,-46,11,-99,-33,47,116,834588986,100,0,114,0,"[-48,6,-57,4,-59,2,-61,0,-59,-2,-61,-2,-54,-4,-57,-2,-50,0,-50,0,-46,2,-46,4,-46,4,-46,6,-48,8,-50,10,-50,12,-50,12,-54,14,-52,16,-59,21,-57,21,-54,23,-54,23,-50,25,-50,25,-48,25,-50,27,0,0,-48,29,-46,31,-50,33,-48,31,-50,38,-50,38,-50,40,-50,40,-48,42,-44,44,-44,44,-42,46,-38,44,-35,44,-33,42,-33,46,-29,44,-29,50,-31,52,-31,57,-31,59,-33,63,-33,67,-35,71,-38,71,-42,69,-42,63,-42,57]"
CSI_DATA,56722,d8:b1:90:d9:de:f0,-46,11,-99,-36,48,116,834608774,100,0,114,0,"[2,49,-2,55,-6,57,-8,59,-10,59,-12,57,-12,55,-14,53,-12,49,-12,47,-10,47,-10,47,-8,47,-8,49,-8,49,-6,51,-6,53,-6,53,-8,57,-6,57,-4,59,-4,59,-2,59,-4,59,-4,55,-4,55,-2,55,-4,55,0,0,0,55,-2,53,-2,59,-2,59,0,63,0,63,0,63,0,65,0,65,2,65,2,61,4,61,4,55,6,55,4,53,4,53,6,51,8,55,8,55,10,61,12,65,10,69,12,73,8,75,6,78,2,80,-4,73,-6,69]"
CSI_DATA,56723,d8:b1:90:d9:de:f0,-49,9,-99,-37,51,116,834627084,756,0,106,0,"[-32,0,136,0,-50,0,-179,0,-91,0,-125,0,-146,0,-88,0,-179,0,-43,0,175,0,-14,0,170,0,-10,0,164,0,-34,0,112,0,-128,0,25,0,106,0,-112,22,-46,22,119,22,-158,22,14,22,182,22,0,0,0,0,-76,20,-79,22,16,22,-8,22,-173,22,41,0,74,0,11,0,-70,0,-95,22,52,1,167,22,71,1,76,22,31,1,37,22,-50,0,17,22,-142,0,56,22,139,0,172,22,73,0,-23,22,80,0]"
CSI_DATA,56724,d8:b1:90:d9:de:f0,-46,11,-99,-36,48,116,834638824,100,0,114,0,"[4,-51,8,-57,12,-59,12,-61,14,-63,14,-61,14,-59,14,-57,10,-53,10,-51,10,-49,8,-49,6,-47,6,-47,4,-51,2,-53,2,-55,0,-55,-2,-57,-4,-57,-4,-57,-8,-59,-8,-57,-8,-57,-8,-55,-10,-55,-10,-53,-10,-53,0,0,-14,-53,-16,-53,-18,-53,-18,-53,-20,-55,-22,-57,-24,-55,-26,-57,-26,-55,-26,-53,-28,-51,-28,-49,-28,-49,-30,-45,-28,-41,-32,-43,-32,-41,-36,-41,-41,-41,-43,-43,-45,-45,-49,-47,-51,-49,-55,-53,-53,-57,-53,-57,-47,-55,-43,-53]"
CSI_DATA,56725,d8:b1:90:d9:de:f0,-46,11,-99,-35,48,116,834659670,100,0,114,0,"[-49,-9,-51,-15,-53,-21,-53,-25,-51,-29,-49,-31,-47,-33,-43,-33,-39,-31,-37,-31,-35,-31,-35,-31,-33,-31,-35,-31,-35,-33,-37,-35,-37,-35,-37,-39,-37,-41,-37,-41,-37,-41,-37,-43,-37,-43,-35,-45,-33,-43,-33,-43,-33,-43,-29,-43,0,0,-29,-45,-27,-47,-27,-49,-27,-49,-29,-51,-29,-53,-27,-55,-27,-57,-25,-55,-25,-55,-23,-53,-21,-51,-21,-49,-19,-49,-17,-47,-19,-49,-19,-47,-19,-49,-21,-51,-19,-57,-21,-59,-19,-63,-19,-67,-15,-71,-11,-75,-7,-75,0,-71,3,-67]"
CSI_DATA,56726,d8:b1:90:d9:de:f0,-46,11,-99,-35,48,116,834678911,100,0,114,0,"[-39,-29,-43,-35,-43,-37,-43,-39,-45,-43,-43,-41,-41,-39,-39,-39,-39,-35,-37,-33,-35,-29,-35,-31,-37,-29,-39,-25,-41,-27,-43,-25,-45,-25,-49,-25,-51,-25,-53,-21,-55,-23,-57,-21,-55,-19,-55,-17,-53,-17,-53,-15,-51,-11,-51,-11,0,0,-53,-7,-53,-7,-55,-5,-57,-3,-59,-3,-63,-3,-61,0,-61,0,-59,3,-59,3,-59,7,-57,7,-53,9,-51,11,-49,13,-49,15,-47,19,-49,19,-51,23,-51,25,-53,29,-55,31,-59,33,-63,35,-63,33,-63,35,-63,31,-59,25]"
CSI_DATA,56727,d8:b1:90:d9:de:f0,-46,11,-99,-35,48,116,834698734,100,0,114,0,"[-51,-9,-55,-13,-57,-15,-59,-19,-59,-23,-57,-23,-53,-25,-51,-25,-49,-21,-47,-23,-43,-19,-45,-21,-45,-17,-45,-17,-47,-19,-51,-17,-49,-17,-53,-17,-53,-17,-57,-15,-55,-15,-55,-15,-55,-15,-55,-15,-53,-15,-55,-13,-53,-11,-51,-13,0,0,-53,-11,-53,-11,-55,-11,-57,-9,-57,-9,-59,-9,-59,-11,-61,-11,-59,-9,-61,-7,-59,-5,-55,-3,-53,-1,-51,-1,-51,0,-51,0,-49,1,-51,1,-53,3,-57,3,-61,3,-63,3,-67,5,-71,3,-71,3,-71,0,-69,-1,-63,-5]"
CSI_DATA,56728,d8:b1:90:d9:de:f0,-46,11,-99,-35,48,116,834708758,100,0,114,0,"[51,15,55,19,57,25,57,31,57,33,53,35,49,37,47,35,43,31,41,33,39,31,41,31,39,29,41,29,43,29,43,31,43,33,45,31,47,33,47,33,47,33,47,35,45,35,47,33,45,33,45,33,45,33,43,31,0,0,41,35,43,31,43,33,43,35,47,35,45,37,47,37,45,37,47,35,45,33,45,33,43,31,43,29,41,29,41,27,41,27,41,27,43,25,45,27,49,29,51,31,53,35,55,35,59,37,57,41,53,45,49,45,43,45]"
CSI_DATA,56729,d8:b1:90:d9:de:f0,-47,11,-99,-35,48,116,834729004,100,0,114,0,"[41,-27,49,-29,53,-29,57,-29,55,-27,55,-25,51,-23,53,-21,47,-21,45,-21,43,-21,41,-21,41,-23,41,-25,43,-27,43,-31,43,-33,43,-33,45,-35,43,-37,43,-39,43,-39,41,-41,39,-41,35,-37,37,-41,35,-39,35,-43,0,0,31,-43,31,-43,33,-47,29,-45,31,-49,29,-51,29,-53,29,-51,25,-53,23,-51,21,-53,19,-51,15,-51,15,-49,11,-47,11,-49,7,-47,7,-51,5,-53,5,-55,3,-57,3,-61,1,-61,1,-69,5,-71,5,-71,9,-65,11,-61]"
CSI_DATA,56730,d8:b1:90:d9:de:f0,-46,11,-99,-35,48,116,834748971,100,0,114,0,"[13,49,9,55,5,59,3,63,3,63,1,63,0,59,-1,59,-1,51,-1,51,-1,47,-1,49,-1,47,-1,49,-1,49,0,51,0,53,0,55,0,57,1,57,1,57,1,59,1,57,3,57,0,55,0,55,0,53,0,53,0,0,1,53,1,53,1,55,1,55,1,59,3,61,3,61,3,61,3,59,3,59,3,57,3,53,5,51,5,51,5,47,7,51,7,47,9,51,11,51,11,53,11,57,13,59,11,63,9,67,7,69,5,69,0,67,-3,61]"
CSI_DATA,56731,d8:b1:90:d9:de:f0,-46,11,-99,-35,48,116,834768568,100,0,114,0,"[9,-51,15,-55,23,-57,25,-57,31,-57,33,-53,35,-49,35,-47,31,-45,31,-43,31,-39,31,-39,29,-37,29,-37,29,-39,31,-39,33,-41,37,-41,39,-43,37,-43,39,-45,39,-43,37,-43,39,-43,39,-41,41,-41,37,-39,37,-37,0,0,37,-35,39,-35,41,-35,43,-35,43,-37,47,-39,45,-39,45,-37,45,-35,45,-37,43,-35,43,-33,39,-31,39,-31,39,-31,37,-29,37,-29,39,-31,39,-33,41,-35,45,-37,49,-37,51,-39,57,-39,57,-35,59,-31,61,-27,57,-21]"
CSI_DATA,56732,d8:b1:90:d9:de:f0,-46,11,-99,-35,48,116,834778842,100,0,114,0,"[-3,53,-7,59,-9,59,-11,63,-13,63,-15,61,-15,59,-15,57,-11,51,-9,51,-9,47,-7,49,-7,47,-5,47,-3,49,-1,51,0,55,0,55,0,59,3,57,3,59,7,59,7,57,9,57,9,57,9,57,11,55,9,53,0,0,15,51,15,51,17,53,17,53,19,55,21,55,23,55,25,55,25,53,27,49,27,49,27,47,27,43,29,41,29,39,31,39,31,35,33,35,37,35,41,37,45,37,47,39,51,41,53,45,53,45,51,47,47,47,41,45]"
CSI_DATA,56733,d8:b1:90:d9:de:f0,-47,11,-99,-34,48,116,834789166,100,0,114,0,"[-19,48,-25,50,-29,50,-32,50,-32,54,-34,52,-34,46,-36,44,-31,42,-32,38,-27,38,-31,38,-29,36,-27,38,-27,40,-27,42,-29,42,-29,46,-31,48,-31,48,-29,48,-29,50,-31,48,-25,48,-29,48,-27,46,-25,46,-27,44,0,0,-25,46,-23,48,-25,48,-25,50,-25,52,-27,52,-25,54,-27,52,-23,52,-23,52,-21,52,-21,50,-17,46,-17,46,-13,46,-15,46,-15,46,-13,48,-13,52,-11,52,-13,56,-13,58,-15,62,-19,65,-17,63,-21,62,-25,62,-27,56]"
CSI_DATA,56734,d8:b1:90:d9:de:f0,-47,11,-99,-34,48,116,834808921,100,0,114,0,"[44,27,48,32,46,38,44,42,44,46,42,48,38,48,32,44,31,42,29,42,27,40,27,40,27,38,27,38,29,40,29,42,29,44,29,46,29,48,31,48,31,48,31,50,29,50,29,48,27,50,25,48,25,48,23,48,0,0,23,46,23,50,23,52,23,52,23,54,23,56,23,56,21,56,21,54,21,54,21,52,19,50,19,48,17,46,17,46,19,46,19,46,19,46,19,48,19,50,21,54,21,56,21,60,19,63,17,65,13,65,7,63,3,62]"
CSI_DATA,56735,d8:b1:90:d9:de:f0,-46,11,-99,-35,48,116,834829113,100,0,114,0,"[5,-51,9,-55,15,-59,15,-59,19,-61,19,-59,19,-57,21,-53,17,-51,15,-49,13,-47,13,-47,13,-45,11,-47,9,-49,9,-51,7,-53,9,-55,7,-59,7,-59,7,-59,5,-61,3,-59,1,-59,3,-57,3,-57,1,-55,1,-55,0,0,-1,-55,0,-55,-1,-57,-3,-59,-3,-59,-5,-61,-5,-61,-7,-63,-7,-61,-7,-59,-9,-57,-9,-55,-11,-53,-13,-49,-13,-49,-13,-49,-17,-45,-17,-47,-21,-47,-21,-47,-25,-51,-25,-53,-27,-55,-27,-61,-25,-61,-25,-63,-21,-61,-15,-59]"
CSI_DATA,56736,d8:b1:90:d9:de:f0,-46,11,-99,-36,48,116,834849487,100,0,114,0,"[51,10,55,16,57,20,59,26,57,28,55,32,51,32,49,32,43,30,43,30,41,28,39,30,39,32,39,32,41,32,43,32,43,36,43,36,45,39,43,39,47,43,47,43,47,43,45,43,41,43,41,43,39,43,39,41,0,0,36,43,34,43,36,45,34,47,36,49,36,51,36,51,36,53,34,51,34,51,32,49,30,49,28,47,28,45,26,43,28,43,26,41,28,43,30,43,30,45,32,49,32,53,32,55,30,61,28,65,26,65,18,63,12,61]"
CSI_DATA,56737,d8:b1:90:d9:de:f0,-46,11,-99,-32,47,116,834868838,100,0,114,0,"[18,49,14,57,8,63,4,63,2,65,-2,61,-4,61,-8,55,-6,53,-8,51,-10,51,-10,49,-10,49,-12,49,-12,51,-12,53,-14,53,-16,55,-16,55,-18,57,-20,55,-20,57,-20,57,-22,57,-24,55,-24,51,-26,51,-26,49,0,0,-26,49,-30,49,-28,47,-32,49,-34,49,-36,51,-39,51,-39,51,-41,49,-41,47,-39,45,-39,43,-36,41,-34,39,-34,39,-34,36,-34,36,-34,36,-36,39,-41,39,-43,41,-49,43,-51,43,-57,43,-61,39,-61,34,-63,28,-57,20]"
CSI_DATA,56738,d8:b1:90:d9:de:f0,-47,11,-99,-35,48,116,834888709,100,0,114,0,"[47,-15,51,-13,55,-11,57,-9,61,-9,57,-7,57,-3,53,-3,49,-5,49,-3,45,-5,47,-3,45,-5,47,-5,47,-7,47,-9,49,-9,55,-11,55,-13,57,-13,55,-13,57,-15,55,-15,55,-17,55,-15,55,-15,53,-17,51,-15,0,0,51,-19,51,-19,51,-21,55,-21,57,-21,57,-23,57,-25,57,-23,53,-25,55,-25,51,-25,51,-25,47,-25,43,-25,43,-27,43,-27,43,-29,43,-29,43,-31,45,-33,47,-35,49,-39,53,-41,57,-41,57,-39,57,-35,61,-33,55,-27]"
CSI_DATA,56739,d8:b1:90:d9:de:f0,-47,11,-99,-34,48,116,834898841,100,0,114,0,"[7,-50,11,-54,19,-58,21,-56,23,-58,25,-54,25,-52,27,-48,25,-46,25,-44,23,-42,23,-42,23,-38,23,-40,23,-42,23,-44,23,-44,25,-48,25,-50,27,-52,25,-50,27,-52,27,-52,25,-52,27,-50,27,-48,27,-48,27,-48,0,0,27,-46,29,-48,29,-50,31,-50,29,-50,31,-50,31,-50,31,-50,31,-50,31,-50,27,-48,29,-46,27,-44,25,-44,25,-42,25,-44,23,-44,23,-44,23,-46,27,-48,27,-52,29,-56,32,-58,34,-60,40,-60,40,-56,42,-52,42,-44]"
CSI_DATA,56740,d8:b1:90:d9:de:f0,-47,11,-99,-35,48,116,834908886,100,0,114,0,"[-49,1,-55,-3,-57,-7,-59,-11,-57,-15,-55,-19,-51,-19,-49,-21,-47,-19,-45,-19,-43,-19,-41,-19,-41,-19,-41,-19,-43,-21,-45,-21,-45,-23,-45,-25,-47,-27,-47,-25,-51,-29,-49,-29,-49,-29,-49,-31,-45,-29,-45,-33,-45,-31,-45,-33,0,0,-43,-33,-39,-35,-43,-39,-41,-37,-43,-41,-43,-41,-43,-41,-43,-43,-39,-41,-39,-41,-39,-39,-37,-41,-35,-37,-35,-37,-31,-37,-33,-37,-31,-35,-31,-37,-35,-39,-37,-41,-39,-43,-37,-49,-39,-49,-39,-55,-37,-61,-33,-63,-25,-61,-19,-59]"
CSI_DATA,56741,d8:b1:90:d9:de:f0,-46,11,-99,-35,48,116,834928936,100,0,114,0,"[-7,-49,-3,-55,0,-57,1,-61,3,-61,3,-59,5,-57,5,-53,3,-49,3,-47,1,-47,1,-47,1,-45,0,-47,-1,-49,-1,-51,-1,-53,-3,-55,-5,-59,-5,-57,-7,-57,-7,-59,-7,-57,-9,-57,-7,-57,-9,-57,-11,-55,-11,-55,0,0,-11,-57,-11,-55,-13,-57,-13,-57,-15,-61,-15,-61,-19,-61,-17,-59,-17,-59,-19,-55,-21,-53,-21,-53,-21,-51,-21,-49,-21,-47,-23,-45,-23,-45,-27,-45,-27,-45,-31,-45,-31,-49,-33,-53,-35,-55,-39,-61,-37,-63,-35,-65,-31,-61,-23,-59]"
CSI_DATA,56742,d8:b1:90:d9:de:f0,-46,11,-99,-35,48,116,834948781,100,0,114,0,"[5,-49,11,-53,15,-55,19,-55,23,-59,23,-53,25,-51,25,-47,23,-43,23,-43,21,-41,23,-41,21,-39,21,-41,23,-43,23,-45,23,-45,27,-49,27,-49,27,-53,25,-51,27,-51,27,-51,27,-53,29,-51,27,-49,29,-49,29,-47,0,0,31,-47,31,-51,31,-49,33,-51,33,-51,35,-53,35,-51,35,-51,35,-49,35,-51,33,-49,31,-49,29,-47,29,-43,29,-45,27,-43,27,-45,25,-45,27,-47,29,-47,31,-51,33,-53,37,-55,39,-57,43,-55,45,-51,49,-49,45,-41]"
CSI_DATA,56743,d8:b1:90:d9:de:f0,-46,11,-99,-32,47,116,834968640,100,0,114,0,"[47,-16,55,-14,59,-12,61,-10,61,-10,57,-8,55,-8,53,-8,49,-10,47,-10,45,-10,45,-14,43,-14,45,-16,45,-20,47,-20,49,-22,51,-24,51,-26,51,-30,49,-30,51,-32,49,-34,49,-36,47,-36,45,-36,43,-36,43,-39,0,0,41,-39,41,-41,39,-43,39,-45,39,-47,39,-49,36,-51,36,-51,34,-53,32,-53,28,-53,26,-53,24,-51,22,-51,20,-49,18,-49,16,-49,12,-53,12,-53,10,-57,10,-61,10,-65,8,-69,10,-71,12,-73,12,-73,14,-67,16,-61]"
CSI_DATA,56744,d8:b1:90:d9:de:f0,-47,11,-99,-34,48,116,834978884,100,0,114,0,"[3,50,1,54,-1,56,-3,58,-5,62,-5,60,-7,56,-7,54,-5,50,-7,48,-5,46,-5,46,-5,46,-3,46,-3,48,-1,50,-1,50,0,54,0,58,1,56,1,58,1,58,1,58,5,56,1,54,1,56,3,54,3,52,0,0,5,54,5,54,7,58,9,58,7,60,9,62,9,60,11,62,11,58,11,58,11,58,11,56,13,52,13,50,15,48,15,48,17,44,17,48,21,46,21,52,23,54,25,56,23,60,25,65,25,65,23,67,19,65,13,63]"
CSI_DATA,56745,d8:b1:90:d9:de:f0,-46,11,-99,-32,47,116,834988934,100,0,114,0,"[-2,51,-8,55,-12,57,-14,57,-18,59,-20,55,-20,55,-20,51,-16,49,-18,47,-18,45,-18,45,-18,43,-16,45,-18,47,-18,49,-18,49,-20,53,-20,53,-20,57,-18,55,-20,57,-18,57,-20,57,-20,55,-20,53,-20,53,-22,51,0,0,-20,55,-22,55,-22,55,-22,57,-20,57,-22,61,-22,59,-24,59,-22,57,-20,59,-20,57,-20,55,-20,53,-18,51,-18,51,-16,47,-16,49,-14,49,-14,53,-16,55,-16,59,-20,61,-20,65,-26,67,-26,67,-30,65,-34,61,-34,53]"
CSI_DATA,56746,d8:b1:90:d9:de:f0,-46,11,-99,-35,48,116,835008632,100,0,114,0,"[-1,-47,1,-55,5,-59,11,-61,13,-59,17,-57,17,-51,19,-51,19,-45,21,-43,19,-41,19,-39,19,-41,21,-41,21,-43,21,-47,23,-47,25,-47,27,-51,27,-51,29,-49,29,-49,33,-49,31,-47,31,-45,31,-45,33,-43,35,-45,0,0,37,-43,37,-43,39,-45,39,-43,43,-45,45,-45,45,-43,49,-43,47,-41,45,-41,45,-41,43,-37,43,-37,41,-37,41,-35,41,-35,37,-33,41,-35,41,-35,45,-33,49,-37,51,-37,55,-37,61,-39,63,-37,67,-31,63,-25,61,-19]"
CSI_DATA,56747,d8:b1:90:d9:de:f0,-47,11,-99,-34,48,116,835018841,100,0,114,0,"[-40,29,-46,29,-52,29,-54,27,-54,27,-52,25,-50,23,-48,21,-44,21,-44,21,-40,21,-40,23,-38,23,-38,23,-38,27,-38,29,-38,29,-42,32,-42,32,-42,34,-42,34,-40,38,-40,36,-40,38,-38,38,-36,38,-36,38,-36,38,0,0,-34,40,-34,42,-34,44,-34,46,-34,46,-34,48,-34,48,-34,50,-32,50,-31,50,-27,50,-25,48,-23,48,-21,46,-19,46,-17,46,-15,48,-15,48,-13,50,-15,54,-13,58,-15,62,-15,65,-17,67,-19,67,-21,65,-23,65,-23,58]"
CSI_DATA,56748,d8:b1:90:d9:de:f0,-47,11,-99,-34,48,116,835038872,100,0,114,0,"[-23,42,-29,44,-34,46,-38,46,-40,40,-42,40,-38,34,-40,34,-36,31,-34,31,-34,29,-32,29,-32,29,-32,31,-34,32,-34,32,-36,34,-36,31,-38,34,-38,36,-40,36,-42,36,-40,36,-42,34,-38,34,-38,34,-38,34,-40,34,0,0,-40,36,-40,32,-44,36,-42,32,-46,34,-46,36,-48,36,-48,38,-48,36,-44,38,-44,36,-42,34,-40,34,-40,34,-38,31,-40,32,-36,31,-40,34,-38,34,-42,36,-44,38,-50,40,-48,42,-56,42,-58,40,-62,38,-58,29,-58,23]"
CSI_DATA,56749,d8:b1:90:d9:de:f0,-47,11,-99,-33,48,116,835058667,100,0,114,0,"[-48,-5,-52,-11,-52,-16,-52,-20,-52,-22,-48,-24,-47,-28,-41,-26,-39,-24,-37,-28,-33,-26,-33,-28,-35,-28,-35,-28,-37,-30,-37,-32,-35,-32,-39,-33,-39,-35,-39,-37,-37,-41,-39,-39,-37,-43,-37,-41,-33,-43,-33,-43,-32,-43,-30,-45,0,0,-28,-45,-30,-47,-28,-47,-28,-50,-28,-52,-28,-54,-26,-54,-24,-56,-24,-54,-22,-54,-22,-52,-20,-52,-18,-50,-16,-48,-18,-47,-16,-47,-16,-47,-16,-48,-16,-50,-15,-54,-15,-58,-15,-60,-13,-64,-9,-67,-7,-67,-1,-67,1,-65,5,-60]"
CSI_DATA,56750,d8:b1:90:d9:de:f0,-46,11,-99,-35,48,116,835068820,100,0,114,0,"[-11,-49,-9,-57,-5,-59,-3,-61,-1,-61,-1,-59,-1,-59,0,-53,0,-49,-1,-49,-1,-47,-1,-47,-3,-45,-5,-47,-7,-49,-7,-51,-9,-51,-7,-51,-11,-53,-13,-55,-13,-55,-15,-57,-17,-57,-15,-55,-17,-55,-17,-53,-17,-53,-19,-53,0,0,-17,-51,-19,-53,-21,-55,-23,-53,-23,-53,-25,-57,-27,-57,-27,-57,-27,-55,-29,-53,-31,-49,-31,-49,-29,-47,-29,-45,-29,-41,-31,-39,-33,-37,-33,-37,-37,-39,-39,-41,-41,-41,-43,-45,-47,-47,-49,-49,-49,-55,-47,-55,-43,-55,-37,-51]"
CSI_DATA,56751,d8:b1:90:d9:de:f0,-47,11,-99,-34,48,116,835088892,100,0,114,0,"[42,23,44,29,44,34,44,38,40,42,40,44,36,42,34,42,31,38,29,38,27,36,27,36,27,36,27,36,29,38,29,40,31,42,31,44,32,46,32,46,32,46,31,46,32,46,31,48,29,46,27,46,27,46,27,48,0,0,27,46,25,48,25,50,25,50,25,54,27,54,27,56,27,56,25,54,27,52,25,52,23,52,23,50,23,48,21,44,21,46,21,42,23,44,25,46,25,50,27,52,27,58,27,60,23,63,21,67,19,67,13,63,7,60]"
CSI_DATA,56752,d8:b1:90:d9:de:f0,-47,11,-99,-34,48,116,835108819,100,0,114,0,"[15,48,15,52,13,56,13,58,11,60,9,58,9,56,9,54,9,48,11,48,11,46,11,46,11,46,15,46,17,46,19,48,21,48,21,48,23,50,27,50,29,50,29,50,32,50,32,50,31,46,31,46,31,44,31,42,0,0,34,40,34,40,36,42,38,40,38,42,42,40,44,40,46,40,44,38,46,36,44,34,44,32,44,29,44,27,42,25,42,23,42,21,44,19,46,17,48,17,56,17,56,19,60,19,62,21,65,23,63,23,60,25,54,25]"
CSI_DATA,56753,d8:b1:90:d9:de:f0,-47,11,-99,-34,48,116,835128969,100,0,114,0,"[23,44,21,52,19,56,17,62,13,58,11,60,9,54,7,54,5,50,5,48,5,48,5,44,3,44,5,44,5,48,9,50,7,52,7,50,7,56,7,54,7,54,5,54,7,54,7,56,3,52,5,54,5,54,5,54,0,0,3,54,5,54,5,58,3,56,5,60,5,60,3,62,3,62,3,60,5,56,5,56,5,54,5,54,7,54,5,48,5,50,7,46,7,50,7,52,7,54,9,56,9,60,9,60,5,67,5,69,1,71,-3,63,-5,60]"
CSI_DATA,56754,d8:b1:90:d9:de:f0,-47,11,-99,-34,48,116,835139997,100,0,114,0,"[17,-48,21,-52,27,-52,31,-52,32,-54,32,-50,32,-48,31,-44,27,-40,27,-40,25,-40,25,-42,23,-40,21,-42,21,-42,21,-46,21,-46,23,-50,23,-50,23,-52,19,-50,19,-50,19,-52,17,-52,19,-54,15,-50,15,-52,15,-50,0,0,15,-52,13,-52,13,-52,13,-56,9,-56,11,-56,9,-58,11,-60,9,-60,5,-60,1,-56,1,-56,1,-52,0,-50,0,-50,-1,-48,-3,-50,-5,-48,-5,-50,-7,-50,-7,-56,-7,-58,-11,-63,-11,-65,-9,-67,-5,-67,-3,-67,-1,-58]"
CSI_DATA,56755,d8:b1:90:d9:de:f0,-47,11,-99,-34,48,116,835158725,100,0,114,0,"[-42,27,-50,27,-54,27,-58,25,-58,23,-58,21,-56,19,-54,19,-48,19,-48,19,-46,17,-44,21,-44,21,-42,25,-42,25,-44,27,-46,27,-44,27,-46,31,-46,32,-46,34,-46,34,-44,36,-44,36,-40,34,-40,36,-38,36,-38,36,0,0,-36,36,-36,38,-36,40,-36,40,-36,44,-36,44,-34,46,-34,48,-34,46,-31,48,-27,48,-25,48,-23,46,-23,46,-21,44,-19,46,-15,44,-15,46,-13,46,-13,52,-13,56,-15,60,-11,62,-11,63,-15,65,-17,63,-19,60,-19,56]"
CSI_DATA,56756,d8:b1:90:d9:de:f0,-54,11,-99,-36,55,116,835168962,100,0,228,0,"[-14,5,-16,7,-16,9,-17,11,-16,12,-15,15,-13,15,88,-6,-10,18,-8,19,-6,19,-5,20,-4,21,-2,21,-1,20,-1,20,-1,19,-1,16,-1,13,-1,9,-1,3,53,5,0,-8,0,-11,0,-16,3,-19,5,-22,7,-23,0,0,9,-23,10,-22,11,-20,9,-16,8,-11,5,-7,66,0,-1,3,-5,8,-11,12,-14,15,-17,16,-20,16,-22,16,-22,15,-23,15,-22,12,-22,11,-21,10,-19,8,13,13,-12,2,-7,0,-1,-1,4,-2,9,-2,12,0,15,0,-1,0,-2,4,2,9,11,5,15,-5,8,-16,-5,-19,-31,7,-20,7,-8,18,7,18,17,6,14,-8,2,-15,-10,-11,-13,2,-3,12,10,10,15,-4,6,-20,-12,-20,-28,-4,-22,18,-3,29,17,22,27,5,22,-12,6,-21,0,0,-11,-5,-8,1,-3,1,-4,0,-9,0,-11,8,-2,16,9,21,22,11,23,-7,12,-20,-3,-22,-13,-11,-14,0,-8,5,-2,5,0,1,-4,2,-5,8,1,15,0,20,27,1,25,-19,9,-35,-16,-34,-34,-16,-35,8,-20,24]"
CSI_DATA,56757,d8:b1:90:d9:de:f0,-47,11,-99,-34,48,116,835188647,100,0,114,0,"[23,46,21,52,17,58,13,60,11,62,7,62,5,60,3,58,1,52,0,50,0,50,1,50,0,48,1,48,1,50,0,52,-1,54,-3,54,-1,58,-3,58,-3,56,-3,58,-5,58,-5,56,-5,54,-5,54,-5,54,-7,52,0,0,-9,50,-9,50,-9,52,-11,54,-11,56,-11,56,-13,56,-13,56,-13,56,-13,54,-11,54,-11,52,-9,48,-11,48,-11,46,-9,46,-9,46,-9,46,-9,48,-11,50,-11,54,-15,58,-15,60,-17,63,-21,63,-27,62,-29,58,-31,50]"
CSI_DATA,56758,d8:b1:90:d9:de:f0,-47,11,-99,-34,48,116,835198675,100,0,114,0,"[-15,52,-21,56,-23,58,-27,60,-27,62,-27,60,-27,56,-25,56,-19,52,-19,52,-17,48,-17,50,-15,48,-13,50,-13,50,-9,52,-7,54,-7,56,-7,60,-5,60,-3,60,0,60,0,60,3,58,1,56,1,56,3,54,3,54,0,0,9,50,9,48,11,52,13,52,17,56,19,54,23,54,21,54,25,50,25,48,25,48,25,46,27,42,29,40,27,36,29,36,31,34,34,34,36,32,40,32,44,32,46,34,50,38,52,42,52,42,52,42,48,42,42,40]"
CSI_DATA,56759,d8:b1:90:d9:de:f0,-46,11,-99,-32,47,116,835218843,100,0,114,0,"[-47,28,-53,28,-59,26,-61,24,-63,20,-61,18,-61,16,-59,12,-55,12,-53,12,-51,10,-51,12,-51,12,-49,14,-53,14,-53,16,-53,14,-55,14,-57,16,-57,18,-59,16,-61,16,-59,18,-57,16,-57,16,-55,16,-53,16,-53,16,0,0,-51,16,-53,16,-53,18,-55,18,-57,16,-59,18,-59,20,-57,18,-57,18,-55,20,-53,20,-53,22,-51,22,-49,22,-47,20,-47,22,-45,22,-47,24,-49,26,-49,26,-53,28,-55,28,-57,30,-63,32,-63,28,-65,28,-65,20,-61,16]"
CSI_DATA,56760,d8:b1:90:d9:de:f0,-46,11,-99,-32,47,116,835238650,100,0,114,0,"[-49,24,-57,22,-61,20,-65,16,-65,10,-65,8,-63,4,-59,4,-55,2,-55,0,-53,0,-51,0,-49,0,-51,-2,-53,-4,-55,-2,-57,-4,-57,-6,-59,-6,-61,-6,-59,-8,-61,-8,-59,-10,-59,-10,-59,-12,-57,-12,-57,-12,-53,-12,0,0,-55,-12,-53,-16,-55,-16,-57,-16,-59,-18,-59,-18,-59,-22,-59,-22,-59,-22,-57,-22,-57,-20,-55,-20,-53,-20,-53,-18,-49,-18,-49,-20,-49,-18,-51,-18,-51,-18,-53,-24,-57,-24,-59,-26,-61,-30,-61,-32,-61,-36,-57,-41,-53,-43,-47,-45]"
CSI_DATA,56761,d8:b1:90:d9:de:f0,-46,11,-99,-35,48,116,835248820,100,0,114,0,"[-27,-45,-27,-49,-25,-53,-25,-57,-25,-59,-23,-57,-19,-59,-19,-53,-19,-47,-21,-47,-21,-45,-23,-45,-21,-41,-23,-43,-25,-43,-27,-43,-29,-45,-29,-45,-31,-47,-33,-47,-33,-43,-37,-43,-37,-43,-39,-43,-39,-43,-39,-39,-39,-39,-37,-35,0,0,-37,-33,-41,-33,-41,-33,-45,-35,-45,-33,-49,-33,-51,-31,-53,-31,-51,-31,-53,-27,-51,-23,-51,-23,-49,-19,-47,-19,-47,-17,-47,-15,-47,-13,-49,-11,-51,-11,-55,-9,-59,-9,-63,-9,-65,-9,-65,-9,-69,-9,-65,-13,-63,-15,-59,-17]"
CSI_DATA,56762,d8:b1:90:d9:de:f0,-46,11,-99,-35,48,116,835258974,100,0,114,0,"[21,-45,29,-47,35,-49,37,-49,39,-47,39,-45,39,-43,37,-39,35,-37,33,-37,33,-35,31,-35,29,-35,31,-37,31,-39,33,-41,31,-41,33,-41,33,-43,33,-45,33,-45,33,-47,33,-47,33,-47,31,-45,27,-43,29,-43,29,-45,0,0,31,-45,29,-45,29,-47,29,-49,29,-49,29,-51,29,-51,29,-53,31,-53,27,-51,25,-51,23,-51,21,-49,21,-49,19,-45,17,-45,17,-47,15,-45,15,-49,17,-53,17,-57,21,-61,21,-65,21,-65,23,-67,27,-65,29,-59,31,-55]"
CSI_DATA,56763,d8:b1:90:d9:de:f0,-46,11,-99,-34,48,116,835278756,100,0,114,0,"[-32,36,-40,36,-46,36,-48,34,-50,31,-52,29,-50,23,-50,23,-44,21,-44,19,-42,17,-42,17,-42,17,-44,17,-44,19,-46,17,-48,19,-50,17,-52,21,-52,19,-54,19,-52,21,-52,19,-52,17,-52,17,-52,15,-52,15,-52,15,0,0,-50,17,-50,11,-54,13,-54,13,-58,13,-58,15,-58,13,-60,13,-60,11,-58,13,-56,13,-56,11,-52,11,-52,11,-50,9,-50,11,-48,11,-52,11,-52,13,-56,11,-60,13,-63,11,-65,13,-71,9,-71,5,-73,1,-69,-3,-63,-7]"
CSI_DATA,56764,d8:b1:90:d9:de:f0,-47,11,-99,-34,48,116,835288955,100,0,114,0,"[-46,19,-52,19,-58,17,-60,17,-58,17,-58,15,-54,13,-52,13,-48,15,-46,13,-44,15,-44,17,-42,17,-42,19,-42,21,-42,25,-42,25,-44,27,-46,29,-46,32,-46,32,-46,36,-44,34,-44,36,-40,34,-38,36,-38,36,-38,36,0,0,-32,40,-34,40,-34,44,-32,44,-32,48,-32,50,-31,50,-32,52,-31,52,-27,54,-25,54,-23,52,-19,50,-17,50,-15,50,-13,50,-11,50,-9,52,-7,56,-7,58,-5,62,-5,65,-5,67,-5,73,-5,73,-7,73,-11,69,-11,63]"
CSI_DATA,56765,d8:b1:90:d9:de:f0,-46,11,-99,-35,48,116,835298986,100,0,114,0,"[-45,23,-51,23,-55,21,-59,21,-57,19,-57,17,-53,15,-53,13,-49,13,-47,13,-45,13,-43,15,-45,15,-43,15,-43,19,-43,21,-45,21,-47,21,-49,25,-47,25,-49,27,-51,27,-49,27,-47,29,-43,27,-45,29,-43,27,-43,29,0,0,-41,31,-43,29,-43,33,-43,35,-45,37,-45,39,-45,39,-45,41,-43,41,-43,41,-41,43,-39,41,-35,41,-33,41,-31,39,-33,41,-29,43,-31,45,-29,47,-31,49,-31,53,-33,55,-35,59,-39,63,-39,61,-43,59,-43,55,-41,49]"
CSI_DATA,56766,d8:b1:90:d9:de:f0,-46,11,-99,-35,48,116,835318765,100,0,114,0,"[15,-47,19,-51,27,-51,29,-51,29,-53,29,-49,33,-45,31,-41,29,-41,31,-37,27,-37,29,-37,27,-39,27,-37,27,-39,27,-41,27,-39,29,-43,29,-45,31,-45,31,-45,31,-47,33,-47,31,-47,31,-45,31,-43,31,-43,29,-41,0,0,29,-41,29,-43,29,-43,31,-47,33,-47,33,-47,33,-49,37,-49,35,-49,35,-49,33,-49,33,-47,31,-45,29,-43,27,-43,25,-41,25,-43,25,-45,25,-45,29,-51,33,-53,33,-55,37,-59,39,-57,41,-57,43,-53,45,-51,43,-43]"
CSI_DATA,56767,d8:b1:90:d9:de:f0,-46,11,-99,-33,47,116,835328778,100,0,114,0,"[-38,-40,-38,-48,-33,-54,-29,-57,-29,-59,-25,-57,-21,-59,-19,-54,-16,-52,-14,-50,-14,-48,-14,-48,-12,-48,-14,-48,-14,-52,-14,-54,-12,-52,-12,-54,-12,-57,-12,-59,-14,-59,-12,-63,-12,-61,-12,-61,-10,-57,-8,-57,-8,-57,-8,-54,0,0,-6,-54,-6,-57,-2,-59,-2,-61,-4,-61,-4,-63,-4,-65,-2,-65,0,-65,-2,-65,0,-61,0,-61,0,-61,2,-57,0,-57,0,-52,2,-52,0,-52,0,-57,0,-63,0,-65,4,-69,6,-73,8,-76,12,-76,19,-73,21,-67,25,-61]"
CSI_DATA,56768,d8:b1:90:d9:de:f0,-46,11,-99,-36,48,116,835348842,100,0,114,0,"[47,-16,61,-18,65,-8,59,-12,67,-10,65,0,57,-4,59,-10,59,-6,51,-2,47,-10,55,-8,47,-4,49,-14,57,-10,51,-6,49,-16,57,-18,57,-12,57,-16,61,-18,59,-20,55,-14,51,-26,59,-18,51,-18,53,-26,57,-20,0,0,47,-26,53,-26,51,-22,51,-28,57,-30,55,-28,53,-26,53,-36,57,-30,47,-32,49,-39,49,-34,41,-32,39,-36,43,-34,36,-28,34,-36,41,-39,36,-39,36,-41,39,-51,49,-47,43,-51,49,-55,51,-51,49,-49,51,-47,51,-36]"
CSI_DATA,56769,d8:b1:90:d9:de:f0,-46,11,-99,-33,47,116,835368733,100,0,114,0,"[-6,-57,-2,-63,4,-67,8,-69,12,-67,14,-67,14,-65,16,-61,19,-57,16,-54,19,-52,16,-50,14,-50,14,-52,14,-54,16,-59,19,-57,19,-57,21,-61,19,-63,19,-61,21,-61,19,-59,21,-61,19,-54,16,-52,16,-54,19,-54,0,0,19,-54,21,-54,21,-59,21,-54,21,-54,23,-57,21,-59,21,-57,23,-57,19,-54,19,-54,19,-57,16,-54,19,-52,16,-50,16,-52,14,-50,14,-50,16,-52,16,-54,19,-59,21,-65,21,-65,23,-69,29,-71,33,-69,35,-61,35,-54]"
CSI_DATA,56770,d8:b1:90:d9:de:f0,-46,11,-99,-33,47,116,835378766,100,0,114,0,"[19,-52,27,-54,33,-54,35,-54,42,-54,42,-50,42,-46,44,-42,40,-40,40,-38,38,-35,40,-33,42,-33,42,-33,42,-33,44,-33,44,-35,50,-35,50,-35,52,-38,52,-35,54,-35,50,-35,52,-35,52,-31,54,-29,52,-29,50,-25,0,0,50,-27,52,-25,54,-25,57,-25,57,-23,59,-25,59,-25,59,-23,59,-23,59,-23,57,-19,54,-19,52,-16,50,-19,52,-16,50,-16,50,-16,50,-16,52,-19,57,-21,61,-21,63,-19,69,-19,73,-12,73,-8,73,-6,73,0,63,6]"
CSI_DATA,56771,d8:b1:90:d9:de:f0,-46,11,-99,-35,48,116,835398967,100,0,114,0,"[53,5,59,11,63,13,65,17,63,19,61,23,57,23,55,21,53,19,51,19,49,17,49,19,45,19,49,17,49,17,51,17,53,15,55,15,57,17,57,15,57,15,59,13,59,13,59,11,55,13,53,13,53,11,53,11,0,0,53,9,51,9,53,9,55,11,55,9,55,7,57,7,59,5,59,5,57,5,53,5,55,3,51,3,53,1,49,0,47,0,47,-1,47,-3,51,-5,57,-5,59,-7,63,-7,65,-7,67,-3,71,-1,71,0,67,3,59,5]"
CSI_DATA,56772,d8:b1:90:d9:de:f0,-46,11,-99,-36,48,116,835420105,100,0,114,0,"[16,53,12,59,10,63,8,65,6,67,6,67,4,65,2,61,2,55,2,53,2,51,2,51,6,51,6,51,8,53,8,55,10,55,10,55,12,59,12,59,12,59,12,59,12,57,14,57,14,55,16,57,16,55,16,51,0,0,18,53,18,53,18,55,22,55,20,57,22,57,22,57,22,57,24,57,24,53,26,51,26,51,26,47,26,47,26,43,28,43,28,41,30,41,32,43,34,45,39,47,41,51,43,51,45,55,45,57,43,59,36,57,30,55]"
CSI_DATA,56773,d8:b1:90:d9:de:f0,-46,11,-99,-35,48,116,835438725,100,0,114,0,"[-41,-33,-45,-39,-45,-45,-45,-49,-41,-47,-41,-49,-39,-47,-39,-45,-35,-39,-35,-39,-33,-37,-33,-35,-35,-33,-35,-33,-37,-33,-41,-35,-43,-33,-41,-33,-47,-35,-47,-31,-49,-31,-49,-31,-51,-29,-51,-29,-49,-25,-49,-25,-49,-23,-49,-25,0,0,-51,-19,-49,-21,-55,-21,-51,-17,-55,-19,-57,-17,-57,-19,-59,-17,-59,-15,-57,-13,-55,-9,-55,-11,-53,-7,-53,-5,-47,-5,-51,-3,-47,0,-49,1,-53,3,-55,1,-59,5,-63,5,-65,7,-67,7,-71,5,-71,3,-63,1,-63,-1]"
CSI_DATA,56774,d8:b1:90:d9:de:f0,-46,11,-99,-32,47,116,835448843,100,0,114,0,"[-49,-28,-53,-34,-53,-36,-53,-43,-51,-43,-49,-45,-45,-45,-41,-43,-39,-36,-36,-39,-34,-36,-34,-36,-36,-34,-39,-34,-39,-36,-41,-36,-43,-36,-43,-36,-45,-39,-45,-36,-47,-39,-47,-36,-47,-36,-47,-34,-45,-34,-45,-34,-45,-34,-45,-32,0,0,-47,-30,-47,-32,-47,-32,-47,-32,-49,-34,-51,-34,-51,-32,-51,-36,-53,-34,-51,-32,-51,-30,-49,-30,-45,-28,-47,-26,-45,-22,-45,-22,-45,-20,-45,-20,-49,-20,-53,-22,-57,-24,-59,-24,-61,-26,-63,-28,-65,-30,-63,-32,-57,-34,-51,-34]"
CSI_DATA,56775,d8:b1:90:d9:de:f0,-46,11,-99,-34,47,116,835468693,100,0,114,0,"[6,54,2,60,-4,65,-8,67,-10,65,-15,65,-15,60,-17,56,-17,52,-17,52,-17,47,-17,50,-17,47,-17,50,-17,52,-17,52,-21,54,-21,52,-23,54,-21,56,-23,58,-23,58,-26,56,-26,56,-28,54,-26,54,-26,54,-28,52,0,0,-28,52,-28,50,-30,52,-32,54,-34,56,-34,56,-36,54,-41,56,-39,54,-36,54,-36,54,-34,52,-34,50,-32,47,-32,45,-32,45,-30,45,-32,47,-32,47,-34,50,-36,52,-43,54,-43,56,-47,56,-50,56,-54,52,-56,45,-52,39]"
CSI_DATA,56776,d8:b1:90:d9:de:f0,-46,11,-99,-34,47,116,835479048,100,0,114,0,"[-21,52,-28,54,-32,56,-34,58,-36,56,-34,54,-34,52,-34,50,-30,50,-28,47,-26,47,-26,45,-26,45,-21,47,-21,50,-21,52,-21,54,-21,56,-19,58,-19,58,-17,60,-15,60,-15,63,-13,60,-10,58,-10,60,-8,58,-8,58,0,0,-6,58,-4,63,-4,63,-4,63,-2,65,0,69,4,69,2,69,4,67,8,67,6,65,8,65,10,63,10,58,13,58,15,54,15,52,19,52,23,54,26,56,30,60,28,63,30,65,32,69,30,71,30,71,23,69,19,65]"
CSI_DATA,56777,d8:b1:90:d9:de:f0,-45,11,-99,-35,47,116,835489085,100,0,114,0,"[-44,-35,-47,-42,-47,-47,-47,-51,-44,-53,-42,-53,-35,-53,-35,-49,-35,-44,-33,-44,-33,-44,-33,-44,-33,-40,-35,-42,-35,-42,-40,-42,-40,-44,-42,-44,-44,-47,-44,-44,-44,-44,-47,-44,-47,-44,-47,-44,-47,-42,-44,-40,-47,-42,-47,-38,0,0,-49,-38,-47,-38,-49,-40,-51,-42,-51,-40,-53,-42,-55,-40,-55,-42,-58,-40,-55,-38,-55,-35,-55,-35,-53,-33,-53,-31,-51,-29,-49,-26,-49,-26,-51,-22,-51,-22,-58,-24,-62,-24,-64,-29,-69,-29,-69,-31,-71,-33,-69,-35,-64,-38,-58,-38]"
CSI_DATA,56778,d8:b1:90:d9:de:f0,-46,11,-99,-36,48,116,835508796,100,0,114,0,"[49,-16,55,-14,59,-12,63,-6,63,-4,63,-2,61,2,57,2,53,2,51,4,49,4,49,4,47,4,49,2,49,4,53,2,53,4,57,2,57,4,59,4,57,4,59,6,57,8,59,6,57,8,55,6,55,6,55,6,0,0,57,8,57,10,59,10,59,10,61,10,63,12,63,12,61,12,63,12,61,10,59,10,57,10,55,10,53,8,53,6,51,8,49,6,49,6,51,6,57,8,59,8,65,10,67,10,69,12,71,16,69,20,63,24,57,24]"
CSI_DATA,56779,d8:b1:90:d9:de:f0,-46,11,-99,-35,48,116,835519053,100,0,114,0,"[47,23,49,31,47,39,45,43,43,45,41,47,37,47,33,47,29,45,27,43,25,43,25,43,23,43,23,43,25,45,23,47,23,47,21,49,21,53,23,53,21,53,21,53,21,53,19,53,15,53,13,53,13,55,13,53,0,0,9,53,7,55,7,57,5,57,5,57,3,59,3,59,3,63,0,61,1,59,0,57,0,57,-1,53,-1,53,-1,49,-1,49,-1,49,-1,49,-1,51,-3,55,-3,57,-7,61,-9,63,-13,67,-17,67,-23,65,-25,59,-29,53]"
CSI_DATA,56780,d8:b1:90:d9:de:f0,-46,11,-99,-32,47,116,835538776,100,0,114,0,"[-26,47,-32,51,-36,53,-41,53,-41,53,-43,51,-41,45,-41,45,-36,43,-36,41,-32,39,-32,39,-32,39,-30,41,-30,43,-30,45,-30,45,-30,47,-32,53,-32,51,-30,53,-28,53,-28,53,-26,53,-26,51,-26,53,-24,51,-24,51,0,0,-22,51,-22,51,-22,55,-22,53,-22,57,-22,57,-20,59,-20,61,-18,59,-16,59,-16,57,-12,57,-10,53,-10,53,-8,51,-6,51,-4,49,-2,51,-2,53,0,55,0,59,2,59,2,63,0,69,0,69,-4,69,-6,65,-10,63]"
CSI_DATA,56781,d8:b1:90:d9:de:f0,-47,11,-99,-35,48,116,835549070,100,0,114,0,"[-27,-45,-27,-51,-23,-55,-21,-57,-17,-61,-15,-59,-13,-59,-9,-55,-9,-53,-7,-51,-7,-49,-7,-49,-7,-47,-7,-47,-9,-49,-9,-49,-9,-49,-9,-51,-9,-55,-11,-55,-11,-55,-11,-57,-11,-55,-11,-53,-9,-53,-11,-55,-9,-53,-9,-53,0,0,-7,-49,-7,-53,-9,-53,-9,-55,-9,-59,-9,-61,-9,-59,-9,-59,-9,-57,-9,-55,-9,-55,-9,-53,-9,-49,-9,-47,-9,-47,-9,-45,-11,-45,-11,-47,-11,-49,-13,-53,-15,-53,-15,-55,-13,-61,-13,-65,-11,-65,-9,-65,-1,-63,1,-57]"
CSI_DATA,56782,d8:b1:90:d9:de:f0,-47,11,-99,-35,48,116,835559313,100,0,114,0,"[47,27,47,35,45,39,43,43,43,49,37,47,35,49,29,47,27,45,25,45,23,43,23,45,21,43,21,43,21,45,21,45,23,45,23,51,23,51,21,51,21,51,21,51,19,53,19,53,17,55,15,53,15,53,13,51,0,0,11,53,11,55,9,53,7,57,9,57,9,59,7,61,5,61,5,57,3,59,3,57,1,57,1,53,1,51,1,51,1,49,1,47,1,47,1,51,0,53,0,59,-1,59,-5,65,-7,65,-11,65,-15,65,-19,63,-21,53]"
CSI_DATA,56783,d8:b1:90:d9:de:f0,-47,11,-99,-34,48,116,835579065,100,0,114,0,"[50,0,56,3,60,5,60,5,62,9,60,11,56,11,54,11,50,7,48,9,44,7,46,7,46,7,48,5,50,5,52,3,52,1,54,1,56,1,58,-1,58,0,58,-3,58,-3,58,-3,56,-3,54,-3,54,-5,54,-5,0,0,56,-7,54,-9,56,-7,56,-9,56,-11,58,-11,60,-11,60,-13,60,-15,58,-17,56,-15,54,-17,50,-17,48,-19,48,-21,48,-19,44,-23,46,-23,46,-27,48,-27,50,-31,54,-32,58,-34,60,-32,60,-32,62,-31,62,-27,58,-21]"
CSI_DATA,56784,d8:b1:90:d9:de:f0,-46,11,-99,-35,48,116,835598910,100,0,114,0,"[31,37,31,45,29,49,29,53,25,53,23,53,19,51,17,49,17,45,15,45,15,43,15,43,15,43,15,45,15,47,17,49,17,47,17,49,19,51,19,51,19,51,19,53,19,53,19,53,15,51,15,51,15,51,15,51,0,0,17,51,15,53,15,55,15,53,15,55,15,57,15,57,15,59,15,57,17,57,15,55,15,55,15,53,15,51,15,49,15,51,17,49,17,51,19,51,17,53,19,55,19,61,19,63,15,69,15,71,11,73,5,69,1,63]"
CSI_DATA,56785,d8:b1:90:d9:de:f0,-47,11,-99,-34,48,116,835609249,100,0,114,0,"[-25,44,-31,46,-32,46,-34,48,-36,46,-36,48,-32,46,-34,46,-29,42,-27,40,-25,40,-23,40,-23,40,-21,42,-21,44,-17,46,-17,48,-17,48,-15,54,-13,54,-13,56,-9,58,-7,56,-7,56,-5,54,-3,54,-3,54,-1,52,0,0,1,54,1,52,3,56,5,54,7,58,9,58,11,58,13,58,15,58,17,56,19,54,17,52,21,46,21,46,21,42,27,44,27,40,29,42,32,42,34,44,38,44,40,48,44,50,44,50,44,52,44,52,38,50,36,50]"
CSI_DATA,56786,d8:b1:90:d9:de:f0,-47,11,-99,-35,48,116,835628893,100,0,114,0,"[37,-33,45,-33,49,-33,53,-31,53,-29,55,-29,51,-27,51,-25,47,-23,45,-23,43,-21,41,-23,41,-25,41,-27,41,-29,41,-29,41,-33,43,-31,45,-33,43,-37,43,-39,45,-37,41,-37,41,-37,39,-39,37,-39,37,-39,37,-39,0,0,33,-41,33,-39,35,-43,33,-43,35,-47,35,-47,35,-49,35,-49,33,-47,31,-49,27,-49,25,-49,23,-47,21,-47,21,-43,19,-45,15,-45,17,-47,15,-49,15,-51,15,-55,17,-59,15,-61,17,-65,21,-65,23,-65,25,-59,27,-55]"
CSI_DATA,56787,d8:b1:90:d9:de:f0,-46,11,-99,-35,48,116,835648732,100,0,114,0,"[7,-51,11,-55,19,-59,21,-59,23,-61,27,-57,27,-53,27,-51,25,-47,25,-45,23,-43,23,-43,23,-41,21,-43,23,-45,25,-47,25,-49,27,-51,27,-51,27,-53,27,-51,25,-53,25,-51,25,-53,25,-49,25,-49,23,-47,25,-47,0,0,23,-47,25,-47,25,-49,25,-49,25,-49,25,-51,25,-53,27,-53,27,-53,25,-51,25,-51,23,-51,23,-49,23,-49,21,-47,21,-45,19,-43,19,-45,19,-47,21,-51,21,-53,25,-57,25,-59,29,-61,33,-59,37,-59,39,-53,39,-45]"
CSI_DATA,56788,d8:b1:90:d9:de:f0,-47,11,-99,-33,48,116,835659525,100,0,114,0,"[-39,-30,-41,-33,-45,-37,-41,-41,-45,-43,-41,-43,-39,-43,-37,-39,-35,-35,-35,-37,-35,-32,-35,-33,-35,-30,-35,-30,-39,-30,-41,-30,-43,-28,-47,-28,-48,-30,-48,-30,-48,-26,-50,-26,-50,-26,-50,-22,-48,-22,-48,-20,-48,-18,-47,-16,0,0,-47,-15,-48,-13,-48,-13,-50,-11,-52,-11,-52,-11,-54,-9,-54,-9,-54,-5,-54,-5,-52,-5,-52,-3,-50,0,-48,0,-47,3,-45,3,-45,5,-45,7,-48,7,-50,9,-52,11,-56,13,-58,13,-60,13,-62,13,-62,11,-60,9,-54,5]"
CSI_DATA,56789,d8:b1:90:d9:de:f0,-47,11,-99,-34,48,116,835678859,100,0,114,0,"[25,-40,31,-42,38,-44,40,-42,40,-44,40,-42,40,-38,38,-38,36,-36,36,-36,34,-34,32,-34,32,-34,31,-36,31,-38,32,-40,32,-42,32,-44,34,-46,34,-46,32,-48,31,-50,32,-50,31,-50,29,-48,29,-46,27,-46,27,-48,0,0,27,-46,25,-48,27,-48,27,-50,25,-54,27,-54,25,-56,23,-54,23,-52,21,-52,19,-50,17,-50,17,-50,15,-48,13,-46,13,-46,11,-46,7,-48,7,-50,7,-54,7,-58,7,-60,7,-62,9,-63,11,-65,13,-65,15,-60,17,-56]"
CSI_DATA,56790,d8:b1:90:d9:de:f0,-47,11,-99,-35,49,116,835699289,100,0,114,0,"[-12,48,-17,53,-24,55,-30,53,-32,53,-33,48,-35,46,-35,42,-33,39,-33,35,-33,32,-33,33,-32,32,-32,33,-33,33,-35,33,-37,32,-39,33,-40,32,-42,35,-40,32,-42,32,-44,30,-42,30,-40,26,-40,26,-40,26,-42,24,0,0,-42,21,-42,21,-44,19,-48,19,-48,19,-49,19,-49,17,-49,16,-49,14,-48,16,-46,16,-48,14,-44,12,-42,10,-42,10,-40,10,-42,8,-40,10,-44,10,-48,10,-48,10,-53,10,-56,10,-60,8,-60,5,-60,-1,-58,-5,-53,-8]"
CSI_DATA,56791,d8:b1:90:d9:de:f0,-46,11,-99,-35,48,116,835718657,100,0,114,0,"[-45,-25,-49,-29,-51,-33,-51,-37,-53,-37,-51,-39,-47,-39,-47,-37,-41,-31,-41,-33,-41,-29,-39,-29,-43,-27,-43,-25,-45,-25,-49,-25,-51,-25,-53,-21,-57,-23,-55,-19,-57,-19,-57,-19,-57,-19,-59,-15,-53,-15,-55,-13,-53,-11,-53,-11,0,0,-53,-7,-53,-5,-57,-5,-55,-3,-59,-1,-59,-1,-59,-1,-59,-1,-59,1,-55,3,-55,5,-53,5,-51,9,-49,9,-47,11,-47,13,-43,15,-45,17,-45,19,-49,21,-53,25,-53,25,-55,29,-57,31,-59,33,-61,29,-57,27,-55,23]"
CSI_DATA,56792,d8:b1:90:d9:de:f0,-46,11,-99,-36,48,116,835728687,100,0,114,0,"[-53,-2,-59,-6,-63,-10,-63,-12,-65,-16,-61,-16,-59,-18,-57,-16,-53,-14,-53,-16,-51,-14,-51,-14,-51,-10,-51,-10,-53,-12,-55,-8,-55,-8,-59,-8,-61,-6,-63,-6,-59,-4,-61,-4,-59,-4,-59,-2,-59,-2,-55,0,-55,0,-55,0,0,0,-55,4,-55,4,-57,4,-59,4,-57,6,-59,6,-61,8,-61,6,-59,8,-59,10,-55,10,-55,10,-51,12,-49,14,-47,14,-45,16,-45,16,-45,20,-47,20,-51,22,-53,24,-55,26,-59,28,-59,28,-61,26,-61,24,-61,20,-57,16]"
CSI_DATA,56793,d8:b1:90:d9:de:f0,-47,11,-99,-34,48,116,835738931,100,0,114,0,"[48,-13,54,-11,60,-9,62,-3,62,-1,62,0,60,3,56,3,54,1,52,3,50,3,50,3,50,5,50,3,52,3,52,3,54,3,56,3,58,3,60,3,58,3,58,1,58,1,58,1,54,3,54,5,54,3,54,1,0,0,52,3,52,3,54,5,54,5,56,5,58,5,60,3,58,3,58,3,56,3,54,3,54,1,50,3,50,1,46,1,46,0,46,0,46,0,50,-1,54,-1,56,-3,60,-1,62,-1,62,1,63,5,62,7,60,9,56,13]"
CSI_DATA,56794,d8:b1:90:d9:de:f0,-46,11,-99,-36,48,116,835758632,100,0,114,0,"[-49,-14,-53,-22,-53,-26,-53,-32,-53,-36,-51,-36,-47,-39,-43,-39,-39,-36,-36,-39,-34,-36,-32,-39,-32,-34,-32,-36,-34,-39,-34,-39,-36,-43,-36,-43,-36,-45,-36,-47,-36,-47,-36,-49,-34,-49,-34,-49,-32,-49,-30,-49,-30,-47,-28,-49,0,0,-26,-49,-26,-51,-26,-51,-26,-51,-24,-53,-24,-55,-24,-57,-24,-59,-22,-57,-20,-57,-20,-55,-18,-53,-18,-51,-16,-49,-16,-49,-16,-47,-16,-47,-14,-47,-16,-49,-16,-53,-16,-55,-14,-59,-14,-63,-12,-65,-8,-69,-4,-69,0,-65,6,-61]"
CSI_DATA,56795,d8:b1:90:d9:de:f0,-47,11,-99,-34,48,116,835768983,100,0,114,0,"[-46,7,-54,7,-58,5,-62,3,-60,1,-60,0,-54,-1,-56,0,-50,0,-50,0,-46,1,-48,1,-44,0,-46,1,-48,1,-50,5,-54,5,-54,7,-58,7,-56,9,-58,11,-58,9,-58,11,-56,13,-52,11,-52,9,-52,11,-54,13,0,0,-52,15,-50,15,-54,15,-52,17,-56,19,-56,19,-56,19,-58,21,-54,21,-52,21,-52,21,-48,21,-46,21,-44,23,-42,23,-42,25,-38,23,-40,29,-40,29,-42,31,-44,34,-46,36,-48,36,-54,38,-54,36,-56,34,-54,31,-52,27]"
CSI_DATA,56796,d8:b1:90:d9:de:f0,-50,9,-99,-36,52,116,835787915,98,0,106,0,"[-108,19,-22,0,151,19,-54,0,81,19,-108,0,40,19,147,0,10,19,82,0,2,19,19,0,-2,18,-14,19,33,19,-34,19,129,19,-24,19,-54,19,-3,19,137,0,20,0,-27,0,28,0,79,1,12,0,0,0,0,0,106,1,-71,19,9,1,-99,19,160,0,-94,19,-68,19,-47,19,50,19,45,0,-76,18,137,0,-114,18,-137,0,-86,18,-97,0,-28,18,-98,0,58,19,-123,0,-138,19,154,0,32,0,29,0,145,0]"
CSI_DATA,56797,d8:b1:90:d9:de:f0,-47,11,-99,-35,49,116,835798643,100,0,114,0,"[-28,-35,-28,-42,-26,-48,-23,-51,-21,-53,-19,-53,-16,-51,-12,-49,-10,-46,-10,-46,-10,-44,-8,-44,-8,-42,-8,-42,-10,-46,-8,-48,-8,-48,-8,-48,-8,-51,-8,-51,-7,-53,-7,-53,-5,-53,-5,-53,-3,-49,-3,-49,-3,-49,-1,-48,0,0,-1,-49,0,-49,0,-51,1,-51,3,-53,3,-55,5,-55,7,-55,7,-53,7,-51,5,-51,5,-49,5,-48,7,-48,7,-44,5,-46,5,-44,5,-44,5,-48,7,-48,7,-51,8,-55,10,-56,12,-62,16,-62,21,-62,23,-56,24,-49]"
CSI_DATA,56798,d8:b1:90:d9:de:f0,-47,11,-99,-34,48,116,835808826,100,0,114,0,"[-31,-38,-31,-44,-32,-46,-32,-50,-31,-50,-31,-48,-29,-48,-27,-44,-29,-42,-27,-40,-27,-38,-27,-36,-29,-34,-31,-36,-32,-36,-36,-36,-36,-34,-38,-36,-42,-36,-46,-34,-44,-32,-46,-32,-46,-31,-48,-31,-46,-29,-46,-27,-46,-27,-46,-25,0,0,-48,-23,-48,-21,-52,-21,-54,-19,-54,-21,-56,-19,-56,-19,-56,-19,-58,-15,-56,-13,-56,-9,-56,-9,-52,-7,-52,-5,-48,-1,-50,0,-48,3,-50,3,-52,5,-52,5,-56,9,-60,9,-62,11,-67,13,-71,11,-69,9,-65,7,-62,3]"
CSI_DATA,56799,d8:b1:90:d9:de:f0,-46,11,-99,-35,48,116,835828893,100,0,114,0,"[-27,-43,-25,-49,-23,-53,-21,-57,-19,-57,-17,-57,-15,-55,-11,-55,-11,-51,-9,-47,-11,-47,-11,-45,-13,-45,-13,-45,-15,-47,-17,-49,-17,-49,-15,-51,-19,-55,-21,-53,-19,-55,-19,-55,-19,-55,-19,-55,-19,-51,-19,-51,-21,-49,-19,-49,0,0,-19,-51,-19,-51,-21,-53,-21,-53,-21,-57,-21,-57,-21,-57,-19,-55,-21,-55,-21,-51,-25,-51,-23,-51,-25,-47,-23,-45,-21,-43,-25,-43,-25,-39,-25,-43,-27,-45,-27,-47,-29,-49,-31,-53,-33,-55,-35,-61,-33,-63,-31,-65,-23,-63,-17,-61]"
CSI_DATA,56800,d8:b1:90:d9:de:f0,-46,11,-99,-32,47,116,835848674,100,0,114,0,"[34,-41,41,-41,47,-41,51,-36,55,-34,53,-30,53,-26,53,-24,49,-20,49,-20,47,-18,47,-18,45,-18,47,-18,49,-18,49,-18,51,-20,57,-18,57,-18,59,-20,59,-18,59,-18,57,-16,59,-16,57,-14,57,-12,55,-12,55,-12,0,0,55,-10,57,-8,57,-8,61,-8,61,-6,63,-6,63,-6,63,-4,63,-4,63,-4,61,-4,57,-4,57,-4,53,-2,55,-2,51,-2,51,-2,53,-2,55,-2,59,-2,61,-2,65,0,69,2,73,6,71,10,69,12,69,18,61,24]"
CSI_DATA,56801,d8:b1:90:d9:de:f0,-46,11,-99,-33,47,116,835858838,100,0,114,0,"[42,-35,50,-35,54,-35,57,-35,57,-33,57,-33,52,-29,54,-27,50,-27,48,-27,44,-27,44,-27,42,-27,40,-29,42,-33,44,-35,44,-40,44,-40,44,-44,42,-46,44,-46,42,-48,40,-48,38,-48,35,-46,35,-48,31,-48,31,-48,0,0,31,-48,29,-48,29,-52,27,-52,31,-57,29,-57,27,-59,27,-59,23,-57,21,-57,19,-59,16,-57,12,-54,10,-54,10,-52,6,-52,4,-50,4,-52,2,-57,2,-59,0,-63,0,-65,-2,-67,-2,-76,0,-76,2,-76,6,-69,8,-65]"
CSI_DATA,56802,d8:b1:90:d9:de:f0,-46,11,-99,-33,47,116,835868887,100,0,114,0,"[35,-42,42,-42,48,-44,52,-42,52,-40,52,-38,52,-35,50,-31,46,-31,46,-29,44,-29,44,-31,42,-29,44,-31,42,-33,44,-35,44,-35,46,-35,48,-40,48,-42,48,-42,48,-42,48,-42,46,-42,44,-42,42,-40,42,-40,42,-40,0,0,42,-42,42,-42,42,-44,42,-44,44,-44,44,-44,44,-46,44,-48,42,-48,42,-48,35,-48,33,-46,31,-44,29,-44,29,-42,27,-44,25,-44,25,-46,25,-48,27,-50,27,-54,29,-59,31,-61,33,-65,35,-63,38,-61,42,-57,40,-50]"
CSI_DATA,56803,d8:b1:90:d9:de:f0,-47,11,-99,-34,48,116,835888810,100,0,114,0,"[-54,0,-58,-3,-58,-7,-60,-11,-62,-15,-56,-17,-56,-21,-50,-21,-48,-17,-46,-19,-42,-19,-44,-21,-44,-21,-44,-21,-46,-23,-46,-25,-46,-23,-50,-27,-50,-25,-52,-27,-50,-29,-52,-27,-52,-29,-52,-27,-50,-31,-48,-31,-46,-29,-44,-29,0,0,-44,-31,-44,-32,-42,-32,-46,-36,-44,-36,-46,-36,-48,-36,-46,-38,-44,-36,-46,-36,-42,-34,-38,-34,-36,-32,-36,-31,-36,-31,-36,-29,-38,-31,-38,-31,-40,-31,-42,-31,-44,-34,-46,-38,-48,-42,-48,-48,-46,-50,-42,-52,-38,-54,-31,-50]"
CSI_DATA,56804,d8:b1:90:d9:de:f0,-46,11,-99,-32,47,116,835898876,100,0,114,0,"[-26,-47,-26,-53,-26,-57,-26,-61,-22,-61,-22,-59,-20,-57,-20,-55,-20,-49,-20,-47,-20,-47,-20,-45,-22,-43,-26,-43,-28,-45,-32,-47,-34,-47,-34,-47,-36,-49,-41,-47,-41,-45,-43,-45,-43,-43,-45,-43,-45,-39,-43,-39,-45,-36,-45,-34,0,0,-47,-32,-47,-32,-49,-30,-53,-32,-53,-30,-53,-28,-57,-28,-55,-26,-55,-24,-55,-20,-53,-16,-53,-16,-53,-14,-51,-10,-49,-10,-51,-6,-51,-4,-51,-2,-53,0,-55,2,-59,2,-63,4,-65,6,-69,6,-73,6,-73,4,-67,0,-63,-2]"
CSI_DATA,56805,d8:b1:90:d9:de:f0,-46,11,-99,-32,47,116,835919007,100,0,114,0,"[-43,-32,-43,-36,-45,-43,-43,-45,-43,-49,-39,-47,-36,-49,-32,-45,-30,-43,-28,-41,-30,-41,-30,-41,-28,-39,-30,-41,-32,-41,-34,-41,-34,-41,-36,-45,-39,-43,-41,-47,-39,-45,-41,-45,-39,-45,-41,-45,-41,-45,-39,-43,-39,-45,-36,-41,0,0,-39,-41,-39,-43,-39,-41,-43,-43,-39,-43,-41,-45,-41,-45,-41,-45,-41,-43,-41,-43,-41,-39,-41,-39,-41,-34,-39,-34,-39,-34,-39,-30,-41,-30,-39,-30,-41,-30,-45,-32,-49,-34,-53,-36,-53,-41,-53,-41,-55,-45,-51,-45,-47,-47,-41,-47]"
CSI_DATA,56806,d8:b1:90:d9:de:f0,-46,11,-99,-35,48,116,835938806,100,0,114,0,"[51,-9,57,-5,59,-3,63,1,61,5,61,7,55,11,55,11,49,9,49,11,45,9,45,11,45,11,47,11,49,13,51,13,51,13,53,13,55,15,55,17,57,17,57,17,57,17,57,17,55,19,53,19,53,21,49,21,0,0,51,21,49,21,53,25,51,25,53,27,55,27,55,27,55,29,53,29,51,27,51,29,49,27,45,25,47,25,43,23,45,25,43,25,47,25,47,25,49,27,53,29,55,35,55,35,57,41,57,45,53,49,47,49,39,49]"
CSI_DATA,56807,d8:b1:90:d9:de:f0,-46,11,-99,-35,48,116,835948826,100,0,114,0,"[-43,-25,-47,-31,-49,-33,-49,-35,-49,-37,-47,-37,-43,-37,-43,-35,-41,-27,-41,-27,-39,-23,-41,-23,-43,-25,-43,-21,-45,-21,-47,-21,-49,-17,-51,-17,-55,-17,-55,-15,-57,-13,-57,-9,-57,-9,-57,-5,-53,-5,-55,-5,-53,-5,-57,-1,0,0,-55,0,-55,1,-55,3,-57,5,-61,5,-61,7,-59,11,-61,11,-57,13,-57,15,-55,17,-53,17,-51,17,-49,19,-47,21,-45,21,-43,23,-45,27,-45,31,-45,33,-47,37,-49,39,-51,41,-55,41,-55,41,-57,39,-57,37,-55,33]"
CSI_DATA,56808,d8:b1:90:d9:de:f0,-46,11,-99,-33,47,116,835968821,100,0,114,0,"[-54,2,-61,0,-63,-2,-63,-6,-67,-8,-63,-10,-63,-12,-57,-12,-52,-10,-50,-12,-48,-8,-50,-10,-50,-8,-50,-8,-54,-8,-54,-4,-54,-4,-59,-4,-61,-4,-63,-2,-61,-2,-63,-2,-61,-4,-61,0,-61,-2,-59,0,-59,0,-59,0,0,0,-57,0,-59,2,-61,2,-61,2,-61,2,-63,4,-63,2,-65,2,-65,6,-65,6,-61,6,-61,6,-57,8,-54,8,-54,10,-52,10,-52,12,-52,12,-57,12,-59,12,-61,14,-67,16,-71,16,-73,16,-73,12,-71,8,-73,4,-67,0]"
CSI_DATA,56809,d8:b1:90:d9:de:f0,-47,11,-99,-35,48,116,835979206,100,0,114,0,"[13,49,9,55,5,59,1,61,-1,61,-3,59,-7,57,-9,53,-7,51,-9,47,-9,45,-11,47,-11,47,-11,47,-11,49,-9,49,-9,49,-11,53,-13,53,-13,55,-15,55,-13,57,-15,55,-15,55,-17,51,-15,53,-17,51,-17,51,0,0,-17,51,-19,51,-19,51,-21,51,-23,51,-25,53,-25,53,-27,53,-27,53,-27,51,-25,51,-25,49,-23,47,-21,45,-23,43,-21,45,-21,43,-23,43,-25,45,-27,51,-29,53,-33,55,-37,59,-41,59,-45,55,-47,53,-49,47,-47,39]"
CSI_DATA,56810,d8:b1:90:d9:de:f0,-47,11,-99,-35,48,116,835998790,100,0,114,0,"[-1,51,-5,55,-7,59,-9,59,-11,63,-11,59,-11,57,-11,53,-7,49,-7,49,-5,47,-5,47,-5,47,-3,47,-1,49,0,51,3,53,3,55,5,57,9,57,7,55,11,55,13,57,15,55,13,55,13,53,15,53,15,51,0,0,19,49,21,49,23,49,23,51,25,51,27,51,29,49,31,53,33,49,33,49,33,47,33,43,33,41,33,37,35,35,35,33,35,31,39,31,41,31,45,33,51,33,55,35,57,39,57,41,59,43,57,43,53,45,45,41]"
CSI_DATA,56811,d8:b1:90:d9:de:f0,-46,11,-99,-35,48,116,836010241,100,0,114,0,"[-37,-31,-45,-37,-35,-43,-41,-47,-37,-49,-39,-49,-27,-49,-33,-45,-19,-43,-23,-41,-19,-41,-19,-41,-11,-47,-17,-39,-13,-47,-21,-39,-19,-51,-17,-49,-17,-59,-15,-51,-17,-57,-15,-55,-25,-53,-9,-51,-19,-57,-7,-47,-11,-59,-5,-43,0,0,-5,-49,-15,-53,-3,-47,-5,-51,-3,-45,-5,-61,-1,-59,-9,-61,-1,-57,0,-61,9,-53,-1,-55,7,-49,-3,-53,-1,-49,-9,-49,3,-49,-7,-51,-1,-51,3,-55,-1,-65,3,-61,3,-67,3,-65,15,-73,13,-65,23,-65,21,-53]"
CSI_DATA,56812,d8:b1:90:d9:de:f0,-46,11,-99,-33,47,116,836028845,100,0,114,0,"[50,16,54,23,54,27,52,31,54,35,50,35,48,38,44,35,42,33,38,33,38,31,38,33,38,33,38,31,40,35,42,35,40,35,44,38,44,38,46,40,46,40,48,42,46,42,46,42,44,42,42,42,40,42,42,42,0,0,40,42,40,44,42,44,42,46,40,48,42,50,42,50,40,50,40,50,40,48,38,46,38,46,35,44,33,44,35,42,33,42,35,42,33,40,38,44,38,48,42,50,42,54,42,59,44,63,40,67,35,67,31,67,23,63]"
CSI_DATA,56813,d8:b1:90:d9:de:f0,-46,11,-99,-35,48,116,836048780,100,0,114,0,"[37,-31,43,-33,47,-33,49,-31,51,-33,49,-31,47,-29,47,-25,43,-25,41,-23,37,-27,39,-25,37,-27,35,-29,35,-33,35,-35,35,-35,37,-39,37,-43,35,-45,37,-43,37,-47,37,-45,33,-49,35,-45,31,-47,31,-45,29,-47,0,0,27,-47,27,-49,25,-51,23,-53,25,-53,25,-55,25,-55,25,-55,21,-57,21,-55,17,-55,15,-55,13,-55,11,-53,7,-53,7,-51,5,-51,5,-51,3,-53,3,-55,1,-59,1,-63,1,-67,0,-69,1,-71,3,-71,7,-69,7,-61]"
CSI_DATA,56814,d8:b1:90:d9:de:f0,-46,11,-99,-33,47,116,836058859,100,0,114,0,"[-44,-31,-44,-35,-44,-40,-44,-44,-42,-46,-40,-46,-38,-46,-38,-42,-35,-40,-35,-38,-33,-35,-33,-38,-35,-33,-35,-33,-38,-35,-40,-35,-42,-35,-44,-38,-46,-40,-48,-38,-50,-38,-52,-40,-52,-40,-52,-38,-48,-35,-50,-35,-48,-33,-48,-33,0,0,-50,-33,-50,-33,-50,-33,-50,-33,-54,-35,-57,-35,-57,-35,-59,-35,-57,-33,-59,-31,-57,-29,-54,-29,-52,-27,-50,-25,-50,-23,-50,-23,-50,-21,-52,-19,-57,-19,-59,-19,-63,-21,-65,-23,-69,-23,-71,-27,-71,-29,-69,-31,-65,-33,-59,-35]"
CSI_DATA,56815,d8:b1:90:d9:de:f0,-46,11,-99,-36,48,116,836068942,100,0,114,0,"[-22,-45,-18,-51,-14,-55,-14,-57,-10,-59,-8,-59,-8,-55,-6,-55,-8,-49,-6,-49,-6,-47,-4,-47,-4,-45,-6,-47,-6,-49,-6,-51,-10,-53,-6,-53,-8,-57,-8,-57,-8,-59,-10,-59,-12,-61,-12,-59,-8,-57,-6,-57,-6,-57,-6,-55,0,0,-8,-55,-4,-55,-4,-59,-4,-59,-4,-61,-6,-61,-8,-63,-6,-65,-6,-63,-6,-61,-2,-61,-2,-57,-4,-55,-4,-55,-2,-51,-4,-53,-6,-51,-6,-55,-10,-55,-8,-57,-10,-61,-6,-65,-6,-67,-2,-71,2,-73,4,-73,8,-69,14,-63]"
CSI_DATA,56816,d8:b1:90:d9:de:f0,-46,11,-99,-32,47,116,836079754,100,0,114,0,"[-32,-36,-34,-41,-34,-47,-34,-49,-32,-49,-32,-49,-28,-47,-30,-43,-28,-41,-26,-41,-28,-39,-28,-39,-28,-34,-30,-34,-32,-36,-39,-36,-39,-36,-41,-36,-43,-39,-43,-36,-49,-36,-49,-36,-49,-36,-51,-36,-47,-34,-49,-32,-49,-32,-49,-30,0,0,-49,-30,-51,-28,-55,-30,-53,-26,-57,-26,-59,-26,-59,-28,-61,-26,-61,-22,-59,-20,-57,-18,-57,-16,-55,-14,-55,-14,-51,-10,-53,-10,-51,-6,-53,-4,-57,-4,-59,-4,-63,-4,-65,-4,-67,-2,-71,-2,-73,-4,-71,-8,-67,-10,-61,-12]"
CSI_DATA,56817,d8:b1:90:d9:de:f0,-46,11,-99,-36,48,116,836098908,100,0,114,0,"[-24,45,-28,47,-34,47,-36,47,-36,51,-36,47,-36,43,-36,43,-30,39,-32,39,-28,39,-28,39,-28,41,-26,41,-26,43,-26,45,-26,47,-24,53,-26,55,-26,55,-24,55,-24,57,-24,57,-20,59,-22,57,-22,57,-20,57,-18,53,0,0,-18,55,-14,57,-16,57,-16,59,-14,61,-14,61,-12,63,-12,63,-10,63,-10,63,-8,61,-6,59,-4,57,-4,55,-2,53,0,53,2,53,4,53,6,53,6,59,8,63,8,65,8,69,8,71,8,73,2,71,0,71,-4,65]"
CSI_DATA,56818,d8:b1:90:d9:de:f0,-46,11,-99,-35,47,116,836109058,100,0,114,0,"[13,53,11,58,6,60,4,64,2,67,0,64,0,64,-2,60,0,55,-2,53,0,51,0,51,-2,51,0,53,0,55,2,55,4,60,2,62,4,64,4,67,4,67,6,69,4,67,6,67,4,67,4,64,4,64,2,62,0,0,4,62,4,62,4,64,4,64,6,67,4,69,6,69,6,69,8,67,6,67,4,64,6,64,8,60,8,58,8,55,8,55,11,53,13,55,15,58,13,62,15,64,15,69,15,76,13,78,11,78,6,76,2,76,-2,69]"
CSI_DATA,56819,d8:b1:90:d9:de:f0,-46,11,-99,-32,47,116,836128551,100,0,114,0,"[22,-45,28,-49,32,-49,39,-47,41,-47,45,-45,41,-39,41,-39,39,-34,36,-32,34,-30,34,-32,34,-30,36,-32,36,-34,39,-36,41,-36,41,-36,45,-39,45,-41,45,-41,47,-41,47,-39,47,-41,47,-39,47,-36,49,-36,47,-34,0,0,47,-34,49,-32,53,-34,53,-34,53,-34,55,-34,55,-34,55,-34,55,-32,53,-32,51,-32,51,-30,45,-28,45,-28,43,-26,45,-28,43,-26,43,-28,45,-30,47,-28,49,-32,55,-34,57,-34,63,-32,65,-32,67,-26,65,-22,63,-14]"
CSI_DATA,56820,d8:b1:90:d9:de:f0,-46,11,-99,-35,47,116,836138750,100,0,114,0,"[-2,-53,-2,-60,0,-60,2,-64,4,-62,4,-62,6,-60,4,-60,2,-55,2,-53,0,-51,-2,-51,-2,-51,-4,-53,-8,-55,-11,-55,-13,-60,-13,-60,-15,-62,-17,-62,-22,-62,-24,-62,-24,-60,-26,-60,-26,-58,-26,-58,-29,-55,-31,-55,0,0,-33,-53,-33,-51,-35,-53,-35,-53,-42,-55,-42,-53,-44,-53,-47,-51,-47,-49,-47,-47,-49,-44,-49,-40,-47,-35,-49,-33,-44,-31,-47,-31,-47,-26,-51,-26,-53,-24,-58,-24,-62,-24,-67,-26,-69,-26,-71,-26,-73,-26,-71,-29,-64,-31,-60,-31]"
CSI_DATA,56821,d8:b1:90:d9:de:f0,-47,11,-99,-35,48,116,836149199,100,0,114,0,"[37,33,37,37,37,41,37,45,33,47,33,49,29,47,27,45,25,39,25,39,25,39,25,39,25,37,27,39,29,39,31,41,33,41,33,43,35,45,37,45,37,43,37,43,37,43,39,43,37,43,35,41,37,43,35,39,0,0,37,41,37,39,37,43,39,41,41,43,39,43,41,43,43,43,43,41,43,41,41,37,41,37,41,33,41,33,39,31,41,31,39,29,41,27,43,27,45,29,51,31,53,33,55,35,55,37,57,41,53,43,49,45,43,43]"
CSI_DATA,56822,d8:b1:90:d9:de:f0,-46,11,-99,-32,47,116,836169601,100,0,114,0,"[32,39,32,45,32,47,34,51,32,53,32,53,28,51,30,49,28,43,28,43,30,39,28,39,32,39,34,36,34,39,39,36,43,36,45,39,49,41,49,36,51,39,53,36,53,34,55,32,49,30,51,30,51,28,53,26,0,0,55,22,53,22,55,22,57,20,61,18,61,16,63,14,63,14,61,10,61,8,59,10,57,6,55,4,55,0,51,0,53,-2,51,-4,53,-8,55,-10,57,-12,61,-16,61,-16,65,-18,71,-16,71,-16,71,-14,69,-12,65,-8]"
CSI_DATA,56823,d8:b1:90:d9:de:f0,-46,11,-99,-32,47,116,836188642,100,0,114,0,"[53,-2,59,2,63,2,65,6,65,6,63,8,61,10,59,10,53,6,53,6,49,2,51,2,51,0,53,-2,53,-4,53,-6,55,-8,57,-10,59,-12,59,-14,61,-14,61,-18,61,-16,59,-20,57,-20,55,-20,53,-22,53,-22,0,0,49,-24,51,-26,51,-28,53,-30,53,-30,53,-32,53,-34,53,-36,49,-36,47,-39,43,-41,41,-39,39,-39,34,-39,34,-39,32,-41,28,-41,28,-43,28,-47,30,-49,30,-55,30,-57,32,-63,32,-63,34,-65,36,-61,39,-59,36,-53]"
CSI_DATA,56824,d8:b1:90:d9:de:f0,-46,11,-99,-34,47,116,836198984,100,0,114,0,"[8,56,6,63,2,65,-2,65,-2,69,-4,63,-6,65,-6,58,-4,56,-6,54,-4,50,-4,54,-4,52,-4,52,-2,54,0,56,0,56,2,60,2,60,2,65,2,63,4,65,4,65,6,63,4,65,4,63,4,63,4,60,0,0,6,60,6,60,6,60,6,65,8,63,8,67,10,67,10,67,10,65,10,67,10,65,10,60,13,56,13,54,15,56,15,52,17,54,17,52,21,56,21,58,23,63,26,65,26,73,23,76,23,76,19,73,15,76,10,67]"
CSI_DATA,56825,d8:b1:90:d9:de:f0,-46,11,-99,-34,47,116,836209003,100,0,114,0,"[-50,23,-56,23,-60,19,-65,17,-63,10,-63,8,-60,6,-58,6,-54,6,-54,6,-52,4,-50,6,-50,6,-52,6,-54,6,-54,6,-58,6,-58,4,-60,6,-63,8,-63,8,-65,6,-63,8,-63,4,-63,6,-60,6,-60,6,-60,6,0,0,-63,6,-63,2,-63,4,-63,4,-65,4,-67,2,-67,4,-67,4,-67,2,-65,6,-63,4,-63,4,-58,4,-58,4,-54,2,-56,4,-54,6,-56,8,-58,8,-60,8,-65,10,-71,6,-73,8,-78,6,-78,0,-78,-2,-76,-8,-67,-13]"
CSI_DATA,56826,d8:b1:90:d9:de:f0,-46,11,-99,-35,48,116,836228781,100,0,114,0,"[45,-19,51,-19,57,-17,59,-15,57,-15,55,-15,55,-15,51,-13,49,-13,49,-15,45,-15,45,-17,43,-19,41,-21,43,-25,45,-27,45,-29,45,-31,45,-35,45,-37,43,-37,45,-41,43,-41,41,-41,37,-41,37,-41,35,-41,35,-45,0,0,33,-45,33,-47,29,-51,29,-51,29,-53,29,-55,27,-57,27,-57,25,-57,21,-57,15,-57,15,-55,11,-55,11,-53,7,-51,5,-51,1,-49,0,-51,0,-55,-1,-57,-3,-59,-5,-65,-7,-65,-9,-71,-7,-73,-5,-73,-1,-69,0,-65]"
CSI_DATA,56827,d8:b1:90:d9:de:f0,-46,11,-99,-35,48,116,836238792,100,0,114,0,"[-23,-43,-21,-49,-21,-53,-21,-57,-19,-55,-17,-55,-15,-51,-15,-51,-15,-47,-15,-47,-15,-43,-15,-43,-17,-43,-19,-43,-21,-45,-23,-47,-27,-47,-27,-45,-29,-49,-29,-47,-35,-49,-35,-47,-35,-47,-35,-47,-33,-43,-35,-43,-35,-41,-35,-43,0,0,-39,-41,-39,-39,-41,-43,-41,-41,-47,-41,-47,-41,-47,-41,-49,-41,-47,-39,-47,-35,-47,-35,-47,-33,-47,-31,-47,-27,-43,-25,-45,-25,-43,-21,-47,-19,-49,-19,-53,-21,-57,-19,-59,-21,-61,-21,-67,-23,-67,-25,-67,-29,-61,-29,-57,-31]"
CSI_DATA,56828,d8:b1:90:d9:de:f0,-46,11,-99,-34,47,116,836258937,100,0,114,0,"[-41,34,-47,34,-54,34,-56,30,-60,28,-58,26,-56,19,-54,19,-50,17,-50,15,-47,15,-47,15,-47,17,-50,17,-50,17,-54,21,-54,19,-58,19,-60,19,-60,21,-58,21,-60,19,-60,19,-63,19,-58,19,-58,19,-58,19,-56,15,0,0,-58,19,-58,17,-63,17,-63,17,-65,15,-65,15,-67,15,-67,15,-65,15,-63,15,-63,15,-60,15,-56,17,-56,15,-54,15,-54,15,-52,17,-54,15,-54,17,-60,17,-63,17,-69,17,-71,19,-76,17,-78,15,-78,10,-76,4,-67,0]"
CSI_DATA,56829,d8:b1:90:d9:de:f0,-46,11,-99,-34,47,116,836278662,100,0,114,0,"[0,-56,4,-63,8,-65,8,-67,8,-65,8,-63,10,-60,6,-56,6,-54,4,-52,2,-50,0,-52,0,-52,-4,-52,-6,-56,-8,-58,-8,-58,-10,-60,-13,-60,-17,-63,-21,-60,-21,-63,-23,-63,-26,-60,-26,-58,-28,-56,-28,-56,-28,-54,0,0,-32,-54,-34,-54,-34,-52,-39,-54,-41,-52,-43,-52,-45,-52,-47,-52,-47,-50,-47,-45,-47,-41,-50,-41,-50,-36,-50,-34,-47,-30,-47,-28,-50,-26,-52,-23,-54,-23,-58,-21,-63,-21,-67,-21,-69,-21,-73,-21,-76,-23,-76,-28,-69,-26,-63,-26]"
CSI_DATA,56830,d8:b1:90:d9:de:f0,-46,11,-99,-33,47,116,836288812,100,0,114,0,"[-16,-50,-16,-54,-12,-57,-10,-61,-10,-63,-8,-61,-6,-61,-6,-54,-6,-52,-6,-50,-8,-48,-8,-50,-8,-48,-10,-48,-12,-50,-16,-50,-14,-50,-19,-54,-21,-57,-21,-57,-23,-57,-25,-59,-25,-57,-27,-54,-25,-54,-27,-52,-27,-52,-27,-50,0,0,-27,-50,-31,-50,-29,-52,-31,-52,-35,-52,-35,-54,-35,-52,-35,-52,-38,-50,-38,-50,-38,-48,-40,-44,-38,-42,-35,-40,-38,-38,-38,-35,-40,-33,-42,-33,-44,-33,-46,-35,-50,-38,-54,-38,-57,-42,-59,-44,-61,-44,-57,-48,-52,-48,-46,-46]"
CSI_DATA,56831,d8:b1:90:d9:de:f0,-46,11,-99,-32,47,116,836299401,100,0,114,0,"[-30,43,-36,43,-43,43,-45,41,-47,41,-47,39,-47,32,-47,30,-43,30,-45,24,-41,26,-43,26,-41,26,-41,24,-43,26,-43,28,-45,28,-47,32,-49,32,-51,32,-51,32,-53,34,-53,30,-51,32,-53,28,-51,30,-51,28,-51,26,0,0,-51,28,-51,28,-53,28,-53,30,-55,28,-57,26,-59,26,-59,26,-57,26,-57,24,-55,26,-53,22,-49,22,-49,22,-47,22,-47,24,-47,24,-49,24,-49,24,-53,24,-55,26,-59,26,-63,26,-67,26,-69,24,-69,20,-69,16,-61,10]"
CSI_DATA,56832,d8:b1:90:d9:de:f0,-46,11,-99,-32,47,116,836318863,100,0,114,0,"[51,8,57,14,57,20,59,24,55,28,53,30,49,30,49,30,43,30,41,30,39,30,36,28,39,30,36,30,41,32,41,34,43,36,43,36,43,36,45,39,47,43,45,43,45,45,43,45,41,43,43,45,39,43,39,43,0,0,34,47,32,47,36,49,34,49,34,53,34,55,34,55,32,57,30,57,30,53,30,51,28,51,26,49,24,49,22,47,24,45,22,43,24,45,24,49,24,53,26,55,26,59,24,61,24,67,20,69,16,73,8,67,2,65]"
CSI_DATA,56833,d8:b1:90:d9:de:f0,-46,11,-99,-36,48,116,836329401,100,0,114,0,"[47,-18,53,-16,59,-16,61,-14,61,-12,59,-10,57,-6,55,-6,51,-6,51,-6,47,-6,49,-8,49,-8,49,-10,51,-12,53,-14,53,-14,53,-14,57,-16,57,-18,57,-18,57,-18,59,-20,57,-20,55,-20,55,-20,55,-22,53,-22,0,0,51,-22,53,-22,53,-24,53,-24,57,-24,57,-26,57,-26,59,-28,55,-28,55,-30,51,-28,49,-28,45,-28,45,-28,43,-28,43,-30,41,-30,41,-32,43,-34,45,-36,47,-41,51,-41,51,-45,53,-45,57,-45,57,-43,57,-36,55,-30]"
CSI_DATA,56834,d8:b1:90:d9:de:f0,-46,11,-99,-36,48,116,836348546,100,0,114,0,"[41,-28,47,-30,51,-30,53,-26,59,-26,55,-24,57,-22,53,-18,49,-18,47,-18,47,-18,47,-20,45,-18,45,-20,45,-22,47,-24,49,-26,51,-26,51,-28,53,-30,51,-28,51,-30,51,-30,53,-32,51,-30,47,-30,49,-30,49,-30,0,0,49,-30,49,-32,49,-32,51,-34,51,-34,51,-34,51,-36,53,-36,53,-36,51,-39,47,-36,45,-36,41,-34,39,-34,39,-32,36,-34,36,-36,34,-36,36,-36,39,-41,41,-45,45,-47,47,-51,49,-51,51,-49,53,-47,55,-43,51,-34]"
CSI_DATA,56835,d8:b1:90:d9:de:f0,-46,11,-99,-32,47,116,836358860,100,0,114,0,"[-47,-20,-51,-26,-49,-32,-49,-34,-49,-39,-45,-41,-41,-41,-39,-41,-36,-36,-34,-36,-32,-34,-32,-36,-32,-39,-32,-36,-34,-39,-36,-41,-36,-39,-39,-43,-39,-45,-39,-45,-39,-47,-41,-47,-36,-47,-39,-45,-34,-47,-34,-49,-32,-47,-30,-47,0,0,-30,-47,-32,-49,-32,-51,-32,-53,-32,-55,-32,-55,-32,-55,-28,-55,-28,-53,-28,-53,-26,-53,-26,-51,-24,-47,-24,-45,-24,-45,-24,-43,-24,-43,-24,-45,-26,-47,-26,-51,-28,-53,-28,-57,-28,-61,-26,-67,-24,-67,-20,-67,-16,-67,-10,-63]"
CSI_DATA,56836,d8:b1:90:d9:de:f0,-46,11,-99,-36,48,116,836379180,100,0,114,0,"[-4,-51,0,-57,4,-59,6,-59,6,-63,6,-59,8,-59,10,-55,6,-51,8,-51,6,-49,6,-49,6,-51,6,-49,4,-51,2,-53,2,-53,0,-57,-2,-59,-2,-59,-2,-59,-6,-61,-4,-59,-8,-59,-4,-59,-4,-59,-4,-57,-4,-57,0,0,-6,-57,-8,-57,-8,-59,-10,-59,-10,-61,-12,-61,-14,-61,-12,-61,-14,-59,-12,-59,-14,-57,-14,-55,-14,-51,-16,-49,-18,-49,-18,-47,-18,-47,-20,-47,-24,-47,-26,-51,-28,-55,-30,-57,-28,-61,-28,-67,-28,-67,-26,-67,-22,-67,-16,-61]"
CSI_DATA,56837,d8:b1:90:d9:de:f0,-50,11,-99,-35,51,116,836392008,277,0,106,0,"[35,0,-46,0,-80,21,-46,0,161,21,-80,0,73,21,-129,0,11,21,168,0,-31,19,86,0,-43,19,42,0,-9,19,8,0,100,21,-11,21,-70,21,-5,21,135,0,16,0,-43,0,36,0,76,1,55,0,0,0,0,0,117,1,9,0,15,1,-15,21,-172,0,-48,21,-52,21,-59,21,72,21,-63,21,-86,19,-57,21,-155,19,-39,21,-146,19,-38,21,-86,19,-28,21,7,21,-5,21,166,21,2,0,15,0,-4,21,-141,0]"
CSI_DATA,56838,d8:b1:90:d9:de:f0,-46,11,-99,-34,47,116,836408742,100,0,114,0,"[-50,-21,-54,-28,-54,-32,-52,-36,-52,-41,-50,-43,-45,-43,-41,-41,-39,-41,-34,-41,-34,-39,-34,-41,-34,-39,-34,-39,-36,-41,-39,-41,-36,-43,-39,-45,-39,-47,-41,-47,-41,-50,-41,-52,-39,-52,-39,-52,-36,-52,-36,-52,-34,-52,-32,-50,0,0,-32,-52,-34,-54,-32,-54,-32,-54,-32,-56,-30,-58,-30,-58,-28,-60,-28,-58,-28,-58,-30,-56,-28,-54,-26,-50,-26,-50,-26,-47,-26,-47,-23,-45,-26,-47,-26,-50,-26,-54,-26,-56,-28,-60,-28,-65,-28,-71,-26,-73,-19,-73,-13,-73,-8,-67]"
CSI_DATA,56839,d8:b1:90:d9:de:f0,-46,11,-99,-34,47,116,836428685,100,0,114,0,"[26,-50,32,-50,36,-52,41,-50,43,-52,43,-47,43,-47,41,-45,39,-43,36,-41,34,-41,32,-43,30,-41,28,-43,28,-45,26,-47,28,-50,28,-54,28,-54,28,-58,26,-58,26,-60,23,-60,23,-60,21,-60,21,-60,19,-58,19,-58,0,0,15,-56,15,-58,17,-58,15,-60,10,-63,13,-65,10,-67,10,-65,8,-65,6,-65,6,-63,2,-60,0,-58,0,-54,-2,-54,-2,-54,-4,-54,-8,-56,-8,-56,-10,-60,-13,-63,-13,-65,-15,-71,-15,-76,-15,-73,-10,-76,-6,-76,-4,-67]"
CSI_DATA,56840,d8:b1:90:d9:de:f0,-46,11,-99,-34,47,116,836439200,100,0,114,0,"[4,54,0,60,-6,65,-8,67,-13,65,-15,63,-15,60,-15,58,-15,54,-15,54,-15,52,-15,52,-13,50,-13,50,-13,52,-13,52,-15,56,-15,56,-15,60,-15,60,-15,63,-15,65,-15,65,-15,65,-15,60,-17,60,-17,58,-17,58,0,0,-15,58,-17,58,-19,58,-17,58,-17,60,-19,63,-19,63,-19,63,-19,63,-19,60,-17,60,-17,58,-17,56,-15,54,-15,52,-15,54,-13,54,-13,54,-13,56,-13,58,-13,63,-17,67,-17,69,-21,73,-28,73,-30,71,-32,67,-34,58]"
CSI_DATA,56841,d8:b1:90:d9:de:f0,-46,11,-99,-34,47,116,836459156,100,0,114,0,"[30,47,30,54,28,56,28,56,28,58,26,56,26,56,23,54,28,50,26,50,26,43,26,45,26,43,30,43,30,45,34,43,39,41,43,43,45,45,47,43,50,45,54,43,52,41,54,39,50,39,47,36,50,34,52,34,0,0,52,28,54,28,56,30,58,28,60,26,63,26,65,21,63,21,60,17,63,17,60,15,60,13,56,8,54,6,54,4,54,2,52,0,54,-2,56,-6,60,-8,63,-8,67,-10,71,-10,76,-8,76,-8,76,-8,73,-4,67,0]"
CSI_DATA,56842,d8:b1:90:d9:de:f0,-46,11,-99,-36,48,116,836478724,100,0,114,0,"[-22,47,-26,51,-32,53,-34,53,-36,53,-36,51,-34,47,-34,45,-32,41,-32,41,-30,39,-28,39,-28,41,-28,43,-28,45,-26,47,-26,49,-28,49,-26,53,-24,55,-26,57,-26,57,-24,57,-24,59,-24,53,-22,55,-20,53,-20,53,0,0,-18,53,-18,53,-18,55,-16,55,-18,57,-16,57,-18,59,-16,61,-14,59,-14,59,-10,57,-10,57,-6,55,-6,53,-4,51,-4,51,-2,51,0,51,0,53,0,57,2,59,2,63,2,67,2,71,0,73,-2,73,-6,69,-8,63]"
CSI_DATA,56843,d8:b1:90:d9:de:f0,-46,11,-99,-32,47,116,836488935,100,0,114,0,"[32,-41,39,-41,45,-41,47,-39,51,-39,49,-34,51,-32,47,-30,45,-28,45,-26,43,-26,43,-26,41,-24,41,-26,43,-26,43,-28,45,-28,49,-30,47,-32,49,-34,49,-34,51,-34,51,-34,49,-34,51,-32,49,-30,49,-30,47,-30,0,0,47,-28,49,-30,49,-30,51,-32,51,-32,53,-32,53,-32,53,-32,53,-32,51,-32,49,-32,47,-30,45,-30,43,-28,43,-28,41,-28,41,-30,39,-30,43,-32,45,-34,47,-36,51,-39,55,-41,61,-41,63,-39,63,-32,65,-30,61,-24]"
CSI_DATA,56844,d8:b1:90:d9:de:f0,-46,11,-99,-34,47,116,836499001,100,0,114,0,"[50,-21,56,-23,58,-19,63,-15,65,-13,65,-10,63,-4,60,-4,54,-2,54,0,52,0,54,2,52,0,52,2,52,0,54,0,56,2,60,2,63,2,63,2,65,4,65,4,67,6,67,6,63,10,63,8,60,8,60,10,0,0,60,13,60,13,60,15,63,15,65,17,65,17,65,17,65,21,63,19,63,19,60,17,58,19,54,17,54,17,52,17,52,17,50,17,52,17,54,17,56,19,60,21,63,23,65,30,69,32,69,36,65,41,60,43,54,45]"
CSI_DATA,56845,d8:b1:90:d9:de:f0,-46,11,-99,-32,47,116,836518774,100,0,114,0,"[-39,36,-47,36,-51,36,-53,36,-53,34,-51,32,-51,30,-49,30,-45,28,-45,26,-41,26,-41,28,-39,28,-39,30,-39,32,-39,34,-39,39,-41,41,-41,43,-41,45,-39,47,-39,47,-39,47,-39,47,-34,47,-32,47,-32,45,-32,47,0,0,-30,47,-30,47,-28,51,-28,53,-28,55,-28,55,-28,55,-28,57,-24,57,-22,57,-18,57,-18,55,-14,53,-14,53,-12,51,-10,51,-8,49,-6,51,-6,55,-6,57,-4,61,-6,65,-4,67,-4,71,-6,73,-8,71,-10,69,-12,65]"
CSI_DATA,56846,d8:b1:90:d9:de:f0,-46,11,-99,-34,47,116,836529032,100,0,114,0,"[-36,-43,-36,-50,-34,-52,-32,-56,-32,-58,-30,-58,-26,-58,-26,-54,-21,-52,-19,-50,-21,-47,-21,-47,-21,-47,-23,-47,-26,-50,-28,-50,-28,-50,-30,-52,-30,-56,-32,-56,-34,-58,-34,-58,-32,-56,-34,-56,-32,-54,-32,-54,-32,-54,-32,-52,0,0,-30,-50,-32,-52,-34,-54,-34,-54,-36,-56,-36,-56,-34,-56,-36,-56,-36,-54,-36,-52,-36,-50,-36,-50,-34,-45,-34,-45,-34,-41,-36,-43,-34,-41,-39,-41,-39,-43,-41,-45,-43,-45,-45,-52,-47,-52,-52,-58,-50,-60,-45,-63,-41,-63,-34,-60]"
CSI_DATA,56847,d8:b1:90:d9:de:f0,-46,11,-99,-32,47,116,836548565,100,0,114,0,"[-26,-45,-22,-53,-18,-57,-16,-59,-14,-63,-10,-61,-8,-61,-4,-59,-4,-53,-4,-53,-4,-49,-4,-51,-4,-49,-6,-51,-6,-51,-6,-53,-4,-53,-2,-59,-4,-61,-4,-61,-2,-61,-4,-63,-4,-61,-4,-61,0,-59,0,-57,-2,-59,0,-57,0,0,2,-55,2,-57,4,-57,4,-59,4,-59,6,-61,2,-61,6,-61,6,-59,4,-59,2,-57,4,-57,4,-53,4,-51,4,-51,4,-51,4,-51,2,-51,4,-55,2,-55,4,-61,6,-63,6,-67,10,-69,12,-71,16,-69,22,-67,24,-61]"
CSI_DATA,56848,d8:b1:90:d9:de:f0,-46,11,-99,-34,47,116,836558979,100,0,114,0,"[-34,41,-41,41,-45,43,-50,41,-50,45,-50,41,-50,39,-47,36,-41,36,-43,36,-39,34,-39,36,-34,36,-36,39,-34,41,-34,45,-34,45,-34,52,-34,52,-34,56,-32,54,-30,56,-30,56,-28,58,-30,58,-26,54,-23,58,-23,56,0,0,-21,58,-19,60,-17,60,-17,65,-17,63,-17,65,-13,67,-13,65,-8,65,-8,67,-4,63,-4,60,-2,58,0,56,2,56,4,54,6,56,8,52,10,56,13,58,13,63,17,69,17,73,19,76,19,78,15,76,10,78,8,69]"
CSI_DATA,56849,d8:b1:90:d9:de:f0,-46,11,-99,-34,47,116,836569132,100,0,114,0,"[-52,-17,-56,-23,-56,-28,-56,-32,-58,-34,-56,-34,-52,-36,-50,-34,-47,-30,-45,-30,-43,-28,-45,-28,-43,-26,-45,-26,-47,-28,-50,-26,-52,-26,-54,-28,-58,-28,-58,-26,-58,-26,-60,-26,-60,-26,-58,-26,-58,-26,-58,-23,-58,-23,-56,-21,0,0,-56,-21,-58,-21,-58,-21,-63,-21,-65,-19,-65,-21,-65,-19,-65,-21,-63,-17,-63,-17,-60,-15,-60,-15,-56,-10,-56,-8,-54,-10,-54,-8,-54,-6,-54,-4,-58,-4,-60,-4,-67,-2,-69,-6,-73,-4,-78,-6,-80,-10,-76,-13,-76,-17,-69,-19]"
CSI_DATA,56850,d8:b1:90:d9:de:f0,-46,11,-99,-32,47,116,836588719,100,0,114,0,"[-22,-47,-20,-53,-16,-57,-14,-59,-12,-63,-8,-61,-6,-59,-4,-57,-4,-51,-2,-51,-4,-47,-4,-49,-2,-47,-4,-49,-4,-51,-6,-51,-4,-53,-6,-57,-6,-59,-6,-59,-6,-61,-6,-61,-6,-61,-8,-61,-4,-59,-4,-57,-4,-59,-4,-57,0,0,-2,-57,-4,-57,-2,-59,-2,-61,-4,-61,-2,-63,-2,-63,-2,-63,-2,-61,-4,-59,-2,-59,-2,-57,-4,-53,-2,-53,-6,-51,-4,-51,-4,-51,-6,-51,-6,-53,-6,-55,-8,-59,-8,-65,-4,-69,-2,-73,-2,-73,4,-71,8,-71,12,-65]"
CSI_DATA,56851,d8:b1:90:d9:de:f0,-46,11,-99,-34,47,116,836599362,100,0,114,0,"[17,-52,21,-56,28,-58,30,-58,32,-60,30,-58,32,-56,30,-54,26,-50,23,-47,21,-47,19,-50,19,-47,17,-50,15,-52,15,-54,15,-54,15,-58,13,-63,13,-63,10,-65,6,-67,6,-67,4,-67,4,-65,4,-65,2,-63,0,-60,0,0,0,-63,-2,-63,-4,-63,-6,-65,-8,-67,-8,-67,-13,-67,-13,-67,-13,-65,-17,-65,-17,-60,-19,-58,-19,-54,-19,-54,-21,-52,-23,-50,-26,-50,-28,-47,-30,-50,-32,-50,-36,-54,-39,-56,-43,-58,-45,-63,-43,-65,-41,-67,-36,-65,-32,-60]"
CSI_DATA,56852,d8:b1:90:d9:de:f0,-46,11,-99,-34,47,116,836618878,100,0,114,0,"[-19,-50,-19,-58,-13,-60,-15,-63,-10,-63,-10,-63,-8,-60,-6,-58,-8,-56,-8,-52,-10,-50,-8,-50,-8,-52,-10,-52,-13,-54,-13,-56,-15,-56,-15,-58,-17,-60,-21,-60,-21,-65,-23,-67,-23,-63,-23,-63,-21,-58,-21,-60,-21,-56,-21,-56,0,0,-23,-56,-23,-54,-26,-58,-26,-58,-28,-63,-30,-60,-32,-60,-32,-60,-32,-58,-32,-56,-32,-56,-32,-54,-32,-50,-32,-45,-32,-45,-32,-45,-34,-43,-36,-45,-41,-45,-43,-45,-45,-47,-47,-50,-50,-54,-52,-60,-50,-60,-47,-60,-41,-63,-34,-60]"
CSI_DATA,56853,d8:b1:90:d9:de:f0,-45,11,-99,-34,47,116,836629022,100,0,114,0,"[-26,47,-32,52,-39,54,-41,52,-45,52,-45,47,-45,45,-45,41,-41,39,-41,36,-39,36,-39,36,-41,36,-41,36,-41,39,-41,41,-41,41,-45,43,-45,45,-47,47,-47,47,-47,47,-47,47,-47,47,-45,43,-47,43,-45,43,-45,41,0,0,-45,41,-45,41,-47,41,-50,43,-50,45,-52,45,-52,45,-52,45,-50,45,-50,43,-50,45,-45,41,-43,41,-41,39,-41,39,-39,39,-39,39,-39,41,-41,43,-43,45,-45,50,-50,52,-52,52,-58,52,-58,50,-60,45,-63,43,-60,34]"
CSI_DATA,56854,d8:b1:90:d9:de:f0,-46,11,-99,-34,47,116,836648732,100,0,114,0,"[-23,-50,-23,-54,-17,-60,-15,-65,-10,-65,-6,-65,-2,-63,-2,-60,0,-54,2,-54,2,-52,2,-52,4,-52,4,-54,4,-54,4,-56,4,-60,4,-60,6,-65,8,-65,8,-65,10,-65,13,-65,13,-65,15,-63,15,-60,17,-60,19,-60,0,0,19,-58,21,-58,23,-60,26,-60,26,-63,28,-63,28,-63,30,-63,30,-60,30,-60,30,-58,30,-56,28,-52,28,-52,26,-50,28,-50,28,-47,26,-50,28,-50,30,-54,34,-56,39,-58,41,-60,45,-60,50,-58,54,-54,56,-47,56,-41]"
CSI_DATA,56855,d8:b1:90:d9:de:f0,-46,11,-99,-35,47,116,836668935,100,0,114,0,"[17,53,13,58,11,62,8,67,6,69,4,67,2,64,0,62,0,55,0,53,2,53,2,53,2,53,4,53,4,55,8,55,8,60,8,60,8,64,11,64,11,67,11,67,8,64,11,67,11,64,11,64,13,62,11,62,0,0,13,60,13,60,13,62,15,62,15,64,15,67,15,67,15,67,17,64,15,62,17,62,17,58,20,55,20,55,20,51,20,53,20,49,22,53,24,53,26,58,29,60,31,62,31,67,31,71,29,71,26,73,20,73,15,69]"
CSI_DATA,56856,d8:b1:90:d9:de:f0,-46,11,-99,-33,47,116,836689258,100,0,114,0,"[2,-54,4,-61,8,-61,10,-63,10,-65,10,-63,12,-61,10,-57,8,-54,8,-52,4,-50,2,-52,0,-50,-2,-52,-4,-54,-6,-57,-6,-54,-8,-59,-10,-61,-14,-61,-14,-61,-16,-63,-19,-61,-21,-59,-19,-59,-21,-57,-21,-54,-23,-50,0,0,-27,-52,-27,-52,-29,-52,-33,-52,-33,-54,-35,-54,-38,-52,-40,-52,-40,-48,-42,-46,-42,-44,-42,-42,-42,-35,-42,-35,-42,-31,-44,-31,-46,-27,-48,-27,-50,-25,-54,-27,-59,-25,-61,-25,-65,-25,-69,-27,-69,-27,-69,-29,-65,-31,-59,-31]"
CSI_DATA,56857,d8:b1:90:d9:de:f0,-46,11,-99,-37,48,116,836708990,100,0,114,0,"[-6,52,-12,59,-16,61,-21,63,-21,61,-21,59,-21,57,-21,54,-21,50,-19,50,-19,48,-16,48,-14,46,-14,48,-12,52,-12,54,-12,57,-14,57,-14,61,-10,63,-10,61,-8,63,-8,61,-8,63,-8,59,-6,59,-8,59,-6,59,0,0,-6,61,-6,59,-4,61,-4,61,-2,63,-4,63,-2,65,0,65,0,65,2,63,4,61,6,61,6,57,6,57,6,52,8,52,10,50,12,50,12,52,14,57,16,59,19,65,19,65,21,69,19,73,16,73,10,69,6,65]"
CSI_DATA,56858,d8:b1:90:d9:de:f0,-46,11,-99,-33,47,116,836728805,100,0,114,0,"[2,-52,6,-57,12,-63,16,-65,19,-63,21,-61,21,-59,23,-54,21,-50,21,-50,21,-48,21,-48,21,-44,21,-48,19,-50,21,-52,21,-52,23,-54,23,-57,23,-57,23,-57,23,-59,25,-59,25,-61,23,-54,25,-52,25,-54,25,-54,0,0,27,-54,27,-52,27,-52,27,-54,27,-54,27,-57,29,-59,29,-57,29,-59,29,-54,27,-52,29,-54,27,-52,25,-50,25,-46,23,-48,21,-48,21,-48,21,-50,23,-54,23,-57,27,-63,29,-63,35,-65,40,-67,42,-65,42,-57,44,-48]"
CSI_DATA,56859,d8:b1:90:d9:de:f0,-45,11,-99,-35,47,116,836748773,100,0,114,0,"[-55,-2,-62,-6,-64,-8,-67,-11,-67,-11,-64,-13,-60,-13,-60,-11,-58,-8,-53,-8,-53,-4,-53,-4,-53,-6,-53,-2,-55,0,-55,2,-60,4,-62,4,-64,6,-64,11,-67,11,-67,13,-64,17,-64,17,-62,15,-62,15,-60,17,-60,20,0,0,-55,24,-58,22,-60,24,-60,26,-60,31,-60,33,-58,35,-58,35,-55,38,-53,38,-51,38,-49,38,-44,38,-42,40,-40,38,-40,40,-35,44,-35,44,-35,49,-33,51,-33,55,-35,60,-38,62,-44,67,-44,64,-44,64,-49,62,-47,55]"
CSI_DATA,56860,d8:b1:90:d9:de:f0,-46,11,-99,-35,47,116,836758781,100,0,114,0,"[44,33,47,38,47,42,47,49,44,49,44,49,38,47,40,49,38,42,38,42,35,40,35,38,38,35,40,35,42,38,44,38,47,40,47,40,51,40,51,40,55,42,55,40,55,40,55,38,51,35,55,35,53,33,55,33,0,0,53,31,51,31,58,33,55,31,62,33,60,31,62,31,62,31,60,29,58,26,62,22,58,22,58,17,55,17,51,15,55,13,53,11,58,11,60,8,62,8,64,8,69,11,69,8,78,8,78,13,78,17,71,17,69,22]"
CSI_DATA,56861,d8:b1:90:d9:de:f0,-46,11,-99,-33,47,116,836768798,100,0,114,0,"[0,54,-4,59,-10,61,-14,63,-14,63,-16,63,-21,57,-19,57,-16,52,-19,52,-16,48,-16,48,-16,46,-14,48,-14,50,-14,52,-14,54,-14,57,-16,61,-16,61,-16,61,-14,61,-14,63,-14,63,-16,61,-14,61,-14,59,-14,57,0,0,-16,59,-14,59,-14,61,-16,61,-14,63,-14,65,-14,65,-14,65,-14,63,-12,61,-10,59,-10,59,-8,57,-8,54,-6,52,-6,52,-6,50,-2,52,-2,54,-2,59,-4,65,-4,67,-4,69,-8,73,-8,76,-14,73,-16,69,-19,63]"
CSI_DATA,56862,d8:b1:90:d9:de:f0,-46,11,-99,-35,47,116,836789105,100,0,114,0,"[-11,-53,-8,-60,-6,-62,-4,-67,-2,-69,-2,-67,0,-64,0,-62,-4,-55,-6,-55,-6,-51,-8,-51,-8,-51,-13,-51,-15,-53,-17,-55,-17,-55,-20,-58,-22,-60,-24,-60,-26,-60,-29,-60,-31,-60,-33,-60,-33,-55,-33,-58,-33,-53,-35,-51,0,0,-35,-49,-38,-49,-38,-51,-40,-49,-44,-49,-44,-49,-49,-47,-51,-49,-49,-47,-51,-42,-51,-38,-51,-35,-49,-33,-51,-31,-47,-29,-49,-26,-49,-24,-51,-22,-55,-20,-58,-17,-62,-17,-64,-20,-69,-17,-73,-22,-76,-22,-76,-24,-69,-26,-62,-29]"
CSI_DATA,56863,d8:b1:90:d9:de:f0,-46,11,-99,-35,47,116,836808760,100,0,114,0,"[51,-22,58,-22,62,-22,67,-17,67,-17,67,-15,62,-13,62,-11,55,-11,55,-8,53,-11,53,-11,51,-13,51,-15,53,-15,55,-20,55,-17,58,-22,60,-22,60,-24,62,-24,62,-24,62,-24,62,-26,60,-24,58,-26,58,-26,55,-26,0,0,58,-29,55,-29,55,-29,58,-31,58,-31,58,-31,58,-33,60,-33,58,-33,55,-35,51,-35,49,-35,47,-35,47,-35,42,-35,42,-35,40,-35,40,-40,42,-40,42,-42,44,-47,47,-49,49,-51,51,-55,53,-55,58,-51,58,-47,55,-40]"
CSI_DATA,56864,d8:b1:90:d9:de:f0,-46,11,-99,-33,47,116,836819102,100,0,114,0,"[54,0,61,2,63,8,65,12,65,14,63,16,59,21,59,21,52,19,50,19,48,16,48,19,48,19,48,16,50,19,50,19,52,19,57,21,57,21,57,21,59,23,61,23,61,23,59,23,57,25,57,25,54,25,54,25,0,0,52,27,52,27,54,27,52,27,57,29,59,29,59,27,59,31,57,29,54,29,54,29,52,27,50,25,48,25,46,25,48,25,46,23,48,23,52,23,52,25,57,25,59,29,61,29,65,35,63,38,61,42,57,46,48,46]"
CSI_DATA,56865,d8:b1:90:d9:de:f0,-45,11,-99,-34,47,116,836839038,100,0,114,0,"[-32,-43,-34,-52,-36,-56,-34,-60,-32,-58,-32,-58,-28,-58,-28,-54,-28,-47,-28,-47,-28,-45,-28,-45,-30,-43,-32,-43,-34,-45,-36,-45,-41,-45,-43,-47,-45,-47,-50,-45,-47,-43,-52,-43,-50,-43,-54,-41,-52,-41,-52,-41,-52,-39,-50,-34,0,0,-54,-34,-54,-32,-56,-32,-58,-30,-58,-30,-60,-28,-63,-28,-63,-28,-63,-26,-63,-21,-60,-19,-60,-17,-58,-15,-56,-13,-54,-8,-56,-8,-54,-4,-56,-2,-56,2,-60,0,-65,4,-69,4,-71,4,-76,4,-80,2,-80,0,-76,-2,-69,-4]"
CSI_DATA,56866,d8:b1:90:d9:de:f0,-46,11,-99,-35,47,116,836858627,100,0,114,0,"[-49,-29,-51,-35,-51,-38,-51,-42,-51,-47,-47,-44,-44,-47,-44,-44,-40,-40,-40,-38,-38,-35,-40,-35,-38,-35,-42,-33,-42,-35,-44,-33,-47,-33,-49,-38,-51,-40,-53,-38,-55,-38,-58,-40,-55,-38,-55,-35,-55,-35,-53,-35,-53,-33,-53,-31,0,0,-53,-31,-53,-31,-55,-31,-55,-31,-58,-31,-60,-31,-60,-29,-62,-31,-62,-29,-62,-26,-60,-26,-58,-22,-53,-20,-53,-17,-53,-17,-51,-17,-53,-15,-53,-13,-55,-11,-60,-11,-62,-11,-67,-11,-71,-13,-76,-15,-76,-15,-73,-20,-71,-24,-62,-26]"
CSI_DATA,56867,d8:b1:90:d9:de:f0,-45,11,-99,-34,47,116,836868801,100,0,114,0,"[54,-15,60,-13,65,-10,65,-4,71,-2,67,0,67,4,63,4,56,4,56,6,52,6,54,4,54,4,54,4,54,4,58,2,56,4,63,4,65,4,67,2,65,6,67,6,67,6,67,6,65,6,65,6,63,6,63,6,0,0,60,8,63,6,63,8,65,8,65,10,67,10,69,10,67,13,65,10,65,8,65,8,60,8,58,6,56,6,56,4,54,4,54,4,54,2,58,4,60,4,65,4,69,4,73,6,76,8,76,10,76,15,73,19,63,21]"
CSI_DATA,56868,d8:b1:90:d9:de:f0,-45,11,-99,-35,47,116,836888743,100,0,114,0,"[47,-29,53,-31,62,-31,62,-29,62,-31,62,-29,60,-24,58,-24,51,-24,51,-22,49,-24,49,-26,44,-26,47,-31,44,-33,47,-38,47,-38,49,-40,49,-44,49,-47,47,-44,44,-47,47,-49,44,-51,42,-49,38,-49,38,-51,35,-49,0,0,35,-53,33,-53,33,-55,33,-58,31,-58,29,-60,29,-62,29,-62,26,-64,22,-62,15,-62,15,-60,13,-60,11,-58,8,-53,6,-55,2,-53,0,-53,-2,-55,-2,-62,-4,-67,-6,-69,-8,-73,-8,-76,-8,-80,-4,-78,-2,-73,0,-69]"
CSI_DATA,56869,d8:b1:90:d9:de:f0,-45,11,-99,-35,47,116,836898825,100,0,114,0,"[26,-49,31,-53,38,-53,42,-55,42,-55,42,-53,40,-51,40,-49,38,-47,35,-42,33,-42,33,-42,33,-42,33,-44,33,-47,33,-49,31,-51,31,-53,31,-55,31,-58,31,-60,29,-60,29,-60,29,-60,26,-58,26,-58,26,-55,26,-55,0,0,24,-58,24,-58,24,-62,22,-60,22,-64,22,-67,22,-64,20,-67,17,-64,17,-62,13,-64,13,-60,8,-58,8,-55,6,-55,4,-55,2,-53,2,-55,0,-58,0,-62,-2,-64,-2,-69,-2,-71,-2,-78,0,-78,2,-78,6,-76,11,-69]"
CSI_DATA,56870,d8:b1:90:d9:de:f0,-46,11,-99,-34,47,116,836918825,100,0,114,0,"[58,8,63,15,63,19,63,23,60,28,60,32,56,32,54,32,52,30,47,30,45,28,45,30,45,28,45,28,47,30,47,32,50,32,50,34,54,36,54,36,56,39,56,39,56,39,54,36,52,39,52,39,50,39,47,39,0,0,45,39,45,41,47,43,50,43,50,45,52,47,50,45,50,45,47,43,47,43,45,43,47,43,43,36,43,36,41,36,41,36,41,34,43,34,45,36,45,36,50,39,50,43,54,45,54,54,52,56,50,56,43,60,36,58]"
CSI_DATA,56871,d8:b1:90:d9:de:f0,-46,11,-99,-34,47,116,836929078,100,0,114,0,"[28,50,28,56,26,58,23,63,26,63,23,60,19,60,19,58,23,54,21,54,23,47,23,52,26,47,28,47,30,47,32,47,34,47,39,50,41,52,41,50,45,50,47,50,47,50,50,45,45,43,47,43,47,39,47,39,0,0,50,36,52,32,52,34,56,34,58,32,58,34,60,28,63,30,63,26,63,23,60,19,60,17,56,15,54,13,56,8,54,6,54,4,56,2,58,2,60,-4,65,-4,69,-6,73,-6,78,-6,78,-6,76,-4,76,0,69,2]"
CSI_DATA,56872,d8:b1:90:d9:de:f0,-46,11,-99,-32,47,116,836948973,100,0,114,0,"[2,55,-2,59,-6,63,-10,63,-8,65,-10,61,-12,61,-14,55,-10,55,-12,53,-10,51,-10,51,-10,51,-10,51,-8,53,-6,55,-6,55,-6,59,-6,61,-6,61,-6,61,-4,65,-4,63,-4,63,-4,59,-4,59,-4,57,-4,57,0,0,-2,55,-2,57,-2,59,0,61,0,63,0,63,2,63,0,65,2,63,2,61,4,61,4,57,6,55,6,51,8,53,8,51,10,51,10,51,14,53,14,55,16,59,16,61,18,65,16,73,14,71,12,71,8,71,4,65]"
CSI_DATA,56873,d8:b1:90:d9:de:f0,-46,11,-99,-34,47,116,836968623,100,0,114,0,"[26,-52,32,-54,41,-56,43,-54,47,-50,50,-47,47,-43,47,-41,43,-39,43,-36,41,-34,39,-34,41,-34,41,-34,43,-36,45,-39,45,-39,47,-39,52,-41,52,-43,50,-41,52,-41,52,-41,52,-41,52,-39,52,-36,52,-36,52,-34,0,0,47,-34,52,-32,54,-32,52,-32,54,-34,54,-36,56,-34,58,-36,58,-34,54,-36,54,-34,52,-32,50,-30,47,-32,45,-28,43,-28,43,-30,43,-30,43,-32,50,-36,52,-39,56,-39,58,-41,63,-39,67,-36,67,-34,67,-26,65,-19]"
CSI_DATA,56874,d8:b1:90:d9:de:f0,-46,11,-99,-32,47,116,836978830,100,0,114,0,"[-20,49,-24,51,-28,53,-30,53,-32,55,-32,53,-30,51,-28,49,-28,49,-24,45,-22,43,-20,45,-20,47,-18,45,-16,49,-14,51,-12,55,-14,55,-12,57,-8,61,-6,61,-8,65,-4,61,-4,61,-2,59,-2,59,0,57,2,57,0,0,8,55,6,57,8,59,10,57,12,61,14,61,14,61,16,61,20,59,22,57,22,57,24,53,26,49,26,47,26,45,28,43,32,41,34,41,36,41,39,43,45,43,47,45,49,47,53,51,53,49,51,51,47,53,41,49]"
CSI_DATA,56875,d8:b1:90:d9:de:f0,-46,11,-99,-35,47,116,836999209,100,0,114,0,"[22,-53,29,-58,35,-58,40,-58,42,-55,44,-51,44,-49,42,-44,42,-42,40,-40,38,-40,35,-40,38,-38,35,-40,38,-40,38,-44,40,-44,42,-44,44,-44,44,-49,42,-51,47,-51,44,-49,47,-49,44,-49,44,-47,42,-47,44,-44,0,0,42,-47,42,-44,44,-44,44,-47,44,-47,47,-49,47,-49,47,-49,47,-47,42,-49,42,-47,40,-47,38,-44,35,-42,35,-42,35,-42,33,-42,33,-44,35,-47,35,-49,35,-51,40,-55,42,-60,47,-58,49,-60,53,-55,55,-49,53,-42]"
CSI_DATA,56876,d8:b1:90:d9:de:f0,-46,11,-99,-36,48,116,837019078,100,0,114,0,"[-45,-24,-49,-28,-51,-32,-51,-34,-53,-34,-51,-32,-47,-34,-47,-32,-47,-28,-45,-28,-43,-24,-45,-24,-45,-22,-47,-20,-47,-20,-51,-18,-51,-16,-57,-14,-57,-14,-59,-12,-61,-10,-63,-8,-61,-8,-61,-4,-59,-4,-59,-4,-59,-2,-57,0,0,0,-57,4,-57,6,-57,8,-57,8,-59,12,-59,14,-59,16,-59,18,-57,20,-57,20,-53,22,-51,22,-49,24,-45,24,-41,28,-41,30,-39,32,-36,34,-36,36,-39,41,-39,45,-41,47,-43,49,-47,53,-49,53,-49,53,-47,51,-45,45]"
CSI_DATA,56877,d8:b1:90:d9:de:f0,-46,11,-99,-34,47,116,837038688,100,0,114,0,"[28,52,28,56,26,60,23,65,21,67,19,65,17,65,17,60,17,54,17,54,17,52,17,52,19,50,19,50,23,52,26,52,26,54,30,58,30,58,34,58,34,58,36,58,36,56,39,56,36,54,34,52,36,50,39,47,0,0,39,47,39,45,39,47,41,50,43,47,45,47,47,47,47,45,47,43,47,41,45,39,47,36,45,34,45,32,45,30,43,28,45,26,47,23,52,21,54,23,58,23,63,26,67,26,67,28,69,30,67,32,63,34,56,36]"
CSI_DATA,56878,d8:b1:90:d9:de:f0,-46,11,-99,-32,47,116,837049027,100,0,114,0,"[49,24,53,30,53,34,51,41,47,43,47,45,43,45,41,43,36,41,34,39,34,39,34,36,34,34,36,36,36,36,39,39,41,41,41,43,43,45,45,45,45,45,45,47,43,45,45,45,41,43,41,43,41,41,41,41,0,0,39,41,39,43,39,43,41,45,43,45,43,47,45,47,43,45,41,45,43,41,41,41,43,41,41,36,39,36,36,34,36,34,39,32,41,32,41,32,45,36,47,39,49,41,53,43,53,45,53,49,51,51,45,53,39,53]"
CSI_DATA,56879,d8:b1:90:d9:de:f0,-46,11,-99,-32,47,116,837069172,100,0,114,0,"[49,18,55,24,57,26,59,30,57,32,57,32,53,30,51,30,49,28,47,26,47,24,45,22,47,20,49,18,51,18,53,16,55,16,55,16,61,16,59,12,61,12,61,12,61,8,61,8,59,6,61,4,59,4,59,2,0,0,57,0,55,0,59,-4,59,-4,61,-4,63,-6,63,-8,61,-10,59,-12,57,-14,55,-18,53,-16,49,-18,49,-20,45,-20,47,-24,43,-24,45,-28,45,-30,47,-32,47,-36,51,-39,49,-43,53,-45,55,-45,57,-43,55,-36,55,-32]"
CSI_DATA,56880,d8:b1:90:d9:de:f0,-46,11,-99,-34,47,116,837088616,100,0,114,0,"[-26,-50,-26,-54,-23,-60,-21,-65,-17,-65,-17,-65,-15,-60,-15,-58,-13,-54,-15,-54,-13,-52,-15,-50,-17,-50,-19,-50,-21,-52,-21,-54,-23,-56,-23,-56,-26,-58,-28,-56,-30,-58,-30,-58,-32,-58,-32,-58,-30,-54,-32,-52,-32,-52,-32,-50,0,0,-32,-50,-32,-50,-36,-52,-36,-50,-39,-52,-39,-52,-43,-52,-43,-52,-41,-50,-43,-45,-43,-43,-43,-41,-43,-39,-43,-36,-39,-34,-41,-34,-43,-30,-45,-30,-47,-30,-50,-30,-54,-30,-56,-32,-60,-32,-65,-36,-67,-39,-65,-41,-58,-43,-54,-43]"
CSI_DATA,56881,d8:b1:90:d9:de:f0,-46,11,-99,-34,47,116,837099175,100,0,114,0,"[-36,-41,-34,-50,-32,-54,-32,-60,-30,-60,-26,-60,-23,-60,-19,-58,-19,-52,-15,-52,-15,-50,-13,-50,-15,-50,-15,-50,-15,-54,-17,-54,-17,-60,-19,-60,-19,-63,-17,-63,-17,-65,-19,-63,-17,-63,-17,-63,-13,-60,-15,-63,-13,-60,-10,-58,0,0,-13,-60,-10,-60,-10,-60,-10,-60,-10,-65,-10,-65,-10,-65,-8,-65,-8,-65,-8,-60,-10,-60,-8,-58,-10,-58,-10,-56,-10,-52,-13,-52,-13,-52,-13,-52,-13,-54,-13,-58,-13,-63,-13,-67,-13,-69,-10,-73,-8,-76,-4,-78,0,-73,6,-67]"
CSI_DATA,56882,d8:b1:90:d9:de:f0,-46,11,-99,-33,47,116,837118825,100,0,114,0,"[16,52,10,59,4,65,2,67,-4,67,-8,67,-10,61,-12,59,-14,54,-16,52,-16,52,-16,50,-16,48,-16,50,-16,50,-19,54,-23,57,-25,57,-27,59,-27,61,-29,59,-29,57,-31,57,-33,57,-33,52,-31,52,-33,52,-35,48,0,0,-35,48,-40,46,-42,46,-42,46,-42,48,-44,46,-46,46,-46,44,-48,42,-44,44,-42,42,-42,42,-40,38,-40,35,-40,33,-40,33,-40,33,-38,35,-40,35,-46,35,-48,40,-54,40,-57,42,-63,40,-67,38,-69,31,-69,23,-65,16]"
CSI_DATA,56883,d8:b1:90:d9:de:f0,-46,11,-99,-33,47,116,837128808,100,0,114,0,"[-33,-44,-33,-50,-35,-57,-33,-57,-31,-61,-31,-59,-29,-59,-27,-54,-27,-50,-25,-50,-27,-48,-27,-46,-27,-44,-27,-46,-29,-46,-33,-46,-35,-48,-40,-50,-42,-48,-44,-50,-42,-48,-44,-48,-44,-48,-46,-46,-44,-44,-44,-44,-44,-44,-44,-42,0,0,-46,-38,-46,-38,-48,-38,-50,-38,-52,-38,-54,-35,-54,-35,-54,-35,-54,-33,-54,-29,-52,-27,-52,-27,-50,-23,-50,-19,-50,-19,-48,-14,-52,-12,-50,-10,-52,-10,-57,-10,-61,-8,-67,-10,-69,-10,-73,-12,-78,-14,-73,-16,-71,-19,-63,-21]"
CSI_DATA,56884,d8:b1:90:d9:de:f0,-46,11,-99,-35,48,116,837148619,100,0,114,0,"[-15,-49,-11,-57,-7,-59,-5,-61,-1,-65,0,-63,1,-61,3,-57,3,-55,3,-53,3,-49,3,-51,1,-49,3,-51,1,-51,0,-53,0,-53,1,-55,1,-59,0,-61,1,-59,1,-61,1,-61,0,-61,1,-61,1,-57,1,-59,1,-55,0,0,1,-53,0,-55,0,-55,0,-57,1,-59,1,-59,0,-59,0,-59,0,-57,-1,-59,-1,-55,-1,-55,-3,-51,-5,-49,-3,-49,-5,-49,-7,-47,-7,-49,-9,-51,-7,-53,-9,-57,-11,-61,-9,-67,-9,-67,-7,-69,-3,-67,1,-67,5,-63]"
CSI_DATA,56885,d8:b1:90:d9:de:f0,-46,11,-99,-35,48,116,837158843,100,0,114,0,"[51,-13,57,-11,59,-9,63,-3,63,0,63,3,59,7,57,7,53,7,49,9,49,9,49,9,49,9,49,11,51,11,51,11,53,13,55,13,57,15,59,15,57,17,57,17,55,21,55,19,53,21,53,21,51,21,49,21,0,0,49,23,49,25,51,27,49,25,51,27,51,29,51,29,51,31,51,29,51,29,49,29,45,29,43,25,41,25,41,25,41,25,41,23,43,25,45,25,45,29,49,29,51,33,53,35,55,39,53,43,49,47,43,49,37,49]"
CSI_DATA,56886,d8:b1:90:d9:de:f0,-52,11,-99,-39,54,116,837168969,100,0,228,0,"[-15,-10,-17,-8,-20,-6,-21,-3,-23,0,-23,3,-23,6,108,-7,-22,11,-21,13,-21,15,-19,17,-17,19,-16,20,-16,21,-15,21,-13,20,-11,17,-8,14,-5,10,-2,4,65,6,4,-6,7,-12,11,-15,14,-19,17,-21,20,-22,0,0,21,-22,21,-20,20,-17,17,-14,15,-10,10,-5,127,0,-2,4,-8,10,-14,12,-19,15,-23,16,-26,17,-28,17,-28,16,-28,16,-26,15,-25,14,-23,12,-21,10,25,16,-12,4,-6,2,0,0,6,-2,12,-2,17,-1,20,1,-3,-3,-8,1,-8,11,3,19,17,12,23,-5,13,-21,-30,-15,-22,-12,-22,8,-8,21,10,19,19,4,13,-11,-2,-15,-13,-4,-10,11,6,15,21,2,17,-20,-3,-30,-26,-20,-34,7,-17,32,7,34,29,19,30,-5,15,-21,0,0,-11,-10,-10,-1,-3,1,-3,-3,-10,-4,-16,5,-7,17,3,26,22,19,30,-1,21,-20,2,-25,-13,-16,-17,-3,-11,5,-4,5,-2,2,-5,3,-5,11,3,19,3,24,33,-1,29,-25,5,-43,-25,-39,-44,-13,-40,17,-16,33]"
CSI_DATA,56887,d8:b1:90:d9:de:f0,-52,11,-99,-38,54,116,837188993,100,0,228,0,"[-5,17,-4,19,-3,21,0,22,3,23,6,23,7,23,105,-7,11,22,14,21,15,20,17,20,18,19,19,18,19,18,18,17,17,16,16,14,13,10,8,7,4,3,63,6,-5,-5,-9,-10,-11,-15,-13,-19,-14,-22,-14,-25,0,0,-11,-27,-10,-27,-7,-25,-4,-22,-2,-17,0,-10,21,0,3,4,3,13,3,19,1,23,0,29,-1,31,-3,32,-4,32,-5,32,-6,30,-7,28,-7,26,-7,22,-126,16,-5,13,-3,6,0,0,3,-5,8,-8,13,-10,16,-10,-2,4,3,8,13,5,17,-6,9,-19,-7,-21,-22,-10,-14,31,-10,22,8,22,20,8,18,-9,3,-19,-11,-13,-15,2,-5,13,9,10,17,-4,5,-20,-16,-20,-29,-2,-25,21,-1,34,25,27,35,2,26,-21,3,-30,-14,-20,0,0,-13,7,-4,8,-1,3,-4,2,-8,6,-3,16,10,16,23,10,27,-8,15,-25,-5,-27,-19,-16,-20,0,-11,10,-3,11,1,7,0,4,-1,7,3,11,15,10,19,16,23,-21,5,-39,-23,-37,-44,-14,-42,16,-22,38,4,38]"
CSI_DATA,56888,d8:b1:90:d9:de:f0,-52,11,-99,-39,54,116,837198995,100,0,228,0,"[-16,-7,-19,-7,-20,-5,-22,-3,-23,0,-23,2,-24,4,108,-7,-24,8,-24,10,-23,11,-23,13,-23,14,-22,14,-22,15,-21,14,-20,13,-17,11,-14,8,-10,5,-4,2,65,6,7,-3,13,-5,17,-6,22,-5,26,-5,29,-3,0,0,30,0,29,1,25,3,22,4,16,5,10,4,121,0,-5,0,-12,-2,-19,-5,-22,-10,-25,-14,-25,-16,-25,-19,-25,-21,-24,-21,-22,-22,-20,-22,-16,-21,-14,-19,115,16,-6,-12,-3,-5,1,0,1,6,2,13,0,15,-2,19,-3,-3,-8,2,-7,12,4,16,17,12,23,-4,14,-21,-30,-19,-21,-14,-23,4,-12,20,5,20,17,7,15,-8,1,-15,-12,-8,-13,6,0,17,17,12,24,-8,11,-28,-13,-31,-33,-12,-33,14,-13,33,11,32,26,14,25,-5,0,0,-1,-15,-5,-7,-3,-2,1,-4,-2,-11,-13,-11,-20,2,-20,16,-5,28,15,24,26,8,23,-10,10,-20,-2,-16,-8,-8,-5,-2,-3,-2,-5,-4,-12,-3,-17,6,-23,6,4,33,29,25,44,3,39,-26,13,-44,-15,-40,-32,-20]"
CSI_DATA,56889,d8:b1:90:d9:de:f0,-47,11,-99,-35,48,116,837218645,100,0,114,0,"[-23,-47,-21,-53,-21,-55,-21,-55,-21,-59,-19,-57,-17,-57,-17,-53,-19,-49,-19,-47,-19,-43,-19,-45,-19,-45,-21,-45,-23,-45,-27,-45,-29,-43,-31,-45,-33,-47,-37,-45,-37,-45,-41,-45,-41,-41,-41,-41,-41,-41,-39,-41,-41,-39,-37,-35,0,0,-43,-31,-41,-31,-45,-31,-47,-31,-49,-31,-51,-29,-53,-25,-53,-25,-53,-21,-53,-23,-51,-19,-51,-19,-47,-13,-47,-9,-47,-7,-47,-7,-49,-5,-47,-1,-51,0,-55,1,-59,1,-63,3,-67,3,-67,1,-69,1,-67,0,-67,-1,-61,-5]"
CSI_DATA,56890,d8:b1:90:d9:de:f0,-46,11,-99,-35,48,116,837228943,100,0,114,0,"[5,53,3,59,0,61,-3,63,-7,65,-7,59,-7,61,-9,53,-9,51,-9,49,-11,49,-5,49,-5,49,-5,49,-3,53,-3,55,-1,55,-3,57,-3,59,0,61,0,59,-1,59,0,59,-3,61,-1,59,1,57,1,55,0,55,0,0,1,55,1,57,1,55,3,57,3,57,3,59,5,59,5,61,5,59,7,59,11,55,9,51,11,49,11,47,11,47,13,45,15,47,17,45,17,47,17,49,21,53,21,57,23,59,25,63,23,65,19,67,13,67,11,61]"
CSI_DATA,56891,d8:b1:90:d9:de:f0,-46,11,-99,-31,47,116,837248942,100,0,114,0,"[-51,-13,-53,-19,-55,-23,-55,-29,-53,-33,-51,-35,-47,-37,-43,-35,-41,-31,-39,-33,-39,-31,-39,-33,-35,-31,-37,-33,-37,-35,-39,-35,-41,-37,-41,-39,-41,-41,-43,-43,-41,-43,-41,-43,-41,-43,-41,-43,-39,-45,-35,-45,-35,-43,-33,-41,0,0,-33,-45,-33,-45,-31,-45,-31,-47,-31,-47,-31,-47,-33,-49,-31,-49,-31,-47,-31,-49,-29,-45,-27,-45,-25,-43,-25,-39,-25,-39,-25,-39,-25,-41,-27,-39,-27,-41,-31,-45,-33,-47,-35,-53,-33,-57,-31,-61,-29,-63,-25,-65,-21,-65,-13,-59]"
CSI_DATA,56892,d8:b1:90:d9:de:f0,-46,11,-99,-33,47,116,837269009,100,0,114,0,"[50,-19,59,-19,63,-14,67,-14,65,-10,67,-10,63,-6,63,-6,59,-8,54,-8,54,-8,50,-10,52,-8,52,-10,54,-12,54,-14,57,-16,57,-16,61,-19,61,-21,63,-21,61,-23,59,-23,59,-25,54,-23,57,-23,54,-25,54,-25,0,0,52,-29,52,-27,54,-29,50,-27,54,-31,52,-31,52,-33,50,-33,50,-33,48,-35,46,-33,46,-35,44,-38,40,-38,38,-35,38,-40,33,-38,33,-42,33,-44,35,-46,35,-48,38,-52,38,-52,46,-59,46,-59,50,-59,50,-52,50,-46]"
CSI_DATA,56893,d8:b1:90:d9:de:f0,-46,11,-99,-33,47,116,837280213,100,0,114,0,"[42,-35,48,-38,52,-35,54,-35,57,-35,57,-33,54,-33,50,-31,48,-31,46,-29,44,-29,42,-33,40,-33,40,-35,40,-38,40,-42,38,-42,40,-46,40,-48,40,-52,35,-50,38,-52,33,-52,33,-54,31,-54,27,-52,27,-54,25,-52,0,0,21,-54,21,-54,19,-57,16,-59,14,-57,12,-61,12,-61,10,-59,8,-61,6,-61,2,-59,0,-59,-2,-57,-4,-52,-6,-52,-8,-52,-12,-52,-14,-50,-16,-52,-16,-54,-21,-54,-25,-61,-27,-63,-29,-67,-29,-69,-27,-69,-23,-69,-19,-63]"
CSI_DATA,56894,d8:b1:90:d9:de:f0,-46,11,-99,-35,48,116,837298833,100,0,114,0,"[7,51,1,57,-3,61,-7,61,-9,63,-13,61,-15,59,-15,55,-17,51,-17,47,-17,45,-17,45,-17,45,-17,45,-17,47,-19,49,-21,51,-23,53,-25,55,-25,57,-25,55,-27,53,-27,53,-27,53,-27,49,-27,47,-27,47,-27,47,0,0,-29,45,-31,45,-31,47,-33,47,-33,47,-35,47,-35,47,-37,45,-35,45,-35,45,-33,45,-33,43,-29,39,-31,37,-29,39,-29,39,-29,39,-29,39,-31,41,-33,43,-35,45,-39,47,-43,49,-47,51,-49,49,-51,45,-55,39,-55,33]"
CSI_DATA,56895,d8:b1:90:d9:de:f0,-46,11,-99,-35,48,116,837308824,100,0,114,0,"[49,-7,57,-5,63,-1,65,-1,61,0,63,0,57,0,57,1,55,-1,53,-1,51,-1,51,-3,47,-5,49,-7,51,-9,53,-11,53,-13,53,-13,55,-17,55,-19,55,-21,55,-23,53,-25,55,-25,51,-23,49,-25,49,-25,47,-27,0,0,47,-31,45,-31,45,-33,45,-33,45,-37,45,-39,43,-41,43,-41,41,-43,39,-43,35,-43,33,-43,29,-41,27,-43,25,-41,23,-43,21,-43,17,-45,17,-47,15,-51,15,-55,17,-59,17,-63,17,-65,21,-67,19,-67,23,-61,23,-55]"
CSI_DATA,56896,d8:b1:90:d9:de:f0,-46,11,-99,-35,48,116,837329140,100,0,114,0,"[43,-27,51,-25,57,-23,59,-21,59,-19,59,-15,57,-13,55,-11,53,-11,51,-11,49,-11,49,-9,49,-7,49,-9,51,-9,53,-11,53,-11,55,-11,57,-11,59,-13,59,-13,59,-13,61,-13,59,-13,57,-9,55,-9,55,-11,55,-9,0,0,55,-9,53,-9,55,-9,55,-9,57,-9,59,-11,59,-11,57,-11,57,-11,55,-11,53,-11,53,-9,49,-9,47,-11,45,-11,47,-13,45,-13,45,-15,47,-17,51,-19,55,-19,59,-19,61,-19,67,-17,69,-15,69,-11,67,-5,61,-1]"
CSI_DATA,56897,d8:b1:90:d9:de:f0,-46,11,-99,-33,47,116,837348632,100,0,114,0,"[-40,38,-46,40,-52,40,-57,33,-59,31,-59,29,-59,23,-59,21,-54,19,-52,16,-50,14,-50,14,-50,16,-50,16,-52,16,-54,16,-57,14,-59,16,-61,16,-61,14,-63,14,-65,14,-63,12,-61,12,-61,10,-61,10,-59,10,-59,8,0,0,-59,6,-57,6,-61,4,-59,4,-63,4,-63,2,-63,2,-65,0,-63,0,-61,2,-61,4,-57,2,-54,2,-54,2,-50,2,-52,4,-50,4,-54,4,-57,4,-59,2,-63,2,-67,0,-69,0,-73,-2,-73,-6,-73,-10,-69,-16,-63,-19]"
CSI_DATA,56898,d8:b1:90:d9:de:f0,-46,11,-99,-35,48,116,837358648,100,0,114,0,"[15,-49,19,-53,23,-53,27,-55,29,-55,29,-55,27,-51,27,-49,23,-45,23,-45,21,-43,19,-45,17,-45,15,-47,13,-49,11,-51,11,-53,11,-53,11,-59,9,-59,7,-59,5,-61,3,-59,1,-59,1,-57,0,-57,-1,-55,-1,-53,0,0,-3,-55,-5,-51,-7,-55,-9,-55,-11,-57,-11,-57,-15,-57,-17,-59,-17,-55,-21,-53,-23,-51,-23,-47,-25,-43,-25,-41,-25,-39,-27,-41,-29,-37,-31,-39,-35,-37,-37,-39,-41,-41,-45,-43,-49,-43,-49,-45,-51,-45,-51,-49,-43,-49,-41,-47]"
CSI_DATA,56899,d8:b1:90:d9:de:f0,-46,11,-99,-33,47,116,837368766,100,0,114,0,"[38,-40,44,-40,50,-40,52,-38,59,-40,57,-35,54,-33,54,-31,50,-31,48,-29,44,-27,44,-29,44,-29,42,-31,44,-35,44,-35,44,-35,46,-38,48,-42,48,-44,48,-44,48,-46,46,-44,44,-44,44,-46,42,-44,40,-44,40,-44,0,0,38,-42,38,-44,38,-46,38,-48,38,-50,38,-50,38,-50,35,-52,35,-50,31,-52,29,-52,27,-50,23,-48,23,-48,21,-46,21,-48,19,-48,16,-50,16,-52,16,-57,16,-61,19,-63,16,-69,19,-73,23,-71,25,-71,29,-67,29,-61]"
CSI_DATA,56900,d8:b1:90:d9:de:f0,-46,11,-99,-33,47,116,837379261,100,0,114,0,"[54,6,61,12,61,16,61,21,65,25,61,27,59,31,52,31,50,27,46,29,46,27,46,29,44,27,46,27,46,29,48,29,50,29,52,31,54,33,57,33,54,35,57,35,54,35,54,35,52,35,50,35,50,33,46,33,0,0,48,35,46,35,48,35,50,35,46,38,48,40,50,40,48,42,48,40,48,40,46,35,44,38,44,33,42,31,42,29,42,29,42,29,42,29,46,29,46,33,50,35,52,40,57,42,57,48,57,50,52,52,48,57,40,52]"
CSI_DATA,56901,d8:b1:90:d9:de:f0,-46,11,-99,-35,48,116,837398793,100,0,114,0,"[17,-49,25,-53,31,-55,35,-53,37,-51,39,-49,41,-43,41,-39,39,-39,39,-33,37,-33,37,-31,39,-31,39,-29,41,-31,43,-33,45,-33,47,-33,49,-35,51,-33,51,-31,53,-33,53,-29,53,-31,51,-25,53,-23,53,-23,53,-23,0,0,49,-21,49,-19,53,-19,53,-19,55,-17,57,-17,57,-15,57,-15,57,-15,53,-13,53,-11,51,-11,51,-11,49,-11,47,-9,49,-11,45,-9,47,-9,49,-11,53,-9,55,-11,61,-9,63,-7,69,-3,71,0,71,3,67,7,61,13]"
CSI_DATA,56902,d8:b1:90:d9:de:f0,-46,11,-99,-33,47,116,837418843,100,0,114,0,"[-14,52,-21,57,-25,59,-29,59,-31,61,-31,57,-33,54,-31,50,-31,50,-31,48,-29,48,-27,46,-27,44,-25,44,-27,48,-25,50,-25,54,-27,57,-27,57,-25,61,-25,59,-25,61,-25,61,-23,61,-25,57,-23,57,-23,57,-23,54,0,0,-19,57,-21,57,-19,57,-19,59,-19,61,-19,63,-16,63,-19,61,-16,63,-14,61,-12,59,-14,59,-10,57,-8,54,-6,52,-4,52,-4,52,-2,52,0,54,0,57,-2,61,0,67,0,71,-2,73,-4,76,-6,76,-10,71,-14,65]"
CSI_DATA,56903,d8:b1:90:d9:de:f0,-46,11,-99,-35,48,116,837429092,100,0,114,0,"[53,-3,59,0,63,3,65,7,63,11,61,13,57,17,55,15,51,13,49,17,47,17,47,17,47,15,49,15,49,17,51,17,53,17,53,19,57,19,57,19,57,19,57,19,57,21,55,23,55,21,53,21,51,21,51,21,0,0,51,23,49,23,51,25,51,25,53,25,53,25,55,27,53,27,53,25,51,23,49,23,49,23,47,23,45,21,43,19,43,19,45,19,45,17,49,17,51,21,55,21,59,25,61,27,61,31,61,35,59,39,53,39,45,39]"
CSI_DATA,56904,d8:b1:90:d9:de:f0,-46,11,-99,-32,47,116,837448631,100,0,114,0,"[-4,53,-10,59,-18,61,-22,59,-28,59,-30,55,-30,51,-32,47,-30,45,-32,43,-32,39,-32,41,-30,41,-32,41,-32,41,-34,43,-34,41,-41,43,-41,43,-43,45,-43,41,-45,43,-45,43,-45,39,-45,36,-43,34,-45,34,-45,34,0,0,-45,30,-47,30,-47,30,-51,30,-51,28,-53,28,-53,28,-53,26,-53,24,-53,26,-49,26,-49,24,-45,22,-45,22,-45,20,-45,22,-45,22,-45,20,-47,22,-51,22,-53,24,-59,22,-61,24,-65,22,-69,16,-69,12,-67,6,-63,0]"
CSI_DATA,56905,d8:b1:90:d9:de:f0,-46,11,-99,-33,47,116,837458800,100,0,114,0,"[-46,-31,-50,-35,-52,-38,-50,-42,-50,-44,-48,-44,-44,-44,-44,-42,-40,-38,-40,-40,-38,-33,-40,-35,-40,-33,-44,-33,-44,-35,-46,-31,-48,-31,-52,-33,-54,-35,-54,-31,-57,-31,-57,-31,-57,-31,-57,-29,-54,-27,-52,-27,-54,-25,-54,-25,0,0,-54,-21,-54,-21,-59,-21,-59,-19,-61,-21,-63,-19,-63,-19,-63,-19,-61,-12,-61,-12,-59,-10,-57,-8,-52,-6,-52,-4,-52,0,-52,-2,-50,2,-54,4,-54,4,-57,4,-63,6,-65,8,-69,10,-71,8,-73,8,-71,4,-71,0,-67,-2]"
CSI_DATA,56906,d8:b1:90:d9:de:f0,-46,11,-99,-34,47,116,837478649,100,0,114,0,"[52,26,54,32,54,36,54,43,54,45,50,45,45,47,45,45,41,41,36,41,36,39,36,39,36,41,36,39,41,41,41,41,41,43,43,45,45,45,45,45,47,45,47,47,47,47,47,45,43,45,43,45,41,43,43,45,0,0,41,41,41,43,41,43,41,43,43,45,45,45,45,45,45,45,45,43,45,43,43,41,43,41,41,36,41,36,39,34,39,32,39,32,41,32,43,32,47,36,50,36,54,41,56,43,56,47,56,50,52,54,47,56,39,52]"
CSI_DATA,56907,d8:b1:90:d9:de:f0,-46,11,-99,-34,47,116,837489296,100,0,114,0,"[-58,-2,-63,-6,-67,-8,-67,-13,-67,-13,-65,-15,-63,-17,-60,-13,-56,-10,-54,-13,-54,-8,-54,-6,-54,-4,-54,-4,-56,-2,-56,0,-60,2,-63,2,-63,4,-65,6,-65,8,-65,10,-65,10,-65,13,-60,15,-58,13,-58,17,-56,17,0,0,-54,19,-56,21,-56,21,-56,26,-56,28,-56,28,-56,32,-56,32,-52,34,-52,34,-47,34,-45,36,-41,36,-39,34,-36,36,-34,36,-34,39,-32,43,-32,43,-32,50,-32,54,-34,56,-36,60,-39,63,-41,63,-41,63,-43,58,-41,50]"
CSI_DATA,56908,d8:b1:90:d9:de:f0,-46,11,-99,-34,47,116,837508815,100,0,114,0,"[-19,-54,-15,-63,-10,-67,-8,-71,-6,-69,-4,-67,-4,-65,-4,-63,-2,-56,-4,-56,-4,-54,-4,-54,-6,-52,-8,-54,-8,-56,-10,-58,-13,-60,-13,-60,-15,-63,-15,-63,-17,-63,-19,-63,-21,-63,-19,-63,-19,-58,-19,-58,-21,-56,-21,-56,0,0,-21,-56,-21,-56,-23,-56,-23,-56,-28,-56,-28,-56,-30,-56,-30,-56,-30,-56,-30,-52,-32,-50,-32,-47,-32,-47,-32,-43,-32,-41,-32,-39,-34,-39,-36,-39,-39,-39,-43,-39,-45,-41,-50,-45,-50,-45,-54,-52,-54,-54,-52,-56,-45,-56,-39,-52]"
CSI_DATA,56909,d8:b1:90:d9:de:f0,-46,11,-99,-36,48,116,837518791,100,0,114,0,"[-53,6,-59,2,-63,0,-65,-4,-65,-8,-65,-10,-61,-10,-59,-12,-53,-10,-51,-10,-51,-10,-49,-10,-49,-8,-51,-8,-51,-8,-53,-8,-57,-6,-57,-8,-61,-8,-61,-4,-61,-8,-63,-8,-61,-6,-61,-6,-59,-6,-57,-6,-57,-6,-55,-6,0,0,-55,-4,-55,-6,-57,-6,-57,-4,-59,-6,-59,-4,-61,-6,-61,-4,-59,-4,-59,-2,-57,0,-55,0,-53,2,-53,2,-51,2,-51,4,-49,6,-51,6,-51,8,-53,6,-57,8,-61,8,-65,8,-69,6,-71,4,-71,2,-67,-2,-61,-8]"
CSI_DATA,56910,d8:b1:90:d9:de:f0,-46,11,-99,-32,47,116,837539019,100,0,114,0,"[-51,16,-57,14,-63,14,-63,12,-65,12,-63,12,-61,10,-59,8,-55,10,-53,10,-49,10,-49,14,-49,14,-47,16,-49,18,-49,22,-51,24,-53,24,-55,28,-53,30,-55,30,-53,34,-51,34,-49,36,-47,34,-45,34,-43,34,-45,39,0,0,-39,39,-39,41,-39,41,-39,43,-39,45,-39,47,-36,49,-34,49,-32,49,-30,51,-26,51,-24,49,-20,49,-18,47,-18,47,-14,47,-10,47,-10,49,-8,51,-8,53,-6,57,-6,59,-4,63,-4,69,-4,69,-6,69,-10,67,-12,61]"
CSI_DATA,56911,d8:b1:90:d9:de:f0,-46,11,-99,-36,48,116,837558928,100,0,114,0,"[-49,20,-57,18,-63,16,-65,14,-65,12,-65,10,-61,6,-61,6,-55,6,-53,6,-51,6,-49,4,-51,8,-51,8,-53,8,-53,10,-55,12,-55,12,-59,14,-57,14,-61,14,-61,16,-59,16,-59,16,-55,14,-59,14,-55,14,-55,14,0,0,-51,16,-53,14,-55,16,-53,18,-57,18,-57,20,-55,20,-57,22,-55,22,-53,22,-53,24,-51,22,-47,24,-45,22,-43,22,-43,26,-41,26,-43,28,-43,30,-45,30,-47,34,-51,34,-51,36,-59,41,-59,36,-61,36,-59,32,-59,26]"
CSI_DATA,56912,d8:b1:90:d9:de:f0,-46,11,-99,-32,47,116,837578821,100,0,114,0,"[-55,-2,-59,-8,-63,-12,-61,-18,-65,-22,-59,-24,-57,-28,-53,-26,-49,-24,-47,-26,-45,-24,-45,-24,-43,-26,-43,-24,-45,-26,-47,-26,-47,-28,-51,-30,-51,-32,-53,-34,-51,-32,-53,-34,-51,-34,-51,-34,-49,-34,-47,-36,-47,-36,-45,-34,0,0,-43,-34,-43,-36,-41,-36,-45,-39,-45,-39,-45,-41,-45,-41,-45,-41,-45,-41,-45,-41,-41,-39,-41,-36,-36,-36,-36,-34,-36,-34,-36,-32,-36,-34,-36,-32,-39,-32,-41,-36,-45,-39,-47,-43,-49,-47,-47,-51,-47,-55,-41,-57,-36,-59,-28,-55]"
CSI_DATA,56913,d8:b1:90:d9:de:f0,-46,11,-99,-35,47,116,837598696,100,0,114,0,"[44,-38,51,-40,55,-40,58,-38,62,-38,58,-35,58,-33,53,-29,51,-29,49,-29,49,-29,47,-31,44,-31,42,-35,44,-38,44,-40,44,-40,47,-44,44,-44,44,-49,44,-49,47,-51,44,-51,42,-53,42,-51,40,-51,38,-51,35,-49,0,0,33,-49,33,-51,31,-51,33,-55,31,-55,33,-58,31,-60,31,-60,26,-60,24,-60,20,-58,20,-58,15,-55,13,-53,11,-53,8,-51,6,-53,4,-51,4,-55,4,-60,2,-62,2,-67,0,-73,0,-76,2,-78,4,-76,8,-76,11,-67]"
CSI_DATA,56914,d8:b1:90:d9:de:f0,-46,11,-99,-32,47,116,837618756,100,0,114,0,"[-32,-45,-32,-49,-28,-57,-26,-61,-26,-63,-22,-61,-18,-61,-16,-57,-14,-53,-12,-53,-12,-51,-12,-51,-14,-49,-14,-51,-14,-53,-16,-53,-16,-55,-18,-57,-20,-59,-18,-59,-18,-59,-18,-59,-16,-59,-18,-59,-14,-57,-16,-55,-16,-55,-14,-55,0,0,-14,-55,-14,-55,-14,-57,-14,-57,-16,-59,-16,-59,-14,-61,-14,-59,-14,-59,-16,-57,-16,-55,-16,-53,-16,-51,-16,-51,-16,-49,-16,-47,-18,-47,-18,-47,-20,-47,-20,-53,-22,-55,-22,-59,-22,-63,-22,-65,-22,-69,-16,-69,-12,-69,-8,-63]"
CSI_DATA,56915,d8:b1:90:d9:de:f0,-46,11,-99,-34,47,116,837638704,100,0,114,0,"[50,26,54,32,58,39,58,43,56,41,56,41,52,41,50,39,47,32,45,32,47,30,45,28,45,26,47,23,50,23,54,21,58,23,58,21,63,21,63,17,63,17,65,15,65,15,67,13,63,10,63,8,63,6,63,6,0,0,63,2,60,2,63,0,65,-2,65,-4,67,-4,67,-8,67,-8,65,-10,60,-13,58,-17,56,-17,56,-19,52,-21,47,-21,50,-26,45,-26,45,-30,45,-32,50,-34,50,-36,54,-41,52,-45,54,-47,58,-47,60,-47,58,-41,56,-36]"
CSI_DATA,56916,d8:b1:90:d9:de:f0,-46,11,-99,-33,47,116,837648788,100,0,114,0,"[31,48,29,54,27,59,25,61,25,65,21,61,21,63,19,57,19,52,16,54,16,50,19,50,19,46,21,46,23,48,25,50,25,50,27,54,31,52,33,54,31,52,33,54,33,54,35,52,35,50,33,48,33,48,33,48,0,0,35,44,35,46,35,44,40,48,40,46,42,48,42,48,42,46,42,44,44,42,44,38,44,38,42,35,42,31,42,31,40,27,44,27,44,25,48,25,50,27,54,27,59,29,63,29,63,29,63,33,61,33,59,38,50,35]"
CSI_DATA,56917,d8:b1:90:d9:de:f0,-45,11,-99,-34,47,116,837658877,100,0,114,0,"[-56,-6,-63,-10,-65,-15,-65,-19,-67,-23,-63,-23,-60,-28,-56,-26,-54,-23,-52,-23,-50,-21,-50,-23,-50,-21,-50,-21,-52,-21,-54,-21,-56,-21,-58,-23,-60,-23,-63,-23,-63,-23,-65,-23,-63,-23,-65,-23,-60,-23,-58,-23,-56,-23,-58,-21,0,0,-56,-21,-56,-23,-58,-21,-60,-23,-60,-23,-63,-23,-65,-21,-63,-21,-63,-21,-60,-19,-60,-17,-58,-17,-56,-15,-54,-13,-52,-13,-52,-10,-52,-10,-52,-8,-54,-8,-58,-10,-63,-8,-69,-10,-71,-10,-73,-13,-73,-17,-73,-21,-69,-23,-60,-26]"
CSI_DATA,56918,d8:b1:90:d9:de:f0,-46,11,-99,-32,47,116,837678637,100,0,114,0,"[-12,-53,-8,-61,-2,-67,2,-67,4,-67,8,-63,10,-61,12,-57,12,-55,16,-53,14,-51,14,-51,14,-49,14,-49,14,-51,16,-55,16,-55,18,-59,18,-59,18,-61,22,-59,24,-59,24,-59,24,-59,24,-55,24,-57,24,-53,26,-53,0,0,26,-53,28,-51,28,-51,28,-51,30,-49,32,-51,32,-51,34,-49,34,-49,34,-49,30,-47,30,-45,30,-45,30,-43,28,-43,26,-41,26,-41,24,-39,26,-43,32,-45,32,-47,39,-49,39,-51,41,-53,47,-53,51,-49,51,-45,49,-36]"
CSI_DATA,56919,d8:b1:90:d9:de:f0,-46,11,-99,-34,47,116,837688809,100,0,114,0,"[8,60,6,65,4,69,0,71,-2,69,-2,69,-2,67,-4,63,0,58,-2,56,0,54,2,54,4,52,6,54,6,56,10,58,13,60,13,63,17,65,19,65,19,65,21,65,21,65,23,65,21,63,23,60,26,58,23,58,0,0,28,56,28,56,30,56,32,56,32,56,34,56,36,56,36,56,39,52,39,50,41,47,41,47,41,41,41,39,41,36,41,34,41,32,43,32,45,30,50,32,54,32,58,34,60,34,65,36,67,39,65,41,60,43,54,41]"
CSI_DATA,56920,d8:b1:90:d9:de:f0,-46,11,-99,-34,47,116,837708819,100,0,114,0,"[50,30,52,36,52,41,50,45,50,52,45,52,43,54,39,50,36,47,32,47,32,43,34,45,36,43,36,43,39,43,41,43,39,45,43,47,43,50,45,52,45,52,45,54,43,54,43,52,41,47,43,47,41,45,39,47,0,0,39,47,41,47,41,50,41,50,43,50,43,54,43,52,43,54,41,52,41,50,45,45,43,45,41,41,39,41,39,36,41,36,41,36,43,36,43,39,45,41,47,43,50,45,54,47,56,50,56,54,50,56,47,58,41,54]"
CSI_DATA,56921,d8:b1:90:d9:de:f0,-46,11,-99,-33,47,116,837728753,100,0,114,0,"[-42,-38,-42,-46,-38,-52,-33,-54,-35,-61,-29,-59,-25,-59,-19,-57,-21,-52,-16,-52,-16,-46,-14,-50,-12,-52,-12,-50,-12,-54,-12,-54,-12,-52,-12,-61,-12,-61,-10,-63,-8,-63,-10,-65,-8,-63,-8,-61,-4,-61,-2,-61,0,-57,0,-57,0,0,2,-57,2,-59,4,-59,6,-59,6,-61,8,-63,6,-61,10,-63,10,-61,10,-61,12,-61,12,-54,12,-52,10,-50,10,-52,10,-48,12,-50,12,-50,12,-54,14,-54,14,-59,19,-61,21,-65,27,-65,29,-63,33,-61,40,-59,40,-52]"
CSI_DATA,56922,d8:b1:90:d9:de:f0,-46,11,-99,-32,47,116,837738847,100,0,114,0,"[-55,-6,-61,-10,-65,-12,-65,-16,-67,-18,-63,-18,-61,-20,-57,-18,-53,-14,-51,-16,-51,-12,-51,-12,-51,-10,-53,-10,-53,-8,-57,-8,-55,-6,-61,-4,-61,-2,-63,-4,-59,-2,-63,0,-63,-2,-63,4,-59,2,-57,2,-57,2,-57,4,0,0,-57,4,-59,8,-57,8,-59,10,-57,10,-59,12,-59,14,-63,14,-61,16,-61,18,-57,16,-53,18,-53,20,-49,18,-49,22,-45,22,-45,24,-43,26,-45,28,-47,32,-49,34,-53,39,-55,41,-57,41,-59,39,-61,36,-61,34,-57,28]"
CSI_DATA,56923,d8:b1:90:d9:de:f0,-46,11,-99,-33,47,116,837758675,100,0,114,0,"[10,-54,16,-59,23,-61,25,-61,29,-61,29,-59,31,-52,31,-50,27,-48,29,-46,27,-44,27,-44,27,-44,25,-44,25,-46,25,-48,25,-50,29,-52,29,-57,29,-57,29,-54,29,-54,29,-54,29,-54,29,-54,31,-52,31,-52,29,-50,0,0,27,-50,29,-50,29,-52,29,-54,31,-54,31,-54,31,-54,33,-57,31,-54,29,-54,27,-54,27,-50,23,-48,23,-48,23,-48,21,-46,19,-46,19,-48,16,-48,21,-52,21,-57,23,-59,23,-63,27,-63,29,-63,31,-63,35,-59,40,-52]"
CSI_DATA,56924,d8:b1:90:d9:de:f0,-46,11,-99,-33,47,116,837778776,100,0,114,0,"[25,52,25,59,25,61,23,63,23,63,23,63,19,61,19,57,21,52,21,52,21,46,23,48,23,46,25,46,27,46,29,46,33,46,35,50,40,50,40,48,42,50,46,48,46,44,46,44,44,44,44,46,44,42,46,40,0,0,46,33,48,35,48,35,50,33,52,33,54,31,57,29,59,29,57,25,57,23,57,23,57,21,52,16,52,12,52,12,50,10,50,6,52,4,54,0,57,-2,61,-4,63,-4,67,-4,73,-2,71,-2,71,0,69,2,67,6]"
CSI_DATA,56925,d8:b1:90:d9:de:f0,-45,11,-99,-35,47,116,837798625,100,0,114,0,"[-22,-53,-20,-62,-15,-67,-13,-71,-8,-67,-8,-67,-6,-62,-4,-62,-4,-58,-6,-55,-4,-55,-6,-53,-8,-53,-8,-55,-11,-58,-13,-60,-13,-62,-11,-60,-13,-64,-17,-64,-17,-64,-17,-67,-20,-64,-17,-64,-17,-60,-17,-60,-17,-60,-17,-62,0,0,-17,-60,-17,-58,-20,-62,-20,-60,-22,-64,-22,-64,-24,-64,-22,-62,-22,-62,-24,-58,-24,-58,-24,-55,-26,-53,-26,-51,-24,-47,-26,-49,-29,-44,-31,-47,-33,-49,-35,-51,-38,-51,-40,-55,-40,-58,-42,-62,-40,-64,-40,-69,-31,-64,-26,-62]"
CSI_DATA,56926,d8:b1:90:d9:de:f0,-46,11,-99,-34,47,116,837808872,100,0,114,0,"[-36,43,-45,45,-52,45,-58,41,-54,36,-56,34,-54,28,-54,28,-52,26,-54,23,-50,23,-50,23,-50,23,-52,23,-52,26,-54,26,-56,26,-54,26,-58,28,-58,26,-60,28,-58,28,-63,26,-60,26,-58,23,-56,23,-60,23,-58,21,0,0,-60,21,-58,21,-60,19,-60,19,-63,21,-65,19,-65,19,-67,19,-65,17,-63,19,-60,19,-58,17,-56,17,-56,17,-52,17,-52,17,-47,17,-50,19,-52,19,-56,19,-60,21,-65,21,-67,21,-69,19,-73,17,-76,13,-71,6,-67,2]"
CSI_DATA,56927,d8:b1:90:d9:de:f0,-46,11,-99,-34,47,116,837829082,100,0,114,0,"[30,50,32,56,28,60,26,63,28,67,26,65,21,65,21,60,19,54,19,54,19,50,21,52,21,50,23,50,26,50,28,52,30,54,32,56,34,56,36,56,39,54,39,54,36,56,39,54,39,52,39,52,39,50,36,47,0,0,39,47,41,45,43,47,43,45,45,45,47,47,47,45,50,47,50,43,50,43,52,39,50,36,47,34,47,32,47,28,47,26,47,23,47,21,50,21,56,23,60,23,65,23,67,23,69,26,71,30,69,32,65,34,58,32]"
CSI_DATA,56928,d8:b1:90:d9:de:f0,-46,11,-99,-34,47,116,837848631,100,0,114,0,"[-6,56,-10,60,-17,65,-21,65,-23,65,-26,63,-26,58,-26,56,-23,52,-23,50,-21,47,-21,47,-21,47,-21,50,-21,52,-19,56,-21,58,-21,58,-21,60,-21,63,-19,63,-19,65,-19,63,-19,63,-19,58,-19,58,-19,58,-19,58,0,0,-15,58,-17,58,-19,60,-17,63,-17,65,-17,65,-17,65,-17,65,-15,65,-13,63,-15,60,-13,60,-10,58,-8,56,-8,54,-6,54,-6,52,-4,54,-2,56,-2,60,-2,63,-2,69,-4,69,-8,73,-10,76,-13,76,-17,69,-19,63]"
CSI_DATA,56929,d8:b1:90:d9:de:f0,-46,11,-99,-32,47,116,837858740,100,0,114,0,"[-14,-51,-10,-59,-4,-63,-4,-63,2,-63,4,-63,4,-59,8,-59,8,-53,8,-51,8,-49,8,-49,10,-49,10,-49,10,-51,10,-53,8,-57,10,-57,10,-59,10,-61,12,-61,10,-63,10,-61,10,-61,12,-55,14,-57,14,-55,16,-57,0,0,14,-53,16,-53,16,-57,16,-57,20,-59,18,-61,16,-61,18,-59,20,-59,18,-55,20,-55,20,-55,18,-51,14,-51,16,-49,16,-49,12,-47,16,-49,14,-53,14,-55,14,-57,16,-61,20,-63,24,-65,28,-63,30,-63,34,-57,36,-51]"
CSI_DATA,56930,d8:b1:90:d9:de:f0,-46,11,-99,-34,47,116,837868795,100,0,114,0,"[45,34,47,41,45,47,43,54,39,56,34,58,30,56,26,54,23,52,21,52,21,50,19,50,19,50,19,52,19,54,19,56,19,58,17,58,19,63,17,63,15,65,15,65,13,65,13,65,10,63,8,63,8,63,6,63,0,0,4,63,2,60,0,65,0,63,-2,67,-2,67,-4,67,-4,67,-6,67,-6,65,-6,63,-6,63,-6,58,-6,56,-8,54,-8,54,-8,52,-8,54,-8,54,-10,60,-10,63,-15,67,-17,69,-23,71,-28,71,-32,71,-36,63,-36,54]"
CSI_DATA,56931,d8:b1:90:d9:de:f0,-46,11,-99,-36,48,116,837888584,100,0,114,0,"[6,51,4,59,0,61,-4,63,-6,63,-8,61,-8,59,-8,55,-8,53,-8,51,-6,49,-4,51,-4,49,-2,49,-2,53,0,55,2,55,2,59,2,61,4,63,4,61,4,61,4,61,6,61,6,59,8,59,8,57,6,57,0,0,10,57,10,57,10,59,12,57,12,59,12,61,14,61,14,61,16,59,18,59,18,55,20,55,20,51,20,49,22,49,22,47,24,45,24,45,26,47,28,49,30,51,34,53,34,57,36,59,36,61,32,61,28,61,22,57]"
CSI_DATA,56932,d8:b1:90:d9:de:f0,-46,11,-99,-32,47,116,837899078,100,0,114,0,"[-32,43,-41,43,-47,43,-51,39,-53,36,-51,34,-53,30,-49,28,-49,26,-47,24,-45,22,-45,24,-43,22,-45,24,-47,22,-49,24,-49,24,-53,26,-55,26,-57,28,-55,26,-57,28,-57,26,-55,26,-55,24,-53,22,-55,22,-53,20,0,0,-51,20,-55,20,-55,20,-57,18,-57,18,-59,20,-59,18,-61,18,-59,18,-59,20,-57,18,-55,18,-53,16,-51,16,-49,16,-49,16,-49,16,-47,18,-51,20,-53,20,-57,20,-61,20,-65,22,-67,18,-69,16,-69,12,-67,8,-61,2]"
CSI_DATA,56933,d8:b1:90:d9:de:f0,-50,9,-99,-35,51,116,837917259,98,0,106,0,"[161,21,-111,0,83,21,-166,0,18,21,117,0,-18,19,39,0,-29,19,-31,21,-40,19,-74,21,-31,19,-101,21,11,21,-100,21,124,21,-79,21,-66,21,-24,21,144,0,15,0,-29,0,33,0,79,1,26,0,0,0,0,0,96,1,-60,21,-14,0,-87,21,146,0,-80,21,-93,21,-4,21,55,21,101,0,-70,19,-166,0,-91,19,-108,0,-79,19,-97,0,-19,19,-96,0,74,21,-135,0,-168,21,141,0,-32,21,-7,21,67,0]"
CSI_DATA,56934,d8:b1:90:d9:de:f0,-46,11,-99,-36,48,116,837929400,100,0,114,0,"[43,-28,49,-28,57,-26,57,-24,61,-24,57,-20,59,-16,53,-16,51,-16,51,-12,49,-14,49,-14,47,-14,47,-14,51,-16,53,-18,51,-18,55,-20,55,-20,59,-20,57,-22,59,-22,59,-22,59,-22,55,-20,53,-20,55,-20,53,-20,0,0,53,-20,55,-20,53,-20,57,-22,55,-24,57,-22,59,-24,59,-22,57,-24,57,-24,53,-24,53,-24,51,-24,47,-24,47,-24,45,-24,45,-24,43,-26,45,-28,49,-30,51,-32,55,-34,57,-34,61,-34,63,-32,65,-30,63,-26,59,-20]"
CSI_DATA,56935,d8:b1:90:d9:de:f0,-46,11,-99,-34,47,116,837948729,100,0,114,0,"[47,-26,54,-23,60,-23,63,-19,65,-17,65,-13,60,-10,60,-8,56,-8,54,-6,54,-6,52,-6,54,-6,54,-6,54,-8,56,-8,60,-8,63,-8,65,-8,65,-10,65,-8,67,-8,67,-8,67,-8,63,-6,63,-4,63,-4,60,-4,0,0,60,-6,60,-4,63,-4,63,-6,65,-4,67,-4,67,-4,69,-2,67,-4,65,-4,63,-4,60,-2,58,-4,56,-6,54,-4,54,-6,52,-6,54,-6,56,-8,60,-8,65,-8,69,-8,71,-6,73,-4,76,-2,76,0,73,6,67,10]"
CSI_DATA,56936,d8:b1:90:d9:de:f0,-47,11,-99,-34,48,116,837959120,100,0,114,0,"[34,36,36,40,38,44,36,48,34,50,34,48,32,48,32,44,31,40,31,40,31,38,31,36,32,34,34,34,36,34,38,32,40,34,42,34,46,34,48,32,50,32,50,32,50,31,52,29,52,25,50,25,50,23,50,21,0,0,50,19,50,19,52,19,54,17,56,15,58,15,58,13,60,13,58,11,58,7,56,3,54,1,52,0,50,0,50,-1,48,-3,48,-5,48,-9,50,-9,52,-13,56,-15,60,-15,62,-19,63,-21,65,-19,65,-17,65,-15,60,-11]"
CSI_DATA,56937,d8:b1:90:d9:de:f0,-46,11,-99,-36,48,116,837978945,100,0,114,0,"[26,45,26,53,24,57,22,61,18,61,16,61,14,57,16,57,12,53,12,51,12,49,14,49,14,47,16,49,18,51,20,51,22,55,20,55,22,59,24,57,26,59,24,59,26,57,24,57,24,53,24,55,24,51,22,53,0,0,26,51,24,51,24,55,24,51,28,55,28,55,28,55,30,53,30,53,30,49,30,51,30,47,30,45,30,43,28,41,30,41,30,36,34,39,36,41,36,41,41,41,43,45,45,47,47,53,47,53,45,55,36,55,32,55]"
CSI_DATA,56938,d8:b1:90:d9:de:f0,-46,11,-99,-36,48,116,837998943,100,0,114,0,"[-41,28,-49,28,-53,28,-57,24,-59,22,-57,18,-57,14,-55,12,-51,12,-51,10,-49,10,-49,8,-49,6,-49,6,-51,6,-53,8,-55,8,-57,6,-59,8,-61,6,-61,6,-63,6,-59,4,-61,4,-59,2,-59,-2,-57,-2,-57,-2,0,0,-57,-4,-57,-2,-59,-4,-59,-6,-61,-6,-63,-6,-61,-8,-61,-10,-61,-8,-57,-8,-57,-10,-57,-10,-55,-10,-53,-8,-51,-8,-49,-8,-49,-8,-49,-6,-53,-6,-55,-8,-57,-8,-63,-10,-63,-14,-67,-18,-67,-22,-65,-26,-61,-28,-55,-30]"
CSI_DATA,56939,d8:b1:90:d9:de:f0,-46,11,-99,-34,47,116,838018804,100,0,114,0,"[47,-28,54,-28,58,-28,60,-26,63,-26,60,-21,58,-19,58,-19,52,-19,52,-19,47,-19,47,-21,47,-21,45,-23,47,-26,50,-28,50,-30,52,-30,54,-32,54,-36,54,-39,54,-39,52,-41,52,-41,50,-41,50,-41,45,-41,47,-41,0,0,43,-41,45,-43,45,-45,43,-45,43,-47,43,-50,43,-52,43,-52,41,-52,39,-54,36,-52,34,-50,30,-50,26,-47,26,-47,23,-47,21,-47,19,-52,19,-54,19,-58,19,-63,19,-63,19,-69,21,-69,23,-71,26,-71,28,-67,30,-60]"
CSI_DATA,56940,d8:b1:90:d9:de:f0,-46,11,-99,-34,47,116,838028810,100,0,114,0,"[-39,34,-47,36,-54,36,-58,34,-58,30,-60,30,-56,28,-54,28,-50,23,-50,23,-47,23,-45,23,-43,23,-45,26,-45,28,-47,30,-52,30,-52,30,-54,32,-52,34,-54,36,-56,34,-54,36,-54,36,-52,36,-52,36,-52,36,-50,36,0,0,-50,36,-50,36,-52,36,-50,36,-52,39,-52,39,-52,41,-52,41,-52,41,-47,43,-45,43,-45,41,-41,41,-41,41,-36,36,-39,41,-34,41,-34,43,-34,45,-36,47,-36,52,-43,54,-43,56,-45,58,-50,58,-52,56,-52,50,-52,43]"
CSI_DATA,56941,d8:b1:90:d9:de:f0,-46,11,-99,-32,47,116,838038867,100,0,114,0,"[51,10,55,16,59,22,59,26,55,28,57,30,51,30,49,30,45,28,43,28,43,28,41,28,43,26,43,28,45,28,47,28,49,30,49,32,51,32,51,30,51,34,51,34,51,32,51,32,49,32,47,34,47,34,47,32,0,0,45,34,43,34,47,34,47,34,47,39,47,39,47,36,49,41,49,39,47,36,47,36,45,36,45,32,43,32,41,30,43,30,41,26,43,28,45,28,47,30,51,32,53,36,53,36,55,43,57,47,55,51,47,51,41,51]"
CSI_DATA,56942,d8:b1:90:d9:de:f0,-46,11,-99,-33,47,116,838058830,100,0,114,0,"[-46,-31,-50,-35,-54,-40,-54,-44,-52,-44,-50,-44,-46,-42,-46,-40,-42,-35,-42,-35,-42,-33,-44,-31,-42,-29,-44,-27,-46,-27,-50,-25,-52,-25,-54,-25,-59,-25,-59,-23,-61,-21,-61,-21,-59,-21,-63,-16,-59,-16,-57,-14,-59,-12,-57,-10,0,0,-59,-8,-59,-6,-61,-6,-61,-4,-63,-4,-63,-2,-65,-2,-63,0,-61,2,-59,4,-59,6,-57,8,-54,12,-54,12,-50,14,-50,16,-48,16,-48,21,-50,23,-52,23,-54,27,-57,31,-59,31,-63,35,-65,35,-67,33,-63,29,-61,25]"
CSI_DATA,56943,d8:b1:90:d9:de:f0,-46,11,-99,-32,47,116,838069001,100,0,114,0,"[34,-41,43,-41,47,-43,51,-41,51,-41,51,-39,51,-34,49,-32,43,-30,43,-30,41,-30,41,-30,41,-30,39,-32,39,-32,39,-36,41,-39,43,-39,45,-43,45,-45,43,-45,43,-45,43,-45,41,-45,41,-43,41,-45,39,-45,39,-43,0,0,36,-43,36,-45,39,-45,39,-49,39,-49,39,-51,36,-51,39,-51,36,-51,34,-51,32,-51,28,-49,28,-47,24,-47,24,-47,24,-49,20,-47,20,-49,18,-53,20,-53,22,-59,22,-61,22,-65,26,-65,26,-67,30,-65,32,-63,34,-57]"
CSI_DATA,56944,d8:b1:90:d9:de:f0,-46,11,-99,-33,47,116,838088948,100,0,114,0,"[6,54,2,61,-2,63,-4,65,-6,65,-10,65,-12,61,-14,59,-12,54,-14,50,-12,48,-14,48,-14,46,-16,46,-16,50,-14,50,-16,52,-14,57,-16,59,-19,59,-19,59,-19,61,-21,57,-19,57,-23,54,-23,57,-23,52,-23,52,0,0,-25,52,-23,52,-25,54,-27,54,-29,57,-29,59,-29,57,-31,57,-27,57,-31,54,-29,54,-29,50,-27,48,-25,46,-23,46,-23,46,-21,46,-23,48,-25,50,-25,52,-27,54,-29,57,-33,59,-40,63,-42,61,-46,57,-48,54,-48,46]"
CSI_DATA,56945,d8:b1:90:d9:de:f0,-46,11,-99,-32,47,116,838108623,100,0,114,0,"[47,-24,55,-24,61,-24,63,-22,63,-22,61,-20,59,-18,57,-20,53,-18,51,-18,49,-20,47,-20,47,-22,47,-24,47,-26,47,-30,47,-32,47,-34,49,-36,47,-41,45,-41,45,-43,43,-43,43,-45,41,-43,41,-45,39,-43,36,-45,0,0,34,-47,32,-47,32,-49,30,-49,30,-51,30,-53,30,-53,28,-55,24,-57,22,-53,20,-55,20,-55,16,-53,14,-53,10,-51,10,-51,6,-51,4,-53,2,-55,2,-57,0,-61,0,-65,-2,-67,-2,-71,0,-71,2,-73,4,-69,6,-63]"
CSI_DATA,56946,d8:b1:90:d9:de:f0,-46,11,-99,-32,47,116,838118779,100,0,114,0,"[-30,43,-36,45,-45,45,-47,45,-47,43,-45,41,-45,39,-43,34,-41,34,-39,34,-39,32,-36,32,-34,32,-34,34,-34,36,-36,39,-36,41,-36,43,-36,45,-39,47,-36,47,-36,49,-36,49,-34,49,-32,47,-34,45,-32,47,-32,49,0,0,-32,49,-30,49,-32,51,-32,51,-32,53,-32,55,-32,57,-30,55,-30,55,-26,55,-24,55,-24,53,-22,53,-20,51,-18,49,-16,51,-14,49,-14,51,-12,53,-12,57,-12,59,-14,65,-14,67,-16,69,-18,71,-20,69,-24,63,-26,59]"
CSI_DATA,56947,d8:b1:90:d9:de:f0,-46,11,-99,-33,47,116,838138710,100,0,114,0,"[6,-54,10,-59,16,-61,23,-63,25,-63,27,-59,29,-54,27,-52,29,-50,27,-46,27,-44,27,-44,27,-44,25,-44,27,-46,27,-48,27,-50,29,-50,31,-54,31,-54,29,-54,31,-54,31,-52,31,-52,31,-50,33,-48,31,-48,33,-46,0,0,33,-48,33,-48,35,-48,35,-46,35,-50,38,-52,38,-48,40,-48,38,-48,35,-48,38,-46,35,-46,33,-44,33,-42,31,-42,31,-42,29,-40,29,-42,31,-46,35,-46,38,-50,42,-52,44,-54,50,-54,50,-54,54,-50,57,-44,54,-35]"
CSI_DATA,56948,d8:b1:90:d9:de:f0,-46,11,-99,-33,47,116,838148806,100,0,114,0,"[44,-33,50,-33,54,-31,57,-31,61,-31,57,-31,54,-29,52,-27,48,-29,46,-27,44,-27,44,-31,42,-31,40,-33,40,-35,38,-40,38,-42,40,-44,38,-46,38,-50,38,-48,35,-52,31,-52,31,-54,29,-52,27,-52,25,-52,23,-52,0,0,23,-54,21,-57,19,-57,16,-59,16,-59,14,-61,12,-61,12,-61,10,-61,6,-61,4,-61,2,-57,0,-54,-2,-52,-4,-52,-6,-50,-8,-50,-12,-50,-12,-50,-16,-57,-19,-59,-21,-63,-23,-67,-25,-69,-25,-69,-23,-69,-19,-71,-14,-63]"
CSI_DATA,56949,d8:b1:90:d9:de:f0,-46,11,-99,-32,47,116,838169047,100,0,114,0,"[-51,18,-57,16,-63,14,-67,10,-65,10,-65,6,-61,2,-61,2,-55,2,-53,2,-51,4,-49,2,-51,4,-51,4,-51,6,-53,6,-55,8,-55,8,-61,10,-59,10,-61,10,-61,10,-59,10,-59,10,-57,8,-59,10,-57,8,-57,10,0,0,-53,10,-53,10,-57,10,-55,10,-61,10,-61,10,-61,10,-59,10,-59,10,-57,12,-57,12,-55,12,-51,12,-53,12,-49,14,-51,14,-45,14,-49,16,-51,16,-55,16,-57,18,-61,20,-63,20,-69,20,-69,18,-71,14,-67,8,-63,4]"
CSI_DATA,56950,d8:b1:90:d9:de:f0,-46,11,-99,-32,47,116,838188782,100,0,114,0,"[-53,-16,-55,-26,-55,-30,-55,-34,-51,-36,-49,-39,-47,-41,-41,-39,-41,-36,-39,-36,-34,-34,-34,-36,-32,-34,-34,-36,-36,-39,-36,-39,-36,-39,-39,-41,-41,-43,-41,-45,-39,-45,-43,-45,-41,-45,-39,-47,-39,-47,-34,-47,-34,-47,-32,-45,0,0,-32,-47,-32,-47,-30,-49,-32,-51,-30,-51,-32,-53,-32,-53,-32,-55,-30,-55,-28,-55,-28,-53,-24,-53,-22,-51,-22,-47,-22,-47,-24,-47,-22,-47,-22,-47,-26,-49,-26,-51,-26,-53,-26,-61,-26,-63,-22,-67,-20,-71,-14,-69,-12,-69,-4,-63]"
CSI_DATA,56951,d8:b1:90:d9:de:f0,-46,11,-99,-36,48,116,838198779,100,0,114,0,"[4,-53,8,-57,12,-57,12,-57,14,-61,14,-57,14,-59,12,-53,10,-53,10,-51,8,-49,8,-51,6,-49,4,-51,2,-51,0,-55,-2,-53,-2,-57,-4,-57,-8,-61,-10,-55,-12,-59,-12,-57,-14,-57,-14,-57,-14,-55,-16,-55,-16,-53,0,0,-20,-51,-22,-53,-22,-53,-26,-55,-26,-53,-30,-55,-30,-55,-32,-55,-34,-53,-36,-53,-34,-49,-34,-47,-34,-43,-34,-39,-36,-39,-36,-34,-41,-34,-41,-30,-45,-32,-47,-34,-51,-34,-55,-36,-59,-39,-59,-41,-59,-41,-57,-41,-55,-43,-47,-41]"
CSI_DATA,56952,d8:b1:90:d9:de:f0,-46,11,-99,-33,47,116,838219003,100,0,114,0,"[-52,-12,-54,-16,-59,-21,-59,-25,-57,-29,-54,-29,-52,-31,-48,-29,-46,-27,-46,-27,-44,-27,-44,-27,-42,-25,-44,-25,-46,-25,-48,-27,-48,-27,-50,-29,-52,-29,-57,-31,-52,-27,-52,-29,-54,-29,-57,-31,-54,-29,-50,-27,-52,-27,-50,-27,0,0,-54,-29,-52,-31,-52,-31,-57,-31,-54,-33,-54,-33,-57,-33,-59,-35,-57,-33,-57,-31,-54,-29,-52,-29,-52,-27,-50,-27,-50,-27,-48,-25,-50,-23,-48,-23,-52,-23,-54,-27,-59,-27,-63,-29,-65,-31,-65,-35,-67,-40,-65,-42,-59,-44,-50,-42]"
CSI_DATA,56953,d8:b1:90:d9:de:f0,-46,11,-99,-35,48,116,838238993,100,0,114,0,"[-33,-37,-35,-43,-35,-45,-35,-49,-35,-49,-35,-49,-31,-49,-31,-45,-33,-41,-29,-39,-31,-35,-31,-35,-31,-35,-33,-33,-37,-31,-39,-33,-41,-31,-43,-31,-47,-31,-49,-29,-49,-27,-51,-27,-51,-25,-53,-21,-51,-23,-51,-23,-51,-19,-51,-17,0,0,-53,-15,-53,-11,-55,-13,-59,-11,-61,-9,-59,-9,-61,-7,-61,-5,-61,-1,-59,-1,-59,-1,-57,1,-55,3,-53,5,-49,7,-51,9,-49,11,-49,15,-51,19,-53,19,-55,23,-57,25,-61,25,-65,25,-65,27,-67,25,-63,23,-59,17]"
CSI_DATA,56954,d8:b1:90:d9:de:f0,-46,11,-99,-36,48,116,838258826,100,0,114,0,"[-2,53,-8,57,-12,61,-14,61,-16,61,-16,59,-16,57,-18,53,-16,51,-16,49,-14,47,-14,47,-14,47,-12,47,-12,51,-10,51,-10,53,-10,55,-8,57,-8,59,-6,59,-8,61,-8,61,-6,61,-6,59,-6,59,-4,59,-6,59,0,0,-4,57,-2,59,-2,59,-2,61,0,63,0,65,-2,65,-2,65,0,65,2,63,4,61,4,59,4,57,6,55,6,53,8,51,10,49,10,51,14,53,14,57,16,59,16,65,16,67,16,69,16,71,12,71,8,67,4,65]"
CSI_DATA,56955,d8:b1:90:d9:de:f0,-47,11,-99,-34,48,116,838269859,100,0,114,0,"[-25,42,-31,46,-36,46,-36,48,-38,48,-38,44,-36,44,-34,42,-31,42,-31,40,-27,38,-25,42,-23,38,-23,40,-21,44,-21,46,-17,46,-19,48,-19,52,-15,54,-15,54,-13,58,-11,58,-9,56,-7,56,-7,54,-5,56,-5,56,0,0,0,54,0,56,0,56,1,58,3,60,5,62,7,62,9,62,11,60,13,60,13,56,17,54,17,50,19,48,19,46,21,46,23,44,25,44,29,44,32,46,36,48,38,50,42,54,42,54,42,56,38,56,34,56,31,54]"
CSI_DATA,56956,d8:b1:90:d9:de:f0,-47,11,-99,-34,48,116,838289038,100,0,114,0,"[-21,-46,-21,-50,-19,-56,-19,-58,-17,-60,-17,-60,-13,-56,-15,-52,-13,-48,-13,-48,-15,-46,-17,-44,-19,-42,-19,-42,-23,-42,-25,-46,-27,-44,-29,-44,-31,-48,-32,-44,-34,-46,-34,-46,-36,-46,-36,-44,-34,-42,-38,-40,-38,-40,-38,-38,0,0,-40,-36,-40,-36,-44,-36,-44,-36,-46,-36,-46,-36,-48,-34,-50,-36,-50,-32,-50,-29,-50,-25,-48,-23,-50,-21,-48,-19,-46,-17,-48,-15,-46,-13,-50,-11,-50,-9,-54,-9,-60,-9,-62,-9,-63,-7,-65,-5,-69,-9,-69,-11,-62,-13,-62,-15]"
CSI_DATA,56957,d8:b1:90:d9:de:f0,-46,11,-99,-32,47,116,838308859,100,0,114,0,"[-22,-49,-20,-55,-16,-59,-16,-61,-12,-63,-10,-59,-10,-61,-6,-57,-10,-51,-8,-51,-8,-49,-8,-49,-8,-49,-10,-49,-12,-51,-12,-51,-14,-53,-14,-57,-16,-57,-16,-59,-16,-59,-20,-59,-20,-59,-18,-59,-18,-57,-18,-57,-18,-55,-18,-53,0,0,-18,-53,-18,-55,-20,-55,-20,-55,-20,-57,-20,-57,-24,-57,-22,-59,-22,-57,-24,-57,-22,-55,-22,-53,-22,-49,-24,-47,-22,-47,-24,-45,-24,-43,-26,-45,-28,-45,-32,-49,-34,-51,-34,-55,-36,-59,-34,-61,-34,-63,-32,-63,-26,-65,-20,-59]"
CSI_DATA,56958,d8:b1:90:d9:de:f0,-46,11,-99,-32,47,116,838319014,100,0,114,0,"[47,30,47,36,47,39,45,43,45,49,41,49,39,49,34,47,32,43,30,43,28,41,28,43,28,41,30,43,30,43,30,43,30,45,34,49,34,51,34,51,34,51,34,51,34,51,34,51,30,51,30,51,28,49,28,49,0,0,28,47,28,51,28,51,28,53,28,55,28,55,28,55,28,59,26,57,26,57,26,55,24,53,22,49,24,45,24,47,24,45,24,45,24,47,26,47,26,51,28,53,28,57,28,61,28,67,26,69,22,69,16,71,12,63]"
CSI_DATA,56959,d8:b1:90:d9:de:f0,-47,11,-99,-34,48,116,838338757,100,0,114,0,"[-15,-50,-13,-54,-11,-56,-11,-58,-9,-60,-7,-60,-7,-56,-9,-56,-9,-50,-9,-48,-11,-44,-11,-46,-13,-46,-15,-46,-17,-46,-21,-46,-23,-48,-23,-46,-27,-52,-29,-50,-31,-50,-32,-50,-32,-46,-32,-44,-34,-44,-34,-46,-34,-44,-34,-40,0,0,-38,-38,-38,-36,-40,-38,-42,-38,-46,-40,-46,-38,-48,-36,-48,-36,-48,-32,-48,-31,-48,-31,-46,-27,-42,-23,-44,-19,-42,-17,-46,-17,-46,-15,-48,-13,-50,-11,-52,-11,-58,-9,-60,-9,-63,-9,-67,-11,-67,-11,-65,-13,-63,-15,-58,-17]"
CSI_DATA,56960,d8:b1:90:d9:de:f0,-46,11,-99,-35,48,116,838349244,100,0,114,0,"[-51,1,-57,-1,-59,-3,-61,-7,-61,-11,-57,-11,-55,-13,-53,-13,-49,-11,-49,-11,-45,-11,-47,-11,-47,-9,-47,-9,-47,-9,-51,-7,-51,-7,-55,-7,-57,-7,-57,-5,-57,-7,-59,-7,-57,-5,-57,-5,-57,-7,-57,-5,-55,-5,-53,-5,0,0,-55,-3,-57,-5,-57,-5,-59,-3,-61,-5,-61,-7,-61,-5,-61,-5,-59,-3,-59,-3,-59,-3,-55,-1,-51,0,-49,0,-51,0,-51,0,-49,1,-51,3,-53,3,-55,3,-59,5,-61,5,-65,5,-71,3,-71,3,-69,-1,-69,-5,-63,-7]"
CSI_DATA,56961,d8:b1:90:d9:de:f0,-46,11,-99,-35,48,116,838368630,100,0,114,0,"[45,-25,53,-23,57,-23,61,-19,59,-17,61,-15,59,-11,57,-9,53,-7,51,-5,49,-5,47,-7,47,-7,49,-7,51,-7,53,-9,53,-9,53,-9,57,-9,57,-11,59,-11,61,-9,59,-9,59,-9,57,-7,57,-9,57,-7,55,-7,0,0,55,-7,53,-5,57,-7,57,-7,61,-5,61,-5,61,-3,61,-3,59,-5,57,-5,57,-5,55,-5,51,-5,51,-5,47,-7,49,-7,47,-7,49,-9,51,-9,53,-7,55,-9,61,-7,61,-7,67,-7,67,-3,69,0,63,1,59,7]"
CSI_DATA,56962,d8:b1:90:d9:de:f0,-47,11,-99,-35,48,116,838379719,100,0,114,0,"[1,49,-1,53,-3,53,-7,57,-7,63,-7,59,-9,59,-11,55,-7,49,-9,47,-5,45,-7,47,-5,47,-3,45,-3,49,-1,49,-1,51,0,55,1,55,0,57,0,59,1,59,1,59,5,57,3,57,3,57,5,55,3,55,0,0,5,53,9,55,7,55,9,57,9,57,9,59,11,59,11,61,13,57,13,57,15,55,15,53,15,49,15,47,17,47,19,45,19,45,21,45,23,47,25,49,27,51,29,53,31,57,33,61,31,59,27,59,25,61,21,57]"
CSI_DATA,56963,d8:b1:90:d9:de:f0,-47,11,-99,-34,48,116,838398660,100,0,114,0,"[-25,-48,-25,-52,-23,-56,-23,-58,-21,-60,-19,-60,-17,-58,-17,-54,-17,-50,-15,-48,-17,-46,-17,-48,-17,-46,-17,-46,-19,-46,-21,-48,-25,-48,-27,-50,-27,-52,-31,-52,-31,-52,-32,-52,-32,-50,-32,-48,-31,-48,-31,-48,-31,-46,-31,-44,0,0,-32,-40,-32,-42,-34,-44,-32,-44,-36,-46,-38,-44,-40,-44,-40,-44,-40,-42,-40,-42,-38,-40,-40,-38,-38,-34,-38,-32,-38,-31,-38,-31,-38,-27,-40,-27,-44,-27,-46,-27,-50,-27,-52,-29,-54,-31,-58,-34,-58,-34,-56,-36,-52,-38,-46,-38]"
CSI_DATA,56964,d8:b1:90:d9:de:f0,-47,11,-99,-33,48,116,838408732,100,0,114,0,"[16,48,15,54,11,58,9,62,5,62,3,62,1,58,0,56,0,50,0,50,1,47,0,47,0,47,1,47,3,48,3,50,5,52,3,54,5,58,5,58,5,58,7,58,5,56,7,56,5,54,3,52,5,52,5,52,0,0,5,52,5,52,5,56,5,52,5,56,5,58,7,56,5,58,7,56,7,54,7,54,7,52,7,50,7,48,9,47,9,48,11,45,11,47,13,48,13,50,15,54,16,56,16,60,15,64,13,65,9,65,5,62,1,58]"
CSI_DATA,56965,d8:b1:90:d9:de:f0,-46,11,-99,-35,48,116,838418829,100,0,114,0,"[19,49,17,55,13,59,9,61,5,63,1,61,0,59,-1,57,-1,53,-3,51,-3,49,-1,49,-3,49,-3,47,-1,51,-1,53,-3,53,-3,57,-3,57,-5,59,-5,59,-5,61,-7,59,-5,59,-7,57,-7,57,-7,55,-9,57,0,0,-11,53,-11,55,-13,55,-13,57,-13,59,-15,61,-15,61,-15,59,-15,57,-15,55,-15,55,-13,53,-13,51,-13,49,-13,49,-13,45,-13,45,-11,47,-11,49,-13,53,-13,55,-17,59,-17,61,-23,67,-23,65,-29,63,-33,57,-33,49]"
CSI_DATA,56966,d8:b1:90:d9:de:f0,-47,11,-99,-34,48,116,838438804,100,0,114,0,"[-25,44,-31,48,-36,48,-40,48,-38,48,-38,46,-38,40,-36,40,-32,38,-34,36,-31,36,-29,36,-29,38,-27,38,-27,44,-25,44,-25,46,-25,50,-25,52,-25,52,-25,54,-23,56,-25,54,-21,54,-21,52,-19,54,-17,52,-17,52,0,0,-15,54,-11,54,-11,54,-13,56,-11,60,-11,60,-9,62,-11,60,-7,60,-5,58,-3,58,-1,54,-1,52,1,52,3,48,5,50,5,48,9,50,9,50,11,54,11,58,13,60,15,63,15,63,15,65,11,65,9,63,7,60]"
CSI_DATA,56967,d8:b1:90:d9:de:f0,-47,11,-99,-34,48,116,838448836,100,0,114,0,"[-42,-31,-44,-36,-44,-40,-42,-44,-40,-46,-38,-46,-34,-46,-31,-42,-31,-40,-29,-42,-29,-38,-29,-38,-29,-34,-32,-36,-32,-36,-36,-36,-34,-36,-36,-38,-40,-38,-40,-40,-40,-40,-40,-40,-40,-40,-42,-38,-40,-38,-40,-36,-40,-34,-38,-34,0,0,-38,-34,-40,-32,-40,-34,-44,-38,-44,-36,-44,-38,-46,-36,-44,-38,-44,-34,-44,-34,-44,-31,-44,-31,-42,-29,-40,-27,-40,-25,-40,-23,-42,-23,-42,-21,-44,-23,-48,-25,-50,-25,-54,-25,-56,-27,-58,-27,-60,-31,-54,-34,-52,-34,-48,-34]"
CSI_DATA,56968,d8:b1:90:d9:de:f0,-47,11,-99,-34,48,116,838468653,100,0,114,0,"[-36,36,-42,38,-48,36,-52,34,-54,32,-52,29,-54,25,-52,21,-48,21,-48,17,-44,17,-46,17,-44,17,-44,17,-46,17,-48,19,-48,19,-52,21,-52,21,-54,21,-52,19,-54,19,-54,17,-54,17,-52,15,-52,15,-50,13,-52,13,0,0,-50,11,-52,13,-52,13,-56,11,-54,11,-56,11,-58,11,-58,7,-58,9,-56,7,-54,9,-54,7,-50,7,-50,7,-48,9,-46,9,-48,7,-46,9,-48,9,-52,7,-54,7,-60,7,-63,7,-65,5,-67,1,-65,-1,-65,-5,-58,-9]"
CSI_DATA,56969,d8:b1:90:d9:de:f0,-46,11,-99,-35,48,116,838479098,100,0,114,0,"[49,-15,55,-15,59,-13,61,-9,63,-9,59,-9,59,-5,55,-7,53,-7,51,-5,47,-7,49,-9,47,-11,47,-13,49,-15,49,-17,49,-19,53,-21,53,-23,55,-25,53,-25,53,-27,53,-27,51,-27,51,-29,49,-29,47,-29,47,-29,0,0,45,-31,45,-33,45,-33,47,-35,45,-37,45,-37,45,-39,45,-41,43,-39,41,-43,37,-43,37,-43,33,-41,31,-41,31,-43,27,-41,27,-43,25,-45,25,-47,27,-49,27,-55,27,-55,29,-61,29,-63,31,-61,33,-57,37,-57,33,-51]"
CSI_DATA,56970,d8:b1:90:d9:de:f0,-46,11,-99,-36,48,116,838498957,100,0,114,0,"[10,49,6,55,0,59,0,59,-2,61,-4,61,-6,55,-8,55,-6,51,-8,51,-6,47,-6,49,-6,47,-4,49,-4,49,-4,51,-2,53,-2,55,-2,57,-2,59,-2,59,0,59,-2,61,0,59,-2,59,-2,57,-2,57,-2,55,0,0,-2,57,-2,57,-2,59,-2,59,-2,61,-2,61,0,61,-2,63,0,61,0,61,0,59,0,59,2,55,2,55,2,53,4,53,4,51,4,53,6,55,6,59,6,63,6,63,6,69,4,71,0,71,-4,69,-8,67,-10,63]"
CSI_DATA,56971,d8:b1:90:d9:de:f0,-47,11,-99,-34,48,116,838518646,100,0,114,0,"[-34,36,-40,38,-44,38,-48,32,-52,32,-50,29,-52,23,-48,21,-46,21,-46,17,-44,17,-44,17,-44,17,-44,17,-44,17,-46,19,-46,17,-52,19,-52,19,-56,19,-52,17,-52,17,-52,15,-52,17,-52,15,-52,13,-52,11,-50,11,0,0,-48,9,-52,11,-52,9,-56,9,-56,7,-58,7,-58,5,-60,5,-58,5,-58,5,-56,5,-54,3,-52,3,-48,3,-50,3,-48,3,-50,3,-50,3,-52,3,-54,1,-58,3,-62,1,-67,0,-69,-3,-69,-7,-65,-11,-67,-17,-58,-19]"
CSI_DATA,56972,d8:b1:90:d9:de:f0,-47,11,-99,-33,48,116,838528650,100,0,114,0,"[45,20,48,26,50,30,50,32,50,32,48,30,47,32,43,30,43,26,41,26,41,22,43,22,43,20,43,18,47,16,48,18,48,15,52,15,52,13,56,11,52,11,54,9,54,7,56,5,54,5,54,3,52,1,52,0,0,0,52,-1,54,-1,52,-3,56,-5,56,-5,58,-9,58,-11,58,-11,56,-13,56,-15,52,-18,50,-16,48,-18,45,-18,45,-20,43,-22,43,-26,41,-26,43,-30,45,-32,47,-35,50,-37,52,-41,52,-45,56,-41,54,-39,56,-37,52,-32]"
CSI_DATA,56973,d8:b1:90:d9:de:f0,-46,11,-99,-35,48,116,838538854,100,0,114,0,"[5,49,3,55,0,59,-1,63,-3,63,-3,61,-7,57,-7,55,-5,49,-7,49,-5,47,-5,47,-3,47,-1,49,-1,49,0,51,0,55,1,55,1,57,1,59,1,57,3,57,3,57,7,59,3,55,7,55,5,55,5,55,0,0,7,55,9,53,9,57,9,57,9,59,9,59,13,61,11,63,13,61,13,57,15,57,15,55,15,53,17,51,17,47,17,49,17,45,19,47,21,47,23,51,25,53,27,59,29,59,29,63,27,65,25,67,19,63,15,61]"
CSI_DATA,56974,d8:b1:90:d9:de:f0,-46,11,-99,-34,48,116,838558937,100,0,114,0,"[-44,-29,-46,-36,-44,-40,-42,-48,-38,-50,-36,-50,-32,-50,-31,-50,-25,-46,-23,-44,-23,-44,-21,-42,-23,-42,-23,-44,-25,-46,-25,-46,-23,-50,-23,-50,-25,-52,-25,-52,-25,-54,-23,-54,-21,-54,-21,-54,-19,-50,-19,-52,-19,-50,-17,-52,0,0,-13,-50,-13,-52,-13,-54,-13,-52,-11,-56,-11,-58,-11,-56,-11,-58,-9,-58,-9,-56,-11,-54,-9,-54,-9,-52,-7,-50,-7,-48,-7,-48,-7,-46,-7,-48,-7,-50,-7,-54,-7,-56,-7,-62,-5,-63,-5,-67,-1,-67,3,-69,9,-63,11,-60]"
CSI_DATA,56975,d8:b1:90:d9:de:f0,-47,11,-99,-34,48,116,838578802,100,0,114,0,"[-46,21,-52,21,-58,19,-60,17,-60,15,-60,13,-56,11,-56,13,-50,13,-50,11,-48,13,-46,13,-46,13,-46,17,-46,17,-46,21,-48,23,-50,23,-52,25,-50,27,-48,29,-50,29,-48,31,-48,31,-46,31,-46,31,-46,32,-44,32,0,0,-42,32,-42,32,-44,34,-42,34,-42,38,-42,40,-42,40,-42,44,-40,42,-38,42,-36,42,-34,42,-31,40,-29,42,-27,40,-27,42,-25,42,-21,44,-21,46,-23,50,-23,54,-25,58,-25,60,-27,62,-29,62,-31,60,-32,56,-32,50]"
CSI_DATA,56976,d8:b1:90:d9:de:f0,-47,11,-99,-33,48,116,838598872,100,0,114,0,"[35,-35,43,-37,48,-37,52,-33,56,-32,54,-30,52,-26,52,-22,47,-18,47,-18,45,-18,45,-16,45,-20,45,-18,45,-20,47,-22,48,-20,50,-20,52,-22,52,-24,52,-20,54,-20,54,-20,52,-20,50,-20,48,-20,48,-20,47,-18,0,0,48,-18,48,-15,48,-16,50,-16,52,-16,54,-16,54,-16,54,-15,52,-15,52,-15,48,-16,50,-16,47,-18,45,-16,45,-16,45,-16,43,-16,43,-16,47,-18,50,-18,52,-20,56,-20,60,-20,62,-20,64,-18,64,-15,64,-9,58,-5]"
CSI_DATA,56977,d8:b1:90:d9:de:f0,-46,11,-99,-35,48,116,838618638,100,0,114,0,"[-53,1,-59,-3,-59,-9,-61,-13,-61,-19,-57,-21,-55,-25,-51,-25,-49,-23,-45,-25,-43,-23,-43,-25,-41,-25,-41,-25,-43,-27,-45,-27,-45,-29,-43,-31,-45,-33,-47,-33,-47,-35,-47,-37,-47,-37,-45,-37,-41,-37,-41,-39,-39,-37,-37,-39,0,0,-35,-39,-33,-41,-33,-43,-33,-43,-35,-47,-35,-47,-35,-49,-33,-51,-31,-49,-29,-49,-27,-49,-27,-47,-25,-45,-23,-43,-21,-43,-23,-43,-21,-43,-23,-43,-23,-45,-25,-51,-25,-53,-23,-57,-23,-59,-19,-65,-15,-67,-11,-67,-5,-65,0,-59]"
CSI_DATA,56978,d8:b1:90:d9:de:f0,-47,11,-99,-33,48,116,838628904,100,0,114,0,"[-48,-16,-52,-20,-54,-24,-56,-26,-54,-30,-52,-30,-50,-30,-48,-32,-45,-26,-45,-26,-43,-22,-43,-24,-43,-22,-43,-20,-43,-20,-45,-20,-47,-18,-48,-20,-52,-18,-52,-16,-52,-18,-54,-16,-54,-16,-54,-15,-52,-15,-52,-15,-50,-15,-50,-11,0,0,-48,-9,-48,-11,-50,-11,-52,-9,-54,-11,-56,-9,-58,-7,-58,-7,-56,-7,-56,-5,-54,-3,-52,-5,-50,-1,-48,0,-48,0,-47,1,-47,3,-48,3,-50,5,-52,7,-56,9,-58,9,-62,9,-65,7,-65,3,-65,3,-64,0,-60,-3]"
CSI_DATA,56979,d8:b1:90:d9:de:f0,-47,11,-99,-34,48,116,838649346,100,0,114,0,"[42,-32,48,-34,54,-32,56,-29,62,-25,58,-21,60,-17,54,-15,52,-11,50,-9,46,-9,48,-7,48,-9,48,-7,50,-7,52,-9,52,-7,56,-7,56,-7,58,-7,58,-3,60,-3,58,-1,58,-3,56,-1,54,0,52,0,52,1,0,0,54,1,56,5,54,5,56,7,56,9,58,9,58,11,58,11,56,11,56,13,54,11,56,13,52,13,50,11,50,13,44,11,46,11,46,13,48,13,52,17,54,17,58,21,60,23,62,29,62,31,58,34,54,38,46,38]"
CSI_DATA,56980,d8:b1:90:d9:de:f0,-50,9,-99,-35,51,116,838666294,98,0,106,0,"[-8,21,-1,0,-67,21,8,1,-129,21,2,1,177,21,-22,0,142,21,-42,0,114,21,-72,0,103,21,-77,0,124,21,-96,0,-162,21,-175,0,-62,21,60,0,38,0,-103,21,96,0,88,21,94,0,-26,19,0,0,0,0,-29,21,-66,19,-72,21,26,21,-63,21,-158,21,11,0,63,0,156,0,-114,0,-64,0,-26,0,22,1,-28,0,57,1,-88,0,40,1,-163,0,-11,0,118,0,-139,0,40,0,24,0,5,0,-163,21]"
CSI_DATA,56981,d8:b1:90:d9:de:f0,-46,11,-99,-36,48,116,838678632,100,0,114,0,"[8,-53,14,-59,18,-61,20,-61,24,-63,24,-59,24,-57,22,-55,22,-53,20,-51,18,-49,18,-49,16,-47,14,-47,12,-51,12,-53,10,-53,10,-55,10,-57,8,-59,6,-59,6,-59,4,-61,6,-59,4,-57,2,-57,2,-57,2,-57,0,0,0,-57,0,-57,0,-57,-2,-59,-4,-57,-6,-61,-6,-61,-6,-63,-6,-61,-8,-61,-10,-59,-10,-55,-10,-55,-12,-51,-12,-49,-14,-49,-16,-49,-18,-49,-22,-51,-22,-53,-24,-55,-24,-59,-26,-61,-26,-65,-26,-67,-24,-67,-18,-65,-14,-59]"
CSI_DATA,56982,d8:b1:90:d9:de:f0,-46,11,-99,-32,47,116,838688655,100,0,114,0,"[-24,51,-30,53,-36,55,-41,53,-43,57,-43,53,-45,49,-43,45,-39,43,-39,39,-36,39,-39,39,-34,36,-32,39,-32,41,-34,43,-32,43,-34,47,-34,49,-36,51,-34,47,-36,49,-36,49,-34,51,-34,49,-32,47,-32,47,-32,45,0,0,-32,45,-30,49,-30,47,-32,51,-32,49,-32,51,-32,51,-34,51,-32,51,-34,51,-30,51,-28,47,-26,45,-24,45,-22,45,-22,47,-22,47,-20,47,-22,49,-22,51,-24,55,-26,57,-28,61,-30,63,-32,63,-34,59,-36,57,-34,49]"
CSI_DATA,56983,d8:b1:90:d9:de:f0,-46,11,-99,-35,48,116,838698797,100,0,114,0,"[13,-51,21,-53,27,-57,33,-55,35,-53,37,-51,39,-47,37,-43,35,-39,35,-37,35,-37,33,-35,33,-35,33,-35,33,-37,35,-37,35,-39,37,-41,39,-41,41,-43,39,-41,41,-41,41,-39,41,-41,41,-39,39,-37,39,-37,39,-35,0,0,41,-35,41,-35,43,-35,45,-35,45,-35,47,-35,47,-35,47,-35,49,-33,47,-35,45,-35,43,-31,41,-31,41,-29,39,-29,39,-29,37,-29,37,-29,41,-31,45,-31,47,-33,51,-35,53,-37,55,-35,59,-33,61,-29,61,-25,57,-17]"
CSI_DATA,56984,d8:b1:90:d9:de:f0,-47,11,-99,-35,48,116,838718776,100,0,114,0,"[0,55,-5,59,-7,63,-9,65,-11,67,-11,63,-13,61,-13,57,-7,51,-9,51,-5,47,-7,49,-5,49,-5,47,-1,51,-1,51,0,53,1,55,3,57,3,57,3,57,7,57,7,57,9,57,7,55,9,53,9,53,11,51,0,0,13,53,13,53,15,53,17,53,19,55,19,55,23,55,21,55,23,53,23,53,23,49,25,51,25,45,27,45,29,41,29,39,29,39,31,39,33,37,39,41,41,43,43,45,47,47,47,49,47,51,45,53,41,53,37,51]"
CSI_DATA,56985,d8:b1:90:d9:de:f0,-46,11,-99,-32,47,116,838728929,100,0,114,0,"[-39,39,-47,39,-53,39,-55,36,-57,34,-57,32,-55,28,-55,26,-47,24,-47,24,-45,22,-45,24,-43,22,-43,24,-45,26,-45,28,-47,30,-49,30,-49,32,-51,34,-49,34,-49,34,-49,34,-49,36,-49,34,-45,32,-45,34,-45,34,0,0,-45,36,-47,34,-47,36,-47,36,-47,36,-47,39,-49,41,-49,41,-47,41,-47,41,-43,41,-43,41,-41,39,-39,41,-36,36,-36,39,-32,39,-32,39,-34,43,-36,45,-41,49,-43,51,-45,55,-47,53,-51,53,-51,51,-53,45,-51,41]"
CSI_DATA,56986,d8:b1:90:d9:de:f0,-46,11,-99,-33,47,116,838748753,100,0,114,0,"[-57,2,-61,-2,-63,-6,-65,-12,-65,-16,-63,-19,-59,-21,-57,-21,-52,-19,-50,-21,-46,-19,-46,-21,-46,-21,-46,-21,-48,-21,-48,-21,-50,-21,-52,-23,-57,-25,-57,-23,-57,-27,-57,-27,-54,-27,-54,-27,-52,-27,-52,-29,-50,-29,-48,-27,0,0,-50,-27,-48,-31,-52,-33,-52,-33,-52,-35,-54,-38,-52,-38,-52,-38,-48,-35,-50,-35,-48,-35,-48,-38,-46,-33,-44,-31,-44,-33,-42,-31,-42,-29,-44,-31,-46,-31,-48,-35,-52,-38,-52,-40,-54,-44,-54,-50,-52,-52,-50,-54,-44,-59,-38,-57]"
CSI_DATA,56987,d8:b1:90:d9:de:f0,-47,11,-99,-34,48,116,838758891,100,0,114,0,"[50,-3,56,-1,60,0,62,1,62,3,62,3,58,5,56,5,52,1,50,1,48,0,46,0,48,-1,48,-3,48,-5,50,-9,50,-9,52,-9,54,-15,54,-15,56,-17,56,-19,54,-19,54,-23,52,-21,50,-21,50,-23,48,-25,0,0,48,-27,46,-29,48,-31,46,-31,48,-32,50,-36,46,-36,48,-40,44,-40,44,-40,40,-40,38,-40,34,-40,32,-38,31,-38,29,-42,25,-40,25,-44,23,-46,23,-48,23,-54,23,-58,25,-60,29,-65,31,-65,31,-65,31,-62,32,-56]"
CSI_DATA,56988,d8:b1:90:d9:de:f0,-46,11,-99,-32,47,116,838778761,100,0,114,0,"[51,-14,57,-14,63,-12,65,-10,61,-4,61,-4,57,-2,57,-2,53,-2,49,-2,49,0,47,-2,47,-4,49,-4,51,-4,53,-8,55,-8,55,-8,59,-10,59,-10,59,-10,61,-10,59,-10,61,-8,57,-10,55,-10,57,-12,57,-10,0,0,57,-14,55,-12,59,-12,57,-12,59,-14,61,-14,63,-12,63,-14,65,-14,59,-16,59,-18,59,-18,55,-18,55,-20,51,-18,51,-18,49,-20,49,-22,51,-24,55,-24,55,-26,63,-30,63,-30,69,-32,71,-30,73,-26,69,-20,65,-16]"
CSI_DATA,56989,d8:b1:90:d9:de:f0,-46,11,-99,-35,48,116,838798960,100,0,114,0,"[43,29,43,37,41,43,39,47,39,51,33,49,29,51,27,47,25,45,23,45,21,43,21,43,17,41,19,41,19,43,17,45,19,47,19,49,19,53,17,53,19,53,19,55,17,55,15,55,15,55,11,53,11,55,9,55,0,0,7,53,5,55,5,55,3,57,5,59,3,61,3,61,1,63,0,61,0,61,-1,59,-1,59,-3,55,-3,53,-3,51,-3,51,-3,49,-3,53,-3,53,-5,57,-5,59,-9,63,-11,67,-17,67,-19,69,-25,65,-29,63,-33,55]"
CSI_DATA,56990,d8:b1:90:d9:de:f0,-46,11,-99,-33,47,116,838818662,100,0,114,0,"[0,54,-6,59,-10,61,-12,63,-14,67,-16,63,-16,61,-16,57,-14,52,-14,52,-10,50,-12,48,-10,50,-8,50,-6,52,-6,57,-6,54,-4,59,-4,61,-4,61,-2,63,0,63,0,63,2,63,0,61,2,63,4,59,4,59,0,0,6,57,6,61,6,61,8,65,8,65,8,65,12,65,12,65,14,65,14,63,16,63,16,59,16,57,19,52,19,52,19,50,21,50,23,50,25,50,29,54,29,57,31,59,33,63,35,67,33,67,31,67,27,69,21,63]"
CSI_DATA,56991,d8:b1:90:d9:de:f0,-46,11,-99,-35,48,116,838828848,100,0,114,0,"[-47,19,-55,17,-61,15,-63,11,-63,9,-63,7,-59,3,-57,3,-51,3,-51,3,-49,1,-49,3,-47,3,-49,3,-49,5,-53,3,-53,5,-55,5,-57,5,-57,5,-57,7,-59,7,-59,7,-59,7,-57,5,-57,5,-57,5,-57,7,0,0,-55,5,-55,3,-57,5,-59,5,-61,5,-59,5,-61,5,-63,5,-61,5,-59,5,-59,7,-57,5,-53,5,-53,5,-51,7,-51,7,-49,9,-51,11,-51,11,-55,11,-57,13,-63,13,-67,13,-67,11,-71,7,-71,5,-67,0,-63,-3]"
CSI_DATA,56992,d8:b1:90:d9:de:f0,-46,11,-99,-34,47,116,838848663,100,0,114,0,"[54,21,56,28,56,36,54,41,56,45,47,43,47,50,41,43,39,43,34,43,34,41,34,43,30,41,30,41,32,45,32,45,32,45,36,50,34,50,34,56,34,54,36,56,32,60,32,58,30,58,26,56,26,56,23,56,0,0,21,56,21,60,19,58,19,60,21,60,19,65,17,65,17,67,15,65,15,65,10,60,13,60,10,58,10,54,10,56,8,54,8,54,10,52,13,58,8,60,10,63,8,69,6,71,4,73,-2,76,-6,71,-10,71,-13,63]"
CSI_DATA,56993,d8:b1:90:d9:de:f0,-46,11,-99,-34,47,116,838858657,100,0,114,0,"[36,43,39,50,39,54,36,56,41,58,39,56,34,58,32,54,32,45,28,47,30,41,30,43,30,39,32,41,36,41,39,41,41,43,47,43,50,43,50,43,50,43,52,41,50,41,54,36,50,39,50,36,52,34,50,32,0,0,52,32,54,30,54,28,58,28,60,28,60,28,63,26,63,28,63,21,60,23,60,19,58,17,56,15,54,13,54,8,54,6,54,4,54,2,56,2,58,0,63,0,67,-2,69,-2,71,-2,73,-2,73,2,69,2,65,4]"
CSI_DATA,56994,d8:b1:90:d9:de:f0,-50,9,-99,-36,51,116,838875005,108,0,106,0,"[-26,0,-97,21,-2,0,-2,21,-13,0,103,0,-56,0,-175,0,-106,0,-97,0,-151,0,-43,0,180,0,-17,0,138,0,-39,0,88,0,-126,0,27,0,74,0,-50,21,-123,21,-119,21,68,21,-165,21,-39,20,0,0,0,0,129,21,-58,20,149,21,33,21,-149,21,-167,21,-18,21,42,0,135,0,-135,0,-125,0,-15,0,-65,0,20,1,-45,0,13,1,-61,0,-30,0,-101,0,-100,0,-183,0,159,0,40,0,8,0,-141,21]"
CSI_DATA,56995,d8:b1:90:d9:de:f0,-46,11,-99,-34,47,116,838888579,100,0,114,0,"[15,54,10,60,4,67,2,69,-2,71,-4,67,-6,65,-8,60,-8,58,-8,56,-10,54,-10,54,-10,52,-8,54,-10,56,-10,58,-10,60,-10,63,-13,63,-13,65,-15,65,-15,67,-17,67,-17,67,-17,65,-15,60,-17,63,-19,58,0,0,-19,58,-21,58,-21,60,-21,63,-23,60,-26,63,-26,63,-26,63,-28,60,-26,60,-21,58,-23,56,-21,54,-21,52,-19,52,-19,50,-19,50,-19,50,-17,52,-21,54,-21,58,-26,60,-26,65,-30,65,-34,67,-36,63,-41,58,-39,50]"
CSI_DATA,56996,d8:b1:90:d9:de:f0,-46,11,-99,-32,47,116,838898652,100,0,114,0,"[39,-32,45,-34,51,-34,55,-34,55,-34,53,-34,53,-30,51,-30,45,-30,45,-30,41,-30,41,-32,39,-34,39,-36,36,-39,39,-41,39,-43,39,-45,39,-49,39,-49,36,-53,34,-53,32,-55,30,-55,30,-53,28,-55,26,-53,24,-53,0,0,22,-53,22,-55,20,-55,18,-57,16,-59,16,-61,12,-61,12,-63,10,-61,8,-61,6,-59,2,-57,0,-55,0,-51,-2,-49,-4,-51,-8,-49,-10,-49,-12,-51,-16,-53,-18,-57,-20,-57,-22,-61,-24,-65,-22,-65,-22,-65,-18,-63,-14,-59]"
CSI_DATA,56997,d8:b1:90:d9:de:f0,-45,11,-99,-34,47,116,838908837,100,0,114,0,"[56,-4,63,-2,67,0,67,2,71,4,69,6,67,8,63,8,58,4,58,8,56,4,56,4,56,2,56,2,58,0,60,0,60,-2,67,-2,67,-6,69,-6,67,-4,69,-6,69,-6,69,-8,67,-6,65,-6,65,-8,63,-6,0,0,60,-10,63,-13,63,-13,65,-13,63,-15,65,-15,65,-15,65,-15,63,-17,63,-19,60,-19,56,-19,54,-19,52,-21,50,-23,47,-23,47,-26,45,-28,47,-30,52,-30,54,-34,56,-36,58,-39,60,-39,63,-39,65,-36,65,-34,60,-28]"
CSI_DATA,56998,d8:b1:90:d9:de:f0,-46,11,-99,-33,47,116,838928626,100,0,114,0,"[46,33,48,42,46,46,46,50,44,54,42,57,38,54,35,52,31,48,29,48,27,46,27,46,29,46,29,48,31,48,31,50,33,52,31,52,35,57,35,54,35,57,35,57,35,57,33,57,29,54,31,52,29,52,29,52,0,0,29,50,27,50,29,52,27,52,29,54,29,54,27,54,29,57,27,54,29,54,29,52,27,52,25,48,27,46,25,44,27,44,27,40,27,42,29,44,31,46,33,48,33,52,35,57,35,59,33,63,31,63,25,63,19,59]"
CSI_DATA,56999,d8:b1:90:d9:de:f0,-46,11,-99,-35,47,116,838938814,100,0,114,0,"[0,58,-6,62,-13,67,-15,69,-22,67,-24,64,-26,60,-29,58,-29,53,-29,51,-29,49,-29,47,-26,47,-29,44,-31,47,-33,49,-35,53,-38,51,-38,53,-40,55,-42,53,-44,51,-44,51,-44,49,-42,44,-42,44,-44,42,-47,42,0,0,-47,40,-49,38,-51,40,-49,40,-53,38,-55,38,-58,38,-58,35,-55,33,-55,33,-51,33,-51,31,-49,31,-47,29,-47,26,-44,26,-44,26,-44,26,-47,26,-53,29,-55,31,-60,29,-62,31,-67,29,-69,24,-71,22,-69,13,-64,8]"
CSI_DATA,57000,d8:b1:90:d9:de:f0,-46,11,-99,-34,47,116,838948894,100,0,114,0,"[-50,30,-56,28,-63,28,-65,26,-67,23,-65,21,-65,19,-60,19,-54,19,-54,19,-52,21,-52,21,-50,21,-50,23,-50,26,-52,28,-54,30,-56,32,-56,34,-58,36,-54,36,-54,39,-54,39,-52,41,-50,39,-47,39,-47,39,-47,41,0,0,-47,43,-45,43,-45,41,-47,45,-45,47,-45,50,-45,52,-43,52,-41,52,-39,54,-36,50,-34,50,-32,50,-28,47,-26,47,-23,45,-21,47,-19,50,-17,52,-17,56,-17,60,-19,65,-19,69,-21,69,-23,71,-26,69,-28,67,-26,58]"
CSI_DATA,57001,d8:b1:90:d9:de:f0,-46,11,-99,-34,47,116,838958918,100,0,114,0,"[43,39,45,45,45,50,43,52,43,56,41,54,36,56,32,52,34,47,32,50,30,43,32,45,32,43,32,43,34,47,39,47,39,45,41,50,43,50,43,50,43,50,45,50,45,50,45,47,43,47,45,47,43,45,41,43,0,0,43,43,45,45,45,43,45,45,45,43,47,45,47,45,47,45,47,43,50,43,47,39,47,39,47,34,43,32,45,30,45,30,47,28,47,28,50,28,52,28,54,28,56,30,60,30,63,34,65,36,60,39,58,41,52,41]"
CSI_DATA,57002,d8:b1:90:d9:de:f0,-46,11,-99,-34,47,116,838968954,100,0,114,0,"[-50,32,-56,30,-63,30,-63,26,-67,23,-63,19,-65,15,-58,13,-56,15,-56,13,-54,10,-56,10,-54,10,-54,10,-56,13,-58,13,-56,13,-63,15,-63,15,-67,15,-60,13,-65,15,-65,13,-65,15,-67,13,-63,10,-63,10,-58,8,0,0,-58,10,-63,10,-60,8,-63,10,-60,10,-63,10,-65,8,-67,8,-67,8,-67,10,-60,10,-60,8,-56,10,-54,10,-54,10,-52,13,-54,10,-50,13,-54,15,-56,15,-60,15,-63,15,-67,17,-71,13,-73,10,-71,6,-71,4,-65,0]"
CSI_DATA,57003,d8:b1:90:d9:de:f0,-46,11,-99,-32,47,116,838988732,100,0,114,0,"[-18,-47,-16,-55,-12,-61,-8,-63,-4,-63,0,-63,2,-59,6,-57,8,-55,8,-53,10,-51,10,-51,10,-47,10,-49,10,-49,10,-53,12,-55,14,-57,16,-59,16,-59,18,-59,18,-59,20,-59,22,-57,22,-53,20,-53,22,-53,24,-51,0,0,26,-51,28,-49,32,-53,32,-51,34,-53,36,-53,36,-51,41,-51,39,-49,36,-47,36,-47,34,-45,34,-43,34,-43,32,-39,32,-39,30,-34,32,-39,34,-39,39,-41,41,-43,45,-43,47,-45,51,-45,53,-43,57,-41,57,-32,55,-26]"
CSI_DATA,57004,d8:b1:90:d9:de:f0,-46,11,-99,-34,47,116,839008705,100,0,114,0,"[-10,-54,-8,-60,-4,-65,0,-67,2,-65,2,-63,4,-60,4,-58,4,-56,4,-52,4,-52,2,-52,0,-52,0,-52,-2,-54,-4,-56,-4,-58,-2,-58,-6,-60,-6,-63,-8,-63,-6,-63,-6,-63,-6,-63,-8,-63,-10,-60,-10,-60,-10,-60,0,0,-10,-58,-10,-60,-13,-60,-13,-63,-15,-63,-15,-65,-13,-65,-15,-67,-15,-67,-19,-63,-21,-60,-21,-58,-21,-56,-21,-52,-19,-50,-21,-50,-23,-47,-26,-47,-26,-52,-28,-54,-30,-56,-32,-60,-34,-60,-36,-63,-34,-65,-30,-65,-26,-65,-21,-60]"
CSI_DATA,57005,d8:b1:90:d9:de:f0,-46,11,-99,-33,47,116,839018755,100,0,114,0,"[48,-25,54,-25,61,-23,63,-19,63,-16,63,-14,61,-10,59,-10,54,-8,54,-8,50,-8,50,-8,50,-8,50,-10,54,-10,57,-10,57,-10,59,-10,61,-12,63,-14,61,-14,63,-12,63,-14,63,-12,63,-12,61,-14,61,-12,61,-12,0,0,59,-10,61,-10,63,-10,63,-12,65,-12,65,-12,67,-14,67,-12,67,-10,65,-12,61,-14,61,-14,59,-12,57,-12,54,-12,52,-12,52,-14,52,-14,54,-16,57,-19,61,-19,65,-19,67,-21,71,-19,73,-16,73,-12,71,-6,65,-2]"
CSI_DATA,57006,d8:b1:90:d9:de:f0,-46,11,-99,-34,47,116,839038832,100,0,114,0,"[54,4,60,8,65,10,65,13,65,15,60,17,58,17,56,15,52,10,52,8,50,8,50,6,52,4,52,0,56,0,58,0,58,-4,60,-4,60,-6,65,-8,63,-8,63,-10,63,-15,63,-13,63,-17,60,-19,58,-19,60,-21,0,0,56,-21,58,-23,56,-26,56,-28,58,-28,58,-32,58,-34,58,-36,58,-36,54,-39,50,-41,47,-41,45,-41,43,-41,39,-41,36,-39,34,-43,32,-43,32,-47,34,-52,32,-56,36,-58,34,-63,34,-67,36,-67,39,-65,39,-60,36,-54]"
CSI_DATA,57007,d8:b1:90:d9:de:f0,-46,11,-99,-32,47,116,839058739,100,0,114,0,"[36,-34,45,-36,51,-34,53,-32,53,-30,53,-28,51,-26,51,-24,47,-24,47,-22,43,-20,43,-22,43,-22,45,-24,45,-26,45,-26,45,-28,45,-28,47,-32,49,-34,51,-34,51,-34,49,-34,49,-34,49,-32,47,-32,47,-34,47,-34,0,0,47,-34,47,-34,47,-36,49,-41,51,-39,51,-41,51,-43,51,-41,49,-41,49,-41,45,-43,45,-41,41,-39,39,-41,36,-39,36,-41,34,-41,34,-41,34,-45,36,-47,39,-49,41,-51,43,-55,45,-57,47,-53,49,-53,49,-47,47,-41]"
CSI_DATA,57008,d8:b1:90:d9:de:f0,-46,11,-99,-34,47,116,839068809,100,0,114,0,"[13,54,10,60,6,65,2,67,-2,69,-4,67,-6,65,-8,60,-6,56,-8,56,-6,52,-8,54,-8,54,-8,54,-8,56,-6,58,-6,58,-6,60,-6,63,-6,65,-10,65,-8,67,-10,65,-8,65,-10,65,-10,63,-10,60,-13,60,0,0,-13,60,-13,63,-13,65,-13,65,-15,67,-15,67,-15,67,-17,67,-15,65,-15,65,-13,63,-15,63,-13,58,-10,58,-10,56,-10,56,-10,54,-10,56,-8,58,-10,60,-13,65,-13,67,-13,71,-17,73,-19,73,-23,71,-28,69,-28,60]"
CSI_DATA,57009,d8:b1:90:d9:de:f0,-46,11,-99,-34,47,116,839089280,100,0,114,0,"[-43,-32,-45,-39,-45,-39,-45,-41,-45,-47,-43,-45,-41,-47,-39,-43,-36,-41,-36,-39,-34,-36,-36,-36,-36,-36,-39,-36,-41,-36,-43,-36,-43,-34,-47,-39,-47,-39,-52,-39,-50,-39,-56,-39,-54,-36,-54,-36,-54,-36,-54,-34,-52,-32,-50,-32,0,0,-50,-28,-50,-30,-52,-30,-54,-30,-56,-30,-58,-30,-58,-28,-60,-28,-60,-26,-60,-23,-58,-23,-58,-21,-56,-19,-54,-15,-54,-15,-52,-15,-54,-10,-54,-10,-58,-8,-60,-8,-63,-6,-67,-8,-71,-8,-73,-10,-73,-13,-71,-13,-69,-19,-63,-19]"
CSI_DATA,57010,d8:b1:90:d9:de:f0,-46,11,-99,-33,47,116,839108963,100,0,114,0,"[-52,-16,-54,-21,-57,-25,-54,-27,-57,-31,-52,-31,-50,-33,-48,-31,-46,-29,-44,-29,-42,-27,-42,-27,-42,-29,-42,-29,-44,-29,-46,-29,-48,-29,-48,-31,-50,-31,-52,-31,-52,-33,-54,-33,-54,-33,-54,-31,-52,-31,-52,-35,-50,-33,-48,-31,0,0,-50,-31,-50,-33,-50,-33,-50,-33,-52,-33,-54,-33,-54,-33,-57,-38,-54,-33,-54,-33,-54,-33,-50,-33,-50,-31,-48,-29,-48,-27,-46,-25,-46,-25,-48,-25,-52,-25,-52,-27,-57,-27,-59,-29,-61,-33,-63,-35,-61,-40,-59,-40,-57,-44,-48,-42]"
CSI_DATA,57011,d8:b1:90:d9:de:f0,-46,11,-99,-32,47,116,839129188,100,0,114,0,"[-51,4,-57,0,-61,0,-61,-2,-63,-4,-61,-4,-59,-6,-57,-8,-53,-4,-51,-4,-49,-2,-49,-2,-49,2,-51,2,-51,6,-53,8,-53,8,-55,10,-59,12,-59,16,-59,16,-61,16,-57,18,-59,20,-57,18,-55,20,-55,22,-53,22,0,0,-51,24,-51,26,-51,28,-53,32,-55,30,-55,32,-55,34,-55,34,-51,36,-51,39,-45,39,-45,39,-41,39,-39,39,-36,39,-34,39,-32,41,-32,43,-32,45,-34,49,-34,53,-34,57,-36,59,-39,63,-39,63,-39,61,-43,57,-39,49]"
CSI_DATA,57012,d8:b1:90:d9:de:f0,-46,11,-99,-36,48,116,839148627,100,0,114,0,"[49,2,55,4,59,6,59,10,59,12,57,14,53,16,51,12,51,10,49,12,47,10,49,10,45,8,47,6,49,6,51,4,53,4,55,2,59,4,59,2,57,0,59,0,59,0,59,-2,59,-2,57,-2,57,-4,57,-4,0,0,57,-4,57,-6,59,-6,61,-6,61,-8,61,-8,63,-12,65,-10,63,-12,63,-14,59,-12,57,-14,55,-16,53,-14,51,-16,51,-18,49,-18,49,-20,51,-22,53,-24,57,-28,59,-28,63,-30,65,-28,67,-30,69,-26,67,-20,61,-16]"
CSI_DATA,57013,d8:b1:90:d9:de:f0,-46,11,-99,-36,48,116,839158652,100,0,114,0,"[-6,-51,-2,-57,4,-61,6,-61,10,-63,10,-59,12,-57,12,-53,12,-49,12,-49,12,-47,10,-47,10,-45,10,-47,10,-49,10,-51,10,-53,10,-55,10,-55,10,-59,8,-57,8,-59,8,-59,8,-59,10,-57,8,-55,8,-57,8,-55,0,0,10,-55,10,-55,8,-55,8,-59,8,-57,10,-59,10,-61,10,-63,12,-63,10,-61,8,-59,8,-57,8,-55,6,-53,6,-53,6,-51,4,-53,4,-51,2,-55,4,-59,2,-61,4,-65,6,-69,6,-71,10,-73,14,-71,16,-67,18,-59]"
CSI_DATA,57014,d8:b1:90:d9:de:f0,-53,11,-99,-37,54,116,839168654,100,0,228,0,"[6,18,8,19,11,18,14,15,16,14,18,10,20,7,102,-7,21,1,21,-2,21,-5,21,-8,20,-10,20,-12,19,-13,18,-14,16,-14,14,-12,12,-11,9,-7,4,-3,61,6,-3,6,-8,10,-11,14,-14,16,-16,19,-20,20,0,0,-21,21,-22,19,-21,16,-19,12,-15,8,-11,3,132,15,0,-9,5,-13,11,-19,15,-21,20,-24,23,-24,23,-25,24,-25,24,-24,23,-22,22,-21,20,-18,18,-15,-38,0,11,-9,7,-5,1,0,-3,4,-8,6,-12,8,-15,7,1,3,8,2,10,-7,4,-15,-10,-18,-22,-5,-20,13,16,29,14,20,24,2,16,-15,-1,-21,-15,-11,-16,4,-5,13,8,9,9,-4,-2,-11,-14,-4,-15,13,1,26,23,20,31,-4,19,-27,-6,-33,-26,-19,-28,5,-15,21,0,0,11,11,11,1,4,-2,4,1,9,3,14,-6,4,-22,-5,-24,-23,-15,-28,4,-16,21,1,24,13,13,15,1,9,-5,4,-5,4,-3,6,-6,3,-14,-10,-19,-11,-23,-32,12,-19,36,11,44,39,26,46,-5,29,-32,1,-38]"
CSI_DATA,57015,d8:b1:90:d9:de:f0,-46,11,-99,-32,47,116,839178828,100,0,114,0,"[-39,-36,-39,-43,-41,-45,-39,-49,-39,-49,-39,-47,-36,-47,-34,-45,-32,-41,-30,-41,-30,-36,-32,-36,-32,-30,-34,-32,-36,-32,-39,-30,-43,-32,-45,-32,-49,-32,-51,-28,-51,-30,-53,-28,-51,-28,-53,-26,-53,-26,-51,-22,-53,-20,-53,-20,0,0,-53,-20,-53,-16,-57,-16,-59,-14,-59,-14,-61,-14,-61,-12,-63,-12,-61,-10,-61,-6,-61,-4,-57,-4,-55,0,-53,0,-51,2,-53,6,-51,8,-53,10,-55,12,-59,12,-61,14,-65,18,-67,18,-69,22,-71,20,-71,18,-69,16,-63,12]"
CSI_DATA,57016,d8:b1:90:d9:de:f0,-46,11,-99,-33,47,116,839198675,100,0,114,0,"[50,21,52,25,54,29,54,33,52,38,48,35,48,38,44,33,40,31,40,31,38,31,38,29,38,27,40,27,42,29,44,29,46,29,46,31,48,31,52,31,50,29,52,31,54,31,54,31,52,29,50,27,50,27,50,27,0,0,50,25,50,29,52,29,57,31,54,29,59,29,61,31,59,31,59,31,59,27,57,25,57,25,54,25,52,23,52,23,50,19,52,16,50,14,57,16,59,16,63,16,67,21,69,19,71,21,73,25,71,29,67,31,59,31]"
CSI_DATA,57017,d8:b1:90:d9:de:f0,-46,11,-99,-35,48,116,839210294,100,0,114,0,"[-49,5,-55,3,-59,1,-61,-1,-61,-3,-59,-5,-57,-5,-55,-5,-49,-3,-49,-5,-45,-5,-47,-3,-45,-3,-47,-1,-49,-1,-49,-1,-51,0,-53,0,-55,1,-57,3,-57,3,-57,5,-57,5,-57,5,-55,5,-53,5,-53,5,-55,5,0,0,-51,7,-53,7,-53,7,-57,9,-59,11,-59,11,-59,13,-59,13,-57,13,-55,13,-55,15,-55,15,-53,13,-49,15,-47,15,-49,17,-45,19,-47,21,-47,23,-49,25,-53,29,-57,27,-57,29,-63,29,-65,27,-65,25,-63,21,-59,17]"
CSI_DATA,57018,d8:b1:90:d9:de:f0,-46,11,-99,-33,47,116,839228632,100,0,114,0,"[-44,23,-52,25,-57,23,-59,23,-57,21,-59,19,-54,19,-54,16,-48,16,-48,16,-44,19,-44,19,-44,19,-44,21,-44,25,-46,27,-48,29,-46,29,-50,33,-46,35,-50,40,-48,38,-46,40,-46,42,-44,40,-44,40,-42,42,-42,42,0,0,-38,44,-38,44,-40,48,-35,48,-40,52,-38,54,-38,54,-35,59,-33,57,-31,57,-29,59,-25,57,-23,54,-21,54,-19,50,-16,52,-12,50,-12,57,-10,59,-10,61,-8,65,-8,67,-6,69,-8,76,-8,76,-10,76,-12,71,-14,65]"
CSI_DATA,57019,d8:b1:90:d9:de:f0,-46,11,-99,-33,47,116,839238818,100,0,114,0,"[-46,-27,-48,-33,-48,-38,-46,-42,-46,-44,-44,-42,-42,-44,-42,-42,-40,-38,-38,-38,-35,-35,-35,-35,-38,-35,-38,-33,-42,-35,-40,-35,-42,-35,-44,-35,-48,-35,-48,-38,-50,-38,-52,-38,-52,-35,-52,-33,-48,-33,-50,-35,-48,-31,-50,-31,0,0,-48,-31,-48,-31,-50,-31,-54,-33,-54,-33,-59,-33,-59,-31,-59,-31,-57,-31,-57,-27,-57,-27,-54,-25,-54,-23,-50,-21,-50,-21,-48,-19,-48,-16,-52,-16,-54,-14,-59,-14,-61,-14,-65,-16,-67,-16,-73,-19,-71,-23,-71,-25,-67,-27,-59,-27]"
CSI_DATA,57020,d8:b1:90:d9:de:f0,-46,11,-99,-33,47,116,839248855,100,0,114,0,"[48,16,52,23,54,27,54,31,52,33,50,35,48,38,44,35,42,31,40,33,38,31,40,31,38,31,40,31,40,33,44,33,44,33,44,35,46,38,48,35,48,40,50,38,50,40,50,38,46,38,46,38,46,38,46,38,0,0,46,38,46,38,46,40,48,42,48,42,50,44,50,44,50,44,50,42,50,40,46,40,48,40,46,38,44,35,44,33,42,33,42,31,46,31,48,31,50,35,54,35,57,40,59,40,59,46,59,50,57,52,50,52,42,50]"
CSI_DATA,57021,d8:b1:90:d9:de:f0,-46,11,-99,-33,47,116,839258941,100,0,114,0,"[-4,54,-12,59,-19,61,-23,61,-25,59,-27,57,-29,52,-31,50,-27,48,-29,46,-27,44,-27,42,-29,42,-27,42,-31,44,-31,44,-31,46,-35,46,-35,48,-38,48,-40,48,-38,52,-38,50,-40,48,-40,44,-40,44,-40,42,-42,42,0,0,-40,42,-42,40,-44,40,-46,42,-48,42,-50,46,-50,46,-52,44,-52,42,-50,42,-50,40,-48,40,-46,35,-44,35,-44,33,-44,33,-42,33,-44,35,-46,38,-46,38,-50,40,-54,40,-57,40,-65,40,-65,35,-67,31,-67,27,-63,19]"
CSI_DATA,57022,d8:b1:90:d9:de:f0,-46,11,-99,-36,48,116,839278932,100,0,114,0,"[-51,4,-55,2,-59,-2,-61,-4,-63,-4,-61,-4,-57,-8,-55,-8,-51,-4,-51,-6,-49,-2,-49,-4,-49,-2,-49,0,-51,2,-53,4,-53,4,-57,6,-59,8,-59,8,-57,8,-59,10,-59,10,-59,14,-59,12,-55,12,-55,14,-55,14,0,0,-55,16,-55,18,-57,20,-57,20,-57,22,-57,22,-59,24,-61,24,-59,26,-57,28,-55,28,-53,28,-49,28,-49,30,-47,30,-45,30,-43,30,-43,32,-43,34,-45,39,-47,41,-49,45,-51,47,-53,47,-55,47,-55,45,-55,43,-51,36]"
CSI_DATA,57023,d8:b1:90:d9:de:f0,-46,11,-99,-36,48,116,839298782,100,0,114,0,"[47,-20,53,-20,57,-18,59,-14,61,-12,59,-10,59,-6,55,-6,51,-6,49,-4,47,-6,49,-4,47,-6,49,-6,51,-8,51,-8,51,-8,55,-10,57,-10,59,-12,57,-10,59,-10,57,-10,59,-12,57,-10,57,-10,55,-8,57,-10,0,0,55,-10,55,-8,57,-10,61,-10,61,-10,63,-10,63,-10,63,-10,63,-10,63,-10,59,-10,59,-10,57,-12,55,-10,53,-12,53,-12,53,-12,51,-12,53,-14,55,-14,57,-14,63,-16,65,-14,69,-14,69,-12,69,-8,67,-4,61,0]"
CSI_DATA,57024,d8:b1:90:d9:de:f0,-46,11,-99,-32,47,116,839309099,100,0,114,0,"[10,-51,16,-55,24,-59,28,-57,30,-55,32,-51,32,-47,32,-45,32,-41,32,-41,32,-39,30,-36,32,-36,30,-39,32,-39,36,-41,36,-41,39,-41,41,-43,41,-45,43,-45,45,-43,45,-43,45,-43,45,-39,45,-36,45,-36,47,-34,0,0,47,-34,47,-32,51,-32,51,-32,55,-34,57,-32,57,-32,57,-30,57,-28,55,-28,55,-28,55,-26,53,-24,51,-24,49,-22,51,-22,49,-22,49,-22,51,-24,55,-22,57,-22,61,-20,63,-20,69,-20,71,-16,71,-10,67,-4,63,0]"
CSI_DATA,57025,d8:b1:90:d9:de:f0,-50,9,-99,-34,51,116,839327657,328,0,106,0,"[129,0,75,20,-153,0,83,20,-96,0,118,20,-50,0,163,20,-9,0,-145,20,10,1,-101,20,28,1,-82,20,5,1,-74,20,-86,0,-52,20,100,0,-8,20,-86,20,69,0,131,20,155,0,48,20,-116,0,0,0,0,0,102,20,-32,0,-149,20,-85,0,-26,20,129,0,67,0,-89,20,113,0,42,20,105,0,-113,19,53,0,163,19,-5,20,164,19,-42,20,-126,19,-65,20,-37,19,-61,20,91,20,-6,20,-80,20,104,0]"
CSI_DATA,57026,d8:b1:90:d9:de:f0,-46,11,-99,-34,48,116,839338809,100,0,114,0,"[-38,31,-44,31,-50,31,-50,29,-54,27,-52,27,-50,23,-48,21,-44,21,-44,19,-40,19,-40,21,-40,21,-40,21,-40,25,-42,27,-42,27,-46,29,-48,31,-48,32,-46,32,-46,32,-48,32,-46,32,-46,32,-44,32,-44,32,-44,32,0,0,-44,32,-44,32,-44,34,-46,34,-46,34,-46,36,-46,38,-50,38,-48,38,-46,38,-44,38,-44,36,-40,36,-38,34,-38,36,-36,36,-34,38,-34,38,-34,40,-38,42,-38,46,-42,48,-44,50,-46,52,-50,50,-50,48,-52,44,-50,38]"
CSI_DATA,57027,d8:b1:90:d9:de:f0,-46,11,-99,-35,48,116,839348850,100,0,114,0,"[45,-21,51,-19,57,-19,59,-13,57,-11,55,-9,53,-5,51,-5,49,-5,47,-3,45,-3,45,-5,45,-5,45,-7,49,-7,49,-7,51,-5,55,-7,57,-7,57,-7,59,-7,59,-5,59,-7,59,-7,55,-5,55,-5,55,-5,57,-5,0,0,57,-3,59,-3,59,-1,59,-1,61,-1,63,-1,63,-1,65,0,63,-1,63,-1,61,-1,61,-3,57,-3,55,-1,55,-1,53,-3,51,-1,53,-3,55,-3,59,-3,61,-5,65,-3,67,-3,75,-1,73,0,73,5,69,9,65,13]"
CSI_DATA,57028,d8:b1:90:d9:de:f0,-46,11,-99,-35,48,116,839369079,100,0,114,0,"[23,-45,29,-49,35,-49,35,-49,33,-49,33,-47,33,-45,31,-41,27,-41,27,-39,23,-39,25,-37,23,-39,23,-39,23,-43,23,-45,21,-47,21,-49,21,-51,21,-55,19,-53,17,-57,15,-57,15,-57,17,-55,17,-55,15,-55,15,-55,0,0,11,-55,11,-57,9,-57,9,-59,7,-61,5,-65,3,-65,3,-65,3,-63,1,-63,1,-61,0,-59,0,-57,-1,-53,-5,-53,-5,-51,-7,-51,-9,-51,-13,-53,-15,-55,-17,-57,-17,-61,-19,-65,-17,-71,-15,-71,-15,-71,-11,-69,-7,-63]"
CSI_DATA,57029,d8:b1:90:d9:de:f0,-46,11,-99,-36,48,116,839388652,100,0,114,0,"[32,39,32,45,30,51,28,53,26,55,24,55,22,53,20,49,20,47,18,45,18,45,20,43,18,43,20,43,24,45,24,47,24,47,24,49,26,49,28,51,28,51,30,53,30,53,32,53,30,51,28,49,30,49,30,49,0,0,32,51,32,51,32,51,34,53,34,53,34,53,39,55,36,55,36,53,36,53,36,49,39,49,39,47,36,45,34,43,36,41,36,39,36,39,41,41,41,41,45,43,49,47,49,49,51,53,53,57,49,59,41,59,34,55]"
CSI_DATA,57030,d8:b1:90:d9:de:f0,-46,11,-99,-33,47,116,839398881,100,0,114,0,"[-14,-50,-12,-57,-6,-61,-4,-61,0,-65,2,-63,4,-61,8,-57,6,-52,8,-50,6,-46,8,-48,6,-48,8,-48,6,-50,6,-52,6,-52,8,-57,8,-59,8,-61,10,-61,10,-61,10,-61,10,-61,14,-59,10,-59,12,-57,12,-54,0,0,14,-57,16,-57,14,-61,16,-63,21,-61,21,-63,21,-63,25,-63,23,-63,23,-61,19,-61,21,-59,19,-57,19,-52,19,-52,14,-52,16,-54,16,-52,19,-54,19,-57,21,-59,23,-63,27,-67,29,-71,33,-69,35,-65,42,-63,42,-54]"
CSI_DATA,57031,d8:b1:90:d9:de:f0,-46,11,-99,-35,48,116,839409329,100,0,114,0,"[-37,31,-43,33,-49,31,-51,31,-51,31,-49,29,-47,27,-45,25,-41,25,-41,25,-39,25,-37,27,-35,25,-35,29,-37,31,-37,33,-37,33,-37,35,-39,39,-37,41,-37,41,-37,43,-35,45,-35,47,-33,45,-31,45,-31,45,-31,45,0,0,-27,47,-29,47,-27,49,-27,51,-25,51,-27,55,-25,57,-23,57,-23,57,-19,57,-15,55,-17,55,-15,53,-11,51,-11,51,-9,51,-7,51,-5,51,-3,55,-1,57,-1,61,-3,65,0,69,-1,71,-3,73,-5,73,-9,69,-9,61]"
CSI_DATA,57032,d8:b1:90:d9:de:f0,-47,11,-99,-35,48,116,839428667,100,0,114,0,"[19,-45,25,-49,31,-49,33,-51,33,-51,33,-47,33,-43,33,-41,27,-39,29,-37,25,-37,27,-37,27,-37,25,-37,25,-41,23,-43,23,-43,23,-45,25,-47,23,-49,23,-51,21,-51,19,-53,17,-53,19,-49,19,-49,17,-49,17,-49,0,0,13,-51,15,-51,15,-53,15,-55,13,-57,13,-59,11,-59,11,-61,9,-59,9,-59,9,-57,7,-55,7,-53,3,-51,1,-51,3,-53,0,-49,0,-53,-3,-53,-3,-57,-3,-61,-5,-65,-3,-67,-1,-71,-1,-73,1,-71,5,-69,9,-63]"
CSI_DATA,57033,d8:b1:90:d9:de:f0,-46,11,-99,-32,47,116,839438849,100,0,114,0,"[-43,-28,-47,-34,-45,-41,-45,-47,-43,-47,-39,-49,-36,-47,-32,-45,-30,-39,-28,-41,-28,-39,-28,-39,-28,-36,-28,-39,-30,-41,-32,-41,-32,-41,-34,-43,-36,-43,-36,-45,-39,-45,-39,-45,-39,-45,-39,-47,-34,-43,-36,-43,-34,-43,-34,-43,0,0,-36,-45,-36,-45,-36,-47,-39,-47,-39,-49,-39,-49,-41,-49,-41,-51,-41,-49,-41,-47,-39,-45,-39,-47,-36,-45,-39,-43,-36,-41,-39,-43,-36,-41,-39,-39,-41,-41,-43,-45,-47,-47,-47,-51,-49,-53,-47,-57,-47,-61,-43,-63,-36,-63,-32,-61]"
CSI_DATA,57034,d8:b1:90:d9:de:f0,-46,11,-99,-36,48,116,839458845,100,0,114,0,"[49,-2,55,0,59,2,59,2,59,4,61,4,55,4,55,6,51,2,49,4,47,0,47,0,47,-4,47,-4,47,-6,49,-10,51,-12,51,-12,55,-16,55,-18,55,-18,55,-20,53,-20,53,-24,51,-24,51,-24,49,-26,49,-26,0,0,47,-30,47,-30,49,-36,47,-36,49,-39,49,-41,49,-41,47,-43,45,-45,43,-45,41,-45,41,-45,34,-45,32,-47,30,-43,28,-47,24,-47,24,-49,24,-51,26,-55,24,-59,26,-65,26,-65,28,-69,30,-71,30,-71,30,-65,32,-61]"
CSI_DATA,57035,d8:b1:90:d9:de:f0,-46,11,-99,-35,48,116,839468930,100,0,114,0,"[41,21,43,27,43,29,45,33,45,35,43,35,39,37,37,33,37,29,37,29,35,25,35,27,35,25,37,25,37,25,41,23,41,23,47,25,47,25,47,23,49,25,51,21,51,23,53,19,53,21,51,21,51,17,49,17,0,0,51,15,53,15,53,15,57,17,59,15,61,15,63,13,63,15,63,11,63,11,61,11,59,9,57,7,55,5,55,3,55,1,55,1,55,0,57,-1,61,-3,65,-3,69,-1,73,-3,75,-1,77,0,75,1,73,5,67,9]"
CSI_DATA,57036,d8:b1:90:d9:de:f0,-46,11,-99,-33,47,116,839488718,100,0,114,0,"[16,48,14,57,10,59,8,63,4,61,2,59,0,57,0,54,-2,48,-2,48,-2,46,0,46,-2,46,0,48,0,48,2,50,2,50,0,52,2,54,2,57,4,57,2,59,4,59,2,59,4,57,4,57,4,57,2,57,0,0,4,54,2,57,0,59,2,61,2,63,2,67,2,67,2,69,2,67,2,67,2,63,4,63,4,59,4,59,2,57,2,59,4,57,4,57,6,61,4,63,6,67,4,71,2,76,0,80,-4,80,-6,80,-12,76,-16,69]"
CSI_DATA,57037,d8:b1:90:d9:de:f0,-46,11,-99,-35,48,116,839498764,100,0,114,0,"[49,-5,55,-1,55,1,59,7,57,11,55,13,53,15,51,13,43,13,43,13,41,13,41,13,41,15,43,15,43,15,45,15,45,17,47,17,49,19,49,19,51,19,49,21,51,21,51,23,49,21,47,21,47,23,47,23,0,0,45,23,45,25,45,27,49,31,53,29,51,33,53,33,53,35,51,35,51,35,49,35,49,35,45,33,45,33,43,31,43,33,41,33,43,33,45,33,47,39,49,41,51,45,51,47,53,53,51,57,45,61,39,61,31,59]"
CSI_DATA,57038,d8:b1:90:d9:de:f0,-46,11,-99,-35,48,116,839508784,100,0,114,0,"[-21,-43,-21,-49,-21,-53,-21,-57,-15,-53,-17,-55,-15,-49,-15,-49,-17,-43,-15,-43,-15,-41,-17,-39,-19,-37,-21,-39,-23,-39,-27,-41,-29,-41,-27,-39,-33,-43,-35,-37,-35,-41,-35,-39,-37,-37,-39,-39,-37,-33,-39,-31,-41,-33,-41,-31,0,0,-45,-31,-43,-29,-49,-29,-47,-27,-53,-29,-53,-27,-55,-27,-57,-27,-59,-27,-57,-23,-57,-19,-57,-19,-55,-15,-57,-13,-51,-11,-55,-11,-53,-7,-55,-5,-55,-3,-59,-3,-63,-3,-69,-3,-69,-1,-75,-1,-79,-5,-79,-5,-69,-9,-67,-11]"
CSI_DATA,57039,d8:b1:90:d9:de:f0,-46,11,-99,-35,48,116,839518872,100,0,114,0,"[21,45,19,49,17,53,15,55,13,57,11,57,11,53,9,51,9,45,9,43,9,41,9,41,11,41,13,43,13,43,17,45,17,45,17,47,21,49,23,49,21,47,23,49,23,47,23,47,25,47,25,47,27,45,25,45,0,0,29,43,27,45,31,47,33,49,33,49,35,49,37,51,39,51,37,51,39,49,39,45,39,45,39,43,39,41,37,39,39,39,39,37,41,37,43,37,45,39,49,39,51,43,55,45,55,49,57,53,53,53,47,55,41,53]"
CSI_DATA,57040,d8:b1:90:d9:de:f0,-46,11,-99,-35,48,116,839529156,100,0,114,0,"[47,-13,53,-9,55,-5,57,-5,57,0,55,1,55,3,51,3,47,1,47,1,43,1,43,3,43,3,45,3,47,3,47,1,47,3,49,3,53,1,53,1,55,1,57,1,57,1,55,1,55,3,53,3,53,5,53,3,0,0,53,1,53,3,55,3,57,3,59,5,61,3,61,3,63,3,61,5,61,3,59,5,59,7,55,5,55,3,53,5,53,3,53,3,55,3,57,1,59,3,63,1,67,5,71,7,73,13,73,17,71,19,67,23,59,27]"
CSI_DATA,57041,d8:b1:90:d9:de:f0,-46,11,-99,-33,47,116,839549129,100,0,114,0,"[48,-16,54,-14,61,-14,63,-12,63,-12,61,-10,59,-8,54,-10,50,-10,50,-10,48,-12,46,-12,44,-14,46,-16,46,-21,48,-21,46,-23,48,-25,50,-29,48,-31,48,-31,48,-33,46,-35,46,-35,44,-35,44,-38,42,-38,40,-40,0,0,38,-40,38,-42,38,-44,38,-48,38,-48,38,-52,38,-54,38,-57,35,-57,31,-59,29,-57,27,-57,27,-57,25,-54,21,-54,19,-52,16,-54,14,-54,14,-57,14,-65,12,-69,14,-73,12,-76,14,-78,16,-80,19,-80,21,-73,23,-67]"
CSI_DATA,57042,d8:b1:90:d9:de:f0,-46,11,-99,-33,47,116,839568628,100,0,114,0,"[2,-52,4,-57,10,-59,10,-61,12,-61,12,-61,14,-57,14,-54,12,-50,12,-50,10,-46,10,-48,8,-48,6,-50,4,-50,4,-50,2,-52,2,-54,2,-57,0,-59,0,-59,-2,-59,-2,-59,-4,-59,-4,-59,-6,-57,-4,-59,-4,-57,0,0,-8,-59,-10,-57,-10,-59,-12,-61,-14,-63,-14,-65,-16,-65,-16,-65,-19,-65,-19,-65,-19,-61,-19,-61,-19,-54,-21,-54,-21,-52,-21,-52,-23,-50,-23,-50,-25,-52,-29,-57,-31,-61,-33,-63,-35,-69,-33,-69,-33,-71,-29,-69,-25,-71,-19,-65]"
CSI_DATA,57043,d8:b1:90:d9:de:f0,-46,11,-99,-33,47,116,839578784,100,0,114,0,"[35,40,35,48,33,50,31,54,31,59,27,54,25,57,21,50,21,48,21,48,19,46,21,46,19,44,21,44,23,46,25,48,23,48,25,50,27,50,27,52,27,50,27,52,27,52,27,52,27,50,27,50,27,50,27,48,0,0,29,50,29,54,29,52,31,54,31,54,31,59,31,59,31,59,31,59,33,59,31,54,29,54,31,52,29,50,29,50,29,48,31,48,29,46,31,50,33,54,35,57,38,63,40,65,38,69,35,71,31,71,25,71,19,65]"
CSI_DATA,57044,d8:b1:90:d9:de:f0,-47,11,-99,-34,48,116,839598618,100,0,114,0,"[-44,-25,-46,-31,-44,-38,-42,-42,-38,-42,-36,-44,-32,-44,-29,-42,-25,-42,-23,-42,-23,-40,-23,-40,-21,-38,-23,-42,-25,-42,-23,-42,-23,-44,-23,-46,-25,-48,-23,-50,-23,-50,-23,-50,-21,-52,-23,-52,-19,-50,-19,-50,-19,-50,-17,-48,0,0,-15,-50,-15,-52,-13,-52,-13,-56,-11,-58,-11,-60,-9,-60,-9,-60,-7,-62,-7,-60,-7,-58,-5,-58,-5,-56,-3,-54,-3,-52,-3,-52,-1,-52,-1,-52,-1,-54,-1,-60,0,-62,1,-67,5,-69,7,-69,11,-71,17,-69,21,-65,25,-58]"
CSI_DATA,57045,d8:b1:90:d9:de:f0,-46,11,-99,-35,48,116,839608755,100,0,114,0,"[41,29,43,35,43,39,45,43,43,43,43,45,39,43,39,41,37,35,35,35,33,31,35,31,33,29,35,29,37,29,39,27,43,29,43,29,49,31,49,27,51,27,51,25,51,25,53,23,49,21,49,21,51,21,49,19,0,0,51,17,51,15,55,17,55,15,57,15,59,15,59,13,59,13,59,11,57,9,57,7,57,7,55,5,53,3,51,3,55,1,51,0,53,-1,55,-3,57,-3,61,-5,65,-5,67,-5,73,-5,73,-3,73,-1,69,1,65,5]"
CSI_DATA,57046,d8:b1:90:d9:de:f0,-46,11,-99,-36,48,116,839618965,100,0,114,0,"[-28,-41,-28,-47,-26,-51,-24,-55,-22,-55,-18,-57,-18,-53,-16,-51,-16,-47,-14,-45,-14,-45,-16,-43,-14,-41,-16,-43,-16,-45,-18,-45,-20,-47,-20,-47,-22,-51,-22,-51,-24,-51,-24,-51,-24,-51,-26,-51,-24,-49,-24,-49,-24,-49,-22,-47,0,0,-26,-49,-24,-49,-26,-51,-26,-51,-28,-53,-28,-55,-28,-57,-30,-55,-28,-55,-28,-53,-28,-51,-28,-51,-28,-49,-28,-47,-26,-45,-28,-47,-28,-45,-30,-47,-30,-47,-32,-51,-34,-53,-36,-57,-36,-59,-36,-63,-36,-65,-30,-67,-26,-65,-20,-63]"
CSI_DATA,57047,d8:b1:90:d9:de:f0,-46,11,-99,-32,47,116,839639149,100,0,114,0,"[45,-22,51,-22,57,-20,57,-20,59,-18,57,-18,53,-18,53,-16,49,-18,47,-18,45,-18,43,-18,43,-22,41,-24,43,-26,45,-28,43,-32,45,-32,43,-36,43,-39,43,-41,43,-43,39,-43,39,-45,36,-43,34,-45,32,-47,34,-47,0,0,32,-49,30,-49,28,-51,30,-55,28,-57,28,-59,26,-61,24,-59,24,-59,20,-59,18,-59,18,-59,14,-55,12,-55,10,-53,8,-53,6,-53,4,-53,2,-57,0,-63,-2,-63,0,-69,-4,-71,-2,-75,0,-75,0,-75,4,-71,6,-65]"
CSI_DATA,57048,d8:b1:90:d9:de:f0,-49,9,-99,-35,51,116,839654953,98,0,106,0,"[87,21,-156,0,36,21,166,0,11,21,104,0,2,21,35,0,14,21,-39,21,7,21,-84,21,9,21,-110,21,46,21,-103,21,132,21,-73,21,-62,21,-16,21,137,0,25,0,-43,0,28,0,57,1,8,0,0,0,0,0,88,1,-104,21,-12,0,-141,21,153,0,-129,21,-84,21,-22,21,80,21,127,0,-31,19,-100,0,-32,19,-14,0,-4,19,29,1,63,21,31,1,155,21,-21,0,-104,21,-141,0,-29,21,36,0,-19,21]"
CSI_DATA,57049,d8:b1:90:d9:de:f0,-46,11,-99,-35,48,116,839668647,100,0,114,0,"[3,51,0,55,-5,59,-7,61,-7,61,-9,59,-9,55,-11,53,-9,49,-11,49,-9,45,-9,45,-9,45,-7,45,-7,47,-7,49,-7,51,-7,53,-7,55,-5,55,-5,57,-3,57,-5,57,-5,57,-3,55,-3,55,-3,53,-5,55,0,0,-1,55,-3,55,-3,59,-1,57,-1,61,-1,61,-1,61,-1,65,-1,63,0,61,0,61,0,59,0,57,1,55,1,53,1,53,3,51,5,53,7,55,5,59,9,63,7,65,7,67,5,73,5,73,0,75,-1,71,-7,65]"
CSI_DATA,57050,d8:b1:90:d9:de:f0,-46,11,-99,-35,48,116,839678810,100,0,114,0,"[47,-17,53,-17,55,-13,57,-9,61,-7,57,-5,57,0,55,0,51,0,49,0,45,0,49,0,47,1,47,1,47,1,49,1,51,1,55,3,55,1,57,1,57,3,59,3,57,1,57,1,57,3,57,5,55,5,55,5,0,0,53,5,55,9,57,9,57,9,59,11,61,11,61,9,65,11,61,11,63,11,59,11,59,11,53,11,53,11,51,11,53,11,51,9,53,9,55,9,57,11,63,11,63,15,67,15,71,21,67,25,65,27,63,31,55,33]"
CSI_DATA,57051,d8:b1:90:d9:de:f0,-46,11,-99,-33,47,116,839698964,100,0,114,0,"[4,-54,8,-59,12,-61,14,-61,16,-61,16,-59,16,-57,16,-54,14,-50,12,-50,12,-46,10,-48,8,-48,6,-48,6,-52,4,-52,4,-57,4,-59,2,-59,2,-61,0,-61,-2,-63,-2,-63,-2,-63,-4,-61,-6,-59,-6,-59,-6,-61,0,0,-8,-59,-8,-61,-10,-61,-10,-61,-14,-63,-12,-65,-16,-65,-16,-67,-16,-65,-19,-63,-21,-61,-21,-61,-21,-57,-21,-54,-21,-52,-23,-50,-23,-50,-25,-48,-29,-50,-31,-52,-33,-54,-35,-59,-40,-61,-40,-65,-38,-67,-35,-67,-29,-67,-25,-61]"
CSI_DATA,57052,d8:b1:90:d9:de:f0,-46,11,-99,-34,47,116,839718998,100,0,114,0,"[34,41,32,47,30,52,28,54,28,58,23,58,21,58,17,56,17,50,17,50,15,47,15,50,15,47,17,47,17,50,19,50,19,52,19,54,21,56,21,58,21,58,21,58,21,58,21,58,19,56,19,56,21,54,17,54,0,0,19,54,19,56,17,58,19,60,19,63,19,65,19,65,17,65,19,65,17,65,17,60,15,63,15,58,17,56,17,56,17,54,17,54,15,54,17,56,19,60,19,63,19,67,19,71,15,76,13,76,8,76,2,76,-2,69]"
CSI_DATA,57053,d8:b1:90:d9:de:f0,-46,11,-99,-35,48,116,839738898,100,0,114,0,"[49,-11,55,-9,59,-5,59,-5,61,-3,59,-3,57,-1,53,-3,51,-5,49,-5,47,-7,47,-9,45,-9,45,-13,45,-15,47,-17,47,-19,51,-19,51,-23,51,-25,49,-27,49,-29,47,-31,47,-33,45,-33,45,-31,43,-33,39,-35,0,0,39,-35,39,-35,39,-39,39,-41,39,-45,39,-47,37,-49,37,-49,35,-49,33,-51,31,-49,29,-49,27,-47,23,-47,21,-47,19,-45,19,-47,15,-49,13,-53,13,-55,11,-59,13,-63,13,-67,15,-69,17,-69,17,-67,21,-65,21,-59]"
CSI_DATA,57054,d8:b1:90:d9:de:f0,-46,11,-99,-33,47,116,839749350,100,0,114,0,"[2,-52,8,-59,12,-59,14,-61,16,-63,16,-61,16,-59,19,-54,16,-50,14,-48,16,-48,14,-46,12,-48,12,-48,12,-50,10,-52,10,-54,10,-57,10,-59,8,-61,10,-61,8,-61,8,-59,8,-61,8,-59,6,-59,6,-59,6,-59,0,0,4,-57,4,-57,4,-59,4,-61,4,-63,4,-65,4,-65,2,-65,4,-65,2,-65,0,-63,2,-61,0,-59,-2,-57,-2,-54,-4,-54,-4,-52,-4,-54,-6,-57,-6,-61,-8,-63,-6,-67,-6,-69,-4,-76,-2,-76,0,-76,4,-73,8,-67]"
CSI_DATA,57055,d8:b1:90:d9:de:f0,-46,11,-99,-35,48,116,839768647,100,0,114,0,"[31,-37,39,-39,43,-39,47,-37,47,-35,49,-33,47,-29,47,-27,43,-27,41,-23,39,-25,37,-25,39,-25,39,-25,39,-27,41,-29,41,-31,41,-31,45,-31,43,-33,47,-35,49,-35,47,-35,45,-35,43,-33,45,-31,43,-31,43,-31,0,0,41,-33,43,-31,45,-33,43,-33,49,-35,51,-35,49,-35,51,-37,49,-35,49,-35,47,-35,45,-33,43,-31,41,-33,39,-31,41,-33,39,-31,41,-33,41,-35,43,-35,45,-37,47,-39,51,-41,57,-43,57,-41,61,-37,59,-31,59,-25]"
CSI_DATA,57056,d8:b1:90:d9:de:f0,-46,11,-99,-33,47,116,839778967,100,0,114,0,"[25,-46,31,-48,38,-50,40,-48,44,-46,46,-44,44,-40,44,-35,42,-33,42,-31,40,-29,42,-29,40,-29,40,-29,42,-27,44,-31,46,-29,48,-31,50,-31,52,-33,52,-31,52,-31,54,-29,52,-29,52,-27,52,-25,52,-25,50,-23,0,0,52,-23,54,-21,57,-21,59,-21,61,-19,61,-19,63,-16,65,-16,65,-16,63,-14,61,-12,61,-10,59,-10,57,-10,54,-8,54,-8,52,-8,54,-8,57,-8,61,-8,65,-6,69,-6,73,-2,76,2,78,6,76,10,73,16,65,19]"
CSI_DATA,57057,d8:b1:90:d9:de:f0,-46,11,-99,-32,47,116,839798790,100,0,114,0,"[43,28,47,32,47,36,45,41,45,43,41,43,41,43,39,39,36,34,34,34,34,30,34,30,32,28,36,28,39,30,41,28,43,28,45,30,47,30,49,28,51,26,53,26,51,26,51,24,49,24,49,22,49,22,49,20,0,0,51,20,53,20,53,20,57,20,57,18,61,18,61,18,59,18,61,16,59,14,57,14,57,12,57,10,55,10,55,8,53,8,53,6,55,2,57,2,59,2,59,0,65,0,67,2,75,2,78,4,75,6,71,10,65,12]"
CSI_DATA,57058,d8:b1:90:d9:de:f0,-47,11,-99,-34,48,116,839808818,100,0,114,0,"[34,-34,40,-36,48,-36,48,-34,50,-32,50,-31,48,-27,48,-25,42,-25,42,-25,40,-23,40,-23,38,-23,38,-23,38,-25,40,-27,42,-29,42,-29,44,-32,44,-34,44,-32,44,-34,44,-34,42,-34,42,-32,40,-32,40,-32,38,-32,0,0,40,-34,40,-34,42,-34,44,-38,46,-36,46,-40,46,-40,46,-40,44,-38,44,-38,42,-38,44,-38,40,-36,38,-36,36,-34,36,-36,34,-36,36,-38,36,-40,36,-42,38,-44,42,-46,44,-48,52,-50,54,-48,56,-46,56,-40,54,-34]"
CSI_DATA,57059,d8:b1:90:d9:de:f0,-46,11,-99,-36,48,116,839819227,100,0,114,0,"[41,34,41,43,39,49,36,53,34,55,30,55,26,55,22,51,22,49,18,47,18,45,16,47,18,45,18,47,18,49,20,51,16,49,18,53,18,53,18,57,16,55,18,55,14,55,14,55,12,55,14,55,14,53,10,53,0,0,8,55,10,55,8,57,8,59,6,59,6,61,4,63,2,63,2,63,2,61,2,59,2,59,-2,57,-2,55,0,55,-2,55,-2,53,-2,55,-2,55,-4,61,-6,63,-8,69,-10,71,-14,73,-18,75,-24,71,-28,67,-28,59]"
CSI_DATA,57060,d8:b1:90:d9:de:f0,-47,11,-99,-34,48,116,839838633,100,0,114,0,"[38,-34,46,-36,50,-34,54,-32,52,-32,52,-32,48,-31,46,-31,44,-29,42,-27,38,-27,36,-29,36,-29,34,-32,34,-36,34,-38,34,-38,34,-38,34,-44,32,-44,31,-46,31,-48,29,-48,27,-48,25,-46,23,-48,23,-48,19,-48,0,0,19,-48,17,-48,17,-50,17,-52,15,-56,13,-58,13,-58,11,-60,11,-60,7,-58,5,-58,3,-56,1,-54,1,-54,0,-52,-1,-54,-3,-52,-7,-52,-7,-54,-7,-58,-11,-60,-11,-63,-13,-65,-15,-71,-15,-73,-11,-71,-7,-69,-3,-65]"
CSI_DATA,57061,d8:b1:90:d9:de:f0,-46,11,-99,-36,48,116,839848822,100,0,114,0,"[8,55,4,59,-2,61,-4,65,-6,63,-6,63,-8,59,-8,57,-6,53,-6,53,-6,49,-4,49,-2,49,-2,51,0,51,0,53,2,53,2,55,4,57,4,59,6,59,6,59,8,59,8,57,8,55,8,55,10,55,10,55,0,0,12,53,10,53,12,55,14,57,14,59,16,61,16,63,16,63,16,61,18,61,18,57,18,57,20,55,20,53,16,51,20,51,22,49,24,51,24,53,26,55,30,57,28,61,30,63,30,69,28,71,26,71,20,69,14,65]"
CSI_DATA,57062,d8:b1:90:d9:de:f0,-46,11,-99,-34,48,116,839868639,100,0,114,0,"[31,-40,38,-42,44,-42,50,-40,50,-36,50,-34,48,-29,46,-29,44,-23,42,-25,42,-23,40,-23,38,-23,38,-23,40,-23,42,-25,44,-27,46,-25,48,-27,48,-29,46,-29,48,-27,48,-29,50,-29,46,-25,44,-25,46,-27,44,-25,0,0,48,-25,48,-23,52,-23,50,-23,50,-23,52,-25,54,-23,56,-25,56,-23,52,-23,52,-23,52,-23,50,-21,50,-21,46,-19,48,-17,46,-19,46,-19,48,-19,52,-21,56,-23,63,-21,62,-23,67,-19,71,-17,71,-11,67,-5,63,-1]"
CSI_DATA,57063,d8:b1:90:d9:de:f0,-46,11,-99,-36,48,116,839878786,100,0,114,0,"[26,-45,32,-51,36,-49,39,-51,41,-51,39,-49,39,-47,36,-45,30,-41,28,-39,28,-39,24,-41,22,-41,20,-43,20,-47,18,-47,18,-51,18,-51,16,-55,12,-57,12,-57,10,-59,8,-57,8,-57,4,-55,2,-57,0,-57,-2,-55,0,0,-2,-57,-4,-55,-6,-59,-8,-57,-10,-63,-12,-63,-14,-63,-14,-63,-16,-61,-18,-59,-22,-57,-22,-57,-24,-53,-24,-51,-22,-47,-26,-47,-28,-43,-30,-45,-32,-45,-36,-49,-39,-49,-43,-53,-45,-53,-51,-57,-51,-59,-49,-61,-43,-57,-36,-55]"
CSI_DATA,57064,d8:b1:90:d9:de:f0,-47,11,-99,-34,48,116,839889181,100,0,114,0,"[34,38,36,44,34,48,32,52,32,56,29,52,27,54,25,48,23,44,21,44,21,40,21,42,23,38,25,38,27,40,29,40,29,40,32,42,32,42,36,42,34,40,36,42,36,42,38,40,36,42,36,38,36,38,36,36,0,0,36,36,38,36,36,36,42,38,42,36,44,40,46,40,44,42,44,38,46,38,44,36,44,36,42,32,40,31,40,29,40,27,40,29,42,25,44,27,48,29,50,31,54,32,58,36,60,36,60,40,56,42,54,44,44,40]"
CSI_DATA,57065,d8:b1:90:d9:de:f0,-47,11,-99,-34,48,116,839908865,100,0,114,0,"[50,3,56,9,58,13,58,17,58,21,56,21,52,25,48,23,44,21,42,21,40,19,40,21,40,19,42,19,42,19,44,21,44,21,48,21,48,19,50,21,50,21,52,21,52,21,52,23,48,21,46,21,48,21,48,21,0,0,46,21,48,23,48,23,50,23,50,25,52,27,52,27,52,29,52,29,52,27,50,25,48,27,46,27,46,25,44,25,46,25,44,25,46,23,48,25,52,27,54,29,58,32,60,34,62,38,60,42,56,44,52,46,44,46]"
CSI_DATA,57066,d8:b1:90:d9:de:f0,-47,11,-99,-35,48,116,839928928,100,0,114,0,"[-13,49,-15,53,-21,53,-23,53,-23,55,-23,53,-23,51,-23,49,-19,47,-19,43,-15,43,-15,43,-13,45,-11,45,-9,47,-7,47,-7,47,-7,51,-5,53,-3,53,-3,55,-1,55,-1,55,1,53,1,53,3,55,5,51,5,53,0,0,7,51,9,53,11,55,11,55,13,59,13,59,15,59,15,57,17,55,19,57,21,55,23,55,23,51,23,49,25,47,25,45,27,45,29,47,31,47,33,47,35,49,37,49,39,53,45,61,45,59,41,59,37,61,33,57]"
CSI_DATA,57067,d8:b1:90:d9:de:f0,-47,11,-99,-34,48,116,839938944,100,0,114,0,"[-50,7,-56,5,-62,1,-62,0,-62,-1,-60,-3,-58,-5,-54,-3,-52,-1,-50,-3,-48,-1,-48,0,-48,0,-46,1,-48,1,-50,3,-48,3,-52,3,-52,3,-54,7,-52,7,-54,9,-54,9,-54,11,-52,11,-52,11,-52,11,-50,13,0,0,-50,15,-52,13,-52,15,-52,15,-54,17,-56,19,-56,19,-56,19,-56,19,-54,21,-52,19,-54,21,-52,21,-48,21,-48,21,-46,23,-46,23,-44,25,-46,29,-48,29,-52,31,-54,31,-56,34,-63,34,-65,32,-67,29,-65,27,-62,19]"
CSI_DATA,57068,d8:b1:90:d9:de:f0,-47,11,-99,-33,48,116,839958751,100,0,114,0,"[-48,-3,-54,-7,-56,-9,-56,-15,-58,-16,-54,-18,-52,-20,-48,-20,-47,-18,-45,-20,-41,-18,-43,-20,-39,-16,-41,-16,-41,-18,-45,-16,-43,-16,-47,-18,-47,-18,-48,-18,-48,-18,-50,-18,-48,-18,-48,-20,-48,-20,-47,-18,-47,-18,-43,-20,0,0,-47,-18,-47,-20,-47,-22,-48,-22,-48,-22,-52,-24,-50,-24,-50,-26,-50,-26,-50,-24,-48,-24,-48,-26,-47,-22,-45,-22,-45,-22,-43,-22,-45,-20,-45,-20,-47,-22,-47,-24,-50,-26,-52,-28,-54,-30,-54,-33,-54,-37,-50,-39,-47,-43,-41,-43]"
CSI_DATA,57069,d8:b1:90:d9:de:f0,-46,11,-99,-35,48,116,839969012,100,0,114,0,"[41,27,45,33,47,33,45,37,49,37,47,37,43,37,41,37,39,31,39,31,37,25,39,27,39,23,39,23,41,21,45,19,45,19,49,17,53,15,51,13,55,15,57,13,55,13,55,7,53,9,53,5,53,5,51,3,0,0,53,1,53,-1,55,-3,55,-7,59,-5,59,-7,61,-9,63,-9,61,-13,61,-13,59,-15,57,-15,53,-19,53,-19,49,-21,49,-25,45,-25,47,-25,49,-29,49,-29,51,-33,51,-37,55,-39,57,-41,59,-41,59,-39,59,-37,55,-31]"
CSI_DATA,57070,d8:b1:90:d9:de:f0,-47,11,-99,-34,48,116,839988649,100,0,114,0,"[50,3,56,7,58,9,60,13,60,17,58,17,54,17,52,17,48,15,48,13,44,13,46,11,44,9,42,9,46,7,46,7,46,5,50,7,50,5,52,3,54,3,54,3,54,1,52,1,50,0,50,0,50,-1,48,-1,0,0,48,-5,50,-3,52,-3,52,-7,54,-5,56,-5,56,-5,58,-7,56,-9,58,-11,56,-13,54,-13,52,-15,50,-15,50,-13,50,-15,46,-17,48,-17,50,-19,54,-19,56,-23,58,-23,62,-25,65,-25,65,-23,67,-21,65,-17,62,-13]"
CSI_DATA,57071,d8:b1:90:d9:de:f0,-47,11,-99,-33,48,116,839998659,100,0,114,0,"[9,-50,15,-54,20,-56,22,-56,26,-54,26,-52,26,-48,28,-47,24,-45,24,-43,22,-39,22,-41,22,-39,20,-39,20,-41,20,-43,18,-41,20,-43,20,-45,20,-47,20,-48,20,-50,18,-48,18,-48,18,-47,18,-47,16,-45,16,-45,0,0,16,-45,16,-45,18,-47,16,-48,18,-50,18,-52,18,-54,18,-54,18,-52,18,-54,16,-54,16,-52,16,-52,15,-48,15,-48,15,-47,13,-48,15,-50,13,-52,15,-56,15,-58,16,-62,18,-64,22,-67,24,-65,26,-65,30,-60,32,-52]"
CSI_DATA,57072,d8:b1:90:d9:de:f0,-47,11,-99,-34,48,116,840008960,100,0,114,0,"[-36,-38,-34,-46,-32,-52,-31,-54,-29,-60,-25,-58,-21,-58,-15,-52,-15,-46,-13,-48,-11,-44,-13,-46,-9,-44,-9,-46,-9,-48,-11,-48,-11,-46,-11,-48,-11,-48,-9,-52,-9,-52,-11,-52,-9,-52,-9,-54,-7,-52,-5,-50,-5,-50,-5,-48,0,0,-5,-48,-3,-50,-1,-50,-1,-52,-1,-52,-1,-54,-1,-56,1,-58,1,-58,1,-58,1,-54,3,-54,3,-54,3,-50,3,-50,3,-48,3,-48,3,-48,3,-50,5,-56,7,-60,11,-63,13,-67,17,-65,21,-67,25,-63,29,-62,29,-52]"
CSI_DATA,57073,d8:b1:90:d9:de:f0,-47,11,-99,-33,48,116,840028637,100,0,114,0,"[-1,54,-5,58,-11,62,-13,64,-13,62,-13,60,-15,58,-13,54,-9,50,-9,48,-9,47,-7,47,-5,45,-3,47,-1,48,-1,50,0,50,0,50,1,54,3,52,5,54,7,54,7,54,11,54,9,48,11,48,11,48,13,45,0,0,15,47,16,47,18,47,18,47,20,48,22,48,24,48,26,50,26,50,28,48,28,47,28,45,30,43,30,43,28,39,32,39,32,37,33,37,37,37,39,39,43,41,45,45,47,45,48,48,48,50,47,52,43,50,37,48]"
CSI_DATA,57074,d8:b1:90:d9:de:f0,-46,11,-99,-35,48,116,840038793,100,0,114,0,"[-43,-35,-45,-43,-43,-47,-41,-51,-41,-53,-39,-51,-35,-53,-33,-49,-31,-45,-29,-45,-29,-41,-29,-41,-29,-39,-29,-37,-31,-41,-33,-39,-33,-39,-35,-41,-37,-41,-37,-41,-39,-43,-41,-41,-39,-41,-39,-39,-35,-37,-37,-37,-37,-35,-37,-35,0,0,-35,-33,-39,-31,-39,-33,-39,-35,-43,-35,-43,-37,-45,-37,-45,-37,-45,-35,-45,-35,-45,-33,-45,-33,-43,-31,-43,-29,-41,-27,-43,-27,-43,-27,-45,-27,-47,-27,-51,-29,-53,-31,-55,-31,-57,-35,-61,-39,-59,-39,-57,-43,-53,-43,-47,-43]"
CSI_DATA,57075,d8:b1:90:d9:de:f0,-47,11,-99,-33,48,116,840058823,100,0,114,0,"[-48,-22,-50,-30,-50,-37,-48,-41,-45,-45,-43,-45,-39,-45,-35,-45,-33,-41,-30,-41,-28,-39,-26,-39,-28,-37,-26,-39,-30,-41,-28,-41,-28,-41,-26,-43,-28,-45,-28,-45,-28,-47,-30,-48,-28,-47,-26,-47,-24,-45,-24,-45,-22,-43,-20,-45,0,0,-20,-43,-20,-45,-22,-47,-20,-47,-20,-48,-20,-52,-20,-52,-20,-52,-16,-54,-18,-52,-18,-50,-16,-50,-15,-48,-15,-47,-13,-47,-15,-48,-13,-47,-13,-48,-13,-50,-13,-52,-13,-56,-11,-60,-9,-62,-9,-67,-5,-69,0,-69,5,-65,9,-60]"
CSI_DATA,57076,d8:b1:90:d9:de:f0,-47,11,-99,-34,48,116,840068955,100,0,114,0,"[9,-54,13,-58,17,-60,21,-62,23,-62,23,-60,23,-58,21,-54,19,-50,17,-48,15,-46,13,-48,11,-46,9,-46,7,-48,5,-50,5,-52,5,-54,5,-56,1,-56,0,-56,0,-56,-3,-56,-5,-56,-3,-52,-5,-50,-7,-50,-7,-50,0,0,-11,-48,-11,-48,-13,-50,-15,-48,-15,-50,-17,-50,-19,-52,-21,-56,-23,-52,-25,-52,-25,-50,-27,-48,-27,-46,-27,-42,-27,-40,-29,-42,-29,-38,-31,-40,-32,-40,-34,-40,-38,-44,-42,-46,-44,-46,-46,-52,-48,-54,-44,-56,-40,-56,-34,-50]"
CSI_DATA,57077,d8:b1:90:d9:de:f0,-46,11,-99,-36,48,116,840088793,100,0,114,0,"[-53,-6,-59,-10,-61,-14,-63,-16,-63,-20,-61,-20,-55,-22,-53,-22,-51,-18,-49,-18,-47,-18,-47,-18,-45,-16,-47,-16,-47,-16,-51,-16,-51,-14,-53,-16,-57,-14,-55,-12,-57,-14,-57,-12,-57,-14,-57,-12,-53,-12,-53,-10,-53,-12,-53,-12,0,0,-55,-8,-53,-10,-57,-8,-55,-8,-59,-8,-59,-8,-61,-8,-61,-8,-61,-8,-61,-8,-59,-6,-57,-8,-57,-6,-55,-4,-53,-4,-55,-2,-51,-2,-53,-2,-55,-2,-59,-2,-63,0,-67,-2,-69,-2,-71,-4,-71,-8,-71,-10,-65,-14,-61,-16]"
CSI_DATA,57078,d8:b1:90:d9:de:f0,-46,11,-99,-32,47,116,840108737,100,0,114,0,"[-20,47,-26,51,-32,53,-36,49,-41,49,-41,45,-43,41,-41,39,-41,34,-39,32,-36,30,-36,30,-36,30,-34,30,-36,30,-39,32,-39,30,-43,32,-45,32,-45,34,-47,34,-49,34,-47,34,-47,32,-47,30,-47,28,-47,30,-45,28,0,0,-45,26,-47,26,-49,26,-51,26,-53,28,-55,26,-57,26,-57,26,-57,24,-57,26,-57,22,-55,22,-53,20,-51,20,-51,20,-53,16,-51,18,-53,18,-55,18,-59,18,-63,18,-67,16,-69,18,-75,14,-75,10,-73,4,-73,-2,-67,-6]"
CSI_DATA,57079,d8:b1:90:d9:de:f0,-47,11,-99,-33,48,116,840118773,100,0,114,0,"[5,-48,11,-52,13,-54,16,-56,18,-56,18,-54,16,-52,16,-50,15,-47,13,-45,13,-45,9,-45,7,-43,5,-45,3,-45,1,-47,1,-48,3,-48,0,-52,-1,-52,-5,-54,-5,-54,-7,-54,-7,-54,-9,-50,-11,-50,-13,-50,-13,-48,0,0,-16,-47,-16,-47,-16,-48,-18,-50,-24,-50,-24,-52,-26,-52,-26,-52,-26,-52,-30,-50,-30,-47,-32,-47,-30,-43,-32,-43,-30,-39,-32,-39,-32,-37,-35,-37,-37,-37,-41,-39,-45,-41,-47,-45,-50,-45,-52,-45,-52,-48,-48,-50,-45,-48,-41,-47]"
CSI_DATA,57080,d8:b1:90:d9:de:f0,-46,11,-99,-36,48,116,840129016,100,0,114,0,"[2,51,-2,55,-8,59,-10,59,-12,61,-10,57,-12,57,-12,53,-10,47,-10,47,-10,45,-10,45,-8,45,-6,45,-6,47,-6,49,-4,49,-4,53,-4,53,-2,55,-4,53,-2,55,-2,55,0,57,-2,55,0,55,0,55,0,53,0,0,2,53,2,55,4,55,6,59,4,61,6,61,6,63,6,63,6,63,6,63,8,61,6,61,8,59,10,57,10,55,10,53,12,55,12,55,12,55,14,59,14,63,14,67,16,71,14,73,12,78,8,75,4,73,2,65]"
CSI_DATA,57081,d8:b1:90:d9:de:f0,-47,11,-99,-34,48,116,840139055,100,0,114,0,"[-48,-13,-52,-17,-50,-21,-52,-25,-52,-29,-50,-29,-46,-31,-42,-31,-38,-25,-36,-27,-34,-25,-34,-25,-34,-23,-36,-25,-38,-25,-40,-25,-38,-25,-40,-25,-44,-27,-44,-25,-44,-27,-44,-27,-44,-27,-46,-25,-42,-29,-44,-27,-44,-27,-42,-25,0,0,-42,-27,-42,-25,-44,-27,-48,-29,-48,-31,-48,-32,-52,-32,-48,-31,-50,-32,-48,-32,-48,-31,-48,-32,-46,-29,-46,-29,-42,-29,-44,-29,-44,-27,-44,-29,-44,-29,-48,-31,-50,-32,-54,-36,-56,-38,-58,-44,-56,-48,-54,-50,-46,-50,-40,-48]"
CSI_DATA,57082,d8:b1:90:d9:de:f0,-46,11,-99,-35,48,116,840159111,100,0,114,0,"[-35,-41,-35,-45,-35,-47,-33,-49,-37,-53,-33,-49,-31,-51,-29,-45,-29,-39,-27,-41,-27,-35,-29,-37,-29,-37,-29,-35,-31,-35,-33,-33,-33,-31,-41,-35,-41,-33,-43,-33,-43,-31,-45,-29,-45,-29,-47,-27,-45,-27,-45,-27,-45,-25,-43,-21,0,0,-49,-19,-51,-17,-49,-17,-55,-17,-55,-15,-59,-15,-59,-13,-59,-15,-59,-9,-61,-11,-59,-11,-59,-9,-57,-7,-53,-3,-57,-1,-51,0,-53,1,-53,3,-55,5,-57,5,-61,7,-63,9,-69,9,-73,7,-73,7,-71,5,-73,3,-67,0]"
CSI_DATA,57083,d8:b1:90:d9:de:f0,-53,11,-99,-37,54,116,840178777,100,0,228,0,"[8,14,11,15,13,13,15,12,18,11,20,9,21,7,102,-7,23,2,23,1,22,-1,23,-3,22,-4,22,-7,22,-7,21,-7,20,-7,18,-6,13,-4,9,-3,4,-1,61,6,-7,4,-11,5,-15,6,-21,6,-24,6,-26,5,0,0,-28,4,-28,2,-26,0,-23,-1,-18,-3,-11,-4,133,15,4,-4,11,-3,19,-2,25,1,28,3,30,5,31,7,32,9,31,10,29,11,28,11,25,11,22,11,-18,0,12,7,6,4,1,1,-4,-4,-6,-9,-7,-12,-7,-16,1,3,7,2,10,-5,4,-15,-9,-16,-20,-6,-20,11,16,27,11,19,21,4,16,-12,2,-20,-12,-12,-15,2,-7,12,7,10,12,-1,3,-13,-11,-11,-20,4,-10,22,9,27,28,11,28,-12,11,-28,-10,-27,-24,-11,-21,7,0,0,2,13,6,5,3,2,0,5,4,10,14,7,18,-9,15,-21,-2,-28,-22,-21,-28,-1,-21,16,-4,23,8,15,11,5,7,0,5,0,7,1,12,-3,12,-14,19,-16,-20,-26,-38,-9,-39,19,-19,42,11,44,34,25,38,-1]"
CSI_DATA,57084,d8:b1:90:d9:de:f0,-53,11,-99,-39,55,116,840189271,100,0,228,0,"[-16,-6,-18,-4,-19,-1,-20,2,-21,5,-20,9,-19,11,97,-7,-16,15,-14,17,-11,19,-10,20,-9,21,-7,21,-4,22,-4,21,-3,19,-1,18,-1,15,0,10,-1,5,58,6,-2,-8,-3,-12,-2,-17,-2,-21,-2,-24,-2,-26,0,0,-2,-27,-1,-27,0,-25,1,-22,2,-17,3,-12,46,0,4,3,4,10,4,17,4,23,3,27,2,29,2,31,2,32,1,31,1,30,0,29,0,27,0,23,-17,15,0,15,0,9,0,3,1,-4,3,-10,5,-13,7,-15,-3,-1,-6,4,-3,11,8,13,18,5,18,-11,5,-22,-31,-5,-22,-2,-16,15,1,20,15,12,17,-4,6,-15,-7,-11,-13,1,-3,11,10,8,14,-6,3,-20,-16,-18,-29,0,-18,23,3,29,25,16,27,-5,14,-20,-4,-21,0,0,-13,2,-6,6,-1,3,-4,0,-9,5,-7,14,11,16,22,13,27,-5,16,-24,-5,-27,-19,-16,-21,1,-12,12,-3,13,3,7,2,5,2,7,8,9,18,5,22,9,13,-28,-12,-36,-36,-22,-43,7,-27,34,0,42,24,28]"
CSI_DATA,57085,d8:b1:90:d9:de:f0,-53,11,-99,-39,55,116,840208625,100,0,228,0,"[18,1,20,-1,21,-4,20,-7,20,-10,18,-12,16,-15,97,-7,11,-18,9,-20,7,-21,5,-22,3,-23,1,-23,-1,-23,-1,-22,-1,-21,-1,-18,-1,-15,-1,-10,1,-4,58,6,3,8,3,13,5,18,5,22,5,25,6,28,0,0,3,29,2,28,1,26,0,23,-1,18,-3,12,-28,15,-4,-2,-4,-9,-4,-17,-4,-22,-4,-27,-2,-29,-1,-31,-1,-32,0,-31,1,-30,1,-29,1,-27,1,-24,10,0,1,-15,0,-9,-1,-3,-2,4,-4,9,-8,13,-10,14,4,0,6,-6,-1,-12,-12,-12,-20,1,-15,16,1,24,32,-2,24,-4,13,-19,-5,-21,-18,-9,-16,7,-4,16,10,10,12,-3,1,-12,-11,-6,-14,9,0,21,20,15,29,-4,15,-25,-8,-29,-26,-14,-27,8,-12,22,6,21,0,0,13,-2,5,-6,1,-2,5,0,10,-5,7,-16,-10,-16,-23,-13,-28,6,-16,25,5,28,20,16,22,-1,13,-13,3,-12,-3,-8,-3,-4,-2,-6,-7,-9,-17,-5,-21,-11,-15,27,8,36,34,24,44,-4,31,-32,4,-41,-20,-29]"
CSI_DATA,57086,d8:b1:90:d9:de:f0,-53,11,-99,-35,54,116,840218765,100,0,228,0,"[-20,1,-21,3,-22,6,-21,8,-20,11,-18,13,-16,16,97,-7,-11,19,-9,20,-7,21,-5,21,-3,23,-2,23,0,24,1,23,2,22,1,18,1,15,1,10,0,4,58,6,0,-8,0,-15,0,-19,1,-23,1,-26,2,-28,0,0,3,-29,4,-28,4,-26,5,-22,5,-18,4,-11,60,0,1,2,-1,9,-4,16,-7,20,-9,25,-11,28,-12,29,-12,29,-12,29,-12,27,-13,25,-12,23,-11,21,110,15,-7,13,-3,9,1,5,5,1,11,-2,14,-4,17,-5,-4,0,-6,6,1,13,13,11,20,-1,15,-17,-3,-24,-34,3,-24,4,-13,20,6,22,18,10,18,-8,5,-17,-9,-12,-13,2,-3,12,12,8,16,-7,3,-21,-17,-18,-28,-1,-20,22,3,30,23,19,28,-3,16,-19,-2,-21,0,0,-12,1,-5,5,0,2,-4,-4,-12,-1,-13,11,1,17,16,21,29,4,25,-16,7,-28,-12,-22,-20,-7,-16,7,-5,12,2,8,2,4,-2,5,1,10,11,13,14,22,26,-15,12,-34,-15,-38,-38,-20,-42,9,-25,32,1,36]"
CSI_DATA,57087,d8:b1:90:d9:de:f0,-53,11,-99,-39,55,116,840238771,100,0,228,0,"[-13,15,-13,17,-12,18,-9,20,-5,21,-2,21,2,21,97,-7,8,19,11,17,13,15,15,13,18,12,19,11,20,10,20,8,20,7,17,6,14,4,9,4,3,3,58,6,-8,1,-15,0,-19,-1,-23,-1,-26,-1,-28,-2,0,0,-29,-3,-28,-4,-27,-3,-23,-4,-18,-4,-12,-4,111,15,3,-4,10,-2,16,-2,22,-1,26,0,30,0,31,0,31,1,32,0,29,0,28,0,26,0,23,0,15,1,14,0,8,0,2,-1,-4,-3,-10,-4,-14,-6,-16,-8,-2,3,2,8,12,7,17,-4,11,-17,-6,-22,-21,-12,-19,29,-10,23,10,22,22,6,18,-11,3,-20,-12,-12,-14,2,-4,11,9,7,10,-7,-2,-16,-18,-8,-21,12,-7,28,18,22,29,2,22,-20,1,-28,-17,-17,-21,0,0,0,-1,13,4,6,1,3,-1,6,3,12,15,10,18,-7,16,-21,-3,-29,-23,-19,-29,1,-17,19,0,22,13,13,13,1,8,-4,4,-3,6,-2,8,-7,5,-16,9,-21,-27,-12,-34,11,-21,35,8,42,34,26,40,-2,26,-25]"
CSI_DATA,57088,d8:b1:90:d9:de:f0,-53,11,-99,-39,55,116,840258672,100,0,228,0,"[20,-5,21,-7,22,-9,21,-11,20,-13,17,-15,14,-16,97,-7,8,-19,6,-20,3,-21,1,-21,-1,-22,-3,-21,-4,-21,-4,-21,-4,-19,-4,-17,-3,-14,-2,-9,1,-4,58,6,5,8,7,13,8,18,9,22,10,25,10,28,0,0,8,29,7,28,5,27,4,24,2,19,-1,13,-9,15,-3,-1,-4,-9,-4,-15,-5,-22,-4,-26,-3,-28,-3,-30,-2,-31,-1,-31,-1,-29,-1,-28,0,-26,0,-23,20,0,1,-13,0,-8,-2,-2,-3,6,-5,10,-7,14,-10,15,3,-2,3,-7,-6,-11,-16,-6,-19,8,-10,22,9,23,35,-8,24,-10,8,-23,-11,-20,-21,-6,-16,11,-2,18,11,10,13,-4,1,-12,-12,-5,-12,10,3,20,21,12,28,-6,12,-27,-12,-27,-28,-11,-25,10,-10,23,7,20,0,0,12,-4,4,-5,2,-1,6,0,10,-7,5,-17,-12,-15,-25,-10,-28,10,-13,27,7,28,23,14,23,-3,12,-14,1,-13,-4,-7,-2,-3,-2,-6,-6,-8,-17,-5,-21,-9,-14,27,9,35,34,24,43,-4,30,-31,3,-40,-20,-29]"
CSI_DATA,57089,d8:b1:90:d9:de:f0,-53,11,-99,-37,54,116,840269050,100,0,228,0,"[-4,20,-4,22,-2,23,0,24,3,23,5,23,7,21,102,-7,12,18,13,16,16,14,18,13,19,12,21,11,21,10,20,9,19,9,15,8,12,6,7,5,2,2,61,6,-10,-3,-14,-5,-19,-8,-22,-11,-24,-15,-25,-18,0,0,-25,-20,-22,-21,-20,-21,-16,-19,-11,-15,-7,-11,-78,15,3,0,8,6,11,12,12,19,14,23,14,26,13,29,12,29,11,29,9,28,8,27,6,25,5,23,58,0,2,12,1,7,1,0,1,-7,3,-12,6,-16,9,-19,-1,4,5,6,13,2,14,-10,4,-21,-14,-20,-25,-5,-11,33,-5,26,14,21,23,4,18,-13,1,-21,-13,-12,-15,3,-5,12,9,8,11,-5,0,-16,-18,-12,-24,6,-16,25,10,29,28,13,29,-9,13,-25,-7,-25,-19,-11,0,0,-8,9,-1,6,-1,2,-5,4,-6,11,4,19,18,8,29,-3,22,-22,1,-31,-20,-24,-28,-5,-20,12,-6,19,4,13,6,5,4,2,3,4,7,6,18,1,23,5,8,-29,-14,-33,-38,-18,-43,10,-26,36,1,41,24,27]"
CSI_DATA,57090,d8:b1:90:d9:de:f0,-52,11,-99,-39,54,116,840288909,100,0,228,0,"[-14,-14,-16,-14,-20,-13,-21,-10,-22,-7,-22,-4,-23,0,108,-7,-21,6,-21,10,-20,12,-17,14,-16,16,-15,19,-14,20,-13,19,-11,19,-10,15,-7,12,-5,7,-2,1,65,6,2,-11,4,-16,6,-21,8,-25,10,-28,11,-30,0,0,12,-30,13,-29,12,-26,11,-23,10,-17,7,-12,72,0,1,2,-2,10,-6,16,-8,21,-12,25,-14,28,-14,29,-15,29,-15,28,-14,28,-13,25,-12,23,-11,20,-115,16,-6,11,-3,5,1,0,5,-5,10,-10,14,-13,16,-12,-3,-3,-10,1,-8,12,2,19,19,14,24,-4,16,-22,-29,-22,-23,-13,-24,7,-10,22,10,21,20,5,15,-11,-1,-15,-12,-5,-8,8,6,13,17,1,13,-19,-7,-25,-28,-16,-30,13,-11,31,14,30,29,10,24,-12,7,-22,0,0,-11,-5,-6,1,-2,-1,-6,-4,-14,-1,-16,13,0,21,16,25,32,7,30,-16,8,-31,-13,-25,-23,-8,-19,7,-5,13,2,8,1,3,-1,4,1,11,12,12,15,19,25,-19,7,-37,-21,-35,-43,-13,-41,17,-17,38,8,34]"
CSI_DATA,57091,d8:b1:90:d9:de:f0,-52,11,-99,-39,54,116,840299018,100,0,228,0,"[12,16,14,16,16,15,19,13,21,11,22,6,23,3,108,-7,23,-2,22,-6,22,-7,21,-10,21,-12,21,-14,20,-14,19,-14,16,-14,15,-12,12,-8,7,-4,2,0,65,6,-5,10,-11,14,-15,17,-19,20,-21,22,-24,22,0,0,-25,22,-25,20,-23,17,-22,14,-17,11,-12,6,135,16,1,-3,8,-6,15,-10,21,-12,24,-13,28,-14,30,-14,31,-13,30,-13,29,-12,28,-11,25,-10,21,-7,-21,0,12,-3,5,-1,-2,0,-8,0,-14,0,-20,-1,-21,-3,3,3,10,0,11,-10,1,-19,-15,-17,-24,-1,-20,19,23,29,20,17,26,-2,14,-20,-4,-22,-17,-10,-16,7,-3,15,10,8,11,-5,-2,-14,-17,-6,-19,13,-1,28,21,28,32,-1,23,-25,-1,-33,-22,-21,-26,1,-16,15,0,0,6,10,6,2,1,2,4,7,13,8,22,-3,13,-19,-1,-31,-23,-24,-34,-2,-25,21,-4,30,14,21,20,4,13,-6,4,-7,1,-4,4,-3,6,-8,-1,-17,0,-24,-31,-3,-31,21,-11,42,20,40,41,17,41,-12,20,-30]"
CSI_DATA,57092,d8:b1:90:d9:de:f0,-53,11,-99,-37,54,116,840309094,100,0,228,0,"[-9,-18,-11,-19,-13,-19,-15,-16,-18,-15,-19,-12,-21,-8,102,-7,-21,-4,-22,-1,-23,0,-22,2,-23,5,-22,6,-22,6,-21,6,-20,6,-16,3,-13,3,-9,-1,-2,-3,61,6,8,-7,15,-9,21,-10,25,-10,28,-10,30,-9,0,0,32,-7,31,-5,28,-3,25,-2,19,-1,12,1,-115,0,-2,1,-11,0,-18,-2,-23,-2,-27,-4,-30,-6,-31,-7,-30,-9,-30,-9,-28,-9,-26,-9,-23,-9,-20,-8,34,15,-10,-5,-5,-3,0,2,6,6,9,9,11,14,10,18,-3,-3,-9,1,-10,10,-3,19,13,19,24,4,22,-14,-16,-32,-14,-22,-25,-5,-19,13,-2,22,13,14,18,-1,8,-12,-6,-11,-12,1,-3,13,12,12,22,-5,12,-24,-6,-32,-28,-12,-29,12,-13,28,9,27,23,11,21,-5,0,0,0,-11,-3,-5,1,-3,0,-8,-6,-13,-20,-8,-21,8,-16,25,5,32,26,21,32,-2,20,-20,1,-24,-12,-15,-13,-3,-8,3,-3,2,-5,-1,-10,2,-11,12,-16,15,19,24,36,7,37,-21,14,-42,-14,-41,-34,-21,-34,5]"
CSI_DATA,57093,d8:b1:90:d9:de:f0,-46,11,-99,-33,47,116,840319400,100,0,114,0,"[44,-33,52,-33,57,-33,61,-29,63,-27,61,-23,61,-19,59,-16,52,-16,52,-12,48,-12,48,-12,50,-14,50,-14,50,-16,52,-16,54,-16,57,-19,59,-19,59,-19,59,-16,59,-19,59,-16,59,-19,59,-19,59,-19,59,-19,57,-16,0,0,54,-16,57,-16,59,-16,61,-16,63,-16,65,-14,63,-16,63,-14,61,-14,61,-16,59,-16,57,-16,54,-16,52,-14,52,-14,52,-14,50,-14,52,-16,54,-16,54,-16,59,-16,61,-16,65,-19,69,-16,69,-14,69,-10,69,-4,65,0]"
CSI_DATA,57094,d8:b1:90:d9:de:f0,-45,11,-99,-35,47,116,840338853,100,0,114,0,"[58,11,62,15,64,22,64,29,64,33,62,35,55,38,51,35,44,35,44,35,42,33,42,35,42,33,42,35,44,35,47,35,47,38,49,40,51,42,51,42,51,42,49,47,49,47,49,47,47,44,44,42,44,44,42,44,0,0,42,47,42,47,42,49,42,51,42,51,42,53,40,55,40,55,40,55,40,53,40,51,38,49,35,49,33,47,33,47,33,47,33,44,33,47,33,49,33,51,35,55,35,60,35,62,35,67,33,71,29,73,22,71,15,67]"
CSI_DATA,57095,d8:b1:90:d9:de:f0,-45,11,-99,-35,47,116,840348919,100,0,114,0,"[-8,58,-13,64,-17,67,-22,69,-22,69,-22,67,-22,64,-20,62,-17,55,-17,55,-13,53,-13,53,-13,51,-11,53,-8,55,-6,60,-4,60,-4,62,0,64,0,64,2,67,4,69,4,69,8,67,8,64,8,64,11,64,11,62,0,0,15,60,17,60,20,62,22,62,24,64,26,64,29,64,29,62,31,60,31,60,33,55,33,53,33,51,33,49,35,44,38,44,38,42,40,42,42,40,47,42,51,44,53,47,55,49,58,51,58,51,55,53,51,51,44,49]"
CSI_DATA,57096,d8:b1:90:d9:de:f0,-46,11,-99,-33,47,116,840368800,100,0,114,0,"[0,-57,2,-63,8,-65,12,-67,16,-67,16,-65,19,-63,16,-59,19,-54,19,-52,19,-50,14,-52,14,-50,10,-52,10,-52,10,-54,12,-54,12,-57,12,-59,12,-63,10,-63,12,-63,12,-63,12,-63,10,-61,6,-61,6,-59,8,-59,0,0,8,-59,8,-59,8,-61,8,-61,6,-63,6,-65,8,-65,6,-65,6,-63,2,-63,0,-61,-2,-59,-2,-57,0,-57,0,-54,0,-52,-2,-52,-4,-52,-4,-57,-4,-61,-4,-63,-2,-67,-6,-71,-6,-71,-4,-73,2,-73,6,-69,8,-61]"
CSI_DATA,57097,d8:b1:90:d9:de:f0,-45,11,-99,-35,47,116,840378809,100,0,114,0,"[-55,-2,-62,-6,-64,-8,-64,-15,-67,-17,-64,-20,-60,-24,-58,-24,-53,-20,-53,-22,-49,-17,-49,-20,-49,-22,-49,-20,-51,-22,-53,-22,-51,-22,-58,-22,-60,-24,-58,-24,-60,-26,-64,-24,-62,-24,-60,-24,-60,-26,-60,-29,-58,-26,-58,-26,0,0,-55,-24,-55,-24,-55,-26,-58,-29,-62,-29,-62,-31,-62,-29,-60,-29,-58,-26,-60,-26,-58,-29,-58,-26,-53,-24,-53,-24,-51,-22,-51,-22,-51,-22,-53,-22,-55,-22,-58,-24,-62,-26,-64,-29,-69,-31,-69,-38,-64,-40,-62,-42,-58,-44,-49,-44]"
CSI_DATA,57098,d8:b1:90:d9:de:f0,-46,11,-99,-35,47,116,840389129,100,0,114,0,"[-22,-53,-20,-58,-20,-60,-17,-62,-17,-67,-15,-60,-15,-62,-15,-55,-17,-53,-17,-51,-17,-49,-20,-49,-20,-47,-22,-47,-24,-49,-29,-49,-31,-47,-33,-51,-33,-47,-40,-49,-40,-49,-44,-49,-44,-47,-47,-47,-47,-44,-44,-42,-47,-40,-47,-40,0,0,-51,-33,-53,-35,-53,-33,-55,-31,-58,-31,-60,-29,-62,-29,-62,-26,-62,-24,-64,-22,-62,-17,-62,-17,-62,-11,-58,-11,-58,-8,-55,-6,-58,-2,-58,-2,-60,2,-62,2,-67,4,-71,4,-78,6,-78,6,-78,4,-76,4,-76,0,-67,-4]"
CSI_DATA,57099,d8:b1:90:d9:de:f0,-46,11,-99,-34,47,116,840409041,100,0,114,0,"[54,15,58,19,60,21,60,28,60,30,58,30,52,30,52,28,47,26,47,28,47,23,45,23,45,21,47,21,47,21,50,21,52,21,54,19,56,21,58,19,60,19,58,19,60,19,60,17,60,17,60,17,60,15,58,13,0,0,60,15,58,13,63,13,60,10,65,10,65,10,67,8,67,10,63,8,65,6,60,4,63,2,60,2,60,0,56,-2,58,0,56,-2,58,-4,60,-4,65,-4,69,-6,73,-6,78,-4,76,-4,80,-2,80,2,76,6,69,8]"
CSI_DATA,57100,d8:b1:90:d9:de:f0,-46,11,-99,-33,47,116,840428658,100,0,114,0,"[38,38,38,46,38,50,33,57,33,57,29,59,25,54,25,52,19,48,19,48,19,46,19,46,21,46,21,46,21,48,23,48,25,50,25,50,25,54,27,54,29,57,25,57,25,57,25,57,23,52,23,52,23,52,23,52,0,0,25,54,23,52,23,57,23,52,25,57,25,57,23,57,25,61,25,59,25,57,25,54,25,52,25,52,23,50,23,48,25,50,23,46,25,48,25,50,25,57,29,61,29,63,27,65,27,71,27,73,21,78,14,73,8,69]"
CSI_DATA,57101,d8:b1:90:d9:de:f0,-46,11,-99,-33,47,116,840438642,100,0,114,0,"[-52,0,-57,-4,-61,-8,-61,-12,-61,-19,-59,-21,-54,-23,-52,-23,-48,-19,-44,-23,-44,-21,-42,-21,-44,-23,-42,-23,-46,-23,-48,-25,-48,-25,-50,-25,-52,-27,-52,-27,-52,-29,-54,-31,-52,-33,-54,-31,-48,-33,-48,-33,-46,-33,-48,-33,0,0,-46,-33,-46,-35,-48,-38,-48,-35,-50,-40,-48,-42,-48,-42,-50,-44,-48,-42,-46,-42,-48,-42,-44,-40,-44,-38,-42,-38,-42,-38,-40,-38,-40,-35,-42,-40,-42,-40,-44,-46,-46,-48,-46,-50,-46,-54,-48,-61,-46,-63,-40,-67,-33,-67,-25,-65]"
CSI_DATA,57102,d8:b1:90:d9:de:f0,-46,11,-99,-33,47,116,840448787,100,0,114,0,"[-46,25,-52,25,-59,23,-61,21,-61,19,-61,19,-57,16,-54,16,-50,16,-50,16,-48,16,-46,19,-44,19,-44,23,-44,25,-46,27,-46,29,-48,29,-50,33,-48,35,-48,38,-48,38,-46,40,-46,38,-44,40,-44,40,-44,42,-42,42,0,0,-40,44,-38,42,-40,46,-38,48,-38,50,-38,52,-38,52,-35,57,-35,54,-31,57,-29,54,-27,54,-25,52,-23,52,-23,50,-21,54,-16,52,-14,57,-14,59,-14,59,-14,67,-16,67,-16,71,-19,76,-21,76,-23,76,-25,71,-27,63]"
CSI_DATA,57103,d8:b1:90:d9:de:f0,-45,11,-99,-35,47,116,840468767,100,0,114,0,"[-17,-53,-13,-60,-8,-62,-4,-62,-4,-69,-2,-64,2,-64,2,-58,2,-55,2,-55,0,-51,2,-55,2,-51,0,-53,-2,-53,0,-55,-2,-55,-2,-60,-2,-62,0,-64,-2,-64,-4,-67,-4,-67,-6,-67,-2,-69,0,-62,0,-64,-2,-60,0,0,-2,-60,-2,-62,0,-62,0,-67,-4,-64,-2,-69,-6,-69,-4,-71,-4,-69,-4,-71,-2,-67,-4,-64,-4,-60,-4,-58,-4,-60,-4,-58,-4,-58,-6,-55,-8,-60,-11,-64,-11,-69,-8,-73,-6,-78,-2,-80,2,-80,4,-76,8,-78,13,-69]"
CSI_DATA,57104,d8:b1:90:d9:de:f0,-46,11,-99,-33,47,116,840478789,100,0,114,0,"[-4,52,-10,59,-16,61,-23,63,-23,59,-27,59,-27,52,-29,52,-29,46,-29,44,-29,44,-27,40,-25,44,-25,42,-27,44,-29,46,-31,50,-31,46,-35,52,-33,50,-35,52,-38,50,-40,50,-40,50,-38,46,-38,48,-40,48,-40,44,0,0,-40,46,-38,44,-44,46,-42,46,-44,48,-48,46,-48,44,-50,44,-50,44,-46,44,-44,44,-44,44,-42,42,-44,40,-40,38,-42,40,-38,35,-42,38,-42,38,-48,38,-50,40,-57,42,-57,42,-61,44,-65,42,-69,38,-65,27,-65,23]"
CSI_DATA,57105,d8:b1:90:d9:de:f0,-45,11,-99,-35,47,116,840498759,100,0,114,0,"[58,-2,62,0,69,4,71,4,69,8,67,11,64,11,60,8,58,6,58,6,55,6,55,4,55,2,55,0,58,0,60,-2,60,-4,62,-4,64,-4,67,-8,64,-11,67,-8,67,-13,69,-11,64,-13,62,-11,64,-13,62,-13,0,0,62,-17,62,-15,62,-17,62,-17,60,-22,62,-24,62,-24,64,-26,62,-26,60,-29,58,-26,55,-29,53,-29,51,-31,49,-29,49,-29,47,-31,44,-33,44,-38,49,-38,51,-44,55,-44,55,-49,60,-47,64,-49,64,-44,64,-40,60,-31]"
CSI_DATA,57106,d8:b1:90:d9:de:f0,-45,11,-99,-35,47,116,840508926,100,0,114,0,"[47,31,47,40,49,47,53,49,44,49,51,51,44,51,40,44,42,40,31,40,35,42,31,42,29,47,33,40,40,47,44,42,35,42,47,49,44,44,49,44,51,49,49,40,51,47,49,47,58,55,49,49,49,42,42,42,0,0,44,49,44,49,49,47,47,38,58,51,49,51,49,51,51,40,42,42,49,40,44,44,53,42,51,49,51,38,42,38,51,31,49,26,47,29,49,35,55,38,55,35,53,42,58,47,71,55,58,53,55,51,53,55,42,51]"
CSI_DATA,57107,d8:b1:90:d9:de:f0,-45,11,-99,-32,46,116,840528629,100,0,114,0,"[59,-6,64,-4,64,2,69,6,71,11,64,13,64,16,59,16,55,16,55,18,52,16,55,18,52,16,52,16,55,16,57,18,57,18,59,20,59,20,64,23,64,25,64,27,64,27,64,29,64,27,62,29,59,29,59,27,0,0,57,34,59,36,59,34,59,34,57,36,57,39,59,39,59,43,57,41,57,39,55,36,52,36,52,36,48,34,48,34,46,32,43,34,46,32,48,34,50,39,52,41,52,46,57,48,59,52,55,57,50,62,46,64,36,59]"
CSI_DATA,57108,d8:b1:90:d9:de:f0,-45,11,-99,-32,46,116,840539389,100,0,114,0,"[55,13,59,18,62,20,64,25,64,27,62,27,59,29,55,25,52,23,52,23,50,20,52,20,50,18,52,18,55,20,57,18,57,16,59,18,64,18,64,16,66,16,69,13,69,16,69,13,66,13,64,16,66,16,64,13,0,0,66,11,66,11,69,11,66,11,69,9,69,6,71,6,71,6,71,6,71,4,66,4,66,2,62,0,62,0,59,-2,59,-2,57,-4,57,-6,59,-9,62,-9,66,-11,71,-9,73,-9,78,-6,80,-4,80,0,76,4,69,6]"
CSI_DATA,57109,d8:b1:90:d9:de:f0,-45,11,-99,-32,46,116,840558706,100,0,114,0,"[-50,25,-57,23,-62,20,-64,18,-66,16,-64,13,-62,9,-59,9,-57,11,-55,9,-52,11,-52,11,-52,11,-52,11,-55,13,-57,16,-59,16,-62,16,-64,18,-66,20,-64,18,-66,20,-64,18,-66,23,-64,20,-64,18,-64,20,-62,20,0,0,-62,23,-64,20,-66,20,-66,23,-69,23,-69,25,-69,25,-69,25,-69,25,-66,27,-64,25,-62,27,-57,25,-55,27,-55,25,-52,25,-52,27,-52,27,-52,29,-57,32,-59,34,-66,34,-69,36,-73,36,-76,32,-76,29,-76,23,-69,16]"
CSI_DATA,57110,d8:b1:90:d9:de:f0,-45,11,-99,-32,46,116,840568952,100,0,114,0,"[50,-23,57,-20,64,-20,66,-13,69,-11,64,-6,64,-2,62,0,57,-2,57,2,55,0,55,2,52,0,52,0,55,0,57,0,59,0,64,0,66,0,69,0,66,2,71,2,69,4,71,2,69,6,69,6,66,6,66,9,0,0,66,9,69,9,66,9,71,11,71,13,71,16,73,13,71,16,71,13,71,16,69,13,66,13,64,13,62,13,59,13,57,11,57,11,57,11,62,13,64,16,69,18,73,20,73,23,78,27,78,32,73,36,69,41,57,39]"
CSI_DATA,57111,d8:b1:90:d9:de:f0,-45,11,-99,-32,46,116,840589119,100,0,114,0,"[-25,52,-29,55,-36,55,-39,55,-41,55,-41,52,-39,48,-39,48,-36,46,-36,43,-32,43,-32,43,-29,46,-29,46,-27,50,-25,50,-27,52,-27,55,-27,59,-25,59,-27,64,-27,64,-25,64,-23,64,-23,64,-20,62,-20,64,-20,62,0,0,-18,62,-16,62,-18,64,-13,66,-16,69,-16,69,-13,69,-11,71,-11,69,-9,69,-6,69,-4,66,-2,62,0,62,0,59,2,59,4,57,6,59,6,62,6,66,9,69,9,73,9,78,9,82,6,82,2,82,-2,80,-4,71]"
CSI_DATA,57112,d8:b1:90:d9:de:f0,-45,11,-99,-32,46,116,840608691,100,0,114,0,"[-55,2,-62,-2,-64,-4,-66,-9,-64,-11,-64,-11,-59,-13,-59,-13,-52,-11,-55,-13,-50,-11,-50,-11,-50,-9,-50,-9,-52,-9,-55,-6,-59,-6,-62,-6,-66,-6,-66,-4,-69,-6,-69,-6,-69,-6,-69,-4,-66,-6,-66,-4,-66,-6,-64,-6,0,0,-64,-2,-64,-4,-69,-4,-66,-2,-71,-6,-73,-6,-71,-4,-76,-4,-71,-4,-71,-2,-69,0,-64,-2,-62,0,-62,2,-57,2,-59,4,-55,4,-59,4,-62,6,-64,6,-71,6,-73,4,-78,4,-80,4,-80,-2,-82,-4,-78,-9,-71,-13]"
CSI_DATA,57113,d8:b1:90:d9:de:f0,-45,11,-99,-32,46,116,840618719,100,0,114,0,"[-32,46,-36,46,-43,46,-48,43,-48,41,-48,39,-48,34,-50,32,-46,32,-46,29,-41,27,-43,27,-43,29,-43,27,-43,29,-46,32,-48,34,-52,34,-52,39,-55,39,-57,36,-57,39,-59,36,-57,36,-57,36,-57,34,-55,32,-55,32,0,0,-55,32,-55,32,-59,32,-62,32,-64,32,-64,32,-64,32,-69,32,-64,32,-64,32,-64,32,-59,29,-55,27,-52,27,-52,27,-52,27,-52,27,-55,27,-55,27,-59,29,-64,34,-66,32,-73,34,-76,29,-78,25,-78,20,-80,16,-73,6]"
CSI_DATA,57114,d8:b1:90:d9:de:f0,-45,11,-99,-31,46,116,840628911,100,0,114,0,"[49,-20,55,-20,60,-17,60,-20,62,-20,60,-17,55,-15,55,-15,53,-20,49,-17,47,-20,47,-20,47,-22,44,-22,47,-26,47,-31,47,-35,49,-38,49,-40,49,-44,49,-47,49,-51,47,-49,44,-51,44,-49,44,-49,42,-49,42,-51,0,0,33,-53,35,-55,33,-55,33,-60,33,-64,33,-67,29,-67,26,-64,24,-64,24,-64,22,-64,17,-64,13,-62,11,-60,8,-58,6,-58,2,-58,2,-60,-2,-64,-2,-67,-6,-69,-6,-73,-6,-78,-4,-82,-2,-80,-2,-80,2,-78,6,-69]"
CSI_DATA,57115,d8:b1:90:d9:de:f0,-45,11,-99,-35,47,116,840639337,100,0,114,0,"[40,38,42,44,40,47,38,49,38,55,35,53,33,53,31,51,31,47,31,44,31,42,31,42,31,42,33,40,35,42,35,42,40,42,42,47,44,49,47,49,47,49,49,49,49,47,49,47,49,47,47,49,47,44,47,42,0,0,47,42,47,44,49,44,51,44,53,47,55,47,55,44,55,44,55,42,55,42,53,42,53,38,51,35,49,33,49,33,49,31,51,29,51,29,55,29,58,31,62,31,64,33,69,38,69,42,67,44,64,44,60,49,51,51]"
CSI_DATA,57116,d8:b1:90:d9:de:f0,-45,11,-99,-35,47,116,840658675,100,0,114,0,"[-6,-53,-4,-60,2,-62,4,-64,6,-64,8,-62,11,-60,11,-58,8,-55,11,-53,8,-51,6,-51,6,-51,6,-51,6,-53,4,-55,4,-58,4,-60,4,-64,4,-64,4,-67,2,-67,4,-67,4,-67,4,-64,4,-64,6,-62,6,-62,0,0,4,-62,6,-64,6,-67,4,-67,4,-69,6,-69,4,-69,6,-71,4,-71,4,-69,4,-67,2,-64,2,-60,2,-60,0,-58,0,-58,0,-58,0,-58,-2,-60,0,-62,-2,-67,0,-69,2,-73,4,-78,8,-78,13,-78,17,-73,20,-67]"
CSI_DATA,57117,d8:b1:90:d9:de:f0,-45,11,-99,-34,47,116,840669229,100,0,114,0,"[-45,-26,-50,-30,-52,-34,-52,-36,-52,-36,-52,-36,-47,-36,-47,-32,-45,-30,-45,-30,-45,-26,-45,-26,-45,-21,-47,-19,-50,-21,-54,-19,-54,-17,-56,-15,-60,-15,-63,-13,-63,-10,-63,-8,-63,-8,-63,-6,-63,-6,-60,-4,-63,-2,-63,-2,0,0,-63,2,-63,4,-65,6,-65,8,-67,10,-69,10,-69,13,-67,15,-67,17,-65,17,-60,21,-60,21,-58,23,-56,26,-52,28,-50,28,-47,30,-47,32,-50,34,-52,36,-54,41,-58,45,-60,47,-63,50,-65,50,-67,47,-63,43,-58,34]"
CSI_DATA,57118,d8:b1:90:d9:de:f0,-46,11,-99,-34,47,116,840688707,100,0,114,0,"[-45,19,-52,19,-58,19,-58,15,-60,15,-60,13,-58,10,-56,10,-52,10,-52,8,-50,10,-47,13,-43,15,-47,17,-45,17,-47,21,-52,21,-52,26,-56,26,-56,28,-54,30,-54,30,-52,30,-54,32,-52,34,-50,32,-52,34,-50,34,0,0,-50,36,-50,36,-52,39,-50,41,-50,43,-52,43,-52,43,-52,45,-50,45,-45,45,-43,45,-43,47,-39,45,-36,47,-34,45,-34,45,-30,47,-30,47,-30,50,-32,52,-32,56,-36,60,-36,65,-39,67,-41,69,-45,65,-45,58,-45,52]"
CSI_DATA,57119,d8:b1:90:d9:de:f0,-46,11,-99,-33,47,116,840700772,100,0,114,0,"[46,-25,52,-27,57,-25,59,-23,61,-23,61,-21,59,-16,57,-19,52,-16,50,-14,48,-16,48,-16,44,-16,46,-19,46,-21,46,-23,48,-25,52,-27,52,-29,52,-31,50,-31,52,-31,52,-31,52,-33,50,-33,50,-33,50,-33,48,-35,0,0,48,-35,48,-35,48,-38,50,-42,48,-42,50,-42,50,-42,48,-42,46,-42,46,-44,44,-42,44,-44,40,-44,38,-42,35,-42,33,-44,31,-44,31,-44,33,-46,33,-48,35,-54,38,-57,42,-61,44,-61,48,-61,48,-59,50,-54,48,-48]"
CSI_DATA,57120,d8:b1:90:d9:de:f0,-46,11,-99,-33,47,116,840718746,100,0,114,0,"[23,50,19,57,12,63,8,65,6,65,2,63,0,61,-2,59,-2,54,-4,52,-4,50,-4,50,-6,50,-4,50,-4,52,-4,54,-6,54,-6,57,-8,59,-10,59,-8,61,-10,61,-10,61,-10,61,-12,59,-14,59,-14,57,-16,59,0,0,-19,54,-19,54,-23,57,-23,59,-23,61,-25,61,-27,61,-27,61,-27,59,-27,57,-27,54,-27,54,-27,54,-27,50,-27,48,-25,46,-27,46,-27,48,-27,50,-29,54,-31,57,-38,59,-40,61,-46,61,-50,59,-54,54,-57,46,-54,38]"
CSI_DATA,57121,d8:b1:90:d9:de:f0,-46,11,-99,-33,47,116,840728749,100,0,114,0,"[40,-33,46,-33,50,-31,52,-31,52,-31,52,-31,48,-29,50,-27,46,-27,42,-25,40,-27,40,-25,40,-27,40,-31,40,-33,40,-35,38,-38,40,-38,40,-42,40,-44,40,-48,40,-50,38,-48,35,-50,35,-48,35,-50,33,-50,33,-50,0,0,31,-52,29,-52,29,-57,25,-54,27,-59,27,-61,25,-61,25,-61,21,-63,19,-59,19,-61,16,-61,10,-59,10,-57,8,-54,6,-54,4,-52,4,-57,2,-59,0,-61,0,-63,-2,-69,-2,-71,0,-76,0,-76,2,-76,6,-71,8,-67]"
CSI_DATA,57122,d8:b1:90:d9:de:f0,-46,11,-99,-36,48,116,840738809,100,0,114,0,"[-53,-6,-57,-10,-59,-14,-61,-16,-59,-20,-55,-18,-55,-20,-51,-20,-49,-16,-49,-16,-47,-16,-47,-16,-47,-14,-47,-14,-49,-14,-51,-14,-53,-10,-55,-12,-57,-12,-59,-10,-59,-8,-61,-8,-61,-8,-61,-8,-61,-8,-59,-8,-61,-8,-57,-6,0,0,-59,-4,-59,-6,-59,-4,-61,-2,-61,-4,-61,-2,-63,0,-63,0,-63,-2,-61,2,-59,2,-59,2,-55,2,-55,4,-53,4,-51,6,-53,8,-53,10,-53,12,-57,12,-61,14,-65,12,-69,14,-71,12,-73,10,-71,8,-71,4,-63,-2]"
CSI_DATA,57123,d8:b1:90:d9:de:f0,-46,11,-99,-32,47,116,840748825,100,0,114,0,"[-41,-28,-43,-34,-41,-39,-39,-43,-41,-45,-36,-45,-32,-47,-30,-45,-28,-41,-26,-43,-26,-39,-26,-41,-26,-39,-28,-36,-28,-39,-30,-41,-30,-43,-34,-43,-36,-45,-36,-47,-36,-47,-39,-49,-34,-49,-36,-47,-34,-49,-36,-47,-34,-45,-34,-47,0,0,-34,-47,-34,-47,-34,-47,-39,-51,-39,-51,-36,-53,-39,-53,-36,-53,-36,-51,-36,-51,-39,-47,-36,-47,-34,-43,-32,-43,-34,-39,-34,-41,-34,-41,-36,-43,-36,-43,-41,-47,-41,-49,-41,-51,-45,-55,-47,-59,-45,-61,-39,-63,-34,-63,-28,-59]"
CSI_DATA,57124,d8:b1:90:d9:de:f0,-50,9,-99,-35,52,116,840761336,266,0,106,0,"[-98,0,129,18,-62,0,-85,18,-47,0,35,0,-61,0,134,0,-93,0,-112,0,-127,0,-60,0,159,0,-37,0,118,0,-69,0,52,0,142,0,-35,18,-22,18,-117,18,124,18,129,18,-16,17,85,18,-83,17,0,0,0,0,27,18,-44,17,60,18,55,18,123,18,-95,18,-91,18,103,0,26,0,-45,0,122,0,76,1,-149,0,107,1,-142,0,80,1,-159,0,32,1,128,0,-37,0,46,0,159,0,-69,18,11,0,119,18]"
CSI_DATA,57125,d8:b1:90:d9:de:f0,-46,11,-99,-35,48,116,840779449,100,0,114,0,"[49,-9,55,-5,61,-3,61,0,59,3,59,3,55,5,53,5,49,5,49,5,47,5,47,3,45,1,45,3,49,1,51,1,51,1,53,1,55,0,57,-1,57,0,59,0,59,-1,59,0,59,0,57,0,57,0,55,0,0,0,55,0,57,0,59,0,57,-1,59,0,61,-1,61,-1,61,-1,61,-1,59,-3,55,-5,55,-3,53,-5,51,-5,51,-5,49,-7,49,-9,49,-9,53,-9,55,-11,59,-13,65,-11,67,-13,71,-11,73,-7,73,-5,71,0,65,3]"
CSI_DATA,57126,d8:b1:90:d9:de:f0,-47,11,-99,-33,48,116,840799202,100,0,114,0,"[47,-15,50,-13,54,-9,58,-5,54,-1,54,0,52,3,50,3,45,1,45,3,43,3,43,5,43,5,45,5,45,5,47,5,48,5,50,5,54,5,52,7,54,9,56,7,56,9,56,11,54,13,52,13,54,13,50,13,0,0,50,15,48,15,52,16,52,16,54,18,54,20,54,18,56,22,56,20,54,20,52,18,52,18,47,18,48,18,45,16,47,16,45,16,47,16,48,16,52,18,56,22,58,24,62,28,62,32,64,37,60,41,54,43,47,43]"
CSI_DATA,57127,d8:b1:90:d9:de:f0,-46,11,-99,-32,47,116,840819163,100,0,114,0,"[53,4,55,6,59,8,59,12,63,12,59,12,57,14,55,14,51,10,49,12,47,8,49,10,47,6,49,4,49,4,49,0,51,0,55,-2,59,-4,59,-4,59,-4,63,-6,61,-4,61,-8,63,-6,61,-10,59,-10,57,-10,0,0,57,-14,57,-16,59,-16,61,-18,63,-18,61,-18,61,-20,61,-20,57,-22,59,-22,55,-26,53,-24,47,-24,45,-26,43,-28,43,-30,43,-30,43,-32,43,-32,47,-36,49,-41,51,-43,55,-47,57,-49,57,-49,59,-43,61,-43,57,-36]"
CSI_DATA,57128,d8:b1:90:d9:de:f0,-46,11,-99,-37,48,116,840838620,100,0,114,0,"[0,-50,4,-54,10,-54,14,-57,6,-57,21,-59,14,-52,12,-50,27,-48,19,-44,14,-46,14,-44,21,-40,6,-48,8,-48,6,-50,0,-59,6,-59,8,-61,8,-59,2,-69,4,-67,10,-61,4,-65,10,-52,4,-63,4,-61,4,-61,0,0,4,-59,4,-59,4,-61,2,-69,0,-61,4,-67,0,-63,0,-63,2,-59,-2,-69,-4,-67,-2,-67,-6,-54,-6,-54,-4,-50,-10,-46,-12,-48,-12,-52,-10,-54,-8,-61,-10,-65,-14,-63,-14,-71,-21,-71,-10,-76,-6,-76,-4,-71,0,-67]"
CSI_DATA,57129,d8:b1:90:d9:de:f0,-46,11,-99,-33,47,116,840849145,100,0,114,0,"[-14,-50,-8,-57,-4,-61,0,-63,2,-65,4,-59,8,-59,8,-54,8,-50,10,-48,10,-48,10,-48,8,-48,8,-48,8,-50,8,-52,10,-52,10,-57,12,-57,12,-63,12,-59,14,-61,16,-61,16,-61,19,-61,16,-57,19,-57,21,-54,0,0,21,-57,23,-59,23,-57,25,-59,23,-57,25,-57,27,-57,29,-59,29,-59,29,-59,25,-54,25,-52,25,-50,23,-48,23,-48,23,-46,25,-48,23,-46,25,-50,29,-50,29,-54,33,-59,40,-61,44,-63,48,-63,52,-57,54,-52,52,-42]"
CSI_DATA,57130,d8:b1:90:d9:de:f0,-46,11,-99,-34,47,116,840868640,100,0,114,0,"[39,-34,45,-34,47,-32,50,-34,50,-34,50,-34,47,-32,47,-30,43,-30,41,-30,36,-28,39,-32,36,-32,34,-34,34,-36,32,-39,32,-41,34,-45,34,-50,32,-52,32,-54,32,-58,30,-56,28,-56,28,-58,26,-56,23,-58,23,-56,0,0,19,-58,17,-56,17,-60,15,-63,15,-65,15,-67,10,-67,10,-67,8,-65,6,-65,2,-65,0,-63,-2,-56,-4,-56,-4,-54,-8,-52,-8,-52,-10,-54,-13,-56,-17,-58,-19,-63,-19,-67,-21,-71,-23,-76,-21,-76,-19,-73,-15,-76,-10,-67]"
CSI_DATA,57131,d8:b1:90:d9:de:f0,-46,11,-99,-34,47,116,840880381,100,0,114,0,"[-43,32,-47,32,-54,32,-56,32,-56,32,-54,30,-50,30,-47,28,-43,28,-45,30,-41,30,-41,32,-39,32,-39,34,-36,36,-36,39,-34,43,-34,45,-34,50,-32,52,-32,54,-30,56,-30,58,-28,58,-28,58,-26,56,-26,58,-21,56,0,0,-19,60,-17,60,-15,60,-15,63,-13,65,-10,65,-8,67,-8,69,-4,67,-4,67,0,63,0,63,4,58,6,56,8,54,10,52,13,52,15,52,17,52,19,58,23,63,26,65,26,71,28,73,26,78,23,76,21,76,15,67]"
CSI_DATA,57132,d8:b1:90:d9:de:f0,-46,11,-99,-34,47,116,840898627,100,0,114,0,"[-36,-41,-36,-47,-32,-52,-30,-56,-28,-58,-26,-58,-21,-56,-17,-54,-17,-50,-17,-50,-17,-47,-17,-47,-17,-45,-19,-47,-21,-47,-21,-50,-23,-52,-23,-56,-23,-58,-23,-58,-23,-58,-26,-60,-26,-60,-26,-60,-23,-58,-23,-58,-23,-58,-21,-56,0,0,-21,-58,-21,-58,-19,-60,-19,-63,-21,-63,-19,-65,-21,-65,-21,-67,-19,-63,-19,-63,-19,-60,-19,-58,-19,-54,-19,-54,-17,-52,-19,-54,-19,-52,-17,-54,-19,-54,-21,-60,-21,-65,-21,-69,-21,-73,-17,-78,-15,-80,-10,-80,-2,-78,2,-71]"
CSI_DATA,57133,d8:b1:90:d9:de:f0,-46,11,-99,-34,47,116,840908721,100,0,114,0,"[0,-56,4,-60,6,-60,8,-63,8,-65,8,-63,8,-60,8,-56,4,-54,4,-54,2,-50,0,-52,-4,-50,-4,-52,-8,-52,-10,-54,-13,-54,-17,-58,-19,-60,-21,-60,-23,-58,-26,-60,-26,-58,-30,-58,-30,-56,-32,-56,-32,-54,-32,-52,0,0,-36,-50,-39,-50,-41,-50,-45,-47,-45,-47,-47,-47,-50,-45,-52,-45,-52,-41,-54,-39,-54,-34,-54,-32,-52,-30,-52,-28,-52,-23,-52,-21,-54,-19,-54,-17,-56,-17,-63,-15,-67,-15,-71,-15,-76,-15,-78,-15,-80,-17,-76,-17,-76,-19,-69,-21]"
CSI_DATA,57134,d8:b1:90:d9:de:f0,-46,11,-99,-34,47,116,840919517,100,0,114,0,"[-41,-32,-43,-36,-41,-41,-41,-45,-39,-47,-36,-45,-34,-47,-32,-43,-32,-41,-30,-41,-30,-36,-30,-39,-30,-36,-30,-39,-32,-39,-34,-39,-36,-41,-41,-41,-43,-43,-43,-45,-45,-45,-47,-43,-45,-45,-47,-45,-43,-45,-45,-43,-43,-43,-43,-43,0,0,-45,-43,-45,-43,-47,-43,-50,-43,-50,-45,-50,-45,-52,-45,-52,-47,-52,-43,-52,-43,-50,-43,-50,-43,-47,-39,-47,-36,-47,-34,-47,-34,-47,-32,-50,-34,-50,-34,-56,-36,-58,-39,-60,-41,-63,-45,-65,-50,-60,-54,-58,-54,-54,-56,-47,-56]"
CSI_DATA,57135,d8:b1:90:d9:de:f0,-46,11,-99,-34,47,116,840938955,100,0,114,0,"[50,-17,54,-15,60,-15,60,-8,63,-4,58,-2,58,0,54,0,50,2,52,4,47,2,52,2,47,0,47,0,50,0,54,-2,54,-2,58,0,58,0,60,0,63,-2,65,2,65,2,65,2,65,2,60,2,63,2,63,2,0,0,60,4,65,4,63,4,65,4,65,4,67,8,69,8,71,8,69,8,69,6,67,4,65,4,65,4,60,4,60,4,58,4,58,4,58,2,60,4,65,6,71,6,73,10,78,10,80,13,82,19,80,26,73,28,65,30]"
CSI_DATA,57136,d8:b1:90:d9:de:f0,-46,11,-99,-34,47,116,840958928,100,0,114,0,"[41,-28,47,-28,54,-28,54,-26,56,-28,54,-26,52,-21,52,-21,45,-23,45,-21,43,-21,43,-23,43,-26,41,-28,41,-30,41,-32,43,-34,45,-39,43,-43,45,-43,41,-43,43,-47,43,-45,39,-50,41,-50,39,-50,36,-50,36,-50,0,0,34,-50,32,-54,32,-54,32,-56,30,-58,30,-58,28,-63,28,-60,26,-63,23,-63,19,-63,17,-63,17,-60,15,-58,10,-58,8,-58,8,-60,6,-60,4,-65,4,-69,2,-73,4,-76,2,-82,2,-84,6,-84,8,-82,10,-80,13,-71]"
CSI_DATA,57137,d8:b1:90:d9:de:f0,-46,11,-99,-34,47,116,840969168,100,0,114,0,"[45,28,47,34,50,36,47,39,47,43,43,41,41,43,39,39,36,34,34,34,34,34,34,34,36,34,36,32,39,34,43,34,43,34,47,36,47,36,52,36,47,36,52,36,52,36,52,39,52,36,52,36,50,36,47,34,0,0,52,34,52,36,52,34,56,36,56,34,58,34,60,36,58,36,58,34,58,32,56,30,56,30,56,28,52,26,54,26,52,23,56,23,54,21,58,21,63,23,65,26,69,28,71,30,73,34,73,39,71,41,67,43,56,43]"
CSI_DATA,57138,d8:b1:90:d9:de:f0,-50,11,-99,-34,51,116,840987690,277,0,106,0,"[157,20,-79,0,133,20,171,0,102,20,46,0,96,20,-67,20,104,20,-164,20,109,20,109,20,111,20,69,20,138,20,78,20,-152,20,163,20,-19,20,-41,20,142,0,108,0,-50,0,-133,0,59,1,-82,0,0,0,0,0,133,1,166,0,69,1,75,0,-82,0,-49,20,48,0,-163,20,-175,20,122,20,-2,19,98,20,-79,19,113,20,-104,19,152,20,-69,19,-159,20,12,20,-131,20,149,20,-97,20,-6,20,-102,20,171,0]"
CSI_DATA,57139,d8:b1:90:d9:de:f0,-46,11,-99,-34,47,116,840998745,100,0,114,0,"[39,34,41,39,43,43,43,45,41,43,41,43,36,41,39,39,39,34,36,34,36,32,36,30,39,28,41,28,43,28,47,26,52,26,54,23,58,23,58,19,60,19,63,19,60,17,63,15,63,13,63,10,63,10,63,8,0,0,63,4,60,2,65,-2,63,-2,65,-4,67,-6,67,-8,67,-10,67,-15,65,-17,63,-19,63,-19,58,-21,56,-26,52,-26,50,-28,45,-30,47,-32,47,-36,52,-39,54,-43,58,-47,58,-50,63,-54,65,-54,65,-52,63,-45,60,-41]"
CSI_DATA,57140,d8:b1:90:d9:de:f0,-46,11,-99,-34,47,116,841009128,100,0,114,0,"[-34,-41,-34,-45,-32,-50,-32,-54,-30,-52,-28,-52,-26,-52,-23,-47,-26,-43,-23,-43,-23,-39,-23,-41,-26,-39,-28,-41,-30,-41,-32,-43,-34,-43,-36,-45,-41,-43,-41,-45,-43,-47,-47,-45,-45,-45,-45,-45,-43,-43,-45,-43,-43,-43,-45,-43,0,0,-45,-41,-47,-41,-50,-41,-52,-41,-54,-41,-56,-41,-56,-41,-56,-43,-56,-41,-56,-36,-56,-34,-56,-34,-54,-30,-52,-28,-52,-26,-56,-26,-54,-23,-56,-21,-58,-21,-63,-21,-67,-23,-71,-26,-73,-28,-76,-30,-76,-34,-73,-34,-69,-39,-60,-39]"
CSI_DATA,57141,d8:b1:90:d9:de:f0,-46,11,-99,-34,47,116,841028583,100,0,114,0,"[39,30,41,34,41,36,39,41,39,43,36,43,34,43,32,41,30,39,28,39,28,36,28,36,30,34,32,34,34,36,36,36,36,36,41,39,41,41,43,41,45,43,45,45,43,45,45,45,45,45,45,45,45,43,43,45,0,0,45,43,45,43,45,45,47,45,50,47,52,50,50,50,50,50,50,47,52,45,50,43,50,41,50,39,47,36,47,34,45,34,47,32,47,32,52,36,54,39,56,41,60,43,63,47,67,52,65,52,60,56,56,60,50,56]"
CSI_DATA,57142,d8:b1:90:d9:de:f0,-46,11,-99,-34,47,116,841038638,100,0,114,0,"[-47,8,-54,10,-56,8,-58,6,-65,6,-58,4,-54,6,-50,2,-45,4,-41,-2,-41,-4,-43,-8,-45,-6,-50,-4,-54,-2,-52,-2,-54,-2,-58,4,-56,2,-56,2,-58,-2,-58,-6,-60,-6,-60,-8,-67,-10,-65,-8,-65,-6,-63,-6,0,0,-60,-6,-56,-6,-60,-8,-63,-13,-69,-15,-69,-19,-69,-15,-73,-17,-69,-13,-71,-10,-67,-8,-63,-10,-58,-10,-56,-10,-54,-15,-56,-13,-56,-13,-58,-10,-65,-10,-67,-10,-71,-8,-71,-15,-73,-15,-76,-21,-76,-30,-73,-34,-69,-41,-63,-41]"
CSI_DATA,57143,d8:b1:90:d9:de:f0,-46,11,-99,-34,47,116,841048663,100,0,114,0,"[-23,43,-28,45,-32,45,-32,47,-34,47,-32,45,-30,45,-30,43,-28,41,-26,41,-21,39,-21,41,-19,41,-17,43,-15,45,-15,47,-13,50,-13,54,-10,56,-8,58,-8,60,-6,63,-4,63,-2,63,-2,63,0,63,2,63,2,63,0,0,6,63,8,63,10,63,13,65,15,67,17,67,19,67,21,67,23,65,26,65,28,60,30,60,30,54,32,52,32,50,34,47,36,43,39,43,41,45,47,47,52,50,54,52,58,54,60,54,60,56,58,58,54,58,47,54]"
CSI_DATA,57144,d8:b1:90:d9:de:f0,-46,11,-99,-34,47,116,841058679,100,0,114,0,"[-50,-10,-54,-13,-56,-15,-56,-19,-56,-21,-54,-21,-52,-21,-50,-19,-45,-15,-47,-17,-45,-15,-45,-13,-45,-10,-45,-8,-47,-6,-50,-6,-52,-6,-56,-6,-58,-6,-58,-2,-58,-2,-60,-2,-63,0,-63,0,-65,0,-63,2,-63,2,-60,4,0,0,-63,6,-60,6,-63,8,-65,10,-65,10,-65,10,-67,13,-69,15,-67,17,-65,19,-60,21,-60,21,-58,23,-56,23,-52,23,-52,23,-50,28,-50,28,-50,30,-56,34,-60,39,-63,39,-67,45,-67,45,-71,43,-71,41,-71,34,-65,28]"
CSI_DATA,57145,d8:b1:90:d9:de:f0,-46,11,-99,-33,47,116,841068922,100,0,114,0,"[50,6,54,10,57,12,57,16,54,19,52,21,50,23,50,21,46,21,44,19,42,16,42,16,42,14,44,12,48,14,50,14,52,14,52,16,57,16,59,16,61,14,61,16,61,16,61,16,61,16,59,16,59,14,59,14,0,0,57,16,54,16,59,16,63,16,65,16,67,19,67,16,65,16,65,14,63,12,63,10,63,10,59,8,59,8,54,8,57,8,54,6,59,6,63,6,65,6,65,6,71,8,73,8,82,10,82,12,80,19,73,23,67,25]"
CSI_DATA,57146,d8:b1:90:d9:de:f0,-46,11,-99,-33,47,116,841088649,100,0,114,0,"[-44,25,-50,23,-54,23,-57,19,-57,14,-57,12,-54,10,-52,8,-48,6,-46,6,-46,6,-46,6,-46,6,-46,6,-48,6,-50,6,-52,6,-54,6,-59,6,-61,8,-61,6,-63,4,-61,2,-63,2,-61,0,-61,0,-63,0,-61,-2,0,0,-61,-2,-61,-4,-63,-4,-63,-4,-65,-6,-65,-8,-65,-10,-65,-10,-63,-10,-63,-8,-63,-6,-61,-6,-57,-6,-57,-6,-54,-6,-57,-6,-54,-6,-57,-6,-59,-8,-61,-10,-65,-10,-69,-14,-73,-16,-76,-19,-76,-23,-73,-29,-67,-33,-63,-38]"
CSI_DATA,57147,d8:b1:90:d9:de:f0,-46,11,-99,-34,47,116,841098774,100,0,114,0,"[28,41,28,45,30,50,28,54,28,52,28,52,23,50,26,45,26,41,23,43,26,39,26,39,28,36,30,36,32,39,36,39,39,41,39,39,45,39,45,39,50,39,50,39,52,39,54,39,52,34,52,34,54,34,52,32,0,0,56,30,56,28,58,30,58,28,60,26,63,26,65,23,65,23,65,19,63,17,60,15,63,10,63,8,60,6,56,4,58,2,56,0,56,-4,60,-4,65,-6,69,-8,73,-8,76,-8,78,-10,82,-10,84,-6,76,-2,76,0]"
CSI_DATA,57148,d8:b1:90:d9:de:f0,-46,11,-99,-34,47,116,841108932,100,0,114,0,"[-52,-10,-56,-15,-56,-17,-56,-21,-56,-21,-52,-21,-52,-23,-50,-21,-47,-17,-47,-17,-43,-15,-45,-15,-45,-15,-45,-13,-47,-15,-50,-13,-52,-13,-54,-13,-56,-10,-58,-10,-63,-10,-65,-8,-65,-10,-65,-8,-63,-8,-65,-10,-60,-8,-63,-8,0,0,-60,-6,-60,-6,-60,-6,-65,-4,-69,-4,-69,-4,-69,-2,-69,-2,-65,0,-67,0,-65,2,-63,2,-58,4,-58,4,-56,6,-56,8,-54,8,-56,10,-60,13,-63,15,-67,17,-69,17,-73,17,-78,15,-78,10,-78,8,-78,4,-73,0]"
CSI_DATA,57149,d8:b1:90:d9:de:f0,-46,11,-99,-35,48,116,841128626,100,0,114,0,"[47,-15,51,-13,53,-13,55,-9,55,-7,53,-3,53,-1,49,0,47,-1,45,0,43,-1,45,-1,43,-3,43,-3,45,-3,47,-3,49,-5,51,-3,53,-3,55,-5,57,-1,61,-3,59,-1,61,-1,59,0,57,-1,57,0,57,-1,0,0,55,0,57,1,57,0,61,0,63,3,63,3,65,3,61,3,63,1,61,1,57,0,59,0,55,-1,53,0,53,-1,53,-1,51,-3,51,-1,55,-1,59,0,61,-1,69,-1,71,0,73,1,75,5,73,9,69,13,63,17]"
CSI_DATA,57150,d8:b1:90:d9:de:f0,-46,11,-99,-33,47,116,841139138,100,0,114,0,"[-19,46,-23,50,-27,50,-29,52,-29,52,-29,50,-27,48,-27,48,-23,42,-23,42,-19,42,-19,42,-16,44,-14,44,-14,48,-10,50,-12,52,-12,54,-10,59,-10,59,-8,63,-6,65,-6,63,-4,65,-4,61,-2,63,0,61,0,61,0,0,2,61,4,61,4,61,6,63,10,65,10,67,14,67,12,65,16,63,19,61,19,59,23,57,25,54,23,52,25,48,27,46,27,46,33,46,33,48,38,48,42,52,44,52,46,57,50,61,50,61,48,63,42,63,35,59]"
CSI_DATA,57151,d8:b1:90:d9:de:f0,-47,11,-99,-34,48,116,841158900,100,0,114,0,"[-17,-44,-17,-50,-15,-54,-13,-56,-9,-56,-9,-54,-5,-52,-5,-50,-7,-46,-7,-44,-7,-44,-7,-44,-9,-42,-9,-42,-11,-46,-13,-48,-15,-48,-15,-50,-17,-54,-17,-54,-19,-56,-21,-56,-19,-54,-21,-56,-19,-52,-19,-54,-19,-52,-19,-52,0,0,-19,-52,-21,-52,-21,-54,-23,-54,-23,-56,-25,-56,-27,-56,-27,-56,-27,-56,-27,-52,-27,-52,-27,-50,-29,-48,-29,-44,-27,-44,-29,-42,-29,-40,-31,-40,-34,-42,-36,-44,-38,-46,-40,-52,-42,-52,-42,-58,-42,-62,-38,-62,-32,-62,-27,-58]"
CSI_DATA,57152,d8:b1:90:d9:de:f0,-46,11,-99,-32,47,116,841178644,100,0,114,0,"[51,8,55,12,55,16,55,20,55,24,51,26,51,26,47,26,43,24,43,24,39,24,39,22,39,22,39,22,43,24,45,24,47,22,47,28,49,28,53,26,51,30,53,32,51,30,51,32,49,30,49,32,49,32,47,32,0,0,49,30,47,36,49,36,49,36,49,39,51,41,49,41,49,41,49,39,49,36,49,36,45,36,45,32,43,30,43,32,43,30,43,28,43,30,47,32,49,34,51,36,53,41,57,45,57,49,55,51,53,53,45,57,36,55]"
CSI_DATA,57153,d8:b1:90:d9:de:f0,-47,11,-99,-34,48,116,841188815,100,0,114,0,"[-44,15,-50,15,-54,15,-54,11,-56,11,-54,11,-52,11,-50,9,-46,11,-44,11,-42,13,-42,15,-40,15,-40,19,-40,21,-40,23,-42,25,-44,27,-44,29,-44,32,-44,32,-44,34,-42,36,-42,38,-40,36,-38,36,-38,38,-36,38,0,0,-34,42,-34,42,-34,44,-34,46,-32,48,-32,50,-31,50,-29,52,-27,52,-25,54,-23,52,-19,52,-15,50,-13,48,-11,48,-7,50,-7,50,-3,50,-3,52,-1,58,0,62,0,63,1,69,1,71,0,71,0,71,-5,69,-7,63]"
CSI_DATA,57154,d8:b1:90:d9:de:f0,-46,11,-99,-35,48,116,841209038,100,0,114,0,"[47,5,51,9,55,11,55,15,57,19,55,21,51,21,49,21,45,19,43,19,43,17,41,17,41,15,43,15,43,15,47,13,49,15,51,15,53,17,55,15,55,15,55,17,55,17,55,17,53,17,53,17,55,17,53,17,0,0,55,17,53,17,55,17,55,17,59,17,57,19,59,19,61,17,59,17,57,15,57,13,55,13,53,11,53,9,51,7,51,9,49,5,51,5,55,5,59,7,61,5,67,7,69,9,71,11,73,13,71,19,67,23,61,25]"
CSI_DATA,57155,d8:b1:90:d9:de:f0,-53,11,-99,-39,55,116,841228770,100,0,228,0,"[-10,-17,-11,-18,-12,-18,-14,-17,-14,-14,-16,-12,-16,-10,97,-7,-16,-5,-17,-3,-17,-1,-18,1,-18,3,-19,3,-18,4,-17,5,-16,4,-13,3,-9,1,-4,0,2,-1,58,6,15,0,19,1,24,3,28,6,29,8,29,10,0,0,27,14,24,16,20,15,16,14,10,12,5,8,53,0,-6,-2,-10,-7,-14,-13,-15,-18,-16,-21,-16,-24,-15,-25,-13,-26,-12,-25,-10,-25,-8,-22,-7,-20,-6,-18,-52,15,-5,-10,-5,-2,-5,3,-8,8,-11,13,-14,14,-17,14,-4,-6,-12,-3,-15,8,-6,20,10,21,24,8,23,-11,-7,-31,-10,-23,-22,-9,-21,9,-7,20,9,16,15,4,10,-8,-1,-10,-8,-2,-3,9,10,10,19,-2,13,-19,4,-28,-23,-18,-29,2,-19,21,-1,26,14,17,17,3,0,0,2,-7,1,-1,5,1,11,-5,8,-17,-6,-23,-23,-13,-31,4,-22,24,0,33,20,23,27,4,20,-12,6,-17,-4,-13,-5,-5,-4,-4,-4,-5,-10,-7,-18,-1,-25,-1,-9,30,13,33,35,19,42,-7,29,-31,3,-38,-18,-28]"
CSI_DATA,57156,d8:b1:90:d9:de:f0,-53,11,-99,-39,55,116,841239123,100,0,228,0,"[-16,-12,-18,-13,-18,-12,-19,-11,-19,-9,-20,-7,-20,-5,97,-7,-18,-1,-18,1,-18,2,-17,4,-17,6,-18,7,-17,7,-17,7,-15,6,-12,5,-9,3,-4,2,3,1,58,6,15,1,20,4,24,6,27,8,29,10,28,13,0,0,25,17,22,18,18,17,14,15,10,12,5,8,54,0,-3,-4,-6,-11,-7,-17,-7,-21,-7,-26,-6,-28,-4,-29,-2,-28,-1,-28,0,-26,1,-24,2,-21,2,-19,21,0,-1,-11,-4,-5,-7,-1,-12,2,-17,3,-20,3,-22,2,-5,-6,-12,0,-12,13,0,21,16,18,25,2,20,-16,-16,-29,-16,-20,-24,-3,-18,14,-3,21,12,15,16,1,9,-10,-3,-10,-9,-1,-3,11,11,11,19,-2,14,-19,5,-26,-22,-18,-29,1,-19,19,-2,26,13,17,17,4,0,0,2,-7,0,0,4,3,12,-2,12,-14,1,-23,-17,-19,-31,-5,-27,17,-9,30,12,28,24,11,21,-5,11,-13,0,-13,-4,-6,-2,-3,0,-6,-4,-11,-14,-10,-23,-14,-23,20,-6,34,20,35,39,16,41,-10,23,-29,0,-32]"
CSI_DATA,57157,d8:b1:90:d9:de:f0,-54,11,-99,-38,55,116,841249192,100,0,228,0,"[17,8,19,7,20,5,21,3,20,1,19,0,18,-3,94,-6,16,-7,14,-9,12,-10,11,-12,9,-14,9,-15,8,-15,7,-14,7,-13,5,-10,4,-7,1,-2,0,2,56,5,-6,12,-10,17,-14,19,-17,20,-20,22,-22,21,0,0,-23,19,-22,16,-21,13,-17,9,-14,5,-8,1,-117,14,3,-5,9,-7,15,-9,20,-9,24,-10,26,-9,27,-9,27,-8,27,-8,24,-7,22,-6,20,-5,17,-4,-33,0,8,-3,1,-4,-3,-4,-8,-7,-13,-9,-15,-11,-15,-14,6,1,10,-4,5,-15,-7,-18,-21,-8,-22,8,-9,23,28,18,23,8,21,-9,6,-21,-9,-17,-17,-4,-13,8,0,12,7,4,5,-5,-5,-8,-13,1,-8,16,7,21,20,18,26,-9,11,-25,-7,-26,-21,-13,-21,2,-10,13,0,0,4,4,0,1,-1,5,1,12,13,12,24,0,18,-19,4,-30,-18,-26,-30,-7,-26,13,-9,24,7,20,14,8,11,-1,6,-4,3,-2,6,-2,7,-9,1,-17,0,-24,-29,-8,-33,13,-18,35,8,40,32,25,38,0,25,-20]"
CSI_DATA,57158,d8:b1:90:d9:de:f0,-54,11,-99,-38,55,116,841268637,100,0,228,0,"[9,16,10,16,12,15,14,14,15,11,16,9,16,7,94,-6,17,2,16,0,17,-1,17,-1,17,-3,17,-4,16,-4,15,-4,14,-4,11,-3,7,0,3,0,-1,1,56,5,-13,4,-19,4,-24,3,-26,1,-29,0,-30,0,0,0,-28,-4,-26,-5,-22,-7,-18,-7,-12,-6,-5,-5,-80,14,6,0,12,2,17,7,20,10,22,13,22,16,22,17,21,17,20,17,18,16,15,15,14,13,11,11,-96,0,5,4,3,0,0,-5,0,-11,0,-16,2,-20,4,-20,4,5,11,1,12,-8,3,-19,-12,-19,-23,-5,-21,12,10,29,12,20,22,4,17,-10,3,-19,-9,-14,-14,-1,-7,8,2,8,7,0,0,-9,-11,-7,-18,5,-9,20,1,28,25,12,26,-8,14,-23,-4,-23,-15,-12,-16,0,0,0,-1,5,0,1,-5,0,-7,8,0,17,14,18,28,1,26,-15,10,-30,-12,-29,-26,-12,-24,5,-12,17,0,16,6,8,6,2,3,1,5,4,11,1,16,-7,19,-12,-5,-29,-27,-22,-38,0,-31,25,-7,38,16,33,28,13]"
CSI_DATA,57159,d8:b1:90:d9:de:f0,-54,11,-99,-38,55,116,841278798,100,0,228,0,"[17,-6,17,-8,17,-11,15,-13,12,-14,9,-16,6,-16,94,-6,0,-17,-1,-17,-3,-16,-6,-15,-8,-15,-9,-14,-10,-13,-10,-12,-9,-11,-6,-9,-4,-6,0,-2,3,0,56,5,11,8,14,12,17,15,19,18,19,20,20,22,0,0,17,22,15,21,13,20,9,16,6,12,0,7,25,0,-6,-2,-9,-8,-12,-13,-15,-17,-17,-20,-17,-21,-17,-22,-17,-21,-16,-21,-14,-19,-14,-18,-12,-15,-10,-12,113,14,-5,-5,-2,0,0,5,1,11,1,16,1,19,0,21,6,-2,3,-10,-7,-13,-19,-5,-18,10,-5,23,12,20,28,-13,18,-14,2,-22,-14,-15,-19,0,-10,12,2,14,10,4,7,-5,-3,-6,-8,2,0,13,13,12,23,-2,22,-16,-3,-28,-22,-16,-26,3,-15,19,0,21,11,11,0,0,5,-3,1,0,5,1,11,-2,10,-14,-2,-22,-23,-14,-30,1,-21,23,0,30,19,20,26,1,16,-12,3,-16,-4,-9,-4,-3,-3,-2,-5,-5,-12,-2,-16,6,-19,12,6,30,28,20,38,-3,27,-30,0,-40,-22,-28,-31,-6]"
CSI_DATA,57160,d8:b1:90:d9:de:f0,-54,11,-99,-38,55,116,841288803,100,0,228,0,"[-17,6,-18,8,-18,11,-16,13,-14,14,-12,16,-8,18,94,-6,-2,18,0,17,1,17,3,16,6,16,7,16,8,15,8,13,8,12,6,10,4,6,1,2,-1,-1,56,5,-7,-11,-9,-17,-11,-20,-12,-23,-12,-26,-12,-27,0,0,-9,-26,-8,-25,-6,-22,-4,-18,-2,-13,0,-6,6,0,2,5,3,11,4,17,5,22,5,25,5,27,4,28,4,27,4,26,4,24,4,22,3,19,3,15,20,0,3,6,3,1,4,-4,6,-9,8,-13,10,-17,12,-17,-6,2,-4,10,6,14,18,7,20,-8,8,-23,-10,-22,-31,11,-20,12,-4,22,12,17,19,1,12,-12,0,-15,-10,-6,-7,4,2,8,9,0,5,-13,-9,-15,-23,-2,-24,9,-2,28,17,22,26,3,19,-14,2,-20,-9,-13,0,0,-5,2,0,0,-2,-3,-10,-1,-15,8,-6,21,13,23,28,10,28,-11,12,-27,-9,-26,-21,-11,-19,4,-8,13,0,10,2,4,0,2,1,7,7,9,18,2,25,0,10,-28,-12,-32,-34,-17,-38,9,-23,32,2,35,22,22]"
CSI_DATA,57161,d8:b1:90:d9:de:f0,-54,11,-99,-37,55,116,841298939,100,0,228,0,"[4,-17,3,-18,1,-19,0,-19,-2,-18,-5,-17,-7,-16,91,-6,-11,-13,-12,-12,-14,-10,-15,-8,-15,-7,-16,-6,-16,-5,-16,-4,-14,-4,-11,-4,-8,-3,-2,-1,2,-1,54,5,14,2,18,4,22,8,24,11,26,13,25,14,0,0,22,16,20,16,16,16,13,14,8,11,2,7,26,0,-7,-1,-12,-7,-14,-13,-15,-16,-16,-20,-16,-22,-16,-22,-16,-22,-14,-22,-13,-20,-11,-19,-9,-17,-7,-15,-69,14,-3,-5,-2,0,0,4,-1,11,-2,16,-3,18,-7,19,0,-7,-7,-9,-16,-1,-15,11,-4,22,13,19,24,4,10,-28,3,-22,-13,-17,-19,-2,-15,12,0,16,10,9,11,-1,1,-7,-6,-2,-5,7,5,12,17,4,18,-12,13,-24,-15,-22,-27,-5,-23,14,-7,23,8,18,15,6,0,0,4,-4,1,0,4,0,10,-5,6,-15,-6,-21,-24,-11,-29,4,-18,23,0,31,19,20,24,1,16,-11,4,-14,-3,-10,-4,-4,-3,-4,-4,-6,-11,-4,-17,3,-21,8,0,29,23,27,38,6,34,-19,14,-36,-11,-34,-25,-16]"
CSI_DATA,57162,d8:b1:90:d9:de:f0,-54,11,-99,-38,55,116,841309219,100,0,228,0,"[-15,12,-15,14,-14,16,-13,17,-11,17,-9,18,-6,18,94,-6,-2,18,0,18,0,17,2,17,4,17,5,16,6,16,6,15,4,13,3,10,2,7,0,2,0,-1,56,5,-2,-14,-2,-19,-2,-23,-1,-27,0,-29,1,-29,0,0,4,-28,6,-25,7,-21,6,-17,5,-11,4,-5,60,0,-1,5,-4,11,-8,16,-13,18,-15,21,-17,22,-19,21,-19,19,-19,18,-17,16,-16,14,-15,12,-13,10,81,14,-4,5,0,4,4,2,10,2,15,3,18,5,19,7,-4,4,0,11,10,12,19,1,18,-13,3,-24,-14,-20,-29,14,-19,13,-2,23,12,17,20,1,13,-11,0,-15,-9,-7,-9,3,0,8,9,1,8,-11,-5,-17,-20,-9,-27,0,-11,25,8,26,23,13,23,-4,11,-16,-1,-16,0,0,-6,0,0,0,0,-4,-7,-8,-17,-2,-18,11,-4,25,12,26,28,11,28,-9,14,-24,-3,-24,-15,-12,-15,0,-8,6,-2,4,-2,2,-4,4,-3,11,4,18,9,22,30,-1,25,-24,3,-38,-21,-34,-37,-12,-34,12,-15,26]"
CSI_DATA,57163,d8:b1:90:d9:de:f0,-54,11,-99,-38,55,116,841328785,100,0,228,0,"[-17,9,-18,10,-17,12,-16,13,-15,14,-12,15,-11,16,94,-6,-7,16,-6,17,-4,18,-2,17,-1,17,0,17,0,17,0,16,0,14,0,11,0,8,0,2,0,-2,56,5,2,-13,4,-18,7,-21,11,-23,14,-24,16,-24,0,0,19,-21,19,-18,18,-13,16,-10,12,-5,7,-1,102,0,-4,4,-11,7,-16,7,-21,7,-25,6,-27,4,-28,3,-27,1,-26,0,-24,0,-22,0,-19,-1,-16,-1,42,14,-8,0,-2,2,1,5,5,9,7,13,7,16,5,18,-5,3,-2,11,7,14,18,5,20,-8,9,-22,-8,-23,-31,5,-22,7,-9,20,6,20,17,8,16,-6,5,-14,-5,-10,-9,0,-2,8,8,5,12,-6,2,-18,-14,-17,-24,-10,-21,16,-3,28,13,23,23,7,19,-8,6,-14,0,0,-4,-3,0,0,2,-3,-1,-10,-11,-10,-21,0,-18,16,-4,27,14,25,27,9,25,-9,12,-20,-2,-19,-11,-10,-10,-1,-5,0,-4,0,-7,0,-10,5,-7,16,-8,22,22,19,34,1,31,-23,10,-38,-15,-35,-32,-17,-30,4]"
CSI_DATA,57164,d8:b1:90:d9:de:f0,-54,11,-99,-38,55,116,841338915,100,0,228,0,"[-19,2,-19,4,-20,6,-18,9,-17,11,-14,13,-13,14,94,-6,-7,16,-5,17,-2,18,0,19,0,18,1,18,2,18,2,16,2,15,1,12,0,7,0,3,0,-1,56,5,-3,-13,-4,-18,-3,-23,-2,-26,-1,-29,-1,-30,0,0,0,-29,2,-27,3,-23,4,-19,4,-13,4,-6,56,0,1,6,0,13,0,19,-3,23,-4,26,-5,27,-6,27,-7,27,-7,25,-7,23,-7,21,-6,18,-5,15,-64,14,-1,6,1,1,4,-2,8,-6,13,-9,16,-9,18,-9,-7,1,-6,9,3,15,16,10,22,-4,13,-20,-5,-24,-31,2,-22,6,-10,20,6,20,18,7,15,-7,3,-14,-7,-8,-8,2,0,7,9,1,8,-10,-4,-18,-20,-10,-29,0,-12,25,8,27,24,13,24,-6,11,-18,-1,-16,0,0,-6,0,-1,0,-1,-4,-9,-5,-16,2,-14,17,3,26,20,21,30,1,24,-19,3,-28,-13,-20,-19,-4,-14,5,-5,9,0,6,0,5,-1,7,3,12,15,11,21,10,22,-20,3,-35,-22,-32,-38,-10,-35,16,-16,33,6,30]"
CSI_DATA,57165,d8:b1:90:d9:de:f0,-54,11,-99,-38,55,116,841358802,100,0,228,0,"[15,10,17,10,18,8,19,6,20,3,20,1,20,0,94,-6,18,-4,17,-6,16,-8,15,-9,15,-10,14,-11,14,-11,12,-11,11,-9,9,-7,7,-4,3,-1,0,2,56,5,-10,8,-15,11,-20,12,-24,12,-26,11,-28,10,0,0,-27,6,-26,3,-23,1,-19,0,-13,-1,-7,-2,-99,14,6,-3,13,-1,18,0,23,0,26,2,28,4,28,5,27,6,26,7,23,7,21,7,18,7,14,6,-55,0,6,3,0,0,-2,-4,-5,-10,-7,-14,-6,-17,-4,-19,5,3,11,-2,8,-13,-3,-19,-18,-13,-23,2,-15,19,23,22,19,13,22,-3,11,-17,-3,-18,-14,-7,-13,4,-2,11,6,6,6,-3,-3,-9,-14,-2,-14,12,0,23,13,25,28,0,22,-18,2,-27,-14,-21,-21,-4,-15,7,0,0,1,7,0,1,-3,3,-2,10,5,15,19,10,24,-9,17,-23,-2,-30,-21,-20,-28,0,-19,15,-4,19,6,14,9,5,7,0,5,0,8,1,13,-3,11,-14,10,-20,-18,-24,-34,-7,-34,17,-16,36,9,37,29,22,30,0]"
CSI_DATA,57166,d8:b1:90:d9:de:f0,-54,11,-99,-38,55,116,841378973,100,0,228,0,"[-3,-18,-5,-19,-8,-18,-10,-17,-13,-15,-15,-12,-16,-10,94,-6,-18,-6,-18,-3,-18,0,-18,0,-18,2,-18,3,-17,3,-16,4,-14,4,-11,3,-8,1,-3,0,1,-2,56,5,12,-7,17,-9,21,-9,25,-8,27,-8,28,-7,0,0,27,-4,26,-2,22,-1,18,0,13,0,7,2,97,0,-6,4,-13,4,-19,4,-22,3,-26,3,-28,2,-28,1,-28,1,-27,0,-25,0,-23,0,-19,0,-17,0,38,14,-7,0,-1,1,4,2,9,5,13,7,14,10,14,12,-1,-6,-10,-4,-14,4,-8,17,6,21,21,10,23,-7,-6,-31,-8,-21,-20,-7,-18,9,-4,18,9,13,13,0,7,-9,-3,-8,-7,1,0,10,12,6,17,-7,6,-22,-6,-29,-27,-6,-24,14,-7,27,11,23,20,7,16,-5,0,0,0,-6,0,-2,3,-3,2,-10,-6,-15,-20,-8,-23,11,-13,24,6,28,23,15,27,-3,15,-18,0,-19,-8,-11,-9,-2,-7,0,-5,0,-9,1,-10,8,-4,19,-1,22,28,11,34,-9,21,-33,-4,-39,-29,-26,-36,-1,-24,18]"
CSI_DATA,57167,d8:b1:90:d9:de:f0,-54,11,-99,-40,56,116,841398631,100,0,228,0,"[6,16,8,16,10,16,11,14,13,12,15,11,16,8,88,-6,18,5,18,3,18,1,17,0,17,-1,17,-2,17,-3,15,-3,14,-2,11,-1,8,0,4,0,-1,2,53,5,-11,5,-17,5,-21,4,-24,3,-26,2,-27,0,0,0,-26,-1,-23,-3,-20,-5,-16,-5,-11,-5,-5,-5,-75,13,8,-1,14,0,18,2,22,5,24,7,25,9,24,10,23,11,22,11,21,10,19,11,16,10,13,7,-50,0,6,3,1,0,-1,-3,-3,-8,-6,-13,-5,-15,-3,-18,2,6,10,3,13,-6,6,-17,-8,-19,-20,-9,-21,8,9,28,9,20,19,7,17,-9,5,-17,-8,-13,-12,-1,-7,8,2,8,7,0,0,-10,-11,-7,-17,5,-9,20,2,27,24,11,25,-9,11,-22,-5,-23,-16,-11,-16,0,0,0,0,7,0,2,-3,2,-5,8,2,15,14,13,25,-3,20,-17,3,-26,-14,-22,-23,-6,-20,10,-8,16,1,13,7,7,5,2,5,2,8,2,13,-2,12,-13,12,-18,-16,-24,-33,-9,-33,14,-17,34,8,36,26,22,29,0]"
CSI_DATA,57168,d8:b1:90:d9:de:f0,-54,11,-99,-37,55,116,841408951,100,0,228,0,"[-9,16,-8,17,-5,18,-2,19,0,20,3,19,7,18,91,-6,12,16,14,13,15,11,16,9,17,7,17,6,17,5,16,3,15,3,12,2,9,1,3,2,-2,2,54,5,-13,1,-18,1,-22,1,-25,0,-27,0,-29,0,0,0,-27,-1,-25,-2,-21,-2,-17,-3,-12,-3,-5,-3,-76,14,7,-4,14,-3,19,-2,23,-2,27,-1,28,-1,28,-1,28,-1,27,-1,24,-1,22,-1,19,-1,16,0,-34,0,7,0,1,0,-4,-1,-10,-2,-14,-4,-16,-5,-16,-7,-2,6,4,10,15,5,17,-7,8,-20,-9,-21,-22,-8,-11,29,-5,22,12,17,19,1,13,-12,0,-16,-11,-7,-10,4,0,8,7,1,4,-9,-8,-11,-19,0,-15,18,-4,29,22,16,28,-4,16,-22,-2,-25,-16,-13,-16,1,0,0,0,7,0,2,-3,2,-3,10,4,16,17,10,25,-9,16,-22,-3,-29,-22,-16,-26,1,-16,16,0,18,8,11,9,3,7,0,6,0,9,-1,10,-10,1,-19,-1,-22,-30,-8,-33,16,-15,36,13,38,33,19,36,-6,19,-23]"
CSI_DATA,57169,d8:b1:90:d9:de:f0,-54,11,-99,-42,56,116,841428645,100,0,228,0,"[10,-14,9,-16,7,-17,4,-19,1,-19,0,-19,-3,-18,94,-6,-9,-16,-10,-15,-12,-14,-13,-13,-14,-11,-15,-10,-15,-9,-14,-8,-14,-8,-10,-6,-7,-4,-2,-3,2,-1,56,5,13,2,17,5,21,8,23,10,25,12,25,14,0,0,22,15,19,14,16,14,12,12,7,9,1,7,24,0,-8,0,-14,-5,-17,-8,-20,-12,-22,-15,-22,-16,-23,-17,-22,-17,-21,-17,-18,-15,-17,-14,-14,-13,-11,-10,98,14,-4,-4,-1,0,1,4,4,9,5,14,5,17,3,18,3,-5,-1,-10,-13,-7,-18,4,-12,18,4,22,20,12,16,-25,9,-20,-7,-19,-18,-6,-16,7,-3,15,7,10,10,0,2,-7,-6,-3,-6,7,4,14,18,6,21,-11,14,-25,-14,-24,-28,-6,-24,12,-7,24,8,19,15,6,0,0,4,-5,0,-2,4,0,8,-5,4,-14,-8,-18,-26,-5,-26,9,-12,25,6,27,21,14,23,-2,12,-13,0,-14,-4,-8,-4,-4,-3,-4,-8,-4,-14,0,-15,11,-14,17,14,28,33,14,37,-11,22,-34,-5,-38,-27,-24,-31,0]"
CSI_DATA,57170,d8:b1:90:d9:de:f0,-54,11,-99,-40,56,116,841438797,100,0,228,0,"[16,0,17,-1,18,-4,16,-6,16,-8,14,-11,13,-12,88,-6,11,-15,9,-15,7,-16,5,-17,4,-17,3,-17,2,-17,1,-16,2,-14,1,-11,2,-8,2,-3,2,1,53,5,0,12,0,17,-1,21,-2,23,-4,25,-6,25,0,0,-9,23,-10,21,-10,17,-9,13,-8,8,-6,2,-81,13,0,-8,2,-13,6,-18,9,-21,11,-22,14,-22,15,-22,15,-22,15,-20,14,-18,13,-16,12,-13,11,-11,-107,0,5,-5,0,-1,-3,0,-8,2,-12,3,-16,2,-17,0,6,0,6,-8,-1,-13,-13,-11,-21,0,-15,16,0,22,28,0,22,0,12,-15,-1,-18,-13,-10,-14,3,-5,11,4,9,7,0,0,-7,-9,-3,-11,9,0,18,17,14,27,5,18,-20,0,-27,-18,-18,-23,0,-16,13,-2,16,0,0,6,3,2,0,1,4,7,6,14,1,15,-11,2,-25,-11,-22,-24,-11,-24,8,-11,21,3,21,12,11,13,0,8,-4,4,-4,4,-4,5,-8,0,-13,-11,-15,-15,-15,-27,11,-15,31,9,36,31,22,37,-1,25,-22,4,-28]"
CSI_DATA,57171,d8:b1:90:d9:de:f0,-54,11,-99,-40,56,116,841458841,100,0,228,0,"[4,16,7,16,10,15,12,13,15,12,17,10,18,7,88,-6,19,1,19,0,18,-1,18,-4,17,-6,17,-7,15,-8,14,-8,12,-8,11,-6,8,-3,4,0,0,3,53,5,-7,11,-11,14,-13,16,-16,18,-18,18,-19,18,0,0,-19,15,-19,13,-17,11,-14,8,-11,4,-7,0,-94,13,2,-9,7,-13,11,-16,14,-18,16,-20,18,-21,19,-21,18,-20,17,-19,16,-17,14,-16,12,-13,11,-11,-98,0,4,-6,0,-2,-3,0,-8,3,-11,5,-14,5,-16,4,2,4,10,2,13,-7,5,-17,-9,-18,-21,-7,-20,11,12,26,11,18,20,3,14,-11,0,-17,-11,-10,-12,2,-4,10,5,6,6,-4,-3,-9,-14,-1,-12,13,1,22,17,22,26,-4,16,-22,-3,-25,-19,-15,-20,1,-11,12,0,0,3,5,2,1,0,4,3,8,12,7,19,-4,11,-22,-2,-25,-20,-17,-25,1,-16,17,0,21,11,13,12,2,9,-2,6,-3,5,-4,5,-8,0,-14,-11,-16,-16,-15,-26,14,-11,33,13,35,34,18,37,-9,21,-28,-1,-30]"
CSI_DATA,57172,d8:b1:90:d9:de:f0,-54,11,-99,-40,56,116,841468913,100,0,228,0,"[-2,-17,-4,-17,-7,-16,-10,-15,-12,-13,-14,-12,-16,-10,88,-6,-18,-5,-18,-3,-18,-1,-18,0,-18,0,-18,2,-17,2,-16,3,-14,3,-11,2,-9,0,-4,0,0,-3,53,5,10,-7,14,-9,18,-9,22,-9,24,-8,25,-8,0,0,24,-5,22,-3,21,-1,16,0,11,1,6,4,70,0,-6,7,-12,7,-18,7,-22,7,-25,7,-27,6,-27,6,-26,5,-26,4,-23,3,-22,3,-19,2,-15,1,34,13,-8,1,-2,0,2,1,8,2,11,4,13,6,14,8,-2,-5,-9,-4,-13,4,-7,16,5,20,20,10,22,-7,-7,-28,-8,-20,-19,-7,-16,8,-4,16,8,12,12,1,6,-8,-3,-6,-6,1,0,10,12,6,16,-8,6,-22,-8,-27,-26,-5,-23,14,-7,25,11,22,20,7,15,-6,0,0,-1,-7,0,-2,1,-3,0,-9,-7,-11,-18,-5,-21,14,-10,22,9,24,22,12,23,-4,13,-16,0,-17,-8,-10,-9,-2,-7,0,-7,0,-10,3,-9,11,0,20,3,22,29,6,31,-15,14,-35,-11,-37,-33,-19,-34,5,-20,22]"
CSI_DATA,57173,d8:b1:90:d9:de:f0,-54,11,-99,-38,55,116,841478975,100,0,228,0,"[8,-14,6,-17,3,-18,0,-18,-2,-19,-6,-17,-10,-16,94,-6,-15,-12,-16,-10,-17,-7,-19,-4,-19,-2,-19,0,-19,0,-17,1,-16,2,-13,1,-9,0,-4,0,0,-3,56,5,9,-9,13,-11,17,-13,20,-14,21,-15,22,-16,0,0,22,-15,20,-13,18,-11,15,-7,12,-4,7,0,102,0,-1,9,-4,15,-8,19,-10,22,-12,24,-13,26,-13,26,-13,25,-11,25,-10,22,-8,21,-7,19,-5,16,-88,14,-1,7,0,2,1,-2,4,-7,7,-11,9,-13,11,-14,1,-5,-4,-9,-14,-4,-17,8,-5,21,12,20,23,4,4,-29,1,-22,-15,-14,-19,1,-9,14,4,14,12,3,8,-6,-2,-6,-6,1,0,10,13,6,17,-9,4,-23,-11,-28,-29,-2,-21,19,0,28,17,19,22,0,13,-11,0,0,-3,-6,-1,-1,0,-3,-3,-9,-14,-6,-18,5,-8,25,6,26,23,14,27,-5,14,-21,-3,-22,-14,-11,-14,0,-8,4,-4,5,-3,6,-1,10,5,13,17,9,21,6,19,-26,-3,-35,-30,-26,-40,0,-29,28,-1,36,18,24]"
CSI_DATA,57174,d8:b1:90:d9:de:f0,-54,11,-99,-38,55,116,841498752,100,0,228,0,"[7,15,10,15,13,12,15,9,17,7,18,3,19,0,94,-6,19,-4,18,-7,17,-9,15,-11,14,-13,13,-14,11,-15,10,-14,9,-13,8,-11,6,-7,3,-2,1,2,56,5,-1,13,-3,17,-5,21,-7,24,-8,25,-9,26,0,0,-9,24,-10,22,-10,19,-9,14,-8,9,-6,3,-98,14,-2,-9,-1,-15,0,-20,0,-25,1,-27,2,-28,3,-29,3,-28,3,-27,2,-25,2,-23,2,-20,1,-16,57,0,0,-7,0,-2,0,3,-2,8,-4,12,-7,15,-9,15,3,4,10,1,12,-9,2,-18,-13,-17,-23,-1,-18,15,19,21,16,15,21,-1,11,-15,-4,-16,-13,-5,-11,5,0,9,6,2,3,-5,-7,-6,-14,4,-5,19,12,21,27,12,23,-16,4,-29,-16,-23,-25,-4,-19,11,-4,18,0,0,6,3,3,0,1,3,7,5,15,0,14,-14,-3,-27,-16,-20,-27,-4,-22,16,-4,25,11,19,17,5,13,-4,6,-7,2,-7,1,-7,0,-10,-8,-12,-20,-4,-21,0,-12,29,11,34,34,19,39,-7,24,-31,-1,-36,-21,-21]"
CSI_DATA,57175,d8:b1:90:d9:de:f0,-54,11,-99,-38,55,116,841508865,100,0,228,0,"[17,2,18,1,19,0,18,-5,17,-7,16,-11,14,-13,94,-6,9,-16,7,-18,6,-18,3,-19,2,-19,0,-20,0,-19,0,-18,0,-16,0,-13,0,-9,0,-4,2,0,56,5,5,12,5,16,6,21,6,24,5,27,4,28,0,0,2,27,0,25,0,22,-1,17,-2,12,-4,6,-58,14,-7,-6,-7,-13,-7,-19,-7,-24,-7,-27,-6,-28,-6,-29,-5,-28,-4,-27,-4,-24,-3,-23,-3,-20,-2,-17,-50,14,0,-7,0,-2,0,2,0,8,-2,12,-4,16,-6,17,6,0,7,-7,0,-15,-12,-13,-22,0,-16,16,0,24,29,0,22,0,13,-16,-2,-19,-15,-9,-14,4,-4,11,5,8,7,-1,0,-6,-9,0,-8,12,6,19,22,9,29,-4,10,-27,-11,-27,-26,-10,-24,8,-9,20,4,17,0,0,8,0,2,0,2,1,8,0,13,-6,6,-18,-15,-22,-24,-11,-26,7,-14,23,4,25,16,14,18,0,11,-9,3,-9,0,-7,0,-7,-3,-10,-11,-8,-21,0,-22,3,-4,31,19,31,38,11,37,-16,17,-35,-8,-35,-25,-18]"
CSI_DATA,57176,d8:b1:90:d9:de:f0,-54,11,-99,-38,55,116,841519492,100,0,228,0,"[8,14,11,14,13,11,16,9,17,5,18,1,19,0,94,-6,18,-7,16,-10,15,-12,12,-14,11,-16,10,-16,8,-17,6,-16,5,-15,4,-12,3,-9,2,-3,3,0,56,5,1,12,1,18,1,22,0,25,1,27,0,28,0,0,0,27,0,25,-1,22,-1,18,-3,12,-4,6,-61,14,-7,-5,-8,-11,-10,-17,-11,-21,-12,-25,-12,-26,-12,-26,-12,-26,-12,-25,-11,-22,-11,-20,-9,-17,-8,-14,-107,14,-3,-6,0,-1,0,2,2,8,4,13,4,16,3,18,3,4,10,0,11,-10,0,-19,-14,-15,-23,0,-15,17,22,18,18,12,20,-5,8,-17,-7,-15,-14,-3,-9,8,0,9,6,0,0,-6,-8,-4,-12,8,0,20,18,15,30,3,17,-23,-4,-29,-23,-16,-25,4,-12,18,2,18,0,0,8,0,3,0,2,1,9,1,13,-6,6,-18,-16,-21,-25,-9,-26,10,-10,25,8,24,20,9,18,-4,8,-11,0,-10,-1,-7,-3,-7,-7,-7,-15,-3,-18,8,-18,12,8,31,31,18,38,-7,24,-33,-3,-39,-26,-25,-31,0]"
CSI_DATA,57177,d8:b1:90:d9:de:f0,-54,11,-99,-38,55,116,841538658,100,0,228,0,"[-5,-16,-7,-16,-11,-14,-13,-12,-16,-9,-18,-6,-19,-3,94,-6,-19,3,-19,5,-18,8,-17,10,-16,11,-14,13,-13,14,-11,14,-10,13,-8,11,-6,6,-4,2,-2,-1,56,5,1,-12,2,-17,5,-21,5,-24,6,-26,7,-27,0,0,8,-25,8,-23,8,-20,8,-15,7,-10,7,-4,99,0,5,8,4,14,3,20,2,25,2,28,2,29,2,29,2,30,2,27,2,26,3,23,2,20,2,17,21,0,0,8,0,2,0,-1,0,-8,0,-13,2,-15,3,-18,-2,-4,-9,-2,-12,7,-3,18,10,18,23,4,19,-13,-17,-23,-14,-16,-21,0,-12,15,2,17,13,6,11,-4,1,-9,-6,-2,-2,5,7,6,14,-4,5,-19,-12,-20,-28,-12,-24,17,-4,29,17,22,26,3,18,-13,2,-18,0,0,-7,-2,-3,0,-2,-2,-7,-4,-14,1,-12,14,7,25,19,17,28,0,19,-19,0,-25,-14,-16,-18,-1,-12,6,-4,9,0,7,0,8,3,9,12,9,21,0,22,-4,3,-32,-22,-30,-39,-7,-35,21,-12,38,14,34,28,13]"
CSI_DATA,57178,d8:b1:90:d9:de:f0,-54,11,-99,-40,56,116,841548692,100,0,228,0,"[10,-12,9,-14,6,-15,3,-17,0,-18,-2,-17,-6,-17,88,-6,-11,-15,-12,-13,-13,-12,-15,-11,-17,-8,-17,-7,-18,-6,-16,-5,-15,-4,-12,-4,-9,-3,-4,-3,0,-3,53,5,11,-2,17,-2,21,-1,23,0,25,0,26,0,0,0,25,2,23,3,20,3,16,4,11,5,5,6,72,0,-7,6,-13,7,-19,6,-22,6,-25,6,-27,5,-28,5,-26,4,-26,4,-23,4,-22,4,-19,3,-16,3,36,13,-8,1,-2,0,3,0,8,0,12,1,15,2,16,4,2,-4,-2,-9,-12,-6,-17,4,-10,17,6,21,20,10,11,-24,7,-20,-9,-17,-18,-4,-13,9,0,14,9,8,9,-2,0,-6,-6,0,-3,9,9,11,19,0,14,-18,2,-29,-22,-16,-27,4,-16,22,3,24,17,13,17,-1,0,0,0,-8,0,-3,2,-2,2,-8,-4,-13,-16,-8,-22,11,-13,21,4,25,20,15,23,-1,14,-15,0,-17,-8,-11,-9,-4,-8,0,-7,0,-10,3,-8,12,0,20,4,21,30,2,28,-20,8,-37,-19,-34,-36,-13,-33,12,-14,25]"
CSI_DATA,57179,d8:b1:90:d9:de:f0,-54,11,-99,-38,55,116,841568852,100,0,228,0,"[16,-4,16,-7,13,-10,11,-13,7,-16,4,-18,0,-19,94,-6,-5,-19,-8,-18,-10,-16,-12,-14,-14,-13,-16,-11,-16,-9,-16,-8,-15,-6,-12,-5,-9,-3,-4,-3,1,-2,56,5,12,-1,17,-1,21,-1,25,-1,27,-1,28,-2,0,0,27,-1,25,0,22,0,18,0,13,2,6,4,80,0,-4,8,-11,11,-15,13,-19,15,-21,17,-22,17,-23,18,-22,17,-21,18,-19,16,-17,16,-14,14,-11,12,67,14,-4,5,-1,1,2,-1,6,-5,10,-8,13,-10,15,-10,4,-2,2,-9,-6,-12,-18,-4,-17,11,-3,23,14,18,21,-18,15,-16,-2,-20,-16,-10,-16,4,-4,14,6,10,9,0,1,-6,-6,-1,-3,9,8,12,20,0,16,-18,3,-30,-24,-18,-29,4,-16,23,4,26,19,12,18,-3,0,0,0,-8,-1,-3,1,-3,0,-9,-8,-12,-19,-3,-19,19,-5,26,14,24,26,6,22,-12,6,-21,-7,-16,-12,-6,-10,0,-7,2,-6,4,-5,9,0,15,13,16,17,13,27,-17,8,-34,-19,-34,-38,-12,-36,16,-15,33,9,30]"
CSI_DATA,57180,d8:b1:90:d9:de:f0,-54,11,-99,-38,55,116,841579071,100,0,228,0,"[17,-1,16,-4,15,-7,13,-10,10,-13,8,-16,4,-18,94,-6,0,-19,-2,-19,-5,-19,-7,-18,-9,-17,-11,-16,-12,-15,-12,-13,-11,-12,-9,-9,-6,-7,-1,-4,1,-1,56,5,12,3,16,6,20,8,23,10,25,11,25,12,0,0,23,13,21,12,17,12,13,10,9,9,2,7,40,0,-9,3,-16,1,-21,0,-24,-1,-28,-1,-29,-1,-30,-2,-29,-2,-28,-1,-25,-1,-23,0,-20,0,-17,0,29,14,-8,0,-2,0,3,0,8,1,13,3,15,5,17,6,5,-1,4,-9,-4,-14,-17,-7,-20,7,-8,21,9,21,25,-12,18,-11,2,-20,-11,-14,-17,0,-8,12,2,11,8,2,3,-5,-5,-3,-7,6,2,15,18,8,23,-9,16,-25,-13,-26,-28,-8,-26,12,-7,25,10,20,17,5,0,0,4,-7,0,-3,2,-1,5,-7,0,-14,-12,-14,-27,3,-20,16,-4,27,15,22,25,5,19,-10,5,-17,-4,-13,-8,-6,-7,-1,-8,0,-10,1,-11,10,-3,20,0,22,30,9,33,-14,15,-36,-12,-38,-34,-20,-35,6,-19,24]"
CSI_DATA,57181,d8:b1:90:d9:de:f0,-54,11,-99,-38,55,116,841598853,100,0,228,0,"[-12,-11,-14,-10,-16,-7,-18,-3,-18,0,-18,1,-18,5,94,-6,-16,10,-15,12,-14,14,-12,15,-11,16,-10,17,-9,17,-7,17,-6,16,-5,12,-5,8,-3,3,-2,0,56,5,0,-12,0,-17,2,-21,4,-24,5,-26,7,-27,0,0,8,-25,9,-23,10,-19,9,-14,9,-9,8,-2,97,0,5,9,3,16,0,21,0,25,-1,28,-2,30,-3,30,-3,28,-4,28,-3,25,-3,23,-3,20,-2,17,-19,14,-1,7,0,2,1,-1,3,-7,6,-11,8,-13,11,-14,-4,-2,-10,1,-7,12,3,18,18,12,23,-4,12,-20,-25,-14,-20,-9,-20,7,-6,18,7,15,14,2,10,-7,0,-8,-6,-1,-1,6,8,4,12,-7,1,-19,-16,-18,-29,-7,-21,20,0,30,19,21,26,2,18,-13,2,-18,0,0,-7,-2,-4,0,-2,-2,-7,-3,-14,1,-13,13,5,26,17,19,27,2,22,-15,5,-24,-9,-19,-16,-6,-14,2,-7,6,-3,6,-2,8,0,11,9,13,21,6,22,2,14,-30,-8,-35,-34,-23,-41,3,-27,30,0,36,19,25]"
CSI_DATA,57182,d8:b1:90:d9:de:f0,-54,11,-99,-40,56,116,841608967,100,0,228,0,"[-7,-14,-9,-13,-11,-11,-14,-9,-16,-5,-18,-1,-18,1,88,-6,-16,8,-16,11,-13,13,-11,14,-10,16,-9,17,-6,18,-5,17,-3,16,-2,12,-2,9,-2,4,-3,0,53,5,-4,-11,-6,-15,-6,-20,-7,-22,-8,-23,-9,-24,0,0,-7,-24,-6,-22,-5,-20,-2,-16,0,-12,3,-8,37,0,10,1,14,6,18,10,20,12,22,14,23,15,24,14,23,14,23,12,21,11,20,10,17,8,15,6,-44,0,8,2,2,0,-1,0,-7,-3,-11,-6,-12,-8,-14,-10,-3,-4,-9,-1,-11,9,0,18,13,15,22,0,14,-16,-21,-16,-18,-11,-19,5,-7,16,7,14,14,2,8,-8,-1,-9,-6,0,0,6,9,2,10,-11,-3,-19,-19,-11,-28,2,-11,25,11,25,25,9,22,-11,7,-21,-7,-15,0,0,-8,2,-3,2,-3,0,-8,1,-9,11,0,18,22,11,24,0,17,-19,0,-25,-16,-16,-20,0,-13,11,-2,12,3,9,5,5,7,4,11,2,14,-6,11,-17,6,-20,-25,-18,-34,4,-24,29,2,39,28,26,34,0,22,-19]"
CSI_DATA,57183,d8:b1:90:d9:de:f0,-54,11,-99,-40,56,116,841619024,100,0,228,0,"[7,14,10,13,11,11,14,9,16,5,18,1,18,0,88,-6,17,-7,17,-9,14,-11,13,-13,11,-15,11,-16,9,-16,7,-16,6,-14,4,-12,4,-9,3,-4,2,0,53,5,1,11,1,16,0,20,1,23,1,25,0,26,0,0,0,24,0,22,0,21,-2,17,-4,11,-5,6,-82,13,-9,-6,-11,-11,-11,-16,-13,-21,-14,-22,-14,-23,-14,-24,-14,-23,-14,-22,-13,-20,-12,-19,-11,-16,-10,-13,-100,13,-4,-6,-1,-1,0,2,3,7,5,11,5,14,6,16,3,4,10,0,11,-9,1,-18,-12,-15,-22,0,-15,15,20,18,17,12,19,-4,9,-16,-6,-15,-13,-3,-9,7,0,9,6,0,0,-6,-9,-3,-11,9,0,19,17,15,29,2,17,-23,-4,-27,-22,-14,-24,4,-11,18,2,18,0,0,9,0,3,-1,3,1,8,0,11,-7,5,-17,-17,-20,-23,-7,-23,10,-9,23,9,22,19,9,16,-4,8,-11,0,-10,0,-7,-3,-7,-8,-8,-15,-2,-18,10,-15,14,11,28,32,15,37,-11,19,-33,-8,-38,-28,-21,-30,2]"
CSI_DATA,57184,d8:b1:90:d9:de:f0,-54,11,-99,-38,55,116,841629319,100,0,228,0,"[-11,-12,-13,-11,-15,-9,-17,-5,-18,-2,-18,0,-18,4,94,-6,-17,9,-16,12,-14,13,-12,15,-11,17,-9,17,-8,18,-7,17,-6,15,-5,12,-4,8,-2,3,-2,-1,56,5,-1,-12,0,-17,0,-21,1,-24,2,-27,3,-27,0,0,4,-26,6,-23,6,-20,6,-16,7,-10,7,-4,98,0,7,8,6,15,5,21,5,25,4,28,3,30,3,30,2,29,2,28,2,25,2,23,2,21,1,17,-2,14,0,7,0,2,0,-2,0,-8,1,-12,3,-16,5,-17,-4,-2,-10,1,-8,12,2,19,17,12,23,-3,13,-19,-23,-14,-19,-10,-19,6,-7,17,8,15,14,2,9,-7,0,-8,-6,0,0,6,9,3,12,-8,0,-20,-16,-17,-29,-4,-19,22,2,30,21,19,26,0,16,-16,0,-19,0,0,-8,-1,-3,0,-2,-2,-8,-3,-13,3,-9,16,10,25,20,15,26,-1,17,-19,0,-25,-14,-16,-17,-1,-12,6,-5,8,-1,7,0,8,3,11,12,9,21,0,22,-3,4,-33,-20,-31,-38,-10,-38,18,-16,37,11,35,26,16]"
CSI_DATA,57185,d8:b1:90:d9:de:f0,-52,9,-99,-35,53,116,841643976,98,0,106,0,"[-35,0,62,0,-68,0,-131,0,-120,0,-58,0,102,0,-12,0,37,0,-2,0,-12,16,-1,0,-47,16,-5,0,-50,16,-47,0,-19,16,-138,0,49,0,12,0,112,0,-140,16,-132,0,16,16,-117,0,-54,15,0,0,0,0,87,0,-44,15,15,0,33,16,-71,16,-109,16,130,16,70,0,74,16,-56,0,51,16,54,1,57,16,78,1,88,16,57,1,124,16,10,1,-122,16,-57,0,-62,16,111,0,-3,16,-35,16,23,0]"
CSI_DATA,57186,d8:b1:90:d9:de:f0,-54,11,-99,-40,56,116,841658661,100,0,228,0,"[-16,1,-16,3,-15,6,-13,10,-11,11,-10,14,-8,16,88,-6,-3,19,-1,19,0,19,1,19,3,19,4,19,5,18,4,17,4,15,3,12,1,10,0,5,-2,0,53,5,-7,-9,-9,-14,-10,-17,-10,-21,-10,-23,-9,-24,0,0,-6,-24,-3,-22,-1,-21,0,-17,2,-11,6,-7,65,0,10,6,11,11,11,17,11,22,11,25,10,26,10,27,8,26,7,25,6,23,6,22,5,19,3,15,44,0,0,8,0,2,0,-2,0,-8,1,-12,3,-15,5,-16,-5,1,-4,8,4,13,15,9,20,-5,11,-19,-5,-21,-25,7,-20,6,-8,18,7,16,15,5,12,-7,1,-11,-6,-5,-5,3,3,5,10,-1,4,-13,-10,-15,-22,-3,-25,11,-4,28,17,22,27,4,21,-13,6,-21,-7,-15,0,0,-9,2,-3,2,-3,0,-8,0,-11,8,-3,17,19,19,22,8,23,-10,11,-22,-6,-22,-16,-11,-17,0,-10,8,-3,9,0,8,0,8,5,11,13,8,21,-1,21,-6,2,-31,-21,-28,-37,-9,-35,18,-15,35,10,33,25,16]"
CSI_DATA,57187,d8:b1:90:d9:de:f0,-54,11,-99,-40,56,116,841668698,100,0,228,0,"[3,15,6,15,9,13,11,11,14,9,16,5,18,2,88,-6,18,-3,18,-6,17,-8,15,-11,14,-12,13,-13,11,-14,10,-14,9,-13,7,-11,6,-7,4,-3,3,1,53,5,0,11,0,17,0,20,-1,22,-1,25,-2,25,0,0,-3,24,-4,22,-4,20,-5,15,-6,11,-7,4,-81,13,-9,-7,-9,-13,-11,-18,-11,-21,-11,-24,-12,-25,-12,-26,-11,-24,-12,-23,-11,-21,-11,-19,-10,-17,-9,-13,106,13,-4,-7,-1,-1,1,1,2,7,4,11,5,14,4,16,2,4,9,2,12,-7,5,-17,-9,-17,-21,-5,-18,11,15,22,13,16,19,0,11,-13,-2,-15,-12,-6,-10,4,0,8,5,1,1,-5,-8,-4,-12,7,-2,18,14,18,28,7,20,-19,0,-28,-19,-19,-24,0,-14,15,0,18,0,0,8,1,4,0,3,1,9,1,12,-5,7,-16,-15,-22,-21,-11,-23,7,-11,22,6,22,16,11,16,-2,9,-10,1,-9,0,-8,-2,-8,-8,-8,-15,-3,-19,8,-17,12,11,29,31,16,37,-9,22,-33,-6,-38,-27,-22,-30,1]"
CSI_DATA,57188,d8:b1:90:d9:de:f0,-54,11,-99,-41,56,116,841678850,100,0,228,0,"[0,16,3,16,7,16,10,14,14,13,16,10,18,7,91,-6,19,1,19,0,19,-2,18,-5,18,-7,17,-9,16,-10,15,-10,14,-10,11,-7,8,-5,5,-1,1,1,54,5,-5,10,-8,15,-12,17,-13,19,-15,21,-15,21,0,0,-16,18,-16,17,-14,15,-13,10,-11,5,-8,0,-100,14,-1,-11,0,-16,3,-20,5,-24,7,-27,7,-28,8,-28,8,-27,7,-26,6,-24,5,-22,4,-19,3,-16,43,0,0,-8,0,-2,-1,2,-4,7,-7,11,-8,13,-9,14,1,5,8,4,14,-3,8,-16,-5,-20,-19,-10,-21,7,10,26,10,19,19,4,16,-11,1,-16,-10,-10,-12,1,-3,9,5,4,4,-4,-5,-8,-15,0,-11,15,5,23,22,20,27,-8,14,-26,-8,-26,-23,-11,-20,6,-8,16,0,0,7,5,3,0,0,3,5,6,14,2,16,-9,1,-26,-10,-21,-24,-9,-23,10,-9,21,6,19,14,9,13,0,7,-5,3,-5,3,-7,1,-12,-7,-14,-19,-8,-22,-3,-16,27,7,35,33,22,40,-5,26,-30,0,-36,-19,-22]"
CSI_DATA,57189,d8:b1:90:d9:de:f0,-54,11,-99,-42,56,116,841688890,100,0,228,0,"[-3,-15,-6,-14,-9,-12,-12,-11,-14,-8,-16,-6,-19,-2,94,-6,-19,0,-19,2,-19,4,-18,7,-18,8,-17,9,-16,10,-15,10,-13,9,-12,6,-9,4,-6,0,-2,-3,56,5,4,-12,8,-15,11,-17,13,-20,16,-20,17,-20,0,0,19,-18,18,-14,18,-11,14,-7,12,-3,9,1,113,0,0,12,-3,17,-6,20,-10,23,-12,25,-13,26,-15,26,-14,24,-15,23,-13,21,-12,19,-11,17,-9,13,106,14,-4,6,-1,1,1,-1,5,-6,9,-8,12,-9,15,-9,-3,-3,-9,-1,-12,7,-4,17,9,18,22,5,19,-11,-14,-23,-12,-17,-20,-2,-14,11,0,16,10,9,11,-1,3,-7,-4,-3,-3,5,5,7,14,-1,10,-16,-5,-24,-22,-20,-28,7,-13,25,6,27,21,13,22,-3,11,-15,0,0,-5,-7,-4,-2,-1,-3,-6,-6,-13,-3,-17,7,-3,28,6,24,22,13,25,-3,14,-19,0,-21,-11,-12,-13,-3,-9,1,-7,4,-6,6,-3,12,3,16,17,14,19,10,25,-22,4,-35,-22,-33,-39,-10,-36,18,-14,33,8,30]"
CSI_DATA,57190,d8:b1:90:d9:de:f0,-51,9,-99,-36,53,116,841701103,108,0,106,0,"[103,17,-110,0,38,17,106,0,-2,16,19,0,-3,16,-62,17,18,17,-125,17,46,17,122,17,72,17,101,17,116,17,123,17,-115,17,-92,17,-28,17,30,0,77,0,-128,0,-118,0,-15,0,-63,0,16,1,0,0,0,0,-26,0,-56,0,-77,0,138,0,122,0,-11,17,-4,17,130,17,-136,17,0,17,75,17,-57,16,57,17,-51,16,62,17,-19,16,91,17,31,17,-146,17,92,17,-68,17,-95,17,53,0,26,0,-121,0]"
CSI_DATA,57191,d8:b1:90:d9:de:f0,-54,11,-99,-41,56,116,841720789,100,0,228,0,"[3,15,6,15,10,13,13,10,16,7,17,4,18,0,91,-6,18,-3,18,-6,17,-9,16,-11,15,-13,13,-14,12,-15,10,-15,10,-14,8,-11,6,-7,5,-3,4,2,54,5,1,13,1,17,0,21,0,24,0,26,0,27,0,0,-1,25,-1,23,-2,20,-4,16,-5,11,-7,5,-93,14,-10,-6,-11,-13,-13,-16,-15,-20,-15,-23,-16,-24,-16,-24,-15,-23,-15,-22,-13,-19,-13,-18,-12,-16,-10,-13,-109,14,-4,-6,0,-1,2,2,5,6,7,10,8,13,7,15,3,3,10,0,11,-8,3,-17,-11,-16,-22,-3,-17,13,18,20,15,15,19,-1,11,-14,-3,-16,-12,-5,-10,5,0,8,5,1,0,-6,-8,-4,-13,8,-1,19,16,17,30,7,19,-21,-1,-29,-20,-18,-25,1,-15,16,0,18,0,0,8,1,5,0,5,1,9,0,12,-7,4,-17,-19,-20,-24,-8,-23,11,-9,23,8,21,18,9,16,-3,8,-10,1,-9,0,-8,-2,-8,-9,-8,-16,-1,-17,12,-14,16,15,29,33,12,36,-15,16,-37,-12,-38,-31,-17,-30,6]"
CSI_DATA,57192,d8:b1:90:d9:de:f0,-54,11,-99,-41,56,116,841731298,100,0,228,0,"[-1,16,0,16,4,16,8,16,11,15,14,12,16,11,91,-6,18,5,19,3,19,0,19,0,19,-1,18,-3,18,-4,16,-5,16,-5,13,-3,9,-2,5,0,0,3,54,5,-7,9,-12,12,-16,15,-18,16,-19,16,-20,16,0,0,-20,14,-19,11,-17,9,-15,5,-11,1,-6,-1,-93,14,2,-11,6,-15,11,-18,14,-19,16,-21,17,-22,17,-22,16,-21,16,-20,14,-19,13,-17,11,-16,9,-13,94,0,3,-5,0,-2,-2,1,-7,4,-10,7,-14,9,-15,8,1,4,8,5,14,-2,10,-14,-2,-20,-17,-13,-22,3,6,29,6,20,17,8,16,-7,3,-16,-8,-12,-12,0,-4,7,4,5,6,-4,-2,-10,-15,-3,-15,12,0,24,15,26,28,0,19,-20,0,-28,-17,-17,-21,0,-13,12,0,0,4,7,2,2,0,3,3,8,12,7,18,-3,11,-25,-3,-24,-19,-16,-25,1,-16,16,0,19,9,12,12,2,8,-1,5,-2,6,-4,6,-10,0,-16,-14,-16,-19,-13,-25,18,-7,35,19,33,38,12,35,-16,15,-33,-7,-29]"
CSI_DATA,57193,d8:b1:90:d9:de:f0,-54,11,-99,-42,56,116,841748761,100,0,228,0,"[0,-15,0,-16,-4,-15,-8,-13,-12,-11,-15,-7,-17,-4,94,-6,-19,0,-18,3,-18,5,-17,8,-16,10,-15,12,-14,12,-12,13,-10,12,-8,10,-7,6,-5,2,-3,-2,56,5,-1,-13,-1,-18,0,-21,0,-24,0,-26,0,-27,0,0,0,-25,0,-23,2,-20,2,-16,4,-11,6,-5,87,0,10,6,12,11,14,16,16,19,18,21,18,22,19,22,18,21,18,19,17,17,16,15,14,13,12,10,-95,0,5,5,0,1,-4,-1,-8,-5,-11,-8,-12,-10,-12,-12,-1,-4,-8,-4,-14,4,-7,16,6,19,20,8,21,-8,-11,-23,-11,-18,-19,-2,-12,11,0,15,11,7,10,-3,0,-7,-5,-1,-1,5,8,4,13,-6,3,-19,-14,-18,-31,-8,-20,20,0,28,21,19,26,0,15,-15,0,-18,0,0,-7,-1,-5,0,-5,-1,-10,0,-12,9,-2,19,21,19,25,5,22,-13,5,-25,-11,-20,-20,-5,-15,6,-6,11,0,9,2,7,4,7,10,6,16,0,15,-15,10,-19,-20,-25,-36,-3,-32,23,-7,39,21,33,34,8,27,-13]"
CSI_DATA,57194,d8:b1:90:d9:de:f0,-54,11,-99,-41,56,116,841758794,100,0,228,0,"[-14,-8,-16,-6,-16,-3,-17,0,-17,1,-17,5,-17,7,91,-6,-15,12,-15,13,-13,14,-12,15,-11,16,-9,16,-9,16,-8,16,-7,14,-6,11,-5,7,-4,2,-2,-2,54,5,1,-13,4,-16,7,-19,9,-22,12,-22,13,-23,0,0,16,-20,15,-16,15,-14,13,-9,10,-4,7,0,91,0,-1,11,-5,16,-10,19,-13,21,-16,22,-17,22,-18,21,-18,20,-18,19,-16,16,-16,15,-14,13,-12,11,71,14,-5,3,0,1,3,0,8,-3,13,-3,16,-2,18,-1,-5,0,-8,4,-4,13,7,16,19,7,20,-8,8,-20,-26,-11,-20,-7,-17,9,-5,17,8,14,15,1,9,-8,0,-8,-6,0,-1,7,9,5,14,-6,4,-18,-13,-20,-26,-13,-24,16,-6,28,13,24,23,8,19,-8,7,-16,0,0,-5,-5,-2,0,0,-3,-5,-7,-14,-4,-17,7,-6,27,6,24,21,14,25,-3,15,-17,0,-20,-10,-12,-12,-3,-8,0,-6,1,-6,3,-7,8,-1,15,10,18,16,16,30,-11,17,-31,-7,-38,-31,-25,-39,0,-27,23,-5,29]"
CSI_DATA,57195,d8:b1:90:d9:de:f0,-54,11,-99,-38,55,116,841768920,100,0,228,0,"[-7,15,-5,16,-2,17,0,18,4,17,7,17,10,16,94,-6,15,11,17,9,18,7,18,4,19,3,19,0,19,0,18,0,16,0,12,0,9,0,4,1,0,3,56,5,-10,7,-14,8,-18,10,-22,11,-23,11,-24,11,0,0,-24,9,-21,7,-19,5,-15,2,-11,0,-6,-2,-75,14,4,-10,9,-13,13,-16,17,-18,19,-20,20,-21,20,-21,19,-20,18,-20,16,-18,15,-16,12,-15,10,-12,-87,0,3,-5,0,-1,-2,0,-6,4,-10,7,-13,8,-15,9,0,4,5,8,14,3,15,-8,5,-20,-12,-18,-22,-3,-3,28,0,21,14,14,19,-1,10,-14,-3,-14,-11,-4,-7,5,1,6,7,-1,0,-10,-13,-7,-18,8,-6,23,8,29,28,6,24,-16,4,-27,-13,-21,-21,-4,-15,9,0,0,2,7,1,2,0,3,1,8,10,9,18,0,14,-22,0,-25,-17,-18,-25,-1,-17,14,-3,19,8,13,11,4,8,-1,5,-1,7,-2,6,-8,0,-16,-13,-16,-18,-13,-27,17,-9,34,19,34,38,13,37,-15,15,-33,-7,-30]"
CSI_DATA,57196,d8:b1:90:d9:de:f0,-54,11,-99,-41,56,116,841779085,100,0,228,0,"[12,12,13,11,16,8,16,4,17,2,18,0,18,-3,91,-6,16,-9,15,-11,14,-13,13,-14,12,-16,9,-16,8,-16,7,-16,6,-15,5,-12,4,-8,3,-3,1,1,54,5,0,13,-1,17,-2,21,-3,24,-5,26,-6,27,0,0,-7,24,-8,21,-9,18,-8,14,-7,8,-7,2,-88,14,-4,-10,-2,-16,0,-21,0,-25,0,-27,1,-28,2,-29,2,-27,2,-27,1,-24,1,-22,1,-18,0,-16,0,0,0,-6,0,-1,-1,3,-2,9,-5,12,-7,15,-9,15,4,2,9,-1,8,-12,-2,-17,-16,-12,-22,4,-13,18,24,15,19,10,19,-7,6,-17,-8,-15,-14,-2,-9,7,0,9,6,0,1,-7,-9,-4,-13,7,-2,19,16,17,28,8,20,-19,0,-29,-18,-20,-25,-1,-16,14,-1,17,0,0,7,2,3,0,1,3,7,4,14,0,13,-14,-5,-26,-16,-17,-26,-2,-19,16,-3,23,11,16,16,4,12,-4,5,-5,3,-5,2,-6,0,-11,-9,-13,-20,-6,-22,0,-13,29,10,33,33,19,39,-7,24,-31,0,-35,-20,-21]"
CSI_DATA,57197,d8:b1:90:d9:de:f0,-54,11,-99,-38,55,116,841798628,100,0,228,0,"[2,-15,0,-16,-2,-16,-6,-15,-10,-13,-13,-11,-15,-8,94,-6,-18,-2,-19,0,-19,2,-18,5,-18,7,-17,9,-16,10,-14,11,-12,10,-10,7,-8,4,-6,1,-3,-2,56,5,1,-13,1,-18,4,-22,4,-25,4,-27,4,-27,0,0,5,-25,5,-23,6,-20,5,-15,7,-10,7,-4,101,0,8,7,10,14,11,18,12,23,13,25,14,26,14,26,14,25,14,23,14,21,13,18,11,16,10,12,-120,0,4,5,0,1,-1,-1,-5,-6,-7,-10,-9,-13,-9,-15,-1,-5,-8,-4,-13,3,-10,15,3,21,19,12,22,-5,-8,-27,-8,-20,-20,-5,-15,10,-1,17,9,10,11,-1,2,-7,-3,-3,-2,4,6,6,14,-4,6,-18,-11,-20,-28,-14,-25,16,-4,29,16,21,25,3,17,-14,2,-17,0,0,-8,-1,-4,0,-4,-2,-8,-1,-13,6,-7,18,16,23,23,11,25,-8,11,-22,-6,-22,-18,-10,-16,2,-8,8,0,9,0,7,2,8,8,8,17,1,18,-11,14,-17,-14,-29,-34,-11,-36,17,-14,38,15,37,32,15,30,-8]"
CSI_DATA,57198,d8:b1:90:d9:de:f0,-54,11,-99,-38,55,116,841809150,100,0,228,0,"[-11,12,-9,13,-6,15,-2,16,0,17,4,16,7,15,94,-6,13,14,14,11,15,10,17,8,18,6,19,5,18,4,17,3,16,2,12,2,9,2,3,3,0,4,56,5,-12,6,-16,7,-20,7,-23,7,-25,7,-26,6,0,0,-25,5,-23,3,-21,1,-17,0,-12,-2,-6,-5,-85,14,5,-11,11,-14,15,-16,19,-17,22,-18,23,-18,23,-18,22,-17,21,-16,20,-15,17,-14,15,-12,12,-11,-81,0,5,-4,1,0,-2,2,-6,4,-11,7,-14,8,-16,7,0,5,4,8,13,5,16,-6,8,-19,-8,-21,-21,-8,-9,25,-5,21,11,17,18,2,12,-10,0,-14,-9,-6,-7,2,0,5,5,0,0,-10,-12,-8,-19,5,-9,22,3,31,27,10,26,-12,9,-26,-10,-24,-20,-9,-17,5,0,0,0,8,0,4,0,4,0,9,10,10,20,0,18,-22,3,-25,-14,-21,-25,-5,-20,12,-5,19,6,16,10,7,10,0,7,-1,7,-3,7,-9,0,-16,-12,-18,-15,-14,-29,14,-12,34,15,36,36,17,38,-10,20,-31,-3,-31]"
CSI_DATA,57199,d8:b1:90:d9:de:f0,-54,11,-99,-39,55,116,841828662,100,0,228,0,"[15,7,16,5,17,2,17,-2,17,-5,15,-8,15,-12,97,-7,11,-16,9,-17,7,-18,5,-19,3,-20,2,-20,0,-20,0,-19,0,-17,1,-13,1,-10,3,-5,4,1,58,6,8,12,9,17,10,21,9,25,9,26,9,27,0,0,6,27,4,24,2,21,0,17,-3,12,-5,6,-73,15,-10,-7,-13,-13,-14,-19,-15,-22,-15,-25,-15,-26,-15,-26,-14,-26,-13,-24,-13,-22,-11,-21,-10,-18,-8,-15,-89,15,-3,-6,-1,-1,2,4,3,10,4,14,4,17,2,19,6,1,8,-7,3,-15,-11,-16,-21,-4,-18,13,-4,23,27,4,22,2,16,-14,0,-19,-13,-10,-14,3,-5,11,4,7,5,-2,-2,-7,-11,1,-8,14,8,20,24,8,32,-6,9,-29,-14,-27,-28,-9,-24,11,-8,21,6,17,0,0,8,-1,4,0,5,2,10,-1,12,-10,3,-21,-20,-21,-26,-6,-24,13,-8,26,11,22,20,9,17,-5,8,-11,2,-9,0,-7,-1,-8,-7,-10,-15,-6,-21,7,-19,13,7,32,30,22,41,-5,28,-31,1,-41,-24,-28,-31,-5]"
CSI_DATA,57200,d8:b1:90:d9:de:f0,-54,11,-99,-41,56,116,841838642,100,0,228,0,"[15,-3,15,-5,14,-7,12,-11,10,-14,7,-15,5,-16,91,-6,0,-17,0,-17,-3,-17,-4,-17,-6,-17,-7,-16,-8,-16,-8,-15,-6,-14,-5,-11,-2,-8,0,-5,3,0,54,5,10,7,13,11,16,15,16,16,16,19,16,20,0,0,13,20,12,19,8,17,4,15,0,11,-3,6,-46,14,-11,-3,-15,-8,-16,-13,-19,-16,-19,-18,-19,-20,-19,-20,-18,-20,-17,-19,-16,-17,-14,-16,-13,-14,-10,-12,105,14,-3,-5,-1,-1,0,3,3,8,4,12,4,16,3,16,4,-3,1,-9,-7,-12,-16,-5,-17,9,-6,20,9,19,24,-12,17,-11,3,-18,-10,-14,-16,-1,-9,9,1,11,7,3,3,-3,-4,-4,-8,5,0,15,15,13,24,-2,24,-18,-3,-28,-22,-17,-27,2,-16,18,0,21,12,12,0,0,7,-3,2,-2,4,0,8,-3,7,-12,-3,-18,-25,-12,-24,1,-17,17,0,24,15,17,19,2,14,-7,4,-10,0,-8,-1,-6,-2,-6,-8,-8,-16,-1,-18,10,-16,16,11,29,33,16,37,-9,21,-33,-4,-37,-25,-24,-30,-1]"
CSI_DATA,57201,d8:b1:90:d9:de:f0,-54,11,-99,-39,55,116,841848768,100,0,228,0,"[-13,-11,-15,-9,-15,-6,-17,-2,-17,3,-16,6,-15,10,97,-7,-12,15,-9,17,-7,18,-4,19,-2,20,0,20,1,20,2,18,3,17,2,14,1,10,-2,6,-5,1,58,6,-11,-9,-14,-13,-15,-17,-18,-19,-19,-21,-19,-21,0,0,-17,-20,-15,-19,-12,-17,-9,-14,-4,-11,2,-8,22,0,12,-1,18,2,23,5,26,6,29,7,30,7,30,7,29,6,27,5,26,4,23,3,20,2,17,1,-47,0,8,1,0,0,-5,0,-9,-2,-16,-3,-17,-4,-19,-5,-5,-2,-10,4,-6,14,8,17,20,8,20,-10,6,-23,-27,-6,-21,-3,-15,14,1,19,13,11,14,-4,4,-11,-5,-6,-5,3,4,5,10,-3,5,-16,-13,-17,-25,-2,-29,15,1,31,22,21,29,-1,18,-19,0,-23,-13,-13,0,0,-7,5,-4,3,-5,2,-9,6,-4,16,9,18,30,3,24,-12,10,-26,-11,-24,-23,-9,-20,8,-8,15,2,13,6,7,6,3,8,4,12,1,14,-10,6,-21,-1,-24,-32,-11,-34,16,-15,39,15,39,37,17,36,-11,16,-27]"
CSI_DATA,57202,d8:b1:90:d9:de:f0,-54,11,-99,-40,56,116,841860004,100,0,228,0,"[-8,13,-5,14,-3,15,0,16,2,15,6,15,9,14,88,-6,12,11,14,11,15,9,17,8,18,6,17,5,18,4,17,3,15,3,11,4,9,3,3,3,-1,4,53,5,-12,4,-17,2,-21,2,-23,0,-25,0,-26,-1,0,0,-24,-3,-22,-5,-19,-5,-14,-6,-9,-6,-2,-7,-28,13,11,-6,16,-5,22,-4,25,-3,28,-1,29,-1,28,0,28,0,26,0,23,0,22,0,19,0,15,0,-33,0,7,0,1,0,-3,0,-9,-2,-12,-4,-15,-7,-15,-9,0,5,5,7,13,2,14,-9,5,-19,-11,-18,-21,-5,-7,24,-3,20,11,15,17,1,11,-10,0,-13,-9,-6,-7,2,0,5,6,0,0,-10,-11,-10,-20,2,-13,20,-1,31,23,16,28,-5,16,-22,-2,-24,-16,-14,-17,0,0,0,-2,8,0,3,-2,3,-2,9,4,13,16,10,25,-11,14,-19,-1,-25,-18,-17,-22,0,-15,12,-2,15,4,11,6,5,6,3,8,2,11,0,12,-10,4,-21,0,-22,-30,-11,-33,13,-17,34,9,39,31,22,35,-2,21,-21]"
CSI_DATA,57203,d8:b1:90:d9:de:f0,-54,11,-99,-41,56,116,841878638,100,0,228,0,"[-12,-9,-14,-8,-16,-5,-16,-2,-17,0,-16,3,-16,6,91,-6,-15,11,-13,13,-12,14,-10,16,-9,16,-7,16,-6,16,-5,16,-5,15,-4,12,-4,8,-4,3,-3,-1,54,5,-2,-13,-2,-17,-1,-21,0,-24,0,-25,1,-25,0,0,2,-23,4,-21,5,-18,5,-14,6,-8,7,-2,82,0,6,10,6,16,6,21,5,25,5,27,4,28,3,28,3,28,3,26,2,24,2,21,1,19,1,16,67,0,1,6,0,1,0,-3,0,-8,2,-13,3,-16,5,-16,-4,0,-8,4,-4,13,6,15,17,8,19,-7,8,-19,-23,-11,-19,-6,-17,9,-4,17,9,13,13,0,7,-8,-1,-7,-5,0,0,5,10,1,11,-10,-1,-19,-18,-15,-31,-3,-16,22,2,28,21,16,24,-2,14,-16,0,-17,0,0,-7,0,-3,0,-3,-2,-8,-1,-13,4,-9,16,12,25,19,14,24,-3,15,-18,-1,-21,-13,-13,-15,-1,-10,5,-4,6,-2,5,-2,8,1,12,11,11,21,1,23,-4,6,-31,-18,-31,-38,-11,-36,17,-16,36,10,34,25,16]"
CSI_DATA,57204,d8:b1:90:d9:de:f0,-54,11,-99,-41,56,116,841888791,100,0,228,0,"[3,-15,1,-16,0,-16,-3,-16,-7,-15,-10,-14,-12,-13,91,-6,-16,-9,-16,-7,-16,-5,-17,-4,-18,-3,-18,-2,-17,-1,-17,-1,-16,-1,-13,-1,-9,-2,-4,-3,0,-4,54,5,12,-4,17,-4,20,-3,23,-2,25,-1,25,0,0,0,24,1,21,3,18,4,14,5,9,6,2,6,42,0,-10,6,-16,5,-21,4,-25,3,-28,2,-29,0,-29,0,-27,0,-27,0,-24,0,-22,0,-19,0,-16,0,32,14,-7,0,-2,0,3,1,8,3,12,6,14,8,14,10,-1,-4,-7,-5,-13,0,-12,12,0,19,14,15,21,0,1,-27,0,-20,-15,-13,-17,2,-9,13,2,13,10,4,7,-4,-1,-5,-5,1,0,10,12,8,18,-4,11,-21,0,-31,-25,-13,-27,7,-13,23,4,25,16,12,17,-1,0,0,0,-8,0,-3,2,-3,1,-8,-4,-13,-16,-8,-25,12,-14,18,2,25,17,16,22,0,15,-12,3,-15,-3,-10,-5,-5,-5,-3,-7,-2,-12,0,-13,10,-5,21,0,23,29,12,34,-10,20,-33,-6,-39,-30,-25,-36,0,-23,19]"
CSI_DATA,57205,d8:b1:90:d9:de:f0,-54,11,-99,-38,55,116,841899177,100,0,228,0,"[2,-15,0,-16,-3,-15,-7,-14,-11,-12,-14,-10,-16,-7,94,-6,-18,-2,-19,0,-18,1,-19,3,-19,6,-18,8,-17,8,-15,8,-14,8,-12,7,-9,4,-5,0,-1,-2,56,5,5,-12,8,-16,11,-19,12,-21,15,-22,15,-23,0,0,14,-20,14,-18,13,-15,12,-11,10,-5,7,0,98,0,2,12,0,17,-1,23,-2,27,-3,28,-3,29,-3,29,-3,28,-2,28,-2,24,-2,23,0,20,0,16,-1,14,0,6,0,0,1,-4,0,-10,1,-14,3,-17,5,-17,0,-4,-7,-5,-13,1,-10,14,2,20,18,12,23,-4,-6,-26,-7,-20,-19,-6,-15,8,-2,15,8,10,10,0,3,-7,-4,-3,-3,4,6,8,15,-1,11,-17,-6,-25,-24,-22,-28,10,-13,27,9,27,24,12,21,-6,9,-16,0,0,-6,-5,-3,-1,-1,-3,-6,-5,-15,0,-15,13,1,30,15,21,26,4,22,-14,5,-23,-9,-18,-16,-6,-11,3,-6,4,-3,5,-3,6,0,12,9,13,22,4,23,-2,11,-31,-15,-34,-37,-16,-38,13,-19,35,7,35,25,18]"
CSI_DATA,57206,d8:b1:90:d9:de:f0,-54,11,-99,-38,55,116,841918759,100,0,228,0,"[-8,13,-6,14,-3,15,0,16,2,17,6,17,9,16,94,-6,14,13,15,11,17,9,17,7,19,5,19,4,19,3,18,2,17,2,13,2,9,2,4,3,0,3,56,5,-12,4,-17,5,-21,5,-25,5,-26,5,-27,4,0,0,-25,1,-23,0,-20,0,-15,-2,-10,-3,-3,-5,-51,14,8,-8,14,-10,18,-11,23,-12,26,-12,27,-13,27,-12,26,-12,25,-11,23,-10,21,-9,18,-8,15,-7,-46,0,6,-2,1,0,-2,0,-8,1,-14,1,-16,1,-18,1,0,5,4,8,13,4,16,-7,7,-19,-9,-20,-21,-6,-7,26,-4,21,11,16,18,0,12,-10,0,-14,-9,-6,-7,3,0,5,6,-1,0,-10,-13,-9,-20,4,-11,22,1,32,28,13,29,-9,12,-25,-8,-25,-20,-10,-17,4,0,0,0,8,0,4,0,4,0,9,8,12,18,4,23,-18,8,-24,-10,-24,-22,-10,-22,7,-9,17,2,15,8,8,8,1,6,0,8,0,10,-6,6,-15,-5,-21,-12,-21,-33,4,-24,29,2,41,30,30,41,1,29,-22,6,-31]"
CSI_DATA,57207,d8:b1:90:d9:de:f0,-54,11,-99,-41,56,116,841928877,100,0,228,0,"[-15,0,-16,1,-16,4,-15,8,-13,11,-11,14,-8,15,91,-6,-4,17,-2,18,0,18,0,18,1,18,2,18,3,17,3,16,3,16,1,13,0,10,0,5,-3,0,54,5,-8,-9,-10,-14,-11,-16,-10,-20,-10,-22,-9,-23,0,0,-6,-22,-4,-21,-2,-18,0,-15,2,-10,5,-4,68,0,10,6,12,12,13,16,14,20,14,23,14,24,13,25,12,24,12,23,10,20,9,19,8,16,7,14,84,0,2,6,1,1,0,-2,0,-8,0,-13,0,-15,1,-16,-4,1,-4,8,3,13,15,9,18,-3,12,-17,-4,-20,-25,6,-19,5,-8,16,6,16,15,5,11,-6,1,-10,-6,-5,-4,3,3,5,10,-3,3,-15,-11,-16,-23,-3,-27,13,-3,29,17,23,27,4,21,-13,6,-21,-7,-16,0,0,-8,1,-2,1,-3,0,-8,0,-9,9,-1,16,20,17,22,4,20,-12,7,-22,-8,-19,-16,-7,-15,3,-7,8,-2,7,-1,6,0,8,5,10,15,6,21,-5,19,-10,-3,-32,-26,-24,-39,-1,-31,25,-6,39,18,30,28,9]"
CSI_DATA,57208,d8:b1:90:d9:de:f0,-54,11,-99,-41,56,116,841948829,100,0,228,0,"[8,-13,6,-15,4,-16,1,-16,-1,-16,-4,-17,-6,-17,91,-6,-11,-16,-12,-15,-14,-14,-15,-13,-16,-12,-16,-11,-16,-10,-16,-9,-13,-8,-11,-7,-7,-6,-2,-4,1,-1,54,5,12,3,16,6,18,10,19,13,20,15,20,16,0,0,16,17,14,17,10,16,6,14,1,10,-2,6,-34,14,-11,-3,-15,-8,-16,-13,-17,-17,-18,-19,-18,-21,-17,-22,-16,-21,-15,-21,-13,-19,-12,-17,-10,-16,-8,-13,-89,14,-3,-5,-1,0,0,4,0,10,0,14,0,16,-2,17,1,-5,-3,-9,-13,-5,-16,5,-9,18,6,20,19,10,11,-23,9,-18,-7,-17,-16,-6,-15,7,-2,14,6,9,8,0,0,-6,-6,-1,-5,9,5,14,19,6,21,-11,15,-25,-12,-26,-27,-10,-26,10,-10,22,6,21,15,9,0,0,5,-5,1,-2,3,0,7,-4,6,-12,-3,-17,-24,-11,-24,2,-16,18,0,24,14,16,18,3,14,-7,4,-10,0,-7,0,-5,0,-7,-6,-9,-14,-5,-20,6,-20,12,4,31,27,24,39,0,31,-25,7,-37,-16,-31,-27,-11]"
CSI_DATA,57209,d8:b1:90:d9:de:f0,-54,11,-99,-39,55,116,841958959,100,0,228,0,"[14,-8,13,-10,11,-12,8,-15,5,-17,2,-18,-2,-19,97,-7,-7,-18,-9,-18,-12,-17,-13,-15,-15,-14,-16,-13,-17,-12,-16,-10,-15,-9,-12,-8,-8,-7,-3,-5,2,-4,58,6,13,0,18,1,22,3,24,4,27,6,27,6,0,0,24,8,22,8,18,8,14,8,8,8,2,8,31,0,-11,7,-18,5,-22,5,-27,4,-29,4,-30,3,-30,3,-29,2,-28,3,-25,3,-22,3,-20,2,-16,2,44,15,-7,1,-2,1,4,0,10,0,14,1,17,3,18,4,4,-4,0,-11,-11,-11,-19,0,-15,15,0,23,17,16,18,-20,13,-17,-4,-20,-16,-10,-16,5,-5,14,6,10,8,0,1,-6,-7,-1,-5,10,8,14,21,4,20,-16,10,-30,-20,-24,-31,-2,-22,18,-3,26,14,18,19,2,0,0,4,-8,1,-4,2,-3,3,-9,-3,-14,-16,-10,-27,10,-16,19,2,26,18,18,23,0,15,-12,3,-16,-5,-11,-7,-5,-6,-3,-9,-2,-12,3,-12,13,-1,23,6,24,33,5,32,-21,10,-40,-20,-37,-39,-14,-34,13,-14,28]"
CSI_DATA,57210,d8:b1:90:d9:de:f0,-54,11,-99,-40,56,116,841969091,100,0,228,0,"[10,-11,8,-12,5,-13,2,-15,0,-16,-2,-16,-6,-16,88,-6,-11,-15,-12,-13,-13,-12,-15,-11,-16,-11,-16,-9,-16,-9,-16,-8,-14,-7,-11,-6,-8,-5,-3,-5,1,-3,53,5,11,0,17,0,20,2,22,3,24,5,24,6,0,0,22,9,20,9,16,10,12,9,6,8,0,8,22,0,-11,4,-16,2,-21,0,-24,0,-27,-1,-28,-2,-28,-3,-26,-3,-25,-3,-23,-3,-21,-3,-18,-2,-15,-2,42,13,-6,-1,0,0,3,1,9,3,11,6,13,8,14,10,1,-4,-3,-9,-11,-6,-16,4,-10,16,5,21,19,11,11,-22,9,-18,-7,-17,-16,-5,-12,7,-2,12,7,8,7,0,0,-5,-6,0,-3,10,9,12,20,1,18,-16,8,-30,-20,-21,-29,0,-21,17,-2,25,12,17,17,3,0,0,3,-7,0,-4,2,-3,3,-8,-2,-13,-13,-11,-26,6,-17,15,-1,24,13,19,21,4,16,-9,6,-13,-2,-11,-4,-6,-5,-4,-7,-3,-11,0,-13,8,-6,20,0,22,28,14,34,-8,22,-32,-4,-39,-28,-26,-34,-1,-22,18]"
CSI_DATA,57211,d8:b1:90:d9:de:f0,-54,11,-99,-38,55,116,841988683,100,0,228,0,"[-7,13,-4,15,0,16,3,16,6,16,11,14,14,12,94,-6,18,7,19,5,20,2,20,0,20,-1,20,-4,19,-5,17,-6,16,-6,13,-4,9,-3,6,0,1,3,56,5,-5,11,-8,15,-10,18,-12,21,-14,22,-15,23,0,0,-14,21,-13,18,-13,15,-11,11,-9,6,-7,0,-102,14,-4,-11,-3,-18,-2,-22,-2,-26,-2,-29,-3,-30,-3,-30,-3,-28,-3,-27,-4,-24,-5,-22,-4,-19,-4,-15,-30,14,-2,-5,-1,0,0,4,1,9,2,14,2,17,1,19,0,5,6,8,14,1,15,-10,2,-20,-14,-17,-23,0,0,28,1,22,16,11,17,-4,6,-15,-6,-12,-11,0,-4,6,3,3,4,-5,-5,-9,-16,0,-13,16,3,26,22,23,30,-7,14,-27,-7,-28,-23,-12,-21,6,-9,16,0,0,6,5,3,1,2,3,7,4,15,0,13,-13,-5,-28,-17,-18,-25,0,-18,17,-1,23,11,15,15,2,10,-5,4,-6,2,-6,1,-8,-3,-12,-14,-9,-22,2,-22,10,1,34,27,26,41,0,31,-29,1,-41,-23,-29,-31,-4]"
CSI_DATA,57212,d8:b1:90:d9:de:f0,-54,11,-99,-39,55,116,841998809,100,0,228,0,"[14,-7,13,-10,10,-12,8,-15,4,-17,1,-19,-3,-19,97,-7,-9,-19,-12,-17,-13,-16,-15,-14,-17,-12,-18,-11,-18,-10,-18,-8,-16,-7,-13,-6,-9,-5,-4,-5,2,-3,58,6,13,-3,18,-3,22,-2,25,-2,26,-1,28,-1,0,0,25,1,23,2,20,3,15,4,11,5,4,7,53,0,-8,10,-15,12,-18,13,-23,14,-25,15,-26,16,-26,16,-25,14,-23,15,-21,14,-19,13,-17,11,-13,10,81,15,-5,5,0,1,4,-2,10,-4,14,-6,16,-6,18,-6,4,-4,0,-10,-11,-11,-19,0,-16,15,0,23,17,16,17,-22,12,-18,-5,-20,-17,-8,-16,6,-4,14,7,9,9,-2,0,-6,-7,0,-3,11,11,13,21,0,16,-19,4,-32,-24,-19,-31,4,-17,24,4,26,19,15,19,-2,0,0,1,-9,0,-5,1,-5,0,-9,-8,-13,-19,-4,-22,20,-9,24,11,24,23,10,22,-9,9,-18,-4,-16,-9,-8,-9,-1,-7,0,-9,2,-10,8,-4,17,10,21,17,18,32,-12,17,-34,-12,-40,-37,-22,-41,8,-22,30,3,32]"
CSI_DATA,57213,d8:b1:90:d9:de:f0,-54,11,-99,-42,56,116,842018629,100,0,228,0,"[-15,-5,-15,-2,-16,0,-15,3,-14,7,-14,11,-12,13,94,-6,-9,18,-6,19,-5,19,-2,20,-1,20,0,20,0,20,1,18,0,16,0,14,0,10,-1,4,-3,0,56,5,-7,-11,-8,-15,-8,-19,-9,-23,-8,-25,-7,-26,0,0,-6,-24,-3,-22,-1,-20,0,-16,2,-11,5,-5,83,0,11,6,13,12,15,17,16,21,16,23,16,24,16,25,14,24,14,23,13,20,12,18,10,16,8,12,99,0,3,4,0,0,-1,-5,-3,-10,-4,-15,-3,-17,-2,-19,-5,0,-7,6,-1,15,11,15,21,2,18,-14,1,-23,-26,0,-22,0,-13,15,1,18,13,9,13,-3,3,-10,-4,-5,-5,2,2,5,10,-1,5,-14,-9,-19,-24,-7,-30,8,-7,30,15,26,28,7,24,-11,7,-21,-6,-17,0,0,-8,0,-3,0,-4,0,-9,1,-10,10,-1,20,23,19,25,3,21,-14,5,-24,-10,-20,-19,-6,-15,4,-7,9,-1,8,0,6,0,8,6,10,16,5,20,-8,19,-15,-8,-33,-31,-20,-40,6,-27,32,0,40,25,27,31,3]"
CSI_DATA,57214,d8:b1:90:d9:de:f0,-54,11,-99,-41,56,116,842028779,100,0,228,0,"[-13,-6,-15,-4,-16,-1,-16,1,-16,4,-16,7,-15,10,91,-6,-12,14,-11,15,-10,16,-9,17,-7,17,-5,17,-5,17,-4,16,-4,15,-3,12,-3,8,-3,4,-2,-1,54,5,-1,-13,0,-16,0,-20,1,-23,3,-24,4,-25,0,0,6,-22,7,-20,8,-16,8,-13,8,-6,7,-1,94,0,4,12,3,16,1,21,0,25,0,27,-2,27,-2,27,-3,26,-3,24,-3,22,-3,20,-2,17,-2,15,0,14,0,5,0,0,3,-4,5,-9,7,-12,11,-13,13,-13,-5,0,-8,5,-2,14,8,15,19,5,18,-10,6,-21,-24,-6,-19,-4,-16,10,-2,17,10,12,13,0,6,-8,-2,-6,-5,0,0,6,10,1,11,-11,0,-20,-18,-15,-29,-4,-17,21,1,28,20,17,24,0,16,-15,1,-16,0,0,-6,-3,-3,0,-3,-3,-8,-2,-13,2,-11,15,7,26,16,16,23,1,18,-15,3,-21,-9,-16,-14,-5,-11,2,-6,4,-4,4,-4,7,-1,12,7,14,19,8,23,2,16,-26,-6,-35,-31,-24,-39,1,-27,25,-4,35,16,24]"
CSI_DATA,57215,d8:b1:90:d9:de:f0,-54,11,-99,-40,56,116,842038816,100,0,228,0,"[13,7,14,5,16,1,16,-1,16,-6,14,-9,13,-11,88,-6,9,-16,7,-18,3,-18,1,-19,0,-19,-1,-19,-2,-18,-4,-17,-3,-15,-2,-12,0,-9,0,-5,3,0,53,5,10,7,12,11,14,14,16,16,18,18,17,18,0,0,15,18,13,16,11,14,8,12,3,10,-1,7,-25,13,-11,1,-17,0,-21,-2,-23,-3,-26,-4,-28,-4,-27,-5,-27,-3,-25,-2,-23,-1,-21,0,-17,0,-15,0,52,13,-6,0,0,0,5,0,11,2,14,3,16,4,17,5,6,0,8,-5,2,-14,-10,-15,-21,-4,-18,12,-2,22,25,1,21,0,12,-14,-3,-17,-13,-7,-11,5,-1,11,6,4,4,-3,-4,-6,-10,3,-3,15,12,15,23,0,24,-16,-1,-28,-21,-18,-27,1,-15,19,1,21,12,11,0,0,7,-4,3,-3,5,-1,7,-7,2,-13,-10,-15,-28,0,-21,11,-8,23,11,21,21,7,17,-7,6,-12,-1,-11,-4,-5,-5,-4,-7,-3,-11,0,-13,10,-4,21,2,24,31,9,33,-15,12,-37,-15,-36,-34,-15,-33,11,-14,25]"
CSI_DATA,57216,d8:b1:90:d9:de:f0,-54,11,-99,-38,55,116,842059134,100,0,228,0,"[14,-7,13,-9,11,-12,8,-14,5,-17,1,-18,0,-19,94,-6,-5,-19,-7,-18,-9,-17,-11,-17,-12,-15,-13,-14,-13,-13,-13,-12,-11,-11,-9,-9,-5,-7,-1,-5,2,-1,56,5,12,2,17,5,20,7,21,10,22,12,23,13,0,0,21,14,18,14,14,13,9,12,4,9,0,7,-5,14,-13,1,-18,0,-23,-3,-25,-5,-27,-7,-28,-9,-28,-9,-27,-8,-25,-8,-23,-7,-20,-6,-17,-5,-15,-4,59,14,-5,-1,0,1,4,3,8,6,11,8,14,12,13,13,4,-4,0,-10,-10,-12,-18,-1,-17,14,-1,22,15,18,20,-18,15,-15,0,-20,-14,-11,-16,3,-6,12,4,9,7,0,1,-5,-6,-1,-6,8,4,14,20,8,22,-10,17,-27,-13,-26,-28,-9,-26,11,-8,24,7,20,16,8,0,0,5,-5,2,-3,4,-1,6,-7,0,-14,-11,-15,-29,0,-21,12,-7,25,10,23,21,8,18,-5,8,-13,0,-11,-2,-7,-4,-5,-6,-5,-12,-2,-16,5,-11,20,-5,24,27,20,38,-2,28,-30,1,-41,-25,-31,-36,-6,-26,15]"
CSI_DATA,57217,d8:b1:90:d9:de:f0,-54,11,-99,-42,56,116,842069269,100,0,228,0,"[15,-4,14,-6,13,-9,11,-12,8,-14,7,-17,4,-18,94,-6,0,-19,-1,-20,-2,-20,-5,-19,-6,-19,-6,-18,-7,-18,-7,-17,-6,-14,-4,-12,-2,-9,0,-4,3,0,56,5,9,9,12,13,12,17,13,21,13,22,12,24,0,0,9,24,6,22,3,20,0,15,-1,10,-5,5,-81,14,-10,-6,-13,-12,-14,-16,-14,-21,-14,-25,-14,-25,-13,-25,-11,-25,-11,-24,-10,-22,-8,-19,-6,-17,-5,-13,-60,14,-2,-5,0,0,0,4,0,10,0,16,-1,17,-2,20,5,-3,2,-10,-6,-14,-18,-5,-20,8,-9,22,9,21,23,-10,19,-9,5,-19,-9,-15,-16,-3,-9,9,0,10,6,3,3,-4,-5,-3,-10,4,-1,16,14,15,25,0,27,-14,0,-31,-20,-22,-27,-2,-21,15,-3,22,8,15,0,0,7,-1,3,0,5,0,9,-1,10,-11,0,-19,-23,-18,-25,-3,-22,14,-7,24,9,21,18,8,15,-3,8,-8,1,-8,0,-5,0,-8,-4,-10,-15,-7,-22,3,-22,11,0,34,26,27,40,3,34,-24,10,-39,-15,-32,-28,-12]"
CSI_DATA,57218,d8:b1:90:d9:de:f0,-55,11,-99,-40,56,116,842088913,100,0,228,0,"[-14,3,-14,7,-11,10,-10,12,-7,14,-4,17,-1,18,88,-6,4,18,6,18,8,16,11,16,12,14,13,12,14,11,14,10,12,9,10,7,7,6,2,4,-2,2,53,5,-13,0,-17,0,-21,-1,-23,-1,-25,-2,-25,-3,0,0,-22,-4,-21,-4,-18,-5,-13,-5,-9,-5,-2,-7,-34,13,10,-7,14,-8,19,-9,22,-9,24,-11,25,-11,25,-11,24,-11,22,-11,20,-10,18,-10,15,-8,12,-8,-79,0,4,-3,0,0,-5,0,-10,3,-14,4,-16,4,-18,4,-5,3,-1,11,7,12,18,4,17,-11,4,-22,-12,-18,-21,16,-15,14,0,19,14,11,15,-3,5,-12,-4,-9,-8,0,0,6,7,1,5,-9,-7,-13,-19,-3,-19,14,-10,28,19,21,28,1,19,-17,0,-23,-13,-15,-16,0,0,0,-2,7,0,3,-2,4,-1,10,5,13,17,7,23,-14,11,-22,-6,-23,-21,-11,-22,5,-11,15,1,15,7,8,7,1,6,0,8,0,10,-5,6,-15,-6,-20,-14,-19,-31,7,-19,29,6,38,31,24,38,-3,23,-25,0,-29]"
CSI_DATA,57219,d8:b1:90:d9:de:f0,-54,11,-99,-42,56,116,842108626,100,0,228,0,"[16,0,16,-2,16,-5,14,-9,12,-12,10,-15,8,-18,94,-6,2,-20,0,-20,0,-20,-3,-20,-5,-19,-6,-19,-7,-17,-7,-16,-6,-14,-5,-11,-2,-8,0,-5,3,0,56,5,11,7,14,11,17,14,18,17,19,18,19,19,0,0,16,19,13,18,10,15,6,14,2,10,-1,6,-34,14,-12,0,-17,-5,-21,-9,-24,-10,-25,-12,-26,-13,-25,-13,-25,-13,-24,-11,-22,-10,-19,-9,-17,-7,-14,-5,74,14,-5,-1,0,1,4,4,8,7,11,10,12,13,12,15,5,-1,4,-10,-4,-15,-16,-9,-22,5,-11,20,6,23,27,-8,20,-8,6,-19,-8,-16,-16,-2,-10,9,0,11,7,3,3,-5,-5,-4,-10,5,0,15,16,14,25,-2,25,-18,-3,-29,-23,-17,-28,3,-15,20,1,22,12,11,0,0,6,-3,3,-1,5,0,8,-5,5,-14,-7,-19,-28,-7,-24,7,-13,23,5,25,19,13,19,-2,10,-11,0,-11,-2,-7,-2,-5,-4,-6,-10,-5,-16,2,-14,18,-9,24,23,23,37,1,32,-27,5,-41,-22,-34,-35,-9,-28,13]"
CSI_DATA,57220,d8:b1:90:d9:de:f0,-55,11,-99,-40,56,116,842118714,100,0,228,0,"[8,12,11,11,12,10,14,8,16,5,17,1,18,0,88,-6,18,-5,17,-7,17,-8,15,-11,14,-11,14,-12,13,-12,11,-11,11,-11,9,-8,7,-5,4,0,2,3,53,5,-3,12,-6,16,-9,18,-11,20,-12,22,-13,21,0,0,-15,18,-14,15,-13,11,-11,8,-10,3,-6,0,-84,13,0,-11,3,-17,6,-20,9,-22,11,-24,12,-24,12,-24,12,-22,12,-22,11,-20,10,-18,8,-15,6,-13,75,0,1,-6,-1,0,-3,3,-9,6,-12,9,-13,9,-16,9,5,4,11,0,11,-11,0,-19,-13,-15,-22,0,-16,15,18,20,15,14,19,0,11,-14,-2,-14,-11,-6,-10,4,0,8,6,1,2,-6,-8,-7,-15,3,-8,17,8,22,23,18,25,-11,10,-25,-9,-24,-21,-11,-20,5,-9,13,0,0,3,5,2,3,1,5,7,8,15,3,16,-9,4,-27,-9,-22,-22,-11,-22,7,-11,19,2,19,11,10,11,1,7,-2,5,-2,6,-4,5,-10,-1,-15,-15,-13,-22,-10,-23,21,-4,34,21,32,38,11,34,-17,13,-32,-8,-28]"
CSI_DATA,57221,d8:b1:90:d9:de:f0,-55,11,-99,-40,56,116,842128804,100,0,228,0,"[-13,-6,-15,-5,-16,-1,-17,0,-17,3,-17,6,-16,9,88,-6,-13,11,-13,13,-11,14,-10,16,-9,17,-8,17,-7,17,-7,16,-6,14,-5,11,-5,7,-3,1,-2,-2,53,5,0,-13,1,-17,4,-21,5,-22,7,-24,9,-23,0,0,11,-22,11,-18,11,-14,10,-10,9,-5,6,0,86,0,0,11,-2,17,-5,20,-7,22,-9,24,-11,25,-11,25,-11,23,-11,22,-11,20,-10,18,-9,15,-7,12,-84,13,-1,6,1,0,5,-2,9,-5,13,-8,15,-7,18,-6,-6,0,-9,5,-3,14,9,16,19,7,21,-10,8,-22,-25,-9,-21,-6,-17,10,-3,18,9,12,13,0,8,-8,-1,-8,-6,0,0,6,10,3,13,-8,2,-19,-14,-19,-28,-11,-22,17,-3,28,15,22,23,4,18,-10,6,-15,0,0,-5,-4,-2,-2,-2,-5,-8,-6,-15,0,-15,11,0,28,11,22,23,8,22,-9,10,-20,-4,-19,-12,-9,-11,0,-6,2,-4,2,-6,4,-5,10,1,15,14,15,22,11,25,-19,8,-34,-18,-33,-37,-14,-37,12,-17,29,5,29]"
CSI_DATA,57222,d8:b1:90:d9:de:f0,-54,11,-99,-38,55,116,842139504,100,0,228,0,"[15,-4,16,-6,14,-9,12,-13,10,-15,7,-17,3,-18,94,-6,0,-19,-3,-19,-5,-19,-7,-18,-9,-17,-11,-16,-11,-15,-11,-13,-10,-12,-7,-10,-4,-7,0,-4,3,-1,56,5,13,4,16,7,20,9,21,12,23,13,23,14,0,0,21,14,17,15,14,13,9,11,4,9,0,6,-7,14,-11,0,-18,-1,-22,-3,-25,-5,-27,-6,-28,-7,-28,-7,-26,-8,-26,-6,-23,-5,-21,-3,-18,-3,-14,-2,59,14,-6,0,0,1,4,3,9,6,13,9,14,11,14,13,5,-3,2,-11,-7,-14,-18,-5,-19,10,-6,23,11,20,25,-14,18,-13,2,-20,-12,-14,-16,0,-8,11,2,11,8,1,2,-6,-6,-3,-8,7,2,15,18,11,24,-7,20,-24,-9,-28,-27,-11,-26,8,-10,22,6,21,14,8,0,0,6,-4,2,-2,5,-1,7,-7,1,-16,-11,-16,-30,0,-23,13,-7,25,11,23,22,7,19,-7,7,-14,-1,-12,-4,-6,-4,-4,-6,-4,-11,-2,-15,6,-10,19,-3,25,28,18,36,-6,25,-32,-2,-42,-30,-29,-36,-1,-24,19]"
CSI_DATA,57223,d8:b1:90:d9:de:f0,-54,11,-99,-42,56,116,842149573,100,0,228,0,"[11,11,13,10,15,7,17,3,18,1,18,-1,18,-5,94,-6,17,-9,15,-12,14,-13,12,-14,11,-16,10,-17,9,-17,8,-15,7,-14,6,-11,4,-7,3,-2,2,3,56,5,0,14,-2,18,-3,22,-6,24,-7,26,-9,26,0,0,-10,23,-10,20,-11,17,-9,12,-8,6,-6,0,-87,14,-1,-11,0,-17,2,-22,3,-25,4,-27,6,-28,6,-28,6,-26,6,-26,5,-23,4,-22,4,-18,3,-14,35,0,0,-5,-1,0,-4,4,-7,9,-9,12,-12,15,-15,14,5,2,11,-2,8,-13,-2,-19,-18,-12,-23,4,-13,19,24,15,19,11,20,-6,7,-17,-7,-14,-13,-3,-9,6,0,8,6,0,0,-7,-9,-4,-14,7,-3,21,15,21,29,11,23,-18,2,-29,-16,-23,-25,-5,-18,11,-5,17,0,0,5,4,2,1,2,5,9,5,16,0,15,-14,-2,-30,-16,-21,-27,-4,-22,15,-6,23,8,19,15,6,12,-3,6,-4,4,-4,4,-5,2,-11,-5,-14,-19,-10,-25,-3,-19,27,3,36,30,28,41,0,31,-26,6,-35,-15,-27]"
CSI_DATA,57224,d8:b1:90:d9:de:f0,-48,11,-99,-34,49,116,842168782,100,0,114,0,"[-8,-46,-5,-53,0,-55,5,-55,5,-57,6,-51,12,-50,12,-46,10,-44,13,-41,12,-38,12,-38,10,-38,12,-38,12,-39,12,-41,10,-41,12,-44,12,-44,15,-46,15,-46,17,-48,19,-46,17,-46,20,-46,19,-44,20,-44,22,-43,0,0,24,-41,22,-41,24,-41,25,-43,25,-43,27,-43,27,-44,29,-43,27,-43,29,-41,25,-41,27,-39,25,-38,24,-36,22,-36,22,-36,24,-36,24,-38,25,-38,29,-41,31,-43,34,-46,39,-48,44,-50,48,-48,50,-44,53,-39,50,-31]"
CSI_DATA,57225,d8:b1:90:d9:de:f0,-48,11,-99,-35,49,116,842178865,100,0,114,0,"[48,-5,48,-3,58,-5,55,5,53,3,55,10,49,3,53,7,42,1,44,1,40,1,39,-1,40,1,37,-5,44,-3,37,-5,44,-12,44,-8,46,-16,46,-14,44,-19,46,-19,48,-14,44,-24,44,-16,42,-24,42,-16,37,-24,0,0,39,-19,39,-26,37,-23,39,-23,42,-19,40,-30,46,-33,37,-28,42,-35,33,-33,37,-42,33,-33,28,-40,33,-33,26,-32,32,-35,19,-33,24,-44,23,-40,21,-42,26,-51,23,-49,24,-56,24,-55,28,-64,32,-55,33,-53,39,-44]"
CSI_DATA,57226,d8:b1:90:d9:de:f0,-48,11,-99,-34,49,116,842188951,100,0,114,0,"[22,44,20,50,19,50,15,51,13,55,12,53,10,51,8,48,10,44,10,43,10,38,10,39,12,38,13,36,15,38,17,39,17,39,19,43,20,44,22,43,20,44,24,44,22,44,24,44,20,41,22,43,22,39,24,43,0,0,24,39,24,41,25,41,25,43,29,44,29,44,31,43,29,41,29,39,31,38,31,38,32,36,31,34,31,32,31,31,32,31,32,29,34,29,38,31,39,32,43,34,44,36,48,38,50,43,48,43,46,44,41,46,36,44]"
CSI_DATA,57227,d8:b1:90:d9:de:f0,-47,11,-99,-36,49,116,842209051,100,0,114,0,"[14,49,10,53,5,56,1,56,1,62,-1,56,-5,54,-9,51,-5,45,-7,43,-7,40,-9,42,-5,40,-5,40,-5,42,-5,43,-5,42,-5,45,-5,47,-7,49,-9,49,-7,53,-9,51,-9,51,-12,49,-10,47,-12,47,-14,47,0,0,-12,45,-14,47,-14,47,-16,51,-16,49,-20,49,-18,51,-20,49,-20,49,-20,49,-18,49,-20,47,-18,45,-16,43,-16,45,-16,42,-16,43,-16,43,-16,45,-18,49,-21,53,-25,54,-29,58,-31,60,-36,58,-38,54,-43,53,-43,43]"
CSI_DATA,57228,d8:b1:90:d9:de:f0,-47,11,-99,-36,49,116,842228817,100,0,114,0,"[5,-47,10,-53,14,-53,14,-54,18,-54,18,-51,16,-51,16,-43,14,-42,12,-42,10,-40,9,-42,7,-38,5,-40,3,-42,3,-43,0,-45,1,-47,0,-49,-3,-53,-1,-49,-3,-53,-5,-51,-5,-51,-5,-51,-7,-47,-7,-49,-7,-49,0,0,-10,-47,-10,-47,-12,-49,-14,-49,-14,-49,-16,-49,-18,-49,-20,-51,-21,-49,-21,-47,-23,-43,-23,-43,-25,-42,-25,-38,-25,-38,-27,-36,-29,-34,-31,-34,-32,-34,-36,-38,-40,-40,-43,-43,-47,-45,-47,-47,-47,-51,-45,-51,-40,-53,-34,-51]"
CSI_DATA,57229,d8:b1:90:d9:de:f0,-47,11,-99,-36,49,116,842248705,100,0,114,0,"[-47,14,-54,12,-58,10,-56,7,-60,3,-54,1,-54,0,-49,0,-47,1,-43,1,-40,0,-40,1,-40,1,-40,3,-43,3,-43,5,-42,5,-45,5,-47,7,-49,7,-49,7,-53,9,-49,9,-51,9,-49,7,-49,7,-47,5,-49,7,0,0,-49,9,-51,5,-51,7,-51,7,-51,7,-53,9,-53,7,-53,9,-53,9,-51,10,-51,10,-49,10,-47,10,-43,10,-45,10,-43,10,-45,14,-43,14,-47,16,-51,16,-53,18,-58,18,-62,20,-69,16,-69,12,-69,10,-69,5,-64,0]"
CSI_DATA,57230,d8:b1:90:d9:de:f0,-47,11,-99,-35,49,116,842258888,100,0,114,0,"[-5,49,-10,53,-16,55,-19,55,-23,56,-24,51,-24,48,-26,42,-21,40,-23,37,-21,35,-21,35,-21,35,-21,35,-21,37,-21,39,-21,39,-23,40,-23,42,-24,42,-26,42,-26,44,-28,42,-28,42,-28,40,-28,40,-30,39,-30,37,0,0,-30,39,-33,39,-33,40,-33,37,-35,39,-37,39,-35,39,-39,39,-37,39,-37,39,-35,39,-35,35,-33,35,-32,33,-32,33,-32,33,-32,33,-33,33,-35,35,-37,37,-40,40,-44,40,-49,42,-55,44,-58,40,-60,35,-62,32,-60,23]"
CSI_DATA,57231,d8:b1:90:d9:de:f0,-47,11,-99,-36,49,116,842268905,100,0,114,0,"[-47,10,-53,10,-54,7,-56,7,-56,5,-54,5,-51,3,-49,3,-45,5,-43,5,-40,7,-40,7,-40,10,-38,12,-40,14,-40,16,-40,18,-42,20,-43,23,-42,25,-43,25,-43,27,-42,27,-40,29,-42,29,-40,29,-40,31,-38,31,0,0,-34,32,-34,32,-34,36,-34,38,-36,40,-36,42,-34,42,-34,42,-31,43,-29,43,-25,47,-25,45,-20,43,-18,43,-16,42,-14,43,-12,45,-12,47,-10,49,-10,53,-10,56,-10,60,-10,64,-10,67,-10,67,-14,67,-16,65,-18,58]"
CSI_DATA,57232,d8:b1:90:d9:de:f0,-47,11,-99,-35,49,116,842289003,100,0,114,0,"[-33,33,-40,33,-46,32,-48,30,-48,28,-46,26,-46,21,-42,19,-39,21,-39,19,-37,19,-37,19,-33,19,-33,19,-33,23,-35,23,-35,23,-39,24,-39,26,-40,28,-40,26,-40,28,-42,28,-40,28,-42,28,-40,28,-40,28,-40,28,0,0,-39,26,-40,26,-40,26,-42,28,-42,30,-44,30,-42,32,-42,30,-42,30,-42,32,-39,32,-39,32,-37,30,-35,30,-33,30,-33,30,-33,32,-33,33,-35,35,-37,39,-39,40,-44,42,-46,46,-49,44,-55,42,-55,40,-56,35,-55,28]"
CSI_DATA,57233,d8:b1:90:d9:de:f0,-47,11,-99,-35,49,116,842309198,100,0,114,0,"[-12,46,-17,49,-19,49,-21,51,-23,49,-23,48,-23,46,-21,42,-17,40,-16,39,-14,37,-12,39,-10,39,-8,39,-7,42,-5,42,-5,44,-5,46,-3,48,-1,48,0,49,1,49,1,49,3,49,3,49,5,51,5,49,7,49,0,0,8,48,8,48,10,49,14,49,16,51,17,51,19,51,21,51,21,48,23,46,23,46,26,44,24,40,26,39,26,37,30,37,30,33,33,33,37,35,39,37,44,39,46,40,49,42,51,46,51,48,51,49,46,49,39,48]"
CSI_DATA,57234,d8:b1:90:d9:de:f0,-54,11,-99,-41,56,116,842328798,100,0,228,0,"[16,-6,16,-8,16,-10,15,-12,13,-13,11,-15,9,-16,91,-6,3,-16,1,-16,0,-16,-1,-16,-3,-16,-4,-16,-5,-16,-5,-15,-4,-13,-4,-11,-1,-8,0,-3,1,0,54,5,5,11,6,16,6,20,5,23,5,25,3,26,0,0,1,25,0,23,-1,19,-2,16,-3,10,-4,4,-58,14,-3,-8,-1,-15,0,-19,0,-23,1,-26,3,-27,4,-27,5,-26,5,-25,4,-23,4,-21,4,-18,3,-16,64,0,0,-7,-2,-2,-6,2,-9,5,-13,7,-16,7,-16,7,6,-2,3,-10,-5,-13,-16,-6,-18,8,-8,19,8,20,28,-8,19,-9,5,-19,-9,-16,-16,-4,-12,8,0,13,7,7,7,-2,0,-6,-9,0,-5,11,7,16,21,6,26,-6,7,-25,-11,-24,-23,-9,-21,8,-9,17,3,15,0,0,6,0,1,0,3,3,10,3,16,-4,11,-17,-7,-26,-20,-16,-27,0,-19,17,-1,24,13,17,16,4,12,-4,4,-6,2,-4,2,-4,2,-9,-4,-14,-16,-11,-23,-9,-22,22,-3,35,22,33,39,10,36,-16,16,-33,-7,-29]"
CSI_DATA,57235,d8:b1:90:d9:de:f0,-54,11,-99,-39,55,116,842348706,100,0,228,0,"[19,4,20,3,21,0,20,-4,20,-6,17,-9,15,-11,97,-7,10,-14,7,-16,5,-17,2,-17,0,-18,-2,-18,-4,-17,-4,-17,-4,-15,-3,-13,-2,-9,0,-4,2,1,58,6,8,12,9,17,11,21,11,24,12,26,11,27,0,0,9,26,8,25,6,22,3,18,1,13,-2,7,-17,15,-8,-6,-11,-12,-13,-18,-14,-21,-15,-24,-15,-26,-15,-26,-15,-26,-15,-25,-14,-22,-13,-20,-12,-17,-10,-15,108,15,-6,-5,-4,0,-2,6,0,12,0,16,0,19,-1,21,7,2,9,-7,2,-16,-12,-15,-22,-1,-16,16,0,25,31,4,24,-2,13,-18,-5,-20,-17,-9,-16,7,-4,14,6,9,8,-2,-1,-6,-9,0,-6,13,9,17,23,6,28,-8,5,-28,-16,-24,-27,-5,-21,13,-5,21,8,15,0,0,7,-2,2,0,4,4,12,0,14,-11,3,-22,-20,-21,-28,-5,-26,16,-7,29,13,24,22,8,18,-8,7,-13,0,-10,-2,-6,-2,-7,-6,-9,-14,-7,-22,6,-24,13,5,34,30,25,44,-1,32,-30,4,-42,-23,-32,-32,-8]"
CSI_DATA,57236,d8:b1:90:d9:de:f0,-54,11,-99,-39,55,116,842358751,100,0,228,0,"[-1,-19,-3,-20,-5,-20,-7,-19,-10,-18,-11,-15,-14,-13,97,-7,-16,-7,-17,-4,-17,-1,-17,1,-17,3,-17,5,-17,6,-16,6,-15,6,-12,5,-9,3,-4,0,1,-3,58,6,12,-8,17,-9,21,-11,24,-11,26,-11,27,-10,0,0,27,-8,26,-6,23,-4,19,-2,13,1,7,3,95,0,-7,7,-13,9,-19,10,-23,10,-27,11,-28,9,-29,10,-28,9,-27,9,-25,8,-22,8,-20,7,-17,6,48,15,-6,4,-1,5,5,4,11,4,15,6,18,8,19,9,0,-7,-9,-7,-15,2,-12,15,4,22,20,13,24,-5,-3,-30,-7,-22,-20,-10,-20,8,-7,18,8,15,14,3,8,-8,-2,-8,-6,1,1,9,13,5,17,-10,4,-23,-9,-27,-28,-4,-23,17,-5,27,14,21,21,5,15,-9,0,0,-1,-7,0,-2,4,-4,2,-12,-9,-14,-22,-6,-23,18,-9,28,12,28,28,12,26,-8,12,-21,-4,-19,-12,-9,-10,-2,-7,1,-7,1,-10,4,-10,13,0,23,6,27,34,5,34,-22,12,-41,-18,-40,-38,-18,-38,11,-18,27]"
CSI_DATA,57237,d8:b1:90:d9:de:f0,-54,11,-99,-39,55,116,842368794,100,0,228,0,"[-12,15,-12,16,-11,17,-9,19,-6,19,-3,19,0,18,97,-7,5,16,7,15,9,13,11,12,14,11,15,10,15,9,15,9,14,8,11,7,8,5,3,3,-3,1,58,6,-13,-6,-17,-9,-20,-13,-22,-15,-23,-17,-23,-19,0,0,-19,-20,-18,-20,-14,-18,-10,-17,-5,-12,0,-7,-20,15,9,3,13,9,16,14,18,18,19,21,20,23,19,24,18,24,17,23,15,21,14,20,12,17,10,15,-95,0,6,6,4,1,3,-6,3,-11,2,-16,4,-20,5,-20,-4,5,2,11,13,9,19,-3,13,-18,-4,-23,-19,-14,-22,22,-12,20,6,22,19,10,18,-6,7,-17,-6,-13,-11,-2,-5,6,4,4,6,-6,-3,-13,-17,-7,-22,9,-17,22,11,26,27,11,26,-10,11,-23,-6,-21,-15,-9,0,0,-5,5,-1,2,-5,-2,-11,4,-9,15,3,23,26,15,30,-2,21,-21,1,-30,-18,-22,-24,-4,-17,10,-5,15,2,10,3,7,3,6,7,9,15,6,22,-6,24,-12,-3,-34,-28,-27,-43,-2,-35,27,-9,42,17,35,31,13]"
CSI_DATA,57238,d8:b1:90:d9:de:f0,-54,11,-99,-41,56,116,842388593,100,0,228,0,"[17,-2,18,-5,18,-7,16,-10,15,-13,11,-14,8,-15,91,-6,1,-15,0,-15,-3,-15,-6,-14,-9,-13,-10,-13,-12,-12,-12,-10,-11,-9,-9,-7,-7,-4,-3,-2,1,0,54,5,11,5,16,7,19,10,21,12,23,13,24,14,0,0,22,15,21,14,17,12,15,12,9,9,3,7,42,0,-8,1,-15,0,-19,-3,-23,-4,-26,-6,-27,-6,-27,-6,-27,-5,-26,-4,-24,-4,-22,-3,-19,-2,-16,-1,26,14,-7,1,-2,2,3,5,8,7,11,8,15,11,14,12,6,0,5,-8,-4,-13,-16,-7,-18,7,-7,20,10,20,28,-9,18,-12,2,-21,-13,-15,-18,0,-10,13,2,14,9,4,6,-4,-2,-4,-5,3,1,11,16,8,20,-8,16,-20,-11,-23,-26,-8,-23,11,-7,23,9,17,15,4,0,0,2,-5,0,-1,4,0,8,-6,2,-16,-11,-17,-27,-1,-23,13,-7,27,13,24,25,7,20,-9,7,-16,-3,-14,-8,-7,-6,-2,-6,-2,-10,0,-13,6,-8,18,-4,25,27,16,36,-7,23,-33,-4,-40,-29,-26,-37,0,-23,20]"
CSI_DATA,57239,d8:b1:90:d9:de:f0,-54,11,-99,-41,56,116,842398848,100,0,228,0,"[17,-6,18,-8,17,-10,16,-12,14,-14,11,-15,8,-15,91,-6,1,-15,0,-15,-3,-14,-6,-14,-8,-14,-10,-13,-11,-12,-11,-11,-10,-10,-8,-8,-6,-5,-2,-2,1,0,54,5,11,8,15,12,16,14,18,16,20,19,19,20,0,0,18,20,16,19,14,18,10,16,5,12,0,8,21,0,-8,0,-12,-5,-16,-10,-19,-13,-20,-16,-21,-17,-21,-18,-21,-17,-20,-17,-18,-16,-17,-14,-16,-12,-13,-10,57,14,-7,-3,-3,0,-1,5,0,10,2,15,2,17,2,18,6,-1,3,-9,-6,-13,-16,-5,-17,10,-5,22,12,19,28,-12,18,-14,1,-21,-14,-15,-19,0,-11,13,2,15,10,5,7,-3,-1,-5,-6,2,0,12,14,9,21,-5,18,-16,-7,-25,-23,-13,-25,6,-12,20,4,19,14,9,0,0,4,-5,0,0,3,1,10,-2,8,-14,-4,-20,-24,-10,-27,3,-18,22,1,28,19,18,23,0,15,-12,3,-14,-2,-10,-4,-5,-4,-5,-8,-5,-15,0,-17,12,-17,17,14,29,34,15,38,-12,21,-35,-6,-39,-29,-24,-32,0]"
CSI_DATA,57240,d8:b1:90:d9:de:f0,-54,11,-99,-39,55,116,842418625,100,0,228,0,"[16,-12,16,-14,15,-15,13,-17,11,-17,7,-17,5,-18,97,-7,-2,-16,-4,-15,-7,-14,-9,-14,-12,-13,-13,-12,-14,-11,-14,-10,-13,-9,-11,-8,-7,-6,-3,-3,2,1,58,6,11,9,14,13,18,17,20,20,20,22,20,24,0,0,17,25,15,25,11,22,8,20,4,15,0,10,-16,15,-8,-3,-11,-9,-14,-16,-15,-20,-16,-23,-15,-25,-15,-26,-14,-27,-13,-25,-12,-23,-11,-22,-10,-19,-8,-17,-88,15,-5,-7,-4,-1,-3,5,-3,12,-5,16,-7,19,-9,19,6,-4,2,-11,-10,-12,-19,-2,-17,15,-1,24,17,18,27,-18,17,-18,-2,-24,-17,-14,-20,3,-10,15,4,15,11,5,7,-5,-3,-5,-6,4,1,12,16,9,22,-7,19,-19,-8,-28,-25,-15,-27,7,-14,22,4,22,14,11,0,0,5,-5,1,-1,4,3,11,-1,13,-12,1,-23,-22,-18,-30,-4,-26,17,-7,30,14,26,24,8,19,-8,8,-14,0,-11,-3,-7,-3,-6,-6,-9,-13,-7,-22,3,-25,8,-2,33,24,31,42,8,38,-21,16,-40,-12,-37,-28,-18]"
CSI_DATA,57241,d8:b1:90:d9:de:f0,-54,11,-99,-39,55,116,842428880,100,0,228,0,"[20,2,22,1,22,-1,22,-2,20,-4,19,-6,16,-8,97,-7,11,-11,9,-13,7,-14,5,-15,4,-17,3,-18,2,-18,2,-18,2,-16,2,-13,1,-10,1,-3,0,2,58,6,-3,14,-5,19,-8,23,-11,25,-13,27,-15,27,0,0,-18,25,-19,21,-18,18,-16,13,-14,8,-10,2,-127,15,0,-9,7,-14,11,-17,16,-19,20,-20,22,-19,24,-19,24,-17,24,-16,22,-14,21,-13,18,-11,16,-10,-59,0,7,-6,1,-4,-5,-4,-11,-5,-15,-6,-17,-7,-17,-10,7,1,9,-6,1,-15,-13,-14,-22,-2,-18,16,-1,25,31,9,25,0,17,-17,0,-23,-15,-15,-18,0,-11,12,1,13,8,4,3,-5,-6,-4,-10,7,-1,17,16,16,25,9,21,-20,1,-30,-18,-22,-26,-4,-19,12,-5,17,0,0,7,2,2,0,-1,5,4,11,15,8,22,-5,11,-26,-4,-30,-24,-21,-30,-1,-22,18,-4,25,10,19,15,7,12,-1,8,-3,7,-3,8,-7,6,-15,-5,-21,-10,-24,-34,0,-30,24,-9,42,20,39,40,17,38,-11,20,-27]"
CSI_DATA,57242,d8:b1:90:d9:de:f0,-54,11,-99,-41,56,116,842448577,100,0,228,0,"[-16,-7,-19,-7,-20,-5,-20,-1,-20,0,-17,1,-16,5,91,-6,-11,10,-8,11,-6,13,-4,14,-1,16,0,16,0,16,1,16,2,15,1,12,1,8,0,4,0,0,54,5,-1,-12,-2,-18,-3,-22,-3,-25,-3,-28,-2,-29,0,0,0,-29,0,-26,0,-24,2,-19,3,-14,4,-8,80,0,6,4,6,11,6,17,6,21,6,25,6,26,5,27,5,26,6,26,5,23,5,22,5,19,4,16,33,0,3,6,4,2,4,-3,4,-9,5,-13,7,-16,9,-16,-5,-3,-10,3,-4,14,8,16,20,5,19,-12,4,-23,-29,-12,-23,-1,-16,16,0,21,15,13,17,-1,9,-12,-2,-11,-7,-2,-2,5,5,1,6,-8,-3,-15,-19,-8,-23,1,-10,24,11,24,24,11,22,-8,8,-18,-5,-16,0,0,-6,1,0,1,-1,-4,-9,-4,-15,4,-10,18,12,23,23,15,29,-5,16,-23,-2,-27,-17,-15,-19,0,-11,10,-2,10,0,8,0,6,3,10,11,9,20,0,24,-3,5,-30,-18,-31,-38,-12,-36,16,-16,35,10,35,26,16]"
CSI_DATA,57243,d8:b1:90:d9:de:f0,-54,11,-99,-39,55,116,842458734,100,0,228,0,"[15,-15,16,-17,15,-18,12,-19,9,-19,6,-19,3,-18,97,-7,-3,-16,-6,-14,-9,-13,-11,-12,-13,-11,-14,-10,-16,-9,-16,-8,-14,-7,-12,-5,-9,-4,-5,-1,1,1,58,6,12,7,18,10,21,13,23,16,25,18,25,20,0,0,23,21,20,21,17,19,13,18,8,14,3,11,18,0,-9,1,-13,-5,-17,-10,-19,-14,-21,-17,-22,-19,-22,-19,-22,-20,-21,-19,-20,-18,-18,-16,-16,-14,-13,-12,96,15,-8,-4,-5,0,-2,7,0,12,0,16,0,19,-1,20,6,-4,0,-11,-12,-10,-19,1,-15,17,3,23,20,16,25,-21,14,-21,-6,-24,-20,-11,-21,6,-8,18,7,15,13,4,7,-7,-3,-6,-6,4,3,11,16,6,20,-10,14,-21,-14,-24,-28,-8,-26,13,-8,25,9,20,17,7,0,0,3,-7,-1,-2,4,2,11,-3,9,-14,-5,-22,-25,-10,-30,4,-20,24,2,32,21,20,26,1,17,-13,4,-16,-5,-11,-6,-6,-5,-5,-8,-6,-15,-2,-18,11,-20,17,11,31,33,19,42,-8,27,-34,-1,-42,-27,-30,-33,-4]"
CSI_DATA,57244,d8:b1:90:d9:de:f0,-53,11,-99,-39,55,116,842468801,100,0,228,0,"[16,-13,16,-15,16,-17,13,-18,11,-18,8,-18,5,-17,97,-7,-2,-16,-4,-15,-7,-14,-9,-13,-11,-12,-13,-12,-14,-12,-14,-11,-13,-10,-10,-8,-8,-5,-4,-3,1,2,58,6,10,10,13,15,15,19,16,22,17,26,17,28,0,0,14,28,11,27,8,26,5,21,2,17,-2,11,-36,15,-7,-4,-9,-11,-10,-16,-10,-21,-10,-25,-9,-27,-8,-29,-8,-27,-7,-28,-6,-25,-5,-24,-4,-21,-4,-17,-40,15,-4,-7,-4,-3,-6,3,-7,9,-10,13,-12,16,-14,16,7,-3,2,-11,-10,-12,-19,-1,-16,15,0,24,18,18,27,-17,17,-18,-2,-24,-18,-14,-21,3,-11,16,3,16,12,7,8,-5,-2,-6,-7,2,0,12,14,10,22,-4,19,-16,-6,-28,-25,-16,-28,4,-16,21,2,23,14,13,0,0,6,-5,0,-2,2,4,11,2,15,-9,5,-22,-17,-20,-29,-10,-29,13,-13,28,8,28,22,14,21,-3,12,-13,3,-12,-1,-8,-2,-6,-4,-9,-10,-9,-20,-2,-26,1,-10,31,14,35,36,20,42,-9,26,-34,-1,-38,-22,-25]"
CSI_DATA,57245,d8:b1:90:d9:de:f0,-54,11,-99,-37,55,116,842479960,100,0,228,0,"[20,2,21,1,22,0,21,-1,20,-3,18,-6,16,-8,91,-6,10,-11,7,-12,4,-14,2,-14,0,-16,0,-16,-2,-16,-2,-16,-3,-14,-3,-11,-2,-8,-1,-2,0,1,54,5,1,14,2,18,1,22,2,26,1,29,0,30,0,0,0,29,-2,27,-2,24,-3,20,-4,15,-5,9,-81,14,-4,-4,-4,-12,-3,-16,-2,-21,-1,-25,-1,-27,0,-27,0,-27,0,-26,0,-25,0,-22,0,-20,-1,-16,6,0,-2,-8,-3,-2,-6,1,-8,7,-11,10,-13,12,-14,13,6,1,8,-5,0,-15,-12,-14,-21,0,-16,16,0,24,32,6,24,-1,15,-18,-3,-21,-17,-12,-17,4,-7,15,5,12,9,1,2,-5,-6,-2,-6,8,4,15,18,8,23,-1,10,-24,-11,-24,-24,-9,-22,9,-8,18,5,16,0,0,6,-2,0,0,0,3,8,5,16,-1,13,-16,-8,-23,-20,-18,-30,1,-20,20,0,27,16,18,19,2,14,-7,4,-11,0,-7,0,-6,0,-8,-9,-11,-18,-4,-24,-2,-13,28,9,34,33,21,40,-5,27,-30,0,-37,-20,-25]"
CSI_DATA,57246,d8:b1:90:d9:de:f0,-54,11,-99,-37,55,116,842498750,100,0,228,0,"[13,15,15,15,16,14,17,12,18,10,18,6,17,2,91,-6,15,-2,14,-5,12,-8,10,-10,9,-11,9,-12,7,-14,6,-14,5,-14,3,-11,1,-8,0,-3,-1,0,54,5,-6,12,-9,17,-11,21,-12,23,-15,26,-16,26,0,0,-16,25,-16,22,-16,19,-14,15,-12,10,-9,4,113,14,-1,-6,1,-12,5,-16,8,-19,11,-22,12,-24,13,-25,12,-23,12,-23,11,-21,10,-20,8,-17,6,-16,99,0,0,-9,-1,-5,-6,-1,-11,0,-15,3,-17,4,-18,4,3,5,11,0,11,-11,0,-18,-16,-14,-23,1,-15,19,21,25,20,13,23,-5,10,-19,-7,-19,-17,-7,-15,6,-3,13,6,7,5,-2,-2,-5,-10,2,-4,14,10,17,19,12,22,-15,4,-27,-14,-21,-23,-4,-17,11,-3,17,0,0,7,0,1,0,-1,3,3,9,15,7,20,-6,6,-23,-8,-28,-26,-14,-29,6,-15,23,3,24,16,13,16,0,9,-7,3,-7,1,-5,1,-8,-1,-13,-13,-13,-20,-14,-24,17,-7,33,18,34,38,13,37,-15,16,-32,-7,-31]"
CSI_DATA,57247,d8:b1:90:d9:de:f0,-53,11,-99,-39,55,116,842508805,100,0,228,0,"[-19,8,-20,10,-19,12,-17,14,-15,15,-11,15,-9,16,97,-7,-2,16,1,16,3,15,6,16,8,15,11,15,12,14,12,12,12,11,10,9,7,6,4,2,0,-3,58,6,-9,-12,-11,-17,-13,-22,-14,-26,-14,-28,-14,-30,0,0,-12,-30,-9,-29,-7,-26,-5,-23,-1,-17,1,-12,21,0,6,4,8,9,10,17,9,21,9,24,9,26,9,27,9,28,8,27,8,25,7,23,7,21,6,18,69,0,6,7,6,2,6,-4,7,-10,8,-14,12,-17,13,-17,-8,2,-5,11,6,15,18,7,21,-10,6,-24,-13,-22,-31,11,-21,14,-4,25,15,18,22,1,14,-14,-1,-17,-11,-8,-9,4,0,7,7,-1,2,-11,-12,-13,-22,1,-21,13,2,29,22,19,29,-1,18,-19,0,-23,-13,-13,0,0,-6,5,1,2,-1,-4,-11,-3,-16,8,-7,22,15,21,28,11,30,-11,14,-29,-9,-29,-23,-14,-22,5,-12,14,0,13,3,7,3,6,4,7,10,8,19,1,25,-1,7,-30,-17,-33,-38,-15,-40,13,-21,35,6,39,25,22]"
CSI_DATA,57248,d8:b1:90:d9:de:f0,-53,11,-99,-39,55,116,842518943,100,0,228,0,"[-21,-3,-22,-3,-23,0,-22,2,-22,4,-19,6,-17,7,97,-7,-12,11,-10,12,-7,15,-6,16,-4,17,-2,18,-1,18,0,18,0,16,1,14,1,10,2,5,3,-1,58,6,5,-14,6,-20,9,-24,12,-26,14,-29,16,-29,0,0,18,-27,19,-25,19,-20,17,-17,14,-11,11,-5,124,0,0,6,-5,12,-10,15,-14,18,-17,20,-20,20,-21,19,-22,19,-21,18,-20,16,-19,15,-17,14,-14,12,95,15,-6,9,0,6,6,5,12,4,16,5,19,6,20,8,-8,-3,-11,6,-3,16,12,16,23,3,20,-16,3,-27,-31,-11,-26,-2,-19,17,-1,24,16,16,20,-1,11,-13,-2,-14,-10,-5,-5,5,6,5,10,-6,1,-18,-16,-16,-23,-8,-21,20,-1,30,19,22,27,3,19,-15,3,-18,0,0,-8,-1,-1,2,3,-3,-3,-11,-15,-9,-22,5,-10,23,4,31,25,21,33,-1,21,-21,2,-27,-14,-19,-17,-5,-13,4,-6,6,-4,5,-5,6,-4,12,6,18,11,24,31,-2,26,-26,3,-41,-25,-34,-40,-11,-36,16,-15,30]"
CSI_DATA,57249,d8:b1:90:d9:de:f0,-54,11,-99,-37,55,116,842529245,100,0,228,0,"[5,19,6,20,7,21,9,19,10,18,10,16,12,14,91,-6,13,8,14,6,15,4,15,1,16,0,16,0,16,-1,16,-1,15,-2,12,-1,8,-2,3,-1,-1,-1,54,5,-13,-3,-18,-5,-22,-8,-25,-11,-27,-13,-27,-16,0,0,-24,-18,-21,-19,-17,-18,-13,-17,-8,-14,-2,-10,-34,14,6,0,10,6,11,12,13,16,14,19,14,23,13,24,12,24,10,24,9,22,8,21,7,19,6,16,75,0,5,8,6,3,7,-1,10,-6,12,-9,14,-12,16,-10,0,6,9,5,15,-4,9,-16,-5,-21,-19,-12,-24,6,0,33,5,23,20,12,21,-6,11,-18,-5,-18,-15,-8,-13,4,-2,10,6,3,4,-5,-6,-9,-16,0,-14,16,-5,22,19,16,27,0,20,-17,1,-24,-13,-16,-17,-2,0,0,0,6,1,1,-3,-3,-11,1,-11,13,1,22,20,13,29,1,23,-19,5,-30,-14,-24,-23,-8,-19,7,-9,15,1,12,4,7,2,5,4,6,9,6,16,0,25,0,8,-29,-13,-32,-33,-17,-40,7,-26,30,0,37,18,25]"
CSI_DATA,57250,d8:b1:90:d9:de:f0,-54,11,-99,-37,55,116,842549283,100,0,228,0,"[16,-10,17,-12,17,-14,15,-16,13,-16,10,-16,6,-16,91,-6,0,-16,-2,-15,-5,-14,-7,-13,-9,-13,-11,-12,-12,-11,-13,-10,-12,-9,-10,-7,-7,-4,-4,0,0,2,54,5,7,12,11,16,13,20,14,23,15,27,15,29,0,0,12,28,10,27,8,25,5,21,2,16,0,11,-20,14,-5,0,-7,-7,-7,-14,-9,-18,-9,-22,-9,-24,-9,-25,-9,-24,-8,-24,-8,-22,-7,-21,-7,-18,-7,-16,-62,14,-5,-7,-7,-2,-7,2,-8,8,-10,12,-13,15,-14,16,7,-2,3,-11,-8,-13,-18,-3,-17,13,-3,23,16,19,29,-15,17,-16,0,-24,-16,-16,-21,0,-12,15,1,16,11,7,9,-3,0,-7,-6,0,-1,11,12,11,21,-1,17,-13,-3,-27,-22,-16,-27,2,-16,18,1,21,13,12,0,0,5,-4,-1,-1,1,4,10,2,15,-8,6,-21,-15,-18,-28,-10,-29,12,-13,29,9,28,22,13,21,-4,10,-14,0,-12,-4,-7,-3,-3,-4,-6,-9,-6,-17,0,-24,1,-5,29,16,31,35,14,37,-13,20,-33,-5,-36,-24,-20]"
CSI_DATA,57251,d8:b1:90:d9:de:f0,-54,11,-99,-38,55,116,842559675,100,0,228,0,"[15,-12,16,-13,15,-15,13,-16,11,-17,8,-16,6,-16,94,-6,0,-15,0,-15,-3,-14,-6,-14,-7,-13,-9,-13,-10,-13,-10,-12,-10,-11,-9,-9,-6,-6,-3,-1,0,2,56,5,4,13,5,18,5,24,5,27,5,30,3,31,0,0,0,32,-1,29,-2,26,-4,22,-4,16,-5,10,-87,14,-3,-3,-1,-10,0,-16,2,-20,4,-23,6,-25,7,-25,8,-25,8,-24,8,-23,7,-21,7,-19,5,-16,104,0,0,-10,-2,-6,-6,-3,-11,0,-16,0,-19,0,-20,0,6,-3,1,-11,-9,-12,-19,-1,-17,13,-2,24,16,19,29,-13,19,-16,1,-24,-14,-17,-21,0,-13,13,0,17,10,8,10,-2,0,-6,-7,0,-3,10,9,13,21,2,22,-7,3,-27,-16,-23,-27,-5,-21,13,-5,20,7,15,0,0,6,-2,0,0,0,4,7,7,17,0,15,-15,-2,-23,-18,-23,-30,-4,-26,17,-6,29,11,23,20,8,16,-3,7,-10,0,-7,0,-6,0,-6,-2,-10,-12,-11,-18,-16,-24,15,-10,33,14,35,34,19,38,-6,24,-28,1,-32]"
CSI_DATA,57252,d8:b1:90:d9:de:f0,-53,11,-99,-36,54,116,842578625,100,0,228,0,"[-16,14,-17,15,-16,17,-13,18,-12,18,-9,18,-6,18,99,-7,0,17,3,16,5,15,8,14,10,15,11,14,13,13,12,13,12,12,10,10,8,7,4,3,1,-3,59,6,-5,-14,-7,-20,-8,-24,-8,-28,-7,-30,-6,-33,0,0,-3,-32,0,-31,2,-28,4,-23,5,-18,6,-11,85,0,4,4,3,10,1,17,0,21,-3,25,-4,26,-6,27,-6,27,-7,27,-7,24,-6,23,-5,21,-4,18,-86,15,1,11,4,7,9,3,14,0,17,-2,21,-2,22,0,-7,4,-2,12,10,13,20,2,18,-16,2,-26,-17,-20,-30,17,-19,19,0,26,18,17,23,0,14,-15,-1,-18,-12,-9,-10,3,0,8,7,0,4,-11,-10,-14,-22,-2,-22,9,-2,28,19,23,29,4,22,-15,6,-22,-9,-17,0,0,-7,4,0,2,0,-5,-9,-7,-18,2,-15,18,6,25,22,23,33,2,25,-21,6,-31,-15,-24,-22,-7,-18,8,-7,11,0,9,1,6,0,8,4,11,14,11,22,15,24,-19,8,-34,-18,-36,-39,-17,-41,11,-23,31,2,33]"
CSI_DATA,57253,d8:b1:90:d9:de:f0,-53,11,-99,-40,55,116,842588632,100,0,228,0,"[20,-8,21,-10,21,-11,19,-12,17,-14,15,-14,12,-15,99,-7,7,-15,3,-16,1,-16,-1,-17,-3,-17,-5,-18,-5,-18,-6,-17,-5,-16,-4,-14,-4,-10,-3,-4,-2,2,59,6,-3,15,-4,20,-6,25,-9,28,-11,30,-13,31,0,0,-17,28,-18,26,-18,22,-17,18,-15,11,-11,6,-127,15,-1,-5,4,-10,10,-14,15,-16,19,-17,21,-17,23,-16,24,-16,24,-14,22,-13,21,-12,19,-11,17,-10,-73,0,8,-8,2,-8,-4,-9,-9,-11,-13,-13,-14,-15,-14,-17,8,-2,6,-11,-6,-16,-19,-8,-23,8,-11,23,9,26,34,-4,25,-10,11,-24,-9,-23,-21,-10,-19,8,-6,17,7,13,11,2,4,-7,-7,-3,-8,8,2,17,18,13,24,3,17,-24,-3,-30,-23,-19,-27,0,-17,16,-2,18,0,0,8,1,1,-1,-3,4,3,12,16,10,24,-4,11,-23,-2,-32,-24,-24,-34,-2,-25,20,-5,29,12,21,18,7,14,-4,7,-7,4,-6,5,-5,5,-10,-2,-18,-3,-26,-29,-5,-32,17,-16,38,12,42,36,24,41,-2,25,-22]"
CSI_DATA,57254,d8:b1:90:d9:de:f0,-53,11,-99,-39,55,116,842598940,100,0,228,0,"[21,-1,23,-1,23,-2,22,-4,21,-5,19,-6,16,-8,97,-7,13,-11,11,-12,9,-13,8,-14,6,-16,6,-17,6,-17,5,-17,5,-16,4,-13,3,-10,1,-5,-3,0,58,6,-12,9,-17,12,-21,14,-25,14,-29,14,-31,12,0,0,-32,6,-30,3,-28,0,-23,-2,-18,-4,-12,-5,114,15,4,-5,10,-2,16,1,20,3,23,7,25,9,25,11,24,12,24,13,22,13,21,13,18,12,15,10,-69,0,11,4,9,-1,8,-6,8,-11,9,-15,11,-18,13,-18,8,1,9,-9,0,-17,-14,-15,-24,-1,-19,18,-2,27,33,13,27,3,21,-16,3,-24,-13,-18,-21,-4,-15,10,-2,15,7,8,7,-3,-3,-6,-11,1,-8,14,6,22,15,18,27,-7,16,-24,-3,-28,-19,-18,-21,-1,-14,12,0,0,5,6,2,-1,-6,1,-7,10,2,18,18,16,25,-5,25,-20,5,-32,-17,-28,-29,-10,-26,10,-12,21,3,19,9,10,9,3,7,1,8,2,12,-1,15,-9,22,-14,-7,-29,-27,-22,-40,-1,-34,24,-11,40,14,36,29,17]"
CSI_DATA,57255,d8:b1:90:d9:de:f0,-53,11,-99,-39,55,116,842609199,100,0,228,0,"[-14,16,-14,18,-13,19,-12,20,-9,19,-6,20,-3,18,97,-7,3,16,6,15,8,14,10,12,12,12,14,11,15,11,15,10,14,9,12,7,9,5,5,2,1,-2,58,6,-8,-12,-11,-16,-14,-21,-16,-25,-16,-27,-16,-29,0,0,-12,-30,-10,-29,-7,-27,-4,-24,-1,-19,2,-12,30,0,5,1,7,8,7,14,7,19,7,23,7,26,6,27,5,27,5,27,4,25,4,23,4,21,4,18,41,0,6,10,8,5,10,0,13,-5,17,-8,19,-10,21,-10,-6,6,0,12,13,11,22,-2,16,-18,-2,-26,-21,-17,-28,21,-16,22,5,26,21,14,23,-5,11,-18,-5,-18,-13,-7,-9,5,1,7,7,-1,1,-11,-13,-10,-21,4,-19,13,5,28,23,17,27,-4,16,-19,-2,-22,-13,-12,0,0,-5,6,1,1,-2,-4,-11,-4,-17,8,-9,22,13,21,29,14,32,-10,18,-28,-5,-30,-22,-17,-24,1,-14,13,-3,15,3,9,3,6,4,7,9,8,17,3,26,4,13,-27,-8,-34,-32,-24,-42,2,-31,29,-5,38,17,29]"
CSI_DATA,57256,d8:b1:90:d9:de:f0,-53,11,-99,-37,54,116,842628771,100,0,228,0,"[-22,3,-24,4,-24,6,-22,7,-21,8,-18,10,-14,12,102,-7,-9,14,-6,15,-4,16,-1,18,1,19,1,20,2,20,2,20,2,18,2,14,1,11,1,5,2,-1,61,6,5,-14,6,-21,9,-25,12,-27,14,-29,16,-30,0,0,21,-27,22,-24,21,-20,20,-15,16,-10,12,-5,-99,0,2,5,-4,10,-10,12,-14,14,-19,16,-22,16,-24,16,-24,15,-24,14,-22,13,-22,12,-19,11,-16,10,37,15,-7,9,-2,9,4,9,10,12,13,14,14,16,15,19,-9,0,-8,10,2,18,18,13,26,-3,16,-22,-3,-28,-36,-4,-28,4,-18,22,3,26,19,15,22,-3,10,-15,-3,-14,-10,-4,-4,5,6,4,10,-7,1,-18,-16,-15,-24,-6,-21,21,-1,30,19,22,27,3,20,-13,4,-19,0,0,-7,-3,-1,1,3,-5,-3,-12,-15,-11,-25,3,-13,23,0,34,24,26,34,4,27,-20,7,-29,-11,-24,-20,-8,-14,3,-7,7,-4,6,-5,5,-4,11,3,18,4,27,31,5,31,-18,14,-39,-13,-42,-37,-24,-40,4,-24,24]"
CSI_DATA,57257,d8:b1:90:d9:de:f0,-53,11,-99,-39,55,116,842638975,100,0,228,0,"[-20,7,-22,7,-21,9,-20,10,-18,10,-15,11,-12,12,97,-7,-7,14,-5,15,-3,16,-1,17,0,18,1,19,1,20,1,19,1,18,0,15,1,11,1,5,2,-1,58,6,6,-13,9,-18,13,-22,16,-24,20,-25,22,-24,0,0,26,-21,26,-17,25,-13,23,-9,19,-4,14,-1,-95,0,-1,6,-8,8,-14,8,-19,8,-23,7,-26,6,-27,5,-27,3,-27,2,-25,1,-23,1,-21,0,-18,1,33,15,-11,3,-6,6,-2,10,1,14,3,19,2,21,0,23,-8,2,-6,11,5,17,19,10,23,-6,14,-23,-6,-28,-34,-2,-28,5,-16,21,4,25,19,14,21,-2,11,-14,-3,-14,-9,-5,-5,4,5,5,9,-6,2,-17,-14,-16,-22,-9,-22,17,-5,29,15,24,25,8,20,-9,8,-16,0,0,-6,-3,-1,1,4,-3,1,-12,-12,-15,-24,-5,-18,17,-11,30,12,31,30,16,31,-7,18,-23,-1,-25,-12,-16,-15,-4,-10,2,-7,3,-7,3,-9,8,-7,16,-10,24,22,20,35,2,32,-23,12,-40,-15,-39,-33,-19,-32,4]"
CSI_DATA,57258,d8:b1:90:d9:de:f0,-53,11,-99,-40,55,116,842659481,100,0,228,0,"[-21,-5,-22,-4,-22,-3,-21,-1,-20,2,-18,4,-16,6,99,-7,-12,10,-10,13,-8,14,-7,17,-5,18,-5,19,-4,19,-4,18,-4,17,-3,15,-2,11,-1,5,2,-1,59,6,7,-12,10,-17,14,-20,18,-22,21,-23,23,-23,0,0,25,-20,25,-18,24,-14,22,-10,18,-6,13,-2,-88,0,0,6,-6,9,-12,11,-17,12,-21,12,-23,11,-24,11,-26,10,-25,9,-23,8,-22,7,-20,7,-17,6,49,15,-9,7,-3,9,3,10,7,13,11,15,12,18,10,20,-8,-3,-10,6,-3,16,12,17,24,5,22,-14,6,-27,-29,-15,-27,-6,-22,14,-6,24,13,19,20,4,14,-10,1,-14,-7,-7,-5,3,5,5,10,-5,4,-16,-11,-18,-21,-13,-24,14,-8,28,13,25,24,10,21,-7,8,-15,0,0,-5,-3,-1,1,4,-4,1,-12,-12,-14,-24,-2,-16,19,-7,31,16,30,32,11,29,-12,13,-26,-6,-24,-16,-12,-16,-1,-10,5,-6,5,-6,5,-6,10,-1,17,0,26,27,9,33,-12,20,-33,-5,-42,-29,-28,-39,-3,-27,18]"
CSI_DATA,57259,d8:b1:90:d9:de:f0,-53,11,-99,-40,55,116,842671083,100,0,228,0,"[-8,-20,-9,-20,-10,-19,-11,-17,-13,-15,-14,-12,-15,-9,99,-7,-16,-3,-16,0,-16,3,-17,5,-17,7,-18,9,-17,9,-16,9,-15,9,-13,8,-9,6,-5,3,2,1,59,6,14,-3,20,-4,25,-4,29,-3,31,-1,33,0,0,0,32,3,31,6,27,7,23,8,17,8,11,8,-114,0,-4,4,-10,3,-17,-1,-21,-3,-24,-5,-25,-7,-25,-9,-26,-9,-25,-9,-23,-10,-21,-9,-19,-8,-17,-6,39,15,-10,1,-8,4,-4,9,-1,14,-1,19,-1,23,-3,24,-2,-7,-12,-5,-16,7,-7,20,11,23,26,9,25,-11,-6,-32,-12,-25,-25,-8,-22,10,-7,22,10,18,17,5,11,-8,0,-9,-5,-1,-1,6,10,5,16,-8,6,-21,-5,-24,-27,-8,-26,13,-10,26,10,23,20,9,16,-5,0,0,-1,-7,-1,1,5,0,8,-9,1,-18,-16,-19,-25,3,-27,19,-9,33,16,30,31,10,27,-11,11,-22,-4,-20,-11,-11,-11,-2,-8,1,-8,1,-11,4,-11,13,-16,19,15,25,34,11,37,-15,20,-37,-7,-40,-28,-25,-32,-1]"
CSI_DATA,57260,d8:b1:90:d9:de:f0,-53,11,-99,-38,54,116,842688765,100,0,228,0,"[11,-20,10,-21,8,-21,4,-21,2,-20,-2,-18,-6,-16,105,-7,-11,-11,-15,-9,-16,-7,-18,-4,-20,-2,-21,-1,-21,0,-20,1,-19,1,-16,1,-11,1,-5,1,1,1,63,6,15,1,21,2,27,2,30,3,33,4,35,5,0,0,34,7,32,8,30,8,25,8,19,8,11,8,-131,0,-4,6,-10,4,-17,2,-22,2,-26,0,-28,-1,-30,-2,-29,-2,-29,-2,-27,-1,-26,-1,-21,0,-19,1,32,16,-9,4,-4,7,2,10,7,14,10,17,13,20,11,21,5,-6,-4,-13,-17,-7,-20,9,-8,26,13,25,29,8,17,-30,6,-29,-16,-23,-26,-3,-18,15,-2,21,13,13,15,-1,5,-8,-5,-3,-3,6,8,8,18,-2,14,-20,2,-26,-26,-16,-30,7,-17,25,5,28,19,14,20,-3,0,0,-1,-7,-2,-1,5,1,9,-8,1,-19,-17,-19,-27,6,-27,22,-4,35,22,29,34,5,27,-17,6,-26,-9,-20,-14,-7,-11,1,-7,3,-8,4,-9,8,-5,18,-5,26,28,15,37,-7,26,-32,-2,-44,-30,-31,-40,-4,-28,19]"
CSI_DATA,57261,d8:b1:90:d9:de:f0,-53,11,-99,-37,54,116,842708652,100,0,228,0,"[5,22,6,22,8,20,9,19,11,15,13,12,14,8,102,-7,16,2,16,0,18,-3,18,-6,18,-7,19,-8,19,-9,18,-10,16,-9,13,-8,9,-6,5,-3,-1,-1,61,6,-13,3,-20,5,-26,5,-29,5,-32,5,-33,4,0,0,-33,0,-32,-2,-29,-3,-25,-5,-20,-6,-12,-6,105,15,2,-7,10,-5,16,-4,22,-2,26,0,28,1,29,1,29,3,27,4,26,3,24,3,21,2,19,1,-28,0,9,-2,4,-5,0,-9,-3,-14,-6,-19,-6,-22,-6,-23,1,7,11,5,16,-6,8,-21,-9,-23,-25,-11,-27,10,5,32,11,26,25,9,23,-10,8,-22,-9,-19,-16,-5,-11,7,0,9,5,1,0,-7,-11,-4,-15,9,-4,23,8,25,29,6,26,-15,6,-28,-13,-24,-23,-7,-16,9,0,0,3,8,2,0,-4,0,-7,9,2,19,19,16,25,-7,24,-24,1,-34,-22,-27,-32,-5,-25,16,-7,24,8,19,14,8,11,0,9,-2,8,-3,10,-8,7,-18,8,-23,-24,-19,-36,0,-30,27,-6,42,21,37,36,12,31,-11]"
CSI_DATA,57262,d8:b1:90:d9:de:f0,-53,11,-99,-37,54,116,842718748,100,0,228,0,"[16,-13,18,-14,15,-15,12,-15,9,-16,6,-16,3,-15,102,-7,-4,-15,-6,-15,-9,-15,-10,-15,-12,-15,-13,-14,-14,-15,-13,-14,-12,-13,-11,-11,-8,-8,-5,-4,-1,1,61,6,6,13,8,19,8,24,9,28,8,31,7,33,0,0,2,34,0,32,-2,30,-4,25,-6,20,-7,12,-87,15,-6,-3,-5,-10,-3,-16,-1,-22,1,-25,3,-27,5,-28,6,-28,7,-27,7,-25,7,-23,6,-21,5,-18,64,0,0,-9,-4,-6,-9,-2,-13,1,-19,2,-22,2,-24,0,6,-4,1,-12,-12,-12,-22,0,-19,16,-1,28,19,22,28,-14,21,-19,1,-27,-16,-19,-23,-1,-14,13,0,18,9,8,8,-2,0,-5,-6,2,-2,12,12,13,24,0,22,-12,1,-30,-20,-23,-30,-3,-23,16,-4,24,10,18,0,0,7,-4,0,-3,0,4,8,6,19,-2,14,-19,-8,-24,-23,-24,-34,-3,-27,21,-6,32,14,26,24,9,21,-6,10,-12,2,-11,-1,-8,-2,-9,-6,-11,-15,-9,-22,-12,-23,20,-6,36,19,36,39,15,40,-11,22,-31,-2,-32]"
CSI_DATA,57263,d8:b1:90:d9:de:f0,-52,11,-99,-39,54,116,842729126,100,0,228,0,"[-5,22,-4,22,-1,21,2,20,5,17,10,14,12,11,108,-7,16,5,17,3,20,0,21,-2,22,-4,22,-5,22,-6,21,-7,19,-7,15,-7,12,-6,5,-4,0,-2,65,6,-14,3,-21,4,-26,5,-30,5,-34,5,-37,4,0,0,-35,3,-34,2,-32,0,-28,-2,-22,-3,-14,-5,99,16,1,-6,8,-7,16,-7,22,-7,26,-6,28,-6,30,-5,30,-5,30,-5,28,-4,25,-4,22,-5,19,-4,-46,0,7,-4,2,-6,-5,-7,-12,-8,-16,-11,-19,-13,-20,-15,-2,7,7,11,17,2,17,-15,1,-26,-21,-21,-31,0,-6,32,2,30,22,17,25,-3,14,-20,-4,-21,-15,-7,-12,5,-1,8,5,1,0,-7,-12,-5,-19,10,-6,25,8,28,33,7,30,-17,7,-32,-15,-28,-25,-7,-20,10,0,0,5,8,4,0,-4,0,-5,10,4,17,22,12,24,-13,19,-30,-6,-35,-29,-21,-34,4,-21,24,0,28,14,16,16,3,12,-3,6,-4,7,-6,6,-12,-1,-19,-2,-24,-30,-6,-33,17,-15,39,13,41,37,21,40,-6,22,-26]"
CSI_DATA,57264,d8:b1:90:d9:de:f0,-49,9,-99,-36,51,116,842743684,138,0,106,0,"[42,21,151,0,59,21,24,0,107,21,-114,21,161,21,145,21,-141,21,63,21,-74,21,2,21,-34,21,-26,20,-4,21,0,21,20,0,139,21,50,0,-21,21,90,0,-145,0,148,0,58,1,180,0,161,1,0,0,0,0,-95,0,126,1,-122,0,10,1,-178,0,173,0,74,0,-68,21,-56,21,79,21,-155,21,-50,20,173,21,-90,20,162,21,-74,20,-186,21,-17,20,-127,21,66,21,-24,21,-171,21,143,0,-15,21,-62,0]"
CSI_DATA,57265,d8:b1:90:d9:de:f0,-52,11,-99,-40,54,116,842758622,100,0,228,0,"[-17,-15,-18,-13,-18,-10,-18,-8,-18,-3,-18,1,-17,4,112,-8,-15,11,-13,15,-12,17,-11,19,-11,21,-10,23,-9,23,-8,23,-6,20,-5,18,-4,13,-1,9,2,2,66,6,10,-11,15,-16,19,-19,24,-23,26,-23,30,-24,0,0,31,-20,30,-18,28,-15,26,-11,21,-6,16,-1,-88,0,0,6,-6,10,-13,12,-20,13,-24,13,-27,13,-28,12,-30,12,-28,11,-27,10,-25,9,-23,8,-19,6,41,17,-9,5,-2,5,4,6,11,8,16,11,18,13,19,16,-5,-5,-13,2,-10,16,5,23,23,16,30,-6,17,-27,-23,-21,-26,-16,-28,6,-12,23,6,23,18,9,16,-5,4,-12,-5,-6,-4,3,6,5,15,-5,8,-20,-12,-25,-25,-16,-32,15,-13,34,13,33,30,15,27,-8,11,-20,0,0,-9,-5,-3,2,3,-1,2,-10,-11,-15,-25,-3,-17,20,-6,35,18,32,36,11,33,-15,13,-30,-8,-26,-18,-12,-17,1,-10,6,-5,6,-4,6,-4,12,2,18,3,25,31,5,33,-18,15,-40,-13,-41,-38,-23,-40,5,-24,25]"
CSI_DATA,57266,d8:b1:90:d9:de:f0,-53,11,-99,-38,54,116,842768950,100,0,228,0,"[20,-6,20,-7,19,-8,16,-9,14,-11,10,-13,7,-15,105,-7,2,-17,1,-18,-2,-19,-4,-20,-5,-21,-6,-21,-7,-21,-7,-21,-6,-19,-5,-16,-4,-13,-3,-6,-3,0,63,6,-2,14,-3,20,-5,25,-8,29,-10,32,-13,32,0,0,-18,30,-19,27,-19,22,-19,18,-17,13,-13,6,92,16,-2,-6,3,-11,8,-16,14,-17,18,-19,21,-19,23,-18,23,-17,23,-16,23,-14,22,-13,20,-10,17,-9,-45,0,8,-7,2,-6,-3,-7,-8,-9,-14,-10,-16,-14,-16,-16,7,-2,5,-11,-7,-17,-21,-8,-25,9,-13,26,9,28,31,-2,28,-7,14,-23,-6,-25,-20,-10,-19,6,-7,15,5,11,7,1,0,-5,-8,-1,-8,11,5,20,22,14,28,0,18,-29,-6,-34,-27,-20,-30,2,-18,19,-1,22,0,0,9,0,2,-3,-2,2,2,10,15,9,23,-4,8,-22,-3,-33,-26,-25,-35,-1,-26,21,-6,30,14,22,19,8,17,-3,8,-7,4,-7,3,-7,4,-11,-4,-17,-5,-25,-30,-2,-29,20,-10,38,16,39,37,20,39,-6,22,-25]"
CSI_DATA,57267,d8:b1:90:d9:de:f0,-52,11,-99,-40,54,116,842779176,100,0,228,0,"[-23,3,-23,5,-21,6,-18,10,-13,12,-10,15,-5,17,112,-8,1,19,5,19,8,20,10,20,13,20,15,20,16,19,17,18,16,17,13,13,11,10,6,4,2,-1,66,6,-5,-13,-9,-20,-12,-25,-13,-30,-15,-33,-15,-35,0,0,-12,-35,-10,-34,-8,-31,-5,-27,-2,-21,1,-15,0,0,6,0,9,8,10,16,12,20,11,26,12,28,12,30,11,30,11,30,10,27,10,25,9,23,9,19,125,0,6,9,6,2,6,-4,8,-11,9,-17,11,-20,12,-21,-9,1,-8,12,6,19,21,10,27,-10,12,-27,-11,-30,-32,5,-27,12,-9,27,12,24,24,6,18,-11,2,-17,-9,-9,-8,2,2,5,9,-4,1,-16,-17,-17,-30,1,-24,18,2,36,27,25,36,0,24,-24,0,-28,-16,-17,0,0,-9,8,1,4,-1,-3,-10,-3,-17,8,-8,25,18,21,33,13,35,-15,16,-35,-11,-34,-30,-16,-27,5,-13,19,1,17,8,10,6,4,6,5,12,4,18,-3,25,-3,2,-32,-21,-31,-41,-10,-40,20,-17,40,12,39,30,18]"
CSI_DATA,57268,d8:b1:90:d9:de:f0,-52,11,-99,-39,54,116,842798944,100,0,228,0,"[11,-19,10,-20,8,-20,5,-19,2,-17,-2,-16,-5,-16,108,-7,-12,-13,-15,-11,-17,-10,-20,-8,-21,-7,-22,-6,-23,-6,-22,-5,-21,-4,-17,-4,-13,-2,-7,-1,-1,2,65,6,11,10,15,14,21,16,23,20,25,23,25,25,0,0,23,28,20,29,16,25,12,23,7,19,2,14,44,0,-6,2,-10,-5,-13,-12,-15,-16,-16,-22,-16,-25,-16,-25,-15,-26,-14,-25,-13,-24,-12,-22,-11,-21,-10,-17,-143,16,-7,-8,-7,-3,-7,4,-10,8,-12,14,-13,17,-15,17,4,-6,-4,-12,-19,-6,-22,8,-11,25,10,28,28,13,19,-25,12,-26,-8,-26,-23,-10,-22,8,-6,20,7,14,12,2,5,-6,-4,-3,-5,7,6,14,21,5,23,-14,12,-25,-16,-30,-33,-10,-30,15,-10,30,11,25,21,8,0,0,4,-10,-2,-3,2,4,11,0,14,-12,2,-24,-21,-15,-33,-4,-30,21,-7,35,17,30,30,10,25,-10,10,-20,-3,-16,-8,-8,-7,-4,-7,-3,-11,-2,-16,4,-25,3,-1,30,22,29,40,8,38,-20,17,-39,-11,-38,-29,-19]"
CSI_DATA,57269,d8:b1:90:d9:de:f0,-52,11,-99,-39,54,116,842809085,100,0,228,0,"[16,14,17,14,17,11,19,8,17,4,16,1,15,-3,108,-7,15,-8,15,-11,15,-14,15,-15,14,-19,14,-20,14,-20,13,-20,12,-17,10,-15,6,-12,3,-7,-2,-2,65,6,-14,7,-20,10,-24,11,-29,11,-32,11,-35,10,0,0,-35,5,-33,3,-31,1,-26,-2,-21,-4,-13,-4,127,16,3,-5,11,-4,17,-3,23,-2,28,1,29,2,30,4,30,5,30,6,28,6,26,6,23,6,21,4,-42,0,13,0,7,-4,4,-8,1,-13,-1,-19,0,-22,1,-24,5,5,13,-2,10,-15,-5,-23,-23,-15,-31,5,-19,25,20,25,24,19,29,-2,16,-20,-2,-23,-16,-13,-16,3,-6,11,4,7,5,-3,-5,-7,-15,1,-13,16,3,28,17,22,35,-3,23,-26,-1,-34,-21,-23,-28,-2,-17,13,0,0,5,7,4,-1,-4,-1,-6,8,3,19,20,15,25,-7,24,-25,1,-37,-24,-28,-35,-4,-26,19,-7,28,8,21,14,8,12,0,7,-2,7,-3,10,-5,10,-14,15,-21,-20,-23,-35,-6,-35,20,-16,40,12,42,33,23,35,-2]"
CSI_DATA,57270,d8:b1:90:d9:de:f0,-52,11,-99,-37,53,116,842819151,100,0,228,0,"[23,4,23,4,22,2,21,0,19,-3,17,-7,14,-10,115,-8,11,-16,10,-19,9,-20,8,-22,7,-23,7,-24,7,-24,7,-24,7,-22,5,-17,3,-14,1,-8,-2,-1,68,7,-13,10,-17,15,-23,16,-27,20,-32,20,-35,19,0,0,-36,13,-35,9,-33,5,-28,2,-22,0,-15,-3,121,17,2,-5,11,-5,19,-3,24,-2,29,0,33,2,33,4,33,5,33,7,30,8,28,8,24,7,22,7,-35,0,13,1,9,-2,5,-8,2,-14,2,-20,2,-23,3,-26,9,1,11,-9,2,-21,-16,-21,-29,-4,-27,17,-7,33,30,16,32,8,27,-15,8,-27,-11,-22,-21,-7,-15,8,-3,14,5,5,3,-4,-8,-5,-15,7,-8,22,13,28,24,19,36,-13,17,-34,-8,-35,-28,-20,-29,3,-15,19,0,0,8,7,3,-1,-4,0,-5,11,5,21,23,14,27,-10,23,-30,-3,-40,-28,-28,-39,-3,-28,20,-7,28,10,22,16,8,14,0,8,-3,8,-2,10,-4,10,-15,19,-21,-19,-26,-38,-10,-41,17,-22,40,8,46,32,29,39,2]"
CSI_DATA,57271,d8:b1:90:d9:de:f0,-52,11,-99,-40,54,116,842839000,100,0,228,0,"[6,21,6,21,6,21,9,19,10,16,12,13,15,10,112,-8,18,5,19,4,21,3,23,1,23,1,24,1,25,1,24,1,21,1,18,1,15,0,8,-2,1,-4,66,6,-9,-12,-13,-18,-16,-23,-18,-27,-18,-31,-16,-33,0,0,-10,-35,-6,-34,-3,-31,-1,-26,1,-20,3,-12,55,0,2,3,0,11,-2,17,-5,23,-9,27,-11,30,-13,30,-16,27,-16,26,-16,24,-16,23,-15,20,-12,18,115,17,-5,13,0,11,4,10,10,12,16,13,18,16,18,17,1,9,12,8,19,-5,13,-21,-4,-28,-25,-18,-32,3,-4,32,0,31,20,20,26,0,18,-16,1,-21,-12,-12,-12,1,-3,8,5,3,6,-9,-6,-16,-23,-6,-26,12,-15,23,13,33,32,15,33,-9,17,-26,-4,-27,-18,-13,0,0,-5,9,3,3,1,-5,-10,-9,-20,1,-18,19,2,27,23,28,39,5,32,-19,11,-34,-12,-31,-24,-12,-21,4,-10,13,-1,11,1,6,-1,5,-1,10,6,15,10,27,31,-3,26,-25,5,-41,-21,-39,-41,-17,-39,11,-20,28]"
CSI_DATA,57272,d8:b1:90:d9:de:f0,-52,11,-99,-40,54,116,842859106,100,0,228,0,"[-16,-17,-16,-16,-17,-13,-17,-10,-18,-6,-17,-3,-17,0,112,-8,-17,8,-17,10,-17,12,-17,15,-17,16,-17,18,-16,17,-16,17,-13,16,-11,13,-8,11,-2,8,3,4,66,6,16,-2,23,-4,28,-4,32,-4,35,-3,36,-2,0,0,36,0,35,3,31,4,26,5,20,5,12,5,-145,0,-4,2,-11,0,-18,-3,-24,-6,-26,-10,-28,-12,-28,-13,-30,-15,-27,-15,-26,-13,-25,-13,-23,-11,-20,-10,46,17,-13,-2,-11,3,-9,9,-8,15,-6,19,-8,24,-9,24,-5,-6,-15,0,-13,15,1,24,20,20,31,0,24,-21,-16,-27,-20,-21,-28,-1,-19,18,-1,24,15,15,17,-1,6,-10,-4,-8,-5,3,4,10,16,2,18,-16,1,-30,-11,-24,-35,-3,-28,23,-5,34,18,26,26,5,19,-11,0,0,-5,-8,-4,2,5,3,11,-6,3,-20,-16,-23,-28,-1,-31,20,-10,38,18,35,34,12,31,-11,12,-25,-5,-21,-13,-11,-12,-1,-6,1,-5,-1,-11,1,-13,10,-25,16,10,30,32,19,42,-5,30,-33,2,-43,-25,-34,-35,-9]"
CSI_DATA,57273,d8:b1:90:d9:de:f0,-52,11,-99,-40,54,116,842869399,100,0,228,0,"[11,-19,11,-19,10,-19,6,-20,4,-18,0,-18,-3,-16,112,-8,-9,-16,-10,-16,-13,-16,-15,-16,-17,-17,-17,-16,-18,-16,-17,-15,-16,-13,-13,-11,-11,-8,-6,-2,-3,3,66,6,1,18,2,23,1,28,0,33,-2,35,-4,38,0,0,-9,36,-11,33,-12,28,-12,23,-12,17,-10,9,-123,17,0,-4,4,-11,10,-17,15,-19,19,-21,23,-21,25,-20,25,-19,26,-19,25,-17,24,-16,21,-13,18,-12,-60,0,9,-11,3,-12,-2,-13,-6,-15,-11,-18,-12,-20,-12,-23,4,-6,-3,-13,-17,-9,-24,5,-16,24,5,31,25,19,25,-20,20,-24,-2,-28,-19,-18,-24,1,-13,15,1,17,10,8,8,-3,-3,-5,-9,3,-3,16,13,18,28,4,25,-9,6,-35,-19,-31,-33,-10,-28,12,-10,25,8,21,0,0,9,-4,-1,-4,-4,4,3,13,19,9,26,-8,10,-27,-9,-36,-32,-23,-39,3,-26,26,-2,34,17,23,23,5,16,-5,6,-9,2,-6,4,-5,4,-10,-1,-18,-1,-30,-31,-8,-34,16,-18,39,9,43,35,27,42,0,30,-23]"
CSI_DATA,57274,d8:b1:90:d9:de:f0,-52,11,-99,-38,53,116,842879846,100,0,228,0,"[0,23,1,23,2,20,4,18,8,15,11,11,14,8,118,-8,18,2,20,0,22,-1,23,-3,24,-4,24,-6,24,-7,23,-7,20,-7,18,-4,13,-4,6,-3,-2,-2,70,7,-17,-1,-24,-2,-30,-3,-34,-6,-37,-8,-37,-9,0,0,-36,-13,-34,-15,-29,-15,-24,-15,-17,-14,-9,-12,-133,18,7,-3,13,1,19,6,24,11,26,14,29,17,29,19,29,19,26,19,25,19,23,17,22,15,19,13,-63,0,12,3,9,-2,7,-8,6,-15,4,-20,6,-25,8,-26,1,8,12,8,20,-3,14,-20,-4,-29,-25,-18,-33,4,-3,30,4,31,23,18,26,-3,14,-19,-3,-20,-13,-8,-11,3,0,7,4,-1,-1,-11,-15,-8,-24,7,-14,26,2,31,33,18,36,-9,20,-30,-6,-33,-23,-17,-23,3,0,0,1,9,3,0,-4,-2,-12,6,-6,19,12,26,30,4,36,-13,18,-36,-11,-40,-34,-20,-35,4,-19,23,0,24,12,15,12,4,8,1,8,1,12,0,15,-11,24,-15,-11,-33,-35,-22,-45,7,-31,35,-1,47,28,35,37,8]"
CSI_DATA,57275,d8:b1:90:d9:de:f0,-52,11,-99,-40,54,116,842898635,100,0,228,0,"[-8,20,-6,20,-4,19,-2,18,2,17,6,16,10,13,112,-8,16,10,18,8,19,6,20,4,23,3,23,3,23,2,23,2,20,1,17,0,12,0,6,-1,-1,-2,66,6,-15,-6,-20,-10,-25,-12,-27,-16,-31,-18,-32,-19,0,0,-28,-21,-26,-23,-21,-23,-17,-20,-11,-17,-5,-13,-58,17,6,-2,12,3,17,10,20,15,21,19,23,23,23,24,21,24,21,24,20,23,19,21,17,18,16,15,-115,0,11,6,10,0,9,-6,9,-12,10,-18,11,-21,12,-23,-2,8,8,10,19,3,20,-13,5,-27,-16,-25,-30,-8,-13,27,-6,28,15,24,24,4,19,-12,3,-19,-10,-12,-11,0,-2,6,5,1,3,-9,-10,-12,-23,-1,-20,20,-8,28,24,26,35,2,26,-21,4,-32,-16,-21,-21,-3,0,0,-2,10,3,2,-3,-3,-12,2,-12,17,4,27,27,12,36,-3,26,-28,0,-39,-25,-27,-33,-3,-24,16,-5,21,6,16,10,8,8,3,8,3,13,1,17,-8,26,-11,-4,-32,-28,-26,-43,-1,-35,28,-9,45,19,39,34,13]"
CSI_DATA,57276,d8:b1:90:d9:de:f0,-52,11,-99,-40,54,116,842908802,100,0,228,0,"[13,17,15,16,15,13,16,10,17,8,18,3,19,0,112,-8,18,-6,18,-9,18,-11,18,-13,17,-15,18,-17,17,-17,16,-17,15,-16,11,-12,8,-10,3,-6,-3,-3,66,6,-16,2,-23,4,-27,5,-32,5,-34,5,-36,3,0,0,-36,0,-35,-2,-31,-3,-26,-5,-20,-5,-12,-5,128,17,4,-2,11,-1,19,2,24,5,28,6,30,9,31,11,30,11,30,12,26,12,25,12,23,10,20,8,-26,0,13,1,11,-4,8,-9,5,-16,5,-19,5,-25,6,-26,5,6,13,1,15,-12,2,-25,-18,-21,-30,-2,-24,19,16,27,18,23,27,2,20,-16,1,-23,-15,-15,-16,0,-6,10,4,6,5,-3,-4,-10,-17,-3,-18,15,-2,30,11,25,35,4,28,-21,5,-34,-18,-26,-27,-5,-19,12,0,0,5,9,4,-2,-4,-3,-9,8,-2,20,17,20,28,0,30,-21,9,-38,-19,-34,-35,-11,-31,12,-11,26,6,21,13,10,11,1,6,-1,6,0,10,-2,13,-11,24,-18,-12,-28,-34,-16,-41,11,-26,36,3,45,30,31,36,4]"
CSI_DATA,57277,d8:b1:90:d9:de:f0,-52,11,-99,-40,54,116,842928626,100,0,228,0,"[17,-11,16,-12,13,-13,11,-13,8,-15,4,-17,2,-18,112,-8,-3,-19,-5,-19,-6,-20,-9,-20,-9,-20,-10,-21,-10,-21,-10,-20,-9,-19,-6,-16,-4,-11,-3,-4,-2,1,66,6,-2,16,-3,21,-5,26,-8,31,-11,33,-15,34,0,0,-19,32,-20,27,-21,24,-19,18,-18,11,-13,5,124,17,-1,-6,6,-11,12,-15,19,-16,24,-16,27,-16,30,-15,31,-12,31,-10,28,-9,27,-6,25,-6,21,-5,-26,0,11,-5,4,-8,0,-10,-5,-13,-8,-18,-8,-21,-9,-25,5,-5,0,-13,-12,-13,-24,-2,-21,16,-5,28,16,26,27,-10,25,-13,8,-25,-11,-21,-21,-6,-16,9,-4,15,6,9,8,-1,-2,-6,-11,1,-8,16,8,23,26,12,30,-1,18,-31,-6,-35,-28,-20,-32,2,-19,20,-1,23,0,0,10,1,2,-2,-3,2,2,11,16,11,26,-3,13,-24,1,-36,-25,-30,-38,-6,-31,18,-11,32,10,27,19,13,17,-1,10,-5,6,-5,5,-5,5,-11,1,-19,4,-27,-31,-13,-38,9,-27,35,1,47,28,36,42,10,34,-15]"
CSI_DATA,57278,d8:b1:90:d9:de:f0,-52,11,-99,-38,53,116,842938688,100,0,228,0,"[1,-20,0,-20,-2,-18,-6,-17,-9,-14,-14,-12,-17,-7,118,-8,-20,-2,-22,0,-23,2,-23,4,-23,7,-24,7,-24,8,-23,9,-20,9,-17,7,-13,7,-6,3,0,2,70,7,15,0,23,-2,29,-1,34,-2,37,-1,39,0,0,0,37,4,36,4,34,6,26,7,20,7,12,7,-140,0,-4,4,-13,2,-19,0,-25,-2,-30,-3,-34,-4,-35,-7,-34,-7,-34,-7,-30,-7,-29,-7,-25,-6,-23,-4,17,18,-13,0,-7,3,-2,8,2,14,7,20,8,24,8,26,0,-8,-12,-9,-20,2,-15,20,3,28,24,19,31,-3,0,-30,-4,-29,-23,-15,-25,6,-12,19,6,19,14,7,9,-6,-1,-7,-6,2,1,12,17,8,23,-11,11,-29,-7,-33,-36,-13,-35,15,-13,34,12,33,28,12,24,-8,0,0,-3,-11,-3,-1,3,0,8,-8,1,-20,-19,-20,-30,4,-29,24,-4,40,23,33,39,8,30,-17,8,-28,-9,-22,-17,-8,-13,1,-8,3,-8,3,-11,7,-9,17,-14,24,24,23,40,2,37,-28,11,-47,-22,-44,-41,-17,-37,12]"
CSI_DATA,57279,d8:b1:90:d9:de:f0,-52,11,-99,-40,54,116,842948788,100,0,228,0,"[-19,9,-18,9,-16,10,-15,12,-11,13,-9,16,-6,18,112,-8,-3,20,-2,21,-2,23,0,24,0,24,0,25,-1,25,-1,24,-1,21,-1,18,-1,15,1,8,3,2,66,6,13,-9,17,-12,23,-15,28,-15,32,-13,34,-12,0,0,36,-5,34,-2,31,1,26,3,20,5,12,5,-132,0,-4,1,-11,-2,-17,-6,-21,-11,-24,-16,-24,-19,-24,-21,-21,-24,-20,-26,-17,-25,-16,-24,-12,-21,-11,-19,128,17,-9,-11,-8,-4,-10,1,-13,6,-18,10,-20,10,-24,10,-8,3,-4,13,8,18,23,10,26,-8,15,-25,-5,-30,-30,2,-28,4,-17,20,2,25,17,15,19,-1,9,-12,-3,-11,-9,-2,-2,8,10,6,17,-8,9,-23,-12,-26,-23,-17,-34,11,-18,32,6,34,25,20,28,-1,17,-16,0,0,-8,-8,-4,1,4,2,9,-8,2,-19,-16,-20,-26,-2,-32,17,-13,35,12,35,31,18,32,-4,20,-20,2,-24,-9,-13,-10,-4,-6,-2,-5,-3,-9,-4,-17,1,-30,0,-9,31,13,35,36,23,46,-4,34,-32,8,-41,-16,-32]"
CSI_DATA,57280,d8:b1:90:d9:de:f0,-52,11,-99,-40,54,116,842959091,100,0,228,0,"[-18,6,-18,9,-16,10,-12,11,-10,15,-6,16,-4,18,112,-8,0,20,2,20,4,21,5,23,6,23,8,24,8,23,8,23,6,20,5,17,4,12,2,6,2,0,66,6,3,-15,4,-21,6,-26,9,-30,11,-33,13,-33,0,0,18,-31,19,-28,19,-23,19,-18,17,-12,12,-5,-127,0,1,6,-5,11,-11,15,-17,17,-23,19,-26,19,-28,17,-30,16,-30,15,-27,12,-26,11,-24,10,-21,8,21,17,-11,6,-4,6,2,8,8,12,12,15,13,18,15,20,-6,3,-3,12,9,17,23,8,25,-11,11,-27,-10,-28,-28,5,-26,9,-11,24,8,24,19,10,17,-6,5,-13,-6,-10,-6,1,2,6,12,0,10,-15,-6,-23,-26,-15,-32,-1,-20,31,4,36,27,23,33,-1,20,-20,2,-23,0,0,-10,-1,-2,2,2,-3,-3,-11,-16,-11,-26,4,-12,25,1,36,27,28,38,3,30,-21,8,-32,-12,-25,-20,-9,-17,4,-9,9,-4,8,-4,6,-5,11,2,18,0,28,32,8,35,-16,19,-40,-9,-46,-35,-30,-43,-2,-31,21]"
CSI_DATA,57281,d8:b1:90:d9:de:f0,-52,11,-99,-38,53,116,842978718,100,0,228,0,"[-1,-20,-3,-20,-6,-18,-9,-15,-13,-12,-15,-8,-18,-3,118,-8,-20,2,-22,4,-23,7,-23,9,-22,12,-22,14,-23,14,-20,14,-18,14,-14,12,-11,9,-4,6,2,2,70,7,15,-6,20,-9,26,-9,31,-11,35,-12,37,-11,0,0,36,-9,35,-7,33,-6,28,-3,22,-1,13,1,-124,0,-2,6,-12,7,-19,8,-24,9,-29,9,-33,8,-34,9,-34,8,-34,8,-31,7,-30,7,-26,7,-24,7,12,18,-13,7,-6,7,2,8,8,11,14,13,17,14,18,17,-1,-8,-13,-6,-18,6,-11,23,9,28,28,13,30,-11,-6,-30,-11,-29,-26,-11,-23,11,-7,22,9,17,15,2,8,-8,-3,-6,-4,3,4,11,19,3,20,-17,2,-31,-17,-29,-39,-2,-29,26,-3,37,22,28,30,3,19,-14,0,0,-6,-8,-3,0,4,0,4,-11,-6,-19,-25,-11,-25,14,-18,33,11,39,34,20,37,-8,20,-29,-3,-30,-18,-17,-18,-1,-12,6,-6,7,-6,6,-6,12,0,20,-3,28,34,8,37,-17,19,-44,-14,-47,-41,-26,-46,6,-26,30]"
CSI_DATA,57282,d8:b1:90:d9:de:f0,-51,11,-99,-38,53,116,842988796,100,0,228,0,"[17,14,17,14,17,13,18,9,18,6,18,2,19,-1,118,-8,20,-6,22,-7,22,-9,23,-11,23,-12,24,-12,24,-12,24,-12,22,-9,18,-7,13,-6,7,-6,0,-4,70,7,-15,-6,-20,-9,-26,-12,-29,-15,-30,-19,-30,-23,0,0,-25,-28,-22,-28,-18,-26,-13,-24,-7,-19,-3,-13,-36,18,3,3,4,12,4,19,4,26,2,31,-1,34,-2,35,-4,35,-6,34,-8,33,-8,30,-8,26,-8,24,-112,18,-2,15,1,11,7,7,13,6,19,4,24,7,25,9,6,7,15,-1,14,-15,0,-26,-20,-22,-31,-2,-25,20,14,28,17,25,28,7,23,-13,7,-23,-11,-18,-15,-3,-9,7,2,8,8,-2,0,-14,-17,-12,-26,4,-18,26,-2,31,29,26,40,-1,29,-25,4,-35,-17,-25,-24,-4,0,0,-2,11,4,2,0,-6,-12,-3,-18,9,-8,25,13,25,34,15,39,-11,23,-34,-4,-37,-25,-23,-30,-2,-20,13,-6,17,3,11,3,6,1,6,3,11,13,13,19,24,30,-15,18,-36,-9,-46,-37,-31,-50,-2,-37,26,-12,37]"
CSI_DATA,57283,d8:b1:90:d9:de:f0,-52,11,-99,-40,54,116,842999063,100,0,228,0,"[20,-3,20,-4,18,-6,16,-8,12,-10,9,-13,6,-16,112,-8,1,-19,-1,-20,-2,-21,-4,-23,-5,-24,-5,-24,-6,-24,-6,-24,-5,-20,-4,-17,-3,-13,-2,-6,-2,1,66,6,-2,16,-4,21,-6,26,-9,31,-11,32,-13,33,0,0,-17,32,-18,27,-18,24,-17,19,-15,12,-11,6,143,17,-1,-6,4,-12,10,-16,16,-19,20,-21,24,-23,26,-23,26,-20,26,-19,26,-18,24,-17,23,-15,20,-12,-36,0,10,-9,3,-8,-2,-8,-9,-9,-13,-11,-17,-13,-19,-16,8,-3,4,-12,-6,-18,-21,-10,-26,8,-15,26,6,31,30,-1,28,-5,16,-23,-4,-25,-18,-12,-18,4,-8,13,3,10,5,-1,-2,-5,-11,1,-10,16,5,25,26,16,31,0,21,-31,-5,-36,-27,-23,-33,1,-20,20,-1,23,0,0,10,1,2,-2,-2,3,3,11,17,9,25,-5,11,-26,-5,-35,-28,-24,-38,1,-26,25,-3,32,16,24,21,6,17,-6,8,-9,3,-8,3,-8,3,-12,-4,-18,-4,-27,-34,-1,-32,24,-11,43,19,43,42,21,43,-9,24,-30]"
CSI_DATA,57284,d8:b1:90:d9:de:f0,-52,11,-99,-40,54,116,843018983,100,0,228,0,"[-20,6,-20,8,-18,9,-15,11,-10,12,-5,15,-2,16,112,-8,6,18,9,18,11,19,15,18,16,18,17,18,18,18,18,16,17,15,13,11,11,8,5,3,1,-2,66,6,-8,-13,-11,-18,-15,-23,-17,-27,-18,-30,-18,-31,0,0,-16,-32,-12,-30,-10,-27,-8,-24,-4,-19,0,-12,2,0,6,1,10,10,12,15,15,21,17,26,17,28,17,30,16,31,16,30,15,28,15,26,13,24,12,20,-142,0,10,10,9,3,8,-3,8,-9,10,-16,10,-18,12,-20,-6,4,-2,13,11,16,25,4,24,-15,8,-31,-17,-27,-28,10,-26,16,-5,27,15,21,23,4,15,-11,1,-15,-8,-6,-4,3,4,3,9,-8,-2,-19,-20,-15,-30,5,-24,20,5,38,30,23,35,-4,19,-25,-2,-28,-17,-15,0,0,-5,9,1,3,-1,-4,-11,-3,-16,10,-5,24,19,20,34,9,33,-18,11,-35,-15,-32,-30,-12,-27,10,-12,20,3,18,8,9,6,5,8,5,12,4,19,-5,28,-4,0,-35,-26,-31,-46,-6,-41,25,-15,47,17,41,34,18]"
CSI_DATA,57285,d8:b1:90:d9:de:f0,-52,11,-99,-40,54,116,843038758,100,0,228,0,"[-18,13,-17,13,-16,13,-11,15,-8,15,-2,15,2,15,112,-8,9,15,11,16,15,16,16,16,18,16,19,15,19,15,18,15,17,12,13,10,11,6,5,2,0,-2,66,6,-8,-13,-11,-19,-13,-24,-15,-27,-15,-31,-15,-33,0,0,-10,-33,-8,-32,-5,-30,-3,-25,-1,-19,2,-12,38,0,6,3,8,12,8,19,9,25,8,30,6,33,5,34,4,34,4,34,3,32,3,30,2,27,3,24,30,0,4,13,6,8,9,1,13,-4,16,-9,19,-11,21,-11,-4,5,2,13,16,11,25,-2,19,-21,-1,-32,-23,-23,-26,15,-23,20,-1,28,17,19,23,1,13,-12,0,-15,-8,-5,-4,2,5,2,6,-8,-3,-18,-20,-13,-31,5,-23,20,5,36,30,21,35,-2,21,-24,-1,-27,-16,-16,0,0,-6,8,1,3,0,-4,-10,-4,-18,6,-10,23,15,25,31,17,35,-9,19,-32,-5,-35,-25,-20,-27,1,-17,15,-4,16,3,11,4,6,4,8,10,10,19,4,28,8,16,-32,-9,-40,-36,-28,-49,1,-38,32,-6,45,19,34]"
CSI_DATA,57286,d8:b1:90:d9:de:f0,-52,11,-99,-40,54,116,843049127,100,0,228,0,"[19,-11,19,-12,18,-12,15,-13,10,-13,5,-15,2,-16,112,-8,-3,-17,-6,-19,-8,-20,-11,-20,-12,-20,-13,-20,-13,-20,-12,-19,-11,-18,-9,-15,-8,-10,-5,-3,-3,2,66,6,-1,17,-1,23,-2,27,-3,31,-4,34,-6,35,0,0,-10,33,-12,31,-12,26,-11,21,-11,16,-9,9,-108,17,0,-5,4,-12,9,-18,13,-21,17,-25,20,-25,23,-25,24,-24,24,-23,23,-21,21,-20,20,-18,18,-17,-75,0,9,-12,1,-11,-4,-9,-10,-10,-16,-11,-18,-13,-19,-15,6,-4,1,-13,-12,-15,-25,-3,-24,17,-6,31,17,27,30,-9,26,-13,9,-27,-11,-24,-21,-8,-17,9,-3,15,6,9,5,-2,-3,-5,-11,3,-6,18,11,23,28,9,28,-4,13,-34,-13,-34,-32,-15,-31,10,-13,24,5,23,0,0,10,-3,0,-4,-3,3,3,12,18,8,24,-9,9,-26,-10,-34,-32,-19,-36,6,-20,28,2,32,19,19,23,2,13,-9,4,-9,2,-5,3,-6,3,-12,-4,-18,-6,-31,-34,1,-31,26,-8,45,24,42,46,18,43,-13,21,-33]"
CSI_DATA,57287,d8:b1:90:d9:de:f0,-52,11,-99,-39,53,116,843059190,100,0,228,0,"[-1,-23,-2,-23,-5,-20,-7,-16,-11,-12,-12,-7,-15,-2,122,-8,-18,3,-20,7,-20,10,-21,12,-21,15,-21,16,-20,16,-18,16,-16,15,-13,12,-10,10,-3,6,2,1,73,7,15,-8,20,-12,25,-13,30,-16,32,-16,35,-17,0,0,33,-15,32,-13,31,-11,26,-7,21,-3,13,0,-140,0,-3,7,-11,11,-18,13,-25,15,-27,16,-30,16,-32,17,-32,16,-32,16,-30,15,-28,15,-25,15,-21,12,21,18,-10,11,-3,8,3,8,12,7,18,7,22,8,25,11,-3,-8,-13,-5,-20,8,-8,25,11,27,31,12,31,-13,-3,-31,-13,-30,-28,-10,-25,11,-7,22,10,17,15,3,7,-6,-2,-5,-3,5,7,8,20,-1,17,-20,-2,-32,-18,-27,-39,5,-25,30,3,37,26,23,30,-1,16,-18,0,0,-7,-6,-3,2,5,0,3,-12,-10,-17,-26,-5,-22,21,-8,36,20,35,39,11,35,-16,13,-32,-10,-27,-21,-12,-18,2,-10,7,-5,6,-6,7,-5,12,5,21,6,31,36,1,33,-28,8,-49,-26,-44,-49,-15,-44,18,-20,36]"
CSI_DATA,57288,d8:b1:90:d9:de:f0,-52,11,-99,-38,53,116,843069301,100,0,228,0,"[19,13,19,12,19,8,18,4,17,1,14,-3,13,-8,118,-8,11,-15,9,-18,8,-20,7,-23,6,-24,4,-25,4,-25,3,-24,3,-22,2,-18,1,-13,0,-6,-2,1,70,7,-8,15,-11,20,-14,26,-17,30,-18,31,-20,31,0,0,-22,29,-23,26,-23,23,-20,18,-15,12,-12,6,-148,18,-1,-7,4,-13,11,-18,15,-23,20,-25,23,-26,24,-26,25,-25,25,-25,24,-23,23,-22,20,-20,17,-17,-130,0,8,-12,1,-8,-6,-6,-13,-4,-19,-4,-24,-6,-26,-7,8,2,13,-7,4,-19,-12,-23,-29,-9,-29,13,-13,31,26,18,29,12,26,-11,9,-24,-9,-22,-18,-6,-13,7,-2,11,4,2,0,-6,-12,-2,-15,12,-2,26,20,24,31,12,29,-24,4,-39,-22,-29,-34,-6,-24,17,-4,23,0,0,11,2,2,-2,-3,3,2,12,17,11,28,-6,13,-29,-6,-37,-31,-25,-40,3,-25,28,0,35,19,23,24,3,15,-7,6,-11,2,-8,3,-8,1,-14,-9,-19,-13,-28,-36,7,-26,34,2,48,35,36,51,6,40,-25,12,-39]"
CSI_DATA,57289,d8:b1:90:d9:de:f0,-52,11,-99,-38,53,116,843088732,100,0,228,0,"[-17,-14,-18,-13,-17,-11,-17,-7,-17,-3,-15,1,-15,6,118,-8,-14,12,-13,15,-13,18,-12,19,-12,22,-12,22,-12,22,-11,20,-9,19,-7,15,-4,11,-1,6,2,-1,70,7,12,-13,18,-17,22,-20,26,-22,29,-23,33,-23,0,0,33,-19,33,-15,29,-12,25,-8,20,-4,14,-1,-135,0,-2,6,-11,8,-18,11,-25,11,-30,12,-34,11,-35,11,-34,8,-35,8,-33,7,-30,7,-28,6,-24,4,20,18,-12,4,-7,7,1,8,7,12,12,15,15,18,15,22,-8,-2,-13,6,-8,19,8,24,26,14,30,-8,17,-28,-22,-22,-26,-17,-28,6,-14,22,4,23,17,11,14,-3,3,-9,-4,-3,-1,6,9,7,17,-6,11,-24,-11,-29,-24,-20,-35,12,-15,35,9,35,28,17,28,-6,13,-19,0,0,-8,-6,-2,2,4,-2,2,-13,-11,-18,-26,-7,-23,20,-12,36,17,36,36,17,36,-12,18,-30,-4,-29,-18,-14,-18,0,-11,6,-6,6,-7,4,-8,11,-2,19,-6,29,34,13,41,-13,25,-41,-4,-51,-36,-35,-48,-3,-34,24]"
CSI_DATA,57290,d8:b1:90:d9:de:f0,-52,11,-99,-39,53,116,843099139,100,0,228,0,"[0,22,1,22,2,21,6,20,7,16,10,13,13,11,122,-8,18,7,20,5,21,5,23,3,23,2,25,2,25,2,23,2,21,2,16,2,11,1,5,0,-2,-2,73,7,-16,-10,-20,-13,-25,-17,-27,-22,-28,-25,-28,-27,0,0,-23,-31,-18,-30,-16,-30,-11,-26,-6,-21,-1,-13,-6,18,6,2,10,11,10,18,10,26,8,32,7,35,6,36,3,36,2,36,1,33,0,32,0,30,0,26,-16,18,2,15,5,8,8,3,13,-2,18,-6,23,-7,26,-6,3,8,13,6,21,-6,15,-22,-3,-30,-25,-21,-33,1,-7,32,-1,31,20,22,27,1,17,-15,1,-20,-11,-11,-11,1,-1,6,7,0,3,-11,-11,-15,-25,-3,-25,18,-15,30,21,32,37,8,31,-17,11,-31,-11,-26,-21,-10,0,0,-5,10,2,2,-2,-5,-12,-2,-17,12,-6,27,21,25,37,12,37,-15,18,-36,-8,-37,-28,-20,-30,2,-18,17,-3,17,3,11,3,7,3,7,8,10,20,7,27,13,22,-28,0,-44,-31,-37,-51,-11,-47,23,-20,44,8,41]"
CSI_DATA,57291,d8:b1:90:d9:de:f0,-51,11,-99,-39,53,116,843118899,100,0,228,0,"[-20,11,-20,12,-17,13,-13,15,-10,16,-5,17,-1,18,122,-8,6,20,8,20,12,18,13,18,16,18,17,18,17,17,17,15,15,13,12,11,8,7,5,2,-1,-3,73,7,-11,-15,-15,-20,-18,-25,-20,-30,-21,-31,-21,-33,0,0,-18,-35,-16,-32,-12,-30,-8,-26,-6,-21,-1,-13,-42,18,6,2,10,11,11,17,12,23,15,30,15,32,15,33,13,33,13,33,12,31,12,30,11,27,10,22,-152,0,8,12,8,5,7,-2,10,-10,11,-16,13,-20,15,-21,-5,7,1,15,16,15,26,0,22,-20,2,-31,-21,-25,-31,17,-23,21,-2,28,18,20,23,0,13,-15,-2,-16,-11,-5,-6,6,6,5,10,-7,-1,-18,-20,-16,-31,5,-26,20,7,36,30,21,36,-5,20,-26,-2,-28,-17,-15,0,0,-5,8,1,2,-2,-5,-12,-2,-18,11,-6,27,20,23,37,10,36,-18,13,-39,-16,-35,-32,-13,-28,10,-12,21,2,18,8,10,7,5,6,5,12,6,20,-1,30,-1,5,-35,-22,-36,-46,-13,-47,20,-22,46,12,47,33,25]"
CSI_DATA,57292,d8:b1:90:d9:de:f0,-52,11,-99,-40,54,116,843129993,100,0,228,0,"[-19,6,-19,8,-18,10,-16,11,-13,13,-10,15,-8,17,112,-8,-3,20,-1,20,0,21,2,21,2,23,2,23,2,23,2,21,2,19,1,16,1,11,1,3,1,-3,66,6,4,-17,6,-23,10,-27,12,-31,16,-32,18,-32,0,0,21,-30,23,-26,21,-21,20,-17,17,-11,12,-4,-137,0,0,5,-8,11,-15,12,-21,15,-27,15,-31,15,-32,13,-32,12,-32,10,-31,9,-28,8,-26,6,-23,5,-1,16,-12,4,-6,5,-1,9,4,11,10,15,11,19,11,21,-5,6,-1,15,11,16,24,5,25,-12,11,-28,-11,-30,-33,5,-28,9,-12,25,6,25,20,11,19,-5,6,-15,-4,-10,-8,1,1,6,11,2,12,-12,-2,-25,-21,-19,-31,-8,-24,26,1,35,23,25,31,3,21,-16,3,-21,0,0,-10,-2,-1,2,4,-3,-1,-12,-15,-12,-26,1,-17,23,-2,36,24,30,38,6,32,-18,11,-31,-9,-26,-19,-11,-17,2,-9,6,-4,5,-6,4,-8,10,-2,19,-5,28,31,13,40,-11,27,-38,-2,-48,-32,-36,-45,-9,-35,17]"
CSI_DATA,57293,d8:b1:90:d9:de:f0,-52,11,-99,-39,53,116,843148625,100,0,228,0,"[17,13,18,12,17,10,18,7,18,3,20,0,18,-5,122,-8,18,-10,18,-12,18,-13,17,-16,17,-17,18,-17,17,-17,16,-17,15,-15,12,-11,8,-7,3,-3,-2,2,73,7,-17,8,-22,11,-28,12,-33,13,-36,12,-37,10,0,0,-37,6,-36,2,-32,0,-27,-1,-20,-2,-12,-3,159,18,5,-3,13,-1,21,1,26,3,32,7,33,8,33,10,35,12,32,13,31,13,28,13,25,12,22,11,-42,0,12,5,7,0,2,-6,0,-13,-1,-20,0,-23,1,-27,8,1,13,-7,7,-18,-8,-25,-25,-15,-31,6,-18,26,25,25,25,18,28,-3,16,-21,-2,-23,-16,-12,-16,3,-5,11,6,6,6,-6,-6,-11,-20,-1,-18,18,0,32,15,31,39,1,28,-25,3,-36,-20,-26,-27,-5,-20,12,0,0,5,10,2,1,-5,1,-7,11,2,21,21,17,30,-5,27,-27,2,-40,-25,-31,-37,-6,-30,18,-8,28,8,21,16,8,11,-1,7,-2,7,0,13,-2,15,-13,21,-18,-16,-31,-39,-16,-45,13,-27,42,3,50,32,33,40,5]"
CSI_DATA,57294,d8:b1:90:d9:de:f0,-52,11,-99,-38,53,116,843158784,100,0,228,0,"[-14,-15,-15,-14,-18,-11,-18,-7,-19,-3,-19,1,-19,6,118,-8,-18,12,-17,15,-15,18,-14,20,-13,20,-12,22,-11,22,-9,20,-8,18,-6,15,-4,9,-1,3,1,-2,70,7,7,-17,11,-22,13,-28,15,-31,18,-33,19,-34,0,0,19,-31,19,-29,18,-25,15,-20,13,-14,9,-8,122,0,0,6,-3,13,-9,19,-13,24,-17,28,-18,29,-19,30,-19,30,-18,29,-18,28,-15,25,-14,24,-12,20,-141,18,-3,12,1,8,6,2,13,-1,18,-4,24,-6,26,-6,-8,-2,-14,6,-9,19,7,25,26,15,31,-7,17,-28,-25,-22,-26,-15,-28,8,-12,23,8,23,19,7,14,-7,1,-11,-7,-2,-2,8,11,7,18,-7,7,-26,-15,-26,-30,-18,-33,20,-8,37,19,30,31,7,24,-14,4,-23,0,0,-9,-2,-2,2,2,-4,-4,-12,-19,-8,-25,9,-8,29,12,35,35,18,39,-12,18,-33,-8,-33,-24,-14,-23,3,-12,12,-1,11,0,7,-1,7,1,12,13,14,18,23,30,-17,13,-40,-19,-44,-45,-22,-47,13,-26,39,3,39]"
CSI_DATA,57295,d8:b1:90:d9:de:f0,-52,11,-99,-38,53,116,843169504,100,0,228,0,"[-6,-20,-8,-20,-9,-18,-12,-15,-15,-12,-17,-8,-18,-3,118,-8,-20,1,-23,2,-24,4,-24,6,-24,7,-24,7,-24,7,-23,7,-19,6,-15,4,-11,3,-4,1,3,-1,70,7,18,-4,24,-4,30,-3,34,-1,36,0,39,1,0,0,36,3,35,6,30,7,24,7,18,7,11,4,146,0,-7,0,-14,-2,-20,-6,-25,-8,-29,-12,-31,-14,-31,-15,-31,-17,-30,-17,-28,-17,-25,-15,-23,-14,-20,-13,53,18,-12,-4,-7,0,-2,6,0,13,2,19,1,23,0,25,-7,-6,-14,-1,-17,13,-4,25,15,25,30,9,29,-15,-9,-33,-13,-29,-26,-9,-24,11,-7,22,9,18,15,2,8,-8,-3,-7,-7,3,2,14,18,9,25,-9,12,-29,-2,-36,-34,-14,-35,13,-15,33,9,31,24,14,22,-3,0,0,-2,-8,-1,-1,4,0,9,-8,1,-19,-17,-20,-29,-1,-30,20,-8,37,19,34,35,12,30,-13,12,-25,-6,-22,-13,-11,-11,-1,-6,1,-7,-1,-12,0,-15,12,-24,15,14,31,37,18,46,-11,29,-40,-3,-48,-31,-34,-39,-6]"
CSI_DATA,57296,d8:b1:90:d9:de:f0,-52,11,-99,-40,54,116,843188828,100,0,228,0,"[18,11,18,10,18,8,18,4,18,1,17,-2,18,-6,112,-8,18,-11,18,-13,17,-15,17,-16,17,-18,17,-18,16,-17,16,-16,15,-12,12,-9,9,-4,5,0,-1,4,66,6,-12,12,-19,15,-23,17,-27,17,-30,17,-32,15,0,0,-32,11,-32,8,-27,5,-24,2,-17,0,-10,-2,-140,17,5,-4,13,-3,20,-2,26,-2,31,0,34,2,34,3,34,5,32,6,31,6,28,6,25,8,21,6,-27,0,11,3,5,-1,0,-5,-3,-12,-5,-17,-6,-20,-5,-23,8,-2,10,-10,2,-20,-12,-23,-27,-10,-28,10,-15,27,26,21,25,16,27,-5,13,-20,-4,-20,-16,-9,-13,4,-2,10,6,3,3,-8,-8,-10,-19,1,-17,19,3,31,19,32,35,-1,26,-25,2,-34,-19,-24,-26,-3,-18,11,0,0,3,8,1,2,-4,4,-2,12,9,18,24,10,27,-12,18,-30,-6,-36,-28,-23,-35,2,-23,23,-2,26,11,18,15,5,11,-2,6,-2,8,0,12,-5,10,-17,16,-21,-23,-25,-40,-6,-40,24,-16,46,15,46,36,25,39,-3]"
CSI_DATA,57297,d8:b1:90:d9:de:f0,-52,11,-99,-40,54,116,843208652,100,0,228,0,"[19,-5,18,-8,17,-9,13,-11,9,-15,5,-16,2,-17,112,-8,-4,-20,-6,-21,-9,-21,-10,-21,-11,-21,-12,-20,-12,-19,-11,-18,-10,-17,-6,-13,-3,-10,0,-5,4,-1,66,6,13,11,17,15,20,19,20,24,21,25,21,27,0,0,18,27,17,26,15,24,11,20,6,16,2,10,57,0,-5,-3,-10,-9,-13,-17,-16,-20,-17,-25,-17,-27,-18,-28,-18,-28,-17,-27,-15,-26,-15,-24,-13,-21,-11,-19,113,17,-6,-8,-4,-2,-2,4,-1,11,0,17,-2,23,-4,24,4,-8,-1,-13,-13,-13,-24,-2,-21,18,-4,30,17,25,28,-15,23,-16,4,-26,-13,-19,-20,-2,-12,12,1,13,8,4,3,-5,-6,-4,-11,8,-1,19,19,18,30,-2,32,-20,-3,-34,-26,-23,-33,2,-20,21,0,26,13,15,0,0,8,-4,2,-2,5,2,12,-3,12,-15,-2,-25,-24,-18,-35,0,-27,24,-2,36,21,27,31,4,21,-15,5,-20,-5,-13,-6,-5,-5,-3,-5,-5,-12,-3,-19,5,-24,8,3,33,28,28,45,2,38,-28,9,-46,-20,-39,-34,-13]"
CSI_DATA,57298,d8:b1:90:d9:de:f0,-52,11,-99,-39,54,116,843218975,100,0,228,0,"[20,0,20,-1,19,-4,16,-6,14,-11,11,-13,10,-15,108,-7,5,-20,3,-21,2,-22,1,-23,0,-24,-1,-23,0,-23,0,-21,1,-20,2,-15,2,-11,3,-3,3,3,65,6,4,16,4,23,2,26,1,30,-1,32,-2,33,0,0,-5,32,-6,30,-7,26,-7,22,-7,15,-5,8,-74,16,-1,-6,2,-14,5,-20,6,-24,10,-28,12,-29,14,-30,15,-30,15,-29,15,-26,14,-24,13,-21,12,-17,141,0,5,-8,0,-4,-6,1,-12,4,-17,5,-21,5,-22,3,5,-5,2,-12,-8,-16,-22,-10,-25,7,-14,25,5,30,31,-1,28,-4,15,-21,-4,-22,-16,-11,-15,4,-4,12,5,7,6,-2,-3,-7,-13,0,-11,15,5,24,24,16,38,3,19,-29,-5,-34,-25,-21,-30,2,-17,17,-1,20,0,0,7,3,3,1,3,5,11,6,19,-1,17,-17,-1,-29,-21,-26,-35,-6,-30,19,-8,33,14,28,24,10,21,-5,8,-12,2,-10,0,-5,2,-7,-1,-13,-13,-15,-17,-19,-29,16,-14,38,14,42,40,24,46,-6,30,-32,2,-38]"
CSI_DATA,57299,d8:b1:90:d9:de:f0,-52,11,-99,-39,54,116,843229261,100,0,228,0,"[-4,-21,-5,-21,-6,-20,-10,-16,-13,-15,-14,-11,-16,-10,108,-7,-21,-5,-22,-4,-22,-3,-23,-2,-24,-1,-23,-1,-22,-1,-21,-2,-19,-2,-15,-2,-10,-2,-4,-2,3,-2,65,6,16,0,22,2,26,4,29,7,31,10,31,12,0,0,29,13,26,15,23,14,19,13,13,10,7,6,90,0,-5,-3,-10,-8,-14,-15,-17,-19,-17,-23,-19,-25,-17,-28,-17,-28,-16,-28,-14,-26,-12,-25,-11,-23,-8,-20,-112,16,-5,-10,-5,-3,-5,4,-6,10,-7,14,-11,19,-13,17,-5,-4,-12,-1,-15,10,-7,21,10,25,25,12,29,-7,-3,-33,-6,-28,-22,-14,-22,5,-10,17,5,16,13,4,8,-6,-2,-8,-10,1,-3,13,12,14,25,1,21,-21,11,-34,-23,-24,-33,-2,-25,21,-4,30,13,21,19,5,0,0,3,-6,0,-2,5,1,10,-5,7,-16,-8,-23,-25,-12,-32,7,-20,28,4,35,24,22,30,0,20,-16,3,-20,-5,-13,-6,-4,-3,-2,-3,-5,-10,-7,-20,1,-28,2,-5,33,20,35,42,16,44,-14,24,-38,-4,-44,-25,-26]"
CSI_DATA,57300,d8:b1:90:d9:de:f0,-52,11,-99,-40,54,116,843239399,100,0,228,0,"[20,-3,20,-4,19,-8,16,-10,12,-13,9,-16,5,-17,112,-8,0,-20,-2,-21,-4,-21,-6,-21,-8,-23,-9,-21,-9,-20,-9,-19,-8,-17,-5,-15,-3,-10,0,-5,4,0,66,6,12,11,16,16,17,20,18,24,19,26,19,28,0,0,18,27,16,26,13,25,10,20,6,16,2,10,39,0,-5,-3,-9,-10,-11,-17,-13,-21,-16,-26,-17,-28,-16,-30,-16,-30,-16,-30,-13,-27,-13,-25,-11,-23,-10,-19,-132,17,-5,-9,-3,-2,-2,5,0,12,-1,18,-2,21,-3,24,5,-5,1,-12,-10,-16,-23,-5,-24,12,-9,27,12,27,31,-10,25,-12,6,-25,-12,-19,-20,-3,-13,11,0,15,9,4,5,-5,-5,-6,-12,4,-4,18,16,19,30,2,32,-17,1,-34,-24,-25,-33,-1,-23,19,-2,25,12,16,0,0,8,-4,3,-1,5,2,12,-2,12,-15,-1,-25,-23,-18,-34,-2,-27,24,-3,36,20,28,31,5,23,-13,6,-19,-4,-13,-6,-5,-3,-3,-4,-5,-11,-5,-19,3,-25,8,1,34,27,31,46,5,39,-27,11,-46,-19,-39,-34,-16]"
CSI_DATA,57301,d8:b1:90:d9:de:f0,-53,11,-99,-39,54,116,843249487,100,0,228,0,"[19,-8,17,-11,16,-12,13,-14,10,-16,5,-17,2,-17,108,-7,-2,-20,-5,-20,-6,-20,-8,-20,-11,-21,-11,-20,-11,-20,-10,-17,-8,-16,-6,-13,-4,-10,0,-5,4,-1,65,6,12,11,15,15,17,20,17,24,19,25,17,29,0,0,15,29,13,28,11,25,8,22,4,16,0,10,25,0,-4,-4,-7,-12,-8,-19,-10,-23,-10,-29,-10,-30,-8,-32,-8,-32,-7,-31,-6,-30,-5,-28,-4,-24,-3,-21,-69,16,-2,-10,-2,-2,-2,4,-4,11,-6,17,-8,19,-12,20,3,-6,-2,-12,-13,-11,-23,1,-20,16,-3,28,17,23,29,-16,22,-16,3,-25,-15,-16,-21,-1,-11,12,2,14,10,4,5,-5,-5,-6,-11,5,-3,17,15,17,28,1,32,-16,1,-33,-22,-24,-32,-1,-22,19,-3,24,11,16,0,0,7,-3,3,-1,5,2,12,-1,14,-13,2,-25,-21,-21,-33,-6,-30,17,-10,34,14,30,29,11,24,-7,11,-17,-1,-14,-5,-6,-3,-4,-3,-6,-10,-8,-20,-2,-25,-1,-10,33,16,37,40,19,46,-11,26,-38,-3,-42,-25,-26]"
CSI_DATA,57302,d8:b1:90:d9:de:f0,-53,11,-99,-41,55,116,843260102,100,0,228,0,"[-8,18,-7,20,-4,19,-1,20,3,19,7,18,9,15,102,-7,15,12,16,10,19,8,20,6,21,4,21,3,21,2,20,1,18,1,13,1,10,2,5,3,-1,5,61,6,-13,7,-18,9,-23,9,-26,10,-28,11,-29,10,0,0,-29,9,-27,8,-24,7,-21,5,-15,3,-9,1,-132,15,4,-4,10,-7,16,-8,22,-10,26,-11,27,-12,28,-13,28,-13,27,-12,26,-12,24,-11,21,-10,18,-9,-26,0,8,-5,2,-3,-4,-1,-9,0,-15,0,-20,-1,-22,-1,2,6,9,7,16,0,15,-14,2,-24,-16,-20,-27,-2,-6,32,0,26,18,16,23,-2,12,-15,-4,-18,-13,-6,-9,6,2,9,8,0,2,-11,-12,-10,-21,4,-11,23,2,33,28,12,28,-11,11,-27,-9,-25,-21,-9,-18,7,0,0,1,8,1,4,-2,5,0,11,11,13,23,3,20,-18,6,-30,-18,-28,-31,-8,-27,14,-8,26,10,21,16,7,12,-3,5,-6,4,-4,5,-5,5,-12,-4,-19,-7,-23,-32,2,-26,27,-2,43,28,34,43,7,34,-21,10,-32]"
CSI_DATA,57303,d8:b1:90:d9:de:f0,-53,11,-99,-40,55,116,843271348,100,0,228,0,"[-5,20,-4,21,-2,21,0,21,3,20,6,19,8,17,99,-7,13,14,14,13,15,12,17,10,18,10,18,9,18,8,17,8,15,8,12,7,8,6,3,5,-3,3,59,6,-15,-1,-19,-3,-23,-6,-25,-9,-27,-12,-27,-14,0,0,-25,-16,-23,-17,-19,-16,-16,-15,-10,-13,-5,-9,-64,15,6,2,12,7,15,12,17,17,19,20,19,23,18,24,17,25,16,25,14,24,13,23,10,20,9,18,102,0,5,8,3,2,1,-4,1,-10,3,-16,5,-18,7,-20,3,6,9,6,16,-2,14,-15,1,-23,-16,-20,-27,-3,-11,31,-4,25,15,19,22,3,16,-13,1,-18,-11,-10,-12,3,-2,9,8,4,7,-8,-5,-14,-19,-7,-21,12,-16,28,15,26,29,8,25,-13,9,-25,-8,-22,-16,-9,0,0,-6,6,-3,3,-5,2,-9,6,-5,16,9,21,25,9,30,-7,18,-26,-4,-32,-22,-20,-28,0,-18,15,-4,18,5,12,6,5,4,4,5,6,12,5,19,-4,22,-6,0,-32,-24,-29,-42,-7,-39,21,-16,41,12,39,28,19]"
CSI_DATA,57304,d8:b1:90:d9:de:f0,-50,11,-99,-37,52,116,843285570,277,0,106,0,"[120,0,1,1,46,0,4,1,-40,20,-16,0,-121,20,-57,0,154,20,-94,0,110,20,-130,0,96,20,-145,0,126,20,-166,0,-106,20,118,0,48,0,41,0,-126,0,-78,20,-8,0,144,20,46,1,66,20,0,0,0,0,-40,0,-6,18,-136,0,46,20,54,0,-168,20,-88,20,21,0,156,20,-101,0,118,20,44,1,132,20,110,1,165,20,110,1,-129,20,56,1,-74,20,-38,0,-41,20,146,0,-33,20,-57,20,-88,20]"
CSI_DATA,57305,d8:b1:90:d9:de:f0,-53,11,-99,-39,55,116,843299017,100,0,228,0,"[-21,-1,-22,0,-23,2,-22,5,-21,7,-19,10,-17,10,97,-7,-11,15,-9,16,-7,18,-4,18,-3,19,-2,18,0,19,0,18,0,16,0,14,-1,10,-2,5,-3,-1,58,6,-5,-13,-6,-17,-5,-22,-6,-27,-6,-29,-5,-30,0,0,-3,-30,-2,-29,0,-26,1,-23,3,-16,4,-11,17,0,3,4,4,12,3,18,1,24,0,27,-1,29,-1,30,-2,31,-3,29,-3,27,-3,25,-3,23,-2,19,6,0,-1,9,1,3,3,-2,5,-8,9,-13,13,-15,14,-16,-6,3,-5,10,5,16,18,11,23,-4,16,-21,-4,-27,-36,-2,-26,4,-14,21,5,23,20,11,18,-6,6,-16,-7,-12,-11,0,-2,9,9,5,10,-9,-2,-19,-19,-12,-30,0,-14,25,8,29,25,14,25,-6,12,-19,-3,-18,0,0,-9,-1,-5,1,-4,-2,-10,-2,-14,7,-9,20,11,22,26,16,31,-6,19,-26,-3,-30,-20,-18,-23,0,-14,11,-4,13,1,7,1,5,1,7,7,10,18,7,22,7,17,-26,-6,-38,-32,-26,-43,0,-32,28,-6,39,17,29]"
CSI_DATA,57306,d8:b1:90:d9:de:f0,-50,9,-99,-35,52,116,843316631,130,0,106,0,"[57,1,-54,18,44,1,5,0,0,1,74,0,-60,0,144,0,-114,0,-124,0,149,0,-80,0,122,0,-56,0,107,0,-81,0,69,0,133,0,10,0,-18,18,-74,18,134,18,-158,18,6,18,96,18,-65,17,0,0,0,0,18,18,3,18,57,18,99,18,-152,18,-84,18,21,0,62,0,-123,0,-147,0,13,1,-93,0,85,1,-105,0,85,1,-142,0,35,1,144,0,-49,0,99,0,134,0,54,0,-56,18,41,0,91,18]"
CSI_DATA,57307,d8:b1:90:d9:de:f0,-53,11,-99,-37,54,116,843328922,100,0,228,0,"[-18,-14,-20,-14,-20,-13,-21,-12,-22,-10,-21,-7,-21,-5,102,-7,-19,0,-19,3,-18,5,-18,7,-16,9,-16,10,-16,10,-15,11,-14,9,-12,7,-9,5,-5,2,0,-1,61,6,10,-8,15,-10,21,-11,25,-11,28,-10,30,-9,0,0,30,-6,30,-3,27,-1,24,1,18,2,12,3,-121,0,-4,3,-11,2,-18,0,-23,-3,-26,-5,-29,-7,-28,-9,-29,-10,-27,-11,-25,-12,-22,-11,-20,-10,-16,-10,73,15,-8,-4,-3,0,1,5,4,10,6,15,5,20,3,22,-6,-2,-11,5,-8,14,5,21,21,14,26,-4,18,-23,-23,-30,-22,-18,-26,3,-15,20,3,24,18,12,19,-4,7,-13,-6,-10,-10,1,-1,10,12,6,16,-9,4,-22,-10,-27,-28,-5,-25,15,-7,29,12,24,23,8,19,-7,0,0,0,-9,-2,-4,1,-3,1,-9,-6,-14,-20,-9,-22,9,-18,24,2,32,23,24,31,2,22,-16,5,-23,-8,-16,-12,-6,-8,1,-5,0,-6,-1,-11,2,-13,12,-16,16,15,27,36,14,40,-13,24,-37,-4,-43,-29,-29,-34,-4]"
CSI_DATA,57308,d8:b1:90:d9:de:f0,-54,11,-99,-39,55,116,843348784,100,0,228,0,"[-17,-14,-19,-14,-21,-13,-21,-10,-23,-8,-21,-4,-21,-2,97,-7,-18,4,-17,7,-15,10,-14,12,-12,14,-11,15,-10,16,-9,16,-7,15,-6,13,-4,9,-2,5,0,0,58,6,4,-12,7,-16,9,-20,11,-23,13,-25,14,-27,0,0,14,-26,15,-25,15,-22,13,-19,11,-13,9,-9,122,0,1,4,-3,10,-7,16,-10,19,-13,22,-15,23,-16,23,-17,24,-16,23,-16,22,-14,20,-13,18,-12,16,91,15,-5,8,0,4,5,-1,10,-4,14,-6,18,-7,20,-6,-6,-3,-11,4,-8,14,6,20,22,12,25,-7,14,-24,-27,-25,-24,-12,-24,10,-9,23,10,21,20,5,15,-11,1,-16,-10,-7,-9,5,3,9,13,0,9,-16,-8,-20,-22,-14,-24,13,-9,27,14,26,25,8,21,-10,7,-18,0,0,-8,-5,-5,0,-1,-2,-6,-6,-14,-2,-17,10,-1,21,12,26,28,12,29,-12,13,-27,-8,-26,-20,-11,-18,3,-8,10,-1,8,0,5,-2,6,0,11,10,14,14,17,26,-13,13,-34,-13,-37,-36,-21,-40,8,-25,31,1,33]"
CSI_DATA,57309,d8:b1:90:d9:de:f0,-53,11,-99,-37,54,116,843359520,100,0,228,0,"[1,-23,1,-25,-1,-25,-3,-25,-5,-24,-7,-23,-8,-19,102,-7,-12,-14,-13,-12,-15,-10,-16,-8,-18,-7,-19,-5,-19,-5,-18,-4,-16,-3,-14,-3,-10,-2,-6,-1,0,0,61,6,12,4,16,6,21,8,24,10,26,13,27,15,0,0,26,18,24,19,21,19,16,16,12,14,6,10,92,0,-4,0,-9,-5,-12,-11,-14,-16,-15,-21,-15,-24,-15,-26,-14,-26,-13,-26,-11,-25,-10,-24,-8,-22,-7,-19,-90,15,-3,-9,-2,-3,-3,3,-2,10,-4,15,-8,19,-10,20,-2,-7,-10,-7,-18,1,-14,16,1,25,20,21,29,0,10,-38,1,-29,-20,-20,-26,1,-16,18,1,23,14,12,15,-3,5,-12,-7,-7,-8,5,2,13,18,7,21,-11,12,-24,-15,-25,-29,-6,-25,14,-8,26,10,22,20,7,0,0,6,-9,0,-5,2,-1,7,-4,5,-13,-6,-20,-21,-7,-29,5,-20,25,2,32,22,22,28,2,19,-14,4,-19,-5,-12,-6,-5,-4,-3,-4,-5,-9,-6,-19,1,-23,2,-5,31,19,32,40,14,41,-13,23,-38,-5,-40,-25,-25]"
CSI_DATA,57310,d8:b1:90:d9:de:f0,-54,11,-99,-39,55,116,843370144,100,0,228,0,"[-23,-1,-25,0,-26,2,-25,5,-23,7,-20,9,-18,11,97,-7,-12,15,-10,16,-7,17,-4,18,-1,19,1,19,2,18,3,17,3,16,3,14,3,10,2,5,0,0,58,6,-3,-12,-4,-17,-5,-22,-5,-25,-6,-27,-5,-29,0,0,-3,-30,-3,-29,-1,-26,-1,-23,1,-18,2,-12,17,0,3,3,3,9,4,16,4,21,3,25,3,28,2,29,2,29,1,29,1,27,1,25,0,23,1,20,12,0,1,10,2,4,3,-3,6,-8,8,-13,10,-16,12,-16,-7,2,-7,10,3,17,18,13,25,-3,16,-22,-4,-28,-39,-4,-27,6,-14,23,7,25,21,11,20,-8,6,-18,-9,-14,-14,0,-4,10,9,6,11,-8,-2,-18,-18,-12,-26,1,-12,25,9,27,26,12,25,-9,11,-21,-5,-19,0,0,-10,2,-4,4,-2,-1,-8,-2,-13,6,-7,18,11,18,25,13,29,-8,16,-26,-6,-29,-22,-15,-23,3,-12,13,0,13,4,7,3,4,1,6,7,9,17,5,23,6,14,-27,-9,-35,-34,-22,-42,6,-28,31,-1,40,21,27]"
CSI_DATA,57311,d8:b1:90:d9:de:f0,-53,11,-99,-39,55,116,843388627,100,0,228,0,"[11,20,12,21,13,21,15,20,15,18,16,16,16,13,97,-7,17,7,18,5,18,3,18,1,18,-1,19,-2,19,-2,18,-3,17,-3,14,-2,10,-2,6,-1,0,-1,58,6,-12,-1,-17,-2,-22,-3,-25,-5,-27,-7,-29,-9,0,0,-27,-12,-25,-14,-22,-14,-18,-14,-13,-12,-7,-9,-104,15,4,0,9,6,13,11,15,16,16,20,16,23,16,25,14,26,13,26,11,25,9,24,7,22,6,19,94,0,3,9,2,3,3,-3,5,-8,7,-13,10,-16,13,-17,5,6,12,2,15,-10,5,-22,-12,-22,-26,-8,-25,13,7,37,11,25,25,9,23,-11,9,-22,-10,-19,-18,-5,-13,9,0,13,9,4,7,-8,-6,-12,-18,-2,-16,16,-5,25,20,19,29,-1,20,-19,2,-26,-15,-18,-19,-3,0,0,-3,10,1,5,-1,1,-6,5,-4,13,8,18,21,7,27,-7,17,-25,-3,-30,-21,-20,-26,0,-18,14,-4,17,5,12,6,4,3,2,3,5,9,7,17,1,24,1,8,-29,-14,-33,-36,-19,-42,8,-28,32,-1,39,19,27]"
CSI_DATA,57312,d8:b1:90:d9:de:f0,-53,11,-99,-37,54,116,843399021,100,0,228,0,"[-23,3,-24,4,-25,6,-23,9,-21,10,-20,12,-15,14,102,-7,-9,18,-6,19,-4,19,-1,19,1,20,3,21,4,19,5,19,5,16,5,13,4,10,3,5,1,0,61,6,-2,-12,-3,-18,-4,-23,-5,-26,-4,-29,-4,-31,0,0,-3,-31,-1,-30,0,-28,1,-23,2,-19,3,-11,28,0,2,3,2,10,1,18,0,23,-1,27,-2,29,-3,31,-3,30,-4,30,-4,28,-4,27,-4,24,-3,20,-40,15,-1,9,1,4,4,-2,7,-8,10,-12,14,-14,16,-14,-7,2,-6,11,5,18,20,11,25,-6,14,-24,-6,-28,-39,1,-27,8,-11,25,9,24,22,9,20,-9,5,-18,-9,-12,-12,1,-2,10,9,5,11,-9,-3,-19,-21,-11,-26,3,-12,27,11,29,26,12,26,-9,11,-22,-6,-21,0,0,-10,2,-3,4,-2,-1,-7,-2,-13,5,-9,18,9,21,25,15,31,-5,20,-25,-3,-30,-20,-19,-23,0,-13,13,-2,12,3,7,2,3,0,6,4,10,15,9,21,11,21,-24,0,-37,-28,-31,-44,-5,-37,24,-11,38,13,32]"
CSI_DATA,57313,d8:b1:90:d9:de:f0,-53,11,-99,-39,55,116,843418621,100,0,228,0,"[12,-19,12,-20,11,-22,8,-23,6,-23,3,-21,0,-21,97,-7,-5,-18,-7,-17,-10,-16,-11,-15,-13,-14,-15,-13,-15,-12,-15,-11,-14,-10,-11,-8,-9,-5,-5,-3,0,1,58,6,10,9,13,12,16,16,18,19,19,22,19,23,0,0,17,25,15,24,13,23,10,20,6,16,3,11,21,0,-4,-2,-7,-9,-8,-16,-9,-21,-9,-25,-8,-27,-7,-29,-7,-29,-6,-29,-4,-27,-4,-25,-3,-23,-2,-19,-2,15,-2,-9,-3,-4,-3,2,-5,8,-7,13,-11,16,-14,16,3,-8,-5,-12,-16,-7,-20,7,-12,23,8,26,25,14,25,-28,13,-24,-8,-26,-22,-11,-22,8,-7,20,9,17,15,3,8,-9,-5,-10,-11,2,-3,14,13,14,23,-3,20,-17,-5,-28,-24,-16,-29,4,-16,21,3,24,15,14,0,0,8,-6,1,-4,2,1,8,-1,10,-10,0,-20,-16,-14,-28,-4,-25,16,-8,30,13,26,24,10,21,-8,8,-16,-2,-12,-4,-5,-1,-3,-1,-6,-6,-9,-17,-5,-24,-6,-14,27,9,35,33,23,42,-3,29,-29,4,-39,-18,-28]"
CSI_DATA,57314,d8:b1:90:d9:de:f0,-53,11,-99,-39,55,116,843429670,100,0,228,0,"[9,22,9,23,9,23,11,22,12,21,13,18,14,17,97,-7,16,12,16,10,17,8,17,7,19,5,19,5,19,4,18,4,16,4,13,4,10,2,6,1,-1,-1,58,6,-11,-6,-15,-10,-18,-14,-19,-17,-20,-20,-20,-23,0,0,-16,-25,-14,-25,-10,-23,-7,-21,-4,-16,-1,-11,-9,15,4,4,3,11,3,18,2,22,-1,27,-3,28,-5,29,-7,29,-8,28,-10,26,-11,24,-10,21,-10,17,-114,15,-5,9,-1,5,5,1,10,-2,14,-2,19,-2,20,1,5,6,13,3,16,-9,9,-20,-8,-25,-24,-13,-28,6,-1,39,5,28,21,16,25,-3,14,-19,-4,-21,-16,-10,-15,5,-3,12,9,7,10,-6,-1,-14,-16,-9,-22,8,-16,20,10,26,26,12,28,-8,14,-23,-4,-23,-15,-13,0,0,-7,6,-1,5,-2,0,-8,0,-11,9,-5,20,12,18,26,11,28,-9,16,-26,-4,-28,-19,-17,-21,-1,-13,10,-3,12,1,7,0,3,-3,6,0,12,11,14,16,19,28,-12,17,-32,-8,-40,-33,-27,-42,-2,-33,23,-10,32]"
CSI_DATA,57315,d8:b1:90:d9:de:f0,-53,11,-99,-37,54,116,843448804,100,0,228,0,"[-22,-7,-23,-6,-24,-3,-24,-1,-24,2,-22,5,-20,7,102,-7,-15,12,-12,15,-10,16,-8,18,-7,19,-5,21,-4,20,-2,19,-1,18,-1,15,0,11,0,6,1,0,61,6,2,-12,3,-19,4,-23,6,-27,6,-29,7,-31,0,0,9,-30,9,-28,10,-26,9,-22,8,-15,7,-9,92,0,1,5,-2,11,-6,18,-9,22,-10,25,-12,27,-13,27,-14,27,-14,27,-13,24,-12,23,-11,21,-10,18,128,15,-3,9,0,4,4,-1,10,-5,13,-7,18,-9,20,-8,-7,-1,-10,7,-2,18,13,18,26,5,23,-15,5,-29,-36,-13,-28,-3,-21,18,-2,25,16,16,21,-1,11,-14,-4,-15,-11,-3,-6,9,8,8,14,-5,4,-20,-14,-19,-26,-8,-21,21,0,31,22,22,28,1,19,-16,1,-21,0,0,-10,-2,-4,2,-1,-2,-6,-5,-14,-1,-16,13,0,24,16,24,31,6,27,-16,8,-29,-11,-24,-21,-7,-16,7,-5,11,0,7,0,2,-3,5,-1,11,10,14,18,19,27,-15,12,-36,-15,-39,-39,-20,-42,10,-24,32,2,34]"
CSI_DATA,57316,d8:b1:90:d9:de:f0,-53,11,-99,-37,54,116,843468759,100,0,228,0,"[1,-23,0,-24,-1,-25,-3,-24,-5,-23,-8,-20,-9,-18,102,-7,-14,-13,-15,-11,-16,-9,-18,-8,-20,-6,-20,-4,-21,-4,-19,-3,-18,-3,-15,-2,-11,-1,-6,0,0,1,61,6,11,4,16,7,22,9,24,11,26,14,28,16,0,0,26,19,23,20,20,19,16,16,11,14,6,10,80,0,-5,-2,-9,-7,-12,-13,-15,-18,-15,-23,-15,-25,-14,-27,-14,-28,-12,-27,-11,-26,-10,-25,-8,-22,-7,-19,-90,15,-4,-9,-3,-3,-3,3,-3,10,-4,14,-7,19,-9,20,-1,-7,-9,-8,-19,1,-15,15,0,26,20,20,29,2,9,-37,1,-28,-19,-20,-25,0,-16,18,1,21,15,11,14,-4,3,-11,-8,-6,-8,6,4,13,19,6,21,-13,11,-25,-16,-25,-31,-6,-26,16,-7,28,12,23,21,7,0,0,5,-9,-2,-5,1,0,7,-4,6,-12,-6,-20,-22,-10,-30,4,-21,24,1,32,21,22,28,1,19,-13,4,-18,-5,-11,-5,-4,-2,-2,-2,-5,-9,-7,-18,-1,-26,0,-6,30,16,33,39,15,42,-13,24,-36,-4,-40,-24,-24]"
CSI_DATA,57317,d8:b1:90:d9:de:f0,-53,11,-99,-40,55,116,843478807,100,0,228,0,"[-22,-4,-24,-4,-24,-2,-23,-1,-23,1,-21,3,-20,5,99,-7,-16,10,-15,12,-13,12,-12,14,-11,16,-10,17,-9,16,-9,16,-8,15,-7,12,-5,9,-2,5,1,0,59,6,9,-9,13,-12,16,-15,20,-16,22,-17,25,-17,0,0,27,-13,26,-11,24,-9,21,-6,17,-3,10,0,-122,0,-4,3,-10,3,-18,3,-22,3,-26,1,-28,-1,-29,-3,-29,-4,-28,-5,-26,-6,-25,-6,-22,-7,-19,-6,23,15,-10,-4,-5,0,0,4,4,9,6,13,6,16,5,18,-7,1,-8,9,0,17,14,17,25,4,22,-15,6,-27,-33,-16,-27,-6,-22,14,-6,24,12,19,20,4,14,-11,0,-16,-10,-7,-9,6,3,10,14,2,12,-14,-4,-22,-18,-18,-28,6,-17,24,4,29,21,18,25,-1,14,-14,0,0,-6,-9,-5,-1,0,-2,0,-8,-7,-12,-19,-5,-18,12,-11,25,8,29,25,15,28,-5,16,-20,0,-21,-12,-13,-11,-2,-7,2,-3,1,-6,-2,-11,2,-11,13,-15,19,18,24,34,9,37,-18,17,-39,-9,-41,-31,-24,-33,0]"
CSI_DATA,57318,d8:b1:90:d9:de:f0,-53,11,-99,-37,54,116,843498771,100,0,228,0,"[-10,22,-9,23,-8,24,-5,24,-2,24,0,23,3,22,102,-7,9,16,11,14,14,13,16,10,18,9,19,7,20,7,20,5,19,4,15,4,12,2,6,1,1,-1,61,6,-11,-5,-18,-7,-21,-9,-25,-10,-28,-12,-28,-13,0,0,-28,-15,-27,-15,-23,-15,-20,-14,-13,-11,-8,-9,-84,15,4,0,11,5,15,9,20,14,22,16,24,20,24,21,24,22,23,22,21,21,19,19,16,16,14,15,-104,0,9,7,5,2,2,-3,-1,-9,-2,-15,-3,-19,-2,-21,-2,7,6,10,18,4,20,-10,8,-24,-12,-25,-28,-8,-20,32,-8,27,14,25,26,6,20,-13,2,-22,-12,-14,-15,2,-6,11,6,7,8,-6,-3,-14,-19,-6,-21,12,-11,26,18,26,31,6,27,-18,5,-29,-14,-23,-22,-5,0,0,-4,11,2,6,-1,1,-6,5,-4,13,8,19,23,5,28,-10,14,-29,-8,-31,-27,-15,-27,5,-13,19,2,19,10,9,7,1,3,1,4,4,11,3,16,-6,23,-11,-7,-30,-31,-22,-42,6,-29,33,-1,44,26,32,36,7]"
CSI_DATA,57319,d8:b1:90:d9:de:f0,-53,11,-99,-38,54,116,843508901,100,0,228,0,"[22,4,23,4,25,1,23,0,23,-2,21,-5,20,-6,105,-7,15,-11,13,-14,10,-15,8,-17,7,-19,6,-20,5,-20,4,-20,3,-18,2,-17,2,-13,1,-7,-1,-2,63,6,-5,10,-7,16,-10,20,-13,25,-15,26,-17,27,0,0,-20,26,-20,23,-19,20,-17,17,-15,11,-10,6,-136,16,1,-4,7,-9,14,-13,19,-15,23,-16,26,-17,27,-17,28,-16,27,-14,27,-13,25,-11,22,-9,20,-7,-31,0,10,-5,4,-3,-2,-3,-8,-3,-14,-4,-18,-6,-19,-8,7,0,8,-8,1,-17,-14,-17,-25,-3,-22,17,-4,28,35,14,29,4,21,-18,3,-26,-16,-19,-22,-1,-14,14,2,16,10,5,7,-6,-5,-8,-13,3,-6,18,13,21,25,11,27,-17,7,-32,-17,-28,-30,-8,-23,13,-7,21,0,0,10,6,6,-1,1,0,3,6,13,7,20,-5,10,-20,-4,-30,-23,-21,-32,0,-22,21,-2,28,14,18,18,3,11,-5,4,-6,2,-3,5,-3,6,-9,-1,-18,-1,-26,-31,-5,-32,19,-11,41,17,41,39,20,41,-7,22,-27]"
CSI_DATA,57320,d8:b1:90:d9:de:f0,-53,11,-99,-38,54,116,843519838,100,0,228,0,"[7,-21,7,-23,7,-25,6,-25,4,-23,2,-22,0,-21,105,-7,-4,-18,-6,-17,-8,-17,-11,-15,-13,-15,-15,-15,-15,-15,-15,-15,-14,-14,-11,-11,-8,-9,-5,-5,-2,-1,63,6,4,11,6,17,5,22,5,27,4,30,2,32,0,0,-3,33,-5,30,-7,28,-8,22,-8,17,-7,9,-95,16,0,-4,4,-11,8,-16,14,-19,18,-21,21,-22,25,-21,26,-18,27,-18,25,-15,25,-13,22,-9,20,-8,-27,0,10,-4,4,-3,-2,-2,-7,-5,-14,-7,-16,-9,-16,-13,2,-6,-5,-10,-16,-4,-19,9,-9,23,9,26,26,11,26,-28,14,-26,-6,-27,-22,-14,-23,4,-11,19,4,19,15,7,11,-6,-1,-9,-9,0,-5,13,9,16,23,5,26,-10,7,-31,-16,-29,-30,-9,-28,11,-13,25,5,22,0,0,11,-1,4,-3,1,0,6,4,15,0,17,-11,1,-23,-14,-27,-30,-11,-31,9,-16,27,4,28,17,16,19,1,11,-8,4,-7,2,-3,4,-3,6,-9,0,-17,0,-25,-31,-7,-33,16,-17,38,10,43,35,28,41,1,29,-20]"
CSI_DATA,57321,d8:b1:90:d9:de:f0,-53,11,-99,-38,54,116,843538731,100,0,228,0,"[18,-14,19,-16,18,-17,15,-19,14,-20,10,-20,6,-20,105,-7,-2,-19,-5,-17,-8,-16,-10,-16,-14,-15,-16,-14,-17,-14,-18,-11,-17,-10,-15,-9,-11,-6,-8,-4,-2,-1,63,6,7,6,13,10,18,14,20,17,22,20,25,21,0,0,23,22,21,23,19,21,15,19,10,15,5,10,59,0,-5,0,-9,-6,-14,-13,-17,-17,-19,-21,-20,-23,-20,-25,-20,-25,-20,-25,-18,-23,-18,-21,-16,-19,-14,-16,127,16,-7,-8,-5,-3,-2,3,0,9,1,14,2,19,0,21,4,-4,0,-11,-11,-11,-20,0,-17,18,1,27,20,19,31,-21,18,-21,-3,-28,-21,-15,-25,4,-11,19,5,19,14,6,9,-7,-3,-8,-8,2,-1,13,16,11,25,-5,16,-22,-9,-30,-30,-14,-32,9,-14,28,7,27,20,11,0,0,8,-10,-1,-7,1,-1,6,-3,7,-13,-4,-20,-21,-9,-30,5,-19,26,2,33,23,20,29,0,17,-16,1,-19,-7,-10,-8,-3,-4,0,-5,-4,-10,-3,-17,6,-23,7,6,30,30,22,42,-3,31,-31,3,-43,-25,-33,-34,-7]"
CSI_DATA,57322,d8:b1:90:d9:de:f0,-53,11,-99,-38,54,116,843548931,100,0,228,0,"[-8,-20,-10,-21,-11,-21,-14,-20,-15,-18,-16,-15,-17,-10,105,-7,-18,-4,-18,-1,-19,1,-18,4,-18,7,-20,9,-19,10,-19,10,-18,11,-15,9,-13,8,-8,4,-2,2,63,6,9,-3,16,-5,20,-7,25,-7,29,-8,31,-7,0,0,33,-5,31,-3,29,-1,25,0,19,2,13,2,-119,0,-3,3,-11,3,-18,1,-23,0,-29,-1,-30,-3,-32,-4,-31,-5,-31,-6,-29,-5,-27,-6,-25,-6,-21,-5,16,16,-11,-2,-5,0,1,3,5,8,9,11,10,15,10,17,-2,-5,-9,-3,-14,7,-6,19,10,21,25,8,25,-13,-9,-35,-14,-23,-26,-7,-22,14,-5,23,13,18,19,2,13,-10,-2,-11,-8,-1,-2,9,11,6,18,-8,6,-23,-11,-26,-31,-7,-29,18,-8,32,15,28,27,9,22,-9,0,0,-3,-13,-5,-4,-1,-2,1,-7,-5,-14,-18,-9,-21,9,-17,26,5,33,25,21,31,-2,20,-20,2,-25,-11,-16,-14,-3,-8,3,-4,2,-5,0,-9,4,-9,14,-14,20,22,21,37,2,32,-26,9,-43,-20,-39,-38,-15,-33,10]"
CSI_DATA,57323,d8:b1:90:d9:de:f0,-53,11,-99,-38,54,116,843559287,100,0,228,0,"[-14,18,-14,20,-14,21,-11,21,-9,22,-6,20,-5,21,105,-7,2,18,5,18,7,17,10,18,11,17,15,17,15,16,15,16,14,15,13,14,9,10,6,7,3,2,63,6,-5,-8,-7,-14,-9,-19,-9,-25,-8,-28,-7,-30,0,0,-6,-32,-3,-32,0,-28,1,-25,3,-18,4,-13,37,0,3,4,2,10,-1,19,-4,23,-6,27,-8,29,-10,29,-13,31,-13,28,-14,27,-13,23,-11,21,-11,19,-131,16,-5,10,-1,5,3,1,8,-2,14,-3,19,-3,20,-2,-3,4,2,9,13,8,19,-3,15,-19,-4,-26,-22,-17,-28,22,-17,21,3,28,21,17,25,-3,13,-18,-3,-19,-14,-7,-10,5,1,9,9,0,4,-13,-11,-16,-25,-2,-23,16,-3,32,20,27,34,5,27,-17,8,-28,-10,-21,0,0,-13,4,-4,5,-2,1,-7,-1,-13,5,-10,18,8,20,22,19,32,0,25,-22,3,-31,-16,-23,-25,-5,-17,8,-7,13,1,8,1,4,-1,5,1,10,10,14,14,20,28,-14,15,-34,-11,-40,-35,-25,-42,3,-31,29,-5,34]"
CSI_DATA,57324,d8:b1:90:d9:de:f0,-53,11,-99,-37,54,116,843578628,100,0,228,0,"[-22,3,-24,4,-24,5,-23,6,-23,8,-20,9,-18,11,102,-7,-12,14,-10,15,-8,18,-6,20,-5,21,-4,22,-4,23,-3,22,-3,21,-3,20,-3,15,-2,10,-1,4,61,6,3,-9,6,-14,10,-19,13,-22,16,-24,21,-24,0,0,24,-23,25,-20,24,-15,22,-11,18,-7,13,-2,-112,0,-2,5,-8,7,-16,8,-23,8,-27,7,-30,6,-31,4,-32,3,-31,2,-30,0,-28,-1,-25,-2,-22,-2,-3,14,-11,-2,-6,0,-1,3,4,7,8,11,10,15,10,19,-5,1,-5,8,2,14,15,11,23,-3,16,-20,-2,-27,-37,-6,-28,2,-19,21,1,26,19,16,23,-1,12,-14,-2,-15,-10,-5,-6,6,5,7,13,-4,6,-19,-12,-22,-27,-10,-28,16,-9,32,14,31,29,12,27,-9,12,-21,0,0,-10,-9,-7,-1,-2,-1,-2,-6,-11,-8,-21,1,-13,19,-5,29,16,27,31,10,29,-12,12,-26,-6,-23,-15,-11,-14,0,-7,4,-4,4,-5,2,-9,6,-7,16,-11,21,25,19,38,-1,32,-27,8,-43,-20,-39,-38,-18,-34,8]"
CSI_DATA,57325,d8:b1:90:d9:de:f0,-53,11,-99,-40,55,116,843589403,100,0,228,0,"[21,2,23,2,24,0,24,-2,23,-3,20,-5,18,-8,99,-7,14,-12,12,-14,9,-16,7,-17,5,-19,4,-20,3,-21,3,-22,3,-20,2,-17,2,-14,1,-10,1,-3,59,6,-1,9,-3,15,-4,20,-7,24,-8,26,-10,28,0,0,-14,27,-14,26,-15,23,-14,19,-12,13,-10,8,-118,15,-1,-5,4,-11,8,-15,12,-18,17,-21,20,-22,21,-23,21,-22,21,-21,21,-19,20,-18,18,-16,16,-13,-69,0,9,-7,4,-5,-1,-3,-8,-2,-13,-1,-17,-1,-19,-3,5,0,7,-7,0,-14,-12,-13,-22,-1,-18,16,-1,26,36,10,26,1,19,-17,0,-24,-16,-16,-21,1,-12,14,2,15,10,4,6,-7,-6,-7,-12,5,-3,18,15,18,28,4,23,-19,2,-31,-19,-25,-29,-4,-22,15,-5,22,0,0,12,5,7,-2,3,0,5,4,13,2,17,-9,2,-21,-10,-26,-26,-13,-30,8,-16,25,3,26,17,14,18,0,11,-9,3,-8,1,-5,3,-5,2,-10,-6,-16,-7,-22,-29,6,-22,28,2,41,28,31,42,6,33,-21,11,-32]"
CSI_DATA,57326,d8:b1:90:d9:de:f0,-53,11,-99,-39,55,116,843599906,100,0,228,0,"[-14,16,-14,18,-14,20,-12,20,-11,20,-7,20,-5,20,97,-7,1,19,3,18,6,17,8,18,10,18,12,18,12,18,12,18,11,17,10,16,7,13,5,9,2,3,58,6,-4,-8,-5,-14,-6,-19,-5,-23,-4,-28,-2,-30,0,0,1,-30,4,-30,5,-27,7,-23,7,-17,7,-11,80,0,3,5,0,11,-4,17,-8,21,-12,24,-15,25,-17,25,-19,25,-19,23,-19,22,-19,19,-18,17,-16,14,70,15,-9,7,-5,5,3,3,8,1,13,2,18,3,19,5,-3,3,1,9,11,9,18,-1,14,-17,-1,-23,-18,-18,-29,19,-19,19,0,26,17,17,23,0,15,-15,-1,-18,-12,-9,-10,4,0,9,9,1,7,-11,-8,-17,-23,-6,-26,12,-9,29,14,29,30,12,29,-10,12,-24,-5,-23,0,0,-13,0,-6,5,-2,1,-6,-1,-12,2,-13,15,4,21,17,22,30,7,27,-15,11,-28,-9,-25,-20,-12,-19,3,-10,10,-3,9,0,5,-3,6,-2,11,8,16,7,21,29,-5,23,-28,0,-40,-26,-33,-40,-10,-37,16,-15,31]"
CSI_DATA,57327,d8:b1:90:d9:de:f0,-53,11,-99,-37,54,116,843618834,100,0,228,0,"[-7,20,-7,22,-7,23,-4,23,-2,23,0,21,2,21,102,-7,8,18,10,16,12,15,14,14,16,14,19,13,19,14,19,13,18,13,15,12,12,10,8,7,3,3,61,6,-6,-5,-10,-10,-13,-15,-14,-21,-14,-24,-14,-26,0,0,-10,-30,-8,-29,-5,-27,-3,-24,1,-19,2,-12,33,0,6,2,5,10,4,18,2,24,-1,28,-3,30,-5,31,-6,31,-7,30,-9,29,-9,26,-9,23,-9,20,-116,15,-5,11,-1,5,2,0,8,-3,13,-5,18,-5,21,-4,-2,4,3,8,13,4,16,-7,9,-21,-8,-22,-24,-10,-20,28,-10,24,8,24,22,10,22,-8,8,-19,-7,-16,-14,-4,-8,7,3,8,9,-2,2,-13,-14,-13,-24,2,-20,22,3,31,25,22,33,-1,23,-21,3,-28,-13,-20,0,0,-11,6,-4,7,-2,2,-7,1,-10,7,-6,19,13,18,26,13,31,-6,20,-26,-2,-31,-20,-21,-24,-3,-16,10,-5,13,2,9,2,6,1,7,4,10,13,10,16,15,25,-19,9,-37,-18,-39,-40,-21,-43,8,-27,32,-2,36]"
CSI_DATA,57328,d8:b1:90:d9:de:f0,-53,11,-99,-39,55,116,843639063,100,0,228,0,"[-17,-11,-19,-10,-20,-8,-21,-6,-22,-4,-21,0,-20,2,97,-7,-18,8,-17,10,-15,12,-14,15,-13,17,-12,18,-11,18,-10,19,-10,18,-9,16,-7,13,-5,8,-3,3,58,6,3,-8,6,-13,8,-17,12,-20,14,-22,17,-23,0,0,19,-22,20,-20,19,-18,18,-14,15,-10,11,-5,-107,0,1,6,-4,10,-10,15,-14,17,-18,19,-21,19,-23,19,-24,18,-25,18,-23,16,-23,15,-20,13,-18,11,35,15,-11,6,-4,5,2,2,8,2,13,2,17,3,19,5,-3,-2,-8,2,-6,11,5,16,18,9,21,-7,11,-22,-29,-19,-23,-10,-22,10,-8,22,9,19,19,6,14,-9,1,-15,-9,-7,-8,5,4,9,13,-1,9,-16,-8,-21,-26,-12,-26,12,-11,28,12,28,26,12,25,-8,12,-20,0,0,-10,-8,-8,0,-3,-1,-4,-5,-11,-5,-17,6,-6,21,5,27,24,19,30,-3,21,-21,1,-27,-14,-19,-19,-4,-12,6,-6,8,-2,6,-4,6,-3,11,6,16,6,22,31,-3,25,-26,4,-41,-24,-36,-42,-11,-37,17,-16,31]"
CSI_DATA,57329,d8:b1:90:d9:de:f0,-53,11,-99,-37,54,116,843649117,100,0,228,0,"[-11,-18,-13,-18,-14,-16,-16,-15,-18,-13,-19,-10,-20,-8,102,-7,-20,-2,-21,0,-20,3,-21,5,-21,6,-21,9,-21,9,-20,9,-19,9,-16,8,-13,6,-9,3,-4,1,61,6,7,-5,13,-6,18,-7,23,-7,26,-6,29,-5,0,0,31,-3,30,0,28,2,24,3,19,4,12,6,-118,0,-4,5,-11,4,-19,2,-23,0,-27,-2,-30,-5,-30,-7,-31,-8,-29,-9,-28,-10,-26,-10,-24,-10,-21,-9,9,15,-11,-5,-6,-2,-1,2,3,7,5,12,6,18,5,21,-1,-3,-8,-1,-10,7,-3,16,12,18,23,4,21,-14,-14,-31,-14,-21,-25,-4,-19,14,-3,23,13,15,18,0,9,-11,-3,-11,-9,-1,-2,9,10,7,18,-7,7,-22,-11,-26,-29,-8,-28,14,-10,30,11,27,25,10,22,-7,0,0,-1,-13,-5,-5,-1,-2,1,-6,-5,-11,-16,-9,-19,10,-18,23,1,30,22,23,30,3,23,-16,6,-23,-8,-18,-12,-7,-9,0,-6,1,-7,1,-11,4,-11,14,-16,18,20,25,38,9,39,-19,19,-41,-11,-44,-33,-26,-37,1]"
CSI_DATA,57330,d8:b1:90:d9:de:f0,-53,11,-99,-38,55,116,843659217,100,0,228,0,"[0,-18,-1,-20,-4,-20,-7,-19,-10,-18,-12,-16,-14,-13,94,-6,-17,-7,-18,-4,-19,-1,-19,0,-20,2,-20,5,-20,6,-19,7,-18,8,-15,7,-12,6,-9,3,-3,0,56,5,5,-5,9,-9,14,-11,18,-13,20,-15,23,-16,0,0,24,-15,24,-13,22,-12,20,-9,16,-6,12,-2,-100,0,0,5,-4,10,-10,13,-15,16,-18,18,-21,19,-22,20,-22,20,-22,19,-21,18,-20,17,-18,16,-15,14,64,14,-8,8,-3,4,1,1,7,0,12,-2,17,-3,19,-2,0,-2,-5,-4,-11,1,-9,12,3,19,18,11,23,-4,-4,-33,-7,-23,-21,-9,-20,8,-5,20,10,16,16,1,9,-10,-2,-10,-8,0,-1,8,10,6,15,-7,3,-22,-15,-23,-28,-1,-22,20,0,29,19,21,25,0,16,-14,0,0,-6,-10,-6,-2,-2,0,-2,-4,-10,-5,-18,2,-7,20,0,27,21,19,30,0,21,-20,1,-26,-13,-17,-17,-3,-12,5,-4,7,-1,5,-3,6,0,11,9,15,9,20,28,-9,18,-31,-8,-39,-34,-25,-42,2,-29,28,-2,34]"
CSI_DATA,57331,d8:b1:90:d9:de:f0,-53,11,-99,-39,55,116,843669475,100,0,228,0,"[1,-20,-1,-21,-3,-22,-5,-22,-7,-20,-10,-20,-13,-16,97,-7,-16,-13,-17,-10,-18,-8,-19,-5,-20,-2,-21,-1,-22,0,-21,2,-20,2,-17,2,-15,1,-9,0,-4,-1,58,6,8,-3,14,-4,18,-4,23,-4,26,-4,28,-3,0,0,29,-1,28,1,26,2,22,3,18,4,11,5,-112,0,-3,6,-11,5,-17,4,-22,3,-27,2,-30,1,-31,0,-31,-2,-31,-2,-29,-2,-27,-2,-25,-2,-22,-2,-7,14,-13,-2,-7,1,-1,3,4,6,10,10,11,12,13,14,0,-3,-6,-5,-12,1,-11,13,0,20,16,15,24,-2,2,-33,-4,-24,-20,-14,-22,5,-11,18,6,19,16,7,13,-7,1,-11,-8,-3,-6,9,8,11,17,-2,13,-18,-5,-28,-25,-14,-29,9,-14,25,7,28,22,14,21,-5,0,0,-1,-13,-4,-6,-2,-3,1,-6,-5,-11,-16,-9,-19,11,-16,22,4,29,22,19,29,-1,19,-18,2,-23,-10,-15,-13,-4,-9,2,-7,3,-7,2,-10,8,-6,18,-9,21,28,16,36,-6,27,-33,0,-44,-29,-34,-40,-6,-31,18]"
CSI_DATA,57332,d8:b1:90:d9:de:f0,-53,11,-99,-36,54,116,843688554,100,0,228,0,"[-15,11,-16,13,-15,15,-13,17,-11,18,-8,19,-5,20,99,-7,2,20,5,19,7,19,10,18,11,18,14,17,15,16,15,15,15,14,13,13,11,10,7,7,2,4,59,6,-7,-4,-11,-8,-14,-12,-17,-16,-18,-18,-19,-21,0,0,-19,-23,-17,-23,-14,-22,-11,-20,-7,-17,-2,-12,-28,15,6,-1,11,6,14,12,16,17,18,21,18,24,18,25,17,26,16,26,15,25,14,24,12,22,10,19,117,0,6,10,4,5,2,-2,1,-8,1,-13,2,-18,4,-20,-3,1,-1,8,8,10,17,2,16,-12,2,-22,-15,-18,-25,19,-17,16,1,23,17,14,21,-3,10,-16,-4,-16,-12,-5,-9,7,3,8,10,-2,3,-14,-14,-13,-23,3,-18,21,5,29,25,17,30,-5,17,-23,-3,-26,-17,-14,0,0,-10,9,-2,7,-1,2,-5,4,-6,11,4,18,20,8,27,-2,21,-21,2,-31,-19,-23,-26,-4,-20,13,-6,18,4,13,7,6,5,4,6,4,11,3,18,-5,23,-4,-2,-32,-26,-27,-43,-4,-37,25,-12,44,17,38,32,15]"
CSI_DATA,57333,d8:b1:90:d9:de:f0,-53,11,-99,-39,55,116,843698948,100,0,228,0,"[-18,7,-18,9,-19,11,-17,14,-16,16,-14,17,-12,18,97,-7,-7,19,-5,19,-2,20,0,21,2,21,3,21,5,22,6,21,5,20,5,18,4,14,2,10,1,5,58,6,-1,-8,-3,-14,-2,-19,-2,-22,-1,-26,0,-28,0,0,3,-29,5,-28,6,-25,7,-22,7,-16,7,-10,87,0,3,5,1,12,-2,17,-6,23,-9,26,-11,29,-13,28,-14,28,-15,28,-16,26,-15,24,-15,21,-13,17,87,15,-7,11,-3,6,3,3,9,0,14,-2,18,-2,20,-1,-4,0,-4,7,5,12,15,7,19,-7,10,-21,-8,-22,-32,9,-23,9,-9,22,9,20,20,7,16,-10,3,-16,-9,-10,-11,2,-2,9,9,4,11,-10,-3,-18,-20,-13,-27,5,-14,26,8,30,27,15,28,-7,15,-21,-3,-22,0,0,-12,1,-6,4,-1,2,-5,-2,-12,2,-12,13,5,20,17,22,29,5,26,-16,8,-28,-11,-24,-20,-9,-17,4,-8,11,-1,8,-1,5,-2,7,0,12,11,15,15,21,29,-13,17,-34,-10,-42,-36,-26,-44,3,-31,28,-6,36]"
CSI_DATA,57334,d8:b1:90:d9:de:f0,-53,11,-99,-37,54,116,843718791,100,0,228,0,"[11,14,13,14,16,12,19,10,20,7,21,4,21,1,102,-7,19,-5,19,-8,18,-11,15,-13,14,-15,13,-18,13,-19,11,-19,10,-19,8,-16,7,-13,4,-8,3,-4,61,6,-2,8,-3,13,-6,16,-9,22,-9,24,-11,26,0,0,-13,26,-12,25,-13,23,-12,19,-11,13,-9,7,-113,15,-3,-5,0,-13,3,-19,7,-23,9,-27,10,-29,11,-30,12,-30,12,-29,11,-28,11,-26,10,-24,9,-21,100,0,5,-11,1,-6,-2,-1,-6,4,-11,9,-14,9,-18,11,2,3,8,1,9,-8,0,-16,-13,-14,-23,0,-15,18,23,22,19,13,23,-4,10,-19,-5,-20,-16,-6,-13,7,-1,13,8,5,6,-5,-6,-9,-15,2,-8,18,9,22,27,11,27,-15,7,-31,-15,-27,-29,-7,-24,13,-7,22,0,0,11,4,7,-1,4,-1,4,3,12,0,14,-11,-2,-22,-15,-23,-29,-7,-27,14,-9,28,11,25,21,9,16,-5,7,-11,0,-8,1,-6,1,-6,-4,-12,-14,-11,-19,-16,-24,22,-4,39,24,36,44,11,41,-21,15,-40,-10,-34]"
CSI_DATA,57335,d8:b1:90:d9:de:f0,-53,11,-99,-37,54,116,843729021,100,0,228,0,"[-16,-5,-19,-3,-20,-1,-20,2,-20,5,-20,8,-18,9,102,-7,-13,14,-11,16,-9,19,-8,20,-7,21,-5,22,-4,22,-3,22,-2,21,-2,18,-1,14,-2,10,-1,5,61,6,0,-8,0,-13,2,-19,3,-23,4,-26,5,-27,0,0,7,-28,8,-26,9,-24,9,-20,9,-14,7,-8,115,0,3,6,1,12,-3,19,-6,24,-8,27,-10,29,-12,30,-12,30,-13,29,-13,27,-12,25,-12,23,-10,20,99,15,-6,10,-2,6,2,1,7,-3,12,-6,16,-7,20,-7,-4,-1,-7,4,-3,12,9,13,20,4,19,-12,4,-23,-29,-6,-24,-3,-18,14,-1,21,14,14,18,-2,8,-12,-4,-11,-9,-1,-2,8,9,6,13,-7,2,-21,-16,-19,-30,-1,-22,24,0,32,23,22,30,0,20,-19,1,-23,0,0,-12,-3,-8,3,-3,2,-5,-2,-12,2,-12,13,5,23,18,21,29,5,26,-16,7,-28,-11,-24,-21,-8,-16,5,-8,11,-1,8,-1,5,-1,7,3,12,13,13,18,19,27,-19,10,-38,-19,-40,-41,-18,-43,12,-24,36,3,37]"
CSI_DATA,57336,d8:b1:90:d9:de:f0,-53,11,-99,-40,55,116,843739043,100,0,228,0,"[-3,-17,-5,-17,-7,-17,-11,-16,-12,-15,-14,-14,-16,-11,99,-7,-18,-7,-19,-5,-20,-4,-21,-1,-22,0,-22,2,-22,2,-21,3,-20,3,-18,2,-15,1,-10,0,-5,-1,59,6,8,-3,12,-4,18,-3,22,-2,25,-1,27,0,0,0,27,3,26,5,24,6,19,7,14,8,7,7,95,0,-7,4,-14,2,-20,-2,-25,-5,-28,-8,-29,-10,-30,-12,-29,-13,-29,-14,-26,-14,-24,-15,-22,-14,-18,-13,38,15,-10,-7,-6,-4,-1,1,3,7,4,12,5,17,4,19,-1,-2,-7,-3,-11,4,-7,14,5,18,18,11,22,-5,-6,-30,-6,-22,-19,-10,-19,6,-8,16,7,15,14,4,9,-7,-2,-9,-8,0,-3,11,11,11,20,-3,13,-21,-6,-30,-26,-16,-31,7,-18,26,4,29,21,17,23,-1,0,0,2,-14,-3,-7,-2,-4,0,-6,-4,-11,-14,-10,-22,7,-19,18,-3,28,17,24,27,7,22,-11,9,-20,-4,-17,-9,-8,-8,-2,-6,-1,-8,-2,-13,2,-15,14,-18,15,17,28,37,13,42,-15,23,-40,-7,-46,-31,-28,-37,-3]"
CSI_DATA,57337,d8:b1:90:d9:de:f0,-53,11,-99,-40,55,116,843749247,100,0,228,0,"[0,-16,-3,-17,-6,-17,-9,-16,-12,-15,-14,-12,-16,-9,99,-7,-19,-4,-20,-2,-20,1,-21,4,-21,6,-20,8,-20,9,-19,10,-18,11,-16,9,-13,8,-9,5,-5,1,59,6,4,-7,8,-11,12,-13,15,-15,18,-17,19,-18,0,0,20,-18,20,-16,20,-14,17,-11,14,-7,10,-2,127,0,0,8,-5,13,-10,17,-14,21,-17,24,-19,25,-20,25,-21,24,-21,24,-19,22,-18,22,-17,19,-14,17,81,15,-8,10,-4,5,1,1,6,-3,12,-7,15,-8,18,-8,-1,-3,-6,-4,-11,2,-8,13,4,18,18,12,21,-6,-8,-27,-8,-20,-19,-7,-17,9,-4,17,9,13,14,0,6,-9,-5,-7,-7,3,2,11,15,5,16,-12,1,-25,-21,-23,-31,1,-21,24,2,32,22,20,27,-1,16,-17,0,0,-8,-10,-8,-3,-4,-1,-4,-4,-11,-3,-16,7,-5,23,7,25,24,15,28,-5,16,-22,-3,-25,-16,-14,-16,-1,-10,7,-3,6,-3,5,-4,7,0,14,12,15,14,19,29,-16,13,-37,-16,-40,-41,-20,-44,12,-23,34,4,37]"
CSI_DATA,57338,d8:b1:90:d9:de:f0,-53,11,-99,-37,54,116,843759375,100,0,228,0,"[16,4,18,3,19,0,19,-4,19,-6,16,-9,15,-12,102,-7,12,-16,10,-19,8,-20,6,-22,4,-23,2,-23,1,-23,0,-22,-1,-22,0,-19,-1,-15,-1,-11,1,-5,61,6,3,7,3,12,4,18,3,22,3,25,3,27,0,0,1,27,0,27,-1,24,-2,21,-3,15,-4,9,-44,15,-5,-6,-5,-12,-4,-22,-4,-26,-3,-29,-2,-31,-1,-32,-1,-33,0,-32,0,-30,1,-29,0,-26,0,-23,-5,15,0,-12,-1,-6,-2,0,-4,7,-6,12,-9,15,-12,16,3,1,6,-4,2,-12,-8,-12,-20,-3,-16,12,-3,23,29,2,23,1,15,-15,-1,-20,-14,-10,-15,4,-5,12,6,9,9,-2,0,-9,-11,-3,-12,11,2,23,22,15,31,-5,16,-28,-8,-32,-28,-16,-29,7,-14,23,4,24,0,0,14,-1,7,-6,3,-2,6,-1,10,-6,6,-16,-12,-20,-24,-12,-28,6,-15,25,4,28,20,15,22,-1,12,-12,2,-11,-2,-6,-1,-4,-1,-7,-7,-11,-20,-6,-24,-8,-15,30,10,39,38,25,46,-5,30,-33,2,-43,-23,-28]"
CSI_DATA,57339,d8:b1:90:d9:de:f0,-53,11,-99,-37,54,116,843778559,100,0,228,0,"[15,4,16,3,18,-1,18,-3,18,-6,16,-9,16,-12,102,-7,12,-16,11,-19,8,-20,7,-22,5,-23,4,-23,3,-23,2,-23,1,-22,1,-20,1,-15,1,-11,1,-5,61,6,3,7,2,12,2,18,1,22,1,24,0,26,0,0,-2,27,-3,26,-4,23,-4,19,-5,13,-5,7,-45,15,-3,-7,-2,-13,-1,-22,1,-26,2,-30,4,-32,4,-32,5,-33,6,-32,6,-30,6,-28,5,-25,5,-22,28,0,3,-12,0,-6,-1,0,-5,6,-9,10,-12,12,-15,13,3,1,6,-4,2,-11,-8,-13,-19,-4,-16,11,-4,22,27,3,21,2,15,-13,0,-19,-13,-11,-15,3,-5,12,6,9,9,-2,0,-9,-12,-4,-13,10,0,23,21,18,32,-3,20,-26,-4,-33,-26,-21,-30,3,-18,21,1,24,0,0,14,2,8,-4,4,-2,6,0,10,-5,8,-15,-9,-21,-21,-15,-28,3,-20,22,1,27,16,18,21,2,12,-9,3,-10,-1,-6,1,-4,1,-8,-5,-13,-18,-10,-23,-13,-22,26,1,40,30,32,46,5,38,-26,11,-42,-15,-33]"
CSI_DATA,57340,d8:b1:90:d9:de:f0,-53,11,-99,-40,55,116,843788648,100,0,228,0,"[11,12,13,11,16,9,18,8,20,5,21,3,21,0,99,-7,21,-4,20,-7,20,-9,19,-10,19,-13,19,-14,18,-14,17,-15,16,-14,14,-12,12,-10,9,-7,5,-3,59,6,-4,5,-8,9,-12,11,-15,14,-17,15,-20,16,0,0,-21,14,-21,12,-20,10,-17,7,-13,4,-7,1,-93,15,5,-6,12,-8,18,-9,23,-11,27,-11,30,-11,31,-10,31,-9,31,-8,29,-7,28,-7,25,-5,22,-4,10,1,13,-3,6,-3,0,-3,-7,-4,-11,-6,-14,-8,-15,-10,2,2,6,0,7,-8,0,-15,-12,-13,-20,-1,-15,15,22,19,16,14,20,-2,11,-16,-4,-16,-13,-7,-12,6,-1,12,8,5,8,-7,-4,-13,-17,-3,-16,14,0,26,22,22,32,-1,22,-24,-1,-31,-21,-22,-27,-1,-18,15,0,0,7,12,8,4,4,1,4,4,9,6,17,-1,14,-17,3,-24,-16,-21,-26,-5,-22,13,-7,22,7,17,13,7,10,-2,5,-3,4,0,8,-1,11,-9,3,-19,4,-27,-32,-12,-37,14,-20,40,11,46,38,27,43,-2,27,-25]"
CSI_DATA,57341,d8:b1:90:d9:de:f0,-53,11,-99,-39,55,116,843798850,100,0,228,0,"[13,-8,14,-10,13,-13,11,-15,10,-16,8,-18,7,-20,97,-7,2,-21,0,-21,-2,-22,-4,-22,-5,-22,-6,-23,-7,-22,-7,-22,-6,-20,-5,-18,-4,-15,-2,-11,0,-5,58,6,4,6,4,12,4,16,4,20,3,23,2,25,0,0,-1,26,-3,25,-4,21,-4,18,-5,12,-5,7,-46,15,-1,-8,2,-15,5,-20,9,-24,11,-27,14,-29,16,-29,17,-28,17,-27,18,-25,16,-22,16,-20,15,-17,-96,0,8,-9,4,-6,-2,-2,-8,0,-13,2,-18,1,-20,0,2,-1,2,-6,-6,-10,-15,-4,-16,8,-6,19,9,19,24,-14,18,-10,5,-19,-10,-16,-17,-3,-11,10,1,13,10,6,8,-6,-3,-10,-14,-1,-11,14,6,22,23,13,30,-9,15,-29,-9,-31,-28,-17,-29,6,-16,22,2,23,0,0,14,2,8,-4,4,-2,6,0,11,-4,10,-13,-5,-22,-18,-18,-27,-3,-22,16,-6,26,11,20,18,6,14,-5,6,-8,1,-5,3,-3,5,-5,3,-13,-9,-19,-12,-25,-33,10,-21,33,6,43,34,32,46,3,35,-25,10,-35]"
CSI_DATA,57342,d8:b1:90:d9:de:f0,-53,11,-99,-40,55,116,843809327,100,0,228,0,"[15,-6,15,-8,14,-11,13,-14,11,-17,8,-18,6,-19,99,-7,1,-21,-2,-21,-4,-21,-6,-21,-8,-21,-10,-21,-11,-20,-11,-19,-11,-18,-10,-16,-8,-13,-6,-9,-2,-6,59,6,6,4,9,7,12,11,14,14,15,17,15,19,0,0,15,20,13,20,11,18,9,16,5,12,1,7,18,0,-6,-5,-10,-11,-13,-17,-15,-21,-16,-25,-16,-26,-16,-27,-16,-28,-15,-28,-15,-26,-14,-24,-13,-22,-11,-19,124,15,-7,-11,-5,-5,-2,1,-1,7,0,12,-1,17,-2,19,2,0,2,-6,-4,-9,-13,-4,-15,8,-6,19,10,18,24,-16,17,-11,3,-20,-11,-13,-17,0,-9,12,4,13,11,3,7,-8,-5,-9,-13,3,-6,16,12,19,26,3,24,-21,1,-31,-22,-23,-32,0,-22,20,-2,26,14,17,0,0,12,-7,3,-8,1,-4,4,-4,4,-10,-3,-16,-19,-12,-25,2,-18,19,-1,27,17,19,22,2,15,-11,4,-14,-3,-8,-3,-3,0,-4,-3,-8,-11,-8,-20,2,-26,4,0,34,26,30,45,5,39,-26,11,-45,-18,-39,-33,-15]"
CSI_DATA,57343,d8:b1:90:d9:de:f0,-54,11,-99,-40,56,116,843821147,100,0,228,0,"[-12,-3,-13,-2,-15,0,-14,2,-16,5,-14,8,-14,10,88,-6,-11,13,-10,15,-9,17,-7,19,-6,19,-4,20,-3,20,-2,19,-2,18,-2,17,-2,13,-2,10,-2,5,53,5,-3,-6,-3,-10,-2,-14,-2,-18,0,-21,0,-22,0,0,0,-22,1,-22,2,-19,3,-15,4,-11,4,-6,57,0,3,7,3,13,2,19,0,23,0,26,0,28,-2,28,-2,30,-3,28,-3,27,-3,24,-4,22,-3,20,-48,13,-2,11,-1,5,0,0,2,-5,5,-10,8,-12,11,-12,-1,0,-4,3,0,9,7,10,15,2,13,-10,2,-18,-23,-1,-17,-1,-12,11,0,16,11,10,11,-2,4,-10,-5,-7,-8,1,0,8,10,4,11,-9,0,-20,-17,-15,-30,1,-17,22,2,29,22,18,26,-2,16,-17,0,-21,0,0,-11,-2,-8,2,-4,2,-6,1,-8,6,-5,14,10,18,19,11,23,-4,14,-20,-1,-22,-15,-13,-17,0,-11,8,-3,9,0,4,-1,4,0,8,5,11,17,8,21,10,18,-25,-4,-36,-30,-26,-41,0,-31,26,-7,38,15,29]"
CSI_DATA,57344,d8:b1:90:d9:de:f0,-53,11,-99,-40,55,116,843838817,100,0,228,0,"[-5,-14,-7,-14,-11,-13,-13,-11,-16,-9,-17,-6,-19,-4,99,-7,-20,3,-19,5,-19,8,-18,11,-17,13,-17,15,-15,16,-14,17,-13,16,-12,15,-9,12,-7,8,-5,3,59,6,-2,-8,0,-12,1,-16,2,-20,3,-22,4,-24,0,0,4,-25,5,-23,5,-21,5,-17,5,-12,5,-6,59,0,4,8,4,15,4,21,4,26,4,29,4,31,4,32,3,32,4,31,4,30,4,27,3,25,3,22,56,0,2,13,1,7,0,0,0,-6,-1,-12,1,-16,2,-18,-2,-1,-6,-1,-8,5,-3,13,9,14,18,4,16,-12,-17,-19,-13,-15,-19,1,-11,14,4,16,13,6,11,-6,0,-10,-8,-3,-5,8,8,9,16,-3,9,-20,-11,-23,-31,-10,-27,16,-7,31,17,26,29,6,23,-14,6,-22,0,0,-12,-5,-9,1,-6,2,-7,1,-10,6,-6,16,11,21,21,12,26,-6,15,-22,-5,-25,-18,-13,-19,2,-11,11,-1,10,1,6,0,5,2,9,10,10,21,2,25,2,6,-33,-21,-34,-44,-11,-42,21,-16,43,15,41,32,17]"
CSI_DATA,57345,d8:b1:90:d9:de:f0,-54,11,-99,-37,55,116,843849206,100,0,228,0,"[-1,14,0,15,2,16,5,15,8,15,11,14,14,12,91,-6,17,8,17,6,19,4,19,1,20,0,21,0,20,-1,20,-2,19,-2,16,-2,15,-1,11,0,5,1,54,5,-3,5,-9,7,-13,9,-16,10,-19,10,-21,10,0,0,-21,9,-21,7,-19,6,-16,3,-12,1,-7,-1,-90,14,4,-7,11,-9,16,-11,21,-13,24,-13,27,-14,28,-14,28,-14,28,-13,26,-12,24,-11,22,-10,19,-7,5,0,11,-3,6,-2,0,0,-6,1,-11,1,-16,1,-17,0,0,1,4,3,9,0,9,-9,0,-16,-12,-12,-18,0,3,25,2,18,16,9,16,-5,6,-14,-6,-12,-12,-1,-6,7,3,7,8,-2,0,-11,-12,-8,-19,6,-9,23,13,28,28,9,27,-14,9,-28,-12,-25,-23,-8,-19,9,0,0,2,13,6,6,3,3,4,5,10,5,16,-1,13,-18,1,-23,-16,-19,-25,-3,-20,13,-5,20,8,16,13,4,9,-1,5,-2,4,0,8,-4,6,-12,-3,-19,-4,-23,-32,0,-28,25,-4,42,26,35,42,10,36,-18,14,-32]"
CSI_DATA,57346,d8:b1:90:d9:de:f0,-53,11,-99,-40,55,116,843868697,100,0,228,0,"[14,8,16,7,18,5,18,2,20,0,19,-4,20,-6,99,-7,17,-11,16,-13,14,-15,13,-17,11,-18,10,-20,9,-20,8,-20,7,-19,6,-17,5,-13,4,-10,3,-4,59,6,1,7,-1,12,-2,16,-4,19,-5,22,-6,24,0,0,-7,24,-8,22,-8,19,-7,16,-6,11,-5,6,-55,15,0,-8,2,-14,5,-20,8,-24,9,-27,11,-29,12,-30,13,-30,12,-29,12,-27,11,-26,10,-24,10,-20,101,0,5,-12,2,-8,-2,-1,-6,4,-10,7,-14,9,-16,9,1,2,6,-1,5,-9,-4,-13,-16,-8,-18,6,-8,18,27,10,19,6,17,-9,5,-18,-11,-14,-15,0,-8,11,4,11,10,1,4,-9,-9,-9,-15,5,-7,21,14,21,30,6,24,-18,4,-31,-19,-25,-28,-5,-22,15,-5,22,0,0,12,5,8,-2,4,-1,6,1,11,-2,12,-13,-2,-22,-16,-19,-26,-4,-22,16,-5,25,12,20,18,6,13,-6,5,-8,1,-5,3,-3,4,-7,-1,-14,-14,-14,-19,-19,-27,20,-8,40,22,39,44,15,42,-16,20,-38,-8,-36]"
CSI_DATA,57347,d8:b1:90:d9:de:f0,-53,11,-99,-39,55,116,843878727,100,0,228,0,"[3,-15,1,-17,0,-17,-3,-18,-6,-17,-9,-17,-11,-15,97,-7,-15,-12,-17,-11,-18,-9,-19,-8,-21,-6,-21,-5,-22,-5,-21,-4,-20,-4,-18,-4,-14,-3,-10,-4,-4,-4,58,6,8,-3,13,-2,17,0,21,1,24,2,25,4,0,0,25,7,24,8,21,8,17,9,12,8,5,7,58,0,-9,1,-15,-1,-20,-4,-25,-8,-28,-11,-30,-13,-29,-15,-29,-16,-28,-16,-26,-17,-23,-15,-21,-15,-18,-14,42,15,-9,-9,-4,-5,0,0,3,5,7,11,7,15,7,18,0,-3,-4,-5,-11,-1,-12,9,-2,17,12,16,20,2,2,-27,1,-20,-14,-14,-19,0,-12,13,3,15,12,7,10,-5,-1,-9,-8,-1,-6,10,9,14,21,1,18,-17,2,-32,-22,-22,-32,0,-23,21,-2,29,17,21,22,4,0,0,5,-13,-1,-8,0,-5,1,-8,-3,-12,-14,-12,-24,4,-20,17,-5,28,15,24,26,8,22,-10,8,-19,-3,-15,-9,-8,-5,-2,-5,-3,-8,-3,-14,0,-16,13,-20,15,17,30,37,14,42,-15,24,-40,-7,-45,-32,-29,-37,-2]"
CSI_DATA,57348,d8:b1:90:d9:de:f0,-54,11,-99,-38,55,116,843898840,100,0,228,0,"[0,15,1,17,4,16,7,17,10,15,13,13,14,11,94,-6,18,6,19,4,20,1,20,0,20,-2,20,-4,20,-6,19,-7,18,-7,15,-6,12,-5,8,-3,4,0,56,5,-4,5,-7,9,-12,11,-15,14,-17,15,-19,16,0,0,-20,15,-20,14,-18,12,-15,9,-12,6,-7,1,-105,14,1,-6,8,-11,12,-15,16,-17,19,-20,21,-22,22,-22,23,-22,22,-21,20,-20,19,-19,17,-17,15,-16,-39,0,8,-9,4,-4,0,0,-5,1,-10,4,-13,5,-17,5,0,2,4,4,10,0,8,-11,-1,-16,-15,-11,-19,4,6,28,6,19,18,7,16,-8,4,-16,-9,-12,-13,0,-6,9,4,8,8,-1,0,-11,-14,-6,-16,9,-3,23,17,24,29,1,22,-20,0,-29,-19,-20,-25,0,-16,13,0,0,6,9,6,2,3,0,3,4,10,4,16,-4,9,-20,-3,-24,-21,-15,-27,2,-17,19,0,23,13,14,15,0,8,-5,2,-4,2,-3,4,-5,1,-13,-8,-17,-11,-21,-30,12,-16,34,11,40,37,24,43,-6,26,-31,0,-35]"
CSI_DATA,57349,d8:b1:90:d9:de:f0,-53,11,-99,-39,55,116,843918808,100,0,228,0,"[-5,16,-3,18,-2,19,1,20,4,20,7,20,9,18,97,-7,13,16,15,14,16,12,18,11,19,9,19,8,20,7,20,6,19,5,16,5,14,4,9,3,3,3,58,6,-8,1,-13,0,-17,-1,-21,-3,-24,-4,-25,-5,0,0,-25,-7,-24,-7,-21,-8,-17,-7,-13,-7,-6,-6,-72,15,7,-1,14,2,19,5,23,7,27,10,28,12,29,13,28,13,29,13,26,13,26,13,23,12,20,11,-43,0,12,6,7,3,2,-1,-2,-5,-6,-9,-7,-13,-7,-16,-1,3,3,6,11,3,13,-8,4,-17,-10,-17,-20,-5,-6,29,-3,21,13,15,19,1,12,-13,-2,-17,-13,-8,-11,5,-1,11,9,4,8,-9,-6,-15,-20,-5,-19,14,-5,29,20,22,30,1,22,-20,3,-28,-16,-20,-21,-3,0,0,-3,12,2,7,1,3,-2,5,2,12,12,12,22,-2,20,-16,4,-27,-15,-23,-26,-7,-21,11,-8,18,5,15,9,6,7,1,4,2,7,3,13,-1,14,-13,18,-17,-18,-27,-37,-9,-38,18,-18,41,14,43,35,23,36,-4]"
CSI_DATA,57350,d8:b1:90:d9:de:f0,-53,11,-99,-38,55,116,843938663,100,0,228,0,"[-15,2,-17,4,-17,6,-17,8,-16,10,-15,12,-14,15,94,-6,-9,17,-7,17,-6,18,-4,19,-2,20,-1,20,0,21,0,20,0,19,0,16,0,13,-1,8,-1,3,56,5,0,-8,0,-13,0,-18,1,-22,2,-24,4,-25,0,0,7,-25,8,-23,9,-20,8,-17,7,-11,5,-5,79,0,0,6,-3,12,-7,17,-11,21,-15,24,-18,25,-19,24,-20,24,-20,22,-20,21,-19,18,-18,16,-16,14,42,14,-10,7,-5,4,0,1,5,0,11,0,16,0,18,1,-2,0,-3,5,1,11,12,9,17,-1,13,-15,-1,-20,-29,3,-20,3,-11,17,3,19,16,8,15,-5,4,-13,-6,-9,-9,1,0,9,10,5,13,-8,0,-19,-17,-17,-29,-1,-20,21,0,30,20,20,27,0,18,-16,1,-21,0,0,-11,-3,-6,0,-2,0,-5,-2,-12,0,-14,10,-1,22,12,23,26,9,26,-9,12,-23,-5,-23,-16,-11,-15,1,-8,6,-1,5,-1,3,-4,5,-2,11,6,18,8,24,32,-5,24,-29,0,-41,-29,-33,-43,-7,-35,18,-13,32]"
CSI_DATA,57351,d8:b1:90:d9:de:f0,-53,11,-99,-37,54,116,843948783,100,0,228,0,"[-6,-15,-9,-16,-12,-14,-15,-13,-19,-11,-19,-8,-20,-5,102,-7,-21,1,-21,4,-20,6,-20,9,-19,11,-18,13,-16,14,-15,14,-13,14,-11,13,-9,10,-6,6,-3,2,61,6,3,-8,5,-13,8,-18,10,-20,12,-23,13,-24,0,0,14,-24,14,-23,13,-20,11,-16,10,-11,7,-6,85,0,0,7,-3,13,-6,20,-9,23,-11,27,-12,29,-13,30,-13,30,-13,29,-12,28,-11,27,-10,25,-8,22,-111,15,-5,12,-1,7,1,1,5,-4,9,-8,12,-10,15,-10,-1,-3,-7,-2,-10,6,-4,15,10,16,21,4,18,-13,-19,-24,-15,-15,-22,1,-13,15,3,19,14,8,13,-6,2,-12,-9,-6,-7,6,4,11,15,1,12,-16,-5,-24,-25,-16,-28,10,-12,28,11,29,26,11,25,-9,9,-20,0,0,-10,-6,-7,1,-3,-1,-5,-4,-12,-2,-15,10,-1,23,13,23,28,8,27,-13,9,-26,-10,-24,-19,-8,-16,5,-7,10,-1,7,-1,4,-2,7,2,13,14,13,19,18,25,-23,4,-40,-25,-36,-46,-11,-41,22,-15,41,12,34]"
CSI_DATA,57352,d8:b1:90:d9:de:f0,-53,11,-99,-37,54,116,843958824,100,0,228,0,"[16,-5,18,-8,16,-10,15,-13,13,-15,11,-19,8,-19,102,-7,3,-21,0,-21,-2,-21,-5,-21,-7,-21,-9,-21,-10,-20,-10,-18,-10,-16,-9,-14,-7,-11,-4,-7,-1,-4,61,6,7,6,10,10,13,14,15,18,16,20,16,23,0,0,15,23,14,23,12,22,10,18,6,14,2,9,36,0,-5,-3,-10,-8,-13,-15,-15,-20,-16,-23,-18,-26,-18,-27,-18,-27,-18,-28,-15,-26,-14,-24,-13,-23,-11,-20,104,15,-7,-11,-4,-6,-2,0,0,6,1,12,0,16,-1,20,3,-1,3,-7,-5,-11,-14,-6,-18,8,-6,21,10,20,28,-14,19,-12,3,-22,-12,-15,-20,-1,-11,13,3,15,12,5,9,-7,-4,-9,-11,0,-6,14,11,18,25,2,24,-19,0,-31,-23,-22,-30,1,-21,21,-1,26,15,16,0,0,10,-7,2,-6,1,-2,6,-3,7,-11,-3,-19,-20,-11,-28,1,-21,20,-1,30,19,22,25,4,18,-12,4,-16,-4,-10,-5,-5,-3,-3,-5,-5,-11,-5,-20,4,-25,5,2,33,28,27,45,3,37,-28,9,-46,-21,-38,-34,-13]"
CSI_DATA,57353,d8:b1:90:d9:de:f0,-53,11,-99,-37,54,116,843970023,100,0,228,0,"[14,9,16,9,19,7,20,5,22,3,22,1,21,-1,102,-7,21,-5,20,-7,19,-9,19,-11,18,-12,18,-13,18,-13,16,-13,15,-12,14,-10,11,-8,8,-5,3,-1,61,6,-6,6,-11,9,-16,10,-20,12,-24,11,-26,10,0,0,-27,8,-27,5,-25,3,-21,1,-15,-1,-9,-2,-123,15,5,-3,12,-3,20,-1,25,1,28,3,31,5,31,6,32,8,31,10,29,10,26,10,24,10,21,10,-2,0,11,7,7,3,2,-1,-2,-6,-5,-11,-5,-15,-4,-19,3,1,7,-2,6,-10,-3,-15,-16,-10,-22,4,-13,19,26,20,20,12,22,-4,11,-18,-5,-19,-16,-7,-14,7,-3,13,8,7,9,-4,-2,-12,-15,-5,-18,11,-3,25,16,26,31,3,25,-20,4,-31,-16,-25,-25,-6,-20,10,0,0,3,12,5,4,2,2,0,7,6,10,18,7,21,-9,14,-23,-4,-29,-23,-20,-28,0,-20,18,-3,22,8,14,11,5,7,0,5,0,7,2,12,-3,13,-14,20,-16,-18,-28,-38,-11,-41,16,-22,41,7,45,31,29,37,3]"
CSI_DATA,57354,d8:b1:90:d9:de:f0,-53,11,-99,-37,54,116,843988834,100,0,228,0,"[16,3,19,2,20,-1,20,-3,20,-5,20,-8,18,-10,102,-7,15,-13,14,-14,13,-16,12,-18,10,-19,10,-20,10,-20,9,-20,8,-19,7,-15,6,-12,5,-7,2,-2,61,6,-4,8,-7,14,-10,16,-13,20,-15,22,-19,22,0,0,-22,21,-21,18,-20,14,-18,11,-14,7,-9,3,-121,15,3,-5,10,-8,16,-10,22,-11,27,-11,29,-11,31,-10,31,-8,31,-7,30,-6,29,-4,26,-3,23,-2,15,1,13,0,7,0,0,-1,-5,-5,-11,-7,-13,-10,-14,-13,4,1,7,-4,2,-12,-9,-13,-20,-4,-19,11,-4,23,30,8,23,5,19,-12,3,-21,-11,-14,-18,-1,-10,11,3,13,10,3,6,-8,-7,-10,-16,2,-10,19,8,25,26,15,29,-11,13,-29,-9,-30,-26,-14,-25,6,-13,18,0,0,9,8,6,2,3,2,3,6,11,8,20,-2,14,-19,2,-28,-19,-23,-29,-6,-25,14,-8,25,8,21,15,8,12,-2,6,-5,4,-2,7,-1,9,-8,5,-18,8,-24,-30,-13,-38,9,-26,36,2,46,30,34,42,7,33,-18]"
CSI_DATA,57355,d8:b1:90:d9:de:f0,-53,11,-99,-37,54,116,843998870,100,0,228,0,"[15,7,18,5,19,4,20,2,22,-1,21,-3,21,-4,102,-7,19,-8,19,-10,18,-12,18,-13,16,-14,16,-15,16,-15,15,-14,14,-13,13,-11,10,-9,8,-5,3,-1,61,6,-7,6,-12,9,-16,10,-22,11,-25,10,-27,10,0,0,-29,6,-28,4,-24,2,-22,0,-15,-2,-9,-3,-121,15,5,-2,13,-1,20,1,24,4,28,6,30,9,30,11,30,13,29,14,27,15,24,15,22,15,19,14,-34,0,10,8,6,4,1,-1,-1,-7,-2,-12,-2,-16,0,-20,3,2,7,-3,5,-11,-6,-15,-18,-9,-21,6,-10,21,26,15,20,11,21,-6,9,-19,-6,-19,-16,-6,-13,7,-1,13,9,6,8,-6,-3,-12,-15,-4,-18,12,-2,25,16,26,31,3,26,-20,4,-31,-16,-25,-26,-7,-19,9,0,0,3,11,5,4,1,2,-1,6,5,12,16,9,22,-6,18,-22,-1,-30,-21,-23,-29,-3,-22,14,-6,21,6,15,11,7,7,1,4,1,6,3,12,0,15,-10,23,-12,-11,-30,-33,-21,-44,6,-31,34,-3,45,24,37,36,12]"
CSI_DATA,57356,d8:b1:90:d9:de:f0,-53,11,-99,-37,54,116,844009083,100,0,228,0,"[-16,3,-18,5,-19,8,-18,11,-15,13,-13,16,-11,18,102,-7,-6,21,-4,21,-2,22,1,22,3,23,4,23,5,22,6,22,6,20,5,18,4,13,3,8,0,4,61,6,-3,-9,-6,-13,-6,-19,-7,-23,-8,-26,-7,-27,0,0,-6,-28,-4,-27,-3,-25,-2,-21,0,-16,2,-9,29,0,3,4,4,13,3,19,3,24,3,29,3,31,2,33,0,32,0,32,0,30,0,29,0,26,0,24,-39,15,0,13,1,7,2,1,4,-5,7,-11,9,-14,11,-15,-4,0,-5,6,3,12,14,9,20,-4,11,-19,-6,-22,-30,8,-22,7,-8,21,9,19,19,6,14,-9,1,-15,-10,-8,-10,5,2,10,13,2,10,-13,-5,-21,-24,-10,-29,9,-11,30,14,30,29,10,27,-12,10,-25,-8,-22,0,0,-12,4,-4,5,-2,1,-6,-1,-11,6,-6,18,11,20,25,12,28,-8,15,-26,-6,-28,-22,-15,-22,2,-12,12,0,12,3,6,1,3,0,6,6,10,18,6,23,11,16,-29,-7,-38,-34,-27,-46,2,-34,32,-5,43,20,31]"
CSI_DATA,57357,d8:b1:90:d9:de:f0,-53,11,-99,-39,55,116,844028663,100,0,228,0,"[-3,-17,-5,-18,-7,-18,-9,-17,-13,-16,-15,-15,-17,-13,97,-7,-19,-9,-20,-7,-21,-5,-21,-3,-22,-2,-22,0,-22,0,-21,1,-20,1,-17,1,-13,1,-9,0,-3,0,58,6,8,-1,15,-1,19,-1,23,1,26,2,28,3,0,0,27,5,26,6,23,6,19,7,15,6,8,5,105,0,-6,0,-12,-2,-17,-6,-22,-8,-25,-11,-27,-13,-28,-15,-28,-16,-27,-16,-25,-16,-24,-15,-21,-15,-18,-13,15,15,-11,-8,-7,-5,-2,1,1,6,3,11,4,16,3,18,0,-4,-7,-4,-12,3,-9,13,3,19,18,12,22,-4,-5,-30,-5,-21,-19,-10,-19,6,-8,17,8,16,15,3,10,-9,-3,-11,-11,-1,-6,12,9,14,22,1,17,-19,0,-29,-24,-19,-31,4,-19,24,3,29,19,18,22,0,0,0,1,-12,-4,-6,-1,-1,3,-6,0,-12,-12,-13,-22,1,-21,16,-5,28,15,25,27,8,23,-10,8,-19,-5,-16,-10,-6,-8,-1,-4,-1,-6,-3,-12,-1,-15,10,-22,14,12,29,34,17,41,-10,26,-36,-3,-44,-28,-31,-36,-5]"
CSI_DATA,57358,d8:b1:90:d9:de:f0,-53,11,-99,-37,54,116,844038860,100,0,228,0,"[16,-1,18,-3,19,-6,18,-8,18,-10,16,-12,15,-14,102,-7,12,-18,10,-19,9,-20,7,-22,6,-22,5,-22,5,-22,5,-22,4,-21,4,-16,3,-13,2,-9,1,-2,61,6,-2,9,-4,13,-6,19,-10,22,-12,24,-14,25,0,0,-18,24,-18,21,-18,18,-15,14,-12,9,-8,5,-114,15,3,-5,9,-8,15,-11,21,-13,24,-14,28,-13,29,-13,30,-12,30,-11,29,-9,28,-8,26,-6,23,-4,12,1,13,-2,7,-2,1,-3,-6,-3,-10,-6,-14,-9,-15,-12,4,0,5,-6,-1,-12,-12,-10,-20,1,-14,16,1,24,31,-1,23,-1,14,-16,-2,-21,-15,-11,-16,4,-7,13,6,11,11,0,4,-10,-10,-9,-16,5,-7,21,12,23,28,10,27,-16,8,-31,-14,-28,-28,-9,-24,10,-9,21,0,0,9,7,6,0,1,0,3,5,11,6,19,-4,10,-19,-2,-27,-21,-21,-31,-1,-23,19,-4,26,11,20,18,6,11,-3,5,-5,3,-2,5,-2,8,-8,3,-19,6,-25,-30,-11,-37,12,-22,37,6,45,32,31,43,4,31,-20]"
CSI_DATA,57359,d8:b1:90:d9:de:f0,-53,11,-99,-39,55,116,844049108,100,0,228,0,"[-10,-12,-13,-12,-16,-11,-18,-9,-19,-6,-21,-4,-21,-1,97,-7,-20,6,-20,8,-19,10,-18,13,-17,13,-16,16,-15,17,-14,16,-13,15,-10,13,-8,11,-5,6,-3,2,58,6,5,-8,8,-12,10,-16,13,-19,15,-21,16,-23,0,0,17,-22,17,-20,16,-18,14,-15,12,-11,8,-5,93,0,-2,5,-6,11,-11,14,-15,18,-18,21,-21,23,-22,23,-21,23,-21,23,-20,21,-19,20,-17,18,-15,17,68,15,-9,9,-4,6,0,3,6,-1,12,-3,16,-3,19,-3,-2,-3,-7,-1,-9,8,0,17,13,14,22,0,15,-17,-23,-19,-18,-13,-21,4,-11,18,6,18,16,6,13,-8,0,-13,-11,-5,-8,8,6,13,18,2,15,-16,-4,-25,-24,-18,-30,8,-15,28,9,30,24,14,25,-7,11,-19,0,0,-10,-7,-6,0,-1,-1,-3,-5,-12,-4,-17,6,-7,19,8,26,25,15,28,-6,16,-23,-4,-25,-17,-14,-17,2,-9,8,-2,6,-1,3,-3,5,-2,11,8,17,10,24,30,-9,19,-31,-7,-41,-34,-28,-45,2,-30,28,-5,35]"
CSI_DATA,57360,d8:b1:90:d9:de:f0,-49,9,-99,-35,51,116,844066933,130,0,106,0,"[14,0,7,21,64,0,-16,19,113,0,-8,19,156,0,14,21,-165,0,43,21,-137,0,53,21,-127,0,60,21,-158,0,87,21,152,0,177,21,76,0,-36,21,35,0,153,0,42,0,-31,0,67,0,52,1,0,0,0,0,-169,0,31,1,-179,0,-70,0,101,0,139,0,-79,21,-2,21,79,21,-86,21,-73,19,-100,21,-134,19,-53,21,-141,19,-1,21,-101,19,50,0,-12,19,60,0,115,21,31,0,-98,21,-76,21,-19,21]"
CSI_DATA,57361,d8:b1:90:d9:de:f0,-53,11,-99,-39,55,116,844078618,100,0,228,0,"[-6,-16,-8,-16,-10,-15,-12,-15,-16,-13,-17,-12,-19,-9,97,-7,-21,-5,-21,-3,-21,-1,-21,1,-22,2,-22,4,-22,4,-21,5,-20,5,-17,4,-13,3,-9,2,-3,0,58,6,9,-2,15,-3,19,-3,23,-3,26,-3,28,-1,0,0,28,0,27,2,24,3,21,3,15,3,9,4,109,0,-5,1,-11,-1,-18,-4,-23,-6,-26,-8,-29,-11,-29,-11,-29,-12,-28,-12,-27,-13,-25,-12,-22,-12,-20,-11,22,15,-11,-7,-7,-3,-2,1,1,6,3,11,5,16,5,19,-1,-3,-8,-2,-11,5,-6,15,7,18,19,8,21,-8,-11,-28,-9,-20,-20,-7,-18,10,-4,19,11,14,15,0,7,-10,-5,-10,-11,2,-3,14,12,12,22,-3,14,-22,-5,-30,-27,-16,-30,9,-16,27,7,28,21,14,22,-4,0,0,-1,-12,-4,-5,0,-2,3,-6,-2,-12,-14,-12,-21,3,-19,18,-2,29,18,23,28,5,21,-13,5,-20,-7,-15,-11,-5,-8,1,-4,0,-6,-2,-12,1,-14,12,-21,15,15,28,36,13,40,-15,22,-38,-7,-43,-31,-28,-36,-1]"
CSI_DATA,57362,d8:b1:90:d9:de:f0,-53,11,-99,-37,54,116,844088781,100,0,228,0,"[2,16,3,19,5,19,8,18,11,18,13,15,15,14,102,-7,19,10,19,10,21,8,22,7,22,6,23,5,23,5,22,4,21,4,18,3,13,2,8,2,3,0,61,6,-9,-3,-15,-5,-19,-8,-22,-11,-24,-14,-24,-16,0,0,-23,-18,-22,-19,-19,-18,-14,-16,-10,-13,-4,-8,-58,15,5,3,9,9,11,15,13,21,13,26,13,28,12,30,11,31,10,31,8,29,7,28,5,26,3,23,37,0,2,14,2,7,3,1,4,-5,7,-10,10,-13,13,-14,0,4,7,6,13,-1,10,-13,-1,-21,-16,-14,-24,2,0,31,1,24,16,14,21,-2,11,-15,-4,-16,-14,-7,-11,6,0,11,11,3,9,-10,-6,-18,-22,-7,-24,13,-11,29,16,28,32,8,28,-14,10,-29,-10,-25,-21,-9,0,0,-6,10,0,6,0,1,-6,2,-7,10,4,19,19,12,28,-1,22,-21,3,-31,-18,-24,-25,-6,-20,10,-7,16,4,12,5,5,2,3,1,6,8,9,18,3,26,7,12,-29,-10,-38,-37,-25,-45,3,-32,31,-6,43,19,32]"
CSI_DATA,57363,d8:b1:90:d9:de:f0,-53,11,-99,-40,55,116,844099442,100,0,228,0,"[9,14,11,15,14,13,16,12,18,10,19,7,20,4,99,-7,20,0,21,-3,21,-5,20,-7,20,-9,19,-11,18,-11,17,-11,16,-11,14,-10,10,-8,6,-5,2,-1,59,6,-8,7,-12,9,-16,11,-19,12,-22,13,-24,13,0,0,-25,12,-25,11,-23,9,-19,7,-15,4,-9,1,-118,15,5,-4,11,-7,18,-8,23,-8,26,-9,29,-9,30,-8,30,-8,30,-7,29,-7,27,-6,25,-5,22,-5,19,1,13,-4,8,-4,1,-3,-5,-4,-10,-5,-14,-8,-15,-10,3,3,8,1,10,-8,2,-16,-12,-16,-22,-3,-18,14,18,25,15,17,22,1,15,-14,-1,-20,-14,-10,-15,4,-3,13,8,8,10,-5,-1,-13,-15,-7,-19,11,-4,26,15,25,31,3,24,-20,2,-31,-18,-22,-25,-2,-17,13,0,0,6,10,6,2,1,1,0,6,8,10,18,3,16,-13,6,-26,-13,-25,-27,-9,-25,11,-10,23,7,20,14,8,12,-1,5,-3,3,-2,6,-2,9,-8,3,-18,6,-26,-30,-11,-36,14,-19,39,11,44,37,25,42,-3,26,-24]"
CSI_DATA,57364,d8:b1:90:d9:de:f0,-53,11,-99,-40,55,116,844118632,100,0,228,0,"[-15,-6,-17,-6,-18,-3,-19,0,-20,2,-19,5,-19,8,99,-7,-16,12,-15,14,-14,16,-13,17,-12,19,-10,19,-9,19,-8,19,-8,18,-6,15,-4,12,-3,7,0,2,59,6,4,-9,5,-14,8,-17,11,-20,13,-23,15,-23,0,0,16,-23,16,-21,15,-18,14,-15,11,-11,8,-7,92,0,-2,5,-7,11,-12,15,-16,18,-19,19,-22,20,-23,21,-24,20,-23,19,-22,18,-22,17,-20,15,-18,14,56,15,-10,9,-5,6,2,4,7,1,13,0,16,2,18,3,-4,-2,-7,3,-4,12,6,14,18,7,19,-9,8,-21,-28,-11,-21,-7,-19,11,-4,20,11,15,17,1,10,-11,-3,-12,-11,-2,-6,10,8,11,17,-3,10,-19,-10,-24,-26,-13,-27,13,-10,30,13,28,27,11,23,-10,9,-20,0,0,-9,-5,-6,1,-1,0,-3,-5,-12,-5,-17,7,-8,19,6,25,24,15,29,-5,17,-22,-2,-25,-15,-14,-17,-1,-10,7,-3,6,-2,2,-4,3,-5,10,4,17,5,25,31,-3,26,-26,2,-43,-26,-36,-43,-10,-38,19,-14,32]"
CSI_DATA,57365,d8:b1:90:d9:de:f0,-53,11,-99,-37,54,116,844129100,100,0,228,0,"[12,-12,12,-14,10,-16,8,-19,6,-20,3,-21,2,-21,102,-7,-3,-21,-5,-22,-6,-21,-8,-22,-9,-22,-11,-21,-11,-21,-11,-19,-10,-18,-9,-15,-7,-12,-5,-6,-2,-2,61,6,4,10,5,14,5,20,5,24,4,27,3,28,0,0,2,30,-1,28,-2,26,-3,22,-4,15,-3,9,-44,15,0,-6,1,-13,4,-19,8,-24,10,-27,12,-28,14,-29,16,-29,16,-28,16,-26,16,-24,15,-22,14,-19,-81,0,8,-11,3,-6,-2,-2,-8,0,-14,2,-16,1,-21,-1,4,-3,1,-9,-9,-9,-18,0,-15,13,-1,23,15,18,23,-20,18,-16,0,-23,-15,-14,-20,1,-10,13,5,14,12,4,8,-8,-4,-10,-14,0,-9,15,8,22,26,9,29,-9,10,-31,-14,-30,-31,-11,-29,11,-12,24,6,22,0,0,12,-2,4,-4,1,-1,5,3,12,-2,12,-14,-3,-22,-19,-21,-30,-3,-24,19,-5,29,13,23,22,7,16,-5,7,-10,0,-6,0,-3,3,-5,2,-11,-8,-16,-11,-25,-31,9,-21,32,5,44,32,32,46,4,37,-24,12,-36]"
CSI_DATA,57366,d8:b1:90:d9:de:f0,-53,11,-99,-40,55,116,844139258,100,0,228,0,"[16,5,17,4,18,3,19,0,20,-2,20,-4,19,-6,99,-7,19,-9,18,-10,17,-11,17,-12,16,-15,16,-15,16,-15,15,-14,14,-13,13,-11,10,-9,7,-5,1,-2,59,6,-8,4,-14,6,-19,7,-21,7,-25,7,-27,6,0,0,-27,3,-27,0,-23,-1,-20,-2,-15,-3,-8,-3,-111,15,6,-1,12,3,17,6,22,8,24,12,26,15,26,17,25,19,24,19,22,19,20,20,18,19,14,17,-69,0,8,11,6,6,3,0,3,-6,3,-11,4,-16,7,-17,4,1,8,-4,4,-12,-6,-15,-18,-8,-20,7,-11,20,27,15,20,10,20,-7,9,-18,-7,-17,-16,-6,-13,8,-1,13,9,6,9,-6,-3,-13,-16,-6,-19,11,-5,26,13,26,30,6,26,-17,8,-30,-13,-26,-23,-8,-21,8,0,0,3,11,5,3,1,0,-3,5,1,12,13,12,21,-1,20,-16,5,-27,-15,-24,-26,-8,-22,10,-9,18,4,16,8,7,6,1,3,1,4,5,11,5,17,-5,26,-5,-3,-31,-25,-27,-42,-6,-38,23,-15,41,12,41,29,21]"
CSI_DATA,57367,d8:b1:90:d9:de:f0,-53,11,-99,-39,55,116,844158622,100,0,228,0,"[-17,1,-18,3,-18,5,-19,7,-19,9,-18,11,-17,12,97,-7,-15,14,-15,16,-14,17,-12,17,-12,18,-12,19,-12,19,-11,18,-10,16,-10,14,-8,11,-5,6,-1,2,58,6,8,-6,12,-9,17,-10,20,-11,23,-12,25,-11,0,0,26,-7,27,-5,24,-3,20,-1,15,1,9,2,115,0,-5,1,-12,-2,-18,-5,-22,-7,-26,-11,-27,-14,-27,-15,-26,-18,-25,-18,-23,-19,-20,-18,-18,-18,-15,-17,89,15,-9,-11,-6,-5,-3,1,-3,7,-4,12,-5,15,-7,17,-4,0,-6,6,0,13,12,12,20,2,17,-14,3,-23,-30,-5,-22,-3,-17,13,-2,20,11,14,17,0,10,-11,-3,-13,-11,-3,-7,9,6,13,18,2,17,-16,-1,-26,-19,-24,-31,0,-24,22,-2,31,18,23,25,5,18,-11,0,0,-4,-10,-5,-4,0,-1,3,-6,-3,-11,-14,-10,-21,3,-18,19,-2,29,17,23,27,6,22,-12,8,-19,-4,-15,-10,-7,-6,0,-3,-1,-4,-4,-11,-4,-18,5,-26,6,2,32,26,28,42,6,39,-22,17,-41,-11,-41,-29,-22]"
CSI_DATA,57368,d8:b1:90:d9:de:f0,-47,11,-99,-34,48,116,844169042,100,0,114,0,"[-9,46,-15,52,-19,54,-23,54,-25,52,-25,50,-25,48,-25,46,-21,42,-21,40,-21,38,-19,40,-17,40,-17,40,-15,42,-15,46,-15,46,-17,48,-17,50,-15,54,-15,52,-17,54,-15,54,-15,54,-15,52,-13,52,-13,52,-13,50,0,0,-11,52,-11,50,-11,54,-11,54,-11,56,-11,58,-9,58,-9,58,-9,56,-5,58,-3,56,-3,54,-1,52,-1,50,-1,48,0,52,0,52,1,52,3,54,3,56,3,60,1,63,3,67,1,71,0,71,-3,71,-9,67,-11,62]"
CSI_DATA,57369,d8:b1:90:d9:de:f0,-49,9,-99,-35,51,116,844185999,124,0,106,0,"[107,0,64,21,-165,0,81,21,-88,0,115,21,-42,0,176,21,-11,0,-127,21,2,1,-80,21,11,1,-52,21,-22,0,-40,21,-138,0,-24,21,46,0,1,0,-152,21,50,0,43,21,120,0,-33,19,169,0,0,0,0,0,-4,19,-107,0,100,21,-151,0,-103,21,113,0,69,0,-57,21,-149,0,110,21,-83,0,-32,19,-90,0,-103,19,-129,0,-115,19,-166,0,-83,19,151,0,-11,19,91,0,128,21,60,0,-16,21,108,0]"
CSI_DATA,57370,d8:b1:90:d9:de:f0,-53,11,-99,-37,54,116,844198680,100,0,228,0,"[-13,-10,-14,-9,-15,-8,-18,-6,-20,-5,-21,-2,-22,-1,102,-7,-23,3,-22,4,-22,5,-22,7,-22,6,-22,8,-21,8,-21,7,-19,7,-15,5,-12,4,-8,2,-2,1,61,6,10,-2,15,-1,21,0,25,2,26,3,28,4,0,0,27,7,25,9,21,10,18,9,12,7,6,5,70,0,-6,-3,-11,-8,-15,-14,-18,-20,-19,-23,-19,-26,-18,-27,-15,-29,-13,-29,-12,-29,-10,-27,-8,-26,-7,-23,-59,15,-4,-13,-3,-7,-4,-1,-5,5,-7,10,-11,12,-14,13,-3,-3,-8,1,-9,10,0,18,14,15,22,1,18,-15,-21,-21,-14,-16,-21,-1,-14,14,0,19,12,10,13,-3,4,-11,-8,-8,-11,4,-1,15,15,12,25,-4,15,-24,-3,-30,-28,-19,-33,6,-20,26,2,30,20,18,22,0,0,0,2,-11,-3,-5,0,-1,5,-4,3,-11,-8,-16,-21,-8,-26,8,-15,25,5,29,22,18,25,-1,15,-14,2,-15,-6,-9,-4,-2,0,-2,0,-6,-8,-9,-19,-4,-29,-6,-13,31,12,39,38,24,48,-5,34,-32,6,-43,-18,-33]"
CSI_DATA,57371,d8:b1:90:d9:de:f0,-53,11,-99,-39,55,116,844208890,100,0,228,0,"[14,4,17,2,18,0,18,-3,19,-6,18,-10,18,-12,97,-7,15,-15,14,-16,12,-18,11,-19,10,-20,8,-20,7,-20,7,-19,5,-18,4,-16,3,-13,1,-8,0,-2,58,6,-3,9,-4,15,-6,18,-8,21,-10,23,-11,25,0,0,-11,24,-12,22,-11,20,-10,16,-8,12,-4,6,-65,15,4,-6,7,-12,11,-16,15,-20,18,-22,20,-23,21,-23,22,-23,22,-23,21,-21,20,-20,19,-18,16,-16,-40,0,9,-10,5,-6,-1,-4,-7,-1,-12,1,-17,1,-19,0,5,1,8,-5,3,-13,-8,-14,-18,-5,-18,11,-6,21,28,6,21,4,16,-13,2,-18,-12,-12,-15,2,-6,12,6,10,11,-1,3,-12,-11,-10,-18,6,-8,22,13,24,28,11,26,-17,7,-31,-17,-25,-28,-7,-21,12,-6,20,0,0,10,4,5,-2,1,0,3,5,12,4,16,-8,7,-21,-9,-24,-24,-12,-26,9,-13,23,5,23,16,11,15,-2,7,-7,2,-5,2,-1,6,-3,6,-11,-5,-18,-9,-27,-32,5,-24,30,1,43,31,33,44,5,36,-23,12,-35]"
CSI_DATA,57372,d8:b1:90:d9:de:f0,-53,11,-99,-37,54,116,844218943,100,0,228,0,"[13,6,16,4,18,1,19,-2,21,-3,20,-6,21,-8,102,-7,19,-12,18,-13,16,-15,15,-16,14,-18,13,-19,12,-18,11,-18,10,-16,9,-13,7,-10,4,-6,1,-1,61,6,-5,8,-9,11,-12,16,-15,16,-19,18,-20,19,0,0,-21,18,-21,14,-19,12,-15,9,-12,6,-7,3,-82,15,7,-4,12,-6,20,-8,24,-9,28,-9,30,-9,32,-8,32,-7,32,-6,30,-5,29,-4,26,-4,23,-3,12,1,13,-3,8,-3,1,-3,-5,-5,-9,-7,-14,-11,-14,-13,4,1,8,-4,5,-12,-6,-15,-19,-8,-20,8,-10,20,28,10,20,8,19,-9,6,-19,-9,-14,-15,-2,-9,9,3,11,11,2,6,-11,-8,-12,-20,0,-15,19,4,28,23,20,32,-6,18,-27,-5,-31,-23,-18,-25,3,-13,18,0,0,7,8,6,1,1,1,1,6,9,9,19,0,18,-15,3,-26,-15,-23,-28,-6,-24,12,-8,23,8,19,14,6,9,-2,4,-3,2,0,7,1,11,-6,7,-19,10,-26,-29,-15,-39,8,-27,36,1,47,31,34,44,7,32,-19]"
CSI_DATA,57373,d8:b1:90:d9:de:f0,-53,11,-99,-40,55,116,844239255,100,0,228,0,"[14,5,15,4,15,1,17,-1,18,-4,19,-6,19,-8,99,-7,19,-10,19,-11,19,-12,18,-13,18,-14,17,-14,18,-14,17,-13,15,-12,14,-9,11,-7,7,-4,2,-1,59,6,-8,4,-14,5,-19,6,-22,6,-25,4,-26,3,0,0,-26,0,-24,-3,-21,-4,-18,-4,-12,-4,-6,-3,-78,15,8,2,13,6,18,11,21,15,23,19,24,21,23,23,22,25,20,25,17,25,15,24,13,22,10,20,-122,0,5,12,4,6,3,0,4,-7,5,-12,8,-15,11,-16,4,1,8,-5,5,-13,-6,-16,-17,-10,-20,5,-12,19,25,12,18,11,18,-4,8,-16,-5,-15,-13,-5,-10,7,0,10,10,4,9,-8,-5,-15,-19,-7,-21,12,-7,27,11,29,31,9,29,-15,12,-29,-10,-27,-23,-12,-21,5,0,0,1,11,4,5,0,1,-4,6,0,12,12,13,23,3,22,-14,8,-26,-12,-26,-24,-11,-22,6,-11,16,1,15,7,7,4,1,1,2,2,7,10,8,20,0,28,0,6,-33,-19,-36,-42,-17,-46,12,-27,37,1,44,23,29]"
CSI_DATA,57374,d8:b1:90:d9:de:f0,-53,11,-99,-39,55,116,844258849,100,0,228,0,"[-12,7,-12,9,-11,12,-9,15,-7,16,-5,19,-3,20,97,-7,0,21,3,21,4,21,6,21,8,20,9,20,9,20,9,18,9,17,7,14,6,11,4,7,1,3,58,6,-4,-8,-7,-12,-8,-16,-9,-20,-9,-22,-9,-23,0,0,-7,-24,-6,-22,-4,-20,-3,-16,-2,-12,1,-6,16,0,3,8,4,14,3,21,3,25,3,29,2,31,2,33,1,32,0,32,0,29,-1,29,-2,26,-2,23,-51,15,-1,14,0,8,2,2,5,-4,8,-9,11,-12,14,-12,-3,3,-1,8,7,11,16,4,17,-8,6,-19,-10,-18,-22,16,-17,11,-3,19,11,13,16,1,9,-11,-3,-11,-10,-2,-5,8,7,9,14,-3,7,-17,-11,-20,-27,-7,-28,14,-6,31,17,26,29,6,25,-14,7,-24,-10,-19,0,0,-10,4,-3,5,-1,1,-5,0,-10,6,-5,16,11,20,22,10,24,-8,12,-22,-5,-24,-17,-12,-17,3,-9,11,0,9,2,4,-1,2,-2,8,4,12,17,10,24,13,20,-26,-3,-38,-31,-31,-45,-4,-37,27,-11,40,15,33]"
CSI_DATA,57375,d8:b1:90:d9:de:f0,-53,11,-99,-37,54,116,844278636,100,0,228,0,"[9,-12,8,-13,6,-15,3,-18,1,-19,-2,-20,-4,-20,102,-7,-7,-20,-9,-20,-10,-20,-12,-20,-13,-19,-14,-19,-14,-18,-13,-16,-12,-15,-11,-13,-8,-11,-5,-7,-1,-3,61,6,5,7,7,11,9,15,9,20,9,22,9,24,0,0,7,25,5,24,2,21,1,18,-1,12,-2,6,-36,15,-2,-8,-2,-15,-1,-22,0,-26,2,-30,4,-31,6,-32,7,-32,8,-31,9,-29,9,-27,10,-25,9,-23,123,0,6,-13,3,-7,-1,-2,-5,2,-10,5,-14,5,-16,5,3,-3,-2,-8,-10,-7,-16,2,-12,14,1,21,16,15,15,-22,13,-15,-2,-20,-14,-10,-15,3,-6,12,6,10,10,1,4,-9,-8,-7,-13,5,-4,19,14,19,27,2,26,-18,3,-33,-20,-26,-31,-4,-25,16,-6,26,9,20,0,0,11,-4,4,-5,1,-1,5,0,10,-5,6,-14,-9,-21,-21,-13,-26,4,-16,21,1,26,15,16,20,2,12,-8,3,-8,1,-5,3,-3,4,-7,-2,-13,-14,-14,-20,-21,-29,19,-11,39,18,42,42,22,46,-9,28,-33,1,-38]"
CSI_DATA,57376,d8:b1:90:d9:de:f0,-53,11,-99,-37,54,116,844289088,100,0,228,0,"[-14,-5,-15,-3,-16,0,-16,4,-18,7,-16,10,-15,13,102,-7,-13,18,-11,20,-9,21,-7,22,-6,22,-4,23,-4,23,-3,22,-2,21,-1,18,-1,14,0,9,0,3,61,6,0,-8,0,-13,1,-18,2,-22,2,-24,2,-26,0,0,4,-25,5,-24,5,-21,5,-16,5,-11,4,-5,59,0,2,8,1,16,-1,21,-3,26,-4,30,-5,32,-6,33,-7,32,-7,32,-7,30,-6,29,-6,26,-5,24,-105,15,-3,14,-1,8,1,2,5,-3,8,-7,11,-10,13,-11,-4,-1,-7,4,-3,12,8,14,20,5,19,-10,6,-22,-26,-2,-21,-3,-15,12,-1,18,12,11,13,-3,5,-10,-5,-8,-8,3,1,10,13,5,14,-11,1,-24,-21,-19,-31,0,-21,25,4,33,25,21,30,-2,18,-20,-1,-23,0,0,-12,0,-6,4,-1,2,-5,-2,-10,2,-10,13,4,23,18,18,27,0,20,-18,2,-25,-13,-19,-19,-4,-12,6,-4,8,-1,5,-2,4,-2,8,4,13,18,12,23,15,24,-26,1,-41,-29,-34,-47,-7,-41,25,-13,42,13,36]"
CSI_DATA,57377,d8:b1:90:d9:de:f0,-53,11,-99,-37,54,116,844299779,100,0,228,0,"[13,-7,13,-9,12,-11,9,-15,7,-16,5,-19,3,-20,102,-7,0,-22,-2,-22,-3,-22,-5,-22,-6,-22,-8,-22,-8,-22,-8,-21,-8,-19,-6,-16,-5,-13,-3,-8,-1,-3,61,6,3,8,4,12,4,18,4,22,3,24,2,26,0,0,-1,26,-2,24,-3,22,-4,18,-5,12,-4,5,-50,15,-2,-8,0,-15,2,-21,5,-26,7,-29,9,-30,11,-31,12,-30,13,-30,13,-27,13,-26,13,-23,12,-21,-129,0,8,-12,4,-8,0,-3,-5,1,-10,3,-14,4,-18,3,3,-2,2,-8,-7,-11,-16,-5,-18,9,-7,21,9,21,23,-13,19,-10,5,-20,-9,-15,-15,-3,-11,9,0,11,9,4,6,-6,-5,-9,-13,2,-8,16,9,22,26,10,29,-10,11,-30,-12,-30,-29,-12,-29,9,-13,23,5,22,0,0,12,-1,5,-5,1,-2,4,2,11,-2,10,-12,-4,-23,-18,-18,-26,-2,-21,16,-5,25,11,20,19,7,14,-4,6,-7,2,-5,3,-4,4,-8,0,-14,-13,-16,-15,-22,-30,15,-15,37,12,43,40,26,47,-5,31,-30,5,-38]"
CSI_DATA,57378,d8:b1:90:d9:de:f0,-53,11,-99,-39,55,116,844309891,100,0,228,0,"[-1,16,1,16,3,17,6,16,9,16,11,15,13,15,97,-7,17,13,18,12,19,11,20,10,20,10,21,9,21,8,20,8,18,8,16,7,13,6,8,4,3,1,58,6,-7,-4,-10,-7,-14,-11,-16,-13,-16,-16,-17,-18,0,0,-14,-20,-12,-20,-9,-19,-6,-16,-2,-12,1,-7,6,0,6,6,8,12,9,19,9,24,8,28,6,31,4,31,3,32,1,31,-1,30,-1,28,-3,26,-4,23,-29,15,-3,15,-1,9,2,3,5,-2,8,-5,12,-6,15,-7,0,4,6,6,13,0,13,-11,3,-19,-13,-17,-22,-4,-2,26,-4,20,11,16,18,2,13,-10,-1,-14,-9,-7,-9,4,0,9,9,3,8,-10,-5,-17,-20,-10,-25,10,-14,27,11,30,29,15,30,-8,15,-25,-5,-26,-17,-14,0,0,-9,9,-1,7,0,2,-4,1,-7,7,-2,15,15,16,23,6,23,-10,10,-23,-7,-23,-18,-12,-18,2,-10,9,-2,9,0,5,-2,6,-1,9,7,13,19,10,23,14,22,-25,1,-40,-27,-35,-45,-11,-41,19,-20,38,7,36]"
CSI_DATA,57379,d8:b1:90:d9:de:f0,-53,11,-99,-37,54,116,844328749,100,0,228,0,"[15,1,16,-1,16,-4,16,-6,16,-9,15,-12,15,-14,102,-7,12,-18,11,-19,10,-20,9,-22,9,-22,7,-22,7,-22,7,-22,7,-20,6,-16,5,-13,4,-9,2,-3,61,6,-3,7,-7,11,-9,14,-12,18,-15,19,-18,19,0,0,-20,18,-20,15,-20,11,-16,8,-13,4,-8,0,-104,15,5,-7,10,-10,18,-11,23,-12,27,-12,30,-10,32,-9,32,-7,32,-5,30,-4,29,-3,27,-2,24,0,25,1,13,0,8,-1,2,-2,-4,-4,-7,-7,-10,-11,-11,-14,4,0,6,-6,1,-13,-11,-13,-21,-2,-18,13,-3,23,28,2,22,3,16,-13,2,-20,-12,-12,-14,1,-7,10,3,9,8,0,2,-9,-10,-7,-16,6,-7,22,12,25,28,12,30,-14,12,-31,-11,-30,-27,-13,-26,7,-12,20,0,0,9,9,7,0,2,0,2,4,9,7,16,-1,13,-19,3,-25,-14,-23,-27,-7,-24,11,-10,21,5,19,12,9,10,1,7,-1,5,0,9,-1,12,-8,6,-21,9,-26,-30,-18,-41,6,-30,33,-2,47,28,38,43,12,36,-13]"
CSI_DATA,57380,d8:b1:90:d9:de:f0,-53,11,-99,-37,54,116,844338838,100,0,228,0,"[-16,4,-15,6,-14,8,-13,12,-11,15,-9,19,-6,20,102,-7,-1,22,2,23,4,22,5,22,7,23,9,22,10,22,10,20,10,19,9,16,8,13,5,9,2,4,61,6,-5,-6,-7,-11,-10,-15,-12,-19,-13,-21,-13,-23,0,0,-11,-24,-10,-23,-9,-21,-6,-18,-3,-13,1,-8,1,0,7,3,11,10,13,16,15,21,16,25,16,27,16,29,16,29,15,29,15,27,14,26,12,24,10,21,-110,0,6,12,4,7,3,1,2,-5,1,-11,2,-15,3,-19,-4,1,-4,7,4,12,15,7,20,-6,10,-20,-7,-22,-25,12,-21,9,-6,21,9,16,18,3,11,-10,-1,-12,-9,-4,-5,6,6,7,12,-3,5,-16,-13,-19,-28,-3,-25,19,-2,33,23,25,32,1,23,-21,2,-26,-14,-18,0,0,-11,8,-2,7,-1,3,-5,2,-7,8,0,16,19,14,26,2,22,-16,5,-27,-14,-23,-23,-6,-18,8,-6,13,2,11,3,6,3,5,5,8,13,7,22,-4,27,-4,-1,-36,-28,-30,-46,-5,-39,27,-12,46,18,40,34,16]"
CSI_DATA,57381,d8:b1:90:d9:de:f0,-53,11,-99,-37,54,116,844348980,100,0,228,0,"[-12,-10,-14,-8,-16,-6,-18,-3,-20,0,-20,3,-19,6,102,-7,-19,11,-18,13,-16,15,-16,16,-15,19,-14,20,-13,20,-12,20,-11,19,-10,15,-8,12,-6,8,-3,3,61,6,3,-7,6,-11,9,-14,13,-18,15,-20,18,-20,0,0,20,-19,19,-18,19,-14,15,-10,13,-6,9,-1,113,0,-2,8,-7,13,-13,16,-18,20,-22,21,-24,21,-26,20,-27,20,-26,19,-26,16,-24,15,-23,14,-21,12,28,15,-12,7,-6,5,0,2,6,1,11,0,15,2,18,4,-2,-2,-8,1,-6,10,3,16,16,11,22,-4,13,-20,-24,-13,-20,-12,-21,5,-9,18,6,16,14,5,10,-7,0,-10,-8,-2,-4,8,8,9,18,-3,11,-20,-8,-26,-28,-14,-31,11,-14,30,10,31,28,14,26,-7,13,-20,0,0,-10,-8,-8,0,-3,0,-3,-4,-10,-4,-16,4,-8,22,3,26,21,18,28,-1,20,-19,2,-24,-11,-16,-14,-5,-10,2,-6,4,-5,3,-7,6,-6,14,5,21,6,26,34,-2,30,-28,5,-46,-27,-39,-45,-12,-41,18,-18,33]"
CSI_DATA,57382,d8:b1:90:d9:de:f0,-53,11,-99,-40,55,116,844368837,100,0,228,0,"[-12,11,-11,13,-8,15,-5,17,-2,19,1,18,5,19,99,-7,11,17,14,16,16,14,18,13,20,11,21,10,22,8,22,7,20,5,19,5,15,3,11,2,5,2,59,6,-7,1,-12,0,-17,0,-20,-1,-23,-1,-25,-2,0,0,-26,-2,-25,-3,-22,-4,-19,-5,-14,-5,-8,-6,-98,15,6,-7,13,-7,20,-7,24,-7,28,-8,30,-7,31,-7,32,-7,31,-6,29,-7,27,-7,25,-6,23,-6,16,1,13,-4,7,-4,1,-1,-6,-2,-11,-2,-15,-3,-17,-5,-2,1,0,7,9,7,15,-2,12,-15,-3,-21,-18,-13,-13,24,-10,19,7,20,18,7,15,-8,3,-15,-9,-10,-10,2,-1,8,8,2,6,-10,-8,-14,-22,-2,-18,18,0,31,23,21,32,-3,20,-25,-4,-29,-21,-17,-23,2,0,0,0,14,6,7,2,2,0,5,4,9,14,7,18,-12,12,-21,-6,-26,-22,-14,-25,5,-14,19,2,20,11,12,11,2,8,-2,6,-1,9,-4,9,-12,0,-21,1,-25,-33,-4,-32,22,-10,43,22,42,43,16,40,-14,17,-32]"
CSI_DATA,57383,d8:b1:90:d9:de:f0,-53,11,-99,-38,54,116,844388704,100,0,228,0,"[-16,7,-16,9,-15,11,-13,15,-9,17,-6,19,-3,19,105,-7,4,20,6,21,9,20,11,20,13,20,16,19,16,18,17,18,17,16,15,14,13,11,8,8,5,4,63,6,-4,-5,-8,-8,-11,-13,-16,-15,-17,-18,-18,-19,0,0,-17,-22,-16,-22,-14,-21,-10,-19,-5,-16,-1,-11,-19,16,8,-1,14,5,18,10,20,16,22,19,23,23,23,25,23,26,21,26,20,23,18,22,17,20,15,19,-89,0,8,11,4,6,1,0,-1,-6,-2,-13,-2,-16,-1,-19,-3,0,-2,7,6,10,17,4,17,-10,5,-22,-14,-20,-23,17,-18,15,-2,22,15,15,19,0,10,-14,-3,-15,-10,-4,-6,6,5,6,10,-5,1,-16,-17,-14,-27,4,-18,25,6,33,29,19,34,-6,18,-27,-4,-29,-20,-15,0,0,-10,11,-1,9,1,4,-3,3,-4,9,4,15,21,5,26,-3,18,-22,-1,-29,-19,-20,-26,-2,-18,13,-5,17,5,13,6,6,5,5,8,5,15,2,19,-9,22,-10,-9,-33,-34,-22,-45,6,-32,35,-2,47,27,34,37,8]"
CSI_DATA,57384,d8:b1:90:d9:de:f0,-53,11,-99,-36,54,116,844399001,100,0,228,0,"[8,-15,7,-16,5,-17,2,-18,-1,-18,-3,-18,-7,-18,99,-7,-12,-16,-14,-14,-16,-14,-18,-13,-19,-12,-21,-11,-21,-10,-21,-9,-20,-8,-18,-7,-15,-6,-11,-4,-6,-2,59,6,6,3,10,6,14,9,17,12,19,15,20,17,0,0,20,18,18,20,15,19,12,18,7,15,2,12,23,0,-8,1,-13,-4,-17,-10,-18,-15,-20,-19,-20,-22,-20,-24,-19,-25,-18,-25,-16,-25,-14,-24,-13,-22,-11,-20,-125,15,-5,-11,-4,-6,-1,0,0,7,-1,12,-3,16,-5,18,2,-2,-2,-7,-10,-6,-15,5,-9,18,7,20,21,10,12,-24,9,-20,-8,-20,-19,-7,-17,9,-4,17,8,12,11,0,4,-8,-7,-5,-8,7,4,14,19,8,23,-11,9,-27,-14,-28,-30,-11,-30,13,-11,28,10,26,22,10,0,0,8,-12,-1,-9,-2,-3,2,-3,4,-8,-5,-15,-20,-4,-24,4,-17,20,1,28,19,19,24,3,17,-12,5,-17,-3,-12,-5,-7,-5,-4,-7,-6,-13,-3,-19,6,-23,5,3,32,26,27,43,4,38,-25,13,-43,-15,-39,-31,-17]"
CSI_DATA,57385,d8:b1:90:d9:de:f0,-53,11,-99,-36,54,116,844409460,100,0,228,0,"[15,-8,15,-10,13,-12,11,-15,8,-16,5,-18,2,-19,99,-7,-5,-19,-8,-18,-11,-18,-13,-17,-16,-15,-18,-14,-19,-13,-19,-12,-19,-10,-17,-9,-15,-7,-11,-5,-5,-2,59,6,6,3,10,6,15,7,19,10,21,11,24,13,0,0,24,14,23,14,21,13,17,13,13,11,7,10,91,0,-6,4,-12,2,-19,-1,-23,-3,-26,-5,-28,-7,-30,-8,-30,-8,-29,-8,-27,-8,-26,-8,-24,-7,-21,-7,0,15,-12,-4,-7,-1,0,1,5,4,10,7,13,11,14,14,3,-1,2,-7,-6,-11,-15,-4,-16,12,-3,21,14,18,21,-18,16,-16,-1,-22,-17,-13,-18,4,-8,16,6,13,11,2,5,-7,-6,-6,-8,6,2,15,18,9,23,-10,9,-27,-15,-28,-31,-9,-28,16,-8,29,15,24,23,6,0,0,5,-14,-4,-9,-3,-3,1,-3,1,-9,-10,-12,-19,4,-20,14,-6,26,15,24,27,7,22,-11,7,-20,-6,-16,-10,-7,-9,-1,-7,1,-8,1,-11,6,-8,17,-12,19,25,18,37,-3,28,-30,2,-45,-27,-33,-40,-7,-30,17]"
CSI_DATA,57386,d8:b1:90:d9:de:f0,-53,11,-99,-38,55,116,844419632,100,0,228,0,"[15,-6,15,-8,14,-11,12,-13,10,-15,6,-17,5,-18,94,-6,0,-19,-2,-19,-5,-19,-8,-20,-10,-18,-12,-18,-14,-17,-14,-16,-14,-15,-12,-13,-11,-10,-8,-7,-3,-2,56,5,3,5,6,9,10,12,12,16,13,19,14,21,0,0,14,22,12,22,10,21,8,19,4,15,1,11,14,0,-6,0,-10,-5,-13,-11,-15,-15,-17,-19,-17,-22,-17,-24,-16,-24,-16,-24,-15,-24,-13,-22,-12,-21,-10,-19,119,14,-6,-10,-3,-5,0,0,0,6,0,11,0,16,-1,18,2,0,2,-6,-4,-10,-14,-4,-17,8,-5,20,11,20,24,-13,18,-12,3,-21,-13,-16,-19,0,-10,13,2,14,10,4,7,-5,-3,-7,-10,2,-3,14,13,14,24,0,18,-20,-2,-30,-24,-20,-31,2,-19,22,1,27,17,15,0,0,10,-9,0,-8,-1,-2,1,-1,5,-7,-1,-14,-17,-6,-23,0,-19,17,-1,27,16,21,23,3,17,-10,5,-16,-3,-11,-5,-5,-4,-3,-6,-4,-11,-2,-16,5,-21,4,3,30,27,23,39,0,32,-27,6,-40,-20,-34,-32,-11]"
CSI_DATA,57387,d8:b1:90:d9:de:f0,-50,11,-99,-36,52,116,844434544,277,0,106,0,"[152,19,-54,0,106,19,-68,0,63,19,-111,0,37,19,-160,0,18,19,124,0,-18,18,90,0,-33,18,84,0,-1,18,79,0,84,19,60,0,-99,19,0,0,54,0,-102,19,160,0,103,19,-132,0,11,19,0,0,0,0,90,0,-76,18,14,0,-3,18,-47,19,160,19,-50,19,58,0,14,0,-59,0,114,0,67,1,-132,0,86,1,-72,0,51,1,-51,0,-9,0,-76,0,-90,0,156,0,138,0,-9,19,69,0,146,19]"
CSI_DATA,57388,d8:b1:90:d9:de:f0,-53,11,-99,-36,54,116,844448871,100,0,228,0,"[9,15,11,15,13,13,16,11,17,10,19,7,19,4,99,-7,21,-1,20,-4,20,-6,20,-8,20,-10,20,-11,20,-13,19,-13,18,-13,16,-11,13,-10,9,-7,4,-4,59,6,-7,3,-12,5,-16,7,-20,8,-23,9,-25,9,0,0,-27,8,-26,5,-25,4,-22,2,-17,-1,-11,-2,119,15,3,-5,10,-7,16,-6,22,-6,26,-5,29,-4,30,-3,31,-1,30,-1,29,0,27,1,25,1,22,1,15,1,13,1,7,0,1,-2,-5,-5,-10,-8,-12,-11,-14,-14,1,3,8,2,11,-6,4,-16,-10,-17,-22,-5,-20,13,16,26,14,20,23,3,17,-13,1,-20,-13,-13,-16,1,-7,11,5,9,9,-3,-1,-11,-15,-6,-18,10,-5,25,16,23,32,4,26,-20,5,-32,-17,-25,-26,-6,-21,13,0,0,7,14,8,4,4,0,1,4,6,8,15,4,14,-13,10,-22,-8,-26,-24,-14,-27,6,-15,20,1,21,12,13,13,2,7,-2,6,-2,7,-2,9,-7,5,-17,9,-21,-26,-15,-36,7,-25,32,1,44,28,33,40,7,31,-16]"
CSI_DATA,57389,d8:b1:90:d9:de:f0,-53,11,-99,-39,55,116,844469127,100,0,228,0,"[11,-14,11,-16,10,-17,8,-18,5,-19,2,-20,1,-20,97,-7,-4,-20,-6,-20,-8,-19,-10,-20,-12,-20,-12,-20,-13,-20,-13,-20,-12,-18,-11,-17,-9,-14,-6,-9,-3,-4,58,6,0,8,3,13,2,18,1,22,1,25,0,27,0,0,-4,29,-6,26,-7,24,-8,20,-9,14,-7,9,-92,15,-3,-5,1,-12,4,-17,9,-21,13,-24,16,-26,18,-26,20,-25,21,-23,20,-21,20,-19,20,-16,18,-14,-42,0,12,-7,5,-5,-1,-2,-8,-2,-14,-3,-16,-4,-18,-6,4,-2,1,-8,-9,-8,-17,1,-15,14,0,23,17,18,24,-19,18,-17,1,-23,-15,-15,-20,0,-12,13,2,15,11,7,9,-5,-2,-8,-12,0,-8,14,8,19,24,8,26,-12,10,-30,-14,-30,-31,-13,-30,10,-14,24,4,23,0,0,14,-2,7,-6,2,-3,4,2,10,0,12,-11,-3,-20,-13,-21,-27,-8,-25,12,-11,25,7,25,18,13,18,-1,10,-9,3,-8,2,-5,4,-6,2,-12,-6,-16,-6,-23,-31,4,-26,27,-4,42,24,37,41,15,39,-14,20,-30]"
CSI_DATA,57390,d8:b1:90:d9:de:f0,-53,11,-99,-37,54,116,844479404,100,0,228,0,"[-9,16,-9,18,-7,19,-3,21,0,21,3,21,6,19,102,-7,12,16,14,15,16,14,19,12,21,11,22,9,23,8,23,7,23,6,20,5,16,4,11,2,6,1,61,6,-6,-4,-11,-5,-16,-8,-21,-11,-23,-12,-25,-14,0,0,-25,-16,-23,-16,-21,-16,-16,-15,-11,-13,-5,-10,-72,15,6,-2,13,3,18,7,21,11,24,15,25,19,26,20,25,20,25,21,23,20,22,20,20,18,18,15,-62,0,10,8,7,4,3,-1,0,-7,-2,-12,-3,-16,-2,-20,-4,3,2,9,11,7,18,-5,10,-19,-7,-23,-23,-10,-14,28,-10,24,10,23,22,7,19,-10,4,-19,-10,-13,-13,0,-5,9,6,6,8,-7,-4,-14,-20,-7,-23,12,-7,28,18,28,33,6,29,-18,8,-31,-13,-25,-24,-7,0,0,-4,14,3,8,3,2,-2,2,-3,10,7,14,21,2,25,-8,13,-26,-7,-29,-24,-15,-25,4,-14,18,0,18,8,10,7,3,5,2,6,4,12,1,16,-9,23,-10,-11,-30,-33,-19,-43,8,-28,37,2,46,28,31,37,5]"
CSI_DATA,57391,d8:b1:90:d9:de:f0,-53,11,-99,-37,55,116,844491726,100,0,228,0,"[0,17,0,18,2,19,4,18,6,18,8,17,9,16,91,-6,13,14,14,14,15,12,16,12,17,12,18,12,18,12,18,12,16,11,16,10,13,8,9,5,6,1,54,5,0,-7,-2,-12,-1,-17,-2,-20,-2,-23,0,-24,0,0,3,-26,5,-24,6,-22,8,-18,8,-13,7,-7,84,0,0,4,-3,10,-7,14,-13,16,-17,17,-20,17,-21,16,-24,15,-24,13,-24,11,-23,9,-22,7,-19,5,0,14,-12,3,-6,2,0,4,3,7,7,11,8,13,8,16,-2,4,3,8,13,2,14,-9,4,-19,-11,-19,-22,-6,-9,27,-6,22,10,20,19,6,18,-8,4,-16,-8,-13,-13,-1,-7,8,4,8,10,-1,4,-14,-11,-15,-22,-2,-18,14,-3,29,16,25,29,6,25,-13,8,-23,-7,-20,0,0,-13,3,-4,6,0,1,-1,-3,-9,-1,-13,7,-1,16,7,22,22,12,26,-4,16,-19,0,-23,-13,-15,-15,-3,-10,5,-3,5,-2,2,-4,1,-7,7,-2,16,-5,24,25,12,33,-7,23,-29,0,-39,-23,-33,-36,-10,-31,11]"
CSI_DATA,57392,d8:b1:90:d9:de:f0,-53,11,-99,-37,54,116,844508538,100,0,228,0,"[18,9,20,9,21,6,21,3,21,1,21,-2,20,-5,102,-7,18,-11,16,-12,14,-15,13,-16,12,-19,11,-21,10,-21,9,-21,8,-21,7,-18,6,-15,3,-11,1,-5,61,6,-5,6,-8,10,-12,14,-14,16,-18,19,-21,20,0,0,-23,19,-23,16,-23,13,-20,10,-18,6,-12,2,121,15,0,-7,7,-10,13,-13,19,-15,23,-15,26,-15,28,-14,28,-12,29,-12,27,-11,26,-10,24,-8,22,-7,-15,0,12,-5,6,-5,-1,-4,-7,-4,-11,-5,-14,-7,-15,-10,3,4,9,-2,7,-12,-5,-18,-20,-10,-23,7,-12,24,28,18,24,10,24,-9,8,-22,-9,-20,-19,-5,-14,9,-1,14,9,7,8,-5,-4,-9,-14,1,-10,16,8,23,25,11,29,-12,13,-30,-11,-31,-27,-14,-27,7,-13,21,0,0,10,9,8,-1,2,-1,2,3,8,6,16,-2,9,-20,1,-26,-19,-22,-28,-4,-24,15,-7,25,9,21,16,8,12,-2,6,-5,4,-3,6,-4,7,-10,0,-19,1,-25,-31,-6,-33,18,-15,40,13,43,39,24,42,-5,25,-26]"
CSI_DATA,57393,d8:b1:90:d9:de:f0,-53,11,-99,-38,55,116,844518787,100,0,228,0,"[-8,-17,-10,-17,-11,-16,-13,-15,-15,-12,-17,-10,-18,-7,94,-6,-19,-3,-20,0,-20,0,-20,2,-21,3,-21,4,-21,5,-21,6,-20,6,-17,5,-14,4,-10,3,-4,1,56,5,6,0,13,0,17,1,21,2,24,4,26,6,0,0,26,9,25,10,22,11,17,12,12,11,5,9,80,0,-6,3,-11,-1,-15,-6,-19,-11,-21,-15,-22,-18,-21,-20,-20,-21,-19,-22,-17,-21,-15,-21,-13,-19,-10,-17,107,14,-6,-10,-3,-4,-2,0,-3,7,-4,11,-5,15,-7,16,0,-4,-8,-3,-12,6,-5,17,8,20,22,8,23,-9,-9,-30,-10,-22,-22,-7,-20,10,-6,20,9,16,16,3,10,-8,0,-11,-8,-1,-3,8,8,9,18,-1,12,-19,-4,-25,-24,-15,-30,5,-18,25,2,29,19,17,23,0,0,0,1,-13,-3,-7,-1,-1,1,-3,0,-10,-8,-13,-20,0,-23,9,-11,24,6,27,22,15,24,0,14,-13,1,-15,-5,-10,-6,-4,-3,-2,-5,-4,-11,-3,-17,4,-23,5,0,30,22,28,39,8,37,-19,17,-37,-8,-37,-27,-21]"
CSI_DATA,57394,d8:b1:90:d9:de:f0,-53,11,-99,-40,55,116,844528796,100,0,228,0,"[21,4,22,3,22,2,22,-1,23,-4,21,-6,20,-8,99,-7,17,-12,16,-14,15,-16,14,-17,13,-19,12,-19,11,-20,10,-20,10,-19,8,-17,6,-15,4,-12,0,-7,59,6,-8,2,-12,5,-16,8,-20,8,-23,9,-25,9,0,0,-27,7,-27,5,-25,3,-22,0,-17,-1,-11,-3,127,15,3,-3,10,-2,17,0,21,3,25,5,26,8,27,10,27,11,26,12,24,13,23,13,20,12,17,10,-62,0,11,5,8,1,5,-4,2,-10,1,-14,3,-18,4,-19,5,5,11,-3,6,-14,-8,-18,-22,-8,-23,10,-10,25,30,14,24,8,22,-11,8,-23,-11,-20,-20,-4,-15,11,-1,16,11,8,10,-5,-1,-12,-14,-4,-15,13,0,24,17,16,30,-2,21,-23,-1,-32,-20,-21,-27,-2,-18,15,0,0,7,12,8,2,2,-2,-2,3,2,10,14,9,17,-6,16,-19,0,-27,-19,-21,-27,-3,-20,14,-5,20,7,15,10,6,6,0,3,0,5,3,11,1,15,-8,23,-14,-8,-28,-29,-20,-40,4,-29,29,-4,41,20,33,31,12]"
CSI_DATA,57395,d8:b1:90:d9:de:f0,-53,11,-99,-37,55,116,844548641,100,0,228,0,"[11,-16,11,-17,9,-19,6,-21,4,-21,0,-20,-1,-21,91,-6,-7,-19,-9,-17,-12,-16,-14,-16,-15,-14,-16,-13,-17,-12,-17,-11,-17,-10,-16,-8,-13,-6,-10,-3,-4,0,54,5,4,5,9,8,13,12,15,15,16,17,17,19,0,0,17,21,16,21,13,20,10,18,7,15,2,11,22,0,-5,0,-8,-6,-10,-12,-12,-16,-13,-21,-13,-23,-13,-25,-12,-25,-11,-24,-10,-23,-9,-22,-8,-20,-7,-17,-84,14,-5,-9,-5,-5,-5,0,-4,6,-5,10,-7,16,-9,16,3,-2,0,-9,-12,-8,-17,2,-12,18,4,23,20,14,20,-26,13,-21,-6,-23,-20,-9,-20,8,-6,18,8,15,15,1,7,-9,-5,-9,-10,1,-2,14,14,13,22,-3,14,-18,-6,-28,-26,-15,-28,7,-14,23,5,24,17,12,0,0,8,-9,0,-7,0,0,3,-1,5,-7,-1,-16,-16,-9,-24,0,-19,16,-3,27,14,21,22,5,16,-8,5,-15,-2,-10,-4,-4,-1,-3,-2,-5,-9,-6,-16,0,-23,0,-4,28,17,30,36,12,37,-16,18,-35,-7,-36,-25,-19]"
CSI_DATA,57396,d8:b1:90:d9:de:f0,-53,11,-99,-36,54,116,844558695,100,0,228,0,"[19,-7,21,-9,20,-11,19,-14,16,-15,15,-18,12,-19,99,-7,7,-20,6,-21,3,-21,1,-22,-1,-22,-3,-22,-4,-22,-5,-21,-5,-20,-4,-17,-4,-14,-3,-9,-2,-4,59,6,-1,9,-1,14,-2,18,-3,22,-4,25,-6,27,0,0,-8,28,-9,26,-10,24,-10,19,-9,14,-7,8,-94,15,-1,-4,2,-11,6,-16,10,-19,13,-22,16,-22,18,-23,18,-22,19,-22,17,-19,18,-18,16,-16,14,-14,-79,0,7,-8,2,-7,-2,-4,-8,-2,-13,-2,-17,-3,-19,-5,5,-1,5,-9,-4,-14,-17,-9,-22,7,-12,23,8,25,34,-8,25,-8,10,-23,-9,-21,-21,-8,-18,10,-4,18,10,12,13,-2,3,-12,-10,-7,-13,8,-1,20,18,16,25,-1,18,-24,-5,-31,-23,-19,-29,2,-17,19,0,23,0,0,13,1,5,-4,1,-2,3,3,11,1,13,-9,0,-19,-12,-22,-26,-10,-26,10,-12,24,6,23,17,12,17,-1,9,-7,2,-6,2,-3,4,-5,3,-11,-7,-16,-9,-23,-29,6,-22,27,0,41,26,32,42,7,34,-19,13,-31]"
CSI_DATA,57397,d8:b1:90:d9:de:f0,-53,11,-99,-39,55,116,844569583,100,0,228,0,"[19,4,21,3,22,0,22,-3,21,-6,19,-9,18,-13,97,-7,13,-17,12,-18,9,-20,7,-20,5,-22,3,-22,3,-23,2,-23,1,-22,1,-18,0,-15,1,-10,1,-3,58,6,0,9,-1,15,-1,20,-3,23,-3,27,-5,29,0,0,-7,30,-9,26,-9,25,-9,20,-8,15,-7,9,-97,15,-3,-5,0,-12,3,-18,5,-22,7,-26,10,-28,11,-29,12,-27,12,-27,11,-25,11,-24,11,-21,9,-18,122,0,5,-10,1,-6,-3,0,-8,4,-12,6,-16,8,-18,7,5,1,8,-6,1,-15,-12,-15,-23,-2,-19,16,-3,26,34,6,26,1,18,-17,-1,-22,-16,-14,-20,3,-9,14,5,13,11,1,4,-10,-9,-7,-14,7,-2,20,17,19,29,2,22,-22,-2,-33,-22,-22,-29,0,-20,18,-2,23,0,0,12,3,7,-3,3,0,6,2,13,-1,12,-13,-4,-22,-17,-21,-29,-4,-25,16,-7,27,11,23,20,8,17,-6,6,-10,0,-9,0,-5,2,-7,-3,-12,-13,-12,-16,-16,-24,19,-8,34,19,35,40,16,40,-14,20,-34,-6,-34]"
CSI_DATA,57398,d8:b1:90:d9:de:f0,-53,11,-99,-36,54,116,844588639,100,0,228,0,"[0,20,0,21,2,22,5,21,6,22,8,20,10,20,99,-7,13,18,15,16,16,16,16,16,18,15,18,15,18,15,17,14,16,14,13,13,11,10,6,7,2,2,59,6,-5,-8,-7,-13,-8,-19,-7,-23,-6,-26,-5,-28,0,0,-1,-29,2,-27,4,-24,5,-20,5,-15,5,-8,56,0,-1,5,-5,11,-10,16,-14,19,-17,20,-20,21,-23,20,-23,18,-24,17,-23,15,-23,12,-21,10,-18,9,25,15,-9,5,-5,5,1,5,7,6,11,8,14,11,13,14,-1,4,6,6,14,0,13,-11,3,-22,-13,-19,-25,-6,-10,33,-6,24,12,21,22,6,18,-11,4,-19,-10,-13,-14,0,-6,11,7,10,13,-3,6,-16,-12,-19,-27,-4,-26,15,-6,31,18,28,31,9,27,-13,10,-24,-6,-22,0,0,-12,1,-5,5,-1,0,-5,-3,-12,1,-14,12,-2,22,14,23,27,9,27,-10,13,-24,-5,-24,-15,-13,-16,0,-9,6,-3,5,-2,2,-6,3,-7,9,-1,18,-1,26,29,8,33,-14,18,-37,-8,-42,-31,-27,-39,-3,-28,19]"
CSI_DATA,57399,d8:b1:90:d9:de:f0,-53,11,-99,-36,54,116,844598813,100,0,228,0,"[-19,2,-20,4,-20,6,-19,9,-19,11,-16,14,-15,16,99,-7,-11,19,-9,20,-7,21,-6,22,-4,23,-3,23,-3,23,-2,23,-2,22,-2,18,-1,14,-1,9,-1,3,59,6,1,-9,2,-16,5,-20,6,-23,8,-26,9,-26,0,0,12,-26,13,-24,12,-20,11,-17,9,-12,6,-6,89,0,-2,6,-8,11,-12,14,-16,18,-20,20,-22,20,-23,21,-24,19,-23,19,-22,17,-21,15,-19,14,-17,11,39,15,-9,7,-4,5,2,3,8,4,13,4,16,4,18,6,-4,0,-5,7,2,13,14,11,21,-2,14,-18,-2,-24,-33,2,-24,4,-13,19,5,21,17,10,18,-6,6,-15,-8,-12,-12,2,-2,11,12,8,16,-8,4,-22,-17,-21,-30,-6,-25,21,-3,33,20,26,30,4,22,-15,5,-22,0,0,-11,-4,-6,2,-2,0,-4,-5,-12,-4,-17,8,-7,21,8,25,25,14,28,-6,16,-22,-2,-24,-15,-13,-15,-1,-8,7,-2,6,-2,2,-6,3,-6,11,3,18,6,26,31,-1,28,-24,6,-41,-23,-37,-41,-13,-38,15,-16,30]"
CSI_DATA,57400,d8:b1:90:d9:de:f0,-53,11,-99,-36,54,116,844608894,100,0,228,0,"[-8,15,-7,17,-4,17,-1,18,3,18,6,17,10,17,99,-7,15,13,17,11,19,9,21,8,22,6,24,4,23,3,23,2,21,1,19,2,15,1,9,2,3,3,59,6,-9,4,-15,4,-20,5,-24,4,-26,4,-28,3,0,0,-28,2,-27,1,-23,0,-20,-1,-15,-2,-8,-3,-103,15,7,-4,13,-5,20,-5,25,-5,28,-6,30,-5,31,-4,31,-5,30,-5,28,-4,26,-4,24,-4,21,-2,-12,0,11,-2,5,-2,-2,-1,-8,-2,-13,-3,-17,-4,-18,-6,-1,3,4,6,12,3,14,-8,6,-19,-11,-18,-22,-5,-7,28,-3,23,14,17,21,1,13,-13,-3,-17,-12,-7,-10,6,1,10,10,1,4,-12,-11,-13,-22,2,-16,22,2,34,27,18,33,-7,17,-28,-7,-30,-23,-16,-23,4,0,0,-1,13,4,7,1,4,1,8,7,12,18,6,21,-13,11,-25,-8,-28,-25,-14,-27,7,-13,21,4,20,13,11,11,0,6,-3,4,-1,7,-3,9,-9,2,-18,1,-23,-30,-8,-32,18,-13,39,16,41,39,19,39,-9,20,-27]"
CSI_DATA,57401,d8:b1:90:d9:de:f0,-53,11,-99,-37,54,116,844618934,100,0,228,0,"[-15,9,-15,10,-14,13,-12,15,-10,19,-7,19,-4,21,102,-7,3,21,5,21,8,21,10,21,13,21,14,20,15,19,15,18,15,16,13,14,10,11,7,8,2,3,61,6,-8,-5,-11,-9,-15,-12,-18,-15,-20,-19,-21,-21,0,0,-19,-22,-18,-22,-14,-19,-11,-16,-7,-12,-3,-7,-24,15,6,4,10,10,14,16,16,20,19,24,19,26,19,26,20,27,18,25,18,25,15,22,14,20,13,18,126,0,8,9,6,3,3,-3,1,-8,1,-13,0,-18,1,-19,-3,1,-2,7,7,10,15,3,16,-11,3,-21,-14,-19,-24,19,-18,15,0,22,15,14,20,-2,9,-14,-6,-14,-12,-2,-5,9,7,8,12,-5,3,-18,-18,-16,-28,2,-23,24,4,33,28,21,34,-4,19,-25,-4,-28,-19,-15,0,0,-10,8,-1,7,-1,2,-5,3,-6,10,4,19,20,12,27,-2,20,-21,-1,-30,-20,-19,-25,-1,-15,13,-2,16,5,9,5,3,2,4,4,6,11,6,20,-4,26,-7,-4,-32,-29,-25,-43,2,-33,31,-4,45,24,34,34,8]"
CSI_DATA,57402,d8:b1:90:d9:de:f0,-53,11,-99,-37,54,116,844629006,100,0,228,0,"[-4,-18,-6,-18,-8,-16,-11,-15,-13,-13,-15,-11,-18,-8,102,-7,-21,-3,-21,-1,-22,1,-22,3,-23,5,-23,6,-24,7,-23,8,-22,7,-19,6,-15,5,-10,3,-5,1,61,6,7,-4,13,-6,19,-6,23,-6,25,-7,27,-6,0,0,28,-5,27,-2,24,-1,20,0,14,1,8,3,96,0,-7,4,-15,3,-21,2,-26,0,-30,-1,-32,-2,-33,-2,-33,-3,-31,-3,-30,-3,-28,-4,-25,-4,-22,-3,9,15,-12,-1,-6,1,0,3,5,7,10,10,11,13,12,15,1,-4,-6,-4,-11,3,-7,14,5,19,19,10,22,-7,-9,-27,-9,-21,-21,-8,-18,9,-5,19,9,14,14,1,7,-9,-4,-8,-9,3,-1,12,15,9,22,-8,10,-26,-12,-30,-32,-10,-31,15,-11,32,12,30,26,12,23,-7,0,0,-3,-13,-5,-5,-2,-2,0,-6,-5,-10,-16,-7,-22,9,-14,23,6,28,23,18,27,-2,18,-18,1,-20,-9,-11,-10,-2,-6,1,-4,-1,-8,-1,-12,5,-10,18,-11,24,26,20,40,-2,32,-30,5,-45,-25,-37,-41,-11,-32,14]"
CSI_DATA,57403,d8:b1:90:d9:de:f0,-53,11,-99,-37,54,116,844639737,100,0,228,0,"[-12,-11,-14,-10,-15,-7,-16,-5,-18,-1,-19,3,-18,6,102,-7,-15,12,-13,14,-11,16,-10,19,-9,22,-7,23,-6,24,-6,23,-5,22,-4,20,-3,16,-3,11,-3,5,61,6,-1,-7,-1,-13,0,-18,0,-23,1,-26,1,-27,0,0,4,-27,4,-26,5,-24,5,-20,6,-14,6,-7,85,0,5,7,5,14,4,21,3,27,2,30,2,32,1,33,1,33,0,32,0,30,0,29,0,26,-1,22,-14,15,-1,12,-1,5,1,-1,2,-7,5,-12,6,-16,8,-19,-2,-2,-7,1,-6,9,3,15,15,9,21,-5,10,-20,-25,-11,-21,-8,-20,10,-5,19,10,15,15,2,9,-10,-2,-10,-7,-1,-1,7,10,5,13,-9,1,-22,-21,-19,-34,1,-23,26,2,36,25,22,33,-2,20,-21,0,-25,0,0,-14,-1,-9,4,-5,2,-6,1,-11,5,-7,15,12,23,23,14,28,-4,18,-23,-2,-27,-18,-16,-21,-1,-12,9,-3,11,0,7,0,6,2,10,10,11,21,4,24,3,12,-32,-13,-37,-40,-21,-44,11,-26,38,3,42,27,26]"
CSI_DATA,57404,d8:b1:90:d9:de:f0,-53,11,-99,-40,55,116,844658832,100,0,228,0,"[11,13,14,12,16,10,17,8,19,4,19,1,19,-3,99,-7,17,-9,17,-12,15,-14,13,-16,13,-19,11,-20,10,-22,9,-21,8,-21,7,-19,5,-16,4,-11,2,-6,59,6,-1,5,-3,11,-4,16,-5,19,-6,22,-6,25,0,0,-8,24,-8,23,-9,21,-9,17,-8,12,-7,6,-88,15,-4,-8,-2,-14,0,-20,1,-25,3,-28,4,-31,5,-32,5,-31,5,-32,5,-28,5,-28,4,-25,4,-22,48,0,3,-13,1,-7,-1,-1,-4,4,-6,9,-9,13,-11,13,2,3,7,1,8,-9,0,-16,-14,-12,-21,2,-13,18,23,16,19,11,20,-7,8,-18,-8,-16,-16,-4,-11,9,1,12,8,3,4,-8,-8,-8,-15,5,-6,20,15,22,30,4,25,-20,3,-33,-21,-26,-31,-3,-23,17,-3,25,0,0,15,4,10,-5,3,-3,4,0,9,-2,9,-12,-6,-20,-16,-16,-25,-1,-20,16,-3,25,12,19,18,5,14,-7,5,-9,1,-7,1,-6,0,-10,-7,-12,-19,-7,-23,-9,-17,29,7,39,34,27,47,-2,32,-32,4,-43,-21,-30]"
CSI_DATA,57405,d8:b1:90:d9:de:f0,-53,11,-99,-40,55,116,844669275,100,0,228,0,"[17,2,19,1,19,-2,18,-5,17,-8,16,-10,14,-14,99,-7,10,-18,8,-19,6,-20,4,-22,2,-23,0,-23,-1,-23,-2,-22,-2,-22,-2,-20,-2,-16,-2,-12,-1,-6,59,6,0,6,0,11,0,17,0,20,-2,23,-3,25,0,0,-4,26,-6,24,-7,22,-6,19,-7,13,-7,8,-84,15,-4,-6,-3,-13,0,-20,2,-24,4,-27,6,-29,7,-30,8,-30,9,-29,9,-28,9,-26,9,-24,8,-21,99,0,5,-12,3,-7,-1,-1,-4,4,-8,7,-13,9,-15,9,4,2,7,-5,2,-12,-10,-13,-20,-2,-16,14,-2,23,28,1,22,0,14,-17,-2,-20,-15,-11,-16,5,-6,13,7,10,9,-1,1,-10,-11,-4,-12,10,2,22,21,16,29,-6,18,-27,-6,-32,-27,-19,-31,4,-17,23,3,25,0,0,15,0,8,-6,1,-4,3,0,8,-2,9,-12,-7,-18,-16,-16,-25,-2,-20,16,-4,25,12,19,19,6,14,-6,7,-8,2,-7,2,-5,1,-9,-5,-12,-17,-11,-19,-14,-22,23,-3,39,26,34,44,10,40,-20,17,-39,-9,-34]"
CSI_DATA,57406,d8:b1:90:d9:de:f0,-53,11,-99,-39,55,116,844688630,100,0,228,0,"[13,-12,13,-14,11,-16,8,-18,5,-18,2,-20,-1,-20,97,-7,-7,-21,-9,-20,-11,-20,-13,-19,-15,-18,-16,-18,-17,-17,-17,-16,-17,-15,-15,-12,-13,-10,-9,-6,-5,-3,58,6,4,7,7,11,10,14,12,18,13,21,14,23,0,0,13,24,10,23,9,23,6,19,3,15,0,10,-17,15,-6,-3,-8,-10,-9,-16,-11,-21,-11,-26,-10,-28,-10,-31,-9,-30,-8,-30,-7,-28,-6,-27,-5,-25,-4,-22,-22,15,-2,-14,-2,-8,-2,-1,-3,4,-5,10,-7,13,-9,15,4,-2,1,-9,-9,-10,-18,0,-15,14,0,23,16,17,20,-21,16,-17,-2,-22,-16,-12,-18,4,-8,15,6,14,12,2,6,-9,-7,-8,-12,5,-3,17,16,16,28,-1,19,-22,-3,-33,-26,-21,-32,2,-21,24,1,29,18,18,0,0,11,-10,1,-9,-2,-3,2,-1,7,-5,2,-14,-14,-12,-23,-5,-22,13,-8,25,10,23,21,10,19,-5,9,-13,0,-11,-3,-7,-2,-5,-3,-7,-10,-8,-19,-2,-23,-4,-9,31,15,34,38,19,43,-10,26,-36,-3,-41,-25,-26]"
CSI_DATA,57407,d8:b1:90:d9:de:f0,-53,11,-99,-36,54,116,844699604,100,0,228,0,"[3,17,5,17,8,16,11,15,14,13,17,10,19,7,99,-7,21,2,22,-1,22,-3,22,-5,22,-7,22,-9,22,-9,20,-11,19,-11,16,-10,13,-9,8,-6,3,-3,59,6,-7,4,-12,7,-16,9,-20,10,-23,12,-24,12,0,0,-25,12,-24,10,-23,9,-19,6,-16,3,-10,0,-127,15,3,-7,9,-10,15,-12,20,-13,24,-14,26,-15,28,-16,28,-14,28,-14,26,-13,24,-13,22,-11,20,-10,-13,0,12,-6,7,-4,0,-1,-6,-1,-12,-1,-15,-1,-18,-2,1,4,8,5,13,-4,9,-16,-5,-20,-20,-11,-22,7,10,26,9,21,20,7,17,-10,4,-18,-10,-13,-13,1,-5,11,6,7,9,-5,-2,-14,-17,-6,-19,12,-4,27,17,25,33,3,25,-23,2,-33,-20,-23,-28,-2,-18,16,0,0,9,12,9,1,3,-2,1,4,7,7,15,2,12,-16,4,-24,-15,-21,-26,-6,-22,13,-7,23,8,18,14,7,11,-3,6,-5,4,-4,6,-5,5,-12,-4,-18,-3,-23,-31,2,-26,25,-3,42,26,36,43,9,36,-20,13,-32]"
CSI_DATA,57408,d8:b1:90:d9:de:f0,-53,11,-99,-37,54,116,844718944,100,0,228,0,"[19,-1,20,-2,19,-5,19,-7,19,-9,18,-12,16,-14,102,-7,15,-18,14,-19,13,-20,13,-21,12,-22,11,-22,11,-21,11,-20,10,-19,9,-15,7,-13,4,-8,0,-3,61,6,-9,5,-13,7,-18,10,-21,10,-24,10,-27,10,0,0,-28,7,-27,4,-24,2,-21,0,-15,-1,-9,-2,-110,15,6,-1,13,1,20,3,25,6,27,9,28,12,29,14,28,15,27,18,25,18,23,19,20,16,16,15,-59,0,10,8,8,5,5,-1,3,-8,3,-11,5,-16,7,-18,4,0,7,-6,1,-13,-11,-14,-22,-2,-19,14,-5,24,31,4,24,4,19,-13,3,-20,-11,-14,-18,0,-9,11,4,12,11,2,6,-11,-8,-13,-20,-1,-16,19,3,30,22,21,34,-3,23,-26,-1,-33,-22,-24,-28,-2,-19,15,0,0,7,11,8,1,1,-3,-2,3,1,11,13,10,21,-2,19,-18,3,-27,-16,-23,-26,-6,-22,11,-8,19,5,15,7,6,6,2,2,2,6,5,12,3,18,-7,27,-9,-5,-32,-28,-25,-43,-1,-36,26,-11,43,16,39,32,18]"
CSI_DATA,57409,d8:b1:90:d9:de:f0,-52,11,-99,-38,54,116,844729406,100,0,228,0,"[8,16,10,16,13,14,16,11,18,8,20,7,21,4,105,-7,23,-1,23,-2,25,-4,25,-6,23,-7,23,-8,23,-9,21,-9,19,-9,17,-7,13,-6,7,-4,2,-2,63,6,-10,2,-16,3,-20,3,-25,4,-28,4,-30,2,0,0,-30,1,-29,-1,-26,-3,-21,-3,-15,-4,-8,-4,-102,16,7,-1,14,0,20,2,26,5,30,7,31,8,32,10,32,10,31,11,29,13,27,11,25,10,21,9,-35,0,13,4,7,1,3,-3,-1,-8,-4,-14,-4,-18,-3,-20,2,4,9,2,13,-7,5,-18,-10,-20,-23,-6,-21,11,16,25,11,20,22,5,17,-11,2,-19,-11,-11,-14,2,-4,10,7,7,10,-5,0,-16,-17,-10,-25,8,-11,28,9,31,34,11,32,-15,13,-33,-11,-30,-26,-11,-22,8,0,0,3,14,6,3,2,-1,-4,4,1,13,14,13,22,-2,20,-19,3,-29,-18,-25,-28,-5,-22,14,-5,20,6,15,9,5,5,0,4,1,6,3,13,0,15,-13,21,-18,-17,-29,-38,-13,-41,17,-21,41,10,44,34,27,38,0]"
CSI_DATA,57410,d8:b1:90:d9:de:f0,-53,11,-99,-37,54,116,844749028,100,0,228,0,"[6,-16,5,-16,3,-19,0,-19,-3,-19,-6,-19,-8,-19,102,-7,-12,-18,-14,-16,-15,-16,-18,-15,-18,-14,-19,-14,-19,-13,-18,-13,-16,-12,-13,-10,-11,-7,-7,-4,-2,0,61,6,6,9,9,13,11,18,12,22,12,25,12,26,0,0,9,27,7,27,5,24,3,22,1,15,-1,9,-22,15,-3,-5,-3,-12,-2,-20,0,-25,1,-28,3,-30,5,-31,7,-32,8,-30,8,-29,8,-26,8,-24,8,-21,115,0,4,-12,0,-8,-5,-2,-9,1,-13,3,-18,4,-20,2,2,-5,-3,-8,-13,-5,-16,7,-9,20,7,22,22,11,12,-25,10,-21,-7,-21,-18,-8,-16,7,-4,14,8,10,11,-1,2,-10,-9,-6,-12,7,-1,19,18,16,29,-2,23,-20,-2,-33,-25,-23,-33,1,-22,22,-1,27,14,16,0,0,10,-7,0,-6,-1,0,5,3,11,-3,9,-16,-7,-20,-23,-15,-29,4,-19,23,1,28,18,19,22,3,14,-9,4,-11,-1,-7,1,-4,2,-6,-2,-12,-13,-13,-19,-20,-26,18,-10,37,16,39,40,20,43,-9,26,-32,0,-36]"
CSI_DATA,57411,d8:b1:90:d9:de:f0,-53,11,-99,-37,54,116,844768624,100,0,228,0,"[18,-8,18,-10,16,-11,15,-13,13,-15,11,-18,10,-20,102,-7,5,-21,5,-22,3,-23,1,-24,0,-24,-1,-24,-1,-23,-1,-22,-1,-20,-1,-18,-2,-12,-2,-7,-4,-2,61,6,-7,10,-9,14,-11,19,-13,22,-16,23,-19,23,0,0,-21,23,-21,20,-20,16,-18,13,-13,9,-8,5,-110,15,5,-2,11,-4,18,-6,24,-6,27,-6,30,-5,31,-3,32,-2,31,-1,30,0,27,0,26,1,23,1,-1,0,13,-1,9,-4,4,-7,0,-10,-3,-15,-4,-19,-4,-21,5,-2,4,-9,-5,-14,-18,-8,-22,7,-11,22,7,25,29,-8,23,-6,11,-20,-6,-21,-18,-9,-15,8,-3,14,8,9,11,-4,0,-12,-13,-7,-18,9,-5,25,16,24,26,9,28,-20,7,-34,-18,-28,-30,-7,-24,13,-7,23,0,0,12,4,5,-4,-3,-2,-3,7,7,11,19,4,19,-11,7,-27,-13,-27,-29,-10,-27,11,-11,24,6,22,14,10,12,0,5,-4,2,-1,5,1,11,-3,10,-14,18,-25,-22,-24,-38,-4,-34,23,-12,43,16,42,38,21,36,-6]"
CSI_DATA,57412,d8:b1:90:d9:de:f0,-53,11,-99,-37,54,116,844778854,100,0,228,0,"[-12,12,-12,13,-11,15,-8,15,-7,18,-4,18,-3,20,102,-7,0,21,2,22,3,21,3,22,5,22,5,23,4,22,3,21,3,20,2,16,2,12,1,7,2,1,61,6,4,-11,8,-15,10,-20,12,-22,16,-24,19,-24,0,0,22,-21,23,-18,21,-14,19,-10,14,-6,10,-3,118,0,-4,2,-10,4,-19,3,-24,3,-28,0,-30,-2,-32,-4,-31,-5,-30,-7,-28,-8,-26,-9,-23,-10,-20,-9,14,15,-10,-5,-8,-1,-3,4,-1,9,-1,14,-2,20,-4,21,-4,4,0,10,11,11,20,2,18,-14,4,-24,-13,-22,-25,13,-21,12,-6,22,9,19,18,5,14,-8,2,-13,-8,-8,-8,4,2,10,13,4,14,-11,1,-24,-20,-21,-28,-6,-26,21,-4,33,18,27,29,7,23,-11,8,-21,0,0,-10,-6,-6,2,1,0,1,-7,-7,-11,-20,-4,-19,12,-10,27,10,29,27,15,30,-5,18,-21,0,-23,-11,-13,-11,-4,-8,1,-4,1,-6,-2,-11,1,-14,11,-22,14,12,28,32,18,41,-8,29,-33,3,-44,-23,-34,-33,-11]"
CSI_DATA,57413,d8:b1:90:d9:de:f0,-53,11,-99,-37,54,116,844789028,100,0,228,0,"[-18,-5,-19,-4,-19,-1,-18,2,-18,5,-15,8,-15,10,102,-7,-13,15,-12,16,-10,19,-10,20,-9,21,-8,21,-7,21,-7,20,-6,19,-5,15,-3,11,-1,6,1,1,61,6,7,-10,10,-14,13,-18,15,-20,18,-22,21,-22,0,0,22,-21,22,-19,21,-15,18,-12,13,-7,9,-4,123,0,-4,4,-10,7,-16,9,-21,11,-26,10,-28,11,-29,9,-31,9,-29,8,-28,7,-27,6,-25,5,-22,4,-5,14,-11,3,-5,4,1,5,7,7,11,10,13,13,13,15,-5,-1,-8,6,-2,14,10,15,22,5,21,-12,7,-24,-27,-7,-23,-6,-19,12,-4,21,11,14,15,1,8,-11,-3,-10,-9,-1,-3,9,10,8,18,-5,9,-22,-11,-26,-26,-15,-30,14,-12,31,13,31,27,12,25,-8,10,-19,0,0,-9,-6,-5,2,2,0,0,-7,-10,-10,-21,-1,-16,15,-4,29,18,25,30,6,26,-15,8,-26,-9,-21,-16,-8,-12,2,-5,5,-2,2,-5,2,-8,7,-4,18,-6,26,28,12,36,-10,23,-34,-5,-43,-30,-30,-41,-3,-29,20]"
CSI_DATA,57414,d8:b1:90:d9:de:f0,-52,11,-99,-39,54,116,844799600,100,0,228,0,"[19,-4,20,-5,17,-7,16,-10,14,-12,13,-14,11,-16,108,-7,7,-20,6,-21,5,-21,4,-23,4,-23,3,-24,3,-23,3,-22,3,-21,3,-16,3,-13,2,-6,0,-1,65,6,-6,12,-10,15,-13,20,-17,22,-20,22,-23,22,0,0,-25,20,-25,15,-24,12,-21,8,-16,5,-10,1,-133,16,5,-3,13,-4,20,-4,26,-3,30,-1,32,1,33,3,33,5,32,6,30,7,28,8,25,7,21,7,-6,0,12,3,7,0,2,-4,-1,-10,-2,-15,-2,-20,-1,-22,5,-2,4,-10,-4,-14,-17,-10,-23,5,-14,21,3,26,30,-2,25,-2,15,-19,-2,-22,-15,-12,-17,3,-6,12,5,10,10,-1,1,-10,-12,-7,-17,8,-7,24,14,25,29,15,32,-16,12,-33,-13,-32,-29,-14,-26,7,-13,20,0,0,8,7,5,-1,-1,1,-1,8,8,13,21,5,21,-13,11,-29,-10,-31,-29,-17,-31,5,-17,22,0,24,12,15,13,3,7,-2,4,0,6,2,12,-2,13,-14,20,-20,-17,-29,-37,-12,-41,15,-24,40,5,47,30,31,37,5]"
CSI_DATA,57415,d8:b1:90:d9:de:f0,-52,11,-99,-38,54,116,844809627,100,0,228,0,"[-11,-16,-14,-15,-15,-13,-16,-9,-17,-6,-18,-2,-19,1,105,-7,-19,7,-19,9,-18,11,-18,14,-17,16,-17,17,-16,17,-15,17,-14,16,-11,14,-8,10,-5,5,-1,1,63,6,8,-9,13,-14,16,-16,20,-19,22,-19,26,-20,0,0,26,-19,25,-16,23,-14,20,-10,16,-7,9,-3,130,0,-4,5,-11,8,-17,10,-22,11,-27,13,-30,13,-31,13,-31,11,-31,11,-29,9,-28,9,-26,8,-21,7,4,16,-10,5,-4,5,2,4,8,4,14,6,18,8,19,10,-3,-3,-9,1,-9,10,1,19,16,16,26,0,18,-18,-20,-22,-19,-17,-23,2,-13,17,3,19,15,8,13,-5,2,-10,-7,-4,-6,7,6,10,19,0,15,-19,-4,-29,-22,-23,-34,6,-19,29,5,34,25,19,28,-3,15,-18,0,0,-7,-8,-5,0,1,-1,0,-8,-10,-10,-21,-1,-17,18,-4,31,18,27,32,6,28,-16,8,-27,-9,-21,-17,-7,-13,3,-5,5,-3,2,-6,3,-8,9,-1,20,-1,28,32,8,35,-18,16,-41,-15,-43,-40,-22,-42,7,-25,28]"
CSI_DATA,57416,d8:b1:90:d9:de:f0,-53,11,-99,-40,55,116,844819755,100,0,228,0,"[18,-5,19,-6,17,-8,15,-10,13,-12,10,-14,7,-16,99,-7,3,-18,1,-19,-1,-20,-2,-21,-4,-21,-5,-22,-5,-22,-5,-20,-4,-19,-4,-17,-3,-12,-1,-7,0,-1,59,6,3,11,3,17,2,22,1,26,0,29,-2,30,0,0,-5,29,-6,28,-7,25,-7,21,-7,15,-6,9,-74,15,-1,-6,2,-13,6,-18,10,-22,13,-25,15,-26,17,-27,17,-26,18,-25,18,-23,17,-21,16,-19,14,-15,-81,0,7,-9,2,-6,-3,-2,-10,0,-14,1,-19,1,-20,-2,4,-1,3,-8,-6,-12,-16,-6,-20,8,-10,21,8,23,27,-7,23,-8,10,-20,-7,-19,-18,-7,-14,7,-3,13,7,8,7,-3,-3,-8,-12,-1,-10,14,6,22,24,13,31,-4,15,-29,-9,-32,-28,-16,-28,6,-15,20,3,22,0,0,11,0,4,-3,1,1,6,5,14,0,16,-13,1,-24,-16,-24,-29,-8,-27,14,-10,28,9,25,19,10,17,-3,9,-9,2,-7,2,-4,4,-6,2,-12,-9,-17,-13,-22,-30,9,-20,32,5,42,32,30,43,2,33,-23,10,-33]"
CSI_DATA,57417,d8:b1:90:d9:de:f0,-53,11,-99,-41,55,116,844838635,100,0,228,0,"[3,19,5,20,8,18,10,14,12,12,14,8,16,4,102,-7,18,-3,18,-6,16,-9,16,-11,15,-14,14,-16,13,-16,12,-18,11,-16,9,-13,7,-10,5,-6,2,0,61,6,-2,11,-4,16,-5,22,-6,25,-8,28,-8,29,0,0,-9,30,-9,28,-9,25,-8,21,-7,15,-6,9,-97,15,-4,-5,-3,-12,-2,-20,-1,-24,0,-28,1,-30,0,-32,1,-31,0,-31,-1,-29,-1,-27,-1,-25,-2,-21,20,0,-1,-11,-1,-4,-1,2,-2,8,-4,14,-5,18,-7,20,1,4,7,3,11,-6,5,-16,-10,-19,-23,-5,-21,13,13,26,15,19,23,1,15,-15,-1,-20,-13,-9,-13,4,-3,10,6,4,4,-5,-8,-7,-14,5,-7,20,12,23,30,12,27,-18,5,-33,-19,-26,-30,-5,-22,15,-4,23,0,0,11,3,5,-2,2,1,7,3,14,-2,13,-15,-6,-23,-21,-20,-31,1,-22,22,0,30,19,20,24,2,15,-11,3,-12,-2,-8,-2,-5,-3,-7,-9,-9,-19,-3,-22,-3,-9,31,16,33,40,15,42,-15,21,-40,-10,-40,-28,-20]"
CSI_DATA,57418,d8:b1:90:d9:de:f0,-53,11,-99,-37,54,116,844849109,100,0,228,0,"[1,-21,0,-22,-2,-21,-5,-20,-9,-16,-11,-14,-14,-10,102,-7,-18,-4,-19,-1,-20,1,-21,4,-21,5,-22,7,-21,8,-20,9,-19,9,-15,8,-11,6,-7,4,-2,1,61,6,9,-6,14,-10,20,-11,24,-12,26,-14,28,-15,0,0,28,-14,28,-12,26,-10,22,-7,18,-5,11,-2,-114,0,-2,5,-9,9,-15,10,-21,12,-25,13,-27,14,-28,15,-29,14,-28,14,-26,13,-25,12,-22,11,-19,10,23,15,-10,6,-4,4,3,1,9,1,15,0,20,1,21,2,1,-5,-6,-6,-14,1,-10,15,3,23,20,13,25,-5,-3,-29,-7,-24,-22,-10,-21,8,-7,19,8,15,14,2,8,-8,-3,-8,-7,3,2,11,15,5,19,-11,4,-26,-15,-27,-32,-2,-25,23,-3,33,20,24,27,3,18,-13,0,0,-7,-10,-6,-2,-1,-1,0,-7,-9,-10,-21,-2,-14,18,-4,29,19,26,31,7,26,-15,8,-27,-10,-22,-18,-7,-13,4,-6,7,-3,5,-5,5,-5,11,4,19,5,24,32,-2,28,-27,4,-43,-26,-37,-44,-9,-38,20,-13,33]"
CSI_DATA,57419,d8:b1:90:d9:de:f0,-53,11,-99,-39,55,116,844859869,100,0,228,0,"[20,5,21,5,21,2,21,0,20,-2,18,-5,16,-9,97,-7,12,-13,11,-15,9,-17,8,-18,7,-19,5,-20,4,-20,4,-20,4,-19,3,-16,3,-12,1,-7,1,-1,58,6,-2,11,-4,16,-6,21,-9,24,-11,26,-13,27,0,0,-15,27,-17,24,-16,21,-15,17,-13,12,-10,6,-123,15,0,-5,5,-10,11,-15,15,-18,19,-20,22,-20,23,-20,24,-19,25,-18,23,-16,22,-15,21,-13,18,-11,-26,0,10,-7,5,-5,-1,-3,-8,-2,-13,-2,-17,-3,-19,-6,5,1,8,-6,1,-14,-11,-14,-22,-3,-19,14,-4,25,30,10,24,3,19,-15,2,-22,-13,-15,-18,0,-10,11,3,12,9,2,3,-7,-9,-6,-14,7,-4,21,15,21,28,8,25,-19,5,-32,-18,-26,-29,-6,-22,14,-6,22,0,0,11,5,6,-2,1,0,3,6,12,5,18,-6,7,-20,-6,-27,-25,-17,-31,4,-19,22,0,26,14,17,18,3,12,-5,5,-7,3,-5,5,-6,4,-12,-6,-18,-7,-23,-31,3,-27,26,-4,41,24,36,42,12,37,-15,17,-30]"
CSI_DATA,57420,d8:b1:90:d9:de:f0,-53,11,-99,-39,55,116,844870038,100,0,228,0,"[-4,-20,-5,-21,-5,-20,-7,-19,-9,-17,-11,-15,-13,-12,97,-7,-16,-8,-17,-5,-18,-3,-19,-2,-20,-1,-21,0,-21,0,-20,1,-18,1,-16,1,-12,1,-7,0,-1,0,58,6,11,2,17,3,21,6,25,8,27,10,28,12,0,0,27,15,24,16,21,16,17,15,12,13,5,10,82,0,-5,0,-10,-6,-13,-11,-15,-17,-16,-21,-17,-24,-16,-26,-15,-26,-13,-26,-12,-25,-10,-24,-8,-22,-6,-19,-89,15,-3,-11,-2,-5,-2,1,-4,7,-6,13,-9,15,-11,17,-1,-6,-9,-5,-14,4,-10,16,5,21,20,14,25,-5,0,-30,-5,-24,-20,-13,-21,5,-11,17,5,17,13,7,10,-5,0,-9,-8,-1,-4,10,9,12,21,1,18,-18,4,-28,-23,-22,-31,-1,-23,21,-3,29,15,21,21,4,0,0,4,-12,-2,-6,0,-1,6,-4,6,-12,-5,-19,-20,-7,-28,4,-19,23,0,30,20,22,26,4,19,-12,5,-16,-5,-12,-7,-6,-5,-4,-5,-6,-11,-6,-18,2,-23,1,-5,30,18,32,38,16,41,-12,24,-35,-2,-40,-23,-26]"
CSI_DATA,57421,d8:b1:90:d9:de:f0,-53,11,-99,-40,55,116,844888788,100,0,228,0,"[8,19,9,19,10,18,11,17,14,15,15,11,15,9,99,-7,17,3,18,1,19,-2,19,-4,19,-5,20,-6,20,-7,19,-7,17,-6,15,-5,11,-4,7,-2,0,-1,59,6,-12,2,-17,3,-23,1,-27,1,-29,-1,-31,-2,0,0,-30,-6,-30,-7,-26,-8,-22,-9,-16,-9,-10,-7,-119,15,6,-2,12,1,18,6,22,10,24,13,25,16,25,17,25,19,23,19,22,20,20,19,17,18,14,16,-91,0,7,9,3,3,1,-3,-1,-9,-2,-14,-1,-18,1,-20,2,5,10,3,13,-8,5,-18,-10,-20,-23,-8,-23,11,8,29,11,23,22,8,20,-10,6,-19,-9,-15,-15,-2,-8,8,3,9,8,-1,1,-10,-13,-8,-21,6,-11,24,5,29,29,13,31,-10,15,-29,-8,-30,-23,-15,-22,4,0,0,1,12,4,5,0,0,-5,5,-1,13,12,15,22,0,25,-15,10,-29,-13,-29,-27,-13,-26,8,-13,19,1,18,9,11,8,4,6,3,7,3,13,1,16,-10,21,-11,-8,-30,-31,-22,-43,4,-31,31,-5,44,21,36,33,13]"
CSI_DATA,57422,d8:b1:90:d9:de:f0,-53,11,-99,-37,54,116,844898972,100,0,228,0,"[20,4,22,3,22,1,21,-2,20,-4,18,-8,15,-10,102,-7,9,-14,7,-15,4,-18,2,-20,-1,-20,-2,-20,-4,-20,-4,-20,-4,-18,-4,-14,-3,-11,-2,-5,0,-1,61,6,5,12,6,16,7,21,7,25,8,28,8,30,0,0,7,31,6,30,4,28,2,23,0,19,-1,12,-24,15,-4,-3,-6,-10,-8,-18,-8,-23,-8,-27,-7,-29,-8,-31,-7,-30,-7,-31,-6,-28,-5,-27,-5,-24,-5,-21,-57,15,-2,-11,-2,-4,-2,2,-2,8,-3,14,-5,16,-6,20,5,0,6,-6,0,-14,-13,-12,-22,0,-16,18,1,25,31,4,25,-2,14,-19,-4,-22,-18,-10,-18,6,-5,13,7,9,9,-2,0,-7,-10,-1,-8,13,7,20,24,9,29,-8,9,-31,-15,-29,-31,-9,-27,14,-9,26,9,21,0,0,11,-5,3,-4,1,-1,6,2,12,-6,6,-19,-13,-18,-27,-10,-29,10,-13,28,9,29,24,14,23,-5,11,-13,1,-13,-3,-8,-3,-5,-4,-7,-11,-8,-20,0,-24,0,-6,33,20,32,42,12,42,-18,19,-41,-10,-40,-30,-21]"
CSI_DATA,57423,d8:b1:90:d9:de:f0,-53,11,-99,-41,55,116,844918924,100,0,228,0,"[18,10,19,8,20,7,21,3,20,-1,18,-5,15,-7,102,-7,10,-13,7,-15,4,-18,2,-19,-1,-20,-3,-21,-5,-21,-6,-20,-7,-18,-6,-15,-5,-12,-2,-8,1,-3,61,6,9,6,12,10,16,14,19,19,20,20,22,21,0,0,21,22,21,21,19,20,15,18,10,14,5,10,84,0,-7,2,-13,-1,-20,-5,-23,-8,-27,-9,-29,-10,-30,-10,-31,-11,-30,-9,-28,-9,-26,-8,-25,-7,-21,-5,-5,14,-11,-2,-5,0,2,0,7,4,13,6,16,8,18,10,3,1,6,-4,3,-12,-9,-13,-20,-3,-16,12,-2,24,29,6,23,-1,14,-18,-4,-21,-18,-10,-16,6,-4,13,7,9,8,-2,-1,-7,-9,1,-4,13,12,16,25,1,26,-19,-2,-31,-25,-22,-33,4,-19,24,4,27,18,14,0,0,8,-9,1,-7,1,-3,5,-5,4,-12,-9,-16,-23,-2,-26,11,-11,28,12,29,27,11,25,-9,10,-20,-4,-18,-10,-8,-8,-2,-7,0,-9,0,-12,7,-8,19,-8,22,28,18,40,-8,25,-36,-5,-46,-34,-29,-43,0,-27,24]"
CSI_DATA,57424,d8:b1:90:d9:de:f0,-53,11,-99,-39,55,116,844929027,100,0,228,0,"[16,-9,16,-12,15,-13,13,-15,9,-16,6,-17,1,-16,97,-7,-5,-16,-8,-14,-11,-13,-14,-12,-17,-10,-18,-9,-20,-8,-19,-7,-19,-6,-16,-6,-13,-5,-8,-4,-3,-3,58,6,10,-2,15,-2,20,-1,24,-1,27,0,29,1,0,0,30,2,28,3,26,3,22,4,17,4,10,5,-112,0,-4,6,-11,7,-18,7,-23,7,-26,7,-29,8,-30,7,-30,7,-30,7,-28,7,-27,6,-24,5,-21,5,-3,14,-12,3,-5,1,2,0,8,-1,14,0,17,0,20,2,2,-1,0,-6,-7,-7,-14,1,-12,13,2,20,17,14,20,-21,12,-19,-6,-21,-19,-9,-17,7,-5,16,8,12,12,1,5,-7,-4,-3,-4,7,7,11,19,1,17,-17,2,-31,-24,-20,-32,3,-19,25,3,30,20,18,23,-2,0,0,0,-13,-4,-7,-2,-3,0,-6,-5,-11,-17,-7,-18,14,-13,24,7,28,24,15,27,-6,15,-21,-2,-22,-13,-13,-13,-1,-9,3,-6,3,-7,5,-7,12,2,20,2,21,33,2,30,-24,7,-42,-24,-38,-43,-12,-37,17,-14,32]"
CSI_DATA,57425,d8:b1:90:d9:de:f0,-53,11,-99,-40,55,116,844939188,100,0,228,0,"[-7,18,-6,19,-4,19,-1,19,2,18,5,16,7,14,99,-7,13,10,15,8,17,5,19,3,20,1,21,-1,22,-1,21,-2,21,-2,19,-2,16,-1,11,1,6,2,59,6,-7,6,-11,8,-18,9,-22,9,-25,9,-27,8,0,0,-28,6,-28,5,-26,3,-23,1,-18,-2,-12,-4,99,15,2,-8,9,-10,16,-11,22,-12,25,-12,28,-11,29,-11,30,-10,30,-9,28,-8,27,-7,25,-6,22,-4,-7,0,13,-1,6,0,0,2,-7,2,-13,1,-17,-1,-19,-3,-1,1,4,4,10,1,11,-9,2,-17,-13,-15,-22,-1,-6,28,1,23,16,15,21,-2,12,-15,-3,-17,-13,-7,-11,4,-1,8,5,1,1,-7,-11,-6,-17,7,-8,23,12,31,30,9,29,-14,10,-31,-13,-28,-26,-11,-22,8,0,0,3,14,6,7,4,4,3,6,8,8,18,2,13,-19,7,-25,-12,-26,-27,-11,-27,10,-12,23,5,22,14,12,14,1,9,-3,7,-5,7,-7,5,-14,-4,-20,-3,-20,-33,-1,-30,25,-7,44,23,40,43,15,40,-14,19,-31]"
CSI_DATA,57426,d8:b1:90:d9:de:f0,-53,11,-99,-40,55,116,844958851,100,0,228,0,"[-13,14,-13,17,-10,18,-6,19,-3,19,2,17,6,15,99,-7,13,11,15,7,18,5,19,1,21,-1,22,-4,22,-6,22,-8,21,-9,19,-8,16,-7,11,-5,6,-2,59,6,-3,7,-8,11,-11,15,-15,17,-18,20,-19,23,0,0,-19,24,-20,21,-18,20,-16,17,-14,13,-11,8,114,15,-5,-5,-3,-13,0,-18,1,-23,3,-27,4,-30,3,-32,4,-31,3,-31,2,-29,1,-29,0,-26,0,-23,16,0,1,-13,1,-8,1,0,1,6,1,12,0,17,-2,19,-2,0,1,6,9,5,13,-5,6,-18,-10,-18,-23,-5,-10,27,-2,24,17,16,22,-2,12,-16,-4,-18,-14,-7,-11,6,-1,8,5,0,-1,-7,-13,-2,-15,13,1,26,24,22,32,-4,20,-29,-6,-34,-27,-19,-29,6,-15,22,0,0,13,10,11,0,5,-2,4,1,10,-1,13,-11,-5,-20,-15,-21,-28,-5,-24,17,-6,28,14,22,22,6,17,-8,7,-13,-1,-10,-3,-7,-5,-8,-11,-7,-19,0,-19,-3,-5,32,20,31,42,11,41,-20,15,-42,-16,-39,-31,-16]"
CSI_DATA,57427,d8:b1:90:d9:de:f0,-53,11,-99,-37,54,116,844969123,100,0,228,0,"[19,-11,19,-12,19,-13,15,-15,13,-15,9,-16,6,-16,102,-7,-1,-18,-4,-18,-7,-18,-10,-18,-12,-19,-14,-19,-15,-19,-15,-19,-15,-18,-13,-16,-10,-13,-7,-10,-3,-6,61,6,5,6,8,11,10,18,11,23,11,26,11,28,0,0,8,30,6,30,3,28,1,25,-1,20,-3,13,-48,15,-6,-2,-6,-9,-6,-16,-4,-23,-3,-28,-1,-30,0,-32,2,-32,3,-32,4,-30,5,-28,5,-26,6,-23,87,0,4,-13,3,-7,1,-1,-3,4,-7,9,-12,11,-15,12,4,0,2,-7,-7,-9,-16,-2,-16,12,-3,23,14,20,28,-14,20,-16,2,-25,-15,-19,-22,-1,-14,13,0,16,10,8,8,-3,-1,-6,-8,3,-3,14,14,15,27,0,24,-22,1,-36,-24,-27,-37,-3,-27,21,-5,31,14,23,0,0,15,-6,5,-9,0,-4,4,-1,9,-6,5,-15,-12,-14,-24,-12,-29,7,-18,25,3,30,20,19,24,1,15,-12,4,-14,-2,-10,-3,-6,-3,-7,-8,-9,-18,-6,-18,-11,-19,26,3,38,29,30,45,6,39,-23,14,-40,-11,-34]"
CSI_DATA,57428,d8:b1:90:d9:de:f0,-53,11,-99,-40,55,116,844988809,100,0,228,0,"[-17,13,-16,15,-15,16,-12,17,-7,18,-4,18,0,17,99,-7,8,14,11,13,14,10,17,10,20,8,21,7,22,6,22,5,22,4,19,2,16,2,11,1,5,0,59,6,-8,-1,-15,-2,-19,-2,-23,-3,-27,-4,-29,-5,0,0,-30,-5,-29,-6,-26,-6,-23,-6,-17,-6,-11,-5,124,15,4,-4,10,-4,17,-2,22,-2,27,0,29,1,31,0,31,0,31,0,29,0,28,0,25,0,22,0,15,1,13,0,8,-1,1,-1,-5,-2,-10,-4,-14,-6,-16,-8,-3,1,-1,7,9,8,16,-3,11,-17,-5,-22,-21,-12,-20,23,-10,23,10,22,22,8,19,-10,5,-19,-9,-13,-12,0,-4,8,5,4,5,-7,-8,-11,-20,-1,-18,19,1,30,26,21,34,-4,22,-26,-3,-33,-22,-19,-26,2,0,0,1,15,7,7,3,1,-2,4,2,10,13,10,18,-8,17,-20,-1,-28,-22,-20,-29,0,-19,18,-1,22,11,14,13,3,9,-2,5,-3,6,-3,8,-8,3,-17,6,-20,-28,-10,-33,13,-19,37,9,42,36,24,41,-5,24,-25]"
CSI_DATA,57429,d8:b1:90:d9:de:f0,-53,11,-99,-38,54,116,844999133,100,0,228,0,"[10,19,13,20,14,18,16,15,16,13,16,7,17,4,105,-7,17,-4,16,-7,16,-10,15,-14,15,-16,14,-18,14,-19,13,-19,11,-19,10,-17,8,-14,5,-9,1,-3,63,6,-5,8,-9,13,-13,17,-17,20,-20,22,-22,23,0,0,-23,23,-25,20,-22,18,-20,15,-17,10,-13,5,112,16,0,-6,5,-10,11,-15,16,-17,20,-19,23,-20,25,-21,25,-20,26,-19,25,-18,23,-18,21,-16,19,-14,-32,0,10,-7,5,-5,-1,-2,-7,1,-13,2,-17,1,-20,0,1,4,8,2,10,-7,1,-17,-15,-16,-25,0,-18,18,17,27,20,18,26,-2,15,-19,-3,-22,-17,-10,-17,4,-5,11,5,7,5,-3,-4,-7,-14,2,-10,19,9,27,27,15,33,-11,14,-33,-10,-34,-30,-16,-29,8,-14,23,0,0,11,8,9,-1,2,-1,2,4,9,6,18,-4,7,-19,-2,-29,-22,-20,-32,1,-22,21,-1,28,15,19,20,3,13,-6,5,-7,2,-5,3,-6,2,-11,-7,-17,-5,-22,-32,6,-23,30,3,43,31,32,45,5,35,-23,9,-35]"
CSI_DATA,57430,d8:b1:90:d9:de:f0,-53,11,-99,-38,54,116,845018801,100,0,228,0,"[-21,-6,-22,-5,-23,-3,-22,-1,-20,1,-18,4,-15,7,105,-7,-10,11,-9,15,-6,17,-4,19,-3,20,-2,21,-1,22,-1,22,0,21,0,18,0,15,0,8,0,3,63,6,2,-11,2,-16,5,-21,7,-26,8,-29,10,-30,0,0,14,-30,14,-28,15,-25,14,-20,13,-15,9,-8,-139,0,1,5,-3,11,-7,17,-11,20,-16,25,-18,26,-20,26,-21,25,-21,23,-20,21,-19,20,-18,18,-16,16,56,16,-8,9,-3,5,2,2,8,0,15,-1,18,0,21,1,-4,-2,-7,5,-2,14,11,15,22,2,19,-16,2,-26,-30,-10,-27,-2,-19,17,-1,25,15,16,20,-1,11,-13,-2,-14,-9,-3,-3,6,8,5,11,-8,1,-20,-18,-18,-29,-3,-23,23,0,34,23,23,32,1,22,-18,3,-25,0,0,-14,-3,-6,3,-1,1,-4,-5,-14,-3,-17,9,-2,22,10,28,29,14,31,-9,16,-27,-5,-28,-19,-15,-18,0,-11,8,-3,7,-2,6,-3,6,-2,11,8,17,10,23,32,-8,22,-32,-4,-44,-32,-33,-46,-4,-35,25,-10,35]"
CSI_DATA,57431,d8:b1:90:d9:de:f0,-53,11,-99,-37,54,116,845028875,100,0,228,0,"[-9,-21,-10,-21,-11,-20,-12,-18,-13,-14,-14,-10,-15,-7,102,-7,-16,-1,-16,2,-18,5,-19,6,-19,9,-20,10,-19,11,-19,11,-18,10,-15,9,-12,7,-8,5,-1,1,61,6,10,-4,16,-5,22,-6,26,-4,29,-4,32,-2,0,0,33,0,31,2,28,4,24,5,18,5,11,6,-128,0,-4,3,-11,1,-20,-3,-23,-4,-27,-8,-28,-11,-28,-12,-29,-13,-28,-13,-26,-14,-24,-15,-22,-13,-18,-12,64,15,-9,-6,-6,-2,-1,4,2,10,3,14,2,20,1,22,-1,-5,-9,-3,-11,7,-4,18,13,19,24,5,23,-13,-10,-31,-14,-22,-24,-5,-20,13,-3,22,12,15,16,1,9,-10,-3,-9,-7,1,0,9,12,6,19,-8,6,-25,-10,-27,-30,-8,-29,15,-11,31,12,29,25,11,23,-6,0,0,-2,-12,-5,-4,0,-1,3,-6,-2,-13,-15,-12,-22,5,-22,20,-4,32,19,27,30,7,25,-13,9,-23,-6,-18,-11,-8,-9,-1,-5,0,-7,-2,-12,1,-15,11,-21,14,13,30,36,19,43,-10,27,-36,-1,-44,-27,-33,-36,-7]"
CSI_DATA,57432,d8:b1:90:d9:de:f0,-53,11,-99,-39,55,116,845038980,100,0,228,0,"[-7,-21,-7,-21,-8,-21,-9,-19,-11,-16,-12,-13,-13,-10,97,-7,-15,-5,-16,-3,-17,-1,-18,1,-19,3,-20,3,-20,4,-20,4,-19,4,-16,2,-13,2,-7,1,-1,1,58,6,11,1,17,1,21,4,24,7,27,9,29,11,0,0,27,15,25,16,22,16,17,16,12,14,6,10,98,0,-6,0,-10,-6,-13,-12,-15,-17,-16,-22,-15,-25,-14,-27,-13,-28,-12,-28,-9,-26,-8,-26,-7,-23,-5,-20,-99,15,-3,-11,-3,-5,-4,2,-7,8,-9,12,-12,14,-15,14,-1,-5,-9,-3,-13,6,-6,17,9,20,22,9,24,-9,-3,-31,-9,-24,-22,-10,-22,8,-9,19,7,18,15,6,12,-7,0,-11,-8,-3,-4,9,9,11,19,0,15,-18,2,-28,-23,-19,-31,2,-22,22,-2,29,16,20,22,4,0,0,4,-10,-2,-5,0,-1,6,-4,6,-12,-6,-19,-21,-7,-28,4,-20,23,0,31,19,22,26,4,20,-11,6,-17,-3,-12,-5,-6,-3,-3,-3,-7,-9,-8,-19,-2,-25,-2,-11,30,12,36,36,23,44,-4,31,-31,6,-41,-18,-30]"
CSI_DATA,57433,d8:b1:90:d9:de:f0,-53,11,-99,-41,55,116,845049031,100,0,228,0,"[8,-21,7,-22,6,-22,3,-21,-1,-21,-4,-19,-6,-15,102,-7,-12,-11,-14,-9,-16,-7,-19,-5,-20,-4,-20,-2,-21,-1,-20,0,-19,1,-16,1,-12,1,-7,1,-1,1,61,6,11,0,18,-1,22,1,26,1,29,2,31,3,0,0,31,4,30,5,27,6,23,6,18,6,10,5,-129,0,-4,3,-12,1,-18,-1,-23,-3,-27,-4,-29,-6,-29,-7,-30,-7,-30,-7,-27,-7,-26,-6,-23,-6,-20,-5,10,15,-10,-1,-4,2,1,5,6,8,10,12,11,15,12,18,2,-5,-5,-8,-14,-3,-15,11,-4,22,14,21,26,4,11,-30,2,-26,-16,-19,-23,0,-14,16,2,19,14,8,12,-5,1,-11,-7,-3,-5,8,8,11,20,0,15,-19,2,-28,-25,-18,-31,5,-19,26,4,29,21,16,22,-2,0,0,-1,-11,-3,-4,1,-1,4,-6,-2,-13,-15,-12,-22,5,-21,21,-1,31,21,24,30,3,22,-15,4,-22,-8,-15,-11,-5,-7,0,-4,0,-7,-1,-12,4,-11,15,-13,23,24,23,40,2,34,-27,9,-45,-22,-39,-40,-15,-34,11]"
CSI_DATA,57434,d8:b1:90:d9:de:f0,-54,11,-99,-38,55,116,845069170,100,0,228,0,"[-19,-3,-20,-2,-20,0,-20,0,-18,2,-17,4,-15,7,94,-6,-11,12,-10,13,-8,15,-7,16,-6,17,-4,19,-4,18,-3,17,-3,16,-2,13,-1,9,0,5,0,0,56,5,4,-11,6,-14,8,-19,11,-22,14,-23,15,-24,0,0,18,-23,18,-20,18,-17,15,-13,13,-8,8,-4,120,0,-2,4,-7,8,-13,12,-18,13,-21,14,-24,13,-26,12,-26,11,-26,10,-24,9,-23,7,-20,6,-17,5,17,14,-8,2,-1,2,3,2,9,4,14,6,15,9,16,11,-5,0,-6,6,0,14,12,14,21,1,18,-14,2,-24,-29,-8,-23,-1,-17,14,-1,21,13,14,17,0,9,-11,-3,-11,-10,-1,-4,8,7,7,14,-4,6,-18,-11,-20,-24,-12,-24,15,-7,29,14,25,25,8,22,-9,7,-18,0,0,-7,-5,-4,0,0,-1,-2,-6,-11,-6,-19,3,-10,19,2,28,20,20,29,0,21,-17,4,-25,-10,-18,-15,-5,-10,2,-4,3,-3,1,-6,1,-7,9,0,18,0,25,31,8,33,-15,17,-36,-9,-41,-34,-25,-38,1,-25,21]"
CSI_DATA,57435,d8:b1:90:d9:de:f0,-54,11,-99,-38,55,116,845089090,100,0,228,0,"[13,-12,12,-14,10,-15,8,-16,4,-17,0,-17,-1,-16,94,-6,-7,-15,-9,-14,-12,-13,-14,-12,-15,-10,-16,-10,-16,-8,-15,-7,-14,-6,-11,-5,-8,-3,-3,-1,1,0,56,5,12,3,17,3,21,6,24,8,26,9,27,10,0,0,25,11,24,10,21,10,17,9,12,7,5,4,84,0,-6,-1,-12,-4,-16,-8,-21,-10,-24,-12,-25,-13,-25,-14,-25,-14,-25,-14,-22,-13,-21,-12,-18,-10,-15,-9,40,14,-7,-3,-2,0,1,3,5,8,8,12,8,16,8,17,2,-4,-2,-9,-12,-6,-17,4,-11,17,4,22,20,12,17,-22,10,-20,-7,-20,-18,-6,-15,7,-2,15,8,9,10,-1,1,-9,-8,-3,-8,9,4,16,19,7,22,-11,14,-27,-16,-25,-29,-6,-24,16,-5,27,12,20,19,4,0,0,2,-8,0,-4,1,-1,6,-5,1,-14,-10,-16,-23,-4,-24,13,-8,28,13,25,25,9,22,-8,8,-17,-3,-14,-8,-5,-5,0,-2,-1,-6,-3,-13,0,-14,12,-16,19,16,26,35,9,36,-17,16,-38,-12,-38,-32,-20,-32,4]"
CSI_DATA,57436,d8:b1:90:d9:de:f0,-53,11,-99,-41,55,116,845099063,100,0,228,0,"[13,12,15,12,16,9,18,6,18,4,18,0,18,-3,102,-7,16,-9,15,-11,14,-13,12,-15,12,-16,11,-16,10,-18,9,-16,9,-15,7,-11,5,-8,3,-3,1,2,61,6,-4,13,-8,18,-9,21,-12,24,-14,25,-16,26,0,0,-18,25,-18,21,-16,19,-13,14,-10,9,-6,4,-72,15,4,-7,9,-11,14,-15,19,-18,22,-20,24,-21,25,-21,25,-19,24,-19,23,-16,21,-15,19,-13,15,-11,-93,0,7,-5,1,-3,-4,0,-10,1,-16,1,-20,1,-21,-1,5,2,9,-3,7,-13,-5,-19,-19,-10,-23,6,-12,21,24,15,21,10,21,-7,7,-19,-8,-16,-15,-4,-10,8,1,10,8,1,3,-9,-9,-9,-18,4,-10,21,10,25,26,18,29,-13,10,-31,-12,-29,-26,-11,-24,8,-10,19,0,0,8,6,4,1,1,4,5,8,14,5,20,-7,11,-24,-6,-28,-26,-16,-30,4,-18,22,1,25,14,14,15,1,8,-5,3,-4,4,-2,7,-5,6,-13,-5,-21,-10,-23,-34,5,-26,29,0,43,29,36,44,7,34,-21,11,-32]"
CSI_DATA,57437,d8:b1:90:d9:de:f0,-54,11,-99,-40,55,116,845109074,100,0,228,0,"[-6,-17,-7,-17,-8,-15,-11,-13,-13,-11,-15,-8,-15,-6,99,-7,-18,-1,-18,0,-18,2,-19,4,-20,5,-19,6,-18,6,-18,6,-16,5,-13,4,-10,2,-5,0,0,-3,59,6,12,-7,16,-8,20,-8,24,-7,27,-6,28,-6,0,0,27,-4,26,-1,23,0,18,1,13,2,6,2,84,0,-9,1,-16,0,-21,-2,-26,-4,-28,-6,-29,-8,-29,-9,-29,-10,-28,-10,-25,-10,-24,-10,-21,-9,-17,-8,33,15,-8,-4,-3,0,2,4,6,8,9,12,8,15,7,18,-3,-3,-9,-1,-11,7,-4,17,10,17,21,6,20,-11,-10,-25,-10,-19,-20,-5,-16,10,-3,16,10,11,11,-1,4,-9,-6,-6,-8,5,2,13,15,7,21,-9,9,-25,-8,-32,-30,-10,-29,14,-10,28,10,27,22,11,20,-5,0,0,-1,-9,-2,-4,1,-3,2,-8,-5,-14,-18,-10,-26,6,-17,22,2,28,21,20,26,1,18,-15,4,-19,-6,-13,-8,-5,-5,-1,-4,-3,-8,-4,-14,2,-14,16,-14,21,20,27,39,9,39,-19,17,-41,-13,-41,-33,-22,-33,3]"
CSI_DATA,57438,d8:b1:90:d9:de:f0,-53,11,-99,-40,55,116,845128622,100,0,228,0,"[1,17,3,17,5,16,8,14,10,12,13,9,15,5,99,-7,17,0,18,-3,18,-5,17,-7,17,-9,17,-11,17,-11,15,-11,14,-11,12,-9,9,-6,6,-2,2,2,59,6,-5,12,-8,16,-11,19,-14,21,-15,23,-16,23,0,0,-16,22,-16,20,-14,17,-12,13,-9,9,-6,3,-80,15,3,-9,6,-15,9,-19,13,-23,15,-26,16,-27,16,-28,16,-27,15,-27,14,-25,13,-23,11,-20,9,-17,-119,0,5,-9,1,-3,-3,3,-7,7,-11,11,-13,12,-15,12,3,4,8,2,12,-6,5,-16,-7,-18,-19,-8,-20,9,9,24,11,18,20,4,14,-11,1,-16,-10,-9,-10,3,-2,8,6,2,4,-7,-8,-10,-18,1,-13,18,5,27,25,23,31,-9,16,-28,-9,-30,-25,-15,-24,6,-11,18,0,0,8,7,6,2,3,3,6,6,15,3,18,-10,6,-26,-11,-25,-27,-10,-26,11,-11,24,7,22,17,9,14,-3,6,-7,2,-5,4,-4,5,-9,-2,-16,-15,-14,-21,-13,-26,23,-5,40,25,37,45,11,40,-21,14,-39,-11,-32]"
CSI_DATA,57439,d8:b1:90:d9:de:f0,-53,11,-99,-40,55,116,845138952,100,0,228,0,"[-16,-4,-17,-3,-17,-1,-16,3,-14,6,-12,9,-10,11,99,-7,-6,15,-4,17,-2,18,-1,19,0,20,1,20,2,20,2,19,2,18,1,15,0,12,-1,6,-3,1,59,6,-6,-10,-7,-16,-7,-19,-7,-23,-7,-26,-6,-27,0,0,-4,-27,-3,-25,-1,-22,0,-18,2,-13,3,-6,37,0,4,9,5,15,4,21,3,26,3,30,2,32,2,32,1,31,1,31,1,28,0,26,0,23,0,20,-4,15,-1,10,0,4,1,-2,3,-8,6,-14,8,-16,11,-17,-5,1,-5,7,2,13,13,11,19,-1,14,-16,-1,-22,-24,-1,-21,2,-12,16,3,17,13,9,13,-4,4,-10,-5,-5,-4,3,5,6,12,-1,8,-16,-8,-21,-25,-11,-33,7,-12,30,13,30,29,12,28,-9,12,-22,-5,-21,0,0,-11,1,-5,3,-3,1,-8,0,-12,8,-6,18,12,23,24,12,27,-8,15,-24,-5,-26,-18,-14,-19,1,-11,10,-3,10,0,6,-1,6,1,10,9,13,21,5,25,4,13,-32,-11,-38,-38,-23,-45,7,-29,34,0,41,22,27]"
CSI_DATA,57440,d8:b1:90:d9:de:f0,-54,11,-99,-39,55,116,845149483,100,0,228,0,"[5,-16,4,-16,1,-16,-2,-14,-5,-13,-9,-10,-12,-8,97,-7,-16,-2,-17,0,-18,3,-18,5,-19,7,-19,8,-19,9,-18,10,-16,9,-14,7,-10,5,-7,2,-3,-2,58,6,6,-10,10,-14,14,-18,16,-20,17,-22,18,-23,0,0,18,-21,17,-20,16,-17,14,-13,11,-9,7,-3,92,0,0,9,-4,15,-7,20,-10,24,-12,28,-12,30,-12,30,-12,29,-11,29,-10,27,-9,25,-8,22,-7,19,-59,15,-4,9,-1,3,1,-3,5,-8,8,-13,10,-15,13,-17,-1,-4,-7,-5,-13,1,-10,13,2,20,17,13,22,-3,-2,-24,-5,-21,-17,-10,-17,7,-6,15,7,12,10,1,4,-6,-4,-3,-4,7,7,10,18,0,15,-17,-4,-27,-23,-25,-32,6,-18,28,7,32,25,17,26,-5,13,-18,0,0,-8,-8,-6,-2,-3,-3,-6,-6,-15,-2,-17,10,-3,27,13,24,28,10,26,-12,10,-26,-9,-22,-18,-8,-15,4,-6,9,-1,6,-2,6,-1,10,6,14,19,11,23,9,20,-28,-5,-40,-33,-28,-46,1,-33,30,-4,41,20,28]"
CSI_DATA,57441,d8:b1:90:d9:de:f0,-53,11,-99,-41,55,116,845168660,100,0,228,0,"[10,13,11,12,13,11,13,7,14,4,13,0,13,-3,102,-7,10,-10,9,-13,8,-15,6,-18,5,-19,4,-21,3,-21,2,-20,2,-19,2,-15,1,-11,2,-7,2,-1,61,6,3,12,6,16,5,22,6,26,6,28,6,30,0,0,4,29,4,28,2,25,1,21,-1,14,-4,9,-44,15,-7,-5,-10,-12,-11,-19,-12,-23,-14,-26,-14,-29,-14,-29,-14,-28,-14,-28,-13,-26,-13,-24,-11,-22,-10,-19,-131,15,-6,-9,-2,-4,0,2,3,9,4,14,4,19,3,21,5,2,8,-3,6,-12,-5,-16,-18,-9,-21,7,-10,21,21,14,21,8,19,-9,6,-19,-9,-15,-13,-1,-8,7,1,7,4,0,-2,-6,-11,0,-10,14,6,23,24,13,33,-4,14,-30,-11,-32,-29,-14,-28,10,-11,25,6,22,0,0,11,-2,5,-4,3,-1,8,-1,11,-8,3,-20,-19,-19,-27,-7,-26,14,-9,28,12,25,24,9,20,-7,8,-14,-1,-12,-4,-7,-4,-6,-7,-7,-14,-4,-20,7,-22,11,8,34,33,24,45,-6,30,-36,-1,-47,-28,-32,-37,-4]"
CSI_DATA,57442,d8:b1:90:d9:de:f0,-53,11,-99,-40,55,116,845188631,100,0,228,0,"[9,15,10,16,12,13,11,10,13,7,14,4,14,0,99,-7,13,-8,13,-10,12,-12,12,-14,11,-16,11,-18,10,-17,10,-17,9,-16,8,-14,6,-10,5,-5,2,1,59,6,-3,12,-5,18,-8,21,-10,25,-13,27,-14,27,0,0,-16,26,-16,24,-16,21,-15,16,-13,11,-10,5,-129,15,-3,-9,1,-15,5,-20,8,-24,10,-27,12,-28,13,-29,13,-29,13,-28,13,-26,12,-24,11,-22,10,-18,110,0,5,-10,2,-5,-3,0,-7,6,-11,8,-15,10,-18,10,5,2,9,-2,7,-11,-3,-17,-16,-12,-22,3,-14,19,16,20,19,14,22,-4,10,-17,-5,-17,-14,-7,-11,4,-3,8,4,2,1,-5,-9,-4,-14,8,-4,22,15,22,30,12,27,-19,7,-33,-18,-27,-30,-8,-23,13,-7,22,0,0,11,5,6,0,2,1,6,5,14,2,17,-11,1,-26,-13,-25,-28,-11,-28,11,-13,26,7,25,18,12,17,-2,10,-8,5,-8,3,-7,2,-10,-5,-14,-18,-13,-21,-13,-25,23,-5,41,26,38,45,11,42,-20,18,-40,-9,-37]"
CSI_DATA,57443,d8:b1:90:d9:de:f0,-54,11,-99,-38,55,116,845198845,100,0,228,0,"[0,-17,0,-17,-3,-16,-5,-14,-7,-11,-10,-7,-11,-4,94,-6,-13,2,-13,5,-13,8,-13,11,-12,13,-11,15,-10,16,-9,15,-8,15,-6,12,-5,10,-3,4,-1,0,56,5,0,-12,0,-17,1,-22,2,-26,2,-28,2,-29,0,0,2,-29,3,-28,4,-25,4,-21,5,-15,5,-9,87,0,7,3,9,10,10,16,11,21,12,24,13,26,13,27,14,27,14,26,14,23,13,22,12,19,12,16,-111,0,7,8,3,2,0,-1,-1,-7,-3,-13,-4,-16,-5,-19,-1,-3,-7,-2,-10,5,-4,15,8,17,20,5,19,-11,-9,-23,-13,-17,-21,0,-13,13,0,17,11,8,11,-2,2,-8,-3,-2,0,4,8,3,12,-7,1,-20,-16,-18,-30,-5,-21,22,0,32,24,20,28,-1,16,-19,0,-21,0,0,-11,0,-4,2,-2,0,-7,-1,-12,5,-7,18,15,18,25,11,28,-9,12,-26,-7,-26,-22,-12,-21,4,-9,14,0,13,3,7,5,6,8,5,14,1,18,-9,19,-11,-11,-31,-34,-17,-40,11,-23,37,8,42,32,24,34,-1]"
CSI_DATA,57444,d8:b1:90:d9:de:f0,-54,11,-99,-38,55,116,845209143,100,0,228,0,"[18,0,17,-1,17,-3,14,-5,11,-8,8,-9,4,-11,94,-6,-1,-13,-4,-13,-7,-14,-10,-14,-11,-14,-13,-13,-14,-13,-14,-12,-13,-10,-11,-9,-8,-6,-3,-4,0,0,56,5,11,3,16,6,20,8,24,10,26,13,27,13,0,0,26,14,25,15,22,14,17,13,12,12,6,10,55,0,-6,5,-14,3,-19,0,-24,0,-27,-1,-30,-2,-30,-2,-30,-2,-29,-3,-28,-1,-25,-1,-23,-1,-20,0,-4,13,-11,0,-4,0,0,2,6,3,11,6,15,8,16,9,3,-1,1,-7,-6,-11,-15,-3,-16,9,-5,21,11,19,23,-7,18,-12,2,-21,-12,-15,-18,0,-10,11,0,12,7,4,3,-2,-2,-1,-4,6,4,13,18,6,22,-11,13,-27,-15,-26,-31,-6,-26,15,-6,28,12,21,20,4,0,0,3,-10,0,-5,0,0,4,-4,0,-13,-12,-15,-24,3,-22,15,-4,29,15,25,27,7,23,-11,7,-20,-5,-17,-11,-7,-9,-1,-7,0,-9,2,-9,9,-3,19,-3,23,31,11,35,-13,18,-37,-10,-42,-36,-24,-39,5,-23,26]"
CSI_DATA,57445,d8:b1:90:d9:de:f0,-54,11,-99,-39,55,116,845219222,100,0,228,0,"[-18,3,-18,4,-17,5,-14,7,-11,10,-7,11,-4,12,97,-7,2,14,5,14,8,14,10,15,12,14,13,14,15,14,14,13,14,12,12,10,9,8,5,5,0,2,58,6,-11,-5,-16,-9,-19,-12,-22,-15,-24,-17,-24,-19,0,0,-23,-20,-21,-21,-18,-20,-15,-18,-9,-15,-4,-13,-27,15,8,-4,15,0,19,5,23,8,25,12,26,12,27,14,27,14,26,13,25,13,23,12,21,11,19,10,-32,0,11,4,6,1,1,-3,-4,-7,-7,-11,-8,-15,-8,-17,-3,2,-1,8,7,10,16,3,16,-11,4,-21,-13,-19,-24,9,-19,13,-3,22,13,15,19,1,11,-11,-1,-13,-8,-5,-5,3,3,3,5,-6,-4,-13,-18,-8,-23,10,-16,25,13,28,29,11,28,-13,11,-27,-10,-23,-19,-9,0,0,-6,10,1,6,-1,1,-6,4,-5,12,7,18,25,2,27,-8,15,-25,-7,-30,-24,-16,-26,4,-14,17,-1,18,8,12,9,5,8,3,11,1,14,-5,11,-17,13,-19,-22,-23,-38,-3,-34,25,-10,43,20,38,38,16,34,-11]"
CSI_DATA,57446,d8:b1:90:d9:de:f0,-53,11,-99,-39,55,116,845239071,100,0,228,0,"[-18,8,-18,8,-17,9,-13,11,-10,12,-6,12,-3,13,97,-7,4,14,7,14,10,14,12,15,13,14,15,14,16,13,16,13,15,12,12,10,9,8,6,5,0,1,58,6,-10,-7,-14,-12,-17,-16,-18,-19,-19,-23,-20,-25,0,0,-18,-26,-16,-27,-13,-24,-9,-23,-5,-19,0,-14,16,0,9,-2,13,5,16,11,17,16,19,20,19,23,18,24,18,25,18,25,15,24,14,23,13,20,11,19,117,0,7,10,6,4,3,-2,3,-8,3,-13,4,-17,6,-18,-3,3,0,8,9,9,16,1,16,-14,1,-22,-16,-18,-24,12,-17,16,-1,23,15,15,19,0,11,-13,-2,-14,-8,-5,-5,3,3,4,6,-6,-3,-13,-17,-10,-24,8,-17,22,10,29,28,14,32,-9,15,-26,-5,-26,-18,-13,0,0,-7,8,1,6,-1,1,-7,2,-9,10,1,20,22,10,28,2,25,-18,5,-32,-16,-26,-26,-8,-21,9,-9,17,2,15,6,9,7,6,9,5,14,2,18,-8,22,-9,-6,-31,-29,-25,-43,0,-34,28,-8,42,20,37,33,13]"
CSI_DATA,57447,d8:b1:90:d9:de:f0,-53,11,-99,-37,54,116,845258917,100,0,228,0,"[-6,19,-5,20,-2,19,1,16,4,15,6,11,10,8,102,-7,14,2,15,-1,16,-4,18,-7,18,-9,18,-11,18,-12,16,-13,14,-12,12,-11,9,-8,5,-5,1,0,61,6,-7,10,-12,14,-15,19,-19,21,-21,23,-22,24,0,0,-23,24,-23,23,-22,20,-21,16,-18,11,-14,6,75,15,-6,-7,-2,-13,2,-19,5,-23,7,-27,8,-29,9,-30,9,-30,8,-29,8,-28,7,-26,6,-24,5,-22,87,0,1,-12,-1,-6,-3,0,-7,5,-9,10,-12,13,-14,14,0,4,7,6,13,-1,11,-14,-3,-22,-20,-13,-25,5,-1,27,7,24,22,11,21,-8,7,-19,-8,-15,-14,-3,-8,6,2,6,3,-2,-5,-6,-13,1,-10,16,6,25,23,18,30,-10,13,-30,-10,-31,-28,-13,-25,9,-10,21,0,0,11,5,6,-2,1,1,3,6,12,5,19,-7,0,-24,-9,-28,-29,-14,-31,10,-14,28,7,28,21,13,21,-3,11,-11,3,-12,-1,-10,-3,-10,-9,-11,-19,-5,-21,-8,-15,28,8,38,34,25,45,-4,30,-31,2,-42,-23,-27]"
CSI_DATA,57448,d8:b1:90:d9:de:f0,-53,11,-99,-37,54,116,845269041,100,0,228,0,"[6,21,7,21,7,20,8,18,10,14,11,10,12,7,102,-7,15,2,16,-1,18,-3,20,-5,20,-6,20,-7,21,-7,20,-7,19,-7,16,-6,12,-5,7,-3,0,-2,61,6,-12,-1,-19,-2,-25,-4,-28,-5,-31,-6,-32,-9,0,0,-31,-13,-29,-15,-25,-15,-21,-15,-14,-14,-8,-12,-84,15,5,-4,10,1,15,7,20,11,22,16,22,20,21,22,21,24,20,23,18,23,15,22,13,21,11,19,121,0,7,10,6,4,5,-2,6,-8,7,-13,9,-16,11,-18,1,5,9,4,13,-7,6,-19,-9,-21,-23,-9,-25,9,3,29,9,25,23,10,22,-7,9,-19,-7,-16,-14,-5,-9,6,0,8,6,0,0,-9,-12,-8,-20,6,-11,24,3,28,29,15,32,-8,18,-28,-5,-31,-23,-16,-23,2,0,0,1,13,5,4,0,-2,-7,2,-7,12,6,20,22,5,30,-6,20,-26,-3,-33,-24,-22,-29,-1,-20,15,-5,20,6,14,9,7,7,3,7,4,12,2,18,-6,24,-6,-1,-31,-24,-27,-41,-6,-39,22,-16,41,10,40,28,21]"
CSI_DATA,57449,d8:b1:90:d9:de:f0,-53,11,-99,-38,54,116,845288709,100,0,228,0,"[-9,19,-9,20,-8,20,-6,18,-3,17,0,16,3,15,105,-7,9,13,11,13,14,13,16,11,17,11,19,11,19,13,18,11,17,11,14,9,10,6,6,3,2,-2,63,6,-5,-14,-7,-19,-8,-25,-8,-29,-7,-32,-5,-35,0,0,0,-35,2,-34,4,-31,6,-26,8,-19,8,-13,122,0,3,3,0,10,-4,17,-8,21,-11,25,-15,26,-17,26,-18,25,-20,23,-20,21,-19,20,-19,17,-16,14,40,16,-8,9,-3,7,2,6,8,5,13,7,17,9,18,11,-2,5,4,9,15,5,19,-8,9,-21,-9,-26,-25,-11,-19,22,-13,23,7,26,20,13,21,-5,9,-17,-4,-15,-10,-4,-6,5,4,5,8,-4,1,-16,-16,-15,-28,2,-23,15,0,33,23,26,33,2,25,-19,5,-28,-14,-20,0,0,-10,6,0,6,3,-1,-4,-7,-16,-3,-18,13,0,22,16,28,32,11,32,-13,15,-29,-6,-29,-20,-16,-21,0,-13,9,-4,10,-1,7,-1,7,0,11,7,15,7,23,30,-3,26,-26,4,-41,-22,-37,-41,-15,-39,11,-20,29]"
CSI_DATA,57450,d8:b1:90:d9:de:f0,-52,11,-99,-39,54,116,845298771,100,0,228,0,"[20,-11,21,-12,19,-12,17,-12,14,-13,10,-14,7,-15,108,-7,1,-17,0,-19,-2,-20,-3,-21,-4,-22,-5,-22,-5,-23,-5,-22,-4,-21,-4,-16,-4,-12,-4,-6,-5,0,65,6,-8,13,-12,17,-15,22,-20,24,-23,25,-26,26,0,0,-29,22,-29,19,-29,15,-25,11,-21,6,-14,3,98,16,2,-1,10,-2,16,-2,23,-1,26,1,29,3,31,6,30,7,30,8,28,10,26,10,24,10,21,8,-21,0,13,3,10,-1,6,-6,4,-12,3,-16,4,-20,6,-21,6,-2,3,-11,-7,-14,-20,-6,-22,11,-10,26,11,26,31,-5,26,-10,12,-24,-7,-24,-21,-10,-19,6,-6,15,6,12,10,0,1,-8,-11,-4,-13,10,-1,23,20,21,25,8,26,-22,4,-35,-20,-29,-32,-7,-25,14,-7,24,0,0,12,3,5,-6,-5,-3,-6,7,4,16,21,10,21,-6,17,-29,-5,-35,-28,-22,-34,1,-22,21,-3,26,12,19,15,5,10,-2,4,-3,4,0,8,-1,12,-10,22,-15,-12,-26,-31,-16,-40,7,-28,33,-1,44,23,33,34,11]"
CSI_DATA,57451,d8:b1:90:d9:de:f0,-52,11,-99,-39,54,116,845308996,100,0,228,0,"[21,8,22,8,21,6,20,4,19,1,16,-2,14,-6,108,-7,11,-13,10,-15,8,-17,7,-19,6,-21,6,-22,5,-22,5,-21,4,-20,3,-15,2,-12,0,-5,-3,0,65,6,-10,13,-13,17,-17,22,-21,24,-23,25,-25,26,0,0,-29,24,-28,21,-26,19,-23,14,-20,10,-13,5,103,16,0,-3,7,-6,14,-8,20,-10,25,-11,29,-11,30,-11,30,-10,30,-10,28,-8,28,-7,24,-6,21,-6,-7,0,12,-5,5,-6,0,-7,-6,-10,-11,-13,-13,-15,-14,-17,5,2,10,-5,4,-16,-11,-17,-24,-6,-24,13,-7,28,28,15,28,7,23,-13,5,-24,-11,-19,-20,-4,-13,10,0,12,7,3,3,-6,-8,-6,-15,6,-6,22,14,24,25,14,30,-17,8,-34,-16,-31,-31,-11,-26,12,-7,22,0,0,12,4,4,-4,-4,-1,-2,10,10,15,23,4,17,-15,7,-33,-17,-31,-34,-11,-32,15,-13,30,8,25,19,11,16,-3,8,-7,3,-6,4,-4,5,-8,1,-16,4,-24,-29,-10,-34,13,-21,37,7,43,33,28,41,0,28,-22]"
CSI_DATA,57452,d8:b1:90:d9:de:f0,-52,11,-99,-39,54,116,845319523,100,0,228,0,"[21,-7,21,-7,19,-10,14,-11,11,-13,6,-13,2,-15,108,-7,-5,-15,-8,-16,-11,-16,-13,-16,-15,-15,-17,-15,-17,-13,-17,-13,-16,-11,-13,-8,-10,-5,-5,-2,1,1,65,6,12,11,17,14,21,19,24,22,25,25,26,28,0,0,24,28,23,28,20,26,15,23,11,19,5,14,74,0,-5,1,-10,-5,-14,-13,-17,-16,-20,-20,-20,-22,-21,-25,-21,-24,-21,-24,-19,-22,-19,-22,-16,-19,-14,-16,99,16,-10,-7,-7,-2,-4,4,-1,11,0,15,0,21,-2,23,5,-3,1,-11,-10,-13,-21,-2,-20,15,-3,28,17,22,28,-13,21,-17,1,-26,-16,-17,-22,1,-12,15,2,15,10,5,5,-5,-5,-4,-7,6,2,16,21,11,28,-8,21,-23,-12,-32,-32,-14,-32,11,-13,29,10,25,21,10,0,0,4,-10,-2,-4,1,3,10,0,12,-13,-2,-24,-22,-13,-34,1,-26,25,-1,38,23,28,32,3,22,-16,4,-23,-6,-15,-11,-6,-6,-1,-7,-1,-10,-1,-15,8,-22,10,8,29,31,20,41,-5,30,-33,0,-43,-26,-32,-35,-5]"
CSI_DATA,57453,d8:b1:90:d9:de:f0,-52,11,-99,-39,54,116,845329763,100,0,228,0,"[21,-6,21,-7,20,-8,16,-10,13,-12,8,-13,5,-14,108,-7,-2,-16,-5,-17,-7,-19,-10,-19,-12,-19,-13,-19,-13,-19,-12,-17,-12,-15,-10,-13,-6,-8,-3,-4,1,2,65,6,7,15,10,21,12,26,12,31,12,34,12,37,0,0,8,37,6,35,3,32,2,29,-1,22,-2,15,-46,16,-4,-3,-4,-10,-4,-19,-3,-24,-2,-28,-1,-31,0,-32,1,-33,1,-32,1,-30,1,-28,1,-25,1,-22,23,0,-1,-12,-3,-5,-6,1,-10,6,-14,10,-17,13,-20,12,5,-3,2,-11,-10,-13,-22,-4,-22,13,-6,26,14,25,29,-8,24,-14,6,-25,-13,-21,-22,-4,-14,12,-1,15,8,7,6,-4,-3,-6,-10,4,-3,16,15,17,29,1,29,-13,1,-34,-23,-26,-35,-3,-24,20,-3,28,13,19,0,0,8,-5,0,-4,0,4,10,5,17,-4,12,-22,-11,-23,-30,-20,-38,5,-23,30,3,37,24,22,28,0,17,-15,3,-17,-4,-11,-4,-5,-3,-5,-7,-7,-16,-5,-23,-10,-16,26,5,37,32,28,44,1,34,-28,8,-41,-16,-31]"
CSI_DATA,57454,d8:b1:90:d9:de:f0,-52,11,-99,-39,54,116,845348556,100,0,228,0,"[-3,-22,-4,-22,-6,-20,-7,-16,-11,-14,-12,-10,-14,-5,108,-7,-17,1,-19,4,-20,6,-20,7,-21,10,-21,11,-20,11,-19,11,-16,11,-14,8,-8,5,-4,2,2,-1,65,6,14,-6,21,-10,28,-11,31,-12,34,-12,37,-11,0,0,37,-8,35,-6,33,-4,29,-2,22,0,14,2,-100,0,-2,4,-11,4,-19,3,-25,4,-29,3,-32,2,-33,1,-33,0,-32,0,-30,0,-29,0,-25,0,-21,0,12,16,-11,2,-5,4,2,6,8,10,12,13,15,16,15,19,-2,-5,-11,-3,-15,7,-6,21,11,23,26,10,26,-12,-6,-30,-12,-25,-25,-7,-21,12,-5,22,11,15,15,2,7,-8,-3,-7,-6,3,3,11,16,4,20,-13,3,-29,-11,-30,-34,-3,-28,23,-5,34,19,26,28,4,19,-13,0,0,-5,-8,-4,0,4,-1,4,-10,-5,-17,-23,-11,-24,12,-19,31,7,38,32,22,37,-4,22,-24,0,-28,-15,-16,-16,-2,-11,4,-4,4,-5,3,-7,7,-4,16,-7,23,28,15,38,-6,26,-33,-1,-46,-30,-33,-42,-5,-30,19]"
CSI_DATA,57455,d8:b1:90:d9:de:f0,-52,11,-99,-40,54,116,845359254,100,0,228,0,"[-23,-8,-23,-6,-23,-4,-20,-1,-19,2,-17,5,-16,9,112,-8,-12,15,-11,16,-10,18,-10,20,-9,21,-8,21,-8,21,-6,20,-6,19,-4,15,-2,10,0,5,4,-1,66,6,11,-13,16,-18,20,-21,24,-24,27,-24,31,-24,0,0,31,-21,32,-18,30,-15,26,-12,20,-6,15,-4,-110,0,-3,2,-10,4,-19,4,-25,4,-28,3,-31,2,-33,1,-33,1,-32,0,-31,-1,-28,-1,-26,-1,-21,-1,19,17,-11,3,-6,5,-1,10,4,13,8,17,9,23,8,24,-6,-1,-9,8,-3,17,12,18,26,4,25,-16,8,-30,-30,-15,-28,-6,-24,15,-5,25,13,19,20,3,12,-11,-1,-13,-10,-3,-4,8,9,9,17,-4,10,-21,-11,-27,-23,-20,-33,13,-15,33,11,33,30,15,27,-8,11,-20,0,0,-9,-5,-3,3,4,0,4,-10,-8,-17,-26,-8,-24,12,-15,34,11,36,34,18,36,-8,18,-27,-3,-27,-16,-15,-16,-2,-9,4,-3,4,-4,1,-9,4,-9,15,-13,25,23,21,39,2,34,-26,9,-43,-20,-39,-40,-18,-35,9]"
CSI_DATA,57456,d8:b1:90:d9:de:f0,-52,11,-99,-36,53,116,845378894,100,0,228,0,"[20,-11,20,-12,18,-13,16,-13,13,-15,9,-16,5,-18,112,-8,0,-19,-1,-20,-3,-21,-4,-23,-5,-23,-6,-23,-6,-21,-5,-20,-5,-18,-4,-15,-3,-10,-2,-4,-1,2,66,6,-2,18,-3,23,-5,28,-9,33,-12,35,-15,35,0,0,-18,33,-20,31,-19,26,-18,20,-16,15,-11,8,135,17,2,-3,9,-6,16,-10,23,-11,26,-11,30,-11,32,-10,32,-9,32,-8,28,-5,27,-4,25,-4,21,-3,-27,0,10,-4,4,-8,-1,-9,-6,-13,-10,-17,-11,-21,-11,-24,5,-4,1,-12,-10,-15,-21,-3,-23,15,-6,28,15,26,32,-10,25,-13,8,-26,-11,-23,-21,-6,-17,10,-2,17,9,9,10,-3,-1,-10,-12,-2,-12,13,3,25,24,17,32,5,20,-28,-3,-35,-25,-23,-31,0,-20,19,-1,23,0,0,10,1,1,-3,-3,2,1,12,16,12,26,-2,17,-20,0,-36,-24,-30,-38,-5,-31,19,-9,31,11,25,20,9,16,-3,5,-8,2,-3,4,-2,8,-5,5,-17,9,-28,-27,-17,-39,4,-31,32,-4,46,25,38,41,12,34,-12]"
CSI_DATA,57457,d8:b1:90:d9:de:f0,-52,11,-99,-40,54,116,845388963,100,0,228,0,"[3,-23,3,-24,2,-23,0,-21,-2,-20,-5,-18,-9,-17,112,-8,-13,-15,-16,-13,-17,-13,-18,-13,-20,-12,-20,-12,-19,-12,-18,-12,-16,-11,-12,-10,-9,-6,-4,-2,1,3,66,6,8,15,10,23,11,27,9,31,8,35,5,38,0,0,1,39,-3,36,-5,32,-6,26,-6,20,-5,12,-91,17,0,-3,5,-10,11,-16,15,-19,20,-21,24,-21,26,-21,27,-19,27,-18,26,-16,25,-12,23,-11,19,-9,-48,0,9,-6,3,-8,-5,-8,-10,-11,-13,-15,-17,-18,-15,-20,1,-6,-8,-9,-18,-1,-18,13,-4,26,16,24,28,8,15,-31,9,-27,-11,-25,-24,-8,-20,9,-5,19,9,15,13,1,5,-9,-6,-6,-12,5,-2,19,17,18,30,0,28,-13,2,-35,-23,-27,-34,-5,-27,17,-8,26,9,20,0,0,10,-4,0,-4,-2,5,6,9,19,4,23,-13,5,-27,-13,-33,-34,-16,-36,10,-20,30,3,32,19,19,21,1,13,-8,3,-8,1,-4,5,-3,6,-9,1,-18,1,-28,-32,-10,-36,13,-21,38,6,46,33,32,43,4,31,-19]"
CSI_DATA,57458,d8:b1:90:d9:de:f0,-52,11,-99,-40,54,116,845399036,100,0,228,0,"[17,15,18,15,18,12,19,9,19,4,19,0,18,-3,112,-8,17,-11,17,-12,16,-15,16,-17,15,-18,13,-19,13,-19,12,-18,10,-17,9,-13,5,-10,2,-5,-2,0,66,6,-12,11,-16,17,-21,19,-25,21,-28,21,-32,23,0,0,-32,19,-31,17,-30,15,-25,10,-20,8,-12,3,128,17,3,-2,11,-4,19,-4,25,-6,30,-5,32,-5,34,-4,33,-4,33,-3,30,-2,28,-3,25,-2,20,-2,-26,0,10,-4,3,-5,-2,-9,-9,-11,-13,-15,-16,-18,-16,-21,5,4,12,-2,9,-16,-5,-21,-23,-13,-28,5,-16,25,26,23,25,15,26,-8,11,-21,-6,-21,-18,-8,-15,8,-1,13,9,5,6,-8,-6,-11,-18,0,-15,19,5,30,20,25,34,-8,19,-30,-6,-34,-26,-19,-27,4,-13,18,0,0,8,5,4,-2,-4,1,-3,11,9,17,25,6,24,-15,11,-34,-15,-34,-34,-15,-34,11,-16,28,5,26,17,12,15,0,8,-5,2,-3,5,-1,10,-5,6,-17,6,-28,-28,-17,-39,6,-28,34,0,47,30,34,42,6,32,-18]"
CSI_DATA,57459,d8:b1:90:d9:de:f0,-52,11,-99,-39,54,116,845409423,100,0,228,0,"[-15,-15,-16,-14,-16,-12,-16,-10,-17,-6,-16,-2,-16,1,108,-7,-17,7,-17,10,-17,11,-17,13,-19,13,-17,14,-17,14,-16,13,-15,12,-13,8,-8,6,-4,3,2,0,65,6,14,-5,21,-6,26,-7,31,-6,34,-5,37,-3,0,0,35,1,34,4,30,5,25,6,19,6,11,5,-135,0,-5,2,-11,-3,-17,-7,-22,-11,-24,-15,-25,-17,-25,-20,-24,-22,-22,-21,-20,-21,-19,-20,-15,-17,-13,-15,104,16,-7,-6,-5,1,-4,7,-3,14,-5,19,-7,22,-10,22,-4,-4,-12,2,-10,14,3,21,20,15,28,-2,20,-21,-19,-23,-20,-19,-25,1,-15,17,1,21,14,12,15,-3,4,-11,-6,-7,-7,4,3,13,17,5,20,-12,5,-28,-8,-31,-33,-7,-30,16,-10,32,13,29,24,11,20,-7,0,0,-2,-10,-3,-2,4,0,7,-7,2,-17,-15,-19,-26,-2,-29,17,-11,34,14,33,31,14,29,-8,14,-21,-2,-20,-10,-11,-8,-2,-4,-1,-4,-4,-12,-3,-17,5,-24,10,3,33,26,28,42,4,38,-24,13,-42,-14,-39,-30,-17]"
CSI_DATA,57460,d8:b1:90:d9:de:f0,-52,11,-99,-41,54,116,845419567,100,0,228,0,"[20,-11,19,-13,17,-14,13,-15,9,-16,3,-17,0,-19,115,-8,-8,-19,-10,-19,-14,-17,-15,-17,-17,-16,-19,-16,-19,-15,-17,-14,-16,-11,-13,-9,-9,-7,-4,-3,1,1,68,7,13,10,17,15,22,20,23,22,26,26,27,28,0,0,24,28,22,27,19,26,15,22,10,17,4,11,48,0,-4,-1,-9,-9,-13,-16,-15,-21,-17,-24,-17,-27,-17,-29,-17,-28,-17,-28,-15,-26,-15,-24,-13,-21,-10,-17,-128,17,-7,-7,-4,0,-3,7,-3,15,-3,20,-4,24,-5,26,5,-3,1,-13,-13,-13,-23,0,-20,19,-1,29,21,21,27,-19,20,-21,-2,-27,-20,-15,-21,3,-9,17,5,15,11,2,4,-8,-7,-5,-11,7,0,19,20,15,29,-5,24,-23,-9,-34,-32,-16,-34,9,-16,28,7,27,20,13,0,0,7,-9,-1,-3,3,2,11,-1,13,-14,-1,-26,-23,-17,-35,0,-27,26,-2,38,22,28,32,4,22,-15,4,-20,-5,-13,-8,-4,-4,-1,-3,-5,-11,-5,-20,3,-27,8,1,34,27,30,46,4,39,-27,10,-45,-19,-39,-34,-14]"
CSI_DATA,57461,d8:b1:90:d9:de:f0,-52,11,-99,-38,54,116,845429715,100,0,228,0,"[-21,4,-20,5,-19,6,-16,8,-14,11,-9,14,-7,15,105,-7,-2,19,1,19,2,20,4,21,6,22,7,21,7,21,7,19,6,18,5,15,4,10,2,4,0,-2,63,6,-4,-15,-4,-21,-4,-26,-4,-31,-3,-33,-2,-34,0,0,1,-34,3,-33,4,-29,5,-26,5,-18,4,-11,45,0,2,5,-1,13,-3,19,-5,25,-8,28,-9,29,-10,29,-11,29,-11,28,-11,27,-10,23,-9,21,-8,17,-77,16,-2,9,3,3,7,-1,14,-4,18,-6,22,-7,23,-5,-6,2,-4,10,6,15,19,8,23,-8,11,-25,-8,-27,-30,5,-26,8,-10,23,8,21,20,6,15,-8,2,-15,-8,-7,-8,4,2,8,13,0,9,-15,-7,-22,-26,-11,-31,3,-13,31,13,31,30,13,29,-10,11,-23,-5,-20,0,0,-9,2,-2,3,0,-3,-8,-6,-18,1,-17,17,2,27,22,25,34,4,28,-20,6,-32,-15,-26,-23,-7,-17,7,-7,11,0,7,0,5,-2,6,1,11,13,14,19,17,27,-17,10,-37,-17,-39,-40,-18,-42,10,-23,33,2,34]"
CSI_DATA,57462,d8:b1:90:d9:de:f0,-53,11,-99,-38,54,116,845448805,100,0,228,0,"[-8,-19,-9,-19,-10,-16,-11,-14,-14,-9,-16,-6,-17,-3,105,-7,-19,3,-19,6,-19,7,-19,9,-20,10,-19,11,-19,11,-18,11,-16,10,-13,8,-9,6,-4,3,2,0,63,6,14,-6,19,-8,25,-9,29,-10,31,-9,33,-8,0,0,33,-6,33,-4,29,-2,26,0,19,2,11,3,-136,0,-5,3,-13,2,-18,1,-25,-1,-28,-3,-30,-4,-31,-5,-31,-6,-30,-7,-27,-7,-25,-6,-21,-5,-18,-5,51,16,-8,0,-2,3,2,7,7,11,9,17,10,20,9,22,-3,-6,-10,-2,-14,9,-3,21,14,20,26,5,23,-15,-13,-26,-15,-21,-25,-3,-18,15,-2,21,13,13,14,-2,5,-10,-5,-7,-7,4,3,13,16,5,20,-13,5,-27,-11,-30,-33,-5,-28,19,-6,32,16,26,26,7,19,-9,0,0,-4,-9,-3,-1,3,-1,4,-9,-5,-16,-20,-11,-25,9,-19,26,3,34,25,22,32,0,21,-19,3,-23,-9,-16,-13,-4,-7,1,-4,0,-7,-1,-11,4,-10,16,-11,22,21,23,38,4,34,-23,11,-42,-18,-40,-37,-17,-33,7]"
CSI_DATA,57463,d8:b1:90:d9:de:f0,-52,11,-99,-40,54,116,845458826,100,0,228,0,"[2,-23,1,-23,0,-21,-3,-20,-5,-17,-9,-15,-12,-12,112,-8,-17,-9,-19,-8,-21,-6,-23,-4,-23,-4,-24,-3,-24,-3,-23,-2,-20,-3,-16,-2,-12,-2,-5,-1,2,0,66,6,16,4,20,6,26,10,28,15,31,17,31,19,0,0,28,23,25,24,20,23,16,20,10,17,4,11,50,0,-5,-2,-10,-10,-13,-17,-13,-23,-15,-27,-15,-30,-13,-32,-10,-32,-10,-31,-8,-28,-6,-26,-5,-24,-4,-19,-43,17,-4,-8,-3,-1,-4,5,-8,11,-10,17,-13,19,-17,19,0,-6,-9,-8,-18,1,-15,17,0,26,20,20,30,1,5,-31,1,-28,-18,-19,-25,0,-16,16,2,19,12,9,11,-4,0,-9,-9,-2,-6,12,9,17,25,4,25,-17,13,-31,-20,-30,-35,-6,-30,18,-8,31,13,25,21,8,0,0,4,-9,0,-3,3,1,10,-2,11,-15,-2,-25,-23,-16,-34,0,-27,23,-4,35,18,28,30,8,24,-10,9,-18,-2,-13,-4,-6,-2,-4,-3,-8,-9,-9,-20,-2,-26,-1,-11,33,15,38,39,21,47,-8,31,-35,1,-42,-21,-28]"
CSI_DATA,57464,d8:b1:90:d9:de:f0,-52,11,-99,-40,54,116,845468943,100,0,228,0,"[2,-21,0,-23,-2,-21,-5,-19,-9,-16,-12,-13,-16,-9,112,-8,-19,-3,-21,0,-21,2,-21,4,-23,6,-23,8,-21,9,-20,9,-18,9,-15,8,-11,5,-5,2,2,-1,66,6,15,-8,19,-10,24,-12,28,-13,31,-15,34,-15,0,0,33,-13,32,-10,31,-9,25,-6,19,-3,12,0,-133,0,-3,4,-11,8,-18,9,-24,11,-28,11,-31,11,-32,12,-30,11,-30,11,-27,10,-26,10,-23,9,-18,8,60,17,-6,5,-1,3,6,3,13,2,19,2,23,4,25,6,0,-6,-9,-8,-17,2,-13,18,4,25,24,16,28,-5,-3,-32,-8,-27,-24,-11,-23,9,-8,20,9,17,15,2,8,-9,-4,-8,-8,4,1,13,17,6,21,-12,5,-30,-12,-31,-35,-5,-28,23,-4,34,19,26,27,4,19,-13,0,0,-6,-9,-3,-1,2,-1,1,-10,-10,-15,-24,-4,-21,19,-9,33,17,31,33,11,31,-13,11,-27,-8,-24,-17,-10,-13,1,-6,4,-4,2,-8,4,-8,11,2,20,6,25,34,3,32,-25,8,-45,-24,-40,-45,-13,-38,17,-15,33]"
CSI_DATA,57465,d8:b1:90:d9:de:f0,-53,11,-99,-37,54,116,845488667,100,0,228,0,"[18,10,19,9,19,6,18,3,18,-1,16,-4,14,-8,102,-7,11,-14,10,-16,9,-19,8,-20,7,-21,6,-22,5,-22,5,-20,4,-19,3,-15,2,-10,1,-5,0,1,61,6,-3,14,-4,20,-7,24,-9,28,-11,29,-13,30,0,0,-14,29,-15,27,-15,24,-13,19,-11,13,-9,6,-115,15,0,-6,4,-12,9,-18,13,-21,15,-23,19,-24,20,-24,19,-24,20,-22,18,-21,16,-19,14,-16,12,-13,-100,0,4,-6,-1,-3,-6,0,-12,3,-16,4,-21,4,-23,2,5,2,10,-5,4,-15,-9,-18,-23,-7,-23,12,-7,26,26,12,25,6,21,-13,5,-22,-12,-16,-16,-1,-10,10,3,11,8,1,1,-8,-10,-6,-15,8,-3,23,18,22,30,11,25,-22,3,-33,-21,-25,-29,-4,-22,14,-4,21,0,0,10,3,4,-1,0,3,5,7,15,4,21,-10,5,-26,-11,-29,-29,-14,-31,8,-16,26,4,27,18,13,18,0,10,-7,4,-6,3,-4,4,-7,1,-12,-10,-16,-15,-19,-30,10,-19,33,9,41,34,26,42,-3,29,-27,4,-33]"
CSI_DATA,57466,d8:b1:90:d9:de:f0,-53,11,-99,-41,55,116,845498765,100,0,228,0,"[3,-20,2,-20,0,-20,-2,-19,-5,-15,-8,-13,-11,-11,102,-7,-15,-7,-18,-5,-20,-4,-21,-3,-21,-2,-23,-1,-22,-1,-21,-1,-19,-1,-15,-1,-11,-1,-5,-1,1,-1,61,6,14,1,20,3,24,5,28,8,30,9,30,11,0,0,29,14,26,15,22,15,18,14,12,12,6,9,66,0,-7,-1,-12,-5,-16,-10,-19,-14,-21,-19,-22,-22,-21,-23,-19,-23,-19,-23,-16,-22,-13,-20,-12,-18,-10,-14,-113,15,-5,-6,-3,-1,-1,5,-1,11,-1,18,-3,21,-5,22,0,-6,-7,-7,-15,1,-12,15,1,23,18,18,26,0,4,-27,0,-25,-16,-16,-22,1,-13,14,3,18,11,7,9,-4,-1,-8,-8,0,-3,11,11,13,23,0,19,-20,7,-30,-23,-23,-33,0,-24,21,-2,29,15,21,21,4,0,0,4,-10,-1,-4,2,-1,8,-6,5,-15,-8,-20,-25,-7,-29,8,-16,27,5,31,23,19,26,-1,16,-14,3,-16,-5,-11,-5,-4,-4,-4,-6,-5,-12,-4,-19,5,-22,9,3,32,26,26,41,3,34,-25,10,-41,-16,-34,-29,-14]"
CSI_DATA,57467,d8:b1:90:d9:de:f0,-53,11,-99,-41,55,116,845509079,100,0,228,0,"[16,11,18,10,19,7,18,3,18,-1,15,-4,13,-7,102,-7,10,-14,8,-16,6,-19,5,-21,3,-22,1,-22,1,-22,0,-21,0,-19,0,-15,-1,-11,0,-6,1,1,61,6,3,14,3,19,3,25,3,28,2,30,2,33,0,0,1,32,0,30,-1,27,-2,23,-3,16,-4,10,-46,15,-4,-6,-5,-13,-4,-20,-3,-25,-4,-28,-3,-30,-3,-30,-2,-30,-2,-29,-2,-27,-2,-24,-2,-22,-2,-18,-36,15,-3,-7,-3,-2,-3,6,-4,12,-5,15,-7,20,-9,20,5,3,9,-4,4,-14,-9,-18,-23,-6,-22,12,-6,25,26,10,25,5,20,-14,2,-22,-13,-14,-16,1,-7,11,4,9,7,-1,-1,-8,-11,-2,-11,12,4,23,23,14,32,0,15,-29,-9,-32,-29,-14,-28,8,-13,23,5,21,0,0,9,-1,2,-3,2,2,8,3,15,-5,10,-20,-10,-24,-26,-15,-31,5,-19,26,5,29,21,16,22,-1,12,-12,3,-11,-1,-7,-1,-5,-2,-8,-8,-9,-19,-3,-24,1,-9,30,16,34,38,14,41,-13,20,-37,-8,-39,-26,-20]"
CSI_DATA,57468,d8:b1:90:d9:de:f0,-53,11,-99,-38,54,116,845528782,100,0,228,0,"[14,15,15,15,16,11,16,8,16,4,16,0,16,-4,105,-7,15,-10,14,-14,13,-16,13,-18,11,-20,10,-21,9,-20,9,-20,8,-18,7,-15,5,-10,3,-4,0,1,63,6,-5,14,-7,19,-10,23,-14,26,-16,28,-18,29,0,0,-20,27,-19,25,-19,20,-17,16,-14,10,-9,4,-129,16,0,-7,5,-14,10,-17,15,-20,18,-23,20,-23,22,-25,22,-22,22,-21,20,-19,18,-18,17,-15,14,-13,-101,0,5,-6,0,-3,-5,2,-11,4,-17,4,-20,4,-22,3,4,3,10,-2,8,-13,-4,-20,-20,-13,-26,5,-15,23,21,19,22,13,23,-7,10,-20,-6,-19,-16,-5,-11,7,-1,10,7,2,2,-7,-10,-6,-17,7,-7,23,14,26,30,16,30,-17,9,-34,-16,-30,-29,-9,-25,11,-8,21,0,0,9,5,5,0,1,3,5,8,15,6,21,-7,7,-26,-8,-31,-28,-17,-32,5,-19,25,1,28,16,16,18,2,10,-6,5,-6,3,-4,5,-7,2,-14,-9,-17,-15,-19,-31,10,-19,33,8,42,34,27,44,-2,29,-27,4,-34]"
CSI_DATA,57469,d8:b1:90:d9:de:f0,-53,11,-99,-41,55,116,845538833,100,0,228,0,"[18,8,19,7,19,4,18,2,15,-1,14,-5,13,-8,102,-7,10,-13,9,-15,8,-18,7,-20,6,-21,5,-22,5,-21,4,-21,4,-19,4,-14,3,-10,2,-5,1,1,61,6,-3,14,-5,19,-7,23,-10,26,-12,28,-14,29,0,0,-18,27,-18,23,-16,20,-15,15,-12,10,-8,4,-129,15,1,-7,6,-12,11,-16,15,-19,20,-21,22,-21,23,-21,23,-19,23,-19,21,-15,21,-14,18,-12,15,-9,-61,0,7,-5,1,-3,-5,-1,-11,0,-16,0,-19,-1,-21,-3,5,1,8,-5,3,-14,-10,-16,-22,-5,-21,13,-5,25,26,11,25,5,20,-12,4,-22,-11,-14,-16,-1,-9,9,2,10,7,1,1,-8,-11,-5,-15,9,-3,23,18,22,29,11,26,-21,4,-33,-18,-26,-29,-6,-22,13,-6,21,0,0,9,4,4,-1,1,2,4,7,14,6,21,-7,8,-24,-6,-29,-25,-18,-30,4,-20,22,0,26,13,16,16,3,10,-4,5,-5,5,-4,6,-6,4,-13,-6,-19,-10,-22,-32,4,-24,27,0,41,27,32,42,7,32,-19,11,-31]"
CSI_DATA,57470,d8:b1:90:d9:de:f0,-53,11,-99,-40,55,116,845548928,100,0,228,0,"[-10,17,-10,18,-8,18,-5,18,-2,17,2,17,5,15,99,-7,11,14,13,13,15,14,16,12,18,12,19,12,18,11,18,11,16,11,12,9,9,7,4,4,-1,1,59,6,-11,-9,-15,-13,-17,-17,-19,-21,-20,-24,-19,-26,0,0,-15,-27,-11,-26,-9,-25,-5,-21,-2,-16,1,-10,20,0,6,5,7,12,7,19,7,24,5,28,4,30,2,31,0,30,-1,29,-2,27,-2,25,-3,22,-2,18,-32,15,0,9,1,4,4,-2,8,-7,11,-10,15,-12,17,-12,-2,5,5,9,15,5,18,-8,9,-21,-9,-23,-23,-11,-17,23,-11,22,8,22,19,9,18,-7,6,-16,-6,-12,-10,-1,-3,7,8,3,9,-9,-3,-17,-20,-12,-27,7,-22,23,8,33,28,18,31,-5,18,-23,-2,-26,-16,-15,0,0,-9,7,-1,4,-2,-1,-9,0,-12,9,-5,20,16,21,28,11,29,-11,15,-27,-6,-28,-20,-15,-21,0,-13,10,-3,11,0,7,0,6,0,9,7,12,18,7,23,7,18,-26,-3,-37,-28,-29,-43,-4,-36,24,-11,37,12,31]"
CSI_DATA,57471,d8:b1:90:d9:de:f0,-53,11,-99,-40,55,116,845559189,100,0,228,0,"[-10,-17,-11,-17,-13,-14,-14,-11,-15,-7,-16,-3,-16,1,99,-7,-16,8,-16,11,-15,13,-14,15,-13,17,-13,18,-12,18,-11,18,-9,17,-7,13,-6,10,-3,4,0,-2,59,6,6,-13,8,-18,11,-21,14,-24,15,-26,16,-27,0,0,17,-26,17,-23,16,-20,14,-16,12,-11,8,-5,111,0,0,7,-5,14,-9,17,-12,21,-14,24,-17,26,-17,26,-17,24,-16,24,-15,22,-14,20,-12,18,-10,15,129,15,-4,8,0,3,5,-1,9,-5,14,-8,16,-8,19,-8,-3,-5,-10,0,-10,11,1,19,16,15,24,-1,17,-19,-17,-21,-19,-15,-23,3,-12,18,4,19,15,7,12,-6,1,-10,-7,-3,-2,7,10,8,17,-6,9,-21,-12,-25,-28,-16,-29,15,-9,32,15,28,28,9,24,-11,8,-20,0,0,-9,-4,-4,1,0,-2,-4,-7,-14,-5,-19,8,-6,24,10,28,28,13,29,-8,15,-24,-5,-25,-17,-13,-17,1,-9,8,-3,7,-3,5,-3,8,1,13,12,14,17,16,26,-17,10,-36,-18,-37,-39,-16,-39,13,-19,33,6,32]"
CSI_DATA,57472,d8:b1:90:d9:de:f0,-53,11,-99,-38,54,116,845569829,100,0,228,0,"[20,4,20,3,20,1,19,-2,17,-5,15,-8,13,-11,105,-7,8,-16,7,-18,6,-20,4,-21,3,-22,2,-23,2,-23,1,-21,2,-20,2,-16,2,-11,1,-5,1,1,63,6,-2,15,-3,20,-5,25,-7,29,-9,31,-11,31,0,0,-14,30,-15,27,-16,22,-14,18,-13,13,-8,6,-106,16,1,-7,5,-13,10,-18,15,-20,18,-22,20,-23,22,-22,22,-21,22,-20,21,-18,20,-16,18,-14,15,-11,-88,0,6,-5,1,-3,-4,-1,-10,1,-17,1,-19,0,-21,-2,5,1,7,-7,0,-16,-14,-15,-23,-1,-19,17,-2,27,29,6,27,1,18,-17,0,-22,-14,-14,-17,1,-8,11,4,9,7,-1,0,-8,-11,-4,-15,11,-1,25,20,21,32,7,26,-25,1,-35,-22,-25,-31,-3,-22,16,-4,22,0,0,10,3,4,-2,0,2,5,7,16,4,20,-9,6,-26,-9,-30,-28,-16,-31,6,-18,25,2,27,16,16,17,2,10,-6,4,-5,4,-4,5,-6,3,-14,-7,-18,-11,-21,-32,6,-23,30,2,42,30,32,44,5,33,-20,11,-32]"
CSI_DATA,57473,d8:b1:90:d9:de:f0,-51,11,-99,-34,52,116,845583453,277,0,106,0,"[149,18,66,18,-57,18,62,18,59,0,69,18,-148,0,86,18,-70,0,114,18,-25,0,141,18,-2,0,-148,18,-39,0,-122,18,155,0,-78,18,-18,18,-6,18,112,18,84,0,-26,17,-155,0,-89,17,-95,0,0,0,0,0,-28,17,-30,0,80,18,-81,0,-73,18,134,0,101,0,-23,18,-69,0,148,18,17,1,44,18,23,1,-9,17,-4,0,-9,17,-53,0,30,18,-121,0,106,18,101,0,-90,18,0,0,63,0,-46,18]"
CSI_DATA,57474,d8:b1:90:d9:de:f0,-53,11,-99,-40,55,116,845598650,100,0,228,0,"[8,18,9,17,10,15,11,13,14,11,15,7,17,4,99,-7,18,-1,19,-3,19,-5,20,-7,20,-8,21,-9,20,-9,19,-8,17,-7,15,-6,11,-4,6,-1,0,1,59,6,-13,5,-18,6,-23,6,-27,5,-30,4,-31,2,0,0,-30,-1,-29,-3,-25,-4,-21,-5,-15,-5,-9,-5,-118,15,6,-2,13,1,19,4,23,7,26,9,27,11,27,13,26,14,25,14,23,14,21,13,18,12,15,11,-66,0,8,5,4,1,0,-3,-3,-9,-4,-13,-4,-17,-3,-19,2,5,10,2,12,-8,3,-18,-12,-19,-23,-6,-22,13,11,25,12,21,22,5,18,-11,4,-18,-10,-13,-13,0,-6,8,5,6,7,-4,-2,-12,-16,-7,-21,10,-9,27,7,31,31,11,30,-14,12,-30,-10,-28,-23,-11,-21,6,0,0,2,10,3,3,-1,1,-4,7,1,15,15,14,24,-2,22,-18,5,-29,-16,-25,-27,-8,-23,10,-9,19,4,16,9,8,7,2,5,2,7,3,13,-1,14,-12,16,-15,-14,-26,-33,-13,-38,12,-22,34,5,40,27,26,32,3]"
CSI_DATA,57475,d8:b1:90:d9:de:f0,-53,11,-99,-37,54,116,845608626,100,0,228,0,"[-11,-18,-12,-16,-13,-14,-14,-11,-16,-9,-16,-5,-18,-1,102,-7,-20,4,-19,6,-20,8,-21,9,-21,10,-21,11,-21,11,-20,10,-18,9,-15,6,-10,5,-6,2,0,-1,61,6,13,-4,20,-5,25,-5,29,-4,32,-2,33,0,0,0,33,3,31,5,27,6,22,8,15,7,8,6,113,0,-6,1,-13,-3,-19,-8,-23,-11,-24,-14,-26,-18,-25,-20,-24,-20,-22,-20,-20,-20,-18,-19,-15,-16,-12,-15,114,15,-5,-7,-3,-2,-1,4,0,10,0,15,-1,20,-4,21,-3,-5,-10,-1,-11,10,-1,20,15,19,25,2,22,-16,-14,-25,-15,-21,-24,-3,-16,13,-2,20,11,12,14,-1,5,-9,-6,-6,-7,5,3,13,18,7,23,-11,9,-29,-8,-33,-33,-11,-32,14,-14,31,10,30,24,13,22,-5,0,0,0,-11,-3,-4,2,-1,6,-7,1,-15,-14,-18,-26,-1,-26,15,-9,31,12,30,28,13,26,-6,12,-19,-1,-18,-8,-10,-7,-3,-4,-2,-6,-4,-12,-2,-18,8,-21,10,6,31,29,24,42,0,32,-27,8,-41,-18,-36,-31,-13]"
CSI_DATA,57476,d8:b1:90:d9:de:f0,-53,11,-99,-39,55,116,845619022,100,0,228,0,"[5,-19,4,-20,1,-19,-2,-19,-5,-17,-9,-16,-12,-13,97,-7,-17,-9,-18,-7,-20,-5,-21,-4,-22,-2,-23,-1,-22,0,-21,0,-19,0,-16,0,-12,0,-6,0,1,-1,58,6,14,-1,20,-1,24,-1,28,0,30,1,32,2,0,0,31,4,29,5,26,5,21,6,15,5,9,4,101,0,-6,2,-13,0,-19,-3,-24,-4,-27,-6,-28,-7,-29,-8,-29,-9,-28,-8,-26,-8,-24,-8,-21,-7,-18,-6,45,15,-9,-2,-5,0,1,4,6,7,9,11,11,14,11,16,1,-5,-6,-7,-15,-1,-14,13,-1,22,17,18,25,1,4,-29,-1,-25,-17,-15,-21,2,-11,16,4,17,12,5,9,-6,-2,-8,-9,1,-3,13,13,12,24,-3,17,-24,1,-33,-28,-18,-33,7,-18,27,5,30,21,16,21,-3,0,0,0,-11,-3,-3,2,0,5,-7,-1,-15,-15,-14,-24,3,-21,19,-3,30,19,24,29,5,22,-14,6,-21,-7,-15,-10,-6,-8,-1,-5,0,-8,-1,-12,5,-10,16,-10,19,22,20,36,0,30,-26,6,-41,-21,-34,-36,-12,-31,12]"
CSI_DATA,57477,d8:b1:90:d9:de:f0,-53,11,-99,-37,54,116,845639067,100,0,228,0,"[14,14,15,13,16,11,18,8,19,5,18,1,18,-3,102,-7,18,-9,18,-10,18,-12,16,-14,18,-16,16,-16,16,-16,15,-15,14,-14,12,-11,8,-8,5,-4,0,1,61,6,-10,9,-15,12,-21,14,-25,15,-28,15,-30,14,0,0,-30,11,-29,8,-27,6,-23,3,-18,1,-10,-1,133,15,5,-3,13,-3,20,-2,25,-2,28,0,30,2,32,3,30,4,30,5,27,5,26,5,22,6,19,5,-25,0,9,2,4,0,-1,-4,-6,-8,-9,-11,-11,-15,-9,-19,4,4,10,-1,9,-12,-2,-20,-19,-14,-26,3,-16,20,21,22,21,15,24,-3,12,-18,-4,-19,-14,-9,-13,5,-2,10,7,4,6,-7,-6,-11,-19,-1,-16,18,1,30,19,27,34,-2,24,-26,1,-34,-21,-24,-27,-3,-19,13,0,0,5,9,4,1,-1,1,-2,8,6,13,20,8,23,-10,14,-26,-7,-31,-26,-19,-30,2,-19,20,-1,23,11,14,12,4,8,-1,5,-1,8,0,11,-4,8,-15,10,-21,-23,-21,-36,-1,-32,24,-9,41,19,38,36,15,32,-8]"
CSI_DATA,57478,d8:b1:90:d9:de:f0,-53,11,-99,-40,55,116,845649145,100,0,228,0,"[-19,3,-20,4,-19,6,-17,8,-15,10,-12,12,-10,14,99,-7,-6,18,-5,19,-4,20,-2,21,-1,22,-1,22,-1,22,-1,21,-1,19,-1,15,-2,11,-1,5,0,-1,59,6,3,-14,6,-19,8,-22,11,-25,14,-26,16,-27,0,0,19,-24,19,-21,19,-18,16,-14,14,-9,9,-4,121,0,-3,4,-9,8,-15,10,-20,11,-24,11,-27,11,-28,10,-28,7,-28,6,-26,5,-24,4,-21,2,-19,2,24,15,-9,1,-4,2,2,3,7,6,11,9,12,12,13,15,-5,1,-5,8,4,14,16,10,21,-4,14,-20,-4,-25,-28,2,-24,4,-13,19,3,21,16,11,16,-3,6,-12,-5,-9,-8,1,0,9,12,5,15,-10,3,-23,-18,-21,-30,-10,-26,21,-4,33,18,26,29,7,23,-12,7,-20,0,0,-9,-4,-4,1,0,-2,-2,-8,-12,-9,-20,2,-14,18,-1,28,19,24,29,5,25,-14,9,-24,-8,-20,-15,-9,-12,1,-6,4,-4,2,-6,3,-8,8,-3,17,-4,21,27,12,32,-9,22,-31,-2,-41,-27,-30,-37,-6,-28,15]"
CSI_DATA,57479,d8:b1:90:d9:de:f0,-53,11,-99,-39,55,116,845669518,100,0,228,0,"[8,19,9,18,10,17,13,14,16,11,17,8,17,4,97,-7,19,-1,20,-3,20,-6,21,-8,20,-9,20,-9,20,-10,19,-10,17,-9,14,-8,10,-6,6,-3,0,0,58,6,-12,6,-17,9,-22,8,-26,9,-29,9,-30,8,0,0,-31,6,-30,4,-27,3,-22,1,-17,0,-10,-2,-125,15,5,-2,13,-2,18,0,23,1,27,3,30,3,30,4,30,5,29,5,26,6,24,5,22,5,18,5,-34,0,10,2,5,-1,0,-4,-5,-8,-9,-11,-10,-15,-10,-17,2,6,10,3,13,-8,4,-18,-11,-20,-24,-6,-22,13,12,26,13,21,23,5,17,-13,2,-20,-12,-12,-14,1,-5,10,5,6,7,-5,-3,-13,-17,-6,-21,12,-6,28,12,30,32,6,28,-19,8,-32,-15,-26,-25,-8,-19,10,0,0,4,10,4,2,-2,1,-4,8,5,14,18,11,22,-8,17,-23,-4,-31,-23,-21,-30,0,-20,17,-2,21,9,14,13,4,7,-1,5,-1,7,0,11,-5,9,-15,10,-20,-22,-19,-35,-1,-30,25,-7,39,20,34,36,13,31,-11]"
CSI_DATA,57480,d8:b1:90:d9:de:f0,-53,11,-99,-37,54,116,845689274,100,0,228,0,"[-21,0,-21,1,-20,4,-19,6,-18,9,-14,11,-12,14,102,-7,-9,19,-8,20,-6,21,-5,22,-4,23,-3,24,-3,23,-2,22,-3,20,-2,16,-2,12,-1,5,0,-1,61,6,4,-14,6,-19,9,-23,12,-26,14,-27,18,-28,0,0,20,-26,21,-23,20,-20,16,-15,13,-10,9,-5,123,0,-3,4,-9,8,-15,10,-21,12,-25,13,-28,12,-29,11,-29,10,-29,9,-27,7,-26,6,-23,5,-20,4,22,15,-9,3,-4,3,2,4,8,6,12,8,14,11,15,14,-6,0,-7,8,1,15,15,12,24,-2,18,-20,-1,-27,-31,-2,-26,1,-16,19,1,22,15,12,18,-3,7,-12,-5,-10,-9,1,0,9,12,6,16,-9,4,-25,-18,-24,-31,-11,-28,21,-5,34,18,28,30,8,25,-12,8,-21,0,0,-10,-5,-4,2,1,-1,-2,-8,-12,-8,-22,2,-15,20,0,31,21,24,32,4,26,-16,7,-27,-9,-21,-16,-8,-12,2,-6,5,-4,3,-6,3,-7,9,-2,19,-3,23,29,10,34,-13,20,-36,-7,-41,-31,-27,-39,-1,-27,20]"
CSI_DATA,57481,d8:b1:90:d9:de:f0,-53,11,-99,-39,55,116,845708785,100,0,228,0,"[-7,-19,-8,-19,-9,-18,-12,-16,-13,-13,-15,-11,-16,-7,97,-7,-19,-3,-20,-2,-21,-1,-22,0,-22,1,-23,1,-22,1,-21,1,-19,1,-16,0,-12,0,-6,-1,0,0,58,6,14,2,19,4,23,8,26,10,28,14,28,15,0,0,25,17,22,19,19,18,15,17,10,13,5,9,78,0,-4,-3,-8,-10,-9,-16,-10,-21,-9,-26,-8,-28,-8,-28,-6,-29,-5,-29,-3,-27,-2,-25,-2,-22,-1,-19,-42,15,-1,-10,-2,-4,-4,1,-7,6,-11,10,-15,11,-17,11,-2,-6,-10,-4,-14,6,-7,18,9,21,23,11,24,-9,-6,-28,-7,-24,-21,-11,-20,6,-9,18,7,16,13,4,9,-7,-3,-8,-9,1,-4,13,11,14,24,1,21,-19,8,-31,-23,-25,-34,-2,-26,20,-5,30,13,22,21,6,0,0,4,-10,-1,-4,1,1,8,-2,9,-12,-2,-21,-18,-15,-29,-2,-24,20,-6,31,15,26,24,9,21,-7,9,-15,-1,-12,-4,-6,-2,-4,-2,-6,-7,-9,-17,-5,-21,-6,-15,25,5,34,29,27,40,3,33,-23,11,-36,-11,-30]"
CSI_DATA,57482,d8:b1:90:d9:de:f0,-53,11,-99,-37,54,116,845718945,100,0,228,0,"[20,-6,20,-7,19,-9,16,-11,13,-14,9,-16,7,-18,102,-7,1,-20,-2,-21,-4,-22,-7,-22,-8,-22,-10,-21,-10,-21,-10,-19,-9,-18,-8,-14,-6,-10,-3,-5,0,1,61,6,6,12,9,18,10,23,12,27,13,29,12,30,0,0,9,31,8,29,6,27,5,23,3,16,0,10,-4,15,-2,-5,-3,-12,-4,-19,-4,-24,-4,-28,-3,-30,-2,-31,-2,-31,-2,-30,-2,-29,-2,-25,-1,-23,-1,-20,1,0,-2,-10,-3,-4,-4,2,-6,8,-9,12,-11,15,-12,16,6,-1,4,-9,-6,-14,-20,-7,-22,9,-9,24,11,25,28,-10,23,-11,6,-24,-11,-19,-20,-3,-12,11,1,14,10,5,7,-6,-5,-8,-13,3,-6,19,12,21,29,6,31,-12,5,-34,-21,-29,-33,-5,-25,19,-5,27,12,18,0,0,9,-6,2,-4,1,2,9,3,14,-6,8,-21,-10,-23,-28,-13,-31,10,-15,29,8,29,23,14,23,-4,11,-13,1,-13,-4,-7,-2,-4,-1,-6,-6,-9,-16,-4,-24,-5,-13,27,10,34,34,21,42,-7,27,-32,0,-39,-22,-26]"
CSI_DATA,57483,d8:b1:90:d9:de:f0,-49,9,-99,-34,51,116,845729926,124,0,106,0,"[-19,0,-89,20,-30,0,6,0,-52,0,116,0,-87,0,-139,0,-91,0,-74,0,-138,0,-46,0,-139,0,-38,0,-157,0,-74,0,115,0,145,0,-16,20,-19,20,161,20,-164,20,-1,19,108,20,-96,19,71,20,0,0,0,0,-145,19,-135,20,-8,19,-54,20,-166,20,-30,20,86,0,-4,20,-26,0,-30,20,129,1,-89,20,-167,1,-144,20,138,1,172,20,68,1,-167,20,-45,0,-144,20,170,0,-59,20,37,0,100,0,-31,20]"
CSI_DATA,57484,d8:b1:90:d9:de:f0,-53,11,-99,-37,54,116,845748675,100,0,228,0,"[-6,-20,-7,-20,-9,-19,-11,-16,-12,-13,-15,-11,-16,-7,102,-7,-20,-4,-21,-2,-22,-1,-22,2,-23,3,-23,3,-23,3,-22,3,-20,3,-15,2,-12,1,-5,0,1,-1,61,6,14,0,21,1,25,3,28,5,31,6,32,8,0,0,30,11,27,13,24,13,19,11,13,10,6,6,91,0,-4,-2,-10,-8,-13,-12,-16,-18,-19,-22,-19,-24,-19,-26,-16,-26,-15,-25,-13,-24,-12,-23,-10,-21,-8,-18,-96,15,-5,-8,-4,-2,-4,3,-5,10,-6,15,-8,16,-10,19,-1,-6,-10,-4,-14,6,-7,19,8,22,24,11,25,-8,-7,-30,-8,-24,-22,-10,-20,7,-8,18,8,15,14,3,8,-8,-4,-8,-10,2,-2,13,13,13,25,-2,19,-23,3,-33,-27,-23,-34,3,-23,24,0,31,18,21,22,2,0,0,3,-10,-2,-4,2,0,8,-4,5,-15,-7,-21,-23,-10,-30,8,-18,27,4,32,24,20,28,0,18,-15,3,-18,-7,-10,-6,-3,-4,-2,-3,-5,-10,-6,-18,2,-24,3,-3,30,19,30,39,11,39,-16,20,-38,-8,-37,-26,-21]"
CSI_DATA,57485,d8:b1:90:d9:de:f0,-53,11,-99,-37,54,116,845758854,100,0,228,0,"[20,7,21,6,21,4,20,2,20,-2,19,-4,18,-7,102,-7,16,-12,15,-14,14,-16,14,-16,15,-18,14,-19,14,-18,14,-16,12,-15,11,-11,8,-8,4,-3,-1,1,61,6,-11,8,-16,10,-22,12,-26,11,-29,10,-32,9,0,0,-32,5,-30,3,-27,0,-23,-1,-16,-2,-10,-3,-121,15,5,1,12,3,18,6,23,10,25,12,26,16,26,18,24,19,23,20,21,19,19,19,15,16,12,14,-117,0,7,6,5,1,3,-5,2,-11,3,-15,5,-19,7,-20,5,2,9,-5,5,-15,-9,-19,-23,-8,-24,10,-10,25,27,14,23,10,22,-9,9,-21,-7,-19,-16,-5,-12,7,0,11,9,4,6,-8,-7,-12,-19,-2,-18,18,0,29,16,28,36,1,27,-23,5,-33,-16,-26,-26,-7,-20,10,0,0,3,10,4,2,-3,1,-5,8,1,15,16,14,25,-1,24,-20,5,-32,-18,-28,-29,-9,-26,10,-10,21,4,18,9,8,7,2,3,1,4,4,10,3,16,-6,23,-9,-4,-30,-26,-25,-40,-3,-34,24,-12,40,13,37,29,18]"
CSI_DATA,57486,d8:b1:90:d9:de:f0,-53,11,-99,-40,55,116,845769070,100,0,228,0,"[9,-18,8,-19,6,-19,3,-19,-1,-19,-5,-18,-8,-16,99,-7,-13,-14,-15,-13,-17,-12,-18,-11,-20,-10,-20,-9,-20,-8,-19,-7,-17,-6,-14,-5,-10,-3,-5,-1,1,0,59,6,14,4,18,7,22,10,24,12,27,14,27,15,0,0,26,17,24,16,20,15,17,14,12,11,7,6,77,0,-4,-3,-9,-8,-13,-13,-15,-17,-17,-20,-18,-22,-18,-23,-18,-24,-17,-22,-16,-22,-14,-19,-13,-17,-11,-15,-125,15,-7,-6,-5,-1,-3,5,-2,10,-2,15,-3,18,-4,19,3,-5,-4,-9,-15,-5,-17,9,-8,21,11,22,25,8,12,-27,7,-23,-11,-20,-20,-5,-15,11,-1,16,11,9,10,-4,0,-10,-9,-3,-8,11,6,17,23,8,24,-13,15,-28,-17,-28,-32,-8,-28,16,-8,28,11,22,19,7,0,0,4,-9,-1,-3,3,1,9,-3,6,-13,-6,-20,-21,-11,-28,6,-18,25,4,31,23,19,26,-1,15,-15,1,-17,-7,-10,-6,-3,-3,-1,-3,-4,-9,-4,-16,4,-22,7,2,28,25,23,39,1,31,-25,7,-39,-19,-32,-30,-11]"
CSI_DATA,57487,d8:b1:90:d9:de:f0,-53,11,-99,-39,55,116,845780893,100,0,228,0,"[4,-19,3,-21,1,-20,-3,-20,-7,-19,-10,-17,-12,-14,97,-7,-17,-11,-18,-10,-20,-8,-21,-6,-22,-4,-22,-3,-22,-3,-21,-2,-19,-1,-15,-2,-11,-1,-6,-1,1,0,58,6,14,1,19,1,24,3,28,5,30,6,31,7,0,0,30,9,28,9,25,9,21,8,15,7,9,5,109,0,-5,-2,-12,-6,-16,-9,-20,-12,-23,-15,-25,-16,-25,-17,-24,-17,-24,-17,-22,-16,-20,-15,-18,-13,-16,-11,62,15,-9,-4,-5,0,-2,5,1,11,3,15,4,19,2,21,1,-6,-6,-8,-16,-1,-15,13,-2,23,17,20,26,2,5,-30,1,-25,-17,-16,-21,1,-13,15,4,17,13,6,10,-6,-2,-9,-10,0,-5,13,11,15,24,2,21,-20,7,-32,-24,-23,-34,1,-22,23,0,30,18,19,21,1,0,0,1,-10,-3,-3,2,0,7,-6,3,-16,-11,-19,-23,-6,-27,14,-10,30,13,29,27,12,25,-9,10,-20,-4,-17,-10,-8,-7,-1,-3,0,-5,-3,-11,-1,-14,8,-20,14,11,27,32,15,38,-10,22,-34,-5,-40,-28,-25,-32,-1]"
CSI_DATA,57488,d8:b1:90:d9:de:f0,-53,11,-99,-40,55,116,845799068,100,0,228,0,"[3,21,4,21,6,22,9,21,10,19,12,17,15,15,99,-7,17,11,19,10,19,9,20,7,21,6,21,6,21,5,20,4,18,4,15,4,11,2,5,1,-1,-1,59,6,-12,-7,-16,-11,-20,-14,-22,-17,-23,-19,-23,-22,0,0,-19,-24,-17,-23,-15,-21,-11,-18,-8,-14,-5,-8,-72,15,0,5,1,12,1,18,1,23,0,27,-1,29,-2,30,-3,29,-4,29,-4,26,-5,24,-4,22,-4,18,-21,15,0,10,3,6,7,2,12,-1,15,-3,19,-4,20,-2,0,6,9,7,16,-3,12,-16,-2,-23,-18,-16,-26,1,-2,33,2,26,18,16,22,-2,13,-15,-3,-18,-14,-8,-11,6,1,11,11,4,10,-11,-5,-19,-21,-10,-26,11,-17,24,12,30,30,13,30,-10,13,-26,-6,-24,-18,-11,0,0,-6,8,2,4,0,-3,-9,-2,-14,8,-6,20,9,22,27,11,29,-11,14,-27,-7,-29,-22,-15,-22,3,-11,13,0,11,4,5,1,2,-2,5,1,10,12,12,20,16,23,-17,8,-33,-17,-34,-38,-15,-39,12,-21,30,3,32]"
CSI_DATA,57489,d8:b1:90:d9:de:f0,-53,11,-99,-37,54,116,845809606,100,0,228,0,"[13,-15,12,-16,10,-18,7,-19,3,-20,-1,-20,-4,-20,102,-7,-10,-19,-12,-18,-14,-16,-15,-16,-18,-15,-19,-14,-19,-12,-18,-12,-15,-10,-13,-8,-10,-6,-5,-3,1,1,61,6,12,8,16,12,20,16,22,21,22,22,23,25,0,0,22,25,19,25,16,23,13,20,9,14,5,9,72,0,-2,-5,-6,-11,-7,-19,-8,-23,-9,-26,-9,-28,-8,-29,-9,-29,-8,-28,-7,-27,-6,-25,-6,-23,-4,-19,-73,15,-4,-7,-4,-3,-5,4,-5,10,-7,14,-10,19,-12,19,5,-5,-2,-11,-13,-9,-20,3,-13,20,4,25,22,15,19,-25,13,-21,-6,-24,-19,-10,-19,7,-5,16,8,12,11,-1,3,-9,-9,-6,-11,8,1,19,21,14,29,-7,24,-24,-9,-33,-29,-18,-32,8,-16,25,5,26,18,12,0,0,6,-7,0,-4,2,2,9,-1,11,-11,0,-24,-16,-19,-31,-3,-27,19,-6,33,16,28,27,8,21,-10,7,-18,-3,-12,-6,-5,-3,-2,-2,-5,-6,-7,-16,-2,-25,-1,-8,28,14,32,37,16,40,-10,22,-33,-4,-39,-24,-23]"
CSI_DATA,57490,d8:b1:90:d9:de:f0,-53,11,-99,-37,54,116,845829092,100,0,228,0,"[-19,6,-20,8,-19,10,-16,13,-14,14,-11,18,-8,18,102,-7,-3,21,-2,22,0,22,2,23,3,23,4,23,5,22,5,22,4,20,3,15,2,11,1,5,-1,-1,61,6,-2,-14,-3,-20,-2,-25,0,-28,1,-31,3,-33,0,0,5,-33,7,-30,8,-27,7,-22,6,-16,4,-9,63,0,-2,3,-6,10,-9,15,-12,20,-15,23,-19,23,-21,24,-20,22,-21,22,-19,19,-18,19,-16,15,-12,13,87,15,-5,7,0,4,5,2,11,0,16,0,20,1,22,3,-6,2,-5,10,5,14,19,8,22,-9,10,-24,-9,-24,-31,9,-24,9,-8,23,9,21,20,6,15,-9,2,-15,-9,-8,-9,5,2,10,14,2,12,-14,-4,-24,-25,-16,-33,0,-19,29,7,33,27,19,31,-4,16,-20,-1,-23,0,0,-10,0,-3,2,0,-2,-6,-6,-16,-2,-19,13,-4,25,15,28,32,10,31,-13,13,-29,-8,-27,-21,-12,-19,3,-8,9,-1,7,0,4,-3,4,-3,10,6,15,10,22,29,-6,22,-27,-1,-40,-28,-31,-42,-6,-32,20,-11,31]"
CSI_DATA,57491,d8:b1:90:d9:de:f0,-53,11,-99,-38,54,116,845839457,100,0,228,0,"[-19,-7,-21,-6,-20,-4,-21,-2,-21,1,-20,4,-19,6,105,-7,-18,10,-17,13,-16,15,-16,16,-16,17,-15,17,-15,17,-14,16,-13,15,-10,11,-8,8,-4,4,0,0,63,6,11,-8,17,-11,21,-11,27,-13,29,-11,32,-10,0,0,32,-6,30,-4,29,-2,23,-1,18,1,10,1,-129,0,-4,-1,-11,-3,-17,-6,-21,-9,-25,-11,-26,-14,-26,-16,-25,-17,-23,-18,-21,-17,-19,-17,-16,-16,-14,-13,104,16,-7,-6,-4,0,-2,5,-1,11,-2,17,-3,20,-5,21,-5,-3,-10,4,-5,15,8,18,21,9,25,-8,11,-25,-29,-16,-23,-10,-22,8,-8,21,7,19,17,5,13,-8,0,-13,-9,-5,-7,8,5,14,18,4,18,-16,2,-29,-15,-29,-34,-2,-27,21,-3,33,17,26,26,6,19,-10,0,0,-4,-9,-4,-2,2,-1,5,-8,-3,-16,-18,-14,-25,1,-23,22,-3,33,20,27,31,7,26,-14,8,-22,-5,-18,-11,-7,-8,0,-3,0,-4,-3,-10,-2,-15,6,-21,11,5,29,28,22,40,0,32,-26,8,-41,-16,-34,-30,-15]"
CSI_DATA,57492,d8:b1:90:d9:de:f0,-53,11,-99,-38,54,116,845859015,100,0,228,0,"[-16,14,-15,15,-14,16,-11,17,-9,18,-7,19,-4,20,105,-7,0,21,1,21,3,21,4,21,4,22,5,22,5,22,4,21,4,19,2,16,1,13,0,5,0,-1,63,6,2,-14,4,-20,7,-23,9,-28,13,-29,16,-30,0,0,19,-27,20,-25,20,-20,18,-17,15,-11,9,-6,130,0,-3,1,-10,3,-17,5,-22,5,-27,4,-29,2,-30,1,-30,-1,-29,-2,-27,-3,-25,-4,-22,-4,-18,-4,45,16,-8,-2,-3,2,1,6,4,11,6,16,5,20,4,22,-5,3,-1,10,9,13,20,3,19,-13,5,-25,-14,-22,-28,14,-21,14,-6,23,11,19,20,4,15,-9,1,-15,-9,-8,-9,5,1,10,14,4,15,-11,0,-23,-20,-20,-32,-7,-25,23,-2,34,20,26,30,6,22,-14,7,-21,0,0,-9,-4,-4,1,1,-2,-1,-10,-13,-10,-22,0,-18,16,-4,32,18,29,32,9,30,-13,13,-27,-5,-23,-15,-11,-14,0,-6,5,-2,2,-4,0,-9,3,-10,13,-13,19,18,22,33,7,35,-17,17,-38,-8,-40,-29,-23,-32,-1]"
CSI_DATA,57493,d8:b1:90:d9:de:f0,-53,11,-99,-39,55,116,845878718,100,0,228,0,"[9,-19,8,-20,7,-20,4,-21,0,-20,-3,-21,-6,-19,97,-7,-12,-17,-14,-16,-16,-14,-18,-13,-18,-12,-19,-12,-20,-11,-19,-9,-17,-9,-14,-7,-10,-5,-5,-3,1,0,58,6,11,8,16,12,19,15,22,18,24,20,25,22,0,0,22,23,21,23,18,22,14,19,11,15,6,9,91,0,-1,-3,-4,-9,-6,-16,-7,-20,-9,-25,-9,-27,-9,-29,-8,-28,-7,-28,-6,-26,-6,-24,-5,-21,-4,-18,-73,15,-3,-9,-4,-3,-4,4,-7,9,-10,14,-12,16,-14,18,4,-5,-3,-10,-14,-6,-19,7,-9,21,9,23,23,10,14,-28,9,-23,-11,-21,-21,-6,-17,10,-2,18,11,12,13,-2,3,-11,-10,-5,-12,9,2,19,20,13,26,-7,20,-24,-10,-31,-29,-15,-30,9,-14,25,7,25,18,11,0,0,7,-8,0,-4,3,2,10,-1,12,-12,1,-22,-16,-17,-32,-3,-26,20,-6,32,16,27,27,8,21,-11,7,-18,-5,-13,-7,-5,-4,-1,-1,-4,-7,-7,-15,-2,-22,-3,-10,26,11,31,32,18,39,-8,25,-31,-1,-36,-21,-24]"
CSI_DATA,57494,d8:b1:90:d9:de:f0,-54,11,-99,-38,55,116,845888881,100,0,228,0,"[-6,18,-4,19,-3,20,-1,20,0,19,3,19,6,18,94,-6,10,15,12,14,14,14,15,12,16,12,17,11,17,11,16,10,14,9,12,8,8,6,3,2,0,0,56,5,-9,-9,-12,-13,-14,-18,-17,-21,-17,-23,-17,-25,0,0,-13,-27,-12,-26,-9,-24,-7,-21,-4,-16,-2,-10,-34,14,0,2,0,9,0,15,0,21,-2,25,-2,26,-4,27,-5,27,-6,26,-6,24,-6,22,-6,19,-5,16,-60,14,-1,8,1,3,5,0,10,-2,15,-4,17,-4,20,-4,-2,4,3,9,13,4,16,-7,8,-19,-8,-22,-22,-8,-13,27,-8,22,9,21,19,6,16,-8,3,-16,-9,-11,-12,0,-3,9,7,6,11,-6,0,-17,-16,-14,-26,2,-23,18,3,31,23,20,29,-2,18,-20,0,-24,-13,-13,0,0,-7,5,0,2,0,-1,-8,-1,-13,6,-7,19,7,21,26,13,30,-6,17,-25,-3,-29,-20,-17,-22,0,-12,11,-1,13,3,6,1,2,0,3,1,9,10,9,16,14,21,-15,7,-30,-15,-32,-34,-14,-35,9,-20,27,1,30]"
CSI_DATA,57495,d8:b1:90:d9:de:f0,-53,11,-99,-40,55,116,845899048,100,0,228,0,"[1,-20,1,-21,-1,-22,-4,-21,-5,-20,-8,-19,-10,-17,99,-7,-14,-14,-15,-14,-17,-13,-18,-11,-19,-11,-19,-10,-19,-10,-18,-10,-17,-9,-13,-8,-9,-6,-5,-3,1,0,59,6,10,10,13,14,15,19,17,23,16,27,16,29,0,0,11,31,9,29,6,27,4,23,2,18,1,12,8,0,1,-4,2,-10,4,-17,8,-20,10,-24,12,-25,14,-26,14,-25,15,-24,15,-21,15,-19,14,-16,12,-14,-107,0,5,-8,0,-5,-5,-3,-11,-1,-16,-2,-19,-4,-21,-7,2,-6,-7,-9,-15,-2,-15,12,-3,22,15,20,25,4,9,-30,5,-25,-13,-20,-21,-4,-16,12,-2,18,10,12,13,-1,3,-10,-9,-7,-11,7,0,19,17,15,27,-2,24,-18,-3,-32,-24,-21,-31,1,-20,19,-2,25,13,17,0,0,8,-5,1,-4,1,2,9,4,16,-4,12,-18,-3,-22,-23,-20,-32,0,-24,22,-5,31,15,23,22,6,18,-8,6,-12,-2,-8,-1,-3,1,-3,2,-9,-6,-14,-10,-21,-27,6,-20,26,1,38,24,30,39,8,32,-16,14,-28]"
CSI_DATA,57496,d8:b1:90:d9:de:f0,-53,11,-99,-36,54,116,845909068,100,0,228,0,"[-4,-20,-4,-21,-5,-22,-7,-21,-8,-19,-11,-18,-12,-16,99,-7,-15,-12,-17,-11,-18,-11,-19,-10,-19,-10,-20,-9,-19,-9,-18,-10,-16,-9,-13,-7,-9,-6,-4,-3,1,1,59,6,9,10,13,15,14,19,14,24,14,27,13,29,0,0,9,31,6,29,3,28,1,23,-1,19,-1,12,-19,15,2,-2,4,-9,8,-14,11,-18,14,-21,17,-22,20,-22,20,-19,21,-19,20,-16,19,-15,18,-12,15,-10,-66,0,7,-6,2,-4,-4,-4,-10,-6,-14,-9,-16,-10,-17,-13,0,-6,-8,-7,-15,2,-12,15,1,22,17,17,25,0,5,-31,2,-25,-16,-18,-22,-1,-16,14,0,18,12,11,13,-2,3,-11,-9,-6,-12,7,-1,18,17,15,26,-2,24,-19,-2,-31,-23,-22,-30,-1,-21,18,-4,24,11,18,0,0,9,-4,2,-3,1,3,8,5,16,-2,14,-16,0,-22,-19,-24,-32,-5,-28,16,-10,29,9,26,21,12,18,-4,9,-10,1,-9,-1,-3,2,-3,4,-8,-2,-15,-4,-23,-27,-3,-27,17,-12,34,13,38,33,21,37,-3,23,-21]"
CSI_DATA,57497,d8:b1:90:d9:de:f0,-53,11,-99,-36,54,116,845928790,100,0,228,0,"[-7,20,-6,21,-5,21,-2,22,1,21,5,20,7,19,99,-7,12,15,14,14,16,13,17,12,18,10,20,10,20,9,18,8,17,7,13,6,10,4,5,2,-1,0,59,6,-12,-7,-16,-11,-20,-14,-22,-17,-24,-19,-24,-21,0,0,-22,-23,-20,-23,-18,-22,-15,-19,-11,-15,-6,-10,-90,15,0,3,4,9,6,16,7,20,7,25,7,27,7,28,6,28,6,28,4,25,4,24,3,21,3,18,42,0,3,9,4,3,6,-3,8,-8,11,-12,14,-14,16,-14,-3,6,4,9,15,5,18,-9,7,-22,-11,-22,-24,-8,-13,30,-6,24,12,20,22,5,17,-12,2,-18,-12,-11,-13,3,-2,11,10,6,12,-8,-1,-18,-19,-12,-25,8,-19,23,11,30,29,14,29,-10,13,-25,-7,-24,-17,-11,0,0,-5,9,0,3,-2,-2,-10,0,-12,11,-2,22,14,18,31,5,27,-18,8,-31,-15,-28,-27,-9,-22,10,-8,18,4,14,7,5,4,1,1,3,6,7,14,4,22,6,12,-25,-8,-31,-30,-21,-40,4,-28,28,-3,37,18,26]"
CSI_DATA,57498,d8:b1:90:d9:de:f0,-53,11,-99,-36,54,116,845939887,100,0,228,0,"[-16,14,-16,15,-16,16,-14,17,-11,17,-9,18,-6,19,99,-7,-2,20,0,20,1,21,3,21,3,21,4,21,4,21,3,21,2,18,1,15,1,11,0,5,0,-2,59,6,3,-14,6,-19,8,-22,11,-25,14,-28,17,-28,0,0,21,-25,21,-21,21,-19,19,-14,16,-10,10,-6,128,0,-3,0,-10,2,-15,2,-21,2,-25,1,-28,-1,-29,-3,-28,-4,-27,-6,-25,-7,-23,-7,-20,-7,-17,-6,34,15,-9,-3,-5,2,-1,6,0,12,1,17,1,19,-1,21,-5,3,-1,11,10,12,20,2,19,-13,5,-24,-14,-22,-29,13,-22,13,-6,23,12,20,20,6,15,-9,2,-16,-9,-10,-10,3,0,11,13,6,15,-10,3,-22,-17,-20,-28,-9,-25,20,-4,32,17,25,27,7,22,-11,8,-19,0,0,-9,-4,-3,1,2,-2,0,-10,-11,-13,-22,-3,-18,13,-9,30,14,30,30,14,30,-9,16,-23,-3,-24,-13,-13,-14,-1,-7,5,-3,3,-4,0,-9,2,-11,10,-17,17,14,24,30,12,36,-11,22,-33,-3,-41,-24,-27,-31,-5]"
CSI_DATA,57499,d8:b1:90:d9:de:f0,-53,11,-99,-36,54,116,845949969,100,0,228,0,"[14,16,15,16,17,14,18,11,19,9,18,4,20,1,99,-7,19,-4,18,-7,18,-9,17,-11,17,-14,17,-14,17,-14,15,-14,13,-13,11,-10,8,-8,4,-4,-2,0,59,6,-11,8,-17,11,-21,13,-24,14,-28,15,-29,14,0,0,-30,13,-30,11,-27,9,-23,7,-18,5,-12,3,102,15,3,0,11,0,17,0,22,0,25,2,28,2,29,3,29,3,28,3,27,3,24,3,22,3,19,3,-38,0,9,0,5,-3,-1,-7,-6,-10,-9,-13,-11,-17,-10,-19,3,6,11,1,11,-11,1,-19,-16,-16,-25,0,-18,18,20,25,19,18,24,-1,14,-17,-3,-20,-16,-10,-15,6,-3,13,8,6,9,-6,-4,-13,-17,-5,-18,14,-2,28,13,27,31,2,23,-22,2,-31,-19,-21,-24,-2,-16,13,0,0,6,8,4,0,-3,0,-3,9,6,15,21,9,22,-7,15,-26,-8,-32,-28,-18,-32,5,-17,22,3,24,14,13,14,1,7,-5,2,-3,4,0,9,-3,8,-13,13,-19,-20,-18,-33,-1,-29,24,-6,39,19,33,36,12,29,-11]"
CSI_DATA,57500,d8:b1:90:d9:de:f0,-53,11,-99,-37,54,116,845968873,100,0,228,0,"[3,-21,2,-23,0,-22,-2,-21,-6,-19,-8,-18,-11,-14,102,-7,-16,-9,-19,-8,-21,-6,-21,-4,-22,-4,-23,-3,-23,-2,-22,-1,-20,-1,-16,-1,-11,0,-5,-1,1,0,61,6,14,3,21,4,25,6,29,8,31,10,32,11,0,0,32,14,30,14,27,14,23,13,16,10,9,8,122,0,-3,-1,-9,-6,-12,-11,-16,-16,-19,-20,-20,-22,-21,-24,-20,-23,-19,-23,-16,-22,-15,-21,-13,-19,-11,-15,-132,15,-6,-7,-4,-1,-3,5,-1,11,-2,16,-3,21,-5,22,2,-6,-7,-9,-16,-1,-15,13,-1,24,18,20,27,1,5,-31,0,-27,-18,-18,-24,1,-14,16,3,19,13,8,11,-5,0,-10,-9,-1,-6,11,9,15,24,3,21,-19,9,-30,-23,-25,-34,-1,-25,22,-3,30,16,21,22,2,0,0,2,-10,-2,-3,2,1,9,-4,6,-15,-8,-22,-23,-9,-32,9,-18,30,7,36,27,20,30,-3,16,-19,0,-21,-9,-11,-8,-2,-5,0,-3,-2,-9,-3,-15,5,-22,7,2,29,25,25,40,3,33,-24,9,-40,-16,-34,-30,-13]"
CSI_DATA,57501,d8:b1:90:d9:de:f0,-53,11,-99,-40,55,116,845989231,100,0,228,0,"[-17,12,-17,13,-16,13,-14,15,-10,15,-7,16,-4,16,99,-7,1,18,3,19,4,19,6,20,6,20,6,20,6,21,6,20,5,18,4,15,3,12,1,4,0,-1,59,6,1,-14,0,-20,4,-24,7,-28,8,-30,11,-31,0,0,15,-30,16,-26,17,-24,16,-19,14,-13,9,-8,128,0,-2,2,-8,7,-13,9,-19,10,-23,11,-25,10,-27,9,-28,7,-28,6,-26,4,-25,3,-21,3,-18,2,24,15,-10,2,-3,3,3,5,7,9,11,13,10,16,10,18,-6,3,-2,10,10,12,19,2,19,-13,5,-25,-14,-22,-27,12,-22,14,-6,23,11,19,19,5,14,-9,2,-14,-9,-8,-9,3,1,9,13,2,12,-13,-2,-21,-21,-15,-29,-3,-19,26,3,32,24,20,29,0,19,-16,3,-20,0,0,-10,-2,-3,2,1,-2,-2,-10,-14,-8,-22,4,-13,19,1,31,23,24,33,3,26,-18,7,-28,-10,-22,-18,-9,-14,3,-5,7,-2,4,-4,2,-7,6,-4,14,-6,21,23,14,33,-4,25,-26,4,-40,-22,-32,-34,-11,-29,10]"
CSI_DATA,57502,d8:b1:90:d9:de:f0,-52,11,-99,-38,54,116,846008826,100,0,228,0,"[-3,22,-3,23,-2,23,0,22,2,20,5,19,8,17,105,-7,13,15,15,14,17,13,18,13,19,13,20,13,19,13,18,13,16,10,14,9,9,7,5,2,2,-2,63,6,-5,-15,-7,-19,-7,-26,-7,-30,-6,-33,-4,-34,0,0,1,-35,3,-33,5,-30,6,-26,6,-20,5,-13,80,0,-1,1,-6,7,-11,13,-17,15,-20,17,-23,18,-25,17,-27,15,-27,14,-25,11,-25,9,-21,8,-18,7,35,16,-9,5,-3,6,2,7,7,10,11,14,11,16,11,19,-3,7,6,10,17,3,18,-13,6,-25,-13,-23,-27,-8,-14,29,-8,27,11,23,23,8,20,-9,5,-18,-8,-14,-14,-1,-5,10,7,8,14,-5,3,-18,-15,-18,-29,-2,-28,13,-3,34,20,29,33,6,27,-16,8,-26,-9,-20,0,0,-10,4,-1,5,2,-2,-4,-9,-17,-4,-21,10,-8,21,11,31,32,17,34,-7,20,-27,-2,-30,-18,-19,-20,-2,-11,8,-3,8,0,4,-3,2,-6,6,-3,15,-3,26,27,11,33,-9,22,-32,-2,-42,-28,-31,-38,-6,-28,15]"
CSI_DATA,57503,d8:b1:90:d9:de:f0,-52,11,-99,-38,54,116,846018832,100,0,228,0,"[2,-22,1,-22,-1,-22,-3,-20,-7,-18,-9,-15,-11,-13,105,-7,-17,-8,-19,-5,-20,-3,-21,-2,-23,-1,-23,0,-23,0,-21,0,-20,1,-17,0,-11,1,-6,1,1,1,63,6,15,3,21,3,26,6,30,7,32,9,34,10,0,0,32,14,31,15,27,15,23,15,17,11,10,8,-129,0,-3,0,-8,-5,-14,-10,-18,-15,-19,-19,-20,-21,-20,-22,-20,-23,-19,-23,-18,-22,-16,-20,-15,-18,-11,-16,94,16,-7,-7,-5,-1,-4,5,-2,11,-3,17,-4,20,-6,21,1,-6,-8,-7,-16,1,-14,16,2,25,20,18,29,-1,3,-31,-2,-28,-20,-17,-23,3,-13,18,4,18,14,7,10,-6,-1,-9,-9,-1,-5,11,10,14,23,1,20,-20,7,-31,-25,-22,-35,1,-23,25,0,32,18,20,22,1,0,0,1,-10,-3,-3,2,2,9,-4,6,-16,-8,-21,-22,-7,-32,9,-19,30,7,35,28,20,31,-3,18,-19,1,-20,-8,-13,-9,-3,-5,0,-5,-2,-10,-3,-16,5,-22,8,3,29,26,25,40,2,33,-25,9,-40,-17,-35,-31,-14]"
CSI_DATA,57504,d8:b1:90:d9:de:f0,-52,11,-99,-39,54,116,846029041,100,0,228,0,"[17,-13,19,-14,17,-15,14,-15,11,-16,7,-16,3,-17,108,-7,-2,-19,-4,-19,-7,-20,-8,-20,-11,-21,-11,-21,-11,-20,-10,-20,-8,-17,-7,-14,-5,-11,-3,-5,0,2,65,6,3,15,4,21,3,26,2,31,1,34,-1,37,0,0,-5,35,-7,34,-8,31,-10,25,-8,20,-6,12,-104,16,0,-3,4,-10,8,-15,12,-20,16,-22,20,-23,22,-23,23,-21,23,-21,22,-19,21,-16,20,-15,16,-12,-70,0,7,-6,2,-5,-5,-4,-11,-4,-15,-5,-20,-6,-20,-8,5,-4,1,-12,-12,-12,-22,-1,-20,16,-3,28,16,23,31,-14,23,-16,4,-26,-14,-20,-21,-3,-15,12,0,15,10,7,8,-5,-3,-8,-13,1,-8,15,8,22,28,11,32,-5,12,-32,-13,-33,-31,-14,-31,10,-13,24,4,22,0,0,11,-2,2,-4,-1,3,5,7,16,4,21,-12,4,-24,-14,-31,-33,-14,-34,11,-17,30,5,31,20,16,21,0,12,-8,4,-10,0,-5,3,-5,3,-10,-5,-15,-6,-23,-30,1,-26,24,-5,41,23,37,40,14,38,-13,19,-29]"
CSI_DATA,57505,d8:b1:90:d9:de:f0,-52,11,-99,-39,54,116,846039839,100,0,228,0,"[-23,-5,-24,-5,-23,-5,-23,-3,-21,1,-20,3,-16,6,108,-7,-15,12,-15,13,-15,15,-14,16,-15,17,-15,17,-15,17,-15,17,-14,15,-11,12,-8,10,-3,5,2,2,65,6,15,-3,22,-5,26,-3,31,-2,35,0,37,2,0,0,37,7,34,10,31,11,24,12,20,11,11,7,-136,0,-1,-1,-7,-7,-11,-13,-12,-19,-13,-24,-13,-28,-12,-30,-10,-30,-8,-30,-6,-28,-5,-26,-4,-24,-3,-21,-32,16,-3,-11,-5,-5,-7,0,-12,3,-16,7,-20,7,-22,6,-6,-3,-11,5,-4,16,11,19,24,7,26,-12,10,-28,-28,-19,-26,-12,-25,8,-11,22,6,21,19,8,15,-6,2,-14,-7,-6,-8,5,3,14,17,6,21,-12,6,-29,-8,-30,-34,-8,-31,17,-11,33,12,31,25,13,23,-6,0,0,-3,-11,-5,-1,1,3,10,-2,8,-15,-6,-23,-20,-13,-34,4,-23,28,0,37,22,26,31,5,23,-13,7,-20,-5,-15,-7,-6,-4,-1,-1,-3,-6,-7,-15,-5,-25,-10,-16,24,2,35,28,31,42,7,38,-21,15,-37,-8,-34]"
CSI_DATA,57506,d8:b1:90:d9:de:f0,-52,11,-99,-39,54,116,846051426,100,0,228,0,"[-20,12,-21,13,-20,13,-16,14,-14,14,-11,15,-6,17,108,-7,-2,20,0,21,1,22,3,22,4,23,4,23,4,23,3,23,3,20,2,17,2,13,2,6,3,0,65,6,6,-13,10,-20,14,-24,16,-26,20,-29,23,-29,0,0,26,-25,29,-22,28,-17,24,-13,20,-8,14,-4,-106,0,-1,1,-10,2,-16,2,-22,1,-28,0,-30,-2,-31,-4,-31,-6,-30,-7,-28,-7,-25,-7,-23,-8,-20,-7,42,16,-12,-2,-7,2,-4,7,-1,13,-1,17,-2,21,-3,22,-6,3,-3,11,10,14,21,4,22,-12,8,-26,-12,-26,-32,7,-26,11,-11,25,8,23,21,10,19,-7,4,-16,-7,-11,-11,1,-1,10,12,6,15,-10,3,-24,-19,-23,-29,-10,-29,21,-5,35,19,29,32,8,25,-13,7,-23,0,0,-12,-4,-5,4,4,1,3,-8,-7,-15,-23,-7,-21,10,-14,31,10,34,30,20,34,-4,21,-23,1,-26,-13,-16,-15,-3,-10,3,-4,3,-4,0,-10,2,-12,11,-20,17,14,26,33,14,40,-11,25,-35,-1,-43,-26,-31,-34,-6]"
CSI_DATA,57507,d8:b1:90:d9:de:f0,-52,11,-99,-39,54,116,846068643,100,0,228,0,"[19,-11,19,-12,17,-13,14,-13,11,-15,5,-15,3,-16,108,-7,-4,-17,-7,-17,-10,-17,-12,-19,-14,-19,-15,-19,-15,-17,-15,-17,-14,-16,-12,-13,-8,-8,-5,-4,-1,1,65,6,6,13,10,19,11,24,13,29,12,32,11,35,0,0,8,37,6,35,4,32,2,30,0,22,-2,15,-20,16,-3,-1,-3,-10,-1,-17,-1,-23,1,-28,3,-30,4,-32,4,-31,5,-30,6,-29,5,-25,5,-23,5,-20,52,0,1,-11,-2,-5,-6,0,-10,5,-14,7,-19,10,-21,8,5,-3,1,-12,-11,-13,-21,-2,-19,16,-2,28,17,22,28,-14,22,-17,2,-26,-15,-19,-22,0,-13,14,1,16,11,5,6,-5,-4,-6,-11,3,-3,17,15,19,30,2,29,-15,2,-35,-24,-28,-34,-3,-25,20,-3,29,14,20,0,0,10,-6,0,-5,0,2,7,4,16,-3,12,-20,-7,-22,-26,-20,-35,3,-24,28,0,35,21,23,26,2,19,-12,5,-15,-2,-11,-3,-5,-2,-5,-4,-8,-15,-8,-20,-13,-20,22,-2,37,25,32,42,8,38,-19,16,-37,-10,-33]"
CSI_DATA,57508,d8:b1:90:d9:de:f0,-52,11,-99,-39,54,116,846078984,100,0,228,0,"[-19,-12,-19,-12,-19,-10,-19,-7,-17,-4,-16,0,-15,3,108,-7,-14,10,-14,12,-14,14,-14,17,-14,19,-14,20,-14,20,-14,19,-13,17,-11,13,-8,11,-3,5,1,1,65,6,13,-7,17,-11,23,-12,29,-13,33,-13,35,-12,0,0,38,-6,35,-4,33,-1,29,1,23,3,14,4,-94,0,-2,4,-10,1,-16,0,-23,-3,-26,-7,-29,-10,-30,-11,-29,-14,-28,-14,-25,-14,-23,-14,-21,-13,-17,-12,61,16,-10,-6,-5,0,-2,5,-1,11,0,17,-1,20,-2,22,-5,-3,-11,3,-6,15,7,20,22,12,26,-7,14,-25,-22,-21,-23,-14,-25,6,-13,21,4,21,16,8,15,-5,4,-12,-7,-6,-6,5,6,11,17,1,15,-16,-1,-29,-17,-26,-35,1,-25,25,-1,35,21,25,29,4,20,-14,0,0,-6,-11,-5,-1,1,1,5,-6,-2,-16,-17,-14,-22,5,-24,23,-2,37,21,29,34,7,28,-15,10,-25,-5,-21,-14,-10,-11,0,-6,1,-6,0,-11,2,-12,11,-19,14,13,28,32,16,40,-8,28,-33,0,-43,-24,-31,-34,-7]"
CSI_DATA,57509,d8:b1:90:d9:de:f0,-52,11,-99,-39,54,116,846089659,100,0,228,0,"[16,-16,17,-16,15,-17,13,-16,11,-16,6,-16,3,-19,108,-7,-2,-19,-4,-20,-6,-20,-7,-21,-8,-22,-10,-22,-8,-23,-8,-22,-7,-21,-5,-17,-4,-13,-3,-6,-3,0,65,6,-5,14,-7,20,-11,25,-14,29,-17,30,-21,31,0,0,-25,28,-26,24,-25,20,-24,15,-21,10,-15,5,94,16,1,-2,8,-3,15,-4,22,-3,28,-2,30,0,31,2,32,4,30,6,29,6,26,7,24,7,21,7,-47,0,12,3,7,-1,4,-6,2,-12,1,-17,2,-20,4,-22,5,-3,0,-12,-12,-12,-21,-1,-20,16,-3,28,17,24,29,-13,23,-15,6,-26,-13,-22,-23,-5,-16,11,-3,16,10,10,11,-3,0,-10,-12,-3,-13,12,1,24,22,19,29,4,24,-26,0,-37,-24,-28,-33,-4,-24,16,-5,24,0,0,12,3,5,-4,-3,-1,-3,8,8,14,23,5,17,-11,12,-31,-12,-34,-32,-19,-34,5,-20,24,0,28,13,17,16,3,11,-4,5,-2,5,-1,10,-3,11,-12,20,-17,-14,-25,-33,-13,-39,12,-25,34,1,43,26,31,34,7]"
CSI_DATA,57510,d8:b1:90:d9:de:f0,-52,11,-99,-39,54,116,846108819,100,0,228,0,"[-13,19,-14,19,-12,20,-10,17,-7,19,-4,17,-2,19,108,-7,4,17,6,17,7,19,11,20,11,20,11,21,12,21,11,21,10,19,8,16,6,12,4,7,4,0,65,6,3,-13,5,-20,8,-25,11,-29,14,-31,17,-31,0,0,23,-29,25,-25,24,-21,24,-16,20,-10,15,-5,-112,0,1,3,-7,5,-15,6,-21,5,-26,4,-30,2,-31,-1,-32,-3,-30,-4,-30,-6,-26,-6,-23,-7,-21,-7,22,16,-12,-3,-7,0,-4,5,-2,11,-1,16,-2,20,-4,22,-5,4,1,12,13,10,21,-2,16,-19,-1,-26,-21,-21,-26,15,-21,19,-2,26,15,20,22,3,15,-13,1,-16,-10,-8,-10,3,1,8,12,2,11,-13,-4,-23,-23,-15,-29,0,-21,28,2,35,26,25,33,0,22,-20,3,-24,0,0,-13,-2,-5,4,3,1,2,-8,-8,-13,-22,-4,-16,13,-11,30,12,33,32,17,34,-7,20,-24,-1,-26,-13,-16,-16,-3,-11,3,-6,3,-5,2,-8,3,-11,13,-19,16,15,25,34,13,40,-12,24,-35,-1,-42,-25,-32,-34,-7]"
CSI_DATA,57511,d8:b1:90:d9:de:f0,-53,11,-99,-36,54,116,846119144,100,0,228,0,"[-11,19,-11,19,-10,19,-7,19,-4,17,-1,17,3,16,99,-7,9,14,12,13,14,13,17,12,18,11,19,12,19,11,19,11,18,9,15,8,12,6,8,2,3,-2,59,6,-6,-11,-10,-16,-12,-21,-14,-24,-14,-28,-14,-29,0,0,-11,-33,-8,-32,-6,-29,-3,-26,-1,-20,1,-15,32,0,4,0,3,8,2,15,0,20,-1,25,-3,28,-4,28,-5,29,-6,28,-7,27,-6,24,-6,22,-6,20,-90,15,-3,12,1,7,5,3,11,0,15,-2,18,-3,20,-2,-4,5,2,10,13,7,18,-6,11,-20,-7,-23,-23,-12,-18,21,-13,22,7,24,21,10,20,-6,7,-17,-6,-14,-12,-3,-6,7,5,6,10,-5,0,-16,-17,-13,-25,4,-18,18,5,32,26,19,33,-3,20,-23,-1,-27,-16,-16,0,0,-9,10,1,7,2,-1,-6,-5,-14,2,-12,16,6,17,22,19,32,-2,23,-23,1,-31,-18,-22,-24,-4,-17,10,-5,15,3,10,3,6,2,5,4,9,13,9,17,16,22,-18,6,-33,-18,-33,-38,-15,-39,11,-21,31,3,32]"
CSI_DATA,57512,d8:b1:90:d9:de:f0,-52,11,-99,-39,54,116,846138821,100,0,228,0,"[-19,13,-19,14,-16,15,-13,16,-8,16,-4,17,0,16,108,-7,8,15,12,14,14,14,17,13,19,12,21,11,22,11,22,8,22,7,19,6,14,4,8,2,3,-1,65,6,-11,-7,-17,-10,-22,-14,-26,-16,-29,-19,-31,-20,0,0,-31,-22,-28,-23,-25,-22,-21,-20,-15,-17,-10,-14,-124,16,3,-4,11,2,15,6,20,12,23,15,25,17,26,19,25,20,25,20,24,19,23,17,21,16,19,13,-52,0,13,6,7,2,3,-3,0,-10,-2,-15,-3,-19,-4,-22,-5,2,-1,11,11,11,21,-1,16,-17,-2,-26,-22,-17,-24,20,-16,22,5,26,21,13,23,-5,8,-19,-6,-15,-13,-3,-6,7,5,4,7,-6,-4,-15,-21,-7,-25,13,-11,28,19,31,37,7,31,-19,7,-33,-16,-26,-25,-5,0,0,-2,14,5,6,1,-2,-7,1,-8,13,4,22,21,5,32,-6,20,-30,-5,-35,-28,-21,-32,3,-19,21,-1,23,11,13,12,3,8,0,7,0,12,-2,12,-12,20,-14,-15,-26,-34,-13,-40,15,-22,40,10,44,33,25,37,-2]"
CSI_DATA,57513,d8:b1:90:d9:de:f0,-53,11,-99,-37,54,116,846148890,100,0,228,0,"[13,18,14,16,14,15,15,12,16,9,15,5,16,1,102,-7,15,-5,14,-9,14,-12,13,-14,13,-16,13,-18,12,-19,11,-19,11,-18,8,-15,6,-12,3,-8,-1,-2,61,6,-9,8,-13,12,-18,16,-22,19,-24,21,-27,22,0,0,-29,20,-28,18,-27,15,-25,12,-21,7,-15,3,78,15,-2,-5,5,-8,11,-11,18,-12,22,-14,25,-14,27,-14,28,-14,27,-13,27,-12,25,-11,23,-10,21,-8,-33,0,11,-6,6,-6,0,-5,-7,-5,-12,-6,-16,-7,-18,-9,2,5,9,0,10,-10,-1,-19,-16,-15,-25,1,-18,21,18,25,21,16,25,-3,14,-19,-3,-21,-16,-10,-15,4,-4,11,5,6,5,-4,-5,-7,-14,2,-10,18,8,25,23,16,31,-10,14,-30,-10,-32,-28,-14,-28,8,-11,21,0,0,11,6,7,-3,-1,-2,-2,6,7,11,21,3,12,-15,6,-29,-16,-28,-32,-8,-29,14,-10,28,9,24,19,10,16,-2,9,-8,4,-7,4,-7,3,-10,-4,-16,-1,-22,-29,0,-28,23,-8,40,21,38,40,15,40,-12,19,-30]"
CSI_DATA,57514,d8:b1:90:d9:de:f0,-53,11,-99,-37,54,116,846159368,100,0,228,0,"[22,0,22,-1,21,-2,19,-4,18,-5,13,-8,11,-11,102,-7,6,-14,4,-16,3,-18,1,-20,0,-21,-1,-22,-2,-23,-2,-22,-2,-21,-1,-18,-1,-13,-1,-8,-2,-2,61,6,-4,11,-6,18,-8,23,-11,27,-13,29,-15,29,0,0,-20,28,-21,26,-22,22,-20,19,-18,12,-14,7,88,15,-3,-5,3,-9,9,-13,15,-15,20,-16,23,-18,25,-18,27,-16,27,-14,26,-13,25,-11,24,-10,21,-8,-11,0,12,-5,7,-4,1,-4,-5,-6,-10,-7,-14,-10,-15,-12,5,1,6,-7,-2,-14,-14,-11,-23,2,-15,19,2,26,29,4,26,-2,16,-19,-2,-24,-16,-13,-19,2,-9,13,3,12,8,2,2,-6,-8,-3,-11,9,1,21,20,18,27,3,23,-25,-1,-34,-24,-24,-32,-2,-22,19,-2,25,0,0,13,2,6,-5,-1,-2,0,6,10,9,20,-2,8,-19,0,-30,-22,-24,-32,-3,-26,20,-6,29,11,22,19,9,16,-4,8,-8,4,-7,4,-7,3,-11,-4,-16,0,-23,-29,-3,-29,20,-11,39,15,40,38,21,41,-5,24,-25]"
CSI_DATA,57515,d8:b1:90:d9:de:f0,-46,11,-99,-34,47,116,846169909,100,0,114,0,"[28,-41,32,-43,39,-43,39,-43,41,-43,39,-43,36,-39,34,-39,32,-36,30,-36,28,-36,26,-39,23,-39,23,-43,21,-47,21,-50,21,-52,23,-54,21,-58,19,-63,17,-65,19,-65,15,-67,15,-67,13,-67,10,-65,10,-67,8,-65,0,0,6,-65,8,-67,6,-67,4,-67,2,-69,2,-71,0,-69,-2,-73,-2,-71,-6,-69,-8,-65,-13,-63,-15,-58,-15,-56,-15,-54,-17,-54,-19,-50,-23,-50,-26,-52,-28,-54,-32,-58,-32,-60,-36,-63,-39,-65,-39,-67,-36,-67,-32,-67,-28,-65]"
CSI_DATA,57516,d8:b1:90:d9:de:f0,-46,11,-99,-33,47,116,846189374,100,0,114,0,"[38,33,40,38,40,40,38,42,38,44,35,42,33,44,33,40,31,35,29,35,31,33,33,33,33,29,35,29,38,31,42,31,44,31,48,33,52,33,54,33,54,33,57,35,57,35,57,33,59,33,59,31,59,31,57,31,0,0,57,29,59,29,59,27,63,29,63,29,63,31,63,29,65,29,63,25,63,25,63,19,61,19,59,14,57,14,57,12,54,8,54,6,54,6,59,6,61,4,65,4,67,4,71,4,78,2,78,4,76,8,76,12,67,14]"
CSI_DATA,57517,d8:b1:90:d9:de:f0,-52,11,-99,-38,54,116,846208742,100,0,228,0,"[9,-17,9,-18,7,-17,4,-17,1,-16,-3,-15,-6,-14,105,-7,-13,-10,-15,-9,-18,-8,-19,-8,-21,-7,-22,-7,-23,-6,-22,-6,-21,-5,-18,-5,-15,-4,-9,-2,-3,-1,63,6,8,5,15,9,19,13,22,16,23,19,23,21,0,0,22,25,20,26,16,25,13,22,7,18,2,14,26,0,-7,1,-10,-5,-14,-14,-16,-19,-17,-23,-17,-27,-16,-29,-15,-30,-14,-30,-11,-29,-10,-28,-9,-26,-7,-22,-87,16,-4,-14,-3,-8,-2,-2,-3,5,-4,10,-7,16,-10,17,2,-3,-3,-7,-13,-4,-15,7,-6,20,9,21,23,8,13,-23,8,-23,-9,-21,-20,-7,-18,9,-4,16,7,11,9,1,3,-5,-5,-1,-4,9,8,14,23,5,23,-16,9,-30,-19,-30,-35,-8,-32,18,-10,33,13,28,25,9,0,0,7,-15,-3,-8,-3,-1,5,0,8,-7,0,-18,-18,-9,-28,-2,-25,18,-6,31,15,27,26,9,22,-8,9,-17,-2,-15,-6,-8,-6,-5,-7,-5,-13,-4,-19,4,-22,0,-2,32,21,32,42,13,43,-17,21,-40,-7,-43,-28,-25]"
CSI_DATA,57518,d8:b1:90:d9:de:f0,-53,11,-99,-38,54,116,846218742,100,0,228,0,"[14,-13,13,-14,10,-14,6,-15,2,-15,-2,-15,-5,-13,105,-7,-13,-10,-16,-8,-18,-7,-21,-5,-22,-4,-23,-2,-25,-1,-23,0,-22,1,-19,1,-15,1,-8,1,-3,1,63,6,11,0,16,-1,21,-1,27,-1,30,-1,31,0,0,0,33,0,31,1,29,2,25,3,19,4,13,4,-114,0,-3,6,-10,7,-18,8,-23,7,-27,8,-30,8,-31,7,-32,7,-32,7,-30,7,-29,7,-26,6,-23,6,-10,15,-14,4,-7,3,0,1,6,1,13,1,17,3,19,4,3,-2,-1,-7,-10,-7,-16,4,-9,18,7,21,21,9,13,-20,7,-22,-10,-20,-20,-5,-16,10,-2,16,8,9,9,-2,0,-6,-6,1,-1,11,14,9,22,-5,14,-25,-6,-31,-33,-16,-34,13,-16,33,11,32,28,14,25,-8,0,0,-5,-15,-8,-3,-3,2,3,-3,-2,-10,-15,-9,-17,10,-15,23,6,30,26,17,30,-5,16,-22,-3,-25,-15,-14,-15,-1,-9,4,-5,5,-5,6,-5,11,3,18,-1,22,32,1,29,-23,7,-42,-23,-39,-44,-13,-39,17,-16,33]"
CSI_DATA,57519,d8:b1:90:d9:de:f0,-53,11,-99,-40,55,116,846238761,100,0,228,0,"[-2,-17,-3,-17,-5,-15,-7,-14,-10,-11,-12,-8,-13,-5,99,-7,-16,1,-17,3,-18,6,-19,8,-20,9,-20,11,-19,11,-19,11,-18,11,-15,9,-12,8,-8,5,-3,2,59,6,8,-5,13,-7,18,-8,21,-10,25,-11,27,-10,0,0,28,-9,27,-7,25,-5,22,-2,17,0,11,3,-120,0,-3,7,-10,8,-17,9,-22,10,-26,9,-29,9,-30,8,-31,7,-30,7,-29,6,-28,5,-25,4,-22,3,-25,14,-14,1,-7,1,-1,1,6,2,11,4,14,6,16,8,0,-3,-6,-3,-10,5,-5,14,7,17,19,8,20,-8,-7,-22,-10,-19,-19,-6,-16,10,-4,17,8,12,12,1,5,-7,-4,-5,-4,5,5,10,17,3,18,-15,1,-28,-19,-25,-34,-1,-26,24,-2,36,21,26,30,4,20,-15,0,0,-9,-13,-9,-2,-3,2,0,-3,-4,-8,-15,-4,-14,14,-9,23,10,25,25,13,26,-7,13,-21,-3,-21,-13,-11,-13,-2,-9,3,-6,3,-8,5,-7,11,0,19,-2,22,31,6,33,-18,15,-40,-15,-42,-39,-22,-42,7,-24,27]"
CSI_DATA,57520,d8:b1:90:d9:de:f0,-53,11,-99,-40,55,116,846248769,100,0,228,0,"[16,3,17,2,16,0,15,-2,14,-5,13,-8,11,-10,99,-7,7,-16,5,-17,4,-19,2,-20,1,-21,1,-22,0,-22,0,-22,0,-21,0,-18,0,-14,1,-9,1,-4,59,6,-1,9,-1,14,-3,19,-4,24,-5,26,-7,27,0,0,-10,27,-11,25,-12,22,-12,18,-11,12,-9,6,-114,15,-2,-7,2,-14,5,-18,10,-22,13,-25,15,-26,16,-27,18,-26,19,-25,18,-23,18,-22,17,-19,15,-17,-71,0,10,-10,5,-5,0,-1,-6,2,-12,4,-15,3,-18,2,2,0,4,-5,-1,-11,-11,-10,-18,-1,-14,14,0,22,23,2,21,0,14,-15,-1,-19,-13,-11,-14,2,-6,10,4,7,6,-1,-2,-7,-12,-1,-12,13,3,23,22,17,32,-2,21,-28,-4,-36,-27,-22,-32,1,-20,21,0,26,0,0,15,1,8,-5,2,-3,2,2,9,2,13,-8,0,-20,-11,-22,-25,-10,-26,9,-13,23,5,24,16,13,16,0,10,-8,4,-7,3,-6,3,-9,-2,-14,-13,-15,-13,-18,-28,14,-15,36,12,41,38,25,45,-4,29,-28,5,-36]"
CSI_DATA,57521,d8:b1:90:d9:de:f0,-53,11,-99,-39,55,116,846269027,100,0,228,0,"[13,8,15,8,16,5,16,2,16,-1,15,-5,14,-8,97,-7,11,-14,10,-16,8,-18,7,-20,6,-21,4,-22,3,-22,3,-22,2,-21,2,-18,1,-14,1,-9,1,-3,58,6,1,9,2,15,0,20,0,23,-1,27,-2,28,0,0,-3,29,-4,27,-5,24,-5,20,-5,15,-5,9,-75,15,-4,-7,-4,-14,-2,-20,-1,-25,0,-29,1,-32,1,-32,1,-32,2,-32,2,-30,3,-28,3,-25,2,-22,36,0,2,-13,0,-6,-1,0,-3,6,-5,11,-8,14,-10,15,3,1,6,-3,3,-11,-7,-13,-17,-5,-18,10,-5,21,23,8,21,5,16,-11,2,-18,-11,-12,-14,1,-6,9,4,8,6,-2,-2,-8,-13,-3,-13,13,2,24,23,18,34,-1,20,-28,-6,-34,-29,-20,-32,5,-17,23,3,26,0,0,15,-1,7,-6,2,-4,4,1,10,-3,9,-14,-7,-19,-19,-15,-27,2,-19,20,0,27,15,18,20,2,13,-8,4,-11,0,-8,-1,-6,-1,-9,-9,-11,-19,-5,-22,-7,-13,30,11,37,37,23,44,-7,28,-34,-1,-42,-23,-27]"
CSI_DATA,57522,d8:b1:90:d9:de:f0,-53,11,-99,-39,55,116,846288919,100,0,228,0,"[-6,15,-5,17,-3,17,0,17,3,16,5,16,8,15,97,-7,14,13,16,11,17,11,19,9,20,8,21,7,21,6,20,6,19,6,16,6,13,4,8,3,2,2,58,6,-10,-1,-14,-4,-18,-5,-22,-7,-24,-10,-26,-11,0,0,-25,-13,-21,-14,-19,-14,-15,-12,-10,-10,-4,-8,-47,15,8,1,14,5,18,10,21,14,23,17,24,20,25,22,22,22,22,23,20,21,19,20,16,19,14,16,-107,0,7,9,5,5,1,-1,-2,-7,-3,-12,-2,-17,-1,-19,-1,3,4,6,12,3,14,-8,5,-17,-10,-18,-20,-6,-7,25,-5,20,11,16,18,3,12,-10,0,-14,-10,-7,-8,4,2,8,10,1,7,-12,-8,-17,-23,-6,-24,17,-8,31,20,28,34,5,27,-18,7,-30,-14,-24,-24,-7,0,0,-6,13,2,8,1,3,-2,5,-2,11,8,14,22,4,23,-9,12,-24,-7,-26,-22,-15,-23,3,-14,15,-1,17,5,9,5,4,4,4,7,5,14,2,18,-10,21,-10,-10,-32,-32,-20,-42,6,-30,34,-2,46,25,32,35,8]"
CSI_DATA,57523,d8:b1:90:d9:de:f0,-53,11,-99,-41,55,116,846308629,100,0,228,0,"[0,16,2,18,3,18,7,16,9,15,11,13,13,12,102,-7,18,8,19,7,20,6,21,5,22,4,22,3,22,2,21,2,20,2,16,2,12,2,7,1,2,1,61,6,-11,-1,-15,-2,-20,-5,-24,-7,-25,-9,-26,-11,0,0,-25,-13,-23,-14,-20,-14,-15,-13,-9,-10,-4,-7,-56,15,7,3,12,8,16,14,19,20,20,22,20,25,19,27,18,28,16,28,14,26,12,25,11,22,8,20,124,0,4,10,3,5,1,-1,1,-8,2,-13,5,-18,7,-19,0,5,7,6,13,0,11,-12,0,-20,-15,-14,-23,0,0,27,1,21,15,13,19,-2,9,-13,-4,-13,-11,-4,-7,7,3,9,10,0,5,-13,-10,-15,-25,-3,-21,19,-7,32,22,25,34,3,26,-21,5,-30,-15,-24,-23,-6,0,0,-5,12,1,7,0,2,-5,4,-4,11,7,16,23,8,27,-7,16,-23,-3,-30,-21,-19,-25,0,-15,13,-3,15,4,10,4,5,2,4,4,7,12,6,21,-2,25,-3,2,-33,-23,-32,-42,-10,-42,19,-19,40,9,41,27,23]"
CSI_DATA,57524,d8:b1:90:d9:de:f0,-53,11,-99,-39,55,116,846319305,100,0,228,0,"[7,-15,6,-16,4,-17,1,-18,-2,-18,-5,-18,-8,-17,97,-7,-13,-14,-14,-13,-16,-11,-18,-10,-18,-8,-20,-7,-20,-6,-19,-5,-18,-4,-15,-3,-11,-2,-7,-2,-1,0,58,6,11,2,16,3,20,4,24,5,26,6,27,7,0,0,26,8,25,9,22,9,17,8,12,7,6,5,73,0,-8,-1,-14,-3,-19,-7,-24,-9,-27,-12,-28,-13,-29,-14,-29,-14,-27,-14,-25,-13,-24,-12,-21,-11,-18,-10,22,15,-10,-5,-5,-2,0,2,4,7,7,11,9,16,9,17,3,-5,-3,-9,-13,-6,-16,6,-8,18,8,20,20,8,9,-25,6,-20,-10,-17,-18,-3,-12,11,1,15,11,7,9,-5,-2,-9,-11,-1,-7,12,8,16,23,5,22,-17,8,-29,-22,-24,-33,-1,-23,21,-2,29,17,20,23,2,0,0,2,-12,-3,-5,0,-2,4,-5,1,-13,-12,-14,-24,-2,-22,15,-6,27,14,25,26,8,21,-10,7,-18,-5,-14,-8,-6,-5,-1,-4,-2,-7,-4,-13,1,-15,14,-17,19,19,27,37,9,37,-20,15,-41,-15,-40,-34,-20,-34,6]"
CSI_DATA,57525,d8:b1:90:d9:de:f0,-54,11,-99,-37,55,116,846338869,100,0,228,0,"[9,-14,9,-16,8,-16,7,-17,6,-18,4,-18,3,-18,91,-6,0,-18,0,-18,-1,-18,-2,-18,-3,-18,-4,-18,-4,-17,-3,-16,-2,-16,-1,-13,-1,-9,0,-5,0,0,54,5,0,11,-2,16,-4,18,-7,21,-10,22,-13,23,0,0,-15,20,-16,18,-16,14,-14,10,-11,6,-6,2,-45,14,7,-3,13,-5,19,-6,23,-5,27,-3,29,-1,30,0,30,2,29,4,26,6,24,7,21,7,18,7,33,0,10,4,6,1,1,-1,0,-6,-1,-10,-1,-15,0,-16,2,-4,0,-9,-10,-8,-16,0,-13,14,0,20,14,16,22,-16,16,-13,1,-18,-11,-14,-16,0,-10,11,1,13,10,5,8,-6,-1,-10,-12,-2,-13,11,0,20,18,16,27,4,20,-20,0,-30,-18,-22,-26,-3,-19,13,-6,19,0,0,8,3,5,0,0,0,0,5,8,8,17,0,16,-14,4,-24,-11,-23,-24,-9,-23,7,-12,17,2,17,9,9,8,2,4,0,2,1,7,3,13,-1,13,-13,18,-16,-16,-26,-33,-12,-37,12,-23,33,2,41,24,30,32,7]"
CSI_DATA,57526,d8:b1:90:d9:de:f0,-53,11,-99,-39,55,116,846348866,100,0,228,0,"[-11,-16,-14,-16,-15,-14,-17,-14,-18,-11,-20,-9,-19,-6,97,-7,-20,-2,-20,0,-19,2,-19,4,-19,6,-19,7,-18,8,-16,8,-15,7,-12,7,-9,5,-4,3,0,0,58,6,12,-4,16,-6,20,-6,24,-6,26,-7,28,-6,0,0,28,-3,26,-2,24,-1,19,0,14,1,7,2,96,0,-7,0,-14,-2,-20,-4,-25,-5,-28,-8,-30,-9,-31,-10,-29,-11,-29,-12,-26,-11,-25,-11,-23,-10,-19,-9,10,15,-12,-5,-7,-1,-2,3,1,7,4,12,4,15,4,17,-3,-5,-9,-3,-12,7,-4,18,11,17,22,5,19,-12,-17,-27,-14,-17,-21,-2,-14,13,0,18,13,11,14,-3,4,-12,-8,-8,-11,5,-1,14,15,10,21,-8,9,-24,-8,-28,-30,-8,-28,15,-8,29,13,25,24,9,19,-9,0,0,-4,-10,-5,-2,0,0,4,-6,-2,-13,-15,-12,-24,3,-19,20,0,28,19,21,27,4,19,-13,5,-19,-6,-13,-9,-5,-5,0,-3,-2,-7,-4,-14,1,-15,13,-19,19,17,28,36,12,39,-15,21,-39,-9,-43,-32,-25,-35,0]"
CSI_DATA,57527,d8:b1:90:d9:de:f0,-53,11,-99,-37,54,116,846359064,100,0,228,0,"[20,3,21,2,22,0,22,-1,22,-4,21,-6,21,-8,102,-7,18,-11,15,-12,13,-14,12,-15,11,-16,10,-18,9,-18,8,-16,7,-15,6,-13,4,-9,2,-6,-2,-1,61,6,-8,8,-12,12,-18,15,-20,16,-23,19,-25,18,0,0,-26,15,-26,12,-23,9,-20,7,-14,4,-8,2,-106,15,6,-2,13,-2,21,-1,26,0,30,1,31,2,32,4,33,5,31,6,30,6,27,7,24,7,21,7,-10,0,11,3,7,1,1,-4,-3,-8,-4,-12,-6,-16,-5,-19,6,3,10,-4,4,-14,-8,-16,-21,-6,-20,10,-7,23,30,10,22,5,19,-12,4,-20,-11,-15,-18,0,-10,11,3,13,11,2,6,-10,-7,-11,-18,0,-13,18,5,26,20,20,31,-7,18,-27,-6,-31,-25,-16,-26,3,-14,18,0,0,8,8,6,0,-1,0,-1,7,6,12,20,7,23,-9,13,-26,-7,-29,-26,-16,-28,4,-15,20,0,21,10,11,11,2,6,-2,3,1,7,4,13,-2,13,-14,18,-21,-19,-26,-38,-9,-39,20,-18,41,10,42,33,25,36,-1]"
CSI_DATA,57528,d8:b1:90:d9:de:f0,-53,11,-99,-39,55,116,846369157,100,0,228,0,"[-17,9,-18,11,-18,13,-17,14,-16,16,-14,16,-13,17,97,-7,-8,18,-7,18,-4,19,-3,19,-2,19,-1,19,0,19,1,19,1,17,0,14,1,10,1,5,2,0,58,6,5,-11,7,-16,10,-20,13,-22,15,-24,17,-24,0,0,20,-22,20,-20,19,-16,17,-12,13,-8,8,-4,97,0,-6,2,-12,5,-19,5,-24,4,-28,4,-31,3,-31,1,-32,-1,-30,-2,-28,-3,-26,-5,-24,-5,-21,-6,1,15,-12,-3,-6,-1,-2,3,2,7,5,12,5,15,4,18,-7,2,-5,9,5,14,16,8,20,-7,11,-20,-7,-22,-31,7,-21,8,-9,20,7,19,18,8,16,-8,4,-15,-9,-10,-12,2,-2,11,11,8,15,-7,5,-21,-14,-21,-25,-10,-25,18,-6,31,16,26,27,7,22,-12,8,-20,0,0,-10,-5,-5,2,1,0,1,-7,-9,-10,-19,-3,-18,13,-7,26,13,26,27,11,26,-8,12,-21,-3,-20,-11,-11,-11,-1,-4,2,-3,-1,-7,-2,-12,3,-12,15,-17,22,19,25,36,8,37,-19,17,-39,-10,-41,-31,-24,-34,0]"
CSI_DATA,57529,d8:b1:90:d9:de:f0,-53,11,-99,-39,55,116,846388816,100,0,228,0,"[15,15,17,16,17,16,19,15,19,14,19,12,19,10,97,-7,19,6,18,4,19,2,18,0,19,-1,19,-2,19,-3,18,-3,17,-3,14,-2,11,-2,6,-2,1,-2,58,6,-11,-5,-15,-7,-19,-10,-22,-13,-23,-16,-23,-19,0,0,-21,-22,-17,-23,-14,-22,-11,-19,-6,-16,-3,-10,-30,15,1,4,2,12,1,19,0,23,-3,28,-5,29,-7,30,-10,30,-11,28,-12,26,-12,24,-13,21,-12,18,91,15,-7,11,-3,7,1,4,7,2,12,0,15,1,17,4,3,6,10,2,12,-8,3,-17,-11,-17,-22,-5,-20,12,13,31,12,20,23,6,18,-11,4,-20,-11,-15,-17,-3,-11,10,3,13,12,3,8,-10,-7,-15,-20,-4,-20,15,-8,24,18,25,31,5,26,-16,8,-27,-11,-24,-21,-9,0,0,-6,11,2,6,1,-2,-6,-2,-11,7,-5,18,10,19,24,12,28,-8,17,-24,-2,-27,-17,-17,-21,-2,-14,9,-4,10,1,6,-1,3,-4,6,-1,12,10,16,13,23,29,-10,20,-30,-4,-40,-29,-32,-42,-7,-35,18,-14,31]"
CSI_DATA,57530,d8:b1:90:d9:de:f0,-53,11,-99,-39,55,116,846399839,100,0,228,0,"[16,15,17,16,18,15,20,15,20,12,20,11,19,8,97,-7,19,2,19,0,18,-2,18,-4,18,-6,18,-8,17,-8,17,-9,15,-9,13,-8,10,-6,6,-4,1,-3,58,6,-11,-1,-16,0,-21,-1,-25,-2,-28,-3,-30,-5,0,0,-29,-9,-27,-10,-25,-11,-20,-11,-15,-10,-8,-7,-104,15,3,2,9,7,12,13,15,18,17,21,16,25,16,27,15,27,14,28,11,26,10,26,8,24,6,21,57,0,4,13,3,7,3,1,5,-5,7,-9,10,-12,12,-13,2,6,10,2,12,-9,2,-18,-13,-16,-22,-3,-18,15,18,30,16,18,24,1,16,-16,1,-21,-15,-13,-17,2,-8,13,6,12,12,-1,4,-12,-11,-11,-20,3,-13,21,3,26,27,15,31,-8,17,-27,-5,-29,-22,-16,-23,3,0,0,0,13,5,5,1,-1,-5,2,-5,11,7,17,18,9,27,-6,17,-24,-3,-29,-21,-20,-25,-1,-17,13,-4,17,5,10,5,4,2,2,3,6,9,8,18,2,26,3,10,-29,-12,-34,-35,-21,-43,6,-29,32,-4,39,18,29]"
CSI_DATA,57531,d8:b1:90:d9:de:f0,-53,11,-99,-37,54,116,846418729,100,0,228,0,"[16,-15,18,-18,16,-19,15,-20,13,-21,10,-20,7,-20,102,-7,1,-19,-1,-19,-4,-18,-7,-18,-8,-19,-10,-18,-11,-19,-11,-18,-11,-16,-10,-14,-9,-11,-7,-7,-5,-1,61,6,-1,10,1,16,0,22,-1,27,-2,30,-3,32,0,0,-7,32,-8,31,-10,28,-10,24,-9,18,-7,11,-92,15,0,-3,6,-8,10,-13,15,-16,20,-19,23,-20,25,-19,27,-19,26,-16,26,-14,24,-13,23,-11,21,-8,-20,0,12,-5,5,-4,-1,-4,-7,-4,-12,-5,-14,-7,-15,-9,7,-2,4,-10,-7,-12,-18,-3,-18,12,-3,24,15,21,30,-15,19,-16,2,-25,-16,-18,-23,-1,-13,15,2,19,13,8,12,-5,0,-11,-11,-3,-10,11,5,20,23,11,26,-6,12,-30,-11,-32,-31,-15,-31,9,-15,25,4,24,0,0,13,-2,5,-6,-1,-1,2,5,11,4,18,-8,5,-19,-9,-27,-27,-15,-31,6,-19,24,2,28,15,16,19,2,12,-7,3,-7,2,-3,5,-3,6,-9,-1,-16,0,-26,-30,-6,-33,18,-15,39,12,42,36,24,41,-2,26,-24]"
CSI_DATA,57532,d8:b1:90:d9:de:f0,-53,11,-99,-40,55,116,846429043,100,0,228,0,"[21,-6,23,-7,23,-7,23,-9,22,-9,19,-10,17,-12,99,-7,12,-14,9,-14,7,-15,6,-17,5,-18,4,-19,3,-20,3,-20,3,-20,3,-17,2,-14,1,-9,-1,-4,59,6,-7,6,-12,10,-16,14,-20,14,-23,15,-27,15,0,0,-29,12,-29,8,-28,6,-23,3,-19,0,-12,-1,109,15,2,-2,9,1,16,3,21,6,24,10,26,13,27,15,25,17,24,18,21,18,20,18,17,17,14,16,122,0,8,10,6,6,4,0,3,-6,4,-11,6,-14,8,-15,6,1,7,-7,-1,-14,-14,-11,-21,2,-14,18,2,24,34,3,24,-3,15,-19,-3,-24,-17,-14,-21,2,-12,15,4,15,12,5,8,-7,-5,-10,-14,1,-10,16,7,23,21,13,29,-9,15,-28,-6,-31,-24,-19,-28,2,-17,17,0,0,9,11,9,1,0,-2,-2,4,2,11,15,11,18,-4,19,-19,2,-30,-18,-24,-28,-7,-23,11,-10,20,5,17,10,7,8,1,4,0,6,3,10,2,16,-6,23,-7,-3,-30,-24,-26,-40,-6,-38,20,-16,39,10,39,26,21]"
CSI_DATA,57533,d8:b1:90:d9:de:f0,-53,11,-99,-36,54,116,846439068,100,0,228,0,"[-22,-3,-24,-2,-24,0,-23,2,-23,4,-20,6,-19,8,99,-7,-13,12,-11,14,-8,15,-6,18,-3,19,-2,20,-1,21,0,21,1,19,1,18,2,14,3,10,3,4,59,6,4,-9,5,-14,7,-20,9,-23,11,-26,13,-27,0,0,15,-27,16,-26,15,-22,15,-20,13,-14,9,-10,121,0,0,3,-5,8,-10,13,-15,15,-19,18,-21,19,-22,18,-24,19,-23,17,-23,16,-21,14,-20,14,-19,12,28,15,-11,8,-6,6,0,3,6,3,11,3,15,4,16,5,-6,-4,-9,5,-3,14,10,14,21,3,18,-14,2,-25,-32,-9,-25,-1,-18,17,0,24,17,15,20,-3,10,-15,-4,-15,-12,-3,-6,8,7,8,13,-5,4,-19,-15,-18,-24,-5,-23,20,-2,32,22,24,30,2,21,-18,3,-24,0,0,-13,-2,-7,5,0,3,-1,-5,-10,-6,-17,5,-8,15,5,26,23,18,30,-2,19,-22,0,-26,-15,-16,-17,-2,-12,7,-3,7,-2,4,-4,4,-4,10,4,16,2,24,29,-1,26,-24,4,-40,-23,-34,-40,-12,-38,15,-16,30]"
CSI_DATA,57534,d8:b1:90:d9:de:f0,-53,11,-99,-36,54,116,846459003,100,0,228,0,"[-9,21,-9,22,-8,23,-6,22,-4,22,-1,20,1,19,99,-7,7,16,10,14,12,14,14,12,16,12,17,12,18,11,19,11,18,10,16,9,14,7,10,4,5,1,59,6,-4,-9,-8,-13,-10,-19,-10,-24,-11,-26,-11,-29,0,0,-8,-30,-5,-30,-2,-28,-1,-25,1,-19,2,-13,34,0,2,2,1,10,-2,16,-4,21,-7,25,-9,27,-10,27,-12,28,-13,27,-13,25,-13,23,-13,22,-12,18,108,15,-7,12,-3,7,1,4,7,2,12,0,15,1,17,2,-5,5,2,10,13,7,17,-7,11,-20,-7,-22,-23,-12,-21,25,-11,23,9,24,21,10,22,-8,8,-19,-7,-16,-14,-3,-9,8,3,8,10,-2,2,-14,-14,-14,-24,2,-19,19,3,31,25,22,34,-1,23,-21,2,-28,-15,-19,0,0,-11,8,-2,8,2,1,-4,-4,-12,2,-11,14,4,18,20,20,30,1,24,-20,5,-28,-14,-23,-21,-8,-17,6,-7,12,0,9,0,6,-1,6,1,10,10,13,12,21,26,-11,16,-31,-7,-40,-32,-27,-42,0,-31,24,-9,32]"
CSI_DATA,57535,d8:b1:90:d9:de:f0,-52,11,-99,-39,54,116,846478980,100,0,228,0,"[-13,-19,-13,-19,-14,-19,-15,-16,-15,-14,-15,-11,-16,-7,108,-7,-17,-1,-19,1,-20,3,-21,5,-22,6,-23,6,-23,7,-23,6,-22,6,-21,5,-15,4,-11,3,-3,3,65,6,11,5,16,8,21,11,24,15,26,19,26,22,0,0,24,25,20,28,16,26,12,24,7,19,3,14,31,0,-3,-2,-4,-10,-3,-17,-2,-23,0,-29,2,-31,4,-32,6,-33,7,-31,10,-30,10,-26,11,-24,10,-21,-142,0,6,-12,3,-8,-2,-4,-7,-1,-13,0,-19,-1,-21,-3,-2,-7,-11,-4,-14,7,-5,20,12,22,25,7,25,-12,-7,-31,-11,-25,-24,-10,-23,8,-8,22,8,19,16,6,12,-6,0,-10,-7,-1,-4,10,10,12,24,0,20,-21,2,-29,-24,-26,-38,-3,-30,22,-6,33,15,26,25,8,0,0,6,-13,-3,-7,-2,1,6,2,12,-6,5,-20,-12,-17,-29,-13,-32,8,-19,30,4,33,23,20,25,0,16,-12,4,-13,-2,-8,-2,-4,0,-5,-2,-11,-12,-13,-14,-22,-28,14,-16,34,10,41,35,29,44,1,34,-24,11,-34]"
CSI_DATA,57536,d8:b1:90:d9:de:f0,-52,11,-99,-40,54,116,846498663,100,0,228,0,"[16,-16,15,-17,13,-18,9,-18,5,-18,2,-18,-1,-17,112,-8,-9,-16,-12,-16,-15,-13,-17,-15,-19,-15,-21,-13,-23,-12,-21,-12,-20,-11,-19,-9,-15,-6,-11,-3,-4,1,66,6,5,11,10,16,13,20,15,25,15,28,17,32,0,0,15,33,11,33,9,30,6,26,3,20,1,15,17,0,-2,-3,-4,-11,-3,-19,-3,-25,-2,-30,-1,-32,0,-33,1,-34,1,-34,2,-33,2,-31,2,-28,2,-25,17,0,-1,-15,-2,-10,-5,-3,-9,3,-12,6,-17,9,-19,9,8,-4,1,-12,-12,-11,-21,0,-17,19,2,27,21,19,23,-19,17,-21,-4,-26,-20,-15,-23,4,-10,17,5,16,12,3,5,-6,-5,-5,-9,6,1,17,20,15,30,-6,19,-23,-6,-36,-32,-21,-38,5,-21,28,3,32,20,17,0,0,10,-11,-2,-8,-2,2,6,4,15,-4,9,-20,-10,-21,-28,-16,-34,8,-19,31,5,34,24,19,27,-1,15,-15,3,-15,-3,-9,-3,-4,-1,-5,-4,-9,-16,-8,-23,-16,-20,24,0,40,28,33,46,8,40,-23,16,-41,-12,-35]"
CSI_DATA,57537,d8:b1:90:d9:de:f0,-52,11,-99,-38,54,116,846509038,100,0,228,0,"[-2,-20,-2,-21,-3,-20,-6,-19,-8,-16,-10,-14,-11,-10,105,-7,-16,-5,-18,-3,-19,-2,-21,-1,-22,0,-23,1,-25,1,-23,1,-22,1,-19,1,-15,1,-9,2,-4,4,63,6,9,8,15,10,18,14,22,17,23,20,23,22,0,0,22,26,19,26,16,25,11,21,7,17,3,11,32,0,-3,-2,-6,-10,-7,-17,-6,-23,-5,-28,-4,-31,-3,-33,-2,-33,0,-33,1,-31,1,-29,2,-27,2,-23,43,0,0,-16,-2,-9,-4,-5,-8,0,-13,3,-16,4,-19,4,1,-7,-7,-8,-17,1,-13,15,1,23,19,17,27,-1,4,-28,-1,-26,-18,-17,-23,1,-15,16,2,18,11,9,10,-3,1,-8,-7,-1,-4,10,9,14,23,3,22,-18,6,-28,-21,-29,-37,-6,-30,19,-8,32,14,27,23,8,0,0,4,-13,-4,-6,-3,2,6,3,13,-7,5,-20,-13,-17,-29,-9,-30,11,-15,30,8,31,23,17,25,-2,14,-14,1,-14,-3,-7,-2,-4,-1,-5,-5,-9,-15,-8,-21,-17,-21,22,-3,38,23,35,42,13,42,-17,20,-37,-5,-37]"
CSI_DATA,57538,d8:b1:90:d9:de:f0,-52,11,-99,-37,53,116,846519099,100,0,228,0,"[11,19,13,17,13,16,14,13,15,10,15,7,17,3,115,-8,19,-2,19,-5,21,-7,21,-9,22,-10,23,-11,23,-11,23,-11,21,-10,19,-9,15,-8,9,-5,3,-5,68,7,-11,-4,-17,-7,-23,-9,-28,-11,-30,-15,-30,-17,0,0,-29,-21,-27,-23,-21,-23,-17,-21,-10,-17,-4,-13,-71,17,3,1,7,10,8,17,9,24,8,30,8,33,5,35,3,35,1,35,0,34,-1,32,-2,29,-3,26,-46,17,-1,16,1,10,4,5,8,0,14,-2,19,-4,22,-3,2,8,13,4,16,-9,5,-21,-13,-22,-27,-8,-26,13,9,27,11,24,24,9,22,-10,7,-21,-9,-17,-15,-4,-9,7,2,8,7,-2,0,-11,-15,-10,-26,5,-17,27,2,30,32,23,40,-4,26,-28,0,-36,-22,-23,-28,-2,0,0,-2,15,7,7,3,-3,-8,-2,-11,9,-3,22,16,19,33,7,32,-17,13,-34,-11,-33,-28,-15,-26,5,-14,17,-1,16,4,8,3,4,1,5,4,9,16,9,22,20,23,-22,5,-40,-23,-38,-45,-15,-45,14,-26,36,2,39]"
CSI_DATA,57539,d8:b1:90:d9:de:f0,-52,11,-99,-37,53,116,846529535,100,0,228,0,"[0,-21,-1,-21,-2,-21,-5,-20,-9,-15,-11,-13,-14,-9,115,-8,-19,-3,-20,-1,-22,0,-23,3,-24,4,-26,5,-26,7,-26,7,-23,8,-20,8,-17,8,-10,7,-3,5,68,7,11,5,19,5,23,7,28,8,32,10,34,11,0,0,34,14,30,15,27,16,22,15,16,13,9,9,111,0,-4,1,-11,-5,-17,-10,-21,-15,-24,-20,-26,-22,-26,-26,-24,-26,-24,-27,-22,-26,-22,-24,-19,-22,-17,-20,105,17,-13,-11,-10,-7,-8,0,-5,7,-5,13,-5,16,-8,19,3,-8,-7,-10,-17,-1,-16,15,0,26,20,19,28,-1,2,-28,-2,-28,-21,-16,-23,3,-13,17,3,19,13,7,10,-5,-1,-8,-7,1,-1,13,15,11,26,-4,17,-27,-3,-30,-33,-21,-40,9,-22,33,5,38,26,21,29,-2,0,0,-2,-17,-9,-4,-2,4,8,0,9,-11,-4,-21,-22,-10,-33,7,-20,29,4,35,27,21,32,-1,21,-19,2,-22,-8,-13,-9,-4,-5,-1,-5,-3,-11,-3,-17,5,-29,4,3,34,28,28,46,3,40,-28,13,-47,-19,-41,-36,-17]"
CSI_DATA,57540,d8:b1:90:d9:de:f0,-52,11,-99,-37,53,116,846548625,100,0,228,0,"[11,17,13,17,14,14,15,10,16,7,16,3,17,-1,115,-8,19,-8,17,-11,17,-14,17,-16,17,-19,17,-21,17,-21,16,-21,15,-21,13,-19,9,-16,4,-13,0,-7,68,7,-11,1,-19,3,-23,7,-28,5,-33,7,-35,7,0,0,-36,5,-34,3,-33,1,-27,0,-22,-1,-14,-3,136,17,4,-4,11,-2,21,0,27,1,32,4,34,5,36,8,35,8,36,10,34,10,33,10,30,9,26,9,11,1,17,5,14,1,7,-3,2,-8,0,-13,-2,-17,-1,-20,1,9,13,4,16,-9,4,-21,-14,-21,-26,-4,-22,16,15,24,17,21,26,2,17,-16,0,-21,-14,-13,-14,2,-4,10,5,5,5,-7,-7,-11,-19,-1,-19,19,1,34,22,21,40,-1,28,-30,1,-41,-26,-29,-34,-2,-23,20,0,0,10,13,13,-1,0,-5,-7,2,-2,15,15,16,23,-4,23,-22,2,-35,-23,-29,-35,-4,-27,17,-8,27,9,21,14,7,11,-1,5,-2,8,0,11,-3,11,-14,23,-19,-20,-27,-40,-9,-41,20,-20,43,13,47,38,27,41,-2]"
CSI_DATA,57541,d8:b1:90:d9:de:f0,-52,11,-99,-39,54,116,846558864,100,0,228,0,"[16,-8,16,-10,14,-12,12,-12,8,-13,5,-15,2,-16,108,-7,-3,-17,-5,-19,-8,-20,-11,-20,-12,-21,-13,-22,-13,-21,-13,-21,-13,-21,-12,-17,-10,-14,-8,-8,-6,-2,65,6,-4,11,-5,16,-5,22,-6,25,-8,30,-11,31,0,0,-14,31,-15,28,-15,25,-15,20,-13,14,-10,8,-140,16,0,-4,5,-10,12,-15,16,-17,22,-20,25,-20,29,-19,30,-17,30,-16,30,-15,29,-13,26,-11,24,-8,24,1,16,-5,11,-5,3,-6,-2,-7,-6,-10,-10,-12,-11,-14,7,-1,5,-11,-5,-14,-19,-6,-21,10,-8,24,10,23,24,-7,23,-11,7,-23,-8,-19,-17,-5,-14,8,-2,13,7,6,6,-3,-4,-6,-12,2,-7,16,10,23,30,12,26,-10,16,-35,-12,-38,-33,-19,-35,8,-19,26,3,28,0,0,16,-2,4,-8,-4,-3,-2,6,10,8,20,-2,11,-19,-2,-31,-23,-23,-33,-1,-25,21,-4,30,13,22,20,6,15,-4,7,-8,3,-5,4,-5,5,-10,-1,-17,6,-26,-31,-7,-33,15,-19,39,10,44,35,29,43,1,31,-23]"
CSI_DATA,57542,d8:b1:90:d9:de:f0,-52,11,-99,-37,53,116,846578829,100,0,228,0,"[-16,-10,-16,-10,-17,-5,-16,-2,-16,1,-14,5,-14,9,115,-8,-11,16,-9,19,-8,21,-7,23,-5,26,-4,27,-3,28,-2,28,-1,27,-1,23,1,19,2,14,4,5,68,7,8,-9,10,-15,13,-21,16,-24,19,-27,21,-29,0,0,21,-29,22,-27,21,-23,20,-19,16,-14,11,-7,-142,0,0,5,-5,11,-13,16,-17,20,-21,23,-24,23,-27,24,-28,23,-28,23,-27,22,-27,21,-23,20,-22,17,7,17,-13,13,-7,10,-1,8,5,4,10,4,16,4,19,7,-4,-5,-11,1,-10,13,4,20,21,11,24,-8,13,-24,-22,-13,-24,-10,-23,9,-8,21,9,17,17,4,11,-8,-1,-10,-7,0,0,8,13,4,17,-11,3,-28,-22,-26,-32,-4,-30,27,-3,42,26,33,39,5,28,-21,4,-30,0,0,-16,-2,-8,9,3,4,2,-5,-9,-10,-22,2,-11,20,1,33,26,24,36,0,26,-23,2,-32,-16,-22,-22,-4,-15,7,-7,9,-2,7,-3,7,-2,11,7,17,4,28,33,-4,27,-30,1,-46,-30,-38,-47,-8,-40,22,-14,38]"
CSI_DATA,57543,d8:b1:90:d9:de:f0,-52,11,-99,-40,54,116,846589087,100,0,228,0,"[-17,-6,-17,-5,-17,-3,-16,0,-16,3,-13,6,-12,10,112,-8,-10,16,-9,18,-8,20,-6,23,-5,24,-5,26,-5,26,-4,26,-4,25,-3,21,-2,17,-1,12,2,5,66,6,8,-6,11,-12,16,-16,19,-18,23,-20,25,-21,0,0,28,-19,27,-17,26,-13,24,-10,19,-5,13,-2,-131,0,-2,5,-10,9,-17,10,-24,10,-28,11,-32,10,-34,9,-35,8,-34,5,-33,5,-32,4,-30,3,-27,3,-31,16,-18,3,-12,4,-5,5,0,8,4,11,6,13,8,17,-4,-4,-10,3,-5,13,6,17,21,8,21,-10,9,-24,-21,-9,-23,-8,-21,10,-6,20,9,17,16,3,10,-8,-1,-9,-5,-1,0,8,12,5,17,-9,6,-26,-17,-28,-31,-10,-34,19,-11,40,18,36,34,12,31,-12,12,-26,0,0,-15,-6,-9,5,1,4,3,-5,-4,-12,-19,-5,-17,13,-11,28,12,31,31,15,31,-9,16,-24,-3,-25,-15,-15,-16,-2,-10,4,-5,3,-6,4,-8,9,-3,18,-11,26,28,15,39,-8,27,-34,-1,-48,-31,-35,-45,-8,-34,18]"
CSI_DATA,57544,d8:b1:90:d9:de:f0,-52,11,-99,-37,53,116,846608832,100,0,228,0,"[-15,11,-13,13,-10,13,-5,14,-1,15,3,15,9,14,115,-8,15,13,19,11,21,10,24,9,26,8,27,7,28,5,27,4,26,3,22,3,19,1,11,0,4,-1,68,7,-10,-4,-16,-7,-22,-9,-28,-10,-30,-11,-32,-14,0,0,-33,-15,-30,-16,-27,-15,-22,-14,-16,-11,-9,-9,-117,17,7,-3,15,1,21,3,27,8,32,10,33,11,34,11,34,13,34,13,33,13,30,11,28,10,24,9,21,1,16,3,10,1,5,-3,-1,-8,-4,-13,-7,-16,-9,-19,-5,2,-1,10,11,10,20,-2,14,-17,-3,-26,-21,-15,-13,20,-13,22,7,23,20,9,19,-7,4,-15,-7,-10,-8,1,1,5,8,-1,4,-14,-14,-16,-29,-2,-26,23,-2,35,29,29,43,0,29,-29,1,-39,-23,-24,-29,0,0,0,0,17,7,5,3,-2,-7,2,-4,13,8,20,26,3,29,-14,13,-33,-14,-33,-32,-13,-29,10,-13,23,3,21,11,10,10,2,8,0,9,0,13,-4,11,-17,19,-21,-24,-26,-41,-3,-38,28,-10,48,23,43,43,16,38,-13]"
CSI_DATA,57545,d8:b1:90:d9:de:f0,-52,11,-99,-37,53,116,846618822,100,0,228,0,"[-10,-14,-11,-13,-13,-9,-13,-5,-14,-1,-14,3,-15,8,115,-8,-14,15,-14,19,-13,20,-13,22,-11,24,-10,26,-10,26,-9,26,-8,24,-7,21,-4,16,-2,10,0,4,68,7,7,-10,9,-15,14,-20,16,-23,20,-26,22,-27,0,0,23,-26,23,-23,23,-20,20,-15,16,-9,13,-3,-140,0,0,9,-5,15,-11,20,-16,23,-21,26,-23,27,-26,26,-26,26,-26,24,-26,23,-23,21,-22,20,-20,17,32,17,-10,11,-5,8,1,4,7,2,13,1,17,1,21,2,-2,-3,-9,0,-9,10,1,19,17,15,26,-3,16,-20,-17,-14,-21,-15,-23,3,-11,19,4,19,14,5,10,-4,0,-7,-4,0,0,8,14,5,20,-10,7,-28,-19,-29,-35,-11,-35,22,-10,41,21,36,36,10,30,-16,9,-28,0,0,-15,-4,-8,4,0,2,0,-5,-11,-9,-21,3,-10,23,2,32,24,23,35,0,24,-23,2,-30,-15,-21,-21,-5,-15,5,-7,8,-4,7,-3,9,-1,15,10,19,10,26,34,-9,22,-35,-5,-47,-36,-33,-49,-2,-36,28,-8,39]"
CSI_DATA,57546,d8:b1:90:d9:de:f0,-52,11,-99,-40,54,116,846629509,100,0,228,0,"[12,-11,10,-12,6,-12,2,-12,-2,-13,-6,-12,-11,-11,112,-8,-18,-10,-21,-8,-24,-5,-25,-4,-26,-2,-27,-1,-27,0,-27,0,-24,2,-21,2,-17,2,-11,1,-3,1,66,6,10,0,18,-2,24,-2,27,-2,31,-3,33,-2,0,0,33,-1,32,0,28,1,25,3,18,3,11,5,-147,0,-4,9,-12,11,-20,10,-26,11,-31,12,-33,12,-33,12,-34,12,-32,12,-32,12,-30,11,-27,11,-24,9,5,17,-13,6,-8,5,-1,4,5,3,11,3,17,3,18,4,2,-3,-2,-9,-12,-5,-17,5,-9,20,8,24,23,11,8,-20,8,-23,-11,-19,-19,-4,-15,10,-1,15,8,8,6,-2,-2,-3,-5,5,2,15,18,11,27,-8,13,-32,-10,-36,-36,-16,-39,15,-15,36,15,35,30,12,26,-10,0,0,-5,-15,-8,-4,-1,1,1,-5,-3,-12,-18,-9,-21,15,-15,27,8,32,28,18,32,-5,16,-24,-2,-24,-13,-13,-15,-2,-10,3,-8,4,-9,8,-6,16,5,23,4,27,35,-1,31,-30,3,-48,-30,-38,-47,-10,-41,23,-12,38]"
CSI_DATA,57547,d8:b1:90:d9:de:f0,-52,11,-99,-40,54,116,846639879,100,0,228,0,"[-8,13,-5,15,-2,13,1,12,5,12,10,10,13,9,112,-8,19,6,21,5,24,3,25,2,27,1,27,0,27,-1,26,-1,25,-1,20,0,16,-1,10,0,3,0,66,6,-11,1,-17,0,-24,0,-27,-1,-31,-2,-33,-3,0,0,-31,-6,-30,-8,-26,-9,-21,-10,-15,-10,-6,-10,-114,17,9,-6,16,-4,24,-2,30,-1,33,1,34,3,35,4,35,5,35,5,33,5,31,5,28,5,25,4,11,1,15,2,10,0,3,-2,-3,-5,-6,-8,-10,-13,-11,-15,0,3,5,6,13,2,16,-10,4,-21,-13,-20,-25,-5,-2,21,-4,24,12,18,19,3,12,-11,0,-15,-8,-6,-5,2,3,3,6,-5,-2,-15,-18,-12,-27,6,-17,30,5,36,34,20,40,-9,21,-33,-8,-35,-27,-18,-27,4,0,0,1,15,5,5,1,0,-3,5,1,13,15,13,27,-6,23,-20,4,-32,-19,-26,-31,-6,-24,13,-8,23,5,18,11,10,10,3,9,1,12,-2,13,-9,8,-21,11,-25,-30,-19,-42,6,-31,35,-1,49,31,38,45,9,34,-18]"
CSI_DATA,57548,d8:b1:90:d9:de:f0,-49,9,-99,-38,51,116,846657931,98,0,106,0,"[13,0,141,23,137,0,174,23,-135,0,-183,23,-52,0,-144,23,0,1,-115,23,30,1,-90,23,35,1,-89,23,-7,0,-76,23,-141,0,-36,23,52,0,13,0,-161,23,112,0,67,23,-163,0,-6,21,-93,0,0,0,0,0,87,23,-9,0,192,23,-76,0,-35,23,170,0,124,0,-53,23,-180,0,98,23,-153,0,-78,21,-167,0,-133,21,186,0,-138,21,140,0,-86,21,98,0,-1,21,81,0,160,23,97,0,-41,23,166,0]"
CSI_DATA,57549,d8:b1:90:d9:de:f0,-52,11,-99,-40,54,116,846668772,100,0,228,0,"[-1,-16,-3,-15,-5,-13,-9,-11,-13,-9,-16,-6,-19,-3,112,-8,-23,1,-24,2,-25,4,-25,5,-26,6,-25,8,-25,9,-24,8,-21,9,-18,6,-13,5,-8,3,-1,1,66,6,12,-3,19,-4,24,-4,27,-4,31,-4,33,-4,0,0,33,-1,31,0,27,1,21,2,16,3,8,4,105,0,-8,4,-17,3,-23,1,-28,0,-33,-1,-34,-2,-35,-3,-35,-3,-34,-3,-32,-3,-31,-3,-27,-3,-24,-2,-3,16,-15,1,-9,2,-3,5,2,8,6,11,9,15,10,16,-1,-4,-9,-4,-15,3,-10,17,4,23,20,13,25,-5,-9,-23,-5,-23,-19,-10,-18,6,-5,16,6,11,10,1,2,-8,-8,-3,-8,9,4,17,21,10,27,-12,11,-33,-11,-35,-39,-12,-36,18,-13,36,15,32,28,11,24,-10,0,0,-4,-12,-6,-2,1,1,4,-5,-1,-15,-17,-13,-26,5,-21,23,1,33,23,24,31,2,21,-17,4,-23,-8,-16,-11,-5,-8,-1,-6,-1,-10,0,-13,6,-9,20,-12,27,28,20,42,-3,32,-33,2,-48,-28,-38,-43,-10,-34,17]"
CSI_DATA,57550,d8:b1:90:d9:de:f0,-52,11,-99,-40,54,116,846678896,100,0,228,0,"[-5,-15,-8,-13,-10,-11,-12,-8,-16,-5,-18,-2,-20,1,112,-8,-23,4,-24,6,-24,8,-24,9,-24,11,-24,11,-24,11,-21,11,-19,10,-17,8,-12,6,-6,3,1,1,66,6,13,-4,19,-5,25,-4,28,-5,32,-4,33,-2,0,0,33,0,31,1,27,2,21,3,15,4,8,4,101,0,-9,2,-17,-1,-23,-3,-28,-5,-32,-8,-34,-10,-34,-11,-34,-12,-33,-11,-31,-12,-28,-12,-25,-10,-23,-10,16,17,-13,-4,-9,0,-4,4,0,9,2,13,3,17,2,19,-2,-4,-10,-2,-13,8,-5,19,10,20,24,6,23,-11,-15,-20,-11,-20,-20,-5,-16,10,-2,16,10,10,11,-2,1,-9,-9,-3,-8,10,5,17,23,8,27,-13,10,-34,-11,-35,-39,-11,-35,19,-13,36,15,33,28,11,24,-9,0,0,-3,-12,-5,-2,1,1,6,-5,0,-16,-16,-16,-28,2,-24,19,-4,33,18,27,31,8,25,-12,9,-21,-4,-17,-10,-8,-6,-2,-5,-3,-9,-3,-15,2,-16,16,-21,21,20,30,41,11,42,-20,20,-45,-12,-46,-36,-26,-39,2]"
CSI_DATA,57551,d8:b1:90:d9:de:f0,-52,11,-99,-40,54,116,846689285,100,0,228,0,"[-5,15,-4,15,-2,16,2,16,5,16,9,16,11,17,112,-8,16,17,18,16,18,16,20,16,20,16,21,16,20,15,19,13,17,13,13,11,10,9,4,4,0,0,66,6,-9,-11,-11,-17,-13,-21,-13,-26,-12,-28,-11,-32,0,0,-6,-32,-4,-30,-1,-26,1,-21,2,-15,3,-6,36,0,2,9,0,17,-2,24,-4,28,-6,32,-10,33,-12,34,-15,32,-16,32,-16,28,-15,26,-15,23,-12,20,-147,17,-6,12,-2,8,3,3,9,2,13,1,18,1,19,3,-2,5,4,9,15,4,18,-8,10,-20,-8,-23,-21,-11,-9,25,-10,20,5,20,17,8,15,-6,3,-12,-8,-8,-8,3,1,10,13,3,13,-12,-1,-25,-23,-19,-35,3,-30,23,1,40,27,28,38,2,26,-21,4,-30,-13,-21,0,0,-11,5,-1,5,0,-2,-8,-5,-16,2,-13,17,4,28,21,23,33,2,25,-20,6,-31,-12,-24,-21,-9,-17,5,-8,8,-3,6,-3,4,-4,9,0,16,12,18,18,25,34,-13,19,-36,-9,-46,-38,-32,-48,-1,-35,26,-9,36]"
CSI_DATA,57552,d8:b1:90:d9:de:f0,-52,11,-99,-37,53,116,846699370,100,0,228,0,"[-8,14,-5,14,-2,14,2,15,7,15,11,14,14,13,115,-8,21,11,22,10,23,8,24,8,26,7,26,4,26,4,23,3,22,2,17,2,13,1,7,0,0,0,68,7,-15,-1,-21,-2,-26,-3,-30,-5,-33,-8,-34,-9,0,0,-32,-9,-30,-10,-26,-10,-21,-10,-14,-9,-5,-5,-73,17,10,0,17,3,24,7,29,10,32,13,33,14,34,15,33,16,33,16,29,15,28,14,26,11,21,10,-45,0,11,3,7,0,1,-4,-4,-9,-8,-13,-9,-17,-8,-21,-2,5,5,10,15,5,19,-8,8,-22,-10,-22,-23,-8,-3,26,-5,22,11,19,20,2,11,-11,-2,-14,-9,-4,-5,5,5,7,13,-3,3,-17,-16,-19,-32,-1,-24,26,-7,39,30,27,41,-1,27,-28,1,-35,-21,-22,-26,-1,0,0,-1,11,3,3,-2,0,-8,5,-2,17,14,19,32,3,28,-17,10,-33,-16,-32,-30,-13,-27,10,-10,21,4,19,8,9,7,3,5,3,9,3,15,-1,16,-17,19,-22,-22,-29,-42,-9,-42,23,-17,47,17,46,40,21,39,-7]"
CSI_DATA,57553,d8:b1:90:d9:de:f0,-52,11,-99,-41,54,116,846718821,100,0,228,0,"[-2,-16,-4,-16,-7,-14,-10,-13,-15,-10,-17,-8,-20,-5,115,-8,-22,-1,-23,0,-23,2,-24,4,-26,4,-24,7,-23,7,-21,7,-20,7,-16,5,-11,4,-5,3,1,1,68,7,15,-3,21,-3,26,-4,30,-4,33,-3,33,-2,0,0,33,0,30,1,27,2,22,2,16,3,7,3,91,0,-10,1,-17,-1,-24,-2,-30,-4,-33,-7,-34,-7,-35,-9,-35,-9,-34,-10,-30,-9,-29,-9,-26,-8,-21,-7,23,17,-13,-2,-5,1,-1,4,3,9,8,14,9,17,9,20,-1,-5,-9,-5,-15,3,-9,17,4,22,21,13,24,-5,-9,-24,-7,-22,-20,-8,-17,8,-4,16,9,11,11,-1,3,-10,-9,-5,-10,8,2,17,21,13,28,-9,14,-32,-5,-36,-38,-14,-36,15,-14,35,11,33,27,13,23,-8,0,0,-3,-11,-4,-2,2,1,7,-7,0,-16,-17,-15,-29,2,-22,22,-2,34,21,24,32,3,22,-15,5,-22,-7,-15,-9,-5,-5,-1,-4,-3,-9,-3,-16,2,-15,17,-17,26,23,28,43,5,40,-24,14,-47,-20,-43,-40,-20,-38,8]"
CSI_DATA,57554,d8:b1:90:d9:de:f0,-49,11,-99,-37,51,116,846732391,277,0,106,0,"[142,0,-160,0,17,0,-107,0,-101,22,-82,0,179,22,-86,0,107,22,-115,0,56,22,-142,0,43,22,-173,0,79,22,158,0,-181,22,79,0,8,0,-17,22,-166,0,-127,22,-13,0,154,22,73,1,100,22,0,0,0,0,8,1,79,22,-104,0,139,22,83,0,-121,22,-140,22,46,0,73,22,-163,0,-35,20,-38,0,-70,20,-7,0,-43,20,-20,0,17,22,-64,0,110,22,-157,0,-142,22,100,0,-5,22,-80,22,88,0]"
CSI_DATA,57555,d8:b1:90:d9:de:f0,-52,11,-99,-40,54,116,846748727,100,0,228,0,"[-4,-17,-6,-17,-8,-16,-11,-13,-13,-12,-16,-10,-18,-6,112,-8,-20,-4,-23,-3,-23,-2,-24,-1,-25,0,-24,-1,-24,0,-23,0,-20,-1,-16,-1,-11,-1,-5,0,2,0,66,6,16,4,21,8,25,10,27,13,30,17,30,20,0,0,26,21,21,23,18,21,13,18,8,15,2,9,25,0,-6,-5,-9,-13,-10,-21,-11,-26,-9,-32,-9,-35,-8,-35,-5,-34,-4,-34,-2,-31,-1,-30,0,-25,1,-21,26,0,0,-10,-2,-5,-5,1,-9,5,-13,10,-17,11,-20,10,-2,-6,-11,-4,-16,6,-9,18,6,23,23,12,26,-5,-5,-28,-4,-25,-19,-12,-20,4,-9,16,5,16,12,3,6,-8,-5,-9,-12,2,-4,17,13,19,28,3,26,-20,13,-34,-23,-31,-38,-5,-31,19,-9,32,12,26,21,9,0,0,4,-10,-1,-3,2,2,10,-1,12,-12,0,-24,-20,-20,-32,-5,-28,19,-10,33,12,30,25,12,21,-5,11,-13,1,-11,-2,-6,0,-4,0,-9,-6,-13,-20,-9,-27,-10,-21,30,2,42,32,35,48,8,41,-24,16,-40,-10,-35]"
CSI_DATA,57556,d8:b1:90:d9:de:f0,-52,11,-99,-38,53,116,846758756,100,0,228,0,"[-15,9,-15,11,-13,13,-9,15,-4,18,-1,19,2,19,118,-8,9,20,12,20,13,20,15,19,17,19,18,18,19,17,18,15,17,13,14,11,11,7,4,2,-1,-2,70,7,-12,-12,-17,-15,-19,-20,-23,-24,-24,-26,-25,-28,0,0,-23,-28,-20,-28,-18,-25,-13,-22,-8,-17,-3,-9,-34,18,6,4,11,12,14,19,17,25,19,29,19,30,19,31,18,33,18,30,17,28,14,26,13,23,12,18,132,0,7,8,3,0,3,-6,1,-13,2,-20,2,-22,3,-25,-7,4,-1,13,12,14,23,1,20,-17,2,-28,-19,-22,-23,19,-19,19,1,25,17,14,19,-3,7,-14,-7,-12,-11,1,-2,11,11,6,14,-11,-1,-23,-23,-19,-34,6,-28,24,8,39,34,22,37,-8,19,-29,-4,-29,-19,-14,0,0,-6,9,0,3,-2,-2,-12,1,-13,14,0,26,24,20,36,1,28,-25,3,-37,-22,-26,-30,-4,-22,14,-6,18,4,13,4,4,2,4,4,7,13,7,23,-3,29,-9,0,-37,-29,-33,-47,-6,-40,28,-11,47,20,40,35,15]"
CSI_DATA,57557,d8:b1:90:d9:de:f0,-52,11,-99,-38,53,116,846768888,100,0,228,0,"[18,6,18,4,19,1,18,-2,18,-6,17,-9,15,-13,118,-8,12,-18,11,-20,9,-22,8,-23,7,-24,6,-24,4,-24,3,-23,3,-20,2,-15,1,-11,0,-4,-1,2,70,7,-6,17,-7,23,-11,28,-13,31,-14,34,-17,34,0,0,-19,31,-19,29,-18,24,-17,19,-13,13,-9,6,-110,18,2,-7,8,-13,14,-18,19,-20,23,-24,26,-24,26,-23,28,-23,26,-22,25,-19,23,-18,20,-15,18,-13,-108,0,7,-7,1,-4,-6,-2,-13,-2,-19,-1,-23,-2,-25,-4,8,1,11,-8,2,-18,-13,-19,-25,-6,-24,15,-6,28,30,8,28,4,20,-14,2,-23,-13,-14,-18,1,-7,12,4,9,9,-2,0,-12,-14,-7,-19,11,-6,28,19,28,33,15,30,-23,6,-37,-20,-30,-33,-6,-24,15,-4,23,0,0,9,3,2,-1,-1,3,4,12,18,8,25,-7,13,-28,-7,-35,-30,-22,-36,4,-23,26,1,31,17,18,19,2,12,-7,4,-7,3,-3,6,-4,6,-13,-4,-22,-11,-28,-36,3,-29,30,-2,47,30,39,47,9,40,-20,14,-35]"
CSI_DATA,57558,d8:b1:90:d9:de:f0,-48,9,-99,-35,50,116,846783845,266,0,106,0,"[169,23,158,23,-137,23,101,23,-19,23,57,23,72,0,33,23,144,0,31,23,188,0,36,23,201,0,55,23,171,0,110,23,103,0,-152,23,9,0,53,0,-68,23,-114,0,-91,23,87,1,-82,23,182,1,0,0,0,0,64,0,155,1,83,0,22,1,83,0,194,0,15,0,-101,23,-103,23,61,23,190,23,-83,22,136,23,-104,22,118,23,-74,22,129,23,7,23,-202,23,107,23,-71,23,-171,23,123,0,-60,23,-91,0]"
CSI_DATA,57559,d8:b1:90:d9:de:f0,-52,11,-99,-39,54,116,846798623,100,0,228,0,"[0,-20,-1,-20,-3,-20,-6,-19,-8,-17,-11,-15,-13,-13,108,-7,-17,-10,-19,-10,-21,-8,-21,-7,-22,-7,-22,-6,-21,-6,-20,-5,-17,-5,-13,-4,-8,-3,-3,-1,3,2,65,6,14,10,19,13,22,17,24,22,24,24,24,26,0,0,20,30,15,29,12,26,8,23,4,17,1,12,13,0,-3,-4,-5,-12,-5,-20,-4,-24,-3,-29,-1,-32,0,-33,2,-31,2,-31,3,-29,4,-26,4,-23,3,-20,41,0,0,-11,-3,-5,-6,-1,-12,3,-15,5,-20,6,-22,4,-2,-7,-12,-6,-19,4,-14,19,2,26,21,20,29,0,4,-32,1,-28,-17,-19,-23,-1,-15,14,1,19,12,10,11,-4,0,-10,-11,-2,-10,11,5,20,23,11,28,-11,22,-24,-12,-32,-32,-14,-31,10,-14,25,5,25,17,12,0,0,5,-6,0,-2,3,4,11,2,16,-10,6,-24,-15,-24,-31,-13,-33,11,-17,30,5,33,23,19,25,0,15,-13,3,-13,-1,-7,-1,-4,0,-7,-5,-11,-16,-11,-23,-14,-24,23,-4,38,23,37,42,14,42,-15,21,-35,-4,-35]"
CSI_DATA,57560,d8:b1:90:d9:de:f0,-52,11,-99,-39,54,116,846808767,100,0,228,0,"[-8,17,-7,19,-5,19,-1,19,2,19,6,17,10,16,108,-7,15,14,17,12,19,11,21,8,22,7,22,6,22,5,21,4,17,3,14,2,10,1,3,0,-3,-1,65,6,-16,-4,-22,-6,-28,-7,-31,-10,-33,-11,-33,-12,0,0,-32,-14,-30,-14,-25,-13,-21,-12,-15,-10,-8,-6,-103,16,6,0,13,3,17,7,22,11,25,13,28,15,28,16,28,16,26,16,24,15,23,13,20,12,17,8,-78,0,11,2,6,-2,1,-6,-1,-12,-3,-16,-5,-20,-4,-22,-1,7,7,11,19,4,20,-12,7,-25,-13,-24,-29,-7,-11,30,-6,26,14,22,23,3,16,-13,0,-19,-12,-8,-11,4,1,10,11,2,7,-13,-8,-17,-25,-4,-23,17,-13,30,22,26,34,3,25,-21,3,-30,-16,-20,-21,-2,0,0,0,8,1,1,-4,-1,-10,6,-6,17,11,22,28,6,31,-13,14,-33,-13,-33,-30,-14,-28,8,-12,22,3,20,10,8,8,1,5,1,6,2,13,0,14,-11,20,-19,-15,-29,-35,-12,-39,16,-20,40,11,43,33,23,34,-3]"
CSI_DATA,57561,d8:b1:90:d9:de:f0,-52,11,-99,-39,54,116,846819080,100,0,228,0,"[-19,6,-19,7,-17,10,-15,12,-12,14,-10,16,-6,19,108,-7,-1,21,0,21,2,22,3,22,5,22,5,22,5,21,5,20,5,16,4,13,3,8,2,3,0,-3,65,6,-2,-16,-3,-23,-2,-28,-1,-31,0,-34,1,-35,0,0,3,-34,5,-32,6,-29,6,-23,6,-17,6,-10,77,0,2,5,-1,13,-4,19,-7,23,-11,26,-13,28,-14,29,-14,28,-14,26,-13,24,-13,23,-12,21,-10,17,-125,16,-3,11,1,6,6,3,11,0,16,-1,19,-2,21,-1,-6,5,-2,13,10,15,22,5,23,-12,8,-26,-12,-26,-31,8,-25,11,-8,24,11,21,21,6,15,-10,1,-14,-10,-7,-8,5,3,10,14,1,11,-15,-6,-24,-25,-13,-32,0,-14,31,11,32,29,15,29,-7,14,-22,-3,-20,0,0,-8,2,-1,2,1,-4,-7,-8,-17,-1,-19,15,0,26,19,28,34,7,30,-16,11,-31,-11,-26,-22,-11,-19,4,-10,11,-1,8,-1,5,-2,6,1,12,12,14,17,20,28,-14,14,-34,-12,-41,-37,-24,-43,5,-28,31,-2,35]"
CSI_DATA,57562,d8:b1:90:d9:de:f0,-52,11,-99,-40,54,116,846838801,100,0,228,0,"[-18,-10,-19,-9,-19,-6,-19,-3,-19,0,-20,3,-19,6,112,-8,-18,12,-18,15,-17,15,-17,17,-16,17,-16,18,-15,18,-13,17,-12,15,-10,11,-6,8,-2,3,2,-1,66,6,16,-9,20,-11,26,-13,30,-13,33,-13,34,-11,0,0,35,-9,33,-5,31,-3,25,-1,19,1,11,2,-140,0,-4,2,-12,1,-19,-2,-25,-4,-30,-6,-31,-9,-32,-10,-31,-11,-31,-12,-27,-12,-25,-12,-23,-11,-18,-10,78,17,-10,-4,-6,1,-2,5,1,11,2,17,1,20,1,23,-8,-1,-12,6,-5,18,10,21,25,11,28,-10,13,-27,-28,-19,-26,-12,-25,8,-11,23,6,20,18,8,15,-8,1,-13,-10,-5,-8,9,6,15,20,2,19,-17,0,-31,-16,-30,-36,0,-26,25,-2,35,20,26,27,4,19,-13,0,0,-5,-9,-3,-1,3,-1,5,-9,-4,-18,-20,-15,-26,5,-23,26,0,36,24,27,34,4,26,-17,6,-25,-9,-18,-12,-6,-9,1,-4,1,-6,-1,-12,2,-15,12,-19,18,15,30,35,15,42,-11,26,-38,-3,-46,-30,-31,-36,-5]"
CSI_DATA,57563,d8:b1:90:d9:de:f0,-53,11,-99,-38,54,116,846850250,100,0,228,0,"[-18,-4,-19,-3,-19,0,-18,2,-18,5,-17,8,-15,11,105,-7,-14,16,-13,17,-10,18,-9,19,-8,20,-8,21,-7,21,-6,20,-5,17,-4,14,-2,10,-1,5,2,-1,63,6,8,-13,11,-18,15,-21,18,-23,21,-25,22,-25,0,0,25,-22,25,-20,22,-17,20,-13,16,-8,10,-4,118,0,-3,3,-10,6,-17,8,-22,8,-26,9,-28,8,-30,8,-30,7,-30,6,-27,5,-26,4,-23,4,-20,3,40,16,-10,3,-5,3,1,4,7,6,11,9,14,11,15,15,-7,1,-9,9,-1,18,14,17,25,3,22,-16,5,-28,-30,-9,-27,-5,-20,15,-3,22,13,16,18,1,9,-11,-3,-11,-10,-1,-3,10,10,9,18,-4,10,-21,-11,-27,-25,-19,-31,14,-13,32,11,31,27,13,25,-7,10,-18,0,0,-8,-6,-3,1,2,-1,0,-9,-11,-11,-22,-1,-18,17,-5,31,18,28,31,8,28,-14,10,-27,-8,-22,-16,-9,-13,2,-6,5,-3,3,-5,2,-8,7,-4,17,-5,25,28,13,35,-9,22,-34,-4,-42,-31,-30,-40,-4,-29,19]"
CSI_DATA,57564,d8:b1:90:d9:de:f0,-49,9,-99,-34,50,116,846860412,98,0,106,0,"[86,23,163,0,56,23,61,0,33,23,-38,23,33,23,-123,23,49,23,-187,23,63,23,167,23,72,23,161,23,117,23,195,23,-158,23,-124,23,27,0,-21,23,-141,0,63,0,61,1,89,0,166,1,75,0,0,0,0,0,155,1,-72,23,26,1,-93,23,-189,0,-81,23,-63,23,12,0,115,23,152,0,-4,21,-110,0,-16,21,-44,0,18,23,-15,0,81,23,-40,0,164,23,-109,0,-141,23,152,0,-66,23,-50,23,-63,23]"
CSI_DATA,57565,d8:b1:90:d9:de:f0,-53,11,-99,-38,54,116,846878848,100,0,228,0,"[-10,-15,-11,-15,-13,-13,-15,-10,-18,-8,-18,-5,-20,-2,105,-7,-21,2,-21,4,-21,5,-21,7,-21,9,-21,9,-20,9,-19,9,-17,8,-14,6,-9,5,-5,3,2,0,63,6,14,-3,19,-4,25,-4,28,-4,31,-3,33,-1,0,0,32,1,31,3,28,3,23,4,17,3,10,3,135,0,-5,-1,-10,-4,-17,-7,-21,-9,-25,-13,-26,-15,-26,-17,-26,-17,-25,-18,-22,-17,-20,-17,-18,-16,-15,-15,87,16,-7,-8,-5,-3,-1,3,1,8,2,14,2,18,0,20,-4,-4,-11,0,-11,11,-2,20,15,19,26,3,22,-15,-17,-28,-15,-20,-23,-4,-18,14,-1,20,13,13,15,-2,4,-11,-7,-8,-10,5,1,15,17,10,22,-8,10,-27,-5,-32,-32,-13,-32,13,-14,31,9,30,23,13,21,-5,0,0,-1,-10,-3,-3,2,0,5,-6,1,-15,-14,-16,-23,-1,-25,18,-7,31,16,28,30,9,25,-11,9,-21,-5,-18,-10,-7,-8,-1,-3,0,-4,-3,-10,-2,-15,7,-21,10,8,29,30,20,41,-5,30,-31,3,-42,-22,-33,-33,-10]"
CSI_DATA,57566,d8:b1:90:d9:de:f0,-53,11,-99,-38,54,116,846889399,100,0,228,0,"[-1,-18,-2,-19,-4,-19,-6,-18,-9,-17,-11,-16,-14,-15,105,-7,-18,-13,-19,-11,-20,-10,-20,-10,-21,-10,-21,-9,-21,-9,-19,-9,-17,-9,-14,-7,-9,-6,-5,-3,0,0,63,6,9,9,13,16,16,19,16,23,16,27,15,29,0,0,11,31,7,29,5,27,2,22,1,17,-1,10,19,0,0,-3,1,-10,4,-18,6,-22,9,-26,13,-27,15,-28,16,-26,17,-25,17,-22,17,-21,16,-17,15,-15,-121,0,8,-6,3,-4,-2,-1,-8,0,-14,0,-19,-2,-20,-4,-1,-6,-8,-6,-16,2,-14,16,1,25,18,19,27,2,4,-32,2,-26,-16,-19,-22,-2,-16,13,0,18,11,10,11,-3,2,-10,-10,-5,-10,8,1,19,19,15,30,-4,25,-21,-4,-34,-27,-22,-33,1,-21,21,-2,27,14,18,0,0,10,-5,2,-4,1,2,8,2,15,-4,11,-18,-5,-23,-23,-19,-31,0,-25,21,-4,30,15,23,22,6,17,-7,6,-10,0,-8,-1,-3,3,-4,2,-10,-7,-16,-8,-22,-30,6,-23,27,-1,40,26,34,42,11,38,-15,17,-30]"
CSI_DATA,57567,d8:b1:90:d9:de:f0,-53,11,-99,-38,54,116,846908632,100,0,228,0,"[-10,15,-9,16,-7,17,-4,18,0,19,3,19,6,19,105,-7,13,18,15,17,16,16,18,15,19,14,20,13,20,11,19,10,18,8,15,7,10,5,5,3,0,0,63,6,-11,-6,-17,-8,-21,-13,-25,-15,-27,-17,-27,-18,0,0,-26,-19,-25,-19,-21,-17,-17,-15,-13,-11,-7,-7,-86,16,3,3,8,8,13,14,15,18,18,21,19,23,19,25,19,26,18,25,17,23,16,21,14,19,11,17,126,0,6,9,3,3,0,-3,-1,-8,-2,-15,-2,-18,-1,-20,-3,5,3,9,15,6,19,-6,11,-20,-7,-25,-23,-13,-16,27,-11,23,8,23,21,7,18,-8,3,-18,-9,-11,-11,3,-1,10,10,5,11,-10,-3,-20,-22,-13,-28,9,-20,28,14,32,32,13,31,-13,11,-29,-9,-25,-20,-9,0,0,-5,9,0,5,-2,0,-8,3,-7,14,5,21,20,11,30,-5,19,-26,-4,-32,-23,-19,-27,2,-15,17,0,18,9,10,7,1,3,1,3,4,9,4,16,-4,23,-5,-3,-30,-27,-23,-41,0,-32,28,-6,42,20,34,32,11]"
CSI_DATA,57568,d8:b1:90:d9:de:f0,-52,11,-99,-40,54,116,846918651,100,0,228,0,"[2,19,4,19,6,18,10,17,13,16,17,13,19,11,112,-8,23,5,24,4,25,2,26,0,26,-1,26,-2,25,-2,24,-3,21,-2,18,-2,13,-1,8,-1,0,0,66,6,-15,1,-20,1,-27,0,-31,0,-33,-1,-35,-3,0,0,-34,-5,-33,-6,-28,-6,-25,-6,-18,-5,-10,-4,-139,17,4,1,12,4,18,9,23,12,26,15,27,17,28,18,28,19,27,19,25,18,23,17,20,16,17,15,-66,0,9,8,4,3,-1,-2,-4,-9,-6,-15,-6,-20,-5,-23,2,5,10,4,16,-5,10,-19,-6,-25,-24,-15,-28,6,6,33,6,26,24,12,23,-8,9,-20,-9,-17,-16,-3,-9,10,5,11,12,-1,4,-16,-15,-16,-27,2,-19,25,-2,38,31,21,38,-5,23,-28,-3,-33,-23,-18,-24,2,0,0,-1,12,3,4,-2,1,-5,8,-1,16,16,18,25,2,27,-19,8,-34,-18,-31,-32,-9,-26,12,-9,23,6,18,11,6,8,-1,2,-1,3,3,11,1,16,-9,21,-12,-11,-31,-35,-18,-43,10,-27,38,2,46,28,32,36,5]"
CSI_DATA,57569,d8:b1:90:d9:de:f0,-52,11,-99,-40,54,116,846928808,100,0,228,0,"[13,15,15,15,16,12,18,10,20,6,21,3,21,0,112,-8,24,-3,24,-5,24,-8,24,-9,24,-10,24,-10,23,-11,21,-10,19,-9,17,-6,12,-5,8,-3,1,0,66,6,-13,5,-19,6,-26,5,-30,5,-33,5,-34,3,0,0,-34,0,-33,-1,-28,-3,-25,-3,-19,-3,-11,-2,-139,17,4,1,12,4,18,8,24,11,27,15,27,17,27,18,27,20,26,20,24,20,21,19,19,18,16,17,-112,0,8,9,3,3,0,-3,-2,-9,-4,-16,-3,-20,-1,-23,4,3,11,-2,10,-13,-2,-21,-18,-17,-27,-1,-21,19,21,28,19,21,26,1,17,-17,0,-23,-15,-12,-16,3,-4,12,9,9,11,-5,-1,-16,-18,-11,-25,9,-11,30,6,36,35,13,34,-13,15,-33,-10,-33,-25,-13,-23,5,0,0,1,12,3,4,-1,1,-5,8,1,16,17,16,25,0,25,-20,5,-33,-18,-30,-32,-9,-25,13,-9,23,5,17,12,8,8,-1,2,0,3,3,11,3,16,-8,24,-11,-8,-32,-33,-23,-45,3,-33,32,-5,46,23,38,35,13]"
CSI_DATA,57570,d8:b1:90:d9:de:f0,-53,11,-99,-38,54,116,846948818,100,0,228,0,"[0,18,2,20,5,20,7,20,10,17,13,16,16,13,105,-7,20,8,21,6,22,4,22,2,23,0,23,-1,23,-2,22,-2,20,-2,17,-2,13,-1,6,0,0,2,63,6,-14,3,-19,4,-23,4,-28,4,-30,4,-33,4,0,0,-33,2,-31,0,-28,0,-23,0,-18,-1,-10,-1,136,16,4,0,13,1,18,2,23,2,28,3,30,4,32,5,31,6,30,6,28,5,27,5,25,5,21,4,-20,0,10,3,5,0,-2,-2,-8,-5,-13,-8,-15,-11,-15,-14,2,4,8,4,14,-4,10,-17,-4,-22,-21,-15,-27,5,3,34,5,26,21,13,22,-6,9,-19,-7,-17,-16,-3,-9,9,4,10,11,-1,4,-14,-14,-14,-25,2,-16,25,1,34,30,18,33,-9,17,-29,-7,-30,-23,-15,-22,4,0,0,1,11,3,4,-1,2,-4,7,4,15,18,10,22,-5,18,-25,-4,-32,-23,-20,-30,2,-19,20,0,23,13,15,13,2,7,-3,3,-2,5,1,9,-4,8,-15,13,-20,-25,-19,-37,2,-29,29,-4,44,26,37,39,9,31,-16]"
CSI_DATA,57571,d8:b1:90:d9:de:f0,-53,11,-99,-39,54,116,846968909,100,0,228,0,"[19,6,20,5,20,2,20,0,20,-3,19,-6,19,-8,108,-7,16,-13,15,-15,14,-17,13,-19,13,-20,11,-20,11,-21,10,-20,10,-19,7,-14,6,-11,3,-5,0,0,65,6,-7,12,-11,15,-15,19,-19,22,-22,22,-24,23,0,0,-26,21,-26,19,-24,15,-22,13,-16,8,-12,4,131,16,3,-2,10,-5,16,-6,23,-6,26,-7,30,-6,31,-5,32,-4,31,-3,29,-2,26,-1,24,-1,22,0,-17,0,11,0,4,-1,-2,-2,-8,-4,-13,-7,-15,-11,-16,-14,5,-1,6,-6,1,-15,-12,-16,-23,-4,-23,14,-6,28,32,12,26,7,23,-13,5,-24,-12,-19,-20,-3,-13,12,2,13,11,4,6,-8,-7,-12,-19,1,-13,20,7,28,25,22,33,-10,17,-30,-7,-33,-26,-17,-28,4,-14,19,0,0,7,8,5,1,0,1,1,8,11,11,22,1,16,-15,5,-31,-17,-28,-32,-10,-29,14,-10,26,8,23,16,10,14,-2,5,-5,3,-2,4,-1,7,-5,5,-16,8,-21,-26,-15,-37,7,-25,33,1,43,28,33,40,7,31,-16]"
CSI_DATA,57572,d8:b1:90:d9:de:f0,-52,11,-99,-40,54,116,846988749,100,0,228,0,"[19,9,20,8,20,6,21,4,23,1,21,-2,21,-4,112,-8,20,-9,20,-11,19,-12,19,-15,19,-16,18,-17,19,-17,18,-16,17,-15,15,-11,10,-9,6,-4,1,-1,66,6,-12,5,-18,9,-25,9,-30,9,-33,9,-35,6,0,0,-36,1,-35,-1,-32,-2,-27,-4,-21,-5,-13,-4,118,17,3,-1,11,2,17,6,23,10,25,15,27,17,26,19,26,21,24,23,21,23,19,21,16,20,13,19,-118,0,6,10,2,4,1,-3,0,-10,1,-17,2,-20,5,-23,5,1,9,-6,3,-17,-10,-19,-24,-10,-27,9,-13,27,30,23,26,15,27,-6,13,-23,-6,-24,-19,-10,-17,6,-4,16,9,9,10,-4,-1,-13,-17,-6,-21,12,-5,30,12,32,35,8,32,-19,10,-35,-15,-31,-28,-11,-24,8,0,0,2,12,4,4,0,1,-4,6,1,16,17,15,24,-2,26,-19,6,-34,-17,-31,-32,-11,-30,11,-12,23,3,21,12,11,10,1,4,0,4,2,11,2,17,-6,24,-6,-3,-32,-27,-28,-45,-4,-39,25,-15,43,13,41,31,20]"
CSI_DATA,57573,d8:b1:90:d9:de:f0,-52,11,-99,-40,54,116,846999041,100,0,228,0,"[-8,19,-6,20,-4,21,-1,21,2,21,4,20,8,19,112,-8,15,17,17,16,19,13,20,12,23,10,24,9,24,8,23,6,21,6,18,5,13,3,8,2,1,0,66,6,-12,-4,-18,-8,-24,-10,-27,-12,-30,-15,-31,-17,0,0,-31,-19,-28,-20,-26,-19,-21,-18,-16,-15,-10,-11,144,17,3,0,9,4,15,11,18,15,20,19,23,21,23,24,23,25,21,24,20,24,18,23,16,20,13,18,-84,0,6,9,3,3,0,-2,-2,-10,-2,-16,-2,-21,0,-24,0,5,8,9,17,3,18,-11,5,-26,-15,-25,-30,-8,-13,35,-6,28,16,24,26,4,19,-15,2,-23,-13,-12,-16,3,-3,12,10,6,10,-9,-3,-18,-23,-9,-26,13,-15,31,18,32,35,9,31,-18,9,-33,-13,-26,-25,-8,0,0,-5,12,2,6,-1,1,-6,4,-5,15,8,20,23,6,32,-9,18,-30,-8,-35,-28,-20,-31,4,-17,20,0,21,9,12,10,3,5,0,5,2,11,2,17,-6,21,-8,-6,-32,-31,-24,-43,2,-34,32,-5,46,23,36,35,11]"
CSI_DATA,57574,d8:b1:90:d9:de:f0,-53,11,-99,-38,54,116,847018922,100,0,228,0,"[-4,-19,-5,-20,-7,-20,-9,-19,-10,-16,-14,-16,-16,-13,105,-7,-19,-8,-20,-5,-20,-4,-21,-2,-22,-1,-23,0,-23,0,-22,1,-21,1,-17,0,-14,0,-7,0,-1,0,63,6,11,2,17,4,22,5,27,8,29,9,31,13,0,0,30,16,27,17,25,18,19,16,15,15,7,11,112,0,-3,2,-8,-4,-13,-9,-15,-15,-18,-19,-18,-23,-19,-26,-16,-26,-16,-27,-14,-25,-11,-23,-9,-21,-8,-19,-100,16,-3,-10,-2,-4,-1,2,-2,8,-4,14,-6,17,-8,20,-3,-4,-10,-3,-15,6,-8,19,7,23,23,14,28,-6,-3,-35,-6,-27,-22,-14,-25,6,-11,19,6,20,16,7,14,-7,0,-13,-10,-3,-7,10,8,15,21,3,20,-17,6,-30,-22,-25,-34,-2,-26,20,-4,31,16,22,23,5,0,0,4,-13,-2,-7,0,-2,5,-4,5,-13,-6,-19,-20,-4,-29,6,-18,27,3,32,22,21,29,2,19,-15,4,-20,-7,-13,-9,-5,-6,-1,-5,-3,-10,-3,-17,3,-21,2,-2,31,20,29,40,10,40,-17,20,-39,-7,-38,-27,-21]"
CSI_DATA,57575,d8:b1:90:d9:de:f0,-53,11,-99,-38,54,116,847028916,100,0,228,0,"[3,19,3,20,5,20,7,19,10,17,13,16,14,14,105,-7,18,9,18,9,20,7,21,6,22,5,23,4,23,4,22,3,20,3,18,3,14,2,8,1,3,0,63,6,-10,-5,-15,-8,-19,-11,-22,-16,-23,-19,-25,-21,0,0,-22,-25,-20,-26,-16,-25,-13,-23,-7,-19,-3,-15,-38,16,3,0,7,6,8,15,8,20,8,25,6,28,5,29,3,31,2,30,0,28,-1,27,-2,23,-3,20,-52,16,-2,11,0,4,2,-1,6,-6,10,-10,15,-11,18,-11,2,5,10,4,16,-4,10,-18,-4,-25,-21,-16,-28,3,-1,33,2,28,20,17,25,-2,15,-17,-3,-20,-15,-9,-14,4,-2,11,9,5,9,-8,-4,-16,-20,-7,-23,13,-14,28,16,29,32,11,31,-14,13,-29,-8,-27,-20,-11,0,0,-8,10,-1,7,0,2,-6,1,-8,9,0,19,16,11,29,5,28,-15,10,-31,-11,-29,-25,-13,-25,5,-13,15,-1,15,5,8,4,4,3,5,7,7,16,5,19,9,17,-23,-2,-35,-27,-30,-42,-7,-37,20,-16,37,7,33]"
CSI_DATA,57576,d8:b1:90:d9:de:f0,-52,11,-99,-40,54,116,847039628,100,0,228,0,"[18,-10,18,-11,17,-13,13,-16,11,-17,8,-19,4,-20,112,-8,-1,-23,-4,-21,-6,-21,-9,-21,-11,-23,-12,-21,-13,-21,-13,-20,-12,-19,-11,-17,-9,-12,-5,-8,-2,-1,66,6,3,11,6,17,9,23,10,27,10,31,10,34,0,0,8,35,5,34,3,32,1,28,0,23,-3,16,-23,17,-4,0,-5,-9,-3,-17,-3,-23,-2,-28,0,-31,1,-33,2,-32,3,-32,3,-30,4,-27,4,-26,4,-21,38,0,2,-11,1,-5,-2,2,-5,8,-10,12,-15,15,-17,15,4,-4,1,-11,-11,-12,-21,-3,-21,16,-5,27,17,25,32,-16,23,-17,3,-28,-16,-20,-25,-2,-16,15,1,18,12,8,11,-5,-2,-10,-12,0,-8,15,11,21,28,5,28,-15,6,-35,-20,-31,-35,-8,-28,18,-8,30,12,23,0,0,13,-5,3,-8,1,-1,6,0,12,-4,8,-19,-13,-17,-27,-16,-33,6,-20,28,4,33,23,20,26,0,17,-13,3,-16,-4,-11,-3,-4,-3,-6,-6,-9,-17,-5,-19,-9,-18,26,3,39,31,30,46,3,38,-25,12,-40,-15,-33]"
CSI_DATA,57577,d8:b1:90:d9:de:f0,-53,11,-99,-39,55,116,847049837,100,0,228,0,"[10,-15,10,-17,9,-18,6,-19,4,-19,0,-19,-2,-19,97,-7,-7,-18,-9,-18,-11,-17,-13,-17,-15,-17,-15,-16,-16,-16,-16,-15,-15,-14,-13,-12,-10,-10,-6,-6,-2,-2,58,6,6,9,9,14,11,19,12,23,12,27,11,29,0,0,7,31,6,30,3,28,1,25,-1,20,-3,14,-45,15,-4,-1,-4,-9,-3,-16,-1,-21,1,-25,3,-28,5,-29,6,-28,8,-28,8,-26,9,-25,9,-22,8,-19,105,0,5,-10,2,-5,-2,0,-6,3,-12,6,-16,7,-18,6,2,-5,-4,-9,-15,-6,-19,7,-11,20,6,25,23,14,22,-25,15,-22,-5,-25,-20,-13,-21,5,-9,17,6,16,13,4,8,-8,-5,-9,-11,2,-5,15,13,17,25,2,24,-16,1,-32,-21,-25,-32,-3,-24,18,-5,26,12,19,0,0,12,-6,4,-7,1,-2,6,1,11,-5,7,-16,-11,-16,-23,-15,-29,4,-20,23,0,29,17,20,23,4,16,-10,6,-13,-1,-10,-2,-6,-1,-7,-5,-10,-14,-9,-16,-13,-22,19,-6,34,19,34,39,16,40,-12,23,-31,-1,-33]"
CSI_DATA,57578,d8:b1:90:d9:de:f0,-53,11,-99,-37,54,116,847060061,100,0,228,0,"[12,-15,11,-16,8,-18,5,-20,2,-20,-2,-20,-6,-19,102,-7,-12,-16,-14,-15,-16,-13,-19,-12,-21,-10,-22,-9,-23,-8,-22,-7,-21,-6,-18,-5,-14,-3,-9,-2,-3,-1,61,6,10,3,16,4,22,6,25,8,28,9,30,10,0,0,30,12,29,12,26,12,22,11,16,10,10,9,-123,0,-3,4,-10,1,-18,-2,-22,-5,-26,-7,-28,-9,-29,-10,-28,-10,-28,-11,-26,-10,-25,-10,-23,-9,-20,-8,11,15,-11,-4,-6,-1,0,2,5,6,9,9,11,13,11,16,2,-5,-4,-9,-14,-6,-19,7,-10,22,9,25,26,11,16,-29,9,-26,-11,-23,-23,-6,-19,11,-2,21,11,13,13,-1,4,-11,-8,-5,-8,8,5,15,21,6,23,-14,9,-30,-21,-26,-34,-3,-27,21,-4,31,18,23,25,3,0,0,3,-13,-3,-7,-1,-2,3,-4,1,-12,-12,-14,-20,3,-23,15,-6,30,15,27,29,8,25,-12,9,-22,-6,-19,-12,-7,-10,0,-6,2,-7,1,-10,5,-9,14,-13,18,22,21,37,2,32,-25,9,-43,-22,-39,-38,-13,-33,12]"
CSI_DATA,57579,d8:b1:90:d9:de:f0,-53,11,-99,-37,54,116,847079070,100,0,228,0,"[9,15,11,15,13,13,15,10,18,7,18,4,19,1,102,-7,19,-6,19,-8,19,-10,18,-13,16,-15,16,-16,15,-18,14,-19,13,-18,11,-14,8,-12,6,-7,2,-2,61,6,-6,8,-8,13,-12,18,-15,22,-18,24,-20,24,0,0,-22,24,-21,22,-20,20,-18,15,-15,11,-11,6,116,15,-2,-6,4,-11,9,-15,13,-20,16,-22,19,-24,21,-24,21,-23,21,-24,20,-21,19,-21,18,-18,15,-15,-75,0,8,-9,4,-5,-1,-1,-6,2,-11,4,-15,5,-19,4,4,3,10,-1,10,-11,-1,-20,-15,-15,-26,0,-19,20,20,25,20,18,25,-2,14,-19,-4,-21,-16,-9,-15,5,-3,12,7,6,7,-5,-5,-10,-16,0,-12,18,6,27,25,19,32,-10,15,-31,-10,-32,-28,-14,-27,8,-12,22,0,0,11,8,8,0,3,0,3,4,11,4,16,-6,4,-21,-6,-27,-25,-15,-30,5,-18,24,2,27,16,15,19,1,11,-8,3,-8,1,-6,2,-7,0,-11,-10,-14,-11,-19,-28,12,-15,33,12,40,37,24,43,-6,27,-30,1,-36]"
CSI_DATA,57580,d8:b1:90:d9:de:f0,-52,11,-99,-39,54,116,847089242,100,0,228,0,"[19,-3,19,-5,17,-7,16,-11,13,-12,11,-15,8,-17,108,-7,2,-21,0,-22,-2,-22,-4,-22,-6,-23,-7,-24,-7,-24,-8,-23,-8,-22,-6,-19,-5,-14,-3,-10,0,-3,65,6,4,10,6,16,6,22,7,26,7,30,6,32,0,0,4,33,2,31,0,29,-1,24,-3,19,-4,12,-60,16,-5,-3,-4,-12,-3,-19,-2,-24,0,-30,0,-33,1,-34,3,-33,3,-33,4,-30,4,-29,4,-25,4,-22,69,0,3,-13,1,-6,-1,0,-4,5,-10,11,-12,13,-15,14,5,-2,3,-10,-6,-14,-19,-7,-23,7,-11,24,10,25,31,-7,25,-10,10,-24,-10,-22,-21,-7,-16,10,-3,16,8,8,8,-3,-2,-8,-12,0,-8,16,8,22,28,10,32,-12,11,-34,-16,-33,-33,-12,-31,13,-12,28,7,24,0,0,14,-3,5,-6,2,-3,6,1,12,-5,8,-17,-12,-20,-25,-15,-31,6,-20,25,2,31,20,20,24,1,15,-11,3,-14,-3,-8,-2,-5,-2,-6,-6,-10,-17,-6,-21,-11,-19,26,3,39,32,30,46,3,38,-28,11,-41,-15,-33]"
CSI_DATA,57581,d8:b1:90:d9:de:f0,-53,11,-99,-40,55,116,847108661,100,0,228,0,"[-8,16,-7,17,-5,17,-2,18,2,17,5,16,8,16,99,-7,13,14,16,13,17,12,19,11,20,10,21,10,21,10,21,9,20,9,17,8,13,7,8,5,2,3,59,6,-9,-3,-15,-6,-18,-10,-21,-13,-23,-16,-24,-18,0,0,-22,-21,-19,-21,-16,-20,-12,-18,-8,-15,-3,-10,-38,15,7,1,11,8,13,14,15,19,16,23,16,27,16,28,14,28,13,28,11,27,10,25,9,23,7,21,82,0,3,12,2,6,0,-1,1,-7,3,-13,4,-16,7,-18,-1,4,5,7,14,3,16,-9,7,-21,-11,-21,-24,-8,-12,26,-8,23,10,20,21,6,17,-9,3,-17,-9,-11,-11,1,-3,8,7,3,8,-9,-5,-16,-21,-9,-25,12,-14,30,14,31,32,12,31,-13,13,-28,-8,-27,-21,-12,0,0,-8,10,-2,8,-1,3,-5,4,-5,11,5,18,20,8,27,-2,20,-22,1,-29,-18,-21,-25,-4,-18,12,-6,17,5,12,6,5,4,4,4,5,10,6,18,-1,22,0,3,-31,-19,-30,-40,-11,-41,17,-20,39,8,40,26,22]"
CSI_DATA,57582,d8:b1:90:d9:de:f0,-52,11,-99,-38,54,116,847118744,100,0,228,0,"[13,-13,13,-14,10,-16,7,-17,5,-19,2,-19,-1,-20,105,-7,-6,-19,-8,-19,-10,-20,-13,-19,-14,-20,-15,-19,-16,-19,-15,-18,-14,-17,-13,-15,-9,-11,-7,-7,-3,-3,63,6,5,9,6,15,8,20,8,25,8,28,7,30,0,0,5,31,3,30,1,27,0,23,-2,17,-3,10,-29,16,-1,-6,0,-14,2,-20,5,-26,7,-29,9,-30,11,-31,13,-31,14,-29,14,-28,14,-25,13,-22,11,-19,129,0,6,-10,2,-6,-2,-2,-7,3,-13,4,-18,5,-20,4,4,-3,-1,-9,-11,-9,-19,1,-15,17,1,26,19,18,23,-20,18,-18,-1,-25,-17,-15,-21,2,-10,15,4,15,10,4,6,-7,-6,-8,-13,3,-5,17,14,20,30,4,28,-16,6,-35,-20,-30,-34,-7,-29,17,-7,28,10,22,0,0,14,-4,4,-6,0,-1,5,2,11,-3,10,-16,-5,-22,-21,-18,-31,1,-22,21,-2,30,16,21,22,4,15,-8,5,-10,-1,-6,0,-3,3,-5,0,-11,-10,-15,-15,-21,-29,14,-15,35,13,42,38,25,44,-4,30,-30,4,-37]"
CSI_DATA,57583,d8:b1:90:d9:de:f0,-53,11,-99,-41,55,116,847129807,100,0,228,0,"[16,4,18,3,18,0,18,-2,16,-5,15,-8,14,-10,102,-7,11,-14,10,-16,9,-19,6,-20,6,-22,5,-22,4,-23,4,-22,4,-21,4,-18,3,-14,3,-8,3,-3,61,6,0,10,-2,15,-4,20,-6,23,-8,26,-9,27,0,0,-12,26,-12,24,-12,21,-12,16,-10,11,-7,5,-101,15,0,-7,5,-13,9,-18,13,-22,16,-24,20,-25,22,-25,22,-23,22,-23,21,-21,21,-19,19,-16,16,-13,-45,0,10,-7,5,-4,0,0,-5,2,-11,3,-14,3,-18,2,4,-1,5,-6,0,-12,-12,-12,-20,-2,-18,14,-2,24,29,5,24,2,16,-14,1,-21,-12,-13,-16,1,-8,11,3,10,8,0,2,-8,-10,-5,-14,9,-2,22,18,21,32,6,26,-22,2,-34,-21,-26,-31,-5,-24,15,-6,23,0,0,12,5,7,-1,3,-1,5,3,11,1,14,-9,2,-23,-11,-24,-26,-10,-27,9,-13,24,5,24,16,12,16,0,9,-7,2,-6,3,-4,4,-6,2,-12,-8,-16,-8,-22,-31,8,-21,30,4,42,31,31,44,3,32,-23,9,-33]"
CSI_DATA,57584,d8:b1:90:d9:de:f0,-53,11,-99,-41,55,116,847148795,100,0,228,0,"[16,4,19,3,20,0,19,-1,19,-4,18,-6,16,-10,102,-7,12,-14,11,-16,9,-18,8,-20,6,-21,5,-22,5,-22,4,-22,4,-20,4,-18,4,-13,3,-8,2,-2,61,6,-1,10,-3,15,-5,20,-6,24,-8,26,-10,27,0,0,-13,25,-14,23,-13,20,-12,15,-10,10,-7,4,-94,15,1,-7,6,-13,11,-18,15,-21,19,-23,21,-24,23,-24,24,-24,24,-22,22,-20,21,-19,21,-16,18,-13,-43,0,11,-6,7,-3,1,0,-5,2,-11,3,-15,3,-19,2,4,-1,6,-6,0,-13,-11,-13,-21,-2,-19,14,-3,24,30,6,24,3,18,-14,1,-22,-13,-15,-18,1,-9,11,3,11,8,1,2,-8,-10,-6,-14,8,-4,22,16,22,31,7,27,-21,5,-34,-20,-27,-30,-6,-24,14,-6,24,0,0,12,5,8,-1,3,-1,5,3,11,2,15,-8,4,-22,-10,-24,-25,-11,-27,8,-13,23,4,24,15,11,15,-1,7,-7,2,-5,2,-3,5,-5,4,-12,-7,-18,-6,-23,-32,6,-23,30,3,42,31,32,45,5,34,-22,11,-33]"
CSI_DATA,57585,d8:b1:90:d9:de:f0,-46,11,-99,-35,48,116,847168812,100,0,114,0,"[-35,-33,-37,-39,-37,-45,-35,-49,-31,-51,-29,-51,-27,-51,-23,-47,-23,-43,-23,-43,-21,-41,-21,-41,-19,-39,-21,-41,-23,-43,-25,-45,-25,-47,-25,-47,-27,-51,-27,-51,-27,-49,-27,-51,-29,-53,-27,-55,-25,-51,-25,-49,-25,-51,-25,-51,0,0,-23,-53,-23,-53,-21,-55,-23,-55,-23,-53,-23,-57,-25,-57,-25,-57,-23,-57,-25,-55,-23,-53,-23,-53,-23,-51,-21,-49,-21,-47,-23,-47,-21,-47,-23,-45,-25,-49,-27,-51,-29,-55,-29,-59,-29,-61,-27,-63,-25,-67,-21,-67,-15,-65,-9,-59]"
CSI_DATA,57586,d8:b1:90:d9:de:f0,-46,11,-99,-34,47,116,847188979,100,0,114,0,"[50,21,54,26,56,28,58,32,58,34,56,34,54,32,52,32,47,28,47,28,45,23,47,23,47,21,47,21,52,21,54,21,58,21,58,21,63,21,63,17,67,19,65,17,65,17,67,15,63,15,63,13,63,13,60,8,0,0,63,8,63,6,67,6,65,4,69,4,67,2,69,0,69,-2,67,-4,65,-6,65,-8,60,-8,58,-10,58,-13,54,-13,54,-15,50,-17,52,-19,52,-21,56,-23,58,-28,63,-30,65,-32,69,-32,69,-32,71,-30,69,-26,65,-21]"
CSI_DATA,57587,d8:b1:90:d9:de:f0,-46,11,-99,-33,47,116,847208776,100,0,114,0,"[-42,-38,-42,-42,-42,-46,-40,-50,-40,-54,-35,-52,-33,-54,-29,-50,-29,-48,-27,-48,-27,-46,-27,-48,-25,-44,-27,-44,-29,-46,-31,-48,-29,-48,-33,-52,-33,-52,-33,-54,-33,-52,-35,-54,-33,-57,-35,-54,-33,-57,-33,-52,-33,-52,-31,-50,0,0,-29,-50,-33,-50,-31,-50,-33,-52,-35,-50,-35,-52,-38,-52,-38,-54,-35,-52,-40,-52,-38,-48,-38,-46,-35,-44,-35,-42,-35,-42,-35,-38,-35,-38,-38,-35,-40,-40,-42,-42,-44,-42,-46,-46,-48,-48,-48,-50,-50,-54,-42,-54,-42,-54,-33,-50]"
CSI_DATA,57588,d8:b1:90:d9:de:f0,-46,11,-99,-34,47,116,847228676,100,0,114,0,"[-10,56,-15,60,-21,65,-26,63,-30,65,-34,58,-34,56,-36,52,-34,50,-36,45,-34,45,-36,43,-36,43,-36,43,-39,43,-39,47,-39,43,-41,45,-43,45,-45,47,-47,47,-50,45,-50,45,-50,45,-50,41,-50,39,-47,39,-50,36,0,0,-47,34,-50,34,-50,32,-52,34,-52,34,-56,32,-56,32,-56,32,-54,30,-56,32,-54,30,-50,28,-47,28,-45,26,-45,26,-45,26,-45,26,-45,26,-47,28,-50,26,-52,28,-54,28,-58,28,-65,26,-67,23,-67,19,-67,13,-63,8]"
CSI_DATA,57589,d8:b1:90:d9:de:f0,-46,11,-99,-33,47,116,847238674,100,0,114,0,"[54,23,59,27,63,29,61,35,63,38,61,35,57,35,57,35,52,31,50,29,50,27,50,25,48,23,50,23,52,21,54,21,57,19,59,21,61,21,63,16,63,14,65,16,63,14,65,10,63,10,61,8,61,6,59,4,0,0,61,2,61,2,61,0,63,-2,63,-4,65,-4,65,-6,65,-6,63,-8,61,-12,59,-14,54,-16,52,-16,50,-16,48,-19,46,-21,46,-23,44,-25,44,-27,46,-29,48,-33,50,-35,52,-38,52,-38,54,-38,54,-35,54,-31,50,-29]"
CSI_DATA,57590,d8:b1:90:d9:de:f0,-46,11,-99,-32,47,116,847248819,100,0,114,0,"[-12,55,-16,61,-22,63,-26,65,-26,65,-28,65,-28,59,-28,57,-24,53,-26,51,-24,51,-24,49,-22,47,-22,49,-20,51,-20,53,-20,55,-20,55,-20,61,-18,59,-20,59,-18,61,-20,61,-16,61,-18,57,-16,57,-16,59,-16,57,0,0,-14,57,-12,57,-12,59,-10,59,-12,61,-10,63,-10,61,-10,61,-8,61,-6,59,-4,59,-4,57,-2,55,-2,53,2,49,2,51,4,47,6,49,6,51,6,53,8,57,8,61,8,63,8,63,6,65,4,65,2,61,0,57]"
CSI_DATA,57591,d8:b1:90:d9:de:f0,-49,9,-99,-37,51,116,847265066,108,0,106,0,"[44,22,122,22,130,22,83,22,-139,22,49,22,-19,22,34,22,86,0,23,22,152,0,31,22,-181,0,29,22,187,0,55,22,95,0,161,22,-38,22,-61,22,-182,22,134,0,112,22,-68,0,67,22,43,1,0,0,0,0,149,22,119,1,-155,22,25,1,-61,22,-145,0,23,0,-11,22,77,0,118,22,95,0,-55,20,73,0,-134,20,49,0,-128,20,28,0,-67,20,-1,22,29,22,-14,22,-185,22,-5,22,40,0,73,0]"
CSI_DATA,57592,d8:b1:90:d9:de:f0,-46,11,-99,-34,47,116,847278649,100,0,114,0,"[-56,-15,-58,-21,-60,-30,-60,-32,-60,-36,-56,-36,-54,-41,-47,-41,-45,-34,-43,-36,-41,-36,-39,-39,-39,-39,-36,-41,-39,-41,-39,-43,-39,-43,-43,-47,-43,-47,-45,-50,-41,-52,-45,-52,-43,-52,-43,-52,-39,-54,-36,-54,-34,-56,-32,-52,0,0,-30,-52,-30,-56,-32,-54,-32,-58,-28,-58,-30,-60,-30,-60,-28,-60,-28,-60,-23,-60,-23,-58,-19,-56,-21,-54,-19,-50,-19,-52,-21,-50,-21,-50,-19,-50,-21,-52,-21,-54,-21,-56,-21,-60,-19,-65,-15,-69,-10,-71,-8,-69,-4,-69,2,-63]"
CSI_DATA,57593,d8:b1:90:d9:de:f0,-46,11,-99,-34,47,116,847288828,100,0,114,0,"[52,-4,60,-2,65,0,67,4,65,6,67,6,63,6,60,6,56,4,54,6,54,4,52,2,54,0,52,-2,56,-2,56,-4,58,-6,60,-4,63,-8,63,-10,65,-10,65,-13,65,-13,65,-15,60,-15,60,-15,58,-17,60,-19,0,0,60,-21,58,-19,60,-21,60,-23,63,-26,63,-26,63,-28,60,-28,58,-30,56,-30,54,-32,54,-32,50,-32,47,-32,45,-32,43,-32,39,-34,39,-36,39,-36,41,-41,43,-45,45,-47,45,-50,50,-54,50,-52,52,-52,52,-45,50,-41]"
CSI_DATA,57594,d8:b1:90:d9:de:f0,-46,11,-99,-34,47,116,847299177,100,0,114,0,"[28,47,28,52,26,56,26,58,23,63,21,60,19,60,15,56,15,52,13,54,15,50,15,52,15,50,15,52,15,54,17,54,19,56,19,58,21,60,21,60,21,63,23,63,21,63,23,63,21,63,21,60,19,60,21,58,0,0,21,58,21,58,19,58,21,63,21,63,21,65,23,65,21,65,23,63,21,63,21,60,21,58,21,54,21,52,23,50,21,47,23,47,23,47,26,47,26,52,28,56,30,58,30,65,28,65,26,67,23,67,19,67,15,63]"
CSI_DATA,57595,d8:b1:90:d9:de:f0,-53,11,-99,-40,55,116,847318723,100,0,228,0,"[-10,18,-9,19,-7,19,-4,19,0,18,4,16,8,15,99,-7,13,11,16,8,18,7,20,4,21,3,22,2,22,0,21,-1,20,-1,17,0,13,0,8,1,1,2,59,6,-12,4,-18,4,-23,5,-27,5,-30,5,-32,4,0,0,-32,4,-31,2,-28,1,-25,0,-19,-1,-13,-3,100,15,3,-4,10,-4,17,-4,22,-4,27,-4,29,-4,31,-3,31,-3,30,-3,28,-3,27,-3,24,-2,21,-1,-7,0,11,-1,5,-1,-2,-1,-9,-1,-14,-3,-18,-4,-19,-6,1,5,7,7,15,1,15,-13,3,-24,-16,-20,-27,-3,-11,30,-2,27,18,19,24,0,15,-16,-2,-20,-14,-9,-12,5,-1,10,7,2,4,-9,-10,-11,-20,3,-14,22,2,31,28,16,31,-9,15,-27,-9,-29,-22,-13,-21,5,0,0,1,12,4,5,0,3,-1,9,7,13,20,8,19,-13,14,-27,-9,-31,-28,-16,-30,8,-15,24,4,23,15,12,14,-1,8,-6,3,-3,6,-3,8,-8,3,-17,4,-21,-29,-9,-32,15,-16,38,13,41,37,22,39,-7,22,-26]"
CSI_DATA,57596,d8:b1:90:d9:de:f0,-53,11,-99,-41,55,116,847328864,100,0,228,0,"[-15,13,-15,14,-13,15,-10,16,-7,16,-3,16,1,16,102,-7,8,15,10,14,12,13,15,13,18,12,19,12,20,11,19,10,18,9,15,8,11,6,6,4,0,2,61,6,-11,-4,-16,-8,-21,-10,-23,-13,-26,-15,-26,-18,0,0,-26,-20,-24,-20,-21,-19,-18,-16,-12,-13,-6,-10,-83,15,5,-1,10,5,14,10,18,14,21,19,22,21,22,23,22,23,22,22,20,21,18,21,15,19,13,16,-111,0,7,9,4,4,0,-2,-2,-7,-4,-13,-3,-16,-3,-20,-1,5,4,9,14,6,20,-6,11,-21,-6,-26,-24,-14,-23,23,-13,24,6,25,21,11,21,-7,7,-19,-7,-14,-12,-2,-5,7,5,5,8,-6,-3,-14,-19,-9,-24,9,-15,27,13,29,30,11,30,-12,11,-28,-9,-25,-20,-10,0,0,-7,10,0,6,-2,2,-6,5,-4,13,7,20,22,6,28,-8,16,-27,-6,-31,-25,-19,-27,3,-15,18,0,19,8,10,8,3,5,1,5,3,11,2,15,-7,21,-8,-8,-29,-30,-20,-41,4,-29,31,-1,43,25,32,34,7]"
CSI_DATA,57597,d8:b1:90:d9:de:f0,-53,11,-99,-37,54,116,847339099,100,0,228,0,"[19,-7,19,-8,18,-10,15,-11,12,-12,9,-14,5,-15,102,-7,0,-18,-3,-18,-5,-19,-7,-19,-9,-20,-10,-21,-11,-20,-11,-20,-10,-19,-8,-15,-6,-12,-3,-7,0,-2,61,6,5,11,6,16,8,22,8,25,8,29,7,31,0,0,4,32,2,31,0,28,-1,24,-2,19,-3,11,-48,15,-3,-3,-3,-11,-1,-19,1,-24,3,-28,5,-30,6,-31,7,-30,8,-30,8,-28,9,-26,9,-24,8,-20,119,0,5,-10,3,-6,-1,0,-5,5,-9,8,-14,10,-16,10,3,-4,0,-10,-10,-11,-21,-2,-19,14,-5,27,15,23,31,-10,24,-14,5,-26,-12,-21,-22,-4,-16,12,-2,16,9,9,8,-3,-2,-8,-10,1,-6,14,10,19,26,6,28,-11,8,-32,-16,-29,-31,-10,-27,13,-9,25,8,22,0,0,12,-3,4,-5,1,-1,6,2,12,-4,10,-18,-8,-20,-24,-18,-31,3,-21,23,0,30,18,20,24,3,15,-10,4,-12,-2,-8,-2,-4,0,-6,-4,-10,-14,-10,-15,-15,-23,20,-5,36,22,36,41,13,41,-15,20,-34,-6,-34]"
CSI_DATA,57598,d8:b1:90:d9:de:f0,-53,11,-99,-39,54,116,847358761,100,0,228,0,"[4,-20,2,-20,0,-19,-3,-16,-6,-15,-10,-11,-14,-8,108,-7,-17,-2,-19,1,-21,3,-22,5,-22,8,-23,10,-22,11,-22,12,-20,12,-16,10,-13,7,-7,4,-2,1,65,6,8,-7,14,-11,19,-15,22,-16,25,-19,26,-20,0,0,28,-19,26,-17,24,-14,22,-12,17,-8,12,-4,-133,0,0,5,-6,10,-13,14,-17,17,-22,20,-24,22,-25,22,-25,22,-24,22,-24,21,-22,20,-20,17,-17,15,74,16,-11,8,-5,4,0,0,6,-4,12,-6,16,-8,20,-8,-2,-5,-10,-5,-15,4,-11,17,5,25,23,15,29,-6,-1,-30,-7,-28,-24,-12,-23,7,-8,21,8,17,15,4,8,-7,-2,-7,-6,3,3,11,16,4,19,-14,2,-29,-19,-28,-35,-1,-25,26,-1,35,23,23,30,0,17,-17,0,0,-8,-11,-7,-2,-2,-1,-3,-5,-12,-7,-20,4,-10,21,3,30,25,21,33,-2,21,-23,-1,-29,-17,-17,-20,-1,-11,8,-2,10,0,5,-2,5,-1,11,8,15,7,21,30,-11,17,-33,-11,-41,-38,-25,-44,5,-28,31,0,37]"
CSI_DATA,57599,d8:b1:90:d9:de:f0,-52,11,-99,-39,54,116,847369122,100,0,228,0,"[-14,-13,-15,-12,-15,-8,-16,-5,-16,-2,-15,3,-14,6,108,-7,-13,13,-12,16,-11,19,-10,21,-8,23,-7,24,-7,24,-6,23,-6,22,-5,19,-4,15,-3,8,-2,3,65,6,2,-11,4,-17,6,-22,8,-26,10,-30,11,-30,0,0,13,-31,14,-29,14,-25,12,-21,11,-15,8,-8,120,0,1,5,-2,12,-6,17,-11,23,-14,26,-16,29,-17,29,-17,30,-19,29,-17,26,-17,24,-15,23,-14,19,90,16,-8,10,-4,5,0,-1,5,-4,11,-8,16,-10,20,-10,-5,-1,-8,5,-4,15,8,19,23,8,25,-11,11,-26,-25,-16,-26,-10,-24,11,-8,23,10,20,19,4,13,-8,0,-12,-7,-2,-1,6,11,6,15,-8,4,-24,-17,-24,-33,-8,-28,23,-4,37,21,29,33,5,24,-16,5,-24,0,0,-13,-5,-7,2,-3,0,-5,-4,-13,0,-16,12,0,24,16,25,32,8,30,-15,12,-31,-11,-26,-22,-11,-19,5,-8,12,0,10,1,5,-1,5,1,11,11,14,12,20,28,-15,13,-37,-15,-40,-40,-22,-43,10,-26,34,1,37]"
CSI_DATA,57600,d8:b1:90:d9:de:f0,-52,11,-99,-41,54,116,847389073,100,0,228,0,"[-17,9,-16,10,-15,11,-11,13,-8,15,-3,16,0,17,115,-8,5,20,8,20,10,21,13,20,15,21,15,22,16,21,15,21,14,20,11,17,9,14,5,9,1,3,68,7,-5,-9,-8,-16,-10,-22,-11,-26,-11,-29,-11,-32,0,0,-7,-33,-5,-32,-3,-29,-1,-24,0,-19,2,-10,29,0,3,5,2,14,1,21,0,27,-2,33,-3,35,-5,35,-7,36,-8,35,-9,33,-9,30,-10,27,-9,23,-111,17,-7,13,-3,5,0,0,5,-5,11,-10,15,-13,19,-11,-3,4,1,10,13,10,22,0,19,-17,2,-28,-17,-23,-27,15,-22,19,-3,27,15,19,22,2,14,-13,0,-15,-9,-7,-5,4,4,7,11,-4,4,-19,-15,-20,-30,-3,-30,19,-4,38,23,30,36,7,29,-19,7,-30,-11,-23,0,0,-14,4,-4,7,-2,1,-8,0,-13,7,-8,20,11,23,28,16,34,-7,21,-29,-3,-34,-23,-20,-26,0,-15,14,-2,14,4,8,2,3,-1,5,2,11,15,11,19,19,26,-21,7,-40,-23,-39,-45,-15,-45,16,-22,38,5,38]"
CSI_DATA,57601,d8:b1:90:d9:de:f0,-52,11,-99,-40,54,116,847401311,100,0,228,0,"[-12,-15,-13,-13,-16,-10,-16,-5,-17,-2,-17,3,-16,6,112,-8,-13,16,-11,18,-10,20,-8,23,-6,25,-5,26,-4,26,-3,25,-2,24,-1,20,-1,16,-1,10,-1,3,66,6,-2,-11,-2,-18,-3,-24,-3,-28,-3,-31,-3,-33,0,0,-3,-34,-2,-32,-1,-30,0,-24,1,-18,2,-11,30,0,4,5,5,12,6,21,8,27,8,31,9,34,8,35,9,35,9,35,8,33,8,31,8,28,6,24,58,0,3,13,2,6,0,0,-1,-8,-1,-15,0,-20,1,-23,-4,-1,-9,4,-6,15,8,19,23,11,26,-9,12,-26,-26,-16,-27,-10,-24,11,-6,24,12,19,18,2,11,-10,-2,-11,-8,-1,0,8,11,2,13,-12,-2,-25,-25,-18,-35,3,-19,32,9,38,32,19,34,-9,16,-26,-5,-26,0,0,-16,2,-5,5,-2,1,-8,0,-12,8,-6,20,15,21,31,11,32,-12,13,-32,-12,-32,-27,-12,-24,8,-9,19,3,13,6,5,3,2,2,5,9,8,19,1,26,2,5,-34,-23,-33,-45,-10,-42,24,-16,45,17,41,34,17]"
CSI_DATA,57602,d8:b1:90:d9:de:f0,-52,11,-99,-38,54,116,847418631,100,0,228,0,"[19,0,18,-1,18,-3,16,-7,13,-10,9,-14,6,-15,105,-7,0,-19,-2,-20,-5,-20,-6,-21,-8,-22,-9,-22,-10,-21,-10,-20,-10,-19,-9,-16,-7,-14,-4,-8,0,-4,63,6,6,8,10,13,13,18,14,21,16,23,16,26,0,0,15,27,14,26,11,25,8,21,5,17,1,10,21,0,-6,-2,-10,-9,-11,-16,-15,-21,-16,-27,-16,-29,-17,-30,-16,-31,-16,-30,-15,-29,-13,-28,-13,-25,-9,-21,136,16,-5,-13,-2,-6,-1,-1,0,6,1,13,1,17,0,20,4,-2,2,-8,-6,-13,-18,-6,-21,8,-10,23,9,26,30,-6,25,-10,9,-23,-10,-20,-20,-6,-16,9,-2,15,8,7,7,-3,-3,-6,-9,3,-4,16,13,17,28,1,27,-19,0,-34,-23,-25,-33,0,-23,22,-1,28,16,18,0,0,10,-8,2,-7,1,-3,6,-2,8,-10,-1,-20,-20,-14,-30,-1,-23,20,-3,32,18,25,28,5,20,-11,5,-17,-5,-13,-7,-5,-4,-2,-4,-5,-11,-5,-18,3,-23,3,1,32,26,28,43,5,37,-26,10,-44,-19,-38,-33,-15]"
CSI_DATA,57603,d8:b1:90:d9:de:f0,-53,11,-99,-38,54,116,847428982,100,0,228,0,"[-8,17,-7,17,-6,17,-2,17,2,16,5,15,8,13,105,-7,15,10,16,9,19,8,21,8,22,6,23,6,25,5,23,5,21,4,19,4,15,3,9,3,3,2,63,6,-10,-1,-16,-2,-20,-5,-25,-7,-27,-9,-28,-11,0,0,-28,-14,-26,-15,-23,-15,-19,-14,-13,-13,-7,-9,-81,16,7,-1,14,3,19,8,22,13,26,17,27,19,27,21,27,22,26,22,22,22,21,22,19,20,16,19,-98,0,8,11,4,5,0,0,-2,-6,-4,-13,-3,-17,-2,-19,0,4,6,6,15,1,16,-10,4,-22,-14,-21,-27,-6,-11,27,-5,26,13,21,22,5,18,-11,2,-18,-9,-10,-11,1,-3,7,5,2,4,-8,-8,-13,-21,-3,-20,17,-5,32,22,26,34,2,27,-21,5,-32,-16,-23,-23,-5,0,0,-5,13,2,7,0,2,-4,5,-2,14,10,16,25,1,27,-11,13,-29,-9,-31,-28,-15,-29,6,-15,19,1,20,9,10,8,3,6,1,6,3,11,1,16,-8,21,-7,-9,-30,-31,-21,-43,5,-31,32,-3,44,25,34,35,9]"
CSI_DATA,57604,d8:b1:90:d9:de:f0,-53,11,-99,-38,54,116,847439255,100,0,228,0,"[5,18,7,17,9,16,11,13,14,8,16,4,16,1,105,-7,17,-6,17,-9,16,-13,16,-16,15,-18,14,-19,13,-20,11,-21,10,-19,8,-17,7,-14,4,-9,2,-3,63,6,-2,9,-3,16,-5,20,-7,25,-7,28,-8,29,0,0,-9,30,-10,29,-10,26,-9,22,-9,16,-7,10,-115,16,-5,-5,-3,-13,-2,-20,-1,-26,1,-30,2,-32,2,-33,3,-34,3,-33,2,-32,3,-30,2,-28,2,-25,55,0,2,-14,1,-6,0,1,-2,6,-3,13,-5,15,-7,17,2,2,8,0,10,-9,1,-19,-15,-17,-26,-2,-20,18,17,23,19,18,26,-1,15,-18,-3,-21,-16,-9,-14,5,-3,11,6,5,4,-5,-7,-6,-14,5,-6,20,14,22,31,8,27,-20,4,-34,-21,-27,-32,-4,-22,17,-4,25,0,0,14,3,7,-3,3,-1,5,2,13,-2,13,-15,-8,-22,-21,-20,-31,0,-23,22,-1,31,19,21,25,3,16,-10,3,-15,-3,-9,-2,-5,-2,-7,-8,-9,-18,-4,-20,-8,-13,29,11,35,38,20,44,-8,27,-35,-3,-42,-26,-26]"
CSI_DATA,57605,d8:b1:90:d9:de:f0,-52,11,-99,-38,54,116,847458819,100,0,228,0,"[-4,18,-2,18,0,18,4,16,8,16,10,13,14,10,105,-7,18,5,20,3,21,1,23,-1,25,-3,23,-5,23,-5,22,-6,21,-6,19,-5,15,-4,10,-2,4,0,63,6,-7,6,-13,7,-18,9,-22,11,-26,11,-28,11,0,0,-29,10,-29,9,-27,7,-23,5,-18,2,-13,-1,115,16,2,-7,7,-9,16,-13,21,-15,25,-15,28,-15,30,-14,31,-15,31,-14,30,-11,28,-11,26,-9,22,-7,-18,0,13,-3,7,-2,1,0,-5,2,-10,2,-17,1,-18,0,2,3,8,4,14,-3,10,-15,-3,-22,-20,-15,-27,3,1,30,5,26,21,13,22,-5,9,-19,-6,-17,-15,-5,-9,7,1,8,7,-1,0,-9,-13,-7,-19,9,-6,26,15,29,32,5,29,-19,6,-33,-17,-27,-28,-5,-21,14,0,0,6,13,8,4,2,2,2,5,8,7,19,1,13,-19,5,-28,-16,-26,-31,-6,-27,15,-8,27,9,21,18,8,15,-2,8,-5,4,-5,5,-6,4,-11,-5,-19,-3,-21,-32,1,-28,28,-3,43,27,35,43,9,38,-18,14,-33]"
CSI_DATA,57606,d8:b1:90:d9:de:f0,-53,11,-99,-38,54,116,847468823,100,0,228,0,"[-1,18,1,19,4,18,7,16,9,15,11,13,15,9,105,-7,19,4,21,1,21,0,22,-2,23,-3,23,-5,23,-5,22,-5,21,-5,19,-4,16,-2,10,-1,4,1,63,6,-8,6,-14,6,-19,8,-23,8,-26,8,-29,8,0,0,-30,7,-30,3,-28,2,-23,0,-18,-2,-13,-4,126,16,2,-7,10,-7,18,-8,25,-8,28,-7,31,-6,33,-5,33,-3,33,-2,31,-2,30,-1,27,-1,23,0,15,1,13,2,6,2,0,1,-6,-1,-11,-3,-16,-5,-17,-7,2,2,7,2,13,-5,8,-17,-6,-21,-21,-13,-26,5,5,29,6,25,21,11,22,-7,8,-19,-7,-17,-15,-4,-9,7,2,8,7,-1,0,-10,-14,-7,-20,8,-7,26,13,30,32,9,30,-16,10,-32,-13,-28,-27,-9,-22,9,0,0,3,15,6,5,2,2,1,6,7,9,18,4,16,-16,10,-27,-10,-29,-28,-15,-29,7,-15,23,3,25,14,13,14,2,9,-3,6,-3,7,-4,8,-10,1,-19,5,-19,-31,-9,-34,14,-18,38,10,44,35,27,41,-2,26,-23]"
CSI_DATA,57607,d8:b1:90:d9:de:f0,-52,11,-99,-40,54,116,847488811,100,0,228,0,"[-11,16,-9,17,-4,17,-1,18,3,17,8,17,11,15,112,-8,18,11,20,9,23,6,24,4,25,2,26,0,26,-1,25,-2,23,-3,19,-2,16,-1,10,0,3,2,66,6,-9,9,-15,10,-19,12,-24,13,-27,15,-28,16,0,0,-30,16,-27,13,-26,11,-21,10,-18,6,-12,2,136,17,1,-6,8,-12,13,-17,18,-19,21,-23,24,-24,25,-24,25,-24,25,-24,24,-23,21,-21,20,-19,17,-17,-64,0,11,-8,5,-3,1,2,-4,6,-10,11,-13,11,-17,12,1,4,6,6,15,2,16,-11,4,-24,-15,-21,-27,-3,-6,30,-2,27,18,18,24,0,13,-16,-3,-18,-13,-6,-10,5,2,9,8,-1,1,-12,-15,-9,-21,9,-10,27,12,33,35,9,31,-19,6,-34,-18,-28,-28,-5,-20,13,0,0,5,12,6,4,3,2,3,6,12,8,20,-3,10,-23,-3,-31,-25,-21,-34,2,-21,24,0,30,18,18,20,2,12,-9,3,-9,2,-5,2,-6,-1,-13,-11,-15,-11,-18,-30,16,-12,38,18,41,42,19,45,-13,21,-36,-6,-36]"
CSI_DATA,57608,d8:b1:90:d9:de:f0,-53,11,-99,-38,54,116,847500037,100,0,228,0,"[16,-5,17,-7,16,-9,14,-11,11,-14,8,-17,6,-17,105,-7,1,-20,-1,-21,-3,-21,-5,-22,-6,-22,-7,-22,-7,-22,-7,-21,-7,-19,-5,-17,-3,-14,-1,-8,3,-3,63,6,8,8,10,14,11,19,11,23,13,26,11,28,0,0,8,29,7,28,4,26,3,22,0,16,-2,10,-3,16,-5,-4,-7,-10,-6,-19,-6,-25,-6,-29,-4,-31,-3,-33,-2,-33,-2,-32,-1,-30,1,-29,2,-26,2,-22,-21,16,3,-11,3,-6,2,1,0,7,-3,11,-6,16,-9,17,2,-4,-1,-8,-9,-9,-18,-2,-18,13,-5,25,13,22,28,-13,21,-13,5,-23,-11,-18,-20,-4,-14,10,0,14,9,6,8,-5,-3,-8,-11,1,-6,15,10,20,26,6,31,-14,6,-32,-17,-28,-31,-7,-27,15,-7,26,9,20,0,0,11,-3,4,-5,3,-2,7,-1,10,-8,4,-18,-15,-17,-27,-8,-28,11,-14,28,8,29,22,15,22,-3,11,-14,1,-13,-3,-7,-3,-5,-3,-7,-8,-8,-19,-4,-19,-7,-13,29,10,37,35,23,44,-4,30,-31,4,-41,-19,-29]"
CSI_DATA,57609,d8:b1:90:d9:de:f0,-53,11,-99,-38,54,116,847518827,100,0,228,0,"[-15,-8,-17,-7,-18,-5,-19,-3,-19,0,-18,4,-19,7,105,-7,-16,11,-16,15,-15,17,-13,18,-11,19,-11,20,-10,20,-10,20,-9,18,-8,15,-7,11,-5,5,-4,0,63,6,1,-11,3,-17,6,-22,8,-25,10,-28,11,-29,0,0,14,-28,15,-26,15,-22,13,-18,11,-13,8,-6,97,0,1,6,-4,14,-7,17,-11,22,-16,26,-18,27,-20,28,-20,27,-20,26,-20,23,-19,21,-18,19,-17,16,110,16,-10,7,-6,3,-1,-1,5,-4,10,-6,16,-8,18,-7,-5,1,-7,6,-2,15,9,17,22,6,22,-11,8,-25,-29,-14,-25,-8,-21,11,-6,22,10,18,18,3,11,-9,-1,-11,-8,-2,-4,8,8,8,16,-5,7,-20,-13,-23,-30,-14,-28,16,-7,33,16,28,29,7,22,-11,7,-21,0,0,-10,-5,-6,0,-2,-1,-5,-4,-14,-2,-17,9,-2,23,11,26,29,10,29,-9,14,-26,-6,-26,-18,-13,-18,1,-9,9,-2,8,-1,6,-3,7,0,13,10,15,10,19,29,-14,16,-34,-11,-41,-38,-25,-45,5,-28,29,-3,35]"
CSI_DATA,57610,d8:b1:90:d9:de:f0,-53,11,-99,-38,54,116,847538785,100,0,228,0,"[16,-8,15,-11,13,-14,9,-16,6,-18,2,-19,-2,-19,105,-7,-8,-19,-11,-18,-14,-17,-16,-16,-19,-15,-20,-13,-20,-11,-20,-10,-19,-8,-16,-7,-13,-6,-7,-4,-1,-2,63,6,11,0,17,1,22,2,26,3,29,3,31,3,0,0,31,4,30,4,27,4,22,4,17,4,10,4,133,0,-4,4,-11,4,-19,4,-23,4,-28,4,-31,3,-32,3,-32,4,-32,4,-30,3,-29,3,-26,3,-22,2,-2,15,-13,0,-6,0,1,-2,7,-3,13,-2,17,-1,19,0,2,-4,-2,-9,-11,-8,-19,2,-15,18,2,25,21,16,21,-25,14,-21,-6,-23,-20,-9,-19,7,-4,18,8,11,11,-1,3,-9,-8,-4,-8,9,5,16,22,6,22,-16,9,-32,-21,-26,-33,-2,-23,21,0,31,19,19,22,0,0,0,1,-13,-4,-6,0,-2,1,-6,-3,-11,-16,-9,-20,10,-15,23,5,30,26,17,29,-5,16,-21,-2,-22,-14,-13,-13,-1,-8,4,-4,3,-6,4,-6,9,1,19,-2,20,31,4,31,-20,9,-41,-20,-39,-41,-15,-38,14,-17,31]"
CSI_DATA,57611,d8:b1:90:d9:de:f0,-52,11,-99,-40,54,116,847559994,100,0,228,0,"[-16,-10,-18,-9,-19,-5,-20,-1,-19,3,-19,8,-17,11,112,-8,-12,19,-11,21,-8,24,-5,25,-4,26,-1,27,0,27,1,26,1,23,2,19,1,15,0,9,-1,3,66,6,-5,-11,-8,-17,-9,-21,-11,-26,-12,-28,-12,-31,0,0,-13,-31,-12,-30,-11,-27,-9,-23,-5,-18,-1,-12,-20,17,5,1,11,8,15,13,18,18,20,23,21,25,23,26,23,25,21,25,20,24,19,21,18,20,16,17,-107,0,6,11,2,5,-2,1,-6,-3,-11,-10,-12,-13,-13,-17,-5,0,-9,6,-3,17,12,18,25,5,24,-15,4,-28,-32,-8,-28,-2,-19,18,1,25,17,15,19,-4,6,-16,-6,-10,-10,3,1,11,13,3,13,-15,-5,-25,-26,-13,-34,9,-12,34,17,33,34,11,30,-16,9,-28,-11,-21,0,0,-12,6,-3,6,-2,2,-6,2,-8,10,1,19,20,11,30,-1,23,-23,1,-33,-21,-23,-28,-2,-18,16,-2,18,6,12,8,4,5,3,6,3,13,-1,16,-11,18,-11,-16,-30,-38,-13,-41,17,-20,41,13,43,36,23,36,-5]"
CSI_DATA,57612,d8:b1:90:d9:de:f0,-53,11,-99,-40,55,116,847570274,100,0,228,0,"[6,-16,4,-17,2,-18,-2,-18,-6,-18,-9,-15,-12,-14,99,-7,-17,-10,-20,-8,-21,-6,-23,-5,-23,-3,-24,-1,-23,0,-22,0,-20,0,-18,0,-13,0,-7,-1,-1,-2,59,6,11,-5,16,-5,20,-7,23,-6,27,-6,29,-6,0,0,28,-4,28,-4,25,-2,22,0,17,0,11,2,-127,0,-4,5,-9,7,-17,8,-21,9,-25,9,-27,8,-28,7,-29,7,-28,7,-27,6,-25,5,-23,5,-20,3,18,15,-11,1,-5,0,1,-3,7,-3,12,-3,16,-2,18,0,-1,-5,-8,-6,-15,1,-13,13,0,23,17,18,26,1,3,-30,-1,-25,-17,-16,-22,2,-11,16,5,17,14,5,10,-8,-3,-10,-10,0,-4,13,12,13,22,-3,15,-22,-3,-32,-28,-14,-31,10,-14,29,9,28,23,13,21,-6,0,0,-2,-12,-4,-4,-1,-2,-1,-7,-6,-10,-17,-4,-16,14,-8,24,10,25,26,11,25,-10,11,-22,-6,-20,-14,-9,-11,0,-7,3,-4,3,-7,4,-7,10,1,18,1,19,30,3,28,-21,8,-38,-20,-37,-39,-13,-36,13,-16,28]"
CSI_DATA,57613,d8:b1:90:d9:de:f0,-53,11,-99,-38,54,116,847588814,100,0,228,0,"[8,-17,7,-18,3,-19,1,-19,-3,-19,-7,-18,-11,-17,105,-7,-18,-13,-20,-10,-21,-8,-22,-6,-23,-4,-25,-3,-23,-2,-22,-1,-20,0,-17,-1,-13,0,-7,-2,-1,-3,63,6,11,-5,18,-6,23,-8,27,-8,29,-10,30,-9,0,0,30,-8,29,-7,26,-6,22,-4,17,-2,10,0,-134,0,-2,6,-9,8,-15,10,-20,14,-23,15,-26,16,-27,16,-28,16,-27,16,-25,15,-23,14,-21,13,-18,10,35,16,-10,5,-5,1,1,-2,6,-4,11,-6,16,-7,18,-6,-2,-6,-8,-7,-17,0,-17,14,-3,26,17,21,28,3,7,-35,1,-28,-18,-18,-25,2,-13,17,4,19,15,6,10,-7,-2,-10,-10,0,-4,13,11,14,23,-2,15,-23,-3,-35,-30,-15,-31,10,-13,29,10,28,25,9,20,-7,0,0,-3,-11,-4,-4,-1,-3,-1,-7,-8,-10,-19,-2,-15,18,-4,27,16,25,29,5,23,-15,6,-25,-9,-18,-15,-5,-10,4,-5,6,-3,4,-6,6,-3,13,7,18,8,19,31,-7,20,-31,-6,-42,-34,-28,-44,1,-29,27,-4,34]"
CSI_DATA,57614,d8:b1:90:d9:de:f0,-53,11,-99,-38,54,116,847598857,100,0,228,0,"[18,7,19,6,19,3,19,0,19,-4,18,-8,17,-11,105,-7,13,-17,11,-18,8,-20,7,-21,5,-22,4,-23,4,-23,2,-21,2,-20,2,-16,2,-11,2,-6,2,0,63,6,3,14,3,20,3,23,3,28,3,31,2,32,0,0,1,32,0,30,0,28,-1,22,-3,18,-4,10,-52,16,-5,-4,-6,-10,-5,-18,-5,-22,-5,-28,-5,-30,-5,-31,-4,-31,-4,-31,-3,-28,-3,-27,-2,-23,-1,-20,-26,16,1,-10,0,-5,0,2,0,7,-1,14,-3,18,-5,19,6,-2,7,-9,-1,-17,-15,-16,-25,-2,-21,17,-3,28,34,8,28,2,19,-18,-1,-25,-16,-14,-19,4,-7,14,6,11,10,-1,1,-10,-13,-5,-15,10,0,22,21,18,34,3,19,-27,-5,-32,-26,-17,-29,5,-14,20,3,21,0,0,10,0,5,-3,3,0,7,1,13,-5,8,-18,-11,-19,-25,-13,-29,7,-15,26,6,28,20,15,21,-3,11,-13,1,-11,-3,-7,-2,-5,-2,-8,-10,-9,-19,-1,-21,-1,-7,31,17,33,40,15,41,-16,20,-39,-8,-40,-28,-21]"
CSI_DATA,57615,d8:b1:90:d9:de:f0,-53,11,-99,-38,54,116,847609025,100,0,228,0,"[-5,-19,-7,-18,-9,-17,-11,-15,-15,-13,-17,-9,-18,-5,105,-7,-20,-1,-21,1,-22,3,-21,5,-22,7,-21,7,-21,8,-19,8,-18,7,-15,6,-11,4,-6,1,0,-2,63,6,11,-7,16,-11,21,-11,26,-14,28,-14,30,-14,0,0,30,-10,29,-9,27,-6,23,-4,18,-2,11,1,-124,0,-2,6,-10,8,-16,8,-22,9,-27,9,-29,10,-30,9,-30,8,-29,7,-29,6,-27,6,-25,4,-20,3,17,16,-11,1,-4,0,1,0,8,1,14,2,18,4,19,6,-5,-4,-13,0,-13,11,-3,21,14,21,27,7,26,-15,-13,-32,-15,-25,-26,-6,-20,14,-3,22,13,15,16,-1,6,-11,-5,-8,-8,3,0,13,16,7,20,-9,7,-27,-10,-32,-32,-5,-27,18,-5,31,16,25,25,5,18,-10,0,0,-4,-9,-4,-3,0,-3,0,-8,-8,-11,-20,-3,-16,17,-8,27,14,27,29,10,27,-10,11,-22,-5,-20,-13,-9,-13,0,-7,4,-5,2,-7,4,-8,10,0,20,1,23,32,6,33,-19,15,-41,-15,-42,-39,-21,-41,6,-23,27]"
CSI_DATA,57616,d8:b1:90:d9:de:f0,-53,11,-99,-38,54,116,847628773,100,0,228,0,"[13,-15,11,-16,7,-17,4,-17,0,-17,-4,-17,-8,-15,105,-7,-15,-11,-17,-9,-20,-7,-21,-5,-22,-3,-23,-1,-22,0,-21,1,-19,2,-15,2,-11,1,-6,1,0,-1,63,6,13,-6,18,-8,22,-9,27,-10,29,-11,31,-11,0,0,30,-13,29,-11,27,-9,22,-7,18,-4,13,-1,-116,0,-1,6,-7,11,-13,15,-17,17,-20,20,-22,21,-22,22,-22,22,-22,22,-20,21,-18,20,-16,18,-14,16,77,16,-7,8,-2,3,2,-1,7,-6,10,-9,15,-10,17,-11,1,-6,-6,-9,-16,-4,-18,10,-6,25,14,23,28,6,11,-30,4,-27,-17,-20,-23,-1,-15,16,3,19,13,8,10,-5,-1,-9,-8,0,-3,11,14,10,22,-6,11,-25,-5,-31,-31,-9,-29,16,-8,31,15,26,26,6,18,-10,0,0,-5,-9,-4,-2,0,-2,-1,-7,-9,-9,-21,0,-11,20,-1,30,21,22,32,1,21,-20,2,-27,-15,-17,-17,-2,-11,6,-4,6,-3,5,-3,7,0,14,11,16,15,17,28,-16,11,-37,-18,-39,-42,-17,-42,15,-19,37,7,34]"
CSI_DATA,57617,d8:b1:90:d9:de:f0,-53,11,-99,-38,54,116,847639514,100,0,228,0,"[19,-1,20,-2,19,-4,17,-7,15,-10,11,-13,8,-15,105,-7,3,-18,1,-19,-1,-20,-4,-21,-5,-21,-6,-21,-7,-21,-8,-19,-7,-18,-6,-15,-5,-11,-1,-5,1,0,63,6,7,11,10,17,11,22,13,25,14,29,14,29,0,0,11,31,9,29,7,28,5,22,2,18,-1,11,-14,16,-6,-2,-9,-9,-10,-16,-11,-21,-13,-26,-13,-29,-13,-30,-11,-30,-11,-30,-9,-28,-9,-27,-7,-23,-6,-20,-78,16,-3,-11,-1,-5,0,1,0,7,0,14,-1,18,-2,19,6,-3,4,-11,-7,-16,-20,-8,-23,8,-11,26,9,27,33,-4,27,-9,10,-25,-9,-21,-20,-7,-16,9,-2,16,8,8,8,-4,-2,-8,-11,1,-7,16,10,19,27,6,30,-10,5,-32,-20,-27,-31,-5,-25,17,-5,26,11,18,0,0,9,-5,2,-5,1,0,8,0,11,-8,3,-19,-17,-16,-28,-6,-27,16,-8,30,13,27,25,10,21,-7,9,-16,-2,-13,-4,-7,-3,-5,-5,-7,-11,-6,-19,3,-22,3,-2,33,23,30,43,7,40,-22,14,-43,-15,-39,-31,-17]"
CSI_DATA,57618,d8:b1:90:d9:de:f0,-52,11,-99,-40,54,116,847649806,100,0,228,0,"[13,-16,13,-16,11,-17,8,-18,4,-18,0,-18,-3,-18,112,-8,-10,-16,-12,-16,-16,-16,-18,-15,-18,-15,-20,-13,-21,-13,-20,-12,-19,-11,-15,-10,-11,-6,-5,-4,0,0,66,6,11,9,17,11,20,17,24,19,25,23,25,24,0,0,23,27,20,26,17,25,13,21,9,18,3,12,31,0,-6,0,-12,-9,-13,-15,-17,-21,-18,-25,-19,-28,-17,-31,-16,-31,-15,-31,-12,-28,-11,-27,-9,-25,-8,-21,-63,17,-3,-11,0,-5,0,1,1,9,0,16,-2,19,-4,21,3,-8,-4,-12,-18,-8,-23,6,-13,24,6,30,26,16,23,-24,16,-25,-5,-27,-23,-12,-23,6,-8,18,6,15,12,2,4,-8,-6,-5,-10,8,3,18,20,12,28,-9,20,-26,-11,-34,-32,-17,-33,10,-15,28,6,27,20,13,0,0,8,-9,0,-5,1,0,8,-2,9,-12,-2,-21,-21,-12,-32,0,-25,23,-3,34,20,26,28,5,21,-12,6,-19,-4,-13,-6,-5,-4,-4,-5,-5,-11,-5,-19,2,-24,3,-2,34,24,32,45,9,42,-21,18,-45,-12,-41,-31,-20]"
CSI_DATA,57619,d8:b1:90:d9:de:f0,-53,11,-99,-38,54,116,847660051,100,0,228,0,"[20,3,21,1,20,0,19,-3,18,-5,17,-7,15,-11,105,-7,11,-16,9,-17,8,-19,6,-20,6,-21,5,-21,5,-21,4,-21,3,-19,4,-16,3,-11,2,-6,0,0,63,6,-4,11,-7,17,-10,21,-13,25,-16,27,-18,27,0,0,-21,25,-21,22,-20,19,-19,15,-16,9,-11,4,118,16,0,-6,7,-9,14,-13,19,-14,25,-15,28,-16,29,-15,30,-13,29,-10,28,-9,27,-8,25,-6,21,-4,0,1,13,-1,6,0,0,0,-7,-2,-11,-4,-15,-6,-17,-9,7,-2,6,-10,-2,-18,-17,-15,-26,0,-20,19,-1,30,32,7,28,2,20,-17,1,-25,-15,-16,-20,0,-10,13,3,13,9,2,4,-7,-9,-7,-15,6,-5,21,15,22,28,13,28,-18,7,-32,-16,-29,-28,-9,-25,10,-8,20,0,0,10,6,6,-1,1,1,2,6,11,7,20,-3,10,-20,0,-29,-21,-22,-31,-3,-25,17,-6,27,10,20,17,7,13,-4,6,-6,4,-4,5,-4,6,-9,0,-18,2,-21,-31,-7,-33,17,-17,38,11,43,35,26,41,-2,27,-22]"
CSI_DATA,57620,d8:b1:90:d9:de:f0,-53,11,-99,-37,54,116,847678897,100,0,228,0,"[20,-2,21,-3,21,-6,20,-8,18,-10,15,-13,13,-14,102,-7,8,-19,6,-20,4,-21,3,-22,2,-23,1,-24,0,-23,0,-22,0,-21,0,-16,0,-12,0,-7,0,-1,61,6,-1,12,-2,19,-5,23,-6,27,-8,30,-10,31,0,0,-12,30,-13,28,-13,25,-12,20,-11,15,-8,9,-113,15,0,-4,5,-10,9,-14,14,-18,18,-20,21,-21,23,-21,24,-20,24,-19,23,-16,23,-15,21,-12,19,-10,-37,0,11,-5,5,-2,-1,0,-6,1,-12,1,-16,0,-19,-2,7,-3,6,-11,-5,-18,-20,-12,-25,5,-15,24,5,29,34,1,28,-4,15,-22,-4,-24,-19,-12,-19,5,-7,15,6,12,11,0,2,-10,-10,-6,-14,9,-2,22,19,20,30,6,23,-24,0,-34,-22,-24,-30,-2,-21,16,-3,23,0,0,12,3,5,-2,1,1,4,5,13,3,18,-8,4,-20,-10,-27,-28,-14,-30,7,-16,25,3,27,18,14,20,0,11,-9,3,-8,1,-5,2,-4,3,-9,-5,-14,-3,-20,-29,3,-24,25,-3,39,24,33,41,11,36,-15,16,-30]"
CSI_DATA,57621,d8:b1:90:d9:de:f0,-52,11,-99,-39,54,116,847698948,100,0,228,0,"[2,-22,1,-23,-1,-23,-3,-23,-5,-22,-7,-21,-11,-20,108,-7,-14,-16,-16,-16,-17,-15,-20,-13,-21,-13,-21,-13,-21,-12,-21,-12,-19,-12,-15,-10,-11,-7,-6,-4,-1,0,65,6,8,10,12,15,14,21,16,24,16,29,15,31,0,0,10,33,7,32,5,30,3,25,1,20,-1,13,21,0,-1,-2,1,-10,3,-16,5,-22,8,-26,11,-29,13,-29,15,-28,16,-28,16,-24,16,-22,16,-19,15,-15,-135,0,10,-7,4,-3,-1,0,-7,2,-14,3,-19,2,-21,0,0,-8,-10,-10,-20,0,-19,16,-4,28,17,25,31,6,14,-35,7,-29,-14,-25,-25,-6,-21,12,-4,21,11,15,15,0,5,-11,-8,-8,-13,5,-2,20,16,17,30,-1,26,-20,-1,-35,-25,-25,-34,-1,-24,21,-3,29,13,20,0,0,12,-5,3,-5,1,0,7,2,14,-5,11,-19,-6,-21,-25,-20,-33,2,-24,24,-2,33,17,24,24,5,19,-8,6,-14,-2,-10,-3,-4,1,-4,0,-8,-7,-12,-7,-19,-28,8,-19,29,4,39,30,30,42,5,33,-20,12,-32]"
CSI_DATA,57622,d8:b1:90:d9:de:f0,-52,11,-99,-39,54,116,847718721,100,0,228,0,"[-4,23,-2,24,0,24,4,23,8,23,12,22,13,19,108,-7,19,14,20,13,22,11,23,8,24,7,25,5,24,4,23,3,21,3,17,2,14,1,7,0,1,0,65,6,-14,-2,-21,-3,-24,-6,-30,-7,-32,-8,-34,-11,0,0,-33,-12,-32,-12,-29,-12,-24,-12,-19,-10,-12,-6,134,16,2,1,8,5,14,8,17,14,22,16,23,19,23,20,24,21,23,21,21,20,19,19,17,17,14,15,-98,0,7,7,3,2,0,-3,-3,-8,-5,-14,-4,-17,-4,-21,0,10,10,11,20,1,19,-16,2,-29,-20,-24,-32,-3,-7,38,-2,31,21,21,26,-1,16,-19,-3,-22,-16,-8,-14,7,0,14,12,4,11,-11,-6,-17,-24,-6,-24,16,-11,32,22,26,35,3,26,-23,3,-32,-17,-23,-23,-3,0,0,-2,12,2,4,-1,1,-6,4,-3,15,12,19,22,4,29,-15,12,-32,-14,-33,-31,-14,-29,10,-13,23,4,20,13,10,10,-1,4,-2,3,0,7,2,13,-6,20,-7,-7,-25,-30,-17,-39,6,-26,31,1,41,25,31,33,6]"
CSI_DATA,57623,d8:b1:90:d9:de:f0,-52,11,-99,-36,53,116,847738763,100,0,228,0,"[-5,24,-5,25,-3,26,-2,26,0,26,2,26,3,25,112,-8,6,24,8,24,9,24,10,24,9,24,10,24,9,23,9,23,6,20,5,17,4,12,3,5,3,0,66,6,5,-15,9,-20,12,-24,17,-26,20,-27,24,-27,0,0,28,-24,28,-19,27,-16,25,-12,20,-8,13,-4,-118,0,-1,-2,-10,-2,-16,-4,-21,-8,-25,-11,-26,-15,-26,-17,-25,-19,-23,-20,-19,-20,-17,-20,-13,-19,-11,-17,-137,17,-6,-9,-4,-3,-4,3,-5,9,-8,15,-11,17,-15,17,-1,9,8,13,20,5,25,-11,13,-27,-9,-32,-28,-18,-27,30,-20,26,3,31,21,18,27,-1,16,-18,-2,-20,-15,-9,-13,6,0,15,15,8,17,-10,3,-25,-19,-23,-28,-10,-28,21,-5,35,18,30,31,10,26,-10,10,-21,0,0,-10,-5,-4,2,2,1,3,-8,-6,-15,-20,-9,-21,4,-18,27,3,35,25,25,34,2,25,-17,6,-26,-8,-19,-13,-6,-9,2,-2,3,-1,-1,-6,-4,-15,1,-24,0,-5,27,16,31,35,16,40,-9,26,-32,1,-39,-18,-28]"
CSI_DATA,57624,d8:b1:90:d9:de:f0,-52,11,-99,-40,54,116,847748790,100,0,228,0,"[19,-13,19,-15,18,-17,16,-18,15,-19,11,-20,8,-23,112,-8,3,-24,1,-24,0,-25,-1,-25,-3,-25,-3,-25,-3,-24,-3,-23,-3,-20,-1,-17,-2,-11,-1,-5,-1,1,66,6,-2,16,-4,23,-6,26,-9,31,-12,33,-15,33,0,0,-18,32,-19,30,-19,26,-17,21,-15,15,-11,10,146,17,1,-2,8,-5,15,-9,20,-10,25,-10,28,-11,30,-10,31,-8,30,-5,28,-4,27,-3,24,-2,20,-1,-38,0,10,0,4,-1,-2,-3,-8,-6,-12,-10,-15,-15,-13,-17,5,-6,0,-15,-15,-16,-26,-3,-25,18,-6,32,17,30,38,-13,28,-15,10,-28,-12,-25,-25,-8,-19,11,-3,19,11,12,13,-3,1,-12,-13,-6,-16,10,-2,25,20,21,32,9,25,-24,2,-35,-21,-26,-32,-3,-21,16,-5,23,0,0,11,4,4,-1,0,2,3,9,15,9,24,-4,12,-19,-2,-33,-25,-25,-36,-2,-27,21,-6,31,13,23,20,6,15,-5,5,-8,0,-4,3,-1,6,-5,4,-15,8,-20,-25,-15,-34,5,-26,30,-2,42,25,34,38,11,31,-12]"
CSI_DATA,57625,d8:b1:90:d9:de:f0,-53,11,-99,-38,54,116,847758797,100,0,228,0,"[17,15,18,15,19,14,20,10,21,8,21,6,21,4,105,-7,22,-1,22,-2,22,-3,22,-4,22,-5,22,-5,22,-5,20,-4,18,-3,15,-3,10,-1,5,-1,-2,0,63,6,-15,-1,-20,-3,-26,-4,-29,-8,-30,-10,-31,-14,0,0,-29,-17,-26,-19,-22,-19,-18,-17,-13,-15,-7,-10,-85,16,2,1,5,7,7,15,7,20,7,25,5,28,4,29,3,29,1,29,0,28,-2,26,-3,23,-3,19,-68,16,-2,9,0,4,4,-1,8,-5,11,-8,17,-7,19,-6,8,2,13,-5,10,-17,-4,-25,-22,-19,-30,1,-23,21,21,33,19,23,29,3,21,-16,3,-25,-14,-17,-19,-1,-10,11,4,13,13,1,6,-13,-9,-15,-22,-1,-19,19,-7,30,23,21,32,0,23,-21,4,-29,-14,-21,-20,-5,0,0,-3,9,1,4,-2,-1,-8,2,-8,13,3,22,17,13,31,0,26,-21,6,-33,-16,-28,-27,-9,-23,9,-9,17,2,14,6,7,4,2,1,3,4,7,13,7,17,11,19,-19,3,-33,-20,-32,-38,-13,-38,13,-20,31,2,32]"
CSI_DATA,57626,d8:b1:90:d9:de:f0,-53,11,-99,-38,54,116,847768851,100,0,228,0,"[-1,22,0,23,2,22,6,21,9,20,13,17,14,15,105,-7,18,10,20,9,21,7,22,6,23,4,23,3,22,2,21,2,19,1,15,1,10,1,5,0,-2,0,63,6,-15,-1,-21,-2,-26,-4,-29,-6,-32,-8,-33,-9,0,0,-32,-10,-30,-11,-27,-11,-22,-11,-18,-9,-10,-6,137,16,3,0,9,4,16,8,19,11,21,15,21,18,22,19,22,20,22,20,20,20,18,19,16,17,14,15,-97,0,7,7,4,2,1,-4,-2,-9,-2,-14,-2,-19,0,-20,3,7,13,6,19,-5,14,-20,-5,-29,-25,-19,-32,3,-4,39,3,31,22,18,27,-2,14,-20,-5,-21,-17,-8,-14,7,0,13,10,4,8,-10,-7,-16,-22,-4,-20,17,-9,30,22,22,33,0,22,-21,2,-30,-17,-19,-20,-2,0,0,-2,9,2,3,-2,-1,-6,5,-3,15,11,19,22,4,28,-14,13,-31,-13,-31,-29,-14,-28,8,-13,21,3,20,10,9,8,1,4,-1,3,2,8,2,14,-6,20,-7,-6,-28,-28,-20,-39,3,-29,29,-3,41,22,32,32,9]"
CSI_DATA,57627,d8:b1:90:d9:de:f0,-53,11,-99,-38,54,116,847779321,100,0,228,0,"[-11,-18,-11,-18,-13,-17,-16,-15,-16,-10,-18,-8,-19,-4,105,-7,-21,0,-21,1,-22,2,-22,4,-22,5,-22,5,-21,6,-20,6,-18,5,-15,3,-10,2,-4,1,2,-1,63,6,16,-1,21,-1,27,1,30,2,33,4,34,6,0,0,32,9,30,11,27,13,21,11,17,10,9,7,103,0,-3,0,-9,-5,-14,-10,-17,-16,-19,-20,-19,-22,-19,-25,-17,-25,-16,-26,-14,-25,-13,-25,-10,-21,-8,-18,-47,16,-4,-9,-3,-3,-2,3,-3,8,-4,15,-6,18,-9,20,-6,-4,-14,2,-14,15,-1,26,18,22,31,5,26,-17,-14,-34,-16,-26,-28,-7,-22,14,-5,22,11,18,17,3,9,-10,-4,-10,-10,0,-3,13,13,13,22,-2,16,-22,2,-30,-27,-18,-32,6,-18,25,2,29,19,17,21,0,0,0,1,-9,-2,-3,2,0,7,-5,4,-16,-10,-19,-22,-6,-30,10,-16,30,7,33,26,19,29,-3,17,-18,1,-20,-8,-11,-8,-2,-4,0,-3,-3,-8,-5,-16,1,-22,1,-4,29,18,29,38,14,40,-14,22,-37,-5,-38,-23,-23]"
CSI_DATA,57628,d8:b1:90:d9:de:f0,-52,11,-99,-37,53,116,847789378,100,0,228,0,"[22,2,23,0,23,-2,21,-7,19,-10,15,-14,13,-17,115,-8,7,-21,5,-22,2,-23,1,-24,-2,-24,-3,-24,-4,-24,-4,-22,-4,-21,-4,-16,-3,-10,-2,-4,0,2,68,7,3,16,5,23,5,28,7,32,8,35,7,36,0,0,5,36,3,34,3,30,2,27,1,21,0,13,-36,17,-2,-3,-2,-11,-2,-19,-2,-24,-2,-30,-2,-33,-1,-34,-1,-34,-1,-34,-1,-32,-1,-29,0,-26,0,-22,41,0,0,-11,-1,-4,-2,2,-4,9,-7,15,-9,19,-13,20,8,-3,7,-14,-5,-21,-22,-14,-30,5,-20,27,5,33,39,0,32,-7,16,-26,-7,-26,-22,-11,-21,9,-4,17,9,11,11,-3,-1,-10,-14,-2,-11,14,5,23,27,13,33,-3,14,-33,-14,-32,-32,-13,-29,13,-9,26,8,21,0,0,10,-3,1,-3,1,2,9,4,17,-5,10,-21,-10,-23,-29,-16,-34,9,-19,32,8,34,26,17,26,-4,13,-16,-1,-16,-7,-8,-4,-2,-1,-5,-7,-9,-17,-5,-24,-8,-14,29,9,38,36,24,46,-7,30,-35,0,-43,-23,-28]"
CSI_DATA,57629,d8:b1:90:d9:de:f0,-52,11,-99,-39,54,116,847808625,100,0,228,0,"[-21,-2,-21,-1,-20,2,-17,4,-16,7,-14,12,-12,14,108,-7,-6,19,-4,21,-2,22,0,23,1,23,3,23,3,22,3,21,3,19,3,15,2,10,1,5,0,-1,65,6,-2,-15,-3,-21,-4,-26,-4,-31,-3,-33,-3,-34,0,0,-1,-34,0,-32,1,-30,2,-25,3,-19,4,-12,34,0,3,4,3,12,1,20,-1,25,-1,29,-2,32,-3,32,-3,33,-4,32,-5,30,-4,28,-4,25,-4,21,-32,16,-1,11,0,5,3,0,6,-7,10,-11,14,-14,16,-15,-6,3,-5,12,5,19,20,13,28,-4,17,-24,-4,-31,-33,-1,-29,4,-15,23,5,25,21,12,19,-6,5,-16,-7,-11,-10,2,0,8,11,2,11,-12,-4,-22,-24,-13,-30,1,-14,30,11,31,29,13,28,-10,11,-23,-6,-20,0,0,-10,2,-2,3,0,-2,-7,-4,-16,3,-12,19,7,23,26,20,34,-3,22,-26,-2,-33,-21,-21,-24,0,-15,13,-3,14,3,7,2,4,1,5,4,10,15,8,22,12,21,-24,-1,-39,-30,-31,-44,-4,-37,25,-12,40,14,33]"
CSI_DATA,57630,d8:b1:90:d9:de:f0,-52,11,-99,-39,54,116,847818751,100,0,228,0,"[1,-21,0,-21,-2,-20,-5,-19,-8,-16,-12,-14,-13,-11,108,-7,-19,-6,-20,-5,-21,-3,-22,-1,-23,-1,-23,0,-23,1,-21,2,-19,1,-15,1,-12,1,-5,1,1,0,65,6,15,0,21,0,25,2,31,4,32,5,33,7,0,0,33,8,31,10,29,11,23,11,17,10,10,7,120,0,-6,2,-13,-2,-19,-5,-23,-10,-26,-14,-28,-15,-28,-17,-29,-19,-26,-19,-24,-19,-23,-19,-20,-17,-16,-14,87,16,-10,-7,-4,-2,-1,2,1,8,3,15,3,20,1,22,-3,-5,-12,-5,-17,5,-11,20,5,26,25,16,30,-5,1,-34,-4,-30,-22,-16,-25,4,-13,19,5,20,15,7,12,-6,0,-10,-8,-2,-4,10,10,12,22,-1,16,-21,4,-30,-26,-19,-32,4,-20,25,3,30,20,17,22,0,0,0,0,-10,-2,-2,2,0,7,-5,2,-16,-12,-19,-25,0,-28,16,-11,32,14,32,31,13,28,-10,12,-22,-3,-20,-11,-10,-7,-1,-5,0,-5,-2,-12,-1,-16,8,-23,13,10,31,33,20,43,-6,31,-34,1,-46,-25,-33,-35,-8]"
CSI_DATA,57631,d8:b1:90:d9:de:f0,-52,11,-99,-37,53,116,847828800,100,0,228,0,"[-11,19,-11,19,-9,20,-5,20,-1,19,2,19,5,17,115,-8,13,16,15,15,17,15,19,14,20,14,21,14,21,13,20,11,19,10,15,9,11,7,5,3,0,0,68,7,-10,-11,-16,-15,-17,-21,-20,-26,-20,-28,-21,-32,0,0,-16,-33,-14,-33,-10,-30,-7,-27,-3,-21,0,-14,15,0,5,2,7,11,7,19,5,26,4,32,3,34,2,36,0,36,-2,36,-2,33,-3,32,-4,28,-4,24,-71,17,-2,13,0,4,3,-1,8,-8,13,-11,17,-13,21,-13,-1,7,5,10,19,5,21,-11,10,-26,-11,-29,-29,-14,-20,27,-13,28,10,28,24,11,23,-8,8,-20,-8,-16,-13,-2,-7,8,5,7,9,-5,-1,-16,-19,-14,-28,5,-23,22,8,34,29,20,35,-5,20,-26,-2,-29,-17,-16,0,0,-8,8,-1,5,-1,-1,-10,-1,-14,9,-5,23,17,20,33,13,35,-14,17,-33,-8,-35,-27,-19,-27,3,-15,16,-1,16,4,9,2,4,1,7,5,11,19,9,23,13,22,-26,1,-42,-28,-36,-48,-10,-43,21,-20,41,9,39]"
CSI_DATA,57632,d8:b1:90:d9:de:f0,-52,11,-99,-37,53,116,847840005,100,0,228,0,"[21,-7,21,-8,21,-10,16,-11,14,-14,9,-15,5,-17,115,-8,-1,-20,-4,-21,-7,-21,-9,-21,-10,-22,-13,-22,-13,-21,-11,-20,-11,-19,-9,-15,-7,-11,-4,-5,0,0,68,7,5,13,8,20,9,26,9,29,9,33,9,36,0,0,7,36,4,35,2,33,0,28,-2,22,-4,15,-48,17,-5,-3,-4,-11,-4,-21,-3,-27,-1,-32,1,-34,2,-36,3,-35,4,-35,4,-33,5,-32,5,-28,5,-23,61,0,3,-11,0,-5,-3,2,-8,8,-11,11,-16,15,-19,14,5,-3,2,-11,-10,-15,-23,-4,-24,15,-7,29,15,28,33,-9,26,-15,7,-28,-14,-23,-24,-4,-17,13,-1,17,10,9,10,-3,-2,-8,-10,1,-5,14,11,20,28,4,28,-11,5,-34,-21,-29,-35,-7,-28,17,-7,28,11,21,0,0,11,-4,2,-5,1,2,9,3,15,-4,10,-21,-13,-22,-29,-17,-36,7,-22,30,3,35,24,22,28,1,17,-15,3,-15,-2,-10,-2,-4,-1,-7,-5,-10,-17,-8,-22,-13,-22,27,0,42,29,35,49,8,42,-23,17,-43,-11,-38]"
CSI_DATA,57633,d8:b1:90:d9:de:f0,-52,11,-99,-39,54,116,847858670,100,0,228,0,"[-11,19,-10,20,-8,19,-5,19,-1,17,2,16,6,15,108,-7,12,12,15,11,17,8,20,7,21,6,22,5,22,4,22,4,20,3,16,2,13,2,7,0,0,-1,65,6,-12,-3,-19,-5,-23,-7,-28,-10,-30,-11,-31,-13,0,0,-30,-15,-29,-16,-25,-15,-21,-15,-15,-13,-8,-11,-124,16,5,-3,12,2,19,6,22,10,25,14,28,16,28,17,28,20,26,20,25,19,23,19,21,16,17,15,-44,0,10,7,5,3,1,-3,-1,-8,-3,-14,-4,-19,-3,-22,-2,5,6,10,17,4,19,-11,7,-25,-13,-24,-29,-8,-16,28,-7,28,13,24,25,5,20,-12,3,-21,-11,-13,-13,1,-4,8,5,4,5,-7,-6,-12,-20,-3,-19,16,-7,28,21,23,32,1,24,-21,2,-31,-16,-20,-22,-2,0,0,-2,11,3,4,-1,0,-7,4,-4,14,11,20,24,2,29,-13,13,-31,-12,-32,-30,-15,-30,7,-13,22,3,21,12,11,11,2,5,0,6,1,12,-1,14,-10,22,-12,-12,-30,-34,-17,-42,11,-28,38,3,46,30,32,37,4]"
CSI_DATA,57634,d8:b1:90:d9:de:f0,-52,11,-99,-41,54,116,847869068,100,0,228,0,"[-15,17,-15,19,-14,17,-10,19,-5,17,-2,17,1,16,115,-8,9,16,11,15,14,15,16,15,17,15,20,14,20,14,20,14,19,11,15,10,11,8,7,3,2,0,68,7,-9,-10,-13,-15,-15,-21,-16,-26,-17,-28,-16,-32,0,0,-14,-33,-11,-32,-8,-30,-5,-27,-1,-22,2,-15,-10,17,5,2,8,10,7,19,5,26,4,30,4,33,2,35,0,36,-1,35,-2,33,-3,30,-3,28,-3,24,0,0,-1,14,1,7,4,0,8,-4,13,-10,17,-11,21,-11,-3,5,3,11,16,9,22,-5,14,-23,-7,-30,-27,-17,-26,22,-17,26,4,29,22,15,26,-4,11,-19,-4,-19,-13,-5,-9,5,2,7,8,-3,0,-14,-16,-13,-26,4,-20,21,5,33,28,20,34,-4,21,-24,-1,-29,-17,-16,0,0,-9,8,0,5,0,0,-8,-2,-14,8,-5,22,16,19,30,13,34,-10,19,-32,-7,-35,-26,-19,-27,1,-16,15,-2,16,3,9,3,5,2,5,7,10,17,8,23,14,21,-27,0,-41,-29,-36,-47,-9,-42,22,-17,41,9,38]"
CSI_DATA,57635,d8:b1:90:d9:de:f0,-52,11,-99,-39,54,116,847879797,100,0,228,0,"[22,-5,22,-6,22,-8,19,-11,14,-12,11,-13,6,-14,108,-7,0,-17,-3,-17,-6,-17,-8,-17,-11,-17,-13,-17,-14,-17,-14,-16,-14,-15,-12,-12,-10,-8,-6,-4,-2,0,65,6,6,10,11,15,13,20,14,24,16,26,17,30,0,0,15,31,12,29,11,28,8,24,4,20,0,13,11,0,-6,0,-10,-8,-12,-14,-13,-20,-15,-25,-14,-29,-15,-31,-13,-30,-13,-31,-12,-29,-12,-28,-11,-24,-10,-21,-113,16,-6,-12,-5,-4,-4,2,-4,8,-4,14,-5,17,-7,20,6,-2,3,-11,-8,-15,-23,-5,-23,13,-7,29,15,26,33,-7,25,-15,6,-28,-14,-22,-23,-4,-16,13,-1,19,11,10,10,-2,0,-7,-8,1,-3,13,13,14,24,0,21,-16,-3,-31,-26,-20,-32,3,-20,22,1,26,15,15,0,0,7,-8,0,-5,1,1,7,1,12,-10,2,-21,-19,-15,-31,-5,-28,19,-8,32,15,29,29,10,24,-10,8,-19,-3,-14,-7,-7,-4,-3,-4,-5,-10,-5,-17,2,-25,0,-2,32,22,31,42,11,42,-20,17,-43,-13,-41,-32,-21]"
CSI_DATA,57636,d8:b1:90:d9:de:f0,-52,11,-99,-41,54,116,847890971,100,0,228,0,"[-22,4,-23,4,-22,7,-19,8,-16,9,-14,11,-10,14,115,-8,-4,17,-2,20,0,20,1,22,2,22,3,23,3,23,4,23,4,21,2,19,2,14,2,8,2,2,68,7,3,-13,5,-19,8,-23,10,-27,13,-30,15,-32,0,0,20,-29,21,-26,21,-23,20,-17,17,-11,13,-5,-137,0,1,7,-5,11,-13,15,-20,17,-23,19,-27,19,-30,17,-32,15,-32,14,-30,11,-29,10,-26,8,-23,7,7,17,-13,4,-7,3,1,4,8,5,13,9,16,13,16,16,-7,2,-5,13,7,19,21,10,28,-8,15,-27,-7,-30,-35,-1,-30,5,-16,24,4,28,21,15,22,-3,10,-15,-3,-14,-9,-3,-3,5,8,3,10,-9,-1,-21,-20,-16,-28,-2,-22,26,1,35,23,24,32,2,22,-17,3,-24,0,0,-11,-3,-4,3,1,-1,-2,-8,-14,-8,-22,4,-9,24,3,33,26,24,35,1,27,-22,5,-30,-13,-23,-21,-7,-14,4,-7,7,-2,4,-5,4,-7,9,-1,19,-3,27,33,11,38,-13,22,-39,-5,-48,-35,-33,-45,-3,-32,21]"
CSI_DATA,57637,d8:b1:90:d9:de:f0,-52,11,-99,-39,54,116,847908627,100,0,228,0,"[-13,-17,-14,-17,-16,-14,-16,-12,-17,-7,-17,-4,-17,0,108,-7,-17,6,-16,10,-15,12,-15,14,-14,16,-14,17,-13,19,-11,19,-10,17,-7,15,-5,12,-2,7,1,2,65,6,8,-8,12,-13,17,-15,21,-20,23,-21,25,-21,0,0,25,-20,26,-17,24,-15,21,-12,17,-6,12,-3,-136,0,-1,6,-8,11,-14,13,-21,15,-24,16,-26,17,-28,17,-30,16,-28,15,-28,15,-25,13,-23,13,-20,11,42,16,-11,8,-4,5,1,5,8,4,15,4,17,5,20,6,-5,-4,-12,2,-11,14,3,23,21,17,30,-2,20,-23,-20,-26,-23,-19,-29,3,-15,21,3,24,17,12,16,-4,5,-13,-6,-7,-6,3,4,8,14,-1,11,-16,-6,-24,-21,-17,-31,10,-15,30,10,31,26,14,25,-6,11,-20,0,0,-10,-5,-5,2,1,0,0,-7,-10,-10,-21,0,-13,20,-1,31,21,24,32,4,25,-19,4,-28,-13,-21,-17,-6,-13,5,-4,6,-3,3,-4,3,-6,11,2,19,2,28,32,2,32,-24,8,-43,-22,-40,-43,-16,-41,14,-20,32]"
CSI_DATA,57638,d8:b1:90:d9:de:f0,-52,11,-99,-39,54,116,847919068,100,0,228,0,"[6,21,7,22,8,20,10,19,12,15,15,13,15,8,108,-7,19,3,20,1,21,-1,21,-3,22,-5,22,-6,22,-6,22,-6,20,-6,16,-5,13,-5,7,-3,1,-2,65,6,-12,-2,-19,-2,-23,-3,-28,-3,-31,-4,-32,-6,0,0,-31,-10,-29,-11,-26,-12,-21,-12,-15,-10,-8,-8,-111,16,5,-2,12,3,17,6,23,12,25,15,26,19,26,21,25,22,24,23,22,21,21,21,17,20,15,17,-89,0,8,10,5,4,4,-2,2,-8,3,-14,3,-17,4,-21,3,5,12,3,15,-8,7,-23,-11,-24,-28,-12,-29,11,4,33,10,29,25,12,24,-10,11,-22,-7,-20,-16,-6,-12,7,0,11,7,1,2,-10,-11,-10,-20,4,-12,23,3,28,29,16,33,-8,17,-28,-5,-31,-22,-16,-23,3,0,0,0,13,4,4,0,-1,-6,4,-3,13,10,17,23,2,28,-13,12,-31,-10,-31,-28,-15,-28,6,-15,20,0,19,8,11,8,2,4,1,5,4,12,3,17,-6,25,-7,-4,-33,-28,-25,-44,-2,-37,28,-12,46,17,39,34,16]"
CSI_DATA,57639,d8:b1:90:d9:de:f0,-49,9,-99,-36,51,116,847933731,124,0,106,0,"[120,21,123,21,-158,21,101,21,-45,21,75,21,50,0,66,21,127,0,45,21,-184,0,45,21,-158,0,39,21,-178,0,59,21,132,0,173,21,49,0,-15,21,-17,21,-167,0,-33,21,17,1,-11,21,130,1,0,0,0,0,122,0,125,1,143,0,-7,0,120,0,161,0,26,0,-82,21,-114,21,74,21,126,21,-43,20,30,21,-62,20,-4,20,-20,20,8,21,61,21,69,21,149,21,-170,21,-127,21,37,0,-43,21,-122,0]"
CSI_DATA,57640,d8:b1:90:d9:de:f0,-52,11,-99,-39,54,116,847948568,100,0,228,0,"[-21,-5,-22,-4,-22,-2,-21,1,-19,5,-17,8,-14,13,108,-7,-10,19,-7,20,-4,22,-3,22,-1,24,0,25,1,25,3,24,3,23,3,19,2,14,2,8,1,2,65,6,1,-12,0,-19,0,-23,0,-29,0,-31,1,-33,0,0,3,-33,4,-31,4,-29,4,-23,5,-17,5,-11,68,0,3,5,2,13,0,20,-1,25,-3,31,-3,33,-4,34,-5,33,-5,33,-4,31,-5,30,-5,26,-4,23,-59,16,-2,12,0,5,3,0,6,-6,11,-11,13,-14,15,-15,-5,0,-7,7,1,17,15,16,26,1,22,-20,2,-30,-34,-6,-30,0,-20,21,1,26,17,15,21,-2,10,-14,-5,-12,-8,-1,-1,8,11,3,12,-12,-3,-23,-25,-16,-32,3,-19,31,8,35,30,19,33,-7,15,-24,-4,-25,0,0,-13,2,-5,5,-1,0,-5,-3,-14,2,-13,16,7,23,23,21,33,-1,23,-23,1,-32,-19,-21,-24,-2,-15,11,-3,13,3,8,1,4,0,6,5,12,16,10,22,13,21,-25,-1,-39,-31,-32,-46,-3,-38,28,-10,41,16,33]"
CSI_DATA,57641,d8:b1:90:d9:de:f0,-52,11,-99,-38,53,116,847958911,100,0,228,0,"[-20,8,-20,8,-19,11,-15,12,-12,14,-8,17,-6,19,118,-8,1,22,4,23,7,23,9,24,11,24,12,24,13,24,13,23,12,22,11,18,7,13,4,8,2,2,70,7,-3,-12,-6,-19,-7,-25,-8,-29,-8,-34,-6,-34,0,0,-2,-35,-1,-34,0,-30,2,-25,3,-19,4,-12,39,0,3,6,2,14,1,22,-1,28,-3,33,-4,36,-7,36,-8,36,-9,35,-9,33,-9,29,-9,26,-9,23,-89,18,-6,12,-2,4,2,0,8,-6,14,-9,18,-11,20,-12,-4,3,-1,12,12,14,24,4,24,-14,7,-30,-15,-28,-33,11,-28,15,-8,28,13,24,24,6,18,-12,1,-17,-9,-8,-8,3,3,7,13,-2,7,-18,-12,-22,-30,-7,-33,13,-9,37,19,34,36,11,31,-17,11,-29,-9,-25,0,0,-14,3,-4,6,-1,1,-7,-2,-14,4,-12,18,9,24,25,20,35,-2,24,-25,0,-34,-20,-23,-25,-2,-17,11,-4,14,2,8,1,6,0,7,3,13,15,13,20,17,28,-22,7,-41,-25,-40,-46,-14,-46,18,-23,40,7,39]"
CSI_DATA,57642,d8:b1:90:d9:de:f0,-52,11,-99,-38,53,116,847978663,100,0,228,0,"[-2,-22,-3,-22,-7,-19,-9,-15,-13,-12,-15,-8,-19,-3,118,-8,-20,3,-22,7,-22,11,-22,13,-22,15,-22,18,-20,18,-18,19,-17,18,-13,15,-11,13,-6,8,-1,2,70,7,8,-9,11,-15,15,-19,19,-23,20,-26,23,-28,0,0,23,-28,23,-25,20,-22,18,-18,15,-13,11,-6,145,0,1,7,-4,14,-9,20,-13,24,-17,29,-19,31,-19,33,-20,31,-19,31,-17,29,-17,28,-14,25,-13,22,148,18,-7,12,-2,6,2,0,7,-6,13,-11,15,-13,19,-13,-2,-3,-9,-2,-14,8,-6,22,13,24,28,8,28,-15,-12,-31,-17,-25,-29,-6,-20,15,-2,24,14,14,17,-1,6,-12,-6,-6,-6,4,7,11,19,-1,14,-22,-7,-30,-29,-20,-36,12,-17,35,12,37,33,17,30,-9,12,-24,0,0,-12,-7,-8,1,-1,0,-3,-6,-13,-6,-20,8,-4,25,11,30,31,14,34,-11,15,-30,-8,-29,-22,-13,-19,3,-8,13,0,9,0,6,-2,6,1,13,14,15,17,20,29,-20,9,-41,-24,-41,-47,-15,-46,19,-20,42,11,39]"
CSI_DATA,57643,d8:b1:90:d9:de:f0,-52,11,-99,-38,53,116,847989364,100,0,228,0,"[-22,1,-23,2,-22,4,-18,7,-14,9,-12,13,-8,17,118,-8,-2,20,1,23,2,24,6,25,7,25,8,26,9,26,9,25,9,23,7,20,6,15,3,9,1,3,70,7,-3,-12,-4,-17,-6,-23,-6,-29,-6,-33,-4,-34,0,0,-2,-35,-1,-34,1,-30,2,-26,3,-19,4,-12,75,0,4,4,3,13,3,22,1,28,0,33,-1,36,-2,36,-4,37,-4,36,-6,34,-6,31,-6,29,-6,25,-102,18,-3,14,-1,6,1,0,6,-6,11,-12,14,-14,18,-15,-4,1,-3,9,6,15,20,9,25,-7,14,-25,-8,-30,-33,3,-29,8,-13,25,8,25,22,11,19,-8,4,-17,-8,-9,-8,2,2,7,12,0,8,-17,-11,-23,-30,-9,-34,12,-12,37,18,35,36,13,34,-14,13,-30,-9,-25,0,0,-14,4,-4,6,-1,1,-6,-2,-13,4,-11,18,11,23,26,18,35,-4,23,-26,-2,-34,-22,-22,-26,-1,-17,13,-3,15,3,9,2,6,1,6,6,11,18,9,22,15,23,-28,-1,-42,-31,-35,-50,-7,-42,26,-14,45,14,37]"
CSI_DATA,57644,d8:b1:90:d9:de:f0,-53,11,-99,-37,54,116,848000951,100,0,228,0,"[-20,5,-19,6,-18,8,-14,10,-11,12,-8,14,-4,15,102,-7,2,19,5,19,8,20,10,20,11,21,13,21,13,21,14,20,13,19,12,14,9,11,6,8,2,3,61,6,-5,-8,-9,-12,-11,-19,-12,-22,-14,-24,-14,-26,0,0,-13,-28,-12,-27,-9,-25,-7,-22,-4,-18,0,-12,-10,15,5,2,8,9,9,15,10,21,11,26,11,29,11,30,11,31,10,30,9,29,8,27,7,26,5,23,69,0,3,13,2,7,1,1,2,-6,3,-12,5,-16,7,-19,-4,2,-2,9,8,12,20,4,21,-12,6,-25,-14,-24,-28,10,-23,14,-6,25,13,20,22,4,14,-12,1,-15,-9,-7,-7,4,3,6,10,-3,3,-15,-14,-16,-27,-1,-24,19,0,33,24,24,34,1,23,-22,1,-28,-15,-18,0,0,-10,8,-2,8,0,2,-5,0,-9,7,-2,18,15,13,27,5,26,-15,8,-30,-13,-27,-25,-9,-22,8,-8,16,3,14,6,7,4,3,4,5,9,6,18,0,23,3,5,-30,-20,-32,-40,-13,-41,16,-20,39,9,41,28,22]"
CSI_DATA,57645,d8:b1:90:d9:de:f0,-52,11,-99,-39,54,116,848018649,100,0,228,0,"[22,-2,23,-3,22,-5,20,-7,16,-11,14,-13,12,-15,108,-7,5,-20,3,-21,1,-23,0,-24,-2,-25,-3,-26,-3,-25,-4,-25,-4,-23,-4,-21,-3,-16,-3,-11,-2,-4,65,6,-2,8,-2,15,-4,21,-5,25,-7,28,-8,30,0,0,-11,30,-12,29,-12,25,-12,22,-11,16,-8,10,-104,16,-1,-4,3,-11,7,-16,13,-20,16,-23,20,-24,21,-24,23,-24,23,-23,22,-22,22,-20,21,-19,19,-15,-63,0,11,-10,5,-6,-1,-4,-7,-2,-13,-2,-17,-3,-20,-4,5,0,5,-8,-4,-15,-17,-10,-25,6,-14,23,6,30,33,-1,29,-5,15,-24,-5,-25,-21,-13,-20,6,-6,15,7,13,11,0,2,-8,-11,-4,-13,11,1,22,22,17,30,-1,21,-28,-3,-35,-28,-23,-33,2,-21,22,0,25,0,0,14,1,7,-5,0,-2,2,4,11,3,16,-8,3,-20,-11,-26,-29,-13,-31,8,-15,28,5,28,20,14,20,-1,11,-10,2,-8,0,-4,2,-4,2,-10,-6,-16,-5,-25,-31,4,-26,29,-1,44,28,37,44,10,40,-20,16,-34]"
CSI_DATA,57646,d8:b1:90:d9:de:f0,-53,11,-99,-38,54,116,848028785,100,0,228,0,"[4,-21,3,-21,0,-20,-4,-18,-7,-17,-9,-13,-13,-9,105,-7,-18,-3,-19,-1,-21,1,-22,3,-23,6,-23,8,-23,9,-22,10,-21,10,-18,8,-15,8,-9,6,-4,3,63,6,8,-5,13,-7,17,-10,21,-11,26,-13,28,-13,0,0,29,-14,28,-11,27,-10,23,-7,19,-4,14,-2,-105,0,0,6,-6,9,-14,13,-18,15,-21,16,-23,16,-27,17,-27,16,-28,17,-26,15,-26,16,-22,14,-20,11,27,16,-11,7,-5,5,1,2,7,-1,11,-3,17,-2,19,0,0,-4,-7,-6,-15,2,-11,16,4,25,22,16,29,-4,0,-32,-6,-28,-23,-14,-25,6,-9,20,7,18,16,5,10,-8,-1,-9,-7,0,0,8,14,5,18,-10,4,-27,-16,-26,-33,-2,-27,22,-3,34,20,26,29,3,21,-15,0,0,-7,-11,-8,-1,-2,1,-1,-4,-8,-7,-18,1,-10,18,-2,28,18,23,31,3,25,-18,5,-28,-14,-21,-20,-6,-14,5,-6,8,-2,5,-3,6,-2,9,6,16,5,21,30,-5,22,-29,-2,-42,-30,-32,-44,-3,-34,25,-9,35]"
CSI_DATA,57647,d8:b1:90:d9:de:f0,-52,11,-99,-39,54,116,848039556,100,0,228,0,"[2,-23,1,-23,-1,-22,-4,-21,-6,-17,-10,-15,-13,-12,108,-7,-19,-6,-21,-4,-22,-3,-24,-1,-25,1,-26,2,-26,3,-25,3,-24,3,-21,2,-17,2,-11,1,-4,0,65,6,10,-1,16,0,21,0,26,2,30,3,32,5,0,0,33,7,31,10,28,11,23,11,19,10,11,8,-139,0,-4,4,-12,1,-19,-2,-24,-6,-26,-8,-29,-12,-30,-14,-30,-15,-30,-16,-28,-16,-25,-16,-23,-15,-21,-14,24,16,-12,-8,-6,-4,-2,1,3,6,5,12,6,17,4,22,0,-4,-8,-5,-16,2,-13,17,3,26,23,17,31,-3,3,-33,-2,-30,-22,-19,-28,2,-15,20,4,21,15,10,13,-4,1,-10,-7,-2,-3,10,11,11,22,-2,16,-22,-3,-31,-29,-20,-37,6,-21,29,3,33,23,20,26,-1,0,0,2,-15,-5,-6,-2,-2,2,-4,0,-13,-13,-13,-22,4,-23,17,-6,32,17,29,31,10,28,-12,11,-24,-6,-21,-12,-10,-10,-1,-6,1,-6,0,-11,2,-12,13,-20,12,16,28,37,13,41,-14,24,-41,-7,-48,-32,-30,-39,-2]"
CSI_DATA,57648,d8:b1:90:d9:de:f0,-52,11,-99,-39,54,116,848050050,100,0,228,0,"[-13,-17,-15,-17,-16,-14,-17,-10,-19,-6,-19,-1,-19,3,108,-7,-16,11,-15,14,-14,17,-13,20,-11,22,-10,24,-8,24,-7,24,-6,22,-4,20,-3,16,-2,11,0,4,65,6,2,-10,2,-15,4,-21,4,-26,5,-29,7,-31,0,0,7,-32,8,-31,8,-28,7,-24,7,-19,7,-12,86,0,5,4,4,11,2,19,0,24,-1,29,-1,32,-2,33,-2,33,-2,33,-2,32,-2,30,-3,28,-2,24,3,0,-1,13,0,8,2,1,3,-6,5,-11,8,-17,11,-19,-4,-2,-10,3,-8,14,4,21,22,14,29,-6,16,-25,-25,-22,-26,-15,-28,8,-12,23,10,23,21,6,15,-10,2,-13,-7,-4,-4,6,7,6,14,-6,4,-22,-17,-21,-31,-4,-25,23,-1,35,24,24,33,0,21,-21,0,-25,0,0,-14,-1,-6,5,-1,2,-4,-1,-12,2,-12,15,7,21,22,20,32,0,23,-23,1,-32,-20,-21,-24,-2,-16,12,-4,15,3,10,4,5,3,6,7,8,17,3,21,8,13,-29,-11,-38,-38,-23,-46,7,-30,37,0,44,25,30]"
CSI_DATA,57649,d8:b1:90:d9:de:f0,-49,9,-99,-36,51,116,848062638,121,0,106,0,"[-29,0,49,0,-113,0,148,0,155,0,-117,0,43,0,-49,0,-42,21,-7,0,-107,21,14,1,-155,21,18,1,-162,21,-17,0,-116,21,-132,0,-27,21,61,0,74,0,-149,21,139,0,29,21,174,0,-79,20,0,0,0,0,109,0,-122,20,61,0,-33,20,-17,21,136,21,-93,21,18,0,-133,21,-107,0,-145,21,71,1,-139,21,142,1,-110,21,151,1,-84,21,101,1,-66,21,10,1,-34,21,-152,0,-20,21,-13,21,-72,21]"
CSI_DATA,57650,d8:b1:90:d9:de:f0,-53,11,-99,-37,54,116,848078865,100,0,228,0,"[-10,19,-8,19,-6,19,-3,19,2,19,5,18,9,15,102,-7,15,11,18,10,20,8,22,6,23,5,24,3,24,2,23,1,22,1,18,1,14,1,8,1,3,1,61,6,-10,1,-16,2,-22,2,-26,1,-29,1,-30,1,0,0,-30,-1,-29,-1,-27,-3,-23,-3,-18,-4,-10,-5,128,15,4,-5,11,-4,18,-4,24,-3,28,-2,30,-2,31,-1,32,-1,32,-1,29,0,28,0,25,0,21,1,2,1,11,0,5,-1,-1,-2,-8,-4,-13,-6,-16,-9,-19,-11,1,4,7,6,15,1,15,-13,3,-24,-15,-22,-28,-5,-10,31,-3,28,16,21,25,2,16,-15,-1,-20,-13,-9,-12,4,-1,9,7,2,4,-9,-10,-12,-21,1,-15,22,1,31,28,18,33,-6,18,-28,-6,-31,-23,-15,-24,4,0,0,1,13,5,6,2,2,-1,6,5,12,16,8,20,-11,15,-25,-6,-30,-25,-18,-30,4,-18,21,1,24,13,13,13,2,8,-4,5,-3,6,-3,8,-8,4,-18,5,-23,-29,-12,-36,11,-21,37,8,43,36,27,41,-2,27,-24]"
CSI_DATA,57651,d8:b1:90:d9:de:f0,-53,11,-99,-41,55,116,848098699,100,0,228,0,"[-14,12,-12,14,-9,14,-5,14,-1,15,4,13,8,12,102,-7,15,9,18,7,20,5,22,3,24,1,24,0,23,-2,22,-2,21,-3,18,-2,14,-2,9,0,4,2,61,6,-7,9,-11,12,-16,14,-20,16,-23,19,-24,19,0,0,-23,19,-23,18,-22,14,-19,12,-15,8,-12,3,117,15,-3,-8,2,-14,6,-19,8,-24,11,-27,12,-28,12,-29,13,-29,12,-29,11,-27,10,-26,9,-23,8,-20,98,0,4,-9,2,-3,0,4,-3,10,-5,15,-8,19,-10,20,1,4,6,6,14,1,15,-11,4,-23,-13,-21,-27,-5,-10,27,-3,26,16,20,23,1,14,-14,-1,-18,-12,-7,-9,4,0,7,5,-1,-2,-9,-14,-5,-18,10,-5,26,16,31,32,2,25,-22,2,-33,-21,-24,-27,-2,-19,14,0,0,6,10,7,5,4,3,7,5,14,2,19,-10,1,-26,-11,-27,-29,-12,-30,12,-12,28,9,26,22,11,19,-4,9,-11,1,-9,0,-7,0,-8,-6,-11,-18,-8,-19,-7,-18,28,6,39,34,27,45,-3,31,-32,2,-42,-22,-28]"
CSI_DATA,57652,d8:b1:90:d9:de:f0,-53,11,-99,-37,54,116,848108823,100,0,228,0,"[-12,15,-10,18,-7,18,-3,16,1,18,5,15,9,14,102,-7,15,10,19,7,20,6,22,4,23,2,23,0,23,-1,22,-2,20,-2,18,-2,13,-1,8,0,2,1,61,6,-9,7,-14,9,-19,11,-23,11,-25,12,-27,13,0,0,-27,12,-27,12,-24,10,-22,7,-16,4,-11,1,122,15,1,-7,6,-11,13,-15,16,-19,20,-21,22,-22,23,-22,23,-23,23,-22,21,-21,20,-20,18,-18,14,-15,-80,0,7,-8,2,-3,-4,1,-9,6,-13,8,-19,9,-20,9,1,3,6,5,13,0,14,-11,3,-23,-15,-20,-27,-4,-8,31,-1,27,18,19,24,-1,13,-16,-3,-18,-13,-7,-10,6,1,8,7,0,1,-9,-12,-8,-20,7,-8,25,11,30,31,7,28,-16,7,-32,-15,-26,-26,-5,-19,11,0,0,5,11,6,4,2,3,4,7,11,8,21,-4,10,-23,-2,-29,-23,-22,-31,2,-21,23,0,27,16,18,19,2,11,-6,4,-8,2,-5,4,-7,0,-13,-11,-16,-15,-19,-29,15,-13,38,16,41,42,20,44,-12,24,-36,-5,-37]"
CSI_DATA,57653,d8:b1:90:d9:de:f0,-53,11,-99,-38,54,116,848128634,100,0,228,0,"[0,18,2,18,5,17,8,14,10,10,13,6,14,2,105,-7,15,-6,15,-9,15,-13,13,-16,13,-18,10,-19,8,-20,7,-20,5,-19,5,-17,4,-13,3,-8,4,-2,63,6,6,10,8,14,8,20,10,23,11,26,13,27,0,0,14,27,13,26,10,25,9,21,5,17,1,14,31,0,-9,4,-15,-1,-20,-4,-25,-7,-28,-9,-30,-9,-31,-9,-31,-9,-30,-8,-29,-7,-27,-6,-25,-5,-21,-4,0,16,-10,-2,-3,-1,3,0,9,0,16,2,19,3,21,4,3,2,8,0,10,-9,1,-18,-14,-17,-26,-2,-19,18,15,23,19,17,25,-3,13,-18,-5,-20,-16,-7,-13,6,-1,10,6,4,2,-4,-7,-2,-9,9,3,20,21,11,32,-4,13,-28,-11,-29,-29,-10,-26,13,-8,25,9,19,0,0,11,-4,5,-5,4,-3,7,-6,4,-14,-8,-19,-27,-2,-28,10,-14,29,10,30,28,13,27,-9,11,-21,-4,-19,-11,-9,-9,-2,-8,0,-9,2,-10,10,-4,21,-3,21,32,11,37,-16,17,-41,-16,-44,-41,-20,-42,11,-20,31]"
CSI_DATA,57654,d8:b1:90:d9:de:f0,-53,11,-99,-39,54,116,848138760,100,0,228,0,"[-6,19,-4,19,-1,19,3,16,6,15,10,12,14,8,108,-7,17,2,19,-1,20,-4,21,-7,20,-10,20,-13,19,-13,17,-14,15,-14,13,-12,10,-10,6,-5,3,0,65,6,-2,12,-4,17,-5,22,-7,24,-8,28,-10,29,0,0,-8,31,-8,29,-7,25,-7,22,-7,16,-7,11,-114,16,-8,-4,-8,-12,-10,-20,-10,-24,-10,-29,-11,-31,-11,-32,-12,-32,-12,-31,-12,-29,-11,-26,-11,-23,-8,-20,-112,16,-4,-10,-3,-3,1,4,4,10,5,15,6,20,5,22,2,4,8,5,14,-3,11,-16,-5,-23,-22,-13,-26,6,3,30,10,25,24,8,21,-11,4,-21,-12,-14,-15,-1,-6,10,4,6,5,-3,-5,-7,-14,2,-10,19,10,23,29,14,28,-15,7,-31,-16,-28,-30,-6,-22,14,-4,22,0,0,11,4,6,-2,3,1,8,1,14,-5,8,-20,-15,-22,-26,-14,-31,7,-16,29,7,31,24,15,24,-5,12,-16,0,-14,-4,-8,-5,-5,-7,-7,-14,-4,-21,7,-22,10,7,34,34,24,47,-5,31,-37,-1,-47,-32,-32,-38,-2]"
CSI_DATA,57655,d8:b1:90:d9:de:f0,-53,11,-99,-42,55,116,848149318,100,0,228,0,"[4,-17,2,-18,-1,-17,-3,-16,-6,-15,-10,-11,-13,-8,105,-7,-17,-3,-18,0,-20,2,-19,4,-20,6,-20,8,-20,9,-19,9,-18,9,-15,7,-11,5,-7,2,-3,-1,63,6,6,-9,10,-14,14,-16,17,-18,19,-21,21,-22,0,0,22,-21,22,-18,21,-16,19,-13,17,-8,13,-2,-98,0,4,8,0,15,-4,19,-8,25,-11,28,-13,29,-15,30,-15,29,-15,29,-14,27,-14,25,-13,21,-10,18,110,16,-6,8,-3,3,1,-2,6,-7,10,-11,14,-14,17,-15,-2,-3,-8,-3,-14,5,-9,17,5,22,22,13,26,-6,-2,-30,-7,-25,-22,-10,-21,8,-7,19,8,16,15,3,8,-7,-2,-7,-4,2,3,8,14,2,14,-14,-1,-25,-20,-23,-31,3,-19,25,3,30,22,18,26,-2,14,-16,0,0,-7,-9,-6,-3,-4,-3,-6,-5,-15,-3,-18,9,0,28,10,28,28,13,30,-9,15,-27,-5,-27,-19,-14,-19,1,-11,9,-4,9,-2,8,-1,11,6,15,18,11,20,11,25,-25,3,-41,-28,-35,-47,-8,-41,23,-14,40,13,34]"
CSI_DATA,57656,d8:b1:90:d9:de:f0,-53,11,-99,-40,55,116,848168689,100,0,228,0,"[-18,-2,-18,0,-17,2,-16,6,-14,9,-11,12,-8,14,99,-7,-3,18,-1,19,1,20,3,20,5,20,7,20,8,20,9,19,8,17,7,14,5,11,2,7,-1,2,59,6,-8,-8,-11,-12,-13,-15,-15,-19,-17,-22,-17,-23,0,0,-16,-24,-14,-24,-12,-22,-9,-19,-6,-16,-1,-12,-32,15,9,-1,14,4,18,9,20,13,23,17,24,20,24,21,23,21,23,20,21,19,20,18,17,17,15,14,-49,0,8,7,4,2,0,-3,-3,-8,-6,-13,-6,-16,-6,-19,-5,2,-4,9,5,14,17,9,22,-6,12,-22,-8,-25,-29,4,-24,8,-10,22,9,20,19,7,16,-10,2,-15,-8,-8,-8,3,2,7,9,-1,4,-13,-11,-15,-23,-2,-24,15,0,28,21,20,28,-1,19,-19,-1,-23,-13,-14,0,0,-8,6,-2,4,-2,1,-7,3,-7,12,5,19,23,7,28,-4,18,-23,-2,-30,-21,-20,-26,-1,-17,14,-4,17,5,12,7,6,7,5,9,4,15,0,16,-12,19,-15,-15,-29,-36,-15,-42,14,-22,40,9,44,32,25,36,-1]"
CSI_DATA,57657,d8:b1:90:d9:de:f0,-53,11,-99,-40,55,116,848188803,100,0,228,0,"[-2,-18,-3,-17,-6,-16,-8,-14,-11,-12,-13,-10,-15,-7,99,-7,-18,-2,-19,-1,-20,1,-20,3,-21,4,-20,5,-20,5,-19,5,-18,5,-14,4,-11,2,-7,0,-1,-1,59,6,11,-5,15,-7,20,-7,23,-8,26,-7,28,-7,0,0,28,-4,27,-2,25,0,21,1,16,3,10,6,-131,0,-4,7,-12,8,-18,7,-24,6,-27,5,-29,4,-31,2,-30,2,-30,0,-27,-1,-26,-1,-23,-1,-20,-2,1,15,-10,0,-5,1,2,3,8,5,11,8,14,11,14,14,-3,-4,-9,-1,-12,7,-6,18,9,20,23,10,24,-9,-6,-28,-9,-23,-22,-9,-20,9,-6,19,9,16,14,3,8,-8,-3,-9,-8,1,-1,10,12,8,18,-7,8,-22,-7,-28,-27,-9,-26,13,-9,26,11,24,21,9,18,-7,0,0,-2,-9,-3,-3,1,-3,1,-8,-6,-12,-18,-7,-20,15,-13,24,7,28,24,17,28,-4,17,-18,1,-21,-10,-14,-11,-4,-8,0,-7,0,-10,2,-11,9,-6,20,-5,23,29,17,39,-7,26,-34,-1,-45,-28,-32,-40,-7,-30,17]"
CSI_DATA,57658,d8:b1:90:d9:de:f0,-53,11,-99,-37,54,116,848199067,100,0,228,0,"[16,7,18,6,18,3,18,0,16,-4,15,-8,12,-11,102,-7,8,-18,6,-20,3,-20,1,-21,-1,-22,-2,-22,-3,-22,-4,-21,-5,-19,-4,-15,-2,-11,-1,-7,2,-1,61,6,7,10,10,15,12,20,14,22,16,24,16,26,0,0,15,26,13,25,11,23,9,20,5,15,0,11,0,0,-9,1,-13,-5,-18,-10,-21,-14,-24,-18,-26,-20,-26,-20,-25,-20,-25,-20,-23,-18,-22,-16,-19,-14,-16,-11,66,15,-9,-6,-4,-1,1,3,5,8,8,13,10,15,11,18,5,-1,6,-7,0,-15,-14,-14,-24,-1,-19,18,0,27,30,3,26,-2,15,-20,-4,-22,-18,-10,-16,6,-5,14,7,9,8,-2,-1,-7,-11,0,-7,13,9,19,24,5,28,-12,4,-31,-20,-24,-29,-3,-22,18,-2,25,12,15,0,0,8,-5,3,-4,4,-1,9,-3,8,-12,-4,-21,-25,-9,-29,4,-19,25,3,31,23,20,26,-2,15,-15,1,-16,-7,-10,-7,-4,-6,-3,-8,-5,-15,1,-15,14,-16,20,20,29,39,9,40,-21,15,-44,-18,-44,-38,-19,-36,9]"
CSI_DATA,57659,d8:b1:90:d9:de:f0,-53,11,-99,-41,55,116,848209172,100,0,228,0,"[18,-2,18,-3,16,-5,13,-9,11,-11,7,-13,5,-15,102,-7,-1,-19,-3,-19,-5,-19,-9,-20,-10,-19,-11,-19,-12,-18,-12,-16,-11,-14,-10,-13,-7,-9,-3,-6,2,-1,61,6,11,7,14,11,19,14,21,18,22,20,22,22,0,0,20,22,19,22,15,20,12,18,8,13,2,10,30,0,-9,0,-14,-5,-20,-10,-22,-13,-25,-16,-26,-19,-25,-19,-26,-20,-25,-19,-23,-19,-21,-15,-19,-14,-15,-13,68,15,-8,-5,-3,-1,2,4,5,9,8,13,10,18,9,20,4,-3,2,-10,-8,-13,-19,-5,-21,10,-7,24,12,24,27,-10,23,-12,6,-24,-12,-19,-20,-2,-12,12,1,14,9,4,6,-5,-4,-6,-9,4,-1,15,15,14,26,-3,24,-21,-5,-30,-25,-18,-30,5,-15,24,4,24,16,12,0,0,7,-6,2,-4,3,-1,8,-5,6,-14,-7,-20,-26,-7,-28,7,-16,26,7,31,25,16,26,-4,13,-16,0,-16,-6,-10,-6,-3,-5,-3,-8,-4,-14,-1,-16,12,-18,18,16,30,39,12,41,-18,20,-42,-12,-43,-36,-24,-36,4]"
CSI_DATA,57660,d8:b1:90:d9:de:f0,-46,11,-99,-35,48,116,848229308,100,0,114,0,"[-45,-9,-51,-11,-53,-15,-55,-19,-55,-17,-55,-19,-51,-19,-53,-19,-49,-17,-45,-17,-45,-15,-43,-15,-45,-11,-47,-9,-47,-9,-49,-7,-53,-7,-55,-7,-59,-5,-59,-5,-59,-5,-59,-3,-57,-3,-57,-1,-57,-3,-57,0,-57,1,-57,1,0,0,-55,3,-53,5,-57,5,-57,7,-61,7,-61,7,-61,9,-61,9,-61,13,-57,13,-57,17,-55,17,-51,17,-51,17,-47,19,-49,21,-45,21,-47,25,-47,25,-49,27,-51,29,-55,33,-57,33,-63,37,-63,35,-67,33,-63,29,-61,25]"
CSI_DATA,57661,d8:b1:90:d9:de:f0,-46,11,-99,-35,48,116,848248720,100,0,114,0,"[-37,-27,-39,-29,-41,-33,-41,-35,-41,-39,-39,-37,-39,-39,-35,-35,-35,-31,-33,-33,-33,-31,-33,-33,-31,-29,-33,-31,-35,-31,-37,-31,-39,-31,-45,-33,-43,-33,-47,-33,-43,-33,-47,-31,-47,-31,-49,-31,-47,-31,-45,-29,-45,-29,-45,-29,0,0,-47,-27,-49,-27,-47,-25,-53,-27,-51,-25,-55,-27,-55,-29,-57,-29,-57,-25,-57,-27,-55,-23,-53,-23,-51,-19,-49,-17,-51,-17,-49,-15,-51,-13,-51,-13,-53,-11,-55,-13,-61,-13,-63,-15,-69,-17,-69,-19,-69,-21,-67,-23,-67,-25,-57,-25]"
CSI_DATA,57662,d8:b1:90:d9:de:f0,-46,11,-99,-35,48,116,848258827,100,0,114,0,"[-37,-29,-39,-35,-39,-39,-39,-43,-35,-45,-33,-45,-31,-45,-27,-43,-27,-41,-25,-41,-25,-39,-23,-41,-23,-39,-25,-39,-27,-39,-27,-43,-29,-43,-29,-45,-31,-47,-31,-47,-31,-47,-33,-49,-31,-49,-33,-49,-31,-49,-29,-47,-31,-47,-29,-47,0,0,-29,-47,-29,-47,-31,-49,-31,-49,-31,-51,-31,-53,-33,-53,-31,-55,-33,-55,-31,-53,-33,-51,-29,-49,-31,-47,-29,-47,-27,-43,-29,-43,-29,-41,-29,-43,-31,-45,-33,-47,-35,-49,-37,-55,-37,-57,-37,-63,-35,-67,-31,-67,-27,-67,-19,-63]"
CSI_DATA,57663,d8:b1:90:d9:de:f0,-46,11,-99,-35,48,116,848278789,100,0,114,0,"[39,27,41,33,43,35,45,37,43,39,41,39,41,37,39,35,37,31,37,31,37,29,37,27,37,25,39,25,41,25,45,25,49,23,49,25,51,21,53,19,53,21,57,19,55,17,57,17,55,15,53,13,53,11,53,9,0,0,57,3,55,7,57,5,59,0,59,1,61,0,63,-1,63,-3,63,-5,61,-7,59,-9,57,-9,55,-11,53,-15,51,-15,49,-17,47,-21,47,-19,49,-23,53,-27,55,-29,59,-33,61,-33,63,-35,67,-35,65,-33,65,-29,57,-23]"
CSI_DATA,57664,d8:b1:90:d9:de:f0,-46,11,-99,-36,48,116,848289263,100,0,114,0,"[-45,-16,-49,-20,-51,-24,-51,-26,-51,-28,-51,-30,-47,-30,-45,-30,-43,-26,-43,-26,-39,-24,-39,-26,-39,-24,-41,-24,-41,-26,-45,-24,-47,-26,-47,-26,-51,-26,-51,-26,-53,-28,-55,-26,-53,-26,-53,-26,-51,-26,-51,-24,-51,-24,-51,-22,0,0,-51,-22,-51,-22,-53,-24,-53,-22,-57,-24,-57,-22,-59,-22,-59,-22,-57,-20,-57,-20,-55,-18,-55,-18,-53,-16,-51,-16,-49,-12,-51,-12,-47,-12,-51,-12,-53,-10,-59,-10,-63,-12,-65,-12,-67,-14,-71,-18,-71,-20,-69,-22,-63,-24,-57,-26]"
CSI_DATA,57665,d8:b1:90:d9:de:f0,-46,11,-99,-36,48,116,848308696,100,0,114,0,"[-10,-49,-6,-55,-2,-57,2,-59,2,-61,4,-59,6,-57,6,-55,8,-51,8,-49,8,-47,8,-47,8,-47,8,-49,6,-51,6,-53,8,-53,8,-57,8,-57,8,-61,8,-59,10,-61,10,-59,8,-59,10,-57,10,-57,10,-57,10,-57,0,0,10,-55,10,-55,12,-57,12,-59,12,-61,12,-63,14,-61,14,-61,14,-61,12,-61,10,-59,10,-57,10,-55,10,-53,10,-53,10,-53,8,-53,8,-53,8,-55,10,-57,8,-59,10,-65,12,-67,14,-71,18,-71,22,-69,26,-63,28,-57]"
CSI_DATA,57666,d8:b1:90:d9:de:f0,-46,11,-99,-34,47,116,848318783,100,0,114,0,"[8,-50,13,-54,19,-56,23,-58,26,-58,28,-54,28,-52,32,-47,28,-45,30,-43,30,-41,30,-41,30,-43,30,-41,30,-43,30,-43,32,-47,34,-47,36,-47,39,-50,41,-50,43,-52,41,-50,43,-50,43,-45,43,-45,41,-43,43,-43,0,0,43,-43,45,-41,47,-43,47,-43,52,-43,52,-43,52,-43,54,-43,54,-41,52,-43,52,-41,52,-39,47,-36,45,-34,45,-34,45,-32,43,-32,45,-34,47,-34,52,-34,54,-36,58,-36,63,-36,67,-36,67,-32,69,-28,69,-21,65,-15]"
CSI_DATA,57667,d8:b1:90:d9:de:f0,-46,11,-99,-36,48,116,848328879,100,0,114,0,"[-30,36,-36,39,-41,39,-43,39,-45,39,-45,39,-43,39,-43,34,-39,34,-36,32,-32,32,-32,34,-32,34,-30,36,-30,39,-30,41,-28,43,-30,45,-32,49,-30,51,-30,53,-30,55,-26,53,-26,55,-24,53,-24,53,-22,53,-22,51,0,0,-18,55,-18,55,-18,57,-16,59,-14,61,-14,65,-12,63,-10,65,-8,63,-6,63,-6,63,-2,61,0,57,2,55,4,55,4,55,6,53,8,53,12,55,12,57,14,59,16,63,18,65,18,71,18,71,16,69,12,69,8,65]"
CSI_DATA,57668,d8:b1:90:d9:de:f0,-46,11,-99,-31,47,116,848348758,100,0,114,0,"[31,-31,43,-31,41,-31,51,-33,51,-33,51,-37,47,-25,43,-29,47,-25,41,-21,41,-25,41,-23,41,-29,43,-23,39,-31,47,-29,41,-31,43,-35,45,-31,43,-35,47,-31,47,-35,47,-43,43,-31,47,-41,45,-31,45,-41,51,-29,0,0,49,-43,41,-33,51,-41,47,-43,53,-53,49,-43,43,-45,53,-45,41,-45,47,-43,37,-37,41,-45,39,-37,33,-45,35,-41,27,-43,31,-41,29,-37,31,-45,37,-47,31,-47,41,-55,41,-53,51,-61,47,-51,51,-59,49,-49,45,-49]"
CSI_DATA,57669,d8:b1:90:d9:de:f0,-46,11,-99,-34,47,116,848358850,100,0,114,0,"[50,15,54,21,56,26,56,30,52,34,52,34,47,34,45,34,43,32,41,32,39,32,39,30,39,30,41,30,43,32,45,34,47,34,45,36,50,39,52,39,50,39,52,39,52,39,52,41,50,36,50,39,50,41,50,39,0,0,50,41,47,43,52,45,50,43,52,45,52,47,54,47,52,47,52,47,52,43,50,43,50,43,47,41,45,39,43,39,43,36,41,34,43,34,45,36,47,39,50,41,54,45,54,47,54,52,54,58,50,60,43,58,36,58]"
CSI_DATA,57670,d8:b1:90:d9:de:f0,-46,11,-99,-34,47,116,848379519,100,0,114,0,"[0,-52,4,-58,10,-60,13,-63,17,-63,17,-60,17,-58,17,-54,15,-52,15,-52,13,-50,10,-50,10,-47,8,-50,8,-52,8,-54,8,-56,8,-56,8,-60,6,-63,4,-65,4,-67,2,-67,2,-67,2,-65,2,-63,2,-65,0,-65,0,0,0,-63,0,-63,0,-65,-2,-69,-2,-69,-4,-71,-6,-73,-4,-71,-4,-71,-8,-69,-8,-65,-8,-65,-8,-60,-10,-58,-8,-56,-10,-56,-13,-54,-13,-54,-15,-56,-17,-58,-19,-60,-19,-67,-21,-67,-21,-73,-19,-76,-17,-76,-10,-71,-6,-67]"
CSI_DATA,57671,d8:b1:90:d9:de:f0,-46,11,-99,-34,47,116,848398626,100,0,114,0,"[50,15,54,19,56,23,56,28,54,30,54,32,50,30,50,30,45,26,43,26,43,26,41,26,43,23,45,23,47,26,50,23,52,26,54,26,58,26,58,26,60,26,60,26,60,26,60,26,58,26,58,23,60,23,58,23,0,0,58,21,58,21,60,23,60,21,65,23,65,23,67,21,67,21,65,21,65,19,63,17,60,17,58,15,58,15,54,13,56,10,52,8,56,8,56,6,58,6,63,6,65,8,67,8,76,10,76,15,78,17,69,19,65,21]"
CSI_DATA,57672,d8:b1:90:d9:de:f0,-46,11,-99,-33,47,116,848408936,100,0,114,0,"[23,-46,31,-48,38,-50,40,-48,42,-48,44,-46,44,-42,44,-38,40,-38,42,-33,38,-33,38,-31,40,-31,40,-31,40,-31,42,-33,44,-35,48,-38,48,-40,50,-40,52,-40,52,-42,52,-38,52,-40,52,-35,54,-33,50,-31,52,-33,0,0,52,-33,54,-33,57,-33,57,-33,59,-33,61,-33,61,-33,63,-33,61,-31,59,-31,59,-29,54,-27,52,-27,50,-27,50,-25,50,-25,48,-27,48,-27,50,-27,54,-29,57,-31,61,-31,63,-31,67,-27,69,-23,69,-21,69,-16,67,-10]"
CSI_DATA,57673,d8:b1:90:d9:de:f0,-46,11,-99,-36,48,116,848428622,100,0,114,0,"[2,53,0,57,-4,59,-4,59,-4,63,-4,59,-6,61,-6,55,-2,51,-4,51,-2,49,0,49,2,47,4,49,6,51,8,53,10,55,12,57,14,57,16,61,16,59,18,61,18,59,20,61,20,57,22,55,22,53,22,53,0,0,28,53,30,53,30,51,34,53,36,51,39,53,41,51,41,51,43,49,45,47,45,43,45,41,45,36,45,32,45,30,45,28,47,26,47,24,51,24,55,24,57,24,63,26,67,26,69,28,71,28,67,30,65,32,59,32]"
CSI_DATA,57674,d8:b1:90:d9:de:f0,-47,11,-99,-34,48,116,848438945,100,0,114,0,"[44,-17,48,-15,54,-15,56,-13,58,-9,58,-9,54,-5,54,-5,48,-7,46,-5,46,-5,46,-7,44,-7,44,-9,44,-9,46,-13,50,-13,50,-13,54,-13,54,-15,54,-17,56,-17,54,-17,54,-19,52,-17,52,-17,52,-19,52,-19,0,0,52,-19,50,-21,52,-23,50,-23,54,-25,52,-25,54,-27,54,-27,54,-29,50,-29,50,-29,46,-29,44,-29,42,-31,40,-29,42,-29,40,-31,40,-32,42,-34,44,-36,46,-40,50,-42,52,-44,58,-48,60,-46,63,-42,62,-36,60,-31]"
CSI_DATA,57675,d8:b1:90:d9:de:f0,-46,11,-99,-35,48,116,848458800,100,0,114,0,"[43,27,43,33,41,37,39,41,41,45,37,43,35,45,31,43,29,39,25,39,25,37,25,39,25,37,23,39,25,41,27,41,25,39,29,43,29,43,31,45,31,45,33,47,29,47,31,47,27,47,27,47,25,45,25,47,0,0,25,45,27,47,27,47,29,51,27,51,29,53,27,55,27,55,29,53,27,53,27,51,25,51,25,49,25,47,25,45,23,43,23,45,25,43,27,47,27,55,29,55,29,61,29,67,27,71,23,73,17,75,15,75,7,67]"
CSI_DATA,57676,d8:b1:90:d9:de:f0,-46,11,-99,-35,48,116,848468797,100,0,114,0,"[-21,-43,-19,-49,-15,-55,-11,-57,-9,-59,-5,-57,-1,-55,0,-53,1,-47,3,-45,3,-45,3,-43,3,-43,3,-45,3,-47,3,-47,3,-49,5,-49,7,-53,5,-51,7,-55,9,-55,9,-53,11,-55,11,-51,11,-53,13,-51,15,-53,0,0,17,-53,17,-53,19,-53,19,-53,21,-55,23,-57,25,-57,27,-57,25,-57,25,-55,25,-55,25,-53,25,-51,25,-49,25,-47,25,-47,25,-45,25,-47,27,-49,31,-51,35,-55,39,-59,43,-57,49,-61,53,-59,59,-55,61,-47,61,-39]"
CSI_DATA,57677,d8:b1:90:d9:de:f0,-46,11,-99,-35,48,116,848479156,100,0,114,0,"[-35,-33,-35,-39,-35,-41,-35,-45,-33,-47,-31,-47,-29,-45,-25,-43,-27,-39,-25,-39,-25,-37,-25,-37,-25,-35,-27,-35,-29,-37,-31,-37,-33,-35,-35,-39,-37,-39,-39,-39,-37,-39,-41,-39,-41,-39,-41,-37,-41,-39,-41,-37,-41,-35,-41,-35,0,0,-43,-33,-43,-33,-45,-33,-47,-33,-47,-35,-47,-35,-49,-35,-51,-35,-49,-31,-51,-31,-49,-27,-49,-29,-49,-23,-47,-23,-47,-21,-49,-21,-51,-17,-51,-19,-53,-17,-57,-19,-61,-19,-65,-21,-69,-23,-73,-25,-73,-29,-71,-31,-67,-33,-61,-35]"
CSI_DATA,57678,d8:b1:90:d9:de:f0,-46,11,-99,-35,48,116,848498632,100,0,114,0,"[-49,11,-55,9,-57,7,-59,3,-61,1,-61,0,-57,-3,-53,-3,-51,-1,-49,-3,-45,-3,-47,-1,-43,-1,-45,-1,-47,-1,-47,0,-49,0,-51,0,-55,0,-55,1,-55,1,-57,1,-57,0,-57,1,-55,1,-53,1,-53,1,-55,1,0,0,-55,3,-55,3,-59,3,-57,3,-59,3,-61,3,-61,1,-61,3,-61,3,-61,3,-59,5,-59,5,-55,5,-53,5,-53,7,-53,7,-49,7,-51,9,-53,9,-57,9,-61,11,-67,11,-69,11,-73,11,-77,7,-75,3,-73,-1,-69,-5]"
CSI_DATA,57679,d8:b1:90:d9:de:f0,-46,11,-99,-35,48,116,848509356,100,0,114,0,"[29,-39,35,-41,39,-41,39,-41,43,-43,41,-41,41,-41,39,-37,35,-35,35,-33,29,-33,31,-35,29,-35,27,-35,27,-39,25,-39,23,-41,25,-45,23,-47,23,-49,23,-51,21,-55,21,-53,17,-53,17,-53,15,-51,15,-51,13,-53,0,0,9,-53,7,-55,5,-55,5,-59,5,-59,3,-61,1,-61,1,-61,-1,-61,-1,-61,-5,-59,-7,-59,-9,-55,-9,-53,-13,-51,-13,-49,-15,-49,-17,-49,-19,-51,-21,-53,-23,-55,-29,-59,-31,-63,-31,-67,-31,-67,-29,-67,-25,-69,-21,-65]"
CSI_DATA,57680,d8:b1:90:d9:de:f0,-46,11,-99,-35,48,116,848528849,100,0,114,0,"[-3,-53,0,-57,1,-59,5,-61,5,-61,3,-57,7,-57,7,-53,5,-47,7,-47,3,-45,5,-45,3,-47,1,-45,1,-49,0,-49,0,-49,-1,-51,-5,-53,-5,-55,-5,-55,-9,-57,-7,-57,-11,-55,-7,-57,-9,-57,-9,-55,-11,-53,0,0,-13,-53,-15,-53,-17,-53,-17,-53,-19,-55,-19,-57,-23,-57,-23,-59,-25,-55,-25,-55,-27,-51,-25,-51,-27,-47,-27,-45,-29,-41,-29,-41,-29,-41,-31,-41,-35,-43,-39,-45,-39,-47,-43,-49,-45,-53,-49,-57,-47,-59,-45,-61,-41,-61,-35,-57]"
CSI_DATA,57681,d8:b1:90:d9:de:f0,-46,11,-99,-32,47,116,848539171,100,0,114,0,"[-20,45,-28,49,-34,49,-36,49,-41,45,-41,43,-41,41,-39,39,-36,36,-34,34,-34,32,-32,32,-32,32,-32,32,-34,34,-34,36,-36,39,-41,36,-41,41,-39,43,-39,41,-41,43,-39,45,-39,43,-39,43,-39,43,-36,41,-36,41,0,0,-36,43,-39,41,-39,43,-36,43,-39,43,-39,47,-41,47,-39,49,-41,47,-39,49,-36,47,-36,45,-32,45,-32,43,-32,41,-30,41,-28,41,-28,43,-30,47,-34,51,-34,53,-39,55,-39,57,-45,59,-49,57,-51,55,-53,49,-53,41]"
CSI_DATA,57682,d8:b1:90:d9:de:f0,-46,11,-99,-32,47,116,848558629,100,0,114,0,"[55,0,59,4,61,10,61,14,61,18,59,20,59,24,55,22,49,20,47,20,45,22,45,22,45,20,45,22,47,24,47,24,49,24,51,26,51,26,53,26,51,28,53,26,53,28,53,28,51,30,49,28,49,28,47,26,0,0,47,30,47,30,47,30,51,32,51,32,51,34,51,34,51,34,49,34,51,34,49,32,47,34,45,32,43,30,43,30,43,28,43,30,45,28,47,30,49,32,51,34,53,41,55,43,55,49,53,55,51,57,45,59,36,57]"
CSI_DATA,57683,d8:b1:90:d9:de:f0,-46,11,-99,-32,47,116,848568839,100,0,114,0,"[-30,41,-39,45,-43,45,-47,45,-47,45,-47,43,-45,41,-45,39,-39,36,-39,36,-32,34,-32,36,-34,39,-32,39,-30,43,-30,45,-28,45,-28,47,-30,51,-26,51,-26,53,-24,55,-24,55,-20,55,-20,53,-20,53,-18,51,-18,53,0,0,-12,53,-10,53,-10,57,-8,57,-6,59,-6,61,-2,61,-2,61,2,59,2,57,4,57,6,55,8,53,10,51,10,49,12,49,14,49,16,51,20,51,22,53,24,55,26,57,30,61,30,69,28,69,28,71,22,69,18,65]"
CSI_DATA,57684,d8:b1:90:d9:de:f0,-46,11,-99,-35,48,116,848588636,100,0,114,0,"[51,11,55,17,57,21,57,27,57,29,55,29,51,31,49,29,45,25,45,25,43,25,43,23,43,23,45,21,45,23,49,23,47,23,49,25,53,23,53,23,53,23,53,21,53,21,55,21,51,21,51,19,51,17,49,17,0,0,49,17,49,17,53,17,53,15,55,13,55,13,57,13,59,13,57,11,59,9,55,7,53,7,51,7,49,5,49,5,49,5,51,3,51,1,53,0,57,0,61,0,65,1,69,0,71,3,73,7,71,11,69,13,65,17]"
CSI_DATA,57685,d8:b1:90:d9:de:f0,-46,11,-99,-31,47,116,848598780,100,0,114,0,"[-19,47,-27,51,-33,51,-35,49,-39,49,-39,45,-39,41,-41,39,-39,37,-37,35,-35,33,-35,33,-37,31,-35,31,-35,35,-37,35,-37,33,-41,35,-41,37,-41,37,-43,39,-45,37,-43,37,-41,37,-43,35,-41,33,-41,33,-39,33,0,0,-39,33,-39,33,-41,33,-41,35,-43,35,-45,37,-43,37,-45,37,-43,37,-45,37,-43,37,-41,35,-39,35,-39,33,-37,33,-37,33,-37,33,-39,35,-41,37,-43,37,-45,41,-47,43,-53,43,-61,45,-61,41,-63,37,-65,33,-63,25]"
CSI_DATA,57686,d8:b1:90:d9:de:f0,-47,11,-99,-34,48,116,848618893,100,0,114,0,"[-31,-42,-31,-48,-29,-50,-29,-54,-27,-54,-25,-54,-23,-52,-23,-50,-21,-46,-21,-44,-19,-42,-21,-42,-21,-40,-25,-40,-25,-40,-29,-42,-29,-40,-29,-42,-31,-44,-34,-40,-36,-42,-38,-42,-38,-40,-38,-38,-36,-38,-36,-36,-40,-32,-38,-34,0,0,-40,-31,-40,-29,-44,-32,-44,-29,-48,-29,-48,-29,-50,-29,-52,-27,-52,-25,-52,-23,-52,-21,-52,-19,-50,-17,-48,-15,-48,-13,-48,-13,-48,-9,-50,-7,-52,-7,-56,-7,-60,-7,-63,-7,-67,-5,-73,-9,-73,-9,-71,-13,-69,-17,-63,-19]"
CSI_DATA,57687,d8:b1:90:d9:de:f0,-47,11,-99,-34,48,116,848638769,100,0,114,0,"[32,38,32,44,31,50,31,56,27,54,27,58,23,54,21,52,19,46,19,44,17,44,17,42,17,42,19,42,19,44,21,44,23,46,21,44,25,48,25,46,27,48,27,48,27,48,29,48,27,46,27,44,27,46,27,44,0,0,29,44,25,42,29,44,29,42,31,46,31,46,32,46,32,48,31,46,32,44,31,42,32,46,32,42,32,42,29,38,31,38,31,34,32,36,32,36,36,40,40,44,42,46,42,50,42,52,42,58,40,62,32,58,27,60]"
CSI_DATA,57688,d8:b1:90:d9:de:f0,-47,11,-99,-33,48,116,848648874,100,0,114,0,"[45,18,48,24,47,28,47,32,45,35,43,37,39,37,35,39,33,37,32,37,30,35,30,35,30,33,28,35,30,35,32,35,32,35,33,37,35,39,35,39,35,41,37,41,35,43,35,41,33,43,33,41,33,41,32,41,0,0,30,39,30,39,32,41,33,43,33,45,33,47,33,47,33,48,33,47,32,47,33,45,30,47,30,41,30,41,28,41,28,39,30,39,28,41,30,41,30,47,32,48,33,52,33,58,33,62,32,64,26,65,20,65,15,64]"
CSI_DATA,57689,d8:b1:90:d9:de:f0,-47,11,-99,-34,48,116,848668722,100,0,114,0,"[13,-48,19,-52,23,-54,25,-54,27,-58,27,-56,25,-52,27,-48,21,-44,21,-44,19,-42,19,-44,17,-44,13,-44,13,-46,11,-48,11,-50,11,-52,9,-54,7,-54,7,-56,3,-58,3,-58,1,-56,1,-54,0,-56,-1,-54,0,-52,0,0,-7,-54,-7,-54,-7,-54,-11,-56,-13,-58,-13,-58,-15,-58,-15,-58,-17,-56,-19,-56,-21,-52,-21,-50,-21,-48,-25,-46,-25,-44,-25,-44,-27,-40,-29,-40,-32,-40,-34,-44,-36,-48,-38,-50,-42,-52,-42,-56,-44,-56,-42,-58,-38,-60,-32,-58]"
CSI_DATA,57690,d8:b1:90:d9:de:f0,-47,11,-99,-33,48,116,848679102,100,0,114,0,"[22,-41,30,-45,33,-45,35,-45,41,-45,41,-41,39,-39,39,-35,37,-33,35,-32,33,-30,33,-32,32,-30,32,-32,32,-33,32,-35,32,-35,35,-37,35,-39,35,-41,35,-41,37,-43,33,-45,35,-43,35,-41,33,-41,32,-41,32,-39,0,0,32,-41,33,-41,33,-41,32,-43,32,-43,33,-47,33,-47,33,-47,32,-45,30,-47,30,-45,28,-43,26,-43,24,-41,24,-41,22,-41,22,-41,20,-43,22,-45,24,-48,24,-52,26,-54,30,-58,33,-60,35,-60,37,-58,43,-54,43,-47]"
CSI_DATA,57691,d8:b1:90:d9:de:f0,-46,11,-99,-35,48,116,848698621,100,0,114,0,"[19,47,17,53,13,59,11,61,7,61,5,59,3,57,0,55,0,51,0,49,0,47,0,47,-1,47,-1,47,0,49,0,51,0,53,0,57,0,57,0,59,0,59,0,61,0,59,0,59,-3,57,-3,57,-3,55,-3,55,0,0,-3,55,-3,55,-3,55,-3,57,-5,59,-5,61,-3,59,-5,59,-5,59,-5,59,-5,57,-5,55,-3,53,-1,51,-3,51,-3,49,-1,49,-3,49,-1,53,-3,57,-3,59,-5,63,-7,65,-11,69,-15,71,-19,69,-25,65,-27,57]"
CSI_DATA,57692,d8:b1:90:d9:de:f0,-47,11,-99,-34,48,116,848708859,100,0,114,0,"[-5,50,-9,54,-15,54,-15,54,-17,60,-15,54,-17,54,-15,50,-11,48,-9,48,-7,46,-7,48,-7,44,-3,46,-1,48,-1,48,0,48,0,54,1,54,3,56,5,54,7,58,11,56,13,56,11,56,11,54,13,54,13,50,0,0,17,50,19,52,19,50,23,52,25,50,27,50,31,50,31,50,31,48,32,48,31,44,32,42,32,38,32,36,34,36,32,32,34,31,36,29,40,29,46,31,50,32,52,32,58,36,58,38,60,42,58,40,56,44,48,42]"
CSI_DATA,57693,d8:b1:90:d9:de:f0,-47,11,-99,-34,48,116,848718881,100,0,114,0,"[-15,46,-21,50,-27,50,-29,52,-29,54,-29,52,-31,48,-29,46,-23,44,-25,42,-21,42,-23,42,-21,40,-21,42,-17,44,-19,46,-17,48,-17,50,-17,54,-17,52,-17,54,-13,56,-15,56,-11,56,-13,54,-13,52,-13,54,-9,52,0,0,-7,54,-7,52,-7,54,-5,54,-3,58,-3,58,0,58,-1,60,0,58,0,58,0,54,1,54,3,52,3,50,5,48,5,48,9,46,9,48,11,48,13,54,17,58,17,60,17,65,15,69,13,71,13,69,7,69,3,65]"
CSI_DATA,57694,d8:b1:90:d9:de:f0,-47,11,-99,-34,48,116,848738822,100,0,114,0,"[3,50,-1,56,-7,60,-11,62,-11,60,-15,58,-15,54,-17,52,-15,48,-17,46,-15,44,-15,44,-15,44,-15,44,-15,46,-15,46,-15,48,-17,50,-17,52,-17,52,-15,54,-17,54,-17,54,-17,54,-19,52,-19,52,-19,50,-19,52,0,0,-19,50,-17,50,-19,50,-19,50,-17,52,-19,54,-19,54,-21,56,-21,56,-21,54,-19,52,-17,50,-19,50,-17,48,-15,48,-15,46,-15,44,-13,46,-15,50,-15,52,-17,54,-19,60,-23,60,-29,65,-31,65,-36,63,-36,58,-38,52]"
CSI_DATA,57695,d8:b1:90:d9:de:f0,-46,11,-99,-35,48,116,848759105,100,0,114,0,"[-29,-43,-27,-49,-25,-53,-25,-57,-21,-57,-21,-55,-19,-53,-17,-51,-19,-47,-19,-47,-17,-43,-19,-45,-19,-43,-21,-43,-21,-43,-25,-47,-29,-45,-29,-47,-31,-49,-33,-47,-33,-47,-35,-47,-35,-45,-37,-45,-35,-45,-35,-41,-37,-41,-37,-41,0,0,-39,-37,-37,-39,-41,-39,-43,-37,-45,-37,-45,-37,-47,-37,-49,-37,-49,-35,-49,-33,-49,-31,-47,-29,-45,-25,-45,-23,-45,-23,-47,-19,-47,-19,-47,-17,-51,-15,-55,-17,-57,-17,-63,-19,-65,-21,-69,-23,-71,-27,-71,-29,-65,-29,-59,-31]"
CSI_DATA,57696,d8:b1:90:d9:de:f0,-47,11,-99,-34,48,116,848778635,100,0,114,0,"[15,-46,21,-50,27,-52,31,-54,29,-50,31,-50,31,-46,31,-44,29,-40,29,-38,27,-36,27,-36,25,-36,25,-38,25,-38,25,-40,27,-46,25,-44,27,-48,27,-48,27,-50,27,-50,27,-50,25,-48,25,-46,23,-46,23,-46,23,-46,0,0,23,-46,19,-44,23,-50,21,-48,21,-50,21,-52,21,-54,23,-56,21,-54,19,-54,17,-52,17,-50,15,-48,13,-48,11,-44,11,-48,11,-46,9,-50,9,-52,11,-56,11,-58,13,-62,13,-63,17,-67,19,-69,23,-69,25,-62,29,-58]"
CSI_DATA,57697,d8:b1:90:d9:de:f0,-46,11,-99,-35,48,116,848788768,100,0,114,0,"[-27,43,-33,47,-41,47,-45,45,-45,43,-45,39,-45,35,-47,33,-43,29,-43,27,-41,27,-41,25,-37,27,-39,25,-39,27,-41,27,-45,29,-47,31,-47,33,-49,33,-49,31,-49,31,-49,29,-49,29,-47,27,-47,27,-47,27,-47,27,0,0,-47,25,-47,25,-47,27,-49,27,-51,27,-53,27,-53,27,-55,27,-55,27,-53,27,-51,29,-49,25,-47,27,-45,25,-43,25,-43,25,-45,25,-45,25,-47,27,-51,27,-55,29,-59,29,-63,31,-67,31,-69,27,-71,21,-69,17,-67,11]"
CSI_DATA,57698,d8:b1:90:d9:de:f0,-46,11,-99,-31,47,116,848799384,100,0,114,0,"[-37,33,-43,35,-49,35,-49,33,-53,33,-49,31,-49,31,-47,29,-43,27,-41,29,-41,27,-39,27,-39,27,-37,29,-39,31,-39,33,-37,35,-41,35,-39,37,-39,43,-39,41,-39,45,-37,45,-37,45,-37,43,-33,43,-31,43,-31,45,0,0,-29,47,-29,47,-27,47,-27,51,-27,51,-27,55,-25,55,-25,55,-23,55,-21,55,-19,55,-19,51,-15,51,-11,49,-11,49,-9,47,-7,49,-7,51,-5,55,-5,57,-3,59,-5,63,-3,67,-7,73,-9,75,-11,73,-15,71,-17,65]"
CSI_DATA,57699,d8:b1:90:d9:de:f0,-46,11,-99,-35,48,116,848818644,100,0,114,0,"[-23,-45,-23,-53,-21,-57,-21,-57,-19,-61,-17,-57,-15,-57,-13,-53,-13,-49,-13,-47,-13,-45,-13,-45,-13,-45,-13,-47,-15,-47,-19,-49,-19,-47,-19,-51,-23,-53,-25,-53,-25,-53,-27,-53,-27,-51,-27,-51,-27,-49,-25,-49,-25,-47,-25,-47,0,0,-29,-45,-29,-45,-31,-45,-33,-45,-33,-47,-37,-47,-37,-47,-37,-47,-37,-45,-37,-43,-37,-43,-37,-41,-37,-37,-37,-35,-37,-33,-37,-31,-39,-29,-39,-31,-45,-31,-45,-33,-49,-33,-53,-35,-53,-39,-57,-47,-59,-49,-57,-49,-51,-51,-45,-51]"
CSI_DATA,57700,d8:b1:90:d9:de:f0,-46,11,-99,-35,48,116,848828949,100,0,114,0,"[15,49,13,55,9,61,5,61,3,63,1,61,-1,61,-1,57,-1,53,-3,49,-3,47,-3,49,-5,47,-3,49,-3,49,-1,51,-3,53,-3,55,-3,57,-3,57,-3,57,-3,59,-5,59,-3,59,-5,57,-5,55,-5,53,-5,53,0,0,-5,53,-3,55,-5,55,-5,57,-5,59,-5,59,-5,61,-7,59,-5,59,-5,59,-5,57,-3,55,-3,53,-1,49,-1,51,-3,49,-1,49,-1,51,-1,53,-3,57,-3,59,-3,63,-5,67,-9,75,-11,75,-17,73,-21,69,-23,63]"
CSI_DATA,57701,d8:b1:90:d9:de:f0,-47,11,-99,-36,49,116,848839071,100,0,114,0,"[29,36,29,43,25,49,23,53,20,54,16,56,12,53,10,51,10,47,9,47,7,45,7,43,3,42,3,43,5,45,5,47,3,47,3,49,3,53,1,53,1,53,1,53,0,53,0,51,-1,49,-3,49,-3,47,-3,47,0,0,-5,47,-5,47,-7,49,-9,49,-9,51,-9,53,-9,53,-10,54,-10,53,-10,51,-12,49,-12,47,-12,45,-12,45,-10,42,-12,43,-12,42,-12,43,-14,47,-14,49,-16,53,-20,56,-23,56,-31,60,-34,62,-38,58,-42,51,-43,45]"
CSI_DATA,57702,d8:b1:90:d9:de:f0,-47,11,-99,-35,48,116,848858741,100,0,114,0,"[-11,-49,-7,-55,-5,-57,-5,-61,-3,-61,-1,-61,0,-59,0,-55,-3,-51,-1,-49,-3,-47,-1,-49,-3,-45,-5,-47,-5,-49,-7,-49,-9,-51,-11,-51,-13,-55,-13,-53,-17,-55,-19,-55,-17,-55,-19,-53,-17,-51,-19,-49,-19,-49,-19,-49,0,0,-23,-47,-25,-45,-25,-47,-27,-47,-29,-49,-31,-47,-33,-47,-33,-47,-35,-47,-35,-45,-35,-43,-35,-41,-33,-39,-35,-37,-35,-31,-35,-31,-37,-31,-39,-31,-41,-29,-43,-31,-47,-33,-53,-37,-53,-37,-57,-43,-59,-45,-55,-47,-51,-47,-45,-47]"
CSI_DATA,57703,d8:b1:90:d9:de:f0,-47,11,-99,-33,48,116,848878807,100,0,114,0,"[13,47,11,52,5,58,3,60,1,60,-1,60,-3,56,-5,54,-3,50,-5,48,-5,47,-5,47,-7,47,-5,47,-5,48,-5,50,-5,50,-5,50,-5,52,-5,52,-5,54,-5,56,-5,54,-5,54,-5,50,-7,50,-5,48,-7,48,0,0,-5,50,-5,50,-7,52,-7,52,-7,54,-5,56,-5,56,-7,54,-5,52,-5,52,-7,52,-5,50,-5,48,-5,47,-3,45,-3,47,-3,47,-1,48,-1,48,-3,54,-3,58,-3,64,-7,64,-11,69,-13,71,-18,69,-20,65,-24,58]"
CSI_DATA,57704,d8:b1:90:d9:de:f0,-47,11,-99,-35,48,116,848888906,100,0,114,0,"[23,-43,31,-47,37,-47,41,-45,45,-43,45,-39,47,-33,47,-31,43,-31,43,-27,41,-27,43,-25,43,-23,43,-23,43,-25,45,-23,45,-23,49,-25,49,-25,51,-23,53,-23,53,-23,53,-21,51,-23,51,-19,51,-17,51,-17,49,-17,0,0,51,-13,51,-15,51,-13,53,-15,55,-13,57,-13,57,-13,57,-11,55,-11,55,-11,55,-9,51,-9,49,-7,47,-5,49,-7,47,-7,47,-7,49,-5,51,-7,57,-7,61,-7,63,-5,67,-3,73,0,73,5,73,7,69,13,61,19]"
CSI_DATA,57705,d8:b1:90:d9:de:f0,-47,11,-99,-35,49,116,848908981,100,0,114,0,"[26,-35,33,-37,39,-39,40,-37,40,-39,42,-37,40,-33,40,-32,37,-32,37,-30,35,-28,35,-28,33,-30,32,-30,32,-32,33,-33,32,-33,33,-35,33,-39,33,-39,33,-39,32,-40,33,-39,30,-40,30,-37,30,-39,30,-37,28,-37,0,0,24,-39,24,-39,26,-42,24,-42,24,-44,24,-46,24,-46,24,-48,23,-46,23,-46,21,-46,19,-44,17,-42,16,-42,14,-40,14,-42,12,-40,12,-42,10,-46,12,-49,12,-53,14,-56,16,-58,17,-64,21,-64,24,-62,26,-58,26,-56]"
CSI_DATA,57706,d8:b1:90:d9:de:f0,-50,9,-99,-35,52,116,848925178,124,0,106,0,"[-61,0,-104,18,-44,0,2,0,-40,0,110,0,-47,0,-120,0,-64,0,-62,0,-84,0,-25,0,-103,0,-20,0,-129,0,-50,0,138,0,-149,0,52,0,20,0,-55,18,-139,18,-161,18,62,18,89,18,8,18,0,0,0,0,20,18,74,18,60,18,-147,18,159,18,0,0,-7,18,156,0,-151,0,-51,0,-30,0,-3,0,25,1,-6,0,31,1,-46,0,0,1,-98,0,-67,0,-159,0,140,0,90,0,-16,18,18,0,149,18]"
CSI_DATA,57707,d8:b1:90:d9:de:f0,-47,11,-99,-33,48,116,848938794,100,0,114,0,"[-18,45,-26,47,-32,50,-35,48,-37,47,-41,43,-41,37,-41,35,-37,33,-39,30,-37,30,-37,28,-37,26,-37,26,-39,26,-39,28,-41,28,-43,30,-45,30,-47,30,-47,26,-47,28,-48,26,-48,26,-47,22,-45,20,-45,22,-45,18,0,0,-47,20,-47,20,-48,18,-50,18,-52,18,-54,18,-54,16,-54,16,-52,16,-52,15,-50,15,-50,11,-48,13,-47,13,-45,13,-47,13,-45,11,-47,11,-48,11,-54,11,-58,11,-60,11,-64,7,-67,3,-69,1,-69,-3,-67,-9,-62,-13]"
CSI_DATA,57708,d8:b1:90:d9:de:f0,-47,11,-99,-33,48,116,848948827,100,0,114,0,"[-3,50,-7,54,-11,54,-13,56,-15,60,-15,56,-16,56,-15,52,-15,48,-13,47,-11,45,-11,48,-9,45,-5,47,-5,47,-1,47,-1,48,-1,52,-1,52,0,54,1,54,3,56,3,56,5,54,3,52,7,50,9,50,9,50,0,0,11,47,13,50,15,50,16,52,18,52,18,54,20,54,22,54,24,50,24,48,26,47,26,47,28,43,28,41,28,39,28,39,30,37,32,37,35,37,37,39,41,41,43,45,48,45,50,48,50,48,47,50,43,52,37,50]"
CSI_DATA,57709,d8:b1:90:d9:de:f0,-47,11,-99,-35,48,116,848959086,100,0,114,0,"[-3,47,-7,53,-13,57,-15,57,-17,57,-19,55,-19,53,-19,49,-19,49,-19,47,-19,45,-17,43,-15,43,-15,45,-15,47,-15,49,-15,49,-15,49,-15,51,-13,53,-13,57,-13,57,-13,57,-13,57,-11,53,-11,53,-11,53,-11,53,0,0,-9,51,-9,51,-9,53,-7,55,-7,57,-9,59,-7,61,-7,59,-7,57,-5,57,-3,55,-3,55,-1,53,-1,51,-1,49,-1,51,0,49,0,51,1,55,1,57,3,59,1,63,1,67,0,71,-1,73,-5,73,-11,67,-15,63]"
CSI_DATA,57710,d8:b1:90:d9:de:f0,-46,11,-99,-35,48,116,848978677,100,0,114,0,"[47,-13,53,-9,55,-7,57,-3,61,-1,59,0,57,3,55,3,49,1,49,3,45,3,49,3,47,3,47,3,47,5,47,5,51,5,55,5,55,3,57,5,59,7,59,5,59,7,57,5,57,7,57,7,55,7,53,5,0,0,53,7,51,7,55,9,57,9,59,9,57,9,59,9,59,11,57,9,59,9,57,9,55,11,53,9,51,9,51,7,49,7,51,7,51,7,53,5,57,7,61,9,65,13,69,15,71,17,71,23,67,27,67,31,57,33]"
CSI_DATA,57711,d8:b1:90:d9:de:f0,-46,11,-99,-35,48,116,848988662,100,0,114,0,"[35,-31,43,-33,47,-33,51,-29,53,-25,55,-23,53,-19,53,-17,47,-15,49,-11,47,-9,45,-9,45,-11,45,-11,49,-9,49,-11,51,-9,53,-9,55,-11,57,-11,59,-7,59,-7,59,-3,59,-3,57,-3,57,-5,55,-3,55,-1,0,0,53,0,55,0,57,0,57,0,59,3,59,3,61,5,61,7,59,7,57,7,57,3,57,7,55,7,53,7,53,5,51,5,51,7,53,7,53,9,57,13,61,15,65,17,65,19,71,23,69,29,67,33,61,37,53,39]"
CSI_DATA,57712,d8:b1:90:d9:de:f0,-46,11,-99,-36,48,116,848998802,100,0,114,0,"[-4,49,-10,53,-12,55,-14,55,-16,59,-16,57,-18,55,-18,51,-14,49,-16,49,-14,45,-14,47,-10,49,-8,49,-8,51,-6,53,-6,51,-4,55,-2,57,-2,57,-2,59,2,61,0,61,2,59,2,59,4,57,6,57,6,53,0,0,10,53,12,55,14,57,16,57,14,59,14,59,18,59,18,61,20,57,20,57,24,55,24,53,24,49,26,47,26,47,28,45,30,43,30,45,32,45,34,47,36,49,41,53,43,55,47,59,47,61,43,61,39,63,32,59]"
CSI_DATA,57713,d8:b1:90:d9:de:f0,-47,11,-99,-34,48,116,849008847,100,0,114,0,"[1,-46,5,-50,9,-54,11,-56,13,-56,15,-56,15,-52,17,-50,15,-46,15,-46,13,-44,13,-44,13,-44,13,-44,11,-48,11,-48,9,-50,11,-50,9,-54,9,-54,9,-56,7,-56,7,-56,7,-56,7,-54,5,-54,5,-54,5,-52,0,0,3,-54,3,-54,3,-56,1,-54,1,-58,1,-58,0,-60,0,-60,0,-60,-1,-58,-1,-58,-3,-56,-3,-54,-5,-54,-5,-50,-5,-52,-7,-48,-7,-52,-9,-54,-9,-56,-11,-60,-11,-63,-11,-65,-11,-73,-9,-75,-5,-77,0,-69,3,-65]"
CSI_DATA,57714,d8:b1:90:d9:de:f0,-47,11,-99,-35,48,116,849018897,100,0,114,0,"[-45,13,-53,9,-53,9,-53,3,-57,-1,-51,-1,-57,-9,-53,-1,-47,-3,-45,-5,-45,-3,-47,-3,-47,-5,-45,-7,-47,-3,-53,-5,-51,-3,-57,-7,-61,-9,-53,-1,-55,-5,-57,-7,-61,-7,-59,-7,-49,0,-49,-9,-51,-7,-57,-13,0,0,-53,-5,-53,-3,-57,-3,-49,-7,-49,-17,-57,-13,-61,-13,-59,-9,-61,-5,-57,-5,-65,-5,-51,-5,-55,-11,-53,1,-47,-7,-51,-5,-55,-13,-49,-9,-51,-7,-55,-9,-61,-7,-69,-17,-67,-19,-69,-13,-79,-19,-71,-23,-69,-23,-61,-29]"
CSI_DATA,57715,d8:b1:90:d9:de:f0,-51,11,-99,-34,52,116,849030271,277,0,106,0,"[-81,0,144,0,118,0,-118,0,-13,18,-79,0,-136,18,-58,0,86,18,-77,0,9,18,-105,0,-22,17,-134,0,-3,17,141,0,94,18,85,0,-51,18,24,0,138,0,-28,18,-18,0,-72,18,73,1,-88,18,0,0,0,0,72,1,-139,18,-19,0,-143,18,122,0,-156,18,-94,18,-144,18,20,18,-125,18,-113,17,-116,18,152,17,-100,18,-145,17,-88,18,-86,17,-86,18,9,18,-66,18,151,18,-46,18,15,0,-22,18,-130,0]"
CSI_DATA,57716,d8:b1:90:d9:de:f0,-46,11,-99,-35,48,116,849048883,100,0,114,0,"[-17,43,-21,47,-25,47,-27,45,-31,51,-29,47,-33,45,-29,41,-27,41,-27,39,-23,37,-25,39,-23,41,-21,41,-21,43,-21,45,-19,43,-23,51,-21,51,-23,53,-21,51,-21,55,-19,55,-17,53,-17,53,-17,53,-15,51,-13,51,0,0,-13,51,-11,55,-11,55,-11,59,-9,59,-11,61,-9,61,-9,63,-5,59,-5,63,-3,59,-1,59,0,55,0,53,0,55,1,51,3,53,5,51,5,55,5,57,7,63,7,65,9,73,7,75,7,73,1,71,-1,75,-3,65]"
CSI_DATA,57717,d8:b1:90:d9:de:f0,-46,11,-99,-35,48,116,849068804,100,0,114,0,"[-17,45,-23,49,-29,49,-31,49,-33,49,-35,47,-37,43,-37,41,-33,39,-35,37,-31,33,-33,33,-33,33,-33,35,-33,35,-33,37,-35,37,-37,39,-37,41,-39,41,-41,41,-39,43,-41,41,-37,41,-41,39,-39,39,-39,39,-39,37,0,0,-37,37,-37,39,-39,39,-41,39,-43,41,-43,41,-43,41,-45,41,-43,41,-45,41,-43,39,-43,37,-39,35,-37,35,-37,35,-37,35,-37,35,-39,35,-39,39,-43,41,-47,43,-49,43,-53,45,-59,43,-59,41,-61,37,-63,33,-61,25]"
CSI_DATA,57718,d8:b1:90:d9:de:f0,-47,11,-99,-35,48,116,849079972,100,0,114,0,"[0,-47,3,-53,7,-55,9,-55,11,-59,11,-55,13,-55,13,-51,11,-49,13,-45,9,-43,11,-45,9,-43,9,-45,7,-47,7,-47,5,-49,5,-53,5,-53,7,-57,5,-55,3,-59,3,-55,1,-57,1,-55,1,-55,0,-55,1,-51,0,0,-1,-51,-3,-53,-1,-55,-3,-57,-3,-57,-3,-61,-5,-61,-3,-61,-7,-61,-7,-61,-7,-59,-9,-57,-9,-53,-9,-51,-11,-51,-13,-51,-13,-49,-15,-49,-17,-53,-17,-55,-17,-59,-19,-63,-19,-67,-19,-71,-17,-71,-13,-71,-9,-71,-5,-65]"
CSI_DATA,57719,d8:b1:90:d9:de:f0,-47,11,-99,-34,48,116,849099010,100,0,114,0,"[44,23,46,27,48,31,48,32,48,36,46,34,42,36,40,34,38,31,38,32,36,29,36,29,36,29,36,29,38,29,40,29,40,27,44,29,46,29,46,27,48,29,50,29,50,29,50,27,48,27,48,27,46,25,46,25,0,0,48,21,48,21,50,23,52,19,54,21,56,23,56,21,58,23,58,19,58,17,56,17,54,17,54,13,52,13,52,11,50,9,50,7,52,9,54,7,56,7,60,7,63,9,65,11,73,13,73,17,71,19,69,21,62,25]"
CSI_DATA,57720,d8:b1:90:d9:de:f0,-50,9,-99,-36,52,116,849114492,98,0,106,0,"[123,19,88,19,-123,19,50,19,-23,19,15,19,49,0,-7,18,101,0,-27,18,132,0,-23,18,141,0,-23,18,123,0,11,19,91,0,129,19,54,0,-33,19,36,0,161,0,59,0,-11,0,91,0,68,1,0,0,0,0,-141,0,36,1,-151,0,-66,0,128,0,99,0,0,0,-89,19,-164,19,101,19,28,19,36,19,-53,18,45,19,-62,18,82,19,-33,18,141,19,33,19,-132,19,163,19,-94,19,1,0,-97,19,141,0]"
CSI_DATA,57721,d8:b1:90:d9:de:f0,-46,11,-99,-35,48,116,849128735,100,0,114,0,"[-49,-7,-51,-13,-53,-19,-53,-23,-53,-25,-53,-29,-49,-31,-45,-29,-41,-27,-39,-31,-37,-29,-37,-29,-35,-27,-37,-29,-37,-31,-39,-31,-39,-33,-39,-33,-43,-37,-41,-37,-43,-39,-43,-39,-41,-41,-41,-39,-37,-39,-37,-39,-35,-39,-35,-41,0,0,-35,-41,-33,-41,-35,-45,-35,-43,-37,-45,-37,-47,-35,-49,-37,-49,-35,-49,-33,-47,-33,-47,-33,-49,-31,-47,-29,-47,-29,-43,-29,-45,-25,-43,-29,-45,-27,-47,-27,-51,-29,-55,-29,-61,-29,-63,-25,-67,-23,-73,-17,-73,-11,-69,-5,-67]"
CSI_DATA,57722,d8:b1:90:d9:de:f0,-46,11,-99,-35,48,116,849138942,100,0,114,0,"[-13,-47,-11,-53,-9,-55,-7,-55,-7,-61,-5,-59,-3,-59,-3,-53,-5,-49,-3,-49,-5,-47,-7,-47,-7,-47,-9,-47,-11,-49,-13,-51,-13,-49,-17,-53,-17,-53,-19,-55,-21,-53,-23,-55,-23,-53,-25,-51,-25,-51,-25,-49,-25,-47,-25,-47,0,0,-27,-43,-29,-45,-31,-45,-35,-47,-37,-45,-39,-47,-41,-45,-41,-45,-41,-43,-43,-41,-43,-41,-41,-39,-39,-35,-39,-33,-41,-33,-41,-31,-43,-29,-43,-27,-47,-27,-51,-29,-53,-29,-57,-33,-61,-35,-63,-39,-63,-39,-59,-41,-57,-45,-47,-41]"
CSI_DATA,57723,d8:b1:90:d9:de:f0,-46,11,-99,-35,48,116,849158742,100,0,114,0,"[-45,-11,-49,-15,-51,-17,-53,-23,-51,-23,-51,-25,-47,-27,-45,-25,-41,-23,-39,-25,-37,-23,-39,-23,-39,-23,-41,-21,-43,-23,-45,-21,-45,-23,-49,-25,-51,-25,-51,-25,-51,-27,-53,-27,-51,-27,-51,-25,-49,-25,-49,-23,-49,-23,-49,-23,0,0,-47,-21,-47,-21,-51,-23,-53,-23,-55,-23,-55,-25,-55,-23,-55,-25,-57,-23,-55,-21,-55,-21,-55,-19,-51,-17,-51,-17,-49,-15,-49,-15,-49,-15,-51,-15,-53,-15,-55,-19,-59,-19,-63,-21,-65,-21,-69,-23,-67,-27,-65,-31,-61,-33,-55,-35]"
CSI_DATA,57724,d8:b1:90:d9:de:f0,-53,11,-99,-37,54,116,849168915,100,0,228,0,"[0,-18,-2,-19,-4,-16,-8,-15,-11,-12,-13,-9,-16,-6,102,-7,-21,-1,-22,2,-23,4,-23,6,-23,8,-23,9,-23,10,-21,11,-20,11,-15,9,-12,8,-7,5,-1,2,61,6,9,-4,14,-7,19,-8,22,-11,25,-12,26,-12,0,0,27,-12,26,-10,24,-8,21,-6,15,-3,10,0,-135,0,-2,7,-10,10,-14,12,-21,14,-25,15,-27,18,-29,16,-29,16,-27,14,-26,14,-24,13,-23,12,-20,10,38,15,-10,6,-4,4,1,3,7,2,13,2,16,2,19,2,-1,-5,-8,-5,-14,4,-10,16,6,22,22,13,25,-6,-6,-26,-8,-25,-22,-9,-20,8,-6,19,9,14,14,1,6,-8,-4,-6,-7,5,3,12,16,6,20,-12,4,-28,-15,-25,-33,-3,-26,23,-3,33,20,24,28,2,18,-14,0,0,-9,-10,-7,-1,-1,0,0,-5,-7,-9,-18,-2,-13,18,-5,27,16,24,29,7,25,-14,7,-25,-9,-19,-15,-7,-12,3,-6,5,-5,4,-7,6,-5,13,5,20,6,25,33,-2,28,-27,2,-44,-28,-36,-43,-8,-36,21,-12,33]"
CSI_DATA,57725,d8:b1:90:d9:de:f0,-53,11,-99,-37,54,116,849178939,100,0,228,0,"[16,6,18,5,18,3,16,-1,16,-4,14,-8,13,-12,102,-7,10,-18,8,-20,7,-22,6,-23,5,-25,4,-25,3,-25,2,-24,2,-23,1,-19,0,-15,0,-9,-1,-3,61,6,-2,9,-3,15,-5,20,-6,24,-7,26,-7,28,0,0,-9,28,-10,26,-10,24,-9,19,-9,13,-7,7,-94,15,-3,-7,0,-13,3,-20,5,-25,8,-28,11,-30,12,-31,12,-30,13,-30,12,-27,12,-26,11,-23,9,-20,115,0,5,-11,1,-6,-3,-1,-7,2,-11,5,-14,7,-18,6,4,2,8,-5,3,-14,-10,-15,-23,-5,-21,13,-5,26,27,6,26,4,20,-14,2,-22,-12,-14,-16,0,-8,11,4,10,8,-1,0,-9,-12,-5,-14,10,-1,24,21,21,30,2,23,-26,-2,-34,-24,-23,-31,0,-20,20,-1,24,0,0,13,0,6,-5,0,-1,4,3,11,1,14,-11,-2,-23,-14,-22,-29,-6,-25,14,-9,27,10,24,20,9,16,-4,8,-9,2,-8,2,-6,2,-9,-3,-13,-15,-13,-19,-15,-26,21,-7,39,21,38,42,16,43,-15,21,-37,-6,-36]"
CSI_DATA,57726,d8:b1:90:d9:de:f0,-53,11,-99,-38,54,116,849198794,100,0,228,0,"[-2,18,0,18,2,17,5,16,8,14,11,13,15,10,105,-7,20,7,21,5,23,5,25,3,26,3,27,2,27,2,25,1,23,1,20,1,16,1,9,0,4,-1,63,6,-9,-3,-15,-5,-19,-7,-22,-9,-25,-11,-26,-14,0,0,-25,-15,-23,-16,-20,-16,-16,-15,-10,-11,-5,-8,-77,16,7,0,13,5,17,10,20,15,21,20,22,22,21,25,21,26,19,25,17,25,15,23,13,21,10,19,-112,0,5,10,4,5,3,-1,2,-7,2,-13,4,-16,5,-17,0,4,7,6,15,-1,11,-14,0,-22,-18,-17,-27,0,-1,28,0,26,17,17,22,-1,13,-15,-2,-17,-11,-7,-9,5,2,9,9,0,5,-13,-10,-16,-25,-2,-22,19,-5,32,23,27,35,3,28,-22,4,-32,-16,-23,-23,-4,0,0,-3,13,4,7,2,1,-4,2,-4,9,6,16,21,5,26,-6,16,-23,-3,-30,-21,-19,-26,0,-17,14,-4,17,5,11,6,5,4,4,6,5,13,4,19,-5,25,-6,-2,-32,-27,-28,-43,-5,-38,23,-13,42,15,39,31,18]"
CSI_DATA,57727,d8:b1:90:d9:de:f0,-52,11,-99,-40,54,116,849208941,100,0,228,0,"[6,-18,4,-19,1,-19,-3,-17,-8,-17,-11,-13,-16,-12,112,-8,-23,-6,-25,-4,-25,-1,-27,-1,-28,1,-28,3,-28,4,-26,5,-24,6,-21,6,-16,4,-10,4,-3,2,66,6,10,-2,17,-3,21,-5,26,-5,28,-5,32,-6,0,0,31,-8,31,-5,27,-4,24,-3,18,0,12,2,-145,0,-4,8,-10,9,-19,11,-24,12,-27,13,-31,12,-32,12,-33,13,-32,13,-30,12,-28,11,-25,11,-21,9,32,17,-10,5,-5,4,2,2,9,0,12,0,18,1,19,3,1,-3,-5,-8,-15,-2,-15,12,-2,25,18,19,30,2,1,-30,-1,-27,-20,-17,-24,3,-11,18,5,17,15,4,8,-9,-4,-9,-10,3,0,15,16,11,26,-8,12,-30,-11,-33,-35,-11,-34,18,-11,38,17,32,30,9,24,-13,0,0,-6,-13,-10,-2,-1,1,1,-4,-5,-10,-19,-4,-17,16,-8,27,12,28,31,10,28,-12,11,-26,-8,-23,-17,-9,-13,0,-8,4,-4,3,-8,6,-5,13,4,21,5,25,34,-1,31,-28,4,-46,-28,-39,-45,-9,-40,21,-13,35]"
CSI_DATA,57728,d8:b1:90:d9:de:f0,-49,9,-99,-34,50,116,849224447,124,0,106,0,"[100,23,143,0,83,23,4,0,75,23,-138,23,83,23,137,23,110,23,49,23,126,23,1,23,153,23,-20,21,186,23,3,23,-127,23,123,23,-18,23,-92,23,118,0,112,0,-138,0,-129,0,-55,0,-38,0,0,0,0,0,9,1,-87,0,-47,0,-184,0,-183,0,50,0,-1,23,-115,23,160,23,153,23,-6,21,87,23,-89,21,90,23,-97,21,130,23,-53,21,178,23,43,23,-158,23,187,23,-101,23,7,0,-43,23,-184,0]"
CSI_DATA,57729,d8:b1:90:d9:de:f0,-52,11,-99,-38,54,116,849238626,100,0,228,0,"[6,17,7,17,9,15,11,10,16,8,17,5,19,2,105,-7,22,-4,23,-6,23,-8,25,-9,25,-11,25,-11,23,-13,22,-13,21,-11,18,-10,14,-8,9,-6,4,-3,63,6,-8,3,-15,4,-19,6,-23,6,-27,7,-29,6,0,0,-30,5,-29,3,-27,2,-22,0,-17,-2,-11,-4,133,16,4,-7,10,-7,19,-6,25,-5,28,-4,30,-3,31,-1,32,-1,31,0,29,1,28,2,25,1,21,3,-11,0,11,2,7,0,1,-1,-5,-3,-8,-6,-13,-10,-13,-11,2,3,8,2,13,-7,5,-18,-11,-20,-25,-6,-25,13,14,26,13,22,25,5,19,-13,3,-20,-11,-14,-15,0,-5,10,6,6,8,-5,-2,-14,-17,-7,-22,11,-6,30,16,28,35,6,30,-20,7,-35,-18,-29,-29,-7,-22,13,0,0,6,14,9,3,3,-1,-1,3,3,9,15,7,17,-11,13,-21,-4,-28,-23,-17,-28,2,-17,17,-2,21,9,14,10,6,9,0,7,-1,10,-3,10,-9,5,-20,6,-21,-28,-15,-38,8,-26,33,2,43,29,31,41,6,30,-17]"
CSI_DATA,57730,d8:b1:90:d9:de:f0,-52,11,-99,-40,54,116,849248741,100,0,228,0,"[1,-20,0,-19,-2,-19,-6,-17,-10,-16,-13,-12,-17,-10,112,-8,-23,-8,-25,-6,-26,-5,-28,-4,-28,-3,-30,-3,-30,-2,-28,-2,-26,-2,-23,-2,-18,-1,-12,0,-4,1,66,6,9,3,15,5,19,8,23,11,25,13,27,16,0,0,27,18,24,19,20,19,16,18,10,16,4,12,62,0,-8,2,-13,-4,-18,-11,-20,-16,-21,-20,-21,-24,-20,-26,-19,-27,-18,-27,-16,-26,-15,-25,-11,-23,-9,-21,-132,17,-4,-11,-3,-5,-1,1,0,8,0,12,-1,16,-4,17,1,-3,-6,-6,-15,1,-12,15,1,25,19,18,30,0,1,-30,0,-27,-18,-19,-24,0,-15,16,2,18,13,8,11,-5,-1,-10,-10,-1,-6,12,10,17,27,3,25,-20,5,-34,-24,-28,-39,-3,-31,24,-5,35,17,27,26,6,0,0,5,-15,-4,-9,-3,-1,3,-2,4,-10,-5,-17,-21,-4,-27,4,-19,23,1,31,19,21,26,3,20,-11,6,-18,-2,-13,-5,-9,-4,-6,-8,-6,-15,-4,-19,6,-23,5,2,34,27,30,45,5,40,-24,16,-42,-13,-40,-31,-19]"
CSI_DATA,57731,d8:b1:90:d9:de:f0,-53,11,-99,-38,54,116,849259336,100,0,228,0,"[0,-18,-2,-18,-5,-17,-8,-15,-11,-13,-15,-9,-18,-6,105,-7,-22,-2,-25,0,-25,2,-26,4,-27,6,-27,7,-26,8,-25,9,-22,9,-19,8,-16,7,-10,5,-4,3,63,6,8,-2,13,-5,18,-6,22,-6,26,-7,28,-6,0,0,29,-6,28,-4,26,-2,21,0,17,2,10,4,-135,0,-3,8,-10,10,-17,10,-22,10,-27,10,-29,9,-30,9,-31,8,-30,7,-28,6,-27,6,-25,5,-21,5,15,16,-13,3,-6,2,-1,1,4,1,9,1,13,3,15,5,0,-3,-7,-4,-14,3,-9,16,5,22,21,13,26,-6,-6,-28,-7,-26,-21,-11,-21,7,-7,19,8,15,14,2,7,-8,-5,-8,-8,3,1,14,17,8,22,-9,8,-28,-15,-29,-34,-8,-30,19,-7,34,17,29,29,7,22,-13,0,0,-7,-14,-8,-3,-3,1,0,-2,-4,-8,-15,-5,-15,15,-10,22,8,26,23,13,26,-5,14,-19,-1,-20,-10,-13,-11,-3,-8,1,-8,2,-9,5,-8,14,1,21,1,23,33,3,32,-21,11,-41,-19,-41,-41,-17,-39,11,-19,29]"
CSI_DATA,57732,d8:b1:90:d9:de:f0,-53,11,-99,-38,54,116,849278626,100,0,228,0,"[13,-13,11,-14,9,-15,5,-16,1,-17,-2,-17,-6,-17,105,-7,-14,-17,-16,-16,-18,-16,-19,-16,-21,-15,-22,-15,-22,-14,-22,-13,-21,-11,-18,-9,-15,-7,-10,-5,-4,-2,63,6,6,4,11,7,15,10,18,14,20,15,21,17,0,0,20,19,18,19,15,18,11,17,6,14,1,11,-5,16,-10,2,-16,-3,-19,-8,-22,-13,-25,-17,-26,-19,-26,-20,-23,-21,-23,-21,-21,-20,-19,-19,-17,-18,-15,-16,119,16,-8,-10,-5,-6,-1,-2,1,3,3,8,3,13,2,15,1,-2,-2,-7,-13,-6,-18,4,-13,19,5,25,22,15,15,-22,14,-20,-5,-23,-19,-10,-18,6,-6,16,6,11,10,1,2,-7,-8,-4,-8,10,4,17,21,9,26,-10,11,-29,-15,-31,-33,-10,-31,14,-10,30,11,27,23,9,0,0,7,-13,-3,-9,-2,-2,2,-1,4,-8,-4,-15,-21,-3,-22,3,-15,20,2,26,17,18,21,2,15,-10,5,-14,-3,-10,-4,-7,-5,-6,-10,-6,-16,0,-19,11,-21,13,13,31,35,18,42,-9,27,-35,-3,-44,-28,-30,-34,-4]"
CSI_DATA,57733,d8:b1:90:d9:de:f0,-52,11,-99,-40,54,116,849288742,100,0,228,0,"[-12,-13,-13,-12,-15,-9,-16,-6,-16,-1,-18,2,-18,6,112,-8,-18,13,-19,15,-19,17,-18,19,-18,20,-18,21,-18,21,-17,21,-16,20,-13,17,-11,13,-8,9,-3,4,66,6,6,-5,11,-10,15,-11,19,-15,21,-16,24,-16,0,0,26,-13,26,-10,24,-6,20,-4,17,0,11,3,145,0,-3,11,-10,13,-17,16,-23,16,-27,16,-31,13,-32,13,-33,11,-32,9,-30,8,-28,6,-26,4,-24,3,0,17,-15,1,-8,1,-1,0,4,1,10,3,12,5,15,6,-2,-2,-8,2,-6,12,4,19,19,15,26,-3,17,-21,-21,-17,-20,-17,-25,2,-13,19,3,20,15,9,13,-4,2,-10,-6,-3,-4,6,8,10,19,-2,15,-20,-5,-28,-27,-18,-36,8,-20,31,5,36,27,20,31,-3,18,-19,0,0,-10,-12,-10,-1,-3,1,0,-3,-6,-6,-16,-1,-12,19,-5,24,12,24,25,10,25,-9,12,-20,-3,-20,-10,-11,-11,-3,-9,0,-9,1,-11,5,-10,15,-1,24,-1,26,36,8,38,-18,18,-42,-12,-47,-39,-27,-43,3,-26,25]"
CSI_DATA,57734,d8:b1:90:d9:de:f0,-53,11,-99,-37,54,116,849299216,100,0,228,0,"[-18,1,-16,2,-15,5,-12,9,-9,11,-6,14,-2,18,102,-7,4,21,6,21,8,22,10,22,12,23,14,22,15,21,15,20,15,19,13,15,11,12,8,8,4,4,61,6,-5,-5,-8,-9,-11,-12,-13,-15,-15,-19,-16,-21,0,0,-15,-21,-14,-21,-11,-20,-8,-18,-4,-14,1,-10,13,0,11,0,16,5,20,9,24,13,25,16,26,19,26,21,26,20,25,21,23,19,22,18,20,16,16,14,-55,0,10,8,7,5,2,0,-4,-3,-6,-6,-7,-11,-7,-12,-3,1,-3,8,5,12,16,7,21,-8,9,-23,-9,-24,-23,9,-22,10,-7,23,9,19,19,4,12,-9,0,-12,-7,-5,-5,5,5,5,9,-6,1,-16,-18,-15,-28,3,-19,24,5,33,29,19,33,-6,18,-26,-5,-28,-21,-14,0,0,-9,11,2,9,3,2,-2,2,-4,7,3,14,22,5,23,-3,15,-19,-2,-25,-18,-16,-22,-1,-14,11,-4,14,1,10,3,8,4,7,10,7,16,0,18,-14,19,-16,-18,-30,-39,-12,-40,18,-20,41,12,44,34,23,36,-4]"
CSI_DATA,57735,d8:b1:90:d9:de:f0,-46,11,-99,-33,47,116,849318796,100,0,114,0,"[-27,40,-33,42,-40,44,-44,42,-46,35,-46,33,-46,29,-46,29,-44,25,-42,23,-44,23,-40,21,-42,21,-44,23,-44,23,-48,23,-50,25,-50,23,-54,23,-54,25,-54,23,-54,21,-57,21,-59,21,-54,19,-54,19,-57,16,-57,19,0,0,-57,14,-57,12,-59,12,-61,12,-63,12,-63,10,-67,8,-65,10,-67,6,-63,8,-61,8,-63,6,-61,6,-61,4,-57,2,-57,2,-57,4,-57,2,-59,2,-63,0,-67,0,-71,-4,-73,-6,-78,-8,-82,-14,-80,-21,-71,-25,-63,-29]"
CSI_DATA,57736,d8:b1:90:d9:de:f0,-46,11,-99,-35,48,116,849338638,100,0,114,0,"[47,-7,53,-5,57,-3,59,0,59,0,59,1,55,3,55,1,49,1,47,3,45,1,45,0,47,-1,47,-1,49,-3,49,-5,51,-3,53,-5,55,-7,55,-9,57,-9,57,-9,55,-9,55,-11,55,-13,55,-15,53,-15,55,-17,0,0,55,-15,53,-19,55,-21,55,-21,57,-23,57,-23,57,-23,59,-25,57,-25,55,-27,53,-29,53,-29,49,-29,47,-29,45,-29,47,-29,43,-31,43,-33,45,-33,45,-35,49,-39,51,-41,53,-43,59,-47,61,-45,63,-41,61,-37,59,-31]"
CSI_DATA,57737,d8:b1:90:d9:de:f0,-46,11,-99,-36,48,116,849348660,100,0,114,0,"[28,39,28,45,26,49,24,53,22,55,20,55,18,53,18,51,16,45,16,47,16,45,16,45,16,45,18,45,18,45,20,49,20,49,18,51,20,53,22,53,22,53,24,53,26,53,24,53,24,53,24,53,24,51,24,51,0,0,24,51,26,51,24,53,26,53,28,55,28,55,30,57,28,57,28,55,30,55,28,51,30,53,30,49,28,49,28,47,28,47,28,45,30,45,32,47,34,49,36,51,36,55,39,57,36,63,36,67,32,67,26,65,20,63]"
CSI_DATA,57738,d8:b1:90:d9:de:f0,-46,11,-99,-36,48,116,849359403,100,0,114,0,"[20,-43,24,-47,28,-49,30,-49,32,-49,32,-49,30,-47,30,-45,26,-43,24,-43,24,-43,22,-41,20,-43,20,-45,18,-47,18,-49,18,-53,16,-51,16,-57,12,-57,12,-59,10,-61,8,-59,8,-59,6,-57,4,-57,2,-57,2,-57,0,0,-2,-59,-2,-57,-4,-61,-6,-61,-8,-63,-10,-63,-12,-65,-12,-63,-16,-65,-16,-61,-20,-59,-18,-59,-20,-55,-22,-55,-22,-49,-24,-49,-26,-47,-28,-47,-30,-47,-32,-49,-36,-51,-41,-55,-43,-55,-47,-61,-47,-63,-45,-63,-39,-61,-32,-59]"
CSI_DATA,57739,d8:b1:90:d9:de:f0,-49,9,-99,-36,51,116,849377511,318,0,106,0,"[-171,21,98,21,-47,21,72,21,98,0,66,21,-146,0,88,21,-53,0,138,21,21,1,-173,21,62,1,-132,21,39,1,-88,21,-68,0,-33,21,122,0,20,0,-100,21,56,0,81,21,90,0,-33,20,98,0,0,0,0,0,-58,20,152,0,20,21,149,0,-170,21,149,0,77,0,117,0,-68,0,71,0,100,1,20,0,154,1,-8,21,145,1,-36,21,90,1,-40,21,7,1,-42,21,-149,0,-45,21,30,0,-15,21,-151,21]"
CSI_DATA,57740,d8:b1:90:d9:de:f0,-46,11,-99,-32,47,116,849388673,100,0,114,0,"[-45,-18,-49,-22,-51,-24,-53,-30,-51,-32,-51,-34,-47,-34,-45,-32,-43,-28,-41,-30,-39,-26,-41,-26,-41,-26,-43,-24,-43,-26,-47,-24,-49,-28,-49,-28,-53,-30,-53,-28,-53,-28,-55,-26,-53,-26,-55,-24,-53,-24,-53,-24,-53,-24,-55,-22,0,0,-55,-22,-55,-22,-57,-24,-57,-22,-61,-24,-61,-22,-61,-22,-63,-24,-61,-20,-59,-20,-59,-18,-57,-18,-55,-16,-55,-14,-51,-12,-53,-12,-51,-10,-53,-8,-53,-8,-57,-10,-61,-8,-65,-10,-67,-10,-71,-12,-73,-14,-71,-18,-67,-20,-61,-22]"
CSI_DATA,57741,d8:b1:90:d9:de:f0,-46,11,-99,-32,47,116,849398654,100,0,114,0,"[0,51,-4,57,-8,61,-12,61,-14,61,-16,59,-18,55,-18,53,-16,51,-18,49,-16,47,-16,47,-16,47,-14,47,-16,49,-16,51,-16,51,-18,55,-18,55,-18,57,-18,57,-20,57,-20,57,-18,57,-18,55,-18,55,-18,53,-18,55,0,0,-20,53,-18,55,-20,55,-20,55,-20,57,-22,59,-22,59,-22,57,-22,57,-20,57,-18,55,-20,55,-18,53,-16,51,-16,51,-16,49,-14,47,-14,49,-14,51,-18,55,-18,57,-20,61,-20,63,-24,67,-26,67,-32,65,-34,61,-34,53]"
CSI_DATA,57742,d8:b1:90:d9:de:f0,-46,11,-99,-36,48,116,849408791,100,0,114,0,"[12,49,8,53,2,59,0,59,-2,61,-6,57,-8,55,-10,51,-8,51,-10,49,-10,47,-12,49,-12,45,-12,47,-14,49,-14,49,-14,49,-16,53,-16,51,-18,57,-18,55,-18,57,-18,55,-20,55,-22,55,-22,53,-22,53,-24,51,0,0,-24,51,-26,51,-28,51,-30,53,-30,53,-32,53,-32,55,-34,53,-34,53,-34,51,-34,47,-34,49,-34,47,-32,45,-30,43,-30,39,-32,41,-30,41,-32,43,-36,47,-39,47,-43,49,-47,53,-53,51,-55,49,-57,43,-59,39,-55,30]"
CSI_DATA,57743,d8:b1:90:d9:de:f0,-47,11,-99,-37,49,116,849428558,100,0,114,0,"[-43,15,-48,15,-54,13,-56,9,-58,9,-56,9,-54,5,-52,7,-48,7,-48,7,-47,7,-47,9,-43,11,-43,13,-45,13,-45,15,-47,16,-50,18,-50,18,-50,20,-47,22,-48,22,-48,24,-48,26,-47,26,-45,26,-43,26,-43,26,0,0,-43,28,-41,30,-41,32,-45,32,-43,33,-45,35,-43,37,-45,37,-43,37,-41,39,-37,39,-37,37,-33,37,-32,37,-30,37,-28,37,-26,37,-26,39,-26,41,-26,43,-28,48,-30,48,-30,54,-32,56,-35,56,-37,56,-37,52,-37,45]"
CSI_DATA,57744,d8:b1:90:d9:de:f0,-47,11,-99,-34,48,116,849438727,100,0,114,0,"[-3,52,-9,58,-13,60,-17,60,-17,62,-19,58,-19,56,-19,52,-19,50,-19,48,-17,46,-19,46,-17,44,-17,46,-15,46,-17,50,-13,48,-15,50,-15,54,-13,54,-15,52,-13,56,-13,54,-13,54,-13,52,-13,52,-13,52,-11,48,0,0,-9,52,-11,52,-9,54,-9,56,-11,56,-9,58,-9,58,-9,60,-9,60,-9,60,-7,58,-9,54,-5,52,-5,52,-5,50,-3,50,-3,50,-3,48,0,52,-1,54,-1,58,-1,62,-3,63,-5,67,-9,67,-9,65,-15,65,-17,60]"
CSI_DATA,57745,d8:b1:90:d9:de:f0,-47,11,-99,-34,48,116,849449195,100,0,114,0,"[-25,-42,-23,-50,-19,-54,-17,-56,-15,-60,-13,-58,-7,-56,-3,-54,-3,-50,-1,-50,-1,-46,-1,-48,0,-46,0,-46,0,-48,0,-50,0,-48,0,-54,0,-54,1,-56,3,-54,1,-56,5,-56,3,-54,5,-54,5,-52,5,-52,7,-52,0,0,9,-50,9,-52,9,-52,11,-56,13,-56,13,-58,15,-58,17,-58,17,-58,19,-58,17,-58,17,-52,17,-50,17,-48,17,-48,17,-46,17,-46,19,-46,19,-48,21,-50,23,-52,27,-54,29,-56,31,-60,34,-56,38,-54,40,-50,42,-44]"
CSI_DATA,57746,d8:b1:90:d9:de:f0,-47,11,-99,-34,48,116,849468627,100,0,114,0,"[0,48,-3,52,-5,56,-7,58,-9,60,-9,58,-9,56,-7,54,-7,50,-5,48,-5,48,-3,48,-1,44,0,48,1,48,3,50,5,50,3,52,5,54,9,56,9,56,11,56,13,58,15,56,15,54,17,50,19,52,17,50,0,0,21,50,21,48,23,50,27,52,29,50,29,52,32,52,31,52,32,50,34,48,34,44,36,44,34,38,36,36,34,34,34,32,36,31,36,31,40,29,44,31,48,32,52,32,56,34,56,32,58,36,54,36,50,38,46,36]"
CSI_DATA,57747,d8:b1:90:d9:de:f0,-47,11,-99,-34,48,116,849478828,100,0,114,0,"[38,-31,44,-32,50,-31,52,-29,54,-29,52,-27,54,-25,50,-23,48,-23,48,-21,44,-23,46,-23,44,-23,42,-23,42,-27,44,-25,46,-29,48,-29,46,-31,50,-32,46,-31,46,-32,46,-32,44,-32,46,-34,44,-32,44,-32,42,-32,0,0,40,-34,42,-34,40,-34,42,-36,42,-36,44,-40,42,-40,44,-40,44,-40,42,-42,38,-40,36,-38,34,-36,31,-36,31,-36,31,-34,29,-38,27,-36,27,-40,29,-44,31,-46,32,-50,32,-54,36,-56,40,-56,38,-54,42,-50,40,-42]"
CSI_DATA,57748,d8:b1:90:d9:de:f0,-46,11,-99,-35,48,116,849499307,100,0,114,0,"[-45,-17,-47,-25,-47,-31,-49,-35,-43,-39,-41,-41,-37,-41,-35,-41,-31,-37,-29,-39,-27,-39,-27,-37,-25,-39,-25,-39,-27,-43,-27,-45,-27,-45,-25,-47,-25,-51,-25,-51,-27,-53,-27,-53,-25,-55,-23,-55,-21,-53,-19,-53,-19,-55,-17,-53,0,0,-17,-55,-13,-53,-11,-57,-11,-57,-11,-59,-9,-59,-9,-61,-7,-61,-5,-59,-5,-57,-5,-55,-3,-55,-3,-53,-1,-51,0,-47,-1,-49,-1,-47,-1,-49,-3,-49,-1,-53,-1,-57,1,-63,1,-63,5,-67,11,-69,15,-69,19,-61,23,-55]"
CSI_DATA,57749,d8:b1:90:d9:de:f0,-46,11,-99,-36,48,116,849518630,100,0,114,0,"[36,-39,43,-39,49,-39,51,-39,51,-39,51,-36,49,-34,47,-32,43,-32,43,-32,41,-30,41,-32,39,-32,36,-34,39,-36,39,-36,36,-41,39,-43,36,-45,36,-47,34,-47,32,-49,32,-51,30,-51,32,-51,28,-51,26,-51,26,-51,0,0,24,-51,22,-53,22,-53,20,-55,20,-55,18,-57,16,-59,16,-59,14,-57,12,-59,8,-55,8,-55,6,-53,4,-51,2,-49,2,-47,-2,-49,-4,-47,-6,-51,-8,-55,-10,-57,-10,-61,-14,-63,-14,-69,-12,-69,-10,-69,-6,-67,-4,-63]"
CSI_DATA,57750,d8:b1:90:d9:de:f0,-47,11,-99,-34,48,116,849528699,100,0,114,0,"[15,-50,21,-54,25,-54,29,-54,31,-54,32,-52,31,-50,32,-46,31,-44,29,-42,27,-40,27,-42,27,-40,25,-42,25,-44,23,-44,23,-46,25,-48,23,-50,23,-52,23,-52,21,-54,19,-54,19,-52,19,-52,17,-52,17,-52,15,-52,0,0,15,-52,15,-52,15,-54,13,-56,15,-58,13,-60,11,-58,11,-58,11,-56,7,-56,7,-56,7,-54,3,-50,3,-50,3,-48,1,-46,-1,-46,-1,-48,-3,-50,-3,-54,-5,-58,-5,-60,-5,-63,-5,-69,-3,-69,0,-69,3,-67,7,-63]"
CSI_DATA,57751,d8:b1:90:d9:de:f0,-46,11,-99,-35,48,116,849538767,100,0,114,0,"[-41,-35,-41,-41,-39,-45,-39,-49,-39,-53,-35,-53,-31,-53,-29,-51,-25,-45,-23,-45,-23,-41,-23,-45,-21,-45,-23,-43,-23,-45,-25,-45,-25,-45,-27,-47,-27,-49,-29,-47,-31,-49,-31,-49,-29,-49,-31,-47,-29,-47,-29,-47,-29,-45,-27,-45,0,0,-29,-45,-29,-45,-29,-47,-31,-47,-31,-49,-31,-49,-31,-49,-31,-51,-33,-47,-31,-47,-31,-47,-29,-43,-29,-39,-29,-37,-29,-37,-29,-39,-29,-37,-31,-37,-35,-39,-35,-41,-39,-43,-41,-47,-41,-51,-41,-57,-39,-57,-35,-59,-31,-59,-25,-57]"
CSI_DATA,57752,d8:b1:90:d9:de:f0,-46,11,-99,-35,48,116,849548804,100,0,114,0,"[-55,-1,-59,-5,-61,-11,-61,-15,-63,-19,-59,-21,-57,-25,-53,-23,-47,-23,-45,-23,-43,-23,-43,-25,-43,-25,-41,-25,-45,-27,-45,-27,-43,-25,-45,-27,-47,-27,-49,-29,-47,-29,-49,-29,-49,-29,-47,-29,-45,-29,-45,-31,-43,-29,-43,-27,0,0,-43,-29,-45,-31,-43,-33,-45,-33,-45,-33,-47,-35,-47,-35,-47,-37,-45,-35,-45,-35,-43,-33,-41,-33,-39,-31,-37,-29,-37,-29,-37,-29,-37,-29,-39,-29,-41,-31,-43,-35,-47,-37,-47,-41,-51,-43,-49,-47,-47,-51,-45,-53,-39,-57,-31,-53]"
CSI_DATA,57753,d8:b1:90:d9:de:f0,-47,11,-99,-34,48,116,849558830,100,0,114,0,"[38,38,40,44,42,48,40,50,38,52,36,50,34,50,32,46,32,42,32,42,31,38,32,36,32,34,34,34,38,34,40,34,40,32,44,32,46,32,48,31,48,29,50,27,50,27,52,23,50,23,48,21,50,19,50,15,0,0,50,15,52,13,54,11,54,11,56,9,58,9,58,3,58,5,56,1,56,0,54,-1,54,-3,50,-5,50,-7,48,-9,46,-11,46,-11,46,-15,48,-17,50,-19,54,-23,58,-23,60,-27,63,-31,67,-29,67,-27,65,-21,62,-19]"
CSI_DATA,57754,d8:b1:90:d9:de:f0,-47,11,-99,-32,48,116,849579151,100,0,114,0,"[-51,-3,-54,-7,-56,-10,-58,-16,-58,-16,-56,-18,-53,-21,-51,-20,-47,-18,-43,-20,-43,-18,-42,-20,-42,-18,-42,-18,-43,-18,-43,-18,-45,-18,-47,-18,-49,-16,-51,-18,-49,-18,-51,-16,-49,-18,-49,-16,-49,-18,-49,-18,-47,-18,-47,-18,0,0,-45,-18,-45,-16,-47,-16,-49,-18,-51,-18,-53,-18,-53,-18,-53,-20,-53,-18,-51,-18,-49,-18,-47,-18,-45,-16,-43,-16,-43,-12,-43,-12,-43,-12,-45,-10,-47,-12,-51,-14,-53,-14,-58,-16,-60,-18,-62,-21,-62,-25,-60,-29,-56,-29,-49,-31]"
CSI_DATA,57755,d8:b1:90:d9:de:f0,-50,9,-99,-35,51,116,849592602,267,0,106,0,"[-163,21,-72,0,120,21,-145,0,42,21,127,0,-9,19,36,0,-42,19,-45,21,-57,19,-104,21,-67,19,-138,21,-35,19,-139,21,63,21,-117,21,-132,21,-42,21,73,0,24,0,-107,0,76,0,14,1,93,0,0,0,0,0,73,1,9,0,-11,0,-42,21,175,0,-94,21,-64,21,-101,21,63,21,-73,21,-87,19,-21,21,-145,19,32,0,-134,19,69,0,-70,19,94,0,25,21,104,0,177,21,79,0,-1,21,5,0,149,0]"
CSI_DATA,57756,d8:b1:90:d9:de:f0,-46,11,-99,-35,48,116,849608758,100,0,114,0,"[25,41,27,47,27,49,25,53,25,55,25,53,23,53,23,49,21,45,21,45,21,43,23,41,23,41,25,41,29,41,31,43,33,43,33,41,39,45,41,43,41,43,43,41,43,41,45,39,41,37,43,35,45,35,45,33,0,0,45,31,45,29,49,29,51,29,53,29,55,29,55,27,57,27,57,23,57,21,55,19,55,15,53,13,51,13,49,9,49,7,47,5,51,3,51,1,57,1,59,0,63,0,67,-1,71,-1,73,-1,73,0,69,3,65,5]"
CSI_DATA,57757,d8:b1:90:d9:de:f0,-46,11,-99,-35,48,116,849628944,100,0,114,0,"[-19,-45,-17,-53,-13,-57,-11,-59,-7,-61,-5,-61,-5,-59,-3,-55,-1,-51,-1,-49,-1,-49,-1,-47,-1,-47,-3,-49,-1,-51,-3,-53,-3,-53,-3,-53,-3,-57,-3,-57,-5,-57,-5,-59,-7,-57,-5,-57,-5,-57,-5,-55,-5,-55,-3,-53,0,0,-5,-55,-3,-55,-3,-57,-3,-57,-3,-59,-5,-59,-5,-59,-5,-61,-3,-59,-7,-57,-5,-55,-5,-55,-5,-51,-7,-49,-7,-47,-7,-49,-7,-45,-9,-47,-11,-49,-9,-53,-11,-55,-11,-59,-11,-63,-9,-67,-7,-71,-3,-69,0,-67,3,-61]"
CSI_DATA,57758,d8:b1:90:d9:de:f0,-47,11,-99,-35,48,116,849648745,100,0,114,0,"[3,-49,9,-55,15,-57,19,-57,23,-57,25,-53,27,-51,29,-49,27,-45,27,-43,25,-39,27,-39,27,-37,25,-39,27,-41,29,-41,31,-41,33,-41,35,-43,35,-45,35,-45,37,-43,37,-43,35,-43,37,-39,37,-39,37,-37,37,-37,0,0,37,-37,39,-35,41,-35,43,-37,45,-39,47,-39,45,-39,47,-39,47,-35,47,-35,47,-33,43,-33,41,-31,41,-29,41,-27,39,-27,41,-27,41,-29,43,-29,45,-31,47,-33,53,-33,55,-33,61,-31,63,-29,65,-23,65,-17,63,-11]"
CSI_DATA,57759,d8:b1:90:d9:de:f0,-47,11,-99,-34,48,116,849658945,100,0,114,0,"[-31,-40,-31,-46,-31,-50,-31,-54,-27,-54,-27,-52,-25,-52,-23,-48,-23,-46,-21,-46,-21,-42,-21,-42,-25,-38,-25,-38,-27,-40,-31,-42,-31,-42,-32,-42,-34,-42,-36,-42,-36,-40,-38,-40,-38,-40,-40,-40,-38,-36,-40,-34,-40,-34,-40,-34,0,0,-44,-31,-42,-31,-44,-31,-46,-29,-48,-31,-48,-29,-48,-29,-50,-29,-52,-27,-50,-23,-50,-19,-50,-19,-48,-17,-48,-15,-46,-13,-46,-11,-46,-9,-48,-7,-50,-7,-54,-7,-58,-5,-62,-7,-63,-5,-67,-5,-69,-9,-69,-11,-65,-13,-60,-15]"
CSI_DATA,57760,d8:b1:90:d9:de:f0,-47,11,-99,-33,48,116,849679265,100,0,114,0,"[48,7,52,13,56,15,56,18,54,22,52,24,48,26,47,26,41,24,41,26,39,26,39,24,37,24,39,24,39,26,41,26,43,28,45,26,47,30,47,30,47,30,47,30,47,32,47,32,43,32,43,30,43,30,41,32,0,0,43,30,43,32,47,33,45,33,45,33,47,37,47,39,47,39,45,37,45,35,45,33,43,33,41,32,41,30,39,28,41,28,39,28,41,28,43,30,43,33,48,35,50,39,50,41,54,45,54,48,50,54,43,54,37,52]"
CSI_DATA,57761,d8:b1:90:d9:de:f0,-47,11,-99,-33,48,116,849698879,100,0,114,0,"[5,50,3,56,1,56,1,58,1,62,0,58,-1,60,-1,54,1,50,1,48,3,45,3,47,5,47,9,45,11,47,13,47,15,45,16,50,18,50,22,50,22,48,26,50,26,48,30,47,28,47,28,45,30,43,30,41,0,0,33,37,33,39,37,37,39,37,39,37,43,37,43,35,43,33,45,32,45,30,45,28,47,28,45,24,45,20,47,18,43,15,45,13,45,13,50,9,54,9,58,7,62,7,65,9,71,9,71,11,69,11,67,15,62,15]"
CSI_DATA,57762,d8:b1:90:d9:de:f0,-47,11,-99,-34,48,116,849718941,100,0,114,0,"[-29,-40,-29,-48,-25,-52,-23,-56,-21,-56,-19,-56,-19,-54,-15,-52,-15,-46,-13,-44,-13,-42,-15,-42,-15,-42,-15,-42,-17,-42,-19,-44,-19,-46,-19,-46,-23,-48,-25,-48,-23,-50,-27,-52,-27,-50,-27,-50,-25,-48,-25,-46,-27,-48,-25,-44,0,0,-27,-46,-25,-46,-29,-48,-29,-48,-29,-48,-31,-50,-31,-50,-31,-50,-31,-50,-31,-46,-32,-44,-31,-44,-31,-40,-31,-40,-31,-36,-32,-38,-34,-36,-34,-38,-36,-38,-40,-40,-42,-42,-44,-48,-46,-48,-48,-54,-48,-58,-46,-60,-38,-58,-34,-58]"
CSI_DATA,57763,d8:b1:90:d9:de:f0,-47,11,-99,-34,48,116,849740002,100,0,114,0,"[-9,-48,-5,-52,-3,-54,-1,-58,0,-60,0,-58,1,-56,3,-52,1,-48,0,-46,0,-44,0,-44,0,-44,-1,-44,-1,-48,-5,-48,-5,-50,-5,-52,-7,-54,-11,-54,-7,-52,-13,-54,-13,-52,-13,-52,-13,-52,-13,-50,-15,-50,-15,-50,0,0,-17,-48,-17,-48,-19,-48,-21,-50,-21,-52,-23,-52,-25,-52,-25,-52,-25,-52,-27,-50,-27,-48,-25,-46,-27,-44,-29,-40,-27,-40,-29,-38,-29,-36,-29,-38,-32,-38,-36,-42,-40,-44,-42,-48,-44,-50,-46,-58,-44,-60,-42,-62,-38,-60,-31,-58]"
CSI_DATA,57764,d8:b1:90:d9:de:f0,-47,11,-99,-34,48,116,849758730,100,0,114,0,"[9,-48,13,-52,19,-54,21,-56,23,-56,23,-52,25,-52,21,-48,21,-46,19,-46,17,-44,15,-46,15,-42,13,-44,11,-46,11,-48,9,-48,9,-52,7,-54,7,-54,5,-56,3,-58,3,-56,0,-56,0,-54,-1,-52,-1,-52,-3,-50,0,0,-5,-50,-5,-52,-7,-52,-7,-54,-11,-54,-11,-56,-15,-56,-15,-56,-15,-54,-19,-54,-17,-50,-19,-48,-19,-46,-21,-44,-21,-42,-21,-44,-23,-44,-27,-42,-29,-44,-31,-46,-34,-48,-36,-52,-40,-54,-40,-58,-40,-60,-36,-62,-32,-62,-27,-58]"
CSI_DATA,57765,d8:b1:90:d9:de:f0,-47,11,-99,-34,48,116,849768738,100,0,114,0,"[50,7,54,9,58,13,60,19,58,21,56,23,52,23,50,23,46,21,46,19,44,17,44,17,44,17,44,15,44,15,46,15,50,15,50,15,52,13,52,13,56,13,56,13,54,11,56,9,52,9,52,9,52,7,50,7,0,0,52,5,50,5,52,5,54,5,56,3,56,3,58,1,58,1,56,1,56,0,56,0,52,-1,52,-1,50,-1,48,-1,50,-3,48,-5,50,-7,52,-7,54,-7,58,-11,62,-9,63,-11,69,-7,71,-5,73,-3,69,1,65,5]"
CSI_DATA,57766,d8:b1:90:d9:de:f0,-47,11,-99,-34,48,116,849779231,100,0,114,0,"[-7,-50,-3,-56,1,-60,5,-62,7,-62,9,-60,13,-56,15,-52,13,-50,15,-48,15,-44,15,-46,15,-44,15,-44,15,-46,15,-48,17,-48,17,-50,19,-50,19,-52,19,-52,17,-54,19,-54,19,-52,19,-50,19,-50,19,-48,19,-48,0,0,17,-46,21,-46,19,-48,23,-50,23,-52,23,-54,25,-54,27,-52,25,-50,25,-50,25,-48,25,-46,23,-44,23,-44,23,-42,23,-42,23,-42,23,-44,25,-46,27,-50,29,-52,32,-54,36,-56,40,-56,46,-54,48,-52,50,-46,52,-40]"
CSI_DATA,57767,d8:b1:90:d9:de:f0,-47,11,-99,-35,48,116,849799251,100,0,114,0,"[-5,-51,-1,-57,-1,-59,0,-61,0,-63,1,-61,3,-59,3,-55,1,-51,3,-49,0,-47,1,-47,0,-47,0,-47,0,-49,-3,-51,-5,-51,-7,-53,-7,-55,-11,-57,-11,-57,-13,-57,-11,-55,-13,-55,-11,-51,-13,-51,-13,-49,-13,-49,0,0,-19,-49,-19,-49,-21,-49,-23,-49,-23,-51,-25,-53,-27,-51,-27,-53,-31,-51,-29,-49,-29,-49,-27,-47,-29,-43,-31,-41,-31,-39,-31,-37,-33,-35,-33,-35,-37,-35,-39,-39,-43,-39,-47,-41,-45,-45,-49,-51,-51,-51,-49,-51,-43,-51,-37,-51]"
CSI_DATA,57768,d8:b1:90:d9:de:f0,-46,11,-99,-35,48,116,849818665,100,0,114,0,"[27,43,25,49,23,53,21,55,19,57,17,55,17,55,13,51,13,51,11,49,11,45,11,45,11,45,13,43,15,47,17,47,19,49,19,51,21,51,23,53,23,53,25,55,25,53,25,51,23,51,25,51,23,49,23,49,0,0,25,49,27,49,27,51,29,51,29,53,31,55,31,53,31,53,31,51,33,51,33,49,33,47,31,43,31,41,31,39,31,39,35,37,33,39,37,41,39,43,43,43,45,47,47,51,49,55,47,57,45,59,39,59,31,55]"
CSI_DATA,57769,d8:b1:90:d9:de:f0,-46,11,-99,-36,48,116,849830351,100,0,114,0,"[47,-20,47,-16,59,-20,59,-12,57,-12,59,-4,55,-8,59,-6,49,-8,51,-8,49,-6,47,-8,49,-2,45,-8,51,-6,45,-8,53,-16,53,-14,55,-22,59,-20,53,-24,55,-24,57,-14,53,-28,53,-16,49,-26,53,-18,45,-26,0,0,49,-22,51,-32,49,-24,49,-24,49,-18,53,-30,59,-32,49,-28,57,-34,51,-32,53,-41,47,-28,43,-39,47,-28,39,-30,47,-32,36,-34,41,-41,36,-36,39,-41,47,-47,43,-45,49,-51,45,-49,55,-55,55,-45,57,-43,57,-30]"
CSI_DATA,57770,d8:b1:90:d9:de:f0,-46,11,-99,-36,48,116,849848674,100,0,114,0,"[-43,26,-51,26,-55,26,-57,24,-55,24,-55,22,-53,22,-51,18,-49,20,-47,18,-45,20,-43,20,-43,24,-43,24,-43,28,-43,30,-41,32,-45,32,-45,36,-43,39,-43,39,-43,41,-41,41,-39,45,-36,43,-36,45,-34,43,-34,45,0,0,-32,47,-30,47,-30,51,-28,49,-30,53,-30,55,-26,55,-26,57,-24,57,-22,57,-18,57,-16,55,-12,53,-12,51,-10,51,-8,53,-4,51,-2,53,-2,57,0,59,2,63,2,65,4,69,4,73,2,73,0,73,-4,71,-6,67]"
CSI_DATA,57771,d8:b1:90:d9:de:f0,-46,11,-99,-35,48,116,849858773,100,0,114,0,"[47,-11,53,-11,59,-9,61,-7,61,-5,61,-5,57,-1,55,0,49,-1,49,0,47,-3,47,-1,47,-3,47,-3,49,-5,51,-7,53,-9,55,-9,57,-13,57,-13,57,-13,57,-15,57,-15,59,-17,55,-15,55,-15,55,-15,53,-15,0,0,53,-19,51,-19,53,-21,55,-23,55,-21,55,-23,57,-25,57,-23,55,-27,53,-27,51,-27,49,-25,47,-27,45,-27,43,-27,41,-29,39,-29,39,-31,39,-33,43,-35,45,-39,47,-43,51,-43,55,-45,59,-45,59,-43,59,-39,57,-31]"
CSI_DATA,57772,d8:b1:90:d9:de:f0,-46,11,-99,-35,48,116,849869013,100,0,114,0,"[47,-23,53,-23,59,-21,59,-17,63,-13,59,-11,61,-7,55,-5,51,-5,49,-5,47,-3,47,-5,47,-5,49,-3,49,-7,51,-7,51,-7,57,-7,57,-7,59,-9,57,-7,59,-7,57,-9,59,-7,57,-9,55,-7,55,-7,53,-7,0,0,53,-5,57,-5,55,-7,59,-7,57,-3,61,-5,59,-5,61,-5,61,-3,61,-5,57,-7,55,-5,53,-5,49,-5,51,-5,49,-5,49,-7,49,-7,51,-9,55,-9,59,-9,63,-9,67,-9,73,-9,73,-3,71,-1,73,3,63,9]"
CSI_DATA,57773,d8:b1:90:d9:de:f0,-46,11,-99,-35,48,116,849879111,100,0,114,0,"[-45,-21,-47,-29,-45,-33,-45,-39,-41,-41,-37,-43,-35,-43,-31,-41,-29,-41,-27,-39,-25,-39,-25,-39,-25,-39,-25,-39,-27,-41,-27,-43,-27,-43,-27,-47,-27,-47,-29,-49,-29,-49,-27,-51,-27,-49,-27,-51,-25,-49,-25,-51,-23,-49,-23,-49,0,0,-19,-49,-17,-51,-17,-53,-19,-55,-17,-57,-17,-59,-15,-59,-15,-59,-13,-59,-15,-57,-15,-57,-13,-55,-11,-53,-11,-51,-9,-51,-9,-49,-9,-49,-9,-51,-9,-53,-9,-57,-9,-59,-7,-65,-7,-67,-5,-73,-1,-71,3,-73,9,-69,13,-63]"
CSI_DATA,57774,d8:b1:90:d9:de:f0,-47,11,-99,-34,48,116,849898862,100,0,114,0,"[1,-52,5,-56,7,-58,11,-60,13,-62,13,-58,13,-58,13,-54,11,-52,11,-50,9,-48,9,-48,5,-46,3,-46,3,-50,1,-52,0,-50,-1,-54,-1,-54,-3,-54,-3,-56,-5,-56,-5,-56,-9,-54,-5,-52,-7,-52,-11,-50,-9,-50,0,0,-13,-50,-13,-50,-13,-52,-17,-54,-17,-56,-19,-56,-19,-56,-19,-56,-21,-52,-21,-52,-23,-50,-23,-48,-25,-46,-25,-42,-25,-42,-27,-40,-27,-40,-31,-40,-32,-40,-34,-44,-38,-46,-40,-48,-42,-52,-44,-54,-44,-54,-42,-54,-38,-58,-32,-56]"
CSI_DATA,57775,d8:b1:90:d9:de:f0,-47,11,-99,-34,48,116,849919161,100,0,114,0,"[9,-46,15,-52,23,-56,27,-54,29,-52,31,-50,31,-44,31,-42,29,-40,29,-38,29,-36,27,-34,27,-36,27,-36,27,-38,29,-40,29,-40,31,-40,31,-40,32,-42,32,-44,32,-44,32,-44,32,-44,32,-42,32,-42,32,-42,32,-40,0,0,34,-40,34,-40,36,-40,38,-40,38,-42,40,-42,40,-44,40,-42,42,-40,38,-40,38,-40,36,-38,36,-38,36,-36,34,-36,34,-36,34,-34,34,-38,36,-38,40,-42,40,-44,46,-46,48,-46,52,-48,56,-48,62,-44,60,-36,58,-29]"
CSI_DATA,57776,d8:b1:90:d9:de:f0,-50,9,-99,-36,52,116,849929583,98,0,106,0,"[69,0,84,19,161,0,114,19,-84,0,152,19,-20,0,-123,19,20,1,-82,19,38,1,-29,19,50,1,-5,19,25,1,-6,19,-79,0,-19,19,89,0,-40,19,-95,19,-49,19,75,19,-44,19,-28,18,-19,19,0,0,0,0,-28,18,73,0,68,19,98,0,-85,19,99,0,125,0,60,0,-11,0,-5,19,112,1,-75,19,151,1,-126,19,123,1,-151,19,68,1,-146,19,-9,0,-136,19,-132,0,-91,19,47,0,-7,19,-76,19]"
CSI_DATA,57777,d8:b1:90:d9:de:f0,-47,11,-99,-34,48,116,849948656,100,0,114,0,"[13,-50,17,-52,23,-54,25,-56,25,-56,25,-54,23,-52,25,-48,21,-46,19,-44,19,-42,19,-42,15,-42,13,-44,11,-46,11,-48,9,-50,9,-52,7,-54,7,-56,5,-56,3,-58,1,-56,1,-58,1,-54,0,-54,0,-54,-1,-54,0,0,-5,-54,-5,-52,-7,-56,-9,-54,-9,-56,-11,-56,-15,-58,-13,-58,-17,-58,-17,-54,-19,-52,-19,-50,-19,-46,-21,-46,-21,-42,-25,-44,-25,-40,-27,-42,-31,-42,-34,-44,-36,-46,-38,-52,-42,-52,-44,-56,-42,-60,-42,-60,-34,-58,-31,-56]"
CSI_DATA,57778,d8:b1:90:d9:de:f0,-47,11,-99,-35,48,116,849958653,100,0,114,0,"[-41,27,-49,27,-55,25,-57,23,-57,23,-57,21,-53,19,-53,17,-49,17,-45,15,-45,15,-43,15,-41,15,-41,19,-43,19,-43,21,-47,23,-47,25,-49,27,-47,27,-47,29,-47,29,-47,31,-47,33,-45,29,-45,29,-43,29,-45,31,0,0,-41,33,-41,33,-43,33,-43,35,-43,37,-45,37,-43,39,-43,39,-43,41,-41,41,-39,41,-35,39,-33,37,-31,37,-29,37,-29,39,-29,39,-27,41,-27,45,-29,47,-31,51,-35,55,-35,57,-39,59,-41,61,-45,57,-47,53,-45,47]"
CSI_DATA,57779,d8:b1:90:d9:de:f0,-46,11,-99,-36,48,116,849978899,100,0,114,0,"[-26,45,-32,47,-39,47,-43,45,-43,41,-45,39,-45,34,-45,30,-43,28,-43,28,-41,26,-43,24,-41,24,-41,24,-43,24,-43,26,-45,28,-49,26,-51,28,-51,28,-51,26,-53,26,-51,26,-53,26,-53,24,-53,22,-53,22,-53,20,0,0,-53,20,-53,18,-57,18,-55,18,-59,18,-59,18,-59,16,-61,16,-59,16,-59,16,-57,14,-55,12,-53,14,-51,14,-49,12,-51,12,-49,14,-51,12,-53,12,-57,12,-61,14,-65,12,-69,10,-73,6,-75,2,-75,-2,-73,-8,-67,-14]"
CSI_DATA,57780,d8:b1:90:d9:de:f0,-46,11,-99,-36,48,116,849988979,100,0,114,0,"[47,24,49,28,51,32,51,34,51,36,49,34,47,34,43,32,43,28,41,28,41,28,41,26,41,24,43,24,45,24,47,22,49,22,51,20,53,20,57,18,55,18,57,16,57,16,59,14,59,16,55,12,57,12,57,10,0,0,57,8,57,6,59,4,61,2,61,2,61,0,63,0,63,0,61,-4,61,-6,57,-8,57,-8,53,-10,51,-12,51,-14,49,-14,47,-18,47,-18,47,-22,53,-24,57,-26,63,-28,65,-32,67,-32,71,-30,71,-28,71,-24,65,-20]"
CSI_DATA,57781,d8:b1:90:d9:de:f0,-46,11,-99,-33,47,116,850008718,100,0,114,0,"[-29,42,-35,46,-42,46,-46,46,-46,44,-48,44,-46,40,-46,38,-42,35,-40,31,-40,31,-35,29,-38,31,-38,33,-40,35,-40,38,-44,40,-42,40,-44,44,-44,44,-44,46,-44,46,-42,46,-42,46,-40,44,-40,44,-40,44,-40,44,0,0,-40,44,-35,44,-40,48,-38,46,-40,50,-40,50,-40,50,-40,50,-40,52,-35,50,-35,50,-33,48,-29,48,-29,48,-27,44,-25,46,-25,44,-25,48,-25,50,-25,52,-25,54,-29,61,-31,61,-38,67,-40,67,-44,65,-44,57,-44,50]"
CSI_DATA,57782,d8:b1:90:d9:de:f0,-46,11,-99,-35,48,116,850018919,100,0,114,0,"[35,-37,41,-37,47,-37,51,-35,53,-31,55,-27,53,-23,51,-23,47,-17,47,-17,45,-17,45,-15,45,-15,47,-17,47,-17,47,-19,51,-17,51,-17,55,-17,55,-17,55,-19,57,-17,57,-17,57,-17,55,-15,53,-13,55,-15,53,-13,0,0,55,-13,53,-11,55,-11,53,-11,57,-13,57,-11,59,-11,61,-11,59,-11,57,-11,55,-11,53,-11,51,-11,51,-11,47,-11,49,-9,47,-9,49,-13,49,-13,53,-13,57,-13,61,-13,65,-13,71,-9,73,-7,73,-1,69,3,65,9]"
CSI_DATA,57783,d8:b1:90:d9:de:f0,-46,11,-99,-33,47,116,850038930,100,0,114,0,"[-12,52,-19,57,-25,59,-27,61,-27,61,-27,59,-27,57,-27,52,-25,48,-25,48,-23,46,-21,46,-19,46,-19,48,-16,50,-16,52,-14,54,-14,57,-12,59,-10,59,-10,61,-8,63,-10,61,-8,61,-6,59,-4,59,-6,59,-4,59,0,0,0,59,2,59,4,61,6,59,6,61,6,61,8,61,8,63,10,61,12,59,14,57,14,57,16,54,16,50,19,48,21,46,23,44,23,46,27,48,27,52,31,54,35,59,35,61,38,65,38,69,33,71,29,67,23,63]"
CSI_DATA,57784,d8:b1:90:d9:de:f0,-46,11,-99,-32,47,116,850058887,100,0,114,0,"[-53,-6,-57,-12,-61,-14,-61,-20,-57,-22,-55,-24,-53,-26,-51,-26,-47,-22,-47,-24,-43,-22,-43,-24,-41,-22,-43,-24,-45,-24,-47,-24,-49,-24,-51,-26,-53,-26,-53,-26,-51,-26,-55,-24,-55,-26,-53,-26,-53,-24,-49,-26,-51,-26,-51,-26,0,0,-51,-24,-49,-24,-53,-26,-55,-26,-55,-26,-57,-28,-59,-28,-57,-28,-57,-26,-55,-24,-53,-24,-53,-24,-51,-24,-49,-22,-47,-20,-49,-20,-47,-18,-49,-16,-51,-18,-57,-20,-59,-22,-63,-24,-65,-26,-65,-32,-67,-34,-65,-39,-57,-41,-51,-41]"
CSI_DATA,57785,d8:b1:90:d9:de:f0,-46,11,-99,-32,47,116,850078705,100,0,114,0,"[-16,-49,-16,-55,-14,-57,-14,-59,-12,-61,-10,-59,-10,-59,-10,-55,-12,-49,-14,-49,-12,-45,-16,-47,-16,-45,-20,-45,-20,-47,-22,-47,-24,-47,-26,-49,-28,-49,-30,-49,-34,-49,-41,-47,-41,-47,-41,-45,-41,-43,-39,-41,-43,-39,-43,-36,0,0,-45,-32,-43,-32,-47,-32,-49,-32,-51,-30,-53,-30,-57,-26,-57,-26,-57,-24,-57,-20,-57,-18,-57,-16,-53,-14,-53,-12,-51,-10,-51,-8,-51,-4,-53,-2,-55,2,-59,4,-63,6,-67,4,-69,8,-73,6,-73,4,-73,6,-69,0,-65,-2]"
CSI_DATA,57786,d8:b1:90:d9:de:f0,-46,11,-99,-35,48,116,850089477,100,0,114,0,"[25,-45,31,-47,37,-51,41,-49,41,-49,43,-47,41,-41,41,-41,37,-39,39,-37,35,-35,35,-35,37,-33,35,-33,35,-35,35,-39,35,-41,37,-41,39,-45,39,-45,37,-47,37,-47,37,-45,35,-47,35,-43,35,-43,35,-43,35,-41,0,0,33,-45,33,-43,35,-45,33,-45,33,-49,33,-49,33,-49,33,-49,31,-49,33,-49,33,-47,29,-47,27,-43,25,-45,23,-43,23,-43,21,-43,19,-45,21,-47,23,-51,23,-55,25,-59,29,-59,33,-63,35,-61,39,-61,39,-55,39,-47]"
CSI_DATA,57787,d8:b1:90:d9:de:f0,-50,9,-99,-34,51,116,850101093,108,0,106,0,"[49,20,-12,20,112,20,-137,20,-148,20,93,20,-41,20,5,20,49,0,-35,19,127,0,-53,19,-170,0,-50,19,-153,0,-6,19,155,0,105,20,42,0,-102,20,-102,20,63,0,119,20,-150,0,41,20,-79,0,0,0,0,0,42,20,-27,0,122,20,-78,0,-68,20,-160,0,131,0,68,0,-28,0,-60,20,91,1,-142,20,134,1,-174,20,123,1,-171,20,80,1,-146,20,-5,0,-122,20,-145,0,-76,20,19,0,-15,20,-152,20]"
CSI_DATA,57788,d8:b1:90:d9:de:f0,-46,11,-99,-36,48,116,850118717,100,0,114,0,"[34,-41,43,-43,49,-41,53,-39,55,-34,55,-32,53,-26,53,-24,49,-24,49,-22,47,-20,47,-20,47,-20,47,-18,49,-18,49,-20,51,-20,53,-20,55,-20,55,-22,57,-20,57,-20,57,-20,57,-20,55,-16,55,-16,55,-16,55,-14,0,0,55,-14,53,-12,55,-12,55,-12,59,-12,59,-12,61,-12,61,-10,59,-10,59,-10,59,-12,55,-8,53,-8,51,-8,49,-8,49,-8,49,-10,51,-8,53,-10,57,-8,59,-10,63,-8,67,-8,71,-6,73,0,71,2,69,8,61,10]"
CSI_DATA,57789,d8:b1:90:d9:de:f0,-46,11,-99,-36,48,116,850128744,100,0,114,0,"[-51,-12,-57,-16,-59,-18,-59,-20,-61,-22,-61,-24,-57,-22,-55,-22,-53,-18,-51,-16,-47,-14,-49,-14,-49,-12,-49,-10,-49,-8,-51,-6,-51,-4,-55,-4,-57,-2,-59,0,-61,2,-63,4,-59,6,-59,8,-57,8,-59,8,-55,10,-53,12,0,0,-53,14,-53,16,-53,18,-55,20,-57,24,-57,24,-55,28,-53,28,-51,28,-49,30,-49,32,-45,32,-41,32,-36,32,-36,32,-34,34,-32,36,-32,41,-30,43,-32,45,-32,51,-32,53,-34,57,-39,61,-36,61,-39,59,-41,57,-41,51]"
CSI_DATA,57790,d8:b1:90:d9:de:f0,-46,11,-99,-35,48,116,850138842,100,0,114,0,"[49,11,53,15,55,17,57,21,59,23,57,23,53,25,51,23,49,21,45,21,45,19,43,19,43,17,45,15,45,15,47,15,51,13,53,13,55,13,57,11,57,11,61,9,57,9,59,7,57,9,57,7,55,7,55,5,0,0,55,3,55,1,57,1,61,0,63,0,63,0,63,-1,61,-1,59,-3,59,-5,57,-7,55,-7,51,-9,49,-9,47,-11,49,-13,49,-15,49,-17,49,-19,53,-21,57,-21,59,-25,63,-25,67,-27,67,-25,69,-21,67,-19,61,-15]"
CSI_DATA,57791,d8:b1:90:d9:de:f0,-46,11,-99,-32,47,116,850158644,100,0,114,0,"[6,53,4,59,-2,63,-6,63,-8,65,-10,63,-12,61,-12,57,-12,51,-14,49,-12,47,-12,49,-12,47,-12,49,-12,51,-10,53,-10,53,-10,55,-10,59,-10,59,-10,57,-10,59,-12,59,-10,59,-12,59,-10,55,-10,57,-12,55,0,0,-10,57,-10,57,-10,59,-10,59,-10,59,-10,61,-12,61,-12,63,-12,63,-10,63,-8,59,-8,57,-6,53,-6,53,-4,51,-4,53,-4,51,-2,51,-2,55,-4,57,-4,61,-4,65,-6,69,-8,71,-12,73,-16,73,-20,69,-20,61]"
CSI_DATA,57792,d8:b1:90:d9:de:f0,-46,11,-99,-36,48,116,850168647,100,0,114,0,"[34,39,34,47,30,53,28,57,26,59,22,59,18,57,14,57,14,53,10,53,10,49,10,49,8,49,10,47,10,51,10,51,10,55,10,57,10,59,10,59,10,61,10,61,8,61,6,59,6,59,6,59,4,57,2,59,0,0,4,55,2,57,2,57,2,59,0,61,0,63,0,63,-2,63,-4,61,-2,59,0,59,-2,57,-2,55,0,53,-2,51,0,51,0,49,0,51,0,53,-2,55,-2,59,-4,63,-6,65,-8,73,-12,73,-18,73,-22,67,-24,61]"
CSI_DATA,57793,d8:b1:90:d9:de:f0,-46,11,-99,-32,47,116,850178725,100,0,114,0,"[30,-43,36,-45,41,-45,43,-45,45,-49,43,-43,45,-45,43,-39,39,-41,39,-39,32,-36,34,-39,32,-39,28,-39,30,-43,28,-45,28,-45,30,-51,26,-51,26,-53,24,-53,24,-57,22,-55,18,-57,20,-57,18,-57,16,-55,16,-57,0,0,10,-55,8,-55,8,-55,8,-59,6,-61,4,-63,2,-63,2,-63,-2,-61,-2,-61,-6,-59,-6,-55,-8,-53,-10,-49,-14,-49,-12,-47,-16,-45,-18,-47,-20,-49,-24,-49,-26,-53,-28,-55,-30,-59,-34,-65,-32,-65,-30,-65,-26,-67,-22,-61]"
CSI_DATA,57794,d8:b1:90:d9:de:f0,-46,11,-99,-36,48,116,850198673,100,0,114,0,"[-53,12,-61,10,-65,8,-67,6,-67,2,-67,0,-63,-2,-63,-4,-57,-2,-55,-4,-53,-4,-51,-4,-53,-2,-53,-4,-53,-2,-57,0,-57,0,-59,0,-61,0,-59,4,-61,2,-61,2,-59,2,-59,2,-57,2,-57,2,-57,2,-57,2,0,0,-55,6,-57,4,-59,8,-59,8,-61,6,-61,6,-61,8,-59,8,-57,8,-55,10,-55,12,-53,10,-51,12,-49,12,-47,14,-47,14,-43,16,-47,16,-47,18,-51,18,-53,20,-55,20,-59,20,-67,22,-69,20,-69,18,-69,12,-65,8]"
CSI_DATA,57795,d8:b1:90:d9:de:f0,-46,11,-99,-33,47,116,850208886,100,0,114,0,"[19,-50,25,-52,31,-54,33,-54,38,-52,40,-50,40,-46,42,-42,38,-42,38,-40,35,-38,38,-35,40,-35,38,-35,40,-35,42,-38,40,-38,42,-38,44,-40,46,-42,48,-40,48,-44,46,-42,46,-40,46,-38,46,-33,44,-35,46,-35,0,0,44,-35,48,-35,50,-33,48,-35,52,-35,52,-38,52,-38,52,-38,50,-35,50,-35,50,-31,48,-31,44,-31,42,-31,42,-29,42,-29,40,-29,40,-31,44,-35,46,-35,48,-38,52,-40,57,-40,65,-38,67,-35,67,-33,67,-25,63,-19]"
CSI_DATA,57796,d8:b1:90:d9:de:f0,-53,11,-99,-37,54,116,850228763,100,0,228,0,"[0,22,0,23,1,23,3,22,6,21,9,19,12,19,102,-7,16,15,20,15,21,14,22,14,23,14,24,14,24,14,23,14,22,13,19,12,14,10,10,7,6,2,61,6,-1,-8,-4,-13,-5,-19,-6,-24,-6,-26,-4,-28,0,0,0,-29,1,-29,3,-25,5,-22,5,-16,5,-10,78,0,1,3,-3,10,-6,15,-10,19,-14,22,-18,23,-20,23,-22,22,-22,21,-22,18,-22,15,-21,13,-19,11,34,15,-12,6,-6,5,0,4,5,6,10,7,12,9,13,11,-3,4,5,7,14,1,15,-12,4,-24,-13,-22,-28,-6,-10,31,-8,27,11,24,24,7,20,-10,5,-20,-9,-14,-14,0,-5,10,8,9,14,-5,4,-19,-14,-19,-28,-2,-23,19,-3,34,21,28,34,5,27,-18,7,-28,-11,-23,0,0,-13,5,-5,9,1,3,-2,-3,-10,-2,-12,9,-1,16,12,22,26,9,26,-10,12,-24,-4,-24,-15,-12,-18,1,-9,8,-3,8,-2,5,-4,5,-4,10,3,18,3,26,30,2,30,-21,12,-40,-15,-42,-38,-23,-41,4,-26,25]"
CSI_DATA,57797,d8:b1:90:d9:de:f0,-53,11,-99,-37,54,116,850238980,100,0,228,0,"[15,13,18,12,18,10,19,8,20,3,20,0,20,-4,102,-7,20,-11,20,-12,20,-15,20,-18,19,-19,19,-21,19,-20,18,-21,18,-19,14,-16,11,-13,8,-9,3,-5,61,6,-6,4,-12,7,-15,9,-20,11,-24,12,-26,12,0,0,-28,10,-27,8,-26,6,-22,3,-18,1,-11,-1,128,15,3,-5,9,-6,16,-7,22,-6,26,-5,29,-4,31,-2,30,-2,30,-1,29,0,28,1,25,1,23,2,-6,0,13,1,9,-1,3,-2,-2,-5,-7,-7,-9,-11,-10,-14,1,3,7,-1,7,-11,-4,-19,-20,-12,-26,5,-16,23,24,21,23,16,26,-4,14,-20,-4,-22,-16,-10,-15,5,-3,13,8,6,7,-6,-4,-12,-18,-3,-16,15,0,29,22,22,36,-1,24,-26,-1,-34,-23,-24,-30,-2,-20,16,0,0,9,13,10,1,3,-2,0,2,4,8,14,5,14,-11,10,-23,-8,-26,-25,-14,-27,5,-15,20,1,22,11,13,12,3,8,-2,6,-2,8,-3,9,-7,5,-18,9,-22,-27,-15,-38,6,-28,32,-1,44,27,34,42,10,33,-15]"
CSI_DATA,57798,d8:b1:90:d9:de:f0,-53,11,-99,-38,54,116,850258688,100,0,228,0,"[9,-17,8,-18,6,-19,2,-18,-1,-17,-5,-15,-10,-14,105,-7,-17,-10,-20,-8,-22,-7,-25,-5,-26,-4,-28,-3,-28,-2,-27,-1,-26,0,-22,0,-18,0,-13,0,-6,0,63,6,7,0,13,0,18,-1,22,0,26,-1,28,0,0,0,30,1,28,3,27,4,22,4,17,5,10,6,124,0,-3,7,-10,7,-17,7,-21,7,-27,6,-30,6,-31,5,-31,4,-31,4,-29,4,-28,4,-26,2,-23,2,-8,15,-15,1,-8,0,-2,0,4,1,10,2,13,4,16,5,1,-2,-3,-6,-13,-2,-15,10,-5,22,14,21,27,6,9,-28,4,-27,-15,-21,-23,-3,-16,14,0,19,11,9,11,-3,1,-8,-7,-1,-3,11,11,13,22,-2,17,-22,-6,-32,-29,-19,-34,9,-19,29,7,32,26,17,27,-5,0,0,-2,-17,-7,-7,-4,-1,-1,-3,-4,-8,-14,-6,-15,13,-13,21,5,27,21,16,27,-3,17,-18,0,-22,-10,-14,-13,-3,-9,2,-7,3,-8,6,-7,13,1,19,-2,21,33,5,32,-19,13,-41,-17,-42,-41,-21,-41,9,-21,30]"
CSI_DATA,57799,d8:b1:90:d9:de:f0,-53,11,-99,-37,54,116,850268749,100,0,228,0,"[-6,19,-5,20,-3,19,1,18,5,16,8,13,12,11,102,-7,19,8,22,5,23,4,25,3,27,2,27,0,28,0,27,-1,25,-1,23,-1,19,-1,13,-1,6,0,61,6,-7,1,-12,0,-19,0,-23,-1,-26,-1,-28,-2,0,0,-29,-4,-28,-5,-26,-7,-23,-7,-16,-9,-10,-9,134,15,5,-7,11,-6,19,-3,24,-2,28,0,30,1,31,3,32,3,31,4,29,5,27,5,25,5,22,5,5,1,12,5,7,3,2,1,-5,-2,-9,-5,-12,-9,-13,-11,-1,2,4,5,12,1,12,-12,1,-22,-16,-19,-27,-2,-4,28,-1,27,18,19,24,0,15,-15,-1,-19,-12,-8,-10,4,0,8,7,0,2,-10,-11,-11,-23,3,-16,24,7,32,30,18,36,-7,20,-30,-6,-33,-25,-19,-26,3,0,0,0,18,7,8,5,2,1,3,3,8,13,8,18,-11,15,-19,0,-27,-20,-20,-28,-2,-21,15,-5,21,8,16,11,8,10,1,8,-1,10,-3,10,-9,6,-20,8,-20,-28,-16,-39,6,-27,32,0,45,28,34,42,8,32,-16]"
CSI_DATA,57800,d8:b1:90:d9:de:f0,-53,11,-99,-38,54,116,850288930,100,0,228,0,"[-10,-17,-11,-17,-13,-15,-14,-13,-16,-9,-17,-6,-18,-2,105,-7,-20,4,-21,7,-22,8,-22,10,-22,11,-23,13,-25,14,-23,14,-21,13,-19,10,-16,9,-10,6,-5,3,63,6,6,-1,13,-3,18,-3,22,-4,26,-4,28,-3,0,0,29,0,28,2,26,3,21,5,16,6,9,7,125,0,-5,5,-13,3,-18,1,-23,-2,-28,-4,-31,-7,-32,-8,-30,-10,-30,-11,-28,-11,-26,-11,-22,-11,-20,-11,23,16,-11,-8,-6,-4,-2,0,2,4,4,9,5,14,4,16,0,-2,-6,-1,-8,8,-1,18,14,17,25,3,21,-16,-15,-26,-15,-21,-25,-4,-19,14,-3,21,11,15,16,1,7,-9,-4,-7,-7,3,2,11,16,6,20,-10,7,-27,-16,-27,-33,-9,-32,18,-11,33,14,31,28,11,25,-9,0,0,-4,-17,-9,-6,-4,0,0,-2,-2,-7,-11,-8,-17,8,-17,17,-1,27,16,22,26,6,21,-10,7,-19,-4,-16,-9,-7,-8,-2,-6,-2,-9,-2,-14,4,-13,16,-17,17,19,27,38,10,40,-18,20,-41,-9,-44,-33,-27,-37,-1]"
CSI_DATA,57801,d8:b1:90:d9:de:f0,-53,11,-99,-38,54,116,850298962,100,0,228,0,"[-18,-5,-19,-4,-19,-2,-17,2,-15,5,-13,9,-9,13,105,-7,-6,18,-3,21,-1,22,1,23,2,26,4,26,5,26,6,26,6,23,5,21,5,18,3,11,0,6,63,6,-3,-6,-5,-11,-7,-16,-7,-20,-8,-23,-8,-27,0,0,-7,-28,-5,-27,-4,-26,-2,-21,1,-17,4,-11,14,0,9,2,11,8,14,15,15,20,16,25,16,27,15,29,15,29,14,29,13,27,11,26,9,25,8,21,-116,0,4,13,2,7,0,1,-2,-5,-3,-10,-2,-15,-1,-17,-1,0,-4,4,1,10,13,10,20,-1,17,-18,0,-25,-28,-1,-26,2,-15,19,3,22,16,11,17,-4,6,-13,-5,-9,-7,1,1,6,10,-1,7,-15,-9,-20,-27,-8,-29,17,-8,34,19,30,33,8,29,-17,8,-29,-11,-23,0,0,-15,6,-4,9,0,5,-3,3,-6,7,-1,15,19,11,25,5,23,-14,7,-27,-11,-25,-22,-9,-20,6,-9,15,0,11,3,8,4,6,8,7,15,4,20,-7,21,-5,-5,-34,-30,-26,-44,0,-35,30,-7,45,21,37,35,11]"
CSI_DATA,57802,d8:b1:90:d9:de:f0,-53,11,-99,-37,54,116,850318736,100,0,228,0,"[2,18,4,18,7,16,10,13,12,9,15,5,16,0,102,-7,18,-8,18,-10,18,-14,16,-18,15,-21,14,-22,12,-23,10,-24,9,-23,7,-20,5,-18,4,-11,3,-6,61,6,2,7,2,13,1,19,2,23,3,26,3,28,0,0,3,29,2,28,2,26,1,22,-1,16,-4,11,-42,15,-9,-2,-12,-8,-15,-14,-18,-19,-20,-22,-21,-24,-22,-25,-23,-24,-22,-23,-22,-22,-21,-20,-19,-19,-16,-15,49,15,-10,-9,-4,-6,0,-2,4,3,9,6,11,9,12,12,1,1,6,1,8,-7,2,-15,-11,-16,-23,-3,-20,15,15,23,18,19,24,-1,13,-16,-3,-20,-15,-8,-12,5,-1,9,6,2,1,-6,-9,-5,-13,9,-1,23,21,20,34,-2,21,-28,-6,-34,-29,-19,-32,8,-15,26,6,25,0,0,15,-4,7,-8,2,-5,4,-2,6,-7,1,-15,-20,-11,-25,-3,-22,16,-4,28,16,23,24,5,18,-10,6,-15,-3,-13,-6,-7,-7,-5,-10,-4,-15,2,-15,15,-15,14,21,27,40,7,38,-24,11,-44,-21,-40,-40,-14,-34,13]"
CSI_DATA,57803,d8:b1:90:d9:de:f0,-53,11,-99,-38,54,116,850329892,100,0,228,0,"[10,-16,9,-17,6,-17,3,-17,-2,-17,-6,-16,-9,-14,105,-7,-17,-11,-19,-10,-21,-8,-23,-6,-26,-5,-26,-3,-27,-2,-26,-1,-25,0,-21,0,-17,1,-11,0,-6,0,63,6,7,-1,13,-1,18,-1,23,-1,27,-1,28,0,0,0,29,0,28,2,25,2,21,3,16,4,9,5,133,0,-5,6,-13,6,-19,6,-25,5,-29,5,-31,5,-31,4,-33,4,-32,4,-30,3,-28,3,-26,3,-22,2,0,16,-13,2,-7,1,-1,1,5,1,11,2,15,4,16,5,1,-1,-2,-5,-10,-3,-14,8,-5,20,11,20,25,6,8,-27,5,-25,-14,-20,-22,-3,-16,13,0,18,11,8,10,-4,0,-8,-8,-1,-3,11,11,13,23,-2,17,-23,-5,-32,-30,-18,-34,8,-18,30,8,32,26,16,26,-6,0,0,-2,-15,-7,-5,-4,0,0,-3,-3,-8,-14,-7,-17,10,-13,21,5,27,22,16,27,-3,15,-18,-1,-20,-9,-13,-11,-3,-7,1,-6,1,-8,3,-9,10,-2,20,-3,25,32,8,35,-18,16,-41,-15,-42,-40,-21,-41,8,-22,29]"
CSI_DATA,57804,d8:b1:90:d9:de:f0,-53,11,-99,-38,54,116,850348775,100,0,228,0,"[15,11,16,10,17,8,17,4,17,1,16,-4,16,-8,105,-7,13,-16,10,-18,9,-21,8,-23,6,-25,5,-26,4,-27,3,-27,2,-25,1,-21,1,-18,0,-11,0,-6,63,6,1,7,1,14,1,18,0,22,0,26,0,28,0,0,-1,29,-2,27,-3,25,-3,20,-4,16,-5,9,-74,16,-5,-5,-6,-13,-6,-19,-5,-25,-5,-29,-5,-31,-4,-32,-3,-32,-4,-31,-3,-30,-3,-28,-2,-26,-2,-22,-7,16,-1,-13,-1,-6,-1,-1,-1,5,-2,11,-3,15,-4,17,1,1,5,-2,4,-10,-7,-15,-19,-7,-21,10,-8,25,25,10,25,7,21,-11,4,-22,-11,-17,-17,-1,-9,10,3,10,8,0,1,-7,-11,-4,-14,11,1,23,21,18,32,-4,20,-29,-6,-34,-29,-19,-32,6,-16,25,5,26,0,0,15,-2,6,-7,0,-4,3,0,8,-4,6,-14,-10,-17,-20,-13,-27,5,-16,22,4,27,18,16,20,-1,11,-10,3,-11,-1,-7,-1,-6,-2,-8,-10,-9,-20,-2,-25,-3,-8,32,18,34,41,15,43,-16,21,-40,-9,-41,-29,-21]"
CSI_DATA,57805,d8:b1:90:d9:de:f0,-53,11,-99,-37,54,116,850358890,100,0,228,0,"[-9,-18,-10,-16,-12,-14,-13,-11,-14,-8,-16,-4,-18,0,102,-7,-19,7,-20,10,-19,13,-20,15,-19,18,-19,20,-18,20,-16,20,-15,19,-13,16,-11,13,-7,8,-3,4,61,6,5,-6,8,-10,12,-14,15,-16,18,-19,20,-20,0,0,22,-20,22,-18,21,-15,18,-11,14,-7,10,-3,134,0,-1,7,-6,12,-11,16,-15,20,-20,21,-23,22,-23,22,-25,21,-24,21,-23,19,-22,18,-20,15,-18,13,40,15,-10,7,-5,3,0,0,6,-2,11,-4,14,-3,18,-3,0,-2,-6,-1,-9,8,-1,16,14,15,24,1,20,-18,-18,-22,-18,-19,-25,0,-15,16,1,21,14,10,14,-4,3,-10,-7,-5,-6,6,7,10,18,-1,14,-19,-6,-27,-27,-18,-33,8,-18,31,9,33,28,16,29,-6,13,-22,0,0,-12,-9,-9,1,-3,2,-2,-3,-8,-5,-14,4,-6,19,4,24,21,18,27,-2,19,-20,1,-25,-13,-16,-15,-3,-11,4,-4,4,-4,4,-5,7,-3,13,8,19,9,22,32,-8,22,-31,-5,-43,-33,-30,-45,-1,-32,25,-7,34]"
CSI_DATA,57806,d8:b1:90:d9:de:f0,-53,11,-99,-38,54,116,850378778,100,0,228,0,"[14,-14,13,-15,11,-16,8,-17,5,-16,1,-17,-3,-17,105,-7,-10,-18,-14,-18,-15,-18,-17,-17,-19,-18,-20,-17,-20,-17,-19,-17,-18,-16,-15,-14,-13,-11,-8,-8,-3,-4,63,6,6,5,10,9,13,15,15,19,16,21,17,23,0,0,14,26,11,26,9,23,6,21,2,17,-2,10,-23,16,-7,-3,-9,-10,-10,-17,-10,-22,-10,-28,-10,-30,-8,-32,-7,-32,-5,-32,-4,-29,-3,-29,-2,-26,-1,-22,10,0,1,-13,1,-6,0,-1,-1,5,-4,11,-6,13,-9,15,1,-1,-2,-6,-10,-5,-17,5,-11,17,4,25,21,16,19,-21,15,-20,-3,-25,-18,-13,-20,3,-9,15,4,14,9,3,5,-7,-6,-5,-9,7,0,19,18,15,28,-4,20,-26,-5,-35,-29,-21,-34,4,-21,25,1,30,18,18,0,0,11,-9,2,-8,0,-4,4,-1,7,-7,1,-16,-18,-13,-26,-5,-25,14,-9,27,9,26,22,11,20,-4,10,-13,1,-11,-2,-7,-1,-6,-3,-8,-10,-9,-21,-2,-23,-4,-13,32,13,38,38,22,45,-6,31,-34,2,-41,-21,-29]"
CSI_DATA,57807,d8:b1:90:d9:de:f0,-53,11,-99,-38,54,116,850389754,100,0,228,0,"[17,8,19,7,19,4,18,1,17,-2,16,-6,14,-10,105,-7,10,-17,9,-19,8,-21,6,-23,4,-25,4,-26,3,-27,3,-26,2,-23,2,-20,1,-17,1,-10,1,-4,63,6,0,9,0,15,-1,19,-2,25,-3,27,-4,29,0,0,-6,29,-6,27,-7,25,-7,20,-7,15,-6,8,-93,16,-4,-6,-2,-14,0,-20,2,-26,4,-29,5,-32,6,-33,6,-32,7,-31,7,-29,7,-28,7,-26,6,-21,97,0,4,-13,2,-7,0,-1,-3,4,-6,9,-9,11,-11,13,2,0,5,-4,1,-11,-10,-14,-21,-4,-20,14,-5,26,28,7,26,5,20,-15,3,-22,-13,-16,-18,0,-9,10,3,10,7,0,1,-7,-11,-4,-14,11,1,23,21,19,33,-1,21,-27,-4,-35,-27,-22,-32,3,-19,21,1,25,0,0,15,0,7,-5,2,-3,3,1,10,-2,10,-13,-6,-20,-18,-18,-28,-1,-22,18,-4,28,14,20,20,5,15,-7,6,-10,1,-8,1,-6,0,-9,-5,-13,-18,-9,-20,-13,-21,27,2,40,30,32,45,5,38,-26,10,-40,-15,-33]"
CSI_DATA,57808,d8:b1:90:d9:de:f0,-53,11,-99,-40,55,116,850408686,100,0,228,0,"[4,18,5,18,8,17,9,14,12,11,14,8,16,4,99,-7,19,-2,20,-5,20,-8,21,-10,21,-11,21,-13,20,-14,20,-13,17,-13,16,-12,13,-9,8,-7,3,-3,59,6,-6,5,-11,8,-15,11,-18,13,-22,14,-23,14,0,0,-23,14,-24,12,-22,10,-19,8,-15,4,-11,1,-128,15,2,-7,8,-10,14,-13,20,-15,23,-16,25,-16,26,-16,27,-16,26,-15,26,-14,24,-13,22,-12,19,-10,-19,0,12,-6,7,-4,1,-2,-5,1,-10,1,-14,0,-16,0,1,2,7,2,10,-6,4,-16,-10,-18,-22,-7,-22,12,11,24,12,21,23,6,18,-12,3,-20,-10,-13,-14,0,-5,9,5,6,6,-5,-4,-10,-16,-2,-17,15,0,27,21,22,33,-1,23,-25,-2,-33,-23,-21,-28,1,-17,18,0,0,10,10,9,1,2,-2,1,4,7,6,16,0,10,-17,2,-24,-16,-21,-27,-4,-21,15,-5,23,9,18,14,6,11,-2,6,-4,5,-3,7,-5,5,-12,-5,-19,-5,-24,-31,2,-27,26,-2,42,26,36,43,9,37,-18,13,-32]"
CSI_DATA,57809,d8:b1:90:d9:de:f0,-53,11,-99,-38,54,116,850418677,100,0,228,0,"[-16,13,-15,13,-13,15,-9,15,-5,16,-1,16,3,16,105,-7,10,17,13,16,16,17,18,16,19,16,21,16,21,15,21,15,19,13,17,11,14,9,8,6,4,2,63,6,-6,-5,-11,-9,-15,-13,-17,-16,-20,-19,-20,-20,0,0,-19,-22,-17,-22,-15,-21,-10,-18,-7,-15,-2,-10,-11,16,6,1,11,7,15,13,17,18,19,22,19,26,19,28,17,28,17,28,16,26,14,25,11,23,10,21,87,0,5,13,3,7,1,1,0,-5,0,-10,1,-15,2,-17,-2,1,1,6,10,7,17,-3,13,-17,-3,-25,-20,-16,-19,19,-16,20,3,25,18,14,20,-3,8,-15,-4,-13,-10,-2,-4,6,6,4,9,-7,-2,-17,-21,-11,-28,7,-16,28,10,33,32,16,34,-9,16,-29,-7,-29,-21,-14,0,0,-8,11,1,9,2,2,-3,2,-6,8,2,16,18,8,26,-1,20,-20,1,-29,-18,-21,-25,-4,-18,11,-5,16,4,11,5,5,4,4,5,6,13,4,19,-4,25,-3,-1,-33,-26,-28,-43,-4,-38,26,-11,44,17,39,32,16]"
CSI_DATA,57810,d8:b1:90:d9:de:f0,-53,11,-99,-40,55,116,850428796,100,0,228,0,"[8,17,9,17,10,15,12,13,13,9,15,6,16,3,99,-7,18,-3,19,-6,20,-8,21,-10,21,-11,21,-12,22,-12,21,-12,20,-11,17,-10,14,-8,9,-5,4,-2,59,6,-7,3,-13,5,-18,5,-22,6,-25,6,-27,6,0,0,-28,3,-27,1,-24,-1,-21,-2,-15,-4,-9,-4,-115,15,5,-5,12,-3,19,-2,24,0,27,2,30,4,31,5,31,7,30,8,28,9,26,9,23,9,21,9,-4,0,13,6,7,3,2,0,-3,-4,-6,-8,-7,-11,-7,-14,1,2,7,1,9,-8,2,-16,-12,-17,-22,-4,-21,14,12,23,13,20,22,5,18,-12,4,-19,-10,-13,-13,-1,-6,8,4,6,6,-4,-3,-11,-16,-5,-19,12,-6,26,15,27,32,7,29,-18,8,-32,-15,-28,-27,-9,-22,10,0,0,5,14,8,5,3,0,-1,3,3,9,13,8,18,-8,15,-19,-2,-27,-19,-19,-26,-1,-19,15,-4,20,7,15,11,5,7,0,6,1,7,1,12,-4,11,-15,16,-17,-21,-23,-37,-6,-36,22,-14,42,15,42,36,21,34,-5]"
CSI_DATA,57811,d8:b1:90:d9:de:f0,-53,11,-99,-38,54,116,850439127,100,0,228,0,"[8,-17,7,-18,4,-18,0,-17,-3,-17,-7,-15,-11,-13,105,-7,-18,-8,-20,-7,-22,-5,-25,-3,-26,-1,-26,0,-26,1,-25,2,-23,3,-21,3,-17,2,-10,2,-4,1,63,6,8,-2,14,-4,19,-4,23,-4,27,-4,29,-4,0,0,30,-4,29,-2,26,-1,21,0,17,1,10,2,133,0,-5,5,-11,7,-19,8,-25,8,-28,8,-30,8,-32,8,-32,7,-32,7,-30,7,-29,6,-26,6,-23,5,9,16,-14,4,-8,2,-2,1,4,0,9,0,15,1,17,3,1,-2,-4,-6,-13,-2,-14,9,-3,21,15,19,26,3,5,-28,2,-27,-17,-18,-22,-1,-14,15,2,18,13,7,9,-5,-1,-7,-7,1,-2,11,14,10,23,-6,14,-26,-8,-31,-32,-14,-33,14,-14,33,13,31,28,11,25,-9,0,0,-5,-15,-8,-3,-3,1,0,-3,-4,-8,-15,-5,-16,13,-10,23,9,26,26,13,27,-7,13,-21,-4,-21,-14,-10,-11,-1,-6,3,-5,2,-7,3,-8,10,0,20,-3,25,32,5,32,-21,11,-43,-19,-41,-42,-17,-41,13,-20,31]"
CSI_DATA,57812,d8:b1:90:d9:de:f0,-53,11,-99,-38,54,116,850459133,100,0,228,0,"[0,-19,-2,-19,-4,-18,-6,-16,-9,-14,-13,-11,-15,-8,105,-7,-20,-3,-21,-2,-22,0,-25,2,-26,3,-26,4,-26,5,-25,5,-23,5,-20,4,-16,3,-11,2,-4,1,63,6,8,-2,14,-3,19,-2,25,-3,27,-3,29,-1,0,0,30,0,29,2,26,3,21,4,16,4,9,4,114,0,-6,3,-14,2,-20,1,-26,-1,-29,-3,-31,-4,-31,-5,-32,-7,-31,-7,-30,-7,-28,-8,-26,-8,-22,-8,11,16,-14,-4,-7,-3,-2,-1,3,3,7,7,9,10,10,14,0,-2,-6,-3,-11,3,-8,15,5,20,20,13,26,-5,-4,-28,-5,-26,-21,-13,-21,5,-9,18,6,17,14,4,8,-6,-3,-7,-8,2,-1,13,16,10,23,-6,13,-27,-8,-32,-32,-15,-34,13,-15,32,10,32,27,14,25,-7,0,0,-3,-15,-6,-5,-4,0,1,-3,-3,-9,-13,-8,-19,7,-17,19,1,28,20,20,28,2,19,-15,3,-21,-7,-15,-11,-5,-6,0,-5,0,-7,0,-11,5,-10,16,-15,19,23,22,39,1,34,-27,8,-44,-21,-40,-39,-16,-34,10]"
CSI_DATA,57813,d8:b1:90:d9:de:f0,-53,11,-99,-37,54,116,850478643,100,0,228,0,"[5,-19,4,-19,2,-19,-1,-18,-5,-16,-8,-15,-11,-13,102,-7,-18,-11,-20,-9,-22,-8,-24,-8,-25,-8,-26,-7,-26,-7,-25,-6,-24,-6,-21,-6,-16,-4,-10,-3,-4,-1,61,6,8,3,13,5,18,8,21,10,23,13,25,15,0,0,24,16,22,19,20,18,14,16,10,13,4,9,80,0,-6,0,-11,-6,-14,-12,-18,-16,-18,-22,-19,-25,-19,-26,-18,-28,-16,-27,-15,-27,-12,-25,-11,-24,-9,-22,101,15,-4,-13,-2,-8,-1,-1,1,5,0,10,-1,14,-3,16,1,-2,-4,-5,-12,0,-12,11,-2,22,14,19,26,4,6,-28,4,-25,-14,-19,-22,-3,-15,12,-1,18,11,9,11,-3,1,-8,-8,-2,-6,11,7,16,24,6,24,-16,9,-32,-20,-29,-36,-7,-30,19,-9,32,13,27,24,9,0,0,7,-14,-3,-9,-3,-2,2,-2,4,-8,-4,-15,-19,-6,-25,4,-16,22,1,28,20,19,25,1,18,-12,4,-15,-4,-11,-5,-5,-3,-3,-5,-6,-11,-5,-19,4,-23,1,0,32,24,30,42,8,39,-21,16,-41,-12,-41,-30,-20]"
CSI_DATA,57814,d8:b1:90:d9:de:f0,-53,11,-99,-39,55,116,850489167,100,0,228,0,"[-16,-9,-17,-8,-18,-5,-17,-1,-17,3,-15,7,-14,10,97,-7,-11,17,-10,19,-8,21,-6,23,-5,25,-4,25,-3,25,-2,25,-1,23,-1,20,0,16,0,10,0,4,58,6,0,-8,-1,-14,0,-19,0,-22,1,-26,1,-27,0,0,2,-28,3,-27,4,-24,3,-21,4,-15,4,-9,54,0,3,5,3,12,2,19,1,23,1,27,0,30,-1,31,-1,31,-1,30,-1,29,-1,27,-2,25,-1,23,-23,15,-1,14,0,8,0,2,1,-5,3,-9,5,-12,7,-14,-2,-1,-6,3,-2,11,9,14,20,5,20,-13,6,-24,-26,-7,-24,-4,-19,14,-2,21,13,14,16,-1,7,-11,-5,-10,-9,2,0,9,12,4,14,-12,-1,-24,-22,-18,-32,3,-20,28,6,34,28,20,31,-6,17,-23,-4,-24,0,0,-15,2,-6,7,0,3,-3,-1,-9,2,-8,13,7,17,19,15,26,-3,17,-20,-2,-26,-17,-16,-21,-1,-13,10,-3,11,1,7,1,5,2,7,7,9,17,4,20,9,12,-28,-10,-34,-34,-20,-41,7,-27,32,1,40,23,26]"
CSI_DATA,57815,d8:b1:90:d9:de:f0,-53,11,-99,-41,55,116,850508638,100,0,228,0,"[8,16,10,16,12,14,13,11,15,7,18,4,19,0,102,-7,20,-7,21,-9,21,-12,21,-13,21,-15,21,-16,21,-16,19,-18,18,-16,14,-14,11,-11,8,-7,3,-3,61,6,-5,5,-10,10,-14,12,-18,14,-21,16,-23,18,0,0,-23,16,-23,14,-22,12,-19,10,-15,6,-10,2,-126,15,2,-6,8,-9,13,-11,19,-14,23,-15,26,-16,27,-16,27,-15,28,-15,26,-14,25,-13,23,-11,21,-9,-20,0,13,-5,8,-3,2,0,-4,1,-9,2,-13,1,-16,1,1,2,7,1,9,-8,1,-16,-13,-16,-24,-2,-20,16,16,22,16,19,24,0,15,-15,-1,-20,-13,-10,-13,3,-3,11,7,5,6,-7,-6,-12,-19,-1,-16,18,2,29,25,22,36,-4,22,-28,-4,-34,-26,-21,-29,2,-16,20,0,0,11,10,10,0,3,-2,1,3,7,6,15,-1,10,-16,1,-24,-18,-20,-27,-3,-21,16,-4,24,10,18,14,5,11,-4,5,-5,4,-4,6,-5,5,-12,-5,-18,-3,-23,-31,2,-26,26,-3,42,26,36,43,10,38,-19,14,-33]"
CSI_DATA,57816,d8:b1:90:d9:de:f0,-53,11,-99,-37,54,116,850518885,100,0,228,0,"[-18,-3,-20,-2,-19,1,-18,4,-16,7,-13,10,-11,14,102,-7,-9,19,-8,21,-7,23,-5,25,-4,26,-3,26,-3,26,-3,26,-3,24,-3,21,-2,16,-1,11,0,4,61,6,1,-8,3,-13,5,-18,7,-21,9,-25,11,-26,0,0,13,-26,14,-24,13,-21,13,-18,11,-12,8,-7,108,0,0,6,-4,11,-9,16,-12,20,-16,22,-20,23,-21,23,-23,23,-22,22,-22,21,-22,19,-21,16,-20,13,42,15,-12,7,-7,4,-2,0,4,-2,9,-4,13,-4,16,-2,-2,-1,-5,5,1,12,12,12,22,1,18,-15,2,-26,-28,-3,-26,-2,-19,15,-1,22,13,13,16,-2,7,-12,-5,-10,-9,1,-1,9,11,6,16,-9,4,-24,-19,-23,-32,-4,-26,23,-2,36,23,27,33,4,24,-18,5,-25,0,0,-13,-3,-8,4,-1,3,-2,-1,-8,-2,-13,7,-2,19,8,23,23,12,27,-7,15,-23,-4,-24,-15,-13,-16,0,-10,6,-3,6,-3,4,-4,6,-2,11,7,16,5,22,30,-7,22,-30,-3,-42,-30,-32,-43,-6,-36,22,-12,33]"
CSI_DATA,57817,d8:b1:90:d9:de:f0,-53,11,-99,-39,55,116,850530172,100,0,228,0,"[15,-9,16,-10,14,-12,11,-14,8,-16,5,-17,1,-19,97,-7,-5,-20,-8,-20,-10,-21,-12,-21,-14,-21,-16,-21,-16,-20,-16,-19,-16,-17,-13,-15,-11,-13,-7,-9,-3,-4,58,6,6,6,8,10,12,13,13,18,14,20,14,23,0,0,14,23,12,23,10,21,7,19,4,15,1,10,17,0,-6,-3,-9,-9,-11,-15,-13,-20,-13,-24,-13,-27,-13,-28,-12,-29,-11,-29,-10,-28,-9,-26,-8,-25,-7,-23,-83,15,-3,-14,-2,-9,0,-3,1,3,0,8,-1,13,-2,15,2,-1,0,-6,-8,-9,-16,-1,-15,13,-2,23,15,19,23,-17,19,-16,2,-23,-15,-15,-19,1,-10,14,3,14,11,3,6,-7,-6,-8,-12,5,-3,18,15,18,28,0,22,-22,-1,-34,-26,-23,-33,1,-21,23,1,28,17,18,0,0,11,-10,1,-10,-2,-3,2,-1,6,-6,0,-14,-14,-11,-23,-3,-21,14,-5,25,13,21,22,7,18,-8,7,-14,-2,-11,-4,-6,-3,-4,-4,-6,-11,-6,-18,2,-22,-2,-2,31,21,29,40,9,39,-20,18,-40,-11,-39,-29,-20]"
CSI_DATA,57818,d8:b1:90:d9:de:f0,-53,11,-99,-39,55,116,850540409,100,0,228,0,"[-7,-17,-8,-17,-10,-15,-11,-14,-14,-10,-16,-8,-18,-5,97,-7,-21,1,-21,3,-23,5,-23,6,-23,7,-24,9,-24,9,-23,9,-22,8,-19,7,-16,6,-10,3,-5,1,58,6,7,-2,13,-3,17,-3,21,-4,25,-3,27,-2,0,0,27,1,26,2,24,4,20,4,16,5,9,5,111,0,-5,3,-12,2,-18,0,-23,-3,-26,-5,-29,-8,-30,-10,-29,-10,-29,-12,-26,-13,-25,-12,-23,-13,-19,-12,13,15,-11,-9,-6,-6,-1,-2,4,2,6,7,7,11,8,14,0,-2,-6,-1,-10,7,-4,16,10,18,22,6,21,-11,-12,-25,-11,-21,-22,-7,-19,10,-5,19,10,14,14,1,7,-9,-5,-7,-9,4,0,13,15,9,22,-7,11,-25,-11,-29,-31,-13,-32,13,-13,30,11,30,25,14,24,-7,0,0,-2,-15,-8,-6,-4,0,0,-3,-1,-8,-11,-9,-17,6,-16,17,-1,25,16,20,25,4,20,-12,6,-19,-5,-14,-10,-6,-7,-1,-6,-1,-8,-1,-12,3,-12,14,-17,14,18,25,35,10,37,-17,19,-39,-10,-42,-32,-25,-35,0]"
CSI_DATA,57819,d8:b1:90:d9:de:f0,-53,11,-99,-36,54,116,850551381,100,0,228,0,"[-6,-16,-7,-16,-10,-14,-12,-12,-15,-10,-16,-6,-18,-3,99,-7,-20,4,-20,6,-21,9,-21,10,-22,12,-21,13,-21,14,-20,14,-19,13,-17,12,-13,10,-10,7,-5,3,59,6,5,-6,10,-8,13,-11,17,-13,20,-14,22,-14,0,0,23,-13,24,-12,22,-10,20,-7,16,-3,11,0,-129,0,-2,7,-8,10,-15,12,-20,14,-23,15,-26,14,-28,13,-28,14,-28,13,-28,11,-26,10,-25,9,-22,6,3,15,-14,3,-9,1,-3,0,3,-3,8,-3,14,-1,16,1,-1,-1,-6,0,-9,7,-3,16,12,16,23,4,21,-13,-15,-23,-14,-20,-23,-3,-17,13,-1,20,12,11,14,-2,5,-10,-6,-6,-7,6,4,11,16,4,18,-15,1,-27,-21,-23,-33,1,-23,24,0,34,22,23,28,0,18,-17,0,0,-9,-12,-10,-2,-4,2,-2,-2,-7,-4,-14,1,-9,17,-2,23,15,21,26,4,22,-13,6,-22,-8,-18,-14,-7,-11,1,-7,4,-5,3,-7,5,-5,11,4,19,1,21,31,0,29,-24,7,-42,-22,-38,-41,-14,-41,14,-19,30]"
CSI_DATA,57820,d8:b1:90:d9:de:f0,-53,11,-99,-37,54,116,850568894,100,0,228,0,"[-4,19,-3,20,-1,20,2,19,6,19,9,16,11,15,102,-7,18,12,20,11,21,9,23,9,25,8,25,7,25,6,24,6,23,5,21,5,16,3,12,2,6,1,61,6,-6,-2,-11,-4,-16,-7,-19,-10,-21,-12,-23,-13,0,0,-22,-15,-22,-16,-19,-15,-14,-15,-9,-12,-4,-9,-64,15,6,1,11,5,15,12,18,16,20,21,19,23,19,25,20,26,18,26,16,26,14,25,12,24,10,22,-130,0,5,13,3,8,0,1,-1,-4,-1,-9,1,-14,3,-16,-2,2,4,6,11,1,12,-10,2,-21,-14,-18,-25,-4,-5,29,-3,25,14,19,22,3,15,-13,0,-18,-12,-8,-11,4,-1,10,9,4,8,-9,-5,-15,-22,-7,-23,14,-7,30,18,28,33,7,29,-19,8,-31,-14,-25,-24,-7,0,0,-5,14,4,9,4,2,-1,1,-3,7,5,13,18,5,23,-4,15,-20,-3,-26,-19,-16,-23,0,-15,12,-3,15,3,10,5,4,3,3,4,6,11,5,19,-4,24,-2,0,-31,-26,-29,-43,-7,-39,23,-15,41,13,41,30,20]"
CSI_DATA,57821,d8:b1:90:d9:de:f0,-53,11,-99,-37,54,116,850588635,100,0,228,0,"[-10,-16,-11,-16,-12,-15,-13,-13,-15,-10,-16,-7,-19,-5,102,-7,-21,0,-22,2,-23,4,-23,5,-24,6,-25,7,-25,7,-24,7,-24,7,-21,5,-16,5,-12,2,-5,0,61,6,6,0,12,-1,18,0,22,1,25,3,27,4,0,0,26,8,25,9,22,10,19,10,12,10,6,8,90,0,-6,1,-12,-4,-16,-8,-21,-12,-23,-18,-24,-21,-23,-23,-22,-24,-20,-25,-18,-25,-15,-24,-13,-23,-11,-21,116,15,-5,-13,-2,-8,0,-2,-1,5,-1,10,-2,14,-5,16,0,-2,-6,-2,-9,7,-2,16,11,18,23,5,22,-12,-12,-27,-12,-22,-23,-7,-19,11,-5,20,9,15,15,2,8,-9,-4,-9,-9,1,-2,13,12,11,22,-4,14,-23,-6,-30,-28,-18,-33,6,-20,28,4,32,22,19,25,0,0,0,1,-15,-6,-8,-4,-2,1,-2,1,-8,-8,-12,-19,-1,-21,9,-10,24,7,26,22,13,24,-3,13,-14,1,-15,-6,-9,-6,-4,-3,-3,-5,-5,-12,-4,-19,4,-24,3,0,32,24,30,42,9,41,-20,20,-41,-8,-42,-28,-24]"
CSI_DATA,57822,d8:b1:90:d9:de:f0,-52,11,-99,-38,54,116,850598780,100,0,228,0,"[0,19,2,19,4,19,7,17,10,15,14,11,16,8,105,-7,20,3,21,1,23,-1,25,-3,26,-5,26,-7,26,-7,25,-7,23,-8,20,-7,17,-6,11,-4,6,-2,63,6,-6,3,-10,6,-16,7,-20,7,-25,7,-27,8,0,0,-28,7,-27,5,-26,3,-21,1,-17,-1,-10,-3,-135,16,4,-6,11,-7,18,-8,25,-8,28,-8,31,-7,33,-6,33,-5,33,-5,31,-4,30,-3,28,-2,23,-1,19,1,14,0,8,0,1,0,-6,1,-10,-1,-16,-3,-17,-6,-1,2,5,4,11,-2,8,-14,-5,-20,-20,-11,-25,6,5,29,7,25,21,10,21,-7,8,-19,-8,-16,-15,-3,-8,8,3,9,8,-2,1,-11,-14,-8,-21,8,-8,27,16,29,33,8,31,-18,9,-33,-15,-29,-28,-8,-23,11,0,0,5,15,9,4,4,0,2,2,5,6,15,2,14,-15,8,-23,-10,-25,-26,-11,-26,8,-13,21,4,20,14,10,11,1,7,-2,5,-1,8,-3,9,-9,2,-20,4,-22,-32,-9,-37,16,-19,40,11,45,39,26,43,-3,27,-27]"
CSI_DATA,57823,d8:b1:90:d9:de:f0,-53,11,-99,-37,54,116,850620746,100,0,228,0,"[11,16,12,15,14,13,15,11,16,8,18,5,19,1,102,-7,19,-6,20,-8,21,-11,21,-13,21,-14,20,-16,20,-18,20,-18,18,-16,15,-14,13,-12,9,-7,5,-4,61,6,-4,5,-8,8,-13,10,-18,12,-21,13,-23,14,0,0,-26,13,-25,10,-24,8,-20,6,-16,3,-10,-1,-129,15,3,-5,10,-8,16,-9,23,-10,27,-10,30,-9,32,-8,32,-7,32,-6,30,-5,29,-4,27,-3,24,-1,15,1,14,0,7,0,2,0,-5,-2,-11,-4,-13,-6,-15,-8,0,2,6,1,9,-7,0,-16,-13,-14,-24,-1,-18,18,18,23,18,18,24,0,15,-16,-1,-21,-14,-10,-14,3,-4,11,7,7,7,-4,-3,-12,-16,-3,-18,14,-1,27,23,22,33,-1,24,-26,0,-34,-23,-23,-29,-1,-20,18,0,0,9,13,10,3,4,-2,1,2,6,5,14,1,11,-14,5,-23,-13,-22,-26,-8,-24,11,-10,22,6,20,12,9,12,-1,5,-3,5,-1,6,-2,9,-9,3,-19,6,-24,-31,-11,-37,13,-21,38,8,45,36,29,42,0,28,-23]"
CSI_DATA,57824,d8:b1:90:d9:de:f0,-53,11,-99,-37,54,116,850638649,100,0,228,0,"[20,-3,21,-4,20,-6,16,-9,14,-11,10,-14,7,-16,102,-7,0,-21,-3,-21,-6,-22,-8,-23,-10,-23,-12,-22,-14,-23,-14,-22,-14,-20,-13,-18,-11,-14,-8,-10,-4,-6,61,6,5,4,8,8,11,12,14,16,16,19,16,21,0,0,18,23,15,23,13,21,11,18,6,14,2,10,5,0,-7,-1,-12,-7,-15,-12,-19,-18,-21,-21,-22,-24,-23,-25,-23,-25,-22,-25,-21,-24,-20,-22,-18,-21,-14,-18,118,15,-8,-10,-4,-6,-1,-1,2,5,5,10,5,15,5,18,2,1,3,-5,-4,-11,-14,-6,-19,7,-9,22,9,24,27,-10,23,-10,7,-24,-11,-19,-21,-4,-13,11,1,15,9,6,7,-5,-4,-8,-11,3,-4,16,14,18,28,0,22,-24,-2,-34,-27,-23,-34,3,-22,26,2,29,20,16,0,0,11,-11,1,-10,-2,-4,2,-3,3,-8,-4,-14,-20,-6,-24,4,-16,21,2,27,20,18,24,0,14,-13,2,-15,-5,-10,-5,-3,-4,-3,-5,-5,-12,-3,-19,8,-23,9,10,31,34,21,44,-8,28,-37,-3,-46,-30,-31,-37,-4]"
CSI_DATA,57825,d8:b1:90:d9:de:f0,-53,11,-99,-37,54,116,850649927,100,0,228,0,"[7,-19,5,-20,3,-20,-1,-19,-5,-18,-9,-14,-12,-12,102,-7,-19,-7,-21,-5,-23,-1,-25,0,-26,3,-26,5,-26,7,-25,7,-24,8,-21,8,-18,7,-12,5,-6,3,61,6,5,-4,9,-7,13,-9,19,-11,22,-12,24,-13,0,0,25,-14,24,-12,23,-11,20,-8,15,-5,10,-2,128,0,-2,7,-7,12,-12,16,-16,20,-21,21,-23,23,-24,23,-24,24,-24,23,-23,22,-21,21,-20,20,-16,16,75,15,-9,9,-5,5,0,1,5,-3,9,-7,13,-7,16,-8,2,-1,-3,-5,-11,-2,-12,10,-1,21,16,18,26,1,1,-29,-2,-26,-20,-15,-23,4,-10,18,6,16,14,4,9,-8,-3,-9,-8,1,0,11,15,7,21,-9,7,-27,-20,-26,-34,-4,-28,22,-2,36,22,26,30,3,21,-16,0,0,-9,-12,-10,-2,-5,2,-3,-2,-8,-4,-14,3,-7,19,4,25,20,18,28,-2,18,-20,-1,-25,-14,-14,-16,-1,-10,6,-3,5,-3,4,-4,7,-1,13,10,16,12,21,30,-13,15,-37,-14,-42,-41,-22,-45,10,-25,36,3,37]"
CSI_DATA,57826,d8:b1:90:d9:de:f0,-50,9,-99,-37,52,116,850660072,98,0,106,0,"[144,0,-90,0,32,0,-96,0,-101,20,-113,0,129,20,-141,0,37,20,169,0,-24,18,117,0,-60,18,105,0,-48,18,92,0,54,20,73,0,-109,20,61,0,97,0,42,0,-68,0,12,0,52,1,-14,20,0,0,0,0,61,1,-101,20,-34,0,-120,20,121,0,-129,20,-112,20,-112,20,17,20,-58,20,-129,18,-1,20,150,18,32,0,168,18,69,0,-117,18,77,0,-16,18,85,0,134,20,76,0,-8,20,30,0,-170,0]"
CSI_DATA,57827,d8:b1:90:d9:de:f0,-53,11,-99,-37,54,116,850679087,100,0,228,0,"[6,-19,5,-20,2,-20,-1,-19,-5,-16,-9,-14,-12,-11,102,-7,-19,-7,-21,-4,-23,-2,-25,0,-26,2,-27,4,-27,5,-26,5,-25,6,-23,5,-19,5,-13,3,-7,1,61,6,6,-4,11,-5,16,-7,21,-7,25,-7,27,-7,0,0,29,-6,28,-5,25,-3,22,-1,16,0,10,3,126,0,-4,7,-11,9,-19,10,-24,10,-27,10,-30,10,-31,9,-32,9,-32,8,-30,7,-28,7,-26,6,-23,5,-4,14,-12,3,-7,2,0,1,7,0,11,0,16,2,18,4,2,-1,-3,-5,-11,-1,-12,11,0,21,16,16,26,0,2,-28,-2,-26,-19,-15,-23,3,-11,16,5,18,13,6,10,-6,-2,-8,-8,1,-1,11,13,9,22,-7,10,-26,-14,-30,-33,-11,-32,16,-11,34,14,30,28,10,24,-11,0,0,-4,-16,-9,-5,-5,0,-3,-3,-7,-7,-15,-2,-14,16,-7,24,12,25,27,10,26,-11,10,-23,-6,-21,-14,-9,-11,0,-6,3,-4,2,-7,3,-8,10,0,20,-1,24,33,4,32,-22,11,-43,-20,-41,-41,-16,-41,12,-19,30]"
CSI_DATA,57828,d8:b1:90:d9:de:f0,-53,11,-99,-38,54,116,850699131,100,0,228,0,"[-16,9,-15,11,-11,13,-8,15,-4,15,1,15,6,15,105,-7,14,13,17,11,20,10,22,8,25,7,26,5,27,4,27,3,26,2,21,2,19,1,13,2,7,3,63,6,-6,4,-11,6,-16,6,-20,7,-25,9,-27,9,0,0,-28,9,-27,7,-26,5,-20,4,-17,1,-11,-2,130,16,1,-9,7,-14,13,-17,17,-19,21,-22,23,-23,25,-23,23,-22,23,-23,21,-21,20,-20,19,-18,16,-16,-73,0,10,-8,5,-4,1,1,-3,5,-7,9,-10,10,-14,11,-1,1,1,5,9,6,16,-4,9,-18,-6,-22,-22,-10,-14,22,-9,23,9,22,21,6,17,-9,3,-17,-9,-10,-10,1,-1,6,5,0,2,-10,-13,-10,-21,5,-13,25,11,33,32,14,33,-15,13,-32,-14,-31,-28,-10,-25,10,0,0,5,16,8,6,6,2,4,3,9,4,16,-3,8,-22,-1,-26,-20,-19,-28,-1,-20,18,-2,25,13,17,16,4,11,-5,6,-6,4,-6,4,-9,-1,-15,-14,-15,-13,-17,-28,19,-9,38,20,39,43,16,42,-17,17,-37,-9,-34]"
CSI_DATA,57829,d8:b1:90:d9:de:f0,-53,11,-99,-37,54,116,850718751,100,0,228,0,"[-8,-18,-10,-16,-12,-14,-13,-11,-15,-8,-15,-2,-18,1,102,-7,-18,9,-16,13,-15,16,-15,19,-14,22,-13,23,-12,24,-11,24,-9,23,-8,21,-6,16,-4,12,-3,5,61,6,0,-6,2,-13,3,-19,4,-22,4,-25,5,-27,0,0,5,-28,7,-26,6,-23,6,-20,7,-13,6,-8,84,0,6,6,4,14,4,21,4,26,3,30,2,32,2,33,2,33,2,32,2,30,3,28,3,26,1,22,26,0,1,12,1,7,0,-1,1,-6,1,-11,3,-15,4,-16,0,-2,-6,-1,-8,8,0,16,14,15,24,0,18,-19,-20,-21,-20,-14,-24,4,-12,19,5,19,15,7,12,-7,1,-11,-7,-3,-3,7,10,7,15,-6,5,-23,-18,-22,-34,-3,-26,23,-2,36,24,26,33,1,22,-21,1,-26,0,0,-15,-2,-9,6,-3,3,-5,1,-9,4,-7,14,11,20,21,14,27,-4,16,-23,-2,-27,-19,-15,-21,0,-11,11,-2,11,2,7,1,5,2,9,10,10,21,2,24,2,7,-32,-19,-34,-41,-13,-42,18,-19,40,11,41,30,19]"
CSI_DATA,57830,d8:b1:90:d9:de:f0,-53,11,-99,-37,54,116,850738966,100,0,228,0,"[18,-2,18,-4,15,-6,13,-9,9,-12,5,-15,0,-15,102,-7,-8,-18,-11,-18,-15,-18,-18,-16,-20,-15,-23,-13,-23,-12,-24,-11,-23,-9,-20,-8,-16,-6,-11,-5,-6,-4,61,6,7,-3,12,-4,18,-3,22,-4,25,-4,28,-4,0,0,28,-4,26,-3,25,-2,21,-1,16,1,10,4,127,0,-3,10,-9,13,-14,16,-19,20,-22,22,-24,23,-25,24,-24,23,-24,23,-21,22,-20,21,-18,19,-14,16,69,15,-8,9,-5,4,-1,0,2,-5,6,-9,8,-11,11,-12,0,-1,0,-6,-7,-9,-16,-2,-15,12,-3,24,16,19,22,-16,18,-18,-1,-24,-18,-12,-19,4,-8,14,5,12,9,2,2,-6,-6,-1,-4,10,10,13,23,1,20,-21,-2,-37,-28,-21,-36,6,-19,29,7,33,25,16,26,-5,0,0,-2,-15,-7,-7,-5,-3,-4,-4,-9,-5,-16,2,-10,23,-1,26,19,21,28,2,21,-16,3,-24,-11,-16,-15,-4,-11,4,-6,5,-5,5,-5,9,2,15,14,15,16,15,27,-21,6,-39,-24,-37,-44,-10,-40,23,-12,39,14,33]"
CSI_DATA,57831,d8:b1:90:d9:de:f0,-53,11,-99,-37,54,116,850750577,100,0,228,0,"[-15,9,-14,11,-10,12,-7,14,-2,14,3,14,7,14,102,-7,15,11,19,9,22,7,24,5,25,2,27,0,27,-1,26,-3,25,-4,21,-4,18,-3,12,-2,6,1,61,6,-5,7,-8,11,-12,13,-16,16,-19,19,-20,20,0,0,-20,21,-20,19,-18,16,-15,13,-13,9,-10,4,-130,15,-3,-9,-1,-16,1,-22,3,-27,3,-30,4,-32,4,-33,3,-32,3,-32,2,-30,1,-28,0,-25,-1,-22,2,0,0,-12,0,-6,2,0,2,6,2,11,2,14,1,18,0,1,2,5,10,5,15,-5,8,-19,-8,-22,-23,-9,-10,24,-7,24,12,20,22,3,14,-12,0,-15,-11,-7,-8,4,1,6,6,-2,-2,-10,-15,-5,-20,12,-5,28,22,29,34,2,26,-25,-1,-34,-24,-23,-30,1,-18,19,0,0,10,11,9,3,6,0,6,1,11,-1,13,-12,-4,-25,-15,-21,-28,-4,-23,15,-5,26,13,21,21,5,15,-7,5,-10,1,-8,0,-7,-3,-9,-11,-10,-21,-1,-22,-1,-5,33,22,31,42,8,39,-23,12,-43,-19,-37,-33,-12]"
CSI_DATA,57832,d8:b1:90:d9:de:f0,-53,11,-99,-37,54,116,850768614,100,0,228,0,"[5,-16,3,-18,0,-16,-3,-15,-7,-13,-10,-10,-13,-7,102,-7,-19,-3,-21,0,-22,2,-23,5,-24,7,-24,8,-25,9,-23,10,-22,10,-20,8,-16,7,-11,3,-6,-1,61,6,4,-8,8,-11,12,-14,15,-16,18,-19,20,-19,0,0,22,-19,21,-15,21,-13,18,-10,15,-6,10,-1,-134,0,1,10,-4,15,-8,20,-12,23,-15,26,-18,27,-18,27,-19,26,-18,26,-16,24,-16,22,-14,21,-12,18,103,15,-8,9,-5,4,-1,-1,3,-5,7,-9,10,-11,12,-11,-1,-1,-6,-2,-11,3,-8,14,4,20,19,13,24,-4,-4,-27,-6,-24,-20,-11,-21,6,-8,18,7,14,12,3,7,-7,-3,-6,-5,4,4,10,16,3,18,-14,0,-27,-25,-26,-34,1,-23,26,1,34,24,23,29,0,19,-18,0,0,-9,-12,-9,-3,-6,-1,-6,-3,-12,-2,-15,8,-3,26,8,25,25,13,27,-6,14,-23,-4,-24,-15,-13,-16,-1,-10,6,-4,6,-3,7,-3,9,3,14,16,13,15,13,25,-22,5,-38,-24,-34,-43,-11,-39,20,-14,38,10,32]"
CSI_DATA,57833,d8:b1:90:d9:de:f0,-53,11,-99,-36,54,116,850778721,100,0,228,0,"[17,-7,17,-9,15,-10,13,-13,9,-14,5,-16,2,-17,99,-7,-5,-19,-8,-19,-11,-20,-13,-19,-15,-19,-17,-18,-18,-18,-18,-17,-17,-16,-15,-13,-12,-11,-8,-8,-2,-5,59,6,8,3,12,6,16,9,19,12,22,14,23,15,0,0,22,17,20,17,18,16,14,14,10,12,4,9,47,0,-8,1,-14,-4,-18,-8,-22,-11,-24,-14,-26,-16,-27,-17,-26,-17,-25,-17,-24,-15,-23,-15,-20,-13,-17,-11,45,15,-10,-7,-5,-3,0,1,3,5,7,9,8,12,9,14,2,-1,0,-6,-8,-9,-16,-2,-16,12,-3,23,15,19,23,-17,18,-16,1,-23,-16,-14,-19,1,-10,14,4,13,10,3,5,-6,-6,-5,-10,7,1,18,19,13,27,-7,17,-29,-11,-31,-31,-15,-31,10,-14,28,8,27,21,12,0,0,8,-11,0,-8,0,-4,3,-5,2,-11,-8,-15,-22,-2,-23,10,-11,25,9,26,24,13,23,-5,11,-16,-1,-16,-7,-8,-6,-3,-5,-3,-8,-3,-14,2,-14,14,-16,16,19,26,37,9,37,-20,15,-41,-15,-41,-36,-18,-33,8]"
CSI_DATA,57834,d8:b1:90:d9:de:f0,-53,11,-99,-41,55,116,850789377,100,0,228,0,"[-10,13,-9,15,-6,16,-2,16,2,16,6,15,10,14,102,-7,16,10,20,8,21,6,23,4,24,2,25,0,25,-1,25,-2,23,-3,21,-2,16,-2,11,0,6,2,61,6,-4,7,-10,10,-14,12,-18,13,-21,15,-22,16,0,0,-23,15,-23,14,-21,12,-19,9,-14,6,-10,1,131,15,-1,-10,4,-14,9,-19,11,-23,15,-25,16,-27,16,-28,16,-28,15,-27,14,-26,12,-24,11,-22,9,-19,-135,0,6,-11,3,-5,1,1,-3,5,-5,10,-7,12,-9,13,1,2,4,5,11,1,13,-9,4,-20,-12,-18,-24,-4,-5,28,-2,24,15,16,21,-1,12,-14,-3,-16,-12,-6,-9,5,2,7,7,-2,0,-12,-14,-7,-20,9,-7,26,19,30,32,5,27,-21,4,-34,-20,-25,-28,-4,-20,14,0,0,7,12,9,4,5,2,6,4,12,3,16,-7,4,-24,-7,-24,-24,-13,-27,7,-13,23,4,24,15,12,15,0,9,-7,3,-7,2,-7,2,-10,-5,-14,-18,-11,-19,-11,-21,26,1,39,30,30,45,2,33,-28,6,-41,-19,-29]"
CSI_DATA,57835,d8:b1:90:d9:de:f0,-53,11,-99,-40,55,116,850808801,100,0,228,0,"[17,3,18,1,18,-2,16,-5,14,-9,11,-12,9,-15,99,-7,3,-19,0,-21,-3,-22,-5,-22,-7,-23,-9,-23,-11,-22,-11,-21,-11,-20,-9,-18,-7,-14,-4,-11,0,-6,59,6,9,2,12,6,16,10,19,13,21,15,22,17,0,0,21,19,20,18,17,17,14,16,9,13,3,10,29,0,-9,2,-15,-2,-20,-5,-25,-8,-27,-10,-29,-12,-29,-13,-29,-12,-28,-12,-26,-11,-24,-10,-22,-9,-19,-9,38,15,-10,-5,-5,-3,1,0,7,2,11,5,15,7,15,9,1,-1,2,-6,-4,-11,-13,-8,-19,5,-12,20,6,23,27,-6,22,-7,9,-20,-8,-19,-18,-5,-13,10,-1,14,8,6,6,-5,-4,-6,-10,4,-2,16,16,16,27,-2,24,-26,-5,-32,-27,-20,-32,5,-18,25,4,28,19,15,0,0,11,-9,3,-9,1,-5,3,-7,0,-12,-11,-14,-25,1,-23,13,-9,26,12,25,25,11,22,-8,9,-18,-3,-16,-8,-8,-7,-3,-6,-3,-10,-1,-13,5,-10,18,-10,19,26,19,39,-4,28,-31,0,-45,-28,-32,-41,-5,-29,19]"
CSI_DATA,57836,d8:b1:90:d9:de:f0,-53,11,-99,-40,55,116,850819391,100,0,228,0,"[-17,0,-18,2,-18,4,-16,7,-14,10,-11,12,-8,15,99,-7,-4,19,-1,20,1,22,3,22,5,24,6,23,7,24,7,23,7,22,5,19,4,16,2,12,-2,6,59,6,-7,-5,-10,-11,-11,-16,-12,-19,-13,-22,-12,-26,0,0,-10,-26,-8,-25,-6,-23,-3,-20,0,-15,3,-10,36,0,9,4,10,11,12,17,13,22,13,26,12,29,12,30,10,29,10,29,9,27,8,25,6,23,5,20,66,0,1,10,0,6,-1,-1,-2,-7,-2,-12,-1,-17,1,-18,-1,2,-2,6,5,10,14,7,19,-7,10,-19,-6,-23,-28,7,-22,7,-10,20,7,19,17,6,15,-8,3,-14,-7,-7,-6,3,3,7,11,-2,6,-14,-11,-19,-26,-6,-30,18,-7,31,19,28,32,8,27,-15,7,-26,-10,-21,0,0,-14,3,-6,7,-4,4,-6,5,-7,11,1,18,21,14,26,4,23,-15,7,-27,-11,-24,-22,-9,-18,6,-8,13,0,11,3,7,3,6,5,9,12,7,21,-3,21,-4,1,-32,-24,-30,-43,-7,-39,22,-15,42,14,39,30,17]"
CSI_DATA,57837,d8:b1:90:d9:de:f0,-54,11,-99,-38,55,116,850838630,100,0,228,0,"[-10,14,-10,15,-8,16,-4,18,-1,18,0,18,4,17,94,-6,10,16,12,15,15,15,17,14,18,13,19,12,20,12,20,11,19,10,16,9,13,7,8,5,3,4,56,5,-7,0,-13,0,-17,-3,-20,-6,-22,-8,-24,-10,0,0,-23,-11,-21,-12,-19,-12,-14,-10,-10,-9,-4,-7,-37,14,7,0,13,2,18,7,21,10,24,13,25,15,26,16,24,16,24,16,22,14,21,14,18,12,15,11,-79,0,8,5,5,2,0,-1,-2,-4,-6,-9,-7,-12,-6,-14,0,0,1,4,9,3,13,-4,7,-16,-6,-19,-20,-9,-14,25,-9,21,8,20,19,6,16,-8,3,-16,-8,-10,-10,0,-2,8,7,4,8,-7,-3,-15,-19,-8,-23,10,-9,30,15,27,31,7,27,-14,9,-28,-11,-23,-20,-7,0,0,-5,11,0,7,0,3,-1,5,0,10,9,13,22,0,20,-11,7,-24,-9,-24,-22,-10,-20,5,-9,15,0,13,6,7,4,2,3,3,7,4,13,0,15,-12,17,-15,-16,-26,-34,-11,-37,15,-19,37,10,40,32,22,34,-2]"
CSI_DATA,57838,d8:b1:90:d9:de:f0,-53,11,-99,-41,55,116,850848913,100,0,228,0,"[18,3,19,1,19,-2,18,-6,15,-9,13,-12,9,-14,102,-7,3,-20,0,-21,-2,-22,-5,-22,-7,-23,-9,-23,-10,-22,-11,-21,-11,-20,-9,-18,-8,-14,-4,-10,0,-7,61,6,9,2,13,4,16,7,20,10,22,12,23,13,0,0,24,14,21,14,20,14,15,12,10,11,4,9,51,0,-8,4,-15,1,-21,-2,-25,-4,-28,-5,-30,-6,-31,-6,-30,-6,-30,-6,-27,-5,-26,-4,-23,-3,-20,-3,10,15,-11,-2,-4,-1,1,-1,7,1,12,2,14,3,18,5,1,-1,2,-5,-3,-10,-13,-7,-19,5,-10,19,7,23,28,-7,22,-8,7,-21,-10,-18,-18,-5,-13,10,0,13,9,5,7,-5,-4,-6,-10,4,-2,16,15,15,27,-2,22,-28,-7,-32,-28,-16,-31,8,-16,26,5,27,20,13,0,0,10,-11,2,-9,0,-6,1,-7,-3,-12,-13,-12,-24,5,-20,18,-3,27,15,22,26,5,20,-12,6,-19,-5,-14,-8,-5,-7,-1,-6,-2,-10,0,-12,9,-6,20,-4,22,31,13,37,-12,21,-38,-10,-44,-38,-25,-41,5,-24,26]"
CSI_DATA,57839,d8:b1:90:d9:de:f0,-53,11,-99,-39,55,116,850868939,100,0,228,0,"[19,1,19,-1,20,-2,19,-6,16,-8,14,-12,12,-14,97,-7,6,-19,3,-20,1,-22,-2,-22,-3,-23,-5,-24,-6,-24,-6,-23,-6,-22,-5,-19,-3,-16,-1,-11,2,-6,58,6,7,5,10,11,11,15,13,18,14,22,14,23,0,0,12,25,10,25,8,23,5,20,3,15,-2,9,1,0,-8,-2,-11,-10,-13,-15,-15,-20,-16,-24,-16,-27,-16,-27,-15,-27,-14,-26,-13,-24,-12,-22,-11,-20,-9,-17,114,15,-4,-10,-2,-4,1,1,1,7,2,12,3,15,2,18,2,0,3,-5,-3,-11,-14,-8,-19,4,-13,18,5,23,29,-4,23,-6,11,-20,-7,-20,-18,-8,-15,8,-3,15,8,8,8,-3,-3,-8,-12,0,-8,15,9,19,25,7,30,-16,7,-32,-18,-27,-31,-7,-25,16,-7,26,11,20,0,0,14,-4,6,-7,3,-4,6,-5,6,-11,-2,-17,-21,-12,-26,-1,-21,18,-4,27,15,21,22,6,17,-8,6,-13,-2,-10,-4,-6,-3,-6,-5,-8,-14,-6,-20,6,-22,9,4,33,28,24,42,-1,32,-30,5,-44,-23,-32,-33,-8]"
CSI_DATA,57840,d8:b1:90:d9:de:f0,-53,11,-99,-39,55,116,850888933,100,0,228,0,"[-19,1,-19,3,-18,6,-16,10,-13,13,-10,16,-6,17,97,-7,1,20,5,21,8,20,11,20,14,20,16,19,17,18,18,17,17,15,16,13,13,11,8,8,3,6,58,6,-9,1,-14,0,-19,-2,-23,-3,-26,-3,-27,-4,0,0,-28,-5,-27,-5,-24,-5,-20,-5,-14,-5,-8,-6,-108,15,6,-7,13,-7,19,-7,24,-7,28,-8,29,-9,30,-9,30,-10,28,-10,26,-9,24,-10,21,-9,18,-8,-50,0,10,-5,4,-2,-1,0,-6,3,-12,4,-14,5,-17,5,-1,1,-2,6,5,10,15,5,18,-9,7,-22,-12,-21,-27,14,-19,15,-2,23,15,15,20,-1,10,-14,-5,-14,-11,-2,-5,7,6,5,9,-7,-2,-16,-19,-9,-24,11,-12,32,17,27,32,6,26,-19,4,-30,-15,-22,-23,-4,0,0,-3,13,2,8,2,5,1,7,7,11,17,7,20,-14,12,-23,-8,-26,-24,-13,-25,7,-12,20,3,18,11,9,10,1,6,-2,6,-2,9,-5,7,-13,-4,-20,-8,-22,-32,4,-24,30,4,42,32,29,43,-1,29,-27,3,-34]"
CSI_DATA,57841,d8:b1:90:d9:de:f0,-53,11,-99,-39,55,116,850899003,100,0,228,0,"[-6,17,-4,19,-2,20,2,20,6,18,9,16,13,13,97,-7,19,9,20,6,22,3,23,1,24,-1,24,-3,24,-4,24,-6,23,-6,19,-5,16,-4,12,-1,7,1,58,6,-4,7,-9,11,-13,13,-17,15,-19,17,-22,18,0,0,-23,18,-22,15,-21,14,-18,10,-15,6,-10,1,-127,15,0,-9,5,-14,9,-17,13,-21,16,-23,18,-25,18,-26,17,-24,17,-24,15,-22,14,-22,13,-19,10,-16,-109,0,5,-9,3,-4,-1,1,-5,6,-7,9,-10,12,-11,13,0,1,4,4,11,0,11,-11,0,-19,-16,-16,-24,1,0,31,3,24,20,13,21,-5,9,-18,-6,-16,-14,-4,-9,8,3,8,8,-2,0,-11,-14,-7,-19,10,-6,26,18,29,32,4,25,-22,3,-31,-19,-23,-27,-3,-19,15,0,0,7,12,7,4,5,2,6,4,12,3,17,-7,6,-24,-7,-25,-24,-14,-27,5,-15,21,3,23,14,13,15,1,9,-5,5,-5,4,-4,5,-9,-2,-15,-15,-14,-19,-14,-25,22,-5,37,24,33,43,9,37,-22,12,-37,-14,-31]"
CSI_DATA,57842,d8:b1:90:d9:de:f0,-53,11,-99,-40,55,116,850918739,100,0,228,0,"[-16,11,-16,12,-15,14,-12,16,-8,17,-4,18,0,19,99,-7,7,19,10,19,13,19,15,18,17,17,19,17,20,16,20,15,19,13,17,12,13,10,8,8,3,4,59,6,-8,0,-14,-3,-18,-5,-21,-7,-24,-9,-25,-10,0,0,-25,-12,-23,-13,-20,-12,-16,-12,-12,-10,-5,-8,-66,15,8,-2,14,1,19,3,23,6,26,8,28,9,29,10,28,10,27,10,25,9,23,8,21,8,18,7,-46,0,10,4,4,2,-1,-1,-6,-4,-10,-7,-12,-9,-13,-10,-2,1,0,6,9,8,16,-1,14,-14,-1,-23,-18,-16,-21,20,-15,19,3,23,18,12,19,-5,7,-16,-7,-13,-12,-1,-5,9,7,5,10,-7,-2,-16,-19,-10,-25,10,-13,30,13,29,31,10,29,-14,9,-29,-11,-25,-22,-8,0,0,-6,11,0,8,1,4,-2,6,1,12,11,12,22,-3,21,-14,6,-26,-13,-23,-25,-7,-20,10,-7,17,4,14,8,6,6,3,5,3,9,2,14,-4,11,-16,11,-21,-24,-21,-37,1,-29,28,-3,43,25,33,39,8,29,-16]"
CSI_DATA,57843,d8:b1:90:d9:de:f0,-53,11,-99,-39,55,116,850938989,100,0,228,0,"[-12,-15,-14,-15,-15,-13,-17,-10,-18,-8,-19,-4,-20,0,97,-7,-21,6,-21,8,-21,10,-21,12,-21,14,-21,15,-21,15,-20,15,-19,15,-16,12,-14,9,-10,6,-6,1,58,6,4,-8,9,-11,14,-13,18,-15,21,-16,23,-15,0,0,24,-13,24,-10,23,-8,19,-5,15,-2,9,2,113,0,-4,7,-11,9,-17,10,-22,10,-26,10,-28,9,-30,9,-29,7,-29,6,-26,5,-25,4,-22,3,-19,2,27,15,-11,1,-5,1,1,1,6,2,11,3,14,4,15,6,-1,-1,-7,1,-7,10,2,17,15,14,23,-1,17,-18,-22,-23,-18,-17,-24,1,-14,17,3,20,16,11,15,-4,4,-12,-7,-6,-8,6,4,12,17,4,17,-14,1,-27,-22,-25,-33,0,-23,24,-1,32,20,24,27,3,19,-14,0,0,-6,-12,-8,-4,-4,-2,-3,-4,-9,-7,-16,0,-14,17,-5,24,13,23,25,8,23,-9,10,-19,-4,-17,-10,-9,-9,-1,-6,1,-6,0,-10,2,-11,10,-2,21,0,23,31,9,34,-15,18,-38,-11,-41,-35,-24,-39,3,-24,24]"
CSI_DATA,57844,d8:b1:90:d9:de:f0,-54,11,-99,-37,55,116,850958823,100,0,228,0,"[-14,-10,-16,-10,-16,-7,-17,-3,-17,0,-16,3,-16,8,91,-6,-14,14,-13,16,-11,19,-10,19,-8,21,-7,22,-6,23,-4,23,-4,22,-2,18,-3,15,-3,11,-3,4,54,5,-3,-6,-3,-13,-3,-16,-3,-21,-3,-24,-2,-26,0,0,-1,-26,0,-24,0,-22,0,-17,1,-14,3,-8,51,0,6,4,7,12,7,16,7,21,7,25,7,27,8,28,7,26,7,26,7,23,6,22,5,19,4,16,64,0,1,9,0,5,0,0,-1,-5,-2,-10,-2,-14,0,-16,-1,0,-5,2,-3,11,7,15,18,6,19,-9,7,-22,-26,-10,-22,-5,-18,12,-2,19,12,15,16,0,9,-10,-2,-10,-7,0,0,8,10,4,13,-10,0,-21,-19,-16,-33,2,-18,25,6,31,25,17,29,-4,15,-20,-3,-21,0,0,-14,0,-7,5,-3,3,-4,1,-7,6,-3,15,14,16,20,8,22,-9,11,-21,-6,-22,-16,-10,-16,2,-7,9,0,9,1,6,0,5,3,8,11,7,18,-1,19,-4,0,-30,-23,-26,-39,-3,-33,23,-7,39,17,32,30,10]"
CSI_DATA,57845,d8:b1:90:d9:de:f0,-54,11,-99,-38,55,116,850978764,100,0,228,0,"[4,-17,2,-18,0,-18,-2,-17,-5,-16,-9,-14,-13,-12,94,-6,-18,-9,-20,-8,-22,-6,-23,-4,-24,-3,-24,-1,-25,-1,-24,0,-23,0,-19,-1,-15,-1,-10,-2,-4,-2,56,5,7,-3,12,-2,17,-2,21,-2,24,-1,26,0,0,0,26,1,25,3,22,4,18,5,13,5,7,6,93,0,-5,4,-12,3,-19,2,-23,0,-26,0,-28,0,-28,-2,-28,-3,-27,-3,-25,-4,-23,-3,-21,-4,-17,-3,25,14,-8,-3,-3,-2,0,-1,6,0,10,2,14,6,15,8,0,-1,-5,-4,-12,0,-12,11,0,20,15,17,24,0,1,-28,0,-24,-16,-15,-21,0,-12,15,2,17,12,6,9,-4,0,-7,-7,0,-2,10,11,11,21,-1,16,-21,-3,-32,-26,-19,-32,5,-19,25,3,29,21,16,24,-1,0,0,1,-14,-3,-7,-2,-3,-1,-5,-5,-8,-13,-5,-18,10,-12,19,2,24,18,16,23,0,15,-14,1,-17,-6,-11,-8,-4,-4,0,-5,0,-9,0,-11,7,-6,18,-5,19,27,15,34,-6,23,-31,-2,-41,-28,-29,-36,-4,-27,17]"
CSI_DATA,57846,d8:b1:90:d9:de:f0,-54,11,-99,-38,55,116,850998895,100,0,228,0,"[17,-6,18,-8,17,-10,15,-12,13,-15,9,-17,7,-19,94,-6,2,-22,0,-23,0,-23,-1,-23,-3,-25,-3,-24,-4,-24,-4,-23,-3,-22,-3,-19,-2,-16,-1,-10,0,-4,56,5,0,6,1,12,0,17,0,21,0,24,-1,25,0,0,-4,25,-5,24,-6,21,-6,18,-6,12,-5,6,-69,14,-1,-5,0,-11,3,-16,6,-21,9,-23,11,-25,13,-25,14,-24,14,-23,14,-21,14,-19,13,-17,12,-15,-104,0,7,-7,3,-3,0,0,-4,2,-9,4,-12,5,-15,4,3,0,2,-6,-5,-11,-16,-5,-19,7,-8,21,8,23,29,-10,22,-8,8,-21,-8,-19,-18,-6,-14,8,-1,15,8,8,9,-3,0,-10,-12,-3,-12,11,2,22,22,14,30,-5,17,-27,-6,-32,-26,-17,-30,4,-16,21,1,23,0,0,14,0,7,-4,1,-2,2,0,8,0,8,-9,-3,-17,-12,-16,-22,-3,-20,12,-6,21,7,18,14,7,12,-1,6,-6,1,-4,3,-3,4,-6,0,-12,-11,-14,-13,-16,-27,13,-13,33,11,37,34,23,40,-3,27,-27,3,-33]"
CSI_DATA,57847,d8:b1:90:d9:de:f0,-53,11,-99,-39,55,116,851009045,100,0,228,0,"[-19,1,-20,2,-20,4,-19,7,-18,9,-16,12,-15,15,97,-7,-12,18,-11,20,-10,22,-9,22,-8,24,-7,24,-7,24,-7,24,-7,23,-7,19,-6,16,-5,11,-3,5,58,6,3,-6,7,-11,9,-15,12,-17,15,-19,18,-19,0,0,21,-17,21,-14,20,-12,18,-8,15,-5,10,-1,120,0,-3,6,-10,8,-15,9,-20,9,-24,9,-27,8,-29,6,-28,4,-28,3,-26,2,-25,0,-23,-1,-19,-1,15,15,-11,-2,-6,-1,0,0,5,3,9,5,12,9,12,12,-3,-1,-6,6,1,13,14,12,22,-1,17,-17,1,-25,-32,-2,-25,-1,-18,16,-1,22,14,14,18,-1,10,-13,-4,-12,-10,-1,-4,10,9,9,17,-4,9,-20,-10,-25,-28,-12,-30,13,-13,31,11,31,27,15,27,-7,14,-21,0,0,-11,-10,-10,0,-4,2,-2,-2,-7,-5,-14,1,-10,14,-3,21,13,20,23,7,21,-8,9,-18,-4,-16,-11,-9,-9,-1,-6,1,-5,0,-8,1,-11,8,-6,18,-7,22,27,15,35,-6,27,-30,2,-43,-25,-34,-37,-11,-31,13]"
CSI_DATA,57848,d8:b1:90:d9:de:f0,-50,9,-99,-36,52,116,851019489,195,0,106,0,"[-107,0,119,19,-57,0,-112,19,-19,0,1,0,-7,0,104,0,-3,0,-151,0,-12,0,-91,0,-24,0,-63,0,-53,0,-75,0,-123,0,-150,0,86,0,53,0,-60,19,-97,19,128,19,128,19,36,19,79,19,0,0,0,0,-34,18,133,19,28,19,-110,19,156,19,9,0,9,0,130,0,-120,0,-117,0,12,1,-90,0,75,1,-99,0,82,1,-132,0,46,1,158,0,-19,0,106,0,-141,0,40,0,14,0,-23,19,163,19]"
CSI_DATA,57849,d8:b1:90:d9:de:f0,-53,11,-99,-40,55,116,851038851,100,0,228,0,"[-19,3,-19,3,-18,6,-16,8,-13,11,-11,14,-9,16,99,-7,-4,20,-2,22,0,23,2,24,2,24,4,25,4,25,4,25,4,23,3,21,2,17,1,12,0,7,59,6,-2,-6,-3,-12,-2,-17,-2,-22,0,-24,1,-26,0,0,4,-28,6,-26,8,-24,8,-20,9,-15,9,-9,98,0,6,5,4,12,2,18,-2,23,-4,26,-7,28,-8,28,-10,27,-11,27,-11,25,-11,23,-11,20,-11,18,-112,15,-7,10,-5,4,-1,-1,3,-6,7,-9,10,-9,14,-9,-4,0,-4,7,3,13,15,9,21,-5,12,-20,-6,-25,-27,5,-24,6,-12,21,6,21,18,10,16,-7,5,-14,-7,-10,-9,3,0,9,11,2,11,-12,-4,-21,-22,-14,-30,8,-17,29,8,33,28,18,31,-5,18,-23,-2,-25,0,0,-15,-1,-9,6,-2,5,-4,1,-8,3,-8,12,9,17,16,16,25,2,21,-15,5,-24,-10,-20,-18,-7,-15,3,-8,9,-3,7,-3,7,-1,9,5,13,16,11,16,13,23,-21,5,-37,-21,-34,-41,-14,-41,14,-21,33,4,33]"
CSI_DATA,57850,d8:b1:90:d9:de:f0,-53,11,-99,-37,54,116,851058630,100,0,228,0,"[20,-4,20,-5,19,-7,16,-9,14,-13,12,-15,10,-18,102,-7,5,-22,4,-23,2,-24,1,-26,0,-26,-1,-27,-1,-27,-1,-26,0,-25,0,-22,0,-18,1,-12,0,-7,61,6,-1,6,-3,12,-5,16,-7,21,-9,24,-11,25,0,0,-14,25,-16,24,-15,20,-15,15,-14,10,-11,5,124,15,-1,-6,3,-11,9,-15,13,-18,19,-19,21,-20,23,-19,25,-18,25,-15,25,-13,23,-11,22,-10,20,-7,-18,0,12,-3,6,-1,0,0,-5,0,-10,-1,-14,-3,-15,-5,4,1,5,-7,-3,-13,-15,-9,-22,5,-13,20,4,26,29,-4,25,-5,13,-21,-5,-23,-18,-10,-18,6,-6,14,7,11,10,-1,2,-10,-11,-6,-15,9,-2,23,19,21,32,2,25,-23,3,-34,-23,-27,-32,-4,-24,16,-5,25,0,0,14,6,10,-3,3,-3,2,1,8,2,13,-6,2,-18,-5,-23,-21,-15,-26,2,-18,19,-2,23,11,15,14,5,11,-3,6,-4,5,-3,6,-6,5,-12,-4,-19,-3,-22,-31,-1,-30,22,-9,41,18,39,38,19,40,-7,22,-25]"
CSI_DATA,57851,d8:b1:90:d9:de:f0,-53,11,-99,-37,54,116,851069274,100,0,228,0,"[-8,-18,-10,-16,-12,-14,-14,-11,-16,-8,-20,-4,-20,0,102,-7,-22,5,-23,7,-23,10,-23,12,-23,13,-23,15,-22,16,-21,16,-20,15,-16,14,-14,12,-10,8,-5,5,61,6,6,-4,10,-8,14,-10,18,-12,22,-13,24,-13,0,0,26,-13,25,-11,25,-9,21,-7,18,-3,12,0,-121,0,-2,6,-7,9,-13,11,-19,12,-24,12,-26,13,-27,12,-27,11,-28,11,-26,9,-25,8,-23,7,-20,6,29,15,-11,3,-6,1,0,0,6,0,11,0,14,2,16,3,0,-4,-8,-3,-11,7,-3,18,12,18,25,4,21,-14,-18,-24,-15,-21,-25,-1,-16,14,0,21,14,11,15,-3,5,-12,-7,-7,-9,6,2,12,16,5,19,-13,3,-29,-22,-23,-34,0,-25,25,0,34,23,24,29,1,20,-18,0,0,-9,-12,-9,-2,-4,2,-2,-2,-7,-5,-14,0,-9,16,-3,24,13,22,25,6,24,-11,8,-22,-6,-19,-13,-8,-11,0,-7,3,-5,3,-7,5,-7,11,2,20,2,22,31,3,29,-21,10,-41,-19,-38,-40,-16,-38,11,-20,28]"
CSI_DATA,57852,d8:b1:90:d9:de:f0,-53,11,-99,-37,54,116,851089328,100,0,228,0,"[14,12,15,11,16,8,19,5,20,2,20,-2,21,-6,102,-7,21,-10,21,-12,22,-14,21,-16,21,-18,21,-18,21,-19,20,-19,20,-18,18,-14,13,-11,10,-7,5,-3,61,6,-5,4,-10,7,-14,9,-20,10,-23,10,-26,10,0,0,-27,8,-27,5,-25,3,-21,1,-16,-1,-11,-3,134,15,4,-6,11,-5,18,-4,23,-3,27,0,30,1,31,3,29,4,29,5,27,6,25,7,23,7,20,7,-26,0,9,5,6,3,0,0,-4,-4,-7,-7,-9,-12,-8,-14,2,3,8,-1,8,-11,-2,-18,-18,-13,-24,3,-16,20,24,18,20,15,24,-2,13,-18,-4,-20,-15,-9,-14,5,-3,12,9,5,8,-7,-4,-13,-19,-6,-20,13,-3,29,21,25,34,4,27,-23,5,-34,-19,-27,-28,-6,-23,12,0,0,5,14,9,5,4,1,2,3,6,7,14,4,14,-12,11,-21,-6,-26,-22,-15,-26,1,-16,15,-2,20,8,13,10,4,7,1,6,1,9,0,12,-5,9,-16,12,-19,-23,-21,-37,-3,-33,24,-11,42,16,39,34,19,33,-6]"
CSI_DATA,57853,d8:b1:90:d9:de:f0,-53,11,-99,-37,54,116,851099746,100,0,228,0,"[-16,-7,-19,-5,-20,-2,-20,1,-19,5,-19,9,-18,13,102,-7,-14,20,-13,22,-12,24,-9,25,-8,26,-7,27,-6,27,-5,27,-4,25,-4,22,-3,18,-2,12,-1,6,61,6,-1,-6,0,-12,1,-18,1,-22,2,-25,3,-27,0,0,5,-28,5,-26,6,-24,6,-20,6,-14,6,-8,87,0,3,5,2,13,1,18,-2,23,-3,27,-4,30,-5,31,-6,29,-6,28,-5,27,-5,25,-5,23,-4,20,-79,15,-3,11,-1,6,0,0,3,-5,6,-9,8,-12,10,-13,-2,-2,-7,3,-3,12,9,15,21,5,21,-12,6,-25,-30,-5,-25,-5,-19,14,-2,22,14,14,18,-2,8,-13,-6,-11,-11,1,-2,11,12,8,18,-9,4,-25,-19,-23,-34,-1,-25,24,1,36,24,24,32,0,21,-21,1,-25,0,0,-15,-2,-8,5,-3,4,-4,1,-9,3,-8,12,7,18,18,16,26,-1,20,-18,2,-25,-13,-19,-19,-4,-13,6,-5,10,0,7,-1,6,-1,8,6,11,18,8,21,10,18,-27,-4,-37,-30,-27,-43,0,-32,27,-6,39,18,29]"
CSI_DATA,57854,d8:b1:90:d9:de:f0,-53,11,-99,-40,55,116,851118633,100,0,228,0,"[-8,-15,-10,-15,-12,-12,-15,-9,-17,-6,-19,-2,-21,1,99,-7,-23,7,-23,9,-23,11,-23,13,-23,15,-22,16,-22,16,-20,16,-19,16,-17,14,-14,11,-10,7,-6,2,59,6,2,-7,6,-12,10,-15,13,-17,16,-19,18,-20,0,0,19,-19,20,-17,18,-15,17,-12,15,-8,11,-3,-126,0,1,8,-4,12,-9,16,-13,19,-17,21,-19,22,-20,22,-21,21,-21,20,-20,18,-19,17,-17,15,-15,13,69,15,-9,6,-4,2,1,-2,6,-5,10,-7,14,-8,17,-6,-1,-2,-7,0,-10,8,-2,17,13,17,23,3,20,-15,-20,-21,-16,-18,-22,-1,-14,15,2,19,14,9,13,-5,2,-11,-9,-5,-8,7,6,14,19,3,17,-16,-2,-28,-26,-23,-33,5,-20,28,5,33,25,20,29,-3,16,-19,0,0,-10,-11,-10,-3,-6,0,-6,-2,-11,-1,-14,8,-3,22,7,23,23,14,27,-5,16,-20,-2,-23,-14,-15,-16,-2,-11,5,-5,6,-4,6,-4,8,0,14,11,15,13,16,29,-13,15,-33,-12,-40,-37,-23,-42,6,-26,29,-2,34]"
CSI_DATA,57855,d8:b1:90:d9:de:f0,-53,11,-99,-40,55,116,851128810,100,0,228,0,"[8,-16,7,-18,4,-19,0,-20,-4,-20,-8,-20,-11,-20,99,-7,-17,-18,-18,-17,-21,-17,-22,-16,-22,-15,-24,-14,-23,-12,-23,-12,-22,-11,-19,-9,-15,-8,-10,-6,-5,-3,59,6,7,2,12,4,16,6,19,9,22,12,23,13,0,0,23,14,21,15,19,15,15,14,11,12,6,9,61,0,-6,1,-11,-3,-16,-8,-19,-13,-21,-15,-21,-18,-22,-19,-21,-19,-21,-20,-19,-19,-17,-18,-15,-16,-13,-14,116,15,-7,-7,-4,-3,0,2,3,7,4,12,4,16,3,18,2,-2,-2,-7,-12,-5,-16,6,-8,20,9,21,23,9,8,-29,8,-22,-11,-20,-21,-5,-16,11,0,18,11,10,13,-4,1,-12,-11,-6,-12,9,3,19,22,12,27,-9,13,-30,-13,-30,-31,-12,-30,13,-12,28,10,26,22,10,0,0,8,-12,0,-9,-2,-4,1,-4,1,-10,-8,-14,-19,-1,-22,9,-12,23,7,26,22,14,23,-3,13,-15,0,-16,-5,-9,-6,-4,-4,-3,-6,-5,-12,-2,-17,9,-19,12,10,29,31,18,40,-7,27,-32,-1,-43,-25,-29,-33,-6]"
CSI_DATA,57856,d8:b1:90:d9:de:f0,-53,11,-99,-40,55,116,851139075,100,0,228,0,"[4,17,6,17,10,15,13,13,17,11,19,7,22,4,99,-7,24,-2,25,-5,25,-8,25,-10,24,-11,23,-13,22,-15,21,-15,19,-15,16,-12,13,-10,10,-7,6,-2,59,6,-1,8,-4,12,-7,16,-10,19,-11,22,-12,23,0,0,-13,24,-14,22,-14,20,-12,17,-11,12,-9,7,-121,15,-4,-6,-2,-13,1,-18,3,-23,4,-26,6,-28,6,-28,7,-28,6,-28,5,-26,5,-24,4,-22,4,-19,74,0,3,-10,1,-4,1,2,-2,7,-3,12,-6,15,-8,17,2,2,7,2,11,-6,5,-16,-10,-18,-21,-7,-21,12,18,24,14,19,22,2,15,-15,-1,-19,-14,-9,-14,6,-2,12,11,6,9,-7,-5,-14,-18,-3,-16,16,3,27,28,20,31,-8,16,-28,-9,-31,-26,-14,-26,7,-12,20,0,0,11,9,10,1,6,-1,6,1,11,-3,11,-12,-6,-20,-16,-18,-26,-3,-22,16,-6,25,12,20,19,6,15,-6,7,-10,1,-8,0,-7,-2,-9,-8,-11,-18,-5,-20,-5,-13,29,11,36,34,21,43,-8,26,-33,-2,-41,-23,-24]"
CSI_DATA,57857,d8:b1:90:d9:de:f0,-53,11,-99,-40,55,116,851158778,100,0,228,0,"[-13,14,-12,16,-11,17,-7,20,-3,21,1,23,4,22,99,-7,10,22,13,21,15,21,17,19,19,18,20,17,21,16,20,15,19,13,17,11,14,9,10,6,4,4,59,6,-7,-1,-13,-3,-17,-6,-20,-7,-23,-9,-25,-10,0,0,-25,-11,-24,-11,-22,-11,-18,-11,-13,-9,-8,-8,-75,15,5,-3,12,-1,17,2,21,4,25,6,26,8,27,8,27,9,27,8,25,8,24,7,21,6,19,5,-57,0,11,2,5,0,-1,-3,-6,-6,-10,-8,-11,-10,-12,-12,-2,1,0,7,10,7,16,-3,12,-16,-3,-22,-20,-14,-17,28,-12,21,7,22,20,8,18,-9,3,-18,-12,-12,-14,3,-4,13,10,8,14,-7,1,-19,-19,-13,-26,8,-14,29,13,29,30,11,28,-14,9,-28,-11,-24,-21,-7,0,0,-5,12,2,8,2,3,-2,4,1,10,11,11,19,-4,20,-14,5,-26,-14,-22,-25,-6,-20,11,-7,19,4,15,10,6,8,1,6,2,8,1,12,-6,9,-16,10,-21,-25,-19,-38,3,-29,29,-2,44,27,33,40,8,30,-17]"
CSI_DATA,57858,d8:b1:90:d9:de:f0,-47,11,-99,-35,48,116,851169107,100,0,114,0,"[-43,27,-51,25,-57,25,-57,25,-57,23,-59,23,-55,23,-53,21,-51,21,-49,21,-45,19,-45,21,-43,21,-45,23,-45,25,-45,29,-43,31,-45,29,-45,33,-43,37,-43,39,-43,39,-41,39,-39,41,-37,39,-35,37,-35,39,-35,41,0,0,-29,43,-31,41,-31,45,-27,47,-27,47,-27,51,-27,51,-25,51,-23,51,-19,51,-17,49,-17,49,-15,47,-11,47,-9,45,-9,47,-5,45,-3,47,-1,51,-1,53,0,57,0,61,0,65,-1,69,-3,71,-5,73,-7,67,-9,63]"
CSI_DATA,57859,d8:b1:90:d9:de:f0,-47,11,-99,-33,48,116,851180297,100,0,114,0,"[13,-48,20,-52,28,-54,30,-52,33,-52,35,-48,37,-45,37,-43,33,-39,35,-39,33,-37,33,-35,35,-33,35,-33,35,-35,37,-35,35,-35,39,-35,41,-37,39,-37,41,-37,39,-39,41,-37,39,-37,41,-33,41,-32,41,-30,39,-32,0,0,39,-28,37,-28,39,-28,43,-30,43,-30,43,-30,45,-32,45,-30,43,-30,45,-28,43,-26,41,-24,39,-24,37,-24,37,-24,37,-24,37,-22,37,-24,39,-26,41,-28,45,-30,48,-30,52,-30,60,-28,62,-26,64,-22,64,-18,58,-9]"
CSI_DATA,57860,d8:b1:90:d9:de:f0,-47,11,-99,-33,48,116,851198822,100,0,114,0,"[39,-28,45,-30,50,-30,52,-26,56,-24,56,-22,54,-16,52,-15,50,-15,48,-11,47,-13,47,-11,47,-13,47,-13,48,-15,48,-16,50,-15,54,-16,54,-16,54,-16,54,-15,56,-15,54,-15,54,-15,50,-15,50,-15,48,-15,50,-15,0,0,48,-13,50,-13,50,-13,52,-13,54,-13,54,-11,54,-11,56,-11,56,-11,52,-13,50,-15,50,-15,47,-15,47,-13,45,-15,45,-13,45,-13,45,-15,47,-15,50,-15,52,-16,58,-16,60,-18,65,-18,67,-16,69,-11,67,-5,60,-1]"
CSI_DATA,57861,d8:b1:90:d9:de:f0,-46,11,-99,-35,48,116,851218646,100,0,114,0,"[19,47,19,53,19,55,17,57,17,63,15,59,15,59,15,53,15,49,15,49,15,45,17,47,19,43,21,43,23,45,27,45,27,45,31,49,33,47,37,47,37,45,39,47,41,45,41,43,41,41,41,39,41,37,41,35,0,0,41,31,45,31,45,29,49,31,49,29,51,29,53,27,55,27,53,25,55,23,53,19,51,17,49,13,47,11,49,9,47,7,47,3,47,1,51,0,53,0,57,-1,61,-3,67,-3,69,-5,71,-5,69,-1,71,0,61,1]"
CSI_DATA,57862,d8:b1:90:d9:de:f0,-47,11,-99,-35,48,116,851228789,100,0,114,0,"[-17,47,-23,51,-27,53,-29,53,-31,51,-31,49,-31,47,-31,45,-29,45,-27,43,-27,41,-25,43,-25,41,-23,43,-21,45,-23,47,-23,49,-23,51,-23,53,-23,55,-21,55,-19,57,-17,55,-17,55,-17,55,-15,53,-15,53,-13,53,0,0,-13,53,-13,53,-13,55,-11,55,-11,57,-11,59,-9,59,-9,61,-9,59,-5,59,-3,57,-3,55,-1,51,0,49,0,47,1,47,3,47,5,47,7,49,9,53,11,57,9,61,13,65,11,67,9,69,7,69,3,67,0,63]"
CSI_DATA,57863,d8:b1:90:d9:de:f0,-47,11,-99,-33,48,116,851248735,100,0,114,0,"[-48,-7,-52,-13,-54,-15,-54,-20,-54,-22,-50,-24,-50,-28,-47,-24,-45,-26,-41,-26,-41,-26,-41,-26,-39,-24,-41,-24,-41,-26,-43,-26,-43,-26,-45,-28,-45,-28,-47,-30,-47,-28,-48,-30,-48,-30,-48,-30,-45,-30,-43,-30,-43,-30,-41,-30,0,0,-43,-30,-43,-32,-41,-32,-43,-33,-45,-33,-45,-33,-45,-35,-43,-35,-43,-33,-43,-32,-39,-32,-39,-32,-37,-28,-35,-28,-35,-26,-33,-26,-35,-26,-37,-24,-39,-24,-43,-30,-45,-30,-48,-33,-50,-35,-50,-41,-52,-45,-48,-45,-43,-48,-35,-47]"
CSI_DATA,57864,d8:b1:90:d9:de:f0,-47,11,-99,-33,48,116,851258710,100,0,114,0,"[15,-43,30,-48,28,-45,39,-52,37,-45,41,-52,41,-35,33,-41,41,-33,37,-30,39,-33,37,-28,33,-37,39,-30,35,-35,47,-35,41,-30,41,-32,47,-28,43,-32,48,-28,47,-30,47,-33,48,-22,47,-32,45,-22,45,-28,48,-20,0,0,48,-24,48,-18,54,-22,48,-20,48,-24,52,-18,52,-15,52,-20,54,-13,50,-18,52,-13,47,-15,48,-15,43,-11,43,-13,45,-9,41,-13,47,-11,43,-15,48,-15,54,-13,56,-16,60,-13,64,-15,71,-7,69,-3,65,1,60,9]"
CSI_DATA,57865,d8:b1:90:d9:de:f0,-47,11,-99,-33,48,116,851269059,100,0,114,0,"[3,48,1,54,-1,56,-1,56,-3,62,-3,58,-7,58,-7,54,-3,48,-3,48,-1,47,-3,48,-1,47,0,47,0,48,1,50,1,50,3,52,3,54,5,54,7,54,9,56,9,56,11,54,9,54,9,52,11,52,11,50,0,0,13,48,15,50,15,48,16,52,16,52,18,52,20,52,18,52,20,50,22,48,22,47,22,45,22,41,22,39,24,39,26,37,28,37,28,37,32,37,33,37,37,41,39,43,43,48,45,52,45,54,43,54,39,56,33,52]"
CSI_DATA,57866,d8:b1:90:d9:de:f0,-46,11,-99,-35,48,116,851288948,100,0,114,0,"[29,39,29,45,27,49,23,53,21,57,19,55,17,57,17,51,13,49,13,47,13,45,13,47,11,43,13,45,15,47,15,49,15,51,15,55,15,55,17,57,17,55,17,57,17,57,17,57,15,55,15,53,13,53,15,51,0,0,13,53,13,53,13,53,13,57,13,55,15,59,15,59,15,59,15,57,15,55,15,55,15,53,15,51,13,49,15,47,15,45,17,47,19,45,21,49,21,53,23,55,23,61,23,65,21,69,19,71,15,71,9,71,5,65]"
CSI_DATA,57867,d8:b1:90:d9:de:f0,-47,11,-99,-34,48,116,851309120,100,0,114,0,"[42,-19,48,-19,52,-17,54,-19,56,-17,54,-17,52,-15,52,-13,46,-13,44,-13,44,-13,44,-15,44,-17,42,-19,44,-21,44,-23,44,-27,46,-27,48,-29,46,-32,46,-32,46,-34,44,-34,44,-36,42,-34,40,-36,38,-36,38,-36,0,0,34,-38,34,-40,34,-42,34,-44,34,-44,32,-46,32,-48,31,-50,29,-48,27,-50,25,-50,23,-46,19,-46,15,-46,15,-46,13,-46,11,-46,9,-48,9,-52,9,-56,7,-60,7,-63,7,-69,9,-71,9,-71,11,-71,15,-69,17,-62]"
CSI_DATA,57868,d8:b1:90:d9:de:f0,-50,9,-99,-35,52,116,851323267,120,0,106,0,"[95,0,-45,0,-13,18,-66,0,-137,18,-101,0,84,18,-153,0,15,18,125,0,-31,17,94,0,-47,17,61,0,-22,17,42,0,76,18,20,0,-78,18,0,0,122,0,-30,18,-42,0,-56,18,54,1,-85,18,0,0,0,0,60,1,-154,18,-32,0,-161,18,123,0,-144,18,-100,18,-85,18,26,18,1,0,-98,17,78,0,-139,17,129,0,-124,17,156,0,-80,17,151,0,3,18,129,0,130,18,85,0,-26,18,-11,18,104,0]"
CSI_DATA,57869,d8:b1:90:d9:de:f0,-52,11,-99,-38,54,116,851338751,100,0,228,0,"[-17,-11,-18,-10,-18,-8,-18,-5,-18,-2,-17,2,-18,6,105,-7,-17,11,-16,14,-16,17,-16,18,-16,20,-16,20,-15,21,-15,21,-14,19,-11,17,-9,14,-6,9,-2,5,63,6,6,-4,11,-7,16,-10,19,-13,23,-14,26,-14,0,0,28,-11,28,-9,26,-6,23,-3,19,0,13,3,-113,0,-2,7,-10,8,-17,8,-23,7,-28,6,-31,4,-33,3,-33,1,-32,-1,-31,-2,-29,-2,-27,-3,-23,-4,-20,15,-14,-3,-8,-1,-3,2,2,5,7,9,8,13,9,16,-2,-3,-8,1,-6,11,5,17,19,10,23,-6,14,-23,-25,-17,-23,-13,-25,6,-11,21,6,21,18,8,15,-7,3,-14,-8,-6,-7,5,4,10,16,2,15,-15,-3,-26,-21,-18,-32,4,-20,27,3,34,23,21,29,-1,17,-18,0,0,-9,-11,-9,-2,-3,2,0,-3,-5,-7,-15,-4,-13,14,-9,23,9,26,26,14,28,-5,16,-20,0,-22,-10,-14,-13,-3,-8,2,-5,1,-7,1,-10,7,-7,18,-11,22,27,20,40,-1,33,-29,8,-46,-22,-41,-41,-17,-37,9]"
CSI_DATA,57870,d8:b1:90:d9:de:f0,-53,11,-99,-37,54,116,851349075,100,0,228,0,"[-19,4,-19,5,-18,7,-14,10,-11,12,-7,13,-4,16,102,-7,3,20,6,21,8,21,10,21,12,21,14,22,15,21,15,20,15,18,13,15,11,12,8,8,3,3,61,6,-5,-5,-8,-10,-11,-14,-14,-19,-15,-21,-16,-24,0,0,-16,-26,-14,-25,-11,-24,-9,-22,-5,-18,-1,-13,15,0,8,-2,12,5,15,11,18,15,20,20,21,23,21,26,20,26,19,26,18,25,16,24,14,23,12,20,114,0,7,12,4,7,1,1,-1,-5,-2,-10,-2,-15,0,-18,-3,-1,-4,6,5,11,16,5,20,-10,7,-24,-12,-23,-26,11,-22,13,-5,24,12,19,21,3,14,-12,-1,-15,-10,-6,-8,5,3,7,10,-3,3,-14,-14,-15,-26,1,-19,22,3,32,26,20,33,-3,20,-25,-3,-29,-19,-16,0,0,-11,11,0,10,2,4,-3,2,-5,8,2,15,20,6,26,-1,20,-20,2,-29,-18,-22,-26,-4,-19,12,-6,18,4,12,7,7,6,4,7,5,13,2,18,-8,22,-6,-7,-32,-31,-23,-43,3,-32,32,-5,45,24,36,36,10]"
CSI_DATA,57871,d8:b1:90:d9:de:f0,-53,11,-99,-37,54,116,851359079,100,0,228,0,"[-19,5,-19,5,-18,7,-14,10,-11,12,-7,13,-4,16,102,-7,2,20,4,21,7,22,8,21,11,23,12,23,13,23,13,22,12,21,11,18,10,14,7,10,3,4,61,6,-3,-6,-6,-12,-8,-16,-9,-21,-10,-25,-11,-28,0,0,-8,-30,-6,-29,-5,-28,-2,-25,1,-20,4,-14,43,0,8,1,10,9,10,15,11,21,10,26,10,30,8,32,7,31,6,32,5,30,4,29,2,27,2,23,24,0,0,14,0,8,0,2,2,-5,4,-10,6,-13,8,-14,-3,-1,-3,6,6,11,16,5,20,-9,8,-23,-11,-24,-27,10,-23,12,-7,24,11,20,21,4,15,-11,1,-15,-9,-8,-8,3,2,7,10,-1,5,-13,-11,-18,-26,-3,-24,18,-3,33,22,26,33,4,25,-20,4,-29,-13,-21,0,0,-13,8,-4,10,0,4,-3,2,-7,6,-3,16,18,12,25,9,26,-11,12,-26,-8,-28,-23,-14,-23,3,-13,13,-2,14,4,10,3,7,5,7,12,7,20,0,22,4,8,-31,-15,-34,-39,-19,-44,11,-28,37,2,42,25,28]"
CSI_DATA,57872,d8:b1:90:d9:de:f0,-53,11,-99,-40,55,116,851369230,100,0,228,0,"[-8,16,-7,17,-3,17,0,16,4,15,8,12,12,10,99,-7,18,5,20,2,22,0,23,-3,23,-5,23,-7,23,-8,23,-10,20,-10,18,-10,14,-8,10,-6,4,-3,59,6,-6,5,-11,8,-15,12,-18,13,-21,16,-22,17,0,0,-23,18,-24,17,-22,15,-20,12,-17,8,-14,4,98,15,-4,-8,0,-13,5,-18,9,-22,11,-25,14,-27,14,-27,15,-28,14,-27,14,-26,13,-24,12,-23,10,-19,101,0,6,-11,4,-7,1,-1,-3,4,-6,8,-10,11,-12,12,-2,2,4,6,12,2,13,-10,1,-21,-16,-16,-25,0,-2,26,2,25,19,14,22,-5,10,-18,-7,-16,-14,-4,-9,7,2,8,7,-1,-1,-10,-14,-5,-16,12,-2,24,19,21,31,-1,21,-25,-2,-33,-24,-20,-28,3,-15,20,0,0,11,10,10,0,4,-2,3,3,9,4,15,-6,1,-20,-6,-24,-24,-14,-28,6,-15,23,3,25,17,14,18,-1,11,-8,4,-9,1,-8,0,-9,-6,-12,-16,-10,-16,-13,-21,23,0,38,27,30,43,5,36,-24,10,-39,-15,-30]"
CSI_DATA,57873,d8:b1:90:d9:de:f0,-52,11,-99,-39,54,116,851389105,100,0,228,0,"[-17,7,-17,8,-15,10,-11,12,-6,14,-2,15,2,15,108,-7,10,19,12,17,15,17,17,17,20,17,21,16,22,16,22,14,21,13,19,11,15,8,10,5,4,3,65,6,-7,-4,-13,-6,-17,-11,-21,-13,-23,-15,-25,-17,0,0,-25,-19,-24,-20,-21,-20,-17,-19,-11,-16,-5,-14,-59,16,8,-6,15,-2,21,2,25,6,29,10,30,12,31,13,31,14,30,15,28,14,25,13,23,13,20,11,-39,0,12,6,6,3,1,0,-4,-3,-7,-7,-8,-11,-10,-14,-3,1,0,6,8,8,17,0,16,-15,1,-25,-20,-20,-21,17,-19,20,2,25,19,14,22,-2,10,-15,-5,-14,-11,-3,-5,6,5,5,7,-6,-4,-15,-20,-8,-25,12,-11,30,16,31,35,10,32,-17,10,-33,-13,-29,-25,-10,0,0,-5,15,3,10,3,3,-2,3,-2,10,8,15,23,-3,25,-11,12,-26,-10,-29,-25,-14,-26,6,-14,19,-1,20,8,13,8,5,10,3,12,0,14,-6,11,-19,13,-17,-24,-24,-40,-2,-35,26,-11,44,21,41,40,15,35,-11]"
CSI_DATA,57874,d8:b1:90:d9:de:f0,-52,11,-99,-37,53,116,851399091,100,0,228,0,"[-19,9,-17,9,-15,10,-11,13,-5,15,-1,16,3,16,115,-8,10,19,13,19,16,20,19,20,20,20,21,20,22,19,22,17,21,16,19,14,15,10,10,8,4,3,68,7,-8,-5,-14,-8,-16,-15,-21,-19,-22,-22,-23,-24,0,0,-22,-26,-20,-27,-16,-26,-13,-23,-7,-20,-1,-15,-17,17,10,-3,17,3,20,10,23,16,26,21,26,23,26,26,24,26,23,26,21,26,19,24,17,22,15,20,-118,0,8,11,4,5,1,1,-1,-5,-4,-11,-3,-15,-2,-19,-3,2,0,9,10,10,20,-1,17,-16,1,-27,-21,-21,-22,17,-20,20,0,28,17,16,23,-1,11,-15,-3,-16,-11,-4,-5,5,4,4,9,-7,-3,-17,-22,-13,-29,8,-17,30,13,36,36,16,38,-13,17,-33,-9,-32,-24,-14,0,0,-9,14,0,10,2,3,-3,2,-5,10,4,19,24,5,29,-2,21,-24,1,-33,-21,-23,-28,-4,-21,13,-8,19,3,16,7,9,8,7,10,5,16,0,20,-11,21,-11,-13,-34,-38,-21,-46,8,-30,38,1,48,29,34,38,7]"
CSI_DATA,57875,d8:b1:90:d9:de:f0,-52,11,-99,-37,53,116,851418699,100,0,228,0,"[9,17,10,16,11,13,14,7,15,1,15,-4,15,-8,115,-8,13,-17,13,-20,10,-23,9,-27,7,-28,4,-28,3,-29,1,-28,0,-26,-1,-22,-2,-17,-2,-11,-2,-4,68,7,2,11,3,16,4,23,5,27,7,32,7,33,0,0,7,33,7,32,4,29,3,26,0,20,-3,15,-15,17,-11,-1,-15,-8,-19,-14,-22,-19,-23,-22,-24,-24,-24,-24,-24,-26,-23,-24,-23,-23,-22,-20,-20,-17,-17,-16,52,17,-10,-8,-5,-3,0,1,4,4,8,9,10,11,11,14,3,4,10,0,9,-13,-3,-21,-21,-15,-28,5,-15,26,22,14,24,13,24,-9,8,-22,-10,-19,-17,-2,-9,10,3,9,7,-1,-1,-8,-13,-2,-13,15,5,26,28,14,35,-9,14,-36,-17,-36,-38,-11,-33,17,-9,32,14,24,0,0,14,-8,3,-9,0,-3,4,0,9,-8,1,-19,-22,-13,-29,-3,-26,19,-4,32,17,24,28,5,21,-13,7,-19,-3,-15,-5,-8,-7,-7,-10,-4,-16,2,-16,16,-17,17,21,29,41,8,39,-24,14,-46,-21,-42,-41,-16,-35,13]"
CSI_DATA,57876,d8:b1:90:d9:de:f0,-52,11,-99,-41,54,116,851429004,100,0,228,0,"[-1,-19,-3,-17,-5,-14,-9,-11,-13,-8,-16,-3,-19,1,115,-8,-21,8,-22,10,-22,13,-22,16,-22,19,-21,20,-20,20,-19,21,-16,20,-14,17,-10,14,-5,9,-1,3,68,7,5,-8,9,-14,14,-17,16,-22,17,-23,20,-24,0,0,21,-26,21,-23,20,-20,19,-16,15,-10,13,-3,-135,0,4,10,0,17,-3,23,-7,28,-9,32,-10,33,-13,34,-13,33,-13,32,-10,29,-10,28,-9,26,-8,22,-114,17,-4,13,-2,7,1,1,3,-4,7,-9,9,-11,11,-14,-2,-4,-10,-3,-14,7,-7,20,10,22,27,9,26,-13,-13,-23,-14,-23,-26,-4,-19,14,-1,20,13,11,13,-2,2,-9,-5,-3,-3,8,9,10,20,-3,13,-23,-10,-32,-30,-17,-36,15,-14,38,16,35,34,14,29,-13,10,-26,0,0,-15,-5,-9,3,-2,2,-2,-3,-11,-2,-16,8,1,27,11,26,28,13,29,-10,14,-27,-7,-26,-19,-13,-19,1,-10,8,-5,8,-3,9,-1,13,8,15,21,10,22,11,21,-28,-3,-41,-33,-32,-47,-1,-35,29,-7,42,19,32]"
CSI_DATA,57877,d8:b1:90:d9:de:f0,-52,11,-99,-39,54,116,851439106,100,0,228,0,"[-16,5,-15,6,-13,7,-10,11,-4,14,-1,16,3,17,108,-7,10,21,12,21,14,21,16,21,17,21,19,20,20,19,19,16,17,15,16,13,13,10,8,5,4,1,65,6,-6,-7,-11,-11,-14,-15,-17,-17,-20,-20,-20,-22,0,0,-20,-23,-17,-23,-14,-22,-11,-19,-6,-15,-1,-11,15,0,10,0,15,5,20,11,23,15,24,19,25,21,25,22,24,22,23,22,22,21,21,20,17,19,15,15,-122,0,8,8,4,4,1,-1,-2,-5,-4,-10,-5,-13,-5,-15,-4,2,-2,10,8,13,20,4,21,-13,5,-25,-14,-23,-20,14,-21,14,-3,23,13,16,19,0,10,-12,-3,-11,-8,-1,-2,7,8,4,11,-8,-1,-20,-22,-15,-31,7,-19,28,11,35,33,17,35,-11,16,-31,-8,-30,-23,-13,0,0,-7,13,2,8,2,2,-3,1,-5,8,3,16,23,7,26,-3,17,-21,-1,-29,-20,-19,-24,-1,-16,13,-4,15,4,11,5,6,5,5,10,5,15,0,17,-13,19,-14,-14,-30,-35,-14,-41,14,-22,39,8,43,32,25,35,-1]"
CSI_DATA,57878,d8:b1:90:d9:de:f0,-53,11,-99,-38,54,116,851458672,100,0,228,0,"[-16,-3,-16,-1,-15,2,-14,6,-11,10,-9,15,-8,18,105,-7,-5,23,-3,25,-2,26,-1,27,0,27,1,28,2,27,3,26,3,23,4,20,3,16,3,10,2,4,63,6,2,-8,2,-15,1,-20,2,-23,2,-27,3,-28,0,0,4,-28,6,-27,6,-23,6,-19,7,-13,6,-6,91,0,4,8,3,15,0,22,-1,27,-4,30,-5,32,-6,32,-6,32,-7,31,-7,29,-7,27,-7,23,-6,20,-91,16,-4,11,-1,7,1,2,4,-3,7,-6,10,-9,13,-9,-5,0,-7,7,1,16,14,14,25,1,19,-17,1,-27,-25,3,-25,0,-15,17,2,20,15,9,14,-5,3,-11,-7,-6,-6,5,4,10,16,1,14,-16,-4,-27,-27,-17,-32,6,-19,32,8,35,31,18,33,-7,16,-26,-5,-26,0,0,-15,2,-5,8,1,3,-2,-1,-9,0,-10,11,6,21,16,18,27,2,21,-17,4,-26,-11,-19,-18,-6,-14,5,-6,8,-2,6,-2,6,-1,10,6,14,18,9,21,11,20,-25,-1,-38,-29,-30,-43,-4,-35,23,-10,39,14,31]"
CSI_DATA,57879,d8:b1:90:d9:de:f0,-52,11,-99,-39,54,116,851478874,100,0,228,0,"[16,-3,16,-4,14,-7,11,-11,10,-14,7,-19,5,-21,108,-7,1,-25,0,-26,-1,-28,-2,-29,-2,-29,-3,-29,-3,-29,-3,-26,-3,-24,-3,-22,-2,-17,-2,-11,-3,-5,65,6,-3,8,-4,14,-6,19,-7,23,-10,25,-11,26,0,0,-13,26,-15,24,-15,21,-14,17,-12,10,-8,4,-121,16,1,-7,5,-13,12,-17,16,-21,21,-21,24,-21,25,-21,26,-20,26,-17,25,-15,24,-13,22,-12,20,-8,-28,0,11,-4,5,-2,0,-1,-6,0,-12,-1,-15,-3,-16,-4,6,-1,6,-10,-3,-15,-17,-11,-24,4,-15,22,4,28,24,-8,24,-4,12,-20,-5,-20,-16,-7,-13,6,-2,13,8,6,8,-5,-3,-12,-16,-3,-17,14,0,29,24,22,34,0,26,-29,-1,-39,-28,-26,-35,-1,-24,21,-2,26,0,0,16,3,8,-5,1,-3,2,2,8,3,14,-5,5,-20,-6,-24,-23,-15,-29,4,-17,21,0,25,13,15,15,3,11,-3,5,-4,4,-3,6,-4,4,-12,-4,-20,-4,-23,-32,0,-30,24,-6,41,21,38,40,15,39,-11,20,-29]"
CSI_DATA,57880,d8:b1:90:d9:de:f0,-52,11,-99,-38,54,116,851488914,100,0,228,0,"[17,-3,16,-5,14,-7,11,-10,10,-15,8,-18,6,-20,105,-7,4,-25,4,-26,3,-27,3,-28,2,-29,2,-29,2,-28,2,-27,2,-25,1,-21,1,-18,0,-13,-1,-5,63,6,-5,7,-6,13,-10,17,-14,19,-16,21,-19,22,0,0,-21,20,-21,18,-20,15,-18,10,-15,6,-9,2,-121,16,4,-5,10,-8,17,-9,23,-10,28,-9,31,-7,31,-5,32,-4,31,-3,29,-1,28,1,25,2,21,2,-28,0,11,3,6,1,0,-1,-5,-4,-8,-6,-9,-9,-10,-13,6,0,6,-8,-3,-15,-17,-11,-23,3,-16,19,2,27,26,-6,25,-2,15,-17,-2,-20,-15,-10,-15,4,-3,13,7,8,10,-4,0,-13,-15,-8,-19,9,-7,27,18,27,32,8,32,-20,9,-38,-18,-32,-33,-11,-29,13,-11,25,0,0,14,7,9,-2,3,-3,0,1,6,5,15,-1,13,-16,3,-25,-14,-22,-27,-8,-25,10,-10,22,4,20,11,9,11,2,6,-2,5,-1,8,-1,10,-7,5,-17,8,-20,-26,-16,-37,5,-28,30,-3,42,22,34,38,13,32,-11]"
CSI_DATA,57881,d8:b1:90:d9:de:f0,-52,11,-99,-38,54,116,851499642,100,0,228,0,"[-14,13,-13,14,-10,15,-8,17,-6,19,-3,21,-1,23,105,-7,0,27,1,28,2,28,2,28,3,29,2,29,2,29,2,28,1,26,1,22,1,18,1,13,3,6,63,6,7,-5,10,-10,14,-14,17,-17,20,-18,22,-18,0,0,26,-14,26,-11,23,-9,21,-6,16,-3,10,0,128,0,-4,2,-13,0,-18,-2,-23,-3,-27,-6,-29,-9,-29,-13,-28,-15,-26,-16,-22,-16,-20,-16,-17,-16,-14,-15,95,16,-7,-9,-4,-4,-2,1,-2,6,-2,11,-3,15,-5,16,-6,2,-3,10,8,14,20,6,21,-10,8,-23,-9,-25,-25,15,-23,9,-9,22,8,19,18,6,15,-8,2,-15,-10,-8,-11,5,0,15,16,9,21,-8,9,-26,-15,-29,-30,-10,-33,16,-14,35,14,35,32,15,30,-8,15,-23,0,0,-13,-10,-11,0,-2,4,2,-2,-2,-9,-14,-7,-17,5,-14,19,2,27,19,19,27,2,19,-13,5,-18,-6,-14,-9,-5,-7,0,-3,-1,-5,-3,-11,-2,-15,7,-21,8,5,29,26,22,40,0,33,-25,11,-40,-13,-35,-28,-17]"
CSI_DATA,57882,d8:b1:90:d9:de:f0,-53,11,-99,-37,54,116,851518885,100,0,228,0,"[-1,-18,-3,-18,-5,-16,-9,-15,-13,-14,-16,-12,-21,-11,102,-7,-24,-8,-25,-6,-26,-5,-28,-4,-28,-2,-28,-2,-27,-1,-27,-1,-25,0,-22,0,-16,0,-13,1,-5,1,61,6,7,2,13,4,20,4,22,6,25,8,27,10,0,0,27,11,26,13,22,12,19,12,13,10,7,8,64,0,-5,0,-10,-4,-15,-10,-19,-13,-21,-18,-22,-20,-21,-22,-21,-23,-19,-22,-18,-22,-15,-21,-13,-19,-10,-18,-90,15,-5,-10,-3,-6,0,0,1,5,2,10,1,15,0,16,1,-4,-6,-7,-14,1,-12,13,1,22,18,15,25,-1,-5,-29,-3,-24,-19,-13,-21,4,-9,16,7,16,14,3,9,-9,-5,-11,-13,0,-7,15,10,19,27,4,24,-21,2,-33,-24,-27,-37,-2,-28,23,-3,36,19,24,27,4,0,0,5,-15,-5,-10,-4,-2,1,-2,2,-8,-7,-13,-18,-2,-23,8,-12,23,6,27,22,15,24,-2,13,-14,1,-16,-6,-9,-7,-4,-5,-2,-6,-4,-11,-2,-16,7,-19,6,6,28,27,21,39,-2,29,-27,5,-39,-20,-33,-31,-10]"
CSI_DATA,57883,d8:b1:90:d9:de:f0,-53,11,-99,-38,55,116,851538615,100,0,228,0,"[-9,14,-8,16,-6,17,-3,18,0,19,1,20,4,21,94,-6,8,21,10,21,12,21,13,21,14,21,14,21,14,21,14,20,13,19,11,17,8,14,6,9,2,4,56,5,-3,-6,-4,-12,-4,-16,-5,-21,-4,-25,-3,-27,0,0,-1,-28,0,-27,2,-25,3,-21,4,-15,4,-10,83,0,1,4,0,10,-2,16,-6,20,-10,23,-12,24,-14,24,-15,23,-16,21,-16,20,-15,17,-15,15,-13,12,68,14,-7,5,-3,2,0,0,4,-1,9,-2,13,-1,16,0,-2,1,0,7,10,6,16,-2,12,-16,-2,-22,-18,-14,-16,23,-14,18,2,22,16,11,19,-3,7,-15,-5,-13,-12,-1,-6,9,6,10,15,0,8,-17,-10,-22,-27,-7,-28,14,-9,33,16,30,32,11,29,-12,11,-26,-7,-24,0,0,-14,2,-6,7,0,4,-2,0,-7,2,-8,11,4,16,15,17,25,3,22,-13,7,-24,-7,-21,-17,-9,-14,1,-8,7,-2,6,-1,5,-2,5,0,10,9,13,8,16,25,-9,16,-28,-5,-35,-28,-25,-36,-1,-29,20,-8,29]"
CSI_DATA,57884,d8:b1:90:d9:de:f0,-53,11,-99,-38,55,116,851548768,100,0,228,0,"[-6,16,-4,18,-1,18,0,19,4,19,7,18,11,18,94,-6,17,15,19,13,21,12,22,10,23,8,25,7,25,6,24,5,22,4,19,3,15,2,10,1,4,0,56,5,-7,0,-13,-2,-18,-2,-21,-4,-24,-5,-27,-6,0,0,-27,-8,-26,-9,-23,-9,-19,-9,-14,-8,-8,-6,-112,14,3,-1,9,0,16,3,20,5,23,7,24,9,25,11,25,11,24,11,22,11,21,10,18,9,15,8,-55,0,8,5,4,2,0,0,-4,-3,-7,-7,-9,-10,-9,-12,-1,2,2,6,11,3,14,-7,5,-19,-10,-19,-22,-5,-4,29,-3,22,13,17,21,1,13,-13,-2,-17,-13,-7,-11,6,0,12,12,3,9,-11,-6,-18,-23,-6,-22,16,-5,31,21,26,34,2,25,-21,1,-32,-18,-22,-24,-2,0,0,-2,15,4,8,2,2,0,3,0,8,9,10,17,-2,19,-13,5,-25,-13,-22,-24,-6,-21,9,-7,18,4,15,8,6,7,1,5,0,6,0,10,-3,9,-13,11,-14,-19,-20,-32,-2,-28,21,-8,37,18,34,33,13,29,-9]"
CSI_DATA,57885,d8:b1:90:d9:de:f0,-54,11,-99,-38,55,116,851568865,100,0,228,0,"[-15,9,-15,10,-15,13,-12,15,-10,17,-7,19,-4,20,94,-6,0,22,1,23,3,23,4,24,5,24,6,24,6,23,6,22,6,20,5,17,4,14,2,9,0,3,56,5,-2,-7,-3,-13,-3,-18,-2,-22,-1,-25,-1,-28,0,0,0,-29,2,-27,3,-25,4,-21,4,-16,4,-9,60,0,2,3,0,9,-1,16,-4,20,-7,23,-9,24,-11,25,-12,24,-13,23,-12,21,-12,20,-11,17,-10,14,-121,14,-6,7,-2,3,1,0,5,-3,9,-5,12,-5,14,-4,-2,0,-1,6,6,9,16,2,17,-11,4,-21,-12,-20,-26,16,-19,13,-3,22,12,16,19,1,12,-12,-1,-15,-12,-6,-9,6,2,12,14,2,12,-13,-4,-22,-23,-13,-30,7,-13,28,10,31,29,15,29,-7,14,-23,-3,-23,0,0,-14,0,-6,6,-1,2,-3,0,-8,1,-9,12,5,16,16,17,26,2,21,-15,5,-25,-9,-20,-17,-7,-14,3,-6,8,-1,7,0,4,-1,7,2,10,12,10,13,13,23,-15,9,-31,-13,-34,-34,-18,-36,7,-23,28,0,31]"
CSI_DATA,57886,d8:b1:90:d9:de:f0,-53,11,-99,-38,55,116,851588642,100,0,228,0,"[7,-16,7,-18,5,-19,3,-20,0,-20,-1,-21,-3,-21,94,-6,-8,-20,-9,-20,-11,-20,-12,-20,-13,-19,-14,-19,-14,-19,-13,-18,-12,-17,-10,-14,-7,-11,-3,-7,-1,-2,56,5,4,7,5,13,6,17,7,21,6,25,5,27,0,0,1,29,0,28,-1,25,-3,22,-4,16,-5,10,-76,14,-2,-3,0,-9,1,-15,5,-20,9,-23,11,-24,13,-24,15,-23,15,-21,16,-19,15,-17,15,-15,13,-12,-70,0,8,-5,3,-2,0,0,-5,0,-10,1,-14,0,-16,0,1,-1,-1,-6,-11,-4,-15,5,-9,17,5,22,20,12,16,-26,12,-20,-4,-22,-18,-11,-19,5,-6,16,6,14,13,2,7,-9,-5,-10,-14,0,-8,15,9,20,25,6,27,-12,7,-31,-15,-28,-30,-9,-26,12,-9,25,7,21,0,0,14,-2,5,-5,0,-2,3,0,9,-2,9,-12,-4,-16,-16,-17,-26,-3,-22,14,-7,24,8,21,17,8,15,-2,8,-7,2,-6,1,-4,2,-5,0,-11,-9,-14,-9,-17,-27,9,-17,28,4,36,28,28,38,4,31,-19,11,-30]"
CSI_DATA,57887,d8:b1:90:d9:de:f0,-53,11,-99,-36,54,116,851598862,100,0,228,0,"[-8,-17,-11,-17,-13,-15,-15,-13,-19,-12,-20,-8,-22,-6,99,-7,-24,0,-24,2,-24,5,-24,7,-23,9,-23,11,-22,10,-21,11,-18,11,-16,10,-12,8,-9,5,-3,2,59,6,7,-5,13,-8,18,-10,21,-12,24,-13,26,-13,0,0,27,-12,27,-10,25,-9,23,-6,18,-4,12,-1,-113,0,-1,5,-8,6,-15,8,-20,9,-24,8,-27,8,-27,8,-28,8,-27,7,-26,6,-24,5,-22,5,-20,3,20,15,-11,2,-6,2,1,1,6,1,10,2,15,4,16,5,-2,-3,-8,-2,-11,7,-4,17,11,18,23,5,21,-13,-18,-28,-15,-20,-24,-2,-17,15,1,21,16,12,16,-4,5,-14,-9,-9,-12,5,-1,14,15,9,21,-10,6,-26,-14,-27,-31,-5,-26,20,-4,32,19,24,27,3,19,-15,0,0,-7,-13,-9,-3,-3,1,-2,-4,-6,-8,-16,-2,-12,14,-7,24,12,24,27,10,25,-10,10,-22,-6,-19,-13,-9,-12,0,-7,4,-4,3,-7,4,-7,10,0,18,0,21,29,5,31,-18,12,-39,-16,-39,-37,-19,-39,8,-20,26]"
CSI_DATA,57888,d8:b1:90:d9:de:f0,-53,11,-99,-37,54,116,851618634,100,0,228,0,"[19,3,20,2,22,-1,20,-5,21,-7,19,-10,18,-14,102,-7,15,-18,13,-20,12,-21,11,-22,9,-23,8,-24,8,-23,7,-23,6,-22,5,-19,3,-14,2,-9,0,-3,61,6,-3,8,-6,14,-8,20,-10,22,-13,24,-16,26,0,0,-18,25,-20,23,-19,21,-18,16,-15,11,-11,7,-117,15,-1,-4,4,-9,11,-13,15,-15,19,-16,23,-16,25,-16,25,-15,26,-15,24,-13,23,-12,22,-10,19,-8,-68,0,9,-4,6,-3,-1,-1,-7,1,-10,0,-16,-1,-16,-3,4,1,7,-5,1,-13,-10,-13,-23,-2,-19,15,-4,26,32,5,25,2,19,-16,1,-23,-15,-14,-19,3,-9,14,5,14,12,2,6,-11,-9,-10,-18,3,-9,21,11,25,28,10,28,-15,8,-33,-15,-29,-30,-9,-25,12,-8,23,0,0,12,6,8,-3,1,-2,2,2,9,4,16,-5,5,-18,-4,-26,-22,-18,-29,1,-20,20,-2,25,12,18,18,4,11,-4,6,-6,3,-4,6,-5,4,-10,-5,-18,-3,-21,-30,1,-27,24,-6,40,22,37,40,14,38,-12,19,-28]"
CSI_DATA,57889,d8:b1:90:d9:de:f0,-53,11,-99,-40,55,116,851628769,100,0,228,0,"[-15,-12,-17,-12,-18,-10,-20,-8,-21,-5,-22,-3,-22,1,99,-7,-23,4,-23,7,-22,8,-22,10,-21,11,-21,12,-21,12,-19,12,-17,12,-15,10,-11,9,-7,7,-2,3,59,6,10,-1,14,-3,19,-4,24,-4,27,-4,29,-3,0,0,29,0,29,2,26,3,22,4,17,4,11,5,-116,0,-3,2,-10,-1,-16,-4,-20,-6,-23,-10,-24,-11,-24,-13,-24,-15,-23,-15,-22,-15,-20,-15,-18,-14,-16,-13,56,15,-10,-7,-6,-3,-3,1,0,6,1,11,1,15,0,16,-1,-4,-8,0,-9,9,1,17,15,14,23,-1,17,-18,-24,-22,-19,-16,-24,2,-14,18,3,21,17,10,17,-6,4,-15,-10,-11,-14,3,-3,15,14,12,21,-6,10,-24,-8,-25,-29,-10,-28,14,-10,30,12,27,25,10,21,-9,0,0,-5,-13,-8,-3,-3,2,3,-2,1,-9,-10,-11,-15,2,-19,15,-5,26,14,23,25,7,21,-10,8,-18,-3,-16,-9,-7,-7,-1,-4,-1,-5,-2,-11,0,-14,9,-20,10,10,27,29,17,39,-7,26,-30,1,-41,-23,-30,-32,-8]"
CSI_DATA,57890,d8:b1:90:d9:de:f0,-53,11,-99,-39,55,116,851648793,100,0,228,0,"[0,-19,-1,-20,-4,-20,-7,-19,-11,-18,-14,-16,-17,-14,97,-7,-20,-10,-22,-8,-23,-6,-23,-4,-24,-2,-25,-1,-25,1,-23,2,-22,2,-18,2,-14,3,-10,2,-4,1,58,6,9,1,15,-1,20,0,24,0,28,0,30,1,0,0,30,3,29,4,27,5,23,6,18,6,11,7,-124,0,-3,5,-11,3,-17,1,-22,-1,-26,-3,-28,-4,-29,-6,-29,-6,-29,-6,-27,-7,-25,-7,-23,-7,-20,-7,15,15,-13,-4,-7,-2,-2,0,3,4,7,7,10,10,10,12,0,-3,-6,-5,-13,2,-11,14,2,21,19,15,25,-3,-4,-32,-5,-25,-20,-13,-22,6,-9,19,9,18,17,4,11,-10,-3,-13,-12,-2,-7,12,9,14,21,1,17,-20,-2,-29,-26,-17,-32,7,-17,27,8,30,24,15,24,-5,0,0,-2,-15,-8,-6,-4,0,2,-3,-1,-9,-12,-10,-17,7,-17,18,-1,27,17,22,27,3,20,-14,5,-20,-7,-15,-11,-6,-9,0,-6,1,-8,1,-11,7,-8,16,-11,19,24,18,36,-1,29,-28,5,-42,-23,-35,-39,-12,-32,13]"
CSI_DATA,57891,d8:b1:90:d9:de:f0,-52,11,-99,-38,54,116,851661299,100,0,228,0,"[-16,-11,-18,-10,-19,-7,-19,-4,-21,-1,-21,2,-20,5,105,-7,-20,11,-19,14,-18,16,-18,17,-18,18,-17,20,-16,20,-15,19,-13,19,-10,17,-8,14,-5,9,-1,5,63,6,7,-6,11,-10,16,-13,19,-16,23,-17,26,-18,0,0,27,-17,28,-14,27,-11,23,-8,20,-4,14,-1,-117,0,0,6,-7,8,-14,9,-20,10,-25,9,-28,9,-29,8,-30,7,-30,6,-29,5,-27,4,-25,4,-22,2,18,16,-13,1,-7,0,-1,2,4,1,10,4,13,6,15,8,-2,-3,-8,2,-6,11,5,17,19,11,25,-6,14,-23,-28,-17,-23,-11,-25,8,-10,22,9,21,19,6,15,-9,1,-16,-11,-7,-9,7,4,14,17,3,16,-16,-3,-27,-22,-19,-33,6,-19,29,6,34,27,20,30,-3,16,-20,0,0,-11,-10,-10,0,-3,3,0,-2,-6,-7,-16,-1,-9,15,-5,26,14,25,28,9,27,-10,11,-23,-5,-22,-14,-10,-14,-1,-7,3,-5,3,-6,4,-7,10,0,18,-4,21,30,8,34,-14,19,-38,-8,-43,-34,-27,-42,0,-28,21]"
CSI_DATA,57892,d8:b1:90:d9:de:f0,-53,11,-99,-36,54,116,851679142,100,0,228,0,"[-13,-14,-14,-13,-16,-11,-17,-8,-19,-4,-19,0,-19,3,99,-7,-18,10,-18,13,-16,15,-15,17,-14,19,-14,20,-13,21,-11,21,-9,20,-7,18,-5,15,-3,10,0,5,59,6,5,-6,8,-12,10,-17,12,-20,13,-24,15,-25,0,0,17,-25,17,-24,17,-21,15,-18,14,-13,11,-8,-117,0,4,5,-1,11,-5,16,-8,20,-11,23,-13,26,-14,26,-15,26,-15,25,-14,23,-14,23,-13,20,-11,18,113,15,-8,10,-4,6,-1,1,4,-2,8,-6,11,-8,13,-8,-2,-3,-8,0,-8,10,2,18,17,14,23,-3,15,-20,-24,-18,-21,-13,-22,7,-9,21,8,19,18,5,13,-10,0,-15,-10,-5,-7,8,7,11,16,-1,11,-18,-9,-24,-25,-11,-28,15,-9,32,17,29,30,8,25,-14,7,-24,0,0,-16,-4,-10,4,-2,4,-2,-2,-8,-3,-13,7,1,17,9,22,24,11,26,-9,13,-23,-6,-24,-17,-12,-17,2,-9,9,-3,9,0,7,0,8,4,12,14,11,14,14,23,-19,6,-34,-20,-33,-40,-13,-39,15,-18,34,7,33]"
CSI_DATA,57893,d8:b1:90:d9:de:f0,-52,11,-99,-38,54,116,851698631,100,0,228,0,"[7,19,9,18,10,16,14,14,16,9,18,6,19,2,105,-7,21,-4,22,-6,22,-9,22,-11,22,-13,21,-15,21,-16,20,-17,18,-16,16,-15,13,-13,8,-8,3,-5,63,6,-8,4,-13,8,-18,9,-22,13,-26,14,-28,14,0,0,-30,13,-30,10,-28,8,-25,6,-20,3,-15,-1,99,16,0,-7,8,-9,15,-11,21,-11,25,-11,29,-11,30,-10,30,-9,30,-9,29,-7,28,-7,26,-5,22,-4,1,1,14,-2,6,0,2,0,-5,0,-11,-1,-14,-2,-17,-4,0,5,8,3,11,-7,4,-19,-11,-19,-25,-5,-22,16,15,27,16,22,26,3,18,-16,1,-22,-15,-13,-17,3,-5,14,7,9,9,-3,-1,-13,-17,-5,-18,14,-2,28,19,22,35,-1,26,-27,-1,-37,-25,-25,-32,-1,-20,19,0,0,11,13,10,2,5,-2,0,2,6,7,15,2,10,-15,6,-26,-14,-26,-28,-9,-27,11,-10,25,6,22,14,10,15,0,8,-4,6,-4,5,-5,5,-11,-2,-18,1,-21,-31,-3,-31,20,-11,40,18,40,40,18,40,-9,21,-28]"
CSI_DATA,57894,d8:b1:90:d9:de:f0,-52,11,-99,-39,54,116,851708685,100,0,228,0,"[16,12,17,11,19,7,19,5,17,2,19,-2,19,-6,108,-7,17,-13,16,-16,16,-17,15,-21,14,-21,14,-23,13,-24,13,-23,11,-22,10,-20,7,-16,4,-11,1,-5,65,6,-6,5,-11,10,-15,14,-19,17,-21,21,-23,21,0,0,-28,19,-28,16,-26,13,-24,10,-20,6,-14,1,100,16,-1,-7,6,-11,13,-13,20,-14,24,-14,28,-14,29,-13,31,-11,30,-10,29,-8,28,-6,25,-5,23,-4,-4,0,14,-1,7,0,1,0,-5,0,-11,-2,-13,-3,-16,-5,2,3,8,-1,6,-12,-5,-17,-20,-12,-25,6,-13,24,25,16,23,12,25,-7,10,-23,-7,-21,-19,-5,-14,8,-1,14,11,5,7,-7,-6,-11,-19,1,-13,19,7,28,26,15,34,-11,17,-33,-10,-35,-31,-16,-31,7,-15,24,0,0,13,11,12,0,4,-3,1,2,7,6,15,0,7,-16,3,-26,-16,-24,-30,-6,-25,14,-8,24,7,22,15,11,14,-1,7,-5,6,-4,6,-5,6,-12,-2,-19,1,-21,-32,-5,-31,19,-13,40,16,41,39,23,40,-6,23,-26]"
CSI_DATA,57895,d8:b1:90:d9:de:f0,-52,11,-99,-38,54,116,851718760,100,0,228,0,"[-3,20,-2,20,-1,20,3,19,7,17,9,15,13,13,105,-7,19,10,20,9,22,8,25,7,26,7,27,6,27,6,26,5,25,4,22,4,18,3,13,2,6,0,63,6,-6,-5,-13,-6,-17,-11,-20,-14,-22,-18,-23,-20,0,0,-22,-23,-20,-25,-17,-23,-13,-22,-7,-19,-2,-14,-15,16,7,-1,11,6,13,13,14,19,14,25,14,27,13,29,10,31,8,30,7,30,5,28,4,26,2,22,7,0,0,14,-1,7,-1,1,0,-5,3,-11,5,-13,8,-15,-2,4,5,7,14,1,14,-13,2,-22,-16,-19,-27,-2,-5,29,-2,27,17,20,23,1,17,-15,0,-19,-13,-10,-14,4,-2,10,8,4,9,-9,-6,-16,-21,-7,-25,14,-8,30,18,31,35,9,33,-18,11,-33,-11,-30,-26,-11,0,0,-8,15,2,11,4,4,-2,1,-5,7,1,16,18,6,27,1,22,-18,6,-29,-14,-25,-25,-8,-22,7,-10,15,0,15,4,8,4,6,5,6,11,6,19,-1,20,3,7,-30,-15,-34,-37,-19,-42,8,-27,33,-1,41,21,29]"
CSI_DATA,57896,d8:b1:90:d9:de:f0,-52,11,-99,-39,54,116,851728808,100,0,228,0,"[19,7,20,6,21,3,20,-1,17,-4,16,-10,14,-12,108,-7,10,-20,7,-22,5,-24,3,-25,2,-26,0,-28,-1,-28,-2,-26,-4,-25,-4,-22,-3,-17,-3,-12,-3,-5,65,6,0,8,1,14,1,20,2,25,2,29,2,31,0,0,0,33,0,31,-2,30,-3,25,-4,20,-5,13,-76,16,-6,-2,-7,-11,-7,-17,-6,-24,-6,-28,-5,-31,-5,-32,-3,-32,-3,-32,-3,-30,-2,-29,-2,-26,-2,-24,-12,16,-1,-14,0,-7,0,-2,1,5,-1,11,-2,13,-3,16,3,3,7,-3,3,-13,-11,-15,-22,-3,-21,15,-2,28,30,4,26,1,19,-19,-1,-24,-17,-15,-19,4,-6,15,7,12,12,-1,2,-10,-13,-5,-13,12,3,24,24,15,31,-7,16,-33,-13,-37,-34,-16,-34,12,-14,30,8,26,0,0,17,-5,6,-10,-1,-6,2,0,7,-3,6,-13,-12,-14,-23,-12,-28,6,-16,24,4,28,20,16,23,-1,14,-12,3,-13,-2,-8,-2,-7,-4,-6,-12,-6,-20,0,-21,-3,-6,32,19,33,40,14,41,-16,20,-40,-10,-40,-29,-22]"
CSI_DATA,57897,d8:b1:90:d9:de:f0,-53,11,-99,-37,54,116,851739010,100,0,228,0,"[-4,-19,-6,-19,-8,-16,-10,-14,-13,-12,-15,-8,-18,-5,102,-7,-21,1,-22,3,-23,6,-24,8,-24,9,-24,11,-23,12,-23,12,-20,12,-18,11,-14,9,-9,7,-5,4,61,6,7,-2,12,-5,18,-6,23,-7,26,-8,28,-8,0,0,29,-6,29,-5,27,-3,24,-1,19,2,12,4,-105,0,-2,7,-9,8,-16,9,-22,8,-26,7,-29,6,-29,5,-31,4,-29,3,-29,2,-26,2,-24,1,-22,1,1,15,-13,-1,-7,-1,-1,-2,4,1,10,2,12,4,14,6,0,-4,-7,-4,-12,5,-6,16,8,20,23,9,24,-10,-10,-26,-11,-22,-23,-7,-20,11,-4,21,11,14,15,0,7,-11,-6,-9,-9,3,1,13,15,7,21,-10,6,-26,-16,-26,-34,-5,-29,21,-5,36,20,28,30,6,23,-14,0,0,-7,-14,-10,-4,-5,1,0,-2,-5,-7,-13,-4,-12,12,-9,22,8,26,24,13,26,-5,14,-20,-2,-22,-11,-12,-13,-3,-8,2,-7,2,-7,4,-7,10,-1,18,-4,20,29,8,32,-14,16,-36,-10,-41,-33,-24,-40,3,-24,23]"
CSI_DATA,57898,d8:b1:90:d9:de:f0,-52,11,-99,-39,54,116,851758684,100,0,228,0,"[19,3,20,1,20,-1,17,-4,16,-7,14,-12,13,-15,108,-7,8,-21,7,-22,5,-24,4,-26,3,-28,2,-28,2,-29,1,-28,1,-25,1,-23,1,-19,1,-13,-1,-6,65,6,-2,7,-4,14,-6,19,-8,24,-11,26,-13,29,0,0,-15,28,-17,25,-17,22,-16,19,-15,12,-12,6,139,16,-3,-6,2,-13,7,-17,13,-20,16,-22,20,-23,22,-23,23,-22,24,-21,23,-19,22,-16,22,-14,20,-11,-59,0,12,-5,7,-2,2,0,-4,3,-10,4,-15,3,-17,1,4,1,6,-5,0,-13,-13,-13,-23,0,-19,17,-1,28,29,2,26,0,19,-17,0,-23,-16,-14,-19,3,-8,14,5,12,10,-1,1,-10,-12,-6,-15,10,-3,25,20,23,33,2,28,-25,2,-39,-24,-29,-35,-3,-26,20,-4,29,0,0,17,5,11,-4,3,-4,2,0,8,2,14,-7,0,-20,-7,-24,-24,-14,-30,5,-17,23,1,25,14,16,17,3,13,-5,6,-6,4,-6,4,-8,1,-13,-8,-16,-6,-20,-30,7,-22,30,2,42,30,31,42,5,35,-21,12,-32]"
CSI_DATA,57899,d8:b1:90:d9:de:f0,-53,11,-99,-37,54,116,851768770,100,0,228,0,"[18,-7,16,-9,14,-11,11,-14,7,-15,3,-18,-1,-19,102,-7,-8,-19,-11,-20,-13,-20,-16,-19,-19,-18,-21,-16,-22,-15,-22,-13,-22,-12,-19,-10,-16,-8,-11,-5,-6,-2,61,6,6,4,11,5,16,8,21,10,24,11,26,13,0,0,25,14,24,14,22,14,18,13,13,12,6,10,76,0,-6,4,-12,1,-18,-2,-23,-4,-27,-6,-29,-7,-29,-8,-29,-9,-29,-9,-26,-8,-26,-8,-23,-8,-20,-7,26,15,-13,-4,-7,-3,-2,-1,3,0,9,3,11,5,13,7,3,-1,2,-7,-7,-10,-18,-2,-15,12,-2,24,16,19,21,-20,16,-18,-2,-23,-18,-12,-20,4,-7,15,7,13,12,1,4,-9,-8,-6,-11,8,2,19,21,11,27,-10,11,-30,-16,-31,-36,-9,-30,18,-8,32,15,27,27,7,0,0,5,-16,-4,-10,-5,-3,1,-2,0,-8,-8,-10,-19,5,-20,13,-6,25,12,23,25,8,22,-9,8,-19,-4,-16,-9,-8,-8,-2,-7,0,-9,2,-11,8,-6,18,-8,18,27,15,34,-7,24,-32,-3,-42,-30,-29,-38,-2,-27,20]"
CSI_DATA,57900,d8:b1:90:d9:de:f0,-53,11,-99,-36,54,116,851788812,100,0,228,0,"[18,1,18,-1,18,-4,16,-7,14,-10,12,-13,10,-16,99,-7,5,-21,3,-23,1,-24,-1,-25,-3,-25,-3,-26,-4,-26,-5,-26,-5,-24,-5,-20,-4,-17,-2,-12,-2,-6,59,6,1,7,2,13,2,18,2,23,2,26,2,27,0,0,-1,28,-3,27,-4,25,-5,21,-6,16,-6,10,-75,15,-6,-4,-5,-12,-4,-18,-2,-23,0,-26,1,-29,2,-30,3,-30,4,-28,4,-27,4,-25,5,-23,5,-20,52,0,5,-12,3,-6,2,-1,-1,4,-4,8,-6,12,-9,13,3,0,5,-5,-2,-12,-14,-10,-20,3,-14,18,3,24,26,-5,24,-4,12,-19,-6,-20,-18,-9,-16,7,-3,14,8,8,9,-4,-2,-10,-14,-2,-13,14,4,24,25,14,30,-9,16,-31,-11,-34,-31,-16,-31,10,-15,27,7,26,0,0,17,-3,8,-8,1,-5,2,-1,8,-3,7,-12,-10,-15,-18,-14,-25,2,-18,19,-1,25,14,18,19,4,14,-7,6,-11,0,-8,-1,-8,-3,-9,-9,-10,-18,-5,-17,-7,-14,26,8,34,31,23,42,-3,30,-28,4,-38,-18,-28]"
CSI_DATA,57901,d8:b1:90:d9:de:f0,-53,11,-99,-36,54,116,851798878,100,0,228,0,"[-14,-11,-15,-10,-16,-7,-17,-4,-17,-1,-18,4,-18,7,99,-7,-18,13,-17,15,-17,17,-17,19,-16,20,-16,21,-15,21,-15,21,-14,21,-12,17,-10,14,-7,10,-4,5,59,6,4,-6,9,-10,12,-13,16,-14,19,-17,22,-17,0,0,24,-16,24,-13,23,-11,20,-7,17,-4,11,0,-115,0,-1,7,-8,10,-14,12,-19,12,-23,12,-26,11,-28,11,-27,9,-28,8,-26,7,-25,6,-22,5,-20,3,10,15,-13,0,-7,0,-1,-1,4,-1,9,0,13,2,14,5,-2,-2,-7,1,-7,11,4,16,18,11,22,-5,13,-20,-24,-14,-21,-12,-22,6,-9,19,7,17,17,6,12,-7,0,-12,-10,-3,-6,9,8,12,19,0,14,-19,-5,-28,-27,-18,-34,8,-19,30,6,36,27,20,30,-3,17,-20,0,0,-11,-13,-11,-1,-5,2,-2,-1,-6,-5,-14,1,-9,16,-3,22,14,21,25,6,23,-11,10,-20,-5,-19,-13,-10,-11,-1,-8,3,-6,3,-7,6,-6,12,2,18,1,19,30,3,28,-19,12,-38,-15,-39,-37,-19,-38,7,-21,25]"
CSI_DATA,57902,d8:b1:90:d9:de:f0,-53,11,-99,-37,54,116,851808892,100,0,228,0,"[-8,16,-6,18,-2,18,1,16,7,16,11,14,15,12,102,-7,22,8,24,6,25,3,27,2,28,-1,28,-3,28,-4,27,-5,24,-6,22,-7,18,-6,12,-5,6,-2,61,6,-6,2,-13,6,-19,7,-23,8,-26,10,-28,10,0,0,-28,10,-28,10,-25,8,-23,6,-18,4,-12,0,118,15,1,-8,7,-10,13,-13,18,-15,22,-16,23,-19,25,-19,24,-19,24,-19,22,-18,21,-16,19,-15,16,-12,-72,0,10,-6,6,-3,1,1,-3,5,-8,8,-11,9,-14,9,-2,3,3,8,12,4,15,-9,4,-22,-13,-20,-26,-3,-2,28,0,26,19,15,22,-3,10,-16,-6,-16,-13,-3,-8,9,4,9,10,-2,1,-14,-15,-11,-24,7,-11,29,15,31,36,9,32,-20,7,-37,-20,-30,-31,-6,-23,15,0,0,8,14,11,4,5,-1,2,2,7,5,15,0,9,-19,1,-25,-16,-21,-28,-3,-22,16,-5,24,10,18,15,5,12,-3,6,-6,4,-6,4,-9,0,-13,-11,-15,-10,-14,-27,13,-12,34,14,39,38,19,40,-10,23,-32,-3,-34]"
CSI_DATA,57903,d8:b1:90:d9:de:f0,-53,11,-99,-39,55,116,851819776,100,0,228,0,"[13,-13,11,-14,9,-15,5,-16,0,-18,-4,-18,-7,-18,97,-7,-13,-18,-15,-18,-18,-17,-20,-17,-21,-17,-22,-16,-23,-15,-22,-14,-21,-13,-19,-11,-16,-9,-11,-6,-6,-3,58,6,5,4,11,7,15,12,17,14,20,17,21,18,0,0,20,20,19,21,16,19,13,18,8,15,3,11,44,0,-7,0,-12,-5,-15,-11,-17,-15,-19,-19,-19,-21,-18,-23,-18,-24,-17,-23,-16,-22,-14,-21,-12,-19,-10,-17,124,15,-5,-11,-2,-6,1,0,4,5,4,9,5,13,3,15,4,-2,-1,-8,-11,-7,-17,3,-13,17,4,23,21,14,15,-23,13,-21,-6,-22,-18,-9,-18,7,-5,15,9,11,12,-1,3,-10,-9,-6,-12,9,2,19,21,14,28,-8,16,-29,-12,-33,-33,-16,-34,12,-16,31,9,29,23,13,0,0,9,-14,-1,-11,-3,-4,1,-2,3,-8,-4,-14,-19,-5,-23,3,-17,20,1,27,18,18,23,2,17,-11,5,-15,-3,-12,-5,-7,-5,-5,-8,-6,-13,-2,-16,9,-17,9,8,28,30,20,39,-5,28,-30,2,-40,-23,-31,-32,-9]"
CSI_DATA,57904,d8:b1:90:d9:de:f0,-53,11,-99,-37,54,116,851839540,100,0,228,0,"[-18,-3,-19,-1,-19,2,-18,5,-16,8,-14,12,-13,15,102,-7,-10,21,-9,23,-8,24,-7,26,-6,27,-6,28,-5,27,-4,27,-4,25,-4,22,-4,18,-2,11,-1,5,61,6,3,-7,5,-13,7,-18,10,-21,12,-24,14,-25,0,0,18,-24,19,-21,19,-18,16,-14,14,-9,10,-3,131,0,0,7,-5,11,-11,15,-15,18,-20,19,-23,19,-25,18,-25,16,-26,15,-24,13,-23,12,-21,10,-19,8,49,15,-12,3,-6,1,0,-1,5,-2,11,-1,14,0,16,2,-3,-1,-7,5,-1,13,11,13,22,2,19,-15,3,-25,-28,-1,-24,-1,-18,15,0,22,13,13,16,-2,7,-12,-6,-10,-11,1,-2,12,12,8,19,-8,7,-24,-16,-26,-33,-7,-30,21,-8,37,19,31,33,9,28,-14,10,-25,0,0,-14,-7,-10,2,-4,3,-3,-1,-9,-2,-14,5,-4,20,4,24,21,18,27,-1,20,-18,3,-24,-10,-16,-15,-5,-11,3,-6,5,-5,4,-6,7,-4,13,6,18,5,20,31,-3,25,-26,3,-41,-24,-36,-41,-12,-37,14,-16,30]"
CSI_DATA,57905,d8:b1:90:d9:de:f0,-53,11,-99,-37,54,116,851858799,100,0,228,0,"[-16,-6,-18,-5,-18,-2,-19,1,-18,4,-16,8,-16,11,102,-7,-15,18,-14,20,-14,21,-13,23,-13,23,-12,25,-12,25,-12,24,-11,22,-10,19,-8,15,-6,10,-3,5,61,6,5,-6,8,-10,12,-14,15,-16,19,-18,22,-18,0,0,24,-16,25,-13,23,-10,21,-7,16,-3,11,1,133,0,-2,7,-10,9,-16,9,-22,10,-26,9,-28,8,-30,6,-30,4,-29,3,-28,2,-26,1,-23,0,-21,-1,19,15,-11,-2,-6,-2,0,-1,6,1,10,4,12,6,13,9,-3,-2,-7,3,-3,12,8,15,21,7,22,-10,8,-24,-27,-7,-23,-7,-21,11,-5,21,9,16,16,2,10,-10,-2,-11,-10,-2,-5,10,9,11,20,-2,13,-21,-7,-29,-28,-16,-34,9,-19,32,7,36,28,20,30,-4,18,-21,0,0,-10,-12,-10,-2,-4,1,-2,-3,-7,-5,-15,0,-11,15,-5,24,12,23,25,10,24,-8,12,-20,-3,-20,-10,-11,-10,-2,-7,1,-6,1,-8,3,-9,10,-3,20,-4,21,30,11,34,-11,22,-34,-5,-43,-30,-30,-40,-4,-29,18]"
CSI_DATA,57906,d8:b1:90:d9:de:f0,-53,11,-99,-37,54,116,851878753,100,0,228,0,"[-16,-8,-16,-7,-19,-4,-18,0,-19,4,-16,8,-16,12,102,-7,-13,19,-12,21,-10,23,-8,24,-8,25,-7,26,-6,26,-4,26,-3,24,-3,22,-2,18,-1,12,0,6,61,6,1,-7,2,-13,3,-19,4,-22,5,-26,6,-27,0,0,8,-28,8,-26,8,-23,9,-20,8,-13,7,-8,86,0,4,6,1,13,-2,19,-4,23,-7,27,-7,29,-8,29,-8,29,-8,28,-8,27,-7,25,-7,23,-7,19,-95,15,-5,10,-3,5,-1,0,2,-5,5,-10,7,-12,10,-12,-3,-3,-8,3,-5,12,8,15,21,7,21,-10,7,-24,-28,-6,-24,-5,-20,13,-2,21,13,14,18,-1,8,-12,-5,-10,-10,1,-1,11,12,7,18,-9,4,-25,-19,-23,-32,-2,-25,25,1,36,26,26,33,0,22,-21,1,-26,0,0,-15,-2,-8,6,-1,3,-3,0,-9,2,-9,11,5,20,15,18,26,3,22,-15,6,-25,-11,-20,-18,-6,-13,4,-6,9,-1,7,-1,6,0,9,6,13,18,9,19,10,19,-26,-3,-38,-30,-28,-43,-2,-33,26,-8,40,16,30]"
CSI_DATA,57907,d8:b1:90:d9:de:f0,-53,11,-99,-39,55,116,851888917,100,0,228,0,"[7,-16,6,-18,3,-18,0,-18,-4,-18,-7,-17,-11,-16,97,-7,-17,-14,-19,-13,-21,-12,-22,-11,-23,-11,-25,-9,-25,-8,-24,-8,-22,-7,-20,-6,-16,-5,-11,-4,-5,-2,58,6,7,2,12,5,16,7,19,9,21,12,23,13,0,0,23,15,20,16,17,16,14,15,9,12,4,10,37,0,-7,0,-12,-5,-16,-10,-19,-14,-21,-17,-21,-20,-21,-21,-20,-21,-19,-21,-18,-21,-16,-19,-14,-18,-12,-16,-125,15,-6,-9,-3,-6,0,-1,3,4,4,8,4,14,3,16,2,-2,-3,-7,-12,-4,-15,7,-6,20,11,20,23,7,7,-26,6,-22,-12,-19,-20,-4,-15,12,0,17,11,9,11,-4,0,-11,-11,-4,-9,10,5,18,23,9,25,-13,9,-30,-17,-30,-34,-8,-30,17,-9,30,14,26,24,8,0,0,7,-14,-3,-10,-3,-3,1,-3,2,-8,-6,-12,-19,-3,-21,6,-13,21,4,25,19,15,22,-1,13,-12,2,-14,-3,-9,-4,-6,-4,-4,-7,-6,-13,-2,-17,9,-20,9,9,30,31,20,40,-6,28,-32,1,-42,-24,-31,-32,-8]"
CSI_DATA,57908,d8:b1:90:d9:de:f0,-54,11,-99,-39,55,116,851908626,100,0,228,0,"[-12,14,-12,14,-10,16,-6,16,-3,17,1,18,4,18,97,-7,10,19,12,19,13,19,15,20,17,20,17,19,17,19,16,18,16,18,13,15,11,12,8,8,4,4,58,6,-4,-6,-6,-10,-9,-15,-9,-19,-9,-23,-9,-25,0,0,-7,-26,-5,-26,-3,-24,-1,-20,1,-15,4,-9,30,0,5,5,5,12,3,20,1,23,0,27,-2,29,-4,30,-5,29,-7,29,-6,26,-7,24,-7,22,-7,19,-65,15,-5,10,-3,5,0,-1,2,-6,6,-9,10,-10,12,-10,-3,1,0,7,10,7,16,-2,13,-16,-2,-22,-18,-15,-17,21,-15,18,3,22,16,12,18,-3,8,-14,-5,-13,-12,-2,-6,10,7,9,14,-4,5,-18,-14,-19,-28,-3,-25,20,-2,33,23,26,34,4,26,-19,6,-28,-13,-22,0,0,-14,6,-4,9,0,4,-2,1,-7,4,-5,14,11,16,19,11,25,-4,15,-20,-1,-24,-14,-16,-19,-3,-13,7,-5,8,-1,7,-2,5,-1,9,6,12,17,10,17,11,21,-22,2,-36,-24,-32,-40,-11,-38,18,-17,34,7,32]"
CSI_DATA,57909,d8:b1:90:d9:de:f0,-53,11,-99,-39,55,116,851918842,100,0,228,0,"[11,-14,10,-16,7,-16,4,-17,-1,-17,-6,-17,-9,-16,97,-7,-16,-14,-18,-13,-20,-12,-22,-10,-24,-10,-24,-8,-25,-7,-24,-6,-23,-4,-21,-3,-17,-2,-11,-1,-6,0,58,6,7,1,12,1,17,3,21,4,24,4,26,5,0,0,27,6,25,7,23,7,20,7,14,7,8,6,103,0,-6,3,-13,2,-18,0,-23,-2,-27,-4,-29,-4,-29,-4,-30,-6,-28,-5,-27,-5,-25,-5,-23,-4,-19,-4,13,15,-12,-3,-5,-2,0,-1,6,1,11,3,13,5,15,7,3,-2,-1,-7,-10,-5,-15,5,-8,17,8,21,22,9,9,-26,7,-22,-11,-19,-20,-3,-15,12,0,16,12,8,11,-5,0,-11,-10,-3,-8,12,8,16,23,5,22,-18,3,-31,-24,-24,-35,0,-23,25,0,33,21,20,25,0,0,0,0,-16,-6,-8,-5,-2,0,-2,-3,-8,-11,-8,-18,6,-16,16,0,25,17,19,24,2,17,-13,4,-18,-6,-12,-9,-5,-6,-1,-6,-1,-8,0,-12,7,-7,18,-7,20,26,15,36,-7,24,-32,-4,-41,-29,-28,-39,-2,-27,20]"
CSI_DATA,57910,d8:b1:90:d9:de:f0,-53,11,-99,-39,55,116,851928873,100,0,228,0,"[-10,15,-9,17,-6,17,-2,17,2,17,5,17,9,17,97,-7,16,14,18,13,20,12,22,11,23,10,24,9,25,8,24,8,22,6,20,5,16,4,12,3,6,1,58,6,-6,-3,-12,-4,-16,-6,-20,-7,-23,-9,-25,-10,0,0,-24,-12,-23,-12,-20,-12,-17,-12,-12,-10,-6,-8,-61,15,6,-2,12,2,17,6,21,9,24,12,26,14,26,16,26,16,24,16,22,16,21,14,19,13,16,12,-86,0,8,8,4,5,-1,0,-5,-4,-7,-7,-9,-12,-9,-13,-3,2,2,7,11,5,15,-6,8,-19,-8,-21,-22,-9,-9,25,-7,22,11,19,21,4,15,-11,0,-17,-11,-9,-11,4,0,10,11,3,9,-11,-6,-18,-22,-8,-24,14,-6,30,19,28,34,6,28,-20,5,-31,-16,-24,-25,-5,0,0,-5,16,5,10,4,3,0,3,-1,8,9,11,19,-1,20,-11,8,-23,-10,-24,-22,-10,-21,6,-10,15,2,14,6,7,6,3,4,3,8,4,13,-1,14,-13,16,-15,-17,-26,-34,-10,-36,17,-16,38,12,39,33,22,33,-4]"
CSI_DATA,57911,d8:b1:90:d9:de:f0,-53,11,-99,-39,55,116,851939034,100,0,228,0,"[-15,-9,-17,-8,-17,-5,-17,-2,-17,2,-17,6,-16,9,97,-7,-15,16,-14,17,-14,20,-13,20,-13,22,-12,23,-12,23,-11,23,-10,22,-8,19,-7,16,-5,11,-3,6,58,6,4,-6,7,-11,10,-14,13,-17,15,-19,18,-21,0,0,19,-20,20,-18,19,-15,17,-11,14,-7,10,-3,121,0,-1,6,-8,11,-13,12,-18,15,-22,16,-25,16,-27,15,-26,14,-27,13,-25,11,-24,10,-22,8,-19,7,13,15,-11,2,-7,1,-1,-1,6,-2,11,-1,14,0,16,2,-2,-3,-7,2,-4,10,7,15,18,7,21,-9,9,-22,-26,-10,-22,-8,-20,10,-6,20,10,16,17,3,11,-10,-2,-12,-10,-2,-5,10,9,11,18,-2,12,-20,-9,-27,-28,-12,-32,13,-13,32,12,32,29,15,28,-9,13,-23,0,0,-13,-10,-11,1,-4,3,-2,0,-7,-3,-14,3,-6,18,2,23,18,17,25,1,19,-15,4,-21,-9,-16,-13,-5,-10,2,-5,3,-5,2,-7,4,-6,12,3,19,3,21,31,1,28,-22,8,-39,-19,-36,-39,-15,-36,11,-19,28]"
CSI_DATA,57912,d8:b1:90:d9:de:f0,-53,11,-99,-39,55,116,851958838,100,0,228,0,"[9,-16,7,-17,4,-17,0,-17,-5,-16,-9,-15,-13,-13,97,-7,-19,-10,-21,-8,-23,-6,-25,-4,-25,-2,-26,-1,-27,0,-26,2,-24,3,-21,3,-17,3,-12,3,-6,1,58,6,6,-2,12,-3,17,-3,21,-4,24,-6,26,-6,0,0,27,-5,26,-5,24,-4,21,-2,16,-1,10,1,-127,0,-4,6,-11,7,-16,8,-21,9,-26,10,-28,10,-28,10,-28,10,-27,10,-26,9,-24,8,-22,8,-20,6,17,15,-11,3,-6,1,-1,-1,5,-2,11,-4,13,-4,16,-3,3,-2,-2,-6,-11,-3,-14,8,-5,20,13,18,24,3,3,-26,2,-23,-15,-16,-21,1,-12,15,5,16,14,5,9,-8,-4,-10,-10,0,-5,14,13,13,23,-3,15,-23,-9,-30,-30,-15,-32,13,-13,32,13,30,28,11,24,-10,0,0,-5,-15,-10,-5,-6,1,-2,-2,-5,-6,-13,-2,-12,13,-6,21,12,22,23,9,22,-10,9,-20,-6,-18,-12,-8,-10,1,-5,3,-5,2,-7,4,-6,11,3,18,3,21,30,-1,25,-25,2,-39,-26,-32,-40,-7,-33,20,-10,31]"
CSI_DATA,57913,d8:b1:90:d9:de:f0,-53,11,-99,-39,55,116,851978823,100,0,228,0,"[-16,-10,-17,-9,-17,-6,-17,-2,-18,2,-16,6,-16,9,97,-7,-15,16,-14,18,-13,20,-13,23,-12,24,-11,25,-10,25,-9,25,-8,23,-6,20,-5,17,-3,12,-1,6,58,6,2,-6,3,-11,6,-16,8,-19,10,-22,11,-24,0,0,13,-24,13,-23,13,-20,12,-17,11,-12,8,-7,115,0,1,6,-3,12,-7,17,-11,20,-14,23,-16,24,-17,24,-18,24,-18,23,-18,21,-17,20,-15,18,-14,15,60,15,-9,8,-5,4,-1,0,3,-4,8,-7,11,-8,14,-7,-1,-2,-6,2,-4,11,7,14,19,7,20,-9,9,-23,-26,-9,-23,-7,-20,11,-5,21,12,16,17,1,9,-11,-4,-12,-11,-1,-5,10,10,10,18,-5,9,-22,-13,-24,-31,-8,-28,19,-6,34,20,29,32,7,26,-16,7,-26,0,0,-16,-6,-11,5,-4,5,-2,1,-7,1,-10,8,1,17,10,19,22,9,23,-9,11,-21,-6,-21,-15,-10,-14,1,-8,6,-3,5,-3,4,-4,7,1,12,11,15,12,17,26,-14,12,-33,-14,-37,-36,-20,-39,9,-24,31,1,33]"
CSI_DATA,57914,d8:b1:90:d9:de:f0,-53,11,-99,-39,55,116,851989006,100,0,228,0,"[12,14,13,13,13,11,14,8,16,4,16,0,17,-3,97,-7,19,-10,19,-12,20,-14,20,-16,20,-18,20,-18,21,-18,19,-18,18,-17,17,-15,13,-12,10,-8,6,-4,58,6,-4,5,-9,8,-15,10,-18,12,-21,13,-24,13,0,0,-26,11,-26,9,-25,7,-22,4,-17,1,-11,-2,116,15,3,-7,10,-7,17,-8,22,-8,26,-6,29,-4,30,-3,31,-1,30,0,28,1,26,2,23,2,21,4,-9,0,12,5,5,4,-1,3,-7,0,-11,-3,-14,-5,-15,-8,1,2,6,0,7,-9,-2,-16,-16,-13,-22,2,-17,19,20,18,18,15,22,-2,13,-17,-3,-19,-14,-9,-13,6,-2,12,8,6,8,-7,-5,-13,-18,-4,-18,15,0,28,24,24,34,-1,25,-26,0,-36,-23,-25,-31,-3,-22,16,0,0,9,16,12,6,7,0,4,2,6,4,14,0,11,-15,6,-22,-11,-23,-24,-11,-25,7,-13,20,2,19,11,11,11,2,7,-2,6,-2,8,-2,10,-9,4,-18,6,-18,-27,-13,-34,9,-23,32,3,42,28,30,39,6,29,-17]"
