CSI_DATA,263280,d8:b1:90:d9:de:f0,-67,11,-99,-34,68,56,-458746347,100,0,114,0,"[-16,-26,-17,-28,-18,-31,-16,-32,-16,-33,-15,-32,-13,-31,-11,-28,-12,-27,-10,-26,-11,-24,-11,-23,-11,-21,-11,-21,-11,-21,-13,-21,-12,-20,-14,-20,-14,-19,-14,-19,-15,-19,-15,-19,-14,-18,-15,-18,-13,-17,-14,-15,-14,-16,-14,-16,0,0,-15,-15,-15,-15,-15,-17,-15,-15,-15,-17,-15,-19,-15,-18,-12,-20,-12,-19,-12,-17,-12,-18,-10,-17,-10,-15,-9,-15,-10,-15,-9,-15,-7,-15,-8,-13,-9,-13,-8,-14,-9,-14,-9,-15,-9,-15,-10,-15,-10,-14,-9,-14,-8,-13,-6,-11]"
CSI_DATA,263281,d8:b1:90:d9:de:f0,-66,11,-99,-36,68,56,-458731588,100,0,114,0,"[19,24,20,28,20,32,20,32,20,33,19,32,16,32,16,30,15,27,14,26,13,24,13,23,13,23,13,21,14,21,14,21,15,20,15,21,16,20,16,19,16,20,17,19,16,19,17,17,16,17,16,16,16,16,16,16,0,0,16,16,16,16,16,16,16,17,16,18,16,20,16,19,15,21,14,19,14,19,14,19,11,20,10,18,10,16,10,16,8,16,8,15,9,15,10,14,8,15,8,15,8,16,9,16,9,16,9,16,8,16,8,15,6,14]"
CSI_DATA,263282,d8:b1:90:d9:de:f0,-66,11,-99,-33,67,56,-458721531,100,0,114,0,"[11,33,11,36,9,39,7,41,5,41,3,40,1,37,0,34,0,32,-1,31,-1,29,-1,27,-1,27,-1,28,0,27,0,26,-1,27,-1,27,0,26,-1,26,0,27,0,27,-1,25,0,26,-1,25,-1,23,-2,23,-3,22,0,0,-5,22,-5,23,-5,23,-7,22,-7,22,-10,24,-9,23,-11,22,-12,22,-13,21,-13,20,-13,19,-13,17,-12,16,-13,14,-12,14,-13,13,-13,12,-13,11,-13,11,-14,11,-14,11,-15,12,-16,11,-16,9,-15,9,-14,8,-13,7]"
CSI_DATA,263304,d8:b1:90:d9:de:f0,-66,11,-99,-34,67,56,-458421623,100,0,114,0,"[-33,11,-35,9,-37,7,-38,7,-38,4,-37,3,-35,2,-34,0,-32,1,-30,1,-28,0,-27,0,-27,0,-27,0,-26,0,-24,0,-26,1,-27,1,-27,2,-27,3,-27,2,-27,2,-25,2,-23,2,-24,2,-22,2,-22,0,-21,1,0,0,-21,2,-21,0,-22,1,-23,0,-24,0,-26,0,-26,0,-26,0,-25,0,-26,0,-25,-1,-23,-2,-21,-1,-21,-2,-21,-3,-19,-3,-19,-4,-19,-3,-20,-4,-21,-4,-22,-4,-19,-5,-19,-5,-20,-7,-20,-6,-18,-7,-16,-7,-16,-7]"
CSI_DATA,263309,d8:b1:90:d9:de:f0,-66,11,-99,-34,67,56,-458351647,100,0,114,0,"[-34,7,-38,6,-40,5,-41,2,-43,2,-41,0,-38,0,-35,0,-33,0,-32,0,-29,0,-29,0,-28,0,-27,0,-28,0,-27,1,-27,0,-28,0,-27,1,-27,3,-26,2,-25,2,-23,2,-23,3,-24,3,-22,2,-21,3,-22,2,0,0,-22,3,-22,2,-22,1,-24,2,-24,1,-25,0,-25,0,-26,0,-26,0,-25,-1,-25,-1,-23,-3,-22,-3,-21,-4,-22,-3,-20,-4,-19,-5,-19,-4,-20,-5,-19,-6,-20,-6,-19,-8,-20,-8,-21,-9,-21,-7,-18,-8,-16,-9,-14,-7]"
CSI_DATA,263310,d8:b1:90:d9:de:f0,-66,11,-99,-36,68,56,-458331612,100,0,114,0,"[15,29,16,32,16,36,14,37,13,37,12,36,11,34,9,32,9,29,8,28,8,24,8,25,8,23,8,24,11,23,11,23,10,22,11,23,12,24,11,22,12,22,14,21,13,20,12,19,11,19,12,17,13,16,13,16,0,0,12,16,13,18,13,19,13,19,14,21,14,22,13,21,12,22,10,22,12,23,10,22,9,21,8,21,8,20,7,18,6,18,5,17,6,17,6,17,5,17,4,18,4,18,5,20,4,21,3,18,2,18,1,17,0,15]"
CSI_DATA,263311,d8:b1:90:d9:de:f0,-66,11,-99,-34,67,56,-458321536,100,0,114,0,"[13,33,12,36,13,39,13,39,12,40,12,39,12,36,12,33,12,30,12,28,12,26,12,25,14,23,16,22,16,21,17,21,19,20,18,18,20,19,21,16,21,16,21,16,20,13,21,12,20,11,21,9,20,9,21,7,0,0,23,6,22,6,23,6,25,5,25,6,26,6,26,6,25,7,25,4,25,4,25,5,23,5,21,4,21,4,20,3,20,4,18,2,18,1,18,1,18,3,20,2,19,2,20,3,21,3,20,1,18,1,17,2,15,2]"
CSI_DATA,263312,d8:b1:90:d9:de:f0,-66,11,-99,-36,68,56,-458301423,100,0,114,0,"[-20,27,-24,27,-28,28,-30,27,-29,25,-29,24,-28,21,-26,20,-24,18,-24,16,-23,15,-21,15,-20,15,-21,15,-21,14,-21,14,-20,16,-20,15,-21,15,-20,16,-19,16,-19,15,-18,14,-18,14,-19,14,-18,13,-16,13,-18,13,0,0,-17,12,-17,12,-19,12,-19,11,-20,12,-22,11,-22,10,-22,9,-23,8,-23,7,-21,5,-21,3,-22,2,-19,1,-19,0,-18,0,-17,0,-18,0,-18,-1,-18,-2,-19,-2,-18,-3,-17,-4,-18,-5,-19,-7,-18,-6,-15,-6,-13,-5]"
CSI_DATA,263313,d8:b1:90:d9:de:f0,-66,11,-99,-36,68,56,-458281658,100,0,114,0,"[-1,-32,0,-36,1,-38,3,-38,4,-39,4,-37,6,-35,6,-33,4,-31,5,-30,4,-27,4,-27,3,-25,2,-26,0,-25,2,-24,1,-24,0,-26,1,-25,0,-24,0,-26,0,-25,0,-24,-2,-22,0,-23,-1,-23,-1,-22,-2,-21,0,0,0,-21,-1,-21,0,-21,0,-23,0,-24,0,-23,0,-24,2,-25,2,-24,4,-24,4,-23,5,-21,5,-20,6,-19,6,-17,7,-16,7,-16,7,-15,8,-16,8,-15,8,-15,8,-16,8,-16,10,-16,9,-13,10,-13,10,-13,8,-10]"
CSI_DATA,263314,d8:b1:90:d9:de:f0,-66,11,-99,-36,68,56,-458271440,100,0,114,0,"[0,33,0,36,-1,39,-3,39,-3,40,-2,37,-3,37,-1,32,0,31,0,30,0,27,1,26,2,27,4,26,5,26,6,25,7,25,8,26,8,24,9,23,10,24,10,23,11,21,11,20,12,19,12,16,11,16,14,16,0,0,15,16,14,16,14,16,16,17,16,17,16,19,16,18,16,20,15,18,16,18,14,17,13,17,12,16,11,16,10,15,9,16,9,15,8,14,10,15,8,14,9,15,9,15,11,16,10,16,8,13,8,13,8,14,7,12]"
CSI_DATA,263315,d8:b1:90:d9:de:f0,-66,11,-99,-33,67,56,-458261179,100,0,114,0,"[-26,22,-32,22,-34,23,-34,22,-37,21,-34,20,-33,17,-32,16,-30,16,-28,15,-26,13,-25,12,-25,14,-24,13,-23,13,-23,13,-23,14,-24,14,-24,16,-22,16,-22,15,-20,17,-19,16,-18,15,-18,14,-17,14,-16,13,-16,13,0,0,-17,15,-18,13,-18,14,-19,15,-20,14,-20,14,-21,13,-22,11,-22,11,-22,11,-22,9,-20,6,-20,6,-20,5,-19,3,-19,3,-17,2,-18,2,-18,2,-18,1,-18,0,-17,0,-17,0,-18,0,-19,-1,-18,0,-14,-1,-13,-1]"
CSI_DATA,263316,d8:b1:90:d9:de:f0,-66,11,-99,-35,68,56,-458240243,100,0,114,0,"[-3,-32,-2,-36,0,-40,2,-39,3,-38,4,-38,4,-34,6,-32,6,-31,6,-29,5,-27,5,-26,4,-25,5,-26,5,-25,4,-25,4,-25,4,-26,3,-26,3,-25,3,-25,3,-24,3,-24,1,-23,2,-22,1,-21,3,-21,2,-22,0,0,3,-20,3,-21,4,-21,6,-22,6,-22,7,-22,8,-22,11,-22,12,-20,12,-19,12,-19,12,-17,11,-15,13,-14,12,-12,12,-11,12,-10,12,-10,13,-9,13,-7,14,-8,15,-9,14,-8,15,-7,16,-5,15,-3,13,-5,12,-3]"
CSI_DATA,263317,d8:b1:90:d9:de:f0,-66,11,-99,-37,68,56,-458221658,100,0,114,0,"[6,33,6,36,5,38,5,38,6,41,4,39,3,37,3,34,5,33,5,32,4,28,6,28,7,25,7,25,8,25,9,24,10,25,11,25,13,24,12,23,14,23,14,22,14,21,14,19,16,18,15,17,16,16,15,15,0,0,15,14,16,14,16,15,17,15,18,16,17,17,17,17,16,19,16,17,15,17,14,17,13,18,12,16,11,16,11,16,10,14,9,13,8,12,9,13,8,12,9,14,10,14,10,15,9,16,9,13,7,13,7,13,5,11]"
CSI_DATA,263318,d8:b1:90:d9:de:f0,-66,11,-99,-36,68,56,-458211623,100,0,114,0,"[-1,32,-4,34,-6,36,-8,38,-8,37,-9,35,-9,32,-10,32,-8,31,-8,29,-8,27,-7,25,-8,27,-7,24,-6,24,-5,24,-5,26,-6,24,-5,26,-4,24,-4,27,-3,24,-2,24,-1,24,-2,23,-2,23,-2,22,-3,21,0,0,-2,19,-2,21,-4,22,-5,22,-5,24,-6,24,-6,24,-8,23,-9,22,-9,20,-11,21,-10,19,-11,17,-11,16,-10,14,-12,13,-11,12,-13,12,-12,11,-13,11,-13,12,-13,12,-12,10,-15,10,-15,8,-14,7,-12,7,-12,5]"
CSI_DATA,263319,d8:b1:90:d9:de:f0,-67,11,-99,-35,68,56,-458191504,100,0,114,0,"[17,-25,20,-28,23,-28,25,-29,25,-26,25,-25,24,-24,23,-22,21,-21,21,-19,19,-19,19,-18,17,-19,18,-18,17,-19,16,-19,16,-20,16,-18,16,-19,14,-19,15,-20,14,-19,13,-19,13,-18,12,-17,11,-17,11,-16,12,-17,0,0,12,-18,12,-16,13,-18,12,-17,14,-18,16,-17,16,-16,18,-17,19,-14,19,-14,18,-13,18,-12,18,-12,18,-12,17,-8,17,-8,16,-7,16,-7,17,-7,18,-6,19,-6,19,-6,17,-6,17,-5,19,-4,17,-3,14,-2,12,-2]"
CSI_DATA,263320,d8:b1:90:d9:de:f0,-66,11,-99,-36,68,56,-458171654,100,0,114,0,"[-23,20,-26,22,-29,24,-31,22,-29,19,-30,18,-28,16,-26,18,-25,16,-24,15,-24,15,-20,15,-21,16,-20,16,-19,16,-18,16,-20,18,-20,16,-20,17,-17,16,-17,17,-17,17,-15,17,-15,16,-14,16,-13,16,-12,16,-13,16,0,0,-14,16,-13,16,-15,16,-14,16,-16,16,-16,17,-16,17,-18,17,-19,16,-18,16,-17,16,-17,16,-16,14,-17,13,-16,11,-16,11,-16,10,-16,11,-16,10,-16,9,-16,10,-16,9,-16,10,-16,9,-18,8,-18,8,-15,7,-12,5]"
CSI_DATA,263321,d8:b1:90:d9:de:f0,-66,11,-99,-36,68,56,-458161460,100,0,114,0,"[30,-7,33,-7,35,-7,37,-7,36,-8,34,-8,33,-7,32,-8,29,-8,27,-7,26,-8,24,-10,24,-10,23,-11,22,-12,22,-13,23,-15,22,-15,21,-16,19,-16,18,-17,16,-16,16,-16,14,-17,13,-17,11,-16,11,-18,10,-17,0,0,11,-19,9,-19,9,-20,9,-20,9,-21,10,-21,10,-22,11,-23,11,-24,11,-24,10,-24,8,-22,8,-21,8,-21,8,-19,8,-18,7,-19,7,-19,7,-19,7,-18,7,-20,6,-20,5,-19,5,-21,7,-19,6,-18,3,-16,3,-14]"
CSI_DATA,263322,d8:b1:90:d9:de:f0,-66,11,-99,-36,68,56,-458136513,100,0,114,0,"[-27,9,-31,8,-34,8,-34,9,-35,6,-33,6,-32,4,-30,4,-28,4,-27,4,-25,4,-24,3,-24,3,-24,4,-24,3,-24,4,-25,6,-25,4,-26,6,-24,6,-24,5,-23,7,-23,6,-21,6,-23,6,-21,7,-22,7,-20,8,0,0,-22,6,-21,7,-22,7,-24,7,-24,6,-24,7,-25,7,-26,5,-27,5,-26,6,-26,5,-24,3,-24,2,-23,3,-22,2,-21,1,-20,2,-21,2,-22,1,-21,1,-22,1,-21,1,-21,0,-21,0,-22,0,-20,0,-17,0,-16,0]"
CSI_DATA,263323,d8:b1:90:d9:de:f0,-66,11,-99,-36,68,56,-458121652,100,0,114,0,"[-4,-27,-3,-29,-2,-32,0,-32,0,-34,0,-32,1,-32,1,-30,1,-28,1,-27,0,-25,0,-24,2,-24,0,-24,0,-24,1,-24,0,-24,0,-24,0,-24,1,-24,0,-24,0,-24,0,-24,-1,-23,0,-23,0,-22,0,-22,-1,-23,0,0,0,-21,0,-23,0,-23,0,-25,0,-24,0,-26,0,-26,1,-27,2,-26,2,-26,2,-25,3,-25,5,-24,4,-23,4,-22,4,-20,4,-19,5,-18,4,-19,5,-20,5,-20,5,-21,5,-22,7,-21,7,-18,7,-17,7,-16,6,-15]"
CSI_DATA,263324,d8:b1:90:d9:de:f0,-66,11,-99,-36,68,56,-458111644,100,0,114,0,"[3,-27,5,-30,6,-31,7,-30,6,-34,6,-32,8,-32,6,-28,3,-27,4,-26,2,-24,3,-25,1,-25,0,-24,0,-24,0,-24,0,-23,-2,-25,-4,-24,-4,-24,-4,-24,-6,-24,-6,-23,-7,-22,-7,-22,-8,-20,-8,-20,-8,-19,0,0,-9,-18,-11,-19,-10,-19,-13,-22,-13,-22,-14,-24,-16,-22,-15,-24,-15,-22,-16,-23,-15,-22,-14,-22,-14,-20,-13,-18,-15,-18,-12,-16,-13,-16,-12,-14,-14,-16,-14,-15,-14,-15,-15,-16,-16,-16,-15,-16,-14,-13,-13,-12,-13,-13,-11,-10]"
CSI_DATA,263325,d8:b1:90:d9:de:f0,-66,11,-99,-34,67,56,-458101634,100,0,114,0,"[9,-29,12,-31,15,-33,16,-32,16,-33,16,-31,16,-29,16,-28,14,-26,14,-25,14,-22,13,-23,13,-23,11,-22,12,-23,11,-22,10,-23,10,-22,10,-24,11,-24,9,-24,9,-23,7,-23,7,-22,8,-23,7,-22,8,-22,6,-22,0,0,6,-22,8,-21,7,-23,7,-25,6,-25,8,-27,7,-26,9,-27,10,-26,10,-27,9,-26,10,-25,9,-24,9,-24,9,-23,8,-20,8,-21,9,-20,9,-21,9,-19,9,-18,8,-21,7,-21,10,-21,10,-18,10,-16,9,-17,8,-15]"
CSI_DATA,263326,d8:b1:90:d9:de:f0,-67,11,-99,-35,68,56,-458091471,100,0,114,0,"[23,-14,25,-14,28,-16,29,-15,28,-15,28,-15,26,-14,25,-14,22,-14,22,-13,20,-14,19,-14,19,-14,17,-16,16,-16,15,-18,16,-18,15,-19,15,-19,13,-19,13,-20,12,-20,10,-20,9,-20,11,-20,9,-20,7,-21,7,-20,0,0,6,-22,5,-21,5,-23,4,-23,3,-25,4,-25,2,-26,4,-26,2,-27,2,-26,1,-25,1,-25,0,-24,0,-23,0,-21,0,-21,0,-20,0,-20,-1,-19,0,-19,-2,-20,-2,-20,-5,-20,-3,-21,-1,-20,-2,-19,-2,-17,-3,-15]"
CSI_DATA,263327,d8:b1:90:d9:de:f0,-66,11,-99,-36,68,56,-458081426,100,0,114,0,"[-25,14,-27,14,-31,14,-32,14,-32,14,-29,12,-29,10,-28,10,-26,11,-25,9,-24,10,-23,9,-23,9,-23,9,-21,9,-21,11,-22,10,-23,12,-22,13,-22,12,-22,13,-20,15,-20,13,-18,15,-19,14,-18,12,-16,12,-18,14,0,0,-17,14,-17,16,-17,16,-19,16,-19,16,-21,17,-21,18,-20,17,-20,17,-22,16,-20,16,-20,16,-19,16,-18,14,-18,14,-17,14,-16,12,-17,13,-17,13,-17,13,-17,13,-17,13,-16,13,-18,11,-18,10,-16,10,-14,9,-13,8]"
CSI_DATA,263328,d8:b1:90:d9:de:f0,-66,11,-99,-36,68,56,-458061650,100,0,114,0,"[-8,-29,-7,-32,-6,-34,-5,-35,-6,-34,-5,-32,-5,-32,-5,-29,-6,-28,-6,-27,-7,-25,-6,-25,-7,-24,-8,-24,-8,-24,-8,-24,-8,-24,-10,-24,-10,-23,-11,-22,-12,-21,-13,-20,-12,-19,-14,-19,-14,-18,-14,-16,-15,-16,-14,-16,0,0,-17,-16,-16,-16,-16,-16,-18,-16,-18,-16,-20,-17,-20,-16,-20,-17,-20,-17,-20,-16,-19,-16,-18,-15,-17,-16,-17,-14,-16,-13,-15,-12,-15,-11,-15,-10,-16,-10,-15,-10,-16,-10,-16,-11,-16,-11,-16,-11,-15,-9,-13,-8,-12,-9,-10,-8]"
CSI_DATA,263329,d8:b1:90:d9:de:f0,-66,11,-99,-35,68,56,-458051635,100,0,114,0,"[19,-24,22,-25,24,-25,26,-25,25,-24,25,-24,24,-21,25,-19,23,-19,20,-17,20,-16,19,-16,19,-16,19,-16,18,-16,19,-16,18,-17,19,-16,18,-17,18,-17,19,-17,16,-17,16,-17,14,-17,15,-15,14,-17,13,-16,15,-17,0,0,12,-16,14,-17,15,-18,14,-19,16,-19,17,-19,18,-19,18,-19,19,-18,19,-18,19,-18,18,-16,18,-15,16,-14,17,-13,17,-12,15,-12,16,-11,15,-11,15,-10,16,-10,16,-10,14,-10,16,-10,16,-8,13,-7,12,-7,12,-7]"
CSI_DATA,263330,d8:b1:90:d9:de:f0,-67,11,-99,-35,68,56,-458031529,100,0,114,0,"[19,-24,23,-25,25,-26,25,-26,25,-25,26,-25,25,-22,24,-22,21,-20,20,-19,19,-19,18,-18,19,-19,18,-19,17,-19,18,-19,16,-19,15,-19,16,-20,14,-19,13,-20,13,-19,12,-19,12,-20,12,-18,12,-19,11,-18,11,-19,0,0,9,-18,9,-19,10,-19,10,-19,11,-21,11,-21,12,-21,12,-22,12,-20,12,-20,13,-19,12,-19,12,-17,12,-16,11,-14,12,-13,11,-12,11,-12,10,-12,11,-12,12,-12,10,-12,9,-11,11,-11,11,-9,11,-9,8,-8,9,-7]"
CSI_DATA,263331,d8:b1:90:d9:de:f0,-67,11,-99,-34,68,56,-458021430,100,0,114,0,"[31,-6,34,-6,37,-6,37,-7,37,-6,36,-6,33,-7,31,-8,30,-9,26,-8,26,-10,24,-10,23,-10,22,-10,21,-12,21,-13,20,-15,20,-15,19,-15,17,-15,16,-18,15,-18,14,-17,12,-18,10,-17,10,-18,9,-17,10,-17,0,0,7,-19,6,-19,7,-20,6,-21,5,-22,6,-24,5,-23,5,-24,5,-22,5,-22,5,-21,4,-22,5,-19,4,-18,5,-17,4,-15,3,-16,3,-15,2,-15,2,-15,3,-15,0,-15,0,-14,1,-15,2,-14,1,-13,0,-11,0,-10]"
CSI_DATA,263332,d8:b1:90:d9:de:f0,-67,11,-99,-34,68,56,-458011430,100,0,114,0,"[-31,-6,-36,-8,-37,-11,-38,-12,-36,-12,-36,-12,-33,-12,-32,-11,-30,-10,-28,-10,-27,-8,-26,-7,-26,-7,-25,-6,-26,-5,-26,-5,-25,-5,-25,-3,-26,-3,-23,-1,-25,-1,-25,0,-23,0,-21,0,-20,1,-20,1,-20,2,-21,4,0,0,-21,3,-18,4,-21,3,-20,4,-22,2,-22,2,-23,3,-21,1,-21,2,-21,1,-21,0,-20,0,-19,0,-18,0,-17,0,-15,0,-14,0,-15,0,-14,0,-14,0,-14,0,-13,-1,-12,-1,-14,0,-13,0,-12,0,-10,-1,-9,0]"
CSI_DATA,263333,d8:b1:90:d9:de:f0,-67,11,-99,-35,68,56,-457991600,100,0,114,0,"[26,21,28,24,29,27,30,28,30,28,28,27,27,26,25,24,23,21,24,20,24,19,23,17,23,16,24,15,24,14,25,13,25,12,25,12,25,10,25,8,23,7,23,6,23,5,23,3,22,2,20,2,20,0,21,0,0,0,20,0,21,0,21,0,21,0,21,0,21,0,22,-1,21,-1,22,0,21,-1,20,0,19,1,19,0,17,0,16,0,14,0,13,0,12,0,13,0,12,0,12,0,12,0,12,0,12,0,12,0,11,0,8,0,6,0]"
CSI_DATA,263334,d8:b1:90:d9:de:f0,-67,11,-99,-35,68,56,-457981355,100,0,114,0,"[-31,-14,-33,-18,-33,-19,-33,-21,-33,-23,-32,-22,-31,-22,-28,-22,-26,-19,-25,-19,-24,-19,-23,-18,-21,-17,-21,-16,-21,-15,-21,-15,-22,-14,-20,-13,-21,-14,-21,-12,-21,-12,-22,-11,-20,-10,-19,-9,-20,-9,-19,-10,-19,-8,-19,-8,0,0,-18,-6,-19,-8,-18,-8,-19,-10,-19,-10,-19,-11,-19,-12,-18,-12,-18,-11,-17,-12,-15,-12,-13,-13,-12,-12,-11,-11,-10,-11,-9,-11,-7,-11,-7,-9,-7,-9,-6,-10,-6,-9,-6,-10,-5,-10,-6,-10,-6,-8,-5,-7,-3,-6,-3,-6]"
CSI_DATA,263335,d8:b1:90:d9:de:f0,-67,11,-99,-35,68,56,-457961561,100,0,114,0,"[-33,-8,-36,-11,-38,-13,-38,-14,-38,-17,-37,-16,-35,-15,-32,-15,-31,-13,-29,-12,-27,-12,-27,-12,-27,-11,-27,-9,-25,-8,-26,-8,-26,-6,-26,-7,-27,-5,-26,-5,-25,-4,-25,-2,-23,-1,-23,0,-23,0,-21,0,-21,0,-22,0,0,0,-21,0,-19,0,-20,0,-22,0,-21,0,-21,0,-21,0,-21,-1,-21,-1,-20,-1,-19,-2,-17,-4,-14,-4,-14,-4,-14,-4,-12,-4,-12,-3,-11,-3,-11,-3,-10,-2,-11,-2,-8,-3,-9,-4,-9,-2,-10,-2,-8,-3,-6,-2,-6,-2]"
CSI_DATA,263336,d8:b1:90:d9:de:f0,-66,11,-99,-36,68,56,-457941630,100,0,114,0,"[-28,-20,-30,-23,-32,-24,-32,-26,-32,-26,-30,-26,-28,-25,-27,-24,-27,-22,-26,-21,-24,-19,-24,-18,-24,-16,-24,-16,-24,-15,-25,-14,-24,-13,-25,-12,-25,-10,-24,-9,-25,-8,-25,-7,-24,-6,-24,-4,-24,-3,-23,-2,-24,-1,-23,0,0,0,-22,-1,-21,0,-21,0,-21,0,-22,0,-21,-1,-21,-1,-22,-2,-22,-1,-19,-2,-19,-2,-16,-3,-16,-4,-16,-3,-13,-3,-12,-3,-11,-3,-11,-2,-10,-2,-10,-2,-11,-2,-9,-2,-8,-3,-8,-2,-8,0,-8,0,-7,-1,-5,0]"
CSI_DATA,263337,d8:b1:90:d9:de:f0,-66,11,-99,-36,68,56,-457931647,100,0,114,0,"[-7,32,-9,36,-13,39,-15,38,-16,36,-17,35,-16,33,-16,32,-15,32,-16,29,-15,27,-14,26,-12,25,-12,24,-11,25,-11,25,-10,25,-11,24,-10,25,-9,24,-9,24,-8,25,-8,24,-7,23,-7,22,-5,22,-6,21,-7,22,0,0,-5,19,-7,20,-7,21,-7,19,-7,20,-8,21,-8,20,-9,20,-11,18,-10,18,-10,16,-11,15,-10,14,-10,12,-9,9,-9,8,-8,8,-8,7,-8,8,-8,8,-8,7,-8,7,-7,7,-8,6,-8,4,-6,4,-5,5,-5,4]"
CSI_DATA,263338,d8:b1:90:d9:de:f0,-67,11,-99,-37,69,56,-457921454,100,0,114,0,"[-9,-31,-9,-34,-8,-35,-8,-37,-9,-37,-8,-36,-8,-34,-8,-34,-8,-30,-8,-28,-8,-26,-8,-25,-10,-25,-12,-25,-10,-23,-13,-23,-13,-22,-13,-22,-15,-22,-15,-19,-16,-20,-17,-19,-17,-17,-16,-16,-17,-13,-16,-13,-17,-11,-16,-10,0,0,-18,-11,-17,-11,-17,-11,-17,-11,-18,-12,-17,-12,-17,-11,-17,-12,-17,-11,-15,-10,-15,-9,-13,-10,-12,-9,-11,-8,-9,-8,-8,-8,-8,-7,-8,-5,-8,-6,-7,-5,-6,-4,-7,-5,-8,-5,-8,-6,-7,-4,-5,-3,-5,-4,-5,-3]"
CSI_DATA,263339,d8:b1:90:d9:de:f0,-66,11,-99,-36,68,56,-457910099,100,0,114,0,"[-33,-1,-36,-2,-40,-3,-41,-4,-40,-5,-40,-4,-37,-4,-37,-3,-32,-2,-32,-1,-30,0,-29,1,-29,2,-28,3,-28,4,-27,6,-28,7,-27,7,-27,9,-24,9,-24,11,-24,11,-22,12,-20,14,-18,13,-16,14,-17,15,-17,14,0,0,-16,16,-15,16,-16,16,-16,16,-15,16,-15,16,-15,16,-15,16,-15,15,-14,14,-14,13,-12,12,-11,12,-10,10,-11,8,-10,9,-8,7,-8,9,-8,8,-8,7,-8,8,-7,6,-5,6,-6,7,-7,8,-6,7,-3,6,-2,6]"
CSI_DATA,263340,d8:b1:90:d9:de:f0,-67,11,-99,-34,68,56,-457894416,100,0,114,0,"[-15,-29,-14,-32,-14,-36,-14,-37,-14,-37,-13,-36,-11,-34,-10,-33,-11,-31,-10,-29,-10,-27,-10,-27,-10,-26,-10,-26,-11,-24,-12,-25,-13,-24,-14,-25,-15,-24,-14,-21,-15,-22,-16,-21,-15,-20,-15,-20,-15,-17,-15,-17,-15,-16,-14,-15,0,0,-16,-13,-15,-15,-15,-15,-15,-15,-15,-16,-15,-17,-15,-16,-14,-17,-12,-15,-11,-15,-10,-14,-9,-14,-8,-14,-9,-11,-7,-11,-6,-10,-5,-10,-5,-10,-5,-10,-4,-9,-4,-8,-4,-9,-5,-9,-5,-9,-4,-7,-3,-6,-3,-7,-4,-8]"
CSI_DATA,263341,d8:b1:90:d9:de:f0,-66,11,-99,-36,68,56,-457883919,100,0,114,0,"[-32,-10,-33,-14,-36,-16,-35,-19,-33,-22,-32,-22,-30,-23,-27,-23,-25,-21,-24,-21,-21,-21,-20,-20,-20,-20,-21,-19,-19,-20,-20,-20,-19,-20,-20,-21,-20,-20,-20,-20,-20,-20,-19,-19,-18,-19,-18,-18,-17,-17,-16,-16,-16,-16,-16,-16,0,0,-15,-17,-14,-16,-12,-17,-15,-20,-13,-20,-11,-22,-11,-21,-8,-22,-8,-20,-8,-19,-4,-18,-4,-18,-2,-16,-2,-16,0,-14,0,-13,0,-12,0,-10,0,-10,1,-9,0,-10,2,-10,2,-10,2,-10,1,-8,1,-8,2,-8,3,-8]"
CSI_DATA,263342,d8:b1:90:d9:de:f0,-66,11,-99,-37,68,56,-457862474,100,0,114,0,"[33,9,35,11,37,13,38,15,37,15,36,14,35,15,33,13,30,12,30,12,29,11,29,10,27,9,27,9,27,7,27,8,29,6,29,6,30,4,29,2,29,2,28,0,27,0,26,-1,25,-1,23,-1,24,-1,23,-2,0,0,23,-4,22,-2,23,-3,23,-4,23,-4,23,-2,22,-3,23,-2,22,-1,22,-1,22,0,19,-1,17,0,16,-1,15,0,15,0,12,0,12,-1,12,-2,12,-1,12,-1,11,0,11,0,12,0,13,0,11,0,11,0,10,0]"
CSI_DATA,263343,d8:b1:90:d9:de:f0,-67,11,-99,-35,68,56,-457852324,100,0,114,0,"[-12,28,-15,31,-18,32,-20,31,-20,31,-21,29,-22,26,-19,25,-19,25,-20,23,-19,20,-19,21,-19,20,-18,19,-16,20,-18,21,-17,21,-17,21,-17,21,-17,22,-16,21,-15,20,-14,21,-13,19,-13,19,-13,19,-13,17,-12,18,0,0,-13,18,-14,16,-13,17,-14,17,-14,16,-17,18,-16,17,-18,17,-17,14,-17,14,-17,12,-15,11,-15,10,-13,10,-13,8,-12,6,-12,6,-12,4,-11,6,-12,5,-12,5,-12,5,-10,5,-11,4,-12,3,-11,4,-10,4,-10,5]"
CSI_DATA,263344,d8:b1:90:d9:de:f0,-66,11,-99,-37,68,56,-457842276,100,0,114,0,"[22,22,23,27,23,30,25,32,24,31,24,31,21,29,22,28,21,24,21,25,19,22,19,22,20,21,20,20,21,20,21,20,23,19,23,17,25,17,22,14,23,15,24,12,24,11,24,11,23,10,22,10,22,9,23,6,0,0,24,6,22,7,23,5,23,6,25,6,23,6,24,6,24,6,24,6,22,5,22,5,19,6,19,6,18,5,17,4,15,3,12,3,13,2,14,1,14,2,15,0,13,1,12,1,14,1,14,0,14,0,11,1,12,0]"
CSI_DATA,263345,d8:b1:90:d9:de:f0,-66,11,-99,-36,68,56,-457822567,100,0,114,0,"[22,-21,26,-21,28,-20,31,-19,32,-16,32,-14,31,-12,31,-11,29,-9,26,-9,27,-8,25,-7,25,-8,25,-8,25,-8,24,-7,24,-7,26,-6,26,-6,24,-7,26,-5,25,-5,24,-5,24,-5,24,-6,24,-5,23,-7,23,-5,0,0,24,-3,22,-3,23,-1,24,-1,24,0,24,0,24,0,24,1,24,2,24,2,22,3,20,4,19,5,17,4,16,6,15,6,14,6,15,6,14,6,15,6,15,7,13,8,13,7,14,8,14,7,14,8,10,7,11,7]"
CSI_DATA,263346,d8:b1:90:d9:de:f0,-66,11,-99,-34,67,56,-457806998,100,0,114,0,"[30,9,32,11,33,12,34,14,35,15,34,15,32,16,31,15,29,12,28,12,27,10,26,10,26,9,26,8,25,7,26,7,28,6,29,6,30,4,28,4,29,3,29,2,28,1,27,0,27,0,26,0,26,0,25,-1,0,0,27,-1,25,-1,26,0,28,-2,29,-1,28,0,28,-1,28,-1,28,-2,27,-2,27,0,24,0,22,0,21,0,20,0,18,0,17,-1,17,-2,17,-1,18,-1,18,-2,18,-2,17,-2,18,-2,17,-3,16,-2,14,-3,15,-3]"
CSI_DATA,263347,d8:b1:90:d9:de:f0,-66,11,-99,-38,68,56,-457794650,100,0,114,0,"[-27,15,-30,14,-33,14,-33,12,-34,11,-33,10,-32,8,-32,8,-30,8,-28,7,-26,7,-27,7,-26,7,-25,8,-27,8,-26,9,-26,9,-26,8,-27,9,-28,10,-25,11,-25,11,-23,11,-24,11,-23,12,-22,11,-22,11,-21,11,0,0,-24,11,-21,12,-23,11,-23,11,-22,12,-25,11,-25,10,-26,11,-25,10,-25,10,-24,8,-21,8,-21,7,-19,6,-19,5,-18,5,-16,4,-16,5,-17,5,-18,5,-19,5,-17,7,-17,6,-18,6,-17,6,-16,5,-15,5,-12,4]"
CSI_DATA,263348,d8:b1:90:d9:de:f0,-66,11,-99,-34,67,56,-457758726,100,0,114,0,"[-29,0,-31,-1,-33,-4,-33,-7,-33,-8,-32,-9,-31,-10,-28,-11,-27,-11,-25,-11,-23,-11,-24,-12,-22,-12,-22,-12,-22,-12,-23,-12,-24,-12,-24,-13,-24,-13,-25,-12,-24,-13,-24,-14,-23,-14,-22,-13,-22,-12,-21,-12,-22,-14,-21,-13,0,0,-21,-15,-20,-16,-22,-16,-22,-16,-22,-17,-22,-20,-21,-20,-21,-22,-20,-22,-19,-22,-18,-21,-16,-21,-16,-19,-14,-19,-13,-18,-11,-19,-12,-17,-10,-16,-12,-18,-11,-19,-11,-20,-10,-20,-10,-20,-11,-21,-10,-20,-9,-19,-7,-17,-6,-16]"
CSI_DATA,263349,d8:b1:90:d9:de:f0,-66,11,-99,-36,68,56,-457747705,100,0,114,0,"[7,24,6,27,4,30,2,31,2,32,0,31,0,30,0,28,0,27,0,24,0,24,0,24,0,24,0,23,0,24,0,24,0,24,0,25,0,25,0,25,0,26,0,26,0,26,0,25,0,24,0,24,0,24,0,24,0,0,0,23,0,24,0,25,-1,26,0,27,-1,29,-1,29,-3,28,-4,28,-4,28,-4,27,-4,25,-4,24,-4,23,-5,22,-5,21,-5,20,-4,19,-4,19,-5,21,-5,21,-5,23,-5,22,-5,22,-6,20,-7,19,-7,18,-7,16]"
CSI_DATA,263350,d8:b1:90:d9:de:f0,-66,11,-99,-34,67,56,-457734913,100,0,114,0,"[15,-23,16,-25,17,-27,19,-26,19,-27,19,-26,17,-24,16,-24,16,-22,15,-21,14,-21,12,-21,13,-23,12,-22,10,-23,9,-23,8,-24,9,-25,7,-26,6,-26,5,-27,5,-27,3,-26,2,-26,0,-26,0,-26,0,-25,0,-24,0,0,-2,-24,0,-25,-2,-26,-3,-27,-4,-29,-4,-30,-4,-31,-5,-31,-4,-29,-5,-29,-5,-29,-6,-28,-7,-26,-7,-26,-6,-22,-6,-22,-7,-21,-7,-21,-9,-20,-8,-21,-9,-21,-11,-21,-12,-21,-12,-23,-11,-20,-10,-19,-11,-18,-9,-16]"
CSI_DATA,263351,d8:b1:90:d9:de:f0,-66,11,-99,-36,68,56,-457713655,100,0,114,0,"[-21,-17,-22,-20,-23,-23,-23,-23,-22,-24,-21,-24,-19,-23,-18,-21,-17,-21,-16,-19,-16,-18,-16,-18,-16,-17,-16,-17,-16,-18,-16,-17,-17,-17,-17,-17,-19,-17,-19,-16,-19,-16,-19,-16,-20,-15,-19,-15,-19,-13,-18,-14,-19,-12,-19,-12,0,0,-20,-11,-19,-12,-21,-12,-21,-12,-24,-14,-24,-16,-24,-15,-24,-16,-24,-16,-24,-15,-23,-14,-22,-15,-22,-16,-20,-14,-18,-13,-19,-12,-17,-11,-17,-10,-19,-9,-17,-10,-19,-11,-18,-11,-20,-11,-20,-12,-20,-10,-18,-9,-16,-11,-15,-9]"
CSI_DATA,263352,d8:b1:90:d9:de:f0,-67,11,-99,-36,69,56,-457696151,100,0,114,0,"[23,8,26,11,27,12,27,13,27,14,26,14,24,13,23,12,23,11,20,11,20,11,19,9,19,9,19,9,19,7,19,8,21,8,21,8,21,8,21,7,22,7,23,6,22,6,22,4,21,5,20,4,21,4,20,3,0,0,20,3,19,3,20,2,23,3,23,3,23,4,24,4,24,5,23,3,24,3,25,3,23,5,21,3,21,3,19,3,19,3,18,3,18,2,18,2,19,3,19,2,19,3,19,3,21,2,21,2,20,2,16,3,15,3]"
CSI_DATA,263353,d8:b1:90:d9:de:f0,-67,11,-99,-36,69,56,-457684334,100,0,114,0,"[-24,-3,-27,-5,-27,-5,-27,-7,-29,-9,-27,-7,-27,-8,-25,-7,-23,-8,-23,-6,-20,-6,-20,-5,-19,-5,-19,-5,-19,-5,-19,-5,-22,-3,-23,-4,-23,-3,-23,-2,-22,-4,-22,-2,-21,-1,-21,-1,-23,0,-21,-1,-20,0,-20,0,0,0,-20,-1,-21,0,-23,0,-23,0,-23,0,-24,0,-25,0,-25,0,-25,0,-25,0,-25,0,-23,-2,-22,0,-21,0,-20,0,-19,-1,-19,0,-19,0,-19,0,-19,0,-21,0,-20,0,-21,0,-21,0,-22,0,-20,0,-19,0,-15,0]"
CSI_DATA,263354,d8:b1:90:d9:de:f0,-66,11,-99,-36,68,56,-457672357,100,0,114,0,"[8,24,6,29,2,32,0,32,-1,32,-4,32,-5,29,-7,28,-7,25,-8,24,-8,22,-9,20,-10,21,-10,19,-10,18,-12,18,-13,19,-15,18,-16,18,-16,16,-17,17,-17,16,-16,16,-16,15,-17,12,-19,11,-19,11,-19,11,0,0,-19,6,-20,8,-22,8,-23,5,-24,5,-25,4,-26,2,-26,0,-25,-1,-25,-2,-24,-3,-24,-4,-22,-6,-21,-6,-19,-8,-18,-8,-16,-9,-17,-11,-16,-10,-17,-12,-16,-13,-17,-14,-16,-14,-16,-16,-13,-17,-11,-16,-10,-16,-8,-16]"
CSI_DATA,263355,d8:b1:90:d9:de:f0,-67,11,-99,-34,68,56,-457655469,100,0,114,0,"[21,-19,22,-20,24,-20,25,-19,26,-21,25,-18,24,-17,22,-17,20,-16,20,-15,18,-15,18,-15,19,-14,17,-15,15,-14,15,-14,16,-16,16,-16,16,-17,15,-17,15,-17,14,-18,15,-18,12,-17,14,-17,11,-17,11,-17,11,-17,0,0,11,-18,10,-19,10,-20,12,-21,10,-21,11,-22,11,-22,12,-22,12,-21,12,-22,11,-21,10,-21,10,-20,10,-19,10,-19,9,-17,8,-16,8,-17,7,-17,7,-18,9,-19,7,-19,6,-19,8,-20,8,-19,7,-17,5,-17,5,-16]"
CSI_DATA,263356,d8:b1:90:d9:de:f0,-67,11,-99,-36,68,56,-457645098,100,0,114,0,"[27,8,29,12,30,14,29,16,29,18,27,16,24,18,23,16,22,17,20,16,19,16,19,16,17,16,17,16,18,14,17,16,17,16,17,17,17,16,17,16,16,16,16,16,16,16,16,16,16,16,15,16,15,16,15,16,0,0,13,15,15,16,16,17,16,18,15,19,15,20,16,21,15,22,14,22,13,22,11,22,11,23,10,21,9,21,8,20,8,19,7,18,7,16,7,18,7,18,8,20,7,21,7,22,7,21,7,19,6,19,3,18,3,16]"
CSI_DATA,263357,d8:b1:90:d9:de:f0,-66,11,-99,-36,68,56,-457628439,100,0,114,0,"[-8,28,-10,31,-13,32,-14,32,-16,32,-16,31,-15,28,-15,26,-14,24,-13,23,-12,22,-12,21,-12,20,-11,21,-10,20,-11,20,-10,21,-10,21,-10,21,-9,22,-10,22,-10,23,-9,22,-8,22,-9,20,-9,20,-9,21,-8,20,0,0,-8,19,-8,21,-8,22,-8,21,-9,21,-9,23,-9,24,-10,24,-11,24,-11,24,-11,23,-11,22,-11,21,-10,19,-11,19,-11,18,-9,18,-10,18,-9,18,-10,19,-10,19,-10,21,-9,21,-11,21,-12,19,-11,18,-10,17,-10,15]"
CSI_DATA,263358,d8:b1:90:d9:de:f0,-67,11,-99,-37,69,56,-457611629,100,0,114,0,"[-26,-6,-30,-8,-31,-7,-31,-9,-32,-10,-30,-9,-28,-11,-26,-9,-25,-7,-23,-8,-22,-6,-22,-6,-22,-6,-21,-5,-22,-5,-22,-4,-22,-4,-22,-4,-22,-4,-22,-3,-22,-3,-22,-2,-21,-1,-21,0,-22,0,-20,-1,-20,0,-20,0,0,0,-22,0,-21,0,-20,0,-22,0,-23,1,-23,1,-24,1,-24,0,-25,2,-26,2,-25,2,-22,0,-23,1,-22,0,-22,2,-20,1,-21,1,-20,3,-20,3,-21,3,-22,3,-21,3,-22,3,-22,3,-22,4,-21,3,-19,3,-17,2]"
CSI_DATA,263359,d8:b1:90:d9:de:f0,-67,11,-99,-35,68,56,-457600691,100,0,114,0,"[-25,17,-26,18,-29,18,-29,18,-30,19,-28,17,-26,16,-25,15,-23,16,-21,16,-19,14,-19,15,-18,15,-18,15,-17,16,-15,17,-15,18,-16,17,-15,17,-13,19,-13,19,-12,19,-12,18,-11,19,-10,19,-9,18,-9,18,-9,17,0,0,-5,20,-8,19,-6,20,-6,21,-6,21,-6,24,-6,24,-6,25,-6,24,-6,25,-6,24,-5,24,-3,22,-3,22,-4,21,-4,20,-1,20,-2,19,-1,20,-1,20,0,21,0,22,0,23,0,22,-1,21,0,20,0,20,0,17]"
CSI_DATA,263360,d8:b1:90:d9:de:f0,-66,11,-99,-35,68,56,-457581651,100,0,114,0,"[25,20,25,24,26,25,24,27,25,27,24,26,21,26,19,24,17,22,16,23,14,20,15,20,13,19,14,19,13,19,13,19,14,19,16,19,15,18,16,19,14,18,15,19,13,18,14,16,12,17,12,16,12,16,12,16,0,0,12,15,14,17,14,16,14,17,14,17,14,19,13,19,13,21,14,21,14,21,13,20,12,21,12,19,11,19,11,19,10,18,10,19,8,17,10,19,7,19,9,19,8,20,8,22,9,20,8,19,7,19,6,19,6,17]"
CSI_DATA,263361,d8:b1:90:d9:de:f0,-67,11,-99,-35,68,56,-457571469,100,0,114,0,"[29,-9,32,-8,34,-8,35,-8,35,-8,32,-7,31,-6,28,-7,27,-8,26,-7,23,-7,22,-7,23,-8,21,-9,20,-9,20,-11,20,-12,20,-12,19,-12,19,-13,17,-14,17,-14,16,-15,15,-15,14,-14,12,-13,12,-14,12,-14,0,0,12,-14,11,-16,11,-17,12,-17,11,-18,12,-20,12,-20,12,-19,12,-19,12,-19,12,-19,12,-19,12,-19,11,-18,11,-18,10,-17,8,-17,8,-17,8,-18,9,-19,9,-19,7,-20,7,-20,7,-21,9,-21,8,-19,7,-17,7,-16]"
CSI_DATA,263362,d8:b1:90:d9:de:f0,-67,11,-99,-37,69,56,-457551336,100,0,114,0,"[24,19,26,21,28,22,27,23,27,23,26,22,25,20,25,18,22,17,23,15,22,13,21,12,21,11,22,9,21,8,22,8,22,7,22,7,22,4,22,3,22,2,22,2,20,0,20,0,20,0,20,0,19,-1,17,0,0,0,18,-4,18,-4,19,-4,20,-4,19,-4,21,-4,22,-4,21,-4,22,-5,21,-5,21,-5,20,-4,19,-5,19,-4,17,-5,17,-4,17,-4,17,-6,17,-6,18,-6,18,-8,18,-7,18,-7,18,-8,18,-8,17,-8,16,-6,14,-5]"
CSI_DATA,263363,d8:b1:90:d9:de:f0,-67,11,-99,-35,68,56,-457531382,100,0,114,0,"[31,-15,34,-14,38,-13,38,-12,38,-10,38,-8,34,-6,34,-5,31,-5,30,-5,27,-4,26,-4,26,-4,25,-4,25,-3,24,-4,25,-3,25,-4,25,-4,23,-6,24,-4,23,-4,22,-5,21,-5,20,-3,19,-3,19,-3,19,-3,0,0,18,-3,19,-3,19,-3,20,-1,20,0,21,0,21,0,21,2,22,2,21,2,20,3,19,5,17,5,18,6,17,6,16,7,14,6,15,6,15,7,15,7,15,8,14,10,14,10,14,11,14,12,13,12,10,11,8,10]"
CSI_DATA,263364,d8:b1:90:d9:de:f0,-67,11,-99,-35,68,56,-457516709,100,0,114,0,"[-33,1,-37,0,-39,-1,-40,-3,-41,-6,-38,-6,-36,-6,-34,-7,-31,-6,-30,-7,-27,-6,-26,-6,-25,-6,-24,-6,-24,-6,-24,-5,-24,-6,-25,-5,-25,-5,-23,-4,-23,-5,-22,-4,-21,-4,-21,-3,-19,-4,-19,-4,-19,-3,-19,-2,0,0,-19,-2,-19,-4,-19,-5,-19,-5,-20,-6,-19,-6,-19,-8,-19,-10,-19,-9,-18,-9,-16,-10,-14,-12,-14,-12,-12,-12,-12,-11,-10,-12,-10,-12,-9,-12,-9,-11,-8,-12,-7,-12,-7,-13,-7,-15,-6,-16,-7,-15,-6,-14,-3,-13,-2,-13]"
CSI_DATA,263365,d8:b1:90:d9:de:f0,-67,11,-99,-37,69,56,-457501647,100,0,114,0,"[0,-32,0,-35,1,-37,1,-39,1,-39,0,-39,0,-36,0,-34,-1,-31,-1,-29,-2,-27,-3,-26,-4,-23,-4,-23,-7,-23,-8,-22,-9,-23,-10,-22,-12,-22,-13,-19,-14,-19,-14,-18,-13,-17,-15,-14,-14,-13,-14,-13,-15,-12,-17,-12,0,0,-15,-10,-15,-9,-17,-10,-17,-8,-18,-9,-18,-9,-18,-10,-17,-10,-18,-8,-17,-9,-17,-9,-16,-11,-14,-9,-14,-8,-13,-8,-12,-7,-12,-6,-12,-6,-13,-6,-12,-6,-12,-6,-12,-7,-12,-8,-13,-9,-12,-7,-11,-6,-10,-7,-9,-7]"
CSI_DATA,263366,d8:b1:90:d9:de:f0,-66,11,-99,-36,68,56,-457491623,100,0,114,0,"[-16,32,-19,34,-21,35,-21,35,-23,34,-22,33,-21,30,-21,29,-17,25,-16,25,-16,24,-15,24,-14,24,-12,24,-11,24,-11,24,-10,24,-10,24,-9,24,-8,24,-7,24,-6,24,-5,24,-4,23,-4,23,-3,22,-2,21,-2,20,0,0,-2,21,-2,21,-2,21,-3,21,-2,22,-3,22,-3,23,-5,22,-4,22,-5,21,-6,19,-7,19,-7,16,-6,15,-7,14,-8,13,-7,13,-7,12,-8,12,-8,12,-8,11,-8,13,-8,14,-8,12,-10,11,-8,11,-8,10,-8,8]"
CSI_DATA,263367,d8:b1:90:d9:de:f0,-66,11,-99,-37,68,56,-457471603,100,0,114,0,"[-3,36,-4,39,-7,42,-8,40,-9,44,-7,40,-9,39,-9,36,-5,33,-5,31,-3,30,-3,31,-1,29,0,27,0,27,0,27,0,26,2,28,2,27,4,26,4,25,7,26,6,25,7,23,7,22,8,22,8,21,8,21,0,0,9,19,10,20,9,20,10,22,10,22,10,22,10,22,9,23,7,22,8,22,6,21,6,21,5,20,4,17,4,17,3,15,2,15,2,14,3,13,2,14,2,14,2,15,3,16,1,16,0,14,0,13,0,14,0,11]"
CSI_DATA,263368,d8:b1:90:d9:de:f0,-66,11,-99,-34,67,56,-457461359,100,0,114,0,"[17,-33,21,-34,25,-35,26,-34,29,-34,29,-32,29,-30,28,-27,24,-25,24,-23,22,-21,21,-21,21,-21,20,-20,20,-20,19,-20,18,-20,20,-20,19,-21,18,-22,18,-21,18,-22,16,-19,16,-19,16,-20,15,-19,15,-18,16,-18,0,0,15,-16,15,-17,16,-17,18,-17,17,-17,19,-16,18,-16,20,-15,20,-14,21,-14,21,-12,19,-10,17,-8,17,-6,18,-6,16,-4,16,-3,16,-2,16,-3,16,-2,16,-1,16,-2,15,-2,16,0,16,0,15,1,13,0,11,1]"
CSI_DATA,263369,d8:b1:90:d9:de:f0,-66,11,-99,-34,67,56,-457441653,100,0,114,0,"[-7,-34,-5,-37,-4,-41,-2,-42,-1,-43,0,-42,0,-40,0,-37,0,-34,0,-33,0,-30,0,-30,0,-28,0,-29,-2,-28,-2,-28,-3,-28,-3,-29,-3,-28,-4,-28,-5,-27,-6,-28,-5,-26,-6,-25,-6,-24,-6,-23,-6,-22,-5,-22,0,0,-6,-21,-6,-22,-5,-22,-7,-24,-5,-24,-4,-26,-3,-25,-4,-26,-2,-24,-1,-23,-1,-23,0,-21,0,-20,0,-18,1,-16,2,-16,1,-16,2,-15,2,-15,4,-15,3,-15,4,-16,2,-16,3,-16,4,-14,3,-14,4,-14,3,-13]"
CSI_DATA,263370,d8:b1:90:d9:de:f0,-66,11,-99,-35,67,56,-457431249,100,0,114,0,"[6,-35,8,-38,10,-40,10,-41,11,-43,10,-41,10,-39,10,-36,7,-34,6,-33,4,-32,4,-31,2,-29,2,-29,0,-29,0,-29,-1,-29,-3,-29,-4,-29,-5,-28,-6,-29,-8,-28,-9,-26,-9,-26,-9,-24,-10,-24,-10,-23,-10,-21,0,0,-11,-21,-11,-21,-11,-21,-12,-22,-13,-22,-12,-23,-14,-23,-12,-24,-13,-22,-12,-22,-10,-22,-10,-20,-9,-19,-9,-19,-8,-17,-7,-16,-7,-16,-4,-15,-6,-15,-5,-15,-6,-15,-7,-16,-7,-16,-8,-16,-6,-14,-7,-13,-7,-14,-6,-13]"
CSI_DATA,263371,d8:b1:90:d9:de:f0,-66,11,-99,-34,67,56,-457411487,100,0,114,0,"[9,33,9,36,10,39,9,39,10,40,9,38,9,36,10,33,12,32,12,31,12,28,14,27,13,24,15,23,16,22,16,21,17,20,18,22,20,19,21,17,21,17,21,15,23,14,23,12,23,13,23,10,22,9,23,7,0,0,22,7,22,7,22,7,25,6,24,6,24,7,26,6,25,7,25,5,24,6,23,5,21,6,21,6,18,5,19,4,17,4,16,4,17,3,17,2,17,3,17,2,16,3,17,3,18,3,18,1,17,1,16,2,15,2]"
CSI_DATA,263372,d8:b1:90:d9:de:f0,-65,11,-99,-38,67,56,-457401437,100,0,228,0,"[20,-11,24,-8,29,-5,33,-3,37,0,39,0,38,2,-74,-1,36,1,33,-1,30,-3,27,-4,25,-4,22,-5,18,-4,14,-4,10,-2,8,-1,5,2,4,4,3,5,-22,-10,1,7,0,7,0,6,-1,4,-3,3,-5,2,0,0,-10,1,-13,1,-16,2,-21,3,-23,4,-26,7,-34,14,-27,10,-26,11,-25,10,-21,11,-16,10,-14,8,-11,6,-7,3,-6,0,-5,-1,-4,-4,-3,-6,-3,-7,-28,15,-3,-7,-3,-6,-2,-5,-1,-4,0,-1,1,1,2,3,-11,-6,-18,5,-9,20,8,24,24,11,24,-9,11,-22,31,-23,-18,-12,-22,2,-15,15,-2,23,14,19,25,4,23,-15,2,-29,-20,-23,-31,-1,-21,23,4,30,24,15,26,0,9,-21,-7,-16,-13,-4,-9,4,-3,7,2,6,0,0,4,2,4,0,4,-3,0,-5,-3,-3,-4,1,-28,10,-1,-2,-4,-3,-9,2,-6,11,5,14,16,6,16,-9,4,-20,-11,-15,-20,-1,-12,13,2,18,14,9,11,-10,5,-9,-4,-6,-3,-1,1,0,1,-3,-4,-5,-7,-1]"
CSI_DATA,263373,d8:b1:90:d9:de:f0,-65,11,-99,-36,66,56,-457391409,100,0,228,0,"[3,-24,7,-28,14,-29,19,-31,24,-31,28,-30,28,-30,-78,-1,26,-28,24,-26,22,-24,20,-22,17,-21,14,-19,12,-15,10,-12,8,-8,6,-5,6,-3,5,0,5,2,-23,-11,3,5,3,4,1,5,0,5,-1,4,-4,4,0,0,-10,4,-13,6,-16,7,-20,10,-23,11,-24,13,13,16,-26,16,-24,16,-23,15,-20,14,-16,12,-14,8,-12,6,-8,4,-6,1,-5,-1,-3,-4,-3,-6,-2,-6,-31,16,-1,-7,-1,-6,-1,-4,1,-3,1,-1,1,1,2,3,-12,5,-5,17,10,21,24,10,25,-11,10,-24,-7,-25,5,-41,-24,4,-14,17,-1,23,15,19,25,5,23,-14,6,-29,-15,-26,-32,-6,-28,19,-5,33,20,25,30,2,24,-15,-1,-23,-14,-13,-16,2,-7,10,0,8,5,5,0,0,4,-2,4,-2,2,-4,-2,-4,-3,-2,-2,1,-25,15,-1,-3,-6,-3,-10,4,-4,12,7,14,17,4,16,-11,3,-21,-13,-16,-21,-1,-14,14,1,19,13,11,13,-7,6,-8,-2,-8,-3,-2,0,0,0,-3,-3,-5,-7,-2]"
CSI_DATA,263374,d8:b1:90:d9:de:f0,-65,11,-99,-37,67,56,-457371298,100,0,228,0,"[24,0,27,6,28,11,30,16,30,20,31,22,30,24,-72,-1,29,22,27,20,25,18,24,16,21,14,19,13,16,11,14,9,12,7,8,6,5,6,2,5,-1,5,-21,-10,-3,5,-4,3,-4,3,-4,0,-4,-2,-5,-3,0,0,-7,-9,-8,-11,-10,-13,-13,-16,-15,-19,-17,-19,66,15,-19,-20,-20,-19,-20,-18,-18,-15,-15,-13,-12,-10,-9,-8,-6,-7,-2,-5,0,-4,2,-4,4,-3,4,-2,59,0,6,-3,5,-2,4,-1,3,-2,1,0,0,3,-3,4,-6,-10,-17,-4,-17,10,-6,22,12,22,24,7,22,-10,40,3,-6,-22,-18,-12,-22,2,-16,16,-1,24,16,21,28,3,23,-19,3,-30,-22,-23,-32,0,-21,24,3,29,19,20,23,-5,10,-18,-4,-15,-11,-6,-9,2,-5,7,0,0,2,4,4,2,4,-1,2,-2,0,-3,-1,-1,-18,-18,4,-1,2,-6,-6,-8,-13,-3,-13,11,-1,17,13,13,20,-1,12,-16,-3,-19,-15,-10,-16,5,-6,14,12,9,10,4,5,-3,1,-3,1,0,4,0,5,-4,1,-7]"
CSI_DATA,263375,d8:b1:90:d9:de:f0,-65,11,-99,-38,67,56,-457351650,100,0,228,0,"[-12,20,-19,20,-24,20,-29,20,-32,19,-34,18,-34,16,-74,-1,-32,16,-30,15,-27,16,-25,15,-22,15,-19,13,-15,12,-13,10,-11,8,-8,6,-8,4,-6,1,-5,0,-22,-10,-4,-2,-2,-3,0,-4,1,-3,3,-3,6,-3,0,0,9,-5,12,-7,14,-8,18,-10,20,-13,21,-14,-27,0,21,-19,20,-19,18,-18,15,-16,11,-14,10,-11,8,-9,5,-5,4,-3,4,-1,2,2,3,3,3,4,29,0,3,5,1,5,1,3,-1,3,-2,1,-3,0,-5,-2,10,0,10,-10,0,-19,-15,-16,-24,1,-18,16,-2,24,-20,34,22,5,20,-11,8,-21,-9,-22,-23,-11,-25,8,-12,25,10,28,29,11,29,-13,9,-30,-14,-27,-29,-6,-26,14,-2,25,14,14,16,0,9,-10,-1,-11,-6,-6,0,0,-5,4,-2,5,1,4,4,2,2,-1,0,-2,20,-16,2,4,7,2,9,-5,3,-13,-9,-11,-18,-1,-12,14,2,19,15,10,19,-5,7,-15,-6,-15,-14,-5,-9,10,-2,10,5,5,4,0,-1,-1,0,4,3,4,7,0]"
CSI_DATA,263376,d8:b1:90:d9:de:f0,-65,11,-99,-34,66,56,-457341389,100,0,228,0,"[-21,-12,-22,-18,-21,-25,-20,-30,-18,-34,-15,-37,-14,-38,-74,-1,-12,-34,-11,-33,-11,-30,-10,-28,-9,-25,-8,-22,-7,-21,-6,-16,-4,-13,-3,-11,-2,-9,2,-7,3,-6,-22,-10,4,-2,4,-1,2,1,1,3,1,4,0,7,0,0,-1,11,-2,14,-2,18,-3,21,-2,24,-2,26,-45,15,-1,28,0,28,0,26,0,23,0,20,0,16,-1,12,-1,9,-1,6,-2,4,-2,2,-3,0,-4,-2,-43,15,-3,-4,-3,-3,-1,-3,0,-2,2,-1,3,-1,5,0,2,10,12,9,20,-2,14,-16,0,-25,-16,-18,-25,-3,-33,-25,-7,23,8,21,21,12,24,-5,16,-20,-1,-27,-21,-19,-31,2,-21,25,3,33,26,21,31,-4,16,-25,-3,-30,-22,-11,-20,5,-9,15,4,14,10,6,9,-1,0,0,0,-7,-2,-5,-5,-1,-3,2,0,3,2,1,-1,24,-4,-3,-7,3,-4,10,6,11,15,3,13,-11,1,-19,-12,-13,-20,0,-13,13,2,19,13,10,15,-1,2,-13,-2,-10,-6,-4,-3,2,0,0,-1,-3,-4,-3,-6,2]"
CSI_DATA,263377,d8:b1:90:d9:de:f0,-65,11,-99,-36,66,56,-457321061,100,0,228,0,"[-23,-11,-24,-16,-25,-22,-25,-28,-25,-32,-24,-34,-22,-37,-78,-1,-20,-32,-17,-31,-17,-29,-15,-26,-14,-24,-13,-21,-11,-20,-10,-17,-7,-15,-6,-12,-4,-10,-1,-7,1,-6,-23,-11,2,-3,2,-2,1,1,1,3,1,4,0,7,0,0,1,13,2,16,2,20,2,23,3,24,5,28,65,0,5,29,7,28,7,26,6,24,5,21,5,17,3,13,2,11,2,8,-1,5,-1,4,-2,3,-2,1,-26,16,-2,-1,-1,-2,0,-2,1,-1,3,-2,4,-2,6,-2,3,8,13,5,19,-4,12,-16,-2,-23,-17,-15,-23,0,-40,-21,-5,22,12,21,23,10,25,-8,14,-24,-6,-29,-26,-15,-31,8,-15,30,8,33,31,16,32,-11,13,-29,-10,-32,-24,-8,-21,10,-6,19,7,16,13,5,11,-4,0,0,-2,-8,-6,-3,-6,2,-2,4,2,4,3,0,4,23,-6,-2,-7,5,-1,13,11,10,15,-3,10,-15,-5,-19,-17,-10,-19,6,-7,17,6,16,16,5,14,-7,0,-13,-6,-10,-7,-1,-3,3,1,2,0,-1,-2,-2,-4,1]"
CSI_DATA,263378,d8:b1:90:d9:de:f0,-64,11,-99,-36,66,56,-457301472,100,0,228,0,"[7,23,5,28,1,33,-1,37,-4,41,-5,41,-6,41,-78,-1,-6,39,-5,35,-4,33,-4,30,-2,28,-2,25,-3,23,-2,20,-2,17,-3,14,-3,12,-3,8,-4,6,-23,-11,-4,3,-2,1,-1,0,0,-3,1,-5,1,-7,0,0,3,-14,4,-16,3,-20,3,-23,3,-25,2,-28,3,0,0,-30,0,-29,-1,-26,-1,-24,-2,-22,-2,-19,-1,-14,0,-12,0,-8,2,-7,1,-4,2,-3,2,-2,17,0,1,0,1,0,0,1,-2,1,-4,1,-4,1,-5,2,2,-11,-6,-13,-16,-7,-20,6,-12,19,3,22,17,15,15,39,17,-14,5,-23,-12,-21,-24,-7,-25,11,-10,28,12,29,31,11,31,-15,10,-33,-17,-30,-33,-6,-25,19,-8,34,16,21,22,2,15,-13,1,-17,-10,-11,-12,-1,0,0,-2,8,5,6,7,1,4,-3,-1,-3,-3,0,2,-25,5,3,8,-5,2,-11,-8,-11,-16,0,-11,14,3,19,16,11,19,-4,8,-16,-7,-17,-15,-5,-14,6,-1,12,6,10,10,1,3,-4,-1,-4,-1,1,1,2,4,-1]"
CSI_DATA,263379,d8:b1:90:d9:de:f0,-64,9,-99,-38,66,56,-457286965,252,0,106,0,"[29,1,84,17,39,1,-22,16,30,1,-60,16,1,1,-24,16,-40,0,16,17,-74,0,70,17,-111,0,104,17,141,0,125,17,91,0,-143,17,39,0,-112,17,10,0,-62,17,-23,17,-7,17,-61,17,48,0,0,0,0,0,150,17,139,0,89,17,-122,0,34,17,-101,0,8,17,-104,0,27,17,-143,0,71,17,133,0,135,17,104,0,-108,17,76,0,-55,17,60,0,-23,17,38,0,-9,17,22,0,-3,17,-5,17,-3,17]"
CSI_DATA,263380,d8:b1:90:d9:de:f0,-64,11,-99,-35,65,56,-457271504,100,0,228,0,"[-24,11,-30,8,-36,4,-40,1,-42,-1,-44,-3,-42,-6,-85,-1,-40,-6,-36,-6,-34,-6,-31,-6,-29,-6,-25,-6,-24,-6,-20,-6,-20,-6,-17,-6,-15,-6,-11,-6,-9,-4,-25,-12,-3,-2,-2,-1,1,1,3,2,6,3,8,6,0,0,15,7,18,8,22,8,24,9,26,11,29,11,23,1,29,9,29,9,28,9,26,8,22,8,20,7,18,7,13,6,12,6,9,4,8,4,7,4,4,2,59,0,3,0,2,-1,2,-2,1,-2,0,-3,0,-6,0,-6,9,0,12,-7,6,-15,-6,-19,-19,-11,-23,3,-17,18,-44,19,14,20,25,6,24,-12,9,-26,-11,-29,-29,-13,-31,11,-13,31,12,34,34,13,35,-14,13,-33,-13,-31,-36,-15,-26,11,-9,24,8,22,18,8,17,-6,7,-14,0,0,-12,-6,-11,4,-2,9,4,7,6,-1,1,-4,24,8,-6,6,2,11,13,4,14,-7,4,-17,-11,-15,-19,-2,-14,13,-1,19,13,14,18,0,11,-13,-3,-15,-8,-7,-12,2,-4,9,3,8,6,2,3,-3,-1,-2,-2,1]"
CSI_DATA,263381,d8:b1:90:d9:de:f0,-64,11,-99,-35,65,56,-457261353,100,0,228,0,"[26,0,31,3,36,7,39,11,41,13,41,15,40,15,-85,-1,37,13,35,13,33,12,30,9,29,9,26,7,24,7,22,7,20,6,18,6,15,6,13,4,11,3,-25,-12,4,1,1,0,-2,-1,-4,-1,-7,-2,-11,-2,0,0,-17,0,-20,-1,-23,1,-26,3,-28,3,-30,4,-29,17,-30,8,-29,7,-28,7,-25,7,-22,6,-19,6,-18,6,-15,4,-12,3,-11,3,-9,2,-8,3,-7,2,-70,18,-2,2,-1,3,0,3,2,2,3,3,4,3,4,3,-8,-3,-13,3,-11,13,0,19,15,17,22,2,19,-13,46,-8,-11,-23,-24,-9,-26,9,-12,26,9,29,29,13,33,-12,14,-31,-13,-34,-34,-13,-33,15,-11,35,17,30,37,11,25,-15,4,-26,-13,-20,-20,-4,-15,11,-3,18,0,0,14,1,7,-8,-1,-11,-7,-4,-6,3,1,4,-25,4,1,-8,-8,-7,-13,3,-6,14,7,15,18,4,15,-11,1,-19,-12,-13,-18,0,-11,13,2,17,13,8,11,-1,4,-11,-4,-9,-9,-2,-4,3,1,4,3,1,2,-2]"
CSI_DATA,263382,d8:b1:90:d9:de:f0,-65,11,-99,-36,67,56,-457241640,100,0,114,0,"[32,9,35,13,36,16,37,18,37,21,35,22,31,23,29,23,27,21,25,22,24,22,22,22,22,22,21,22,22,24,21,24,22,24,21,24,22,25,22,24,22,24,22,24,20,24,20,24,19,22,19,23,17,22,17,21,0,0,17,23,15,24,15,25,14,25,14,26,12,27,12,26,10,28,9,26,8,24,6,24,5,23,3,21,3,20,2,18,2,17,2,16,1,14,2,13,1,14,1,14,1,13,0,14,0,13,0,11,0,11,0,10,1,10]"
CSI_DATA,263383,d8:b1:90:d9:de:f0,-65,11,-99,-35,66,56,-457230228,100,0,114,0,"[-16,33,-20,37,-25,35,-27,37,-29,37,-30,33,-31,30,-31,29,-29,27,-28,22,-27,22,-27,20,-28,21,-28,20,-28,20,-28,20,-29,20,-29,22,-29,22,-28,21,-28,21,-28,20,-27,19,-26,19,-27,19,-25,18,-23,17,-25,18,0,0,-26,16,-26,15,-26,15,-28,15,-28,14,-29,14,-29,11,-28,9,-28,9,-28,7,-26,7,-22,6,-21,4,-20,3,-19,2,-17,1,-17,3,-16,1,-16,2,-16,0,-15,0,-14,1,-11,1,-13,1,-13,0,-11,1,-9,1,-9,1]"
CSI_DATA,263384,d8:b1:90:d9:de:f0,-64,11,-99,-34,66,56,-457211909,100,0,114,0,"[-37,11,-40,15,-41,18,-39,22,-38,26,-33,28,-31,30,-26,30,-22,32,-18,33,-12,34,-9,34,-5,34,0,34,3,36,9,33,13,32,19,32,22,29,26,25,27,22,32,19,30,13,32,7,31,5,31,2,29,-3,27,-6,0,0,25,-13,26,-14,23,-18,22,-22,20,-23,18,-25,13,-27,11,-27,8,-27,4,-26,3,-26,2,-24,-1,-22,-4,-19,-6,-16,-7,-14,-8,-14,-9,-10,-10,-10,-10,-7,-12,-6,-12,-5,-13,-5,-12,-2,-11,1,-10,3,-8,2,-7,3]"
CSI_DATA,263385,d8:b1:90:d9:de:f0,-65,11,-99,-35,67,56,-457201355,100,0,114,0,"[30,15,33,19,33,23,32,26,31,27,29,28,27,28,24,28,23,28,21,27,20,26,20,25,19,24,19,24,20,25,20,26,20,26,20,25,20,26,19,24,21,25,20,25,19,25,19,24,18,23,18,22,17,22,17,22,0,0,16,21,15,22,15,23,15,23,15,24,14,26,13,25,11,26,10,25,9,23,9,22,6,21,6,20,4,17,3,16,3,14,3,14,2,13,2,11,1,11,1,10,1,12,1,12,0,11,1,8,1,8,1,7,1,7]"
CSI_DATA,263386,d8:b1:90:d9:de:f0,-65,11,-99,-36,67,56,-457181676,100,0,114,0,"[-6,-34,-4,-38,-3,-41,1,-43,1,-43,2,-42,4,-39,5,-37,2,-36,5,-36,5,-35,5,-33,3,-32,3,-32,3,-31,3,-32,2,-32,2,-32,0,-33,2,-32,0,-32,-2,-32,-1,-32,-1,-31,0,-30,-2,-28,-2,-27,-1,-27,0,0,-1,-26,-2,-27,-1,-27,-1,-27,-1,-28,0,-28,1,-28,1,-27,3,-25,4,-24,3,-23,3,-21,4,-20,3,-18,4,-16,4,-15,3,-14,4,-13,4,-11,5,-12,4,-11,4,-10,3,-10,3,-10,4,-8,2,-6,2,-8,0,-7]"
CSI_DATA,263387,d8:b1:90:d9:de:f0,-66,11,-99,-34,67,56,-457171639,100,0,114,0,"[-1,34,-2,37,-4,41,-5,40,-5,42,-5,40,-6,40,-4,36,-3,33,-4,33,-2,32,0,32,-1,31,0,30,0,30,2,31,4,31,6,32,6,31,8,30,9,28,10,28,10,28,11,26,13,26,13,23,14,22,14,20,0,0,14,21,16,20,15,20,16,22,16,21,16,21,17,21,15,21,15,19,14,18,14,16,13,16,11,16,10,14,9,12,8,11,8,10,7,9,7,9,7,9,8,8,7,9,8,8,7,7,7,5,6,3,5,5,5,3]"
CSI_DATA,263388,d8:b1:90:d9:de:f0,-65,11,-99,-35,67,56,-457151649,100,0,114,0,"[34,7,37,9,40,9,41,11,42,11,42,11,39,10,37,10,35,8,34,6,32,4,31,3,31,1,30,1,31,0,30,-1,32,-3,31,-3,32,-5,31,-6,32,-8,31,-9,29,-11,26,-12,24,-12,23,-12,22,-12,23,-16,0,0,21,-14,19,-15,19,-17,21,-17,21,-17,20,-16,19,-16,20,-15,18,-16,18,-15,17,-14,15,-12,15,-13,12,-11,12,-11,11,-9,9,-9,9,-9,10,-9,9,-9,10,-9,7,-8,7,-8,8,-7,8,-8,7,-7,4,-6,3,-4]"
CSI_DATA,263389,d8:b1:90:d9:de:f0,-66,11,-99,-36,68,56,-457141353,100,0,114,0,"[32,-4,36,-2,40,0,40,0,41,1,39,1,39,2,35,2,33,1,32,1,30,1,29,1,28,1,29,1,29,1,28,0,28,0,29,0,28,-1,28,-1,28,-1,27,-3,26,-3,25,-5,24,-3,23,-4,24,-3,24,-6,0,0,24,-3,23,-5,22,-4,24,-4,23,-3,23,-2,24,-2,23,0,23,0,22,0,20,0,19,1,16,1,16,1,16,2,13,2,13,2,13,1,12,2,12,1,13,1,11,2,11,3,11,3,10,3,9,2,7,3,6,2]"
CSI_DATA,263390,d8:b1:90:d9:de:f0,-66,11,-99,-36,68,56,-457121594,100,0,114,0,"[-6,32,-8,35,-11,39,-12,40,-13,38,-14,37,-12,35,-12,32,-9,32,-10,31,-9,28,-8,27,-8,27,-7,27,-6,27,-5,27,-3,30,-5,27,-4,28,0,28,0,26,0,27,0,25,1,24,2,24,1,24,2,23,2,23,0,0,4,23,1,23,3,23,3,23,2,23,1,24,2,24,1,24,0,23,0,22,0,21,0,20,0,19,0,17,-1,15,-2,14,-1,14,-2,13,0,13,-2,14,-2,14,-1,15,0,14,-1,12,-3,11,-3,10,-1,9,-1,7]"
CSI_DATA,263391,d8:b1:90:d9:de:f0,-66,11,-99,-33,67,56,-457111611,100,0,114,0,"[35,3,38,7,40,10,41,11,40,12,39,13,35,14,33,15,33,12,30,12,28,11,26,11,27,12,26,12,27,12,26,12,27,11,27,11,27,10,26,9,27,11,26,9,24,9,23,8,24,9,22,8,22,8,22,6,0,0,22,9,22,9,21,10,22,10,22,11,22,12,21,12,20,14,21,13,19,15,16,14,13,15,13,15,11,13,11,13,9,12,8,12,10,11,9,11,8,11,8,12,6,14,5,14,4,13,5,12,4,11,1,11,1,9]"
CSI_DATA,263392,d8:b1:90:d9:de:f0,-66,11,-99,-36,68,56,-457090973,100,0,114,0,"[32,10,33,15,35,17,33,19,34,22,32,23,30,22,26,22,25,22,23,20,22,18,21,18,21,17,20,16,20,17,21,17,20,18,19,17,21,18,20,17,21,17,20,16,19,16,19,16,18,14,17,15,16,13,16,14,0,0,17,14,15,16,16,16,16,16,16,19,14,21,13,19,11,21,10,20,9,20,9,20,6,20,5,17,4,17,5,16,3,16,2,15,1,15,2,16,0,15,0,15,-1,16,0,16,-1,17,-2,15,-2,14,-4,13,-4,10]"
CSI_DATA,263393,d8:b1:90:d9:de:f0,-66,11,-99,-34,67,56,-457071642,100,0,114,0,"[34,6,36,9,39,11,39,13,40,14,37,14,35,14,33,14,31,12,30,11,29,10,28,10,26,10,26,9,27,9,26,7,26,6,28,6,26,5,26,3,26,4,26,3,24,2,24,0,25,1,23,0,24,0,23,0,0,0,23,0,24,0,23,1,26,1,25,2,25,3,26,3,24,4,23,4,24,5,21,6,19,9,18,7,19,5,17,6,16,8,15,7,16,5,16,6,16,7,16,8,17,8,16,10,16,10,16,9,15,9,12,10,10,9]"
CSI_DATA,263394,d8:b1:90:d9:de:f0,-66,11,-99,-35,67,56,-457061635,100,0,114,0,"[2,35,0,39,0,41,0,42,1,43,1,41,1,39,2,37,3,34,4,33,5,31,5,29,7,30,7,28,9,27,11,27,12,25,13,25,15,25,15,22,16,23,17,21,18,20,19,18,19,17,19,16,18,14,19,13,0,0,20,13,20,11,20,11,22,12,23,14,23,13,24,13,22,13,21,11,21,11,20,10,19,12,19,11,17,10,17,8,16,8,15,7,15,7,16,6,17,6,16,7,18,8,17,8,18,9,17,6,17,6,14,7,12,6]"
CSI_DATA,263395,d8:b1:90:d9:de:f0,-66,11,-99,-36,68,56,-457051361,100,0,114,0,"[32,0,36,0,39,0,38,2,40,2,36,4,35,5,32,3,30,3,29,2,26,3,26,3,27,1,26,1,25,0,25,0,25,0,28,-1,26,-2,26,-2,24,-2,24,-3,24,-3,24,-4,24,-4,23,-4,21,-4,23,-4,0,0,23,-5,23,-6,24,-6,25,-6,24,-5,25,-4,25,-4,24,-2,25,-2,24,-2,24,-1,21,0,21,0,18,0,19,0,18,0,17,1,16,0,17,0,18,0,19,0,18,2,19,3,20,3,19,2,17,3,16,5,15,5]"
CSI_DATA,263396,d8:b1:90:d9:de:f0,-66,11,-99,-35,67,56,-457041327,100,0,114,0,"[30,19,31,24,31,27,30,31,28,31,26,31,22,30,22,30,20,27,18,25,17,23,16,24,15,25,16,23,17,23,16,23,17,24,17,24,18,23,15,23,16,24,17,22,16,21,15,20,15,20,15,20,14,20,14,21,0,0,12,21,13,21,12,23,11,24,11,26,10,27,10,26,8,27,7,27,5,26,3,25,1,24,1,22,0,21,0,19,0,20,-1,19,-1,18,-1,18,-2,19,-2,19,-4,20,-5,20,-7,21,-7,17,-8,18,-8,16,-8,12]"
CSI_DATA,263397,d8:b1:90:d9:de:f0,-65,11,-99,-36,67,56,-457021664,100,0,114,0,"[27,23,28,28,29,30,27,33,26,34,24,33,23,32,20,30,19,28,18,27,17,26,18,24,17,24,17,23,17,22,18,22,19,23,19,23,20,23,20,22,19,22,21,22,20,21,19,20,21,19,19,18,19,17,19,17,0,0,20,18,19,18,19,19,20,21,20,22,20,23,19,23,18,25,18,23,17,24,15,22,13,21,12,21,10,20,10,19,9,18,9,17,7,17,8,17,7,18,7,20,7,20,8,21,6,21,6,18,3,18,2,19,1,16]"
CSI_DATA,263398,d8:b1:90:d9:de:f0,-65,11,-99,-36,67,56,-457009695,100,0,114,0,"[-6,-34,-4,-37,-3,-40,0,-40,1,-42,2,-40,4,-37,5,-36,3,-34,3,-33,4,-29,3,-30,3,-29,3,-28,2,-29,2,-29,2,-29,2,-30,2,-30,2,-29,1,-30,0,-30,-1,-30,-1,-28,1,-29,0,-27,0,-27,0,-27,0,0,1,-26,0,-26,2,-27,2,-28,2,-29,3,-29,3,-29,5,-29,6,-28,6,-28,8,-26,7,-24,8,-23,7,-20,8,-19,9,-18,9,-18,9,-18,9,-17,10,-18,10,-18,11,-18,10,-20,12,-17,12,-14,12,-14,13,-13,11,-11]"
CSI_DATA,263399,d8:b1:90:d9:de:f0,-65,11,-99,-36,67,56,-456991357,100,0,114,0,"[21,-25,23,-27,26,-28,27,-28,26,-29,26,-28,25,-28,23,-26,21,-27,21,-26,18,-24,17,-25,16,-25,15,-26,13,-26,13,-27,11,-28,10,-28,8,-30,7,-29,5,-30,4,-30,3,-29,1,-29,1,-28,-1,-27,-2,-27,-2,-27,0,0,-6,-27,-5,-26,-6,-28,-6,-29,-8,-30,-8,-32,-9,-30,-8,-30,-8,-28,-8,-27,-8,-27,-8,-26,-8,-25,-8,-23,-6,-20,-7,-19,-7,-18,-7,-18,-9,-18,-7,-18,-7,-18,-8,-19,-9,-19,-9,-19,-7,-18,-7,-17,-7,-16,-6,-16]"
CSI_DATA,263400,d8:b1:90:d9:de:f0,-65,11,-99,-35,66,56,-456971412,100,0,114,0,"[-21,-29,-21,-33,-20,-37,-19,-39,-17,-39,-16,-40,-14,-38,-13,-37,-11,-34,-10,-32,-9,-31,-9,-30,-8,-30,-9,-30,-8,-30,-9,-30,-10,-31,-9,-31,-10,-31,-10,-31,-10,-31,-11,-31,-13,-31,-10,-30,-10,-29,-9,-29,-9,-28,-9,-28,0,0,-10,-26,-7,-29,-9,-29,-9,-29,-7,-30,-7,-32,-6,-31,-5,-32,-4,-31,-3,-28,-2,-28,-2,-28,0,-26,0,-23,2,-21,1,-19,1,-18,3,-17,1,-18,3,-18,2,-18,4,-19,3,-19,4,-18,5,-16,5,-16,6,-15,6,-13]"
CSI_DATA,263401,d8:b1:90:d9:de:f0,-65,11,-99,-33,66,56,-456951650,100,0,114,0,"[32,5,38,6,40,9,40,11,40,13,39,14,37,14,36,13,31,12,30,12,30,11,27,10,29,10,28,10,29,10,30,9,30,9,31,9,32,8,31,7,32,7,31,6,31,6,30,5,30,5,28,4,28,3,29,2,0,0,30,4,28,2,29,3,31,4,31,4,31,6,31,6,29,6,30,6,29,6,27,6,24,7,23,7,21,7,20,6,20,7,19,7,19,5,18,5,17,6,17,5,17,6,16,7,17,6,17,5,15,4,13,5,11,5]"
CSI_DATA,263402,d8:b1:90:d9:de:f0,-65,11,-99,-37,67,56,-456930716,100,0,114,0,"[-8,32,-10,36,-13,38,-14,37,-16,39,-15,36,-16,34,-16,31,-16,31,-16,29,-15,27,-16,27,-15,26,-16,26,-14,27,-14,28,-14,27,-15,29,-13,29,-14,30,-12,30,-13,30,-12,29,-10,28,-12,28,-12,27,-11,26,-11,26,0,0,-12,25,-12,26,-11,26,-14,28,-13,27,-15,28,-15,27,-16,26,-17,24,-18,24,-16,22,-16,20,-15,18,-13,16,-14,16,-13,15,-13,14,-13,13,-11,13,-14,13,-13,12,-12,14,-12,13,-13,12,-15,10,-12,9,-11,10,-9,8]"
CSI_DATA,263403,d8:b1:90:d9:de:f0,-65,11,-99,-35,67,56,-456906757,100,0,114,0,"[15,29,15,33,14,35,12,37,11,38,9,37,6,36,4,34,6,34,4,32,3,30,2,30,1,29,1,29,2,29,1,29,2,30,1,31,1,31,2,30,1,31,3,31,2,30,3,30,1,29,1,29,1,28,0,26,0,0,0,26,0,28,-1,27,0,28,-1,29,-3,31,-3,29,-5,29,-6,27,-7,26,-8,24,-8,23,-8,21,-8,19,-9,17,-8,16,-8,15,-8,15,-7,14,-9,14,-9,13,-9,14,-9,14,-10,13,-10,11,-8,11,-8,11,-7,9]"
CSI_DATA,263404,d8:b1:90:d9:de:f0,-65,11,-99,-35,67,56,-456891487,100,0,114,0,"[29,14,32,16,34,17,34,19,34,20,34,19,32,18,31,18,29,15,29,15,27,12,27,13,27,10,27,9,26,10,28,8,29,7,30,7,31,5,30,3,30,3,30,1,29,0,27,0,28,0,26,0,26,-1,26,-2,0,0,27,-3,27,-3,27,-5,28,-4,28,-4,29,-4,29,-4,29,-3,28,-5,28,-5,26,-4,24,-2,23,-3,20,-3,19,-2,19,-3,18,-3,17,-4,17,-4,18,-5,18,-5,17,-5,17,-5,18,-5,17,-7,15,-7,13,-5,11,-4]"
CSI_DATA,263405,d8:b1:90:d9:de:f0,-65,11,-99,-35,67,56,-456871645,100,0,114,0,"[-4,33,-5,35,-6,37,-7,38,-6,38,-5,37,-6,36,-5,34,-3,33,-2,31,-1,30,-1,29,0,28,0,28,2,29,2,28,4,30,6,29,6,30,8,28,9,28,10,27,10,26,13,25,11,24,14,23,13,23,14,21,0,0,17,21,17,21,17,21,18,22,19,20,19,21,20,21,21,22,20,21,18,20,18,20,18,20,17,18,16,17,15,15,14,13,15,13,14,10,15,10,14,11,15,10,16,10,18,10,17,10,16,8,16,7,14,7,12,6]"
CSI_DATA,263406,d8:b1:90:d9:de:f0,-66,11,-99,-37,68,56,-456851643,100,0,114,0,"[-11,27,-13,29,-18,31,-19,29,-21,28,-20,26,-20,25,-20,22,-19,21,-20,20,-19,19,-17,18,-18,18,-18,17,-18,17,-19,18,-19,18,-20,18,-19,19,-20,19,-19,17,-18,17,-18,17,-19,17,-19,18,-17,16,-17,15,-18,15,0,0,-19,16,-20,13,-19,14,-22,15,-22,13,-24,14,-23,13,-25,12,-25,11,-25,11,-24,10,-23,7,-22,7,-21,6,-22,4,-20,3,-20,3,-18,3,-20,3,-19,2,-20,3,-20,3,-20,2,-20,1,-20,0,-18,0,-17,0,-12,0]"
CSI_DATA,263407,d8:b1:90:d9:de:f0,-66,11,-99,-36,68,56,-456841378,100,0,114,0,"[16,23,16,27,16,28,17,30,15,30,15,29,14,27,12,27,13,24,12,24,11,23,11,23,11,21,11,22,12,22,13,21,14,22,15,21,16,21,16,20,16,22,16,20,16,18,16,18,16,18,16,19,16,17,16,16,0,0,16,17,16,16,17,17,18,18,19,20,19,21,18,20,18,21,18,20,16,20,16,21,16,22,15,18,15,17,13,16,13,16,11,15,12,14,13,14,14,14,15,14,15,15,14,16,15,16,14,13,13,13,11,13,9,10]"
CSI_DATA,263408,d8:b1:90:d9:de:f0,-66,11,-99,-35,68,56,-456821649,100,0,114,0,"[23,13,25,15,26,17,26,18,27,18,26,18,25,17,24,17,22,13,22,15,20,12,19,12,22,12,21,12,21,10,22,9,23,10,23,9,24,7,24,6,23,6,24,6,24,6,23,5,24,4,21,3,22,2,22,2,0,0,24,0,23,1,24,1,26,0,26,0,27,1,27,0,28,1,27,1,27,0,26,1,25,1,23,0,22,0,21,0,19,0,19,0,19,-2,19,-2,19,-2,20,-3,19,-4,19,-2,20,-4,19,-5,18,-5,15,-3,14,-3]"
CSI_DATA,263409,d8:b1:90:d9:de:f0,-66,11,-99,-36,68,56,-456807596,100,0,114,0,"[24,-12,27,-13,30,-14,31,-13,32,-13,31,-13,30,-12,27,-11,25,-12,24,-12,22,-11,22,-12,21,-13,21,-13,18,-14,20,-15,19,-16,20,-16,19,-17,18,-18,17,-19,16,-19,16,-19,15,-20,14,-19,11,-19,11,-21,11,-20,0,0,11,-21,10,-22,10,-23,11,-24,10,-25,11,-25,10,-27,10,-26,10,-25,10,-27,9,-25,8,-24,7,-23,6,-22,6,-22,5,-19,4,-19,3,-18,2,-18,2,-20,2,-20,0,-19,0,-20,0,-20,0,-20,0,-18,0,-17,0,-15]"
CSI_DATA,263410,d8:b1:90:d9:de:f0,-66,11,-99,-35,68,56,-456791609,100,0,114,0,"[12,-23,15,-25,17,-26,18,-25,19,-25,19,-25,20,-23,19,-22,17,-21,18,-19,15,-18,15,-17,16,-19,14,-17,14,-18,14,-19,15,-18,15,-19,15,-19,15,-20,13,-20,14,-20,13,-19,12,-20,13,-19,11,-19,12,-19,11,-19,0,0,12,-17,12,-19,12,-20,13,-20,14,-21,16,-23,14,-23,17,-23,18,-21,18,-20,17,-20,15,-19,15,-18,13,-17,14,-16,12,-15,12,-16,12,-16,12,-15,12,-16,13,-16,12,-16,10,-17,12,-16,12,-14,11,-13,10,-13,8,-12]"
CSI_DATA,263411,d8:b1:90:d9:de:f0,-66,11,-99,-36,68,56,-456781429,100,0,114,0,"[-9,-25,-11,-29,-10,-31,-10,-32,-11,-32,-11,-32,-10,-31,-10,-28,-9,-25,-8,-24,-9,-23,-8,-22,-11,-21,-11,-21,-12,-21,-13,-20,-14,-21,-15,-21,-16,-21,-16,-19,-17,-19,-17,-18,-16,-17,-19,-16,-18,-15,-18,-14,-18,-13,-20,-12,0,0,-18,-12,-21,-11,-22,-11,-23,-12,-24,-11,-24,-12,-24,-12,-25,-13,-25,-11,-25,-12,-24,-9,-24,-10,-23,-9,-21,-8,-20,-7,-20,-6,-19,-4,-19,-3,-20,-4,-19,-2,-19,-1,-20,-2,-21,-1,-21,0,-19,0,-17,0,-16,0,-14,0]"
CSI_DATA,263412,d8:b1:90:d9:de:f0,-66,11,-99,-36,68,56,-456761370,100,0,114,0,"[-26,8,-30,6,-32,5,-33,4,-34,1,-32,0,-32,0,-29,0,-27,0,-26,-1,-24,-2,-24,-2,-25,-3,-24,-3,-24,-3,-24,-4,-24,-3,-24,-5,-24,-5,-25,-4,-24,-5,-25,-5,-25,-4,-24,-5,-24,-5,-23,-5,-24,-5,-23,-5,0,0,-23,-7,-23,-8,-24,-8,-24,-9,-24,-10,-24,-12,-24,-12,-24,-13,-23,-14,-24,-13,-22,-15,-22,-15,-18,-15,-18,-13,-16,-14,-15,-14,-14,-13,-16,-12,-16,-12,-16,-14,-16,-14,-15,-14,-15,-14,-13,-15,-13,-14,-12,-13,-9,-12,-8,-12]"
CSI_DATA,263413,d8:b1:90:d9:de:f0,-66,11,-99,-36,68,56,-456741655,100,0,114,0,"[10,-25,13,-28,15,-30,16,-28,17,-29,17,-27,17,-25,17,-24,16,-22,16,-21,15,-20,15,-19,16,-20,16,-19,15,-19,16,-21,14,-21,16,-21,16,-21,14,-21,14,-22,14,-20,13,-20,12,-21,13,-20,12,-19,11,-19,13,-19,0,0,13,-20,13,-20,15,-20,15,-21,16,-20,16,-22,18,-22,17,-22,19,-21,18,-21,19,-18,17,-18,17,-17,16,-16,16,-15,15,-13,14,-14,14,-13,14,-14,14,-13,14,-13,15,-13,12,-14,15,-14,16,-12,14,-11,12,-11,11,-8]"
CSI_DATA,263414,d8:b1:90:d9:de:f0,-66,11,-99,-35,67,56,-456731420,100,0,114,0,"[-5,30,-8,32,-9,34,-9,34,-10,35,-10,34,-9,33,-8,32,-7,29,-7,28,-6,26,-5,26,-5,25,-3,27,-3,27,-2,27,-2,28,0,28,0,29,0,27,1,28,1,28,3,27,5,26,3,26,4,26,5,25,7,24,0,0,7,25,8,24,8,27,9,28,9,29,10,28,11,30,11,31,10,29,10,28,10,27,9,27,9,24,9,23,9,20,9,20,9,19,10,18,10,17,9,17,10,16,13,18,13,17,12,18,11,16,12,15,10,14,8,12]"
CSI_DATA,263415,d8:b1:90:d9:de:f0,-66,11,-99,-37,68,56,-456721319,100,0,114,0,"[-25,14,-28,14,-31,14,-32,13,-33,12,-32,11,-31,9,-29,9,-27,9,-27,8,-24,7,-24,7,-25,7,-24,7,-23,7,-23,7,-24,8,-25,8,-25,9,-25,8,-24,9,-24,10,-23,8,-22,10,-24,9,-23,8,-22,10,-22,9,0,0,-22,8,-22,10,-22,10,-25,9,-26,9,-27,9,-28,9,-27,8,-29,7,-29,7,-27,6,-23,4,-23,4,-22,4,-22,4,-21,2,-20,4,-20,3,-20,4,-19,3,-20,3,-19,4,-19,3,-21,3,-20,2,-19,2,-16,1,-13,2]"
CSI_DATA,263416,d8:b1:90:d9:de:f0,-65,11,-99,-35,67,56,-456701047,100,0,114,0,"[29,-10,32,-11,34,-9,35,-7,37,-7,34,-5,34,-4,32,-4,31,-4,31,-4,28,-3,28,-3,27,-4,27,-4,27,-4,28,-4,28,-4,29,-4,28,-5,27,-6,28,-6,28,-6,28,-6,27,-7,26,-7,24,-6,24,-8,24,-8,0,0,26,-8,25,-7,26,-6,28,-7,27,-7,29,-6,30,-7,30,-5,30,-5,31,-5,29,-5,27,-3,27,-3,24,-3,23,-2,21,-2,20,-2,19,-2,20,-3,20,-2,21,-2,20,-2,20,-2,20,-3,21,-3,19,-1,16,-1,14,-1]"
CSI_DATA,263417,d8:b1:90:d9:de:f0,-66,11,-99,-37,68,56,-456681727,100,0,114,0,"[-22,-19,-23,-21,-24,-23,-25,-24,-27,-25,-25,-23,-23,-24,-22,-21,-22,-21,-20,-19,-20,-18,-20,-17,-20,-16,-21,-16,-21,-15,-22,-15,-22,-15,-24,-13,-24,-12,-24,-12,-24,-11,-25,-11,-25,-11,-25,-10,-23,-8,-22,-7,-22,-6,-23,-6,0,0,-24,-6,-24,-5,-25,-5,-26,-5,-26,-5,-28,-6,-28,-6,-27,-6,-28,-4,-27,-4,-27,-3,-25,-4,-24,-3,-23,-3,-22,-2,-20,-1,-20,-1,-19,0,-20,0,-18,0,-20,0,-19,0,-19,0,-20,0,-19,1,-17,1,-14,0,-13,0]"
CSI_DATA,263418,d8:b1:90:d9:de:f0,-66,11,-99,-35,67,56,-456671548,100,0,114,0,"[9,30,8,33,6,36,4,35,4,37,3,34,1,35,1,33,1,33,0,31,0,29,0,30,0,28,0,27,0,28,0,28,1,27,0,29,0,28,0,28,1,28,1,29,1,29,1,27,1,27,1,27,1,26,2,26,0,0,0,25,1,26,0,25,0,29,0,30,0,31,0,32,-1,31,-2,30,-3,30,-2,29,-4,27,-4,26,-3,24,-4,22,-4,20,-3,21,-4,19,-4,19,-5,19,-4,19,-4,20,-4,20,-4,19,-4,16,-5,15,-4,15,-4,12]"
CSI_DATA,263419,d8:b1:90:d9:de:f0,-66,11,-99,-37,68,56,-456651212,100,0,114,0,"[-24,-15,-27,-18,-28,-20,-28,-22,-27,-23,-26,-23,-23,-22,-22,-22,-22,-21,-20,-21,-19,-19,-18,-19,-17,-19,-17,-19,-18,-19,-18,-18,-19,-20,-18,-19,-19,-20,-19,-18,-19,-20,-19,-18,-18,-18,-18,-17,-17,-17,-17,-16,-17,-17,-17,-15,0,0,-17,-17,-15,-16,-16,-18,-18,-19,-18,-21,-18,-22,-17,-22,-17,-23,-17,-23,-16,-22,-15,-22,-12,-22,-12,-21,-11,-21,-11,-18,-10,-18,-10,-17,-10,-16,-11,-16,-9,-15,-10,-17,-10,-16,-10,-17,-9,-16,-10,-14,-8,-14,-6,-13,-5,-11]"
CSI_DATA,263420,d8:b1:90:d9:de:f0,-66,11,-99,-33,67,56,-456631713,100,0,114,0,"[-29,-5,-33,-8,-34,-9,-34,-10,-34,-11,-33,-12,-32,-11,-30,-11,-28,-10,-28,-10,-25,-8,-24,-8,-25,-8,-27,-7,-25,-7,-26,-5,-27,-6,-27,-6,-27,-4,-26,-3,-27,-4,-26,-3,-26,-2,-25,-1,-24,-1,-24,-1,-23,0,-24,0,0,0,-25,0,-24,0,-25,0,-28,0,-28,0,-29,0,-29,0,-30,0,-29,0,-29,0,-28,0,-26,0,-25,0,-23,0,-23,0,-21,0,-21,0,-20,0,-20,1,-19,0,-20,1,-19,1,-18,1,-19,2,-21,2,-18,2,-14,1,-14,2]"
CSI_DATA,263421,d8:b1:90:d9:de:f0,-66,11,-99,-34,67,56,-456621632,100,0,114,0,"[-13,-25,-14,-29,-13,-32,-11,-34,-11,-34,-8,-33,-7,-32,-5,-32,-4,-30,-4,-29,-4,-28,-3,-26,-2,-26,-3,-25,-2,-26,-2,-26,-2,-27,-2,-27,-2,-27,-2,-26,-4,-28,-2,-26,-2,-26,-2,-25,-2,-24,-2,-24,-3,-24,-2,-23,0,0,0,-25,-1,-25,0,-26,0,-25,0,-27,0,-29,0,-28,2,-30,2,-29,3,-28,4,-28,3,-28,3,-25,6,-25,4,-21,5,-20,5,-20,5,-18,5,-19,5,-18,4,-19,5,-19,4,-20,5,-19,5,-17,5,-16,5,-16,5,-15]"
CSI_DATA,263422,d8:b1:90:d9:de:f0,-66,11,-99,-36,68,56,-456600964,100,0,114,0,"[4,28,2,32,0,33,0,35,-2,34,-3,33,-4,32,-5,31,-5,29,-7,28,-6,25,-6,24,-7,24,-7,24,-7,24,-7,24,-8,25,-8,24,-8,25,-8,24,-8,25,-7,24,-7,23,-7,24,-8,23,-8,22,-7,22,-8,21,0,0,-8,21,-8,21,-9,24,-9,23,-10,24,-11,24,-12,24,-15,25,-15,23,-15,22,-16,21,-15,20,-15,20,-14,17,-14,16,-14,15,-13,15,-13,14,-13,14,-14,14,-13,14,-14,14,-13,14,-14,13,-14,11,-13,11,-11,10,-10,9]"
CSI_DATA,263423,d8:b1:90:d9:de:f0,-66,11,-99,-36,68,56,-456581653,100,0,114,0,"[-5,-30,-5,-32,-3,-34,-3,-35,-1,-35,0,-35,0,-32,0,-32,0,-30,0,-27,0,-25,0,-25,0,-26,0,-25,0,-26,0,-26,-3,-25,0,-26,-3,-26,-2,-25,-3,-27,-4,-27,-5,-25,-4,-24,-5,-24,-4,-24,-5,-23,-4,-22,0,0,-7,-20,-5,-22,-7,-24,-7,-24,-8,-26,-8,-26,-8,-27,-6,-27,-6,-25,-6,-24,-5,-24,-4,-24,-5,-23,-5,-22,-3,-19,-3,-20,-3,-17,-4,-18,-5,-19,-4,-18,-5,-17,-4,-18,-5,-18,-5,-21,-4,-17,-6,-17,-3,-16,-4,-16]"
CSI_DATA,263424,d8:b1:90:d9:de:f0,-66,11,-99,-34,67,56,-456561592,100,0,114,0,"[10,-29,13,-33,15,-33,16,-33,16,-33,16,-33,16,-31,16,-29,15,-27,14,-25,12,-25,12,-24,12,-26,10,-25,8,-26,9,-25,10,-27,9,-28,8,-28,7,-27,7,-28,7,-28,4,-27,2,-26,3,-26,3,-27,2,-25,1,-25,0,0,2,-24,0,-25,0,-27,0,-27,0,-29,0,-29,0,-30,0,-28,0,-28,0,-27,0,-28,0,-28,0,-25,0,-23,0,-22,0,-21,0,-21,0,-19,0,-20,0,-20,0,-20,-1,-21,-3,-21,-2,-22,-1,-20,-1,-19,-2,-18,-1,-16]"
CSI_DATA,263425,d8:b1:90:d9:de:f0,-66,11,-99,-37,68,56,-456551352,100,0,114,0,"[0,29,-3,32,-5,34,-7,35,-8,33,-9,33,-10,31,-10,29,-10,28,-10,26,-10,25,-9,23,-10,23,-10,23,-10,25,-10,24,-11,26,-11,25,-11,26,-11,26,-11,24,-11,25,-10,24,-9,23,-10,22,-10,22,-10,22,-10,22,0,0,-9,21,-9,22,-11,22,-11,22,-13,22,-13,24,-13,23,-14,23,-16,22,-16,22,-15,21,-15,20,-15,19,-15,18,-14,16,-15,14,-13,13,-14,14,-15,14,-14,14,-15,13,-16,14,-13,14,-16,15,-16,11,-15,12,-13,11,-12,10]"
CSI_DATA,263426,d8:b1:90:d9:de:f0,-66,11,-99,-36,68,56,-456531315,100,0,114,0,"[-17,23,-21,24,-24,25,-25,24,-26,24,-25,23,-24,20,-24,18,-23,18,-22,16,-21,16,-21,16,-20,16,-20,15,-20,15,-19,16,-19,16,-21,16,-20,16,-20,16,-21,16,-20,16,-19,16,-18,16,-17,16,-17,16,-16,16,-17,15,0,0,-17,16,-17,16,-17,16,-18,17,-19,16,-21,16,-20,16,-22,16,-22,15,-23,16,-21,14,-20,13,-19,11,-18,10,-18,10,-17,9,-16,9,-18,9,-18,10,-18,9,-19,9,-17,9,-17,8,-18,9,-20,9,-18,8,-16,8,-15,7]"
CSI_DATA,263427,d8:b1:90:d9:de:f0,-66,11,-99,-33,67,56,-456511648,100,0,114,0,"[0,-30,2,-32,3,-34,4,-34,5,-35,5,-34,5,-33,5,-31,5,-30,4,-27,5,-26,4,-25,3,-25,3,-25,2,-25,1,-25,1,-26,1,-27,0,-26,0,-26,0,-27,0,-27,0,-25,-1,-26,-1,-24,-2,-25,-3,-24,-2,-24,0,0,-3,-23,-5,-24,-5,-25,-4,-26,-4,-27,-6,-27,-5,-28,-4,-28,-3,-28,-3,-28,-3,-27,-2,-26,-2,-24,-2,-22,-2,-21,-2,-21,-2,-21,-2,-20,-2,-20,-2,-20,-2,-20,-2,-22,-4,-22,-3,-22,-3,-21,-3,-21,-3,-20,-1,-17]"
CSI_DATA,263428,d8:b1:90:d9:de:f0,-66,11,-99,-37,68,56,-456499435,100,0,114,0,"[-29,0,-32,-2,-33,-3,-34,-5,-33,-6,-34,-8,-31,-8,-30,-7,-28,-7,-27,-8,-25,-7,-24,-6,-24,-5,-24,-6,-25,-6,-25,-5,-25,-5,-25,-5,-26,-5,-25,-4,-26,-5,-27,-4,-24,-5,-24,-4,-24,-3,-23,-2,-23,-2,-23,-2,0,0,-23,-2,-23,-1,-25,-2,-26,-3,-27,-4,-27,-5,-27,-5,-27,-7,-27,-7,-26,-6,-27,-6,-23,-8,-22,-6,-22,-6,-21,-6,-20,-7,-19,-7,-20,-5,-20,-6,-19,-6,-20,-6,-19,-7,-20,-7,-22,-8,-22,-8,-21,-8,-17,-8,-16,-7]"
CSI_DATA,263429,d8:b1:90:d9:de:f0,-66,11,-99,-34,67,56,-456481462,100,0,114,0,"[9,29,8,33,6,35,5,36,3,36,2,35,1,34,0,32,0,30,0,28,0,27,0,26,0,25,0,26,0,27,0,27,1,28,0,28,0,27,0,27,1,28,0,28,0,26,0,26,0,25,0,25,0,24,0,24,0,0,0,24,0,27,-1,26,0,25,0,26,-1,29,-3,28,-3,30,-5,29,-6,29,-6,27,-5,26,-6,24,-6,22,-7,21,-7,20,-7,20,-7,19,-6,19,-8,19,-8,21,-9,22,-7,22,-10,21,-10,20,-10,18,-11,18,-9,16]"
CSI_DATA,263430,d8:b1:90:d9:de:f0,-66,11,-99,-34,67,56,-456471415,100,0,114,0,"[12,30,11,33,10,34,10,34,10,35,9,34,9,34,9,32,9,28,8,27,9,25,9,25,9,24,10,23,11,23,11,23,13,23,14,24,14,23,15,22,16,22,16,22,16,21,16,19,17,19,16,18,16,17,16,16,0,0,18,17,18,16,18,16,20,17,21,17,22,18,23,17,22,19,22,18,22,18,21,17,20,18,18,16,18,16,18,15,17,12,17,13,17,11,18,11,18,12,19,12,19,12,21,14,22,13,20,10,19,11,17,11,17,9]"
CSI_DATA,263431,d8:b1:90:d9:de:f0,-66,11,-99,-37,68,56,-456451393,100,0,114,0,"[-29,-1,-32,-2,-33,-2,-34,-4,-33,-4,-33,-4,-30,-3,-30,-2,-28,-1,-27,-1,-25,0,-24,0,-24,0,-24,2,-24,3,-24,3,-25,4,-24,5,-26,6,-25,7,-24,9,-23,9,-23,10,-22,11,-22,11,-22,11,-20,11,-21,13,0,0,-21,13,-18,13,-19,14,-22,14,-21,16,-22,17,-22,17,-22,17,-23,17,-22,17,-21,17,-19,17,-19,16,-17,16,-16,15,-17,14,-15,14,-15,17,-15,16,-14,17,-15,18,-13,18,-14,17,-15,21,-15,21,-15,19,-12,18,-11,15]"
CSI_DATA,263432,d8:b1:90:d9:de:f0,-65,11,-99,-35,67,56,-456431432,100,0,114,0,"[27,-16,30,-16,33,-16,34,-14,35,-13,34,-10,34,-9,33,-8,31,-6,30,-5,28,-5,27,-4,28,-4,27,-4,26,-4,27,-4,26,-3,29,-3,29,-4,29,-3,29,-3,28,-3,27,-1,26,-3,27,0,25,-1,25,0,25,-1,0,0,25,0,26,0,26,0,29,1,28,3,29,4,29,4,29,7,29,7,29,7,28,8,23,9,22,9,21,9,22,10,20,10,19,11,19,9,20,10,20,11,19,12,19,12,18,13,18,15,19,14,17,14,14,13,11,12]"
CSI_DATA,263433,d8:b1:90:d9:de:f0,-66,11,-99,-34,67,56,-456411645,100,0,114,0,"[29,-11,33,-11,35,-10,37,-10,37,-9,36,-7,34,-5,33,-6,31,-5,30,-3,28,-3,27,-3,26,-3,27,-3,27,-3,27,-3,28,-3,28,-4,27,-5,27,-5,27,-4,26,-5,26,-3,26,-6,27,-4,25,-3,25,-3,25,-4,0,0,24,-3,24,-3,26,-2,27,-2,27,-1,28,-2,28,0,27,0,29,0,28,0,26,2,24,3,23,3,22,3,21,3,19,4,18,3,18,3,18,2,21,4,20,4,20,4,20,6,20,7,21,7,19,7,16,7,15,6]"
CSI_DATA,263434,d8:b1:90:d9:de:f0,-66,11,-99,-34,67,56,-456396859,100,0,114,0,"[0,-32,3,-34,5,-36,6,-36,7,-37,8,-34,10,-33,10,-33,9,-30,8,-30,8,-27,9,-26,8,-27,8,-26,7,-26,9,-26,8,-26,9,-26,8,-27,8,-28,7,-28,8,-27,7,-27,7,-25,9,-26,7,-24,6,-24,7,-22,0,0,8,-23,8,-23,10,-23,10,-24,10,-25,13,-24,12,-24,13,-24,14,-21,16,-22,15,-20,14,-18,13,-17,13,-16,14,-14,13,-13,12,-13,13,-12,12,-13,14,-14,15,-12,14,-13,13,-13,15,-12,16,-10,15,-9,13,-8,11,-7]"
CSI_DATA,263435,d8:b1:90:d9:de:f0,-65,11,-99,-34,67,56,-456381601,100,0,114,0,"[13,30,14,33,14,34,14,35,16,37,15,34,15,34,14,32,16,30,15,28,15,26,16,26,16,24,16,23,17,23,17,22,21,22,22,23,23,20,24,19,23,19,25,18,23,16,23,15,24,16,23,14,24,13,23,11,0,0,21,10,24,9,24,8,27,9,26,8,28,8,28,8,26,8,26,7,25,6,24,5,22,6,21,4,19,4,20,3,18,3,17,3,16,1,17,0,16,1,16,0,17,0,18,0,17,0,16,0,15,0,14,0,13,0]"
CSI_DATA,263436,d8:b1:90:d9:de:f0,-65,11,-99,-35,67,56,-456361644,100,0,114,0,"[-28,-16,-30,-19,-31,-22,-31,-25,-29,-27,-30,-27,-26,-26,-24,-27,-22,-24,-21,-24,-20,-24,-19,-23,-19,-23,-19,-22,-21,-24,-19,-23,-20,-25,-18,-25,-20,-24,-19,-23,-19,-25,-21,-24,-18,-24,-18,-24,-16,-21,-16,-21,-15,-20,-16,-21,0,0,-14,-21,-14,-21,-14,-23,-14,-23,-13,-24,-13,-25,-12,-25,-12,-26,-11,-25,-10,-24,-9,-23,-5,-22,-5,-21,-5,-20,-4,-18,-4,-17,-4,-16,-3,-16,-3,-15,-2,-14,-3,-15,0,-17,-1,-16,-1,-17,-1,-14,0,-14,0,-12,0,-12]"
CSI_DATA,263437,d8:b1:90:d9:de:f0,-65,11,-99,-36,66,56,-456351676,100,0,228,0,"[19,-15,24,-15,30,-14,33,-13,37,-12,39,-11,38,-11,-78,-1,34,-10,31,-10,28,-8,24,-7,22,-6,21,-4,19,-3,17,-2,16,0,15,1,14,2,14,3,14,2,-23,-11,10,3,6,2,3,1,1,0,-2,1,-6,2,0,0,-12,5,-15,8,-17,11,-19,14,-20,16,-21,20,42,16,-19,23,-16,23,-14,21,-13,20,-10,17,-8,14,-7,11,-6,8,-5,6,-5,4,-5,3,-6,3,-6,2,-68,16,-5,2,-4,3,-3,3,0,2,0,2,2,3,3,1,-12,2,-11,13,1,20,14,16,23,3,19,-13,6,-22,25,-32,-20,-11,-23,6,-14,21,4,26,23,16,29,-5,16,-26,-8,-32,-30,-16,-32,10,-13,30,12,29,26,10,34,-6,8,-20,-5,-17,-15,-8,-14,3,-8,10,-1,13,0,0,12,0,8,-7,0,-12,-8,-6,-8,2,-2,5,-16,24,1,-4,-5,-3,-7,5,1,13,12,8,16,-4,6,-16,-7,-16,-19,-4,-14,11,0,19,13,12,16,-1,3,-8,-3,-12,-10,-3,-7,3,-1,5,2,3,1,0,-1,-1]"
CSI_DATA,263438,d8:b1:90:d9:de:f0,-64,11,-99,-36,66,56,-456341078,100,0,228,0,"[3,-25,7,-30,11,-32,13,-34,16,-37,17,-37,16,-37,-78,-1,13,-34,12,-31,10,-28,8,-25,7,-23,6,-21,7,-19,8,-16,8,-15,10,-13,10,-12,10,-11,10,-10,-23,-11,7,-7,5,-6,3,-2,3,0,1,3,1,7,0,0,2,14,4,16,6,21,10,23,13,24,15,24,131,0,20,23,21,20,21,17,20,14,17,12,13,10,12,8,8,7,6,6,5,6,4,6,2,6,3,5,26,0,3,4,2,3,2,2,3,1,2,-1,1,-2,0,-3,-7,11,3,16,16,13,23,0,17,-16,2,-23,-13,-20,-7,-41,-22,11,-8,23,8,25,25,11,28,-10,12,-29,-13,-30,-32,-10,-30,19,-6,33,20,26,31,2,22,-19,11,-33,-15,-16,-20,-1,-13,10,-2,15,6,12,13,4,0,0,5,-12,-5,-11,-12,-3,-7,6,0,7,4,3,20,22,-4,0,-3,6,5,8,13,0,8,-12,-5,-17,-17,-7,-17,8,-5,20,12,15,19,1,11,-13,-2,-15,-10,-1,-13,4,-4,10,4,6,5,1,3,-1,0,-1,0,0]"
CSI_DATA,263439,d8:b1:90:d9:de:f0,-65,11,-99,-38,67,56,-456321693,100,0,228,0,"[12,19,11,24,9,29,8,33,6,37,6,38,5,37,-74,-1,5,33,5,31,5,28,4,25,3,22,1,20,0,18,-1,15,-2,13,-3,12,-5,11,-5,10,-6,10,-22,-10,-4,7,-2,5,0,1,1,-1,3,-4,3,-7,0,0,3,-15,1,-19,1,-22,-1,-25,-3,-27,-6,-28,-20,15,-9,-29,-9,-27,-10,-24,-9,-22,-8,-20,-7,-16,-5,-12,-4,-10,-2,-8,-1,-7,-1,-6,0,-6,1,-5,12,0,0,-4,-1,-3,-1,-2,-3,-2,-3,0,-4,1,-4,2,0,-12,-10,-11,-19,-2,-16,11,-5,20,8,19,19,8,25,31,13,-15,-1,-22,-15,-18,-26,-2,-21,18,-3,28,20,23,32,1,24,-23,-1,-32,-24,-22,-30,3,-18,21,-1,32,15,13,18,-1,11,-10,2,-13,-6,-11,-11,-3,0,0,-4,10,4,10,9,2,6,-5,-1,-7,-4,-2,-10,-25,6,4,8,-5,0,-12,-12,-9,-16,5,-7,18,8,18,19,4,15,-11,1,-20,-13,-13,-16,2,-9,13,5,9,12,6,10,-3,3,-8,-3,-5,-4,-1,-1,2,0,1]"
CSI_DATA,263440,d8:b1:90:d9:de:f0,-65,11,-99,-36,66,56,-456311615,100,0,228,0,"[-20,12,-26,10,-31,7,-35,4,-38,2,-40,0,-39,-1,-78,-1,-34,-2,-32,-3,-29,-3,-25,-3,-22,-4,-20,-4,-16,-5,-14,-7,-12,-7,-10,-10,-8,-11,-7,-11,-5,-10,-23,-11,-3,-7,-2,-3,-1,-2,0,1,2,4,4,7,0,0,10,11,13,14,16,16,20,16,23,19,25,19,12,1,25,16,25,15,24,13,21,12,17,12,15,8,12,7,10,8,6,7,4,6,3,7,3,5,2,6,19,0,2,3,2,2,2,1,1,1,3,-1,3,-3,3,-3,13,0,12,-11,3,-19,-10,-16,-19,-7,-21,6,-12,17,-38,19,13,17,22,5,22,-11,10,-23,-10,-26,-26,-13,-30,11,-15,31,11,31,31,13,31,-12,12,-28,-10,-26,-26,-17,-21,7,-10,16,2,15,10,10,13,2,12,-6,0,0,-4,-10,-10,-4,-8,4,-1,7,5,4,4,-3,24,12,-6,2,-2,11,8,10,16,0,12,-15,-3,-19,-19,-10,-20,7,-7,19,8,19,19,4,15,-10,2,-17,-8,-7,-13,-1,-7,7,0,8,4,4,3,-1,0,-1,0,0]"
CSI_DATA,263441,d8:b1:90:d9:de:f0,-65,11,-99,-35,66,56,-456301337,100,0,228,0,"[-8,-21,-6,-27,-4,-32,-2,-35,0,-38,1,-39,2,-39,-76,-1,2,-34,1,-31,1,-28,1,-26,1,-23,1,-20,3,-17,4,-15,5,-11,7,-11,7,-10,8,-9,7,-8,-22,-10,5,-5,3,-3,1,0,-1,1,-2,4,-4,7,0,0,-4,14,-4,19,-5,22,-4,26,-2,29,0,30,-16,16,3,30,4,28,5,27,5,23,4,19,3,17,2,14,2,11,1,9,0,8,0,6,-1,5,-2,4,-16,16,0,4,0,2,2,1,4,1,4,-1,4,-2,5,-2,-2,13,8,13,17,5,17,-8,8,-19,-5,-20,-17,-13,-19,-35,-17,13,-5,21,11,21,23,7,23,-11,9,-28,-15,-27,-31,-8,-28,18,-6,32,19,26,30,4,22,-17,9,-31,-13,-16,-17,-3,-13,7,-4,13,4,11,8,6,0,0,6,-9,-2,-9,-7,-4,-6,4,-1,6,4,2,2,25,-6,-4,-9,5,-1,14,11,11,18,-3,10,-17,-6,-20,-19,-6,-18,9,-4,19,11,16,18,2,11,-10,-2,-10,-10,-8,-10,1,-4,7,2,6,3,2,1,-1,0,0]"
CSI_DATA,263442,d8:b1:90:d9:de:f0,-65,11,-99,-38,67,56,-456291226,100,0,228,0,"[-14,15,-21,15,-27,14,-32,12,-36,11,-37,9,-37,7,-74,-1,-33,6,-30,5,-27,4,-24,3,-22,1,-19,0,-16,-2,-14,-3,-12,-5,-11,-6,-10,-7,-9,-8,-6,-7,-22,-10,-4,-5,-3,-3,-1,-1,1,2,4,4,6,7,0,0,13,10,15,10,19,12,22,13,25,13,27,12,44,1,28,10,27,9,25,9,23,9,19,8,15,7,12,6,9,6,7,6,5,6,4,5,3,5,2,5,25,0,2,3,2,1,2,0,1,-1,2,-3,3,-5,1,-6,12,-3,9,-12,-2,-19,-13,-13,-20,-3,-18,10,-6,18,-30,26,16,12,22,0,18,-14,4,-25,-15,-23,-28,-6,-27,15,-6,31,18,27,32,6,26,-18,5,-30,-15,-23,-29,-11,-16,11,-5,16,6,13,10,7,11,0,7,-8,0,0,-5,-8,-10,-1,-6,6,1,7,6,2,3,-4,24,8,-6,4,-1,10,12,8,16,-4,8,-16,-7,-19,-20,-7,-19,10,-3,21,12,16,19,1,12,-12,-1,-16,-10,-6,-12,1,-6,8,1,8,4,4,3,-1,1,-1,0,0]"
CSI_DATA,263443,d8:b1:90:d9:de:f0,-65,11,-99,-35,66,56,-456271406,100,0,228,0,"[-9,-20,-6,-26,-3,-31,0,-35,2,-39,4,-39,5,-39,-76,-1,4,-34,5,-31,5,-28,4,-25,4,-21,5,-18,5,-15,6,-11,8,-9,9,-7,10,-6,10,-5,10,-4,-22,-10,7,-3,4,-2,2,-1,-1,1,-4,3,-7,4,0,0,-13,10,-15,14,-16,18,-17,21,-16,23,-16,26,124,16,-15,28,-13,27,-10,23,-8,21,-8,19,-7,15,-7,11,-6,8,-6,6,-6,5,-5,2,-5,2,-5,1,-57,16,-3,1,-2,1,0,1,3,2,5,2,5,2,6,1,-2,13,10,14,18,5,19,-9,8,-20,-5,-20,-16,-13,-15,-37,-17,11,-6,20,7,21,21,10,27,-6,14,-25,-8,-29,-29,-15,-31,9,-14,30,10,29,27,10,25,-10,18,-25,-7,-18,-14,-7,-14,2,-8,8,-2,9,4,8,0,0,9,-4,3,-8,-4,-6,-6,0,-2,4,3,2,-11,21,-4,-7,-11,-1,-10,11,3,18,18,8,20,-8,8,-21,-10,-19,-21,-3,-17,11,-2,19,13,14,17,1,5,-8,-1,-13,-7,-7,-7,0,-3,3,-1,2,-1,1,0,2]"
CSI_DATA,263444,d8:b1:90:d9:de:f0,-65,11,-99,-37,67,56,-456251192,100,0,228,0,"[11,-17,17,-17,22,-17,27,-17,31,-16,33,-16,33,-15,-72,-1,30,-14,26,-13,25,-12,21,-11,19,-8,16,-7,14,-5,12,-1,10,0,9,3,10,5,8,6,8,6,-21,-10,5,4,3,2,2,0,-1,-2,-4,-3,-7,-4,0,0,-15,-5,-18,-5,-23,-4,-25,-2,-28,-2,-30,0,-86,14,-29,4,-27,5,-24,4,-21,4,-17,3,-14,2,-12,1,-9,-2,-8,-3,-6,-3,-5,-4,-5,-5,-5,-6,-54,15,-3,-3,-3,-1,-2,1,0,3,1,5,2,7,3,7,-13,4,-8,15,5,19,18,11,21,-2,14,-15,1,-19,22,-31,-17,-7,-19,5,-13,17,1,23,17,16,26,-1,20,-22,-2,-30,-23,-20,-31,4,-16,24,6,27,21,12,27,-1,10,-15,-2,-14,-9,-7,-8,-1,-7,3,-4,7,0,0,7,5,8,-2,2,-7,-3,-5,-5,1,0,6,-24,4,6,-8,-6,-12,-16,-3,-14,13,1,20,18,13,21,-5,10,-20,-9,-20,-20,-7,-16,10,-3,18,10,13,10,-2,9,-7,0,-9,-3,-5,-3,-2,-1,-1,-2,-2,-3,0]"
CSI_DATA,263445,d8:b1:90:d9:de:f0,-65,11,-99,-37,67,56,-456231653,100,0,228,0,"[-7,19,-11,21,-17,22,-21,23,-26,24,-27,24,-26,24,-72,-1,-23,22,-21,21,-18,19,-16,16,-14,14,-12,11,-11,9,-10,6,-9,2,-8,1,-9,-1,-10,-2,-10,-3,-21,-10,-7,-1,-6,-1,-3,0,1,1,5,1,8,0,0,0,14,-3,18,-6,20,-10,22,-13,23,-15,22,-19,11,1,20,-22,18,-21,15,-19,13,-17,12,-14,9,-11,9,-8,7,-6,6,-3,7,-3,8,0,7,-1,8,0,82,0,5,-2,3,-2,1,-3,-2,-3,-4,-3,-7,-3,-8,-1,12,-6,5,-16,-9,-18,-21,-7,-20,9,-9,19,4,20,-11,36,19,1,16,-11,6,-19,-9,-19,-22,-9,-23,10,-9,26,13,26,29,7,26,-16,4,-29,-17,-21,-24,0,-24,12,0,17,9,11,10,1,7,-4,4,-6,0,-8,0,0,-8,0,-6,5,1,8,7,2,4,-4,-3,-5,15,-17,1,10,13,5,15,-9,2,-19,-15,-14,-22,3,-11,20,8,22,21,7,18,-10,4,-20,-11,-15,-17,-1,-4,8,-1,12,6,7,6,2,4,-1,3,-1,3,-2,2,-4]"
CSI_DATA,263446,d8:b1:90:d9:de:f0,-65,11,-99,-37,67,56,-456221542,100,0,228,0,"[19,-7,25,-3,28,2,31,6,33,9,34,11,34,12,-72,-1,31,11,28,10,25,10,21,8,18,8,15,8,11,8,9,9,5,9,2,10,1,11,-1,12,-2,12,-21,-10,-2,10,-1,7,0,4,0,0,-1,-3,0,-7,0,0,-5,-14,-6,-17,-8,-20,-11,-21,-14,-24,-16,-25,88,15,-18,-22,-17,-21,-15,-19,-14,-17,-10,-15,-7,-12,-5,-10,-2,-10,0,-9,2,-7,3,-8,3,-8,3,-7,48,0,2,-6,1,-3,-1,-3,-3,-2,-4,1,-6,4,-6,5,-14,-5,-17,7,-9,20,7,22,20,12,21,-3,14,-15,36,-7,-8,-16,-17,-9,-19,5,-14,17,1,24,18,18,28,0,21,-21,-1,-30,-23,-20,-29,2,-17,21,4,23,14,24,17,-2,9,-10,1,-10,-4,-8,-6,-5,-7,0,0,0,-1,10,5,7,8,0,5,-5,-2,-4,-4,2,-15,-18,9,0,7,-10,-5,-14,-18,-6,-18,11,-4,23,15,18,23,0,15,-16,-2,-21,-16,-11,-17,4,-8,13,7,7,9,7,7,0,5,-3,4,-3,2,-4,0,-5,-2,-4]"
CSI_DATA,263447,d8:b1:90:d9:de:f0,-65,9,-99,-37,67,56,-456203337,124,0,106,0,"[-48,0,12,15,-45,0,-83,14,-33,0,-91,14,-37,0,-45,14,-63,0,24,15,-102,0,88,15,99,0,-131,15,33,0,-116,15,-15,15,-120,15,-31,15,125,15,-15,15,-114,15,2,0,-42,15,1,0,40,0,0,0,0,0,-107,15,-79,0,63,15,-51,0,-13,14,-53,0,-46,14,-104,0,-18,14,102,0,64,15,68,0,-120,15,64,0,-73,15,71,0,-46,15,76,0,-41,15,77,0,-43,15,54,0,-33,15,-4,15,-8,15]"
CSI_DATA,263448,d8:b1:90:d9:de:f0,-65,11,-99,-36,67,56,-456191066,100,0,228,0,"[-19,-3,-21,-8,-24,-14,-26,-17,-26,-21,-28,-23,-27,-22,-70,-1,-26,-19,-24,-17,-22,-15,-19,-12,-16,-11,-14,-10,-11,-9,-7,-9,-5,-10,-2,-10,-1,-11,1,-13,1,-12,-21,-10,-1,-10,-1,-7,-1,-4,-1,0,0,3,1,7,0,0,7,14,10,15,15,16,18,18,22,18,25,17,24,1,27,12,25,10,24,8,21,7,16,6,14,6,11,5,7,6,5,7,3,7,3,9,3,8,3,8,31,0,4,5,3,2,4,0,3,-2,3,-6,1,-8,0,-9,9,12,19,2,17,-13,3,-22,-14,-18,-21,-3,-18,8,-35,-6,3,18,13,12,20,1,17,-13,4,-24,-14,-21,-27,-5,-23,19,-1,31,22,20,29,-3,16,-22,-5,-23,-18,-22,-16,4,-7,10,1,10,5,6,8,3,8,-2,0,0,-1,-9,-8,-5,-9,4,-1,9,6,3,5,-5,22,8,-10,3,-3,13,13,12,20,-3,11,-19,-10,-22,-24,-6,-19,15,-2,23,16,15,20,-3,9,-16,-4,-15,-10,1,-11,3,-3,7,0,5,1,4,1,4,4,4,5,1]"
CSI_DATA,263449,d8:b1:90:d9:de:f0,-65,11,-99,-37,67,56,-456171351,100,0,228,0,"[20,-6,24,-1,27,3,30,9,31,12,32,14,32,16,-72,-1,28,15,25,14,23,12,20,12,18,10,14,10,11,10,8,10,5,9,2,10,0,10,-1,10,-3,11,-21,-10,-2,9,-1,6,0,3,1,1,2,-3,3,-7,0,0,2,-14,1,-18,0,-22,-2,-25,-4,-28,-5,-29,-46,15,-7,-28,-6,-27,-6,-24,-5,-22,-4,-19,-3,-15,0,-12,1,-10,3,-8,5,-7,5,-6,5,-5,5,-4,63,0,3,-4,1,-3,-1,-3,-3,-3,-6,-3,-8,-1,-10,0,-12,-6,-17,5,-11,17,4,22,16,14,21,1,15,-11,37,-1,-5,-17,-14,-11,-19,0,-16,13,-4,23,14,21,27,5,24,-16,6,-29,-17,-23,-29,-4,-21,17,-3,24,9,25,17,2,11,-7,3,-10,-3,-9,-6,-6,-8,-1,0,0,-2,8,4,8,8,1,5,-5,-3,-7,-6,1,-6,-21,9,6,13,-6,3,-17,-13,-14,-23,0,-14,18,4,24,20,12,22,-7,9,-20,-8,-19,-17,-7,-15,7,0,10,5,12,7,5,6,-1,4,-2,3,-2,3,-3,0,-5]"
CSI_DATA,263450,d8:b1:90:d9:de:f0,-65,11,-99,-36,67,56,-456150426,100,0,228,0,"[5,20,2,24,-2,27,-5,31,-8,34,-9,34,-9,35,-70,-1,-6,32,-5,31,-4,27,-2,24,-3,21,-2,18,-2,16,-3,12,-5,10,-6,8,-7,6,-9,6,-9,6,-21,-10,-7,5,-5,4,-2,3,0,2,4,-1,6,-5,0,0,7,-12,8,-17,7,-20,6,-25,4,-28,2,-30,35,0,-3,-29,-4,-28,-6,-25,-6,-22,-4,-18,-3,-15,-1,-12,0,-9,1,-8,4,-7,3,-6,4,-6,4,-6,48,0,2,-5,1,-4,-2,-2,-5,-1,-6,2,-8,4,-8,5,8,-13,-5,-18,-18,-11,-22,6,-12,19,4,21,16,13,11,33,15,-10,6,-17,-6,-18,-19,-9,-22,7,-11,23,9,26,27,11,27,-13,8,-29,-16,-25,-28,-4,-19,17,-10,26,12,13,14,0,9,-8,1,-9,-4,-8,-7,-5,0,0,-5,6,1,8,7,3,7,-4,0,-7,-6,0,-3,-23,8,7,13,-5,5,-18,-14,-16,-23,1,-13,21,7,25,22,9,22,-11,5,-22,-14,-18,-20,-1,-13,12,5,9,10,8,10,1,5,-4,2,-4,2,-4,0,-4,-2,-4]"
CSI_DATA,263451,d8:b1:90:d9:de:f0,-65,11,-99,-37,67,56,-456140408,100,0,228,0,"[2,-20,7,-22,13,-24,18,-25,22,-26,25,-26,25,-25,-72,-1,23,-23,21,-21,19,-20,17,-17,15,-15,13,-12,11,-9,11,-6,10,-3,11,0,10,2,10,4,10,4,-21,-10,9,4,7,3,4,1,2,0,-1,0,-5,-1,0,0,-13,1,-17,2,-19,4,-24,7,-25,9,-27,12,-65,14,-26,15,-24,14,-22,13,-19,12,-15,9,-13,7,-11,4,-9,2,-8,-1,-7,-2,-7,-5,-6,-4,-6,-5,-63,15,-5,-3,-5,-2,-3,1,0,1,1,4,3,6,5,7,-11,9,-2,18,13,17,23,3,20,-13,6,-22,-9,-19,6,-34,-19,3,-14,13,-3,20,11,18,22,8,23,-10,9,-25,-13,-26,-28,-9,-26,15,-6,28,15,22,26,3,27,-10,2,-17,-8,-12,-11,-3,-9,3,-5,6,0,8,0,0,8,1,7,-5,1,-8,-5,-5,-6,2,1,5,-20,13,3,-8,-9,-10,-16,2,-9,17,8,20,22,7,20,-13,3,-24,-15,-18,-23,0,-14,17,3,19,15,11,8,-7,7,-9,-2,-8,-4,-4,-2,-2,-3,-2,-5,-1,-5,1]"
CSI_DATA,263452,d8:b1:90:d9:de:f0,-66,11,-99,-37,67,56,-456121421,100,0,228,0,"[-21,4,-24,1,-28,-3,-30,-6,-32,-9,-33,-10,-33,-10,-72,-1,-31,-9,-28,-6,-27,-5,-24,-5,-21,-3,-18,-3,-14,-3,-12,-4,-10,-5,-8,-7,-6,-8,-5,-9,-5,-9,-21,-10,-4,-8,-3,-7,-2,-4,0,-2,2,1,4,3,0,0,11,5,15,5,19,5,23,4,26,3,28,1,67,1,29,-4,27,-5,25,-5,22,-6,18,-4,15,-3,11,-1,10,0,8,2,6,3,7,4,6,5,6,6,59,0,5,4,4,2,2,-1,1,-1,-1,-4,-4,-6,-5,-6,13,8,18,-5,11,-18,-5,-23,-20,-13,-22,4,-14,17,-33,10,12,15,18,4,17,-8,9,-19,-7,-21,-22,-11,-25,9,-11,26,12,27,28,9,25,-15,5,-26,-15,-20,-26,-11,-13,12,-1,15,7,9,9,2,7,-3,4,-7,0,0,-5,-5,-8,1,-5,6,2,6,6,1,2,-4,24,-4,-4,6,5,10,15,3,14,-13,-2,-21,-18,-13,-22,7,-8,22,11,20,22,4,16,-13,1,-19,-13,-12,-11,6,-8,9,2,9,4,4,3,3,3,1,4,1,5,-2]"
CSI_DATA,263453,d8:b1:90:d9:de:f0,-66,11,-99,-36,67,56,-456101660,100,0,228,0,"[16,-13,20,-11,25,-8,30,-5,33,-2,35,0,35,2,-70,-1,32,3,30,3,27,2,25,1,21,2,18,2,15,4,13,4,10,4,7,7,5,7,3,8,2,9,-21,-10,0,8,1,5,1,4,1,1,0,-2,-1,-5,0,0,-6,-12,-7,-15,-10,-18,-14,-19,-16,-22,-19,-23,29,15,-21,-21,-20,-19,-19,-17,-17,-16,-14,-15,-11,-12,-7,-9,-4,-9,-1,-8,0,-6,1,-7,2,-6,3,-7,36,0,3,-5,1,-4,-1,-3,-2,-1,-5,1,-7,3,-8,4,-14,-2,-16,10,-6,21,12,20,22,7,21,-9,9,-19,32,-17,-13,-13,-18,-2,-16,10,-8,19,7,21,21,12,25,-7,14,-24,-8,-28,-26,-14,-27,9,-10,25,10,23,21,15,17,-8,5,-14,-4,-11,-8,-5,-8,0,-5,4,0,0,2,7,7,3,6,-3,2,-6,-5,-4,-5,4,-17,-15,10,1,7,-11,-5,-16,-19,-6,-19,11,-3,23,15,18,24,0,16,-17,-3,-22,-17,-12,-19,5,-9,16,8,9,11,6,9,-2,4,-5,2,-3,2,-2,1,-4,-2,-5]"
CSI_DATA,263454,d8:b1:90:d9:de:f0,-66,11,-99,-35,67,56,-456089673,100,0,228,0,"[-14,12,-20,10,-25,7,-29,3,-32,0,-33,-1,-34,-2,-68,0,-31,-4,-29,-3,-26,-3,-23,-3,-19,-2,-17,-2,-14,-3,-12,-3,-9,-4,-5,-5,-3,-6,-1,-7,0,-7,-20,-9,0,-7,0,-4,0,-2,0,0,0,2,0,5,0,0,2,12,3,14,6,18,8,20,10,24,13,25,-62,0,15,24,14,22,14,22,11,18,9,17,8,14,5,11,1,9,0,7,-1,6,-1,6,-2,5,-2,5,-44,14,-1,3,0,2,0,2,2,2,4,0,7,0,7,-1,12,3,15,-8,5,-19,-9,-20,-20,-9,-20,6,-10,16,-31,14,11,13,17,2,17,-7,9,-17,-4,-21,-18,-13,-25,3,-16,21,4,27,23,15,27,-5,12,-23,-6,-23,-19,-17,-17,5,-6,13,2,10,7,5,8,0,5,-3,0,0,0,-5,-6,-1,-6,1,-1,6,3,3,4,-2,13,16,-10,-2,-10,8,0,16,16,10,21,-5,9,-20,-10,-22,-22,-6,-20,12,-3,22,13,16,18,0,12,-12,-3,-10,-8,-8,-8,0,-4,3,-2,3,0,1,-1,3,0,3]"
CSI_DATA,263455,d8:b1:90:d9:de:f0,-66,11,-99,-36,67,56,-456071615,100,0,228,0,"[18,12,17,18,16,23,15,27,13,31,13,34,12,33,-70,-1,12,30,13,29,12,26,12,23,11,20,9,17,7,16,5,13,4,11,0,10,-2,9,-3,8,-5,9,-21,-10,-4,7,-3,5,-2,4,-2,1,0,-1,2,-5,0,0,-1,-12,-2,-16,-4,-19,-7,-22,-10,-25,-13,-26,121,15,-17,-24,-17,-22,-17,-20,-16,-17,-14,-16,-11,-13,-8,-10,-5,-9,-2,-8,0,-7,0,-7,1,-7,2,-7,23,0,1,-5,0,-3,-1,-2,-3,0,-3,3,-4,6,-4,8,-1,-14,-14,-13,-22,1,-16,19,1,24,18,16,23,1,30,20,5,-20,-8,-17,-18,-9,-20,4,-13,18,3,24,22,15,28,-5,16,-25,-8,-28,-27,-12,-25,11,-7,24,7,27,18,3,13,-10,3,-12,-5,-10,-7,-3,-7,1,0,0,0,8,5,5,7,0,3,-5,-3,-4,-5,2,-12,-19,10,2,8,-10,-4,-15,-18,-7,-19,12,-4,24,17,18,24,-1,14,-20,-5,-22,-20,-10,-18,8,-6,17,11,7,13,4,8,-4,2,-7,0,-4,0,-4,-2,-4,-4,-3]"
CSI_DATA,263456,d8:b1:90:d9:de:f0,-66,11,-99,-35,67,56,-456051617,100,0,228,0,"[-21,-1,-23,-6,-25,-11,-26,-15,-27,-19,-27,-21,-27,-21,-68,0,-25,-19,-24,-17,-23,-15,-21,-13,-19,-11,-16,-9,-13,-8,-9,-7,-8,-6,-5,-7,-3,-8,-2,-8,-1,-8,-20,-9,0,-6,0,-4,0,-3,0,0,0,1,1,3,0,0,7,7,10,10,14,10,18,11,22,11,24,10,39,0,26,6,26,4,24,3,21,2,17,2,14,1,11,2,8,3,6,4,4,4,3,5,2,5,2,5,37,0,2,4,1,2,0,0,0,0,0,-4,-2,-6,-3,-7,6,11,17,3,19,-12,4,-23,-13,-20,-23,-4,-19,11,-34,0,6,19,16,9,19,-1,13,-14,0,-21,-16,-17,-25,0,-19,19,0,27,21,17,27,-3,13,-22,-7,-23,-20,-17,-17,7,-4,13,4,10,8,4,7,-1,4,-5,0,0,-4,-5,-6,0,-4,4,1,5,5,0,1,-4,21,4,-7,4,0,12,14,8,17,-6,6,-20,-12,-18,-23,-1,-15,16,2,23,18,12,20,-5,7,-17,-7,-15,-12,1,-10,5,-1,8,1,5,1,3,1,3,4,2,5,0]"
CSI_DATA,263457,d8:b1:90:d9:de:f0,-67,9,-99,-35,68,56,-456036316,98,0,106,0,"[-45,12,-4,12,-96,12,71,0,109,12,100,0,-95,12,93,0,-53,12,67,0,3,12,31,0,58,12,20,0,-109,12,33,0,-64,12,51,0,-37,12,66,0,-32,12,58,0,-20,12,18,0,6,0,-31,12,0,0,0,0,-109,0,-96,12,-33,0,-109,12,32,0,-108,12,57,0,-70,12,24,0,-35,12,-34,0,-18,12,-97,0,-19,12,70,0,-35,12,36,0,-42,12,28,0,-51,12,24,0,-35,12,18,0,2,0,15,0]"
CSI_DATA,263458,d8:b1:90:d9:de:f0,-66,11,-99,-38,68,56,-456021661,100,0,228,0,"[-16,-14,-14,-18,-12,-23,-9,-27,-8,-31,-5,-32,-4,-33,-66,0,-4,-31,-4,-28,-4,-26,-4,-22,-4,-20,-3,-17,-2,-16,-1,-14,0,-11,0,-10,2,-8,3,-6,4,-5,-19,-9,4,-4,3,-3,1,-1,0,0,0,0,-2,3,0,0,-3,10,-2,13,-2,16,-1,20,0,22,0,24,0,14,3,25,4,23,4,22,4,19,4,16,2,13,0,10,0,9,0,6,-1,5,-3,3,-3,3,-3,3,-45,14,-2,1,-1,1,0,0,3,0,4,-1,6,-3,7,-4,-1,12,10,14,19,2,17,-14,4,-23,-12,-19,-21,-5,-22,-22,-7,17,3,18,15,11,20,0,16,-14,1,-21,-15,-16,-24,0,-17,16,0,26,19,16,24,-1,13,-17,0,-25,-14,-9,-14,4,-6,10,1,10,6,5,7,0,0,0,1,-6,-3,-5,-6,0,-3,4,1,5,5,0,3,17,-7,-5,-12,4,-2,15,11,14,19,0,13,-17,-4,-20,-19,-9,-18,8,-5,20,10,16,16,3,13,-9,-1,-10,-7,-9,-9,-1,-5,2,-2,3,-1,2,0,3,0,5]"
CSI_DATA,263459,d8:b1:90:d9:de:f0,-66,11,-99,-39,68,56,-456011462,100,0,228,0,"[-17,13,-22,12,-26,10,-30,7,-32,6,-34,5,-34,5,-68,0,-31,5,-29,6,-26,6,-24,6,-21,6,-17,6,-15,5,-13,3,-12,2,-10,0,-9,0,-7,-1,-7,-1,-20,-9,-5,-1,-3,0,-2,0,0,0,1,0,4,0,0,0,10,-2,12,-4,15,-7,17,-10,18,-13,19,-16,-26,0,17,-19,15,-19,14,-18,10,-17,8,-14,7,-11,7,-9,6,-6,5,-4,5,-2,5,-1,5,0,5,0,60,0,2,0,1,0,0,0,-3,1,-5,0,-6,1,-7,3,12,1,14,-9,3,-20,-12,-18,-23,-4,-20,12,-5,22,-23,25,18,8,19,-5,10,-17,-3,-20,-16,-12,-22,2,-14,18,3,26,22,14,26,-5,12,-23,-9,-23,-22,-7,-25,8,-3,17,8,11,12,1,8,-5,2,-9,-2,-6,0,0,-6,2,-2,6,2,4,5,0,1,-4,-3,-2,12,-14,1,9,12,3,12,-8,0,-17,-15,-12,-20,4,-8,19,8,20,20,4,17,-12,0,-19,-13,-12,-17,0,-5,10,1,12,8,5,7,0,3,-1,2,-2,2,-2,0,-4]"
CSI_DATA,263460,d8:b1:90:d9:de:f0,-67,9,-99,-35,68,56,-455990650,226,0,106,0,"[-32,12,-66,12,-105,12,-101,12,99,12,108,12,107,12,-92,12,-77,12,-51,12,-56,12,2,12,-31,12,46,12,-32,12,99,12,-46,12,-84,12,-51,12,-66,12,-31,12,-45,12,-2,12,-10,12,35,0,32,0,0,0,0,0,53,0,-69,0,30,0,2,0,-2,12,52,0,-38,12,60,0,-58,12,15,0,-57,12,-39,0,-33,12,-98,0,-7,12,84,0,19,0,63,0,18,0,49,0,4,0,22,0,-22,12,-11,12,-44,12]"
CSI_DATA,263461,d8:b1:90:d9:de:f0,-66,11,-99,-37,68,56,-455971346,100,0,228,0,"[-19,7,-22,3,-27,0,-28,-3,-31,-6,-30,-9,-31,-11,-64,0,-27,-10,-26,-10,-23,-9,-21,-8,-19,-8,-16,-7,-14,-7,-11,-7,-10,-6,-8,-6,-7,-5,-4,-6,-3,-5,-19,-9,-2,-2,-2,0,0,0,0,2,0,5,1,7,0,0,6,11,8,14,11,15,12,17,14,17,17,19,-58,0,18,18,18,16,18,16,14,13,13,13,11,11,9,10,6,9,5,7,3,7,2,5,2,4,1,4,11,0,1,0,1,0,1,-2,2,-3,2,-5,2,-8,2,-8,8,6,14,-1,11,-14,0,-19,-15,-13,-20,0,-15,12,-33,7,8,16,16,7,17,-4,11,-16,-2,-20,-17,-14,-23,1,-14,18,2,24,20,15,23,-4,13,-20,-4,-21,-20,-15,-17,4,-8,12,2,13,9,7,10,0,5,-6,0,0,-5,-6,-7,1,-3,7,3,5,6,0,1,-7,11,11,-11,2,-5,13,9,14,19,2,15,-13,-1,-21,-16,-12,-21,3,-10,17,6,20,16,8,16,-6,5,-15,-5,-10,-11,-5,-9,3,-2,7,0,6,0,2,2,2,1,1]"
CSI_DATA,263462,d8:b1:90:d9:de:f0,-66,11,-99,-34,67,56,-455951503,100,0,228,0,"[-7,-18,-5,-23,-1,-27,0,-29,3,-32,6,-33,6,-33,-66,0,5,-30,6,-27,5,-25,4,-23,4,-21,4,-18,4,-16,4,-13,5,-11,4,-9,5,-8,5,-6,5,-5,-19,-9,2,-3,1,-1,0,0,-1,0,-4,2,-4,5,0,0,-8,11,-9,15,-10,18,-10,20,-10,23,-9,24,98,14,-8,26,-6,25,-6,22,-5,21,-4,17,-5,16,-4,13,-3,11,-3,8,-3,8,-2,5,-2,4,-2,3,-36,14,0,1,0,0,2,0,6,0,6,-1,7,-2,8,-3,-4,10,4,15,16,9,19,-4,11,-18,-3,-21,-16,-14,-13,-32,-15,11,-3,18,8,17,19,7,20,-6,11,-20,-7,-22,-22,-11,-24,9,-11,24,10,23,22,7,20,-9,10,-23,-7,-16,-14,-4,-12,5,-3,10,3,9,8,4,0,0,2,-6,-2,-6,-5,-1,-3,4,2,4,6,-1,-6,17,-8,-8,-14,2,-7,16,8,17,20,4,17,-13,1,-22,-14,-16,-21,0,-13,16,3,19,16,11,17,-3,5,-10,-3,-14,-10,-7,-9,1,-3,5,0,5,0,2,0,1]"
CSI_DATA,263463,d8:b1:90:d9:de:f0,-66,11,-99,-38,68,56,-455931574,100,0,228,0,"[1,-18,6,-20,11,-22,15,-24,16,-24,18,-24,19,-24,-66,0,18,-23,16,-20,15,-19,13,-17,11,-15,11,-14,9,-12,8,-10,8,-8,8,-6,7,-4,6,-2,6,-1,-19,-9,4,0,1,0,0,0,-2,1,-4,2,-7,4,0,0,-10,9,-12,11,-14,16,-15,17,-14,19,-15,21,39,14,-13,23,-11,22,-9,21,-9,19,-6,17,-6,15,-5,13,-4,11,-4,8,-4,7,-4,6,-3,4,-2,3,-37,14,0,1,0,0,2,0,4,0,5,-1,6,-2,7,-3,-9,6,-2,15,9,16,19,4,17,-10,6,-19,-7,-17,2,-33,-16,3,-11,14,0,18,13,15,21,2,17,-13,2,-22,-16,-18,-25,0,-17,16,0,25,17,16,22,-1,18,-17,-1,-16,-11,-9,-13,0,-7,8,0,11,4,7,0,0,5,-5,0,-6,-4,-2,-3,1,1,4,5,0,-11,16,-6,-7,-13,1,-8,13,5,17,17,7,17,-10,3,-20,-13,-16,-20,0,-14,14,1,19,14,11,16,-2,7,-9,-3,-14,-11,-6,-10,2,-3,7,0,6,2,2,2,0]"
CSI_DATA,263464,d8:b1:90:d9:de:f0,-65,11,-99,-37,67,56,-455911321,100,0,228,0,"[-9,-17,-7,-22,-5,-27,-3,-30,-1,-33,0,-34,1,-36,-72,-1,0,-32,0,-29,0,-28,-1,-24,-1,-22,-1,-19,1,-17,1,-15,3,-12,4,-10,4,-9,5,-8,5,-7,-21,-10,5,-3,3,-2,2,0,1,3,0,6,-2,9,0,0,0,15,0,19,2,22,4,26,5,27,7,28,97,0,9,29,11,27,11,25,10,23,9,21,8,17,6,15,5,13,4,11,3,10,3,8,2,7,3,6,28,0,2,3,2,1,2,-1,2,-2,2,-4,1,-7,1,-7,-4,13,9,15,19,6,19,-10,7,-22,-9,-20,-20,-11,-20,-28,-13,15,0,20,13,15,21,3,19,-13,6,-24,-15,-22,-27,-4,-23,17,-3,28,19,21,27,1,17,-18,5,-27,-15,-14,-17,0,-11,10,-1,13,6,10,11,2,0,0,2,-8,-3,-6,-6,-1,-2,4,3,2,2,-3,4,24,-9,0,-7,11,5,15,17,6,18,-11,3,-22,-15,-17,-22,0,-15,16,3,22,18,12,19,-5,9,-16,-5,-13,-15,-7,-13,5,-4,11,3,9,6,3,5,-1,2,-2]"
CSI_DATA,263465,d8:b1:90:d9:de:f0,-65,11,-99,-37,67,56,-455891555,100,0,228,0,"[-17,10,-22,9,-26,8,-30,6,-33,5,-34,5,-34,5,-72,-1,-32,5,-29,6,-26,6,-23,7,-20,6,-18,6,-15,5,-14,3,-12,2,-10,1,-10,-2,-9,-3,-7,-2,-21,-10,-5,-3,-3,-2,0,-2,2,-2,5,-2,9,-3,0,0,13,-7,16,-9,19,-11,20,-14,21,-16,21,-20,-4,0,20,-23,18,-23,15,-23,13,-21,10,-20,9,-16,8,-15,7,-12,5,-10,5,-9,4,-6,3,-7,3,-5,32,0,1,-4,0,-3,-2,-2,-4,1,-4,1,-5,3,-5,4,13,3,14,-9,4,-19,-12,-18,-21,-6,-19,11,-7,19,-26,24,17,10,19,-2,14,-15,-1,-21,-17,-16,-25,1,-17,20,2,27,24,18,28,-6,15,-25,-8,-26,-23,-11,-27,6,-8,20,7,16,14,6,12,-4,5,-10,-2,-10,0,0,-8,2,-3,6,2,5,4,1,1,-2,-3,-1,18,-17,4,6,12,0,9,-11,-4,-15,-16,-8,-17,9,-5,20,12,17,21,2,14,-15,-3,-21,-17,-11,-19,5,-7,11,7,15,14,5,11,-6,2,-9,-4,-7,-5,-1,-3,2]"
CSI_DATA,263466,d8:b1:90:d9:de:f0,-65,11,-99,-38,67,56,-455871647,100,0,228,0,"[-4,20,-10,22,-15,23,-20,24,-25,25,-26,24,-28,24,-74,-1,-26,21,-24,20,-22,16,-20,15,-16,13,-15,10,-13,8,-12,6,-11,3,-11,0,-10,-1,-9,-3,-8,-4,-22,-10,-6,-4,-4,-4,-1,-4,2,-2,4,-2,6,-3,0,0,12,-2,18,-3,20,-4,24,-5,26,-6,28,-8,59,1,28,-9,27,-10,25,-9,23,-9,20,-8,18,-6,14,-5,11,-4,10,-2,8,-1,7,0,7,0,6,1,65,0,4,1,4,0,2,-1,0,-1,0,-2,-1,-3,-2,-3,11,-9,3,-19,-11,-18,-22,-5,-22,11,-8,21,6,22,-10,34,20,0,15,-12,5,-21,-10,-20,-23,-9,-24,9,-11,25,10,27,27,12,28,-11,11,-27,-11,-27,-25,-9,-29,5,-6,19,6,16,13,6,11,-3,7,-8,1,-10,0,0,-7,-2,-8,3,-3,6,3,5,4,0,1,-2,27,-8,0,5,6,5,12,-3,6,-12,-6,-15,-16,-6,-16,9,-5,20,11,16,21,2,14,-13,0,-20,-13,-12,-12,2,-9,12,3,13,10,6,8,-2,3,-5,-1,-4,-2,-1]"
CSI_DATA,263467,d8:b1:90:d9:de:f0,-65,11,-99,-36,66,56,-455861354,100,0,228,0,"[-5,22,-10,24,-15,26,-20,29,-23,29,-25,29,-26,29,-78,-1,-22,26,-21,25,-19,23,-16,21,-14,19,-13,16,-11,14,-11,10,-11,7,-11,4,-11,3,-11,1,-11,0,-23,-11,-8,-1,-7,-2,-4,-2,-3,-3,0,-5,2,-6,0,0,7,-11,10,-14,10,-17,12,-20,12,-24,12,-26,124,0,11,-29,8,-29,6,-26,5,-25,3,-22,3,-19,3,-15,2,-13,1,-10,2,-7,2,-6,3,-5,3,-4,23,0,2,-3,2,-3,1,-2,-1,-2,-2,-1,-2,0,-3,0,11,-10,1,-20,-13,-17,-24,-4,-21,14,-5,23,10,22,-4,39,21,-5,13,-17,-1,-23,-16,-17,-26,-2,-21,17,-2,30,21,23,33,1,23,-23,-2,-32,-23,-19,-29,3,-25,19,4,22,15,11,15,-2,10,-10,1,-12,-5,-8,0,0,-7,4,-4,6,2,7,6,2,4,-2,1,-2,12,-28,3,2,6,-2,3,-10,-6,-12,-15,-2,-13,11,-1,20,14,13,20,-2,11,-16,-5,-19,-17,-7,-16,7,-2,12,10,13,15,2,8,-7,0,-10,-5,-4,-4,1,-2,2]"
CSI_DATA,263468,d8:b1:90:d9:de:f0,-64,11,-99,-36,66,56,-455851316,100,0,228,0,"[-23,2,-28,-2,-31,-6,-33,-12,-35,-15,-37,-17,-35,-20,-78,-1,-32,-17,-29,-16,-26,-15,-24,-13,-21,-13,-19,-11,-14,-11,-11,-10,-8,-11,-5,-11,-3,-11,-1,-11,0,-11,-23,-11,2,-8,3,-6,3,-3,4,-1,4,1,4,5,0,0,7,10,10,13,13,16,15,17,19,21,20,22,-66,0,23,21,23,20,23,19,21,15,19,14,16,12,13,10,11,8,8,7,5,6,4,6,3,4,2,4,17,0,1,4,2,3,2,2,2,2,2,1,2,-1,2,-2,14,7,20,-4,13,-19,-2,-25,-19,-16,-24,-1,-19,14,-41,2,7,21,20,11,23,-3,16,-19,0,-26,-20,-21,-31,-1,-24,22,0,33,23,23,34,-1,21,-24,-2,-29,-20,-26,-23,2,-13,15,1,16,8,11,12,2,10,-5,0,0,-2,-8,-6,-5,-8,0,-4,4,2,5,3,1,23,20,-4,1,-2,7,6,7,13,0,11,-12,-2,-17,-15,-11,-19,4,-8,19,7,17,19,6,16,-10,3,-19,-11,-8,-15,-1,-8,8,1,11,6,5,6,-1,1,-3,-1,-1]"
CSI_DATA,263469,d8:b1:90:d9:de:f0,-65,11,-99,-39,67,56,-455831395,100,0,228,0,"[-20,11,-26,8,-30,6,-34,3,-37,2,-40,1,-39,0,-76,-1,-35,0,-32,0,-29,-1,-27,1,-23,1,-20,0,-17,-1,-15,-2,-11,-3,-9,-6,-8,-7,-6,-8,-5,-8,-22,-10,-4,-7,-2,-6,-2,-5,1,-3,2,-2,4,1,0,0,10,3,14,4,18,4,21,4,25,3,28,2,44,1,29,-1,29,-1,27,-3,25,-4,20,-3,17,-3,14,-2,10,-1,8,0,5,0,5,1,4,2,3,3,38,0,4,3,4,2,4,2,3,1,4,0,3,-2,2,-3,15,2,15,-11,3,-21,-13,-19,-23,-6,-22,10,-9,21,-34,21,17,14,21,0,18,-14,4,-23,-13,-21,-27,-6,-26,15,-7,31,18,28,32,6,26,-20,3,-31,-19,-21,-31,-8,-15,16,0,19,9,10,11,1,9,-5,4,-7,0,0,-6,-6,-9,0,-5,6,0,7,6,4,5,-2,29,-3,-3,0,1,5,7,3,9,-6,2,-14,-10,-11,-17,1,-9,15,5,18,16,6,15,-8,3,-17,-10,-13,-13,3,-7,11,4,11,8,3,5,-4,-1,-5,-3,0,-1,2]"
CSI_DATA,263470,d8:b1:90:d9:de:f0,-65,11,-99,-39,67,56,-455811625,100,0,228,0,"[-13,20,-19,20,-23,22,-30,21,-32,21,-35,21,-34,20,-76,-1,-31,19,-28,18,-25,18,-22,17,-18,16,-16,13,-14,11,-13,8,-11,4,-11,2,-10,1,-9,-1,-10,-2,-22,-10,-8,-2,-7,-1,-5,-1,-3,0,0,-1,3,-1,0,0,9,-4,13,-6,16,-9,17,-13,19,-16,19,-18,-49,0,18,-22,16,-23,13,-21,9,-20,7,-17,5,-15,4,-11,3,-8,3,-5,3,-3,3,-1,4,-1,4,0,46,0,5,-1,5,-1,4,-3,1,-3,1,-5,0,-5,-1,-5,14,-5,8,-17,-5,-21,-20,-11,-23,5,-15,20,2,23,-17,38,21,3,19,-11,7,-21,-9,-22,-23,-9,-26,10,-10,29,14,29,32,10,28,-17,5,-33,-19,-25,-30,-2,-29,15,0,22,14,13,15,0,8,-8,2,-10,-3,-8,0,0,-9,1,-6,7,1,9,7,5,8,-3,2,-7,14,-25,-3,4,3,5,8,-2,3,-11,-8,-10,-16,1,-9,15,4,16,17,6,15,-8,2,-17,-11,-11,-16,2,-3,11,5,10,10,2,5,-6,-3,-5,-4,0,0,4,3,2]"
CSI_DATA,263471,d8:b1:90:d9:de:f0,-65,11,-99,-40,67,56,-455801399,100,0,228,0,"[6,24,2,29,-2,33,-7,35,-11,39,-12,39,-14,39,-78,-1,-14,34,-13,32,-12,29,-11,25,-10,23,-8,19,-10,15,-8,12,-10,8,-11,6,-12,3,-11,1,-13,0,-23,-11,-11,0,-8,0,-6,0,-4,-1,-1,0,1,-2,0,0,7,-5,11,-7,14,-10,16,-13,19,-15,19,-17,-65,0,19,-21,17,-22,14,-20,12,-17,10,-15,6,-12,5,-8,4,-6,4,-3,3,-1,2,1,4,2,4,3,41,0,5,3,5,1,4,0,3,-2,4,-3,3,-4,1,-6,5,-14,-8,-19,-21,-10,-24,7,-14,22,2,25,17,16,8,40,20,-12,8,-21,-6,-23,-20,-13,-26,4,-17,22,3,31,25,21,33,-3,20,-28,-5,-32,-26,-16,-29,6,-25,22,5,21,15,8,14,-2,7,-8,2,-11,-3,-7,0,0,-10,1,-7,8,1,11,8,6,10,-2,3,-7,15,-25,-4,2,2,5,8,0,5,-10,-6,-12,-15,-2,-12,11,0,16,14,11,16,-3,6,-15,-6,-15,-14,-4,-4,11,1,11,7,5,5,-3,-1,-5,-4,-1,-2,4,3,3]"
CSI_DATA,263472,d8:b1:90:d9:de:f0,-65,11,-99,-38,67,56,-455781652,100,0,228,0,"[1,24,-4,28,-8,31,-12,34,-15,36,-19,37,-19,36,-74,-1,-16,31,-13,30,-12,27,-10,24,-9,20,-8,18,-8,14,-8,11,-8,8,-9,5,-11,4,-10,2,-10,2,-22,-10,-9,2,-8,2,-5,2,-3,2,1,2,2,0,0,0,9,-4,11,-7,13,-10,15,-13,15,-18,14,-20,-79,0,13,-24,11,-23,8,-21,7,-19,5,-15,4,-11,3,-8,3,-6,3,-3,3,-1,3,2,5,2,5,2,64,0,6,1,6,-1,5,-3,3,-4,2,-6,1,-7,-1,-7,8,-11,-3,-19,-16,-13,-24,1,-16,16,-2,24,13,19,3,41,20,-8,11,-19,-4,-23,-19,-15,-26,1,-19,20,2,29,24,21,32,-4,18,-26,-8,-30,-26,-13,-26,8,-20,24,7,19,14,7,12,-5,6,-8,0,-9,-4,-7,0,0,-9,2,-4,10,4,10,10,3,9,-7,-1,-10,6,-27,-6,6,4,8,10,-1,5,-11,-7,-12,-16,0,-11,12,4,18,16,7,14,-7,3,-15,-9,-11,-13,0,0,9,4,8,7,1,2,-4,-3,-2,-3,3,2,5,5,1]"
CSI_DATA,263473,d8:b1:90:d9:de:f0,-66,11,-99,-35,67,56,-455771627,100,0,228,0,"[17,-13,24,-10,30,-8,33,-5,36,-2,37,0,39,0,-68,0,34,0,31,0,28,0,25,1,20,1,18,2,13,3,11,5,8,5,7,7,4,9,4,10,3,10,-20,-9,3,9,3,7,3,4,3,2,1,0,0,-2,0,0,-2,-9,-4,-11,-7,-13,-11,-16,-14,-17,-17,-17,94,14,-20,-15,-19,-14,-19,-12,-16,-9,-12,-8,-8,-6,-5,-4,-2,-4,0,-3,1,-2,2,-4,3,-3,3,-4,63,0,3,-6,1,-6,0,-6,-2,-7,-4,-5,-5,-4,-7,-3,-14,0,-13,12,-2,20,12,18,22,5,20,-9,9,-19,33,-19,-13,-12,-20,-2,-19,10,-8,21,9,22,24,10,27,-10,12,-27,-11,-27,-29,-10,-26,13,-7,27,12,21,25,15,15,-9,3,-14,-4,-9,-7,-4,-7,0,-6,4,0,0,2,9,9,5,11,-3,4,-11,-5,-9,-10,0,-24,-7,5,7,10,-2,1,-11,-10,-8,-14,4,-5,16,9,14,17,1,12,-11,-1,-16,-12,-8,-13,4,-3,11,9,2,7,0,0,-3,-2,-2,-1,3,2,3,5,0,2,-5]"
CSI_DATA,263474,d8:b1:90:d9:de:f0,-66,11,-99,-36,67,56,-455751265,100,0,228,0,"[2,-23,8,-27,13,-28,18,-29,22,-31,25,-29,26,-28,-70,-1,23,-25,21,-21,18,-19,17,-16,16,-14,14,-10,12,-7,11,-5,11,-2,12,1,12,3,12,4,11,4,-21,-10,10,3,9,2,7,0,5,-2,2,-4,-1,-4,0,0,-9,-5,-12,-4,-15,-3,-19,-2,-22,-1,-24,1,-29,14,-24,4,-22,4,-19,3,-17,3,-12,2,-10,0,-7,-1,-4,-3,-2,-4,-1,-5,0,-7,0,-8,-1,-8,-5,15,-2,-7,-4,-6,-5,-5,-5,-2,-7,0,-8,3,-7,4,-9,11,0,18,14,15,22,3,20,-12,8,-21,-7,-20,8,-37,-20,1,-16,13,-4,22,11,21,24,9,24,-10,10,-26,-11,-26,-27,-10,-27,14,-7,27,14,23,23,5,27,-7,4,-16,-6,-12,-10,-5,-9,1,-6,5,-3,9,0,0,10,6,12,-4,5,-13,-6,-12,-12,-2,-8,8,-21,14,10,1,5,-10,-8,-10,-14,2,-7,14,8,15,17,4,14,-12,0,-17,-12,-11,-14,3,-6,12,5,11,6,-4,4,-3,-1,-4,-1,1,3,2,5,-2,3,-6,-3,-6]"
CSI_DATA,263475,d8:b1:90:d9:de:f0,-66,11,-99,-36,67,56,-455740875,100,0,228,0,"[22,4,25,10,28,15,30,19,30,23,31,24,28,24,-70,-1,26,21,24,19,22,17,18,15,16,12,13,12,10,10,7,10,5,10,2,11,1,11,0,13,0,13,-21,-10,1,10,2,8,4,5,4,3,4,-1,4,-4,0,0,1,-12,-2,-14,-6,-16,-8,-18,-12,-19,-15,-19,106,15,-18,-17,-18,-15,-17,-12,-14,-10,-10,-9,-7,-6,-4,-5,-1,-5,1,-5,4,-5,4,-7,4,-7,5,-8,68,0,2,-8,-1,-8,-3,-6,-6,-7,-7,-4,-9,-1,-10,1,-9,-11,-19,-2,-17,12,-4,23,12,19,22,7,20,-7,40,5,-1,-20,-14,-14,-22,-2,-19,13,-4,25,15,22,27,5,23,-18,2,-30,-20,-21,-28,1,-16,20,3,23,17,22,16,-4,7,-10,0,-10,-4,-7,-7,-4,-8,1,0,0,0,11,10,8,13,-4,6,-13,-7,-12,-13,0,-22,-7,7,10,12,-3,3,-14,-12,-11,-17,5,-6,18,11,16,19,2,12,-13,-3,-17,-13,-9,-13,5,-4,10,8,-1,6,1,1,-1,0,1,3,3,6,0,4,-6,-1,-7]"
CSI_DATA,263476,d8:b1:90:d9:de:f0,-66,11,-99,-39,68,56,-455721348,100,0,228,0,"[20,9,22,15,21,20,21,27,19,31,18,32,16,32,-68,0,11,29,10,27,8,24,6,20,5,18,2,15,0,13,0,11,-4,9,-6,8,-8,7,-8,6,-8,7,-20,-9,-7,7,-4,7,-1,6,0,6,2,4,5,2,0,0,11,-2,13,-5,15,-9,16,-12,16,-14,16,-17,-53,0,15,-18,12,-17,10,-14,8,-11,7,-8,6,-4,4,0,4,0,4,4,4,5,4,6,6,7,6,8,68,0,7,5,8,3,7,0,6,-2,6,-4,5,-7,4,-8,-6,-12,-16,-6,-19,6,-10,19,3,22,16,14,21,1,31,22,7,-18,-2,-20,-15,-13,-22,0,-18,15,-1,25,18,21,28,2,21,-19,0,-27,-18,-18,-24,0,-14,15,-8,26,9,9,10,0,7,-3,4,-5,0,-7,-3,-7,0,0,-11,4,-4,12,6,12,14,2,10,-10,-2,-14,3,-22,-9,8,4,13,15,2,11,-12,-3,-18,-18,-7,-18,8,-4,18,10,15,17,1,11,-10,0,-13,-8,-7,0,7,-2,3,0,2,-2,0,-3,1,-1,6,2,7,8,2]"
CSI_DATA,263477,d8:b1:90:d9:de:f0,-67,11,-99,-37,68,56,-455701600,100,0,228,0,"[19,11,18,17,18,22,16,27,15,30,13,32,11,32,-64,0,9,28,6,25,5,22,3,19,2,16,0,14,0,12,-3,10,-4,9,-7,8,-8,8,-9,7,-8,8,-19,-9,-6,8,-3,7,0,6,0,6,4,3,7,1,0,0,10,-3,12,-7,12,-11,13,-14,13,-16,12,-18,-86,0,11,-19,9,-18,7,-15,7,-11,6,-9,5,-4,6,-1,6,0,6,2,7,3,7,5,8,5,9,6,114,0,8,2,8,0,7,-1,5,-5,2,-6,0,-9,0,-9,-3,-13,-14,-9,-19,4,-11,16,1,22,13,16,20,2,28,22,9,-16,-2,-19,-14,-14,-21,0,-18,14,-1,24,16,19,25,1,19,-17,0,-25,-16,-16,-22,0,-12,12,-8,22,8,9,9,1,7,-2,3,-5,0,-8,-5,-10,0,0,-9,6,-3,12,8,11,13,0,7,-11,-5,-11,0,-19,-6,11,7,11,14,-1,8,-15,-8,-15,-18,-3,-14,13,0,18,14,11,17,-2,8,-13,-2,-13,-9,-6,2,5,-3,4,-1,3,-1,3,0,4,3,6,7,3,8,-1]"
CSI_DATA,263478,d8:b1:90:d9:de:f0,-67,11,-99,-39,69,56,-455679657,100,0,228,0,"[2,19,0,22,-5,25,-7,26,-10,28,-12,29,-12,27,-60,0,-10,24,-9,22,-7,19,-6,17,-6,13,-6,11,-6,8,-6,6,-7,4,-7,2,-9,2,-10,2,-9,3,-18,-8,-6,5,-4,6,-1,6,1,6,4,6,7,4,0,0,12,-1,14,-4,16,-7,16,-11,15,-14,15,-16,-15,0,12,-17,10,-16,8,-13,7,-12,6,-8,6,-5,6,0,6,0,6,2,8,2,9,3,10,3,10,3,-100,0,9,0,8,-2,6,-5,2,-6,0,-8,-1,-9,-4,-8,8,-9,0,-15,-13,-12,-19,0,-13,12,-1,19,9,15,3,32,16,-5,11,-14,-1,-19,-13,-12,-20,0,-14,16,1,23,18,14,22,-4,12,-19,-6,-19,-17,-7,-15,6,-13,17,3,9,6,4,6,0,6,-1,4,-6,0,-8,0,0,-11,2,-4,12,6,10,12,0,7,-11,-6,-12,0,-18,-6,12,8,12,18,0,7,-16,-9,-16,-19,-1,-13,14,2,19,15,10,16,-5,5,-14,-6,-12,-11,-4,2,4,-2,6,0,4,0,4,1,5,6,4,7,0,5,-6]"
CSI_DATA,263479,d8:b1:90:d9:de:f0,-67,11,-99,-39,69,56,-455667360,100,0,228,0,"[1,-20,6,-23,10,-25,14,-25,17,-25,19,-25,19,-23,-60,0,18,-20,16,-18,14,-15,12,-12,12,-11,10,-8,10,-6,9,-3,9,-2,10,0,10,0,10,0,10,0,-18,-8,7,-1,6,-2,4,-3,0,-5,-2,-6,-4,-6,0,0,-11,-4,-14,-3,-17,-1,-19,1,-20,3,-21,4,-21,12,-19,6,-19,6,-16,5,-13,4,-10,1,-9,0,-7,-3,-6,-5,-6,-6,-5,-6,-6,-8,-6,-8,-6,-9,-83,12,-6,-6,-6,-3,-6,0,-5,1,-4,4,-3,6,-1,7,-9,7,-1,15,10,14,18,4,17,-8,6,-19,-6,-18,5,-33,-18,0,-14,12,-3,18,10,16,20,6,19,-10,6,-22,-12,-20,-22,-6,-18,12,-4,20,11,15,17,1,20,-7,2,-10,-2,-8,-6,-4,-6,0,-6,4,-2,8,0,0,11,2,8,-7,0,-12,-10,-6,-11,4,0,12,-12,12,10,-6,0,-13,-13,-6,-15,9,-1,18,13,12,19,-2,9,-15,-6,-17,-15,-6,-14,6,-5,13,5,12,2,-2,7,-1,4,-4,2,-5,1,-4,-2,-6,-6,-4,-7,0]"
CSI_DATA,263480,d8:b1:90:d9:de:f0,-67,11,-99,-37,68,56,-455656636,100,0,228,0,"[16,13,15,18,15,23,14,27,13,29,12,31,11,30,-64,0,10,26,9,23,8,21,6,17,6,15,4,13,1,12,0,11,0,10,-3,10,-4,10,-3,10,-3,10,-19,-9,0,8,1,6,3,4,5,1,7,0,6,-4,0,0,7,-11,5,-14,4,-17,1,-21,0,-22,-2,-22,-20,13,-5,-22,-6,-20,-5,-17,-4,-14,-2,-12,0,-10,2,-8,4,-8,6,-6,8,-6,7,-7,8,-7,8,-7,98,0,5,-8,2,-7,0,-7,-4,-5,-6,-3,-7,0,-9,0,-1,-12,-12,-11,-19,0,-14,14,-1,21,11,16,19,4,28,21,8,-16,-3,-19,-15,-12,-20,1,-13,16,1,22,19,14,23,-3,13,-21,-5,-22,-19,-10,-19,6,-7,15,2,22,10,5,9,0,6,-4,1,-7,-3,-7,-8,-3,0,0,-3,11,7,11,12,0,7,-10,-4,-11,-12,-1,-12,-11,6,11,15,0,7,-15,-10,-15,-20,0,-13,16,4,21,18,9,18,-7,5,-17,-8,-15,-14,-2,-11,7,4,1,3,8,4,3,5,1,6,0,6,-3,2,-7,-2,-7]"
CSI_DATA,263481,d8:b1:90:d9:de:f0,-67,11,-99,-35,68,56,-455641648,100,0,228,0,"[20,0,23,3,25,6,27,11,27,14,27,17,25,17,-60,0,23,15,20,13,18,12,15,11,12,10,10,9,7,10,5,9,3,10,3,10,1,11,1,10,1,11,-18,-8,4,6,5,5,5,1,4,0,4,-4,3,-7,0,0,0,-12,-1,-14,-5,-16,-6,-18,-11,-19,-12,-19,94,12,-14,-16,-12,-14,-12,-12,-10,-12,-6,-11,-4,-9,0,-8,0,-8,2,-8,4,-9,5,-9,5,-9,5,-10,60,0,2,-9,0,-7,-2,-6,-4,-5,-6,-1,-6,1,-7,3,-9,-8,-16,0,-14,13,-2,20,12,17,19,4,18,-7,34,0,-3,-18,-14,-11,-19,0,-14,14,-1,21,13,17,23,2,18,-16,0,-24,-16,-15,-21,0,-12,14,1,16,12,18,10,0,6,-6,3,-6,-2,-7,-6,-6,-8,0,0,0,0,10,10,6,12,-5,2,-12,-9,-8,-11,3,-16,-4,11,7,12,-6,0,-16,-15,-9,-18,6,-5,19,12,17,20,1,13,-13,0,-18,-12,-11,-14,2,-7,11,6,0,6,6,6,2,6,0,6,-2,5,-6,0,-8,-5,-6]"
CSI_DATA,263482,d8:b1:90:d9:de:f0,-67,11,-99,-36,68,56,-455631430,100,0,228,0,"[-12,-16,-12,-20,-10,-24,-9,-28,-8,-31,-7,-32,-6,-31,-62,0,-7,-26,-7,-24,-6,-21,-5,-17,-4,-16,-3,-14,-1,-12,0,-11,1,-10,1,-10,3,-9,2,-10,2,-10,-18,-8,0,-8,-3,-5,-4,-3,-6,0,-7,2,-6,7,0,0,-2,13,-1,16,1,18,4,20,8,20,10,20,-107,0,13,18,13,16,13,14,9,12,8,11,5,9,1,9,0,8,0,9,-2,9,-1,10,-2,10,-1,9,-16,13,0,8,2,6,4,4,6,1,6,0,5,-4,5,-6,-1,12,8,12,18,3,16,-10,4,-19,-10,-17,-18,-7,-24,-23,-10,16,2,19,15,13,21,0,15,-16,0,-23,-17,-15,-23,3,-14,19,6,22,20,9,18,-8,6,-16,-6,-22,-10,-4,-8,3,-5,6,0,8,4,7,8,1,0,0,0,-12,-8,-8,-12,3,-3,11,8,8,12,-3,15,7,-11,-8,-12,7,0,16,16,9,17,-8,4,-21,-13,-16,-20,1,-12,16,4,18,15,8,14,-5,6,-13,-4,0,-8,-5,-7,0,-5,3,-3,5,-1,7,3,7,7,2]"
CSI_DATA,263483,d8:b1:90:d9:de:f0,-67,11,-99,-37,68,56,-455611652,100,0,228,0,"[21,-3,24,0,27,2,30,5,31,7,32,8,31,7,-64,0,28,5,25,3,22,4,20,3,17,2,13,3,12,3,11,4,10,6,9,7,9,7,9,7,9,5,-19,-9,7,1,7,0,4,-1,0,-4,-2,-5,-4,-5,0,0,-11,-4,-14,-2,-17,0,-20,0,-21,4,-22,7,-13,12,-19,10,-17,11,-15,10,-13,8,-11,5,-11,3,-10,1,-10,0,-9,-1,-10,-2,-10,-3,-11,-3,-10,-2,116,13,-9,0,-7,0,-4,2,0,2,0,3,3,4,6,3,-10,-7,-15,2,-11,15,1,21,17,13,21,-1,14,-14,32,-13,-11,-16,-18,-4,-19,10,-7,20,10,20,22,7,21,-11,5,-23,-14,-20,-23,-1,-16,15,0,21,12,11,22,4,8,-9,0,-10,-4,-7,-7,-2,-8,2,-4,9,0,0,10,4,9,-7,0,-11,-10,-5,-10,6,0,11,-11,12,7,-9,-5,-12,-14,0,-10,14,5,17,19,4,16,-12,0,-21,-15,-11,-18,3,-8,16,5,15,14,6,2,-4,4,-8,0,-7,-3,-4,-5,-3,-7,0,-6,3,-3,7]"
CSI_DATA,263484,d8:b1:90:d9:de:f0,-67,11,-99,-35,68,56,-455601542,100,0,228,0,"[-13,-15,-12,-20,-12,-24,-9,-28,-7,-30,-6,-31,-5,-30,-60,0,-5,-26,-6,-24,-4,-21,-4,-19,-2,-16,0,-14,0,-12,1,-12,1,-11,4,-10,5,-9,4,-9,4,-9,-18,-8,0,-7,-1,-6,-2,-4,-4,-1,-5,0,-6,4,0,0,-5,10,-5,12,-4,16,0,18,0,19,1,21,66,0,5,20,5,19,5,17,3,15,2,13,0,10,0,8,-2,8,-6,7,-5,6,-6,6,-6,7,-6,7,-61,12,-4,6,-1,6,0,5,2,4,4,1,5,0,6,-1,0,12,9,12,18,3,16,-12,5,-19,-9,-18,-18,-6,-25,-23,-9,15,2,19,14,12,20,0,14,-14,0,-22,-16,-16,-24,0,-15,18,2,23,18,12,19,-4,10,-13,0,-22,-9,-6,-9,0,-6,5,-1,7,2,8,8,4,0,0,3,-10,-6,-9,-11,0,-6,8,4,10,10,1,9,12,-6,-9,-12,1,-6,13,9,12,19,0,12,-15,-5,-19,-18,-8,-17,7,-4,17,9,13,14,2,11,-7,-3,-3,-5,-8,-6,-4,-6,0,-6,1,-5,4,-1,6,3,6]"
CSI_DATA,263485,d8:b1:90:d9:de:f0,-67,11,-99,-39,69,56,-455591428,100,0,228,0,"[6,19,3,24,0,26,-4,29,-6,30,-8,31,-10,28,-60,0,-10,25,-10,22,-9,19,-9,17,-8,14,-7,12,-8,9,-9,6,-10,6,-10,4,-11,3,-10,3,-9,2,-18,-8,-6,3,-3,4,0,4,0,5,4,4,6,3,0,0,12,0,13,-2,16,-4,18,-6,19,-8,19,-10,11,0,18,-10,16,-11,15,-8,13,-7,11,-5,10,-2,9,0,8,2,7,2,6,5,6,6,6,5,7,6,80,0,6,4,6,2,4,0,2,-1,0,-3,0,-5,0,-6,6,-10,-4,-14,-13,-10,-19,3,-13,14,0,20,12,16,7,33,18,-7,8,-16,-3,-19,-15,-12,-22,0,-15,17,1,22,17,15,23,-1,14,-17,-2,-21,-15,-12,-17,0,-18,14,0,12,6,8,7,3,7,-1,5,-6,0,-9,0,0,-11,0,-6,10,4,11,11,2,7,-6,-2,-10,8,-12,-6,9,6,10,13,0,11,-12,-3,-17,-16,-7,-17,8,-5,18,10,15,17,3,12,-10,0,-15,-9,-11,-5,3,-7,4,-2,6,0,6,1,5,4,4,6,1,6,-1]"
CSI_DATA,263486,d8:b1:90:d9:de:f0,-68,11,-99,-39,70,56,-455578350,100,0,228,0,"[17,4,19,9,19,13,19,16,19,19,19,20,18,20,-54,0,16,17,14,16,13,13,11,12,9,11,7,10,6,10,4,10,3,9,1,10,1,10,0,10,1,9,-16,-7,3,6,3,4,5,1,3,-1,3,-4,3,-7,0,0,0,-11,-3,-13,-5,-13,-8,-15,-10,-15,-13,-14,50,11,-14,-11,-13,-10,-12,-9,-10,-8,-7,-7,-5,-6,-3,-6,0,-6,0,-7,1,-7,1,-8,2,-8,0,-7,22,0,0,-6,0,-4,-2,-3,-3,-2,-4,0,-3,3,-3,4,-3,-10,-13,-5,-15,6,-7,16,6,18,15,9,17,-2,29,6,0,-16,-10,-13,-16,-3,-15,10,-4,18,10,17,20,4,17,-12,3,-20,-13,-16,-19,0,-13,11,0,15,10,17,10,0,7,-4,3,-6,-1,-6,-6,-4,-8,1,0,0,1,9,9,4,10,-4,0,-10,-8,-5,-8,4,-13,-3,10,3,9,-8,-2,-13,-14,-6,-13,10,0,16,13,12,16,-3,8,-14,-5,-14,-13,-5,-10,5,-3,11,6,0,6,3,5,0,4,-2,3,-3,2,-5,-1,-6,-6,-3]"
CSI_DATA,263487,d8:b1:90:d9:de:f0,-67,11,-99,-38,69,56,-455567309,100,0,228,0,"[-5,-19,-2,-23,0,-26,2,-30,3,-30,3,-31,5,-29,-58,0,4,-25,3,-24,2,-21,2,-19,2,-16,1,-15,3,-13,4,-11,4,-10,5,-9,5,-10,5,-9,4,-8,-17,-8,1,-6,0,-5,-3,-3,-4,0,-5,1,-6,4,0,0,-6,10,-5,13,-5,15,-3,17,0,20,0,20,-5,12,3,20,4,19,4,16,3,15,3,13,0,11,0,10,-1,9,-2,8,-3,7,-4,6,-3,6,-3,6,-42,12,-1,5,0,4,0,3,3,1,4,0,4,-2,5,-4,-6,8,0,14,11,10,17,-1,12,-14,0,-19,-13,-15,-15,-31,-15,10,-5,17,8,17,18,7,18,-8,7,-21,-10,-19,-22,-5,-20,14,-3,21,13,16,19,0,12,-12,4,-22,-8,-10,-10,-1,-8,5,-2,7,2,8,7,4,0,0,3,-10,-5,-8,-10,0,-5,8,4,9,10,0,6,11,-6,-8,-12,2,-4,13,10,12,17,0,10,-15,-5,-17,-15,-6,-15,8,-3,15,10,13,14,1,10,-8,-1,-4,-5,-7,-8,-2,-5,1,-3,4,-1,5,0,5,4,4]"
CSI_DATA,263488,d8:b1:90:d9:de:f0,-67,11,-99,-38,69,56,-455551383,100,0,228,0,"[8,-18,13,-20,18,-20,22,-19,25,-18,26,-16,26,-15,-58,0,24,-13,21,-11,20,-10,17,-8,15,-6,15,-5,13,-3,12,-1,12,0,11,0,11,1,10,1,10,1,-17,-8,6,0,5,-1,2,-2,0,-4,-2,-4,-5,-4,0,0,-10,-4,-13,-2,-15,-1,-17,0,-19,1,-20,3,-17,11,-19,5,-18,4,-16,3,-15,2,-11,0,-10,0,-10,-1,-8,-3,-6,-5,-5,-5,-6,-5,-5,-5,-5,-5,-57,12,-4,-4,-3,-2,-1,0,0,0,0,2,1,5,2,5,-10,3,-6,12,3,15,15,11,20,-1,13,-14,2,-20,14,-31,-18,-5,-18,8,-8,18,5,20,19,10,21,-5,11,-20,-5,-22,-21,-10,-21,6,-9,20,6,19,15,7,24,-3,6,-10,0,-10,-6,-6,-9,-1,-8,4,-2,10,0,0,9,1,7,-6,0,-10,-8,-5,-8,3,0,9,-11,7,7,-6,-2,-10,-12,-4,-10,9,0,15,13,10,16,-4,8,-15,-5,-15,-15,-5,-12,5,-4,12,5,10,5,0,9,-2,3,-6,0,-6,0,-5,-3,-4,-5,-2,-5,0]"
CSI_DATA,263489,d8:b1:90:d9:de:f0,-67,11,-99,-35,68,56,-455531649,100,0,228,0,"[19,11,19,16,19,19,19,24,18,26,17,27,16,27,-60,0,12,24,12,22,11,20,9,18,7,16,6,14,4,14,3,12,1,12,0,12,0,11,0,11,0,9,-18,-8,1,6,2,5,2,1,3,-1,4,-3,3,-6,0,0,0,-12,0,-13,-2,-16,-4,-17,-6,-18,-7,-18,-83,12,-9,-18,-10,-16,-9,-14,-8,-12,-6,-12,-3,-11,-2,-10,0,-9,0,-7,1,-7,0,-7,2,-6,1,-6,26,0,0,-4,0,-2,0,0,-2,0,-3,2,-2,5,-3,6,0,-9,-11,-7,-17,1,-12,12,0,19,13,15,19,3,32,16,6,-19,-6,-19,-19,-9,-19,6,-10,19,6,21,21,10,23,-8,8,-22,-9,-21,-20,-6,-18,9,-5,17,8,23,12,5,11,-3,6,-7,0,-9,-6,-6,-9,0,0,0,0,10,7,6,9,-3,2,-9,-6,-6,-8,2,-10,-9,8,5,9,-6,0,-12,-12,-7,-15,6,-3,17,9,13,16,1,12,-11,0,-15,-11,-10,-12,0,-8,8,1,5,6,8,7,2,6,-1,5,-5,1,-6,-1,-6,-4,-3]"
CSI_DATA,263490,d8:b1:90:d9:de:f0,-67,11,-99,-38,69,56,-455521640,100,0,228,0,"[-10,17,-15,19,-19,19,-22,19,-24,19,-25,20,-24,18,-58,0,-21,17,-17,16,-16,15,-13,14,-12,11,-11,10,-10,9,-11,7,-10,6,-10,5,-11,4,-9,5,-9,5,-17,-8,-5,4,-2,5,0,4,2,2,5,0,6,-3,0,0,8,-6,9,-10,8,-13,7,-15,5,-17,4,-19,66,0,1,-18,0,-17,0,-15,0,-14,0,-12,1,-10,3,-9,3,-7,4,-7,5,-5,5,-5,5,-5,4,-5,53,0,2,-4,1,-2,0,0,-2,0,-2,2,-3,3,-3,5,10,-1,8,-10,-2,-16,-15,-11,-19,1,-13,14,0,19,-9,32,19,1,15,-10,3,-20,-11,-16,-21,-3,-18,13,-2,23,15,17,24,0,14,-17,-3,-22,-15,-10,-16,4,-15,17,1,12,8,6,9,0,7,-5,1,-9,-5,-8,0,0,-5,6,0,10,8,5,7,-4,0,-8,-6,-2,-2,-13,5,8,10,0,5,-10,-7,-11,-15,0,-10,12,2,16,15,8,15,-5,5,-14,-7,-11,-12,-2,-11,5,0,4,4,8,7,4,6,0,4,-3,2,-5,0,-5,-3,-4]"
CSI_DATA,263491,d8:b1:90:d9:de:f0,-67,11,-99,-38,69,56,-455511419,100,0,228,0,"[6,-20,10,-21,15,-22,18,-23,21,-23,21,-22,22,-21,-58,0,20,-18,17,-16,15,-15,14,-13,12,-11,12,-9,11,-7,10,-6,10,-5,11,-3,11,-2,10,-2,10,-2,-17,-8,5,-3,4,-3,0,-3,0,-2,-4,-1,-6,0,0,0,-10,3,-12,5,-13,8,-14,10,-14,12,-13,14,47,12,-12,15,-11,13,-10,11,-10,10,-9,7,-8,6,-9,5,-8,3,-8,1,-8,0,-7,0,-8,0,-7,0,-81,12,-5,0,-2,0,0,0,2,0,3,0,5,0,5,0,-9,4,-5,12,5,15,15,8,18,-5,10,-15,-1,-19,6,-33,-19,0,-15,11,-3,20,11,17,21,5,17,-12,3,-22,-15,-18,-23,-2,-17,15,0,22,14,14,17,0,20,-13,1,-12,-5,-9,-9,-3,-9,2,-5,7,3,9,0,0,10,-3,3,-10,-5,-7,-7,0,-3,7,4,5,-6,12,0,-8,-9,-5,-10,5,-1,14,10,10,16,-2,9,-13,-4,-15,-14,-6,-13,4,-5,12,5,11,11,5,5,-2,5,-7,0,-8,-4,-5,-5,-2,-6,0,-5,2,-1,5]"
CSI_DATA,263492,d8:b1:90:d9:de:f0,-67,11,-99,-35,68,56,-455491415,100,0,228,0,"[-12,18,-18,18,-21,17,-24,19,-26,18,-26,17,-27,15,-60,0,-23,14,-21,14,-19,12,-17,11,-15,8,-13,6,-12,6,-12,3,-12,2,-12,0,-12,0,-11,0,-10,1,-18,-8,-6,3,-4,3,-1,3,1,3,5,1,7,0,0,0,12,-1,13,-5,15,-7,15,-10,15,-11,15,-14,-48,0,13,-14,12,-13,12,-12,10,-10,9,-7,9,-5,9,-4,8,-2,8,-1,8,0,8,0,8,0,7,0,78,0,3,0,2,-1,0,0,-3,0,-5,0,-6,0,-6,0,10,0,8,-10,0,-16,-12,-12,-19,0,-14,12,-3,19,-16,32,18,6,18,-8,8,-19,-7,-20,-20,-9,-21,9,-7,22,11,21,23,6,20,-12,3,-22,-12,-16,-18,-2,-22,11,-3,12,4,9,8,4,9,-1,6,-7,0,-9,0,0,-9,1,-5,8,5,8,9,0,4,-7,-5,-6,7,-12,0,9,10,6,12,-6,2,-15,-11,-11,-17,1,-8,13,5,16,14,6,13,-6,4,-12,-5,-12,-11,-5,-4,2,-4,7,0,8,4,5,6,2,6,-1,5,-4,1,-5]"
CSI_DATA,263493,d8:b1:90:d9:de:f0,-66,11,-99,-36,68,56,-455470851,100,0,228,0,"[14,17,14,23,12,26,11,29,10,32,10,32,8,32,-62,0,8,27,7,24,7,23,6,20,4,17,2,16,0,14,0,13,-1,12,-2,14,-3,12,-3,12,-2,11,-18,-8,0,8,0,5,2,3,3,0,2,-2,3,-7,0,0,0,-12,-1,-16,-3,-16,-6,-18,-8,-19,-8,-19,-83,13,-9,-16,-9,-16,-8,-15,-6,-13,-3,-12,-1,-10,0,-9,0,-10,1,-9,3,-8,1,-8,1,-8,2,-7,26,0,0,-3,0,-1,-1,0,-2,2,-2,5,-2,8,-1,8,0,-10,-9,-10,-16,-2,-15,9,-4,19,8,17,18,8,27,24,10,-16,-2,-20,-16,-13,-23,1,-14,18,3,24,21,15,25,-5,12,-22,-7,-24,-20,-10,-20,7,-8,16,2,25,10,7,10,-1,8,-7,2,-9,-5,-8,-9,-3,0,0,-1,11,7,8,9,-1,3,-8,-5,-6,-7,2,-8,-10,9,4,8,-8,-2,-14,-15,-5,-16,8,-3,17,11,14,17,0,11,-11,0,-16,-10,-9,-11,0,-8,8,0,3,4,8,8,4,8,0,7,-6,2,-7,-2,-7,-5,-3]"
CSI_DATA,263494,d8:b1:90:d9:de:f0,-67,11,-99,-35,68,56,-455451653,100,0,228,0,"[-16,14,-20,14,-24,13,-28,14,-30,13,-30,14,-28,13,-60,0,-24,12,-21,12,-19,11,-17,9,-14,8,-13,6,-12,6,-12,4,-12,1,-12,1,-12,0,-12,2,-11,2,-18,-8,-7,4,-5,4,0,4,1,3,5,1,7,0,0,0,10,-7,11,-10,11,-13,10,-16,8,-18,7,-19,96,0,4,-18,4,-16,3,-13,3,-12,4,-10,5,-7,6,-6,6,-6,6,-5,6,-5,6,-5,6,-5,6,-5,61,0,1,-3,0,-1,-2,0,-4,2,-5,4,-5,6,-5,6,10,0,9,-10,0,-16,-12,-13,-19,-1,-15,11,-4,18,-18,31,18,6,19,-7,9,-19,-7,-20,-20,-9,-21,10,-6,23,12,21,25,3,18,-14,0,-22,-14,-13,-17,1,-19,14,0,12,5,8,8,2,8,-3,5,-8,-2,-12,0,0,-10,5,-2,10,7,7,9,-2,1,-8,-7,-3,0,-12,4,10,12,0,7,-12,-6,-14,-16,-4,-12,11,0,17,12,10,15,-2,7,-11,-3,-12,-9,-6,-9,1,-2,1,0,7,4,7,7,4,7,0,6,-6,0,-6,-3,-5]"
CSI_DATA,263495,d8:b1:90:d9:de:f0,-67,11,-99,-36,68,56,-455441394,100,0,228,0,"[-5,-22,-1,-25,0,-30,3,-32,5,-33,5,-33,6,-32,-62,0,5,-28,3,-24,3,-23,4,-19,3,-17,4,-15,5,-13,6,-10,7,-10,8,-9,9,-8,8,-8,8,-9,-18,-8,3,-8,1,-5,-1,-3,-2,-1,-5,0,-7,4,0,0,-6,10,-8,13,-7,16,-5,18,-3,20,-2,21,-54,13,0,18,0,17,-1,15,-2,13,-3,10,-5,8,-7,7,-6,6,-7,5,-8,5,-7,4,-7,5,-5,4,-70,13,-1,3,0,2,2,1,6,0,6,-1,7,-3,8,-4,-5,8,3,13,13,8,16,-1,12,-14,0,-19,-12,-15,-13,-33,-17,9,-7,18,8,19,21,8,22,-8,8,-23,-11,-23,-24,-7,-22,14,-5,24,13,18,20,2,15,-10,8,-23,-6,-11,-10,-4,-9,1,-6,8,0,10,7,8,0,0,8,-8,-1,-11,-10,-5,-8,5,0,9,8,2,3,12,-5,-9,-12,0,-7,13,8,15,17,3,13,-12,0,-17,-13,-10,-16,1,-8,11,2,13,9,7,9,0,2,-1,1,-7,-2,-8,-5,-5,-7,0,-6,3,-3,7,0,6]"
CSI_DATA,263496,d8:b1:90:d9:de:f0,-67,11,-99,-37,68,56,-455421652,100,0,228,0,"[-14,18,-20,19,-23,20,-27,19,-30,19,-30,18,-29,18,-64,0,-24,16,-22,15,-19,13,-16,11,-14,10,-13,9,-12,6,-12,4,-13,2,-13,1,-13,0,-13,1,-12,2,-19,-9,-8,3,-6,4,-1,4,0,4,4,2,7,0,0,0,11,-3,12,-8,13,-11,14,-13,13,-16,11,-17,-81,0,9,-18,8,-15,7,-12,6,-11,6,-8,7,-5,8,-3,8,-1,8,-1,9,-1,9,0,8,-1,6,-2,76,0,2,-3,0,-2,-2,-2,-7,0,-8,0,-9,0,-9,1,11,-2,8,-11,-2,-16,-14,-11,-18,0,-13,12,-2,20,-17,34,19,7,19,-8,9,-20,-8,-21,-22,-9,-22,11,-7,24,14,22,27,4,19,-15,0,-24,-15,-14,-19,0,-22,15,0,13,6,9,9,3,10,-2,5,-9,-2,-11,0,0,-11,4,-3,11,7,10,11,-1,4,-10,-7,-7,1,-14,0,12,11,5,12,-8,0,-17,-13,-11,-17,6,-6,16,7,14,15,2,11,-8,1,-11,-6,-9,-9,-1,-1,0,-3,5,0,7,3,6,6,4,8,0,5,-4,0,-6]"
CSI_DATA,263497,d8:b1:90:d9:de:f0,-66,11,-99,-38,68,56,-455411628,100,0,228,0,"[11,21,8,26,5,31,4,33,1,36,0,35,0,35,-66,0,0,30,0,27,0,24,-1,20,-1,18,-3,16,-5,14,-6,13,-8,12,-9,10,-9,11,-10,10,-8,10,-19,-9,-4,9,-1,8,0,5,1,2,3,0,5,-2,0,0,7,-10,6,-13,5,-16,5,-19,4,-19,2,-21,30,0,0,-19,0,-16,1,-15,2,-11,2,-9,4,-6,6,-5,7,-2,8,-1,9,-2,7,-2,8,-1,6,-1,78,0,2,-1,0,-1,-2,-2,-6,-2,-8,0,-9,0,-10,1,0,-12,-9,-12,-17,-3,-17,8,-7,19,5,18,16,11,18,32,15,-14,2,-20,-12,-18,-23,-5,-21,12,-6,24,15,21,27,4,21,-16,1,-26,-16,-17,-22,0,-14,12,-9,26,7,10,11,2,10,-2,6,-8,0,-11,-8,-8,0,0,-9,9,1,14,12,6,11,-5,0,-10,-8,-4,-5,-15,3,10,13,1,8,-11,-5,-16,-16,-4,-15,10,0,17,11,12,16,0,9,-10,0,-12,-6,-7,-8,0,-1,0,-3,5,0,7,1,7,6,4,8,0,5,-4,1,-6]"
CSI_DATA,263498,d8:b1:90:d9:de:f0,-67,11,-99,-36,69,56,-455401604,100,0,114,0,"[22,19,23,21,25,23,24,23,24,24,23,23,23,23,21,21,21,18,20,17,19,16,19,15,19,13,19,12,20,11,19,11,23,11,22,10,23,8,23,7,23,7,24,6,23,5,22,4,21,3,21,3,19,3,20,1,0,0,20,0,19,1,20,1,21,1,21,2,20,2,22,2,22,3,22,3,21,2,21,2,18,3,17,3,15,2,15,2,14,3,14,1,14,1,15,1,14,1,15,1,15,2,15,3,16,3,15,2,15,2,11,3,10,3]"
CSI_DATA,263499,d8:b1:90:d9:de:f0,-67,11,-99,-34,68,56,-455391439,100,0,114,0,"[30,-5,34,-3,36,-1,36,0,37,0,35,0,35,2,31,2,29,0,28,1,26,0,26,1,25,0,26,0,25,0,24,0,24,-1,25,-1,24,-2,25,-2,24,-2,24,-5,22,-4,23,-4,23,-4,21,-4,20,-5,21,-4,0,0,21,-3,21,-4,21,-3,21,-2,21,0,21,-1,21,0,23,0,22,0,22,1,20,1,18,2,17,3,15,4,16,3,15,4,14,3,13,2,14,4,13,3,15,5,14,5,15,6,15,6,15,5,14,6,12,6,9,5]"
CSI_DATA,263500,d8:b1:90:d9:de:f0,-67,11,-99,-34,68,56,-455381152,100,0,114,0,"[11,-28,12,-31,15,-31,16,-31,15,-34,15,-32,15,-31,13,-29,11,-27,10,-26,8,-24,8,-25,6,-25,5,-25,3,-25,1,-25,2,-25,0,-26,0,-26,0,-25,-3,-25,-5,-25,-3,-23,-5,-22,-5,-22,-5,-21,-6,-21,-5,-21,0,0,-7,-19,-8,-21,-8,-22,-7,-21,-8,-21,-6,-23,-8,-21,-6,-23,-6,-21,-5,-21,-5,-20,-5,-20,-4,-17,-4,-15,-5,-15,-4,-14,-3,-13,-3,-13,-4,-13,-2,-13,-4,-13,-5,-14,-5,-15,-5,-16,-3,-14,-2,-13,-3,-14,-2,-10]"
CSI_DATA,263501,d8:b1:90:d9:de:f0,-67,11,-99,-35,68,56,-455370969,100,0,114,0,"[-12,-30,-11,-34,-10,-37,-9,-38,-7,-37,-6,-38,-5,-34,-5,-34,-5,-30,-5,-28,-4,-27,-5,-25,-6,-26,-6,-25,-6,-26,-7,-25,-8,-25,-7,-25,-8,-25,-7,-23,-10,-25,-10,-23,-9,-23,-9,-21,-10,-20,-10,-20,-11,-19,-10,-19,0,0,-8,-18,-10,-19,-9,-20,-8,-20,-7,-22,-7,-22,-6,-22,-6,-22,-5,-21,-4,-19,-3,-19,-2,-19,0,-18,0,-17,-1,-15,0,-14,0,-13,0,-13,0,-13,0,-13,1,-14,2,-15,1,-15,2,-14,3,-12,3,-12,3,-12,4,-12]"
CSI_DATA,263502,d8:b1:90:d9:de:f0,-67,11,-99,-35,68,56,-455351586,100,0,114,0,"[-21,25,-24,26,-25,27,-28,28,-28,27,-28,28,-25,24,-25,25,-21,23,-20,22,-18,21,-16,21,-17,20,-14,22,-12,22,-12,22,-11,24,-11,24,-10,25,-8,24,-6,25,-6,26,-4,25,-3,24,-3,24,-2,23,-2,21,-1,21,0,0,0,21,0,21,-1,23,-1,23,-1,24,-1,23,-1,23,-1,22,-1,21,-3,20,-2,19,-2,19,-3,17,-3,17,-3,14,-3,13,-3,12,-3,13,-4,12,-3,12,-3,13,-3,13,-1,13,-4,13,-5,12,-5,12,-5,12,-4,10]"
CSI_DATA,263503,d8:b1:90:d9:de:f0,-67,11,-99,-35,68,56,-455341492,100,0,114,0,"[3,32,2,36,2,38,0,39,-1,41,-2,37,-3,38,-5,35,-3,32,-3,30,-3,27,-1,28,-2,27,-1,27,0,25,0,26,0,26,0,28,0,26,1,25,1,26,3,26,4,25,3,24,3,25,5,23,4,21,2,20,0,0,4,21,2,22,2,21,2,23,1,23,0,23,0,24,-1,22,-2,21,-3,20,-3,19,-4,18,-4,16,-4,14,-5,14,-5,12,-5,12,-6,11,-6,12,-6,11,-7,11,-7,12,-6,12,-8,11,-8,9,-9,8,-8,8,-8,7]"
CSI_DATA,263504,d8:b1:90:d9:de:f0,-66,11,-99,-35,68,56,-455331419,100,0,114,0,"[-11,31,-12,34,-14,36,-15,37,-15,37,-14,38,-12,35,-14,32,-9,32,-9,30,-8,29,-6,27,-6,27,-3,27,-2,27,-1,27,0,28,0,27,1,27,3,25,5,26,7,26,6,24,7,24,7,23,8,22,8,21,10,20,0,0,11,19,9,19,11,19,11,19,12,20,12,19,11,19,10,20,9,19,8,19,8,17,6,17,6,16,6,14,5,12,4,12,6,12,4,11,6,12,4,11,4,10,5,12,6,12,4,12,3,12,3,12,4,12,3,10]"
CSI_DATA,263505,d8:b1:90:d9:de:f0,-66,11,-99,-36,68,56,-455311646,100,0,114,0,"[-30,16,-34,16,-37,14,-40,11,-38,10,-37,8,-36,7,-33,7,-32,6,-31,4,-28,3,-27,4,-27,5,-27,5,-26,5,-26,3,-27,5,-26,5,-27,6,-25,6,-28,7,-26,7,-25,6,-24,7,-24,7,-23,7,-23,6,-22,7,0,0,-23,5,-22,4,-22,4,-23,2,-22,1,-23,1,-23,0,-22,0,-22,-1,-21,-2,-20,-2,-16,-5,-15,-5,-14,-4,-12,-5,-13,-5,-11,-5,-13,-4,-10,-6,-9,-6,-10,-7,-10,-8,-8,-8,-9,-8,-9,-9,-9,-9,-6,-8,-5,-8]"
CSI_DATA,263506,d8:b1:90:d9:de:f0,-66,11,-99,-36,68,56,-455301611,100,0,114,0,"[17,-30,19,-32,22,-33,24,-32,23,-32,23,-31,22,-29,20,-27,18,-27,18,-26,16,-25,15,-25,14,-24,13,-25,11,-25,10,-25,8,-25,8,-26,7,-26,7,-26,5,-28,4,-27,3,-26,1,-26,2,-25,2,-24,0,-24,0,-24,0,0,0,-22,0,-23,0,-22,0,-23,0,-24,0,-24,0,-24,1,-24,1,-22,3,-21,2,-19,2,-17,2,-16,2,-15,3,-13,2,-13,2,-13,3,-12,3,-11,4,-10,4,-11,2,-12,1,-11,3,-12,5,-10,4,-11,4,-10,4,-9]"
CSI_DATA,263507,d8:b1:90:d9:de:f0,-66,11,-99,-34,67,56,-455281492,100,0,114,0,"[-26,-26,-27,-30,-29,-31,-29,-32,-29,-33,-29,-32,-27,-31,-24,-27,-25,-25,-23,-24,-23,-20,-23,-21,-24,-20,-25,-17,-24,-16,-25,-16,-26,-15,-29,-14,-29,-13,-28,-10,-29,-10,-30,-9,-28,-7,-29,-4,-27,-5,-27,-4,-26,-2,-25,-3,0,0,-24,0,-25,0,-25,0,-26,0,-25,-1,-25,-1,-24,-1,-25,-3,-24,-1,-23,-2,-21,-2,-19,-3,-16,-2,-16,-2,-15,-2,-14,-2,-13,-2,-11,-1,-13,-1,-11,-1,-13,-1,-13,-2,-14,-2,-13,-4,-13,-1,-13,-1,-11,-2,-9,-3]"
CSI_DATA,263508,d8:b1:90:d9:de:f0,-65,11,-99,-36,67,56,-455271146,100,0,114,0,"[6,-36,9,-40,12,-43,15,-43,16,-42,16,-41,17,-39,16,-37,15,-34,14,-33,14,-30,12,-28,12,-29,13,-28,11,-29,11,-30,10,-30,11,-30,11,-31,9,-30,9,-31,7,-31,6,-29,6,-29,6,-27,6,-27,5,-28,5,-27,0,0,6,-26,5,-25,6,-25,8,-26,8,-26,9,-26,9,-25,10,-24,11,-21,11,-21,12,-20,11,-19,11,-16,11,-15,9,-12,10,-10,9,-10,11,-10,9,-9,11,-8,10,-8,10,-9,10,-10,12,-8,12,-6,12,-6,10,-6,10,-5]"
CSI_DATA,263509,d8:b1:90:d9:de:f0,-65,11,-99,-35,66,56,-455251696,100,0,228,0,"[-1,28,-5,33,-9,38,-13,39,-15,42,-16,40,-15,41,-76,-1,-11,35,-10,32,-9,28,-8,25,-7,20,-7,18,-7,16,-8,13,-9,10,-11,8,-11,7,-13,7,-13,6,-22,-10,-10,6,-8,5,-6,4,-3,3,-1,0,1,-3,0,0,2,-10,3,-14,2,-18,2,-21,1,-23,0,-26,29,0,-3,-26,-4,-25,-4,-21,-4,-18,-3,-15,-2,-11,0,-8,1,-6,2,-4,3,-4,3,-2,4,-3,5,-3,44,0,3,-3,1,-3,0,-4,-3,-3,-5,-2,-6,-1,-5,-1,5,-13,-5,-17,-17,-11,-21,2,-16,16,-2,22,13,19,7,44,22,-8,10,-21,-6,-25,-25,-15,-29,7,-15,27,9,31,31,14,30,-15,9,-32,-17,-28,-31,-4,-21,17,-13,31,14,16,17,2,11,-8,5,-11,-2,-10,-9,-7,0,0,-9,9,0,13,9,8,13,-1,6,-8,-3,-8,-7,-27,0,4,6,0,4,-6,-5,-9,-11,0,-8,10,3,15,13,7,13,-5,4,-14,-6,-10,-10,-1,-6,6,4,3,5,2,3,-1,-1,-1,-2,1,2,3,5,1,3,-3]"
CSI_DATA,263510,d8:b1:90:d9:de:f0,-65,11,-99,-36,66,56,-455241611,100,0,228,0,"[23,-16,29,-16,34,-16,39,-17,41,-16,41,-17,38,-19,-78,-1,32,-19,29,-17,24,-16,21,-14,17,-13,16,-11,14,-10,14,-7,14,-5,13,-2,14,-2,14,-1,15,-1,-23,-11,11,-2,10,-2,6,-2,4,-1,1,1,-1,3,0,0,-3,10,-4,14,-4,19,-3,21,-1,24,1,26,39,0,5,26,6,25,7,21,6,19,6,15,4,11,3,8,1,6,0,5,-2,4,-2,3,-2,4,-3,3,-21,16,-1,4,-1,3,2,3,4,1,5,0,5,-1,5,-2,-13,4,-10,14,3,21,16,15,23,0,17,-15,4,-23,24,-39,-22,-7,-23,11,-10,24,11,24,28,10,28,-14,7,-31,-21,-28,-34,-1,-23,25,4,33,26,16,28,-7,25,-24,-6,-20,-15,-6,-13,4,-7,10,0,12,6,10,0,0,11,-7,2,-12,-7,-10,-12,0,-7,8,2,7,7,28,0,-4,-5,0,-2,7,5,8,13,-1,6,-13,-6,-14,-14,-4,-12,8,0,13,10,7,11,-2,4,-7,-6,-1,-5,0,-2,3,2,1,1,-3,-3,-2,-4,1,-1,3]"
CSI_DATA,263511,d8:b1:90:d9:de:f0,-64,11,-99,-37,66,56,-455231513,100,0,228,0,"[28,-8,34,-5,40,-2,43,0,46,1,46,2,45,1,-80,-1,39,0,35,-1,30,-1,26,-1,24,-1,20,0,18,1,16,2,15,5,12,6,12,8,11,9,11,9,-24,-11,10,6,8,5,5,4,3,2,0,1,-4,1,0,0,-11,2,-15,3,-18,5,-20,8,-24,10,-25,12,3,17,-24,16,-21,16,-19,15,-16,13,-12,10,-10,8,-9,5,-6,3,-4,1,-4,0,-4,-2,-5,-1,-4,-2,-54,17,-4,0,-3,1,-3,3,-1,3,0,4,2,5,3,5,-13,-1,-13,11,-5,19,9,21,21,11,23,-5,15,-18,41,-23,-16,-18,-25,-4,-23,16,-4,28,17,25,32,4,26,-21,2,-35,-26,-25,-35,2,-20,28,6,32,26,13,36,2,10,-19,-4,-17,-12,-8,-12,1,-10,8,-3,11,0,0,11,4,12,-4,4,-12,-5,-10,-10,-1,-5,6,-24,19,4,-2,-2,-5,-9,1,-5,10,5,12,15,3,12,-10,0,-16,-12,-10,-13,2,-5,12,5,11,11,2,3,-6,-1,-5,-4,-1,-2,2,3,1,3,-2,-1,-4,-4,-2]"
CSI_DATA,263512,d8:b1:90:d9:de:f0,-64,11,-99,-37,66,56,-455218598,100,0,228,0,"[9,28,6,34,3,40,0,43,-2,46,-4,47,-4,45,-80,-1,-4,39,-4,35,-3,31,-3,27,-3,24,-4,20,-5,18,-6,15,-8,11,-10,10,-12,9,-12,6,-13,8,-24,-11,-11,5,-9,4,-5,3,-4,1,-1,-1,1,-4,0,0,4,-11,5,-15,5,-19,6,-23,5,-26,5,-28,34,0,3,-30,2,-26,1,-24,1,-21,0,-18,1,-13,1,-10,1,-6,3,-4,3,-2,3,-1,4,0,5,-1,54,0,3,-2,3,-2,1,-3,-1,-4,-2,-4,-3,-4,-4,-3,0,-15,-11,-15,-20,-5,-20,10,-11,20,4,24,18,16,19,46,20,-13,8,-24,-11,-25,-27,-10,-28,11,-12,31,15,31,34,10,32,-18,8,-35,-20,-28,-32,-4,-23,18,-15,32,15,17,18,2,12,-8,4,-11,-2,-11,-9,-8,0,0,-12,6,-1,13,8,11,12,1,8,-8,-1,-9,-1,-32,-1,5,5,2,5,-5,-3,-11,-13,-4,-12,9,-3,17,11,12,17,0,9,-11,-2,-13,-11,-6,-10,3,3,6,5,5,4,-1,0,-3,-3,-1,-2,3,2,4,4,1]"
CSI_DATA,263513,d8:b1:90:d9:de:f0,-64,11,-99,-38,66,56,-455201426,100,0,228,0,"[27,-13,34,-10,40,-8,43,-5,46,-2,47,-1,45,-1,-83,-1,39,-1,35,-1,30,-1,28,0,24,0,20,1,17,3,15,4,14,5,11,8,11,10,9,11,9,10,-24,-11,8,10,5,7,3,5,1,3,-1,2,-4,0,0,0,-13,0,-16,-1,-20,-1,-23,0,-27,1,-29,2,-26,16,-29,5,-27,5,-26,5,-21,4,-17,3,-14,2,-11,2,-7,0,-5,-1,-4,-2,-3,-3,-3,-3,-3,-3,-33,17,-2,-2,-3,-1,-3,0,-2,1,-2,2,-2,5,-2,4,-14,1,-13,13,-2,20,11,20,22,8,22,-8,13,-20,41,-24,-17,-19,-24,-3,-22,15,-5,28,16,27,32,7,28,-19,4,-35,-22,-28,-36,-2,-24,24,1,33,22,20,35,8,14,-17,-1,-19,-10,-10,-14,-2,-10,5,-5,10,0,0,10,8,13,0,8,-9,-1,-13,-8,-5,-7,3,-30,10,4,0,-1,-4,-8,-2,-9,7,-1,14,11,10,15,-2,8,-14,-4,-15,-14,-5,-11,7,-1,13,8,8,7,-4,3,-5,-4,-3,-3,1,1,3,4,1,2,-3,-1,-4]"
CSI_DATA,263514,d8:b1:90:d9:de:f0,-64,11,-99,-34,65,56,-455181651,100,0,228,0,"[4,29,2,35,-1,40,-4,45,-7,46,-8,48,-8,45,-83,-1,-5,40,-3,36,-3,32,-2,27,-2,24,-3,20,-4,17,-5,15,-7,13,-9,11,-11,10,-11,9,-14,9,-24,-11,-10,7,-8,7,-5,4,-4,2,-1,-1,-1,-4,0,0,1,-13,0,-16,-1,-20,-1,-24,-3,-28,-7,-30,-59,17,-8,-30,-10,-28,-10,-23,-10,-21,-9,-17,-7,-13,-4,-10,-2,-7,-1,-5,1,-4,2,-4,3,-3,3,-3,36,0,2,-2,2,-3,0,-3,-3,-2,-4,-2,-4,-1,-5,0,2,-14,-9,-16,-21,-7,-23,8,-13,20,3,24,16,17,16,46,21,-14,5,-24,-13,-24,-28,-9,-29,13,-10,32,16,30,35,9,32,-22,4,-36,-24,-27,-33,0,-21,23,-10,35,17,14,17,-1,10,-10,1,-13,-4,-11,-9,-4,0,0,-8,10,1,13,11,8,13,-2,4,-9,-3,-7,-14,-30,2,4,5,-2,2,-8,-8,-8,-14,2,-8,14,5,16,16,5,15,-9,1,-16,-10,-11,-14,1,-5,9,7,4,8,1,4,-3,-2,-3,-4,1,1,4,3,2,4,-3]"
CSI_DATA,263515,d8:b1:90:d9:de:f0,-64,11,-99,-35,65,56,-455168429,100,0,228,0,"[-14,-26,-14,-33,-13,-39,-13,-44,-13,-47,-13,-46,-14,-46,-85,-1,-15,-39,-13,-35,-13,-30,-13,-25,-12,-23,-9,-19,-7,-18,-4,-15,-1,-15,0,-14,1,-17,3,-17,3,-15,-25,-12,2,-13,2,-11,1,-8,1,-4,2,-1,4,1,0,0,11,6,14,9,19,11,23,9,26,9,31,7,9,1,31,2,30,1,29,-1,24,-2,19,-1,15,-2,11,-1,9,1,7,1,4,2,4,3,3,3,2,4,34,0,3,3,3,1,3,0,3,-1,3,-3,0,-4,0,-6,2,15,15,13,23,-1,18,-17,1,-25,-15,-20,-24,-6,-37,-33,-12,24,6,26,24,15,29,-7,17,-28,-9,-33,-33,-15,-35,15,-11,37,20,33,37,4,26,-23,-1,-31,-18,-33,-24,3,-12,15,1,15,8,11,12,3,12,-3,0,0,-3,-13,-12,-6,-12,4,-4,12,6,9,8,0,34,0,-3,-2,0,4,7,3,11,-4,2,-15,-12,-13,-18,1,-9,15,6,17,17,6,13,-8,1,-14,-9,-7,-7,7,-2,7,4,4,3,-2,-1,-2,-4,1,-1,4,3,3]"
CSI_DATA,263516,d8:b1:90:d9:de:f0,-64,11,-99,-37,66,56,-455151643,100,0,228,0,"[-2,-28,2,-33,6,-38,10,-41,15,-43,17,-43,17,-42,-80,-1,13,-38,13,-33,11,-30,10,-25,9,-21,8,-18,10,-15,10,-10,11,-8,13,-5,13,-4,16,-2,15,-2,-24,-11,13,-2,11,-1,8,-1,5,0,1,1,-1,3,0,0,-5,9,-9,13,-10,18,-12,20,-11,25,-11,28,-133,17,-9,30,-8,28,-5,25,-5,23,-3,18,-3,13,-3,10,-3,8,-3,4,-4,2,-4,-1,-5,-1,-4,-1,-62,17,-5,0,-4,1,-3,3,0,4,1,4,2,4,3,4,-4,15,8,18,19,10,24,-5,15,-20,0,-24,-15,-19,-5,-47,-21,9,-12,21,4,26,24,16,31,-3,19,-26,-5,-34,-30,-20,-35,9,-18,32,11,33,30,13,27,-11,24,-25,-10,-19,-16,-6,-13,4,-6,9,-1,11,5,10,0,0,12,-3,8,-11,-3,-13,-12,-5,-10,4,-2,8,-5,33,2,-3,-3,-2,-6,5,1,12,12,8,16,-5,5,-17,-9,-16,-17,-2,-13,11,0,16,11,9,13,-3,-1,-10,-5,-8,-6,-1,-2,3,3,2,3,-2,-1,-4,-4,-2]"
CSI_DATA,263517,d8:b1:90:d9:de:f0,-64,11,-99,-37,66,56,-455141513,100,0,228,0,"[-27,-5,-31,-10,-35,-15,-38,-18,-39,-21,-40,-21,-40,-21,-80,-1,-35,-16,-32,-13,-30,-11,-25,-10,-20,-10,-18,-9,-15,-9,-13,-10,-10,-10,-8,-11,-6,-12,-5,-15,-4,-13,-24,-11,-5,-12,-4,-9,-3,-6,-2,-4,0,-2,4,0,0,0,11,0,16,1,19,0,24,-1,26,-2,28,-5,20,1,30,-10,26,-11,25,-11,20,-10,16,-9,13,-6,11,-5,8,-2,5,0,4,1,4,3,4,2,4,3,56,0,4,2,4,1,3,0,2,-1,1,-3,1,-5,-1,-5,13,9,19,-3,15,-17,0,-24,-17,-18,-23,-3,-20,11,-45,2,6,23,20,12,26,-4,17,-23,-3,-31,-27,-18,-33,8,-17,31,12,33,34,12,30,-16,8,-33,-17,-24,-31,-16,-16,13,-2,18,8,12,11,3,10,-2,8,-8,0,0,-8,-8,-12,0,-9,9,1,12,9,5,8,-3,30,-13,-3,0,1,4,9,1,9,-8,-2,-13,-15,-5,-15,6,-3,18,11,13,18,0,9,-12,-4,-15,-12,-4,-5,9,0,8,6,2,3,-3,-2,-3,-4,1,0,5,4,3]"
CSI_DATA,263518,d8:b1:90:d9:de:f0,-64,11,-99,-37,66,56,-455131383,100,0,228,0,"[28,0,34,5,36,10,39,15,41,17,41,19,40,19,-80,-1,35,17,32,16,28,15,24,12,20,11,17,10,13,10,10,11,6,11,3,13,3,15,1,15,0,17,-24,-11,1,13,0,10,1,9,0,4,-1,1,-2,-2,0,0,-9,-6,-12,-10,-16,-11,-20,-12,-24,-13,-27,-12,-10,16,-28,-10,-28,-8,-27,-8,-23,-4,-18,-5,-15,-3,-11,-2,-6,-3,-3,-3,-2,-3,-1,-5,0,-5,1,-6,6,0,-1,-5,-2,-4,-2,-3,-3,-2,-4,0,-5,2,-4,3,-15,-5,-19,6,-12,19,3,24,19,17,25,2,19,-13,46,-3,-6,-21,-21,-13,-25,2,-18,21,2,31,24,20,34,-3,23,-28,-5,-35,-31,-19,-34,9,-15,28,10,27,25,24,19,-9,8,-16,-2,-12,-8,-8,-9,-2,-10,3,0,0,2,12,11,6,12,-3,6,-10,-5,-10,-9,-1,-32,-6,4,3,3,-4,-5,-8,-12,0,-9,13,4,17,17,6,17,-9,3,-18,-11,-13,-16,0,-9,11,4,12,12,-2,6,-4,-1,-5,-5,-1,-1,3,3,3,4,-2,0,-5]"
CSI_DATA,263519,d8:b1:90:d9:de:f0,-64,11,-99,-37,66,56,-455111657,100,0,228,0,"[25,10,27,16,30,21,31,27,32,31,32,32,31,31,-80,-1,28,26,25,23,24,20,19,18,18,16,13,13,11,12,6,12,3,12,1,13,-1,13,-1,15,-2,16,-24,-11,-1,13,0,11,0,8,0,4,0,1,-2,-2,0,0,-8,-9,-11,-11,-15,-13,-19,-15,-23,-15,-27,-15,-15,16,-28,-10,-28,-8,-26,-5,-24,-4,-18,-3,-15,-2,-11,-1,-6,-2,-4,-2,-2,-3,-1,-4,-1,-5,-1,-5,-6,17,-1,-5,-2,-4,-3,-3,-5,-2,-5,1,-4,3,-4,4,-11,-11,-20,-1,-18,13,-5,24,12,21,23,9,23,-6,43,11,0,-23,-15,-18,-25,-4,-24,15,-6,30,18,26,34,5,27,-21,3,-36,-25,-24,-34,2,-19,25,5,27,18,28,19,-4,8,-13,-1,-12,-6,-8,-9,-2,-10,3,0,0,1,11,10,9,13,-2,6,-11,-4,-10,-9,-2,-32,-6,4,4,4,-5,-4,-8,-12,-1,-9,13,5,17,18,5,16,-10,2,-19,-13,-12,-16,2,-6,13,5,12,11,-4,6,-5,-2,-5,-4,0,0,3,4,1,3,-3,-1,-4]"
CSI_DATA,263520,d8:b1:90:d9:de:f0,-64,9,-99,-36,66,56,-455101340,108,0,106,0,"[-125,0,95,1,-12,0,125,1,13,1,104,1,-29,0,50,1,-56,0,-19,0,-111,0,-97,0,-139,0,98,0,-140,0,20,0,-130,0,-47,16,-123,0,-70,16,138,0,-59,16,87,0,-24,16,10,0,-10,16,0,0,0,0,117,16,-39,16,30,16,-87,16,-12,15,138,16,-10,15,100,16,47,16,109,16,115,16,-124,16,-100,16,-61,16,-60,16,-6,16,-47,16,41,0,-48,16,59,0,-49,16,50,0,-56,16,11,0,-52,16]"
CSI_DATA,263521,d8:b1:90:d9:de:f0,-64,11,-99,-38,66,56,-455081658,100,0,228,0,"[7,27,2,33,-2,38,-7,41,-8,43,-11,45,-11,43,-83,-1,-11,38,-9,34,-8,30,-7,27,-7,22,-7,19,-8,15,-9,10,-10,8,-14,3,-15,3,-14,3,-15,2,-24,-11,-14,2,-10,2,-8,2,-4,2,-1,0,3,-1,0,0,8,-9,11,-11,13,-16,13,-20,13,-24,13,-27,118,0,9,-30,8,-29,5,-26,4,-23,3,-19,3,-13,3,-10,3,-7,4,-4,4,-2,4,0,7,0,7,1,78,0,7,-1,5,-2,3,-3,1,-4,-1,-5,-2,-5,-4,-5,4,-16,-10,-19,-22,-8,-24,9,-13,23,4,24,19,16,10,42,21,-11,9,-22,-8,-24,-23,-15,-29,5,-17,27,7,34,29,19,35,-9,15,-33,-13,-33,-29,-10,-26,13,-22,26,9,17,14,4,11,-3,5,-7,2,-9,-3,-8,0,0,-13,2,-5,10,4,13,11,4,9,-5,-1,-9,4,-30,-2,5,7,4,9,-5,0,-14,-14,-9,-17,4,-8,19,10,17,20,3,14,-13,0,-19,-13,-10,-15,2,2,10,4,9,7,2,2,-2,-2,-1,0,2,3,3,4,-1]"
CSI_DATA,263522,d8:b1:90:d9:de:f0,-65,11,-99,-35,66,56,-455068370,100,0,228,0,"[-26,2,-29,-3,-34,-7,-37,-10,-40,-13,-40,-15,-39,-14,-76,-1,-35,-10,-32,-9,-28,-8,-25,-6,-20,-6,-17,-6,-14,-7,-10,-7,-9,-8,-6,-10,-6,-13,-4,-14,-5,-14,-22,-10,-5,-11,-5,-8,-4,-6,-2,-2,0,1,2,3,0,0,9,5,15,5,18,3,23,3,26,2,29,-2,50,1,29,-6,27,-8,25,-7,20,-8,16,-6,13,-5,9,-4,7,-1,5,1,4,3,5,4,5,4,5,5,56,0,6,4,5,1,4,-1,3,-2,2,-4,0,-6,-2,-6,15,6,19,-6,10,-20,-5,-23,-20,-15,-25,3,-16,15,-41,8,10,19,20,8,22,-6,13,-22,-6,-28,-26,-15,-30,8,-14,29,14,31,32,10,27,-16,5,-29,-16,-20,-28,-15,-14,11,-2,14,6,8,8,3,8,-1,7,-5,0,0,-5,-9,-11,-1,-8,8,2,11,9,5,7,-5,27,-10,-6,1,0,8,11,5,11,-7,1,-17,-14,-11,-18,5,-6,18,9,16,18,3,13,-11,-2,-15,-11,-7,-6,8,-2,8,4,4,3,-1,-1,-1,-1,2,2,3,4,1]"
CSI_DATA,263523,d8:b1:90:d9:de:f0,-65,11,-99,-36,66,56,-455056505,100,0,228,0,"[-25,3,-30,0,-34,-3,-38,-8,-40,-12,-40,-12,-39,-11,-78,-1,-35,-8,-32,-7,-29,-6,-24,-5,-22,-5,-17,-5,-14,-6,-12,-6,-8,-7,-6,-10,-5,-12,-4,-12,-5,-12,-23,-11,-4,-10,-4,-6,-3,-4,-2,-1,0,1,3,3,0,0,11,6,14,7,19,5,23,4,26,3,29,1,46,1,29,-3,26,-5,25,-5,21,-6,16,-5,13,-3,11,-2,7,0,6,2,4,3,5,4,5,4,5,4,58,0,5,2,4,1,4,-1,3,-2,2,-4,0,-6,-2,-6,14,5,19,-7,10,-19,-5,-23,-20,-13,-23,2,-15,15,-41,10,10,19,21,8,22,-7,12,-22,-6,-26,-25,-14,-30,10,-14,30,13,31,31,10,28,-16,5,-29,-15,-21,-29,-13,-14,12,-2,14,5,8,7,3,8,-1,5,-6,0,0,-6,-8,-11,0,-6,10,2,11,8,3,5,-6,24,-7,-7,2,0,11,11,5,13,-7,2,-19,-14,-13,-20,3,-10,17,7,17,17,5,14,-10,0,-15,-12,-10,-7,5,-4,7,2,5,2,1,0,0,-1,1,2,3,4,1]"
CSI_DATA,263524,d8:b1:90:d9:de:f0,-65,11,-99,-35,66,56,-455044454,100,0,228,0,"[7,-23,14,-27,19,-28,23,-30,28,-30,28,-29,29,-29,-76,-1,25,-26,22,-23,19,-20,18,-18,15,-15,13,-13,11,-8,11,-5,13,-3,11,0,13,1,14,2,13,2,-22,-10,10,1,8,0,5,0,2,0,-2,-1,-4,2,0,0,-11,3,-14,8,-16,10,-19,15,-18,18,-18,20,70,16,-17,25,-14,23,-11,21,-9,19,-6,16,-6,11,-7,9,-5,6,-6,4,-5,3,-6,1,-6,1,-6,0,-74,16,-4,2,-3,3,-1,3,1,3,3,4,5,4,6,4,-10,10,-2,19,13,17,22,4,20,-11,7,-20,-6,-21,10,-40,-21,0,-18,13,-4,22,13,21,26,7,26,-14,7,-30,-17,-27,-32,-5,-25,21,-1,31,20,20,25,-1,27,-14,-1,-17,-9,-9,-10,-1,-7,4,-3,8,2,8,0,0,9,0,6,-8,-2,-9,-8,-3,-6,5,1,7,-10,23,2,-7,-8,-6,-13,6,-2,16,13,13,19,-2,10,-17,-6,-19,-19,-6,-16,10,-2,18,10,13,15,0,2,-7,-1,-10,-6,-4,-4,1,-1,1,-1,0,-2,-1,-3,1]"
CSI_DATA,263525,d8:b1:90:d9:de:f0,-65,11,-99,-37,67,56,-455031564,100,0,228,0,"[17,-16,23,-14,29,-11,34,-9,38,-8,40,-5,39,-5,-72,-1,34,-3,30,-4,27,-2,23,-1,20,0,16,2,14,4,12,6,10,7,8,10,6,11,6,12,5,12,-21,-10,4,9,4,7,4,5,2,1,0,-2,-3,-4,0,0,-9,-9,-12,-11,-16,-12,-19,-12,-24,-12,-26,-11,-9,14,-26,-9,-25,-7,-23,-7,-21,-6,-16,-6,-13,-5,-10,-5,-7,-5,-4,-6,-2,-5,-2,-8,-1,-7,0,-7,3,0,-1,-6,-2,-4,-3,-2,-2,-1,-4,2,-4,5,-3,6,-14,5,-10,15,3,20,16,16,22,2,18,-12,7,-19,32,-23,-14,-12,-20,0,-17,13,-6,23,12,23,26,8,26,-13,9,-30,-15,-27,-30,-6,-25,17,-4,27,15,19,25,13,12,-10,3,-14,-4,-9,-7,-5,-7,-1,-7,5,0,0,4,9,10,3,9,-6,1,-10,-7,-4,-6,4,-25,-4,8,-1,3,-10,-9,-10,-16,1,-11,15,6,19,18,8,18,-10,4,-19,-11,-16,-17,-1,-11,11,2,14,10,2,10,-1,4,-5,0,-3,1,-2,1,-1,0,-4,-3,-4]"
CSI_DATA,263526,d8:b1:90:d9:de:f0,-65,11,-99,-34,66,56,-455021435,100,0,228,0,"[-23,-3,-26,-9,-29,-14,-31,-19,-33,-22,-32,-23,-33,-23,-74,-1,-29,-18,-27,-16,-24,-14,-20,-12,-18,-11,-13,-10,-11,-10,-8,-10,-6,-10,-3,-11,-2,-12,-1,-13,-1,-12,-22,-10,-2,-9,-2,-6,-2,-4,-1,-1,-1,3,2,6,0,0,8,11,12,13,16,14,20,14,24,13,27,11,34,1,28,8,27,6,26,5,23,3,19,4,15,3,11,3,8,4,6,4,4,5,3,6,3,6,4,6,33,0,3,4,3,2,3,0,2,-1,1,-4,-1,-6,-1,-7,12,8,19,-2,13,-14,1,-21,-14,-16,-21,-4,-19,9,-40,-4,3,19,15,13,22,1,19,-15,3,-26,-19,-22,-30,-2,-22,23,2,32,25,20,29,-6,14,-25,-7,-24,-20,-22,-15,6,-6,11,2,10,6,7,8,2,8,-3,0,0,-3,-9,-9,-5,-8,5,-1,9,6,4,5,-5,26,4,-9,1,-2,11,11,10,16,-4,7,-18,-10,-18,-21,-4,-16,14,0,22,16,12,19,-4,7,-15,-6,-14,-10,2,-9,4,-1,7,2,4,1,2,0,2,2,3,4,1]"
CSI_DATA,263527,d8:b1:90:d9:de:f0,-65,11,-99,-37,67,56,-455001655,100,0,228,0,"[6,22,4,27,1,32,-1,36,-3,38,-3,39,-3,39,-72,-1,-1,33,0,30,1,27,0,24,1,20,0,17,-1,15,-3,12,-5,11,-6,10,-7,9,-8,8,-8,8,-21,-10,-6,6,-4,5,-1,3,0,0,1,-2,2,-6,0,0,1,-13,-1,-18,-2,-21,-5,-24,-7,-26,-10,-27,-131,15,-14,-26,-15,-23,-15,-20,-14,-18,-12,-15,-10,-13,-7,-10,-6,-10,-4,-8,-1,-7,-1,-6,-1,-7,0,-5,-1,15,0,-4,1,-2,0,0,-2,1,-1,4,-1,6,-1,7,2,-12,-8,-14,-17,-6,-18,8,-8,19,6,19,17,11,17,36,15,-12,3,-20,-11,-18,-23,-7,-22,12,-7,26,16,24,29,5,24,-19,2,-30,-21,-20,-26,3,-15,18,-4,28,14,9,14,-3,7,-9,0,-10,-5,-7,-8,-2,0,0,-2,8,3,7,8,2,4,-5,-2,-5,-4,1,-12,-20,9,2,8,-9,-4,-13,-16,-7,-17,11,-2,21,15,16,21,-2,12,-17,-6,-20,-17,-9,-16,7,-4,15,8,7,12,3,8,-4,1,-6,-2,-4,-1,-2,-1,-2,-2,-2]"
CSI_DATA,263528,d8:b1:90:d9:de:f0,-65,11,-99,-38,67,56,-454991578,100,0,228,0,"[0,24,-5,27,-10,30,-13,31,-19,33,-19,32,-20,32,-74,-1,-18,28,-15,26,-14,23,-13,20,-12,16,-11,13,-11,10,-10,8,-12,4,-11,1,-12,1,-12,0,-11,0,-22,-10,-9,-1,-7,0,-4,-1,-1,0,2,-2,5,-3,0,0,12,-8,13,-9,16,-13,19,-18,18,-19,19,-22,-42,0,18,-24,15,-24,14,-22,12,-20,10,-16,9,-12,9,-10,8,-6,7,-5,7,-4,6,-1,7,0,6,0,74,0,4,1,3,1,1,1,-2,1,-3,0,-5,0,-6,0,5,-12,-5,-16,-16,-10,-21,2,-15,15,-2,20,9,19,-2,38,20,-4,13,-15,1,-22,-15,-18,-25,-2,-22,16,-2,29,20,23,30,1,21,-22,-1,-28,-21,-18,-24,3,-25,15,1,16,10,9,11,1,8,-5,3,-8,-2,-8,0,0,-8,0,-4,7,2,7,5,2,4,-2,-1,-3,15,-22,3,6,10,2,9,-9,-2,-16,-15,-10,-21,5,-9,19,8,20,20,7,18,-10,4,-19,-10,-15,-16,-2,-6,9,-2,13,7,9,7,1,4,-2,2,-2,2,-1,2,-2]"
CSI_DATA,263529,d8:b1:90:d9:de:f0,-65,11,-99,-35,66,56,-454981497,100,0,228,0,"[20,-11,27,-10,31,-9,34,-7,39,-6,39,-6,39,-6,-76,-1,33,-7,30,-7,27,-7,23,-7,20,-6,18,-4,16,-3,14,-1,14,1,11,3,10,5,10,5,10,5,-22,-10,7,4,5,3,2,2,0,1,-4,1,-7,2,0,0,-13,5,-16,9,-18,11,-20,15,-21,18,-20,21,87,16,-18,25,-16,25,-14,23,-11,21,-9,18,-8,15,-7,13,-6,9,-5,7,-5,5,-5,3,-6,3,-6,2,-61,16,-3,0,-3,0,-1,-1,1,-2,3,-2,4,-3,5,-4,-14,1,-11,13,-1,20,14,16,21,3,18,-9,7,-19,30,-26,-16,-11,-21,2,-15,17,1,25,18,19,28,-1,19,-22,-4,-30,-26,-18,-31,8,-14,27,9,27,23,8,28,-4,5,-17,-7,-14,-10,-4,-9,4,-5,7,1,9,0,0,8,0,6,-6,-1,-8,-5,-3,-4,2,1,3,-17,21,-3,-6,-10,-1,-10,10,3,17,17,9,19,-8,6,-21,-11,-18,-22,-3,-16,15,1,21,16,11,19,-3,4,-13,-5,-14,-11,-5,-8,2,-2,5,0,3,0,1,0,2]"
CSI_DATA,263530,d8:b1:90:d9:de:f0,-65,11,-99,-38,67,56,-454971303,100,0,228,0,"[10,19,8,25,7,30,4,34,2,38,1,38,1,38,-74,-1,1,33,0,30,1,27,0,23,0,21,-1,18,-2,14,-3,12,-5,10,-6,8,-8,8,-8,6,-8,7,-22,-10,-7,4,-4,3,-2,1,-1,-1,2,-3,4,-6,0,0,5,-12,5,-18,5,-21,5,-24,4,-27,2,-29,11,0,0,-31,-1,-29,-3,-27,-3,-25,-3,-21,-2,-18,-1,-14,0,-12,1,-9,2,-8,2,-6,3,-5,4,-4,33,0,3,-1,3,-1,1,1,-1,1,-2,3,-3,3,-3,5,0,-12,-11,-11,-19,-3,-16,9,-5,20,7,18,16,10,19,33,15,-12,4,-20,-10,-19,-23,-7,-23,11,-8,26,13,26,30,7,26,-16,5,-29,-16,-23,-27,-2,-19,16,-8,27,12,12,15,1,9,-7,3,-10,-3,-8,-7,-4,0,0,-5,6,1,8,6,4,5,-2,0,-3,-3,-1,1,-27,7,3,9,-6,2,-14,-11,-12,-20,1,-12,18,4,22,19,10,21,-7,8,-20,-9,-19,-19,-5,-15,9,1,12,9,11,11,1,6,-5,1,-6,-1,-3,-1,-1,0,-2]"
CSI_DATA,263531,d8:b1:90:d9:de:f0,-65,11,-99,-34,66,56,-454950378,100,0,228,0,"[-22,10,-26,7,-31,4,-36,1,-38,-1,-39,-3,-38,-4,-74,-1,-33,-3,-29,-3,-27,-3,-24,-3,-20,-3,-18,-4,-15,-5,-12,-6,-10,-6,-8,-9,-6,-9,-5,-10,-3,-9,-22,-10,-2,-7,-1,-5,0,-3,2,0,3,2,5,4,0,0,11,8,15,9,19,10,23,11,26,11,28,11,62,1,30,9,30,8,29,7,26,6,23,6,19,5,15,4,12,4,9,4,6,4,6,4,4,4,3,5,31,0,1,3,1,2,0,1,-2,1,-1,-1,-2,-4,-2,-4,13,0,13,-10,4,-19,-9,-18,-19,-8,-21,5,-12,15,-37,16,11,15,20,6,21,-7,10,-23,-8,-25,-25,-13,-28,9,-13,28,11,29,29,11,27,-12,8,-27,-12,-23,-25,-13,-16,9,-5,15,5,12,9,5,9,-2,6,-6,0,0,-4,-6,-7,-1,-5,5,0,6,4,2,2,-1,27,8,-4,5,2,10,11,5,14,-6,6,-18,-11,-16,-21,-2,-16,13,0,22,16,14,21,-2,11,-16,-5,-19,-14,-5,-14,5,-5,12,4,9,6,3,4,-2,1,-2,0,0]"
CSI_DATA,263532,d8:b1:90:d9:de:f0,-65,11,-99,-35,66,56,-454931548,100,0,228,0,"[21,7,25,13,26,17,28,21,29,25,30,27,28,26,-76,-1,27,22,25,18,22,16,19,14,17,13,15,10,11,10,10,9,7,10,4,10,4,11,3,10,2,10,-22,-10,1,8,1,6,0,3,-1,1,-3,-1,-5,-4,0,0,-11,-6,-16,-7,-19,-8,-22,-7,-27,-8,-29,-5,-69,15,-31,-2,-31,0,-30,1,-27,2,-23,2,-19,3,-17,3,-14,1,-11,1,-8,0,-7,-1,-6,-1,-5,-2,-58,16,-2,-2,-2,-1,-1,-1,-1,-1,1,1,2,2,2,2,-9,-10,-17,-2,-16,11,-5,21,9,19,19,7,19,-5,40,7,-2,-20,-15,-16,-22,-2,-19,15,-4,26,17,22,31,2,23,-21,0,-32,-25,-20,-31,5,-16,23,7,26,21,19,19,-6,7,-15,-4,-13,-9,-6,-9,1,-6,7,0,0,4,6,8,1,6,-4,0,-6,-3,-3,-1,2,-29,-3,3,-4,-4,-8,-13,-2,-11,9,1,18,16,13,20,-5,9,-19,-9,-20,-20,-6,-17,11,0,20,14,14,14,-3,8,-13,-4,-13,-10,-4,-6,3,-1,5,1,2,1,0]"
CSI_DATA,263533,d8:b1:90:d9:de:f0,-65,11,-99,-35,66,56,-454921227,100,0,228,0,"[9,23,6,28,3,33,1,37,-2,39,-3,38,-5,39,-76,-1,-5,33,-4,31,-5,28,-5,25,-4,21,-4,18,-5,16,-6,13,-6,10,-8,8,-9,7,-9,6,-8,4,-22,-10,-7,2,-5,1,-3,0,-1,-2,1,-3,3,-6,0,0,6,-11,7,-15,9,-19,8,-22,9,-25,9,-28,-138,0,9,-30,8,-30,7,-28,6,-26,5,-22,5,-19,5,-16,4,-14,3,-10,3,-7,3,-6,3,-4,4,-4,44,0,2,-2,2,-1,1,-1,-1,-1,-3,0,-3,0,-3,1,1,-14,-9,-14,-18,-5,-18,8,-9,19,5,20,17,14,16,38,17,-11,7,-21,-8,-21,-22,-10,-25,6,-13,25,8,29,27,14,29,-10,13,-30,-11,-28,-28,-10,-25,11,-17,26,9,19,17,5,14,-5,5,-11,-2,-10,-8,-6,0,0,-6,6,-1,7,5,5,6,0,2,-3,-1,-2,9,-27,4,3,8,-3,4,-10,-7,-13,-17,-3,-16,11,-2,20,14,15,20,0,14,-16,-3,-20,-16,-11,-18,4,-5,11,6,15,14,5,10,-5,2,-9,-3,-5,-3,0,-1,1]"
CSI_DATA,263534,d8:b1:90:d9:de:f0,-65,9,-99,-35,66,56,-454906803,83,0,106,0,"[-81,15,89,0,-126,15,-105,0,-125,15,-77,0,-81,15,-99,0,-13,15,-131,0,51,16,113,0,121,16,107,0,-90,16,112,0,-40,16,127,0,-13,16,131,0,-2,16,103,0,8,0,46,0,39,0,-13,16,0,0,0,0,-139,0,-126,16,-65,0,106,16,13,1,86,16,53,1,102,16,32,1,-134,16,-18,0,-97,16,-100,0,-77,16,113,0,-64,16,67,0,-52,16,39,0,-51,16,27,0,-47,16,22,0,-35,16,28,0]"
CSI_DATA,263535,d8:b1:90:d9:de:f0,-64,11,-99,-38,66,56,-454891668,100,0,228,0,"[-26,2,-29,-3,-33,-8,-36,-13,-38,-16,-38,-19,-36,-20,-83,-1,-33,-17,-29,-16,-26,-15,-23,-13,-21,-13,-16,-11,-13,-13,-10,-11,-7,-11,-4,-11,-2,-13,0,-13,1,-11,-24,-11,2,-10,2,-7,1,-4,2,-2,2,1,3,4,0,0,8,9,10,14,13,16,16,20,19,22,22,23,-51,0,26,23,24,22,24,20,22,19,19,16,16,13,13,11,9,9,7,9,4,7,3,7,2,7,2,7,13,0,1,4,1,4,1,4,1,4,2,2,3,0,3,-1,15,5,20,-7,11,-20,-4,-24,-19,-16,-22,-1,-19,13,-42,1,7,21,19,13,24,-1,19,-19,3,-28,-20,-23,-33,-2,-26,22,-1,35,24,26,35,0,22,-24,-1,-29,-19,-29,-23,2,-14,14,0,16,8,11,13,3,10,-3,0,0,-2,-10,-8,-5,-10,1,-5,7,1,7,4,1,24,21,-3,1,-2,8,7,9,15,1,13,-13,-1,-20,-16,-13,-21,4,-10,19,7,21,20,8,17,-9,4,-19,-10,-9,-16,-2,-9,9,1,11,5,5,4,-1,1,-2,-1,0]"
CSI_DATA,263536,d8:b1:90:d9:de:f0,-64,11,-99,-37,66,56,-454881644,100,0,228,0,"[-17,19,-23,19,-28,19,-33,19,-36,18,-36,19,-36,18,-80,-1,-33,17,-30,17,-25,15,-23,15,-19,12,-18,10,-16,9,-15,5,-12,4,-12,1,-12,-1,-11,-2,-10,-2,-24,-11,-8,-2,-6,-2,-4,-2,-1,-2,1,-2,4,-4,0,0,11,-6,15,-10,16,-13,18,-17,18,-20,19,-24,-106,0,17,-27,15,-27,12,-26,11,-25,8,-21,6,-18,6,-16,4,-11,4,-9,3,-6,4,-5,4,-4,4,-4,45,0,3,-3,3,-3,2,-4,0,-3,0,-3,-2,-3,-3,-1,13,-5,8,-17,-5,-21,-19,-12,-23,4,-15,17,-1,23,-23,36,21,6,20,-8,10,-21,-6,-25,-24,-13,-30,8,-15,28,11,32,31,12,31,-13,9,-33,-16,-27,-30,-5,-32,13,-3,23,12,16,16,2,12,-8,3,-12,-4,-11,0,0,-10,3,-5,9,2,10,8,3,5,-3,0,-4,16,-26,1,4,8,1,8,-9,-2,-15,-15,-8,-18,8,-5,20,11,17,21,2,15,-15,-2,-20,-16,-11,-18,4,-2,11,8,13,15,2,8,-6,-1,-8,-4,-3,-2,2,0,1]"
CSI_DATA,263537,d8:b1:90:d9:de:f0,-65,11,-99,-35,66,56,-454860991,100,0,228,0,"[-2,21,-7,26,-11,30,-16,32,-19,33,-19,34,-20,33,-76,-1,-16,32,-14,30,-10,27,-10,23,-8,21,-7,18,-7,15,-8,10,-9,8,-9,6,-11,5,-11,3,-13,3,-22,-10,-11,2,-9,2,-5,1,-4,1,-1,-1,1,-3,0,0,6,-10,6,-15,7,-18,7,-22,5,-27,4,-29,37,0,1,-31,-2,-30,-3,-27,-5,-25,-4,-21,-3,-17,-3,-14,-2,-9,0,-7,1,-6,2,-5,3,-4,3,-4,33,0,3,-5,3,-5,1,-6,-1,-6,-2,-6,-3,-5,-4,-3,8,-14,-3,-19,-17,-13,-23,2,-15,18,0,21,11,17,2,39,18,-6,10,-18,-2,-22,-18,-15,-26,1,-18,21,2,29,26,19,33,-7,17,-28,-10,-32,-29,-11,-26,11,-19,27,10,19,17,5,14,-6,5,-11,-2,-10,-6,-7,0,0,-9,6,-2,10,6,9,9,0,6,-6,-1,-6,-1,-30,2,4,7,0,4,-8,-6,-10,-16,-1,-13,14,2,19,17,9,19,-6,6,-18,-10,-16,-18,-1,-11,13,7,9,13,6,10,-5,1,-8,-5,-4,-3,2,1,3,2,0]"
CSI_DATA,263538,d8:b1:90:d9:de:f0,-64,11,-99,-37,66,56,-454841520,100,0,228,0,"[19,-16,26,-16,32,-15,36,-16,40,-16,41,-15,40,-17,-80,-1,34,-17,31,-17,27,-16,25,-15,20,-12,18,-11,16,-9,15,-6,15,-3,13,-1,13,0,13,2,13,1,-24,-11,11,1,10,1,6,1,3,0,1,1,-3,3,0,0,-8,9,-10,13,-11,17,-12,21,-11,25,-10,28,-128,17,-5,32,-3,31,-2,28,0,25,2,21,2,17,1,13,1,10,1,8,-1,5,-2,3,-2,4,-4,3,-39,17,-3,5,-2,5,0,5,2,5,3,5,5,5,6,3,-15,4,-10,18,4,21,19,15,25,-3,16,-17,2,-24,25,-34,-20,-6,-21,8,-12,21,8,25,25,15,30,-8,13,-30,-13,-32,-34,-10,-31,18,-4,34,21,25,31,1,33,-18,-2,-23,-15,-13,-18,1,-10,9,-2,13,5,11,0,0,11,-5,5,-11,-4,-11,-11,-3,-8,5,1,8,-3,33,0,-5,-6,-2,-6,8,3,13,15,3,15,-11,0,-19,-16,-12,-19,4,-6,18,10,16,18,1,11,-12,-6,-9,-11,-4,-10,5,0,9,6,2,3,-3,-2,-3,-3,0]"
CSI_DATA,263539,d8:b1:90:d9:de:f0,-64,11,-99,-38,66,56,-454830933,100,0,228,0,"[22,-14,28,-11,34,-9,39,-7,42,-5,45,-4,43,-4,-83,-1,38,-4,35,-4,32,-4,27,-3,24,-2,21,0,17,1,15,3,14,4,13,7,10,8,10,9,10,10,-24,-11,8,8,7,7,4,4,1,2,-1,1,-4,-1,0,0,-13,-2,-15,-3,-20,-2,-24,-1,-28,0,-32,2,-53,16,-30,5,-29,7,-27,7,-23,7,-19,5,-15,5,-11,3,-9,1,-7,0,-3,-1,-4,-2,-3,-3,-4,-4,-34,17,-4,-3,-5,-2,-7,-1,-7,0,-7,2,-5,4,-5,5,-15,2,-13,14,0,22,16,17,23,3,20,-11,8,-21,35,-24,-16,-13,-23,0,-19,15,-5,27,16,23,30,7,28,-19,5,-34,-22,-27,-36,-1,-26,24,1,34,23,21,38,8,15,-19,-1,-20,-10,-11,-14,-2,-10,5,-5,10,0,0,9,8,14,-2,7,-10,-2,-11,-10,-4,-7,4,-30,10,5,-1,-1,-8,-10,-4,-11,7,-2,16,13,14,20,-2,10,-17,-7,-19,-19,-5,-15,10,0,17,13,10,9,-7,3,-10,-7,-7,-8,1,0,5,4,3,4,-3,0,-4]"
CSI_DATA,263540,d8:b1:90:d9:de:f0,-64,11,-99,-37,66,56,-454820737,100,0,228,0,"[-18,-18,-19,-25,-20,-32,-19,-35,-20,-38,-20,-38,-20,-38,-80,-1,-20,-32,-19,-30,-18,-26,-17,-23,-15,-19,-13,-17,-11,-16,-8,-15,-6,-13,-4,-13,-3,-12,-1,-13,0,-12,-24,-11,0,-10,-1,-8,-1,-4,0,-1,1,1,3,4,0,0,9,10,11,12,16,13,20,15,24,13,27,12,23,1,30,8,30,6,27,4,24,2,20,1,16,0,11,-1,9,0,6,1,4,2,4,2,3,3,3,3,45,0,4,2,5,1,5,0,6,-1,6,-3,5,-5,4,-6,4,13,16,8,19,-4,12,-17,-3,-23,-16,-15,-23,-1,-39,-24,-6,20,9,21,23,11,26,-9,12,-26,-11,-30,-30,-12,-31,16,-9,34,20,28,34,3,24,-23,-1,-31,-21,-30,-24,3,-13,16,1,17,10,10,13,1,10,-8,0,0,-3,-10,-12,-3,-10,5,-1,11,8,5,8,-3,28,3,-8,-1,-3,8,6,9,15,-2,8,-15,-8,-17,-18,-3,-13,13,1,18,16,9,16,-5,3,-15,-9,-10,-9,4,-5,9,5,6,6,-1,0,-5,-4,-2,-3,3,0,5]"
CSI_DATA,263541,d8:b1:90:d9:de:f0,-64,11,-99,-37,66,56,-454809972,100,0,228,0,"[4,-26,11,-31,16,-33,21,-35,25,-36,26,-36,27,-34,-80,-1,25,-31,23,-28,20,-25,17,-23,16,-19,15,-17,13,-13,13,-10,12,-9,12,-5,13,-4,12,-2,12,-1,-24,-11,10,-1,6,-1,3,-1,1,-2,-2,-1,-6,0,0,0,-12,3,-16,4,-20,8,-23,11,-24,13,-25,16,15,17,-25,18,-23,18,-19,17,-16,16,-13,13,-10,10,-8,8,-6,4,-4,3,-4,1,-3,0,-4,-1,-3,-1,-45,17,-4,0,-5,2,-4,3,-3,5,-3,6,-3,8,-2,8,-8,11,1,16,12,15,20,3,19,-10,8,-20,-5,-21,8,-47,-23,0,-18,15,-4,25,15,23,28,8,26,-16,6,-33,-19,-28,-35,-5,-28,21,-3,35,23,25,32,1,31,-20,1,-25,-13,-16,-18,-1,-13,8,-3,13,3,12,0,0,12,-2,6,-10,-2,-11,-10,-4,-9,5,0,9,-18,20,5,-6,-4,-9,-12,-1,-10,12,4,16,17,6,17,-9,3,-19,-12,-13,-17,1,-9,13,4,15,13,5,4,-6,0,-10,-8,-4,-5,4,2,6,5,0,3,-5,-2,-5]"
CSI_DATA,263542,d8:b1:90:d9:de:f0,-65,11,-99,-36,66,56,-454791324,100,0,228,0,"[16,22,16,29,14,33,14,38,13,41,12,42,13,42,-78,-1,12,37,12,33,11,29,10,25,10,22,7,20,5,20,4,17,2,16,1,15,0,15,-1,14,-2,14,-23,-11,-1,11,0,8,1,6,1,2,1,-1,0,-5,0,0,-4,-11,-6,-14,-10,-17,-13,-19,-16,-19,-21,-19,89,16,-22,-15,-22,-13,-21,-11,-17,-7,-14,-6,-11,-3,-7,-3,-5,-2,-2,-2,-1,-3,-1,-3,1,-4,0,-4,1,0,-2,-3,-3,-1,-5,-1,-7,1,-8,2,-7,4,-7,5,-4,-12,-14,-8,-20,2,-15,15,-2,22,13,17,22,6,32,31,11,-20,-5,-23,-20,-14,-26,4,-16,23,5,30,28,17,32,-8,14,-31,-13,-32,-32,-11,-29,15,-6,28,14,34,23,4,16,-11,4,-15,-5,-13,-12,-6,-13,3,0,0,1,13,11,7,13,-3,5,-11,-5,-7,-8,1,-24,-8,7,4,6,-6,-3,-12,-13,-4,-13,10,0,19,14,11,16,-5,6,-16,-8,-14,-13,-2,-7,8,2,10,7,-2,4,-4,-3,-3,-4,2,1,4,6,2,5,-3,1,-6]"
CSI_DATA,263543,d8:b1:90:d9:de:f0,-65,11,-99,-36,66,56,-454771725,100,0,228,0,"[10,26,5,33,2,38,-1,41,-4,44,-6,43,-7,43,-78,-1,-8,37,-8,33,-8,30,-7,28,-6,23,-7,21,-8,17,-8,15,-10,13,-11,10,-11,10,-12,7,-11,6,-23,-11,-8,5,-5,5,-2,3,0,3,3,1,5,-1,0,0,11,-6,13,-8,15,-12,17,-15,17,-17,17,-19,-77,0,16,-21,13,-20,12,-17,10,-14,7,-12,5,-7,6,-4,3,-2,3,-1,3,1,3,2,4,2,3,2,34,0,3,0,3,-2,2,-5,0,-6,0,-8,0,-10,-1,-10,0,-11,-8,-12,-16,-5,-19,5,-11,19,2,21,15,17,14,43,22,-10,10,-22,-6,-24,-23,-13,-29,6,-15,25,7,31,29,16,32,-8,15,-30,-11,-31,-29,-13,-26,11,-21,30,7,22,16,10,16,-3,8,-11,1,-12,-6,-11,0,0,-12,6,-3,12,7,10,12,1,6,-8,-4,-10,7,-21,-5,10,7,10,15,-2,7,-14,-7,-15,-17,-3,-15,12,-1,17,12,11,15,-2,6,-12,-3,-11,-8,-4,-2,3,2,4,3,1,-1,-3,-5,-1,-4,4,0,7,5,4]"
CSI_DATA,263544,d8:b1:90:d9:de:f0,-65,11,-99,-35,66,56,-454756633,100,0,228,0,"[17,22,16,29,16,34,14,38,15,41,13,41,13,41,-76,-1,13,34,13,32,11,29,10,26,8,22,7,21,6,18,4,17,3,17,1,16,1,16,0,15,0,15,-22,-10,2,10,2,7,3,4,2,1,2,-3,0,-6,0,0,-4,-11,-8,-15,-11,-15,-14,-17,-18,-16,-20,-15,54,16,-20,-11,-20,-8,-18,-7,-16,-5,-10,-4,-8,-3,-5,-3,-2,-4,0,-3,1,-4,0,-4,1,-4,0,-4,4,0,-1,-2,-3,0,-4,2,-5,4,-5,6,-5,9,-5,9,-4,-11,-13,-8,-18,1,-15,14,-3,22,13,19,22,6,34,30,9,-21,-6,-23,-21,-13,-26,6,-15,25,7,30,28,14,31,-10,13,-31,-15,-29,-31,-7,-25,18,-4,27,16,32,21,1,15,-10,3,-15,-6,-13,-11,-5,-13,4,0,0,3,11,11,5,11,-5,1,-11,-8,-7,-8,4,-19,-4,10,3,7,-9,-5,-13,-16,-3,-13,11,2,19,16,9,17,-6,5,-15,-8,-13,-13,-2,-7,7,1,7,4,-2,1,0,-1,2,0,4,6,3,8,-3,3,-7,-3,-7]"
CSI_DATA,263545,d8:b1:90:d9:de:f0,-65,11,-99,-38,67,56,-454741506,100,0,228,0,"[2,27,-2,32,-5,36,-9,39,-10,40,-11,40,-11,39,-74,-1,-9,33,-8,30,-7,28,-5,25,-5,23,-5,20,-5,20,-6,16,-6,14,-7,13,-7,12,-6,11,-6,10,-22,-10,-3,7,0,6,1,4,3,2,5,-1,6,-4,0,0,6,-11,7,-15,6,-19,4,-21,4,-23,1,-25,39,0,-1,-23,-2,-21,-3,-18,-2,-14,-2,-12,-1,-8,1,-6,2,-5,2,-3,3,-2,3,-2,3,-2,3,-2,33,0,0,-2,-2,-1,-4,-1,-8,-1,-9,0,-10,1,-10,2,4,-8,-2,-12,-12,-10,-19,1,-15,13,-3,21,11,19,10,44,21,-9,10,-22,-8,-24,-24,-11,-26,8,-12,26,11,28,29,10,28,-15,7,-31,-16,-25,-28,-4,-21,16,-7,33,13,15,18,2,12,-9,3,-12,-5,-11,-10,-5,0,0,-5,11,5,10,11,3,7,-7,-2,-9,-10,-2,-6,-14,6,10,13,0,8,-13,-6,-15,-18,-4,-13,11,0,19,13,10,15,-3,6,-12,-5,-11,-10,-4,-7,4,0,3,1,3,1,1,-1,3,1,3,5,3,7,-1,4,-6]"
CSI_DATA,263546,d8:b1:90:d9:de:f0,-65,11,-99,-37,67,56,-454731334,100,0,228,0,"[-14,-23,-12,-28,-10,-34,-7,-38,-6,-41,-4,-41,-2,-41,-72,-1,-1,-34,-1,-31,0,-29,1,-26,2,-23,2,-21,3,-19,5,-17,6,-15,5,-14,6,-12,7,-11,6,-11,-21,-10,4,-8,1,-5,-2,-3,-3,-1,-5,1,-7,4,0,0,-9,9,-10,13,-10,16,-11,19,-10,21,-10,22,-116,15,-8,21,-5,20,-5,17,-5,14,-5,11,-5,8,-4,5,-4,3,-4,1,-5,0,-4,-1,-4,-1,-4,0,-43,15,-1,1,0,2,3,4,6,6,7,6,8,7,9,6,0,8,8,10,15,4,16,-7,8,-18,-4,-20,-17,-14,-23,-38,-18,14,-4,23,13,21,25,7,24,-13,8,-27,-15,-25,-30,-6,-25,17,-5,30,18,23,28,3,19,-16,7,-32,-11,-15,-16,-3,-13,7,-5,12,4,12,10,6,0,0,6,-9,-2,-12,-10,-5,-10,6,0,11,9,6,0,16,-2,-12,-12,-5,-13,9,0,18,14,11,18,-4,9,-16,-6,-17,-15,-5,-13,7,-3,13,6,10,8,3,3,-2,2,-4,1,-2,2,-2,2,-4,-2,-5,-6,-4,-6,1]"
CSI_DATA,263547,d8:b1:90:d9:de:f0,-66,11,-99,-36,67,56,-454721310,100,0,228,0,"[-25,-11,-26,-16,-28,-20,-28,-23,-29,-27,-28,-27,-26,-27,-70,-1,-24,-23,-21,-21,-20,-18,-18,-17,-17,-16,-14,-15,-12,-14,-11,-13,-10,-12,-9,-12,-8,-12,-6,-11,-5,-9,-21,-10,-5,-6,-5,-3,-3,-1,-2,2,0,5,2,7,0,0,8,11,11,12,14,12,17,13,20,12,20,11,-14,0,21,8,19,6,18,5,14,4,11,5,8,4,5,3,3,5,2,4,1,5,1,5,1,4,2,3,9,0,2,1,1,-2,1,-4,2,-5,2,-8,1,-10,0,-11,5,7,12,4,14,-5,9,-16,-4,-20,-16,-13,-22,1,-40,-11,-2,23,15,18,24,3,20,-16,4,-26,-17,-22,-29,-2,-21,21,1,30,22,19,27,-3,16,-22,-5,-24,-25,-19,-18,4,-10,13,1,14,9,9,11,0,8,-7,0,0,-6,-8,-11,0,-7,8,4,9,9,1,4,-8,16,1,-11,2,-4,12,10,12,17,-1,10,-15,-6,-17,-17,-7,-15,9,-3,15,10,11,13,1,7,-7,-1,-8,-3,-1,-4,-1,-2,-1,-3,-1,-5,2,-4,5,1,7,5,5]"
CSI_DATA,263548,d8:b1:90:d9:de:f0,-66,11,-99,-36,67,56,-454701653,100,0,228,0,"[-20,20,-24,21,-29,22,-32,21,-35,20,-35,19,-34,19,-70,-1,-29,18,-27,18,-25,16,-22,15,-19,13,-17,12,-16,11,-14,9,-14,8,-12,7,-12,6,-11,5,-9,5,-21,-10,-4,4,-3,4,0,2,3,2,5,-1,8,-2,0,0,12,-8,12,-12,12,-15,13,-17,11,-20,10,-21,-106,0,7,-21,6,-20,5,-18,4,-15,4,-12,4,-10,5,-7,4,-6,4,-4,5,-3,5,-2,5,-2,4,-2,35,0,1,0,-1,1,-3,1,-7,3,-8,4,-9,4,-8,5,9,-1,9,-9,1,-16,-12,-15,-22,-3,-18,14,-6,24,-20,38,23,7,22,-10,9,-24,-11,-23,-26,-9,-25,13,-7,28,17,26,30,4,23,-19,1,-28,-20,-18,-24,2,-21,21,2,18,13,11,14,-1,9,-9,1,-11,-6,-8,0,0,-7,7,1,10,9,4,8,-4,-1,-8,-8,-3,2,-15,5,10,13,2,10,-12,-5,-17,-17,-7,-16,10,-3,18,12,14,17,0,10,-12,-2,-14,-11,-7,-12,1,-4,6,1,6,4,5,4,2,3,2,5,0,5,-3,2,-5]"
CSI_DATA,263549,d8:b1:90:d9:de:f0,-66,11,-99,-36,67,56,-454691431,100,0,228,0,"[25,-12,30,-9,33,-6,36,-3,38,0,38,2,37,2,-70,-1,33,3,30,3,27,3,24,3,22,3,19,3,18,4,16,4,14,4,13,6,11,6,10,5,9,5,-21,-10,5,3,3,1,1,-1,-1,-3,-4,-4,-6,-6,0,0,-12,-6,-15,-7,-18,-5,-20,-5,-22,-5,-23,-3,-13,14,-21,-1,-21,-2,-19,-2,-16,-3,-13,-3,-10,-3,-8,-3,-6,-4,-5,-4,-3,-5,-3,-6,-2,-5,-2,-3,-10,15,0,-1,0,1,1,3,2,5,2,7,3,9,3,9,-9,-2,-12,5,-8,16,4,19,18,13,22,-2,16,-17,38,-20,-15,-18,-24,-4,-20,14,-6,25,13,23,27,7,24,-14,6,-28,-17,-24,-28,-4,-22,17,-2,25,15,18,28,5,14,-12,3,-15,-8,-11,-12,-4,-10,4,-4,10,0,0,9,3,8,-4,2,-8,-5,-5,-6,3,0,7,-15,1,8,-7,-3,-13,-13,-6,-14,8,-4,17,11,15,18,1,13,-13,-1,-17,-12,-10,-14,2,-7,11,2,11,8,5,7,0,4,-2,3,-3,3,-4,1,-5,-3,-6,-5,-3]"
CSI_DATA,263550,d8:b1:90:d9:de:f0,-66,11,-99,-35,67,56,-454671658,100,0,228,0,"[1,26,-2,29,-6,32,-8,34,-12,34,-13,34,-14,33,-68,0,-12,29,-10,28,-9,25,-8,22,-7,20,-6,17,-7,17,-5,14,-5,11,-5,10,-5,9,-4,7,-4,6,-20,-9,-1,3,0,2,0,0,3,-1,4,-3,5,-6,0,0,7,-12,7,-14,5,-17,7,-19,5,-21,5,-23,68,0,2,-23,1,-22,0,-19,1,-17,1,-15,1,-12,1,-9,2,-8,2,-5,3,-5,2,-2,2,-2,2,-1,31,0,0,0,0,0,-1,1,-4,2,-5,4,-5,4,-6,5,7,-4,2,-12,-8,-14,-19,-3,-19,9,-7,21,9,20,6,39,22,-7,12,-20,-5,-22,-20,-12,-25,4,-13,22,7,26,25,13,27,-9,10,-24,-11,-23,-23,-7,-20,10,-7,25,9,15,14,3,11,-6,2,-10,-3,-9,-8,-2,0,0,-2,6,3,7,6,1,3,-5,-2,-5,-5,1,1,-15,7,6,11,-3,4,-13,-8,-13,-17,-1,-13,13,0,18,14,11,17,-2,8,-14,-4,-15,-12,-6,-11,3,-2,7,2,9,6,4,5,0,3,0,3,-1,2,-1,0,-4]"
CSI_DATA,263551,d8:b1:90:d9:de:f0,-66,11,-99,-35,67,56,-454656064,100,0,228,0,"[1,-26,4,-29,8,-31,11,-32,13,-34,13,-34,13,-33,-68,0,10,-30,8,-28,6,-26,5,-24,3,-22,2,-19,2,-16,1,-15,2,-12,2,-11,3,-9,2,-7,2,-6,-20,-9,1,-3,0,-1,1,0,0,2,0,4,0,7,0,0,3,12,6,14,8,16,9,18,12,18,15,17,-50,0,17,15,18,13,17,11,15,9,13,8,11,6,8,5,7,5,5,4,2,4,2,4,1,3,0,2,20,0,0,2,-1,0,-1,0,-1,-1,-2,-2,-4,-3,-5,-4,-8,5,-3,14,9,15,20,4,20,-12,5,-23,-12,-21,-9,-38,-21,10,-7,21,9,21,23,8,23,-11,7,-25,-14,-23,-28,-4,-22,17,0,28,19,17,26,-2,13,-19,-1,-25,-15,-7,-14,4,-5,10,2,10,8,4,8,-1,0,0,-1,-6,-3,-3,-4,1,0,3,2,1,1,-2,13,14,-6,3,0,10,9,8,14,-1,8,-15,-6,-16,-17,-4,-15,9,-1,17,12,12,16,0,9,-12,-1,-14,-9,-2,-10,1,-4,5,0,5,1,3,1,3,3,1,4,0]"
CSI_DATA,263552,d8:b1:90:d9:de:f0,-66,11,-99,-38,68,56,-454641464,100,0,228,0,"[0,25,-2,28,-5,30,-8,32,-9,33,-11,33,-11,33,-66,0,-7,31,-6,28,-3,26,-1,23,0,20,0,17,0,16,0,14,0,11,0,10,-1,7,-2,6,-2,5,-19,-9,-2,3,-2,1,-1,0,-1,-2,-1,-4,0,-7,0,0,-4,-10,-7,-13,-9,-15,-11,-16,-14,-16,-16,-16,67,14,-18,-14,-19,-12,-19,-9,-17,-7,-16,-7,-13,-5,-11,-4,-8,-4,-6,-3,-4,-3,-4,-3,-1,-3,-1,-3,-19,14,0,-2,1,-1,0,0,1,0,2,1,3,2,4,3,8,-5,2,-14,-10,-15,-20,-3,-18,13,-3,22,13,19,12,36,18,-12,5,-21,-11,-20,-22,-5,-21,12,-5,24,15,21,26,3,20,-18,0,-27,-19,-16,-25,3,-12,20,3,23,16,6,13,-5,4,-11,-3,-9,-7,-3,-6,1,0,0,1,5,4,2,4,0,0,-3,-1,-1,0,1,-15,-13,5,-3,0,-9,-9,-6,-13,3,-5,14,8,16,18,3,14,-11,0,-17,-13,-11,-16,1,-7,13,3,13,10,0,10,-4,3,-7,-1,-5,-2,-3,-1,0,-2,0,-3,0]"
CSI_DATA,263553,d8:b1:90:d9:de:f0,-66,11,-99,-36,67,56,-454621589,100,0,228,0,"[6,-25,11,-27,16,-28,21,-28,23,-28,25,-27,28,-26,-70,-1,24,-23,23,-22,20,-19,18,-18,15,-15,14,-13,12,-11,11,-8,10,-5,10,-4,8,-1,8,1,8,2,-21,-10,7,3,5,4,2,3,1,3,-2,3,-4,4,0,0,-9,7,-12,9,-15,11,-16,14,-17,16,-17,18,47,15,-17,20,-15,20,-14,19,-12,18,-9,15,-9,12,-8,9,-6,7,-6,4,-6,3,-5,-1,-6,-1,-5,-2,-63,15,-5,-2,-4,-2,-2,-2,0,-2,2,-2,3,-1,4,-1,-11,5,-7,16,7,19,20,10,25,-7,13,-21,-5,-24,7,-40,-23,1,-18,15,-3,24,14,20,25,6,23,-14,5,-27,-16,-24,-29,-4,-24,18,-2,29,18,20,26,0,23,-13,-1,-18,-11,-10,-12,0,-7,7,-2,7,2,6,0,0,7,0,5,-5,0,-6,-3,-3,-4,1,-1,2,-17,18,-3,-4,-8,-1,-7,7,1,14,13,8,17,-5,9,-16,-6,-18,-18,-7,-16,9,-4,18,10,15,16,3,6,-10,2,-11,-6,-7,-6,-2,-3,2,-2,0,-3,0,-3,3]"
CSI_DATA,263554,d8:b1:90:d9:de:f0,-65,11,-99,-36,67,56,-454608573,100,0,228,0,"[-12,-22,-10,-27,-7,-31,-5,-33,-4,-37,-3,-38,-3,-38,-70,-1,-5,-34,-6,-30,-7,-27,-7,-25,-6,-20,-5,-18,-3,-15,-3,-13,-1,-10,2,-9,3,-8,5,-8,6,-8,-21,-10,5,-6,4,-5,3,-3,4,-1,3,1,4,5,0,0,6,10,8,13,11,14,14,17,17,17,21,17,-32,0,24,13,23,12,23,9,20,7,18,7,15,4,11,3,9,3,6,4,4,5,4,5,2,5,2,6,11,0,1,5,0,5,0,4,1,2,0,1,-1,-2,-2,-3,-5,12,7,17,20,8,22,-9,10,-24,-9,-23,-22,-12,-27,-30,-12,20,4,23,19,15,25,-1,17,-20,-2,-26,-23,-17,-30,5,-16,25,9,29,26,12,25,-12,7,-24,-6,-25,-17,-2,-11,9,-1,11,4,7,6,3,7,-1,0,0,3,-6,-4,-6,-7,-1,-5,3,1,5,2,1,22,16,-3,2,0,7,8,6,12,-4,6,-15,-8,-15,-18,-3,-15,12,0,19,15,12,18,-3,8,-14,-6,-14,-13,2,-10,6,-3,8,3,5,2,2,1,2,2,3,4,2]"
CSI_DATA,263555,d8:b1:90:d9:de:f0,-65,11,-99,-37,67,56,-454591489,100,0,228,0,"[-9,23,-13,25,-18,26,-21,27,-24,29,-25,29,-24,29,-72,-1,-20,27,-17,25,-14,23,-11,20,-9,19,-8,16,-7,13,-6,10,-6,7,-8,6,-8,4,-10,3,-10,2,-21,-10,-8,2,-7,1,-5,0,-3,-1,-1,-2,1,-6,0,0,1,-11,1,-15,-1,-18,-3,-21,-5,-23,-8,-25,-94,15,-12,-23,-13,-21,-14,-19,-14,-15,-13,-13,-10,-10,-7,-8,-6,-7,-3,-6,-1,-6,0,-6,1,-6,2,-7,16,0,2,-6,2,-5,1,-5,-2,-3,-1,0,0,1,0,3,12,-6,6,-17,-8,-20,-22,-8,-23,10,-10,22,8,22,-3,41,22,-5,13,-18,-2,-22,-18,-16,-26,1,-17,21,5,29,25,16,29,-8,12,-27,-12,-26,-27,-6,-20,14,-12,22,12,13,14,0,8,-7,2,-8,-2,-6,-5,-4,0,0,-5,5,-1,7,5,6,7,0,4,-5,-1,-3,-11,-24,3,1,3,-5,-3,-8,-12,-3,-12,10,0,17,13,12,18,-4,9,-17,-7,-17,-17,-5,-13,9,-1,15,11,2,11,-1,5,-6,0,-5,-2,-2,0,-2,-1,-3,-4,-2]"
CSI_DATA,263556,d8:b1:90:d9:de:f0,-66,11,-99,-35,67,56,-454581052,100,0,228,0,"[-20,-11,-21,-16,-21,-23,-21,-27,-19,-30,-20,-32,-19,-31,-68,0,-17,-28,-16,-24,-15,-22,-13,-17,-12,-15,-9,-13,-6,-12,-3,-10,-1,-9,0,-9,2,-9,3,-9,4,-9,-20,-9,3,-7,2,-6,1,-4,1,-1,1,0,1,4,0,0,4,10,5,13,9,16,11,16,14,18,18,18,-46,0,20,16,21,14,20,11,18,9,15,8,12,6,9,5,5,5,3,5,0,4,0,5,0,6,0,6,-9,14,0,6,0,5,0,4,1,4,1,1,0,0,0,-2,2,12,15,9,21,-3,14,-19,-3,-24,-17,-15,-23,0,-35,-15,-3,21,9,19,20,7,21,-8,10,-23,-8,-25,-26,-10,-27,12,-9,29,15,25,29,4,21,-16,0,-24,-9,-24,-17,1,-8,9,0,9,3,6,4,3,5,0,0,0,1,-7,-3,-6,-7,-1,-5,4,0,6,2,2,21,15,-2,0,-2,4,5,7,11,0,9,-11,-2,-16,-16,-8,-16,7,-5,17,10,15,17,1,11,-10,0,-14,-11,0,-10,0,-3,5,0,4,0,0,0,1,0,3,2,3]"
CSI_DATA,263557,d8:b1:90:d9:de:f0,-66,11,-99,-36,67,56,-454570895,100,0,228,0,"[7,22,2,27,-2,30,-6,33,-9,35,-12,36,-12,35,-70,-1,-11,31,-10,28,-9,25,-8,22,-8,18,-7,14,-7,11,-7,8,-7,5,-8,2,-11,0,-11,-1,-11,-1,-21,-10,-10,-1,-8,-1,-5,-1,-3,1,1,-1,3,-1,0,0,10,-5,13,-8,15,-10,17,-13,18,-16,18,-18,-50,0,17,-21,15,-21,13,-19,11,-16,9,-14,8,-10,7,-8,6,-5,6,-2,6,0,6,3,7,3,8,4,86,0,7,3,7,3,6,1,3,0,2,-1,1,-3,-1,-3,8,-12,-4,-18,-18,-12,-23,3,-15,19,0,24,15,18,9,39,20,-9,10,-19,-4,-22,-19,-15,-25,1,-18,20,2,29,23,19,30,-4,18,-25,-7,-29,-24,-13,-23,7,-20,18,5,15,11,6,9,-1,5,-4,3,-5,1,-6,0,0,-8,-3,-8,5,-1,10,6,7,8,0,3,-5,16,-22,-2,3,5,4,9,-4,3,-12,-10,-11,-16,1,-11,14,4,19,17,9,17,-7,6,-17,-8,-15,-15,-3,-3,10,-1,10,4,7,4,1,1,0,1,2,3,2,5,-1]"
CSI_DATA,263558,d8:b1:90:d9:de:f0,-66,11,-99,-36,67,56,-454551075,100,0,228,0,"[-18,15,-23,14,-28,12,-33,10,-36,10,-38,8,-37,8,-70,-1,-33,8,-29,7,-25,7,-22,6,-18,4,-16,3,-14,1,-11,-1,-9,-3,-8,-6,-7,-8,-7,-9,-7,-10,-21,-10,-7,-8,-6,-5,-5,-3,-3,0,0,2,3,3,0,0,11,4,15,5,18,5,22,3,24,1,27,-1,43,1,27,-5,25,-6,22,-6,19,-6,16,-5,12,-3,10,-2,8,1,6,3,5,5,5,6,5,7,6,8,72,0,6,7,6,6,6,3,4,2,4,-1,3,-3,1,-4,15,1,14,-13,1,-21,-14,-18,-23,-4,-19,12,-7,21,-30,28,17,12,21,-1,16,-15,2,-25,-16,-20,-27,-3,-22,20,-1,31,23,21,31,-2,18,-23,-4,-27,-21,-13,-26,-4,-8,14,3,13,7,6,6,2,7,0,5,-5,0,0,-5,-9,-9,-1,-7,7,0,9,8,4,6,-4,26,-8,-5,2,1,8,10,4,11,-8,0,-16,-14,-11,-18,5,-9,18,8,17,18,5,14,-10,1,-16,-10,-10,-7,7,-6,7,1,7,3,2,0,0,0,3,3,4,5,1]"
CSI_DATA,263559,d8:b1:90:d9:de:f0,-66,11,-99,-35,67,56,-454531645,100,0,228,0,"[14,-17,20,-17,26,-16,30,-15,33,-16,34,-16,34,-15,-68,0,29,-15,26,-14,22,-12,18,-11,15,-8,13,-6,12,-4,10,-1,10,0,11,2,11,4,11,5,11,5,-20,-9,10,3,8,2,5,0,1,0,0,0,-4,0,0,0,-11,1,-13,5,-15,7,-18,11,-18,14,-18,17,21,14,-15,20,-13,20,-11,18,-9,16,-7,12,-5,9,-6,6,-5,4,-5,1,-7,0,-7,0,-9,0,-10,0,-105,14,-9,1,-8,2,-6,3,-2,4,0,4,1,4,2,3,-14,2,-10,15,3,20,17,13,23,-1,14,-16,1,-21,20,-33,-18,-5,-19,6,-10,19,5,24,22,13,26,-6,14,-26,-9,-29,-28,-10,-27,13,-5,28,15,21,23,2,26,-6,1,-14,-6,-8,-8,-2,-5,0,-5,4,-1,8,0,0,8,3,9,-5,0,-10,-7,-6,-8,2,-1,7,-12,22,2,-4,-5,-4,-9,2,-1,13,10,10,15,-2,7,-16,-8,-16,-17,-3,-14,10,0,16,11,10,13,0,-2,-7,-1,-8,-5,-2,-2,0,0,0,-3,0,-4,0,-2,4]"
CSI_DATA,263560,d8:b1:90:d9:de:f0,-65,11,-99,-37,67,56,-454521632,100,0,228,0,"[23,-4,28,1,31,6,36,9,37,12,38,14,36,15,-72,-1,31,12,28,10,25,10,21,9,18,9,14,9,11,9,9,10,6,11,3,12,1,13,0,14,1,13,-21,-10,1,11,1,8,3,5,1,2,1,-1,-1,-5,0,0,-5,-10,-8,-13,-12,-15,-15,-15,-17,-16,-20,-15,25,15,-22,-13,-22,-10,-20,-10,-17,-9,-14,-8,-10,-7,-8,-7,-4,-8,-3,-8,0,-8,-1,-9,1,-10,0,-10,8,0,-1,-10,-2,-9,-3,-7,-4,-6,-5,-3,-5,1,-5,2,-14,-6,-18,5,-12,18,4,23,18,15,22,0,18,-13,39,-6,-8,-19,-19,-10,-23,4,-15,19,2,26,21,19,30,-3,20,-24,-5,-31,-26,-17,-29,7,-14,24,7,22,18,22,15,-4,7,-10,1,-10,-4,-8,-7,-5,-9,1,0,0,1,12,8,8,11,-2,5,-10,-4,-8,-7,0,-23,-9,5,2,4,-7,-6,-9,-13,-1,-10,12,3,17,16,8,17,-7,6,-17,-10,-15,-16,-2,-11,10,0,13,9,-2,9,0,4,-3,1,-2,3,-2,2,-3,0,-5,-5,-4]"
CSI_DATA,263561,d8:b1:90:d9:de:f0,-66,11,-99,-36,67,56,-454511158,100,0,228,0,"[22,1,26,5,29,10,31,12,34,15,34,16,33,15,-70,-1,31,12,28,10,24,8,22,7,18,7,15,6,11,7,8,9,7,9,4,11,4,12,4,14,4,13,-21,-10,5,10,5,8,4,4,3,1,1,-2,-2,-6,0,0,-8,-8,-13,-8,-17,-8,-20,-8,-23,-6,-25,-3,-26,14,-26,2,-23,3,-21,4,-18,3,-14,2,-11,0,-9,0,-8,-3,-6,-6,-6,-6,-6,-7,-7,-8,-7,-7,-71,15,-9,-6,-9,-3,-8,-2,-8,0,-6,3,-3,5,-2,6,-12,-8,-19,3,-14,17,2,22,16,16,21,1,17,-12,38,-5,-7,-20,-17,-10,-22,4,-15,19,4,26,23,16,30,-6,16,-27,-9,-30,-28,-12,-25,12,-7,25,12,19,24,16,13,-9,4,-10,-2,-8,-5,-6,-9,-3,-9,4,0,0,5,10,12,4,9,-7,-1,-11,-8,-5,-8,5,-24,8,7,1,1,-8,-10,-5,-12,7,-2,16,13,11,18,-4,9,-17,-7,-16,-17,-4,-12,10,0,14,9,9,4,-8,4,-6,-1,-4,-1,-1,1,-3,-1,-4,-5,-4,-6,0]"
CSI_DATA,263562,d8:b1:90:d9:de:f0,-66,11,-99,-35,67,56,-454500136,100,0,228,0,"[-13,-17,-11,-23,-9,-29,-6,-34,-4,-35,-2,-37,-1,-36,-68,0,0,-32,0,-30,0,-26,1,-22,2,-18,3,-15,5,-12,7,-9,9,-7,10,-5,12,-3,13,-2,13,-2,-20,-9,10,-2,7,-3,4,-2,1,-2,-1,-1,-4,0,0,0,-11,4,-11,6,-14,10,-15,13,-16,16,-15,18,34,14,-15,19,-12,19,-11,16,-9,14,-8,11,-7,7,-8,4,-7,0,-7,0,-7,-2,-8,-3,-9,-4,-10,-3,-103,14,-10,-2,-9,0,-8,0,-5,2,-4,4,-2,4,0,5,1,14,13,13,21,0,17,-13,4,-22,-9,-19,-18,-9,-20,-33,-14,13,-3,21,10,19,22,8,24,-9,11,-25,-10,-27,-28,-11,-28,12,-11,28,12,26,24,7,20,-10,18,-21,-4,-13,-9,-5,-8,0,-6,3,-4,6,0,8,0,0,10,0,7,-9,-2,-11,-10,-5,-8,4,0,8,-9,22,3,-5,-5,-6,-9,2,-3,12,9,11,16,0,10,-13,-2,-17,-15,-8,-16,4,-6,14,5,13,11,5,-1,-6,1,-7,-1,-4,0,-2,0,-1,-2,-4,-5,-1,-5,2]"
CSI_DATA,263563,d8:b1:90:d9:de:f0,-66,11,-99,-35,67,56,-454481393,100,0,228,0,"[10,20,8,26,6,31,4,34,1,37,1,37,1,36,-68,0,1,33,1,29,0,26,0,22,0,19,0,17,-2,13,-4,11,-6,10,-7,9,-9,8,-10,8,-9,8,-20,-9,-7,7,-4,6,-1,4,0,2,2,0,3,-2,0,0,4,-10,4,-13,2,-16,2,-20,0,-21,-1,-22,22,0,-4,-23,-5,-21,-5,-18,-4,-16,-3,-13,0,-10,0,-8,2,-7,3,-7,5,-6,5,-6,6,-7,6,-7,89,0,4,-8,2,-8,0,-7,-1,-6,-4,-5,-4,-3,-5,-1,0,-14,-10,-14,-19,-3,-18,11,-6,21,8,19,19,10,22,33,14,-14,1,-22,-13,-18,-24,-3,-22,13,-5,26,17,24,30,3,24,-18,1,-30,-19,-19,-26,0,-16,16,-9,27,10,10,11,0,9,-3,4,-7,0,-9,-6,-5,0,0,-9,8,0,12,9,6,9,-3,2,-8,-5,-5,-9,-20,1,5,8,0,3,-9,-8,-9,-15,0,-9,14,4,17,16,6,14,-7,2,-15,-9,-12,-12,0,-8,7,5,0,4,4,4,1,2,0,2,0,5,-2,2,-4,-1,-5]"
CSI_DATA,263564,d8:b1:90:d9:de:f0,-65,11,-99,-37,67,56,-454471169,100,0,228,0,"[17,17,18,22,18,27,19,31,18,34,19,34,19,34,-72,-1,18,28,18,25,15,22,14,19,12,16,9,15,7,14,5,13,3,14,0,14,-1,14,-1,15,0,14,-21,-10,2,11,3,8,2,5,2,1,2,-2,0,-5,0,0,-7,-10,-9,-11,-14,-11,-17,-11,-20,-10,-23,-8,5,15,-23,-3,-23,-1,-21,-1,-17,-1,-14,-2,-12,-2,-10,-3,-8,-5,-7,-5,-6,-7,-7,-7,-7,-8,-9,-6,-90,15,-9,-4,-9,-2,-8,0,-8,2,-5,5,-2,7,-1,7,-4,-14,-16,-9,-21,5,-13,18,3,23,16,15,23,1,37,19,5,-21,-10,-19,-22,-9,-24,10,-9,25,12,26,28,8,27,-16,6,-31,-20,-24,-29,-1,-18,19,2,23,16,26,16,-1,10,-9,2,-10,-4,-9,-9,-6,-10,2,0,0,3,12,12,4,12,-5,2,-12,-8,-6,-8,4,-23,1,7,1,2,-9,-9,-7,-12,5,-4,16,11,13,18,-2,10,-16,-6,-17,-16,-6,-13,7,-2,13,8,9,1,-6,6,-4,2,-3,1,-3,0,-4,-3,-5,-7,-3,-7,3]"
CSI_DATA,263565,d8:b1:90:d9:de:f0,-65,11,-99,-37,67,56,-454448947,100,0,228,0,"[-10,-22,-8,-28,-5,-32,-1,-37,1,-38,3,-41,4,-38,-72,-1,4,-33,3,-30,3,-26,3,-23,4,-20,6,-16,7,-15,9,-13,10,-10,12,-9,14,-8,13,-7,13,-8,-21,-10,11,-6,9,-7,5,-5,2,-3,0,-1,-3,2,0,0,-6,8,-6,11,-7,15,-6,18,-5,20,-4,22,-61,15,-2,22,0,21,0,18,-1,16,-2,14,-3,11,-5,8,-6,6,-8,5,-8,4,-10,4,-10,4,-10,4,-118,15,-8,6,-6,6,-4,7,0,8,3,7,5,5,7,5,0,15,13,15,22,4,21,-13,8,-22,-8,-21,-19,-11,-18,-33,-14,15,-2,23,13,20,24,8,24,-11,10,-26,-13,-27,-29,-10,-27,15,-6,29,15,24,25,5,18,-12,17,-25,-7,-14,-12,-5,-11,2,-8,7,-2,11,5,9,0,0,12,-6,3,-13,-8,-10,-12,0,-7,8,2,8,4,23,0,-5,-7,-2,-5,7,5,11,14,4,13,-10,0,-17,-12,-11,-17,2,-8,13,3,14,11,6,11,-3,-5,-1,-1,-7,-2,-5,-2,-3,-4,-3,-7,0,-6,4,-1,8]"
CSI_DATA,263566,d8:b1:90:d9:de:f0,-66,11,-99,-37,68,56,-454438873,100,0,228,0,"[-11,-18,-10,-22,-7,-28,-6,-32,-6,-33,-5,-35,-5,-33,-64,0,-6,-29,-6,-26,-5,-24,-6,-20,-5,-17,-3,-15,-1,-13,0,-11,2,-11,4,-11,5,-12,5,-11,5,-12,-19,-9,2,-10,0,-8,0,-5,-3,-2,-2,0,-2,3,0,0,0,10,2,12,6,15,9,14,12,15,15,15,-90,0,17,12,16,11,16,9,12,7,11,6,8,6,5,6,3,8,2,8,0,9,1,9,1,9,2,9,21,0,6,8,6,5,8,3,9,0,8,-3,6,-5,4,-7,0,12,11,12,19,1,16,-12,3,-21,-11,-17,-18,-7,-24,-26,-10,16,1,20,16,13,22,0,15,-18,-1,-25,-22,-16,-27,5,-14,24,8,25,23,10,20,-10,6,-19,-3,-26,-13,-3,-10,4,-5,7,0,9,4,8,10,2,0,0,0,-12,-7,-7,-11,1,-5,10,4,9,9,0,18,7,-6,-4,-6,6,3,9,12,1,10,-11,-3,-16,-15,-7,-14,7,-2,16,9,11,13,0,8,-8,0,-9,0,4,-5,0,-3,0,-3,0,-3,3,0,7,4,5,8,0]"
CSI_DATA,263567,d8:b1:90:d9:de:f0,-66,9,-99,-34,67,56,-454424940,124,0,106,0,"[-49,13,-25,0,-45,13,61,0,-17,13,84,0,20,14,47,0,75,14,-2,0,-113,14,-48,0,-56,14,-77,0,3,0,-87,0,41,0,-88,0,47,0,-91,0,23,0,118,0,-7,14,63,0,-40,14,-8,14,0,0,0,0,-29,14,98,14,0,0,31,14,39,0,-2,13,64,0,-3,13,50,0,35,14,12,0,86,14,-30,14,-118,14,-70,14,-94,14,-82,14,-88,14,-81,14,-92,14,-50,14,-105,14,7,0,-97,14,63,0]"
CSI_DATA,263568,d8:b1:90:d9:de:f0,-66,11,-99,-35,67,56,-454411654,100,0,228,0,"[20,-10,25,-8,31,-6,34,-5,36,-3,36,-3,36,-2,-68,0,32,-3,30,-3,26,-2,22,-1,20,0,17,0,15,1,13,4,12,5,11,6,10,7,11,8,11,7,-20,-9,9,3,8,1,5,0,2,-1,0,-3,-1,-4,0,0,-9,-4,-12,-4,-15,-2,-19,0,-21,0,-22,2,-5,13,-22,6,-20,6,-18,4,-15,3,-13,1,-12,0,-11,0,-9,-2,-8,-4,-8,-4,-10,-5,-10,-4,-11,-3,-121,14,-9,0,-9,1,-6,4,-4,5,-2,7,0,9,1,9,-13,0,-13,9,-3,18,10,17,20,6,19,-7,9,-18,31,-22,-15,-13,-21,0,-17,13,-3,23,14,20,26,3,22,-17,2,-28,-19,-21,-28,0,-17,19,1,25,17,13,29,3,10,-10,0,-12,-5,-9,-9,-3,-10,2,-5,9,0,0,10,6,12,-4,2,-12,-6,-9,-10,0,-3,9,-15,11,7,-4,-1,-10,-11,-3,-10,9,0,16,14,8,16,-5,5,-17,-8,-14,-16,-3,-11,8,0,13,6,8,0,0,6,-2,3,-4,1,-5,0,-6,-5,-4,-8,0,-5,3]"
CSI_DATA,263569,d8:b1:90:d9:de:f0,-66,11,-99,-35,67,56,-454401576,100,0,228,0,"[-5,23,-10,25,-14,28,-18,29,-20,31,-20,32,-20,30,-68,0,-16,28,-13,26,-11,23,-9,20,-8,17,-8,15,-9,13,-9,11,-9,9,-11,8,-13,8,-11,8,-10,8,-20,-9,-7,7,-4,7,-1,6,0,4,1,0,3,-1,0,0,3,-8,2,-13,1,-16,0,-18,-2,-20,-4,-20,-71,14,-7,-20,-9,-19,-8,-16,-7,-14,-5,-12,-3,-10,0,-10,0,-11,0,-10,1,-10,0,-10,0,-10,0,-10,-14,14,-3,-8,-4,-6,-6,-3,-7,0,-7,2,-5,5,-4,7,9,-9,0,-17,-13,-15,-21,-1,-17,12,-4,20,9,18,0,37,19,-5,11,-17,-3,-21,-18,-13,-24,4,-14,22,6,27,25,12,26,-10,10,-26,-13,-23,-23,-4,-18,11,-13,26,8,12,12,3,9,-3,5,-9,0,-11,-8,-7,0,0,-6,10,3,13,12,4,9,-6,0,-10,-8,-2,-12,-15,4,7,8,-3,0,-11,-11,-7,-15,5,-4,17,11,13,17,0,11,-13,-2,-15,-13,-7,-11,2,-6,9,0,0,5,5,7,1,6,-1,4,-6,0,-8,-4,-6,-7,0]"
CSI_DATA,263570,d8:b1:90:d9:de:f0,-66,9,-99,-37,68,56,-454388077,98,0,106,0,"[96,13,68,0,-105,13,-93,0,-82,13,-89,0,-79,13,102,0,-66,13,32,0,-34,13,-15,0,8,0,-71,0,50,0,-89,0,78,0,-99,0,77,0,-95,0,41,0,116,0,0,13,66,0,-41,13,0,13,0,0,0,0,-33,13,90,13,-7,13,20,13,29,0,-8,12,55,0,0,12,44,0,30,13,18,0,73,13,-26,13,100,13,-55,13,-113,13,-63,13,-113,13,-51,13,-114,13,-2,13,-106,13,47,0,-77,13,88,0]"
CSI_DATA,263571,d8:b1:90:d9:de:f0,-67,11,-99,-36,68,56,-454371427,100,0,228,0,"[16,-12,22,-11,25,-10,29,-9,31,-8,32,-8,31,-8,-62,0,27,-8,25,-8,23,-6,19,-6,16,-4,16,-3,15,-2,13,0,12,1,12,2,13,3,13,2,12,2,-18,-8,9,0,7,0,5,-2,0,-3,-1,-3,-5,-3,0,0,-11,0,-14,0,-16,3,-17,6,-17,8,-19,10,21,13,-16,12,-16,13,-14,11,-13,10,-11,8,-11,6,-11,4,-11,2,-11,1,-10,1,-11,1,-10,1,-10,2,-112,13,-7,5,-5,6,0,7,2,6,5,6,7,6,8,3,-11,0,-9,10,0,16,12,13,18,2,15,-9,6,-16,23,-24,-15,-8,-18,2,-12,14,0,20,17,14,23,-1,15,-19,-4,-25,-22,-14,-24,7,-10,22,8,21,18,8,27,-3,7,-13,-1,-12,-8,-7,-11,0,-8,6,-1,11,0,0,12,1,8,-8,-3,-11,-10,-3,-8,5,2,8,-9,13,3,-8,-7,-8,-12,2,-5,14,9,13,17,0,10,-13,-2,-17,-15,-8,-15,5,-5,14,5,13,11,5,2,2,5,-8,0,-8,-5,-6,-8,-2,-7,2,-4,6,0,6]"
CSI_DATA,263572,d8:b1:90:d9:de:f0,-67,11,-99,-34,68,56,-454350854,100,0,114,0,"[26,12,28,15,30,15,31,18,29,18,28,17,26,18,26,16,23,15,22,14,21,13,21,13,21,12,21,10,21,10,21,10,21,10,22,10,24,9,22,8,23,9,22,9,21,8,21,6,21,6,20,5,20,5,20,3,0,0,20,5,19,4,19,4,21,5,22,5,21,5,22,5,22,5,22,5,21,5,22,5,21,5,20,5,20,5,19,5,19,5,17,4,18,4,18,3,19,3,20,4,19,3,20,4,20,3,19,3,18,2,15,4,14,3]"
CSI_DATA,263573,d8:b1:90:d9:de:f0,-67,11,-99,-34,68,56,-454331640,100,0,114,0,"[-14,-24,-13,-26,-11,-30,-10,-31,-9,-32,-7,-31,-6,-31,-5,-28,-4,-26,-3,-26,-2,-25,-1,-24,-1,-22,-1,-23,-2,-24,-1,-23,0,-24,0,-25,0,-25,0,-24,0,-24,0,-24,0,-22,0,-22,0,-23,1,-22,1,-21,2,-21,0,0,2,-20,3,-22,3,-21,5,-22,4,-21,5,-24,6,-24,7,-24,8,-23,10,-22,8,-21,9,-20,9,-19,10,-17,9,-15,10,-16,9,-15,10,-15,10,-15,11,-15,10,-15,11,-15,11,-16,12,-15,13,-12,12,-12,11,-11,11,-10]"
CSI_DATA,263574,d8:b1:90:d9:de:f0,-66,11,-99,-35,68,56,-454321527,100,0,114,0,"[-25,-10,-29,-12,-30,-15,-31,-16,-30,-16,-28,-15,-27,-16,-25,-14,-25,-14,-23,-14,-23,-12,-22,-12,-21,-11,-22,-12,-22,-12,-22,-11,-23,-10,-23,-10,-23,-10,-23,-10,-22,-10,-24,-9,-22,-8,-23,-7,-22,-7,-19,-6,-19,-6,-19,-6,0,0,-22,-6,-21,-6,-21,-6,-22,-7,-21,-6,-23,-7,-23,-7,-24,-8,-23,-7,-25,-6,-22,-6,-21,-7,-19,-6,-19,-6,-18,-6,-18,-6,-18,-6,-18,-4,-18,-4,-18,-4,-19,-4,-19,-5,-19,-6,-19,-5,-19,-4,-18,-4,-14,-5,-13,-5]"
CSI_DATA,263575,d8:b1:90:d9:de:f0,-67,11,-99,-34,68,56,-454301654,100,0,114,0,"[10,24,12,28,12,29,10,31,10,31,10,30,10,29,9,26,10,26,9,25,9,23,9,23,9,21,10,20,10,21,11,21,12,21,12,21,13,21,13,20,15,21,15,21,15,20,14,18,15,17,15,17,15,15,15,15,0,0,15,15,15,14,16,15,18,15,18,16,18,17,20,17,18,17,19,15,18,15,18,14,16,14,16,13,15,12,15,11,15,10,15,10,15,8,15,9,16,9,15,9,16,9,17,10,17,8,15,7,15,7,14,7,12,6]"
CSI_DATA,263576,d8:b1:90:d9:de:f0,-67,11,-99,-34,68,56,-454291616,100,0,114,0,"[-26,7,-30,6,-31,5,-32,5,-33,2,-32,1,-31,0,-29,0,-27,0,-26,0,-25,0,-24,0,-24,0,-24,0,-24,0,-25,0,-25,0,-26,0,-25,0,-25,0,-24,0,-25,0,-23,0,-23,0,-22,0,-21,0,-21,0,-21,0,0,0,-23,-1,-22,0,-23,0,-24,-1,-24,-2,-24,-2,-26,-2,-24,-3,-25,-3,-24,-2,-22,-3,-21,-4,-21,-4,-20,-3,-20,-4,-19,-4,-17,-3,-18,-2,-18,-3,-17,-3,-19,-3,-19,-3,-17,-4,-19,-4,-19,-5,-17,-3,-15,-3,-13,-2]"
CSI_DATA,263577,d8:b1:90:d9:de:f0,-66,11,-99,-36,68,56,-454281439,100,0,114,0,"[13,25,14,27,14,30,14,31,15,32,14,31,13,30,12,28,12,25,12,24,10,24,12,23,13,22,13,22,14,22,15,22,15,21,16,20,16,20,16,18,16,19,17,17,17,18,17,16,18,16,16,16,17,16,17,15,0,0,18,10,19,14,19,13,21,13,21,14,21,14,22,13,23,13,22,13,22,12,21,10,20,10,20,10,19,9,18,8,17,7,17,6,16,5,17,5,17,4,18,4,19,4,19,4,19,3,20,3,18,2,16,3,13,3]"
CSI_DATA,263578,d8:b1:90:d9:de:f0,-66,11,-99,-35,68,56,-454261686,100,0,114,0,"[28,3,31,6,32,8,33,11,32,12,32,12,28,14,26,14,25,14,23,14,21,13,20,12,21,13,20,12,20,13,20,15,21,13,20,14,20,15,20,14,20,16,21,16,19,16,19,15,19,15,18,15,18,15,19,15,0,0,15,15,16,16,16,16,17,18,15,19,16,20,15,20,15,21,14,20,13,19,13,20,11,20,10,19,10,18,8,18,8,16,7,15,7,16,8,16,6,16,7,16,6,18,6,19,6,18,6,16,5,15,4,15,3,13]"
CSI_DATA,263579,d8:b1:90:d9:de:f0,-66,11,-99,-36,68,56,-454247813,100,0,114,0,"[-30,0,-32,-1,-34,-2,-35,-4,-35,-5,-34,-6,-32,-8,-30,-7,-28,-7,-27,-8,-25,-7,-24,-8,-24,-7,-24,-8,-24,-8,-24,-8,-26,-6,-27,-7,-26,-7,-26,-6,-27,-8,-27,-6,-24,-5,-24,-6,-23,-5,-24,-6,-22,-5,-22,-5,0,0,-23,-5,-23,-6,-23,-6,-24,-7,-24,-7,-26,-8,-24,-8,-24,-9,-24,-8,-24,-8,-22,-8,-22,-10,-20,-8,-17,-8,-18,-8,-17,-7,-16,-7,-16,-6,-17,-6,-16,-7,-17,-7,-16,-8,-16,-8,-16,-8,-17,-7,-16,-7,-14,-8,-10,-6]"
CSI_DATA,263580,d8:b1:90:d9:de:f0,-66,9,-99,-35,67,56,-454236959,124,0,106,0,"[-25,13,86,14,-101,13,101,14,-116,13,108,14,-76,13,107,14,-15,13,-123,14,40,14,-102,14,80,14,-71,14,101,14,-27,14,112,14,4,0,-113,14,13,0,-79,14,0,14,-23,14,-18,14,49,0,-12,14,0,0,0,0,-67,0,51,0,-13,0,122,0,0,0,-68,0,-18,0,-27,0,-55,0,-28,0,-102,0,-77,0,114,0,116,0,97,0,71,0,85,0,45,0,75,0,34,0,48,0,29,0,3,0,29,0,-39,14]"
CSI_DATA,263581,d8:b1:90:d9:de:f0,-66,11,-99,-35,68,56,-454221659,100,0,114,0,"[-10,-26,-9,-30,-9,-32,-8,-32,-6,-34,-6,-33,-4,-32,-2,-30,-4,-29,-3,-27,-2,-25,-2,-26,-2,-25,-3,-25,-3,-25,-3,-25,-4,-25,-4,-25,-4,-27,-5,-27,-5,-26,-5,-27,-5,-25,-6,-25,-5,-25,-5,-24,-5,-23,-4,-23,0,0,-6,-22,-5,-25,-5,-24,-5,-25,-5,-25,-4,-26,-4,-25,-3,-27,-3,-26,-2,-25,-1,-24,-1,-23,-1,-20,-1,-19,-1,-19,0,-18,0,-17,0,-16,0,-17,0,-16,0,-17,-1,-19,0,-19,0,-17,0,-15,0,-15,0,-15,0,-12]"
CSI_DATA,263582,d8:b1:90:d9:de:f0,-66,11,-99,-36,68,56,-454211597,100,0,114,0,"[16,24,16,26,16,28,16,30,19,31,17,29,16,27,15,27,16,24,16,24,16,21,16,20,16,20,16,19,17,17,17,18,19,17,20,18,22,17,23,16,22,16,23,15,22,14,23,10,23,12,22,11,21,9,23,8,0,0,23,8,23,8,23,7,24,7,25,8,24,8,26,6,25,8,24,5,24,5,23,4,21,5,20,3,19,3,19,2,17,1,17,0,17,0,17,0,16,0,18,-1,17,0,17,-1,17,-1,16,-3,16,-3,15,-1,13,-2]"
CSI_DATA,263583,d8:b1:90:d9:de:f0,-66,11,-99,-34,67,56,-454194824,277,0,106,0,"[14,0,-88,13,-41,14,97,13,-63,14,87,13,-50,14,-108,13,-46,14,-49,13,-36,14,19,14,-52,14,73,14,-80,14,117,14,-94,14,-86,14,-90,14,-64,14,-53,14,-52,14,-8,14,-28,14,50,0,22,0,0,0,0,0,-105,0,-91,0,-95,0,-10,0,-103,0,40,0,114,0,54,0,95,0,22,0,67,0,-41,0,64,0,-105,0,66,0,82,0,68,0,48,0,75,0,32,0,48,0,33,0,11,0,40,0,-30,14]"
CSI_DATA,263584,d8:b1:90:d9:de:f0,-66,11,-99,-35,68,56,-454181479,100,0,114,0,"[5,27,4,32,2,33,2,36,1,35,0,34,0,33,0,31,0,29,0,27,0,26,0,25,1,25,1,25,2,25,3,25,6,25,4,26,5,26,5,25,7,27,8,26,7,25,8,24,8,23,8,23,8,22,8,23,0,0,10,22,8,22,8,22,10,23,9,24,10,25,10,24,10,25,8,23,8,23,8,22,7,21,6,19,6,19,6,16,5,16,5,14,6,13,6,14,6,14,6,15,6,15,7,16,6,16,6,15,6,13,6,12,5,12]"
CSI_DATA,263585,d8:b1:90:d9:de:f0,-66,11,-99,-36,68,56,-454161653,100,0,114,0,"[16,-24,18,-26,21,-27,23,-28,22,-27,23,-27,21,-24,21,-24,18,-23,17,-24,17,-22,15,-23,14,-21,13,-23,11,-23,11,-24,12,-24,12,-24,10,-25,8,-25,8,-26,8,-26,6,-27,6,-25,5,-25,2,-24,2,-24,1,-23,0,0,2,-24,0,-22,1,-24,0,-25,0,-25,1,-27,0,-26,2,-26,1,-24,1,-24,0,-24,0,-21,0,-20,0,-19,0,-16,0,-17,0,-16,0,-16,-1,-16,-1,-16,-1,-16,-1,-16,-4,-16,-3,-16,-1,-15,-1,-14,-2,-13,-2,-12]"
CSI_DATA,263586,d8:b1:90:d9:de:f0,-66,11,-99,-36,68,56,-454151512,100,0,114,0,"[-30,-1,-32,-3,-35,-6,-35,-7,-36,-8,-34,-8,-33,-9,-31,-8,-30,-9,-28,-9,-26,-8,-26,-8,-25,-8,-24,-8,-25,-7,-26,-8,-26,-8,-28,-7,-26,-7,-28,-5,-26,-6,-27,-6,-26,-6,-25,-5,-24,-5,-24,-6,-23,-5,-24,-5,0,0,-23,-4,-24,-5,-23,-5,-24,-6,-23,-8,-25,-8,-24,-9,-24,-9,-24,-8,-23,-8,-22,-9,-18,-9,-17,-8,-16,-8,-16,-8,-16,-6,-14,-7,-15,-6,-14,-7,-15,-8,-14,-7,-15,-8,-14,-8,-16,-8,-15,-8,-14,-8,-12,-8,-9,-7]"
CSI_DATA,263587,d8:b1:90:d9:de:f0,-66,11,-99,-37,68,56,-454141335,100,0,114,0,"[-15,27,-18,30,-19,31,-21,33,-20,32,-21,31,-19,29,-19,28,-16,27,-16,26,-14,25,-12,24,-12,24,-11,23,-10,25,-9,27,-8,27,-8,28,-7,28,-6,27,-5,29,-2,28,-2,27,-1,28,-1,27,0,26,0,24,0,24,0,0,2,24,1,23,2,25,2,25,2,26,3,27,3,27,3,27,1,25,2,25,3,23,2,23,2,22,2,20,2,18,2,17,3,16,2,15,3,16,4,16,3,15,5,17,6,16,5,18,4,16,4,14,4,14,3,12]"
CSI_DATA,263588,d8:b1:90:d9:de:f0,-66,11,-99,-36,68,56,-454121307,100,0,114,0,"[-22,-18,-24,-23,-23,-25,-23,-28,-21,-28,-19,-29,-16,-28,-15,-29,-15,-26,-12,-25,-11,-24,-10,-24,-10,-24,-10,-24,-9,-24,-9,-24,-9,-25,-8,-24,-8,-25,-9,-24,-9,-27,-9,-26,-8,-24,-8,-24,-7,-22,-8,-23,-6,-22,-5,-22,0,0,-7,-23,-4,-24,-3,-24,-2,-23,-2,-24,0,-26,0,-25,0,-26,1,-24,2,-24,3,-22,3,-22,3,-19,5,-18,5,-16,5,-16,6,-14,7,-14,5,-15,7,-14,7,-15,8,-15,8,-16,9,-16,9,-13,9,-12,8,-11,8,-9]"
CSI_DATA,263589,d8:b1:90:d9:de:f0,-66,11,-99,-34,68,56,-454101032,100,0,114,0,"[-28,7,-31,8,-32,9,-33,8,-35,8,-33,9,-32,7,-31,8,-28,9,-26,9,-25,9,-24,10,-24,10,-23,11,-21,13,-21,14,-21,15,-21,15,-21,17,-19,17,-19,19,-17,20,-16,20,-15,20,-14,20,-12,20,-12,20,-10,21,0,0,-10,21,-10,21,-8,21,-9,21,-9,22,-8,22,-8,22,-9,24,-8,21,-7,21,-6,21,-5,19,-5,19,-4,17,-5,16,-5,15,-3,15,-3,15,-2,15,-2,15,-2,15,-1,16,0,15,0,16,-1,16,-1,15,0,14,0,13]"
CSI_DATA,263590,d8:b1:90:d9:de:f0,-66,11,-99,-37,68,56,-454081602,100,0,114,0,"[24,-16,29,-16,32,-17,33,-15,34,-14,34,-13,33,-11,32,-11,29,-11,27,-10,25,-9,25,-10,24,-8,25,-10,24,-9,24,-9,25,-10,25,-9,26,-10,25,-10,25,-11,23,-11,22,-11,22,-11,23,-11,22,-10,22,-10,21,-11,0,0,22,-9,21,-9,22,-9,23,-9,23,-9,22,-9,24,-9,24,-8,23,-7,24,-7,22,-6,21,-5,20,-2,18,-4,19,-3,17,-1,16,-2,16,-2,16,-3,18,-3,18,-2,17,-2,17,-2,17,-1,18,0,16,-1,13,-1,14,0]"
CSI_DATA,263591,d8:b1:90:d9:de:f0,-66,9,-99,-35,67,56,-454069612,124,0,106,0,"[101,0,2,0,-86,0,-50,14,-89,0,-68,14,104,0,-55,14,42,0,-47,14,-27,0,-34,14,-87,0,-52,14,113,0,-77,14,80,0,-101,14,66,0,-102,14,57,0,-64,14,26,0,0,0,-21,14,61,0,0,0,0,0,99,14,-123,0,10,14,-119,0,-35,13,114,0,-40,13,82,0,-5,13,53,0,69,14,50,0,-112,14,51,0,-62,14,66,0,-42,14,76,0,-39,14,72,0,-42,14,52,0,-52,14,6,0,-45,14]"
CSI_DATA,263592,d8:b1:90:d9:de:f0,-67,11,-99,-34,68,56,-454051484,100,0,114,0,"[26,10,29,13,29,16,30,19,27,19,26,20,24,20,22,19,20,18,20,19,17,17,17,18,16,18,16,17,16,19,17,18,16,19,16,19,17,19,16,19,17,20,17,19,16,20,15,19,15,19,14,19,13,19,13,17,0,0,10,18,12,19,12,20,10,20,10,21,9,21,9,23,9,24,8,23,5,22,6,21,3,21,3,20,1,20,2,17,0,16,0,17,1,15,0,15,0,16,0,16,0,18,-1,17,-1,18,-1,17,-2,16,-3,15,-3,14]"
CSI_DATA,263593,d8:b1:90:d9:de:f0,-67,11,-99,-34,68,56,-454040343,100,0,114,0,"[21,21,21,23,21,26,21,28,19,27,17,27,15,26,14,26,14,24,12,24,11,22,10,23,10,22,10,22,11,21,10,22,10,22,10,22,11,22,10,22,11,23,12,22,11,21,11,21,10,21,10,21,10,21,9,20,0,0,9,20,9,21,9,21,8,21,9,21,6,22,7,22,6,25,5,23,5,23,5,22,2,21,1,21,2,19,2,17,0,16,0,16,0,15,0,15,0,16,0,16,0,17,0,17,0,18,-1,17,-1,15,-2,15,-2,15]"
CSI_DATA,263594,d8:b1:90:d9:de:f0,-66,11,-99,-36,68,56,-454021559,100,0,114,0,"[-16,-24,-18,-27,-17,-30,-18,-31,-16,-31,-16,-31,-14,-28,-15,-27,-13,-24,-13,-24,-13,-22,-13,-21,-14,-21,-15,-21,-15,-20,-16,-20,-17,-20,-16,-20,-16,-20,-18,-17,-19,-18,-18,-18,-20,-16,-18,-16,-18,-14,-17,-15,-17,-13,-17,-12,0,0,-19,-11,-18,-11,-19,-12,-19,-12,-20,-13,-20,-13,-20,-14,-21,-14,-20,-13,-20,-12,-19,-12,-19,-11,-17,-10,-17,-10,-16,-8,-16,-8,-15,-8,-16,-7,-16,-8,-16,-8,-16,-8,-17,-8,-17,-8,-16,-7,-17,-6,-16,-6,-13,-7,-13,-6]"
CSI_DATA,263595,d8:b1:90:d9:de:f0,-66,11,-99,-35,68,56,-454011485,100,0,114,0,"[-20,19,-24,20,-25,20,-28,19,-28,19,-27,17,-26,16,-25,14,-25,13,-25,12,-23,12,-22,12,-22,12,-21,11,-20,12,-20,12,-23,12,-23,12,-23,12,-23,13,-22,13,-22,12,-22,12,-20,12,-21,11,-19,12,-19,11,-19,11,0,0,-18,12,-19,11,-19,11,-21,11,-20,11,-23,10,-22,10,-22,9,-23,9,-23,8,-22,8,-20,6,-19,6,-18,6,-19,6,-18,5,-17,5,-16,4,-16,4,-18,4,-19,5,-19,4,-19,4,-19,3,-20,2,-18,1,-16,1,-13,1]"
CSI_DATA,263596,d8:b1:90:d9:de:f0,-66,9,-99,-35,68,56,-453993600,98,0,106,0,"[-96,0,53,0,-21,0,89,0,-7,0,86,0,-36,0,43,0,-72,0,-9,0,-100,0,-64,0,106,0,87,0,-102,0,39,0,-94,0,10,0,-96,0,2,0,91,0,21,0,25,0,32,0,-46,12,31,0,0,0,0,0,47,12,-51,12,4,12,97,12,3,12,51,12,36,12,41,12,76,12,62,12,-107,12,-97,12,-83,12,-38,12,-84,12,4,0,-91,12,19,0,-101,12,13,0,-88,12,-18,12,-58,12,-53,12,-11,12]"
CSI_DATA,263597,d8:b1:90:d9:de:f0,-66,11,-99,-36,68,56,-453981625,100,0,114,0,"[23,-20,26,-20,29,-20,31,-20,33,-17,32,-16,31,-14,30,-13,27,-12,26,-9,25,-8,24,-7,25,-8,25,-7,24,-7,24,-7,25,-7,26,-7,25,-8,25,-7,27,-7,25,-5,25,-6,24,-5,24,-4,24,-5,22,-5,23,-4,0,0,23,-2,22,-2,22,-3,23,0,24,0,24,0,24,0,25,1,24,3,24,2,24,2,22,4,20,4,19,4,18,5,18,5,16,5,17,5,17,5,17,6,18,7,17,7,16,8,17,8,17,8,16,9,14,8,11,8]"
CSI_DATA,263598,d8:b1:90:d9:de:f0,-67,11,-99,-35,68,56,-453971373,100,0,114,0,"[20,-20,24,-21,26,-21,28,-20,27,-19,27,-19,26,-17,25,-17,25,-16,23,-14,22,-14,22,-13,21,-14,19,-13,18,-15,19,-13,19,-16,20,-16,19,-16,19,-18,19,-17,18,-18,17,-16,16,-16,17,-17,15,-18,14,-16,14,-16,0,0,13,-16,13,-16,15,-17,15,-18,15,-19,16,-19,15,-18,16,-19,17,-18,17,-18,15,-18,13,-16,12,-15,12,-14,12,-13,12,-12,12,-12,12,-12,12,-12,12,-13,12,-13,12,-13,12,-14,12,-15,12,-12,12,-12,11,-12,10,-10]"
CSI_DATA,263599,d8:b1:90:d9:de:f0,-66,11,-99,-35,68,56,-453951601,100,0,114,0,"[27,13,30,14,30,16,31,18,30,19,30,19,28,19,26,16,25,15,25,14,23,12,23,12,23,12,24,10,23,10,24,9,23,9,25,9,25,8,25,6,25,7,25,6,24,6,24,4,24,3,22,3,23,3,23,0,0,0,22,1,22,0,24,0,25,1,25,0,25,0,24,0,25,0,24,0,24,0,23,0,21,0,20,0,19,0,18,-1,19,0,17,-1,18,-2,18,-2,18,-3,19,-3,18,-2,18,-3,19,-3,19,-4,18,-3,15,-1,13,-1]"
CSI_DATA,263600,d8:b1:90:d9:de:f0,-66,11,-99,-35,68,56,-453940931,100,0,114,0,"[-5,-30,-2,-32,0,-35,0,-36,2,-37,4,-36,5,-32,5,-32,5,-30,6,-28,6,-26,6,-25,6,-25,6,-24,6,-25,7,-24,6,-25,6,-25,7,-25,6,-25,6,-25,6,-25,6,-25,6,-23,7,-23,6,-22,6,-21,6,-19,0,0,6,-21,7,-20,9,-21,9,-20,9,-22,10,-23,11,-22,12,-22,12,-20,12,-19,12,-19,12,-17,12,-16,11,-15,12,-13,12,-13,11,-12,12,-12,11,-13,12,-12,12,-12,12,-12,12,-13,13,-12,14,-9,13,-9,13,-9,12,-7]"
CSI_DATA,263601,d8:b1:90:d9:de:f0,-67,11,-99,-33,68,56,-453921442,100,0,114,0,"[21,-18,23,-19,26,-21,28,-18,29,-18,28,-17,28,-14,26,-14,24,-13,24,-12,22,-13,22,-12,21,-12,21,-11,21,-11,20,-13,20,-13,21,-14,21,-13,20,-13,20,-13,20,-13,20,-13,17,-13,18,-14,17,-13,17,-13,16,-13,0,0,17,-12,16,-13,16,-13,18,-14,17,-13,18,-13,18,-13,18,-13,18,-13,17,-13,17,-11,16,-10,16,-10,13,-8,14,-8,14,-7,13,-8,13,-8,13,-8,13,-8,15,-9,13,-9,13,-8,15,-8,14,-8,13,-7,13,-7,11,-5]"
CSI_DATA,263602,d8:b1:90:d9:de:f0,-67,11,-99,-35,68,56,-453901660,100,0,114,0,"[-25,15,-29,16,-32,16,-33,15,-33,14,-32,13,-32,12,-30,12,-27,11,-26,12,-25,11,-23,11,-24,12,-23,12,-21,12,-21,12,-23,13,-22,13,-22,12,-21,14,-20,14,-19,14,-18,15,-18,14,-18,16,-17,15,-16,15,-17,17,0,0,-17,15,-14,15,-16,15,-16,16,-16,16,-17,18,-16,17,-17,18,-17,17,-17,18,-15,17,-13,16,-13,14,-12,14,-12,12,-12,12,-12,12,-11,12,-11,12,-11,13,-12,14,-11,14,-9,14,-10,13,-11,14,-11,12,-8,11,-8,11]"
CSI_DATA,263603,d8:b1:90:d9:de:f0,-66,11,-99,-35,68,56,-453891632,100,0,114,0,"[16,25,16,28,16,32,14,33,12,33,11,33,9,32,8,30,6,28,6,27,6,26,6,25,5,24,6,25,6,24,6,25,6,27,5,25,6,27,6,25,5,25,4,25,5,24,5,25,5,23,5,21,5,22,3,21,0,0,4,22,3,22,3,24,3,24,3,24,2,25,1,25,1,25,0,24,0,23,0,22,0,22,0,20,0,19,-1,19,-2,17,-2,16,-1,15,-1,16,-1,16,-2,17,-2,18,-2,18,-2,17,-4,15,-3,16,-3,13,-3,12]"
CSI_DATA,263604,d8:b1:90:d9:de:f0,-66,11,-99,-36,68,56,-453881619,100,0,114,0,"[-31,1,-34,0,-36,0,-36,0,-38,0,-34,-1,-35,-2,-32,0,-31,0,-30,0,-28,0,-27,0,-27,1,-26,1,-26,2,-25,2,-26,4,-27,5,-26,6,-27,7,-25,7,-25,8,-24,8,-23,9,-24,8,-21,9,-21,9,-21,9,0,0,-20,9,-20,10,-19,10,-22,12,-21,12,-21,13,-22,14,-21,12,-21,11,-22,13,-20,12,-18,11,-16,9,-16,11,-16,10,-15,9,-14,9,-13,10,-14,10,-14,11,-15,12,-13,12,-12,12,-13,12,-14,11,-12,10,-10,10,-8,8]"
CSI_DATA,263605,d8:b1:90:d9:de:f0,-67,11,-99,-34,68,56,-453871319,100,0,114,0,"[-30,-8,-31,-10,-31,-11,-31,-12,-31,-14,-30,-15,-29,-15,-27,-15,-26,-15,-23,-14,-22,-13,-21,-13,-21,-15,-21,-14,-21,-14,-21,-13,-20,-13,-21,-15,-22,-15,-22,-13,-22,-14,-22,-14,-20,-12,-20,-12,-19,-12,-19,-11,-17,-11,-17,-11,0,0,-19,-11,-18,-12,-19,-14,-20,-14,-20,-15,-19,-15,-20,-16,-17,-16,-17,-15,-17,-15,-15,-15,-13,-16,-13,-15,-12,-14,-12,-13,-10,-13,-10,-12,-10,-11,-10,-12,-10,-11,-11,-11,-10,-13,-10,-15,-10,-15,-10,-13,-10,-13,-6,-13,-7,-12]"
CSI_DATA,263606,d8:b1:90:d9:de:f0,-67,11,-99,-34,68,56,-453861316,100,0,114,0,"[-24,16,-27,18,-29,18,-29,18,-29,19,-27,17,-27,16,-26,15,-24,15,-24,14,-21,15,-21,14,-21,14,-20,15,-20,15,-19,16,-17,17,-19,18,-18,18,-16,19,-16,19,-16,20,-14,19,-13,19,-13,18,-12,19,-10,17,-10,18,0,0,-10,20,-10,21,-10,21,-10,23,-10,22,-10,24,-10,22,-9,23,-10,21,-11,21,-8,21,-8,20,-7,19,-5,17,-6,16,-5,15,-5,15,-5,15,-5,16,-5,16,-5,16,-3,17,-2,17,-3,18,-4,17,-3,15,-2,15,-2,14]"
CSI_DATA,263607,d8:b1:90:d9:de:f0,-66,11,-99,-36,68,56,-453838111,100,0,114,0,"[11,28,11,30,11,33,10,34,12,35,11,33,9,32,9,30,10,27,8,27,9,24,9,24,10,24,11,24,11,23,12,22,14,24,14,23,16,22,15,21,16,21,17,19,16,19,17,17,16,17,16,16,16,16,16,16,0,0,17,14,18,15,19,15,19,14,20,14,20,16,21,15,21,16,20,15,20,15,18,13,17,13,17,13,16,11,16,9,16,9,15,9,15,8,16,8,16,8,16,7,17,8,17,8,17,8,17,6,15,7,15,6,13,6]"
CSI_DATA,263608,d8:b1:90:d9:de:f0,-67,11,-99,-34,68,56,-453821632,100,0,114,0,"[16,24,16,26,16,30,15,31,15,31,12,31,10,30,10,28,8,26,6,26,7,24,5,24,6,24,5,23,6,23,7,23,5,24,6,23,6,25,7,23,7,25,6,24,5,22,6,22,5,21,5,21,5,20,5,19,0,0,4,21,3,21,4,21,4,23,3,24,1,25,0,24,0,25,0,23,0,22,-2,22,-1,22,-1,21,-2,18,-2,16,-3,16,-2,15,-3,15,-3,15,-5,15,-3,15,-5,17,-4,17,-5,18,-5,15,-6,15,-6,15,-5,13]"
CSI_DATA,263609,d8:b1:90:d9:de:f0,-67,11,-99,-34,68,56,-453811571,100,0,114,0,"[-10,-26,-11,-31,-10,-33,-10,-35,-10,-35,-10,-33,-9,-31,-8,-31,-7,-27,-7,-26,-8,-25,-8,-24,-9,-24,-9,-22,-10,-22,-11,-23,-11,-22,-11,-22,-13,-22,-13,-19,-14,-22,-15,-21,-14,-21,-15,-18,-14,-19,-14,-17,-15,-17,-15,-15,0,0,-14,-16,-15,-15,-16,-15,-15,-16,-17,-19,-16,-19,-15,-18,-15,-19,-15,-17,-15,-17,-14,-15,-15,-16,-14,-15,-13,-15,-13,-13,-11,-12,-12,-12,-13,-11,-11,-10,-12,-10,-12,-11,-13,-12,-14,-12,-14,-13,-13,-12,-12,-10,-12,-10,-10,-10]"
CSI_DATA,263610,d8:b1:90:d9:de:f0,-67,11,-99,-35,68,56,-453791481,100,0,114,0,"[30,-1,33,-1,36,-1,37,0,35,0,34,0,32,0,30,0,29,0,28,0,26,-1,25,-2,25,-2,25,-4,25,-4,25,-5,25,-6,24,-6,24,-7,23,-8,23,-8,23,-10,22,-10,20,-11,20,-11,19,-11,19,-11,19,-12,0,0,19,-12,18,-12,18,-13,19,-12,19,-13,19,-13,20,-13,19,-14,19,-14,19,-14,18,-13,17,-12,16,-12,15,-12,13,-10,14,-10,12,-10,12,-11,12,-11,13,-12,13,-12,14,-12,13,-13,13,-13,15,-14,14,-13,11,-12,10,-9]"
CSI_DATA,263611,d8:b1:90:d9:de:f0,-66,11,-99,-36,68,56,-453771644,100,0,114,0,"[-4,-30,-2,-32,0,-35,0,-36,3,-36,4,-36,4,-33,5,-32,6,-31,6,-29,6,-26,7,-26,7,-24,6,-24,6,-24,6,-24,7,-24,8,-24,8,-25,7,-25,7,-24,6,-24,7,-23,6,-23,8,-22,7,-21,6,-20,8,-21,0,0,7,-20,9,-19,9,-19,11,-20,11,-20,13,-21,13,-20,15,-21,14,-18,15,-18,16,-16,15,-15,14,-13,14,-12,14,-11,13,-9,14,-9,14,-8,14,-9,15,-8,16,-8,16,-9,16,-9,16,-8,16,-6,16,-4,16,-4,14,-3]"
CSI_DATA,263612,d8:b1:90:d9:de:f0,-66,11,-99,-35,68,56,-453761641,100,0,114,0,"[-27,-15,-29,-17,-32,-19,-32,-21,-32,-20,-29,-21,-29,-19,-27,-19,-25,-17,-24,-16,-22,-15,-22,-13,-22,-12,-22,-12,-22,-12,-22,-10,-24,-11,-25,-10,-25,-10,-24,-7,-25,-7,-25,-7,-24,-6,-23,-5,-22,-6,-21,-5,-20,-3,-22,-3,0,0,-22,-3,-21,-3,-22,-3,-21,-4,-23,-4,-24,-4,-22,-5,-22,-5,-23,-4,-23,-4,-21,-4,-19,-6,-19,-5,-19,-5,-17,-4,-16,-5,-14,-3,-16,-2,-16,-2,-18,-4,-18,-4,-18,-3,-19,-5,-18,-5,-19,-3,-18,-4,-14,-5,-13,-4]"
CSI_DATA,263613,d8:b1:90:d9:de:f0,-67,11,-99,-34,68,56,-453751592,100,0,114,0,"[-4,31,-6,34,-7,36,-10,37,-11,37,-11,34,-13,32,-13,31,-12,28,-11,26,-10,25,-11,23,-10,23,-10,22,-9,22,-10,21,-9,24,-9,23,-10,23,-10,23,-10,24,-9,24,-8,22,-6,22,-9,21,-8,21,-7,20,-8,21,0,0,-8,18,-9,21,-9,19,-10,19,-10,19,-11,20,-11,19,-12,19,-12,17,-13,16,-12,15,-12,14,-12,13,-11,13,-12,11,-11,10,-11,10,-12,10,-11,10,-13,10,-13,10,-13,10,-13,10,-14,10,-15,8,-14,6,-13,8,-11,5]"
CSI_DATA,263614,d8:b1:90:d9:de:f0,-67,11,-99,-34,68,56,-453741348,100,0,114,0,"[31,-1,35,0,37,0,38,0,38,0,37,0,35,2,33,1,31,0,30,0,28,0,27,0,26,0,26,-1,26,-1,26,-3,26,-4,26,-5,26,-6,26,-6,25,-7,24,-9,22,-7,21,-10,22,-8,20,-10,20,-9,20,-8,0,0,19,-10,18,-10,17,-10,19,-10,18,-10,19,-10,19,-11,20,-10,20,-10,19,-10,19,-10,17,-8,15,-8,15,-7,15,-8,13,-5,13,-6,13,-7,14,-8,14,-8,14,-9,14,-7,14,-6,14,-7,15,-8,15,-7,12,-5,10,-5]"
CSI_DATA,263615,d8:b1:90:d9:de:f0,-66,11,-99,-36,68,56,-453721644,100,0,114,0,"[31,12,34,14,36,16,36,17,36,16,35,15,33,16,32,13,31,11,30,10,28,8,27,8,27,6,26,6,26,5,27,3,26,1,28,1,27,0,26,0,26,-2,27,-4,24,-4,24,-6,23,-6,21,-7,20,-7,22,-8,0,0,19,-8,19,-9,18,-10,18,-9,18,-10,19,-10,18,-11,17,-10,19,-10,18,-11,17,-10,16,-8,15,-9,14,-8,14,-9,12,-8,12,-8,11,-9,11,-9,11,-9,12,-10,11,-9,12,-9,12,-11,13,-12,12,-10,10,-9,8,-8]"
CSI_DATA,263616,d8:b1:90:d9:de:f0,-66,11,-99,-37,68,56,-453711638,100,0,114,0,"[12,-33,16,-34,18,-35,20,-36,20,-34,20,-34,20,-32,19,-30,18,-30,17,-28,15,-25,15,-26,13,-25,13,-25,12,-24,11,-25,11,-25,11,-26,11,-26,10,-26,7,-27,8,-26,7,-23,5,-24,5,-23,4,-22,3,-22,5,-22,0,0,3,-22,1,-21,4,-22,2,-22,2,-22,4,-23,3,-22,4,-23,5,-22,6,-22,4,-21,6,-20,4,-18,4,-17,5,-15,5,-15,4,-15,5,-14,3,-14,5,-15,4,-15,4,-16,3,-16,5,-17,7,-15,6,-14,4,-15,4,-11]"
CSI_DATA,263617,d8:b1:90:d9:de:f0,-67,11,-99,-38,69,56,-453691007,100,0,114,0,"[-17,-25,-18,-28,-18,-31,-17,-32,-15,-34,-15,-34,-14,-31,-12,-31,-11,-28,-12,-26,-10,-25,-11,-23,-11,-22,-10,-22,-12,-23,-12,-22,-12,-23,-11,-21,-12,-21,-13,-20,-13,-21,-14,-20,-14,-18,-14,-16,-13,-16,-14,-15,-14,-15,-14,-14,0,0,-12,-13,-13,-15,-13,-15,-14,-15,-15,-16,-15,-16,-15,-17,-14,-17,-12,-16,-11,-16,-10,-15,-10,-15,-9,-15,-8,-15,-8,-13,-6,-12,-6,-11,-6,-11,-7,-12,-7,-11,-6,-12,-7,-13,-8,-14,-7,-15,-7,-13,-6,-12,-5,-12,-4,-10]"
CSI_DATA,263618,d8:b1:90:d9:de:f0,-66,11,-99,-36,68,56,-453671321,100,0,114,0,"[8,-33,11,-36,11,-38,14,-38,15,-38,14,-36,14,-35,13,-32,12,-31,10,-29,9,-27,8,-27,7,-26,7,-26,5,-27,4,-26,3,-27,4,-27,2,-27,1,-26,0,-25,0,-25,-1,-24,-2,-24,-2,-24,-4,-24,-3,-23,-3,-23,0,0,-4,-20,-6,-23,-5,-22,-6,-23,-6,-23,-4,-24,-6,-24,-5,-22,-3,-22,-3,-20,-3,-21,-3,-20,-2,-18,-2,-17,-2,-16,-2,-16,-2,-15,0,-14,-2,-15,-1,-15,-1,-15,-3,-16,-4,-16,-2,-16,-2,-15,-3,-15,-2,-16,0,-13]"
CSI_DATA,263619,d8:b1:90:d9:de:f0,-67,11,-99,-34,68,56,-453651656,100,0,114,0,"[31,-1,36,-1,37,0,40,0,38,0,38,0,34,1,34,0,31,0,30,0,27,-2,26,-3,26,-4,26,-5,26,-6,26,-7,25,-9,25,-9,24,-10,21,-10,21,-13,20,-13,20,-13,17,-15,16,-15,15,-15,14,-14,14,-14,0,0,13,-16,12,-15,12,-16,13,-15,12,-18,12,-16,12,-17,13,-18,13,-16,13,-17,11,-16,10,-15,10,-14,10,-13,9,-12,9,-11,7,-11,8,-11,7,-11,8,-12,8,-13,7,-14,5,-13,6,-14,7,-13,6,-13,5,-11,4,-11]"
CSI_DATA,263620,d8:b1:90:d9:de:f0,-66,11,-99,-35,68,56,-453641547,100,0,114,0,"[-32,8,-36,7,-38,7,-39,5,-40,5,-39,5,-37,2,-34,2,-33,2,-32,2,-29,2,-29,2,-27,4,-26,3,-25,3,-25,4,-25,5,-26,6,-25,7,-25,6,-24,6,-23,8,-23,6,-20,9,-22,8,-20,9,-20,10,-19,10,0,0,-19,7,-19,10,-18,10,-20,9,-21,7,-21,7,-21,6,-21,5,-22,6,-21,5,-20,4,-19,2,-19,3,-18,2,-16,2,-16,0,-15,0,-16,1,-15,0,-15,1,-16,0,-15,0,-15,1,-15,0,-17,0,-14,0,-12,0,-11,0]"
CSI_DATA,263621,d8:b1:90:d9:de:f0,-67,11,-99,-34,68,56,-453621646,100,0,114,0,"[-1,31,-4,35,-4,37,-5,37,-5,37,-6,36,-7,32,-6,32,-5,31,-5,30,-4,27,-3,27,-3,26,-2,26,-1,26,0,26,1,26,0,25,1,25,1,23,4,25,5,24,5,22,5,22,5,21,5,21,5,21,6,19,0,0,8,20,7,19,6,21,7,20,6,21,6,21,7,22,6,23,5,22,4,21,4,21,3,19,2,19,2,17,2,15,1,15,1,15,1,14,2,14,0,14,2,14,1,15,3,15,2,16,1,14,1,13,1,13,0,12]"
CSI_DATA,263622,d8:b1:90:d9:de:f0,-67,11,-99,-35,68,56,-453611635,100,0,114,0,"[-25,19,-29,19,-32,19,-34,19,-33,16,-33,14,-32,12,-31,12,-30,12,-29,10,-28,10,-26,10,-25,10,-25,9,-25,8,-25,9,-25,10,-23,8,-24,10,-23,9,-23,11,-23,11,-21,10,-21,11,-20,10,-19,10,-19,9,-19,8,0,0,-19,8,-19,8,-20,8,-20,7,-20,6,-21,6,-21,5,-24,5,-24,2,-22,2,-20,2,-19,0,-18,0,-16,0,-16,-1,-16,-1,-14,-2,-15,-2,-14,-2,-14,-2,-15,-3,-14,-3,-13,-3,-15,-4,-16,-5,-15,-6,-12,-4,-11,-4]"
CSI_DATA,263623,d8:b1:90:d9:de:f0,-66,11,-99,-35,68,56,-453601630,100,0,114,0,"[-13,30,-15,32,-18,33,-19,34,-19,35,-18,34,-18,31,-17,30,-15,29,-16,27,-13,25,-12,25,-11,25,-9,25,-7,25,-7,25,-6,25,-6,25,-5,25,-4,25,-2,25,0,25,0,25,0,23,0,23,1,23,1,22,0,20,0,0,1,19,3,21,3,22,2,22,3,22,1,23,0,23,0,23,0,23,0,22,0,22,0,20,0,19,0,17,0,16,0,16,0,15,0,14,0,14,0,15,0,16,0,16,0,16,0,16,-1,15,0,14,0,13,0,12]"
CSI_DATA,263624,d8:b1:90:d9:de:f0,-66,11,-99,-35,68,56,-453590468,100,0,114,0,"[-32,5,-34,4,-37,4,-38,5,-39,3,-38,4,-35,3,-33,4,-31,5,-30,6,-27,6,-26,6,-26,8,-25,8,-24,9,-23,10,-23,12,-23,12,-24,12,-21,15,-20,15,-19,16,-18,15,-16,16,-15,16,-13,17,-14,16,-12,19,0,0,-12,18,-12,19,-12,18,-12,19,-12,19,-12,19,-12,19,-13,19,-13,19,-13,19,-12,18,-12,16,-10,15,-10,14,-10,13,-11,12,-10,12,-9,13,-8,13,-9,12,-10,13,-8,14,-8,12,-8,13,-10,14,-9,12,-6,12,-6,12]"
CSI_DATA,263625,d8:b1:90:d9:de:f0,-67,11,-99,-35,68,56,-453571600,100,0,114,0,"[-12,-29,-12,-32,-11,-35,-10,-36,-10,-36,-9,-34,-8,-34,-7,-32,-7,-29,-6,-28,-6,-26,-6,-25,-6,-25,-6,-25,-7,-24,-7,-24,-9,-24,-9,-24,-10,-23,-10,-21,-12,-22,-12,-21,-11,-20,-12,-19,-12,-19,-11,-19,-11,-18,-11,-18,0,0,-11,-17,-10,-18,-12,-18,-10,-19,-9,-19,-9,-19,-10,-20,-8,-21,-8,-21,-7,-20,-6,-20,-6,-19,-4,-18,-3,-18,-3,-16,-3,-15,-2,-14,-3,-14,-3,-14,-2,-15,-2,-16,-2,-17,-1,-18,-1,-18,0,-17,0,-16,0,-15,0,-13]"
CSI_DATA,263626,d8:b1:90:d9:de:f0,-66,11,-99,-36,68,56,-453561614,100,0,114,0,"[-27,-16,-30,-19,-30,-23,-29,-25,-28,-26,-26,-27,-24,-26,-22,-25,-19,-24,-18,-24,-16,-23,-16,-21,-16,-22,-16,-21,-16,-20,-16,-21,-16,-21,-16,-22,-15,-21,-16,-20,-15,-21,-15,-19,-14,-18,-14,-17,-13,-19,-13,-18,-13,-17,-12,-16,0,0,-12,-17,-11,-19,-10,-19,-9,-20,-9,-21,-8,-23,-7,-24,-6,-24,-5,-22,-3,-21,-3,-21,0,-21,0,-19,0,-19,0,-16,1,-16,2,-16,3,-15,2,-16,4,-16,4,-16,5,-16,6,-16,6,-16,6,-15,7,-15,8,-13,8,-11]"
CSI_DATA,263627,d8:b1:90:d9:de:f0,-66,11,-99,-37,68,56,-453541640,100,0,114,0,"[-22,-26,-21,-30,-22,-33,-20,-33,-19,-34,-17,-33,-15,-33,-13,-31,-12,-30,-11,-29,-11,-27,-11,-26,-10,-24,-10,-25,-11,-25,-11,-24,-11,-24,-11,-24,-11,-24,-12,-24,-11,-24,-11,-22,-11,-23,-11,-22,-11,-22,-11,-21,-11,-20,-11,-19,0,0,-11,-20,-8,-21,-9,-21,-8,-22,-8,-23,-7,-23,-6,-24,-4,-25,-4,-23,-2,-24,-1,-22,-1,-22,0,-20,0,-19,0,-18,1,-17,2,-16,2,-16,1,-16,3,-16,2,-16,3,-17,4,-18,5,-18,6,-16,6,-15,8,-16,7,-13]"
CSI_DATA,263628,d8:b1:90:d9:de:f0,-66,11,-99,-36,68,56,-453529143,100,0,114,0,"[6,32,5,35,5,38,5,39,4,39,6,37,6,36,5,32,6,32,6,30,7,28,8,28,8,24,8,25,10,24,12,24,12,24,14,24,15,24,16,21,16,20,16,20,16,18,16,17,16,16,16,16,17,15,16,13,0,0,16,12,19,12,18,12,19,12,20,12,19,12,19,12,19,13,19,12,20,11,18,11,16,12,15,12,14,10,14,9,13,9,12,8,13,8,13,7,11,8,13,8,14,8,14,8,15,10,16,8,14,8,12,9,10,8]"
CSI_DATA,263629,d8:b1:90:d9:de:f0,-66,11,-99,-37,68,56,-453511428,100,0,114,0,"[-7,33,-9,37,-10,39,-11,40,-11,40,-10,40,-10,36,-9,35,-6,32,-6,32,-4,29,-4,28,-3,28,-1,27,0,28,0,27,2,28,2,27,4,29,5,25,7,27,7,26,8,25,10,23,9,22,10,22,11,22,11,19,0,0,11,19,11,19,12,20,13,19,14,21,14,21,14,20,12,21,13,18,12,19,11,18,12,18,10,17,10,16,9,14,9,14,8,13,8,13,8,12,8,13,9,13,10,15,11,15,9,15,9,13,10,13,7,14,6,13]"
CSI_DATA,263630,d8:b1:90:d9:de:f0,-66,11,-99,-36,68,56,-453491658,100,0,114,0,"[33,-9,36,-8,39,-6,39,-4,40,-3,38,-2,36,0,33,0,32,0,32,1,28,0,29,1,28,1,27,1,27,2,26,1,26,0,28,0,28,0,28,0,26,0,27,0,25,0,24,0,24,0,22,0,22,0,23,0,0,0,21,0,23,1,23,1,23,2,22,2,23,3,23,5,23,5,22,6,22,6,20,8,17,8,16,8,14,8,16,8,13,9,13,9,12,8,12,8,11,9,11,9,10,11,10,11,10,13,9,13,9,13,8,12,6,11]"
CSI_DATA,263631,d8:b1:90:d9:de:f0,-66,11,-99,-36,68,56,-453481630,100,0,114,0,"[34,-8,37,-8,40,-8,41,-7,40,-7,39,-6,36,-5,35,-4,32,-5,31,-6,29,-6,27,-6,28,-7,27,-8,27,-9,26,-9,25,-10,25,-11,25,-11,24,-11,24,-14,23,-13,21,-14,20,-14,19,-15,18,-13,16,-14,16,-13,0,0,16,-15,15,-13,16,-14,16,-15,16,-16,16,-16,16,-15,17,-16,17,-16,17,-13,16,-13,15,-12,14,-10,13,-10,13,-9,13,-8,10,-7,11,-8,12,-8,13,-8,13,-8,12,-8,11,-8,13,-8,14,-8,13,-7,11,-7,10,-6]"
CSI_DATA,263632,d8:b1:90:d9:de:f0,-66,11,-99,-37,68,56,-453461601,100,0,114,0,"[-19,-30,-20,-33,-20,-36,-20,-35,-20,-38,-20,-35,-18,-34,-16,-33,-18,-30,-17,-28,-16,-25,-16,-24,-17,-23,-17,-22,-19,-22,-19,-22,-21,-20,-22,-21,-22,-19,-22,-17,-22,-15,-23,-15,-22,-12,-22,-11,-22,-10,-22,-11,-20,-10,-21,-8,0,0,-22,-4,-20,-8,-21,-6,-22,-6,-22,-7,-22,-6,-22,-5,-22,-6,-22,-5,-22,-6,-21,-6,-18,-7,-17,-5,-16,-5,-15,-4,-14,-4,-13,-3,-12,-2,-13,-3,-11,-2,-12,-2,-13,-2,-13,-4,-14,-3,-13,-2,-12,-2,-11,-3,-9,-2]"
CSI_DATA,263633,d8:b1:90:d9:de:f0,-67,11,-99,-35,68,56,-453451313,100,0,114,0,"[32,6,35,8,37,11,36,13,37,14,35,15,33,16,31,14,30,14,27,13,26,12,25,13,25,11,25,11,25,11,25,10,25,10,26,9,26,10,25,8,25,8,25,6,24,7,22,7,23,7,22,6,22,6,22,4,0,0,21,6,19,6,21,5,21,6,21,6,21,6,21,7,21,8,20,8,20,9,19,9,17,10,16,9,13,8,12,8,12,8,12,7,12,7,12,7,11,7,11,6,10,9,9,8,10,9,11,7,9,9,7,8,6,7]"
CSI_DATA,263634,d8:b1:90:d9:de:f0,-66,11,-99,-37,68,56,-453430212,100,0,114,0,"[33,-4,37,-2,39,0,40,1,40,4,39,5,36,7,35,6,33,7,31,8,29,8,28,8,28,8,27,7,27,7,27,9,28,7,28,7,28,8,28,8,26,7,26,6,25,6,24,6,25,6,24,5,23,6,22,4,0,0,24,7,22,7,22,8,23,8,23,10,23,10,23,11,22,12,22,11,21,12,19,12,16,12,16,11,13,11,13,11,12,11,11,10,11,10,11,10,11,10,11,10,10,10,9,11,9,10,10,9,9,9,7,9,6,8]"
CSI_DATA,263635,d8:b1:90:d9:de:f0,-66,11,-99,-38,68,56,-453411650,100,0,114,0,"[-31,12,-34,13,-36,13,-39,10,-37,10,-36,9,-36,7,-33,7,-32,7,-30,8,-28,8,-27,7,-27,9,-27,10,-25,11,-26,11,-25,13,-26,12,-25,14,-24,15,-24,15,-23,15,-20,16,-21,16,-19,16,-17,16,-16,17,-17,16,0,0,-18,17,-16,18,-16,18,-16,18,-17,19,-18,19,-16,20,-17,20,-16,19,-16,18,-16,18,-14,17,-12,16,-13,15,-12,14,-11,14,-10,13,-9,12,-9,13,-8,13,-9,13,-8,13,-6,12,-7,12,-7,13,-6,11,-4,10,-3,9]"
CSI_DATA,263636,d8:b1:90:d9:de:f0,-65,11,-99,-35,67,56,-453401623,100,0,114,0,"[19,27,20,31,18,34,17,36,15,36,13,36,11,35,11,34,9,34,8,32,8,31,8,29,9,29,8,29,8,29,9,30,9,29,8,29,8,30,10,27,10,29,10,28,10,27,9,26,10,26,10,26,9,24,9,25,0,0,9,25,8,25,9,26,8,25,9,28,7,28,7,28,6,27,5,26,4,25,5,25,4,24,3,23,3,22,2,19,1,18,1,16,1,16,1,16,0,15,1,14,0,16,0,16,2,15,1,12,1,11,0,11,0,11]"
CSI_DATA,263637,d8:b1:90:d9:de:f0,-66,11,-99,-37,68,56,-453391135,100,0,114,0,"[20,-23,22,-25,24,-25,27,-25,27,-24,28,-23,25,-22,25,-22,25,-21,24,-21,22,-19,20,-19,21,-19,19,-21,19,-20,19,-22,19,-22,19,-22,18,-22,17,-22,16,-24,15,-23,14,-23,13,-23,11,-23,11,-22,10,-23,11,-23,0,0,11,-24,9,-23,10,-24,10,-25,9,-26,10,-26,10,-27,9,-26,10,-25,9,-25,9,-23,7,-22,7,-22,6,-21,7,-18,6,-17,4,-16,4,-16,4,-15,3,-15,4,-15,3,-15,1,-14,0,-14,3,-12,1,-12,0,-11,0,-11]"
CSI_DATA,263638,d8:b1:90:d9:de:f0,-65,11,-99,-36,67,56,-453371652,100,0,114,0,"[-5,-31,-3,-35,-1,-37,1,-38,4,-39,6,-37,7,-36,9,-34,9,-32,10,-30,11,-28,10,-27,10,-29,10,-27,10,-28,11,-27,12,-29,13,-29,14,-29,14,-30,13,-28,13,-29,13,-28,13,-27,14,-27,13,-26,12,-26,13,-24,0,0,15,-24,16,-24,17,-23,18,-25,18,-25,20,-25,21,-24,21,-23,23,-21,23,-20,22,-20,21,-18,19,-16,18,-14,19,-12,18,-11,18,-11,18,-10,17,-10,17,-10,17,-9,17,-9,17,-10,16,-10,16,-6,15,-6,14,-7,12,-6]"
CSI_DATA,263639,d8:b1:90:d9:de:f0,-65,11,-99,-37,67,56,-453361477,100,0,114,0,"[4,30,3,34,2,38,0,39,0,39,-2,37,-2,37,-3,33,-3,32,-4,31,-3,30,-3,29,-3,30,-3,29,-2,29,-2,30,-1,31,-1,31,0,31,-1,30,1,32,2,32,1,31,2,31,1,29,3,29,3,28,4,29,0,0,3,27,5,29,4,28,4,30,4,31,4,31,3,32,2,31,2,31,3,30,2,28,2,28,1,27,1,24,2,23,2,21,2,21,2,20,2,19,2,19,2,19,2,19,3,19,3,19,3,18,2,16,1,15,2,12]"
CSI_DATA,263640,d8:b1:90:d9:de:f0,-65,11,-99,-36,67,56,-453341650,100,0,114,0,"[22,-19,25,-21,28,-22,29,-21,28,-19,28,-19,28,-18,27,-16,26,-17,25,-16,25,-16,23,-16,23,-15,23,-16,22,-17,22,-17,22,-20,23,-20,23,-21,23,-22,20,-22,21,-24,19,-22,19,-24,18,-22,17,-23,17,-22,18,-23,0,0,15,-23,17,-24,16,-26,17,-26,16,-26,17,-28,16,-27,16,-27,17,-27,17,-26,15,-25,14,-24,12,-23,13,-22,12,-21,12,-19,10,-20,9,-19,9,-19,9,-20,8,-19,7,-21,8,-20,7,-20,8,-17,7,-16,6,-15,5,-14]"
CSI_DATA,263641,d8:b1:90:d9:de:f0,-65,11,-99,-36,67,56,-453331619,100,0,114,0,"[0,-29,3,-32,5,-35,7,-35,9,-34,9,-32,11,-31,11,-29,11,-29,11,-27,11,-26,11,-26,12,-25,12,-25,11,-25,12,-26,11,-27,13,-28,13,-28,13,-28,12,-29,12,-29,12,-28,11,-28,12,-28,11,-28,11,-27,11,-27,0,0,14,-26,11,-27,13,-28,14,-28,14,-29,16,-30,16,-30,17,-29,16,-27,18,-27,17,-26,17,-24,17,-22,14,-19,16,-20,15,-18,14,-18,14,-18,14,-17,15,-18,14,-18,14,-18,14,-19,14,-17,14,-14,13,-13,12,-14,10,-12]"
CSI_DATA,263642,d8:b1:90:d9:de:f0,-65,11,-99,-36,67,56,-453311653,100,0,114,0,"[-19,-19,-20,-22,-20,-25,-19,-27,-20,-28,-18,-28,-17,-28,-14,-26,-15,-24,-14,-25,-12,-22,-12,-24,-12,-24,-12,-23,-13,-24,-13,-25,-14,-24,-15,-25,-15,-26,-15,-26,-15,-25,-16,-25,-15,-26,-17,-25,-16,-25,-15,-24,-15,-24,-16,-22,0,0,-16,-23,-17,-25,-17,-24,-19,-27,-18,-27,-18,-29,-19,-28,-17,-28,-17,-28,-17,-28,-15,-27,-13,-27,-12,-26,-12,-23,-13,-23,-12,-21,-11,-21,-11,-19,-12,-20,-12,-19,-12,-20,-11,-20,-11,-22,-12,-21,-11,-19,-10,-18,-9,-18,-6,-14]"
CSI_DATA,263643,d8:b1:90:d9:de:f0,-64,11,-99,-35,66,56,-453291551,100,0,114,0,"[-22,-20,-23,-22,-25,-26,-25,-29,-23,-27,-22,-29,-20,-27,-20,-26,-18,-25,-18,-26,-17,-25,-16,-23,-16,-22,-16,-22,-17,-22,-18,-23,-18,-23,-19,-23,-21,-23,-20,-22,-22,-23,-22,-25,-22,-23,-22,-22,-22,-21,-22,-21,-21,-21,-22,-20,0,0,-25,-20,-23,-20,-26,-22,-25,-21,-27,-23,-27,-23,-27,-23,-27,-25,-26,-22,-27,-23,-26,-23,-22,-22,-22,-21,-20,-19,-20,-17,-20,-19,-19,-17,-19,-16,-19,-16,-19,-16,-20,-16,-20,-16,-20,-18,-20,-17,-18,-16,-18,-15,-15,-15,-14,-13]"
CSI_DATA,263644,d8:b1:90:d9:de:f0,-65,11,-99,-37,67,56,-453281445,100,0,114,0,"[20,-19,23,-21,26,-21,27,-20,29,-18,29,-17,29,-14,29,-13,27,-13,26,-12,25,-9,24,-9,25,-9,25,-8,26,-8,26,-8,27,-8,29,-9,29,-9,29,-9,29,-8,30,-8,29,-8,28,-8,28,-7,29,-7,29,-7,30,-7,0,0,28,-5,30,-5,32,-6,32,-3,32,-3,32,-1,34,-1,34,1,34,0,33,1,32,2,29,4,29,4,27,4,27,4,25,5,24,5,24,6,25,5,24,7,24,6,24,7,22,8,25,9,23,9,23,10,18,9,16,9]"
CSI_DATA,263645,d8:b1:90:d9:de:f0,-65,11,-99,-34,66,56,-453261636,100,0,114,0,"[-26,-11,-28,-15,-29,-18,-30,-20,-29,-21,-27,-22,-25,-21,-24,-22,-22,-19,-21,-19,-20,-19,-19,-18,-20,-19,-20,-20,-20,-20,-21,-20,-21,-20,-21,-22,-22,-21,-22,-19,-23,-21,-24,-21,-23,-20,-22,-20,-22,-20,-22,-20,-23,-20,-21,-19,0,0,-23,-19,-22,-21,-23,-21,-24,-22,-24,-25,-24,-25,-24,-26,-24,-27,-23,-26,-22,-25,-20,-25,-18,-25,-18,-23,-16,-22,-15,-21,-14,-22,-14,-20,-13,-20,-14,-20,-13,-20,-13,-20,-13,-22,-13,-22,-13,-23,-12,-22,-12,-21,-9,-20,-7,-18]"
CSI_DATA,263646,d8:b1:90:d9:de:f0,-65,11,-99,-37,67,56,-453251372,100,0,114,0,"[-9,26,-12,29,-13,30,-14,30,-14,31,-15,31,-14,29,-15,28,-13,27,-13,25,-11,23,-11,23,-11,25,-10,25,-11,26,-9,26,-9,27,-10,27,-8,28,-6,29,-7,30,-7,31,-5,29,-4,28,-4,29,-2,29,-2,29,-2,27,0,0,0,27,0,29,1,31,1,31,2,34,1,36,2,36,1,36,1,34,1,33,2,33,2,30,2,28,3,26,2,25,3,25,3,24,4,24,5,24,3,23,4,23,5,24,6,25,6,26,5,24,5,22,4,22,3,18]"
CSI_DATA,263647,d8:b1:90:d9:de:f0,-65,11,-99,-37,67,56,-453231633,100,0,114,0,"[25,-11,29,-12,31,-12,32,-11,34,-13,32,-13,32,-11,30,-12,27,-11,27,-11,25,-11,25,-12,25,-14,23,-13,22,-15,23,-16,22,-16,24,-19,23,-19,22,-21,22,-22,22,-21,20,-21,18,-23,18,-23,16,-23,15,-23,15,-22,0,0,13,-24,13,-25,12,-26,13,-28,12,-30,13,-31,12,-31,12,-30,11,-30,11,-31,8,-30,7,-28,8,-27,6,-25,7,-26,5,-25,4,-26,4,-24,3,-25,3,-24,3,-24,2,-26,-1,-26,-1,-26,1,-25,1,-23,-1,-22,-1,-19]"
CSI_DATA,263648,d8:b1:90:d9:de:f0,-65,11,-99,-37,67,56,-453221497,100,0,114,0,"[-21,-19,-21,-22,-22,-26,-23,-26,-22,-28,-21,-27,-20,-27,-19,-26,-17,-23,-16,-23,-17,-21,-15,-22,-16,-22,-16,-21,-16,-22,-17,-21,-19,-22,-19,-22,-19,-22,-19,-21,-20,-23,-20,-21,-20,-20,-21,-20,-20,-20,-20,-20,-20,-19,-20,-18,0,0,-20,-18,-21,-19,-22,-20,-22,-21,-23,-22,-25,-22,-25,-22,-23,-22,-23,-22,-22,-21,-20,-22,-20,-22,-19,-21,-19,-19,-18,-19,-17,-18,-16,-17,-16,-16,-17,-16,-17,-15,-16,-16,-17,-17,-17,-18,-18,-19,-16,-17,-16,-16,-13,-16,-12,-15]"
CSI_DATA,263649,d8:b1:90:d9:de:f0,-65,11,-99,-37,67,56,-453201576,100,0,114,0,"[-30,-6,-34,-7,-37,-8,-38,-9,-37,-9,-34,-9,-34,-11,-32,-10,-30,-8,-30,-8,-28,-7,-28,-7,-27,-7,-27,-6,-26,-7,-27,-5,-29,-5,-32,-4,-30,-3,-31,-1,-30,-2,-31,-1,-29,0,-28,1,-29,0,-27,1,-27,0,-27,1,0,0,-28,3,-29,4,-29,4,-29,4,-29,4,-30,3,-31,4,-31,4,-32,5,-31,4,-30,3,-29,2,-27,2,-26,3,-25,5,-24,3,-23,3,-23,5,-24,5,-23,4,-25,4,-23,5,-23,3,-25,4,-25,4,-23,4,-21,3,-19,2]"
CSI_DATA,263650,d8:b1:90:d9:de:f0,-65,11,-99,-35,67,56,-453181531,100,0,114,0,"[10,-28,11,-32,14,-33,14,-34,14,-35,14,-34,14,-31,13,-31,11,-28,11,-27,9,-25,9,-25,9,-28,8,-25,6,-26,5,-27,5,-27,5,-27,4,-28,2,-28,2,-29,0,-29,0,-27,-1,-27,0,-27,0,-27,0,-26,0,-27,0,0,-2,-24,-3,-26,-3,-28,-5,-27,-4,-28,-4,-30,-4,-29,-5,-31,-5,-30,-3,-29,-4,-30,-4,-28,-4,-27,-3,-25,-4,-24,-4,-22,-2,-21,-5,-22,-6,-22,-5,-22,-5,-21,-6,-22,-8,-22,-7,-22,-5,-20,-5,-20,-6,-18,-5,-17]"
CSI_DATA,263651,d8:b1:90:d9:de:f0,-66,11,-99,-33,67,56,-453161648,100,0,114,0,"[20,-22,22,-24,23,-25,25,-26,26,-26,24,-25,24,-23,22,-22,20,-22,19,-22,18,-21,16,-22,14,-21,13,-22,13,-22,11,-22,11,-24,11,-25,11,-26,9,-25,8,-25,7,-26,6,-25,4,-25,3,-24,2,-23,0,-23,1,-23,0,0,0,-24,0,-25,0,-26,0,-26,-2,-27,-1,-27,-1,-28,-1,-29,-1,-28,-2,-27,-3,-27,-3,-25,-3,-24,-3,-23,-2,-21,-2,-20,-3,-20,-3,-18,-3,-19,-3,-20,-4,-20,-6,-21,-8,-21,-7,-21,-6,-19,-6,-18,-6,-17,-5,-15]"
CSI_DATA,263652,d8:b1:90:d9:de:f0,-65,11,-99,-35,67,56,-453151594,100,0,114,0,"[25,-19,27,-20,31,-21,33,-21,34,-19,34,-18,32,-17,30,-16,28,-14,26,-13,25,-14,24,-14,24,-13,23,-14,22,-14,22,-15,23,-16,24,-16,23,-17,23,-17,22,-17,21,-18,20,-17,19,-17,19,-17,18,-17,18,-17,18,-17,0,0,20,-17,17,-18,19,-19,21,-18,21,-19,21,-19,22,-19,23,-18,24,-18,23,-17,23,-16,20,-15,20,-14,19,-13,18,-12,18,-11,16,-11,16,-12,16,-11,17,-11,18,-11,18,-13,17,-12,18,-11,19,-10,17,-10,15,-9,13,-7]"
CSI_DATA,263653,d8:b1:90:d9:de:f0,-66,11,-99,-34,67,56,-453131649,100,0,114,0,"[-27,-16,-30,-19,-31,-21,-32,-23,-31,-23,-30,-22,-28,-22,-26,-21,-25,-18,-24,-17,-23,-16,-23,-16,-22,-15,-23,-14,-22,-14,-23,-14,-24,-12,-25,-13,-25,-11,-24,-9,-25,-10,-25,-9,-25,-8,-25,-6,-24,-7,-22,-6,-24,-4,-25,-4,0,0,-24,-3,-24,-3,-24,-4,-26,-5,-26,-5,-26,-5,-27,-6,-27,-6,-27,-7,-27,-5,-25,-6,-23,-7,-22,-5,-21,-6,-20,-5,-18,-5,-18,-5,-18,-3,-18,-4,-18,-4,-19,-4,-18,-4,-18,-5,-19,-5,-19,-3,-18,-4,-16,-4,-13,-3]"
CSI_DATA,263654,d8:b1:90:d9:de:f0,-66,11,-99,-35,68,56,-453120087,100,0,114,0,"[18,-24,20,-27,22,-28,23,-28,25,-28,24,-26,22,-25,21,-24,19,-23,19,-21,17,-20,17,-19,16,-20,15,-20,13,-20,12,-20,12,-20,12,-21,11,-23,10,-22,10,-24,9,-23,7,-22,6,-22,6,-21,5,-20,6,-20,4,-20,0,0,5,-22,5,-22,4,-23,6,-23,4,-23,6,-25,6,-24,7,-24,7,-24,7,-24,6,-24,6,-21,6,-19,6,-20,6,-18,6,-18,5,-18,6,-16,5,-17,6,-17,6,-17,4,-17,3,-18,5,-17,6,-16,6,-15,5,-14,3,-12]"
CSI_DATA,263655,d8:b1:90:d9:de:f0,-67,11,-99,-35,68,56,-453101648,100,0,114,0,"[-31,3,-34,1,-35,0,-36,-1,-37,-1,-35,-2,-33,-4,-32,-5,-30,-4,-28,-3,-26,-3,-25,-4,-26,-3,-25,-2,-23,-3,-25,-1,-25,-2,-25,-1,-24,-1,-24,0,-25,0,-25,0,-23,0,-23,0,-22,0,-21,0,-20,0,-20,0,0,0,-22,0,-21,0,-21,0,-23,0,-24,0,-25,-1,-25,-3,-24,-4,-24,-4,-24,-4,-23,-4,-21,-6,-19,-6,-19,-6,-18,-6,-15,-6,-15,-6,-16,-5,-16,-5,-15,-6,-15,-6,-15,-6,-15,-6,-15,-6,-15,-6,-13,-6,-12,-6,-10,-5]"
CSI_DATA,263656,d8:b1:90:d9:de:f0,-66,11,-99,-35,68,56,-453091631,100,0,114,0,"[30,12,32,13,33,15,34,15,34,16,34,15,31,15,30,13,27,12,27,12,25,9,25,8,25,6,25,6,24,5,25,4,25,3,26,2,27,0,25,0,25,-1,25,-1,23,-2,21,-4,22,-3,21,-4,21,-6,22,-6,0,0,20,-6,19,-7,20,-8,21,-8,23,-9,22,-8,23,-9,23,-8,22,-9,23,-8,21,-8,19,-7,19,-6,17,-6,18,-6,17,-6,15,-6,14,-6,14,-6,14,-7,15,-7,13,-7,13,-7,13,-8,14,-8,13,-7,11,-7,10,-6]"
CSI_DATA,263657,d8:b1:90:d9:de:f0,-67,11,-99,-35,68,56,-453081625,100,0,114,0,"[19,-23,22,-25,23,-25,25,-24,27,-25,26,-24,26,-21,25,-20,24,-19,22,-18,20,-17,20,-17,19,-16,19,-16,18,-16,17,-16,18,-18,18,-19,17,-18,16,-19,16,-19,15,-19,15,-19,12,-18,12,-18,12,-19,12,-17,12,-17,0,0,12,-17,12,-18,12,-18,13,-19,14,-19,17,-19,16,-18,17,-19,16,-17,17,-17,17,-16,15,-15,15,-14,13,-12,14,-12,12,-10,12,-10,12,-10,12,-10,12,-11,12,-10,12,-10,12,-11,13,-11,12,-8,12,-8,11,-9,9,-7]"
CSI_DATA,263658,d8:b1:90:d9:de:f0,-67,11,-99,-35,68,56,-453071416,100,0,114,0,"[27,-11,31,-11,32,-11,34,-11,35,-12,33,-12,32,-11,30,-11,27,-12,26,-12,25,-12,24,-12,22,-12,21,-12,20,-12,19,-14,19,-15,19,-17,19,-17,18,-16,16,-18,14,-19,14,-19,12,-19,12,-19,11,-19,10,-19,9,-19,0,0,9,-19,7,-21,7,-21,7,-23,8,-23,7,-24,7,-23,7,-24,7,-23,8,-24,6,-21,6,-21,6,-20,6,-19,6,-18,4,-16,4,-17,3,-16,3,-16,3,-16,3,-16,1,-18,0,-17,0,-16,2,-16,1,-14,0,-14,0,-12]"
CSI_DATA,263659,d8:b1:90:d9:de:f0,-66,11,-99,-35,68,56,-453051487,100,0,114,0,"[7,-29,11,-31,12,-32,14,-33,15,-32,17,-31,18,-28,18,-26,15,-25,16,-24,15,-21,16,-21,15,-20,16,-19,15,-19,15,-19,15,-20,15,-21,15,-21,15,-20,15,-19,15,-20,14,-19,12,-19,14,-18,13,-18,13,-17,14,-17,0,0,15,-16,15,-18,15,-18,17,-18,19,-17,19,-18,19,-17,20,-16,20,-15,21,-13,21,-13,19,-11,19,-10,18,-9,18,-8,17,-7,17,-6,17,-6,16,-7,17,-6,18,-6,17,-6,16,-6,17,-5,17,-3,14,-2,13,-3,11,-2]"
CSI_DATA,263660,d8:b1:90:d9:de:f0,-66,11,-99,-36,68,56,-453041395,100,0,114,0,"[-21,-20,-23,-24,-25,-25,-23,-26,-23,-26,-22,-26,-21,-25,-20,-24,-19,-23,-18,-22,-17,-18,-17,-19,-17,-20,-18,-19,-19,-18,-19,-17,-18,-16,-20,-16,-20,-16,-20,-15,-21,-15,-21,-15,-20,-13,-21,-11,-21,-11,-20,-10,-19,-10,-20,-9,0,0,-21,-9,-20,-8,-21,-9,-22,-10,-24,-12,-24,-11,-24,-10,-24,-12,-23,-12,-23,-10,-21,-13,-21,-12,-19,-11,-18,-10,-16,-9,-16,-8,-16,-8,-15,-8,-16,-8,-16,-7,-16,-7,-16,-8,-16,-8,-16,-8,-15,-6,-15,-5,-12,-6,-10,-5]"
CSI_DATA,263661,d8:b1:90:d9:de:f0,-66,11,-99,-35,68,56,-453019753,100,0,114,0,"[30,0,33,1,35,4,35,5,37,6,35,7,33,9,31,8,30,7,26,8,26,7,25,8,25,7,25,8,25,7,24,6,24,6,25,7,25,6,25,6,25,6,25,6,24,6,23,5,23,5,22,6,21,6,21,5,0,0,23,6,22,6,22,6,24,7,23,8,24,10,23,11,23,10,22,11,22,12,20,12,19,12,17,12,15,12,16,11,14,10,14,10,14,9,14,10,13,9,14,10,14,11,12,12,12,10,12,9,11,9,9,10,7,7]"
CSI_DATA,263662,d8:b1:90:d9:de:f0,-66,11,-99,-36,68,56,-453001631,100,0,114,0,"[-31,-1,-32,-2,-34,-6,-35,-8,-35,-9,-34,-9,-32,-13,-30,-12,-29,-11,-27,-12,-26,-11,-24,-13,-24,-13,-24,-12,-24,-13,-24,-13,-24,-12,-24,-13,-25,-12,-23,-12,-24,-12,-24,-13,-22,-12,-21,-10,-20,-11,-20,-11,-19,-11,-19,-11,0,0,-20,-12,-19,-14,-19,-14,-19,-15,-20,-16,-19,-17,-19,-19,-17,-19,-17,-19,-16,-20,-15,-19,-13,-20,-10,-19,-10,-17,-10,-17,-8,-16,-8,-16,-8,-15,-8,-15,-7,-16,-8,-15,-6,-16,-5,-16,-4,-16,-6,-15,-5,-14,-2,-13,-3,-11]"
CSI_DATA,263663,d8:b1:90:d9:de:f0,-66,11,-99,-34,67,56,-452991632,100,0,114,0,"[-14,29,-16,30,-18,32,-19,31,-19,33,-19,30,-21,29,-19,27,-17,28,-19,26,-16,24,-16,25,-15,25,-14,25,-14,24,-12,26,-12,24,-12,27,-10,25,-10,26,-9,26,-8,26,-8,25,-6,24,-7,25,-5,24,-3,23,-4,24,0,0,-5,23,-4,25,-4,25,-4,26,-4,26,-6,28,-5,28,-6,27,-6,26,-5,26,-6,25,-6,24,-4,22,-4,21,-4,20,-4,17,-4,18,-4,16,-3,17,-4,17,-4,16,-2,18,-2,18,-2,16,-3,16,-2,15,-1,15,-1,13]"
CSI_DATA,263664,d8:b1:90:d9:de:f0,-65,11,-99,-35,67,56,-452981619,100,0,114,0,"[-32,9,-34,8,-38,6,-39,5,-41,2,-39,1,-37,0,-35,0,-34,0,-33,0,-30,0,-29,0,-30,0,-29,0,-29,-1,-30,-1,-29,0,-31,0,-31,0,-30,0,-28,0,-28,0,-28,0,-27,0,-27,0,-26,0,-25,0,-24,0,0,0,-26,0,-25,0,-25,-1,-27,-1,-28,-2,-29,-2,-29,-3,-28,-6,-27,-5,-28,-6,-25,-7,-23,-7,-22,-7,-21,-8,-20,-8,-18,-7,-17,-7,-17,-7,-17,-7,-18,-7,-17,-6,-17,-7,-15,-8,-15,-8,-16,-8,-14,-8,-11,-6,-10,-6]"
CSI_DATA,263665,d8:b1:90:d9:de:f0,-66,11,-99,-37,68,56,-452971614,100,0,114,0,"[-31,10,-33,11,-36,11,-36,10,-38,9,-37,9,-35,8,-33,9,-31,8,-29,7,-27,8,-27,9,-27,9,-25,10,-24,11,-24,12,-25,14,-26,13,-25,14,-23,16,-22,15,-22,16,-19,16,-18,16,-19,17,-18,17,-16,17,-17,17,0,0,-14,19,-15,19,-15,19,-17,20,-17,21,-18,22,-17,21,-17,21,-17,20,-17,20,-16,21,-14,19,-13,17,-12,16,-12,15,-11,15,-11,14,-11,14,-10,14,-10,14,-11,15,-9,15,-8,14,-9,15,-10,14,-8,13,-6,12,-6,11]"
CSI_DATA,263666,d8:b1:90:d9:de:f0,-66,11,-99,-35,67,56,-452951652,100,0,114,0,"[31,16,33,18,34,19,34,20,36,20,34,20,33,19,31,18,30,15,29,14,28,12,29,11,27,11,27,9,28,7,27,6,28,4,30,3,30,1,30,0,29,0,29,0,27,0,26,-3,27,-4,24,-4,24,-4,23,-5,0,0,23,-8,24,-8,24,-8,25,-9,26,-10,25,-9,26,-10,26,-9,25,-10,26,-10,24,-9,22,-9,20,-7,19,-9,18,-8,17,-8,16,-8,16,-9,15,-9,14,-9,16,-11,16,-11,15,-10,14,-10,13,-12,12,-10,10,-10,9,-8]"
CSI_DATA,263667,d8:b1:90:d9:de:f0,-65,11,-99,-36,67,56,-452941596,100,0,114,0,"[28,22,31,25,33,28,32,30,32,30,30,29,28,30,26,27,25,26,23,25,22,23,22,23,22,20,22,20,22,21,23,20,24,19,24,18,26,18,26,16,25,16,26,16,25,16,25,14,24,13,23,12,24,12,23,12,0,0,25,10,25,11,25,12,26,12,25,12,26,14,26,14,25,15,26,15,25,14,24,14,21,13,20,13,18,13,18,12,17,12,16,12,16,10,16,10,16,11,17,10,16,11,16,11,17,11,18,9,16,9,14,10,12,8]"
CSI_DATA,263668,d8:b1:90:d9:de:f0,-65,11,-99,-37,67,56,-452921613,100,0,114,0,"[-13,-34,-12,-38,-12,-41,-10,-42,-10,-44,-9,-42,-8,-41,-8,-38,-8,-36,-8,-33,-9,-31,-9,-30,-9,-28,-10,-27,-11,-27,-12,-26,-12,-27,-13,-28,-15,-26,-15,-25,-15,-24,-16,-23,-16,-23,-17,-22,-18,-21,-17,-20,-18,-18,-17,-17,0,0,-17,-17,-17,-18,-18,-18,-20,-20,-20,-20,-20,-21,-20,-21,-20,-23,-19,-21,-18,-20,-18,-21,-16,-19,-15,-18,-14,-17,-13,-16,-14,-16,-13,-15,-13,-13,-13,-13,-13,-15,-13,-14,-14,-15,-15,-15,-15,-16,-14,-14,-14,-13,-13,-13,-11,-12]"
CSI_DATA,263669,d8:b1:90:d9:de:f0,-65,11,-99,-36,67,56,-452911584,100,0,114,0,"[-36,-6,-38,-8,-40,-11,-40,-14,-42,-15,-39,-16,-35,-17,-34,-17,-32,-15,-31,-16,-29,-13,-29,-14,-26,-13,-26,-12,-26,-12,-26,-12,-26,-13,-27,-12,-27,-12,-27,-10,-27,-10,-27,-10,-27,-10,-25,-8,-25,-8,-24,-9,-23,-8,-23,-7,0,0,-23,-9,-23,-9,-22,-9,-25,-11,-25,-12,-25,-13,-24,-13,-25,-15,-23,-14,-23,-15,-21,-15,-19,-16,-17,-15,-15,-13,-15,-13,-14,-15,-12,-14,-14,-13,-13,-13,-13,-14,-14,-14,-13,-15,-12,-16,-13,-16,-14,-15,-12,-15,-10,-15,-9,-13]"
CSI_DATA,263670,d8:b1:90:d9:de:f0,-65,11,-99,-36,67,56,-452901336,100,0,114,0,"[-31,16,-35,17,-37,17,-39,17,-38,15,-38,16,-35,14,-35,13,-31,14,-30,14,-27,14,-26,14,-26,14,-25,14,-24,16,-23,15,-23,18,-24,16,-23,19,-20,19,-21,20,-19,21,-17,21,-15,22,-16,20,-15,20,-14,20,-15,20,0,0,-12,22,-14,21,-13,23,-14,22,-14,24,-15,24,-14,25,-14,25,-16,22,-15,23,-15,22,-13,21,-12,18,-11,18,-11,16,-12,16,-10,16,-11,16,-11,16,-11,18,-10,18,-9,18,-9,18,-11,19,-12,17,-11,17,-8,16,-9,14]"
CSI_DATA,263671,d8:b1:90:d9:de:f0,-66,11,-99,-34,67,56,-452881644,100,0,114,0,"[18,-27,21,-29,24,-30,23,-31,24,-33,22,-30,22,-29,20,-27,17,-26,16,-26,15,-24,14,-25,12,-23,10,-25,9,-24,6,-24,6,-26,6,-27,4,-26,3,-25,2,-26,0,-26,0,-25,-2,-24,-1,-23,-2,-23,-3,-23,-4,-22,0,0,-5,-20,-6,-21,-6,-22,-7,-24,-7,-25,-7,-25,-9,-26,-7,-24,-7,-23,-8,-23,-7,-22,-9,-23,-7,-22,-7,-20,-7,-18,-7,-17,-7,-16,-6,-16,-8,-16,-8,-16,-8,-17,-10,-18,-12,-18,-11,-18,-9,-17,-9,-16,-10,-16,-8,-14]"
CSI_DATA,263672,d8:b1:90:d9:de:f0,-66,11,-99,-33,67,56,-452871141,100,0,114,0,"[26,16,29,20,30,22,30,23,30,25,28,25,25,24,23,23,22,22,21,21,21,18,19,18,19,18,19,17,20,16,20,16,21,16,22,16,22,17,22,14,22,13,22,13,20,13,20,11,20,11,19,11,20,11,20,12,0,0,19,11,20,11,20,13,20,14,21,14,21,15,20,16,19,16,19,16,18,15,17,16,16,17,15,15,15,16,13,14,12,14,11,14,11,14,12,13,13,14,13,15,14,16,12,17,15,17,13,16,12,16,10,16,9,14]"
CSI_DATA,263673,d8:b1:90:d9:de:f0,-66,11,-99,-37,68,56,-452851598,100,0,114,0,"[-8,-32,-8,-35,-8,-38,-7,-40,-6,-39,-6,-39,-5,-35,-4,-34,-4,-31,-4,-29,-5,-27,-4,-26,-6,-25,-7,-24,-9,-24,-9,-24,-9,-25,-10,-23,-11,-25,-11,-22,-13,-23,-12,-23,-11,-21,-12,-20,-11,-19,-12,-19,-12,-17,-12,-16,0,0,-13,-17,-11,-18,-13,-18,-14,-18,-14,-19,-14,-20,-13,-19,-12,-21,-12,-19,-12,-20,-12,-19,-11,-20,-11,-19,-11,-18,-10,-16,-10,-16,-10,-14,-11,-15,-10,-13,-11,-14,-11,-15,-11,-16,-12,-17,-12,-17,-11,-15,-11,-16,-10,-15,-9,-15]"
CSI_DATA,263674,d8:b1:90:d9:de:f0,-66,11,-99,-35,68,56,-452841616,100,0,114,0,"[-30,8,-33,7,-35,6,-35,4,-37,2,-34,2,-33,0,-30,0,-29,0,-27,0,-26,0,-25,0,-24,0,-24,0,-23,0,-23,0,-23,0,-24,1,-25,1,-24,0,-24,1,-24,2,-24,2,-22,3,-22,1,-21,1,-20,2,-20,1,0,0,-22,0,-21,0,-19,0,-23,-1,-22,-1,-23,-3,-24,-3,-23,-4,-24,-5,-23,-5,-22,-5,-19,-6,-18,-6,-17,-6,-18,-6,-18,-6,-17,-6,-17,-6,-17,-7,-18,-7,-18,-9,-18,-7,-18,-11,-17,-12,-18,-12,-16,-11,-13,-11,-12,-11]"
CSI_DATA,263675,d8:b1:90:d9:de:f0,-67,11,-99,-33,68,56,-452821647,100,0,114,0,"[-26,14,-28,14,-31,14,-32,13,-31,12,-31,12,-29,9,-27,8,-26,8,-25,8,-23,8,-22,8,-22,8,-20,8,-21,8,-21,8,-21,8,-22,8,-22,9,-20,8,-21,10,-21,10,-21,10,-20,11,-19,10,-17,8,-18,8,-19,8,0,0,-17,9,-18,8,-18,8,-19,8,-20,8,-21,7,-21,7,-21,5,-21,5,-22,4,-20,4,-19,3,-19,3,-18,4,-18,3,-17,2,-17,2,-17,2,-17,1,-18,2,-19,1,-20,0,-19,0,-20,0,-22,0,-19,0,-17,0,-15,-1]"
CSI_DATA,263676,d8:b1:90:d9:de:f0,-67,11,-99,-36,69,56,-452811331,100,0,114,0,"[-28,-7,-30,-7,-32,-10,-32,-10,-31,-11,-30,-10,-29,-9,-27,-7,-27,-7,-24,-7,-23,-4,-23,-5,-22,-3,-21,-3,-22,-3,-22,0,-22,0,-23,0,-22,1,-23,1,-22,3,-23,4,-20,3,-19,5,-20,4,-19,4,-19,5,-19,5,0,0,-19,5,-19,7,-18,6,-19,5,-19,7,-20,6,-20,7,-19,6,-20,6,-19,6,-19,6,-19,4,-18,6,-16,6,-16,5,-15,6,-15,6,-15,7,-15,7,-16,7,-17,7,-17,8,-16,7,-18,7,-19,7,-16,8,-15,7,-13,5]"
CSI_DATA,263677,d8:b1:90:d9:de:f0,-67,11,-99,-36,69,56,-452791654,100,0,114,0,"[-7,27,-7,30,-9,30,-9,32,-9,32,-9,32,-8,29,-7,28,-5,26,-4,24,-3,23,-3,23,-1,23,0,22,0,22,0,21,2,23,3,22,4,23,5,21,6,23,7,22,7,20,8,19,8,19,7,19,9,17,10,17,0,0,10,17,10,16,10,18,10,17,11,19,12,19,12,19,11,19,11,17,12,16,12,16,12,17,12,15,12,15,11,12,11,12,11,11,12,11,13,11,14,10,15,11,15,11,15,11,15,12,15,9,14,9,13,10,12,9]"
CSI_DATA,263678,d8:b1:90:d9:de:f0,-67,11,-99,-36,69,56,-452781618,100,0,114,0,"[-25,-13,-27,-15,-28,-17,-28,-19,-27,-19,-26,-19,-23,-19,-23,-18,-22,-15,-20,-15,-19,-15,-18,-13,-17,-12,-19,-12,-19,-11,-18,-11,-19,-11,-19,-11,-19,-11,-19,-9,-20,-11,-19,-10,-20,-9,-19,-8,-19,-7,-18,-7,-18,-7,-17,-6,0,0,-19,-7,-16,-7,-17,-9,-19,-7,-18,-8,-18,-10,-19,-9,-18,-10,-18,-11,-18,-10,-17,-9,-16,-10,-15,-9,-15,-9,-15,-9,-14,-7,-14,-7,-14,-7,-15,-7,-15,-8,-15,-7,-15,-8,-16,-9,-15,-9,-15,-7,-14,-9,-12,-8,-10,-8]"
CSI_DATA,263679,d8:b1:90:d9:de:f0,-68,11,-99,-34,69,56,-452771604,100,0,114,0,"[6,-26,8,-28,11,-29,13,-29,14,-28,15,-26,15,-23,15,-23,14,-22,14,-19,13,-18,11,-16,11,-17,12,-17,11,-15,12,-16,11,-17,13,-17,14,-17,13,-17,12,-17,13,-17,12,-16,11,-16,12,-15,12,-15,11,-14,13,-14,0,0,13,-12,13,-13,14,-13,15,-11,16,-12,17,-11,17,-11,17,-11,17,-9,17,-10,18,-9,17,-8,16,-6,16,-6,16,-5,15,-5,14,-4,16,-5,16,-5,16,-5,17,-4,17,-5,16,-4,17,-2,17,-2,17,-1,14,-1,13,0]"
CSI_DATA,263680,d8:b1:90:d9:de:f0,-67,11,-99,-36,69,56,-452751653,100,0,114,0,"[27,5,30,7,31,9,32,11,33,12,30,13,28,14,26,14,25,12,22,13,21,11,19,11,19,11,19,10,19,11,19,10,19,11,20,11,20,11,19,10,19,11,20,11,19,11,18,10,16,11,16,11,15,10,15,10,0,0,15,8,15,11,15,11,16,11,16,13,18,14,16,15,15,15,15,14,15,15,15,14,12,14,12,13,11,13,12,13,11,12,10,11,11,12,11,13,10,12,12,14,11,14,11,15,11,14,10,13,10,13,7,13,6,11]"
CSI_DATA,263681,d8:b1:90:d9:de:f0,-67,11,-99,-36,69,56,-452741620,100,0,114,0,"[-15,25,-17,26,-19,28,-19,27,-19,27,-18,27,-18,24,-17,23,-15,23,-14,22,-11,20,-11,19,-11,19,-11,19,-10,19,-8,19,-9,21,-9,21,-8,20,-7,20,-7,20,-6,21,-4,21,-4,20,-4,19,-5,19,-4,19,-3,18,0,0,-3,19,-2,18,-2,19,-3,20,-1,20,-2,22,-2,22,-1,22,-1,20,-1,21,-1,21,0,19,-1,19,0,18,0,17,0,16,0,17,0,17,0,16,0,17,1,17,1,17,3,18,2,18,1,16,1,14,2,15,1,12]"
CSI_DATA,263682,d8:b1:90:d9:de:f0,-67,11,-99,-36,69,56,-452731374,100,0,114,0,"[29,7,30,10,32,11,32,12,32,15,30,15,28,15,27,15,24,14,23,13,20,11,20,12,20,13,20,12,19,13,19,12,19,12,19,12,20,12,19,11,19,12,19,11,18,11,18,11,17,11,16,11,15,10,15,10,0,0,17,10,15,11,16,12,16,11,17,12,18,14,17,13,16,15,16,13,17,13,15,14,14,14,13,14,13,13,12,12,12,13,12,12,12,12,13,11,11,12,12,13,11,13,11,15,10,15,11,13,10,12,7,11,7,11]"
CSI_DATA,263683,d8:b1:90:d9:de:f0,-67,11,-99,-35,69,56,-452711596,100,0,114,0,"[-27,9,-30,7,-33,6,-35,6,-33,4,-33,4,-30,3,-30,3,-27,2,-25,2,-25,2,-23,1,-23,3,-22,3,-22,3,-20,3,-23,3,-21,3,-23,3,-22,3,-22,3,-20,3,-20,3,-19,3,-19,3,-19,3,-18,4,-18,5,0,0,-17,3,-17,5,-18,4,-19,4,-20,4,-20,5,-20,4,-20,4,-20,4,-20,4,-20,4,-19,4,-18,3,-17,4,-16,4,-17,3,-16,3,-16,3,-16,3,-17,3,-18,3,-17,3,-16,4,-16,3,-16,3,-15,3,-13,3,-11,3]"
CSI_DATA,263684,d8:b1:90:d9:de:f0,-67,11,-99,-35,69,56,-452701619,100,0,114,0,"[29,6,30,7,32,10,31,13,32,13,30,14,28,15,25,15,23,14,20,14,20,13,19,14,20,13,18,13,18,14,19,13,17,13,17,13,18,13,16,13,16,14,16,14,16,14,15,13,14,13,13,13,13,13,11,12,0,0,13,13,12,13,12,14,13,14,12,15,12,16,11,16,12,18,11,17,11,17,10,17,9,16,7,16,7,16,7,15,7,15,6,15,6,14,6,15,5,16,4,15,6,16,5,17,4,16,4,16,3,14,2,14,1,12]"
CSI_DATA,263685,d8:b1:90:d9:de:f0,-68,11,-99,-35,69,56,-452681421,100,0,114,0,"[0,27,-2,31,-4,33,-6,33,-7,33,-9,31,-10,29,-8,27,-9,24,-8,24,-8,23,-8,21,-8,21,-6,20,-7,21,-7,20,-9,21,-8,21,-8,21,-8,20,-9,20,-8,20,-9,19,-7,19,-7,18,-8,16,-7,16,-7,16,0,0,-9,16,-8,16,-10,16,-9,16,-9,16,-10,16,-10,16,-12,17,-12,16,-12,16,-12,16,-12,15,-11,13,-11,13,-11,10,-12,11,-10,10,-11,10,-11,10,-13,11,-12,10,-12,10,-11,11,-13,11,-13,9,-13,9,-11,8,-10,6]"
CSI_DATA,263686,d8:b1:90:d9:de:f0,-67,11,-99,-37,69,56,-452661535,100,0,114,0,"[-28,5,-31,5,-33,4,-34,3,-35,2,-34,0,-32,0,-30,0,-29,0,-27,0,-25,0,-25,0,-24,0,-24,0,-23,0,-23,1,-24,0,-24,0,-24,0,-24,1,-24,0,-23,0,-22,0,-22,0,-21,0,-20,0,-19,0,-19,1,0,0,-19,0,-18,0,-18,0,-21,0,-20,1,-21,0,-22,0,-21,0,-21,-1,-22,0,-21,0,-19,-1,-18,-1,-17,-2,-17,-2,-17,-2,-17,-2,-17,0,-17,-2,-17,-2,-17,-2,-17,-2,-17,-3,-17,-3,-17,-2,-16,-3,-14,-3,-13,-2]"
CSI_DATA,263687,d8:b1:90:d9:de:f0,-67,11,-99,-36,69,56,-452641600,100,0,114,0,"[29,3,32,5,34,6,34,7,35,7,33,7,31,9,29,7,27,6,27,7,25,5,25,6,24,5,24,4,23,3,23,3,23,3,26,3,24,2,24,3,23,2,23,3,22,2,22,1,21,1,21,2,19,1,19,1,0,0,19,0,19,1,19,0,20,0,20,0,20,1,21,0,20,2,21,0,20,0,20,0,19,1,19,1,17,1,18,1,16,1,16,1,16,0,16,0,17,0,17,0,16,0,17,0,17,0,17,0,15,0,13,0,11,0]"
CSI_DATA,263688,d8:b1:90:d9:de:f0,-67,11,-99,-38,69,56,-452621604,100,0,114,0,"[-20,21,-21,23,-24,25,-26,23,-25,23,-26,23,-23,21,-24,21,-22,19,-22,18,-20,18,-18,17,-17,19,-15,19,-15,20,-15,21,-15,21,-15,21,-15,21,-14,21,-15,21,-15,21,-14,20,-12,19,-10,18,-10,20,-9,18,-10,20,0,0,-9,17,-7,19,-7,20,-7,18,-7,20,-8,21,-9,20,-9,20,-9,20,-9,20,-7,20,-6,19,-5,18,-6,17,-5,16,-6,16,-5,15,-5,15,-5,15,-6,14,-5,15,-5,16,-3,16,-4,17,-5,15,-5,15,-4,14,-3,12]"
CSI_DATA,263689,d8:b1:90:d9:de:f0,-68,11,-99,-38,70,56,-452606791,100,0,114,0,"[-14,21,-16,23,-18,24,-20,24,-19,24,-20,23,-19,21,-17,20,-17,19,-15,19,-14,18,-13,18,-14,17,-13,17,-11,19,-11,18,-12,20,-12,20,-11,20,-10,20,-10,20,-11,20,-10,20,-8,19,-8,17,-7,17,-6,17,-6,17,0,0,-5,16,-5,17,-6,17,-5,16,-5,17,-5,17,-5,17,-5,18,-6,18,-6,17,-5,17,-4,17,-5,16,-5,15,-5,14,-5,14,-4,13,-4,13,-4,13,-4,13,-4,13,-4,14,-2,14,-4,14,-5,14,-5,13,-4,12,-4,11]"
CSI_DATA,263690,d8:b1:90:d9:de:f0,-67,11,-99,-36,69,56,-452591638,100,0,114,0,"[3,-28,4,-31,7,-32,7,-34,7,-32,7,-31,7,-30,8,-28,7,-27,7,-26,7,-23,7,-23,6,-23,5,-24,4,-25,5,-23,4,-23,5,-23,3,-24,3,-23,3,-23,3,-23,3,-22,2,-21,3,-20,1,-20,1,-19,3,-19,0,0,1,-19,2,-19,1,-20,1,-19,2,-20,2,-22,2,-20,3,-22,4,-20,4,-19,2,-19,4,-19,3,-18,3,-18,3,-15,3,-15,3,-15,5,-15,3,-14,4,-15,5,-15,4,-15,3,-15,3,-15,5,-14,4,-12,4,-12,4,-12]"
CSI_DATA,263691,d8:b1:90:d9:de:f0,-67,11,-99,-37,69,56,-452581329,100,0,114,0,"[-29,0,-31,0,-34,0,-35,0,-34,0,-33,0,-31,0,-31,0,-28,0,-26,0,-24,3,-24,2,-25,4,-24,4,-23,6,-23,6,-23,7,-23,8,-23,8,-22,10,-22,9,-22,10,-20,9,-18,11,-17,11,-17,12,-16,10,-17,12,0,0,-14,13,-13,13,-14,14,-14,14,-14,15,-15,15,-14,15,-15,16,-14,15,-13,16,-13,16,-11,14,-11,13,-11,13,-11,13,-10,13,-8,12,-8,12,-9,13,-9,13,-10,13,-8,13,-8,13,-8,14,-8,15,-8,13,-7,13,-5,11]"
CSI_DATA,263692,d8:b1:90:d9:de:f0,-67,11,-99,-34,68,56,-452561647,100,0,114,0,"[-20,21,-22,21,-26,23,-27,22,-29,21,-29,19,-27,17,-26,15,-24,15,-24,14,-23,12,-22,12,-21,13,-21,13,-21,12,-21,12,-22,12,-23,11,-22,12,-21,12,-21,11,-21,10,-21,10,-19,11,-20,10,-18,10,-17,9,-18,10,0,0,-17,9,-17,9,-16,9,-20,9,-20,7,-20,8,-20,8,-21,7,-21,6,-22,5,-20,5,-19,4,-18,2,-17,2,-17,2,-16,0,-16,0,-16,0,-15,0,-18,0,-17,0,-16,0,-15,0,-17,0,-17,-1,-16,-2,-14,-3,-13,-2]"
CSI_DATA,263693,d8:b1:90:d9:de:f0,-67,11,-99,-36,69,56,-452551628,100,0,114,0,"[25,12,27,14,30,15,30,16,29,17,28,16,27,16,25,15,24,13,23,13,23,11,22,11,22,9,22,8,22,8,22,7,23,7,24,6,24,6,23,4,23,5,23,4,21,3,21,2,20,2,19,1,21,1,19,0,0,0,19,0,19,0,19,0,20,-1,21,0,22,0,23,0,21,0,23,0,22,-1,21,0,19,0,19,0,18,0,17,0,16,0,15,0,15,-1,15,0,16,0,17,-1,17,0,16,0,17,-1,18,-2,16,-2,15,0,12,0]"
CSI_DATA,263694,d8:b1:90:d9:de:f0,-67,11,-99,-37,69,56,-452541613,100,0,114,0,"[4,29,4,32,1,35,0,34,0,36,0,33,-2,34,-3,30,-1,30,-3,26,-2,26,-2,26,-2,25,-1,23,-1,24,-1,25,-1,25,-1,26,0,25,0,25,0,24,0,25,0,23,0,22,0,22,0,22,0,21,0,19,0,0,0,19,0,20,0,20,0,21,0,20,-1,22,-1,22,-3,22,-3,22,-4,21,-4,19,-4,19,-4,18,-4,18,-4,17,-4,15,-4,16,-5,14,-5,14,-6,16,-6,16,-6,17,-6,17,-6,17,-8,15,-8,13,-7,14,-5,12]"
CSI_DATA,263695,d8:b1:90:d9:de:f0,-67,11,-99,-35,69,56,-452521618,100,0,114,0,"[-24,-11,-27,-13,-28,-16,-28,-17,-30,-18,-27,-17,-25,-17,-23,-16,-22,-15,-20,-15,-20,-13,-19,-13,-19,-13,-18,-13,-20,-13,-20,-13,-20,-13,-20,-12,-20,-11,-20,-10,-20,-10,-20,-10,-19,-10,-18,-9,-18,-9,-16,-8,-16,-8,-16,-8,0,0,-18,-6,-17,-7,-17,-7,-18,-7,-18,-7,-18,-10,-19,-10,-18,-10,-18,-11,-18,-10,-17,-10,-16,-11,-16,-11,-15,-10,-15,-9,-13,-9,-13,-9,-13,-9,-13,-8,-13,-10,-13,-10,-13,-10,-14,-10,-14,-10,-13,-10,-13,-10,-11,-10,-10,-9]"
CSI_DATA,263696,d8:b1:90:d9:de:f0,-67,11,-99,-36,69,56,-452507240,100,0,114,0,"[22,-15,26,-15,27,-17,30,-15,30,-15,30,-13,28,-12,27,-12,24,-11,24,-11,22,-11,22,-10,22,-11,20,-11,20,-11,20,-11,19,-11,19,-12,19,-12,19,-11,19,-11,18,-12,17,-12,16,-14,16,-12,15,-11,15,-12,15,-13,0,0,15,-12,15,-13,15,-13,15,-12,15,-13,17,-13,16,-13,17,-13,18,-12,19,-12,18,-12,17,-11,16,-11,15,-10,15,-10,15,-9,13,-9,15,-9,15,-9,15,-9,15,-9,15,-11,14,-11,15,-10,16,-9,15,-7,12,-7,11,-7]"
CSI_DATA,263697,d8:b1:90:d9:de:f0,-67,11,-99,-36,69,56,-452491656,100,0,114,0,"[15,-23,19,-23,21,-23,23,-24,24,-23,24,-20,23,-19,23,-19,23,-16,21,-15,20,-14,20,-12,20,-14,19,-13,18,-12,18,-13,19,-12,20,-12,19,-13,19,-12,19,-12,19,-12,18,-11,18,-11,18,-11,17,-11,15,-11,15,-11,0,0,17,-9,16,-10,17,-10,19,-10,18,-8,19,-8,19,-8,22,-7,21,-8,21,-7,21,-6,19,-6,18,-5,18,-4,17,-4,16,-3,16,-3,18,-3,16,-2,18,-3,18,-2,18,-2,18,-1,19,-1,19,0,19,0,16,0,14,0]"
CSI_DATA,263698,d8:b1:90:d9:de:f0,-67,11,-99,-36,69,56,-452481513,100,0,114,0,"[9,25,10,28,9,31,8,32,7,32,7,31,6,30,7,27,5,26,6,24,5,23,7,22,7,21,7,21,7,20,8,22,8,21,7,22,9,22,9,19,9,21,10,19,10,19,10,19,10,16,10,15,9,15,10,15,0,0,11,15,11,16,11,15,12,16,12,17,13,17,13,17,12,18,12,18,12,16,12,16,12,17,11,16,11,15,11,14,11,14,10,13,10,13,11,13,10,13,11,13,11,14,12,14,13,14,12,13,11,13,10,12,8,11]"
CSI_DATA,263699,d8:b1:90:d9:de:f0,-68,11,-99,-33,69,56,-452461381,100,0,114,0,"[-20,-14,-21,-16,-22,-18,-21,-18,-22,-20,-21,-19,-21,-18,-18,-18,-18,-15,-17,-14,-16,-13,-16,-13,-16,-13,-17,-12,-16,-12,-17,-10,-16,-12,-18,-10,-18,-10,-18,-9,-18,-9,-18,-8,-17,-8,-17,-7,-17,-7,-17,-6,-16,-5,-16,-5,0,0,-18,-3,-16,-4,-17,-3,-18,-3,-18,-5,-20,-5,-19,-4,-19,-5,-20,-4,-20,-3,-20,-3,-19,-5,-18,-2,-17,-2,-17,-2,-16,-1,-16,-1,-16,0,-16,0,-17,0,-18,0,-18,0,-18,-1,-18,0,-18,1,-18,0,-16,0,-14,0]"
CSI_DATA,263700,d8:b1:90:d9:de:f0,-67,11,-99,-34,68,56,-452441673,100,0,114,0,"[27,5,31,6,32,7,34,8,33,8,33,8,30,7,30,7,27,5,26,5,24,3,24,2,25,2,23,0,23,0,23,0,24,-1,25,-1,26,-2,23,-4,24,-4,22,-5,21,-5,20,-6,21,-6,18,-5,17,-7,18,-8,0,0,17,-10,17,-10,18,-11,18,-10,20,-12,19,-14,19,-14,19,-14,20,-14,18,-15,18,-15,17,-15,15,-13,14,-15,14,-14,13,-15,11,-12,12,-15,11,-15,10,-16,11,-16,10,-17,10,-16,10,-17,10,-18,10,-16,8,-15,7,-13]"
CSI_DATA,263701,d8:b1:90:d9:de:f0,-67,11,-99,-37,69,56,-452431560,100,0,114,0,"[-8,-25,-7,-29,-6,-31,-5,-31,-4,-33,-4,-31,-2,-31,-2,-28,-3,-27,-2,-26,-2,-25,-1,-23,-1,-24,-2,-23,-2,-23,-3,-23,-4,-22,-3,-23,-3,-22,-4,-22,-4,-22,-4,-22,-4,-21,-5,-20,-4,-21,-5,-20,-5,-19,-4,-18,0,0,-6,-20,-5,-20,-7,-20,-6,-22,-7,-21,-6,-22,-7,-22,-7,-23,-6,-23,-6,-22,-6,-22,-6,-22,-5,-21,-4,-20,-5,-18,-4,-18,-5,-17,-5,-17,-6,-17,-5,-17,-6,-18,-7,-19,-8,-20,-6,-19,-6,-17,-6,-17,-5,-17,-3,-15]"
CSI_DATA,263702,d8:b1:90:d9:de:f0,-67,11,-99,-34,68,56,-452411616,100,0,114,0,"[-5,-26,-5,-30,-5,-31,-4,-32,-3,-33,-3,-32,-2,-30,-1,-29,-3,-26,-1,-27,-1,-24,-2,-24,-2,-23,-3,-23,-3,-22,-5,-23,-3,-22,-4,-22,-5,-23,-5,-22,-5,-23,-6,-22,-5,-21,-7,-21,-6,-20,-6,-20,-6,-19,-6,-18,0,0,-8,-17,-8,-20,-9,-20,-10,-19,-10,-20,-10,-22,-11,-21,-11,-22,-11,-21,-11,-21,-11,-21,-11,-21,-10,-19,-10,-17,-10,-16,-10,-16,-10,-16,-10,-15,-11,-15,-11,-16,-12,-16,-13,-16,-14,-17,-13,-16,-13,-15,-11,-14,-10,-14,-9,-12]"
CSI_DATA,263703,d8:b1:90:d9:de:f0,-66,11,-99,-37,68,56,-452401631,100,0,228,0,"[-19,-8,-20,-12,-20,-17,-21,-22,-21,-24,-20,-26,-19,-26,-64,0,-17,-23,-15,-21,-14,-19,-11,-17,-10,-16,-8,-13,-5,-13,-3,-12,-1,-11,0,-11,0,-11,1,-11,1,-10,-19,-9,0,-7,0,-5,-1,-2,-2,0,-2,2,-2,7,0,0,0,12,1,16,3,19,4,21,7,22,11,22,101,0,12,22,13,21,12,19,10,17,9,16,7,13,4,12,1,11,0,11,-1,11,-2,11,-2,11,-2,11,-35,13,-1,9,0,7,0,5,2,4,2,1,3,0,4,-3,3,9,11,6,15,-4,9,-15,-2,-18,-13,-11,-18,0,-32,-14,-4,17,8,17,18,8,20,-7,11,-20,-6,-23,-22,-11,-24,9,-11,24,10,24,23,9,22,-10,7,-18,-5,-25,-14,-5,-11,3,-6,8,0,10,5,8,10,1,0,0,0,-10,-6,-8,-9,0,-4,7,3,6,6,0,12,15,-7,-3,-7,7,2,12,15,6,16,-8,3,-20,-13,-15,-20,0,-13,15,2,19,15,11,17,-3,8,-13,-6,-2,-11,-7,-10,0,-7,5,-3,7,0,6,3,6,6,3]"
CSI_DATA,263704,d8:b1:90:d9:de:f0,-67,11,-99,-33,68,56,-452391493,100,0,114,0,"[3,-26,5,-28,7,-31,7,-32,7,-31,7,-31,6,-28,8,-27,5,-26,6,-24,5,-22,4,-22,4,-22,3,-22,3,-23,3,-23,1,-24,1,-22,1,-23,0,-22,0,-24,0,-23,0,-22,0,-22,0,-21,-2,-19,-2,-20,-2,-20,0,0,-5,-18,-4,-20,-5,-20,-4,-21,-7,-22,-6,-22,-6,-24,-7,-24,-7,-24,-8,-22,-8,-22,-8,-22,-8,-21,-8,-20,-7,-17,-8,-17,-7,-17,-8,-16,-8,-16,-8,-17,-9,-17,-10,-18,-11,-18,-11,-17,-11,-16,-10,-16,-8,-14,-8,-13]"
CSI_DATA,263705,d8:b1:90:d9:de:f0,-67,11,-99,-35,68,56,-452371468,100,0,114,0,"[-3,25,-5,30,-6,32,-7,32,-6,33,-7,32,-6,30,-6,29,-6,26,-5,25,-3,24,-2,23,-3,23,-1,24,0,24,0,25,0,25,0,24,1,25,2,24,2,24,4,24,3,23,4,23,4,22,6,21,6,19,6,19,0,0,8,19,8,19,9,21,11,21,12,22,12,22,12,23,12,23,14,24,13,21,14,21,13,20,13,19,13,18,13,16,13,15,13,15,13,14,14,13,14,14,14,13,18,15,18,13,19,13,17,12,17,12,15,11,13,9]"
CSI_DATA,263706,d8:b1:90:d9:de:f0,-66,11,-99,-36,68,56,-452351662,100,0,114,0,"[12,-25,15,-27,17,-28,20,-28,20,-28,21,-25,22,-24,22,-21,20,-20,21,-17,20,-17,18,-16,19,-16,18,-16,19,-16,19,-15,19,-15,21,-16,20,-16,21,-15,21,-14,21,-15,19,-13,19,-14,20,-12,19,-11,19,-11,18,-12,0,0,21,-11,20,-12,21,-12,22,-11,22,-11,24,-11,24,-11,24,-10,25,-10,24,-10,25,-9,24,-8,23,-8,21,-6,21,-7,20,-7,20,-6,20,-6,21,-5,21,-5,22,-5,21,-5,21,-5,22,-5,23,-3,21,-1,19,-3,16,-1]"
CSI_DATA,263707,d8:b1:90:d9:de:f0,-66,11,-99,-37,68,56,-452341509,100,0,114,0,"[-29,-6,-31,-6,-33,-9,-33,-10,-33,-11,-32,-10,-30,-11,-30,-10,-27,-9,-26,-9,-24,-8,-24,-7,-24,-6,-23,-6,-23,-6,-22,-6,-25,-5,-26,-5,-26,-5,-26,-4,-26,-4,-26,-3,-25,-3,-23,-2,-24,-2,-23,-1,-22,0,-22,0,0,0,-23,0,-22,0,-22,0,-26,0,-26,0,-26,0,-27,0,-26,0,-26,0,-26,0,-26,1,-24,0,-23,1,-23,1,-22,1,-22,2,-20,2,-21,4,-21,3,-22,4,-22,5,-22,4,-22,3,-22,6,-23,6,-22,5,-19,4,-16,3]"
CSI_DATA,263708,d8:b1:90:d9:de:f0,-66,11,-99,-36,68,56,-452331408,100,0,114,0,"[0,-27,1,-31,3,-32,5,-33,6,-32,8,-32,8,-30,8,-29,9,-26,9,-26,8,-23,8,-24,8,-23,8,-22,8,-22,8,-23,9,-24,9,-24,9,-24,10,-23,10,-24,10,-23,10,-23,9,-21,10,-21,8,-22,9,-19,9,-20,0,0,10,-19,10,-20,10,-20,12,-22,12,-22,14,-22,15,-23,15,-22,14,-21,16,-22,15,-20,15,-20,13,-19,14,-17,15,-16,13,-16,13,-15,13,-16,13,-15,15,-16,15,-16,15,-16,14,-16,15,-17,16,-16,16,-14,14,-13,13,-12]"
CSI_DATA,263709,d8:b1:90:d9:de:f0,-65,9,-99,-35,67,56,-452319539,108,0,106,0,"[34,14,-3,0,49,14,83,0,74,14,103,0,97,14,62,0,-117,14,12,0,-81,14,-42,0,-34,14,-81,0,16,0,-110,0,53,0,-124,0,68,0,116,0,44,0,92,0,3,0,36,0,-27,14,-32,14,0,0,0,0,-33,14,57,14,-11,14,-17,13,24,0,-71,13,46,0,-79,13,43,0,-43,13,21,0,19,14,-17,14,76,14,-52,14,121,14,-81,14,-109,14,-91,14,-102,14,-77,14,-92,14,-37,14,-70,14,11,0]"
CSI_DATA,263710,d8:b1:90:d9:de:f0,-66,11,-99,-36,68,56,-452301021,100,0,114,0,"[-22,18,-24,19,-26,20,-26,20,-27,19,-26,18,-25,17,-24,16,-22,16,-22,16,-19,14,-19,15,-18,16,-18,16,-17,16,-17,16,-16,17,-17,18,-16,18,-16,19,-15,18,-15,19,-15,19,-13,18,-12,19,-12,19,-11,17,-11,18,0,0,-11,21,-11,20,-10,20,-10,23,-9,23,-9,24,-9,24,-9,24,-9,24,-10,24,-8,24,-8,24,-8,23,-7,21,-7,21,-6,19,-4,19,-4,20,-4,21,-5,21,-3,21,-2,22,0,22,0,22,-3,21,-2,18,0,18,0,16]"
CSI_DATA,263711,d8:b1:90:d9:de:f0,-65,9,-99,-36,67,56,-452285096,252,0,106,0,"[-54,14,-87,15,127,14,-49,15,117,14,-28,15,-93,14,-28,15,-31,14,-25,15,39,15,-15,15,89,15,15,0,-126,15,52,0,-107,15,80,0,-92,15,98,0,-78,15,61,0,-42,15,3,0,17,0,-44,15,0,0,0,0,-72,0,-80,15,13,1,-60,15,64,1,-30,15,76,1,7,0,43,1,30,0,-28,0,7,0,-86,0,-18,15,-120,0,-50,15,115,0,-76,15,113,0,-76,15,100,0,-65,15,80,0,-20,15,42,0]"
CSI_DATA,263712,d8:b1:90:d9:de:f0,-66,11,-99,-37,68,56,-452271650,100,0,114,0,"[-2,28,-3,31,-5,33,-6,33,-7,34,-7,33,-8,31,-6,29,-6,27,-5,25,-5,24,-3,24,-4,24,-2,23,-2,24,-2,24,-1,25,0,26,0,25,0,26,0,26,0,27,0,25,1,24,0,25,1,23,2,22,2,22,0,0,4,22,3,23,4,23,6,24,7,26,4,27,6,26,7,27,7,26,7,25,8,26,7,24,7,23,7,22,7,21,6,21,7,20,7,19,9,20,8,19,9,19,9,21,11,20,11,21,10,20,10,19,10,17,8,15]"
CSI_DATA,263713,d8:b1:90:d9:de:f0,-66,11,-99,-36,68,56,-452261626,100,0,114,0,"[27,-3,31,-2,33,-1,34,0,34,1,32,2,30,3,28,3,28,4,25,3,24,4,24,4,24,3,23,4,23,3,24,4,24,3,24,5,24,4,24,3,24,4,24,4,24,4,24,3,23,3,21,3,22,3,20,3,0,0,23,3,21,6,22,5,24,5,24,6,24,6,24,6,24,7,25,8,24,7,24,8,22,8,22,8,20,7,19,8,20,8,19,7,19,6,19,6,19,7,20,6,20,8,19,8,21,9,22,8,20,8,16,8,15,8]"
CSI_DATA,263714,d8:b1:90:d9:de:f0,-66,11,-99,-36,68,56,-452241644,100,0,114,0,"[-12,-25,-13,-28,-12,-30,-10,-32,-11,-33,-8,-30,-8,-31,-6,-27,-7,-26,-6,-27,-6,-24,-6,-25,-6,-23,-6,-24,-6,-23,-6,-23,-7,-24,-8,-24,-7,-24,-8,-24,-7,-24,-7,-24,-6,-24,-8,-24,-7,-24,-6,-22,-7,-21,-8,-22,0,0,-8,-19,-7,-22,-8,-21,-8,-24,-8,-24,-8,-24,-8,-25,-8,-25,-8,-24,-7,-24,-7,-24,-7,-24,-6,-23,-5,-22,-6,-21,-6,-19,-5,-20,-5,-17,-6,-19,-6,-19,-7,-21,-7,-21,-7,-23,-7,-21,-6,-20,-5,-18,-5,-19,-3,-16]"
CSI_DATA,263715,d8:b1:90:d9:de:f0,-66,11,-99,-35,68,56,-452231626,100,0,114,0,"[-5,27,-6,30,-8,32,-8,32,-7,33,-8,32,-6,31,-6,28,-5,27,-5,25,-4,24,-2,25,-1,24,0,25,0,23,0,23,1,25,2,26,3,25,5,25,5,25,6,25,6,25,6,23,7,22,7,21,6,20,7,19,0,0,10,19,9,19,11,19,13,20,14,21,15,21,15,20,16,21,15,19,15,19,15,18,15,18,15,16,15,15,15,15,15,13,16,12,15,12,17,11,16,11,18,11,19,10,19,11,20,10,19,8,18,8,16,8,14,6]"
CSI_DATA,263716,d8:b1:90:d9:de:f0,-67,11,-99,-33,68,56,-452221476,100,0,114,0,"[-26,-12,-28,-13,-29,-15,-29,-17,-27,-18,-26,-17,-25,-17,-23,-17,-22,-16,-21,-15,-18,-14,-19,-14,-19,-13,-19,-13,-19,-13,-20,-12,-21,-13,-20,-13,-22,-13,-22,-12,-21,-13,-20,-13,-20,-12,-19,-11,-18,-10,-18,-10,-18,-8,-19,-8,0,0,-18,-9,-18,-8,-19,-9,-20,-10,-20,-10,-21,-10,-21,-12,-21,-12,-22,-12,-22,-9,-21,-9,-20,-11,-19,-10,-18,-8,-18,-8,-17,-8,-16,-8,-16,-8,-17,-7,-17,-8,-18,-8,-18,-9,-19,-8,-19,-8,-19,-7,-19,-8,-15,-8,-13,-7]"
CSI_DATA,263717,d8:b1:90:d9:de:f0,-67,11,-99,-34,68,56,-452196215,100,0,114,0,"[0,-29,1,-32,3,-34,5,-35,5,-36,3,-33,4,-33,4,-30,2,-29,3,-27,1,-25,1,-26,0,-25,0,-24,-1,-25,-2,-24,-2,-24,-2,-24,-4,-24,-4,-23,-5,-25,-5,-24,-5,-22,-6,-22,-6,-21,-6,-20,-7,-18,-8,-18,0,0,-9,-19,-9,-19,-9,-18,-10,-19,-11,-19,-10,-21,-12,-21,-12,-20,-12,-20,-12,-19,-13,-19,-12,-19,-12,-17,-11,-16,-11,-15,-10,-14,-11,-14,-10,-13,-12,-13,-12,-13,-13,-13,-13,-14,-15,-13,-15,-13,-13,-12,-13,-11,-12,-12,-10,-10]"
CSI_DATA,263718,d8:b1:90:d9:de:f0,-67,11,-99,-34,68,56,-452181526,100,0,114,0,"[-11,27,-14,31,-15,32,-16,31,-16,31,-15,31,-15,29,-15,26,-13,26,-12,24,-11,23,-10,22,-9,23,-9,22,-8,24,-6,25,-6,23,-6,25,-5,25,-5,25,-5,23,-3,25,-3,22,-1,23,-2,21,0,22,0,21,0,20,0,0,1,21,1,21,1,21,2,21,3,23,3,24,3,25,2,23,3,22,3,23,5,23,4,21,4,21,3,19,4,19,4,18,5,17,4,16,5,17,5,17,5,17,5,19,7,19,8,18,7,17,7,16,5,16,5,14]"
CSI_DATA,263719,d8:b1:90:d9:de:f0,-67,11,-99,-35,68,56,-452161648,100,0,114,0,"[14,28,15,31,15,32,14,33,16,34,15,32,14,31,13,29,14,26,13,26,14,23,14,23,14,22,14,20,15,20,16,20,16,19,19,18,19,16,19,16,19,16,20,13,19,12,19,12,19,12,18,11,19,8,19,8,0,0,19,6,19,6,19,5,21,6,22,6,21,6,22,6,23,6,23,4,22,4,23,3,19,4,19,3,19,2,19,0,19,1,18,1,18,0,18,0,18,-1,19,-2,19,-2,19,-2,19,-2,19,-4,18,-3,16,-2,13,-2]"
CSI_DATA,263720,d8:b1:90:d9:de:f0,-67,11,-99,-37,69,56,-452151635,100,0,114,0,"[-29,5,-32,5,-35,4,-35,4,-35,3,-35,2,-33,0,-31,1,-30,2,-28,1,-26,1,-26,1,-25,2,-25,2,-23,3,-23,3,-25,4,-24,3,-25,4,-23,4,-23,4,-22,5,-22,5,-20,5,-21,5,-18,5,-19,6,-19,6,0,0,-18,7,-17,6,-20,8,-19,7,-19,8,-20,8,-19,7,-21,8,-22,7,-21,8,-21,7,-19,5,-17,6,-17,4,-17,4,-17,5,-17,5,-17,4,-17,5,-17,5,-17,6,-17,5,-17,6,-17,5,-17,6,-16,5,-14,4,-12,4]"
CSI_DATA,263721,d8:b1:90:d9:de:f0,-67,11,-99,-37,69,56,-452141616,100,0,114,0,"[23,-17,26,-18,29,-18,32,-17,32,-15,34,-13,30,-12,31,-10,27,-8,26,-8,25,-8,24,-6,23,-7,23,-6,22,-6,24,-7,25,-6,23,-5,25,-5,22,-6,23,-5,22,-4,21,-4,21,-4,19,-4,19,-4,17,-4,18,-4,0,0,20,-4,17,-2,19,-2,19,-2,19,-2,21,0,21,0,22,0,20,0,22,0,21,0,18,2,18,2,17,2,17,2,17,4,14,3,15,3,16,2,16,4,17,4,15,4,14,4,17,5,17,6,15,7,12,5,11,5]"
CSI_DATA,263722,d8:b1:90:d9:de:f0,-67,11,-99,-35,68,56,-452131395,100,0,114,0,"[3,-32,5,-34,6,-37,8,-38,8,-38,10,-38,9,-34,10,-33,7,-31,7,-28,7,-27,6,-25,5,-25,4,-25,4,-25,3,-25,2,-26,2,-25,2,-27,1,-25,0,-25,0,-25,0,-23,0,-22,0,-21,-1,-21,0,-21,-1,-19,0,0,-1,-19,-3,-19,-2,-20,-3,-20,-3,-22,-2,-22,-3,-21,-2,-22,-3,-21,-2,-21,-2,-22,-2,-20,-1,-19,-2,-19,-2,-17,-1,-16,-2,-16,-2,-16,-2,-15,-2,-16,-2,-16,-2,-17,-3,-18,-2,-18,-1,-16,-1,-15,-1,-15,-1,-13]"
CSI_DATA,263723,d8:b1:90:d9:de:f0,-67,11,-99,-37,69,56,-452111405,100,0,114,0,"[1,-31,2,-34,4,-36,4,-35,4,-37,4,-34,4,-34,4,-31,2,-30,4,-28,2,-26,0,-26,2,-25,0,-25,0,-24,0,-26,-1,-24,-2,-25,-3,-24,-3,-25,-4,-23,-6,-23,-5,-22,-6,-21,-6,-20,-6,-19,-6,-18,-6,-17,0,0,-8,-15,-8,-17,-8,-17,-8,-19,-9,-19,-10,-19,-11,-19,-9,-19,-10,-18,-9,-17,-9,-17,-8,-17,-8,-17,-8,-15,-8,-14,-8,-13,-8,-13,-8,-12,-9,-13,-8,-13,-9,-13,-9,-14,-11,-15,-11,-14,-10,-12,-9,-12,-8,-13,-8,-10]"
CSI_DATA,263724,d8:b1:90:d9:de:f0,-67,11,-99,-34,68,56,-452095442,100,0,114,0,"[-5,-30,-4,-34,-4,-38,-2,-39,0,-37,1,-37,1,-34,2,-34,1,-30,1,-27,2,-27,2,-25,2,-26,2,-24,1,-26,2,-26,1,-26,1,-25,0,-26,0,-25,0,-24,0,-23,0,-22,0,-21,0,-21,0,-20,0,-20,0,-19,0,0,0,-20,0,-19,0,-19,0,-20,0,-21,0,-21,0,-21,1,-21,2,-22,2,-21,2,-20,3,-19,3,-18,3,-17,3,-15,4,-15,4,-15,3,-14,4,-15,5,-14,5,-15,5,-15,4,-16,5,-16,5,-15,6,-14,5,-15,5,-11]"
CSI_DATA,263725,d8:b1:90:d9:de:f0,-67,11,-99,-37,69,56,-452081610,100,0,114,0,"[-27,-14,-29,-17,-30,-18,-31,-20,-29,-21,-27,-20,-26,-20,-24,-18,-23,-17,-22,-16,-21,-15,-20,-14,-20,-13,-20,-13,-20,-13,-20,-13,-21,-12,-21,-12,-22,-11,-21,-10,-22,-11,-21,-10,-20,-8,-20,-8,-19,-8,-18,-8,-19,-7,-19,-5,0,0,-17,-6,-18,-5,-19,-5,-18,-5,-19,-6,-20,-7,-20,-6,-21,-7,-20,-5,-19,-6,-18,-6,-18,-8,-17,-7,-17,-5,-16,-5,-15,-5,-14,-5,-15,-4,-14,-4,-14,-4,-16,-4,-15,-5,-15,-5,-17,-6,-17,-4,-16,-5,-13,-5,-12,-5]"
CSI_DATA,263726,d8:b1:90:d9:de:f0,-66,11,-99,-35,68,56,-452071590,100,0,114,0,"[2,32,0,36,-1,38,-4,38,-6,38,-7,37,-7,33,-9,32,-7,30,-7,28,-8,26,-8,25,-8,25,-7,24,-7,23,-7,24,-7,25,-8,24,-7,24,-7,23,-8,24,-7,25,-7,23,-6,21,-7,20,-7,19,-6,19,-6,19,0,0,-8,18,-7,19,-8,20,-8,19,-9,19,-10,19,-10,19,-11,19,-12,18,-12,18,-12,17,-12,17,-13,16,-12,16,-12,13,-12,12,-10,12,-12,12,-12,12,-13,11,-12,11,-13,12,-13,11,-15,12,-14,9,-13,9,-13,8,-12,7]"
CSI_DATA,263727,d8:b1:90:d9:de:f0,-67,11,-99,-38,69,56,-452050256,100,0,114,0,"[30,7,32,9,34,10,34,12,34,12,32,11,31,11,29,10,26,10,26,10,25,9,24,7,23,5,24,4,24,4,24,3,24,2,25,2,24,1,24,0,23,0,23,0,22,0,22,0,21,-1,20,-3,20,-3,20,-2,0,0,21,-5,19,-5,20,-5,20,-5,20,-5,21,-6,21,-6,21,-5,21,-5,21,-6,19,-7,18,-5,19,-5,18,-5,18,-5,15,-5,14,-5,15,-6,15,-6,15,-6,16,-6,16,-6,15,-7,16,-7,16,-9,16,-7,15,-5,11,-5]"
CSI_DATA,263728,d8:b1:90:d9:de:f0,-66,11,-99,-36,68,56,-452031361,100,0,114,0,"[-13,-28,-12,-32,-10,-34,-10,-36,-8,-36,-8,-34,-6,-34,-6,-31,-6,-31,-4,-30,-3,-27,-4,-27,-4,-24,-5,-24,-5,-24,-5,-24,-5,-24,-4,-24,-4,-24,-4,-24,-5,-24,-5,-24,-6,-23,-5,-22,-5,-22,-5,-21,-5,-20,-6,-20,0,0,-4,-19,-5,-21,-5,-20,-4,-22,-5,-24,-5,-23,-4,-24,-4,-24,-2,-23,-2,-20,-2,-21,0,-22,-1,-21,0,-19,0,-18,0,-16,0,-16,0,-16,0,-17,0,-16,0,-17,0,-18,0,-18,0,-18,0,-16,1,-16,2,-16,2,-15]"
CSI_DATA,263729,d8:b1:90:d9:de:f0,-66,11,-99,-36,68,56,-452011659,100,0,114,0,"[-12,-30,-10,-33,-11,-37,-10,-37,-8,-38,-8,-37,-8,-35,-6,-33,-6,-30,-7,-29,-7,-27,-8,-25,-7,-25,-8,-24,-8,-25,-9,-24,-10,-25,-8,-24,-8,-24,-9,-23,-10,-24,-10,-23,-11,-21,-10,-20,-10,-19,-9,-19,-9,-18,-10,-18,0,0,-11,-16,-11,-17,-12,-18,-11,-17,-11,-19,-13,-21,-11,-19,-12,-20,-10,-20,-10,-19,-10,-19,-10,-18,-9,-18,-8,-16,-8,-16,-8,-16,-7,-15,-7,-14,-8,-14,-8,-15,-8,-15,-8,-16,-8,-16,-8,-16,-7,-15,-8,-14,-6,-15,-4,-11]"
CSI_DATA,263730,d8:b1:90:d9:de:f0,-66,11,-99,-36,68,56,-452000713,100,0,114,0,"[-16,29,-18,31,-21,32,-22,32,-22,32,-22,32,-19,28,-19,28,-17,26,-17,24,-15,23,-15,24,-12,24,-11,24,-10,24,-8,24,-8,24,-9,24,-8,25,-7,24,-5,25,-4,26,-4,24,-2,24,-3,23,0,22,0,21,0,21,0,0,0,21,0,21,0,22,1,22,1,23,0,24,1,23,1,24,1,22,0,23,1,22,1,21,1,20,1,18,1,17,0,16,1,16,1,15,1,16,1,16,1,17,2,18,3,17,4,17,1,16,2,15,2,16,2,13]"
CSI_DATA,263731,d8:b1:90:d9:de:f0,-67,11,-99,-35,68,56,-451981734,100,0,114,0,"[-23,-25,-22,-28,-22,-31,-22,-33,-20,-32,-19,-32,-17,-31,-15,-30,-14,-27,-13,-26,-12,-24,-12,-23,-12,-23,-12,-23,-12,-23,-12,-23,-12,-22,-12,-22,-12,-22,-13,-21,-13,-20,-13,-20,-13,-19,-12,-19,-12,-18,-12,-18,-12,-17,-12,-16,0,0,-12,-18,-12,-17,-12,-17,-11,-18,-12,-19,-12,-19,-12,-20,-11,-20,-9,-19,-11,-19,-8,-19,-7,-19,-6,-18,-6,-16,-5,-15,-5,-16,-4,-14,-5,-15,-5,-14,-3,-14,-5,-15,-3,-15,-3,-18,-2,-16,-2,-14,-2,-14,0,-13,0,-12]"
CSI_DATA,263732,d8:b1:90:d9:de:f0,-67,11,-99,-34,68,56,-451971502,100,0,114,0,"[26,-20,28,-22,31,-22,32,-21,31,-22,31,-21,30,-20,28,-19,25,-19,24,-18,21,-17,21,-15,21,-17,21,-18,18,-18,18,-20,15,-19,16,-21,15,-21,15,-21,14,-21,11,-21,10,-20,9,-21,10,-19,9,-19,7,-17,8,-18,0,0,5,-18,6,-19,5,-21,5,-21,5,-21,5,-22,5,-21,5,-21,5,-21,6,-21,5,-20,5,-19,4,-16,3,-16,4,-15,5,-15,3,-15,3,-15,2,-15,4,-14,3,-15,2,-15,2,-15,3,-15,5,-14,3,-13,3,-12,1,-12]"
CSI_DATA,263733,d8:b1:90:d9:de:f0,-67,11,-99,-35,68,56,-451961409,100,0,114,0,"[-19,-26,-21,-31,-19,-33,-19,-34,-18,-35,-17,-34,-15,-33,-12,-31,-12,-29,-11,-28,-10,-25,-10,-25,-11,-25,-11,-24,-12,-24,-12,-25,-12,-23,-12,-24,-12,-22,-12,-21,-12,-21,-12,-22,-12,-19,-12,-19,-12,-19,-12,-18,-12,-17,-12,-17,0,0,-10,-16,-11,-17,-11,-17,-12,-17,-12,-17,-12,-19,-10,-19,-9,-19,-8,-18,-8,-18,-8,-17,-6,-19,-6,-17,-5,-16,-5,-15,-4,-14,-4,-14,-3,-13,-3,-14,-1,-13,-2,-14,-2,-15,-1,-16,-2,-16,-2,-12,0,-12,0,-12,0,-12]"
CSI_DATA,263734,d8:b1:90:d9:de:f0,-66,11,-99,-36,68,56,-451950940,100,0,114,0,"[8,-33,9,-37,11,-39,12,-40,13,-40,12,-38,11,-37,11,-33,9,-32,9,-31,8,-28,8,-28,6,-28,5,-27,4,-27,3,-27,1,-27,1,-29,0,-28,0,-27,-1,-26,-3,-24,-4,-24,-5,-22,-4,-23,-5,-22,-5,-21,-8,-20,0,0,-5,-18,-7,-18,-8,-19,-8,-21,-8,-21,-8,-20,-8,-20,-7,-22,-8,-20,-6,-19,-6,-18,-5,-18,-5,-18,-5,-16,-4,-15,-2,-15,-3,-14,-5,-14,-4,-12,-2,-14,-4,-14,-5,-15,-5,-15,-6,-15,-3,-14,-3,-13,-2,-13,-2,-11]"
CSI_DATA,263735,d8:b1:90:d9:de:f0,-66,11,-99,-37,68,56,-451931659,100,0,114,0,"[-29,-19,-31,-23,-31,-28,-31,-30,-28,-30,-26,-30,-23,-29,-22,-27,-21,-27,-20,-25,-18,-23,-17,-24,-16,-23,-17,-22,-17,-22,-16,-22,-16,-22,-16,-22,-17,-22,-16,-21,-18,-20,-17,-19,-16,-18,-15,-18,-15,-18,-14,-17,-14,-16,-14,-17,0,0,-14,-15,-12,-16,-13,-17,-12,-18,-13,-18,-13,-19,-12,-20,-11,-20,-11,-21,-10,-20,-9,-19,-8,-19,-6,-18,-6,-17,-4,-16,-4,-16,-1,-15,-3,-15,-2,-14,-1,-15,-2,-14,-1,-16,-1,-16,0,-15,0,-13,0,-13,1,-12,2,-11]"
CSI_DATA,263736,d8:b1:90:d9:de:f0,-66,11,-99,-33,67,56,-451921624,100,0,114,0,"[32,20,33,22,35,25,36,27,35,26,33,27,31,25,29,23,27,21,26,20,26,19,24,18,25,16,24,16,26,14,26,13,26,12,27,11,27,11,26,9,26,8,26,7,25,6,24,5,22,4,22,3,22,4,22,1,0,0,22,0,21,0,22,0,22,0,23,0,23,1,22,2,23,0,22,0,22,0,22,0,21,2,19,1,19,1,18,1,16,0,15,0,16,1,16,0,15,0,15,0,14,1,14,2,16,2,15,0,14,1,12,2,10,1]"
CSI_DATA,263737,d8:b1:90:d9:de:f0,-66,11,-99,-34,67,56,-451901653,100,0,114,0,"[0,34,-2,37,-2,41,-3,42,-4,41,-4,41,-4,39,-4,37,-2,35,0,33,0,32,0,30,0,30,0,29,3,29,4,28,6,29,6,28,6,28,8,25,8,25,11,25,10,23,11,22,11,21,12,20,12,18,14,18,0,0,12,17,14,17,15,17,15,17,15,17,16,19,17,19,17,18,16,18,16,17,15,16,15,16,14,16,13,14,12,13,11,12,12,11,10,11,11,11,11,11,10,10,11,10,13,10,11,11,9,9,9,8,8,9,8,8]"
CSI_DATA,263738,d8:b1:90:d9:de:f0,-66,11,-99,-37,68,56,-451890797,100,0,114,0,"[-33,-3,-36,-7,-39,-8,-39,-11,-39,-12,-37,-14,-34,-15,-33,-15,-30,-13,-28,-14,-27,-13,-24,-13,-24,-14,-24,-12,-25,-13,-25,-13,-26,-12,-26,-11,-26,-12,-24,-11,-24,-11,-23,-11,-22,-11,-22,-11,-21,-10,-20,-10,-21,-9,-21,-8,0,0,-21,-10,-20,-10,-21,-11,-20,-11,-22,-12,-20,-13,-22,-14,-20,-16,-20,-14,-18,-14,-17,-14,-14,-15,-14,-14,-12,-15,-11,-11,-11,-12,-10,-11,-11,-12,-10,-11,-9,-11,-10,-12,-9,-13,-8,-14,-8,-13,-8,-12,-8,-12,-5,-11,-3,-10]"
CSI_DATA,263739,d8:b1:90:d9:de:f0,-66,11,-99,-38,68,56,-451871651,100,0,114,0,"[-16,-30,-15,-32,-15,-35,-13,-36,-13,-37,-12,-35,-10,-35,-9,-33,-11,-31,-9,-29,-9,-28,-10,-27,-9,-27,-10,-26,-10,-26,-11,-26,-12,-26,-13,-26,-13,-26,-14,-25,-14,-23,-15,-23,-14,-21,-14,-20,-15,-20,-14,-18,-15,-17,-15,-16,0,0,-16,-17,-16,-18,-16,-18,-16,-18,-17,-18,-17,-21,-18,-20,-17,-21,-17,-20,-16,-18,-16,-19,-16,-18,-14,-17,-12,-16,-12,-16,-11,-15,-11,-14,-11,-13,-11,-12,-10,-13,-12,-13,-11,-14,-10,-15,-10,-13,-10,-11,-9,-11,-8,-11,-7,-10]"
CSI_DATA,263740,d8:b1:90:d9:de:f0,-66,11,-99,-35,67,56,-451861619,100,0,114,0,"[-2,-34,0,-37,0,-39,2,-40,4,-39,6,-38,7,-35,7,-34,7,-33,8,-32,7,-30,8,-29,8,-28,8,-28,7,-27,8,-27,8,-28,8,-28,9,-28,8,-27,7,-28,7,-28,7,-26,6,-25,7,-25,6,-24,6,-24,6,-24,0,0,7,-23,7,-24,9,-23,9,-24,10,-25,11,-26,11,-25,13,-25,13,-23,14,-23,14,-22,14,-21,13,-19,12,-17,13,-16,12,-14,12,-13,12,-13,12,-13,12,-12,13,-12,12,-13,12,-13,13,-12,13,-9,13,-9,11,-7,10,-6]"
CSI_DATA,263741,d8:b1:90:d9:de:f0,-66,11,-99,-34,67,56,-451841187,100,0,114,0,"[-22,-21,-23,-25,-23,-28,-21,-31,-21,-32,-19,-32,-16,-32,-16,-30,-14,-28,-11,-28,-11,-26,-10,-26,-11,-24,-10,-24,-12,-25,-10,-25,-10,-26,-10,-27,-9,-26,-10,-26,-10,-26,-10,-25,-9,-25,-11,-24,-9,-24,-9,-24,-9,-22,-8,-22,0,0,-6,-24,-7,-24,-6,-25,-6,-26,-7,-28,-5,-28,-4,-29,-3,-28,-2,-26,-1,-27,-1,-26,0,-26,0,-24,1,-24,0,-21,1,-19,1,-18,1,-18,0,-18,3,-18,2,-18,2,-20,2,-19,3,-18,3,-16,4,-16,4,-14,3,-13]"
CSI_DATA,263742,d8:b1:90:d9:de:f0,-67,11,-99,-34,68,56,-451821103,100,0,114,0,"[21,-14,26,-14,26,-14,28,-13,30,-11,29,-10,27,-8,26,-6,25,-7,24,-5,22,-5,23,-5,23,-5,23,-5,22,-4,21,-5,23,-5,24,-5,24,-5,24,-5,24,-5,24,-5,23,-4,21,-5,24,-5,22,-5,23,-5,23,-6,0,0,22,-4,22,-4,23,-5,24,-4,26,-2,26,-2,26,-1,26,-1,26,0,25,0,24,0,24,1,21,1,21,1,21,2,20,2,19,1,19,1,18,2,19,2,19,3,18,3,18,3,18,5,18,5,17,5,15,5,11,4]"
CSI_DATA,263743,d8:b1:90:d9:de:f0,-66,11,-99,-36,68,56,-451801640,100,0,114,0,"[-12,25,-14,26,-16,28,-17,27,-17,27,-16,26,-16,24,-17,23,-15,23,-15,21,-14,19,-14,19,-14,20,-13,18,-12,20,-12,20,-12,21,-13,23,-12,23,-11,24,-11,24,-9,23,-10,23,-8,23,-9,23,-9,23,-9,22,-8,23,0,0,-8,21,-8,23,-8,24,-8,24,-9,24,-9,25,-8,25,-11,26,-10,26,-11,25,-10,25,-9,21,-8,21,-9,19,-8,19,-8,19,-8,18,-8,18,-8,18,-8,18,-8,18,-8,19,-7,19,-8,18,-9,16,-8,16,-7,15,-8,13]"
CSI_DATA,263744,d8:b1:90:d9:de:f0,-66,11,-99,-37,68,56,-451790738,100,0,114,0,"[4,-29,6,-33,8,-33,9,-34,8,-33,9,-33,9,-31,8,-31,7,-28,6,-27,5,-24,5,-25,4,-25,3,-24,1,-25,2,-25,1,-27,1,-26,0,-28,0,-26,-1,-27,-1,-27,-3,-26,-4,-26,-3,-25,-4,-24,-4,-24,-5,-24,0,0,-5,-22,-6,-23,-8,-26,-6,-25,-9,-26,-8,-28,-9,-27,-9,-29,-9,-28,-8,-27,-9,-26,-8,-25,-8,-22,-7,-22,-7,-19,-7,-21,-6,-19,-7,-18,-9,-20,-8,-19,-9,-19,-10,-20,-10,-20,-9,-19,-7,-17,-7,-16,-5,-15,-5,-15]"
CSI_DATA,263745,d8:b1:90:d9:de:f0,-66,11,-99,-36,68,56,-451771687,100,0,114,0,"[-11,25,-14,27,-16,29,-18,28,-19,27,-19,27,-18,24,-18,24,-17,22,-17,20,-16,19,-15,17,-16,19,-16,18,-16,18,-16,18,-16,20,-16,19,-16,20,-16,19,-16,19,-16,19,-16,19,-16,18,-15,18,-16,17,-15,18,-16,17,0,0,-16,17,-15,17,-16,20,-17,18,-17,19,-19,18,-19,19,-19,17,-19,17,-20,16,-20,16,-18,15,-17,14,-17,12,-16,11,-16,9,-16,10,-17,9,-16,9,-16,9,-17,8,-16,9,-16,8,-18,8,-18,6,-16,5,-15,5,-15,4]"
CSI_DATA,263746,d8:b1:90:d9:de:f0,-66,11,-99,-37,68,56,-451761615,100,0,114,0,"[-25,14,-29,14,-32,15,-32,15,-33,14,-33,13,-30,13,-29,12,-26,14,-25,13,-23,13,-23,12,-23,13,-22,14,-22,14,-21,16,-20,16,-22,16,-21,18,-20,19,-19,20,-18,21,-16,19,-15,20,-14,19,-14,20,-11,19,-12,20,0,0,-11,21,-12,21,-12,22,-11,23,-12,24,-12,25,-11,25,-11,25,-12,23,-12,24,-11,24,-11,22,-11,21,-8,21,-9,20,-8,18,-7,17,-7,18,-8,18,-6,19,-6,19,-5,19,-5,18,-5,19,-6,18,-5,15,-5,15,-4,12]"
CSI_DATA,263747,d8:b1:90:d9:de:f0,-66,11,-99,-36,68,56,-451741635,100,0,114,0,"[29,3,32,4,33,5,35,5,33,5,33,5,30,4,29,4,29,2,28,1,26,0,25,0,25,0,25,-1,24,-2,24,-2,24,-5,25,-4,25,-6,24,-8,24,-8,24,-10,23,-11,21,-12,21,-11,20,-10,19,-11,19,-13,0,0,16,-16,18,-15,18,-16,18,-16,18,-18,19,-19,17,-19,19,-20,19,-20,18,-20,17,-18,16,-17,15,-16,14,-16,13,-16,13,-15,10,-14,10,-16,10,-16,8,-16,9,-17,8,-16,7,-16,8,-17,9,-17,8,-16,6,-14,6,-11]"
CSI_DATA,263748,d8:b1:90:d9:de:f0,-66,11,-99,-35,68,56,-451731627,100,0,114,0,"[28,-6,32,-6,33,-5,35,-4,34,-3,33,-2,31,0,30,-1,28,-1,26,0,25,-1,25,-1,25,-2,23,-3,24,-4,25,-3,25,-5,25,-4,25,-4,24,-6,25,-6,25,-6,23,-6,22,-7,22,-7,21,-7,20,-6,21,-6,0,0,20,-8,21,-9,21,-10,23,-9,23,-9,24,-9,25,-10,25,-9,24,-10,25,-10,23,-9,21,-7,20,-6,19,-7,19,-6,19,-6,17,-6,17,-6,17,-6,16,-6,17,-6,17,-6,15,-6,18,-6,18,-6,15,-6,12,-5,11,-4]"
CSI_DATA,263749,d8:b1:90:d9:de:f0,-66,11,-99,-36,68,56,-451721617,100,0,114,0,"[21,22,22,24,21,28,19,29,18,31,17,30,15,29,13,28,12,26,10,25,10,24,8,23,9,24,8,24,8,23,8,23,10,24,9,24,10,24,9,24,8,24,9,23,8,23,9,22,8,23,8,23,8,22,8,22,0,0,7,22,8,22,7,24,6,25,7,26,6,27,4,27,3,29,3,27,2,27,0,26,0,24,0,24,0,22,0,20,0,19,-1,19,-2,17,0,17,-1,17,-1,18,-2,19,-2,19,-2,18,-3,16,-3,15,-4,14,-3,13]"
CSI_DATA,263750,d8:b1:90:d9:de:f0,-67,11,-99,-35,68,56,-451711427,100,0,114,0,"[-25,-10,-28,-12,-30,-13,-30,-15,-30,-16,-28,-15,-26,-15,-25,-15,-24,-12,-23,-12,-22,-11,-21,-11,-21,-10,-20,-9,-21,-8,-21,-8,-22,-8,-23,-7,-24,-7,-22,-6,-22,-6,-22,-6,-22,-5,-21,-3,-22,-3,-22,-4,-21,-3,-21,-1,0,0,-21,0,-21,-1,-22,-1,-24,-1,-25,-2,-25,-2,-26,-3,-28,-3,-26,-2,-26,-1,-25,-3,-23,-3,-22,-3,-19,-2,-19,-1,-19,-1,-18,-1,-18,0,-17,0,-18,0,-19,0,-18,0,-19,0,-18,0,-17,0,-16,0,-13,0,-12,0]"
CSI_DATA,263751,d8:b1:90:d9:de:f0,-67,11,-99,-35,68,56,-451686005,100,0,114,0,"[25,15,26,17,27,17,28,19,28,19,26,19,25,18,24,16,24,14,22,14,21,12,20,12,21,10,21,9,21,9,21,7,23,6,24,6,23,6,24,4,24,3,23,3,22,2,23,0,23,0,21,0,20,-1,21,-1,0,0,22,-2,21,-3,24,-4,25,-5,25,-5,26,-5,25,-5,26,-5,26,-6,26,-6,25,-5,24,-5,22,-5,20,-5,20,-6,19,-6,18,-6,17,-6,17,-7,17,-7,18,-7,16,-7,16,-8,16,-9,15,-9,14,-9,12,-7,10,-6]"
CSI_DATA,263752,d8:b1:90:d9:de:f0,-67,11,-99,-35,68,56,-451671637,100,0,114,0,"[21,19,22,20,23,22,22,22,25,24,24,23,22,23,21,20,19,19,19,17,19,14,19,15,19,13,18,12,18,12,19,11,20,10,22,10,21,8,22,7,23,6,22,6,21,5,22,3,22,3,20,2,20,2,19,1,0,0,24,-1,22,0,24,-1,25,-2,25,-1,27,-1,26,-1,27,-1,27,-4,26,-2,26,-3,25,-1,23,-3,22,-3,20,-4,19,-3,19,-5,19,-6,18,-5,18,-6,19,-6,18,-6,18,-6,17,-8,17,-9,16,-8,13,-7,12,-6]"
CSI_DATA,263753,d8:b1:90:d9:de:f0,-67,11,-99,-34,68,56,-451661559,100,0,114,0,"[9,26,8,29,6,31,7,32,5,34,5,31,5,31,2,28,4,26,2,25,2,23,3,24,4,22,3,22,3,23,5,22,5,22,4,22,5,22,5,21,6,22,7,22,7,21,7,20,8,21,7,20,7,20,8,19,0,0,8,20,10,21,10,22,10,23,10,24,10,26,10,26,9,26,9,26,8,26,7,25,6,24,5,23,5,21,5,20,5,19,5,20,4,17,6,19,4,17,5,18,5,19,7,20,6,19,5,16,5,17,4,16,4,13]"
CSI_DATA,263754,d8:b1:90:d9:de:f0,-66,11,-99,-35,68,56,-451641653,100,0,114,0,"[-26,-5,-29,-6,-31,-7,-32,-8,-32,-10,-31,-11,-29,-11,-27,-10,-25,-9,-24,-6,-23,-7,-22,-6,-22,-6,-21,-5,-21,-5,-21,-4,-23,-5,-23,-4,-23,-3,-22,-2,-22,-1,-23,-2,-22,0,-22,0,-21,0,-20,0,-20,0,-22,0,0,0,-22,1,-21,1,-24,1,-24,1,-25,1,-26,1,-27,1,-27,0,-27,0,-27,1,-27,0,-25,0,-24,0,-23,0,-21,0,-21,0,-19,0,-19,0,-21,0,-20,1,-21,2,-21,1,-20,2,-20,2,-20,2,-19,2,-17,0,-14,1]"
CSI_DATA,263755,d8:b1:90:d9:de:f0,-66,11,-99,-37,68,56,-451631667,100,0,114,0,"[-23,-18,-25,-22,-25,-24,-23,-26,-22,-27,-21,-26,-18,-25,-18,-24,-16,-22,-15,-22,-14,-20,-14,-21,-12,-20,-13,-20,-12,-20,-12,-20,-13,-21,-13,-21,-13,-20,-13,-20,-14,-19,-13,-19,-13,-19,-13,-18,-12,-17,-12,-19,-12,-18,-12,-17,0,0,-14,-20,-11,-21,-12,-21,-12,-22,-13,-23,-11,-26,-11,-26,-11,-29,-9,-27,-9,-27,-8,-26,-6,-27,-6,-25,-5,-23,-3,-22,-3,-22,-2,-21,-2,-20,-3,-21,-2,-22,-2,-22,-1,-22,-2,-24,-1,-22,0,-22,0,-21,1,-20,0,-16]"
CSI_DATA,263756,d8:b1:90:d9:de:f0,-66,11,-99,-36,68,56,-451621636,100,0,114,0,"[8,-28,10,-31,14,-32,14,-33,14,-32,14,-30,12,-29,11,-26,10,-25,9,-24,8,-24,8,-23,6,-22,7,-23,5,-22,4,-22,4,-24,4,-24,3,-24,1,-23,0,-24,0,-23,0,-22,0,-22,0,-23,-1,-22,-1,-23,-1,-22,0,0,0,-22,-3,-23,-2,-23,-2,-24,-3,-25,-3,-26,-3,-27,-2,-28,-1,-27,-2,-27,-2,-27,-2,-26,-2,-24,-1,-24,-1,-22,0,-21,-2,-20,-1,-21,-3,-20,-2,-21,-3,-21,-3,-23,-5,-22,-4,-23,-2,-20,-3,-20,-2,-19,-2,-16]"
CSI_DATA,263757,d8:b1:90:d9:de:f0,-66,11,-99,-33,67,56,-451611619,100,0,114,0,"[0,29,-2,33,-3,35,-6,37,-6,35,-8,35,-7,32,-8,30,-7,28,-7,27,-7,25,-5,24,-6,24,-5,22,-4,23,-4,22,-4,24,-4,23,-4,26,-3,23,-3,24,-3,24,-2,24,-1,23,-3,22,-2,23,-2,23,-3,22,0,0,-3,22,-3,24,-4,25,-6,25,-7,27,-9,28,-9,29,-9,28,-10,28,-11,26,-11,25,-11,24,-11,22,-11,22,-11,20,-12,19,-11,19,-11,19,-11,19,-13,19,-12,19,-13,20,-12,20,-14,20,-14,17,-15,18,-12,15,-12,13]"
CSI_DATA,263758,d8:b1:90:d9:de:f0,-66,11,-99,-36,68,56,-451601407,100,0,114,0,"[-8,-27,-8,-31,-8,-32,-8,-33,-8,-33,-8,-32,-8,-31,-7,-29,-8,-27,-7,-25,-8,-24,-8,-23,-8,-20,-9,-21,-9,-20,-10,-19,-11,-20,-11,-20,-13,-19,-14,-17,-15,-19,-16,-19,-16,-17,-15,-16,-15,-16,-16,-15,-15,-15,-16,-14,0,0,-16,-13,-16,-15,-18,-15,-18,-16,-19,-17,-19,-17,-20,-18,-19,-18,-19,-18,-19,-18,-19,-16,-17,-16,-16,-16,-17,-16,-16,-15,-15,-14,-14,-14,-14,-13,-16,-13,-15,-13,-16,-13,-17,-15,-17,-15,-19,-13,-17,-12,-16,-12,-15,-12,-13,-10]"
CSI_DATA,263759,d8:b1:90:d9:de:f0,-66,11,-99,-38,68,56,-451581180,100,0,114,0,"[-17,25,-20,27,-21,29,-22,31,-22,31,-21,30,-19,28,-19,27,-16,25,-15,24,-13,22,-12,22,-12,23,-10,22,-9,23,-7,23,-5,24,-4,24,-4,25,-1,23,-2,25,0,25,0,24,0,24,1,23,0,23,3,22,1,21,0,0,4,22,2,24,3,23,4,25,3,26,4,27,4,28,2,28,2,27,2,26,1,27,1,25,2,25,2,23,1,22,1,21,1,20,1,21,3,21,1,21,3,21,4,22,4,22,4,23,2,22,2,21,3,20,2,17]"
CSI_DATA,263760,d8:b1:90:d9:de:f0,-66,11,-99,-34,67,56,-451561652,100,0,114,0,"[-29,16,-33,16,-35,15,-36,14,-38,13,-36,12,-35,10,-33,9,-30,9,-29,8,-28,7,-27,7,-27,7,-27,6,-25,6,-25,8,-25,8,-27,8,-25,9,-24,9,-24,9,-23,11,-23,10,-23,10,-23,9,-21,9,-21,10,-22,9,0,0,-22,9,-22,7,-23,7,-25,6,-25,5,-26,4,-26,3,-27,0,-26,0,-27,0,-25,0,-24,-2,-22,-3,-22,-3,-22,-3,-21,-5,-19,-4,-20,-4,-20,-4,-20,-5,-21,-6,-20,-7,-20,-9,-20,-10,-20,-11,-18,-11,-16,-11,-14,-12]"
CSI_DATA,263761,d8:b1:90:d9:de:f0,-65,11,-99,-35,67,56,-451551610,100,0,114,0,"[23,25,24,29,25,31,26,32,26,32,25,31,23,30,22,28,23,24,22,23,21,20,21,21,21,19,21,18,22,16,22,15,24,15,25,15,26,13,26,11,27,11,28,10,26,9,26,7,26,7,25,6,24,6,25,4,0,0,25,3,25,4,26,4,26,5,26,5,27,5,27,5,27,7,27,6,26,6,25,6,24,8,23,7,21,6,22,5,20,6,19,6,20,5,20,5,19,5,21,4,21,5,21,7,23,8,23,7,22,6,19,7,16,7]"
CSI_DATA,263762,d8:b1:90:d9:de:f0,-65,11,-99,-36,67,56,-451541529,100,0,114,0,"[-31,17,-35,17,-37,16,-40,15,-40,15,-40,14,-39,11,-37,11,-34,10,-33,10,-29,9,-29,9,-29,10,-27,11,-27,12,-26,11,-28,12,-28,11,-28,14,-27,14,-27,15,-25,15,-25,14,-23,15,-23,14,-22,13,-22,14,-21,14,0,0,-22,14,-22,13,-23,13,-23,12,-25,11,-26,10,-25,9,-27,7,-27,7,-27,7,-26,5,-25,3,-24,4,-21,2,-23,1,-21,2,-21,0,-21,1,-20,0,-22,-2,-23,-2,-22,-2,-21,-2,-23,-4,-23,-4,-22,-5,-19,-5,-16,-6]"
CSI_DATA,263763,d8:b1:90:d9:de:f0,-65,11,-99,-36,67,56,-451521658,100,0,114,0,"[8,33,8,37,9,40,6,41,6,42,4,42,4,39,4,38,4,34,4,33,5,31,5,31,5,29,7,29,8,29,9,28,9,29,10,29,11,30,11,27,13,28,13,27,13,27,13,25,13,24,13,24,14,23,14,23,0,0,13,22,13,22,14,24,13,24,13,25,12,26,12,26,10,27,11,26,10,24,9,25,7,25,8,22,7,21,6,21,5,20,5,20,4,19,6,19,4,19,3,20,5,21,5,23,3,21,3,19,2,20,1,20,1,17]"
CSI_DATA,263764,d8:b1:90:d9:de:f0,-65,11,-99,-36,67,56,-451511625,100,0,114,0,"[-4,34,-8,36,-10,39,-11,39,-13,40,-13,38,-15,36,-15,33,-14,32,-14,30,-12,29,-13,28,-13,28,-13,28,-13,27,-12,27,-12,28,-13,29,-11,29,-12,28,-12,28,-11,29,-11,28,-10,28,-12,26,-11,24,-11,24,-13,25,0,0,-10,23,-12,24,-13,24,-15,24,-15,24,-17,24,-16,23,-18,23,-19,19,-20,19,-19,17,-18,15,-19,14,-17,11,-19,13,-18,10,-17,10,-18,9,-18,9,-19,8,-19,8,-19,8,-19,8,-20,5,-20,3,-19,3,-18,3,-16,2]"
CSI_DATA,263765,d8:b1:90:d9:de:f0,-65,11,-99,-36,67,56,-451501398,100,0,114,0,"[-30,15,-35,15,-37,15,-39,14,-39,14,-38,14,-36,12,-34,13,-32,12,-33,12,-29,12,-30,12,-28,13,-26,13,-27,14,-27,15,-26,16,-26,17,-26,18,-25,19,-26,20,-25,21,-23,20,-23,21,-21,19,-20,20,-19,19,-20,19,0,0,-19,20,-19,20,-19,20,-19,20,-19,20,-20,20,-21,20,-22,20,-22,18,-21,18,-20,17,-20,15,-18,14,-17,13,-17,12,-17,11,-16,12,-16,12,-16,12,-17,11,-18,11,-18,11,-16,12,-17,11,-19,10,-18,9,-15,8,-13,7]"
CSI_DATA,263766,d8:b1:90:d9:de:f0,-66,11,-99,-34,67,56,-451481703,100,0,114,0,"[11,31,12,33,13,36,11,36,13,39,13,35,12,34,11,31,12,30,13,30,13,27,14,27,14,25,15,25,16,24,17,23,18,22,20,23,20,21,22,19,22,18,22,18,22,17,23,16,22,15,22,14,22,12,23,11,0,0,23,11,23,11,23,11,24,10,23,11,24,11,24,11,25,12,25,11,24,12,22,12,21,11,20,11,18,10,17,8,16,7,16,6,15,6,16,7,15,7,16,6,16,7,16,8,17,8,17,7,16,6,15,7,12,6]"
CSI_DATA,263767,d8:b1:90:d9:de:f0,-66,11,-99,-34,67,56,-451471608,100,0,114,0,"[13,29,13,33,13,36,12,37,11,37,10,38,9,35,8,34,8,33,8,31,8,30,8,29,8,27,8,27,9,27,10,28,11,28,11,27,12,28,13,26,14,28,14,26,14,26,14,25,14,23,14,23,13,23,13,22,0,0,12,23,12,21,13,24,12,23,12,24,12,25,10,25,10,26,8,23,8,23,6,23,6,22,5,21,5,20,3,18,2,19,3,17,1,18,2,17,1,17,1,17,1,18,1,19,0,18,0,16,0,16,0,16,0,15]"
CSI_DATA,263768,d8:b1:90:d9:de:f0,-65,11,-99,-36,67,56,-451451651,100,0,114,0,"[20,-28,23,-31,25,-32,27,-31,28,-31,27,-29,27,-28,25,-26,24,-24,22,-24,21,-24,20,-23,19,-24,18,-25,16,-25,17,-26,17,-26,17,-26,15,-26,14,-27,13,-27,13,-27,12,-27,10,-27,10,-27,8,-26,8,-26,7,-25,0,0,9,-25,7,-26,8,-26,9,-27,8,-26,11,-28,10,-27,10,-27,12,-26,12,-25,11,-24,9,-22,9,-21,8,-19,9,-18,8,-16,9,-16,9,-15,9,-15,9,-15,8,-16,8,-17,8,-16,8,-16,10,-15,9,-14,8,-14,7,-12]"
CSI_DATA,263769,d8:b1:90:d9:de:f0,-65,11,-99,-36,67,56,-451441645,100,0,114,0,"[-11,-32,-10,-36,-8,-40,-6,-41,-6,-42,-5,-40,-2,-39,-2,-37,-1,-35,0,-33,-1,-31,0,-30,0,-30,-1,-31,-1,-30,-1,-31,-1,-30,-1,-31,-1,-32,-1,-31,-2,-31,-2,-30,-2,-30,-3,-29,-2,-29,-2,-28,-2,-27,-2,-26,0,0,0,-26,0,-28,0,-27,2,-28,1,-28,3,-29,4,-28,4,-29,6,-26,7,-26,7,-25,6,-23,8,-21,8,-20,8,-19,7,-16,8,-16,9,-14,8,-15,9,-15,10,-15,10,-16,10,-16,11,-14,10,-11,11,-11,10,-11,10,-9]"
CSI_DATA,263770,d8:b1:90:d9:de:f0,-66,11,-99,-34,67,56,-451431446,100,0,114,0,"[-28,14,-32,16,-33,15,-36,15,-35,15,-35,15,-33,13,-33,12,-30,12,-29,12,-27,11,-25,12,-26,13,-25,13,-25,15,-24,16,-24,16,-24,17,-25,19,-22,19,-22,19,-20,20,-19,19,-18,19,-19,20,-17,20,-16,19,-16,20,0,0,-16,19,-15,19,-16,21,-16,21,-16,22,-17,21,-17,21,-18,20,-17,20,-18,19,-16,19,-16,16,-15,16,-14,16,-14,14,-13,14,-12,13,-13,13,-12,12,-12,12,-12,13,-11,13,-10,13,-12,13,-13,12,-11,12,-9,11,-8,10]"
CSI_DATA,263771,d8:b1:90:d9:de:f0,-66,11,-99,-34,67,56,-451411594,100,0,114,0,"[-13,28,-16,31,-17,33,-18,33,-17,33,-16,32,-16,31,-16,28,-15,29,-15,27,-12,26,-12,26,-11,27,-9,28,-7,28,-6,28,-5,28,-5,29,-2,29,-3,30,0,30,0,29,0,28,2,27,2,28,3,26,4,26,4,25,0,0,6,26,7,25,6,25,8,26,8,28,8,28,8,28,7,29,7,27,6,26,7,24,7,24,6,21,6,19,5,19,5,16,6,17,5,16,5,16,5,16,6,16,8,16,9,16,8,15,6,13,6,13,6,13,6,10]"
CSI_DATA,263772,d8:b1:90:d9:de:f0,-66,11,-99,-37,68,56,-451401446,100,0,114,0,"[-17,-24,-18,-28,-18,-31,-17,-32,-16,-33,-13,-31,-12,-31,-11,-29,-11,-28,-11,-28,-11,-26,-10,-24,-11,-25,-11,-24,-11,-24,-12,-23,-12,-23,-12,-25,-13,-23,-13,-23,-12,-24,-13,-23,-15,-22,-14,-22,-14,-21,-13,-21,-13,-19,-13,-19,0,0,-15,-21,-13,-22,-13,-22,-14,-22,-14,-23,-13,-25,-14,-23,-12,-24,-12,-23,-11,-23,-10,-22,-9,-21,-7,-21,-8,-18,-6,-17,-5,-16,-5,-15,-3,-14,-5,-15,-4,-16,-5,-16,-4,-16,-6,-17,-5,-16,-4,-13,-3,-12,-3,-13,-3,-11]"
CSI_DATA,263773,d8:b1:90:d9:de:f0,-66,11,-99,-34,67,56,-451381520,100,0,114,0,"[18,-25,21,-26,23,-27,25,-26,27,-28,26,-26,27,-26,25,-23,23,-22,21,-21,20,-20,20,-20,20,-19,18,-21,17,-22,17,-21,17,-21,18,-23,16,-23,16,-25,14,-24,14,-24,14,-25,12,-24,12,-25,11,-24,10,-23,9,-22,0,0,11,-24,10,-22,10,-24,12,-26,11,-25,12,-25,12,-27,13,-26,13,-24,14,-25,12,-24,12,-21,11,-19,10,-19,11,-16,9,-16,8,-16,8,-15,8,-15,9,-15,8,-14,8,-15,6,-16,7,-15,8,-14,7,-13,6,-13,4,-10]"
CSI_DATA,263774,d8:b1:90:d9:de:f0,-66,11,-99,-35,68,56,-451371408,100,0,114,0,"[-28,-8,-31,-12,-32,-14,-32,-16,-30,-18,-28,-17,-27,-19,-25,-18,-23,-17,-22,-18,-20,-17,-20,-17,-19,-15,-19,-16,-19,-17,-19,-18,-19,-17,-19,-17,-20,-16,-20,-17,-19,-17,-20,-15,-19,-15,-19,-15,-19,-16,-19,-15,-19,-16,-17,-15,0,0,-17,-16,-18,-17,-17,-17,-17,-19,-16,-20,-17,-21,-17,-22,-15,-22,-13,-22,-12,-22,-11,-20,-10,-22,-8,-20,-7,-19,-7,-17,-6,-16,-6,-17,-5,-13,-5,-15,-5,-15,-5,-16,-3,-16,-4,-16,-4,-15,-4,-13,-4,-12,-1,-12,-2,-11]"
CSI_DATA,263775,d8:b1:90:d9:de:f0,-66,11,-99,-35,68,56,-451351186,100,0,114,0,"[29,4,32,6,32,6,32,9,34,11,31,12,31,13,27,12,26,12,25,12,23,11,23,12,23,12,22,12,22,12,22,12,23,12,25,12,23,11,24,11,24,12,23,12,23,12,22,11,22,10,21,10,21,10,20,9,0,0,22,12,21,12,21,12,23,13,21,14,21,16,22,16,21,19,20,17,20,19,18,18,16,18,15,16,13,15,13,16,12,14,12,13,11,12,11,14,10,14,10,14,10,13,10,15,10,14,10,13,9,12,7,12,5,9]"
CSI_DATA,263776,d8:b1:90:d9:de:f0,-66,11,-99,-35,68,56,-451331524,100,0,114,0,"[-24,15,-26,15,-30,15,-29,14,-32,14,-30,13,-30,11,-28,9,-26,10,-25,9,-23,9,-24,8,-23,9,-22,8,-21,10,-23,10,-22,9,-24,11,-22,11,-22,12,-21,11,-22,12,-20,11,-20,12,-21,12,-19,12,-19,12,-20,13,0,0,-18,11,-19,13,-19,12,-23,12,-21,12,-25,13,-25,13,-25,12,-25,11,-25,11,-25,10,-22,8,-21,7,-19,7,-19,6,-18,6,-18,6,-17,6,-18,6,-18,6,-17,6,-16,6,-17,6,-16,6,-16,6,-16,5,-13,5,-12,4]"
CSI_DATA,263777,d8:b1:90:d9:de:f0,-67,11,-99,-34,68,56,-451311645,100,0,114,0,"[-26,-8,-28,-10,-30,-12,-31,-13,-31,-14,-30,-14,-28,-14,-26,-12,-24,-10,-22,-10,-22,-10,-22,-9,-21,-9,-22,-9,-21,-8,-21,-7,-22,-7,-22,-6,-24,-5,-23,-4,-23,-4,-23,-3,-21,-3,-22,-2,-21,-2,-21,-2,-21,-1,-22,-1,0,0,-22,0,-23,-1,-23,0,-25,-1,-26,0,-26,-2,-26,-1,-26,-3,-26,-3,-26,-3,-25,-4,-22,-4,-22,-4,-21,-3,-19,-3,-18,-3,-18,-3,-18,0,-17,-1,-17,-1,-19,-1,-18,-1,-19,-3,-17,-2,-18,-1,-17,0,-15,-2,-13,-1]"
CSI_DATA,263778,d8:b1:90:d9:de:f0,-66,11,-99,-34,68,56,-451301431,100,0,114,0,"[15,-24,18,-26,22,-26,24,-26,25,-23,26,-21,25,-19,24,-18,23,-15,22,-15,21,-14,20,-12,20,-13,20,-14,20,-13,19,-12,21,-13,20,-13,21,-13,20,-13,19,-13,20,-12,20,-11,19,-12,20,-12,17,-10,18,-10,20,-11,0,0,19,-10,19,-10,21,-10,22,-9,23,-9,25,-8,25,-6,26,-5,27,-4,25,-5,25,-3,22,-1,23,-1,21,0,21,0,19,0,18,0,17,0,18,1,19,1,21,2,19,2,17,2,19,2,19,4,18,4,15,3,13,3]"
CSI_DATA,263779,d8:b1:90:d9:de:f0,-67,11,-99,-37,69,56,-451278328,100,0,114,0,"[-26,5,-30,4,-32,3,-33,1,-34,0,-31,-3,-31,-1,-28,-2,-26,-3,-25,-2,-23,-2,-22,-3,-22,-2,-22,-3,-22,-4,-22,-4,-22,-3,-22,-3,-22,-2,-21,-2,-22,-3,-22,-3,-22,-1,-21,-1,-21,-2,-20,-2,-19,-1,-20,-2,0,0,-20,-2,-20,-4,-21,-4,-22,-6,-22,-7,-22,-8,-22,-8,-23,-10,-22,-11,-22,-11,-21,-13,-17,-13,-17,-12,-16,-12,-16,-13,-14,-12,-14,-12,-13,-10,-14,-11,-14,-12,-14,-13,-13,-13,-13,-13,-13,-13,-13,-13,-12,-13,-9,-13,-8,-11]"
CSI_DATA,263780,d8:b1:90:d9:de:f0,-67,11,-99,-37,69,56,-451261618,100,0,114,0,"[-24,15,-26,16,-29,15,-30,13,-30,13,-27,12,-27,10,-25,10,-23,8,-23,8,-22,8,-20,8,-20,8,-20,8,-19,8,-18,8,-19,9,-20,11,-18,10,-19,11,-17,10,-17,12,-17,10,-17,11,-17,12,-15,11,-16,12,-16,12,0,0,-18,11,-17,12,-18,12,-21,13,-20,12,-21,11,-22,13,-22,11,-22,11,-23,11,-22,9,-21,7,-22,8,-20,6,-19,7,-18,5,-18,5,-17,6,-17,6,-18,6,-19,6,-19,5,-19,6,-19,5,-20,4,-18,4,-17,3,-15,4]"
CSI_DATA,263781,d8:b1:90:d9:de:f0,-67,11,-99,-34,68,56,-451251285,100,0,114,0,"[-12,26,-14,28,-16,29,-17,30,-16,30,-16,29,-14,27,-14,26,-13,26,-11,23,-10,22,-9,22,-9,21,-7,21,-5,21,-5,21,-5,23,-3,22,-2,23,0,22,0,22,0,22,1,22,2,21,1,21,2,21,3,21,3,21,0,0,5,20,5,22,6,21,6,21,6,23,7,24,7,24,6,25,6,24,6,23,5,23,6,23,6,21,6,21,5,19,5,18,6,18,6,16,8,16,7,18,8,18,9,19,10,19,10,20,9,19,8,18,8,18,5,15]"
CSI_DATA,263782,d8:b1:90:d9:de:f0,-67,11,-99,-34,68,56,-451231361,100,0,114,0,"[-30,-2,-31,-2,-33,-3,-33,-4,-35,-4,-32,-3,-31,-3,-29,-1,-27,0,-26,0,-24,0,-24,1,-23,2,-22,3,-22,5,-21,5,-21,6,-21,7,-21,7,-20,10,-19,10,-18,11,-17,12,-15,13,-16,14,-15,13,-15,15,-14,13,0,0,-14,16,-14,17,-14,17,-15,19,-14,19,-15,20,-14,20,-15,21,-13,20,-14,21,-13,21,-12,18,-11,18,-10,17,-9,17,-10,17,-8,16,-8,17,-7,17,-7,20,-7,20,-6,20,-5,21,-6,22,-8,22,-6,20,-5,19,-5,17]"
CSI_DATA,263783,d8:b1:90:d9:de:f0,-67,11,-99,-34,68,56,-451211475,100,0,114,0,"[2,-27,5,-30,7,-32,9,-33,10,-32,10,-29,10,-28,10,-26,10,-25,10,-23,10,-22,10,-21,9,-20,8,-21,8,-20,8,-21,8,-21,8,-20,8,-20,8,-21,9,-20,8,-21,8,-20,7,-21,6,-20,6,-20,6,-19,8,-19,0,0,8,-19,8,-20,8,-21,9,-21,10,-21,11,-22,12,-21,14,-21,14,-21,14,-20,13,-19,14,-18,14,-16,13,-16,13,-14,13,-14,12,-14,12,-13,13,-15,15,-14,15,-14,15,-15,15,-15,16,-14,18,-13,18,-12,16,-10,15,-9]"
CSI_DATA,263784,d8:b1:90:d9:de:f0,-67,11,-99,-37,69,56,-451191555,100,0,114,0,"[-5,-25,-4,-28,-3,-31,-2,-32,-1,-31,0,-29,0,-28,0,-26,0,-25,1,-23,0,-22,1,-22,0,-22,0,-21,0,-21,0,-21,0,-22,0,-22,-1,-22,-2,-21,-2,-22,-2,-22,-2,-20,-2,-21,-2,-21,-3,-19,-2,-21,-1,-19,0,0,-3,-20,-2,-21,-2,-22,-3,-21,-2,-23,-1,-24,-1,-24,0,-25,0,-24,0,-25,0,-23,0,-22,0,-22,0,-21,0,-19,1,-19,1,-20,2,-18,1,-20,2,-21,1,-21,1,-22,2,-23,2,-22,4,-21,4,-19,4,-19,4,-17]"
CSI_DATA,263785,d8:b1:90:d9:de:f0,-67,11,-99,-33,68,56,-451171641,100,0,114,0,"[-17,20,-19,22,-21,23,-23,22,-22,22,-23,21,-22,18,-20,18,-19,17,-18,16,-17,14,-17,13,-16,14,-15,15,-14,16,-14,16,-14,16,-15,16,-14,17,-13,17,-13,17,-13,17,-13,17,-10,17,-11,17,-11,17,-10,17,-11,17,0,0,-11,17,-10,18,-11,19,-12,19,-12,20,-13,20,-13,21,-14,21,-15,19,-15,20,-14,18,-13,18,-13,17,-12,17,-13,17,-13,16,-11,15,-10,15,-10,16,-12,17,-12,17,-12,17,-11,17,-13,17,-13,16,-13,15,-12,14,-11,12]"
CSI_DATA,263786,d8:b1:90:d9:de:f0,-67,11,-99,-34,68,56,-451161551,100,0,114,0,"[21,19,21,22,21,25,19,27,20,27,16,27,15,28,13,26,11,25,10,23,10,21,10,21,9,21,8,21,9,21,10,21,9,21,9,21,9,21,10,21,8,21,8,21,8,21,8,20,8,20,6,21,7,19,7,18,0,0,6,19,6,21,5,21,5,21,5,24,4,25,3,25,1,25,2,25,1,24,0,24,0,23,0,22,-2,22,0,21,-1,20,-2,20,-2,19,-2,20,-3,19,-3,19,-4,20,-5,20,-5,21,-5,18,-5,17,-8,16,-6,14]"
CSI_DATA,263787,d8:b1:90:d9:de:f0,-67,11,-99,-37,69,56,-451151441,100,0,114,0,"[22,-16,26,-16,27,-17,29,-16,28,-15,27,-14,26,-13,25,-12,22,-13,22,-11,21,-11,20,-11,20,-11,19,-11,19,-12,18,-11,17,-13,19,-13,17,-13,18,-15,17,-15,16,-16,15,-14,14,-14,16,-13,14,-14,14,-13,13,-14,0,0,13,-15,13,-16,13,-16,15,-16,14,-17,16,-17,16,-17,17,-17,17,-17,17,-17,17,-17,15,-16,15,-15,14,-14,13,-13,13,-13,13,-13,13,-14,13,-14,13,-14,14,-16,13,-14,13,-15,14,-14,16,-14,15,-12,13,-11,11,-11]"
CSI_DATA,263788,d8:b1:90:d9:de:f0,-67,11,-99,-37,69,56,-451141381,100,0,114,0,"[-1,27,-2,31,-5,33,-6,34,-8,31,-8,30,-8,29,-8,27,-8,26,-9,23,-8,22,-8,21,-8,22,-8,21,-8,20,-8,20,-8,22,-8,21,-8,20,-7,22,-7,22,-7,21,-8,20,-7,20,-8,18,-6,19,-8,17,-8,19,0,0,-8,18,-8,18,-10,20,-10,19,-10,20,-12,21,-13,20,-13,20,-15,18,-14,17,-14,18,-13,17,-13,14,-13,15,-14,13,-14,12,-13,13,-13,12,-15,13,-15,12,-15,11,-16,13,-14,11,-16,11,-18,8,-16,7,-14,7,-13,5]"
CSI_DATA,263789,d8:b1:90:d9:de:f0,-67,11,-99,-36,69,56,-451121643,100,0,114,0,"[2,-28,3,-30,4,-32,6,-32,7,-32,7,-30,8,-30,8,-27,7,-26,7,-25,6,-23,7,-23,6,-22,5,-22,4,-23,5,-23,4,-22,4,-23,4,-22,3,-22,3,-22,2,-22,2,-22,2,-20,1,-21,1,-20,1,-19,1,-19,0,0,2,-19,2,-21,2,-21,2,-21,3,-22,4,-23,4,-23,6,-23,5,-22,7,-22,7,-21,6,-20,7,-19,6,-18,6,-17,7,-15,7,-15,7,-14,7,-15,7,-15,7,-15,7,-16,7,-17,8,-16,8,-15,8,-13,7,-11,7,-10]"
CSI_DATA,263790,d8:b1:90:d9:de:f0,-67,11,-99,-35,69,56,-451111591,100,0,114,0,"[27,9,27,10,30,10,30,11,31,12,30,10,29,11,27,10,25,7,24,7,23,5,23,4,23,4,22,3,21,2,23,0,23,0,23,0,22,-2,23,-3,21,-3,22,-5,20,-5,20,-7,21,-6,19,-6,17,-7,19,-7,0,0,17,-8,17,-10,17,-10,19,-10,19,-10,20,-11,19,-11,18,-10,19,-10,19,-10,17,-10,16,-10,16,-10,14,-10,16,-10,14,-8,13,-10,13,-10,13,-10,13,-10,13,-11,13,-10,13,-11,13,-10,13,-11,13,-10,10,-9,9,-7]"
CSI_DATA,263791,d8:b1:90:d9:de:f0,-67,11,-99,-36,69,56,-451091509,100,0,114,0,"[27,-7,30,-6,33,-3,34,-2,34,-1,33,0,31,1,30,2,27,1,25,2,25,3,23,3,23,2,23,3,22,3,23,3,23,3,23,3,23,3,23,2,21,3,23,2,20,2,22,3,22,3,20,3,19,3,19,3,0,0,20,4,19,4,19,5,20,6,19,7,20,9,20,8,21,11,20,12,19,11,18,12,17,13,15,13,15,13,13,11,12,13,11,12,11,11,11,12,11,12,11,14,9,15,9,15,10,15,9,15,7,14,4,14,4,11]"
CSI_DATA,263792,d8:b1:90:d9:de:f0,-67,11,-99,-34,68,56,-451081519,100,0,114,0,"[-24,16,-26,17,-29,18,-31,18,-31,17,-31,16,-29,15,-28,14,-24,14,-24,14,-23,13,-21,12,-21,13,-20,13,-19,13,-19,15,-18,15,-18,15,-18,15,-16,15,-15,16,-15,17,-15,15,-13,17,-14,16,-12,16,-12,16,-12,15,0,0,-11,16,-12,16,-11,17,-12,16,-12,18,-14,17,-13,18,-15,19,-15,18,-16,18,-15,17,-14,15,-14,14,-13,14,-13,12,-13,12,-11,12,-12,12,-10,13,-12,13,-13,14,-12,13,-11,13,-13,12,-13,11,-13,10,-10,10,-9,8]"
CSI_DATA,263793,d8:b1:90:d9:de:f0,-67,11,-99,-36,69,56,-451066112,100,0,114,0,"[-11,24,-12,27,-14,27,-17,28,-16,27,-18,24,-17,23,-16,23,-15,21,-16,19,-14,19,-14,19,-13,16,-13,16,-12,16,-11,17,-12,19,-12,18,-13,19,-11,18,-11,19,-10,19,-11,18,-9,18,-10,17,-8,18,-9,17,-9,15,0,0,-9,17,-10,16,-11,18,-11,17,-11,18,-13,19,-13,18,-14,19,-15,16,-15,17,-15,16,-13,15,-14,14,-12,13,-13,11,-13,11,-12,9,-13,11,-14,11,-14,11,-14,10,-14,11,-13,10,-14,9,-14,8,-13,7,-12,7,-11,5]"
CSI_DATA,263794,d8:b1:90:d9:de:f0,-67,11,-99,-34,68,56,-451051588,100,0,114,0,"[-28,5,-31,5,-34,2,-32,0,-35,0,-33,0,-31,0,-29,-1,-27,0,-26,0,-25,-1,-26,-1,-24,0,-23,0,-23,0,-22,0,-23,0,-25,0,-23,0,-24,0,-23,0,-23,2,-23,0,-21,2,-22,1,-20,0,-21,0,-21,0,0,0,-20,0,-21,0,-22,0,-23,0,-22,0,-24,-1,-24,0,-24,-2,-25,-2,-24,-3,-23,-3,-21,-5,-20,-5,-19,-5,-18,-4,-17,-5,-17,-5,-16,-4,-18,-4,-18,-4,-18,-5,-17,-5,-17,-7,-16,-6,-17,-7,-14,-6,-14,-5,-10,-5]"
CSI_DATA,263795,d8:b1:90:d9:de:f0,-67,11,-99,-35,68,56,-451041324,100,0,114,0,"[12,26,12,29,12,32,11,33,10,33,9,32,8,31,9,30,9,27,9,25,9,25,9,23,11,21,11,22,12,21,12,20,13,21,13,22,15,21,16,19,15,19,16,18,17,17,17,15,17,15,17,14,17,14,18,13,0,0,16,12,18,12,19,12,19,13,19,14,21,14,21,15,20,15,22,13,20,14,19,13,19,13,19,12,17,10,16,10,15,10,15,9,15,8,16,7,15,8,16,7,17,9,18,10,15,8,15,7,15,7,12,8,11,6]"
CSI_DATA,263796,d8:b1:90:d9:de:f0,-66,11,-99,-37,68,56,-451021500,100,0,114,0,"[-9,-31,-11,-33,-10,-34,-9,-36,-11,-36,-11,-36,-9,-33,-10,-32,-11,-29,-11,-28,-11,-25,-11,-24,-12,-23,-13,-22,-13,-22,-13,-21,-15,-21,-17,-21,-19,-21,-19,-18,-20,-19,-20,-16,-19,-15,-20,-13,-21,-13,-22,-12,-20,-11,-21,-10,0,0,-21,-10,-22,-9,-23,-9,-24,-8,-25,-10,-25,-9,-25,-9,-24,-9,-24,-8,-24,-6,-22,-6,-22,-6,-21,-6,-20,-5,-19,-2,-19,-2,-18,-1,-19,-1,-18,-1,-17,-1,-18,0,-17,0,-18,0,-19,0,-17,0,-15,0,-14,0,-13,0]"
CSI_DATA,263797,d8:b1:90:d9:de:f0,-66,11,-99,-34,67,56,-451001622,100,0,114,0,"[-31,13,-34,12,-37,10,-39,9,-39,7,-38,6,-37,4,-36,2,-33,2,-32,1,-30,1,-29,0,-28,1,-28,1,-27,0,-27,1,-28,1,-29,1,-29,2,-29,3,-27,2,-27,2,-27,2,-25,2,-26,2,-25,1,-24,2,-24,1,0,0,-25,0,-24,0,-24,0,-25,0,-26,-1,-25,-2,-25,-3,-27,-4,-26,-4,-26,-4,-24,-5,-21,-5,-21,-5,-19,-5,-19,-6,-17,-5,-16,-4,-16,-5,-16,-5,-16,-6,-16,-6,-16,-7,-14,-7,-16,-7,-16,-8,-13,-8,-11,-7,-10,-6]"
CSI_DATA,263798,d8:b1:90:d9:de:f0,-65,11,-99,-36,67,56,-450991524,100,0,114,0,"[-15,-30,-15,-34,-14,-37,-15,-37,-16,-40,-15,-38,-14,-38,-13,-34,-14,-32,-14,-31,-13,-29,-13,-29,-13,-28,-14,-27,-14,-26,-15,-25,-16,-25,-18,-26,-18,-24,-19,-23,-19,-21,-20,-21,-20,-20,-19,-19,-21,-19,-19,-18,-20,-18,-19,-15,0,0,-20,-15,-20,-14,-19,-15,-22,-16,-21,-16,-22,-17,-22,-16,-22,-17,-22,-15,-21,-16,-20,-15,-19,-16,-17,-15,-18,-13,-17,-12,-15,-10,-15,-11,-14,-9,-15,-8,-15,-8,-17,-8,-16,-9,-16,-10,-16,-10,-14,-8,-14,-7,-13,-8,-10,-6]"
CSI_DATA,263799,d8:b1:90:d9:de:f0,-66,11,-99,-34,67,56,-450981346,100,0,114,0,"[-7,33,-10,34,-13,37,-16,37,-16,38,-17,36,-17,33,-17,32,-16,29,-16,28,-16,26,-16,26,-16,26,-15,25,-15,25,-15,26,-14,26,-14,26,-14,27,-13,27,-11,25,-11,25,-12,25,-10,24,-11,23,-10,23,-11,23,-12,22,0,0,-11,22,-11,21,-11,22,-13,22,-14,22,-15,22,-15,21,-15,22,-16,19,-16,18,-16,17,-15,17,-15,16,-14,16,-14,12,-12,13,-12,12,-12,12,-11,10,-12,10,-13,10,-13,12,-12,11,-12,10,-13,8,-13,8,-11,8,-10,7]"
CSI_DATA,263800,d8:b1:90:d9:de:f0,-66,11,-99,-34,67,56,-450961310,100,0,114,0,"[-30,16,-33,16,-35,16,-37,16,-39,15,-37,12,-37,11,-35,11,-33,10,-32,10,-28,9,-29,8,-28,9,-27,8,-27,10,-26,9,-27,10,-27,11,-26,11,-25,13,-24,12,-25,13,-23,13,-22,13,-23,12,-21,12,-19,12,-20,11,0,0,-22,12,-21,11,-22,10,-22,11,-22,11,-25,11,-23,10,-24,9,-23,9,-22,8,-22,7,-19,5,-18,5,-16,4,-16,4,-16,4,-15,3,-15,4,-15,4,-15,4,-16,4,-16,4,-15,3,-16,3,-16,2,-16,2,-13,2,-10,2]"
CSI_DATA,263801,d8:b1:90:d9:de:f0,-66,11,-99,-34,67,56,-450941456,100,0,114,0,"[-33,14,-36,13,-40,14,-42,12,-41,12,-40,10,-37,9,-36,9,-33,8,-33,8,-30,8,-29,9,-28,8,-29,9,-27,9,-27,10,-27,11,-27,12,-26,12,-25,13,-25,14,-24,15,-22,15,-21,15,-20,14,-18,14,-18,15,-19,15,0,0,-19,14,-18,15,-18,15,-18,15,-19,16,-19,15,-19,15,-20,14,-19,14,-19,14,-19,12,-16,11,-16,10,-16,11,-15,8,-14,8,-13,9,-13,9,-12,8,-14,10,-15,11,-13,11,-12,10,-14,10,-16,9,-15,9,-11,8,-10,7]"
CSI_DATA,263802,d8:b1:90:d9:de:f0,-65,9,-99,-37,67,56,-450928351,108,0,106,0,"[-5,15,-113,14,-60,15,88,14,-63,15,78,14,-32,15,122,14,-7,15,-75,14,19,0,4,15,4,0,63,15,-30,15,94,15,-48,15,129,15,-64,15,-131,15,-50,15,-108,15,-24,15,-55,15,-18,15,25,0,0,0,0,0,-91,15,-109,0,90,15,-73,0,21,15,-77,0,-5,14,-128,0,26,15,81,0,92,15,49,0,-100,15,40,0,-48,15,59,0,-32,15,74,0,-46,15,77,0,-68,15,55,0,-81,15,5,0,-59,15]"
CSI_DATA,263803,d8:b1:90:d9:de:f0,-66,11,-99,-34,67,56,-450911633,100,0,114,0,"[-33,15,-35,15,-39,15,-40,12,-39,12,-39,10,-36,7,-36,7,-32,7,-32,6,-28,7,-28,5,-28,6,-27,6,-27,6,-26,7,-27,7,-27,8,-28,8,-26,8,-27,9,-25,11,-25,10,-22,10,-23,10,-21,10,-21,10,-21,10,0,0,-22,9,-19,10,-22,10,-23,9,-23,9,-24,9,-24,8,-25,7,-23,8,-23,6,-23,5,-21,5,-19,4,-18,4,-18,3,-17,3,-16,3,-18,3,-16,3,-17,3,-18,2,-17,3,-16,2,-19,0,-19,0,-18,0,-16,0,-16,0]"
CSI_DATA,263804,d8:b1:90:d9:de:f0,-66,11,-99,-36,68,56,-450901315,100,0,114,0,"[-5,-32,-6,-35,-4,-38,-3,-39,-2,-39,-2,-37,-1,-35,-1,-33,-1,-30,-1,-29,-2,-27,-4,-27,-5,-25,-6,-26,-6,-24,-8,-24,-8,-25,-8,-25,-9,-24,-11,-23,-11,-24,-12,-23,-13,-21,-13,-20,-13,-19,-12,-18,-14,-16,-14,-16,0,0,-15,-16,-16,-16,-16,-16,-16,-16,-17,-17,-16,-17,-16,-16,-17,-18,-16,-16,-17,-16,-16,-15,-16,-15,-15,-14,-14,-13,-13,-13,-13,-11,-13,-11,-13,-8,-13,-9,-14,-10,-15,-9,-14,-10,-16,-10,-16,-10,-16,-9,-15,-9,-12,-10,-12,-9]"
CSI_DATA,263805,d8:b1:90:d9:de:f0,-66,11,-99,-37,68,56,-450890013,100,0,114,0,"[-5,33,-6,36,-8,39,-8,40,-9,39,-8,37,-8,36,-7,33,-5,33,-5,31,-4,29,-1,28,0,28,0,27,0,27,1,26,4,27,3,27,5,28,6,26,7,26,8,25,9,23,9,23,10,22,10,20,11,20,12,20,0,0,11,19,12,19,14,19,14,20,15,19,15,20,15,19,16,20,15,18,15,18,16,17,14,18,15,16,14,14,13,13,12,12,13,11,14,11,14,10,15,11,15,11,16,12,17,11,16,11,15,11,14,11,12,11,12,11]"
CSI_DATA,263806,d8:b1:90:d9:de:f0,-67,11,-99,-34,68,56,-450869760,100,0,114,0,"[24,16,26,18,28,20,28,20,29,20,28,20,26,18,25,17,25,15,23,13,22,12,23,11,23,11,23,9,23,9,22,7,24,5,26,6,25,4,25,2,25,2,25,0,23,0,23,-1,22,-1,21,-1,21,-2,21,-3,0,0,20,-5,19,-5,20,-5,21,-6,21,-5,21,-6,21,-8,22,-8,21,-10,21,-9,21,-9,19,-9,17,-9,17,-8,16,-9,16,-9,15,-10,15,-11,15,-10,15,-12,15,-11,15,-12,15,-10,15,-11,15,-12,15,-11,12,-9,10,-8]"
CSI_DATA,263807,d8:b1:90:d9:de:f0,-66,11,-99,-37,68,56,-450851578,100,0,114,0,"[-28,14,-32,15,-33,15,-34,14,-36,15,-33,13,-33,12,-31,11,-29,12,-27,11,-25,11,-23,12,-23,11,-22,12,-22,13,-21,15,-21,14,-22,14,-21,15,-21,17,-20,18,-20,18,-19,18,-16,18,-16,18,-15,17,-13,18,-14,17,0,0,-13,18,-14,20,-12,18,-13,22,-13,21,-15,22,-13,22,-14,22,-14,21,-13,22,-13,22,-11,21,-11,21,-10,19,-10,19,-10,17,-8,17,-8,17,-8,18,-7,18,-8,19,-7,19,-6,19,-8,18,-9,17,-9,15,-7,15,-7,13]"
CSI_DATA,263808,d8:b1:90:d9:de:f0,-66,11,-99,-36,68,56,-450841528,100,0,114,0,"[13,27,13,30,12,32,10,33,9,35,8,33,7,32,5,31,6,29,3,28,4,26,4,25,5,26,4,24,6,24,6,24,6,24,6,25,6,24,6,24,6,25,7,25,6,24,8,22,6,22,6,24,5,22,6,21,0,0,5,21,5,21,5,22,7,24,7,24,5,26,5,26,4,25,4,24,3,24,3,24,3,23,3,22,2,19,3,21,2,19,2,19,1,19,2,18,1,19,0,18,0,19,1,19,0,20,0,17,0,16,-1,17,-2,15]"
CSI_DATA,263809,d8:b1:90:d9:de:f0,-66,11,-99,-35,68,56,-450831492,100,0,114,0,"[-19,-22,-19,-24,-20,-26,-20,-27,-20,-27,-20,-26,-17,-25,-18,-25,-18,-22,-17,-22,-17,-20,-16,-19,-18,-19,-18,-17,-19,-17,-18,-16,-20,-15,-20,-14,-21,-15,-22,-12,-22,-13,-22,-12,-21,-11,-21,-10,-21,-11,-20,-8,-21,-7,-20,-6,0,0,-23,-6,-20,-6,-21,-6,-22,-5,-23,-5,-23,-6,-24,-4,-24,-5,-24,-3,-24,-2,-23,-2,-22,-1,-21,0,-20,-1,-19,0,-19,0,-18,0,-18,0,-19,1,-19,1,-19,2,-19,1,-19,2,-19,3,-19,3,-18,3,-15,1,-14,1]"
CSI_DATA,263810,d8:b1:90:d9:de:f0,-66,11,-99,-35,68,56,-450811576,100,0,114,0,"[15,25,14,27,14,32,12,32,12,34,11,32,7,32,6,31,6,27,4,28,4,25,3,25,3,25,2,25,1,25,3,25,2,25,2,27,2,26,2,26,2,26,2,26,1,25,2,25,1,23,0,24,0,22,0,22,0,0,0,21,0,23,0,23,-1,23,0,25,-2,25,-2,24,-4,25,-5,24,-5,23,-6,23,-5,21,-6,21,-6,19,-5,18,-6,17,-6,17,-6,16,-6,17,-7,17,-8,17,-7,18,-8,19,-8,17,-8,16,-9,14,-9,13,-7,12]"
CSI_DATA,263811,d8:b1:90:d9:de:f0,-66,11,-99,-36,68,56,-450801090,100,0,114,0,"[22,-20,25,-22,28,-23,30,-22,29,-20,30,-19,29,-17,27,-16,25,-16,24,-15,24,-14,23,-14,21,-14,22,-15,21,-14,22,-15,21,-16,23,-16,23,-16,21,-16,22,-17,22,-16,19,-16,19,-17,19,-16,16,-16,17,-16,17,-17,0,0,16,-16,16,-16,16,-16,17,-16,17,-16,17,-18,17,-16,17,-16,18,-16,18,-16,16,-16,16,-15,16,-14,16,-15,15,-13,14,-12,13,-12,13,-12,13,-12,15,-12,14,-13,16,-13,14,-12,14,-12,15,-13,13,-11,11,-10,9,-8]"
CSI_DATA,263812,d8:b1:90:d9:de:f0,-66,11,-99,-36,68,56,-450781434,100,0,114,0,"[23,-18,27,-18,29,-20,31,-20,30,-19,31,-19,29,-17,28,-16,24,-16,24,-16,22,-16,22,-16,22,-16,20,-16,19,-16,18,-16,18,-19,19,-19,19,-21,16,-19,17,-21,16,-22,14,-23,13,-22,13,-21,12,-20,11,-19,12,-23,0,0,9,-21,9,-22,9,-24,10,-23,8,-24,9,-24,8,-24,8,-24,8,-24,8,-23,7,-22,7,-22,6,-22,5,-20,4,-18,5,-18,4,-16,4,-17,3,-17,3,-18,3,-18,2,-18,2,-18,2,-19,3,-17,2,-16,1,-15,1,-14]"
CSI_DATA,263813,d8:b1:90:d9:de:f0,-66,11,-99,-37,68,56,-450771446,100,0,114,0,"[29,-11,33,-11,35,-10,36,-9,37,-8,37,-6,34,-4,33,-4,31,-2,30,-2,27,-2,26,-2,27,-2,27,-2,26,-2,27,-2,27,-4,28,-3,28,-4,28,-5,28,-5,27,-4,27,-5,26,-6,26,-4,24,-5,24,-5,24,-5,0,0,23,-5,24,-5,24,-4,26,-5,26,-4,26,-5,26,-4,25,-4,24,-3,24,-4,23,-4,22,-2,22,-1,21,-2,21,-1,19,-1,19,-2,19,-2,19,-1,19,-1,19,-1,18,-1,17,0,19,0,20,0,17,0,15,0,14,0]"
CSI_DATA,263814,d8:b1:90:d9:de:f0,-66,11,-99,-34,67,56,-450754234,100,0,114,0,"[-32,4,-35,4,-39,3,-40,1,-40,1,-38,0,-36,0,-35,0,-32,0,-31,-1,-30,0,-28,0,-29,0,-29,0,-28,0,-29,0,-30,1,-30,1,-30,1,-30,2,-29,3,-28,4,-28,3,-27,5,-25,5,-25,4,-25,5,-23,5,0,0,-25,6,-23,5,-24,6,-25,6,-25,6,-26,5,-26,5,-25,5,-25,6,-25,5,-23,4,-21,4,-20,4,-19,4,-19,2,-19,2,-17,2,-18,3,-18,3,-17,3,-17,4,-17,2,-16,2,-18,1,-19,2,-16,1,-15,1,-13,1]"
CSI_DATA,263815,d8:b1:90:d9:de:f0,-66,11,-99,-34,67,56,-450741535,100,0,114,0,"[33,2,34,5,36,8,37,10,37,11,37,13,34,14,33,14,30,12,29,14,27,13,26,13,25,14,26,14,25,14,25,14,27,14,27,14,28,14,26,12,27,14,27,13,25,13,25,12,24,12,22,12,22,12,21,12,0,0,21,10,22,13,22,13,22,13,22,15,22,15,22,16,21,16,20,16,19,15,18,16,16,16,15,15,14,15,13,13,14,13,12,13,12,13,12,13,11,13,11,13,11,15,10,16,10,15,10,15,8,14,6,13,5,12]"
CSI_DATA,263816,d8:b1:90:d9:de:f0,-66,11,-99,-35,67,56,-450717437,100,0,114,0,"[-7,-33,-7,-36,-6,-38,-5,-40,-6,-39,-6,-39,-5,-36,-6,-35,-5,-34,-5,-31,-6,-30,-7,-30,-8,-28,-9,-29,-11,-27,-11,-27,-12,-28,-13,-27,-15,-26,-17,-26,-17,-25,-19,-25,-17,-23,-19,-21,-17,-19,-17,-18,-18,-17,-20,-18,0,0,-18,-15,-20,-16,-21,-15,-21,-14,-22,-15,-22,-15,-22,-14,-23,-14,-22,-13,-22,-12,-21,-12,-20,-11,-18,-11,-18,-9,-16,-9,-16,-8,-15,-8,-14,-6,-15,-5,-14,-6,-15,-5,-15,-6,-15,-6,-16,-6,-14,-4,-14,-4,-12,-5,-11,-4]"
CSI_DATA,263817,d8:b1:90:d9:de:f0,-66,11,-99,-34,67,56,-450701652,100,0,114,0,"[-4,-33,-3,-37,0,-40,0,-40,0,-42,0,-40,2,-39,2,-36,0,-33,2,-33,0,-30,1,-31,0,-29,0,-29,-1,-30,0,-30,0,-31,-3,-31,-4,-31,-3,-30,-4,-29,-5,-29,-4,-28,-7,-27,-6,-26,-5,-26,-6,-25,-6,-23,0,0,-7,-24,-7,-24,-7,-24,-7,-25,-8,-25,-6,-26,-6,-25,-6,-25,-6,-24,-4,-24,-4,-21,-3,-22,-2,-21,-2,-19,-3,-17,-1,-16,-1,-16,-1,-15,-1,-15,-1,-16,-1,-15,-1,-16,-2,-16,-2,-16,-1,-13,0,-13,0,-14,0,-11]"
CSI_DATA,263818,d8:b1:90:d9:de:f0,-65,11,-99,-36,67,56,-450691603,100,0,114,0,"[-36,-5,-38,-7,-40,-10,-40,-13,-42,-14,-39,-15,-38,-17,-34,-17,-32,-16,-30,-16,-28,-14,-29,-16,-27,-17,-26,-15,-26,-16,-27,-16,-28,-16,-29,-16,-29,-16,-28,-17,-27,-16,-28,-15,-26,-16,-25,-14,-25,-15,-24,-15,-22,-15,-22,-13,0,0,-21,-14,-21,-14,-21,-14,-21,-17,-21,-18,-20,-18,-20,-18,-19,-18,-18,-18,-16,-19,-14,-19,-12,-19,-11,-16,-9,-16,-10,-16,-9,-15,-7,-15,-6,-13,-7,-13,-6,-14,-6,-14,-4,-14,-3,-15,-4,-16,-5,-14,-4,-12,-2,-12,-2,-11]"
CSI_DATA,263819,d8:b1:90:d9:de:f0,-66,11,-99,-34,67,56,-450681458,100,0,114,0,"[22,-26,24,-27,27,-29,29,-28,30,-28,30,-27,28,-24,28,-24,25,-23,25,-21,21,-21,21,-20,21,-20,20,-20,19,-22,18,-22,17,-23,17,-24,17,-24,16,-24,16,-25,15,-25,14,-25,11,-25,12,-24,13,-23,11,-22,11,-23,0,0,9,-22,9,-23,10,-24,9,-23,9,-24,9,-24,9,-24,9,-23,10,-22,10,-22,10,-20,8,-18,9,-16,9,-16,8,-15,9,-13,8,-13,8,-12,8,-12,9,-12,8,-12,7,-12,6,-11,9,-13,9,-11,9,-10,8,-10,6,-8]"
CSI_DATA,263820,d8:b1:90:d9:de:f0,-66,11,-99,-34,67,56,-450671436,100,0,114,0,"[-33,-6,-37,-9,-38,-13,-39,-16,-38,-17,-36,-18,-34,-19,-33,-18,-29,-16,-29,-16,-26,-17,-26,-16,-25,-16,-25,-16,-25,-16,-26,-15,-26,-16,-25,-15,-26,-16,-25,-15,-26,-16,-26,-15,-25,-15,-23,-14,-23,-14,-23,-13,-22,-12,-22,-10,0,0,-20,-14,-20,-13,-19,-14,-20,-15,-20,-16,-19,-16,-19,-16,-18,-17,-17,-16,-16,-16,-15,-16,-12,-16,-10,-16,-9,-16,-8,-15,-7,-15,-6,-14,-6,-13,-6,-13,-5,-13,-5,-14,-4,-14,-3,-14,-3,-15,-4,-14,-3,-14,0,-13,0,-10]"
CSI_DATA,263821,d8:b1:90:d9:de:f0,-66,11,-99,-34,67,56,-450651282,100,0,114,0,"[28,-20,33,-20,35,-20,37,-19,38,-18,36,-16,36,-14,34,-13,32,-13,32,-12,30,-10,29,-10,27,-10,26,-10,28,-8,27,-10,27,-10,27,-12,28,-12,27,-12,26,-13,26,-13,24,-12,23,-12,24,-11,21,-11,22,-11,22,-11,0,0,22,-10,20,-9,21,-9,23,-8,22,-8,23,-7,23,-7,24,-5,24,-4,23,-3,22,-1,19,0,18,0,16,0,16,1,16,2,15,1,15,2,15,2,15,3,16,4,14,5,14,5,14,5,14,7,13,7,10,6,8,5]"
CSI_DATA,263822,d8:b1:90:d9:de:f0,-66,11,-99,-37,68,56,-450631680,100,0,114,0,"[-22,-25,-24,-30,-24,-33,-24,-34,-21,-34,-21,-33,-18,-33,-18,-31,-18,-30,-17,-28,-16,-26,-15,-24,-14,-24,-16,-22,-17,-22,-16,-22,-18,-22,-18,-22,-18,-21,-18,-20,-20,-21,-19,-19,-19,-19,-18,-16,-18,-16,-17,-15,-17,-15,-19,-14,0,0,-16,-13,-16,-14,-17,-14,-16,-14,-17,-16,-15,-16,-16,-17,-15,-18,-13,-17,-12,-15,-11,-16,-10,-16,-9,-15,-8,-15,-6,-15,-7,-14,-5,-13,-5,-13,-5,-13,-4,-14,-5,-14,-3,-16,-5,-16,-3,-16,-2,-13,-3,-13,0,-13,0,-11]"
CSI_DATA,263823,d8:b1:90:d9:de:f0,-67,11,-99,-34,68,56,-450620433,100,0,114,0,"[-21,-22,-23,-26,-22,-29,-23,-31,-21,-30,-21,-31,-18,-30,-18,-28,-16,-25,-16,-23,-15,-23,-15,-21,-15,-20,-16,-20,-18,-19,-17,-19,-18,-19,-17,-17,-19,-17,-20,-15,-20,-15,-20,-15,-20,-14,-18,-12,-18,-11,-18,-11,-18,-10,-18,-10,0,0,-17,-10,-16,-10,-16,-10,-17,-10,-18,-12,-18,-12,-17,-12,-17,-13,-15,-12,-15,-12,-15,-12,-13,-14,-11,-12,-10,-13,-10,-12,-8,-11,-8,-11,-7,-11,-8,-11,-9,-11,-9,-11,-8,-13,-9,-13,-8,-15,-7,-13,-6,-12,-5,-12,-3,-10]"
CSI_DATA,263824,d8:b1:90:d9:de:f0,-67,11,-99,-37,69,56,-450601433,100,0,114,0,"[30,6,31,6,35,8,35,8,35,8,33,7,32,7,31,5,28,4,26,4,26,4,25,2,22,0,24,0,22,-1,22,-3,22,-4,22,-4,23,-6,22,-7,21,-7,20,-8,18,-8,18,-9,17,-11,16,-11,14,-10,14,-11,0,0,14,-13,15,-12,15,-13,16,-14,16,-14,17,-15,17,-14,17,-13,17,-13,17,-14,16,-14,15,-13,14,-13,13,-12,14,-11,12,-11,12,-11,12,-12,12,-12,12,-11,13,-12,11,-12,12,-12,12,-12,12,-12,12,-10,9,-9,10,-8]"
CSI_DATA,263825,d8:b1:90:d9:de:f0,-67,11,-99,-34,68,56,-450581462,100,0,114,0,"[27,-13,31,-13,34,-12,36,-10,35,-7,36,-8,33,-5,31,-4,28,-4,27,-4,26,-2,25,-1,25,-2,24,-1,23,-2,22,-1,25,-2,24,-1,24,-2,24,-2,23,-2,21,-2,21,-2,21,-3,20,-3,19,-2,19,-2,20,-3,0,0,20,0,18,0,20,0,22,1,22,1,22,2,22,4,23,5,23,6,23,5,21,6,20,7,19,7,18,6,17,8,17,8,15,7,16,8,15,9,16,10,16,10,15,10,15,11,15,12,15,12,13,12,10,11,10,11]"
CSI_DATA,263826,d8:b1:90:d9:de:f0,-67,11,-99,-36,69,56,-450560702,100,0,114,0,"[4,-27,4,-29,7,-33,7,-33,5,-32,6,-31,6,-29,3,-28,3,-27,3,-26,2,-24,0,-23,0,-23,0,-23,0,-23,-1,-23,-3,-23,-3,-21,-4,-22,-4,-21,-7,-21,-7,-20,-7,-20,-9,-19,-8,-18,-8,-17,-8,-16,-10,-15,0,0,-11,-15,-11,-16,-12,-16,-13,-16,-15,-18,-14,-18,-15,-17,-15,-17,-15,-16,-15,-15,-15,-16,-14,-15,-14,-15,-14,-14,-12,-12,-13,-12,-12,-11,-12,-10,-13,-10,-13,-9,-14,-9,-15,-9,-15,-9,-15,-9,-15,-8,-13,-7,-12,-7,-11,-7]"
CSI_DATA,263827,d8:b1:90:d9:de:f0,-66,11,-99,-33,67,56,-450540906,100,0,114,0,"[32,4,34,6,36,9,38,11,35,12,35,14,31,13,31,14,26,13,26,13,25,13,23,12,25,11,24,12,24,12,23,12,25,13,24,12,25,11,24,11,25,12,23,11,22,11,22,11,22,11,22,11,20,11,22,11,0,0,21,11,21,11,22,12,21,11,21,14,21,15,21,16,21,17,22,18,21,16,20,17,17,18,17,17,16,17,15,15,14,14,13,13,13,13,12,13,12,14,12,14,11,16,12,16,12,16,12,16,11,15,7,14,6,14]"
CSI_DATA,263828,d8:b1:90:d9:de:f0,-65,11,-99,-36,67,56,-450521608,100,0,114,0,"[-29,-20,-31,-23,-32,-25,-32,-26,-33,-29,-30,-27,-29,-27,-27,-26,-27,-23,-25,-23,-24,-20,-24,-21,-23,-19,-23,-18,-24,-18,-24,-17,-26,-16,-26,-17,-25,-15,-26,-15,-26,-15,-26,-14,-26,-13,-25,-11,-26,-11,-25,-11,-24,-10,-24,-9,0,0,-26,-9,-24,-8,-25,-8,-26,-8,-27,-9,-27,-10,-27,-9,-27,-11,-27,-9,-27,-10,-26,-10,-24,-10,-23,-10,-22,-9,-20,-8,-19,-7,-19,-6,-18,-6,-19,-6,-18,-6,-20,-5,-19,-7,-20,-8,-18,-8,-18,-6,-17,-6,-15,-7,-13,-6]"
CSI_DATA,263829,d8:b1:90:d9:de:f0,-65,11,-99,-37,67,56,-450511462,100,0,114,0,"[16,-31,20,-32,23,-33,25,-34,27,-34,26,-32,27,-29,26,-26,25,-25,24,-23,23,-22,23,-20,23,-20,23,-20,22,-20,21,-20,21,-20,24,-21,22,-21,22,-21,23,-20,22,-21,21,-19,19,-19,21,-20,20,-18,20,-17,21,-17,0,0,19,-16,20,-17,21,-16,22,-16,23,-16,24,-16,25,-15,25,-14,25,-14,26,-13,24,-11,23,-9,22,-8,21,-8,20,-7,20,-5,19,-5,19,-5,19,-5,20,-4,21,-4,19,-4,19,-4,18,-2,19,-1,17,0,15,-2,14,-1]"
CSI_DATA,263830,d8:b1:90:d9:de:f0,-65,11,-99,-35,67,56,-450491595,100,0,114,0,"[-3,34,-4,37,-6,40,-9,40,-9,40,-11,37,-12,36,-12,34,-11,32,-11,31,-10,29,-9,28,-10,28,-9,28,-9,30,-8,28,-7,29,-9,30,-7,29,-7,28,-6,28,-6,29,-6,27,-4,27,-5,27,-4,26,-3,26,-5,25,0,0,-5,24,-4,26,-5,26,-7,26,-6,26,-9,27,-8,26,-9,27,-9,25,-10,25,-9,23,-10,22,-10,21,-9,18,-10,18,-10,16,-10,17,-9,15,-10,16,-11,14,-11,14,-10,14,-9,15,-12,15,-12,13,-11,11,-10,11,-9,8]"
CSI_DATA,263831,d8:b1:90:d9:de:f0,-65,11,-99,-36,67,56,-450481158,100,0,114,0,"[25,-25,28,-27,31,-29,32,-28,33,-27,32,-28,30,-25,30,-24,26,-23,26,-23,23,-22,22,-23,21,-22,19,-23,18,-23,18,-24,18,-25,18,-26,17,-27,16,-26,14,-27,12,-27,12,-27,9,-26,10,-25,9,-25,8,-25,7,-24,0,0,8,-25,6,-25,7,-25,8,-26,8,-27,9,-27,7,-26,8,-27,8,-26,9,-25,8,-24,7,-22,7,-22,6,-21,7,-19,7,-19,6,-17,7,-17,7,-17,6,-18,7,-18,6,-20,4,-17,5,-18,7,-17,7,-15,6,-14,5,-12]"
CSI_DATA,263832,d8:b1:90:d9:de:f0,-65,11,-99,-36,67,56,-450451600,100,0,114,0,"[29,19,31,23,33,25,34,27,32,28,32,28,29,25,29,25,27,22,25,21,24,19,23,19,24,17,25,17,25,18,26,16,28,15,26,14,28,15,27,13,27,12,27,11,26,10,26,9,25,8,24,8,24,8,25,7,0,0,26,8,24,7,26,8,26,8,27,10,27,10,26,11,25,12,26,11,24,10,23,11,22,12,21,11,20,11,18,10,19,11,17,10,17,10,18,10,17,10,18,10,18,11,17,12,16,11,17,10,15,11,13,9,11,8]"
CSI_DATA,263833,d8:b1:90:d9:de:f0,-66,11,-99,-34,67,56,-450439483,100,0,114,0,"[-17,26,-22,28,-23,29,-27,29,-27,28,-28,28,-26,24,-27,24,-23,22,-22,22,-20,20,-19,18,-19,20,-18,19,-17,20,-17,19,-16,20,-17,20,-17,22,-16,21,-15,22,-15,22,-14,20,-12,21,-13,20,-14,19,-12,18,-13,19,0,0,-13,18,-13,19,-14,20,-15,20,-16,21,-16,21,-16,20,-18,20,-17,17,-18,16,-19,16,-17,16,-17,15,-16,14,-16,13,-16,12,-15,10,-16,11,-15,10,-16,10,-16,10,-16,11,-15,10,-16,9,-16,7,-15,7,-13,6,-12,5]"
CSI_DATA,263834,d8:b1:90:d9:de:f0,-66,11,-99,-34,67,56,-450421503,100,0,114,0,"[-9,33,-12,35,-16,35,-17,37,-17,35,-18,33,-18,31,-17,30,-17,28,-16,26,-16,25,-15,23,-14,23,-14,23,-13,23,-13,23,-13,24,-12,22,-14,24,-13,24,-12,24,-11,24,-11,23,-9,21,-11,22,-10,22,-11,22,-11,21,0,0,-13,20,-11,20,-13,21,-14,20,-16,21,-16,21,-17,21,-18,20,-19,19,-18,17,-18,16,-17,16,-17,16,-16,15,-16,13,-16,12,-16,11,-16,9,-16,10,-18,11,-18,9,-18,9,-17,10,-18,9,-18,6,-17,5,-16,5,-14,3]"
CSI_DATA,263835,d8:b1:90:d9:de:f0,-66,11,-99,-37,68,56,-450411398,100,0,114,0,"[20,-26,22,-28,25,-29,26,-28,25,-29,25,-28,24,-25,22,-25,20,-23,20,-22,17,-22,16,-22,15,-22,14,-22,12,-22,12,-22,11,-23,11,-24,11,-25,9,-24,8,-25,7,-26,6,-24,5,-22,5,-24,3,-23,3,-22,1,-22,0,0,4,-23,2,-22,3,-24,3,-25,1,-25,3,-25,3,-26,5,-27,4,-24,5,-24,3,-24,3,-24,5,-23,3,-22,4,-21,3,-20,2,-19,3,-18,2,-19,3,-20,2,-20,2,-20,0,-21,1,-21,3,-19,2,-17,1,-16,2,-15]"
CSI_DATA,263836,d8:b1:90:d9:de:f0,-65,11,-99,-36,67,56,-450391245,100,0,228,0,"[13,19,12,24,11,29,9,33,9,35,9,36,8,35,-70,-1,10,31,9,28,9,25,8,22,7,19,6,18,4,16,3,15,2,14,0,14,0,14,-1,14,-1,13,-21,-10,0,10,2,7,2,3,2,0,2,-3,0,-8,0,0,-6,-13,-9,-16,-13,-17,-16,-17,-19,-18,-21,-16,20,15,-22,-14,-22,-12,-21,-11,-18,-10,-15,-11,-12,-11,-10,-9,-8,-11,-7,-10,-5,-10,-6,-10,-6,-9,-6,-7,-72,15,-7,-3,-6,0,-5,4,-3,5,-1,8,2,9,3,10,-1,-12,-12,-10,-19,0,-15,14,-2,22,12,17,19,6,25,26,8,-17,-4,-19,-17,-12,-22,3,-14,19,4,25,23,14,27,-8,12,-26,-11,-26,-26,-9,-22,13,-5,22,10,29,17,5,13,-7,5,-13,-3,-12,-10,-7,-13,1,0,0,4,13,11,5,11,-5,1,-10,-8,-4,-6,5,-18,-8,11,-2,3,-14,-13,-12,-20,4,-9,20,10,20,22,5,17,-14,1,-20,-14,-13,-17,1,-10,12,2,13,2,2,10,1,8,-3,4,-7,1,-9,-4,-7,-7,-2,-6,3]"
CSI_DATA,263837,d8:b1:90:d9:de:f0,-65,11,-99,-37,67,56,-450371576,100,0,228,0,"[-21,9,-25,5,-31,3,-36,0,-37,-4,-37,-5,-36,-6,-72,-1,-32,-5,-29,-4,-27,-4,-23,-5,-21,-6,-18,-5,-15,-6,-13,-8,-11,-9,-10,-9,-9,-10,-8,-11,-8,-9,-21,-10,-6,-6,-5,-4,-3,-1,-2,2,1,5,3,8,0,0,12,12,13,13,17,14,20,15,23,15,24,14,16,1,25,13,23,12,21,12,18,12,14,12,11,13,10,12,7,13,5,12,4,12,5,11,5,11,5,10,56,0,6,5,7,2,6,-1,6,-4,5,-7,4,-9,3,-11,12,2,13,-8,6,-18,-7,-17,-19,-9,-18,5,-13,15,-36,12,10,16,18,6,20,-8,10,-21,-6,-23,-22,-13,-26,7,-13,25,10,27,26,12,25,-11,9,-24,-10,-22,-27,-16,-17,6,-7,13,2,14,9,10,13,2,10,-7,0,0,-8,-11,-12,0,-7,9,4,10,9,1,4,-8,17,7,-12,4,-2,15,14,13,21,-3,13,-19,-8,-22,-22,-9,-20,11,-6,20,11,18,17,4,14,-9,4,-13,-1,-4,-10,-6,-9,1,-7,5,-5,7,0,8,6,5,7,0]"
CSI_DATA,263838,d8:b1:90:d9:de:f0,-66,11,-99,-35,67,56,-450351646,100,0,114,0,"[14,-29,17,-31,19,-32,21,-32,23,-30,23,-29,22,-27,21,-26,21,-24,19,-22,18,-21,18,-20,18,-20,16,-20,15,-21,16,-20,16,-21,17,-21,17,-22,16,-22,17,-23,16,-22,15,-21,14,-21,15,-21,14,-20,14,-20,14,-20,0,0,16,-19,16,-20,16,-20,18,-20,19,-20,20,-20,21,-20,21,-20,21,-18,23,-19,21,-18,20,-16,20,-15,19,-14,20,-13,19,-12,18,-12,19,-11,19,-11,19,-9,19,-11,19,-11,18,-10,19,-10,19,-8,18,-7,16,-6,15,-4]"
CSI_DATA,263839,d8:b1:90:d9:de:f0,-66,11,-99,-37,68,56,-450341625,100,0,114,0,"[-3,-29,-2,-32,-2,-33,-1,-35,-1,-35,-1,-33,-1,-32,-2,-31,0,-30,-2,-28,-3,-26,-4,-25,-5,-24,-6,-24,-7,-25,-9,-24,-9,-24,-10,-24,-9,-24,-11,-22,-11,-23,-11,-23,-12,-22,-13,-22,-13,-21,-13,-20,-14,-18,-13,-17,0,0,-14,-16,-15,-18,-15,-19,-17,-20,-17,-21,-17,-21,-19,-21,-18,-22,-18,-20,-18,-20,-17,-20,-17,-18,-17,-17,-16,-17,-15,-15,-13,-14,-14,-13,-14,-11,-14,-12,-16,-13,-17,-12,-17,-13,-17,-13,-18,-13,-16,-11,-14,-11,-13,-11,-11,-9]"
CSI_DATA,263840,d8:b1:90:d9:de:f0,-66,11,-99,-36,68,56,-450321286,100,0,114,0,"[-29,5,-32,5,-33,5,-35,5,-35,5,-34,4,-32,4,-31,4,-28,5,-27,5,-25,6,-24,6,-24,7,-23,8,-23,9,-24,9,-22,11,-23,13,-22,12,-22,14,-21,15,-22,16,-19,15,-17,16,-18,16,-17,16,-16,16,-15,16,0,0,-16,16,-15,18,-16,18,-17,19,-16,20,-17,21,-16,22,-16,22,-15,21,-17,21,-16,21,-14,19,-14,18,-11,17,-12,17,-11,16,-10,16,-10,16,-9,16,-9,16,-10,17,-8,18,-8,17,-8,17,-9,17,-8,15,-7,15,-6,12]"
CSI_DATA,263841,d8:b1:90:d9:de:f0,-66,11,-99,-37,68,56,-450301333,100,0,114,0,"[-11,-27,-11,-32,-9,-33,-7,-35,-5,-35,-4,-35,-2,-33,0,-33,-2,-30,0,-28,0,-26,0,-25,0,-25,0,-25,0,-25,0,-25,0,-26,0,-26,0,-28,0,-26,0,-27,0,-27,0,-27,0,-25,0,-24,1,-25,2,-24,2,-23,0,0,3,-22,4,-24,6,-26,5,-25,7,-26,8,-27,9,-27,10,-26,11,-25,11,-24,11,-24,11,-22,12,-22,12,-21,11,-18,13,-17,11,-16,12,-16,12,-15,13,-15,14,-13,14,-15,13,-15,15,-14,14,-11,13,-11,12,-10,11,-8]"
CSI_DATA,263842,d8:b1:90:d9:de:f0,-66,11,-99,-35,68,56,-450281635,100,0,114,0,"[-25,-16,-25,-18,-26,-21,-26,-23,-25,-24,-25,-23,-22,-24,-21,-23,-19,-21,-19,-21,-17,-19,-17,-19,-17,-18,-17,-18,-17,-18,-17,-18,-19,-18,-17,-19,-19,-17,-18,-17,-19,-18,-19,-17,-19,-18,-18,-16,-17,-16,-17,-16,-17,-15,-16,-15,0,0,-18,-14,-15,-15,-16,-17,-17,-17,-18,-19,-17,-20,-17,-19,-16,-20,-16,-20,-15,-20,-14,-20,-12,-19,-12,-18,-11,-19,-10,-17,-10,-17,-9,-16,-9,-16,-9,-16,-9,-16,-9,-16,-8,-17,-7,-17,-7,-18,-7,-15,-6,-14,-5,-15,-4,-12]"
CSI_DATA,263843,d8:b1:90:d9:de:f0,-66,11,-99,-35,68,56,-450261711,100,0,114,0,"[-27,-6,-30,-7,-32,-9,-33,-11,-31,-12,-31,-13,-28,-12,-28,-12,-25,-12,-25,-10,-23,-10,-23,-9,-24,-8,-23,-7,-23,-6,-23,-6,-25,-6,-24,-7,-25,-6,-24,-5,-25,-6,-25,-6,-24,-5,-23,-4,-23,-4,-22,-3,-21,-3,-22,-2,0,0,-24,-3,-21,-2,-24,-4,-23,-4,-25,-4,-24,-5,-25,-6,-24,-6,-23,-6,-23,-4,-22,-5,-22,-6,-20,-6,-19,-6,-18,-6,-19,-6,-16,-6,-17,-5,-17,-5,-17,-5,-18,-5,-17,-6,-17,-6,-18,-6,-17,-5,-16,-5,-12,-5,-12,-5]"
CSI_DATA,263844,d8:b1:90:d9:de:f0,-67,11,-99,-34,68,56,-450251636,100,0,114,0,"[-29,2,-31,0,-34,0,-34,-2,-35,-4,-33,-5,-31,-6,-28,-6,-27,-6,-26,-7,-24,-6,-23,-7,-22,-6,-22,-7,-22,-8,-24,-7,-24,-8,-24,-7,-24,-8,-23,-7,-23,-8,-23,-7,-23,-9,-22,-8,-21,-9,-21,-9,-20,-9,-19,-10,0,0,-20,-8,-20,-10,-21,-11,-21,-12,-20,-13,-21,-14,-20,-15,-19,-16,-19,-15,-18,-15,-15,-16,-15,-15,-13,-16,-12,-15,-11,-15,-11,-15,-10,-15,-9,-14,-9,-14,-9,-15,-9,-15,-7,-16,-6,-17,-7,-16,-7,-15,-5,-15,-4,-14,-3,-11]"
CSI_DATA,263845,d8:b1:90:d9:de:f0,-66,11,-99,-36,68,56,-450231611,100,0,114,0,"[30,0,32,3,34,5,34,7,36,8,33,8,32,9,29,8,28,8,27,9,25,9,24,9,24,8,24,8,24,9,24,8,24,8,26,8,24,8,24,8,24,8,25,8,24,8,23,8,24,8,22,8,21,8,21,8,0,0,22,8,22,9,21,9,23,10,22,11,23,13,23,14,21,14,21,14,21,14,19,14,18,15,16,15,16,15,16,14,14,13,13,13,12,12,13,12,12,12,13,14,12,15,12,15,10,15,10,13,9,13,7,12,7,11]"
CSI_DATA,263846,d8:b1:90:d9:de:f0,-67,11,-99,-35,68,56,-450221387,100,0,114,0,"[24,-16,27,-17,30,-19,31,-19,29,-18,30,-17,27,-16,27,-14,25,-15,24,-13,22,-14,20,-13,19,-13,19,-13,18,-13,19,-15,19,-18,19,-18,19,-18,18,-19,18,-19,16,-19,15,-19,14,-19,14,-18,14,-17,12,-17,12,-17,0,0,12,-19,12,-18,12,-19,12,-19,12,-19,12,-21,12,-20,13,-20,13,-21,14,-19,13,-19,12,-18,12,-18,12,-17,11,-16,11,-15,9,-14,9,-14,10,-14,10,-15,10,-15,9,-16,9,-14,9,-15,10,-14,8,-13,7,-12,6,-11]"
CSI_DATA,263847,d8:b1:90:d9:de:f0,-66,9,-99,-37,68,56,-450202994,120,0,106,0,"[0,0,-91,12,-44,13,82,12,-57,13,90,12,-44,13,-98,12,-32,13,-33,12,-31,13,24,13,-38,13,84,13,-68,13,-116,13,-84,13,-94,13,-75,13,-93,13,-35,13,-73,13,13,0,-33,13,60,0,28,0,0,0,0,0,82,0,-66,0,65,0,2,0,33,0,40,0,-10,13,38,0,-13,13,-1,0,0,0,-68,0,32,0,-116,0,58,0,88,0,73,0,78,0,64,0,84,0,30,0,85,0,-25,13,69,0,-67,13]"
CSI_DATA,263848,d8:b1:90:d9:de:f0,-67,11,-99,-37,69,56,-450191571,100,0,114,0,"[-26,10,-28,11,-31,10,-31,8,-33,8,-31,7,-31,6,-27,4,-26,4,-26,4,-24,4,-23,5,-22,5,-22,5,-22,6,-22,6,-23,6,-23,7,-22,7,-22,8,-22,7,-23,7,-22,8,-21,8,-21,8,-19,9,-20,8,-19,8,0,0,-19,7,-20,10,-18,9,-20,8,-19,8,-22,8,-21,8,-22,8,-22,8,-22,8,-20,7,-19,5,-17,4,-17,5,-17,4,-17,4,-16,4,-17,4,-17,4,-16,4,-17,4,-17,4,-17,4,-17,4,-17,4,-16,4,-14,4,-12,3]"
CSI_DATA,263849,d8:b1:90:d9:de:f0,-66,11,-99,-36,68,56,-450171295,100,0,114,0,"[-14,27,-16,30,-17,31,-18,31,-19,29,-19,28,-19,27,-18,25,-17,24,-16,24,-16,22,-14,22,-15,22,-13,23,-13,23,-12,24,-12,24,-12,24,-12,24,-11,24,-10,25,-10,25,-8,24,-8,24,-8,23,-7,22,-8,21,-8,22,0,0,-5,22,-7,24,-6,24,-7,22,-7,23,-7,24,-7,24,-8,24,-8,23,-8,23,-8,22,-8,22,-8,21,-7,19,-7,17,-8,16,-8,16,-8,16,-5,16,-7,16,-7,17,-7,17,-5,17,-6,17,-6,16,-6,15,-5,14,-4,12]"
CSI_DATA,263850,d8:b1:90:d9:de:f0,-67,11,-99,-34,68,56,-450140458,100,0,114,0,"[-10,26,-11,29,-12,31,-13,31,-14,32,-12,31,-12,30,-11,27,-10,27,-9,26,-7,24,-6,25,-5,23,-4,24,-4,25,-3,25,-1,25,-1,26,0,25,0,24,2,25,3,25,4,24,5,23,5,21,6,21,6,20,7,19,0,0,9,19,9,20,9,19,10,21,11,21,12,22,12,21,13,21,12,21,14,20,13,19,12,19,11,17,11,15,10,15,10,13,10,12,10,11,11,11,10,11,11,11,13,12,15,11,14,10,12,10,12,8,11,9,9,6]"
CSI_DATA,263851,d8:b1:90:d9:de:f0,-66,11,-99,-36,68,56,-450121666,100,0,114,0,"[28,-12,32,-12,35,-12,36,-11,36,-9,33,-8,32,-8,30,-8,28,-7,28,-6,27,-6,25,-6,24,-8,24,-7,24,-8,24,-9,25,-9,24,-9,25,-9,24,-11,23,-10,23,-11,24,-11,23,-11,21,-12,18,-11,20,-12,19,-11,0,0,19,-12,18,-11,19,-11,20,-14,19,-12,20,-11,21,-12,21,-10,22,-10,21,-11,19,-10,18,-9,16,-9,17,-8,16,-7,16,-7,15,-8,15,-8,15,-7,16,-8,16,-8,15,-8,13,-8,14,-8,16,-8,14,-8,11,-7,10,-7]"
CSI_DATA,263852,d8:b1:90:d9:de:f0,-66,11,-99,-35,68,56,-450111629,100,0,114,0,"[19,22,21,26,20,30,19,31,18,32,16,32,14,32,11,30,9,27,8,27,8,25,7,25,8,24,7,23,8,24,7,24,8,25,7,25,8,25,7,25,7,25,7,25,7,24,6,23,6,23,7,22,6,21,5,20,0,0,5,20,3,23,4,22,4,23,3,24,1,25,1,24,0,25,-1,25,0,22,0,23,-2,22,-1,19,-2,19,-2,19,-3,17,-3,17,-3,15,-3,16,-5,16,-5,15,-6,16,-5,16,-6,17,-6,14,-6,13,-6,13,-5,12]"
CSI_DATA,263853,d8:b1:90:d9:de:f0,-67,11,-99,-35,68,56,-450101283,100,0,114,0,"[-25,-18,-26,-20,-27,-24,-27,-25,-26,-26,-25,-26,-23,-25,-21,-22,-21,-20,-19,-19,-18,-19,-19,-18,-19,-17,-18,-16,-19,-17,-19,-16,-20,-16,-20,-16,-21,-15,-20,-15,-20,-13,-20,-13,-20,-12,-19,-12,-20,-12,-19,-12,-19,-11,-19,-9,0,0,-19,-10,-19,-9,-19,-11,-20,-11,-21,-12,-19,-12,-21,-12,-20,-12,-19,-12,-19,-11,-18,-11,-17,-12,-16,-12,-15,-11,-13,-10,-12,-9,-12,-9,-12,-8,-13,-6,-14,-7,-13,-8,-13,-8,-13,-8,-13,-9,-13,-8,-12,-7,-11,-9,-8,-6]"
CSI_DATA,263854,d8:b1:90:d9:de:f0,-67,11,-99,-34,68,56,-450081282,100,0,114,0,"[21,22,21,24,21,27,21,29,21,28,20,28,18,27,17,26,17,23,16,23,15,21,15,21,15,19,17,19,17,18,17,18,17,17,17,17,18,17,18,15,19,15,20,15,19,13,20,14,17,13,18,12,16,10,16,10,0,0,17,8,17,11,17,10,17,10,19,10,19,11,18,11,19,12,19,11,18,10,17,10,15,10,15,10,14,9,14,9,14,8,12,9,12,7,12,7,13,8,14,7,14,10,14,8,15,9,15,7,15,7,12,7,10,6]"
CSI_DATA,263855,d8:b1:90:d9:de:f0,-67,11,-99,-35,68,56,-450061638,100,0,114,0,"[-25,17,-28,19,-31,19,-32,18,-31,20,-30,19,-29,17,-27,16,-25,17,-24,16,-21,17,-21,15,-20,17,-19,17,-18,17,-17,19,-17,19,-15,19,-15,22,-14,20,-12,20,-12,20,-12,20,-9,21,-11,20,-9,20,-7,19,-7,19,0,0,-7,19,-5,19,-5,19,-6,20,-5,19,-6,21,-6,22,-6,22,-6,20,-7,20,-6,20,-6,19,-5,19,-5,17,-4,16,-3,16,-3,16,-3,15,-2,17,-3,16,-3,17,-1,17,0,18,0,17,-2,17,-1,16,0,15,0,13]"
CSI_DATA,263856,d8:b1:90:d9:de:f0,-67,11,-99,-34,68,56,-450049477,100,0,114,0,"[0,-31,0,-34,2,-37,2,-37,3,-37,3,-37,3,-34,2,-32,2,-31,1,-30,0,-27,1,-26,0,-25,0,-25,-1,-25,-2,-25,-3,-25,-3,-25,-4,-26,-5,-24,-5,-25,-6,-24,-7,-23,-6,-22,-6,-21,-6,-21,-7,-19,-7,-19,0,0,-6,-18,-8,-17,-8,-19,-7,-20,-8,-20,-9,-21,-8,-21,-8,-21,-8,-21,-6,-20,-7,-19,-6,-20,-5,-19,-5,-17,-5,-15,-5,-16,-5,-15,-6,-15,-5,-15,-5,-15,-7,-14,-7,-16,-8,-16,-6,-16,-5,-15,-6,-14,-5,-14,-5,-12]"
CSI_DATA,263857,d8:b1:90:d9:de:f0,-67,11,-99,-34,68,56,-450031602,100,0,114,0,"[14,26,14,30,13,33,14,34,13,34,11,36,10,32,10,31,10,28,10,26,9,24,10,23,10,23,10,23,10,23,11,22,11,21,11,22,13,22,12,20,14,21,13,21,13,20,15,19,12,18,11,18,12,17,11,16,0,0,11,15,12,16,12,17,12,16,13,18,13,19,12,19,12,20,13,18,12,18,11,18,10,18,10,17,10,16,8,15,9,15,7,15,8,14,9,14,9,15,9,15,10,15,10,15,10,16,10,14,8,13,6,14,7,14]"
CSI_DATA,263858,d8:b1:90:d9:de:f0,-67,11,-99,-34,68,56,-450011626,100,0,114,0,"[-30,-4,-33,-5,-35,-5,-35,-6,-36,-7,-35,-8,-32,-8,-31,-7,-29,-5,-27,-5,-26,-5,-26,-4,-26,-2,-26,-2,-25,-2,-25,0,-26,0,-24,0,-26,0,-24,0,-24,2,-24,2,-22,2,-21,4,-21,4,-21,3,-21,4,-19,4,0,0,-19,4,-18,5,-21,5,-20,4,-21,5,-21,5,-22,5,-22,5,-21,4,-21,5,-21,4,-20,4,-18,4,-18,3,-16,4,-16,2,-15,4,-15,5,-15,5,-16,5,-17,5,-16,5,-15,4,-18,5,-17,6,-17,5,-14,3,-14,4]"
CSI_DATA,263859,d8:b1:90:d9:de:f0,-67,11,-99,-34,68,56,-450001603,100,0,114,0,"[14,27,13,31,13,33,11,33,12,35,10,35,8,33,6,31,5,29,5,27,5,26,5,26,6,25,5,25,5,25,6,25,6,25,6,25,5,24,6,24,5,22,5,23,5,22,7,21,5,21,5,21,5,21,5,20,0,0,3,20,4,20,5,21,3,21,3,21,1,22,1,22,0,23,1,23,-1,21,0,21,0,21,-2,20,-1,19,-2,18,-1,16,-1,15,-1,15,-2,15,-3,16,-3,16,-2,17,-3,18,-3,19,-4,16,-4,15,-5,15,-5,15]"
CSI_DATA,263860,d8:b1:90:d9:de:f0,-66,11,-99,-36,68,56,-449981668,100,0,114,0,"[-5,-32,-4,-34,-3,-39,0,-39,0,-39,0,-38,1,-35,0,-33,0,-32,1,-30,1,-28,0,-26,0,-27,0,-26,-1,-26,0,-26,0,-28,0,-26,-2,-26,-1,-25,-3,-26,-4,-26,-3,-24,-3,-24,-3,-23,-4,-21,-3,-21,-3,-21,0,0,-3,-21,-2,-20,-2,-21,-2,-22,-3,-22,-1,-23,0,-23,0,-24,0,-23,0,-23,0,-22,0,-22,0,-18,0,-18,1,-16,1,-16,2,-16,1,-16,1,-16,1,-17,1,-16,1,-18,0,-19,1,-18,2,-17,2,-16,1,-15,3,-15]"
CSI_DATA,263861,d8:b1:90:d9:de:f0,-66,11,-99,-36,68,56,-449971605,100,0,114,0,"[-30,12,-32,12,-35,13,-36,13,-35,13,-34,13,-32,12,-32,12,-29,13,-27,13,-25,13,-24,13,-22,14,-22,16,-21,16,-19,16,-20,19,-19,17,-18,19,-16,20,-16,20,-15,21,-13,20,-11,20,-12,20,-10,19,-9,19,-9,18,0,0,-8,19,-8,19,-7,21,-7,20,-8,21,-8,22,-6,22,-7,23,-7,22,-7,23,-6,21,-5,20,-4,19,-4,18,-4,17,-4,16,-1,16,-3,16,-2,16,-2,16,-1,17,0,17,0,17,0,19,-2,19,-2,18,0,17,0,15]"
CSI_DATA,263862,d8:b1:90:d9:de:f0,-66,11,-99,-35,68,56,-449949171,100,0,114,0,"[-15,-27,-14,-31,-14,-33,-12,-34,-12,-37,-10,-35,-8,-33,-7,-32,-6,-29,-6,-29,-6,-26,-6,-26,-6,-25,-6,-25,-6,-24,-6,-25,-7,-24,-6,-25,-7,-25,-8,-24,-7,-24,-7,-24,-7,-22,-7,-21,-6,-22,-7,-22,-7,-21,-6,-19,0,0,-6,-19,-6,-20,-6,-21,-5,-21,-5,-22,-5,-22,-4,-22,-3,-24,-3,-22,-2,-22,-2,-21,0,-21,0,-19,0,-18,0,-17,0,-16,0,-16,1,-15,0,-16,1,-17,0,-17,1,-17,0,-19,2,-19,3,-18,3,-16,4,-16,4,-13]"
CSI_DATA,263863,d8:b1:90:d9:de:f0,-66,11,-99,-36,68,56,-449931636,100,0,114,0,"[25,-18,29,-18,32,-18,34,-16,35,-16,34,-14,32,-11,32,-11,30,-10,29,-8,26,-8,25,-8,24,-8,24,-8,24,-8,24,-9,24,-9,25,-9,24,-10,24,-11,24,-10,24,-9,24,-9,21,-9,22,-9,21,-8,20,-8,21,-9,0,0,21,-8,21,-8,22,-8,22,-9,23,-7,24,-6,24,-6,24,-5,24,-5,24,-4,22,-4,20,-2,20,-1,20,-2,18,-2,18,0,16,0,18,0,17,0,17,0,18,0,18,0,17,0,20,0,21,0,20,1,16,2,15,2]"
CSI_DATA,263864,d8:b1:90:d9:de:f0,-66,11,-99,-35,68,56,-449921275,100,0,114,0,"[20,-22,24,-24,25,-25,26,-25,27,-25,27,-24,25,-23,25,-21,23,-20,20,-20,19,-19,18,-18,17,-19,17,-20,15,-20,15,-22,14,-22,14,-21,13,-22,12,-22,12,-23,12,-24,10,-21,9,-22,9,-21,7,-21,6,-20,7,-20,0,0,6,-21,6,-22,6,-23,6,-22,6,-23,7,-24,6,-23,6,-22,6,-23,7,-21,6,-20,6,-19,6,-19,5,-18,5,-17,6,-16,5,-17,5,-16,4,-16,4,-16,4,-16,4,-18,2,-18,4,-19,5,-19,5,-17,4,-17,5,-14]"
CSI_DATA,263865,d8:b1:90:d9:de:f0,-66,11,-99,-36,68,56,-449901343,100,0,114,0,"[-8,30,-9,33,-12,35,-12,35,-12,36,-11,35,-12,33,-9,31,-8,31,-8,29,-6,27,-6,27,-4,25,-2,26,-1,26,0,25,0,26,0,27,0,26,2,26,5,27,5,26,6,24,6,24,6,24,7,23,8,21,8,20,0,0,8,22,9,20,8,20,11,21,11,22,10,22,10,23,11,23,10,21,11,21,10,19,10,19,9,18,9,17,8,15,8,15,9,14,8,13,9,13,10,14,11,14,11,14,12,14,13,16,11,15,11,14,10,14,8,11]"
CSI_DATA,263866,d8:b1:90:d9:de:f0,-66,9,-99,-36,67,56,-449883261,98,0,106,0,"[6,0,85,1,46,0,-102,1,54,0,-96,1,27,0,122,1,3,0,51,1,-2,15,-16,0,4,0,-78,0,34,0,-123,0,55,0,106,0,63,0,93,0,31,0,65,0,-6,15,13,0,-36,15,-59,15,0,0,0,0,0,0,54,15,47,0,-8,14,102,0,-28,14,-119,0,-9,14,-118,0,45,15,99,0,99,15,48,0,-118,15,6,0,-98,15,-14,15,-91,15,-5,15,-94,15,20,0,-80,15,57,0,-40,15,75,0]"
CSI_DATA,263867,d8:b1:90:d9:de:f0,-66,11,-99,-36,68,56,-449871626,100,0,114,0,"[-28,-6,-31,-8,-33,-8,-33,-9,-35,-10,-33,-10,-32,-10,-31,-8,-28,-8,-27,-8,-25,-6,-24,-6,-24,-6,-25,-4,-24,-4,-24,-3,-26,-2,-27,-2,-27,-1,-25,0,-25,0,-25,0,-24,0,-24,3,-24,1,-24,0,-24,3,-24,3,0,0,-24,3,-24,4,-24,4,-25,3,-25,4,-25,5,-26,5,-24,4,-25,4,-24,5,-23,4,-21,3,-20,3,-20,2,-19,3,-17,2,-16,2,-17,4,-17,4,-17,5,-18,5,-18,6,-16,4,-19,5,-19,5,-17,4,-15,5,-13,3]"
CSI_DATA,263868,d8:b1:90:d9:de:f0,-66,11,-99,-36,68,56,-449861406,100,0,114,0,"[29,10,31,11,32,14,32,16,33,18,32,18,29,19,26,18,24,16,24,16,22,15,22,16,21,16,21,14,21,15,21,15,21,15,22,16,23,15,22,15,21,15,22,14,21,14,21,13,20,14,20,14,19,13,17,11,0,0,19,15,18,15,19,16,20,17,18,17,19,19,19,19,16,20,16,18,16,19,15,18,13,18,12,17,10,16,11,16,9,15,9,16,8,14,9,15,8,15,9,16,8,16,8,17,8,18,8,16,7,16,5,16,4,14]"
CSI_DATA,263869,d8:b1:90:d9:de:f0,-67,11,-99,-36,69,56,-449830064,100,0,114,0,"[22,-15,24,-15,27,-15,28,-15,28,-15,28,-14,27,-11,26,-11,23,-11,23,-10,22,-9,22,-9,21,-11,20,-10,19,-11,20,-11,21,-11,21,-11,20,-11,20,-13,19,-12,19,-11,19,-12,18,-13,19,-11,17,-11,15,-11,18,-11,0,0,19,-13,19,-11,19,-12,19,-12,19,-12,20,-11,20,-11,22,-11,22,-11,21,-11,19,-11,19,-9,19,-8,16,-8,16,-7,15,-7,15,-7,15,-7,15,-7,15,-7,16,-7,15,-7,13,-7,15,-7,17,-6,15,-7,12,-6,11,-5]"
CSI_DATA,263870,d8:b1:90:d9:de:f0,-66,11,-99,-35,68,56,-449818684,100,0,114,0,"[27,-5,31,-4,33,-3,34,-2,33,-1,33,-1,30,0,30,0,29,-1,27,0,25,-1,25,0,25,0,24,-2,25,-1,24,-1,24,-3,25,-4,25,-4,25,-6,25,-5,25,-6,24,-6,22,-7,22,-6,22,-6,20,-6,21,-4,0,0,22,-7,22,-6,24,-6,23,-6,24,-6,25,-6,25,-6,25,-6,25,-5,24,-6,24,-4,21,-4,20,-3,19,-4,19,-4,18,-2,17,-3,17,-3,17,-4,18,-4,19,-5,18,-5,17,-4,18,-3,19,-4,18,-3,15,-1,13,-1]"
CSI_DATA,263871,d8:b1:90:d9:de:f0,-67,11,-99,-34,68,56,-449801622,100,0,114,0,"[1,-27,2,-30,4,-32,4,-34,4,-32,4,-31,5,-29,5,-28,2,-26,2,-26,2,-23,2,-22,2,-23,0,-24,0,-22,0,-23,-2,-23,-1,-24,-1,-24,-2,-22,-3,-24,-5,-24,-6,-23,-6,-22,-5,-21,-5,-22,-5,-22,-6,-22,0,0,-5,-20,-7,-22,-7,-21,-7,-22,-7,-24,-6,-25,-8,-25,-8,-25,-7,-23,-6,-22,-5,-21,-6,-21,-6,-21,-5,-18,-5,-15,-5,-17,-5,-16,-4,-16,-5,-15,-6,-15,-6,-15,-6,-16,-8,-17,-7,-17,-5,-15,-5,-15,-5,-14,-4,-14]"
CSI_DATA,263872,d8:b1:90:d9:de:f0,-67,11,-99,-34,68,56,-449791636,100,0,114,0,"[13,-24,16,-26,19,-26,20,-26,21,-26,21,-25,20,-22,20,-21,18,-20,18,-18,16,-18,15,-17,16,-17,15,-16,15,-16,15,-16,15,-17,16,-16,17,-18,16,-19,15,-20,15,-18,15,-17,15,-18,15,-17,14,-16,15,-15,15,-17,0,0,15,-15,15,-16,16,-17,18,-15,18,-15,19,-16,19,-15,20,-15,21,-14,21,-15,20,-13,17,-11,17,-11,16,-10,15,-9,16,-8,15,-8,15,-8,15,-9,15,-8,16,-8,15,-8,16,-7,15,-7,17,-6,15,-5,14,-5,14,-4]"
CSI_DATA,263873,d8:b1:90:d9:de:f0,-67,11,-99,-34,68,56,-449771354,100,0,114,0,"[23,15,25,18,26,21,26,22,26,22,24,23,22,23,20,21,19,21,17,20,17,19,16,18,15,17,15,18,15,17,15,17,17,18,18,17,19,18,19,17,18,17,19,17,17,15,18,15,17,16,16,15,17,15,15,14,0,0,15,15,17,15,15,15,16,17,15,19,15,20,15,21,15,22,15,21,14,21,13,21,10,20,10,18,10,17,9,16,8,15,8,15,9,15,9,15,7,15,8,15,7,17,7,17,7,17,7,15,7,15,5,14,4,13]"
CSI_DATA,263874,d8:b1:90:d9:de:f0,-67,11,-99,-33,68,56,-449751601,100,0,114,0,"[-15,25,-17,26,-19,28,-20,26,-21,26,-21,26,-20,25,-19,24,-17,23,-17,20,-16,19,-15,19,-13,18,-13,20,-12,20,-12,20,-12,21,-13,22,-12,23,-11,22,-10,22,-10,23,-9,22,-8,20,-8,21,-8,22,-7,21,-8,21,0,0,-8,18,-8,20,-8,20,-9,22,-9,22,-11,22,-10,22,-11,21,-10,21,-11,20,-11,20,-9,19,-9,18,-8,16,-9,16,-8,15,-8,15,-8,15,-8,14,-8,15,-8,15,-8,15,-7,15,-8,15,-8,14,-8,13,-7,13,-7,11]"
CSI_DATA,263875,d8:b1:90:d9:de:f0,-67,11,-99,-35,68,56,-449739936,100,0,114,0,"[14,25,14,28,15,30,15,32,14,32,12,32,12,29,11,29,11,27,10,25,10,23,11,23,11,23,11,22,12,22,12,22,13,21,12,22,13,21,14,20,15,20,16,19,16,19,14,19,14,17,15,17,15,17,15,17,0,0,15,16,15,17,16,17,16,18,16,19,16,20,16,20,14,20,13,20,14,19,13,19,11,18,12,16,10,17,10,15,9,15,8,14,7,13,9,13,9,13,9,13,9,14,10,15,10,16,8,13,7,13,6,14,5,12]"
CSI_DATA,263876,d8:b1:90:d9:de:f0,-67,11,-99,-34,68,56,-449721475,100,0,114,0,"[27,-8,31,-7,33,-6,34,-5,35,-4,33,-1,32,-1,31,-1,29,0,27,0,26,0,24,0,25,0,25,0,24,0,24,0,25,-1,25,-1,25,-1,24,-3,25,-2,24,-2,23,-3,22,-2,23,-2,21,-2,21,-2,21,-2,0,0,22,-2,21,0,22,0,24,0,25,1,25,2,24,3,24,4,22,4,23,4,21,5,19,5,19,5,18,5,17,5,17,7,15,5,15,5,16,6,15,6,15,6,15,6,15,7,15,9,15,9,14,8,11,8,9,6]"
CSI_DATA,263877,d8:b1:90:d9:de:f0,-67,11,-99,-34,68,56,-449711466,100,0,114,0,"[17,24,18,26,20,29,19,30,19,31,18,29,18,27,17,26,16,24,15,22,15,21,15,20,16,19,17,19,18,18,18,16,19,16,19,15,21,14,21,13,21,13,22,12,21,12,21,11,21,9,21,9,20,8,20,7,0,0,21,6,21,8,21,6,22,6,22,8,23,7,24,9,23,9,22,8,22,8,21,8,19,8,19,7,18,5,18,5,16,5,15,5,15,4,16,5,16,5,16,3,16,5,16,5,17,5,16,3,15,3,15,5,11,3]"
CSI_DATA,263878,d8:b1:90:d9:de:f0,-66,11,-99,-35,68,56,-449691478,100,0,114,0,"[21,19,24,23,25,24,25,25,25,25,25,24,24,23,23,21,22,19,21,18,19,16,20,15,20,14,21,13,22,13,23,11,24,10,25,9,25,8,25,6,24,6,25,6,24,4,23,2,23,0,22,0,22,0,22,-1,0,0,23,-3,22,-2,22,-3,24,-3,24,-4,25,-3,25,-3,24,-3,24,-2,24,-4,22,-5,22,-3,20,-3,19,-3,19,-4,17,-4,17,-5,16,-5,16,-5,16,-5,17,-6,16,-6,17,-5,17,-6,16,-6,14,-6,12,-4,11,-5]"
CSI_DATA,263879,d8:b1:90:d9:de:f0,-66,11,-99,-35,68,56,-449671654,100,0,114,0,"[-28,6,-32,5,-35,5,-37,3,-36,0,-36,0,-34,0,-31,-2,-30,-2,-27,-3,-27,-1,-25,-1,-26,-1,-25,-2,-25,-2,-25,-1,-25,0,-27,-1,-27,0,-25,0,-26,-1,-25,-1,-25,-1,-24,0,-25,0,-23,0,-23,0,-22,0,0,0,-22,-2,-22,-1,-24,-1,-25,-3,-25,-5,-24,-5,-24,-5,-24,-7,-23,-6,-23,-7,-22,-7,-19,-8,-17,-8,-17,-7,-16,-8,-16,-8,-14,-8,-15,-7,-15,-8,-15,-9,-15,-9,-14,-10,-14,-11,-14,-12,-14,-11,-12,-11,-10,-10,-8,-9]"
CSI_DATA,263880,d8:b1:90:d9:de:f0,-67,11,-99,-34,68,56,-449660726,100,0,114,0,"[-2,28,-4,30,-5,31,-7,33,-7,34,-8,33,-8,31,-7,30,-6,27,-7,26,-7,26,-5,24,-6,25,-6,24,-4,24,-4,23,-5,25,-4,25,-3,25,-1,24,-1,26,0,26,0,24,0,24,0,23,0,23,0,22,0,21,0,0,-1,21,0,23,0,23,-1,24,0,24,-1,24,-1,24,-2,24,-3,23,-4,23,-4,22,-3,21,-3,20,-4,18,-4,19,-2,16,-3,16,-4,15,-3,16,-5,15,-5,15,-4,16,-3,16,-5,17,-5,15,-5,15,-5,14,-4,11]"
CSI_DATA,263881,d8:b1:90:d9:de:f0,-66,11,-99,-34,67,56,-449639112,100,0,114,0,"[-23,-20,-25,-23,-26,-29,-24,-31,-22,-33,-21,-31,-18,-31,-16,-30,-15,-28,-14,-27,-13,-26,-12,-25,-13,-26,-12,-25,-12,-26,-12,-26,-12,-26,-11,-26,-11,-25,-10,-25,-12,-27,-12,-26,-11,-26,-11,-26,-10,-23,-10,-23,-10,-23,-9,-21,0,0,-9,-23,-7,-23,-6,-24,-7,-26,-6,-26,-4,-27,-3,-28,-2,-28,-1,-28,0,-26,0,-26,0,-25,0,-23,1,-21,1,-19,1,-19,2,-18,3,-16,2,-17,3,-17,3,-17,5,-18,5,-19,5,-17,6,-16,7,-15,6,-14,6,-11]"
CSI_DATA,263882,d8:b1:90:d9:de:f0,-66,11,-99,-37,68,56,-449621723,100,0,114,0,"[-25,16,-29,16,-32,15,-33,14,-33,12,-33,11,-33,8,-31,8,-30,8,-29,7,-27,5,-27,5,-25,4,-26,4,-27,3,-26,3,-27,4,-27,3,-28,5,-27,4,-28,4,-27,6,-26,5,-25,4,-25,3,-22,3,-24,4,-24,3,0,0,-24,2,-24,2,-25,1,-25,0,-26,0,-27,0,-27,0,-26,-3,-26,-2,-26,-2,-25,-4,-22,-5,-21,-5,-20,-5,-19,-6,-19,-6,-16,-6,-17,-5,-17,-6,-17,-6,-18,-7,-18,-7,-17,-8,-17,-9,-16,-9,-14,-10,-11,-8,-11,-8]"
CSI_DATA,263883,d8:b1:90:d9:de:f0,-66,11,-99,-34,67,56,-449611632,100,0,114,0,"[-26,15,-30,15,-32,16,-34,15,-33,14,-33,13,-31,12,-32,11,-29,12,-27,11,-25,10,-24,10,-25,11,-24,11,-23,12,-23,13,-24,14,-24,14,-24,16,-23,16,-23,16,-22,17,-20,16,-20,17,-18,16,-17,17,-17,16,-17,17,0,0,-16,18,-18,17,-17,18,-17,18,-17,19,-18,20,-19,20,-19,20,-19,18,-18,18,-18,18,-16,16,-16,16,-15,16,-15,15,-15,14,-13,13,-14,14,-13,13,-13,14,-14,15,-13,15,-12,14,-13,14,-14,14,-14,13,-10,12,-10,11]"
CSI_DATA,263884,d8:b1:90:d9:de:f0,-66,11,-99,-35,67,56,-449601506,100,0,114,0,"[9,-30,10,-32,14,-33,16,-34,17,-33,18,-31,18,-29,18,-27,17,-26,16,-24,16,-22,17,-22,16,-22,16,-21,16,-22,16,-21,16,-22,17,-23,18,-23,17,-23,18,-24,16,-24,16,-23,15,-23,16,-21,15,-20,15,-20,15,-19,0,0,15,-20,15,-19,18,-21,18,-20,18,-21,20,-20,20,-21,23,-20,22,-18,23,-18,22,-17,20,-16,19,-13,19,-13,19,-10,18,-10,17,-9,18,-9,17,-8,18,-9,18,-8,19,-9,17,-10,19,-7,19,-5,17,-5,16,-5,15,-4]"
CSI_DATA,263885,d8:b1:90:d9:de:f0,-66,11,-99,-34,67,56,-449591271,100,0,114,0,"[2,30,0,33,0,35,0,36,-1,36,0,36,-1,33,-1,33,0,31,-2,29,-1,27,0,27,0,28,0,26,0,27,1,26,2,29,2,27,3,29,5,26,5,29,6,29,5,26,7,26,6,24,8,24,7,23,9,23,0,0,9,23,8,24,11,24,11,25,10,27,11,28,11,27,9,27,10,27,9,25,10,25,9,25,9,23,8,22,8,19,6,19,8,18,7,18,7,17,7,17,8,17,8,18,10,18,9,17,8,16,9,16,7,16,6,15]"
CSI_DATA,263886,d8:b1:90:d9:de:f0,-66,11,-99,-34,67,56,-449571689,100,0,114,0,"[24,-15,28,-16,30,-17,31,-16,32,-18,30,-16,29,-15,28,-15,25,-16,25,-14,22,-15,21,-16,21,-16,20,-16,20,-16,19,-18,19,-18,19,-19,17,-21,16,-21,16,-23,15,-23,14,-22,12,-24,11,-21,10,-22,10,-23,9,-22,0,0,8,-24,8,-25,7,-26,6,-27,6,-28,5,-28,5,-30,6,-30,6,-28,7,-28,4,-27,4,-27,4,-25,2,-24,2,-21,1,-22,0,-21,1,-20,0,-20,0,-20,0,-21,-2,-21,-2,-22,-2,-22,-1,-21,-1,-18,-2,-18,-2,-16]"
CSI_DATA,263887,d8:b1:90:d9:de:f0,-66,11,-99,-34,67,56,-449561545,100,0,114,0,"[28,-4,32,-4,34,-3,35,-1,34,0,33,0,32,0,31,0,28,0,27,0,27,0,26,0,25,0,26,0,25,0,27,0,27,0,27,0,28,0,28,-1,26,0,27,0,26,-2,25,-1,26,-2,25,-1,24,-3,23,-4,0,0,25,-3,25,-4,25,-3,28,-3,26,-3,28,-3,29,-2,30,-1,29,-1,30,-1,29,-2,26,0,25,0,24,-1,23,0,21,0,21,0,21,-2,21,-1,20,0,21,-1,20,0,21,0,22,0,22,0,21,0,17,0,16,0]"
CSI_DATA,263888,d8:b1:90:d9:de:f0,-65,11,-99,-35,67,56,-449551211,100,0,114,0,"[28,-12,31,-13,34,-14,34,-12,34,-14,34,-12,32,-11,30,-11,27,-12,27,-11,25,-12,24,-11,25,-14,23,-13,22,-14,22,-15,23,-16,23,-16,24,-19,21,-19,20,-18,20,-20,18,-19,17,-21,17,-20,15,-20,14,-20,14,-19,0,0,12,-23,13,-24,13,-25,13,-25,12,-26,13,-27,13,-28,13,-29,13,-29,13,-28,12,-28,9,-26,8,-26,8,-24,8,-23,7,-23,6,-22,6,-21,5,-22,4,-21,4,-21,2,-22,1,-23,2,-23,3,-22,2,-21,0,-19,0,-17]"
CSI_DATA,263889,d8:b1:90:d9:de:f0,-65,11,-99,-35,67,56,-449537205,100,0,114,0,"[-30,4,-32,2,-34,2,-35,0,-36,0,-34,-3,-34,-4,-31,-3,-29,-3,-28,-5,-27,-5,-25,-4,-26,-7,-25,-6,-25,-6,-26,-6,-26,-6,-27,-7,-27,-6,-26,-6,-26,-7,-26,-7,-26,-7,-25,-7,-25,-7,-23,-8,-23,-9,-23,-7,0,0,-24,-7,-23,-10,-24,-10,-26,-11,-26,-13,-27,-13,-27,-15,-26,-15,-25,-16,-25,-16,-23,-16,-21,-18,-21,-16,-18,-16,-18,-17,-15,-15,-15,-14,-16,-14,-15,-14,-16,-16,-16,-16,-15,-17,-14,-18,-14,-19,-15,-18,-12,-17,-9,-16,-7,-14]"
CSI_DATA,263890,d8:b1:90:d9:de:f0,-65,9,-99,-36,67,56,-449524845,98,0,106,0,"[-21,14,50,15,-106,14,82,15,-116,14,-128,15,-67,14,-95,15,-3,14,-60,15,64,15,-9,15,109,15,50,0,-119,15,102,0,-103,15,-125,0,-110,15,-121,0,-95,15,83,0,-58,15,7,0,-4,15,-65,15,0,0,0,0,-87,0,112,15,-6,0,101,15,54,1,119,15,51,1,-113,15,-4,0,-91,15,-86,0,-91,15,84,0,-99,15,31,0,-112,15,9,0,-118,15,22,0,-109,15,39,0,-82,15,71,0,-23,15,95,0]"
CSI_DATA,263891,d8:b1:90:d9:de:f0,-66,11,-99,-34,67,56,-449510848,100,0,114,0,"[19,-22,22,-22,25,-22,26,-22,27,-20,28,-18,27,-16,26,-15,25,-14,24,-12,23,-11,23,-11,22,-10,21,-9,21,-9,21,-9,22,-10,24,-8,24,-9,23,-9,25,-9,25,-8,23,-8,23,-8,23,-7,22,-7,22,-7,22,-6,0,0,24,-7,25,-5,24,-5,26,-4,27,-5,28,-3,29,-3,30,-1,30,0,31,0,29,0,26,1,25,2,23,1,24,2,21,3,20,3,22,4,22,3,22,4,22,5,22,5,22,6,23,8,22,7,20,8,18,8,15,7]"
CSI_DATA,263892,d8:b1:90:d9:de:f0,-66,11,-99,-34,67,56,-449491138,100,0,114,0,"[-22,19,-25,20,-28,19,-31,20,-31,17,-30,16,-28,14,-28,13,-26,12,-25,11,-23,11,-22,9,-23,10,-23,10,-21,10,-21,10,-23,11,-23,11,-23,11,-22,11,-23,11,-23,10,-21,11,-21,11,-21,10,-21,11,-20,11,-21,11,0,0,-21,11,-22,11,-23,13,-24,11,-26,11,-27,10,-28,10,-28,9,-28,9,-29,9,-27,8,-26,7,-25,6,-25,6,-24,5,-23,3,-21,5,-22,3,-21,3,-22,3,-23,3,-22,4,-22,3,-25,3,-25,2,-23,1,-20,1,-18,0]"
CSI_DATA,263893,d8:b1:90:d9:de:f0,-66,11,-99,-34,67,56,-449471662,100,0,114,0,"[20,22,21,26,21,27,21,28,21,30,19,27,18,29,17,25,18,24,16,21,16,21,15,20,15,18,15,18,16,18,16,18,17,18,17,18,17,17,18,17,18,17,19,16,18,16,19,15,19,15,18,15,18,15,19,13,0,0,20,13,21,13,20,12,23,15,23,15,25,15,24,16,24,16,25,16,23,15,24,16,22,17,22,16,20,16,21,14,18,13,19,13,18,11,20,11,19,12,21,12,20,13,21,12,21,13,20,12,19,11,17,12,15,10]"
CSI_DATA,263894,d8:b1:90:d9:de:f0,-66,11,-99,-34,67,56,-449461413,100,0,114,0,"[31,7,33,10,33,13,33,15,33,16,32,17,30,17,28,17,25,16,24,16,22,16,20,15,20,15,20,15,20,15,20,15,21,16,19,15,20,15,20,15,20,16,19,16,19,15,18,16,18,15,19,14,18,15,17,13,0,0,18,16,16,16,18,16,18,17,18,19,16,20,16,21,17,22,16,22,16,21,16,22,14,22,13,21,11,20,11,19,10,19,9,18,9,18,9,19,8,20,9,20,7,21,7,22,8,23,8,21,6,21,3,20,2,18]"
CSI_DATA,263895,d8:b1:90:d9:de:f0,-66,11,-99,-36,68,56,-449441624,100,0,114,0,"[13,-27,16,-29,17,-30,20,-29,22,-30,22,-27,22,-25,20,-24,19,-21,18,-20,17,-19,17,-19,16,-20,15,-18,15,-18,15,-20,15,-20,16,-19,15,-18,15,-20,15,-20,15,-19,13,-18,13,-18,14,-19,12,-18,11,-18,12,-17,0,0,12,-19,12,-19,12,-20,14,-19,14,-20,16,-20,16,-20,16,-20,18,-20,18,-20,16,-19,16,-18,16,-16,16,-16,16,-14,14,-13,14,-13,15,-13,14,-13,16,-12,16,-12,16,-13,16,-14,16,-14,17,-12,16,-12,16,-10,14,-9]"
CSI_DATA,263896,d8:b1:90:d9:de:f0,-66,11,-99,-34,67,56,-449431310,100,0,114,0,"[23,-20,26,-22,28,-23,29,-23,28,-23,28,-23,27,-20,25,-19,24,-19,22,-18,20,-18,19,-17,19,-18,17,-17,16,-18,16,-19,16,-21,16,-20,14,-22,13,-21,13,-23,11,-23,11,-22,9,-23,8,-21,7,-22,6,-20,6,-21,0,0,5,-21,4,-24,3,-24,4,-26,3,-27,4,-28,3,-27,5,-29,4,-28,5,-29,5,-26,4,-25,3,-25,2,-23,2,-22,3,-21,1,-21,1,-21,0,-21,1,-21,0,-22,0,-22,0,-22,0,-23,0,-20,0,-20,0,-20,0,-17]"
CSI_DATA,263897,d8:b1:90:d9:de:f0,-66,11,-99,-33,67,56,-449411648,100,0,114,0,"[17,-28,21,-29,24,-29,24,-28,27,-27,26,-25,27,-22,26,-21,23,-20,22,-18,22,-16,22,-15,22,-16,21,-15,21,-15,21,-15,21,-14,22,-15,22,-15,22,-14,21,-14,21,-15,21,-13,19,-14,20,-13,19,-12,18,-12,19,-12,0,0,18,-12,20,-11,20,-11,23,-12,23,-11,24,-12,24,-11,25,-11,25,-9,25,-8,24,-8,24,-6,22,-5,22,-5,22,-3,21,-2,20,-1,21,-1,21,-1,22,-1,21,0,21,0,21,0,22,0,21,3,20,2,18,2,17,2]"
CSI_DATA,263898,d8:b1:90:d9:de:f0,-65,11,-99,-35,66,56,-449401352,100,0,228,0,"[21,-13,27,-10,33,-7,37,-5,40,-4,40,-3,40,-2,-76,-1,33,-4,31,-4,28,-3,25,-2,21,-1,18,0,15,1,14,4,13,6,13,8,11,9,11,10,11,8,-22,-10,9,5,7,3,5,1,2,-2,-1,-3,-5,-3,0,0,-14,-2,-17,0,-20,2,-23,5,-25,8,-25,10,-14,15,-21,15,-19,15,-16,13,-13,10,-9,7,-8,3,-7,1,-6,-1,-6,-4,-7,-4,-8,-5,-9,-4,-10,-4,-122,16,-10,1,-9,3,-7,6,-4,7,-2,10,1,11,3,10,-16,0,-14,13,-2,22,14,19,25,4,20,-11,8,-21,31,-25,-16,-13,-22,1,-17,16,-2,26,17,20,28,3,22,-19,0,-31,-22,-20,-30,3,-17,23,5,27,20,13,31,3,9,-13,-1,-14,-7,-8,-9,-3,-10,3,-5,10,0,0,11,6,13,-7,2,-14,-9,-9,-13,3,-2,11,-15,19,8,-8,-5,-13,-16,-2,-11,15,5,19,20,7,18,-11,1,-21,-15,-13,-19,4,-7,15,5,13,11,3,-2,-7,1,-5,-2,-1,0,0,2,-3,-1,-4,-5,-2,-5,2]"
CSI_DATA,263899,d8:b1:90:d9:de:f0,-65,11,-99,-35,66,56,-449381620,100,0,228,0,"[22,-8,28,-5,33,-1,37,3,39,6,40,9,39,9,-76,-1,34,10,29,10,26,9,21,9,19,8,16,9,11,10,9,11,6,11,5,13,3,13,2,14,1,14,-22,-10,3,9,3,6,3,3,3,-1,2,-4,1,-8,0,0,-2,-14,-6,-18,-8,-20,-11,-22,-13,-23,-15,-23,97,16,-17,-20,-16,-18,-14,-17,-10,-13,-7,-13,-3,-9,-1,-8,2,-7,4,-6,6,-7,7,-8,6,-8,6,-8,78,0,3,-9,0,-10,-2,-9,-5,-10,-7,-8,-9,-5,-10,-4,-14,-2,-16,9,-7,19,7,21,19,11,22,-2,16,-14,40,-8,-8,-19,-19,-10,-22,4,-15,19,2,28,21,18,30,-2,20,-23,-3,-32,-25,-20,-30,4,-16,21,2,23,16,25,17,0,10,-8,4,-11,-3,-11,-8,-7,-14,0,0,0,1,14,11,9,14,-2,5,-14,-7,-10,-11,2,-19,-9,10,7,14,-5,1,-18,-15,-13,-20,5,-8,20,9,20,21,5,16,-11,2,-19,-11,-11,-14,1,-6,9,8,-1,5,3,2,0,0,1,2,2,4,1,4,-3,1,-5]"
CSI_DATA,263900,d8:b1:90:d9:de:f0,-65,11,-99,-35,66,56,-449371178,100,0,228,0,"[-5,-23,-2,-28,3,-33,6,-35,8,-40,10,-39,11,-39,-76,-1,10,-33,9,-30,7,-27,7,-23,7,-19,8,-16,8,-14,9,-11,10,-9,11,-6,14,-6,13,-5,13,-5,-22,-10,8,-5,5,-5,2,-4,-1,-2,-5,-1,-7,2,0,0,-13,9,-14,13,-14,17,-14,21,-13,23,-11,27,-113,16,-8,26,-6,23,-5,20,-5,16,-4,13,-4,8,-5,5,-7,4,-8,2,-9,0,-10,0,-11,1,-10,2,-126,16,-8,6,-7,8,-3,9,0,10,3,10,5,10,7,8,-5,14,7,17,19,8,20,-5,13,-18,-2,-21,-14,-16,-8,-40,-19,8,-9,19,5,22,22,14,27,-4,16,-22,-6,-29,-27,-16,-30,9,-14,28,9,28,25,10,22,-9,18,-25,-4,-16,-10,-7,-13,0,-9,7,-3,11,5,11,0,0,13,-5,3,-15,-9,-11,-14,1,-5,10,7,9,2,22,1,-13,-13,-7,-15,9,1,19,17,11,21,-7,7,-21,-10,-19,-20,-2,-14,13,0,17,11,9,11,-2,-6,-2,-2,-6,-3,-2,-1,-1,0,-2,-4,-3,-5,0,-3,4]"
CSI_DATA,263901,d8:b1:90:d9:de:f0,-65,11,-99,-38,67,56,-449351058,100,0,228,0,"[-22,7,-26,4,-31,1,-36,-2,-39,-4,-39,-6,-38,-6,-74,-1,-34,-5,-30,-5,-27,-4,-22,-3,-20,-5,-16,-5,-13,-7,-12,-8,-10,-9,-8,-11,-8,-12,-7,-12,-7,-12,-22,-10,-6,-8,-5,-4,-4,-2,-1,2,0,4,3,6,0,0,12,10,15,10,20,9,24,8,26,7,28,5,37,1,26,1,24,0,22,0,18,0,13,2,9,3,7,4,5,7,4,8,2,9,4,10,4,10,6,9,44,0,8,6,9,3,9,1,9,-1,9,-6,7,-8,4,-9,13,2,15,-9,5,-20,-9,-20,-20,-9,-20,5,-12,15,-36,13,11,16,21,6,21,-8,10,-22,-8,-26,-26,-11,-27,10,-11,28,13,28,29,8,25,-14,6,-26,-12,-20,-26,-14,-14,8,-6,12,1,11,8,9,12,2,11,-6,0,0,-8,-11,-14,0,-8,11,4,12,11,2,7,-8,22,-7,-11,3,-1,14,13,11,19,-6,6,-21,-12,-19,-22,-1,-13,15,3,20,16,9,15,-5,5,-13,-6,-9,-3,6,-4,3,0,2,-1,-1,-3,2,-2,5,3,6,6,2]"
CSI_DATA,263902,d8:b1:90:d9:de:f0,-65,11,-99,-34,66,56,-449331644,100,0,228,0,"[-22,-9,-24,-14,-26,-20,-27,-24,-29,-27,-28,-28,-28,-28,-74,-1,-27,-23,-23,-20,-22,-16,-19,-15,-16,-14,-12,-12,-9,-11,-8,-12,-5,-12,-4,-13,-4,-13,-2,-14,-2,-13,-22,-10,-4,-9,-4,-5,-4,-2,-2,2,0,5,2,8,0,0,10,12,13,14,19,13,23,13,25,11,29,9,27,1,28,4,26,2,23,2,19,2,14,3,11,4,9,5,7,7,5,7,4,9,6,10,6,9,7,9,75,0,9,5,9,1,9,-1,9,-4,6,-7,4,-10,2,-11,8,11,18,2,16,-11,5,-21,-10,-20,-19,-8,-20,5,-39,-10,0,20,13,16,22,4,20,-14,5,-27,-16,-24,-30,-3,-23,21,0,31,24,21,29,-3,16,-23,-4,-24,-22,-23,-16,3,-9,11,-2,12,5,10,11,5,12,-5,0,0,-6,-12,-14,-3,-10,8,2,13,11,4,7,-9,23,-3,-11,2,-3,14,14,11,19,-6,6,-22,-13,-20,-23,0,-14,18,3,21,19,9,15,-6,4,-14,-7,-9,-2,6,-5,3,0,2,-1,1,-3,3,0,5,5,5,6,1]"
CSI_DATA,263903,d8:b1:90:d9:de:f0,-65,11,-99,-35,66,56,-449321142,100,0,228,0,"[4,-22,10,-25,17,-28,21,-29,25,-30,27,-30,27,-29,-76,-1,23,-23,22,-21,20,-19,18,-15,15,-11,15,-9,14,-6,13,-3,13,-1,14,1,14,3,14,3,13,3,-22,-10,10,1,7,0,4,-2,0,-3,-4,-3,-7,-3,0,0,-16,0,-20,1,-22,4,-26,7,-26,8,-27,11,-32,15,-26,13,-22,13,-19,10,-17,8,-14,5,-11,2,-10,-1,-8,-3,-7,-5,-7,-6,-7,-8,-8,-7,-9,-7,-114,16,-9,-3,-8,0,-8,3,-5,6,-4,8,-2,10,0,10,-8,10,0,18,13,15,20,2,19,-11,6,-19,-6,-19,11,-40,-20,-1,-18,10,-7,21,10,22,25,9,26,-10,10,-28,-13,-28,-29,-8,-27,15,-6,28,15,22,23,5,30,-8,5,-15,-3,-13,-9,-7,-11,-1,-9,6,-4,11,0,0,13,3,11,-7,0,-13,-9,-7,-10,4,-1,10,-16,16,7,-8,-6,-13,-17,-1,-13,16,5,21,20,9,20,-10,5,-21,-13,-17,-20,-1,-13,13,1,16,9,8,0,-5,3,-4,0,-4,1,-2,2,-2,-1,-5,-5,-4,-5,0]"
CSI_DATA,263904,d8:b1:90:d9:de:f0,-65,11,-99,-37,67,56,-449301647,100,0,228,0,"[-21,-6,-23,-12,-25,-16,-26,-22,-27,-25,-27,-27,-26,-26,-72,-1,-23,-23,-21,-19,-19,-18,-16,-15,-13,-14,-10,-13,-7,-13,-4,-12,-3,-12,0,-12,1,-13,2,-14,2,-13,-21,-10,0,-9,-1,-7,-2,-4,-2,0,-1,4,-1,8,0,0,5,14,7,17,11,19,14,19,17,21,20,20,-10,0,20,17,19,15,18,14,15,11,11,11,8,10,4,9,2,9,-1,10,-2,9,-1,10,-2,10,-1,10,2,0,2,9,4,5,6,3,7,1,7,-2,7,-5,7,-7,9,10,17,2,15,-12,4,-22,-10,-18,-19,-7,-18,5,-38,-9,0,19,12,16,21,4,20,-12,8,-24,-12,-23,-27,-7,-25,16,-6,29,18,23,28,2,19,-17,1,-23,-12,-25,-15,-1,-11,6,-4,10,1,11,7,8,12,1,0,0,1,-12,-9,-8,-12,3,-4,10,7,8,8,-2,20,11,-10,-2,-8,12,6,15,18,4,16,-15,-1,-22,-18,-13,-21,6,-8,19,8,17,17,5,12,-8,2,-12,-6,2,-6,-2,-3,0,-3,1,-4,2,-4,4,1,7,4,5]"
CSI_DATA,263905,d8:b1:90:d9:de:f0,-65,11,-99,-35,66,56,-449291599,100,0,228,0,"[9,20,7,26,3,31,0,35,-2,39,-5,41,-7,39,-76,-1,-6,34,-6,30,-6,27,-6,23,-6,18,-7,15,-8,11,-8,8,-10,6,-13,5,-14,2,-14,2,-14,3,-22,-10,-10,2,-7,3,-3,2,0,2,5,1,7,-1,0,0,14,-6,17,-9,19,-11,20,-16,20,-18,20,-20,-19,0,19,-22,17,-20,15,-18,13,-14,11,-10,9,-6,9,-2,9,-1,9,3,9,4,9,5,9,5,9,5,107,0,8,2,7,-1,5,-3,2,-6,0,-7,-2,-9,-4,-9,1,-16,-11,-15,-20,-3,-19,13,-6,21,6,20,18,11,13,39,16,-10,7,-20,-6,-21,-20,-13,-26,5,-16,23,5,29,27,17,30,-7,16,-26,-8,-27,-22,-13,-22,6,-22,18,3,15,9,8,10,2,8,-2,6,-7,0,-11,0,0,-13,0,-8,9,3,11,9,4,7,-5,-2,-8,10,-21,-2,10,10,7,15,-6,5,-19,-14,-17,-23,0,-16,17,2,23,17,13,20,-4,8,-16,-4,-16,-11,-7,-1,5,-3,6,-1,5,0,3,-1,4,3,4,6,3,6,-3]"
CSI_DATA,263906,d8:b1:90:d9:de:f0,-65,11,-99,-36,67,56,-449281492,100,0,228,0,"[10,-19,15,-20,21,-22,26,-22,30,-23,31,-22,31,-22,-70,-1,27,-20,23,-18,21,-17,18,-14,15,-12,13,-8,12,-6,12,-3,12,0,11,2,12,3,12,5,12,4,-21,-10,10,2,7,0,4,-1,0,-2,-4,-2,-8,-2,0,0,-15,3,-19,5,-20,9,-23,12,-22,15,-22,19,-9,14,-19,20,-17,19,-15,17,-12,14,-10,11,-9,7,-9,5,-8,1,-9,-1,-9,-2,-9,-3,-11,-3,-11,-3,-106,15,-8,0,-6,3,-3,5,0,6,3,7,6,8,8,6,-13,7,-4,18,9,18,20,8,21,-8,9,-19,-3,-20,16,-34,-18,-3,-18,9,-8,20,9,22,23,12,25,-9,12,-25,-11,-27,-29,-9,-25,15,-5,28,15,21,23,3,27,-8,2,-15,-5,-10,-8,-5,-9,1,-7,6,-3,10,0,0,11,2,9,-7,0,-12,-10,-5,-7,5,2,8,-13,19,3,-10,-10,-8,-16,6,-5,18,13,17,22,-1,13,-18,-5,-22,-19,-10,-18,7,-5,18,8,14,13,3,0,-5,2,-7,-2,-4,-1,-3,-1,-4,-5,-4,-6,0,-4,5]"
CSI_DATA,263907,d8:b1:90:d9:de:f0,-65,11,-99,-37,67,56,-449271476,100,0,228,0,"[3,20,-1,25,-6,29,-11,32,-13,33,-16,34,-17,32,-72,-1,-15,29,-14,26,-12,23,-11,19,-10,16,-9,12,-9,10,-9,7,-11,3,-11,1,-11,-1,-12,-2,-11,-2,-21,-10,-9,-1,-6,0,-4,1,0,2,4,1,7,1,0,0,14,-3,17,-5,20,-7,23,-10,24,-12,24,-14,16,1,23,-16,20,-15,18,-13,15,-11,13,-8,11,-4,10,-2,9,1,8,3,8,5,7,6,8,6,8,6,91,0,7,2,6,0,4,-2,1,-5,-1,-7,-1,-9,-3,-9,6,-13,-5,-17,-17,-10,-21,4,-14,16,0,21,12,16,2,39,18,-5,12,-16,0,-21,-15,-17,-24,-3,-20,17,-3,27,19,21,29,2,21,-20,-1,-27,-19,-16,-22,1,-22,12,0,15,7,9,9,3,8,-1,6,-6,3,-8,0,0,-11,-2,-9,6,1,9,8,5,7,-3,-1,-6,16,-16,-4,9,8,10,16,-2,8,-17,-8,-18,-21,-5,-18,13,-2,22,14,16,20,0,12,-14,-1,-16,-10,-9,-4,4,-6,5,-1,5,0,3,-1,3,3,4,6,3,6,-1]"
CSI_DATA,263908,d8:b1:90:d9:de:f0,-66,11,-99,-34,67,56,-449251484,100,0,114,0,"[-5,32,-8,33,-11,35,-13,35,-15,35,-16,33,-16,31,-16,29,-16,28,-15,27,-14,24,-15,23,-15,21,-13,21,-14,21,-13,22,-14,21,-15,23,-16,22,-15,22,-16,23,-13,22,-14,22,-13,20,-14,20,-15,19,-14,19,-14,18,0,0,-16,18,-14,17,-15,19,-17,17,-18,18,-18,18,-18,18,-20,17,-20,16,-21,16,-21,14,-19,14,-19,12,-18,11,-17,11,-18,8,-17,8,-16,7,-19,7,-19,8,-19,6,-19,7,-19,7,-20,5,-20,3,-18,3,-17,3,-16,2]"
CSI_DATA,263909,d8:b1:90:d9:de:f0,-66,11,-99,-36,68,56,-449241457,100,0,114,0,"[-25,14,-29,15,-32,15,-32,14,-33,12,-32,12,-31,11,-29,10,-27,11,-26,10,-24,10,-24,10,-21,10,-21,10,-19,11,-20,11,-21,12,-21,13,-21,14,-20,14,-19,14,-19,15,-17,16,-16,16,-16,15,-16,14,-16,14,-16,15,0,0,-15,15,-16,16,-16,16,-16,17,-16,16,-18,18,-17,19,-18,17,-17,18,-18,19,-17,16,-17,16,-16,15,-16,15,-15,13,-15,13,-13,12,-14,12,-13,13,-14,13,-14,13,-14,14,-12,15,-14,13,-16,13,-13,13,-12,12,-10,9]"
CSI_DATA,263910,d8:b1:90:d9:de:f0,-66,11,-99,-36,68,56,-449228636,100,0,114,0,"[-20,22,-24,23,-28,24,-29,24,-30,21,-30,20,-29,17,-27,16,-26,16,-24,15,-24,13,-23,12,-21,13,-20,13,-20,13,-21,14,-21,15,-21,13,-21,13,-19,14,-21,13,-20,13,-20,14,-19,12,-19,13,-18,12,-18,12,-17,12,0,0,-20,12,-19,9,-21,11,-21,11,-22,11,-23,10,-24,10,-24,9,-24,8,-24,9,-23,8,-21,7,-22,5,-20,5,-19,4,-19,3,-16,3,-17,3,-17,3,-20,4,-21,2,-21,1,-18,2,-19,0,-20,0,-19,0,-16,0,-15,0]"
CSI_DATA,263911,d8:b1:90:d9:de:f0,-67,11,-99,-35,68,56,-449211645,100,0,114,0,"[32,0,33,0,35,1,36,3,38,4,35,4,34,6,30,6,28,5,26,5,25,4,25,5,25,4,25,3,24,4,23,2,23,1,25,1,23,1,23,0,24,1,23,0,23,0,22,0,23,0,20,0,21,0,20,0,0,0,21,0,20,0,22,0,23,0,23,1,25,2,25,1,23,3,23,2,25,3,23,4,21,5,20,4,19,3,19,3,19,5,18,4,18,4,19,4,18,5,19,5,18,5,18,6,19,6,19,6,17,6,15,6,12,4]"
CSI_DATA,263912,d8:b1:90:d9:de:f0,-66,11,-99,-35,68,56,-449201428,100,0,114,0,"[-23,-20,-24,-23,-26,-25,-26,-25,-26,-25,-25,-25,-24,-24,-23,-22,-21,-19,-21,-17,-20,-16,-19,-15,-19,-14,-19,-13,-19,-12,-21,-12,-22,-10,-22,-10,-23,-8,-22,-6,-23,-6,-23,-6,-23,-5,-24,-5,-21,-4,-21,-3,-21,-2,-22,-1,0,0,-22,0,-21,0,-23,0,-24,0,-23,0,-24,0,-25,0,-24,0,-25,0,-25,0,-23,1,-22,0,-20,1,-20,0,-19,1,-19,0,-18,0,-18,3,-19,2,-19,1,-19,2,-19,3,-19,2,-20,3,-20,4,-19,3,-16,3,-14,1]"
CSI_DATA,263913,d8:b1:90:d9:de:f0,-67,11,-99,-35,68,56,-449181639,100,0,114,0,"[-9,30,-12,32,-15,32,-17,32,-19,32,-19,30,-19,27,-19,25,-17,25,-17,23,-16,20,-16,20,-16,19,-15,19,-14,19,-15,18,-14,19,-14,19,-13,19,-13,19,-14,19,-12,19,-13,19,-12,17,-14,18,-12,17,-12,16,-14,17,0,0,-14,14,-12,15,-14,15,-18,14,-17,14,-19,15,-19,15,-20,13,-20,13,-22,12,-19,11,-19,10,-19,8,-19,7,-18,6,-18,6,-17,6,-18,5,-18,5,-19,4,-19,3,-19,4,-19,2,-19,0,-19,0,-18,0,-17,0,-14,0]"
CSI_DATA,263914,d8:b1:90:d9:de:f0,-66,11,-99,-35,68,56,-449171632,100,0,114,0,"[-30,6,-33,6,-35,6,-37,5,-38,5,-36,4,-33,3,-33,3,-29,3,-28,2,-25,4,-25,5,-24,6,-24,6,-23,6,-23,6,-23,8,-24,9,-23,9,-21,10,-21,10,-20,11,-19,10,-18,11,-19,11,-18,11,-16,12,-18,12,0,0,-18,13,-17,12,-17,13,-19,13,-19,14,-19,13,-19,14,-20,13,-20,13,-21,13,-20,12,-19,12,-19,12,-18,11,-18,11,-17,9,-16,10,-16,10,-16,10,-16,9,-17,9,-15,10,-15,10,-16,9,-18,10,-16,9,-14,7,-12,7]"
CSI_DATA,263915,d8:b1:90:d9:de:f0,-67,11,-99,-35,68,56,-449161356,100,0,114,0,"[-19,24,-21,25,-25,26,-27,25,-27,23,-28,21,-26,19,-25,19,-24,16,-23,16,-21,14,-20,14,-20,13,-19,13,-19,13,-18,13,-19,13,-20,13,-19,14,-19,14,-19,14,-19,14,-18,13,-17,14,-17,12,-18,12,-16,12,-18,12,0,0,-19,12,-19,11,-19,10,-19,10,-21,10,-22,9,-23,9,-23,7,-23,7,-24,6,-24,6,-22,4,-20,4,-20,2,-20,2,-19,0,-17,0,-19,1,-19,0,-19,0,-19,0,-19,0,-18,-1,-19,-2,-20,-3,-19,-3,-16,-3,-14,-4]"
CSI_DATA,263916,d8:b1:90:d9:de:f0,-67,11,-99,-35,68,56,-449141657,100,0,114,0,"[-12,26,-14,29,-17,31,-19,32,-19,31,-19,28,-18,26,-18,24,-15,23,-15,22,-15,21,-14,19,-13,20,-12,19,-12,19,-12,19,-11,20,-12,20,-10,21,-10,21,-12,19,-10,19,-9,20,-8,21,-9,19,-7,19,-7,19,-8,18,0,0,-7,18,-9,19,-8,20,-11,20,-11,21,-11,20,-12,21,-13,21,-14,20,-15,21,-13,19,-13,17,-13,16,-12,15,-13,14,-12,13,-12,13,-12,12,-12,13,-13,12,-13,12,-13,12,-12,13,-15,12,-15,11,-14,10,-13,10,-12,8]"
CSI_DATA,263917,d8:b1:90:d9:de:f0,-67,11,-99,-34,68,56,-449125878,100,0,114,0,"[4,28,4,31,3,33,4,34,4,35,5,34,4,31,4,30,5,26,6,26,6,23,7,23,8,22,8,21,10,21,10,21,12,21,12,20,14,20,13,18,14,18,16,16,15,15,15,14,16,14,15,13,16,12,16,10,0,0,20,10,19,10,19,10,19,10,21,11,20,10,22,10,23,12,22,10,22,11,21,10,20,11,18,10,18,9,17,7,16,8,16,7,16,6,16,5,16,5,18,5,17,5,18,6,19,6,17,5,16,5,15,5,13,5]"
CSI_DATA,263918,d8:b1:90:d9:de:f0,-66,11,-99,-35,68,56,-449111639,100,0,114,0,"[-15,25,-19,27,-21,28,-23,28,-25,25,-24,24,-24,22,-23,19,-21,19,-21,17,-19,15,-19,15,-18,15,-18,15,-17,14,-17,16,-18,15,-18,15,-19,16,-18,15,-18,15,-18,14,-18,13,-17,15,-17,14,-16,13,-16,12,-17,12,0,0,-17,12,-18,12,-19,12,-19,12,-20,11,-21,11,-22,12,-25,10,-25,9,-25,9,-25,7,-23,6,-22,5,-21,4,-21,2,-20,1,-19,2,-19,0,-19,0,-20,0,-19,0,-20,0,-19,0,-20,-1,-20,-3,-19,-4,-16,-3,-16,-5]"
CSI_DATA,263919,d8:b1:90:d9:de:f0,-67,11,-99,-35,68,56,-449101631,100,0,114,0,"[-29,4,-32,3,-35,3,-34,1,-36,1,-34,0,-32,0,-31,0,-27,0,-26,0,-25,1,-24,1,-24,2,-23,4,-22,3,-22,4,-23,6,-24,6,-22,6,-22,6,-21,7,-21,9,-20,9,-19,9,-20,9,-18,8,-18,10,-19,9,0,0,-17,10,-18,12,-18,12,-20,12,-20,11,-21,12,-21,12,-23,12,-23,12,-23,12,-21,12,-20,10,-20,10,-19,8,-19,10,-18,8,-18,7,-17,8,-17,8,-17,8,-19,9,-18,8,-17,8,-19,9,-19,8,-17,8,-15,6,-15,6]"
CSI_DATA,263920,d8:b1:90:d9:de:f0,-66,11,-99,-37,68,56,-449091129,100,0,114,0,"[30,0,33,0,36,0,37,1,37,0,35,0,33,0,31,0,30,-1,29,-1,26,-3,25,-4,24,-5,23,-6,23,-8,23,-9,22,-10,22,-11,22,-12,21,-14,20,-14,19,-16,18,-15,16,-16,16,-15,15,-17,14,-17,13,-18,0,0,11,-17,11,-20,11,-21,12,-21,12,-22,12,-24,11,-24,13,-23,12,-24,12,-24,11,-24,10,-22,10,-22,10,-21,10,-20,8,-19,7,-19,7,-19,7,-21,6,-21,6,-21,5,-22,4,-22,4,-22,5,-22,5,-20,2,-18,3,-18]"
CSI_DATA,263921,d8:b1:90:d9:de:f0,-66,11,-99,-35,68,56,-449068583,100,0,114,0,"[12,25,12,29,12,32,11,33,11,33,8,32,7,31,6,30,6,27,6,26,6,25,5,24,5,23,6,23,6,22,6,23,7,24,6,24,7,23,7,23,8,22,7,22,8,22,8,21,7,22,7,21,8,21,7,19,0,0,7,20,8,21,7,21,6,23,8,24,7,25,6,25,6,25,6,24,4,25,3,24,2,24,1,23,1,22,1,20,0,20,0,19,0,19,0,19,0,19,0,20,0,21,0,21,0,23,0,19,-1,19,-3,19,-2,14]"
CSI_DATA,263922,d8:b1:90:d9:de:f0,-67,11,-99,-34,68,56,-449050821,100,0,114,0,"[-27,-9,-29,-12,-30,-14,-30,-16,-28,-16,-27,-16,-26,-16,-23,-15,-22,-15,-21,-15,-19,-15,-20,-14,-18,-13,-17,-13,-18,-13,-18,-13,-19,-13,-20,-13,-20,-14,-19,-13,-19,-14,-19,-12,-18,-12,-18,-12,-18,-12,-17,-10,-16,-11,-16,-10,0,0,-18,-11,-17,-13,-17,-14,-18,-14,-19,-15,-19,-16,-20,-17,-19,-18,-19,-18,-18,-18,-17,-18,-15,-18,-15,-18,-13,-18,-11,-16,-11,-16,-10,-16,-10,-16,-10,-16,-9,-15,-10,-16,-10,-18,-10,-19,-9,-20,-9,-17,-8,-17,-5,-17,-5,-15]"
CSI_DATA,263923,d8:b1:90:d9:de:f0,-67,11,-99,-34,68,56,-449030701,100,0,114,0,"[-6,27,-9,29,-10,31,-12,31,-13,31,-13,29,-14,27,-13,26,-13,24,-11,24,-11,21,-10,21,-10,21,-10,21,-8,21,-10,20,-10,21,-9,21,-9,22,-9,21,-9,21,-7,21,-7,21,-6,21,-6,20,-5,19,-6,19,-5,19,0,0,-7,21,-6,20,-7,21,-8,22,-9,22,-10,23,-10,24,-10,23,-11,22,-11,21,-11,21,-10,20,-12,20,-12,18,-11,15,-11,15,-11,15,-11,14,-12,13,-12,15,-12,14,-13,16,-11,15,-12,15,-13,13,-13,13,-11,11,-11,10]"
CSI_DATA,263924,d8:b1:90:d9:de:f0,-67,11,-99,-35,68,56,-449009503,100,0,114,0,"[4,-27,5,-30,8,-32,12,-33,12,-32,12,-30,12,-27,13,-26,13,-25,12,-23,12,-21,12,-21,12,-20,12,-19,12,-20,11,-19,12,-21,12,-20,12,-21,12,-20,12,-20,12,-20,12,-20,11,-19,11,-18,11,-19,10,-19,11,-18,0,0,12,-19,12,-18,14,-19,14,-19,16,-19,17,-19,18,-19,19,-19,20,-17,20,-17,19,-17,19,-14,19,-13,19,-12,18,-10,19,-10,17,-8,17,-8,18,-8,19,-7,19,-7,19,-7,19,-6,19,-6,19,-5,19,-4,17,-4,16,-2]"
CSI_DATA,263925,d8:b1:90:d9:de:f0,-67,11,-99,-36,69,56,-448997769,100,0,114,0,"[27,-3,29,-4,30,-4,30,-3,31,-4,29,-4,29,-3,27,-3,25,-4,24,-5,21,-6,22,-6,21,-7,20,-8,19,-8,19,-9,19,-10,19,-11,19,-12,18,-13,16,-13,16,-15,15,-15,13,-15,13,-15,12,-15,11,-14,10,-14,0,0,10,-18,9,-17,10,-19,10,-19,8,-20,11,-21,8,-21,10,-22,9,-23,11,-23,9,-22,7,-20,7,-19,5,-19,6,-18,6,-16,4,-17,5,-16,3,-17,4,-18,4,-18,3,-19,1,-19,2,-19,3,-19,2,-17,1,-15,1,-15]"
CSI_DATA,263926,d8:b1:90:d9:de:f0,-66,11,-99,-36,68,56,-448987003,100,0,114,0,"[19,22,20,24,21,28,20,30,19,29,17,31,16,27,16,28,14,25,12,24,11,23,12,21,11,22,12,21,12,22,12,21,14,21,13,22,14,23,13,20,14,21,13,20,14,19,14,19,14,18,14,18,13,18,13,18,0,0,13,18,13,18,15,21,14,20,14,23,14,24,14,24,13,24,12,24,11,23,11,24,9,24,9,22,9,22,8,19,7,20,7,18,6,18,7,18,5,19,6,18,6,19,6,19,6,20,6,18,4,18,3,16,1,16]"
CSI_DATA,263927,d8:b1:90:d9:de:f0,-66,11,-99,-34,67,56,-448971617,100,0,114,0,"[21,24,21,28,21,31,19,32,17,33,16,33,14,32,12,31,11,28,9,27,9,26,8,26,8,25,7,24,8,25,8,26,8,26,7,26,7,25,6,25,7,25,7,25,7,25,7,23,6,22,7,23,6,22,6,21,0,0,6,24,4,25,4,25,4,26,4,27,2,30,2,29,0,29,0,29,0,29,-2,28,-2,27,-2,25,-3,24,-4,22,-4,20,-5,20,-4,19,-5,19,-6,19,-6,19,-7,21,-6,21,-8,20,-8,17,-8,16,-9,16,-8,14]"
CSI_DATA,263928,d8:b1:90:d9:de:f0,-66,11,-99,-37,68,56,-448961617,100,0,114,0,"[28,-9,32,-11,33,-10,35,-9,35,-8,34,-8,33,-5,31,-7,29,-6,29,-6,26,-6,26,-7,25,-7,24,-8,23,-9,23,-9,23,-9,24,-10,24,-11,22,-11,22,-11,22,-11,22,-11,20,-12,20,-11,18,-12,18,-13,19,-14,0,0,19,-14,19,-15,20,-15,19,-14,20,-17,22,-16,21,-17,22,-17,23,-16,22,-17,22,-17,20,-14,20,-13,19,-13,17,-12,17,-11,15,-11,16,-12,16,-12,16,-13,16,-12,16,-12,14,-13,16,-13,16,-11,15,-11,12,-10,11,-8]"
CSI_DATA,263929,d8:b1:90:d9:de:f0,-66,11,-99,-36,68,56,-448944153,100,0,114,0,"[10,-28,12,-30,14,-32,16,-32,16,-32,16,-30,16,-29,16,-27,13,-25,12,-26,12,-24,10,-24,11,-24,9,-23,8,-24,8,-24,7,-24,8,-25,7,-24,6,-24,5,-24,3,-25,4,-24,1,-24,2,-24,0,-24,0,-23,0,-23,0,0,0,-22,0,-24,0,-24,0,-24,0,-25,0,-27,-1,-28,0,-28,0,-27,0,-27,0,-25,0,-26,0,-24,0,-24,1,-22,0,-20,0,-20,0,-19,0,-20,0,-18,0,-19,0,-19,-1,-19,0,-21,0,-18,0,-16,0,-16,0,-16]"
CSI_DATA,263930,d8:b1:90:d9:de:f0,-66,11,-99,-35,67,56,-448930099,100,0,114,0,"[-21,-23,-24,-25,-26,-26,-25,-28,-26,-28,-24,-28,-24,-27,-22,-25,-22,-22,-20,-22,-20,-20,-20,-19,-21,-18,-21,-16,-22,-16,-22,-15,-22,-15,-24,-14,-25,-13,-25,-12,-25,-11,-25,-10,-25,-8,-24,-8,-23,-6,-23,-5,-23,-4,-23,-3,0,0,-27,-3,-26,-2,-25,-2,-28,-1,-28,0,-28,-1,-30,-1,-30,-1,-31,-1,-30,0,-29,0,-28,-1,-28,0,-24,0,-25,0,-21,0,-20,0,-20,1,-20,0,-20,0,-20,2,-20,1,-20,1,-20,2,-20,4,-19,2,-16,2,-14,1]"
CSI_DATA,263931,d8:b1:90:d9:de:f0,-66,11,-99,-34,67,56,-448911121,100,0,114,0,"[-20,-25,-19,-27,-19,-31,-19,-32,-18,-33,-16,-33,-15,-31,-15,-30,-13,-27,-13,-28,-11,-25,-12,-24,-11,-24,-12,-24,-12,-23,-12,-22,-13,-24,-13,-23,-13,-23,-13,-22,-15,-23,-15,-22,-14,-22,-15,-20,-14,-20,-15,-20,-14,-17,-15,-18,0,0,-14,-18,-16,-19,-14,-20,-15,-20,-15,-21,-15,-23,-15,-23,-16,-26,-14,-25,-14,-24,-13,-24,-12,-23,-11,-21,-10,-21,-9,-20,-7,-19,-7,-18,-7,-17,-7,-16,-6,-17,-7,-18,-7,-19,-8,-20,-6,-19,-5,-16,-4,-16,-4,-16,-2,-14]"
CSI_DATA,263932,d8:b1:90:d9:de:f0,-66,11,-99,-34,67,56,-448891518,100,0,114,0,"[16,26,17,30,17,33,17,33,16,34,16,33,16,32,16,31,14,29,13,26,13,24,13,23,14,24,15,22,15,22,16,23,16,23,16,21,18,22,18,19,18,20,19,19,19,18,20,17,18,16,19,16,19,15,19,13,0,0,20,12,20,14,22,14,22,15,22,16,23,16,24,16,23,15,23,16,22,15,22,15,20,16,20,15,18,13,16,13,16,12,15,12,16,10,16,11,16,10,16,10,17,11,16,11,17,11,16,9,16,9,14,10,11,8]"
CSI_DATA,263933,d8:b1:90:d9:de:f0,-66,11,-99,-36,68,56,-448881502,100,0,114,0,"[-30,0,-33,-2,-34,-3,-35,-4,-36,-6,-35,-7,-32,-8,-30,-8,-28,-8,-25,-8,-25,-8,-24,-8,-24,-8,-24,-8,-24,-8,-24,-7,-24,-7,-25,-6,-26,-5,-25,-5,-25,-6,-24,-5,-24,-4,-23,-4,-22,-4,-23,-4,-22,-4,-22,-4,0,0,-24,-3,-22,-4,-24,-5,-24,-5,-24,-7,-25,-8,-24,-8,-24,-9,-24,-9,-24,-9,-22,-9,-21,-12,-20,-11,-19,-10,-18,-11,-16,-10,-15,-9,-16,-9,-15,-9,-14,-10,-16,-10,-14,-11,-13,-10,-14,-11,-14,-11,-13,-10,-10,-9,-8,-9]"
CSI_DATA,263934,d8:b1:90:d9:de:f0,-66,11,-99,-35,67,56,-448861527,100,0,114,0,"[-8,-31,-7,-34,-5,-37,-4,-38,-2,-39,-2,-37,-1,-36,-1,-34,-2,-33,-1,-32,0,-29,0,-30,0,-29,-1,-28,-1,-30,-1,-29,-2,-29,-2,-29,-3,-27,-4,-29,-4,-28,-5,-28,-6,-27,-5,-26,-6,-26,-5,-26,-5,-25,-5,-22,0,0,-7,-24,-5,-25,-6,-23,-6,-27,-6,-27,-5,-29,-5,-29,-5,-29,-4,-28,-1,-27,-1,-26,-1,-26,0,-24,0,-23,0,-22,0,-21,0,-20,0,-18,0,-20,0,-19,0,-19,0,-20,0,-21,0,-20,0,-17,1,-17,1,-15,2,-13]"
CSI_DATA,263935,d8:b1:90:d9:de:f0,-65,11,-99,-35,67,56,-448841614,100,0,114,0,"[7,33,6,34,4,38,4,39,3,40,3,38,2,36,1,35,2,33,1,32,2,30,2,29,2,28,2,29,5,29,4,29,5,28,5,29,7,29,8,27,8,27,10,27,8,25,10,24,10,24,10,23,10,22,11,21,0,0,12,23,11,22,11,23,13,24,13,26,13,27,13,28,12,28,11,27,11,27,10,26,9,25,6,24,7,23,7,20,7,20,6,19,5,17,7,18,6,17,6,18,6,18,7,19,7,18,5,16,5,15,3,15,2,12]"
CSI_DATA,263936,d8:b1:90:d9:de:f0,-66,11,-99,-33,67,56,-448831217,100,0,114,0,"[29,-11,32,-11,35,-11,35,-11,35,-12,35,-12,33,-11,31,-11,29,-12,28,-11,25,-11,24,-12,24,-13,22,-14,22,-16,22,-17,20,-18,21,-18,20,-19,18,-20,16,-21,14,-22,14,-21,11,-22,11,-22,10,-22,10,-22,8,-22,0,0,7,-22,7,-24,6,-24,6,-25,5,-26,6,-27,6,-27,6,-27,5,-26,5,-27,4,-25,4,-25,2,-23,3,-22,3,-20,2,-21,1,-20,2,-19,1,-18,0,-17,0,-18,0,-19,0,-18,-1,-18,0,-17,0,-16,-1,-14,0,-12]"
CSI_DATA,263937,d8:b1:90:d9:de:f0,-66,11,-99,-37,68,56,-448821119,100,0,114,0,"[30,-8,33,-6,36,-5,37,-5,38,-3,37,-3,35,-2,33,-2,29,-3,29,-2,27,-3,27,-2,27,-4,26,-3,25,-4,25,-4,25,-4,27,-6,26,-6,25,-7,25,-8,25,-8,22,-8,23,-9,22,-8,22,-8,20,-9,21,-10,0,0,20,-11,21,-11,22,-11,23,-11,22,-12,24,-11,25,-11,25,-11,25,-10,25,-10,24,-10,22,-6,21,-6,20,-6,21,-6,21,-5,19,-5,18,-6,19,-6,18,-6,18,-6,17,-5,16,-4,18,-5,19,-5,17,-4,14,-3,11,-2]"
CSI_DATA,263938,d8:b1:90:d9:de:f0,-66,11,-99,-35,67,56,-448801359,100,0,114,0,"[-33,-4,-34,-5,-37,-6,-36,-7,-37,-9,-36,-8,-34,-9,-34,-7,-31,-6,-30,-6,-29,-4,-28,-4,-27,-2,-27,-2,-28,0,-27,0,-28,0,-28,0,-27,1,-28,2,-26,3,-26,3,-25,4,-25,6,-25,6,-23,6,-23,8,-23,9,0,0,-24,8,-21,9,-22,9,-26,9,-25,11,-26,10,-27,11,-27,10,-27,11,-26,10,-26,9,-24,9,-23,8,-21,8,-20,8,-19,8,-18,7,-18,8,-19,8,-18,9,-19,9,-18,9,-16,8,-16,7,-16,8,-15,7,-13,5,-11,6]"
CSI_DATA,263939,d8:b1:90:d9:de:f0,-66,11,-99,-37,68,56,-448781237,100,0,114,0,"[-18,25,-22,26,-23,28,-24,29,-23,29,-23,28,-22,26,-22,25,-19,22,-18,22,-16,22,-15,22,-14,21,-13,22,-11,23,-11,23,-11,25,-10,24,-10,25,-7,24,-6,24,-4,24,-4,23,-2,24,-2,23,-2,22,0,23,0,22,0,0,0,23,1,22,1,25,1,25,2,27,1,27,2,27,2,28,2,27,2,28,1,26,2,24,2,23,3,22,2,20,2,20,2,19,2,18,3,18,3,17,3,18,4,18,6,17,5,18,4,17,4,16,3,15,4,12]"
CSI_DATA,263940,d8:b1:90:d9:de:f0,-66,11,-99,-37,68,56,-448761624,100,0,114,0,"[0,30,-3,33,-5,35,-7,36,-8,36,-10,34,-11,32,-11,31,-10,29,-11,27,-10,26,-10,23,-11,24,-10,23,-11,23,-10,24,-9,24,-11,23,-10,26,-10,24,-9,25,-8,25,-8,23,-7,23,-8,22,-7,22,-8,21,-9,22,0,0,-8,22,-9,23,-10,23,-11,23,-12,24,-12,24,-13,24,-14,24,-15,22,-15,22,-16,21,-15,20,-14,18,-13,17,-14,14,-15,14,-14,12,-14,13,-13,12,-14,11,-14,11,-15,12,-12,11,-15,11,-16,9,-14,10,-12,9,-12,8]"
CSI_DATA,263941,d8:b1:90:d9:de:f0,-66,11,-99,-34,67,56,-448751387,100,0,114,0,"[-18,-25,-19,-28,-19,-31,-19,-33,-19,-33,-18,-32,-16,-31,-16,-30,-16,-28,-15,-27,-16,-24,-14,-24,-14,-23,-14,-23,-16,-22,-16,-22,-16,-21,-18,-20,-19,-20,-19,-19,-20,-20,-19,-19,-19,-17,-20,-16,-19,-16,-19,-15,-19,-14,-21,-13,0,0,-19,-14,-21,-13,-21,-14,-23,-15,-24,-16,-24,-15,-25,-16,-23,-16,-23,-16,-23,-16,-22,-16,-20,-16,-20,-15,-17,-14,-17,-13,-17,-13,-16,-12,-16,-10,-16,-11,-16,-9,-16,-10,-16,-11,-16,-10,-16,-12,-16,-8,-15,-7,-13,-9,-12,-8]"
CSI_DATA,263942,d8:b1:90:d9:de:f0,-66,11,-99,-37,68,56,-448741241,100,0,114,0,"[2,-30,5,-32,8,-35,9,-35,12,-34,11,-33,13,-31,13,-30,12,-27,11,-26,12,-25,11,-24,11,-23,11,-22,11,-23,11,-22,11,-23,12,-24,12,-22,11,-23,11,-23,10,-23,11,-23,10,-22,10,-22,11,-22,9,-21,10,-22,0,0,11,-21,10,-22,11,-23,13,-22,13,-23,14,-24,15,-23,16,-23,16,-22,18,-21,17,-20,17,-20,16,-18,15,-16,15,-14,15,-12,13,-12,13,-11,13,-11,15,-11,14,-11,14,-11,13,-11,15,-11,16,-8,15,-9,13,-8,11,-7]"
CSI_DATA,263943,d8:b1:90:d9:de:f0,-66,11,-99,-35,67,56,-448718020,100,0,114,0,"[27,-18,32,-18,34,-17,35,-17,35,-15,35,-12,34,-10,33,-9,31,-9,30,-8,29,-6,27,-7,27,-7,27,-7,27,-6,27,-8,28,-8,28,-7,27,-8,27,-7,27,-8,26,-8,26,-9,24,-8,26,-8,23,-7,23,-9,24,-8,0,0,27,-9,24,-7,25,-7,27,-7,27,-6,28,-5,28,-5,29,-4,29,-2,29,-3,27,-1,24,0,24,0,22,0,21,0,21,0,18,0,19,0,18,0,19,0,20,0,19,2,17,0,17,2,17,2,17,3,14,2,13,1]"
CSI_DATA,263944,d8:b1:90:d9:de:f0,-66,11,-99,-34,67,56,-448701625,100,0,114,0,"[-20,-22,-21,-26,-22,-29,-22,-29,-22,-31,-20,-32,-19,-30,-18,-29,-17,-27,-17,-24,-16,-23,-16,-24,-15,-21,-16,-21,-16,-20,-16,-20,-18,-19,-18,-20,-20,-19,-20,-18,-20,-18,-21,-17,-20,-17,-21,-15,-20,-14,-20,-15,-21,-14,-20,-13,0,0,-22,-12,-20,-13,-22,-13,-24,-13,-24,-16,-23,-16,-24,-15,-23,-16,-24,-15,-22,-15,-21,-14,-20,-15,-18,-13,-17,-13,-16,-11,-16,-11,-16,-10,-16,-9,-16,-9,-15,-9,-15,-8,-15,-9,-15,-9,-15,-10,-15,-8,-14,-8,-11,-8,-10,-7]"
CSI_DATA,263945,d8:b1:90:d9:de:f0,-65,11,-99,-36,67,56,-448691536,100,0,114,0,"[1,35,-1,38,-4,40,-6,42,-6,41,-8,40,-10,37,-11,35,-9,34,-9,33,-10,30,-10,29,-11,28,-9,28,-9,28,-10,27,-9,29,-9,28,-9,29,-9,28,-9,29,-7,28,-7,28,-7,28,-8,27,-7,26,-9,26,-9,25,0,0,-8,26,-9,26,-11,27,-11,27,-11,27,-12,28,-12,27,-14,28,-14,25,-15,24,-16,23,-15,21,-15,20,-14,18,-13,17,-14,16,-12,15,-14,13,-13,14,-13,13,-13,13,-14,13,-13,13,-14,13,-14,10,-13,9,-12,10,-11,7]"
CSI_DATA,263946,d8:b1:90:d9:de:f0,-65,11,-99,-35,67,56,-448671035,100,0,114,0,"[-23,25,-25,26,-29,27,-32,25,-33,26,-32,24,-32,20,-31,18,-29,18,-30,15,-27,14,-27,14,-26,14,-26,13,-26,13,-26,13,-26,13,-28,14,-26,15,-27,14,-25,14,-25,14,-25,13,-24,14,-24,12,-22,13,-22,12,-23,12,0,0,-23,11,-23,11,-24,11,-25,11,-25,10,-26,9,-26,8,-26,8,-27,6,-27,5,-24,5,-24,5,-23,3,-21,1,-20,2,-18,1,-17,0,-17,0,-17,0,-18,0,-18,0,-17,0,-14,0,-15,0,-17,-2,-14,-2,-12,-1,-13,-1]"
CSI_DATA,263947,d8:b1:90:d9:de:f0,-65,11,-99,-36,67,56,-448651589,100,0,114,0,"[-12,-34,-11,-37,-10,-39,-8,-41,-7,-41,-5,-40,-4,-38,-5,-37,-5,-36,-4,-34,-5,-32,-5,-31,-5,-29,-6,-29,-6,-30,-7,-30,-8,-29,-7,-30,-8,-30,-9,-29,-10,-29,-10,-29,-11,-28,-11,-27,-11,-26,-11,-25,-11,-23,-11,-24,0,0,-12,-24,-10,-26,-11,-25,-12,-26,-11,-27,-12,-27,-13,-28,-11,-29,-10,-27,-10,-26,-9,-25,-8,-23,-8,-22,-7,-21,-6,-18,-5,-18,-5,-17,-5,-16,-6,-15,-5,-17,-5,-16,-6,-17,-6,-17,-6,-17,-5,-15,-4,-15,-3,-14,-3,-12]"
CSI_DATA,263948,d8:b1:90:d9:de:f0,-65,11,-99,-36,67,56,-448631740,100,0,114,0,"[-30,19,-33,20,-36,20,-36,19,-38,19,-38,18,-37,16,-35,16,-33,16,-31,16,-28,15,-29,15,-28,15,-26,15,-26,17,-25,17,-25,19,-25,19,-25,20,-24,20,-23,21,-22,22,-20,21,-18,22,-19,22,-18,21,-17,21,-16,21,0,0,-15,22,-16,22,-15,21,-16,23,-15,24,-17,25,-16,24,-16,24,-15,23,-16,23,-15,21,-13,19,-13,18,-12,17,-12,16,-12,15,-10,14,-10,14,-9,15,-9,15,-10,15,-8,14,-8,13,-8,14,-9,14,-8,13,-6,12,-6,10]"
CSI_DATA,263949,d8:b1:90:d9:de:f0,-65,11,-99,-35,67,56,-448621691,100,0,114,0,"[-4,34,-7,37,-9,40,-11,40,-13,39,-13,37,-15,35,-14,34,-14,32,-13,31,-13,28,-12,27,-13,28,-12,27,-12,28,-12,28,-11,30,-12,28,-11,29,-11,29,-10,29,-10,29,-9,29,-9,28,-9,26,-7,26,-8,24,-9,25,0,0,-8,26,-9,25,-10,24,-10,25,-10,25,-12,26,-12,25,-14,25,-14,23,-15,23,-14,21,-14,20,-13,18,-12,16,-12,15,-11,12,-10,12,-10,12,-10,12,-11,11,-10,11,-10,11,-9,12,-11,11,-12,9,-11,8,-10,9,-9,7]"
CSI_DATA,263950,d8:b1:90:d9:de:f0,-65,11,-99,-37,67,56,-448611316,100,0,114,0,"[36,10,39,13,41,14,42,17,42,17,41,16,39,16,37,15,34,13,32,13,31,11,30,11,30,10,29,9,30,8,30,7,30,7,33,4,33,4,32,3,32,3,32,2,31,1,29,-1,29,-1,28,0,28,-1,28,-2,0,0,27,-4,27,-3,28,-4,29,-3,28,-5,29,-4,28,-2,29,-3,28,-4,28,-3,27,-3,24,-2,24,-1,22,-2,20,-3,19,-2,17,-2,17,-3,17,-3,16,-3,16,-3,15,-3,15,-2,16,-3,17,-4,15,-3,13,-3,11,-3]"
CSI_DATA,263951,d8:b1:90:d9:de:f0,-65,11,-99,-36,67,56,-448591515,100,0,114,0,"[-32,15,-36,15,-39,15,-40,14,-40,14,-37,13,-38,13,-34,13,-32,12,-32,12,-30,12,-28,14,-28,15,-27,16,-25,17,-26,18,-24,19,-25,19,-24,21,-23,21,-20,23,-20,24,-19,23,-17,24,-17,25,-14,24,-14,24,-12,23,0,0,-13,23,-12,24,-10,25,-12,26,-11,25,-11,26,-11,27,-11,26,-11,26,-11,25,-8,23,-8,22,-7,21,-6,19,-7,18,-6,16,-5,16,-4,15,-4,15,-4,16,-5,17,-2,16,-2,16,-2,16,-3,16,-2,14,-1,14,0,12]"
CSI_DATA,263952,d8:b1:90:d9:de:f0,-65,11,-99,-36,67,56,-448581201,100,0,114,0,"[0,37,-4,39,-5,41,-6,43,-7,42,-9,41,-10,39,-10,37,-9,35,-9,33,-8,32,-9,30,-7,30,-8,30,-6,29,-6,30,-4,31,-6,31,-6,31,-4,30,-4,31,-3,30,-2,30,-1,29,-2,29,-2,28,-2,28,-1,26,0,0,0,27,-2,27,-2,28,-2,27,-3,29,-4,29,-4,28,-5,29,-6,27,-6,27,-6,24,-6,23,-5,21,-5,20,-6,18,-6,17,-5,15,-6,15,-6,15,-7,15,-7,15,-5,16,-4,15,-6,15,-7,13,-6,13,-5,14,-7,14]"
CSI_DATA,263953,d8:b1:90:d9:de:f0,-65,11,-99,-37,67,56,-448561384,100,0,114,0,"[-33,15,-37,15,-41,14,-41,14,-42,14,-42,13,-39,10,-38,9,-33,10,-33,9,-29,9,-30,9,-30,10,-29,10,-28,11,-28,12,-28,12,-29,14,-28,15,-28,15,-27,15,-26,17,-25,17,-23,17,-24,15,-22,16,-22,16,-21,15,0,0,-20,17,-21,16,-21,16,-22,18,-21,18,-22,18,-22,17,-22,18,-22,16,-23,16,-21,13,-19,13,-18,11,-17,11,-16,11,-16,10,-14,9,-14,9,-15,10,-15,10,-14,10,-14,9,-13,9,-15,9,-15,9,-14,9,-12,9,-10,7]"
CSI_DATA,263954,d8:b1:90:d9:de:f0,-65,11,-99,-35,67,56,-448541682,100,0,114,0,"[-34,-7,-37,-10,-38,-11,-38,-12,-42,-14,-39,-12,-38,-13,-35,-13,-34,-10,-32,-10,-30,-8,-31,-7,-31,-6,-30,-4,-30,-3,-29,-1,-29,0,-33,-1,-31,0,-30,1,-30,1,-31,4,-29,4,-27,5,-27,5,-26,6,-25,6,-25,8,0,0,-25,9,-25,8,-24,10,-26,11,-25,10,-26,10,-26,9,-25,10,-26,10,-24,10,-23,9,-20,8,-19,8,-17,7,-18,7,-16,7,-15,7,-14,7,-14,7,-14,7,-15,8,-14,8,-13,6,-14,7,-15,7,-13,7,-11,7,-9,6]"
CSI_DATA,263955,d8:b1:90:d9:de:f0,-65,11,-99,-36,67,56,-448531637,100,0,114,0,"[22,28,22,33,23,36,20,37,20,39,20,37,18,37,15,36,15,32,14,32,13,29,12,30,14,28,13,27,14,27,14,28,15,28,15,27,16,27,16,26,17,28,18,27,17,26,17,24,17,24,17,24,16,23,16,21,0,0,16,22,15,22,16,23,17,24,16,25,16,26,16,25,15,26,14,24,12,24,12,22,9,23,9,21,8,19,8,18,7,18,7,17,6,15,7,15,6,15,6,15,6,17,7,17,7,17,5,15,5,15,5,15,3,13]"
CSI_DATA,263956,d8:b1:90:d9:de:f0,-65,11,-99,-37,67,56,-448521630,100,0,114,0,"[-11,33,-14,36,-15,39,-17,40,-17,41,-15,38,-16,37,-14,34,-12,32,-11,32,-9,30,-8,30,-6,30,-5,30,-3,31,-3,31,-1,31,0,31,1,32,3,31,3,30,6,31,7,29,7,30,9,27,9,27,9,25,10,25,0,0,12,24,12,23,13,25,14,24,14,25,14,26,14,25,15,25,14,24,13,23,14,21,13,20,13,19,12,18,11,16,11,14,9,13,10,12,10,12,10,12,12,13,12,13,13,13,13,12,11,11,11,11,11,10,10,9]"
CSI_DATA,263957,d8:b1:90:d9:de:f0,-65,11,-99,-36,67,56,-448511630,100,0,114,0,"[25,-25,28,-26,31,-26,32,-26,33,-26,32,-24,32,-22,30,-21,27,-20,27,-20,25,-19,25,-19,25,-19,23,-19,23,-19,22,-20,22,-21,23,-23,22,-23,21,-23,20,-23,19,-23,18,-23,17,-23,17,-23,16,-22,16,-21,15,-23,0,0,17,-22,15,-23,14,-22,16,-24,15,-24,16,-24,16,-24,17,-23,16,-23,18,-22,16,-20,15,-19,15,-17,13,-15,13,-14,13,-14,12,-14,11,-13,12,-13,13,-14,12,-14,11,-14,11,-14,12,-13,14,-12,12,-12,11,-12,9,-10]"
CSI_DATA,263958,d8:b1:90:d9:de:f0,-65,11,-99,-35,67,56,-448491659,100,0,114,0,"[33,10,35,10,38,13,38,15,38,15,37,15,34,16,34,15,33,13,30,14,29,11,29,10,28,9,29,9,29,8,30,7,29,6,31,5,31,4,29,2,31,2,31,1,30,2,29,0,29,0,27,0,27,0,28,-2,0,0,26,-1,28,-3,27,-4,28,-4,28,-3,29,-3,29,-3,29,-1,28,-3,29,-3,26,-2,23,-1,23,-2,20,-1,20,-2,18,-1,16,-1,16,-2,17,-2,17,-2,17,-1,16,-2,17,-1,17,-3,17,-4,15,-4,13,-2,14,-3]"
CSI_DATA,263959,d8:b1:90:d9:de:f0,-65,11,-99,-35,67,56,-448481424,100,0,114,0,"[19,29,19,33,19,34,16,36,16,38,13,38,12,36,10,35,10,33,8,32,8,29,7,30,6,30,6,29,7,28,8,28,8,28,8,30,9,30,8,29,8,29,10,30,7,27,9,27,8,27,9,27,8,25,7,23,0,0,6,24,7,23,5,24,6,27,6,28,4,28,4,29,3,28,2,26,0,25,0,25,0,23,0,22,-1,20,-1,19,-1,18,-2,16,-2,16,-2,16,-4,16,-2,17,-2,16,-2,17,-3,16,-4,14,-3,14,-3,14,-3,12]"
CSI_DATA,263960,d8:b1:90:d9:de:f0,-65,11,-99,-35,67,56,-448470479,100,0,114,0,"[-25,-23,-26,-28,-26,-31,-25,-32,-25,-33,-23,-33,-21,-32,-19,-32,-19,-27,-18,-26,-17,-24,-17,-26,-15,-25,-17,-23,-17,-24,-18,-23,-19,-23,-20,-23,-20,-24,-19,-22,-20,-22,-23,-22,-19,-21,-21,-19,-20,-19,-21,-19,-20,-17,-18,-17,0,0,-19,-15,-19,-17,-20,-18,-20,-18,-21,-19,-21,-19,-20,-20,-19,-20,-18,-19,-18,-19,-15,-18,-14,-18,-13,-17,-11,-16,-11,-14,-9,-13,-10,-14,-8,-12,-8,-13,-9,-13,-10,-13,-10,-14,-10,-14,-10,-15,-10,-13,-9,-12,-7,-13,-6,-10]"
CSI_DATA,263961,d8:b1:90:d9:de:f0,-66,11,-99,-35,67,56,-448451652,100,0,114,0,"[21,26,22,30,23,32,23,32,24,34,22,32,22,32,21,28,20,26,21,26,20,22,21,21,20,21,21,18,22,18,23,17,24,17,26,16,26,14,27,13,26,11,27,11,27,10,26,7,27,6,26,6,24,3,25,2,0,0,25,0,26,0,25,0,28,0,27,0,28,0,28,0,28,0,27,0,25,-2,24,0,22,0,21,-1,19,0,19,-2,17,-2,17,-1,15,-2,16,-3,16,-3,16,-4,14,-3,15,-3,16,-5,15,-7,14,-6,13,-4,11,-4]"
CSI_DATA,263962,d8:b1:90:d9:de:f0,-65,11,-99,-36,67,56,-448441588,100,0,114,0,"[5,-36,8,-39,10,-41,11,-42,13,-42,13,-40,13,-37,14,-36,12,-34,12,-33,10,-31,10,-30,10,-29,8,-30,8,-30,8,-30,7,-30,7,-32,6,-32,5,-31,5,-31,4,-31,3,-31,1,-30,2,-29,2,-29,-1,-28,0,-28,0,0,0,-27,-2,-26,0,-27,-1,-27,0,-29,0,-29,0,-28,0,-29,1,-26,2,-27,1,-25,2,-24,2,-23,1,-21,2,-19,3,-20,3,-18,2,-18,2,-18,2,-18,2,-17,0,-18,0,-18,1,-19,2,-16,2,-16,2,-15,1,-13]"
CSI_DATA,263963,d8:b1:90:d9:de:f0,-66,11,-99,-35,67,56,-448421468,100,0,114,0,"[-7,-32,-6,-36,-6,-38,-5,-38,-4,-39,-4,-38,-3,-36,-1,-34,-3,-33,-2,-32,-3,-30,-3,-30,-3,-30,-3,-28,-5,-29,-5,-29,-6,-29,-8,-29,-9,-28,-10,-28,-10,-28,-11,-26,-11,-26,-12,-25,-12,-25,-12,-23,-12,-22,-13,-20,0,0,-14,-22,-13,-22,-14,-22,-15,-23,-15,-23,-14,-24,-16,-23,-14,-23,-14,-21,-13,-22,-12,-20,-12,-22,-11,-19,-10,-18,-10,-16,-8,-16,-10,-15,-8,-13,-8,-13,-9,-14,-10,-13,-9,-15,-11,-15,-11,-15,-10,-13,-10,-12,-8,-12,-7,-12]"
CSI_DATA,263964,d8:b1:90:d9:de:f0,-65,11,-99,-36,67,56,-448409632,100,0,114,0,"[-34,-4,-37,-5,-39,-6,-40,-9,-40,-10,-39,-9,-36,-11,-35,-11,-32,-9,-32,-10,-30,-8,-28,-8,-30,-7,-29,-7,-29,-6,-30,-4,-29,-5,-30,-4,-31,-2,-30,-2,-29,-1,-31,-2,-28,-2,-28,0,-28,1,-26,1,-26,2,-27,2,0,0,-26,4,-28,3,-27,4,-28,4,-28,3,-28,3,-28,3,-28,2,-28,3,-28,3,-25,4,-25,2,-23,2,-22,2,-21,2,-20,1,-18,0,-18,2,-18,1,-18,1,-20,1,-19,2,-18,1,-19,3,-19,4,-18,2,-16,2,-13,2]"
CSI_DATA,263965,d8:b1:90:d9:de:f0,-65,11,-99,-36,67,56,-448391648,100,0,114,0,"[30,-19,34,-19,36,-20,38,-17,39,-16,38,-15,36,-12,35,-12,32,-12,30,-10,29,-10,28,-10,28,-11,28,-10,28,-11,28,-11,28,-12,29,-12,30,-13,28,-13,27,-13,27,-13,26,-13,24,-13,25,-13,23,-14,23,-15,23,-14,0,0,23,-15,22,-16,24,-16,24,-16,24,-16,25,-15,25,-15,24,-14,25,-12,25,-12,23,-12,22,-11,21,-10,19,-10,19,-9,18,-7,16,-7,17,-8,17,-7,16,-8,17,-8,17,-8,15,-8,16,-8,17,-8,16,-7,14,-7,15,-8]"
CSI_DATA,263966,d8:b1:90:d9:de:f0,-65,11,-99,-36,67,56,-448381377,100,0,114,0,"[34,-7,39,-6,40,-5,41,-4,40,-3,40,-4,38,-3,36,-3,34,-4,33,-4,30,-6,29,-5,28,-7,28,-9,27,-10,27,-10,29,-12,28,-12,28,-14,27,-15,27,-17,25,-17,23,-17,22,-18,22,-19,20,-19,18,-20,19,-21,0,0,19,-20,17,-22,17,-23,17,-24,17,-25,17,-25,16,-25,15,-25,15,-24,15,-24,14,-23,13,-22,12,-20,10,-19,11,-18,9,-18,8,-16,8,-17,7,-17,7,-18,7,-18,5,-18,5,-18,3,-19,4,-20,3,-19,2,-16,1,-17]"
CSI_DATA,263967,d8:b1:90:d9:de:f0,-66,11,-99,-38,68,56,-448371121,100,0,114,0,"[22,22,23,26,22,28,21,30,22,31,20,30,17,30,16,29,15,26,14,26,14,23,13,23,14,23,13,23,14,22,14,21,15,23,16,23,16,23,16,21,17,24,17,21,16,22,17,20,16,19,16,20,16,19,16,18,0,0,17,18,18,19,19,18,19,20,19,22,19,21,18,21,18,22,18,20,16,20,16,20,14,20,13,17,13,16,12,16,11,16,11,15,9,14,11,14,10,14,11,15,11,15,11,16,13,16,13,13,12,14,10,14,11,12]"
CSI_DATA,263968,d8:b1:90:d9:de:f0,-65,11,-99,-37,67,56,-448351671,100,0,114,0,"[7,-32,10,-36,12,-38,12,-39,13,-39,12,-37,13,-36,13,-32,11,-32,10,-31,9,-28,9,-27,8,-27,6,-27,6,-28,5,-28,4,-28,4,-30,3,-29,3,-30,1,-31,0,-31,-1,-29,-3,-28,-2,-28,-4,-28,-4,-26,-6,-26,0,0,-6,-26,-7,-27,-8,-27,-9,-29,-9,-30,-9,-30,-11,-30,-10,-31,-10,-28,-8,-29,-8,-27,-8,-26,-8,-24,-8,-21,-7,-20,-8,-19,-8,-19,-7,-17,-8,-17,-9,-16,-10,-16,-10,-17,-12,-17,-12,-17,-11,-14,-11,-14,-11,-14,-10,-13]"
CSI_DATA,263969,d8:b1:90:d9:de:f0,-65,11,-99,-37,67,56,-448341531,100,0,114,0,"[-17,-28,-16,-32,-16,-37,-13,-38,-13,-39,-11,-37,-10,-37,-8,-33,-7,-32,-5,-32,-6,-29,-6,-29,-4,-29,-5,-28,-6,-30,-6,-29,-7,-29,-6,-29,-6,-31,-7,-30,-6,-30,-7,-29,-7,-28,-8,-27,-7,-28,-8,-27,-7,-27,-8,-27,0,0,-8,-25,-7,-28,-8,-28,-8,-28,-8,-29,-7,-31,-7,-30,-5,-32,-6,-30,-4,-30,-5,-28,-3,-27,-3,-25,-2,-23,-2,-22,-2,-21,-2,-20,-1,-18,-2,-19,-1,-19,-2,-18,-2,-20,-3,-20,-3,-21,-2,-19,-2,-18,-2,-18,-1,-16]"
CSI_DATA,263970,d8:b1:90:d9:de:f0,-65,11,-99,-34,66,56,-448331525,100,0,114,0,"[4,-36,5,-38,6,-41,8,-40,7,-43,7,-40,7,-40,8,-37,7,-34,7,-32,6,-32,4,-31,3,-31,3,-31,1,-31,0,-31,-2,-32,-1,-33,-3,-32,-5,-31,-6,-31,-7,-32,-7,-30,-8,-29,-8,-30,-10,-30,-10,-27,-11,-26,0,0,-14,-25,-14,-26,-14,-26,-16,-26,-16,-27,-16,-28,-18,-28,-18,-28,-20,-26,-18,-26,-18,-24,-16,-24,-18,-21,-15,-20,-15,-19,-15,-16,-15,-15,-13,-14,-14,-14,-14,-13,-15,-12,-18,-12,-18,-12,-20,-12,-18,-9,-16,-9,-18,-9,-14,-7]"
CSI_DATA,263971,d8:b1:90:d9:de:f0,-65,11,-99,-37,67,56,-448321114,100,0,114,0,"[32,-2,36,1,39,2,39,5,40,6,38,8,36,9,33,9,31,9,30,9,27,9,28,9,28,8,28,8,28,9,28,9,29,9,30,9,30,9,30,8,29,9,29,7,29,8,28,7,28,7,26,8,27,6,28,5,0,0,29,6,27,6,28,7,30,9,31,8,31,11,30,10,30,11,29,11,29,10,27,10,25,12,23,11,23,10,22,9,19,10,18,8,18,7,18,8,18,7,19,7,19,8,19,9,20,7,20,6,19,7,16,7,14,6]"
CSI_DATA,263972,d8:b1:90:d9:de:f0,-65,11,-99,-37,67,56,-448304567,100,0,114,0,"[-22,-23,-23,-26,-23,-29,-23,-30,-22,-31,-22,-31,-20,-30,-18,-29,-17,-26,-16,-26,-16,-24,-16,-24,-17,-23,-17,-24,-17,-24,-18,-24,-19,-23,-20,-24,-20,-23,-21,-22,-21,-23,-22,-21,-22,-21,-21,-21,-22,-19,-21,-18,-22,-17,-22,-16,0,0,-24,-16,-24,-18,-23,-17,-27,-17,-27,-18,-27,-19,-27,-19,-27,-20,-26,-18,-25,-17,-24,-16,-23,-17,-22,-16,-21,-15,-20,-13,-19,-13,-18,-11,-17,-11,-19,-10,-18,-10,-19,-9,-18,-10,-19,-10,-20,-8,-19,-7,-19,-6,-17,-7,-15,-4]"
CSI_DATA,263973,d8:b1:90:d9:de:f0,-65,11,-99,-36,67,56,-448291651,100,0,114,0,"[29,14,31,17,31,20,30,23,31,25,29,25,26,25,23,25,22,24,20,23,19,22,18,23,19,22,18,23,19,23,18,23,18,22,20,24,19,24,19,24,20,25,20,24,19,24,18,23,19,23,17,22,17,21,18,21,0,0,17,22,18,23,17,24,19,26,19,26,18,28,17,28,17,28,16,27,14,27,13,26,12,27,11,26,9,24,9,22,8,21,8,20,8,19,8,19,8,19,8,19,7,20,8,21,8,21,8,19,7,18,7,18,6,15]"
CSI_DATA,263974,d8:b1:90:d9:de:f0,-65,11,-99,-37,67,56,-448281529,100,0,114,0,"[-32,-2,-36,-4,-37,-5,-39,-7,-39,-7,-37,-9,-36,-8,-33,-8,-30,-7,-30,-7,-28,-5,-27,-5,-28,-6,-28,-4,-28,-5,-29,-4,-29,-3,-30,-3,-31,-2,-30,-1,-31,-1,-31,1,-29,1,-29,2,-28,2,-29,1,-27,3,-27,4,0,0,-27,6,-27,5,-29,6,-29,6,-29,7,-31,6,-31,7,-31,6,-31,7,-31,7,-29,7,-27,5,-25,6,-23,6,-22,6,-22,6,-20,6,-20,7,-20,7,-20,9,-20,9,-20,9,-19,8,-20,9,-19,10,-18,10,-15,9,-13,9]"
CSI_DATA,263975,d8:b1:90:d9:de:f0,-65,11,-99,-37,67,56,-448270938,100,0,114,0,"[12,-29,15,-30,19,-32,22,-30,22,-31,23,-28,25,-26,24,-24,24,-22,22,-20,21,-18,22,-17,23,-17,21,-16,22,-16,23,-17,24,-16,24,-18,25,-18,26,-18,25,-17,26,-15,25,-15,23,-15,24,-14,24,-14,23,-15,23,-14,0,0,25,-13,23,-11,25,-13,26,-13,28,-12,30,-11,30,-10,31,-10,31,-8,30,-8,30,-8,27,-5,26,-4,25,-3,24,-3,22,-2,21,-2,22,-2,21,-1,22,-1,23,-1,22,-1,21,-2,22,-1,22,0,20,1,18,-1,16,-1]"
CSI_DATA,263976,d8:b1:90:d9:de:f0,-65,11,-99,-37,67,56,-448251398,100,0,114,0,"[-18,23,-21,25,-23,25,-25,25,-27,24,-28,23,-28,20,-27,20,-25,18,-25,16,-23,16,-23,15,-23,15,-22,15,-22,15,-22,15,-24,16,-24,16,-25,17,-25,16,-25,16,-25,17,-23,15,-22,16,-24,17,-23,15,-22,16,-23,17,0,0,-24,16,-24,15,-24,17,-26,17,-27,17,-29,17,-29,17,-28,17,-28,16,-27,16,-28,15,-25,13,-23,12,-22,10,-23,10,-23,10,-21,10,-21,10,-21,9,-21,11,-21,11,-20,11,-20,11,-21,11,-22,9,-19,10,-18,8,-17,7]"
CSI_DATA,263977,d8:b1:90:d9:de:f0,-65,11,-99,-35,67,56,-448241407,100,0,114,0,"[24,-15,28,-16,31,-16,31,-16,32,-18,30,-16,30,-14,28,-14,26,-14,25,-12,24,-13,23,-13,22,-13,22,-15,21,-15,21,-17,21,-17,22,-18,22,-18,22,-19,20,-21,20,-22,19,-22,18,-22,16,-21,15,-21,14,-22,14,-21,0,0,14,-23,13,-24,13,-25,14,-27,12,-28,13,-29,13,-30,13,-30,12,-29,13,-29,12,-28,10,-28,10,-26,8,-25,8,-24,7,-22,6,-21,5,-23,5,-22,4,-22,3,-23,2,-23,1,-24,0,-24,1,-22,0,-21,0,-20,0,-18]"
CSI_DATA,263978,d8:b1:90:d9:de:f0,-66,11,-99,-35,67,56,-448231354,100,0,114,0,"[21,-17,24,-18,26,-19,28,-17,29,-18,28,-16,27,-14,27,-13,25,-12,24,-10,23,-11,23,-9,24,-9,23,-10,23,-10,23,-11,24,-11,25,-12,25,-12,25,-12,26,-12,25,-11,25,-12,24,-12,22,-11,23,-11,22,-11,23,-11,0,0,22,-12,23,-12,25,-12,26,-14,26,-14,28,-13,28,-13,29,-12,29,-12,30,-12,27,-12,26,-10,25,-10,23,-9,23,-10,22,-9,20,-8,21,-9,20,-9,21,-9,21,-9,21,-10,20,-9,21,-10,21,-9,19,-9,18,-9,16,-7]"
CSI_DATA,263979,d8:b1:90:d9:de:f0,-66,11,-99,-34,67,56,-448211235,100,0,114,0,"[6,-26,8,-28,10,-30,12,-31,12,-30,13,-30,13,-26,12,-26,11,-24,12,-23,11,-23,11,-21,12,-21,11,-21,10,-20,10,-20,11,-23,12,-24,11,-25,12,-24,11,-25,11,-24,9,-24,9,-25,10,-23,9,-23,9,-22,10,-22,0,0,8,-23,9,-23,10,-25,10,-25,10,-27,11,-27,11,-28,13,-30,13,-30,12,-29,13,-27,11,-26,11,-25,11,-24,11,-21,10,-21,9,-19,9,-20,9,-20,9,-21,9,-21,7,-21,7,-22,8,-23,8,-21,7,-21,6,-19,6,-17]"
CSI_DATA,263980,d8:b1:90:d9:de:f0,-66,11,-99,-35,67,56,-448191650,100,0,114,0,"[-23,15,-26,15,-30,15,-29,15,-30,15,-29,15,-28,12,-26,11,-25,12,-24,10,-22,10,-22,11,-21,12,-20,11,-19,12,-20,13,-20,13,-23,14,-22,15,-22,16,-20,16,-20,17,-20,16,-19,16,-19,18,-19,17,-17,17,-17,16,0,0,-19,19,-18,20,-19,20,-20,22,-20,23,-20,23,-21,24,-21,25,-20,24,-21,25,-20,24,-19,21,-17,22,-15,20,-16,20,-14,19,-12,19,-12,20,-12,19,-12,20,-12,21,-11,22,-10,23,-11,24,-12,23,-11,21,-9,20,-7,18]"
CSI_DATA,263981,d8:b1:90:d9:de:f0,-65,11,-99,-35,67,56,-448181580,100,0,114,0,"[1,29,0,33,-1,34,-3,35,-4,34,-5,33,-6,30,-6,28,-7,27,-7,26,-6,25,-6,25,-7,23,-7,24,-6,24,-6,23,-7,26,-8,25,-8,25,-8,26,-7,26,-8,26,-8,25,-7,24,-8,24,-8,23,-8,24,-8,24,0,0,-9,24,-10,24,-9,25,-11,26,-11,27,-12,27,-13,27,-13,27,-14,26,-15,27,-14,28,-14,25,-14,24,-13,23,-13,21,-13,20,-13,19,-13,19,-12,19,-13,20,-12,20,-12,21,-11,21,-12,20,-14,19,-14,18,-12,18,-11,15]"
CSI_DATA,263982,d8:b1:90:d9:de:f0,-66,11,-99,-37,68,56,-448171149,100,0,114,0,"[-28,-6,-30,-7,-31,-7,-32,-10,-31,-10,-29,-10,-28,-10,-27,-9,-25,-8,-23,-8,-22,-8,-22,-6,-22,-6,-22,-6,-22,-6,-22,-4,-24,-6,-22,-4,-26,-4,-25,-3,-24,-4,-25,-3,-24,-3,-25,-2,-24,-2,-22,-2,-23,-2,-24,0,0,0,-25,-1,-24,0,-26,0,-27,0,-28,0,-29,0,-31,0,-29,0,-31,0,-30,0,-29,0,-28,0,-26,0,-27,0,-24,0,-24,1,-22,1,-22,3,-22,2,-22,3,-23,4,-23,4,-22,4,-24,5,-23,5,-22,5,-19,5,-18,3]"
CSI_DATA,263983,d8:b1:90:d9:de:f0,-66,11,-99,-37,68,56,-448151456,100,0,114,0,"[28,-7,30,-8,33,-8,34,-7,33,-8,33,-6,31,-6,29,-6,26,-6,27,-7,23,-8,22,-8,22,-8,22,-9,22,-11,22,-11,22,-11,22,-12,22,-13,22,-13,21,-14,21,-14,21,-14,19,-16,18,-17,17,-16,16,-16,15,-16,0,0,18,-18,15,-17,16,-20,16,-20,17,-22,18,-22,16,-23,18,-24,17,-24,17,-25,15,-24,14,-23,13,-22,12,-21,11,-20,11,-20,10,-20,10,-20,9,-21,9,-22,9,-22,6,-23,6,-22,5,-22,6,-24,6,-23,4,-20,3,-19]"
CSI_DATA,263984,d8:b1:90:d9:de:f0,-66,11,-99,-36,68,56,-448139567,100,0,114,0,"[27,8,29,10,32,10,32,12,30,12,30,12,28,12,26,10,25,9,24,8,23,8,22,7,22,5,22,4,22,3,23,3,24,2,24,3,24,2,24,0,24,0,24,0,23,0,23,-1,24,0,24,-2,22,-2,23,-3,0,0,22,-3,24,-4,25,-5,26,-5,27,-6,27,-6,28,-6,28,-5,28,-7,28,-7,27,-8,25,-7,24,-8,23,-8,23,-8,23,-8,21,-8,22,-8,20,-8,21,-10,22,-10,22,-11,21,-11,21,-12,21,-13,20,-12,16,-10,15,-8]"
CSI_DATA,263985,d8:b1:90:d9:de:f0,-66,11,-99,-36,68,56,-448121650,100,0,114,0,"[-15,23,-17,24,-19,26,-20,25,-19,26,-19,24,-19,22,-18,22,-16,21,-16,19,-12,17,-12,17,-13,18,-11,18,-11,19,-10,19,-10,19,-9,20,-9,21,-8,20,-8,22,-8,21,-8,21,-6,21,-7,21,-8,21,-6,21,-6,18,0,0,-6,22,-5,24,-7,24,-7,24,-6,27,-7,27,-5,27,-7,28,-7,27,-8,27,-7,26,-7,26,-6,24,-6,24,-6,23,-6,22,-5,21,-4,22,-4,22,-4,21,-4,23,-2,23,-1,23,-3,24,-3,23,-3,21,-2,20,-2,19]"
CSI_DATA,263986,d8:b1:90:d9:de:f0,-66,11,-99,-36,68,56,-448111644,100,0,114,0,"[-16,24,-19,27,-22,27,-24,28,-23,24,-24,24,-23,21,-22,21,-20,18,-19,17,-17,16,-16,16,-16,16,-16,16,-16,16,-16,16,-17,16,-16,16,-18,16,-16,16,-18,16,-16,16,-16,16,-16,16,-16,16,-16,15,-16,15,-17,15,0,0,-19,15,-18,16,-20,15,-20,14,-20,15,-22,16,-24,15,-25,15,-25,13,-25,13,-24,12,-24,11,-23,10,-24,9,-21,8,-21,8,-20,7,-20,8,-20,7,-21,8,-22,8,-21,7,-21,8,-22,8,-23,5,-22,5,-18,4,-17,4]"
CSI_DATA,263987,d8:b1:90:d9:de:f0,-67,11,-99,-35,68,56,-448101293,100,0,114,0,"[27,-10,29,-10,32,-10,32,-9,32,-8,31,-8,29,-6,28,-6,25,-8,24,-7,22,-7,20,-7,21,-7,20,-8,19,-9,19,-10,19,-11,20,-11,20,-12,19,-12,19,-13,18,-12,17,-12,16,-13,17,-13,16,-13,16,-12,16,-12,0,0,17,-14,15,-13,17,-14,18,-15,18,-17,19,-17,19,-17,20,-16,20,-16,20,-17,20,-16,19,-16,18,-15,18,-14,17,-13,17,-12,16,-13,15,-12,15,-13,15,-13,16,-15,14,-15,15,-14,15,-15,16,-16,14,-13,13,-12,12,-12]"
CSI_DATA,263988,d8:b1:90:d9:de:f0,-67,11,-99,-34,68,56,-448081351,100,0,114,0,"[0,-28,0,-31,2,-32,3,-33,4,-33,3,-32,2,-30,3,-28,1,-27,1,-25,0,-23,0,-21,-1,-22,-2,-22,-3,-21,-4,-22,-5,-21,-5,-21,-5,-21,-7,-21,-8,-21,-7,-22,-9,-20,-9,-19,-9,-18,-10,-17,-10,-16,-10,-16,0,0,-11,-20,-11,-18,-11,-19,-12,-21,-12,-21,-13,-23,-14,-23,-13,-24,-13,-22,-14,-22,-14,-22,-12,-21,-12,-19,-11,-18,-10,-17,-10,-17,-11,-15,-10,-15,-11,-15,-12,-15,-13,-15,-13,-16,-14,-16,-15,-17,-14,-15,-13,-14,-11,-15,-10,-12]"
CSI_DATA,263989,d8:b1:90:d9:de:f0,-67,11,-99,-34,68,56,-448061448,100,0,114,0,"[10,-28,10,-31,12,-32,12,-31,12,-32,10,-31,10,-29,10,-26,7,-26,6,-25,5,-23,2,-23,2,-22,1,-21,0,-22,0,-21,-1,-21,-2,-22,-5,-22,-5,-21,-5,-21,-6,-21,-6,-20,-10,-18,-8,-19,-9,-18,-10,-18,-10,-17,0,0,-9,-16,-12,-18,-11,-18,-11,-18,-12,-20,-12,-21,-14,-21,-13,-21,-14,-21,-15,-21,-13,-19,-14,-20,-13,-19,-11,-16,-13,-17,-11,-16,-10,-14,-12,-13,-12,-14,-13,-13,-13,-14,-15,-15,-15,-14,-16,-13,-14,-11,-13,-11,-13,-11,-11,-10]"
CSI_DATA,263990,d8:b1:90:d9:de:f0,-67,11,-99,-34,68,56,-448041648,100,0,114,0,"[31,-7,33,-7,37,-5,36,-5,36,-3,34,-2,32,0,31,0,28,0,27,0,25,0,24,0,24,-1,24,0,23,0,22,-1,22,-2,24,-2,23,-3,21,-3,22,-2,22,-3,22,-3,21,-3,21,-2,21,-1,20,-2,21,-2,0,0,20,-1,21,-1,21,0,23,0,23,2,23,2,23,4,25,5,25,5,23,5,24,7,20,7,21,8,20,8,19,8,16,8,15,7,15,8,16,8,17,9,16,8,16,10,15,10,16,11,15,10,15,10,12,11,10,9]"
CSI_DATA,263991,d8:b1:90:d9:de:f0,-67,11,-99,-34,68,56,-448030821,100,0,114,0,"[5,31,5,33,4,37,2,37,3,37,1,35,1,33,1,31,1,29,0,27,2,26,2,25,2,24,2,22,4,24,5,22,5,22,5,22,6,21,7,21,8,21,9,21,9,20,8,20,8,19,9,19,9,18,9,16,0,0,9,20,7,20,8,21,7,21,7,21,6,22,7,22,5,24,4,24,4,24,4,23,3,23,3,21,1,21,2,20,0,18,1,17,1,16,1,18,0,18,1,17,0,19,0,19,0,19,0,18,0,18,0,16,0,15]"
CSI_DATA,263992,d8:b1:90:d9:de:f0,-67,11,-99,-33,68,56,-448011708,100,0,114,0,"[-13,-27,-15,-31,-14,-32,-15,-34,-16,-33,-16,-31,-14,-29,-14,-28,-15,-24,-14,-24,-15,-20,-14,-20,-15,-19,-15,-17,-17,-17,-16,-15,-18,-16,-19,-13,-21,-13,-20,-11,-21,-10,-21,-8,-20,-8,-20,-6,-19,-6,-19,-5,-18,-4,-19,-4,0,0,-22,-3,-19,-3,-20,-2,-22,-2,-22,-3,-22,-3,-22,-1,-22,-4,-22,-2,-22,-3,-22,-4,-19,-4,-19,-4,-18,-3,-17,-3,-17,-2,-16,-2,-16,-1,-17,-1,-16,0,-17,0,-16,0,-17,0,-17,-1,-17,0,-16,0,-14,0,-13,0]"
CSI_DATA,263993,d8:b1:90:d9:de:f0,-67,11,-99,-34,68,56,-447997970,100,0,114,0,"[16,28,17,31,16,35,15,35,15,37,13,34,11,33,10,31,9,28,8,26,9,25,9,25,9,24,9,22,9,23,9,22,9,21,10,21,10,21,10,21,11,21,11,21,10,19,10,17,10,18,11,18,9,17,10,17,0,0,10,16,9,18,9,18,9,20,9,20,7,21,7,22,5,21,5,22,5,21,5,21,2,21,1,20,1,18,0,16,0,16,0,15,0,15,0,15,-1,15,0,15,-1,16,-1,18,-3,16,-2,15,-2,15,-4,14,-3,12]"
CSI_DATA,263994,d8:b1:90:d9:de:f0,-67,11,-99,-36,69,56,-447981542,100,0,114,0,"[-31,7,-34,7,-35,7,-36,6,-37,5,-34,5,-33,4,-31,4,-28,4,-27,4,-25,3,-24,4,-23,6,-22,7,-22,7,-21,7,-22,8,-21,11,-20,10,-19,11,-19,11,-19,11,-17,12,-15,11,-16,12,-14,13,-14,13,-13,12,0,0,-15,13,-13,12,-13,13,-15,15,-15,13,-15,13,-15,12,-16,12,-17,13,-16,13,-16,11,-15,10,-15,9,-13,9,-12,8,-12,7,-11,8,-12,7,-12,7,-12,7,-12,7,-13,7,-11,7,-13,7,-13,7,-12,6,-11,5,-11,5]"
CSI_DATA,263995,d8:b1:90:d9:de:f0,-67,11,-99,-34,68,56,-447970777,100,0,114,0,"[13,-30,15,-32,17,-34,17,-34,17,-35,16,-34,15,-32,13,-31,11,-29,10,-27,9,-26,7,-26,6,-26,5,-26,3,-25,2,-26,0,-25,0,-25,-1,-25,-2,-25,-3,-25,-5,-25,-5,-22,-7,-21,-7,-21,-8,-21,-8,-19,-10,-18,0,0,-9,-15,-10,-17,-10,-16,-12,-17,-12,-17,-12,-18,-12,-19,-12,-17,-12,-17,-11,-17,-10,-16,-10,-16,-9,-15,-8,-14,-9,-13,-8,-12,-8,-11,-7,-10,-8,-10,-7,-10,-8,-10,-10,-10,-10,-11,-10,-11,-9,-11,-9,-10,-9,-10,-8,-10]"
CSI_DATA,263996,d8:b1:90:d9:de:f0,-66,11,-99,-36,68,56,-447951432,100,0,114,0,"[-16,-32,-15,-34,-14,-38,-13,-38,-11,-38,-9,-37,-9,-35,-8,-33,-8,-31,-8,-30,-6,-28,-7,-26,-8,-26,-8,-24,-7,-25,-8,-24,-9,-25,-9,-25,-10,-25,-10,-24,-12,-24,-11,-23,-11,-22,-11,-21,-10,-21,-11,-20,-10,-18,-9,-20,0,0,-11,-16,-10,-18,-10,-18,-10,-20,-9,-20,-9,-21,-9,-21,-8,-22,-8,-21,-8,-20,-7,-19,-6,-18,-5,-18,-4,-16,-4,-16,-3,-15,-3,-16,-3,-14,-3,-13,-1,-14,-2,-14,-3,-15,-1,-15,-1,-15,0,-13,0,-13,0,-13,0,-11]"
CSI_DATA,263997,d8:b1:90:d9:de:f0,-66,11,-99,-36,68,56,-447931549,100,0,114,0,"[23,-24,26,-25,28,-26,30,-25,31,-26,29,-25,28,-24,27,-22,25,-19,23,-19,21,-18,20,-17,19,-17,19,-17,18,-17,17,-19,16,-21,16,-21,15,-22,15,-22,14,-21,13,-22,13,-21,10,-21,11,-21,9,-20,9,-20,10,-21,0,0,8,-18,7,-21,8,-20,8,-22,8,-21,8,-21,8,-21,9,-21,9,-21,9,-19,9,-18,8,-17,8,-16,8,-14,8,-14,8,-13,8,-14,8,-13,7,-13,8,-12,8,-13,7,-13,7,-13,7,-14,8,-13,7,-11,6,-12,6,-11]"
CSI_DATA,263998,d8:b1:90:d9:de:f0,-66,11,-99,-36,68,56,-447911607,100,0,114,0,"[-19,-25,-21,-30,-22,-32,-22,-33,-21,-33,-20,-32,-18,-31,-17,-29,-17,-27,-16,-25,-15,-23,-16,-23,-16,-20,-16,-19,-17,-19,-18,-18,-19,-17,-19,-17,-20,-16,-22,-15,-22,-15,-22,-15,-21,-13,-20,-11,-21,-10,-21,-9,-21,-9,-21,-8,0,0,-20,-7,-21,-7,-21,-7,-22,-7,-22,-8,-23,-8,-23,-8,-23,-8,-22,-7,-22,-7,-20,-6,-19,-8,-18,-6,-17,-7,-16,-5,-16,-5,-14,-4,-14,-3,-14,-4,-15,-3,-16,-2,-16,-3,-15,-4,-16,-2,-15,-1,-14,-2,-12,-2,-12,-2]"
CSI_DATA,263999,d8:b1:90:d9:de:f0,-67,11,-99,-35,68,56,-447897695,100,0,114,0,"[28,16,30,19,30,22,28,25,28,27,25,27,21,28,19,26,18,25,18,25,16,23,14,23,14,21,14,21,14,21,13,21,14,21,14,22,14,22,13,21,13,21,13,21,12,20,12,19,12,19,12,19,11,19,12,19,0,0,10,19,10,20,10,19,9,21,9,22,8,23,7,23,5,24,5,24,4,22,3,21,1,20,2,19,0,19,0,17,0,17,0,15,-1,13,-2,14,-2,15,0,14,-2,15,-2,16,-3,15,-3,14,-4,12,-3,12,-4,12]"
CSI_DATA,264000,d8:b1:90:d9:de:f0,-66,11,-99,-34,67,56,-447881593,100,0,114,0,"[-34,-10,-35,-11,-38,-15,-38,-16,-37,-16,-35,-17,-34,-17,-32,-16,-30,-15,-29,-15,-27,-14,-27,-13,-24,-12,-24,-11,-25,-11,-25,-11,-26,-9,-26,-10,-27,-8,-27,-7,-27,-6,-25,-6,-26,-6,-25,-4,-25,-4,-23,-4,-24,-3,-24,-3,0,0,-23,-2,-23,-3,-23,-4,-25,-3,-25,-2,-26,-3,-25,-4,-25,-6,-24,-5,-23,-4,-21,-5,-20,-7,-19,-6,-16,-6,-16,-6,-16,-6,-15,-5,-15,-3,-15,-3,-15,-4,-15,-3,-14,-4,-14,-5,-14,-5,-15,-4,-14,-3,-11,-4,-11,-3]"
CSI_DATA,264001,d8:b1:90:d9:de:f0,-66,11,-99,-35,68,56,-447861617,100,0,114,0,"[32,-3,36,-1,38,0,38,1,38,1,37,3,35,3,33,2,32,2,30,2,29,1,27,1,27,0,26,0,26,0,25,-1,26,-1,27,-2,27,-4,26,-4,25,-6,25,-5,24,-6,23,-6,23,-6,22,-7,22,-7,22,-9,0,0,20,-7,21,-9,21,-8,22,-8,23,-8,22,-8,24,-7,22,-7,22,-7,23,-6,20,-7,19,-6,19,-6,18,-5,18,-4,16,-5,15,-4,15,-5,15,-5,15,-4,16,-4,14,-6,14,-4,14,-5,15,-4,13,-4,12,-4,11,-4]"
CSI_DATA,264002,d8:b1:90:d9:de:f0,-66,11,-99,-36,68,56,-447851638,100,0,114,0,"[5,-31,8,-33,10,-36,12,-36,14,-34,15,-33,16,-30,16,-28,15,-26,15,-25,15,-24,13,-22,12,-23,13,-23,12,-23,13,-24,13,-24,12,-23,13,-24,12,-23,12,-24,12,-24,11,-23,11,-22,10,-21,10,-21,10,-21,11,-21,0,0,11,-20,11,-20,12,-20,13,-19,13,-20,15,-20,16,-19,15,-19,16,-17,16,-16,15,-16,15,-15,14,-14,13,-13,14,-11,14,-9,13,-10,13,-9,13,-8,14,-8,13,-8,14,-8,12,-8,13,-8,14,-7,12,-6,10,-6,8,-6]"
CSI_DATA,264003,d8:b1:90:d9:de:f0,-66,11,-99,-36,68,56,-447831427,100,0,114,0,"[0,-30,0,-32,4,-36,6,-37,8,-36,8,-35,9,-33,9,-31,9,-30,9,-28,9,-27,8,-26,8,-25,8,-24,8,-25,8,-24,8,-24,8,-25,6,-26,7,-26,7,-25,6,-25,6,-25,7,-24,6,-24,4,-23,5,-23,6,-22,0,0,7,-23,7,-23,8,-24,7,-24,8,-23,9,-23,8,-24,11,-24,12,-21,11,-21,11,-21,11,-18,10,-16,9,-16,10,-14,9,-13,8,-13,10,-13,9,-12,10,-12,10,-12,10,-12,10,-12,11,-12,11,-11,10,-10,9,-9,8,-8]"
CSI_DATA,264004,d8:b1:90:d9:de:f0,-66,11,-99,-36,68,56,-447811586,100,0,114,0,"[27,15,28,18,30,19,31,22,30,23,29,24,26,23,25,22,23,19,21,20,21,17,20,18,19,16,19,16,19,16,19,16,21,16,21,16,23,16,22,15,22,15,23,13,21,13,21,12,20,14,21,13,20,12,20,11,0,0,20,11,19,11,22,12,20,12,20,14,21,14,20,13,21,15,21,15,17,15,17,14,15,15,15,15,15,13,13,12,13,11,11,11,12,11,12,10,12,10,13,11,12,12,11,12,11,13,11,10,10,10,8,10,8,8]"
CSI_DATA,264005,d8:b1:90:d9:de:f0,-67,11,-99,-35,68,56,-447797871,100,0,114,0,"[-4,-30,-4,-32,-2,-35,-1,-37,-2,-36,-1,-36,0,-33,0,-32,-1,-30,-1,-30,-2,-27,-1,-25,-1,-25,-3,-25,-4,-25,-4,-25,-5,-25,-6,-24,-7,-25,-7,-24,-8,-24,-9,-24,-9,-22,-10,-21,-10,-22,-10,-21,-10,-19,-11,-19,0,0,-12,-20,-10,-19,-11,-19,-12,-19,-12,-21,-12,-22,-13,-21,-12,-23,-12,-20,-11,-20,-11,-20,-10,-19,-9,-19,-9,-17,-8,-16,-8,-14,-9,-14,-8,-13,-9,-13,-8,-13,-8,-12,-8,-14,-9,-14,-9,-14,-7,-12,-6,-11,-7,-12,-6,-11]"
CSI_DATA,264006,d8:b1:90:d9:de:f0,-66,11,-99,-35,68,56,-447781646,100,0,114,0,"[-26,12,-31,10,-33,10,-34,8,-36,6,-35,4,-33,3,-32,1,-31,0,-28,0,-26,0,-25,0,-25,0,-25,0,-25,0,-25,0,-25,0,-25,0,-26,0,-25,1,-25,0,-25,0,-25,0,-24,0,-24,0,-22,0,-21,0,-22,0,0,0,-23,0,-23,-2,-24,-2,-24,-2,-24,-4,-25,-6,-24,-6,-25,-7,-24,-8,-23,-6,-22,-7,-20,-8,-18,-7,-17,-7,-16,-8,-15,-9,-14,-8,-14,-9,-15,-9,-13,-9,-15,-9,-14,-10,-12,-10,-13,-11,-13,-11,-12,-11,-10,-10,-8,-9]"
CSI_DATA,264007,d8:b1:90:d9:de:f0,-66,11,-99,-35,68,56,-447771251,100,0,114,0,"[21,19,22,22,24,25,22,26,23,27,21,28,19,27,18,25,17,24,16,23,16,21,14,20,15,19,17,19,16,19,16,18,18,20,18,19,19,19,19,17,19,17,19,16,18,15,19,13,19,14,17,13,19,12,19,13,0,0,19,12,19,14,20,13,19,14,20,14,19,16,19,17,19,17,20,16,19,16,18,15,17,15,15,14,15,14,13,12,13,12,12,12,12,11,12,11,12,11,13,12,12,12,12,12,12,12,12,10,11,10,9,11,9,8]"
CSI_DATA,264008,d8:b1:90:d9:de:f0,-66,11,-99,-35,68,56,-447750220,100,0,114,0,"[27,11,29,12,31,15,30,17,31,18,29,19,27,19,25,19,24,17,21,16,21,15,20,15,20,15,20,14,19,14,19,14,21,13,22,14,21,13,21,13,21,13,21,12,20,12,20,11,20,11,20,12,19,11,19,12,0,0,20,10,19,12,19,12,21,12,20,13,21,16,21,15,19,16,20,17,19,15,18,16,16,16,14,16,13,13,14,12,12,13,11,12,12,12,12,12,11,14,12,13,11,13,11,15,10,15,10,13,10,12,7,12,8,12]"
CSI_DATA,264009,d8:b1:90:d9:de:f0,-67,11,-99,-34,68,56,-447731326,100,0,114,0,"[8,-26,10,-29,12,-31,13,-32,12,-31,12,-31,12,-28,11,-27,10,-26,10,-25,9,-23,8,-22,7,-23,6,-23,6,-23,4,-25,3,-26,2,-26,2,-26,1,-24,0,-25,-1,-25,0,-24,-2,-22,-1,-23,-3,-22,-3,-21,-3,-21,0,0,-5,-22,-5,-21,-5,-22,-6,-24,-7,-24,-6,-25,-6,-25,-6,-25,-6,-24,-6,-23,-6,-23,-6,-21,-7,-19,-6,-18,-5,-16,-5,-16,-6,-15,-5,-15,-6,-15,-5,-15,-6,-15,-8,-15,-8,-15,-9,-16,-7,-15,-7,-14,-7,-14,-5,-11]"
CSI_DATA,264010,d8:b1:90:d9:de:f0,-67,11,-99,-34,68,56,-447711301,100,0,114,0,"[-26,11,-29,11,-31,13,-32,11,-33,12,-30,12,-30,10,-27,10,-27,10,-25,10,-23,11,-22,11,-22,11,-20,12,-20,14,-19,14,-18,15,-21,16,-18,17,-17,18,-16,19,-15,19,-14,18,-13,19,-13,19,-11,21,-10,20,-10,19,0,0,-9,19,-8,20,-6,20,-9,23,-9,23,-10,24,-8,25,-9,24,-8,23,-7,23,-7,23,-5,21,-5,21,-4,20,-5,18,-4,17,-3,17,-3,17,-3,17,-2,17,-2,17,-2,17,0,18,-1,18,-2,17,0,15,0,16,0,13]"
CSI_DATA,264011,d8:b1:90:d9:de:f0,-66,11,-99,-35,68,56,-447691655,100,0,114,0,"[11,-26,14,-28,16,-29,18,-29,19,-29,19,-28,20,-25,19,-24,19,-22,19,-20,16,-19,17,-18,17,-19,16,-18,17,-19,15,-18,16,-19,17,-19,17,-19,15,-19,16,-19,14,-19,14,-19,13,-19,15,-18,13,-18,12,-17,13,-17,0,0,14,-17,14,-17,15,-19,15,-17,16,-18,19,-18,17,-17,19,-17,19,-16,19,-14,19,-14,18,-12,17,-12,15,-10,16,-10,15,-9,15,-9,15,-9,15,-9,17,-9,17,-8,17,-8,15,-8,16,-6,18,-6,15,-6,13,-5,12,-5]"
CSI_DATA,264012,d8:b1:90:d9:de:f0,-66,11,-99,-36,68,56,-447681613,100,0,114,0,"[-29,-4,-32,-6,-33,-7,-35,-8,-34,-8,-33,-8,-31,-8,-30,-7,-28,-6,-27,-7,-26,-5,-24,-4,-24,-2,-24,-2,-24,-1,-24,-1,-25,0,-25,0,-25,2,-25,2,-25,2,-24,4,-24,3,-24,5,-23,6,-22,7,-21,6,-22,8,0,0,-22,8,-20,8,-21,9,-23,9,-24,9,-24,9,-24,9,-24,9,-24,8,-24,8,-22,10,-21,8,-20,8,-18,8,-16,8,-16,7,-16,7,-16,8,-16,9,-16,8,-16,8,-16,9,-16,8,-17,9,-17,9,-16,8,-13,8,-11,7]"
CSI_DATA,264013,d8:b1:90:d9:de:f0,-66,11,-99,-36,68,56,-447661643,100,0,114,0,"[10,-27,13,-29,15,-31,14,-31,16,-32,14,-31,14,-30,12,-27,11,-28,10,-26,8,-24,8,-25,7,-25,6,-24,5,-24,4,-25,2,-24,1,-25,0,-25,0,-24,0,-25,-2,-26,-2,-24,-4,-24,-5,-24,-6,-24,-6,-22,-6,-22,0,0,-7,-20,-8,-22,-8,-22,-8,-23,-9,-24,-10,-25,-11,-24,-10,-23,-10,-24,-10,-23,-9,-22,-10,-21,-9,-19,-9,-17,-9,-17,-8,-16,-8,-16,-9,-15,-10,-14,-9,-15,-11,-15,-11,-15,-12,-16,-11,-16,-11,-14,-10,-13,-10,-13,-8,-10]"
CSI_DATA,264014,d8:b1:90:d9:de:f0,-66,11,-99,-35,68,56,-447651398,100,0,114,0,"[-27,-9,-29,-12,-31,-13,-31,-13,-32,-16,-30,-16,-28,-16,-26,-15,-25,-14,-25,-13,-21,-12,-22,-13,-20,-12,-22,-12,-22,-12,-22,-10,-22,-10,-24,-11,-24,-10,-22,-11,-24,-11,-24,-9,-22,-8,-22,-6,-23,-8,-22,-9,-22,-8,-23,-6,0,0,-20,-7,-22,-6,-22,-8,-23,-8,-24,-10,-24,-9,-24,-10,-23,-10,-24,-10,-23,-11,-21,-10,-19,-11,-19,-11,-17,-9,-17,-10,-15,-9,-15,-7,-16,-8,-16,-8,-15,-8,-16,-9,-15,-10,-16,-11,-16,-11,-15,-10,-14,-9,-12,-10,-10,-8]"
CSI_DATA,264015,d8:b1:90:d9:de:f0,-66,11,-99,-36,68,56,-447631655,100,0,114,0,"[-30,-4,-32,-4,-35,-6,-35,-8,-35,-8,-33,-8,-32,-8,-29,-7,-29,-6,-27,-7,-26,-6,-25,-4,-25,-4,-24,-3,-24,-2,-25,-1,-26,-1,-27,-1,-26,-1,-27,0,-26,0,-26,1,-24,2,-26,3,-25,3,-24,2,-23,4,-24,5,0,0,-24,6,-24,5,-24,5,-25,6,-25,7,-25,5,-26,6,-26,4,-26,5,-26,6,-25,6,-24,5,-23,3,-21,4,-20,4,-20,2,-19,3,-19,4,-19,4,-18,5,-18,5,-19,4,-18,4,-19,4,-18,4,-17,4,-15,3,-13,3]"
CSI_DATA,264016,d8:b1:90:d9:de:f0,-66,11,-99,-34,67,56,-447621343,100,0,114,0,"[-23,21,-27,21,-30,21,-33,20,-33,19,-33,18,-32,15,-31,14,-29,14,-29,11,-26,11,-26,9,-25,11,-25,10,-24,8,-24,9,-25,9,-26,11,-25,11,-25,10,-26,10,-26,10,-25,9,-23,9,-25,9,-23,7,-23,8,-23,7,0,0,-23,7,-24,6,-25,7,-27,7,-26,5,-27,4,-27,3,-27,2,-26,2,-28,1,-26,0,-23,0,-22,0,-21,-1,-21,-1,-19,-1,-19,-1,-18,-2,-19,-2,-19,-3,-20,-3,-19,-4,-19,-5,-18,-6,-18,-7,-17,-7,-15,-6,-12,-6]"
CSI_DATA,264017,d8:b1:90:d9:de:f0,-66,11,-99,-38,68,56,-447611273,100,0,114,0,"[-32,0,-34,-1,-38,-2,-38,-2,-37,-4,-36,-4,-34,-3,-33,-3,-31,-2,-29,-3,-29,-3,-28,-1,-28,0,-28,0,-26,0,-27,0,-27,0,-28,1,-28,2,-27,4,-27,3,-27,4,-26,4,-24,6,-25,5,-23,6,-24,5,-25,8,0,0,-25,8,-24,7,-24,8,-25,8,-26,8,-26,8,-26,7,-26,8,-26,8,-25,7,-24,8,-22,6,-21,6,-20,6,-19,6,-18,5,-17,5,-18,7,-18,6,-18,5,-19,6,-18,6,-17,5,-18,5,-19,4,-18,5,-16,3,-14,2]"
CSI_DATA,264018,d8:b1:90:d9:de:f0,-66,11,-99,-37,68,56,-447590439,100,0,114,0,"[-11,-27,-11,-31,-9,-34,-10,-34,-10,-36,-8,-33,-7,-33,-6,-31,-7,-29,-5,-28,-5,-26,-5,-26,-6,-25,-6,-25,-7,-26,-7,-25,-8,-24,-8,-24,-9,-24,-11,-23,-10,-23,-11,-24,-11,-23,-11,-23,-11,-22,-11,-21,-10,-20,-10,-20,0,0,-12,-20,-10,-22,-11,-22,-11,-21,-11,-22,-11,-23,-11,-23,-11,-25,-11,-23,-9,-22,-11,-22,-8,-22,-8,-21,-8,-19,-7,-19,-6,-18,-7,-16,-5,-14,-7,-15,-6,-16,-6,-17,-6,-18,-7,-18,-6,-18,-6,-15,-5,-15,-4,-14,-3,-13]"
CSI_DATA,264019,d8:b1:90:d9:de:f0,-66,11,-99,-36,68,56,-447579463,100,0,114,0,"[-29,-7,-32,-8,-33,-11,-34,-11,-34,-11,-33,-10,-32,-12,-31,-9,-28,-8,-27,-8,-26,-7,-24,-6,-24,-6,-24,-5,-24,-4,-25,-4,-25,-2,-26,-2,-27,0,-27,0,-25,1,-25,1,-24,1,-24,3,-24,2,-24,4,-22,4,-22,5,0,0,-24,4,-22,6,-23,6,-24,5,-24,6,-24,6,-24,7,-24,5,-25,6,-24,6,-24,6,-23,6,-21,6,-20,5,-19,5,-18,5,-17,5,-16,6,-17,6,-17,6,-18,7,-17,7,-16,6,-18,6,-18,7,-16,7,-14,5,-13,4]"
CSI_DATA,264020,d8:b1:90:d9:de:f0,-66,11,-99,-34,67,56,-447561428,100,0,114,0,"[0,31,0,33,-1,36,-2,37,-2,38,-3,35,-4,35,-3,33,-2,31,-3,31,-1,28,-1,28,-1,27,0,26,0,28,0,27,0,26,0,27,1,27,2,27,3,28,4,27,4,26,5,25,4,26,4,25,5,23,5,23,0,0,6,23,6,24,6,24,6,26,7,26,6,27,7,28,5,28,4,25,4,26,3,26,3,24,4,23,3,22,3,21,3,18,1,19,1,16,3,18,1,18,2,19,2,19,3,21,1,19,1,18,0,17,0,16,0,14]"
CSI_DATA,264021,d8:b1:90:d9:de:f0,-66,11,-99,-37,68,56,-447541551,100,0,114,0,"[4,31,3,34,2,36,2,38,2,38,2,36,0,34,1,33,1,31,1,30,2,27,2,26,3,27,5,25,5,25,6,26,7,26,8,26,10,26,10,24,11,26,11,25,11,23,12,22,12,22,11,22,12,22,12,21,0,0,14,21,14,20,14,21,15,22,16,22,14,23,16,23,15,23,15,22,15,22,14,22,13,21,12,20,12,18,11,17,11,17,11,15,11,16,11,14,11,15,12,14,12,16,14,17,12,16,12,14,12,13,11,13,9,11]"
CSI_DATA,264022,d8:b1:90:d9:de:f0,-66,11,-99,-34,67,56,-447521591,100,0,114,0,"[25,-16,29,-18,32,-19,32,-20,32,-19,33,-20,30,-18,29,-18,26,-18,24,-18,22,-18,21,-16,21,-18,19,-17,18,-20,16,-20,17,-22,18,-22,16,-24,14,-23,14,-23,13,-25,11,-22,9,-24,10,-22,8,-23,8,-23,7,-24,0,0,6,-24,5,-24,5,-27,5,-27,6,-28,6,-28,6,-28,7,-28,6,-27,6,-25,4,-26,3,-24,4,-23,3,-23,2,-20,3,-20,2,-19,3,-20,0,-20,1,-19,0,-18,0,-20,0,-19,0,-21,1,-20,0,-18,0,-17,0,-15]"
CSI_DATA,264023,d8:b1:90:d9:de:f0,-66,11,-99,-34,67,56,-447511574,100,0,114,0,"[-9,31,-12,33,-14,34,-16,36,-15,34,-16,33,-16,31,-16,30,-14,29,-14,27,-12,25,-12,25,-12,25,-11,24,-9,24,-9,24,-9,27,-9,26,-9,27,-8,26,-7,27,-6,27,-5,26,-4,24,-5,24,-5,25,-5,23,-6,24,0,0,-4,24,-4,25,-5,27,-7,25,-8,27,-8,28,-7,27,-9,27,-9,26,-9,24,-9,25,-9,22,-9,21,-8,20,-8,19,-9,18,-8,17,-7,17,-7,17,-9,17,-8,16,-7,17,-7,18,-8,19,-9,17,-9,16,-7,16,-7,13]"
CSI_DATA,264024,d8:b1:90:d9:de:f0,-66,11,-99,-34,67,56,-447501377,100,0,114,0,"[23,24,24,28,26,29,26,28,28,29,25,27,24,27,23,24,23,22,22,20,22,17,22,18,21,17,22,16,22,15,23,14,24,12,26,12,25,11,25,8,26,8,26,6,25,5,25,2,26,4,25,3,24,3,24,1,0,0,25,0,24,0,25,0,27,0,27,0,27,0,27,-1,29,0,27,-1,28,-2,28,-1,24,0,22,0,21,-1,21,-3,19,-2,18,-3,18,-4,19,-6,18,-5,20,-5,19,-5,20,-5,20,-5,19,-7,17,-6,16,-5,14,-5]"
CSI_DATA,264025,d8:b1:90:d9:de:f0,-66,11,-99,-37,68,56,-447488641,100,0,114,0,"[-19,24,-22,27,-25,28,-26,27,-24,28,-25,26,-25,23,-24,22,-21,22,-22,21,-19,21,-18,20,-18,21,-17,21,-16,21,-15,21,-14,21,-14,22,-14,22,-14,22,-12,23,-11,22,-11,22,-11,22,-11,22,-9,21,-10,22,-9,21,0,0,-11,22,-9,22,-9,23,-10,23,-10,24,-10,23,-11,23,-12,25,-11,23,-12,23,-11,22,-11,22,-11,20,-10,19,-9,17,-10,17,-9,17,-9,16,-9,16,-10,17,-11,16,-9,17,-8,17,-8,17,-10,16,-8,16,-7,14,-6,12]"
CSI_DATA,264026,d8:b1:90:d9:de:f0,-66,11,-99,-36,67,56,-447471636,100,0,114,0,"[-19,-27,-21,-29,-21,-32,-22,-34,-21,-35,-21,-33,-20,-32,-19,-30,-19,-27,-19,-26,-18,-25,-17,-24,-18,-22,-18,-21,-20,-22,-20,-21,-21,-21,-22,-21,-23,-19,-23,-18,-24,-17,-23,-17,-23,-16,-24,-14,-24,-14,-23,-12,-24,-12,-24,-11,0,0,-23,-11,-23,-11,-24,-11,-25,-11,-25,-12,-26,-12,-27,-12,-26,-12,-26,-12,-25,-10,-23,-11,-22,-11,-21,-11,-20,-10,-19,-8,-18,-9,-18,-8,-18,-6,-18,-6,-18,-6,-19,-5,-19,-7,-20,-7,-20,-8,-19,-5,-18,-6,-16,-7,-13,-6]"
CSI_DATA,264027,d8:b1:90:d9:de:f0,-65,11,-99,-34,67,56,-447461632,100,0,114,0,"[-33,0,-36,-1,-38,-4,-40,-4,-38,-5,-38,-6,-36,-8,-33,-6,-32,-5,-31,-6,-27,-5,-28,-6,-28,-5,-28,-5,-28,-6,-27,-5,-28,-4,-28,-4,-29,-3,-28,-2,-27,-2,-28,-1,-25,-2,-26,-1,-27,-2,-24,-2,-24,-1,-25,-1,0,0,-24,-1,-25,-2,-25,-2,-27,-4,-28,-4,-28,-6,-29,-5,-26,-7,-26,-8,-26,-7,-24,-8,-23,-9,-22,-9,-20,-8,-20,-7,-18,-7,-16,-8,-18,-8,-17,-7,-16,-8,-17,-7,-17,-9,-16,-9,-18,-10,-18,-10,-16,-9,-14,-8,-12,-7]"
CSI_DATA,264028,d8:b1:90:d9:de:f0,-65,11,-99,-36,67,56,-447441639,100,0,114,0,"[-5,-33,-4,-37,-4,-39,-2,-40,-1,-42,0,-39,1,-39,1,-36,1,-34,1,-32,1,-31,0,-29,0,-31,-1,-30,-2,-31,-2,-29,-3,-29,-2,-30,-4,-30,-4,-29,-5,-30,-5,-29,-6,-27,-6,-26,-6,-27,-6,-27,-7,-26,-7,-25,0,0,-6,-26,-6,-25,-6,-26,-5,-27,-7,-29,-6,-29,-5,-29,-4,-30,-4,-29,-3,-28,-4,-28,-2,-26,-2,-24,-1,-24,-1,-22,-1,-21,-1,-21,0,-19,-1,-19,0,-20,0,-19,-1,-22,-2,-21,-1,-21,0,-19,0,-18,0,-17,1,-16]"
CSI_DATA,264029,d8:b1:90:d9:de:f0,-66,11,-99,-34,67,56,-447431424,100,0,114,0,"[14,27,15,32,16,34,16,34,16,35,15,34,15,33,15,30,15,28,15,26,15,24,16,24,16,22,16,22,16,22,17,20,19,20,21,19,21,18,22,16,23,16,23,16,23,13,22,13,23,11,23,10,23,8,24,7,0,0,25,8,22,7,24,7,26,7,26,7,26,6,27,5,27,7,27,6,27,5,26,5,23,6,22,4,21,3,19,3,18,4,18,1,18,1,18,0,18,0,19,0,19,0,19,0,20,0,18,0,18,0,16,0,14,0]"
CSI_DATA,264030,d8:b1:90:d9:de:f0,-65,11,-99,-36,67,56,-447421405,100,0,114,0,"[11,-32,14,-35,16,-37,17,-37,18,-38,17,-36,18,-34,17,-33,15,-30,15,-28,13,-27,13,-26,13,-26,12,-26,12,-26,9,-27,9,-28,9,-29,8,-30,8,-30,8,-29,5,-29,6,-28,5,-27,5,-27,5,-27,4,-26,4,-25,0,0,4,-26,3,-26,5,-27,5,-27,4,-28,6,-29,5,-28,7,-29,6,-28,6,-27,8,-26,7,-26,8,-23,7,-22,6,-21,6,-20,7,-19,7,-19,7,-19,6,-19,6,-18,6,-19,6,-20,6,-19,8,-17,7,-16,5,-16,6,-14]"
CSI_DATA,264031,d8:b1:90:d9:de:f0,-65,11,-99,-36,66,56,-447400395,100,0,228,0,"[-7,-23,-3,-28,-1,-33,3,-37,4,-39,6,-39,7,-38,-78,-1,6,-34,7,-32,6,-30,5,-26,4,-23,5,-20,5,-17,6,-15,7,-13,8,-11,10,-10,10,-8,11,-7,-23,-11,8,-5,6,-4,3,-3,2,-2,-2,0,-4,3,0,0,-8,10,-8,14,-10,17,-8,23,-8,26,-7,29,-129,16,-5,30,-3,29,-2,25,-1,23,-1,20,-1,15,-3,12,-3,10,-4,6,-5,4,-6,3,-6,2,-7,3,-92,16,-6,3,-4,3,-2,3,1,3,2,3,5,2,7,1,-5,11,4,16,16,10,20,-4,12,-17,-3,-23,-16,-15,-14,-40,-19,13,-6,22,10,22,23,11,25,-8,12,-25,-10,-28,-30,-12,-29,13,-11,31,15,28,29,7,24,-13,16,-31,-10,-16,-16,-5,-14,5,-6,11,1,12,7,8,0,0,10,-6,1,-13,-10,-10,-12,0,-6,10,4,8,1,28,0,-7,-8,-3,-8,8,4,15,17,6,17,-10,3,-20,-14,-16,-22,1,-13,15,4,20,16,11,16,-4,-1,-10,-3,-11,-8,-4,-5,1,-2,2,-2,2,-2,2,0,3]"
CSI_DATA,264032,d8:b1:90:d9:de:f0,-65,11,-99,-35,67,56,-447386326,100,0,114,0,"[-30,15,-34,15,-36,15,-37,15,-39,14,-38,13,-36,12,-35,10,-32,11,-31,11,-30,10,-28,10,-28,10,-28,10,-26,10,-27,11,-27,14,-27,13,-27,14,-26,15,-26,14,-25,14,-23,15,-22,15,-23,16,-21,14,-20,14,-21,14,0,0,-21,16,-21,14,-21,15,-22,17,-24,17,-24,16,-23,15,-24,15,-25,14,-25,13,-24,12,-21,10,-20,9,-18,9,-19,8,-19,7,-17,7,-18,8,-17,7,-16,7,-17,7,-17,6,-16,7,-16,7,-18,7,-16,5,-14,5,-14,4]"
CSI_DATA,264033,d8:b1:90:d9:de:f0,-65,11,-99,-35,67,56,-447371655,100,0,114,0,"[33,-5,35,-3,39,-4,41,-2,41,0,40,0,37,0,36,0,34,0,32,0,30,0,29,0,31,0,29,0,29,-1,29,-2,28,-3,29,-3,29,-2,28,-4,29,-5,28,-5,27,-5,26,-6,25,-6,25,-5,24,-6,24,-6,0,0,26,-7,25,-7,26,-6,26,-5,27,-4,28,-5,28,-4,29,-3,28,-3,27,-3,26,-2,25,0,23,-1,22,-1,21,0,20,0,18,0,20,0,19,0,18,0,20,0,18,0,18,0,20,0,19,0,18,0,15,0,14,0]"
CSI_DATA,264034,d8:b1:90:d9:de:f0,-66,11,-99,-35,67,56,-447361392,100,0,114,0,"[-7,-33,-8,-34,-7,-36,-6,-37,-7,-39,-7,-36,-6,-35,-5,-34,-8,-33,-8,-32,-8,-28,-9,-29,-11,-26,-12,-25,-12,-25,-13,-23,-15,-24,-16,-24,-18,-23,-18,-21,-18,-21,-19,-21,-20,-19,-19,-17,-20,-17,-19,-15,-20,-13,-20,-12,0,0,-22,-11,-21,-13,-23,-12,-24,-13,-24,-12,-24,-13,-24,-12,-26,-13,-25,-11,-24,-11,-24,-11,-22,-11,-20,-10,-19,-8,-18,-7,-16,-7,-17,-7,-16,-5,-16,-5,-16,-5,-17,-5,-17,-5,-18,-5,-18,-4,-16,-1,-15,-2,-14,-4,-13,-3]"
CSI_DATA,264035,d8:b1:90:d9:de:f0,-66,11,-99,-34,67,56,-447341742,100,0,114,0,"[29,15,30,18,31,21,31,23,29,24,28,24,26,24,23,24,23,23,22,21,20,21,19,20,18,18,19,17,19,17,19,17,20,19,20,18,21,19,20,17,20,17,21,18,21,17,20,17,19,16,18,16,19,15,17,16,0,0,18,16,17,16,16,17,17,18,17,19,17,21,16,22,16,23,16,22,15,22,14,20,12,21,11,20,9,19,9,16,7,16,6,16,5,16,7,16,5,16,5,16,4,18,4,17,4,16,4,16,3,15,1,16,1,13]"
CSI_DATA,264036,d8:b1:90:d9:de:f0,-66,11,-99,-35,67,56,-447331631,100,0,114,0,"[28,20,30,21,32,24,33,26,33,26,32,26,30,25,29,24,26,21,25,19,24,17,25,16,25,16,26,14,25,14,25,12,27,12,27,12,29,11,27,9,27,9,28,7,27,7,26,4,26,5,25,5,26,4,26,3,0,0,26,1,26,1,27,2,27,1,28,1,28,2,28,1,28,2,27,1,27,1,26,2,22,2,21,3,19,2,19,1,19,2,17,1,18,1,18,1,18,0,19,0,18,1,18,1,17,1,17,0,16,0,13,1,12,0]"
CSI_DATA,264037,d8:b1:90:d9:de:f0,-66,11,-99,-34,67,56,-447311673,100,0,114,0,"[-9,-31,-9,-34,-8,-37,-9,-38,-10,-38,-9,-37,-8,-35,-9,-33,-9,-31,-9,-30,-9,-29,-9,-27,-11,-26,-11,-24,-12,-24,-14,-24,-16,-24,-17,-24,-17,-23,-20,-21,-19,-22,-20,-21,-19,-19,-20,-17,-19,-16,-20,-16,-20,-15,-19,-15,0,0,-21,-11,-21,-13,-22,-13,-23,-14,-24,-13,-24,-14,-24,-14,-24,-15,-22,-13,-23,-12,-21,-11,-22,-12,-20,-12,-19,-10,-17,-8,-16,-8,-15,-8,-16,-7,-16,-6,-15,-7,-16,-5,-16,-7,-16,-6,-17,-6,-15,-4,-15,-3,-14,-5,-12,-3]"
CSI_DATA,264038,d8:b1:90:d9:de:f0,-66,11,-99,-37,68,56,-447301637,100,0,114,0,"[29,11,33,14,33,15,33,17,34,18,32,18,31,19,29,17,27,16,26,17,24,13,25,15,23,13,23,14,23,13,24,11,25,11,26,11,27,11,27,11,26,10,27,9,25,9,25,6,25,8,23,7,23,6,23,6,0,0,22,5,24,7,25,7,25,7,26,8,27,8,25,9,24,11,24,9,23,11,22,11,20,11,19,11,17,10,17,10,15,9,15,9,14,8,15,8,14,8,15,8,13,9,14,9,13,10,13,8,12,8,11,8,9,7]"
CSI_DATA,264039,d8:b1:90:d9:de:f0,-66,11,-99,-37,68,56,-447291326,100,0,114,0,"[32,-3,35,-3,37,-2,38,-2,38,-3,38,-3,36,-1,34,-2,33,-4,32,-3,29,-5,29,-6,27,-7,27,-8,25,-9,24,-10,25,-11,26,-12,25,-15,25,-13,22,-14,22,-16,22,-15,19,-18,21,-16,19,-17,18,-17,18,-17,0,0,15,-18,16,-20,14,-20,16,-19,15,-22,16,-22,17,-21,17,-22,16,-20,16,-21,15,-20,13,-18,11,-15,12,-16,11,-15,11,-15,10,-13,10,-14,9,-14,10,-14,10,-14,9,-14,6,-14,8,-14,9,-14,8,-13,6,-13,4,-11]"
CSI_DATA,264040,d8:b1:90:d9:de:f0,-65,9,-99,-35,66,56,-447276415,252,0,106,0,"[61,0,-110,15,25,0,113,15,15,0,99,15,25,0,-122,15,29,0,-58,15,35,0,2,16,23,0,59,16,-5,16,100,16,-31,16,125,16,-41,16,-133,16,-30,16,-87,16,-20,16,-32,16,-17,16,45,0,0,0,0,0,-73,16,-101,0,-139,16,-43,0,90,16,-18,0,54,16,-35,0,56,16,-78,0,93,16,-127,0,-117,16,106,0,-73,16,79,0,-31,16,80,0,-13,16,66,0,-11,16,47,0,-19,16,20,0,-15,16]"
CSI_DATA,264041,d8:b1:90:d9:de:f0,-66,11,-99,-35,67,56,-447260933,100,0,114,0,"[7,-33,9,-35,12,-37,13,-39,14,-37,14,-36,14,-34,13,-34,13,-33,11,-31,12,-29,10,-28,9,-28,9,-28,6,-28,8,-28,7,-30,6,-28,5,-29,4,-28,3,-29,4,-28,2,-27,2,-27,1,-26,0,-24,1,-24,1,-23,0,0,0,-23,2,-24,1,-25,0,-26,2,-27,2,-28,2,-27,4,-29,4,-27,5,-25,4,-24,5,-24,4,-22,5,-21,6,-19,5,-18,4,-18,6,-16,4,-16,5,-16,5,-15,5,-16,3,-15,4,-15,6,-14,5,-13,3,-12,4,-10]"
CSI_DATA,264042,d8:b1:90:d9:de:f0,-66,11,-99,-37,68,56,-447241558,100,0,114,0,"[7,31,6,34,7,36,7,38,7,39,5,38,4,34,6,34,5,32,6,30,7,28,9,26,9,26,8,25,11,25,11,24,12,25,12,24,14,24,15,22,16,22,17,22,16,21,17,20,17,18,16,18,17,15,18,14,0,0,19,14,19,14,19,14,21,15,21,16,20,16,20,16,22,17,21,16,20,14,18,14,17,13,15,13,14,11,14,10,12,11,12,10,13,8,13,10,11,9,12,9,13,8,14,10,12,9,12,7,11,7,10,8,9,6]"
CSI_DATA,264043,d8:b1:90:d9:de:f0,-66,11,-99,-37,68,56,-447221655,100,0,114,0,"[32,-6,35,-4,38,-2,39,0,40,1,38,2,35,3,33,5,32,4,30,4,29,5,28,6,28,6,27,6,27,5,28,6,26,4,28,6,27,6,28,6,26,7,26,6,26,4,24,6,24,6,23,6,22,6,22,5,0,0,24,9,22,9,22,9,25,11,22,12,22,13,22,13,21,14,20,14,20,15,18,15,14,17,14,16,11,14,12,14,10,14,10,13,10,13,10,12,9,13,9,13,7,14,7,15,6,15,7,13,6,12,4,11,2,11]"
CSI_DATA,264044,d8:b1:90:d9:de:f0,-66,11,-99,-34,67,56,-447211637,100,0,114,0,"[-6,-32,-5,-35,-4,-38,-3,-38,-2,-39,-2,-38,-1,-37,0,-35,-1,-34,0,-33,-2,-30,-2,-30,-3,-30,-4,-30,-5,-30,-4,-28,-6,-28,-7,-28,-8,-28,-8,-27,-9,-28,-10,-26,-8,-25,-10,-23,-10,-23,-10,-23,-10,-22,-10,-20,0,0,-11,-21,-10,-21,-10,-23,-11,-23,-11,-24,-10,-25,-11,-24,-9,-25,-9,-23,-8,-22,-7,-22,-6,-22,-6,-21,-6,-19,-5,-17,-5,-17,-4,-16,-4,-16,-5,-16,-4,-15,-4,-15,-4,-16,-5,-16,-5,-16,-4,-14,-3,-13,-2,-13,-2,-12]"
CSI_DATA,264045,d8:b1:90:d9:de:f0,-66,11,-99,-37,68,56,-447191607,100,0,114,0,"[-22,-22,-25,-24,-25,-27,-24,-28,-25,-30,-24,-27,-22,-29,-21,-26,-21,-25,-20,-23,-19,-21,-20,-22,-21,-19,-22,-18,-22,-17,-21,-16,-22,-16,-23,-16,-23,-15,-24,-14,-23,-13,-24,-13,-23,-12,-23,-11,-23,-10,-22,-9,-22,-9,-21,-8,0,0,-22,-7,-22,-7,-22,-8,-24,-8,-23,-8,-23,-10,-23,-8,-24,-9,-23,-8,-22,-8,-22,-9,-20,-7,-20,-7,-18,-8,-17,-7,-15,-6,-15,-6,-14,-5,-14,-5,-15,-4,-16,-5,-15,-5,-15,-5,-15,-5,-15,-4,-13,-4,-11,-4,-11,-4]"
CSI_DATA,264046,d8:b1:90:d9:de:f0,-66,11,-99,-36,68,56,-447180804,100,0,114,0,"[-32,-4,-33,-7,-36,-9,-37,-10,-36,-13,-34,-15,-32,-14,-30,-15,-29,-14,-27,-14,-25,-14,-24,-14,-24,-14,-23,-14,-23,-15,-24,-14,-24,-14,-23,-15,-24,-13,-23,-13,-23,-15,-24,-15,-23,-14,-22,-14,-21,-12,-20,-14,-19,-14,-18,-13,0,0,-18,-13,-17,-16,-18,-16,-17,-17,-16,-19,-16,-19,-16,-20,-14,-21,-14,-20,-13,-20,-10,-20,-8,-20,-8,-20,-7,-17,-6,-16,-6,-16,-4,-16,-3,-15,-4,-15,-3,-14,-3,-16,-1,-16,0,-16,0,-16,0,-15,0,-14,0,-13,1,-12]"
CSI_DATA,264047,d8:b1:90:d9:de:f0,-66,11,-99,-36,68,56,-447161657,100,0,114,0,"[-30,-4,-33,-6,-35,-8,-35,-9,-36,-11,-35,-11,-33,-12,-32,-11,-28,-10,-27,-10,-25,-9,-25,-8,-25,-7,-25,-6,-25,-7,-25,-6,-25,-6,-27,-6,-27,-5,-26,-4,-25,-4,-25,-4,-24,-5,-24,-3,-24,-3,-23,-2,-22,-2,-24,-2,0,0,-22,-1,-23,-2,-24,-3,-24,-2,-24,-3,-24,-5,-24,-6,-24,-7,-23,-6,-24,-6,-22,-5,-19,-6,-18,-6,-16,-7,-16,-6,-16,-6,-14,-5,-14,-4,-15,-5,-14,-5,-16,-4,-15,-5,-14,-6,-14,-6,-15,-7,-13,-7,-10,-6,-10,-5]"
CSI_DATA,264048,d8:b1:90:d9:de:f0,-65,11,-99,-36,68,56,-447151373,100,0,114,0,"[29,-5,33,-8,33,-12,34,-15,32,-19,30,-22,27,-23,23,-24,17,-25,15,-26,9,-25,5,-26,2,-26,-1,-25,-3,-27,-8,-26,-12,-24,-15,-24,-17,-21,-20,-17,-24,-14,-25,-11,-26,-8,-25,-4,-24,0,-24,1,-22,5,-22,8,0,0,-19,13,-18,15,-16,16,-16,20,-14,22,-11,23,-9,25,-7,24,-3,24,0,23,0,24,3,22,4,20,7,18,8,16,8,15,11,13,11,9,12,9,14,8,15,6,16,6,16,3,16,1,16,0,15,-1,14,-1,11,-2]"
CSI_DATA,264049,d8:b1:90:d9:de:f0,-66,11,-99,-33,67,56,-447141032,100,0,114,0,"[18,27,19,30,19,33,18,35,17,35,15,35,14,34,13,33,12,30,11,30,11,28,11,27,11,26,11,26,11,25,11,25,12,25,12,26,13,25,13,24,13,25,14,24,14,24,13,22,11,22,12,22,12,22,12,19,0,0,11,20,11,21,11,21,12,22,11,23,10,24,11,23,9,24,9,22,8,22,7,22,6,22,5,20,4,20,5,17,4,18,4,17,2,16,3,17,2,16,3,17,2,17,2,17,1,17,1,15,0,15,0,14,0,12]"
CSI_DATA,264050,d8:b1:90:d9:de:f0,-65,9,-99,-36,67,56,-447128053,124,0,106,0,"[46,0,-105,14,24,0,90,14,21,0,88,14,40,0,-123,14,55,0,-49,14,48,0,13,15,21,0,70,15,-4,15,106,15,-36,15,123,15,-49,15,-125,15,-35,15,-86,15,-16,15,-34,15,-14,15,48,0,0,0,0,0,-91,15,-80,0,91,15,-39,0,27,15,-33,0,-2,14,-71,0,17,15,-125,0,78,15,87,0,-108,15,61,0,-54,15,57,0,-21,15,73,0,-8,15,66,0,-8,15,55,0,-9,15,17,0,1,0]"
CSI_DATA,264051,d8:b1:90:d9:de:f0,-66,11,-99,-37,68,56,-447111640,100,0,114,0,"[18,-25,21,-28,24,-29,26,-30,26,-26,28,-26,25,-23,26,-22,24,-22,22,-20,22,-19,22,-18,21,-19,20,-18,21,-18,20,-19,20,-20,21,-20,21,-20,20,-18,19,-21,20,-20,18,-20,18,-20,17,-18,17,-17,16,-17,16,-16,0,0,17,-18,17,-15,18,-17,19,-16,20,-16,22,-16,21,-15,21,-14,22,-13,21,-12,21,-12,20,-11,19,-10,17,-10,18,-8,17,-6,15,-7,17,-6,15,-6,17,-6,17,-6,17,-6,16,-6,17,-5,16,-3,14,-2,13,-3,11,-2]"
CSI_DATA,264052,d8:b1:90:d9:de:f0,-66,11,-99,-36,68,56,-447101642,100,0,114,0,"[-29,-11,-31,-13,-32,-14,-32,-15,-34,-16,-33,-14,-31,-15,-29,-12,-29,-11,-26,-10,-26,-9,-25,-9,-26,-6,-26,-7,-25,-6,-24,-5,-26,-4,-27,-3,-27,-1,-27,0,-26,0,-25,1,-24,0,-24,3,-24,1,-23,3,-23,3,-23,3,0,0,-21,6,-23,5,-22,7,-23,6,-23,6,-24,6,-24,5,-24,6,-24,6,-24,7,-23,7,-21,5,-19,6,-17,5,-18,7,-16,5,-16,6,-16,5,-16,6,-16,6,-16,6,-15,6,-15,6,-14,6,-16,7,-14,7,-12,6,-9,4]"
CSI_DATA,264053,d8:b1:90:d9:de:f0,-66,11,-99,-37,68,56,-447091343,100,0,114,0,"[-17,-25,-17,-30,-17,-33,-17,-35,-16,-35,-14,-35,-11,-33,-12,-32,-11,-30,-11,-29,-9,-27,-10,-26,-10,-27,-8,-26,-10,-25,-10,-26,-11,-27,-11,-25,-12,-26,-12,-23,-12,-25,-12,-25,-11,-24,-11,-23,-11,-22,-11,-22,-10,-22,-11,-20,0,0,-11,-22,-9,-22,-10,-22,-9,-22,-10,-24,-8,-24,-9,-24,-7,-25,-6,-24,-5,-23,-5,-22,-3,-23,-3,-22,-4,-21,-3,-19,-2,-18,-1,-16,0,-16,-2,-16,0,-16,-1,-16,0,-18,0,-17,0,-18,0,-16,0,-15,0,-14,0,-12]"
CSI_DATA,264054,d8:b1:90:d9:de:f0,-66,11,-99,-36,68,56,-447075731,100,0,114,0,"[30,1,33,3,36,2,38,4,38,2,36,3,33,2,33,1,32,0,30,1,28,0,27,0,28,-1,27,-3,26,-4,27,-7,25,-6,26,-8,26,-8,26,-9,24,-11,24,-11,23,-12,21,-13,21,-12,19,-13,18,-14,19,-14,0,0,18,-15,17,-16,17,-16,18,-16,17,-16,18,-18,17,-16,19,-17,18,-17,17,-17,16,-16,16,-16,14,-16,13,-14,12,-14,11,-14,10,-13,10,-15,10,-15,10,-14,10,-14,8,-15,8,-14,8,-14,9,-15,8,-14,8,-12,5,-10]"
CSI_DATA,264055,d8:b1:90:d9:de:f0,-66,11,-99,-36,68,56,-447061667,100,0,114,0,"[31,-1,33,0,36,1,36,4,37,4,35,6,33,7,31,8,30,8,28,8,25,6,25,7,25,7,26,7,26,8,25,8,25,6,26,6,27,6,26,6,26,8,27,6,25,7,25,6,24,7,24,8,23,6,23,7,0,0,22,7,23,8,23,8,23,10,22,10,22,12,22,11,22,14,22,14,19,13,20,13,17,14,16,13,16,14,15,12,13,12,12,11,12,11,13,11,12,11,11,11,11,13,11,13,10,14,10,13,9,13,8,12,6,10]"
CSI_DATA,264056,d8:b1:90:d9:de:f0,-66,11,-99,-37,68,56,-447051145,100,0,114,0,"[-25,19,-29,19,-32,21,-33,19,-34,19,-33,18,-32,14,-30,15,-28,15,-26,14,-24,14,-24,14,-24,14,-23,14,-22,14,-22,15,-22,17,-22,18,-22,18,-22,18,-22,18,-22,19,-19,19,-18,19,-20,19,-17,17,-17,18,-17,16,0,0,-18,17,-16,18,-17,18,-19,19,-18,19,-19,17,-18,18,-20,18,-20,17,-20,17,-19,16,-18,14,-16,14,-15,12,-15,12,-15,11,-14,11,-15,11,-13,11,-14,11,-14,11,-13,11,-12,11,-14,11,-15,11,-13,10,-11,10,-11,8]"
CSI_DATA,264057,d8:b1:90:d9:de:f0,-66,11,-99,-36,68,56,-447031484,100,0,114,0,"[-29,7,-32,8,-36,7,-37,7,-37,8,-35,6,-33,7,-32,7,-29,7,-28,6,-26,6,-24,7,-24,8,-24,8,-24,10,-24,11,-24,13,-25,12,-24,13,-24,16,-23,15,-21,15,-19,16,-19,16,-18,16,-16,15,-17,16,-16,15,0,0,-16,18,-17,16,-17,17,-16,18,-16,18,-18,19,-16,19,-17,20,-18,18,-17,18,-16,18,-14,17,-15,16,-13,16,-13,14,-12,13,-10,14,-10,12,-10,13,-10,13,-10,14,-10,15,-8,14,-8,14,-10,14,-8,13,-7,11,-7,11]"
CSI_DATA,264058,d8:b1:90:d9:de:f0,-66,11,-99,-37,68,56,-447020804,100,0,114,0,"[4,-31,6,-34,9,-36,11,-37,12,-36,12,-34,12,-33,13,-31,11,-27,11,-26,12,-25,11,-23,12,-24,11,-24,11,-24,12,-24,11,-25,13,-25,12,-25,12,-25,11,-26,11,-25,11,-24,11,-23,11,-23,11,-22,11,-22,11,-21,0,0,11,-22,13,-21,13,-21,14,-21,14,-21,16,-21,17,-21,17,-20,18,-18,17,-17,18,-16,18,-15,16,-14,16,-13,16,-11,15,-11,15,-11,14,-10,14,-10,14,-9,15,-9,15,-9,14,-9,15,-8,16,-6,16,-6,15,-6,11,-4]"
CSI_DATA,264059,d8:b1:90:d9:de:f0,-66,11,-99,-37,68,56,-447010235,100,0,114,0,"[-14,29,-15,31,-19,33,-19,32,-20,33,-21,32,-20,30,-20,28,-17,26,-17,24,-15,23,-15,24,-15,23,-14,24,-13,24,-13,24,-11,24,-13,25,-11,25,-11,26,-10,25,-10,26,-10,25,-8,24,-9,24,-8,23,-8,23,-8,22,0,0,-7,22,-7,23,-8,23,-8,24,-7,25,-10,24,-9,24,-9,24,-9,23,-11,23,-10,22,-9,22,-9,21,-7,18,-8,19,-7,17,-7,17,-7,15,-8,16,-7,15,-7,15,-7,16,-6,17,-7,15,-9,14,-8,14,-7,14,-5,11]"
CSI_DATA,264060,d8:b1:90:d9:de:f0,-66,11,-99,-33,67,56,-446991650,100,0,114,0,"[-22,-23,-22,-26,-23,-29,-21,-31,-22,-33,-19,-32,-16,-33,-15,-29,-13,-29,-12,-29,-12,-26,-11,-26,-11,-25,-11,-25,-11,-25,-12,-26,-12,-26,-12,-26,-12,-27,-12,-26,-11,-25,-11,-25,-11,-24,-11,-23,-11,-24,-10,-23,-11,-23,-10,-22,0,0,-8,-22,-8,-22,-7,-23,-8,-24,-7,-25,-6,-25,-5,-26,-4,-26,-3,-24,-2,-25,-2,-24,-1,-23,0,-22,0,-21,0,-19,0,-18,0,-17,1,-17,0,-16,1,-17,1,-17,1,-18,1,-18,3,-18,2,-15,3,-14,3,-14,4,-13]"
CSI_DATA,264061,d8:b1:90:d9:de:f0,-66,11,-99,-37,68,56,-446976816,100,0,114,0,"[0,-30,0,-33,2,-35,5,-36,8,-37,8,-35,9,-33,10,-33,10,-30,9,-28,10,-26,9,-26,9,-25,8,-24,9,-24,10,-25,10,-25,11,-26,11,-25,11,-25,11,-26,11,-25,10,-24,9,-24,11,-23,10,-23,11,-22,11,-22,0,0,12,-20,11,-22,12,-22,15,-21,15,-22,16,-21,16,-20,17,-19,19,-18,19,-18,19,-16,16,-15,16,-13,15,-12,16,-10,15,-9,14,-9,15,-9,14,-9,15,-8,15,-7,14,-7,13,-7,15,-6,16,-5,15,-5,13,-4,11,-3]"
CSI_DATA,264062,d8:b1:90:d9:de:f0,-66,11,-99,-37,68,56,-446961628,100,0,114,0,"[29,5,33,6,35,8,37,7,35,9,35,7,33,8,32,6,30,5,28,4,26,3,26,2,27,1,27,0,27,0,27,0,28,-1,28,-1,29,-2,27,-4,27,-5,25,-6,24,-7,24,-8,24,-8,22,-8,22,-9,22,-9,0,0,22,-11,21,-11,22,-11,22,-11,22,-11,22,-11,23,-11,24,-12,24,-12,22,-12,21,-11,20,-11,18,-11,16,-11,17,-10,16,-9,14,-9,14,-10,13,-10,13,-11,14,-11,13,-10,12,-10,13,-11,14,-11,13,-11,11,-9,10,-8]"
CSI_DATA,264063,d8:b1:90:d9:de:f0,-66,11,-99,-34,67,56,-446951356,100,0,114,0,"[28,-16,32,-16,33,-16,35,-15,36,-14,35,-13,36,-10,33,-9,31,-9,31,-7,27,-7,28,-7,27,-9,28,-8,27,-8,27,-9,27,-9,29,-10,28,-10,28,-10,25,-10,25,-10,25,-10,24,-11,26,-10,22,-10,24,-9,24,-10,0,0,24,-8,24,-10,24,-9,25,-8,24,-8,25,-8,27,-7,27,-7,27,-6,28,-5,25,-5,23,-4,22,-3,20,-3,19,-2,18,-1,18,-1,18,-2,17,-1,17,0,17,0,17,-1,16,0,17,0,18,0,16,0,16,0,12,0]"
CSI_DATA,264064,d8:b1:90:d9:de:f0,-66,11,-99,-37,68,56,-446931609,100,0,114,0,"[16,-25,20,-26,22,-28,23,-28,23,-28,23,-27,23,-24,22,-23,20,-23,20,-22,18,-21,17,-21,17,-21,16,-22,14,-21,14,-22,15,-22,15,-22,14,-22,13,-22,12,-23,11,-23,11,-22,11,-22,11,-22,10,-22,10,-21,9,-22,0,0,9,-22,10,-22,9,-22,11,-23,11,-25,11,-24,11,-25,11,-25,11,-23,11,-24,11,-22,10,-21,10,-20,9,-19,10,-16,9,-15,9,-15,8,-15,7,-15,8,-15,7,-15,8,-15,5,-15,8,-16,7,-15,8,-14,7,-14,5,-11]"
CSI_DATA,264065,d8:b1:90:d9:de:f0,-66,11,-99,-34,67,56,-446921304,100,0,114,0,"[-10,30,-13,32,-16,35,-20,34,-20,34,-21,33,-21,29,-21,27,-20,24,-20,23,-19,23,-18,20,-18,21,-17,20,-18,20,-18,21,-20,22,-21,20,-21,22,-19,21,-20,20,-19,19,-20,18,-19,18,-20,18,-17,17,-18,16,-18,16,0,0,-20,16,-19,15,-21,15,-21,15,-22,15,-23,13,-24,13,-24,11,-24,10,-24,9,-23,9,-21,8,-21,6,-20,5,-19,3,-18,3,-17,1,-17,1,-17,1,-17,1,-18,0,-17,0,-16,0,-17,0,-18,0,-17,-1,-14,0,-13,-1]"
CSI_DATA,264066,d8:b1:90:d9:de:f0,-66,11,-99,-37,68,56,-446911137,100,0,114,0,"[-21,-22,-23,-25,-22,-27,-23,-30,-23,-29,-23,-30,-22,-27,-19,-26,-19,-23,-17,-24,-18,-22,-17,-22,-16,-21,-17,-21,-18,-20,-18,-20,-20,-21,-20,-20,-21,-18,-22,-18,-21,-19,-21,-17,-20,-16,-21,-15,-21,-16,-20,-14,-20,-14,-19,-12,0,0,-22,-14,-19,-13,-19,-14,-22,-13,-21,-16,-22,-17,-20,-16,-19,-17,-20,-16,-19,-16,-19,-15,-18,-17,-16,-13,-16,-13,-14,-12,-14,-11,-12,-11,-12,-11,-13,-10,-11,-11,-13,-11,-12,-11,-13,-11,-13,-11,-13,-11,-11,-10,-11,-10,-9,-8]"
CSI_DATA,264067,d8:b1:90:d9:de:f0,-66,11,-99,-34,67,56,-446900527,100,0,114,0,"[23,-21,25,-24,28,-25,29,-25,30,-25,29,-24,27,-23,26,-23,23,-21,22,-21,21,-19,18,-20,17,-22,16,-22,16,-22,16,-24,15,-26,15,-25,14,-26,12,-25,11,-27,10,-28,9,-26,7,-26,5,-24,5,-25,3,-24,4,-26,0,0,3,-25,2,-25,3,-27,1,-25,2,-27,1,-27,0,-28,1,-28,2,-28,1,-25,0,-26,0,-23,0,-22,0,-20,0,-18,0,-17,0,-17,0,-17,0,-17,-1,-16,0,-16,-1,-17,-2,-16,-2,-17,-1,-16,-1,-16,-3,-14,-2,-12]"
CSI_DATA,264068,d8:b1:90:d9:de:f0,-66,11,-99,-36,68,56,-446890169,100,0,114,0,"[-24,-16,-25,-19,-27,-21,-26,-23,-27,-24,-25,-24,-23,-24,-22,-23,-21,-20,-20,-22,-19,-19,-19,-19,-18,-19,-18,-19,-19,-18,-20,-18,-19,-17,-20,-18,-22,-17,-20,-16,-21,-18,-22,-17,-20,-17,-20,-16,-19,-17,-18,-16,-18,-15,-17,-15,0,0,-19,-15,-18,-16,-18,-16,-19,-16,-17,-17,-19,-19,-17,-19,-18,-20,-18,-19,-16,-18,-16,-19,-13,-17,-13,-16,-10,-16,-10,-15,-10,-13,-9,-14,-9,-12,-10,-13,-9,-13,-9,-13,-8,-14,-8,-15,-8,-16,-8,-12,-8,-13,-7,-12,-5,-9]"
CSI_DATA,264069,d8:b1:90:d9:de:f0,-66,11,-99,-34,67,56,-446870420,100,0,114,0,"[-21,-21,-22,-25,-22,-28,-23,-31,-21,-31,-21,-33,-19,-30,-19,-29,-17,-27,-17,-25,-16,-23,-16,-22,-16,-21,-17,-20,-18,-20,-17,-19,-20,-21,-19,-20,-20,-21,-20,-18,-21,-19,-20,-19,-20,-18,-21,-16,-19,-16,-19,-15,-19,-15,-19,-16,0,0,-20,-14,-20,-16,-21,-16,-21,-15,-21,-16,-21,-17,-21,-17,-21,-17,-19,-17,-19,-15,-19,-15,-17,-16,-16,-15,-16,-14,-15,-12,-13,-13,-13,-11,-14,-10,-14,-11,-13,-11,-13,-10,-13,-11,-14,-11,-14,-11,-13,-9,-13,-10,-11,-10,-10,-8]"
CSI_DATA,264070,d8:b1:90:d9:de:f0,-65,9,-99,-34,66,56,-446859578,98,0,106,0,"[96,1,-120,15,-129,1,104,15,-129,1,109,15,96,1,-126,15,30,1,-92,15,-32,0,-64,15,-92,0,-68,15,-130,0,-91,15,115,0,-106,15,105,0,-102,15,77,0,-66,15,30,0,-14,15,-46,15,20,0,0,0,0,0,67,15,11,0,-15,14,-36,15,-43,14,-94,15,-27,14,130,15,32,15,121,15,100,15,-119,15,-119,15,-63,15,-91,15,-18,15,-74,15,6,0,-67,15,18,0,-49,15,10,0,-12,15,-6,15,31,0]"
CSI_DATA,264071,d8:b1:90:d9:de:f0,-65,9,-99,-37,67,56,-446844528,321,0,106,0,"[-56,0,37,1,16,1,68,1,18,1,63,1,-22,0,31,1,-79,0,-15,0,-116,0,-71,0,127,0,-126,0,-130,0,89,0,-108,0,56,0,-113,0,44,0,106,0,34,0,38,0,23,0,-34,15,-24,15,0,0,0,0,-111,15,89,15,-115,15,2,15,-87,15,-53,14,-39,15,-53,14,-4,15,-14,14,5,0,57,15,-10,15,-125,15,-39,15,-80,15,-61,15,-47,15,-67,15,-38,15,-48,15,-30,15,-6,15,-16,15,36,0]"
CSI_DATA,264072,d8:b1:90:d9:de:f0,-66,11,-99,-34,67,56,-446831337,100,0,114,0,"[17,-26,20,-29,24,-30,26,-28,28,-28,28,-26,28,-23,27,-22,27,-20,25,-20,24,-18,22,-18,22,-17,21,-18,21,-18,22,-18,21,-17,23,-17,22,-18,22,-17,20,-18,23,-17,21,-16,20,-17,21,-17,20,-16,19,-16,19,-16,0,0,21,-14,20,-15,21,-14,23,-13,21,-13,24,-12,24,-12,25,-10,25,-9,25,-10,24,-8,21,-8,20,-7,19,-5,19,-4,18,-3,17,-2,16,-2,18,-2,16,0,17,-2,17,-1,16,-1,16,0,17,0,16,0,15,0,12,0]"
CSI_DATA,264073,d8:b1:90:d9:de:f0,-66,11,-99,-34,67,56,-446821029,100,0,114,0,"[-25,-18,-26,-21,-29,-23,-29,-24,-29,-25,-27,-24,-26,-25,-24,-22,-23,-20,-23,-20,-22,-18,-21,-18,-22,-16,-22,-16,-23,-16,-23,-16,-24,-15,-25,-16,-26,-14,-25,-12,-25,-12,-26,-12,-26,-12,-24,-11,-26,-9,-24,-9,-23,-8,-25,-8,0,0,-24,-9,-24,-7,-24,-7,-27,-8,-25,-9,-26,-10,-27,-9,-25,-10,-24,-10,-24,-8,-22,-8,-22,-9,-20,-9,-19,-8,-19,-7,-16,-6,-16,-6,-16,-4,-16,-5,-16,-5,-16,-5,-16,-5,-16,-6,-16,-4,-16,-4,-15,-3,-13,-5,-11,-3]"
CSI_DATA,264074,d8:b1:90:d9:de:f0,-66,11,-99,-35,67,56,-446801680,100,0,114,0,"[-33,0,-35,0,-38,-4,-38,-6,-39,-8,-37,-10,-35,-10,-34,-10,-31,-10,-29,-11,-28,-10,-27,-10,-26,-10,-27,-11,-27,-11,-28,-11,-28,-12,-29,-12,-29,-12,-27,-12,-26,-12,-26,-11,-25,-12,-25,-12,-25,-12,-24,-13,-23,-11,-22,-12,0,0,-21,-13,-21,-14,-21,-15,-21,-15,-21,-18,-19,-18,-19,-19,-18,-22,-18,-20,-16,-19,-15,-19,-13,-20,-10,-20,-9,-18,-10,-17,-8,-17,-7,-16,-7,-15,-6,-14,-5,-15,-5,-16,-5,-16,-4,-16,-3,-16,-3,-15,-3,-13,-1,-13,0,-12]"
CSI_DATA,264075,d8:b1:90:d9:de:f0,-66,11,-99,-37,68,56,-446791637,100,0,114,0,"[11,30,11,33,10,35,9,37,8,38,8,37,7,34,6,34,6,31,7,30,6,29,7,26,8,27,9,26,10,27,10,27,11,27,10,28,11,28,11,26,13,25,12,24,12,23,11,23,12,22,12,21,13,21,12,20,0,0,13,21,12,22,12,22,14,22,14,23,13,24,13,24,12,25,11,24,11,23,11,22,11,22,11,20,10,18,7,18,8,16,7,15,6,15,7,14,6,14,8,15,8,15,9,13,8,14,6,12,6,12,5,12,4,11]"
CSI_DATA,264076,d8:b1:90:d9:de:f0,-66,11,-99,-33,67,56,-446781495,100,0,114,0,"[9,31,8,33,6,36,4,38,2,37,1,35,0,35,0,33,0,32,0,31,-1,29,-1,28,-2,27,-1,27,-1,28,-1,28,-1,29,-1,28,-2,30,-2,29,-2,29,-1,29,-2,28,-1,27,-3,27,-2,26,-3,25,-3,24,0,0,-4,24,-6,25,-5,24,-7,24,-7,25,-7,25,-9,26,-10,25,-11,22,-11,22,-11,20,-11,20,-11,18,-11,17,-11,15,-10,13,-11,13,-11,11,-11,11,-11,11,-11,12,-12,12,-11,11,-11,11,-11,9,-11,9,-11,8,-10,7]"
CSI_DATA,264077,d8:b1:90:d9:de:f0,-66,11,-99,-35,68,56,-446766311,100,0,114,0,"[1,29,0,32,0,34,0,35,0,35,0,34,0,32,0,31,1,29,0,28,2,26,2,26,4,25,5,24,5,25,7,25,7,26,9,25,11,25,10,25,12,25,12,23,12,23,13,21,13,20,14,21,14,19,14,18,0,0,15,18,16,18,16,18,17,18,17,19,17,19,17,19,16,19,16,16,16,16,15,16,15,15,14,15,13,14,13,12,12,12,12,11,12,10,12,10,12,10,12,10,12,9,12,9,12,8,12,7,11,6,10,7,8,6]"
CSI_DATA,264078,d8:b1:90:d9:de:f0,-65,9,-99,-36,67,56,-446755614,108,0,106,0,"[75,1,-104,0,-107,1,115,0,-100,1,92,0,115,1,82,0,52,1,61,0,-10,0,51,0,-64,0,17,0,-100,0,-27,15,-127,0,-59,15,99,0,-75,15,75,0,-59,15,27,0,-21,15,-39,15,11,0,0,0,0,0,69,15,50,0,-7,14,32,0,-63,14,17,0,-65,14,-11,15,-25,14,-28,15,42,15,-22,15,117,15,0,0,-88,15,28,0,-52,15,44,0,-37,15,57,0,-19,15,40,0,-9,15,7,0,0,0]"
CSI_DATA,264079,d8:b1:90:d9:de:f0,-67,11,-99,-35,68,56,-446745117,100,0,114,0,"[-25,16,-27,17,-31,18,-32,18,-30,18,-30,16,-29,14,-28,15,-25,14,-25,15,-23,13,-23,13,-22,12,-21,14,-21,15,-20,16,-20,16,-21,17,-20,17,-19,18,-19,19,-18,19,-17,17,-15,19,-17,19,-16,18,-16,18,-14,18,0,0,-14,18,-14,19,-14,19,-16,19,-15,20,-16,20,-17,19,-15,20,-16,18,-16,18,-15,17,-14,15,-12,14,-13,14,-12,12,-12,12,-11,12,-11,12,-10,12,-11,12,-11,12,-9,12,-9,12,-10,12,-11,11,-10,10,-7,9,-6,8]"
CSI_DATA,264080,d8:b1:90:d9:de:f0,-66,11,-99,-35,67,56,-446731641,100,0,114,0,"[33,1,35,3,37,5,38,8,38,9,37,11,34,13,33,12,32,12,30,12,27,11,26,12,25,12,25,11,26,12,26,13,27,13,27,14,27,13,26,13,27,13,26,14,24,14,25,13,23,12,23,14,21,13,21,12,0,0,22,15,20,15,21,17,21,17,20,19,19,21,18,21,16,23,16,22,16,22,14,21,10,21,10,21,8,20,8,18,6,17,5,16,6,15,6,16,4,16,4,16,2,17,3,17,0,17,1,15,1,15,0,12,0,12]"
CSI_DATA,264081,d8:b1:90:d9:de:f0,-66,11,-99,-35,67,56,-446721532,100,0,114,0,"[-17,-28,-18,-32,-17,-34,-18,-35,-17,-35,-16,-34,-14,-34,-13,-32,-13,-29,-13,-28,-12,-27,-13,-27,-13,-26,-14,-26,-15,-25,-15,-26,-16,-24,-16,-25,-16,-24,-17,-24,-17,-24,-18,-22,-17,-21,-18,-21,-17,-21,-18,-20,-17,-20,-16,-19,0,0,-17,-18,-17,-19,-16,-18,-18,-20,-17,-21,-18,-22,-18,-22,-17,-23,-17,-21,-16,-21,-14,-20,-13,-20,-13,-18,-11,-17,-11,-16,-10,-15,-9,-15,-9,-14,-10,-14,-9,-14,-10,-13,-9,-14,-10,-15,-8,-15,-8,-13,-7,-12,-6,-11,-6,-11]"
CSI_DATA,264082,d8:b1:90:d9:de:f0,-66,11,-99,-34,67,56,-446701540,100,0,114,0,"[-8,-31,-8,-34,-8,-37,-7,-37,-7,-38,-7,-37,-5,-34,-5,-33,-7,-32,-6,-30,-6,-27,-7,-27,-7,-28,-8,-27,-10,-26,-10,-27,-10,-26,-11,-26,-13,-26,-13,-23,-14,-26,-15,-24,-14,-22,-16,-20,-15,-21,-15,-21,-15,-20,-16,-21,0,0,-14,-17,-16,-18,-16,-20,-16,-20,-16,-22,-16,-22,-17,-22,-16,-22,-16,-21,-16,-21,-15,-20,-13,-20,-13,-19,-11,-17,-11,-16,-11,-16,-10,-15,-10,-14,-10,-13,-9,-13,-10,-13,-11,-14,-11,-14,-11,-14,-9,-12,-9,-12,-8,-11,-7,-10]"
CSI_DATA,264083,d8:b1:90:d9:de:f0,-66,11,-99,-34,67,56,-446681571,100,0,114,0,"[-26,-18,-28,-21,-30,-23,-30,-23,-30,-25,-29,-23,-28,-23,-26,-21,-27,-18,-26,-17,-24,-16,-25,-16,-24,-14,-25,-12,-26,-12,-25,-12,-26,-9,-28,-10,-28,-9,-27,-8,-29,-7,-28,-5,-27,-4,-27,-3,-27,-2,-25,-2,-25,-1,-26,0,0,0,-28,0,-25,0,-26,0,-29,0,-28,0,-28,0,-29,0,-28,0,-27,0,-27,0,-25,0,-24,0,-22,0,-20,0,-19,0,-18,0,-17,0,-16,1,-17,1,-17,2,-18,3,-17,2,-17,2,-16,1,-17,2,-16,2,-13,1,-12,1]"
CSI_DATA,264084,d8:b1:90:d9:de:f0,-66,11,-99,-38,68,56,-446670055,100,0,114,0,"[12,-29,13,-33,15,-34,16,-35,16,-36,15,-35,15,-33,14,-32,10,-30,11,-28,9,-27,8,-26,6,-26,5,-27,4,-27,2,-27,1,-28,0,-28,0,-29,0,-28,-3,-28,-2,-29,-4,-27,-5,-27,-4,-25,-6,-25,-7,-24,-6,-24,0,0,-10,-24,-8,-24,-10,-24,-9,-24,-11,-25,-10,-25,-10,-26,-9,-25,-11,-24,-10,-25,-11,-23,-8,-22,-9,-20,-9,-20,-7,-17,-7,-16,-6,-15,-7,-15,-7,-15,-7,-14,-8,-16,-9,-16,-10,-14,-9,-15,-8,-14,-8,-13,-7,-12,-7,-11]"
CSI_DATA,264085,d8:b1:90:d9:de:f0,-66,11,-99,-35,67,56,-446651633,100,0,114,0,"[31,-9,35,-9,38,-9,40,-9,38,-6,38,-6,36,-5,35,-6,32,-5,31,-5,30,-5,27,-6,26,-7,26,-7,26,-8,26,-9,27,-9,28,-9,28,-11,25,-11,26,-12,26,-13,24,-13,24,-13,22,-13,22,-13,22,-12,22,-13,0,0,22,-15,21,-14,23,-15,22,-15,24,-16,23,-15,24,-15,24,-14,26,-14,24,-14,22,-14,21,-12,21,-11,20,-10,18,-9,19,-8,17,-8,17,-9,17,-9,16,-8,17,-9,17,-8,14,-8,15,-7,17,-7,16,-8,12,-6,12,-5]"
CSI_DATA,264086,d8:b1:90:d9:de:f0,-66,11,-99,-35,67,56,-446641634,100,0,114,0,"[-25,22,-29,23,-31,23,-33,22,-34,21,-33,18,-33,17,-32,15,-29,14,-28,13,-26,12,-26,12,-25,12,-25,11,-25,12,-25,11,-24,11,-26,11,-25,12,-26,12,-26,12,-25,14,-25,12,-23,12,-24,12,-23,12,-22,10,-23,11,0,0,-24,11,-24,9,-24,10,-26,10,-26,8,-28,8,-28,8,-28,6,-27,4,-28,4,-26,4,-24,1,-23,1,-22,0,-20,0,-20,0,-20,0,-19,0,-20,0,-18,0,-19,-1,-18,0,-17,-1,-17,-2,-18,-3,-17,-4,-15,-2,-13,-3]"
CSI_DATA,264087,d8:b1:90:d9:de:f0,-66,11,-99,-35,67,56,-446631633,100,0,114,0,"[19,26,21,30,21,33,21,33,21,33,20,33,18,31,17,29,17,26,16,25,17,23,16,23,17,23,17,21,18,22,19,20,20,19,21,20,22,19,22,17,23,18,23,16,23,16,23,13,23,14,24,13,22,11,24,10,0,0,26,11,24,11,24,11,27,11,27,12,26,12,28,13,28,14,27,11,25,11,26,11,24,11,23,11,21,10,21,8,19,8,18,7,18,5,18,6,17,6,18,6,17,7,18,7,18,7,17,5,16,4,14,6,14,6]"
CSI_DATA,264088,d8:b1:90:d9:de:f0,-65,11,-99,-36,67,56,-446611553,100,0,114,0,"[7,33,6,36,6,38,6,39,6,41,6,39,6,37,6,36,7,32,7,31,8,29,8,29,8,28,9,28,10,27,11,27,12,27,14,27,16,26,17,24,17,26,20,25,19,23,20,21,19,20,18,20,19,19,19,17,0,0,22,16,21,17,23,18,25,18,25,19,25,19,26,19,26,20,25,16,26,18,24,17,22,17,21,15,20,14,20,12,19,13,18,12,18,9,19,10,18,9,19,9,18,9,19,9,19,10,17,8,17,7,16,8,13,7]"
CSI_DATA,264089,d8:b1:90:d9:de:f0,-65,11,-99,-35,67,56,-446591634,100,0,114,0,"[-7,-30,-6,-34,-5,-38,-2,-39,0,-37,0,-37,0,-35,2,-33,3,-32,3,-30,2,-29,3,-27,4,-28,3,-27,2,-29,3,-29,3,-28,4,-28,3,-29,4,-28,4,-29,4,-29,4,-27,3,-27,3,-27,4,-27,5,-26,5,-26,0,0,5,-26,7,-25,7,-26,7,-27,9,-27,11,-29,12,-28,14,-28,15,-26,14,-25,15,-25,14,-23,14,-21,15,-19,15,-16,15,-15,13,-15,14,-13,14,-14,15,-13,15,-14,16,-15,15,-14,16,-13,16,-10,16,-10,14,-9,13,-8]"
CSI_DATA,264090,d8:b1:90:d9:de:f0,-65,11,-99,-36,67,56,-446581338,100,0,114,0,"[6,-32,8,-35,9,-36,10,-37,11,-39,10,-36,12,-34,12,-32,10,-30,10,-30,8,-27,8,-27,9,-27,8,-27,7,-27,6,-27,5,-28,5,-29,5,-29,4,-29,3,-29,2,-30,1,-29,0,-27,2,-28,1,-28,0,-26,1,-27,0,0,0,-27,-1,-28,-1,-27,0,-30,0,-31,0,-32,0,-30,1,-32,1,-30,3,-31,3,-29,3,-26,3,-25,2,-24,2,-23,3,-22,2,-21,2,-20,2,-20,3,-20,3,-21,1,-21,1,-22,3,-21,4,-19,4,-18,3,-18,3,-16]"
CSI_DATA,264091,d8:b1:90:d9:de:f0,-65,11,-99,-35,67,56,-446565086,100,0,114,0,"[28,-13,31,-14,33,-15,34,-14,34,-15,34,-15,32,-13,31,-14,28,-13,28,-12,25,-13,23,-14,23,-15,22,-16,20,-17,21,-18,20,-19,20,-21,20,-22,19,-22,17,-23,16,-23,15,-22,12,-23,14,-25,12,-24,9,-24,12,-24,0,0,6,-25,7,-25,8,-25,7,-27,6,-29,7,-29,6,-29,8,-30,6,-30,6,-30,5,-29,4,-27,3,-25,3,-23,2,-24,3,-22,1,-22,0,-22,0,-22,2,-20,0,-20,0,-21,-1,-20,0,-21,0,-20,0,-19,0,-17,0,-15]"
CSI_DATA,264092,d8:b1:90:d9:de:f0,-65,11,-99,-36,67,56,-446551636,100,0,114,0,"[-16,27,-19,29,-22,30,-23,30,-24,30,-25,28,-24,26,-24,24,-23,23,-21,21,-20,20,-19,19,-20,20,-19,20,-19,20,-18,20,-18,21,-20,22,-20,22,-19,23,-19,23,-19,23,-18,22,-16,22,-17,22,-17,23,-16,22,-17,22,0,0,-17,23,-17,23,-17,23,-18,24,-20,25,-21,24,-21,24,-22,23,-21,23,-22,21,-21,22,-20,18,-18,18,-18,17,-18,16,-18,15,-16,14,-17,14,-17,15,-18,14,-17,14,-17,15,-16,14,-18,14,-18,13,-16,12,-15,11,-14,9]"
CSI_DATA,264093,d8:b1:90:d9:de:f0,-65,11,-99,-35,67,56,-446541652,100,0,114,0,"[-24,17,-28,18,-30,19,-33,19,-33,18,-33,20,-29,17,-30,16,-26,17,-26,16,-22,16,-21,16,-21,18,-20,18,-19,20,-18,20,-18,22,-18,21,-18,22,-16,23,-15,24,-15,26,-12,25,-12,25,-11,25,-9,26,-8,25,-7,25,0,0,-7,28,-6,27,-6,28,-5,29,-5,30,-5,31,-4,31,-4,31,-4,31,-3,30,-2,29,-2,28,0,26,0,25,0,21,-1,22,0,21,0,21,0,20,0,22,0,21,1,22,3,22,3,21,1,20,2,18,2,17,3,15]"
CSI_DATA,264094,d8:b1:90:d9:de:f0,-65,11,-99,-34,66,56,-446531563,100,0,114,0,"[29,16,31,19,32,22,31,24,31,24,31,24,28,23,26,23,25,22,24,21,23,19,22,19,22,19,23,18,23,18,24,18,25,16,26,19,26,16,26,15,27,16,27,16,26,15,26,14,25,13,26,13,25,12,26,12,0,0,25,11,26,13,27,12,29,12,29,14,30,16,29,15,29,16,29,14,28,15,27,14,25,15,24,14,23,12,22,13,20,12,21,11,20,10,20,10,19,10,21,11,20,12,20,12,22,11,19,11,20,10,16,11,13,10]"
CSI_DATA,264095,d8:b1:90:d9:de:f0,-65,11,-99,-36,67,56,-446511574,100,0,114,0,"[31,-4,34,-3,36,-2,36,-1,38,-1,36,-1,34,1,33,1,31,0,31,1,28,-1,29,-1,28,-1,28,-3,27,-3,27,-3,27,-3,30,-5,30,-5,29,-7,29,-7,29,-7,28,-7,26,-9,28,-9,27,-9,26,-9,24,-9,0,0,26,-11,25,-10,27,-11,28,-14,29,-13,29,-12,29,-13,30,-11,28,-12,30,-11,28,-12,25,-10,23,-9,21,-10,23,-10,20,-9,19,-9,20,-9,18,-9,20,-10,21,-10,19,-10,20,-10,20,-10,20,-10,20,-8,17,-9,15,-7]"
CSI_DATA,264096,d8:b1:90:d9:de:f0,-65,11,-99,-34,66,56,-446501509,100,0,114,0,"[-13,29,-16,31,-20,33,-21,32,-22,33,-23,30,-23,29,-23,26,-21,25,-21,24,-20,23,-21,21,-21,22,-21,21,-20,21,-20,22,-21,23,-21,24,-21,23,-21,24,-21,22,-20,23,-20,23,-19,23,-22,23,-20,21,-19,21,-20,20,0,0,-21,21,-21,22,-21,21,-23,23,-23,23,-24,23,-25,23,-25,21,-26,20,-27,19,-25,18,-23,15,-23,14,-20,14,-21,13,-20,11,-19,11,-19,10,-19,10,-21,11,-21,10,-21,11,-20,10,-22,9,-23,8,-21,7,-19,7,-16,5]"
CSI_DATA,264097,d8:b1:90:d9:de:f0,-65,11,-99,-36,67,56,-446481645,100,0,114,0,"[-19,-25,-19,-28,-19,-31,-19,-33,-17,-32,-16,-33,-14,-31,-13,-30,-13,-29,-12,-28,-11,-26,-11,-26,-11,-25,-12,-26,-13,-26,-13,-26,-13,-26,-13,-26,-14,-27,-14,-25,-16,-28,-16,-27,-16,-26,-15,-26,-15,-25,-15,-24,-14,-23,-15,-23,0,0,-15,-24,-13,-25,-15,-26,-17,-25,-17,-27,-16,-28,-16,-28,-15,-28,-14,-27,-13,-26,-13,-26,-11,-27,-11,-25,-11,-24,-9,-22,-9,-21,-9,-20,-9,-19,-9,-19,-8,-19,-8,-19,-9,-22,-9,-21,-9,-22,-8,-20,-7,-19,-6,-18,-4,-16]"
CSI_DATA,264098,d8:b1:90:d9:de:f0,-66,11,-99,-35,67,56,-446460007,100,0,114,0,"[29,8,31,9,34,10,35,12,34,10,32,10,32,10,30,9,28,6,27,7,27,6,25,4,26,3,26,3,26,2,26,1,28,0,29,0,29,-1,30,-3,28,-3,28,-4,27,-6,27,-7,26,-6,24,-8,25,-8,25,-10,0,0,22,-12,24,-12,24,-14,25,-14,24,-15,25,-16,25,-15,25,-17,25,-16,25,-17,22,-17,20,-14,20,-15,18,-13,17,-14,16,-14,15,-14,14,-15,13,-15,14,-15,13,-17,12,-17,13,-17,12,-16,13,-16,12,-15,8,-14,7,-12]"
CSI_DATA,264099,d8:b1:90:d9:de:f0,-65,11,-99,-36,67,56,-446441410,100,0,114,0,"[29,11,32,14,33,16,34,17,33,19,33,19,31,19,30,17,29,16,27,15,26,14,25,14,26,13,26,11,27,11,27,12,28,11,28,12,29,11,29,9,30,11,32,9,29,8,30,7,29,6,28,6,28,5,28,5,0,0,29,3,28,5,29,6,30,5,31,5,32,5,31,5,29,6,28,5,29,4,28,5,27,5,25,5,24,4,23,4,23,4,22,4,21,2,21,3,20,2,22,2,21,3,20,2,22,3,22,1,20,1,18,3,16,1]"
CSI_DATA,264100,d8:b1:90:d9:de:f0,-65,11,-99,-37,67,56,-446421031,100,0,114,0,"[-20,23,-23,24,-25,26,-27,26,-29,25,-28,25,-27,22,-26,23,-24,21,-23,21,-22,19,-21,20,-21,19,-20,21,-19,21,-19,22,-20,23,-20,24,-20,25,-18,25,-18,26,-18,26,-16,25,-15,27,-15,26,-14,25,-15,25,-15,25,0,0,-13,25,-13,26,-14,26,-14,25,-14,28,-14,28,-14,28,-14,29,-14,27,-15,26,-13,26,-12,25,-12,23,-12,22,-11,20,-11,20,-10,19,-10,19,-8,18,-10,19,-9,19,-9,20,-8,20,-8,18,-9,18,-8,17,-7,16,-6,15]"
CSI_DATA,264101,d8:b1:90:d9:de:f0,-65,11,-99,-37,67,56,-446401732,100,0,114,0,"[31,-1,34,1,38,2,38,6,40,7,37,8,36,9,32,11,31,11,29,11,28,10,26,11,26,12,26,12,27,11,26,12,28,12,29,13,29,13,28,13,27,15,28,13,27,13,27,12,26,14,26,15,24,14,24,13,0,0,25,15,24,18,23,17,25,19,24,20,24,22,23,22,22,23,21,22,20,23,18,23,15,22,15,21,13,20,12,19,11,18,10,18,9,18,9,18,8,18,9,17,7,19,7,20,6,19,6,17,5,17,3,16,3,14]"
CSI_DATA,264102,d8:b1:90:d9:de:f0,-65,11,-99,-35,67,56,-446391621,100,0,114,0,"[-7,-30,-6,-34,-5,-35,-5,-36,-4,-36,-2,-35,-1,-34,-1,-33,-1,-31,-2,-30,-2,-28,-1,-28,-2,-27,-3,-28,-2,-27,-3,-27,-5,-29,-5,-28,-6,-29,-6,-29,-8,-29,-9,-29,-8,-28,-9,-28,-9,-27,-8,-28,-9,-26,-10,-26,0,0,-9,-26,-10,-26,-9,-26,-10,-27,-10,-29,-12,-30,-10,-29,-10,-29,-9,-27,-9,-27,-6,-27,-6,-27,-6,-25,-5,-23,-5,-20,-4,-20,-4,-19,-4,-18,-5,-18,-5,-19,-5,-18,-6,-19,-6,-20,-5,-18,-5,-17,-4,-16,-4,-15,-3,-13]"
CSI_DATA,264103,d8:b1:90:d9:de:f0,-66,11,-99,-35,67,56,-446381316,100,0,114,0,"[31,-2,34,0,35,0,36,3,37,6,34,7,33,9,32,9,29,9,28,9,27,10,26,9,27,9,26,9,27,9,26,10,27,10,27,12,27,11,28,10,28,11,28,12,27,11,26,12,26,13,25,13,25,12,26,12,0,0,24,14,24,15,23,16,24,17,23,19,23,20,23,20,21,21,20,22,20,20,17,21,15,21,14,21,12,19,10,18,9,17,9,17,9,16,8,17,8,17,8,17,6,18,6,18,6,19,6,17,4,17,2,15,2,12]"
CSI_DATA,264104,d8:b1:90:d9:de:f0,-65,11,-99,-36,67,56,-446361632,100,0,114,0,"[7,31,7,34,5,38,3,39,3,39,1,38,0,36,0,34,0,33,-2,33,-2,31,-1,30,-3,29,-1,28,-1,29,0,31,0,31,-1,30,0,31,0,31,2,32,1,31,0,31,2,31,-1,31,1,29,-1,28,0,28,0,0,0,29,-1,30,-1,30,-2,30,-3,30,-5,30,-5,31,-6,31,-7,29,-8,27,-7,26,-7,26,-7,24,-8,22,-7,21,-7,19,-7,18,-7,17,-6,17,-8,16,-7,17,-8,18,-7,17,-8,16,-8,15,-6,14,-7,14,-6,13]"
CSI_DATA,264105,d8:b1:90:d9:de:f0,-65,11,-99,-35,67,56,-446351441,100,0,114,0,"[-12,-28,-11,-32,-12,-34,-12,-35,-11,-34,-12,-34,-10,-33,-9,-32,-9,-29,-10,-28,-10,-27,-9,-24,-11,-26,-11,-26,-11,-25,-13,-25,-15,-26,-15,-25,-18,-26,-18,-24,-19,-24,-18,-24,-18,-22,-19,-21,-20,-20,-19,-21,-20,-19,-20,-18,0,0,-22,-18,-20,-18,-21,-18,-22,-17,-23,-21,-23,-20,-22,-20,-21,-20,-21,-18,-20,-17,-19,-18,-18,-18,-17,-16,-17,-15,-15,-13,-15,-14,-15,-11,-14,-11,-15,-10,-14,-10,-14,-10,-13,-10,-14,-11,-15,-10,-14,-7,-13,-8,-11,-8,-11,-7]"
CSI_DATA,264106,d8:b1:90:d9:de:f0,-66,11,-99,-34,67,56,-446341261,100,0,114,0,"[16,25,16,29,16,33,15,34,15,33,14,34,11,32,10,32,8,29,6,27,8,27,8,25,7,27,9,25,8,27,10,28,11,29,10,28,9,30,9,28,11,27,11,28,9,26,10,27,9,25,11,26,11,25,9,25,0,0,8,24,9,26,8,27,7,27,7,29,5,29,4,29,3,29,3,27,2,25,3,25,1,24,2,23,0,22,0,19,0,19,0,17,0,17,0,17,-1,16,-1,16,-1,18,0,16,-1,17,0,16,-1,15,-1,14,-1,13]"
CSI_DATA,264107,d8:b1:90:d9:de:f0,-66,11,-99,-33,67,56,-446321114,100,0,114,0,"[4,30,4,33,2,35,0,36,0,37,0,37,0,34,-2,33,0,31,-3,30,0,28,-1,27,0,29,0,27,0,28,0,28,0,30,0,30,0,30,0,29,1,31,0,29,1,29,0,28,0,28,1,26,2,26,0,25,0,0,2,25,0,27,0,26,0,26,0,29,0,30,-2,29,-2,29,-2,26,-4,26,-3,25,-5,24,-4,24,-2,22,-5,19,-4,18,-3,15,-5,15,-3,15,-4,15,-4,15,-4,17,-4,16,-4,16,-5,13,-3,13,-4,12,-4,11]"
CSI_DATA,264108,d8:b1:90:d9:de:f0,-66,11,-99,-33,67,56,-446301617,100,0,114,0,"[24,-19,27,-20,31,-20,32,-20,32,-20,31,-19,31,-18,29,-16,26,-16,26,-15,24,-15,25,-14,23,-16,22,-16,22,-17,22,-16,22,-19,22,-19,22,-21,21,-22,20,-22,20,-22,18,-22,17,-22,17,-22,16,-22,15,-21,16,-21,0,0,13,-20,14,-22,14,-22,14,-22,15,-22,17,-22,16,-22,17,-22,16,-22,18,-22,15,-20,14,-18,14,-17,11,-15,11,-14,11,-13,11,-12,11,-12,10,-13,10,-11,10,-12,9,-13,8,-12,8,-12,10,-11,8,-10,6,-10,4,-8]"
CSI_DATA,264109,d8:b1:90:d9:de:f0,-66,11,-99,-37,68,56,-446290373,100,0,114,0,"[9,-30,11,-32,12,-34,13,-34,14,-36,13,-34,13,-33,13,-31,11,-30,11,-29,9,-26,9,-27,8,-26,6,-25,6,-27,5,-27,3,-28,2,-29,0,-29,1,-28,0,-29,0,-28,0,-28,-1,-27,-2,-27,-3,-25,-3,-24,-4,-24,0,0,-5,-24,-6,-24,-5,-25,-5,-26,-5,-26,-6,-26,-6,-27,-6,-27,-6,-24,-4,-25,-4,-24,-4,-22,-3,-20,-4,-17,-4,-17,-2,-15,-3,-15,-3,-14,-3,-13,-4,-14,-4,-14,-4,-14,-5,-15,-4,-15,-4,-12,-4,-10,-4,-11,-3,-9]"
CSI_DATA,264110,d8:b1:90:d9:de:f0,-66,11,-99,-37,68,56,-446271709,100,0,114,0,"[-31,-4,-33,-8,-35,-9,-36,-10,-36,-12,-34,-13,-33,-11,-32,-13,-29,-11,-28,-11,-26,-11,-25,-11,-26,-10,-25,-10,-25,-10,-26,-9,-28,-9,-29,-9,-28,-8,-27,-8,-29,-8,-28,-8,-27,-6,-27,-6,-25,-6,-25,-6,-25,-5,-25,-3,0,0,-25,-6,-24,-6,-25,-6,-25,-6,-25,-9,-26,-9,-25,-9,-24,-10,-23,-8,-22,-8,-22,-10,-20,-10,-19,-10,-18,-8,-15,-8,-14,-9,-14,-6,-13,-6,-14,-7,-13,-7,-13,-6,-12,-7,-12,-7,-12,-7,-12,-6,-11,-5,-8,-6,-7,-4]"
CSI_DATA,264111,d8:b1:90:d9:de:f0,-66,11,-99,-37,68,56,-446260223,100,0,114,0,"[-30,11,-33,10,-35,9,-37,8,-36,7,-36,6,-35,5,-34,5,-31,4,-30,5,-28,4,-28,3,-28,5,-27,5,-27,6,-28,4,-29,7,-28,6,-29,7,-28,8,-27,8,-28,9,-27,10,-26,10,-24,7,-23,8,-23,8,-24,8,0,0,-22,10,-23,8,-23,9,-25,9,-24,8,-26,8,-25,7,-25,7,-25,5,-24,6,-22,5,-21,4,-20,3,-19,3,-18,2,-16,1,-14,2,-16,2,-15,1,-15,1,-15,1,-14,1,-13,1,-13,0,-13,0,-13,0,-11,1,-9,0]"
CSI_DATA,264112,d8:b1:90:d9:de:f0,-66,11,-99,-34,67,56,-446241480,100,0,114,0,"[-2,-33,0,-37,1,-39,3,-40,5,-39,5,-38,9,-36,8,-34,8,-33,9,-31,9,-30,9,-28,10,-29,9,-28,10,-28,10,-27,10,-28,11,-29,11,-29,11,-29,10,-28,11,-28,10,-26,9,-26,10,-24,9,-24,10,-23,12,-22,0,0,11,-23,13,-22,13,-22,15,-22,15,-21,16,-22,16,-20,16,-20,17,-17,17,-17,17,-16,16,-15,16,-13,15,-12,15,-10,15,-8,14,-8,14,-7,14,-7,13,-5,14,-5,13,-6,12,-5,14,-4,13,-2,11,-1,10,-4,9,-2]"
CSI_DATA,264113,d8:b1:90:d9:de:f0,-66,11,-99,-36,68,56,-446231410,100,0,114,0,"[0,-31,2,-33,4,-35,6,-36,6,-37,6,-35,7,-34,7,-32,5,-30,5,-30,5,-29,4,-29,3,-28,3,-28,2,-27,1,-29,1,-28,1,-29,0,-30,0,-30,-1,-29,-1,-28,-1,-27,-2,-26,-2,-25,-2,-25,-3,-25,-3,-23,0,0,-5,-24,-4,-24,-4,-24,-3,-24,-4,-24,-3,-25,-3,-24,-2,-26,-1,-24,-1,-24,-1,-22,-1,-22,-1,-20,0,-18,0,-16,0,-15,0,-15,0,-13,0,-14,0,-14,0,-14,0,-14,0,-15,0,-13,0,-12,0,-11,0,-11,0,-9]"
CSI_DATA,264114,d8:b1:90:d9:de:f0,-66,11,-99,-38,68,56,-446211426,100,0,114,0,"[-9,33,-11,34,-13,36,-15,37,-16,37,-15,36,-15,34,-14,33,-14,31,-12,30,-10,28,-10,29,-9,27,-8,30,-7,28,-6,29,-5,28,-6,31,-4,29,-4,29,-1,29,-1,30,0,29,0,27,0,27,1,26,1,26,3,24,0,0,0,23,3,24,2,24,2,26,2,26,2,26,3,26,1,25,2,25,1,24,1,23,2,21,2,18,0,16,0,16,0,16,0,15,0,14,0,14,0,13,0,14,1,14,1,14,1,14,0,11,1,12,0,11,0,9]"
CSI_DATA,264115,d8:b1:90:d9:de:f0,-66,11,-99,-36,68,56,-446191648,100,0,114,0,"[0,-32,0,-34,1,-38,1,-38,2,-38,2,-37,2,-36,0,-32,0,-32,0,-30,0,-30,-1,-28,-2,-27,-3,-28,-5,-27,-6,-28,-8,-27,-8,-29,-8,-27,-10,-27,-12,-26,-12,-25,-12,-24,-13,-22,-12,-22,-13,-21,-15,-19,-14,-18,0,0,-15,-16,-16,-17,-16,-17,-16,-17,-16,-18,-16,-18,-17,-18,-17,-19,-16,-16,-16,-16,-16,-15,-15,-15,-14,-14,-14,-12,-12,-11,-11,-9,-11,-10,-10,-8,-11,-8,-11,-8,-11,-7,-11,-8,-12,-8,-12,-6,-10,-6,-11,-5,-8,-6,-8,-5]"
CSI_DATA,264116,d8:b1:90:d9:de:f0,-66,11,-99,-34,67,56,-446181283,100,0,114,0,"[7,-33,10,-36,12,-38,13,-40,14,-39,16,-37,16,-34,16,-33,14,-30,14,-30,13,-28,13,-27,13,-26,13,-28,12,-27,11,-27,12,-30,12,-28,11,-30,10,-29,11,-28,9,-27,9,-28,8,-27,8,-26,7,-25,6,-25,7,-23,0,0,7,-25,7,-24,7,-24,7,-25,9,-23,10,-25,10,-23,11,-23,11,-22,11,-21,11,-20,10,-18,10,-18,9,-16,9,-15,9,-14,8,-13,9,-12,8,-12,9,-12,9,-12,8,-13,7,-12,8,-12,9,-10,8,-9,7,-10,6,-8]"
CSI_DATA,264117,d8:b1:90:d9:de:f0,-66,11,-99,-37,68,56,-446156421,100,0,114,0,"[22,-24,24,-26,27,-28,28,-28,28,-30,25,-27,27,-26,24,-23,22,-23,22,-22,21,-21,19,-21,18,-23,18,-22,16,-23,15,-25,14,-24,14,-27,12,-26,11,-26,11,-26,9,-28,9,-26,7,-26,7,-26,5,-25,5,-23,4,-24,0,0,4,-23,0,-24,1,-23,2,-26,1,-25,2,-25,1,-25,2,-24,2,-23,2,-23,1,-22,1,-21,0,-21,0,-18,1,-16,0,-16,0,-16,0,-14,0,-14,0,-14,0,-14,0,-14,-1,-15,0,-15,0,-13,0,-12,-1,-12,-1,-11]"
CSI_DATA,264118,d8:b1:90:d9:de:f0,-66,11,-99,-37,68,56,-446141647,100,0,114,0,"[25,22,27,25,28,27,28,30,26,30,27,29,25,28,23,26,22,24,23,22,22,22,22,19,22,18,23,17,23,18,23,16,23,14,25,15,24,14,26,13,25,11,26,10,25,10,24,9,25,8,23,8,24,6,23,5,0,0,25,4,23,5,25,6,24,4,24,5,25,5,24,5,24,5,24,4,24,4,22,5,20,5,19,4,18,3,17,3,15,4,15,3,13,1,15,2,14,1,15,1,14,1,15,2,15,1,15,0,13,0,11,1,11,0]"
CSI_DATA,264119,d8:b1:90:d9:de:f0,-66,11,-99,-33,67,56,-446131316,100,0,114,0,"[-19,-29,-19,-33,-18,-35,-17,-37,-16,-39,-14,-38,-11,-36,-10,-35,-10,-33,-8,-32,-9,-30,-8,-28,-8,-29,-8,-28,-8,-29,-9,-28,-10,-28,-10,-29,-10,-29,-9,-28,-9,-29,-10,-27,-9,-26,-10,-25,-9,-25,-10,-25,-9,-23,-8,-22,0,0,-6,-24,-8,-22,-7,-23,-6,-23,-5,-24,-3,-24,-4,-24,-2,-25,-1,-23,0,-22,0,-22,0,-21,0,-19,0,-18,0,-15,1,-15,1,-14,2,-14,1,-13,3,-14,2,-13,2,-14,2,-14,2,-15,3,-12,3,-11,2,-11,2,-11]"
CSI_DATA,264120,d8:b1:90:d9:de:f0,-66,11,-99,-36,68,56,-446111648,100,0,114,0,"[23,23,24,26,25,29,26,31,24,30,24,31,22,29,21,28,20,26,19,24,18,24,18,23,18,21,17,21,19,20,19,20,19,19,20,20,21,20,21,18,21,17,22,17,21,17,21,16,19,14,20,15,18,14,19,13,0,0,18,11,18,14,19,14,19,15,18,16,18,16,17,16,17,16,16,15,16,15,15,14,13,14,12,14,11,12,9,12,10,10,10,10,10,9,10,8,9,9,9,9,9,10,9,10,9,11,8,10,8,9,7,9,7,9]"
CSI_DATA,264121,d8:b1:90:d9:de:f0,-66,11,-99,-36,68,56,-446101518,100,0,114,0,"[-31,12,-35,10,-39,8,-40,8,-40,5,-39,3,-38,3,-35,0,-32,0,-32,0,-30,0,-28,0,-29,0,-27,-1,-30,0,-28,-2,-30,0,-30,-1,-30,-1,-29,-1,-27,0,-27,0,-26,0,-25,-1,-24,-1,-23,-2,-23,-1,-23,-1,0,0,-23,-2,-22,-4,-22,-6,-22,-7,-22,-7,-22,-8,-21,-8,-21,-10,-20,-11,-19,-9,-17,-11,-15,-12,-14,-11,-12,-12,-11,-10,-12,-11,-10,-9,-10,-10,-9,-9,-9,-11,-10,-11,-8,-11,-8,-11,-8,-12,-8,-11,-8,-11,-5,-10,-4,-9]"
CSI_DATA,264122,d8:b1:90:d9:de:f0,-66,11,-99,-36,68,56,-446091464,100,0,114,0,"[2,-32,4,-35,6,-38,8,-39,8,-40,8,-39,8,-36,8,-33,7,-32,7,-30,6,-28,5,-28,4,-28,4,-28,2,-28,2,-27,0,-29,1,-29,0,-29,0,-28,0,-27,-2,-26,-3,-25,-3,-25,-2,-24,-4,-23,-3,-22,-3,-22,0,0,-2,-22,-2,-22,-2,-23,-2,-23,-2,-23,0,-23,0,-23,-1,-24,-1,-22,0,-20,0,-20,0,-20,0,-18,0,-17,0,-16,1,-16,0,-15,0,-15,0,-14,1,-14,0,-15,0,-16,0,-16,0,-16,0,-13,0,-13,0,-13,0,-11]"
CSI_DATA,264123,d8:b1:90:d9:de:f0,-66,11,-99,-36,68,56,-446081229,100,0,114,0,"[32,-9,36,-8,39,-8,40,-5,40,-3,40,-2,37,0,36,0,33,0,32,2,30,1,29,2,29,1,28,1,28,3,27,1,28,2,29,0,29,1,27,0,28,1,27,0,26,1,24,0,24,1,23,2,22,2,22,0,0,0,22,3,21,4,22,5,21,4,21,6,20,7,20,8,20,9,19,9,19,10,17,11,16,11,14,10,12,11,13,10,11,10,9,9,9,10,10,9,9,10,9,11,8,10,8,11,9,13,9,12,8,12,7,11,6,10]"
CSI_DATA,264124,d8:b1:90:d9:de:f0,-66,11,-99,-36,68,56,-446070912,100,0,114,0,"[33,-3,37,-2,40,0,40,0,40,0,39,1,36,2,35,0,33,0,32,0,29,0,29,0,29,0,27,-1,29,-1,28,-1,27,-3,28,-3,27,-3,26,-5,25,-6,26,-6,25,-7,24,-8,24,-6,22,-6,19,-6,21,-7,0,0,21,-8,19,-6,19,-7,21,-5,20,-5,21,-6,21,-5,21,-4,21,-4,21,-3,20,-1,18,-1,16,-1,16,-1,16,0,15,0,14,0,14,0,14,0,14,-1,16,-1,14,0,14,0,16,0,17,0,16,0,13,0,12,0]"
CSI_DATA,264125,d8:b1:90:d9:de:f0,-66,11,-99,-36,68,56,-446049697,100,0,114,0,"[23,25,24,28,24,32,23,34,24,35,21,34,18,33,16,32,16,28,13,28,14,25,13,25,13,24,13,23,14,24,14,23,14,22,14,22,15,23,15,20,14,22,16,20,13,20,14,17,13,17,14,17,11,16,11,17,0,0,12,15,11,18,11,18,9,17,9,19,9,20,8,19,7,20,7,19,6,19,4,18,4,17,2,17,1,16,1,15,0,15,0,14,0,14,1,14,0,14,0,14,0,16,0,16,0,17,0,15,0,15,-1,16,-1,12]"
CSI_DATA,264126,d8:b1:90:d9:de:f0,-67,11,-99,-34,68,56,-446031644,100,0,114,0,"[-26,21,-31,21,-34,21,-36,19,-36,17,-34,15,-33,12,-31,10,-31,10,-29,9,-27,9,-26,8,-25,8,-25,7,-25,8,-24,8,-25,8,-25,8,-24,8,-23,8,-23,7,-23,7,-21,6,-21,6,-20,6,-19,5,-18,6,-19,6,0,0,-18,5,-20,4,-19,3,-20,2,-20,0,-21,0,-21,0,-20,-1,-21,-2,-20,-2,-18,-3,-16,-4,-15,-5,-14,-5,-14,-5,-13,-5,-12,-5,-13,-5,-13,-6,-12,-5,-12,-7,-13,-6,-11,-9,-13,-8,-14,-9,-12,-10,-10,-9,-9,-8]"
CSI_DATA,264127,d8:b1:90:d9:de:f0,-67,11,-99,-36,69,56,-446021500,100,0,114,0,"[-6,-30,-5,-34,-4,-35,-3,-37,-3,-36,-3,-35,-1,-34,-1,-31,-2,-29,-2,-27,-3,-26,-3,-25,-3,-25,-3,-24,-5,-24,-5,-23,-7,-23,-7,-23,-7,-23,-7,-21,-7,-21,-8,-20,-10,-19,-10,-18,-8,-17,-7,-16,-7,-15,-8,-15,0,0,-10,-16,-8,-15,-8,-16,-10,-17,-9,-18,-9,-19,-8,-18,-8,-19,-7,-18,-7,-19,-6,-18,-4,-17,-4,-15,-5,-15,-4,-14,-3,-13,-3,-13,-3,-13,-3,-12,-3,-14,-3,-15,-4,-16,-4,-15,-3,-16,-2,-15,-2,-15,-3,-15,-1,-13]"
CSI_DATA,264128,d8:b1:90:d9:de:f0,-67,11,-99,-37,69,56,-446011380,100,0,114,0,"[-8,-31,-6,-34,-4,-36,-3,-38,0,-36,0,-35,0,-33,2,-32,2,-31,2,-27,3,-26,1,-25,1,-26,3,-25,1,-24,1,-23,0,-23,3,-22,1,-23,1,-22,0,-23,0,-22,0,-20,0,-20,1,-19,0,-18,0,-17,0,-18,0,0,1,-17,3,-17,3,-20,4,-19,6,-19,6,-22,7,-19,8,-20,9,-18,9,-18,10,-17,10,-16,8,-14,9,-13,10,-12,10,-11,10,-10,11,-10,11,-10,13,-10,12,-10,13,-11,12,-11,15,-9,14,-8,15,-8,13,-8,13,-4]"
CSI_DATA,264129,d8:b1:90:d9:de:f0,-67,11,-99,-37,69,56,-445991650,100,0,114,0,"[31,9,32,12,33,16,33,17,34,18,31,17,30,19,27,16,26,16,24,16,22,14,22,13,21,12,21,11,21,11,21,12,21,10,21,10,21,9,20,9,19,8,20,8,18,7,18,6,20,5,18,6,17,5,17,4,0,0,17,6,17,7,17,7,17,8,17,8,17,10,17,9,17,11,17,11,16,12,15,12,13,13,13,13,11,13,12,11,10,11,11,13,10,10,11,11,12,13,12,13,13,14,10,14,11,14,11,13,9,13,7,13,7,13]"
CSI_DATA,264130,d8:b1:90:d9:de:f0,-67,11,-99,-35,69,56,-445981450,100,0,114,0,"[16,-25,18,-28,20,-29,21,-28,21,-30,20,-28,20,-26,17,-25,15,-24,14,-23,13,-21,12,-20,10,-20,10,-20,7,-20,6,-20,7,-20,6,-20,4,-20,3,-20,2,-20,2,-20,1,-20,0,-19,0,-18,0,-18,0,-17,-1,-17,0,0,-1,-16,-2,-17,-2,-16,-2,-18,-3,-19,-2,-20,-3,-19,-2,-20,-2,-20,-1,-20,-1,-20,0,-19,0,-18,0,-17,-1,-17,-1,-14,-1,-16,-2,-14,-3,-15,-3,-16,-3,-16,-3,-18,-4,-19,-4,-18,-3,-17,-3,-16,-3,-16,-2,-15]"
CSI_DATA,264131,d8:b1:90:d9:de:f0,-68,11,-99,-33,69,56,-445961456,100,0,114,0,"[28,2,32,2,34,3,34,4,33,4,33,3,30,3,28,2,27,1,24,0,22,0,21,-1,21,-2,21,-2,20,-3,21,-5,19,-5,18,-5,19,-6,17,-7,17,-9,16,-9,15,-8,14,-8,13,-10,13,-10,11,-10,13,-10,0,0,11,-12,10,-12,12,-13,12,-13,13,-14,13,-14,13,-14,13,-14,14,-15,14,-14,13,-15,12,-14,11,-13,12,-14,10,-13,10,-13,9,-13,9,-13,8,-13,10,-16,8,-16,8,-16,8,-16,9,-17,10,-18,10,-16,8,-15,8,-12]"
CSI_DATA,264132,d8:b1:90:d9:de:f0,-67,11,-99,-35,69,56,-445941609,100,0,114,0,"[0,27,0,30,-3,32,-4,31,-5,33,-6,31,-6,28,-7,27,-6,24,-6,23,-6,21,-6,20,-6,19,-6,19,-5,19,-6,18,-5,20,-6,18,-6,18,-5,18,-6,18,-5,19,-4,17,-3,16,-6,17,-5,16,-5,16,-5,16,0,0,-3,16,-5,17,-6,17,-6,17,-8,19,-10,20,-10,20,-10,20,-11,19,-12,20,-12,18,-13,16,-12,16,-12,15,-12,15,-13,13,-11,12,-12,13,-12,13,-13,14,-13,14,-13,15,-13,15,-16,14,-16,12,-16,11,-16,11,-14,7]"
CSI_DATA,264133,d8:b1:90:d9:de:f0,-67,11,-99,-35,69,56,-445931435,100,0,114,0,"[26,-11,29,-11,31,-10,31,-10,31,-10,30,-9,29,-7,27,-6,25,-7,23,-6,20,-6,20,-6,19,-6,19,-8,18,-8,18,-8,17,-8,17,-9,16,-9,16,-10,16,-10,16,-10,15,-10,14,-10,13,-10,13,-10,11,-9,12,-10,0,0,13,-13,13,-12,13,-13,14,-13,14,-13,16,-14,16,-14,16,-15,16,-15,17,-16,15,-15,15,-15,14,-15,13,-14,14,-13,14,-13,13,-14,12,-13,13,-14,13,-14,13,-16,13,-16,13,-16,13,-17,15,-17,15,-16,13,-13,10,-13]"
CSI_DATA,264134,d8:b1:90:d9:de:f0,-67,11,-99,-36,69,56,-445911426,100,0,114,0,"[-2,-26,-1,-28,0,-30,0,-31,0,-30,0,-28,0,-26,0,-24,0,-23,-1,-23,0,-19,-2,-20,-2,-19,-2,-19,-3,-18,-3,-18,-4,-19,-4,-19,-5,-18,-4,-17,-6,-18,-7,-17,-7,-17,-7,-16,-8,-16,-7,-15,-8,-15,-9,-13,0,0,-11,-15,-10,-15,-10,-15,-12,-18,-12,-19,-12,-19,-15,-18,-13,-19,-15,-19,-15,-19,-14,-19,-15,-19,-15,-19,-15,-15,-14,-15,-13,-13,-15,-14,-13,-12,-15,-11,-16,-12,-17,-11,-18,-13,-19,-13,-19,-15,-17,-13,-17,-13,-15,-14,-13,-11]"
CSI_DATA,264135,d8:b1:90:d9:de:f0,-67,9,-99,-34,68,56,-445893380,98,0,106,0,"[-10,11,31,12,-97,11,68,12,-107,11,104,12,-68,11,-79,12,-9,11,-47,12,53,12,-17,12,92,12,27,0,-89,12,74,0,-78,12,103,0,-79,12,95,0,-77,12,66,0,-60,12,-8,12,-30,12,-82,12,0,0,0,0,78,0,31,12,-76,0,-4,11,-43,0,-13,11,-42,0,-2,11,-81,0,39,12,76,0,60,12,10,0,84,12,-33,12,93,12,-45,12,105,12,-40,12,-106,12,-11,12,-89,12,47,0,-42,12,105,0]"
CSI_DATA,264136,d8:b1:90:d9:de:f0,-67,11,-99,-36,69,56,-445881623,100,0,114,0,"[24,0,27,1,28,2,29,3,28,4,27,4,25,4,24,4,23,3,23,3,21,3,19,3,19,3,19,3,19,2,19,1,19,2,20,3,20,1,21,0,19,1,19,0,19,1,19,0,19,0,19,0,19,0,19,0,0,0,19,0,20,0,22,0,22,0,23,0,23,0,25,0,24,0,24,0,26,0,24,0,23,0,23,0,22,0,20,0,20,0,19,-1,20,-1,20,-1,21,-2,23,-2,23,-3,22,-2,24,-2,24,-2,23,-1,19,-1,18,-1]"
CSI_DATA,264137,d8:b1:90:d9:de:f0,-67,11,-99,-33,68,56,-445871648,100,0,114,0,"[-25,-4,-27,-7,-28,-9,-27,-10,-27,-12,-25,-13,-24,-12,-22,-12,-20,-11,-20,-12,-19,-11,-18,-11,-17,-11,-16,-12,-17,-13,-17,-12,-17,-13,-17,-13,-17,-13,-17,-13,-17,-13,-18,-13,-16,-14,-16,-12,-15,-13,-14,-13,-13,-13,-13,-13,0,0,-16,-13,-16,-15,-15,-17,-17,-17,-17,-17,-17,-18,-17,-20,-17,-19,-16,-20,-16,-20,-15,-20,-14,-20,-14,-20,-13,-18,-12,-18,-12,-18,-12,-17,-12,-17,-12,-17,-13,-17,-13,-18,-13,-20,-13,-22,-11,-22,-11,-20,-9,-21,-8,-20,-6,-17]"
CSI_DATA,264138,d8:b1:90:d9:de:f0,-67,11,-99,-34,68,56,-445850501,100,0,114,0,"[16,-17,19,-18,21,-20,22,-20,22,-20,21,-20,21,-17,20,-17,16,-16,16,-15,15,-15,14,-15,14,-15,14,-16,12,-16,13,-18,12,-21,11,-19,11,-21,11,-20,10,-21,9,-21,8,-20,8,-21,7,-20,6,-21,5,-21,5,-19,0,0,5,-22,3,-22,4,-24,4,-24,3,-26,3,-26,2,-26,2,-26,1,-26,1,-26,0,-26,0,-26,0,-26,-1,-25,-1,-22,-1,-22,-3,-21,-4,-22,-4,-21,-5,-21,-5,-23,-6,-24,-8,-23,-8,-23,-6,-21,-5,-21,-5,-18,-5,-17]"
CSI_DATA,264139,d8:b1:90:d9:de:f0,-67,11,-99,-34,68,56,-445831496,100,0,114,0,"[-10,21,-13,22,-15,23,-16,23,-18,22,-17,21,-17,20,-16,19,-15,18,-15,17,-15,15,-14,15,-15,16,-14,17,-14,16,-14,16,-14,18,-16,18,-15,18,-15,19,-15,19,-14,19,-14,18,-13,18,-14,18,-14,19,-13,18,-13,19,0,0,-14,18,-12,20,-12,20,-15,20,-15,21,-16,21,-16,21,-16,21,-16,21,-17,21,-16,21,-15,21,-14,21,-14,19,-14,19,-13,17,-12,17,-13,17,-13,17,-13,18,-14,18,-14,19,-12,20,-13,19,-12,16,-13,15,-11,15,-10,13]"
CSI_DATA,264140,d8:b1:90:d9:de:f0,-66,11,-99,-37,68,56,-445820234,100,0,114,0,"[26,1,28,2,32,2,32,4,33,6,33,6,29,7,29,6,27,6,26,5,24,5,24,5,24,4,24,3,24,2,25,3,25,2,26,2,26,2,25,0,25,1,27,1,24,1,25,0,24,0,24,0,23,0,23,0,0,0,23,0,23,-1,25,0,27,-1,28,-1,29,0,29,-1,27,0,29,0,29,-2,27,-2,26,-1,25,-2,24,-2,23,-1,22,-2,21,-2,22,-3,22,-2,22,-3,24,-4,24,-3,22,-3,23,-4,24,-3,22,-2,20,-1,17,-2]"
CSI_DATA,264141,d8:b1:90:d9:de:f0,-66,11,-99,-36,68,56,-445801655,100,0,114,0,"[25,6,27,9,29,11,29,13,28,14,28,15,26,16,24,14,24,14,22,15,21,14,20,14,20,13,19,13,19,14,20,15,21,15,21,14,22,15,21,14,21,16,22,15,20,15,20,15,20,15,20,14,19,13,20,12,0,0,18,16,20,14,20,16,21,17,21,17,21,19,22,19,20,20,21,19,19,20,20,20,17,18,16,18,16,16,16,16,15,16,13,16,14,15,14,16,13,16,14,17,13,17,14,19,14,18,13,16,11,16,8,16,7,14]"
CSI_DATA,264142,d8:b1:90:d9:de:f0,-66,11,-99,-36,68,56,-445791625,100,0,114,0,"[8,24,8,27,8,29,7,31,8,31,8,31,7,29,8,27,8,26,7,26,8,24,8,24,8,24,8,22,8,23,10,23,11,22,12,24,12,24,13,22,13,23,15,22,15,22,16,20,15,20,16,20,16,19,16,17,0,0,16,16,18,16,18,17,20,18,21,19,21,18,23,18,22,19,23,17,22,16,22,17,21,16,19,15,18,14,19,12,18,12,17,11,17,9,19,10,18,9,19,10,19,9,20,11,21,10,20,8,18,7,16,8,15,7]"
CSI_DATA,264143,d8:b1:90:d9:de:f0,-66,11,-99,-33,67,56,-445781045,100,0,114,0,"[22,-18,24,-20,27,-19,29,-19,29,-16,29,-16,28,-13,27,-12,25,-12,26,-11,24,-10,24,-10,23,-10,24,-9,23,-9,25,-9,25,-9,26,-9,27,-10,25,-10,26,-9,25,-9,24,-9,24,-8,25,-10,23,-9,23,-8,23,-8,0,0,23,-8,23,-7,25,-7,26,-7,26,-8,27,-7,28,-5,29,-6,29,-5,28,-4,27,-3,25,-2,24,-1,24,-1,23,-1,22,-1,21,0,22,-1,22,0,22,0,22,0,22,0,22,1,22,0,22,0,21,1,18,2,16,1]"
CSI_DATA,264144,d8:b1:90:d9:de:f0,-65,11,-99,-35,67,56,-445761654,100,0,114,0,"[22,-19,24,-20,27,-21,29,-20,30,-22,29,-20,28,-19,27,-17,25,-18,25,-16,23,-15,23,-16,23,-15,22,-16,22,-16,21,-17,21,-17,22,-19,22,-19,21,-20,21,-20,20,-21,19,-20,18,-20,19,-20,18,-20,17,-19,16,-20,0,0,16,-18,15,-21,16,-21,17,-23,17,-23,18,-24,18,-24,17,-24,18,-23,19,-22,18,-22,17,-21,15,-19,15,-18,15,-18,14,-17,12,-16,13,-17,12,-17,14,-17,13,-17,13,-17,12,-17,13,-16,13,-15,12,-14,10,-13,10,-11]"
CSI_DATA,264145,d8:b1:90:d9:de:f0,-66,11,-99,-35,67,56,-445747717,100,0,114,0,"[-30,-2,-33,-4,-35,-5,-36,-5,-36,-6,-35,-6,-33,-6,-32,-5,-30,-5,-30,-4,-27,-3,-27,-3,-28,-1,-27,-1,-27,0,-27,0,-28,0,-30,0,-30,1,-30,3,-29,3,-29,5,-28,5,-27,6,-26,5,-25,7,-23,8,-24,8,0,0,-26,10,-24,10,-25,10,-26,12,-26,12,-26,13,-27,13,-27,15,-26,14,-26,14,-25,14,-23,12,-22,12,-19,12,-19,11,-17,10,-17,11,-16,12,-16,12,-18,13,-18,13,-17,13,-16,12,-16,13,-17,13,-15,12,-12,11,-12,10]"
CSI_DATA,264146,d8:b1:90:d9:de:f0,-65,11,-99,-36,67,56,-445731280,100,0,114,0,"[9,-30,12,-33,15,-35,18,-35,19,-34,20,-32,20,-30,19,-30,19,-28,19,-25,19,-24,18,-23,18,-24,19,-23,19,-23,19,-25,19,-26,20,-25,20,-25,20,-25,19,-26,19,-26,18,-25,19,-24,18,-23,17,-22,18,-22,18,-21,0,0,17,-22,18,-21,19,-22,19,-21,19,-21,20,-23,21,-21,22,-22,23,-21,23,-20,22,-18,19,-17,19,-16,19,-14,19,-13,19,-12,18,-12,18,-11,18,-12,19,-10,19,-10,18,-10,17,-10,19,-9,20,-7,19,-7,17,-6,15,-5]"
CSI_DATA,264147,d8:b1:90:d9:de:f0,-65,11,-99,-36,67,56,-445720328,100,0,114,0,"[-31,6,-35,5,-37,4,-39,4,-39,3,-37,2,-37,0,-35,0,-33,1,-32,0,-31,0,-29,-1,-30,2,-30,2,-31,1,-30,1,-31,2,-32,1,-32,2,-32,4,-31,3,-30,3,-30,4,-30,5,-29,5,-27,4,-26,5,-28,4,0,0,-27,6,-27,5,-28,6,-28,5,-29,6,-29,5,-29,5,-30,5,-31,4,-30,5,-28,4,-27,3,-24,2,-23,2,-23,1,-22,1,-20,2,-20,2,-21,2,-21,1,-21,1,-21,0,-20,1,-22,0,-22,0,-21,0,-17,-1,-15,0]"
CSI_DATA,264148,d8:b1:90:d9:de:f0,-65,11,-99,-34,66,56,-445701648,100,0,114,0,"[9,34,7,38,5,40,3,41,1,43,0,42,-2,40,-3,39,-4,37,-4,34,-4,32,-4,32,-6,31,-5,31,-5,31,-5,31,-5,30,-6,32,-6,32,-7,31,-6,31,-5,32,-6,31,-5,29,-7,30,-6,29,-5,28,-7,28,0,0,-7,26,-8,28,-8,28,-9,28,-10,29,-10,30,-11,30,-12,29,-14,28,-15,26,-15,25,-15,24,-14,21,-14,20,-15,18,-14,16,-13,15,-14,15,-14,14,-14,12,-14,13,-14,14,-14,13,-16,12,-18,10,-15,9,-15,10,-14,7]"
CSI_DATA,264149,d8:b1:90:d9:de:f0,-66,11,-99,-35,67,56,-445691418,100,0,114,0,"[-18,25,-22,26,-24,27,-26,26,-26,26,-26,26,-26,24,-24,23,-22,21,-21,20,-21,20,-20,19,-20,20,-20,20,-19,19,-20,21,-19,22,-20,23,-18,22,-19,24,-18,23,-16,24,-15,24,-13,24,-15,23,-13,22,-12,24,-12,22,0,0,-13,23,-12,24,-12,24,-13,25,-12,25,-12,26,-13,25,-13,25,-14,25,-14,24,-13,23,-12,21,-11,20,-11,17,-11,18,-10,17,-10,16,-10,16,-9,16,-10,15,-10,16,-10,16,-9,16,-11,17,-12,16,-11,16,-10,15,-9,12]"
CSI_DATA,264150,d8:b1:90:d9:de:f0,-65,11,-99,-34,66,56,-445671426,100,0,114,0,"[-20,28,-24,30,-25,31,-26,32,-29,34,-27,31,-28,30,-26,28,-24,27,-23,26,-21,25,-21,25,-20,25,-20,26,-18,26,-19,28,-16,27,-18,29,-16,29,-15,30,-14,30,-12,30,-12,28,-10,29,-10,28,-8,27,-7,26,-7,27,0,0,-5,26,-5,29,-4,28,-5,30,-5,30,-5,31,-4,30,-5,31,-6,30,-6,30,-5,27,-5,27,-5,25,-5,23,-4,21,-5,21,-3,21,-4,20,-4,20,-4,21,-4,21,-3,22,-3,21,-3,21,-5,20,-4,19,-3,18,-3,15]"
CSI_DATA,264151,d8:b1:90:d9:de:f0,-65,11,-99,-36,67,56,-445651642,100,0,114,0,"[34,-7,38,-7,40,-6,42,-6,40,-4,40,-5,38,-4,36,-4,35,-7,33,-7,31,-8,30,-8,30,-8,29,-9,28,-10,28,-11,27,-13,28,-13,28,-15,26,-16,25,-17,24,-18,22,-18,21,-20,21,-18,19,-18,17,-18,18,-19,0,0,15,-20,16,-21,16,-23,16,-24,16,-24,16,-24,15,-25,16,-25,15,-24,15,-23,14,-23,13,-21,12,-21,11,-19,12,-18,10,-17,9,-17,9,-16,9,-16,10,-18,9,-18,9,-18,8,-18,9,-19,11,-18,9,-17,8,-16,7,-14]"
CSI_DATA,264152,d8:b1:90:d9:de:f0,-65,11,-99,-36,67,56,-445641543,100,0,114,0,"[30,17,33,20,34,22,34,25,33,24,31,25,29,25,28,23,28,23,26,22,25,21,24,20,23,20,23,19,24,19,25,18,25,18,25,18,25,18,25,15,27,17,27,16,25,16,25,15,23,13,24,13,22,12,24,12,0,0,24,10,23,12,24,12,25,12,26,13,26,14,26,15,25,16,24,14,23,14,23,14,21,15,18,13,18,13,16,12,15,12,14,12,15,12,15,12,15,12,15,13,15,14,14,14,15,15,15,13,13,14,10,14,10,13]"
CSI_DATA,264153,d8:b1:90:d9:de:f0,-65,11,-99,-36,67,56,-445621629,100,0,114,0,"[-33,8,-38,8,-40,7,-42,6,-41,4,-41,3,-38,3,-38,3,-35,4,-34,4,-31,5,-30,4,-31,4,-29,6,-30,6,-29,7,-29,7,-30,8,-30,8,-28,9,-28,10,-28,11,-25,11,-25,12,-25,12,-23,12,-23,12,-23,12,0,0,-22,13,-22,13,-23,14,-24,15,-25,13,-26,14,-24,13,-25,14,-24,13,-24,13,-24,11,-20,11,-20,9,-19,8,-19,8,-19,8,-17,8,-19,8,-18,7,-19,8,-20,8,-18,7,-17,8,-22,7,-21,8,-20,7,-18,6,-15,5]"
CSI_DATA,264154,d8:b1:90:d9:de:f0,-65,11,-99,-36,67,56,-445611609,100,0,114,0,"[36,-4,40,-3,42,-1,44,1,42,4,42,5,40,6,38,7,36,7,33,6,32,7,30,7,30,7,30,7,30,8,30,7,32,5,31,7,31,8,31,5,30,7,30,6,29,5,28,6,28,5,25,5,25,5,26,5,0,0,25,5,25,7,26,7,26,6,26,8,26,9,26,10,26,11,25,12,24,11,23,12,20,14,18,12,17,12,16,12,15,13,14,12,14,11,14,12,14,14,15,14,13,16,13,17,12,17,12,17,12,17,9,16,7,15]"
CSI_DATA,264155,d8:b1:90:d9:de:f0,-66,11,-99,-34,67,56,-445600758,100,0,114,0,"[11,33,10,35,10,38,8,39,7,40,6,38,4,37,4,34,3,33,3,31,3,30,3,29,4,29,4,28,4,28,5,28,6,28,5,29,6,28,6,28,8,28,8,27,7,27,8,26,8,24,9,24,9,23,8,22,0,0,11,23,8,22,7,23,9,24,9,24,8,25,8,25,5,26,5,25,5,24,4,24,4,22,2,20,1,20,1,18,1,17,0,17,1,16,1,18,0,18,0,18,0,20,0,20,0,20,0,19,0,18,-2,18,-1,16]"
CSI_DATA,264156,d8:b1:90:d9:de:f0,-66,11,-99,-34,67,56,-445581505,100,0,114,0,"[0,-34,0,-38,2,-41,3,-41,2,-42,3,-39,4,-37,3,-35,0,-33,1,-33,0,-31,0,-31,0,-29,-1,-30,-1,-29,-3,-29,-5,-29,-6,-30,-6,-29,-7,-28,-8,-28,-9,-26,-10,-26,-10,-24,-11,-23,-11,-22,-12,-20,-12,-20,0,0,-12,-19,-13,-19,-14,-20,-14,-20,-15,-20,-14,-21,-14,-20,-15,-21,-13,-19,-14,-19,-12,-19,-12,-19,-9,-18,-10,-16,-9,-16,-8,-15,-9,-15,-9,-13,-9,-14,-9,-15,-10,-15,-11,-16,-11,-16,-11,-17,-11,-16,-9,-16,-9,-16,-8,-15]"
CSI_DATA,264157,d8:b1:90:d9:de:f0,-66,11,-99,-34,67,56,-445571331,100,0,114,0,"[0,33,-2,37,-5,40,-6,40,-8,39,-8,38,-8,34,-10,34,-8,33,-8,31,-8,29,-7,29,-7,27,-7,27,-5,26,-5,27,-7,29,-6,27,-6,28,-4,27,-5,27,-3,27,-2,26,-3,26,-3,24,-2,24,-2,23,-3,24,0,0,-1,23,-4,24,-3,25,-4,23,-5,25,-5,25,-5,25,-7,23,-8,23,-8,22,-7,21,-9,21,-9,20,-9,18,-10,16,-11,16,-9,16,-10,15,-10,16,-12,15,-12,15,-13,16,-11,16,-13,16,-15,15,-15,15,-12,13,-14,11]"
CSI_DATA,264158,d8:b1:90:d9:de:f0,-66,11,-99,-38,68,56,-445560986,100,0,114,0,"[-24,-20,-26,-23,-28,-25,-27,-29,-26,-28,-27,-28,-24,-26,-24,-25,-23,-23,-22,-21,-21,-20,-21,-18,-21,-17,-21,-16,-22,-16,-21,-15,-23,-15,-23,-13,-25,-14,-23,-12,-25,-12,-24,-10,-23,-9,-22,-7,-23,-7,-23,-7,-22,-5,-23,-3,0,0,-22,-5,-21,-2,-23,-4,-23,-4,-24,-5,-24,-5,-24,-4,-23,-4,-23,-4,-22,-4,-21,-4,-21,-6,-20,-5,-19,-4,-17,-4,-17,-4,-16,-4,-17,-3,-17,-3,-17,-3,-18,-3,-18,-5,-18,-5,-20,-5,-20,-3,-19,-4,-16,-5,-16,-6]"
CSI_DATA,264159,d8:b1:90:d9:de:f0,-66,11,-99,-36,68,56,-445541617,100,0,114,0,"[-12,28,-16,31,-18,32,-21,32,-22,30,-24,28,-24,26,-23,24,-21,24,-20,23,-20,20,-18,19,-18,18,-18,19,-17,18,-17,18,-17,18,-19,17,-20,19,-18,17,-18,18,-17,18,-17,17,-16,16,-16,16,-16,16,-15,16,-17,16,0,0,-17,14,-16,14,-16,15,-18,12,-19,12,-21,12,-21,10,-21,11,-21,10,-21,8,-21,7,-19,6,-20,5,-17,4,-17,2,-16,0,-16,1,-16,1,-17,0,-18,0,-18,0,-18,0,-18,-1,-19,-2,-20,-4,-19,-4,-16,-5,-14,-5]"
CSI_DATA,264160,d8:b1:90:d9:de:f0,-66,11,-99,-37,68,56,-445521361,100,0,114,0,"[-18,28,-20,30,-23,31,-25,29,-27,29,-28,27,-27,24,-25,22,-24,21,-23,19,-22,18,-22,17,-22,18,-22,16,-21,16,-21,17,-21,16,-22,17,-22,17,-20,17,-21,17,-20,17,-20,16,-18,16,-18,15,-17,13,-17,13,-18,13,0,0,-18,13,-18,12,-19,11,-20,11,-21,11,-22,11,-22,9,-23,10,-24,7,-24,8,-23,6,-21,4,-19,1,-18,2,-19,1,-18,0,-17,0,-18,0,-19,0,-18,-1,-19,-1,-19,-1,-19,-2,-21,-4,-21,-4,-20,-5,-16,-6,-14,-5]"
CSI_DATA,264161,d8:b1:90:d9:de:f0,-66,11,-99,-35,68,56,-445509603,100,0,114,0,"[-19,-23,-20,-26,-21,-27,-22,-29,-21,-29,-22,-28,-20,-25,-20,-25,-20,-21,-19,-20,-19,-18,-19,-17,-20,-16,-20,-14,-21,-12,-21,-13,-23,-12,-23,-11,-25,-10,-24,-7,-25,-6,-25,-6,-23,-4,-23,-4,-23,-2,-21,-1,-21,0,-23,0,0,0,-20,0,-21,1,-22,2,-22,2,-24,1,-23,1,-23,1,-23,2,-24,3,-22,4,-22,3,-20,1,-20,3,-19,3,-18,4,-18,4,-17,4,-17,5,-17,5,-17,6,-19,6,-18,6,-19,5,-19,6,-19,7,-19,6,-17,5,-15,4]"
CSI_DATA,264162,d8:b1:90:d9:de:f0,-67,11,-99,-35,68,56,-445491645,100,0,114,0,"[0,-30,2,-32,2,-33,3,-36,2,-36,1,-35,2,-32,2,-30,0,-29,0,-26,0,-25,0,-25,-2,-25,-2,-24,-4,-24,-5,-23,-5,-24,-6,-25,-8,-24,-9,-22,-9,-23,-11,-21,-11,-20,-11,-19,-12,-20,-12,-19,-12,-17,-13,-17,0,0,-12,-17,-12,-16,-13,-16,-16,-16,-15,-18,-15,-18,-14,-18,-15,-19,-15,-18,-13,-17,-15,-18,-12,-18,-12,-15,-12,-14,-12,-13,-12,-14,-11,-13,-12,-12,-13,-12,-12,-12,-12,-12,-12,-13,-13,-13,-14,-15,-12,-13,-12,-13,-12,-13,-11,-12]"
CSI_DATA,264163,d8:b1:90:d9:de:f0,-66,11,-99,-35,68,56,-445481641,100,0,114,0,"[-27,-15,-28,-18,-30,-19,-30,-21,-29,-21,-29,-20,-25,-20,-25,-19,-23,-17,-21,-18,-20,-16,-20,-16,-19,-15,-20,-14,-20,-13,-20,-13,-21,-14,-22,-13,-23,-14,-22,-12,-22,-12,-22,-11,-21,-11,-21,-10,-22,-10,-20,-9,-20,-8,-19,-9,0,0,-19,-9,-19,-8,-19,-9,-20,-9,-20,-10,-21,-11,-20,-12,-21,-14,-21,-12,-20,-12,-19,-12,-17,-14,-16,-13,-16,-12,-15,-12,-13,-12,-13,-12,-14,-11,-15,-11,-13,-12,-14,-12,-14,-13,-14,-14,-15,-15,-14,-13,-13,-14,-12,-14,-10,-12]"
CSI_DATA,264164,d8:b1:90:d9:de:f0,-66,11,-99,-35,68,56,-445461655,100,0,114,0,"[-30,3,-32,3,-35,2,-36,0,-35,0,-34,0,-32,0,-30,0,-28,0,-28,0,-25,0,-24,0,-26,1,-25,2,-25,2,-25,3,-25,4,-25,4,-25,4,-24,6,-24,6,-24,7,-23,7,-21,7,-22,7,-21,7,-19,7,-21,8,0,0,-18,7,-19,7,-19,8,-22,8,-23,7,-23,8,-23,7,-23,6,-24,6,-22,7,-21,6,-21,5,-19,5,-18,4,-19,4,-19,3,-17,3,-18,3,-18,3,-18,4,-19,4,-19,5,-19,4,-19,3,-19,3,-18,2,-16,1,-16,1]"
CSI_DATA,264165,d8:b1:90:d9:de:f0,-67,11,-99,-35,68,56,-445451249,100,0,114,0,"[-25,-14,-27,-16,-28,-18,-30,-18,-30,-19,-30,-18,-27,-18,-26,-15,-25,-14,-25,-12,-23,-11,-23,-10,-23,-7,-24,-6,-22,-6,-24,-4,-24,-4,-25,-3,-25,-2,-24,0,-25,0,-25,1,-23,1,-22,4,-22,4,-22,4,-21,5,-22,4,0,0,-20,6,-20,6,-21,7,-20,7,-21,7,-22,8,-22,9,-22,8,-23,9,-22,9,-21,9,-19,8,-19,7,-19,8,-18,8,-16,7,-16,7,-16,8,-16,8,-16,10,-17,10,-16,10,-16,11,-16,12,-16,11,-14,11,-13,7,-12,8]"
CSI_DATA,264166,d8:b1:90:d9:de:f0,-66,11,-99,-34,68,56,-445431525,100,0,114,0,"[-23,18,-26,17,-28,18,-30,17,-31,15,-31,14,-30,12,-28,10,-26,11,-25,10,-23,10,-22,9,-22,10,-22,9,-21,10,-20,10,-22,10,-23,10,-23,10,-22,10,-22,10,-21,11,-21,10,-20,11,-21,10,-20,10,-19,10,-20,10,0,0,-21,9,-20,8,-21,9,-22,7,-24,6,-23,7,-22,6,-24,5,-24,5,-24,5,-24,3,-21,1,-21,1,-20,0,-20,0,-18,0,-17,0,-18,-1,-19,0,-19,-1,-20,-1,-19,-2,-18,-3,-20,-3,-20,-4,-17,-4,-15,-5,-14,-4]"
CSI_DATA,264167,d8:b1:90:d9:de:f0,-66,11,-99,-35,68,56,-445411599,100,0,114,0,"[-6,-28,-6,-31,-4,-34,-2,-34,-1,-33,-1,-33,0,-31,0,-29,0,-29,0,-28,0,-25,0,-25,0,-24,-1,-23,-2,-24,-1,-24,-2,-24,-2,-25,-3,-24,-3,-24,-3,-25,-5,-25,-5,-24,-5,-23,-4,-23,-5,-22,-5,-22,-4,-21,0,0,-4,-21,-3,-21,-3,-22,-3,-23,-2,-25,-2,-25,-2,-25,0,-25,-1,-24,0,-23,0,-23,1,-23,0,-21,0,-19,2,-19,3,-18,3,-18,2,-17,2,-18,3,-17,2,-19,3,-19,3,-19,4,-19,3,-16,4,-17,4,-15,4,-12]"
CSI_DATA,264168,d8:b1:90:d9:de:f0,-66,11,-99,-34,67,56,-445400818,100,0,228,0,"[-16,-15,-17,-19,-18,-23,-18,-26,-18,-29,-18,-29,-18,-29,-66,0,-17,-24,-16,-21,-16,-17,-13,-16,-12,-14,-10,-13,-7,-12,-5,-11,-4,-11,-2,-11,-1,-11,0,-11,0,-11,-19,-9,-2,-7,-2,-4,-2,0,-1,1,0,4,1,8,0,0,7,12,11,13,14,14,16,15,19,15,22,14,16,0,23,10,21,10,20,9,17,8,14,8,12,7,9,7,8,8,6,8,5,9,6,9,5,8,6,6,72,0,5,3,4,0,4,-1,3,-2,1,-5,0,-7,-1,-7,1,9,10,7,16,0,12,-12,0,-18,-11,-13,-16,-3,-33,-17,-5,17,8,18,19,8,20,-8,9,-23,-11,-23,-26,-7,-23,14,-4,26,16,20,25,0,16,-17,0,-21,-15,-21,-16,0,-9,9,0,10,4,8,9,3,9,-3,0,0,-3,-9,-9,-3,-8,5,0,8,6,3,4,-4,19,6,-9,2,-1,12,12,9,17,-3,8,-17,-8,-18,-20,-4,-16,12,0,18,12,13,16,0,9,-10,0,-13,-2,0,-9,0,-7,3,-3,6,0,7,3,5,7,2,6,-1]"
CSI_DATA,264169,d8:b1:90:d9:de:f0,-66,11,-99,-35,67,56,-445389245,100,0,228,0,"[-15,16,-20,16,-25,17,-28,17,-31,16,-31,16,-31,16,-68,0,-26,15,-23,14,-20,12,-17,11,-15,9,-13,8,-13,6,-11,4,-12,2,-11,0,-12,0,-12,0,-11,0,-20,-9,-9,1,-5,1,-2,1,0,1,3,0,6,0,0,0,11,-6,13,-10,14,-14,14,-16,15,-20,13,-23,-62,0,11,-24,10,-22,8,-19,8,-17,6,-13,7,-11,9,-9,8,-6,8,-5,9,-4,9,-3,8,-5,8,-5,96,0,5,-5,2,-4,0,-3,-3,-1,-5,0,-6,0,-7,1,10,-1,8,-11,-1,-17,-13,-12,-19,0,-14,12,-2,19,-19,32,18,6,19,-6,9,-19,-7,-20,-21,-9,-24,8,-9,25,13,24,27,5,21,-16,2,-26,-15,-17,-21,0,-24,13,0,15,7,9,9,2,9,-3,4,-8,-1,-10,0,0,-10,2,-4,9,3,9,8,0,4,-5,-2,-4,7,-20,2,7,11,0,9,-11,-4,-16,-16,-7,-17,10,-4,20,12,15,19,0,12,-12,0,-16,-11,-8,-13,0,0,2,0,9,4,6,6,3,6,0,6,-4,2,-6,-1,-6]"
CSI_DATA,264170,d8:b1:90:d9:de:f0,-65,11,-99,-36,67,56,-445378933,100,0,228,0,"[21,12,22,17,22,23,22,27,22,30,21,31,20,31,-70,-1,16,27,15,25,13,23,11,19,10,18,6,16,5,15,2,14,1,14,-1,14,-3,13,-3,13,-4,12,-21,-10,-2,9,-1,6,0,4,1,0,1,-4,2,-7,0,0,-1,-14,-2,-18,-5,-21,-6,-24,-8,-25,-9,-26,-107,15,-10,-25,-10,-24,-9,-22,-7,-20,-4,-19,-2,-15,0,-13,2,-13,3,-12,5,-10,4,-10,4,-10,5,-10,47,0,1,-6,0,-5,-2,-4,-4,-2,-5,0,-6,3,-6,5,-5,-11,-14,-6,-16,6,-10,17,3,19,15,14,20,1,36,17,6,-20,-7,-20,-20,-10,-23,7,-12,22,8,26,25,12,28,-10,12,-27,-11,-26,-26,-9,-23,12,-7,21,5,28,15,6,14,-4,7,-9,0,-11,-7,-9,-11,-2,0,0,-4,11,6,10,11,1,7,-6,-2,-6,-5,0,-11,-20,8,3,9,-8,-3,-15,-16,-8,-19,8,-7,20,11,19,21,5,17,-11,3,-19,-11,-14,-15,-2,-11,8,1,3,4,10,7,6,8,1,8,-3,5,-7,-1,-8,-5,-6]"
CSI_DATA,264171,d8:b1:90:d9:de:f0,-66,11,-99,-34,67,56,-445367903,100,0,228,0,"[-19,11,-25,9,-29,7,-32,6,-34,4,-34,3,-34,2,-66,0,-30,2,-27,2,-24,2,-20,1,-19,0,-16,0,-15,0,-13,-2,-12,-4,-11,-5,-11,-7,-10,-7,-9,-6,-19,-9,-7,-4,-4,-1,-2,0,0,0,2,0,6,1,0,0,13,1,16,0,19,0,22,-1,24,-3,25,-4,42,0,25,-6,24,-5,22,-4,19,-2,17,-1,15,0,15,1,12,2,11,3,9,4,9,5,8,4,9,4,97,0,7,0,5,0,3,0,0,-2,-1,-3,-3,-5,-5,-4,10,1,11,-8,3,-16,-8,-16,-18,-6,-17,6,-10,16,-29,21,14,13,20,0,16,-14,2,-22,-15,-19,-24,-3,-20,17,0,27,18,18,27,0,16,-19,-2,-23,-16,-13,-27,-4,-10,11,0,13,6,9,10,3,9,-3,4,-10,0,0,-9,-4,-10,3,-3,9,4,6,5,0,0,-5,21,-6,-2,6,6,8,14,0,9,-13,-4,-17,-16,-8,-16,8,-5,18,9,16,16,3,13,-9,1,-15,-8,-11,-3,0,-9,3,-2,8,0,8,3,6,6,3,7,0,4,-4]"
CSI_DATA,264172,d8:b1:90:d9:de:f0,-67,11,-99,-35,69,56,-445356494,100,0,114,0,"[-6,-25,-6,-28,-6,-30,-4,-31,-3,-31,-3,-30,-2,-27,-1,-28,-1,-26,0,-24,-1,-23,-2,-23,-3,-22,-3,-22,-4,-21,-5,-20,-5,-22,-5,-23,-6,-22,-6,-21,-7,-23,-6,-22,-7,-21,-8,-20,-8,-20,-8,-20,-8,-19,-7,-18,0,0,-8,-19,-8,-19,-9,-21,-9,-20,-9,-21,-7,-21,-7,-22,-6,-22,-6,-21,-5,-20,-5,-20,-5,-20,-5,-19,-4,-18,-3,-16,-3,-17,-2,-16,-3,-15,-2,-16,-2,-15,-1,-16,-3,-16,-3,-16,-3,-16,-1,-14,0,-15,0,-14,0,-13]"
CSI_DATA,264173,d8:b1:90:d9:de:f0,-66,11,-99,-36,68,56,-445340821,100,0,114,0,"[-24,-18,-24,-21,-25,-24,-24,-25,-23,-27,-21,-27,-19,-26,-17,-25,-16,-24,-16,-24,-14,-22,-14,-21,-14,-22,-14,-21,-14,-21,-15,-22,-15,-22,-14,-22,-16,-22,-14,-21,-14,-22,-15,-21,-14,-20,-13,-20,-14,-20,-13,-19,-13,-19,-13,-19,0,0,-12,-20,-12,-20,-11,-22,-10,-22,-10,-24,-9,-24,-8,-25,-8,-24,-7,-24,-6,-24,-6,-24,-4,-23,-2,-23,-2,-21,-1,-19,0,-19,0,-17,0,-17,0,-17,0,-16,1,-17,2,-17,1,-17,2,-17,2,-16,2,-15,3,-13,4,-13]"
CSI_DATA,264174,d8:b1:90:d9:de:f0,-66,11,-99,-35,68,56,-445321654,100,0,114,0,"[-27,7,-32,6,-33,7,-34,6,-35,4,-35,5,-32,3,-32,3,-29,4,-27,3,-25,4,-25,3,-25,5,-25,5,-24,5,-25,6,-25,6,-25,7,-25,8,-23,9,-24,10,-24,9,-21,10,-21,11,-20,11,-20,10,-20,11,-20,10,0,0,-19,11,-19,11,-21,11,-20,11,-21,11,-22,12,-23,10,-22,11,-24,10,-22,10,-22,10,-19,7,-19,7,-18,7,-19,5,-18,6,-16,6,-17,6,-17,6,-16,5,-17,5,-17,5,-15,5,-17,6,-17,6,-16,5,-13,5,-12,3]"
CSI_DATA,264175,d8:b1:90:d9:de:f0,-66,11,-99,-35,68,56,-445311461,100,0,114,0,"[-4,-29,-3,-32,-1,-34,1,-35,1,-35,4,-34,5,-31,6,-31,6,-29,6,-27,6,-25,6,-25,6,-25,5,-24,5,-23,6,-23,6,-25,6,-25,6,-25,6,-24,6,-25,6,-25,6,-24,6,-24,6,-22,6,-22,5,-21,7,-20,0,0,6,-22,7,-21,8,-23,8,-21,10,-22,12,-21,12,-21,14,-21,14,-19,15,-19,15,-19,14,-17,14,-15,14,-13,13,-13,13,-12,13,-10,13,-9,13,-8,14,-8,14,-8,14,-9,13,-9,16,-9,15,-6,13,-5,12,-6,12,-4]"
CSI_DATA,264176,d8:b1:90:d9:de:f0,-67,11,-99,-35,68,56,-445301421,100,0,114,0,"[-10,28,-12,30,-14,32,-15,32,-16,32,-15,29,-16,28,-14,27,-12,26,-12,25,-12,24,-10,24,-10,23,-9,24,-6,24,-7,25,-6,24,-7,25,-6,25,-6,25,-5,25,-3,25,-1,25,0,24,-1,23,-1,22,-1,21,0,22,0,0,0,22,0,23,0,24,0,24,0,24,0,25,0,25,0,25,-2,25,-2,25,-1,23,-2,22,-2,21,-2,20,-2,18,-3,18,-2,17,-2,16,-2,16,-2,16,-2,16,-1,17,0,16,-1,17,-3,15,-3,14,-2,13,-2,12]"
CSI_DATA,264177,d8:b1:90:d9:de:f0,-66,11,-99,-35,68,56,-445281496,100,0,114,0,"[-25,12,-27,13,-31,13,-32,13,-32,13,-33,12,-30,12,-30,12,-26,11,-26,11,-25,11,-23,11,-22,12,-20,13,-20,13,-19,15,-19,15,-20,16,-20,18,-18,18,-18,19,-17,19,-14,19,-14,19,-13,19,-12,18,-12,19,-12,19,0,0,-11,19,-11,19,-12,21,-12,21,-12,22,-11,22,-11,23,-12,23,-12,21,-12,21,-12,21,-11,19,-10,18,-10,18,-9,16,-9,15,-9,14,-7,14,-7,14,-7,14,-8,15,-7,15,-6,13,-6,14,-8,13,-6,13,-6,12,-6,10]"
CSI_DATA,264178,d8:b1:90:d9:de:f0,-67,11,-99,-34,68,56,-445271064,100,0,114,0,"[-26,10,-30,10,-32,9,-34,7,-35,5,-34,5,-31,3,-31,2,-29,2,-27,1,-26,2,-25,1,-26,0,-25,1,-25,1,-25,2,-26,2,-25,2,-26,3,-24,4,-26,4,-24,3,-24,4,-24,4,-22,4,-21,3,-21,3,-21,5,0,0,-23,2,-21,2,-23,2,-24,1,-26,0,-25,0,-25,0,-25,-2,-25,-2,-24,-2,-23,-3,-21,-5,-20,-5,-20,-5,-17,-5,-17,-5,-15,-5,-15,-5,-15,-5,-15,-6,-16,-5,-15,-6,-14,-6,-15,-7,-15,-7,-12,-7,-10,-6,-8,-6]"
CSI_DATA,264179,d8:b1:90:d9:de:f0,-67,11,-99,-34,68,56,-445251640,100,0,114,0,"[26,-10,30,-10,32,-10,34,-10,34,-10,32,-8,31,-6,30,-7,28,-8,27,-6,25,-6,24,-6,23,-7,22,-7,23,-8,22,-10,22,-10,23,-11,24,-11,21,-11,21,-12,21,-13,21,-12,20,-13,19,-13,20,-13,18,-13,19,-13,0,0,17,-12,17,-14,18,-15,19,-13,19,-15,20,-14,20,-14,21,-13,21,-14,21,-12,19,-10,18,-10,17,-10,16,-9,16,-9,16,-8,14,-6,15,-8,15,-7,15,-6,15,-7,14,-6,12,-6,15,-6,15,-6,14,-5,11,-5,10,-4]"
CSI_DATA,264180,d8:b1:90:d9:de:f0,-67,11,-99,-34,68,56,-445231355,100,0,114,0,"[18,22,19,25,19,27,20,29,18,29,18,30,16,27,15,26,15,24,15,22,14,21,14,21,13,20,15,19,15,18,15,18,17,19,16,18,18,19,18,16,19,17,18,15,19,14,19,13,19,13,19,12,19,11,19,10,0,0,18,10,18,10,19,11,20,12,21,13,20,13,21,13,21,15,19,13,19,13,18,14,16,13,15,13,15,12,13,10,12,11,12,10,11,10,11,10,11,10,11,10,11,10,11,10,12,10,11,9,10,9,9,10,8,9]"
CSI_DATA,264181,d8:b1:90:d9:de:f0,-67,11,-99,-36,69,56,-445211091,100,0,114,0,"[-25,11,-27,11,-30,11,-32,11,-31,10,-31,9,-29,7,-27,8,-26,7,-24,7,-23,7,-20,8,-22,8,-20,8,-20,11,-21,11,-20,11,-19,11,-20,13,-19,12,-19,14,-19,15,-18,14,-16,15,-15,15,-15,14,-15,15,-14,15,0,0,-14,15,-12,15,-14,15,-15,16,-15,17,-15,17,-16,18,-15,15,-16,15,-15,14,-15,15,-14,14,-14,12,-13,11,-13,11,-13,11,-11,9,-12,10,-11,11,-12,9,-12,10,-12,10,-11,9,-11,9,-11,9,-11,8,-9,6,-9,7]"
CSI_DATA,264182,d8:b1:90:d9:de:f0,-67,11,-99,-34,68,56,-445191094,100,0,114,0,"[-29,-5,-32,-6,-33,-8,-34,-8,-33,-9,-33,-7,-31,-8,-30,-8,-30,-5,-27,-5,-26,-4,-24,-4,-26,-3,-24,-1,-25,-1,-25,0,-25,0,-25,0,-25,2,-24,5,-24,5,-25,5,-23,6,-22,7,-21,7,-20,7,-20,8,-21,8,0,0,-20,10,-19,9,-20,10,-21,11,-21,10,-22,11,-21,13,-22,12,-21,11,-23,11,-21,10,-19,9,-18,9,-17,9,-15,7,-15,6,-15,6,-15,8,-15,8,-15,8,-15,8,-14,7,-13,6,-14,6,-14,6,-12,6,-10,5,-10,4]"
CSI_DATA,264183,d8:b1:90:d9:de:f0,-66,11,-99,-35,68,56,-445171601,100,0,114,0,"[20,-22,23,-22,26,-23,28,-23,30,-21,29,-19,29,-18,27,-17,25,-15,25,-13,23,-12,23,-13,23,-12,23,-12,23,-12,22,-13,22,-12,23,-12,23,-12,22,-13,21,-13,21,-12,21,-13,20,-12,20,-12,18,-12,18,-12,19,-11,0,0,19,-12,19,-9,19,-10,22,-10,22,-9,24,-8,23,-7,25,-7,25,-6,25,-5,23,-4,21,-3,19,-2,19,0,19,0,17,0,17,0,17,1,16,1,17,1,17,2,16,1,15,3,15,3,15,5,12,5,11,4,9,4]"
CSI_DATA,264184,d8:b1:90:d9:de:f0,-66,11,-99,-36,68,56,-445151640,100,0,114,0,"[-30,2,-33,0,-37,0,-37,-1,-36,-4,-36,-5,-34,-5,-32,-5,-31,-5,-28,-4,-26,-4,-26,-5,-25,-4,-24,-4,-24,-4,-25,-3,-26,-1,-26,-3,-28,-2,-26,0,-26,-1,-25,-1,-24,0,-24,0,-23,0,-23,0,-21,0,-23,0,0,0,-24,0,-22,0,-24,-1,-24,-1,-24,-2,-25,-3,-25,-3,-24,-5,-24,-6,-24,-5,-23,-6,-21,-7,-20,-8,-18,-6,-17,-7,-16,-7,-15,-7,-15,-7,-15,-7,-15,-6,-14,-8,-14,-8,-14,-9,-13,-10,-14,-9,-12,-8,-8,-8,-8,-8]"
CSI_DATA,264185,d8:b1:90:d9:de:f0,-67,11,-99,-35,68,56,-445141398,100,0,114,0,"[18,24,17,26,18,30,18,31,18,32,17,29,17,29,15,25,16,24,16,24,16,22,16,21,15,20,15,19,16,19,17,19,19,18,19,18,20,16,21,15,20,14,21,12,21,11,22,11,20,11,19,10,20,9,20,8,0,0,22,7,20,7,20,8,23,6,23,7,23,8,24,7,24,9,24,7,23,8,20,9,21,9,19,8,18,8,18,6,15,7,15,6,15,6,16,5,14,5,16,6,14,5,16,6,15,6,14,6,12,5,12,6,9,5]"
CSI_DATA,264186,d8:b1:90:d9:de:f0,-67,11,-99,-34,68,56,-445121658,100,0,114,0,"[15,-26,16,-28,20,-31,20,-29,20,-31,17,-30,18,-28,15,-26,13,-26,14,-25,11,-24,10,-23,10,-24,7,-24,6,-25,6,-26,4,-26,3,-26,1,-25,0,-25,0,-25,-1,-25,-2,-23,-4,-23,-4,-22,-5,-21,-6,-21,-6,-20,0,0,-7,-19,-8,-21,-9,-20,-10,-22,-10,-21,-10,-22,-10,-23,-10,-22,-10,-22,-10,-22,-10,-20,-10,-20,-10,-18,-8,-17,-8,-15,-7,-15,-8,-14,-7,-13,-8,-13,-8,-13,-7,-15,-10,-13,-10,-15,-10,-13,-7,-12,-6,-10,-7,-10,-5,-9]"
CSI_DATA,264187,d8:b1:90:d9:de:f0,-66,11,-99,-35,68,56,-445111475,100,0,114,0,"[6,-29,8,-32,12,-33,12,-34,14,-33,13,-33,13,-32,13,-30,12,-26,12,-27,12,-25,10,-25,9,-25,7,-25,7,-24,7,-25,7,-25,7,-25,6,-26,5,-25,4,-25,4,-25,3,-25,1,-25,1,-24,0,-23,0,-22,0,-22,0,0,0,-22,1,-21,0,-23,2,-24,2,-25,2,-25,2,-25,3,-25,4,-25,5,-24,4,-23,3,-21,5,-20,4,-19,6,-18,6,-17,5,-15,6,-16,5,-14,6,-15,6,-15,6,-15,5,-16,6,-15,7,-13,6,-13,6,-11,6,-10]"
CSI_DATA,264188,d8:b1:90:d9:de:f0,-66,11,-99,-35,68,56,-445091683,100,0,114,0,"[-13,-26,-14,-30,-14,-32,-14,-33,-14,-33,-14,-33,-12,-32,-12,-29,-12,-26,-12,-25,-11,-24,-12,-23,-12,-23,-12,-21,-12,-21,-13,-20,-16,-19,-15,-19,-17,-19,-17,-18,-19,-18,-18,-17,-18,-16,-18,-15,-19,-12,-18,-13,-17,-12,-18,-12,0,0,-19,-10,-19,-10,-19,-11,-20,-12,-21,-12,-21,-13,-21,-13,-20,-14,-22,-12,-20,-13,-19,-14,-17,-13,-17,-12,-15,-12,-15,-10,-14,-11,-13,-11,-14,-8,-14,-10,-12,-9,-14,-10,-13,-10,-13,-10,-13,-10,-12,-8,-11,-8,-10,-8,-8,-7]"
CSI_DATA,264189,d8:b1:90:d9:de:f0,-66,11,-99,-36,68,56,-445081327,100,0,114,0,"[-21,22,-24,23,-29,23,-32,23,-31,20,-32,20,-30,16,-28,16,-27,14,-25,14,-24,13,-23,13,-23,12,-23,12,-22,12,-23,12,-23,13,-21,11,-24,14,-21,13,-22,14,-22,13,-21,13,-20,13,-20,13,-18,12,-18,11,-18,12,0,0,-20,13,-19,10,-20,10,-19,10,-21,11,-23,8,-22,8,-24,8,-24,8,-24,7,-23,6,-21,3,-21,2,-20,2,-18,0,-18,0,-16,0,-17,0,-16,0,-17,0,-17,-1,-17,-2,-15,-2,-16,-3,-16,-3,-16,-5,-11,-3,-10,-4]"
CSI_DATA,264190,d8:b1:90:d9:de:f0,-65,9,-99,-36,67,56,-445068194,124,0,106,0,"[-64,14,108,15,121,14,-126,15,118,14,-104,15,-93,14,-108,15,-28,14,-105,15,25,15,-87,15,75,15,-49,15,98,15,-15,15,113,15,9,0,-122,15,24,0,-81,15,22,0,-30,15,11,0,41,0,17,0,0,0,0,0,-105,0,95,0,-61,0,-100,0,-50,0,-54,0,-61,0,-30,0,-88,0,-48,0,-114,0,-89,0,127,0,110,0,120,0,67,0,114,0,52,0,102,0,54,0,65,0,58,0,18,0,65,0,-38,15]"
CSI_DATA,264191,d8:b1:90:d9:de:f0,-66,11,-99,-36,68,56,-445051639,100,0,114,0,"[-32,-1,-34,-3,-37,-4,-38,-3,-38,-3,-37,-2,-35,-3,-33,0,-31,0,-30,0,-28,1,-27,1,-27,2,-25,2,-24,5,-25,7,-24,8,-24,8,-24,9,-22,12,-23,13,-22,13,-20,15,-18,14,-19,14,-16,15,-15,15,-16,16,0,0,-15,18,-15,17,-14,17,-15,20,-14,19,-15,21,-15,22,-15,20,-14,21,-16,21,-15,18,-13,17,-13,18,-11,16,-11,16,-12,15,-8,15,-9,15,-10,14,-8,14,-8,15,-8,15,-8,14,-8,15,-9,14,-8,12,-7,11,-7,10]"
CSI_DATA,264192,d8:b1:90:d9:de:f0,-66,11,-99,-36,68,56,-445041647,100,0,114,0,"[-27,-16,-29,-19,-30,-21,-32,-22,-31,-23,-30,-23,-27,-22,-26,-20,-24,-18,-24,-17,-23,-16,-23,-16,-22,-14,-22,-13,-22,-13,-22,-13,-23,-11,-23,-11,-24,-10,-24,-8,-24,-8,-24,-8,-24,-8,-24,-7,-22,-6,-21,-5,-23,-5,-22,-4,0,0,-24,-4,-22,-5,-23,-5,-24,-4,-24,-5,-24,-6,-24,-5,-24,-7,-24,-7,-24,-7,-22,-7,-21,-8,-20,-8,-17,-8,-17,-7,-16,-7,-16,-7,-16,-6,-15,-6,-14,-6,-16,-6,-15,-8,-16,-8,-14,-8,-15,-8,-13,-7,-9,-7,-9,-7]"
CSI_DATA,264193,d8:b1:90:d9:de:f0,-67,11,-99,-34,68,56,-445031220,100,0,114,0,"[-25,-15,-27,-16,-28,-17,-29,-18,-30,-19,-28,-17,-27,-17,-26,-15,-26,-13,-25,-12,-23,-10,-24,-10,-25,-8,-25,-7,-24,-6,-24,-5,-24,-3,-24,-4,-24,-1,-24,0,-24,0,-24,2,-23,3,-22,4,-21,4,-20,5,-20,6,-21,6,0,0,-20,7,-19,9,-19,10,-20,9,-21,10,-21,10,-21,10,-21,10,-21,10,-21,10,-20,10,-19,9,-17,9,-16,9,-16,8,-15,7,-14,8,-14,8,-13,8,-13,8,-14,9,-13,8,-13,8,-13,8,-13,7,-12,7,-10,5,-10,5]"
CSI_DATA,264194,d8:b1:90:d9:de:f0,-67,11,-99,-34,68,56,-445011642,100,0,114,0,"[-28,-7,-31,-11,-32,-12,-32,-15,-32,-15,-31,-16,-29,-15,-28,-15,-25,-13,-24,-13,-23,-13,-22,-13,-22,-13,-22,-12,-22,-11,-22,-11,-22,-10,-23,-10,-24,-10,-23,-10,-22,-10,-23,-9,-21,-8,-21,-7,-21,-8,-21,-7,-21,-7,-20,-7,0,0,-20,-6,-21,-6,-21,-8,-21,-9,-21,-10,-21,-11,-21,-11,-21,-14,-21,-13,-21,-12,-18,-13,-16,-14,-15,-13,-15,-12,-13,-11,-13,-12,-12,-12,-10,-11,-10,-11,-10,-11,-10,-13,-10,-13,-10,-14,-8,-14,-9,-13,-7,-13,-5,-12,-5,-10]"
CSI_DATA,264195,d8:b1:90:d9:de:f0,-67,11,-99,-34,68,56,-445001393,100,0,114,0,"[-24,-18,-26,-21,-27,-22,-28,-23,-27,-23,-26,-22,-25,-22,-23,-21,-22,-18,-21,-18,-21,-15,-21,-15,-21,-14,-21,-13,-22,-13,-21,-11,-22,-11,-23,-10,-23,-8,-24,-8,-24,-6,-22,-5,-21,-5,-22,-4,-22,-3,-20,-3,-21,-2,-21,0,0,0,-22,0,-21,0,-21,0,-23,0,-22,0,-23,0,-24,0,-25,-2,-24,-1,-24,0,-23,-1,-21,-2,-20,-1,-19,-2,-19,-1,-18,0,-16,-2,-16,0,-16,-1,-15,-1,-17,-1,-16,-2,-17,-2,-17,-2,-17,-1,-15,-1,-14,-2,-11,-2]"
CSI_DATA,264196,d8:b1:90:d9:de:f0,-66,11,-99,-35,68,56,-444991408,100,0,114,0,"[-27,12,-31,12,-34,11,-36,11,-34,7,-34,8,-32,6,-30,6,-29,6,-28,6,-27,5,-26,6,-25,5,-25,6,-24,6,-24,5,-25,6,-25,6,-25,6,-24,7,-23,8,-22,8,-22,9,-21,9,-21,9,-19,8,-19,9,-20,10,0,0,-21,9,-20,9,-20,9,-21,7,-22,8,-24,8,-25,7,-24,7,-25,6,-25,5,-24,4,-22,3,-21,2,-19,2,-19,0,-19,0,-17,0,-17,0,-17,0,-17,0,-18,0,-17,-2,-16,0,-16,-2,-17,-2,-15,-3,-12,-3,-11,-3]"
CSI_DATA,264197,d8:b1:90:d9:de:f0,-66,11,-99,-37,68,56,-444971660,100,0,114,0,"[-3,32,-4,33,-6,36,-7,37,-7,39,-7,37,-9,35,-8,33,-7,30,-8,29,-6,27,-5,28,-3,28,-3,27,-1,27,-1,26,-1,26,0,28,0,27,0,26,1,26,3,26,1,25,3,24,4,25,4,23,5,23,5,22,0,0,4,22,6,22,6,23,5,23,6,24,4,26,4,24,4,25,2,25,2,25,2,24,1,22,0,21,0,21,1,20,0,19,0,19,0,18,0,18,-1,18,0,17,0,18,0,18,0,18,-1,17,-2,14,0,14,-2,13]"
CSI_DATA,264198,d8:b1:90:d9:de:f0,-66,11,-99,-36,68,56,-444961604,100,0,114,0,"[-32,4,-34,2,-36,0,-38,0,-38,-1,-38,-2,-35,-4,-33,-5,-30,-4,-28,-5,-27,-5,-25,-5,-25,-4,-25,-5,-25,-4,-25,-4,-25,-5,-25,-4,-25,-4,-24,-3,-26,-3,-25,-1,-24,-3,-24,-3,-23,-2,-23,-3,-21,-2,-22,-1,0,0,-22,-3,-21,-3,-21,-4,-23,-5,-23,-6,-24,-8,-24,-9,-23,-10,-23,-9,-22,-10,-20,-11,-17,-12,-16,-11,-16,-12,-14,-11,-14,-11,-12,-12,-12,-11,-12,-11,-12,-13,-12,-14,-10,-14,-10,-15,-9,-15,-9,-14,-8,-14,-6,-12,-4,-10]"
CSI_DATA,264199,d8:b1:90:d9:de:f0,-66,11,-99,-36,68,56,-444941616,100,0,114,0,"[8,30,7,34,5,36,4,37,3,38,1,36,1,35,0,33,0,31,0,30,0,27,0,26,0,26,0,25,1,26,0,26,1,25,0,26,1,25,2,25,3,25,3,24,3,24,4,23,3,23,4,23,3,22,4,22,0,0,3,20,2,22,2,23,1,22,1,24,0,25,0,24,0,25,-1,24,-2,24,-4,24,-3,23,-3,22,-3,19,-5,16,-5,16,-4,16,-6,16,-6,16,-7,16,-6,16,-7,16,-6,15,-8,16,-8,13,-8,12,-8,11,-7,9]"
CSI_DATA,264200,d8:b1:90:d9:de:f0,-67,11,-99,-38,69,56,-444927482,100,0,114,0,"[-26,-14,-27,-16,-28,-18,-28,-20,-28,-21,-27,-21,-26,-21,-22,-20,-22,-17,-21,-16,-20,-15,-20,-16,-20,-15,-19,-14,-19,-14,-19,-14,-20,-12,-21,-13,-21,-11,-21,-10,-21,-11,-21,-10,-20,-10,-21,-10,-20,-8,-20,-8,-19,-7,-18,-7,0,0,-21,-6,-19,-8,-20,-7,-21,-8,-19,-9,-20,-10,-20,-10,-21,-11,-21,-11,-21,-11,-19,-11,-16,-12,-15,-11,-14,-10,-15,-10,-13,-10,-12,-10,-11,-9,-12,-10,-12,-10,-12,-10,-11,-11,-12,-12,-10,-13,-11,-11,-10,-10,-8,-11,-5,-10]"
CSI_DATA,264201,d8:b1:90:d9:de:f0,-66,11,-99,-36,68,56,-444911636,100,0,114,0,"[-22,22,-24,24,-26,24,-28,25,-27,27,-25,26,-25,24,-23,24,-20,23,-20,23,-17,22,-16,21,-16,22,-14,22,-13,22,-12,24,-10,24,-9,24,-8,24,-6,24,-4,25,-3,25,-1,24,0,24,0,24,0,23,1,22,0,23,0,0,1,21,5,23,4,22,4,24,5,24,5,24,6,24,7,25,6,24,6,24,5,24,6,23,5,21,6,20,6,18,5,17,5,17,4,16,6,16,4,16,6,16,7,16,7,17,6,17,5,16,4,15,5,15,3,13]"
CSI_DATA,264202,d8:b1:90:d9:de:f0,-66,11,-99,-35,68,56,-444901620,100,0,114,0,"[-30,-6,-32,-6,-34,-8,-34,-11,-35,-11,-34,-12,-32,-12,-30,-11,-28,-9,-26,-10,-25,-7,-25,-7,-25,-6,-24,-6,-23,-4,-24,-4,-25,-4,-25,-3,-25,-2,-24,-1,-25,0,-25,-1,-23,0,-22,1,-22,0,-23,1,-20,1,-21,1,0,0,-21,2,-21,2,-22,2,-23,2,-23,2,-24,0,-24,0,-25,0,-25,0,-25,0,-23,0,-22,0,-20,0,-19,-1,-19,-1,-17,-1,-17,-1,-17,-1,-16,0,-17,-1,-18,-2,-16,-1,-17,-3,-18,-3,-18,-2,-17,-3,-14,-3,-12,-3]"
CSI_DATA,264203,d8:b1:90:d9:de:f0,-66,11,-99,-36,68,56,-444891389,100,0,114,0,"[-23,19,-27,20,-30,20,-31,19,-32,17,-31,16,-31,13,-29,12,-27,11,-27,11,-24,10,-24,9,-24,8,-24,8,-24,8,-23,8,-24,8,-24,8,-24,9,-24,8,-24,8,-23,10,-24,8,-21,8,-22,8,-21,7,-21,7,-20,8,0,0,-21,7,-21,7,-22,6,-23,6,-24,4,-25,3,-24,2,-25,0,-25,0,-25,0,-24,-1,-22,-1,-20,-3,-20,-3,-19,-4,-18,-4,-17,-4,-17,-5,-17,-4,-17,-6,-18,-6,-16,-7,-16,-8,-15,-9,-16,-9,-14,-9,-11,-8,-8,-7]"
CSI_DATA,264204,d8:b1:90:d9:de:f0,-66,11,-99,-35,68,56,-444871642,100,0,114,0,"[-12,29,-13,32,-16,32,-18,32,-19,32,-19,29,-19,28,-19,26,-18,25,-17,24,-16,23,-15,22,-15,22,-15,21,-13,21,-13,22,-12,21,-14,21,-12,22,-12,22,-12,22,-11,21,-12,22,-10,20,-10,21,-8,19,-9,19,-8,19,0,0,-11,19,-11,20,-9,19,-11,20,-11,21,-12,20,-12,20,-15,21,-15,19,-16,19,-14,18,-14,16,-14,14,-13,13,-13,12,-14,11,-12,11,-13,10,-12,11,-15,10,-16,10,-15,11,-14,10,-15,9,-16,7,-15,6,-13,6,-11,4]"
CSI_DATA,264205,d8:b1:90:d9:de:f0,-66,11,-99,-35,68,56,-444861396,100,0,114,0,"[29,11,32,12,33,14,32,16,33,16,32,15,31,16,29,14,28,12,27,12,25,11,25,9,25,8,25,7,25,6,25,4,25,5,25,4,25,3,25,1,25,0,25,0,24,-1,23,-1,23,-3,22,-3,21,-3,21,-4,0,0,21,-5,21,-5,21,-6,23,-6,24,-6,24,-5,24,-6,25,-6,24,-5,25,-6,23,-6,20,-5,19,-4,19,-4,19,-3,17,-2,17,-3,16,-4,16,-4,17,-4,19,-5,18,-5,18,-3,18,-3,18,-5,16,-3,14,-2,12,-1]"
CSI_DATA,264206,d8:b1:90:d9:de:f0,-66,11,-99,-36,68,56,-444841655,100,0,114,0,"[0,-31,-1,-33,0,-35,0,-38,0,-38,-1,-37,0,-35,-1,-32,-1,-31,-1,-30,-2,-27,-4,-27,-6,-25,-6,-25,-8,-24,-9,-24,-9,-24,-11,-24,-14,-23,-14,-22,-15,-21,-15,-20,-15,-19,-16,-17,-16,-16,-17,-16,-16,-15,-16,-14,0,0,-19,-12,-18,-12,-21,-11,-22,-11,-21,-13,-21,-13,-22,-14,-21,-13,-23,-11,-21,-12,-21,-10,-20,-11,-19,-9,-17,-8,-16,-8,-17,-7,-16,-8,-16,-5,-16,-6,-16,-6,-16,-6,-17,-6,-17,-6,-18,-4,-16,-4,-15,-4,-14,-5,-12,-4]"
CSI_DATA,264207,d8:b1:90:d9:de:f0,-66,11,-99,-36,68,56,-444829139,100,0,114,0,"[28,-13,32,-14,34,-15,35,-14,36,-13,34,-13,34,-13,32,-11,30,-12,28,-11,25,-12,25,-11,25,-12,24,-12,23,-14,22,-15,21,-16,22,-16,22,-16,20,-17,20,-18,19,-18,17,-19,16,-19,16,-18,15,-17,13,-17,13,-17,0,0,13,-19,12,-20,12,-20,12,-20,12,-19,14,-21,13,-20,13,-21,14,-20,14,-21,13,-20,13,-18,12,-17,12,-16,11,-16,11,-14,10,-14,11,-14,9,-14,10,-14,10,-15,9,-15,9,-14,11,-14,12,-14,11,-12,9,-12,8,-9]"
CSI_DATA,264208,d8:b1:90:d9:de:f0,-66,11,-99,-37,68,56,-444811641,100,0,114,0,"[20,24,22,27,22,29,22,30,22,33,20,31,20,29,18,27,18,24,17,23,17,21,16,20,18,22,18,20,19,20,19,19,19,17,20,18,22,15,21,14,21,14,22,13,22,12,22,11,22,11,22,11,21,9,22,10,0,0,21,7,22,7,22,7,24,8,25,8,25,9,25,9,25,10,24,9,24,9,23,9,21,9,20,8,20,7,19,6,16,7,17,6,16,6,17,5,17,5,17,5,16,6,18,7,17,8,16,5,15,6,13,8,11,6]"
CSI_DATA,264209,d8:b1:90:d9:de:f0,-66,11,-99,-36,68,56,-444791666,100,0,114,0,"[4,31,4,33,3,36,2,36,2,36,2,36,1,35,2,32,3,30,1,29,3,27,5,28,6,25,7,24,8,24,8,24,10,24,11,24,12,24,12,23,14,22,14,21,15,21,16,19,15,16,16,16,16,16,16,15,0,0,17,14,17,15,18,14,20,14,19,16,19,16,21,16,20,16,19,15,19,14,18,13,19,13,16,13,16,12,15,10,14,10,14,10,13,9,14,8,14,8,15,8,14,10,16,9,16,9,14,8,14,8,12,8,9,7]"
CSI_DATA,264210,d8:b1:90:d9:de:f0,-66,11,-99,-36,68,56,-444781422,100,0,114,0,"[13,-27,16,-28,18,-31,18,-31,20,-31,20,-30,20,-27,20,-25,17,-24,17,-23,16,-23,16,-22,16,-21,16,-21,15,-22,14,-21,14,-22,14,-22,14,-23,12,-22,12,-23,11,-23,11,-22,8,-22,10,-21,9,-21,9,-21,10,-21,0,0,8,-19,9,-21,10,-22,10,-21,11,-21,11,-22,11,-23,12,-22,13,-20,14,-20,13,-18,13,-18,12,-16,12,-16,12,-14,11,-13,10,-12,12,-12,11,-12,12,-12,12,-11,11,-12,12,-12,14,-11,15,-10,14,-10,12,-8,10,-7]"
CSI_DATA,264211,d8:b1:90:d9:de:f0,-66,11,-99,-36,68,56,-444761642,100,0,114,0,"[0,31,-1,33,-3,36,-5,37,-5,37,-6,36,-5,34,-5,32,-4,29,-5,28,-4,27,-2,26,-1,25,0,25,0,26,0,26,0,26,0,26,0,26,1,25,4,25,4,25,5,24,4,24,5,24,6,22,7,22,7,20,0,0,8,24,7,21,7,23,8,23,8,24,7,24,6,24,7,24,6,23,6,24,6,21,5,23,5,20,4,19,2,17,2,17,2,17,2,16,3,15,2,16,3,16,2,17,4,17,3,18,2,16,2,16,1,16,0,13]"
CSI_DATA,264212,d8:b1:90:d9:de:f0,-66,11,-99,-37,68,56,-444751608,100,0,114,0,"[-26,19,-29,19,-33,19,-34,17,-36,14,-35,15,-34,12,-32,11,-31,10,-29,10,-28,8,-26,7,-27,8,-25,9,-26,8,-27,8,-25,8,-27,9,-26,9,-26,10,-25,8,-25,9,-24,9,-24,9,-22,9,-22,9,-22,9,-22,8,0,0,-22,7,-23,6,-23,7,-23,7,-24,6,-25,5,-25,4,-26,2,-24,2,-25,1,-23,1,-22,0,-21,0,-21,0,-19,-1,-17,-1,-17,-1,-17,-1,-17,-1,-18,-3,-18,-3,-16,-3,-16,-5,-17,-5,-17,-6,-15,-6,-13,-6,-10,-6]"
CSI_DATA,264213,d8:b1:90:d9:de:f0,-66,11,-99,-36,68,56,-444731611,100,0,114,0,"[-30,-4,-33,-7,-34,-8,-35,-9,-33,-11,-33,-12,-31,-12,-30,-12,-29,-12,-26,-11,-24,-10,-24,-10,-24,-9,-24,-9,-24,-8,-24,-8,-25,-8,-24,-8,-25,-8,-24,-7,-25,-7,-24,-7,-24,-6,-24,-5,-22,-5,-22,-5,-22,-4,-23,-4,0,0,-23,-5,-22,-5,-23,-6,-23,-6,-24,-8,-24,-8,-23,-8,-23,-10,-23,-9,-22,-9,-20,-10,-19,-10,-18,-10,-16,-8,-16,-9,-16,-10,-14,-8,-14,-8,-15,-9,-14,-9,-15,-9,-14,-10,-12,-9,-13,-11,-13,-10,-11,-9,-8,-10,-7,-8]"
CSI_DATA,264214,d8:b1:90:d9:de:f0,-66,11,-99,-36,68,56,-444721616,100,0,114,0,"[8,30,8,32,8,34,7,36,6,36,6,36,6,33,5,32,7,31,7,29,7,27,8,26,8,24,9,24,11,24,11,23,12,24,13,23,14,22,15,20,16,21,17,19,17,18,18,16,17,16,17,16,18,14,19,12,0,0,19,13,19,12,20,12,21,13,21,14,22,13,22,13,21,14,22,13,21,11,20,11,18,12,18,10,17,9,16,8,16,9,15,8,15,7,16,7,15,6,16,6,16,6,16,7,16,7,16,6,14,7,12,7,10,6]"
CSI_DATA,264215,d8:b1:90:d9:de:f0,-66,11,-99,-36,68,56,-444701627,100,0,114,0,"[4,-30,8,-32,10,-34,13,-34,15,-34,16,-32,16,-31,16,-29,16,-25,16,-25,16,-24,16,-23,15,-22,14,-22,15,-21,15,-22,15,-23,16,-23,15,-23,15,-23,14,-21,14,-23,13,-21,13,-20,15,-20,13,-19,14,-18,14,-19,0,0,14,-17,15,-17,15,-18,17,-17,17,-17,18,-18,19,-17,20,-16,21,-15,22,-14,20,-13,18,-10,18,-9,18,-8,17,-7,16,-7,16,-6,17,-5,16,-5,16,-4,17,-3,17,-4,16,-4,16,-2,16,0,15,0,14,0,11,0]"
CSI_DATA,264216,d8:b1:90:d9:de:f0,-66,11,-99,-37,68,56,-444691569,100,0,114,0,"[21,24,22,28,23,31,22,32,22,33,22,31,20,31,18,30,17,26,17,26,16,23,15,23,15,22,16,22,17,21,18,22,17,21,19,20,20,20,20,18,19,18,20,18,20,17,20,15,20,14,20,14,19,13,20,11,0,0,21,12,20,12,21,12,22,13,22,13,22,14,22,14,22,15,22,14,21,13,20,14,18,14,17,13,15,13,15,11,14,11,13,11,13,10,14,10,12,10,13,10,13,11,13,11,14,11,13,10,12,9,10,9,9,8]"
CSI_DATA,264217,d8:b1:90:d9:de:f0,-66,11,-99,-35,68,56,-444671408,100,0,114,0,"[-3,-29,-2,-32,-1,-35,0,-35,0,-36,0,-35,0,-33,0,-32,0,-30,0,-28,0,-26,0,-26,-1,-26,-2,-25,-4,-26,-4,-26,-5,-25,-6,-25,-6,-25,-6,-24,-7,-24,-8,-24,-8,-24,-9,-22,-9,-23,-9,-21,-10,-19,-10,-19,0,0,-12,-19,-12,-19,-12,-20,-12,-21,-12,-22,-12,-23,-12,-23,-12,-23,-12,-22,-11,-22,-12,-20,-11,-19,-10,-18,-8,-17,-8,-15,-7,-15,-7,-14,-7,-14,-8,-13,-7,-14,-8,-13,-8,-15,-9,-15,-8,-14,-7,-12,-6,-12,-6,-12,-4,-10]"
CSI_DATA,264218,d8:b1:90:d9:de:f0,-66,11,-99,-37,68,56,-444661421,100,0,114,0,"[-13,-27,-14,-31,-13,-34,-12,-36,-11,-37,-10,-36,-9,-34,-7,-32,-6,-31,-6,-30,-4,-28,-4,-28,-5,-28,-5,-27,-5,-27,-6,-28,-6,-26,-6,-27,-6,-27,-7,-26,-7,-27,-8,-25,-7,-25,-8,-25,-7,-24,-7,-23,-8,-23,-6,-22,0,0,-8,-23,-7,-23,-5,-25,-7,-26,-6,-25,-5,-27,-4,-28,-3,-28,-1,-27,-2,-26,0,-25,0,-23,0,-22,0,-21,0,-20,1,-17,0,-18,1,-16,0,-17,1,-16,0,-17,3,-18,1,-17,2,-17,3,-15,4,-14,4,-13,3,-11]"
CSI_DATA,264219,d8:b1:90:d9:de:f0,-66,11,-99,-36,68,56,-444651401,100,0,114,0,"[0,31,0,33,-1,34,-2,34,-2,36,-2,33,-2,34,-1,30,-1,29,-1,28,0,26,0,26,0,26,1,26,3,25,2,25,5,25,6,27,6,25,8,25,8,24,9,24,8,23,10,21,11,21,12,21,11,20,12,18,0,0,13,17,14,19,14,18,16,20,16,20,16,22,16,21,16,22,16,20,16,20,15,19,15,18,13,16,12,16,11,16,11,14,11,14,10,12,10,12,10,11,10,10,11,13,12,13,12,12,11,10,10,9,9,10,9,8]"
CSI_DATA,264220,d8:b1:90:d9:de:f0,-67,11,-99,-35,68,56,-444631653,100,0,114,0,"[24,17,25,19,25,23,24,25,24,27,22,28,19,26,18,27,16,25,14,24,14,23,12,23,12,22,12,23,12,21,12,21,12,22,12,22,13,22,12,22,12,22,13,22,12,21,12,21,11,20,12,20,10,19,11,19,0,0,11,21,10,21,9,21,9,21,9,24,7,25,6,25,5,25,4,24,3,24,2,23,0,22,0,20,0,19,0,18,0,17,-1,16,0,16,0,15,-2,16,-2,16,-2,16,-3,16,-4,15,-3,12,-2,12,-4,12,-4,10]"
CSI_DATA,264221,d8:b1:90:d9:de:f0,-66,11,-99,-36,68,56,-444619343,100,0,114,0,"[-8,28,-9,30,-11,32,-12,32,-13,34,-12,32,-12,31,-12,29,-9,28,-9,28,-8,25,-8,26,-7,25,-5,25,-4,25,-4,25,-1,25,-2,26,0,25,0,25,1,25,2,26,3,24,4,24,5,23,4,24,5,23,6,22,0,0,8,22,7,23,8,23,8,23,10,24,9,25,9,24,10,25,9,24,8,24,8,22,8,21,8,21,8,19,6,16,6,16,7,16,7,15,8,15,7,16,8,15,8,15,8,15,8,15,6,13,7,12,7,12,5,9]"
CSI_DATA,264222,d8:b1:90:d9:de:f0,-66,11,-99,-35,68,56,-444601731,100,0,114,0,"[25,-16,26,-18,30,-19,32,-17,32,-15,30,-16,30,-14,27,-14,25,-13,25,-13,24,-12,21,-13,21,-14,20,-15,19,-16,19,-17,19,-16,18,-17,18,-18,17,-18,16,-19,15,-19,15,-19,12,-19,12,-20,10,-19,11,-20,11,-21,0,0,12,-20,9,-22,9,-22,9,-23,10,-22,10,-24,10,-24,11,-23,12,-24,10,-23,8,-22,8,-21,8,-21,9,-19,9,-17,7,-16,6,-15,6,-15,6,-16,6,-16,6,-15,5,-17,3,-16,4,-15,5,-15,4,-13,3,-11,2,-11]"
CSI_DATA,264223,d8:b1:90:d9:de:f0,-66,11,-99,-35,68,56,-444591606,100,0,114,0,"[29,5,31,7,32,11,33,11,32,12,30,13,29,13,26,13,25,12,25,11,24,11,23,11,22,11,23,11,22,11,22,10,23,10,24,10,25,10,24,7,25,9,25,8,23,7,24,8,22,6,21,8,21,8,19,6,0,0,22,5,20,8,21,7,23,7,22,9,24,11,23,11,23,11,21,12,22,12,21,12,19,12,17,11,16,11,15,11,15,10,13,11,12,10,13,10,12,10,13,9,12,11,12,11,12,10,12,9,11,9,8,8,6,7]"
CSI_DATA,264224,d8:b1:90:d9:de:f0,-66,11,-99,-35,68,56,-444571636,100,0,114,0,"[19,21,21,25,22,27,21,29,19,29,19,29,18,28,16,26,15,25,15,25,13,22,13,22,12,21,13,21,14,21,15,21,17,22,15,21,16,20,16,19,17,20,17,20,18,19,18,17,16,16,16,16,15,15,17,15,0,0,19,15,16,15,18,17,18,16,19,18,18,19,19,19,18,19,18,19,17,19,15,18,14,19,12,18,12,16,11,14,11,15,10,13,10,12,10,12,9,13,10,12,10,14,10,13,9,13,9,11,8,10,6,10,6,8]"
CSI_DATA,264225,d8:b1:90:d9:de:f0,-67,11,-99,-37,69,56,-444561621,100,0,114,0,"[0,26,-1,29,-2,32,-5,33,-7,32,-8,31,-8,28,-9,26,-9,26,-8,23,-10,23,-8,22,-10,22,-9,21,-9,20,-9,21,-9,22,-10,22,-11,22,-10,22,-11,22,-9,22,-9,21,-9,21,-9,20,-9,19,-9,19,-8,19,0,0,-12,19,-11,19,-13,19,-13,20,-13,19,-15,19,-16,18,-17,17,-18,17,-18,16,-17,13,-17,13,-17,12,-15,11,-17,8,-15,8,-14,8,-15,7,-14,7,-14,7,-15,6,-14,6,-13,7,-14,5,-14,4,-13,4,-12,4,-10,4]"
CSI_DATA,264226,d8:b1:90:d9:de:f0,-67,11,-99,-34,68,56,-444541178,100,0,114,0,"[27,-4,30,-5,33,-5,35,-5,33,-4,34,-5,30,-3,30,-4,27,-5,27,-5,25,-5,23,-6,23,-8,23,-9,22,-10,22,-12,21,-12,21,-12,21,-13,20,-14,19,-16,18,-15,17,-16,17,-16,15,-16,13,-16,12,-16,11,-17,0,0,12,-20,12,-19,11,-22,11,-21,10,-23,11,-23,10,-23,10,-23,11,-22,10,-21,10,-21,8,-21,7,-21,8,-19,7,-17,7,-16,5,-15,5,-16,4,-15,4,-15,3,-16,2,-16,0,-16,2,-16,2,-15,1,-15,0,-12,0,-11]"
CSI_DATA,264227,d8:b1:90:d9:de:f0,-67,11,-99,-35,69,56,-444518854,100,0,114,0,"[25,-6,27,-6,30,-4,32,-3,32,-3,31,-1,29,0,28,0,26,0,25,0,23,0,23,0,22,0,21,0,22,0,21,-2,23,-1,23,-1,23,-2,23,-2,23,-2,23,-3,21,-1,21,-2,22,-3,20,-2,21,-2,20,-2,0,0,20,-3,21,-3,20,-3,21,-1,22,-1,23,0,23,0,22,0,23,0,21,0,21,0,19,1,18,1,17,2,17,2,17,3,16,3,16,3,16,3,16,2,16,2,16,3,14,2,15,3,16,3,14,3,13,3,10,2]"
CSI_DATA,264228,d8:b1:90:d9:de:f0,-67,11,-99,-34,68,56,-444501648,100,0,114,0,"[27,-5,30,-5,32,-3,32,-1,33,-1,32,0,31,0,30,0,28,0,27,0,25,0,25,0,25,0,25,0,24,-1,23,0,24,-1,25,-2,24,-2,24,-1,25,-3,24,-3,23,-2,22,-5,23,-4,22,-4,21,-5,21,-4,0,0,22,-3,21,-5,22,-5,23,-4,25,-5,26,-2,25,-4,26,-2,26,-3,26,-2,25,-2,22,-1,21,0,20,0,21,0,19,0,18,0,18,0,18,0,17,-1,19,0,16,0,16,0,17,0,16,0,15,0,14,0,11,0]"
CSI_DATA,264229,d8:b1:90:d9:de:f0,-67,11,-99,-37,69,56,-444491618,100,0,114,0,"[22,15,25,16,26,17,26,18,26,18,26,18,25,18,24,17,23,14,22,13,20,12,21,11,22,10,21,8,22,8,22,7,22,6,23,5,24,4,23,4,23,3,24,1,22,1,22,0,22,0,22,-1,20,-3,21,-4,0,0,22,-4,21,-5,22,-5,22,-6,23,-6,22,-7,23,-8,22,-6,22,-8,22,-8,22,-8,21,-8,19,-7,19,-7,17,-7,17,-8,16,-7,16,-8,15,-8,13,-8,15,-9,13,-8,13,-9,14,-10,13,-10,12,-9,10,-8,8,-8]"
CSI_DATA,264230,d8:b1:90:d9:de:f0,-67,11,-99,-34,68,56,-444471551,100,0,114,0,"[26,12,26,15,28,18,27,20,27,21,26,22,23,21,21,21,20,20,17,20,17,18,16,19,16,19,15,18,16,18,16,18,16,18,15,19,17,19,15,17,16,18,16,18,15,17,15,18,14,16,15,17,14,17,14,15,0,0,15,15,12,18,14,18,14,19,14,22,12,22,11,22,11,25,11,24,10,23,10,24,6,23,6,21,5,20,5,20,5,18,4,18,3,17,3,16,1,17,2,18,3,18,2,19,2,19,1,15,1,15,0,15,0,13]"
CSI_DATA,264231,d8:b1:90:d9:de:f0,-67,11,-99,-34,68,56,-444451641,100,0,114,0,"[-16,21,-20,23,-21,24,-24,23,-25,22,-25,21,-24,19,-24,17,-22,16,-21,15,-20,14,-20,14,-20,14,-19,14,-19,15,-18,15,-18,15,-19,15,-19,15,-19,15,-19,15,-19,15,-18,14,-15,15,-16,14,-16,12,-16,14,-16,14,0,0,-16,15,-17,14,-17,14,-18,14,-19,14,-21,14,-21,13,-21,13,-22,11,-21,12,-21,10,-19,10,-20,9,-18,9,-18,7,-18,5,-16,5,-17,5,-17,5,-16,6,-17,5,-17,6,-15,5,-17,5,-16,5,-16,5,-13,4,-12,3]"
CSI_DATA,264232,d8:b1:90:d9:de:f0,-67,11,-99,-37,69,56,-444441643,100,0,114,0,"[25,-7,28,-8,31,-8,31,-8,31,-7,31,-8,28,-6,28,-7,26,-7,25,-8,23,-8,22,-8,22,-8,22,-8,21,-10,21,-10,20,-12,19,-11,21,-12,17,-13,18,-13,17,-15,17,-14,15,-15,15,-15,14,-15,15,-15,14,-17,0,0,13,-17,13,-17,13,-17,14,-17,13,-20,13,-20,15,-20,14,-20,15,-20,13,-20,15,-19,13,-18,12,-17,11,-17,11,-16,12,-16,9,-15,8,-16,8,-16,8,-16,8,-16,8,-16,6,-16,7,-17,8,-17,6,-15,4,-13,4,-11]"
CSI_DATA,264233,d8:b1:90:d9:de:f0,-67,11,-99,-36,69,56,-444431618,100,0,114,0,"[-8,-25,-7,-28,-7,-31,-7,-31,-7,-31,-5,-30,-3,-30,-3,-27,-3,-27,-2,-25,-3,-23,-3,-23,-2,-21,-3,-22,-3,-22,-3,-22,-4,-22,-3,-22,-4,-23,-5,-21,-5,-22,-5,-21,-4,-20,-6,-20,-5,-19,-5,-19,-6,-18,-5,-19,0,0,-7,-20,-6,-20,-6,-21,-6,-23,-5,-22,-5,-24,-4,-24,-3,-25,-3,-24,-3,-24,-3,-23,-1,-23,-2,-22,-1,-21,-1,-19,0,-19,-1,-18,0,-17,-1,-17,-1,-18,0,-18,-1,-19,-1,-19,-1,-18,0,-16,0,-15,0,-15,0,-12]"
CSI_DATA,264234,d8:b1:90:d9:de:f0,-67,11,-99,-33,68,56,-444419141,100,0,114,0,"[26,7,29,8,30,12,30,13,29,13,28,14,26,15,24,14,23,14,22,14,20,13,18,13,18,13,18,13,17,13,19,13,19,13,17,13,20,13,19,12,18,13,18,13,17,14,17,13,17,13,16,12,16,11,16,12,0,0,16,13,17,14,17,15,16,14,17,18,16,17,17,19,15,20,14,21,13,20,13,20,11,19,10,19,9,19,8,17,7,17,6,17,7,15,6,17,5,17,6,17,6,17,5,17,5,17,6,16,4,16,4,14,3,13]"
CSI_DATA,264235,d8:b1:90:d9:de:f0,-67,11,-99,-36,69,56,-444401658,100,0,114,0,"[-2,-26,0,-29,1,-30,2,-30,4,-31,4,-30,6,-28,5,-27,5,-25,5,-24,5,-22,5,-22,6,-21,6,-20,6,-19,5,-19,5,-22,7,-20,6,-21,7,-21,6,-20,6,-21,6,-20,4,-19,6,-19,5,-18,6,-17,7,-16,0,0,6,-18,7,-18,7,-18,9,-19,9,-20,11,-20,11,-20,13,-20,13,-19,14,-19,14,-17,13,-15,13,-14,12,-13,13,-11,12,-11,12,-11,12,-10,13,-11,14,-11,14,-11,13,-11,13,-11,14,-11,14,-8,14,-9,12,-8,11,-7]"
CSI_DATA,264236,d8:b1:90:d9:de:f0,-68,11,-99,-35,69,56,-444391615,100,0,114,0,"[-21,15,-23,15,-26,16,-27,15,-26,15,-25,14,-26,13,-23,13,-22,12,-21,12,-20,11,-19,12,-18,12,-17,11,-16,12,-17,13,-16,14,-17,15,-16,14,-16,15,-15,15,-14,16,-13,16,-12,16,-13,15,-11,15,-12,15,-11,15,0,0,-10,16,-10,17,-11,17,-12,16,-11,17,-12,18,-13,18,-13,18,-13,18,-14,18,-13,16,-13,16,-13,16,-12,16,-11,15,-10,13,-10,14,-10,14,-10,14,-10,14,-10,15,-9,16,-8,15,-8,15,-10,14,-8,13,-7,13,-6,11]"
CSI_DATA,264237,d8:b1:90:d9:de:f0,-67,11,-99,-36,69,56,-444381334,100,0,114,0,"[-11,-23,-11,-26,-11,-28,-9,-29,-7,-31,-6,-29,-6,-29,-4,-27,-4,-25,-3,-25,-3,-23,-3,-23,-3,-22,-3,-21,-3,-20,-3,-19,-3,-22,-3,-22,-3,-21,-3,-21,-3,-22,-3,-21,-3,-20,-3,-19,-2,-20,-2,-20,-2,-19,-2,-18,0,0,-1,-20,-2,-20,0,-20,0,-22,0,-22,1,-23,1,-23,2,-23,3,-22,4,-22,4,-21,6,-22,6,-20,5,-19,6,-18,7,-17,7,-16,7,-16,6,-17,7,-15,7,-15,7,-17,7,-18,7,-16,7,-14,7,-14,7,-13,7,-11]"
CSI_DATA,264238,d8:b1:90:d9:de:f0,-67,11,-99,-36,69,56,-444361607,100,0,114,0,"[-3,-26,-2,-29,0,-30,0,-32,0,-32,2,-32,2,-30,3,-28,2,-27,3,-25,2,-23,2,-23,3,-22,2,-22,1,-22,0,-21,0,-22,0,-21,0,-22,0,-20,0,-22,0,-21,-1,-21,0,-19,0,-20,0,-19,0,-18,0,-19,0,0,-2,-19,0,-19,0,-21,0,-19,0,-22,0,-23,1,-23,2,-24,1,-23,3,-22,3,-22,3,-20,3,-20,3,-20,3,-18,4,-19,3,-18,4,-17,4,-18,5,-17,4,-17,4,-18,4,-18,4,-19,3,-17,5,-17,4,-15,3,-13]"
CSI_DATA,264239,d8:b1:90:d9:de:f0,-68,11,-99,-34,69,56,-444351617,100,0,114,0,"[24,8,26,8,28,9,29,10,29,10,28,9,26,9,25,8,23,7,23,6,22,5,21,4,20,2,20,2,20,1,21,0,21,0,21,0,21,-1,20,-1,20,-3,19,-3,19,-5,17,-5,18,-6,17,-5,16,-7,17,-6,0,0,17,-8,17,-8,17,-9,17,-8,17,-9,19,-9,19,-10,18,-10,20,-11,18,-11,17,-11,17,-10,16,-9,14,-10,14,-9,14,-10,14,-9,14,-11,14,-11,13,-11,13,-12,14,-12,12,-11,12,-14,12,-13,11,-12,10,-11,8,-9]"
CSI_DATA,264240,d8:b1:90:d9:de:f0,-67,11,-99,-36,69,56,-444341483,100,0,114,0,"[-3,-27,-3,-29,-1,-30,0,-31,0,-34,0,-31,0,-30,0,-28,0,-27,1,-25,0,-23,0,-23,0,-22,0,-22,0,-21,0,-21,-1,-22,-2,-23,-2,-21,-2,-21,-2,-22,-3,-22,-3,-20,-4,-19,-3,-18,-3,-19,-3,-19,-3,-19,0,0,-4,-17,-4,-20,-5,-19,-3,-20,-3,-21,-3,-22,-2,-22,-1,-23,-2,-22,0,-22,0,-22,0,-21,0,-19,0,-19,0,-18,0,-19,0,-18,0,-17,0,-17,0,-18,0,-19,0,-19,-1,-19,0,-19,0,-18,0,-16,0,-16,0,-14]"
CSI_DATA,264241,d8:b1:90:d9:de:f0,-67,11,-99,-36,69,56,-444329931,100,0,114,0,"[-15,22,-18,23,-19,24,-21,23,-23,25,-22,23,-22,22,-20,20,-18,19,-17,18,-16,17,-15,16,-15,17,-14,16,-14,17,-13,16,-12,16,-13,18,-12,18,-12,18,-11,17,-11,18,-10,17,-9,17,-9,17,-8,15,-7,15,-8,15,0,0,-8,17,-9,17,-7,17,-10,17,-9,18,-11,19,-11,19,-11,18,-11,18,-13,19,-12,17,-11,17,-11,16,-11,15,-11,15,-10,13,-11,14,-10,13,-11,13,-11,14,-10,15,-11,15,-10,15,-11,15,-11,15,-10,13,-10,13,-7,10]"
CSI_DATA,264242,d8:b1:90:d9:de:f0,-68,11,-99,-38,70,56,-444309892,100,0,114,0,"[-23,11,-26,11,-27,11,-28,11,-29,11,-27,11,-26,9,-24,8,-22,9,-21,8,-19,8,-18,8,-18,8,-17,8,-17,10,-17,10,-17,10,-17,11,-16,10,-16,11,-15,11,-14,13,-14,12,-13,12,-13,12,-11,11,-11,11,-11,12,0,0,-12,14,-12,14,-12,14,-14,13,-14,14,-14,15,-14,14,-15,14,-14,14,-16,15,-15,14,-14,12,-13,12,-13,11,-14,11,-11,10,-11,11,-11,11,-12,11,-12,11,-13,12,-12,11,-11,13,-12,13,-12,11,-11,11,-10,11,-9,9]"
CSI_DATA,264243,d8:b1:90:d9:de:f0,-67,11,-99,-35,69,56,-444291023,100,0,114,0,"[-25,12,-29,12,-32,11,-32,10,-33,9,-31,6,-30,6,-28,6,-27,5,-26,4,-23,3,-23,3,-23,3,-20,4,-21,3,-22,3,-22,5,-23,3,-21,4,-20,4,-20,4,-20,4,-20,4,-19,4,-18,3,-17,4,-17,3,-17,3,0,0,-19,4,-18,2,-19,3,-19,1,-19,2,-20,0,-20,0,-21,0,-22,-1,-23,-1,-20,-2,-20,-3,-19,-3,-17,-3,-18,-4,-16,-3,-16,-5,-16,-3,-16,-4,-17,-5,-18,-6,-17,-5,-16,-6,-16,-6,-17,-8,-16,-8,-13,-8,-13,-6]"
CSI_DATA,264244,d8:b1:90:d9:de:f0,-68,11,-99,-34,69,56,-444270592,100,0,114,0,"[2,29,0,31,0,32,0,33,-2,33,-3,32,-3,29,-4,28,-4,26,-3,25,-3,23,-3,21,-4,21,-3,20,-3,20,-2,20,-3,21,-2,21,-3,21,-2,20,-2,22,-1,21,-1,19,-1,18,-2,18,-1,17,-1,17,-2,18,0,0,-2,17,-2,17,-2,18,-4,17,-4,19,-5,20,-5,20,-6,20,-8,20,-8,18,-8,18,-8,17,-9,17,-9,15,-8,14,-8,14,-8,13,-9,12,-9,13,-11,13,-10,14,-11,14,-11,14,-11,14,-12,11,-11,11,-11,10,-11,9]"
CSI_DATA,264245,d8:b1:90:d9:de:f0,-68,11,-99,-34,69,56,-444251630,100,0,114,0,"[23,-17,25,-17,27,-18,28,-16,29,-17,26,-16,26,-15,24,-14,22,-13,21,-12,17,-12,18,-13,18,-13,17,-14,14,-14,15,-14,14,-14,15,-16,13,-17,13,-15,12,-17,11,-17,10,-16,8,-15,8,-16,8,-15,7,-16,7,-14,0,0,7,-14,6,-16,6,-17,7,-17,7,-20,8,-19,7,-20,8,-19,8,-18,10,-19,9,-17,8,-16,8,-14,7,-14,7,-14,8,-14,7,-14,8,-14,6,-14,8,-14,8,-15,6,-15,7,-16,7,-16,8,-15,8,-14,6,-14,6,-13]"
CSI_DATA,264246,d8:b1:90:d9:de:f0,-68,11,-99,-35,69,56,-444241611,100,0,114,0,"[4,28,3,32,1,33,0,34,0,34,0,33,-1,31,-1,29,-2,26,-3,24,-1,24,-2,23,-2,22,0,22,0,21,0,21,0,22,0,22,0,23,0,22,0,21,0,21,0,20,2,19,1,18,1,17,2,16,1,17,0,0,0,17,0,19,0,18,0,19,0,20,0,20,-1,20,-1,21,-2,20,-3,20,-3,20,-3,19,-4,19,-4,17,-4,16,-4,16,-3,16,-5,16,-4,15,-5,14,-6,15,-6,17,-6,17,-6,17,-7,15,-7,14,-7,14,-7,13]"
CSI_DATA,264247,d8:b1:90:d9:de:f0,-67,11,-99,-35,69,56,-444231434,100,0,114,0,"[29,-6,31,-5,33,-6,35,-5,35,-5,32,-5,31,-5,29,-4,26,-6,26,-5,23,-5,23,-6,21,-6,20,-7,20,-8,20,-9,20,-10,20,-10,20,-12,17,-11,17,-12,17,-11,14,-12,14,-13,14,-13,12,-13,12,-13,11,-13,0,0,12,-14,11,-14,11,-14,12,-15,11,-16,13,-16,13,-16,13,-16,13,-16,13,-16,12,-16,12,-14,10,-15,10,-13,11,-13,10,-13,10,-13,10,-13,10,-13,10,-13,10,-14,10,-13,9,-15,10,-15,11,-15,10,-14,9,-13,8,-11]"
CSI_DATA,264248,d8:b1:90:d9:de:f0,-67,11,-99,-37,69,56,-444210634,100,0,114,0,"[-16,26,-17,29,-21,30,-22,30,-22,30,-22,29,-21,26,-19,26,-17,23,-15,22,-14,22,-13,21,-12,21,-12,22,-9,22,-9,22,-8,22,-8,22,-8,22,-6,22,-6,22,-4,22,-4,22,-3,20,-3,19,-1,20,-1,18,0,17,0,0,-1,19,0,18,-1,19,0,21,0,21,0,21,0,22,-2,22,-1,22,-2,20,-1,21,-1,19,-1,19,-2,18,-2,17,-2,17,-1,17,-2,16,-2,16,-3,15,-2,17,-2,18,-1,18,-2,18,-3,18,-3,17,-4,17,-3,15]"
CSI_DATA,264249,d8:b1:90:d9:de:f0,-67,11,-99,-36,69,56,-444190907,100,0,114,0,"[-25,18,-27,19,-29,20,-29,19,-30,20,-27,19,-27,18,-24,17,-22,17,-21,17,-18,16,-18,18,-17,19,-15,18,-15,18,-13,19,-12,19,-13,19,-10,19,-9,19,-8,20,-7,21,-4,20,-4,19,-4,19,-3,19,-3,19,-2,17,0,0,0,17,0,19,0,19,0,18,0,19,1,19,2,19,0,20,0,19,0,20,1,19,1,19,0,18,0,16,1,16,0,15,1,15,1,15,1,15,2,15,2,15,3,16,5,17,3,16,0,16,2,14,2,15,1,13]"
CSI_DATA,264250,d8:b1:90:d9:de:f0,-67,11,-99,-36,69,56,-444171651,100,0,114,0,"[11,-28,13,-30,16,-31,18,-31,18,-32,17,-30,17,-27,18,-26,14,-23,15,-23,14,-21,13,-20,12,-20,11,-19,11,-19,11,-22,11,-21,11,-21,10,-22,8,-20,8,-21,7,-20,6,-20,6,-19,6,-19,5,-19,5,-17,5,-17,0,0,3,-17,5,-18,4,-19,4,-19,5,-19,6,-19,6,-19,7,-19,8,-19,8,-19,10,-18,8,-16,8,-14,9,-15,8,-13,8,-13,8,-13,9,-12,8,-13,10,-12,10,-13,10,-14,11,-13,11,-14,13,-13,12,-11,11,-11,11,-9]"
CSI_DATA,264251,d8:b1:90:d9:de:f0,-67,11,-99,-34,68,56,-444161628,100,0,114,0,"[-12,-31,-12,-34,-11,-35,-11,-36,-12,-37,-12,-35,-11,-34,-11,-31,-11,-27,-11,-26,-11,-25,-12,-24,-13,-22,-14,-20,-15,-21,-15,-19,-16,-19,-17,-18,-18,-16,-18,-15,-18,-14,-19,-13,-18,-12,-19,-10,-19,-10,-18,-9,-18,-7,-18,-5,0,0,-17,-5,-18,-4,-19,-3,-20,-4,-21,-4,-20,-5,-21,-4,-20,-5,-20,-4,-20,-4,-19,-4,-18,-5,-17,-4,-16,-3,-15,-3,-15,-3,-15,-2,-15,-2,-15,-1,-15,0,-17,0,-17,-2,-18,-2,-19,-2,-18,-1,-17,0,-16,-2,-13,-1]"
CSI_DATA,264252,d8:b1:90:d9:de:f0,-67,11,-99,-37,69,56,-444151610,100,0,114,0,"[28,13,31,15,31,17,31,18,31,20,30,19,29,18,26,17,24,15,23,14,22,13,22,13,22,12,22,12,22,12,22,10,22,9,23,9,23,8,22,7,22,7,22,7,21,6,20,4,21,4,19,4,18,3,19,3,0,0,18,3,18,2,19,0,20,1,21,3,20,2,21,3,21,4,20,3,19,3,19,4,17,5,16,4,15,4,15,3,14,4,13,4,13,4,14,4,15,4,16,5,14,6,16,7,16,7,16,6,15,5,13,7,9,6]"
CSI_DATA,264253,d8:b1:90:d9:de:f0,-67,11,-99,-38,69,56,-444141500,100,0,114,0,"[-31,-10,-31,-12,-32,-15,-32,-17,-33,-18,-31,-18,-28,-20,-26,-20,-25,-17,-21,-17,-21,-15,-20,-16,-20,-15,-20,-15,-19,-15,-19,-14,-19,-15,-20,-15,-19,-14,-19,-14,-19,-15,-20,-14,-17,-15,-17,-12,-16,-13,-15,-12,-15,-11,-15,-10,0,0,-15,-10,-15,-11,-15,-12,-15,-12,-15,-15,-15,-15,-15,-15,-13,-16,-13,-16,-11,-16,-10,-16,-8,-16,-7,-15,-6,-15,-5,-13,-6,-13,-5,-14,-5,-13,-5,-14,-3,-14,-3,-15,-2,-15,-1,-18,0,-17,-1,-15,0,-15,0,-15,1,-13]"
CSI_DATA,264254,d8:b1:90:d9:de:f0,-67,11,-99,-35,68,56,-444131148,100,0,114,0,"[19,26,20,32,19,35,19,37,16,35,17,34,14,32,13,31,13,29,12,27,12,24,12,24,13,23,14,23,13,23,15,23,16,21,15,21,16,21,15,19,17,19,16,19,17,18,16,17,15,14,16,13,15,12,15,12,0,0,16,11,16,12,18,12,16,12,17,13,17,13,18,12,16,14,15,14,15,12,14,13,13,13,12,13,12,12,11,12,9,12,9,12,10,10,10,11,9,12,11,12,9,12,10,13,11,13,9,12,9,13,6,13,5,12]"
CSI_DATA,264255,d8:b1:90:d9:de:f0,-67,11,-99,-33,68,56,-444110981,100,0,114,0,"[25,-18,28,-19,31,-20,31,-19,33,-18,31,-17,30,-17,27,-16,26,-16,24,-14,23,-13,22,-15,20,-14,20,-14,18,-15,18,-14,18,-16,18,-17,17,-17,17,-17,14,-17,13,-17,13,-17,12,-18,12,-17,9,-17,10,-17,9,-16,0,0,9,-18,8,-17,8,-17,8,-18,7,-17,8,-18,8,-17,9,-19,9,-17,9,-18,9,-17,9,-17,8,-15,8,-13,8,-13,8,-12,7,-12,7,-11,7,-12,9,-13,9,-13,8,-13,8,-13,9,-13,11,-13,10,-12,8,-11,9,-9]"
CSI_DATA,264256,d8:b1:90:d9:de:f0,-66,11,-99,-36,68,56,-444100952,100,0,114,0,"[10,-33,15,-34,16,-36,18,-36,21,-35,21,-33,21,-31,21,-29,19,-27,18,-25,17,-24,16,-24,16,-22,16,-21,15,-23,15,-22,15,-23,16,-22,15,-22,15,-21,14,-23,12,-23,11,-21,10,-20,11,-20,11,-18,8,-18,9,-18,0,0,9,-18,9,-18,10,-17,9,-16,11,-18,11,-17,10,-17,12,-16,13,-16,13,-16,13,-15,12,-12,13,-11,12,-10,11,-9,12,-8,11,-8,12,-7,11,-8,14,-8,14,-7,14,-7,13,-8,14,-5,15,-4,15,-3,14,-3,13,-2]"
CSI_DATA,264257,d8:b1:90:d9:de:f0,-66,11,-99,-36,68,56,-444081660,100,0,114,0,"[20,29,19,33,19,35,18,35,21,37,18,35,16,34,16,31,16,29,16,29,16,25,14,26,14,24,16,24,15,23,16,23,16,22,18,22,18,20,19,19,17,17,18,16,18,16,17,15,18,14,17,14,16,12,17,12,0,0,16,11,17,9,17,9,19,10,18,11,19,11,19,11,19,12,18,10,19,12,16,12,16,12,15,9,13,8,14,8,13,8,12,8,11,8,13,8,11,8,12,8,12,9,12,10,12,11,11,9,11,9,10,10,8,9]"
CSI_DATA,264258,d8:b1:90:d9:de:f0,-66,11,-99,-36,68,56,-444071015,100,0,114,0,"[22,-27,25,-28,28,-29,31,-25,32,-25,32,-23,32,-21,31,-17,29,-17,28,-16,25,-15,26,-14,24,-12,24,-13,24,-11,24,-12,24,-11,25,-11,24,-11,24,-12,24,-10,23,-11,21,-10,20,-10,22,-9,19,-8,19,-8,20,-8,0,0,18,-8,18,-7,19,-7,20,-7,19,-6,21,-5,21,-5,20,-4,20,-4,21,-2,20,-1,17,0,16,0,15,0,16,1,16,2,15,1,15,2,15,2,15,3,15,3,13,4,14,5,14,6,14,7,12,7,11,6,9,7]"
CSI_DATA,264259,d8:b1:90:d9:de:f0,-66,11,-99,-36,68,56,-444051647,100,0,114,0,"[4,-33,8,-37,9,-39,11,-39,12,-39,13,-37,14,-35,14,-33,13,-31,12,-29,11,-28,11,-26,9,-26,10,-25,8,-25,9,-25,8,-26,8,-24,8,-25,7,-25,7,-25,6,-25,6,-24,5,-24,4,-23,4,-22,4,-22,4,-21,0,0,1,-20,2,-21,3,-21,2,-21,2,-23,4,-23,4,-23,4,-23,5,-20,6,-19,5,-18,5,-17,4,-16,6,-16,5,-14,7,-14,5,-13,6,-13,6,-13,7,-12,6,-12,7,-13,6,-14,8,-13,8,-12,8,-11,8,-10,8,-8]"
CSI_DATA,264260,d8:b1:90:d9:de:f0,-66,11,-99,-38,68,56,-444041328,100,0,114,0,"[37,-3,41,-2,43,-1,45,0,45,0,44,0,40,0,38,0,36,0,34,0,33,-3,31,-2,31,-3,29,-5,29,-6,28,-7,28,-8,28,-8,28,-10,27,-11,25,-12,24,-13,23,-13,22,-14,22,-14,19,-14,18,-14,16,-14,0,0,16,-16,16,-15,15,-16,16,-17,16,-16,15,-16,15,-16,15,-16,14,-17,15,-17,14,-16,13,-14,12,-13,11,-12,12,-12,11,-11,10,-11,10,-11,10,-11,9,-12,11,-12,9,-12,9,-11,10,-12,12,-13,11,-12,8,-10,8,-9]"
CSI_DATA,264261,d8:b1:90:d9:de:f0,-66,11,-99,-35,67,56,-444021426,100,0,114,0,"[-16,-34,-16,-37,-15,-41,-9,-42,-9,-44,-6,-42,-3,-41,-1,-39,0,-36,0,-34,0,-32,0,-32,0,-31,0,-30,0,-30,0,-30,0,-29,0,-30,1,-30,0,-30,0,-28,1,-28,1,-27,0,-26,1,-26,0,-24,0,-24,0,-23,0,0,3,-22,1,-23,2,-22,3,-23,3,-23,5,-23,5,-23,6,-22,8,-22,8,-21,7,-19,8,-19,8,-17,9,-14,8,-14,9,-11,8,-11,9,-11,9,-11,10,-10,10,-10,11,-11,10,-12,11,-10,12,-9,11,-7,11,-8,10,-6]"
CSI_DATA,264262,d8:b1:90:d9:de:f0,-66,11,-99,-38,68,56,-444005129,100,0,114,0,"[35,-7,39,-5,42,-4,43,-1,43,0,41,0,40,1,37,1,35,0,33,0,31,1,31,0,30,0,29,0,30,0,28,0,29,-1,30,0,29,-1,29,-2,27,-3,27,-4,26,-4,25,-3,24,-3,23,-3,22,-3,24,-4,0,0,21,-6,21,-4,21,-4,21,-4,21,-5,21,-5,22,-5,22,-3,21,-3,22,-3,20,-2,19,-1,18,0,16,0,16,0,15,0,15,0,15,0,14,-1,14,0,15,0,15,0,14,0,14,0,16,0,14,0,12,1,10,1]"
CSI_DATA,264263,d8:b1:90:d9:de:f0,-66,11,-99,-35,67,56,-443991656,100,0,114,0,"[-19,-33,-19,-37,-19,-39,-19,-40,-16,-40,-16,-39,-15,-37,-13,-35,-14,-33,-14,-32,-14,-29,-14,-29,-15,-27,-15,-26,-16,-26,-18,-24,-19,-24,-18,-24,-19,-23,-20,-21,-20,-21,-21,-20,-21,-18,-21,-17,-21,-16,-21,-15,-21,-13,-20,-12,0,0,-23,-11,-21,-11,-22,-11,-22,-11,-23,-11,-23,-11,-23,-11,-22,-11,-22,-9,-22,-9,-19,-9,-19,-8,-17,-7,-16,-7,-14,-6,-13,-6,-13,-5,-13,-5,-13,-4,-13,-4,-14,-4,-13,-4,-14,-5,-15,-4,-15,-3,-14,-3,-12,-4,-11,-4]"
CSI_DATA,264264,d8:b1:90:d9:de:f0,-65,11,-99,-36,67,56,-443981455,100,0,114,0,"[-3,38,-5,42,-8,44,-11,44,-12,45,-14,42,-15,40,-15,37,-14,34,-14,32,-13,30,-13,30,-12,30,-11,29,-10,29,-9,29,-10,29,-11,30,-10,29,-9,29,-8,29,-8,29,-9,28,-6,28,-6,26,-5,26,-6,25,-5,25,0,0,-6,23,-5,24,-5,25,-7,24,-7,24,-8,25,-9,24,-8,25,-9,23,-10,22,-9,21,-8,20,-8,18,-8,16,-8,14,-8,14,-8,13,-8,11,-8,13,-9,12,-8,12,-8,14,-7,13,-8,14,-8,13,-7,11,-8,12,-8,12]"
CSI_DATA,264265,d8:b1:90:d9:de:f0,-66,11,-99,-35,67,56,-443961553,100,0,114,0,"[-15,34,-19,36,-22,38,-23,38,-25,37,-25,35,-24,34,-24,30,-21,29,-20,27,-20,26,-19,26,-17,25,-17,25,-17,24,-16,25,-14,25,-16,26,-14,26,-13,28,-13,27,-12,27,-11,25,-10,25,-10,25,-8,23,-8,23,-8,22,0,0,-8,24,-8,23,-8,22,-6,25,-7,24,-8,24,-8,24,-8,24,-9,22,-10,22,-8,21,-8,19,-7,18,-6,15,-7,14,-7,14,-6,13,-5,13,-5,12,-6,12,-6,12,-6,13,-5,13,-6,13,-7,13,-6,12,-5,13,-6,12]"
CSI_DATA,264266,d8:b1:90:d9:de:f0,-65,11,-99,-36,67,56,-443951381,100,0,114,0,"[11,-36,15,-39,15,-41,17,-42,17,-41,17,-40,17,-38,16,-37,14,-34,11,-33,10,-30,9,-32,8,-30,6,-30,5,-30,3,-31,1,-31,1,-30,0,-31,-2,-30,-3,-31,-5,-31,-6,-29,-7,-28,-7,-27,-8,-26,-9,-24,-10,-23,0,0,-11,-21,-11,-22,-12,-22,-12,-22,-14,-23,-15,-23,-14,-22,-15,-23,-14,-22,-14,-21,-14,-19,-13,-19,-13,-18,-11,-15,-10,-14,-10,-13,-10,-11,-9,-11,-11,-10,-11,-11,-11,-11,-13,-11,-14,-10,-14,-10,-12,-9,-13,-9,-12,-10,-11,-9]"
CSI_DATA,264267,d8:b1:90:d9:de:f0,-65,9,-99,-38,67,56,-443933581,487,0,106,0,"[-76,14,-80,15,116,14,-14,15,91,14,11,0,124,14,-11,15,-96,14,-34,15,-22,14,-49,15,44,15,-41,15,108,15,-11,15,-121,15,34,0,-88,15,65,0,-62,15,79,0,-29,15,67,0,15,0,59,0,0,0,0,0,-126,0,77,0,-60,0,127,0,-37,0,-81,0,-45,0,-29,0,-94,0,-15,0,109,0,-61,0,52,0,-129,0,31,0,68,0,30,0,22,0,37,0,-1,15,49,0,-12,15,43,0,4,0,28,0]"
CSI_DATA,264268,d8:b1:90:d9:de:f0,-66,11,-99,-36,67,56,-443921648,100,0,114,0,"[-10,-36,-9,-40,-8,-42,-8,-44,-6,-44,-7,-43,-4,-41,-4,-40,-6,-35,-6,-35,-5,-32,-6,-33,-6,-31,-8,-31,-9,-30,-9,-30,-11,-30,-11,-29,-13,-29,-12,-27,-14,-27,-16,-26,-15,-26,-17,-24,-16,-22,-15,-22,-15,-22,-17,-20,0,0,-18,-19,-17,-19,-18,-19,-18,-19,-17,-19,-18,-20,-18,-19,-19,-20,-18,-19,-17,-18,-16,-16,-15,-16,-14,-15,-14,-15,-12,-13,-11,-12,-11,-11,-10,-10,-11,-10,-11,-10,-12,-9,-12,-9,-14,-10,-13,-8,-13,-7,-12,-8,-12,-9,-11,-7]"
CSI_DATA,264269,d8:b1:90:d9:de:f0,-66,11,-99,-37,68,56,-443911540,100,0,114,0,"[33,6,36,8,39,11,39,14,38,15,37,17,34,18,33,17,28,16,26,15,25,14,25,14,25,13,25,13,24,13,25,13,25,13,24,13,26,13,24,11,26,12,25,11,24,11,24,11,23,10,22,10,23,9,22,7,0,0,22,11,21,9,22,11,22,11,22,11,21,12,21,12,21,13,21,13,20,13,19,12,16,12,14,12,14,11,12,11,12,11,11,10,11,10,11,10,10,10,11,10,11,11,10,11,11,9,12,8,11,9,9,9,9,7]"
CSI_DATA,264270,d8:b1:90:d9:de:f0,-66,11,-99,-34,67,56,-443891643,100,0,114,0,"[-12,-33,-11,-36,-9,-39,-8,-41,-7,-41,-6,-41,-3,-38,-2,-37,-3,-34,-2,-33,-1,-31,-1,-30,-2,-28,-2,-29,-2,-29,-4,-28,-5,-29,-5,-29,-6,-29,-6,-29,-8,-29,-7,-29,-8,-28,-8,-26,-8,-25,-8,-24,-9,-23,-8,-22,0,0,-8,-23,-8,-23,-8,-24,-8,-24,-9,-26,-7,-25,-6,-25,-7,-27,-5,-24,-4,-24,-4,-23,-4,-22,-3,-20,-2,-18,-2,-18,-2,-16,-2,-16,-1,-14,-2,-14,-1,-15,-2,-15,-2,-15,-3,-16,-3,-15,-4,-12,-3,-13,-3,-13,-3,-11]"
CSI_DATA,264271,d8:b1:90:d9:de:f0,-66,11,-99,-38,68,56,-443881628,100,0,114,0,"[32,11,35,14,37,16,39,17,37,17,37,17,34,16,34,15,32,12,32,11,29,10,28,9,28,7,28,6,28,4,28,3,30,1,30,1,30,0,29,0,30,-2,29,-3,28,-5,26,-7,25,-6,23,-7,22,-8,22,-10,0,0,24,-10,21,-10,22,-11,22,-12,22,-13,22,-13,21,-15,21,-14,21,-14,20,-14,19,-12,17,-13,17,-11,15,-12,15,-10,14,-10,12,-9,11,-10,11,-10,11,-12,11,-13,9,-12,8,-12,8,-12,8,-13,7,-12,4,-11,3,-9]"
CSI_DATA,264272,d8:b1:90:d9:de:f0,-66,11,-99,-35,67,56,-443871443,100,0,114,0,"[33,-13,36,-14,40,-12,40,-10,42,-10,40,-8,39,-7,36,-5,34,-6,34,-4,31,-4,31,-4,30,-6,29,-6,29,-6,29,-7,29,-7,30,-8,29,-8,29,-9,28,-10,28,-10,26,-9,25,-10,26,-11,23,-11,23,-10,24,-11,0,0,22,-11,24,-11,23,-11,24,-11,24,-11,25,-11,25,-9,25,-9,25,-9,25,-9,23,-9,20,-7,19,-7,18,-4,18,-5,17,-5,15,-5,16,-5,15,-4,15,-5,16,-4,14,-5,13,-5,14,-6,14,-6,14,-5,11,-6,8,-5]"
CSI_DATA,264273,d8:b1:90:d9:de:f0,-65,11,-99,-35,66,56,-443854214,277,0,106,0,"[-7,16,85,1,67,0,-139,1,114,0,-138,1,112,0,113,1,100,0,58,1,79,0,14,1,63,0,-37,0,73,0,-78,0,76,0,-138,0,67,0,90,0,55,0,33,0,39,0,-25,16,25,0,-86,16,0,0,0,0,16,0,78,16,22,0,14,16,42,0,-33,15,56,0,-50,15,55,0,-23,15,59,0,20,16,42,0,82,16,25,0,-137,16,10,0,-99,16,4,0,-63,16,11,0,-31,16,19,0,-6,16,30,0]"
CSI_DATA,264274,d8:b1:90:d9:de:f0,-65,11,-99,-35,67,56,-443841648,100,0,114,0,"[-34,2,-37,1,-40,-1,-40,-3,-41,-5,-39,-6,-38,-8,-35,-9,-33,-7,-33,-7,-30,-7,-29,-7,-29,-6,-28,-6,-28,-6,-28,-6,-29,-5,-29,-6,-29,-7,-30,-5,-29,-5,-29,-6,-28,-5,-27,-5,-27,-4,-26,-4,-25,-4,-26,-3,0,0,-25,-4,-26,-5,-25,-6,-27,-6,-27,-7,-27,-8,-28,-8,-26,-10,-25,-10,-26,-9,-23,-10,-20,-11,-20,-10,-18,-10,-17,-10,-16,-8,-15,-8,-15,-7,-15,-7,-14,-8,-14,-8,-13,-8,-13,-8,-13,-8,-13,-6,-12,-6,-10,-5,-8,-4]"
CSI_DATA,264275,d8:b1:90:d9:de:f0,-66,11,-99,-37,68,56,-443831531,100,0,114,0,"[-29,-13,-32,-16,-33,-16,-33,-20,-33,-19,-33,-20,-31,-19,-29,-19,-27,-16,-25,-16,-25,-14,-24,-13,-24,-12,-25,-11,-25,-11,-24,-10,-26,-10,-27,-9,-29,-8,-28,-6,-28,-6,-27,-5,-27,-3,-26,-3,-26,-1,-24,-2,-24,0,-25,0,0,0,-24,0,-23,0,-24,0,-26,0,-26,0,-26,0,-26,0,-26,0,-25,0,-25,0,-24,1,-22,0,-20,0,-19,0,-19,0,-18,1,-17,1,-16,2,-16,1,-15,2,-17,2,-15,2,-14,1,-15,2,-14,4,-12,3,-11,3,-11,3]"
CSI_DATA,264276,d8:b1:90:d9:de:f0,-65,11,-99,-35,67,56,-443821195,100,0,114,0,"[14,31,13,34,12,37,10,37,10,39,8,38,6,37,4,36,4,34,1,32,2,30,1,31,2,29,1,30,2,29,1,30,2,30,3,30,2,31,3,31,3,30,4,30,3,28,4,27,2,27,3,27,3,25,3,26,0,0,2,24,2,26,1,26,0,28,1,28,0,29,0,29,0,29,-1,28,-2,26,-3,25,-4,25,-4,22,-3,21,-3,19,-4,19,-3,17,-3,15,-3,16,-4,17,-4,15,-4,16,-4,17,-3,15,-5,13,-3,13,-3,12,-3,11]"
CSI_DATA,264277,d8:b1:90:d9:de:f0,-66,11,-99,-37,68,56,-443801649,100,0,114,0,"[29,-8,33,-8,35,-7,36,-5,37,-4,36,-3,35,-1,33,0,32,-1,31,0,29,-1,28,0,27,-2,27,-2,26,-2,27,-3,26,-3,28,-4,28,-5,27,-6,27,-6,26,-7,26,-6,24,-8,24,-8,22,-7,22,-7,23,-9,0,0,24,-8,23,-10,23,-8,25,-9,24,-9,27,-9,27,-8,25,-7,26,-6,26,-6,24,-6,22,-5,21,-5,21,-3,20,-4,19,-3,18,-3,16,-4,18,-3,17,-4,18,-3,17,-4,15,-3,15,-3,16,-4,14,-3,11,-3,10,-3]"
CSI_DATA,264278,d8:b1:90:d9:de:f0,-66,11,-99,-34,67,56,-443791562,100,0,114,0,"[-22,-21,-24,-25,-26,-26,-26,-29,-27,-28,-27,-28,-24,-27,-24,-25,-23,-21,-22,-22,-22,-19,-23,-19,-22,-17,-23,-16,-22,-15,-24,-14,-26,-14,-27,-12,-29,-11,-27,-9,-27,-7,-26,-6,-27,-6,-26,-3,-26,-3,-25,-1,-25,0,-25,0,0,0,-27,0,-24,2,-26,1,-27,3,-28,2,-28,2,-28,3,-29,2,-28,4,-28,4,-27,5,-24,4,-23,4,-22,5,-20,6,-18,5,-16,6,-16,7,-16,7,-16,8,-16,8,-16,9,-16,8,-16,8,-15,9,-13,8,-10,7,-8,7]"
CSI_DATA,264279,d8:b1:90:d9:de:f0,-65,9,-99,-37,67,56,-443775520,98,0,106,0,"[26,0,95,1,89,0,-126,1,120,0,124,1,115,0,72,1,110,0,20,1,109,0,-33,0,108,0,-67,0,123,0,-97,0,114,0,-130,0,84,0,103,0,52,0,52,0,8,0,-21,15,-24,15,-92,15,0,0,0,0,-22,15,32,15,-12,15,-22,14,3,0,-46,14,4,0,-49,14,-17,15,-27,14,-27,15,15,15,-49,15,63,15,-52,15,95,15,-39,15,128,15,-13,15,-108,15,18,0,-63,15,57,0,-12,15,65,0]"
CSI_DATA,264280,d8:b1:90:d9:de:f0,-66,11,-99,-37,68,56,-443761662,100,0,114,0,"[15,-27,17,-29,20,-31,22,-30,22,-31,20,-29,22,-28,19,-25,18,-25,18,-23,15,-22,16,-23,16,-24,13,-23,12,-22,11,-24,11,-23,11,-27,10,-26,11,-26,8,-26,7,-26,8,-25,4,-25,5,-25,4,-23,4,-23,3,-22,0,0,2,-24,2,-25,2,-25,2,-27,1,-26,2,-27,1,-27,3,-29,1,-28,3,-29,2,-28,1,-26,2,-23,1,-22,1,-21,0,-20,0,-20,0,-18,0,-19,0,-19,0,-19,0,-19,-1,-18,-1,-18,0,-16,0,-15,-1,-14,0,-11]"
CSI_DATA,264281,d8:b1:90:d9:de:f0,-66,11,-99,-37,68,56,-443741364,100,0,114,0,"[-30,4,-33,3,-35,2,-37,3,-35,1,-34,1,-33,1,-33,1,-31,2,-30,2,-27,2,-26,3,-27,3,-26,5,-26,6,-27,6,-25,7,-26,8,-27,8,-25,11,-24,11,-24,11,-22,11,-22,11,-21,12,-21,12,-20,13,-19,13,0,0,-20,15,-18,15,-21,16,-22,14,-22,16,-23,16,-22,17,-22,17,-23,16,-22,16,-21,17,-20,15,-18,14,-16,14,-16,13,-17,12,-14,12,-14,12,-15,13,-14,12,-14,12,-14,13,-12,13,-13,12,-13,13,-12,11,-9,11,-9,10]"
CSI_DATA,264282,d8:b1:90:d9:de:f0,-66,11,-99,-38,68,56,-443721543,100,0,114,0,"[11,-27,13,-30,15,-33,16,-33,16,-33,14,-33,15,-32,13,-30,10,-29,11,-27,8,-27,8,-27,6,-25,6,-26,3,-27,2,-26,1,-26,1,-28,0,-27,0,-26,-2,-26,-3,-27,-3,-27,-5,-25,-5,-24,-6,-23,-7,-23,-7,-23,0,0,-7,-22,-9,-24,-11,-23,-10,-24,-12,-24,-11,-25,-13,-26,-11,-25,-13,-23,-12,-23,-12,-23,-13,-23,-11,-20,-11,-20,-11,-18,-11,-17,-10,-17,-10,-16,-12,-16,-10,-15,-11,-15,-14,-16,-14,-15,-13,-14,-12,-12,-11,-11,-11,-12,-9,-8]"
CSI_DATA,264283,d8:b1:90:d9:de:f0,-66,11,-99,-35,68,56,-443694647,100,0,114,0,"[-22,15,-25,16,-27,18,-28,17,-29,16,-28,15,-26,14,-25,14,-24,13,-23,13,-21,12,-19,13,-20,15,-19,15,-19,15,-18,17,-17,16,-18,17,-17,18,-16,19,-16,19,-15,20,-13,19,-12,20,-12,19,-10,20,-10,19,-11,20,0,0,-9,19,-12,22,-10,22,-11,22,-11,23,-12,24,-12,25,-12,24,-12,22,-11,23,-11,21,-9,20,-9,20,-8,19,-10,18,-9,18,-7,17,-8,16,-8,17,-8,17,-8,18,-7,17,-6,17,-6,17,-8,16,-7,14,-6,13,-5,12]"
CSI_DATA,264284,d8:b1:90:d9:de:f0,-66,11,-99,-37,68,56,-443681633,100,0,114,0,"[30,11,30,15,31,16,31,18,32,18,29,19,28,20,25,18,23,19,22,18,22,17,21,17,22,16,22,16,21,15,22,14,22,15,24,15,23,14,23,13,22,13,23,13,22,13,22,12,22,12,22,11,21,11,20,11,0,0,22,11,21,12,20,12,22,14,23,14,22,16,22,19,22,19,21,18,21,18,20,17,17,18,15,16,14,16,14,16,13,15,12,15,13,14,12,15,11,15,11,16,11,16,11,17,11,16,11,16,9,14,8,14,6,11]"
CSI_DATA,264285,d8:b1:90:d9:de:f0,-66,11,-99,-37,68,56,-443671587,100,0,114,0,"[27,-10,31,-11,33,-11,35,-11,33,-9,33,-9,30,-9,30,-10,28,-9,27,-10,24,-10,23,-10,23,-11,22,-11,22,-13,22,-14,21,-14,22,-14,21,-15,20,-16,19,-18,18,-19,16,-18,15,-21,14,-18,13,-20,11,-19,13,-20,0,0,13,-19,12,-22,13,-22,12,-23,12,-24,13,-24,12,-24,13,-24,14,-23,14,-23,13,-22,11,-22,11,-21,11,-21,10,-18,11,-18,9,-17,10,-17,10,-17,9,-18,9,-18,8,-18,6,-18,8,-18,9,-16,8,-16,6,-14,6,-13]"
CSI_DATA,264286,d8:b1:90:d9:de:f0,-66,11,-99,-34,67,56,-443661460,100,0,114,0,"[16,28,16,30,16,33,15,33,16,34,14,33,12,33,12,30,10,28,9,28,10,25,10,26,9,23,10,23,11,23,10,24,12,24,12,25,13,24,13,24,14,23,14,23,13,23,14,22,13,22,14,20,14,20,13,18,0,0,14,20,14,21,15,21,15,23,16,24,15,26,14,25,13,26,12,24,12,26,10,24,8,25,9,24,7,21,7,20,6,19,5,18,6,18,5,17,5,18,5,19,4,19,5,19,3,19,3,17,2,16,2,16,0,15]"
CSI_DATA,264287,d8:b1:90:d9:de:f0,-66,11,-99,-33,67,56,-443641440,100,0,114,0,"[-26,18,-28,19,-30,20,-32,19,-33,18,-32,17,-30,15,-30,14,-27,14,-26,12,-22,12,-22,12,-22,13,-22,13,-21,13,-20,14,-21,15,-22,16,-22,17,-20,17,-20,17,-20,18,-18,18,-16,18,-16,19,-16,19,-15,18,-16,18,0,0,-15,18,-17,20,-16,21,-18,21,-17,21,-18,21,-20,22,-21,21,-22,20,-22,20,-20,19,-19,16,-17,15,-16,13,-16,13,-17,12,-16,12,-16,12,-15,12,-16,11,-16,11,-16,12,-14,11,-16,11,-17,11,-15,9,-13,9,-12,8]"
CSI_DATA,264288,d8:b1:90:d9:de:f0,-66,11,-99,-34,67,56,-443631420,100,0,114,0,"[6,-31,8,-34,12,-36,13,-35,15,-33,15,-33,16,-29,16,-29,15,-26,15,-24,14,-22,14,-22,13,-22,14,-22,12,-22,13,-22,12,-23,15,-22,14,-23,14,-23,13,-22,13,-23,13,-22,11,-22,12,-22,11,-22,12,-21,15,-21,0,0,13,-20,14,-21,15,-22,17,-21,16,-21,19,-21,19,-21,21,-21,22,-18,22,-18,21,-16,20,-15,19,-14,18,-12,19,-11,19,-9,18,-8,19,-8,18,-8,19,-7,18,-7,19,-6,18,-6,19,-4,20,-2,18,-2,16,-2,15,-1]"
CSI_DATA,264289,d8:b1:90:d9:de:f0,-66,11,-99,-37,68,56,-443621360,100,0,114,0,"[18,25,19,28,18,29,18,30,18,31,18,31,16,29,15,28,15,25,14,23,13,21,14,22,14,22,15,20,16,19,17,19,16,18,17,18,18,18,18,16,19,18,20,16,20,15,20,12,21,13,22,14,21,11,22,11,0,0,21,11,22,10,22,11,23,12,24,13,23,14,25,12,23,15,24,15,23,14,22,14,21,14,19,13,19,12,17,11,18,11,17,11,16,10,18,11,16,11,17,11,18,12,17,12,17,11,17,10,16,10,13,10,12,9]"
CSI_DATA,264290,d8:b1:90:d9:de:f0,-66,11,-99,-36,68,56,-443611298,100,0,114,0,"[-28,-7,-31,-8,-33,-10,-32,-13,-32,-14,-32,-15,-30,-15,-28,-14,-25,-14,-24,-14,-22,-12,-22,-12,-21,-11,-21,-11,-21,-11,-22,-11,-22,-11,-22,-10,-23,-10,-23,-9,-24,-10,-23,-10,-22,-8,-22,-9,-23,-9,-22,-8,-21,-8,-21,-8,0,0,-22,-9,-22,-10,-23,-11,-24,-12,-24,-13,-24,-14,-23,-15,-22,-16,-23,-16,-21,-16,-21,-16,-18,-17,-16,-16,-16,-16,-15,-15,-14,-16,-13,-15,-13,-15,-13,-16,-11,-16,-12,-16,-11,-16,-10,-17,-9,-17,-10,-16,-8,-16,-7,-15,-5,-13]"
CSI_DATA,264291,d8:b1:90:d9:de:f0,-64,11,-99,-32,67,56,-443598434,100,0,114,0,"[25,16,30,11,33,5,34,-3,36,-8,31,-16,22,-21,14,-24,8,-28,0,-25,-6,-25,-11,-20,-16,-15,-19,-10,-22,-3,-22,2,-20,7,-21,16,-14,21,-8,21,-2,23,6,24,10,20,19,17,18,12,19,5,21,0,20,-6,0,0,16,-18,9,-20,3,-23,0,-26,-8,-25,-13,-23,-19,-20,-23,-14,-26,-8,-26,0,-24,5,-23,9,-19,14,-13,18,-9,21,-3,20,1,18,7,16,11,16,15,11,19,8,18,4,22,0,20,-5,16,-10,12,-13,8,-11,5,-13]"
CSI_DATA,264292,d8:b1:90:d9:de:f0,-66,11,-99,-36,68,56,-443581557,100,0,114,0,"[-8,-29,-6,-32,-4,-35,-2,-36,-1,-36,-1,-33,0,-32,1,-31,0,-29,2,-26,2,-24,2,-24,3,-24,2,-24,2,-24,2,-23,2,-24,2,-24,2,-24,2,-24,2,-24,1,-23,2,-24,2,-23,2,-24,2,-23,2,-22,3,-21,0,0,5,-23,3,-23,5,-24,6,-24,7,-25,8,-25,9,-25,12,-25,11,-24,13,-24,13,-22,14,-21,14,-18,13,-17,15,-16,13,-15,13,-14,14,-14,13,-13,16,-12,16,-12,16,-12,16,-12,16,-11,16,-8,15,-8,15,-8,14,-7]"
CSI_DATA,264293,d8:b1:90:d9:de:f0,-66,11,-99,-36,68,56,-443571468,100,0,114,0,"[-24,17,-26,18,-29,17,-29,17,-31,16,-30,16,-29,15,-26,13,-24,14,-24,13,-22,12,-22,13,-21,12,-20,13,-19,14,-19,14,-18,14,-18,16,-18,16,-17,16,-17,16,-16,17,-16,17,-14,17,-15,18,-14,17,-13,18,-13,17,0,0,-13,19,-13,19,-14,20,-15,20,-14,20,-16,22,-16,20,-16,22,-16,20,-17,20,-16,19,-16,17,-16,16,-14,16,-15,15,-14,14,-13,14,-14,15,-13,14,-14,14,-15,14,-14,14,-14,14,-14,13,-15,12,-14,11,-12,11,-9,9]"
CSI_DATA,264294,d8:b1:90:d9:de:f0,-66,11,-99,-35,68,56,-443561398,100,0,114,0,"[22,19,24,21,24,25,23,26,20,26,19,27,18,26,15,25,15,24,13,23,13,22,12,21,12,20,12,20,12,20,13,20,12,20,12,20,13,20,12,20,13,20,13,20,13,19,13,19,13,19,12,19,12,19,12,19,0,0,12,19,12,20,12,20,12,21,11,24,11,25,10,25,8,25,7,25,7,24,6,24,5,25,3,23,3,22,2,21,1,20,0,19,0,19,0,19,0,19,0,19,0,21,-2,21,-3,19,-3,18,-3,17,-4,15,-4,13]"
CSI_DATA,264295,d8:b1:90:d9:de:f0,-66,11,-99,-37,68,56,-443551284,100,0,114,0,"[31,-3,34,-3,36,-2,37,-2,37,0,34,0,33,0,31,-1,29,-1,29,0,27,-2,26,-1,25,-2,25,-3,25,-4,25,-5,24,-6,25,-5,24,-7,24,-9,22,-9,23,-9,22,-11,22,-11,22,-11,19,-11,20,-11,19,-11,0,0,21,-13,20,-14,20,-12,22,-14,22,-14,23,-16,23,-16,22,-15,24,-14,24,-14,23,-13,22,-11,22,-11,20,-11,20,-10,19,-8,18,-9,17,-11,18,-10,18,-10,18,-11,17,-10,17,-10,18,-9,20,-9,17,-9,15,-7,13,-6]"
CSI_DATA,264296,d8:b1:90:d9:de:f0,-66,11,-99,-36,68,56,-443539649,100,0,114,0,"[-29,7,-32,6,-34,7,-34,6,-34,4,-32,4,-32,4,-30,3,-28,3,-28,3,-24,4,-24,3,-24,6,-24,7,-24,7,-23,7,-23,7,-24,8,-23,10,-22,11,-22,10,-21,11,-20,12,-18,12,-18,12,-17,12,-16,13,-16,13,0,0,-17,16,-18,14,-17,16,-18,16,-19,16,-20,16,-20,17,-21,16,-22,16,-22,16,-19,16,-19,14,-18,13,-18,12,-17,12,-16,12,-16,12,-16,11,-16,11,-16,10,-16,12,-15,12,-14,10,-16,10,-16,11,-16,11,-13,9,-12,8]"
CSI_DATA,264297,d8:b1:90:d9:de:f0,-67,11,-99,-35,68,56,-443521609,100,0,114,0,"[25,13,28,16,29,18,29,19,30,20,26,19,25,19,23,18,22,16,21,15,19,13,19,14,20,13,19,12,20,12,19,12,21,10,21,12,22,10,21,10,21,10,21,9,21,7,21,6,21,7,20,6,20,6,19,6,0,0,22,4,23,6,22,7,24,6,23,7,25,8,24,8,25,9,25,10,25,9,23,11,22,10,20,10,19,10,18,9,17,9,17,9,15,8,16,8,15,8,16,8,16,10,16,11,17,11,16,9,15,10,13,10,12,8]"
CSI_DATA,264298,d8:b1:90:d9:de:f0,-67,11,-99,-34,68,56,-443511609,100,0,114,0,"[-28,-11,-30,-14,-30,-16,-28,-19,-29,-19,-26,-20,-24,-21,-22,-20,-21,-18,-19,-18,-17,-16,-17,-18,-16,-16,-16,-16,-16,-17,-16,-15,-15,-16,-15,-16,-17,-16,-15,-16,-17,-17,-16,-15,-15,-16,-15,-15,-15,-15,-15,-15,-15,-15,-15,-14,0,0,-15,-15,-15,-15,-14,-17,-16,-20,-15,-20,-14,-21,-14,-21,-12,-23,-11,-22,-10,-23,-9,-23,-7,-22,-6,-21,-5,-18,-5,-19,-3,-19,-3,-19,-2,-16,-3,-17,-1,-18,0,-18,0,-19,0,-20,0,-20,0,-16,0,-16,1,-15,2,-15]"
CSI_DATA,264299,d8:b1:90:d9:de:f0,-66,11,-99,-35,68,56,-443501299,100,0,114,0,"[4,30,3,32,2,34,0,35,0,35,0,34,0,32,-1,30,0,29,0,26,0,25,0,25,0,24,0,24,2,24,2,23,4,24,3,23,4,23,5,22,5,24,6,24,6,23,6,21,6,20,6,20,7,19,8,19,0,0,7,19,8,20,8,22,8,23,8,25,7,25,8,25,7,25,6,25,6,25,7,25,6,23,5,21,4,20,4,20,4,19,4,19,3,18,3,19,2,18,2,19,2,19,4,19,2,19,1,18,1,17,2,18,1,14]"
CSI_DATA,264300,d8:b1:90:d9:de:f0,-67,11,-99,-35,68,56,-443481688,100,0,114,0,"[29,-9,32,-9,33,-8,34,-8,34,-7,34,-8,31,-7,31,-7,28,-7,25,-7,24,-7,23,-8,23,-8,21,-8,20,-11,20,-10,19,-12,21,-12,21,-13,19,-13,19,-15,18,-16,16,-15,15,-17,15,-16,13,-17,13,-15,12,-17,0,0,13,-18,12,-18,12,-19,12,-19,13,-20,13,-21,12,-21,13,-21,13,-20,14,-19,13,-19,13,-18,12,-17,12,-17,12,-15,11,-15,10,-15,11,-15,10,-15,10,-16,10,-16,9,-16,9,-16,9,-16,11,-16,9,-14,7,-13,7,-12]"
CSI_DATA,264301,d8:b1:90:d9:de:f0,-66,11,-99,-36,68,56,-443471558,100,0,114,0,"[-19,24,-22,26,-24,27,-25,26,-26,24,-26,24,-26,21,-24,20,-23,19,-22,18,-20,16,-20,16,-20,16,-18,17,-17,16,-18,17,-18,18,-18,16,-18,17,-17,17,-16,18,-16,18,-15,18,-15,17,-15,16,-13,16,-13,17,-14,17,0,0,-14,17,-14,16,-16,18,-16,18,-16,18,-19,19,-18,18,-17,17,-18,16,-19,16,-19,14,-19,15,-18,14,-17,12,-17,9,-16,9,-16,8,-16,8,-16,8,-17,8,-16,8,-16,8,-16,8,-17,8,-18,7,-18,7,-15,5,-14,5]"
CSI_DATA,264302,d8:b1:90:d9:de:f0,-67,11,-99,-35,68,56,-443461502,100,0,114,0,"[-21,-22,-22,-24,-23,-26,-24,-27,-22,-26,-23,-25,-21,-25,-21,-23,-20,-21,-20,-19,-18,-18,-19,-17,-19,-14,-19,-14,-20,-14,-19,-13,-21,-12,-20,-12,-22,-11,-22,-9,-23,-9,-23,-7,-22,-6,-22,-5,-22,-5,-21,-3,-20,-2,-22,0,0,0,-23,-1,-21,0,-22,0,-24,0,-24,0,-25,0,-25,0,-25,0,-25,0,-24,0,-24,0,-22,-1,-21,0,-21,0,-19,0,-19,0,-17,0,-17,0,-18,0,-18,0,-19,2,-19,0,-19,0,-20,0,-19,3,-18,2,-16,1,-13,0]"
CSI_DATA,264303,d8:b1:90:d9:de:f0,-67,11,-99,-35,68,56,-443441388,100,0,114,0,"[25,-14,26,-16,29,-17,30,-17,31,-16,30,-16,27,-14,26,-15,25,-15,24,-14,20,-15,19,-15,19,-16,18,-18,17,-18,15,-19,15,-19,13,-19,13,-20,12,-19,10,-21,10,-22,9,-21,6,-20,6,-20,5,-21,5,-20,4,-21,0,0,2,-22,2,-22,1,-23,1,-23,0,-25,1,-25,0,-25,1,-25,0,-24,0,-24,0,-23,0,-22,0,-21,0,-19,0,-19,0,-16,0,-16,0,-17,0,-18,0,-17,-1,-18,-2,-18,-4,-18,-2,-19,-2,-18,-1,-17,-3,-16,-2,-14]"
CSI_DATA,264304,d8:b1:90:d9:de:f0,-66,11,-99,-37,68,56,-443421392,100,0,114,0,"[27,-20,31,-18,33,-17,35,-17,37,-15,36,-13,35,-11,33,-10,30,-10,29,-8,27,-7,28,-8,26,-7,25,-7,25,-7,24,-7,25,-8,27,-7,26,-8,25,-8,25,-8,24,-9,24,-8,22,-8,22,-8,22,-8,21,-8,22,-8,0,0,22,-7,23,-7,22,-6,23,-6,23,-5,24,-4,24,-3,25,-2,25,-1,26,0,25,0,22,0,21,2,20,1,21,2,19,3,18,3,18,4,17,4,18,4,18,5,18,5,17,5,18,8,18,8,15,8,14,7,12,6]"
CSI_DATA,264305,d8:b1:90:d9:de:f0,-65,11,-99,-38,67,56,-443401639,100,0,228,0,"[25,-9,29,-7,32,-4,37,-1,39,1,39,3,39,4,-74,-1,34,4,30,4,28,4,26,3,24,3,20,3,18,4,15,4,14,5,12,7,11,7,9,8,8,8,-22,-10,6,5,4,4,3,3,1,1,-1,-1,-4,-2,0,0,-10,-3,-14,-4,-18,-4,-21,-3,-23,-2,-26,-1,-31,14,-27,2,-26,2,-25,2,-22,3,-18,1,-14,0,-12,0,-10,-1,-8,-3,-6,-4,-6,-5,-6,-5,-5,-6,-58,15,-5,-4,-5,-2,-4,0,-3,1,-2,4,-2,6,0,7,-11,-2,-13,8,-6,16,7,19,19,10,23,-4,13,-18,37,-18,-13,-16,-23,-3,-20,11,-7,23,11,24,26,8,25,-13,8,-29,-15,-26,-29,-7,-24,16,-4,28,15,20,31,10,15,-13,2,-16,-8,-12,-12,-4,-11,4,-6,10,0,0,9,6,11,-2,6,-8,-3,-9,-8,-3,-5,5,-25,5,5,-2,0,-8,-10,-4,-12,7,-2,15,12,12,19,-1,11,-16,-4,-19,-16,-8,-16,6,-5,15,7,13,8,-2,8,-5,2,-7,-2,-4,-1,-2,-1,-1,-2,-3,-3,-1]"
CSI_DATA,264306,d8:b1:90:d9:de:f0,-66,11,-99,-36,68,56,-443385571,100,0,114,0,"[-11,-30,-11,-32,-11,-35,-11,-36,-11,-36,-11,-34,-8,-33,-8,-32,-10,-29,-10,-28,-9,-26,-11,-24,-11,-24,-12,-24,-13,-22,-14,-22,-15,-21,-16,-20,-17,-20,-17,-19,-18,-18,-20,-17,-19,-16,-20,-14,-19,-15,-19,-13,-19,-12,-20,-10,0,0,-19,-8,-19,-8,-21,-8,-24,-10,-23,-9,-24,-9,-23,-9,-23,-10,-23,-9,-22,-9,-22,-9,-20,-9,-18,-8,-16,-7,-17,-7,-16,-7,-15,-6,-16,-5,-15,-5,-16,-5,-16,-5,-16,-5,-17,-6,-17,-6,-17,-3,-16,-4,-14,-4,-11,-3]"
CSI_DATA,264307,d8:b1:90:d9:de:f0,-66,11,-99,-36,68,56,-443359087,100,0,114,0,"[12,-27,15,-30,17,-32,18,-32,17,-32,17,-32,16,-29,16,-28,15,-26,13,-25,12,-24,10,-23,10,-24,8,-23,8,-24,7,-24,6,-26,5,-26,5,-26,2,-25,0,-26,0,-26,0,-24,-1,-24,-1,-24,-2,-23,-3,-22,-3,-22,0,0,-6,-20,-6,-22,-6,-22,-6,-23,-7,-24,-8,-24,-7,-24,-8,-25,-5,-24,-6,-23,-6,-24,-6,-22,-5,-20,-5,-19,-4,-17,-4,-16,-4,-16,-4,-15,-4,-16,-4,-16,-5,-16,-6,-16,-7,-16,-6,-17,-5,-16,-5,-16,-4,-14,-3,-12]"
CSI_DATA,264308,d8:b1:90:d9:de:f0,-66,11,-99,-37,68,56,-443348023,100,0,114,0,"[-9,32,-12,34,-16,35,-18,35,-20,34,-22,32,-22,30,-22,27,-19,25,-20,23,-18,22,-17,22,-19,22,-18,20,-18,20,-18,20,-18,20,-19,20,-19,20,-18,20,-19,21,-18,21,-17,19,-15,19,-16,19,-16,19,-15,17,-16,18,0,0,-16,15,-17,16,-18,16,-19,16,-19,16,-21,15,-21,15,-21,13,-22,12,-22,11,-22,10,-20,8,-19,8,-18,6,-18,4,-17,4,-17,3,-18,3,-18,2,-17,1,-18,1,-18,2,-16,0,-18,0,-18,-1,-17,0,-14,-1,-13,-1]"
CSI_DATA,264309,d8:b1:90:d9:de:f0,-66,11,-99,-37,68,56,-443331324,100,0,114,0,"[-21,26,-23,26,-27,27,-28,26,-30,25,-29,24,-29,22,-29,20,-26,20,-24,17,-22,17,-22,16,-23,16,-22,15,-21,15,-21,17,-21,17,-22,17,-22,18,-21,19,-21,18,-20,19,-19,18,-17,19,-18,17,-17,17,-15,16,-17,16,0,0,-15,17,-17,16,-17,17,-18,17,-18,17,-20,17,-19,16,-21,16,-20,15,-21,14,-21,13,-18,12,-19,11,-17,9,-17,8,-17,8,-16,7,-17,7,-16,7,-16,7,-18,6,-16,6,-15,6,-18,5,-18,4,-16,3,-14,4,-12,2]"
CSI_DATA,264310,d8:b1:90:d9:de:f0,-66,11,-99,-38,68,56,-443311640,100,0,114,0,"[-30,12,-33,12,-35,11,-38,10,-38,10,-37,9,-35,6,-33,6,-32,6,-31,6,-29,6,-28,6,-29,6,-27,7,-26,8,-25,9,-26,9,-27,10,-28,11,-25,10,-26,12,-24,13,-24,11,-23,13,-21,13,-20,13,-19,14,-20,14,0,0,-20,14,-19,14,-19,13,-18,15,-18,15,-20,14,-22,14,-22,13,-20,12,-21,13,-20,13,-19,11,-17,12,-16,9,-17,8,-16,8,-15,8,-16,8,-16,8,-16,8,-16,7,-15,8,-14,7,-16,7,-17,7,-16,6,-12,5,-13,5]"
CSI_DATA,264311,d8:b1:90:d9:de:f0,-66,11,-99,-35,67,56,-443301531,100,0,114,0,"[24,-23,28,-24,32,-24,34,-22,34,-21,34,-18,34,-17,31,-14,31,-15,31,-13,28,-10,28,-10,28,-10,28,-9,28,-10,28,-9,28,-10,29,-10,28,-10,28,-11,27,-10,27,-10,26,-10,25,-10,25,-9,24,-8,23,-8,24,-8,0,0,23,-8,24,-7,23,-7,26,-7,25,-6,26,-5,26,-4,26,-3,27,-2,27,-2,25,0,23,0,22,0,20,0,20,1,18,1,18,1,18,1,18,2,18,3,18,4,16,3,16,4,17,6,16,7,14,6,13,6,11,5]"
CSI_DATA,264312,d8:b1:90:d9:de:f0,-65,11,-99,-36,67,56,-443291024,100,0,114,0,"[-33,-7,-37,-9,-39,-12,-39,-14,-38,-14,-37,-14,-35,-15,-33,-15,-31,-13,-30,-13,-28,-12,-27,-13,-27,-10,-27,-9,-29,-10,-27,-10,-30,-10,-30,-9,-30,-9,-29,-7,-30,-7,-29,-6,-29,-5,-27,-5,-27,-5,-26,-3,-27,-3,-26,-2,0,0,-28,-2,-25,-2,-26,-2,-28,-2,-28,-2,-27,-4,-28,-5,-28,-4,-27,-4,-28,-4,-27,-5,-23,-5,-24,-6,-21,-6,-20,-5,-19,-5,-18,-5,-18,-4,-19,-4,-18,-5,-18,-5,-19,-5,-18,-7,-18,-6,-19,-5,-18,-6,-14,-6,-12,-5]"
CSI_DATA,264313,d8:b1:90:d9:de:f0,-66,11,-99,-34,67,56,-443271643,100,0,114,0,"[23,-20,27,-21,30,-21,31,-21,33,-23,30,-22,30,-21,27,-19,26,-19,24,-18,22,-18,21,-18,22,-19,21,-20,19,-19,20,-22,17,-21,18,-23,16,-24,16,-24,14,-25,13,-25,12,-24,10,-24,10,-24,8,-23,8,-24,7,-24,0,0,6,-25,5,-24,5,-26,5,-26,3,-26,5,-28,3,-26,4,-28,4,-26,4,-27,4,-25,3,-25,3,-22,2,-21,3,-19,1,-18,1,-18,1,-17,2,-17,1,-16,1,-16,1,-18,0,-17,0,-18,1,-17,1,-15,0,-16,0,-13]"
CSI_DATA,264314,d8:b1:90:d9:de:f0,-66,11,-99,-34,67,56,-443250347,100,0,114,0,"[-25,-17,-26,-19,-27,-22,-28,-23,-28,-25,-27,-25,-25,-25,-23,-24,-21,-22,-21,-21,-19,-19,-20,-19,-19,-18,-19,-17,-21,-17,-21,-16,-23,-16,-23,-18,-24,-17,-24,-16,-23,-16,-24,-15,-23,-15,-23,-14,-24,-13,-23,-12,-23,-11,-22,-10,0,0,-24,-9,-22,-9,-23,-10,-25,-10,-25,-12,-25,-12,-27,-12,-26,-13,-24,-11,-24,-11,-23,-11,-21,-11,-20,-10,-18,-9,-17,-10,-17,-10,-16,-8,-16,-8,-16,-8,-15,-8,-16,-7,-16,-9,-16,-10,-17,-9,-16,-8,-15,-8,-12,-7,-10,-6]"
CSI_DATA,264315,d8:b1:90:d9:de:f0,-65,11,-99,-35,67,56,-443232228,100,0,114,0,"[-2,-31,0,-34,0,-37,1,-38,2,-37,3,-37,3,-35,5,-34,5,-32,6,-31,4,-29,5,-28,4,-29,4,-28,3,-28,4,-29,2,-29,3,-30,3,-31,3,-29,3,-30,2,-31,2,-29,1,-28,2,-28,0,-27,0,-27,1,-27,0,0,1,-26,0,-27,1,-27,1,-27,1,-28,3,-30,3,-28,4,-29,4,-27,5,-28,4,-26,4,-26,4,-24,5,-22,4,-20,5,-20,5,-19,6,-19,5,-18,6,-17,6,-17,6,-19,5,-19,5,-18,7,-16,6,-14,6,-13,5,-13]"
CSI_DATA,264316,d8:b1:90:d9:de:f0,-66,11,-99,-34,67,56,-443219684,100,0,114,0,"[5,31,3,33,2,36,0,36,0,38,-2,36,-3,35,-6,33,-6,32,-8,30,-7,29,-7,28,-7,27,-6,27,-6,27,-7,27,-7,27,-8,29,-8,29,-8,29,-9,28,-8,28,-9,27,-8,27,-9,27,-8,24,-7,24,-8,24,0,0,-10,23,-11,24,-11,23,-13,25,-12,25,-15,23,-14,23,-16,24,-16,24,-16,22,-16,20,-16,19,-15,17,-16,16,-16,14,-14,14,-15,13,-15,12,-15,11,-16,11,-16,11,-16,11,-16,10,-15,9,-16,7,-15,7,-14,6,-13,5]"
CSI_DATA,264317,d8:b1:90:d9:de:f0,-66,11,-99,-35,67,56,-443201527,100,0,114,0,"[-30,4,-33,3,-36,3,-37,1,-37,1,-37,1,-35,0,-34,1,-32,1,-31,1,-30,1,-29,3,-28,4,-29,6,-27,7,-29,7,-28,7,-28,9,-30,9,-28,10,-28,11,-27,12,-27,13,-24,13,-23,13,-21,14,-22,14,-21,16,0,0,-22,17,-20,16,-21,17,-21,18,-20,19,-22,19,-22,20,-22,18,-22,19,-21,19,-19,19,-17,18,-16,17,-17,16,-16,16,-15,15,-14,13,-12,15,-12,14,-13,15,-12,16,-12,15,-11,15,-11,14,-12,15,-10,13,-9,11,-6,10]"
CSI_DATA,264318,d8:b1:90:d9:de:f0,-65,11,-99,-35,67,56,-443189137,100,0,114,0,"[23,-19,27,-20,29,-20,31,-20,33,-21,32,-19,31,-17,30,-16,27,-16,26,-15,25,-14,25,-14,24,-15,24,-14,24,-16,23,-16,23,-17,23,-18,23,-18,23,-20,22,-19,22,-20,21,-20,20,-21,19,-19,19,-19,18,-18,18,-19,0,0,17,-20,17,-20,16,-21,17,-22,18,-22,18,-23,18,-21,20,-22,20,-22,20,-22,19,-21,16,-19,15,-17,14,-15,15,-16,14,-14,13,-14,13,-14,13,-14,13,-13,13,-14,13,-14,11,-14,12,-14,12,-12,12,-12,10,-11,8,-10]"
CSI_DATA,264319,d8:b1:90:d9:de:f0,-66,11,-99,-34,67,56,-443171649,100,0,114,0,"[-17,-23,-19,-27,-19,-29,-18,-31,-18,-32,-17,-30,-16,-30,-14,-28,-15,-27,-13,-26,-14,-25,-14,-25,-13,-24,-13,-24,-14,-24,-15,-24,-16,-24,-16,-23,-17,-23,-18,-23,-18,-23,-19,-23,-18,-23,-18,-21,-18,-20,-18,-20,-17,-20,-18,-18,0,0,-19,-18,-20,-18,-20,-19,-20,-18,-21,-19,-21,-19,-21,-20,-20,-21,-21,-19,-19,-19,-18,-19,-17,-19,-16,-18,-15,-16,-15,-14,-15,-15,-15,-14,-14,-13,-15,-13,-14,-12,-14,-12,-14,-13,-15,-14,-14,-13,-13,-11,-12,-11,-10,-11,-10,-9]"
CSI_DATA,264320,d8:b1:90:d9:de:f0,-65,11,-99,-36,67,56,-443161478,100,0,114,0,"[21,-23,24,-24,27,-24,30,-24,31,-21,30,-20,30,-17,29,-17,29,-14,28,-14,27,-13,27,-12,27,-12,27,-11,27,-12,28,-11,29,-11,30,-11,28,-12,29,-11,28,-11,29,-11,28,-10,27,-11,29,-10,27,-9,26,-8,27,-10,0,0,27,-8,27,-8,27,-8,29,-6,30,-6,29,-5,30,-5,30,-4,30,-4,30,-2,27,-1,26,0,24,1,24,1,22,2,23,2,21,2,21,2,20,3,20,3,21,3,20,3,19,4,20,5,21,5,18,6,15,5,12,5]"
CSI_DATA,264321,d8:b1:90:d9:de:f0,-65,11,-99,-35,67,56,-443141738,100,0,114,0,"[-27,12,-30,12,-34,13,-34,11,-34,10,-34,9,-33,7,-32,6,-32,6,-30,5,-28,5,-28,4,-28,4,-28,4,-27,4,-28,4,-28,5,-29,5,-29,6,-30,7,-29,6,-30,6,-29,5,-27,7,-29,7,-27,6,-26,7,-26,6,0,0,-28,6,-26,6,-27,6,-29,6,-29,5,-30,5,-30,4,-30,3,-30,4,-32,2,-28,3,-27,1,-25,0,-22,0,-22,0,-21,0,-20,0,-20,0,-20,0,-21,0,-21,0,-21,0,-20,0,-19,0,-20,0,-18,0,-15,0,-13,0]"
CSI_DATA,264322,d8:b1:90:d9:de:f0,-65,11,-99,-36,67,56,-443131633,100,0,114,0,"[28,-2,33,0,34,0,35,0,36,2,36,2,34,1,33,2,32,0,31,-1,29,-1,27,-2,28,-3,28,-2,28,-5,28,-5,28,-6,28,-6,29,-8,27,-9,29,-10,28,-11,27,-12,25,-12,25,-12,24,-13,23,-13,24,-14,0,0,22,-16,22,-16,24,-18,24,-18,24,-20,25,-21,25,-20,24,-20,24,-20,23,-21,23,-20,21,-18,20,-18,18,-17,17,-16,18,-15,14,-15,15,-16,14,-16,14,-16,13,-16,12,-16,12,-15,13,-17,13,-15,12,-15,10,-13,9,-13]"
CSI_DATA,264323,d8:b1:90:d9:de:f0,-65,11,-99,-35,67,56,-443121629,100,0,114,0,"[-26,-11,-28,-13,-29,-15,-30,-17,-29,-19,-29,-19,-27,-20,-24,-19,-24,-19,-23,-17,-21,-17,-21,-16,-22,-16,-22,-15,-23,-16,-23,-16,-24,-15,-24,-16,-24,-15,-24,-14,-24,-15,-25,-16,-24,-15,-24,-14,-24,-13,-23,-12,-23,-13,-22,-11,0,0,-25,-11,-24,-13,-26,-13,-27,-14,-26,-14,-26,-16,-26,-17,-26,-16,-26,-17,-24,-16,-24,-15,-23,-16,-21,-15,-19,-14,-19,-12,-17,-12,-17,-12,-16,-10,-16,-11,-15,-12,-16,-11,-16,-12,-15,-12,-17,-12,-16,-11,-14,-10,-12,-10,-12,-9]"
CSI_DATA,264324,d8:b1:90:d9:de:f0,-66,11,-99,-35,67,56,-443110718,100,0,114,0,"[-22,19,-25,19,-27,21,-28,21,-29,20,-28,19,-26,18,-26,17,-24,17,-23,16,-22,16,-20,16,-21,16,-21,17,-20,18,-20,18,-21,20,-21,20,-21,22,-20,22,-20,23,-18,23,-18,24,-17,23,-16,23,-15,22,-15,22,-15,23,0,0,-15,24,-13,24,-13,25,-14,24,-13,26,-13,27,-14,26,-15,28,-15,26,-15,26,-13,25,-12,25,-12,22,-11,21,-9,18,-10,18,-9,18,-9,18,-7,18,-9,18,-7,18,-7,18,-6,18,-8,19,-8,18,-7,17,-5,15,-5,14]"
CSI_DATA,264325,d8:b1:90:d9:de:f0,-66,11,-99,-34,67,56,-443091233,100,0,114,0,"[-24,11,-28,12,-30,13,-31,12,-32,13,-31,14,-29,12,-28,12,-25,12,-25,12,-22,12,-22,12,-23,14,-21,15,-20,16,-21,17,-20,18,-21,19,-20,21,-18,20,-20,22,-17,24,-16,23,-15,23,-15,22,-14,23,-12,23,-12,24,0,0,-10,23,-9,26,-9,27,-8,27,-8,28,-8,29,-7,28,-8,30,-7,30,-6,30,-5,27,-3,26,-3,24,-2,24,-2,22,-2,21,0,19,0,20,0,19,0,20,0,21,1,19,2,19,1,21,0,19,1,18,2,16,3,16]"
CSI_DATA,264326,d8:b1:90:d9:de:f0,-66,11,-99,-34,67,56,-443075095,100,0,114,0,"[25,11,27,12,29,14,28,15,29,16,28,16,27,17,24,16,24,16,22,16,22,14,21,15,21,15,21,14,22,14,22,14,23,13,24,14,24,13,26,14,26,13,26,14,25,13,24,12,25,12,24,10,22,11,24,9,0,0,25,10,24,11,25,11,26,12,26,12,26,14,27,13,27,15,26,14,25,14,25,14,23,15,22,13,20,13,19,11,18,10,18,11,17,9,18,9,17,9,18,10,18,9,18,11,18,10,17,8,16,8,14,9,12,8]"
CSI_DATA,264327,d8:b1:90:d9:de:f0,-65,9,-99,-36,67,56,-443064020,124,0,106,0,"[72,1,2,0,-124,1,-36,15,-122,1,-37,15,89,1,-24,15,20,1,-20,15,-42,0,-27,15,-84,0,-51,15,-111,0,-86,15,-109,0,-103,15,-114,0,-96,15,112,0,-50,15,51,0,6,0,-36,15,43,0,0,0,0,0,39,15,17,0,-40,14,-32,15,-59,14,-92,15,-39,14,-124,15,14,15,-128,15,79,15,-85,15,125,15,-37,15,-115,15,9,0,-110,15,30,0,-118,15,18,0,-100,15,-6,15,-67,15,-36,15,-14,15]"
CSI_DATA,264328,d8:b1:90:d9:de:f0,-67,11,-99,-34,68,56,-443051642,100,0,114,0,"[0,25,0,27,-2,30,-3,31,-4,29,-5,30,-5,27,-5,27,-5,26,-5,25,-5,23,-4,22,-5,23,-4,22,-4,22,-4,23,-3,25,-3,23,-4,26,-3,25,-2,26,-2,26,-1,26,0,25,-3,23,-1,24,-1,22,0,23,0,0,0,25,-2,23,-2,26,-2,25,-2,27,-3,27,-2,27,-3,28,-5,26,-3,25,-4,25,-3,24,-4,23,-4,23,-5,20,-5,20,-3,18,-4,18,-3,18,-5,18,-5,18,-4,19,-3,18,-4,19,-4,16,-4,15,-3,15,-3,14]"
CSI_DATA,264329,d8:b1:90:d9:de:f0,-66,11,-99,-33,67,56,-443040688,100,0,114,0,"[27,4,30,4,31,7,33,8,32,8,32,8,30,8,28,7,27,7,26,8,25,6,25,6,25,5,25,4,25,4,26,2,27,3,27,3,28,2,28,0,27,1,27,0,27,0,26,0,25,0,25,0,25,0,26,-2,0,0,25,-4,27,-3,27,-3,28,-3,30,-3,30,-3,29,-3,29,-3,30,-3,29,-4,26,-3,25,-1,25,-2,22,-2,22,-2,22,-2,20,-1,21,-3,20,-4,21,-4,21,-5,21,-4,20,-4,21,-4,20,-4,18,-4,15,-2,13,-3]"
CSI_DATA,264330,d8:b1:90:d9:de:f0,-65,11,-99,-35,67,56,-443021462,100,0,114,0,"[8,27,7,30,5,34,3,34,2,34,0,35,0,33,0,32,0,31,-1,29,-2,27,-1,26,-2,26,-2,27,-1,26,-2,27,-2,27,-4,28,-4,29,-4,29,-4,29,-5,29,-4,28,-4,28,-5,28,-5,27,-5,27,-6,27,0,0,-7,25,-7,28,-9,27,-9,27,-11,28,-11,29,-13,29,-13,28,-14,28,-15,26,-15,24,-14,24,-14,22,-14,20,-14,18,-14,17,-14,16,-14,16,-13,16,-15,16,-14,15,-15,16,-15,16,-15,16,-15,13,-14,11,-13,11,-11,9]"
CSI_DATA,264331,d8:b1:90:d9:de:f0,-65,11,-99,-36,67,56,-443010232,100,0,114,0,"[-22,19,-26,20,-30,20,-30,18,-32,18,-33,17,-31,15,-31,13,-28,14,-28,13,-26,12,-25,11,-26,11,-25,11,-25,10,-26,10,-26,10,-28,10,-29,12,-29,11,-29,11,-28,11,-27,11,-27,12,-26,11,-26,10,-26,10,-25,10,0,0,-26,11,-27,9,-28,10,-29,9,-30,8,-30,8,-30,8,-31,7,-30,5,-31,5,-30,5,-27,3,-26,3,-24,2,-25,1,-24,1,-22,1,-23,0,-22,1,-22,1,-23,1,-23,1,-22,0,-22,0,-23,-1,-20,0,-18,-1,-15,-1]"
CSI_DATA,264332,d8:b1:90:d9:de:f0,-65,11,-99,-36,67,56,-442991519,100,0,114,0,"[6,-29,8,-31,10,-34,10,-34,10,-36,11,-35,11,-33,10,-32,7,-30,8,-30,6,-27,6,-28,6,-29,5,-28,3,-29,3,-30,2,-29,1,-30,1,-30,-1,-30,-2,-32,-3,-32,-4,-30,-6,-30,-4,-29,-4,-28,-5,-29,-6,-27,0,0,-7,-28,-7,-28,-8,-29,-8,-28,-10,-29,-9,-30,-11,-29,-11,-32,-10,-30,-11,-29,-10,-29,-10,-27,-10,-25,-10,-24,-8,-23,-8,-21,-9,-21,-9,-21,-10,-19,-10,-19,-11,-18,-11,-19,-13,-19,-12,-20,-11,-17,-10,-16,-10,-16,-10,-14]"
CSI_DATA,264333,d8:b1:90:d9:de:f0,-65,11,-99,-36,67,56,-442971617,100,0,114,0,"[-29,9,-33,8,-35,6,-37,4,-37,3,-35,0,-35,-1,-32,-2,-31,-2,-29,-4,-27,-3,-27,-4,-28,-4,-28,-5,-29,-5,-28,-5,-28,-6,-30,-7,-29,-6,-30,-8,-29,-7,-29,-8,-29,-9,-28,-9,-27,-8,-26,-9,-25,-8,-26,-9,0,0,-25,-10,-26,-12,-26,-14,-26,-14,-26,-15,-27,-18,-26,-18,-24,-19,-25,-20,-24,-18,-23,-20,-21,-20,-19,-21,-17,-20,-16,-18,-15,-17,-15,-18,-14,-17,-13,-18,-12,-18,-12,-18,-11,-19,-11,-19,-12,-20,-11,-19,-10,-18,-7,-16,-6,-15]"
CSI_DATA,264334,d8:b1:90:d9:de:f0,-65,11,-99,-36,67,56,-442961638,100,0,114,0,"[19,24,20,27,21,29,20,31,20,32,19,31,17,30,15,28,15,27,15,26,15,24,14,25,15,24,15,23,16,24,17,24,18,22,19,25,20,23,20,24,20,25,21,23,20,23,21,22,19,22,19,21,20,20,20,20,0,0,20,19,21,20,22,20,22,20,21,21,23,22,23,23,24,24,23,23,23,22,21,21,20,22,19,20,18,19,18,18,16,18,16,17,15,15,17,15,16,15,16,15,17,16,16,16,17,16,15,14,15,14,13,13,11,11]"
CSI_DATA,264335,d8:b1:90:d9:de:f0,-66,11,-99,-34,67,56,-442951504,100,0,114,0,"[11,-25,14,-27,16,-30,19,-30,20,-27,20,-27,20,-25,21,-23,19,-20,19,-19,19,-18,17,-16,19,-18,18,-17,18,-18,20,-19,20,-20,21,-18,21,-19,21,-19,21,-18,21,-18,20,-17,21,-17,21,-16,19,-17,20,-16,21,-16,0,0,23,-15,21,-14,24,-16,24,-15,26,-14,27,-14,27,-12,29,-13,29,-11,28,-10,27,-10,25,-8,24,-8,23,-6,22,-5,22,-4,20,-4,21,-3,21,-2,20,-2,21,-1,21,-3,19,-2,21,-1,21,0,20,0,17,0,15,0]"
CSI_DATA,264336,d8:b1:90:d9:de:f0,-66,11,-99,-34,67,56,-442940467,100,0,114,0,"[-14,26,-16,27,-17,29,-20,28,-20,29,-20,27,-22,25,-20,24,-17,23,-18,20,-16,19,-18,19,-18,19,-17,19,-16,19,-16,19,-16,21,-18,22,-18,21,-20,22,-17,22,-16,22,-16,21,-15,20,-16,19,-16,18,-16,17,-16,18,0,0,-15,18,-17,20,-17,21,-19,20,-19,21,-20,22,-20,21,-21,21,-20,20,-23,19,-22,18,-20,17,-20,15,-18,14,-19,15,-17,12,-15,11,-16,12,-16,12,-18,12,-18,11,-16,13,-16,12,-17,12,-18,10,-16,8,-15,10,-14,9]"
CSI_DATA,264337,d8:b1:90:d9:de:f0,-66,11,-99,-38,68,56,-442921479,100,0,114,0,"[23,-14,27,-14,28,-16,30,-15,30,-15,30,-15,28,-13,27,-13,25,-13,24,-12,22,-13,21,-13,21,-13,21,-15,21,-14,19,-16,20,-16,21,-17,20,-18,19,-18,20,-19,19,-20,17,-20,16,-19,17,-21,16,-20,16,-21,15,-21,0,0,14,-22,13,-22,14,-23,15,-24,15,-26,15,-27,15,-26,15,-26,14,-26,14,-26,12,-24,12,-23,11,-22,10,-21,9,-20,9,-19,8,-18,8,-19,7,-19,7,-19,7,-19,6,-19,5,-19,4,-19,5,-19,4,-17,3,-16,2,-16]"
CSI_DATA,264338,d8:b1:90:d9:de:f0,-65,11,-99,-36,67,56,-442911197,100,0,114,0,"[-9,29,-11,31,-14,33,-16,32,-16,32,-17,30,-17,28,-17,26,-17,27,-16,24,-16,24,-16,23,-17,23,-16,23,-16,23,-16,23,-15,24,-16,25,-17,25,-16,26,-17,25,-16,27,-16,25,-14,25,-15,23,-15,23,-14,22,-15,23,0,0,-15,24,-16,24,-17,24,-18,25,-18,25,-19,26,-19,25,-22,26,-21,23,-22,24,-22,23,-20,21,-20,20,-20,17,-19,18,-17,16,-17,15,-17,15,-17,15,-16,14,-16,14,-17,15,-16,15,-17,14,-18,12,-16,11,-15,12,-14,10]"
CSI_DATA,264339,d8:b1:90:d9:de:f0,-65,9,-99,-34,66,56,-442892101,98,0,106,0,"[103,15,-23,14,8,15,-37,14,-20,14,-19,14,1,15,33,15,45,15,97,15,76,15,-106,15,96,15,-42,15,100,15,20,0,93,15,62,0,105,15,67,0,-130,15,38,0,-61,15,-9,15,27,0,-52,15,0,0,0,0,-52,0,-79,15,33,1,-68,15,87,1,-47,15,84,1,-26,15,24,1,-18,15,-59,0,-37,15,132,0,-60,15,76,0,-87,15,50,0,-105,15,46,0,-109,15,50,0,-96,15,64,0,-50,15,72,0]"
CSI_DATA,264340,d8:b1:90:d9:de:f0,-66,11,-99,-37,68,56,-442879541,100,0,114,0,"[25,-11,28,-11,31,-11,32,-11,32,-9,31,-9,30,-7,29,-6,27,-7,25,-6,24,-6,25,-5,24,-6,24,-6,24,-5,24,-6,26,-7,27,-7,27,-7,26,-8,26,-8,26,-10,25,-11,24,-10,25,-10,23,-9,23,-9,23,-10,0,0,24,-11,24,-9,25,-10,26,-11,28,-10,28,-11,28,-11,28,-9,29,-10,28,-9,27,-9,25,-6,25,-6,22,-7,22,-5,22,-4,21,-5,21,-5,20,-6,19,-5,19,-6,19,-5,19,-5,19,-4,20,-4,18,-3,15,-4,15,-3]"
CSI_DATA,264341,d8:b1:90:d9:de:f0,-65,11,-99,-36,67,56,-442861635,100,0,114,0,"[-1,-30,1,-33,3,-35,4,-35,6,-35,7,-32,7,-33,8,-30,8,-30,7,-28,7,-26,7,-26,8,-26,8,-27,7,-27,6,-27,7,-27,8,-29,8,-28,7,-29,6,-29,6,-30,6,-30,5,-29,6,-29,5,-27,6,-28,7,-27,0,0,5,-27,6,-29,7,-28,7,-30,6,-29,9,-32,8,-32,10,-31,10,-30,12,-30,11,-28,11,-27,11,-25,11,-23,10,-21,10,-20,9,-21,9,-19,9,-20,10,-18,9,-20,9,-21,9,-20,10,-19,11,-17,10,-15,10,-15,10,-14]"
CSI_DATA,264342,d8:b1:90:d9:de:f0,-65,11,-99,-37,67,56,-442851642,100,0,114,0,"[15,27,16,29,16,32,17,33,17,33,16,32,16,31,15,29,14,27,14,25,15,24,14,24,16,24,16,24,18,23,18,24,20,22,20,23,21,22,22,20,23,21,24,20,24,18,24,17,24,17,24,16,24,15,25,13,0,0,25,13,28,13,27,13,28,13,29,13,30,13,31,11,31,13,31,10,31,10,29,11,26,11,26,9,24,8,23,6,22,7,21,6,21,4,22,4,20,4,21,3,21,4,21,3,23,3,22,1,21,1,18,3,15,1]"
CSI_DATA,264343,d8:b1:90:d9:de:f0,-65,11,-99,-36,67,56,-442841634,100,0,114,0,"[25,-18,28,-19,30,-19,31,-17,32,-17,32,-15,31,-14,30,-13,29,-12,28,-11,26,-12,26,-10,27,-12,26,-12,26,-12,25,-12,25,-13,27,-13,28,-14,27,-14,27,-15,27,-15,25,-15,24,-16,25,-16,25,-15,23,-16,24,-16,0,0,25,-15,24,-17,25,-17,26,-17,27,-17,28,-16,28,-16,28,-16,28,-16,29,-16,28,-15,24,-13,23,-12,21,-11,22,-11,21,-11,19,-10,20,-10,20,-9,20,-9,20,-10,20,-9,18,-9,20,-9,21,-10,19,-9,16,-7,13,-6]"
CSI_DATA,264344,d8:b1:90:d9:de:f0,-65,11,-99,-36,67,56,-442821665,100,0,114,0,"[27,-15,30,-15,33,-15,34,-14,33,-12,32,-12,33,-10,32,-10,31,-10,29,-10,28,-10,28,-10,27,-12,26,-11,26,-11,26,-13,25,-13,28,-14,27,-14,27,-15,28,-15,27,-16,26,-16,25,-17,25,-17,23,-17,23,-17,24,-17,0,0,24,-18,23,-19,23,-20,25,-20,25,-21,26,-20,26,-21,26,-20,26,-19,27,-20,24,-19,22,-17,20,-17,19,-16,18,-14,17,-14,16,-13,17,-13,17,-13,17,-14,17,-14,17,-15,15,-14,16,-15,17,-13,15,-12,12,-11,11,-11]"
CSI_DATA,264345,d8:b1:90:d9:de:f0,-66,11,-99,-33,67,56,-442811616,100,0,114,0,"[-11,-23,-11,-27,-11,-30,-9,-31,-9,-32,-7,-30,-5,-31,-5,-28,-2,-28,-1,-27,-1,-26,-1,-25,-1,-25,-1,-25,-2,-25,-1,-25,-1,-28,0,-28,-1,-28,-1,-29,-1,-28,-1,-29,-1,-28,-1,-27,0,-27,-2,-26,-1,-26,0,-26,0,0,0,-26,0,-28,0,-28,0,-29,0,-29,2,-30,2,-30,4,-31,5,-30,6,-28,5,-26,4,-25,5,-25,6,-22,6,-21,7,-20,6,-18,8,-18,6,-18,8,-18,7,-17,8,-19,7,-19,7,-18,9,-16,8,-15,8,-15,7,-11]"
CSI_DATA,264346,d8:b1:90:d9:de:f0,-65,11,-99,-36,67,56,-442801438,100,0,114,0,"[-28,-8,-31,-10,-33,-12,-34,-14,-33,-14,-32,-15,-31,-15,-30,-14,-29,-13,-27,-14,-27,-13,-26,-11,-26,-9,-26,-10,-27,-9,-27,-9,-30,-9,-31,-8,-31,-7,-30,-6,-30,-6,-31,-6,-29,-6,-29,-4,-29,-3,-29,-1,-28,0,-30,0,0,0,-29,0,-29,0,-31,1,-31,-1,-32,1,-32,-1,-31,0,-33,-1,-32,0,-31,1,-30,1,-28,0,-27,1,-24,0,-24,1,-22,0,-21,1,-21,3,-21,2,-21,1,-21,2,-21,1,-20,1,-20,3,-20,3,-19,2,-16,2,-14,1]"
CSI_DATA,264347,d8:b1:90:d9:de:f0,-65,11,-99,-37,67,56,-442778790,100,0,114,0,"[-29,9,-31,9,-34,9,-36,10,-36,9,-34,9,-32,7,-32,8,-31,8,-30,9,-28,9,-27,9,-28,11,-26,11,-25,11,-25,14,-25,16,-27,15,-27,17,-25,18,-25,19,-25,20,-23,20,-21,21,-21,22,-20,22,-19,22,-18,21,0,0,-16,23,-17,24,-16,25,-16,26,-16,26,-16,26,-16,27,-16,27,-15,27,-15,27,-14,25,-13,24,-11,24,-11,22,-11,21,-10,20,-8,19,-8,19,-7,18,-7,20,-7,20,-5,20,-6,19,-6,20,-6,18,-5,17,-3,15,-3,14]"
CSI_DATA,264348,d8:b1:90:d9:de:f0,-65,11,-99,-35,67,56,-442761649,100,0,114,0,"[-28,-10,-30,-14,-31,-15,-31,-19,-30,-20,-29,-22,-26,-22,-24,-22,-24,-20,-20,-20,-20,-20,-18,-20,-18,-20,-17,-20,-18,-21,-18,-21,-20,-22,-19,-21,-19,-23,-18,-23,-18,-24,-20,-22,-18,-22,-18,-22,-18,-23,-17,-23,-16,-22,-15,-21,0,0,-15,-23,-15,-25,-16,-25,-15,-25,-14,-28,-14,-27,-12,-29,-11,-30,-11,-29,-9,-28,-7,-28,-6,-26,-4,-24,-3,-23,-1,-21,-3,-20,-2,-20,-1,-19,-1,-18,0,-18,0,-18,0,-18,0,-20,1,-19,0,-17,1,-16,2,-14,2,-13]"
CSI_DATA,264349,d8:b1:90:d9:de:f0,-65,11,-99,-36,67,56,-442751637,100,0,114,0,"[30,-10,33,-10,35,-10,36,-8,38,-9,36,-8,35,-5,34,-5,33,-6,31,-5,29,-7,30,-5,30,-6,28,-6,28,-7,27,-8,28,-8,30,-10,30,-11,30,-11,28,-11,28,-13,28,-12,26,-15,27,-12,27,-12,24,-14,25,-14,0,0,24,-13,24,-16,24,-16,26,-16,26,-16,28,-16,27,-16,27,-15,26,-15,27,-14,25,-14,22,-13,21,-11,20,-10,19,-11,19,-10,16,-9,17,-10,16,-9,17,-10,18,-9,15,-9,15,-8,16,-8,16,-9,15,-7,12,-8,10,-7]"
CSI_DATA,264350,d8:b1:90:d9:de:f0,-65,11,-99,-36,67,56,-442741273,100,0,114,0,"[30,-7,34,-6,37,-4,39,-2,39,0,36,2,36,4,34,5,32,5,32,6,29,6,28,6,29,6,29,6,29,7,30,8,29,8,30,9,31,8,30,7,30,9,29,8,29,9,29,9,28,9,27,8,26,8,27,8,0,0,27,10,26,11,27,11,28,12,27,14,27,16,26,16,26,18,25,17,24,17,22,17,19,17,18,16,16,16,17,16,14,15,12,15,13,14,12,14,11,15,11,15,10,16,9,16,10,16,9,15,8,15,6,13,6,11]"
CSI_DATA,264351,d8:b1:90:d9:de:f0,-65,11,-99,-35,67,56,-442731262,100,0,114,0,"[-7,30,-10,33,-12,34,-14,34,-15,35,-15,34,-16,33,-15,32,-13,30,-12,29,-12,27,-11,27,-10,26,-10,26,-9,27,-9,27,-8,29,-8,29,-8,29,-7,29,-5,30,-4,31,-3,30,-2,29,-3,29,-2,27,-1,28,-1,27,0,0,0,27,0,28,0,29,-1,29,0,30,0,31,0,31,0,31,-1,29,0,29,-2,26,-1,26,-2,24,-2,23,-3,21,-1,19,-3,18,-2,18,-1,17,-2,18,-2,17,-2,19,0,18,-1,17,-2,16,-1,14,-1,14,0,11]"
CSI_DATA,264352,d8:b1:90:d9:de:f0,-65,11,-99,-37,67,56,-442711489,100,0,114,0,"[-29,17,-31,18,-34,19,-36,18,-37,18,-38,16,-36,16,-34,15,-33,16,-30,15,-27,15,-27,15,-27,16,-25,16,-24,17,-23,18,-24,19,-24,21,-24,21,-23,23,-22,24,-21,24,-19,24,-17,24,-18,24,-16,24,-15,23,-15,23,0,0,-14,24,-12,25,-13,26,-14,26,-14,28,-14,28,-13,28,-13,29,-13,28,-14,27,-13,26,-10,24,-10,22,-9,21,-9,19,-9,18,-7,17,-8,17,-7,18,-7,17,-7,17,-6,17,-5,17,-6,17,-6,16,-5,15,-4,13,-3,12]"
CSI_DATA,264353,d8:b1:90:d9:de:f0,-65,11,-99,-35,67,56,-442701021,100,0,114,0,"[24,22,24,25,24,27,24,29,24,31,22,31,20,31,17,31,18,29,15,28,15,26,14,27,13,26,13,25,14,25,14,25,15,26,16,27,16,26,16,26,16,27,16,26,15,26,16,25,15,24,14,25,14,23,14,22,0,0,14,22,14,24,13,24,14,24,13,27,13,27,11,27,11,28,10,26,8,26,8,26,5,24,5,22,4,21,3,19,2,18,3,17,1,15,2,16,0,16,0,16,1,17,0,18,0,17,0,14,0,13,0,13,0,11]"
CSI_DATA,264354,d8:b1:90:d9:de:f0,-65,11,-99,-36,67,56,-442681648,100,0,114,0,"[26,21,28,24,27,26,28,28,27,30,25,30,23,29,22,28,22,26,21,24,19,22,19,22,21,22,20,22,22,21,21,20,23,21,22,21,24,19,24,18,25,20,26,19,24,17,25,15,23,15,23,15,24,13,25,13,0,0,24,11,24,14,25,13,26,14,27,15,27,16,26,16,26,16,25,14,25,15,23,15,20,14,19,13,18,12,16,12,16,11,15,10,14,10,14,10,13,10,14,10,13,10,13,11,14,10,13,8,13,8,11,8,9,7]"
CSI_DATA,264355,d8:b1:90:d9:de:f0,-66,11,-99,-35,67,56,-442670835,100,0,114,0,"[-32,1,-35,1,-38,0,-38,0,-39,0,-37,0,-36,0,-34,0,-33,0,-33,0,-30,1,-29,2,-30,3,-28,4,-27,4,-28,6,-28,8,-29,8,-29,10,-29,11,-27,11,-27,14,-26,12,-24,15,-24,15,-21,15,-21,15,-21,15,0,0,-21,18,-19,18,-19,18,-20,18,-20,19,-22,20,-20,19,-21,19,-20,19,-20,19,-19,18,-16,15,-15,15,-14,14,-14,13,-14,13,-12,12,-13,12,-12,13,-12,12,-11,12,-10,12,-9,11,-9,10,-10,10,-9,9,-7,8,-5,9]"
CSI_DATA,264356,d8:b1:90:d9:de:f0,-65,11,-99,-35,67,56,-442651569,100,0,114,0,"[-32,11,-35,12,-38,10,-39,8,-41,6,-39,5,-39,3,-35,2,-34,2,-33,2,-30,1,-30,1,-30,2,-29,1,-29,1,-29,2,-30,1,-32,2,-29,2,-31,3,-31,4,-30,4,-29,4,-28,4,-28,4,-27,4,-27,4,-26,4,0,0,-27,3,-26,3,-26,1,-28,2,-27,0,-28,0,-28,0,-28,-1,-28,-2,-27,-1,-25,-2,-22,-3,-21,-4,-18,-3,-19,-4,-17,-4,-16,-4,-16,-4,-16,-4,-16,-5,-14,-5,-14,-4,-13,-5,-12,-6,-14,-5,-12,-5,-10,-4,-9,-4]"
CSI_DATA,264357,d8:b1:90:d9:de:f0,-66,11,-99,-36,68,56,-442630685,100,0,114,0,"[-31,3,-33,1,-36,0,-37,-3,-36,-4,-34,-5,-33,-7,-31,-7,-29,-7,-28,-8,-27,-7,-25,-7,-25,-8,-25,-8,-25,-7,-25,-8,-26,-8,-26,-8,-27,-8,-27,-8,-26,-8,-25,-8,-24,-8,-24,-6,-24,-8,-23,-7,-24,-7,-22,-6,0,0,-21,-8,-22,-8,-22,-9,-23,-9,-23,-10,-22,-12,-23,-14,-22,-16,-20,-14,-19,-15,-18,-14,-16,-15,-13,-15,-13,-15,-11,-12,-10,-12,-8,-12,-9,-11,-8,-11,-8,-11,-7,-12,-6,-13,-6,-13,-5,-12,-6,-11,-5,-10,-2,-10,-2,-8]"
CSI_DATA,264358,d8:b1:90:d9:de:f0,-66,11,-99,-38,68,56,-442611313,100,0,114,0,"[-32,-12,-33,-16,-35,-17,-36,-19,-35,-21,-32,-19,-31,-20,-29,-20,-27,-17,-26,-17,-25,-16,-24,-16,-24,-15,-24,-13,-24,-13,-25,-13,-25,-13,-27,-14,-26,-13,-26,-11,-26,-11,-27,-10,-26,-10,-25,-8,-25,-8,-24,-7,-23,-6,-23,-6,0,0,-25,-5,-23,-7,-24,-7,-26,-7,-25,-9,-25,-11,-25,-11,-25,-12,-23,-10,-24,-11,-21,-11,-19,-11,-17,-10,-16,-11,-16,-10,-14,-10,-12,-9,-12,-8,-12,-9,-11,-9,-12,-8,-11,-10,-11,-9,-11,-11,-10,-8,-9,-8,-8,-9,-6,-7]"
CSI_DATA,264359,d8:b1:90:d9:de:f0,-66,11,-99,-35,67,56,-442591608,100,0,114,0,"[-34,-2,-37,-3,-40,-4,-41,-6,-42,-6,-39,-6,-38,-8,-36,-5,-34,-5,-32,-5,-30,-4,-30,-3,-30,-2,-30,-1,-30,-1,-29,0,-30,1,-30,1,-31,2,-29,4,-29,4,-29,5,-27,5,-27,6,-26,7,-24,6,-23,8,-23,7,0,0,-24,11,-23,9,-24,9,-25,10,-25,9,-25,8,-25,9,-25,8,-25,8,-25,7,-23,7,-21,6,-19,6,-18,4,-17,3,-16,3,-15,3,-14,3,-15,3,-14,3,-16,3,-15,3,-14,2,-14,1,-14,3,-13,3,-10,0,-9,2]"
CSI_DATA,264360,d8:b1:90:d9:de:f0,-66,11,-99,-37,68,56,-442581525,100,0,114,0,"[-18,-28,-19,-31,-19,-35,-16,-36,-15,-37,-13,-36,-11,-35,-11,-33,-11,-32,-9,-31,-9,-28,-8,-28,-7,-27,-9,-27,-8,-26,-10,-26,-9,-27,-9,-27,-10,-27,-10,-27,-10,-27,-11,-25,-11,-24,-11,-23,-11,-23,-11,-22,-10,-22,-10,-22,0,0,-10,-22,-8,-23,-8,-22,-9,-23,-7,-24,-6,-25,-6,-25,-5,-27,-4,-24,-2,-24,-1,-22,-1,-22,0,-21,0,-19,0,-18,1,-17,1,-16,3,-14,1,-14,2,-14,3,-13,3,-14,3,-15,4,-15,4,-12,4,-11,4,-12,5,-11]"
CSI_DATA,264361,d8:b1:90:d9:de:f0,-66,11,-99,-34,67,56,-442561458,100,0,114,0,"[35,1,39,3,41,4,41,7,42,9,39,9,37,10,35,9,33,9,31,9,30,8,29,7,28,8,29,6,28,6,28,6,28,5,29,5,30,4,29,3,29,4,29,3,27,2,26,1,26,0,25,1,26,1,25,0,0,0,24,0,25,0,24,1,27,1,26,2,27,4,26,4,25,6,24,5,24,6,23,7,19,7,18,7,17,7,16,7,15,8,13,7,14,6,13,7,13,7,13,8,12,8,12,9,13,10,13,9,12,10,9,9,9,8]"
CSI_DATA,264362,d8:b1:90:d9:de:f0,-66,11,-99,-37,68,56,-442541646,100,0,114,0,"[18,-29,21,-32,23,-33,25,-33,25,-32,25,-31,24,-29,24,-28,21,-26,20,-25,18,-23,17,-22,17,-22,15,-23,14,-23,15,-23,13,-25,13,-25,12,-25,11,-25,11,-25,10,-25,9,-25,8,-25,7,-24,6,-25,5,-23,4,-23,0,0,6,-23,5,-22,5,-23,5,-23,6,-22,7,-22,6,-24,8,-23,9,-22,9,-21,9,-21,9,-19,8,-18,9,-17,8,-14,9,-13,8,-13,8,-12,9,-12,10,-11,10,-11,10,-11,8,-13,9,-12,11,-11,11,-11,9,-11,8,-9]"
CSI_DATA,264363,d8:b1:90:d9:de:f0,-66,11,-99,-36,68,56,-442531497,100,0,114,0,"[30,-14,34,-13,38,-11,39,-9,40,-8,38,-6,36,-3,34,-3,32,-2,31,-2,29,-1,28,0,28,0,27,0,26,0,27,0,28,0,27,0,27,-1,26,-2,27,-1,25,-2,24,-2,24,-2,24,-2,23,-1,23,-2,23,-2,0,0,24,0,23,0,23,0,24,1,24,1,24,3,24,4,24,6,23,6,23,8,21,8,19,10,17,8,16,8,15,10,13,9,12,9,11,10,11,9,11,11,12,9,11,12,9,13,9,12,10,12,8,13,6,11,6,10]"
CSI_DATA,264364,d8:b1:90:d9:de:f0,-66,11,-99,-35,68,56,-442521464,100,0,114,0,"[17,27,18,30,18,32,18,35,17,35,17,34,16,32,13,31,12,29,12,27,12,25,12,25,12,23,13,22,13,22,14,21,14,20,17,21,18,20,18,19,19,19,19,18,18,17,19,16,19,16,18,15,18,14,19,12,0,0,18,12,18,12,19,12,19,13,19,14,19,13,18,15,19,16,18,15,16,15,14,14,13,15,13,14,12,13,12,12,10,12,10,12,9,11,9,11,8,12,9,12,9,12,9,13,9,13,9,12,8,12,6,12,6,11]"
CSI_DATA,264365,d8:b1:90:d9:de:f0,-65,9,-99,-37,67,56,-442502505,124,0,106,0,"[85,1,130,15,119,1,23,15,103,1,-12,14,60,1,12,15,20,1,57,15,-41,0,101,15,-96,0,-123,15,94,0,-106,15,38,0,-107,15,-5,15,-119,15,-23,15,-107,15,-20,15,-77,15,-6,15,-16,15,0,0,0,0,-39,15,-130,0,-87,15,-53,0,123,15,-9,0,84,15,6,1,87,15,-32,0,130,15,-90,0,-72,15,117,0,-15,15,67,0,27,0,53,0,50,0,38,0,34,0,36,0,-5,15,34,0,-54,15]"
CSI_DATA,264366,d8:b1:90:d9:de:f0,-67,11,-99,-35,68,56,-442491586,100,0,114,0,"[-29,-13,-31,-16,-32,-18,-32,-19,-31,-21,-29,-20,-26,-20,-25,-19,-24,-17,-23,-19,-21,-16,-21,-15,-20,-15,-20,-14,-21,-13,-20,-12,-20,-13,-21,-12,-22,-12,-22,-12,-22,-11,-22,-10,-21,-10,-21,-9,-22,-8,-20,-7,-20,-8,-20,-7,0,0,-19,-8,-19,-8,-19,-8,-20,-9,-19,-10,-19,-11,-19,-12,-20,-12,-19,-12,-18,-12,-18,-12,-15,-14,-14,-12,-12,-12,-12,-12,-11,-12,-9,-12,-10,-11,-10,-12,-10,-12,-10,-12,-10,-12,-9,-15,-9,-15,-10,-14,-7,-13,-6,-13,-6,-12]"
CSI_DATA,264367,d8:b1:90:d9:de:f0,-66,11,-99,-36,68,56,-442481505,100,0,114,0,"[32,4,35,5,38,6,39,6,39,6,37,6,34,7,33,5,30,1,30,1,28,0,26,0,25,0,25,-1,25,-2,25,-3,24,-5,25,-6,25,-8,24,-8,24,-9,24,-10,21,-11,20,-12,20,-12,18,-12,17,-12,18,-13,0,0,16,-13,16,-15,17,-16,17,-15,17,-16,17,-15,17,-16,17,-16,18,-15,19,-16,18,-14,16,-13,16,-12,15,-12,14,-10,14,-9,13,-10,15,-11,13,-11,14,-11,15,-12,13,-13,14,-12,15,-12,16,-11,15,-11,12,-11,10,-8]"
CSI_DATA,264368,d8:b1:90:d9:de:f0,-66,11,-99,-35,68,56,-442468025,100,0,114,0,"[-25,-17,-27,-20,-29,-23,-28,-25,-26,-25,-25,-26,-22,-25,-21,-25,-19,-23,-18,-21,-18,-21,-17,-19,-17,-19,-17,-17,-16,-18,-18,-17,-18,-18,-18,-18,-19,-18,-19,-16,-19,-17,-19,-16,-19,-15,-19,-15,-19,-13,-17,-13,-17,-12,-16,-12,0,0,-17,-13,-17,-14,-17,-14,-16,-15,-16,-17,-15,-18,-15,-18,-13,-19,-13,-19,-12,-18,-12,-18,-11,-19,-9,-19,-7,-17,-7,-15,-6,-17,-6,-15,-5,-15,-6,-14,-5,-16,-5,-17,-4,-18,-5,-19,-3,-19,-4,-18,-2,-17,-1,-17,0,-14]"
CSI_DATA,264369,d8:b1:90:d9:de:f0,-66,11,-99,-35,68,56,-442451651,100,0,114,0,"[27,15,29,17,30,19,31,20,32,20,30,20,27,19,26,19,25,17,23,15,22,12,21,13,21,12,22,11,22,11,22,10,22,8,23,7,24,7,23,5,24,6,23,5,23,4,22,1,22,3,23,2,21,0,22,0,0,0,21,2,20,0,21,0,23,1,23,2,22,2,22,3,22,3,22,3,23,3,22,4,20,5,20,5,19,4,18,5,18,4,16,5,17,4,18,3,17,4,18,4,18,4,16,6,19,6,19,5,18,5,15,6,13,3]"
CSI_DATA,264370,d8:b1:90:d9:de:f0,-66,11,-99,-37,68,56,-442441466,100,0,114,0,"[31,-11,33,-11,36,-10,38,-7,38,-7,37,-6,35,-3,33,-2,32,-3,31,-2,27,-2,27,-2,25,-2,26,-2,25,-1,25,-1,25,-1,26,-2,25,-2,25,-4,25,-3,25,-5,24,-3,23,-3,23,-4,22,-2,22,-3,22,-3,0,0,22,-3,22,-1,22,-1,23,0,24,0,24,1,24,1,25,3,26,4,24,4,23,5,22,7,21,9,20,8,19,9,18,9,16,9,17,8,17,10,17,10,18,11,16,11,15,12,16,13,17,12,15,13,13,11,11,11]"
CSI_DATA,264371,d8:b1:90:d9:de:f0,-66,11,-99,-35,68,56,-442421607,100,0,114,0,"[9,-29,12,-31,13,-32,16,-33,16,-33,16,-32,16,-28,16,-26,14,-25,13,-24,12,-23,12,-21,12,-22,11,-22,10,-22,11,-22,10,-21,9,-22,9,-23,9,-22,9,-23,7,-23,7,-23,6,-22,7,-20,6,-20,6,-21,6,-20,0,0,8,-20,7,-20,7,-20,9,-21,8,-20,10,-22,12,-21,12,-22,12,-20,13,-19,12,-19,14,-18,13,-17,12,-16,12,-13,13,-13,12,-13,12,-12,12,-12,14,-13,14,-13,14,-14,13,-13,14,-12,16,-12,15,-10,13,-10,13,-9]"
CSI_DATA,264372,d8:b1:90:d9:de:f0,-66,11,-99,-37,68,56,-442411617,100,0,114,0,"[22,23,23,25,23,28,23,28,24,31,22,27,22,29,22,24,21,22,21,21,20,17,21,17,20,16,21,13,21,12,21,12,22,11,23,11,23,11,23,9,23,9,24,6,23,5,23,4,24,3,22,3,22,2,21,1,0,0,22,0,22,1,22,0,27,0,27,0,27,0,28,0,27,0,26,0,28,0,25,0,23,1,22,1,21,0,22,0,20,0,21,0,21,0,21,0,21,-1,22,-2,21,-1,22,-1,22,-1,22,-3,21,-3,19,0,16,-1]"
CSI_DATA,264373,d8:b1:90:d9:de:f0,-66,11,-99,-37,68,56,-442400958,100,0,114,0,"[-11,30,-14,32,-17,34,-18,33,-20,33,-20,31,-20,29,-19,26,-16,24,-16,24,-16,22,-14,22,-14,21,-14,22,-13,21,-12,22,-13,22,-13,22,-13,22,-11,22,-11,22,-11,22,-11,22,-10,22,-11,22,-10,20,-11,20,-10,18,0,0,-11,21,-11,18,-11,19,-13,20,-15,21,-16,21,-16,20,-17,18,-19,17,-19,18,-18,16,-18,16,-17,15,-17,13,-17,11,-17,11,-16,11,-16,10,-16,10,-18,10,-18,11,-18,11,-18,11,-19,10,-21,8,-19,8,-17,7,-15,5]"
CSI_DATA,264374,d8:b1:90:d9:de:f0,-66,11,-99,-36,68,56,-442381330,100,0,114,0,"[-6,-30,-4,-32,-2,-35,-2,-34,-3,-35,-1,-34,0,-32,0,-31,-1,-28,0,-28,-1,-25,0,-24,-1,-24,-3,-24,-4,-24,-4,-22,-5,-24,-5,-24,-6,-23,-6,-22,-7,-25,-8,-24,-7,-24,-8,-22,-6,-22,-7,-21,-8,-21,-8,-20,0,0,-8,-21,-7,-21,-8,-22,-7,-23,-8,-24,-7,-24,-8,-25,-6,-26,-6,-25,-5,-25,-4,-24,-4,-24,-4,-23,-4,-22,-3,-19,-2,-20,-2,-19,-3,-20,-3,-19,-2,-18,-3,-19,-3,-20,-3,-21,-3,-21,-1,-21,-2,-18,-1,-19,0,-18]"
CSI_DATA,264375,d8:b1:90:d9:de:f0,-66,11,-99,-35,68,56,-442365269,100,0,114,0,"[23,16,25,19,27,19,28,19,27,19,26,19,25,18,25,16,23,13,22,12,22,12,22,10,20,9,21,7,21,7,23,5,24,4,24,3,24,3,23,0,23,0,23,0,23,-1,22,-3,21,-2,20,-2,20,-3,22,-4,0,0,22,-6,21,-5,23,-6,22,-6,23,-6,24,-6,24,-7,24,-6,24,-8,24,-9,22,-7,22,-8,22,-8,22,-9,19,-8,19,-7,17,-8,17,-9,17,-10,18,-10,19,-11,18,-12,18,-12,18,-12,18,-13,17,-13,14,-10,12,-9]"
CSI_DATA,264376,d8:b1:90:d9:de:f0,-66,11,-99,-33,67,56,-442351656,100,0,114,0,"[-4,-29,-3,-33,-2,-34,-1,-36,0,-35,0,-34,0,-33,2,-32,2,-29,2,-28,1,-26,0,-25,0,-25,0,-25,0,-24,0,-24,-1,-25,0,-24,0,-25,-1,-24,-1,-26,-1,-26,-2,-25,-2,-24,-1,-23,-1,-23,-1,-22,0,-22,0,0,-1,-22,0,-23,0,-23,0,-25,0,-26,0,-27,2,-28,4,-29,4,-27,4,-26,4,-26,6,-25,5,-24,5,-22,5,-22,5,-22,3,-21,4,-21,4,-21,6,-20,6,-21,6,-22,6,-22,6,-22,7,-20,7,-19,8,-18,8,-17]"
CSI_DATA,264377,d8:b1:90:d9:de:f0,-66,11,-99,-33,67,56,-442341601,100,0,114,0,"[22,-21,24,-22,27,-23,28,-24,27,-22,27,-22,23,-21,23,-20,22,-19,20,-20,19,-18,16,-18,16,-19,14,-20,13,-20,13,-22,12,-22,12,-21,11,-22,10,-22,10,-26,8,-24,7,-25,6,-24,5,-23,4,-23,4,-23,4,-23,0,0,3,-22,3,-22,2,-24,2,-24,2,-26,2,-27,1,-27,2,-29,3,-29,2,-27,1,-27,1,-27,0,-25,0,-26,1,-22,0,-22,0,-22,-1,-22,-1,-21,-1,-22,-1,-23,-4,-23,-4,-22,-3,-23,-2,-22,-3,-22,-2,-20,-2,-19]"
CSI_DATA,264378,d8:b1:90:d9:de:f0,-66,11,-99,-37,68,56,-442331256,100,0,114,0,"[25,-11,29,-11,32,-11,33,-11,33,-9,33,-8,32,-5,29,-5,27,-6,27,-5,24,-5,23,-4,23,-4,23,-4,22,-4,23,-6,23,-6,24,-6,24,-7,24,-7,24,-8,22,-7,23,-7,22,-8,22,-6,21,-7,21,-7,22,-7,0,0,24,-7,22,-6,24,-5,25,-7,24,-4,27,-3,26,-4,28,-2,28,-2,27,-3,27,-2,25,-2,24,-1,23,0,22,0,22,0,22,0,21,0,22,0,22,0,23,0,22,0,22,0,23,0,24,0,23,0,20,2,19,2]"
CSI_DATA,264379,d8:b1:90:d9:de:f0,-66,11,-99,-35,67,56,-442321206,100,0,114,0,"[30,0,33,0,34,0,35,0,37,0,34,1,34,1,32,0,30,0,29,-1,26,-2,26,-2,25,-3,25,-4,25,-5,26,-6,24,-8,26,-7,26,-8,26,-11,24,-10,23,-12,23,-13,22,-13,21,-14,19,-13,20,-13,19,-14,0,0,20,-15,19,-16,19,-16,21,-17,20,-18,22,-19,20,-21,21,-20,21,-20,22,-21,21,-19,18,-20,19,-18,16,-18,17,-18,16,-16,15,-17,14,-17,13,-19,14,-19,13,-20,12,-21,12,-21,13,-22,13,-22,13,-21,11,-20,10,-16]"
CSI_DATA,264380,d8:b1:90:d9:de:f0,-66,11,-99,-34,67,56,-442301632,100,0,114,0,"[14,-26,17,-27,20,-29,22,-29,23,-29,24,-26,23,-24,22,-23,20,-20,20,-19,20,-18,18,-17,19,-17,18,-17,17,-17,17,-17,18,-18,19,-18,19,-19,19,-19,18,-18,18,-17,18,-17,17,-17,19,-17,17,-16,18,-16,19,-16,0,0,21,-16,19,-15,21,-16,20,-16,21,-16,23,-16,24,-14,25,-14,27,-15,26,-13,26,-13,25,-11,24,-10,23,-10,22,-9,21,-9,20,-8,21,-8,21,-8,22,-7,22,-7,23,-7,22,-6,24,-6,25,-5,23,-4,20,-3,18,-2]"
CSI_DATA,264381,d8:b1:90:d9:de:f0,-66,11,-99,-34,67,56,-442291626,100,0,114,0,"[22,-17,25,-18,27,-18,28,-19,29,-18,28,-18,27,-16,25,-16,23,-16,23,-16,21,-16,19,-16,19,-16,18,-16,17,-16,17,-17,16,-18,18,-17,17,-19,16,-19,16,-21,15,-22,14,-21,13,-22,13,-21,12,-20,11,-19,12,-20,0,0,12,-21,10,-21,10,-23,12,-23,11,-26,11,-28,11,-27,13,-28,12,-27,13,-28,11,-27,11,-25,10,-23,8,-23,9,-22,9,-22,7,-22,8,-21,6,-22,7,-22,6,-22,4,-23,3,-24,4,-24,6,-25,5,-22,4,-21,3,-18]"
CSI_DATA,264382,d8:b1:90:d9:de:f0,-66,9,-99,-33,67,56,-442277763,252,0,106,0,"[-66,12,-94,0,-77,12,-15,0,-50,12,0,0,-7,12,-29,0,47,13,-70,0,116,13,-94,0,-50,13,-108,0,11,0,-104,0,43,0,-90,0,44,0,-87,0,14,0,104,0,-22,13,34,0,-33,13,-49,13,0,0,0,0,11,0,25,13,65,0,-39,12,110,0,-60,12,-98,0,-44,12,111,0,19,13,57,0,79,13,-8,13,-114,13,-49,13,-91,13,-77,13,-87,13,-71,13,-90,13,-31,13,-97,13,20,0,-77,13,85,0]"
CSI_DATA,264383,d8:b1:90:d9:de:f0,-66,11,-99,-34,67,56,-442261637,100,0,114,0,"[-18,23,-20,25,-24,25,-25,25,-24,22,-25,22,-23,20,-23,18,-22,18,-21,17,-19,16,-18,16,-18,16,-18,16,-16,16,-17,17,-17,17,-17,18,-17,18,-16,18,-17,19,-17,19,-16,19,-16,19,-15,19,-15,19,-14,19,-15,19,0,0,-15,19,-14,19,-15,20,-16,21,-16,22,-18,23,-17,22,-20,23,-19,22,-19,23,-18,22,-18,21,-16,20,-16,19,-16,17,-16,17,-14,17,-16,17,-16,17,-16,17,-16,18,-15,18,-14,20,-16,19,-16,17,-16,16,-14,16,-12,14]"
CSI_DATA,264384,d8:b1:90:d9:de:f0,-66,11,-99,-37,68,56,-442251623,100,0,114,0,"[-25,-10,-26,-12,-27,-15,-28,-16,-27,-18,-25,-19,-23,-18,-22,-18,-20,-17,-19,-17,-16,-16,-16,-16,-17,-17,-16,-18,-16,-17,-16,-19,-17,-18,-17,-19,-17,-19,-17,-18,-16,-19,-17,-19,-16,-18,-16,-17,-15,-18,-15,-19,-14,-18,-14,-18,0,0,-14,-19,-15,-21,-15,-21,-14,-22,-14,-23,-14,-25,-14,-25,-11,-26,-11,-26,-10,-26,-10,-24,-7,-26,-6,-24,-7,-22,-6,-21,-6,-22,-5,-21,-4,-20,-4,-21,-5,-21,-5,-22,-4,-24,-4,-24,-2,-23,-1,-22,0,-22,0,-21,1,-18]"
CSI_DATA,264385,d8:b1:90:d9:de:f0,-66,11,-99,-34,67,56,-442231316,100,0,114,0,"[-2,-28,-1,-32,0,-33,2,-34,2,-33,5,-33,6,-30,6,-30,7,-27,8,-26,7,-24,7,-23,6,-24,6,-24,6,-24,7,-24,7,-24,8,-24,8,-25,9,-23,7,-26,10,-25,8,-24,9,-24,8,-22,8,-23,8,-22,9,-23,0,0,10,-23,11,-23,11,-24,11,-23,13,-26,14,-26,15,-26,16,-24,16,-23,16,-23,16,-23,15,-20,16,-19,16,-17,15,-16,15,-16,15,-16,16,-16,15,-16,16,-16,16,-16,16,-16,17,-16,18,-17,19,-15,19,-14,16,-13,16,-10]"
CSI_DATA,264386,d8:b1:90:d9:de:f0,-66,11,-99,-37,68,56,-442211573,100,0,114,0,"[-21,-16,-22,-19,-23,-22,-23,-23,-22,-24,-22,-24,-20,-23,-17,-23,-16,-22,-15,-22,-15,-20,-13,-21,-14,-20,-14,-19,-15,-20,-15,-20,-15,-21,-16,-22,-15,-21,-16,-20,-16,-22,-17,-21,-17,-20,-17,-19,-15,-19,-16,-19,-15,-17,-16,-17,0,0,-18,-18,-16,-19,-18,-19,-18,-20,-19,-22,-20,-22,-19,-22,-17,-22,-18,-22,-17,-22,-16,-22,-14,-22,-14,-21,-13,-21,-13,-19,-11,-18,-11,-18,-11,-17,-12,-17,-12,-18,-13,-18,-13,-20,-13,-20,-12,-22,-12,-19,-12,-18,-10,-17,-8,-15]"
CSI_DATA,264387,d8:b1:90:d9:de:f0,-65,11,-99,-36,67,56,-442200446,100,0,114,0,"[25,16,27,18,28,20,28,21,28,23,26,23,25,22,23,21,23,20,21,20,20,19,19,18,20,18,20,16,19,18,21,17,21,17,23,18,22,18,23,16,24,17,24,17,23,15,24,14,23,14,23,13,21,12,22,12,0,0,24,11,25,12,26,13,27,13,28,12,28,13,28,14,27,14,27,13,28,13,27,13,25,13,24,13,23,11,24,10,22,10,21,10,21,7,21,8,23,10,24,9,23,10,23,10,24,10,24,9,22,9,20,10,17,9]"
CSI_DATA,264388,d8:b1:90:d9:de:f0,-66,11,-99,-33,67,56,-442181618,100,0,114,0,"[-26,5,-30,4,-33,3,-34,1,-33,0,-33,-1,-30,-2,-30,-3,-28,-3,-27,-3,-26,-5,-23,-3,-24,-4,-24,-5,-24,-5,-24,-6,-27,-6,-26,-7,-27,-8,-24,-6,-26,-7,-25,-7,-24,-6,-25,-8,-22,-7,-22,-8,-23,-7,-24,-6,0,0,-25,-9,-22,-8,-24,-10,-24,-10,-26,-11,-26,-11,-27,-12,-25,-13,-25,-13,-24,-12,-23,-13,-22,-14,-22,-14,-20,-14,-18,-13,-17,-13,-17,-12,-17,-11,-17,-12,-18,-14,-18,-15,-16,-15,-16,-15,-16,-16,-16,-15,-14,-16,-10,-14,-10,-14]"
CSI_DATA,264389,d8:b1:90:d9:de:f0,-66,11,-99,-37,68,56,-442171468,100,0,114,0,"[25,-10,28,-10,32,-10,32,-9,32,-8,30,-7,30,-6,28,-6,26,-6,25,-5,24,-6,23,-5,25,-5,24,-6,22,-6,24,-7,25,-7,25,-7,25,-8,25,-9,25,-11,24,-11,24,-11,23,-11,23,-11,22,-11,22,-11,22,-12,0,0,22,-12,22,-12,22,-14,22,-14,22,-15,22,-15,24,-15,23,-16,23,-15,24,-15,22,-14,21,-13,20,-13,19,-12,19,-12,18,-11,17,-11,17,-11,16,-12,17,-13,17,-14,17,-13,16,-14,18,-14,19,-14,18,-12,15,-11,13,-10]"
CSI_DATA,264390,d8:b1:90:d9:de:f0,-66,11,-99,-36,68,56,-442158164,100,0,114,0,"[-1,-27,0,-30,2,-32,3,-32,5,-32,6,-31,5,-28,8,-26,8,-26,8,-24,8,-23,8,-22,9,-23,8,-22,9,-24,9,-24,9,-23,11,-24,12,-24,10,-24,12,-24,12,-24,11,-24,12,-23,12,-21,12,-22,10,-20,12,-21,0,0,13,-21,13,-21,14,-22,15,-22,15,-22,16,-22,16,-21,18,-21,17,-19,19,-19,18,-18,17,-16,16,-16,16,-16,16,-14,16,-12,14,-12,16,-13,16,-12,16,-12,16,-10,16,-11,17,-12,19,-11,19,-8,18,-8,16,-7,14,-6]"
CSI_DATA,264391,d8:b1:90:d9:de:f0,-65,11,-99,-34,67,56,-442141510,100,0,114,0,"[29,-3,33,-1,34,0,36,0,35,0,35,2,32,2,33,1,29,3,29,3,26,3,26,3,28,3,27,4,28,3,26,2,30,2,28,4,29,3,28,2,30,3,29,2,28,1,27,2,26,1,26,2,25,1,26,1,0,0,25,1,24,1,26,1,27,1,30,2,29,2,29,3,29,2,28,2,28,2,27,3,25,4,25,4,23,3,22,3,22,5,21,2,21,2,21,2,21,3,22,3,20,4,20,3,21,6,20,5,19,5,16,5,15,5]"
CSI_DATA,264392,d8:b1:90:d9:de:f0,-66,11,-99,-37,68,56,-442120586,100,0,114,0,"[20,-18,24,-20,27,-19,30,-18,30,-16,30,-15,30,-12,29,-12,27,-11,25,-11,25,-9,24,-8,24,-10,24,-10,25,-9,26,-8,27,-8,27,-7,27,-8,25,-9,27,-8,26,-6,26,-5,25,-8,25,-7,24,-7,23,-7,22,-8,0,0,25,-4,23,-6,24,-5,26,-5,25,-5,27,-4,27,-3,28,-2,27,-1,28,-2,26,-1,23,-1,23,0,22,0,21,0,22,0,19,0,19,0,20,0,21,1,22,1,20,2,19,2,20,2,21,3,19,3,15,3,13,3]"
CSI_DATA,264393,d8:b1:90:d9:de:f0,-66,11,-99,-37,68,56,-442101478,100,0,114,0,"[21,20,22,23,22,26,22,26,22,27,21,26,20,25,18,24,19,24,17,23,16,22,17,22,17,22,17,21,17,21,19,21,19,21,19,21,20,21,20,19,21,20,21,21,21,18,21,18,21,17,20,16,19,15,20,13,0,0,22,11,20,13,21,13,22,13,22,14,22,15,23,14,23,15,23,15,23,15,23,12,20,13,20,12,17,11,17,11,16,10,17,10,17,9,16,10,17,10,17,9,17,10,17,11,19,10,18,9,16,9,14,9,11,7]"
CSI_DATA,264394,d8:b1:90:d9:de:f0,-66,11,-99,-36,68,56,-442081644,100,0,114,0,"[15,-24,16,-25,18,-26,19,-27,19,-26,18,-27,17,-24,18,-24,16,-24,16,-24,13,-23,13,-22,13,-22,13,-23,11,-22,12,-24,10,-24,10,-24,10,-24,8,-24,8,-26,7,-25,7,-25,5,-24,6,-24,4,-24,3,-23,4,-22,0,0,0,-23,0,-24,0,-24,0,-25,0,-26,0,-27,0,-26,0,-27,0,-26,-1,-25,0,-25,-2,-23,-1,-23,-1,-22,-1,-19,-2,-19,-2,-18,-1,-18,-3,-18,-2,-17,-3,-18,-4,-19,-5,-17,-4,-19,-3,-17,-3,-16,-3,-16,-4,-14]"
CSI_DATA,264395,d8:b1:90:d9:de:f0,-67,11,-99,-35,68,56,-442061638,100,0,114,0,"[-6,25,-8,28,-9,31,-9,31,-9,32,-9,32,-9,30,-8,28,-6,26,-6,25,-6,24,-6,25,-4,25,-4,25,-3,25,-2,25,0,25,0,27,0,26,2,26,2,26,4,26,4,25,5,25,5,24,6,24,7,22,8,22,0,0,8,22,9,22,10,21,12,22,13,23,12,24,14,23,13,24,12,22,12,22,13,19,13,19,12,19,12,18,12,16,12,14,12,14,12,13,12,12,12,12,12,12,14,12,15,13,14,13,13,12,13,10,12,11,10,9]"
CSI_DATA,264396,d8:b1:90:d9:de:f0,-66,11,-99,-36,68,56,-442051626,100,0,114,0,"[-12,24,-14,27,-16,28,-17,27,-19,28,-18,27,-19,26,-18,24,-17,23,-16,23,-15,21,-15,22,-15,22,-14,21,-13,22,-14,21,-13,22,-16,24,-14,24,-14,24,-14,24,-12,24,-11,24,-9,24,-11,23,-9,23,-9,24,-10,23,0,0,-9,20,-8,23,-8,22,-10,24,-9,24,-9,25,-9,25,-10,25,-10,24,-11,24,-10,23,-10,22,-9,20,-8,19,-8,17,-8,17,-8,16,-9,17,-8,16,-7,17,-8,16,-8,17,-7,18,-8,17,-8,16,-8,15,-7,15,-6,12]"
CSI_DATA,264397,d8:b1:90:d9:de:f0,-66,11,-99,-35,68,56,-442031476,100,0,114,0,"[-9,25,-12,27,-13,28,-15,29,-15,29,-16,30,-14,27,-15,26,-14,25,-12,24,-12,22,-11,22,-12,23,-11,22,-10,23,-10,24,-9,24,-10,25,-9,25,-8,25,-8,25,-7,25,-6,25,-6,24,-6,23,-6,23,-4,24,-4,24,0,0,-4,22,-4,24,-3,24,-2,24,-3,25,-3,25,-3,26,-4,25,-4,25,-4,25,-3,24,-3,22,-3,20,-2,19,-2,19,-2,18,-2,17,-3,18,-2,18,-2,18,-2,17,-2,18,0,19,-1,18,-3,17,-2,15,-1,14,-1,12]"
CSI_DATA,264398,d8:b1:90:d9:de:f0,-66,11,-99,-36,68,56,-442021478,100,0,114,0,"[0,-29,0,-31,2,-32,5,-34,5,-35,6,-33,8,-31,8,-30,7,-28,8,-27,8,-25,8,-25,8,-24,8,-24,8,-24,8,-24,8,-25,8,-26,8,-26,9,-26,8,-25,8,-25,8,-24,7,-24,8,-24,8,-23,8,-22,8,-20,0,0,8,-23,9,-22,8,-24,10,-24,9,-24,11,-24,12,-23,13,-24,14,-21,14,-21,13,-20,12,-19,12,-18,12,-16,12,-15,11,-15,12,-14,13,-14,11,-14,12,-13,13,-13,13,-14,12,-14,12,-13,13,-10,12,-9,11,-9,10,-8]"
CSI_DATA,264399,d8:b1:90:d9:de:f0,-66,11,-99,-35,68,56,-442001652,100,0,114,0,"[9,26,9,30,8,32,6,33,6,33,6,32,4,32,3,30,3,28,2,28,2,26,3,25,3,25,3,25,3,25,5,26,4,27,4,27,4,27,5,25,5,26,6,25,6,25,6,25,6,23,6,24,6,23,6,22,0,0,5,24,6,24,6,24,6,24,6,25,5,26,6,25,4,26,4,25,2,25,3,24,3,23,3,21,2,20,1,19,1,19,0,18,0,17,1,17,0,17,0,18,0,19,1,18,0,19,-1,16,0,16,0,16,0,12]"
CSI_DATA,264400,d8:b1:90:d9:de:f0,-66,11,-99,-35,68,56,-441991455,100,0,114,0,"[1,-28,2,-30,3,-32,4,-34,3,-33,3,-32,4,-32,4,-29,2,-29,3,-28,1,-25,0,-25,0,-25,0,-25,-2,-25,-3,-26,-4,-26,-5,-26,-5,-26,-6,-25,-6,-26,-9,-26,-8,-25,-10,-24,-10,-23,-10,-22,-11,-21,-11,-19,0,0,-12,-19,-12,-19,-13,-19,-14,-20,-15,-20,-15,-21,-15,-20,-16,-21,-16,-19,-15,-19,-14,-19,-14,-18,-13,-16,-12,-15,-12,-13,-12,-13,-12,-12,-12,-12,-12,-11,-12,-11,-12,-10,-13,-11,-13,-12,-13,-11,-13,-10,-12,-9,-11,-9,-9,-7]"
CSI_DATA,264401,d8:b1:90:d9:de:f0,-66,11,-99,-36,68,56,-441971595,100,0,114,0,"[-24,-12,-26,-16,-27,-19,-27,-20,-27,-23,-24,-23,-24,-23,-21,-22,-19,-21,-18,-21,-18,-19,-16,-20,-17,-19,-16,-20,-16,-21,-16,-20,-16,-20,-16,-21,-17,-20,-16,-21,-16,-21,-16,-20,-16,-20,-16,-19,-16,-19,-15,-18,-15,-18,-14,-17,0,0,-14,-18,-12,-20,-12,-19,-13,-21,-13,-22,-11,-24,-12,-24,-11,-24,-10,-24,-9,-24,-8,-22,-7,-23,-6,-21,-5,-20,-4,-18,-3,-16,-2,-17,-2,-15,-2,-16,-1,-17,0,-16,0,-18,0,-19,0,-17,0,-16,0,-15,1,-13,2,-12]"
CSI_DATA,264402,d8:b1:90:d9:de:f0,-66,11,-99,-37,68,56,-441960970,100,0,114,0,"[-29,7,-32,8,-34,7,-37,6,-35,5,-35,5,-33,3,-33,3,-31,3,-30,2,-27,3,-27,2,-27,2,-27,3,-27,3,-28,4,-28,5,-29,5,-29,6,-27,7,-28,6,-27,8,-27,6,-25,8,-25,7,-23,6,-23,7,-24,7,0,0,-22,8,-22,9,-23,8,-24,8,-25,8,-26,9,-26,7,-26,7,-26,7,-26,6,-24,6,-22,5,-21,4,-21,5,-19,4,-18,3,-17,3,-18,4,-18,3,-19,2,-19,3,-18,3,-17,1,-18,1,-19,0,-17,0,-13,1,-11,0]"
CSI_DATA,264403,d8:b1:90:d9:de:f0,-66,11,-99,-37,68,56,-441941631,100,0,114,0,"[28,-10,31,-10,34,-11,34,-11,36,-11,34,-10,33,-10,31,-10,29,-10,27,-9,25,-11,25,-11,25,-11,24,-11,23,-13,23,-13,22,-14,23,-15,22,-16,22,-17,22,-17,20,-19,20,-18,16,-18,18,-19,16,-19,14,-19,14,-19,0,0,13,-20,12,-19,13,-20,12,-22,13,-22,13,-23,13,-22,13,-23,12,-22,12,-22,12,-21,11,-20,10,-19,10,-19,9,-18,9,-16,7,-16,8,-16,8,-16,7,-16,9,-16,7,-16,7,-16,7,-16,8,-15,7,-15,6,-13,5,-11]"
CSI_DATA,264404,d8:b1:90:d9:de:f0,-66,11,-99,-34,67,56,-441921451,100,0,114,0,"[-15,26,-16,30,-19,31,-20,33,-20,32,-20,32,-18,31,-18,28,-15,27,-15,27,-13,26,-12,25,-11,25,-10,27,-9,27,-8,28,-6,29,-5,28,-5,30,-3,29,-2,30,-1,29,0,28,0,27,1,25,2,24,3,24,4,24,0,0,4,24,5,24,6,25,7,25,8,25,8,26,10,26,9,25,9,25,8,24,9,23,9,23,9,20,7,20,7,18,7,17,7,16,7,16,8,16,7,16,8,15,8,16,10,16,9,16,7,15,7,14,7,13,6,12]"
CSI_DATA,264405,d8:b1:90:d9:de:f0,-66,11,-99,-34,67,56,-441901596,100,0,114,0,"[26,-16,29,-17,32,-16,34,-16,34,-15,34,-12,34,-11,33,-10,32,-9,31,-8,29,-7,29,-6,28,-7,27,-7,27,-7,27,-6,27,-6,28,-6,28,-7,28,-7,27,-7,28,-6,26,-6,25,-6,25,-6,24,-6,24,-5,23,-6,0,0,23,-7,23,-4,24,-4,26,-5,26,-4,28,-2,27,-1,27,-1,27,0,28,0,26,0,23,1,22,1,21,3,20,3,19,3,17,3,16,4,17,5,17,5,17,7,17,6,16,7,16,7,16,9,15,8,11,8,9,6]"
CSI_DATA,264406,d8:b1:90:d9:de:f0,-66,11,-99,-34,67,56,-441891552,100,0,114,0,"[-28,-14,-31,-16,-32,-17,-32,-18,-33,-20,-31,-19,-31,-20,-29,-17,-29,-16,-27,-16,-26,-14,-26,-14,-25,-13,-26,-12,-26,-11,-26,-11,-27,-10,-28,-10,-27,-8,-28,-7,-28,-7,-30,-6,-27,-4,-26,-4,-27,-3,-25,-2,-24,-1,-25,0,0,0,-24,0,-24,0,-24,0,-26,0,-27,0,-27,0,-28,0,-27,0,-26,0,-26,0,-25,0,-23,0,-22,0,-20,-1,-20,0,-17,-1,-17,0,-17,0,-17,0,-18,0,-18,0,-17,-1,-18,-1,-17,-2,-17,0,-16,0,-14,-2,-11,-2]"
CSI_DATA,264407,d8:b1:90:d9:de:f0,-66,11,-99,-35,67,56,-441871657,100,0,114,0,"[28,18,30,21,31,21,32,23,33,23,31,22,30,23,29,21,29,18,28,18,25,15,26,14,27,13,27,12,27,11,26,9,27,9,29,8,29,7,30,5,30,4,30,2,29,3,28,0,28,0,27,0,26,0,26,-1,0,0,25,-2,26,-4,26,-4,28,-5,28,-5,27,-5,27,-5,28,-5,25,-6,27,-6,26,-5,23,-4,21,-4,20,-3,20,-5,18,-4,17,-4,18,-4,17,-5,18,-5,19,-4,18,-5,18,-3,18,-4,18,-4,15,-3,14,-3,11,-1]"
CSI_DATA,264408,d8:b1:90:d9:de:f0,-66,11,-99,-35,67,56,-441856768,100,0,114,0,"[-29,13,-33,14,-35,14,-36,13,-37,14,-34,14,-34,12,-33,11,-31,13,-30,12,-27,12,-27,13,-26,13,-25,13,-25,15,-24,15,-24,17,-25,18,-22,20,-22,20,-20,21,-19,22,-18,21,-15,21,-17,21,-15,20,-14,21,-15,21,0,0,-12,21,-12,23,-12,22,-12,24,-12,24,-12,25,-12,25,-12,24,-12,23,-13,23,-12,22,-11,21,-10,21,-9,18,-9,17,-10,15,-8,16,-9,16,-8,15,-9,15,-9,16,-8,16,-7,16,-9,16,-10,15,-8,15,-7,12,-6,10]"
CSI_DATA,264409,d8:b1:90:d9:de:f0,-66,11,-99,-38,68,56,-441841644,100,0,114,0,"[-33,0,-34,0,-37,-1,-40,-2,-37,-3,-37,-4,-34,-5,-34,-4,-32,-2,-31,-2,-29,-2,-27,0,-29,-1,-28,0,-27,0,-28,1,-29,1,-29,2,-29,2,-28,3,-27,4,-27,4,-25,5,-24,5,-25,6,-24,7,-23,7,-22,7,0,0,-24,8,-22,8,-23,8,-25,8,-24,9,-25,8,-25,8,-25,8,-24,7,-24,8,-23,7,-22,6,-20,4,-19,5,-17,5,-17,3,-16,2,-16,4,-17,3,-16,4,-17,4,-16,2,-15,2,-17,2,-19,3,-16,1,-15,1,-13,1]"
CSI_DATA,264410,d8:b1:90:d9:de:f0,-65,11,-99,-35,67,56,-441831628,100,0,114,0,"[-21,-26,-21,-30,-21,-34,-20,-34,-20,-35,-18,-35,-16,-34,-13,-34,-13,-30,-11,-30,-10,-27,-10,-29,-10,-28,-9,-28,-10,-28,-10,-27,-11,-27,-12,-28,-14,-27,-11,-28,-12,-28,-12,-27,-10,-26,-11,-25,-11,-26,-11,-25,-11,-23,-10,-22,0,0,-10,-24,-10,-24,-9,-24,-10,-26,-8,-27,-7,-27,-6,-28,-5,-28,-4,-26,-4,-26,-3,-25,-1,-24,-1,-22,0,-20,0,-20,0,-19,0,-18,1,-17,1,-17,2,-16,2,-17,3,-18,3,-19,4,-19,4,-15,5,-15,6,-15,6,-13]"
CSI_DATA,264411,d8:b1:90:d9:de:f0,-65,11,-99,-36,67,56,-441821618,100,0,114,0,"[18,-30,19,-32,24,-34,25,-34,24,-34,22,-34,23,-31,22,-29,19,-29,20,-28,17,-26,18,-27,15,-27,14,-27,12,-28,13,-29,11,-28,10,-29,8,-29,8,-28,6,-31,6,-29,6,-29,3,-28,3,-28,3,-26,2,-26,0,-25,0,0,-1,-26,0,-25,-1,-27,-1,-27,-2,-28,-1,-28,-2,-28,-2,-30,-2,-27,-1,-28,-1,-26,-2,-25,-2,-23,-1,-22,-1,-20,0,-19,0,-18,0,-17,-1,-18,1,-19,0,-18,0,-18,-2,-19,-2,-19,1,-17,1,-17,0,-17,2,-16]"
CSI_DATA,264412,d8:b1:90:d9:de:f0,-66,11,-99,-37,68,56,-441811152,100,0,114,0,"[-19,24,-22,25,-25,26,-27,25,-28,23,-29,22,-27,20,-26,20,-25,17,-24,17,-23,16,-22,15,-22,16,-22,16,-22,15,-22,15,-22,15,-23,15,-22,17,-22,17,-22,18,-21,16,-21,16,-21,17,-19,15,-19,14,-19,14,-19,13,0,0,-20,16,-20,14,-21,14,-20,14,-22,13,-22,12,-22,12,-23,11,-23,10,-22,10,-22,8,-21,7,-20,7,-19,4,-18,3,-18,2,-16,2,-17,2,-16,1,-17,1,-18,0,-17,0,-17,0,-18,0,-19,0,-17,-2,-14,-2,-14,-2]"
CSI_DATA,264413,d8:b1:90:d9:de:f0,-65,11,-99,-35,67,56,-441791411,100,0,114,0,"[23,-25,27,-25,31,-25,32,-26,33,-26,31,-24,31,-22,29,-20,28,-21,27,-19,25,-18,26,-18,24,-17,23,-17,23,-18,22,-18,22,-19,24,-21,23,-21,21,-21,22,-22,20,-22,20,-21,18,-21,18,-20,17,-19,17,-19,17,-21,0,0,17,-19,15,-20,15,-20,19,-20,17,-20,18,-19,18,-20,19,-20,19,-18,20,-17,19,-16,17,-13,16,-12,15,-12,14,-10,14,-10,15,-9,14,-9,14,-9,15,-9,16,-8,16,-10,15,-9,16,-8,17,-7,16,-6,14,-6,13,-4]"
CSI_DATA,264414,d8:b1:90:d9:de:f0,-65,11,-99,-36,67,56,-441771563,100,0,114,0,"[-5,34,-7,37,-8,39,-10,40,-12,40,-11,38,-11,37,-11,35,-8,33,-8,33,-6,31,-7,30,-7,30,-6,30,-4,31,-4,31,-2,30,-2,31,-2,31,-1,30,0,31,1,31,2,30,3,29,4,28,3,28,3,26,5,25,0,0,6,26,6,26,5,26,5,28,8,29,4,29,6,29,5,28,5,27,4,26,4,26,4,23,2,24,2,22,2,21,1,20,2,19,1,17,1,18,0,18,1,19,1,19,2,20,0,20,0,18,-1,18,-2,17,-3,16]"
CSI_DATA,264415,d8:b1:90:d9:de:f0,-66,11,-99,-37,68,56,-441751711,100,0,114,0,"[11,-28,13,-30,16,-33,16,-32,17,-33,16,-32,15,-31,15,-27,13,-28,12,-26,11,-24,11,-24,10,-25,8,-25,7,-25,6,-26,5,-26,5,-28,4,-27,2,-26,3,-27,0,-28,0,-27,0,-27,-1,-26,-1,-25,-2,-24,-1,-23,0,0,-4,-22,-4,-24,-4,-24,-5,-25,-5,-26,-4,-26,-6,-25,-6,-25,-5,-24,-5,-23,-5,-23,-4,-22,-5,-21,-4,-19,-3,-18,-3,-17,-4,-18,-3,-16,-3,-16,-3,-17,-3,-18,-3,-19,-4,-19,-3,-19,-2,-17,-2,-17,-1,-17,-1,-14]"
CSI_DATA,264416,d8:b1:90:d9:de:f0,-66,11,-99,-34,67,56,-441741649,100,0,114,0,"[21,25,22,29,22,32,21,33,20,33,19,33,16,32,15,30,15,29,14,28,14,26,13,27,13,26,14,24,14,25,16,26,16,24,16,25,16,24,16,23,17,24,17,25,17,23,17,22,16,20,16,20,15,19,15,19,0,0,16,19,13,20,15,20,16,21,15,22,15,23,14,23,13,24,12,22,12,22,11,21,9,22,9,20,8,19,7,18,6,17,5,16,4,16,5,16,4,16,4,16,4,17,3,18,3,19,3,17,2,16,0,16,0,16]"
CSI_DATA,264417,d8:b1:90:d9:de:f0,-65,11,-99,-36,67,56,-441731244,100,0,114,0,"[7,34,6,37,7,40,5,41,6,42,6,40,5,39,5,35,6,34,5,33,6,31,7,31,9,31,9,30,10,30,12,29,13,29,13,28,15,28,15,26,16,28,17,27,17,26,19,24,17,23,18,21,17,21,18,20,0,0,20,18,18,20,20,19,21,19,21,20,20,21,20,20,20,21,20,19,19,18,19,19,18,18,16,17,16,15,15,14,14,13,14,14,13,12,14,13,13,13,14,13,14,14,15,14,15,15,14,13,13,12,12,13,10,13]"
CSI_DATA,264418,d8:b1:90:d9:de:f0,-66,11,-99,-36,68,56,-441711558,100,0,114,0,"[-4,29,-5,32,-5,33,-7,34,-6,36,-4,36,-5,34,-4,32,-3,29,-1,28,0,26,0,26,1,26,1,26,4,26,4,25,5,27,8,26,9,27,9,24,12,24,12,24,12,24,14,22,14,20,14,19,16,19,16,18,0,0,16,17,18,16,18,16,19,16,19,16,19,17,20,16,20,17,20,14,18,15,19,13,16,14,16,11,16,11,15,8,13,10,14,8,14,8,15,8,15,9,15,8,16,8,17,8,17,10,16,8,16,8,14,8,13,9]"
CSI_DATA,264419,d8:b1:90:d9:de:f0,-66,11,-99,-34,67,56,-441691642,100,0,114,0,"[-31,5,-33,4,-36,2,-37,0,-38,0,-37,-1,-34,-2,-33,-2,-32,-2,-30,-3,-28,-2,-28,-3,-27,-4,-27,-3,-27,-3,-26,-2,-28,-3,-30,-2,-30,-2,-29,-1,-29,-1,-29,-1,-27,-1,-27,0,-26,0,-26,-3,-25,-1,-25,0,0,0,-25,-1,-24,-2,-24,-2,-26,-4,-26,-4,-27,-5,-25,-5,-25,-8,-25,-5,-24,-8,-23,-9,-20,-10,-19,-9,-18,-9,-18,-9,-16,-9,-15,-10,-16,-8,-16,-9,-16,-10,-16,-11,-16,-11,-16,-13,-14,-15,-15,-14,-13,-14,-10,-14,-8,-12]"
CSI_DATA,264420,d8:b1:90:d9:de:f0,-66,11,-99,-37,68,56,-441681621,100,0,114,0,"[19,25,20,29,21,30,21,32,20,32,19,31,18,31,17,29,17,25,17,23,16,22,17,22,17,22,18,21,18,20,19,20,21,19,21,20,22,19,22,17,24,17,24,16,24,14,24,13,22,12,23,11,22,11,22,10,0,0,22,9,21,9,22,9,23,9,24,9,25,10,24,10,23,10,23,9,22,9,22,10,21,10,21,8,20,8,18,7,17,7,15,7,17,6,17,6,18,7,18,6,17,7,19,8,19,8,18,8,17,7,15,10,11,7]"
CSI_DATA,264421,d8:b1:90:d9:de:f0,-65,11,-99,-35,67,56,-441671623,100,0,114,0,"[-33,0,-36,-2,-38,-2,-38,-5,-38,-6,-38,-6,-34,-7,-34,-8,-31,-7,-30,-7,-28,-6,-28,-7,-28,-6,-27,-6,-27,-5,-28,-4,-29,-3,-31,-4,-30,-4,-29,-3,-30,-4,-29,-2,-28,-3,-27,-1,-27,-3,-26,-2,-26,-1,-26,-2,0,0,-24,-1,-24,-1,-26,-1,-26,-3,-27,-3,-26,-3,-26,-4,-25,-6,-25,-5,-24,-6,-23,-6,-21,-7,-20,-7,-19,-7,-19,-7,-18,-7,-17,-6,-17,-8,-17,-7,-16,-8,-18,-8,-16,-10,-16,-11,-17,-11,-17,-11,-15,-12,-12,-11,-10,-10]"
CSI_DATA,264422,d8:b1:90:d9:de:f0,-66,11,-99,-36,68,56,-441661499,100,0,114,0,"[10,-29,11,-31,14,-33,14,-33,13,-34,13,-32,13,-32,11,-29,9,-28,9,-26,8,-25,8,-26,6,-25,6,-26,3,-26,3,-26,3,-27,2,-28,0,-28,0,-28,-1,-28,-2,-28,-4,-26,-4,-25,-6,-24,-6,-24,-6,-22,-5,-21,0,0,-8,-23,-8,-22,-8,-23,-8,-22,-9,-23,-9,-23,-9,-23,-9,-22,-9,-22,-8,-21,-8,-21,-9,-21,-8,-20,-8,-19,-7,-17,-7,-17,-8,-16,-6,-16,-7,-16,-7,-16,-7,-16,-8,-17,-8,-17,-8,-17,-7,-16,-7,-16,-6,-16,-4,-14]"
CSI_DATA,264423,d8:b1:90:d9:de:f0,-66,11,-99,-35,68,56,-441651326,100,0,114,0,"[28,0,31,1,32,3,34,5,32,6,32,7,31,7,28,7,26,6,26,6,25,6,24,6,25,5,25,4,25,4,24,5,25,5,25,4,26,3,25,3,26,3,25,3,25,2,25,1,25,2,23,1,24,0,24,0,0,0,23,2,22,1,23,1,24,2,25,3,25,4,25,4,25,5,25,6,24,5,22,5,20,7,21,6,19,6,18,6,17,6,15,6,16,6,17,6,17,7,18,8,17,10,17,10,17,10,17,10,16,11,12,10,10,10]"
CSI_DATA,264424,d8:b1:90:d9:de:f0,-66,11,-99,-36,68,56,-441631643,100,0,114,0,"[26,8,30,10,32,11,32,12,32,13,31,14,30,14,28,12,27,11,25,11,24,9,24,8,25,8,24,8,24,8,25,7,26,6,27,6,27,5,26,4,27,5,26,2,25,1,24,0,24,0,23,0,23,0,23,0,0,0,24,0,22,0,23,0,24,0,24,0,24,0,25,0,24,0,25,0,24,0,24,1,21,2,22,2,20,0,18,1,19,2,17,2,18,1,18,1,18,1,20,2,20,2,18,3,21,5,20,3,19,4,16,5,14,4]"
CSI_DATA,264425,d8:b1:90:d9:de:f0,-66,11,-99,-36,68,56,-441621537,100,0,114,0,"[-8,28,-9,32,-13,32,-15,33,-16,31,-16,31,-16,28,-16,27,-15,25,-16,24,-16,23,-14,21,-14,22,-14,22,-14,22,-15,22,-14,23,-15,23,-16,23,-15,24,-15,24,-14,24,-14,23,-13,22,-13,22,-11,21,-13,20,-12,20,0,0,-16,19,-13,18,-15,20,-15,18,-16,18,-17,18,-17,18,-17,16,-18,16,-18,15,-18,15,-18,13,-17,12,-16,10,-16,8,-17,8,-16,8,-16,7,-16,7,-17,7,-18,6,-18,6,-17,6,-18,5,-20,2,-19,1,-16,1,-16,0]"
CSI_DATA,264426,d8:b1:90:d9:de:f0,-66,11,-99,-36,68,56,-441601483,100,0,114,0,"[9,-26,10,-29,14,-31,16,-31,16,-31,16,-29,17,-26,16,-26,16,-24,16,-23,15,-21,14,-21,14,-21,14,-22,14,-19,14,-23,13,-23,13,-23,12,-23,13,-23,13,-24,12,-22,13,-23,11,-21,12,-20,9,-20,10,-18,12,-19,0,0,12,-20,10,-19,11,-20,13,-20,13,-21,15,-20,15,-20,16,-20,16,-19,17,-17,16,-16,16,-16,16,-13,15,-12,14,-11,14,-11,13,-11,13,-10,15,-9,16,-10,16,-9,16,-9,16,-9,17,-8,17,-6,17,-6,16,-6,14,-4]"
CSI_DATA,264427,d8:b1:90:d9:de:f0,-66,11,-99,-37,68,56,-441591200,100,0,114,0,"[-11,28,-14,30,-16,32,-18,33,-17,32,-15,32,-15,30,-15,28,-13,27,-12,25,-11,24,-11,24,-11,25,-10,25,-8,26,-8,25,-7,27,-6,28,-5,29,-4,28,-4,29,-2,29,-2,28,0,26,-2,27,0,26,0,25,0,25,0,0,0,24,1,25,2,25,3,25,2,27,1,26,1,27,1,28,0,26,1,27,1,25,0,24,1,23,0,22,0,20,0,19,0,20,0,19,0,19,0,20,0,21,1,22,0,21,0,21,-1,19,0,19,-1,18,-1,16]"
CSI_DATA,264428,d8:b1:90:d9:de:f0,-66,11,-99,-36,68,56,-441580693,100,0,114,0,"[-30,4,-32,3,-33,1,-34,0,-35,0,-32,0,-32,-3,-29,-3,-29,-2,-26,-4,-25,-2,-25,-4,-25,-4,-24,-5,-24,-4,-24,-4,-25,-3,-27,-4,-27,-3,-27,-3,-26,-3,-26,-2,-25,-3,-24,-3,-25,-5,-24,-4,-23,-5,-24,-4,0,0,-24,-6,-24,-6,-22,-6,-24,-7,-23,-7,-24,-8,-24,-8,-23,-10,-24,-9,-23,-11,-21,-12,-17,-13,-17,-13,-16,-11,-16,-12,-14,-12,-15,-12,-15,-11,-14,-11,-14,-12,-14,-14,-14,-15,-12,-16,-11,-16,-10,-16,-8,-16,-7,-16,-5,-14]"
CSI_DATA,264429,d8:b1:90:d9:de:f0,-66,11,-99,-34,67,56,-441561658,100,0,114,0,"[16,24,17,26,17,30,17,32,16,32,16,33,15,31,14,29,14,26,13,27,13,25,14,24,14,22,14,22,15,22,16,23,16,22,16,22,17,22,17,21,18,21,18,20,18,19,19,19,18,18,18,16,18,16,18,16,0,0,17,16,18,17,19,16,19,17,20,18,20,17,19,17,19,19,19,17,19,16,17,16,17,17,16,17,15,16,14,14,14,15,13,15,13,14,14,14,13,15,13,15,14,16,14,16,13,17,13,16,12,16,9,16,7,15]"
CSI_DATA,264430,d8:b1:90:d9:de:f0,-66,11,-99,-36,68,56,-441550981,100,0,114,0,"[-14,26,-16,28,-17,30,-17,29,-18,32,-17,30,-17,28,-16,27,-13,26,-12,25,-11,24,-10,25,-9,24,-8,24,-7,24,-6,25,-4,26,-5,27,-2,27,-1,27,0,28,1,29,0,26,2,25,2,25,2,25,2,24,2,22,0,0,5,22,6,24,7,24,7,23,8,24,8,24,8,24,8,24,8,23,7,22,8,21,7,21,7,20,6,19,8,17,6,16,6,16,6,16,7,16,7,16,8,17,8,17,9,18,9,19,7,17,6,16,7,16,5,15]"
CSI_DATA,264431,d8:b1:90:d9:de:f0,-66,11,-99,-34,67,56,-441531506,100,0,114,0,"[-16,-26,-17,-30,-16,-33,-16,-34,-15,-34,-14,-34,-12,-33,-10,-33,-9,-31,-10,-29,-8,-27,-8,-27,-9,-26,-8,-26,-9,-26,-8,-27,-10,-27,-9,-28,-10,-28,-9,-27,-10,-28,-11,-27,-11,-26,-11,-26,-9,-26,-9,-25,-8,-24,-8,-25,0,0,-9,-22,-7,-25,-8,-24,-7,-24,-6,-26,-5,-27,-5,-26,-4,-27,-4,-27,-2,-26,-1,-25,0,-24,0,-23,0,-22,0,-19,0,-20,0,-18,1,-18,0,-19,2,-19,1,-20,2,-20,3,-21,5,-20,6,-18,5,-17,6,-16,7,-14]"
CSI_DATA,264432,d8:b1:90:d9:de:f0,-66,11,-99,-35,67,56,-441511644,100,0,114,0,"[-27,-17,-28,-21,-29,-23,-30,-25,-29,-26,-28,-26,-26,-25,-24,-25,-23,-22,-22,-21,-21,-19,-21,-19,-19,-18,-20,-18,-21,-17,-21,-18,-22,-18,-22,-18,-24,-18,-23,-17,-23,-18,-25,-17,-24,-16,-23,-15,-21,-14,-21,-15,-21,-13,-21,-13,0,0,-22,-12,-21,-14,-23,-15,-21,-14,-22,-16,-21,-16,-21,-16,-22,-17,-21,-17,-21,-18,-18,-17,-17,-18,-16,-16,-16,-16,-14,-14,-13,-14,-13,-14,-12,-13,-13,-14,-13,-14,-14,-14,-13,-16,-13,-17,-12,-17,-11,-16,-9,-15,-8,-15,-5,-15]"
CSI_DATA,264433,d8:b1:90:d9:de:f0,-66,11,-99,-34,67,56,-441501634,100,0,114,0,"[0,-30,0,-33,1,-36,1,-36,1,-37,0,-36,0,-33,1,-33,0,-31,0,-30,-2,-28,-2,-27,-3,-26,-4,-26,-6,-26,-7,-25,-9,-26,-11,-27,-11,-26,-12,-25,-13,-26,-15,-25,-16,-24,-16,-21,-16,-19,-16,-20,-17,-18,-17,-16,0,0,-17,-17,-18,-16,-17,-16,-18,-16,-20,-17,-19,-17,-20,-16,-22,-17,-21,-16,-20,-16,-20,-16,-20,-14,-18,-15,-17,-13,-16,-12,-16,-11,-16,-10,-16,-9,-17,-10,-17,-9,-17,-9,-18,-9,-19,-10,-19,-10,-17,-9,-16,-8,-15,-10,-13,-9]"
CSI_DATA,264434,d8:b1:90:d9:de:f0,-66,11,-99,-37,68,56,-441491624,100,0,114,0,"[-18,-22,-18,-25,-20,-28,-20,-29,-18,-30,-19,-31,-16,-28,-15,-27,-14,-25,-14,-24,-14,-22,-13,-22,-15,-21,-14,-22,-15,-21,-16,-22,-18,-22,-17,-21,-19,-21,-18,-20,-19,-21,-19,-19,-18,-19,-19,-17,-18,-16,-17,-17,-17,-16,-17,-15,0,0,-19,-15,-17,-16,-20,-17,-18,-15,-19,-18,-20,-19,-19,-18,-21,-20,-19,-19,-18,-17,-17,-17,-16,-17,-16,-17,-15,-16,-13,-14,-12,-14,-11,-14,-11,-13,-12,-13,-12,-14,-13,-14,-12,-16,-13,-17,-13,-17,-11,-16,-11,-15,-9,-14,-7,-13]"
CSI_DATA,264435,d8:b1:90:d9:de:f0,-66,11,-99,-34,67,56,-441481622,100,0,114,0,"[20,22,21,26,22,30,19,32,19,33,17,33,15,32,13,30,13,29,11,28,9,28,11,26,10,24,10,26,11,26,11,26,11,26,10,27,11,27,11,26,10,27,10,27,9,26,9,25,8,25,8,23,8,23,8,23,0,0,7,23,6,25,5,26,5,26,5,27,3,29,1,28,1,30,0,28,0,27,0,26,0,25,-1,24,-1,23,-1,22,-2,20,-3,19,-4,18,-4,18,-6,19,-5,20,-7,20,-7,21,-7,20,-8,18,-9,16,-10,16,-9,13]"
CSI_DATA,264436,d8:b1:90:d9:de:f0,-66,11,-99,-34,67,56,-441471550,100,0,114,0,"[29,6,32,7,33,9,35,10,36,12,34,11,33,12,32,11,28,9,27,8,26,7,27,7,27,6,27,6,26,5,26,4,27,3,28,3,29,2,29,1,29,1,29,0,27,0,27,0,26,0,24,0,24,-1,25,-1,0,0,24,-3,25,-3,24,-3,26,-2,27,-2,26,-2,26,-3,26,-1,27,-2,27,-3,25,-3,24,-1,22,-2,22,-1,22,-1,21,-1,19,-1,20,-1,20,-1,19,-2,21,-1,21,-2,21,-1,22,-1,21,-1,19,0,16,0,16,0]"
CSI_DATA,264437,d8:b1:90:d9:de:f0,-66,11,-99,-35,68,56,-441448083,100,0,114,0,"[-15,-23,-14,-25,-15,-29,-15,-30,-14,-30,-13,-30,-12,-27,-12,-26,-12,-25,-12,-24,-11,-22,-12,-21,-11,-20,-12,-20,-12,-20,-12,-21,-14,-21,-14,-21,-15,-20,-16,-20,-16,-20,-17,-19,-17,-18,-16,-17,-16,-18,-17,-17,-16,-16,-16,-16,0,0,-15,-15,-16,-16,-17,-15,-16,-17,-16,-18,-18,-19,-19,-18,-17,-18,-17,-17,-16,-17,-15,-16,-14,-17,-14,-16,-12,-15,-12,-14,-12,-14,-12,-13,-12,-12,-12,-13,-12,-14,-12,-13,-12,-15,-12,-16,-12,-16,-12,-14,-11,-14,-8,-14,-7,-12]"
CSI_DATA,264438,d8:b1:90:d9:de:f0,-66,11,-99,-34,67,56,-441431636,100,0,114,0,"[-29,9,-32,10,-33,10,-34,10,-35,11,-34,10,-33,9,-32,9,-29,10,-29,9,-26,10,-25,11,-24,12,-24,13,-23,14,-22,16,-22,16,-23,17,-22,18,-20,18,-20,20,-19,20,-18,20,-15,20,-16,20,-15,20,-13,20,-13,20,0,0,-13,21,-11,22,-11,22,-12,22,-11,23,-11,24,-10,24,-11,24,-11,24,-10,24,-10,22,-8,23,-7,21,-7,21,-7,19,-7,19,-5,18,-6,19,-4,18,-5,20,-5,19,-4,19,-3,19,-5,19,-6,20,-5,19,-5,16,-4,15]"
CSI_DATA,264439,d8:b1:90:d9:de:f0,-66,11,-99,-34,67,56,-441421617,100,0,114,0,"[-4,-31,-3,-33,-2,-35,-1,-36,0,-38,0,-35,0,-35,0,-33,0,-31,0,-30,0,-29,0,-29,0,-27,-1,-28,-1,-28,-2,-27,-2,-29,-2,-28,-2,-28,-4,-28,-3,-27,-5,-28,-5,-27,-5,-27,-6,-25,-6,-24,-5,-25,-5,-24,0,0,-6,-22,-6,-25,-6,-25,-6,-25,-6,-25,-6,-27,-5,-27,-5,-26,-4,-27,-4,-26,-3,-25,-3,-25,-3,-24,-2,-23,-1,-21,-1,-19,-2,-20,-2,-19,-2,-19,0,-19,-1,-20,-1,-22,-2,-22,0,-22,0,-19,0,-17,1,-18,2,-16]"
CSI_DATA,264440,d8:b1:90:d9:de:f0,-66,11,-99,-34,67,56,-441411324,100,0,114,0,"[-24,-20,-26,-23,-28,-25,-27,-26,-28,-26,-28,-25,-26,-24,-25,-22,-25,-20,-24,-19,-23,-17,-22,-16,-24,-14,-24,-14,-23,-13,-24,-11,-26,-10,-27,-9,-29,-9,-28,-7,-28,-6,-29,-6,-27,-5,-26,-2,-26,-2,-25,-1,-24,-1,-25,0,0,0,-26,0,-23,2,-24,2,-27,1,-27,3,-27,1,-27,2,-26,2,-26,3,-26,3,-24,3,-24,3,-23,3,-21,4,-20,4,-20,4,-19,5,-19,6,-19,6,-18,7,-20,6,-19,7,-18,6,-21,7,-20,7,-18,7,-16,5,-15,4]"
CSI_DATA,264441,d8:b1:90:d9:de:f0,-65,11,-99,-35,66,56,-441400943,100,0,228,0,"[13,21,10,26,7,31,5,35,3,39,2,38,2,39,-76,-1,1,34,1,32,1,29,1,26,0,22,-1,20,-3,18,-4,16,-5,14,-8,13,-8,13,-9,10,-9,9,-22,-10,-7,7,-5,5,-2,2,-1,0,0,-3,2,-7,0,0,3,-14,2,-18,1,-21,0,-25,-2,-26,-4,-28,-43,16,-5,-28,-6,-26,-5,-25,-4,-21,-3,-19,-1,-17,1,-14,3,-13,4,-11,5,-10,5,-9,5,-9,5,-10,62,0,3,-9,1,-8,-1,-5,-4,-4,-6,-1,-6,1,-7,3,1,-13,-10,-14,-20,-3,-18,10,-6,22,9,20,20,10,23,33,15,-17,0,-22,-15,-18,-26,-3,-21,16,-5,28,18,23,31,4,25,-20,2,-32,-21,-22,-29,0,-18,19,-8,32,14,15,17,2,13,-8,4,-13,-5,-13,-10,-6,0,0,-6,9,4,13,9,5,9,-5,1,-7,-5,-3,-7,-22,6,4,9,-6,1,-15,-13,-10,-19,4,-9,19,8,20,21,6,18,-10,3,-20,-11,-16,-17,-2,-13,9,3,4,7,10,10,5,8,-1,6,-5,4,-6,-1,-7,-4,-5]"
CSI_DATA,264442,d8:b1:90:d9:de:f0,-65,11,-99,-37,67,56,-441390702,100,0,228,0,"[-3,-22,-1,-26,2,-30,4,-33,7,-36,7,-37,7,-37,-72,-1,5,-32,3,-30,3,-27,2,-24,1,-22,2,-19,3,-17,4,-15,5,-14,6,-12,7,-11,8,-11,8,-10,-21,-10,5,-8,3,-6,2,-3,0,0,0,3,-1,7,0,0,2,14,3,18,6,20,8,21,11,23,14,23,-92,0,17,21,17,19,16,17,14,15,12,15,10,13,7,11,5,11,4,11,2,11,3,11,2,12,4,11,41,0,5,8,5,5,5,3,7,0,6,-3,4,-6,3,-8,-6,11,5,15,16,9,20,-4,12,-18,-3,-21,-15,-14,-15,-36,-16,13,-4,20,11,19,23,7,22,-12,6,-26,-16,-23,-30,-4,-24,20,-1,31,22,21,28,-3,15,-20,4,-31,-15,-12,-16,1,-11,10,-2,13,7,11,12,4,0,0,3,-12,-7,-10,-11,0,-6,8,3,7,7,-1,15,16,-8,-2,-6,9,6,13,16,3,14,-14,-2,-20,-18,-12,-20,6,-8,19,9,18,18,5,14,-9,3,-14,-4,-1,-11,-3,-10,3,-4,7,0,8,3,8,7,4,7,0]"
CSI_DATA,264443,d8:b1:90:d9:de:f0,-65,11,-99,-35,66,56,-441371444,100,0,228,0,"[25,0,28,4,31,9,33,14,35,16,35,18,34,19,-76,-1,31,17,29,15,26,14,22,13,20,11,17,11,14,13,11,11,9,13,6,13,5,13,3,13,2,11,-22,-10,2,9,1,5,0,3,-1,0,-2,-3,-4,-7,0,0,-8,-10,-13,-14,-16,-15,-19,-16,-20,-17,-25,-16,4,16,-25,-14,-23,-13,-21,-13,-19,-11,-16,-11,-13,-10,-9,-10,-7,-11,-5,-11,-3,-10,-4,-11,-4,-10,-4,-10,-52,16,-5,-8,-5,-5,-5,-2,-5,-1,-5,2,-4,6,-4,7,-9,-7,-17,1,-14,15,-1,22,14,18,22,3,19,-10,42,-1,-6,-20,-19,-11,-23,3,-17,19,1,27,20,20,30,-2,21,-25,-2,-32,-26,-20,-31,4,-18,25,4,27,20,26,20,-2,11,-13,2,-15,-7,-10,-11,-3,-11,5,0,0,4,10,11,5,9,-5,2,-9,-7,-5,-5,3,-22,-9,8,-1,2,-11,-9,-11,-18,3,-10,17,7,20,20,7,20,-9,6,-21,-11,-17,-19,-2,-15,11,-2,16,4,1,11,3,9,-2,6,-7,2,-8,-3,-7,-6,-5,-7,-1]"
CSI_DATA,264444,d8:b1:90:d9:de:f0,-66,11,-99,-35,67,56,-441361441,100,0,114,0,"[30,-9,33,-8,35,-8,35,-8,37,-8,36,-8,34,-8,34,-7,31,-9,30,-9,28,-9,28,-9,27,-10,26,-11,25,-12,25,-12,24,-14,24,-15,23,-16,23,-16,23,-18,22,-19,19,-19,19,-19,19,-18,18,-18,16,-17,16,-16,0,0,14,-19,15,-20,14,-19,16,-20,15,-21,16,-23,15,-23,16,-22,15,-21,16,-21,15,-21,14,-20,12,-18,12,-18,11,-17,11,-16,10,-17,10,-17,11,-17,9,-19,10,-19,9,-19,9,-19,10,-19,11,-18,9,-16,8,-16,8,-12]"
CSI_DATA,264445,d8:b1:90:d9:de:f0,-66,11,-99,-37,68,56,-441341316,100,0,114,0,"[-5,-29,-4,-33,-4,-35,-5,-37,-5,-36,-6,-36,-5,-33,-5,-32,-7,-30,-7,-29,-7,-28,-7,-27,-8,-25,-9,-26,-10,-24,-11,-24,-11,-24,-13,-24,-15,-23,-15,-22,-15,-22,-17,-21,-18,-20,-18,-18,-18,-18,-18,-16,-18,-16,-17,-14,0,0,-18,-15,-18,-13,-18,-13,-20,-13,-20,-14,-20,-13,-21,-13,-22,-14,-21,-14,-21,-13,-20,-12,-20,-14,-19,-11,-18,-11,-17,-9,-16,-9,-17,-8,-16,-8,-16,-6,-16,-7,-17,-7,-18,-7,-18,-7,-19,-7,-19,-5,-18,-5,-15,-7,-12,-6]"
CSI_DATA,264446,d8:b1:90:d9:de:f0,-66,11,-99,-35,68,56,-441321166,100,0,114,0,"[0,30,-3,33,-5,36,-6,37,-8,35,-8,35,-9,32,-11,31,-9,29,-9,27,-9,25,-9,25,-10,25,-9,23,-9,23,-9,23,-9,25,-10,24,-9,25,-11,24,-10,24,-10,23,-9,23,-8,22,-10,22,-10,19,-11,19,-10,19,0,0,-12,18,-12,18,-12,18,-13,18,-14,19,-15,19,-16,18,-17,18,-18,16,-19,15,-18,14,-18,13,-17,11,-16,12,-17,9,-17,7,-16,7,-16,7,-16,7,-18,6,-18,6,-18,6,-18,6,-19,5,-19,2,-18,1,-17,2,-13,0]"
CSI_DATA,264447,d8:b1:90:d9:de:f0,-66,11,-99,-35,68,56,-441301468,100,0,114,0,"[14,-26,18,-29,19,-30,21,-31,21,-28,23,-29,22,-25,21,-25,19,-23,19,-22,17,-21,16,-19,18,-21,17,-20,16,-19,15,-19,16,-21,16,-21,16,-21,15,-20,15,-21,14,-21,13,-20,12,-19,12,-19,12,-18,12,-18,12,-19,0,0,12,-17,12,-18,13,-17,13,-17,15,-17,15,-17,16,-18,17,-16,17,-15,18,-16,18,-13,16,-12,15,-11,15,-12,16,-10,16,-10,14,-10,17,-10,16,-9,16,-9,17,-10,17,-9,16,-8,18,-6,19,-6,18,-5,15,-4,13,-3]"
CSI_DATA,264448,d8:b1:90:d9:de:f0,-67,11,-99,-37,69,56,-441290692,100,0,114,0,"[-28,0,-32,-3,-34,-3,-35,-3,-36,-4,-35,-4,-33,-4,-31,-4,-29,-2,-27,-3,-26,-1,-26,-1,-23,-1,-24,0,-23,0,-23,0,-25,1,-26,2,-25,2,-25,2,-23,3,-23,4,-23,4,-22,5,-22,4,-20,5,-20,5,-19,4,0,0,-20,5,-19,6,-18,4,-21,5,-20,6,-20,6,-21,6,-22,4,-22,5,-22,4,-21,4,-18,3,-18,2,-17,3,-17,3,-16,1,-15,2,-15,3,-15,4,-16,3,-16,4,-15,3,-17,1,-17,1,-18,2,-16,1,-13,1,-13,0]"
CSI_DATA,264449,d8:b1:90:d9:de:f0,-66,11,-99,-36,68,56,-441278229,100,0,114,0,"[20,24,21,28,21,31,20,33,21,34,20,33,17,32,16,31,16,28,13,27,13,25,13,25,13,24,15,24,14,24,15,24,15,23,16,24,16,23,16,22,16,22,16,22,14,21,15,20,15,19,15,18,13,17,12,16,0,0,14,17,13,18,13,17,13,18,12,19,13,20,12,20,11,22,10,21,10,20,8,20,7,20,7,18,6,18,6,16,6,16,5,16,6,15,5,14,4,15,5,16,3,16,4,17,3,17,2,17,1,16,1,15,0,13]"
CSI_DATA,264450,d8:b1:90:d9:de:f0,-67,11,-99,-34,68,56,-441261649,100,0,114,0,"[29,-9,32,-9,33,-9,35,-8,37,-9,36,-8,34,-7,32,-7,30,-7,28,-6,26,-8,26,-8,25,-9,24,-10,23,-10,23,-10,23,-12,25,-11,23,-13,22,-15,20,-14,21,-15,19,-14,19,-15,18,-15,15,-14,15,-14,15,-14,0,0,13,-15,15,-14,15,-14,16,-15,15,-15,15,-15,15,-15,15,-15,15,-15,16,-15,15,-13,14,-13,14,-12,12,-10,14,-10,13,-9,12,-10,11,-10,11,-10,12,-10,12,-10,12,-10,12,-11,12,-10,14,-10,13,-10,10,-8,9,-6]"
CSI_DATA,264451,d8:b1:90:d9:de:f0,-67,11,-99,-35,68,56,-441251635,100,0,114,0,"[29,-8,32,-7,37,-6,37,-5,37,-4,35,-3,33,-1,32,-2,31,-1,30,-2,28,-1,27,0,25,0,25,-1,25,-1,25,-1,26,-2,26,-2,28,-3,26,-4,26,-3,25,-4,25,-3,24,-3,24,-4,22,-3,21,-3,20,-3,0,0,22,-3,20,-1,20,-1,22,-1,22,-2,23,-1,23,0,23,0,23,1,23,0,21,2,19,2,19,2,18,2,17,3,17,4,15,3,15,2,15,2,16,5,17,5,16,5,15,6,16,6,17,6,14,6,12,6,11,6]"
CSI_DATA,264452,d8:b1:90:d9:de:f0,-67,11,-99,-35,68,56,-441241301,100,0,114,0,"[-2,-30,-1,-33,0,-37,0,-37,0,-37,0,-34,0,-34,0,-31,0,-31,0,-29,0,-28,-1,-26,-2,-26,-3,-24,-5,-25,-6,-25,-6,-26,-6,-26,-8,-25,-8,-25,-9,-24,-11,-23,-11,-23,-12,-21,-10,-20,-12,-20,-12,-19,-12,-17,0,0,-11,-17,-12,-17,-12,-18,-12,-19,-12,-19,-12,-18,-13,-19,-12,-19,-12,-18,-12,-18,-12,-17,-11,-17,-12,-16,-8,-15,-9,-13,-8,-12,-8,-12,-7,-12,-9,-12,-8,-13,-8,-12,-9,-12,-10,-13,-10,-14,-9,-13,-7,-12,-7,-12,-6,-10]"
CSI_DATA,264453,d8:b1:90:d9:de:f0,-67,11,-99,-34,68,56,-441221474,100,0,114,0,"[30,-2,31,-1,35,-2,36,-1,36,-1,37,-2,35,-1,32,-2,30,-3,29,-2,27,-4,26,-5,26,-7,24,-7,24,-7,25,-9,24,-10,24,-10,23,-12,23,-13,21,-14,20,-15,18,-14,16,-15,16,-15,15,-16,13,-15,13,-16,0,0,14,-18,10,-17,12,-17,12,-18,11,-19,12,-19,11,-19,12,-20,11,-19,11,-20,10,-19,8,-17,8,-16,7,-15,7,-15,8,-14,5,-14,5,-14,6,-14,6,-15,7,-15,5,-15,5,-15,6,-16,5,-15,5,-15,4,-13,3,-12]"
CSI_DATA,264454,d8:b1:90:d9:de:f0,-66,11,-99,-36,68,56,-441201585,100,0,114,0,"[30,-7,33,-7,36,-5,38,-3,38,-2,37,-1,34,0,33,1,32,1,31,1,30,0,28,2,28,2,27,2,27,1,27,1,27,0,28,2,28,0,27,0,26,1,26,0,25,0,24,0,24,0,23,0,23,0,22,0,0,0,22,0,23,0,23,1,24,0,24,2,24,3,24,3,23,4,23,4,21,4,20,5,19,6,17,5,16,6,16,5,16,6,14,6,14,5,16,6,14,8,16,7,14,8,14,8,14,9,16,8,14,8,10,8,9,8]"
CSI_DATA,264455,d8:b1:90:d9:de:f0,-67,11,-99,-35,68,56,-441191512,100,0,114,0,"[27,-10,32,-10,33,-10,34,-10,34,-10,34,-9,32,-8,32,-7,29,-10,28,-7,25,-8,25,-8,25,-10,24,-9,23,-10,23,-11,23,-11,23,-12,23,-13,21,-14,21,-14,19,-15,19,-15,17,-16,18,-16,17,-16,15,-15,16,-16,0,0,15,-16,13,-17,14,-17,15,-19,14,-19,14,-19,14,-19,15,-19,14,-18,15,-19,14,-19,12,-16,12,-15,11,-14,11,-13,10,-13,9,-13,10,-13,9,-14,9,-14,10,-13,8,-14,8,-14,7,-14,10,-14,8,-12,6,-12,6,-11]"
CSI_DATA,264456,d8:b1:90:d9:de:f0,-66,11,-99,-36,68,56,-441171523,100,0,114,0,"[-9,-29,-9,-32,-9,-34,-9,-35,-9,-36,-9,-35,-8,-33,-8,-32,-9,-30,-8,-28,-9,-26,-9,-26,-10,-24,-11,-24,-13,-24,-13,-24,-15,-24,-16,-24,-16,-24,-16,-21,-17,-21,-17,-20,-17,-18,-18,-16,-17,-15,-17,-16,-18,-14,-19,-14,0,0,-20,-11,-20,-11,-22,-12,-21,-11,-22,-11,-22,-11,-23,-10,-24,-11,-22,-9,-22,-10,-23,-9,-19,-9,-18,-8,-16,-7,-16,-5,-16,-5,-16,-4,-16,-4,-16,-3,-16,-3,-17,-2,-16,-2,-18,-2,-18,-1,-17,0,-17,-1,-15,0,-14,0]"
CSI_DATA,264457,d8:b1:90:d9:de:f0,-66,11,-99,-36,68,56,-441161430,100,0,114,0,"[-22,22,-24,23,-26,23,-28,23,-30,23,-29,21,-29,18,-28,17,-25,17,-25,16,-22,16,-24,15,-23,16,-23,15,-21,16,-21,16,-22,16,-23,16,-21,17,-21,17,-19,17,-18,18,-18,16,-16,18,-18,16,-16,16,-15,16,-16,16,0,0,-15,17,-16,18,-16,18,-16,18,-16,17,-16,17,-16,18,-18,17,-18,16,-19,17,-17,17,-15,15,-16,15,-14,13,-14,12,-14,12,-12,12,-13,12,-13,12,-13,12,-13,12,-13,13,-11,12,-13,12,-13,11,-12,11,-11,11,-9,9]"
CSI_DATA,264458,d8:b1:90:d9:de:f0,-66,11,-99,-36,68,56,-441151422,100,0,114,0,"[17,23,17,26,16,31,16,30,14,33,11,32,10,32,8,31,8,28,7,28,6,26,6,25,5,24,4,25,4,25,4,25,4,25,3,26,3,27,3,26,4,26,3,26,3,25,2,25,1,24,2,24,0,23,0,23,0,0,1,22,0,24,0,23,0,24,0,24,-1,26,-2,25,-3,26,-4,24,-5,24,-6,23,-5,22,-6,19,-6,18,-6,17,-6,16,-7,16,-8,16,-7,16,-7,16,-8,15,-8,17,-8,16,-9,16,-8,14,-9,14,-9,13,-8,11]"
CSI_DATA,264459,d8:b1:90:d9:de:f0,-66,11,-99,-36,68,56,-441139848,100,0,114,0,"[13,-25,16,-27,19,-28,22,-27,24,-28,24,-25,24,-23,23,-22,22,-20,21,-17,20,-16,21,-15,21,-16,20,-15,20,-14,20,-14,21,-15,23,-15,22,-16,22,-14,22,-15,21,-16,21,-15,20,-14,21,-14,21,-12,20,-12,20,-12,0,0,20,-12,20,-12,21,-13,22,-12,24,-10,24,-10,24,-9,24,-8,25,-8,25,-8,24,-6,22,-5,21,-3,20,-4,19,-2,19,-2,18,-3,19,-2,18,-3,19,-2,19,-2,18,-1,18,0,20,0,19,0,18,1,16,0,14,0]"
CSI_DATA,264460,d8:b1:90:d9:de:f0,-67,11,-99,-34,68,56,-441121498,100,0,114,0,"[7,-26,7,-29,8,-31,10,-30,11,-31,10,-29,10,-28,10,-26,9,-25,9,-24,8,-22,6,-22,5,-22,5,-21,5,-23,5,-23,4,-25,3,-24,2,-25,1,-24,0,-24,0,-24,0,-23,0,-23,0,-23,-3,-23,-1,-22,-2,-22,0,0,-3,-22,-4,-23,-5,-24,-5,-23,-6,-24,-5,-26,-5,-26,-5,-25,-5,-24,-5,-23,-5,-23,-5,-22,-5,-21,-5,-20,-5,-18,-5,-18,-5,-17,-5,-16,-6,-17,-5,-16,-7,-16,-7,-17,-8,-17,-10,-17,-8,-15,-8,-15,-8,-15,-7,-14]"
CSI_DATA,264461,d8:b1:90:d9:de:f0,-67,11,-99,-34,68,56,-441101344,100,0,114,0,"[17,-19,20,-21,21,-21,23,-21,23,-22,22,-20,21,-20,21,-18,18,-19,18,-17,16,-16,16,-16,15,-16,15,-16,14,-17,14,-18,14,-19,14,-19,14,-20,13,-20,10,-20,10,-21,9,-21,8,-21,8,-21,6,-21,6,-21,6,-21,0,0,5,-22,5,-22,4,-23,5,-24,3,-24,3,-25,3,-26,4,-26,3,-26,4,-26,3,-24,1,-23,1,-22,0,-21,1,-21,0,-20,0,-19,0,-19,0,-19,0,-19,0,-19,-1,-20,-3,-20,-2,-19,0,-20,-2,-19,-3,-17,-2,-15]"
CSI_DATA,264462,d8:b1:90:d9:de:f0,-67,11,-99,-34,68,56,-441081506,100,0,114,0,"[-23,-10,-24,-14,-25,-15,-25,-18,-24,-20,-22,-21,-21,-21,-19,-21,-16,-19,-15,-19,-14,-18,-12,-17,-13,-17,-11,-19,-13,-20,-13,-19,-12,-19,-13,-19,-13,-20,-11,-19,-13,-21,-12,-21,-11,-20,-11,-21,-11,-20,-10,-21,-11,-20,-10,-19,0,0,-10,-21,-9,-22,-10,-23,-9,-24,-9,-24,-7,-26,-7,-26,-6,-26,-5,-26,-5,-24,-3,-25,-2,-26,-2,-24,-1,-23,0,-23,0,-21,0,-19,0,-19,0,-19,1,-21,0,-20,2,-21,2,-22,3,-22,2,-20,3,-21,5,-18,5,-16]"
CSI_DATA,264463,d8:b1:90:d9:de:f0,-67,11,-99,-34,68,56,-441071464,100,0,114,0,"[12,23,13,25,12,26,12,27,10,28,10,28,9,26,8,25,8,24,7,23,7,22,6,21,6,21,7,21,9,21,7,21,8,21,9,22,9,22,10,21,10,22,10,21,10,20,11,19,10,20,10,20,12,20,13,19,0,0,13,20,13,19,13,20,14,21,14,23,13,24,14,23,13,23,14,22,14,21,14,21,12,21,12,20,12,20,11,18,11,17,11,16,10,15,11,15,10,16,12,16,13,18,13,17,13,17,12,15,11,15,10,16,8,14]"
CSI_DATA,264464,d8:b1:90:d9:de:f0,-67,11,-99,-34,68,56,-441051214,100,0,114,0,"[-2,-24,-1,-26,0,-29,0,-29,0,-30,0,-28,1,-27,2,-25,0,-23,2,-22,0,-22,1,-21,0,-22,0,-21,0,-21,0,-21,0,-23,-1,-22,-1,-23,0,-23,-2,-24,-2,-24,-2,-23,-4,-22,-2,-22,-3,-23,-3,-21,-3,-21,0,0,-5,-21,-5,-22,-5,-24,-5,-26,-6,-26,-5,-26,-5,-26,-5,-26,-5,-26,-5,-26,-5,-26,-4,-23,-4,-23,-5,-21,-5,-21,-4,-20,-5,-20,-4,-19,-5,-19,-5,-21,-5,-21,-6,-21,-6,-21,-6,-21,-6,-20,-5,-19,-5,-19,-4,-17]"
CSI_DATA,264465,d8:b1:90:d9:de:f0,-67,11,-99,-34,68,56,-441039186,100,0,114,0,"[-4,-24,-3,-26,-2,-28,0,-29,0,-28,0,-28,1,-26,2,-25,1,-23,2,-22,1,-21,1,-20,1,-21,1,-21,1,-20,0,-21,0,-23,1,-22,0,-23,0,-23,0,-24,0,-23,0,-23,0,-23,0,-23,-1,-23,-1,-22,0,-22,0,0,0,-22,-1,-23,0,-24,0,-24,-1,-26,0,-27,0,-28,0,-27,0,-26,1,-26,0,-26,1,-24,0,-23,0,-21,1,-21,1,-21,1,-19,0,-19,0,-20,1,-21,1,-21,0,-22,0,-23,0,-22,0,-21,1,-20,0,-19,1,-17]"
CSI_DATA,264466,d8:b1:90:d9:de:f0,-67,11,-99,-34,68,56,-441021649,100,0,114,0,"[-21,-14,-21,-15,-22,-18,-21,-20,-21,-20,-20,-20,-18,-20,-16,-18,-15,-17,-15,-15,-15,-15,-13,-15,-14,-15,-14,-14,-14,-15,-15,-15,-15,-15,-15,-15,-15,-15,-15,-15,-16,-17,-16,-16,-15,-15,-16,-16,-15,-15,-16,-16,-16,-15,-15,-15,0,0,-17,-14,-16,-16,-17,-16,-17,-17,-19,-20,-19,-20,-19,-21,-19,-21,-19,-20,-18,-19,-17,-20,-15,-18,-14,-18,-15,-16,-14,-15,-12,-16,-12,-15,-13,-15,-13,-14,-14,-15,-15,-15,-15,-17,-15,-18,-15,-16,-14,-15,-14,-15,-11,-15,-10,-14]"
CSI_DATA,264467,d8:b1:90:d9:de:f0,-67,11,-99,-34,68,56,-441011461,100,0,114,0,"[3,-25,5,-27,5,-28,6,-28,6,-30,6,-29,5,-26,5,-25,5,-23,5,-23,3,-21,3,-20,2,-21,0,-21,0,-21,0,-20,0,-22,0,-21,-1,-21,-3,-22,-3,-24,-4,-23,-4,-24,-5,-22,-5,-22,-7,-21,-8,-21,-9,-21,0,0,-8,-21,-9,-21,-10,-21,-11,-22,-12,-22,-12,-25,-13,-25,-13,-25,-13,-22,-14,-22,-14,-22,-13,-21,-13,-20,-13,-17,-12,-16,-12,-16,-13,-15,-13,-15,-15,-15,-15,-15,-15,-15,-16,-15,-17,-15,-18,-15,-17,-13,-16,-14,-15,-13,-13,-11]"
CSI_DATA,264468,d8:b1:90:d9:de:f0,-67,11,-99,-34,68,56,-441001269,100,0,114,0,"[26,-2,28,-2,31,0,31,0,31,0,31,1,27,2,28,2,24,1,23,1,21,1,21,2,21,2,21,1,21,2,21,2,22,1,22,1,23,1,22,1,22,1,22,0,22,1,22,0,21,1,21,1,21,1,23,0,0,0,22,2,22,0,25,1,24,1,26,1,26,1,26,2,26,3,26,3,26,3,25,4,23,5,22,4,22,3,21,3,21,3,19,3,21,2,21,3,21,3,22,3,22,3,22,4,24,4,24,5,22,5,18,4,17,5]"
CSI_DATA,264469,d8:b1:90:d9:de:f0,-67,11,-99,-37,69,56,-440981392,100,0,114,0,"[-24,12,-27,10,-28,11,-29,10,-30,10,-28,9,-26,8,-25,8,-23,8,-23,7,-19,8,-20,7,-20,6,-19,7,-19,8,-18,7,-19,8,-19,8,-19,8,-20,10,-19,9,-20,9,-18,10,-17,11,-18,11,-17,10,-18,10,-17,9,0,0,-18,12,-20,11,-19,12,-20,13,-20,13,-22,14,-22,13,-22,13,-22,13,-22,13,-22,13,-21,11,-19,10,-18,10,-18,10,-18,9,-17,9,-17,11,-17,11,-17,11,-18,12,-17,13,-18,13,-19,11,-19,12,-17,11,-16,10,-14,9]"
CSI_DATA,264470,d8:b1:90:d9:de:f0,-66,11,-99,-35,68,56,-440970725,100,0,114,0,"[16,24,17,25,17,27,18,29,16,27,16,28,14,25,15,25,14,22,14,20,13,19,12,16,14,17,15,16,15,16,15,13,18,14,17,13,19,13,19,12,19,13,19,12,19,11,19,10,19,8,19,8,20,6,22,6,0,0,21,7,20,6,22,6,22,6,25,7,25,6,26,6,25,6,25,6,25,6,25,5,24,6,23,5,23,3,21,3,21,2,20,2,21,0,21,0,21,0,21,-1,23,0,23,-1,24,-1,23,-3,22,-3,19,-1,18,0]"
CSI_DATA,264471,d8:b1:90:d9:de:f0,-67,11,-99,-33,68,56,-440951274,100,0,114,0,"[-26,10,-30,9,-31,8,-32,8,-33,6,-31,5,-31,4,-27,3,-26,3,-24,2,-22,2,-22,3,-22,4,-20,3,-20,2,-20,4,-22,3,-22,4,-22,4,-22,4,-21,4,-21,4,-21,3,-19,4,-22,4,-19,3,-20,3,-19,4,0,0,-21,2,-21,3,-21,2,-22,1,-22,1,-23,0,-24,0,-24,0,-25,-2,-25,-1,-23,-1,-22,-4,-21,-4,-20,-3,-20,-4,-18,-4,-17,-4,-18,-3,-18,-3,-19,-4,-20,-4,-21,-4,-21,-4,-20,-5,-22,-6,-20,-5,-17,-6,-14,-5]"
CSI_DATA,264472,d8:b1:90:d9:de:f0,-67,11,-99,-34,68,56,-440940809,100,0,114,0,"[29,-6,31,-6,34,-5,34,-5,36,-3,33,-5,32,-3,30,-3,27,-4,26,-4,23,-5,24,-4,22,-5,22,-6,21,-5,20,-6,21,-8,22,-9,21,-9,21,-10,21,-10,20,-10,20,-10,17,-12,18,-10,17,-10,17,-10,16,-10,0,0,15,-12,16,-11,17,-12,18,-11,18,-12,20,-12,21,-13,20,-12,21,-12,21,-12,20,-11,18,-10,17,-10,16,-10,17,-10,16,-9,15,-9,16,-9,16,-10,16,-10,18,-11,15,-11,16,-11,17,-11,18,-11,17,-10,15,-9,14,-8]"
CSI_DATA,264473,d8:b1:90:d9:de:f0,-67,11,-99,-34,68,56,-440921607,100,0,114,0,"[31,-4,35,-4,37,-1,37,0,37,2,35,3,33,4,31,4,29,2,28,4,26,3,26,4,24,3,24,3,22,2,22,3,24,3,25,3,25,2,23,2,23,3,24,1,21,2,21,0,21,1,20,2,19,2,20,3,0,0,21,2,21,5,22,5,21,6,21,8,21,9,21,9,21,11,21,11,21,10,18,13,16,12,15,14,14,12,14,12,13,13,11,13,11,11,13,12,11,14,13,13,12,14,12,15,12,17,11,16,10,15,7,15,5,13]"
CSI_DATA,264474,d8:b1:90:d9:de:f0,-67,11,-99,-36,69,56,-440911617,100,0,114,0,"[17,25,18,27,18,30,17,31,17,30,16,30,15,27,14,27,14,23,13,22,14,19,12,19,13,18,14,17,15,16,15,16,16,15,16,15,17,14,16,12,18,13,19,12,18,11,18,10,17,10,17,10,17,9,16,8,0,0,19,6,17,8,19,9,18,9,19,11,19,11,19,11,18,11,18,12,18,11,16,11,15,12,16,11,15,11,15,10,12,10,12,9,13,9,13,9,13,9,14,9,14,8,15,11,15,10,15,8,14,9,11,9,10,8]"
CSI_DATA,264475,d8:b1:90:d9:de:f0,-67,11,-99,-34,68,56,-440901500,100,0,114,0,"[1,-32,3,-36,5,-37,6,-37,8,-37,9,-36,10,-33,10,-31,8,-29,9,-26,8,-24,8,-24,5,-23,5,-24,5,-23,5,-22,5,-22,4,-23,4,-24,4,-23,4,-24,4,-25,2,-21,2,-22,2,-21,2,-20,2,-20,5,-19,0,0,2,-21,3,-21,5,-21,5,-21,5,-21,7,-21,8,-21,8,-20,10,-20,10,-19,10,-18,10,-16,10,-15,10,-14,10,-13,10,-12,11,-11,10,-11,11,-11,11,-11,11,-10,11,-11,11,-12,13,-10,13,-9,14,-9,13,-8,10,-5]"
CSI_DATA,264476,d8:b1:90:d9:de:f0,-66,9,-99,-35,67,56,-440891296,98,0,106,0,"[-118,13,-99,14,63,13,-46,14,61,13,-34,14,100,13,-46,14,-72,13,-66,14,-7,13,-58,14,60,14,-39,14,88,14,-4,14,113,14,31,0,-118,14,46,0,-98,14,32,0,-57,14,-1,14,8,0,-17,14,0,0,0,0,-95,0,18,0,-42,0,72,0,-11,0,-115,0,-48,0,-70,0,-105,0,-81,0,85,0,120,0,53,0,63,0,36,0,-2,14,42,0,-34,14,55,0,-37,14,47,0,-20,14,19,0,20,0,-14,14]"
CSI_DATA,264477,d8:b1:90:d9:de:f0,-66,11,-99,-36,68,56,-440871343,100,0,114,0,"[-22,-25,-24,-28,-24,-31,-25,-31,-26,-32,-24,-32,-23,-30,-22,-28,-22,-24,-21,-22,-21,-20,-21,-19,-20,-17,-22,-16,-22,-16,-23,-14,-23,-14,-25,-12,-24,-11,-24,-10,-24,-8,-24,-6,-24,-5,-24,-3,-24,-3,-23,-4,-22,-1,-22,0,0,0,-21,0,-21,0,-23,0,-24,0,-22,0,-23,0,-23,0,-23,0,-23,0,-22,0,-21,0,-19,-1,-19,-1,-18,-1,-16,0,-16,0,-14,0,-15,0,-15,0,-16,0,-16,0,-16,0,-16,0,-16,0,-16,1,-15,0,-13,0,-12,0]"
CSI_DATA,264478,d8:b1:90:d9:de:f0,-66,11,-99,-37,68,56,-440861186,100,0,114,0,"[10,33,9,37,8,39,7,41,7,43,6,40,5,38,2,36,3,33,2,33,3,29,2,29,4,29,3,27,5,28,6,27,7,27,8,27,8,27,9,26,10,27,10,25,9,24,10,23,10,22,10,22,10,21,10,21,0,0,11,20,9,21,10,22,9,22,9,22,8,23,7,22,7,23,6,22,6,22,4,22,3,21,3,19,2,17,2,16,0,15,1,14,0,13,1,13,0,14,0,14,0,15,0,16,0,15,0,14,0,13,0,13,0,11]"
CSI_DATA,264479,d8:b1:90:d9:de:f0,-66,11,-99,-34,67,56,-440841660,100,0,114,0,"[35,2,38,3,41,5,42,5,41,7,39,6,37,7,35,6,34,3,33,3,31,3,29,1,29,0,29,0,29,0,28,0,29,-2,30,-1,30,-3,27,-5,28,-6,28,-8,25,-10,25,-9,23,-9,22,-9,21,-9,22,-10,0,0,20,-12,22,-10,20,-12,20,-11,21,-11,21,-11,20,-12,22,-11,21,-10,20,-11,19,-10,18,-8,17,-8,16,-7,15,-5,16,-6,13,-6,14,-7,14,-7,13,-7,13,-8,12,-6,12,-7,13,-6,14,-7,13,-7,11,-5,11,-4]"
CSI_DATA,264480,d8:b1:90:d9:de:f0,-66,11,-99,-38,68,56,-440831485,100,0,114,0,"[-33,7,-38,6,-40,4,-42,3,-43,2,-41,0,-39,0,-37,-1,-33,0,-33,-2,-31,0,-30,0,-30,0,-29,-1,-28,-1,-29,0,-30,0,-31,0,-30,1,-29,1,-29,2,-28,1,-27,1,-26,1,-26,1,-24,2,-23,0,-24,1,0,0,-24,3,-24,0,-24,0,-24,0,-24,0,-25,0,-24,0,-25,-2,-24,-2,-23,-3,-21,-3,-19,-4,-17,-4,-17,-4,-16,-3,-16,-5,-13,-4,-14,-4,-14,-3,-13,-5,-14,-5,-12,-5,-13,-7,-14,-6,-14,-7,-13,-6,-10,-6,-9,-6]"
CSI_DATA,264481,d8:b1:90:d9:de:f0,-66,11,-99,-34,67,56,-440821368,100,0,114,0,"[-23,24,-28,26,-31,29,-33,27,-33,26,-33,26,-29,24,-28,24,-26,22,-25,22,-23,21,-20,21,-20,21,-19,22,-17,22,-17,24,-17,25,-17,25,-16,26,-14,25,-12,27,-11,27,-10,25,-8,26,-7,25,-6,25,-6,24,-5,24,0,0,-3,22,-4,24,-3,24,-4,24,-3,24,-3,25,-3,24,-3,25,-4,24,-4,23,-2,22,-2,21,-3,20,-2,18,-3,16,-2,16,-2,16,-2,14,0,14,-2,14,-1,15,0,15,0,15,0,14,-2,14,-1,13,0,11,0,11]"
CSI_DATA,264482,d8:b1:90:d9:de:f0,-65,11,-99,-36,67,56,-440801652,100,0,114,0,"[-32,17,-37,16,-40,15,-41,13,-43,11,-42,9,-41,6,-38,5,-36,5,-35,3,-34,2,-33,2,-31,3,-32,3,-31,2,-31,1,-31,1,-32,2,-31,2,-32,2,-31,1,-31,2,-30,2,-29,2,-28,1,-26,1,-25,1,-26,2,0,0,-26,1,-25,-1,-25,-1,-26,-2,-26,-3,-27,-4,-26,-4,-25,-6,-24,-6,-25,-6,-23,-7,-21,-7,-18,-8,-17,-8,-17,-8,-14,-7,-13,-7,-13,-7,-13,-8,-13,-7,-13,-8,-12,-8,-11,-8,-11,-10,-12,-8,-10,-8,-8,-9,-6,-7]"
CSI_DATA,264483,d8:b1:90:d9:de:f0,-65,11,-99,-35,67,56,-440791518,100,0,114,0,"[17,31,19,34,17,37,16,38,18,39,16,38,14,37,12,36,13,34,12,33,12,30,11,30,12,30,13,28,13,28,15,27,15,27,16,28,18,28,17,27,18,26,20,26,17,24,21,23,18,22,17,21,18,18,18,19,0,0,18,16,19,16,19,18,19,17,19,19,18,19,18,19,18,20,18,18,16,16,15,16,15,16,13,16,11,14,11,12,10,11,10,11,8,9,10,9,8,9,10,9,9,10,10,10,9,11,9,9,8,9,7,9,6,7]"
CSI_DATA,264484,d8:b1:90:d9:de:f0,-66,11,-99,-34,67,56,-440771501,100,0,114,0,"[33,-2,37,-1,39,0,41,0,39,1,38,1,37,1,36,1,33,0,33,0,32,0,28,0,31,-1,30,-1,30,-2,29,-3,31,-5,31,-4,31,-7,30,-7,30,-9,29,-10,26,-9,26,-11,25,-10,23,-10,23,-12,22,-12,0,0,23,-14,21,-13,21,-15,22,-15,22,-15,22,-16,21,-16,22,-15,22,-14,21,-14,19,-13,18,-12,16,-11,16,-10,15,-9,16,-10,15,-9,13,-10,13,-9,12,-9,13,-9,11,-9,10,-8,11,-8,13,-9,12,-9,9,-8,7,-7]"
CSI_DATA,264485,d8:b1:90:d9:de:f0,-65,11,-99,-36,67,56,-440761115,100,0,114,0,"[30,-19,34,-19,36,-18,39,-18,39,-16,40,-15,38,-12,37,-10,34,-10,32,-8,30,-7,31,-7,31,-7,30,-7,30,-6,30,-7,30,-8,31,-8,32,-8,31,-8,32,-7,31,-8,28,-7,28,-8,27,-7,27,-8,26,-7,26,-7,0,0,27,-8,25,-6,26,-7,28,-7,28,-5,29,-5,28,-3,27,-3,28,-2,27,-1,26,0,23,0,21,1,19,1,19,1,19,2,16,2,17,2,16,2,15,2,16,3,15,2,14,3,15,4,16,3,14,4,12,3,11,3]"
CSI_DATA,264486,d8:b1:90:d9:de:f0,-65,11,-99,-36,67,56,-440741417,100,0,114,0,"[11,32,10,35,9,38,8,39,7,40,6,40,5,38,5,36,3,35,3,33,3,32,3,31,4,30,4,31,6,30,4,30,5,31,5,30,7,31,7,30,8,33,8,31,9,30,9,29,9,29,9,28,10,27,10,27,0,0,9,26,10,27,9,27,10,27,11,29,10,30,10,29,10,29,9,27,7,27,7,27,6,25,5,23,5,21,5,20,3,20,5,19,3,17,3,17,3,17,4,16,4,17,4,17,4,17,3,15,3,14,2,14,1,12]"
CSI_DATA,264487,d8:b1:90:d9:de:f0,-65,11,-99,-34,66,56,-440730643,100,0,114,0,"[10,-32,12,-36,15,-38,16,-39,18,-39,16,-37,16,-36,15,-33,14,-31,13,-31,13,-29,12,-29,12,-29,11,-30,10,-30,9,-31,7,-31,8,-32,6,-32,5,-32,3,-32,3,-32,2,-33,0,-32,0,-30,-2,-29,-2,-28,-3,-28,0,0,-3,-30,-4,-28,-4,-28,-5,-30,-6,-30,-6,-31,-7,-31,-7,-33,-6,-30,-6,-30,-4,-28,-5,-27,-5,-26,-4,-23,-4,-21,-3,-21,-4,-19,-4,-18,-4,-18,-4,-19,-5,-16,-5,-18,-7,-18,-6,-16,-5,-15,-5,-14,-5,-12,-5,-11]"
CSI_DATA,264488,d8:b1:90:d9:de:f0,-65,11,-99,-36,67,56,-440711417,100,0,114,0,"[-23,-22,-25,-25,-25,-29,-24,-32,-22,-33,-21,-33,-18,-33,-17,-31,-16,-29,-14,-28,-13,-28,-12,-27,-12,-27,-13,-28,-13,-27,-13,-27,-13,-28,-13,-29,-14,-29,-14,-29,-14,-28,-15,-28,-13,-28,-13,-26,-14,-28,-14,-27,-13,-26,-13,-24,0,0,-12,-27,-11,-26,-10,-28,-11,-30,-11,-29,-10,-32,-9,-31,-8,-31,-7,-30,-6,-29,-5,-28,-4,-28,-3,-26,-2,-24,-1,-21,0,-20,0,-20,0,-17,0,-18,1,-18,1,-18,1,-19,0,-19,2,-18,1,-16,2,-16,1,-15,2,-11]"
CSI_DATA,264489,d8:b1:90:d9:de:f0,-65,11,-99,-34,66,56,-440691411,100,0,114,0,"[32,-4,36,-4,39,-1,40,-1,40,1,39,3,38,4,36,4,33,3,32,4,30,3,30,4,29,4,30,4,30,4,30,4,30,3,32,4,32,3,31,2,33,2,32,1,32,1,31,0,30,1,29,2,30,1,29,0,0,0,32,0,30,2,30,3,32,3,32,2,33,3,34,3,33,5,32,6,32,5,30,7,28,7,26,7,24,6,24,6,22,8,20,7,21,6,21,5,20,6,20,6,19,7,18,7,19,8,19,7,18,7,13,6,11,5]"
CSI_DATA,264490,d8:b1:90:d9:de:f0,-64,11,-99,-35,66,56,-440671626,100,0,114,0,"[1,32,0,34,-1,39,-3,39,-4,39,-5,39,-4,37,-5,33,-5,33,-5,31,-4,30,-4,29,-4,30,-2,29,-2,29,-1,31,-2,31,-1,32,-1,32,0,31,1,33,2,32,2,31,3,31,3,30,4,30,4,30,4,30,0,0,4,31,4,31,4,33,4,34,4,35,4,37,4,37,3,35,2,34,2,33,3,32,2,32,1,29,2,28,1,25,1,25,1,23,1,22,1,22,1,21,0,21,1,23,2,22,1,22,1,21,1,19,1,19,1,16]"
CSI_DATA,264491,d8:b1:90:d9:de:f0,-64,11,-99,-36,66,56,-440661478,100,0,114,0,"[-32,-6,-35,-10,-35,-13,-37,-15,-35,-16,-34,-20,-32,-19,-30,-20,-29,-20,-26,-19,-24,-19,-24,-17,-24,-17,-23,-19,-24,-20,-24,-20,-24,-21,-25,-22,-26,-22,-25,-21,-26,-22,-26,-23,-24,-21,-24,-21,-23,-22,-23,-22,-22,-21,-22,-21,0,0,-23,-23,-21,-25,-22,-25,-22,-28,-22,-30,-21,-31,-20,-32,-19,-32,-17,-31,-16,-30,-15,-31,-13,-31,-11,-28,-11,-26,-11,-25,-7,-26,-7,-24,-6,-22,-7,-23,-5,-22,-5,-23,-4,-23,-4,-24,-3,-25,-3,-22,-2,-21,0,-20,0,-17]"
CSI_DATA,264492,d8:b1:90:d9:de:f0,-65,11,-99,-34,66,56,-440641442,100,0,114,0,"[20,22,22,25,21,28,19,30,20,31,18,31,16,30,13,29,13,28,12,27,10,27,11,27,9,25,10,26,10,27,10,27,11,27,11,28,11,29,10,29,12,29,12,28,12,29,11,28,10,28,10,28,9,27,9,27,0,0,10,29,8,30,8,30,8,32,8,33,7,36,6,36,6,37,5,36,3,34,3,33,1,32,0,31,0,29,0,27,-2,26,-1,25,-1,24,-1,24,-2,23,-1,24,-3,25,-2,26,-3,26,-4,23,-4,22,-4,21,-4,19]"
CSI_DATA,264493,d8:b1:90:d9:de:f0,-65,11,-99,-36,67,56,-440626334,100,0,114,0,"[-25,-12,-27,-13,-30,-14,-32,-16,-29,-15,-30,-16,-27,-15,-27,-14,-25,-13,-24,-12,-24,-10,-22,-9,-24,-8,-24,-8,-25,-7,-27,-6,-26,-4,-27,-4,-28,-4,-27,-1,-28,-1,-28,-1,-27,0,-27,2,-27,2,-26,3,-26,5,-29,5,0,0,-28,7,-27,8,-30,10,-31,10,-31,10,-31,11,-32,11,-32,11,-32,12,-31,12,-30,13,-28,13,-27,13,-26,13,-24,13,-24,12,-21,12,-21,13,-21,14,-20,14,-20,15,-20,16,-19,16,-19,17,-19,18,-18,18,-15,14,-12,13]"
CSI_DATA,264494,d8:b1:90:d9:de:f0,-65,11,-99,-34,66,56,-440611622,100,0,114,0,"[21,-21,23,-23,26,-23,26,-23,28,-25,25,-22,26,-22,24,-20,22,-21,21,-20,19,-19,18,-21,18,-21,16,-22,14,-22,14,-23,13,-24,14,-25,13,-24,13,-26,11,-26,11,-28,10,-27,7,-28,8,-27,7,-27,6,-26,6,-26,0,0,5,-28,4,-30,3,-31,3,-33,2,-33,3,-36,2,-37,2,-37,1,-36,1,-37,0,-34,-1,-31,-2,-30,-2,-27,-2,-27,-2,-25,-3,-26,-3,-25,-5,-25,-4,-25,-6,-25,-6,-26,-9,-26,-8,-27,-7,-25,-8,-23,-9,-24,-7,-20]"
CSI_DATA,264495,d8:b1:90:d9:de:f0,-65,11,-99,-34,66,56,-440601413,100,0,114,0,"[0,-30,2,-32,4,-36,4,-36,5,-36,5,-34,6,-32,6,-31,5,-30,6,-28,5,-26,5,-25,5,-26,5,-25,4,-26,5,-27,4,-28,5,-28,4,-29,3,-28,3,-29,4,-28,3,-28,3,-28,3,-27,2,-27,2,-27,2,-26,0,0,2,-29,3,-29,2,-31,4,-32,2,-33,4,-34,4,-34,4,-34,6,-34,6,-34,7,-32,6,-30,6,-29,6,-27,6,-25,6,-25,5,-24,5,-24,5,-25,6,-25,5,-25,6,-27,5,-27,6,-27,7,-26,7,-25,6,-23,6,-21]"
CSI_DATA,264496,d8:b1:90:d9:de:f0,-65,11,-99,-35,67,56,-440591298,100,0,114,0,"[-8,-27,-8,-30,-8,-33,-9,-34,-7,-33,-7,-32,-8,-30,-8,-28,-7,-27,-8,-25,-8,-25,-9,-23,-10,-22,-9,-22,-11,-22,-12,-21,-14,-22,-13,-22,-15,-23,-16,-21,-17,-22,-18,-21,-17,-20,-17,-19,-19,-17,-18,-18,-19,-16,-20,-14,0,0,-22,-14,-21,-15,-23,-15,-24,-15,-25,-16,-27,-16,-28,-16,-29,-16,-29,-14,-28,-14,-27,-13,-27,-13,-25,-11,-26,-10,-24,-10,-23,-9,-23,-6,-23,-6,-24,-4,-24,-4,-25,-5,-25,-5,-26,-4,-26,-3,-25,-1,-24,0,-21,-2,-20,-1]"
CSI_DATA,264497,d8:b1:90:d9:de:f0,-65,11,-99,-35,67,56,-440571607,100,0,114,0,"[-28,0,-31,-2,-32,-4,-33,-6,-33,-7,-31,-7,-30,-9,-28,-9,-27,-9,-25,-9,-24,-9,-23,-9,-23,-8,-23,-8,-23,-8,-23,-9,-23,-9,-24,-9,-24,-8,-24,-8,-26,-10,-25,-10,-24,-10,-24,-9,-23,-10,-23,-9,-22,-8,-23,-9,0,0,-24,-10,-23,-10,-25,-11,-25,-12,-27,-14,-26,-14,-27,-16,-26,-18,-26,-17,-26,-16,-26,-17,-22,-17,-22,-17,-20,-17,-21,-15,-20,-15,-17,-14,-18,-14,-18,-15,-18,-15,-18,-16,-19,-17,-18,-18,-18,-18,-18,-16,-17,-17,-14,-16,-12,-14]"
CSI_DATA,264498,d8:b1:90:d9:de:f0,-65,11,-99,-35,67,56,-440561282,100,0,114,0,"[18,-23,22,-24,24,-25,25,-25,25,-25,24,-23,24,-23,23,-19,21,-21,20,-19,19,-17,18,-18,18,-18,16,-19,16,-20,15,-20,15,-20,16,-21,15,-22,15,-23,14,-22,13,-23,13,-23,12,-23,12,-22,11,-22,10,-22,11,-23,0,0,10,-22,10,-24,10,-25,10,-25,10,-26,11,-27,10,-27,12,-29,12,-29,12,-28,11,-28,9,-27,8,-26,8,-24,8,-23,8,-22,6,-22,7,-21,6,-22,6,-24,7,-23,5,-24,6,-24,6,-25,7,-24,5,-23,5,-21,4,-18]"
CSI_DATA,264499,d8:b1:90:d9:de:f0,-66,11,-99,-36,68,56,-440541492,100,0,114,0,"[-17,23,-20,24,-22,24,-22,25,-24,27,-22,24,-22,24,-20,22,-17,21,-16,20,-15,20,-14,20,-12,21,-13,21,-11,22,-10,21,-10,22,-10,23,-9,24,-8,24,-8,24,-7,25,-6,24,-4,23,-4,22,-2,22,-2,22,-1,21,0,0,0,22,0,22,0,23,0,25,0,25,0,26,1,26,0,29,0,25,0,27,2,26,2,24,3,24,2,22,3,22,3,20,3,20,4,20,4,19,5,20,6,20,6,21,8,22,8,20,7,19,7,18,6,18,6,16]"
CSI_DATA,264500,d8:b1:90:d9:de:f0,-66,11,-99,-35,68,56,-440521321,100,0,114,0,"[30,10,33,11,34,12,35,13,33,13,33,12,32,12,31,11,27,9,27,7,25,6,25,6,25,5,25,3,25,3,25,1,25,0,25,0,25,0,25,-1,25,-3,23,-3,22,-5,22,-6,22,-6,20,-6,20,-6,20,-6,0,0,18,-7,19,-7,19,-9,20,-9,21,-10,21,-10,21,-11,21,-11,21,-11,21,-11,20,-12,19,-11,18,-12,17,-10,17,-11,15,-11,14,-11,14,-12,14,-12,15,-12,14,-13,14,-14,12,-13,13,-15,14,-16,13,-14,10,-12,10,-12]"
CSI_DATA,264501,d8:b1:90:d9:de:f0,-67,11,-99,-35,68,56,-440511231,100,0,114,0,"[-30,-11,-32,-12,-32,-14,-32,-16,-32,-17,-32,-16,-27,-16,-27,-16,-25,-13,-24,-14,-23,-12,-21,-12,-22,-12,-21,-10,-21,-11,-21,-11,-21,-10,-21,-9,-23,-7,-20,-8,-23,-8,-22,-7,-22,-8,-22,-6,-20,-7,-20,-6,-19,-6,-20,-5,0,0,-20,-6,-19,-6,-19,-6,-20,-6,-21,-9,-21,-9,-23,-8,-23,-11,-22,-10,-22,-10,-21,-9,-19,-10,-18,-8,-17,-8,-17,-8,-17,-8,-15,-8,-16,-6,-16,-6,-17,-6,-19,-7,-18,-7,-19,-8,-19,-8,-19,-7,-19,-8,-15,-7,-16,-6]"
CSI_DATA,264502,d8:b1:90:d9:de:f0,-67,11,-99,-33,68,56,-440491351,100,0,114,0,"[28,9,31,12,31,13,31,15,33,17,31,17,29,16,27,14,26,13,25,12,22,9,22,10,22,9,22,8,21,8,21,6,22,7,23,6,23,6,23,6,22,5,22,4,21,3,21,3,21,3,22,3,20,3,20,2,0,0,21,4,21,2,21,4,23,3,23,4,23,4,23,4,23,4,23,4,22,4,22,4,20,6,19,5,17,4,18,4,17,4,17,4,17,1,17,2,17,2,18,1,16,1,18,2,19,1,18,0,17,0,15,1,14,0]"
CSI_DATA,264503,d8:b1:90:d9:de:f0,-67,11,-99,-35,68,56,-440471482,100,0,114,0,"[-18,25,-20,28,-22,29,-23,27,-22,27,-23,27,-21,25,-20,25,-18,22,-18,22,-15,20,-13,20,-13,21,-12,20,-11,21,-9,21,-10,22,-11,22,-9,23,-8,21,-6,22,-6,23,-6,20,-3,21,-5,21,-4,21,-4,21,-4,19,0,0,-2,20,-3,20,-4,22,-4,22,-3,23,-4,25,-4,25,-6,25,-6,23,-6,24,-5,22,-4,22,-5,20,-4,19,-4,18,-5,18,-2,17,-3,17,-2,16,-3,17,-1,17,0,18,0,17,0,18,-2,17,-1,16,0,15,0,15]"
CSI_DATA,264504,d8:b1:90:d9:de:f0,-66,11,-99,-36,68,56,-440461309,100,0,114,0,"[-33,1,-37,0,-39,0,-39,-2,-40,-3,-36,-4,-36,-6,-32,-5,-30,-3,-29,-4,-27,-2,-26,-5,-26,-4,-24,-3,-24,-4,-24,-3,-24,-2,-27,-2,-25,-2,-25,-2,-24,-2,-24,-1,-24,-1,-23,-1,-24,-1,-22,-2,-21,-3,-21,-1,0,0,-22,-3,-23,-3,-22,-3,-24,-6,-23,-6,-24,-7,-24,-7,-23,-10,-24,-8,-24,-11,-21,-12,-20,-11,-18,-12,-17,-10,-17,-11,-16,-10,-16,-10,-16,-9,-16,-9,-15,-8,-16,-10,-15,-10,-15,-10,-14,-12,-15,-11,-13,-10,-11,-12,-9,-9]"
CSI_DATA,264505,d8:b1:90:d9:de:f0,-66,11,-99,-37,68,56,-440441624,100,0,114,0,"[-4,33,-6,36,-8,39,-10,40,-10,38,-11,37,-11,35,-10,33,-9,30,-9,30,-7,27,-6,26,-5,27,-4,26,-4,27,-3,26,-2,26,-2,25,-1,26,0,24,0,26,0,25,0,23,0,23,0,23,0,22,0,22,0,22,0,0,0,22,0,22,0,23,0,22,-1,24,-2,25,-3,24,-4,26,-4,25,-6,24,-7,24,-5,22,-6,22,-5,21,-6,18,-6,18,-6,18,-7,18,-6,18,-8,18,-6,17,-6,19,-5,20,-7,19,-8,17,-7,15,-7,16,-6,14]"
CSI_DATA,264506,d8:b1:90:d9:de:f0,-66,11,-99,-36,68,56,-440431178,100,0,114,0,"[32,-9,34,-9,38,-9,37,-9,39,-9,34,-9,36,-9,32,-10,29,-10,28,-9,26,-10,24,-12,24,-11,23,-12,21,-13,20,-14,19,-15,21,-16,18,-16,17,-17,16,-17,15,-17,14,-16,12,-18,13,-17,12,-17,12,-17,11,-16,0,0,10,-18,10,-19,9,-20,11,-20,11,-20,11,-22,12,-21,12,-21,13,-21,13,-21,12,-20,11,-19,10,-19,10,-16,10,-17,9,-16,8,-16,8,-16,8,-17,8,-16,8,-18,7,-18,7,-19,8,-18,8,-18,8,-16,6,-16,6,-13]"
CSI_DATA,264507,d8:b1:90:d9:de:f0,-66,11,-99,-36,68,56,-440411648,100,0,114,0,"[-13,-31,-13,-35,-10,-37,-9,-40,-8,-37,-8,-37,-7,-34,-6,-32,-5,-32,-5,-30,-4,-29,-5,-25,-6,-25,-4,-24,-7,-24,-6,-25,-7,-25,-6,-24,-6,-24,-7,-24,-7,-24,-8,-24,-7,-23,-7,-21,-7,-20,-7,-20,-6,-19,-7,-19,0,0,-4,-21,-4,-20,-3,-21,-5,-22,-4,-24,-2,-24,-1,-24,0,-24,0,-24,1,-24,1,-23,2,-23,2,-21,3,-20,4,-18,5,-16,4,-17,5,-16,5,-17,6,-18,6,-17,7,-19,5,-20,7,-19,8,-17,8,-16,8,-16,8,-14]"
CSI_DATA,264508,d8:b1:90:d9:de:f0,-65,11,-99,-36,67,56,-440401157,100,0,228,0,"[2,25,-2,29,-5,32,-8,35,-10,38,-11,37,-11,38,-70,-1,-8,34,-6,32,-5,29,-3,26,-1,22,-1,18,-2,16,-2,12,-3,9,-6,7,-8,5,-10,5,-10,3,-21,-10,-10,4,-9,4,-6,3,-4,3,-1,0,1,-2,0,0,3,-7,4,-12,3,-16,2,-20,0,-23,-2,-26,-5,15,-6,-26,-8,-25,-9,-22,-8,-18,-7,-16,-5,-12,-3,-9,0,-8,1,-6,4,-5,4,-4,6,-6,6,-6,75,0,5,-6,4,-6,2,-5,-1,-3,-4,-1,-5,0,-6,3,8,-9,-1,-16,-15,-13,-21,1,-16,17,1,22,15,16,11,38,17,-11,7,-19,-8,-19,-20,-9,-23,8,-11,24,12,25,28,9,26,-14,6,-30,-18,-23,-28,-1,-17,18,-9,24,13,9,13,-3,5,-7,0,-6,-1,-4,-4,-4,0,0,-6,4,-2,9,6,8,9,0,4,-7,-3,-6,-9,-26,2,5,7,0,5,-11,-8,-11,-17,0,-11,15,5,19,20,9,19,-9,4,-20,-12,-16,-18,-1,-12,11,6,7,8,9,10,1,7,-3,4,-5,3,-6,0,-6,-5,-5]"
CSI_DATA,264509,d8:b1:90:d9:de:f0,-65,11,-99,-38,67,56,-440390261,100,0,228,0,"[-3,25,-7,28,-11,30,-15,32,-19,34,-20,36,-19,34,-74,-1,-14,32,-12,30,-9,28,-7,25,-5,22,-4,19,-4,15,-4,12,-6,9,-7,7,-8,5,-10,4,-11,4,-22,-10,-11,4,-9,4,-7,3,-5,3,-3,1,-1,-2,0,0,0,-8,1,-12,0,-16,-2,-20,-4,-22,-8,-24,-88,15,-12,-24,-14,-22,-15,-20,-13,-15,-12,-13,-9,-9,-6,-7,-4,-6,-1,-5,2,-6,3,-5,3,-7,4,-7,48,0,3,-7,2,-7,0,-5,-2,-3,-3,0,-3,2,-3,4,8,-8,2,-18,-12,-16,-23,-2,-19,14,-3,23,13,19,4,40,19,-10,8,-20,-6,-21,-20,-10,-24,6,-12,23,9,27,28,10,28,-14,7,-29,-18,-25,-28,-2,-18,19,-10,25,14,10,12,-2,6,-8,0,-7,-1,-5,-4,-4,0,0,-7,5,-1,9,6,7,10,-1,5,-7,-3,-6,-15,-24,1,4,6,-2,1,-9,-9,-7,-14,6,-5,16,11,16,20,1,13,-15,-3,-20,-16,-10,-16,5,-6,14,10,3,11,4,8,-2,4,-4,1,-5,1,-6,-3,-5,-7,-2]"
CSI_DATA,264510,d8:b1:90:d9:de:f0,-65,11,-99,-37,67,56,-440380075,100,0,228,0,"[25,4,28,8,30,13,32,16,32,20,33,22,31,22,-72,-1,30,18,28,16,26,14,23,12,21,11,18,9,14,8,11,8,8,7,5,8,2,8,1,9,0,10,-21,-10,-1,9,-1,8,-1,6,-1,5,-2,1,-2,-1,0,0,-7,-7,-9,-9,-12,-9,-15,-12,-20,-12,-23,-11,3,15,-25,-7,-25,-6,-24,-4,-21,-4,-17,-3,-14,-2,-10,-2,-7,-2,-5,-4,-2,-4,-2,-6,-1,-7,-1,-7,-5,15,-1,-7,-2,-5,-2,-4,-3,-4,-3,0,-2,3,-2,5,-6,-9,-15,-3,-16,10,-5,20,11,19,22,6,20,-10,42,2,-6,-20,-17,-11,-22,3,-15,17,0,24,19,18,28,-1,20,-22,-3,-30,-25,-18,-28,7,-14,26,9,24,19,18,16,-9,4,-14,-4,-9,-6,-3,-5,0,-5,2,0,0,-1,6,6,6,8,-1,4,-6,-3,-6,-6,-1,-26,-4,4,1,3,-6,-6,-8,-13,0,-9,13,5,17,17,7,18,-10,4,-18,-13,-16,-18,0,-10,13,3,16,13,0,11,-3,5,-6,0,-6,0,-4,-1,-3,-4,-4,-6,-2]"
CSI_DATA,264511,d8:b1:90:d9:de:f0,-66,11,-99,-37,67,56,-440361668,100,0,228,0,"[24,3,27,9,29,15,29,19,29,23,29,25,27,27,-72,-1,26,25,24,22,22,20,20,17,18,16,16,14,13,12,9,10,7,10,2,10,0,9,-3,9,-4,9,-21,-10,-5,9,-5,7,-4,5,-4,4,-3,0,-3,-2,0,0,-3,-9,-4,-12,-6,-15,-9,-18,-11,-20,-14,-21,86,15,-17,-20,-18,-18,-18,-17,-17,-14,-13,-12,-11,-10,-9,-7,-4,-6,-2,-5,1,-4,3,-4,3,-4,5,-5,50,0,4,-5,3,-4,2,-4,0,-4,-2,-2,-3,1,-5,1,-6,-10,-15,-4,-17,10,-7,22,11,22,22,8,22,-8,39,6,-3,-21,-15,-14,-21,-1,-18,13,-4,23,14,22,26,7,25,-15,7,-30,-18,-25,-30,-3,-22,19,-1,26,10,25,19,-1,9,-11,-1,-10,-5,-6,-5,-2,-5,1,0,0,-4,6,2,7,7,3,7,-3,2,-6,-4,-4,-19,-19,3,4,6,-3,-1,-9,-10,-7,-15,6,-5,17,10,16,19,2,14,-14,-2,-20,-14,-11,-16,4,-7,13,10,9,10,5,6,-2,2,-4,1,-2,2,-1,2,-4,-1,-5]"
CSI_DATA,264512,d8:b1:90:d9:de:f0,-65,11,-99,-35,66,56,-440351532,100,0,228,0,"[15,-21,20,-21,26,-21,30,-20,33,-19,35,-19,35,-18,-76,-1,32,-19,30,-18,27,-17,22,-17,20,-15,17,-13,15,-10,14,-8,11,-5,10,-2,10,0,10,3,10,4,-22,-10,9,5,8,5,6,4,5,3,1,3,-1,3,0,0,-6,6,-9,9,-11,13,-13,16,-14,19,-13,22,98,16,-9,26,-7,25,-6,23,-4,21,-2,18,-2,15,-2,10,-1,7,-2,4,-3,2,-4,0,-6,-1,-7,0,-77,16,-6,0,-6,1,-4,2,-1,1,1,1,3,1,5,0,-11,2,-9,14,3,21,19,15,27,-3,17,-21,-1,-26,17,-35,-22,-2,-18,13,-5,22,10,22,23,8,25,-11,9,-27,-14,-27,-30,-7,-27,17,-5,31,20,22,27,0,27,-11,-2,-20,-11,-9,-11,0,-6,6,-2,7,1,6,0,0,8,1,7,-5,1,-8,-5,-6,-8,1,-3,5,-9,26,1,-3,-5,-1,-6,6,1,11,13,7,16,-6,5,-18,-10,-16,-20,-2,-14,14,2,19,15,9,16,-4,-1,-11,-4,-9,-8,-2,-5,2,-1,2,-1,0,-4,1,-2,4]"
CSI_DATA,264513,d8:b1:90:d9:de:f0,-65,11,-99,-38,67,56,-440331654,100,0,228,0,"[-3,26,-8,28,-12,30,-16,32,-20,33,-21,33,-21,32,-74,-1,-18,31,-15,30,-12,27,-10,25,-9,24,-8,20,-7,18,-7,14,-7,12,-7,9,-9,7,-9,5,-11,4,-22,-10,-10,2,-9,2,-7,0,-5,-1,-3,-2,-2,-5,0,0,0,-11,1,-14,-1,-18,-2,-21,-4,-24,-7,-26,-67,15,-10,-26,-12,-24,-13,-20,-11,-18,-11,-14,-9,-10,-7,-8,-4,-7,-2,-5,0,-4,1,-4,3,-4,3,-4,39,0,3,-4,2,-4,1,-3,-1,-1,-3,0,-2,2,-3,4,9,-7,2,-16,-12,-15,-23,-3,-21,14,-4,25,12,21,3,39,21,-10,9,-21,-7,-22,-21,-11,-24,6,-13,23,8,28,27,14,30,-10,11,-29,-13,-27,-29,-7,-22,15,-14,26,12,15,16,1,10,-8,2,-9,-2,-8,-6,-5,0,0,-6,4,-1,8,5,6,8,1,4,-4,-1,-4,-9,-25,3,2,5,-4,-1,-9,-11,-6,-14,6,-5,18,10,15,20,1,12,-13,-3,-19,-15,-9,-15,5,-5,13,10,5,11,2,7,-3,1,-4,-1,-2,1,-1,1,-2,-2,-3]"
CSI_DATA,264514,d8:b1:90:d9:de:f0,-65,11,-99,-37,67,56,-440318380,100,0,228,0,"[-24,-5,-26,-11,-27,-17,-27,-21,-26,-25,-26,-28,-25,-28,-72,-1,-23,-26,-22,-24,-21,-22,-19,-19,-17,-17,-15,-15,-12,-14,-9,-13,-7,-12,-3,-11,-1,-11,1,-11,3,-11,-21,-10,4,-9,4,-7,4,-4,3,-1,3,1,4,4,0,0,6,10,8,13,11,16,13,18,16,20,19,20,-86,0,21,18,22,16,21,14,19,12,16,10,13,8,10,7,6,6,3,5,1,5,1,5,-2,5,-1,5,-28,15,-2,5,0,4,0,3,3,2,3,0,4,-2,4,-4,5,9,15,4,18,-9,8,-21,-9,-22,-22,-11,-23,6,-39,-10,1,22,15,16,22,2,19,-13,5,-24,-13,-22,-27,-6,-25,16,-6,31,18,25,30,4,21,-19,0,-26,-13,-26,-20,0,-11,11,-1,12,6,9,8,4,7,-1,0,0,1,-7,-4,-7,-8,-2,-5,5,0,6,4,2,21,18,-5,0,-4,7,5,10,14,2,12,-11,-1,-18,-16,-13,-19,4,-9,17,8,18,17,6,15,-9,2,-15,-11,-4,-11,0,-6,5,1,5,1,1,-1,0,-1,2,2,4]"
CSI_DATA,264515,d8:b1:90:d9:de:f0,-65,11,-99,-34,66,56,-440306384,100,0,228,0,"[-20,18,-25,16,-29,16,-32,14,-37,15,-37,14,-38,15,-74,-1,-32,16,-30,15,-25,15,-23,15,-20,14,-18,13,-15,11,-13,10,-12,7,-11,6,-11,4,-11,2,-12,0,-22,-10,-10,0,-8,-1,-6,-2,-4,-2,-2,-4,0,-7,0,0,3,-11,3,-15,3,-20,2,-23,0,-26,-3,-27,-50,15,-7,-27,-9,-26,-10,-23,-10,-20,-9,-16,-7,-12,-4,-9,-4,-8,-1,-7,0,-6,2,-5,2,-6,2,-6,14,0,1,-5,1,-4,-1,-3,-2,0,-2,2,-2,4,-1,5,11,0,11,-11,1,-21,-14,-16,-26,-1,-19,16,-2,24,-21,33,22,4,20,-12,6,-23,-12,-22,-25,-7,-23,13,-5,27,18,23,30,2,23,-22,-1,-30,-24,-18,-27,5,-24,21,5,19,14,8,13,-3,7,-9,0,-10,-5,-7,0,0,-7,4,-3,9,5,8,8,1,5,-5,-1,-4,-6,-27,5,2,6,-4,-1,-11,-13,-7,-15,7,-4,19,13,15,21,1,13,-14,-4,-20,-16,-9,-15,6,-4,14,9,4,11,1,7,-6,1,-5,-2,-2,0,-2,0,-2,-2,-2]"
CSI_DATA,264516,d8:b1:90:d9:de:f0,-65,11,-99,-34,66,56,-440291645,100,0,228,0,"[25,-8,29,-7,32,-5,37,-2,38,-2,40,-1,38,-1,-74,-1,36,-2,32,-3,29,-4,26,-5,23,-5,21,-4,19,-4,16,-2,14,0,14,0,13,3,12,4,13,4,-22,-10,9,4,7,4,5,4,3,3,0,4,-4,5,0,0,-7,10,-9,14,-11,18,-11,21,-11,24,-10,27,-135,15,-6,29,-3,28,-1,25,0,23,1,19,0,16,-1,13,-1,10,-3,8,-4,6,-5,5,-6,5,-6,6,-64,15,-3,6,-3,5,-1,4,2,1,3,0,3,-2,4,-4,-11,-3,-14,7,-7,19,9,21,22,8,24,-9,10,-21,32,-25,-19,-12,-23,3,-14,18,3,23,20,16,26,-3,15,-23,-7,-29,-27,-14,-29,10,-10,28,12,25,26,6,31,-8,4,-19,-8,-13,-13,-4,-11,5,-6,9,0,10,0,0,11,-1,7,-8,-2,-10,-7,-5,-6,3,-1,4,-6,28,-3,-3,-7,3,-3,11,8,12,18,0,12,-14,-5,-21,-18,-9,-20,8,-5,20,12,16,19,1,11,-12,-6,-8,-9,-6,-9,2,-3,4,0,3,0,2,-1,3,2,3]"
CSI_DATA,264517,d8:b1:90:d9:de:f0,-65,11,-99,-36,67,56,-440276546,100,0,228,0,"[-19,-15,-19,-20,-19,-25,-19,-30,-18,-32,-19,-32,-17,-32,-70,-1,-18,-28,-17,-25,-15,-23,-15,-20,-14,-17,-12,-16,-9,-14,-7,-13,-5,-13,-4,-13,-2,-12,-1,-14,0,-13,-21,-10,0,-10,0,-8,1,-6,2,-3,3,0,5,2,0,0,12,6,14,8,18,8,22,8,25,7,28,5,56,1,29,0,28,-1,25,-2,22,-3,19,-2,16,-2,14,0,11,1,10,2,8,3,8,5,7,5,7,5,84,0,7,4,6,2,4,0,3,-1,1,-2,-3,-4,-4,-4,2,11,13,9,19,-3,14,-16,-2,-22,-17,-14,-22,-1,-32,-16,-3,21,11,17,20,6,19,-11,7,-23,-12,-22,-26,-6,-23,16,-4,29,19,21,29,0,18,-20,-3,-24,-17,-24,-18,2,-10,12,0,13,6,9,10,3,10,-4,0,0,-4,-11,-9,-4,-9,3,-2,9,4,6,4,-1,28,1,-3,3,3,7,12,2,11,-10,-2,-18,-17,-11,-20,6,-7,20,10,18,20,4,14,-13,-1,-18,-13,-10,-8,7,-6,9,2,8,5,4,3,2,2,1,4,0,3,-3]"
CSI_DATA,264518,d8:b1:90:d9:de:f0,-66,11,-99,-35,67,56,-440266405,100,0,228,0,"[-12,18,-18,18,-23,19,-27,18,-29,17,-31,16,-31,15,-68,0,-28,13,-25,12,-23,12,-20,10,-18,9,-15,7,-14,5,-13,3,-12,1,-11,0,-12,-2,-10,-3,-11,-3,-20,-9,-7,-3,-6,-2,-2,-2,-1,-2,0,-1,4,-2,0,0,11,-4,13,-7,17,-9,18,-11,19,-14,21,-17,1,0,20,-19,17,-19,15,-17,13,-16,11,-13,11,-10,9,-7,8,-4,8,-2,7,-1,8,0,8,0,9,0,97,0,7,0,5,0,4,-1,1,-1,0,-2,-2,-2,-4,-2,10,-1,8,-11,-1,-17,-16,-12,-20,1,-14,15,-1,21,-17,31,19,4,17,-8,7,-18,-6,-20,-19,-10,-23,7,-11,22,9,24,25,10,24,-10,8,-25,-11,-22,-22,-5,-27,5,-4,16,5,12,10,5,9,-1,6,-6,1,-9,0,0,-8,-2,-9,4,-1,9,5,6,6,0,1,-3,18,-19,0,4,6,2,10,-6,1,-15,-12,-12,-18,1,-10,16,5,19,18,8,18,-7,4,-18,-9,-14,-15,-2,-3,7,0,11,5,6,5,1,3,0,2,0,2,-1,1,-2]"
CSI_DATA,264519,d8:b1:90:d9:de:f0,-66,11,-99,-33,67,56,-440251645,100,0,114,0,"[8,-31,10,-33,12,-35,14,-35,14,-35,15,-33,15,-32,14,-30,13,-27,14,-25,11,-24,11,-23,11,-23,10,-23,9,-23,9,-23,9,-25,7,-24,7,-24,8,-23,7,-25,6,-25,6,-23,5,-22,6,-23,4,-23,4,-22,3,-22,0,0,6,-23,6,-22,5,-23,6,-26,6,-26,7,-25,8,-26,10,-27,9,-26,10,-26,9,-25,8,-24,7,-23,8,-22,8,-20,9,-19,8,-19,8,-17,7,-19,8,-18,9,-18,8,-20,7,-20,8,-19,8,-19,8,-16,8,-17,6,-14]"
CSI_DATA,264520,d8:b1:90:d9:de:f0,-66,11,-99,-37,68,56,-440241433,100,0,114,0,"[29,-12,32,-13,35,-13,37,-12,35,-13,34,-14,32,-11,31,-11,28,-11,26,-11,24,-11,22,-11,22,-12,22,-12,20,-13,22,-15,19,-15,19,-16,19,-18,16,-18,16,-19,16,-20,15,-19,13,-20,13,-19,11,-19,11,-19,11,-20,0,0,11,-21,9,-21,10,-23,10,-23,9,-24,10,-25,10,-25,11,-26,10,-26,10,-26,10,-25,7,-24,7,-24,7,-22,5,-21,6,-20,4,-20,4,-20,3,-20,4,-20,4,-21,1,-22,0,-21,1,-22,2,-22,1,-20,0,-17,0,-15]"
CSI_DATA,264521,d8:b1:90:d9:de:f0,-66,11,-99,-36,68,56,-440218264,100,0,114,0,"[18,24,20,26,22,28,21,29,22,29,21,27,19,26,19,24,20,22,18,22,18,18,17,17,18,17,18,15,18,16,19,13,20,13,22,12,22,11,21,9,23,8,23,8,21,8,21,5,22,5,22,6,21,4,22,3,0,0,22,1,22,1,23,0,25,0,25,0,25,0,27,0,27,0,26,0,27,0,26,-1,23,0,22,-2,21,-1,21,-2,20,-2,18,-3,18,-4,17,-4,19,-5,19,-6,18,-6,17,-5,19,-7,18,-8,16,-7,15,-6,13,-6]"
CSI_DATA,264522,d8:b1:90:d9:de:f0,-66,11,-99,-34,67,56,-440201504,100,0,114,0,"[-18,-25,-19,-29,-18,-33,-17,-33,-17,-33,-16,-33,-14,-33,-11,-30,-11,-29,-10,-27,-10,-26,-10,-26,-10,-24,-9,-23,-10,-24,-9,-23,-10,-25,-12,-25,-12,-24,-11,-24,-11,-24,-11,-24,-10,-23,-10,-23,-10,-22,-10,-21,-10,-21,-9,-20,0,0,-9,-22,-9,-23,-9,-22,-10,-25,-9,-25,-8,-28,-7,-29,-6,-29,-6,-28,-4,-28,-4,-26,-3,-26,-2,-25,-2,-23,0,-22,-1,-20,0,-21,0,-19,0,-19,0,-20,0,-20,0,-20,0,-23,0,-22,0,-20,0,-18,1,-17,0,-15]"
CSI_DATA,264523,d8:b1:90:d9:de:f0,-66,11,-99,-37,68,56,-440181705,100,0,114,0,"[-22,-20,-24,-24,-25,-27,-24,-28,-22,-28,-22,-27,-21,-26,-20,-25,-18,-22,-18,-22,-17,-22,-16,-20,-17,-20,-16,-19,-17,-18,-18,-19,-20,-19,-19,-19,-19,-18,-19,-17,-20,-18,-21,-16,-19,-16,-19,-15,-19,-14,-19,-13,-19,-13,-20,-12,0,0,-20,-16,-19,-14,-19,-15,-20,-15,-21,-16,-20,-18,-21,-19,-21,-18,-20,-20,-19,-19,-19,-17,-17,-18,-17,-19,-15,-18,-13,-15,-13,-15,-13,-14,-13,-13,-13,-13,-12,-14,-13,-13,-12,-16,-13,-16,-12,-15,-12,-13,-11,-13,-9,-13,-8,-11]"
CSI_DATA,264524,d8:b1:90:d9:de:f0,-66,11,-99,-38,68,56,-440171634,100,0,114,0,"[-30,6,-33,6,-35,6,-37,5,-36,6,-35,5,-33,5,-33,5,-29,7,-29,7,-27,7,-26,8,-24,9,-24,12,-23,11,-23,13,-22,15,-23,15,-21,16,-20,16,-20,18,-20,18,-18,18,-17,19,-16,20,-15,20,-14,20,-15,19,0,0,-13,22,-13,22,-13,23,-12,24,-12,25,-14,25,-13,26,-13,27,-12,26,-12,25,-10,25,-8,23,-7,21,-6,20,-6,19,-7,20,-4,19,-5,19,-5,18,-3,19,-3,19,-2,18,-1,18,-2,18,-2,18,-1,16,0,16,0,13]"
CSI_DATA,264525,d8:b1:90:d9:de:f0,-65,11,-99,-35,67,56,-440161600,100,0,114,0,"[-31,4,-35,2,-37,1,-38,0,-38,0,-37,0,-35,-1,-34,-1,-32,0,-31,0,-29,0,-28,0,-29,1,-28,1,-27,2,-29,2,-29,3,-30,4,-29,4,-29,6,-29,7,-29,6,-27,6,-27,7,-26,7,-26,7,-25,8,-24,8,0,0,-26,9,-25,8,-25,11,-27,10,-27,10,-28,10,-28,9,-28,8,-28,9,-27,9,-26,8,-22,7,-22,7,-21,6,-21,6,-20,6,-18,6,-18,6,-19,6,-18,6,-19,6,-18,6,-17,5,-17,5,-17,6,-17,5,-13,4,-11,4]"
CSI_DATA,264526,d8:b1:90:d9:de:f0,-66,11,-99,-33,67,56,-440151137,100,0,114,0,"[-6,-28,-6,-32,-4,-34,-1,-35,0,-35,1,-36,3,-33,4,-33,3,-31,3,-31,4,-27,4,-27,4,-27,5,-26,4,-27,6,-27,4,-28,7,-28,6,-29,7,-27,7,-29,7,-28,7,-27,6,-26,7,-27,7,-26,7,-25,8,-25,0,0,9,-22,10,-23,10,-24,11,-24,11,-24,13,-24,13,-23,14,-23,15,-22,15,-21,15,-20,15,-19,14,-18,13,-16,14,-14,12,-12,12,-11,13,-11,13,-11,14,-11,13,-10,14,-11,13,-10,13,-10,14,-7,12,-6,11,-7,10,-4]"
CSI_DATA,264527,d8:b1:90:d9:de:f0,-65,11,-99,-36,67,56,-440131378,100,0,114,0,"[25,-21,31,-22,33,-22,36,-23,36,-20,37,-18,35,-16,34,-15,32,-16,31,-14,31,-12,29,-13,29,-14,30,-13,29,-14,30,-14,30,-15,31,-14,31,-15,30,-15,29,-15,28,-16,27,-15,27,-14,26,-14,24,-14,24,-13,25,-13,0,0,23,-14,25,-13,25,-13,25,-13,25,-12,25,-12,25,-11,26,-10,26,-10,24,-9,23,-9,21,-7,20,-7,20,-6,19,-5,18,-5,16,-4,18,-4,17,-4,17,-5,17,-4,16,-3,15,-4,14,-3,16,-2,14,-2,12,-2,10,-3]"
CSI_DATA,264528,d8:b1:90:d9:de:f0,-66,11,-99,-37,68,56,-440121399,100,0,114,0,"[-13,-29,-13,-32,-13,-35,-14,-35,-14,-38,-13,-35,-12,-35,-12,-33,-14,-29,-13,-29,-13,-27,-14,-26,-15,-25,-15,-24,-17,-24,-17,-24,-19,-23,-21,-24,-21,-22,-22,-21,-22,-19,-23,-18,-22,-17,-22,-15,-22,-14,-21,-14,-22,-12,-21,-11,0,0,-22,-9,-22,-10,-22,-9,-22,-9,-22,-9,-22,-9,-22,-8,-23,-9,-22,-8,-22,-6,-21,-7,-18,-7,-17,-6,-15,-5,-15,-5,-13,-3,-12,-4,-12,-1,-13,-2,-11,0,-13,0,-12,-2,-12,-2,-11,-1,-11,0,-10,0,-9,0,-7,0]"
CSI_DATA,264529,d8:b1:90:d9:de:f0,-66,11,-99,-36,68,56,-440101648,100,0,114,0,"[8,33,6,37,4,40,0,41,0,42,-1,40,-2,39,-4,36,-3,34,-4,33,-4,31,-3,31,-2,31,-3,29,-2,30,-3,29,-3,29,-3,30,-3,29,-2,29,-2,29,-2,29,-1,27,-1,25,-2,24,-1,24,-1,22,-2,22,0,0,-2,22,-2,22,-3,22,-4,22,-5,21,-7,22,-6,20,-7,22,-8,18,-8,16,-8,16,-8,16,-8,15,-8,12,-8,11,-8,9,-7,9,-7,8,-8,7,-9,8,-8,7,-8,8,-7,8,-7,8,-7,5,-6,5,-6,6,-4,5]"
CSI_DATA,264530,d8:b1:90:d9:de:f0,-67,11,-99,-34,68,56,-440091335,100,0,114,0,"[29,-15,33,-15,35,-15,37,-15,37,-15,37,-14,36,-13,34,-12,31,-13,30,-12,27,-12,26,-11,25,-13,24,-12,23,-14,24,-15,23,-15,23,-14,22,-15,21,-15,21,-18,20,-18,19,-17,17,-16,15,-16,15,-16,14,-15,14,-15,0,0,13,-16,13,-15,13,-15,13,-15,13,-15,13,-14,12,-13,15,-13,14,-10,14,-10,13,-10,12,-9,12,-8,10,-7,10,-7,10,-7,10,-5,10,-5,10,-5,10,-5,10,-5,10,-5,9,-5,10,-5,11,-5,10,-5,7,-5,8,-5]"
CSI_DATA,264531,d8:b1:90:d9:de:f0,-68,11,-99,-35,69,56,-440071051,100,0,114,0,"[2,-29,3,-32,4,-34,6,-34,6,-35,6,-32,6,-31,6,-30,4,-27,5,-26,3,-24,3,-23,1,-24,1,-23,0,-23,0,-23,-1,-23,-1,-23,-2,-23,-3,-21,-3,-22,-4,-21,-3,-20,-5,-18,-4,-18,-4,-18,-4,-16,-3,-16,0,0,-4,-16,-4,-16,-3,-17,-3,-17,-3,-18,-2,-18,-2,-18,0,-20,0,-19,0,-20,0,-18,1,-18,2,-17,3,-15,3,-13,3,-13,4,-13,5,-13,4,-13,5,-13,5,-13,5,-14,4,-14,5,-15,6,-13,6,-13,6,-12,4,-11]"
CSI_DATA,264532,d8:b1:90:d9:de:f0,-67,11,-99,-33,68,56,-440051446,100,0,114,0,"[25,15,27,17,29,18,29,19,27,19,28,18,26,17,25,16,23,13,22,13,20,11,20,10,20,8,20,8,21,8,21,7,22,6,21,4,22,4,21,3,22,3,22,2,19,2,20,0,20,0,19,0,19,0,20,-1,0,0,20,0,18,0,20,0,22,0,23,1,24,2,24,1,24,4,25,2,25,2,23,3,22,4,22,4,21,4,19,2,20,3,18,3,19,1,18,0,19,2,19,2,20,2,19,2,20,1,20,1,19,0,16,2,14,2]"
CSI_DATA,264533,d8:b1:90:d9:de:f0,-67,11,-99,-34,68,56,-440041443,100,0,114,0,"[-17,-22,-18,-24,-18,-27,-16,-27,-15,-29,-15,-26,-15,-26,-11,-25,-10,-23,-10,-21,-10,-21,-10,-20,-10,-18,-10,-17,-10,-18,-10,-17,-11,-17,-12,-18,-11,-17,-12,-17,-12,-18,-12,-17,-11,-17,-10,-15,-11,-16,-10,-15,-11,-14,-11,-15,0,0,-10,-16,-10,-17,-10,-17,-11,-21,-10,-21,-10,-23,-10,-23,-8,-26,-9,-25,-8,-25,-7,-25,-5,-24,-5,-23,-4,-21,-5,-21,-3,-20,-3,-20,-2,-18,-3,-18,-2,-19,-2,-20,-1,-21,-3,-21,-2,-21,-2,-19,0,-17,0,-19,0,-16]"
CSI_DATA,264534,d8:b1:90:d9:de:f0,-67,11,-99,-35,68,56,-440021642,100,0,114,0,"[17,-19,19,-20,22,-21,23,-21,22,-19,23,-18,20,-16,20,-16,19,-15,18,-15,16,-13,14,-13,15,-13,14,-14,13,-13,12,-14,14,-17,14,-15,14,-17,13,-17,12,-18,12,-17,12,-18,12,-18,12,-18,12,-18,12,-18,12,-17,0,0,12,-20,13,-18,14,-20,13,-20,15,-22,17,-23,17,-24,19,-24,19,-21,18,-22,17,-22,17,-22,16,-21,16,-20,14,-17,14,-18,12,-16,13,-17,13,-16,13,-17,12,-19,13,-19,11,-18,12,-19,12,-18,12,-18,10,-14,11,-13]"
CSI_DATA,264535,d8:b1:90:d9:de:f0,-66,11,-99,-35,68,56,-440007709,100,0,114,0,"[13,20,14,22,15,23,14,24,15,25,14,25,13,23,12,21,13,19,12,19,12,17,11,18,12,16,12,16,12,17,13,17,15,15,16,16,16,14,16,14,19,16,19,15,17,14,19,13,19,13,18,14,18,12,19,12,0,0,19,10,20,12,21,12,23,14,23,15,25,13,25,14,25,15,25,13,25,13,25,12,23,13,23,12,22,11,22,10,20,8,21,8,20,6,21,6,21,6,23,5,23,6,23,5,23,6,21,3,19,3,17,4,16,3]"
CSI_DATA,264536,d8:b1:90:d9:de:f0,-66,11,-99,-36,68,56,-439991653,100,0,114,0,"[8,24,8,25,7,28,7,29,6,28,4,29,4,27,2,25,2,25,1,24,1,22,1,22,2,22,2,22,0,22,2,23,2,24,1,23,2,24,2,24,2,24,2,25,2,24,1,25,1,24,2,24,1,24,0,24,0,0,1,24,0,25,0,28,0,27,0,29,0,30,-1,30,0,32,-2,31,-2,30,-2,29,-2,28,-3,27,-2,25,-3,24,-3,24,-2,22,-2,21,-2,22,-2,21,-2,21,-2,22,-1,22,-1,20,-2,19,-3,17,-3,17,-3,15]"
CSI_DATA,264537,d8:b1:90:d9:de:f0,-66,11,-99,-36,68,56,-439981632,100,0,114,0,"[10,-23,12,-24,15,-26,15,-26,14,-26,13,-26,13,-24,13,-24,10,-23,10,-24,9,-21,8,-22,7,-22,6,-21,6,-22,5,-23,3,-23,3,-24,3,-24,1,-24,1,-25,0,-25,0,-25,-1,-24,-1,-24,-2,-24,-2,-24,-3,-23,0,0,-5,-24,-5,-24,-6,-25,-6,-26,-7,-28,-7,-29,-8,-29,-8,-31,-8,-29,-8,-28,-8,-27,-9,-26,-8,-24,-8,-23,-8,-20,-9,-20,-9,-18,-9,-18,-10,-17,-9,-16,-11,-17,-12,-16,-12,-16,-12,-16,-9,-13,-10,-12,-9,-13,-8,-10]"
CSI_DATA,264538,d8:b1:90:d9:de:f0,-66,11,-99,-37,68,56,-439961311,100,0,114,0,"[-28,10,-31,10,-34,10,-35,10,-34,9,-34,10,-33,8,-32,9,-28,11,-27,10,-26,11,-26,10,-23,11,-23,12,-22,13,-22,14,-22,16,-22,15,-22,17,-21,17,-19,17,-17,19,-17,19,-15,19,-15,19,-14,19,-14,21,-13,19,0,0,-12,22,-12,21,-12,22,-12,23,-12,23,-13,24,-11,25,-12,26,-12,24,-12,25,-11,24,-9,22,-9,22,-7,22,-8,19,-6,19,-6,18,-5,18,-5,18,-4,18,-3,19,-3,18,0,18,-1,19,-2,19,-1,18,0,15,0,12]"
CSI_DATA,264539,d8:b1:90:d9:de:f0,-66,11,-99,-35,67,56,-439951303,100,0,114,0,"[-9,31,-11,34,-14,36,-15,37,-16,34,-16,35,-15,33,-16,32,-14,29,-13,28,-13,27,-11,26,-10,26,-10,25,-10,26,-8,26,-7,27,-8,26,-8,27,-6,26,-7,28,-5,27,-4,26,-4,26,-4,25,-3,24,-3,25,-3,25,0,0,-2,24,-2,25,-3,26,-3,27,-3,28,-4,29,-5,29,-5,29,-4,28,-5,27,-5,27,-5,27,-4,26,-4,23,-5,22,-5,21,-4,19,-3,19,-4,18,-3,19,-3,18,-2,20,0,20,-1,22,-3,20,-1,20,-1,18,-1,16]"
CSI_DATA,264540,d8:b1:90:d9:de:f0,-65,11,-99,-36,67,56,-439931230,100,0,114,0,"[-2,-34,-1,-36,0,-39,3,-40,2,-40,2,-39,2,-36,2,-34,1,-32,2,-30,1,-28,1,-27,-1,-28,-1,-28,-2,-27,-2,-28,-4,-28,-3,-28,-4,-28,-5,-26,-7,-27,-8,-27,-7,-27,-7,-25,-8,-25,-10,-25,-10,-25,-11,-24,0,0,-11,-26,-10,-25,-12,-25,-12,-28,-13,-27,-13,-29,-13,-30,-13,-30,-13,-29,-13,-27,-14,-27,-13,-26,-12,-26,-12,-23,-10,-21,-9,-22,-10,-21,-10,-19,-10,-19,-12,-19,-12,-19,-13,-21,-14,-20,-15,-19,-15,-17,-14,-17,-13,-16,-13,-14]"
CSI_DATA,264541,d8:b1:90:d9:de:f0,-65,11,-99,-34,67,56,-439921247,100,0,114,0,"[-28,10,-32,10,-33,9,-35,6,-35,5,-35,4,-32,2,-32,2,-30,1,-28,1,-26,0,-25,0,-26,1,-24,1,-24,1,-25,1,-26,1,-26,0,-28,1,-25,2,-26,2,-27,1,-25,2,-24,2,-25,3,-25,2,-24,2,-25,4,0,0,-25,2,-25,2,-27,2,-28,1,-31,0,-32,0,-32,0,-30,0,-30,0,-29,0,-29,0,-27,-1,-26,0,-24,-1,-23,-1,-23,-3,-20,-2,-23,-1,-21,-1,-21,-1,-22,-1,-21,0,-20,0,-23,0,-22,0,-21,0,-18,-1,-17,0]"
CSI_DATA,264542,d8:b1:90:d9:de:f0,-64,11,-99,-35,66,56,-439910486,100,0,114,0,"[-5,32,-8,35,-9,38,-9,39,-10,39,-10,39,-10,34,-13,33,-9,32,-8,32,-7,29,-7,28,-7,29,-7,29,-4,29,-5,29,-4,31,-4,31,-2,33,-2,31,-1,33,0,32,0,32,3,31,2,31,2,31,3,31,3,31,0,0,4,31,6,31,6,31,6,32,6,35,5,34,7,34,6,35,6,33,4,33,5,32,4,32,5,29,5,28,5,25,5,25,5,22,4,22,5,21,5,22,7,22,7,22,8,22,7,22,5,19,6,19,7,18,6,16]"
CSI_DATA,264543,d8:b1:90:d9:de:f0,-65,11,-99,-36,67,56,-439891481,100,0,114,0,"[-5,32,-9,35,-11,37,-13,38,-15,38,-17,36,-16,34,-16,33,-14,29,-15,28,-15,27,-14,25,-15,27,-13,26,-14,27,-13,27,-15,29,-16,28,-15,28,-14,29,-14,29,-14,29,-14,28,-14,28,-14,27,-13,27,-12,25,-14,24,0,0,-14,26,-14,26,-15,26,-17,26,-17,27,-19,26,-19,26,-19,24,-20,22,-20,22,-19,21,-17,18,-17,17,-16,14,-16,13,-16,12,-15,11,-15,11,-15,10,-15,10,-14,10,-13,10,-11,10,-14,11,-15,9,-13,9,-12,10,-10,9]"
CSI_DATA,264544,d8:b1:90:d9:de:f0,-65,11,-99,-37,67,56,-439871560,100,0,114,0,"[23,-27,27,-28,30,-29,31,-29,34,-29,33,-28,32,-25,30,-24,28,-24,26,-21,25,-21,25,-20,24,-20,23,-21,23,-21,23,-21,23,-23,23,-23,23,-24,22,-24,22,-24,20,-25,19,-24,19,-23,19,-23,18,-22,18,-21,16,-20,0,0,16,-22,17,-19,18,-20,18,-20,17,-20,19,-19,19,-19,19,-19,21,-17,20,-15,20,-14,18,-12,17,-12,16,-10,16,-8,16,-7,14,-6,15,-6,14,-7,15,-7,15,-6,15,-7,13,-6,16,-9,16,-8,16,-7,14,-8,13,-7]"
CSI_DATA,264545,d8:b1:90:d9:de:f0,-66,11,-99,-37,68,56,-439861529,100,0,114,0,"[24,-22,28,-24,30,-25,32,-24,31,-26,31,-26,29,-23,28,-24,23,-23,22,-22,20,-22,19,-22,17,-22,16,-22,15,-22,13,-22,13,-26,12,-26,11,-27,11,-26,9,-27,6,-27,5,-25,3,-25,4,-24,3,-25,2,-24,2,-22,0,0,1,-22,0,-24,0,-23,1,-22,0,-24,0,-22,1,-23,1,-23,2,-22,2,-21,3,-20,2,-20,2,-18,2,-17,3,-16,3,-15,3,-13,2,-14,2,-13,1,-15,1,-15,0,-15,0,-15,-1,-17,0,-16,-2,-15,-2,-15,-1,-12]"
CSI_DATA,264546,d8:b1:90:d9:de:f0,-66,11,-99,-37,68,56,-439851486,100,0,114,0,"[0,36,0,38,-2,41,-4,39,-4,43,-5,40,-7,38,-5,35,-4,33,-5,31,-4,28,-3,30,-2,29,-1,29,0,27,0,27,0,26,0,29,2,29,1,28,3,27,4,27,2,25,5,23,2,23,4,22,4,22,4,22,0,0,4,20,4,21,4,21,2,23,2,23,1,24,0,22,0,23,0,22,-2,22,-2,21,-2,21,-3,19,-4,17,-4,17,-5,16,-5,17,-5,15,-6,15,-6,16,-7,16,-6,18,-6,19,-6,18,-8,16,-8,15,-8,16,-8,13]"
CSI_DATA,264547,d8:b1:90:d9:de:f0,-67,11,-99,-36,69,56,-439831260,100,0,114,0,"[-23,-15,-26,-18,-25,-19,-24,-21,-24,-21,-23,-21,-21,-20,-19,-20,-19,-18,-17,-16,-15,-14,-15,-15,-15,-13,-15,-12,-16,-13,-15,-11,-15,-11,-16,-11,-16,-11,-16,-10,-18,-11,-18,-10,-17,-10,-16,-9,-16,-8,-15,-9,-16,-7,-15,-7,0,0,-16,-7,-15,-7,-15,-7,-19,-10,-20,-10,-20,-11,-21,-11,-20,-13,-20,-12,-20,-13,-19,-13,-19,-14,-18,-14,-17,-12,-17,-11,-16,-11,-15,-11,-16,-11,-17,-11,-15,-11,-16,-12,-16,-12,-18,-13,-17,-15,-16,-12,-15,-11,-13,-12,-11,-11]"
CSI_DATA,264548,d8:b1:90:d9:de:f0,-66,11,-99,-37,68,56,-439810561,100,0,114,0,"[-11,24,-14,25,-16,26,-18,25,-18,24,-18,23,-18,21,-18,20,-16,20,-16,18,-16,16,-16,16,-16,16,-16,16,-16,16,-16,16,-15,17,-17,18,-18,18,-18,18,-18,18,-17,19,-17,19,-16,18,-18,18,-16,17,-16,17,-17,18,0,0,-18,18,-16,19,-17,19,-20,21,-20,22,-20,22,-21,22,-21,23,-22,22,-23,22,-22,22,-20,20,-19,19,-18,17,-19,16,-17,16,-17,16,-18,17,-16,17,-17,16,-17,16,-17,17,-16,16,-17,15,-19,14,-17,12,-14,12,-13,11]"
CSI_DATA,264549,d8:b1:90:d9:de:f0,-65,9,-99,-36,67,56,-439800395,108,0,106,0,"[-89,0,-40,14,-105,0,-90,14,-123,0,-76,14,113,0,-24,14,82,0,32,15,40,0,69,15,10,0,76,15,-21,15,75,15,-28,15,80,15,-14,15,108,15,8,0,-74,15,2,0,16,0,-34,15,104,0,0,0,0,0,76,15,-71,0,11,15,-64,0,-52,14,-82,0,-58,14,-118,0,-9,14,110,0,40,15,113,0,99,15,122,0,-118,15,-121,0,-97,15,123,0,-97,15,109,0,-83,15,72,0,-51,15,30,0,-11,15]"
CSI_DATA,264550,d8:b1:90:d9:de:f0,-65,11,-99,-34,66,56,-439781075,100,0,114,0,"[15,-31,18,-34,21,-36,23,-33,25,-34,24,-32,25,-30,24,-28,24,-27,23,-24,22,-23,22,-23,21,-23,21,-23,21,-23,21,-24,23,-24,24,-26,24,-25,24,-26,23,-24,23,-25,22,-23,20,-23,22,-23,20,-22,19,-21,21,-20,0,0,20,-23,21,-21,22,-22,21,-23,21,-23,24,-23,24,-22,25,-22,25,-21,25,-21,24,-20,21,-18,20,-16,19,-15,20,-14,18,-12,16,-12,16,-12,16,-11,18,-11,18,-10,16,-11,14,-10,14,-9,15,-8,14,-7,11,-8,10,-7]"
CSI_DATA,264551,d8:b1:90:d9:de:f0,-65,11,-99,-36,67,56,-439761544,100,0,114,0,"[-14,-33,-13,-37,-12,-40,-13,-42,-11,-40,-9,-42,-9,-37,-9,-38,-8,-34,-9,-33,-9,-31,-9,-30,-10,-29,-11,-30,-12,-30,-12,-29,-14,-31,-13,-29,-15,-31,-15,-28,-16,-29,-16,-28,-17,-25,-16,-25,-16,-24,-15,-24,-17,-23,-17,-22,0,0,-16,-21,-16,-20,-17,-22,-16,-21,-18,-25,-16,-23,-17,-24,-17,-24,-16,-23,-15,-21,-13,-22,-12,-21,-11,-19,-11,-19,-9,-15,-8,-16,-7,-14,-8,-14,-7,-13,-6,-13,-7,-13,-5,-13,-6,-13,-6,-14,-7,-12,-6,-11,-5,-10,-4,-9]"
CSI_DATA,264552,d8:b1:90:d9:de:f0,-65,11,-99,-36,67,56,-439751455,100,0,114,0,"[21,30,21,34,20,38,19,39,17,38,15,40,12,37,10,35,11,32,10,32,8,30,9,29,8,30,9,28,9,29,10,29,10,29,10,30,9,32,10,30,11,29,11,29,11,28,12,28,10,27,10,25,10,25,9,24,0,0,9,25,8,25,7,27,6,27,6,28,6,29,4,27,3,29,2,27,1,26,-1,25,0,25,-2,23,-2,21,-4,19,-5,18,-6,17,-6,16,-5,15,-7,16,-6,15,-7,16,-6,17,-8,19,-8,18,-8,16,-8,15,-7,14]"
CSI_DATA,264553,d8:b1:90:d9:de:f0,-66,11,-99,-35,67,56,-439741384,100,0,114,0,"[34,3,38,5,40,7,42,8,39,9,38,8,36,9,34,9,32,6,32,5,29,5,28,3,28,2,28,1,29,0,29,0,30,0,30,0,30,-1,29,-2,28,-2,28,-4,26,-4,27,-5,24,-6,23,-6,24,-5,23,-7,0,0,21,-8,23,-6,23,-8,24,-7,24,-6,24,-7,25,-7,25,-6,25,-5,25,-5,23,-5,22,-2,22,-1,21,-1,20,-1,19,0,17,0,17,0,17,0,19,0,19,0,18,0,18,0,21,-3,21,-4,19,-3,17,-1,15,-1]"
CSI_DATA,264554,d8:b1:90:d9:de:f0,-66,11,-99,-37,68,56,-439721482,100,0,114,0,"[-20,-22,-21,-26,-21,-28,-20,-29,-20,-30,-18,-28,-18,-27,-16,-25,-16,-23,-16,-22,-15,-21,-16,-20,-16,-18,-17,-17,-17,-17,-17,-15,-19,-16,-20,-16,-20,-15,-22,-13,-21,-12,-22,-11,-20,-11,-20,-10,-21,-8,-20,-8,-19,-7,-21,-5,0,0,-20,-5,-20,-5,-21,-5,-23,-5,-23,-5,-24,-6,-24,-4,-26,-5,-25,-5,-25,-5,-25,-4,-24,-7,-22,-6,-22,-6,-21,-5,-22,-4,-20,-4,-21,-4,-22,-4,-21,-2,-23,-1,-22,-3,-23,-3,-24,-2,-23,-1,-22,-1,-20,-4,-17,-3]"
CSI_DATA,264555,d8:b1:90:d9:de:f0,-66,11,-99,-36,68,56,-439707913,100,0,114,0,"[0,28,-2,31,-3,32,-7,33,-7,32,-8,31,-8,27,-9,27,-9,25,-10,23,-8,22,-9,21,-10,22,-10,22,-9,21,-10,21,-10,21,-10,21,-11,21,-11,20,-12,23,-12,21,-12,20,-10,20,-12,19,-11,19,-11,18,-11,19,0,0,-13,19,-12,20,-15,21,-14,20,-16,21,-17,22,-17,21,-18,22,-18,20,-20,20,-20,19,-19,17,-19,16,-18,15,-18,14,-18,13,-17,13,-18,12,-18,12,-18,12,-19,12,-20,12,-19,11,-22,11,-21,8,-21,7,-18,7,-18,3]"
CSI_DATA,264556,d8:b1:90:d9:de:f0,-65,11,-99,-36,67,56,-439691652,100,0,114,0,"[-31,-2,-35,-3,-36,-5,-36,-5,-37,-7,-34,-7,-34,-9,-32,-7,-30,-7,-29,-7,-27,-6,-27,-7,-26,-6,-26,-6,-27,-5,-27,-5,-27,-5,-29,-5,-28,-4,-28,-4,-29,-4,-29,-5,-29,-4,-27,-3,-27,-4,-25,-4,-27,-3,-26,-1,0,0,-26,-4,-26,-3,-27,-3,-29,-4,-29,-4,-31,-5,-32,-5,-29,-5,-31,-3,-31,-4,-29,-5,-29,-6,-28,-6,-25,-4,-25,-4,-24,-4,-23,-3,-22,-3,-24,-3,-24,-3,-24,-4,-24,-4,-25,-6,-25,-5,-24,-5,-23,-5,-20,-5,-17,-5]"
CSI_DATA,264557,d8:b1:90:d9:de:f0,-65,11,-99,-37,67,56,-439680556,100,0,114,0,"[-30,-9,-34,-11,-38,-12,-38,-13,-36,-15,-36,-15,-32,-14,-31,-13,-30,-12,-29,-10,-28,-10,-26,-9,-28,-9,-27,-7,-28,-7,-28,-7,-29,-7,-29,-7,-31,-6,-30,-4,-30,-6,-31,-4,-30,-4,-29,-3,-27,-2,-27,-3,-26,-2,-27,0,0,0,-28,0,-28,-1,-29,-1,-30,0,-31,0,-31,0,-33,0,-30,0,-30,0,-30,1,-29,1,-28,1,-28,1,-26,2,-26,1,-25,1,-23,3,-23,3,-23,3,-23,3,-23,4,-23,3,-23,4,-24,3,-23,4,-22,3,-19,2,-17,2]"
CSI_DATA,264558,d8:b1:90:d9:de:f0,-64,11,-99,-35,66,56,-439661653,100,0,114,0,"[25,-25,28,-25,30,-26,32,-26,34,-25,33,-22,32,-20,31,-19,30,-18,28,-18,27,-17,25,-16,27,-16,25,-16,25,-17,25,-17,26,-18,27,-17,27,-19,26,-19,28,-19,27,-19,25,-19,23,-19,25,-17,23,-17,23,-18,23,-16,0,0,23,-17,23,-16,26,-18,26,-16,28,-17,29,-17,29,-16,30,-15,28,-14,30,-13,29,-11,26,-10,25,-9,23,-9,23,-8,22,-6,19,-6,20,-7,20,-6,22,-6,22,-7,20,-6,20,-6,22,-5,22,-4,20,-4,18,-4,16,-3]"
CSI_DATA,264559,d8:b1:90:d9:de:f0,-64,11,-99,-36,66,56,-439651187,100,0,114,0,"[-22,-29,-23,-31,-23,-33,-24,-34,-23,-37,-22,-34,-21,-34,-21,-31,-20,-29,-20,-28,-20,-24,-20,-24,-20,-24,-22,-23,-22,-22,-23,-22,-25,-22,-25,-22,-28,-20,-26,-20,-29,-20,-29,-17,-29,-16,-29,-14,-29,-15,-29,-15,-28,-13,-29,-11,0,0,-29,-12,-29,-11,-29,-10,-31,-12,-31,-12,-31,-13,-32,-11,-32,-13,-32,-11,-32,-12,-29,-11,-25,-11,-26,-10,-22,-8,-22,-7,-22,-7,-21,-6,-20,-5,-21,-5,-21,-5,-22,-5,-22,-5,-22,-6,-24,-4,-23,-2,-22,-3,-20,-4,-17,-3]"
CSI_DATA,264560,d8:b1:90:d9:de:f0,-65,11,-99,-36,67,56,-439631528,100,0,114,0,"[30,-6,33,-4,36,-2,38,0,38,2,37,4,34,5,33,6,32,5,31,7,28,7,28,7,28,6,28,7,28,7,29,7,29,7,29,7,30,7,28,6,30,7,29,6,29,7,29,7,27,7,27,7,26,8,26,7,0,0,26,8,27,10,27,11,26,11,26,14,26,15,26,16,25,16,23,17,22,15,22,16,19,18,18,18,16,17,15,16,13,17,12,15,12,15,12,15,11,16,11,16,11,17,10,18,10,18,10,17,9,17,7,16,5,14]"
CSI_DATA,264561,d8:b1:90:d9:de:f0,-66,11,-99,-33,67,56,-439621527,100,0,114,0,"[18,-23,20,-26,22,-27,24,-26,25,-26,25,-26,24,-25,22,-22,21,-22,20,-22,19,-21,18,-20,16,-21,16,-22,15,-22,15,-22,14,-23,14,-23,14,-25,12,-25,11,-25,11,-26,11,-25,9,-26,9,-24,7,-26,8,-25,8,-23,0,0,7,-23,6,-24,7,-25,8,-25,7,-25,9,-26,9,-26,10,-26,9,-24,11,-23,10,-22,9,-22,9,-22,9,-20,9,-18,8,-17,7,-17,8,-16,7,-15,7,-16,7,-15,7,-17,7,-18,6,-18,7,-17,7,-16,6,-15,5,-12]"
CSI_DATA,264562,d8:b1:90:d9:de:f0,-66,11,-99,-35,68,56,-439601652,100,0,114,0,"[0,31,0,33,-1,35,-2,36,-3,37,-4,35,-2,33,-3,32,-1,31,-2,29,0,27,0,26,0,26,1,25,1,27,2,26,4,26,2,26,4,27,6,26,6,26,7,27,7,25,8,25,7,25,8,24,8,22,9,22,0,0,9,20,8,21,9,21,10,24,10,24,9,25,10,25,8,24,8,22,7,22,7,20,7,20,6,18,6,18,6,17,6,16,6,14,5,14,6,14,5,14,6,14,6,15,6,15,6,15,4,13,3,12,4,12,2,10]"
CSI_DATA,264563,d8:b1:90:d9:de:f0,-66,11,-99,-36,68,56,-439591635,100,0,114,0,"[-32,6,-34,6,-36,3,-38,1,-40,0,-36,0,-36,-2,-32,-3,-31,-3,-29,-3,-28,-2,-27,-3,-27,-3,-27,-2,-26,-2,-27,-3,-27,-2,-28,-3,-26,-2,-28,-1,-27,-2,-27,-3,-25,-3,-25,-2,-25,-3,-24,-1,-23,-2,-22,-1,0,0,-23,-3,-23,-5,-23,-5,-24,-5,-23,-6,-23,-8,-23,-8,-22,-8,-21,-9,-21,-9,-20,-8,-18,-9,-16,-8,-16,-9,-16,-9,-14,-9,-13,-10,-13,-8,-13,-9,-12,-8,-13,-10,-11,-10,-11,-12,-12,-12,-11,-10,-10,-10,-8,-9,-6,-8]"
CSI_DATA,264564,d8:b1:90:d9:de:f0,-66,11,-99,-37,68,56,-439581530,100,0,114,0,"[10,-31,12,-34,13,-35,14,-35,14,-37,13,-33,15,-33,14,-31,11,-30,11,-29,10,-26,9,-28,8,-26,8,-26,6,-27,6,-26,5,-26,5,-28,3,-28,2,-27,2,-27,0,-27,0,-26,0,-25,0,-25,0,-24,0,-23,0,-23,0,0,0,-22,0,-23,-1,-23,-1,-24,-1,-25,-1,-25,-1,-24,0,-25,-1,-23,0,-24,-1,-22,-1,-22,-2,-22,-1,-19,-1,-19,0,-17,0,-18,0,-17,0,-16,0,-16,0,-16,0,-17,-1,-17,0,-16,0,-14,0,-13,0,-13,0,-11]"
CSI_DATA,264565,d8:b1:90:d9:de:f0,-66,11,-99,-34,67,56,-439571049,100,0,114,0,"[33,-13,36,-13,39,-11,41,-9,41,-6,40,-4,38,-2,35,-2,33,-2,33,-1,30,0,29,0,29,0,28,0,28,-1,28,0,28,0,29,0,29,-1,29,-1,27,0,28,0,25,-1,25,0,25,0,24,0,24,0,25,0,0,0,23,0,23,0,25,0,25,1,26,3,26,4,26,5,26,5,26,6,25,5,23,6,21,8,20,9,19,8,17,8,17,8,16,8,16,8,16,9,16,9,16,10,16,10,15,9,16,11,16,12,15,10,11,10,9,10]"
CSI_DATA,264566,d8:b1:90:d9:de:f0,-66,11,-99,-35,67,56,-439560467,100,0,114,0,"[29,-19,32,-20,35,-21,38,-19,35,-18,35,-17,34,-15,33,-14,30,-13,30,-12,27,-12,26,-11,26,-12,25,-14,24,-14,24,-14,26,-13,25,-14,25,-14,24,-15,23,-16,21,-15,20,-15,19,-15,19,-16,19,-15,19,-15,18,-15,0,0,19,-14,18,-15,20,-15,19,-16,19,-16,21,-16,21,-16,22,-16,22,-16,22,-15,21,-15,19,-13,18,-13,18,-13,16,-11,17,-11,15,-9,16,-9,15,-10,15,-9,17,-10,15,-10,14,-9,15,-9,16,-9,15,-8,12,-7,12,-6]"
CSI_DATA,264567,d8:b1:90:d9:de:f0,-65,11,-99,-37,67,56,-439541583,100,0,114,0,"[-22,28,-27,29,-29,30,-33,28,-33,27,-33,26,-32,22,-32,20,-30,19,-28,17,-27,15,-25,15,-27,16,-25,16,-26,15,-26,15,-28,16,-27,15,-27,15,-26,16,-27,15,-25,16,-25,14,-24,15,-24,14,-22,13,-22,13,-23,14,0,0,-24,13,-24,11,-26,11,-27,11,-27,10,-28,10,-29,9,-28,8,-28,7,-27,6,-26,5,-24,4,-23,3,-23,2,-22,1,-20,-1,-19,0,-20,1,-20,0,-19,-1,-20,-2,-20,-2,-18,-3,-21,-3,-21,-4,-19,-4,-16,-3,-15,-4]"
CSI_DATA,264568,d8:b1:90:d9:de:f0,-65,11,-99,-36,67,56,-439531450,100,0,114,0,"[32,16,35,18,36,21,37,22,36,21,35,22,32,21,30,20,30,18,28,18,28,16,26,17,27,14,26,14,27,14,27,13,28,12,29,11,29,9,29,8,30,9,30,7,28,7,28,5,28,6,27,5,27,4,27,3,0,0,28,4,27,2,27,2,29,3,28,4,29,4,29,4,29,5,28,4,27,4,25,3,25,6,23,5,21,4,20,3,19,3,18,3,18,1,18,2,19,2,19,2,19,3,19,4,19,3,19,1,18,1,15,3,13,3]"
CSI_DATA,264569,d8:b1:90:d9:de:f0,-65,11,-99,-35,67,56,-439521439,100,0,114,0,"[32,13,34,17,34,19,34,22,34,23,32,24,29,24,28,23,26,21,24,21,22,19,22,19,20,19,21,19,22,18,21,18,22,17,24,19,23,17,23,18,23,18,24,18,22,17,21,16,22,16,20,15,20,14,19,15,0,0,22,16,19,18,20,18,21,18,20,19,19,23,18,21,17,24,16,21,15,22,14,22,9,21,10,19,8,17,8,17,8,16,7,16,7,15,7,15,7,16,7,17,6,17,5,17,6,19,6,16,5,16,4,15,2,13]"
CSI_DATA,264570,d8:b1:90:d9:de:f0,-66,11,-99,-37,68,56,-439510591,100,0,114,0,"[24,-22,27,-22,31,-24,33,-22,33,-22,32,-20,31,-18,29,-17,27,-17,25,-17,24,-16,23,-15,24,-14,22,-16,22,-16,22,-16,22,-17,22,-18,22,-19,21,-18,20,-19,19,-19,19,-18,17,-18,17,-18,17,-17,15,-16,16,-17,0,0,16,-17,17,-18,17,-18,19,-19,19,-19,20,-18,20,-18,21,-17,21,-15,21,-16,19,-13,17,-12,17,-11,16,-10,16,-9,15,-9,14,-9,14,-9,14,-8,14,-8,15,-9,13,-9,12,-9,15,-8,16,-8,14,-7,12,-6,11,-5]"
CSI_DATA,264571,d8:b1:90:d9:de:f0,-66,11,-99,-35,68,56,-439491603,100,0,114,0,"[-22,19,-25,21,-27,23,-27,22,-28,23,-28,23,-26,20,-25,19,-22,19,-21,19,-19,18,-17,19,-18,19,-16,19,-14,20,-13,20,-13,21,-13,22,-12,22,-11,21,-11,23,-9,24,-8,23,-6,23,-7,22,-6,22,-6,22,-6,22,0,0,-5,21,-3,23,-4,23,-5,25,-4,25,-4,27,-3,25,-4,25,-4,25,-5,25,-4,24,-3,22,-3,19,-1,19,-2,18,-1,18,0,17,-1,17,0,17,0,16,0,18,0,18,1,18,0,18,0,16,0,14,0,15,0,12]"
CSI_DATA,264572,d8:b1:90:d9:de:f0,-66,11,-99,-36,68,56,-439480211,100,0,114,0,"[0,-31,1,-33,0,-34,2,-35,0,-37,0,-35,1,-33,0,-32,0,-30,0,-29,-1,-25,-2,-26,-3,-26,-5,-24,-6,-24,-6,-24,-8,-24,-8,-24,-10,-24,-9,-23,-12,-23,-13,-23,-12,-20,-14,-20,-13,-19,-13,-18,-14,-18,-14,-17,0,0,-16,-16,-16,-17,-15,-16,-18,-19,-19,-18,-19,-19,-19,-19,-19,-19,-18,-18,-18,-18,-17,-18,-17,-16,-15,-15,-15,-14,-15,-11,-15,-12,-15,-10,-15,-9,-16,-9,-16,-8,-16,-8,-16,-8,-16,-8,-17,-8,-15,-6,-14,-6,-14,-7,-11,-6]"
CSI_DATA,264573,d8:b1:90:d9:de:f0,-66,11,-99,-35,68,56,-439461431,100,0,114,0,"[-8,-28,-7,-31,-6,-33,-6,-33,-6,-35,-4,-32,-4,-32,-1,-29,-2,-28,-1,-26,-1,-25,-2,-24,-4,-23,-4,-23,-4,-23,-5,-25,-6,-24,-5,-24,-5,-24,-6,-23,-6,-25,-7,-24,-6,-24,-6,-22,-6,-23,-6,-22,-7,-22,-7,-22,0,0,-6,-24,-7,-23,-6,-24,-6,-26,-6,-26,-6,-27,-6,-28,-4,-27,-5,-26,-4,-26,-3,-25,-4,-25,-3,-23,-4,-21,-3,-21,-2,-20,-3,-19,-3,-18,-3,-19,-3,-19,-4,-18,-4,-19,-4,-19,-4,-18,-4,-16,-2,-14,-2,-14,-1,-13]"
CSI_DATA,264574,d8:b1:90:d9:de:f0,-66,11,-99,-37,68,56,-439441638,100,0,114,0,"[-19,22,-22,24,-24,24,-26,25,-26,23,-27,24,-24,22,-24,21,-22,20,-21,20,-19,19,-19,18,-17,19,-16,19,-15,19,-15,21,-15,22,-15,21,-15,22,-13,21,-13,23,-12,23,-11,23,-11,22,-11,22,-10,23,-10,22,-10,22,0,0,-11,22,-9,23,-10,26,-11,24,-11,26,-11,25,-10,26,-11,26,-11,25,-10,24,-10,23,-9,23,-9,22,-8,22,-7,20,-6,19,-5,19,-6,19,-5,18,-5,18,-5,18,-3,20,-2,19,-3,18,-4,16,-4,15,-3,15,-3,14]"
CSI_DATA,264575,d8:b1:90:d9:de:f0,-66,11,-99,-36,68,56,-439431637,100,0,114,0,"[20,-21,23,-22,25,-23,27,-23,29,-21,28,-20,26,-17,26,-17,24,-15,23,-13,22,-14,20,-12,21,-14,21,-14,20,-14,21,-14,21,-15,21,-15,21,-16,21,-16,20,-16,21,-16,20,-16,19,-15,19,-15,18,-15,18,-14,20,-15,0,0,20,-14,21,-14,22,-16,23,-14,24,-14,24,-15,25,-13,25,-12,25,-12,24,-11,24,-11,23,-8,21,-9,21,-8,20,-7,20,-8,17,-8,18,-8,18,-7,19,-5,19,-7,19,-8,18,-7,19,-7,19,-5,18,-5,16,-5,14,-3]"
CSI_DATA,264576,d8:b1:90:d9:de:f0,-65,11,-99,-36,67,56,-439411627,100,0,114,0,"[-10,32,-12,34,-14,36,-16,36,-16,37,-16,35,-17,33,-17,31,-15,29,-14,28,-11,26,-12,27,-12,26,-10,26,-10,26,-9,26,-9,26,-9,28,-8,28,-9,27,-7,29,-6,30,-6,28,-6,28,-6,28,-6,28,-4,27,-5,27,0,0,-6,27,-5,28,-6,29,-7,30,-8,31,-8,31,-8,32,-8,31,-8,29,-9,30,-8,29,-9,27,-8,24,-7,22,-8,22,-7,22,-6,22,-7,21,-7,21,-7,21,-7,21,-6,21,-5,22,-6,23,-7,21,-6,20,-6,20,-5,17]"
CSI_DATA,264577,d8:b1:90:d9:de:f0,-65,11,-99,-34,66,56,-439400708,100,0,114,0,"[-28,19,-32,19,-36,19,-36,20,-36,19,-34,18,-33,16,-31,16,-28,18,-28,15,-26,15,-25,15,-23,16,-23,19,-21,18,-21,19,-21,20,-22,21,-21,21,-20,22,-20,24,-18,25,-18,25,-15,24,-15,25,-14,24,-13,25,-14,24,0,0,-15,24,-13,25,-14,25,-16,27,-14,28,-14,28,-15,29,-15,28,-15,27,-14,27,-13,27,-13,26,-12,23,-11,24,-11,22,-10,21,-9,21,-9,21,-8,21,-8,22,-9,23,-8,23,-6,24,-7,24,-7,24,-6,23,-5,20,-6,19]"
CSI_DATA,264578,d8:b1:90:d9:de:f0,-64,11,-99,-35,66,56,-439381624,100,0,114,0,"[31,15,33,17,33,21,33,23,32,22,33,25,28,23,28,23,25,21,23,21,21,19,21,19,21,17,22,18,22,18,22,18,23,19,22,19,26,19,23,17,26,19,26,19,23,19,23,17,23,18,23,17,23,17,25,18,0,0,21,18,22,19,23,20,23,20,25,23,25,25,23,25,21,26,21,23,19,22,19,22,18,23,16,21,16,21,15,19,16,21,14,20,15,19,14,20,13,19,14,20,13,22,14,22,15,23,13,22,10,22,9,21,9,21]"
CSI_DATA,264579,d8:b1:90:d9:de:f0,-65,11,-99,-34,66,56,-439371522,100,0,114,0,"[23,24,24,27,25,30,26,31,26,32,24,30,23,29,22,27,20,24,21,23,19,22,20,21,21,20,21,19,21,19,23,18,24,18,25,18,26,15,26,14,27,14,28,14,27,12,27,12,27,10,27,10,27,9,27,9,0,0,27,8,29,8,29,7,30,8,29,9,30,8,31,8,32,9,31,8,31,8,30,7,29,7,27,7,27,5,26,5,25,5,25,5,23,2,24,2,24,2,25,1,27,3,26,3,27,2,27,1,25,1,23,3,20,3]"
CSI_DATA,264580,d8:b1:90:d9:de:f0,-64,11,-99,-36,66,56,-439361515,100,0,114,0,"[28,-20,32,-21,35,-22,37,-20,38,-19,37,-17,35,-15,34,-15,32,-13,31,-13,30,-13,28,-12,29,-13,26,-13,26,-13,28,-13,28,-15,29,-14,29,-15,28,-16,28,-16,29,-16,26,-16,26,-16,25,-15,24,-16,24,-15,25,-14,0,0,26,-15,25,-14,26,-14,29,-15,29,-14,29,-14,29,-14,31,-14,31,-12,30,-12,29,-11,26,-11,28,-11,25,-8,25,-8,24,-8,23,-6,24,-7,24,-7,25,-7,25,-6,25,-8,24,-6,26,-6,28,-5,24,-4,21,-4,21,-2]"
CSI_DATA,264581,d8:b1:90:d9:de:f0,-64,11,-99,-35,66,56,-439351402,100,0,114,0,"[-32,-10,-34,-13,-38,-15,-38,-15,-35,-16,-37,-16,-33,-14,-33,-13,-32,-10,-31,-9,-30,-8,-28,-8,-29,-6,-29,-5,-29,-5,-30,-4,-31,-3,-32,-2,-32,-1,-32,1,-33,1,-32,2,-31,4,-29,4,-30,5,-29,5,-28,6,-30,8,0,0,-30,8,-27,9,-28,9,-31,9,-32,10,-32,10,-32,11,-32,11,-31,11,-30,13,-29,13,-28,11,-26,10,-25,10,-23,10,-23,9,-21,10,-21,11,-21,11,-21,13,-22,14,-21,13,-21,13,-22,14,-22,14,-21,14,-18,10,-17,9]"
CSI_DATA,264582,d8:b1:90:d9:de:f0,-64,11,-99,-36,66,56,-439331467,100,0,114,0,"[-30,-17,-32,-21,-33,-25,-34,-28,-30,-29,-29,-30,-26,-28,-26,-28,-23,-28,-21,-26,-20,-25,-20,-24,-19,-23,-19,-24,-20,-25,-19,-26,-21,-28,-19,-28,-20,-28,-19,-26,-20,-28,-19,-28,-17,-26,-16,-26,-15,-25,-16,-26,-15,-25,-15,-24,0,0,-16,-26,-12,-28,-13,-30,-12,-29,-11,-31,-11,-32,-10,-33,-7,-32,-6,-32,-6,-30,-5,-30,-2,-31,-2,-30,-1,-29,1,-25,1,-25,1,-23,2,-23,1,-23,3,-22,3,-23,5,-24,6,-24,6,-24,5,-22,7,-22,8,-19,8,-15]"
CSI_DATA,264583,d8:b1:90:d9:de:f0,-65,11,-99,-37,67,56,-439321030,100,0,114,0,"[18,-25,21,-28,23,-28,25,-29,25,-28,23,-27,24,-24,24,-25,23,-24,22,-23,20,-21,21,-21,20,-21,19,-21,18,-21,18,-21,17,-23,19,-24,18,-24,17,-24,18,-25,18,-26,16,-24,15,-23,16,-22,15,-24,13,-22,16,-23,0,0,15,-23,15,-24,15,-24,16,-25,17,-25,18,-26,18,-25,19,-24,18,-22,19,-22,18,-22,18,-20,18,-19,16,-18,17,-17,17,-15,16,-15,17,-16,16,-16,17,-14,16,-15,16,-15,16,-15,18,-15,19,-12,17,-12,16,-12,14,-9]"
CSI_DATA,264584,d8:b1:90:d9:de:f0,-65,11,-99,-34,66,56,-439294843,100,0,114,0,"[-24,25,-28,27,-30,28,-31,27,-33,27,-31,25,-30,24,-29,23,-27,22,-27,21,-25,20,-25,21,-25,21,-23,21,-23,22,-22,22,-21,22,-23,23,-22,23,-22,24,-21,25,-21,25,-20,25,-18,25,-19,26,-18,23,-15,23,-16,23,0,0,-16,24,-18,23,-16,22,-19,24,-18,24,-21,25,-20,25,-22,25,-22,23,-23,23,-23,22,-19,19,-18,18,-16,15,-18,14,-16,13,-15,12,-15,13,-16,13,-16,11,-18,11,-16,12,-16,12,-19,12,-19,10,-18,10,-16,9,-13,7]"
CSI_DATA,264585,d8:b1:90:d9:de:f0,-65,11,-99,-34,66,56,-439281647,100,0,114,0,"[11,32,12,37,13,39,12,42,12,40,12,39,10,36,12,36,13,32,13,31,12,28,14,27,14,26,15,25,18,25,20,25,22,24,22,24,23,23,24,20,25,20,26,19,25,18,25,15,25,15,24,13,25,13,25,12,0,0,28,10,27,10,27,10,28,10,30,10,30,9,31,10,29,10,28,9,28,8,27,8,25,9,23,7,23,7,21,5,21,7,19,6,19,4,19,3,21,4,21,4,22,4,22,4,22,5,22,4,20,4,18,5,14,5]"
CSI_DATA,264586,d8:b1:90:d9:de:f0,-64,11,-99,-35,66,56,-439271446,100,0,114,0,"[-16,-33,-17,-38,-17,-41,-16,-42,-15,-43,-14,-41,-13,-40,-10,-38,-11,-34,-10,-33,-10,-31,-10,-30,-13,-29,-11,-28,-13,-28,-14,-28,-15,-28,-16,-30,-17,-29,-17,-29,-17,-29,-19,-28,-18,-27,-18,-27,-18,-26,-19,-25,-18,-23,-18,-21,0,0,-17,-22,-19,-23,-19,-25,-19,-26,-18,-27,-18,-28,-18,-29,-16,-29,-16,-27,-16,-26,-14,-26,-13,-28,-13,-25,-10,-22,-9,-21,-9,-20,-8,-20,-8,-19,-8,-18,-7,-20,-7,-20,-7,-22,-8,-21,-6,-21,-5,-18,-5,-18,-3,-19,-2,-18]"
CSI_DATA,264587,d8:b1:90:d9:de:f0,-65,11,-99,-34,66,56,-439258632,277,0,106,0,"[-74,0,34,1,20,1,40,1,47,1,22,1,13,1,-13,0,-33,0,-72,0,-74,0,-123,0,-93,0,77,0,-94,0,13,0,-78,0,-28,15,-84,0,-40,15,-120,0,-20,15,77,0,4,0,-25,15,19,0,0,0,0,0,66,15,-45,15,0,15,-97,15,-26,14,117,15,9,15,96,15,67,15,116,15,-133,15,-77,15,-83,15,-8,15,-67,15,57,0,-73,15,96,0,-84,15,101,0,-83,15,66,0,-74,15,7,0,-44,15]"
CSI_DATA,264588,d8:b1:90:d9:de:f0,-65,11,-99,-35,67,56,-439247300,100,0,114,0,"[10,-31,13,-34,16,-34,17,-34,18,-35,19,-33,19,-31,18,-29,16,-27,16,-26,15,-24,15,-24,14,-24,14,-24,14,-23,14,-24,12,-25,14,-25,13,-26,13,-26,13,-27,12,-27,12,-27,11,-26,12,-25,11,-24,11,-23,11,-23,0,0,14,-25,13,-22,14,-23,14,-24,16,-23,17,-24,17,-22,18,-23,18,-21,19,-20,19,-19,18,-17,19,-15,18,-15,16,-13,16,-11,16,-11,17,-11,17,-10,17,-10,18,-9,18,-9,17,-10,19,-8,19,-5,18,-4,16,-6,15,-2]"
CSI_DATA,264589,d8:b1:90:d9:de:f0,-65,11,-99,-37,67,56,-439231652,100,0,114,0,"[-34,-3,-37,-5,-41,-7,-41,-7,-41,-6,-40,-5,-37,-5,-36,-5,-32,-2,-31,-2,-30,-1,-29,0,-29,2,-29,2,-28,3,-28,4,-29,6,-29,7,-30,8,-28,10,-29,11,-28,12,-26,12,-25,15,-25,14,-23,13,-22,13,-24,14,0,0,-24,17,-23,16,-23,17,-24,17,-24,17,-24,18,-24,18,-24,18,-24,17,-24,17,-23,16,-22,16,-21,14,-19,15,-18,14,-19,13,-16,12,-17,14,-16,14,-17,15,-16,15,-15,16,-15,15,-17,15,-17,14,-17,14,-13,12,-14,10]"
CSI_DATA,264590,d8:b1:90:d9:de:f0,-65,11,-99,-36,67,56,-439221627,100,0,114,0,"[33,-2,37,-1,38,1,40,2,40,3,39,3,37,5,35,4,34,3,32,4,31,3,29,3,30,2,29,1,29,1,29,0,31,-1,31,-1,32,-2,31,-3,31,-3,31,-3,30,-3,29,-4,29,-4,28,-4,28,-4,29,-4,0,0,28,-4,28,-3,29,-3,28,-3,30,-1,31,-1,30,1,32,1,31,1,31,1,28,2,26,3,24,2,23,3,23,3,21,3,20,3,20,2,20,3,21,3,20,3,21,5,20,4,22,5,23,5,19,6,16,6,14,6]"
CSI_DATA,264591,d8:b1:90:d9:de:f0,-65,11,-99,-34,66,56,-439201638,100,0,114,0,"[-28,-20,-30,-22,-31,-25,-31,-26,-31,-27,-31,-26,-28,-25,-26,-25,-26,-22,-24,-21,-24,-18,-23,-18,-23,-16,-24,-16,-26,-16,-26,-15,-26,-15,-27,-14,-29,-13,-28,-11,-28,-12,-30,-12,-28,-10,-28,-9,-28,-9,-27,-9,-28,-9,-28,-9,0,0,-28,-9,-28,-8,-28,-10,-28,-10,-29,-11,-29,-11,-30,-11,-29,-12,-29,-11,-28,-11,-26,-12,-25,-11,-23,-11,-22,-11,-21,-10,-21,-9,-20,-8,-19,-8,-21,-7,-19,-7,-21,-8,-21,-9,-20,-9,-21,-9,-22,-8,-20,-9,-16,-9,-14,-9]"
CSI_DATA,264592,d8:b1:90:d9:de:f0,-65,11,-99,-34,66,56,-439191636,100,0,114,0,"[30,14,32,18,34,22,33,23,32,24,31,25,29,26,27,24,27,23,25,22,23,21,22,21,22,20,22,20,22,20,23,21,24,21,25,20,24,21,24,20,25,21,26,20,25,19,24,20,23,20,23,20,22,20,21,19,0,0,22,20,21,23,21,23,22,23,21,26,19,26,20,26,19,28,18,28,15,28,14,27,12,26,10,25,10,24,9,23,8,21,8,20,8,19,8,20,7,21,8,22,6,23,6,23,5,22,5,22,4,21,1,21,1,19]"
CSI_DATA,264593,d8:b1:90:d9:de:f0,-65,11,-99,-37,67,56,-439181606,100,0,114,0,"[31,-8,34,-9,37,-8,37,-7,39,-8,37,-7,36,-6,33,-5,33,-7,31,-5,28,-7,28,-8,26,-8,26,-9,25,-10,25,-11,24,-12,27,-13,25,-14,27,-15,25,-16,25,-18,23,-16,22,-18,23,-19,21,-18,21,-19,21,-18,0,0,22,-18,20,-18,21,-19,22,-20,21,-20,24,-20,22,-20,24,-21,24,-20,25,-21,23,-19,21,-17,18,-17,17,-15,17,-16,16,-14,15,-15,14,-15,15,-15,16,-15,16,-16,14,-16,15,-16,15,-16,15,-15,14,-14,13,-13,12,-12]"
CSI_DATA,264594,d8:b1:90:d9:de:f0,-65,11,-99,-36,67,56,-439171382,100,0,114,0,"[-24,-19,-27,-22,-27,-24,-26,-26,-26,-27,-25,-28,-23,-27,-22,-26,-20,-23,-19,-23,-18,-22,-17,-22,-17,-21,-17,-20,-18,-21,-18,-21,-19,-23,-21,-23,-20,-22,-20,-22,-22,-23,-22,-22,-21,-23,-20,-22,-21,-22,-20,-21,-19,-21,-19,-19,0,0,-19,-24,-18,-24,-17,-24,-17,-25,-19,-25,-17,-28,-17,-27,-15,-30,-15,-29,-14,-28,-11,-28,-10,-25,-9,-25,-8,-23,-8,-22,-7,-21,-6,-20,-6,-19,-7,-20,-6,-20,-7,-20,-6,-21,-5,-22,-5,-22,-4,-21,-4,-19,-1,-19,-1,-19]"
CSI_DATA,264595,d8:b1:90:d9:de:f0,-65,11,-99,-34,66,56,-439150664,100,0,114,0,"[26,19,28,23,28,25,27,26,28,29,26,29,23,28,22,28,20,25,19,25,19,23,18,23,16,24,16,23,18,23,18,22,20,24,19,24,20,24,20,25,22,25,22,25,21,25,22,24,19,25,19,25,19,25,19,24,0,0,15,25,16,27,16,28,15,27,15,30,14,30,14,31,13,32,12,31,12,30,8,31,7,28,6,26,6,25,5,23,4,22,3,22,3,21,4,22,3,22,4,22,2,23,2,24,1,25,0,21,0,21,-2,20,-3,18]"
CSI_DATA,264596,d8:b1:90:d9:de:f0,-65,11,-99,-34,66,56,-439131679,100,0,114,0,"[-30,11,-33,13,-36,12,-37,11,-39,12,-37,10,-36,9,-32,9,-31,9,-30,9,-28,10,-28,10,-27,10,-26,11,-25,12,-25,12,-26,13,-28,15,-27,16,-27,18,-27,18,-26,19,-25,19,-24,20,-26,21,-23,21,-23,20,-23,21,0,0,-26,20,-24,22,-24,22,-26,22,-25,22,-25,21,-27,22,-25,21,-25,20,-25,21,-24,20,-22,18,-21,18,-19,15,-20,15,-19,14,-16,15,-16,15,-16,14,-18,15,-18,15,-16,16,-16,16,-15,15,-16,14,-15,14,-14,14,-13,12]"
CSI_DATA,264597,d8:b1:90:d9:de:f0,-64,11,-99,-35,66,56,-439121635,100,0,114,0,"[22,-25,26,-27,28,-27,31,-27,30,-26,31,-25,30,-21,30,-20,27,-19,27,-17,26,-17,25,-16,23,-17,23,-17,23,-16,22,-17,25,-18,26,-20,28,-20,26,-20,27,-21,26,-21,26,-19,25,-20,26,-18,26,-19,26,-18,27,-17,0,0,26,-17,26,-17,27,-17,28,-16,29,-16,29,-16,30,-15,31,-14,32,-13,31,-13,29,-11,28,-9,27,-8,25,-8,25,-7,22,-6,20,-7,22,-6,22,-6,22,-6,23,-6,23,-6,22,-6,23,-4,25,-3,22,-2,19,-4,18,-2]"
CSI_DATA,264598,d8:b1:90:d9:de:f0,-65,11,-99,-35,66,56,-439111459,100,0,114,0,"[-23,22,-27,25,-29,23,-30,23,-30,25,-28,23,-28,21,-28,21,-25,21,-23,21,-21,20,-21,20,-20,20,-18,21,-18,22,-18,23,-17,25,-19,26,-18,28,-17,28,-17,29,-15,31,-15,30,-13,31,-14,29,-11,28,-11,28,-11,27,0,0,-9,29,-10,29,-10,29,-10,31,-10,31,-10,33,-10,32,-11,33,-10,31,-9,32,-10,30,-8,29,-7,27,-6,25,-7,25,-5,22,-5,21,-5,21,-3,22,-4,22,-4,23,-3,22,-2,25,-3,25,-4,23,-4,21,-3,21,-3,19]"
CSI_DATA,264599,d8:b1:90:d9:de:f0,-64,11,-99,-37,66,56,-439100257,100,0,114,0,"[26,23,28,26,30,27,31,30,30,28,30,26,28,26,26,24,26,21,26,21,25,20,24,19,26,17,26,15,26,15,27,13,31,13,33,13,33,12,34,9,34,10,34,9,34,8,35,6,34,6,32,4,32,3,31,3,0,0,34,1,32,3,33,1,35,0,33,1,35,0,35,1,36,1,36,0,35,-2,33,-3,31,-2,31,-3,27,-3,27,-3,25,-4,23,-5,21,-6,23,-6,24,-6,24,-8,25,-8,24,-8,25,-9,25,-10,23,-9,20,-6,18,-5]"
CSI_DATA,264600,d8:b1:90:d9:de:f0,-64,11,-99,-36,66,56,-439081652,100,0,114,0,"[16,30,17,33,16,34,14,37,15,38,14,37,13,37,12,34,11,32,10,30,10,28,11,28,12,28,13,28,14,26,15,26,15,30,17,29,17,30,19,30,17,31,19,30,17,30,20,29,19,28,19,26,19,26,17,24,0,0,19,28,20,28,19,28,20,30,20,30,19,31,19,30,19,32,19,30,19,29,19,28,17,26,15,23,14,24,14,21,14,22,14,21,13,19,14,20,15,19,14,20,15,22,16,22,16,21,15,19,14,19,12,19,11,17]"
CSI_DATA,264601,d8:b1:90:d9:de:f0,-64,11,-99,-37,66,56,-439071407,100,0,114,0,"[-33,1,-36,0,-38,-2,-39,-4,-38,-6,-38,-8,-35,-9,-33,-9,-32,-10,-30,-10,-28,-10,-27,-10,-28,-10,-27,-10,-30,-10,-28,-10,-31,-11,-31,-11,-31,-12,-31,-11,-33,-15,-32,-15,-31,-15,-32,-15,-30,-13,-30,-15,-28,-16,-30,-16,0,0,-28,-18,-26,-18,-27,-20,-27,-21,-28,-25,-28,-25,-27,-26,-26,-26,-25,-25,-24,-24,-23,-25,-21,-26,-19,-25,-18,-25,-17,-21,-16,-23,-15,-21,-16,-21,-16,-23,-13,-23,-15,-21,-12,-24,-12,-24,-13,-26,-13,-25,-11,-25,-8,-23,-6,-20]"
CSI_DATA,264602,d8:b1:90:d9:de:f0,-64,11,-99,-36,66,56,-439061344,100,0,114,0,"[32,-5,34,-5,38,-5,38,-4,39,-3,37,-3,35,-1,33,-1,32,-2,31,-1,30,-3,29,-2,29,-3,30,-4,29,-4,29,-5,30,-6,32,-6,33,-7,33,-8,32,-8,33,-10,32,-8,32,-11,31,-10,31,-8,30,-10,31,-10,0,0,31,-11,31,-10,31,-11,34,-11,34,-11,34,-10,33,-12,34,-11,34,-11,32,-12,32,-11,32,-10,29,-10,29,-10,28,-10,26,-8,25,-10,25,-10,25,-11,25,-10,24,-12,24,-12,23,-11,25,-12,26,-13,25,-11,21,-10,20,-8]"
CSI_DATA,264603,d8:b1:90:d9:de:f0,-65,11,-99,-34,66,56,-439051222,100,0,114,0,"[29,0,33,1,34,4,36,6,37,8,33,9,32,9,29,9,29,9,27,10,26,9,25,9,25,9,25,9,26,10,26,10,27,10,27,11,27,11,28,11,28,13,29,13,29,13,28,12,27,12,27,14,26,13,26,14,0,0,27,15,25,18,26,18,27,20,27,21,27,23,26,23,25,24,25,24,25,23,23,23,22,23,20,22,19,21,18,21,18,21,16,22,18,20,18,21,16,21,18,21,16,23,16,23,15,24,15,23,13,23,11,21,8,20]"
CSI_DATA,264604,d8:b1:90:d9:de:f0,-65,11,-99,-34,66,56,-439031642,100,0,114,0,"[28,8,30,11,32,13,33,15,31,15,30,16,28,15,27,14,26,14,25,14,24,13,23,12,23,11,23,11,24,13,24,12,27,13,27,12,27,12,27,12,28,12,27,14,27,13,27,12,26,12,26,12,26,12,26,11,0,0,25,13,26,14,27,15,27,15,28,16,28,18,29,18,27,20,28,19,27,18,27,18,25,18,25,16,24,15,23,15,22,15,22,14,22,13,22,14,22,14,23,16,23,16,24,16,23,16,22,16,22,16,19,15,16,13]"
CSI_DATA,264605,d8:b1:90:d9:de:f0,-65,11,-99,-34,66,56,-439021651,100,0,114,0,"[-16,26,-18,28,-20,29,-22,30,-21,31,-19,29,-18,28,-18,26,-16,27,-15,26,-13,25,-12,25,-10,25,-9,25,-8,26,-8,29,-8,28,-6,29,-6,29,-5,30,-4,31,-4,31,-4,31,-1,30,-1,28,1,29,1,28,0,27,0,0,2,30,2,29,2,30,3,31,4,31,4,32,4,34,3,34,5,33,6,32,7,31,7,32,8,30,8,29,8,26,9,25,9,25,8,24,10,25,10,26,12,26,13,26,14,27,15,25,14,24,13,23,12,23,11,19]"
CSI_DATA,264606,d8:b1:90:d9:de:f0,-65,11,-99,-35,67,56,-439011632,100,0,114,0,"[-28,-8,-31,-9,-31,-11,-32,-14,-34,-14,-31,-13,-30,-13,-28,-13,-25,-12,-24,-12,-23,-10,-23,-10,-23,-10,-25,-10,-24,-10,-25,-10,-25,-9,-26,-9,-27,-8,-27,-8,-28,-10,-27,-9,-27,-9,-26,-7,-25,-7,-24,-7,-23,-8,-23,-7,0,0,-26,-8,-26,-9,-26,-10,-27,-10,-27,-10,-28,-12,-28,-12,-28,-13,-28,-13,-27,-13,-28,-13,-26,-13,-24,-13,-23,-12,-23,-11,-24,-10,-22,-9,-23,-9,-23,-9,-24,-10,-24,-10,-23,-10,-25,-12,-24,-11,-24,-10,-22,-10,-20,-10,-18,-9]"
CSI_DATA,264607,d8:b1:90:d9:de:f0,-66,11,-99,-34,67,56,-439001623,100,0,114,0,"[-27,0,-31,0,-33,0,-34,0,-33,0,-33,1,-32,0,-30,1,-28,2,-26,3,-24,4,-24,5,-24,5,-24,7,-23,8,-24,9,-23,11,-23,10,-24,13,-22,13,-23,14,-22,16,-20,15,-19,15,-18,15,-18,15,-17,15,-19,16,0,0,-18,18,-17,17,-19,20,-17,19,-18,21,-18,22,-17,24,-18,24,-18,23,-18,25,-17,23,-16,22,-16,22,-14,22,-13,20,-13,20,-10,19,-11,21,-9,22,-10,24,-10,24,-8,25,-7,25,-7,25,-8,25,-6,24,-5,20,-6,18]"
CSI_DATA,264608,d8:b1:90:d9:de:f0,-66,11,-99,-35,68,56,-438990803,100,0,114,0,"[18,-19,19,-20,22,-22,24,-20,24,-20,24,-19,25,-17,22,-16,21,-16,20,-15,19,-14,18,-13,19,-13,19,-14,18,-13,19,-13,18,-14,19,-15,19,-15,19,-15,20,-14,19,-16,19,-13,18,-14,19,-13,18,-13,18,-12,19,-12,0,0,19,-12,19,-12,21,-12,21,-12,22,-11,23,-11,23,-9,25,-10,25,-10,25,-8,25,-8,23,-6,22,-7,20,-6,21,-6,20,-5,20,-5,21,-6,21,-5,21,-5,22,-4,21,-5,21,-4,23,-2,22,-2,20,0,19,-1,17,0]"
CSI_DATA,264609,d8:b1:90:d9:de:f0,-66,11,-99,-37,68,56,-438980449,100,0,114,0,"[-23,16,-26,17,-29,17,-29,18,-29,19,-28,19,-28,16,-27,16,-23,17,-23,16,-20,15,-21,15,-20,16,-20,16,-19,17,-18,17,-17,18,-19,20,-19,21,-18,21,-17,20,-17,21,-15,20,-13,21,-16,20,-15,21,-14,19,-15,19,0,0,-13,19,-13,21,-13,21,-14,20,-14,22,-15,22,-15,22,-16,22,-17,22,-17,22,-17,21,-15,20,-13,18,-13,18,-13,19,-13,18,-12,17,-12,16,-13,17,-11,19,-12,18,-12,19,-11,20,-12,19,-14,19,-12,17,-11,17,-10,15]"
CSI_DATA,264610,d8:b1:90:d9:de:f0,-66,11,-99,-34,67,56,-438961415,100,0,114,0,"[-23,-19,-25,-22,-26,-26,-25,-26,-25,-26,-24,-26,-22,-27,-19,-25,-19,-23,-17,-23,-17,-22,-16,-21,-17,-21,-16,-22,-16,-21,-16,-21,-18,-22,-18,-22,-18,-22,-18,-22,-18,-23,-18,-21,-17,-21,-17,-21,-15,-21,-15,-21,-14,-19,-14,-20,0,0,-13,-20,-13,-22,-14,-22,-13,-23,-12,-24,-11,-25,-11,-26,-9,-26,-8,-25,-7,-26,-6,-24,-3,-25,-3,-24,-2,-23,-3,-21,-1,-20,-2,-21,0,-19,-2,-20,0,-20,0,-20,0,-21,0,-22,1,-20,2,-19,3,-17,4,-18,4,-16]"
CSI_DATA,264611,d8:b1:90:d9:de:f0,-66,11,-99,-34,67,56,-438951219,100,0,114,0,"[11,29,11,33,11,34,11,35,11,35,10,35,10,33,10,33,11,30,10,29,10,27,11,25,12,25,12,25,15,25,15,25,16,24,16,25,16,25,16,23,18,24,18,23,18,21,18,20,19,20,18,20,19,18,18,16,0,0,18,17,18,16,18,17,19,18,20,18,19,20,21,19,19,20,19,18,18,19,17,19,16,18,15,16,15,16,12,16,12,15,12,15,12,14,12,14,12,14,14,14,12,15,14,16,13,16,10,14,10,15,8,15,7,14]"
CSI_DATA,264612,d8:b1:90:d9:de:f0,-66,11,-99,-35,67,56,-438931258,100,0,114,0,"[-32,0,-35,0,-37,0,-38,0,-39,0,-38,0,-36,0,-34,0,-33,2,-32,0,-30,4,-29,3,-29,4,-29,6,-28,6,-28,8,-28,9,-31,10,-29,12,-28,12,-28,13,-27,15,-26,15,-23,16,-24,16,-21,16,-20,16,-20,16,0,0,-20,18,-18,17,-17,18,-18,19,-17,19,-19,19,-18,19,-20,20,-17,20,-19,20,-18,18,-15,16,-14,16,-13,14,-13,14,-13,13,-11,12,-12,12,-11,13,-11,12,-11,12,-11,13,-10,12,-11,11,-12,12,-10,10,-9,10,-8,8]"
CSI_DATA,264613,d8:b1:90:d9:de:f0,-65,11,-99,-35,67,56,-438921123,100,0,114,0,"[31,-11,34,-11,36,-9,38,-9,38,-8,37,-7,37,-6,35,-6,32,-5,32,-5,31,-4,30,-4,29,-6,29,-6,28,-7,29,-6,30,-7,31,-8,31,-8,31,-9,30,-9,30,-10,29,-9,27,-9,28,-10,26,-10,26,-9,26,-11,0,0,26,-11,25,-9,24,-10,25,-10,26,-8,26,-9,26,-8,28,-7,27,-8,27,-8,25,-6,23,-5,21,-4,20,-4,19,-4,19,-2,18,-2,18,-2,17,-2,17,-1,17,-1,17,-1,16,0,17,0,18,0,14,0,13,0,11,1]"
CSI_DATA,264614,d8:b1:90:d9:de:f0,-65,11,-99,-37,67,56,-438910947,100,0,114,0,"[-30,-13,-32,-15,-36,-16,-37,-17,-38,-17,-36,-16,-36,-16,-32,-14,-30,-12,-31,-12,-29,-10,-29,-9,-29,-8,-30,-6,-29,-6,-29,-4,-30,-3,-31,-3,-31,-1,-32,0,-30,1,-31,3,-30,4,-29,6,-30,6,-27,6,-27,7,-27,7,0,0,-25,10,-26,10,-25,12,-27,12,-25,11,-25,13,-25,13,-26,13,-24,13,-25,14,-24,14,-20,12,-19,11,-18,11,-17,11,-16,11,-16,11,-15,11,-15,12,-15,11,-15,12,-14,11,-14,11,-15,11,-14,12,-13,11,-12,8,-9,7]"
CSI_DATA,264615,d8:b1:90:d9:de:f0,-65,11,-99,-37,67,56,-438899989,100,0,114,0,"[6,31,5,36,3,40,1,41,0,41,-1,40,-2,37,-3,37,-3,33,-3,33,-4,30,-4,30,-4,29,-4,30,-4,29,-4,31,-4,30,-4,31,-4,31,-4,31,-4,32,-4,32,-4,31,-4,29,-5,29,-4,28,-3,27,-3,27,0,0,-3,28,-5,27,-5,27,-5,28,-6,28,-7,29,-8,30,-8,29,-9,27,-10,27,-9,25,-9,24,-8,21,-8,21,-9,19,-9,18,-9,18,-10,16,-10,17,-11,16,-9,15,-11,16,-10,16,-10,14,-13,13,-12,12,-11,11,-10,10]"
CSI_DATA,264616,d8:b1:90:d9:de:f0,-65,11,-99,-35,67,56,-438888139,100,0,114,0,"[11,28,12,32,10,35,8,37,9,38,6,37,4,35,3,34,4,32,1,32,1,31,0,29,0,29,0,30,0,31,0,31,0,30,0,30,1,30,0,30,0,30,0,29,0,29,1,29,0,28,0,27,0,26,0,26,0,0,0,27,-1,25,-1,27,-2,28,-1,29,-4,29,-2,29,-5,29,-4,27,-7,26,-6,25,-7,26,-7,23,-7,22,-7,21,-7,18,-6,16,-7,16,-8,16,-9,17,-8,15,-9,18,-9,16,-9,16,-10,13,-10,13,-9,12,-7,10]"
CSI_DATA,264617,d8:b1:90:d9:de:f0,-66,11,-99,-34,67,56,-438871635,100,0,114,0,"[-25,17,-30,17,-33,18,-34,17,-34,17,-33,16,-33,14,-32,14,-31,13,-29,12,-28,11,-26,10,-27,12,-26,11,-26,11,-25,13,-25,12,-26,13,-26,13,-25,14,-25,13,-24,13,-24,13,-22,13,-22,12,-20,12,-20,13,-20,12,0,0,-21,12,-20,12,-20,13,-22,14,-22,14,-23,13,-22,13,-25,13,-25,12,-24,13,-23,13,-23,10,-22,10,-20,9,-20,9,-19,8,-18,8,-19,7,-18,7,-19,7,-18,6,-19,7,-17,6,-17,7,-18,5,-17,5,-14,5,-13,3]"
CSI_DATA,264618,d8:b1:90:d9:de:f0,-66,11,-99,-35,68,56,-438860677,100,0,114,0,"[19,24,20,27,21,31,19,32,19,32,19,31,18,30,16,27,14,26,13,25,14,24,14,23,14,21,14,20,14,21,15,21,15,21,17,22,16,20,18,19,16,18,17,19,16,18,17,17,16,16,16,14,16,14,16,14,0,0,15,14,18,15,17,15,18,14,17,15,18,16,18,15,19,17,19,17,19,15,18,16,17,16,16,14,14,13,15,14,14,13,14,12,13,12,14,13,13,12,14,12,14,12,14,13,15,12,13,11,12,11,11,11,8,8]"
CSI_DATA,264619,d8:b1:90:d9:de:f0,-67,11,-99,-34,68,56,-438839380,100,0,114,0,"[-22,-23,-22,-27,-22,-30,-22,-30,-22,-31,-21,-31,-19,-30,-16,-28,-16,-27,-15,-25,-14,-23,-13,-23,-13,-22,-13,-21,-13,-21,-13,-21,-14,-20,-15,-21,-15,-21,-14,-20,-15,-19,-15,-18,-13,-18,-14,-16,-14,-15,-12,-15,-12,-15,-12,-15,0,0,-11,-15,-11,-15,-10,-15,-10,-17,-10,-18,-9,-19,-10,-18,-10,-20,-8,-19,-7,-19,-6,-19,-5,-20,-5,-18,-3,-17,-3,-16,-3,-16,-2,-15,-2,-15,-1,-15,-1,-15,-1,-15,0,-16,-1,-17,0,-16,0,-14,0,-12,0,-13,0,-10]"
CSI_DATA,264620,d8:b1:90:d9:de:f0,-66,11,-99,-37,68,56,-438821637,100,0,114,0,"[35,0,40,2,42,4,42,7,41,9,40,9,37,10,35,10,33,10,31,9,29,9,28,8,27,7,26,7,27,7,27,6,29,6,29,7,29,6,27,4,29,5,28,5,26,4,25,4,25,4,23,2,22,3,22,2,0,0,23,3,20,4,21,5,22,5,21,7,22,8,21,8,19,9,19,9,19,9,17,9,16,11,15,11,13,11,12,11,11,11,10,10,10,10,10,11,10,11,10,11,7,12,7,12,8,13,7,11,6,11,3,10,2,9]"
CSI_DATA,264621,d8:b1:90:d9:de:f0,-65,11,-99,-36,67,56,-438811630,100,0,114,0,"[32,-18,36,-18,39,-19,39,-19,39,-19,38,-18,36,-17,34,-16,31,-17,30,-17,27,-17,26,-17,25,-18,25,-19,23,-20,23,-21,21,-23,23,-23,20,-25,20,-25,18,-25,16,-27,13,-26,13,-26,13,-26,12,-25,10,-23,11,-23,0,0,8,-24,8,-25,7,-25,7,-26,6,-26,7,-28,5,-26,6,-25,7,-24,7,-24,6,-23,6,-22,6,-21,5,-19,7,-18,6,-17,5,-17,5,-16,4,-16,6,-17,5,-16,4,-17,4,-17,5,-17,6,-15,6,-15,5,-14,4,-12]"
CSI_DATA,264622,d8:b1:90:d9:de:f0,-64,11,-99,-35,66,56,-438791621,100,0,114,0,"[7,35,6,41,4,44,1,45,0,44,-2,45,-3,40,-4,39,-4,38,-3,35,-3,33,-4,32,-4,33,-4,32,-3,33,-3,33,-2,33,-4,34,-4,34,-3,34,-3,37,-3,35,-2,34,-2,32,-3,32,-4,30,-3,29,-2,29,0,0,-3,29,-4,29,-5,29,-5,29,-5,30,-6,31,-6,30,-7,31,-8,28,-8,28,-9,27,-9,25,-9,22,-9,22,-10,20,-10,19,-9,18,-11,17,-10,19,-10,18,-11,17,-10,18,-10,19,-13,17,-14,15,-14,15,-13,14,-11,11]"
CSI_DATA,264623,d8:b1:90:d9:de:f0,-64,11,-99,-36,66,56,-438781067,100,0,114,0,"[12,-34,15,-37,17,-40,20,-40,20,-40,20,-39,20,-35,19,-33,17,-31,17,-31,16,-29,15,-29,15,-30,14,-30,13,-30,13,-31,12,-32,12,-32,11,-34,10,-32,10,-33,10,-34,10,-33,7,-33,7,-32,6,-32,6,-31,6,-29,0,0,6,-29,3,-30,4,-30,4,-30,4,-32,5,-32,3,-31,5,-32,5,-31,5,-30,5,-30,5,-28,4,-28,5,-24,4,-23,5,-23,4,-22,4,-22,4,-22,4,-22,4,-22,4,-23,2,-23,5,-22,6,-21,6,-21,6,-20,6,-17]"
CSI_DATA,264624,d8:b1:90:d9:de:f0,-65,11,-99,-34,66,56,-438770911,100,0,114,0,"[15,29,14,32,14,36,11,38,12,40,10,39,7,38,6,38,4,34,4,33,3,31,3,31,3,31,2,30,2,30,4,31,3,32,3,32,3,34,2,32,3,32,2,32,2,31,1,31,1,30,1,29,1,29,-1,27,0,0,0,28,-1,29,-1,30,-1,29,-3,31,-4,30,-4,30,-5,31,-6,29,-7,28,-6,28,-6,27,-7,25,-7,24,-7,22,-8,22,-8,21,-10,21,-9,21,-10,20,-9,21,-11,21,-10,22,-10,21,-11,19,-11,18,-12,16,-11,15]"
CSI_DATA,264625,d8:b1:90:d9:de:f0,-64,11,-99,-35,66,56,-438756847,100,0,114,0,"[-14,30,-17,33,-20,34,-22,33,-23,32,-25,31,-25,29,-23,28,-23,27,-22,25,-21,23,-20,23,-20,23,-20,22,-20,23,-20,23,-21,23,-22,25,-23,25,-21,25,-21,25,-20,25,-21,21,-19,22,-20,21,-19,20,-19,20,-19,20,0,0,-21,20,-19,19,-21,21,-21,19,-23,21,-25,20,-25,19,-26,19,-26,18,-26,19,-26,18,-23,16,-23,16,-21,14,-21,13,-21,11,-20,11,-21,11,-21,10,-21,11,-21,10,-21,10,-21,10,-21,10,-21,8,-21,8,-19,7,-17,6]"
CSI_DATA,264626,d8:b1:90:d9:de:f0,-65,11,-99,-35,67,56,-438741471,100,0,114,0,"[17,-25,19,-27,21,-28,23,-28,22,-29,21,-29,22,-27,20,-26,17,-26,17,-25,15,-25,15,-25,14,-25,13,-26,11,-26,10,-27,10,-27,9,-28,8,-29,7,-28,6,-29,4,-28,4,-27,3,-28,3,-27,0,-26,2,-26,0,-23,0,0,0,-26,0,-26,-1,-26,-1,-27,-2,-28,-2,-29,-3,-28,-2,-30,-3,-30,-2,-28,-4,-28,-4,-27,-4,-26,-3,-24,-3,-22,-4,-21,-5,-20,-3,-20,-6,-20,-6,-19,-7,-20,-7,-20,-9,-20,-9,-20,-7,-18,-6,-17,-7,-17,-6,-14]"
CSI_DATA,264627,d8:b1:90:d9:de:f0,-65,11,-99,-35,67,56,-438731458,100,0,114,0,"[12,-27,15,-30,17,-32,19,-31,20,-33,19,-31,20,-30,18,-28,17,-26,17,-24,16,-23,16,-23,17,-24,16,-24,16,-24,16,-25,16,-25,17,-26,15,-26,16,-27,16,-28,14,-28,14,-27,12,-26,15,-26,13,-24,13,-24,13,-24,0,0,13,-22,12,-24,11,-24,14,-25,13,-25,12,-25,13,-26,12,-25,14,-25,15,-23,14,-23,13,-21,12,-20,12,-18,11,-18,11,-16,10,-16,11,-16,10,-16,11,-16,11,-16,11,-17,10,-17,12,-17,13,-15,12,-14,11,-14,9,-11]"
CSI_DATA,264628,d8:b1:90:d9:de:f0,-65,11,-99,-37,67,56,-438711646,100,0,114,0,"[-29,8,-33,8,-36,7,-38,6,-39,6,-39,5,-37,5,-34,4,-32,4,-30,5,-29,5,-29,6,-29,6,-29,8,-29,8,-29,9,-29,9,-30,10,-30,11,-30,12,-30,12,-30,12,-28,13,-27,13,-27,13,-25,13,-24,14,-25,15,0,0,-23,15,-23,15,-22,17,-23,18,-23,19,-25,18,-24,19,-23,19,-22,19,-23,19,-22,19,-20,17,-17,16,-17,16,-16,16,-16,13,-15,14,-15,15,-15,16,-15,15,-15,16,-13,15,-14,15,-14,15,-15,14,-14,13,-12,13,-11,11]"
CSI_DATA,264629,d8:b1:90:d9:de:f0,-65,11,-99,-37,67,56,-438701613,100,0,114,0,"[-24,18,-27,19,-30,21,-33,19,-33,19,-34,16,-32,14,-32,13,-29,12,-29,11,-28,11,-27,10,-27,10,-27,11,-28,11,-27,10,-28,11,-29,11,-30,11,-29,11,-29,11,-29,11,-28,10,-27,11,-27,10,-25,9,-26,9,-26,9,0,0,-25,10,-26,10,-27,10,-27,9,-28,10,-29,10,-29,10,-29,10,-29,10,-28,10,-27,9,-26,7,-24,7,-24,6,-23,5,-21,5,-20,5,-21,5,-21,5,-21,4,-22,5,-21,5,-22,4,-20,3,-22,2,-20,1,-17,1,-16,0]"
CSI_DATA,264630,d8:b1:90:d9:de:f0,-65,11,-99,-34,66,56,-438691584,100,0,114,0,"[-23,22,-25,24,-29,26,-29,25,-29,26,-27,24,-26,23,-25,23,-25,21,-24,21,-22,21,-21,21,-21,21,-20,23,-19,23,-19,24,-19,25,-18,25,-18,26,-15,27,-14,30,-14,29,-12,29,-11,30,-10,29,-8,29,-8,29,-7,27,0,0,-5,30,-5,29,-4,31,-2,33,-1,33,-2,34,-1,36,0,34,-1,34,1,33,2,31,3,29,3,29,3,28,3,25,3,24,4,23,4,21,4,22,4,24,5,24,7,24,8,23,8,23,6,23,7,21,6,21,6,19]"
CSI_DATA,264631,d8:b1:90:d9:de:f0,-66,11,-99,-34,67,56,-438681307,100,0,114,0,"[-20,19,-22,19,-25,20,-27,19,-26,19,-27,17,-26,16,-26,15,-23,14,-23,13,-21,14,-22,12,-22,12,-21,12,-21,12,-21,12,-22,13,-24,13,-24,14,-23,14,-24,15,-23,14,-23,15,-22,15,-24,15,-21,14,-21,14,-21,13,0,0,-22,16,-22,14,-23,16,-25,16,-25,17,-26,17,-26,17,-25,16,-26,16,-27,16,-26,16,-24,15,-22,13,-21,13,-21,11,-19,11,-19,11,-18,10,-19,10,-20,11,-20,11,-21,11,-20,12,-21,10,-21,9,-20,8,-18,8,-16,7]"
CSI_DATA,264632,d8:b1:90:d9:de:f0,-66,11,-99,-35,68,56,-438661342,100,0,114,0,"[0,-25,0,-26,0,-28,2,-29,2,-30,3,-28,3,-27,4,-25,3,-25,3,-24,2,-21,2,-21,3,-22,3,-20,2,-22,2,-21,1,-23,2,-24,1,-23,1,-23,0,-24,0,-24,0,-23,0,-23,0,-22,0,-24,0,-21,0,-21,0,0,-1,-22,0,-24,0,-23,0,-25,0,-25,0,-28,0,-28,0,-27,0,-28,2,-28,3,-28,2,-27,3,-25,2,-25,2,-22,3,-23,2,-21,4,-20,3,-21,4,-22,3,-22,3,-23,2,-23,3,-23,3,-21,3,-20,4,-19,3,-17]"
CSI_DATA,264633,d8:b1:90:d9:de:f0,-67,11,-99,-38,69,56,-438641369,100,0,114,0,"[1,-26,4,-27,4,-29,6,-29,7,-29,5,-28,7,-27,6,-26,6,-24,6,-24,6,-21,5,-21,4,-22,3,-21,2,-21,2,-21,2,-21,3,-22,3,-22,1,-22,1,-23,1,-24,1,-22,0,-23,0,-21,0,-21,0,-21,0,-21,0,0,0,-20,0,-22,1,-23,1,-22,1,-24,3,-26,3,-25,5,-26,5,-25,5,-25,5,-24,5,-23,5,-21,5,-21,5,-19,6,-18,6,-18,7,-18,6,-18,8,-19,7,-20,8,-19,6,-21,7,-21,7,-19,8,-17,7,-16,6,-15]"
CSI_DATA,264634,d8:b1:90:d9:de:f0,-66,11,-99,-33,67,56,-438630467,100,0,114,0,"[24,16,26,19,28,20,27,21,29,22,26,20,25,20,24,18,23,17,22,15,22,13,22,13,22,12,22,12,22,11,22,10,22,10,25,10,25,8,26,6,26,7,27,6,26,5,26,3,26,5,25,4,26,4,25,2,0,0,25,1,26,3,26,1,26,2,27,2,27,2,28,1,28,2,29,1,28,2,27,1,24,2,24,2,22,2,23,0,22,2,21,1,22,1,22,0,22,0,23,0,22,1,23,1,23,1,23,0,22,0,20,1,18,1]"
CSI_DATA,264635,d8:b1:90:d9:de:f0,-65,11,-99,-34,66,56,-438611692,100,0,114,0,"[-11,-32,-11,-37,-11,-40,-10,-41,-10,-42,-8,-41,-7,-39,-6,-37,-6,-34,-5,-33,-6,-31,-6,-29,-6,-30,-6,-29,-7,-28,-8,-29,-9,-28,-8,-29,-10,-29,-10,-29,-11,-29,-12,-30,-11,-28,-13,-28,-12,-28,-11,-27,-12,-27,-11,-25,0,0,-10,-25,-11,-25,-11,-26,-9,-27,-11,-28,-10,-29,-10,-29,-9,-29,-9,-29,-8,-27,-7,-27,-6,-26,-5,-25,-5,-24,-5,-23,-4,-22,-3,-22,-4,-22,-3,-22,-3,-23,-4,-24,-3,-24,-2,-25,-2,-26,-1,-25,-1,-23,1,-24,1,-19]"
CSI_DATA,264636,d8:b1:90:d9:de:f0,-65,11,-99,-34,66,56,-438601708,100,0,114,0,"[-11,-32,-12,-37,-12,-39,-12,-40,-14,-41,-14,-38,-13,-38,-11,-33,-13,-31,-12,-30,-13,-28,-14,-27,-14,-26,-16,-24,-18,-23,-19,-23,-19,-22,-21,-22,-22,-20,-24,-20,-24,-20,-26,-16,-25,-16,-26,-13,-26,-14,-25,-14,-26,-13,-25,-11,0,0,-24,-9,-26,-8,-26,-6,-28,-8,-28,-8,-28,-8,-29,-8,-28,-8,-29,-6,-29,-6,-29,-6,-26,-7,-26,-6,-25,-5,-23,-3,-23,-3,-22,-2,-22,0,-23,-1,-23,-1,-23,-1,-24,-1,-25,-2,-26,-2,-25,0,-24,-1,-22,-1,-18,-1]"
CSI_DATA,264637,d8:b1:90:d9:de:f0,-65,11,-99,-37,67,56,-438591627,100,0,114,0,"[-11,-32,-11,-36,-10,-38,-8,-39,-10,-42,-8,-41,-7,-38,-6,-36,-6,-31,-6,-31,-6,-28,-7,-28,-8,-28,-8,-27,-9,-27,-10,-26,-10,-26,-12,-27,-13,-28,-12,-25,-13,-26,-14,-26,-13,-25,-14,-24,-13,-23,-13,-24,-13,-22,-13,-23,0,0,-13,-22,-14,-23,-14,-23,-14,-25,-14,-26,-13,-27,-13,-27,-13,-28,-14,-27,-13,-27,-11,-26,-10,-25,-10,-24,-10,-22,-9,-21,-9,-22,-9,-21,-8,-20,-9,-20,-7,-22,-9,-21,-9,-22,-8,-23,-9,-24,-7,-21,-7,-20,-6,-20,-4,-18]"
CSI_DATA,264638,d8:b1:90:d9:de:f0,-65,11,-99,-36,67,56,-438581097,100,0,114,0,"[15,31,16,34,15,36,15,38,14,39,15,37,15,36,14,33,14,30,14,28,14,25,15,25,16,24,17,23,18,22,19,21,21,20,21,20,22,20,22,17,23,17,24,16,23,14,23,13,23,12,22,11,23,10,24,10,0,0,23,8,24,9,26,10,25,9,27,11,27,11,28,10,28,10,28,10,27,8,27,9,25,9,24,7,23,8,23,6,22,7,21,6,21,5,21,5,22,4,22,4,24,5,24,4,25,5,22,3,21,3,19,5,18,4]"
CSI_DATA,264639,d8:b1:90:d9:de:f0,-66,11,-99,-37,68,56,-438561653,100,0,114,0,"[19,-29,22,-30,25,-31,27,-30,28,-29,28,-27,28,-25,27,-23,24,-22,23,-21,22,-19,21,-18,20,-18,19,-18,20,-17,19,-18,18,-19,19,-21,19,-20,18,-20,18,-20,16,-20,17,-19,16,-19,16,-19,15,-18,14,-16,16,-17,0,0,15,-17,15,-15,17,-14,17,-14,18,-14,20,-13,19,-12,21,-12,22,-11,21,-11,21,-9,19,-7,18,-6,18,-6,18,-4,18,-4,16,-3,17,-2,17,-2,19,-1,18,-1,19,-1,17,0,18,0,20,0,18,1,14,1,13,1]"
CSI_DATA,264640,d8:b1:90:d9:de:f0,-66,11,-99,-33,67,56,-438551627,100,0,114,0,"[-12,-31,-12,-34,-13,-36,-13,-38,-12,-39,-12,-38,-11,-35,-11,-33,-11,-31,-11,-30,-11,-27,-11,-26,-11,-25,-12,-24,-13,-24,-14,-23,-16,-23,-16,-22,-18,-22,-18,-20,-19,-20,-21,-19,-18,-19,-20,-16,-20,-16,-19,-15,-19,-14,-17,-13,0,0,-20,-13,-17,-13,-18,-13,-20,-15,-20,-16,-19,-16,-19,-16,-17,-17,-17,-15,-17,-15,-16,-15,-14,-14,-13,-15,-12,-12,-12,-12,-11,-13,-11,-12,-11,-11,-11,-11,-11,-11,-11,-12,-11,-13,-12,-14,-11,-13,-11,-11,-9,-11,-8,-12,-7,-10]"
CSI_DATA,264641,d8:b1:90:d9:de:f0,-66,11,-99,-38,68,56,-438531658,100,0,114,0,"[-16,28,-18,31,-19,33,-19,33,-20,33,-20,33,-19,31,-17,29,-15,29,-14,28,-12,26,-12,27,-10,26,-8,27,-6,29,-5,28,-3,29,-2,29,-1,30,0,30,1,30,2,30,2,29,5,27,4,27,4,26,6,26,8,25,0,0,7,23,9,23,9,24,10,23,10,25,10,24,11,25,10,24,11,25,9,22,9,21,9,20,9,20,8,19,8,17,8,16,8,16,7,16,8,16,7,15,7,15,8,16,10,16,7,16,6,15,6,14,5,14,3,12]"
CSI_DATA,264642,d8:b1:90:d9:de:f0,-66,11,-99,-35,67,56,-438521607,100,0,114,0,"[31,-6,35,-7,37,-4,38,-3,37,-2,37,-2,34,-1,34,-1,33,-1,32,-2,30,-2,29,-2,28,-4,28,-4,28,-4,28,-6,29,-7,29,-7,29,-9,28,-9,28,-10,28,-10,27,-10,25,-10,27,-12,25,-11,23,-10,25,-12,0,0,23,-11,23,-11,24,-12,24,-10,24,-11,26,-12,25,-9,25,-10,26,-10,26,-10,24,-8,23,-7,21,-7,21,-6,20,-6,19,-4,17,-5,18,-6,18,-4,17,-5,18,-4,16,-3,16,-2,18,-1,19,0,18,0,14,0,13,0]"
CSI_DATA,264643,d8:b1:90:d9:de:f0,-65,11,-99,-35,67,56,-438511584,100,0,114,0,"[-11,30,-15,32,-19,33,-20,33,-23,32,-22,31,-23,28,-22,27,-20,26,-20,24,-19,22,-18,22,-18,22,-18,22,-18,22,-19,21,-18,23,-19,23,-19,24,-19,24,-19,23,-17,24,-18,23,-17,22,-17,22,-17,21,-16,21,-16,22,0,0,-18,19,-17,20,-18,20,-20,21,-19,20,-21,19,-22,19,-22,18,-22,16,-23,16,-21,14,-20,13,-20,11,-18,11,-18,9,-16,9,-16,8,-17,8,-17,7,-18,7,-19,6,-18,7,-17,7,-20,5,-19,4,-18,3,-17,3,-13,0]"
CSI_DATA,264644,d8:b1:90:d9:de:f0,-65,11,-99,-35,67,56,-438501484,100,0,114,0,"[-31,-6,-33,-8,-34,-10,-35,-11,-36,-12,-34,-11,-33,-11,-31,-11,-30,-8,-29,-8,-28,-6,-27,-6,-28,-5,-27,-5,-27,-4,-28,-2,-29,-1,-30,-1,-32,-1,-30,0,-30,0,-30,1,-29,1,-28,3,-29,3,-28,2,-27,3,-27,5,0,0,-28,5,-27,5,-28,7,-29,7,-29,6,-30,6,-30,6,-30,6,-29,7,-29,6,-28,6,-25,5,-24,5,-22,5,-22,6,-21,4,-19,5,-19,5,-19,5,-20,6,-21,6,-20,5,-20,5,-20,5,-20,5,-19,5,-17,3,-15,2]"
CSI_DATA,264645,d8:b1:90:d9:de:f0,-66,11,-99,-36,68,56,-438475491,100,0,114,0,"[28,1,30,1,31,2,32,3,32,4,31,4,30,4,28,3,26,1,26,1,24,1,24,0,24,0,24,0,24,0,24,-1,24,-3,25,-2,25,-4,25,-5,26,-5,27,-7,24,-8,24,-8,25,-8,24,-8,22,-8,24,-8,0,0,23,-11,23,-9,23,-10,24,-11,23,-11,25,-11,24,-11,24,-12,24,-12,25,-12,24,-11,21,-10,19,-10,19,-10,19,-10,18,-9,16,-9,17,-10,16,-10,16,-11,16,-12,16,-12,16,-12,16,-12,16,-12,15,-10,12,-9,10,-8]"
CSI_DATA,264646,d8:b1:90:d9:de:f0,-66,11,-99,-37,68,56,-438461648,100,0,114,0,"[26,2,29,3,32,3,33,4,32,4,32,3,30,3,29,2,27,1,27,1,25,0,24,0,26,0,25,-2,25,-4,25,-5,26,-5,27,-6,26,-7,24,-9,26,-10,25,-10,25,-11,23,-11,23,-12,22,-13,22,-12,22,-14,0,0,22,-14,20,-15,20,-15,22,-17,21,-19,21,-19,22,-20,22,-19,22,-18,20,-20,19,-19,17,-18,15,-18,15,-16,14,-17,12,-16,12,-16,11,-16,12,-16,11,-17,11,-18,10,-18,10,-17,9,-17,11,-18,10,-16,7,-14,6,-12]"
CSI_DATA,264647,d8:b1:90:d9:de:f0,-66,11,-99,-35,68,56,-438450882,100,0,114,0,"[25,0,28,2,31,3,31,5,31,6,30,6,29,6,27,7,25,6,24,6,22,6,21,6,23,6,23,6,22,7,25,6,24,8,25,8,25,8,25,6,25,8,25,7,25,7,25,8,24,9,24,9,24,7,24,8,0,0,24,7,22,9,24,10,25,10,25,11,25,12,26,12,25,12,24,13,24,12,24,12,21,12,19,12,19,12,18,12,17,10,15,10,16,10,16,11,16,11,16,11,15,12,15,12,15,12,16,12,14,12,10,11,9,10]"
CSI_DATA,264648,d8:b1:90:d9:de:f0,-65,11,-99,-35,67,56,-438431473,100,0,114,0,"[-13,26,-15,28,-17,31,-18,31,-18,31,-19,30,-18,27,-18,27,-15,25,-15,24,-14,24,-14,22,-13,23,-13,23,-13,24,-12,25,-11,26,-12,27,-11,28,-10,27,-10,28,-9,29,-10,27,-8,27,-10,28,-8,27,-7,26,-7,26,0,0,-6,26,-4,26,-6,27,-4,28,-4,29,-4,30,-5,30,-7,31,-6,30,-6,30,-5,28,-5,27,-4,26,-4,25,-3,22,-3,21,-3,20,-2,20,-2,21,-3,19,-2,20,-2,21,-2,20,-3,21,-4,19,-4,18,-3,17,-4,16]"
CSI_DATA,264649,d8:b1:90:d9:de:f0,-65,11,-99,-36,67,56,-438421337,100,0,114,0,"[9,-29,11,-31,14,-34,15,-34,18,-34,16,-32,18,-30,16,-28,16,-27,16,-26,15,-25,16,-25,15,-23,15,-23,15,-24,16,-24,16,-24,18,-25,17,-25,17,-26,17,-26,18,-26,17,-26,16,-25,17,-25,16,-23,16,-23,15,-22,0,0,16,-24,17,-24,17,-23,19,-24,19,-24,20,-24,21,-24,21,-23,23,-21,24,-21,23,-19,21,-18,21,-17,19,-14,19,-13,19,-12,19,-12,18,-12,18,-12,20,-12,21,-11,20,-10,20,-10,20,-9,21,-8,20,-7,18,-6,15,-5]"
CSI_DATA,264650,d8:b1:90:d9:de:f0,-64,9,-99,-37,66,56,-438409649,108,0,106,0,"[18,17,64,17,-91,16,78,17,-108,16,90,17,-77,16,108,17,-9,16,131,17,56,17,-118,17,113,17,-65,17,-137,17,0,0,-123,17,63,0,-115,17,102,0,-97,17,88,0,-56,17,47,0,8,0,2,0,0,0,0,0,-110,0,-31,17,-1,0,-11,17,77,1,25,0,97,1,66,0,61,1,84,0,-15,0,66,0,-102,0,30,0,127,0,-13,17,86,0,-46,17,63,0,-64,17,46,0,-68,17,32,0,-36,17,23,0]"
CSI_DATA,264651,d8:b1:90:d9:de:f0,-66,11,-99,-35,67,56,-438391637,100,0,114,0,"[20,23,22,25,23,28,23,29,24,29,24,27,23,27,23,24,21,22,21,22,21,19,22,18,22,17,23,16,23,15,24,15,25,14,25,13,28,11,27,10,27,8,27,8,25,7,26,6,25,5,24,3,24,3,25,2,0,0,27,1,25,0,26,0,29,0,29,0,30,0,31,0,29,0,29,0,29,0,27,0,26,0,24,-1,25,-1,23,-1,21,-2,20,-2,19,-3,20,-4,20,-3,21,-5,20,-4,21,-4,20,-6,20,-8,18,-6,16,-4,14,-4]"
CSI_DATA,264652,d8:b1:90:d9:de:f0,-66,11,-99,-36,68,56,-438381596,100,0,114,0,"[-26,11,-30,11,-32,11,-34,10,-34,9,-34,8,-32,7,-31,8,-29,7,-28,7,-27,6,-25,6,-24,8,-24,8,-24,8,-24,8,-26,10,-26,10,-26,9,-25,10,-24,11,-24,10,-23,10,-23,10,-23,10,-20,9,-20,10,-22,11,0,0,-20,10,-20,9,-22,10,-24,10,-23,11,-24,10,-24,8,-24,8,-25,8,-24,8,-24,7,-22,6,-22,6,-21,4,-19,5,-20,3,-18,4,-19,4,-18,4,-18,4,-19,4,-18,3,-17,4,-18,4,-19,4,-17,3,-14,2,-13,2]"
CSI_DATA,264653,d8:b1:90:d9:de:f0,-67,11,-99,-35,68,56,-438361653,100,0,114,0,"[-1,-28,-1,-31,0,-33,0,-34,0,-36,0,-33,0,-32,0,-30,0,-29,0,-28,0,-26,-1,-25,-1,-25,-1,-24,-2,-25,-3,-24,-5,-25,-5,-26,-6,-25,-7,-25,-7,-24,-8,-25,-7,-23,-8,-23,-8,-22,-7,-20,-7,-20,-8,-20,0,0,-8,-18,-7,-19,-9,-20,-7,-21,-9,-22,-8,-22,-9,-24,-7,-23,-7,-22,-6,-22,-6,-21,-6,-22,-5,-19,-4,-18,-4,-18,-4,-17,-4,-15,-3,-16,-5,-16,-4,-16,-4,-16,-4,-17,-5,-18,-4,-17,-4,-14,-3,-14,-4,-14,-4,-11]"
CSI_DATA,264654,d8:b1:90:d9:de:f0,-66,11,-99,-36,68,56,-438351504,100,0,114,0,"[22,-20,24,-22,26,-21,28,-20,30,-21,30,-18,29,-16,29,-16,26,-15,25,-13,23,-12,24,-12,24,-12,23,-11,23,-12,22,-11,22,-11,24,-12,24,-12,24,-12,23,-11,23,-12,22,-11,21,-12,21,-10,21,-8,20,-9,22,-9,0,0,21,-8,22,-8,23,-8,24,-7,24,-6,25,-5,24,-4,24,-3,24,-2,24,-2,24,0,21,0,21,0,19,0,20,0,19,1,16,2,17,2,18,3,18,3,18,4,17,3,17,5,17,5,18,6,16,6,14,6,12,5]"
CSI_DATA,264655,d8:b1:90:d9:de:f0,-66,11,-99,-36,68,56,-438331394,100,0,114,0,"[-7,-28,-7,-32,-4,-35,-3,-36,-3,-37,-2,-36,0,-33,0,-32,0,-30,0,-29,0,-27,0,-27,0,-25,0,-25,0,-27,0,-26,-1,-27,-1,-27,-2,-27,-2,-27,-3,-27,-2,-26,-3,-25,-4,-25,-2,-24,-3,-24,-2,-23,-2,-22,0,0,-3,-22,-2,-24,-2,-24,-1,-24,0,-24,0,-25,0,-24,1,-24,0,-24,1,-23,3,-23,2,-22,3,-20,3,-19,4,-17,3,-16,4,-16,4,-16,2,-16,4,-16,5,-16,5,-17,5,-16,6,-17,8,-16,8,-16,8,-15,8,-12]"
CSI_DATA,264656,d8:b1:90:d9:de:f0,-66,11,-99,-33,67,56,-438320991,100,0,114,0,"[-22,24,-23,26,-26,27,-26,26,-27,28,-28,26,-26,25,-25,23,-22,23,-22,22,-19,22,-19,22,-18,22,-16,22,-15,22,-14,22,-13,23,-14,25,-13,26,-13,25,-12,25,-11,25,-10,24,-8,24,-9,24,-7,23,-6,22,-5,22,0,0,-4,22,-4,23,-4,23,-4,24,-3,24,-6,25,-3,25,-4,24,-4,23,-6,24,-4,22,-3,22,-3,21,-3,19,-4,18,-4,16,-3,17,-4,17,-3,17,-4,17,-4,18,-2,17,-2,17,-5,18,-7,17,-6,16,-4,16,-5,13]"
CSI_DATA,264657,d8:b1:90:d9:de:f0,-66,11,-99,-36,68,56,-438301654,100,0,114,0,"[-23,22,-26,23,-29,23,-31,23,-32,20,-32,19,-31,16,-30,16,-27,15,-26,14,-25,13,-24,12,-24,13,-23,12,-23,13,-24,13,-24,13,-24,12,-25,14,-24,13,-24,12,-24,12,-22,11,-21,12,-21,10,-19,10,-18,11,-20,12,0,0,-21,11,-20,10,-21,11,-22,9,-22,9,-23,9,-23,8,-24,7,-24,8,-23,7,-24,6,-21,3,-20,4,-18,3,-18,2,-16,1,-16,0,-16,0,-17,0,-18,0,-19,0,-18,0,-18,-1,-19,-4,-20,-4,-18,-5,-16,-5,-13,-5]"
CSI_DATA,264658,d8:b1:90:d9:de:f0,-66,11,-99,-37,68,56,-438291611,100,0,114,0,"[29,-14,33,-14,35,-15,37,-14,36,-14,35,-14,33,-11,33,-11,29,-11,28,-11,26,-11,24,-11,23,-11,24,-13,22,-13,22,-14,22,-15,22,-15,22,-17,20,-18,20,-18,18,-16,17,-17,15,-19,15,-18,13,-17,13,-17,13,-17,0,0,13,-20,12,-18,12,-19,12,-21,13,-21,13,-22,13,-21,13,-22,13,-21,13,-22,11,-20,12,-19,11,-19,11,-18,11,-16,11,-16,10,-15,10,-16,9,-16,9,-15,10,-15,10,-16,9,-16,10,-17,12,-17,11,-16,8,-13,9,-12]"
CSI_DATA,264659,d8:b1:90:d9:de:f0,-67,11,-99,-34,68,56,-438271449,100,0,114,0,"[0,31,0,34,0,37,0,37,0,37,0,35,0,35,-1,32,0,29,0,27,0,26,0,26,2,24,4,24,4,24,5,24,5,23,6,23,7,23,8,22,9,21,10,21,10,20,10,19,10,18,10,15,11,15,11,15,0,0,11,14,12,15,13,14,14,16,14,15,15,17,16,16,16,17,15,16,15,16,15,15,14,15,13,15,12,14,10,13,11,12,11,12,10,10,12,10,11,10,11,10,11,11,14,12,12,11,11,10,11,10,10,10,10,9]"
CSI_DATA,264660,d8:b1:90:d9:de:f0,-67,11,-99,-37,69,56,-438251418,100,0,114,0,"[4,-30,5,-33,6,-35,7,-35,7,-37,5,-35,6,-35,4,-31,2,-30,2,-28,2,-26,0,-26,0,-25,0,-24,-2,-25,-3,-25,-4,-23,-4,-25,-5,-24,-5,-22,-7,-22,-8,-22,-8,-19,-9,-18,-8,-17,-9,-17,-9,-16,-10,-16,0,0,-10,-14,-11,-15,-11,-16,-13,-16,-12,-17,-13,-18,-13,-17,-13,-17,-13,-17,-12,-17,-10,-17,-10,-17,-10,-15,-9,-15,-9,-14,-8,-12,-8,-12,-8,-12,-8,-11,-9,-12,-9,-11,-9,-12,-10,-12,-10,-11,-9,-9,-8,-8,-8,-9,-6,-8]"
CSI_DATA,264661,d8:b1:90:d9:de:f0,-68,11,-99,-33,69,56,-438231156,100,0,114,0,"[-26,-10,-28,-10,-29,-12,-29,-11,-31,-11,-29,-10,-29,-10,-26,-10,-26,-7,-25,-8,-24,-5,-24,-4,-23,-4,-24,-2,-22,-2,-22,0,-21,1,-22,1,-21,2,-21,2,-21,4,-21,5,-18,5,-18,8,-18,8,-16,7,-16,8,-16,8,0,0,-16,10,-15,10,-15,10,-16,10,-16,10,-16,10,-17,9,-17,10,-16,10,-17,10,-14,8,-14,7,-13,8,-13,8,-12,6,-11,8,-10,6,-10,8,-10,8,-10,8,-11,8,-10,8,-10,7,-10,6,-10,8,-10,7,-7,5,-8,5]"
CSI_DATA,264662,d8:b1:90:d9:de:f0,-66,11,-99,-36,68,56,-438211371,100,0,114,0,"[24,-21,28,-21,32,-21,33,-19,34,-18,34,-16,32,-15,31,-15,30,-13,28,-12,27,-10,25,-11,25,-12,25,-13,24,-11,25,-12,24,-13,25,-12,25,-13,24,-13,24,-14,24,-13,22,-13,21,-13,21,-14,21,-13,19,-12,19,-12,0,0,21,-10,20,-11,20,-10,23,-10,22,-9,23,-8,23,-8,22,-6,22,-5,22,-5,20,-3,19,-3,18,-2,16,-1,16,0,16,0,15,0,15,0,15,0,14,0,15,0,14,1,13,2,13,2,14,3,12,4,9,3,8,2]"
CSI_DATA,264663,d8:b1:90:d9:de:f0,-66,11,-99,-36,68,56,-438201339,100,0,114,0,"[27,-15,31,-16,33,-16,35,-16,35,-15,33,-15,32,-14,30,-14,29,-13,27,-14,25,-14,24,-14,23,-16,23,-16,21,-17,21,-18,20,-19,21,-19,20,-20,17,-21,16,-22,16,-22,16,-22,14,-22,13,-23,11,-23,11,-23,10,-22,0,0,9,-21,9,-22,9,-22,10,-23,9,-24,10,-24,9,-23,9,-23,10,-21,10,-21,9,-19,8,-18,8,-16,7,-16,8,-16,7,-14,6,-13,6,-13,6,-12,6,-13,6,-13,4,-13,4,-13,6,-12,6,-11,6,-10,4,-9,3,-9]"
CSI_DATA,264664,d8:b1:90:d9:de:f0,-65,11,-99,-35,67,56,-438191044,100,0,114,0,"[-8,-32,-7,-35,-5,-38,-4,-38,-3,-41,-3,-39,-1,-36,-1,-35,-1,-33,0,-34,-1,-31,0,-30,-1,-31,-1,-30,-2,-30,-2,-31,-3,-30,-3,-31,-3,-31,-4,-30,-5,-31,-6,-30,-5,-29,-6,-29,-4,-27,-5,-28,-4,-27,-5,-25,0,0,-4,-26,-4,-26,-3,-27,-3,-29,-4,-29,-3,-29,-1,-28,0,-30,0,-27,0,-26,0,-26,0,-22,1,-21,1,-18,1,-18,2,-17,2,-15,2,-15,1,-15,2,-15,2,-15,3,-16,1,-16,3,-16,4,-13,4,-13,4,-13,3,-12]"
CSI_DATA,264665,d8:b1:90:d9:de:f0,-65,11,-99,-37,67,56,-438170616,100,0,114,0,"[17,27,17,30,16,33,15,34,15,36,13,34,11,34,11,32,11,31,10,31,9,28,9,28,10,27,11,27,11,28,10,27,12,28,12,29,11,28,12,28,13,29,13,30,13,29,14,29,13,26,12,27,12,26,12,25,0,0,13,26,12,27,11,28,12,28,11,28,11,30,10,30,9,31,8,29,8,28,7,27,6,27,5,24,5,24,4,21,4,20,5,18,3,18,5,17,3,19,5,19,3,19,4,19,4,19,3,16,3,16,2,17,1,14]"
CSI_DATA,264666,d8:b1:90:d9:de:f0,-65,11,-99,-37,67,56,-438151273,100,0,114,0,"[-11,-27,-12,-30,-11,-32,-10,-33,-11,-37,-11,-34,-10,-33,-8,-31,-9,-29,-9,-27,-9,-26,-9,-27,-11,-26,-10,-25,-11,-26,-12,-27,-13,-25,-14,-27,-15,-26,-17,-26,-16,-26,-17,-26,-17,-25,-18,-25,-17,-25,-18,-23,-18,-24,-19,-22,0,0,-19,-22,-19,-22,-19,-23,-21,-23,-21,-24,-20,-25,-20,-25,-21,-26,-20,-25,-20,-23,-20,-22,-17,-23,-18,-20,-16,-19,-16,-18,-15,-16,-15,-15,-14,-14,-15,-15,-14,-14,-15,-14,-16,-14,-16,-15,-17,-15,-16,-13,-15,-12,-14,-12,-12,-10]"
CSI_DATA,264667,d8:b1:90:d9:de:f0,-65,11,-99,-35,67,56,-438131631,100,0,114,0,"[3,-28,4,-32,6,-34,6,-33,5,-34,4,-34,6,-32,5,-30,2,-30,4,-28,1,-26,2,-27,1,-26,1,-25,0,-27,0,-28,-1,-28,-3,-29,-4,-28,-3,-28,-5,-29,-7,-30,-6,-28,-9,-27,-8,-26,-8,-26,-8,-26,-8,-26,0,0,-12,-25,-11,-27,-12,-27,-13,-28,-14,-28,-15,-28,-16,-29,-14,-28,-15,-28,-15,-27,-14,-26,-14,-26,-14,-24,-14,-22,-14,-21,-13,-20,-13,-19,-13,-17,-15,-17,-15,-17,-14,-15,-16,-16,-18,-16,-17,-15,-15,-14,-15,-13,-15,-12,-12,-10]"
CSI_DATA,264668,d8:b1:90:d9:de:f0,-65,11,-99,-34,67,56,-438121331,100,0,114,0,"[4,-27,7,-30,9,-33,11,-32,12,-32,13,-31,13,-28,12,-27,12,-25,12,-25,12,-23,11,-22,10,-22,11,-21,10,-22,10,-23,10,-24,12,-25,11,-25,11,-25,11,-25,11,-25,11,-24,11,-24,10,-24,10,-24,10,-23,10,-23,0,0,13,-25,11,-23,13,-24,14,-24,12,-26,16,-26,16,-26,18,-24,17,-25,17,-24,17,-23,16,-22,16,-21,16,-20,16,-18,15,-17,15,-17,15,-17,15,-16,16,-16,16,-16,15,-17,15,-18,15,-17,16,-16,15,-15,13,-15,11,-12]"
CSI_DATA,264669,d8:b1:90:d9:de:f0,-66,11,-99,-36,68,56,-438111079,100,0,114,0,"[13,-23,16,-24,16,-25,17,-26,18,-27,16,-26,16,-24,16,-23,15,-23,14,-21,12,-20,13,-20,12,-20,11,-21,10,-21,10,-21,11,-23,9,-24,8,-24,8,-24,8,-24,7,-25,7,-24,5,-24,7,-24,6,-24,6,-23,6,-23,0,0,3,-23,4,-25,3,-25,3,-27,3,-28,4,-29,4,-28,4,-29,3,-28,5,-28,4,-27,2,-27,3,-25,1,-24,1,-23,1,-22,0,-22,0,-21,0,-22,0,-22,0,-22,0,-22,-2,-23,-2,-23,0,-22,-1,-20,-1,-19,0,-16]"
CSI_DATA,264670,d8:b1:90:d9:de:f0,-66,11,-99,-35,68,56,-438091381,100,0,114,0,"[-26,2,-31,1,-33,1,-34,2,-31,1,-32,1,-28,1,-29,1,-26,3,-25,4,-24,4,-23,5,-23,5,-22,6,-21,6,-21,7,-21,8,-23,8,-22,10,-20,11,-21,12,-20,12,-18,13,-19,14,-19,13,-18,12,-18,14,-18,14,0,0,-16,15,-15,15,-16,16,-18,17,-18,18,-17,19,-18,20,-17,20,-19,21,-18,20,-17,19,-16,18,-13,19,-12,19,-12,18,-12,18,-11,17,-11,18,-10,19,-9,19,-9,20,-8,20,-8,19,-8,20,-9,20,-7,19,-6,17,-6,15]"
CSI_DATA,264671,d8:b1:90:d9:de:f0,-66,11,-99,-36,68,56,-438081085,100,0,114,0,"[10,28,10,31,9,34,9,35,8,32,7,32,7,31,6,29,6,28,4,26,4,26,4,24,5,24,4,23,5,24,6,24,6,24,6,22,8,24,6,23,8,24,8,24,7,24,7,23,7,22,6,22,7,23,6,22,0,0,6,21,6,23,5,23,6,23,6,24,5,25,4,26,3,27,3,28,1,26,3,26,2,24,1,23,1,22,1,20,1,22,2,20,1,20,2,20,0,22,1,22,1,23,1,23,0,23,0,21,0,20,0,18,0,17]"
CSI_DATA,264672,d8:b1:90:d9:de:f0,-67,11,-99,-35,68,56,-438066918,100,0,114,0,"[22,-18,25,-19,27,-20,28,-19,28,-18,27,-18,25,-15,25,-15,24,-16,21,-15,20,-13,19,-13,19,-14,18,-13,18,-14,17,-15,17,-16,17,-16,18,-16,16,-16,17,-18,16,-18,14,-18,13,-18,14,-17,13,-17,12,-16,13,-16,0,0,12,-17,13,-17,13,-18,15,-19,16,-19,17,-19,16,-20,17,-18,17,-18,18,-18,17,-17,15,-16,14,-14,13,-15,14,-13,14,-13,12,-13,14,-13,13,-15,13,-15,13,-15,12,-15,14,-15,15,-15,15,-14,14,-13,12,-12,12,-10]"
CSI_DATA,264673,d8:b1:90:d9:de:f0,-66,9,-99,-37,68,56,-438052755,321,0,106,0,"[-108,13,-67,12,59,13,-90,12,55,13,-88,12,83,13,-63,12,-109,13,-7,12,-84,13,40,13,-78,13,95,13,-103,13,-96,13,106,13,-78,13,108,13,-84,13,-88,13,-87,13,-24,13,-58,13,36,0,-2,13,0,0,0,0,72,0,-88,0,42,0,3,0,0,0,46,0,-56,13,38,0,-72,13,-19,0,-57,13,-86,0,-4,13,94,0,45,0,73,0,68,0,75,0,70,0,88,0,42,0,87,0,-13,13,67,0,-59,13]"
CSI_DATA,264674,d8:b1:90:d9:de:f0,-66,11,-99,-36,68,56,-438041634,100,0,114,0,"[24,-18,25,-18,29,-20,29,-20,29,-21,27,-20,26,-19,24,-18,22,-18,21,-18,19,-17,17,-18,16,-18,16,-19,15,-19,14,-20,13,-21,12,-22,11,-23,10,-23,8,-23,8,-24,7,-23,6,-22,5,-23,3,-22,4,-22,3,-22,0,0,1,-21,1,-23,0,-23,1,-24,0,-24,1,-24,0,-26,1,-26,1,-24,1,-24,0,-24,0,-23,0,-21,0,-20,0,-19,0,-17,0,-17,0,-17,-1,-17,-1,-19,-1,-19,-1,-21,-4,-20,-3,-21,-2,-19,-1,-18,-2,-17,-1,-15]"
CSI_DATA,264675,d8:b1:90:d9:de:f0,-66,11,-99,-35,68,56,-438031576,100,0,114,0,"[25,19,26,21,26,24,25,24,26,25,25,25,23,24,22,22,21,20,19,19,19,18,19,19,19,15,19,16,20,15,19,13,20,14,21,14,21,13,22,12,22,12,21,11,22,11,22,11,21,10,20,9,19,9,20,9,0,0,20,7,20,9,20,8,23,9,22,10,22,12,23,11,22,12,20,12,20,10,20,10,19,12,17,11,16,9,16,9,15,8,14,9,13,7,14,8,14,9,16,8,15,10,15,11,16,12,16,11,14,11,12,11,12,12]"
CSI_DATA,264676,d8:b1:90:d9:de:f0,-66,11,-99,-36,68,56,-438020797,100,0,114,0,"[16,-24,20,-28,23,-29,24,-30,23,-29,22,-28,21,-25,19,-26,18,-24,17,-23,15,-23,12,-22,11,-22,10,-24,9,-24,8,-24,8,-24,8,-24,7,-25,6,-24,4,-26,4,-25,2,-24,0,-25,0,-23,0,-24,-1,-24,-1,-24,0,0,-1,-22,-1,-23,-2,-23,-1,-23,-3,-25,-2,-26,-2,-25,-2,-24,-1,-24,-2,-23,-3,-22,-2,-22,-3,-22,-2,-21,-2,-17,-2,-16,-2,-17,-3,-16,-2,-16,-1,-17,-3,-16,-4,-18,-4,-17,-4,-19,-2,-18,-2,-19,-2,-17,-1,-16]"
CSI_DATA,264677,d8:b1:90:d9:de:f0,-66,11,-99,-36,68,56,-438000763,100,0,114,0,"[-11,30,-14,32,-16,32,-18,32,-19,32,-18,28,-19,27,-19,24,-18,24,-19,21,-18,21,-17,20,-16,19,-17,18,-16,19,-17,19,-17,20,-18,20,-17,21,-16,20,-16,19,-16,19,-16,18,-16,18,-16,18,-15,18,-16,17,-16,15,0,0,-17,16,-18,15,-18,16,-20,16,-19,14,-21,14,-22,13,-22,12,-23,10,-22,9,-21,9,-20,7,-19,7,-18,6,-18,4,-18,3,-17,3,-16,2,-17,1,-18,0,-18,0,-18,0,-17,0,-17,0,-19,-3,-16,-2,-16,-2,-15,-3]"
CSI_DATA,264678,d8:b1:90:d9:de:f0,-66,11,-99,-36,68,56,-437981472,100,0,114,0,"[-24,-16,-27,-16,-27,-21,-27,-22,-29,-23,-26,-24,-25,-23,-22,-22,-22,-20,-20,-19,-20,-17,-19,-18,-18,-16,-18,-16,-20,-16,-20,-16,-21,-16,-22,-16,-22,-15,-22,-15,-22,-14,-23,-13,-21,-12,-22,-12,-21,-12,-19,-12,-20,-10,-19,-11,0,0,-20,-10,-20,-12,-21,-11,-22,-13,-21,-13,-20,-13,-20,-15,-20,-15,-19,-14,-19,-14,-17,-15,-16,-16,-15,-14,-14,-13,-14,-12,-13,-12,-12,-11,-11,-10,-12,-10,-12,-12,-11,-11,-12,-13,-11,-14,-12,-14,-10,-13,-9,-12,-8,-12,-6,-11]"
CSI_DATA,264679,d8:b1:90:d9:de:f0,-66,9,-99,-34,67,56,-437971060,98,0,106,0,"[-77,13,-39,14,102,13,0,0,95,13,6,0,-108,13,-8,14,-51,13,-24,14,1,14,-29,14,61,14,-13,14,97,14,10,0,114,14,34,0,-115,14,53,0,-89,14,45,0,-46,14,14,0,16,0,2,0,0,0,0,0,-90,0,40,0,-33,0,94,0,6,0,-85,0,-10,0,-39,0,-49,0,-32,0,-101,0,-69,0,104,0,-120,0,89,0,75,0,85,0,41,0,88,0,27,0,72,0,23,0,45,0,40,0,10,0]"
CSI_DATA,264680,d8:b1:90:d9:de:f0,-66,11,-99,-37,68,56,-437951561,100,0,114,0,"[28,14,29,16,31,19,30,22,31,23,29,24,26,22,23,23,23,22,21,22,20,20,19,20,20,20,19,19,20,19,20,18,20,18,20,19,22,19,19,18,20,19,20,18,20,18,20,17,19,18,19,17,18,16,17,16,0,0,17,15,16,17,17,19,15,19,16,22,15,23,14,22,12,22,12,22,11,22,10,22,8,20,8,19,7,19,6,18,5,17,5,17,4,16,4,16,3,17,4,17,2,18,2,19,1,19,1,16,1,17,0,15,0,13]"
CSI_DATA,264681,d8:b1:90:d9:de:f0,-66,11,-99,-35,68,56,-437941491,100,0,114,0,"[22,-20,25,-21,28,-22,28,-22,29,-23,26,-21,26,-20,25,-19,24,-19,22,-19,20,-18,20,-17,19,-19,17,-18,18,-19,17,-19,16,-19,16,-21,15,-21,15,-22,12,-21,12,-22,10,-22,11,-22,10,-21,9,-21,9,-20,11,-20,0,0,6,-20,9,-22,9,-21,9,-22,8,-23,9,-25,9,-24,10,-23,10,-22,11,-21,11,-21,9,-19,9,-19,8,-17,9,-16,7,-14,6,-14,7,-14,6,-14,8,-15,7,-14,7,-15,6,-15,7,-16,8,-14,7,-12,6,-12,5,-11]"
CSI_DATA,264682,d8:b1:90:d9:de:f0,-67,11,-99,-33,68,56,-437920253,100,0,114,0,"[18,-22,22,-24,25,-24,26,-23,27,-22,26,-22,26,-21,23,-18,23,-17,22,-17,21,-16,19,-15,19,-17,18,-16,17,-16,18,-16,17,-17,17,-17,17,-17,17,-18,16,-17,16,-18,15,-18,14,-17,14,-17,13,-17,14,-16,13,-17,0,0,13,-16,13,-15,14,-16,14,-17,16,-17,16,-17,17,-16,17,-14,17,-13,17,-13,17,-12,17,-11,15,-10,15,-9,15,-7,15,-8,15,-8,15,-8,14,-8,15,-6,15,-7,15,-7,14,-7,15,-6,16,-5,14,-4,13,-4,11,-4]"
CSI_DATA,264683,d8:b1:90:d9:de:f0,-67,11,-99,-37,69,56,-437901329,100,0,114,0,"[-15,23,-16,26,-19,26,-21,26,-20,28,-19,27,-19,25,-17,25,-17,23,-14,22,-12,22,-11,22,-9,22,-8,22,-8,22,-7,22,-6,23,-5,24,-4,25,-3,24,-1,25,-2,24,0,23,0,23,0,22,2,22,3,22,4,19,0,0,2,20,4,21,4,20,4,22,4,22,3,22,4,22,2,24,3,22,1,22,3,21,4,19,3,18,2,17,3,16,3,16,2,16,3,15,3,15,3,16,3,15,4,16,4,16,4,15,3,14,3,13,3,13,3,11]"
CSI_DATA,264684,d8:b1:90:d9:de:f0,-67,11,-99,-37,69,56,-437890899,100,0,114,0,"[3,27,2,31,1,33,0,34,0,34,0,33,-1,31,-2,31,-1,27,-2,27,0,26,0,26,-1,23,0,23,0,23,0,24,0,24,0,25,0,26,1,23,2,25,2,25,3,24,4,22,3,22,2,22,2,21,2,21,0,0,1,20,0,21,0,21,0,21,0,22,0,22,0,22,-2,22,-3,22,-3,20,-4,20,-4,18,-4,17,-4,17,-4,14,-4,15,-4,14,-5,13,-5,13,-5,14,-7,13,-7,16,-6,15,-7,14,-8,12,-7,12,-7,11,-6,8]"
CSI_DATA,264685,d8:b1:90:d9:de:f0,-66,11,-99,-36,68,56,-437880749,100,0,114,0,"[-10,-29,-10,-32,-10,-35,-11,-36,-11,-36,-11,-35,-9,-33,-10,-32,-10,-28,-10,-27,-11,-25,-10,-24,-12,-24,-13,-24,-13,-24,-15,-23,-16,-22,-16,-22,-18,-21,-18,-19,-20,-18,-20,-17,-20,-16,-20,-16,-18,-14,-18,-13,-18,-12,-19,-11,0,0,-20,-12,-20,-11,-20,-12,-20,-10,-21,-11,-20,-12,-21,-11,-21,-12,-19,-12,-19,-11,-17,-11,-16,-12,-16,-11,-15,-10,-14,-9,-15,-9,-14,-8,-13,-8,-14,-8,-13,-8,-15,-7,-14,-8,-15,-9,-15,-8,-14,-8,-13,-7,-11,-8,-9,-7]"
CSI_DATA,264686,d8:b1:90:d9:de:f0,-66,11,-99,-36,68,56,-437861326,100,0,114,0,"[-17,-26,-17,-31,-16,-34,-16,-35,-15,-37,-14,-36,-11,-35,-9,-32,-10,-31,-8,-30,-8,-28,-8,-28,-8,-26,-7,-25,-8,-26,-9,-26,-9,-25,-9,-26,-10,-26,-8,-25,-10,-25,-10,-24,-10,-25,-11,-24,-8,-23,-9,-23,-8,-22,-7,-23,0,0,-7,-22,-7,-23,-7,-22,-6,-24,-5,-23,-5,-24,-3,-24,-1,-24,0,-24,0,-22,0,-22,0,-20,0,-19,1,-18,1,-16,3,-16,3,-15,4,-15,3,-15,4,-16,5,-15,6,-16,5,-16,7,-16,7,-13,7,-13,7,-12,7,-9]"
CSI_DATA,264687,d8:b1:90:d9:de:f0,-66,11,-99,-36,68,56,-437841477,100,0,114,0,"[31,-9,34,-8,37,-8,38,-7,38,-5,36,-4,35,-3,33,-1,31,-3,31,-2,29,-1,27,-3,28,-4,27,-4,27,-4,27,-4,26,-4,28,-6,28,-7,27,-7,27,-7,26,-7,24,-7,24,-7,24,-8,23,-8,22,-8,22,-8,0,0,22,-6,21,-7,21,-7,24,-6,24,-5,24,-4,24,-4,24,-2,24,-2,24,-1,22,-1,20,0,20,0,18,0,17,0,16,0,16,0,16,0,16,0,16,1,17,1,16,2,16,3,17,4,17,3,16,4,14,4,11,4]"
CSI_DATA,264688,d8:b1:90:d9:de:f0,-66,11,-99,-37,68,56,-437819443,100,0,114,0,"[28,-13,32,-13,34,-14,34,-12,36,-14,35,-13,33,-12,32,-11,29,-12,29,-11,26,-13,25,-13,25,-14,23,-16,23,-15,22,-18,22,-18,22,-19,21,-20,20,-21,18,-21,17,-22,16,-22,14,-22,14,-22,12,-21,12,-21,11,-20,0,0,10,-22,10,-22,11,-22,11,-23,9,-23,11,-24,10,-23,10,-24,10,-22,10,-22,10,-21,8,-20,8,-19,8,-17,7,-16,7,-15,6,-15,7,-15,5,-15,7,-15,7,-15,5,-16,5,-15,6,-16,8,-16,7,-14,5,-14,5,-12]"
CSI_DATA,264689,d8:b1:90:d9:de:f0,-65,11,-99,-36,67,56,-437801584,100,0,114,0,"[-29,17,-34,16,-35,17,-37,17,-37,16,-38,16,-34,15,-33,15,-31,16,-30,15,-29,15,-27,15,-25,16,-26,17,-24,17,-25,18,-25,20,-25,20,-24,21,-22,23,-20,22,-20,23,-18,24,-18,24,-16,23,-15,22,-14,22,-15,21,0,0,-13,23,-14,23,-14,23,-13,23,-14,23,-14,25,-14,23,-14,24,-14,22,-15,22,-13,20,-12,19,-12,19,-10,18,-12,16,-10,16,-8,14,-10,14,-10,15,-10,16,-10,17,-10,18,-9,16,-11,17,-12,16,-11,15,-10,14,-8,11]"
CSI_DATA,264690,d8:b1:90:d9:de:f0,-65,11,-99,-35,67,56,-437791601,100,0,114,0,"[20,26,20,29,20,32,20,33,21,35,18,34,16,34,14,31,14,31,13,29,13,28,12,27,13,27,12,26,13,26,14,26,15,26,16,27,16,26,16,27,15,26,17,25,15,24,17,23,14,23,15,22,14,22,13,20,0,0,15,20,14,21,14,22,14,22,13,23,13,24,12,24,10,24,10,23,9,23,10,22,7,22,6,20,5,19,6,17,5,17,3,17,4,15,3,16,3,17,3,18,3,18,2,19,2,19,1,17,1,17,0,17,0,13]"
CSI_DATA,264691,d8:b1:90:d9:de:f0,-65,11,-99,-36,67,56,-437781360,100,0,114,0,"[-21,-27,-23,-30,-23,-32,-24,-33,-24,-33,-24,-33,-21,-30,-21,-30,-21,-27,-20,-26,-20,-24,-20,-23,-21,-22,-21,-21,-21,-21,-22,-20,-24,-19,-25,-19,-27,-18,-26,-15,-27,-15,-27,-14,-26,-13,-27,-12,-26,-10,-26,-10,-25,-9,-24,-7,0,0,-25,-5,-24,-6,-25,-6,-27,-5,-27,-6,-27,-6,-27,-6,-26,-7,-26,-6,-24,-5,-25,-5,-23,-6,-22,-5,-21,-4,-19,-4,-18,-4,-17,-3,-18,-2,-18,-2,-17,-2,-19,-2,-19,-2,-19,-4,-21,-3,-19,-1,-18,-2,-16,-4,-15,-4]"
CSI_DATA,264692,d8:b1:90:d9:de:f0,-66,11,-99,-35,67,56,-437760345,100,0,114,0,"[-28,-16,-30,-20,-32,-23,-33,-24,-31,-24,-30,-24,-29,-23,-27,-21,-27,-20,-25,-20,-25,-19,-24,-18,-25,-16,-25,-15,-24,-15,-26,-15,-27,-14,-28,-14,-28,-13,-28,-11,-27,-11,-28,-10,-28,-9,-27,-9,-26,-8,-25,-7,-26,-5,-24,-5,0,0,-27,-5,-25,-5,-26,-5,-26,-4,-27,-5,-27,-5,-28,-5,-27,-7,-26,-5,-26,-5,-24,-5,-24,-6,-23,-5,-20,-5,-19,-4,-19,-4,-17,-3,-17,-3,-18,-3,-18,-3,-19,-3,-18,-5,-18,-4,-18,-4,-20,-4,-18,-4,-14,-5,-13,-5]"
CSI_DATA,264693,d8:b1:90:d9:de:f0,-66,11,-99,-34,67,56,-437741182,100,0,114,0,"[31,-6,34,-5,37,-2,37,0,36,0,36,2,33,3,33,3,31,5,30,6,29,5,28,5,27,5,27,5,28,5,28,4,29,6,29,5,30,6,29,6,30,7,29,7,28,6,27,6,26,5,25,6,26,5,25,4,0,0,23,8,24,7,24,9,24,9,25,11,24,11,24,13,24,14,23,13,22,12,20,14,18,13,17,12,16,13,15,12,14,13,12,11,13,11,13,12,13,13,13,14,13,15,11,16,11,17,12,16,9,16,6,16,5,15]"
CSI_DATA,264694,d8:b1:90:d9:de:f0,-65,11,-99,-36,67,56,-437721648,100,0,114,0,"[14,30,13,35,13,38,11,39,11,38,9,39,8,36,6,36,8,33,7,34,6,31,6,30,7,31,7,30,8,30,7,31,8,31,9,33,8,31,9,30,8,31,10,31,10,29,10,27,10,27,10,27,9,26,10,25,0,0,10,25,9,25,10,26,10,26,10,28,9,29,9,29,8,29,8,27,7,26,6,27,6,25,5,24,5,22,4,21,3,19,3,18,2,18,3,18,4,20,3,19,2,21,3,21,2,20,1,19,0,18,0,18,0,16]"
CSI_DATA,264695,d8:b1:90:d9:de:f0,-65,11,-99,-36,67,56,-437711628,100,0,114,0,"[23,-24,26,-26,29,-27,30,-28,28,-28,29,-27,28,-25,25,-25,23,-25,22,-24,20,-25,20,-25,18,-24,17,-25,16,-27,16,-27,14,-28,14,-30,13,-30,11,-30,10,-30,8,-32,8,-30,6,-30,7,-28,4,-28,4,-27,3,-28,0,0,0,-26,1,-28,-1,-28,-1,-28,-3,-29,-3,-30,-3,-29,-3,-30,-3,-29,-4,-27,-4,-27,-4,-26,-4,-24,-4,-23,-4,-21,-4,-20,-5,-18,-4,-18,-5,-18,-5,-19,-5,-18,-6,-20,-7,-19,-9,-19,-6,-19,-7,-18,-6,-17,-5,-15]"
CSI_DATA,264696,d8:b1:90:d9:de:f0,-66,11,-99,-35,67,56,-437701604,100,0,114,0,"[-31,-6,-33,-7,-35,-9,-34,-11,-34,-11,-34,-12,-32,-13,-31,-12,-30,-9,-30,-10,-27,-9,-27,-9,-27,-8,-28,-7,-27,-8,-27,-7,-28,-7,-30,-7,-30,-7,-30,-5,-30,-5,-29,-5,-29,-4,-28,-3,-28,-3,-27,-3,-25,-2,-27,0,0,0,-25,-2,-25,-1,-25,-2,-26,-2,-26,-2,-28,-2,-28,-1,-28,-3,-26,-1,-27,-1,-25,-2,-23,-3,-22,-3,-21,-3,-21,-3,-19,-3,-17,-2,-19,-1,-18,-1,-19,-2,-20,-2,-19,-3,-18,-3,-19,-4,-20,-3,-18,-4,-16,-5,-14,-3]"
CSI_DATA,264697,d8:b1:90:d9:de:f0,-66,11,-99,-35,67,56,-437691325,100,0,114,0,"[-28,-14,-30,-17,-31,-20,-30,-23,-29,-24,-27,-24,-24,-25,-22,-24,-21,-23,-19,-24,-18,-23,-17,-23,-17,-22,-17,-22,-17,-23,-17,-24,-18,-24,-17,-24,-17,-25,-17,-23,-16,-25,-15,-25,-14,-25,-15,-24,-14,-24,-13,-22,-13,-22,-11,-22,0,0,-12,-23,-10,-24,-10,-24,-10,-26,-10,-25,-9,-27,-8,-26,-6,-28,-5,-27,-5,-26,-4,-25,-2,-25,-1,-22,-1,-22,0,-20,0,-19,0,-18,0,-17,0,-17,2,-18,2,-18,3,-19,4,-20,4,-20,4,-18,5,-18,6,-15,6,-14]"
CSI_DATA,264698,d8:b1:90:d9:de:f0,-66,11,-99,-34,67,56,-437671591,100,0,114,0,"[13,-27,16,-30,18,-30,20,-30,22,-30,21,-27,22,-26,21,-24,20,-24,21,-23,21,-21,19,-20,20,-21,19,-20,19,-21,20,-21,19,-21,21,-22,20,-22,22,-22,19,-22,20,-22,19,-21,19,-21,18,-20,16,-20,16,-18,17,-18,0,0,17,-18,18,-17,18,-17,18,-18,18,-17,22,-18,20,-18,21,-18,21,-16,21,-17,20,-15,19,-14,19,-13,17,-11,17,-10,16,-9,16,-8,16,-8,16,-9,16,-8,17,-8,17,-7,17,-8,18,-7,19,-5,17,-5,16,-4,15,-3]"
CSI_DATA,264699,d8:b1:90:d9:de:f0,-65,11,-99,-36,67,56,-437658517,100,0,114,0,"[-24,20,-27,21,-30,22,-31,22,-31,22,-31,22,-30,19,-27,19,-25,19,-25,19,-23,19,-23,18,-23,18,-22,19,-21,19,-20,21,-20,22,-22,23,-21,24,-20,24,-19,25,-18,26,-16,24,-15,26,-15,25,-14,24,-14,24,-13,23,0,0,-11,25,-11,25,-11,25,-11,26,-11,26,-12,28,-10,28,-12,29,-11,27,-11,27,-11,26,-10,25,-10,23,-8,22,-8,21,-7,20,-7,19,-7,19,-7,20,-7,20,-7,20,-6,21,-6,21,-6,20,-7,20,-6,19,-6,18,-6,15]"
CSI_DATA,264700,d8:b1:90:d9:de:f0,-65,11,-99,-37,67,56,-437641638,100,0,114,0,"[-29,-8,-31,-9,-34,-10,-36,-11,-36,-11,-34,-11,-32,-11,-31,-10,-31,-8,-30,-8,-28,-6,-28,-5,-28,-5,-28,-3,-28,-2,-28,-1,-31,1,-31,0,-31,1,-31,4,-30,5,-29,4,-28,6,-28,8,-28,8,-26,9,-26,10,-25,11,0,0,-25,12,-23,12,-24,14,-25,15,-25,15,-25,16,-26,16,-25,16,-24,17,-24,17,-22,17,-20,15,-19,16,-18,15,-16,15,-16,15,-15,15,-15,15,-15,15,-15,15,-15,17,-15,17,-15,17,-15,17,-14,18,-14,17,-12,15,-11,14]"
CSI_DATA,264701,d8:b1:90:d9:de:f0,-65,11,-99,-36,67,56,-437621648,100,0,114,0,"[29,7,31,9,33,12,33,15,34,17,32,17,29,18,27,18,27,16,24,17,24,17,23,17,23,18,23,17,24,18,24,19,24,20,24,20,24,20,24,20,23,21,24,19,24,19,23,19,21,19,22,18,20,18,20,18,0,0,20,18,19,20,20,20,20,21,19,23,18,23,18,24,17,25,17,24,17,23,15,23,13,23,11,22,11,20,10,19,11,20,8,20,9,19,9,19,8,20,8,20,8,22,7,22,6,22,7,21,4,21,3,19,2,17]"
CSI_DATA,264702,d8:b1:90:d9:de:f0,-65,11,-99,-37,67,56,-437611646,100,0,114,0,"[25,-17,28,-17,30,-19,31,-17,32,-19,32,-19,31,-16,30,-15,28,-16,27,-14,25,-15,24,-14,26,-15,25,-14,25,-16,25,-17,25,-17,26,-19,26,-20,25,-20,24,-21,22,-21,22,-21,20,-22,20,-20,19,-19,18,-19,18,-20,0,0,18,-22,17,-21,17,-23,18,-24,18,-24,18,-24,17,-24,19,-23,17,-24,18,-23,18,-23,16,-21,15,-19,14,-19,14,-19,13,-18,12,-19,13,-18,12,-18,12,-19,13,-19,11,-19,11,-19,12,-20,14,-19,13,-17,11,-17,10,-14]"
CSI_DATA,264703,d8:b1:90:d9:de:f0,-65,11,-99,-35,67,56,-437601626,100,0,114,0,"[-22,19,-25,20,-28,19,-29,19,-31,17,-32,17,-30,15,-29,13,-27,13,-26,11,-26,11,-25,10,-25,10,-25,9,-24,9,-25,10,-27,12,-28,11,-28,11,-27,12,-28,10,-28,11,-27,10,-26,10,-25,10,-24,10,-24,8,-25,9,0,0,-26,11,-25,8,-26,9,-27,8,-27,7,-29,8,-29,6,-29,7,-30,6,-29,6,-28,5,-26,4,-25,3,-24,4,-24,3,-22,2,-20,1,-20,2,-22,1,-22,1,-22,1,-22,1,-21,0,-24,0,-26,0,-23,0,-19,-1,-17,-1]"
CSI_DATA,264704,d8:b1:90:d9:de:f0,-65,11,-99,-36,67,56,-437591111,100,0,114,0,"[-7,27,-8,30,-11,33,-12,33,-11,34,-11,33,-12,32,-11,30,-11,29,-12,28,-11,26,-9,26,-9,26,-8,26,-7,26,-7,27,-7,29,-7,29,-7,29,-6,29,-6,31,-5,30,-4,29,-4,28,-4,28,-2,27,-2,26,-2,26,0,0,-1,28,-1,27,-1,28,-1,29,0,30,-2,30,0,30,-1,32,-1,30,0,30,0,28,-1,29,0,28,0,26,-1,24,-1,23,0,22,0,22,1,22,0,23,1,22,1,24,1,24,2,26,0,25,0,23,0,22,-1,19]"
CSI_DATA,264705,d8:b1:90:d9:de:f0,-65,11,-99,-37,67,56,-437571343,100,0,114,0,"[30,-4,33,-4,37,-3,36,-2,38,-2,36,-2,36,-1,33,-1,31,-2,30,-3,29,-4,27,-3,28,-5,28,-6,28,-6,27,-8,28,-8,30,-7,29,-9,29,-10,28,-11,29,-12,27,-13,26,-12,25,-14,24,-14,23,-15,22,-13,0,0,23,-17,23,-16,23,-17,24,-19,24,-18,25,-20,24,-20,24,-19,23,-19,23,-21,22,-20,20,-18,19,-19,17,-18,18,-17,17,-17,15,-16,15,-17,15,-18,14,-18,15,-19,14,-18,13,-20,13,-20,15,-21,14,-19,12,-16,11,-15]"
CSI_DATA,264706,d8:b1:90:d9:de:f0,-65,11,-99,-37,67,56,-437554869,100,0,114,0,"[30,0,31,2,33,3,33,4,36,6,34,8,33,8,32,8,30,8,28,8,26,8,25,9,25,9,25,9,25,10,26,10,27,10,28,11,28,11,28,10,28,12,28,11,28,11,27,10,26,11,25,12,25,10,24,10,0,0,25,12,24,12,24,13,26,14,27,16,27,16,27,17,26,18,25,16,24,17,23,18,21,17,21,17,19,16,19,16,18,16,17,17,17,15,18,15,17,15,18,16,17,17,17,18,18,19,17,18,16,17,13,18,10,15]"
CSI_DATA,264707,d8:b1:90:d9:de:f0,-66,11,-99,-34,67,56,-437540705,100,0,114,0,"[-8,-27,-8,-29,-8,-32,-6,-33,-6,-35,-5,-33,-4,-33,-1,-31,-3,-28,-1,-27,-2,-25,-1,-26,0,-25,0,-26,-1,-25,0,-25,-2,-28,-1,-28,-2,-28,-2,-28,-2,-29,-2,-28,-2,-28,-3,-26,-1,-27,-2,-25,-1,-25,0,-24,0,0,0,-24,-1,-26,-1,-26,0,-28,0,-28,0,-29,0,-30,0,-29,0,-28,1,-28,2,-27,2,-26,3,-25,2,-23,2,-24,2,-21,2,-20,3,-19,1,-20,2,-21,2,-21,2,-23,2,-24,3,-22,5,-21,5,-20,4,-19,4,-16]"
CSI_DATA,264708,d8:b1:90:d9:de:f0,-65,11,-99,-34,67,56,-437521560,100,0,114,0,"[-29,8,-31,7,-33,8,-34,8,-33,7,-33,6,-32,5,-30,5,-28,6,-27,5,-26,6,-25,6,-25,8,-25,7,-24,9,-24,9,-26,11,-27,10,-27,11,-25,12,-25,12,-26,12,-24,13,-23,13,-23,13,-21,13,-21,14,-22,14,0,0,-22,16,-21,15,-21,16,-23,17,-23,16,-24,17,-24,18,-24,18,-23,17,-24,17,-22,17,-19,16,-19,16,-18,16,-17,16,-17,14,-15,15,-16,15,-16,15,-16,15,-16,16,-16,17,-15,17,-16,17,-16,17,-16,17,-13,16,-14,16]"
CSI_DATA,264709,d8:b1:90:d9:de:f0,-66,11,-99,-34,67,56,-437511541,100,0,114,0,"[21,-21,23,-21,24,-21,26,-20,27,-20,26,-18,26,-17,25,-16,24,-16,24,-15,21,-14,22,-13,22,-13,21,-13,21,-12,20,-14,21,-13,24,-15,23,-15,23,-16,25,-15,25,-15,24,-14,23,-14,24,-14,22,-14,22,-13,21,-12,0,0,22,-14,23,-13,23,-13,25,-14,26,-12,28,-13,27,-12,27,-11,27,-11,28,-11,27,-10,24,-8,22,-8,21,-7,21,-8,22,-6,19,-6,21,-6,21,-7,21,-6,21,-6,20,-6,21,-6,22,-6,23,-5,22,-3,20,-3,19,-2]"
CSI_DATA,264710,d8:b1:90:d9:de:f0,-66,11,-99,-37,68,56,-437491380,100,0,114,0,"[-12,26,-15,27,-16,30,-18,30,-18,28,-18,26,-18,25,-17,23,-16,23,-16,22,-15,22,-15,21,-15,21,-14,21,-13,21,-14,22,-14,22,-16,22,-16,22,-15,22,-15,22,-15,23,-14,22,-13,22,-14,22,-13,21,-13,21,-13,21,0,0,-14,22,-14,22,-14,22,-16,22,-15,22,-17,22,-17,22,-18,22,-19,22,-20,21,-18,20,-17,18,-16,18,-15,16,-16,15,-15,13,-13,13,-14,14,-14,14,-14,14,-15,15,-15,16,-14,15,-16,14,-17,13,-15,13,-14,11,-14,11]"
CSI_DATA,264711,d8:b1:90:d9:de:f0,-66,11,-99,-37,68,56,-437481085,100,0,114,0,"[-25,11,-29,13,-31,13,-31,13,-31,14,-31,13,-29,11,-27,12,-25,12,-24,11,-22,11,-21,12,-22,12,-22,13,-21,14,-21,16,-20,16,-21,16,-20,18,-20,19,-20,19,-18,20,-17,20,-15,20,-16,19,-14,19,-15,19,-15,20,0,0,-13,21,-13,22,-12,22,-13,22,-13,23,-13,23,-13,24,-13,24,-14,24,-13,22,-13,23,-11,22,-11,21,-11,20,-10,19,-9,19,-8,19,-8,20,-7,20,-8,20,-8,20,-6,22,-5,21,-7,21,-7,21,-6,20,-4,19,-4,17]"
CSI_DATA,264712,d8:b1:90:d9:de:f0,-66,11,-99,-37,68,56,-437461288,100,0,114,0,"[11,26,11,29,10,32,9,33,9,34,6,32,4,32,3,30,3,28,1,27,2,27,1,26,0,25,0,25,1,24,1,24,0,26,0,26,0,26,0,26,0,27,0,28,0,26,0,26,-1,25,-1,25,-1,25,-2,23,0,0,-2,24,-5,24,-5,24,-5,24,-6,26,-8,26,-9,26,-11,26,-11,25,-12,23,-11,22,-12,21,-11,19,-11,17,-11,17,-12,16,-11,16,-12,15,-13,15,-12,14,-13,16,-14,16,-14,17,-15,16,-16,14,-16,13,-15,12,-12,11]"
CSI_DATA,264713,d8:b1:90:d9:de:f0,-66,11,-99,-34,67,56,-437441636,100,0,114,0,"[0,-29,1,-32,3,-34,3,-35,5,-34,6,-33,4,-32,7,-30,6,-29,5,-27,5,-25,5,-25,6,-24,5,-25,5,-25,4,-26,3,-26,5,-27,4,-26,3,-27,3,-27,4,-28,3,-26,3,-27,5,-25,3,-26,3,-24,5,-25,0,0,3,-24,5,-27,5,-26,5,-26,7,-27,7,-28,8,-27,9,-27,11,-25,11,-24,10,-24,11,-23,10,-21,10,-21,10,-19,10,-19,9,-17,9,-18,10,-18,10,-16,10,-17,10,-18,8,-18,11,-19,12,-17,11,-17,11,-16,10,-14]"
CSI_DATA,264714,d8:b1:90:d9:de:f0,-66,11,-99,-37,68,56,-437431637,100,0,114,0,"[-24,15,-26,16,-29,18,-30,18,-30,18,-29,17,-28,16,-26,15,-23,16,-22,16,-22,16,-20,16,-20,15,-19,17,-18,18,-18,19,-17,21,-18,20,-17,22,-15,22,-16,22,-14,23,-14,23,-12,23,-12,22,-11,22,-11,21,-11,22,0,0,-8,22,-10,23,-9,24,-8,24,-8,25,-10,25,-8,27,-9,26,-9,25,-10,24,-8,24,-6,23,-4,22,-5,22,-5,21,-4,21,-3,19,-3,19,-2,21,-2,20,-3,20,-2,21,0,21,-1,22,-1,22,-1,20,0,18,0,17]"
CSI_DATA,264715,d8:b1:90:d9:de:f0,-66,11,-99,-37,68,56,-437410466,100,0,114,0,"[-31,1,-33,2,-35,1,-35,0,-36,0,-34,0,-33,0,-31,0,-29,0,-29,-1,-27,0,-26,0,-27,1,-26,2,-26,3,-26,3,-25,4,-28,5,-26,4,-28,6,-25,5,-25,7,-25,5,-22,7,-24,9,-23,7,-23,8,-23,9,0,0,-24,7,-23,9,-22,10,-25,9,-24,9,-26,8,-26,9,-26,7,-26,8,-27,8,-25,8,-24,5,-22,7,-22,6,-21,6,-20,5,-19,7,-18,5,-18,6,-19,5,-20,7,-19,8,-18,6,-20,7,-20,8,-19,6,-17,6,-14,5]"
CSI_DATA,264716,d8:b1:90:d9:de:f0,-66,11,-99,-36,68,56,-437391733,100,0,114,0,"[12,27,11,30,9,32,8,33,8,33,8,33,5,32,5,30,6,28,5,26,4,24,4,24,3,24,4,24,4,24,3,24,4,24,4,25,4,25,4,24,4,26,4,26,4,24,3,25,3,24,4,24,2,24,2,22,0,0,2,22,0,24,0,24,0,24,0,27,0,28,0,27,0,27,-3,25,-4,24,-5,24,-4,24,-5,24,-5,21,-6,20,-6,18,-5,17,-7,19,-5,17,-5,17,-7,17,-6,19,-7,19,-8,19,-8,17,-8,17,-8,16,-8,15]"
CSI_DATA,264717,d8:b1:90:d9:de:f0,-66,11,-99,-37,68,56,-437377946,100,0,114,0,"[29,-11,32,-11,33,-11,33,-10,34,-10,33,-8,32,-8,31,-6,28,-8,27,-8,25,-6,25,-6,24,-6,24,-8,23,-8,24,-8,23,-9,25,-9,25,-10,24,-10,24,-11,23,-11,22,-11,22,-11,23,-11,22,-10,21,-10,22,-11,0,0,22,-11,22,-11,22,-11,24,-11,24,-11,25,-11,25,-11,25,-11,25,-10,25,-11,24,-9,22,-7,22,-6,20,-6,20,-6,20,-5,19,-6,18,-6,19,-6,20,-6,21,-7,20,-7,20,-6,22,-5,22,-5,19,-4,18,-4,16,-3]"
CSI_DATA,264718,d8:b1:90:d9:de:f0,-66,11,-99,-37,68,56,-437361618,100,0,114,0,"[-16,23,-18,26,-19,27,-21,28,-22,29,-21,28,-18,26,-18,26,-17,24,-15,23,-13,22,-11,22,-10,23,-10,23,-9,23,-8,24,-8,25,-7,25,-6,26,-5,26,-4,26,-3,26,-2,25,-1,25,0,24,0,25,1,23,2,23,0,0,0,25,2,23,2,25,2,26,2,28,1,28,2,27,0,27,1,26,2,26,4,26,3,23,3,22,2,21,2,19,2,21,3,19,3,20,4,20,4,20,5,20,6,21,8,20,7,21,5,20,6,19,5,17,5,15]"
CSI_DATA,264719,d8:b1:90:d9:de:f0,-66,11,-99,-37,68,56,-437349881,100,0,114,0,"[-27,8,-31,9,-33,8,-34,8,-34,8,-34,8,-31,6,-31,8,-28,8,-27,9,-24,8,-24,9,-24,10,-23,11,-22,11,-22,12,-22,13,-22,13,-23,15,-22,15,-20,16,-19,16,-19,18,-18,17,-17,18,-15,17,-15,17,-15,18,0,0,-15,20,-15,19,-15,21,-15,21,-15,22,-16,22,-16,22,-16,22,-16,21,-16,22,-14,22,-13,21,-13,18,-12,18,-11,17,-11,17,-11,17,-11,16,-10,18,-9,18,-11,18,-9,18,-7,19,-9,18,-10,18,-9,17,-7,16,-7,13]"
CSI_DATA,264720,d8:b1:90:d9:de:f0,-66,11,-99,-38,68,56,-437331654,100,0,114,0,"[-24,16,-28,17,-31,16,-32,16,-32,17,-31,16,-30,15,-27,14,-25,15,-24,13,-22,14,-21,13,-21,14,-21,14,-20,15,-19,15,-20,16,-21,16,-20,16,-20,17,-20,18,-18,19,-18,18,-17,19,-17,18,-16,18,-16,17,-16,17,0,0,-15,18,-16,17,-16,18,-17,20,-17,21,-18,21,-18,20,-18,20,-19,19,-19,20,-18,18,-18,17,-16,16,-16,16,-15,15,-16,13,-15,14,-14,14,-13,14,-14,15,-15,15,-14,16,-14,16,-15,15,-16,15,-15,14,-13,14,-12,11]"
CSI_DATA,264721,d8:b1:90:d9:de:f0,-66,11,-99,-36,68,56,-437321621,100,0,114,0,"[-22,17,-25,17,-27,17,-28,17,-30,16,-29,16,-28,14,-27,12,-25,12,-24,10,-23,10,-24,9,-22,9,-23,8,-22,8,-23,9,-22,9,-24,10,-24,9,-24,10,-24,10,-23,10,-24,9,-22,10,-23,9,-22,8,-22,8,-21,8,0,0,-21,8,-22,7,-23,7,-24,7,-24,5,-25,5,-26,4,-26,2,-27,2,-28,0,-25,0,-24,0,-23,-1,-21,0,-21,-2,-19,-2,-18,-2,-18,-2,-20,-2,-20,-2,-20,-3,-19,-3,-20,-4,-20,-6,-21,-7,-18,-6,-16,-6,-15,-6]"
CSI_DATA,264722,d8:b1:90:d9:de:f0,-66,11,-99,-37,68,56,-437301651,100,0,114,0,"[14,27,14,30,14,33,13,34,12,34,11,33,10,31,9,31,8,29,7,27,7,25,7,25,8,25,7,24,8,25,8,23,8,26,9,25,9,26,9,24,9,26,9,25,9,23,10,22,9,22,9,22,9,21,8,21,0,0,8,23,7,22,6,24,8,25,8,27,6,28,5,27,3,29,3,27,3,27,3,26,1,26,0,23,0,22,0,22,0,22,0,21,0,22,0,21,0,20,0,20,0,22,0,22,-1,22,-1,20,-2,19,-3,19,-3,16]"
CSI_DATA,264723,d8:b1:90:d9:de:f0,-66,11,-99,-36,68,56,-437291635,100,0,114,0,"[-26,-9,-29,-10,-31,-11,-32,-12,-32,-13,-31,-11,-29,-11,-29,-10,-25,-9,-25,-8,-24,-7,-22,-5,-24,-5,-24,-4,-24,-1,-24,-1,-24,-1,-24,-1,-25,0,-25,2,-26,1,-25,2,-24,3,-23,4,-23,4,-22,5,-22,7,-21,7,0,0,-23,7,-21,7,-22,8,-24,8,-24,8,-24,8,-24,8,-25,7,-26,8,-25,9,-24,9,-22,8,-21,8,-21,8,-19,8,-19,8,-18,8,-17,9,-18,8,-16,9,-18,9,-18,9,-16,9,-18,11,-17,11,-17,11,-15,8,-13,8]"
CSI_DATA,264724,d8:b1:90:d9:de:f0,-66,11,-99,-36,68,56,-437281333,100,0,114,0,"[-16,-24,-16,-26,-16,-28,-15,-30,-16,-31,-14,-31,-13,-29,-12,-27,-11,-25,-11,-24,-11,-23,-10,-22,-10,-23,-10,-22,-11,-22,-10,-21,-12,-22,-11,-22,-12,-23,-12,-21,-13,-23,-13,-21,-12,-21,-12,-20,-12,-21,-11,-20,-10,-20,-11,-19,0,0,-11,-18,-11,-22,-11,-22,-11,-21,-11,-24,-11,-24,-10,-24,-10,-25,-8,-25,-8,-24,-8,-25,-7,-24,-6,-23,-5,-23,-5,-21,-4,-21,-3,-20,-3,-18,-4,-18,-3,-19,-5,-19,-4,-21,-3,-21,-2,-21,-2,-18,-1,-18,0,-18,0,-17]"
CSI_DATA,264725,d8:b1:90:d9:de:f0,-66,11,-99,-37,68,56,-437261632,100,0,114,0,"[-24,16,-27,17,-30,17,-31,17,-32,18,-30,17,-30,15,-27,14,-25,15,-25,13,-22,13,-21,13,-22,13,-21,14,-20,14,-21,15,-19,15,-21,17,-20,17,-20,18,-18,17,-18,17,-18,17,-15,18,-18,17,-15,17,-15,17,-16,17,0,0,-15,17,-15,18,-15,19,-17,19,-17,19,-18,19,-18,20,-19,21,-20,20,-20,20,-19,18,-19,17,-17,17,-17,16,-16,15,-16,15,-15,14,-16,13,-15,14,-16,15,-15,16,-15,15,-15,16,-16,14,-16,14,-15,13,-13,12,-14,12]"
CSI_DATA,264726,d8:b1:90:d9:de:f0,-65,9,-99,-36,67,56,-437242958,121,0,106,0,"[-47,14,79,15,-122,14,106,15,126,14,-124,15,-87,14,-111,15,-25,14,-96,15,32,15,-56,15,78,15,-16,15,111,15,35,0,125,15,65,0,-122,15,70,0,-93,15,40,0,-35,15,-11,15,35,0,-49,15,0,0,0,0,-55,0,-69,15,25,1,-48,15,76,1,-8,15,70,1,22,0,19,1,20,0,-52,0,-5,15,-117,0,-47,15,92,0,-83,15,75,0,-98,15,85,0,-91,15,75,0,-64,15,60,0,7,0,40,0]"
CSI_DATA,264727,d8:b1:90:d9:de:f0,-66,11,-99,-35,68,56,-437230866,100,0,114,0,"[27,4,30,5,32,5,32,6,32,5,31,5,30,5,28,3,26,3,25,2,23,0,22,0,23,0,23,-2,23,-3,24,-4,22,-5,23,-5,22,-6,23,-7,22,-8,22,-9,20,-9,19,-11,19,-12,18,-11,17,-11,19,-13,0,0,17,-14,17,-14,18,-16,18,-17,18,-18,19,-17,19,-19,19,-19,19,-19,19,-19,18,-20,16,-18,15,-19,14,-18,14,-18,13,-16,12,-17,12,-18,12,-19,12,-18,11,-18,9,-18,8,-18,10,-19,10,-19,10,-18,7,-17,6,-15]"
CSI_DATA,264728,d8:b1:90:d9:de:f0,-66,11,-99,-34,67,56,-437211343,100,0,114,0,"[4,-30,6,-33,8,-33,10,-34,11,-33,12,-32,12,-31,10,-29,11,-26,10,-24,9,-23,9,-23,9,-24,8,-23,8,-23,7,-22,7,-25,9,-24,7,-24,9,-24,8,-25,7,-25,7,-23,6,-23,7,-23,7,-21,6,-22,5,-22,0,0,6,-22,8,-23,7,-23,9,-25,8,-26,11,-26,10,-26,14,-27,14,-25,15,-26,14,-24,13,-24,13,-23,12,-21,13,-19,12,-17,12,-18,12,-18,12,-18,14,-16,14,-17,14,-18,13,-19,14,-18,15,-17,14,-15,13,-16,13,-13]"
CSI_DATA,264729,d8:b1:90:d9:de:f0,-66,11,-99,-36,68,56,-437191638,100,0,114,0,"[-12,-24,-12,-26,-12,-29,-11,-29,-12,-31,-11,-30,-10,-29,-8,-27,-9,-25,-8,-24,-8,-23,-9,-22,-9,-21,-9,-21,-10,-20,-10,-20,-11,-20,-12,-22,-13,-21,-12,-21,-12,-21,-13,-20,-13,-20,-13,-19,-13,-18,-14,-18,-12,-17,-12,-17,0,0,-13,-16,-14,-18,-15,-18,-15,-21,-16,-22,-16,-23,-16,-24,-15,-23,-16,-23,-15,-23,-14,-22,-15,-23,-13,-20,-13,-20,-12,-19,-12,-18,-11,-17,-10,-16,-12,-17,-11,-17,-11,-18,-12,-18,-13,-19,-13,-18,-13,-16,-11,-16,-10,-16,-8,-14]"
CSI_DATA,264730,d8:b1:90:d9:de:f0,-66,11,-99,-36,68,56,-437181631,100,0,114,0,"[-25,-10,-26,-13,-28,-15,-29,-16,-28,-18,-27,-18,-24,-17,-23,-17,-21,-16,-21,-15,-19,-16,-17,-15,-17,-15,-17,-15,-18,-16,-18,-16,-19,-16,-19,-16,-19,-16,-19,-15,-18,-16,-17,-15,-17,-15,-17,-14,-17,-16,-16,-16,-15,-16,-17,-15,0,0,-14,-16,-16,-16,-16,-17,-16,-20,-16,-21,-16,-23,-15,-24,-15,-24,-14,-24,-13,-24,-12,-24,-9,-24,-9,-23,-9,-22,-8,-20,-7,-21,-6,-19,-7,-20,-8,-20,-6,-20,-6,-22,-5,-23,-4,-22,-3,-23,-3,-21,-2,-21,0,-19,0,-16]"
CSI_DATA,264731,d8:b1:90:d9:de:f0,-66,11,-99,-37,68,56,-437171601,100,0,114,0,"[5,-27,6,-31,7,-31,8,-32,9,-32,8,-31,9,-29,8,-28,6,-26,6,-25,5,-23,4,-23,3,-24,3,-24,2,-24,1,-24,0,-24,1,-24,0,-23,0,-24,0,-24,-1,-24,0,-23,-2,-22,-2,-23,-2,-24,-3,-22,-3,-22,0,0,-3,-22,-4,-23,-6,-23,-4,-27,-3,-27,-5,-28,-5,-29,-4,-29,-5,-29,-5,-28,-6,-27,-4,-26,-4,-25,-4,-24,-4,-22,-3,-21,-3,-21,-4,-21,-5,-21,-5,-22,-5,-22,-6,-22,-7,-23,-6,-22,-4,-20,-5,-20,-4,-19,-3,-16]"
CSI_DATA,264732,d8:b1:90:d9:de:f0,-66,11,-99,-37,68,56,-437160858,100,0,114,0,"[26,-10,30,-11,32,-12,33,-11,32,-11,32,-11,29,-11,28,-11,24,-11,23,-11,22,-12,21,-12,21,-14,20,-14,20,-16,18,-16,18,-19,19,-18,18,-19,17,-19,15,-20,14,-20,14,-21,11,-22,12,-21,11,-20,10,-21,10,-21,0,0,10,-22,9,-24,9,-24,8,-24,7,-25,8,-27,7,-28,8,-29,8,-30,7,-29,6,-29,4,-26,4,-24,3,-23,3,-23,3,-22,1,-22,1,-22,0,-22,0,-22,0,-22,0,-23,-2,-23,-2,-23,0,-22,0,-22,-1,-19,-2,-17]"
CSI_DATA,264733,d8:b1:90:d9:de:f0,-65,9,-99,-36,67,56,-437147000,291,0,106,0,"[-54,15,-69,14,-109,15,-112,14,127,15,-113,14,-109,15,-70,14,-91,15,-8,14,-78,15,49,15,-85,15,109,15,-109,15,-102,15,-122,15,-68,15,-116,15,-61,15,-73,15,-42,15,1,0,-21,15,68,0,30,0,0,0,0,0,-104,0,-73,0,-92,0,3,1,-110,0,50,1,126,0,59,1,107,0,15,1,99,0,-64,0,105,0,122,0,124,0,68,0,-127,0,56,0,-128,0,53,0,87,0,64,0,21,0,62,0,-46,15]"
CSI_DATA,264734,d8:b1:90:d9:de:f0,-66,11,-99,-34,67,56,-437131349,100,0,114,0,"[-11,-27,-12,-29,-12,-31,-12,-31,-14,-32,-12,-31,-11,-29,-12,-27,-12,-25,-12,-25,-12,-22,-13,-22,-13,-20,-13,-19,-15,-19,-15,-19,-16,-19,-18,-19,-18,-17,-18,-16,-20,-16,-20,-16,-20,-16,-20,-15,-19,-15,-19,-13,-19,-12,-19,-12,0,0,-23,-11,-23,-11,-23,-12,-25,-10,-26,-11,-27,-11,-28,-10,-29,-12,-29,-10,-29,-11,-28,-9,-27,-11,-25,-9,-24,-8,-23,-6,-22,-6,-22,-5,-20,-3,-23,-2,-23,-2,-23,-1,-24,-2,-24,-2,-23,-2,-23,-1,-21,0,-18,-1,-17,-1]"
CSI_DATA,264735,d8:b1:90:d9:de:f0,-65,11,-99,-34,67,56,-437111652,100,0,114,0,"[28,10,30,13,32,15,32,16,31,18,30,18,28,18,25,17,24,16,23,16,20,15,20,16,21,16,20,16,20,16,22,17,21,15,22,16,22,17,22,16,22,16,21,17,21,16,20,15,21,16,19,16,18,16,19,15,0,0,19,16,17,17,18,17,20,19,20,22,19,22,19,22,18,24,18,24,17,23,17,24,15,23,14,22,14,21,12,21,12,20,11,19,11,19,11,20,10,19,10,20,10,21,9,22,9,22,8,20,7,18,5,18,3,17]"
CSI_DATA,264736,d8:b1:90:d9:de:f0,-65,11,-99,-36,67,56,-437101470,100,0,114,0,"[30,7,33,8,34,10,36,11,34,11,35,11,31,11,31,10,30,8,28,8,27,7,26,7,27,6,26,5,27,4,26,4,27,3,29,2,30,2,28,0,29,2,29,1,28,0,27,-1,26,-1,26,-1,25,-1,26,-3,0,0,25,-5,26,-3,28,-5,28,-5,30,-4,30,-4,30,-4,31,-4,30,-4,31,-5,30,-6,28,-4,27,-5,27,-5,25,-5,25,-5,22,-4,24,-6,24,-5,23,-6,24,-6,24,-6,23,-6,23,-6,24,-8,22,-8,19,-5,17,-5]"
CSI_DATA,264737,d8:b1:90:d9:de:f0,-65,11,-99,-35,67,56,-437081666,100,0,114,0,"[-6,29,-7,33,-8,34,-8,34,-9,36,-7,33,-7,33,-7,30,-5,31,-5,29,-2,28,-3,28,-2,27,0,27,0,28,0,27,1,28,2,29,3,28,4,29,5,28,6,29,7,27,8,25,7,25,9,25,10,24,11,23,0,0,11,21,12,23,13,23,15,25,14,25,16,27,17,27,17,25,17,24,16,25,16,23,15,23,16,21,15,20,15,19,14,17,15,17,14,16,16,15,15,15,16,15,17,14,18,16,18,15,18,13,16,12,16,12,12,10]"
CSI_DATA,264738,d8:b1:90:d9:de:f0,-65,11,-99,-36,67,56,-437071118,100,0,114,0,"[-31,-1,-34,-3,-36,-4,-36,-6,-35,-8,-34,-7,-33,-8,-32,-9,-30,-8,-29,-8,-26,-7,-25,-7,-26,-7,-26,-6,-27,-7,-27,-7,-28,-6,-28,-7,-30,-7,-28,-6,-29,-8,-29,-6,-28,-5,-28,-5,-26,-6,-25,-6,-25,-5,-27,-4,0,0,-26,-5,-26,-5,-28,-5,-27,-6,-29,-8,-30,-9,-30,-8,-29,-10,-30,-10,-28,-9,-27,-10,-25,-11,-24,-10,-23,-10,-22,-10,-22,-10,-20,-9,-21,-10,-21,-9,-20,-9,-21,-10,-20,-10,-20,-11,-20,-11,-20,-10,-20,-11,-16,-11,-14,-9]"
CSI_DATA,264739,d8:b1:90:d9:de:f0,-65,11,-99,-35,67,56,-437050766,100,0,114,0,"[-23,-18,-25,-22,-25,-24,-26,-26,-25,-27,-24,-27,-21,-26,-19,-26,-19,-22,-18,-23,-17,-22,-16,-22,-16,-21,-16,-21,-17,-21,-18,-21,-18,-21,-18,-21,-20,-21,-19,-21,-21,-21,-21,-20,-20,-21,-19,-19,-19,-20,-18,-19,-17,-19,-18,-19,0,0,-18,-17,-18,-19,-19,-19,-20,-20,-21,-22,-20,-22,-20,-23,-20,-24,-20,-23,-19,-24,-18,-24,-15,-21,-14,-21,-13,-20,-13,-19,-13,-18,-11,-17,-12,-17,-13,-16,-12,-17,-13,-18,-12,-18,-11,-19,-11,-19,-11,-17,-10,-16,-7,-16,-7,-15]"
CSI_DATA,264740,d8:b1:90:d9:de:f0,-65,11,-99,-37,67,56,-437031651,100,0,114,0,"[27,-16,31,-17,33,-18,34,-17,33,-17,34,-17,31,-15,31,-15,29,-15,27,-15,25,-15,24,-14,25,-15,23,-16,22,-17,22,-17,22,-20,22,-20,22,-22,20,-21,20,-23,19,-24,18,-24,16,-25,17,-23,15,-23,14,-23,13,-23,0,0,13,-24,12,-24,12,-26,12,-28,12,-28,13,-29,12,-29,13,-29,11,-29,12,-27,12,-28,10,-27,10,-25,9,-24,9,-23,7,-22,6,-21,7,-21,6,-21,6,-20,6,-21,5,-21,4,-21,5,-22,6,-22,5,-20,4,-19,4,-16]"
CSI_DATA,264741,d8:b1:90:d9:de:f0,-65,11,-99,-37,67,56,-437021623,100,0,114,0,"[-19,-24,-19,-28,-19,-31,-20,-33,-19,-34,-17,-34,-15,-33,-15,-31,-14,-29,-13,-29,-13,-27,-13,-26,-13,-26,-12,-25,-13,-25,-13,-25,-15,-27,-13,-25,-15,-28,-16,-25,-16,-27,-17,-25,-16,-25,-15,-25,-15,-23,-15,-23,-15,-21,-16,-22,0,0,-15,-22,-15,-22,-16,-24,-17,-23,-17,-25,-16,-27,-15,-26,-16,-27,-15,-26,-14,-25,-14,-26,-12,-25,-12,-23,-10,-23,-11,-20,-10,-21,-9,-19,-8,-19,-9,-18,-8,-20,-8,-20,-9,-21,-9,-21,-9,-21,-7,-19,-8,-19,-5,-17,-5,-16]"
CSI_DATA,264742,d8:b1:90:d9:de:f0,-65,11,-99,-37,67,56,-437011515,100,0,114,0,"[8,31,7,34,7,38,8,38,9,41,8,38,7,38,7,34,9,32,8,31,9,29,10,30,10,27,11,27,12,27,13,26,15,26,16,26,17,25,18,25,19,24,20,23,21,22,22,21,21,20,21,19,21,18,21,16,0,0,24,14,23,15,24,14,27,15,26,14,26,15,27,14,29,15,28,13,28,13,27,13,25,13,24,12,23,10,22,8,21,8,21,8,20,5,21,5,21,5,21,6,21,5,22,6,22,5,21,3,19,3,17,4,16,3]"
CSI_DATA,264743,d8:b1:90:d9:de:f0,-65,11,-99,-36,67,56,-437001393,100,0,114,0,"[12,32,11,36,10,38,10,38,8,41,7,38,6,38,6,35,5,33,4,31,4,29,5,29,6,29,6,29,7,28,8,30,8,29,9,31,9,31,10,30,9,31,11,29,10,29,12,28,10,28,11,26,11,26,11,25,0,0,11,25,11,26,10,25,12,27,12,26,12,28,12,28,12,30,11,28,10,28,10,26,9,25,8,24,8,22,7,21,6,21,6,23,6,19,6,19,5,20,6,20,5,22,6,22,7,21,4,19,4,18,4,18,4,17]"
CSI_DATA,264744,d8:b1:90:d9:de:f0,-65,11,-99,-36,67,56,-436991339,100,0,114,0,"[16,30,16,33,14,37,13,39,11,40,9,39,7,37,5,36,5,32,4,32,4,30,4,30,2,31,2,31,3,30,2,30,2,31,1,31,2,32,1,31,1,32,2,31,1,31,1,30,0,29,1,29,0,27,0,26,0,0,-1,28,-2,28,-3,28,-3,28,-4,30,-5,30,-5,29,-7,31,-8,29,-9,28,-9,27,-10,25,-9,24,-10,21,-10,19,-10,19,-10,17,-12,17,-11,16,-12,17,-12,17,-13,17,-14,17,-14,16,-13,14,-13,13,-13,12,-13,11]"
CSI_DATA,264745,d8:b1:90:d9:de:f0,-65,11,-99,-37,67,56,-436981072,100,0,114,0,"[28,-19,31,-20,34,-21,37,-19,37,-19,34,-17,34,-15,32,-13,30,-14,29,-13,27,-14,27,-13,27,-14,25,-14,26,-14,25,-15,24,-17,27,-17,25,-17,25,-18,25,-17,24,-18,23,-18,22,-18,22,-19,21,-18,21,-18,21,-19,0,0,20,-17,19,-19,20,-19,21,-20,20,-19,21,-19,21,-20,22,-20,23,-19,23,-19,21,-17,19,-16,19,-15,18,-13,17,-14,17,-12,16,-11,16,-12,16,-12,18,-12,18,-11,16,-12,17,-12,17,-12,17,-11,16,-10,14,-10,14,-9]"
CSI_DATA,264746,d8:b1:90:d9:de:f0,-65,11,-99,-36,67,56,-436961180,100,0,114,0,"[29,17,31,18,32,21,33,23,35,24,33,24,29,24,30,22,28,19,28,19,27,17,25,18,26,16,26,15,26,15,26,13,28,13,29,13,30,12,29,10,29,10,29,8,28,8,28,6,28,7,26,6,26,5,27,3,0,0,25,1,25,3,27,3,26,2,28,3,27,2,28,3,28,3,28,2,27,2,24,4,24,3,23,3,22,5,21,2,20,2,18,2,19,1,19,0,19,1,21,2,19,1,18,3,20,3,20,2,19,2,16,3,16,2]"
CSI_DATA,264747,d8:b1:90:d9:de:f0,-66,11,-99,-34,67,56,-436941644,100,0,114,0,"[31,9,33,12,34,16,33,17,33,19,31,20,29,21,26,21,23,20,21,20,21,18,20,19,20,19,19,19,21,18,20,18,20,20,21,21,20,20,20,20,20,21,20,21,20,20,18,18,17,18,17,18,17,17,16,16,0,0,16,17,15,18,15,19,15,20,15,21,13,23,12,24,12,25,10,23,9,23,7,22,7,22,5,20,4,20,3,17,2,17,1,18,0,17,1,17,0,18,0,17,0,19,-1,19,-1,20,-1,17,-2,17,-5,16,-4,14]"
CSI_DATA,264748,d8:b1:90:d9:de:f0,-65,11,-99,-36,67,56,-436931620,100,0,114,0,"[8,-34,11,-36,12,-38,15,-39,15,-41,15,-39,15,-36,15,-34,12,-32,13,-31,11,-29,11,-30,12,-30,12,-29,11,-30,9,-29,8,-29,6,-31,6,-30,5,-30,5,-31,3,-31,3,-29,2,-30,2,-28,1,-26,2,-25,1,-26,0,0,-1,-25,1,-27,0,-26,-1,-28,-2,-28,1,-29,0,-28,1,-28,1,-26,2,-27,2,-25,3,-24,3,-22,2,-20,3,-20,2,-19,3,-19,3,-17,3,-18,3,-18,3,-19,3,-20,4,-21,5,-20,5,-18,5,-16,5,-17,5,-14]"
CSI_DATA,264749,d8:b1:90:d9:de:f0,-66,11,-99,-37,68,56,-436911482,100,0,114,0,"[8,33,8,36,6,38,5,40,5,39,4,39,3,37,3,35,4,33,2,32,3,29,4,28,5,27,5,28,6,28,7,26,8,27,9,27,10,26,10,25,11,26,12,25,11,23,12,22,12,22,12,21,12,20,14,21,0,0,12,19,13,20,13,19,14,19,13,20,13,20,14,22,12,21,13,20,12,19,11,19,11,19,11,18,10,17,10,15,8,15,8,15,7,13,8,15,8,14,8,15,8,16,8,16,7,18,7,16,6,15,5,16,4,14]"
CSI_DATA,264750,d8:b1:90:d9:de:f0,-66,9,-99,-34,67,56,-436892008,83,0,106,0,"[-2,13,-28,13,-73,13,-36,13,-75,13,-31,13,-20,13,-14,13,34,14,24,14,84,14,65,14,108,14,115,14,113,14,-84,14,106,14,-60,14,110,14,-60,14,-88,14,-46,14,-36,14,-33,14,21,0,16,0,0,0,0,0,62,0,-101,0,49,0,-29,0,15,0,10,0,-24,14,4,0,-43,14,-32,0,-23,14,-95,0,10,0,102,0,39,0,83,0,57,0,84,0,46,0,83,0,12,0,74,0,-33,14,46,0,-65,14]"
CSI_DATA,264751,d8:b1:90:d9:de:f0,-66,11,-99,-35,68,56,-436881648,100,0,114,0,"[-21,22,-25,23,-28,23,-29,23,-31,22,-30,21,-30,19,-28,19,-26,18,-25,17,-24,16,-23,15,-23,15,-21,14,-21,14,-20,15,-21,15,-21,16,-20,17,-20,16,-19,17,-18,17,-18,17,-16,16,-17,15,-15,15,-14,14,-15,15,0,0,-15,15,-15,14,-15,15,-15,14,-16,15,-17,15,-17,15,-18,13,-18,12,-19,11,-18,11,-18,10,-17,8,-17,7,-16,7,-15,6,-14,6,-15,6,-14,6,-16,6,-17,5,-17,5,-16,5,-17,2,-19,1,-18,1,-15,1,-14,0]"
CSI_DATA,264752,d8:b1:90:d9:de:f0,-66,11,-99,-36,68,56,-436871520,100,0,114,0,"[16,-28,18,-31,20,-33,21,-33,20,-32,20,-32,18,-30,17,-29,16,-27,14,-27,13,-25,12,-24,11,-24,9,-24,8,-24,7,-24,7,-26,6,-26,5,-27,3,-25,2,-26,0,-25,0,-24,0,-24,-1,-23,-2,-24,-2,-21,-2,-21,0,0,-3,-20,-5,-21,-4,-21,-5,-21,-5,-24,-5,-23,-6,-22,-4,-23,-6,-21,-4,-21,-4,-21,-3,-20,-4,-19,-3,-17,-3,-16,-3,-16,-3,-16,-3,-15,-3,-16,-3,-16,-4,-16,-5,-18,-4,-18,-3,-18,-2,-16,-1,-16,-1,-16,0,-14]"
CSI_DATA,264753,d8:b1:90:d9:de:f0,-67,11,-99,-34,68,56,-436849797,100,0,114,0,"[-21,-21,-21,-25,-21,-27,-21,-29,-21,-31,-21,-31,-20,-29,-16,-27,-16,-25,-15,-24,-15,-22,-14,-22,-13,-21,-14,-21,-15,-20,-14,-21,-15,-20,-15,-21,-16,-20,-15,-18,-16,-19,-15,-17,-15,-17,-15,-16,-15,-15,-14,-15,-13,-14,-13,-13,0,0,-13,-14,-12,-13,-12,-14,-14,-15,-14,-17,-12,-17,-13,-17,-11,-19,-11,-16,-10,-18,-10,-17,-8,-18,-8,-17,-7,-16,-6,-15,-5,-15,-5,-14,-5,-12,-5,-14,-5,-15,-5,-16,-5,-16,-5,-18,-4,-17,-3,-15,-2,-15,-1,-15,0,-14]"
CSI_DATA,264754,d8:b1:90:d9:de:f0,-67,11,-99,-37,69,56,-436836535,100,0,114,0,"[-20,-20,-21,-23,-22,-25,-22,-26,-22,-26,-22,-26,-21,-24,-20,-23,-20,-20,-19,-19,-17,-17,-18,-17,-18,-16,-18,-15,-19,-14,-20,-14,-19,-13,-20,-12,-20,-11,-20,-10,-21,-9,-21,-8,-20,-8,-19,-7,-18,-5,-18,-5,-18,-5,-18,-4,0,0,-18,-2,-17,-3,-18,-4,-21,-4,-22,-4,-22,-4,-22,-4,-22,-4,-22,-4,-22,-3,-20,-4,-19,-4,-17,-5,-17,-4,-17,-4,-16,-3,-14,-3,-16,-2,-16,-2,-16,-2,-17,-2,-17,-2,-18,-3,-18,-4,-17,-2,-17,-3,-14,-4,-13,-3]"
CSI_DATA,264755,d8:b1:90:d9:de:f0,-67,11,-99,-36,69,56,-436821447,100,0,114,0,"[18,-22,20,-23,23,-23,23,-23,23,-24,23,-23,22,-22,21,-20,19,-19,19,-19,18,-19,17,-18,16,-18,15,-18,14,-18,13,-18,13,-18,13,-19,13,-19,13,-19,11,-19,11,-19,10,-18,9,-19,11,-18,9,-17,9,-17,8,-17,0,0,7,-16,7,-18,7,-18,8,-19,9,-19,10,-20,10,-20,11,-19,11,-19,13,-19,11,-19,11,-17,11,-15,9,-15,10,-15,11,-14,10,-15,10,-14,9,-15,10,-14,10,-15,10,-15,9,-15,9,-15,11,-14,11,-13,9,-12,9,-10]"
CSI_DATA,264756,d8:b1:90:d9:de:f0,-67,11,-99,-34,68,56,-436801654,100,0,114,0,"[-7,-28,-7,-31,-7,-33,-6,-33,-8,-34,-8,-32,-8,-31,-7,-29,-7,-27,-7,-26,-7,-24,-8,-23,-9,-22,-8,-21,-10,-23,-10,-21,-11,-21,-11,-21,-11,-21,-12,-18,-14,-19,-14,-19,-13,-17,-13,-16,-14,-16,-14,-15,-13,-15,-13,-15,0,0,-14,-13,-14,-15,-15,-15,-15,-15,-17,-15,-17,-17,-17,-16,-17,-18,-16,-15,-17,-15,-16,-15,-15,-16,-16,-15,-15,-13,-15,-13,-15,-13,-13,-12,-13,-11,-15,-11,-14,-12,-16,-12,-16,-11,-16,-12,-15,-12,-15,-11,-14,-10,-13,-11,-11,-10]"
CSI_DATA,264757,d8:b1:90:d9:de:f0,-67,11,-99,-36,69,56,-436791625,100,0,114,0,"[-27,0,-30,-2,-31,-2,-33,-4,-30,-5,-31,-5,-29,-7,-28,-6,-26,-5,-24,-5,-23,-5,-22,-5,-23,-4,-22,-4,-23,-3,-22,-3,-23,-4,-22,-3,-23,-3,-22,-2,-22,-3,-21,-3,-21,-2,-21,-3,-19,-2,-19,-2,-19,-2,-19,-1,0,0,-21,-3,-18,-3,-19,-3,-20,-3,-21,-4,-23,-6,-22,-6,-22,-7,-22,-7,-22,-7,-22,-7,-20,-7,-21,-7,-19,-7,-19,-7,-18,-7,-15,-7,-16,-7,-17,-8,-16,-7,-18,-7,-16,-9,-17,-8,-19,-8,-17,-8,-16,-8,-13,-8,-12,-9]"
CSI_DATA,264758,d8:b1:90:d9:de:f0,-66,9,-99,-35,67,56,-436772832,124,0,106,0,"[60,0,37,0,118,0,6,0,-122,0,5,0,87,0,26,0,31,0,37,0,-20,0,29,0,-65,0,10,0,-89,0,-12,14,-102,0,-33,14,-119,0,-30,14,89,0,-13,14,26,0,14,0,-52,14,12,0,0,0,0,0,71,14,-68,14,28,14,113,14,28,14,54,14,45,14,29,14,69,14,38,14,94,14,87,14,111,14,-115,14,108,14,-81,14,121,14,-67,14,-118,14,-63,14,-80,14,-54,14,-30,14,-32,14,23,0]"
CSI_DATA,264759,d8:b1:90:d9:de:f0,-66,11,-99,-36,68,56,-436760549,100,0,114,0,"[17,-22,20,-23,24,-24,24,-23,24,-24,23,-23,23,-21,21,-19,18,-20,19,-19,17,-19,17,-19,16,-18,15,-18,14,-19,14,-19,13,-19,15,-21,13,-20,13,-20,13,-21,11,-21,11,-20,9,-21,11,-20,8,-19,9,-19,8,-19,0,0,8,-20,8,-22,8,-22,9,-22,9,-23,10,-24,9,-25,10,-25,10,-24,11,-25,9,-24,9,-24,8,-24,8,-22,8,-21,8,-20,8,-20,7,-19,7,-19,6,-21,5,-21,5,-22,4,-22,4,-21,6,-21,4,-19,4,-18,3,-15]"
CSI_DATA,264760,d8:b1:90:d9:de:f0,-66,11,-99,-35,68,56,-436739123,100,0,114,0,"[-16,21,-19,22,-20,24,-22,23,-23,23,-23,21,-23,19,-22,19,-20,18,-19,16,-19,15,-18,14,-18,15,-18,15,-17,14,-17,15,-18,15,-18,16,-19,17,-18,17,-18,17,-18,16,-18,15,-17,16,-17,15,-15,14,-15,15,-16,14,0,0,-16,15,-15,15,-17,17,-18,17,-19,18,-21,16,-21,17,-21,17,-22,17,-22,16,-20,17,-21,15,-19,14,-19,13,-19,12,-19,12,-16,12,-18,11,-18,11,-19,11,-18,11,-19,12,-17,12,-19,12,-19,12,-18,10,-16,10,-15,8]"
CSI_DATA,264761,d8:b1:90:d9:de:f0,-66,11,-99,-34,67,56,-436721639,100,0,114,0,"[19,-19,21,-21,25,-23,27,-22,27,-20,27,-18,26,-17,25,-16,24,-16,22,-16,21,-14,20,-14,20,-15,21,-16,20,-15,20,-16,20,-16,20,-15,20,-16,20,-16,20,-16,20,-16,19,-16,19,-16,19,-15,18,-16,16,-16,18,-16,0,0,20,-18,18,-16,20,-17,21,-18,23,-18,24,-18,24,-17,24,-18,25,-17,25,-17,24,-16,23,-16,22,-16,21,-15,20,-13,20,-13,18,-12,18,-13,19,-13,19,-13,19,-13,18,-14,17,-15,18,-14,20,-13,19,-12,16,-11,15,-9]"
CSI_DATA,264762,d8:b1:90:d9:de:f0,-65,11,-99,-35,67,56,-436711644,100,0,114,0,"[3,29,1,32,0,34,-1,34,-2,35,-3,34,-4,33,-5,31,-4,29,-6,28,-6,26,-7,25,-8,25,-8,26,-8,24,-8,26,-8,25,-10,25,-10,25,-11,26,-9,26,-9,27,-11,26,-9,25,-11,24,-11,22,-11,22,-13,23,0,0,-13,23,-13,24,-15,23,-16,24,-17,25,-19,25,-20,25,-20,24,-21,23,-22,22,-22,21,-22,19,-21,17,-20,16,-20,14,-19,14,-19,13,-19,12,-19,12,-21,12,-20,12,-20,13,-20,12,-21,10,-22,10,-20,8,-19,8,-16,6]"
CSI_DATA,264763,d8:b1:90:d9:de:f0,-65,11,-99,-36,67,56,-436690042,100,0,114,0,"[25,-16,28,-18,31,-19,32,-17,31,-16,31,-15,29,-13,29,-14,27,-14,26,-14,25,-13,23,-13,23,-13,23,-14,23,-16,23,-15,23,-16,23,-16,24,-16,23,-17,23,-19,22,-19,21,-19,21,-19,21,-19,19,-19,19,-19,18,-20,0,0,18,-21,18,-21,20,-22,20,-23,20,-24,22,-25,21,-24,22,-26,23,-25,22,-26,21,-24,19,-24,18,-22,17,-20,18,-19,17,-18,15,-19,15,-20,15,-19,15,-20,14,-20,14,-21,12,-20,14,-20,14,-20,13,-19,11,-17,11,-16]"
CSI_DATA,264764,d8:b1:90:d9:de:f0,-64,11,-99,-35,66,56,-436671587,100,0,114,0,"[1,31,-1,34,-3,38,-5,38,-5,38,-7,38,-7,35,-7,34,-7,32,-7,31,-7,29,-6,28,-6,28,-6,29,-5,28,-4,29,-5,31,-7,31,-6,31,-5,31,-5,32,-4,31,-4,31,-4,31,-4,30,-3,29,-4,29,-4,29,0,0,-3,29,-4,29,-4,31,-4,32,-6,32,-6,34,-7,34,-7,35,-9,34,-9,32,-9,33,-8,30,-8,29,-8,29,-9,25,-8,23,-7,23,-8,22,-7,23,-9,22,-8,22,-7,25,-6,25,-7,25,-8,22,-8,21,-7,20,-7,17]"
CSI_DATA,264765,d8:b1:90:d9:de:f0,-65,11,-99,-34,66,56,-436651640,100,0,114,0,"[27,13,30,16,31,19,32,21,30,21,29,20,29,21,27,19,27,19,26,18,24,18,25,16,25,14,24,14,24,16,25,14,26,14,27,14,27,13,28,11,28,14,29,13,28,12,28,12,27,11,27,10,28,9,28,8,0,0,29,9,28,9,29,8,31,9,30,10,31,11,32,11,32,13,32,12,32,12,32,10,30,12,28,10,27,10,25,10,23,9,23,8,22,7,22,7,21,8,24,8,24,8,24,7,24,7,24,6,22,6,19,7,19,6]"
CSI_DATA,264766,d8:b1:90:d9:de:f0,-65,11,-99,-37,67,56,-436641357,100,0,114,0,"[-28,-10,-31,-12,-33,-12,-34,-12,-33,-12,-32,-12,-32,-11,-30,-10,-30,-8,-28,-8,-27,-7,-26,-6,-28,-5,-28,-3,-28,-3,-29,-1,-29,1,-30,1,-30,2,-30,5,-29,4,-29,7,-28,6,-28,8,-28,10,-26,9,-26,10,-25,11,0,0,-24,14,-25,14,-25,15,-28,17,-27,18,-28,19,-28,19,-27,19,-27,19,-26,20,-25,20,-22,18,-21,18,-18,17,-19,17,-18,16,-16,17,-14,17,-14,17,-14,19,-13,19,-13,19,-12,19,-13,20,-12,22,-11,19,-9,18,-8,16]"
CSI_DATA,264767,d8:b1:90:d9:de:f0,-64,11,-99,-35,66,56,-436621427,100,0,114,0,"[-15,29,-17,30,-20,31,-22,31,-22,32,-23,29,-23,28,-22,27,-21,25,-21,23,-20,22,-20,22,-20,22,-21,21,-20,21,-20,21,-20,22,-22,23,-22,22,-21,23,-22,25,-21,25,-20,23,-19,23,-21,25,-21,22,-20,22,-20,22,0,0,-21,21,-21,22,-21,22,-25,22,-23,22,-26,23,-27,23,-28,23,-28,21,-30,21,-29,19,-27,17,-26,16,-25,14,-23,14,-21,10,-20,11,-20,10,-21,11,-21,10,-21,11,-21,11,-21,10,-22,9,-22,9,-21,7,-19,8,-17,6]"
CSI_DATA,264768,d8:b1:90:d9:de:f0,-64,11,-99,-35,66,56,-436600745,100,0,114,0,"[-27,19,-30,19,-33,18,-34,19,-34,15,-34,14,-33,13,-33,11,-33,11,-31,11,-29,9,-29,8,-29,9,-27,8,-28,8,-29,8,-30,9,-31,8,-31,8,-30,10,-31,8,-30,9,-30,9,-29,9,-29,9,-27,9,-28,8,-28,9,0,0,-29,7,-28,7,-30,6,-31,7,-33,5,-34,5,-34,4,-33,3,-34,1,-33,1,-32,1,-29,-1,-27,-1,-27,-1,-26,-2,-25,-4,-21,-2,-22,-3,-22,-3,-22,-3,-23,-4,-21,-5,-21,-4,-23,-5,-22,-5,-21,-5,-18,-5,-17,-5]"
CSI_DATA,264769,d8:b1:90:d9:de:f0,-64,11,-99,-35,66,56,-436590024,100,0,114,0,"[-32,-4,-35,-6,-38,-7,-39,-8,-40,-10,-38,-10,-35,-11,-34,-10,-32,-9,-32,-8,-31,-8,-30,-8,-29,-7,-29,-7,-29,-6,-30,-5,-31,-6,-32,-6,-32,-5,-32,-3,-32,-4,-32,-3,-32,-2,-31,-1,-31,-2,-30,-3,-31,0,-31,0,0,0,-29,0,-31,0,-32,-1,-34,0,-33,-1,-35,-2,-35,-2,-35,-3,-34,-3,-33,-2,-32,-3,-29,-5,-28,-4,-26,-3,-26,-4,-23,-4,-23,-4,-22,-2,-22,-3,-22,-2,-22,-2,-23,-3,-21,-3,-23,-3,-23,-2,-22,-2,-20,-4,-17,-2]"
CSI_DATA,264770,d8:b1:90:d9:de:f0,-64,11,-99,-36,66,56,-436571549,100,0,114,0,"[-3,-33,-1,-37,0,-39,2,-41,3,-43,5,-41,5,-39,6,-38,6,-34,6,-33,6,-33,6,-32,7,-31,6,-31,6,-32,6,-32,6,-33,7,-33,6,-33,6,-33,5,-33,6,-32,5,-33,5,-32,5,-32,4,-30,5,-31,6,-30,0,0,5,-31,7,-31,8,-30,8,-32,10,-32,11,-32,11,-32,13,-34,14,-32,15,-32,15,-30,14,-26,14,-25,13,-23,14,-21,14,-19,13,-19,14,-17,13,-17,14,-17,15,-17,15,-17,14,-17,15,-17,16,-16,15,-15,13,-14,13,-12]"
CSI_DATA,264771,d8:b1:90:d9:de:f0,-64,11,-99,-35,66,56,-436560467,100,0,114,0,"[-8,34,-10,38,-14,39,-15,40,-15,39,-16,37,-16,34,-16,34,-14,31,-14,30,-13,29,-13,28,-13,28,-13,28,-11,29,-11,29,-11,31,-11,32,-13,32,-10,32,-10,33,-8,33,-9,31,-6,31,-8,31,-8,29,-7,29,-7,31,0,0,-8,30,-7,30,-8,32,-9,32,-9,33,-10,33,-10,33,-11,32,-11,31,-13,30,-13,29,-13,26,-11,25,-10,23,-11,20,-13,21,-10,20,-11,20,-11,20,-11,19,-10,19,-11,21,-9,21,-11,20,-13,18,-11,18,-10,18,-9,16]"
CSI_DATA,264772,d8:b1:90:d9:de:f0,-65,11,-99,-34,66,56,-436541594,100,0,114,0,"[-11,-31,-11,-33,-11,-36,-11,-37,-11,-39,-10,-37,-11,-37,-10,-33,-11,-31,-12,-30,-12,-27,-12,-28,-13,-27,-14,-26,-15,-26,-15,-25,-18,-25,-20,-25,-21,-23,-22,-23,-23,-23,-25,-21,-25,-20,-26,-18,-25,-18,-25,-16,-26,-15,-27,-13,0,0,-26,-13,-27,-12,-27,-11,-30,-11,-29,-12,-29,-13,-31,-12,-31,-12,-29,-11,-29,-10,-28,-10,-26,-11,-25,-10,-23,-9,-24,-8,-21,-7,-22,-6,-20,-5,-21,-4,-21,-4,-22,-4,-22,-3,-23,-4,-23,-4,-22,-2,-21,-2,-19,-4,-18,-3]"
CSI_DATA,264773,d8:b1:90:d9:de:f0,-65,11,-99,-35,66,56,-436531434,100,0,114,0,"[-33,7,-38,7,-40,4,-41,4,-41,4,-40,2,-38,1,-37,1,-35,2,-34,2,-32,2,-31,3,-31,2,-31,3,-30,3,-31,2,-32,4,-33,5,-33,6,-33,6,-32,6,-32,8,-31,8,-31,9,-30,8,-29,7,-29,8,-30,9,0,0,-29,8,-27,9,-28,8,-31,8,-31,8,-32,8,-32,8,-32,8,-32,8,-31,6,-30,5,-27,4,-26,2,-25,3,-23,3,-22,2,-21,2,-21,3,-20,2,-22,2,-22,2,-21,2,-21,2,-22,1,-22,1,-21,1,-18,1,-17,0]"
CSI_DATA,264774,d8:b1:90:d9:de:f0,-65,11,-99,-37,67,56,-436511529,100,0,114,0,"[-19,26,-21,28,-24,29,-26,30,-26,28,-26,29,-23,26,-23,25,-22,24,-22,23,-20,24,-18,22,-18,23,-17,24,-16,24,-16,24,-16,27,-15,26,-16,27,-14,28,-13,29,-12,29,-11,29,-11,29,-10,26,-8,27,-8,27,-10,27,0,0,-8,26,-7,27,-8,29,-9,29,-8,29,-9,30,-9,29,-10,31,-10,29,-10,28,-10,28,-9,25,-9,24,-8,22,-8,20,-9,19,-8,17,-8,18,-8,19,-9,18,-8,18,-7,19,-6,19,-6,20,-7,19,-7,17,-6,16,-5,15]"
CSI_DATA,264775,d8:b1:90:d9:de:f0,-66,11,-99,-34,67,56,-436491376,100,0,114,0,"[-13,-28,-13,-31,-14,-33,-13,-34,-13,-33,-13,-33,-11,-32,-11,-31,-11,-29,-10,-27,-11,-25,-11,-25,-12,-25,-12,-25,-14,-24,-14,-23,-16,-24,-16,-23,-17,-23,-17,-22,-20,-23,-19,-21,-19,-20,-20,-18,-20,-18,-20,-17,-19,-16,-20,-15,0,0,-20,-15,-20,-16,-21,-15,-22,-16,-22,-16,-21,-16,-22,-16,-22,-18,-21,-16,-20,-16,-20,-16,-18,-16,-16,-14,-16,-15,-15,-13,-16,-14,-14,-12,-14,-11,-14,-10,-15,-11,-15,-11,-16,-11,-16,-12,-16,-13,-16,-11,-15,-10,-13,-11,-11,-10]"
CSI_DATA,264776,d8:b1:90:d9:de:f0,-65,11,-99,-35,67,56,-436480697,100,0,114,0,"[6,-31,8,-34,12,-35,16,-34,16,-34,17,-34,19,-30,19,-29,18,-28,17,-25,16,-23,16,-23,17,-22,15,-24,15,-24,15,-24,16,-23,18,-24,18,-24,17,-24,17,-24,16,-24,16,-22,14,-23,16,-23,15,-22,14,-20,15,-20,0,0,17,-20,17,-20,19,-20,20,-19,20,-19,22,-19,22,-18,23,-17,23,-15,23,-14,23,-13,21,-12,20,-9,20,-8,19,-6,19,-5,19,-4,18,-4,19,-3,19,-3,20,-2,19,-3,18,-2,20,-2,20,0,19,0,17,0,15,0]"
CSI_DATA,264777,d8:b1:90:d9:de:f0,-66,11,-99,-34,67,56,-436461539,100,0,114,0,"[31,-7,33,-6,36,-6,37,-5,38,-4,37,-3,36,-1,33,-1,32,-3,31,-2,28,-2,28,-1,27,-3,27,-3,28,-3,27,-4,28,-5,29,-6,30,-6,28,-8,28,-7,28,-9,26,-9,25,-9,25,-9,24,-10,24,-9,24,-10,0,0,24,-11,23,-9,24,-11,24,-10,25,-9,27,-9,26,-8,26,-7,28,-7,27,-7,25,-6,23,-2,22,-4,20,-3,19,-3,19,-2,18,-2,18,-2,18,-2,19,-1,19,-1,18,-1,18,-1,18,-1,20,-1,18,-1,16,0,14,0]"
CSI_DATA,264778,d8:b1:90:d9:de:f0,-66,11,-99,-37,68,56,-436451531,100,0,114,0,"[11,-28,14,-31,16,-32,19,-33,21,-31,21,-30,20,-26,21,-25,19,-24,19,-22,18,-21,18,-20,18,-20,17,-19,17,-20,18,-20,18,-21,20,-20,19,-22,18,-21,19,-21,19,-21,19,-19,17,-20,18,-19,17,-19,16,-18,18,-18,0,0,19,-17,18,-17,21,-17,21,-15,22,-14,22,-15,22,-12,23,-12,24,-11,25,-11,22,-10,22,-6,20,-6,21,-4,18,-3,18,-3,17,-3,18,-3,18,-1,18,-1,18,0,18,0,17,0,18,0,19,1,19,1,16,2,13,2]"
CSI_DATA,264779,d8:b1:90:d9:de:f0,-66,11,-99,-34,67,56,-436441476,100,0,114,0,"[32,1,34,2,37,3,38,4,37,5,37,5,34,6,33,5,30,3,30,4,28,4,27,2,28,2,28,1,27,0,27,0,29,0,30,0,29,-1,29,-3,29,-3,27,-3,26,-4,26,-5,25,-5,25,-6,23,-6,24,-6,0,0,25,-7,23,-7,24,-7,24,-7,25,-6,25,-6,26,-5,26,-5,26,-5,25,-4,25,-4,21,-2,21,-2,19,-2,18,-2,19,-1,17,-2,17,-2,17,-2,18,-1,19,-1,17,-1,17,0,19,-1,19,-1,18,0,16,0,14,0]"
CSI_DATA,264780,d8:b1:90:d9:de:f0,-66,11,-99,-36,68,56,-436427503,100,0,114,0,"[30,5,32,7,34,8,35,8,35,10,34,9,32,9,31,8,29,6,28,6,26,4,25,5,26,3,26,0,26,1,26,0,26,-1,26,0,27,-2,26,-3,26,-3,25,-5,24,-6,24,-7,23,-8,23,-8,23,-9,22,-8,0,0,21,-10,21,-8,21,-10,21,-10,22,-9,23,-9,22,-10,24,-10,24,-10,23,-11,22,-9,20,-8,17,-8,17,-8,17,-6,16,-6,16,-6,16,-7,16,-7,16,-7,16,-8,16,-8,15,-7,16,-8,17,-8,16,-8,13,-7,11,-5]"
CSI_DATA,264781,d8:b1:90:d9:de:f0,-66,11,-99,-36,68,56,-436411655,100,0,114,0,"[-11,-28,-12,-32,-9,-33,-9,-35,-8,-35,-8,-36,-7,-33,-4,-32,-6,-29,-4,-27,-5,-26,-5,-24,-4,-26,-4,-24,-7,-24,-5,-24,-7,-25,-6,-25,-7,-26,-8,-24,-8,-26,-9,-25,-8,-24,-9,-24,-8,-23,-9,-24,-8,-22,-8,-22,0,0,-8,-20,-8,-23,-8,-23,-8,-23,-8,-24,-7,-25,-6,-24,-6,-26,-5,-25,-2,-24,-2,-23,-1,-23,0,-21,0,-20,0,-18,0,-17,0,-16,0,-16,0,-16,0,-17,0,-17,0,-19,0,-18,1,-18,1,-16,2,-16,3,-16,2,-14]"
CSI_DATA,264782,d8:b1:90:d9:de:f0,-65,11,-99,-36,67,56,-436401619,100,0,228,0,"[-8,-23,-5,-28,-2,-32,2,-34,4,-38,6,-37,7,-37,-70,-1,7,-31,6,-27,6,-25,7,-22,6,-18,7,-15,8,-13,9,-10,11,-8,12,-6,13,-5,13,-3,12,-4,-21,-10,9,-3,6,-3,3,-3,0,-3,-4,-1,-6,0,0,0,-13,5,-15,7,-17,10,-19,14,-20,16,-20,18,25,15,-19,19,-17,18,-15,16,-14,14,-12,10,-11,7,-10,4,-9,2,-9,1,-8,-2,-9,-3,-9,-2,-8,-2,-95,15,-7,0,-7,2,-6,5,-3,7,-2,8,0,9,1,10,-2,11,7,13,15,7,17,-5,11,-16,-2,-20,-13,-15,-11,-39,-18,9,-9,20,6,23,21,13,26,-5,16,-23,-6,-29,-26,-16,-29,8,-15,26,8,26,24,11,22,-7,20,-22,-5,-15,-11,-6,-11,0,-7,6,-3,9,3,9,0,0,10,-2,5,-10,-4,-11,-10,-3,-8,7,2,10,-11,20,5,-8,-7,-10,-14,2,-8,15,7,16,18,5,15,-11,2,-19,-12,-13,-17,1,-11,12,2,14,9,9,2,-1,6,-6,1,-7,-1,-5,-2,-3,-3,-3,-4,-1,-4,2]"
CSI_DATA,264783,d8:b1:90:d9:de:f0,-66,11,-99,-35,67,56,-436390436,100,0,228,0,"[0,-23,4,-27,8,-30,11,-32,15,-33,15,-32,16,-32,-68,0,14,-28,13,-25,12,-21,11,-18,11,-15,10,-12,10,-8,11,-6,11,-3,12,-2,14,0,13,0,13,0,-20,-9,9,-1,7,-1,3,-1,0,-1,-2,0,-6,0,0,0,-11,2,-14,5,-17,8,-20,11,-20,13,-21,16,15,14,-18,17,-17,16,-14,13,-13,11,-11,8,-10,5,-9,2,-8,0,-7,0,-7,0,-7,-1,-7,-1,-7,-1,-95,14,-7,0,-5,1,-4,4,-2,6,0,8,0,8,2,8,-5,10,2,14,13,10,18,0,15,-13,3,-18,-8,-17,0,-37,-19,3,-13,15,0,22,17,17,26,0,19,-18,0,-28,-20,-20,-29,0,-18,22,2,27,20,15,21,-3,23,-15,0,-14,-7,-8,-9,-1,-8,3,-4,7,0,9,0,0,9,0,7,-9,-1,-11,-9,-4,-7,4,0,8,-12,20,3,-7,-6,-8,-14,0,-7,13,6,15,17,4,14,-9,1,-18,-12,-12,-16,0,-9,11,0,13,10,7,1,0,4,-5,0,-6,0,-4,-1,-2,-3,-2,-4,0,-2,2]"
CSI_DATA,264784,d8:b1:90:d9:de:f0,-65,11,-99,-36,67,56,-436371635,100,0,228,0,"[23,8,26,13,28,17,30,21,30,23,30,24,28,23,-70,-1,25,20,22,17,20,16,18,14,15,13,13,12,9,11,7,12,5,13,4,14,3,15,3,14,3,14,-21,-10,3,10,3,7,2,4,1,0,0,-3,-3,-5,0,0,-9,-10,-13,-10,-16,-11,-20,-11,-23,-10,-24,-9,-37,14,-26,-5,-24,-5,-22,-4,-18,-3,-14,-4,-11,-4,-9,-4,-7,-6,-6,-7,-5,-7,-5,-7,-5,-7,-5,-6,-65,15,-6,-4,-7,0,-6,2,-5,3,-4,7,-2,9,0,9,-8,-9,-16,-1,-14,11,-5,18,9,17,18,8,20,-6,39,5,-1,-21,-15,-17,-23,-1,-19,16,-1,26,19,20,30,-1,20,-23,-3,-30,-23,-16,-27,6,-12,22,7,21,19,20,15,-5,7,-11,0,-10,-6,-8,-9,-3,-10,4,0,0,5,10,12,3,9,-6,-1,-10,-9,-4,-7,5,-23,1,9,-1,2,-10,-10,-9,-15,4,-8,17,9,17,19,3,14,-13,-1,-18,-13,-10,-15,3,-7,12,3,12,4,-1,8,-1,4,-3,1,-4,1,-4,-2,-4,-5,-3,-4,1]"
CSI_DATA,264785,d8:b1:90:d9:de:f0,-66,11,-99,-35,68,56,-436361644,100,0,114,0,"[27,11,29,14,31,18,30,19,32,20,30,21,26,20,25,20,23,19,21,19,19,17,19,17,19,17,19,17,19,16,19,17,20,17,20,17,21,17,19,15,19,16,21,13,20,15,19,13,18,14,19,14,17,14,18,14,0,0,17,12,18,14,18,15,17,16,18,18,17,19,16,19,15,19,14,20,12,19,11,19,9,20,8,19,8,19,7,16,6,15,6,15,6,15,6,15,6,16,5,16,5,17,5,18,3,18,3,16,1,16,1,15,0,12]"
CSI_DATA,264786,d8:b1:90:d9:de:f0,-66,11,-99,-35,68,56,-436351509,100,0,114,0,"[18,-25,19,-26,21,-28,22,-27,22,-29,22,-27,22,-26,22,-25,19,-23,19,-21,16,-21,15,-20,15,-21,14,-21,12,-22,12,-22,11,-23,12,-24,9,-24,10,-24,9,-24,6,-25,7,-24,5,-23,6,-22,5,-22,3,-21,3,-23,0,0,4,-21,2,-21,2,-22,3,-24,2,-24,4,-24,3,-25,4,-24,4,-23,5,-23,4,-20,4,-21,5,-19,4,-18,5,-16,4,-16,4,-17,3,-15,3,-15,4,-16,3,-16,2,-17,2,-17,3,-17,4,-16,4,-15,2,-15,2,-13]"
CSI_DATA,264787,d8:b1:90:d9:de:f0,-67,11,-99,-34,68,56,-436324979,100,0,114,0,"[22,-19,25,-21,26,-21,28,-21,29,-21,29,-21,27,-20,26,-18,24,-16,21,-16,21,-15,20,-14,20,-15,18,-15,19,-16,17,-17,18,-18,18,-17,16,-18,16,-20,16,-20,15,-19,14,-19,12,-19,13,-19,12,-18,11,-18,10,-18,0,0,13,-19,11,-18,12,-20,12,-21,12,-21,13,-20,14,-19,13,-20,15,-18,15,-18,15,-16,13,-16,12,-15,11,-13,12,-12,11,-12,10,-12,11,-12,10,-12,11,-12,12,-12,10,-13,10,-14,10,-14,12,-13,11,-11,10,-10,9,-10]"
CSI_DATA,264788,d8:b1:90:d9:de:f0,-67,11,-99,-36,69,56,-436311654,100,0,114,0,"[-10,-27,-10,-28,-11,-29,-11,-30,-11,-30,-10,-30,-10,-27,-10,-27,-11,-25,-10,-23,-11,-21,-11,-20,-12,-19,-13,-19,-14,-18,-14,-18,-15,-16,-15,-16,-16,-16,-16,-13,-19,-14,-19,-13,-18,-11,-19,-11,-19,-9,-18,-9,-19,-8,-18,-7,0,0,-19,-5,-18,-6,-19,-5,-19,-5,-23,-6,-21,-5,-22,-5,-22,-7,-21,-5,-21,-4,-20,-4,-19,-5,-19,-4,-17,-4,-16,-2,-15,-3,-15,-1,-16,-1,-15,0,-15,-1,-16,0,-15,0,-16,-1,-17,0,-16,0,-15,0,-14,0,-12,0]"
CSI_DATA,264789,d8:b1:90:d9:de:f0,-67,11,-99,-36,69,56,-436301627,100,0,114,0,"[-27,7,-30,5,-33,4,-32,3,-34,3,-30,3,-31,2,-28,2,-27,3,-26,1,-24,2,-24,2,-23,3,-23,4,-22,3,-22,4,-22,5,-23,7,-21,7,-22,7,-21,7,-21,7,-19,7,-19,8,-19,8,-19,8,-18,7,-18,10,0,0,-17,7,-17,9,-17,10,-19,10,-19,9,-20,9,-22,9,-21,8,-21,8,-22,7,-20,7,-19,6,-18,6,-16,3,-18,5,-15,4,-15,5,-15,5,-15,4,-15,4,-16,4,-15,4,-15,4,-16,4,-18,3,-15,3,-13,3,-11,3]"
CSI_DATA,264790,d8:b1:90:d9:de:f0,-67,11,-99,-34,68,56,-436291320,100,0,114,0,"[27,9,31,10,31,11,33,11,33,12,31,10,31,10,29,9,28,8,27,7,26,5,24,5,25,3,24,1,24,0,24,0,25,-1,26,-1,24,-3,24,-5,23,-5,23,-7,22,-6,21,-8,20,-8,20,-9,17,-10,18,-10,0,0,17,-10,16,-12,16,-12,19,-14,19,-14,20,-15,20,-15,19,-14,20,-15,18,-15,18,-15,15,-13,15,-13,14,-12,14,-13,12,-11,13,-13,12,-13,11,-13,11,-12,11,-13,10,-13,10,-13,11,-14,10,-15,10,-13,9,-12,7,-10]"
CSI_DATA,264791,d8:b1:90:d9:de:f0,-67,11,-99,-32,68,56,-436271713,100,0,114,0,"[-3,27,-5,30,-7,32,-7,33,-9,33,-10,31,-9,30,-9,28,-9,27,-9,25,-7,23,-8,23,-7,22,-8,23,-7,22,-7,23,-7,22,-7,23,-7,23,-6,23,-4,23,-4,23,-5,21,-4,20,-4,21,-4,21,-5,19,-4,19,0,0,-5,20,-5,19,-6,19,-5,20,-6,20,-8,22,-8,21,-9,20,-9,19,-11,19,-10,18,-10,17,-10,15,-9,15,-11,15,-10,12,-8,11,-9,13,-10,13,-9,11,-11,11,-11,14,-9,13,-11,13,-11,10,-11,10,-11,10,-9,8]"
CSI_DATA,264792,d8:b1:90:d9:de:f0,-67,11,-99,-34,68,56,-436261524,100,0,114,0,"[-14,-25,-16,-27,-16,-30,-17,-31,-17,-32,-16,-31,-15,-30,-15,-27,-15,-25,-14,-24,-14,-22,-14,-21,-14,-20,-15,-18,-15,-19,-15,-18,-17,-18,-17,-18,-18,-16,-18,-15,-20,-15,-20,-15,-18,-15,-18,-12,-19,-11,-19,-11,-19,-10,-19,-9,0,0,-18,-10,-19,-7,-19,-7,-21,-9,-21,-10,-21,-10,-21,-10,-20,-11,-20,-9,-20,-10,-20,-9,-17,-10,-18,-10,-16,-8,-16,-7,-15,-7,-15,-6,-15,-5,-15,-6,-15,-5,-16,-5,-16,-6,-15,-7,-16,-6,-16,-5,-15,-5,-12,-6,-11,-4]"
CSI_DATA,264793,d8:b1:90:d9:de:f0,-67,11,-99,-33,68,56,-436251506,100,0,114,0,"[28,8,31,11,31,13,31,15,31,17,30,15,27,15,26,16,24,14,24,14,22,13,21,13,21,12,20,12,21,11,21,11,22,11,21,11,22,10,22,11,22,9,22,9,21,9,20,8,21,8,20,9,19,8,19,7,0,0,19,8,19,8,20,8,20,9,20,10,21,12,19,12,20,13,20,13,19,12,18,13,17,13,15,12,15,13,14,11,13,10,12,10,13,10,13,10,12,10,12,10,12,12,12,12,13,13,13,12,12,12,9,12,8,8]"
CSI_DATA,264794,d8:b1:90:d9:de:f0,-67,11,-99,-34,68,56,-436231454,100,0,114,0,"[-17,-25,-17,-26,-16,-30,-16,-31,-16,-32,-15,-31,-13,-31,-11,-28,-11,-26,-12,-25,-10,-23,-11,-23,-11,-21,-10,-22,-12,-21,-12,-21,-13,-21,-13,-21,-14,-21,-13,-21,-12,-21,-14,-18,-13,-19,-13,-18,-14,-17,-13,-17,-14,-15,-12,-15,0,0,-13,-16,-13,-15,-14,-15,-15,-16,-13,-18,-12,-19,-15,-19,-12,-19,-13,-19,-12,-19,-11,-19,-10,-18,-9,-17,-9,-16,-8,-15,-8,-15,-7,-15,-7,-13,-8,-13,-8,-15,-8,-13,-8,-15,-9,-16,-8,-15,-8,-15,-6,-13,-5,-13,-5,-12]"
CSI_DATA,264795,d8:b1:90:d9:de:f0,-67,11,-99,-34,68,56,-436221469,100,0,114,0,"[-29,-3,-31,-5,-33,-6,-34,-10,-35,-10,-31,-12,-31,-13,-29,-13,-26,-11,-25,-12,-23,-12,-22,-11,-21,-11,-21,-11,-21,-10,-21,-11,-23,-12,-23,-12,-22,-13,-22,-12,-21,-13,-21,-11,-20,-11,-20,-10,-19,-11,-18,-10,-17,-11,-17,-10,0,0,-16,-11,-17,-12,-16,-13,-17,-14,-16,-15,-15,-16,-16,-17,-15,-19,-14,-18,-14,-18,-12,-18,-10,-18,-10,-17,-8,-16,-8,-15,-7,-16,-5,-15,-5,-14,-7,-15,-6,-15,-5,-16,-5,-17,-5,-18,-4,-17,-5,-15,-3,-15,-1,-15,0,-12]"
CSI_DATA,264796,d8:b1:90:d9:de:f0,-67,11,-99,-35,68,56,-436201575,100,0,114,0,"[20,-23,24,-24,25,-24,27,-24,28,-23,28,-21,27,-19,26,-18,24,-17,24,-15,23,-14,21,-13,22,-13,21,-13,21,-14,20,-13,21,-14,21,-14,22,-14,21,-14,20,-13,19,-13,19,-13,18,-13,19,-13,18,-12,18,-12,17,-12,0,0,19,-11,17,-11,19,-11,19,-11,19,-12,20,-11,22,-10,22,-9,22,-8,23,-8,22,-6,19,-6,19,-5,19,-5,18,-4,17,-3,16,-2,17,-2,16,-3,18,-3,18,-3,18,-2,18,-3,17,-1,18,0,16,0,14,0,12,0]"
CSI_DATA,264797,d8:b1:90:d9:de:f0,-67,11,-99,-36,69,56,-436190759,100,0,114,0,"[-8,27,-10,30,-11,30,-13,30,-13,30,-14,28,-13,27,-13,25,-12,25,-13,23,-11,22,-11,22,-10,23,-8,21,-7,21,-7,21,-7,21,-8,22,-7,21,-6,23,-7,23,-6,22,-5,21,-5,21,-3,20,-3,20,-2,19,-2,19,0,0,-3,20,-2,20,-3,20,-3,22,-4,23,-6,23,-4,23,-6,23,-6,21,-7,22,-6,22,-4,20,-5,19,-5,17,-5,17,-5,15,-5,16,-5,15,-5,15,-5,15,-6,15,-5,17,-3,15,-5,16,-6,14,-5,12,-4,13,-4,12]"
CSI_DATA,264798,d8:b1:90:d9:de:f0,-67,11,-99,-35,68,56,-436171646,100,0,114,0,"[0,-30,0,-33,0,-36,1,-37,0,-37,0,-37,1,-35,0,-32,0,-30,0,-28,-2,-26,-3,-26,-4,-25,-6,-25,-6,-25,-6,-25,-8,-25,-8,-25,-11,-25,-10,-22,-12,-22,-12,-21,-12,-19,-12,-19,-12,-18,-13,-17,-13,-16,-13,-14,0,0,-16,-15,-15,-14,-17,-14,-17,-15,-18,-15,-17,-17,-17,-15,-18,-16,-18,-16,-18,-14,-18,-15,-16,-14,-15,-12,-15,-12,-14,-9,-15,-10,-14,-9,-13,-8,-14,-7,-14,-8,-15,-8,-16,-8,-17,-9,-17,-7,-17,-6,-15,-6,-12,-6,-12,-6]"
CSI_DATA,264799,d8:b1:90:d9:de:f0,-67,11,-99,-35,68,56,-436161648,100,0,114,0,"[13,27,13,31,13,32,12,33,12,34,11,33,10,32,8,31,10,29,8,27,9,24,8,25,7,24,9,24,10,24,10,22,11,22,10,23,12,22,11,21,12,21,12,20,12,19,12,19,12,19,11,18,12,17,12,17,0,0,12,15,12,17,12,18,12,18,12,19,12,19,12,20,12,20,12,19,11,19,9,19,9,19,8,17,8,16,8,15,7,14,7,14,7,14,7,13,7,14,8,14,8,16,8,17,7,16,7,14,6,12,6,14,5,12]"
CSI_DATA,264800,d8:b1:90:d9:de:f0,-67,11,-99,-38,69,56,-436151633,100,0,114,0,"[-16,25,-20,26,-22,27,-23,26,-26,26,-26,23,-26,21,-24,20,-23,18,-23,17,-21,15,-21,15,-20,15,-21,14,-21,13,-19,14,-19,15,-21,15,-20,15,-20,14,-19,13,-18,13,-17,12,-16,12,-17,11,-15,10,-16,11,-17,10,0,0,-16,10,-18,10,-18,10,-20,10,-20,8,-21,9,-21,8,-21,6,-21,5,-21,5,-21,4,-21,3,-18,3,-18,2,-19,0,-17,0,-15,0,-16,0,-16,0,-17,0,-17,0,-17,0,-16,-1,-18,-1,-17,-3,-15,-2,-14,-3,-10,-2]"
CSI_DATA,264801,d8:b1:90:d9:de:f0,-67,11,-99,-33,68,56,-436131619,100,0,114,0,"[13,26,13,31,11,33,11,34,11,35,8,33,7,32,4,31,5,27,4,26,4,24,4,24,4,25,3,24,4,24,4,23,4,24,4,24,5,24,4,23,4,25,5,23,5,23,5,22,4,21,4,22,4,20,4,21,0,0,4,19,3,21,4,20,2,22,2,22,2,23,1,23,0,23,0,23,0,22,-1,22,-2,20,-3,20,-1,17,-2,17,-3,16,-3,16,-4,16,-2,16,-4,16,-3,16,-4,17,-4,17,-4,16,-4,14,-4,13,-5,13,-4,11]"
CSI_DATA,264802,d8:b1:90:d9:de:f0,-67,11,-99,-36,69,56,-436121111,100,0,114,0,"[-3,-28,-2,-30,0,-33,0,-33,0,-35,0,-33,0,-31,0,-29,0,-27,0,-25,-1,-23,0,-23,0,-23,-1,-23,-2,-23,-3,-23,-3,-23,-3,-23,-5,-22,-4,-22,-5,-22,-6,-23,-6,-21,-7,-21,-6,-19,-6,-19,-7,-19,-8,-19,0,0,-7,-18,-8,-19,-7,-18,-8,-20,-7,-20,-7,-22,-8,-22,-8,-21,-7,-20,-6,-21,-6,-19,-5,-19,-5,-18,-4,-16,-4,-15,-5,-15,-5,-15,-3,-14,-5,-14,-5,-14,-4,-15,-7,-15,-6,-16,-5,-15,-4,-14,-4,-13,-4,-13,-3,-11]"
CSI_DATA,264803,d8:b1:90:d9:de:f0,-67,11,-99,-34,68,56,-436100733,100,0,114,0,"[19,25,20,27,20,29,19,31,21,32,19,31,16,29,16,28,15,26,14,24,15,21,15,21,15,21,15,21,15,20,15,19,16,19,17,19,18,18,18,17,19,17,19,16,17,15,18,14,17,14,16,13,16,11,17,11,0,0,18,11,18,10,18,12,19,11,19,12,19,13,19,12,19,13,19,12,18,12,17,12,15,12,15,11,14,10,14,10,12,10,13,9,13,7,14,9,12,9,14,9,14,10,14,10,14,9,13,8,13,8,11,9,10,8]"
CSI_DATA,264804,d8:b1:90:d9:de:f0,-67,11,-99,-34,68,56,-436080477,100,0,114,0,"[10,-27,12,-30,14,-32,15,-32,15,-33,15,-31,15,-30,15,-28,11,-26,12,-26,10,-23,9,-24,8,-23,7,-23,7,-24,6,-22,5,-25,5,-25,5,-26,3,-23,2,-23,2,-24,1,-22,0,-22,0,-23,0,-23,0,-21,-1,-21,0,0,0,-20,-1,-20,-2,-21,-2,-21,-2,-22,0,-23,-1,-23,-1,-24,-1,-23,0,-22,0,-22,-1,-21,0,-20,0,-19,0,-15,0,-16,0,-15,0,-15,-2,-15,0,-15,0,-15,-1,-17,-2,-18,-2,-16,-1,-15,-2,-15,-1,-14,0,-11]"
CSI_DATA,264805,d8:b1:90:d9:de:f0,-67,11,-99,-33,68,56,-436061649,100,0,114,0,"[30,4,31,5,34,8,33,9,35,11,33,11,31,12,29,12,26,9,25,11,24,8,23,10,22,9,22,9,22,9,22,8,22,8,24,8,22,9,22,8,23,8,23,8,20,8,22,6,22,7,20,8,19,7,18,6,0,0,17,5,18,7,19,8,19,8,19,9,19,10,20,10,19,10,18,10,18,10,17,11,15,13,14,12,13,10,14,10,13,9,13,10,11,9,13,10,11,10,13,9,11,11,10,12,11,11,12,11,10,11,8,10,7,8]"
CSI_DATA,264806,d8:b1:90:d9:de:f0,-67,11,-99,-33,68,56,-436051634,100,0,114,0,"[-26,15,-28,16,-31,17,-31,15,-31,17,-30,16,-29,14,-27,14,-25,13,-25,13,-22,13,-22,13,-21,15,-20,15,-19,16,-17,16,-18,17,-17,18,-18,19,-16,18,-15,18,-14,19,-13,18,-12,20,-12,17,-9,18,-9,18,-10,18,0,0,-8,17,-8,19,-8,20,-8,21,-9,21,-8,22,-8,22,-9,21,-10,20,-9,21,-8,20,-8,19,-7,17,-8,17,-6,16,-6,15,-5,14,-4,14,-4,15,-5,15,-4,16,-4,15,-3,16,-3,16,-4,15,-4,14,-2,13,-2,12]"
CSI_DATA,264807,d8:b1:90:d9:de:f0,-67,11,-99,-35,68,56,-436031653,100,0,114,0,"[25,-20,27,-21,30,-22,30,-23,30,-23,29,-22,27,-21,26,-20,23,-20,22,-19,19,-19,19,-19,18,-20,16,-20,14,-20,15,-21,13,-21,12,-23,12,-24,10,-23,9,-24,7,-25,6,-23,4,-23,4,-23,4,-22,2,-22,2,-20,0,0,1,-20,0,-21,0,-21,0,-24,0,-24,0,-25,-1,-24,0,-25,0,-22,0,-22,-1,-23,0,-21,-1,-19,-1,-18,-1,-18,0,-17,-1,-16,-2,-15,-3,-16,-2,-15,-4,-15,-6,-16,-6,-16,-6,-17,-4,-16,-5,-14,-5,-13,-5,-12]"
CSI_DATA,264808,d8:b1:90:d9:de:f0,-66,11,-99,-35,68,56,-436018593,100,0,114,0,"[-23,-21,-24,-25,-25,-26,-25,-30,-23,-29,-22,-29,-20,-27,-19,-27,-18,-25,-17,-24,-16,-21,-15,-20,-17,-20,-17,-19,-17,-19,-18,-19,-18,-19,-18,-18,-19,-19,-18,-17,-19,-18,-19,-16,-18,-15,-19,-14,-18,-14,-18,-12,-18,-12,-18,-12,0,0,-18,-11,-17,-12,-18,-12,-19,-13,-19,-16,-18,-15,-19,-16,-18,-16,-17,-15,-17,-15,-16,-14,-14,-13,-13,-13,-13,-13,-12,-12,-12,-12,-12,-11,-12,-10,-12,-11,-12,-11,-12,-12,-12,-12,-12,-13,-12,-12,-12,-11,-12,-12,-9,-11,-8,-10]"
CSI_DATA,264809,d8:b1:90:d9:de:f0,-67,11,-99,-34,68,56,-436001650,100,0,114,0,"[24,-17,26,-19,30,-20,30,-19,30,-21,29,-19,28,-17,27,-16,23,-16,23,-15,21,-15,20,-15,20,-15,20,-15,17,-15,18,-15,18,-17,17,-19,16,-19,16,-19,15,-19,14,-19,13,-20,12,-19,12,-19,10,-18,10,-18,10,-18,0,0,10,-18,9,-20,9,-20,9,-21,10,-21,10,-21,9,-21,10,-21,10,-20,10,-20,10,-20,10,-18,10,-17,9,-17,10,-15,8,-14,7,-14,7,-14,6,-14,7,-13,7,-14,6,-15,6,-15,5,-14,7,-14,6,-13,5,-13,5,-11]"
CSI_DATA,264810,d8:b1:90:d9:de:f0,-67,11,-99,-33,68,56,-435991553,100,0,114,0,"[2,-30,4,-32,6,-34,8,-35,8,-35,9,-33,11,-31,9,-30,10,-28,9,-26,9,-24,8,-24,8,-22,8,-23,7,-23,7,-23,8,-23,7,-24,7,-24,7,-22,7,-24,6,-23,5,-22,5,-22,6,-22,4,-22,4,-20,5,-21,0,0,6,-19,4,-21,6,-22,7,-21,8,-22,8,-22,8,-20,9,-21,10,-20,11,-18,10,-18,9,-17,9,-17,9,-15,10,-13,9,-13,8,-12,9,-12,9,-12,10,-12,9,-12,10,-12,9,-12,10,-12,12,-10,10,-9,9,-9,8,-8]"
CSI_DATA,264811,d8:b1:90:d9:de:f0,-67,11,-99,-34,68,56,-435971603,100,0,114,0,"[-3,-30,-2,-33,-1,-36,0,-35,1,-37,1,-35,2,-33,2,-30,2,-30,3,-29,2,-26,2,-26,1,-26,0,-25,0,-24,0,-25,0,-25,0,-26,0,-26,-1,-26,-1,-25,-2,-25,-2,-24,-3,-23,-3,-23,-2,-22,-4,-21,-3,-21,0,0,-5,-20,-3,-21,-3,-22,-2,-22,-2,-22,-1,-24,-1,-24,-1,-24,0,-22,0,-23,0,-21,0,-21,0,-20,0,-18,0,-17,1,-15,0,-15,1,-15,0,-15,1,-15,0,-17,1,-16,0,-18,0,-17,2,-15,2,-14,1,-15,2,-12]"
CSI_DATA,264812,d8:b1:90:d9:de:f0,-67,11,-99,-34,68,56,-435961590,100,0,114,0,"[25,16,26,18,28,20,29,21,30,21,29,20,27,20,26,17,25,15,24,14,23,12,23,11,23,10,23,9,23,8,22,7,25,5,26,5,26,3,25,2,25,1,24,0,24,0,22,-1,22,-2,21,-3,20,-4,20,-5,0,0,21,-5,20,-5,21,-5,22,-8,21,-7,21,-7,22,-7,21,-8,21,-8,21,-10,21,-8,19,-7,18,-6,16,-6,16,-7,15,-7,14,-7,14,-9,14,-8,13,-9,15,-10,13,-10,14,-10,13,-10,13,-10,12,-10,10,-9,9,-8]"
CSI_DATA,264813,d8:b1:90:d9:de:f0,-66,11,-99,-36,68,56,-435951523,100,0,114,0,"[-16,-26,-17,-32,-16,-33,-15,-35,-15,-34,-14,-33,-13,-32,-10,-31,-11,-29,-10,-27,-10,-26,-10,-24,-10,-24,-10,-24,-13,-24,-12,-23,-14,-24,-13,-24,-15,-22,-15,-22,-16,-22,-15,-22,-16,-21,-16,-19,-15,-17,-16,-17,-16,-16,-16,-16,0,0,-16,-16,-15,-16,-15,-16,-16,-16,-17,-17,-16,-19,-16,-18,-16,-18,-15,-18,-15,-16,-14,-17,-13,-18,-12,-16,-11,-16,-11,-14,-10,-15,-9,-13,-9,-12,-9,-13,-9,-13,-10,-13,-9,-14,-11,-15,-10,-14,-9,-12,-9,-11,-7,-12,-6,-10]"
CSI_DATA,264814,d8:b1:90:d9:de:f0,-66,11,-99,-36,68,56,-435931637,100,0,114,0,"[10,-29,15,-32,16,-33,16,-32,16,-33,16,-34,16,-31,15,-29,12,-27,12,-27,10,-25,10,-24,9,-24,8,-24,8,-25,7,-25,6,-24,5,-27,5,-26,3,-24,2,-25,1,-27,1,-24,0,-24,0,-24,0,-24,-1,-22,-2,-23,0,0,-2,-21,-3,-22,-4,-22,-2,-22,-4,-24,-3,-24,-4,-24,-3,-24,-2,-24,-2,-23,-2,-23,-1,-21,-2,-20,-1,-18,-1,-17,-2,-16,-3,-16,-2,-17,-2,-16,-3,-16,-2,-16,-2,-16,-4,-16,-4,-16,-3,-15,-2,-15,-3,-15,-3,-12]"
CSI_DATA,264815,d8:b1:90:d9:de:f0,-66,11,-99,-35,68,56,-435919032,100,0,114,0,"[28,12,30,15,31,16,32,19,31,19,30,19,27,19,25,19,24,17,23,17,21,15,20,16,21,14,21,13,20,13,21,12,22,13,22,12,23,12,22,11,23,12,23,12,22,11,21,10,21,10,20,8,21,8,21,7,0,0,21,7,21,8,22,8,21,9,22,10,23,11,22,11,21,12,21,12,20,11,20,11,19,11,17,10,15,11,14,11,14,10,14,10,14,8,14,8,13,9,14,9,13,10,14,11,15,11,14,9,12,9,11,9,11,8]"
CSI_DATA,264816,d8:b1:90:d9:de:f0,-66,11,-99,-36,68,56,-435901652,100,0,114,0,"[28,-12,32,-12,35,-13,36,-11,36,-9,35,-8,32,-8,32,-7,30,-6,28,-6,27,-7,26,-6,25,-7,25,-7,25,-8,26,-8,25,-8,26,-8,25,-10,25,-10,24,-10,24,-10,22,-11,22,-11,22,-11,20,-11,20,-11,19,-12,0,0,21,-12,21,-12,21,-12,22,-12,22,-11,24,-11,23,-11,22,-10,23,-10,23,-9,21,-9,20,-8,20,-8,17,-8,17,-6,17,-7,16,-6,16,-6,16,-5,17,-7,17,-6,17,-6,16,-7,16,-6,18,-6,16,-4,13,-4,12,-4]"
CSI_DATA,264817,d8:b1:90:d9:de:f0,-66,11,-99,-37,68,56,-435891501,100,0,114,0,"[-26,18,-29,19,-32,21,-33,21,-32,22,-31,21,-28,19,-27,20,-24,19,-23,19,-22,18,-20,18,-19,19,-17,19,-17,22,-16,22,-15,22,-15,22,-13,23,-11,23,-11,25,-10,24,-9,24,-7,24,-7,24,-4,24,-3,23,-3,23,0,0,-1,24,-1,25,0,25,0,26,0,26,0,26,0,27,0,27,0,25,0,25,1,22,2,22,1,22,3,20,1,19,2,18,3,18,2,17,2,17,3,17,4,17,6,18,7,18,7,17,5,16,5,15,5,14,5,12]"
CSI_DATA,264818,d8:b1:90:d9:de:f0,-66,11,-99,-36,68,56,-435871625,100,0,114,0,"[25,-16,29,-16,32,-15,34,-14,33,-11,33,-9,32,-8,31,-8,30,-7,28,-7,25,-5,24,-6,24,-6,24,-7,24,-6,24,-6,25,-6,26,-6,25,-6,24,-7,25,-7,24,-7,23,-7,23,-8,24,-8,23,-7,24,-7,24,-8,0,0,23,-6,24,-6,24,-5,24,-5,24,-4,25,-4,25,-3,26,-2,26,-1,25,-1,24,0,22,0,22,0,22,0,19,1,17,1,18,1,17,0,18,1,19,1,19,1,18,2,17,2,17,3,19,4,17,5,14,3,13,3]"
CSI_DATA,264819,d8:b1:90:d9:de:f0,-67,11,-99,-34,68,56,-435861326,100,0,114,0,"[10,27,10,30,10,31,9,34,9,36,8,32,7,31,7,29,8,26,6,26,7,24,7,24,8,24,8,23,9,23,10,23,10,23,12,22,12,23,13,21,14,21,14,21,13,20,15,20,15,18,15,19,15,18,14,15,0,0,17,16,16,17,17,18,18,17,17,18,17,19,17,17,17,19,16,18,16,16,15,17,15,17,14,15,13,15,13,13,10,13,11,12,11,11,10,11,12,12,12,11,12,12,13,12,13,12,11,10,11,11,10,11,10,10]"
CSI_DATA,264820,d8:b1:90:d9:de:f0,-66,11,-99,-36,68,56,-435841302,100,0,114,0,"[-30,-2,-32,-3,-34,-3,-35,-5,-35,-5,-34,-4,-32,-5,-30,-3,-27,-2,-27,-2,-25,-1,-24,-1,-24,0,-24,0,-24,1,-25,2,-26,3,-24,4,-25,5,-24,7,-25,7,-25,8,-24,8,-22,9,-22,9,-22,9,-21,10,-23,11,0,0,-19,12,-21,13,-21,14,-21,14,-22,15,-22,14,-22,14,-22,14,-22,15,-21,14,-20,13,-18,12,-17,12,-16,11,-16,10,-15,10,-14,11,-13,11,-12,11,-15,12,-14,12,-14,13,-12,13,-14,13,-14,14,-13,12,-10,11,-9,9]"
CSI_DATA,264821,d8:b1:90:d9:de:f0,-66,11,-99,-34,67,56,-435830434,100,0,114,0,"[25,19,26,23,26,25,26,28,24,29,23,29,19,28,18,27,17,25,16,25,14,22,15,22,15,22,14,23,14,21,14,22,16,23,14,25,15,25,15,23,16,24,16,23,16,22,15,23,15,22,15,22,13,22,13,20,0,0,14,21,12,22,11,23,13,24,12,27,12,27,11,27,9,28,8,27,7,25,5,25,5,26,4,23,3,22,1,20,1,20,0,18,0,18,1,18,0,18,0,18,0,19,0,21,0,19,-1,17,-1,16,-2,16,-2,15]"
CSI_DATA,264822,d8:b1:90:d9:de:f0,-65,11,-99,-33,66,56,-435811787,277,0,106,0,"[83,1,130,0,-113,1,75,0,-115,1,33,0,91,1,17,0,21,1,-8,15,-60,0,-30,15,-114,0,-76,15,104,0,-121,15,77,0,107,15,68,0,106,15,59,0,-116,15,40,0,-39,15,1,0,41,0,0,0,0,0,-130,15,-91,0,66,15,-47,0,4,15,-36,0,-7,14,-52,0,43,15,-92,0,117,15,-125,0,-65,15,111,0,-6,15,106,0,20,0,106,0,28,0,104,0,8,0,103,0,-41,15,78,0,-85,15]"
CSI_DATA,264823,d8:b1:90:d9:de:f0,-66,11,-99,-34,67,56,-435791327,100,0,114,0,"[-26,17,-30,17,-32,18,-33,16,-32,18,-31,17,-30,15,-30,16,-25,15,-26,14,-23,14,-22,14,-23,15,-22,16,-21,16,-21,16,-19,18,-20,18,-19,19,-18,20,-19,21,-18,23,-16,21,-15,22,-16,21,-13,22,-13,21,-13,21,0,0,-12,24,-12,24,-12,25,-13,25,-12,26,-13,26,-12,27,-16,27,-14,26,-15,25,-13,25,-12,21,-12,20,-11,19,-10,18,-9,17,-8,17,-8,16,-8,17,-9,19,-9,19,-8,19,-8,20,-8,19,-10,19,-8,17,-7,17,-5,16]"
CSI_DATA,264824,d8:b1:90:d9:de:f0,-66,11,-99,-36,68,56,-435771609,100,0,114,0,"[26,5,29,7,32,8,32,8,32,8,32,8,30,8,29,6,26,5,24,5,24,2,24,2,24,0,24,0,24,-1,24,-2,24,-3,25,-4,25,-5,25,-5,24,-8,25,-8,24,-8,23,-9,23,-9,22,-10,21,-11,22,-12,0,0,22,-14,21,-15,20,-16,22,-16,21,-16,23,-16,23,-17,23,-16,22,-17,21,-17,20,-16,18,-16,17,-16,16,-13,15,-14,15,-14,13,-13,13,-14,13,-14,13,-15,13,-16,12,-16,11,-16,11,-16,13,-17,12,-16,10,-14,8,-12]"
CSI_DATA,264825,d8:b1:90:d9:de:f0,-66,11,-99,-34,67,56,-435761625,100,0,114,0,"[7,-28,8,-31,10,-33,12,-33,13,-33,13,-32,13,-30,13,-28,12,-26,12,-25,10,-23,9,-24,8,-24,8,-23,6,-25,6,-25,6,-25,6,-26,6,-26,4,-26,4,-28,4,-27,3,-27,2,-27,2,-26,1,-26,0,-26,1,-24,0,0,0,-27,2,-27,1,-27,1,-28,2,-28,4,-30,2,-30,5,-30,4,-28,4,-29,4,-28,4,-25,3,-24,4,-22,5,-21,4,-19,3,-19,4,-17,3,-19,5,-19,5,-19,4,-21,2,-21,3,-21,4,-20,3,-18,4,-18,3,-16]"
CSI_DATA,264826,d8:b1:90:d9:de:f0,-66,11,-99,-35,67,56,-435751524,100,0,114,0,"[3,-29,6,-32,8,-34,9,-33,11,-34,12,-32,14,-32,12,-30,13,-28,14,-26,12,-25,12,-23,13,-25,12,-24,12,-24,12,-23,12,-23,14,-26,11,-24,13,-26,13,-24,12,-24,12,-25,11,-24,13,-25,12,-23,11,-23,12,-22,0,0,15,-23,15,-22,14,-22,18,-23,17,-23,20,-24,20,-24,21,-21,23,-19,24,-19,22,-18,21,-15,20,-14,20,-12,20,-11,18,-10,18,-9,18,-8,18,-8,19,-7,21,-8,19,-8,20,-8,21,-8,22,-5,21,-4,19,-5,16,-3]"
CSI_DATA,264827,d8:b1:90:d9:de:f0,-66,11,-99,-34,67,56,-435731686,100,0,114,0,"[5,-29,8,-30,10,-33,11,-33,13,-33,13,-32,14,-29,13,-28,13,-27,12,-25,12,-24,11,-23,10,-22,11,-23,9,-24,10,-24,9,-25,11,-25,11,-25,9,-26,10,-26,10,-26,8,-26,8,-24,8,-26,8,-25,7,-23,8,-24,0,0,10,-24,8,-25,12,-25,11,-26,12,-28,14,-28,14,-27,15,-26,16,-25,17,-24,16,-23,16,-21,16,-20,14,-18,15,-16,15,-16,14,-16,14,-15,13,-15,15,-15,15,-15,14,-16,15,-16,16,-16,17,-13,16,-13,15,-14,14,-10]"
CSI_DATA,264828,d8:b1:90:d9:de:f0,-66,11,-99,-34,67,56,-435721463,100,0,114,0,"[-28,4,-31,5,-33,4,-34,3,-35,4,-34,3,-33,3,-31,3,-28,3,-28,4,-26,3,-25,6,-25,7,-25,7,-24,7,-24,7,-25,10,-24,10,-26,11,-24,13,-24,13,-23,15,-22,15,-23,16,-22,15,-19,15,-19,16,-20,16,0,0,-20,17,-21,18,-20,17,-22,19,-21,18,-22,19,-23,20,-24,19,-22,19,-23,19,-21,17,-20,16,-18,16,-17,16,-17,14,-16,14,-16,14,-15,14,-15,14,-16,15,-16,16,-16,16,-15,16,-16,16,-17,16,-16,16,-13,13,-12,14]"
CSI_DATA,264829,d8:b1:90:d9:de:f0,-66,11,-99,-35,67,56,-435701438,100,0,114,0,"[16,-24,19,-27,21,-27,20,-28,20,-29,20,-27,20,-27,17,-25,17,-25,15,-25,13,-22,12,-24,12,-24,11,-24,9,-25,7,-25,7,-26,8,-26,6,-26,5,-27,3,-28,2,-29,1,-27,0,-27,0,-26,0,-25,0,-26,-1,-27,0,0,-2,-26,-3,-27,-3,-28,-4,-29,-4,-30,-4,-32,-4,-32,-4,-32,-4,-30,-3,-30,-3,-29,-3,-28,-3,-26,-3,-24,-3,-22,-3,-21,-4,-20,-5,-20,-5,-20,-5,-21,-6,-22,-7,-22,-9,-22,-7,-22,-6,-19,-6,-20,-6,-20,-5,-17]"
CSI_DATA,264830,d8:b1:90:d9:de:f0,-65,11,-99,-35,67,56,-435691294,100,0,114,0,"[-6,-29,-6,-32,-5,-34,-3,-35,-3,-35,-2,-34,-1,-33,-1,-31,0,-30,0,-29,-1,-28,-1,-27,-2,-25,-2,-25,-3,-26,-3,-26,-3,-27,-4,-27,-5,-28,-5,-27,-5,-27,-6,-27,-6,-25,-7,-27,-5,-25,-6,-25,-6,-25,-6,-24,0,0,-7,-26,-7,-27,-7,-28,-5,-28,-6,-29,-5,-30,-3,-30,-2,-31,-2,-31,-2,-29,-2,-29,-1,-28,0,-26,0,-25,0,-23,0,-23,0,-21,0,-20,0,-20,1,-21,0,-22,0,-22,0,-23,0,-23,0,-21,2,-20,1,-19,1,-16]"
CSI_DATA,264831,d8:b1:90:d9:de:f0,-65,11,-99,-36,67,56,-435669990,100,0,114,0,"[-4,-30,-2,-34,-1,-36,1,-37,2,-35,3,-35,4,-33,5,-32,4,-29,5,-29,5,-27,5,-26,5,-27,6,-26,4,-26,5,-27,5,-27,5,-28,5,-28,5,-28,4,-28,4,-29,5,-27,4,-27,6,-28,6,-27,6,-26,7,-27,0,0,8,-25,7,-28,9,-28,11,-28,12,-29,13,-29,14,-29,16,-29,17,-27,18,-26,17,-24,17,-23,17,-21,17,-20,17,-17,16,-16,17,-16,16,-16,17,-14,18,-14,17,-13,18,-15,17,-14,19,-14,20,-12,19,-11,18,-10,15,-8]"
CSI_DATA,264832,d8:b1:90:d9:de:f0,-65,11,-99,-35,67,56,-435651645,100,0,114,0,"[-8,30,-10,34,-11,34,-12,35,-12,35,-12,34,-11,34,-10,31,-9,29,-7,28,-7,28,-6,27,-4,26,-2,26,-1,26,-2,27,0,29,0,29,0,29,1,29,2,29,3,30,3,28,5,27,5,28,6,27,7,26,7,25,0,0,7,26,7,26,9,27,8,28,10,29,10,30,10,29,9,31,9,30,9,30,8,28,8,27,7,25,7,23,6,22,6,20,7,21,6,19,7,18,6,19,7,18,9,21,9,20,10,21,8,20,7,18,8,18,6,16]"
CSI_DATA,264833,d8:b1:90:d9:de:f0,-65,11,-99,-37,67,56,-435640850,100,0,114,0,"[-2,-32,-1,-36,1,-37,4,-38,5,-40,6,-37,8,-34,8,-32,7,-30,8,-28,7,-26,8,-27,6,-25,7,-25,7,-26,6,-26,7,-27,8,-29,7,-28,8,-28,8,-28,8,-28,9,-27,7,-26,8,-27,7,-26,8,-26,9,-24,0,0,10,-25,11,-26,12,-25,13,-28,13,-27,16,-27,16,-27,19,-27,19,-26,20,-25,19,-23,19,-22,18,-19,18,-17,18,-16,17,-14,17,-14,18,-12,17,-13,19,-12,19,-11,19,-12,19,-12,21,-12,20,-10,19,-9,19,-9,18,-7]"
CSI_DATA,264834,d8:b1:90:d9:de:f0,-65,9,-99,-37,67,56,-435627691,108,0,106,0,"[-50,0,-42,0,31,1,-38,0,58,1,-26,0,21,1,-36,0,-28,0,-56,0,-90,0,-84,0,125,0,128,0,112,0,64,0,111,0,9,0,107,0,-25,15,89,0,-28,15,50,0,-22,15,-22,15,-23,15,0,0,0,0,99,15,-98,15,46,15,78,15,18,15,13,15,37,15,-27,14,78,15,-20,14,127,15,32,15,-103,15,109,15,-99,15,-89,15,-100,15,-43,15,-108,15,-27,15,-97,15,-34,15,-68,15,-49,15,-14,15]"
CSI_DATA,264835,d8:b1:90:d9:de:f0,-65,11,-99,-36,67,56,-435610958,100,0,114,0,"[18,-27,20,-30,22,-31,24,-33,23,-31,23,-31,22,-29,20,-28,19,-27,17,-26,16,-25,14,-25,14,-24,12,-24,11,-26,10,-27,10,-28,9,-28,9,-30,7,-29,5,-30,5,-30,4,-29,4,-28,2,-27,1,-28,0,-26,1,-27,0,0,0,-28,-1,-28,0,-28,-1,-30,-2,-31,-1,-32,-2,-32,-1,-33,-1,-31,-1,-30,-1,-30,-1,-29,-1,-27,-1,-26,0,-24,0,-23,-2,-22,0,-21,-2,-21,-2,-21,-2,-21,-3,-22,-4,-22,-4,-22,-2,-21,-3,-19,-3,-18,-2,-17]"
CSI_DATA,264836,d8:b1:90:d9:de:f0,-65,11,-99,-35,67,56,-435591379,100,0,114,0,"[28,17,29,20,29,23,29,25,28,26,26,27,24,27,21,26,20,24,19,23,17,22,15,22,16,21,16,21,17,22,17,22,18,22,16,23,18,23,17,23,19,24,19,24,18,23,18,23,16,22,15,23,15,22,14,23,0,0,13,21,12,24,13,25,13,25,12,27,12,28,11,29,9,30,8,29,7,29,5,29,2,28,2,26,2,24,1,23,0,22,0,21,0,20,0,20,0,19,0,20,-1,21,-1,21,-3,23,-3,19,-3,19,-4,17,-4,15]"
CSI_DATA,264837,d8:b1:90:d9:de:f0,-65,11,-99,-34,67,56,-435571641,100,0,114,0,"[-24,19,-28,20,-30,21,-32,21,-32,19,-32,17,-32,16,-30,15,-28,15,-27,13,-25,13,-24,11,-24,13,-23,13,-23,11,-24,12,-23,13,-24,14,-25,15,-24,15,-24,14,-24,15,-23,14,-22,15,-22,14,-22,13,-20,14,-22,15,0,0,-22,11,-21,13,-23,13,-25,12,-25,13,-26,12,-26,11,-28,11,-27,11,-26,9,-27,8,-23,6,-24,5,-22,4,-21,5,-21,3,-18,2,-19,3,-19,3,-19,2,-20,1,-19,2,-19,2,-21,1,-20,1,-19,0,-16,0,-16,0]"
CSI_DATA,264838,d8:b1:90:d9:de:f0,-65,11,-99,-36,67,56,-435561623,100,0,114,0,"[32,-11,35,-11,37,-11,39,-11,39,-8,38,-9,35,-8,34,-8,32,-9,30,-9,28,-9,26,-11,26,-12,26,-13,25,-14,25,-15,25,-17,25,-15,25,-17,23,-17,23,-19,22,-19,20,-20,19,-19,18,-21,17,-21,16,-21,17,-23,0,0,17,-21,15,-22,16,-23,16,-24,17,-25,19,-25,17,-25,18,-26,19,-25,18,-24,17,-24,15,-23,15,-21,14,-20,14,-18,13,-18,11,-17,11,-17,11,-18,11,-17,11,-18,10,-17,9,-18,10,-19,10,-18,9,-17,8,-15,7,-15]"
CSI_DATA,264839,d8:b1:90:d9:de:f0,-66,11,-99,-37,68,56,-435541339,100,0,114,0,"[30,9,33,10,34,11,35,11,36,11,34,11,33,12,31,11,29,9,28,8,26,6,27,5,27,4,26,2,26,1,26,0,26,0,28,0,27,-1,28,-2,25,-3,26,-4,25,-4,25,-7,24,-6,23,-7,23,-8,23,-7,0,0,22,-10,23,-11,23,-11,25,-11,23,-11,25,-11,26,-12,25,-11,25,-11,26,-12,24,-11,22,-11,21,-11,19,-10,20,-10,18,-9,17,-9,17,-9,16,-10,17,-10,17,-11,16,-11,15,-10,16,-11,17,-11,14,-9,12,-9,11,-10]"
CSI_DATA,264840,d8:b1:90:d9:de:f0,-66,11,-99,-37,68,56,-435521571,100,0,114,0,"[-22,-21,-22,-24,-23,-28,-22,-30,-21,-31,-18,-30,-18,-29,-15,-28,-15,-26,-14,-26,-13,-24,-11,-24,-11,-23,-11,-22,-12,-23,-11,-23,-12,-23,-11,-24,-12,-24,-12,-23,-12,-23,-12,-22,-11,-23,-11,-22,-11,-22,-11,-22,-10,-22,-9,-22,0,0,-8,-22,-8,-22,-8,-23,-7,-25,-6,-25,-5,-27,-5,-28,-3,-27,-2,-26,-1,-26,0,-25,0,-25,1,-23,2,-22,2,-20,3,-19,3,-17,3,-17,3,-17,4,-18,4,-17,5,-19,4,-19,6,-17,6,-15,7,-15,6,-13,6,-12]"
CSI_DATA,264841,d8:b1:90:d9:de:f0,-66,11,-99,-36,68,56,-435510210,100,0,114,0,"[-18,-23,-20,-26,-19,-29,-18,-32,-17,-32,-16,-32,-14,-30,-12,-28,-11,-27,-9,-26,-9,-25,-8,-24,-9,-24,-9,-24,-10,-24,-10,-24,-10,-24,-9,-24,-10,-24,-10,-24,-10,-24,-10,-24,-10,-23,-9,-23,-10,-23,-11,-21,-9,-21,-8,-21,0,0,-8,-21,-7,-22,-8,-24,-8,-23,-6,-25,-5,-26,-6,-25,-2,-27,-3,-26,-1,-26,-1,-24,0,-24,0,-23,0,-22,1,-19,1,-19,2,-18,2,-16,1,-16,3,-17,2,-17,4,-18,3,-18,4,-17,5,-16,4,-15,4,-15,4,-13]"
CSI_DATA,264842,d8:b1:90:d9:de:f0,-66,11,-99,-34,67,56,-435491478,100,0,114,0,"[12,-29,14,-32,16,-33,16,-33,16,-33,16,-33,16,-31,15,-29,13,-29,13,-28,11,-25,10,-26,10,-25,8,-26,7,-27,7,-26,4,-28,5,-27,4,-27,4,-28,1,-27,0,-28,0,-27,0,-27,0,-25,-1,-23,0,-24,-1,-23,0,0,-2,-23,-3,-25,-1,-25,-2,-26,-3,-26,-2,-28,-2,-28,-2,-30,-2,-28,0,-28,0,-26,0,-26,-1,-23,-1,-22,0,-20,0,-19,-1,-18,-1,-18,-2,-18,-1,-18,-1,-18,-2,-18,-3,-19,-2,-18,-1,-16,-1,-15,-2,-15,-1,-12]"
CSI_DATA,264843,d8:b1:90:d9:de:f0,-67,11,-99,-38,69,56,-435471342,100,0,114,0,"[19,20,21,21,21,23,21,24,23,26,21,23,21,23,19,21,18,20,18,19,18,15,18,16,17,15,17,14,18,14,20,13,20,12,21,12,21,11,21,10,21,10,22,9,21,8,21,6,21,6,20,6,20,6,21,4,0,0,22,3,21,4,21,4,25,5,22,4,24,5,24,5,23,5,23,5,24,4,22,5,21,4,20,4,18,4,19,3,16,3,16,3,15,1,16,3,16,1,18,1,15,2,17,2,17,1,16,0,14,0,14,0,10,0]"
CSI_DATA,264844,d8:b1:90:d9:de:f0,-66,9,-99,-34,67,56,-435453076,98,0,106,0,"[-16,14,92,0,37,0,-106,0,58,0,-114,0,41,0,89,0,46,0,42,0,33,0,-8,0,37,0,-39,0,50,0,-73,0,62,0,-107,0,52,0,102,0,28,0,51,0,9,0,-3,14,-3,14,-79,14,0,0,0,0,19,0,44,14,41,0,-21,13,66,0,-52,13,81,0,-64,13,67,0,-26,13,39,0,18,14,2,0,56,14,-27,14,97,14,-32,14,-118,14,-30,14,-101,14,-16,14,-61,14,4,0,-17,14,12,0]"
CSI_DATA,264845,d8:b1:90:d9:de:f0,-67,11,-99,-35,68,56,-435441646,100,0,114,0,"[0,28,0,32,-1,34,-3,35,-3,33,-5,33,-4,32,-3,30,-3,27,-2,28,-3,26,-1,25,0,25,0,24,1,25,0,25,2,26,1,25,3,25,2,24,5,25,5,25,6,24,6,23,5,23,6,21,6,21,6,20,0,0,6,22,6,21,7,22,6,23,7,23,6,24,6,25,6,26,6,25,5,25,5,24,5,23,3,21,4,19,2,19,2,19,2,17,2,16,3,15,3,16,4,17,3,17,4,17,4,17,3,16,3,15,3,14,2,12]"
CSI_DATA,264846,d8:b1:90:d9:de:f0,-67,11,-99,-35,68,56,-435431631,100,0,114,0,"[-28,5,-31,4,-34,2,-35,2,-36,0,-33,0,-32,0,-31,0,-27,-1,-26,-2,-26,-1,-25,-1,-25,-1,-25,-1,-24,-1,-24,-1,-25,-1,-26,-1,-25,0,-25,0,-24,0,-24,0,-24,-1,-24,0,-23,-1,-21,0,-21,0,-22,0,0,0,-22,-2,-23,-3,-21,-3,-25,-4,-23,-4,-24,-5,-25,-6,-24,-8,-23,-8,-23,-9,-22,-9,-19,-10,-19,-11,-18,-10,-17,-9,-15,-10,-15,-9,-14,-8,-15,-9,-15,-10,-14,-10,-14,-11,-13,-11,-13,-11,-14,-11,-12,-11,-10,-9,-8,-8]"
CSI_DATA,264847,d8:b1:90:d9:de:f0,-66,11,-99,-35,68,56,-435411610,100,0,114,0,"[-18,-22,-20,-25,-20,-28,-19,-30,-19,-30,-19,-30,-15,-29,-15,-27,-13,-25,-12,-25,-12,-23,-12,-22,-12,-21,-12,-22,-12,-22,-13,-22,-13,-21,-14,-22,-14,-22,-14,-20,-14,-21,-15,-21,-14,-19,-14,-19,-12,-19,-12,-19,-12,-18,-12,-19,0,0,-14,-19,-12,-19,-12,-21,-12,-20,-12,-22,-11,-23,-11,-24,-10,-24,-10,-24,-9,-23,-7,-23,-6,-22,-6,-21,-5,-19,-5,-19,-5,-18,-4,-17,-4,-17,-4,-16,-4,-17,-4,-17,-4,-18,-3,-19,-3,-18,-3,-16,-2,-14,-1,-15,-1,-12]"
CSI_DATA,264848,d8:b1:90:d9:de:f0,-67,11,-99,-35,68,56,-435401377,100,0,114,0,"[15,-25,18,-26,20,-28,19,-28,20,-29,19,-29,18,-26,19,-25,14,-25,14,-24,12,-23,12,-21,12,-22,10,-22,8,-24,8,-24,7,-25,7,-25,6,-26,4,-25,4,-26,3,-25,1,-25,0,-24,1,-23,0,-23,0,-22,0,-21,0,0,0,-24,0,-24,-1,-25,0,-23,0,-25,-1,-25,-2,-25,-2,-25,0,-25,0,-25,0,-24,0,-23,0,-22,-1,-19,0,-19,0,-19,0,-18,0,-18,-1,-17,-1,-18,-3,-18,-3,-18,-3,-18,-3,-17,-1,-17,-1,-15,-2,-15,-1,-13]"
CSI_DATA,264849,d8:b1:90:d9:de:f0,-67,11,-99,-34,68,56,-435381507,100,0,114,0,"[24,15,24,19,25,21,25,23,24,24,24,24,21,23,18,23,19,21,17,21,15,21,14,20,15,20,13,21,13,20,13,21,15,21,14,21,15,22,15,20,14,23,15,21,13,21,13,21,12,20,11,20,10,20,10,20,0,0,10,19,9,21,8,22,8,21,5,24,6,26,5,25,4,25,2,25,1,23,0,24,-1,22,0,21,-1,20,-2,18,-2,18,-2,17,-3,16,-3,17,-3,16,-4,17,-5,17,-5,18,-6,17,-6,15,-6,14,-7,13,-6,10]"
CSI_DATA,264850,d8:b1:90:d9:de:f0,-66,11,-99,-36,68,56,-435371393,100,0,114,0,"[30,-3,33,-3,34,-2,35,-1,36,-1,35,0,33,0,31,0,30,0,28,0,27,-1,26,-1,25,-1,25,-3,24,-4,25,-4,26,-4,27,-6,28,-6,27,-7,25,-7,26,-8,24,-8,24,-8,23,-8,23,-8,21,-8,22,-8,0,0,22,-9,22,-8,23,-8,23,-8,24,-8,24,-8,24,-7,25,-7,25,-8,24,-7,23,-5,22,-5,20,-4,19,-4,18,-5,17,-3,16,-4,16,-4,18,-4,17,-4,19,-4,17,-4,17,-3,18,-3,18,-4,16,-1,15,-1,13,-1]"
CSI_DATA,264851,d8:b1:90:d9:de:f0,-66,11,-99,-37,68,56,-435361236,100,0,114,0,"[-30,-4,-33,-6,-33,-9,-34,-11,-34,-12,-33,-11,-31,-12,-29,-13,-27,-12,-26,-13,-24,-11,-23,-12,-23,-11,-22,-11,-24,-12,-23,-12,-24,-11,-24,-12,-24,-11,-23,-12,-25,-13,-23,-12,-24,-13,-22,-12,-22,-12,-22,-12,-21,-11,-21,-12,0,0,-20,-14,-20,-13,-20,-14,-19,-15,-20,-18,-18,-20,-19,-19,-18,-22,-17,-22,-15,-22,-15,-21,-11,-21,-11,-19,-9,-19,-9,-17,-8,-16,-7,-15,-7,-15,-7,-15,-6,-16,-6,-17,-5,-18,-4,-19,-5,-19,-3,-17,-2,-16,-1,-15,0,-12]"
CSI_DATA,264852,d8:b1:90:d9:de:f0,-66,11,-99,-36,68,56,-435351181,100,0,114,0,"[-19,-22,-20,-24,-22,-27,-21,-29,-20,-30,-20,-29,-18,-27,-17,-25,-16,-24,-16,-23,-16,-22,-17,-20,-16,-20,-17,-19,-19,-18,-19,-18,-20,-20,-20,-18,-21,-18,-22,-16,-22,-16,-23,-16,-21,-16,-22,-15,-21,-13,-21,-12,-20,-11,-20,-11,0,0,-20,-12,-19,-12,-22,-13,-21,-12,-21,-14,-20,-15,-21,-15,-21,-16,-21,-15,-21,-13,-20,-13,-18,-13,-17,-13,-16,-12,-15,-11,-13,-10,-14,-9,-13,-8,-14,-9,-14,-9,-14,-10,-14,-10,-16,-10,-16,-10,-14,-8,-14,-9,-11,-9,-10,-8]"
CSI_DATA,264853,d8:b1:90:d9:de:f0,-66,11,-99,-37,68,56,-435330066,100,0,114,0,"[-6,30,-7,33,-10,35,-10,36,-11,35,-11,34,-11,33,-11,30,-11,29,-11,28,-9,25,-8,25,-9,26,-8,26,-8,27,-7,26,-7,27,-8,28,-6,28,-6,27,-5,28,-4,28,-6,26,-2,26,-4,25,-4,25,-3,24,-5,24,0,0,-4,22,-4,24,-5,25,-5,24,-6,25,-7,26,-7,26,-8,26,-8,25,-9,24,-9,23,-8,22,-9,22,-8,20,-8,19,-8,17,-8,16,-9,15,-8,16,-9,15,-8,16,-8,16,-7,17,-8,16,-10,14,-9,13,-8,12,-8,11]"
CSI_DATA,264854,d8:b1:90:d9:de:f0,-66,11,-99,-37,68,56,-435311136,100,0,114,0,"[28,10,31,11,33,12,33,14,33,13,32,12,32,12,30,11,30,10,30,9,28,8,27,6,26,4,27,4,26,1,27,1,28,0,28,0,28,0,28,-3,28,-2,28,-3,27,-5,26,-6,26,-7,23,-8,23,-8,23,-8,0,0,24,-11,23,-9,22,-9,22,-11,23,-11,23,-11,23,-11,24,-11,23,-11,23,-11,22,-11,20,-10,20,-10,18,-10,17,-9,17,-9,15,-10,15,-11,15,-11,15,-11,15,-11,15,-11,15,-11,15,-11,15,-11,14,-11,11,-8,11,-8]"
CSI_DATA,264855,d8:b1:90:d9:de:f0,-66,11,-99,-33,67,56,-435291652,100,0,114,0,"[-12,-27,-12,-30,-11,-34,-11,-34,-11,-35,-9,-35,-7,-33,-6,-33,-5,-30,-6,-29,-5,-26,-5,-26,-6,-26,-6,-25,-6,-26,-6,-27,-7,-28,-5,-28,-7,-29,-8,-27,-7,-28,-7,-28,-8,-26,-7,-26,-6,-25,-6,-26,-6,-24,-5,-23,0,0,-5,-24,-6,-26,-5,-26,-4,-25,-3,-26,-3,-27,-2,-27,-1,-28,0,-26,0,-25,0,-25,0,-23,0,-22,1,-21,1,-19,2,-18,1,-18,3,-18,2,-16,3,-19,2,-18,4,-20,4,-20,5,-20,4,-17,5,-16,6,-15,7,-13]"
CSI_DATA,264856,d8:b1:90:d9:de:f0,-66,11,-99,-34,67,56,-435281355,100,0,114,0,"[18,-26,20,-28,23,-30,23,-29,24,-31,23,-29,21,-28,21,-25,19,-26,19,-24,16,-22,16,-24,16,-23,14,-24,14,-24,13,-25,12,-27,13,-29,11,-28,10,-29,9,-27,8,-28,7,-27,5,-26,6,-27,4,-25,3,-25,4,-25,0,0,3,-26,4,-28,2,-27,3,-27,2,-27,3,-28,2,-28,4,-28,3,-27,4,-27,3,-26,2,-24,1,-22,1,-21,2,-20,3,-18,2,-19,2,-18,1,-18,2,-18,2,-19,1,-19,0,-19,1,-20,3,-19,3,-17,0,-16,2,-15]"
CSI_DATA,264857,d8:b1:90:d9:de:f0,-65,9,-99,-34,66,56,-435263358,124,0,106,0,"[-134,0,-93,14,123,0,110,14,117,0,117,14,110,0,-97,14,95,0,-24,14,63,0,45,15,11,0,82,15,-40,15,91,15,-60,15,85,15,-58,15,86,15,-15,15,124,15,22,0,-60,15,33,0,43,0,0,0,0,0,-41,15,-59,0,-115,15,-4,0,92,15,4,1,63,15,-27,0,88,15,-93,0,-117,15,134,0,-43,15,110,0,-3,15,108,0,23,0,121,0,7,0,120,0,-27,15,96,0,-69,15,34,0,-82,15]"
CSI_DATA,264858,d8:b1:90:d9:de:f0,-65,11,-99,-36,67,56,-435251374,100,0,114,0,"[-32,-2,-35,-2,-37,-4,-37,-6,-40,-6,-37,-7,-36,-7,-33,-7,-32,-6,-32,-6,-30,-5,-30,-6,-28,-4,-28,-4,-28,-4,-28,-3,-30,-2,-32,-2,-30,-2,-30,-1,-29,-1,-30,0,-29,-1,-29,1,-29,1,-26,0,-27,2,-26,2,0,0,-28,3,-27,1,-28,1,-28,1,-27,1,-29,0,-29,0,-29,-2,-27,0,-29,-1,-28,-2,-25,-3,-23,-2,-22,-1,-22,-1,-20,-2,-19,-2,-19,-1,-20,-1,-20,-2,-22,-2,-20,-2,-21,-3,-20,-3,-21,-3,-19,-4,-17,-5,-14,-3]"
CSI_DATA,264859,d8:b1:90:d9:de:f0,-66,11,-99,-35,67,56,-435241284,100,0,114,0,"[21,23,21,26,22,30,19,32,19,33,17,31,14,31,13,31,12,30,10,29,9,27,8,27,9,27,10,26,10,27,10,27,9,28,10,30,8,28,8,29,9,29,9,29,8,28,7,27,6,27,7,27,7,26,6,25,0,0,3,24,4,26,3,27,2,28,2,29,0,30,0,30,-1,29,-2,29,-3,27,-3,27,-4,24,-4,23,-5,21,-4,20,-6,19,-5,19,-5,17,-6,18,-8,18,-8,17,-9,19,-9,19,-10,18,-11,15,-11,14,-11,14,-10,11]"
CSI_DATA,264860,d8:b1:90:d9:de:f0,-65,11,-99,-36,67,56,-435221520,100,0,114,0,"[-10,-31,-10,-34,-8,-37,-7,-38,-5,-38,-5,-38,-3,-36,-3,-34,-2,-32,0,-31,-1,-30,-1,-29,-2,-30,-3,-29,-3,-29,-3,-30,-3,-29,-3,-30,-2,-30,-3,-29,-4,-32,-4,-31,-2,-30,-4,-30,-4,-29,-4,-29,-4,-27,-4,-28,0,0,-3,-26,-3,-28,-2,-28,-3,-28,-1,-30,0,-31,-1,-31,1,-30,2,-29,3,-28,3,-27,2,-27,3,-25,3,-24,4,-21,4,-20,5,-20,5,-20,4,-20,6,-20,6,-20,5,-21,5,-21,6,-22,7,-19,8,-20,7,-18,7,-15]"
CSI_DATA,264861,d8:b1:90:d9:de:f0,-65,11,-99,-35,67,56,-435211531,100,0,114,0,"[31,9,34,9,34,11,35,12,36,13,34,12,33,12,32,10,30,8,29,8,28,6,27,5,28,4,28,3,28,2,27,1,28,1,29,0,29,0,29,0,30,-2,30,-2,29,-4,28,-5,27,-5,24,-6,24,-7,25,-7,0,0,26,-8,25,-8,25,-9,27,-10,26,-11,27,-11,27,-11,27,-10,26,-11,26,-12,25,-11,22,-9,22,-9,20,-8,20,-9,19,-8,18,-9,16,-9,17,-10,18,-10,18,-11,17,-11,18,-11,18,-12,19,-12,17,-11,16,-9,13,-8]"
CSI_DATA,264862,d8:b1:90:d9:de:f0,-65,11,-99,-35,67,56,-435201458,100,0,114,0,"[14,-28,17,-29,20,-30,22,-29,24,-30,23,-30,24,-27,22,-26,21,-24,20,-23,19,-22,18,-22,17,-21,17,-22,17,-22,16,-22,16,-23,17,-24,16,-24,17,-24,15,-25,16,-25,15,-23,13,-24,14,-23,12,-23,12,-22,13,-23,0,0,13,-22,13,-23,13,-22,14,-23,15,-23,16,-24,15,-24,16,-24,17,-23,18,-23,15,-22,15,-19,14,-19,13,-17,14,-16,13,-15,12,-14,14,-14,13,-14,14,-14,14,-14,13,-15,13,-14,14,-15,15,-12,14,-12,13,-11,13,-10]"
CSI_DATA,264863,d8:b1:90:d9:de:f0,-65,11,-99,-36,67,56,-435191100,100,0,114,0,"[-13,-29,-14,-31,-14,-34,-15,-35,-14,-37,-15,-36,-14,-34,-14,-33,-14,-29,-14,-29,-14,-26,-13,-25,-15,-25,-15,-25,-16,-24,-17,-24,-19,-23,-19,-24,-22,-23,-21,-20,-21,-22,-23,-20,-21,-19,-23,-17,-23,-17,-22,-17,-23,-16,-23,-13,0,0,-23,-12,-23,-13,-25,-13,-25,-13,-26,-13,-27,-13,-27,-13,-27,-13,-27,-11,-27,-11,-26,-11,-24,-12,-23,-10,-22,-10,-22,-7,-21,-9,-19,-7,-19,-6,-20,-5,-20,-5,-20,-4,-20,-5,-21,-6,-22,-5,-21,-3,-20,-3,-17,-5,-17,-5]"
CSI_DATA,264864,d8:b1:90:d9:de:f0,-65,11,-99,-37,67,56,-435171499,100,0,114,0,"[15,-28,19,-30,22,-31,24,-32,25,-30,26,-28,25,-25,25,-24,25,-23,24,-22,22,-21,21,-20,21,-19,21,-20,21,-19,22,-19,23,-21,23,-20,24,-20,23,-21,24,-21,23,-20,21,-21,21,-19,21,-17,20,-18,19,-16,21,-17,0,0,20,-17,22,-16,23,-18,24,-17,24,-16,26,-15,25,-15,26,-15,26,-14,27,-13,26,-11,24,-11,24,-10,22,-8,21,-7,21,-7,19,-5,20,-5,20,-5,21,-5,21,-5,22,-4,20,-4,23,-2,24,-2,23,-1,20,-1,18,1]"
CSI_DATA,264865,d8:b1:90:d9:de:f0,-65,11,-99,-36,67,56,-435161488,100,0,114,0,"[32,6,35,8,37,9,37,10,38,12,36,11,34,12,33,10,31,8,30,8,29,7,28,6,29,6,28,5,29,4,29,3,30,3,31,2,30,1,30,0,31,-1,31,-1,29,-2,29,-2,28,-3,26,-3,26,-4,26,-5,0,0,27,-7,25,-5,26,-5,29,-7,28,-7,29,-7,29,-8,29,-7,29,-6,28,-9,27,-7,26,-6,24,-6,23,-7,23,-6,21,-6,21,-7,21,-7,20,-7,21,-7,22,-7,21,-8,22,-7,22,-8,22,-9,21,-8,19,-5,17,-6]"
CSI_DATA,264866,d8:b1:90:d9:de:f0,-65,11,-99,-36,67,56,-435141605,100,0,114,0,"[29,-12,32,-12,34,-13,36,-12,37,-14,34,-14,33,-12,32,-11,30,-13,29,-13,26,-13,27,-14,25,-14,24,-14,24,-16,23,-16,23,-18,25,-19,22,-20,22,-21,21,-22,20,-23,19,-22,17,-24,18,-22,15,-23,14,-22,15,-23,0,0,13,-24,12,-26,11,-25,11,-27,12,-26,11,-28,10,-27,12,-27,12,-27,12,-27,10,-27,9,-24,8,-24,7,-23,7,-23,6,-21,5,-21,6,-20,6,-21,6,-22,5,-22,4,-22,2,-23,3,-23,4,-22,4,-22,2,-21,2,-18]"
CSI_DATA,264867,d8:b1:90:d9:de:f0,-65,11,-99,-37,67,56,-435131525,100,0,114,0,"[29,13,30,15,32,17,32,19,32,20,31,20,29,20,28,19,27,18,25,19,24,17,24,16,24,15,24,15,23,16,25,15,26,13,26,14,27,13,26,12,27,14,27,13,26,13,26,11,25,12,26,11,25,11,25,11,0,0,25,9,26,10,25,10,26,10,27,11,27,12,26,13,27,13,26,14,27,12,25,12,23,13,22,12,21,11,21,11,20,11,19,10,19,9,19,10,20,11,20,11,20,11,20,12,20,12,20,12,19,12,16,11,14,10]"
CSI_DATA,264868,d8:b1:90:d9:de:f0,-65,11,-99,-37,67,56,-435121476,100,0,114,0,"[4,-32,7,-37,10,-38,12,-39,13,-38,15,-36,15,-32,15,-31,15,-28,16,-27,15,-25,15,-25,16,-24,16,-24,15,-24,16,-25,16,-24,17,-25,17,-26,17,-24,17,-25,17,-24,18,-23,17,-23,18,-21,17,-21,17,-21,17,-20,0,0,18,-19,18,-20,19,-21,20,-20,20,-20,22,-19,23,-18,25,-17,25,-16,25,-15,23,-14,22,-13,21,-11,20,-11,21,-9,20,-8,20,-8,21,-7,21,-6,22,-5,21,-5,22,-5,21,-5,23,-4,24,-2,22,-1,20,-2,19,-1]"
CSI_DATA,264869,d8:b1:90:d9:de:f0,-65,11,-99,-36,67,56,-435099792,100,0,114,0,"[15,28,14,31,15,34,13,35,13,36,12,35,11,34,10,31,10,30,9,29,9,28,10,26,10,26,11,26,12,26,12,26,12,27,13,26,14,25,15,25,14,25,15,25,16,25,16,23,15,23,16,21,15,21,15,19,0,0,17,21,17,20,17,21,19,22,19,24,18,24,19,24,19,25,18,23,18,23,18,23,15,23,15,20,14,19,13,18,14,18,13,18,13,17,13,17,13,18,15,18,14,18,13,20,14,20,14,18,13,18,10,18,10,16]"
CSI_DATA,264870,d8:b1:90:d9:de:f0,-65,11,-99,-35,67,56,-435081637,100,0,114,0,"[30,-9,33,-9,34,-7,36,-7,37,-5,35,-5,34,-2,33,-2,32,-3,30,-2,28,-1,28,-1,28,-2,27,-3,28,-3,27,-3,28,-3,29,-3,29,-4,28,-5,29,-4,28,-4,27,-5,26,-4,28,-4,26,-5,25,-5,26,-5,0,0,27,-5,26,-5,27,-5,27,-5,28,-3,29,-3,28,-4,29,-2,28,-2,29,-2,28,-1,26,0,24,0,23,0,24,0,22,0,21,0,22,0,22,0,22,0,24,0,23,0,22,1,24,1,23,1,22,1,20,2,18,1]"
CSI_DATA,264871,d8:b1:90:d9:de:f0,-65,11,-99,-36,67,56,-435071638,100,0,114,0,"[-15,-29,-16,-32,-15,-35,-16,-36,-16,-37,-16,-34,-14,-33,-15,-31,-14,-29,-14,-28,-15,-26,-15,-26,-16,-24,-17,-23,-18,-23,-18,-22,-19,-22,-21,-22,-21,-21,-21,-19,-22,-20,-23,-18,-23,-18,-23,-15,-23,-15,-23,-15,-24,-12,-24,-13,0,0,-25,-10,-26,-11,-26,-10,-26,-9,-27,-9,-27,-11,-29,-9,-28,-9,-28,-9,-28,-7,-27,-6,-26,-9,-25,-6,-23,-7,-23,-5,-21,-5,-21,-4,-21,-3,-22,-3,-23,-2,-24,-2,-24,-3,-24,-2,-25,-1,-23,0,-23,1,-20,-1,-18,0]"
CSI_DATA,264872,d8:b1:90:d9:de:f0,-66,11,-99,-34,67,56,-435061487,100,0,114,0,"[30,0,32,1,34,3,34,5,35,6,33,6,33,6,31,8,30,6,28,4,27,4,26,5,26,4,26,4,26,3,25,4,26,3,29,4,28,2,28,2,27,2,27,2,26,0,25,0,25,1,25,0,25,0,25,0,0,0,24,0,25,0,27,0,26,0,27,1,28,0,28,0,28,2,28,1,28,1,26,2,25,2,23,3,23,2,22,3,21,3,20,3,20,2,21,3,20,1,23,2,22,4,21,3,23,3,22,3,20,4,18,4,17,4]"
CSI_DATA,264873,d8:b1:90:d9:de:f0,-65,11,-99,-36,67,56,-435041640,100,0,114,0,"[-7,32,-9,35,-10,37,-12,37,-11,35,-12,35,-11,32,-11,32,-11,31,-10,29,-9,28,-8,28,-7,26,-6,27,-5,29,-5,28,-4,30,-5,29,-4,30,-4,29,-3,30,-2,29,-1,28,-1,28,0,27,2,27,3,26,3,26,0,0,1,27,4,27,2,27,3,27,4,28,3,29,3,30,2,31,2,29,2,29,2,29,2,28,2,26,1,25,1,23,1,23,1,21,1,21,1,22,1,22,2,22,2,25,3,24,2,24,2,21,2,22,0,21,0,20]"
CSI_DATA,264874,d8:b1:90:d9:de:f0,-65,11,-99,-36,67,56,-435030840,100,0,114,0,"[27,20,29,22,30,24,30,25,30,24,28,23,27,23,26,19,26,18,26,18,24,16,25,16,25,14,25,13,25,12,26,12,27,10,29,9,29,9,29,7,28,6,29,5,28,5,28,3,28,3,27,2,26,1,27,-2,0,0,27,-1,27,-3,26,-2,29,-4,29,-5,30,-5,30,-6,30,-5,30,-6,30,-7,28,-6,27,-5,26,-5,23,-7,24,-6,22,-5,22,-7,21,-8,20,-8,22,-8,23,-9,23,-9,23,-9,23,-9,23,-10,21,-9,19,-8,19,-7]"
CSI_DATA,264875,d8:b1:90:d9:de:f0,-66,11,-99,-34,67,56,-435010806,100,0,114,0,"[-5,-32,-2,-34,-2,-36,0,-35,1,-37,2,-35,4,-33,6,-32,5,-30,6,-29,5,-26,5,-25,6,-26,6,-26,5,-26,6,-25,5,-26,6,-28,6,-27,6,-28,7,-26,6,-27,7,-26,6,-24,7,-25,7,-25,7,-23,8,-23,0,0,8,-21,9,-24,10,-24,11,-24,12,-25,14,-24,14,-24,16,-23,16,-23,16,-21,17,-20,16,-19,16,-17,16,-16,16,-16,16,-15,17,-14,17,-13,17,-13,18,-13,18,-11,19,-13,19,-13,20,-12,20,-9,19,-8,19,-8,16,-6]"
CSI_DATA,264876,d8:b1:90:d9:de:f0,-66,11,-99,-35,67,56,-434998699,100,0,114,0,"[-23,-22,-24,-24,-25,-26,-25,-27,-26,-27,-24,-26,-23,-26,-23,-22,-21,-19,-20,-20,-21,-17,-20,-16,-20,-16,-21,-14,-22,-14,-23,-12,-24,-12,-26,-12,-26,-11,-27,-9,-27,-9,-26,-9,-25,-8,-25,-5,-25,-5,-24,-5,-25,-2,-24,-3,0,0,-25,-1,-26,-1,-26,0,-28,0,-28,0,-28,0,-29,0,-30,0,-29,0,-30,0,-29,0,-27,0,-26,0,-24,0,-25,1,-23,1,-23,1,-23,3,-22,3,-22,3,-23,3,-22,3,-24,3,-24,4,-24,7,-21,5,-20,4,-18,4]"
CSI_DATA,264877,d8:b1:90:d9:de:f0,-66,11,-99,-35,67,56,-434981639,100,0,114,0,"[31,-10,33,-8,35,-7,37,-4,35,-1,36,-1,33,0,33,0,30,1,28,0,27,1,26,1,25,0,25,0,25,1,26,1,28,1,28,2,28,1,28,1,28,3,27,2,26,3,26,2,25,2,25,3,24,3,24,4,0,0,26,4,25,6,27,6,26,7,26,9,27,11,27,12,27,12,26,13,25,12,25,13,21,15,21,13,19,14,19,13,18,14,16,13,16,14,15,15,16,15,16,17,14,17,14,18,15,18,16,18,13,18,9,17,10,16]"
CSI_DATA,264878,d8:b1:90:d9:de:f0,-66,11,-99,-35,67,56,-434971348,100,0,114,0,"[9,-32,11,-33,14,-34,14,-35,14,-34,14,-33,14,-31,14,-29,12,-27,12,-26,11,-25,10,-24,10,-24,9,-24,8,-24,8,-25,7,-26,8,-25,7,-26,6,-26,6,-26,5,-26,4,-26,4,-26,4,-24,4,-24,3,-24,4,-23,0,0,2,-25,4,-26,3,-27,3,-27,3,-27,4,-29,4,-29,5,-30,5,-29,7,-29,6,-28,6,-26,6,-25,5,-23,6,-22,5,-21,5,-20,6,-20,5,-21,6,-22,6,-22,6,-23,6,-23,5,-22,8,-21,6,-20,6,-19,6,-18]"
CSI_DATA,264879,d8:b1:90:d9:de:f0,-66,11,-99,-34,67,56,-434961299,100,0,114,0,"[-24,-18,-24,-21,-26,-24,-25,-27,-23,-27,-22,-27,-19,-26,-16,-25,-16,-24,-16,-23,-15,-22,-13,-22,-13,-21,-12,-21,-14,-23,-14,-22,-14,-23,-14,-23,-15,-22,-15,-22,-14,-23,-14,-23,-14,-22,-13,-21,-12,-22,-11,-21,-10,-22,-11,-20,0,0,-12,-21,-9,-23,-9,-24,-10,-24,-7,-27,-8,-28,-7,-29,-6,-30,-5,-29,-4,-29,-2,-28,0,-27,0,-27,0,-24,0,-24,0,-22,0,-21,1,-21,1,-20,2,-21,2,-21,4,-23,5,-23,5,-24,6,-21,5,-22,7,-19,6,-16]"
CSI_DATA,264880,d8:b1:90:d9:de:f0,-66,11,-99,-34,67,56,-434949322,100,0,114,0,"[-3,-29,-3,-33,-4,-34,-3,-35,-4,-35,-3,-33,-3,-33,-3,-31,-4,-29,-6,-28,-6,-26,-6,-25,-7,-24,-9,-23,-10,-23,-10,-23,-13,-23,-14,-24,-15,-23,-16,-21,-16,-21,-16,-21,-16,-18,-16,-18,-17,-17,-17,-16,-19,-16,-19,-15,0,0,-19,-15,-20,-14,-20,-15,-22,-16,-23,-15,-24,-16,-25,-16,-25,-16,-25,-15,-25,-14,-23,-14,-24,-13,-22,-12,-21,-12,-20,-10,-19,-9,-19,-9,-18,-7,-20,-8,-19,-7,-21,-7,-21,-8,-21,-6,-24,-7,-21,-5,-20,-6,-19,-6,-16,-4]"
CSI_DATA,264881,d8:b1:90:d9:de:f0,-66,11,-99,-34,67,56,-434931666,100,0,114,0,"[15,27,16,30,16,32,16,33,16,33,16,32,15,31,14,29,14,26,14,24,14,23,14,21,15,20,16,20,16,19,16,19,18,18,18,18,19,18,20,16,21,16,22,15,21,15,21,13,22,12,21,11,20,9,21,9,0,0,24,8,23,9,24,9,25,7,26,8,26,9,27,9,29,11,28,9,29,8,27,7,26,8,24,7,24,6,23,5,23,5,21,5,21,3,22,4,23,3,24,3,23,3,23,3,24,2,24,1,22,2,18,2,18,1]"
CSI_DATA,264882,d8:b1:90:d9:de:f0,-66,11,-99,-34,67,56,-434921623,100,0,114,0,"[-22,-22,-23,-25,-24,-27,-22,-28,-23,-30,-20,-29,-19,-28,-17,-26,-17,-24,-16,-23,-16,-20,-16,-20,-15,-21,-15,-19,-16,-19,-16,-19,-16,-18,-18,-20,-17,-18,-17,-19,-17,-19,-19,-18,-18,-18,-18,-16,-17,-17,-16,-17,-17,-16,-17,-16,0,0,-16,-16,-18,-16,-18,-16,-19,-20,-19,-19,-19,-20,-20,-21,-19,-21,-18,-20,-18,-20,-16,-20,-16,-21,-15,-20,-13,-18,-14,-19,-14,-18,-13,-19,-12,-17,-13,-18,-13,-17,-13,-17,-13,-18,-12,-19,-13,-21,-13,-18,-12,-17,-9,-18,-7,-15]"
CSI_DATA,264883,d8:b1:90:d9:de:f0,-65,9,-99,-36,67,56,-434905356,83,0,106,0,"[15,1,82,15,38,1,10,15,42,1,3,15,27,1,47,15,-13,0,96,15,-52,0,-111,15,-113,0,-94,15,96,0,-96,15,64,0,-108,15,47,0,-113,15,32,0,-92,15,16,0,-32,15,-26,15,23,0,0,0,0,0,86,15,79,0,-15,14,58,0,-72,14,26,0,-95,14,-16,15,-60,14,-53,15,11,15,-44,15,86,15,-20,15,125,15,17,0,-112,15,46,0,-103,15,60,0,-97,15,44,0,-76,15,1,0,-33,15]"
CSI_DATA,264884,d8:b1:90:d9:de:f0,-65,9,-99,-36,67,56,-434891997,98,0,106,0,"[109,15,-16,14,25,15,-33,14,2,15,-22,14,23,15,7,15,64,15,43,15,103,15,87,15,-127,15,-112,15,-126,15,-55,15,125,15,-12,15,-123,15,15,0,-93,15,15,0,-46,15,7,0,22,0,18,0,0,0,0,0,-92,0,82,0,-34,0,-115,0,7,1,-57,0,-5,0,-29,0,-34,0,-35,0,-78,0,-89,0,-111,0,96,0,124,0,35,0,125,0,-7,15,122,0,-26,15,106,0,-28,15,73,0,0,0,30,0]"
CSI_DATA,264885,d8:b1:90:d9:de:f0,-66,11,-99,-37,68,56,-434881644,100,0,114,0,"[-21,20,-22,21,-25,22,-27,22,-26,22,-26,22,-24,20,-23,20,-22,19,-21,18,-20,17,-19,17,-17,17,-15,18,-15,18,-16,19,-15,21,-15,21,-14,22,-13,22,-13,22,-11,22,-11,22,-11,22,-11,21,-10,23,-9,22,-9,22,0,0,-10,22,-8,22,-8,23,-9,24,-9,24,-11,26,-10,27,-11,27,-11,25,-11,26,-11,24,-10,25,-11,24,-11,23,-10,22,-10,22,-8,20,-8,20,-9,19,-8,21,-9,22,-8,22,-7,22,-7,21,-9,20,-9,19,-7,18,-7,15]"
CSI_DATA,264886,d8:b1:90:d9:de:f0,-66,11,-99,-34,67,56,-434871194,100,0,114,0,"[-5,30,-7,33,-10,33,-12,33,-13,33,-15,32,-15,30,-15,28,-13,27,-13,26,-12,23,-13,23,-12,22,-12,22,-12,22,-11,22,-12,23,-12,23,-12,24,-13,22,-14,23,-11,23,-11,23,-11,22,-12,21,-11,21,-12,21,-12,19,0,0,-13,19,-13,20,-15,20,-16,20,-17,21,-19,21,-18,22,-20,21,-20,18,-21,17,-21,17,-22,17,-20,15,-20,14,-21,12,-19,11,-19,10,-20,10,-19,9,-21,10,-21,9,-21,9,-21,9,-21,7,-21,5,-19,4,-18,4,-16,3]"
CSI_DATA,264887,d8:b1:90:d9:de:f0,-66,11,-99,-37,68,56,-434851548,100,0,114,0,"[-29,-10,-31,-12,-31,-14,-31,-15,-32,-16,-30,-15,-29,-17,-25,-15,-25,-12,-24,-13,-22,-12,-23,-11,-22,-11,-22,-11,-22,-12,-22,-11,-22,-11,-23,-11,-24,-10,-24,-9,-22,-11,-23,-9,-23,-8,-22,-9,-22,-9,-21,-8,-21,-7,-22,-7,0,0,-22,-9,-22,-8,-22,-8,-24,-11,-25,-10,-25,-11,-24,-12,-25,-13,-25,-14,-25,-13,-23,-15,-22,-15,-19,-14,-19,-14,-18,-14,-16,-13,-17,-12,-16,-12,-17,-12,-17,-13,-18,-13,-16,-14,-16,-15,-16,-15,-15,-13,-14,-13,-12,-13,-10,-11]"
CSI_DATA,264888,d8:b1:90:d9:de:f0,-66,11,-99,-37,68,56,-434831647,100,0,114,0,"[15,25,15,28,15,30,14,31,14,33,14,31,12,30,11,28,12,26,11,24,11,22,11,22,11,22,12,22,12,22,15,22,15,22,14,22,15,22,16,20,16,21,17,20,16,19,16,18,15,18,16,18,15,17,15,16,0,0,18,17,16,19,16,19,17,19,17,20,17,22,17,22,18,24,17,24,18,23,17,24,14,22,14,21,13,20,12,20,12,20,12,19,11,18,12,19,11,18,11,19,12,19,12,20,12,21,11,18,11,18,9,18,8,14]"
CSI_DATA,264889,d8:b1:90:d9:de:f0,-66,11,-99,-36,68,56,-434821590,100,0,114,0,"[-3,28,-6,31,-7,32,-9,33,-9,31,-10,31,-10,28,-11,28,-11,24,-10,24,-10,23,-8,21,-9,21,-9,21,-9,21,-9,22,-10,24,-10,21,-11,23,-10,22,-9,23,-9,23,-9,21,-10,20,-9,20,-9,19,-10,17,-11,20,0,0,-11,19,-13,19,-13,19,-15,19,-16,20,-16,20,-18,20,-19,20,-21,18,-22,17,-21,16,-20,16,-20,14,-19,13,-19,10,-19,9,-17,9,-19,8,-19,8,-19,8,-19,8,-20,8,-19,6,-20,6,-21,4,-19,4,-17,4,-15,2]"
CSI_DATA,264890,d8:b1:90:d9:de:f0,-66,11,-99,-35,68,56,-434801518,100,0,114,0,"[-17,-20,-19,-24,-18,-26,-18,-28,-17,-28,-16,-28,-13,-26,-12,-25,-12,-24,-12,-22,-10,-22,-10,-20,-10,-20,-11,-19,-11,-20,-11,-20,-12,-20,-12,-19,-11,-20,-12,-19,-12,-20,-12,-20,-11,-20,-12,-19,-10,-19,-10,-19,-10,-18,-10,-19,0,0,-9,-19,-8,-20,-9,-21,-8,-22,-8,-24,-9,-25,-7,-25,-6,-26,-6,-26,-4,-26,-3,-26,-2,-25,0,-24,-1,-22,0,-22,0,-22,0,-21,0,-19,0,-20,0,-20,0,-20,2,-21,2,-21,4,-21,3,-19,3,-18,5,-18,4,-14]"
CSI_DATA,264891,d8:b1:90:d9:de:f0,-67,11,-99,-35,68,56,-434788781,100,0,114,0,"[27,2,30,3,32,2,32,4,32,3,32,3,31,4,29,4,27,0,26,1,24,0,23,0,24,-1,24,-2,24,-2,23,-4,24,-5,23,-6,24,-6,23,-8,23,-8,22,-9,21,-9,20,-10,21,-9,19,-9,18,-10,19,-11,0,0,19,-12,17,-12,19,-12,20,-13,19,-13,22,-13,22,-14,23,-14,25,-14,23,-15,21,-13,20,-12,20,-13,19,-13,19,-12,18,-11,16,-12,16,-12,16,-12,17,-12,17,-12,16,-13,16,-12,16,-13,16,-13,15,-12,12,-11,11,-10]"
CSI_DATA,264892,d8:b1:90:d9:de:f0,-67,11,-99,-35,68,56,-434771613,100,0,114,0,"[-6,26,-6,29,-9,31,-8,31,-8,32,-7,30,-7,30,-6,28,-4,25,-4,25,-3,24,-2,23,0,25,0,23,1,23,2,24,2,24,4,25,6,25,6,23,6,24,7,23,7,22,9,21,8,20,10,20,10,19,11,19,0,0,11,18,12,19,12,19,13,19,15,21,14,22,15,23,15,23,15,21,15,22,15,21,14,21,14,20,13,19,12,18,13,16,12,16,12,14,12,15,12,15,15,14,14,15,15,15,15,14,14,14,14,12,12,12,12,10]"
CSI_DATA,264893,d8:b1:90:d9:de:f0,-67,11,-99,-35,68,56,-434761600,100,0,114,0,"[-13,24,-17,25,-19,26,-19,26,-19,25,-19,25,-19,23,-19,22,-16,20,-15,21,-13,19,-13,19,-12,19,-12,20,-12,19,-11,20,-12,19,-12,19,-10,20,-10,21,-10,21,-9,22,-9,21,-8,22,-9,20,-7,20,-7,19,-8,19,0,0,-7,21,-8,20,-9,22,-10,23,-9,23,-12,25,-10,25,-13,25,-13,24,-14,24,-12,23,-13,21,-12,20,-12,19,-12,19,-12,17,-12,17,-12,17,-12,17,-12,17,-12,17,-12,18,-12,18,-12,17,-12,15,-12,14,-10,13,-10,12]"
CSI_DATA,264894,d8:b1:90:d9:de:f0,-66,11,-99,-35,68,56,-434741644,100,0,114,0,"[-24,-12,-26,-14,-27,-15,-27,-16,-28,-16,-27,-16,-25,-16,-25,-14,-23,-12,-22,-12,-21,-11,-20,-10,-19,-9,-21,-9,-21,-7,-21,-7,-22,-7,-23,-6,-23,-6,-23,-6,-24,-5,-24,-4,-22,-4,-22,-2,-21,-2,-21,-3,-21,-1,-21,-2,0,0,-21,0,-22,-1,-23,-1,-24,-2,-25,-1,-26,-2,-25,-3,-26,-4,-27,-3,-26,-4,-26,-4,-24,-5,-22,-4,-21,-4,-20,-3,-21,-3,-19,-3,-19,-2,-20,-2,-20,-2,-20,-2,-20,-2,-21,-4,-20,-4,-20,-2,-19,-3,-16,-3,-13,-2]"
CSI_DATA,264895,d8:b1:90:d9:de:f0,-66,11,-99,-36,68,56,-434731633,100,0,114,0,"[-25,-12,-27,-16,-28,-17,-28,-19,-28,-20,-26,-19,-25,-20,-23,-17,-21,-16,-19,-16,-18,-16,-19,-16,-18,-14,-17,-15,-18,-14,-17,-15,-20,-16,-20,-15,-20,-14,-20,-14,-20,-15,-20,-15,-17,-14,-18,-14,-18,-14,-17,-13,-17,-12,-17,-13,0,0,-18,-14,-17,-16,-17,-16,-20,-16,-17,-17,-17,-20,-17,-20,-17,-23,-17,-22,-16,-22,-16,-22,-13,-23,-12,-21,-11,-19,-10,-20,-10,-18,-8,-18,-8,-17,-8,-18,-8,-18,-8,-19,-8,-21,-7,-21,-8,-20,-7,-19,-5,-17,-4,-16,-2,-15]"
CSI_DATA,264896,d8:b1:90:d9:de:f0,-66,11,-99,-36,68,56,-434721165,100,0,114,0,"[-28,9,-30,10,-32,9,-33,8,-33,8,-32,8,-31,8,-28,8,-26,8,-24,8,-24,7,-23,8,-23,8,-21,9,-21,8,-21,10,-21,10,-21,11,-20,12,-20,13,-19,13,-20,14,-18,13,-17,14,-18,14,-16,14,-17,14,-16,14,0,0,-17,15,-17,15,-17,16,-18,16,-18,16,-21,16,-21,17,-23,17,-23,16,-24,16,-22,16,-20,14,-19,13,-18,12,-19,13,-18,11,-17,11,-17,12,-17,11,-17,12,-17,12,-16,12,-16,12,-16,12,-17,12,-16,10,-14,9,-12,8]"
CSI_DATA,264897,d8:b1:90:d9:de:f0,-66,11,-99,-35,68,56,-434701310,100,0,114,0,"[27,2,30,3,32,4,32,5,32,4,31,4,29,5,27,3,25,2,25,1,25,0,24,0,24,0,22,0,22,-2,21,-3,23,-4,24,-5,23,-6,23,-6,22,-7,22,-8,21,-8,19,-8,20,-9,19,-9,19,-10,19,-12,0,0,20,-11,19,-12,20,-12,22,-13,21,-13,24,-12,23,-14,23,-13,22,-13,24,-14,22,-13,22,-12,21,-13,19,-12,19,-12,18,-12,17,-12,16,-12,16,-12,17,-12,17,-12,16,-12,16,-12,17,-13,17,-13,15,-12,13,-11,11,-8]"
CSI_DATA,264898,d8:b1:90:d9:de:f0,-66,11,-99,-35,68,56,-434690429,100,0,114,0,"[-14,23,-17,25,-19,25,-22,25,-21,24,-21,22,-21,20,-20,19,-19,18,-19,16,-18,16,-17,15,-16,16,-16,15,-17,14,-16,15,-17,15,-18,16,-18,17,-17,17,-18,16,-17,16,-17,14,-17,15,-17,14,-16,14,-17,13,-18,14,0,0,-18,12,-18,14,-19,13,-21,12,-22,12,-23,12,-25,11,-25,10,-25,9,-25,8,-25,7,-24,6,-24,5,-23,4,-23,4,-20,3,-20,2,-20,2,-20,1,-20,0,-21,0,-21,0,-20,0,-20,-1,-22,-1,-19,-3,-17,-2,-13,-2]"
CSI_DATA,264899,d8:b1:90:d9:de:f0,-66,11,-99,-34,68,56,-434671651,100,0,114,0,"[-26,-6,-28,-9,-31,-10,-30,-10,-30,-11,-29,-11,-26,-11,-26,-9,-26,-9,-24,-8,-22,-6,-21,-5,-21,-5,-22,-4,-21,-4,-22,-3,-23,-3,-23,-2,-24,-1,-24,-1,-24,0,-24,0,-23,0,-22,0,-21,1,-21,1,-21,1,-21,2,0,0,-22,3,-22,3,-24,2,-23,2,-25,3,-26,2,-26,3,-26,2,-26,1,-26,2,-26,2,-24,2,-24,1,-22,1,-22,0,-21,0,-21,0,-21,2,-21,1,-21,2,-21,2,-21,2,-20,2,-21,2,-21,2,-19,1,-15,1,-14,0]"
CSI_DATA,264900,d8:b1:90:d9:de:f0,-66,11,-99,-37,68,56,-434661058,100,0,114,0,"[14,-24,17,-27,19,-27,20,-26,22,-26,22,-24,22,-22,22,-20,20,-21,20,-17,18,-17,18,-17,19,-16,18,-16,18,-16,18,-15,18,-15,20,-17,19,-16,20,-16,20,-16,20,-16,18,-15,18,-15,19,-14,19,-14,18,-13,20,-14,0,0,19,-12,20,-11,21,-12,24,-11,24,-11,25,-11,26,-10,26,-9,27,-8,28,-7,27,-6,25,-4,23,-2,22,-2,23,-2,22,0,22,0,22,0,22,0,22,0,22,1,22,0,22,2,22,3,22,4,20,4,18,4,15,4]"
CSI_DATA,264901,d8:b1:90:d9:de:f0,-67,11,-99,-35,68,56,-434640724,100,0,114,0,"[24,12,25,15,25,18,25,19,25,19,23,19,21,19,20,19,18,17,17,19,16,16,15,18,14,17,14,16,15,16,14,15,15,17,15,16,16,17,15,16,17,17,16,18,15,17,15,15,15,17,14,17,13,17,13,16,0,0,14,18,13,19,13,20,12,20,13,22,12,24,12,25,12,27,12,25,10,25,8,25,6,25,5,25,5,23,5,22,4,22,2,20,3,20,2,20,1,21,2,21,1,21,0,21,0,21,-1,19,0,19,0,17,-1,14]"
CSI_DATA,264902,d8:b1:90:d9:de:f0,-66,11,-99,-36,68,56,-434619947,100,0,114,0,"[-3,-27,-3,-31,-3,-31,-3,-32,-4,-33,-3,-32,-4,-31,-4,-28,-6,-25,-5,-24,-5,-23,-8,-23,-8,-22,-8,-21,-9,-22,-10,-22,-12,-21,-12,-21,-13,-20,-13,-19,-14,-20,-16,-18,-16,-18,-17,-16,-17,-16,-16,-16,-18,-15,-18,-13,0,0,-20,-14,-21,-14,-21,-13,-24,-13,-23,-13,-23,-15,-25,-14,-25,-16,-25,-14,-25,-13,-25,-13,-24,-13,-22,-12,-23,-11,-21,-10,-19,-9,-19,-8,-19,-7,-20,-6,-19,-7,-21,-6,-20,-6,-22,-7,-23,-6,-22,-4,-19,-4,-18,-4,-16,-3]"
CSI_DATA,264903,d8:b1:90:d9:de:f0,-66,11,-99,-36,68,56,-434601701,100,0,114,0,"[-28,-1,-30,-1,-33,-3,-32,-3,-32,-4,-32,-5,-30,-5,-28,-3,-27,-2,-26,-1,-24,-1,-24,0,-24,0,-23,0,-23,0,-23,1,-24,3,-25,2,-25,4,-24,5,-24,5,-24,5,-23,7,-21,8,-22,8,-20,7,-20,8,-22,10,0,0,-22,8,-21,9,-23,10,-24,9,-24,11,-26,12,-27,11,-27,11,-26,11,-26,12,-25,11,-24,10,-23,9,-21,9,-21,8,-20,8,-19,8,-20,10,-19,10,-18,9,-19,11,-18,9,-18,10,-20,9,-18,11,-17,9,-16,8,-14,8]"
CSI_DATA,264904,d8:b1:90:d9:de:f0,-66,11,-99,-35,67,56,-434589096,100,0,114,0,"[-13,-27,-13,-30,-12,-33,-11,-34,-10,-34,-9,-33,-8,-32,-6,-29,-8,-28,-7,-27,-5,-25,-7,-25,-7,-24,-8,-24,-7,-25,-8,-24,-10,-25,-8,-25,-9,-26,-9,-24,-11,-24,-11,-25,-10,-23,-10,-23,-10,-22,-10,-22,-10,-21,-8,-22,0,0,-12,-22,-11,-23,-11,-24,-12,-25,-13,-27,-11,-28,-11,-29,-11,-31,-10,-29,-10,-29,-9,-28,-7,-27,-6,-25,-6,-24,-5,-22,-5,-22,-5,-22,-5,-21,-5,-22,-4,-21,-4,-21,-4,-22,-5,-23,-5,-23,-4,-21,-3,-20,-2,-19,-2,-16]"
CSI_DATA,264905,d8:b1:90:d9:de:f0,-65,11,-99,-34,67,56,-434571466,100,0,114,0,"[25,-17,28,-18,29,-17,31,-18,31,-16,32,-16,30,-13,29,-13,26,-13,24,-12,23,-12,22,-11,23,-12,22,-12,21,-12,22,-13,22,-13,24,-13,23,-14,23,-15,23,-15,23,-14,21,-15,20,-15,20,-14,19,-14,19,-14,20,-14,0,0,20,-15,21,-14,22,-16,23,-15,24,-16,26,-16,26,-15,26,-15,26,-14,27,-14,26,-14,24,-11,23,-10,21,-10,22,-10,22,-9,20,-7,21,-8,21,-8,21,-8,23,-7,22,-8,21,-8,22,-8,22,-7,21,-7,19,-5,16,-4]"
CSI_DATA,264906,d8:b1:90:d9:de:f0,-65,11,-99,-35,67,56,-434561285,100,0,114,0,"[11,-28,13,-30,14,-32,15,-32,14,-33,15,-32,14,-29,12,-27,11,-27,9,-27,8,-26,8,-27,7,-24,6,-25,4,-25,4,-26,3,-27,2,-28,0,-28,0,-28,0,-28,-1,-29,-2,-27,-4,-26,-3,-25,-4,-23,-5,-24,-4,-24,0,0,-8,-24,-7,-25,-8,-26,-10,-27,-10,-28,-11,-29,-12,-30,-12,-30,-11,-29,-12,-29,-11,-28,-12,-27,-10,-24,-11,-23,-9,-22,-9,-21,-10,-20,-9,-18,-10,-19,-11,-19,-12,-19,-14,-21,-14,-20,-13,-19,-10,-17,-11,-16,-11,-15,-10,-14]"
CSI_DATA,264907,d8:b1:90:d9:de:f0,-66,11,-99,-35,67,56,-434540634,100,0,114,0,"[-30,1,-33,1,-34,0,-34,0,-34,0,-34,0,-32,0,-31,0,-30,1,-28,0,-26,1,-25,2,-24,3,-24,5,-25,5,-25,6,-25,7,-27,8,-26,9,-25,11,-24,12,-24,12,-23,12,-21,12,-22,14,-20,13,-19,14,-20,15,0,0,-21,17,-19,17,-20,18,-21,19,-21,20,-22,21,-23,22,-22,22,-22,21,-22,21,-20,21,-20,18,-18,19,-17,18,-16,17,-16,16,-14,17,-14,17,-15,18,-15,17,-14,18,-14,18,-13,17,-14,18,-13,19,-13,17,-9,15,-10,14]"
CSI_DATA,264908,d8:b1:90:d9:de:f0,-66,11,-99,-33,67,56,-434521448,100,0,114,0,"[0,-30,0,-33,1,-33,4,-33,3,-33,5,-33,5,-31,7,-30,6,-28,6,-25,6,-25,5,-23,6,-25,5,-23,4,-24,4,-23,3,-25,5,-26,5,-25,4,-25,4,-27,4,-26,4,-25,2,-24,4,-24,3,-24,3,-23,4,-24,0,0,4,-23,3,-25,4,-25,4,-26,6,-27,6,-28,7,-28,8,-29,8,-27,10,-27,10,-27,9,-24,8,-23,9,-22,9,-21,9,-20,9,-20,10,-19,10,-18,11,-19,11,-18,10,-20,10,-20,11,-20,12,-17,11,-16,11,-16,10,-13]"
CSI_DATA,264909,d8:b1:90:d9:de:f0,-66,11,-99,-34,67,56,-434510839,100,0,114,0,"[31,1,34,3,35,5,36,6,35,6,34,7,32,6,32,6,29,6,29,5,26,5,25,3,27,3,26,2,26,0,26,0,27,0,28,0,28,0,28,-1,28,-1,28,-1,26,-1,24,-3,24,-3,24,-3,23,-5,25,-5,0,0,24,-5,25,-5,26,-6,26,-7,27,-6,27,-6,29,-6,29,-6,30,-5,28,-7,27,-7,26,-6,24,-5,25,-5,22,-5,22,-4,20,-5,21,-5,21,-4,21,-5,21,-5,21,-5,20,-4,22,-6,22,-6,21,-6,17,-4,16,-4]"
CSI_DATA,264910,d8:b1:90:d9:de:f0,-65,11,-99,-35,67,56,-434491657,100,0,114,0,"[-28,17,-31,17,-34,16,-34,14,-37,14,-35,12,-35,8,-33,8,-31,6,-30,4,-28,5,-27,3,-28,4,-27,3,-26,4,-27,3,-27,3,-30,5,-30,4,-29,3,-29,2,-29,3,-28,2,-26,4,-26,2,-26,2,-25,3,-26,3,0,0,-25,0,-27,2,-27,1,-28,0,-29,0,-30,0,-29,-2,-29,-3,-30,-4,-28,-4,-28,-5,-25,-5,-25,-6,-22,-6,-22,-6,-21,-6,-19,-7,-20,-7,-20,-8,-21,-9,-20,-9,-20,-10,-19,-11,-19,-11,-20,-11,-17,-11,-14,-10,-13,-8]"
CSI_DATA,264911,d8:b1:90:d9:de:f0,-66,11,-99,-35,67,56,-434478449,100,0,114,0,"[29,13,32,15,33,16,33,20,33,21,30,20,28,21,27,18,24,17,23,17,23,15,23,15,23,13,23,12,23,12,24,11,25,12,25,12,26,12,25,10,26,10,26,11,25,10,26,8,25,8,24,6,25,7,26,4,0,0,24,7,25,5,26,6,26,7,28,6,28,6,29,7,29,8,30,8,29,7,28,6,25,7,25,5,23,6,22,6,22,5,21,6,21,3,21,4,21,6,22,4,21,6,20,5,21,5,22,4,20,4,17,5,15,4]"
CSI_DATA,264912,d8:b1:90:d9:de:f0,-66,11,-99,-35,67,56,-434461593,100,0,114,0,"[-13,30,-15,32,-17,33,-18,34,-18,34,-17,33,-16,30,-16,30,-13,27,-12,26,-11,25,-10,25,-10,24,-9,25,-8,26,-7,26,-7,27,-7,27,-6,29,-4,28,-4,30,-2,29,-2,28,0,27,0,27,0,26,0,26,0,26,0,0,2,24,3,26,3,28,3,26,4,28,4,29,5,28,4,30,4,29,5,28,4,28,4,26,4,25,4,23,4,21,5,22,4,20,4,20,5,19,4,20,6,21,7,21,7,21,6,22,5,19,6,18,6,16,5,17]"
CSI_DATA,264913,d8:b1:90:d9:de:f0,-66,11,-99,-35,67,56,-434451564,100,0,114,0,"[19,26,20,29,20,32,18,34,16,34,15,34,13,33,12,32,10,29,9,28,9,27,9,26,11,26,11,26,11,25,11,26,11,27,11,27,12,26,11,25,13,27,13,26,13,26,12,26,13,23,14,22,13,22,13,21,0,0,12,23,12,22,12,23,13,23,14,24,13,26,12,26,12,27,11,27,12,26,11,25,11,26,9,24,9,23,7,21,6,20,5,19,6,18,5,18,4,19,5,19,5,21,5,21,5,21,5,18,3,18,1,17,1,17]"
CSI_DATA,264914,d8:b1:90:d9:de:f0,-65,11,-99,-37,67,56,-434430830,100,0,114,0,"[-28,17,-33,17,-37,16,-39,15,-39,13,-38,11,-36,10,-36,9,-33,8,-31,7,-30,6,-29,7,-30,7,-28,7,-29,7,-29,7,-29,7,-30,6,-29,8,-29,8,-30,8,-30,8,-28,7,-28,7,-27,7,-26,7,-25,7,-27,8,0,0,-26,8,-25,7,-26,8,-28,8,-27,6,-28,6,-29,5,-28,5,-29,4,-29,3,-27,3,-25,2,-24,2,-23,1,-23,0,-21,0,-19,0,-20,-1,-21,-1,-21,-1,-21,-2,-21,-2,-19,-3,-20,-2,-21,-3,-20,-4,-16,-3,-16,-4]"
CSI_DATA,264915,d8:b1:90:d9:de:f0,-65,11,-99,-38,67,56,-434410783,100,0,114,0,"[33,-7,37,-6,40,-5,42,-4,43,-2,41,-2,39,0,37,0,36,-1,33,0,31,0,30,0,31,1,29,0,31,0,30,-1,31,-1,33,-1,32,-1,31,-2,32,-3,31,-3,30,-3,30,-4,29,-3,28,-3,27,-3,27,-4,0,0,27,-4,27,-4,27,-4,29,-4,27,-3,29,-3,28,-3,30,-3,30,-3,30,-2,28,-1,26,1,24,0,23,0,24,0,22,0,21,1,21,0,22,0,21,0,22,0,22,1,21,2,22,3,23,3,21,3,19,3,15,4]"
CSI_DATA,264916,d8:b1:90:d9:de:f0,-66,11,-99,-35,67,56,-434391368,100,0,114,0,"[29,-12,32,-13,35,-13,38,-13,36,-11,36,-11,34,-9,33,-10,31,-9,30,-9,28,-10,27,-9,26,-11,26,-11,25,-12,26,-12,26,-14,25,-13,26,-16,25,-16,24,-17,23,-17,22,-18,22,-17,21,-17,18,-17,19,-18,18,-19,0,0,18,-18,16,-18,17,-19,18,-19,16,-21,17,-21,18,-21,16,-21,18,-21,18,-20,16,-19,15,-19,14,-17,14,-17,14,-15,13,-15,11,-14,11,-14,11,-14,12,-15,12,-17,12,-16,10,-16,11,-16,13,-16,11,-14,9,-13,9,-11]"
CSI_DATA,264917,d8:b1:90:d9:de:f0,-65,11,-99,-36,67,56,-434380100,100,0,114,0,"[-9,-33,-9,-36,-9,-38,-7,-40,-7,-40,-7,-39,-6,-37,-7,-35,-8,-34,-7,-34,-8,-30,-9,-30,-10,-29,-11,-28,-12,-28,-12,-27,-14,-28,-16,-27,-16,-27,-16,-25,-18,-26,-19,-24,-18,-24,-19,-22,-19,-22,-20,-21,-18,-19,-19,-18,0,0,-21,-16,-20,-17,-22,-17,-22,-16,-23,-17,-23,-18,-22,-18,-24,-17,-23,-16,-23,-14,-23,-15,-20,-15,-20,-13,-18,-13,-17,-11,-17,-10,-16,-10,-17,-8,-16,-9,-17,-9,-17,-9,-18,-9,-19,-10,-21,-9,-18,-7,-18,-8,-16,-8,-14,-7]"
CSI_DATA,264918,d8:b1:90:d9:de:f0,-65,11,-99,-37,67,56,-434361651,100,0,114,0,"[29,-19,33,-20,37,-20,39,-20,39,-18,38,-17,37,-16,36,-15,31,-14,31,-14,29,-13,27,-12,27,-14,27,-14,26,-15,26,-16,27,-17,27,-15,27,-18,26,-18,26,-18,25,-18,23,-17,23,-17,22,-18,20,-16,20,-17,21,-18,0,0,20,-18,18,-17,20,-18,20,-18,21,-17,22,-18,21,-18,21,-17,21,-16,21,-17,19,-16,19,-14,18,-13,17,-13,16,-11,16,-10,14,-12,15,-11,15,-11,16,-11,16,-11,17,-11,16,-10,16,-10,18,-11,17,-10,14,-8,13,-6]"
CSI_DATA,264919,d8:b1:90:d9:de:f0,-66,11,-99,-35,67,56,-434340874,100,0,114,0,"[29,15,32,18,32,21,32,22,33,23,31,24,29,24,28,22,27,20,24,20,23,19,23,19,23,19,23,17,24,18,24,18,24,18,25,18,26,18,25,16,25,17,25,16,25,16,25,14,24,14,22,14,22,12,23,13,0,0,20,11,22,11,21,12,21,13,22,14,22,14,22,15,22,15,21,15,19,14,18,13,17,16,15,14,14,14,13,13,12,13,11,12,12,10,12,11,12,12,12,12,11,14,11,15,12,15,11,14,11,14,7,14,7,12]"
CSI_DATA,264920,d8:b1:90:d9:de:f0,-66,11,-99,-36,68,56,-434327535,100,0,114,0,"[-30,4,-33,4,-35,4,-37,3,-37,2,-36,2,-34,1,-33,2,-32,2,-29,2,-27,4,-26,4,-28,5,-27,6,-26,7,-25,8,-26,9,-26,9,-27,10,-25,12,-26,13,-25,12,-23,12,-21,13,-21,13,-20,14,-18,15,-19,15,0,0,-18,15,-16,13,-16,16,-17,16,-18,16,-18,16,-17,16,-17,15,-16,14,-18,16,-16,15,-15,12,-14,12,-13,11,-13,11,-13,10,-12,10,-12,11,-12,10,-13,11,-13,11,-11,11,-11,11,-12,13,-14,13,-13,11,-11,10,-11,8]"
CSI_DATA,264921,d8:b1:90:d9:de:f0,-66,11,-99,-34,67,56,-434311219,100,0,114,0,"[6,32,4,36,3,38,0,40,0,40,0,39,-2,37,-3,35,-3,34,-2,33,-1,30,-3,29,-2,29,-2,28,0,28,-1,28,-2,31,-3,30,-2,30,-2,29,-2,29,-1,30,-1,29,-1,28,-1,27,-1,27,0,25,0,25,0,0,-2,25,-3,25,-3,24,-4,25,-4,25,-5,25,-6,25,-8,25,-7,22,-8,22,-8,22,-8,20,-10,18,-9,16,-9,16,-10,15,-10,15,-10,14,-9,14,-12,14,-11,14,-12,15,-12,15,-15,14,-15,11,-15,10,-14,10,-11,7]"
CSI_DATA,264922,d8:b1:90:d9:de:f0,-66,11,-99,-37,68,56,-434291698,100,0,114,0,"[18,-26,21,-28,24,-30,24,-30,24,-28,25,-27,24,-26,23,-24,21,-23,20,-22,19,-21,18,-21,17,-21,16,-21,16,-21,17,-22,16,-22,17,-22,16,-22,15,-22,15,-23,13,-23,13,-24,12,-23,12,-23,11,-21,11,-21,11,-21,0,0,11,-19,11,-21,11,-21,11,-21,11,-21,12,-20,12,-21,13,-22,14,-20,14,-19,14,-17,12,-16,13,-15,11,-14,13,-13,11,-11,11,-11,11,-11,12,-12,13,-11,13,-11,13,-12,12,-12,15,-11,16,-9,15,-9,12,-8,12,-6]"
CSI_DATA,264923,d8:b1:90:d9:de:f0,-67,11,-99,-35,68,56,-434279624,100,0,114,0,"[29,-7,32,-7,36,-6,36,-5,37,-3,35,-2,33,0,32,-2,30,-1,30,0,26,-1,26,-1,25,-1,25,-1,25,-2,25,-2,26,-2,27,-3,26,-3,25,-4,25,-3,26,-2,25,-2,23,-3,24,-4,21,-3,22,-3,21,-5,0,0,21,-3,21,-3,22,-2,22,-1,22,-1,23,0,23,0,23,0,24,1,23,1,21,1,19,4,17,4,17,4,17,4,17,5,15,4,16,3,16,4,15,5,17,6,15,6,15,6,16,7,17,8,15,8,12,8,11,8]"
CSI_DATA,264924,d8:b1:90:d9:de:f0,-67,11,-99,-35,68,56,-434261657,100,0,114,0,"[-23,18,-27,19,-31,18,-32,17,-33,16,-32,14,-32,13,-30,12,-28,11,-27,10,-25,8,-25,6,-24,9,-24,8,-25,8,-24,8,-25,8,-25,9,-25,9,-25,9,-24,7,-22,8,-23,7,-21,7,-21,7,-19,6,-19,5,-21,6,0,0,-21,6,-21,4,-21,4,-22,4,-22,2,-24,0,-23,0,-22,0,-23,0,-23,0,-21,-2,-19,-5,-19,-5,-18,-4,-17,-5,-16,-6,-15,-5,-16,-5,-15,-5,-16,-6,-16,-7,-15,-8,-15,-9,-16,-10,-16,-10,-14,-12,-12,-10,-9,-9]"
CSI_DATA,264925,d8:b1:90:d9:de:f0,-67,11,-99,-34,68,56,-434251472,100,0,114,0,"[-28,11,-31,10,-34,10,-34,10,-34,10,-32,10,-31,8,-29,8,-28,8,-27,7,-25,8,-24,7,-24,10,-23,10,-23,10,-23,10,-22,10,-22,10,-22,13,-21,12,-20,14,-21,14,-20,13,-18,13,-18,13,-17,12,-16,13,-16,13,0,0,-16,14,-16,13,-17,14,-17,14,-18,15,-19,14,-19,13,-20,12,-21,11,-21,12,-19,12,-17,10,-17,9,-15,9,-15,8,-15,7,-15,7,-15,8,-15,7,-15,7,-16,8,-15,8,-15,7,-16,8,-16,6,-15,6,-13,5,-13,4]"
CSI_DATA,264926,d8:b1:90:d9:de:f0,-67,11,-99,-36,69,56,-434241273,100,0,114,0,"[23,-17,26,-18,29,-18,30,-15,30,-15,29,-15,28,-11,27,-11,25,-10,25,-8,23,-8,23,-8,23,-9,23,-8,23,-7,22,-7,23,-7,23,-8,23,-7,21,-7,22,-7,21,-7,21,-6,19,-7,19,-7,19,-6,18,-5,19,-5,0,0,19,-4,19,-4,20,-3,21,-3,20,-1,23,0,22,0,23,1,23,1,22,2,20,3,19,3,18,4,17,5,16,4,16,6,15,5,15,5,15,6,15,6,16,8,15,8,15,9,15,9,15,10,13,11,10,9,9,9]"
CSI_DATA,264927,d8:b1:90:d9:de:f0,-67,11,-99,-34,68,56,-434230896,100,0,114,0,"[-25,-17,-26,-20,-26,-22,-27,-23,-27,-22,-26,-22,-24,-21,-23,-21,-21,-19,-21,-17,-20,-16,-19,-15,-19,-15,-19,-15,-21,-15,-20,-15,-21,-14,-21,-14,-21,-12,-21,-11,-22,-12,-21,-11,-21,-10,-20,-9,-20,-9,-19,-9,-17,-9,-17,-7,0,0,-20,-6,-18,-9,-20,-9,-20,-9,-21,-10,-21,-12,-21,-10,-21,-12,-21,-12,-21,-12,-19,-12,-16,-13,-17,-13,-15,-12,-15,-10,-14,-10,-14,-10,-14,-10,-15,-10,-14,-10,-15,-10,-15,-12,-15,-12,-15,-12,-15,-11,-14,-10,-10,-11,-9,-10]"
CSI_DATA,264928,d8:b1:90:d9:de:f0,-67,11,-99,-37,69,56,-434211403,100,0,114,0,"[24,-11,27,-12,30,-13,30,-11,30,-13,28,-13,27,-11,26,-10,24,-12,24,-10,21,-11,20,-11,20,-12,19,-12,17,-13,17,-14,17,-14,17,-15,17,-16,17,-16,15,-16,14,-15,13,-16,13,-15,13,-16,12,-15,11,-15,11,-15,0,0,10,-17,11,-17,10,-17,11,-19,10,-20,12,-20,11,-20,13,-20,13,-21,13,-20,12,-20,12,-19,11,-19,10,-17,10,-17,9,-15,8,-15,8,-15,8,-16,8,-17,8,-17,8,-17,7,-18,7,-17,8,-17,8,-15,6,-14,6,-13]"
CSI_DATA,264929,d8:b1:90:d9:de:f0,-67,11,-99,-37,69,56,-434201423,100,0,114,0,"[-19,-18,-21,-20,-20,-22,-19,-22,-21,-25,-19,-24,-17,-23,-17,-22,-16,-20,-14,-19,-14,-17,-14,-18,-13,-18,-14,-17,-13,-17,-14,-16,-14,-17,-15,-17,-15,-17,-16,-17,-14,-17,-15,-17,-13,-16,-14,-14,-13,-14,-13,-14,-13,-13,-13,-13,0,0,-13,-13,-13,-15,-14,-15,-15,-17,-14,-19,-14,-20,-14,-19,-13,-22,-13,-20,-13,-21,-13,-21,-10,-21,-10,-19,-9,-17,-9,-17,-8,-16,-8,-17,-8,-15,-8,-16,-8,-16,-8,-17,-8,-17,-7,-18,-8,-18,-8,-17,-7,-16,-5,-17,-4,-14]"
CSI_DATA,264930,d8:b1:90:d9:de:f0,-66,11,-99,-36,68,56,-434176561,100,0,114,0,"[-26,5,-29,5,-32,5,-32,5,-33,6,-32,6,-31,5,-29,4,-26,6,-25,7,-24,7,-23,7,-24,7,-24,8,-23,8,-23,8,-23,10,-21,10,-22,12,-22,12,-20,13,-21,13,-18,14,-17,14,-16,14,-16,14,-16,14,-16,14,0,0,-16,16,-15,15,-16,16,-16,18,-16,20,-16,21,-17,21,-18,22,-17,22,-17,23,-18,21,-16,20,-15,19,-14,18,-14,18,-13,18,-11,17,-12,17,-10,19,-10,19,-10,20,-8,21,-8,21,-8,19,-9,19,-8,19,-6,16,-6,15]"
CSI_DATA,264931,d8:b1:90:d9:de:f0,-66,11,-99,-35,68,56,-434161620,100,0,114,0,"[4,25,3,29,3,31,2,32,2,32,3,32,1,29,0,29,3,26,2,25,2,23,3,23,4,23,4,22,6,24,6,23,6,24,6,24,8,24,8,22,9,23,10,23,9,21,10,20,10,19,10,19,11,18,11,18,0,0,12,19,12,19,13,21,15,19,15,22,16,23,16,23,16,24,16,23,16,23,17,22,15,24,15,21,14,21,13,18,13,16,12,16,12,17,14,16,13,15,14,15,15,16,16,15,15,15,14,14,13,13,12,13,12,12]"
CSI_DATA,264932,d8:b1:90:d9:de:f0,-66,11,-99,-36,68,56,-434151580,100,0,114,0,"[-9,-24,-10,-27,-10,-30,-8,-32,-8,-32,-7,-30,-5,-30,-4,-28,-4,-26,-3,-25,-3,-24,-3,-24,-3,-23,-3,-23,-4,-24,-5,-24,-5,-24,-4,-25,-4,-24,-5,-24,-5,-24,-7,-24,-5,-24,-6,-23,-5,-23,-5,-22,-4,-21,-4,-24,0,0,-5,-22,-5,-24,-5,-24,-4,-25,-4,-27,-4,-28,-3,-29,-3,-29,-1,-29,-1,-29,-2,-28,0,-28,0,-28,0,-24,0,-25,0,-22,0,-21,0,-21,0,-21,0,-21,0,-21,0,-22,0,-23,0,-23,0,-21,0,-19,1,-18,2,-16]"
CSI_DATA,264933,d8:b1:90:d9:de:f0,-66,11,-99,-37,68,56,-434128793,100,0,114,0,"[22,-17,23,-18,25,-18,26,-17,28,-19,26,-17,27,-14,25,-15,22,-14,22,-13,20,-14,20,-12,20,-13,20,-13,19,-13,19,-13,19,-15,21,-16,19,-16,20,-16,18,-17,18,-18,18,-18,16,-17,17,-17,16,-16,16,-16,16,-16,0,0,16,-19,16,-19,16,-18,18,-21,18,-22,19,-22,20,-23,21,-22,21,-22,22,-22,21,-21,20,-20,18,-19,17,-17,17,-17,16,-16,15,-16,15,-15,14,-16,14,-17,15,-16,14,-18,13,-17,15,-18,16,-16,13,-15,11,-15,11,-12]"
CSI_DATA,264934,d8:b1:90:d9:de:f0,-65,11,-99,-35,67,56,-434111656,100,0,114,0,"[16,-23,19,-25,21,-26,22,-26,22,-26,21,-25,21,-23,21,-23,18,-23,17,-21,16,-20,16,-21,15,-21,15,-21,13,-21,14,-22,13,-23,14,-24,13,-24,12,-24,12,-25,10,-26,10,-25,7,-25,9,-24,8,-24,8,-24,7,-24,0,0,5,-23,5,-26,5,-26,6,-29,6,-29,6,-31,5,-31,6,-33,7,-32,6,-31,6,-30,6,-29,5,-28,4,-26,5,-26,3,-22,2,-22,3,-21,2,-22,2,-23,1,-22,0,-24,0,-24,0,-23,1,-22,1,-21,0,-19,0,-18]"
CSI_DATA,264935,d8:b1:90:d9:de:f0,-65,11,-99,-36,67,56,-434090829,100,0,114,0,"[-30,6,-33,5,-35,5,-38,4,-35,2,-35,2,-34,1,-32,2,-30,2,-30,2,-29,2,-27,3,-29,4,-28,4,-28,4,-28,5,-28,6,-29,6,-29,7,-29,8,-28,8,-28,8,-27,9,-27,10,-27,10,-25,10,-26,10,-26,12,0,0,-27,13,-25,11,-26,12,-28,13,-27,13,-29,15,-29,14,-29,13,-29,13,-29,13,-28,12,-26,11,-26,11,-24,12,-23,10,-23,10,-21,10,-21,11,-22,11,-21,11,-21,12,-21,11,-21,12,-21,11,-22,11,-21,11,-17,9,-16,8]"
CSI_DATA,264936,d8:b1:90:d9:de:f0,-65,11,-99,-36,67,56,-434071661,100,0,114,0,"[26,-16,29,-15,32,-15,34,-13,35,-12,34,-10,33,-8,32,-8,29,-6,28,-6,28,-5,27,-5,27,-5,26,-4,28,-4,29,-5,29,-4,31,-3,31,-4,30,-5,30,-4,30,-3,28,-2,28,-3,28,-2,27,-3,27,-3,28,-2,0,0,28,-1,28,-1,29,0,31,1,31,2,33,3,33,5,32,6,32,6,30,6,31,7,28,8,27,9,25,9,24,9,23,9,21,8,21,8,22,9,21,10,21,10,21,10,20,11,21,11,21,11,20,11,16,10,15,10]"
CSI_DATA,264937,d8:b1:90:d9:de:f0,-65,11,-99,-36,67,56,-434061635,100,0,114,0,"[10,-29,13,-30,15,-31,15,-32,15,-32,16,-31,15,-31,15,-28,13,-28,13,-27,12,-25,12,-26,10,-26,10,-26,9,-26,10,-26,8,-29,8,-28,8,-30,6,-29,7,-31,5,-31,4,-29,3,-29,4,-29,3,-28,3,-27,2,-26,0,0,0,-27,1,-29,0,-30,0,-31,0,-32,1,-33,0,-33,0,-33,1,-31,2,-31,0,-30,1,-30,1,-28,1,-27,1,-26,1,-23,0,-21,1,-21,-1,-21,-1,-22,-1,-22,-1,-23,-3,-23,-3,-24,-2,-23,-2,-21,-3,-21,-2,-19]"
CSI_DATA,264938,d8:b1:90:d9:de:f0,-65,11,-99,-37,67,56,-434050860,100,0,114,0,"[1,30,-1,33,-3,36,-5,36,-7,37,-8,34,-9,32,-9,30,-9,29,-10,28,-10,26,-9,25,-11,27,-10,25,-11,25,-12,26,-11,27,-14,28,-13,28,-13,28,-14,27,-14,28,-14,26,-13,26,-15,25,-14,24,-14,24,-15,23,0,0,-15,23,-17,24,-17,24,-19,23,-20,24,-22,24,-21,24,-23,22,-23,21,-23,20,-24,17,-23,17,-23,16,-21,14,-22,12,-20,11,-19,10,-19,10,-19,9,-19,9,-21,8,-20,9,-20,8,-22,8,-22,7,-20,5,-19,6,-18,5]"
CSI_DATA,264939,d8:b1:90:d9:de:f0,-65,11,-99,-36,67,56,-434029352,100,0,114,0,"[-30,-6,-33,-7,-34,-10,-36,-10,-37,-12,-34,-12,-33,-12,-32,-11,-29,-10,-29,-10,-28,-9,-28,-8,-29,-8,-29,-6,-29,-6,-30,-6,-30,-6,-31,-5,-31,-4,-31,-2,-31,-3,-31,-1,-31,-1,-30,-1,-28,1,-27,0,-27,1,-27,2,0,0,-30,4,-29,2,-29,3,-31,3,-31,3,-32,3,-32,3,-32,2,-31,2,-31,3,-29,2,-27,1,-26,1,-24,1,-25,1,-23,1,-21,1,-21,3,-22,3,-21,3,-22,4,-22,2,-21,3,-23,3,-23,5,-21,4,-19,2,-17,3]"
CSI_DATA,264940,d8:b1:90:d9:de:f0,-65,11,-99,-37,67,56,-434011481,100,0,114,0,"[-14,-28,-13,-31,-13,-33,-12,-34,-13,-38,-12,-36,-10,-36,-8,-33,-10,-30,-8,-29,-10,-26,-10,-27,-10,-27,-10,-27,-11,-27,-11,-27,-13,-27,-13,-28,-14,-29,-14,-28,-14,-28,-15,-27,-15,-27,-17,-25,-15,-25,-15,-24,-14,-24,-15,-22,0,0,-17,-22,-17,-24,-17,-25,-18,-25,-18,-26,-17,-28,-18,-27,-17,-28,-16,-26,-15,-26,-14,-26,-13,-25,-12,-23,-12,-22,-12,-21,-11,-20,-10,-19,-10,-18,-10,-18,-11,-17,-12,-18,-11,-18,-11,-19,-11,-19,-11,-18,-11,-16,-10,-17,-8,-14]"
CSI_DATA,264941,d8:b1:90:d9:de:f0,-65,11,-99,-34,66,56,-434001502,100,0,114,0,"[8,32,7,36,5,39,3,40,3,41,1,40,0,39,0,37,-1,33,-2,32,-2,32,-2,29,-2,31,-2,30,-2,30,-2,31,-3,32,-2,33,-4,33,-3,33,-3,32,-1,33,-3,32,-2,32,-4,31,-2,29,-3,29,-4,29,0,0,-5,28,-5,30,-4,30,-7,31,-7,31,-9,32,-10,31,-10,30,-12,29,-13,29,-12,27,-12,27,-12,24,-12,22,-12,22,-11,19,-11,19,-12,16,-11,16,-13,18,-13,18,-12,19,-13,18,-14,19,-15,16,-13,15,-13,15,-11,12]"
CSI_DATA,264942,d8:b1:90:d9:de:f0,-65,11,-99,-36,67,56,-433981732,100,0,114,0,"[24,22,24,25,24,28,25,31,22,31,21,31,20,29,20,29,18,26,17,26,16,24,15,23,16,25,17,24,17,24,18,24,19,26,19,24,20,25,19,23,20,25,20,24,20,23,19,23,19,21,19,22,19,21,19,20,0,0,21,21,16,20,17,23,19,22,19,24,19,25,18,26,18,26,17,25,16,24,16,25,13,25,13,24,11,22,10,20,9,20,9,19,8,17,9,17,9,19,9,19,8,20,9,20,8,20,9,18,8,17,6,16,6,16]"
CSI_DATA,264943,d8:b1:90:d9:de:f0,-65,11,-99,-37,67,56,-433965961,100,0,114,0,"[24,22,25,25,25,29,22,30,23,33,20,33,18,32,15,31,14,30,13,30,12,28,12,28,11,28,11,27,11,28,12,28,12,28,12,30,11,29,10,29,9,29,10,29,9,30,9,29,8,29,8,28,8,28,6,26,0,0,6,26,6,29,4,28,3,30,2,31,0,32,0,32,-3,31,-3,29,-4,28,-6,26,-6,27,-7,23,-6,21,-7,20,-8,19,-8,18,-8,17,-8,17,-10,17,-10,17,-11,18,-10,18,-11,17,-11,15,-11,15,-11,13,-9,13]"
CSI_DATA,264944,d8:b1:90:d9:de:f0,-65,11,-99,-36,67,56,-433947888,100,0,114,0,"[-33,-3,-36,-3,-38,-5,-39,-6,-40,-6,-38,-6,-37,-7,-36,-5,-34,-4,-32,-4,-31,-3,-29,-2,-30,0,-30,0,-29,0,-31,2,-31,3,-32,3,-32,4,-31,6,-30,7,-29,8,-28,9,-28,9,-28,10,-26,10,-26,10,-26,11,0,0,-26,12,-26,12,-26,13,-27,13,-27,13,-27,14,-27,13,-26,13,-26,13,-26,12,-24,12,-22,10,-22,9,-20,10,-18,9,-19,10,-17,9,-16,10,-16,10,-17,10,-18,10,-17,10,-16,9,-17,10,-18,11,-16,10,-13,9,-13,10]"
CSI_DATA,264945,d8:b1:90:d9:de:f0,-65,11,-99,-35,67,56,-433937428,100,0,114,0,"[-2,-32,-1,-35,0,-37,2,-39,3,-36,5,-36,5,-34,7,-33,6,-32,6,-30,6,-29,5,-27,6,-27,5,-27,4,-27,5,-27,5,-29,6,-29,6,-29,6,-29,5,-31,5,-30,4,-29,4,-29,4,-27,3,-26,4,-26,4,-25,0,0,7,-26,7,-25,8,-26,8,-26,8,-27,11,-29,10,-27,12,-27,13,-25,13,-24,12,-23,12,-22,11,-19,11,-18,11,-15,12,-15,12,-14,12,-14,11,-13,13,-13,12,-14,13,-14,12,-14,13,-14,14,-12,13,-11,12,-11,11,-11]"
CSI_DATA,264946,d8:b1:90:d9:de:f0,-66,11,-99,-34,67,56,-433900788,100,0,114,0,"[-31,11,-33,12,-35,11,-36,10,-36,11,-34,10,-33,8,-32,8,-30,8,-30,7,-27,8,-28,8,-28,8,-26,10,-26,10,-25,11,-25,11,-27,14,-25,13,-25,14,-24,15,-23,15,-23,15,-21,15,-21,16,-19,15,-19,15,-20,15,0,0,-19,16,-19,16,-19,16,-19,17,-20,16,-21,16,-20,16,-22,16,-20,16,-22,15,-20,14,-19,12,-18,11,-16,10,-16,10,-16,9,-16,9,-16,9,-15,10,-16,10,-17,9,-15,10,-16,10,-16,9,-16,9,-16,9,-14,8,-12,8]"
CSI_DATA,264947,d8:b1:90:d9:de:f0,-66,11,-99,-34,67,56,-433875357,100,0,114,0,"[33,-3,34,-2,37,-1,38,-1,37,-2,36,-1,34,-2,33,-2,32,-2,30,-3,28,-4,26,-5,27,-5,28,-6,27,-8,26,-8,26,-10,26,-11,27,-12,26,-13,24,-14,23,-16,22,-15,21,-16,20,-16,18,-15,17,-16,18,-16,0,0,17,-16,16,-17,16,-19,17,-19,17,-20,16,-20,17,-19,18,-19,17,-18,16,-18,16,-18,16,-16,14,-16,12,-16,13,-14,13,-14,12,-13,12,-13,11,-14,12,-15,13,-15,10,-16,9,-15,11,-16,12,-16,10,-16,8,-14,8,-13]"
CSI_DATA,264948,d8:b1:90:d9:de:f0,-66,11,-99,-35,68,56,-433847108,100,0,114,0,"[-27,-11,-28,-13,-30,-17,-31,-19,-29,-19,-27,-19,-25,-19,-24,-19,-21,-18,-21,-17,-19,-17,-19,-16,-19,-15,-19,-16,-19,-15,-19,-16,-21,-16,-20,-16,-20,-16,-20,-15,-20,-15,-19,-15,-19,-15,-19,-14,-19,-14,-19,-13,-17,-13,-17,-12,0,0,-19,-13,-16,-15,-18,-16,-18,-16,-18,-18,-16,-19,-15,-19,-15,-21,-13,-20,-13,-19,-12,-19,-10,-19,-9,-18,-7,-17,-6,-17,-6,-16,-5,-14,-6,-14,-5,-15,-5,-16,-6,-16,-4,-17,-4,-17,-3,-17,-3,-14,-2,-15,0,-14,-1,-13]"
CSI_DATA,264949,d8:b1:90:d9:de:f0,-66,11,-99,-35,68,56,-433835597,100,0,114,0,"[-25,16,-29,17,-32,16,-32,14,-33,14,-32,12,-31,10,-30,9,-29,8,-27,8,-25,8,-25,7,-25,6,-25,6,-25,7,-24,7,-25,7,-25,8,-25,9,-25,9,-25,8,-24,8,-23,8,-22,10,-23,8,-20,9,-20,7,-21,8,0,0,-22,8,-21,7,-22,6,-22,7,-23,5,-24,5,-24,4,-25,3,-25,1,-24,1,-24,0,-20,0,-20,0,-19,0,-18,-1,-17,-2,-15,-2,-16,-2,-16,-1,-17,-3,-18,-3,-17,-2,-16,-3,-16,-4,-17,-5,-15,-5,-12,-5,-12,-4]"
CSI_DATA,264950,d8:b1:90:d9:de:f0,-67,11,-99,-34,68,56,-433823179,100,0,114,0,"[-26,10,-29,11,-31,13,-31,12,-31,13,-29,12,-29,11,-26,11,-25,11,-25,12,-21,12,-22,13,-21,13,-21,14,-19,15,-20,16,-18,16,-18,18,-16,18,-16,19,-14,20,-14,21,-12,21,-10,21,-10,21,-9,20,-9,20,-7,19,0,0,-7,21,-6,21,-6,21,-7,22,-6,23,-7,24,-5,24,-7,23,-6,21,-6,22,-6,21,-5,20,-5,19,-5,17,-5,16,-4,15,-3,15,-3,15,-3,15,-3,15,-3,16,-2,16,-1,16,-3,17,-3,17,-3,16,-1,15,-2,14]"
CSI_DATA,264951,d8:b1:90:d9:de:f0,-66,11,-99,-36,68,56,-433812868,100,0,114,0,"[29,-11,31,-11,34,-9,35,-8,35,-8,34,-7,32,-4,31,-6,29,-6,29,-5,26,-5,26,-4,26,-5,24,-6,24,-6,25,-6,24,-8,25,-7,26,-8,25,-8,25,-9,25,-8,24,-10,23,-10,22,-10,20,-9,21,-9,21,-9,0,0,22,-9,21,-9,22,-9,23,-9,23,-9,24,-8,24,-8,24,-7,24,-6,24,-6,22,-6,21,-5,21,-2,18,-2,18,-1,17,0,17,-1,16,-2,17,-1,17,-1,18,-1,17,0,16,0,17,0,19,0,16,0,15,0,13,0]"
CSI_DATA,264952,d8:b1:90:d9:de:f0,-67,11,-99,-35,68,56,-433798420,100,0,114,0,"[-29,4,-32,3,-34,1,-35,1,-35,0,-34,0,-33,0,-31,-1,-27,0,-27,0,-26,0,-25,0,-25,0,-25,0,-25,0,-25,0,-25,2,-26,1,-25,2,-25,4,-24,4,-25,5,-22,4,-23,5,-23,4,-21,6,-21,6,-21,6,0,0,-22,6,-20,5,-22,5,-23,4,-22,4,-24,3,-24,2,-23,2,-25,1,-23,1,-22,1,-20,0,-19,0,-19,0,-17,-1,-17,-1,-16,0,-17,0,-16,0,-17,-1,-17,-1,-17,-1,-16,-2,-16,-2,-18,-1,-15,-1,-12,-2,-11,-1]"
CSI_DATA,264953,d8:b1:90:d9:de:f0,-66,11,-99,-36,68,56,-433786481,100,0,114,0,"[-19,-22,-20,-25,-20,-30,-20,-30,-18,-30,-17,-32,-16,-30,-15,-28,-15,-25,-14,-24,-12,-24,-13,-23,-12,-22,-13,-23,-13,-23,-14,-22,-16,-22,-14,-22,-15,-22,-15,-21,-16,-20,-16,-20,-16,-19,-15,-18,-15,-19,-15,-18,-14,-18,-15,-18,0,0,-14,-16,-14,-18,-15,-19,-13,-18,-13,-20,-13,-21,-13,-21,-11,-23,-12,-23,-9,-21,-8,-20,-8,-20,-6,-19,-5,-17,-5,-16,-4,-16,-4,-16,-3,-15,-4,-16,-3,-16,-4,-16,-2,-16,-3,-17,-2,-16,-2,-16,-1,-16,-1,-14,0,-13]"
CSI_DATA,264954,d8:b1:90:d9:de:f0,-67,11,-99,-34,68,56,-433752003,100,0,114,0,"[-18,-23,-20,-26,-20,-29,-19,-30,-18,-31,-17,-30,-15,-28,-15,-27,-15,-26,-14,-24,-13,-23,-14,-21,-14,-21,-14,-21,-14,-20,-15,-20,-15,-20,-15,-20,-16,-21,-17,-19,-17,-19,-18,-18,-18,-17,-17,-16,-17,-15,-17,-15,-17,-15,-16,-13,0,0,-16,-13,-16,-14,-17,-14,-16,-15,-17,-15,-17,-16,-17,-16,-16,-18,-15,-17,-15,-16,-14,-16,-12,-16,-12,-15,-10,-15,-10,-13,-9,-15,-8,-13,-9,-12,-9,-12,-8,-13,-10,-13,-9,-15,-10,-14,-10,-14,-10,-14,-8,-12,-6,-12,-6,-11]"
CSI_DATA,264955,d8:b1:90:d9:de:f0,-66,11,-99,-35,68,56,-433739419,100,0,114,0,"[26,-14,29,-14,33,-14,34,-12,34,-11,33,-10,32,-7,32,-7,30,-7,30,-6,25,-6,26,-5,26,-5,26,-6,25,-6,25,-6,25,-6,25,-6,25,-6,25,-7,25,-6,25,-6,25,-6,22,-6,23,-6,22,-6,21,-6,22,-6,0,0,21,-5,22,-6,23,-5,24,-5,24,-4,23,-3,25,-1,25,0,25,0,24,1,22,1,19,2,19,3,19,2,17,3,17,3,15,4,16,3,16,4,16,5,15,5,16,6,14,6,15,7,15,7,14,7,12,6,10,6]"
CSI_DATA,264956,d8:b1:90:d9:de:f0,-67,11,-99,-34,68,56,-433717788,100,0,114,0,"[-3,-30,-3,-32,-2,-34,0,-35,0,-36,0,-33,0,-32,-1,-31,-1,-29,-2,-28,-2,-26,-4,-26,-4,-25,-4,-24,-6,-25,-6,-25,-7,-25,-9,-24,-10,-23,-10,-24,-10,-21,-11,-21,-12,-21,-13,-20,-12,-19,-13,-18,-13,-17,-13,-15,0,0,-13,-16,-14,-15,-13,-15,-15,-17,-15,-18,-15,-18,-15,-18,-15,-19,-15,-18,-14,-18,-12,-17,-12,-17,-10,-16,-10,-15,-10,-13,-8,-13,-8,-12,-9,-11,-10,-11,-9,-12,-10,-12,-10,-13,-10,-14,-10,-12,-8,-10,-8,-10,-7,-10,-7,-9]"
CSI_DATA,264957,d8:b1:90:d9:de:f0,-67,11,-99,-37,69,56,-433701513,100,0,114,0,"[-27,-6,-31,-8,-31,-10,-31,-13,-31,-14,-29,-14,-28,-14,-26,-14,-24,-12,-23,-13,-22,-12,-22,-11,-21,-12,-21,-12,-22,-11,-20,-11,-21,-12,-22,-12,-21,-10,-21,-11,-21,-9,-21,-9,-21,-9,-21,-8,-20,-8,-18,-8,-17,-8,-18,-8,0,0,-18,-8,-17,-9,-18,-9,-19,-10,-18,-11,-17,-13,-19,-13,-18,-15,-17,-16,-16,-14,-14,-16,-13,-16,-11,-16,-10,-13,-9,-13,-8,-13,-8,-13,-8,-13,-8,-13,-8,-13,-7,-13,-6,-14,-7,-16,-6,-15,-6,-14,-4,-13,-3,-13,-3,-12]"
CSI_DATA,264958,d8:b1:90:d9:de:f0,-67,11,-99,-35,68,56,-433690233,100,0,114,0,"[6,-30,7,-33,10,-36,12,-35,12,-34,13,-32,12,-30,12,-29,12,-27,12,-26,10,-25,11,-25,10,-24,9,-24,8,-24,8,-25,8,-25,9,-24,7,-25,7,-25,6,-24,6,-25,6,-23,4,-23,5,-22,4,-21,4,-21,5,-21,0,0,6,-20,5,-21,5,-21,6,-22,6,-21,8,-21,7,-21,10,-22,10,-22,12,-19,11,-19,12,-18,9,-16,10,-16,11,-13,10,-12,11,-12,11,-12,12,-12,12,-12,11,-12,12,-12,10,-12,11,-12,12,-9,11,-9,9,-9,10,-8]"
CSI_DATA,264959,d8:b1:90:d9:de:f0,-67,11,-99,-35,68,56,-433679881,100,0,114,0,"[-12,28,-14,30,-17,32,-17,33,-17,32,-16,31,-16,29,-14,27,-12,27,-12,26,-12,25,-9,25,-9,25,-8,25,-7,25,-7,25,-5,27,-5,25,-4,26,-3,25,0,25,0,25,0,25,1,24,1,23,2,23,2,23,3,20,0,0,5,21,4,21,3,22,4,20,5,23,4,23,5,23,4,24,4,24,3,22,2,21,2,21,1,19,2,19,1,17,0,16,2,16,1,15,3,15,0,16,1,15,2,16,2,17,0,17,0,14,0,14,0,13,1,12]"
CSI_DATA,264960,d8:b1:90:d9:de:f0,-67,11,-99,-34,68,56,-433663692,100,0,114,0,"[-2,29,-3,31,-5,34,-8,33,-7,35,-8,33,-9,32,-9,29,-9,28,-10,26,-8,25,-8,24,-8,24,-8,24,-7,24,-7,24,-6,25,-5,25,-5,25,-5,25,-5,24,-5,26,-5,24,-4,23,-4,22,-3,21,-4,21,-4,20,0,0,-3,21,-5,21,-5,21,-5,21,-6,21,-7,23,-9,21,-9,21,-10,21,-11,20,-10,17,-10,17,-11,16,-10,15,-11,14,-10,12,-10,11,-10,10,-10,10,-12,10,-12,10,-12,11,-10,11,-13,10,-13,8,-12,7,-11,8,-10,6]"
CSI_DATA,264961,d8:b1:90:d9:de:f0,-67,11,-99,-35,68,56,-433648122,100,0,114,0,"[-7,29,-9,31,-11,33,-11,32,-11,35,-9,32,-11,33,-8,29,-7,29,-7,27,-6,25,-5,26,-3,25,-1,25,0,25,0,25,0,25,2,26,3,26,4,26,5,25,6,24,6,24,7,22,8,22,9,20,9,19,10,19,0,0,10,18,12,19,12,19,12,20,13,20,12,21,12,21,12,21,12,19,12,20,12,19,11,19,10,18,9,17,9,15,8,13,8,15,7,12,8,12,8,13,8,12,9,15,10,14,9,15,7,12,7,12,7,12,6,11]"
CSI_DATA,264962,d8:b1:90:d9:de:f0,-66,11,-99,-35,68,56,-433631647,100,0,114,0,"[18,24,19,28,18,30,17,32,17,33,14,32,12,31,11,30,11,28,9,26,9,24,8,25,9,24,9,24,9,23,9,23,11,24,10,24,12,24,11,23,11,24,12,23,11,21,11,20,10,19,11,20,10,19,10,19,0,0,10,18,9,20,10,20,10,22,9,23,8,24,6,25,6,25,5,23,4,23,3,23,0,21,1,19,1,19,0,18,0,17,0,16,0,15,0,17,-1,16,0,16,-2,17,-4,17,-2,18,-2,14,-2,13,-4,14,-3,11]"
CSI_DATA,264963,d8:b1:90:d9:de:f0,-66,11,-99,-36,68,56,-433619877,100,0,114,0,"[-11,-29,-11,-33,-9,-35,-9,-35,-8,-37,-6,-35,-5,-34,-3,-32,-4,-31,-3,-29,-3,-26,-3,-26,-3,-26,-2,-26,-3,-26,-3,-25,-4,-25,-4,-26,-4,-26,-6,-25,-6,-25,-6,-24,-6,-24,-6,-24,-6,-23,-6,-22,-6,-22,-5,-22,0,0,-5,-21,-4,-22,-4,-24,-3,-24,-1,-24,0,-25,0,-24,0,-25,1,-24,3,-24,3,-22,4,-22,5,-21,4,-19,5,-17,6,-16,6,-16,6,-15,6,-16,6,-15,7,-14,8,-16,8,-16,8,-16,9,-14,8,-12,8,-12,8,-9]"
CSI_DATA,264964,d8:b1:90:d9:de:f0,-66,11,-99,-35,68,56,-433601408,100,0,114,0,"[21,-21,24,-23,25,-24,27,-24,27,-25,25,-24,25,-22,24,-21,21,-21,21,-21,19,-20,18,-20,15,-22,15,-21,12,-21,13,-23,12,-23,12,-24,10,-25,9,-24,8,-24,6,-25,6,-25,4,-24,3,-23,2,-22,0,-22,0,-21,0,0,0,-23,0,-23,0,-24,0,-25,0,-25,0,-25,0,-25,1,-26,1,-25,1,-25,0,-23,0,-22,0,-21,0,-20,0,-19,0,-17,0,-18,1,-17,0,-16,0,-17,1,-18,0,-17,0,-17,0,-17,1,-17,0,-15,0,-14,0,-13]"
CSI_DATA,264965,d8:b1:90:d9:de:f0,-67,11,-99,-35,68,56,-433581076,100,0,114,0,"[-2,29,-2,32,-3,33,-4,35,-2,37,-1,35,-2,34,-2,32,0,30,-1,29,0,25,0,26,2,25,2,25,5,25,5,25,6,25,7,26,10,25,10,24,11,23,11,23,12,22,13,20,12,19,13,19,13,17,13,17,0,0,15,15,16,16,16,16,18,17,17,17,17,19,17,19,16,19,16,18,16,16,15,17,14,18,12,16,12,14,13,12,11,12,11,12,11,11,12,12,12,11,11,11,12,12,12,12,12,12,11,10,10,9,9,10,9,8]"
CSI_DATA,264966,d8:b1:90:d9:de:f0,-66,11,-99,-35,68,56,-433570744,100,0,114,0,"[1,-29,2,-32,4,-34,6,-34,6,-35,6,-34,8,-32,7,-30,6,-28,6,-27,6,-25,6,-25,6,-24,4,-25,4,-25,4,-25,3,-25,3,-25,3,-25,3,-25,0,-25,0,-25,0,-25,0,-23,0,-25,0,-23,0,-22,0,-21,0,0,0,-23,0,-23,0,-23,1,-25,1,-25,2,-25,2,-25,4,-25,4,-24,6,-25,5,-21,7,-22,6,-20,6,-19,7,-18,6,-15,7,-16,7,-14,6,-16,7,-15,6,-15,7,-15,6,-16,7,-14,9,-12,9,-11,8,-12,7,-10]"
CSI_DATA,264967,d8:b1:90:d9:de:f0,-66,11,-99,-36,68,56,-433551306,100,0,114,0,"[-31,-6,-33,-8,-34,-8,-35,-9,-35,-9,-34,-9,-32,-10,-31,-8,-30,-8,-28,-8,-26,-6,-25,-6,-27,-5,-26,-4,-25,-2,-25,-2,-27,-1,-28,0,-29,0,-25,2,-25,2,-26,3,-24,3,-23,6,-24,6,-23,6,-23,7,-23,7,0,0,-23,7,-23,8,-23,8,-24,8,-25,8,-25,8,-25,7,-25,6,-24,6,-24,6,-24,5,-23,5,-21,5,-19,3,-18,3,-17,2,-17,2,-16,2,-18,3,-17,2,-18,3,-16,3,-17,2,-17,3,-17,2,-16,3,-13,2,-13,2]"
CSI_DATA,264968,d8:b1:90:d9:de:f0,-66,11,-99,-36,68,56,-433531513,100,0,114,0,"[-29,-8,-32,-9,-34,-10,-36,-11,-33,-9,-34,-9,-31,-9,-31,-9,-29,-7,-28,-7,-25,-5,-24,-4,-26,-2,-25,-1,-25,-1,-24,0,-27,0,-26,4,-28,5,-26,5,-26,7,-24,8,-24,8,-22,9,-23,9,-21,9,-20,10,-20,12,0,0,-19,13,-19,13,-20,15,-20,15,-21,15,-21,14,-22,15,-22,14,-23,13,-22,13,-19,14,-19,12,-18,12,-17,11,-16,9,-16,9,-13,9,-14,9,-14,9,-15,10,-15,11,-13,10,-12,10,-15,10,-16,10,-14,9,-11,8,-10,8]"
CSI_DATA,264969,d8:b1:90:d9:de:f0,-64,9,-99,-36,66,56,-433514453,98,0,106,0,"[-106,15,56,0,134,15,139,0,-136,15,-121,0,-81,15,-131,0,-13,15,136,0,51,16,117,0,123,16,120,0,-117,16,141,0,-80,16,-136,0,-58,16,-139,0,-49,16,103,0,-20,16,35,0,15,0,-40,16,0,0,0,0,135,0,142,16,-77,0,107,16,-29,0,87,16,-34,0,95,16,-86,0,120,16,130,0,138,16,53,0,139,16,6,0,140,16,-10,16,134,16,-3,16,-142,16,30,0,-116,16,70,0,-75,16,98,0]"
CSI_DATA,264970,d8:b1:90:d9:de:f0,-66,11,-99,-35,67,56,-433501493,100,0,114,0,"[5,31,5,34,4,36,2,37,3,38,2,38,2,34,2,34,2,31,1,31,3,30,4,29,4,28,4,28,6,28,7,27,8,28,8,28,10,27,10,27,12,26,12,26,12,24,13,24,13,23,13,22,14,22,13,19,0,0,15,21,14,22,14,22,14,23,15,25,14,25,15,24,13,26,13,23,12,23,10,24,10,23,9,22,8,20,8,19,6,18,6,18,6,16,6,18,6,17,6,17,6,18,6,19,7,19,6,17,5,17,4,17,3,14]"
CSI_DATA,264971,d8:b1:90:d9:de:f0,-66,11,-99,-35,67,56,-433481630,100,0,114,0,"[27,14,30,16,33,19,34,21,33,20,32,20,31,18,30,18,28,14,27,13,25,12,25,10,25,10,25,8,25,8,27,8,28,6,28,5,29,4,28,2,28,1,28,0,27,0,28,0,26,-1,27,-1,25,-2,26,-4,0,0,25,-4,25,-4,27,-5,27,-4,27,-4,27,-4,28,-3,28,-4,28,-3,27,-4,26,-4,25,-2,24,-2,22,-2,22,-2,20,-1,18,-1,18,-3,19,-2,19,-3,19,-4,19,-2,18,-2,19,-2,20,-3,18,-3,16,-1,13,-1]"
CSI_DATA,264972,d8:b1:90:d9:de:f0,-66,11,-99,-34,67,56,-433471630,100,0,114,0,"[-18,-25,-19,-28,-18,-31,-18,-34,-16,-33,-17,-33,-16,-31,-15,-30,-14,-27,-13,-27,-12,-25,-12,-24,-12,-24,-12,-23,-14,-23,-13,-23,-16,-24,-15,-23,-16,-25,-16,-23,-16,-23,-17,-22,-17,-21,-17,-20,-16,-20,-16,-20,-16,-20,-16,-19,0,0,-17,-18,-16,-19,-16,-21,-16,-20,-16,-23,-15,-23,-14,-23,-15,-26,-14,-25,-13,-23,-11,-23,-9,-24,-8,-22,-7,-20,-6,-18,-5,-18,-5,-17,-5,-17,-5,-17,-4,-17,-4,-17,-4,-19,-4,-19,-4,-19,-3,-18,-2,-17,-1,-16,0,-15]"
CSI_DATA,264973,d8:b1:90:d9:de:f0,-66,11,-99,-35,67,56,-433459435,100,0,114,0,"[-30,10,-33,9,-35,7,-35,6,-36,6,-35,4,-34,2,-32,2,-31,3,-30,2,-28,2,-27,1,-28,2,-27,1,-27,2,-28,2,-28,2,-31,3,-30,4,-30,3,-28,4,-28,4,-27,4,-26,5,-27,4,-26,4,-26,4,-26,4,0,0,-27,3,-26,1,-26,2,-29,1,-28,0,-29,0,-29,0,-30,-2,-29,-3,-29,-3,-28,-4,-24,-5,-23,-6,-21,-6,-21,-6,-19,-7,-17,-7,-18,-7,-18,-7,-19,-9,-19,-9,-18,-9,-17,-11,-18,-11,-19,-12,-16,-12,-14,-11,-12,-10]"
CSI_DATA,264974,d8:b1:90:d9:de:f0,-65,11,-99,-36,67,56,-433441684,100,0,114,0,"[24,20,26,24,26,28,26,30,25,31,23,30,20,30,19,29,17,27,17,26,16,25,15,25,15,25,15,25,17,26,16,25,17,25,16,26,17,25,17,25,18,26,17,25,17,25,16,24,15,23,15,23,14,22,14,22,0,0,14,23,14,25,13,26,12,26,13,29,10,30,11,29,8,30,7,29,6,29,5,27,3,27,3,25,1,24,0,23,0,21,-1,20,-1,19,0,20,-1,21,-2,20,-4,21,-4,21,-5,21,-5,20,-6,19,-7,17,-6,15]"
CSI_DATA,264975,d8:b1:90:d9:de:f0,-65,11,-99,-36,67,56,-433431650,100,0,114,0,"[-22,22,-25,24,-28,25,-29,26,-29,26,-29,25,-28,24,-27,22,-23,22,-23,22,-22,21,-21,21,-21,22,-20,22,-18,23,-19,23,-17,26,-18,25,-17,25,-16,26,-14,27,-14,27,-13,27,-11,27,-11,25,-10,25,-8,25,-9,25,0,0,-9,27,-8,27,-8,27,-10,28,-9,28,-10,29,-11,29,-11,29,-12,28,-11,27,-11,26,-10,24,-10,24,-9,22,-9,20,-9,18,-8,18,-8,18,-8,17,-9,19,-9,19,-8,19,-7,20,-8,18,-10,18,-9,17,-7,16,-7,13]"
CSI_DATA,264976,d8:b1:90:d9:de:f0,-65,11,-99,-34,66,56,-433421634,100,0,114,0,"[-25,-22,-26,-25,-26,-29,-26,-30,-25,-31,-23,-31,-22,-31,-21,-29,-20,-28,-18,-27,-16,-26,-16,-24,-18,-24,-18,-23,-18,-24,-19,-25,-19,-25,-20,-26,-21,-25,-20,-24,-21,-25,-20,-25,-20,-25,-21,-24,-19,-22,-20,-23,-18,-22,-18,-22,0,0,-18,-21,-18,-23,-18,-24,-18,-25,-16,-27,-16,-28,-16,-29,-15,-28,-13,-28,-13,-27,-12,-26,-10,-26,-9,-26,-8,-24,-7,-21,-7,-23,-5,-21,-6,-20,-5,-20,-3,-20,-4,-20,-3,-22,-3,-22,-2,-23,-2,-21,-1,-21,0,-20,0,-19]"
CSI_DATA,264977,d8:b1:90:d9:de:f0,-64,11,-99,-33,65,56,-433401616,100,0,228,0,"[-20,-17,-21,-23,-21,-27,-20,-33,-20,-36,-19,-38,-18,-36,-80,-1,-17,-33,-16,-30,-13,-27,-12,-24,-10,-21,-8,-20,-4,-19,-3,-18,-1,-17,1,-17,3,-17,3,-17,3,-16,-24,-11,1,-12,1,-9,0,-4,0,-1,0,3,0,9,0,0,4,16,8,19,10,21,13,25,17,26,19,26,-81,0,20,23,19,20,18,18,13,16,10,15,5,12,2,10,-1,11,-2,10,-4,10,-4,11,-5,12,-3,12,-49,17,-1,12,1,11,3,8,5,6,8,3,8,0,8,-2,4,12,15,8,19,-4,13,-18,-1,-24,-16,-16,-23,-3,-39,-23,-8,23,9,24,24,12,27,-8,16,-26,-8,-31,-30,-16,-34,11,-13,33,15,33,32,11,28,-15,9,-27,-6,-38,-21,-8,-18,5,-10,13,1,16,10,12,16,2,0,0,3,-17,-10,-13,-17,0,-9,11,4,12,10,1,24,17,-8,-4,-9,8,3,16,18,6,18,-11,2,-23,-17,-17,-24,2,-12,18,5,19,17,9,13,-6,3,-12,-9,4,-6,-2,-4,0,-2,0,-4,1,-4,3,0,6,4,6]"
CSI_DATA,264978,d8:b1:90:d9:de:f0,-64,11,-99,-37,66,56,-433381642,100,0,228,0,"[-24,1,-28,-2,-33,-5,-36,-8,-40,-9,-40,-9,-39,-9,-80,-1,-34,-8,-32,-5,-28,-4,-25,-3,-23,-3,-19,-4,-16,-4,-15,-6,-15,-8,-11,-10,-11,-11,-11,-11,-11,-10,-24,-11,-10,-5,-8,-3,-5,-1,-1,2,1,5,5,6,0,0,16,6,20,6,25,5,28,2,32,1,33,-2,86,1,31,-6,28,-8,25,-6,20,-6,16,-2,12,-1,10,1,8,4,8,5,6,8,8,9,9,9,10,9,110,0,11,5,11,2,11,0,9,-2,6,-5,4,-8,1,-9,9,5,15,-2,10,-13,-1,-19,-15,-13,-20,-2,-18,12,-43,11,9,20,21,10,24,-8,12,-24,-9,-28,-28,-13,-31,12,-12,32,16,31,34,8,28,-19,4,-31,-17,-23,-35,-12,-17,11,-4,17,5,13,12,8,15,-1,10,-11,0,0,-12,-11,-17,3,-8,15,8,13,13,1,6,-10,26,-12,-11,4,1,15,17,6,17,-11,1,-23,-18,-15,-23,5,-9,21,11,19,20,3,13,-12,-1,-17,-12,-8,-1,10,-3,6,2,4,0,0,-2,2,0,4,5,4,6,-1]"
CSI_DATA,264979,d8:b1:90:d9:de:f0,-64,11,-99,-37,66,56,-433371314,100,0,228,0,"[-2,-26,2,-31,8,-34,11,-36,15,-38,16,-38,17,-36,-80,-1,16,-32,15,-28,15,-25,13,-23,12,-18,13,-16,12,-13,13,-10,15,-8,16,-5,16,-4,16,-3,15,-2,-24,-11,11,-3,8,-3,3,-2,1,-1,-3,0,-6,1,0,0,-16,5,-19,9,-21,13,-24,17,-24,18,-25,21,-2,16,-23,23,-19,20,-18,19,-15,15,-12,10,-11,6,-10,2,-9,-1,-9,-3,-9,-5,-9,-6,-10,-8,-11,-6,-122,17,-11,-4,-11,-1,-9,1,-6,3,-4,5,-3,8,-1,8,-4,11,3,15,15,11,19,-1,17,-15,4,-21,-10,-19,-2,-45,-23,5,-15,19,2,26,19,19,30,1,23,-21,0,-33,-25,-25,-35,1,-23,26,2,33,24,20,28,-2,32,-19,1,-20,-9,-15,-15,-5,-15,4,-9,11,0,16,0,0,18,1,11,-12,-2,-17,-13,-8,-12,4,-1,11,-15,25,5,-8,-8,-9,-15,2,-6,18,10,18,21,3,17,-16,0,-23,-17,-15,-20,3,-9,16,5,16,13,5,0,-10,2,-8,-2,-5,-1,-1,0,-1,-1,-4,-5,-3,-5,2]"
CSI_DATA,264980,d8:b1:90:d9:de:f0,-64,11,-99,-36,66,56,-433356767,100,0,228,0,"[-7,-23,-3,-29,0,-33,3,-37,5,-39,6,-39,7,-39,-78,-1,7,-33,5,-31,6,-28,6,-24,6,-21,7,-19,8,-15,10,-13,11,-11,13,-8,14,-7,12,-7,12,-6,-23,-11,8,-5,6,-4,2,-3,-1,-2,-4,1,-8,3,0,0,-13,8,-15,13,-17,16,-19,20,-19,23,-17,25,42,16,-15,25,-14,25,-13,21,-11,17,-8,14,-10,10,-8,6,-8,3,-8,1,-8,-1,-10,-3,-11,-3,-11,-3,-124,16,-11,0,-10,1,-7,3,-5,4,-3,5,0,6,1,6,-3,11,5,13,14,7,19,-4,12,-15,0,-19,-13,-16,-13,-41,-20,10,-10,21,7,24,23,14,28,-5,16,-25,-6,-32,-29,-17,-33,7,-16,30,10,31,26,13,25,-6,22,-26,-3,-20,-13,-12,-15,-1,-12,7,-5,14,4,14,0,0,14,-4,6,-14,-5,-14,-13,-2,-8,7,2,10,-10,26,2,-8,-10,-6,-14,5,-3,17,13,14,22,-1,13,-17,-5,-21,-20,-8,-19,7,-5,17,8,14,14,3,-1,-8,1,-8,-4,-5,-3,-1,-1,-1,-3,-2,-4,-1,-4,2]"
CSI_DATA,264981,d8:b1:90:d9:de:f0,-64,11,-99,-37,66,56,-433341654,100,0,228,0,"[13,21,12,27,9,32,8,36,5,39,3,40,2,40,-80,-1,1,35,1,31,0,28,-1,26,-2,23,-4,19,-5,17,-8,15,-9,12,-10,11,-12,10,-12,9,-11,9,-24,-11,-9,6,-5,5,-1,4,2,3,5,1,10,-2,0,0,16,-9,17,-12,19,-17,20,-20,19,-24,20,-26,-55,0,17,-27,15,-25,12,-21,12,-18,10,-15,9,-9,9,-5,8,-2,9,1,9,2,9,3,10,4,11,4,122,0,11,2,11,1,9,-2,6,-4,4,-5,2,-6,0,-6,0,-11,-9,-12,-17,-4,-17,9,-8,19,5,20,17,12,23,38,17,-13,5,-24,-11,-23,-26,-10,-27,11,-12,28,12,31,32,12,31,-13,11,-33,-15,-30,-28,-9,-25,11,-19,31,6,19,13,10,15,-1,11,-8,4,-13,-4,-13,0,0,-13,5,-6,15,6,13,13,2,9,-9,-3,-10,9,-28,-4,11,10,9,16,-4,5,-19,-12,-17,-23,-1,-15,18,3,24,19,12,20,-6,6,-18,-8,-16,-15,-4,1,10,-1,9,3,5,2,0,0,0,1,3,4,2,5,-1]"
CSI_DATA,264982,d8:b1:90:d9:de:f0,-64,11,-99,-37,66,56,-433331365,100,0,228,0,"[23,-12,30,-11,33,-9,38,-6,41,-6,41,-4,40,-3,-80,-1,35,-3,33,-2,30,-2,26,-2,23,0,20,1,18,2,17,4,15,6,15,9,13,10,13,10,11,9,-24,-11,9,5,8,2,4,1,1,-2,-2,-4,-8,-6,0,0,-15,-6,-21,-5,-25,-4,-30,-3,-31,-1,-33,1,-84,16,-33,5,-31,5,-27,5,-21,4,-17,3,-13,1,-11,-2,-9,-3,-6,-5,-5,-6,-5,-9,-5,-9,-6,-10,-78,17,-8,-8,-9,-5,-8,-2,-6,-2,-5,2,-4,4,-2,6,-11,-1,-12,9,-4,17,10,18,19,8,21,-6,12,-18,38,-27,-16,-17,-24,-2,-21,15,-5,28,17,26,32,5,27,-19,4,-35,-23,-27,-35,-1,-24,24,0,32,20,19,36,8,16,-13,4,-18,-6,-13,-12,-6,-15,2,-10,12,0,0,11,9,17,-2,8,-12,-5,-13,-13,-2,-6,9,-27,11,9,-3,-1,-11,-15,-6,-16,10,-1,21,17,16,23,-3,11,-21,-9,-20,-21,-6,-16,11,-2,18,11,12,6,-9,5,-6,-2,-5,-2,-2,1,0,0,-2,-3,-4,-5,0]"
CSI_DATA,264983,d8:b1:90:d9:de:f0,-64,11,-99,-38,66,56,-433311011,100,0,228,0,"[26,8,28,14,30,19,32,23,32,27,32,27,30,28,-83,-1,27,24,24,22,21,21,19,17,16,17,13,16,10,16,8,16,5,15,2,17,1,17,1,16,0,16,-24,-11,1,11,2,8,2,4,2,1,1,-3,-1,-8,0,0,-7,-15,-10,-20,-13,-22,-19,-23,-21,-24,-24,-23,33,17,-27,-21,-26,-19,-23,-16,-20,-13,-16,-11,-13,-9,-8,-8,-4,-9,-2,-9,1,-9,1,-9,2,-10,2,-10,24,0,0,-10,-1,-9,-2,-8,-5,-7,-5,-2,-4,0,-5,2,-9,-9,-16,-1,-16,10,-4,21,8,21,20,11,22,-3,46,10,1,-23,-15,-21,-27,-4,-24,16,-8,30,17,28,35,7,30,-21,5,-36,-23,-28,-35,-2,-23,21,-1,28,16,33,21,2,15,-9,5,-15,-3,-14,-11,-9,-16,0,0,0,0,17,13,11,16,-2,8,-11,-5,-11,-10,0,-28,-13,8,4,7,-9,-5,-14,-19,-4,-16,14,1,24,19,14,23,-5,9,-21,-10,-20,-20,-4,-15,11,-1,16,11,-2,10,0,4,-5,0,-3,0,-1,2,-2,1,-4,-4,-4]"
CSI_DATA,264984,d8:b1:90:d9:de:f0,-65,11,-99,-35,66,56,-433291448,100,0,228,0,"[-25,3,-29,1,-34,-3,-37,-4,-39,-7,-39,-7,-38,-7,-76,-1,-33,-5,-30,-5,-27,-5,-23,-5,-21,-5,-19,-4,-16,-5,-14,-7,-13,-8,-11,-10,-11,-10,-10,-11,-9,-10,-22,-10,-7,-6,-6,-3,-4,-2,0,1,2,3,6,5,0,0,15,5,19,4,23,3,27,1,30,0,31,-3,78,1,30,-7,28,-9,26,-9,20,-8,17,-6,14,-4,11,-2,8,0,8,2,7,3,8,6,8,5,8,5,97,0,8,3,7,2,6,1,5,-1,3,-2,1,-4,-1,-4,10,4,14,-5,8,-15,-3,-19,-16,-13,-21,0,-17,14,-41,14,10,20,22,9,23,-9,11,-25,-9,-28,-28,-11,-29,13,-9,32,16,30,32,7,26,-19,3,-29,-16,-21,-33,-11,-17,10,-4,16,5,14,10,7,13,-1,8,-9,0,0,-9,-9,-14,2,-7,11,4,10,10,2,4,-6,27,-10,-6,4,2,9,14,3,11,-11,-2,-18,-17,-10,-20,8,-5,21,13,17,21,0,11,-14,-3,-18,-14,-8,-5,8,-4,10,4,6,5,2,1,0,1,1,4,0,4,-1]"
CSI_DATA,264985,d8:b1:90:d9:de:f0,-64,11,-99,-36,66,56,-433271430,100,0,228,0,"[-20,14,-25,13,-30,11,-37,7,-38,6,-40,4,-39,2,-78,-1,-34,0,-31,-1,-28,-2,-23,-2,-21,-3,-17,-5,-16,-7,-13,-10,-10,-10,-8,-12,-7,-13,-6,-13,-5,-13,-23,-11,-5,-10,-4,-6,-3,-3,-3,1,-1,4,1,10,0,0,5,15,8,19,13,21,15,22,19,24,22,25,-57,0,22,22,23,21,21,19,17,16,14,15,10,12,6,10,3,8,0,8,-2,7,-3,7,-4,7,-4,7,-63,16,-4,8,-2,7,-1,7,0,6,2,4,4,2,5,1,12,-1,11,-11,2,-17,-11,-16,-19,-7,-21,5,-12,15,-38,22,13,19,22,6,22,-10,11,-25,-10,-29,-28,-14,-31,11,-14,30,12,32,31,14,31,-12,12,-28,-8,-25,-25,-22,-17,5,-8,12,-1,12,6,12,11,6,13,-3,0,0,0,-13,-11,-8,-13,2,-5,12,5,10,8,0,26,15,-7,-4,-8,7,3,14,16,7,19,-8,4,-21,-14,-17,-23,0,-16,16,3,22,16,12,17,-5,7,-15,-11,-5,-11,-4,-6,3,-1,5,0,2,-1,0,-2,2,0,4]"
CSI_DATA,264986,d8:b1:90:d9:de:f0,-65,11,-99,-36,67,56,-433251591,100,0,114,0,"[-14,-28,-15,-30,-17,-32,-17,-34,-18,-34,-17,-33,-17,-32,-15,-30,-16,-28,-15,-27,-16,-26,-15,-24,-17,-24,-18,-24,-18,-24,-20,-23,-21,-22,-22,-22,-24,-22,-24,-20,-24,-20,-24,-19,-23,-17,-25,-17,-23,-18,-24,-15,-24,-14,-24,-12,0,0,-26,-11,-25,-11,-27,-10,-27,-10,-27,-10,-28,-10,-28,-10,-28,-11,-29,-8,-29,-8,-27,-6,-25,-8,-24,-6,-23,-5,-22,-4,-22,-3,-20,-2,-21,-1,-20,0,-20,0,-20,0,-21,1,-21,0,-21,2,-21,4,-19,5,-17,3,-17,4]"
CSI_DATA,264987,d8:b1:90:d9:de:f0,-66,11,-99,-35,67,56,-433241442,100,0,114,0,"[30,-1,33,0,34,0,35,1,35,2,35,2,34,4,33,3,32,2,31,3,29,2,29,1,27,2,28,3,28,2,28,1,29,1,32,2,31,1,30,1,30,1,30,0,29,0,28,0,28,0,26,0,27,0,28,0,0,0,27,-1,27,0,28,0,29,0,28,0,29,0,30,0,30,0,29,0,29,0,27,1,25,1,23,0,22,1,21,0,22,1,20,0,20,0,20,0,20,0,21,0,20,0,20,0,21,0,22,0,20,0,17,0,16,0]"
CSI_DATA,264988,d8:b1:90:d9:de:f0,-66,11,-99,-34,67,56,-433221582,100,0,114,0,"[20,-19,24,-22,27,-22,28,-22,30,-22,29,-21,27,-19,25,-18,25,-18,24,-16,22,-16,22,-16,22,-16,21,-17,21,-18,20,-18,20,-19,21,-19,20,-20,20,-20,19,-21,18,-21,18,-21,16,-22,17,-20,15,-20,15,-20,15,-19,0,0,13,-20,14,-21,13,-22,15,-23,14,-23,16,-25,15,-24,16,-24,16,-24,16,-23,14,-23,13,-22,11,-20,11,-18,11,-18,11,-17,9,-17,10,-17,9,-17,9,-17,8,-16,8,-19,7,-18,7,-19,7,-17,7,-17,6,-16,5,-15]"
CSI_DATA,264989,d8:b1:90:d9:de:f0,-66,11,-99,-34,67,56,-433210682,100,0,114,0,"[3,31,3,33,1,34,2,35,2,36,2,33,1,34,1,31,3,30,4,30,4,27,4,28,5,27,6,26,8,26,7,26,8,25,10,27,11,25,12,25,11,24,15,25,15,24,16,22,15,23,15,21,14,20,15,19,0,0,16,16,18,19,16,17,20,17,20,19,20,19,21,18,22,18,20,17,22,18,19,16,20,16,18,14,17,13,17,13,16,11,16,10,15,8,16,8,16,7,18,7,18,8,20,7,19,7,17,6,16,3,17,5,15,4]"
CSI_DATA,264990,d8:b1:90:d9:de:f0,-66,11,-99,-37,68,56,-433191149,100,0,114,0,"[9,28,9,32,6,33,5,35,4,37,3,35,2,34,1,33,0,31,0,30,0,27,0,27,0,26,0,25,0,26,0,26,0,27,0,27,0,27,0,27,0,28,0,27,0,27,0,26,0,25,0,25,0,24,0,23,0,0,0,23,-1,24,-1,24,-1,24,-1,25,-3,26,-3,27,-6,27,-5,26,-7,25,-5,24,-6,23,-6,22,-6,21,-6,19,-7,19,-6,17,-6,17,-6,18,-6,18,-6,18,-7,18,-6,18,-7,20,-8,17,-7,16,-8,16,-7,13]"
CSI_DATA,264991,d8:b1:90:d9:de:f0,-66,11,-99,-36,68,56,-433171562,100,0,114,0,"[26,-15,30,-14,32,-14,33,-15,33,-12,33,-12,32,-10,30,-10,29,-10,28,-8,25,-9,26,-9,25,-8,25,-9,24,-10,24,-9,24,-11,24,-11,25,-12,24,-12,24,-12,24,-13,22,-13,21,-13,21,-12,20,-12,19,-12,20,-11,0,0,19,-14,18,-12,20,-14,20,-14,20,-14,22,-13,21,-14,22,-13,23,-12,22,-12,23,-10,20,-10,18,-9,17,-9,17,-8,17,-8,16,-8,17,-8,16,-8,17,-9,18,-8,16,-8,16,-8,16,-8,17,-8,16,-7,15,-7,13,-7]"
CSI_DATA,264992,d8:b1:90:d9:de:f0,-67,11,-99,-34,68,56,-433151637,100,0,114,0,"[4,-30,5,-32,8,-33,8,-33,9,-35,8,-33,9,-32,8,-29,6,-28,6,-27,5,-26,5,-25,5,-24,4,-24,3,-25,3,-25,1,-26,1,-26,0,-26,0,-26,0,-25,-2,-26,-2,-24,-2,-22,-2,-23,-2,-22,-2,-21,-3,-21,0,0,-5,-21,-3,-22,-4,-22,-5,-23,-5,-23,-5,-24,-5,-25,-5,-24,-5,-23,-5,-22,-4,-22,-3,-21,-2,-20,-3,-19,-3,-17,-2,-16,-3,-15,-2,-15,-4,-15,-2,-17,-5,-17,-5,-18,-5,-19,-3,-18,-3,-16,-4,-15,-3,-15,-2,-15]"
CSI_DATA,264993,d8:b1:90:d9:de:f0,-66,11,-99,-35,68,56,-433141633,100,0,114,0,"[-30,5,-32,4,-35,2,-36,0,-37,0,-35,0,-34,-1,-31,-1,-30,-2,-28,-2,-26,-4,-26,-2,-25,-1,-25,-3,-25,-2,-25,-3,-25,-2,-26,-2,-25,-2,-25,-1,-25,-2,-25,-1,-24,-1,-24,0,-23,-1,-21,-1,-21,-1,-22,-1,0,0,-23,0,-21,-2,-23,-2,-24,-2,-24,-4,-25,-5,-25,-5,-24,-6,-24,-6,-23,-6,-22,-6,-20,-7,-19,-7,-17,-7,-18,-7,-16,-7,-15,-7,-16,-6,-15,-7,-15,-8,-17,-9,-16,-8,-15,-11,-15,-10,-15,-10,-14,-11,-12,-10,-11,-9]"
CSI_DATA,264994,d8:b1:90:d9:de:f0,-66,11,-99,-37,68,56,-433131542,100,0,114,0,"[-6,32,-8,35,-9,36,-11,36,-9,38,-8,37,-10,34,-10,33,-8,33,-8,30,-6,27,-5,29,-4,27,-5,26,-2,27,-1,26,0,26,0,28,1,28,1,27,1,27,3,26,1,25,5,23,3,23,5,23,4,22,5,22,0,0,5,22,8,21,8,22,9,23,9,24,7,25,8,24,7,25,8,23,6,23,7,22,5,22,6,22,5,19,6,18,6,18,5,17,5,17,6,17,5,17,6,17,7,19,7,19,8,19,6,16,6,16,6,16,4,14]"
CSI_DATA,264995,d8:b1:90:d9:de:f0,-66,11,-99,-36,68,56,-433121259,100,0,114,0,"[-24,-22,-24,-24,-24,-26,-23,-29,-23,-31,-20,-30,-18,-29,-17,-27,-16,-27,-16,-26,-15,-24,-16,-24,-14,-23,-13,-23,-15,-22,-14,-22,-15,-22,-14,-22,-14,-22,-15,-22,-15,-22,-15,-20,-14,-20,-13,-18,-12,-19,-12,-18,-11,-16,-12,-17,0,0,-13,-17,-12,-19,-11,-20,-10,-19,-12,-21,-11,-22,-11,-23,-9,-22,-8,-22,-8,-22,-8,-22,-7,-21,-5,-20,-4,-18,-3,-18,-3,-18,-2,-17,-3,-16,-2,-17,-1,-17,-1,-17,-1,-18,-1,-19,0,-18,0,-17,0,-16,0,-16,0,-14]"
CSI_DATA,264996,d8:b1:90:d9:de:f0,-66,11,-99,-36,68,56,-433110482,100,0,114,0,"[-29,10,-32,10,-34,10,-36,8,-38,9,-35,8,-34,7,-32,5,-31,5,-30,5,-27,5,-26,6,-26,7,-25,8,-25,8,-24,8,-25,8,-25,8,-24,8,-24,9,-24,9,-24,11,-23,10,-20,11,-21,10,-20,10,-19,10,-19,11,0,0,-20,12,-18,10,-19,12,-21,11,-20,10,-22,10,-22,10,-23,10,-23,10,-24,10,-22,8,-20,8,-19,8,-18,7,-18,6,-17,6,-16,7,-16,6,-17,6,-17,6,-17,6,-16,6,-16,5,-17,6,-17,5,-16,5,-15,4,-13,3]"
CSI_DATA,264997,d8:b1:90:d9:de:f0,-66,11,-99,-36,68,56,-433091269,100,0,114,0,"[22,22,24,24,24,26,24,27,24,26,23,25,22,26,22,24,22,21,21,19,20,17,20,17,21,16,21,15,22,15,22,13,23,11,24,11,24,10,25,9,24,8,24,6,24,6,23,5,24,4,22,3,22,2,22,1,0,0,21,0,22,0,22,0,24,0,24,0,24,0,24,0,25,0,24,0,25,0,24,0,21,0,20,0,20,0,19,0,17,-1,17,-1,16,-3,17,-4,18,-3,18,-3,18,-2,18,-2,17,-3,17,-5,16,-3,14,-2,12,-2]"
CSI_DATA,264998,d8:b1:90:d9:de:f0,-66,11,-99,-36,68,56,-433071362,100,0,114,0,"[20,24,21,28,20,32,18,34,16,33,15,33,14,32,11,31,11,30,8,29,9,28,8,25,8,25,9,25,8,25,8,27,8,26,8,26,8,27,7,24,8,25,8,24,7,24,7,23,6,23,6,22,7,22,5,21,0,0,5,22,3,23,4,24,5,23,3,24,1,25,1,25,0,25,-1,24,-1,24,-1,24,-3,23,-3,21,-4,21,-4,17,-5,18,-6,16,-6,16,-6,16,-7,16,-7,16,-8,16,-8,16,-8,16,-8,14,-8,13,-8,12,-8,10]"
CSI_DATA,264999,d8:b1:90:d9:de:f0,-67,11,-99,-35,68,56,-433051061,100,0,114,0,"[10,-28,12,-30,15,-31,16,-32,19,-32,19,-30,18,-27,19,-25,17,-24,17,-22,17,-20,14,-19,16,-20,15,-19,16,-19,16,-19,16,-21,16,-19,16,-20,15,-19,16,-21,15,-19,14,-19,15,-19,14,-18,14,-18,13,-17,13,-16,0,0,14,-17,13,-15,16,-15,17,-16,18,-16,19,-16,19,-15,19,-13,20,-12,19,-11,19,-11,20,-9,19,-9,18,-7,18,-6,18,-6,16,-6,16,-4,16,-5,17,-4,16,-3,17,-4,16,-3,17,-3,17,0,15,0,13,0,12,0]"
CSI_DATA,265000,d8:b1:90:d9:de:f0,-67,11,-99,-34,68,56,-433031523,100,0,114,0,"[-7,29,-10,31,-11,32,-12,32,-13,33,-12,32,-14,30,-13,28,-12,26,-12,24,-10,23,-10,23,-10,23,-11,24,-9,23,-9,23,-8,24,-10,26,-8,26,-9,26,-7,25,-7,24,-6,24,-5,23,-6,22,-5,23,-5,21,-5,21,0,0,-5,20,-5,21,-5,21,-6,23,-6,21,-7,24,-8,23,-7,23,-9,21,-9,21,-10,21,-9,20,-9,19,-8,17,-9,18,-9,16,-9,14,-9,15,-9,15,-7,14,-8,14,-8,14,-7,14,-9,13,-10,11,-9,10,-9,10,-7,10]"
CSI_DATA,265001,d8:b1:90:d9:de:f0,-66,11,-99,-36,68,56,-433021492,100,0,114,0,"[-26,15,-29,15,-32,16,-32,16,-32,17,-31,16,-29,16,-27,16,-24,16,-24,16,-22,15,-22,15,-20,17,-21,16,-19,16,-18,19,-17,21,-17,20,-17,22,-16,23,-13,22,-13,22,-11,22,-9,23,-10,22,-8,22,-8,22,-8,21,0,0,-6,22,-6,22,-5,23,-4,23,-4,24,-5,24,-4,25,-4,24,-5,24,-5,24,-3,23,-4,21,-2,21,-1,19,-2,19,-1,18,0,18,0,18,0,17,-1,16,-1,17,0,17,0,16,0,16,0,15,0,15,0,13,0,12]"
CSI_DATA,265002,d8:b1:90:d9:de:f0,-66,11,-99,-36,68,56,-433001626,100,0,114,0,"[-28,11,-31,10,-33,9,-34,8,-34,6,-35,5,-32,2,-32,2,-30,1,-28,1,-26,1,-27,0,-26,0,-26,1,-24,0,-25,1,-27,0,-25,1,-27,0,-26,1,-27,0,-26,0,-25,0,-24,0,-24,1,-23,0,-22,0,-22,1,0,0,-24,0,-22,0,-24,-1,-24,-2,-25,-3,-25,-4,-24,-4,-24,-6,-24,-6,-23,-6,-21,-7,-21,-8,-19,-7,-19,-7,-17,-8,-17,-8,-15,-8,-16,-8,-16,-8,-16,-8,-16,-8,-15,-8,-13,-8,-14,-9,-14,-8,-12,-8,-10,-8,-8,-7]"
CSI_DATA,265003,d8:b1:90:d9:de:f0,-66,11,-99,-37,68,56,-432991244,100,0,114,0,"[-25,13,-29,14,-33,14,-33,13,-33,13,-33,12,-31,11,-31,11,-29,11,-27,11,-26,11,-24,11,-24,11,-24,11,-24,11,-23,12,-23,12,-24,13,-25,15,-23,14,-22,16,-22,14,-22,16,-20,16,-20,16,-19,15,-18,16,-18,15,0,0,-19,15,-18,15,-19,17,-20,17,-18,16,-20,17,-20,17,-21,17,-22,16,-21,16,-20,15,-18,15,-18,13,-17,13,-17,11,-16,11,-14,11,-14,11,-15,11,-14,11,-15,11,-13,11,-13,11,-12,10,-14,11,-12,9,-11,8,-9,6]"
CSI_DATA,265004,d8:b1:90:d9:de:f0,-66,11,-99,-36,68,56,-432981178,100,0,114,0,"[11,-25,14,-27,16,-28,18,-28,19,-29,20,-27,20,-24,20,-24,18,-23,18,-20,17,-20,17,-18,17,-19,18,-17,17,-18,17,-17,17,-18,19,-19,18,-19,19,-19,18,-18,18,-19,16,-18,16,-18,17,-17,16,-16,17,-16,17,-16,0,0,16,-14,17,-16,19,-16,20,-16,21,-16,21,-16,21,-14,22,-14,23,-14,23,-11,23,-10,21,-9,19,-8,20,-8,19,-7,18,-7,17,-6,18,-5,17,-5,17,-4,17,-5,17,-4,16,-4,17,-2,16,0,15,0,14,-1,11,0]"
CSI_DATA,265005,d8:b1:90:d9:de:f0,-66,11,-99,-35,68,56,-432970987,100,0,114,0,"[15,25,15,26,16,28,16,29,15,30,16,29,13,27,13,26,13,24,12,24,12,22,12,22,12,20,12,20,12,20,13,20,15,20,16,20,17,20,17,19,17,19,19,19,18,17,18,16,17,16,17,17,17,14,17,13,0,0,17,12,18,14,19,14,20,15,21,17,21,17,20,16,21,17,20,15,19,15,19,15,18,16,16,14,15,13,16,12,14,12,13,11,13,10,13,10,13,10,14,9,14,10,14,10,14,11,12,7,12,8,11,7,9,7]"
CSI_DATA,265006,d8:b1:90:d9:de:f0,-66,11,-99,-37,68,56,-432947282,100,0,114,0,"[-4,-29,-3,-32,-2,-34,-2,-36,-1,-35,-1,-35,0,-33,0,-31,0,-28,0,-29,0,-28,0,-26,0,-26,0,-26,-2,-26,-3,-27,-2,-28,-2,-28,-4,-27,-3,-27,-6,-27,-4,-26,-5,-25,-7,-25,-6,-24,-6,-24,-7,-22,-6,-22,0,0,-7,-23,-6,-24,-6,-24,-7,-25,-8,-25,-7,-26,-7,-28,-6,-28,-6,-28,-5,-26,-6,-24,-5,-23,-5,-23,-4,-22,-4,-20,-3,-19,-4,-18,-3,-17,-4,-17,-4,-18,-4,-17,-4,-18,-5,-18,-5,-17,-3,-16,-4,-16,-3,-14,-2,-13]"
CSI_DATA,265007,d8:b1:90:d9:de:f0,-66,11,-99,-36,68,56,-432931639,100,0,114,0,"[27,7,29,8,30,10,30,11,31,13,29,14,27,14,25,14,24,14,24,14,22,13,22,14,21,13,21,13,21,13,23,14,22,14,24,13,22,13,23,13,23,13,23,13,21,13,22,13,21,13,20,12,19,13,19,10,0,0,20,14,19,13,19,14,21,16,20,16,21,17,20,18,19,19,18,17,18,19,18,18,15,19,15,17,13,16,13,15,10,15,10,14,10,14,11,14,9,15,10,15,9,16,9,17,9,16,9,15,8,14,6,13,6,12]"
CSI_DATA,265008,d8:b1:90:d9:de:f0,-66,11,-99,-35,68,56,-432921632,100,0,114,0,"[23,12,26,15,26,16,26,18,27,17,26,17,25,17,24,15,24,15,23,14,21,12,21,12,22,12,23,11,23,10,23,10,23,9,25,10,25,8,24,6,25,6,25,6,24,6,25,4,25,5,23,4,22,2,23,1,0,0,23,1,24,0,25,1,26,1,28,0,29,1,28,0,27,1,26,0,27,-1,26,0,25,0,22,0,21,0,21,0,20,0,18,0,19,-2,19,-2,19,-2,19,-2,19,-2,19,-2,19,-2,19,-3,18,-2,16,-2,13,-2]"
CSI_DATA,265009,d8:b1:90:d9:de:f0,-66,11,-99,-36,68,56,-432911435,100,0,114,0,"[-27,2,-30,0,-32,0,-32,0,-34,-2,-32,-3,-31,-3,-29,-4,-28,-4,-26,-3,-24,-3,-24,-4,-24,-5,-24,-4,-24,-5,-24,-3,-25,-4,-27,-4,-27,-4,-26,-3,-25,-4,-26,-3,-24,-3,-24,-1,-24,-3,-24,-3,-23,-4,-23,-3,0,0,-24,-3,-24,-4,-24,-5,-24,-6,-25,-7,-26,-8,-26,-7,-26,-8,-25,-8,-25,-8,-24,-8,-21,-9,-20,-8,-19,-8,-18,-8,-16,-8,-16,-7,-16,-6,-16,-7,-17,-7,-16,-7,-16,-7,-16,-9,-17,-9,-16,-8,-16,-8,-13,-8,-11,-7]"
CSI_DATA,265010,d8:b1:90:d9:de:f0,-66,9,-99,-35,67,56,-432895795,83,0,106,0,"[-91,13,96,0,-114,13,-83,0,-97,13,-68,0,-42,13,-84,0,24,14,-109,0,97,14,-121,0,-94,14,-120,0,-40,14,-101,0,-14,14,-84,0,-26,14,-93,0,-55,14,102,0,-64,14,17,0,-57,14,-77,14,0,0,0,0,24,0,23,14,84,0,-33,13,-113,0,-37,13,-96,0,-4,13,118,0,51,14,60,0,95,14,-3,14,-118,14,-46,14,-99,14,-60,14,-97,14,-48,14,-100,14,-11,14,-95,14,42,0,-69,14,89,0]"
CSI_DATA,265011,d8:b1:90:d9:de:f0,-65,9,-99,-36,67,56,-432885143,98,0,106,0,"[-124,15,83,1,-106,15,-108,1,-88,15,-114,1,-84,15,79,1,-60,15,13,1,-28,15,-54,0,21,0,-100,0,71,0,-115,0,92,0,-115,0,79,0,-112,0,22,0,118,0,-34,15,53,0,-92,15,-29,15,0,0,0,0,-84,15,35,15,-35,15,-39,14,21,0,-63,14,59,0,-36,14,56,0,30,15,18,0,99,15,-34,15,-101,15,-76,15,-79,15,-90,15,-79,15,-74,15,-91,15,-32,15,-99,15,37,0,-73,15,89,0]"
CSI_DATA,265012,d8:b1:90:d9:de:f0,-66,11,-99,-35,68,56,-432871433,100,0,114,0,"[12,23,12,26,12,28,12,30,12,30,12,29,10,27,9,27,10,25,9,24,9,22,8,22,9,22,9,21,10,23,11,22,12,23,11,22,12,22,12,21,14,24,14,22,13,20,14,19,14,19,15,19,15,18,15,18,0,0,16,19,15,19,16,19,16,19,17,19,16,20,17,21,16,22,17,21,15,20,15,19,14,19,14,18,12,16,12,15,12,14,12,14,12,13,12,13,12,12,12,13,12,13,13,14,13,14,12,12,12,12,11,12,9,11]"
CSI_DATA,265013,d8:b1:90:d9:de:f0,-67,11,-99,-35,68,56,-432860901,100,0,114,0,"[-5,-25,-4,-28,-2,-31,-2,-32,0,-32,0,-32,2,-30,3,-28,2,-26,3,-25,4,-24,5,-24,6,-24,6,-23,5,-23,6,-23,6,-24,6,-25,7,-25,6,-25,7,-25,7,-25,7,-25,7,-24,7,-22,8,-22,8,-22,8,-22,0,0,11,-21,11,-21,12,-22,12,-21,12,-21,14,-21,15,-21,16,-21,18,-19,18,-19,18,-18,17,-16,17,-14,15,-14,15,-13,15,-12,13,-12,14,-11,15,-11,15,-9,16,-10,16,-11,16,-9,17,-9,18,-7,17,-7,14,-6,14,-4]"
CSI_DATA,265014,d8:b1:90:d9:de:f0,-66,11,-99,-34,67,56,-432841630,100,0,114,0,"[-4,30,-6,33,-8,34,-9,34,-10,36,-11,33,-11,32,-11,30,-11,29,-11,28,-9,26,-10,27,-10,26,-8,26,-9,25,-8,26,-8,26,-8,28,-8,26,-8,27,-7,26,-8,27,-7,27,-6,25,-7,27,-5,25,-5,24,-5,23,0,0,-5,24,-6,25,-6,25,-7,26,-5,26,-8,27,-8,27,-9,28,-9,26,-10,27,-8,25,-8,23,-8,22,-7,21,-8,19,-8,17,-7,17,-7,17,-7,17,-7,17,-8,17,-8,18,-6,19,-8,19,-8,16,-8,15,-8,16,-8,15]"
CSI_DATA,265015,d8:b1:90:d9:de:f0,-66,11,-99,-33,67,56,-432831154,100,0,114,0,"[-27,11,-30,12,-32,13,-33,11,-33,12,-32,11,-31,11,-28,11,-28,11,-26,11,-25,11,-24,11,-24,11,-22,13,-22,13,-22,15,-22,14,-23,15,-22,16,-22,18,-20,17,-21,19,-20,17,-18,19,-19,19,-16,19,-16,19,-15,19,0,0,-16,19,-16,21,-14,21,-16,22,-14,22,-16,23,-15,23,-15,24,-17,23,-15,23,-15,22,-12,21,-12,21,-11,20,-11,20,-10,17,-9,17,-9,17,-8,17,-8,19,-8,19,-7,20,-7,19,-7,19,-8,18,-7,18,-5,17,-5,16]"
CSI_DATA,265016,d8:b1:90:d9:de:f0,-66,11,-99,-33,67,56,-432820672,100,0,114,0,"[6,-28,10,-31,11,-32,12,-33,13,-32,13,-30,12,-28,13,-28,14,-26,13,-24,12,-23,11,-22,12,-23,13,-23,12,-23,12,-22,12,-25,13,-25,13,-25,13,-25,13,-25,13,-24,12,-23,12,-23,12,-22,11,-22,12,-22,12,-22,0,0,14,-22,12,-22,13,-24,14,-22,16,-23,17,-22,18,-22,19,-23,18,-22,18,-20,18,-20,17,-19,17,-17,16,-16,15,-14,15,-13,13,-13,14,-13,14,-13,15,-12,15,-13,16,-13,15,-15,16,-14,16,-11,16,-11,14,-11,14,-9]"
CSI_DATA,265017,d8:b1:90:d9:de:f0,-66,11,-99,-33,67,56,-432800330,100,0,114,0,"[-27,11,-31,11,-33,11,-34,10,-33,8,-33,7,-33,5,-31,4,-28,5,-27,5,-26,4,-26,3,-27,3,-26,2,-26,3,-26,3,-26,4,-28,4,-28,4,-28,4,-28,4,-28,5,-27,5,-25,5,-25,4,-26,3,-24,3,-25,4,0,0,-23,4,-24,4,-26,3,-27,1,-27,2,-28,2,-27,0,-28,0,-28,0,-28,0,-26,0,-24,-2,-23,-2,-22,-1,-21,-1,-20,-2,-20,-2,-20,-1,-20,-1,-22,-1,-21,-1,-21,-1,-20,-2,-21,-4,-21,-3,-20,-3,-16,-3,-15,-3]"
CSI_DATA,265018,d8:b1:90:d9:de:f0,-66,11,-99,-37,68,56,-432781354,100,0,114,0,"[-24,-17,-25,-19,-27,-22,-27,-22,-28,-22,-26,-20,-25,-21,-24,-19,-23,-16,-22,-17,-21,-15,-22,-15,-22,-13,-22,-14,-22,-12,-23,-12,-22,-12,-25,-11,-24,-11,-24,-10,-25,-9,-26,-8,-25,-8,-25,-7,-24,-6,-24,-6,-23,-5,-23,-4,0,0,-24,-2,-23,-4,-23,-2,-27,-2,-26,-2,-27,-2,-28,-3,-26,-2,-26,-2,-26,-1,-26,-2,-23,-2,-22,-2,-22,-1,-20,0,-20,0,-19,0,-19,0,-20,1,-18,1,-19,0,-19,0,-21,0,-21,1,-22,1,-20,2,-17,0,-16,0]"
CSI_DATA,265019,d8:b1:90:d9:de:f0,-66,11,-99,-35,67,56,-432761570,100,0,114,0,"[30,7,32,9,34,9,34,10,36,9,34,8,33,9,32,8,31,5,30,5,28,3,28,4,28,1,27,0,27,0,27,-1,28,0,30,-2,28,-5,27,-5,29,-6,28,-7,27,-7,26,-9,25,-8,24,-10,23,-9,22,-11,0,0,22,-12,22,-13,22,-15,22,-14,23,-15,23,-15,22,-16,24,-16,23,-17,22,-16,20,-18,20,-16,18,-15,16,-15,16,-16,15,-14,13,-14,13,-14,12,-15,12,-16,13,-17,11,-17,10,-16,11,-18,12,-18,10,-18,8,-16,8,-15]"
CSI_DATA,265020,d8:b1:90:d9:de:f0,-66,11,-99,-34,67,56,-432741603,100,0,114,0,"[0,-30,0,-33,2,-36,3,-36,5,-34,5,-34,6,-33,7,-31,7,-29,7,-28,7,-26,6,-24,6,-25,6,-25,7,-25,7,-26,7,-27,8,-26,8,-26,8,-27,7,-27,8,-25,8,-26,7,-26,8,-24,7,-25,8,-23,9,-23,0,0,9,-24,11,-24,11,-24,11,-24,12,-25,14,-26,15,-25,15,-25,16,-23,16,-23,15,-21,15,-20,15,-18,14,-17,14,-16,15,-15,13,-16,13,-15,14,-15,15,-13,14,-14,15,-15,14,-16,15,-15,16,-14,16,-12,15,-12,13,-10]"
CSI_DATA,265021,d8:b1:90:d9:de:f0,-66,11,-99,-37,68,56,-432721392,100,0,114,0,"[5,-28,8,-31,10,-33,11,-33,12,-33,13,-32,13,-30,14,-27,12,-27,12,-26,11,-23,11,-23,11,-22,11,-22,11,-22,11,-22,12,-22,11,-23,12,-24,12,-23,13,-24,11,-24,11,-24,10,-22,11,-22,11,-22,11,-22,11,-21,0,0,12,-21,12,-22,14,-22,13,-22,14,-23,16,-22,16,-22,17,-22,18,-20,18,-19,17,-18,16,-18,15,-16,15,-14,14,-13,14,-12,14,-13,13,-12,14,-12,15,-12,14,-12,14,-13,14,-13,15,-12,16,-11,14,-11,13,-11,12,-8]"
CSI_DATA,265022,d8:b1:90:d9:de:f0,-65,11,-99,-35,67,56,-432710250,100,0,114,0,"[31,-10,34,-10,36,-9,37,-7,38,-6,37,-6,35,-4,34,-4,31,-3,30,-4,28,-4,28,-3,28,-4,28,-4,28,-4,29,-4,27,-5,30,-5,30,-6,28,-6,28,-6,27,-7,26,-6,26,-7,27,-6,25,-6,25,-6,23,-7,0,0,26,-6,25,-6,26,-6,27,-7,28,-6,28,-5,28,-5,28,-4,28,-4,27,-4,27,-3,25,-1,24,-1,22,-1,22,-1,22,-1,20,-1,20,-1,22,-2,20,-2,21,-2,21,-2,21,-1,22,-1,22,-1,21,-1,18,-1,17,0]"
CSI_DATA,265023,d8:b1:90:d9:de:f0,-66,11,-99,-35,67,56,-432691273,100,0,114,0,"[0,31,0,34,0,35,0,36,0,38,0,36,0,34,0,33,1,31,1,30,1,28,2,27,4,27,5,27,6,27,7,27,8,28,8,27,10,29,12,25,12,27,12,28,13,25,14,23,14,22,13,22,16,20,15,21,0,0,17,19,16,18,17,19,18,20,19,22,20,22,20,22,19,22,20,20,18,20,18,19,17,18,17,15,17,15,15,13,16,13,16,11,15,11,15,11,15,11,16,11,16,10,18,10,19,10,18,7,17,8,15,8,14,7]"
CSI_DATA,265024,d8:b1:90:d9:de:f0,-66,11,-99,-36,68,56,-432671125,100,0,114,0,"[30,3,32,6,32,9,32,10,33,12,31,11,30,14,26,14,24,12,23,13,21,13,22,13,20,14,20,13,20,14,21,14,21,15,24,15,23,15,22,15,21,16,22,16,21,16,20,16,20,17,20,16,19,16,18,16,0,0,16,16,17,17,17,18,17,20,16,22,16,23,16,24,14,24,14,24,12,24,11,24,8,23,8,22,7,20,7,20,5,18,4,17,4,16,5,18,4,18,4,19,4,20,2,21,2,20,2,19,1,18,0,17,0,15]"
CSI_DATA,265025,d8:b1:90:d9:de:f0,-65,11,-99,-36,67,56,-432651603,100,0,114,0,"[31,-8,34,-8,38,-7,39,-6,39,-5,38,-4,36,-2,34,-2,31,-2,30,-1,29,-1,28,-1,28,-2,29,-1,28,-2,29,-1,30,-2,30,-2,30,-4,30,-4,30,-2,30,-2,29,-2,28,-3,29,-2,27,-2,27,-2,26,-3,0,0,27,-1,27,-1,27,-1,29,-1,28,0,29,2,29,2,29,3,30,3,29,3,26,4,25,5,25,6,24,4,22,5,21,5,21,5,21,4,21,5,21,5,22,4,21,6,20,6,22,6,22,5,20,7,17,6,16,6]"
CSI_DATA,265026,d8:b1:90:d9:de:f0,-66,11,-99,-34,67,56,-432640506,100,0,114,0,"[16,26,17,28,17,32,17,33,16,34,15,32,15,31,14,30,12,26,12,27,12,25,12,24,12,22,12,24,14,24,14,23,15,25,14,24,15,24,15,23,15,23,16,23,16,23,15,21,16,21,16,21,14,21,16,19,0,0,15,19,15,21,16,21,16,21,15,23,15,23,16,24,16,24,14,24,15,23,13,21,12,21,11,20,10,19,9,17,8,17,9,16,8,15,9,16,8,16,9,17,9,17,10,17,10,17,10,16,9,16,8,16,6,15]"
CSI_DATA,265027,d8:b1:90:d9:de:f0,-66,11,-99,-33,67,56,-432621631,100,0,114,0,"[-4,-29,-4,-33,-1,-35,0,-36,0,-35,2,-34,4,-33,4,-33,4,-29,5,-28,4,-26,5,-25,5,-26,6,-25,6,-25,5,-26,6,-27,7,-28,8,-28,8,-26,8,-28,8,-26,7,-26,7,-24,10,-25,9,-23,9,-23,10,-22,0,0,12,-22,11,-22,12,-23,13,-22,15,-23,16,-24,16,-22,17,-22,18,-20,19,-19,19,-18,18,-18,18,-16,18,-14,18,-11,17,-11,16,-11,17,-10,17,-11,18,-10,18,-10,17,-10,17,-10,19,-10,19,-7,18,-7,17,-7,15,-6]"
CSI_DATA,265028,d8:b1:90:d9:de:f0,-65,11,-99,-35,67,56,-432611424,100,0,114,0,"[18,-25,20,-28,23,-28,24,-29,24,-28,24,-27,24,-25,23,-24,21,-24,20,-22,20,-20,19,-21,18,-22,17,-21,16,-22,16,-22,17,-23,17,-24,16,-24,16,-23,15,-24,14,-24,14,-23,14,-23,13,-24,12,-23,12,-23,13,-22,0,0,13,-22,11,-22,13,-23,14,-24,13,-24,15,-24,16,-25,16,-23,16,-22,16,-23,15,-21,15,-22,13,-20,14,-19,13,-17,12,-16,11,-16,12,-16,12,-16,12,-16,13,-16,11,-17,11,-17,11,-17,12,-16,11,-15,9,-14,8,-12]"
CSI_DATA,265029,d8:b1:90:d9:de:f0,-66,11,-99,-34,67,56,-432591451,100,0,114,0,"[30,-10,33,-9,35,-10,37,-10,36,-9,36,-8,33,-8,33,-7,30,-8,29,-7,27,-7,26,-7,27,-8,25,-8,24,-9,24,-11,26,-11,26,-12,26,-13,26,-13,24,-15,24,-14,23,-14,21,-15,23,-14,21,-15,21,-14,21,-15,0,0,20,-15,20,-16,21,-16,22,-15,22,-16,22,-16,22,-16,23,-16,23,-16,22,-16,22,-14,21,-14,20,-13,18,-12,18,-12,18,-11,16,-11,17,-12,16,-11,16,-11,16,-13,15,-12,15,-12,16,-13,16,-14,16,-13,12,-11,12,-11]"
CSI_DATA,265030,d8:b1:90:d9:de:f0,-66,11,-99,-34,67,56,-432571448,100,0,114,0,"[-28,12,-32,12,-33,12,-34,12,-35,12,-34,12,-33,12,-32,11,-28,13,-28,12,-25,11,-24,12,-24,12,-25,13,-23,13,-23,15,-22,16,-23,16,-23,17,-21,18,-21,19,-20,19,-18,19,-18,20,-18,19,-16,18,-16,18,-16,19,0,0,-15,19,-16,20,-15,20,-16,21,-16,21,-16,23,-16,22,-16,23,-16,22,-17,22,-16,22,-15,18,-14,18,-12,17,-14,16,-12,16,-11,16,-10,16,-9,16,-9,16,-10,17,-9,16,-8,16,-8,17,-10,17,-8,16,-6,15,-6,14]"
CSI_DATA,265031,d8:b1:90:d9:de:f0,-66,11,-99,-36,68,56,-432561347,100,0,114,0,"[-17,-24,-17,-27,-17,-30,-16,-30,-16,-32,-15,-30,-14,-29,-12,-28,-11,-26,-9,-26,-11,-24,-10,-24,-10,-24,-9,-23,-9,-24,-10,-24,-10,-23,-11,-24,-12,-24,-11,-23,-12,-24,-12,-24,-11,-23,-12,-22,-11,-23,-10,-23,-10,-21,-11,-21,0,0,-9,-21,-10,-23,-10,-23,-9,-24,-8,-24,-8,-26,-8,-27,-7,-27,-8,-26,-6,-26,-5,-25,-4,-24,-4,-24,-3,-21,-4,-19,-2,-18,-2,-18,-2,-17,-2,-18,-1,-17,-2,-17,-2,-18,-2,-19,-1,-19,-1,-18,0,-16,0,-16,0,-15]"
CSI_DATA,265032,d8:b1:90:d9:de:f0,-66,11,-99,-35,67,56,-432538289,100,0,114,0,"[22,21,23,25,23,28,24,30,24,30,23,28,21,28,19,27,19,25,18,25,17,23,16,22,16,22,15,21,17,22,17,21,18,22,17,21,18,21,19,21,19,21,19,20,18,19,17,20,17,19,17,18,16,17,17,18,0,0,19,18,16,19,17,19,18,21,18,22,18,23,18,24,18,24,15,23,15,23,14,22,12,24,12,21,11,20,10,18,9,19,9,17,10,16,10,16,9,16,10,17,9,17,9,18,10,18,10,16,9,16,7,16,6,13]"
CSI_DATA,265033,d8:b1:90:d9:de:f0,-66,11,-99,-37,68,56,-432521438,100,0,114,0,"[-26,15,-29,15,-32,17,-33,15,-35,15,-33,14,-32,12,-29,12,-26,12,-25,12,-24,12,-23,12,-24,13,-22,12,-22,14,-22,14,-22,17,-23,15,-22,16,-22,17,-22,18,-21,18,-19,17,-18,18,-17,17,-18,16,-17,15,-18,16,0,0,-15,19,-18,17,-17,18,-18,18,-19,19,-20,20,-20,19,-19,19,-20,19,-20,18,-19,17,-17,15,-17,16,-16,15,-16,14,-15,12,-13,12,-14,11,-13,12,-15,13,-14,13,-14,13,-12,13,-12,13,-14,13,-12,11,-11,11,-10,11]"
CSI_DATA,265034,d8:b1:90:d9:de:f0,-66,11,-99,-38,68,56,-432501656,100,0,114,0,"[31,5,33,5,35,8,36,8,36,7,34,6,33,7,33,6,30,4,30,5,28,2,26,2,27,0,26,1,25,0,26,0,28,-1,29,-2,29,-4,27,-4,27,-4,28,-6,26,-5,24,-7,25,-6,23,-7,24,-7,23,-9,0,0,24,-8,23,-11,22,-12,24,-10,24,-11,24,-10,26,-11,26,-11,26,-11,27,-12,24,-11,22,-9,21,-9,20,-10,19,-9,18,-9,17,-9,17,-9,16,-9,17,-10,17,-10,16,-12,16,-10,16,-11,16,-11,15,-10,12,-11,10,-9]"
CSI_DATA,265035,d8:b1:90:d9:de:f0,-66,11,-99,-37,68,56,-432491673,100,0,114,0,"[21,-25,22,-26,24,-26,25,-27,26,-27,24,-25,26,-23,24,-22,22,-22,20,-19,19,-19,19,-18,20,-17,19,-17,18,-18,18,-18,17,-20,19,-21,18,-21,19,-22,17,-21,18,-22,16,-19,15,-20,17,-20,14,-19,15,-17,16,-17,0,0,15,-19,17,-19,16,-19,17,-20,17,-19,19,-20,20,-20,20,-19,22,-18,22,-17,22,-15,20,-15,18,-13,16,-13,16,-11,17,-11,16,-11,17,-11,15,-11,15,-10,15,-10,15,-11,15,-11,16,-9,16,-8,14,-8,14,-9,12,-7]"
CSI_DATA,265036,d8:b1:90:d9:de:f0,-66,11,-99,-36,68,56,-432481631,100,0,114,0,"[-13,-26,-14,-30,-15,-31,-16,-32,-15,-31,-15,-31,-13,-28,-15,-28,-15,-24,-14,-24,-14,-21,-14,-20,-14,-20,-16,-18,-16,-19,-17,-17,-18,-17,-19,-17,-20,-16,-20,-15,-22,-16,-21,-14,-21,-13,-20,-11,-19,-9,-21,-9,-21,-9,-22,-9,0,0,-23,-8,-21,-8,-24,-8,-25,-8,-24,-8,-25,-8,-25,-8,-25,-9,-25,-8,-24,-8,-24,-8,-23,-7,-21,-6,-20,-5,-19,-4,-21,-4,-18,-2,-19,-1,-19,-1,-17,0,-17,0,-18,0,-16,0,-18,-1,-18,0,-17,0,-14,0,-15,0]"
CSI_DATA,265037,d8:b1:90:d9:de:f0,-66,11,-99,-33,67,56,-432471618,100,0,114,0,"[-3,-30,-3,-33,-1,-37,-1,-37,0,-37,0,-36,0,-34,0,-33,0,-30,0,-29,0,-27,-1,-27,-2,-26,-1,-25,-2,-26,-2,-25,-4,-27,-4,-27,-5,-27,-5,-26,-5,-27,-6,-26,-5,-26,-6,-24,-5,-24,-7,-22,-7,-22,-7,-23,0,0,-5,-23,-6,-24,-7,-25,-6,-24,-6,-26,-5,-28,-6,-28,-3,-28,-4,-28,-2,-26,-3,-26,-2,-23,-1,-23,-1,-22,-1,-20,-1,-20,-1,-19,-1,-19,-1,-19,0,-19,0,-17,-1,-19,-3,-18,-2,-19,0,-17,0,-16,-1,-16,0,-15]"
CSI_DATA,265038,d8:b1:90:d9:de:f0,-66,11,-99,-35,68,56,-432461492,100,0,114,0,"[29,-4,32,-3,33,-1,34,0,33,0,33,2,31,4,30,4,28,2,26,4,25,3,25,4,24,5,24,5,25,5,24,5,25,6,25,6,25,6,25,6,25,6,25,6,25,6,24,6,23,6,22,6,21,7,23,7,0,0,21,7,20,9,21,11,22,11,22,12,22,14,22,15,21,15,21,15,19,16,19,16,16,17,15,16,13,15,12,15,12,15,11,15,11,14,12,14,10,13,10,15,9,15,9,16,7,15,9,15,7,13,6,13,6,12]"
CSI_DATA,265039,d8:b1:90:d9:de:f0,-66,11,-99,-36,68,56,-432451313,100,0,114,0,"[29,-1,32,0,35,0,36,0,35,0,33,0,32,2,30,0,29,0,27,0,25,0,26,0,25,0,25,-1,24,-1,25,-1,24,-2,27,-3,27,-4,26,-4,24,-4,24,-5,24,-6,24,-6,24,-6,23,-4,23,-7,24,-7,0,0,24,-8,23,-7,24,-6,25,-6,24,-6,25,-6,25,-6,28,-5,28,-5,28,-5,25,-3,24,-2,24,-2,23,-2,21,-1,20,-1,19,-2,18,-2,19,-2,18,-3,20,-3,19,-3,19,-3,18,-2,18,-3,16,-2,16,-2,14,-2]"
CSI_DATA,265040,d8:b1:90:d9:de:f0,-67,11,-99,-35,68,56,-432435236,100,0,114,0,"[28,6,30,7,32,10,31,12,32,14,29,13,26,15,25,13,23,13,22,13,22,13,20,13,20,12,19,12,20,12,21,14,20,13,21,14,21,14,20,14,20,13,19,14,19,14,19,13,18,15,17,15,18,14,18,14,0,0,17,14,18,18,16,18,16,19,16,20,16,21,15,22,13,24,13,23,12,22,10,23,9,22,7,22,6,20,6,19,4,19,4,18,4,15,3,17,3,18,3,18,1,19,1,19,2,19,2,18,0,17,0,15,0,13]"
CSI_DATA,265041,d8:b1:90:d9:de:f0,-66,11,-99,-35,68,56,-432421304,100,0,114,0,"[-8,29,-10,30,-12,30,-13,31,-14,31,-15,29,-16,28,-14,25,-14,25,-12,23,-12,22,-12,21,-12,21,-12,21,-11,20,-10,21,-11,21,-12,22,-12,22,-12,23,-12,23,-12,23,-11,21,-11,21,-11,19,-11,19,-11,19,-11,20,0,0,-12,19,-11,20,-12,19,-13,19,-14,20,-15,21,-14,20,-17,19,-18,19,-18,19,-18,16,-17,15,-17,14,-15,13,-16,12,-15,11,-13,10,-15,9,-15,10,-15,10,-16,10,-14,9,-14,9,-15,9,-16,8,-15,7,-12,8,-11,6]"
CSI_DATA,265042,d8:b1:90:d9:de:f0,-66,11,-99,-36,68,56,-432408847,100,0,114,0,"[16,27,16,30,18,31,18,32,17,31,16,30,16,28,16,27,16,24,16,23,16,20,16,19,17,19,17,17,18,17,18,16,22,16,21,16,23,15,23,13,24,14,24,12,23,11,22,10,23,8,23,8,23,7,23,5,0,0,23,3,23,4,24,6,26,4,27,4,27,5,28,5,26,6,25,5,26,3,25,3,24,4,23,3,22,1,19,2,20,1,19,0,19,0,19,0,18,0,19,0,18,0,18,0,20,-1,18,-4,17,-3,16,-1,15,-2]"
CSI_DATA,265043,d8:b1:90:d9:de:f0,-67,11,-99,-34,68,56,-432390563,100,0,114,0,"[25,-14,28,-15,30,-15,30,-15,29,-14,28,-14,28,-13,26,-12,24,-13,22,-12,21,-12,20,-12,20,-12,19,-13,18,-14,19,-15,18,-16,19,-16,19,-16,17,-18,16,-17,16,-18,15,-17,14,-18,15,-16,13,-17,14,-17,13,-16,0,0,10,-16,13,-20,13,-20,14,-20,14,-21,15,-22,15,-21,15,-20,15,-20,15,-19,14,-18,15,-19,14,-17,12,-15,12,-15,12,-15,11,-15,10,-14,10,-15,10,-13,11,-14,10,-14,9,-15,10,-15,11,-14,10,-12,7,-12,6,-11]"
CSI_DATA,265044,d8:b1:90:d9:de:f0,-66,11,-99,-33,67,56,-432371512,100,0,114,0,"[-23,19,-26,19,-29,19,-31,18,-33,19,-31,17,-31,14,-30,13,-27,12,-25,11,-23,11,-24,10,-23,11,-22,11,-22,10,-24,10,-23,11,-24,11,-24,11,-24,11,-24,11,-23,11,-22,10,-22,10,-24,9,-22,10,-22,9,-22,8,0,0,-23,9,-22,8,-23,7,-26,7,-25,6,-27,5,-28,4,-28,2,-28,1,-28,0,-27,0,-25,0,-23,-1,-21,0,-22,0,-21,-1,-20,-2,-19,-1,-20,-3,-20,-3,-20,-3,-18,-4,-18,-3,-18,-4,-19,-5,-18,-5,-15,-4,-12,-3]"
CSI_DATA,265045,d8:b1:90:d9:de:f0,-66,11,-99,-36,68,56,-432361338,100,0,114,0,"[28,8,30,9,32,11,32,12,32,13,31,13,30,13,29,11,26,10,26,8,24,8,24,7,24,6,24,5,24,4,24,4,24,2,25,2,25,3,25,2,25,0,24,1,24,0,24,0,24,0,24,0,23,-2,24,-2,0,0,23,-1,24,-1,24,-3,26,-1,26,-1,27,-1,27,0,27,0,27,0,28,0,25,0,24,0,23,0,22,0,22,0,20,0,18,0,19,0,19,0,18,0,20,0,18,-1,18,0,18,0,19,-2,17,-2,15,0,13,0]"
CSI_DATA,265046,d8:b1:90:d9:de:f0,-66,11,-99,-36,67,56,-432341549,100,0,228,0,"[19,-7,23,-4,27,-2,29,0,33,2,33,2,33,2,-70,-1,30,-1,28,-2,25,-3,23,-3,20,-3,17,-2,16,-1,14,0,12,2,11,3,11,5,10,6,11,6,-21,-10,9,4,7,3,5,2,2,0,-1,0,-5,0,0,0,-10,2,-15,4,-17,6,-20,9,-22,12,-23,15,-16,14,-22,20,-20,20,-18,19,-15,18,-13,15,-11,13,-10,10,-9,7,-9,5,-9,4,-9,2,-9,2,-9,2,-100,15,-8,2,-7,3,-5,4,-2,3,-1,3,3,4,5,2,-13,-5,-16,7,-8,19,8,20,21,9,20,-7,10,-18,28,-17,-15,-11,-19,1,-14,14,-1,21,15,17,24,2,20,-18,0,-28,-21,-19,-29,4,-16,23,7,26,23,12,31,-3,8,-16,-5,-15,-12,-7,-11,2,-8,7,-1,11,0,0,11,2,9,-7,0,-11,-7,-7,-9,3,-1,8,-17,20,3,-5,-6,-7,-12,4,-5,14,11,14,20,-1,12,-17,-6,-21,-19,-9,-18,9,-4,20,12,16,18,1,3,-9,-1,-14,-8,-7,-9,0,-4,3,-2,4,-1,3,0,3]"
CSI_DATA,265047,d8:b1:90:d9:de:f0,-66,11,-99,-35,67,56,-432331383,100,0,228,0,"[19,6,20,11,21,16,21,20,22,23,21,25,21,25,-68,0,19,22,19,19,17,18,15,15,13,14,12,13,9,12,7,12,5,10,3,10,0,10,0,11,0,10,-20,-9,0,8,0,5,0,3,0,0,0,-2,0,-4,0,0,-2,-11,-4,-14,-8,-17,-10,-20,-14,-21,-17,-22,85,14,-19,-21,-19,-19,-19,-18,-17,-16,-15,-14,-12,-11,-9,-10,-6,-9,-4,-9,-1,-8,-1,-8,0,-8,0,-8,5,0,0,-6,-1,-5,-1,-4,-3,-3,-4,0,-4,0,-3,2,-5,-11,-15,-5,-18,7,-8,19,6,20,18,10,19,-4,33,9,0,-18,-10,-14,-19,-3,-18,10,-6,22,11,21,25,7,23,-14,5,-27,-16,-23,-28,-3,-20,17,0,25,14,25,18,0,12,-10,2,-12,-4,-9,-9,-4,-9,2,0,0,0,10,9,6,11,-2,3,-9,-4,-7,-7,0,-21,-14,6,3,6,-6,-2,-12,-15,-5,-15,9,0,19,15,14,21,-1,12,-18,-4,-20,-18,-8,-17,7,-5,16,8,3,13,3,10,-3,2,-7,-1,-5,-2,-1,-2,-1,-2,0]"
CSI_DATA,265048,d8:b1:90:d9:de:f0,-65,11,-99,-37,67,56,-432320713,100,0,228,0,"[13,15,13,20,12,25,10,28,10,31,10,32,10,33,-72,-1,11,28,11,26,11,23,11,20,10,18,8,16,6,14,4,13,3,11,0,12,-2,11,-2,11,-3,11,-21,-10,-1,9,-1,7,0,5,0,2,1,-1,1,-5,0,0,-4,-11,-6,-15,-9,-18,-12,-20,-16,-21,-20,-21,2,15,-24,-18,-23,-17,-22,-14,-19,-13,-17,-11,-14,-9,-11,-7,-8,-8,-6,-9,-3,-8,-4,-8,-2,-8,-2,-9,-39,15,-3,-8,-4,-6,-4,-4,-5,-2,-5,0,-3,3,-3,5,0,-14,-12,-13,-20,-1,-15,15,-1,23,14,17,21,2,27,20,6,-17,-7,-18,-17,-9,-21,5,-12,19,6,24,23,13,27,-8,12,-25,-12,-27,-26,-8,-23,14,-4,24,10,28,18,2,13,-8,3,-12,-5,-10,-8,-6,-10,1,0,0,1,11,8,7,11,-2,5,-10,-4,-8,-8,1,-23,-13,7,3,7,-8,-5,-13,-16,-3,-14,13,3,20,18,11,21,-8,8,-21,-12,-18,-20,-3,-14,13,1,17,11,1,13,-2,6,-8,-1,-7,-2,-5,-2,-2,-3,-2,-4,0]"
CSI_DATA,265049,d8:b1:90:d9:de:f0,-66,11,-99,-35,67,56,-432310077,100,0,228,0,"[-6,19,-11,19,-15,20,-20,20,-23,20,-26,20,-26,19,-68,0,-24,18,-22,16,-19,14,-18,12,-16,11,-14,8,-13,6,-11,3,-10,2,-10,0,-10,0,-10,-3,-10,-3,-20,-9,-7,-2,-6,-2,-3,0,0,0,1,0,4,0,0,0,11,1,15,0,18,0,22,-1,24,-2,28,-4,72,0,28,-6,26,-6,25,-5,22,-5,18,-3,16,-2,13,0,11,0,9,1,7,3,7,5,7,5,6,5,77,0,5,4,5,2,4,1,2,0,3,0,2,-3,0,-4,11,-5,5,-16,-7,-17,-19,-8,-20,5,-10,18,2,19,-11,32,18,0,15,-10,5,-18,-7,-18,-20,-9,-22,7,-10,22,8,25,25,10,26,-10,10,-25,-10,-24,-23,-8,-28,4,-5,17,4,14,10,5,10,0,6,-6,0,-9,0,0,-8,-2,-10,4,-2,10,5,8,9,0,3,-5,23,-10,-5,4,1,9,12,2,12,-10,0,-18,-15,-11,-19,4,-10,18,6,20,19,7,17,-9,4,-18,-9,-14,-9,1,-10,7,0,10,3,6,3,1,3,0,2,0,2,0]"
CSI_DATA,265050,d8:b1:90:d9:de:f0,-65,11,-99,-37,67,56,-432291590,100,0,228,0,"[-10,-18,-8,-23,-5,-26,-3,-30,-2,-33,-2,-34,-2,-34,-72,-1,-3,-31,-4,-28,-4,-25,-5,-23,-5,-21,-4,-18,-2,-16,-1,-14,1,-13,3,-12,5,-11,7,-10,7,-10,-21,-10,6,-9,4,-7,2,-5,2,-3,0,1,0,4,0,0,2,11,3,15,6,18,9,21,12,24,15,25,-97,0,19,23,19,21,20,19,17,17,15,15,12,12,9,10,5,9,3,10,2,9,1,10,0,10,0,9,-1,15,1,8,1,7,2,6,4,4,4,1,3,-1,3,-4,-2,14,11,15,20,4,20,-12,6,-23,-11,-19,-20,-8,-22,-26,-10,16,4,19,15,14,21,-1,16,-16,0,-24,-20,-18,-28,2,-18,23,5,28,24,15,26,-8,11,-22,0,-30,-17,-8,-15,5,-7,11,1,11,7,8,10,2,0,0,3,-12,-6,-9,-11,-1,-8,8,2,8,7,2,19,19,-5,-3,-6,6,4,12,15,4,15,-12,1,-21,-17,-14,-22,4,-11,20,8,21,20,7,17,-10,3,-18,-10,-2,-14,-2,-8,6,-2,7,2,6,2,4,3,3,5,1]"
CSI_DATA,265051,d8:b1:90:d9:de:f0,-65,11,-99,-37,67,56,-432271446,100,0,228,0,"[-20,-4,-23,-9,-25,-13,-25,-16,-27,-19,-28,-20,-28,-20,-72,-1,-27,-16,-25,-14,-23,-12,-21,-10,-18,-9,-16,-8,-13,-8,-11,-9,-9,-8,-7,-10,-6,-11,-6,-11,-5,-11,-21,-10,-5,-10,-4,-7,-3,-5,-1,-2,1,0,3,3,0,0,10,4,15,5,19,5,23,4,26,2,29,-1,67,1,29,-4,28,-6,26,-6,23,-6,19,-5,16,-3,14,-2,12,0,10,2,9,3,9,4,9,5,10,6,94,0,8,4,7,2,6,0,4,-1,3,-2,-1,-4,-2,-4,10,11,18,2,16,-13,2,-22,-14,-18,-22,-4,-18,11,-33,1,6,18,17,9,20,-4,13,-17,-3,-23,-20,-14,-26,5,-16,24,7,28,27,12,26,-11,9,-26,-12,-22,-25,-16,-16,9,-5,15,5,12,10,5,11,-2,7,-8,0,0,-8,-8,-12,0,-7,9,4,11,9,3,5,-5,27,-8,-6,2,2,9,12,3,12,-11,-2,-19,-17,-10,-20,8,-7,22,12,18,22,3,15,-14,-1,-19,-14,-11,-8,8,-8,11,2,9,6,4,5,1,4,-1,4,-1,2,-3]"
CSI_DATA,265052,d8:b1:90:d9:de:f0,-65,11,-99,-37,67,56,-432258856,100,0,228,0,"[3,21,-1,25,-4,28,-6,31,-9,33,-9,33,-10,33,-72,-1,-8,30,-6,28,-5,26,-4,23,-3,20,-3,18,-4,15,-4,13,-5,11,-6,9,-7,8,-8,7,-8,7,-21,-10,-7,5,-4,4,-2,3,-1,2,2,-1,4,-4,0,0,6,-12,8,-15,8,-19,6,-23,5,-26,4,-29,69,0,1,-31,0,-29,-1,-28,-2,-24,-1,-22,0,-18,1,-15,3,-12,3,-10,4,-9,5,-8,6,-8,6,-7,68,0,5,-7,3,-6,1,-6,-2,-5,-3,-3,-5,-2,-6,0,7,-11,-4,-16,-17,-10,-20,3,-14,18,1,20,14,15,10,34,16,-10,6,-18,-8,-19,-19,-10,-22,7,-11,22,9,25,26,11,26,-12,9,-28,-14,-25,-27,-6,-20,14,-11,28,11,15,16,3,12,-7,4,-11,-3,-11,-8,-5,0,0,-7,9,2,11,10,6,10,-4,1,-9,-6,-5,-3,-26,4,8,12,-1,6,-13,-8,-15,-19,-2,-15,16,2,23,19,13,22,-6,9,-21,-9,-19,-19,-6,-16,9,3,9,9,12,13,3,7,-4,2,-6,0,-4,-2,-3,-3,-2]"
CSI_DATA,265053,d8:b1:90:d9:de:f0,-66,11,-99,-36,67,56,-432248676,100,0,228,0,"[18,7,20,13,19,19,19,23,19,26,19,29,17,29,-70,-1,16,25,15,24,14,22,12,19,11,18,8,15,6,14,3,12,1,12,-2,11,-4,11,-5,10,-6,11,-21,-10,-6,9,-3,8,-2,5,-1,3,1,-1,2,-5,0,0,2,-12,3,-16,2,-20,0,-23,-1,-27,-3,-29,-20,15,-5,-30,-6,-29,-6,-26,-5,-23,-3,-20,-1,-17,0,-13,2,-10,4,-9,6,-7,7,-6,7,-6,9,-4,99,0,8,-5,6,-5,5,-5,1,-6,-1,-6,-3,-3,-5,-3,-7,-12,-17,-5,-19,9,-8,21,7,21,18,11,20,-3,30,14,2,-17,-9,-16,-18,-7,-19,6,-11,19,6,24,23,14,27,-6,15,-26,-8,-28,-26,-12,-25,10,-10,22,1,29,16,8,14,-4,7,-10,0,-11,-5,-9,-9,-5,0,0,-6,10,4,12,10,5,10,-5,2,-10,-6,-5,-10,-26,4,7,10,-1,5,-12,-10,-14,-19,-1,-15,16,3,22,19,13,22,-6,10,-20,-8,-20,-19,-7,-16,8,4,10,7,13,9,4,7,-3,3,-4,2,-3,1,-3,0,-4]"
CSI_DATA,265054,d8:b1:90:d9:de:f0,-66,11,-99,-36,67,56,-432231203,100,0,228,0,"[-8,18,-14,19,-18,20,-23,20,-26,20,-28,19,-28,18,-70,-1,-24,17,-24,15,-21,14,-19,12,-16,10,-15,8,-13,6,-13,3,-12,2,-11,-1,-10,-3,-10,-4,-10,-5,-21,-10,-8,-3,-7,-2,-4,-1,-1,1,2,2,6,3,0,0,12,4,16,2,20,1,23,1,26,-1,28,-3,72,1,30,-5,28,-5,26,-5,23,-4,20,-2,18,-1,15,1,11,2,9,4,8,5,8,6,7,6,6,7,62,0,7,7,6,5,6,2,5,1,4,-1,3,-4,2,-5,11,-6,6,-15,-6,-17,-18,-9,-20,6,-11,17,1,19,-16,32,17,4,17,-9,8,-18,-5,-20,-19,-12,-23,5,-14,22,6,26,24,13,28,-8,13,-25,-9,-25,-22,-10,-29,4,-8,16,4,14,11,7,11,0,9,-6,3,-10,0,0,-10,-4,-10,4,-3,10,6,8,10,-1,4,-7,24,-9,-7,4,2,10,13,6,14,-9,2,-19,-15,-14,-21,3,-13,19,6,22,20,10,20,-8,7,-19,-9,-17,-10,1,-12,7,-2,11,4,8,5,3,3,1,3,1,2,0]"
CSI_DATA,265055,d8:b1:90:d9:de:f0,-66,11,-99,-35,67,56,-432219775,100,0,228,0,"[-20,0,-23,-4,-26,-8,-27,-11,-28,-14,-28,-16,-27,-17,-68,0,-25,-15,-23,-13,-20,-12,-18,-10,-17,-10,-14,-9,-10,-9,-8,-8,-6,-9,-3,-10,-1,-11,-1,-10,0,-10,-20,-9,0,-9,0,-5,0,-3,0,-1,0,1,0,5,0,0,3,10,5,14,8,17,12,19,14,21,17,22,-74,0,19,21,19,20,18,18,16,16,14,14,10,12,7,11,4,11,2,9,0,9,0,8,-1,8,-1,8,-34,14,0,8,0,6,0,5,2,4,3,2,3,0,5,-1,10,7,16,-1,11,-13,0,-20,-12,-15,-18,-2,-16,9,-33,0,4,16,14,10,19,0,14,-14,1,-22,-15,-17,-25,-1,-20,18,0,27,19,19,27,0,16,-18,-1,-23,-15,-23,-18,0,-10,10,-1,12,4,9,9,4,10,-1,0,0,0,-11,-8,-6,-9,2,-3,9,3,6,6,0,19,14,-7,-2,-6,7,3,13,15,5,15,-9,1,-20,-14,-16,-22,0,-14,17,3,21,17,10,18,-4,7,-15,-7,-6,-12,-5,-10,2,-3,6,0,4,0,2,1,2,2,1]"
CSI_DATA,265056,d8:b1:90:d9:de:f0,-66,11,-99,-39,68,56,-432206286,100,0,228,0,"[5,-18,10,-20,15,-21,19,-22,21,-22,23,-23,23,-22,-68,0,20,-21,18,-20,15,-18,13,-16,11,-14,10,-11,9,-10,9,-7,9,-5,10,-2,11,-1,10,0,11,0,-20,-9,9,0,7,0,4,0,2,0,-1,0,-3,0,0,0,-9,5,-12,9,-14,12,-15,16,-16,20,-15,22,76,14,-13,26,-11,25,-9,23,-8,21,-6,18,-5,14,-5,9,-6,7,-6,4,-7,2,-8,1,-9,0,-10,0,-116,14,-8,2,-6,3,-5,4,-1,4,0,4,1,4,4,3,-10,8,-2,17,10,16,20,3,17,-9,6,-19,-6,-16,7,-31,-17,1,-12,11,-1,18,11,15,21,4,19,-13,2,-24,-16,-21,-27,-1,-20,19,0,27,19,16,24,-2,23,-16,-1,-16,-10,-8,-11,0,-7,5,-2,8,3,9,0,0,10,-1,5,-9,-4,-10,-9,-2,-6,6,1,7,-7,25,1,-6,-7,-4,-10,7,0,16,15,10,19,-6,7,-20,-10,-19,-22,-3,-16,13,0,21,14,12,17,-2,0,-9,-3,-12,-8,-5,-6,0,-1,2,-1,1,-1,1,0,3]"
CSI_DATA,265057,d8:b1:90:d9:de:f0,-66,11,-99,-35,67,56,-432191573,100,0,228,0,"[-17,10,-22,8,-26,6,-29,4,-32,3,-33,3,-34,2,-68,0,-31,4,-27,4,-24,4,-22,4,-19,4,-16,2,-14,1,-12,0,-11,-1,-9,-3,-9,-4,-9,-6,-8,-6,-20,-9,-7,-4,-5,-3,-3,-1,-1,0,1,0,3,1,0,0,12,3,15,1,19,0,23,-1,25,-3,27,-5,72,0,27,-9,26,-10,24,-10,21,-9,17,-7,15,-4,13,-2,10,0,9,0,8,1,9,3,8,4,8,4,97,0,8,2,7,1,6,0,4,0,2,-2,0,-5,0,-5,13,0,11,-10,1,-18,-11,-16,-21,-3,-16,9,-6,18,-26,20,13,9,18,0,14,-12,0,-20,-13,-17,-23,-1,-19,17,0,28,19,19,29,-1,17,-21,-3,-25,-20,-13,-29,-2,-9,14,1,14,8,7,10,0,7,-4,3,-8,0,0,-8,-3,-10,4,-2,10,5,8,9,0,2,-6,23,-13,-5,5,2,9,13,2,10,-12,-3,-18,-19,-9,-19,9,-5,22,12,18,22,1,14,-15,-1,-20,-15,-10,-8,6,-6,11,3,9,6,3,4,0,2,0,2,0,2,-1]"
CSI_DATA,265058,d8:b1:90:d9:de:f0,-65,11,-99,-37,67,56,-432171662,100,0,228,0,"[9,-19,14,-20,19,-20,22,-21,25,-22,26,-22,25,-22,-72,-1,22,-21,20,-20,17,-19,14,-16,13,-15,11,-12,11,-10,11,-8,10,-6,11,-3,12,-2,11,-1,12,-1,-21,-10,10,-1,7,-2,5,-1,2,-1,-1,0,-4,2,0,0,-10,8,-11,11,-13,15,-14,19,-13,23,-14,26,121,15,-10,28,-8,27,-7,25,-6,22,-4,20,-4,16,-5,13,-5,10,-6,8,-7,6,-8,4,-9,4,-9,4,-99,15,-8,5,-6,6,-4,6,-1,5,2,4,4,3,5,2,-11,8,-4,17,10,17,20,6,19,-9,8,-18,-5,-18,9,-32,-18,1,-14,12,-3,19,11,17,21,5,20,-14,4,-25,-17,-22,-28,-2,-21,19,1,28,20,17,24,-3,24,-18,-2,-17,-11,-10,-13,0,-9,7,-3,11,4,10,0,0,10,-4,4,-11,-5,-10,-10,-2,-6,6,3,7,-6,27,-1,-6,-10,-2,-9,10,4,16,17,7,18,-10,3,-22,-15,-18,-23,1,-14,17,4,21,17,10,18,-6,-1,-9,-6,-13,-11,-4,-7,3,-2,5,-1,3,-1,2,1,3]"
CSI_DATA,265059,d8:b1:90:d9:de:f0,-65,11,-99,-35,66,56,-432161547,100,0,228,0,"[-17,-15,-18,-19,-16,-25,-15,-29,-15,-32,-14,-34,-11,-34,-76,-1,-10,-30,-10,-27,-10,-25,-8,-22,-7,-20,-5,-18,-3,-16,-1,-14,1,-13,3,-11,5,-11,6,-10,7,-10,-22,-10,5,-8,4,-6,2,-4,1,-2,-1,1,-2,5,0,0,-3,14,-1,16,-1,21,0,25,2,28,3,30,79,0,6,32,6,29,6,28,5,25,4,21,3,18,1,15,-1,13,-3,9,-5,8,-5,8,-6,7,-7,7,-77,16,-6,6,-4,6,-2,6,0,6,3,4,3,2,6,1,5,13,17,7,20,-4,13,-18,-2,-22,-15,-15,-20,-2,-28,-23,-7,18,5,18,17,11,21,-3,16,-18,-1,-27,-21,-18,-30,3,-18,25,4,30,25,17,28,-6,14,-21,2,-32,-16,-10,-16,2,-9,9,-1,11,5,9,10,4,0,0,6,-9,-4,-11,-10,-4,-9,5,-1,8,6,4,9,25,-5,-5,-9,3,-4,14,10,14,20,-1,13,-19,-6,-23,-21,-11,-22,9,-7,22,10,19,20,4,16,-10,-5,-9,-8,-11,-11,-3,-6,3,-2,5,-1,3,0,3,1,4]"
CSI_DATA,265060,d8:b1:90:d9:de:f0,-65,11,-99,-37,67,56,-432151358,100,0,228,0,"[13,-16,18,-16,23,-16,27,-16,30,-17,30,-17,30,-17,-72,-1,26,-17,23,-15,21,-15,19,-13,16,-12,14,-10,12,-8,11,-5,11,-3,12,-1,12,1,12,1,13,1,-21,-10,10,0,8,0,5,0,2,-1,-2,0,-5,1,0,0,-11,5,-15,9,-16,13,-17,17,-17,21,-17,24,86,15,-13,27,-12,26,-9,24,-8,21,-6,18,-6,15,-6,11,-6,9,-7,6,-8,5,-9,3,-9,3,-10,3,-111,15,-9,4,-7,5,-5,6,-1,5,1,5,3,5,5,3,-14,5,-8,16,5,18,18,10,21,-5,12,-17,-1,-19,16,-31,-18,-4,-17,9,-8,18,7,19,20,10,23,-9,10,-25,-13,-25,-28,-8,-24,16,-4,28,17,20,24,1,27,-13,1,-17,-9,-11,-12,-2,-10,5,-5,10,2,10,0,0,11,-1,7,-9,-4,-11,-10,-3,-7,7,2,8,-9,26,1,-8,-9,-4,-11,8,2,17,17,10,20,-8,7,-22,-13,-19,-24,-3,-17,17,2,22,16,12,18,-4,-2,-10,-5,-13,-10,-4,-7,2,-2,4,-2,2,-2,2,0,4]"
CSI_DATA,265061,d8:b1:90:d9:de:f0,-65,11,-99,-36,67,56,-432130142,100,0,228,0,"[21,-1,25,4,28,8,30,11,32,13,32,14,31,14,-70,-1,29,11,26,10,24,8,21,7,18,7,16,6,13,8,11,8,10,8,7,9,6,10,6,11,4,10,-21,-10,3,7,4,5,3,2,1,0,-1,-2,-3,-6,0,0,-10,-10,-12,-11,-17,-11,-22,-12,-25,-12,-28,-10,-25,14,-29,-8,-28,-6,-27,-6,-23,-4,-20,-4,-17,-4,-14,-5,-10,-6,-8,-6,-7,-7,-6,-8,-5,-8,-6,-9,-46,15,-6,-7,-6,-6,-6,-3,-6,-2,-5,2,-4,5,-2,6,-11,-6,-16,4,-11,15,2,20,14,14,19,1,15,-10,35,-4,-6,-17,-16,-9,-20,3,-13,17,2,24,20,16,26,-4,16,-23,-7,-28,-25,-15,-27,8,-11,25,10,23,24,17,17,-7,7,-14,-3,-13,-9,-7,-11,-1,-8,7,0,0,5,9,12,1,8,-7,-1,-11,-8,-3,-6,6,-25,-2,9,-2,2,-11,-12,-10,-17,4,-7,19,11,19,22,3,18,-16,-1,-23,-18,-14,-21,4,-10,18,6,18,10,-1,13,-5,4,-9,-3,-7,-4,-4,-2,-1,-3,-1,-4,1]"
CSI_DATA,265062,d8:b1:90:d9:de:f0,-65,11,-99,-35,66,56,-432111638,100,0,228,0,"[16,-16,22,-15,28,-13,32,-13,35,-9,38,-8,37,-7,-76,-1,32,-7,28,-6,26,-6,23,-5,20,-3,18,-1,16,1,13,3,13,5,11,7,10,9,9,9,9,10,-22,-10,7,7,5,5,3,4,1,1,-1,-1,-4,-4,0,0,-11,-5,-17,-6,-21,-6,-25,-6,-29,-5,-31,-4,-81,15,-31,0,-30,0,-28,-1,-25,-2,-19,-2,-16,-3,-13,-4,-9,-5,-8,-8,-5,-7,-5,-9,-4,-10,-4,-10,-43,16,-4,-9,-5,-7,-5,-5,-5,-3,-5,0,-4,3,-4,5,-14,4,-9,16,3,20,17,14,22,-1,16,-14,3,-19,28,-26,-16,-9,-19,3,-15,15,-1,22,15,19,27,3,22,-18,4,-31,-20,-23,-31,-1,-21,21,0,28,18,18,31,9,15,-13,2,-16,-6,-11,-10,-6,-11,1,-8,8,0,0,8,9,14,1,8,-8,-2,-11,-8,-4,-6,4,-29,4,6,-2,0,-9,-13,-6,-16,8,-4,21,15,18,23,0,17,-18,-3,-23,-20,-14,-21,5,-8,18,7,18,11,-3,11,-5,3,-8,-1,-6,-2,-3,-2,-2,-3,-3,-5,-2]"
CSI_DATA,265063,d8:b1:90:d9:de:f0,-65,11,-99,-35,66,56,-432101487,100,0,228,0,"[-22,2,-27,-3,-31,-7,-33,-10,-35,-13,-35,-13,-35,-13,-76,-1,-32,-10,-29,-8,-26,-7,-23,-6,-19,-5,-17,-6,-14,-6,-11,-6,-10,-8,-8,-9,-7,-11,-6,-11,-6,-11,-22,-10,-6,-8,-5,-6,-3,-4,-1,-1,2,1,4,3,0,0,11,6,17,6,22,4,26,3,28,2,31,-1,83,1,31,-4,30,-6,28,-5,23,-5,20,-3,17,-2,14,0,11,2,10,4,8,5,8,6,9,6,8,7,95,0,9,5,8,4,6,1,6,0,4,-3,1,-5,0,-6,14,5,17,-6,9,-18,-6,-21,-19,-11,-21,2,-14,15,-37,7,9,17,19,7,20,-6,11,-19,-6,-25,-23,-13,-28,8,-14,28,11,29,30,10,26,-15,7,-29,-14,-22,-29,-15,-16,10,-5,16,5,13,10,6,13,-1,8,-9,0,0,-7,-8,-14,0,-7,9,3,11,9,2,5,-6,28,-9,-6,4,3,9,14,4,14,-11,-1,-21,-19,-13,-22,7,-8,23,11,21,23,4,17,-14,0,-21,-14,-13,-8,8,-7,10,2,9,4,4,2,2,3,1,4,1,5,-1]"
CSI_DATA,265064,d8:b1:90:d9:de:f0,-65,11,-99,-35,66,56,-432081656,100,0,228,0,"[20,7,22,13,25,19,25,25,23,28,23,31,20,31,-76,-1,18,27,17,25,14,22,13,19,9,17,7,16,5,15,2,14,0,13,-2,13,-4,11,-6,11,-7,10,-22,-10,-5,8,-4,7,-1,4,0,1,2,-2,4,-5,0,0,6,-14,5,-18,5,-22,5,-26,5,-29,3,-31,45,0,2,-31,1,-30,1,-27,1,-23,2,-20,3,-16,5,-13,5,-9,7,-6,8,-4,9,-4,10,-3,10,-3,125,0,8,-4,7,-3,5,-5,3,-6,0,-6,-3,-5,-5,-4,-9,-9,-17,-2,-16,10,-6,20,8,19,17,10,19,-2,35,17,4,-18,-7,-17,-19,-9,-22,5,-15,20,3,27,23,17,30,-5,18,-26,-6,-30,-27,-15,-27,6,-14,22,-2,32,15,10,15,-1,10,-8,2,-11,-4,-11,-10,-5,0,0,-8,8,2,13,10,7,10,-4,2,-9,-5,-5,-3,-27,4,9,13,0,8,-13,-6,-18,-21,-5,-19,14,-3,26,17,18,26,0,15,-18,-3,-22,-17,-13,-18,3,1,9,3,14,7,6,6,0,3,-2,3,-1,3,-1,2,-4]"
CSI_DATA,265065,d8:b1:90:d9:de:f0,-65,11,-99,-34,66,56,-432071439,100,0,228,0,"[-16,-15,-16,-21,-15,-26,-14,-30,-13,-33,-13,-34,-12,-36,-74,-1,-11,-30,-10,-27,-9,-25,-8,-22,-8,-19,-5,-16,-3,-14,-1,-14,1,-12,3,-13,5,-12,6,-12,7,-11,-22,-10,4,-9,3,-7,2,-4,0,-2,0,2,-1,6,0,0,0,14,1,19,3,22,4,25,6,27,9,28,120,0,11,28,12,26,12,24,11,21,9,19,6,14,3,13,1,11,-1,10,-4,9,-4,9,-5,9,-5,9,-62,15,-3,9,-2,8,0,7,2,6,5,4,6,1,6,-1,5,12,15,8,19,-5,12,-18,-1,-21,-13,-14,-20,-2,-28,-24,-8,16,4,20,16,12,23,-2,16,-20,-2,-26,-23,-18,-30,4,-18,26,6,30,26,15,26,-7,12,-22,0,-31,-16,-10,-15,2,-9,9,-1,12,5,10,11,4,0,0,5,-11,-5,-10,-11,-2,-9,6,0,8,7,3,14,22,-6,-5,-10,6,0,14,15,10,20,-6,7,-22,-12,-21,-23,-4,-19,15,0,24,16,15,20,-2,10,-14,-8,-5,-10,-7,-9,1,-4,4,-1,4,-2,3,0,4,2,4]"
CSI_DATA,265066,d8:b1:90:d9:de:f0,-65,11,-99,-36,66,56,-432060844,100,0,228,0,"[17,16,16,23,16,28,16,32,15,34,15,37,14,35,-78,-1,14,30,14,26,13,23,12,21,10,19,7,16,5,15,3,14,1,14,-1,14,-2,14,-2,14,-3,13,-23,-11,-1,11,0,7,0,4,0,1,-1,-3,-2,-5,0,0,-6,-13,-10,-15,-14,-17,-17,-19,-21,-19,-24,-19,26,16,-28,-15,-26,-13,-25,-12,-22,-11,-17,-10,-15,-8,-12,-7,-8,-8,-5,-8,-4,-10,-3,-10,-3,-11,-3,-10,-28,16,-3,-8,-4,-6,-5,-4,-5,-3,-5,1,-3,3,-2,5,-5,-13,-16,-7,-19,5,-11,19,3,22,15,13,21,1,31,21,5,-19,-6,-19,-20,-10,-23,7,-13,22,6,26,28,13,29,-10,11,-30,-14,-28,-29,-8,-24,15,-5,25,10,32,19,3,15,-8,5,-13,-3,-13,-10,-7,-12,1,0,0,0,13,10,7,12,-2,5,-10,-5,-7,-6,1,-25,-11,7,0,3,-10,-10,-11,-17,2,-11,19,8,22,23,6,20,-13,3,-24,-16,-16,-22,1,-12,16,3,17,11,-3,13,-3,5,-7,0,-6,-1,-4,-2,-3,-3,-2,-4,-1]"
CSI_DATA,265067,d8:b1:90:d9:de:f0,-65,11,-99,-37,67,56,-432048775,100,0,228,0,"[-5,20,-10,23,-14,24,-18,27,-21,28,-21,28,-21,28,-72,-1,-18,25,-16,23,-13,21,-12,18,-9,16,-10,13,-10,11,-10,8,-10,6,-11,5,-12,4,-12,2,-12,3,-21,-10,-9,3,-7,3,-3,2,-1,1,3,0,5,-3,0,0,10,-9,11,-13,12,-18,12,-21,11,-24,10,-27,-124,0,7,-28,5,-27,4,-25,3,-22,3,-18,3,-15,6,-11,6,-8,5,-6,8,-6,8,-4,9,-5,10,-4,110,0,7,-5,6,-6,4,-6,-1,-6,-2,-4,-5,-4,-6,-2,8,-10,-1,-16,-13,-13,-19,-2,-15,12,-4,17,7,17,-4,36,18,-2,14,-13,2,-20,-14,-16,-24,-2,-20,17,0,27,20,19,29,-2,19,-22,-4,-28,-22,-14,-23,5,-22,20,3,17,12,10,12,0,10,-7,3,-11,-4,-10,0,0,-11,4,-4,12,6,10,10,1,5,-7,-4,-6,3,-26,1,7,11,2,8,-11,-6,-17,-18,-5,-17,13,-2,22,17,16,22,-3,12,-18,-6,-19,-17,-8,-16,6,4,8,6,11,9,3,5,-2,1,-2,3,-2,2,-2,0,-4]"
CSI_DATA,265068,d8:b1:90:d9:de:f0,-64,11,-99,-36,66,56,-432037788,100,0,228,0,"[-16,-19,-15,-25,-15,-30,-14,-34,-13,-37,-13,-38,-13,-37,-78,-1,-14,-32,-13,-28,-12,-24,-12,-21,-10,-20,-7,-17,-6,-15,-3,-14,-1,-14,-1,-14,1,-14,2,-14,2,-13,-23,-11,1,-10,0,-7,0,-3,0,0,1,4,2,6,0,0,8,13,11,15,15,17,20,19,23,19,26,17,33,1,29,13,28,12,28,10,23,7,20,7,15,6,13,6,10,8,7,8,5,8,5,10,5,10,5,10,74,0,6,7,6,4,5,2,6,1,5,-3,2,-5,1,-7,4,13,15,8,20,-3,14,-16,0,-22,-14,-15,-20,-4,-32,-25,-7,20,6,21,20,12,24,-6,14,-23,-7,-28,-28,-14,-31,11,-12,31,15,29,31,8,25,-16,5,-26,-12,-31,-20,-3,-15,8,-4,13,4,13,11,7,13,-2,0,0,-3,-13,-11,-6,-11,4,-2,11,6,6,6,-3,25,10,-8,1,-3,12,12,11,19,-4,8,-21,-12,-21,-25,-4,-19,16,0,25,19,14,22,-4,8,-17,-6,-16,-10,3,-12,5,-3,8,2,6,2,3,2,2,3,1,4,0]"
CSI_DATA,265069,d8:b1:90:d9:de:f0,-65,11,-99,-38,67,56,-432026780,100,0,228,0,"[0,-21,4,-24,8,-29,12,-31,15,-32,15,-32,16,-31,-74,-1,14,-28,13,-25,12,-23,11,-20,10,-16,9,-13,9,-10,10,-7,11,-4,11,-3,13,-1,13,0,13,-1,-22,-10,10,-2,7,-1,3,-1,1,-1,-3,-1,-6,0,0,0,-14,4,-18,6,-21,9,-23,12,-24,15,-24,19,-15,14,-23,21,-21,20,-19,18,-15,14,-13,11,-12,7,-11,5,-9,2,-9,-1,-8,-2,-9,-5,-9,-5,-9,-5,-119,15,-10,-3,-10,-1,-8,1,-6,3,-4,5,-3,7,0,7,-5,11,5,15,15,10,20,-3,13,-15,1,-20,-9,-15,0,-38,-18,3,-13,14,-1,21,13,18,25,3,21,-15,3,-28,-19,-23,-30,-1,-23,22,1,29,20,18,25,-1,26,-15,1,-18,-8,-11,-12,-4,-10,3,-7,9,-1,12,0,0,13,1,9,-8,-2,-11,-9,-5,-9,5,1,9,-16,21,4,-8,-8,-8,-15,2,-8,18,10,19,23,4,18,-15,0,-24,-19,-14,-23,4,-11,19,5,20,15,8,4,-9,4,-11,-4,-8,-4,-2,-2,0,-1,-1,-3,-2,-4,1]"
CSI_DATA,265070,d8:b1:90:d9:de:f0,-65,11,-99,-35,66,56,-432011657,100,0,228,0,"[22,6,25,13,28,16,30,19,32,21,31,21,32,21,-76,-1,29,16,27,13,23,10,21,9,18,9,16,8,13,8,11,9,9,9,7,11,7,11,6,13,6,11,-22,-10,6,8,5,5,3,3,1,0,-3,-2,-5,-4,0,0,-13,-4,-18,-5,-21,-3,-26,-2,-28,0,-30,4,-77,15,-30,8,-28,9,-26,9,-22,8,-18,6,-16,4,-13,3,-11,1,-10,-2,-9,-3,-9,-4,-10,-3,-10,-3,-122,16,-9,-2,-8,0,-7,2,-4,3,-1,5,1,6,3,6,-11,-8,-17,1,-14,14,-1,20,11,16,19,5,17,-8,39,2,-4,-19,-17,-13,-22,2,-16,18,2,27,22,18,30,-4,17,-27,-7,-30,-29,-14,-28,11,-9,28,11,22,28,16,17,-8,5,-15,-5,-14,-10,-7,-13,1,-9,9,0,0,9,7,14,-1,6,-9,-4,-10,-9,-1,-4,6,-26,10,5,-5,-5,-10,-15,-1,-11,14,5,20,21,7,19,-13,3,-23,-16,-16,-22,1,-11,17,6,18,16,7,5,-9,4,-10,-4,-7,-6,-2,-3,-1,-2,0,-4,0,-3,3]"
CSI_DATA,265071,d8:b1:90:d9:de:f0,-65,11,-99,-36,66,56,-432001630,100,0,228,0,"[13,-19,20,-20,25,-20,30,-21,32,-20,34,-19,33,-19,-78,-1,30,-16,26,-15,23,-14,20,-12,17,-10,16,-7,15,-5,14,-2,14,0,13,1,14,3,13,4,13,4,-23,-11,10,2,7,1,5,0,1,-1,-3,-1,-6,0,0,0,-14,3,-19,5,-21,8,-23,12,-24,15,-25,19,-15,15,-23,22,-21,20,-19,19,-16,16,-13,13,-12,8,-11,6,-10,3,-10,1,-10,-1,-11,-2,-11,-3,-11,-2,-125,16,-11,-1,-8,2,-6,3,-3,4,-2,5,1,7,3,6,-12,7,-5,16,7,17,19,10,20,-4,13,-15,1,-20,20,-35,-19,-6,-21,7,-11,20,5,23,23,14,28,-6,14,-26,-8,-30,-29,-13,-30,13,-10,30,13,25,25,7,32,-6,6,-19,-5,-15,-12,-6,-13,1,-8,7,-2,13,0,0,13,2,10,-7,0,-12,-8,-6,-8,4,0,8,-19,21,3,-7,-8,-7,-14,4,-5,19,12,17,23,1,15,-19,-4,-23,-21,-12,-22,7,-6,21,10,17,17,4,2,-10,2,-12,-6,-7,-6,-1,-2,0,-2,0,-4,0,-3,2]"
CSI_DATA,265072,d8:b1:90:d9:de:f0,-65,11,-99,-38,67,56,-431991324,100,0,228,0,"[-22,-7,-24,-12,-26,-16,-29,-19,-30,-21,-30,-22,-30,-20,-74,-1,-27,-15,-25,-13,-23,-12,-20,-10,-18,-9,-15,-9,-12,-8,-10,-9,-9,-9,-7,-10,-7,-11,-6,-10,-6,-10,-22,-10,-5,-7,-4,-5,-2,-3,0,1,2,2,5,4,0,0,13,4,18,5,22,3,25,1,27,-1,29,-3,78,1,29,-7,27,-8,24,-8,21,-8,18,-6,15,-5,13,-3,11,-1,10,1,9,2,10,3,9,3,9,3,117,0,9,1,8,-1,6,-3,4,-4,1,-5,-1,-6,-3,-5,8,8,16,0,13,-11,2,-18,-10,-15,-18,-6,-16,7,-40,-2,3,19,15,14,22,-1,16,-16,-1,-25,-21,-18,-29,3,-18,25,7,30,27,13,28,-11,9,-26,-11,-22,-27,-15,-16,8,-5,14,5,12,11,7,12,-1,8,-9,0,0,-10,-8,-11,2,-6,9,4,9,9,0,3,-5,24,-8,-5,6,5,10,14,1,11,-13,-5,-20,-20,-7,-19,11,-2,22,15,16,22,-1,11,-16,-5,-18,-14,-6,-4,8,-3,11,4,7,5,2,2,0,2,0,4,0,3,-2]"
CSI_DATA,265073,d8:b1:90:d9:de:f0,-64,11,-99,-36,66,56,-431971376,100,0,228,0,"[-23,-8,-26,-14,-29,-19,-31,-23,-32,-24,-32,-24,-32,-22,-78,-1,-29,-19,-28,-16,-24,-13,-22,-12,-19,-11,-16,-10,-14,-10,-12,-11,-10,-11,-8,-12,-8,-12,-7,-12,-7,-12,-23,-11,-5,-8,-4,-5,-2,-3,0,0,3,0,6,2,0,0,15,1,19,0,23,-2,26,-5,28,-7,29,-12,24,1,26,-16,25,-16,22,-15,19,-14,16,-12,13,-8,12,-6,11,-3,11,-2,11,0,11,1,11,0,11,0,126,0,10,-2,7,-4,5,-4,2,-4,-1,-4,-3,-5,-6,-3,11,8,17,-1,15,-14,2,-21,-13,-19,-21,-5,-21,8,-41,-2,4,21,17,14,24,-2,16,-19,-2,-28,-23,-17,-30,6,-16,29,11,32,31,13,28,-13,7,-29,-14,-23,-31,-16,-17,10,-5,16,5,13,12,6,13,-3,7,-12,0,0,-11,-7,-13,4,-4,11,6,8,10,0,2,-6,23,-16,-3,5,7,6,14,-4,5,-16,-12,-16,-22,0,-14,19,5,23,21,10,20,-8,4,-20,-12,-16,-17,-1,0,10,1,12,7,5,6,0,2,-1,2,0,3,-1,2,-3]"
CSI_DATA,265074,d8:b1:90:d9:de:f0,-65,11,-99,-35,66,56,-431961137,100,0,228,0,"[10,-21,16,-23,21,-26,26,-27,27,-27,29,-27,28,-27,-76,-1,23,-23,20,-21,18,-20,16,-17,14,-15,13,-13,13,-10,13,-7,13,-5,13,-3,14,-2,13,-2,14,-2,-22,-10,8,-2,6,-2,3,-2,-1,-2,-4,0,-7,3,0,0,-13,8,-15,11,-17,17,-16,20,-17,23,-15,27,91,16,-13,29,-10,27,-8,23,-7,22,-5,18,-6,14,-6,10,-7,8,-7,6,-7,5,-9,3,-9,4,-9,4,-105,16,-7,5,-6,5,-3,7,1,6,3,6,4,5,7,4,-9,7,-3,15,8,15,18,5,18,-7,10,-17,-2,-19,13,-40,-19,-2,-18,11,-6,21,11,22,26,8,26,-14,7,-30,-18,-26,-32,-3,-25,21,-1,31,20,19,27,0,27,-19,-1,-19,-10,-11,-14,-2,-10,6,-5,10,3,13,0,0,13,-4,4,-11,-6,-10,-10,-1,-5,7,4,6,-7,25,-1,-9,-11,-3,-11,10,2,19,18,9,20,-8,5,-23,-14,-19,-23,-1,-15,15,3,21,16,10,17,-5,-2,-7,-4,-10,-8,-4,-5,2,-1,2,-1,0,-2,1,-2,3]"
CSI_DATA,265075,d8:b1:90:d9:de:f0,-64,11,-99,-38,66,56,-431941610,100,0,228,0,"[26,8,29,13,32,19,33,22,34,23,35,24,34,23,-83,-1,32,20,28,15,24,13,22,11,20,11,16,10,14,11,13,10,11,11,9,11,8,13,7,14,7,11,-24,-11,5,9,4,5,2,3,0,0,-3,-2,-7,-4,0,0,-14,-4,-20,-4,-23,-2,-28,-1,-30,0,-33,4,-76,16,-29,9,-29,9,-26,9,-23,8,-19,7,-16,4,-14,3,-11,0,-10,-2,-9,-3,-10,-4,-11,-3,-10,-3,-121,17,-10,-1,-8,1,-7,3,-3,3,-2,5,2,7,3,7,-11,-8,-17,1,-15,15,-2,22,11,19,21,7,20,-7,43,3,-4,-22,-19,-15,-26,2,-19,20,1,30,24,20,32,-4,19,-28,-8,-34,-30,-15,-32,13,-11,29,13,26,30,19,20,-9,7,-17,-4,-14,-11,-8,-14,1,-9,10,0,0,9,9,14,-2,7,-11,-4,-10,-9,-1,-3,5,-27,10,5,-5,-5,-9,-16,0,-11,15,5,21,22,8,20,-11,3,-23,-15,-17,-22,1,-11,17,5,19,16,7,3,-9,3,-11,-4,-7,-4,-2,-2,-1,-2,-1,-4,0,-4,2]"
CSI_DATA,265076,d8:b1:90:d9:de:f0,-65,11,-99,-35,66,56,-431931624,100,0,228,0,"[23,-6,28,-4,33,-1,35,1,39,3,39,4,39,4,-76,-1,33,2,30,2,27,1,25,2,21,3,18,3,15,4,13,6,11,7,10,9,9,9,8,10,8,8,-22,-10,7,7,5,4,3,2,0,-1,-3,-2,-5,-4,0,0,-15,-5,-18,-5,-21,-4,-26,-2,-28,-1,-30,1,-71,15,-29,5,-27,5,-26,4,-21,5,-18,2,-15,1,-13,0,-9,-3,-8,-4,-7,-6,-7,-7,-7,-7,-8,-6,-98,16,-8,-5,-7,-2,-7,0,-5,1,-4,4,-3,6,-1,7,-11,-1,-13,8,-5,17,6,17,19,9,18,-4,14,-15,37,-15,-10,-17,-20,-5,-21,8,-8,25,10,26,27,10,27,-14,9,-31,-16,-28,-32,-6,-25,17,-3,29,15,20,31,11,16,-10,4,-16,-6,-13,-10,-6,-13,2,-8,9,0,0,9,7,13,-2,6,-10,-5,-10,-8,-2,-4,5,-26,7,7,-5,-3,-10,-15,-3,-13,11,1,20,18,13,21,-6,9,-21,-8,-19,-20,-5,-15,11,-1,18,11,11,6,-6,5,-8,-2,-7,-3,-2,-1,-1,0,-2,-2,-3,-4,-1]"
CSI_DATA,265077,d8:b1:90:d9:de:f0,-65,11,-99,-36,66,56,-431921622,100,0,228,0,"[22,-12,28,-12,32,-12,37,-11,39,-11,39,-10,38,-10,-78,-1,33,-11,30,-10,26,-10,23,-8,20,-8,17,-6,16,-5,15,-3,15,-2,14,0,15,1,14,2,14,1,-23,-11,11,1,7,0,3,0,1,0,-3,1,-6,3,0,0,-11,10,-12,14,-13,19,-13,22,-12,25,-11,28,-115,16,-6,30,-4,28,-2,24,-2,22,-1,19,-3,15,-3,12,-4,10,-4,8,-6,6,-7,6,-7,6,-7,6,-76,16,-4,7,-2,7,0,6,3,4,5,2,6,1,7,-1,-13,2,-11,13,0,19,14,14,21,2,17,-11,6,-20,29,-31,-19,-11,-23,3,-14,19,4,25,23,16,28,-6,15,-26,-11,-30,-31,-11,-29,14,-7,31,16,24,26,4,31,-13,3,-20,-10,-14,-14,-4,-12,5,-5,12,3,13,0,0,13,-4,5,-11,-6,-11,-11,-1,-4,6,3,6,-3,26,-2,-6,-10,1,-6,12,7,15,20,2,14,-15,-2,-22,-19,-11,-21,7,-6,20,11,17,19,3,12,-10,-5,-4,-7,-6,-8,0,-3,3,0,2,-2,1,-2,2,1,4]"
CSI_DATA,265078,d8:b1:90:d9:de:f0,-65,11,-99,-36,66,56,-431900786,100,0,228,0,"[24,8,28,13,30,17,31,20,33,23,33,23,32,23,-78,-1,30,17,26,16,24,14,22,12,19,11,16,11,14,11,13,11,10,11,8,12,7,12,7,13,5,12,-23,-11,5,8,4,6,2,3,0,0,-2,-2,-6,-3,0,0,-14,-3,-19,-3,-22,-2,-25,0,-28,1,-30,4,-53,15,-29,7,-26,8,-24,8,-21,7,-17,5,-14,4,-12,2,-11,0,-8,-1,-8,-3,-10,-4,-8,-3,-10,-4,-114,16,-8,-1,-7,1,-4,2,-3,2,-1,5,1,6,3,6,-10,-7,-16,0,-14,12,-2,20,11,19,20,6,19,-7,42,3,-3,-21,-16,-15,-24,1,-19,20,1,29,22,20,31,-4,17,-26,-8,-32,-30,-15,-30,11,-11,28,11,24,29,17,19,-8,7,-16,-4,-14,-11,-7,-13,1,-8,10,0,0,10,7,13,-2,6,-10,-3,-11,-8,-1,-4,6,-25,10,4,-5,-4,-8,-13,0,-10,13,5,19,19,6,17,-11,3,-22,-14,-15,-20,1,-11,15,4,16,14,6,4,-7,3,-8,-3,-5,-3,-2,-1,-1,-1,-2,-4,-2,-4,1]"
CSI_DATA,265079,d8:b1:90:d9:de:f0,-64,11,-99,-36,66,56,-431881520,100,0,228,0,"[21,14,22,21,23,28,22,32,22,34,20,35,19,35,-78,-1,15,31,14,29,12,26,11,22,10,20,6,17,4,16,2,15,0,14,-2,15,-4,15,-4,13,-5,13,-23,-11,-3,10,-3,7,-1,4,-1,1,0,-2,0,-7,0,0,-2,-14,-3,-17,-4,-22,-7,-23,-10,-25,-12,-26,122,16,-13,-25,-14,-24,-13,-21,-11,-17,-7,-16,-5,-13,-3,-11,-1,-11,1,-10,4,-8,4,-7,5,-7,4,-7,54,0,3,-8,1,-7,-1,-5,-3,-5,-5,-3,-6,-1,-7,1,-7,-11,-15,-4,-17,7,-8,17,3,21,15,15,22,2,37,22,8,-20,-6,-23,-21,-12,-25,5,-15,23,6,29,28,15,32,-8,16,-29,-10,-31,-29,-13,-28,11,-11,24,3,34,17,8,16,-4,10,-11,0,-13,-6,-11,-12,-3,0,0,-5,12,6,11,12,2,7,-6,-1,-8,-6,-2,-15,-21,5,4,7,-5,-2,-13,-14,-7,-17,8,-5,21,12,19,22,2,15,-15,-1,-20,-14,-12,-16,2,-7,11,8,3,7,5,5,-1,2,-2,2,-1,2,0,2,-3,0,-5]"
CSI_DATA,265080,d8:b1:90:d9:de:f0,-65,11,-99,-36,66,56,-431871461,100,0,228,0,"[-25,-7,-29,-12,-32,-15,-34,-19,-35,-22,-35,-21,-34,-22,-78,-1,-31,-16,-29,-14,-25,-12,-23,-11,-20,-11,-17,-10,-14,-10,-13,-11,-12,-11,-10,-11,-8,-11,-7,-12,-7,-11,-23,-11,-5,-7,-4,-5,-2,-3,0,0,3,2,6,3,0,0,14,5,17,4,21,3,24,2,28,-1,30,-3,40,1,28,-6,25,-7,24,-7,22,-6,17,-4,14,-3,13,-2,11,1,10,2,8,3,10,4,8,4,10,3,98,0,7,1,6,-1,5,-3,4,-3,2,-5,-1,-6,-3,-6,10,7,15,0,14,-12,3,-20,-12,-19,-20,-6,-21,7,-44,-1,3,23,19,14,25,-2,17,-21,-2,-30,-23,-19,-31,4,-17,28,8,32,31,15,30,-11,11,-30,-12,-24,-30,-17,-19,10,-6,17,5,14,12,7,13,-2,8,-10,0,0,-10,-8,-12,2,-6,11,4,10,8,1,4,-6,24,-8,-5,5,4,10,14,1,11,-13,-4,-17,-19,-7,-17,10,-4,21,12,16,20,0,11,-14,-3,-15,-12,-7,-4,6,-3,7,2,5,3,2,1,1,1,2,4,2,4,-1]"
CSI_DATA,265081,d8:b1:90:d9:de:f0,-65,11,-99,-36,66,56,-431861303,100,0,228,0,"[-12,23,-19,25,-24,26,-29,26,-31,26,-33,25,-32,24,-78,-1,-29,21,-26,19,-23,16,-21,14,-19,12,-16,10,-16,8,-15,5,-14,2,-15,1,-14,0,-14,-1,-13,-1,-23,-11,-8,-1,-6,-1,-3,-1,-1,0,3,-1,6,-1,0,0,13,-4,16,-7,19,-10,21,-12,22,-14,23,-17,-22,0,22,-19,20,-17,17,-16,16,-14,13,-11,12,-7,11,-5,10,-3,10,-1,8,0,8,2,8,3,10,3,111,0,8,1,7,-1,5,-2,2,-4,0,-5,-2,-6,-3,-6,10,-7,3,-15,-7,-16,-19,-8,-20,4,-14,16,0,22,-17,41,21,5,22,-10,10,-23,-10,-24,-26,-12,-28,11,-12,30,13,30,32,11,30,-15,8,-31,-14,-26,-28,-6,-32,11,-5,20,7,16,14,6,12,-3,7,-11,0,-13,0,0,-12,0,-8,8,1,12,8,5,8,-3,0,-6,16,-20,-2,6,7,5,12,-4,5,-15,-11,-15,-20,0,-13,15,2,21,17,12,19,-5,7,-16,-6,-15,-14,-5,-3,5,-2,8,3,5,3,2,0,1,1,2,4,2,4,-1]"
CSI_DATA,265082,d8:b1:90:d9:de:f0,-65,11,-99,-35,66,56,-431841707,100,0,228,0,"[-21,15,-27,14,-33,14,-35,11,-40,11,-40,10,-39,10,-76,-1,-33,9,-31,8,-28,7,-23,7,-20,6,-19,4,-17,3,-16,1,-15,-1,-15,-3,-14,-4,-14,-4,-13,-5,-22,-10,-9,-3,-7,-2,-4,0,-1,0,2,0,5,0,0,0,13,-3,16,-5,18,-8,20,-11,22,-15,22,-17,-18,0,20,-19,19,-18,16,-16,14,-15,11,-11,10,-8,9,-5,8,-3,8,0,8,0,9,2,9,1,10,1,112,0,8,0,7,-2,5,-3,2,-4,0,-5,-2,-6,-5,-5,11,-3,10,-14,-1,-19,-15,-15,-22,-2,-19,11,-7,20,-30,30,19,11,23,-3,16,-18,-2,-26,-21,-19,-30,2,-20,26,5,32,28,18,32,-8,15,-29,-9,-28,-26,-10,-34,4,-8,18,5,16,11,7,13,-1,9,-8,2,-11,0,0,-13,-2,-9,8,0,11,8,7,9,-3,1,-7,16,-20,-2,6,6,6,11,-5,3,-15,-11,-14,-19,2,-11,16,5,19,18,8,17,-7,4,-17,-8,-13,-14,-2,1,7,0,7,4,3,2,1,0,2,2,3,5,2,5,-3]"
CSI_DATA,265083,d8:b1:90:d9:de:f0,-65,11,-99,-36,66,56,-431831356,100,0,228,0,"[22,15,24,21,24,25,25,31,26,32,25,32,25,32,-78,-1,25,26,23,22,21,19,19,16,17,14,15,14,13,13,11,12,10,12,7,13,6,13,5,13,5,11,-23,-11,4,10,3,5,2,3,1,0,-2,-2,-5,-3,0,0,-12,-4,-16,-4,-21,-3,-23,-2,-26,0,-28,3,-37,15,-26,8,-25,8,-22,8,-20,7,-15,5,-13,4,-11,3,-11,0,-8,-1,-8,-2,-10,-3,-10,-3,-10,-2,-114,16,-8,0,-7,2,-5,4,-3,4,-1,5,3,6,4,5,-6,-10,-15,-5,-17,6,-11,17,3,22,16,13,22,-1,42,15,2,-22,-13,-20,-25,-4,-22,16,-4,29,19,23,32,1,23,-23,-3,-34,-28,-19,-32,7,-15,26,8,26,26,21,20,-6,7,-15,-4,-14,-11,-7,-12,1,-8,8,0,0,8,8,12,-2,6,-11,-4,-10,-7,-2,-3,5,-23,11,5,-4,-4,-10,-13,-1,-10,13,5,17,17,6,17,-11,2,-21,-14,-14,-19,2,-8,15,6,14,13,4,1,-7,1,-8,-2,-4,-2,-1,0,-2,-1,-3,-5,-1,-5,3]"
CSI_DATA,265084,d8:b1:90:d9:de:f0,-65,11,-99,-34,66,56,-431811538,100,0,228,0,"[26,-5,31,-1,36,3,39,6,40,9,40,11,38,13,-74,-1,32,11,30,10,27,9,23,8,21,9,18,9,14,9,12,10,11,11,8,12,6,13,5,13,5,12,-22,-10,3,9,3,7,2,4,1,1,-1,-1,-3,-4,0,0,-10,-7,-13,-10,-16,-11,-19,-10,-23,-10,-25,-10,-9,14,-26,-7,-24,-7,-22,-6,-19,-6,-14,-7,-11,-6,-8,-6,-5,-7,-3,-8,-2,-9,-2,-10,-1,-9,-1,-9,-14,15,-2,-8,-4,-6,-4,-4,-5,-3,-5,0,-5,4,-5,5,-11,-2,-14,6,-8,18,4,21,18,13,22,0,18,-13,42,-9,-8,-20,-21,-10,-24,6,-14,22,5,28,25,16,31,-5,18,-28,-9,-32,-29,-14,-30,10,-12,27,9,25,25,22,19,-6,8,-14,-2,-14,-8,-10,-11,-2,-11,6,0,0,6,11,11,4,10,-6,1,-10,-7,-6,-7,2,-25,-4,7,0,2,-9,-8,-8,-14,3,-8,15,7,16,19,5,16,-11,2,-19,-12,-13,-15,0,-9,11,2,12,7,-3,6,0,3,-2,1,0,4,-1,3,-3,0,-6,-4,-5]"
CSI_DATA,265085,d8:b1:90:d9:de:f0,-65,11,-99,-35,66,56,-431801450,100,0,228,0,"[2,-28,6,-31,9,-34,14,-37,16,-39,17,-39,16,-38,-76,-1,14,-33,11,-30,10,-28,9,-25,8,-21,8,-18,8,-17,8,-15,8,-11,11,-10,13,-8,11,-8,11,-7,-22,-10,9,-6,7,-5,4,-3,2,-1,0,1,-1,5,0,0,-2,13,-1,16,0,19,2,22,4,25,5,26,67,0,8,25,9,23,9,20,7,17,6,15,4,13,1,9,0,10,-2,8,-4,7,-4,7,-5,8,-4,8,-52,16,-2,8,-1,7,1,5,4,3,6,0,6,-2,6,-3,-6,13,4,17,16,11,22,-2,16,-16,2,-23,-13,-18,-5,-43,-21,8,-11,21,6,25,22,14,28,-7,14,-26,-10,-30,-30,-13,-31,14,-9,32,16,28,29,6,22,-15,15,-31,-11,-16,-17,-3,-13,6,-5,13,3,13,10,6,0,0,7,-9,-2,-13,-10,-6,-10,4,-2,9,5,4,11,22,-4,-5,-7,4,0,11,13,8,16,-6,5,-18,-10,-16,-19,-2,-14,13,2,18,14,9,14,-3,6,-9,-6,0,-6,-3,-4,0,-2,0,-3,0,-5,3,-3,6,2,6]"
CSI_DATA,265086,d8:b1:90:d9:de:f0,-65,11,-99,-37,67,56,-431790983,100,0,228,0,"[-26,0,-31,-3,-34,-6,-37,-8,-39,-9,-40,-9,-38,-8,-72,-1,-34,-6,-31,-3,-27,-2,-24,-1,-21,-1,-19,-1,-17,-1,-15,-2,-15,-3,-13,-5,-12,-6,-12,-6,-11,-5,-21,-10,-10,-4,-7,-2,-4,-1,-2,-1,2,0,5,-2,0,0,10,-5,13,-8,14,-11,16,-14,15,-18,14,-20,-90,0,11,-22,9,-21,8,-19,6,-17,5,-14,6,-11,6,-9,7,-7,7,-5,7,-4,8,-3,8,-5,7,-4,82,0,5,-5,3,-6,0,-5,-2,-3,-4,-2,-6,-1,-7,1,11,5,15,-4,10,-15,-3,-21,-16,-14,-21,0,-16,14,-39,15,12,17,23,6,21,-12,6,-25,-14,-23,-29,-5,-24,19,-2,31,23,21,31,-3,18,-24,-7,-28,-23,-12,-31,2,-9,17,5,16,13,8,12,-3,7,-9,0,-12,0,0,-11,1,-7,9,3,11,9,5,7,-4,-1,-7,8,-22,-1,5,7,2,7,-8,-4,-13,-14,-6,-15,9,-2,17,12,13,17,-2,9,-13,-5,-14,-12,-5,-11,4,2,3,3,6,5,1,3,0,3,2,4,-1,5,-4,1,-5]"
CSI_DATA,265087,d8:b1:90:d9:de:f0,-65,9,-99,-36,67,56,-431774890,124,0,106,0,"[105,1,104,0,-79,1,68,0,-78,1,57,0,127,1,60,0,50,1,55,0,-15,0,48,0,-66,0,16,0,-96,0,-26,15,-111,0,-64,15,-120,0,-74,15,103,0,-49,15,58,0,-12,15,-18,15,3,0,0,0,0,0,96,15,-44,15,38,15,-100,15,23,15,102,15,41,15,73,15,84,15,90,15,125,15,-114,15,-104,15,-47,15,-100,15,6,0,-105,15,20,0,-107,15,17,0,-88,15,-7,15,-48,15,-39,15,1,0]"
CSI_DATA,265088,d8:b1:90:d9:de:f0,-65,11,-99,-37,67,56,-431761655,100,0,228,0,"[19,17,20,21,20,26,21,30,21,32,22,33,21,31,-72,-1,20,27,20,23,19,20,17,18,15,15,13,14,10,12,9,12,7,12,5,12,4,13,4,13,4,12,-21,-10,4,10,4,7,2,4,1,2,-2,-1,-3,-2,0,0,-10,-5,-13,-5,-17,-4,-20,-2,-23,0,-24,1,-15,14,-23,6,-21,7,-19,7,-16,6,-14,5,-11,3,-10,1,-8,-1,-8,-3,-7,-3,-8,-3,-8,-4,-8,-3,-99,15,-8,-1,-6,1,-4,3,-3,4,0,6,4,6,5,6,-4,-11,-14,-8,-18,4,-12,17,4,21,17,13,21,0,39,16,3,-21,-12,-18,-23,-6,-21,13,-6,26,16,23,29,3,23,-21,-1,-31,-23,-19,-28,5,-13,24,8,24,24,19,17,-7,7,-14,-3,-12,-9,-6,-11,1,-8,8,0,0,7,9,12,0,7,-9,-3,-9,-9,-2,-5,6,-20,10,6,-3,-3,-8,-11,-2,-8,10,3,16,16,7,15,-9,2,-17,-12,-12,-15,2,-8,11,4,12,10,4,0,-6,3,-4,0,-2,1,-2,1,-5,-4,-5,-8,-1,-6,4]"
CSI_DATA,265089,d8:b1:90:d9:de:f0,-65,11,-99,-37,67,56,-431751637,100,0,228,0,"[-25,5,-29,1,-33,-3,-37,-5,-39,-7,-39,-8,-39,-8,-72,-1,-33,-6,-30,-5,-27,-4,-24,-4,-20,-3,-18,-4,-16,-4,-14,-6,-12,-7,-11,-8,-10,-9,-10,-10,-9,-9,-21,-10,-8,-7,-6,-5,-4,-4,-3,-1,1,0,4,1,0,0,11,3,14,1,17,0,20,-1,22,-3,23,-5,7,1,22,-9,20,-9,18,-7,16,-7,13,-4,12,-2,9,-1,8,1,8,3,7,4,8,5,7,5,8,5,92,0,8,2,7,0,5,-2,3,-2,1,-5,-2,-7,-3,-7,11,4,14,-6,8,-16,-5,-19,-18,-12,-21,2,-15,15,-38,14,12,18,21,6,21,-10,9,-23,-10,-24,-26,-10,-27,13,-7,29,17,26,30,5,22,-19,1,-29,-18,-18,-30,-8,-13,13,-1,15,8,10,10,2,10,-4,5,-10,0,0,-9,-6,-11,4,-5,11,5,9,9,0,4,-6,19,-13,-5,4,3,7,11,2,8,-10,-4,-15,-15,-6,-15,8,-4,17,10,13,16,1,9,-11,-2,-13,-9,-6,-2,4,-4,5,0,3,-1,3,-1,4,2,6,7,4,7,-2]"
CSI_DATA,265090,d8:b1:90:d9:de:f0,-65,11,-99,-37,67,56,-431741379,100,0,228,0,"[23,-12,29,-10,33,-9,37,-9,40,-8,40,-7,39,-9,-72,-1,32,-10,30,-11,26,-10,23,-10,20,-8,17,-8,16,-5,15,-3,14,-2,14,0,15,2,14,1,13,1,-21,-10,12,0,9,0,6,-1,3,-1,0,0,-2,2,0,0,-8,7,-8,11,-9,14,-8,18,-8,20,-6,23,-115,15,-2,24,0,22,1,20,0,17,0,14,-1,11,-3,9,-4,8,-5,6,-6,6,-7,6,-7,6,-7,7,-83,15,-3,7,-1,6,1,5,4,2,5,0,7,-1,6,-3,-12,0,-12,11,-2,19,13,17,22,4,19,-11,8,-22,27,-30,-19,-11,-23,6,-14,20,5,25,22,14,28,-7,13,-26,-11,-29,-30,-10,-27,15,-5,29,18,22,25,1,28,-14,0,-18,-11,-11,-13,-1,-9,6,-3,10,5,9,0,0,11,-3,4,-12,-7,-9,-10,0,-5,7,3,6,2,23,-1,-6,-8,0,-5,9,7,11,15,1,11,-13,-4,-17,-16,-7,-15,7,-4,15,9,12,13,1,8,-8,-4,-2,-4,-5,-4,-2,-3,-2,-5,-1,-6,3,-3,7,3,8]"
CSI_DATA,265091,d8:b1:90:d9:de:f0,-66,11,-99,-35,67,56,-431731098,100,0,228,0,"[-3,25,-8,28,-13,31,-16,32,-19,34,-20,33,-20,33,-68,0,-16,29,-15,27,-13,24,-12,20,-10,18,-10,15,-10,13,-9,10,-10,8,-10,6,-11,5,-11,4,-11,4,-20,-9,-9,3,-7,3,-4,2,-1,1,0,0,3,-2,0,0,5,-9,6,-11,6,-14,6,-17,5,-20,4,-22,29,0,2,-22,0,-21,0,-18,0,-16,0,-14,2,-10,3,-8,5,-7,5,-5,7,-4,6,-3,7,-4,7,-4,73,0,4,-4,2,-4,0,-4,-2,-3,-4,-2,-5,-1,-6,0,7,-9,0,-15,-12,-13,-20,-2,-18,12,-4,21,8,20,0,39,21,-3,13,-17,-1,-23,-18,-17,-26,0,-18,20,2,29,24,18,30,-5,15,-26,-8,-27,-25,-11,-22,8,-19,23,6,16,13,5,12,-2,6,-8,0,-10,-6,-7,0,0,-8,6,0,10,6,7,9,0,3,-6,-3,-5,-1,-21,0,6,8,0,5,-8,-4,-11,-14,-2,-12,10,0,16,13,10,16,-2,7,-13,-4,-13,-10,-4,-10,2,1,1,0,6,2,4,2,2,4,1,6,0,5,-4,0,-7]"
CSI_DATA,265092,d8:b1:90:d9:de:f0,-65,11,-99,-37,67,56,-431715971,100,0,228,0,"[0,26,-4,30,-8,33,-13,37,-15,38,-16,37,-17,37,-72,-1,-15,31,-14,28,-13,25,-11,22,-10,20,-10,17,-10,14,-10,12,-11,9,-12,7,-12,6,-12,5,-12,5,-21,-10,-9,3,-7,3,-4,2,-2,2,1,0,3,-3,0,0,7,-7,8,-10,9,-14,10,-17,9,-20,9,-21,-130,0,7,-22,7,-21,5,-19,5,-16,5,-14,6,-10,7,-8,6,-6,8,-4,9,-4,10,-1,9,-2,9,-2,103,0,6,-3,5,-3,2,-4,-1,-4,-4,-4,-6,-3,-7,-2,5,-10,-3,-15,-14,-12,-20,0,-16,14,-4,23,11,19,4,43,21,-6,13,-19,-3,-24,-20,-15,-26,2,-18,22,5,29,24,17,31,-6,16,-26,-8,-28,-25,-12,-24,9,-20,24,6,17,13,7,13,-3,8,-10,1,-11,-6,-9,0,0,-10,6,-2,12,7,9,10,0,5,-8,-3,-7,2,-21,0,6,8,2,8,-8,-3,-13,-13,-6,-15,8,-3,17,11,14,17,1,12,-11,0,-15,-10,-10,-12,0,1,3,-1,7,2,5,3,4,4,4,7,2,7,-2,3,-8]"
CSI_DATA,265093,d8:b1:90:d9:de:f0,-66,11,-99,-38,68,56,-431704647,100,0,228,0,"[9,-20,15,-21,20,-23,23,-24,27,-23,28,-24,27,-23,-66,0,23,-21,20,-19,18,-17,16,-16,15,-13,12,-11,11,-9,11,-5,12,-2,11,-1,12,0,12,0,13,0,-19,-9,10,-1,8,-1,4,-1,1,-2,0,-1,-3,0,0,0,-9,3,-11,6,-13,9,-13,12,-14,15,-13,16,90,14,-12,19,-10,17,-7,16,-7,14,-5,10,-6,6,-6,5,-6,2,-7,0,-8,0,-8,0,-9,0,-9,0,-103,14,-7,1,-6,3,-3,4,0,5,2,5,4,4,7,4,-10,4,-4,14,7,16,17,8,18,-6,10,-16,-1,-19,12,-36,-19,-2,-16,11,-6,21,10,20,23,7,22,-12,6,-26,-16,-24,-29,-4,-22,18,0,27,18,17,22,-1,23,-15,-1,-16,-9,-8,-10,0,-7,4,-3,7,0,8,0,0,11,-1,5,-9,-3,-11,-9,-2,-6,6,0,8,-5,19,2,-7,-6,-5,-10,4,0,13,11,10,16,-3,7,-15,-6,-15,-16,-3,-12,8,-1,14,8,9,10,0,-1,-2,0,-5,0,-3,0,-3,-1,-4,-6,-3,-8,1,-4,6]"
CSI_DATA,265094,d8:b1:90:d9:de:f0,-66,11,-99,-34,67,56,-431694359,100,0,228,0,"[-6,-23,-4,-27,-2,-32,0,-35,0,-37,0,-37,0,-37,-66,0,-1,-32,-2,-30,-3,-26,-2,-23,-2,-19,-1,-17,0,-16,0,-13,1,-13,3,-12,5,-12,5,-11,6,-11,-19,-9,3,-9,1,-8,0,-5,0,-3,0,0,0,2,0,0,2,10,4,12,7,14,11,15,13,16,16,15,-43,0,18,12,17,10,17,9,14,7,11,7,8,7,6,6,4,7,2,8,0,8,2,9,2,9,2,8,43,0,3,6,4,3,4,1,4,0,4,-3,1,-6,0,-7,-2,11,7,13,16,6,18,-7,9,-18,-5,-19,-17,-11,-21,-33,-14,14,0,21,15,16,24,1,19,-16,0,-27,-19,-19,-29,2,-16,24,6,28,24,14,24,-9,7,-21,-4,-29,-16,-4,-12,6,-4,10,1,9,6,6,9,0,0,0,0,-11,-8,-7,-10,1,-4,9,5,7,8,0,18,7,-7,-2,-5,8,5,10,14,0,9,-12,-4,-16,-16,-6,-14,9,-1,16,11,12,15,0,7,-9,0,-10,-3,2,-6,0,-4,0,-3,1,-3,6,0,8,6,5,8,0]"
CSI_DATA,265095,d8:b1:90:d9:de:f0,-66,11,-99,-37,68,56,-431681184,100,0,228,0,"[-19,-12,-20,-18,-21,-23,-21,-28,-20,-29,-19,-31,-19,-31,-64,0,-17,-26,-15,-23,-14,-22,-12,-19,-11,-16,-9,-14,-6,-13,-3,-12,-1,-11,0,-12,0,-11,0,-11,1,-11,-19,-9,0,-8,0,-7,0,-4,-1,-1,-1,0,0,4,0,0,0,11,1,12,4,15,7,16,9,18,11,18,-86,0,13,16,12,15,12,13,11,12,8,11,5,10,3,9,1,8,0,9,0,8,0,9,-1,9,0,8,-6,13,0,7,1,5,3,3,5,1,6,0,6,-3,6,-5,3,10,11,7,16,-2,11,-14,-1,-20,-13,-14,-19,-1,-34,-19,-6,19,8,19,19,10,22,-5,11,-22,-7,-23,-25,-11,-26,10,-10,26,12,24,26,6,21,-14,2,-22,-9,-25,-15,-1,-11,8,-3,10,2,9,7,4,9,0,0,0,0,-10,-7,-6,-10,1,-4,9,4,7,8,0,14,10,-7,-3,-8,6,1,11,12,5,14,-8,3,-16,-11,-11,-16,1,-10,12,4,15,12,7,11,-4,4,-9,-2,0,-5,-5,-5,-1,-4,0,-6,3,-3,6,0,8,5,5]"
CSI_DATA,265096,d8:b1:90:d9:de:f0,-67,11,-99,-35,68,56,-431665077,100,0,228,0,"[20,0,24,4,27,8,28,12,29,16,29,17,28,18,-60,0,24,16,23,14,19,12,17,12,14,11,12,9,9,9,6,9,4,8,2,11,0,11,0,10,0,10,-18,-8,0,8,1,6,2,4,3,1,3,-1,4,-4,0,0,1,-10,1,-13,0,-16,-2,-18,-4,-19,-5,-20,-76,12,-6,-19,-7,-18,-6,-16,-6,-14,-2,-12,0,-10,1,-8,3,-7,4,-6,6,-6,5,-6,6,-6,6,-6,60,0,3,-6,1,-6,0,-6,-2,-6,-5,-4,-6,-2,-7,0,-6,-6,-12,0,-12,8,-3,16,7,15,15,6,17,-5,37,4,0,-17,-12,-13,-19,-2,-18,12,-5,22,12,20,25,5,22,-15,4,-26,-16,-20,-25,-1,-17,15,0,20,11,23,14,0,9,-6,2,-8,-2,-7,-6,-5,-7,0,0,0,-1,9,6,7,9,0,5,-8,-4,-8,-9,0,-11,-12,6,7,11,-2,3,-12,-9,-11,-16,0,-10,14,4,16,15,7,15,-6,4,-13,-6,-12,-12,-3,-8,5,3,0,1,6,2,5,4,3,6,1,7,0,6,-6,0,-7]"
CSI_DATA,265097,d8:b1:90:d9:de:f0,-67,11,-99,-35,68,56,-431652109,100,0,228,0,"[3,-20,6,-23,11,-25,15,-26,17,-28,19,-29,18,-28,-60,0,15,-25,13,-22,11,-20,9,-18,8,-14,7,-12,7,-10,8,-7,8,-6,10,-5,11,-3,10,-3,11,-3,-18,-8,8,-3,6,-3,3,-4,0,-3,-1,-2,-5,0,0,0,-9,4,-11,6,-11,10,-12,12,-12,16,-11,17,-99,12,-8,19,-7,18,-6,15,-5,13,-5,12,-6,8,-6,6,-6,4,-7,2,-8,2,-8,1,-9,2,-8,1,-96,12,-6,4,-4,4,-1,5,1,5,4,4,6,3,7,2,-6,6,0,12,8,12,17,3,15,-9,6,-18,-6,-16,1,-36,-17,1,-13,13,0,20,13,15,23,0,17,-16,0,-25,-19,-17,-25,3,-14,20,5,24,20,11,19,-6,18,-19,-4,-12,-9,-5,-9,1,-5,5,-2,7,3,6,0,0,9,-3,3,-9,-6,-7,-9,0,-5,7,4,6,-1,18,0,-8,-8,-5,-10,6,0,14,12,9,15,-6,6,-15,-8,-14,-16,-2,-11,10,0,14,9,9,11,0,-1,0,1,-6,-1,-6,-3,-5,-5,-3,-7,0,-6,5,-1,7]"
CSI_DATA,265098,d8:b1:90:d9:de:f0,-66,11,-99,-34,67,56,-431641450,100,0,228,0,"[0,23,-2,28,-5,30,-8,33,-10,34,-11,35,-11,33,-66,0,-8,31,-7,27,-4,25,-4,21,-3,19,-3,16,-4,14,-4,12,-6,10,-7,9,-8,8,-8,9,-8,9,-19,-9,-6,7,-3,6,0,4,0,2,2,0,3,-2,0,0,5,-9,3,-14,2,-16,0,-17,0,-21,-3,-22,-45,14,-6,-20,-7,-19,-6,-17,-6,-15,-4,-14,-2,-12,0,-10,0,-9,2,-9,2,-8,3,-8,3,-8,2,-9,28,0,0,-7,0,-5,-2,-3,-4,0,-5,2,-4,4,-5,6,4,-8,-2,-14,-13,-10,-18,1,-14,14,0,19,12,16,9,37,17,-8,7,-18,-7,-20,-20,-10,-22,6,-11,23,10,24,26,8,24,-14,4,-26,-16,-21,-24,0,-15,15,-7,27,11,10,13,0,8,-5,2,-8,-2,-8,-8,-3,0,0,-5,8,3,9,9,2,7,-6,-1,-8,-7,-1,-9,-15,6,6,9,-3,1,-12,-11,-10,-16,4,-6,16,9,16,17,2,13,-11,0,-16,-11,-10,-14,0,-7,9,1,0,5,6,7,3,7,0,6,-4,2,-8,-2,-8,-6,-4]"
CSI_DATA,265099,d8:b1:90:d9:de:f0,-66,11,-99,-37,68,56,-431630910,100,0,228,0,"[3,22,0,26,-4,29,-9,32,-11,33,-13,33,-14,33,-64,0,-13,27,-12,24,-11,22,-10,19,-9,16,-9,13,-8,11,-9,8,-11,5,-11,3,-12,3,-12,2,-13,2,-19,-9,-10,2,-8,2,-4,2,-1,3,1,2,5,0,0,0,9,-1,11,-5,14,-9,15,-11,15,-12,15,-15,-72,0,14,-16,13,-15,11,-13,11,-11,10,-9,9,-5,10,-3,10,0,9,0,10,0,10,1,10,2,10,2,111,0,9,0,6,-1,3,-2,0,-4,-1,-4,-4,-5,-5,-6,4,-11,-4,-13,-14,-11,-20,1,-14,14,-1,20,10,16,4,36,19,-6,11,-17,0,-21,-16,-15,-24,0,-16,18,1,26,21,17,27,-3,16,-21,-4,-26,-20,-11,-21,5,-21,17,2,14,8,7,9,0,7,-3,3,-7,0,-9,0,0,-10,2,-6,8,3,10,9,1,7,-6,-1,-8,9,-16,-1,9,7,7,11,-3,3,-14,-11,-12,-17,0,-11,14,3,17,15,9,15,-5,7,-13,-3,-13,-11,-6,0,2,-5,6,0,8,0,7,4,6,8,3,9,-1,5,-7]"
CSI_DATA,265100,d8:b1:90:d9:de:f0,-66,11,-99,-35,67,56,-431617293,100,0,228,0,"[-12,19,-18,20,-23,19,-27,20,-31,19,-32,18,-31,18,-68,0,-27,16,-24,15,-21,13,-18,11,-16,9,-15,5,-12,4,-13,2,-12,0,-12,-1,-13,-2,-13,-3,-12,-2,-20,-9,-11,0,-8,0,-4,1,-2,2,1,2,3,2,0,0,11,0,13,-2,16,-5,18,-8,18,-10,18,-13,-17,0,16,-15,15,-14,13,-12,13,-10,10,-7,10,-5,10,-2,10,0,10,0,10,0,10,1,10,1,11,0,115,0,8,0,6,-1,2,-2,0,-1,-2,-2,-4,-3,-6,-2,10,-5,5,-14,-5,-17,-17,-9,-20,4,-12,15,0,20,-17,32,19,4,18,-7,8,-19,-6,-21,-21,-12,-24,7,-11,25,10,27,27,9,25,-13,5,-25,-13,-20,-21,-3,-27,7,-2,14,5,10,8,4,8,0,6,-5,1,-9,0,0,-11,-1,-7,7,0,11,8,5,7,-4,0,-8,11,-16,-3,6,7,6,12,-4,4,-14,-10,-13,-18,0,-12,14,2,18,16,9,17,-4,6,-14,-5,-13,-12,-5,0,2,-4,6,0,7,1,6,4,5,8,0,8,-3,3,-8]"
CSI_DATA,265101,d8:b1:90:d9:de:f0,-67,11,-99,-36,68,56,-431605920,100,0,228,0,"[21,0,25,3,27,6,30,8,31,11,32,12,30,11,-62,0,26,9,24,8,21,7,19,6,16,6,13,6,11,7,9,7,8,8,7,9,6,10,6,9,6,9,-18,-8,6,7,6,3,4,2,3,0,0,-3,-1,-5,0,0,-7,-8,-10,-8,-14,-8,-16,-7,-19,-6,-21,-4,-14,12,-21,-1,-20,0,-18,-1,-16,-1,-14,-2,-11,-2,-10,-3,-8,-5,-8,-6,-7,-6,-7,-7,-7,-7,-7,-6,-74,13,-7,-3,-5,-1,-4,0,-1,1,0,4,1,7,3,6,-8,-5,-12,1,-9,12,0,17,11,13,17,1,15,-9,35,-6,-6,-16,-16,-8,-19,4,-11,17,4,22,20,13,24,-7,12,-23,-8,-24,-24,-8,-21,11,-5,21,10,16,23,12,11,-7,3,-10,-2,-8,-7,-5,-8,0,-7,6,0,0,6,6,10,0,5,-8,-3,-8,-8,0,-3,6,-16,3,8,-3,0,-10,-11,-7,-13,7,-2,16,11,13,17,0,9,-15,-4,-16,-14,-7,-13,6,-5,12,5,12,4,0,8,-2,5,-5,1,-7,-1,-7,-6,-5,-8,0,-6,3]"
CSI_DATA,265102,d8:b1:90:d9:de:f0,-66,11,-99,-34,67,56,-431591678,100,0,228,0,"[19,11,20,16,21,20,22,25,22,27,21,28,21,27,-66,0,20,23,18,20,16,17,14,15,12,14,11,13,7,12,4,11,3,13,1,13,1,13,0,13,0,13,-19,-9,2,10,3,6,3,3,3,0,2,-2,0,-5,0,0,-4,-12,-7,-13,-10,-14,-14,-14,-17,-15,-20,-13,20,14,-20,-10,-20,-8,-18,-8,-16,-7,-13,-7,-12,-7,-9,-7,-6,-9,-6,-9,-4,-8,-5,-9,-5,-9,-6,-8,-59,14,-5,-5,-4,-1,-3,0,-3,0,-1,4,0,7,1,7,-4,-9,-13,-5,-15,5,-8,16,4,18,15,10,18,0,35,13,2,-18,-10,-16,-20,-5,-19,9,-7,22,12,22,26,6,22,-15,3,-27,-17,-19,-26,0,-16,16,1,20,16,22,15,0,8,-8,1,-9,-2,-8,-7,-4,-9,3,0,0,1,10,10,3,9,-6,0,-9,-8,-4,-6,5,-17,-3,10,0,3,-11,-9,-10,-16,2,-8,16,7,17,19,5,16,-12,0,-18,-14,-13,-16,1,-8,12,2,14,4,0,11,0,7,-4,4,-7,0,-8,-5,-6,-8,-2,-7,3]"
CSI_DATA,265103,d8:b1:90:d9:de:f0,-66,11,-99,-35,67,56,-431581593,100,0,228,0,"[-11,20,-18,21,-23,20,-27,20,-31,20,-31,19,-32,17,-68,0,-27,15,-24,13,-22,11,-20,9,-16,6,-16,4,-14,1,-13,0,-12,-1,-13,-2,-12,-4,-12,-5,-11,-4,-20,-9,-9,-1,-8,0,-4,0,-1,2,0,4,4,3,0,0,13,2,15,2,18,0,22,0,22,-1,24,-4,31,0,24,-6,22,-6,21,-4,18,-3,15,-1,14,0,12,1,10,3,9,5,9,5,9,6,9,5,8,5,82,0,7,3,6,0,3,0,1,-1,0,-3,-2,-5,-4,-5,8,-5,4,-14,-5,-15,-16,-9,-20,3,-12,14,-1,19,-20,32,18,6,18,-6,10,-18,-4,-23,-20,-13,-26,3,-14,23,6,27,24,14,27,-8,11,-23,-8,-23,-19,-8,-29,3,-7,13,1,11,7,6,9,2,8,-3,4,-9,0,0,-9,-4,-10,4,-1,10,6,6,8,-1,0,-7,17,-9,-6,6,4,11,14,1,11,-12,-2,-18,-17,-9,-18,7,-6,19,9,17,19,3,14,-9,2,-16,-8,-12,-5,0,-10,4,-4,8,0,8,2,8,7,4,9,0,6,-5]"
CSI_DATA,265104,d8:b1:90:d9:de:f0,-67,11,-99,-36,68,56,-431568953,100,0,228,0,"[16,9,16,16,16,20,15,25,14,28,13,29,11,30,-62,0,9,26,8,24,7,21,4,18,3,16,0,14,-1,12,-3,11,-5,9,-7,9,-8,9,-8,8,-9,8,-18,-8,-7,8,-3,8,0,6,1,4,5,1,7,-1,0,0,8,-8,10,-11,10,-14,9,-17,9,-20,8,-22,87,0,7,-22,6,-20,5,-17,6,-16,6,-14,7,-9,8,-6,8,-5,8,-2,9,0,10,-1,10,-1,10,0,-108,0,8,-2,6,-2,4,-3,0,-4,-2,-4,-4,-3,-6,-2,-4,-8,-13,-6,-15,4,-10,14,0,17,10,13,16,3,25,21,8,-15,-2,-17,-14,-13,-21,0,-16,14,-1,23,16,18,25,0,16,-18,0,-25,-18,-16,-21,1,-11,14,-7,24,7,8,8,2,8,-2,5,-6,1,-8,-4,-8,0,0,-8,6,-1,11,8,8,10,-1,3,-8,-6,-6,1,-18,1,9,11,2,10,-9,-2,-16,-16,-8,-17,8,-6,19,9,16,19,3,14,-10,1,-16,-9,-11,-12,-1,0,4,-3,8,0,8,4,7,7,3,8,0,7,-5,2,-8]"
CSI_DATA,265105,d8:b1:90:d9:de:f0,-66,11,-99,-37,68,56,-431558509,100,0,228,0,"[-4,-20,0,-23,2,-27,4,-30,7,-32,9,-32,9,-32,-64,0,8,-27,7,-24,6,-22,6,-19,6,-16,7,-12,7,-11,9,-8,10,-7,11,-5,12,-5,13,-5,12,-6,-19,-9,8,-6,6,-5,1,-5,0,-3,-4,-1,-6,0,0,0,-11,7,-11,10,-12,14,-12,17,-12,20,-11,22,97,13,-8,22,-6,21,-6,19,-6,16,-6,13,-7,10,-9,7,-9,5,-10,4,-10,3,-11,2,-11,3,-10,3,-116,13,-8,4,-5,4,-2,3,0,3,3,1,6,0,8,0,-2,11,6,13,15,7,17,-4,11,-15,-1,-17,-11,-12,-8,-33,-16,8,-8,16,5,19,18,11,22,-3,13,-21,-6,-25,-22,-12,-24,8,-11,22,10,22,21,8,17,-7,16,-22,-3,-11,-8,-6,-9,0,-7,3,-4,8,3,10,0,0,11,-4,3,-11,-7,-9,-10,0,-3,8,4,6,-2,19,-1,-9,-11,-1,-10,11,3,16,17,7,18,-9,3,-20,-12,-16,-20,0,-13,13,0,17,11,11,15,0,0,-3,1,-11,-4,-10,-7,-5,-9,0,-9,3,-4,8,1,9]"
CSI_DATA,265106,d8:b1:90:d9:de:f0,-66,11,-99,-34,67,56,-431541401,100,0,228,0,"[-17,9,-22,7,-27,6,-31,3,-33,2,-34,1,-33,0,-66,0,-29,0,-26,1,-22,1,-20,1,-17,0,-15,0,-13,-2,-12,-5,-11,-6,-11,-8,-10,-9,-11,-10,-10,-9,-19,-9,-9,-4,-7,0,-5,0,-3,2,0,4,3,6,0,0,12,6,16,6,19,5,21,2,25,1,26,0,51,0,25,-3,24,-3,22,-2,18,-2,16,0,15,0,13,2,11,4,10,6,9,5,10,7,9,7,9,6,93,0,8,2,6,1,4,0,1,0,0,-3,-3,-5,-5,-5,10,0,10,-8,3,-15,-9,-15,-16,-5,-16,6,-9,14,-31,18,12,13,18,1,17,-10,5,-21,-11,-19,-24,-6,-21,15,-4,27,16,21,27,1,17,-17,0,-22,-15,-13,-26,-6,-9,9,-1,11,2,9,7,4,10,0,7,-6,0,0,-9,-8,-11,2,-4,10,4,9,9,0,2,-8,18,-7,-7,7,3,12,15,3,13,-13,-1,-19,-17,-12,-20,6,-7,20,9,18,19,4,16,-10,1,-17,-10,-12,-5,2,-10,5,-3,8,0,8,4,7,7,3,9,0,5,-6]"
CSI_DATA,265107,d8:b1:90:d9:de:f0,-65,11,-99,-36,67,56,-431521578,100,0,228,0,"[-13,-18,-12,-23,-12,-28,-9,-31,-9,-34,-9,-34,-8,-34,-70,-1,-9,-31,-8,-26,-8,-23,-6,-21,-5,-19,-2,-16,0,-15,2,-15,3,-13,4,-14,5,-14,5,-14,5,-14,-21,-10,1,-11,-1,-8,-3,-5,-3,-1,-4,3,-4,8,0,0,-1,15,2,19,5,22,8,23,11,26,14,25,-121,0,16,23,17,21,16,19,13,17,11,17,8,14,5,13,4,13,2,13,1,13,1,12,0,13,1,12,10,0,3,9,2,6,3,3,4,0,3,-2,2,-6,0,-8,2,11,11,9,16,0,14,-12,3,-18,-9,-15,-15,-7,-25,-27,-10,15,2,20,15,15,24,-1,17,-19,-1,-26,-22,-17,-29,4,-16,24,7,28,24,13,23,-8,9,-19,-2,-30,-13,-7,-13,2,-8,8,-2,11,5,10,12,4,0,0,2,-12,-8,-11,-12,0,-5,10,5,8,8,-2,15,16,-11,-2,-9,11,6,16,19,4,17,-14,-1,-23,-19,-14,-23,5,-11,20,8,21,20,7,17,-8,5,-16,-7,-3,-13,-5,-12,2,-7,8,-2,10,4,10,8,5,10,0]"
CSI_DATA,265108,d8:b1:90:d9:de:f0,-66,11,-99,-34,67,56,-431510429,100,0,228,0,"[10,17,9,22,8,27,7,30,6,33,7,33,6,33,-66,0,8,28,6,25,6,21,5,19,4,16,2,15,0,14,0,14,-2,13,-3,14,-3,14,-3,14,-2,13,-19,-9,0,10,1,7,2,4,3,0,3,-3,2,-7,0,0,-1,-16,-3,-17,-8,-19,-12,-21,-16,-20,-18,-21,22,14,-20,-17,-20,-16,-19,-14,-16,-12,-14,-12,-11,-11,-8,-10,-6,-11,-5,-10,-4,-11,-3,-11,-4,-11,-4,-10,-59,14,-4,-7,-4,-4,-3,-1,-2,0,0,3,1,5,2,6,0,-9,-9,-9,-16,-1,-13,9,-3,17,7,15,15,7,23,26,11,-14,0,-19,-15,-14,-22,0,-17,18,1,25,21,16,27,-6,14,-24,-8,-26,-23,-10,-21,9,-6,18,5,26,13,5,11,-2,7,-7,1,-10,-5,-9,-11,-1,0,0,-1,13,9,8,11,-2,3,-10,-6,-5,-6,3,-17,-10,10,0,5,-12,-10,-13,-18,0,-11,18,6,21,20,8,20,-12,4,-21,-13,-16,-19,0,-12,13,0,16,6,0,13,0,9,-6,2,-9,-1,-10,-5,-6,-9,0,-7,4]"
CSI_DATA,265109,d8:b1:90:d9:de:f0,-66,11,-99,-34,67,56,-431491274,100,0,228,0,"[18,7,19,12,21,16,22,20,21,23,21,24,20,24,-66,0,17,21,16,19,15,17,11,16,8,14,7,14,3,14,2,13,0,13,0,14,-1,14,-1,14,0,13,-19,-9,1,10,2,7,3,2,3,0,3,-3,3,-8,0,0,0,-16,0,-18,-5,-21,-6,-23,-10,-24,-12,-25,-120,14,-15,-23,-14,-22,-13,-20,-10,-18,-8,-16,-5,-15,-3,-13,-1,-13,0,-12,1,-11,1,-10,1,-11,1,-11,29,0,0,-8,0,-5,-1,-4,-2,-2,-3,0,-3,3,-3,5,-5,-7,-11,-2,-12,5,-5,14,4,15,13,9,16,0,33,14,4,-16,-7,-16,-18,-8,-20,7,-9,21,8,23,24,10,24,-10,8,-25,-12,-22,-23,-5,-18,12,-4,19,7,27,12,4,10,-2,7,-8,1,-10,-5,-9,-11,-2,0,0,-2,13,7,9,11,0,4,-8,-4,-7,-7,1,-14,-16,10,3,9,-9,-3,-16,-18,-7,-18,10,-3,22,15,16,22,0,15,-16,-2,-21,-16,-11,-17,3,-9,14,3,4,11,9,12,0,8,-5,4,-8,0,-8,-5,-6,-7,-2]"
CSI_DATA,265110,d8:b1:90:d9:de:f0,-65,11,-99,-37,67,56,-431479722,100,0,228,0,"[6,-20,11,-22,15,-24,20,-25,22,-25,24,-25,23,-24,-72,-1,21,-21,19,-18,17,-16,15,-14,14,-10,14,-8,14,-7,14,-4,15,-2,15,0,16,1,15,1,15,-1,-21,-10,11,-3,8,-3,4,-3,-1,-4,-5,-3,-9,-1,0,0,-15,3,-19,6,-22,9,-23,13,-23,15,-24,18,-13,14,-22,20,-20,19,-18,16,-17,14,-15,12,-13,8,-14,5,-13,3,-13,1,-13,0,-13,-1,-13,-2,-12,-2,117,15,-10,0,-8,1,-5,1,-1,2,2,2,5,2,7,2,-7,8,0,14,9,13,16,3,16,-7,8,-16,-4,-17,10,-37,-18,-2,-17,11,-6,21,11,20,24,8,24,-12,8,-26,-15,-24,-29,-5,-22,16,-3,26,14,18,21,4,29,-11,4,-15,-4,-12,-10,-7,-11,0,-9,8,-2,13,0,0,13,1,10,-10,-2,-12,-9,-5,-7,6,2,7,-17,18,1,-9,-11,-6,-14,7,-3,19,15,15,23,-1,14,-20,-5,-24,-21,-11,-20,8,-9,20,8,18,18,7,5,-6,6,-13,-2,-13,-7,-8,-9,-2,-9,3,-6,6,-1,8]"
CSI_DATA,265111,d8:b1:90:d9:de:f0,-65,11,-99,-36,67,56,-431467831,100,0,228,0,"[-16,-13,-17,-18,-16,-23,-15,-27,-14,-30,-13,-30,-13,-30,-70,-1,-11,-27,-9,-24,-8,-22,-6,-19,-4,-18,-1,-16,1,-16,2,-14,4,-14,5,-14,7,-14,6,-14,6,-14,-21,-10,2,-10,0,-7,-2,-4,-3,-1,-5,4,-6,8,0,0,-4,15,-3,19,-2,23,-1,26,2,28,4,30,-60,15,6,29,6,27,5,24,5,23,3,20,1,17,-2,15,-3,14,-4,12,-6,11,-6,10,-7,10,-7,9,-99,15,-4,8,-3,6,-1,4,1,2,3,0,4,-2,5,-5,4,9,11,6,15,-3,10,-13,0,-17,-10,-14,-16,-5,-28,-22,-10,16,2,19,16,14,23,-1,17,-18,-1,-26,-21,-17,-28,3,-17,23,4,27,22,16,23,-5,12,-17,2,-30,-11,-10,-13,-2,-11,6,-5,11,3,12,11,7,0,0,6,-12,-4,-12,-12,-3,-8,6,1,8,7,0,8,22,-8,-5,-12,7,-1,17,15,12,22,-5,10,-21,-10,-22,-22,-8,-20,11,-5,22,13,18,20,3,15,-11,-2,-6,-8,-13,-13,-5,-11,3,-7,8,-2,9,3,8,7,4]"
CSI_DATA,265112,d8:b1:90:d9:de:f0,-65,11,-99,-37,67,56,-431456955,100,0,228,0,"[2,-20,6,-23,9,-26,13,-29,15,-31,16,-30,16,-29,-72,-1,13,-26,12,-24,10,-21,10,-18,10,-15,10,-13,11,-11,12,-9,12,-8,13,-8,13,-6,13,-6,13,-7,-21,-10,7,-7,5,-7,0,-5,-3,-3,-7,0,-9,3,0,0,-13,11,-14,16,-14,19,-14,23,-12,26,-11,28,98,15,-8,30,-7,27,-6,24,-6,23,-6,19,-7,16,-7,13,-8,11,-8,9,-9,9,-10,8,-10,7,-9,8,-106,15,-5,7,-4,5,-2,4,1,2,3,1,4,-1,6,-3,-6,7,1,12,10,10,16,2,14,-9,5,-16,-6,-16,0,-37,-18,3,-13,15,0,22,17,17,25,-1,18,-19,-2,-27,-22,-17,-27,5,-16,23,6,25,21,12,21,-5,20,-23,-2,-15,-9,-9,-13,-2,-11,6,-4,13,5,12,0,0,11,-6,2,-13,-9,-8,-11,2,-2,9,7,4,-3,23,-6,-10,-15,1,-9,15,9,19,21,5,18,-15,-1,-24,-19,-17,-23,4,-12,20,6,20,18,9,18,-6,0,-7,-5,-15,-12,-8,-11,0,-8,6,-4,8,2,8,6,5]"
CSI_DATA,265113,d8:b1:90:d9:de:f0,-66,11,-99,-35,67,56,-431444531,100,0,228,0,"[6,-17,10,-19,14,-21,18,-22,21,-23,22,-22,22,-22,-68,0,19,-19,17,-17,15,-15,14,-12,13,-10,12,-7,13,-5,12,-3,13,-1,13,0,14,0,13,0,13,0,-20,-9,9,-2,5,-3,1,-4,-1,-4,-4,-4,-10,-2,0,0,-15,0,-20,3,-21,6,-24,9,-25,11,-26,15,-44,13,-23,17,-21,16,-20,15,-18,12,-15,10,-13,6,-13,4,-11,2,-12,1,-11,0,-11,-1,-11,0,-10,0,-120,14,-8,0,-6,0,-4,1,0,2,0,3,3,3,5,2,-6,4,-2,10,5,10,12,5,14,-3,9,-11,0,-15,11,-33,-16,-4,-17,9,-7,19,9,20,21,8,23,-9,8,-25,-12,-24,-26,-6,-23,13,-5,24,12,18,19,3,27,-10,4,-14,-2,-11,-10,-6,-11,0,-9,7,-1,13,0,0,12,0,8,-8,-1,-10,-10,-3,-6,6,2,8,-16,15,1,-10,-10,-8,-16,5,-6,18,11,18,22,0,16,-17,-1,-24,-18,-12,-21,4,-9,18,5,18,16,8,5,-4,6,-12,-2,-11,-7,-6,-7,-1,-7,1,-4,4,0,6]"
CSI_DATA,265114,d8:b1:90:d9:de:f0,-65,11,-99,-34,66,56,-431431653,100,0,228,0,"[4,21,1,25,-3,28,-6,30,-9,32,-11,32,-12,31,-74,-1,-12,27,-12,24,-11,21,-12,18,-11,14,-12,11,-12,8,-13,6,-14,5,-15,5,-15,2,-15,2,-14,2,-22,-10,-10,3,-7,4,-3,4,1,3,5,3,9,1,0,0,18,-2,20,-4,23,-7,26,-9,28,-10,30,-13,76,1,28,-14,26,-12,25,-10,23,-9,19,-7,16,-3,15,-1,13,1,12,3,11,5,11,7,11,6,10,6,114,0,8,5,6,4,5,2,2,-1,0,-2,-1,-4,-4,-4,2,-9,-5,-11,-13,-7,-16,2,-12,11,-2,18,8,15,2,38,19,-4,13,-15,0,-22,-16,-18,-25,-2,-20,18,-2,28,20,21,29,1,21,-19,1,-26,-16,-18,-22,-3,-29,12,-4,14,4,13,10,8,12,1,10,-7,3,-13,0,0,-13,-2,-10,9,1,13,8,6,8,-3,0,-6,21,-14,-3,9,9,10,18,-3,9,-19,-9,-20,-24,-6,-21,13,-4,25,14,20,24,3,16,-15,1,-22,-13,-14,-8,3,-12,9,-3,13,4,11,7,5,8,2,7,-2,5,-5]"
CSI_DATA,265115,d8:b1:90:d9:de:f0,-65,11,-99,-35,66,56,-431421628,100,0,228,0,"[20,10,21,15,23,20,23,25,23,27,22,28,21,28,-76,-1,19,25,17,22,15,20,13,18,10,17,7,17,6,17,3,17,2,17,0,17,0,17,0,16,0,15,-22,-10,3,9,2,6,3,2,3,-2,2,-7,0,-10,0,0,-5,-18,-7,-21,-11,-23,-14,-25,-18,-26,-20,-26,75,16,-22,-23,-22,-21,-21,-20,-19,-19,-16,-17,-13,-15,-9,-15,-7,-15,-4,-14,-3,-13,-2,-13,-2,-14,-2,-11,-3,16,-2,-9,-2,-6,-2,-4,-2,-2,-1,2,0,5,0,6,-6,-7,-11,-3,-14,6,-7,15,3,17,14,11,19,1,37,16,5,-19,-9,-19,-21,-8,-23,8,-10,25,10,26,28,10,28,-14,9,-30,-15,-26,-28,-6,-21,14,-5,23,11,31,17,6,15,-5,7,-11,-1,-14,-10,-10,-14,-1,0,0,0,15,10,9,13,-2,3,-10,-5,-6,-6,3,-20,-17,10,0,5,-13,-10,-15,-20,-1,-15,18,4,26,22,14,23,-8,10,-23,-10,-22,-22,-6,-19,10,-4,20,8,5,16,4,13,-5,5,-10,-1,-10,-5,-7,-8,-2,-7,2]"
CSI_DATA,265116,d8:b1:90:d9:de:f0,-65,11,-99,-37,67,56,-431410673,100,0,228,0,"[1,-19,4,-22,7,-25,10,-27,12,-30,13,-30,12,-30,-72,-1,10,-26,9,-24,8,-21,6,-19,7,-16,7,-14,9,-13,10,-11,10,-10,12,-9,13,-9,11,-10,11,-10,-21,-10,6,-8,2,-7,-2,-5,-4,-3,-7,2,-8,7,0,0,-9,15,-9,20,-7,23,-6,28,-4,30,-1,32,-32,15,3,31,5,28,5,25,4,24,3,21,2,17,-1,14,-2,13,-3,12,-4,11,-5,10,-6,11,-5,10,-66,15,-4,8,-2,8,0,6,2,3,3,0,4,-3,4,-5,-5,7,1,12,10,9,15,1,12,-9,4,-15,-7,-15,-4,-37,-17,4,-12,16,3,21,18,14,24,-4,13,-22,-7,-27,-26,-13,-27,10,-10,26,12,24,23,7,19,-10,15,-26,-6,-14,-12,-7,-13,1,-9,8,-1,13,8,11,0,0,9,-9,-1,-14,-11,-7,-11,5,-1,10,7,3,6,24,-7,-7,-13,5,-3,16,15,14,23,-4,11,-22,-10,-23,-24,-8,-20,13,-3,23,15,16,21,0,12,-14,-6,-7,-12,-9,-13,-1,-8,6,-2,8,1,8,4,6,6,2]"
CSI_DATA,265117,d8:b1:90:d9:de:f0,-65,11,-99,-37,67,56,-431399949,100,0,228,0,"[10,-18,15,-20,19,-20,24,-20,26,-20,28,-19,27,-16,-72,-1,26,-14,24,-11,21,-9,19,-8,19,-5,17,-3,16,-1,15,1,15,3,15,5,15,6,14,6,14,5,-21,-10,9,2,6,0,3,-2,0,-4,-4,-5,-9,-6,0,0,-16,-6,-21,-5,-25,-4,-27,-3,-30,-2,-32,-1,-108,14,-32,1,-30,1,-27,0,-25,-1,-21,-2,-18,-3,-16,-5,-12,-7,-11,-8,-9,-8,-8,-10,-8,-9,-7,-9,-81,15,-6,-7,-5,-5,-4,-3,-2,-1,-1,2,1,5,3,6,-7,5,-4,11,5,13,14,8,17,-2,13,-13,3,-17,19,-33,-17,-8,-20,5,-13,18,3,23,20,15,27,-3,17,-23,-4,-28,-23,-17,-28,5,-15,23,4,25,18,13,31,2,13,-12,3,-14,-6,-13,-12,-7,-14,3,-9,11,0,0,11,8,14,-3,5,-11,-6,-9,-9,0,-2,6,-26,3,7,-8,-6,-13,-17,-4,-15,13,0,23,18,15,25,-3,14,-22,-7,-24,-20,-10,-21,8,-8,19,8,18,10,0,15,-5,7,-11,-1,-12,-5,-7,-7,-4,-7,0,-6,3]"
CSI_DATA,265118,d8:b1:90:d9:de:f0,-65,11,-99,-35,66,56,-431388638,100,0,228,0,"[-17,-13,-18,-18,-18,-22,-19,-27,-17,-30,-17,-30,-16,-31,-76,-1,-13,-28,-10,-25,-9,-23,-7,-20,-5,-18,-3,-17,0,-18,0,-16,2,-16,4,-16,5,-15,4,-16,5,-14,-22,-10,1,-9,0,-7,-3,-3,-4,1,-5,4,-6,9,0,0,-3,18,-4,22,-2,27,0,30,2,32,3,33,61,0,5,33,6,31,6,29,4,26,2,23,1,19,-1,17,-4,15,-4,13,-6,11,-6,9,-7,9,-7,9,-71,16,-5,8,-3,6,-2,4,0,4,2,2,4,-1,5,-3,4,8,10,5,14,-3,9,-13,1,-17,-10,-14,-17,-5,-32,-22,-10,17,3,21,18,15,25,-2,18,-20,-2,-28,-23,-18,-30,4,-18,25,5,29,23,15,26,-5,13,-19,0,-33,-13,-11,-15,-1,-13,7,-5,14,3,14,13,7,0,0,7,-13,-4,-13,-11,-3,-8,6,2,8,8,1,7,26,-8,-6,-13,6,-1,18,16,14,23,-4,13,-22,-8,-25,-25,-9,-22,11,-6,25,13,20,22,4,17,-11,-3,-9,-8,-14,-13,-4,-10,4,-6,7,-1,8,2,6,5,4]"
CSI_DATA,265119,d8:b1:90:d9:de:f0,-65,11,-99,-36,66,56,-431377981,100,0,228,0,"[21,5,24,10,25,14,26,16,30,20,29,21,28,22,-78,-1,25,19,23,16,20,14,17,14,14,13,12,13,10,15,8,15,7,14,6,15,5,15,5,15,5,13,-23,-11,5,8,5,4,4,1,2,-3,0,-6,-2,-11,0,0,-11,-15,-15,-17,-19,-19,-24,-19,-28,-17,-30,-16,-65,15,-32,-13,-30,-12,-29,-11,-24,-10,-21,-10,-17,-10,-14,-8,-12,-10,-8,-10,-6,-10,-8,-11,-5,-11,-5,-10,-75,16,-5,-8,-5,-5,-4,-3,-3,-1,-2,1,1,4,1,5,-6,-6,-12,-1,-12,7,-4,15,6,16,15,8,17,-2,39,5,1,-20,-13,-16,-23,-3,-21,15,-3,26,17,23,31,2,23,-21,0,-31,-23,-21,-29,2,-17,21,2,23,21,25,19,1,13,-10,4,-14,-5,-13,-13,-6,-14,4,0,0,5,14,13,4,11,-7,0,-12,-7,-4,-5,5,-26,-8,10,-4,1,-15,-14,-11,-20,6,-8,22,13,22,25,4,21,-17,0,-25,-19,-16,-23,3,-12,19,5,21,11,0,16,-3,7,-12,0,-11,-4,-7,-6,-3,-6,0,-5,3]"
CSI_DATA,265120,d8:b1:90:d9:de:f0,-64,11,-99,-37,66,56,-431367841,100,0,228,0,"[1,-23,5,-27,9,-31,13,-32,17,-33,18,-32,19,-31,-80,-1,19,-26,17,-23,16,-20,16,-17,16,-15,16,-11,15,-9,16,-6,18,-4,17,-3,16,-2,17,-1,15,-2,-24,-11,10,-2,5,-2,2,-3,-3,-2,-6,-1,-11,0,0,0,-18,3,-23,6,-26,10,-28,12,-30,15,-31,17,-78,16,-31,18,-28,17,-27,15,-24,13,-21,9,-20,6,-19,3,-16,2,-13,-1,-13,-2,-12,-4,-12,-4,-12,-5,-130,17,-9,-3,-8,-2,-5,-1,-1,0,0,1,2,3,4,3,-5,8,2,12,10,10,17,2,16,-10,6,-17,-4,-19,3,-40,-21,0,-17,16,-3,24,16,21,28,5,25,-17,5,-31,-18,-25,-32,-4,-26,18,-5,31,17,23,26,5,33,-13,6,-18,-4,-17,-13,-10,-16,1,-12,10,-2,16,0,0,15,1,10,-10,0,-12,-9,-6,-8,4,0,6,-25,16,1,-10,-11,-8,-18,5,-8,20,11,20,26,4,20,-17,1,-27,-18,-19,-26,1,-16,19,2,24,17,13,10,-5,11,-13,0,-16,-8,-10,-9,-3,-9,2,-5,4,-2,5]"
CSI_DATA,265121,d8:b1:90:d9:de:f0,-64,11,-99,-37,66,56,-431357666,100,0,228,0,"[2,23,-1,27,-3,32,-5,34,-8,35,-9,36,-9,35,-80,-1,-9,31,-8,27,-6,25,-6,23,-6,20,-8,18,-9,16,-10,15,-11,13,-12,12,-13,12,-12,12,-11,11,-24,-11,-6,9,-3,6,0,3,2,1,5,-3,8,-8,0,0,8,-17,9,-23,6,-27,5,-31,4,-34,2,-35,23,0,-1,-36,-2,-34,-2,-31,-3,-27,-2,-25,0,-20,2,-17,3,-16,4,-13,5,-11,6,-10,8,-10,6,-10,84,0,5,-8,3,-8,2,-5,-1,-2,-2,-1,-2,2,-3,4,3,-9,-4,-12,-12,-8,-17,2,-12,12,-2,18,10,16,10,40,20,-8,11,-20,-6,-24,-23,-12,-27,6,-13,27,11,30,31,12,30,-13,10,-30,-13,-27,-27,-8,-23,11,-17,31,6,19,15,9,17,-1,10,-12,1,-16,-10,-12,0,0,-11,11,0,15,11,8,11,-3,1,-9,-5,-3,-2,-30,8,5,13,-5,2,-18,-16,-15,-25,3,-13,24,10,26,25,10,25,-12,5,-25,-15,-20,-23,-2,-17,13,5,10,11,13,16,2,11,-5,3,-9,-1,-9,-4,-5,-6,-3]"
CSI_DATA,265122,d8:b1:90:d9:de:f0,-64,11,-99,-36,66,56,-431341664,100,0,228,0,"[-17,-13,-17,-19,-19,-24,-17,-29,-16,-31,-15,-32,-14,-32,-78,-1,-11,-29,-10,-26,-7,-25,-6,-22,-3,-20,-2,-19,0,-19,2,-16,4,-16,5,-15,5,-15,4,-15,5,-13,-23,-11,2,-10,0,-5,-2,-3,-3,1,-5,4,-6,10,0,0,-6,17,-6,23,-5,26,-4,30,-2,32,-1,34,-84,16,0,35,1,32,1,30,0,26,-1,24,-2,20,-4,16,-6,15,-6,12,-7,10,-7,8,-8,7,-8,7,-108,16,-6,6,-5,5,-3,4,0,3,2,1,4,0,5,-2,3,8,10,5,14,-2,11,-12,1,-17,-10,-15,-17,-5,-32,-25,-11,17,2,22,17,15,25,0,19,-20,0,-29,-22,-20,-31,1,-21,23,2,31,23,19,28,-2,17,-19,4,-34,-13,-14,-16,-2,-14,6,-6,14,3,15,11,8,0,0,7,-12,-3,-13,-12,-4,-8,5,0,8,6,2,2,28,-7,-6,-13,5,-3,16,14,16,24,0,16,-20,-4,-26,-23,-14,-24,7,-11,23,7,23,21,8,20,-7,0,-10,-6,-16,-13,-7,-12,2,-6,7,-2,7,1,6,3,4]"
CSI_DATA,265123,d8:b1:90:d9:de:f0,-65,11,-99,-35,66,56,-431331643,100,0,228,0,"[6,21,4,26,2,29,0,33,-1,34,-2,35,-2,34,-76,-1,-1,30,-1,28,-2,25,-1,22,-2,20,-4,18,-5,17,-6,15,-7,15,-8,15,-9,14,-8,13,-7,14,-22,-10,-3,9,-1,6,1,4,2,0,4,-5,5,-9,0,0,3,-18,1,-23,-1,-28,-3,-30,-7,-32,-9,-33,-122,16,-14,-32,-14,-29,-14,-26,-11,-23,-9,-21,-7,-18,-5,-16,-3,-14,0,-14,2,-13,2,-11,2,-11,2,-10,19,0,2,-9,1,-7,0,-5,-2,-4,-2,-1,-2,3,-1,4,3,-9,-5,-11,-15,-5,-16,4,-9,15,2,18,14,14,17,35,17,-11,6,-21,-11,-20,-25,-7,-23,13,-6,28,16,26,31,5,26,-19,2,-30,-20,-22,-27,0,-18,17,-6,33,11,14,16,4,14,-6,6,-13,-4,-16,-13,-8,0,0,-6,14,4,14,14,4,9,-7,-1,-9,-5,-1,-14,-27,8,3,9,-9,-3,-16,-19,-8,-21,10,-4,26,17,20,27,0,17,-20,-4,-25,-20,-11,-21,6,-8,19,8,6,16,6,13,-4,6,-9,-1,-8,-3,-6,-5,-3,-5,-1]"
CSI_DATA,265124,d8:b1:90:d9:de:f0,-64,11,-99,-37,66,56,-431321612,100,0,228,0,"[5,21,4,26,2,31,-1,34,-3,36,-4,36,-5,35,-80,-1,-5,31,-6,28,-5,25,-6,23,-6,20,-8,18,-8,16,-10,13,-11,12,-11,11,-13,11,-12,10,-11,10,-24,-11,-6,6,-3,5,1,3,3,2,6,-1,9,-4,0,0,13,-13,15,-18,16,-24,15,-27,16,-30,15,-33,-123,0,13,-34,10,-32,9,-30,9,-26,9,-21,9,-17,10,-15,10,-11,9,-9,11,-8,10,-5,11,-4,11,-3,125,0,9,-4,8,-3,4,-3,1,-3,-1,-2,-3,-1,-5,0,2,-9,-4,-11,-12,-6,-16,2,-11,15,0,18,12,16,13,39,20,-8,10,-20,-6,-24,-23,-12,-27,8,-15,26,9,30,28,13,31,-12,13,-28,-11,-28,-26,-11,-24,9,-20,28,4,19,13,10,17,0,12,-10,3,-15,-6,-13,0,0,-12,9,-2,13,8,11,11,-1,4,-8,-5,-5,6,-30,3,10,13,0,10,-15,-5,-19,-23,-8,-21,13,-4,27,16,21,27,1,18,-18,-2,-25,-19,-15,-21,2,-1,10,2,18,11,9,12,0,6,-5,3,-6,0,-5,-2,-4]"
CSI_DATA,265125,d8:b1:90:d9:de:f0,-66,11,-99,-35,67,56,-431306590,100,0,228,0,"[-11,15,-16,15,-21,14,-25,14,-27,14,-28,11,-29,10,-68,0,-25,8,-23,7,-20,5,-19,3,-18,1,-16,0,-14,-1,-13,-4,-13,-5,-13,-7,-12,-7,-12,-7,-11,-6,-20,-9,-8,-4,-5,-1,-2,0,0,2,3,3,6,5,0,0,16,5,19,6,24,5,27,3,30,3,32,1,116,0,32,0,29,0,27,0,24,0,19,1,16,3,13,4,10,5,9,7,6,7,5,8,4,8,5,10,64,0,3,8,3,6,3,4,1,2,1,0,0,-1,0,-3,8,-2,6,-10,-1,-13,-11,-9,-17,0,-14,9,-5,16,-22,27,16,10,20,-1,13,-16,0,-22,-17,-18,-26,0,-19,20,0,28,20,18,28,-1,17,-19,0,-24,-15,-14,-29,-7,-13,10,-4,13,3,12,9,7,12,0,10,-8,0,0,-8,-9,-13,0,-6,9,1,10,7,2,3,-3,29,-2,-4,4,3,9,13,3,14,-10,1,-21,-15,-15,-22,1,-14,19,4,22,20,11,20,-6,8,-18,-7,-16,-10,2,-12,4,-3,10,1,8,3,5,4,1,4,0,4,0]"
CSI_DATA,265126,d8:b1:90:d9:de:f0,-64,11,-99,-37,66,56,-431291577,100,0,228,0,"[-9,20,-15,23,-19,24,-24,23,-28,24,-30,21,-30,21,-80,-1,-27,17,-25,16,-23,12,-21,10,-20,8,-18,5,-18,2,-17,0,-17,-1,-17,-2,-16,-4,-15,-5,-13,-3,-24,-11,-10,-2,-6,0,-3,2,1,3,5,4,9,6,0,0,19,5,24,4,28,4,32,3,34,3,36,1,112,1,36,-1,34,-1,32,0,28,0,24,2,20,3,17,3,13,6,11,8,9,8,8,10,8,10,6,10,63,0,5,9,4,6,4,4,3,3,2,0,1,-2,0,-4,8,-4,3,-11,-4,-13,-13,-9,-18,2,-13,12,-3,19,-18,38,19,9,23,-6,12,-21,-5,-26,-24,-16,-30,5,-18,26,5,33,27,17,32,-6,17,-26,-5,-30,-21,-15,-36,-2,-15,15,-2,18,9,15,13,5,15,-4,9,-12,0,0,-12,-9,-15,3,-6,12,5,11,10,1,4,-6,32,-4,-6,8,4,12,18,4,17,-12,1,-24,-18,-17,-26,2,-16,21,4,26,23,13,23,-6,10,-20,-8,-20,-12,0,-16,5,-5,13,2,11,5,5,5,1,5,0,4,-2]"
CSI_DATA,265127,d8:b1:90:d9:de:f0,-64,11,-99,-37,66,56,-431281404,100,0,228,0,"[-3,-23,0,-27,3,-32,4,-34,8,-36,9,-35,10,-35,-80,-1,9,-31,8,-28,8,-26,8,-23,6,-21,8,-18,9,-17,10,-15,11,-13,11,-12,11,-10,11,-10,10,-10,-24,-11,5,-6,3,-5,0,-2,-2,0,-5,3,-8,8,0,0,-9,16,-10,21,-10,25,-10,30,-8,33,-6,35,-93,17,-4,35,-3,34,-1,31,-1,28,-2,25,-3,20,-4,17,-5,15,-5,11,-6,10,-6,9,-8,9,-9,6,-92,17,-6,6,-5,5,-2,5,1,3,2,1,3,0,4,-2,-4,8,2,11,12,9,17,0,13,-12,2,-18,-9,-18,-11,-41,-20,8,-11,20,5,25,23,13,27,-6,15,-26,-9,-30,-30,-15,-32,12,-11,30,13,28,27,10,24,-10,18,-31,-6,-19,-16,-9,-16,3,-10,12,0,16,10,11,0,0,10,-9,0,-15,-10,-9,-11,3,-1,8,5,3,-1,30,-6,-8,-13,3,-5,17,12,17,24,0,17,-19,-4,-26,-23,-13,-26,6,-10,23,10,23,21,8,19,-10,-1,-10,-9,-15,-15,-4,-11,5,-3,9,0,6,2,4,4,2]"
CSI_DATA,265128,d8:b1:90:d9:de:f0,-64,11,-99,-37,66,56,-431261653,100,0,228,0,"[-9,-21,-8,-27,-6,-31,-4,-34,-3,-38,-3,-38,-2,-36,-80,-1,-3,-33,-2,-30,-3,-27,-2,-24,-1,-23,0,-19,2,-19,2,-18,3,-17,3,-16,4,-16,4,-15,4,-15,-24,-11,1,-9,0,-5,-1,-2,-2,1,-2,5,-3,11,0,0,1,18,4,23,6,26,9,30,13,32,17,32,-137,0,20,31,20,27,19,25,18,23,15,20,12,17,9,15,5,13,3,12,2,12,2,12,1,12,1,11,2,0,0,10,1,8,2,5,3,3,3,0,2,-3,1,-4,-1,9,6,11,15,5,17,-5,9,-16,-3,-19,-15,-13,-24,-35,-17,13,-3,24,15,20,27,3,23,-17,2,-31,-21,-24,-33,0,-23,25,2,33,25,20,30,-3,16,-23,0,-35,-17,-13,-19,1,-12,11,-2,17,9,12,15,4,0,0,3,-15,-8,-12,-13,0,-6,9,3,9,6,1,18,25,-9,-1,-8,11,6,16,20,4,18,-15,0,-25,-21,-17,-26,4,-12,24,9,24,23,9,20,-11,4,-20,-11,-4,-17,-2,-12,8,-2,11,3,8,4,4,5,1,4,-1]"
CSI_DATA,265129,d8:b1:90:d9:de:f0,-64,11,-99,-33,65,56,-431251629,100,0,228,0,"[5,23,3,27,0,33,-2,34,-4,38,-6,38,-6,36,-80,-1,-6,32,-8,30,-6,27,-8,24,-6,20,-9,18,-10,17,-10,15,-11,12,-12,11,-12,10,-12,10,-12,9,-24,-11,-8,8,-4,4,0,3,3,1,5,-2,9,-6,0,0,12,-15,13,-19,15,-24,15,-28,13,-31,13,-34,-130,0,11,-35,9,-34,8,-31,9,-28,6,-24,8,-19,8,-15,8,-12,9,-9,10,-8,10,-5,10,-5,11,-4,112,0,9,-4,8,-4,5,-4,2,-3,0,-2,-2,-1,-4,0,3,-9,-4,-12,-12,-8,-17,3,-12,13,-1,20,11,17,13,40,20,-9,11,-21,-6,-25,-24,-13,-28,6,-16,27,9,31,30,15,32,-11,13,-31,-12,-30,-27,-11,-26,10,-19,31,5,20,15,11,17,-1,12,-10,3,-16,-8,-15,0,0,-12,8,-3,15,9,10,11,0,4,-9,-4,-5,8,-32,3,9,13,0,9,-13,-6,-20,-23,-6,-21,15,-2,26,18,20,27,0,17,-20,-3,-25,-20,-13,-21,4,0,12,5,17,12,8,11,-2,5,-5,2,-5,0,-4,-1,-3]"
CSI_DATA,265130,d8:b1:90:d9:de:f0,-64,11,-99,-37,66,56,-431241131,100,0,228,0,"[-9,20,-13,23,-18,25,-21,26,-24,27,-25,27,-25,27,-80,-1,-21,23,-20,21,-18,20,-17,17,-16,15,-15,12,-15,11,-15,8,-16,6,-16,6,-17,5,-16,5,-13,4,-24,-11,-9,4,-5,4,-1,2,1,1,5,-1,8,-5,0,0,13,-13,15,-17,16,-23,15,-27,15,-31,13,-33,145,0,10,-36,6,-34,5,-31,5,-27,3,-23,4,-19,5,-16,6,-12,6,-10,8,-8,8,-6,9,-6,10,-6,105,0,8,-6,6,-6,4,-5,1,-4,-1,-2,-2,0,-4,2,9,-4,3,-12,-6,-15,-16,-8,-18,5,-10,16,2,20,-9,40,21,2,19,-15,4,-24,-15,-23,-28,-4,-24,17,-3,32,21,25,33,0,23,-24,-2,-31,-23,-19,-27,2,-27,24,0,20,11,13,16,3,13,-6,5,-15,-4,-13,0,0,-16,5,-4,15,6,10,12,0,5,-8,-3,-6,5,-31,3,8,11,-1,8,-15,-9,-18,-23,-4,-19,17,1,26,21,17,25,-5,12,-23,-9,-23,-21,-8,-19,9,3,11,9,13,13,4,9,-4,3,-6,0,-5,-1,-4,-3,-3]"
CSI_DATA,265131,d8:b1:90:d9:de:f0,-64,11,-99,-37,66,56,-431228699,100,0,228,0,"[-8,-21,-5,-26,-3,-31,-1,-33,1,-36,2,-36,3,-38,-80,-1,2,-33,2,-30,2,-26,3,-24,3,-21,4,-19,6,-18,9,-16,9,-15,10,-13,10,-12,10,-12,10,-11,-24,-11,6,-8,2,-6,1,-3,-2,0,-4,4,-5,9,0,0,-6,17,-6,23,-6,25,-5,30,-2,34,-1,35,33,0,3,36,4,34,4,31,3,27,2,24,0,20,-1,17,-3,13,-4,11,-5,10,-6,9,-8,9,-8,8,-78,17,-6,8,-5,6,-3,6,-1,5,1,3,2,1,4,-1,-3,10,6,11,15,6,17,-5,10,-16,-2,-19,-15,-15,-18,-36,-18,12,-4,23,11,23,26,9,25,-12,9,-28,-15,-28,-32,-8,-28,18,-6,32,18,26,30,4,23,-15,13,-33,-9,-18,-17,-6,-16,4,-9,12,1,15,11,10,0,0,11,-10,-1,-15,-11,-9,-12,3,-2,9,5,4,4,33,-6,-5,-11,3,-3,16,13,15,23,-2,13,-20,-8,-26,-25,-11,-24,10,-8,25,13,20,23,4,17,-12,-5,-9,-10,-12,-13,-2,-8,5,-2,6,0,5,2,4,3,3]"
CSI_DATA,265132,d8:b1:90:d9:de:f0,-64,11,-99,-36,66,56,-431217890,100,0,228,0,"[11,-19,15,-21,20,-21,23,-23,25,-23,28,-24,26,-23,-78,-1,23,-21,21,-20,19,-19,16,-16,15,-14,14,-12,15,-10,14,-7,14,-7,14,-5,15,-4,14,-4,13,-4,-23,-11,8,-4,5,-4,2,-2,-2,-2,-5,1,-10,4,0,0,-14,13,-15,16,-16,22,-15,25,-15,30,-14,33,135,16,-8,34,-6,33,-5,29,-4,26,-4,24,-3,19,-5,15,-6,13,-6,10,-6,8,-7,6,-8,7,-8,6,-96,16,-7,6,-5,6,-3,6,0,4,1,3,3,1,4,-1,-8,3,-5,12,4,14,14,8,17,-2,13,-14,0,-20,13,-39,-21,-3,-20,12,-5,24,13,22,26,7,25,-16,5,-30,-20,-24,-33,-2,-23,22,1,32,22,19,26,-1,28,-22,0,-21,-11,-13,-16,-3,-13,6,-5,13,5,14,0,0,14,-6,3,-14,-7,-11,-11,0,-5,8,4,6,-5,31,-4,-7,-13,0,-7,14,7,17,22,4,20,-16,-1,-25,-20,-15,-25,5,-11,22,10,21,21,7,19,-10,-4,-10,-10,-13,-13,-2,-7,4,-2,6,1,4,1,3,2,3]"
CSI_DATA,265133,d8:b1:90:d9:de:f0,-64,11,-99,-37,66,56,-431205615,100,0,228,0,"[20,-10,25,-9,30,-6,33,-5,36,-3,36,-2,36,-2,-80,-1,33,-2,31,-2,26,-1,25,0,23,1,20,2,18,4,17,5,17,6,15,6,15,9,13,9,12,8,-24,-11,9,4,6,2,3,0,-1,-2,-4,-3,-10,-3,0,0,-19,-3,-24,-1,-27,1,-32,3,-33,5,-35,8,-112,16,-34,11,-33,12,-31,11,-26,10,-23,8,-18,5,-16,3,-13,0,-12,-1,-11,-3,-11,-4,-11,-4,-11,-4,-108,17,-9,-3,-8,-3,-6,-1,-5,0,-2,2,0,3,2,3,-10,-1,-11,8,-4,16,8,17,18,9,18,-4,13,-16,34,-23,-15,-16,-23,-2,-20,15,-4,26,17,24,31,5,26,-20,3,-32,-21,-25,-34,-1,-21,23,0,31,20,19,36,5,16,-13,3,-18,-8,-15,-15,-5,-15,4,-6,13,0,0,12,8,13,-5,5,-13,-6,-10,-9,-1,-2,6,-31,12,4,-8,-6,-10,-16,1,-11,16,6,21,23,8,21,-13,4,-26,-17,-19,-26,0,-16,18,4,21,18,11,9,-9,8,-13,-3,-12,-9,-4,-5,0,-4,2,-3,2,-2,3]"
CSI_DATA,265134,d8:b1:90:d9:de:f0,-64,11,-99,-37,66,56,-431195518,100,0,228,0,"[5,-23,11,-25,16,-27,20,-28,23,-27,26,-27,26,-25,-80,-1,24,-23,23,-20,20,-18,19,-16,18,-12,17,-10,16,-8,17,-5,16,-3,16,-2,17,-1,15,0,13,0,-24,-11,8,-1,5,-1,1,-2,-2,-2,-6,-2,-11,-1,0,0,-19,0,-23,3,-27,4,-30,6,-33,8,-34,10,-97,16,-33,12,-32,12,-28,11,-26,9,-23,8,-20,5,-18,2,-15,0,-13,-2,-11,-3,-10,-4,-10,-5,-9,-5,-113,17,-8,-5,-8,-3,-5,-2,-3,0,-2,1,-1,3,1,3,-8,5,-3,11,5,13,16,6,18,-4,12,-16,0,-20,12,-41,-21,-4,-21,12,-8,23,11,25,26,11,27,-11,11,-30,-12,-30,-31,-11,-30,15,-10,30,11,27,26,10,34,-10,10,-20,-4,-19,-13,-10,-16,0,-12,11,-2,16,0,0,13,3,11,-9,1,-13,-8,-8,-9,2,-1,8,-27,13,4,-8,-8,-10,-16,1,-11,17,5,21,21,10,23,-12,6,-24,-13,-20,-24,-3,-17,16,-1,23,15,16,11,-5,11,-12,-1,-13,-8,-8,-6,-1,-4,2,-3,1,-2,2]"
CSI_DATA,265135,d8:b1:90:d9:de:f0,-64,11,-99,-35,65,56,-431184708,100,0,228,0,"[22,11,24,17,25,22,25,26,25,30,25,31,24,31,-85,-1,20,28,18,26,17,25,14,22,13,22,11,19,7,18,4,19,3,18,1,18,0,18,0,17,-1,17,-25,-12,0,11,1,7,1,3,0,-1,1,-6,0,-11,0,0,-7,-19,-8,-23,-12,-26,-15,-29,-19,-30,-22,-31,23,18,-24,-29,-24,-28,-23,-25,-19,-22,-15,-20,-13,-17,-9,-15,-6,-14,-2,-13,0,-12,0,-13,1,-12,1,-12,2,0,2,-11,1,-8,0,-7,-1,-6,-2,-2,-2,0,-2,3,-4,-9,-13,-4,-15,6,-9,17,3,20,15,14,23,1,41,15,6,-23,-11,-22,-25,-9,-26,11,-12,28,12,30,33,12,33,-14,12,-34,-15,-31,-33,-9,-28,15,-7,28,11,37,22,8,19,-7,9,-15,-1,-17,-12,-12,-17,-1,0,0,-2,17,9,12,14,0,7,-9,-3,-9,-7,0,-24,-24,8,1,7,-11,-7,-14,-20,-3,-19,17,0,26,20,17,28,-4,14,-23,-8,-25,-23,-11,-22,9,-7,20,12,6,17,4,11,-6,3,-9,-1,-7,-2,-3,-3,-2,-3,-1]"
CSI_DATA,265136,d8:b1:90:d9:de:f0,-64,11,-99,-35,65,56,-431174161,100,0,228,0,"[-19,15,-25,14,-30,14,-34,14,-37,14,-37,13,-37,13,-85,-1,-33,13,-30,11,-28,11,-25,9,-23,7,-20,6,-20,3,-18,2,-18,0,-18,0,-17,-1,-15,-2,-15,-1,-25,-12,-11,0,-7,0,-3,1,1,1,6,0,11,-2,0,0,17,-8,22,-11,24,-15,26,-20,26,-24,26,-28,-24,0,23,-31,20,-30,18,-28,15,-25,13,-22,12,-17,12,-13,9,-9,11,-6,9,-6,11,-3,12,-3,12,-3,129,0,11,-3,9,-4,6,-3,2,-2,0,-2,-1,-2,-3,0,11,-1,9,-11,1,-17,-12,-15,-20,-3,-19,11,-8,22,-29,35,22,12,25,-6,15,-22,-4,-29,-25,-18,-31,6,-17,29,9,34,31,15,34,-13,12,-31,-13,-30,-28,-9,-37,9,-9,22,6,18,15,11,17,-1,12,-12,0,-15,0,0,-17,0,-11,12,2,13,11,6,8,-4,-1,-8,19,-29,1,8,11,3,12,-11,-2,-20,-19,-12,-24,8,-8,25,14,23,26,3,20,-18,0,-25,-19,-14,-23,3,0,13,4,17,13,7,11,-2,3,-6,1,-4,0,-3,-1,-3]"
CSI_DATA,265137,d8:b1:90:d9:de:f0,-63,11,-99,-35,65,56,-431146082,100,0,228,0,"[20,15,19,20,19,26,19,31,17,35,15,37,14,37,-85,-1,12,33,11,30,8,28,6,25,4,23,2,22,1,22,-1,19,-3,17,-6,17,-7,17,-8,15,-7,13,-25,-12,-4,9,-2,7,-1,3,1,0,3,-4,4,-9,0,0,4,-19,4,-24,3,-29,2,-34,1,-36,0,-39,-57,18,-3,-39,-3,-36,-4,-34,-3,-29,-1,-25,0,-20,1,-15,4,-14,6,-11,7,-9,8,-7,9,-7,11,-7,113,0,9,-6,8,-6,6,-6,2,-7,1,-4,-2,-2,-4,-1,-3,-11,-13,-8,-18,2,-13,14,-2,22,12,18,22,7,35,28,12,-20,-3,-25,-20,-17,-29,2,-22,22,1,34,26,24,36,-2,23,-28,-3,-36,-26,-22,-33,4,-19,23,-4,37,15,15,19,2,14,-9,6,-15,-3,-15,-13,-8,0,0,-11,13,2,17,13,8,12,-3,3,-9,-4,-4,-8,-34,6,7,12,-3,4,-15,-13,-15,-24,1,-15,22,4,26,24,14,25,-8,11,-24,-11,-23,-22,-7,-19,11,7,12,9,14,12,3,8,-4,3,-6,1,-3,0,-3,-1,-4]"
CSI_DATA,265138,d8:b1:90:d9:de:f0,-64,11,-99,-35,65,56,-431135874,100,0,228,0,"[11,23,9,28,8,33,6,36,4,40,4,40,3,40,-85,-1,2,35,3,33,2,30,2,26,1,24,0,22,-2,20,-2,18,-4,17,-6,17,-7,15,-7,15,-6,14,-25,-12,-3,11,-1,6,0,2,0,-1,1,-6,1,-9,0,0,0,-19,-2,-24,-6,-28,-8,-31,-12,-33,-15,-34,155,18,-19,-33,-19,-31,-19,-28,-17,-24,-14,-22,-11,-18,-7,-14,-4,-15,-2,-12,0,-12,1,-9,2,-11,2,-12,31,0,1,-11,1,-9,-1,-8,-2,-6,-3,-3,-2,0,-2,2,1,-11,-8,-12,-17,-3,-18,9,-8,19,6,20,18,13,26,35,17,-17,2,-25,-17,-20,-29,-2,-23,19,-2,33,24,25,36,0,25,-26,-2,-35,-26,-22,-33,4,-17,23,-2,39,18,14,20,-1,13,-11,3,-17,-7,-13,-15,-4,0,0,-6,14,7,14,14,3,9,-7,-1,-9,-7,-2,-20,-28,7,3,8,-8,-4,-15,-19,-7,-20,13,-2,25,19,18,28,-2,15,-22,-7,-25,-23,-11,-22,9,-7,20,13,3,17,3,11,-6,2,-9,-2,-6,-2,-3,-2,-2,-3,-2]"
CSI_DATA,265139,d8:b1:90:d9:de:f0,-64,11,-99,-36,66,56,-431124836,100,0,228,0,"[-20,-10,-21,-14,-24,-20,-25,-22,-26,-24,-25,-26,-25,-25,-78,-1,-24,-22,-22,-19,-20,-17,-19,-15,-16,-14,-14,-13,-11,-13,-10,-13,-8,-13,-7,-13,-6,-14,-5,-13,-5,-12,-23,-11,-4,-7,-4,-4,-2,-1,0,2,2,5,5,7,0,0,14,11,19,11,23,11,28,10,31,8,34,5,108,1,34,0,33,0,31,-2,26,-3,21,-2,19,-1,15,0,12,2,11,3,8,4,10,5,8,6,8,6,109,0,8,5,7,3,7,1,5,0,3,-1,1,-3,0,-3,4,8,12,4,14,-5,8,-15,-4,-17,-15,-11,-20,1,-40,-8,-2,21,14,17,24,3,21,-15,4,-28,-19,-22,-32,-1,-24,23,1,33,25,20,31,-4,16,-25,-5,-26,-26,-23,-20,4,-11,14,1,16,8,11,13,2,12,-7,0,0,-8,-13,-14,-1,-10,10,2,11,8,3,5,-5,30,-1,-7,4,2,12,13,4,15,-12,0,-22,-19,-14,-23,5,-8,23,12,22,23,4,17,-14,0,-21,-15,-12,-8,8,-7,12,3,10,7,4,4,0,2,-1,3,-1,2,-2]"
CSI_DATA,265140,d8:b1:90:d9:de:f0,-64,11,-99,-34,65,56,-431113636,100,0,228,0,"[17,16,17,22,17,28,16,33,14,36,13,38,10,38,-83,-1,8,33,8,32,5,29,3,26,2,23,0,20,-1,20,-3,17,-5,16,-7,15,-8,14,-9,11,-9,11,-24,-11,-5,8,-3,5,-1,3,2,0,4,-3,7,-7,0,0,10,-16,10,-21,11,-26,10,-29,9,-33,9,-35,134,0,8,-36,5,-34,4,-32,4,-28,4,-23,4,-19,7,-15,7,-11,8,-8,9,-5,9,-4,10,-4,11,-2,124,0,9,-3,9,-3,7,-3,3,-4,1,-4,-1,-3,-2,-2,-2,-10,-11,-8,-16,1,-15,13,-3,20,10,19,20,8,32,30,15,-19,-1,-24,-17,-20,-28,-3,-23,19,-3,30,21,26,34,3,27,-23,2,-34,-22,-24,-30,-1,-21,17,-10,35,13,17,17,4,15,-5,7,-13,-1,-15,-10,-10,0,0,-11,10,-1,15,10,9,13,-1,4,-9,-4,-5,2,-33,3,8,13,0,9,-13,-7,-19,-21,-5,-21,14,-3,26,17,19,26,-1,16,-19,-2,-24,-17,-14,-21,3,2,11,3,15,10,7,9,-1,4,-4,1,-3,1,-2,1,-3]"
CSI_DATA,265141,d8:b1:90:d9:de:f0,-65,11,-99,-35,66,56,-431099784,100,0,228,0,"[-5,-20,-2,-25,2,-29,5,-32,8,-33,9,-34,9,-33,-76,-1,9,-30,8,-27,8,-23,8,-20,8,-18,9,-16,9,-14,11,-11,11,-10,13,-8,13,-7,14,-6,14,-6,-22,-10,8,-5,6,-3,2,-2,0,-1,-4,1,-7,4,0,0,-11,11,-14,16,-14,20,-15,23,-16,28,-15,29,130,16,-11,32,-9,29,-7,26,-7,22,-6,19,-6,15,-7,10,-7,7,-7,5,-9,3,-10,1,-10,1,-10,1,-130,16,-10,2,-9,2,-7,3,-4,4,-1,4,1,3,3,2,-3,9,5,13,15,8,18,-4,13,-15,1,-20,-11,-16,-8,-38,-19,8,-9,20,5,23,21,13,27,-5,16,-23,-6,-30,-28,-16,-30,9,-15,28,9,29,25,11,25,-8,22,-23,-4,-18,-13,-9,-15,-1,-10,7,-4,13,4,14,0,0,15,-4,6,-13,-6,-13,-11,-3,-7,7,1,7,-6,31,-1,-7,-10,-2,-9,9,4,17,19,7,20,-10,5,-23,-14,-19,-23,-2,-16,16,1,21,16,13,18,-3,-3,-10,-4,-13,-8,-5,-6,0,-2,2,-2,2,-2,1,-1,4]"
CSI_DATA,265142,d8:b1:90:d9:de:f0,-64,11,-99,-34,65,56,-431089496,100,0,228,0,"[-17,15,-23,15,-28,16,-33,15,-36,15,-38,14,-36,14,-83,-1,-33,13,-29,11,-27,11,-23,9,-21,9,-19,7,-19,5,-17,3,-17,1,-16,0,-16,0,-15,-2,-14,0,-24,-11,-10,0,-7,2,-2,1,0,1,4,1,10,-1,0,0,19,-7,20,-10,23,-15,24,-19,24,-23,24,-27,-47,0,21,-30,19,-29,15,-27,13,-24,10,-21,10,-16,10,-14,9,-8,8,-5,10,-5,10,-2,11,-2,11,-2,128,0,10,-3,9,-3,7,-4,3,-4,1,-4,-1,-3,-4,-2,10,0,9,-10,1,-17,-11,-15,-20,-2,-16,10,-8,21,-27,34,20,13,23,-4,15,-21,-5,-27,-24,-16,-30,7,-16,27,10,33,33,15,32,-14,11,-32,-15,-27,-27,-8,-35,11,-7,21,7,17,15,8,15,-2,10,-11,0,-15,0,0,-16,0,-9,11,3,14,11,5,9,-5,-1,-8,16,-29,-1,9,10,4,13,-9,-1,-19,-17,-13,-23,8,-9,24,14,21,26,3,19,-17,-2,-24,-17,-13,-21,4,2,11,5,15,11,4,8,-3,2,-4,1,-2,1,-1,0,-4]"
CSI_DATA,265143,d8:b1:90:d9:de:f0,-64,11,-99,-37,66,56,-431078636,100,0,228,0,"[-24,-3,-26,-8,-30,-13,-31,-17,-32,-21,-31,-24,-30,-25,-80,-1,-24,-23,-21,-21,-18,-21,-17,-18,-13,-17,-10,-17,-8,-18,-5,-17,-4,-16,-1,-17,0,-16,0,-16,1,-15,-24,-11,1,-10,0,-6,-1,-3,-1,1,-1,4,-1,10,0,0,2,17,3,23,5,26,8,28,10,32,11,33,130,0,13,33,13,31,12,27,11,24,9,21,5,18,2,15,0,13,-2,11,-5,10,-5,9,-6,8,-8,8,-90,17,-6,8,-5,8,-4,6,-1,6,1,4,3,2,3,0,9,6,15,0,12,-11,3,-18,-9,-18,-19,-9,-20,4,-42,-6,-1,21,13,19,25,5,24,-13,9,-28,-13,-27,-31,-9,-30,16,-9,33,17,30,33,8,26,-16,6,-27,-9,-35,-18,-8,-17,5,-10,12,1,16,9,12,15,3,0,0,4,-15,-8,-13,-13,-3,-10,6,1,10,6,2,16,27,-5,-4,-9,6,0,16,16,11,20,-6,10,-21,-10,-21,-25,-6,-21,13,-2,24,15,18,21,1,12,-13,-9,-8,-10,-9,-11,0,-5,5,-2,4,-1,3,0,3,1,4]"
CSI_DATA,265144,d8:b1:90:d9:de:f0,-64,11,-99,-35,65,56,-431068520,100,0,228,0,"[-24,3,-30,0,-34,-3,-37,-6,-39,-9,-40,-9,-39,-11,-85,-1,-36,-8,-33,-8,-29,-8,-25,-7,-23,-8,-20,-8,-17,-9,-14,-11,-13,-12,-11,-12,-11,-12,-9,-13,-11,-12,-25,-12,-7,-8,-6,-4,-3,-1,1,1,3,3,7,7,0,0,17,8,22,7,28,7,31,6,35,4,39,2,100,1,36,-1,35,-3,33,-3,28,-4,23,-2,20,-1,17,1,13,3,11,4,9,6,9,7,9,8,9,8,88,0,8,7,8,6,8,2,6,2,4,0,2,-2,0,-4,11,4,14,-4,9,-14,-2,-20,-17,-14,-22,-1,-19,12,-44,13,11,22,24,11,26,-8,13,-25,-9,-30,-29,-14,-33,11,-14,33,14,34,34,12,31,-17,8,-31,-15,-25,-34,-18,-20,9,-8,18,4,17,12,9,15,-1,13,-11,0,0,-9,-12,-15,0,-11,12,3,13,11,3,6,-4,35,-3,-7,4,3,12,15,4,15,-12,0,-23,-19,-14,-25,7,-11,24,11,24,25,7,19,-14,1,-22,-14,-15,-11,9,-11,11,2,11,7,6,4,1,2,0,3,0,3,-1]"
CSI_DATA,265145,d8:b1:90:d9:de:f0,-64,11,-99,-37,66,56,-431058321,100,0,228,0,"[19,-15,24,-13,30,-11,33,-10,38,-8,38,-5,38,-3,-80,-1,34,-2,32,-2,27,0,25,1,21,2,19,3,17,6,16,8,15,9,12,10,12,11,10,12,10,11,-24,-11,6,8,5,4,3,1,0,-2,-2,-4,-5,-6,0,0,-15,-11,-18,-12,-24,-12,-27,-13,-31,-13,-33,-12,-75,16,-34,-10,-32,-9,-30,-9,-26,-8,-20,-8,-16,-6,-13,-6,-9,-8,-5,-8,-4,-10,-2,-11,-2,-11,-2,-11,-2,17,-2,-10,-3,-9,-3,-6,-2,-5,-3,-2,-3,1,-3,3,-11,2,-10,11,-1,18,10,16,19,6,19,-8,11,-18,33,-24,-16,-16,-24,-3,-21,15,-5,27,15,26,30,8,28,-16,8,-33,-18,-30,-33,-6,-27,18,-5,31,16,23,33,15,18,-9,8,-17,-2,-15,-10,-10,-15,-1,-12,8,0,0,6,13,15,3,12,-9,1,-12,-9,-6,-8,3,-32,-4,9,-2,2,-11,-12,-11,-19,4,-10,20,11,20,25,5,20,-15,2,-25,-17,-18,-23,1,-13,16,3,19,12,-1,13,-2,5,-8,-1,-6,-1,-3,-1,-1,-2,-3,-3,-2]"
CSI_DATA,265146,d8:b1:90:d9:de:f0,-64,11,-99,-34,65,56,-431048300,100,0,228,0,"[-23,7,-28,4,-34,2,-38,0,-39,-1,-41,-2,-38,-3,-83,-1,-34,-2,-32,-2,-29,-1,-26,-1,-22,-2,-21,-2,-17,-4,-17,-7,-16,-7,-14,-8,-14,-8,-13,-9,-13,-8,-24,-11,-8,-4,-5,-2,-3,0,0,2,4,3,8,4,0,0,19,3,22,2,27,1,30,-1,34,-4,35,-7,93,1,34,-13,32,-13,28,-11,24,-11,21,-8,17,-5,15,-4,13,-1,11,1,9,2,10,4,10,4,10,4,121,0,10,3,9,1,7,0,5,-1,3,-2,0,-4,-1,-4,10,2,14,-5,8,-15,-4,-17,-17,-10,-22,2,-15,15,-41,20,14,19,23,4,23,-13,8,-26,-14,-27,-30,-9,-29,16,-7,34,21,28,35,3,26,-22,1,-32,-20,-21,-36,-7,-16,15,-2,19,8,15,14,7,14,-3,8,-13,0,0,-13,-8,-14,4,-4,13,5,10,11,1,4,-7,29,-14,-5,5,4,10,16,0,11,-15,-5,-21,-22,-9,-21,13,-3,26,17,17,24,-1,14,-19,-5,-21,-17,-9,-7,10,-4,13,5,9,8,3,3,-1,2,-2,2,0,2,-2]"
CSI_DATA,265147,d8:b1:90:d9:de:f0,-64,11,-99,-36,66,56,-431037785,100,0,228,0,"[19,-12,24,-10,30,-7,33,-5,35,-3,38,-2,37,0,-78,-1,33,1,30,1,28,2,24,3,21,3,19,4,15,6,14,8,13,10,11,11,10,12,10,12,7,12,-23,-11,6,7,5,4,3,1,1,-2,-2,-4,-3,-7,0,0,-12,-13,-15,-15,-21,-16,-24,-16,-28,-17,-30,-16,-47,15,-31,-14,-30,-13,-28,-12,-24,-8,-19,-10,-14,-8,-11,-8,-6,-8,-4,-10,-2,-10,-1,-11,0,-11,0,-11,7,0,0,-11,-1,-8,-2,-7,-3,-6,-4,-4,-4,-1,-4,2,-11,-1,-11,8,-3,15,7,16,17,7,19,-4,12,-15,37,-20,-12,-17,-22,-5,-22,12,-10,24,11,26,28,12,30,-12,12,-31,-14,-30,-31,-10,-28,14,-8,29,12,24,31,17,19,-7,8,-15,-1,-14,-8,-11,-13,-3,-13,6,0,0,5,13,14,4,12,-7,1,-12,-8,-6,-8,3,-31,-6,8,1,4,-11,-8,-12,-20,0,-13,17,6,23,22,10,22,-11,6,-23,-13,-20,-22,-2,-14,14,0,19,13,-1,13,-1,5,-7,0,-6,-1,-2,0,-1,-1,-3,-2,-3]"
CSI_DATA,265148,d8:b1:90:d9:de:f0,-64,11,-99,-36,66,56,-431027780,100,0,228,0,"[1,-22,4,-26,8,-30,12,-32,14,-33,14,-34,14,-33,-78,-1,12,-30,11,-28,11,-25,8,-22,7,-19,10,-16,10,-15,10,-12,11,-10,12,-10,13,-8,12,-7,12,-7,-23,-11,7,-5,4,-4,2,-2,-1,-1,-4,2,-6,5,0,0,-10,14,-10,19,-10,23,-10,26,-6,31,-4,33,-109,16,-1,34,1,32,2,29,1,25,1,21,0,17,-2,14,-3,12,-4,8,-5,6,-6,6,-7,6,-8,6,-98,16,-6,7,-5,6,-3,7,0,5,2,4,3,2,4,0,-6,8,1,14,12,12,19,0,14,-11,4,-20,-8,-17,-5,-42,-21,5,-13,19,3,24,21,16,28,-3,17,-23,-5,-30,-28,-16,-31,10,-14,30,12,30,28,11,24,-11,19,-29,-6,-17,-15,-7,-14,2,-10,10,-2,13,7,11,0,0,12,-8,1,-14,-10,-8,-12,1,-4,10,5,6,2,30,-3,-7,-12,1,-6,13,10,16,21,2,15,-16,-3,-23,-21,-12,-22,8,-7,22,12,19,20,3,14,-11,-7,-7,-10,-8,-10,0,-4,5,0,4,0,2,0,2,2,3]"
CSI_DATA,265149,d8:b1:90:d9:de:f0,-64,11,-99,-37,66,56,-431017527,100,0,228,0,"[-16,-16,-17,-23,-16,-27,-15,-32,-13,-36,-12,-36,-11,-38,-80,-1,-9,-32,-6,-31,-5,-27,-4,-25,-2,-23,-1,-20,1,-18,2,-16,4,-15,5,-15,6,-13,8,-12,9,-12,-24,-11,4,-9,2,-6,0,-3,-3,0,-5,2,-6,8,0,0,-9,17,-10,20,-9,25,-9,31,-8,33,-5,35,-61,17,-3,35,-1,33,-1,31,-1,26,-2,23,-2,17,-4,13,-5,10,-5,8,-8,5,-8,4,-9,4,-10,3,-116,17,-9,4,-8,4,-6,5,-2,6,0,5,2,4,4,3,1,10,10,9,16,0,13,-11,3,-19,-9,-18,-18,-9,-31,-31,-15,17,0,24,17,19,27,2,23,-18,3,-31,-20,-25,-34,-2,-25,23,-1,34,23,23,31,-1,19,-19,8,-35,-12,-15,-17,-3,-13,6,-6,12,2,13,10,10,0,0,11,-9,0,-15,-11,-8,-12,4,-3,11,6,6,2,30,-3,-10,-12,-1,-9,13,6,18,21,5,19,-13,1,-25,-18,-17,-24,2,-13,20,5,23,18,10,18,-6,-4,-11,-5,-12,-10,-4,-6,3,-2,3,-1,2,-1,1,-1,3]"
CSI_DATA,265150,d8:b1:90:d9:de:f0,-64,11,-99,-37,66,56,-431000724,100,0,228,0,"[9,21,8,26,5,32,2,36,2,39,0,39,-1,39,-80,-1,-1,34,-2,32,-2,27,-2,25,-2,23,-4,19,-5,18,-6,15,-9,13,-10,12,-11,11,-11,10,-11,10,-24,-11,-8,6,-5,5,-2,3,0,1,3,-2,5,-6,0,0,8,-15,9,-20,9,-24,8,-30,6,-32,5,-34,51,0,3,-34,0,-33,0,-30,0,-26,0,-23,1,-17,3,-13,3,-11,5,-9,8,-5,8,-5,9,-5,10,-4,108,0,9,-5,8,-5,5,-5,1,-5,0,-5,-2,-3,-4,-1,1,-11,-9,-12,-17,-4,-17,8,-9,18,4,20,16,13,20,38,18,-13,5,-23,-11,-23,-25,-8,-26,12,-9,30,15,28,32,9,30,-17,8,-33,-18,-27,-30,-5,-23,15,-16,33,10,17,16,6,15,-4,8,-11,0,-15,-9,-10,0,0,-11,9,-1,15,10,10,12,-1,4,-9,-4,-6,-1,-32,3,6,11,0,6,-13,-9,-16,-20,-2,-16,16,2,24,19,15,24,-4,11,-21,-8,-21,-20,-8,-16,9,6,10,8,11,10,2,5,-3,2,-3,1,-2,1,-1,0,-4]"
CSI_DATA,265151,d8:b1:90:d9:de:f0,-64,11,-99,-34,65,56,-430990704,100,0,228,0,"[-19,15,-24,15,-30,13,-34,10,-39,8,-40,7,-40,4,-83,-1,-34,2,-32,2,-29,1,-24,0,-22,-2,-20,-3,-19,-5,-15,-7,-14,-9,-11,-11,-10,-11,-9,-13,-8,-13,-24,-11,-7,-8,-5,-4,-3,-1,-1,2,2,4,4,8,0,0,13,14,15,16,20,19,23,20,27,20,30,20,2,1,32,17,30,16,28,15,23,14,19,13,15,10,11,10,5,10,3,10,1,10,-1,10,-1,11,-2,11,-41,17,-1,10,0,9,1,8,2,8,3,4,4,1,4,-1,10,-2,10,-10,1,-19,-11,-16,-20,-5,-19,7,-11,17,-36,26,15,16,23,3,23,-14,8,-27,-13,-27,-30,-10,-32,15,-10,34,17,32,34,9,29,-16,8,-30,-13,-24,-30,-19,-20,8,-9,16,1,15,8,13,14,3,13,-5,0,0,-4,-15,-15,-4,-14,7,-3,14,7,8,9,-2,32,9,-8,-2,-5,10,8,14,19,2,16,-16,-3,-24,-22,-14,-24,8,-10,22,10,22,21,7,17,-11,3,-19,-13,-2,-14,-2,-8,7,-1,7,1,3,0,2,0,3,2,3]"
CSI_DATA,265152,d8:b1:90:d9:de:f0,-64,11,-99,-38,66,56,-430971710,100,0,228,0,"[20,-13,26,-11,32,-10,35,-8,39,-7,40,-7,39,-4,-83,-1,35,-4,32,-4,28,-3,24,-2,23,-1,21,0,17,2,16,4,15,5,14,7,15,9,13,9,13,8,-24,-11,9,5,7,2,4,0,0,-2,-3,-3,-8,-4,0,0,-17,-5,-21,-4,-27,-3,-30,-2,-34,0,-35,2,-110,16,-35,8,-32,8,-29,7,-26,7,-20,4,-17,3,-15,2,-11,-1,-10,-3,-7,-5,-8,-7,-9,-8,-9,-8,-82,17,-8,-7,-8,-4,-8,-2,-5,-1,-4,2,-2,3,-1,4,-11,-1,-10,9,-2,17,10,16,20,5,19,-8,11,-17,35,-26,-16,-16,-23,-1,-20,16,-4,27,16,24,32,4,27,-20,3,-34,-24,-27,-34,0,-23,23,1,32,21,19,36,5,15,-15,2,-19,-7,-13,-13,-5,-14,3,-8,11,0,0,11,10,15,-3,7,-13,-5,-11,-11,-1,-5,7,-30,11,8,-4,-2,-11,-15,-4,-15,13,1,22,20,13,24,-7,9,-23,-11,-22,-23,-4,-16,15,0,21,15,14,9,-9,8,-11,-2,-9,-5,-3,-2,0,-1,-1,-3,-2,-4,0]"
CSI_DATA,265153,d8:b1:90:d9:de:f0,-64,11,-99,-37,66,56,-430961650,100,0,228,0,"[23,4,26,9,28,15,30,20,30,24,30,25,27,27,-80,-1,21,25,19,24,18,21,15,19,12,18,9,17,6,17,3,17,1,16,-2,16,-2,16,-3,15,-4,15,-24,-11,-3,10,-1,8,0,4,1,0,2,-3,3,-8,0,0,2,-16,2,-21,0,-26,-1,-30,-2,-32,-4,-34,24,0,-5,-34,-6,-32,-6,-28,-4,-25,-3,-21,-1,-17,1,-13,3,-11,4,-9,6,-6,8,-5,9,-4,10,-4,123,0,9,-4,8,-4,6,-5,2,-6,0,-5,-2,-3,-3,-1,-9,-6,-15,0,-13,11,-4,18,8,18,18,10,20,-3,40,12,3,-21,-11,-20,-24,-9,-24,10,-11,26,11,28,30,12,32,-12,13,-31,-13,-31,-30,-12,-27,12,-10,25,4,35,18,10,17,-2,11,-11,3,-15,-5,-13,-12,-6,0,0,-8,13,3,15,12,5,11,-5,1,-10,-6,-5,-11,-30,4,8,11,-2,3,-13,-12,-13,-20,1,-13,18,4,24,20,12,24,-8,9,-21,-9,-20,-19,-6,-16,9,6,9,6,11,9,2,5,-3,2,-3,2,-1,2,-2,1,-4]"
CSI_DATA,265154,d8:b1:90:d9:de:f0,-64,11,-99,-37,66,56,-430951482,100,0,228,0,"[11,21,9,27,8,33,6,36,4,40,3,40,3,40,-80,-1,3,35,2,32,1,28,2,26,0,23,-1,20,-3,18,-4,17,-4,15,-8,15,-9,12,-8,12,-9,11,-24,-11,-5,9,-3,6,0,3,1,0,3,-4,4,-8,0,0,5,-17,4,-23,3,-25,2,-31,0,-33,-3,-34,-39,17,-6,-34,-8,-32,-8,-28,-6,-26,-5,-21,-3,-17,-2,-13,0,-12,2,-10,5,-8,5,-9,5,-8,8,-8,75,0,5,-9,4,-8,2,-8,-1,-6,-2,-4,-4,-2,-4,0,0,-11,-9,-12,-17,-4,-16,9,-8,18,5,20,17,11,24,36,17,-15,3,-24,-15,-20,-27,-6,-25,17,-5,31,20,27,35,4,26,-21,2,-35,-23,-24,-32,-1,-20,20,-6,36,15,15,18,2,13,-9,5,-13,-4,-13,-11,-8,0,0,-9,10,3,15,13,6,11,-4,2,-11,-6,-5,-9,-30,5,6,11,-3,3,-15,-13,-13,-21,3,-12,20,8,23,24,9,20,-11,4,-23,-15,-17,-20,-1,-12,15,10,6,11,8,10,0,4,-4,0,-4,1,-2,0,-3,-1,-4]"
CSI_DATA,265155,d8:b1:90:d9:de:f0,-64,11,-99,-36,66,56,-430941319,100,0,228,0,"[13,-19,20,-19,26,-19,31,-17,33,-16,35,-16,35,-14,-78,-1,32,-12,29,-11,25,-8,23,-6,21,-4,20,-2,17,0,15,2,15,4,13,6,12,7,11,7,12,7,-23,-11,8,5,6,2,4,0,1,-3,-2,-5,-5,-6,0,0,-13,-10,-19,-10,-22,-11,-26,-11,-30,-10,-32,-8,-81,15,-33,-6,-31,-5,-29,-6,-24,-4,-21,-4,-15,-5,-13,-5,-8,-6,-5,-7,-4,-8,-3,-10,-2,-10,-2,-11,-20,16,-3,-10,-3,-8,-4,-6,-4,-4,-4,-1,-5,1,-3,3,-10,3,-6,12,3,16,13,12,20,1,16,-11,6,-17,28,-32,-17,-12,-22,2,-16,16,-1,26,19,22,31,2,24,-21,2,-33,-22,-25,-34,0,-23,23,1,30,20,19,34,7,15,-13,3,-16,-6,-12,-12,-6,-13,1,-8,10,0,0,7,10,15,0,10,-10,-2,-12,-11,-3,-6,6,-31,0,10,-1,3,-12,-11,-10,-17,4,-8,19,10,20,23,5,19,-14,1,-24,-16,-16,-22,2,-12,16,3,17,11,-1,12,-3,4,-7,-1,-5,-2,-2,-1,-1,-1,-3,-3,-2]"
CSI_DATA,265156,d8:b1:90:d9:de:f0,-64,11,-99,-34,65,56,-430921212,100,0,228,0,"[-1,-24,4,-29,8,-33,13,-36,16,-38,19,-38,19,-36,-83,-1,19,-32,17,-29,16,-24,15,-21,14,-17,14,-15,14,-13,14,-8,16,-5,16,-3,17,-2,17,0,16,-1,-24,-11,13,-1,8,-1,4,-1,0,-2,-3,-1,-8,0,0,0,-16,4,-21,5,-24,11,-28,14,-29,17,-30,20,-68,16,-28,22,-26,21,-23,19,-21,17,-16,13,-15,9,-14,7,-11,2,-9,0,-9,-2,-9,-5,-10,-5,-10,-7,-103,17,-10,-5,-10,-3,-8,-2,-5,1,-3,2,-2,4,0,4,-5,10,4,15,15,11,20,0,16,-15,3,-21,-9,-21,0,-45,-23,3,-17,17,-1,26,17,22,32,3,26,-20,3,-34,-22,-27,-36,-2,-27,23,-1,34,23,22,29,1,33,-17,2,-21,-9,-15,-14,-5,-14,2,-9,10,-1,15,0,0,15,2,11,-10,0,-14,-11,-8,-11,3,-1,10,-22,24,4,-7,-7,-8,-15,2,-8,16,10,19,23,4,20,-16,1,-26,-20,-16,-24,3,-13,20,5,21,17,8,7,-11,4,-11,-4,-9,-5,-3,-2,0,-1,-1,-3,-1,-4,1]"
CSI_DATA,265157,d8:b1:90:d9:de:f0,-65,9,-99,-33,66,56,-430897701,83,0,106,0,"[-130,0,31,1,-43,0,60,1,-17,0,50,1,-41,0,14,1,-77,0,-40,0,-102,0,-108,0,-120,0,86,0,-112,0,26,0,-98,0,-12,15,-96,0,-24,15,127,0,-5,15,54,0,29,0,-42,15,46,0,0,0,0,0,30,15,-7,15,-50,14,-54,15,-81,14,-118,15,-64,14,104,15,1,15,114,15,80,15,-93,15,-120,15,-27,15,-77,15,30,0,-76,15,79,0,-84,15,96,0,-90,15,83,0,-87,15,33,0,-68,15]"
CSI_DATA,265158,d8:b1:90:d9:de:f0,-65,11,-99,-36,67,56,-430887203,100,0,228,0,"[17,-10,22,-9,27,-8,31,-6,34,-4,34,-3,35,-3,-70,-1,30,-3,28,-3,24,-2,23,-2,18,-1,17,1,15,3,13,5,12,7,11,8,11,9,11,11,10,10,-21,-10,9,6,7,4,6,1,2,-2,-1,-3,-5,-5,0,0,-13,-7,-19,-6,-22,-4,-26,-3,-29,-1,-31,2,-85,14,-30,6,-28,6,-25,7,-21,6,-17,4,-13,3,-11,1,-8,-2,-7,-3,-6,-5,-5,-7,-6,-8,-7,-9,-76,15,-8,-8,-8,-5,-8,-4,-6,-1,-4,2,-3,4,-1,5,-11,0,-10,10,-1,16,10,14,18,5,17,-7,9,-16,30,-21,-13,-13,-20,-3,-18,12,-5,23,14,22,27,5,24,-17,4,-30,-20,-23,-31,-2,-20,21,2,27,18,16,31,7,12,-12,2,-14,-6,-11,-9,-5,-11,1,-9,9,0,0,9,10,14,0,8,-11,-4,-12,-11,-3,-6,7,-27,11,8,-2,0,-10,-13,-5,-13,10,0,19,17,12,21,-6,9,-20,-10,-19,-21,-5,-15,12,0,18,13,11,8,-10,6,-9,-2,-8,-4,-2,0,0,0,-2,-3,-4,-5,0]"
CSI_DATA,265159,d8:b1:90:d9:de:f0,-64,11,-99,-36,66,56,-430877019,100,0,228,0,"[-22,-5,-25,-11,-28,-16,-29,-21,-29,-26,-29,-28,-28,-29,-78,-1,-23,-26,-20,-24,-17,-22,-14,-21,-13,-19,-10,-17,-5,-16,-3,-15,0,-15,1,-14,3,-15,4,-15,4,-14,-23,-11,3,-10,2,-6,0,-3,-2,-1,-3,3,-4,7,0,0,-5,16,-3,21,-2,24,-2,29,0,33,1,34,13,0,3,33,4,31,5,29,3,24,2,21,1,15,-2,13,-3,10,-5,6,-7,6,-7,4,-8,4,-10,3,-114,16,-8,4,-7,4,-5,5,-2,6,0,5,2,4,5,3,7,7,15,1,15,-10,5,-19,-7,-19,-17,-8,-20,1,-40,-14,-4,21,10,21,22,10,24,-8,13,-25,-8,-29,-30,-14,-33,11,-15,32,12,31,30,13,29,-11,11,-23,-2,-35,-17,-10,-16,3,-10,10,-3,13,5,12,12,6,0,0,8,-12,-3,-13,-13,-6,-11,5,-1,12,7,5,8,29,-4,-7,-12,1,-5,14,10,15,21,3,16,-16,-2,-24,-19,-14,-23,5,-11,21,7,21,19,7,16,-6,-6,-10,-5,-11,-7,-3,-4,1,-2,2,-2,0,-3,2,-2,5]"
CSI_DATA,265160,d8:b1:90:d9:de:f0,-65,11,-99,-35,66,56,-430866241,100,0,228,0,"[21,2,25,7,28,13,30,17,31,19,31,21,31,22,-76,-1,27,18,25,16,21,16,19,14,15,13,13,13,9,13,7,13,5,14,2,15,1,15,1,15,0,15,-22,-10,2,11,3,7,3,4,2,0,3,-4,1,-7,0,0,-3,-16,-5,-19,-9,-21,-14,-25,-17,-25,-19,-26,77,16,-23,-22,-22,-20,-21,-18,-18,-15,-14,-13,-10,-10,-7,-9,-3,-9,-1,-8,2,-7,2,-8,3,-9,4,-9,55,0,2,-9,1,-9,0,-8,-4,-6,-5,-4,-5,0,-5,1,-8,-7,-15,0,-11,11,-1,18,10,16,17,6,18,-6,40,4,-1,-19,-14,-16,-23,-3,-21,14,-4,27,16,23,31,5,26,-20,3,-33,-22,-25,-30,0,-19,20,1,26,17,28,18,1,11,-8,5,-11,-3,-11,-8,-8,-13,0,0,0,-1,15,10,10,14,-1,7,-10,-4,-9,-9,0,-26,-16,8,5,8,-7,-3,-14,-16,-6,-17,11,-2,22,16,17,23,-3,11,-19,-6,-21,-19,-7,-17,9,-3,17,13,1,10,1,6,-4,1,-3,0,-2,2,-1,1,-3,-2,-5]"
CSI_DATA,265161,d8:b1:90:d9:de:f0,-65,11,-99,-36,66,56,-430851640,100,0,228,0,"[7,22,5,26,2,32,0,35,-2,38,-3,39,-4,37,-78,-1,-4,33,-3,31,-3,26,-3,24,-4,21,-4,17,-5,14,-6,13,-8,11,-10,10,-11,8,-12,7,-12,8,-23,-11,-7,6,-5,5,-2,4,1,3,4,0,7,-2,0,0,13,-11,14,-14,14,-19,15,-23,15,-26,14,-30,-138,0,10,-31,7,-29,6,-25,5,-23,5,-19,4,-14,5,-10,6,-7,6,-5,7,-3,7,-1,10,-2,10,-1,120,0,8,-2,8,-3,5,-4,3,-5,0,-5,-2,-4,-4,-4,2,-11,-6,-12,-15,-5,-16,5,-10,15,2,19,13,14,14,39,19,-10,7,-20,-7,-23,-22,-11,-26,7,-14,26,10,29,30,14,31,-12,11,-30,-14,-29,-28,-7,-23,12,-17,29,7,16,14,6,13,-2,7,-8,2,-12,-6,-10,0,0,-12,5,-3,14,8,11,12,1,5,-8,-3,-7,4,-29,0,8,12,4,12,-10,-2,-17,-17,-10,-21,8,-6,22,13,20,22,2,16,-15,-1,-21,-14,-12,-16,3,3,11,4,11,7,4,5,-1,2,-2,2,0,3,-1,3,-4]"
CSI_DATA,265162,d8:b1:90:d9:de:f0,-64,11,-99,-36,66,56,-430841543,100,0,228,0,"[21,-10,28,-7,33,-4,37,0,39,3,40,5,38,7,-78,-1,34,7,31,7,26,6,23,7,21,8,16,8,14,11,11,11,8,12,6,13,4,15,3,14,2,15,-23,-11,2,12,2,7,3,4,2,1,1,-3,1,-8,0,0,-2,-16,-4,-20,-6,-24,-10,-25,-12,-29,-14,-30,125,16,-15,-29,-15,-26,-14,-24,-12,-22,-8,-19,-5,-14,-3,-13,0,-11,3,-8,4,-7,5,-7,6,-6,7,-7,95,0,6,-6,5,-5,3,-5,1,-6,-1,-5,-4,-3,-5,-2,-11,-1,-12,8,-4,16,7,19,17,10,20,-3,14,-13,41,-12,-8,-19,-20,-8,-24,5,-15,21,3,28,23,20,32,-2,22,-25,-3,-35,-25,-21,-32,4,-17,24,3,28,20,29,20,0,12,-10,4,-14,-3,-12,-10,-7,-13,0,0,0,-2,14,8,11,14,1,8,-8,-2,-10,-8,-2,-20,-23,6,6,11,-5,1,-14,-14,-11,-21,5,-10,20,8,22,22,6,20,-12,3,-22,-13,-17,-19,-1,-12,12,8,8,8,8,7,0,4,-3,1,-2,2,0,3,-3,1,-4]"
CSI_DATA,265163,d8:b1:90:d9:de:f0,-64,11,-99,-36,66,56,-430831498,100,0,228,0,"[-23,-2,-28,-6,-31,-11,-33,-15,-35,-17,-34,-19,-34,-20,-78,-1,-31,-16,-28,-15,-24,-14,-22,-13,-17,-12,-14,-13,-12,-13,-10,-13,-7,-13,-6,-14,-4,-14,-3,-14,-3,-14,-23,-11,-4,-11,-3,-7,-3,-4,-2,0,-1,4,1,8,0,0,7,14,11,19,14,19,19,21,22,21,25,21,-24,0,28,19,26,15,25,14,21,12,16,11,13,8,10,8,6,8,2,7,1,8,1,10,-1,10,0,11,-21,16,1,10,1,7,2,6,4,5,4,2,4,-2,4,-4,10,6,15,-2,11,-13,1,-19,-12,-16,-19,-5,-19,8,-42,0,2,21,16,15,24,0,21,-17,1,-29,-20,-23,-32,-1,-24,23,1,32,25,23,32,-3,19,-25,-4,-26,-21,-28,-19,2,-12,12,-2,14,5,12,11,6,13,-2,0,0,-3,-14,-12,-7,-13,3,-4,12,7,8,8,-2,26,12,-8,-2,-7,10,6,13,17,2,14,-15,-3,-22,-20,-11,-22,7,-7,21,12,20,20,4,14,-12,0,-17,-11,0,-12,0,-5,6,0,4,0,2,-1,2,1,4,4,3]"
CSI_DATA,265164,d8:b1:90:d9:de:f0,-64,11,-99,-37,66,56,-430811654,100,0,228,0,"[-23,2,-28,-1,-32,-5,-35,-9,-39,-11,-38,-12,-38,-11,-80,-1,-34,-11,-30,-9,-27,-8,-24,-8,-20,-6,-17,-6,-15,-8,-12,-9,-11,-10,-9,-12,-9,-12,-8,-13,-6,-12,-24,-11,-6,-9,-6,-5,-4,-3,-2,1,0,4,2,8,0,0,12,10,16,11,21,11,26,11,31,9,33,8,77,1,33,3,31,1,28,1,24,-1,19,0,16,1,12,2,9,3,6,4,4,5,4,8,4,10,5,9,64,0,6,8,6,5,6,4,5,2,5,-1,3,-4,2,-5,10,4,15,-4,9,-15,-2,-19,-16,-13,-20,-1,-17,11,-41,8,6,19,19,11,23,-4,15,-21,-5,-28,-25,-17,-32,8,-16,30,11,33,32,12,31,-15,9,-30,-13,-24,-30,-18,-18,9,-5,15,2,13,9,8,12,2,10,-6,0,0,-6,-13,-15,-2,-11,9,0,13,11,5,8,-5,31,-2,-9,1,-2,11,11,9,17,-6,5,-20,-13,-18,-23,0,-15,18,5,24,20,10,19,-9,4,-18,-10,-13,-10,8,-8,8,1,8,3,2,0,1,0,2,3,3,5,1]"
CSI_DATA,265165,d8:b1:90:d9:de:f0,-64,11,-99,-36,66,56,-430794134,100,0,228,0,"[-21,8,-28,7,-32,4,-37,3,-39,1,-40,1,-39,0,-78,-1,-34,0,-32,1,-28,1,-24,0,-21,-1,-17,-2,-16,-4,-15,-5,-14,-5,-12,-8,-12,-10,-11,-10,-11,-10,-23,-11,-10,-7,-7,-3,-5,-1,-2,2,1,3,5,5,0,0,14,6,19,6,22,5,26,3,30,1,32,-2,76,1,32,-6,29,-7,26,-6,23,-7,19,-5,15,-4,12,-2,8,1,8,3,6,4,8,6,7,6,7,6,74,0,8,5,7,3,6,1,5,0,4,-2,2,-5,0,-5,12,1,12,-8,4,-17,-8,-17,-17,-7,-20,5,-12,15,-38,20,13,15,22,4,21,-12,7,-25,-13,-25,-30,-8,-26,15,-7,32,20,26,33,3,23,-22,0,-30,-20,-17,-33,-6,-14,14,-1,16,6,11,11,5,12,-2,8,-10,0,0,-11,-10,-14,2,-6,12,3,13,11,2,5,-7,28,-12,-7,3,2,11,13,4,14,-11,0,-20,-16,-11,-22,6,-7,22,12,20,22,3,15,-13,-1,-19,-14,-11,-6,10,-6,10,3,7,3,2,1,1,0,2,3,3,5,-1]"
CSI_DATA,265166,d8:b1:90:d9:de:f0,-65,11,-99,-38,67,56,-430781651,100,0,228,0,"[19,-8,24,-7,30,-4,33,-2,37,0,38,1,37,2,-74,-1,33,1,29,1,26,1,23,1,21,2,18,3,13,4,12,7,10,7,9,10,8,12,7,12,7,12,-22,-10,7,9,7,5,6,2,3,-1,2,-4,-2,-6,0,0,-9,-11,-14,-12,-19,-13,-23,-13,-26,-13,-29,-11,-52,14,-29,-7,-28,-5,-26,-4,-22,-4,-18,-3,-13,-4,-10,-4,-7,-5,-4,-6,-2,-7,-2,-9,-1,-9,-1,-10,-7,15,-3,-9,-4,-8,-4,-6,-5,-4,-6,-1,-5,3,-4,4,-11,-1,-11,8,-4,15,9,15,18,7,18,-5,11,-14,36,-16,-9,-14,-19,-6,-20,9,-9,23,8,26,26,11,28,-11,12,-29,-14,-28,-30,-9,-25,16,-6,28,14,21,29,15,15,-9,4,-14,-3,-11,-7,-7,-10,-2,-10,6,0,0,5,12,13,5,11,-7,1,-12,-9,-7,-9,4,-29,0,9,1,4,-9,-8,-11,-16,2,-10,18,8,20,22,5,18,-13,1,-22,-15,-14,-20,3,-9,15,6,15,11,-4,9,-4,1,-6,-2,-3,1,0,2,-1,0,-5,-4,-3]"
CSI_DATA,265167,d8:b1:90:d9:de:f0,-65,11,-99,-35,66,56,-430771626,100,0,228,0,"[-22,-2,-26,-8,-28,-14,-29,-18,-30,-22,-29,-26,-28,-27,-76,-1,-23,-25,-21,-22,-18,-20,-15,-18,-13,-17,-9,-16,-5,-15,-2,-14,1,-15,3,-14,4,-15,7,-14,6,-14,-22,-10,5,-11,3,-8,1,-6,-1,-3,-3,0,-5,4,0,0,-5,14,-6,18,-5,22,-5,26,-3,29,-2,31,-38,16,0,32,1,29,1,26,1,23,0,19,-1,14,-3,11,-4,8,-5,5,-8,3,-7,2,-9,1,-10,1,-114,16,-9,2,-8,2,-6,4,-4,5,-1,5,1,5,3,4,9,6,16,-2,13,-13,2,-19,-10,-17,-18,-6,-18,4,-39,-10,-2,20,10,19,21,7,23,-9,11,-25,-9,-28,-27,-14,-30,10,-14,30,11,31,29,13,27,-10,9,-22,0,-34,-16,-8,-14,2,-9,8,-4,11,3,11,9,7,0,0,10,-10,0,-15,-10,-8,-14,3,-4,10,6,8,6,30,-1,-9,-10,-2,-8,11,5,16,18,4,18,-11,2,-23,-15,-16,-22,1,-13,17,4,20,15,9,15,-4,-5,-10,-3,-10,-6,-4,-3,1,-2,0,-3,-2,-4,0,-4,4]"
CSI_DATA,265168,d8:b1:90:d9:de:f0,-64,11,-99,-36,66,56,-430761452,100,0,228,0,"[22,-1,28,3,31,7,34,11,37,14,37,15,35,16,-78,-1,33,13,29,12,25,11,23,10,20,10,15,10,13,11,11,11,8,11,6,14,4,15,4,14,3,14,-23,-11,4,11,4,7,4,4,3,1,1,-3,0,-6,0,0,-6,-13,-11,-16,-14,-17,-19,-20,-23,-20,-26,-17,-21,15,-29,-15,-28,-12,-25,-11,-22,-8,-17,-8,-14,-6,-10,-6,-6,-6,-3,-6,-1,-7,-1,-10,0,-10,0,-10,3,0,-2,-10,-2,-7,-3,-7,-5,-4,-5,-1,-5,2,-4,4,-11,-4,-15,4,-10,14,2,19,13,13,20,2,15,-10,42,-2,-4,-19,-16,-12,-23,2,-17,19,0,29,21,21,32,-1,21,-25,-4,-34,-28,-19,-32,6,-15,26,8,26,24,23,19,-5,8,-13,0,-13,-5,-10,-10,-4,-12,3,0,0,2,14,13,6,13,-5,4,-12,-7,-8,-10,2,-30,-7,7,3,6,-8,-6,-13,-17,-2,-14,15,4,22,20,10,21,-10,6,-22,-13,-19,-20,-1,-12,14,2,16,13,-2,11,-2,3,-5,-1,-3,0,-1,1,-2,0,-4,-3,-3]"
CSI_DATA,265169,d8:b1:90:d9:de:f0,-64,11,-99,-36,66,56,-430751201,100,0,228,0,"[10,-22,14,-25,20,-28,24,-29,25,-31,26,-31,26,-31,-78,-1,22,-28,20,-26,17,-23,14,-21,13,-17,12,-15,12,-12,12,-10,12,-7,15,-5,15,-4,14,-4,14,-4,-23,-11,11,-5,7,-4,5,-3,1,-3,-3,-1,-5,2,0,0,-8,10,-12,15,-12,19,-11,24,-10,28,-7,30,-86,16,-3,32,-1,30,1,26,1,23,1,19,0,14,-1,12,-2,10,-4,6,-5,6,-6,5,-7,5,-10,6,-89,16,-6,6,-4,6,-2,6,2,5,3,3,4,1,5,-1,-10,8,-2,16,11,14,20,3,17,-10,7,-20,-6,-20,7,-41,-21,0,-16,14,-3,24,15,22,29,3,23,-20,1,-32,-24,-23,-33,2,-21,28,5,32,26,15,26,-7,24,-25,-5,-19,-13,-8,-14,1,-8,7,-3,12,5,12,0,0,12,-6,3,-13,-7,-11,-13,-1,-6,10,4,8,2,30,-1,-8,-10,-1,-6,11,7,15,20,2,15,-15,-3,-23,-20,-12,-21,7,-6,21,11,17,19,3,13,-11,-7,-6,-8,-7,-8,0,-3,3,-1,2,-2,2,-2,3,1,4]"
CSI_DATA,265170,d8:b1:90:d9:de:f0,-65,11,-99,-35,66,56,-430740848,100,0,228,0,"[22,0,27,4,31,9,33,14,35,18,34,18,34,19,-76,-1,30,17,27,16,25,15,20,14,17,11,15,11,11,13,8,13,5,13,4,14,2,15,2,16,1,16,-22,-10,2,11,3,9,4,5,2,1,2,-3,1,-7,0,0,-4,-15,-7,-18,-10,-20,-15,-22,-18,-22,-22,-23,51,16,-25,-21,-25,-19,-22,-16,-20,-13,-16,-11,-11,-9,-8,-8,-4,-7,-2,-7,1,-7,1,-8,3,-8,3,-9,38,0,1,-9,0,-8,-2,-6,-4,-6,-5,-3,-5,0,-5,3,-10,-6,-16,3,-10,14,1,19,14,15,20,3,18,-8,43,1,-2,-20,-15,-14,-23,-2,-20,16,-3,28,18,23,32,2,25,-22,0,-34,-23,-22,-32,3,-18,23,4,26,21,28,18,-2,10,-10,2,-13,-3,-10,-9,-6,-11,0,0,0,0,14,10,9,14,-2,5,-10,-5,-9,-10,1,-27,-14,7,5,8,-6,-3,-14,-17,-5,-16,11,0,21,17,15,22,-4,10,-20,-8,-20,-20,-6,-16,9,-2,16,11,1,10,1,5,-5,0,-4,0,-1,2,-1,1,-5,-3,-5]"
CSI_DATA,265171,d8:b1:90:d9:de:f0,-65,11,-99,-35,66,56,-430721255,100,0,228,0,"[14,-19,19,-19,25,-19,30,-20,34,-20,34,-20,33,-19,-76,-1,30,-18,27,-16,23,-15,21,-14,18,-10,16,-8,14,-6,14,-3,14,0,13,1,15,3,15,4,14,3,-22,-10,11,1,9,0,6,-2,1,-3,-2,-2,-6,-3,0,0,-14,0,-18,4,-20,7,-25,10,-26,14,-26,18,-19,15,-23,21,-20,21,-17,19,-15,18,-11,14,-9,10,-8,7,-7,4,-6,1,-7,-1,-9,-2,-8,-2,-9,-2,-105,16,-9,-1,-8,1,-6,2,-3,3,-1,4,1,5,4,5,-10,5,-6,14,5,17,16,10,20,-3,13,-15,2,-19,21,-34,-18,-7,-19,8,-11,20,6,25,25,15,28,-7,15,-27,-10,-31,-30,-13,-30,14,-8,30,16,26,26,5,32,-9,4,-17,-6,-13,-11,-5,-10,2,-8,8,-2,13,0,0,11,3,11,-8,1,-14,-10,-7,-10,3,-2,9,-17,25,5,-7,-6,-9,-14,2,-6,15,10,16,21,1,14,-17,-3,-22,-19,-10,-20,8,-5,19,10,16,17,2,2,-11,0,-10,-6,-4,-4,1,-1,1,-1,-1,-4,-1,-5,2]"
CSI_DATA,265172,d8:b1:90:d9:de:f0,-65,11,-99,-35,66,56,-430701521,100,0,228,0,"[-18,-15,-18,-21,-17,-28,-15,-32,-14,-37,-13,-38,-10,-39,-76,-1,-7,-34,-6,-31,-5,-28,-3,-25,-2,-21,0,-18,2,-17,4,-14,7,-11,9,-10,11,-8,13,-7,11,-7,-22,-10,10,-6,7,-5,4,-5,1,-3,-2,-1,-5,2,0,0,-13,6,-15,10,-16,14,-19,18,-18,20,-19,22,54,16,-18,26,-16,25,-15,21,-14,18,-10,15,-9,10,-9,7,-8,4,-7,1,-7,-2,-7,-3,-8,-4,-8,-4,-95,16,-7,-4,-7,-2,-6,0,-5,2,-3,4,-1,5,1,6,4,10,14,7,17,-3,11,-15,0,-20,-11,-15,-18,-6,-28,-29,-11,15,-1,21,13,19,25,5,23,-14,7,-29,-16,-26,-31,-8,-28,17,-7,33,17,27,29,5,22,-15,17,-28,-8,-16,-14,-5,-11,3,-7,8,-2,10,4,10,0,0,13,-2,7,-11,-3,-13,-11,-4,-8,6,1,9,-11,27,3,-8,-6,-8,-13,3,-4,16,11,15,20,1,15,-16,-2,-22,-18,-13,-21,5,-9,18,6,18,16,6,4,-9,3,-10,-3,-8,-4,-2,-1,1,-1,-2,-3,-2,-5,1]"
CSI_DATA,265173,d8:b1:90:d9:de:f0,-65,11,-99,-35,66,56,-430691314,100,0,228,0,"[-22,-5,-26,-11,-28,-17,-29,-21,-29,-26,-29,-27,-28,-27,-76,-1,-26,-23,-23,-21,-20,-19,-18,-17,-16,-15,-13,-14,-9,-14,-6,-13,-4,-14,-1,-14,0,-14,2,-14,2,-15,-22,-10,1,-11,0,-8,-2,-5,-2,-3,-2,2,-2,6,0,0,1,13,3,17,6,21,9,23,11,26,16,27,-138,0,19,23,18,22,18,19,16,17,13,14,10,11,6,9,2,8,1,7,-2,7,-2,8,-3,8,-3,8,-56,16,-2,8,-1,7,0,6,3,6,4,3,4,1,5,-1,8,7,15,1,15,-11,4,-19,-9,-18,-18,-7,-18,4,-40,-10,-1,19,11,17,22,5,22,-11,8,-26,-13,-26,-30,-8,-28,16,-7,32,18,27,32,4,22,-18,2,-26,-14,-31,-19,-2,-13,8,-5,11,2,11,8,8,11,1,0,0,2,-13,-7,-10,-13,0,-7,9,2,10,8,2,21,18,-6,-5,-8,5,0,13,15,8,17,-8,3,-20,-14,-17,-21,0,-14,17,4,21,17,9,17,-6,6,-15,-11,-3,-10,-3,-6,3,-1,4,0,3,-2,1,-1,3,1,5]"
CSI_DATA,265174,d8:b1:90:d9:de:f0,-65,11,-99,-35,66,56,-430671496,100,0,228,0,"[-14,16,-21,16,-27,16,-31,17,-35,15,-35,15,-35,15,-76,-1,-31,14,-28,14,-25,11,-22,9,-19,8,-17,6,-14,4,-14,1,-15,-2,-13,-4,-14,-5,-14,-6,-14,-6,-22,-10,-11,-3,-9,-2,-6,-1,-3,2,0,2,4,2,0,0,14,2,17,-1,20,-2,25,-5,27,-8,27,-13,59,1,26,-16,23,-16,20,-16,17,-14,13,-10,10,-7,9,-5,7,-2,7,1,6,2,7,4,8,5,9,6,87,0,9,4,8,2,7,0,5,-1,3,-4,1,-5,-1,-5,11,-4,7,-14,-3,-18,-16,-11,-20,3,-13,15,-2,19,-26,31,18,8,20,-4,14,-18,-2,-23,-20,-17,-28,2,-18,25,5,32,28,18,31,-9,14,-29,-9,-27,-25,-8,-34,4,-7,17,5,14,9,7,10,1,8,-5,4,-10,0,0,-11,-6,-13,5,-4,13,7,9,11,-1,5,-8,22,-20,-6,4,4,9,13,1,9,-13,-6,-17,-19,-5,-18,13,0,22,17,14,20,-3,9,-18,-7,-17,-16,-5,-3,11,-1,10,6,5,4,0,0,0,1,2,4,3,5,-2]"
CSI_DATA,265175,d8:b1:90:d9:de:f0,-64,11,-99,-37,66,56,-430660732,100,0,228,0,"[-23,8,-27,5,-33,3,-36,1,-40,0,-41,-1,-40,-1,-80,-1,-36,1,-33,2,-28,3,-25,3,-23,1,-19,0,-17,-1,-15,-3,-15,-5,-12,-6,-12,-9,-11,-10,-12,-9,-24,-11,-11,-6,-10,-3,-6,-2,-3,1,0,2,4,3,0,0,13,1,18,1,21,-1,25,-4,27,-9,30,-12,36,1,26,-18,24,-18,20,-17,17,-16,15,-12,11,-10,10,-8,8,-3,8,-1,6,1,9,3,9,2,10,3,112,0,10,1,9,0,8,-1,4,-2,1,-4,-1,-5,-3,-4,12,2,13,-9,4,-19,-10,-18,-19,-6,-19,6,-11,18,-36,19,13,15,21,2,19,-13,5,-25,-15,-24,-30,-5,-26,18,-3,34,24,24,33,-1,21,-26,-4,-30,-24,-15,-35,-2,-10,17,2,16,9,9,11,2,10,-4,5,-10,0,0,-12,-6,-12,5,-4,13,6,11,11,0,4,-9,21,-21,-5,4,4,9,13,0,6,-13,-8,-18,-20,-3,-16,16,2,23,19,12,20,-6,5,-19,-11,-17,-18,-1,-1,12,1,11,6,4,4,0,0,0,1,2,4,1,4,-3]"
CSI_DATA,265176,d8:b1:90:d9:de:f0,-65,11,-99,-36,66,56,-430650266,100,0,228,0,"[2,-23,7,-28,13,-29,17,-31,22,-32,23,-33,24,-32,-78,-1,22,-26,20,-24,19,-22,16,-20,14,-15,14,-12,13,-10,13,-6,14,-3,14,-2,15,1,15,2,15,2,-23,-11,12,1,11,0,6,0,3,-1,0,-1,-4,-1,0,0,-12,3,-15,4,-19,6,-22,10,-24,12,-24,15,-4,15,-24,20,-22,19,-20,17,-16,15,-13,12,-11,8,-10,5,-8,2,-7,0,-7,-2,-6,-4,-7,-5,-8,-6,-98,16,-8,-4,-7,-2,-6,-1,-4,1,-3,3,-2,4,1,5,-6,11,2,17,14,12,21,0,16,-13,5,-21,-8,-17,6,-40,-19,2,-15,15,-3,23,14,21,26,6,24,-15,6,-31,-19,-26,-33,-5,-26,20,-3,32,19,22,28,1,33,-14,2,-19,-8,-13,-12,-4,-11,1,-7,7,-2,11,0,0,13,4,11,-7,1,-13,-7,-10,-11,1,-3,8,-20,23,4,-3,-4,-7,-11,1,-6,13,7,15,20,3,16,-13,1,-22,-16,-14,-21,3,-10,17,5,19,16,6,4,-10,3,-11,-4,-7,-4,-1,-1,0,-1,-2,-4,-2,-5,1]"
CSI_DATA,265177,d8:b1:90:d9:de:f0,-65,11,-99,-35,66,56,-430631647,100,0,228,0,"[7,22,4,27,0,32,-4,35,-7,39,-9,39,-11,38,-76,-1,-11,34,-10,31,-10,27,-10,23,-9,19,-9,16,-9,13,-10,9,-11,6,-13,3,-14,1,-14,0,-14,0,-22,-10,-13,0,-9,1,-7,2,-3,3,1,3,5,2,0,0,14,0,17,-1,20,-4,23,-6,26,-8,29,-10,46,1,28,-14,26,-13,23,-11,20,-10,16,-8,14,-5,11,-2,8,-1,7,2,6,4,5,6,5,7,6,8,51,0,6,7,6,6,6,3,5,1,5,-1,4,-4,3,-5,3,-11,-6,-14,-17,-6,-19,6,-10,18,2,20,14,16,7,40,18,-7,11,-18,-2,-22,-19,-17,-27,-1,-21,19,-1,31,22,23,33,-1,23,-25,0,-32,-23,-20,-28,2,-29,17,0,20,9,11,11,3,10,-3,7,-8,2,-10,0,0,-11,-3,-11,5,-2,13,8,9,11,-1,4,-8,23,-18,-6,4,3,9,13,2,11,-10,-2,-18,-17,-9,-19,7,-8,20,10,19,21,5,16,-13,1,-19,-11,-13,-8,7,-7,8,2,9,4,3,1,0,-1,2,1,4,5,2]"
CSI_DATA,265178,d8:b1:90:d9:de:f0,-64,11,-99,-36,66,56,-430621461,100,0,228,0,"[12,21,10,28,7,32,4,38,3,39,2,41,0,41,-78,-1,1,35,1,33,1,30,1,26,0,22,-1,20,-3,19,-4,15,-6,13,-8,11,-11,10,-11,8,-12,8,-23,-11,-8,7,-7,6,-4,5,-1,2,2,0,3,-3,0,0,7,-10,6,-15,7,-20,7,-23,6,-26,4,-30,62,0,2,-30,0,-30,-1,-26,-1,-23,-1,-20,1,-15,2,-12,3,-10,4,-6,5,-4,6,-3,8,-3,8,-3,99,0,7,-3,6,-4,4,-5,1,-5,-1,-4,-3,-3,-5,-2,0,-13,-11,-12,-19,-2,-16,12,-5,21,10,20,19,10,21,37,14,-14,3,-21,-13,-20,-24,-6,-24,12,-10,29,15,28,32,7,29,-17,5,-33,-20,-25,-31,-2,-21,17,-13,33,13,15,16,2,12,-6,5,-10,-2,-11,-7,-8,0,0,-10,6,-1,13,8,10,11,-1,5,-10,-4,-7,-3,-30,0,7,8,0,6,-8,-6,-14,-17,-3,-15,13,0,22,17,14,22,-4,11,-19,-7,-20,-17,-5,-15,7,6,10,7,10,8,2,4,-2,2,-2,2,0,4,-2,2,-5]"
CSI_DATA,265179,d8:b1:90:d9:de:f0,-65,11,-99,-38,67,56,-430601511,100,0,228,0,"[11,-20,16,-20,22,-21,28,-22,29,-21,32,-22,31,-20,-74,-1,28,-19,25,-16,22,-16,21,-14,18,-11,15,-9,14,-7,14,-4,12,-2,13,0,13,2,13,3,14,4,-22,-10,10,2,9,2,6,0,3,-1,0,-2,-4,-1,0,0,-11,1,-14,4,-18,7,-21,9,-23,13,-24,15,-40,14,-22,20,-20,20,-18,18,-14,16,-11,14,-10,10,-9,7,-7,4,-7,1,-7,0,-7,-3,-8,-3,-8,-4,-88,15,-8,-2,-8,-1,-6,1,-4,1,-2,3,1,5,3,5,-10,6,-5,15,7,18,19,8,20,-6,12,-18,-2,-20,20,-34,-19,-4,-18,9,-9,20,7,23,23,12,27,-7,13,-26,-10,-29,-29,-11,-29,13,-8,29,14,24,26,6,31,-9,3,-19,-7,-13,-11,-5,-11,3,-7,7,-2,10,0,0,11,3,10,-7,2,-12,-7,-8,-10,2,-3,8,-18,22,4,-4,-4,-6,-11,2,-6,13,9,14,19,1,13,-15,-2,-21,-19,-11,-19,7,-7,19,9,16,16,3,3,-11,0,-10,-6,-5,-5,0,0,1,-1,-1,-3,-2,-4,3]"
CSI_DATA,265180,d8:b1:90:d9:de:f0,-65,11,-99,-36,66,56,-430581412,100,0,228,0,"[0,24,-4,29,-8,32,-12,34,-14,37,-15,38,-16,38,-78,-1,-13,34,-13,31,-11,28,-8,24,-7,22,-7,19,-7,16,-8,13,-10,10,-11,10,-12,7,-13,5,-13,6,-23,-11,-11,5,-8,4,-4,3,-2,2,0,1,3,-2,0,0,6,-10,10,-13,8,-19,8,-22,7,-25,6,-29,53,0,2,-30,1,-29,-1,-26,-1,-23,-1,-20,0,-15,1,-12,2,-11,3,-6,5,-6,5,-4,7,-4,7,-4,83,0,7,-5,5,-4,3,-5,0,-4,-2,-3,-4,-2,-5,0,5,-12,-4,-15,-16,-11,-21,3,-14,17,0,22,13,17,5,42,20,-6,11,-19,-4,-22,-20,-15,-26,4,-17,23,6,30,28,17,33,-10,15,-30,-12,-31,-29,-11,-25,12,-20,29,10,17,16,5,14,-4,7,-10,1,-12,-5,-8,0,0,-11,7,-3,12,7,10,11,0,6,-7,-2,-7,-1,-29,1,6,7,1,5,-10,-6,-13,-17,-2,-14,14,2,22,17,12,21,-5,7,-20,-8,-19,-19,-4,-13,10,6,8,8,8,8,1,3,-3,1,-2,2,-1,3,-1,1,-4]"
CSI_DATA,265181,d8:b1:90:d9:de:f0,-65,11,-99,-34,66,56,-430570827,100,0,228,0,"[19,11,20,18,19,24,19,29,18,33,15,36,14,36,-74,-1,13,32,10,29,10,27,8,24,6,21,4,18,1,16,-1,14,-3,12,-6,11,-7,10,-9,10,-10,9,-22,-10,-8,8,-7,7,-3,5,-1,3,0,0,3,-4,0,0,7,-9,7,-14,8,-18,9,-22,8,-25,7,-27,90,0,5,-29,3,-28,3,-25,3,-23,3,-20,3,-14,3,-10,5,-7,5,-5,6,-3,6,-1,8,0,9,0,103,0,9,-1,8,-1,6,-2,3,-4,1,-4,-1,-4,-3,-4,-6,-11,-15,-6,-19,6,-10,18,3,22,15,13,20,2,30,25,7,-18,-4,-20,-16,-13,-24,1,-19,18,-1,28,20,22,31,1,23,-23,0,-32,-23,-21,-30,2,-16,21,-8,31,14,12,15,1,10,-7,4,-9,-2,-10,-7,-8,0,0,-9,6,-3,12,6,10,11,0,6,-7,-2,-7,-1,-29,-1,6,8,2,8,-7,-3,-14,-15,-6,-18,9,-4,21,12,18,22,1,14,-14,-1,-21,-14,-11,-16,3,3,11,3,11,7,4,4,-1,1,-1,2,1,4,1,4,-3]"
CSI_DATA,265182,d8:b1:90:d9:de:f0,-65,11,-99,-35,66,56,-430551656,100,0,228,0,"[-23,0,-28,-4,-30,-9,-32,-14,-35,-17,-35,-19,-34,-19,-76,-1,-32,-16,-29,-15,-26,-13,-22,-11,-20,-11,-16,-10,-13,-10,-10,-10,-8,-11,-5,-13,-3,-14,-2,-14,-1,-15,-22,-10,-2,-13,-2,-9,-2,-7,0,-3,0,0,2,4,0,0,7,8,10,13,14,14,18,16,21,16,26,15,2,1,28,13,27,11,27,9,22,7,18,7,15,6,11,5,7,5,4,6,2,7,1,8,0,8,0,9,0,0,0,8,2,7,2,6,3,4,4,2,4,-2,3,-3,13,6,17,-4,11,-17,-2,-22,-16,-16,-21,-1,-17,11,-40,1,6,19,18,11,22,-2,17,-19,-1,-27,-20,-20,-31,0,-21,25,3,33,27,20,31,-5,17,-26,-6,-27,-21,-27,-19,5,-9,14,1,13,6,9,10,3,10,-3,0,0,-1,-11,-10,-7,-13,2,-5,10,4,8,7,1,30,8,-5,-2,-3,7,7,8,15,-1,9,-15,-6,-19,-18,-6,-19,10,-4,21,14,17,20,1,11,-14,-3,-17,-14,1,-11,3,-3,7,2,5,0,1,-2,2,0,4,4,4]"
CSI_DATA,265183,d8:b1:90:d9:de:f0,-65,11,-99,-35,66,56,-430541050,100,0,228,0,"[-22,5,-27,3,-31,-1,-35,-2,-38,-5,-40,-5,-39,-5,-76,-1,-35,-3,-32,-1,-29,-1,-26,0,-22,1,-19,0,-16,-1,-14,-2,-13,-4,-9,-6,-10,-8,-9,-8,-8,-8,-22,-10,-8,-7,-7,-4,-6,-3,-2,-1,0,1,3,3,0,0,11,2,16,3,20,0,23,-1,26,-4,28,-8,41,1,28,-14,25,-14,22,-14,19,-14,16,-11,13,-8,10,-6,8,-3,8,-1,6,1,7,2,8,3,8,4,88,0,8,2,7,1,7,0,4,-2,2,-3,-1,-4,-3,-5,11,4,15,-6,8,-17,-6,-20,-19,-9,-20,5,-13,16,-38,16,11,15,20,4,20,-10,7,-22,-10,-23,-26,-8,-27,14,-7,31,19,27,32,2,23,-22,-1,-30,-20,-18,-32,-5,-11,16,2,16,9,8,10,2,8,-4,5,-8,0,0,-10,-6,-10,2,-5,10,5,9,9,1,5,-6,25,-16,-5,4,3,8,11,1,8,-11,-5,-16,-19,-5,-17,13,-1,22,17,13,21,-4,9,-17,-7,-18,-18,-5,-5,10,-1,13,7,6,5,0,1,-1,1,1,3,1,4,-1]"
CSI_DATA,265184,d8:b1:90:d9:de:f0,-65,11,-99,-37,67,56,-430521654,100,0,228,0,"[22,3,24,8,27,14,28,18,29,22,28,25,27,26,-72,-1,24,23,21,22,20,19,17,17,15,16,12,14,9,15,7,13,4,13,2,13,0,12,-2,12,-4,12,-21,-10,-3,10,-3,8,-1,6,-1,3,0,0,1,-4,0,0,-1,-11,-2,-15,-4,-19,-6,-21,-7,-24,-9,-26,-122,15,-11,-26,-12,-24,-12,-22,-11,-20,-9,-17,-7,-14,-4,-11,-2,-9,1,-8,3,-7,4,-7,5,-6,6,-5,65,0,5,-6,4,-5,3,-5,1,-5,-1,-4,-3,-2,-4,0,-10,-8,-16,0,-14,13,-3,21,12,19,20,7,19,-7,38,9,-1,-19,-13,-15,-21,-4,-21,11,-8,24,11,25,27,9,27,-13,9,-30,-16,-27,-30,-7,-25,16,-6,26,8,30,19,4,15,-8,6,-12,-2,-11,-7,-7,-10,-2,0,0,-3,11,4,10,11,3,9,-5,2,-9,-5,-4,-15,-23,3,4,7,-3,0,-11,-11,-9,-17,5,-8,17,9,18,20,5,17,-12,2,-21,-12,-15,-18,1,-11,12,9,8,10,7,8,-1,3,-4,0,-3,2,0,2,-2,1,-5]"
CSI_DATA,265185,d8:b1:90:d9:de:f0,-65,11,-99,-38,67,56,-430511514,100,0,228,0,"[22,-2,26,1,29,4,33,9,33,11,37,12,34,13,-74,-1,32,10,30,8,27,7,25,6,22,5,18,5,14,6,12,7,11,7,9,9,7,10,6,10,5,11,-22,-10,5,9,5,7,4,5,2,2,-1,0,-3,-2,0,0,-11,-6,-13,-6,-18,-6,-22,-5,-25,-5,-28,-3,-56,14,-29,1,-27,2,-25,3,-23,4,-19,3,-14,3,-11,2,-9,-1,-8,-3,-5,-4,-5,-5,-6,-6,-5,-7,-58,15,-5,-5,-6,-4,-5,-3,-4,-1,-3,2,-1,4,0,4,-11,-6,-15,4,-10,16,4,22,16,13,21,-1,15,-13,39,-7,-10,-16,-19,-7,-21,7,-11,20,5,25,23,14,28,-7,13,-27,-10,-29,-29,-11,-27,14,-8,28,13,23,28,15,16,-11,4,-16,-5,-11,-9,-6,-9,0,-7,7,0,0,5,9,11,1,8,-8,0,-10,-7,-4,-6,3,-28,4,5,-1,-1,-8,-10,-5,-11,7,-2,18,14,12,20,-4,10,-19,-9,-20,-20,-5,-15,11,-1,18,12,11,10,-7,6,-9,-2,-8,-5,-3,-2,1,0,-1,-2,-3,-5,-1]"
CSI_DATA,265186,d8:b1:90:d9:de:f0,-65,11,-99,-37,67,56,-430489839,100,0,228,0,"[-21,4,-25,1,-29,-3,-32,-7,-34,-10,-36,-11,-34,-13,-72,-1,-31,-11,-28,-11,-25,-9,-22,-8,-21,-8,-17,-8,-14,-9,-12,-8,-10,-9,-7,-10,-6,-11,-4,-10,-2,-11,-21,-10,-2,-9,-2,-7,-1,-4,-1,-1,1,2,2,4,0,0,7,10,9,13,12,15,15,16,18,18,21,18,-23,0,23,16,23,15,22,14,20,11,16,11,14,9,10,7,7,8,5,7,2,7,2,7,0,7,0,7,-5,15,0,7,1,6,2,5,3,5,4,2,4,-1,4,-3,10,5,15,-4,10,-15,-3,-19,-15,-14,-20,-1,-16,12,-39,7,7,18,17,9,20,-4,15,-18,-2,-25,-20,-17,-28,2,-19,23,4,30,25,18,30,-6,16,-25,-6,-25,-22,-21,-19,5,-9,14,2,13,7,8,10,2,8,-4,0,0,-2,-10,-9,-5,-9,3,-3,9,4,6,6,0,22,13,-6,-1,-5,7,5,10,15,1,13,-12,-2,-19,-16,-11,-20,6,-9,19,9,19,19,5,15,-10,2,-17,-12,-5,-12,0,-6,7,1,7,2,3,0,1,0,3,2,4]"
CSI_DATA,265187,d8:b1:90:d9:de:f0,-66,11,-99,-36,67,56,-430471326,100,0,228,0,"[-22,3,-26,-1,-30,-5,-32,-7,-34,-9,-35,-10,-35,-9,-70,-1,-32,-7,-30,-5,-27,-4,-25,-3,-21,-3,-18,-3,-16,-3,-14,-4,-13,-5,-10,-6,-9,-8,-8,-8,-8,-8,-21,-10,-6,-6,-5,-5,-3,-4,-1,-1,1,1,4,1,0,0,11,2,16,1,19,0,22,-2,24,-5,26,-7,43,1,25,-12,25,-12,22,-13,19,-12,16,-10,14,-9,12,-7,9,-4,8,-2,7,0,8,1,7,1,7,2,87,0,7,1,6,-1,5,-1,3,-1,1,-3,-2,-4,-3,-3,9,6,14,-3,10,-15,-3,-20,-16,-13,-21,2,-15,15,-36,11,11,17,19,6,20,-8,9,-22,-10,-22,-24,-10,-25,11,-10,28,16,26,30,6,24,-18,2,-29,-18,-19,-30,-7,-14,15,0,17,10,10,11,2,9,-5,4,-9,0,0,-9,-5,-10,3,-4,9,4,7,7,1,3,-5,24,-12,-3,4,5,6,10,-1,6,-13,-6,-15,-17,-4,-15,12,0,20,15,13,19,-4,9,-17,-8,-16,-17,-5,-6,10,-2,13,7,7,7,0,3,-2,1,-1,2,0,3,-2]"
CSI_DATA,265188,d8:b1:90:d9:de:f0,-65,11,-99,-37,67,56,-430451551,100,0,228,0,"[-4,22,-8,25,-12,28,-16,31,-17,31,-18,33,-17,32,-72,-1,-14,30,-11,28,-10,27,-8,24,-6,22,-5,19,-5,16,-6,14,-6,12,-8,11,-8,9,-8,9,-9,8,-21,-10,-7,6,-6,5,-4,3,-2,1,0,-2,1,-5,0,0,2,-11,0,-16,-2,-19,-4,-22,-7,-25,-10,-26,-110,15,-14,-25,-16,-23,-17,-20,-15,-17,-14,-15,-12,-11,-9,-10,-7,-9,-5,-8,-2,-7,-1,-6,0,-8,0,-7,-4,15,0,-7,-1,-5,-2,-4,-4,-2,-4,1,-3,2,-2,5,9,-8,1,-16,-12,-14,-20,-1,-17,14,-3,21,11,18,3,39,18,-7,9,-19,-5,-21,-20,-12,-24,6,-13,23,9,27,28,12,29,-13,10,-30,-17,-26,-28,-4,-20,17,-11,30,14,15,17,0,11,-9,1,-12,-6,-9,-10,-3,0,0,-5,8,3,10,9,4,7,-4,0,-7,-4,-2,-15,-22,5,3,6,-6,-3,-11,-14,-5,-14,10,0,20,17,14,21,-4,10,-19,-8,-19,-20,-6,-15,11,-1,17,11,2,13,-1,7,-8,-1,-7,-3,-3,-2,-1,-1,-1,-3,-1]"
CSI_DATA,265189,d8:b1:90:d9:de:f0,-65,11,-99,-35,66,56,-430441347,100,0,228,0,"[19,-15,25,-13,30,-11,34,-8,38,-7,39,-6,39,-5,-76,-1,34,-6,32,-6,28,-5,27,-5,23,-3,20,-3,18,-1,16,0,15,2,13,3,11,4,10,7,10,7,-22,-10,8,5,6,4,3,3,1,2,-2,1,-4,0,0,0,-11,1,-15,1,-19,3,-22,5,-25,7,-28,10,-43,15,-27,15,-25,15,-23,14,-21,13,-17,10,-15,8,-13,6,-10,4,-8,2,-8,1,-8,-2,-8,-2,-7,-2,-78,16,-7,-2,-6,-1,-5,0,-3,0,-1,2,2,3,3,4,-13,0,-13,11,-2,20,14,18,23,4,19,-11,7,-21,30,-26,-18,-10,-21,3,-16,17,0,25,18,19,28,2,21,-20,0,-31,-23,-21,-33,3,-19,26,5,31,22,15,34,1,10,-18,-4,-17,-11,-9,-13,0,-9,6,-3,10,0,0,9,3,9,-4,3,-8,-4,-7,-7,-1,-3,4,-25,15,2,-4,-6,-6,-11,3,-6,14,7,16,19,4,16,-13,1,-22,-16,-15,-21,3,-10,17,6,19,17,7,8,-9,3,-13,-6,-9,-7,-2,-3,1,-2,1,-3,0,-3,1]"
CSI_DATA,265190,d8:b1:90:d9:de:f0,-65,11,-99,-37,67,56,-430421652,100,0,228,0,"[19,13,19,18,19,23,18,28,19,30,19,32,18,32,-72,-1,18,28,17,25,16,22,16,20,13,18,12,17,10,15,8,13,6,12,5,13,2,11,1,12,0,10,-21,-10,-1,9,0,6,0,4,-1,1,-2,-2,-3,-4,0,0,-8,-10,-10,-11,-14,-13,-17,-13,-21,-14,-23,-14,-6,14,-26,-11,-25,-8,-25,-8,-22,-5,-20,-5,-17,-4,-13,-3,-11,-4,-9,-4,-6,-4,-6,-5,-5,-6,-5,-6,-53,15,-3,-5,-4,-3,-3,-2,-3,-1,-3,2,0,3,1,5,-4,-11,-13,-8,-18,4,-12,17,2,21,16,14,21,0,36,17,4,-20,-11,-18,-20,-7,-21,9,-9,24,11,23,27,9,26,-14,7,-29,-16,-26,-30,-4,-22,19,-1,27,15,26,20,-1,13,-12,2,-14,-7,-10,-11,-3,-9,4,0,0,3,9,8,4,7,-4,2,-8,-4,-4,-3,2,-23,-8,6,-2,0,-9,-10,-6,-14,5,-6,17,11,17,20,2,15,-15,-2,-21,-16,-12,-19,5,-8,16,7,16,12,-1,12,-6,2,-10,-4,-6,-5,-2,-2,0,-3,-1,-3,0]"
CSI_DATA,265191,d8:b1:90:d9:de:f0,-65,11,-99,-38,67,56,-430411624,100,0,228,0,"[12,-19,18,-19,24,-19,28,-19,31,-18,32,-18,33,-15,-74,-1,30,-14,28,-13,25,-12,23,-11,21,-9,18,-7,16,-5,14,-3,13,-1,12,1,12,2,11,4,10,4,-22,-10,8,4,5,3,3,3,0,1,-2,1,-5,0,0,0,-11,1,-15,3,-19,4,-22,5,-24,8,-25,10,-36,14,-26,12,-25,13,-24,12,-21,11,-18,9,-15,7,-13,5,-10,4,-9,2,-8,0,-8,-2,-7,-2,-7,-4,-82,15,-6,-3,-6,-1,-5,-1,-2,0,-1,2,0,3,2,4,-10,3,-8,13,3,19,16,12,22,-2,15,-15,1,-22,21,-32,-20,-6,-19,8,-10,20,5,22,21,13,26,-4,15,-24,-6,-29,-26,-15,-30,8,-13,26,9,27,25,11,31,-4,9,-19,-5,-15,-12,-7,-12,2,-7,8,-1,10,0,0,8,2,9,-5,2,-8,-5,-6,-6,1,-2,5,-23,12,2,-5,-6,-6,-11,2,-7,13,7,16,18,5,16,-11,2,-21,-13,-15,-22,1,-12,16,3,20,15,10,9,-7,6,-12,-5,-10,-8,-3,-4,1,-2,2,-2,0,-2,1]"
CSI_DATA,265192,d8:b1:90:d9:de:f0,-65,11,-99,-38,67,56,-430388135,100,0,228,0,"[-10,22,-13,23,-18,24,-22,25,-23,26,-25,28,-25,27,-74,-1,-20,26,-16,25,-14,24,-12,22,-11,21,-8,18,-9,15,-9,13,-8,11,-10,10,-9,8,-9,7,-10,7,-22,-10,-8,5,-6,4,-4,2,-3,0,-1,-2,-1,-5,0,0,-1,-12,-3,-15,-5,-19,-7,-21,-10,-23,-14,-23,-128,15,-19,-22,-20,-20,-19,-16,-18,-14,-15,-12,-12,-10,-10,-8,-9,-7,-6,-8,-4,-7,-4,-6,-3,-7,-2,-7,-27,15,-3,-6,-2,-5,-3,-4,-3,-1,-2,1,0,3,1,4,10,-6,4,-15,-8,-18,-21,-6,-21,9,-8,21,8,21,-3,38,20,-5,11,-18,-3,-22,-19,-13,-25,3,-15,22,6,27,26,14,29,-10,11,-28,-13,-27,-27,-7,-22,13,-13,29,13,15,16,2,11,-8,2,-12,-5,-10,-10,-3,0,0,-4,8,3,9,9,3,6,-4,0,-6,-3,-1,-16,-21,5,0,3,-8,-7,-9,-14,1,-10,14,5,20,20,8,19,-9,5,-21,-12,-15,-20,0,-12,13,3,18,10,-1,13,-4,5,-9,-3,-7,-5,-3,-3,-1,-3,-1,-4,1]"
CSI_DATA,265193,d8:b1:90:d9:de:f0,-65,11,-99,-35,66,56,-430375880,100,0,228,0,"[-13,-21,-11,-26,-9,-30,-8,-34,-7,-37,-6,-38,-6,-38,-76,-1,-8,-33,-8,-30,-8,-28,-8,-25,-8,-21,-7,-19,-5,-17,-4,-16,-3,-15,-2,-14,0,-14,1,-13,1,-11,-22,-10,1,-8,1,-5,1,-3,3,-1,3,2,4,5,0,0,9,8,13,10,16,11,19,11,22,11,26,10,37,1,29,6,28,5,27,4,25,2,21,2,18,2,16,1,13,2,10,3,8,4,8,4,7,4,7,4,94,0,6,3,4,1,4,1,2,1,1,-1,-1,-2,-3,-3,-1,11,9,13,19,4,19,-11,6,-22,-11,-20,-21,-7,-29,-28,-10,20,6,21,20,13,23,-4,15,-21,-6,-27,-25,-14,-29,8,-14,28,13,28,30,9,26,-15,5,-26,-11,-29,-20,-3,-14,10,-3,15,7,11,11,4,10,-4,0,0,-4,-9,-8,-4,-7,4,-1,7,4,3,3,-2,25,7,-4,3,2,9,11,4,13,-9,1,-18,-15,-14,-21,3,-10,18,8,20,20,7,17,-10,3,-19,-13,-14,-10,4,-10,10,1,11,7,5,6,1,4,-1,3,-1,2,-2]"
CSI_DATA,265194,d8:b1:90:d9:de:f0,-65,11,-99,-37,67,56,-430362205,100,0,228,0,"[-9,-21,-6,-25,-4,-29,-1,-31,1,-36,3,-36,4,-36,-72,-1,5,-32,4,-29,3,-27,4,-24,3,-23,3,-19,4,-17,5,-15,6,-12,7,-12,8,-10,7,-9,8,-8,-21,-10,6,-5,5,-3,2,-1,0,1,-1,3,-4,6,0,0,-5,11,-5,16,-5,19,-4,22,-4,24,-3,27,-53,15,-1,28,0,27,1,25,1,23,0,20,0,17,-1,15,-2,13,-3,10,-4,9,-4,7,-5,6,-5,6,-62,15,-4,5,-4,4,-2,3,0,3,2,2,3,0,5,-1,-3,11,6,13,16,7,19,-7,10,-19,-4,-21,-17,-13,-17,-33,-17,13,-4,20,11,19,22,7,22,-11,8,-24,-13,-25,-27,-8,-26,13,-9,29,15,24,27,6,21,-14,11,-28,-11,-16,-16,-4,-13,7,-5,12,4,11,9,6,0,0,6,-7,-1,-9,-6,-5,-7,2,-1,6,4,2,0,24,-5,-5,-9,3,-3,12,10,13,18,0,13,-15,-3,-20,-17,-12,-20,5,-8,18,8,19,19,7,16,-8,-1,-10,-8,-12,-11,-3,-8,4,-2,6,-1,4,0,3,1,3]"
CSI_DATA,265195,d8:b1:90:d9:de:f0,-65,11,-99,-37,67,56,-430351662,100,0,228,0,"[-13,-19,-11,-24,-9,-28,-8,-31,-6,-36,-5,-36,-5,-36,-72,-1,-5,-32,-5,-29,-6,-27,-4,-24,-4,-22,-3,-20,-2,-18,0,-17,1,-14,2,-14,3,-13,4,-12,5,-11,-21,-10,4,-8,4,-5,2,-3,2,-1,2,3,2,6,0,0,5,12,7,14,9,17,12,19,15,20,17,20,-113,0,20,19,19,17,19,16,18,15,16,13,12,11,10,10,9,10,7,9,4,8,4,9,2,8,2,8,9,0,2,7,2,6,1,5,3,2,1,0,0,-2,0,-4,0,12,11,13,19,3,18,-12,5,-22,-11,-19,-20,-8,-25,-26,-11,19,4,21,17,14,24,-2,17,-19,-2,-26,-21,-17,-28,4,-17,23,5,29,24,15,26,-8,12,-21,-2,-30,-17,-9,-16,5,-9,12,2,13,9,8,10,0,0,0,1,-10,-6,-7,-9,0,-5,6,1,5,3,0,18,18,-5,1,-2,9,8,9,15,-1,10,-15,-5,-19,-19,-8,-19,8,-6,20,11,17,19,3,14,-12,0,-17,-10,-2,-14,0,-8,8,0,8,3,5,3,2,3,1,4,0]"
CSI_DATA,265196,d8:b1:90:d9:de:f0,-65,11,-99,-38,67,56,-430340918,100,0,228,0,"[2,-23,6,-26,10,-28,13,-32,15,-32,15,-33,15,-32,-74,-1,12,-30,11,-28,9,-26,7,-24,6,-22,5,-19,6,-16,6,-15,6,-13,7,-12,8,-11,7,-10,7,-9,-22,-10,5,-6,4,-4,2,-2,2,1,0,3,0,7,0,0,2,12,3,16,6,20,7,21,10,23,13,24,-105,0,18,22,19,21,19,19,16,16,15,15,12,12,10,10,9,9,7,9,5,8,4,8,3,8,3,8,39,0,2,6,2,4,3,3,3,1,2,-2,0,-3,-1,-5,-8,8,0,15,12,13,22,1,18,-14,3,-22,-12,-19,-6,-38,-20,10,-8,20,8,21,22,9,24,-8,10,-24,-11,-26,-28,-9,-26,14,-7,29,16,23,27,3,20,-16,8,-31,-14,-14,-18,0,-11,9,-2,13,6,10,11,2,0,0,1,-9,-5,-8,-8,-1,-5,5,2,5,3,0,14,20,-6,1,-3,9,7,10,15,0,11,-14,-4,-20,-19,-10,-20,8,-6,21,11,18,20,2,14,-12,-1,-19,-9,-3,-14,2,-7,9,0,9,5,5,4,2,4,0,4,-1]"
CSI_DATA,265197,d8:b1:90:d9:de:f0,-65,11,-99,-37,67,56,-430319868,100,0,228,0,"[13,-18,17,-19,21,-21,26,-20,28,-20,29,-20,29,-19,-72,-1,26,-18,23,-17,21,-16,19,-15,15,-14,14,-12,13,-11,13,-9,12,-7,12,-6,12,-5,11,-4,11,-3,-21,-10,7,-2,5,0,2,0,0,0,-3,3,-5,5,0,0,-8,10,-9,14,-9,18,-9,20,-9,23,-8,24,-107,15,-5,27,-4,26,-2,24,-2,22,-1,19,-2,17,-3,14,-2,13,-3,11,-3,9,-4,8,-5,7,-5,8,-50,15,-3,6,-2,5,-1,4,2,2,2,0,3,-2,4,-4,-10,3,-8,13,4,17,16,11,21,-3,14,-17,0,-21,13,-34,-20,-3,-18,12,-5,22,11,19,24,7,22,-14,6,-26,-17,-22,-28,-3,-21,19,-1,28,18,18,25,-1,23,-18,-1,-18,-12,-11,-14,0,-9,9,-1,12,7,9,0,0,8,-6,1,-9,-6,-6,-7,2,-2,6,4,2,-5,22,-6,-6,-10,4,-4,13,10,13,18,0,12,-15,-4,-21,-18,-10,-20,7,-7,19,10,18,19,4,15,-10,-2,-10,-9,-11,-12,-1,-8,6,-2,6,1,5,1,3,3,2]"
CSI_DATA,265198,d8:b1:90:d9:de:f0,-66,11,-99,-36,67,56,-430301294,100,0,228,0,"[-13,19,-18,19,-23,19,-28,18,-30,17,-31,17,-31,15,-70,-1,-28,14,-26,13,-24,12,-21,10,-19,10,-18,8,-17,6,-15,5,-14,3,-14,1,-12,0,-12,-1,-11,-1,-21,-10,-6,-1,-4,-1,-1,0,1,0,4,-1,7,-1,0,0,12,-5,16,-6,18,-9,19,-11,20,-13,22,-15,6,1,21,-18,19,-17,18,-15,17,-15,15,-12,13,-10,13,-8,11,-6,11,-4,10,-3,10,-2,9,-2,9,0,93,0,7,0,5,-1,3,-2,0,-1,-1,-1,-3,-2,-5,-2,11,-3,8,-12,-2,-18,-15,-13,-21,1,-16,14,-2,21,-20,32,20,7,20,-9,10,-20,-7,-22,-21,-12,-24,7,-14,23,8,26,26,12,26,-10,11,-26,-11,-24,-23,-9,-28,9,-7,18,6,15,13,7,12,-2,7,-9,0,-11,0,0,-11,1,-5,7,2,8,7,2,4,-3,-2,-4,17,-14,1,7,11,4,12,-8,2,-16,-12,-14,-20,1,-12,17,5,20,18,9,19,-7,7,-18,-9,-17,-17,-5,-7,7,-4,14,6,11,9,5,6,-2,4,-4,3,-3,2,-4]"
CSI_DATA,265199,d8:b1:90:d9:de:f0,-66,11,-99,-35,67,56,-430281409,100,0,228,0,"[2,22,0,26,-3,29,-6,30,-8,33,-9,33,-10,33,-68,0,-8,29,-8,26,-8,24,-5,22,-5,19,-5,17,-6,16,-6,14,-6,11,-7,11,-8,9,-7,8,-7,7,-20,-9,-5,4,-2,2,-1,0,0,0,0,-3,0,-6,0,0,1,-12,1,-14,1,-18,0,-21,0,-22,-2,-24,-21,14,-4,-25,-5,-24,-5,-22,-4,-20,-3,-19,-2,-16,0,-14,0,-12,0,-10,1,-9,1,-8,2,-8,2,-7,27,0,1,-5,0,-4,0,-3,-1,0,-2,0,-1,2,-2,4,4,-9,-3,-13,-13,-10,-19,0,-14,15,0,21,13,15,10,34,17,-10,6,-20,-7,-20,-20,-8,-21,7,-9,22,9,24,25,9,25,-11,8,-26,-12,-23,-24,-5,-19,12,-11,27,8,14,15,3,12,-4,4,-11,-2,-10,-8,-4,0,0,-4,8,2,9,6,2,4,-3,0,-4,-2,0,-2,-20,7,1,6,-6,-1,-12,-13,-8,-16,6,-5,18,10,17,20,3,16,-12,0,-19,-13,-14,-17,0,-11,11,3,7,9,8,11,0,7,-5,1,-6,0,-5,-2,-3,-3,-2]"
CSI_DATA,265200,d8:b1:90:d9:de:f0,-66,11,-99,-35,67,56,-430261358,100,0,228,0,"[-22,5,-26,2,-30,0,-33,0,-34,-2,-34,-3,-34,-3,-68,0,-30,-1,-28,-2,-25,-2,-23,0,-20,-1,-19,-1,-16,-1,-15,-2,-13,-2,-13,-4,-11,-4,-10,-3,-8,-3,-20,-9,-5,-1,-3,0,0,0,1,0,4,0,7,0,0,0,13,-1,15,-2,18,-4,21,-7,21,-8,23,-10,16,0,22,-13,20,-13,20,-12,17,-12,15,-9,14,-8,12,-6,11,-4,11,-2,9,-2,9,-1,9,-1,9,0,98,0,5,-1,3,-2,1,-1,0,0,-2,0,-4,0,-5,0,9,3,13,-4,8,-14,-4,-18,-16,-12,-21,2,-13,15,-33,18,13,15,22,3,17,-12,4,-22,-13,-20,-24,-4,-21,15,-2,27,17,20,27,0,18,-19,0,-26,-18,-15,-29,-1,-12,13,0,16,9,9,12,0,9,-6,1,-10,0,0,-9,-1,-6,6,1,7,5,2,4,-4,-2,-3,16,-10,0,9,9,5,12,-6,2,-16,-11,-14,-19,0,-11,15,3,20,18,8,18,-6,6,-17,-7,-16,-17,-4,-6,5,-3,12,6,10,8,3,6,0,4,-3,2,-4,0,-4]"
CSI_DATA,265201,d8:b1:90:d9:de:f0,-66,11,-99,-35,67,56,-430241438,100,0,228,0,"[22,-3,27,-1,30,0,33,2,34,4,34,5,33,6,-68,0,30,4,28,3,25,1,23,1,21,1,18,0,16,0,15,1,14,2,12,3,12,3,10,4,9,3,-20,-9,5,2,3,0,0,0,-1,0,-4,0,-7,0,0,0,-13,2,-15,5,-16,7,-18,10,-19,11,-20,14,29,14,-19,17,-17,16,-15,16,-14,14,-13,12,-11,10,-11,9,-9,7,-8,6,-9,4,-9,4,-8,3,-7,3,-87,14,-5,3,-3,2,-1,3,0,0,2,0,4,0,5,-1,-9,-4,-13,2,-9,13,1,19,15,12,21,0,15,-14,34,-15,-12,-17,-21,-4,-18,11,-4,22,12,20,25,4,20,-16,1,-27,-19,-20,-27,0,-17,20,1,25,18,13,28,0,11,-13,0,-15,-10,-8,-12,0,-8,8,0,11,0,0,9,0,5,-6,-1,-7,-6,0,-2,4,2,3,-14,13,-1,-8,-10,-2,-11,9,0,16,15,10,19,-4,8,-18,-8,-18,-19,-5,-15,11,-1,18,11,13,17,0,4,-6,0,-13,-7,-9,-9,0,-5,2,-3,5,0,4,1,4]"
CSI_DATA,265202,d8:b1:90:d9:de:f0,-66,11,-99,-35,67,56,-430221545,100,0,228,0,"[12,20,11,25,9,29,8,31,8,34,8,34,7,33,-68,0,9,30,9,27,8,24,7,21,6,19,5,18,4,17,3,16,3,14,1,13,0,13,0,12,0,10,-20,-9,0,7,0,4,0,1,-1,0,-2,-2,-4,-5,0,0,-11,-7,-13,-8,-16,-8,-20,-7,-22,-7,-24,-4,-30,13,-24,-2,-23,-1,-23,0,-20,0,-18,-1,-16,-1,-14,-2,-12,-3,-11,-3,-10,-3,-10,-4,-9,-4,-8,-3,-102,14,-6,-1,-3,0,-2,0,0,0,1,0,3,1,5,1,0,-10,-9,-11,-17,-1,-16,11,-4,21,10,18,20,7,28,23,8,-19,-6,-20,-20,-10,-22,6,-11,21,7,24,24,10,25,-10,8,-25,-13,-23,-26,-5,-21,14,-2,22,12,25,17,2,13,-9,2,-13,-5,-11,-11,-4,-9,4,0,0,4,9,9,0,5,-6,-1,-6,-5,0,0,4,-18,-1,5,-6,-4,-10,-14,-2,-10,11,1,18,16,9,18,-6,6,-19,-8,-18,-19,-3,-13,10,-1,16,10,12,8,-2,10,-7,0,-10,-4,-8,-6,-3,-7,0,-5,3,-2,5]"
CSI_DATA,265203,d8:b1:90:d9:de:f0,-66,11,-99,-35,67,56,-430211514,100,0,228,0,"[18,-14,23,-14,27,-12,30,-11,33,-10,33,-10,33,-9,-68,0,29,-9,26,-7,23,-7,22,-5,19,-5,18,-3,16,-3,15,-1,14,0,13,0,13,0,12,1,10,0,-20,-9,6,0,3,0,0,0,-1,0,-4,0,-8,1,0,0,-13,4,-14,8,-15,10,-17,12,-17,14,-18,16,18,14,-16,18,-15,17,-15,16,-14,14,-11,12,-11,9,-11,7,-10,6,-9,4,-9,3,-10,2,-8,2,-8,3,-100,14,-5,2,-3,2,-1,2,0,0,2,0,4,0,5,0,-10,0,-10,9,-1,17,10,15,20,4,18,-10,8,-19,24,-28,-18,-9,-21,4,-12,18,3,23,20,14,24,-3,13,-21,-6,-26,-23,-12,-26,7,-10,24,8,23,21,9,27,-6,6,-15,-4,-15,-11,-6,-11,2,-6,9,1,10,0,0,8,-1,4,-8,-2,-6,-7,0,-2,4,4,3,-11,13,-2,-7,-11,-2,-11,9,0,17,14,10,18,-4,7,-18,-7,-18,-18,-5,-16,9,-3,18,10,14,16,1,5,-5,1,-12,-6,-9,-8,-3,-6,1,-4,3,-2,4,0,4]"
CSI_DATA,265204,d8:b1:90:d9:de:f0,-66,11,-99,-38,68,56,-430201263,100,0,228,0,"[-11,-18,-11,-23,-9,-27,-9,-30,-9,-32,-8,-32,-8,-31,-66,0,-10,-27,-9,-24,-9,-22,-8,-20,-8,-18,-7,-16,-6,-15,-4,-14,-3,-15,-2,-14,-2,-13,-1,-12,-1,-10,-19,-9,-1,-6,-1,-3,0,0,0,0,1,3,4,5,0,0,11,7,14,8,16,7,20,6,21,4,23,2,33,0,23,0,21,0,21,0,18,-1,16,0,14,0,14,0,12,1,11,2,9,3,10,3,9,2,8,2,107,0,6,0,4,0,2,-1,0,0,0,-1,-4,-1,-5,-1,0,10,9,11,16,2,16,-10,5,-19,-9,-17,-19,-6,-28,-21,-8,17,6,19,18,10,21,-6,10,-21,-9,-22,-24,-8,-23,13,-6,26,14,20,24,3,17,-16,0,-21,-14,-21,-16,0,-11,9,0,13,6,10,10,2,9,-5,0,0,-6,-9,-9,0,-3,7,3,6,6,0,0,-6,17,0,-5,7,4,11,15,1,11,-12,-3,-18,-17,-8,-18,8,-4,18,11,16,18,0,13,-12,0,-16,-12,-9,-6,3,-7,9,0,9,4,7,6,2,5,0,4,-3,1,-5]"
CSI_DATA,265205,d8:b1:90:d9:de:f0,-67,11,-99,-36,68,56,-430181573,100,0,228,0,"[-22,0,-24,-2,-27,-7,-29,-10,-29,-12,-29,-14,-28,-14,-62,0,-24,-12,-23,-11,-20,-9,-18,-8,-16,-9,-14,-9,-12,-10,-11,-9,-10,-8,-8,-10,-7,-10,-6,-8,-5,-8,-18,-8,-3,-5,-2,-2,-1,0,0,2,2,4,5,6,0,0,10,8,13,8,16,9,17,8,20,8,21,6,7,0,21,6,21,6,18,6,16,6,16,7,13,6,10,7,8,8,8,8,5,7,7,8,5,7,5,7,51,0,4,4,3,1,2,0,1,0,0,-3,0,-5,-1,-6,8,5,12,0,11,-11,1,-17,-10,-16,-18,-4,-16,8,-36,3,6,18,16,10,20,-4,13,-17,-2,-22,-19,-14,-24,4,-13,20,5,24,21,13,23,-6,10,-19,-5,-19,-19,-15,-16,3,-8,11,0,12,8,8,11,0,8,-7,0,0,-7,-6,-9,1,-4,8,3,6,6,0,0,-7,15,3,-8,5,1,11,12,6,14,-7,5,-17,-10,-15,-18,0,-12,13,0,18,13,11,15,-1,8,-12,-2,-14,-6,-1,-11,0,-7,5,-2,8,1,7,4,4,6,1,6,0]"
CSI_DATA,265206,d8:b1:90:d9:de:f0,-66,11,-99,-35,67,56,-430161082,100,0,228,0,"[-13,-20,-11,-25,-8,-29,-6,-33,-4,-34,-2,-34,-1,-34,-68,0,-2,-30,-1,-27,0,-24,0,-22,0,-20,1,-18,2,-17,4,-15,4,-14,6,-13,6,-12,6,-11,5,-9,-20,-9,4,-7,1,-4,0,-1,0,1,0,4,-1,7,0,0,0,14,0,16,0,18,2,21,3,22,5,23,43,0,5,22,5,21,4,19,3,18,1,16,0,14,-1,12,-1,11,-3,10,-5,9,-4,8,-4,9,-4,8,-57,14,-2,5,0,4,0,2,2,1,3,0,4,-2,4,-4,0,11,9,11,17,2,17,-10,6,-20,-7,-19,-18,-10,-22,-28,-13,15,0,21,15,17,24,0,18,-16,2,-25,-17,-19,-27,0,-19,18,0,27,18,17,25,0,15,-15,5,-27,-10,-11,-14,-1,-11,6,-4,11,3,10,9,3,0,0,4,-9,-4,-9,-9,0,-4,5,2,5,5,0,5,16,-8,-3,-9,7,0,15,15,9,17,-5,7,-18,-8,-17,-19,-5,-16,10,-2,18,10,13,15,1,12,-7,-1,-3,-4,-10,-9,-4,-8,0,-6,4,-3,6,0,7,3,4]"
CSI_DATA,265207,d8:b1:90:d9:de:f0,-66,11,-99,-35,67,56,-430141654,100,0,228,0,"[3,-23,6,-26,10,-29,13,-30,16,-31,15,-31,16,-30,-68,0,13,-26,11,-23,10,-22,9,-20,8,-18,8,-15,8,-14,8,-12,9,-11,10,-10,9,-9,8,-9,7,-7,-20,-9,3,-4,1,-4,0,-1,-1,0,-3,3,-4,6,0,0,-4,14,-3,16,-2,18,0,21,0,22,1,23,23,0,3,22,4,21,4,19,2,17,1,16,0,13,0,11,-1,12,-2,10,-2,9,-2,9,-3,8,-2,8,-28,14,0,6,0,4,1,2,3,0,3,-1,4,-3,3,-5,-6,7,0,13,10,12,18,3,16,-10,5,-18,-8,-19,-3,-37,-20,5,-11,18,3,22,20,13,23,-4,13,-22,-7,-25,-24,-12,-25,9,-9,25,10,23,22,6,19,-10,12,-24,-5,-14,-12,-5,-11,2,-6,9,1,11,9,5,0,0,5,-8,-5,-8,-9,-1,-4,5,3,6,7,0,4,15,-9,-5,-12,6,0,15,14,10,19,-4,8,-18,-8,-18,-18,-4,-15,11,-1,18,11,12,15,1,10,-8,0,-4,-6,-8,-9,-2,-7,1,-4,5,-1,6,1,6,4,3]"
CSI_DATA,265208,d8:b1:90:d9:de:f0,-66,11,-99,-35,67,56,-430131629,100,0,228,0,"[-21,-11,-23,-16,-25,-19,-26,-21,-26,-23,-26,-23,-26,-22,-68,0,-24,-17,-22,-15,-20,-13,-19,-11,-17,-10,-15,-10,-14,-9,-12,-9,-12,-10,-10,-9,-10,-9,-9,-9,-9,-8,-20,-9,-6,-4,-4,-1,-1,0,1,0,4,1,7,0,0,0,13,0,16,-3,17,-6,19,-10,19,-12,18,-16,-15,0,15,-17,14,-16,13,-15,11,-13,10,-10,10,-8,10,-7,9,-5,9,-4,9,-4,10,-3,8,-4,8,-4,100,0,4,-4,2,-4,0,-2,-1,0,-3,0,-4,1,-4,3,6,9,14,3,15,-7,7,-18,-7,-19,-18,-8,-21,4,-36,-1,3,22,18,12,23,-2,13,-19,-3,-24,-22,-13,-26,7,-11,26,11,25,26,7,22,-14,3,-23,-12,-17,-27,-8,-13,9,-3,13,6,10,12,3,11,-4,3,-11,0,0,-11,0,-7,7,1,9,8,3,3,-5,-3,-5,11,-13,1,9,12,3,12,-8,0,-16,-15,-9,-18,6,-5,19,11,16,18,1,13,-11,0,-16,-12,-9,-14,1,0,4,0,10,5,6,7,1,6,0,4,-4,1,-6,-2,-5]"
CSI_DATA,265209,d8:b1:90:d9:de:f0,-66,11,-99,-35,67,56,-430121599,100,0,228,0,"[-14,19,-19,21,-24,22,-27,22,-29,22,-30,21,-28,20,-68,0,-24,18,-22,16,-19,17,-18,13,-15,13,-14,11,-15,9,-13,7,-14,5,-14,5,-13,4,-13,4,-11,4,-20,-9,-6,3,-3,1,0,1,1,0,3,-2,6,-4,0,0,8,-11,8,-14,7,-18,6,-20,5,-23,3,-24,25,0,2,-24,1,-22,0,-19,0,-18,1,-16,3,-12,4,-12,4,-10,5,-9,5,-8,5,-8,5,-7,5,-7,44,0,2,-6,0,-4,0,-2,-2,0,-4,1,-5,3,-4,4,9,-4,6,-13,-4,-16,-16,-10,-19,2,-13,17,0,22,-13,37,22,2,19,-12,5,-22,-12,-19,-25,-4,-21,15,-2,27,18,21,29,0,19,-19,-1,-27,-18,-14,-22,2,-21,19,0,16,10,10,13,0,10,-7,2,-12,-6,-9,0,0,-8,8,0,10,8,4,6,-4,0,-8,-7,0,0,-16,7,7,12,-3,4,-14,-10,-14,-19,0,-11,16,4,20,17,8,18,-7,5,-16,-8,-15,-15,-3,-12,6,0,3,4,10,8,4,7,0,5,-4,2,-6,0,-5,-3,-4]"
CSI_DATA,265210,d8:b1:90:d9:de:f0,-66,11,-99,-39,68,56,-430111251,100,0,228,0,"[-12,20,-18,21,-23,21,-27,21,-28,19,-30,18,-29,17,-68,0,-26,14,-24,13,-21,11,-19,9,-18,7,-16,6,-15,4,-15,2,-14,1,-14,0,-13,0,-12,0,-11,0,-20,-9,-6,0,-4,0,0,1,1,1,4,0,8,0,0,0,13,-2,16,-4,18,-6,20,-8,20,-11,20,-12,-2,0,19,-13,18,-11,16,-9,15,-8,13,-6,13,-3,12,-1,10,0,10,0,9,1,10,2,9,1,9,2,107,0,6,0,5,0,2,-1,0,-2,-1,-3,-3,-4,-5,-4,9,-3,5,-11,-2,-15,-14,-10,-19,0,-14,13,-2,20,-18,34,20,6,21,-8,9,-20,-7,-22,-22,-11,-25,8,-10,25,9,26,26,10,24,-11,7,-24,-10,-21,-20,-8,-27,7,-6,14,3,14,10,7,12,0,8,-8,0,-11,0,0,-11,0,-5,9,3,10,8,1,5,-6,-3,-6,11,-11,-1,10,10,8,15,-3,6,-16,-9,-16,-19,-2,-14,13,0,18,14,11,16,-1,9,-13,-1,-15,-11,-7,-3,0,-7,6,0,8,2,7,3,4,6,1,6,0,4,-4]"
CSI_DATA,265211,d8:b1:90:d9:de:f0,-66,11,-99,-35,67,56,-430091470,100,0,228,0,"[-16,17,-21,19,-26,18,-29,18,-32,16,-32,15,-32,14,-68,0,-28,12,-25,10,-22,10,-20,8,-18,5,-17,5,-16,3,-16,2,-16,0,-15,0,-14,0,-13,0,-12,0,-20,-9,-8,0,-4,0,0,1,0,0,3,0,7,-1,0,0,12,-5,15,-7,16,-11,17,-12,17,-15,17,-16,-29,0,15,-18,13,-16,13,-13,11,-11,10,-9,10,-6,10,-5,10,-2,10,-1,10,0,10,0,10,0,9,0,109,0,6,-1,4,-1,1,-2,0,-1,-2,-1,-5,-1,-6,0,10,-4,6,-12,-2,-17,-14,-12,-21,0,-16,13,-4,21,-19,32,20,7,21,-7,10,-20,-6,-23,-23,-11,-25,7,-11,25,10,25,26,9,24,-11,8,-25,-11,-21,-20,-5,-28,8,-6,14,3,13,10,7,12,0,8,-9,0,-12,0,0,-11,1,-5,9,3,9,8,0,4,-6,-3,-5,9,-15,0,9,10,4,12,-8,0,-17,-14,-11,-19,3,-8,17,6,17,17,6,15,-7,3,-15,-6,-13,-12,-3,-2,2,-3,8,0,8,4,6,5,2,7,0,5,-3,2,-6]"
CSI_DATA,265212,d8:b1:90:d9:de:f0,-67,11,-99,-37,68,56,-430081465,100,0,228,0,"[22,-6,26,-3,29,0,32,1,33,4,33,6,32,7,-64,0,28,6,24,6,22,6,20,7,17,7,15,7,12,8,11,9,10,9,9,11,7,10,7,11,6,9,-19,-9,5,5,3,2,1,0,0,-2,-1,-4,-3,-7,0,0,-9,-10,-11,-11,-15,-11,-16,-11,-18,-11,-21,-10,-8,12,-21,-9,-18,-9,-17,-9,-13,-9,-11,-9,-9,-8,-6,-9,-3,-9,-1,-10,-1,-10,-2,-10,-2,-10,-2,-9,-24,13,-2,-6,-2,-3,-3,0,-2,0,-3,2,-3,5,-2,6,-9,-1,-11,5,-7,13,3,17,15,12,18,0,16,-11,35,-11,-9,-18,-19,-9,-21,7,-11,21,7,22,22,11,24,-8,11,-24,-9,-24,-23,-11,-22,9,-9,21,6,19,21,15,14,-3,8,-11,0,-11,-7,-9,-11,-1,-9,7,0,0,6,9,11,0,5,-8,-3,-9,-9,0,-3,6,-15,-2,10,-2,3,-12,-10,-11,-17,2,-9,16,6,18,17,7,17,-8,4,-16,-9,-14,-14,-2,-11,7,-2,11,2,1,7,4,6,0,6,-3,3,-5,0,-6,-3,-6,-5,-2]"
CSI_DATA,265213,d8:b1:90:d9:de:f0,-65,11,-99,-36,67,56,-430071400,100,0,228,0,"[-25,-2,-29,-6,-32,-9,-33,-13,-33,-14,-34,-15,-32,-15,-70,-1,-28,-13,-26,-11,-23,-10,-20,-10,-18,-9,-16,-9,-15,-10,-14,-10,-12,-10,-11,-12,-11,-12,-9,-10,-8,-9,-21,-10,-6,-5,-5,-3,-2,-1,1,2,3,4,6,4,0,0,14,5,17,4,20,3,22,1,24,0,25,-1,31,1,23,-4,22,-4,20,-3,17,-2,15,0,13,1,12,3,10,4,11,6,9,6,10,5,10,5,9,4,99,0,7,2,6,-1,3,-2,1,-3,-1,-5,-4,-6,-5,-6,9,5,14,-1,12,-12,0,-19,-12,-17,-21,-5,-19,10,-40,5,8,21,20,11,23,-6,13,-21,-6,-26,-24,-13,-27,10,-13,26,11,27,26,10,24,-12,7,-24,-10,-20,-25,-13,-16,7,-6,14,3,13,10,8,12,-1,8,-10,0,0,-10,-7,-12,4,-3,11,6,7,9,-3,1,-8,17,-6,-6,9,5,13,15,2,12,-13,-3,-20,-17,-10,-19,7,-6,19,10,17,18,3,13,-9,1,-15,-8,-10,-4,2,-9,4,-4,6,0,7,3,7,6,4,7,0,6,-4]"
CSI_DATA,265214,d8:b1:90:d9:de:f0,-66,11,-99,-34,67,56,-430060566,100,0,228,0,"[3,-23,6,-27,9,-30,12,-32,14,-33,14,-32,13,-32,-66,0,10,-28,8,-25,8,-23,7,-20,6,-18,6,-16,6,-15,7,-15,8,-13,8,-12,8,-11,7,-11,6,-11,-19,-9,2,-7,0,-5,0,-1,-1,0,-2,3,-1,8,0,0,0,15,2,16,4,18,6,20,10,20,11,20,-108,0,13,17,12,16,12,14,10,13,8,12,4,11,3,11,1,11,1,11,0,10,0,9,0,9,1,8,20,0,2,5,2,3,2,0,3,-1,3,-3,0,-6,0,-7,-6,8,1,14,12,11,18,0,16,-12,2,-19,-10,-17,-7,-35,-19,8,-9,18,7,21,21,10,22,-9,9,-24,-11,-23,-26,-7,-22,15,-3,25,16,19,23,0,15,-14,6,-28,-10,-12,-13,-2,-10,5,-3,12,5,11,11,3,0,0,2,-13,-7,-7,-10,0,-2,8,5,5,6,-3,13,10,-10,-1,-7,10,5,14,16,3,13,-12,-1,-19,-16,-12,-17,4,-7,16,7,16,15,4,12,-5,3,-11,-1,0,-8,-3,-8,0,-6,3,-1,6,0,7,4,5,6,0]"
CSI_DATA,265215,d8:b1:90:d9:de:f0,-66,11,-99,-38,68,56,-430041691,100,0,228,0,"[7,-22,12,-24,16,-26,19,-26,21,-27,22,-26,23,-25,-66,0,19,-22,17,-20,16,-17,16,-15,14,-13,13,-11,13,-9,14,-8,14,-6,13,-5,14,-4,13,-3,11,-4,-19,-9,6,-2,4,-2,0,-1,-1,0,-5,0,-7,2,0,0,-9,8,-11,12,-11,14,-12,17,-11,18,-10,21,97,14,-8,20,-7,18,-6,16,-6,15,-6,11,-7,9,-9,7,-8,4,-8,4,-9,3,-9,2,-9,3,-9,3,-96,14,-5,3,-2,3,0,3,2,2,4,0,5,0,7,0,-7,7,-1,14,8,13,17,5,17,-7,9,-17,-3,-20,5,-36,-20,0,-16,15,-1,22,15,18,25,1,19,-16,1,-26,-18,-19,-27,0,-17,19,1,25,17,15,21,0,21,-16,0,-16,-8,-11,-13,-2,-10,6,-3,11,5,10,0,0,10,-6,2,-10,-7,-6,-10,2,-1,8,6,4,-2,16,-3,-10,-12,-1,-10,11,4,16,16,6,16,-8,3,-17,-11,-15,-17,0,-11,12,0,15,9,9,12,0,0,-1,1,-8,-2,-6,-5,-4,-5,0,-6,1,-4,3,0,5]"
CSI_DATA,265216,d8:b1:90:d9:de:f0,-66,11,-99,-35,67,56,-430031638,100,0,228,0,"[0,-25,2,-29,5,-33,8,-34,9,-35,9,-34,9,-34,-68,0,6,-30,4,-28,3,-25,3,-22,3,-20,4,-18,5,-17,5,-16,5,-14,6,-14,6,-14,6,-12,5,-12,-20,-9,2,-8,0,-5,0,-1,0,1,0,4,0,8,0,0,3,13,7,15,10,16,12,17,15,17,17,16,-71,0,18,13,17,11,16,10,13,9,11,9,8,9,5,8,4,9,3,9,2,10,3,9,2,8,3,9,48,0,4,5,3,2,2,0,2,-1,0,-4,0,-5,-2,-6,-3,10,4,14,13,9,20,-1,13,-15,0,-20,-13,-16,-13,-36,-18,12,-5,22,11,20,24,6,23,-13,5,-27,-16,-22,-28,-1,-20,20,1,28,21,17,24,-2,13,-16,2,-30,-12,-10,-15,0,-10,8,0,12,7,10,13,0,0,0,0,-11,-9,-6,-10,3,-1,9,6,4,5,-4,15,7,-9,0,-3,11,8,11,17,0,9,-15,-6,-18,-19,-5,-15,9,-1,18,11,12,15,0,9,-9,0,-11,-1,0,-8,0,-7,2,-4,4,0,7,2,6,5,3,6,0]"
CSI_DATA,265217,d8:b1:90:d9:de:f0,-66,11,-99,-36,67,56,-430011502,100,0,228,0,"[17,-19,22,-19,26,-20,28,-21,31,-22,30,-21,29,-22,-70,-1,23,-20,21,-18,19,-17,17,-16,14,-14,14,-12,15,-11,14,-9,14,-8,14,-7,14,-7,13,-8,11,-7,-21,-10,6,-5,3,-5,1,-2,-1,0,-3,3,-4,6,0,0,-4,13,-3,17,-1,20,1,22,4,22,6,23,59,0,9,22,10,20,9,16,7,15,4,13,2,12,1,11,0,11,-1,11,-2,10,-1,10,-1,10,-1,10,-5,15,2,6,2,5,3,2,4,-2,3,-4,2,-7,1,-8,-11,5,-7,14,5,18,16,11,21,-3,13,-16,-1,-22,13,-36,-21,-2,-19,13,-4,23,15,20,26,3,20,-18,-1,-28,-22,-19,-28,4,-16,23,7,25,22,11,21,-7,18,-24,-4,-16,-13,-7,-14,1,-8,9,0,12,9,8,0,0,7,-11,-4,-11,-11,-2,-7,7,4,8,8,0,10,14,-9,-5,-10,8,2,15,16,7,16,-9,3,-19,-13,-14,-19,2,-10,14,4,16,14,7,14,-4,6,-11,-2,0,-7,-5,-8,-1,-6,3,-4,6,0,7,4,6,7,3]"
CSI_DATA,265218,d8:b1:90:d9:de:f0,-65,11,-99,-36,67,56,-429991648,100,0,228,0,"[17,19,17,24,15,30,14,34,12,36,12,37,9,35,-70,-1,8,31,7,28,7,25,5,22,4,21,1,19,0,18,-1,17,-3,16,-4,16,-5,15,-6,14,-5,13,-21,-10,-2,9,-1,7,1,3,2,-1,2,-5,2,-8,0,0,0,-15,-2,-18,-4,-20,-6,-23,-8,-24,-9,-23,-125,15,-10,-22,-9,-19,-8,-17,-6,-16,-4,-15,-1,-12,1,-11,3,-11,4,-10,6,-9,5,-10,5,-10,4,-9,44,0,1,-7,0,-5,-2,-4,-5,-2,-6,1,-6,3,-6,5,-3,-12,-13,-9,-18,1,-15,14,-4,20,11,19,19,8,31,27,11,-19,-4,-23,-19,-15,-26,2,-17,20,2,28,21,17,30,-5,16,-25,-6,-28,-23,-14,-24,6,-12,19,1,30,13,10,15,0,11,-8,3,-13,-6,-11,-12,-3,0,0,-3,13,8,10,11,-1,5,-10,-5,-9,-8,2,-11,-14,10,5,11,-9,0,-16,-16,-10,-18,7,-7,19,11,18,20,4,15,-12,1,-18,-11,-11,-13,0,-9,8,2,1,4,8,5,5,6,2,7,-2,6,-5,1,-8,-4,-7]"
CSI_DATA,265219,d8:b1:90:d9:de:f0,-66,11,-99,-35,67,56,-429977147,100,0,228,0,"[10,-21,16,-23,20,-24,24,-24,27,-24,28,-23,26,-22,-68,0,23,-18,21,-16,19,-14,18,-12,16,-10,15,-8,14,-6,15,-4,14,-2,15,-2,15,0,13,0,12,-1,-20,-9,8,-1,4,-1,1,-1,0,-1,-5,0,-7,0,0,0,-12,5,-14,8,-15,11,-17,14,-16,15,-16,17,65,14,-13,17,-12,16,-11,13,-10,11,-9,8,-9,5,-10,3,-9,1,-9,0,-9,0,-10,0,-9,0,-9,0,-112,14,-5,1,-3,2,-1,3,1,3,3,3,5,3,7,3,-7,7,-2,13,7,14,16,7,18,-4,12,-15,0,-20,11,-35,-21,-3,-19,11,-6,22,11,21,25,7,23,-12,7,-27,-15,-23,-28,-4,-21,15,-3,26,14,18,21,2,25,-11,3,-16,-5,-12,-11,-4,-11,2,-7,9,1,12,0,0,11,-2,5,-10,-4,-9,-9,0,-4,7,5,6,-6,14,0,-10,-11,-6,-13,7,-1,17,13,13,18,-1,10,-16,-4,-17,-15,-7,-14,5,-4,14,5,12,10,4,0,0,4,-5,0,-6,-1,-5,-3,-4,-6,-1,-6,1,-3,4]"
CSI_DATA,265220,d8:b1:90:d9:de:f0,-66,11,-99,-34,67,56,-429966415,100,0,228,0,"[-23,4,-27,2,-32,0,-33,-1,-34,-1,-35,-2,-33,-2,-66,0,-30,-1,-27,0,-23,0,-21,0,-18,0,-16,-1,-15,-2,-15,-3,-13,-3,-13,-5,-12,-6,-11,-5,-11,-3,-19,-9,-7,0,-4,0,-1,1,0,2,4,3,7,2,0,0,15,0,16,0,19,-3,20,-6,21,-8,21,-10,6,0,18,-13,16,-11,15,-10,14,-8,12,-5,11,-3,11,-1,9,0,10,0,9,1,10,0,10,0,10,0,102,0,7,-1,4,-3,1,-3,0,-3,-2,-4,-5,-4,-6,-3,9,3,12,-4,7,-14,-4,-16,-15,-11,-19,0,-14,13,-33,16,12,16,21,3,18,-13,5,-23,-14,-21,-25,-4,-20,16,-2,27,18,20,27,0,17,-19,-1,-23,-16,-14,-28,0,-10,12,0,14,7,9,12,2,9,-5,3,-11,0,0,-12,-1,-7,8,2,11,10,3,7,-6,-3,-8,10,-12,-3,11,9,11,15,-2,6,-16,-9,-16,-18,-2,-14,13,0,18,14,10,16,-4,7,-13,-4,-13,-11,-5,-1,1,-4,5,0,5,1,5,2,4,6,1,6,-1,4,-5]"
CSI_DATA,265221,d8:b1:90:d9:de:f0,-65,11,-99,-36,67,56,-429952732,100,0,228,0,"[9,24,8,28,6,33,4,35,4,37,3,38,3,36,-70,-1,5,32,4,28,5,25,4,22,4,20,3,18,1,17,-1,16,-2,16,-3,16,-3,16,-2,16,-2,14,-21,-10,0,9,2,6,2,3,1,-2,0,-5,-1,-8,0,0,-8,-13,-12,-14,-16,-14,-19,-14,-22,-13,-23,-11,-21,14,-22,-6,-21,-5,-18,-4,-15,-4,-12,-5,-10,-6,-8,-7,-7,-8,-6,-9,-5,-9,-6,-10,-6,-9,-7,-8,-88,15,-6,-4,-6,-1,-4,1,-3,3,-1,5,2,7,4,8,0,-13,-10,-13,-18,-3,-17,10,-7,19,8,20,19,10,25,31,14,-17,-2,-22,-18,-16,-25,1,-17,21,5,27,25,15,29,-9,13,-27,-10,-27,-25,-9,-21,12,-6,22,8,29,15,5,13,-5,7,-11,-1,-13,-10,-8,-14,2,0,0,4,13,12,5,10,-8,-1,-10,-9,-4,-6,7,-18,0,11,-2,2,-13,-13,-9,-17,6,-5,19,13,17,20,0,13,-15,-4,-18,-15,-9,-14,6,-4,12,5,10,2,-3,7,-1,4,-2,3,-4,2,-7,-2,-7,-8,-3,-7,2]"
CSI_DATA,265222,d8:b1:90:d9:de:f0,-66,11,-99,-36,67,56,-429941554,100,0,228,0,"[-20,-15,-21,-20,-21,-24,-21,-29,-20,-32,-19,-32,-17,-31,-70,-1,-14,-28,-13,-25,-11,-23,-9,-20,-7,-18,-4,-17,-3,-17,-2,-16,0,-16,2,-15,2,-15,2,-14,2,-13,-21,-10,1,-8,-1,-6,-2,-2,-3,1,-3,5,-2,8,0,0,0,16,2,18,4,21,5,22,8,23,9,23,106,0,10,22,9,20,8,17,5,16,3,14,2,12,-1,10,-3,10,-5,9,-5,8,-6,8,-5,8,-5,8,-51,15,-2,6,0,5,2,4,4,2,6,0,7,-2,7,-4,5,9,14,6,16,-5,10,-15,-1,-19,-13,-15,-20,-4,-35,-21,-9,20,6,21,21,12,24,-6,14,-22,-7,-26,-24,-13,-29,9,-13,26,9,26,25,11,23,-9,9,-20,-4,-29,-14,-8,-14,2,-9,9,-2,13,6,10,13,2,0,0,2,-12,-9,-9,-12,2,-5,9,6,8,9,-3,11,13,-10,-6,-11,7,0,16,14,11,19,-6,8,-19,-8,-18,-18,-5,-15,10,-2,17,9,12,13,2,9,-7,-2,-1,-3,-7,-4,-4,-5,-2,-7,1,-6,4,-3,7,2,7]"
CSI_DATA,265223,d8:b1:90:d9:de:f0,-66,11,-99,-36,67,56,-429921513,100,0,228,0,"[-12,22,-17,24,-21,26,-26,25,-27,26,-29,25,-29,23,-70,-1,-25,20,-23,17,-20,15,-19,13,-17,11,-16,8,-16,6,-15,4,-15,2,-16,1,-16,-1,-15,0,-14,0,-21,-10,-9,1,-6,2,-2,2,1,2,4,1,7,-1,0,0,13,-5,16,-8,18,-11,18,-13,18,-16,18,-17,-67,0,16,-18,15,-16,13,-13,12,-11,10,-7,11,-4,10,-2,10,0,10,1,10,2,10,3,10,2,10,3,106,0,7,0,5,-2,3,-3,-1,-4,-4,-4,-5,-5,-7,-5,9,-9,2,-15,-8,-15,-18,-7,-20,6,-12,17,2,21,-14,37,22,4,20,-12,7,-23,-11,-22,-25,-9,-24,13,-8,28,15,26,29,6,24,-15,5,-27,-14,-21,-23,-4,-28,11,-5,16,5,13,11,7,12,-1,9,-9,1,-13,0,0,-13,2,-7,10,4,11,10,3,7,-7,-3,-7,9,-15,-1,11,11,7,14,-6,4,-17,-12,-14,-20,1,-12,16,3,19,16,9,16,-5,6,-13,-5,-13,-10,-6,-1,1,-5,5,-2,6,0,6,2,5,6,4,7,0,5,-4]"
CSI_DATA,265224,d8:b1:90:d9:de:f0,-66,11,-99,-35,67,56,-429901646,100,0,228,0,"[-21,11,-26,9,-31,7,-34,6,-35,5,-36,4,-34,4,-68,0,-30,3,-27,3,-24,3,-21,2,-19,0,-17,0,-15,0,-14,-3,-14,-3,-13,-5,-13,-6,-12,-5,-12,-4,-20,-9,-8,-1,-6,0,-2,1,0,1,4,3,7,2,0,0,15,0,17,-1,19,-3,21,-7,23,-8,22,-11,7,0,19,-12,18,-11,14,-9,13,-7,11,-5,9,-2,9,0,8,0,8,3,8,3,9,3,9,3,9,2,102,0,7,0,5,-1,3,-3,0,-3,-1,-5,-3,-6,-5,-5,11,-1,10,-9,1,-17,-10,-15,-19,-5,-18,7,-9,17,-30,24,15,13,22,0,17,-15,0,-24,-16,-20,-27,0,-19,20,1,29,23,18,28,-4,14,-22,-4,-23,-17,-11,-29,0,-8,13,0,13,6,9,10,2,10,-4,2,-12,0,0,-11,-1,-9,8,0,12,9,4,7,-5,-1,-8,11,-13,-4,10,8,10,16,0,8,-16,-7,-17,-19,-3,-14,12,0,19,13,11,16,-1,7,-12,-2,-12,-9,-5,0,2,-3,4,0,4,0,4,0,5,4,4,6,0,5,-2]"
CSI_DATA,265225,d8:b1:90:d9:de:f0,-66,11,-99,-34,67,56,-429891267,100,0,228,0,"[1,-23,5,-27,11,-30,15,-32,16,-31,18,-32,18,-29,-66,0,16,-24,16,-22,15,-19,13,-16,13,-14,13,-12,13,-9,13,-6,13,-4,13,-3,14,-1,13,0,12,-2,-19,-9,7,-2,4,-2,0,-2,-1,-2,-5,-1,-9,0,0,0,-15,2,-16,4,-19,6,-20,9,-20,11,-21,12,0,13,-19,13,-16,12,-16,9,-14,6,-12,4,-11,1,-10,0,-8,-1,-8,-3,-8,-4,-8,-5,-8,-4,-8,-4,-91,14,-7,0,-5,0,-4,2,0,4,0,6,0,7,1,8,-5,8,1,14,11,11,16,2,16,-9,6,-17,-4,-18,1,-40,-19,0,-16,15,-1,22,15,19,25,3,21,-15,4,-27,-16,-22,-27,0,-20,17,0,26,16,17,21,1,24,-14,3,-15,-5,-12,-11,-6,-11,1,-7,8,0,11,0,0,12,0,6,-10,-4,-11,-10,-1,-6,7,4,9,-9,13,4,-11,-8,-11,-16,0,-9,15,5,17,17,6,16,-10,4,-17,-11,-14,-16,-1,-10,10,0,13,7,9,1,0,5,-2,2,-4,1,-4,0,-5,-2,-5,-4,-3,-5,0]"
CSI_DATA,265226,d8:b1:90:d9:de:f0,-65,11,-99,-36,67,56,-429871648,100,0,228,0,"[-2,-26,2,-30,5,-33,8,-36,11,-37,13,-36,13,-34,-70,-1,12,-30,12,-26,11,-23,10,-20,10,-18,10,-15,11,-13,12,-11,13,-9,14,-8,14,-8,14,-7,13,-7,-21,-10,8,-5,5,-4,1,-2,-1,-1,-4,2,-7,5,0,0,-10,10,-12,14,-12,17,-12,20,-11,22,-10,24,112,15,-8,23,-8,21,-7,18,-7,15,-6,12,-7,8,-8,6,-8,4,-9,2,-10,2,-10,1,-10,1,-10,1,-112,15,-7,2,-5,3,-1,4,3,4,5,4,6,4,8,2,-3,12,7,14,16,8,19,-4,14,-16,1,-21,-12,-18,-8,-39,-21,7,-12,20,5,23,21,14,26,-4,17,-23,-6,-29,-25,-14,-29,8,-14,26,9,25,23,11,22,-6,21,-22,-3,-16,-10,-10,-13,-1,-10,7,-4,13,5,12,0,0,11,-7,2,-13,-7,-9,-10,3,-3,9,7,6,-2,18,-2,-10,-12,-3,-11,11,2,17,17,9,18,-8,5,-19,-10,-16,-18,-2,-13,11,-1,16,9,11,12,2,-1,-2,2,-7,-1,-6,-2,-5,-4,-4,-6,-2,-7,2,-3,5]"
CSI_DATA,265227,d8:b1:90:d9:de:f0,-66,11,-99,-35,67,56,-429861473,100,0,228,0,"[-1,24,-4,28,-7,31,-10,33,-12,35,-11,34,-11,34,-68,0,-8,30,-7,26,-6,23,-4,20,-4,18,-6,15,-6,14,-7,12,-8,11,-9,11,-10,11,-8,10,-8,9,-20,-9,-3,8,-1,6,0,2,1,0,3,-2,4,-6,0,0,2,-14,2,-17,0,-21,-2,-23,-5,-24,-7,-24,-113,14,-10,-21,-9,-18,-9,-16,-6,-13,-4,-12,-2,-9,0,-8,1,-8,2,-8,4,-8,4,-8,3,-8,1,-8,20,0,0,-6,-1,-5,-3,-2,-4,0,-5,1,-5,4,-5,6,4,-10,-3,-14,-14,-9,-18,1,-13,13,-2,20,10,16,7,38,19,-7,9,-19,-6,-21,-22,-11,-25,7,-10,25,12,26,28,8,24,-15,4,-28,-16,-21,-25,-2,-16,13,-7,27,9,12,13,2,11,-3,5,-10,-1,-10,-9,-6,0,0,-5,12,6,10,12,0,6,-8,-4,-8,-9,0,-11,-12,9,6,12,-5,0,-15,-14,-9,-18,6,-4,20,11,16,19,0,12,-13,-1,-16,-12,-8,-12,2,-5,8,2,0,4,3,4,2,4,0,5,-1,4,-5,0,-6,-3,-4]"
CSI_DATA,265228,d8:b1:90:d9:de:f0,-65,11,-99,-36,67,56,-429850238,100,0,228,0,"[-21,-12,-24,-18,-26,-22,-27,-25,-27,-26,-28,-27,-26,-26,-70,-1,-24,-21,-22,-18,-19,-16,-17,-14,-15,-14,-12,-12,-11,-13,-10,-14,-8,-13,-7,-15,-6,-16,-7,-13,-7,-12,-21,-10,-6,-7,-5,-5,-4,-1,-1,2,2,5,5,6,0,0,14,7,18,6,21,4,22,1,26,0,26,-3,36,1,24,-7,20,-7,18,-6,16,-5,13,-2,11,-1,9,1,9,4,9,5,7,5,9,6,9,5,9,4,94,0,8,1,6,-2,4,-3,1,-4,-2,-5,-4,-5,-6,-5,9,10,16,2,16,-9,6,-19,-7,-18,-18,-10,-20,4,-40,-8,1,22,16,17,24,1,19,-17,1,-27,-20,-19,-29,2,-19,24,6,30,25,15,26,-9,10,-23,-8,-21,-26,-18,-15,5,-8,12,1,12,8,9,12,1,10,-8,0,0,-10,-9,-13,3,-5,11,6,9,11,-2,2,-9,16,-10,-8,8,6,13,16,3,12,-13,-3,-20,-19,-9,-18,9,-3,20,12,15,16,0,10,-11,-2,-13,-10,-6,0,5,-4,4,-2,4,-1,5,0,6,4,5,7,1,6,-4]"
CSI_DATA,265229,d8:b1:90:d9:de:f0,-66,11,-99,-35,67,56,-429830060,100,0,228,0,"[-22,9,-27,7,-32,4,-34,2,-36,0,-37,-1,-35,-3,-68,0,-31,-3,-27,-3,-24,-3,-20,-4,-18,-4,-15,-5,-13,-7,-11,-9,-10,-11,-8,-10,-8,-11,-7,-12,-6,-11,-20,-9,-5,-6,-4,-3,-2,0,-1,2,0,4,3,7,0,0,9,12,13,12,16,12,20,13,21,12,23,11,5,0,22,9,20,7,17,7,13,7,10,7,7,7,5,7,1,8,0,8,0,9,0,10,0,9,0,9,-10,14,1,7,2,4,4,2,4,0,5,-1,6,-4,5,-5,11,0,10,-9,2,-17,-8,-17,-17,-8,-19,3,-13,14,-34,16,11,17,21,6,21,-8,10,-22,-9,-25,-26,-10,-27,10,-9,28,12,27,27,8,24,-11,6,-23,-8,-19,-23,-15,-14,4,-7,11,0,12,6,9,11,2,11,-4,0,0,-5,-11,-12,-1,-9,8,1,11,10,2,6,-7,20,0,-11,0,-4,12,9,13,18,0,12,-15,-3,-20,-18,-9,-18,7,-5,17,7,14,14,3,10,-6,1,-10,-3,1,-4,-2,-2,0,-3,0,-5,0,-4,4,0,6,3,5]"
CSI_DATA,265230,d8:b1:90:d9:de:f0,-66,11,-99,-34,67,56,-429819876,100,0,228,0,"[-2,23,-6,26,-9,29,-12,31,-14,33,-14,33,-14,32,-66,0,-11,27,-10,24,-9,21,-8,18,-7,16,-8,13,-9,13,-10,11,-9,9,-10,9,-11,7,-10,7,-10,7,-19,-9,-4,5,-2,4,0,2,2,1,5,-2,7,-5,0,0,8,-11,9,-15,8,-18,5,-21,5,-23,3,-24,75,0,1,-22,0,-21,0,-17,0,-16,1,-13,2,-10,4,-7,3,-7,5,-5,6,-5,7,-4,7,-5,6,-5,76,0,3,-5,0,-4,-1,-4,-4,-2,-6,-1,-7,0,-8,0,4,-10,-2,-13,-11,-9,-16,0,-14,10,-4,17,8,16,3,38,19,-4,12,-17,-2,-22,-18,-14,-25,3,-15,22,6,26,24,14,26,-9,12,-24,-10,-23,-22,-8,-18,9,-14,23,4,15,11,6,12,-1,8,-8,0,-11,-7,-8,0,0,-8,8,1,12,10,4,9,-5,0,-9,-8,-3,-4,-16,5,10,14,0,7,-13,-7,-16,-17,-2,-14,13,0,18,15,11,16,-3,7,-14,-5,-13,-11,-5,-9,3,1,0,1,5,3,3,3,3,4,0,5,-1,3,-3,0,-5]"
CSI_DATA,265231,d8:b1:90:d9:de:f0,-65,11,-99,-37,67,56,-429801648,100,0,228,0,"[-9,23,-14,26,-18,27,-22,28,-24,29,-25,28,-25,26,-72,-1,-22,23,-21,20,-18,17,-16,15,-15,12,-15,9,-14,7,-14,4,-14,3,-16,2,-15,0,-14,0,-14,1,-21,-10,-10,2,-6,2,-3,2,1,3,5,2,9,-1,0,0,15,-6,16,-8,18,-12,19,-14,19,-17,19,-18,-26,0,16,-20,14,-18,12,-14,11,-12,9,-9,9,-5,8,-2,8,-1,9,1,9,2,9,4,10,3,10,2,112,0,7,-1,6,-2,4,-4,0,-4,-2,-6,-5,-6,-5,-6,9,-10,-1,-17,-11,-13,-19,-3,-19,9,-10,18,4,20,-9,39,21,1,18,-14,5,-23,-13,-21,-26,-7,-24,15,-5,29,17,24,29,3,23,-19,2,-28,-17,-19,-22,-1,-27,13,-3,16,6,12,11,5,11,-1,8,-10,0,-12,0,0,-13,2,-7,11,5,12,11,3,7,-8,-4,-9,8,-18,-2,11,11,8,15,-5,4,-18,-12,-15,-20,0,-13,16,3,19,16,9,16,-6,5,-15,-5,-12,-11,-4,0,4,-3,5,0,5,-1,3,0,5,5,4,6,2,6,-2]"
CSI_DATA,265232,d8:b1:90:d9:de:f0,-66,11,-99,-35,67,56,-429791639,100,0,228,0,"[-7,23,-12,25,-16,28,-18,30,-21,31,-20,32,-19,30,-68,0,-15,27,-12,24,-11,22,-10,18,-9,16,-8,13,-10,13,-10,10,-11,9,-11,9,-12,8,-11,8,-10,8,-20,-9,-6,6,-2,5,0,2,1,0,3,-2,5,-6,0,0,6,-13,4,-17,2,-21,0,-24,-1,-25,-4,-25,-44,14,-7,-23,-9,-20,-7,-16,-5,-14,-3,-12,-1,-9,0,-8,0,-8,1,-7,3,-7,4,-8,3,-8,3,-8,38,0,0,-6,0,-5,-2,-2,-5,-1,-5,1,-5,3,-5,5,7,-9,0,-15,-11,-12,-18,-2,-17,10,-5,18,6,18,0,38,20,-2,13,-17,-1,-23,-18,-16,-26,2,-16,22,6,28,26,14,27,-10,9,-26,-12,-24,-24,-6,-18,10,-13,25,6,13,12,4,12,-2,6,-9,0,-11,-9,-7,0,0,-7,10,3,12,12,2,8,-8,-2,-10,-8,-1,-11,-14,8,8,12,-3,2,-15,-12,-11,-19,4,-7,18,10,17,19,1,13,-12,0,-16,-12,-9,-12,2,-5,8,2,0,4,3,4,1,3,0,3,-1,3,-3,0,-4,-2,-4]"
CSI_DATA,265233,d8:b1:90:d9:de:f0,-66,9,-99,-34,67,56,-429776301,120,0,106,0,"[23,14,-36,13,-31,13,-59,13,-23,13,-46,13,21,14,-13,13,68,14,30,14,104,14,84,14,113,14,-104,14,95,14,-63,14,83,14,-45,14,99,14,-50,14,-84,14,-58,14,-7,14,-42,14,70,0,-1,14,0,0,0,0,-88,0,-93,0,-104,0,-10,0,103,0,32,0,54,0,29,0,28,0,-23,0,30,0,-103,0,58,0,78,0,85,0,46,0,101,0,40,0,98,0,56,0,50,0,69,0,-9,14,68,0,-61,14]"
CSI_DATA,265234,d8:b1:90:d9:de:f0,-65,11,-99,-36,67,56,-429761553,100,0,228,0,"[-23,9,-28,8,-32,6,-36,4,-37,3,-38,3,-36,2,-70,-1,-32,4,-29,3,-25,4,-22,2,-20,1,-17,0,-15,-2,-14,-4,-14,-5,-13,-6,-13,-7,-13,-7,-12,-6,-21,-10,-9,-2,-7,1,-4,2,0,4,4,5,8,5,0,0,17,3,19,1,22,-1,24,-5,25,-8,26,-10,37,1,22,-13,19,-12,18,-11,15,-9,12,-5,11,-4,10,-1,9,2,8,3,8,4,9,5,9,4,10,3,97,0,8,0,6,-2,4,-5,2,-4,-1,-7,-3,-8,-5,-7,12,0,11,-10,3,-17,-9,-16,-18,-8,-19,6,-11,16,-34,24,15,15,22,2,19,-14,4,-25,-16,-22,-28,-4,-22,20,-1,30,23,20,30,-3,17,-22,-6,-25,-19,-12,-30,0,-10,13,-1,13,7,10,11,4,12,-4,5,-11,0,0,-14,-4,-10,8,0,13,10,7,10,-6,-1,-11,14,-14,-8,10,7,14,17,1,11,-16,-6,-19,-20,-6,-17,12,-2,20,14,14,17,-1,8,-13,-4,-13,-10,-5,-1,4,-4,5,1,4,0,3,0,3,2,5,6,3,6,-2]"
CSI_DATA,265235,d8:b1:90:d9:de:f0,-65,11,-99,-38,67,56,-429750653,100,0,228,0,"[-25,5,-30,3,-34,1,-37,0,-39,-1,-39,-1,-38,-1,-74,-1,-32,1,-28,1,-26,2,-23,1,-20,0,-18,-1,-15,-2,-15,-3,-14,-5,-14,-6,-14,-7,-13,-7,-12,-5,-22,-10,-9,-1,-6,0,-2,2,1,3,5,3,8,3,0,0,16,-1,19,-4,22,-7,22,-10,23,-13,22,-16,-3,0,18,-19,14,-18,13,-15,10,-12,9,-9,9,-6,9,-4,8,-2,9,0,9,0,10,1,9,0,9,-1,112,0,6,-3,4,-4,2,-5,-2,-4,-4,-5,-7,-5,-8,-3,12,1,13,-9,5,-16,-7,-18,-18,-8,-20,4,-13,15,-36,20,13,16,24,3,20,-13,4,-26,-16,-23,-29,-2,-22,21,0,31,24,20,30,-4,15,-23,-6,-25,-20,-11,-30,1,-9,13,1,14,8,9,12,2,10,-6,3,-12,0,0,-13,-1,-9,9,4,12,12,3,8,-8,-4,-10,8,-18,-4,11,10,10,15,-4,5,-18,-12,-15,-20,1,-11,16,6,19,18,7,15,-8,3,-15,-8,-11,-11,-1,1,4,-1,5,2,3,2,3,2,4,5,2,6,-1,4,-4]"
CSI_DATA,265236,d8:b1:90:d9:de:f0,-65,11,-99,-37,67,56,-429731653,100,0,228,0,"[-1,25,-6,28,-10,31,-14,33,-15,36,-16,34,-17,32,-72,-1,-14,27,-13,26,-12,22,-12,19,-11,16,-11,13,-11,11,-13,9,-14,7,-15,6,-16,6,-14,5,-14,5,-21,-10,-8,4,-5,4,-2,4,1,2,5,1,7,-3,0,0,12,-10,13,-13,13,-16,14,-20,13,-22,11,-25,-124,0,9,-24,7,-22,6,-19,6,-15,6,-12,6,-7,7,-5,7,-3,8,-2,9,0,9,1,10,0,9,0,109,0,7,-2,5,-4,2,-5,-1,-5,-4,-4,-6,-5,-7,-4,5,-12,-5,-15,-15,-9,-19,2,-15,15,-3,20,10,18,3,41,20,-5,14,-18,-2,-24,-19,-17,-27,1,-18,22,3,29,24,17,30,-5,16,-25,-7,-27,-22,-12,-22,5,-22,20,3,15,9,9,12,3,10,-5,5,-11,-4,-11,0,0,-13,4,-3,14,9,10,13,-1,6,-10,-7,-8,1,-20,1,11,12,5,13,-9,-1,-18,-16,-11,-19,7,-6,20,10,18,19,3,13,-11,0,-15,-10,-9,-11,1,3,4,0,6,2,4,1,3,2,3,5,2,6,0,4,-4]"
CSI_DATA,265237,d8:b1:90:d9:de:f0,-65,11,-99,-34,66,56,-429721636,100,0,228,0,"[-14,22,-20,23,-26,23,-31,22,-34,21,-33,20,-34,18,-74,-1,-30,14,-28,12,-25,9,-23,8,-20,4,-18,2,-16,0,-15,-2,-14,-4,-15,-7,-13,-8,-13,-8,-12,-7,-22,-10,-9,-4,-7,-2,-4,0,-1,3,3,5,6,6,0,0,13,7,18,7,21,6,25,6,26,4,28,3,58,1,26,1,24,0,22,2,19,2,13,3,10,5,8,5,5,7,3,8,2,9,3,10,2,10,3,9,25,0,3,6,4,5,5,2,5,0,5,-3,6,-6,5,-8,10,-9,4,-15,-8,-18,-18,-9,-21,3,-14,13,-3,21,-23,36,20,9,23,-5,14,-20,-3,-27,-22,-18,-30,3,-20,24,4,31,25,19,30,-5,16,-24,-4,-26,-20,-13,-31,-3,-11,11,-2,14,6,11,11,5,11,-2,8,-10,0,0,-10,-8,-14,3,-5,13,6,11,12,0,5,-10,21,-5,-12,4,-2,14,12,11,18,-6,7,-19,-10,-18,-21,-3,-16,13,0,20,13,12,15,-2,9,-11,-2,-12,-4,2,-6,0,-3,1,-2,1,-4,1,-3,4,0,6,4,4]"
CSI_DATA,265238,d8:b1:90:d9:de:f0,-66,11,-99,-36,67,56,-429701647,100,0,228,0,"[0,-24,4,-28,8,-31,11,-34,13,-34,15,-35,16,-33,-70,-1,14,-27,14,-25,12,-21,12,-18,10,-15,12,-12,12,-10,13,-7,13,-6,14,-4,14,-3,15,-3,14,-3,-21,-10,9,-4,6,-4,3,-3,-2,-3,-6,-2,-8,0,0,0,-15,4,-17,8,-19,10,-20,13,-21,15,-20,17,22,15,-18,18,-15,18,-13,14,-12,11,-10,9,-8,5,-8,2,-8,1,-7,-3,-7,-4,-8,-4,-8,-5,-9,-4,-102,15,-7,-1,-6,0,-5,4,-2,5,0,7,1,7,3,8,-4,12,5,15,14,9,19,-2,14,-13,3,-19,-9,-17,-3,-39,-19,4,-14,17,0,23,17,18,28,1,20,-20,-1,-29,-22,-20,-30,2,-19,22,3,28,20,15,22,-2,25,-17,1,-14,-7,-11,-11,-3,-11,3,-7,9,1,12,0,0,13,-2,7,-12,-5,-13,-12,-3,-8,9,4,11,-8,19,5,-10,-8,-11,-16,3,-8,17,9,17,19,3,14,-14,0,-20,-15,-12,-17,3,-8,13,4,13,11,6,-1,-4,4,-5,0,-4,1,-2,2,-3,-1,-5,-5,-4,-6,1]"
CSI_DATA,265239,d8:b1:90:d9:de:f0,-65,11,-99,-37,67,56,-429691438,100,0,228,0,"[1,-24,5,-28,8,-32,11,-34,12,-36,13,-37,13,-33,-72,-1,11,-30,10,-27,8,-24,8,-20,6,-18,8,-15,9,-14,9,-11,11,-10,11,-9,12,-8,11,-9,11,-9,-21,-10,6,-7,3,-6,0,-4,-3,-2,-6,2,-8,6,0,0,-10,13,-9,17,-8,21,-6,23,-5,26,-3,27,-16,15,2,25,2,23,2,19,2,16,1,14,-1,11,-3,8,-4,6,-6,6,-7,6,-7,6,-7,5,-7,6,-78,15,-4,7,-2,6,1,6,5,5,7,3,8,1,8,-1,-5,11,4,15,14,9,19,-2,13,-12,3,-19,-9,-16,-6,-41,-20,6,-12,18,5,23,21,14,26,-5,15,-24,-8,-28,-27,-12,-28,12,-9,27,14,25,23,7,19,-11,13,-25,-7,-14,-12,-5,-11,2,-7,8,0,12,8,9,0,0,9,-10,-2,-13,-12,-6,-11,6,1,12,10,4,7,19,-5,-12,-15,0,-9,14,8,17,20,3,15,-14,-2,-21,-17,-10,-18,7,-6,15,8,14,14,3,9,-6,-4,-1,-4,-5,-3,-2,-2,-2,-3,-1,-5,0,-4,4,-1,6]"
CSI_DATA,265240,d8:b1:90:d9:de:f0,-65,11,-99,-36,67,56,-429669178,100,0,228,0,"[-23,-8,-24,-15,-26,-19,-26,-23,-27,-27,-25,-28,-24,-29,-70,-1,-20,-24,-17,-22,-15,-20,-12,-19,-9,-17,-7,-16,-3,-15,-1,-14,1,-15,3,-15,4,-15,4,-15,4,-14,-21,-10,1,-10,-1,-7,-2,-3,-3,0,-4,3,-5,8,0,0,-3,15,-3,19,-1,22,1,25,2,26,4,26,11,0,6,24,6,22,5,19,3,16,1,13,-1,10,-3,7,-5,7,-6,5,-8,4,-7,4,-9,4,-8,4,-100,15,-6,5,-4,5,0,5,3,7,5,5,7,4,8,3,11,8,16,0,14,-10,5,-17,-7,-18,-16,-9,-20,1,-36,-14,-5,20,10,19,21,9,24,-9,12,-24,-9,-27,-27,-13,-28,11,-11,27,11,28,25,10,23,-11,8,-20,-3,-29,-13,-7,-12,1,-9,7,-3,11,4,11,10,5,0,0,6,-12,-5,-12,-12,-3,-9,9,3,11,10,2,12,17,-7,-10,-14,1,-7,15,10,16,20,2,14,-15,-2,-20,-17,-11,-18,5,-8,15,5,14,12,5,10,-4,-4,-2,-1,-6,-2,-3,-1,-3,-2,-3,-5,-2,-6,2,-3,5]"
CSI_DATA,265241,d8:b1:90:d9:de:f0,-66,11,-99,-36,67,56,-429659086,100,0,228,0,"[-18,16,-23,17,-28,16,-32,16,-33,16,-35,16,-33,14,-70,-1,-29,12,-26,11,-22,10,-20,8,-18,7,-17,4,-16,2,-16,0,-15,0,-14,-3,-15,-4,-14,-3,-14,-3,-21,-10,-9,-1,-6,2,-3,2,1,3,5,3,9,2,0,0,15,0,18,-3,20,-6,22,-10,23,-12,22,-14,11,1,20,-17,18,-15,15,-13,12,-11,11,-8,10,-5,9,-2,8,0,9,2,8,2,9,4,9,2,9,3,100,0,7,0,5,-2,3,-4,0,-5,-2,-6,-3,-7,-6,-5,11,-6,6,-14,-4,-16,-15,-12,-18,0,-15,11,-5,18,-24,32,18,9,21,-5,13,-19,-3,-25,-22,-16,-27,6,-15,25,8,29,26,14,27,-11,10,-25,-10,-23,-21,-7,-29,6,-7,15,3,13,9,8,12,1,9,-7,2,-12,0,0,-12,-2,-9,10,3,13,11,5,9,-7,-2,-10,12,-17,-5,10,8,11,16,-2,8,-16,-9,-17,-19,-4,-14,14,1,19,15,11,17,-3,7,-14,-5,-13,-12,-5,-1,4,-3,6,1,5,0,3,0,3,2,3,5,2,4,-2]"
CSI_DATA,265242,d8:b1:90:d9:de:f0,-65,11,-99,-36,67,56,-429648072,100,0,228,0,"[10,-22,15,-24,19,-25,23,-27,25,-28,25,-28,24,-27,-70,-1,20,-24,18,-22,15,-20,14,-17,12,-15,12,-11,12,-10,13,-8,13,-6,13,-6,13,-5,13,-5,14,-5,-21,-10,8,-5,4,-5,1,-3,-1,-2,-6,1,-7,3,0,0,-11,11,-12,15,-10,19,-10,22,-8,25,-6,26,-56,15,-3,25,-1,22,1,19,0,17,-1,13,-2,9,-4,8,-5,6,-6,5,-8,5,-7,4,-8,5,-8,5,-76,15,-5,6,-2,6,1,6,4,3,7,3,8,1,8,-1,-9,9,0,16,11,15,17,4,17,-8,9,-17,-3,-19,8,-40,-21,0,-17,14,-3,23,15,20,26,4,21,-19,0,-28,-21,-20,-30,3,-18,23,6,27,21,13,22,-5,21,-22,-4,-15,-10,-8,-12,-1,-10,6,-3,11,5,11,0,0,12,-8,1,-13,-10,-9,-11,4,-2,11,8,7,3,20,-3,-11,-14,-3,-9,12,5,17,18,5,15,-13,-1,-21,-15,-11,-18,5,-7,16,7,14,13,5,10,-6,-4,-2,-3,-5,-4,-2,-2,-1,-2,-1,-5,0,-4,3,0,6]"
CSI_DATA,265243,d8:b1:90:d9:de:f0,-65,11,-99,-37,67,56,-429631645,100,0,228,0,"[-14,19,-19,20,-25,21,-29,20,-32,19,-33,19,-32,17,-72,-1,-27,14,-26,13,-22,11,-20,9,-18,6,-17,3,-16,1,-15,-1,-14,-2,-14,-4,-14,-6,-13,-6,-13,-5,-21,-10,-10,-2,-7,0,-3,1,0,4,3,5,7,6,0,0,16,6,18,5,22,4,26,1,27,0,28,-2,53,1,26,-5,23,-5,20,-4,17,-3,13,-1,11,1,9,2,7,5,6,6,5,7,5,9,5,8,6,8,60,0,6,5,6,3,6,0,5,-2,5,-5,3,-7,2,-8,10,-8,5,-15,-6,-16,-16,-9,-19,3,-14,13,-3,19,-22,34,19,9,21,-5,14,-19,-4,-25,-21,-16,-28,4,-17,24,6,30,25,16,29,-8,13,-24,-7,-25,-20,-11,-30,1,-10,13,0,13,7,10,10,4,11,-3,6,-11,0,0,-12,-6,-12,6,-3,13,9,8,12,-3,3,-12,18,-11,-11,6,1,15,15,8,16,-9,3,-19,-13,-15,-20,3,-11,17,5,18,16,7,14,-7,4,-14,-6,-10,-4,3,-6,3,-1,3,-1,1,-3,1,-1,4,2,5,5,3]"
CSI_DATA,265244,d8:b1:90:d9:de:f0,-66,11,-99,-35,67,56,-429621632,100,0,228,0,"[-3,22,-9,25,-15,27,-19,27,-23,28,-24,27,-25,25,-68,0,-23,20,-21,17,-19,14,-18,12,-15,8,-15,6,-14,2,-14,0,-13,-1,-13,-3,-13,-4,-13,-5,-12,-5,-20,-9,-9,-2,-6,0,-3,1,0,3,2,5,6,7,0,0,13,9,17,7,19,8,23,7,25,5,27,5,50,0,25,2,23,2,20,3,16,3,12,3,7,4,6,5,2,6,0,7,0,8,0,9,0,9,0,9,0,0,1,7,3,5,4,4,4,1,6,0,7,-2,7,-3,5,-10,-1,-15,-11,-11,-18,-2,-16,7,-8,16,0,17,-11,36,19,4,19,-8,9,-19,-7,-23,-23,-12,-26,7,-13,25,8,28,26,12,27,-8,11,-25,-7,-23,-19,-9,-28,0,-8,11,0,12,5,9,9,4,10,-1,7,-9,0,0,-9,-7,-13,2,-5,12,6,11,12,0,5,-9,20,-5,-13,1,-4,13,9,12,17,-1,10,-15,-6,-19,-18,-6,-17,9,-3,18,9,13,14,1,9,-8,0,-11,-5,1,-5,0,-1,1,0,0,-2,0,-4,1,-2,5,0,5]"
CSI_DATA,265245,d8:b1:90:d9:de:f0,-65,11,-99,-37,67,56,-429611027,100,0,228,0,"[24,0,28,4,32,9,34,13,36,17,34,17,33,19,-72,-1,27,15,24,14,21,14,18,13,15,13,12,13,9,13,6,15,5,15,3,16,2,16,1,16,1,14,-21,-10,1,11,2,7,2,3,2,0,2,-5,1,-7,0,0,-4,-15,-6,-17,-8,-19,-11,-21,-12,-22,-15,-22,116,15,-16,-20,-15,-17,-13,-15,-11,-14,-7,-12,-5,-11,-1,-9,1,-8,3,-7,5,-7,5,-7,5,-8,5,-8,60,0,3,-7,0,-6,-1,-5,-4,-4,-6,-2,-7,0,-8,2,-13,-3,-15,6,-9,16,2,19,15,14,18,3,19,-9,40,0,-4,-21,-17,-14,-24,0,-19,17,-2,28,18,22,30,2,22,-22,0,-31,-21,-20,-28,0,-19,19,-1,21,14,28,16,3,12,-7,6,-11,-1,-12,-9,-8,-12,0,0,0,-1,14,10,9,12,-3,5,-11,-6,-9,-10,1,-19,-11,9,6,11,-7,-1,-16,-15,-9,-17,7,-6,19,11,17,20,1,14,-12,0,-18,-11,-11,-13,1,-6,9,5,1,5,5,3,2,2,2,4,1,5,0,4,-4,0,-6]"
CSI_DATA,265246,d8:b1:90:d9:de:f0,-65,11,-99,-38,67,56,-429600644,100,0,228,0,"[24,-9,29,-6,32,-4,37,-2,39,-1,41,0,39,0,-74,-1,33,0,29,0,26,0,23,0,20,1,18,2,16,4,14,6,13,7,12,9,12,10,12,10,11,9,-22,-10,9,5,7,2,4,-1,1,-3,-3,-5,-6,-6,0,0,-15,-6,-19,-4,-22,-3,-25,-1,-27,1,-28,3,-49,14,-26,7,-23,8,-21,6,-16,5,-14,2,-11,1,-9,-1,-7,-3,-6,-5,-6,-5,-7,-7,-7,-7,-7,-6,-91,15,-7,-3,-6,0,-5,2,-4,4,-2,6,0,8,1,8,-13,1,-12,11,-3,18,10,18,19,7,19,-5,11,-15,38,-20,-13,-15,-23,-3,-21,13,-6,26,13,24,29,7,25,-18,4,-31,-20,-24,-31,-1,-20,21,1,27,18,16,30,7,12,-11,2,-14,-5,-10,-9,-5,-11,2,-7,10,0,0,11,8,13,-5,4,-13,-8,-10,-12,2,-3,11,-18,12,9,-6,-2,-13,-15,-5,-15,11,0,21,16,12,20,-6,8,-20,-9,-18,-18,-3,-12,9,0,14,9,8,2,-5,4,-4,0,-4,1,-2,2,-3,0,-4,-4,-4,-5,0]"
CSI_DATA,265247,d8:b1:90:d9:de:f0,-65,11,-99,-38,67,56,-429581552,100,0,228,0,"[-21,-14,-22,-20,-22,-25,-21,-31,-20,-33,-19,-36,-15,-34,-74,-1,-12,-30,-11,-28,-9,-25,-6,-22,-5,-20,-2,-19,0,-16,3,-14,5,-14,7,-13,8,-12,8,-12,8,-12,-22,-10,6,-8,2,-7,0,-4,-2,0,-5,2,-6,5,0,0,-8,12,-8,18,-7,21,-7,24,-5,26,-4,27,-31,15,-2,26,-1,25,-1,22,-2,19,-2,15,-4,10,-5,7,-6,5,-7,4,-9,2,-9,2,-8,1,-9,1,-101,15,-6,3,-4,4,-2,5,1,6,3,6,5,6,6,4,8,10,16,4,16,-8,10,-18,-2,-20,-14,-14,-20,-4,-34,-24,-10,19,4,22,20,15,25,-2,19,-21,-1,-29,-23,-20,-30,2,-19,24,3,30,23,19,26,-4,14,-18,6,-30,-11,-11,-13,-2,-10,5,-5,11,1,12,10,7,0,0,8,-9,-2,-13,-12,-6,-11,6,-1,11,8,5,5,22,-3,-11,-13,-2,-10,11,4,18,18,7,18,-10,4,-21,-12,-15,-20,-1,-12,12,1,16,10,9,12,0,-1,-3,0,-6,-1,-4,-1,-1,-1,-2,-4,-3,-4,0,-4,4]"
CSI_DATA,265248,d8:b1:90:d9:de:f0,-66,11,-99,-37,68,56,-429568675,100,0,228,0,"[13,15,13,20,13,24,13,28,13,30,12,32,12,30,-64,0,11,25,10,22,9,21,8,17,7,16,4,14,1,12,0,12,-1,12,-3,12,-4,14,-4,13,-2,13,-19,-9,0,10,1,7,3,3,3,0,3,-3,4,-7,0,0,0,-14,-2,-18,-5,-20,-9,-21,-12,-21,-14,-20,47,13,-16,-17,-16,-13,-14,-11,-11,-9,-8,-7,-4,-6,-1,-5,0,-6,1,-6,3,-6,2,-8,3,-8,3,-8,25,0,0,-8,-1,-6,-4,-4,-6,-2,-7,0,-7,2,-6,4,-4,-11,-12,-6,-15,3,-10,14,0,17,11,12,16,3,28,22,9,-15,-4,-19,-17,-11,-22,3,-13,20,5,24,23,13,27,-8,11,-25,-11,-24,-24,-7,-19,11,-4,19,5,25,12,3,10,-3,6,-7,0,-10,-4,-9,-11,-2,0,0,-1,12,9,9,12,-2,5,-11,-7,-9,-11,1,-18,-8,10,6,11,-7,0,-14,-14,-8,-16,9,-2,20,13,13,18,-1,9,-15,-5,-14,-13,-4,-11,6,-1,10,7,-3,4,0,0,0,0,1,3,0,5,-1,2,-5,-2,-5]"
CSI_DATA,265249,d8:b1:90:d9:de:f0,-65,11,-99,-35,66,56,-429558547,100,0,228,0,"[-3,26,-8,29,-13,32,-17,33,-20,34,-21,33,-21,32,-76,-1,-19,27,-18,25,-16,21,-15,18,-14,14,-14,10,-15,8,-14,5,-15,4,-15,1,-17,1,-16,0,-16,1,-22,-10,-10,1,-7,3,-3,4,1,4,5,3,8,3,0,0,16,-1,19,-4,21,-7,23,-9,25,-13,25,-15,8,1,22,-16,19,-16,17,-14,14,-10,11,-8,10,-4,9,-1,8,1,7,4,7,4,7,6,7,6,8,6,93,0,7,2,7,0,6,-2,3,-4,2,-7,1,-8,-1,-8,5,-13,-5,-16,-15,-11,-20,0,-16,13,-5,20,7,19,-3,42,22,0,17,-15,3,-23,-15,-21,-28,-5,-23,17,-4,30,20,26,31,3,25,-19,1,-30,-18,-19,-23,-1,-29,14,-2,16,5,11,10,5,11,-1,9,-8,1,-13,0,0,-14,-1,-9,10,2,14,13,6,10,-7,-1,-11,13,-19,-7,9,7,11,16,0,10,-15,-5,-19,-20,-6,-18,10,-3,20,14,15,18,0,10,-13,-2,-15,-10,-7,-1,5,-3,5,1,4,0,3,-2,2,0,4,3,4,5,1]"
CSI_DATA,265250,d8:b1:90:d9:de:f0,-66,11,-99,-35,67,56,-429541406,100,0,228,0,"[23,-1,27,1,31,5,33,7,34,12,34,12,33,12,-68,0,29,11,26,9,23,8,19,8,17,8,14,9,11,9,8,10,7,10,6,12,4,12,4,12,3,12,-20,-9,5,7,4,4,3,0,2,-1,0,-4,0,-8,0,0,-5,-13,-9,-15,-13,-16,-16,-17,-18,-17,-21,-16,33,14,-20,-12,-20,-10,-18,-10,-14,-7,-11,-7,-7,-6,-5,-7,-2,-6,0,-7,0,-7,0,-8,0,-8,0,-8,24,0,-1,-6,-2,-5,-4,-3,-5,-1,-6,0,-6,3,-6,4,-10,-2,-13,5,-8,14,2,18,13,12,18,1,14,-8,37,-4,-5,-18,-17,-11,-23,2,-15,19,1,26,21,17,28,-2,17,-24,-4,-30,-25,-15,-27,6,-12,22,5,21,20,20,15,-2,8,-9,0,-10,-4,-9,-10,-3,-11,3,0,0,5,10,12,4,10,-6,0,-12,-9,-5,-9,4,-20,-3,11,2,8,-10,-4,-14,-17,-3,-14,12,0,20,16,11,19,-5,7,-16,-6,-16,-14,-3,-11,6,-1,11,5,0,5,1,2,0,1,0,2,0,4,-1,0,-4,-1,-4]"
CSI_DATA,265251,d8:b1:90:d9:de:f0,-65,11,-99,-36,67,56,-429531080,100,0,228,0,"[12,19,11,25,10,31,9,34,9,37,8,37,8,36,-70,-1,8,31,8,27,7,25,6,21,5,19,3,17,0,16,-1,15,-3,15,-5,14,-6,14,-6,14,-5,13,-21,-10,-1,11,0,8,2,5,3,0,4,-4,4,-9,0,0,0,-15,-2,-19,-6,-21,-9,-23,-12,-23,-16,-23,86,15,-19,-19,-18,-16,-17,-13,-14,-12,-10,-10,-7,-8,-4,-8,-1,-7,1,-7,2,-8,2,-9,1,-9,2,-9,23,0,-1,-8,-2,-6,-4,-4,-7,-1,-8,1,-6,4,-6,5,-4,-12,-14,-10,-19,1,-15,13,-3,20,10,17,18,8,27,29,12,-16,-1,-21,-17,-16,-25,1,-19,20,2,28,24,18,30,-6,17,-27,-9,-29,-26,-12,-23,10,-8,21,5,30,15,7,12,-3,8,-9,1,-11,-5,-10,-12,-3,0,0,-2,14,9,10,14,-1,6,-12,-7,-10,-11,1,-21,-10,10,6,12,-8,-1,-15,-17,-8,-16,10,-2,21,15,14,21,-4,9,-17,-7,-17,-15,-5,-12,7,-2,11,6,-3,7,1,2,-1,1,0,4,0,4,-2,1,-6,-3,-6]"
CSI_DATA,265252,d8:b1:90:d9:de:f0,-65,11,-99,-37,67,56,-429511656,100,0,228,0,"[5,-23,11,-26,16,-28,20,-29,23,-30,24,-28,25,-27,-72,-1,22,-23,20,-21,18,-18,17,-15,15,-12,14,-9,14,-7,14,-3,14,-2,15,1,15,2,14,3,13,2,-21,-10,10,0,7,-2,4,-3,0,-4,-4,-4,-7,-4,0,0,-15,-1,-18,0,-21,2,-24,4,-25,6,-26,8,-49,14,-24,10,-22,10,-20,8,-17,6,-13,4,-10,1,-9,-1,-7,-2,-7,-6,-6,-6,-5,-7,-6,-7,-7,-7,-66,15,-6,-5,-6,-2,-6,0,-4,3,-4,5,-3,8,-2,8,-7,10,2,16,12,13,17,3,17,-9,8,-17,-3,-19,10,-40,-19,-2,-18,12,-7,22,12,22,25,9,25,-12,9,-28,-14,-26,-30,-8,-27,15,-7,27,15,22,23,5,29,-9,6,-16,-4,-14,-9,-7,-11,-1,-10,7,-4,11,0,0,13,3,11,-8,1,-13,-10,-8,-11,4,-1,11,-16,15,9,-7,-3,-13,-16,-4,-14,11,1,19,16,11,20,-6,9,-18,-8,-17,-17,-5,-13,9,-2,14,7,10,5,-4,5,-4,0,-4,0,-1,3,-1,2,-3,-2,-5,-4,-3]"
CSI_DATA,265253,d8:b1:90:d9:de:f0,-65,11,-99,-35,66,56,-429501517,100,0,228,0,"[-19,-17,-19,-22,-19,-28,-19,-32,-19,-34,-19,-35,-19,-35,-76,-1,-16,-30,-15,-26,-14,-23,-11,-20,-9,-19,-7,-16,-4,-16,-2,-15,-1,-15,2,-15,2,-16,3,-15,2,-15,-22,-10,0,-10,-2,-7,-3,-3,-2,1,-3,4,-2,8,0,0,2,16,5,18,8,20,13,21,16,22,19,22,-94,0,20,18,19,15,19,13,15,11,11,9,8,7,4,7,2,8,0,7,-1,8,-1,8,-1,9,-1,8,-27,16,2,7,3,5,4,4,6,2,7,-1,6,-4,5,-5,7,11,16,5,18,-6,10,-18,-3,-20,-14,-14,-20,-3,-37,-21,-8,20,7,21,21,11,25,-7,14,-25,-9,-29,-29,-13,-30,13,-10,30,15,29,30,7,22,-15,5,-23,-9,-31,-16,-4,-13,5,-6,10,1,11,8,8,13,1,0,0,0,-13,-10,-9,-14,3,-3,13,7,9,10,-3,22,8,-10,-5,-10,9,4,16,18,6,17,-11,0,-22,-16,-14,-20,4,-9,18,7,17,16,4,11,-7,2,-11,-6,2,-6,-1,-3,1,-1,0,-3,0,-4,2,-2,5,2,6]"
CSI_DATA,265254,d8:b1:90:d9:de:f0,-65,11,-99,-34,66,56,-429481520,100,0,228,0,"[-19,16,-24,16,-29,16,-34,15,-36,16,-37,16,-36,15,-74,-1,-30,14,-27,13,-25,12,-21,10,-18,8,-16,6,-15,4,-14,1,-15,-1,-15,-2,-15,-3,-15,-3,-15,-2,-22,-10,-11,0,-7,2,-4,3,0,3,4,2,8,1,0,0,14,-5,18,-7,19,-11,20,-15,20,-19,19,-21,-68,0,15,-23,12,-21,10,-19,7,-15,6,-12,6,-8,7,-5,7,-3,7,-1,8,0,8,1,9,1,10,0,105,0,7,-3,6,-4,3,-5,-1,-6,-3,-6,-6,-6,-7,-4,13,-6,7,-16,-5,-19,-18,-11,-21,3,-15,14,-3,21,-23,33,20,8,22,-6,12,-21,-5,-25,-24,-14,-28,8,-13,27,11,29,30,10,28,-14,7,-28,-14,-22,-23,-3,-30,10,-3,16,5,12,11,6,11,-1,8,-8,1,-12,0,0,-13,1,-8,11,4,12,12,4,9,-8,-4,-10,7,-23,-3,10,10,8,14,-5,3,-18,-13,-13,-20,4,-9,19,8,19,19,5,15,-11,0,-16,-10,-10,-11,1,3,5,1,6,3,2,0,1,-1,3,4,3,6,1,4,-3]"
CSI_DATA,265255,d8:b1:90:d9:de:f0,-65,11,-99,-34,66,56,-429469049,100,0,228,0,"[-4,24,-9,28,-14,30,-18,32,-22,34,-22,33,-22,31,-74,-1,-18,28,-16,25,-14,22,-14,19,-12,15,-12,13,-13,9,-12,8,-14,6,-14,4,-15,3,-15,2,-14,3,-22,-10,-10,4,-7,3,-3,4,0,3,4,1,8,-2,0,0,13,-8,14,-11,15,-15,16,-20,15,-23,13,-25,-134,0,10,-25,8,-23,6,-20,6,-18,5,-13,5,-8,6,-6,6,-3,7,-2,8,0,9,1,10,0,10,-1,108,0,7,-3,5,-4,3,-4,0,-6,-3,-6,-5,-5,-6,-5,6,-12,-4,-18,-15,-12,-21,0,-16,13,-5,20,8,20,-3,41,22,-3,15,-16,1,-24,-16,-19,-28,-2,-22,20,0,30,23,22,31,-3,19,-25,-4,-29,-23,-14,-24,4,-25,20,2,15,9,9,12,2,10,-5,6,-10,-3,-12,0,0,-13,4,-5,13,7,12,13,1,7,-9,-5,-9,2,-24,-1,10,11,7,13,-8,0,-19,-15,-11,-19,6,-7,20,9,19,20,3,14,-11,0,-16,-11,-10,-12,1,4,5,2,6,3,3,1,1,0,3,3,4,5,1,5,-3]"
CSI_DATA,265256,d8:b1:90:d9:de:f0,-65,11,-99,-38,67,56,-429457966,100,0,228,0,"[-19,-14,-21,-20,-22,-25,-22,-30,-22,-32,-22,-32,-21,-31,-74,-1,-18,-27,-16,-24,-15,-22,-13,-20,-11,-16,-7,-15,-5,-16,-4,-14,-2,-14,0,-16,1,-15,1,-16,1,-14,-22,-10,-1,-10,-2,-7,-2,-3,-2,0,-1,4,0,8,0,0,6,13,9,16,12,18,16,18,20,19,22,18,-22,0,23,13,22,11,21,9,16,8,12,7,10,7,6,6,4,7,2,8,1,8,1,8,1,9,1,9,9,0,3,7,4,5,5,2,6,0,6,-2,4,-6,4,-7,8,11,16,3,16,-8,8,-19,-5,-20,-15,-12,-20,1,-37,-18,-4,21,9,20,22,8,23,-9,10,-25,-12,-26,-29,-9,-28,15,-7,30,18,25,30,3,21,-18,2,-24,-12,-29,-16,-2,-12,7,-5,11,3,12,9,8,13,-2,0,0,-2,-12,-12,-7,-12,5,-3,12,9,8,9,-4,23,5,-10,-3,-7,10,7,12,18,1,12,-14,-4,-20,-19,-9,-18,9,-5,19,11,14,16,1,9,-10,-1,-11,-6,3,-6,0,-2,1,-1,0,-3,1,-3,3,0,5,4,4]"
CSI_DATA,265257,d8:b1:90:d9:de:f0,-65,11,-99,-35,66,56,-429441570,100,0,228,0,"[-19,-16,-19,-23,-19,-29,-18,-33,-17,-37,-15,-38,-14,-38,-76,-1,-10,-32,-8,-30,-6,-27,-5,-25,-3,-20,-1,-18,1,-17,3,-16,6,-14,8,-14,8,-13,9,-11,9,-11,-22,-10,6,-8,3,-6,1,-4,-2,-1,-4,2,-6,5,0,0,-6,13,-8,17,-8,21,-7,25,-6,26,-5,28,-57,16,-3,27,-2,26,-2,22,-2,19,-3,15,-4,11,-4,8,-6,6,-7,4,-8,2,-7,1,-8,2,-8,1,-104,16,-6,3,-5,4,-2,5,1,6,3,6,5,6,6,5,7,11,16,7,18,-5,11,-17,0,-21,-14,-16,-20,-5,-31,-28,-11,18,3,23,18,16,26,0,20,-19,1,-29,-21,-22,-32,0,-22,22,1,32,23,20,28,-2,18,-18,7,-31,-11,-13,-14,-3,-11,4,-6,10,2,13,8,8,0,0,8,-10,-1,-14,-11,-6,-11,5,-2,10,8,6,3,22,-2,-11,-13,-2,-9,10,4,18,19,7,18,-9,4,-21,-13,-16,-20,-1,-13,14,0,17,10,9,11,-1,-3,-4,0,-6,-2,-3,-1,-1,-1,-1,-3,-3,-4,-1,-4,2]"
CSI_DATA,265258,d8:b1:90:d9:de:f0,-65,11,-99,-38,67,56,-429430575,100,0,228,0,"[24,-5,29,-2,33,2,37,5,38,8,39,9,38,9,-74,-1,31,8,29,8,25,7,22,7,20,7,16,8,12,9,11,11,9,11,7,13,6,14,5,14,6,13,-22,-10,5,9,4,6,4,3,1,0,0,-4,-2,-7,0,0,-10,-11,-13,-12,-18,-14,-21,-13,-23,-13,-26,-12,-15,14,-26,-8,-23,-7,-21,-6,-18,-5,-12,-6,-9,-4,-6,-5,-4,-7,-1,-8,0,-8,0,-8,0,-9,0,-9,5,0,-2,-7,-4,-5,-5,-4,-6,-2,-7,1,-6,5,-6,6,-13,-1,-15,10,-6,20,8,20,19,11,21,-2,14,-14,39,-11,-9,-18,-21,-8,-23,7,-12,22,7,27,25,14,30,-8,15,-28,-10,-30,-28,-12,-28,11,-9,25,10,22,23,21,15,-5,7,-11,0,-11,-6,-10,-11,-4,-11,5,0,0,6,12,13,3,11,-8,0,-12,-10,-5,-8,5,-24,-2,10,1,6,-11,-8,-12,-18,0,-11,16,5,20,20,8,19,-9,4,-19,-10,-14,-15,-1,-9,10,1,12,7,-4,6,0,1,-2,1,0,4,0,4,-2,2,-6,-3,-5]"
CSI_DATA,265259,d8:b1:90:d9:de:f0,-65,11,-99,-37,67,56,-429419888,100,0,228,0,"[-22,-9,-24,-13,-25,-19,-27,-22,-27,-25,-27,-26,-27,-26,-72,-1,-23,-21,-22,-19,-20,-17,-16,-14,-14,-13,-11,-13,-9,-13,-7,-14,-5,-14,-3,-14,-2,-15,-2,-14,-2,-15,-21,-10,-4,-10,-4,-7,-4,-2,-3,1,-1,5,1,8,0,0,7,13,11,15,15,16,19,16,23,15,25,14,22,1,25,9,23,7,21,5,18,5,13,5,10,5,7,4,5,6,3,7,1,8,2,9,2,9,2,10,25,0,4,6,5,5,6,2,7,0,7,-3,5,-5,4,-8,10,9,17,0,14,-12,4,-19,-9,-17,-17,-8,-19,4,-39,-9,0,20,13,17,23,4,20,-14,5,-26,-17,-23,-29,-4,-23,20,-1,31,22,20,28,-3,16,-20,-4,-23,-18,-24,-16,2,-10,10,-2,11,4,11,10,5,13,-4,0,0,-4,-12,-13,-4,-12,8,0,13,10,6,9,-5,24,1,-12,-1,-6,13,8,13,18,0,12,-17,-6,-20,-19,-6,-17,12,-2,20,13,13,17,-2,8,-12,-4,-11,-6,4,-6,2,0,3,0,0,-2,0,-4,3,0,6,5,5]"
CSI_DATA,265260,d8:b1:90:d9:de:f0,-66,11,-99,-36,67,56,-429408023,100,0,228,0,"[9,20,8,25,6,29,4,33,3,37,2,36,2,36,-70,-1,3,31,3,28,3,24,2,22,1,18,0,16,-2,15,-4,14,-6,13,-7,12,-8,12,-9,12,-8,11,-21,-10,-4,9,-1,8,1,5,2,2,4,-2,6,-6,0,0,4,-14,4,-18,1,-21,-1,-25,-4,-25,-7,-27,-62,15,-10,-25,-11,-22,-11,-18,-8,-15,-6,-12,-4,-10,-1,-8,2,-6,4,-6,5,-6,6,-6,6,-7,6,-7,72,0,3,-8,1,-7,-1,-6,-5,-5,-7,-3,-7,-1,-9,1,-2,-13,-12,-11,-19,-1,-15,11,-5,19,8,17,16,9,20,31,13,-13,2,-20,-13,-18,-24,-5,-21,15,-4,27,19,22,30,1,21,-22,-2,-30,-22,-18,-25,4,-12,18,-4,29,12,10,12,1,10,-6,4,-9,-3,-11,-10,-7,0,0,-7,12,5,13,13,3,9,-8,-2,-11,-11,-3,-16,-18,6,10,13,-3,3,-15,-12,-13,-19,3,-10,17,8,19,20,5,15,-11,1,-18,-12,-11,-13,2,-6,9,8,0,6,2,3,0,0,0,2,2,5,0,4,-3,0,-6]"
CSI_DATA,265261,d8:b1:90:d9:de:f0,-65,11,-99,-36,67,56,-429397853,100,0,228,0,"[20,9,22,15,23,19,23,25,23,28,23,29,22,29,-70,-1,19,25,16,24,15,20,12,18,9,16,6,15,3,15,1,14,-1,14,-3,14,-5,14,-6,13,-6,14,-21,-10,-3,11,-1,8,1,5,4,2,5,-2,6,-7,0,0,4,-14,3,-19,2,-22,0,-25,-3,-27,-5,-28,7,0,-8,-26,-8,-23,-7,-20,-5,-16,-4,-14,-1,-9,1,-7,4,-6,5,-4,7,-4,7,-3,8,-3,9,-5,106,0,6,-6,5,-7,2,-7,-2,-8,-4,-7,-6,-6,-7,-5,-10,-9,-16,-1,-16,11,-5,19,7,19,16,10,18,-2,34,17,5,-18,-8,-19,-20,-10,-23,7,-13,22,8,26,26,14,29,-9,13,-28,-11,-28,-27,-10,-24,11,-8,21,3,30,14,6,13,-2,9,-7,3,-10,-4,-10,-10,-6,0,0,-6,11,5,14,13,4,10,-8,-2,-12,-11,-4,-14,-19,6,11,13,-1,7,-14,-9,-16,-20,-2,-14,16,3,21,18,11,19,-6,7,-17,-7,-15,-14,-4,-9,6,8,4,5,4,3,1,-1,0,0,3,4,3,6,-1,4,-5]"
CSI_DATA,265262,d8:b1:90:d9:de:f0,-65,11,-99,-37,67,56,-429387386,100,0,228,0,"[-20,-11,-22,-17,-24,-22,-23,-26,-24,-30,-23,-30,-23,-30,-72,-1,-20,-25,-18,-23,-16,-20,-14,-19,-11,-17,-9,-15,-6,-15,-4,-15,-1,-15,0,-15,1,-14,1,-15,2,-14,-21,-10,0,-11,-1,-8,-2,-3,-2,0,-2,4,-1,9,0,0,3,14,7,17,10,19,13,21,16,21,19,22,-68,0,20,18,20,15,19,13,16,11,12,10,8,8,5,7,3,7,0,7,-2,8,-2,9,-2,9,-1,9,-28,15,1,8,3,7,4,5,7,4,7,0,7,-2,7,-4,9,10,16,2,16,-10,7,-18,-7,-19,-17,-10,-20,1,-38,-15,-4,20,10,18,22,8,23,-10,10,-26,-12,-25,-28,-9,-27,15,-7,31,17,25,29,4,21,-17,2,-24,-11,-29,-17,-2,-12,7,-5,12,2,12,9,8,12,1,0,0,-1,-13,-10,-9,-13,3,-5,12,7,9,10,-2,22,10,-10,-5,-10,9,3,15,17,6,16,-12,0,-20,-16,-14,-20,5,-9,17,8,17,16,5,12,-8,1,-12,-8,2,-7,0,-3,1,0,1,-3,0,-5,1,-2,5,2,5]"
CSI_DATA,265263,d8:b1:90:d9:de:f0,-65,9,-99,-37,67,56,-429376067,341,0,106,0,"[59,0,-102,14,17,0,87,14,14,0,89,14,22,0,-112,14,19,0,-37,14,5,0,28,15,-25,15,79,15,-73,15,107,15,-102,15,121,15,-93,15,126,15,-54,15,-111,15,-1,15,-49,15,46,0,38,0,0,0,0,0,27,0,-49,0,-22,15,24,1,-86,15,50,1,-125,15,26,1,-123,15,-31,0,-84,15,-109,0,-18,15,104,0,27,0,74,0,58,0,78,0,60,0,90,0,29,0,93,0,-33,15,72,0,-78,15]"
CSI_DATA,265264,d8:b1:90:d9:de:f0,-65,11,-99,-36,66,56,-429364174,100,0,228,0,"[-12,22,-17,24,-23,25,-28,26,-30,26,-31,25,-30,24,-78,-1,-26,22,-24,20,-20,19,-20,16,-16,13,-15,11,-14,10,-14,7,-15,4,-14,3,-14,1,-15,1,-13,1,-23,-11,-8,2,-6,2,-2,2,1,3,5,1,10,0,0,0,14,-4,17,-8,20,-12,21,-15,21,-17,21,-21,-87,0,16,-23,14,-22,12,-20,10,-16,8,-14,7,-10,8,-6,6,-4,7,-2,8,-1,8,0,8,0,8,0,98,0,7,-3,5,-4,3,-6,0,-6,-2,-7,-4,-7,-5,-5,10,-7,3,-15,-7,-16,-19,-7,-20,6,-11,17,0,21,-15,41,21,4,20,-11,8,-23,-11,-23,-26,-10,-26,13,-8,30,16,26,32,5,26,-20,3,-31,-19,-21,-25,-1,-29,16,-1,19,8,12,13,3,11,-5,5,-11,-3,-12,0,0,-11,4,-6,12,5,11,12,1,7,-10,-5,-10,8,-22,-3,12,10,8,14,-5,4,-19,-13,-15,-21,2,-11,19,6,20,19,7,17,-10,3,-17,-10,-12,-14,-1,0,5,1,7,4,3,3,0,0,1,2,2,3,2,3,-2]"
CSI_DATA,265265,d8:b1:90:d9:de:f0,-64,11,-99,-36,66,56,-429351648,100,0,228,0,"[-14,-21,-13,-28,-11,-33,-8,-38,-6,-41,-5,-41,-4,-41,-78,-1,-3,-35,-2,-32,-2,-29,-1,-25,0,-22,2,-19,4,-17,5,-15,8,-14,10,-12,10,-12,12,-11,11,-10,-23,-11,7,-7,4,-6,1,-4,-1,-1,-3,2,-5,5,0,0,-7,14,-8,17,-7,21,-7,25,-5,29,-3,30,-25,16,-1,30,0,28,1,24,0,21,0,17,-2,13,-3,10,-4,6,-5,4,-7,4,-7,3,-8,3,-8,3,-100,16,-6,4,-5,5,-2,6,1,7,4,7,5,5,7,4,4,14,15,10,21,-1,16,-13,3,-23,-10,-20,-19,-11,-24,-35,-15,15,-1,23,14,20,26,4,24,-15,6,-30,-17,-25,-33,-4,-26,22,-2,33,22,24,30,1,20,-17,11,-32,-12,-15,-15,-3,-12,5,-6,11,1,13,8,8,0,0,10,-10,-1,-14,-12,-7,-12,5,-2,12,7,7,5,25,-2,-11,-12,-2,-10,12,6,16,19,5,16,-13,1,-23,-15,-14,-21,2,-11,16,4,17,14,7,12,-4,-4,-5,-3,-7,-4,-3,-1,0,-1,-1,-3,-2,-5,0,-3,3]"
CSI_DATA,265266,d8:b1:90:d9:de:f0,-65,11,-99,-35,66,56,-429339816,100,0,228,0,"[-10,-21,-8,-28,-6,-33,-3,-38,-2,-40,0,-41,1,-39,-76,-1,0,-34,1,-31,1,-28,2,-23,3,-21,3,-18,5,-16,7,-14,8,-11,9,-10,10,-9,11,-9,11,-9,-22,-10,8,-7,5,-5,1,-4,-2,-2,-4,0,-6,4,0,0,-11,11,-11,16,-11,19,-11,22,-10,26,-9,28,-110,16,-7,29,-4,26,-4,23,-4,20,-3,16,-4,11,-6,8,-5,6,-6,3,-7,2,-8,2,-9,1,-9,1,-111,16,-7,3,-6,4,-4,6,0,8,2,7,4,7,6,6,1,14,11,11,19,2,17,-10,6,-19,-6,-20,-17,-11,-19,-38,-17,13,-5,21,10,22,25,8,26,-11,9,-28,-14,-28,-31,-8,-29,17,-8,31,16,26,28,5,21,-14,15,-30,-9,-16,-14,-5,-13,3,-7,9,0,11,7,9,0,0,11,-7,1,-15,-9,-9,-13,3,-4,11,7,8,1,25,-1,-11,-13,-5,-13,10,2,18,17,9,19,-9,6,-21,-11,-17,-20,-2,-14,14,1,18,13,10,14,-2,-3,-5,-2,-7,-4,-3,-2,0,0,-1,-2,-2,-4,-1,-4,2]"
CSI_DATA,265267,d8:b1:90:d9:de:f0,-65,11,-99,-35,66,56,-429321545,100,0,228,0,"[-4,23,-10,28,-15,30,-20,31,-23,31,-27,31,-26,29,-76,-1,-25,25,-21,21,-20,18,-18,16,-17,13,-16,9,-15,6,-16,4,-15,2,-15,-1,-16,-2,-15,-3,-14,-3,-22,-10,-9,-2,-7,0,-4,1,-1,3,3,2,7,4,0,0,15,4,20,2,23,0,26,-1,29,-3,30,-5,66,1,28,-6,26,-6,23,-6,19,-5,16,-2,13,-1,10,2,7,3,6,5,5,7,4,7,4,8,5,9,56,0,6,7,7,5,7,3,6,0,6,-2,6,-5,5,-6,6,-11,-2,-17,-14,-13,-19,-2,-17,10,-7,19,5,20,-10,41,20,2,18,-11,6,-23,-11,-23,-26,-9,-27,11,-11,29,14,30,31,10,29,-15,8,-29,-14,-26,-25,-7,-32,7,-7,17,3,15,10,8,13,1,10,-6,5,-11,0,0,-11,-5,-14,6,-3,13,8,10,11,-2,4,-9,22,-13,-9,5,1,13,14,7,16,-9,2,-20,-16,-15,-21,2,-13,18,5,19,18,7,16,-7,5,-16,-7,-14,-6,4,-6,4,1,5,1,2,-1,-1,-2,2,-1,5,3,4]"
CSI_DATA,265268,d8:b1:90:d9:de:f0,-65,11,-99,-35,66,56,-429301647,100,0,228,0,"[-4,-23,1,-29,5,-33,8,-35,10,-38,13,-38,14,-35,-76,-1,14,-31,13,-28,11,-25,11,-21,10,-19,10,-15,10,-13,11,-9,13,-7,14,-5,15,-4,15,-3,15,-3,-22,-10,10,-2,7,-2,3,-1,0,-2,-3,0,-6,0,0,0,-14,6,-17,8,-18,11,-19,15,-20,18,-20,20,52,16,-19,21,-16,20,-14,18,-11,16,-10,11,-9,8,-8,4,-7,2,-7,-1,-7,-2,-8,-3,-8,-4,-8,-4,-107,16,-7,-2,-7,0,-6,2,-4,4,-2,6,-1,7,1,7,-2,14,8,15,17,7,19,-5,11,-16,-1,-20,-11,-17,-6,-41,-19,6,-13,18,3,23,19,16,27,-1,19,-21,-2,-31,-25,-20,-33,4,-19,26,4,30,22,16,26,-4,27,-19,-1,-19,-10,-10,-13,-3,-10,5,-6,9,2,11,0,0,14,-2,7,-10,-4,-13,-11,-4,-9,7,2,9,-11,22,4,-8,-7,-8,-14,3,-6,16,10,15,21,1,15,-15,-2,-20,-16,-11,-18,5,-8,16,5,15,13,5,1,-6,2,-7,-2,-5,-2,-1,1,0,0,-3,-3,-3,-4,0]"
CSI_DATA,265269,d8:b1:90:d9:de:f0,-65,11,-99,-35,66,56,-429291585,100,0,228,0,"[25,4,28,9,31,14,33,17,34,19,34,20,33,19,-76,-1,30,16,27,15,23,13,21,11,18,10,15,10,13,10,10,10,8,13,7,15,7,15,5,14,6,13,-22,-10,5,9,4,6,3,3,1,0,-1,-3,-4,-5,0,0,-13,-9,-15,-10,-19,-9,-23,-8,-27,-8,-28,-5,-51,15,-29,-1,-27,0,-23,0,-20,1,-15,-1,-13,-1,-10,-2,-8,-5,-5,-6,-4,-7,-5,-7,-5,-7,-5,-7,-62,16,-7,-5,-6,-3,-6,0,-6,1,-5,3,-3,6,-1,7,-11,-6,-17,3,-11,14,1,20,14,17,20,3,18,-9,42,0,-4,-20,-18,-13,-23,3,-17,19,2,27,22,19,31,-4,18,-27,-6,-32,-28,-16,-30,9,-11,26,8,25,27,21,18,-6,7,-13,-2,-13,-8,-8,-13,-2,-10,7,0,0,7,11,14,1,9,-9,-3,-11,-9,-4,-7,6,-25,4,9,-2,2,-11,-13,-8,-16,6,-5,20,13,16,21,-1,11,-17,-5,-19,-18,-7,-15,7,-3,16,8,10,5,-6,5,-5,-1,-4,-1,-1,1,-1,1,-3,-2,-4,-5,-2]"
CSI_DATA,265270,d8:b1:90:d9:de:f0,-65,11,-99,-36,66,56,-429271646,100,0,228,0,"[-19,15,-25,15,-31,15,-35,15,-37,14,-38,14,-37,14,-78,-1,-31,13,-29,13,-25,11,-23,12,-17,10,-17,7,-16,6,-15,3,-15,1,-15,-1,-16,-2,-15,-1,-14,-1,-23,-11,-11,1,-7,1,-4,2,0,2,3,1,7,0,0,0,14,-6,17,-10,20,-13,20,-17,19,-21,19,-23,-69,0,14,-26,12,-25,8,-22,6,-19,5,-15,4,-12,6,-8,6,-6,7,-4,6,-2,8,-1,10,-2,10,-2,112,0,7,-4,5,-6,3,-6,-1,-5,-3,-5,-5,-5,-6,-3,13,-3,10,-13,-2,-17,-16,-12,-20,0,-16,14,-3,21,-25,33,20,8,22,-5,13,-21,-4,-24,-23,-14,-29,7,-14,29,12,31,31,12,29,-15,6,-30,-16,-24,-26,-4,-30,12,-4,19,7,13,13,5,12,-4,7,-10,0,-12,0,0,-14,2,-7,12,5,12,12,3,7,-8,-4,-10,7,-25,-2,10,11,6,12,-6,0,-17,-16,-12,-21,6,-7,21,12,19,21,1,13,-14,-2,-17,-14,-8,-14,4,3,6,4,7,5,1,2,-1,0,1,2,2,4,0,3,-4]"
CSI_DATA,265271,d8:b1:90:d9:de:f0,-65,11,-99,-35,66,56,-429261628,100,0,228,0,"[-20,-14,-22,-18,-23,-25,-22,-29,-22,-32,-22,-34,-21,-32,-76,-1,-18,-29,-17,-26,-15,-25,-13,-20,-11,-18,-8,-17,-5,-18,-4,-16,-1,-15,1,-15,2,-16,2,-15,3,-14,-22,-10,1,-10,0,-7,-1,-3,-1,0,-2,3,-2,8,0,0,2,16,3,19,6,22,10,23,13,26,16,26,130,0,17,23,17,21,16,18,14,15,10,15,7,10,4,9,1,9,-1,8,-2,7,-3,7,-4,7,-3,8,-54,16,-1,8,0,6,2,5,4,5,6,2,6,0,6,-2,8,10,16,4,18,-8,8,-20,-4,-19,-17,-13,-20,0,-39,-19,-6,21,9,21,22,10,23,-7,13,-25,-9,-28,-29,-13,-30,11,-13,31,14,29,30,9,25,-14,6,-26,-8,-32,-19,-5,-15,5,-7,11,1,13,8,9,13,2,0,0,2,-14,-8,-9,-14,1,-6,10,5,9,9,-1,19,16,-8,-6,-10,7,1,14,15,9,18,-9,4,-21,-14,-17,-21,0,-14,17,3,19,16,9,15,-5,5,-13,-8,-1,-8,-2,-4,2,-1,1,-1,1,-4,0,-2,3,0,5]"
CSI_DATA,265272,d8:b1:90:d9:de:f0,-65,11,-99,-35,66,56,-429251510,100,0,228,0,"[-19,-15,-20,-21,-21,-27,-21,-29,-22,-32,-21,-32,-21,-32,-76,-1,-20,-27,-19,-25,-17,-21,-15,-19,-13,-17,-10,-16,-8,-16,-6,-15,-5,-14,-3,-16,-2,-15,-2,-16,-1,-15,-22,-10,-2,-10,-2,-6,-2,-3,-1,0,1,3,3,7,0,0,9,10,15,11,18,11,22,11,26,9,29,7,47,1,29,3,27,1,25,1,20,0,17,1,13,1,10,2,8,4,6,4,5,6,5,7,5,7,6,7,66,0,6,4,7,2,6,1,5,-1,4,-4,2,-6,0,-6,7,11,16,5,18,-7,9,-18,-5,-21,-17,-13,-21,1,-38,-17,-3,20,10,19,22,6,22,-11,8,-27,-15,-25,-31,-6,-26,19,-3,32,21,23,31,0,19,-21,-2,-26,-20,-27,-19,2,-10,11,-2,14,6,10,11,4,13,-5,0,0,-4,-11,-13,-3,-10,7,1,13,9,4,6,-6,26,-1,-9,2,-1,11,11,7,16,-5,4,-18,-13,-15,-21,1,-13,17,6,19,18,7,16,-8,2,-16,-9,-9,-5,7,-5,5,1,4,1,1,-1,1,-1,3,3,4,5,2]"
CSI_DATA,265273,d8:b1:90:d9:de:f0,-65,11,-99,-35,66,56,-429241374,100,0,228,0,"[25,2,28,6,31,10,33,15,34,17,35,18,34,18,-76,-1,30,16,28,15,23,13,20,10,17,10,16,10,13,11,11,11,9,11,6,14,5,15,5,15,3,15,-22,-10,3,9,3,6,3,3,1,-1,0,-3,-3,-7,0,0,-9,-11,-14,-13,-17,-14,-21,-14,-23,-14,-26,-13,-38,15,-27,-9,-26,-7,-22,-6,-19,-4,-15,-5,-13,-5,-7,-5,-5,-5,-4,-7,-2,-7,-2,-9,-1,-9,-2,-9,-23,16,-3,-7,-4,-5,-5,-3,-5,-2,-6,1,-5,4,-5,6,-14,-5,-17,5,-9,16,3,21,15,15,20,3,17,-9,40,-2,-5,-19,-18,-13,-23,3,-17,18,1,28,21,19,31,-3,20,-26,-5,-32,-27,-17,-30,7,-14,25,7,25,22,23,18,-3,9,-13,1,-13,-6,-9,-11,-4,-11,4,0,0,4,11,13,4,10,-7,1,-13,-9,-5,-7,4,-26,-2,9,0,5,-10,-9,-13,-17,1,-10,17,7,19,20,5,18,-11,2,-20,-13,-14,-17,1,-8,13,4,13,7,-3,6,-2,1,-3,-1,-1,2,0,3,-1,1,-5,-3,-5]"
CSI_DATA,265274,d8:b1:90:d9:de:f0,-65,11,-99,-35,66,56,-429229799,100,0,228,0,"[-26,-1,-28,-5,-32,-10,-34,-14,-37,-16,-35,-17,-35,-17,-76,-1,-31,-15,-28,-13,-26,-11,-21,-11,-18,-10,-15,-10,-14,-11,-10,-11,-9,-13,-7,-14,-6,-14,-5,-15,-4,-14,-22,-10,-3,-9,-3,-6,-3,-3,-1,0,1,4,4,6,0,0,10,10,14,13,18,11,22,11,25,11,28,10,33,1,28,6,26,5,23,5,20,4,16,4,13,4,9,4,6,5,4,6,3,8,3,8,3,8,3,8,32,0,3,6,4,5,5,3,6,1,6,-2,4,-5,3,-6,13,5,17,-5,10,-17,-2,-21,-15,-15,-20,-1,-17,10,-40,3,6,19,19,11,23,-3,16,-20,-3,-28,-22,-18,-31,4,-18,27,6,31,28,17,30,-8,14,-26,-8,-25,-25,-22,-18,5,-8,14,1,14,7,10,11,3,10,-5,0,0,-5,-11,-13,-3,-9,8,0,13,9,5,7,-5,26,1,-9,1,-4,11,9,10,17,-3,8,-17,-8,-18,-20,-4,-17,13,0,20,15,13,17,-3,7,-14,-5,-13,-6,4,-6,3,-1,4,1,1,-2,1,-2,2,0,4,3,3]"
CSI_DATA,265275,d8:b1:90:d9:de:f0,-65,11,-99,-35,66,56,-429219424,100,0,228,0,"[20,13,23,17,25,23,26,27,26,29,26,30,26,29,-76,-1,23,25,22,21,20,19,18,17,15,15,14,13,9,13,8,13,6,14,6,16,4,15,4,15,4,14,-22,-10,4,9,3,6,2,4,1,-1,-2,-3,-4,-6,0,0,-11,-9,-16,-10,-20,-9,-25,-7,-27,-6,-29,-4,-73,15,-29,1,-27,3,-25,3,-19,4,-16,3,-14,1,-10,-1,-9,-2,-7,-4,-5,-5,-6,-6,-6,-6,-7,-6,-92,16,-7,-4,-6,-1,-5,1,-4,2,-2,4,0,6,1,7,-9,-10,-16,-3,-16,9,-6,20,8,19,19,9,20,-4,40,11,0,-20,-14,-17,-23,-4,-20,14,-3,28,18,22,31,2,23,-22,-2,-32,-25,-19,-30,6,-15,23,6,26,22,23,19,-4,9,-14,0,-14,-7,-9,-11,-3,-11,6,0,0,7,10,14,1,8,-9,-2,-10,-9,-4,-5,6,-26,5,8,-3,0,-11,-13,-6,-15,9,-1,20,16,14,21,-4,9,-19,-9,-18,-19,-4,-14,11,0,16,11,8,5,-6,4,-7,-2,-4,-2,-1,1,-1,1,-2,-3,-3,-5,0]"
CSI_DATA,265276,d8:b1:90:d9:de:f0,-65,11,-99,-36,66,56,-429207499,100,0,228,0,"[-22,11,-29,8,-33,7,-37,6,-40,4,-40,5,-39,5,-78,-1,-34,5,-31,5,-28,5,-24,4,-21,4,-19,3,-16,1,-16,-1,-15,-2,-14,-4,-15,-5,-14,-6,-12,-5,-23,-11,-10,-2,-7,-1,-4,0,0,2,4,1,7,1,0,0,15,-3,19,-5,21,-10,23,-13,23,-15,24,-20,15,1,20,-23,16,-22,15,-20,11,-19,10,-13,8,-11,7,-7,6,-4,7,-2,7,-1,8,0,8,-1,10,0,102,0,7,-3,5,-4,3,-5,0,-5,-1,-5,-4,-5,-5,-4,13,-1,12,-12,2,-20,-11,-16,-21,-4,-19,8,-10,20,-32,25,16,13,23,0,17,-16,1,-26,-20,-20,-30,0,-21,23,4,32,28,19,32,-8,14,-29,-10,-26,-24,-10,-34,4,-7,16,4,15,11,7,13,0,8,-7,2,-13,0,0,-13,-1,-8,8,2,12,11,5,8,-6,-1,-10,13,-23,-4,8,8,8,14,-4,3,-17,-13,-15,-21,2,-12,19,7,21,20,6,16,-11,1,-17,-13,-12,-14,1,1,8,2,8,6,2,2,-2,-1,1,1,3,4,1,4,-3]"
CSI_DATA,265277,d8:b1:90:d9:de:f0,-65,11,-99,-35,66,56,-429191640,100,0,228,0,"[-7,23,-13,27,-17,29,-22,30,-25,31,-27,30,-27,28,-76,-1,-22,26,-21,22,-19,20,-17,18,-15,15,-15,13,-14,9,-14,6,-15,4,-16,3,-15,1,-15,1,-15,0,-22,-10,-10,1,-7,1,-4,1,0,0,3,0,7,-2,0,0,14,-5,16,-10,18,-13,19,-16,19,-19,19,-21,-82,0,17,-23,15,-22,13,-20,10,-17,8,-14,8,-9,8,-6,6,-5,7,-2,6,0,7,1,8,1,9,1,104,0,7,0,6,-2,5,-3,2,-5,0,-5,-2,-6,-4,-6,8,-11,-1,-17,-13,-14,-20,-3,-18,11,-6,20,6,20,-7,41,20,0,17,-15,3,-25,-14,-21,-27,-5,-23,16,-4,30,19,26,32,3,25,-21,2,-30,-20,-20,-26,-1,-29,15,-1,18,8,13,13,4,11,-4,6,-10,-2,-11,0,0,-13,2,-7,10,3,11,10,3,8,-6,-1,-8,11,-22,-2,8,8,6,13,-5,2,-17,-13,-14,-20,2,-11,17,5,19,19,7,17,-8,4,-17,-8,-13,-14,-2,0,8,0,8,4,4,2,-1,-1,0,0,2,3,2,4,-1]"
CSI_DATA,265278,d8:b1:90:d9:de:f0,-64,11,-99,-36,66,56,-429181645,100,0,228,0,"[-21,-15,-22,-22,-23,-25,-23,-30,-23,-33,-24,-34,-23,-33,-78,-1,-23,-28,-21,-24,-19,-21,-17,-19,-15,-16,-13,-15,-10,-14,-8,-15,-5,-15,-4,-15,-3,-15,-2,-16,-2,-14,-23,-11,-2,-11,-2,-6,-1,-4,0,0,1,1,4,5,0,0,13,8,16,8,20,8,24,7,28,6,30,4,57,1,30,-1,28,-2,25,-3,21,-4,17,-2,13,-1,11,0,8,2,7,4,5,5,7,5,6,6,6,5,76,0,6,3,6,1,5,-1,4,-1,3,-5,0,-6,-2,-7,10,11,17,3,19,-8,8,-20,-6,-21,-19,-11,-22,2,-39,-15,-3,22,14,19,24,5,22,-13,5,-29,-17,-24,-32,-3,-25,23,0,34,24,23,32,-3,17,-24,-5,-28,-22,-26,-20,4,-10,13,0,14,7,10,12,2,12,-5,0,0,-7,-12,-13,-2,-8,8,2,12,8,4,6,-5,26,-5,-7,2,0,11,13,5,13,-10,0,-19,-16,-13,-21,5,-8,19,8,19,19,4,14,-11,0,-16,-11,-8,-4,7,-4,6,2,4,2,1,-1,1,-1,2,3,3,4,0]"
CSI_DATA,265279,d8:b1:90:d9:de:f0,-65,11,-99,-35,66,56,-429171554,100,0,228,0,"[25,2,29,6,32,9,34,14,35,16,35,17,35,17,-76,-1,31,15,28,11,25,10,22,10,19,10,16,9,14,10,11,10,10,13,7,13,6,14,5,15,5,13,-22,-10,5,9,4,6,2,3,1,0,-2,-3,-4,-6,0,0,-10,-9,-16,-10,-19,-10,-22,-10,-26,-10,-29,-7,-59,15,-29,-4,-27,-3,-25,-2,-20,-1,-16,-2,-14,-2,-9,-2,-6,-4,-5,-5,-3,-7,-3,-8,-3,-8,-4,-8,-47,16,-5,-6,-5,-4,-6,-2,-5,0,-5,2,-4,5,-3,7,-13,-5,-17,5,-10,17,3,21,16,15,20,2,18,-10,41,-3,-6,-20,-18,-11,-23,4,-16,20,2,28,23,18,32,-4,18,-27,-7,-31,-29,-16,-30,9,-11,26,8,25,26,21,18,-5,8,-14,-1,-13,-7,-9,-13,-2,-10,6,0,0,5,10,13,3,10,-8,-1,-11,-8,-4,-6,5,-27,2,8,-1,2,-11,-10,-9,-16,4,-7,18,10,17,21,2,15,-15,-2,-20,-17,-10,-17,5,-5,16,6,11,8,-4,6,-4,-1,-5,-2,-2,2,0,2,-1,0,-4,-3,-3]"
CSI_DATA,265280,d8:b1:90:d9:de:f0,-66,11,-99,-35,67,56,-429157867,100,0,228,0,"[16,-13,21,-13,27,-13,32,-12,32,-12,34,-12,33,-12,-68,0,27,-11,25,-12,23,-11,20,-9,16,-7,15,-6,14,-4,13,-2,13,0,14,1,14,2,13,2,13,1,-20,-9,9,0,7,0,3,0,0,0,-2,0,-6,0,0,0,-13,4,-15,8,-17,12,-16,16,-16,20,-14,22,24,14,-11,24,-9,23,-6,20,-5,17,-4,13,-4,9,-4,7,-4,4,-6,2,-5,1,-7,0,-7,0,-8,1,-88,14,-6,3,-3,4,-1,5,0,4,2,4,4,3,5,2,-11,3,-7,13,3,16,15,10,18,-1,13,-13,2,-18,22,-30,-17,-7,-19,5,-10,18,3,22,21,12,25,-6,12,-25,-9,-28,-28,-9,-25,14,-6,28,14,20,23,3,28,-10,2,-16,-6,-11,-10,-4,-10,2,-6,8,0,11,0,0,11,0,6,-9,-3,-10,-9,-1,-7,6,2,7,-6,23,0,-8,-9,-4,-11,6,0,16,13,11,18,-4,5,-18,-11,-15,-18,0,-11,13,2,16,13,6,12,-3,-2,-6,-3,-5,-4,0,0,1,1,0,0,-2,-4,0,-3,2]"
CSI_DATA,265281,d8:b1:90:d9:de:f0,-64,11,-99,-36,66,56,-429146530,100,0,228,0,"[8,-24,13,-28,17,-30,21,-32,24,-33,25,-33,24,-33,-78,-1,19,-30,16,-28,14,-24,13,-22,11,-20,11,-16,11,-13,11,-11,13,-10,13,-8,14,-7,15,-6,14,-6,-23,-11,11,-5,7,-5,4,-3,1,-1,-1,2,-3,6,0,0,-5,14,-4,19,-3,22,-1,26,2,29,4,30,43,0,8,29,11,26,11,22,8,20,8,16,5,12,2,10,1,8,-1,7,-3,7,-3,7,-4,8,-3,8,-43,16,-1,7,0,6,2,5,5,3,6,1,6,-1,6,-2,-7,13,2,19,15,15,23,1,19,-14,4,-21,-8,-20,2,-41,-21,5,-13,19,2,25,21,17,29,-2,19,-23,-5,-31,-29,-17,-33,10,-15,31,13,30,29,10,24,-12,21,-28,-8,-16,-15,-5,-13,3,-6,10,0,12,8,8,0,0,10,-8,-1,-14,-11,-6,-11,4,-2,10,6,4,11,25,-6,-6,-11,3,-2,14,13,11,19,-4,7,-20,-11,-19,-21,-3,-15,14,2,21,15,10,15,-4,5,-13,-7,-1,-8,-2,-5,3,0,2,0,0,-2,0,-3,2,1,4]"
CSI_DATA,265282,d8:b1:90:d9:de:f0,-65,11,-99,-35,66,56,-429131660,100,0,228,0,"[25,0,29,4,33,8,35,10,39,13,39,13,38,11,-76,-1,33,8,29,7,27,6,25,6,20,5,18,6,16,6,14,7,11,9,10,10,10,11,9,13,9,10,-22,-10,7,7,6,5,3,2,1,0,-3,-2,-6,-3,0,0,-15,-3,-19,-1,-23,1,-26,3,-27,6,-28,9,-55,15,-26,14,-23,14,-21,13,-17,13,-14,9,-11,7,-9,4,-7,2,-7,0,-6,-2,-7,-3,-8,-3,-8,-3,-99,16,-8,0,-7,1,-4,3,-3,4,-1,6,1,7,4,6,-13,-3,-16,7,-8,18,5,20,18,13,21,-1,16,-14,40,-8,-9,-19,-20,-8,-21,7,-10,23,9,27,27,11,29,-13,9,-31,-17,-27,-32,-6,-26,18,-2,29,18,20,31,10,14,-11,2,-16,-7,-11,-10,-4,-11,3,-6,10,0,0,10,6,11,-3,4,-10,-7,-9,-10,1,-2,8,-21,17,7,-6,-4,-10,-14,0,-9,14,6,17,19,5,17,-11,1,-21,-16,-13,-19,3,-8,16,7,15,15,4,2,-8,0,-7,-6,-3,-3,1,1,0,1,-2,-3,-2,-4,0]"
CSI_DATA,265283,d8:b1:90:d9:de:f0,-64,11,-99,-37,66,56,-429121646,100,0,228,0,"[25,-5,32,-2,36,1,41,4,41,6,42,9,41,8,-80,-1,35,9,32,6,28,6,25,5,21,5,19,6,17,8,15,10,12,11,10,12,9,13,8,13,8,13,-24,-11,5,10,4,5,2,3,1,0,-2,-2,-5,-5,0,0,-13,-9,-18,-9,-23,-9,-26,-8,-28,-8,-31,-5,-45,16,-31,-2,-28,-1,-26,0,-23,0,-18,-1,-15,-1,-11,-2,-8,-4,-6,-5,-4,-5,-4,-8,-4,-8,-4,-6,-38,17,-5,-5,-5,-4,-5,-1,-6,0,-4,3,-4,5,-3,8,-15,-1,-16,10,-5,19,9,23,20,10,21,-4,15,-16,42,-12,-12,-19,-23,-8,-23,9,-12,24,9,28,28,13,31,-11,13,-31,-15,-32,-32,-10,-30,17,-8,31,15,24,30,17,18,-9,6,-17,-3,-15,-10,-8,-12,-1,-10,8,0,0,8,10,12,1,9,-9,-2,-11,-10,-3,-5,5,-27,3,9,-2,0,-11,-12,-9,-17,5,-5,20,12,17,23,1,13,-17,-3,-21,-17,-10,-18,5,-5,16,8,12,9,-4,8,-5,-1,-4,-2,-2,1,0,2,-1,0,-3,-3,-3]"
CSI_DATA,265284,d8:b1:90:d9:de:f0,-64,11,-99,-37,66,56,-429111060,100,0,228,0,"[23,-15,30,-12,34,-11,39,-10,41,-10,42,-9,41,-9,-80,-1,35,-10,32,-9,27,-9,25,-6,21,-5,20,-4,18,-2,17,0,17,1,16,3,16,4,15,5,13,4,-24,-11,11,3,8,1,4,1,1,-1,-4,0,-8,1,0,0,-15,4,-17,9,-20,12,-21,16,-21,19,-23,21,23,17,-18,25,-16,24,-13,21,-11,19,-9,16,-8,11,-8,9,-6,5,-8,3,-8,2,-9,1,-9,1,-9,1,-103,17,-6,3,-5,4,-3,5,0,5,2,5,4,5,5,4,-13,4,-10,16,2,20,16,16,23,2,18,-11,6,-20,32,-30,-20,-11,-24,3,-17,19,3,28,23,19,31,-3,19,-26,-6,-33,-31,-17,-33,11,-13,31,12,28,26,9,34,-5,6,-19,-4,-16,-12,-6,-12,2,-8,9,0,12,0,0,12,0,10,-10,-2,-12,-11,-4,-8,5,1,9,-11,25,2,-9,-9,-6,-13,6,-2,17,13,13,20,-4,10,-19,-9,-20,-20,-5,-17,12,0,19,13,12,16,-2,-1,-8,-3,-9,-6,-2,-4,2,1,1,0,-2,-3,-2,-3,2]"
CSI_DATA,265285,d8:b1:90:d9:de:f0,-64,11,-99,-36,66,56,-429091655,100,0,228,0,"[20,-15,26,-14,32,-12,37,-11,39,-10,41,-7,40,-6,-78,-1,34,-5,31,-5,28,-3,24,-3,22,-1,20,0,17,3,15,5,14,6,13,8,11,11,11,11,10,11,-23,-11,6,7,5,4,3,2,0,0,-2,-3,-5,-5,0,0,-13,-6,-17,-8,-21,-8,-24,-6,-28,-6,-30,-5,-76,15,-31,-2,-28,-2,-24,-1,-22,-1,-17,-2,-14,-2,-11,-3,-8,-4,-5,-6,-4,-6,-3,-7,-3,-8,-3,-8,-51,16,-4,-7,-5,-5,-5,-3,-5,-1,-5,2,-6,4,-4,5,-13,4,-10,14,2,19,15,14,21,3,19,-11,7,-19,34,-26,-16,-13,-23,-1,-20,15,-4,26,16,23,30,5,26,-19,4,-33,-21,-26,-34,-2,-24,21,-1,30,19,20,32,11,15,-12,4,-16,-6,-13,-11,-6,-12,1,-10,8,0,0,8,10,12,0,7,-8,-3,-11,-11,-3,-5,6,-26,4,8,-2,1,-12,-11,-8,-17,5,-6,17,10,19,21,3,16,-14,-1,-22,-15,-12,-19,3,-7,15,5,14,8,-2,8,-4,1,-6,-2,-2,0,1,2,0,1,-3,-2,-4]"
CSI_DATA,265286,d8:b1:90:d9:de:f0,-65,11,-99,-36,66,56,-429079972,100,0,228,0,"[-2,25,-8,29,-13,32,-17,35,-21,35,-22,35,-22,34,-78,-1,-20,29,-17,26,-16,23,-15,20,-13,17,-13,14,-13,11,-13,6,-14,4,-14,2,-15,1,-15,-1,-15,0,-23,-11,-11,1,-7,1,-4,1,0,1,3,1,7,-1,0,0,15,-4,19,-6,21,-10,23,-13,24,-15,24,-19,14,1,22,-21,21,-20,17,-17,15,-15,13,-11,11,-7,10,-5,8,-2,7,0,7,2,7,4,8,3,8,4,83,0,8,2,7,0,6,-2,4,-4,2,-6,1,-7,0,-7,5,-13,-4,-16,-15,-11,-21,0,-16,14,-4,21,7,20,-4,43,21,-2,16,-15,2,-24,-15,-21,-28,-4,-24,17,-4,32,20,26,34,3,24,-23,0,-32,-21,-21,-26,0,-30,16,-2,19,8,13,13,4,11,-3,7,-8,1,-12,0,0,-13,-1,-7,10,2,13,10,5,8,-5,-1,-10,16,-22,-5,8,7,10,15,-2,7,-16,-8,-17,-21,-4,-17,14,0,22,16,13,20,-3,10,-16,-5,-17,-14,-5,-3,8,-2,10,5,5,3,0,-1,-1,-1,1,1,4,4,1]"
CSI_DATA,265287,d8:b1:90:d9:de:f0,-64,11,-99,-37,66,56,-429059180,100,0,228,0,"[9,-24,16,-27,23,-28,28,-30,32,-27,34,-27,33,-24,-80,-1,30,-20,27,-18,25,-16,23,-12,20,-10,19,-8,18,-4,17,-2,17,0,15,4,16,6,13,6,13,5,-24,-11,10,5,6,3,3,1,1,0,-3,-1,-6,-2,0,0,-16,-1,-19,-2,-23,-1,-26,1,-30,2,-31,4,-61,16,-31,6,-28,6,-25,5,-23,4,-18,2,-15,1,-12,-1,-9,-2,-8,-4,-5,-5,-4,-8,-4,-8,-4,-9,-56,17,-5,-5,-5,-3,-6,-1,-5,0,-5,3,-4,5,-4,6,-8,11,0,18,12,17,21,5,19,-8,11,-19,-2,-21,18,-41,-21,-4,-21,10,-10,23,6,25,25,16,31,-8,17,-28,-9,-33,-32,-17,-33,11,-13,31,10,28,25,12,35,-1,11,-17,-2,-17,-10,-10,-12,-2,-11,5,-6,11,0,0,12,8,12,-3,4,-12,-5,-10,-10,0,-3,8,-25,11,8,-4,-3,-11,-15,-5,-15,9,-1,20,15,15,21,-3,11,-18,-6,-21,-18,-8,-17,8,-4,17,9,13,8,-3,8,-6,-1,-6,-2,-2,0,0,1,-1,1,-3,-2,-3]"
CSI_DATA,265288,d8:b1:90:d9:de:f0,-64,11,-99,-37,66,56,-429041653,100,0,228,0,"[21,17,23,23,24,28,25,32,25,34,26,34,25,33,-80,-1,24,27,23,24,21,21,18,18,16,17,13,16,11,13,8,15,6,15,5,16,3,16,3,16,3,15,-24,-11,3,11,3,8,2,4,0,1,-1,-3,-5,-5,0,0,-12,-8,-17,-8,-23,-8,-25,-6,-28,-4,-31,-2,-61,16,-31,4,-28,5,-26,5,-21,5,-18,4,-15,2,-12,1,-9,-1,-8,-2,-6,-3,-8,-4,-8,-4,-8,-3,-97,17,-8,-1,-8,0,-5,2,-4,3,-2,5,1,6,2,8,-9,-12,-18,-4,-18,9,-8,20,8,21,19,12,23,-2,41,16,2,-23,-13,-19,-25,-5,-23,15,-5,28,18,26,33,3,26,-23,-1,-34,-26,-23,-33,4,-17,26,6,27,24,26,20,-5,9,-13,-1,-13,-9,-10,-12,-1,-11,6,0,0,6,10,13,1,8,-9,-3,-11,-10,-3,-4,6,-26,8,8,-4,-1,-11,-13,-5,-13,11,0,20,18,12,20,-8,6,-21,-11,-18,-20,-1,-12,13,3,17,12,8,4,-9,3,-9,-4,-4,-3,0,0,0,1,-2,-2,-2,-3,0]"
CSI_DATA,265289,d8:b1:90:d9:de:f0,-65,11,-99,-35,66,56,-429031647,100,0,228,0,"[-1,-26,2,-30,6,-33,9,-37,13,-39,13,-39,13,-38,-76,-1,9,-33,9,-30,8,-27,7,-23,6,-20,7,-17,9,-15,9,-13,10,-10,13,-9,13,-7,13,-7,13,-6,-22,-10,9,-4,6,-4,3,-2,1,0,-2,3,-4,6,0,0,-6,13,-6,17,-6,21,-5,25,-4,27,-1,29,-21,16,1,29,4,28,4,25,3,21,3,18,1,14,-1,10,-2,9,-3,6,-4,6,-5,5,-6,5,-5,5,-67,16,-3,7,-2,6,0,6,3,5,5,5,5,3,6,1,-3,14,8,16,18,8,20,-5,13,-17,-1,-21,-13,-15,-7,-40,-19,9,-10,20,6,23,21,13,28,-6,15,-26,-9,-29,-29,-14,-30,13,-11,31,15,28,28,7,23,-13,17,-28,-9,-17,-15,-4,-13,4,-6,9,1,11,8,8,0,0,8,-8,0,-13,-9,-7,-9,3,-2,8,6,5,5,25,-3,-7,-10,1,-6,11,8,14,18,0,13,-16,-3,-20,-18,-10,-19,7,-6,18,10,15,16,2,10,-9,-4,-5,-7,-5,-6,1,-1,3,1,1,-2,-1,-2,1,-1,3]"
CSI_DATA,265290,d8:b1:90:d9:de:f0,-65,11,-99,-35,66,56,-429021549,100,0,228,0,"[-17,18,-25,18,-30,16,-35,16,-37,15,-40,13,-38,11,-76,-1,-33,9,-29,8,-27,6,-23,5,-21,3,-19,1,-17,-1,-16,-3,-14,-5,-13,-7,-13,-9,-10,-9,-11,-9,-22,-10,-7,-7,-6,-4,-3,-3,0,0,3,2,6,3,0,0,13,5,17,4,20,5,25,4,28,3,29,1,56,1,29,-1,28,-1,25,0,21,0,17,1,14,2,11,2,7,4,6,6,4,5,4,8,4,7,4,7,34,0,4,6,5,4,5,2,5,1,6,-2,5,-4,4,-5,13,-7,6,-16,-5,-19,-18,-11,-21,1,-16,14,-4,20,-28,31,18,10,21,-3,17,-18,1,-27,-18,-20,-29,-2,-23,20,-1,32,23,23,32,0,20,-23,-1,-29,-21,-17,-32,-6,-13,13,-2,16,6,11,11,4,11,-2,6,-9,0,0,-8,-7,-11,1,-6,10,3,9,9,2,5,-6,26,-5,-8,3,0,10,11,7,16,-7,4,-18,-11,-16,-20,0,-14,16,3,20,16,10,17,-5,5,-15,-5,-13,-7,3,-7,5,0,6,2,3,-1,0,-1,0,-1,3,2,3]"
CSI_DATA,265291,d8:b1:90:d9:de:f0,-65,11,-99,-36,66,56,-429008606,100,0,228,0,"[15,-21,21,-22,28,-23,31,-24,33,-24,34,-23,33,-22,-78,-1,28,-21,25,-19,22,-16,20,-15,17,-13,15,-11,15,-8,14,-5,14,-3,15,-2,15,-1,14,0,13,0,-23,-11,11,0,6,-1,3,-1,0,0,-3,0,-6,2,0,0,-12,7,-15,11,-16,15,-16,19,-16,22,-15,25,122,16,-13,26,-10,26,-7,23,-6,20,-5,17,-5,13,-5,10,-5,7,-5,5,-6,3,-6,3,-7,3,-7,3,-83,16,-6,4,-4,5,-2,6,1,6,3,5,4,5,6,3,-11,7,-4,16,7,16,19,8,20,-5,12,-16,0,-21,17,-40,-22,-4,-21,10,-8,23,10,23,25,10,26,-13,10,-30,-15,-29,-32,-6,-26,20,-2,31,20,22,26,0,30,-15,1,-19,-10,-13,-14,-3,-11,5,-5,11,2,12,0,0,11,-4,4,-11,-5,-10,-11,-1,-5,7,3,6,-6,24,1,-10,-10,-3,-11,8,1,17,16,11,19,-7,6,-20,-12,-16,-21,-1,-13,14,2,19,14,10,14,-4,-2,-5,-4,-8,-6,-1,-3,2,1,1,0,-1,-2,0,-2,1]"
CSI_DATA,265292,d8:b1:90:d9:de:f0,-64,11,-99,-36,66,56,-428998434,100,0,228,0,"[25,-1,30,2,34,7,37,11,39,14,39,16,37,16,-78,-1,32,14,29,13,25,12,21,11,19,11,15,11,12,12,11,12,7,13,5,14,5,14,3,14,2,14,-23,-11,2,10,2,6,1,3,0,0,-1,-4,-3,-7,0,0,-7,-13,-11,-15,-15,-17,-17,-19,-21,-19,-23,-19,16,16,-24,-16,-24,-14,-22,-13,-19,-11,-14,-10,-11,-8,-7,-6,-5,-7,-3,-7,-1,-7,0,-8,0,-8,0,-8,6,0,-1,-7,-3,-6,-4,-5,-6,-3,-6,-1,-7,2,-6,3,-13,-3,-15,7,-7,17,4,21,15,14,21,2,17,-11,42,-2,-5,-21,-17,-13,-24,2,-17,20,0,29,21,20,31,-1,21,-24,-3,-33,-26,-20,-31,5,-16,24,5,25,21,24,20,-2,11,-11,2,-13,-6,-11,-11,-4,-11,3,0,0,3,12,11,5,11,-4,3,-11,-6,-6,-7,4,-23,-7,10,2,6,-10,-6,-13,-16,-3,-15,14,1,21,17,13,21,-5,10,-19,-8,-17,-17,-5,-12,8,-1,14,8,0,8,0,3,-4,-1,-3,0,0,2,0,2,-2,0,-4]"
CSI_DATA,265293,d8:b1:90:d9:de:f0,-65,11,-99,-36,66,56,-428981483,100,0,228,0,"[-15,20,-22,21,-28,21,-32,21,-35,21,-37,20,-37,20,-78,-1,-30,17,-28,16,-24,14,-21,12,-19,10,-16,6,-16,4,-15,2,-14,0,-14,-2,-14,-4,-13,-4,-13,-4,-23,-11,-10,-3,-6,-1,-3,0,0,1,4,2,7,0,0,0,14,-1,19,-3,21,-5,24,-8,25,-11,26,-14,10,1,24,-17,21,-16,19,-15,16,-13,13,-11,12,-7,10,-5,8,-2,7,0,6,1,7,3,7,2,8,3,87,0,7,1,7,-1,5,-2,3,-4,2,-5,1,-7,-1,-7,12,-7,4,-16,-7,-17,-19,-10,-21,4,-14,15,-1,21,-22,37,20,7,21,-6,13,-21,-5,-25,-23,-15,-29,6,-16,28,10,32,30,14,31,-13,11,-30,-13,-26,-25,-8,-33,6,-6,17,5,14,11,6,11,-1,7,-7,1,-12,0,0,-11,-3,-10,8,0,12,8,6,10,-4,0,-8,17,-19,-5,8,6,10,14,0,8,-14,-7,-17,-19,-4,-16,13,-1,22,15,14,19,-3,8,-15,-5,-15,-14,-5,-3,7,-1,10,4,5,3,0,-1,-2,-1,1,2,3,4,1]"
CSI_DATA,265294,d8:b1:90:d9:de:f0,-65,11,-99,-35,66,56,-428961646,100,0,228,0,"[26,-1,30,3,34,7,37,9,38,11,40,13,37,13,-76,-1,33,10,30,9,27,7,23,7,20,7,17,6,14,7,13,9,10,9,9,11,7,13,7,13,6,11,-22,-10,6,8,4,6,3,3,1,0,-2,-2,-4,-4,0,0,-13,-6,-17,-6,-20,-6,-23,-4,-27,-3,-29,-1,-59,15,-28,2,-27,3,-25,4,-20,4,-16,2,-14,1,-10,0,-8,-2,-7,-4,-5,-4,-7,-6,-6,-5,-6,-5,-71,16,-6,-4,-6,-2,-6,1,-5,2,-4,4,-2,6,-1,7,-14,-2,-16,7,-8,17,5,19,17,13,21,-1,16,-13,41,-7,-8,-18,-20,-9,-23,6,-13,21,6,28,26,14,30,-9,14,-29,-13,-30,-30,-11,-28,15,-7,28,14,22,29,16,16,-9,5,-15,-4,-11,-8,-6,-10,1,-8,8,0,0,8,8,11,0,6,-9,-3,-10,-9,-2,-4,6,-23,6,7,-3,-1,-10,-13,-5,-14,8,-1,19,15,14,20,-3,9,-18,-7,-18,-18,-6,-15,9,-1,16,9,9,6,-5,5,-7,-2,-5,-2,-1,1,0,2,-1,-1,-3,-3,-2]"
CSI_DATA,265295,d8:b1:90:d9:de:f0,-65,11,-99,-37,67,56,-428951467,100,0,228,0,"[-20,14,-26,12,-30,10,-34,8,-38,6,-40,4,-37,3,-72,-1,-32,2,-29,2,-25,1,-22,1,-20,-1,-17,-3,-15,-5,-13,-6,-12,-7,-9,-9,-10,-10,-8,-11,-7,-10,-21,-10,-6,-8,-4,-5,-3,-2,0,1,1,3,5,6,0,0,10,9,15,10,18,10,21,10,24,10,26,9,52,1,26,7,25,6,22,5,20,5,16,5,12,5,10,5,7,6,4,7,3,6,2,8,2,8,2,8,30,0,3,6,4,5,5,3,5,2,6,-1,6,-3,6,-4,12,-4,9,-13,0,-18,-12,-15,-19,-5,-18,8,-10,17,-34,22,14,14,21,3,19,-13,6,-23,-13,-23,-27,-8,-26,14,-9,30,16,27,31,6,25,-17,4,-27,-15,-20,-27,-13,-15,10,-5,15,4,12,9,6,11,0,9,-8,0,0,-7,-9,-12,-1,-8,8,2,10,9,3,5,-5,24,1,-8,1,-2,11,9,11,15,-2,9,-15,-6,-17,-19,-6,-16,11,-2,19,11,14,17,0,10,-11,-3,-13,-8,1,-8,2,-2,5,1,3,0,-1,-2,0,-2,3,1,3]"
CSI_DATA,265296,d8:b1:90:d9:de:f0,-65,11,-99,-35,66,56,-428941337,100,0,228,0,"[6,-23,11,-27,17,-31,20,-31,23,-32,23,-32,23,-32,-76,-1,19,-28,17,-25,16,-22,14,-20,11,-17,10,-14,11,-11,11,-8,13,-6,14,-5,15,-4,15,-3,15,-3,-22,-10,10,-3,8,-3,4,-2,1,-1,-2,0,-6,3,0,0,-9,9,-11,15,-11,19,-10,22,-9,25,-8,27,-78,16,-4,29,-2,27,0,23,0,20,0,17,-1,13,-2,9,-3,6,-3,5,-6,4,-6,3,-7,3,-7,4,-83,16,-5,5,-3,6,-1,6,2,6,4,5,6,4,7,2,-7,11,2,17,15,14,20,1,17,-13,5,-20,-7,-19,4,-40,-20,3,-16,16,-1,23,16,19,28,1,22,-20,0,-31,-25,-21,-33,4,-18,27,7,31,25,13,25,-7,23,-22,-4,-17,-11,-7,-11,1,-8,7,-3,11,5,10,0,0,10,-5,3,-11,-7,-9,-10,1,-4,8,4,6,0,26,-1,-9,-10,-2,-9,10,4,16,17,5,16,-11,1,-20,-16,-14,-20,3,-8,17,6,17,15,5,13,-6,-4,-5,-6,-6,-5,0,-1,2,1,0,-1,-2,-4,0,-2,3]"
CSI_DATA,265297,d8:b1:90:d9:de:f0,-64,11,-99,-36,66,56,-428929100,100,0,228,0,"[13,22,12,29,10,34,8,39,6,42,6,42,4,41,-78,-1,3,35,4,32,3,28,2,24,1,22,0,19,-2,17,-4,15,-7,14,-8,12,-10,13,-11,11,-11,11,-23,-11,-7,8,-5,7,-3,3,-1,1,0,-1,2,-5,0,0,3,-15,2,-19,0,-22,-1,-24,-3,-26,-6,-29,-92,16,-10,-28,-11,-25,-10,-22,-7,-20,-5,-16,-4,-13,-1,-10,1,-7,2,-6,4,-6,4,-5,6,-6,5,-6,62,0,3,-6,2,-5,-1,-6,-3,-6,-5,-4,-6,-2,-7,-1,-4,-14,-15,-11,-21,1,-16,15,-2,22,11,19,21,8,24,34,14,-16,0,-23,-15,-19,-26,-3,-23,15,-4,31,20,25,34,2,24,-23,-1,-33,-23,-21,-29,3,-16,20,-6,32,14,12,15,0,12,-7,4,-11,-3,-11,-8,-5,0,0,-8,10,3,12,11,5,8,-5,0,-8,-6,-4,-13,-22,5,7,11,-3,3,-14,-11,-11,-19,2,-10,17,7,20,20,6,17,-11,2,-20,-12,-13,-15,1,-7,10,6,3,7,4,5,-1,0,-1,0,1,2,1,3,-1,2,-4]"
CSI_DATA,265298,d8:b1:90:d9:de:f0,-64,11,-99,-36,66,56,-428918434,100,0,228,0,"[-11,-25,-8,-31,-6,-35,-5,-40,-4,-42,-3,-42,-4,-41,-78,-1,-4,-35,-4,-32,-4,-29,-3,-25,-3,-23,-1,-20,0,-17,2,-16,4,-15,5,-13,5,-14,7,-13,7,-12,-23,-11,4,-10,2,-7,1,-4,0,-1,-1,3,-1,6,0,0,4,14,4,19,8,21,11,23,14,23,17,23,-83,0,21,20,21,19,20,15,16,13,14,11,11,8,7,7,5,8,3,7,1,7,1,7,0,8,0,7,15,0,3,6,3,5,5,3,6,1,6,-1,5,-4,5,-5,2,14,14,12,20,1,17,-12,6,-22,-7,-20,-19,-10,-24,-35,-14,17,0,23,16,19,28,1,22,-19,1,-31,-23,-22,-33,1,-21,26,6,33,28,16,30,-8,12,-23,-2,-32,-17,-10,-16,4,-8,12,0,13,7,10,12,2,0,0,1,-13,-8,-8,-11,1,-5,10,3,7,8,-1,21,14,-8,-3,-7,8,4,14,15,4,15,-12,-1,-21,-17,-12,-21,5,-7,17,8,17,16,4,13,-10,0,-13,-7,1,-10,1,-3,4,1,2,0,1,-3,1,-1,3,2,3]"
CSI_DATA,265299,d8:b1:90:d9:de:f0,-65,11,-99,-35,66,56,-428907845,100,0,228,0,"[-25,9,-30,6,-34,3,-40,1,-40,-2,-42,-3,-40,-5,-76,-1,-34,-5,-30,-4,-28,-4,-23,-4,-20,-4,-18,-6,-15,-7,-13,-7,-9,-9,-8,-11,-7,-13,-6,-13,-6,-13,-22,-10,-5,-9,-4,-6,-3,-4,-1,0,1,3,3,6,0,0,10,10,13,11,17,13,21,13,26,14,27,11,7,1,27,9,27,7,23,6,20,6,16,6,13,5,8,5,6,6,3,7,2,7,2,8,1,8,1,8,-2,16,3,7,4,5,5,4,6,3,7,0,7,-3,6,-4,14,-1,14,-10,3,-19,-10,-18,-18,-9,-20,4,-13,15,-41,16,11,17,21,6,21,-9,11,-23,-8,-28,-27,-14,-30,10,-14,30,13,31,31,11,28,-14,8,-28,-11,-23,-28,-18,-17,8,-6,14,3,11,7,8,10,1,9,-5,0,0,-5,-10,-11,-3,-9,7,0,11,8,5,7,-4,26,2,-10,0,-5,10,8,11,17,0,11,-16,-4,-20,-19,-8,-19,9,-5,19,11,15,17,1,10,-11,-1,-14,-7,2,-8,2,-1,4,1,2,-1,-1,-3,0,-3,4,1,4]"
CSI_DATA,265300,d8:b1:90:d9:de:f0,-65,9,-99,-36,67,56,-428895320,98,0,106,0,"[-56,14,-72,0,-71,14,15,1,-41,14,36,1,5,15,2,1,69,15,-41,0,-122,15,-84,0,-64,15,-104,0,4,0,-111,0,44,0,-116,0,55,0,-116,0,34,0,106,0,4,0,43,0,-35,15,-34,15,0,0,0,0,-41,15,65,15,-15,15,-18,14,10,0,-51,14,43,0,-49,14,44,0,5,15,20,0,88,15,-15,15,-104,15,-50,15,-49,15,-74,15,-29,15,-86,15,-34,15,-76,15,-50,15,-34,15,-72,15,14,0]"
CSI_DATA,265301,d8:b1:90:d9:de:f0,-65,11,-99,-34,66,56,-428881494,100,0,228,0,"[25,-2,30,3,33,6,37,11,37,14,38,15,36,16,-74,-1,32,14,27,13,25,11,21,10,18,10,14,10,11,11,9,12,6,12,4,14,2,14,1,14,1,14,-22,-10,1,11,2,8,2,4,2,1,0,-2,-1,-6,0,0,-7,-13,-9,-15,-12,-18,-15,-19,-18,-20,-21,-20,33,15,-23,-16,-21,-14,-19,-14,-16,-11,-12,-10,-9,-8,-5,-7,-1,-7,0,-8,1,-6,2,-8,3,-7,2,-8,31,0,0,-8,-1,-7,-2,-6,-5,-5,-7,-3,-7,0,-8,1,-13,-3,-15,8,-8,18,5,21,15,13,21,1,15,-10,41,-3,-6,-19,-18,-12,-24,2,-18,19,0,28,21,21,31,-1,23,-24,-3,-32,-25,-20,-31,3,-16,24,4,25,18,26,18,-2,10,-10,2,-12,-4,-10,-8,-5,-11,1,0,0,2,13,10,7,11,-3,4,-10,-6,-8,-8,1,-23,-10,8,3,8,-9,-3,-13,-15,-5,-15,11,-1,21,15,14,21,-3,11,-16,-5,-16,-15,-6,-13,7,-3,12,9,1,7,1,3,-2,0,-2,0,1,3,1,3,-2,1,-5]"
CSI_DATA,265302,d8:b1:90:d9:de:f0,-64,11,-99,-36,66,56,-428871492,100,0,228,0,"[-26,-8,-29,-14,-31,-20,-32,-24,-33,-26,-33,-26,-32,-26,-78,-1,-29,-21,-25,-19,-24,-16,-20,-15,-17,-14,-15,-12,-11,-12,-8,-14,-6,-14,-4,-14,-4,-15,-4,-15,-3,-14,-23,-11,-3,-11,-3,-7,-2,-4,0,-1,1,2,3,5,0,0,11,8,15,11,20,11,23,10,26,8,29,6,35,1,30,2,28,1,24,0,22,0,17,1,13,1,11,2,7,3,6,5,5,6,5,6,4,6,5,7,62,0,7,5,6,2,6,0,6,-1,5,-4,3,-7,2,-8,13,8,19,-1,15,-14,2,-21,-12,-19,-21,-6,-21,6,-43,-5,1,22,16,16,25,2,21,-17,2,-30,-20,-22,-33,0,-23,24,4,34,28,20,32,-6,15,-26,-7,-25,-23,-23,-19,5,-8,13,0,13,7,8,11,3,11,-5,0,0,-5,-12,-12,-3,-10,8,0,12,8,4,6,-6,26,-3,-8,1,-2,12,12,8,16,-5,5,-19,-13,-16,-21,0,-13,17,4,19,19,8,16,-6,3,-15,-8,-11,-5,6,-5,5,1,4,2,1,-1,0,-2,2,1,4,4,2]"
CSI_DATA,265303,d8:b1:90:d9:de:f0,-65,11,-99,-34,66,56,-428851257,100,0,228,0,"[24,-5,30,-3,34,-1,39,2,40,3,41,3,39,3,-74,-1,34,2,30,0,27,1,24,1,21,0,18,2,15,3,13,5,13,7,12,8,10,9,11,10,12,9,-22,-10,8,6,6,4,4,1,1,-1,-2,-2,-6,-2,0,0,-13,-1,-18,2,-22,4,-23,7,-25,9,-25,12,-8,14,-23,16,-20,15,-16,14,-14,13,-11,10,-9,7,-8,4,-7,1,-7,-1,-6,-1,-7,-2,-8,-3,-9,-3,-97,15,-8,0,-6,3,-5,4,-2,5,0,6,2,7,4,7,-14,-1,-14,10,-4,19,10,19,19,7,21,-6,12,-15,38,-19,-13,-16,-22,-4,-20,12,-6,24,13,24,28,6,25,-18,4,-31,-22,-24,-31,0,-20,23,3,27,21,14,31,4,11,-14,-1,-13,-8,-9,-10,-3,-9,4,-5,11,0,0,11,4,11,-5,2,-11,-7,-7,-10,3,-2,9,-18,18,6,-7,-6,-9,-14,1,-8,14,7,16,20,3,15,-13,-2,-20,-16,-10,-18,5,-5,15,8,12,13,2,1,-7,0,-7,-5,-2,-2,1,2,-1,0,-3,-3,-3,-5,0]"
CSI_DATA,265304,d8:b1:90:d9:de:f0,-65,11,-99,-34,66,56,-428831172,100,0,228,0,"[-16,19,-23,20,-29,18,-34,16,-38,14,-39,12,-38,10,-74,-1,-33,8,-29,7,-26,5,-22,4,-21,2,-16,-1,-15,-3,-13,-5,-12,-6,-11,-9,-10,-11,-9,-12,-8,-11,-22,-10,-7,-8,-5,-6,-4,-3,-1,0,1,3,4,5,0,0,11,9,14,10,19,11,21,11,25,11,27,10,26,1,27,7,25,7,22,7,19,6,14,6,10,6,7,5,4,7,2,7,0,8,-1,9,-1,9,-1,9,-22,15,1,8,3,6,4,5,5,5,7,2,7,0,8,-2,11,-7,5,-15,-5,-19,-16,-11,-21,0,-16,12,-5,19,-29,28,16,11,22,-1,18,-15,3,-26,-15,-23,-29,-5,-25,19,-4,32,21,25,31,3,24,-19,1,-28,-15,-19,-29,-12,-14,10,-4,13,4,11,8,7,11,1,10,-6,0,0,-7,-10,-11,-3,-9,7,1,11,9,5,7,-4,25,1,-9,-1,-5,10,8,12,16,1,12,-14,-4,-20,-19,-9,-20,7,-6,19,9,16,16,3,11,-9,0,-13,-7,2,-7,0,-2,3,0,2,-2,-1,-4,0,-3,4,0,5]"
CSI_DATA,265305,d8:b1:90:d9:de:f0,-65,11,-99,-35,66,56,-428817995,100,0,228,0,"[-2,26,-7,30,-11,33,-15,37,-18,37,-19,37,-19,35,-76,-1,-16,31,-15,28,-13,25,-11,20,-10,18,-10,15,-10,13,-11,8,-11,6,-13,5,-14,4,-14,4,-14,3,-22,-10,-9,3,-7,3,-3,3,0,3,3,1,7,-2,0,0,11,-7,14,-13,16,-16,16,-19,15,-23,15,-26,129,0,11,-26,8,-23,7,-22,6,-19,5,-15,5,-10,6,-7,5,-5,6,-3,6,-2,8,0,8,-1,9,0,103,0,6,-3,6,-4,3,-6,1,-7,-2,-7,-3,-6,-5,-6,5,-11,-4,-16,-15,-10,-19,1,-15,14,-3,20,8,18,0,43,21,-3,15,-17,0,-23,-18,-19,-28,-1,-20,21,1,31,25,21,32,-4,18,-26,-5,-30,-25,-15,-25,6,-25,22,4,17,11,8,13,0,9,-6,4,-10,-3,-10,0,0,-11,5,-5,10,6,10,11,1,6,-8,-4,-8,4,-23,-1,10,11,6,13,-8,1,-18,-16,-11,-19,5,-8,19,9,19,20,4,15,-11,1,-18,-10,-10,-13,1,2,6,2,8,4,4,2,0,-1,0,1,2,4,2,4,-2]"
CSI_DATA,265306,d8:b1:90:d9:de:f0,-65,11,-99,-34,66,56,-428807145,100,0,228,0,"[22,12,24,19,25,24,26,28,26,30,26,31,25,30,-74,-1,23,25,21,23,19,19,15,16,13,15,10,14,7,13,5,13,4,14,2,13,0,15,0,15,0,14,-22,-10,1,10,2,9,2,4,1,0,0,-3,-2,-6,0,0,-7,-11,-11,-14,-15,-14,-18,-15,-22,-15,-26,-13,-3,14,-26,-9,-25,-7,-22,-5,-19,-4,-14,-4,-11,-4,-8,-4,-5,-6,-3,-6,-1,-7,-3,-8,-1,-8,-2,-9,-28,15,-4,-7,-5,-5,-6,-2,-7,-1,-6,2,-5,5,-4,7,-9,-10,-18,-2,-16,10,-7,20,8,19,18,9,21,-2,40,13,2,-21,-11,-18,-23,-7,-23,12,-8,26,13,26,29,7,26,-18,3,-32,-21,-22,-30,0,-19,21,3,24,16,27,16,-1,11,-9,2,-11,-4,-10,-10,-5,-11,3,0,0,3,12,11,6,11,-5,1,-12,-8,-6,-7,4,-25,-3,10,1,4,-10,-8,-12,-18,1,-10,15,7,20,20,6,16,-12,1,-20,-13,-11,-16,2,-7,12,4,11,7,-5,6,-3,0,-3,-1,-1,3,-1,3,-3,0,-5,-4,-4]"
CSI_DATA,265307,d8:b1:90:d9:de:f0,-65,11,-99,-35,66,56,-428797109,100,0,228,0,"[19,18,19,25,17,31,16,37,15,39,13,40,11,39,-76,-1,8,33,7,30,6,27,5,23,3,21,1,18,-1,17,-4,15,-5,14,-8,14,-9,13,-9,11,-9,11,-22,-10,-7,8,-5,7,-2,4,0,1,2,-2,3,-6,0,0,4,-14,3,-17,3,-21,1,-25,0,-28,-2,-28,-70,16,-4,-28,-5,-25,-6,-22,-4,-19,-2,-16,-1,-11,1,-8,3,-7,5,-5,6,-4,7,-3,8,-4,8,-4,86,0,6,-5,4,-5,2,-6,-2,-7,-4,-6,-5,-4,-7,-4,-7,-14,-17,-6,-19,6,-13,18,1,21,14,16,20,5,31,30,11,-18,-2,-22,-17,-17,-26,-1,-20,18,-1,30,22,22,33,-1,21,-26,-2,-32,-25,-19,-28,3,-14,19,-6,32,13,11,15,1,10,-5,4,-10,-3,-10,-9,-6,0,0,-8,9,1,14,10,6,10,-5,1,-10,-7,-5,-10,-23,3,8,10,-1,6,-13,-8,-15,-19,-2,-14,15,3,21,17,10,20,-6,7,-17,-7,-16,-14,-4,-9,7,5,4,4,6,3,1,1,0,1,2,3,2,5,-1,3,-5]"
CSI_DATA,265308,d8:b1:90:d9:de:f0,-65,11,-99,-35,66,56,-428781615,100,0,228,0,"[-10,23,-17,26,-23,26,-29,26,-32,26,-33,23,-33,21,-76,-1,-29,18,-27,15,-22,13,-20,10,-19,7,-17,5,-16,2,-15,0,-14,-3,-13,-5,-13,-7,-13,-7,-11,-7,-22,-10,-9,-5,-7,-3,-4,-1,-1,2,2,3,5,5,0,0,14,6,17,6,21,6,23,5,27,4,29,3,58,1,28,0,26,0,22,0,20,1,15,2,11,2,8,4,5,5,4,7,2,7,2,9,2,9,2,8,11,0,3,7,4,6,6,3,6,2,7,0,7,-4,7,-5,9,-9,2,-17,-9,-16,-18,-7,-19,6,-13,16,-1,20,-20,38,19,8,21,-6,13,-20,-5,-27,-22,-17,-30,4,-19,25,4,32,28,18,32,-6,16,-27,-7,-27,-21,-13,-31,-1,-10,15,0,14,7,9,9,4,10,-2,6,-8,0,0,-9,-7,-13,2,-6,10,4,10,10,2,5,-7,23,-7,-9,2,-2,13,11,10,17,-4,8,-18,-9,-17,-21,-3,-16,13,-1,20,14,13,17,-2,8,-11,-3,-13,-7,3,-6,3,-1,4,1,1,-2,-1,-3,1,-2,5,2,5]"
CSI_DATA,265309,d8:b1:90:d9:de:f0,-65,11,-99,-38,67,56,-428771618,100,0,228,0,"[6,-25,11,-28,15,-30,19,-32,22,-32,23,-32,23,-31,-74,-1,20,-27,16,-25,15,-21,13,-19,12,-15,12,-12,12,-9,11,-8,12,-5,13,-4,14,-3,14,-2,14,-2,-22,-10,10,-2,7,-2,3,-2,1,-2,-2,0,-6,2,0,0,-10,8,-13,11,-14,14,-14,19,-14,22,-14,24,95,15,-10,24,-8,23,-7,21,-5,16,-5,13,-5,9,-5,7,-5,3,-6,2,-6,2,-8,0,-8,0,-9,0,-98,15,-7,2,-6,4,-3,5,0,6,2,6,4,6,6,5,-6,11,3,16,14,12,20,1,16,-12,6,-19,-6,-19,4,-41,-21,2,-15,15,-2,24,15,20,27,3,21,-19,1,-29,-22,-22,-31,2,-19,24,3,29,22,15,24,-5,24,-19,-2,-18,-10,-9,-12,-2,-9,5,-4,10,3,11,0,0,12,-4,5,-11,-5,-10,-11,-2,-6,7,4,8,-4,24,1,-9,-10,-5,-11,7,0,16,14,10,19,-5,8,-19,-9,-18,-19,-3,-14,11,0,15,11,9,12,-1,-2,-5,-2,-7,-4,-3,-1,0,1,-1,-2,-2,-4,-1,-4,3]"
CSI_DATA,265310,d8:b1:90:d9:de:f0,-65,11,-99,-37,67,56,-428761495,100,0,228,0,"[-25,-4,-28,-9,-30,-15,-31,-19,-31,-23,-31,-24,-29,-25,-72,-1,-24,-22,-22,-19,-19,-18,-16,-16,-13,-15,-10,-14,-6,-14,-4,-14,-1,-14,1,-14,3,-14,4,-14,4,-14,-21,-10,2,-11,0,-8,0,-5,-1,-1,-2,3,-2,7,0,0,0,14,1,17,3,21,5,23,7,25,9,26,129,0,11,24,11,22,10,20,8,17,5,14,3,12,0,9,-2,7,-4,6,-6,5,-6,5,-7,5,-7,5,-75,15,-5,6,-3,6,-1,6,2,7,5,6,6,5,8,3,12,6,16,-3,12,-14,1,-20,-11,-17,-18,-7,-19,5,-40,-8,-1,20,13,18,23,5,23,-12,9,-26,-12,-25,-28,-9,-28,15,-8,30,16,26,29,5,22,-15,5,-23,-7,-30,-16,-4,-13,5,-6,10,0,11,5,10,11,3,0,0,4,-12,-6,-11,-12,-2,-9,8,2,10,9,2,15,18,-6,-7,-11,4,-4,14,11,13,19,-2,12,-17,-5,-19,-18,-8,-18,7,-5,17,9,14,13,2,9,-8,-6,-4,-4,-5,-3,0,0,0,-1,-2,-4,-3,-5,1,-3,5]"
