CSI_DATA,34890,d8:b1:90:db:e8:90,-54,11,1,6,0,0,1,0,0,0,1,-95,0,8,0,546707981,0,100,0,128,1,"[100,-64,5,0,-15,-15,-15,-14,-15,-13,-15,-13,-15,-12,-15,-12,-16,-11,-16,-9,-16,-8,-17,-8,-17,-8,-18,-8,-18,-8,-17,-7,-17,-7,-16,-7,-16,-7,-16,-7,-15,-7,-15,-8,-15,-8,-15,-8,-15,-8,-15,-9,-15,-9,-4,-3,0,0,0,0,0,0,0,0,0,0,0,0,0,0,0,0,0,0,-5,-4,-19,-16,-18,-17,-17,-18,-16,-19,-16,-20,-15,-20,-16,-20,-16,-21,-15,-21,-15,-21,-15,-22,-15,-22,-14,-22,-14,-22,-13,-22,-13,-21,-13,-21,-14,-20,-14,-19,-14,-19,-15,-18,-15,-18,-16,-17,-16,-17,-16,-17,-16,-16]"
CSI_DATA,34891,d8:b1:90:db:e8:90,-67,11,1,6,0,0,1,0,0,0,1,-95,0,8,0,546731202,0,100,0,128,1,"[100,-64,5,0,10,-13,9,-13,9,-14,9,-14,8,-15,8,-15,8,-16,8,-17,7,-18,7,-18,7,-18,7,-19,7,-19,7,-20,7,-19,8,-19,8,-19,9,-19,9,-19,9,-18,9,-18,9,-17,10,-17,11,-17,11,-17,3,-5,0,0,0,0,0,0,0,0,0,0,0,0,0,0,0,0,0,0,2,-4,11,-15,11,-14,12,-12,13,-11,14,-10,15,-10,15,-11,16,-10,17,-10,17,-9,17,-8,17,-8,17,-8,16,-8,16,-8,16,-8,16,-8,15,-9,15,-8,14,-9,14,-9,14,-10,13,-10,13,-10,12,-11,11,-11]"
CSI_DATA,34892,d8:b1:90:db:e8:90,-54,11,1,6,0,0,1,0,0,0,1,-95,0,8,0,546743070,0,100,0,128,1,"[100,-64,5,0,-24,-3,-24,-3,-24,-3,-23,-2,-22,-2,-21,-1,-21,0,-21,1,-21,2,-21,2,-20,2,-20,2,-20,3,-20,3,-20,3,-20,4,-20,4,-20,3,-19,3,-19,3,-18,2,-18,2,-19,2,-19,1,-20,1,-5,0,0,0,0,0,0,0,0,0,0,0,0,0,0,0,0,0,0,0,-8,-1,-28,-1,-28,-3,-28,-5,-28,-6,-28,-6,-28,-7,-28,-8,-27,-8,-27,-9,-27,-9,-28,-9,-28,-9,-27,-9,-27,-9,-28,-9,-27,-8,-27,-8,-27,-8,-27,-7,-27,-7,-27,-6,-26,-6,-26,-6,-26,-5,-25,-5,-25,-4]"
CSI_DATA,34893,d8:b1:90:db:e8:90,-55,11,1,6,0,0,1,0,0,0,1,-95,0,8,0,546762584,0,100,0,128,1,"[100,-64,5,0,18,13,18,12,17,11,17,11,17,10,17,9,17,8,17,7,17,6,17,6,17,6,17,6,17,6,17,5,17,5,18,5,18,5,18,5,17,5,17,5,16,5,16,5,16,6,16,6,16,7,4,1,0,0,0,0,0,0,0,0,0,0,0,0,0,0,0,0,0,0,5,3,22,12,21,13,20,15,20,16,20,17,19,18,19,18,19,18,18,18,18,18,19,18,18,18,18,18,18,18,18,18,18,18,18,17,18,17,19,17,19,17,19,16,19,15,18,15,18,15,18,14,19,13]"
CSI_DATA,34894,d8:b1:90:db:e8:90,-54,11,1,6,0,0,1,0,0,0,1,-95,0,8,0,546776185,0,100,0,128,1,"[100,-64,5,0,-19,-10,-19,-9,-18,-9,-18,-8,-18,-8,-18,-7,-18,-6,-17,-6,-17,-5,-17,-5,-17,-5,-18,-5,-18,-4,-18,-3,-18,-3,-17,-3,-17,-3,-17,-3,-17,-3,-17,-3,-17,-3,-16,-4,-16,-4,-17,-4,-17,-4,-5,-2,0,0,0,0,0,0,0,0,0,0,0,0,0,0,0,0,0,0,-6,-2,-22,-9,-22,-10,-21,-11,-21,-12,-21,-13,-21,-14,-20,-14,-20,-15,-20,-15,-20,-16,-20,-16,-20,-16,-20,-16,-20,-16,-19,-16,-19,-15,-19,-15,-19,-14,-19,-14,-19,-13,-19,-13,-19,-12,-20,-12,-20,-12,-19,-11,-19,-11]"
CSI_DATA,34895,d8:b1:90:db:e8:90,-54,11,1,6,0,0,1,0,0,0,1,-95,0,8,0,546787819,0,100,0,128,1,"[100,-64,5,0,-23,8,-23,8,-22,8,-21,9,-20,9,-19,9,-19,9,-18,9,-18,10,-17,9,-17,10,-16,11,-16,11,-17,11,-16,11,-16,11,-15,11,-15,11,-15,11,-15,11,-14,10,-14,10,-15,10,-16,10,-16,9,-4,2,0,0,0,0,0,0,0,0,0,0,0,0,0,0,0,0,0,0,-6,3,-24,12,-24,11,-25,10,-26,9,-26,8,-27,7,-27,6,-27,6,-27,5,-28,5,-29,5,-29,5,-28,4,-28,4,-28,4,-27,4,-26,4,-26,4,-26,4,-26,5,-25,5,-25,6,-25,7,-25,7,-25,7,-24,8]"
CSI_DATA,34896,d8:b1:90:db:e8:90,-55,11,1,6,0,0,1,0,0,0,1,-95,0,8,0,546798936,0,100,0,128,1,"[100,-64,5,0,19,-11,19,-10,18,-10,18,-11,17,-11,17,-11,16,-11,15,-12,15,-13,15,-13,14,-13,14,-13,13,-13,14,-13,14,-13,14,-13,14,-13,14,-13,14,-13,14,-13,14,-12,14,-11,14,-10,15,-10,16,-10,4,-3,0,0,0,0,0,0,0,0,0,0,0,0,0,0,0,0,0,0,5,-4,21,-15,22,-14,22,-13,22,-12,23,-11,23,-11,24,-11,25,-10,25,-10,25,-10,25,-10,25,-10,25,-9,24,-9,24,-9,23,-9,22,-9,22,-9,22,-10,22,-10,21,-10,21,-11,20,-11,20,-11,20,-11,21,-12]"
CSI_DATA,34897,d8:b1:90:db:e8:90,-56,11,1,6,0,0,1,0,0,0,1,-95,0,8,0,546829452,0,100,0,128,1,"[100,-64,5,0,6,-20,6,-20,6,-20,5,-19,5,-19,4,-19,4,-19,4,-19,4,-20,3,-19,2,-20,2,-20,1,-20,2,-20,2,-20,2,-20,2,-19,2,-19,2,-19,2,-19,2,-20,2,-19,3,-19,4,-19,4,-19,1,-5,0,0,0,0,0,0,0,0,0,0,0,0,0,0,0,0,0,0,1,-6,4,-24,5,-23,6,-23,7,-23,8,-22,9,-22,9,-22,9,-22,10,-22,10,-22,10,-22,10,-22,10,-21,10,-21,10,-21,10,-21,9,-21,9,-21,9,-20,8,-20,8,-20,7,-20,7,-20,7,-20,7,-20,7,-21]"
CSI_DATA,34898,d8:b1:90:db:e8:90,-56,11,1,6,0,0,1,0,0,0,1,-95,0,8,0,546842934,0,100,0,128,1,"[100,-64,5,0,21,-1,21,-1,21,-1,20,-1,20,-2,20,-3,19,-4,19,-5,18,-6,18,-6,18,-5,18,-5,19,-5,19,-5,19,-5,19,-4,19,-4,19,-4,18,-4,18,-4,18,-3,17,-3,17,-2,18,-2,19,-2,4,-1,0,0,0,0,0,0,0,0,0,0,0,0,0,0,0,0,0,0,6,-1,24,-2,24,-1,23,0,23,1,23,2,24,3,25,3,25,3,25,4,25,4,25,4,25,5,24,5,24,5,24,4,23,3,23,3,23,3,23,3,23,2,22,2,23,1,23,0,23,0,23,0,23,-1]"
CSI_DATA,34899,d8:b1:90:db:e8:90,-56,11,1,6,0,0,1,0,0,0,1,-95,0,8,0,546855254,0,100,0,128,1,"[100,-64,5,0,20,-8,19,-8,19,-8,19,-7,18,-7,18,-7,18,-7,18,-8,18,-8,17,-8,17,-8,17,-9,17,-9,17,-9,17,-9,17,-9,17,-9,17,-9,17,-9,17,-9,16,-9,16,-9,16,-8,17,-8,17,-8,4,-2,0,0,0,0,0,0,0,0,0,0,0,0,0,0,0,0,0,0,5,-2,22,-7,22,-6,22,-5,22,-4,23,-3,23,-3,24,-2,24,-2,24,-2,24,-1,24,-1,24,-1,24,-1,23,-1,23,-1,22,-2,22,-2,22,-2,22,-3,22,-4,21,-4,21,-5,21,-6,21,-6,21,-7,21,-7]"
CSI_DATA,34900,d8:b1:90:db:e8:90,-54,11,1,6,0,0,1,0,0,0,1,-95,0,8,0,546867188,0,100,0,128,1,"[100,-64,5,0,9,21,9,20,9,20,9,20,9,20,10,19,9,18,9,18,9,18,9,17,9,18,10,18,9,18,9,17,9,17,10,17,9,17,9,16,9,16,9,17,9,17,9,17,8,16,8,17,7,17,1,4,0,0,0,0,0,0,0,0,0,0,0,0,0,0,0,0,0,0,2,5,10,23,9,23,7,23,7,23,6,24,6,25,5,26,5,26,4,26,4,26,4,26,3,26,3,26,3,25,3,25,3,24,3,24,4,24,5,24,6,24,7,23,7,23,8,23,8,23,9,23,9,22]"
CSI_DATA,34901,d8:b1:90:db:e8:90,-54,11,1,6,0,0,1,0,0,0,1,-95,0,8,0,546881281,0,100,0,128,1,"[100,-64,5,0,-14,18,-14,18,-14,18,-13,18,-12,18,-11,18,-11,18,-10,18,-10,18,-9,18,-9,18,-8,18,-7,18,-7,18,-7,18,-7,19,-7,19,-7,19,-6,18,-6,18,-6,17,-6,17,-6,17,-8,17,-8,17,-3,4,0,0,0,0,0,0,0,0,0,0,0,0,0,0,0,0,0,0,-4,5,-15,20,-16,20,-17,19,-18,18,-18,18,-19,18,-20,19,-20,19,-21,19,-21,18,-22,17,-22,16,-22,16,-21,16,-21,16,-20,16,-19,16,-19,16,-18,17,-17,18,-17,18,-17,18,-17,18,-17,17,-17,18,-17,18]"
CSI_DATA,34902,d8:b1:90:db:e8:90,-54,11,1,6,0,0,1,0,0,0,1,-95,0,8,0,546896540,0,100,0,128,1,"[100,-64,5,0,4,-23,4,-23,4,-22,3,-23,3,-23,2,-22,2,-22,2,-22,2,-22,1,-22,0,-22,-2,-22,-2,-21,-1,-21,-1,-21,-2,-21,-1,-21,-1,-20,0,-19,-1,-19,-1,-19,-1,-19,0,-19,0,-19,1,-19,0,-5,0,0,0,0,0,0,0,0,0,0,0,0,0,0,0,0,0,0,0,-7,2,-26,3,-25,5,-25,6,-25,7,-25,8,-25,9,-25,10,-25,10,-25,11,-25,11,-25,11,-25,11,-24,10,-24,10,-24,9,-23,9,-23,9,-23,8,-24,8,-24,7,-24,7,-24,7,-24,6,-24,6,-24,6,-24]"
CSI_DATA,34903,d8:b1:90:db:e8:90,-56,11,1,6,0,0,1,0,0,0,1,-95,0,8,0,546937043,0,100,0,128,1,"[100,-64,5,0,8,-20,8,-19,8,-19,7,-19,6,-19,6,-18,5,-18,4,-19,4,-19,3,-19,2,-19,2,-19,1,-19,2,-19,2,-19,1,-19,2,-20,2,-19,2,-19,2,-19,2,-18,2,-18,2,-18,3,-18,4,-18,1,-5,0,0,0,0,0,0,0,0,0,0,0,0,0,0,0,0,0,0,1,-6,6,-22,7,-22,8,-22,9,-22,10,-21,10,-21,11,-21,12,-21,12,-21,12,-21,12,-21,12,-21,12,-20,12,-20,12,-20,12,-20,12,-20,11,-20,11,-20,10,-20,10,-20,10,-20,9,-20,9,-20,9,-20,9,-20]"
CSI_DATA,34904,d8:b1:90:db:e8:90,-56,11,1,6,0,0,1,0,0,0,1,-95,0,8,0,546949264,0,100,0,128,1,"[100,-64,5,0,19,-8,18,-8,18,-9,18,-9,17,-9,17,-9,17,-10,17,-9,17,-9,17,-10,17,-9,17,-9,17,-8,17,-9,17,-9,18,-9,18,-9,18,-9,18,-9,18,-8,17,-8,17,-7,17,-7,17,-7,18,-7,4,-2,0,0,0,0,0,0,0,0,0,0,0,0,0,0,0,0,0,0,5,-2,22,-8,22,-7,22,-6,22,-5,23,-5,23,-4,23,-4,23,-4,23,-3,24,-3,24,-3,23,-3,23,-3,23,-3,22,-4,22,-4,21,-5,21,-6,21,-6,21,-6,20,-7,20,-7,20,-8,19,-8,19,-8,20,-9]"
CSI_DATA,34905,d8:b1:90:db:e8:90,-56,11,1,6,0,0,1,0,0,0,1,-95,0,8,0,546963335,0,100,0,128,1,"[100,-64,5,0,-21,8,-20,8,-20,8,-20,9,-20,9,-19,9,-18,9,-18,10,-17,11,-17,11,-17,10,-17,10,-17,10,-18,10,-17,10,-17,10,-17,10,-17,10,-17,10,-17,9,-16,9,-16,9,-16,8,-17,8,-17,7,-5,1,0,0,0,0,0,0,0,0,0,0,0,0,0,0,0,0,0,0,-6,2,-23,8,-23,7,-23,5,-24,5,-24,4,-24,4,-25,3,-25,3,-25,2,-25,2,-26,2,-25,2,-25,2,-25,2,-25,2,-24,2,-24,3,-24,3,-24,4,-24,4,-24,5,-23,5,-23,6,-22,7,-22,7,-22,7]"
CSI_DATA,34906,d8:b1:90:db:e8:90,-56,11,1,6,0,0,1,0,0,0,1,-95,0,8,0,546975802,0,100,0,128,1,"[100,-64,5,0,-21,4,-21,4,-20,5,-20,5,-20,5,-20,6,-19,6,-19,7,-18,8,-18,8,-18,8,-19,7,-19,7,-19,8,-19,8,-19,8,-18,8,-18,8,-18,7,-18,7,-18,7,-17,7,-17,6,-18,6,-18,5,-5,1,0,0,0,0,0,0,0,0,0,0,0,0,0,0,0,0,0,0,-6,1,-23,5,-23,4,-23,2,-23,1,-24,1,-24,0,-24,0,-24,0,-24,-1,-24,-1,-24,-1,-24,-1,-24,-1,-24,-1,-24,-1,-23,-1,-23,0,-23,0,-23,0,-23,0,-22,1,-22,2,-22,2,-22,3,-22,3,-22,3]"
CSI_DATA,34907,d8:b1:90:db:e8:90,-55,11,1,6,0,0,1,0,0,0,1,-95,0,8,0,546986985,0,100,0,128,1,"[100,-64,5,0,12,-18,11,-18,11,-18,10,-19,9,-20,9,-19,9,-19,9,-19,9,-19,9,-19,8,-19,7,-19,7,-19,7,-19,7,-19,7,-19,6,-19,7,-18,7,-18,6,-19,6,-19,6,-18,7,-18,8,-18,8,-17,2,-5,0,0,0,0,0,0,0,0,0,0,0,0,0,0,0,0,0,0,3,-6,12,-22,13,-21,14,-20,15,-19,15,-19,16,-19,17,-18,17,-18,17,-18,17,-17,17,-17,17,-17,17,-17,17,-17,17,-17,16,-17,16,-17,16,-17,15,-17,15,-17,14,-17,14,-18,14,-19,14,-19,14,-19,14,-19]"
CSI_DATA,34908,d8:b1:90:db:e8:90,-56,11,1,6,0,0,1,0,0,0,1,-95,0,8,0,547003831,0,100,0,128,1,"[100,-64,5,0,-18,12,-17,12,-17,12,-16,13,-15,13,-15,13,-14,13,-15,13,-14,13,-14,13,-13,13,-13,14,-13,14,-13,15,-13,15,-12,15,-12,15,-12,15,-12,14,-12,15,-12,14,-12,14,-12,14,-13,14,-14,13,-4,3,0,0,0,0,0,0,0,0,0,0,0,0,0,0,0,0,0,0,-5,3,-19,14,-20,14,-21,12,-21,11,-21,10,-21,10,-22,10,-22,9,-22,9,-22,9,-22,9,-22,8,-22,8,-21,8,-21,8,-21,9,-20,9,-20,9,-20,9,-19,10,-19,10,-19,10,-19,11,-19,11,-19,11,-19,12]"
CSI_DATA,34909,d8:b1:90:db:e8:90,-55,11,1,6,0,0,1,0,0,0,1,-95,0,8,0,547036843,0,100,0,128,1,"[100,-64,5,0,-19,-14,-18,-14,-18,-13,-19,-13,-19,-12,-18,-12,-18,-11,-19,-10,-19,-9,-19,-9,-19,-9,-20,-8,-20,-8,-20,-7,-20,-7,-20,-7,-20,-7,-19,-7,-19,-7,-19,-7,-19,-8,-19,-8,-19,-8,-18,-8,-18,-9,-5,-3,0,0,0,0,0,0,0,0,0,0,0,0,0,0,0,0,0,0,-6,-3,-21,-13,-20,-14,-20,-15,-19,-16,-19,-16,-19,-16,-20,-17,-20,-18,-20,-17,-18,-18,-17,-18,-17,-18,-17,-18,-17,-18,-17,-18,-16,-18,-16,-17,-17,-16,-17,-16,-17,-15,-18,-15,-18,-15,-18,-15,-18,-15,-18,-15,-18,-14]"
CSI_DATA,34910,d8:b1:90:db:e8:90,-56,11,1,6,0,0,1,0,0,0,1,-95,0,8,0,547047363,0,100,0,128,1,"[100,-64,5,0,-22,-13,-22,-13,-22,-12,-21,-12,-21,-12,-21,-11,-21,-11,-22,-11,-22,-11,-22,-11,-22,-10,-22,-10,-22,-9,-22,-9,-22,-9,-21,-10,-21,-10,-21,-9,-21,-9,-21,-9,-21,-10,-21,-10,-20,-10,-20,-10,-20,-11,-5,-3,0,0,0,0,0,0,0,0,0,0,0,0,0,0,0,0,0,0,-7,-4,-24,-15,-22,-15,-21,-16,-22,-17,-21,-16,-21,-18,-21,-19,-22,-18,-22,-18,-21,-19,-20,-19,-19,-19,-19,-19,-19,-19,-19,-19,-19,-17,-19,-16,-19,-16,-20,-16,-21,-15,-21,-15,-21,-14,-22,-14,-22,-13,-22,-13,-22,-13]"
CSI_DATA,34911,d8:b1:90:db:e8:90,-55,11,1,6,0,0,1,0,0,0,1,-95,0,8,0,547060489,0,100,0,128,1,"[100,-64,5,0,15,-17,15,-17,14,-17,14,-16,13,-16,13,-16,13,-16,13,-17,13,-17,13,-17,12,-17,11,-17,11,-18,11,-17,11,-17,12,-17,12,-17,12,-16,12,-16,12,-16,11,-16,11,-16,11,-15,12,-15,13,-14,3,-4,0,0,0,0,0,0,0,0,0,0,0,0,0,0,0,0,0,0,4,-5,17,-18,17,-17,18,-15,19,-14,20,-15,20,-14,20,-13,20,-13,21,-13,21,-13,22,-14,21,-13,20,-12,21,-12,20,-13,19,-13,19,-13,18,-14,18,-15,17,-15,17,-15,16,-16,16,-16,15,-16,15,-17,16,-17]"
CSI_DATA,34912,d8:b1:90:db:e8:90,-55,11,1,6,0,0,1,0,0,0,1,-95,0,8,0,547072426,0,100,0,128,1,"[100,-64,5,0,12,18,12,20,11,18,13,16,15,18,13,18,14,15,16,14,15,15,15,12,18,12,17,13,15,12,17,10,18,12,16,11,17,9,19,10,17,10,17,8,18,8,18,9,16,8,18,8,18,11,4,3,0,0,0,0,0,0,0,0,0,0,0,0,0,0,0,0,0,0,1,6,5,24,4,23,3,24,2,26,1,25,3,25,3,26,2,25,3,25,2,26,0,24,2,23,3,23,2,24,2,23,5,23,4,24,4,22,6,21,6,23,5,22,6,20,9,21,8,22,8,19,12,18]"
CSI_DATA,34913,d8:b1:90:db:e8:90,-55,11,1,6,0,0,1,0,0,0,1,-95,0,8,0,547087611,0,100,0,128,1,"[100,-64,5,0,-19,-15,-19,-14,-18,-14,-19,-14,-19,-13,-19,-13,-19,-12,-19,-11,-19,-10,-20,-10,-20,-10,-19,-10,-19,-9,-18,-9,-19,-8,-19,-8,-19,-8,-19,-8,-18,-8,-18,-8,-18,-8,-17,-9,-17,-9,-17,-9,-17,-9,-4,-3,0,0,0,0,0,0,0,0,0,0,0,0,0,0,0,0,0,0,-5,-4,-19,-15,-19,-16,-18,-17,-18,-18,-18,-19,-17,-19,-17,-20,-17,-20,-16,-21,-16,-21,-15,-21,-15,-20,-15,-20,-15,-20,-16,-20,-16,-20,-16,-19,-16,-19,-16,-19,-16,-19,-16,-18,-17,-18,-17,-17,-17,-17,-17,-17,-17,-16]"
CSI_DATA,34914,d8:b1:90:db:e8:90,-55,11,1,6,0,0,1,0,0,0,1,-95,0,8,0,547100049,0,100,0,128,1,"[100,-64,5,0,2,-24,2,-23,2,-23,1,-22,0,-22,0,-21,-1,-21,-1,-22,-1,-22,-2,-22,-2,-22,-3,-22,-3,-22,-3,-21,-3,-21,-3,-21,-3,-20,-3,-20,-2,-20,-2,-20,-3,-20,-3,-19,-2,-19,-1,-19,0,-19,0,-5,0,0,0,0,0,0,0,0,0,0,0,0,0,0,0,0,0,0,0,-7,2,-25,3,-25,5,-23,6,-23,7,-24,8,-24,8,-24,8,-24,9,-24,9,-24,9,-24,9,-24,9,-24,9,-23,8,-23,8,-23,8,-23,8,-23,7,-23,6,-23,5,-22,5,-23,4,-23,3,-24,3,-24,4,-24]"
CSI_DATA,34915,d8:b1:90:db:e8:90,-56,11,1,6,0,0,1,0,0,0,1,-95,0,8,0,547111662,0,100,0,128,1,"[100,-64,5,0,19,8,18,7,19,7,19,7,19,6,19,5,19,4,19,4,19,4,19,4,19,3,19,3,19,2,19,2,19,2,19,2,19,2,19,2,19,2,19,2,19,2,19,3,18,3,18,3,18,4,4,1,0,0,0,0,0,0,0,0,0,0,0,0,0,0,0,0,0,0,5,1,21,8,21,9,20,9,20,10,19,11,19,11,19,11,19,12,19,12,19,12,18,13,18,13,18,13,17,13,17,12,17,12,17,11,17,11,17,11,18,10,17,9,17,9,18,9,18,9,18,9,19,9]"
CSI_DATA,34916,d8:b1:90:db:e8:90,-55,11,1,6,0,0,1,0,0,0,0,-95,0,8,0,547133786,0,100,0,128,1,"[100,-64,5,0,20,3,19,3,20,3,20,3,20,3,19,3,19,2,19,1,19,0,19,0,19,0,19,0,19,-1,20,-1,19,-1,18,-1,18,-1,18,-1,18,-1,17,0,17,1,17,1,17,1,17,1,17,2,4,0,0,0,0,0,0,0,0,0,0,0,0,0,0,0,0,0,0,0,5,1,23,4,23,5,23,6,23,6,22,6,21,6,22,7,23,7,22,7,22,8,21,8,21,8,21,9,20,9,20,8,20,8,20,7,20,7,20,7,20,7,20,6,21,5,20,5,20,5,20,5,21,4]"
CSI_DATA,34917,d8:b1:90:db:e8:90,-56,11,1,6,0,0,1,0,0,0,0,-95,0,8,0,547148970,0,100,0,128,1,"[100,-64,5,0,-21,3,-20,3,-20,4,-19,5,-19,5,-19,5,-19,5,-19,6,-19,7,-19,7,-19,6,-19,6,-19,6,-19,6,-19,6,-18,7,-18,8,-18,8,-18,7,-18,7,-18,7,-18,7,-18,6,-19,6,-19,5,-5,1,0,0,0,0,0,0,0,0,0,0,0,0,0,0,0,0,0,0,-6,1,-22,4,-22,3,-23,2,-23,1,-23,0,-23,0,-23,0,-23,-1,-23,-1,-23,-1,-23,-1,-23,-1,-22,-2,-22,-2,-22,-1,-22,-1,-22,0,-21,0,-21,0,-20,0,-20,1,-20,1,-20,2,-21,3,-21,3,-21,3]"
CSI_DATA,34918,d8:b1:90:db:e8:90,-56,11,1,6,0,0,1,0,0,0,0,-95,0,8,0,547160888,0,100,0,128,1,"[100,-64,5,0,10,18,10,17,11,17,12,16,12,16,12,15,12,15,12,15,12,14,12,14,12,15,12,15,12,15,11,15,12,14,12,14,12,13,12,13,12,13,12,14,12,14,12,15,11,15,10,15,10,15,2,4,0,0,0,0,0,0,0,0,0,0,0,0,0,0,0,0,0,0,3,4,12,18,11,19,10,19,9,20,9,20,8,21,8,21,7,21,7,22,7,22,6,22,6,21,6,21,6,21,6,20,7,20,7,20,7,19,8,19,8,19,8,18,9,18,9,18,10,18,10,18,10,18]"
CSI_DATA,34919,d8:b1:90:db:e8:90,-56,11,1,6,0,0,1,0,0,0,0,-95,0,8,0,547175755,0,100,0,128,1,"[100,-64,5,0,-4,-21,-4,-20,-4,-20,-5,-19,-6,-19,-6,-19,-6,-18,-7,-19,-7,-19,-7,-19,-8,-19,-8,-19,-8,-19,-8,-18,-8,-18,-8,-18,-8,-18,-8,-18,-7,-18,-7,-18,-8,-18,-8,-18,-7,-18,-7,-18,-6,-18,-2,-5,0,0,0,0,0,0,0,0,0,0,0,0,0,0,0,0,0,0,-2,-6,-6,-23,-5,-22,-4,-23,-3,-23,-3,-23,-2,-23,-2,-23,-1,-23,-1,-23,-1,-23,0,-23,0,-23,0,-23,0,-22,-1,-22,-1,-22,-1,-22,-1,-21,-2,-21,-2,-21,-3,-21,-3,-21,-3,-20,-3,-20,-3,-20,-3,-20]"
CSI_DATA,34920,d8:b1:90:db:e8:90,-56,11,1,6,0,0,1,0,0,0,0,-95,0,8,0,547186938,0,100,0,128,1,"[100,-64,5,0,19,7,18,7,18,6,19,5,18,5,18,4,18,4,19,3,19,3,19,3,19,3,19,3,19,2,19,2,19,2,19,2,19,2,19,2,19,2,19,2,18,3,18,3,18,3,18,3,18,4,4,1,0,0,0,0,0,0,0,0,0,0,0,0,0,0,0,0,0,0,5,1,21,6,21,7,20,8,20,8,20,9,20,10,19,10,19,11,19,11,19,12,19,12,19,12,19,12,18,12,18,11,18,11,18,10,18,10,19,10,19,9,19,8,19,8,18,8,18,8,19,8,19,7]"
CSI_DATA,34921,d8:b1:90:db:e8:90,-56,11,1,6,0,0,1,0,0,0,0,-95,0,8,0,547198365,0,100,0,128,1,"[100,-64,5,0,9,19,9,19,9,18,10,17,10,17,10,16,10,16,10,16,10,16,11,16,11,16,12,16,12,16,12,15,11,16,11,16,11,16,10,16,10,16,10,16,10,16,10,16,9,16,9,16,8,16,2,4,0,0,0,0,0,0,0,0,0,0,0,0,0,0,0,0,0,0,2,4,11,19,10,19,10,20,9,20,8,20,8,21,8,21,7,21,7,21,7,22,7,21,7,21,7,21,7,20,7,20,7,20,7,20,7,19,8,19,8,19,8,18,8,18,9,18,9,18,9,18,10,18]"
CSI_DATA,34922,d8:b1:90:db:e8:90,-55,11,1,6,0,0,1,0,0,0,0,-95,0,8,0,547210891,0,100,0,128,1,"[100,-64,5,0,6,-20,6,-20,5,-19,5,-20,4,-20,4,-20,4,-20,4,-20,3,-21,3,-21,2,-21,2,-21,2,-21,2,-21,2,-21,1,-21,1,-22,2,-21,1,-21,1,-21,1,-20,1,-20,1,-20,2,-21,3,-21,0,-6,0,0,0,0,0,0,0,0,0,0,0,0,0,0,0,0,0,0,1,-6,5,-23,6,-23,8,-22,8,-21,8,-21,8,-21,8,-21,8,-21,9,-22,9,-21,10,-21,10,-22,9,-22,8,-21,9,-20,9,-21,9,-21,8,-20,7,-20,6,-20,6,-20,5,-20,5,-20,5,-20,5,-20,6,-21]"
CSI_DATA,34923,d8:b1:90:db:e8:90,-56,11,1,6,0,0,1,0,0,0,0,-95,0,8,0,547240778,0,100,0,128,1,"[100,-64,5,0,5,19,6,19,6,19,6,19,6,18,7,18,7,18,7,18,7,18,8,17,8,17,9,17,9,17,9,17,9,17,9,17,9,17,8,17,8,16,8,16,8,16,8,16,8,17,7,17,6,17,1,4,0,0,0,0,0,0,0,0,0,0,0,0,0,0,0,0,0,0,2,5,7,21,6,21,5,22,4,22,3,22,3,22,3,23,3,23,2,23,2,23,2,23,2,23,2,23,2,22,2,22,3,21,3,21,3,21,4,20,5,20,5,20,5,19,5,19,6,19,6,19,6,20]"
CSI_DATA,34924,d8:b1:90:db:e8:90,-56,11,1,6,0,0,1,0,0,0,0,-95,0,8,0,547254358,0,100,0,128,1,"[100,-64,5,0,20,1,20,1,20,0,20,0,20,-1,19,-1,19,-1,19,0,19,0,19,-1,19,-1,19,-1,19,-2,19,-2,19,-2,19,-2,19,-2,19,-2,19,-2,18,-2,18,-2,18,-1,18,-1,18,-1,19,0,4,0,0,0,0,0,0,0,0,0,0,0,0,0,0,0,0,0,0,0,5,0,23,1,22,2,22,3,22,4,22,4,22,5,22,5,22,6,22,6,22,6,22,6,21,6,21,6,21,6,21,6,21,5,21,5,21,5,21,4,20,3,20,3,20,2,21,2,21,2,21,2,21,2]"
CSI_DATA,34925,d8:b1:90:db:e8:90,-56,11,1,6,0,0,1,0,0,0,0,-95,0,8,0,547268919,0,100,0,128,1,"[100,-64,5,0,14,15,14,14,14,13,15,13,15,12,15,12,15,11,15,11,15,10,16,10,16,10,16,10,16,9,16,9,17,9,17,9,17,9,17,8,17,8,17,8,17,9,17,9,17,9,16,9,16,10,4,2,0,0,0,0,0,0,0,0,0,0,0,0,0,0,0,0,0,0,4,3,18,13,17,14,16,15,16,16,15,16,15,17,15,17,15,18,14,18,14,18,14,18,13,19,13,19,12,18,12,18,12,17,12,17,12,17,12,17,12,17,13,16,12,16,12,16,12,15,13,15,13,15]"
CSI_DATA,34926,d8:b1:90:db:e8:90,-56,11,1,6,0,0,1,0,0,0,0,-95,0,8,0,547280418,0,100,0,128,1,"[100,-64,5,0,3,20,3,20,3,19,4,19,5,19,5,18,6,18,6,18,6,18,6,17,7,17,8,17,8,17,8,16,8,16,8,17,8,17,8,17,8,16,8,17,8,17,8,17,8,17,7,17,6,17,1,4,0,0,0,0,0,0,0,0,0,0,0,0,0,0,0,0,0,0,1,5,5,22,4,22,2,22,1,22,1,22,0,23,0,24,-1,24,-1,23,-1,23,-2,24,-2,23,-2,23,-2,22,-2,22,-2,21,-2,21,-2,21,-1,21,-1,21,0,21,0,21,0,20,1,20,1,20,2,20]"
CSI_DATA,34927,d8:b1:90:db:e8:90,-56,11,1,6,0,0,1,0,0,0,1,-95,0,8,0,547293748,0,100,0,128,1,"[100,-64,5,0,17,9,17,9,17,8,18,8,18,8,17,7,17,7,17,8,17,8,17,8,17,8,18,6,19,6,19,5,19,5,19,5,19,4,18,4,18,4,18,4,18,4,17,5,17,5,18,5,18,5,4,1,0,0,0,0,0,0,0,0,0,0,0,0,0,0,0,0,0,0,5,2,21,9,20,10,19,11,19,12,19,12,18,13,18,13,18,13,18,13,18,13,18,13,17,13,17,13,17,13,16,13,16,13,16,13,16,12,16,12,16,11,16,10,17,10,17,10,17,10,17,10,17,10]"
CSI_DATA,34928,d8:b1:90:db:e8:90,-55,11,1,6,0,0,1,0,0,0,1,-95,0,8,0,547305956,0,100,0,128,1,"[100,-64,5,0,6,-22,5,-22,5,-21,5,-21,5,-21,5,-21,5,-21,6,-20,6,-20,5,-20,4,-20,4,-20,3,-20,4,-20,3,-20,2,-20,2,-20,2,-20,3,-20,2,-19,2,-19,2,-19,2,-19,3,-19,4,-19,1,-5,0,0,0,0,0,0,0,0,0,0,0,0,0,0,0,0,0,0,2,-6,8,-23,10,-23,10,-23,11,-22,11,-22,12,-21,13,-22,13,-22,14,-22,14,-22,13,-22,13,-21,13,-21,12,-21,12,-20,11,-20,11,-20,11,-20,10,-20,9,-21,9,-21,8,-21,8,-21,7,-21,7,-21,8,-22]"
CSI_DATA,34929,d8:b1:90:db:e8:90,-56,11,1,6,0,0,1,0,0,0,1,-95,0,8,0,547316406,0,100,0,128,1,"[100,-64,5,0,4,-21,4,-21,4,-21,4,-21,4,-21,3,-20,4,-20,5,-20,5,-20,4,-20,4,-20,3,-20,3,-20,3,-20,3,-20,2,-20,2,-20,2,-20,2,-19,2,-19,2,-19,2,-19,2,-19,3,-19,4,-19,1,-5,0,0,0,0,0,0,0,0,0,0,0,0,0,0,0,0,0,0,1,-6,5,-23,6,-22,7,-22,7,-22,8,-22,9,-22,8,-22,9,-22,9,-22,10,-22,10,-22,10,-22,10,-21,9,-21,9,-20,8,-20,8,-20,8,-20,7,-20,7,-20,6,-20,6,-20,6,-20,5,-20,6,-21,6,-21]"
CSI_DATA,34930,d8:b1:90:db:e8:90,-56,11,1,6,0,0,1,0,0,0,1,-95,0,8,0,547341536,0,100,0,128,1,"[100,-64,5,0,-1,24,0,24,0,23,1,23,2,22,3,22,3,21,4,21,4,21,4,21,6,21,7,21,7,21,6,21,6,21,5,20,4,20,3,19,3,19,2,19,0,18,-2,19,0,20,1,18,-3,14,-2,3,0,0,0,0,0,0,0,0,0,0,0,0,0,0,0,0,0,0,0,6,3,25,1,26,0,26,-1,26,-2,26,-2,26,-2,26,-3,26,-3,26,-4,26,-4,26,-4,26,-4,25,-5,25,-5,24,-5,24,-4,24,-4,24,-2,23,-2,23,-2,23,-1,23,0,24,1,25,1,24,1,24]"
CSI_DATA,34931,d8:b1:90:db:e8:90,-56,11,1,3,0,0,1,0,1,0,0,-95,0,8,0,547374853,0,100,0,128,1,"[100,-64,5,0,-9,-2,-7,1,-7,8,-9,11,-7,12,-6,17,-7,19,-6,19,-4,20,-6,19,-6,16,-6,15,-9,13,-9,9,-9,7,-12,3,-12,-2,-12,-2,-14,-4,-14,-7,-14,-6,-15,-6,-13,-6,-11,-3,-13,0,-4,0,0,0,0,0,0,0,0,0,0,0,0,0,0,0,0,0,0,0,6,-4,23,-15,20,-15,19,-15,17,-14,12,-16,9,-18,5,-17,-1,-19,-5,-21,-9,-21,-15,-23,-17,-25,-20,-24,-23,-26,-23,-27,-24,-26,-25,-26,-22,-26,-21,-24,-21,-24,-18,-25,-16,-22,-16,-21,-13,-20,-12,-16,-14,-14]"
CSI_DATA,34932,d8:b1:90:db:e8:90,-56,11,1,6,0,0,1,0,0,0,1,-95,0,8,0,547387660,0,100,0,128,1,"[100,-64,5,0,9,19,9,18,10,17,10,17,11,17,11,16,11,16,11,16,11,15,12,15,12,16,12,16,12,16,12,15,12,15,12,15,12,15,11,14,11,14,11,14,11,15,11,15,11,15,10,15,10,15,2,4,0,0,0,0,0,0,0,0,0,0,0,0,0,0,0,0,0,0,2,5,11,20,10,21,9,21,8,21,8,22,7,22,7,22,6,22,6,23,6,23,6,22,6,22,6,22,6,22,6,21,6,21,6,20,6,20,7,20,8,20,8,19,9,19,9,19,10,19,10,19,9,19]"
CSI_DATA,34933,d8:b1:90:db:e8:90,-56,11,1,6,0,0,1,0,0,0,1,-95,0,8,0,547401136,0,100,0,128,1,"[100,-64,5,0,18,12,18,11,18,10,18,9,18,9,18,8,18,8,18,7,18,7,18,7,18,7,19,8,18,7,18,7,18,7,18,7,18,6,18,6,17,6,17,6,17,7,17,7,17,7,17,7,16,8,4,2,0,0,0,0,0,0,0,0,0,0,0,0,0,0,0,0,0,0,5,3,19,12,19,13,18,14,18,15,18,15,17,15,17,16,17,16,17,16,16,16,16,16,16,16,16,16,16,16,16,16,15,15,15,15,16,14,16,14,17,13,17,13,17,12,18,12,18,12,18,11,18,11]"
CSI_DATA,34934,d8:b1:90:db:e8:90,-56,11,1,6,0,0,1,0,0,0,1,-95,0,8,0,547411975,0,100,0,128,1,"[100,-64,5,0,16,-13,15,-13,15,-13,15,-14,14,-14,14,-14,14,-14,13,-15,13,-15,13,-15,13,-15,12,-15,12,-16,12,-16,12,-16,12,-16,12,-17,12,-16,12,-16,12,-16,12,-15,11,-15,12,-15,13,-15,14,-14,3,-4,0,0,0,0,0,0,0,0,0,0,0,0,0,0,0,0,0,0,4,-5,17,-17,18,-16,18,-14,18,-13,19,-13,19,-14,19,-14,20,-14,20,-13,20,-13,20,-12,20,-12,20,-12,19,-12,19,-12,18,-12,18,-12,18,-13,17,-12,16,-12,16,-13,16,-12,17,-12,17,-12,17,-12,17,-12]"
CSI_DATA,34935,d8:b1:90:db:e8:90,-55,11,1,6,0,0,1,0,0,0,1,-95,0,8,0,547441333,0,100,0,128,1,"[100,-64,5,0,-23,0,-22,0,-23,1,-23,1,-23,1,-22,1,-22,1,-21,2,-21,2,-21,3,-21,3,-21,3,-21,3,-21,3,-21,4,-21,4,-20,4,-20,4,-20,3,-19,3,-19,3,-19,3,-19,2,-19,2,-19,1,-5,0,0,0,0,0,0,0,0,0,0,0,0,0,0,0,0,0,0,0,-7,0,-26,1,-26,0,-26,-1,-26,-1,-25,-1,-25,-2,-24,-2,-26,-2,-27,-3,-27,-4,-26,-4,-25,-4,-24,-4,-24,-4,-24,-4,-24,-3,-24,-3,-24,-2,-24,-1,-24,0,-24,0,-24,0,-24,0,-24,0,-23,0,-24,0]"
CSI_DATA,34936,d8:b1:90:db:e8:90,-56,11,1,6,0,0,1,0,0,0,1,-95,0,8,0,547455118,0,100,0,128,1,"[100,-64,5,0,23,1,22,1,22,1,22,3,23,3,22,2,22,2,22,3,21,3,21,2,21,2,22,2,22,1,22,0,22,0,21,0,21,-1,21,-1,21,-1,21,0,21,0,20,0,21,0,21,1,21,2,5,0,0,0,0,0,0,0,0,0,0,0,0,0,0,0,0,0,0,0,6,0,26,4,25,5,25,7,24,9,23,11,23,11,23,12,23,11,23,10,23,9,23,10,23,10,23,10,23,9,23,8,23,7,23,7,23,6,23,6,22,5,22,5,23,4,23,3,24,2,24,2,24,2]"
CSI_DATA,34937,d8:b1:90:db:e8:90,-55,11,1,6,0,0,1,0,0,0,1,-95,0,8,0,547467484,0,100,0,128,1,"[100,-64,5,0,21,3,21,3,21,3,21,2,21,2,20,2,20,0,20,-1,19,-2,19,-3,19,-2,19,-3,20,-3,20,-4,20,-3,20,-2,20,-2,20,-2,20,-2,19,-1,19,-1,18,0,19,1,19,1,19,1,4,0,0,0,0,0,0,0,0,0,0,0,0,0,0,0,0,0,0,0,5,0,23,2,23,3,23,5,23,6,24,7,24,8,23,8,24,8,24,9,24,10,23,10,23,10,23,9,22,9,21,9,21,8,21,7,21,6,22,6,22,6,21,6,21,5,21,5,21,5,21,5,22,4]"
CSI_DATA,34938,d8:b1:90:db:e8:90,-56,11,1,6,0,0,1,0,0,0,1,-95,0,8,0,547483038,0,100,0,128,1,"[100,-64,5,0,-20,-10,-20,-10,-20,-10,-20,-10,-20,-9,-19,-9,-19,-8,-20,-6,-19,-5,-19,-5,-20,-4,-20,-4,-20,-4,-20,-4,-20,-4,-20,-5,-20,-5,-20,-5,-19,-5,-19,-6,-19,-6,-18,-7,-18,-7,-18,-7,-18,-7,-5,-2,0,0,0,0,0,0,0,0,0,0,0,0,0,0,0,0,0,0,-6,-3,-22,-11,-22,-12,-21,-13,-21,-14,-20,-15,-20,-15,-20,-15,-20,-15,-20,-16,-19,-16,-19,-16,-19,-16,-19,-16,-19,-16,-19,-15,-18,-15,-18,-14,-18,-14,-19,-13,-19,-13,-19,-13,-19,-12,-19,-12,-19,-11,-20,-11,-20,-11]"
CSI_DATA,34939,d8:b1:90:db:e8:90,-55,11,1,6,0,0,1,0,0,0,1,-95,0,8,0,547496463,0,100,0,128,1,"[100,-64,5,0,22,1,21,1,21,1,21,0,20,0,20,0,20,-1,20,-1,20,-2,20,-3,20,-2,20,-2,20,-3,19,-3,19,-3,19,-3,19,-3,19,-3,19,-3,18,-4,18,-3,18,-3,18,-3,19,-2,19,-1,4,-1,0,0,0,0,0,0,0,0,0,0,0,0,0,0,0,0,0,0,6,0,25,1,24,2,24,3,25,4,25,4,25,6,25,6,25,5,25,5,24,5,24,5,24,6,23,6,23,6,22,6,22,5,22,5,22,4,23,4,23,3,23,2,23,2,23,2,23,2,23,1,23,1]"
CSI_DATA,34940,d8:b1:90:db:e8:90,-55,11,1,6,0,0,1,0,0,0,1,-95,0,8,0,547506732,0,100,0,128,1,"[100,-64,5,0,19,-12,18,-11,18,-12,17,-12,17,-12,16,-12,16,-12,16,-13,15,-14,15,-13,14,-14,14,-14,14,-15,14,-15,14,-15,14,-14,14,-14,14,-14,14,-13,14,-13,14,-13,14,-12,14,-12,15,-11,15,-11,3,-3,0,0,0,0,0,0,0,0,0,0,0,0,0,0,0,0,0,0,4,-4,19,-16,19,-15,20,-15,21,-15,20,-14,21,-13,22,-13,23,-11,23,-10,23,-10,23,-10,23,-10,22,-10,23,-9,23,-9,22,-9,21,-9,21,-10,21,-10,21,-10,20,-11,20,-11,20,-11,20,-11,20,-11,20,-12]"
CSI_DATA,34941,d8:b1:90:db:e8:90,-56,11,1,6,0,0,1,0,0,0,1,-95,0,8,0,547517113,0,100,0,128,1,"[100,-64,5,0,22,-11,21,-11,20,-11,20,-12,19,-12,19,-12,18,-13,17,-14,17,-14,17,-14,16,-14,15,-15,15,-16,15,-16,15,-16,15,-15,15,-15,15,-15,15,-15,15,-15,14,-15,14,-14,15,-13,15,-13,16,-13,4,-4,0,0,0,0,0,0,0,0,0,0,0,0,0,0,0,0,0,0,5,-4,23,-14,23,-12,24,-12,23,-12,24,-10,25,-9,24,-9,24,-8,26,-8,27,-7,26,-7,25,-6,25,-6,25,-7,25,-7,25,-6,24,-7,24,-8,24,-8,23,-8,23,-9,23,-9,22,-10,22,-10,22,-10,23,-11]"
CSI_DATA,34942,d8:b1:90:db:e8:90,-56,11,1,6,0,0,1,0,0,0,1,-95,0,8,0,547535067,0,100,0,128,1,"[100,-64,5,0,20,11,20,11,20,10,20,10,20,10,20,9,20,8,20,8,20,7,20,7,20,7,20,7,20,6,20,6,20,6,21,6,21,5,21,5,20,5,20,5,20,5,19,6,19,6,19,6,19,7,4,1,0,0,0,0,0,0,0,0,0,0,0,0,0,0,0,0,0,0,6,2,24,12,22,13,21,15,21,15,21,16,19,16,20,16,20,16,19,16,20,16,21,16,20,16,20,16,20,16,19,17,19,16,19,16,19,15,20,15,20,14,20,13,20,13,20,12,20,13,20,12,20,12]"
CSI_DATA,34943,d8:b1:90:db:e8:90,-56,11,1,6,0,0,1,0,0,0,1,-95,0,8,0,547555336,0,100,0,128,1,"[100,-64,5,0,-5,-21,-5,-21,-5,-20,-6,-20,-7,-19,-7,-19,-7,-19,-7,-18,-7,-18,-7,-18,-8,-18,-9,-18,-10,-18,-10,-18,-10,-18,-9,-18,-9,-18,-8,-18,-8,-17,-8,-16,-9,-15,-9,-15,-7,-15,-3,-15,-1,-15,-1,-4,0,0,0,0,0,0,0,0,0,0,0,0,0,0,0,0,0,0,-1,-6,-3,-23,-2,-23,-1,-23,-1,-23,0,-24,0,-24,0,-24,0,-25,1,-25,1,-25,1,-24,1,-24,0,-24,0,-24,0,-24,0,-23,0,-23,-1,-23,-1,-22,-2,-22,-2,-21,-2,-21,-3,-21,-3,-21,-3,-21,-3,-21]"
CSI_DATA,34944,d8:b1:90:db:e8:90,-55,11,1,6,0,0,1,0,0,0,1,-95,0,8,0,547566231,0,100,0,128,1,"[100,-64,5,0,20,-10,19,-10,19,-11,18,-11,18,-11,17,-11,17,-12,16,-13,16,-13,15,-13,15,-13,14,-14,14,-14,14,-14,14,-14,14,-14,14,-14,14,-14,14,-14,14,-14,13,-14,13,-13,14,-13,15,-13,15,-13,4,-4,0,0,0,0,0,0,0,0,0,0,0,0,0,0,0,0,0,0,5,-4,20,-14,21,-13,21,-12,21,-11,22,-10,22,-10,23,-10,23,-9,24,-9,23,-9,23,-8,23,-8,24,-9,24,-8,23,-8,22,-9,22,-9,21,-9,21,-9,21,-9,20,-9,21,-10,21,-10,21,-10,21,-10,21,-11]"
CSI_DATA,34945,d8:b1:90:db:e8:90,-56,11,1,6,0,0,1,0,0,0,1,-95,0,8,0,547577405,0,100,0,128,1,"[100,-64,5,0,21,-1,21,-1,21,-2,21,-2,20,-3,20,-3,20,-4,19,-5,19,-5,19,-5,18,-5,18,-6,18,-6,18,-7,18,-7,18,-7,18,-7,18,-7,18,-7,18,-7,18,-7,17,-6,18,-6,19,-6,19,-5,4,-2,0,0,0,0,0,0,0,0,0,0,0,0,0,0,0,0,0,0,5,-2,23,-4,23,-3,23,-2,23,-1,23,-1,24,-1,24,-1,24,0,24,0,24,1,24,1,24,1,24,2,24,2,23,1,23,1,22,1,22,0,22,0,22,0,21,0,22,-1,22,0,22,0,22,-1,22,-1]"
CSI_DATA,34946,d8:b1:90:db:e8:90,-55,11,1,6,0,0,1,0,0,0,1,-95,0,8,0,547589674,0,100,0,128,1,"[100,-64,5,0,-22,6,-21,6,-21,6,-21,7,-20,7,-20,7,-19,7,-20,7,-20,7,-20,8,-20,7,-19,6,-20,6,-20,6,-20,7,-19,7,-19,7,-20,7,-19,7,-19,7,-19,7,-19,7,-19,7,-19,7,-20,6,-5,1,0,0,0,0,0,0,0,0,0,0,0,0,0,0,0,0,0,0,-7,2,-24,7,-25,5,-25,5,-26,4,-25,4,-24,3,-25,2,-27,3,-27,3,-27,3,-26,2,-25,3,-24,3,-25,3,-25,3,-24,4,-23,5,-23,4,-23,4,-23,5,-22,5,-22,6,-22,7,-22,7,-22,7,-22,6]"
CSI_DATA,34947,d8:b1:90:db:e8:90,-54,11,1,6,0,0,1,0,0,0,1,-95,0,8,0,547607221,0,100,0,128,1,"[100,-64,5,0,-12,17,-12,17,-11,17,-10,17,-9,16,-9,16,-9,16,-10,16,-10,16,-10,16,-9,16,-10,15,-10,15,-10,15,-10,15,-10,15,-10,15,-10,15,-10,15,-9,15,-9,15,-9,15,-9,15,-10,15,-11,14,-3,3,0,0,0,0,0,0,0,0,0,0,0,0,0,0,0,0,0,0,-4,4,-13,18,-14,17,-15,16,-15,15,-15,15,-16,16,-16,15,-16,15,-17,16,-18,16,-18,16,-17,16,-15,16,-15,16,-15,16,-15,16,-14,16,-14,17,-14,17,-13,17,-12,17,-12,17,-12,17,-12,17,-12,17,-12,17]"
CSI_DATA,34948,d8:b1:90:db:e8:90,-54,11,1,6,0,0,1,0,0,0,1,-95,0,8,0,547626571,0,100,0,128,1,"[100,-64,5,0,-8,19,-7,18,-7,18,-5,18,-5,18,-4,17,-4,17,-4,18,-3,18,-3,18,-3,18,-3,18,-4,18,-4,18,-4,18,-4,18,-4,18,-4,17,-4,17,-4,17,-4,17,-4,16,-4,17,-5,17,-5,17,-2,4,0,0,0,0,0,0,0,0,0,0,0,0,0,0,0,0,0,0,-2,5,-7,21,-9,21,-10,20,-10,20,-11,20,-11,20,-11,19,-11,20,-11,21,-11,21,-12,21,-14,20,-13,19,-13,18,-12,18,-12,18,-12,19,-12,18,-11,18,-11,18,-10,18,-9,18,-9,19,-8,19,-8,19,-8,20]"
CSI_DATA,34949,d8:b1:90:db:e8:90,-55,11,1,6,0,0,1,0,0,0,1,-95,0,8,0,547653565,0,100,0,128,1,"[100,-64,5,0,-18,9,-18,9,-17,10,-17,10,-17,10,-16,10,-16,10,-15,11,-15,11,-14,11,-14,12,-13,12,-13,12,-13,12,-14,12,-14,13,-14,13,-14,13,-14,12,-13,12,-13,12,-13,12,-13,11,-14,11,-15,11,-4,2,0,0,0,0,0,0,0,0,0,0,0,0,0,0,0,0,0,0,-5,3,-20,12,-20,11,-21,10,-22,10,-22,10,-21,9,-21,8,-22,9,-22,8,-22,7,-22,7,-22,8,-21,8,-21,7,-21,7,-20,7,-20,7,-20,7,-19,7,-19,8,-19,8,-19,8,-18,9,-18,9,-18,9,-18,10]"
CSI_DATA,34950,d8:b1:90:db:e8:90,-55,11,1,6,0,0,1,0,0,0,1,-95,0,8,0,547664769,0,100,0,128,1,"[100,-64,5,0,-9,21,-9,20,-8,19,-7,20,-6,20,-6,20,-5,20,-5,20,-4,19,-3,19,-1,19,0,20,1,20,1,19,1,19,1,19,0,19,-1,18,-1,18,-1,19,-1,19,-1,18,-2,18,-3,18,-4,18,-1,4,0,0,0,0,0,0,0,0,0,0,0,0,0,0,0,0,0,0,-2,6,-7,23,-9,22,-10,22,-11,22,-12,21,-12,21,-13,20,-13,20,-14,19,-14,20,-14,20,-14,19,-14,19,-14,19,-13,19,-12,19,-12,19,-13,19,-12,20,-11,20,-11,19,-10,19,-10,20,-9,20,-9,20,-10,19]"
CSI_DATA,34951,d8:b1:90:db:e8:90,-56,11,1,6,0,0,1,0,0,0,1,-95,0,8,0,547679853,0,100,0,128,1,"[100,-64,5,0,17,-13,17,-13,16,-13,15,-14,15,-14,14,-14,14,-14,13,-16,12,-16,12,-16,11,-16,10,-17,9,-18,10,-18,10,-18,9,-18,10,-18,10,-17,10,-17,10,-17,10,-17,10,-16,11,-16,12,-15,13,-14,3,-4,0,0,0,0,0,0,0,0,0,0,0,0,0,0,0,0,0,0,4,-4,19,-15,19,-14,20,-13,21,-12,21,-11,21,-11,21,-10,22,-10,22,-9,22,-9,22,-9,22,-9,22,-8,22,-9,21,-9,20,-9,20,-10,20,-10,20,-11,20,-11,19,-11,19,-12,19,-12,18,-12,18,-13,18,-13]"
CSI_DATA,34952,d8:b1:90:db:e8:90,-56,11,1,6,0,0,1,0,0,0,1,-95,0,8,0,547691898,0,100,0,128,1,"[100,-64,5,0,7,20,7,19,7,19,8,19,8,18,8,18,9,17,9,17,9,16,10,16,11,16,11,16,11,16,11,16,11,16,11,16,11,16,11,15,10,15,10,15,10,16,10,16,10,16,9,15,9,16,2,4,0,0,0,0,0,0,0,0,0,0,0,0,0,0,0,0,0,0,2,5,10,20,9,21,7,22,6,24,6,24,6,23,5,22,5,22,5,23,5,23,4,23,4,23,4,22,4,22,4,22,5,22,5,21,5,21,6,21,6,21,7,20,7,20,7,20,7,20,8,20,7,20]"
CSI_DATA,34953,d8:b1:90:db:e8:90,-56,11,1,6,0,0,1,0,0,0,1,-95,0,8,0,547702659,0,100,0,128,1,"[100,-64,5,0,8,-20,8,-20,8,-19,7,-19,6,-19,6,-19,5,-19,5,-19,4,-20,4,-19,3,-19,3,-20,3,-20,3,-20,3,-19,3,-19,3,-19,4,-19,4,-19,4,-19,4,-19,4,-18,4,-18,5,-18,5,-17,1,-5,0,0,0,0,0,0,0,0,0,0,0,0,0,0,0,0,0,0,2,-6,8,-22,9,-22,11,-22,12,-21,12,-21,13,-20,12,-20,13,-21,13,-20,13,-20,14,-20,14,-20,14,-20,13,-19,13,-19,13,-20,12,-20,12,-20,11,-20,10,-20,10,-20,10,-20,9,-20,9,-20,9,-20,9,-21]"
CSI_DATA,34954,d8:b1:90:db:e8:90,-56,11,1,6,0,0,1,0,0,0,1,-95,0,8,0,547716505,0,100,0,128,1,"[100,-64,5,0,18,10,18,9,18,9,18,8,18,7,18,7,18,7,18,7,18,6,18,6,18,6,18,6,19,5,19,5,19,5,18,4,18,4,18,4,18,4,18,4,18,4,17,4,17,5,18,5,18,6,4,1,0,0,0,0,0,0,0,0,0,0,0,0,0,0,0,0,0,0,5,2,22,8,21,10,20,11,20,12,20,12,20,13,20,14,19,14,19,14,19,14,19,14,19,14,19,14,18,14,18,14,18,13,18,13,18,13,18,13,18,12,19,12,19,11,18,12,18,12,18,11,19,11]"
CSI_DATA,34955,d8:b1:90:db:e8:90,-56,11,1,6,0,0,1,0,0,0,1,-95,0,8,0,547726832,0,100,0,128,1,"[100,-64,5,0,-9,-19,-9,-19,-9,-18,-11,-17,-11,-17,-12,-17,-12,-16,-11,-17,-11,-16,-12,-16,-12,-16,-13,-16,-14,-16,-13,-16,-14,-16,-14,-15,-14,-15,-14,-15,-13,-15,-14,-15,-14,-15,-14,-15,-13,-15,-13,-15,-13,-16,-4,-4,0,0,0,0,0,0,0,0,0,0,0,0,0,0,0,0,0,0,-3,-6,-11,-22,-10,-22,-9,-23,-8,-23,-7,-23,-7,-23,-7,-23,-6,-23,-6,-24,-5,-24,-6,-24,-5,-23,-5,-23,-5,-23,-6,-23,-6,-22,-6,-21,-6,-21,-7,-21,-7,-21,-8,-20,-8,-20,-8,-20,-8,-20,-8,-20,-8,-20]"
CSI_DATA,34956,d8:b1:90:db:e8:90,-56,11,1,6,0,0,1,0,0,0,1,-95,0,8,0,547754966,0,100,0,128,1,"[100,-64,5,0,-16,13,-15,13,-14,13,-14,14,-13,14,-12,14,-12,14,-13,14,-13,14,-12,14,-12,15,-12,15,-12,16,-12,16,-12,16,-11,16,-11,16,-11,16,-11,15,-11,15,-11,15,-10,15,-11,15,-12,15,-12,15,-4,3,0,0,0,0,0,0,0,0,0,0,0,0,0,0,0,0,0,0,-4,4,-16,17,-17,16,-18,15,-19,14,-19,14,-20,13,-20,13,-20,13,-20,13,-20,13,-20,13,-20,12,-20,12,-19,12,-19,12,-19,12,-19,12,-18,12,-18,12,-18,12,-17,13,-17,13,-17,13,-17,13,-17,13,-17,14]"
CSI_DATA,34957,d8:b1:90:db:e8:90,-56,11,1,6,0,0,1,0,0,0,1,-95,0,8,0,547769696,0,100,0,128,1,"[100,-64,5,0,18,8,18,8,18,7,18,7,18,7,18,6,17,6,17,5,17,4,17,4,18,4,19,3,19,3,19,2,19,3,19,3,18,2,18,2,18,3,18,3,18,4,18,4,18,5,18,5,18,5,4,1,0,0,0,0,0,0,0,0,0,0,0,0,0,0,0,0,0,0,5,1,21,8,20,9,19,10,19,11,18,12,19,12,20,12,20,12,20,13,20,13,19,13,19,13,19,12,18,12,18,12,18,12,18,12,18,11,18,11,18,11,18,11,18,10,18,10,18,10,18,9,18,9]"
CSI_DATA,34958,d8:b1:90:db:e8:90,-56,11,1,6,0,0,1,0,0,0,1,-95,0,8,0,547782933,0,100,0,128,1,"[100,-64,5,0,-17,11,-17,11,-17,11,-17,12,-16,12,-16,12,-15,13,-14,13,-13,13,-13,13,-12,13,-12,14,-12,14,-13,14,-13,14,-13,15,-13,15,-13,14,-13,13,-13,13,-13,13,-13,12,-13,12,-14,12,-15,11,-4,2,0,0,0,0,0,0,0,0,0,0,0,0,0,0,0,0,0,0,-5,3,-21,12,-21,11,-22,10,-22,9,-22,9,-23,8,-23,7,-23,7,-23,6,-24,6,-24,6,-24,6,-23,6,-23,6,-22,7,-22,7,-22,7,-21,7,-21,7,-21,8,-21,8,-20,9,-20,9,-20,10,-20,10,-19,11]"
CSI_DATA,34959,d8:b1:90:db:e8:90,-57,11,1,6,0,0,1,0,0,0,1,-95,0,8,0,547797478,0,100,0,128,1,"[100,-64,5,0,18,-7,18,-7,18,-7,17,-8,17,-8,17,-8,16,-9,16,-9,16,-9,16,-9,15,-9,15,-10,15,-10,15,-10,15,-10,15,-11,15,-11,15,-10,15,-10,15,-11,15,-10,15,-10,15,-9,16,-9,16,-8,4,-2,0,0,0,0,0,0,0,0,0,0,0,0,0,0,0,0,0,0,5,-2,22,-7,22,-6,22,-5,22,-5,22,-4,22,-3,23,-3,23,-2,24,-2,24,-1,23,-1,22,-1,22,-1,22,-1,22,-2,22,-2,21,-3,21,-3,20,-3,20,-4,20,-4,20,-5,20,-5,20,-6,20,-6,20,-6]"
CSI_DATA,34960,d8:b1:90:db:e8:90,-56,11,1,6,0,0,1,0,0,0,1,-95,0,8,0,547808024,0,100,0,128,1,"[100,-64,5,0,-16,-15,-15,-14,-16,-13,-16,-13,-17,-13,-16,-13,-16,-12,-16,-12,-16,-11,-16,-11,-16,-11,-17,-11,-17,-10,-17,-10,-17,-10,-17,-10,-17,-10,-17,-10,-16,-10,-16,-10,-17,-11,-16,-11,-16,-11,-16,-11,-16,-12,-4,-3,0,0,0,0,0,0,0,0,0,0,0,0,0,0,0,0,0,0,-5,-4,-18,-17,-17,-17,-16,-18,-16,-18,-15,-19,-15,-20,-15,-20,-14,-21,-14,-21,-14,-21,-14,-21,-13,-20,-13,-20,-13,-20,-13,-20,-13,-19,-13,-19,-13,-18,-14,-18,-14,-17,-14,-17,-14,-17,-15,-16,-16,-16,-16,-16,-16,-16]"
CSI_DATA,34961,d8:b1:90:db:e8:90,-55,11,1,6,0,0,1,0,0,0,1,-95,0,8,0,547826540,0,100,0,128,1,"[100,-64,5,0,-21,8,-20,8,-20,8,-19,8,-18,8,-18,9,-17,9,-18,10,-18,10,-17,10,-17,10,-16,10,-16,10,-16,10,-16,10,-17,10,-17,10,-16,9,-16,9,-16,9,-16,9,-16,9,-16,8,-17,8,-17,7,-5,1,0,0,0,0,0,0,0,0,0,0,0,0,0,0,0,0,0,0,-6,2,-21,9,-23,9,-24,8,-24,8,-25,7,-25,6,-24,6,-24,5,-25,4,-26,5,-25,5,-25,4,-25,4,-25,4,-24,4,-24,4,-23,5,-23,5,-23,5,-23,5,-23,6,-22,6,-22,6,-22,6,-21,7,-22,7]"
CSI_DATA,34962,d8:b1:90:db:e8:90,-56,11,1,6,0,0,1,0,0,0,1,-95,0,8,0,547858003,0,100,0,128,1,"[100,-64,5,0,-21,-3,-21,-3,-20,-3,-20,-2,-20,-2,-20,-1,-20,-1,-20,-1,-20,0,-20,0,-20,0,-20,1,-21,1,-21,1,-20,2,-20,2,-19,2,-19,2,-19,2,-20,2,-19,1,-19,1,-19,1,-19,0,-20,-1,-5,-1,0,0,0,0,0,0,0,0,0,0,0,0,0,0,0,0,0,0,-6,-1,-24,-3,-24,-4,-24,-6,-23,-6,-23,-7,-23,-8,-23,-8,-23,-8,-23,-9,-23,-9,-23,-9,-23,-9,-22,-9,-22,-9,-22,-8,-22,-8,-22,-7,-22,-7,-21,-7,-21,-7,-20,-6,-21,-6,-21,-5,-21,-5,-22,-5,-22,-4]"
CSI_DATA,34963,d8:b1:90:db:e8:90,-56,11,1,6,0,0,1,0,0,0,1,-95,0,8,0,547869290,0,100,0,128,1,"[100,-64,5,0,-5,-21,-5,-21,-5,-20,-5,-20,-6,-19,-6,-19,-6,-19,-7,-19,-7,-19,-7,-19,-8,-19,-9,-19,-10,-18,-9,-18,-9,-18,-9,-18,-9,-18,-9,-18,-9,-18,-9,-18,-9,-18,-9,-19,-9,-18,-8,-18,-8,-19,-2,-5,0,0,0,0,0,0,0,0,0,0,0,0,0,0,0,0,0,0,-3,-6,-9,-23,-8,-23,-6,-23,-5,-24,-5,-24,-4,-24,-3,-24,-3,-24,-2,-24,-2,-24,-2,-24,-2,-24,-2,-23,-2,-24,-2,-24,-2,-23,-3,-23,-3,-22,-4,-22,-4,-21,-4,-21,-5,-21,-5,-20,-5,-20,-5,-21,-5,-21]"
CSI_DATA,34964,d8:b1:90:db:e8:90,-55,11,1,6,0,0,1,0,0,0,1,-95,0,8,0,547881011,0,100,0,128,1,"[100,-64,5,0,10,-19,9,-19,9,-19,8,-19,8,-19,8,-18,7,-19,7,-19,6,-19,6,-19,5,-19,4,-20,4,-20,5,-19,5,-19,5,-19,5,-19,5,-19,5,-18,6,-19,6,-18,6,-18,6,-17,7,-17,8,-17,2,-5,0,0,0,0,0,0,0,0,0,0,0,0,0,0,0,0,0,0,2,-6,11,-22,12,-21,13,-21,14,-20,14,-19,15,-19,15,-20,15,-20,16,-19,16,-19,16,-19,16,-19,16,-19,16,-18,15,-18,15,-18,15,-18,14,-18,13,-18,12,-18,12,-18,12,-18,12,-19,12,-19,12,-19,11,-20]"
CSI_DATA,34965,d8:b1:90:db:e8:90,-56,11,1,6,0,0,1,0,0,0,1,-95,0,8,0,547896520,0,100,0,128,1,"[100,-64,5,0,16,11,16,10,16,10,17,10,17,10,16,9,16,9,17,8,17,7,17,7,17,7,18,6,18,6,18,6,18,6,18,6,18,6,17,6,17,6,17,7,17,7,17,8,17,8,17,8,16,9,4,2,0,0,0,0,0,0,0,0,0,0,0,0,0,0,0,0,0,0,4,3,19,12,18,14,18,15,17,15,17,16,17,16,16,17,16,17,16,17,16,17,16,17,16,17,15,17,15,16,15,16,15,15,15,15,15,15,15,14,15,13,15,13,16,13,16,13,16,12,16,12,17,11]"
CSI_DATA,34966,d8:b1:90:db:e8:90,-56,11,1,6,0,0,1,0,0,0,1,-95,0,8,0,547906774,0,100,0,128,1,"[100,-64,5,0,-16,-15,-16,-15,-16,-14,-16,-14,-16,-14,-16,-13,-16,-12,-16,-11,-16,-11,-17,-11,-17,-11,-18,-10,-18,-10,-18,-9,-18,-9,-18,-9,-18,-9,-18,-9,-17,-9,-17,-9,-17,-10,-17,-10,-17,-10,-16,-10,-16,-11,-4,-3,0,0,0,0,0,0,0,0,0,0,0,0,0,0,0,0,0,0,-5,-4,-19,-16,-18,-17,-17,-18,-16,-19,-15,-20,-15,-20,-15,-20,-15,-20,-15,-21,-15,-21,-14,-21,-14,-20,-14,-20,-14,-20,-14,-19,-14,-19,-14,-18,-14,-18,-14,-18,-14,-18,-15,-18,-15,-17,-15,-17,-15,-17,-15,-16,-16,-16]"
CSI_DATA,34967,d8:b1:90:db:e8:90,-56,11,1,6,0,0,1,0,0,0,1,-95,0,8,0,547926329,0,100,0,128,1,"[100,-64,5,0,9,19,9,19,10,18,11,17,11,16,11,15,12,15,12,14,12,13,12,13,13,13,13,13,13,13,13,13,13,13,14,13,13,12,13,12,12,12,12,12,12,13,12,13,11,13,11,13,11,14,2,3,0,0,0,0,0,0,0,0,0,0,0,0,0,0,0,0,0,0,3,4,13,20,12,21,10,21,8,22,7,23,7,23,6,23,6,24,5,24,5,24,4,23,4,23,4,23,5,23,5,23,6,22,6,22,6,21,7,21,8,20,8,20,8,20,8,20,8,20,8,20,9,19]"
CSI_DATA,34968,d8:b1:90:db:e8:90,-56,11,1,6,0,0,1,0,0,0,1,-95,0,8,0,547936604,0,100,0,128,1,"[100,-64,5,0,-1,21,0,20,0,20,2,20,3,19,3,19,3,19,4,18,4,18,4,18,5,18,5,18,5,18,5,18,5,18,6,18,5,18,5,17,5,17,4,17,4,18,4,18,3,18,3,18,2,18,0,4,0,0,0,0,0,0,0,0,0,0,0,0,0,0,0,0,0,0,1,6,3,24,2,24,0,24,-1,24,-2,24,-3,24,-4,24,-4,24,-5,24,-5,24,-5,23,-5,23,-5,22,-5,22,-4,23,-4,23,-4,22,-3,22,-3,22,-2,21,-2,21,-2,21,-2,21,-1,20,-1,21,0,21]"
CSI_DATA,34969,d8:b1:90:db:e8:90,-56,11,1,6,0,0,1,0,0,0,1,-95,0,8,0,547968533,0,100,0,128,1,"[100,-64,5,0,16,14,15,14,15,13,15,13,15,13,15,12,15,11,16,10,16,10,16,10,16,10,16,9,16,9,16,8,17,9,17,9,17,9,17,9,16,9,16,9,16,9,15,10,15,10,15,11,14,11,3,3,0,0,0,0,0,0,0,0,0,0,0,0,0,0,0,0,0,0,4,3,18,15,17,16,16,17,15,18,15,18,15,19,14,20,14,20,14,20,13,20,13,20,13,21,12,20,12,20,12,19,12,19,12,18,13,18,13,18,14,17,14,17,14,16,15,16,15,15,15,15,16,14]"
CSI_DATA,34970,d8:b1:90:db:e8:90,-55,11,1,6,0,0,1,0,0,0,1,-95,0,8,0,547978601,0,100,0,128,1,"[100,-64,5,0,-20,10,-20,10,-19,10,-19,10,-19,10,-18,10,-17,10,-17,11,-17,12,-16,11,-16,11,-16,11,-17,11,-17,11,-17,11,-17,11,-17,12,-17,12,-17,11,-17,11,-17,11,-16,10,-17,10,-17,10,-18,9,-5,2,0,0,0,0,0,0,0,0,0,0,0,0,0,0,0,0,0,0,-6,3,-23,12,-23,10,-23,8,-23,7,-23,7,-24,7,-26,7,-27,6,-27,6,-26,7,-26,7,-26,6,-25,6,-25,6,-24,5,-24,6,-23,7,-23,7,-22,7,-22,8,-21,9,-21,9,-22,9,-21,8,-21,9,-21,9]"
CSI_DATA,34971,d8:b1:90:db:e8:90,-55,11,1,6,0,0,1,0,0,0,1,-95,0,8,0,547989960,0,100,0,128,1,"[100,-64,5,0,2,-21,7,-21,12,-23,8,-21,4,-21,2,-17,-2,-10,0,-14,0,-23,-6,-30,-7,-33,0,-30,2,-23,13,-20,23,-23,10,-23,0,-19,1,-13,-1,-8,-1,-14,2,-19,-1,-26,-5,-34,-2,-26,1,-22,0,-6,0,0,0,0,0,0,0,0,0,0,0,0,0,0,0,0,0,0,-1,-8,-3,-28,2,-25,6,-23,5,-24,3,-25,1,-24,-1,-21,2,-22,5,-25,8,-21,11,-16,9,-22,4,-25,-1,-24,-3,-24,3,-22,7,-20,3,-16,0,-14,2,-18,5,-21,2,-26,1,-28,5,-23,7,-21,8,-16]"
CSI_DATA,34972,d8:b1:90:db:e8:90,-56,11,1,6,0,0,1,0,0,0,1,-95,0,8,0,548010624,0,100,0,128,1,"[100,-64,5,0,17,-10,17,-10,16,-10,16,-10,16,-10,15,-10,15,-11,14,-12,14,-13,14,-13,13,-13,12,-14,12,-14,13,-14,13,-14,13,-14,14,-14,14,-14,14,-13,13,-14,13,-13,13,-13,14,-13,15,-13,15,-12,4,-3,0,0,0,0,0,0,0,0,0,0,0,0,0,0,0,0,0,0,4,-4,19,-12,20,-11,20,-10,21,-9,21,-9,22,-8,22,-8,22,-8,22,-7,22,-7,23,-7,22,-7,22,-7,21,-6,20,-6,20,-6,19,-7,19,-7,20,-8,20,-8,20,-8,19,-8,19,-9,18,-9,18,-10,18,-10]"
CSI_DATA,34973,d8:b1:90:db:e8:90,-55,11,1,6,0,0,1,0,0,0,1,-95,0,8,0,548026709,0,100,0,128,1,"[100,-64,5,0,14,16,13,16,13,15,14,15,14,16,13,15,14,14,14,13,14,12,14,12,14,12,15,11,15,11,15,10,15,11,15,11,15,11,15,11,15,11,15,11,15,12,14,12,14,12,13,12,13,13,3,3,0,0,0,0,0,0,0,0,0,0,0,0,0,0,0,0,0,0,4,4,16,19,15,20,14,20,13,21,12,21,12,22,11,22,11,22,10,23,10,23,10,22,10,22,10,22,10,22,10,21,10,20,10,20,10,20,11,20,12,20,12,19,12,19,13,18,13,17,13,17,14,16]"
CSI_DATA,34974,d8:b1:90:db:e8:90,-56,11,1,6,0,0,1,0,0,0,1,-95,0,8,0,548036728,0,100,0,128,1,"[100,-64,5,0,15,13,15,13,15,12,15,13,15,13,15,12,15,12,15,10,15,10,15,9,16,9,17,9,17,8,17,8,17,8,17,8,17,8,17,8,17,8,17,9,16,9,16,9,16,10,16,10,15,11,3,2,0,0,0,0,0,0,0,0,0,0,0,0,0,0,0,0,0,0,4,4,18,16,17,17,16,18,15,18,15,19,14,19,13,19,13,20,13,20,13,20,13,20,13,20,12,19,12,19,12,18,12,18,12,17,12,17,13,17,14,17,14,16,14,16,14,15,14,15,15,14,15,13]"
CSI_DATA,34975,d8:b1:90:db:e8:90,-55,11,1,6,0,0,1,0,0,0,1,-95,0,8,0,548057627,0,100,0,128,1,"[100,-64,5,0,18,-12,17,-12,17,-12,17,-11,17,-11,16,-11,15,-11,15,-12,15,-12,15,-13,14,-13,13,-14,13,-14,14,-14,14,-14,13,-15,13,-15,14,-15,14,-14,14,-14,13,-14,13,-13,13,-13,14,-13,15,-12,3,-3,0,0,0,0,0,0,0,0,0,0,0,0,0,0,0,0,0,0,5,-4,21,-15,21,-13,21,-12,22,-11,22,-11,23,-10,23,-11,23,-10,23,-10,23,-9,23,-9,23,-8,22,-8,23,-9,23,-9,22,-9,22,-9,21,-10,21,-10,20,-10,19,-10,19,-11,19,-11,19,-12,19,-12,19,-12]"
CSI_DATA,34976,d8:b1:90:db:e8:90,-55,11,1,6,0,0,1,0,0,0,1,-95,0,8,0,548068424,0,100,0,128,1,"[100,-64,5,0,-22,2,-22,2,-22,2,-21,3,-21,3,-20,4,-20,4,-19,6,-19,6,-19,6,-18,6,-18,7,-18,8,-18,8,-18,8,-18,8,-18,8,-18,8,-18,7,-18,6,-17,6,-17,5,-18,5,-18,5,-19,5,-5,1,0,0,0,0,0,0,0,0,0,0,0,0,0,0,0,0,0,0,-7,1,-25,3,-25,1,-24,-1,-25,-2,-25,-1,-25,0,-25,-1,-25,-2,-26,-2,-26,-3,-26,-4,-25,-5,-25,-5,-25,-5,-24,-4,-24,-3,-23,-3,-24,-3,-24,-3,-24,-2,-24,-2,-23,-1,-23,-1,-23,0,-22,0,-22,0]"
CSI_DATA,34977,d8:b1:90:db:e8:90,-56,11,1,6,0,0,1,0,0,0,1,-95,0,8,0,548079422,0,100,0,128,1,"[100,-64,5,0,-11,-19,-11,-19,-11,-18,-11,-17,-12,-17,-12,-16,-11,-16,-11,-17,-10,-17,-11,-17,-11,-17,-12,-17,-13,-17,-13,-16,-12,-16,-12,-16,-12,-16,-12,-16,-11,-16,-12,-16,-12,-17,-11,-17,-11,-17,-10,-17,-10,-18,-3,-5,0,0,0,0,0,0,0,0,0,0,0,0,0,0,0,0,0,0,-3,-6,-11,-23,-10,-23,-8,-23,-7,-23,-6,-24,-6,-24,-6,-24,-6,-24,-6,-24,-5,-24,-5,-24,-5,-24,-5,-23,-5,-23,-5,-23,-5,-23,-5,-22,-6,-22,-7,-22,-8,-22,-8,-21,-8,-21,-8,-20,-9,-20,-9,-20,-9,-19]"
CSI_DATA,34978,d8:b1:90:db:e8:90,-56,11,1,6,0,0,1,0,0,0,1,-95,0,8,0,548089461,0,100,0,128,1,"[100,-64,5,0,4,20,4,19,4,18,5,18,6,18,6,17,6,17,4,18,4,18,5,18,5,18,6,18,7,18,7,17,7,17,7,17,7,17,6,17,6,17,7,17,7,17,7,17,6,17,5,17,5,18,1,4,0,0,0,0,0,0,0,0,0,0,0,0,0,0,0,0,0,0,0,5,3,23,2,23,0,23,-1,23,-1,23,-1,23,-1,23,-2,24,-2,24,-3,23,-3,23,-2,23,-2,22,-2,22,-2,22,-2,21,-2,21,-1,21,0,21,0,21,1,21,1,21,1,20,1,20,2,20,3,20]"
CSI_DATA,34979,d8:b1:90:db:e8:90,-56,11,1,6,0,0,1,0,0,0,1,-95,0,8,0,548106226,0,100,0,128,1,"[100,-64,5,0,-10,18,-9,17,-9,17,-8,17,-7,17,-7,17,-7,17,-8,17,-8,17,-7,16,-7,16,-7,16,-8,16,-8,16,-8,16,-8,17,-8,16,-8,16,-8,16,-8,16,-8,16,-8,15,-9,15,-10,15,-10,15,-3,3,0,0,0,0,0,0,0,0,0,0,0,0,0,0,0,0,0,0,-4,4,-14,19,-15,18,-15,18,-16,17,-16,17,-17,17,-17,17,-18,16,-18,16,-18,16,-18,16,-18,16,-17,15,-17,15,-16,16,-16,16,-15,16,-15,16,-14,16,-13,15,-13,16,-12,16,-12,17,-11,17,-11,17,-11,17]"
CSI_DATA,34980,d8:b1:90:db:e8:90,-56,11,1,6,0,0,1,0,0,0,1,-95,0,8,0,548117165,0,100,0,128,1,"[100,-64,5,0,6,-19,6,-19,6,-19,5,-19,5,-19,4,-18,4,-18,5,-18,5,-18,5,-18,4,-18,5,-18,5,-17,6,-17,6,-18,6,-18,6,-18,6,-17,7,-17,6,-17,6,-17,6,-17,6,-17,7,-17,8,-16,2,-4,0,0,0,0,0,0,0,0,0,0,0,0,0,0,0,0,0,0,2,-6,10,-22,11,-21,12,-21,12,-20,13,-20,13,-20,14,-20,14,-20,15,-19,14,-19,14,-20,14,-19,14,-19,13,-19,13,-19,12,-19,12,-19,12,-19,11,-18,10,-18,10,-18,9,-18,9,-19,8,-19,8,-19,8,-19]"
CSI_DATA,34981,d8:b1:90:db:e8:90,-56,11,1,7,0,0,1,0,0,0,0,-95,0,8,0,548136690,0,100,0,128,1,"[100,-64,5,0,-20,-4,-19,-4,-19,-3,-19,-3,-19,-2,-18,-2,-18,-1,-18,1,-18,2,-18,2,-18,2,-18,2,-18,3,-18,3,-18,3,-18,3,-18,3,-18,3,-18,3,-17,3,-17,3,-17,3,-17,2,-18,2,-18,1,-5,0,0,0,0,0,0,0,0,0,0,0,0,0,0,0,0,0,0,0,-6,-1,-24,-3,-23,-4,-23,-5,-23,-6,-23,-7,-23,-8,-23,-7,-23,-8,-23,-9,-23,-9,-23,-9,-24,-9,-23,-9,-23,-9,-22,-9,-21,-8,-21,-8,-21,-7,-21,-7,-20,-7,-20,-7,-20,-6,-20,-7,-20,-7,-20,-6,-20,-5]"
CSI_DATA,34982,d8:b1:90:db:e8:90,-56,11,1,7,0,0,1,0,0,0,0,-95,0,8,0,548174469,0,100,0,128,1,"[100,-64,5,0,-11,-20,-11,-19,-11,-18,-11,-18,-11,-17,-11,-17,-11,-16,-11,-16,-11,-16,-12,-15,-12,-15,-13,-15,-13,-15,-13,-14,-13,-14,-13,-13,-13,-13,-13,-13,-13,-13,-13,-13,-14,-13,-13,-14,-13,-13,-13,-13,-12,-13,-3,-4,0,0,0,0,0,0,0,0,0,0,0,0,0,0,0,0,0,0,-4,-6,-14,-22,-13,-22,-11,-22,-11,-22,-10,-23,-9,-23,-9,-24,-8,-25,-8,-25,-8,-25,-8,-25,-8,-24,-8,-24,-8,-24,-8,-24,-8,-23,-9,-22,-9,-22,-9,-22,-9,-21,-10,-21,-10,-21,-10,-20,-11,-20,-10,-20,-10,-20]"
CSI_DATA,34983,d8:b1:90:db:e8:90,-55,11,1,7,0,0,1,0,0,0,0,-95,0,8,0,548186277,0,100,0,128,1,"[100,-64,5,0,-5,21,-4,21,-4,20,-3,20,-2,20,-2,19,-2,19,-2,19,-2,19,-1,18,0,18,0,18,0,18,0,18,1,18,1,18,1,18,1,18,1,17,1,17,1,18,1,18,1,18,0,17,-1,17,-1,4,0,0,0,0,0,0,0,0,0,0,0,0,0,0,0,0,0,0,-1,6,-4,25,-4,25,-6,24,-7,24,-7,24,-8,24,-8,24,-9,24,-10,24,-10,24,-11,24,-11,24,-10,23,-10,23,-9,23,-9,23,-8,22,-8,22,-7,22,-6,22,-6,22,-6,22,-6,22,-5,22,-5,22,-6,21]"
CSI_DATA,34984,d8:b1:90:db:e8:90,-56,11,1,6,0,0,1,0,0,0,1,-95,0,8,0,548198242,0,100,0,128,1,"[100,-64,5,0,2,21,2,20,3,20,3,20,4,20,4,19,4,19,4,18,4,18,5,18,5,18,6,18,6,17,6,17,6,17,6,17,6,17,5,16,5,16,5,16,5,17,5,17,5,17,4,17,3,17,0,4,0,0,0,0,0,0,0,0,0,0,0,0,0,0,0,0,0,0,1,6,3,25,2,25,1,25,0,25,-1,25,-2,25,-2,25,-3,25,-4,25,-4,25,-4,25,-4,25,-4,24,-4,24,-3,24,-3,24,-3,23,-2,23,-1,23,0,23,0,23,0,23,1,22,1,22,1,22,2,22]"
CSI_DATA,34985,d8:b1:90:db:e8:90,-56,11,1,6,0,0,1,0,0,0,1,-95,0,8,0,548209651,0,100,0,128,1,"[100,-64,5,0,3,-22,3,-21,3,-21,2,-21,1,-20,1,-20,1,-20,1,-20,1,-20,0,-20,-1,-20,-2,-20,-2,-19,-1,-19,-1,-19,-1,-19,-1,-19,-1,-18,-1,-18,-1,-18,-2,-18,-2,-18,-1,-18,0,-18,0,-18,0,-5,0,0,0,0,0,0,0,0,0,0,0,0,0,0,0,0,0,0,0,-7,2,-26,4,-25,5,-25,6,-24,6,-24,7,-24,8,-24,8,-25,9,-25,9,-24,9,-24,9,-24,8,-24,8,-23,8,-23,8,-23,8,-23,8,-23,7,-23,6,-23,5,-23,5,-23,4,-23,4,-22,4,-22,4,-23]"
CSI_DATA,34986,d8:b1:90:db:e8:90,-55,11,1,6,0,0,1,0,0,0,1,-95,0,8,0,548219626,0,100,0,128,1,"[100,-64,5,0,-23,0,-23,0,-22,1,-21,1,-21,1,-20,2,-20,2,-19,3,-19,4,-18,4,-18,4,-18,4,-18,5,-18,5,-18,5,-18,5,-18,5,-18,4,-18,4,-18,4,-18,4,-18,3,-18,3,-18,3,-19,2,-5,0,0,0,0,0,0,0,0,0,0,0,0,0,0,0,0,0,0,0,-7,0,-27,1,-27,0,-27,-2,-27,-3,-27,-4,-27,-4,-28,-4,-28,-4,-27,-5,-28,-5,-28,-6,-28,-6,-27,-6,-27,-6,-26,-5,-25,-5,-25,-4,-25,-4,-24,-4,-24,-3,-24,-2,-24,-2,-25,-2,-25,-1,-24,-1,-24,0]"
CSI_DATA,34987,d8:b1:90:db:e8:90,-55,11,1,6,0,0,1,0,0,0,1,-95,0,8,0,548231433,0,100,0,128,1,"[100,-64,5,0,20,8,19,7,19,6,19,6,19,6,18,5,18,4,18,3,18,2,17,2,18,2,18,2,18,2,18,2,18,2,18,2,18,2,18,2,18,2,18,2,18,2,17,3,17,4,17,4,18,5,4,1,0,0,0,0,0,0,0,0,0,0,0,0,0,0,0,0,0,0,6,1,25,6,25,6,24,7,24,8,23,9,24,10,24,10,24,11,23,11,23,11,23,12,23,12,23,12,22,12,22,12,21,11,21,11,21,10,21,9,21,9,20,9,21,8,21,8,21,9,21,8,21,7]"
CSI_DATA,34988,d8:b1:90:db:e8:90,-54,11,1,6,0,0,1,0,0,0,0,-95,0,8,0,548243430,0,100,0,128,1,"[100,-64,5,0,15,-18,14,-18,13,-18,12,-18,12,-18,11,-17,11,-17,11,-18,11,-18,11,-18,10,-18,9,-18,9,-18,10,-18,10,-18,9,-17,9,-17,9,-17,9,-16,9,-17,9,-16,9,-16,9,-16,10,-16,10,-15,2,-4,0,0,0,0,0,0,0,0,0,0,0,0,0,0,0,0,0,0,4,-6,17,-21,18,-20,19,-19,20,-18,21,-18,21,-17,21,-17,22,-17,22,-17,22,-17,22,-17,22,-17,22,-16,22,-16,22,-15,21,-15,20,-15,20,-16,20,-16,19,-16,19,-16,18,-17,17,-18,17,-18,17,-18,17,-19]"
CSI_DATA,34989,d8:b1:90:db:e8:90,-56,11,1,6,0,0,1,0,0,0,0,-95,0,8,0,548267425,0,100,0,128,1,"[100,-64,5,0,1,-22,1,-21,1,-21,0,-20,-1,-20,-2,-20,-2,-19,-3,-19,-3,-19,-4,-19,-5,-19,-5,-19,-5,-19,-4,-18,-5,-18,-5,-18,-5,-18,-5,-18,-4,-18,-4,-17,-4,-17,-4,-17,-4,-16,-2,-16,-1,-16,-1,-4,0,0,0,0,0,0,0,0,0,0,0,0,0,0,0,0,0,0,0,-7,2,-25,3,-25,5,-25,6,-24,7,-24,7,-24,7,-24,8,-24,8,-24,8,-24,8,-24,8,-23,8,-23,8,-23,8,-23,8,-23,8,-22,7,-23,7,-23,6,-22,6,-22,5,-22,4,-22,4,-22,4,-22,3,-22]"
CSI_DATA,34990,d8:b1:90:db:e8:90,-56,11,1,6,0,0,1,0,0,0,0,-95,0,8,0,548281888,0,100,0,128,1,"[100,-64,5,0,16,13,16,12,17,12,17,11,17,11,17,10,17,10,17,9,16,9,16,9,16,9,16,9,16,8,16,8,16,8,16,8,16,8,16,7,15,7,15,7,15,8,14,8,14,9,14,9,13,9,3,2,0,0,0,0,0,0,0,0,0,0,0,0,0,0,0,0,0,0,5,3,19,14,19,15,18,16,17,17,17,18,17,18,17,19,17,19,17,19,16,19,16,20,16,20,15,20,16,19,16,19,16,19,16,18,16,18,16,17,17,16,17,16,17,15,17,14,17,14,17,14,18,14]"
CSI_DATA,34991,d8:b1:90:db:e8:90,-55,11,1,6,0,0,1,0,0,0,0,-95,0,8,0,548293212,0,100,0,128,1,"[100,-64,5,0,-9,19,-9,18,-8,18,-8,18,-8,18,-7,18,-7,18,-7,18,-7,18,-6,18,-6,18,-5,19,-5,19,-5,18,-5,18,-5,18,-5,18,-5,18,-5,18,-5,18,-5,18,-5,17,-6,17,-6,17,-7,17,-2,4,0,0,0,0,0,0,0,0,0,0,0,0,0,0,0,0,0,0,-3,5,-10,23,-11,22,-13,22,-13,21,-14,20,-15,21,-15,21,-15,21,-15,20,-16,20,-16,20,-16,20,-15,19,-15,19,-15,19,-15,19,-14,19,-14,19,-13,19,-12,19,-11,19,-11,19,-10,19,-10,18,-10,18,-10,19]"
CSI_DATA,34992,d8:b1:90:db:e8:90,-55,11,1,6,0,0,1,0,0,0,0,-95,0,8,0,548304700,0,100,0,128,1,"[100,-64,5,0,21,0,21,0,20,-1,20,-2,20,-3,19,-3,19,-3,19,-2,20,-2,19,-2,19,-2,19,-2,19,-3,19,-3,19,-3,19,-2,19,-2,19,-2,18,-2,18,-2,17,-2,17,-1,17,-1,17,0,17,0,4,0,0,0,0,0,0,0,0,0,0,0,0,0,0,0,0,0,0,0,6,0,24,2,24,3,24,4,24,5,23,6,23,6,23,6,24,6,23,7,23,7,23,7,23,7,23,7,23,7,23,7,23,7,23,6,22,6,22,5,22,4,22,4,22,3,22,2,22,1,22,1,22,1]"
CSI_DATA,34993,d8:b1:90:db:e8:90,-56,11,1,6,0,0,1,0,0,0,0,-95,0,8,0,548316835,0,100,0,128,1,"[100,-64,5,0,-5,-21,-5,-21,-6,-20,-7,-19,-8,-19,-8,-19,-8,-18,-9,-18,-9,-18,-9,-18,-9,-18,-9,-18,-9,-18,-8,-18,-8,-18,-8,-18,-8,-18,-7,-17,-7,-17,-8,-17,-8,-17,-7,-17,-6,-17,-6,-18,-6,-18,-2,-5,0,0,0,0,0,0,0,0,0,0,0,0,0,0,0,0,0,0,-2,-6,-8,-24,-6,-24,-5,-24,-4,-24,-3,-25,-3,-25,-2,-25,-2,-26,-1,-26,-1,-25,0,-25,0,-25,0,-24,0,-24,-1,-24,-1,-23,-1,-23,-1,-23,-1,-23,-2,-23,-3,-22,-3,-22,-4,-22,-4,-21,-4,-22,-5,-22]"
CSI_DATA,34994,d8:b1:90:db:e8:90,-55,11,1,6,0,0,1,0,0,0,0,-95,0,8,0,548336513,0,100,0,128,1,"[100,-64,5,0,-7,-19,-7,-18,-7,-18,-8,-17,-9,-17,-9,-16,-9,-16,-9,-16,-10,-15,-10,-15,-10,-15,-10,-16,-10,-16,-10,-16,-10,-16,-10,-16,-10,-15,-9,-15,-9,-15,-9,-15,-9,-15,-9,-15,-9,-15,-8,-16,-8,-16,-2,-4,0,0,0,0,0,0,0,0,0,0,0,0,0,0,0,0,0,0,-2,-6,-9,-22,-8,-22,-6,-23,-5,-24,-4,-23,-4,-23,-3,-23,-2,-22,-2,-22,-1,-23,-1,-23,-1,-23,-2,-22,-2,-22,-2,-21,-2,-21,-2,-21,-3,-21,-3,-21,-4,-20,-4,-20,-4,-20,-5,-20,-5,-20,-6,-19,-6,-19]"
CSI_DATA,34995,d8:b1:90:db:e8:90,-55,11,1,6,0,0,1,0,0,0,0,-95,0,8,0,548362115,0,100,0,128,1,"[100,-64,5,0,22,3,21,2,21,2,20,1,20,1,19,0,19,-1,20,-2,20,-2,19,-3,19,-3,19,-3,19,-3,19,-4,19,-4,19,-3,19,-3,19,-3,18,-3,18,-3,18,-2,17,-2,17,-2,18,-1,18,-1,4,0,0,0,0,0,0,0,0,0,0,0,0,0,0,0,0,0,0,0,6,0,24,0,25,2,25,4,24,5,25,6,25,6,24,6,24,6,25,7,26,8,26,7,25,8,24,8,24,8,24,8,23,8,22,7,22,7,22,7,22,6,22,6,22,5,23,5,23,4,23,4,23,3]"
CSI_DATA,34996,d8:b1:90:db:e8:90,-56,11,1,6,0,0,1,0,0,0,0,-95,0,8,0,548373357,0,100,0,128,1,"[100,-64,5,0,19,-9,19,-9,18,-9,18,-8,17,-8,17,-9,16,-10,16,-11,16,-11,15,-11,15,-12,14,-12,14,-13,15,-13,15,-13,15,-13,15,-13,15,-13,15,-12,15,-12,14,-12,14,-11,15,-11,15,-11,16,-11,4,-3,0,0,0,0,0,0,0,0,0,0,0,0,0,0,0,0,0,0,5,-4,22,-12,22,-11,22,-10,23,-8,24,-8,24,-7,25,-7,25,-6,25,-6,25,-5,25,-5,25,-5,24,-4,24,-4,23,-5,22,-5,22,-6,22,-6,21,-6,21,-7,21,-7,20,-7,20,-8,20,-7,20,-8,20,-8]"
CSI_DATA,34997,d8:b1:90:db:e8:90,-56,11,1,6,0,0,1,0,0,0,0,-95,0,8,0,548385017,0,100,0,128,1,"[100,-64,5,0,-18,12,-17,12,-17,12,-17,13,-16,13,-16,13,-15,13,-14,14,-14,14,-13,14,-13,14,-12,14,-12,15,-12,15,-12,15,-12,15,-12,15,-12,14,-12,14,-12,14,-12,14,-12,14,-12,13,-13,13,-13,13,-4,3,0,0,0,0,0,0,0,0,0,0,0,0,0,0,0,0,0,0,-5,4,-21,15,-21,14,-22,13,-22,13,-23,12,-23,11,-23,11,-23,11,-23,11,-24,10,-24,10,-23,9,-23,9,-23,9,-23,9,-23,9,-22,9,-22,10,-21,10,-20,11,-20,11,-20,11,-19,12,-19,12,-19,12,-19,13]"
CSI_DATA,34998,d8:b1:90:db:e8:90,-56,11,1,6,0,0,1,0,0,0,0,-95,0,8,0,548396819,0,100,0,128,1,"[100,-64,5,0,10,-18,9,-18,9,-18,9,-19,8,-19,8,-18,7,-18,6,-19,6,-19,5,-19,4,-19,4,-19,4,-19,4,-18,4,-18,4,-18,4,-18,4,-18,4,-18,4,-18,4,-18,4,-18,4,-18,5,-17,5,-17,1,-5,0,0,0,0,0,0,0,0,0,0,0,0,0,0,0,0,0,0,2,-6,11,-23,12,-22,13,-21,14,-21,15,-20,15,-20,15,-20,15,-20,16,-20,16,-19,16,-19,16,-19,16,-18,15,-18,15,-18,15,-18,14,-18,14,-18,13,-18,12,-18,12,-18,12,-19,11,-19,11,-19,11,-19,11,-19]"
CSI_DATA,34999,d8:b1:90:db:e8:90,-56,11,1,6,0,0,1,0,0,0,0,-95,0,8,0,548416790,0,100,0,128,1,"[100,-64,5,0,14,-16,13,-15,13,-15,12,-15,12,-15,11,-15,11,-15,10,-16,10,-17,9,-16,8,-17,7,-17,6,-18,7,-18,7,-18,7,-18,7,-18,7,-17,7,-17,8,-17,8,-17,7,-17,8,-16,9,-16,10,-16,2,-4,0,0,0,0,0,0,0,0,0,0,0,0,0,0,0,0,0,0,4,-5,16,-19,17,-18,18,-17,19,-16,19,-16,19,-15,19,-15,20,-15,20,-15,20,-14,21,-14,21,-14,21,-13,20,-13,19,-13,19,-13,18,-13,18,-14,17,-15,16,-15,16,-15,16,-15,16,-15,15,-15,15,-15,15,-16]"
CSI_DATA,35000,d8:b1:90:db:e8:90,-55,11,1,6,0,0,1,0,0,0,0,-95,0,8,0,548431487,0,100,0,128,1,"[100,-64,5,0,-19,-11,-19,-10,-19,-10,-19,-9,-19,-8,-19,-8,-19,-7,-18,-6,-18,-5,-18,-6,-19,-6,-19,-6,-20,-6,-19,-6,-19,-5,-19,-5,-19,-5,-18,-5,-18,-5,-19,-4,-19,-5,-18,-6,-18,-6,-18,-6,-18,-7,-5,-2,0,0,0,0,0,0,0,0,0,0,0,0,0,0,0,0,0,0,-6,-3,-24,-11,-23,-13,-22,-14,-21,-14,-21,-15,-21,-15,-21,-16,-21,-16,-21,-17,-21,-17,-20,-17,-20,-17,-20,-17,-20,-17,-19,-16,-18,-15,-18,-15,-19,-15,-19,-14,-20,-13,-20,-13,-19,-13,-19,-13,-19,-12,-19,-12,-19,-12]"
CSI_DATA,35001,d8:b1:90:db:e8:90,-55,11,1,6,0,0,1,0,0,0,0,-95,0,8,0,548446731,0,100,0,128,1,"[100,-64,5,0,-23,-7,-22,-7,-22,-6,-21,-5,-21,-5,-20,-4,-20,-4,-20,-2,-20,-1,-20,-1,-20,-2,-20,-2,-21,-2,-21,-1,-20,-1,-19,-1,-19,-1,-19,-1,-19,-1,-19,-1,-19,-1,-19,-2,-19,-2,-19,-2,-19,-3,-5,-1,0,0,0,0,0,0,0,0,0,0,0,0,0,0,0,0,0,0,-7,-2,-27,-6,-26,-7,-25,-9,-25,-10,-24,-11,-24,-11,-25,-11,-25,-11,-25,-11,-25,-12,-24,-13,-24,-13,-23,-13,-23,-13,-23,-13,-23,-12,-22,-12,-22,-11,-22,-10,-23,-9,-22,-8,-23,-8,-23,-8,-23,-8,-23,-7,-23,-6]"
CSI_DATA,35002,d8:b1:90:db:e8:90,-56,11,1,6,0,0,1,0,0,0,0,-95,0,8,0,548468983,0,100,0,128,1,"[100,-64,5,0,16,-14,15,-14,15,-14,14,-14,13,-14,12,-14,11,-14,11,-16,11,-16,10,-16,10,-16,10,-17,11,-17,11,-17,11,-17,10,-16,10,-16,10,-16,10,-16,10,-16,9,-16,9,-16,9,-16,10,-15,11,-15,2,-4,0,0,0,0,0,0,0,0,0,0,0,0,0,0,0,0,0,0,4,-5,17,-19,17,-18,18,-17,19,-16,20,-15,20,-15,20,-15,20,-15,21,-15,21,-14,21,-14,21,-13,21,-13,21,-12,20,-12,20,-13,19,-13,19,-13,18,-14,17,-14,16,-14,16,-14,17,-14,17,-14,16,-15,16,-15]"
CSI_DATA,35003,d8:b1:90:db:e8:90,-56,11,1,6,0,0,1,0,0,0,0,-95,0,8,0,548479682,0,100,0,128,1,"[100,-64,5,0,-9,-20,-9,-20,-9,-19,-9,-19,-9,-19,-9,-19,-9,-18,-10,-17,-10,-17,-10,-17,-11,-17,-12,-17,-12,-16,-11,-16,-11,-16,-11,-16,-11,-15,-11,-15,-10,-15,-10,-15,-10,-15,-10,-15,-10,-15,-9,-15,-9,-15,-3,-4,0,0,0,0,0,0,0,0,0,0,0,0,0,0,0,0,0,0,-4,-6,-12,-23,-11,-24,-9,-24,-7,-25,-7,-25,-6,-25,-6,-26,-6,-26,-5,-26,-5,-25,-5,-25,-5,-25,-5,-24,-5,-24,-5,-24,-5,-24,-5,-24,-6,-23,-6,-23,-7,-23,-7,-22,-7,-22,-8,-22,-9,-22,-9,-21,-9,-21]"
CSI_DATA,35004,d8:b1:90:db:e8:90,-56,11,1,6,0,0,1,0,0,0,0,-95,0,8,0,548495838,0,100,0,128,1,"[100,-64,5,0,14,-16,13,-16,13,-16,13,-16,12,-16,12,-16,11,-16,11,-17,10,-17,10,-17,9,-17,9,-17,9,-16,10,-16,10,-17,9,-17,9,-17,9,-17,9,-16,9,-17,8,-16,8,-16,9,-15,10,-15,10,-15,2,-4,0,0,0,0,0,0,0,0,0,0,0,0,0,0,0,0,0,0,4,-5,16,-19,17,-17,18,-16,18,-15,19,-15,20,-15,21,-15,21,-15,22,-14,22,-14,22,-14,22,-14,21,-14,21,-14,20,-13,20,-13,19,-13,19,-14,18,-14,17,-15,17,-15,16,-15,16,-16,16,-16,15,-16,15,-16]"
CSI_DATA,35005,d8:b1:90:db:e8:90,-56,11,1,6,0,0,1,0,0,0,0,-95,0,8,0,548507013,0,100,0,128,1,"[100,-64,5,0,19,-9,19,-9,18,-9,17,-10,17,-10,16,-10,16,-11,16,-11,16,-12,15,-12,15,-12,14,-12,14,-12,15,-12,15,-12,14,-12,14,-12,14,-12,14,-12,14,-12,14,-12,14,-11,14,-11,15,-10,15,-10,3,-3,0,0,0,0,0,0,0,0,0,0,0,0,0,0,0,0,0,0,5,-3,22,-10,22,-9,23,-8,23,-7,24,-6,24,-6,24,-6,24,-5,24,-5,24,-5,24,-5,24,-5,23,-4,23,-4,23,-4,23,-5,23,-5,23,-5,22,-6,22,-6,21,-6,21,-7,21,-7,20,-8,20,-8,21,-8]"
CSI_DATA,35006,d8:b1:90:db:e8:90,-56,11,1,6,0,0,1,0,0,0,0,-95,0,8,0,548517448,0,100,0,128,1,"[100,-64,5,0,-20,9,-19,9,-19,9,-18,9,-18,9,-17,9,-17,10,-17,10,-16,11,-16,11,-16,11,-16,11,-16,11,-16,11,-16,11,-15,11,-15,11,-15,11,-15,11,-15,11,-15,10,-15,10,-15,10,-16,9,-16,9,-4,2,0,0,0,0,0,0,0,0,0,0,0,0,0,0,0,0,0,0,-6,3,-22,12,-23,11,-23,10,-23,9,-24,8,-24,8,-24,7,-24,7,-25,7,-25,6,-24,6,-24,6,-24,6,-24,5,-24,5,-23,6,-23,6,-23,6,-22,6,-22,7,-22,7,-21,7,-21,8,-20,8,-20,8,-21,9]"
CSI_DATA,35007,d8:b1:90:db:e8:90,-56,11,1,6,0,0,1,0,0,0,0,-95,0,8,0,548528807,0,100,0,128,1,"[100,-64,5,0,-19,-11,-19,-11,-18,-10,-19,-9,-19,-9,-19,-8,-18,-8,-18,-7,-18,-7,-19,-6,-19,-6,-19,-6,-19,-6,-19,-6,-19,-6,-18,-6,-18,-5,-18,-5,-18,-5,-18,-5,-18,-6,-18,-6,-18,-6,-18,-6,-17,-7,-5,-2,0,0,0,0,0,0,0,0,0,0,0,0,0,0,0,0,0,0,-6,-3,-23,-11,-22,-12,-21,-13,-21,-14,-20,-14,-20,-15,-20,-15,-20,-16,-20,-16,-20,-16,-19,-16,-19,-16,-19,-16,-19,-16,-19,-16,-18,-16,-18,-15,-19,-15,-19,-14,-19,-14,-19,-14,-19,-13,-19,-12,-19,-11,-19,-11,-19,-12]"
CSI_DATA,35008,d8:b1:90:db:e8:90,-55,11,1,6,0,0,1,0,0,0,0,-95,0,8,0,548540225,0,100,0,128,1,"[100,-64,5,0,-7,20,-7,20,-6,19,-6,19,-6,19,-5,19,-5,19,-5,19,-4,19,-4,19,-3,18,-3,18,-3,19,-4,18,-3,18,-3,18,-4,18,-4,18,-4,18,-4,18,-3,18,-3,17,-3,17,-4,17,-5,17,-2,4,0,0,0,0,0,0,0,0,0,0,0,0,0,0,0,0,0,0,-2,6,-7,24,-8,24,-10,23,-11,23,-11,24,-12,23,-13,23,-13,23,-13,23,-14,23,-14,22,-13,22,-13,22,-13,22,-13,22,-12,22,-12,22,-11,22,-10,22,-10,22,-9,21,-8,21,-8,22,-7,22,-7,22,-7,22]"
CSI_DATA,35009,d8:b1:90:db:e8:90,-55,11,1,6,0,0,1,0,0,0,0,-95,0,8,0,548566903,0,100,0,128,1,"[100,-64,5,0,-20,9,-20,9,-19,9,-19,10,-18,11,-18,11,-17,11,-17,11,-17,12,-16,12,-15,12,-15,12,-15,12,-15,12,-15,12,-14,13,-14,13,-14,12,-14,12,-15,12,-15,11,-15,11,-15,11,-16,11,-16,10,-4,2,0,0,0,0,0,0,0,0,0,0,0,0,0,0,0,0,0,0,-6,3,-23,12,-24,10,-25,7,-25,7,-25,6,-25,5,-26,6,-26,7,-26,6,-27,6,-27,6,-26,5,-25,5,-25,5,-25,5,-24,6,-24,6,-23,6,-22,6,-22,7,-21,8,-21,8,-21,9,-21,9,-21,9,-21,9]"
CSI_DATA,35010,d8:b1:90:db:e8:90,-55,11,1,6,0,0,1,0,0,0,0,-95,0,8,0,548578269,0,100,0,128,1,"[100,-64,5,0,10,-20,9,-20,9,-19,8,-19,7,-19,6,-19,6,-19,7,-19,7,-19,7,-19,6,-19,6,-19,6,-19,7,-19,6,-19,6,-19,6,-19,6,-18,6,-18,6,-18,6,-18,6,-17,6,-17,7,-17,8,-17,2,-5,0,0,0,0,0,0,0,0,0,0,0,0,0,0,0,0,0,0,2,-7,9,-25,11,-24,13,-24,14,-23,15,-23,15,-23,15,-22,15,-22,16,-21,16,-21,16,-21,16,-21,16,-21,15,-21,15,-21,14,-21,13,-21,13,-21,13,-21,12,-20,11,-20,11,-21,10,-21,9,-21,9,-22,10,-22]"
CSI_DATA,35011,d8:b1:90:db:e8:90,-56,11,1,6,0,0,1,0,0,0,0,-95,0,8,0,548589045,0,100,0,128,1,"[100,-64,5,0,2,-22,2,-21,1,-21,0,-20,-1,-19,-1,-19,-2,-19,-3,-19,-4,-20,-5,-19,-6,-19,-7,-19,-7,-19,-6,-18,-6,-18,-7,-18,-7,-18,-6,-18,-6,-18,-6,-18,-7,-18,-6,-18,-6,-18,-5,-19,-4,-19,-1,-5,0,0,0,0,0,0,0,0,0,0,0,0,0,0,0,0,0,0,-1,-7,-1,-25,0,-25,2,-25,3,-25,4,-26,5,-26,5,-26,6,-26,6,-26,7,-26,7,-25,7,-25,7,-25,7,-24,7,-23,7,-23,6,-22,6,-22,6,-23,5,-23,5,-23,4,-22,4,-22,3,-22,3,-22,3,-23]"
CSI_DATA,35012,d8:b1:90:db:e8:90,-55,11,1,6,0,0,1,0,0,0,0,-95,0,8,0,548607116,0,100,0,128,1,"[100,-64,5,0,13,18,12,18,12,16,13,15,13,15,13,14,14,13,15,12,16,11,15,11,16,10,17,10,17,10,16,9,16,9,16,9,16,9,16,9,16,9,16,9,15,9,15,10,15,10,15,11,15,11,3,3,0,0,0,0,0,0,0,0,0,0,0,0,0,0,0,0,0,0,4,4,18,18,17,19,15,21,14,22,13,22,13,23,13,24,12,24,12,25,12,25,11,25,11,24,11,24,10,24,10,23,10,22,10,22,10,22,11,22,11,22,11,21,11,21,12,20,12,19,12,19,13,19]"
CSI_DATA,35013,d8:b1:90:db:e8:90,-54,11,1,6,0,0,1,0,0,0,0,-95,0,8,0,548626506,0,100,0,128,1,"[100,-64,5,0,20,8,20,7,20,7,20,6,20,6,19,5,19,4,19,3,19,3,18,3,19,2,19,2,19,1,19,1,19,1,19,0,19,0,18,0,18,0,18,0,18,0,17,1,18,1,18,2,18,2,4,0,0,0,0,0,0,0,0,0,0,0,0,0,0,0,0,0,0,0,6,2,25,8,24,9,23,11,23,12,23,12,23,13,23,13,23,13,23,14,23,14,22,15,22,15,22,15,21,15,22,14,21,14,21,14,21,13,22,13,21,12,21,11,21,10,21,10,21,11,21,10,22,9]"
CSI_DATA,35014,d8:b1:90:db:e8:90,-54,11,1,6,0,0,1,0,0,0,0,-95,0,8,0,548643933,0,100,0,128,1,"[100,-64,5,0,-24,-5,-23,-5,-23,-4,-23,-3,-22,-3,-21,-3,-21,-1,-21,1,-20,2,-20,2,-20,2,-20,2,-20,3,-20,3,-20,3,-19,3,-19,3,-19,3,-18,2,-19,2,-19,1,-19,0,-19,0,-19,0,-19,-1,-5,-1,0,0,0,0,0,0,0,0,0,0,0,0,0,0,0,0,0,0,-7,-1,-28,-4,-28,-5,-27,-7,-27,-8,-27,-9,-27,-10,-27,-10,-27,-10,-27,-10,-27,-11,-27,-11,-26,-11,-26,-11,-25,-11,-25,-12,-25,-11,-25,-11,-25,-10,-24,-10,-24,-9,-24,-8,-25,-8,-25,-7,-25,-7,-25,-6,-25,-6]"
CSI_DATA,35015,d8:b1:90:db:e8:90,-55,11,1,6,0,0,1,0,0,0,0,-95,0,8,0,548670125,0,100,0,128,1,"[100,-64,5,0,8,18,8,18,8,17,9,16,9,16,9,15,10,15,10,14,10,13,10,13,11,13,11,13,12,13,12,12,12,12,12,12,11,12,11,12,11,12,11,12,11,12,11,13,11,13,11,12,10,12,2,3,0,0,0,0,0,0,0,0,0,0,0,0,0,0,0,0,0,0,3,5,13,21,11,21,10,22,9,23,9,22,7,22,7,24,8,24,7,24,6,24,5,24,5,25,5,24,5,23,5,23,5,23,5,23,5,22,6,22,6,21,7,21,7,21,7,20,7,20,7,20,8,19]"
CSI_DATA,35016,d8:b1:90:db:e8:90,-54,11,1,6,0,0,1,0,0,0,0,-95,0,8,0,548701847,0,100,0,128,1,"[100,-64,5,0,1,22,1,21,2,20,3,19,3,19,4,18,4,18,3,18,3,18,4,18,5,18,6,18,5,18,5,18,5,18,5,18,5,17,5,17,4,17,5,17,5,17,5,17,5,17,4,17,3,17,0,4,0,0,0,0,0,0,0,0,0,0,0,0,0,0,0,0,0,0,0,6,2,26,0,27,-1,26,-2,26,-3,27,-4,27,-4,27,-4,27,-4,28,-5,28,-5,27,-5,27,-5,26,-5,26,-5,27,-5,26,-5,26,-4,25,-3,24,-2,23,-2,23,-1,24,-1,24,-1,24,0,24,0,23]"
CSI_DATA,35017,d8:b1:90:db:e8:90,-56,11,1,6,0,0,1,0,0,0,0,-95,0,8,0,548713366,0,100,0,128,1,"[100,-64,5,0,5,-20,5,-20,4,-19,4,-19,3,-19,3,-18,2,-18,1,-19,1,-19,0,-18,-1,-18,-1,-19,-1,-19,-1,-19,-1,-19,-2,-19,-2,-19,-1,-19,-1,-19,-1,-19,-2,-19,-1,-19,-1,-19,0,-19,1,-19,0,-5,0,0,0,0,0,0,0,0,0,0,0,0,0,0,0,0,0,0,1,-7,5,-25,7,-25,8,-24,9,-24,10,-24,10,-24,11,-24,11,-24,12,-24,12,-23,12,-23,12,-23,12,-22,12,-22,11,-22,11,-22,11,-22,10,-22,9,-21,8,-21,8,-21,8,-21,7,-21,7,-21,7,-21,7,-21]"
CSI_DATA,35018,d8:b1:90:db:e8:90,-56,11,1,6,0,0,1,0,0,0,0,-95,0,8,0,548726926,0,100,0,128,1,"[100,-64,5,0,16,-11,16,-11,15,-11,15,-12,14,-12,14,-12,13,-12,13,-13,12,-14,12,-14,12,-13,11,-14,11,-14,11,-15,11,-15,11,-15,11,-15,11,-15,11,-15,11,-14,11,-14,11,-13,12,-13,13,-13,13,-12,3,-3,0,0,0,0,0,0,0,0,0,0,0,0,0,0,0,0,0,0,5,-4,22,-12,22,-12,23,-11,23,-10,23,-9,24,-9,24,-9,24,-8,25,-8,25,-7,25,-6,24,-6,24,-6,23,-6,23,-7,22,-7,22,-8,21,-8,21,-9,21,-9,20,-10,20,-10,19,-10,19,-10,19,-10,18,-10]"
CSI_DATA,35019,d8:b1:90:db:e8:90,-56,11,1,6,0,0,1,0,0,0,0,-95,0,8,0,548738229,0,100,0,128,1,"[100,-64,5,0,-20,1,-20,1,-19,2,-19,2,-19,3,-18,3,-17,4,-17,5,-17,5,-17,5,-17,5,-17,6,-17,6,-18,7,-17,7,-17,7,-17,7,-17,7,-18,7,-18,6,-18,6,-17,6,-18,5,-18,5,-19,4,-5,1,0,0,0,0,0,0,0,0,0,0,0,0,0,0,0,0,0,0,-7,0,-26,1,-26,0,-26,-1,-26,-2,-26,-3,-26,-4,-26,-4,-26,-4,-26,-5,-26,-5,-25,-6,-25,-6,-24,-6,-24,-6,-24,-5,-23,-4,-23,-4,-23,-3,-23,-2,-23,-2,-23,-1,-22,-1,-21,-1,-21,-1,-21,0,-21,0]"
CSI_DATA,35020,d8:b1:90:db:e8:90,-57,11,1,6,0,0,1,0,0,0,0,-95,0,8,0,548749793,0,100,0,128,1,"[100,-64,5,0,-4,18,-4,17,-3,17,-2,17,-1,17,-1,17,0,17,0,17,1,16,1,16,2,16,3,17,4,17,4,17,4,17,4,17,4,17,3,17,3,17,4,17,4,17,4,17,4,18,3,18,2,18,0,4,0,0,0,0,0,0,0,0,0,0,0,0,0,0,0,0,0,0,-1,6,-4,25,-5,24,-6,24,-7,23,-8,23,-9,23,-9,23,-9,23,-9,23,-10,22,-10,22,-10,22,-10,21,-10,21,-9,20,-9,20,-9,20,-8,19,-7,20,-7,20,-6,20,-6,19,-6,19,-6,19,-6,19,-5,19]"
CSI_DATA,35021,d8:b1:90:db:e8:90,-55,11,1,6,0,0,1,0,0,0,0,-95,0,8,0,548760400,0,100,0,128,1,"[100,-64,5,0,-20,-2,-20,-2,-19,-1,-19,0,-19,1,-18,1,-18,2,-18,3,-18,3,-18,3,-18,3,-17,4,-17,5,-18,6,-18,6,-18,6,-18,6,-18,6,-18,6,-18,6,-18,5,-18,5,-18,5,-19,5,-19,4,-5,1,0,0,0,0,0,0,0,0,0,0,0,0,0,0,0,0,0,0,-7,0,-27,-1,-27,-2,-26,-4,-26,-5,-27,-6,-27,-7,-27,-8,-26,-8,-26,-9,-27,-8,-25,-8,-24,-8,-24,-8,-23,-8,-23,-8,-23,-8,-22,-7,-22,-6,-23,-6,-23,-5,-22,-4,-22,-4,-22,-4,-22,-4,-21,-4,-22,-3]"
CSI_DATA,35022,d8:b1:90:db:e8:90,-57,11,1,6,0,0,1,0,0,0,0,-95,0,8,0,548787590,0,100,0,128,1,"[100,-64,5,0,6,-18,6,-17,6,-17,7,-16,6,-16,6,-16,5,-16,5,-17,4,-17,4,-17,3,-17,2,-18,2,-18,3,-18,3,-19,2,-19,3,-19,3,-19,3,-18,3,-18,3,-17,3,-17,3,-17,5,-17,6,-16,1,-4,0,0,0,0,0,0,0,0,0,0,0,0,0,0,0,0,0,0,3,-6,13,-21,14,-20,15,-19,15,-19,16,-18,16,-18,16,-19,16,-18,17,-18,16,-18,15,-17,15,-17,14,-17,14,-17,14,-17,14,-17,13,-17,12,-17,12,-17,11,-17,11,-17,10,-17,9,-17,9,-17,9,-17,9,-17]"
CSI_DATA,35023,d8:b1:90:db:e8:90,-57,11,1,6,0,0,1,0,0,0,0,-95,0,8,0,548798895,0,100,0,128,1,"[100,-64,5,0,-13,13,-12,13,-12,13,-11,13,-11,13,-11,13,-10,13,-10,14,-9,14,-9,14,-8,15,-8,15,-8,16,-8,16,-8,16,-8,16,-8,16,-9,16,-9,16,-9,16,-9,16,-9,16,-10,15,-11,15,-11,15,-3,3,0,0,0,0,0,0,0,0,0,0,0,0,0,0,0,0,0,0,-5,4,-18,17,-18,16,-19,15,-19,15,-19,14,-20,14,-20,13,-21,13,-21,13,-21,12,-21,12,-21,11,-20,11,-19,10,-19,9,-19,9,-18,10,-17,10,-17,11,-16,11,-16,11,-15,11,-15,12,-14,12,-14,12,-14,12]"
CSI_DATA,35024,d8:b1:90:db:e8:90,-57,11,1,6,0,0,1,0,0,0,0,-95,0,8,0,548809728,0,100,0,128,1,"[100,-64,5,0,13,-12,13,-12,12,-12,12,-12,11,-12,11,-12,10,-13,10,-14,9,-15,9,-15,9,-15,8,-16,8,-16,8,-17,8,-17,8,-17,8,-17,8,-17,8,-17,8,-17,8,-17,8,-17,9,-16,10,-17,10,-16,2,-4,0,0,0,0,0,0,0,0,0,0,0,0,0,0,0,0,0,0,4,-4,18,-15,19,-14,19,-14,19,-13,19,-12,20,-12,20,-12,20,-11,20,-11,20,-10,20,-10,20,-10,19,-9,19,-9,18,-8,17,-8,17,-9,16,-9,16,-9,16,-10,15,-10,15,-10,14,-10,14,-10,14,-10,14,-11]"
CSI_DATA,35025,d8:b1:90:db:e8:90,-57,11,1,6,0,0,1,0,0,0,0,-95,0,8,0,548820806,0,100,0,128,1,"[100,-64,5,0,-3,19,-2,19,-2,18,-1,19,-1,19,0,18,0,18,0,19,0,19,1,19,1,19,2,19,2,19,2,19,2,19,3,20,3,20,2,20,1,20,2,20,3,20,3,20,2,20,2,20,1,20,0,5,0,0,0,0,0,0,0,0,0,0,0,0,0,0,0,0,0,0,-1,6,-2,26,-4,26,-5,26,-6,26,-6,25,-7,25,-6,25,-7,25,-7,25,-7,25,-8,25,-8,24,-8,24,-8,23,-8,22,-8,21,-7,21,-7,21,-6,20,-5,20,-5,20,-5,20,-4,20,-4,20,-3,20,-2,20]"
CSI_DATA,35026,d8:b1:90:db:e8:90,-57,11,1,6,0,0,1,0,0,0,0,-95,0,8,0,548837664,0,100,0,128,1,"[100,-64,5,0,15,-10,15,-10,14,-10,15,-11,14,-11,14,-11,13,-12,14,-12,14,-13,13,-14,13,-14,12,-14,12,-15,13,-15,13,-16,13,-16,14,-17,14,-16,13,-16,13,-16,13,-16,13,-16,13,-16,13,-16,13,-15,3,-4,0,0,0,0,0,0,0,0,0,0,0,0,0,0,0,0,0,0,5,-4,21,-16,22,-15,22,-14,22,-13,23,-12,23,-12,23,-12,22,-12,22,-11,22,-11,22,-10,22,-10,22,-10,21,-9,20,-9,20,-9,19,-9,19,-9,18,-9,18,-8,17,-9,17,-9,17,-9,16,-10,16,-10,16,-11]"
CSI_DATA,35027,d8:b1:90:db:e8:90,-57,11,1,6,0,0,1,0,0,0,0,-95,0,8,0,548848160,0,100,0,128,1,"[100,-64,5,0,17,13,17,12,17,12,17,12,17,11,17,11,18,10,19,9,19,8,20,8,20,8,20,8,20,7,20,7,21,7,21,8,21,8,20,8,20,8,20,8,19,9,19,10,19,10,19,10,19,10,4,2,0,0,0,0,0,0,0,0,0,0,0,0,0,0,0,0,0,0,6,3,26,15,24,16,22,16,21,17,21,18,19,20,19,19,20,19,20,20,20,20,19,19,19,19,18,19,17,18,17,18,16,17,16,16,17,15,17,14,17,14,16,13,17,13,17,13,18,13,18,12,18,12]"
CSI_DATA,35028,d8:b1:90:db:e8:90,-57,11,1,6,0,0,1,0,0,0,0,-95,0,8,0,548879782,0,100,0,128,1,"[100,-64,5,0,-7,15,-7,15,-7,16,-6,16,-6,16,-5,16,-5,17,-5,17,-5,17,-4,17,-4,18,-3,19,-3,20,-3,20,-3,20,-3,20,-3,20,-3,20,-3,20,-3,21,-3,21,-3,21,-3,20,-5,20,-5,20,-2,5,0,0,0,0,0,0,0,0,0,0,0,0,0,0,0,0,0,0,-4,6,-13,23,-14,23,-15,22,-16,21,-16,21,-16,21,-17,20,-17,20,-17,19,-17,19,-17,18,-16,18,-16,17,-15,17,-15,17,-14,16,-13,16,-12,16,-11,15,-10,15,-9,15,-8,16,-9,16,-9,16,-9,16,-8,15]"
CSI_DATA,35029,d8:b1:90:db:e8:90,-58,11,1,6,0,0,1,0,0,0,0,-95,0,8,0,548889856,0,100,0,128,1,"[100,-64,5,0,9,-15,8,-15,8,-15,8,-15,8,-15,7,-15,7,-16,7,-17,6,-17,6,-18,5,-18,5,-18,5,-18,6,-18,6,-19,5,-20,5,-21,5,-21,5,-20,5,-20,4,-20,4,-21,5,-21,6,-20,7,-20,2,-5,0,0,0,0,0,0,0,0,0,0,0,0,0,0,0,0,0,0,3,-6,14,-23,15,-22,16,-21,17,-20,17,-20,17,-19,18,-19,18,-18,18,-18,17,-18,17,-17,17,-17,16,-17,15,-16,15,-15,14,-15,13,-15,13,-14,12,-14,11,-14,10,-14,10,-14,10,-14,10,-14,10,-14,9,-14]"
CSI_DATA,35030,d8:b1:90:db:e8:90,-57,11,1,6,0,0,1,0,0,0,0,-95,0,8,0,548900315,0,100,0,128,1,"[100,-64,5,0,12,-14,12,-14,12,-13,12,-14,11,-14,11,-14,11,-15,11,-16,11,-17,11,-17,11,-17,11,-18,11,-19,11,-19,11,-19,12,-19,12,-19,13,-19,13,-19,13,-19,13,-19,13,-18,13,-18,14,-18,15,-18,3,-5,0,0,0,0,0,0,0,0,0,0,0,0,0,0,0,0,0,0,6,-5,25,-17,25,-16,25,-15,25,-14,27,-13,28,-14,28,-15,27,-14,27,-12,28,-12,27,-13,25,-13,24,-12,22,-11,21,-10,21,-11,20,-12,18,-12,17,-12,16,-12,16,-12,15,-12,15,-13,14,-13,14,-13,14,-13]"
CSI_DATA,35031,d8:b1:90:db:e8:90,-57,11,1,6,0,0,1,0,0,0,0,-95,0,8,0,548919702,0,100,0,128,1,"[100,-64,5,0,-12,-13,-11,-12,-11,-12,-11,-12,-11,-12,-11,-11,-12,-11,-13,-11,-13,-11,-13,-11,-14,-12,-15,-12,-15,-12,-15,-12,-15,-12,-15,-13,-14,-13,-14,-13,-14,-13,-15,-14,-15,-14,-15,-15,-14,-15,-14,-15,-14,-16,-4,-4,0,0,0,0,0,0,0,0,0,0,0,0,0,0,0,0,0,0,-4,-7,-14,-26,-13,-26,-12,-26,-11,-26,-10,-26,-9,-26,-9,-26,-9,-27,-9,-27,-9,-26,-9,-26,-9,-25,-9,-24,-9,-23,-9,-22,-9,-21,-9,-20,-9,-19,-9,-18,-10,-17,-10,-17,-10,-16,-11,-15,-11,-15,-11,-14,-11,-13]"
CSI_DATA,35032,d8:b1:90:db:e8:90,-58,11,1,6,0,0,1,0,0,0,0,-95,0,8,0,548938458,0,100,0,128,1,"[100,-64,5,0,14,-7,13,-7,13,-7,12,-8,12,-8,12,-8,11,-9,12,-9,12,-9,12,-9,12,-9,12,-9,12,-9,13,-10,13,-10,14,-10,14,-10,15,-10,15,-10,15,-10,15,-10,15,-10,15,-9,16,-9,17,-8,4,-2,0,0,0,0,0,0,0,0,0,0,0,0,0,0,0,0,0,0,6,-3,27,-9,27,-8,27,-7,27,-6,27,-6,27,-5,27,-5,26,-5,26,-4,26,-4,26,-5,26,-5,25,-5,24,-4,23,-5,22,-5,21,-6,21,-6,20,-7,19,-7,18,-7,17,-8,16,-8,16,-8,15,-8,15,-8]"
CSI_DATA,35033,d8:b1:90:db:e8:90,-57,11,1,6,0,0,1,0,0,0,0,-95,0,8,0,548958451,0,100,0,128,1,"[100,-64,5,0,-15,2,-15,2,-14,2,-14,3,-14,3,-14,3,-13,4,-13,4,-14,4,-13,4,-13,4,-14,4,-14,5,-15,5,-15,5,-16,5,-16,6,-16,5,-16,5,-17,5,-17,4,-17,4,-17,3,-18,2,-19,2,-5,0,0,0,0,0,0,0,0,0,0,0,0,0,0,0,0,0,0,0,-7,-1,-28,-3,-27,-4,-27,-5,-27,-6,-27,-7,-26,-7,-26,-7,-26,-7,-26,-7,-26,-7,-25,-7,-25,-7,-24,-7,-24,-7,-24,-6,-23,-5,-22,-4,-22,-4,-21,-3,-20,-2,-20,-2,-19,-1,-19,0,-18,1,-17,1,-17,1]"
CSI_DATA,35034,d8:b1:90:db:e8:90,-57,11,1,6,0,0,1,0,0,0,0,-95,0,8,0,548992228,0,100,0,128,1,"[100,-64,5,0,-17,-7,-17,-7,-16,-6,-16,-5,-16,-5,-15,-5,-15,-5,-15,-4,-15,-3,-15,-3,-16,-3,-16,-3,-17,-2,-17,-2,-17,-2,-18,-2,-18,-1,-18,-2,-19,-2,-19,-2,-19,-2,-19,-3,-19,-3,-20,-3,-20,-4,-5,-1,0,0,0,0,0,0,0,0,0,0,0,0,0,0,0,0,0,0,-7,-3,-28,-11,-27,-12,-25,-14,-25,-14,-25,-15,-25,-15,-25,-16,-25,-17,-25,-17,-25,-17,-24,-17,-24,-17,-23,-17,-23,-17,-22,-16,-22,-15,-21,-14,-21,-14,-21,-13,-20,-12,-20,-12,-20,-11,-19,-10,-19,-9,-18,-9,-18,-8]"
CSI_DATA,35035,d8:b1:90:db:e8:90,-55,11,1,6,0,0,1,0,0,0,0,-95,0,8,0,549004996,0,100,0,128,1,"[100,-64,5,0,-1,-18,-2,-18,-2,-17,-2,-17,-3,-16,-4,-16,-4,-15,-4,-15,-4,-15,-4,-15,-5,-15,-6,-15,-6,-15,-6,-15,-6,-15,-6,-15,-6,-15,-6,-15,-6,-15,-6,-16,-7,-16,-7,-16,-6,-16,-5,-17,-4,-17,-1,-5,0,0,0,0,0,0,0,0,0,0,0,0,0,0,0,0,0,0,0,-7,3,-28,4,-28,6,-27,7,-27,8,-27,8,-27,9,-27,9,-28,9,-28,9,-28,10,-27,10,-27,10,-27,9,-26,8,-25,7,-24,7,-24,6,-24,5,-24,4,-23,4,-23,3,-22,2,-22,2,-21,1,-20,1,-20]"
CSI_DATA,35036,d8:b1:90:db:e8:90,-56,11,1,6,0,0,1,0,0,0,0,-95,0,8,0,549016935,0,100,0,128,1,"[100,-64,5,0,14,-9,14,-9,13,-9,13,-10,12,-10,12,-10,11,-10,11,-10,11,-11,11,-11,10,-11,10,-11,10,-12,10,-12,11,-12,10,-12,10,-12,11,-12,11,-12,11,-12,11,-12,11,-11,12,-11,13,-11,13,-11,3,-3,0,0,0,0,0,0,0,0,0,0,0,0,0,0,0,0,0,0,5,-4,23,-13,23,-12,23,-11,24,-11,25,-10,25,-10,25,-9,25,-9,25,-8,26,-8,26,-8,25,-8,25,-7,24,-7,23,-7,23,-8,22,-8,22,-8,21,-8,20,-9,20,-9,19,-9,18,-9,17,-9,17,-10,16,-10]"
CSI_DATA,35037,d8:b1:90:db:e8:90,-56,11,1,6,0,0,1,0,0,0,0,-95,0,8,0,549039063,0,100,0,128,1,"[100,-64,5,0,-12,-15,-12,-14,-12,-13,-12,-13,-13,-13,-13,-12,-12,-12,-12,-11,-12,-10,-12,-10,-13,-11,-14,-11,-14,-10,-14,-10,-14,-10,-14,-10,-13,-10,-13,-10,-13,-10,-13,-10,-13,-11,-13,-12,-12,-12,-12,-12,-12,-13,-3,-4,0,0,0,0,0,0,0,0,0,0,0,0,0,0,0,0,0,0,-5,-6,-17,-21,-16,-21,-15,-22,-14,-23,-14,-23,-13,-24,-13,-24,-13,-24,-12,-25,-12,-25,-12,-25,-12,-25,-11,-25,-11,-25,-11,-24,-11,-23,-11,-22,-11,-21,-11,-21,-12,-20,-12,-20,-12,-19,-13,-18,-12,-17,-12,-17,-12,-16]"
CSI_DATA,35038,d8:b1:90:db:e8:90,-57,11,1,6,0,0,1,0,0,0,0,-95,0,8,0,549049596,0,100,0,128,1,"[100,-64,5,0,1,-19,1,-18,1,-18,0,-17,-1,-17,-1,-16,-2,-16,-2,-16,-2,-16,-2,-16,-3,-16,-4,-16,-4,-16,-4,-16,-4,-16,-4,-16,-4,-16,-3,-16,-3,-16,-4,-16,-4,-17,-4,-17,-3,-17,-3,-17,-2,-17,-1,-5,0,0,0,0,0,0,0,0,0,0,0,0,0,0,0,0,0,0,0,-7,2,-25,3,-25,4,-25,5,-25,6,-25,6,-25,7,-25,7,-25,7,-25,8,-25,9,-25,9,-24,8,-24,8,-24,8,-23,7,-23,7,-22,6,-22,6,-22,5,-22,4,-21,3,-21,3,-20,2,-20,2,-20,2,-20]"
CSI_DATA,35039,d8:b1:90:db:e8:90,-57,11,1,6,0,0,1,0,0,0,0,-95,0,8,0,549061416,0,100,0,128,1,"[100,-64,5,0,-18,-9,-18,-9,-17,-8,-17,-7,-16,-7,-16,-6,-16,-6,-16,-5,-16,-4,-15,-4,-16,-4,-16,-3,-16,-2,-16,-1,-16,-1,-16,-1,-16,-1,-16,-1,-16,-1,-16,-1,-16,-1,-16,-2,-16,-2,-17,-2,-17,-3,-5,-1,0,0,0,0,0,0,0,0,0,0,0,0,0,0,0,0,0,0,-6,-3,-24,-11,-23,-12,-22,-13,-22,-14,-22,-15,-22,-15,-22,-15,-22,-15,-22,-15,-21,-16,-21,-17,-20,-17,-20,-17,-20,-17,-19,-17,-19,-16,-19,-16,-18,-15,-19,-14,-19,-13,-19,-13,-19,-12,-19,-11,-19,-11,-19,-10,-19,-10]"
CSI_DATA,35040,d8:b1:90:db:e8:90,-55,11,1,6,0,0,1,0,0,0,0,-95,0,8,0,549085187,0,100,0,128,1,"[100,-64,5,0,15,-15,14,-14,14,-14,13,-14,12,-13,11,-13,11,-14,10,-14,10,-15,9,-15,8,-15,7,-15,7,-16,7,-16,7,-16,7,-16,7,-16,7,-16,7,-16,7,-16,6,-16,7,-16,7,-16,8,-16,9,-16,2,-4,0,0,0,0,0,0,0,0,0,0,0,0,0,0,0,0,0,0,4,-5,17,-20,18,-20,19,-19,19,-18,20,-17,20,-17,20,-17,21,-17,21,-17,21,-16,22,-15,22,-15,22,-15,22,-14,21,-13,21,-13,21,-13,20,-13,19,-13,18,-13,18,-14,18,-14,17,-14,16,-14,16,-14,17,-15]"
CSI_DATA,35041,d8:b1:90:db:e8:90,-56,11,1,6,0,0,1,0,0,0,0,-95,0,8,0,549097453,0,100,0,128,1,"[100,-64,5,0,10,16,10,15,10,15,10,16,10,15,10,15,10,14,10,12,10,12,10,12,11,12,11,12,11,12,12,11,12,11,12,12,12,11,12,11,11,11,11,11,11,11,11,11,11,12,11,12,11,12,2,3,0,0,0,0,0,0,0,0,0,0,0,0,0,0,0,0,0,0,3,5,13,20,12,20,11,21,10,22,10,22,9,22,9,23,8,23,8,23,7,24,7,24,7,24,7,23,7,23,7,23,7,22,7,22,8,21,8,20,8,20,9,19,9,19,9,18,10,18,10,18,11,17]"
CSI_DATA,35042,d8:b1:90:db:e8:90,-56,11,1,6,0,0,1,0,0,0,0,-95,0,8,0,549107879,0,100,0,128,1,"[100,-64,5,0,-7,19,-7,18,-7,18,-6,18,-6,17,-6,17,-5,17,-4,17,-4,17,-3,17,-2,17,-2,17,-2,17,-2,16,-2,16,-1,17,-1,17,-1,17,-1,16,-1,16,-1,16,-1,16,-2,16,-3,16,-4,16,-1,4,0,0,0,0,0,0,0,0,0,0,0,0,0,0,0,0,0,0,-2,5,-8,22,-9,22,-10,21,-11,21,-12,21,-12,21,-12,22,-13,22,-13,22,-14,22,-14,21,-14,21,-14,20,-14,20,-14,20,-13,20,-13,20,-13,20,-11,20,-10,20,-10,20,-10,20,-9,20,-9,20,-9,20,-9,20]"
CSI_DATA,35043,d8:b1:90:db:e8:90,-56,11,1,6,0,0,1,0,0,0,0,-95,0,8,0,549118068,0,100,0,128,1,"[100,-64,5,0,18,-8,17,-8,17,-8,18,-8,17,-8,16,-8,16,-9,15,-10,15,-10,15,-10,14,-10,14,-10,14,-11,14,-10,14,-11,14,-11,14,-12,14,-12,14,-11,14,-11,13,-11,13,-10,14,-10,15,-9,16,-9,4,-3,0,0,0,0,0,0,0,0,0,0,0,0,0,0,0,0,0,0,5,-3,21,-11,21,-11,22,-10,22,-9,22,-8,23,-8,24,-8,24,-8,24,-7,24,-6,24,-6,24,-5,24,-5,24,-5,23,-5,23,-5,22,-5,22,-6,22,-6,21,-7,21,-7,21,-7,21,-8,20,-8,20,-8,20,-8]"
CSI_DATA,35044,d8:b1:90:db:e8:90,-55,11,1,6,0,0,1,0,0,0,1,-95,0,8,0,549137234,0,100,0,128,1,"[100,-64,5,0,-23,-2,-22,-1,-22,-1,-21,0,-21,0,-20,0,-20,0,-19,0,-19,0,-19,1,-18,1,-19,1,-19,1,-20,2,-19,2,-19,3,-18,4,-18,3,-18,3,-18,3,-18,3,-18,2,-18,2,-19,2,-19,1,-5,0,0,0,0,0,0,0,0,0,0,0,0,0,0,0,0,0,0,0,-7,0,-26,0,-26,-1,-27,-3,-27,-4,-27,-5,-27,-5,-27,-5,-27,-5,-27,-6,-27,-6,-27,-6,-27,-7,-26,-7,-26,-7,-26,-7,-26,-6,-26,-6,-25,-5,-25,-5,-25,-4,-24,-4,-24,-3,-24,-2,-24,-2,-24,-2,-24,-2]"
CSI_DATA,35045,d8:b1:90:db:e8:90,-54,11,1,6,0,0,1,0,0,0,1,-95,0,8,0,549159651,0,100,0,128,1,"[100,-64,5,0,-7,22,-6,21,-6,21,-5,21,-4,21,-4,20,-3,20,-3,19,-2,19,-2,18,-1,18,1,18,2,18,1,18,1,18,1,17,0,17,0,17,-1,17,0,16,0,16,0,16,-1,16,-2,16,-3,16,-1,4,0,0,0,0,0,0,0,0,0,0,0,0,0,0,0,0,0,0,-1,6,-3,26,-5,26,-6,25,-7,25,-8,26,-8,26,-9,26,-10,26,-11,25,-11,26,-12,26,-12,26,-12,26,-12,26,-12,25,-12,25,-12,25,-11,25,-11,24,-11,24,-10,24,-10,24,-9,24,-8,23,-8,23,-7,24]"
CSI_DATA,35046,d8:b1:90:db:e8:90,-54,11,1,6,0,0,1,0,0,0,1,-95,0,8,0,549188027,0,100,0,128,1,"[100,-64,5,0,-6,25,-6,24,-5,23,-4,22,-3,22,-2,21,-1,20,-1,20,-1,20,-1,19,0,19,0,19,0,19,0,19,-1,19,0,19,0,19,-1,18,-1,18,-1,18,-1,18,-1,18,-2,18,-3,17,-4,17,-1,4,0,0,0,0,0,0,0,0,0,0,0,0,0,0,0,0,0,0,-2,6,-7,27,-8,26,-10,26,-10,26,-12,26,-13,26,-14,26,-14,26,-15,26,-15,26,-16,26,-15,25,-15,25,-15,25,-14,25,-13,25,-13,25,-13,25,-12,26,-11,26,-10,26,-9,26,-9,26,-8,26,-8,25,-8,25]"
CSI_DATA,35047,d8:b1:90:db:e8:90,-54,11,1,6,0,0,1,0,0,0,1,-95,0,8,0,549201941,0,100,0,128,1,"[100,-64,5,0,5,24,5,23,5,23,6,22,6,21,7,20,7,20,6,20,6,19,6,19,7,18,9,18,9,17,9,17,9,16,10,16,10,15,9,15,9,15,9,15,9,16,9,16,8,16,7,16,6,16,1,4,0,0,0,0,0,0,0,0,0,0,0,0,0,0,0,0,0,0,2,6,10,26,8,27,7,27,6,27,5,28,5,28,4,29,3,29,3,29,2,30,2,30,2,30,2,30,2,30,1,30,1,30,1,29,2,29,2,28,3,28,4,28,4,28,5,27,5,27,5,27,4,26]"
CSI_DATA,35048,d8:b1:90:db:e8:90,-54,11,1,6,0,0,1,0,0,0,1,-95,0,8,0,549213007,0,100,0,128,1,"[100,-64,5,0,14,20,14,19,14,18,14,17,14,16,14,16,14,15,13,14,13,13,13,12,13,12,14,13,14,13,14,12,14,12,14,12,14,11,14,11,14,11,13,11,13,12,13,12,12,12,13,12,12,12,3,3,0,0,0,0,0,0,0,0,0,0,0,0,0,0,0,0,0,0,5,5,20,20,19,21,17,21,16,21,15,22,15,23,15,23,15,24,14,25,14,25,14,25,14,25,14,25,13,26,13,26,13,26,13,25,13,24,13,23,14,23,14,22,14,22,15,22,15,22,15,22,15,22]"
CSI_DATA,35049,d8:b1:90:db:e8:90,-54,11,1,6,0,0,1,0,0,0,1,-95,0,8,0,549224251,0,100,0,128,1,"[100,-64,5,0,25,-1,24,-1,24,-2,23,-2,22,-3,21,-3,20,-4,19,-5,19,-6,18,-6,18,-6,18,-6,18,-6,18,-6,18,-6,17,-6,17,-6,18,-6,18,-6,17,-6,17,-5,16,-4,16,-5,17,-4,17,-4,4,-1,0,0,0,0,0,0,0,0,0,0,0,0,0,0,0,0,0,0,7,-1,29,-3,29,-2,28,-1,28,0,28,1,29,2,29,2,30,3,30,3,30,3,30,3,30,3,30,3,30,4,30,5,30,4,29,4,29,3,28,3,28,2,28,2,28,1,28,0,28,-1,28,-1,28,-2]"
CSI_DATA,35050,d8:b1:90:db:e8:90,-53,11,1,6,0,0,1,0,0,0,1,-95,0,8,0,549239999,0,100,0,128,1,"[100,-64,5,0,3,-23,2,-23,2,-22,2,-21,2,-20,1,-19,0,-19,0,-19,0,-19,-1,-18,-1,-18,-2,-18,-2,-17,-2,-17,-2,-17,-3,-17,-3,-17,-3,-17,-2,-16,-2,-16,-2,-16,-3,-16,-2,-16,-1,-16,0,-16,0,-4,0,0,0,0,0,0,0,0,0,0,0,0,0,0,0,0,0,0,1,-8,4,-28,6,-28,8,-27,9,-27,10,-27,11,-27,11,-28,12,-28,12,-28,13,-28,13,-28,13,-28,13,-27,12,-27,12,-27,12,-26,11,-26,11,-26,10,-26,9,-26,8,-26,8,-26,7,-25,6,-25,5,-25,5,-25]"
CSI_DATA,35051,d8:b1:90:db:e8:90,-54,11,1,6,0,0,1,0,0,0,1,-95,0,8,0,549252322,0,100,0,128,1,"[100,-64,5,0,-22,-2,-21,-1,-20,-1,-19,0,-18,0,-18,0,-17,1,-17,1,-17,2,-16,3,-16,3,-16,4,-16,5,-16,6,-16,6,-16,7,-16,7,-16,7,-16,6,-16,6,-16,6,-15,5,-16,5,-16,5,-16,4,-4,1,0,0,0,0,0,0,0,0,0,0,0,0,0,0,0,0,0,0,-8,0,-29,2,-29,0,-28,-2,-28,-3,-28,-4,-28,-4,-29,-5,-29,-6,-29,-6,-29,-7,-29,-8,-28,-8,-28,-8,-28,-8,-28,-8,-28,-7,-27,-7,-26,-6,-26,-6,-26,-5,-25,-4,-25,-4,-25,-3,-25,-2,-24,-2,-24,-2]"
CSI_DATA,35052,d8:b1:90:db:e8:90,-54,11,1,6,0,0,1,0,0,0,1,-95,0,8,0,549264726,0,100,0,128,1,"[100,-64,5,0,-23,-8,-22,-7,-21,-6,-20,-5,-19,-4,-19,-4,-19,-3,-19,-2,-18,-2,-18,-1,-18,-1,-19,0,-19,1,-19,2,-19,2,-19,3,-18,3,-18,3,-18,2,-19,2,-19,1,-19,1,-19,1,-19,0,-19,0,-5,0,0,0,0,0,0,0,0,0,0,0,0,0,0,0,0,0,0,0,-8,-2,-32,-7,-31,-9,-30,-10,-30,-12,-30,-13,-30,-13,-30,-14,-30,-16,-30,-16,-30,-17,-29,-17,-28,-17,-28,-17,-27,-17,-27,-17,-27,-16,-27,-15,-27,-15,-26,-14,-26,-13,-26,-12,-26,-11,-26,-10,-26,-10,-26,-9,-25,-8]"
CSI_DATA,35053,d8:b1:90:db:e8:90,-55,11,1,6,0,0,1,0,0,0,1,-95,0,8,0,549294836,0,100,0,128,1,"[100,-64,5,0,-9,-19,-9,-18,-9,-17,-9,-16,-9,-15,-9,-15,-10,-14,-10,-13,-10,-12,-11,-11,-12,-11,-13,-12,-13,-12,-13,-11,-13,-11,-13,-12,-13,-11,-13,-11,-12,-12,-12,-12,-13,-13,-12,-13,-12,-13,-10,-14,-9,-14,-3,-4,0,0,0,0,0,0,0,0,0,0,0,0,0,0,0,0,0,0,-3,-7,-11,-27,-10,-27,-10,-28,-9,-29,-8,-29,-7,-29,-6,-29,-6,-30,-5,-30,-5,-29,-5,-29,-5,-29,-5,-29,-5,-29,-4,-28,-4,-27,-5,-26,-6,-26,-6,-25,-7,-25,-8,-24,-8,-24,-9,-22,-9,-22,-9,-21,-9,-21]"
CSI_DATA,35054,d8:b1:90:db:e8:90,-56,11,1,6,0,0,1,0,0,0,1,-95,0,8,0,549307351,0,100,0,128,1,"[100,-64,5,0,7,-18,6,-17,6,-17,6,-17,5,-16,4,-16,3,-16,2,-16,1,-16,1,-16,0,-16,-1,-16,-1,-17,-1,-17,-1,-17,-1,-18,-1,-18,-1,-18,0,-18,0,-18,-1,-18,0,-18,0,-19,1,-19,2,-19,0,-5,0,0,0,0,0,0,0,0,0,0,0,0,0,0,0,0,0,0,2,-7,11,-25,12,-25,13,-25,14,-24,15,-24,16,-23,17,-23,17,-23,18,-23,18,-22,18,-22,17,-21,17,-21,16,-21,16,-21,15,-21,14,-21,14,-21,13,-21,12,-20,11,-20,11,-20,10,-20,9,-20,9,-20,9,-20]"
CSI_DATA,35055,d8:b1:90:db:e8:90,-55,11,1,6,0,0,1,0,0,0,0,-95,0,8,0,549319496,0,100,0,128,1,"[100,-64,5,0,-11,-15,-11,-15,-11,-14,-11,-13,-11,-13,-11,-12,-11,-11,-12,-10,-12,-9,-12,-9,-13,-9,-14,-8,-14,-8,-14,-7,-14,-7,-15,-8,-15,-8,-15,-8,-15,-8,-15,-9,-15,-9,-15,-10,-15,-10,-16,-10,-15,-11,-4,-3,0,0,0,0,0,0,0,0,0,0,0,0,0,0,0,0,0,0,-5,-6,-16,-24,-15,-25,-14,-25,-13,-25,-12,-26,-12,-26,-11,-27,-11,-27,-10,-28,-10,-28,-9,-27,-9,-26,-9,-26,-10,-26,-10,-25,-10,-24,-10,-23,-11,-23,-11,-22,-11,-22,-12,-21,-12,-20,-12,-19,-12,-19,-12,-18,-11,-18]"
CSI_DATA,35056,d8:b1:90:db:e8:90,-57,11,1,6,0,0,1,0,0,0,0,-95,0,8,0,549330722,0,100,0,128,1,"[100,-64,5,0,16,5,15,5,15,4,15,4,14,4,14,3,14,3,14,2,14,2,14,1,15,1,15,1,16,0,16,0,16,0,16,0,16,0,16,0,17,0,17,1,17,1,17,2,17,2,18,1,18,2,4,0,0,0,0,0,0,0,0,0,0,0,0,0,0,0,0,0,0,0,5,1,23,8,23,9,23,10,22,11,22,12,22,12,22,13,22,14,22,14,22,14,21,14,21,14,21,13,20,13,19,12,19,11,18,11,18,10,18,10,18,9,18,8,18,8,18,7,17,7,17,7,17,6]"
CSI_DATA,35057,d8:b1:90:db:e8:90,-56,11,1,6,0,0,1,0,0,0,0,-95,0,8,0,549341750,0,100,0,128,1,"[100,-64,5,0,15,-11,14,-11,13,-11,13,-11,12,-12,11,-12,11,-12,10,-13,10,-14,10,-14,9,-14,9,-15,9,-15,10,-16,10,-16,10,-16,10,-16,11,-16,11,-16,11,-16,11,-16,11,-15,12,-15,13,-15,14,-15,3,-4,0,0,0,0,0,0,0,0,0,0,0,0,0,0,0,0,0,0,5,-4,23,-15,23,-14,24,-12,25,-11,25,-10,26,-10,26,-9,26,-9,26,-8,26,-8,25,-8,25,-8,24,-8,24,-8,24,-8,23,-8,22,-9,22,-9,21,-9,20,-9,19,-10,19,-10,18,-11,18,-11,17,-11,17,-12]"
CSI_DATA,35058,d8:b1:90:db:e8:90,-57,11,1,6,0,0,1,0,0,0,0,-95,0,8,0,549353416,0,100,0,128,1,"[100,-64,5,0,-17,-1,-17,-1,-17,-1,-16,-1,-16,0,-16,0,-16,1,-16,2,-16,3,-16,3,-16,3,-17,4,-17,4,-18,5,-18,5,-18,5,-18,5,-18,5,-19,5,-19,5,-19,4,-19,4,-19,4,-20,4,-21,3,-6,0,0,0,0,0,0,0,0,0,0,0,0,0,0,0,0,0,0,0,-7,-1,-27,-3,-26,-3,-26,-5,-26,-6,-26,-7,-25,-8,-25,-8,-25,-8,-24,-8,-24,-8,-24,-8,-23,-8,-23,-8,-22,-8,-22,-8,-22,-7,-22,-7,-21,-6,-21,-6,-20,-5,-20,-5,-20,-4,-20,-3,-19,-3,-19,-3,-19,-2]"
CSI_DATA,35059,d8:b1:90:db:e8:90,-57,11,1,6,0,0,1,0,0,0,0,-95,0,8,0,549386751,0,100,0,128,1,"[100,-64,5,0,11,11,11,11,11,10,12,11,12,11,12,10,12,10,12,9,13,9,13,8,14,8,14,8,15,8,15,7,15,8,16,8,16,8,16,8,16,9,16,9,17,10,16,10,16,10,17,10,16,10,4,2,0,0,0,0,0,0,0,0,0,0,0,0,0,0,0,0,0,0,4,4,16,19,14,20,13,20,13,20,13,20,12,20,12,20,11,20,11,20,10,21,9,21,10,20,10,19,10,18,10,18,10,18,10,17,10,17,10,16,11,16,11,15,11,14,11,14,12,13,12,13,12,13]"
CSI_DATA,35060,d8:b1:90:db:e8:90,-57,11,1,6,0,0,1,0,0,0,0,-95,0,8,0,549399040,0,100,0,128,1,"[100,-64,5,0,16,4,15,3,15,3,16,3,16,3,16,2,16,1,16,1,16,0,16,0,16,0,17,0,17,0,17,-1,18,-1,19,-1,19,-1,19,-1,19,-1,20,0,19,0,19,1,19,1,20,1,20,2,5,0,0,0,0,0,0,0,0,0,0,0,0,0,0,0,0,0,0,0,5,1,23,6,23,7,22,8,21,9,22,11,22,11,21,11,20,12,20,13,20,13,19,12,19,11,19,11,18,12,18,12,18,11,18,10,17,9,17,9,17,8,17,7,17,7,17,6,17,5,17,5,17,5]"
CSI_DATA,35061,d8:b1:90:db:e8:90,-57,11,1,6,0,0,1,0,0,0,0,-95,0,8,0,549409843,0,100,0,128,1,"[100,-64,5,0,-4,-19,-4,-18,-5,-18,-6,-18,-7,-18,-7,-17,-7,-17,-7,-18,-8,-19,-8,-19,-9,-19,-10,-19,-10,-19,-10,-19,-11,-19,-11,-20,-11,-20,-11,-20,-11,-20,-11,-20,-11,-21,-11,-21,-11,-21,-10,-22,-10,-23,-3,-6,0,0,0,0,0,0,0,0,0,0,0,0,0,0,0,0,0,0,-2,-7,-4,-27,-3,-28,-1,-28,0,-27,0,-27,0,-27,0,-27,1,-27,1,-27,1,-27,1,-26,0,-26,0,-25,1,-24,1,-24,0,-23,0,-23,-1,-22,-1,-22,-2,-21,-2,-21,-3,-21,-3,-21,-4,-21,-4,-20,-3,-20]"
CSI_DATA,35062,d8:b1:90:db:e8:90,-57,11,1,6,0,0,1,0,0,0,0,-95,0,8,0,549426384,0,100,0,128,1,"[100,-64,5,0,-16,-8,-16,-8,-16,-7,-17,-6,-17,-6,-17,-6,-17,-5,-17,-5,-18,-5,-18,-4,-18,-4,-19,-4,-19,-4,-19,-3,-20,-3,-20,-3,-20,-3,-20,-3,-20,-3,-20,-4,-20,-4,-20,-5,-20,-5,-21,-6,-21,-7,-6,-2,0,0,0,0,0,0,0,0,0,0,0,0,0,0,0,0,0,0,-6,-4,-22,-13,-21,-14,-20,-15,-20,-16,-19,-16,-19,-17,-19,-17,-18,-16,-18,-17,-18,-17,-18,-16,-17,-16,-17,-16,-17,-15,-17,-15,-17,-14,-17,-13,-16,-13,-16,-13,-16,-12,-16,-11,-17,-11,-17,-10,-17,-10,-17,-10,-17,-9]"
CSI_DATA,35063,d8:b1:90:db:e8:90,-57,11,1,6,0,0,1,0,0,0,0,-95,0,8,0,549439286,0,100,0,128,1,"[100,-64,5,0,-18,8,-17,8,-16,8,-16,9,-15,9,-15,10,-15,10,-14,11,-14,12,-14,12,-14,12,-14,13,-14,14,-15,14,-15,14,-15,15,-16,15,-16,15,-17,15,-17,15,-17,15,-17,14,-17,14,-19,13,-19,13,-5,3,0,0,0,0,0,0,0,0,0,0,0,0,0,0,0,0,0,0,-7,2,-25,9,-26,8,-26,7,-26,5,-26,5,-26,4,-26,4,-26,4,-26,4,-26,3,-26,4,-26,4,-25,4,-24,4,-23,3,-22,3,-22,4,-21,4,-21,4,-20,5,-20,5,-20,6,-19,7,-18,7,-18,7,-17,8]"
CSI_DATA,35064,d8:b1:90:db:e8:90,-57,11,1,6,0,0,1,0,0,0,0,-95,0,8,0,549450387,0,100,0,128,1,"[100,-64,5,0,-9,15,-9,15,-8,15,-8,15,-8,16,-7,16,-7,16,-7,17,-7,17,-6,17,-6,18,-5,19,-5,20,-6,20,-6,20,-6,21,-6,21,-7,21,-7,21,-7,21,-7,22,-7,21,-8,21,-9,21,-10,21,-3,5,0,0,0,0,0,0,0,0,0,0,0,0,0,0,0,0,0,0,-4,5,-15,22,-15,22,-16,20,-16,20,-16,20,-17,19,-17,19,-17,19,-17,19,-18,18,-18,17,-18,17,-17,16,-17,16,-16,16,-16,16,-15,16,-14,15,-13,15,-12,15,-11,15,-11,16,-11,16,-11,15,-10,15,-10,16]"
CSI_DATA,35065,d8:b1:90:db:e8:90,-57,11,1,6,0,0,1,0,0,0,0,-95,0,8,0,549466901,0,100,0,128,1,"[100,-64,5,0,-16,5,-16,5,-15,5,-15,5,-15,6,-15,6,-14,7,-15,8,-15,8,-15,8,-15,9,-15,9,-15,10,-15,10,-15,11,-16,11,-16,11,-16,11,-16,11,-17,11,-17,11,-17,10,-17,10,-18,10,-19,9,-5,2,0,0,0,0,0,0,0,0,0,0,0,0,0,0,0,0,0,0,-6,1,-24,4,-24,2,-23,2,-23,1,-23,1,-23,0,-23,0,-23,0,-24,0,-23,0,-23,-1,-22,-1,-22,-1,-21,-1,-21,0,-21,0,-20,0,-19,1,-19,1,-18,2,-18,2,-18,3,-17,3,-17,3,-17,4,-17,4]"
CSI_DATA,35066,d8:b1:90:db:e8:90,-58,11,1,6,0,0,1,0,0,0,0,-95,0,8,0,549496425,0,100,0,128,1,"[100,-64,5,0,-16,4,-16,4,-15,4,-16,5,-16,5,-16,6,-16,6,-16,6,-16,7,-16,7,-17,8,-18,8,-19,9,-19,9,-19,10,-19,10,-19,10,-20,10,-20,10,-20,10,-20,9,-20,9,-21,9,-21,8,-22,8,-6,1,0,0,0,0,0,0,0,0,0,0,0,0,0,0,0,0,0,0,-6,0,-24,1,-24,0,-24,-1,-24,-2,-24,-2,-24,-3,-24,-3,-24,-3,-24,-4,-24,-4,-23,-4,-22,-4,-21,-3,-21,-3,-21,-3,-20,-2,-20,-2,-19,-1,-18,-1,-18,0,-17,0,-17,1,-16,2,-16,2,-16,3,-16,3]"
CSI_DATA,35067,d8:b1:90:db:e8:90,-58,11,1,6,0,0,1,0,0,0,0,-95,0,8,0,549512354,0,100,0,128,1,"[100,-64,5,0,-9,13,-9,13,-8,13,-8,14,-7,14,-7,14,-7,15,-8,16,-8,16,-7,16,-7,17,-6,19,-7,20,-7,20,-7,20,-7,20,-7,20,-7,20,-8,20,-8,20,-8,20,-8,20,-8,20,-9,20,-10,20,-3,5,0,0,0,0,0,0,0,0,0,0,0,0,0,0,0,0,0,0,-4,4,-15,18,-15,17,-16,16,-16,15,-17,15,-17,15,-18,14,-18,14,-19,14,-18,14,-18,13,-17,13,-17,12,-16,12,-16,12,-16,12,-15,12,-14,12,-13,11,-12,11,-12,11,-11,12,-11,12,-10,12,-10,12,-10,13]"
CSI_DATA,35068,d8:b1:90:db:e8:90,-57,11,1,6,0,0,1,0,0,0,0,-95,0,8,0,549523239,0,100,0,128,1,"[100,-64,5,0,-3,17,-2,17,-2,17,-1,17,0,18,1,18,1,18,2,19,2,19,2,19,3,20,4,20,4,20,4,20,4,20,4,21,4,21,4,21,4,21,4,21,4,22,4,22,3,22,2,22,2,22,0,5,0,0,0,0,0,0,0,0,0,0,0,0,0,0,0,0,0,0,-2,6,-8,23,-9,23,-11,22,-11,21,-12,21,-12,21,-12,21,-12,20,-13,20,-13,20,-13,19,-12,19,-11,18,-11,18,-10,17,-10,17,-10,16,-9,16,-7,16,-6,16,-5,16,-5,16,-5,16,-4,16,-4,16,-4,16]"
CSI_DATA,35069,d8:b1:90:db:e8:90,-58,11,1,6,0,0,1,0,0,0,0,-95,0,8,0,549533352,0,100,0,128,1,"[100,-64,5,0,5,-16,5,-16,5,-17,4,-17,3,-18,3,-18,2,-18,2,-19,2,-20,1,-21,0,-21,-1,-21,-1,-21,-1,-21,-1,-22,-1,-22,0,-22,0,-22,0,-22,0,-22,0,-22,0,-22,1,-22,1,-22,2,-22,0,-6,0,0,0,0,0,0,0,0,0,0,0,0,0,0,0,0,0,0,2,-6,10,-23,11,-22,12,-21,12,-20,13,-20,14,-19,14,-19,14,-19,14,-18,14,-18,14,-17,14,-17,13,-17,13,-16,12,-16,11,-16,11,-15,10,-15,10,-15,9,-15,8,-15,8,-15,7,-15,7,-15,7,-15,7,-16]"
CSI_DATA,35070,d8:b1:90:db:e8:90,-58,11,1,6,0,0,1,0,0,0,0,-95,0,8,0,549544559,0,100,0,128,1,"[100,-64,5,0,-4,-18,-4,-18,-4,-18,-5,-18,-6,-18,-6,-18,-7,-18,-7,-18,-8,-18,-8,-18,-9,-18,-10,-19,-10,-19,-10,-19,-10,-19,-10,-19,-9,-19,-9,-19,-9,-19,-9,-19,-9,-20,-8,-20,-8,-20,-7,-20,-6,-20,-2,-6,0,0,0,0,0,0,0,0,0,0,0,0,0,0,0,0,0,0,0,-7,1,-25,2,-24,3,-23,4,-23,5,-23,6,-22,6,-22,6,-22,6,-22,7,-22,7,-21,7,-21,6,-21,6,-20,5,-20,4,-20,4,-19,3,-19,3,-19,2,-19,2,-19,1,-18,0,-18,-1,-18,-1,-18,-2,-18]"
CSI_DATA,35071,d8:b1:90:db:e8:90,-57,11,1,6,0,0,1,0,0,0,0,-95,0,8,0,549556393,0,100,0,128,1,"[100,-64,5,0,18,4,17,4,17,3,18,3,18,2,18,2,18,1,18,0,18,-1,18,-1,18,0,19,-1,19,-2,19,-2,20,-2,20,-1,20,-1,20,-1,20,-1,19,-1,19,0,19,0,19,1,19,1,20,2,5,0,0,0,0,0,0,0,0,0,0,0,0,0,0,0,0,0,0,0,5,0,22,3,22,5,22,6,21,7,21,7,21,8,21,8,21,9,21,9,20,9,19,9,19,9,18,9,18,9,18,8,18,8,18,7,18,7,18,6,18,6,17,5,17,5,18,5,18,5,18,4,18,4]"
CSI_DATA,35072,d8:b1:90:db:e8:90,-57,11,1,6,0,0,1,0,0,0,0,-95,0,8,0,549569540,0,100,0,128,1,"[100,-64,5,0,-2,-20,-2,-20,-2,-19,-4,-19,-5,-19,-5,-19,-6,-19,-6,-19,-7,-19,-7,-19,-8,-19,-9,-19,-9,-19,-9,-19,-9,-19,-9,-20,-8,-20,-8,-20,-7,-20,-8,-19,-8,-19,-8,-19,-7,-19,-6,-20,-5,-21,-2,-6,0,0,0,0,0,0,0,0,0,0,0,0,0,0,0,0,0,0,-1,-7,-3,-24,-2,-24,-1,-23,1,-23,2,-24,2,-24,2,-24,3,-24,3,-24,3,-24,3,-23,3,-22,3,-22,3,-22,3,-22,2,-22,2,-21,2,-21,1,-21,0,-20,0,-20,-1,-20,-1,-20,-1,-20,-1,-20,-1,-20]"
CSI_DATA,35073,d8:b1:90:db:e8:90,-57,11,1,6,0,0,1,0,0,0,0,-95,0,8,0,549598919,0,100,0,128,1,"[100,-64,5,0,8,-18,8,-18,7,-18,7,-18,6,-18,5,-18,5,-18,5,-18,4,-18,3,-18,3,-18,2,-18,2,-18,3,-18,3,-18,3,-18,3,-18,3,-18,4,-18,4,-17,3,-17,3,-17,4,-17,4,-16,5,-16,1,-4,0,0,0,0,0,0,0,0,0,0,0,0,0,0,0,0,0,0,1,-6,7,-21,9,-21,10,-20,11,-20,11,-19,12,-19,12,-19,13,-19,13,-19,13,-18,13,-19,13,-18,13,-18,13,-18,13,-18,13,-18,12,-18,12,-18,12,-19,11,-19,11,-18,10,-19,9,-19,8,-19,8,-19,9,-20]"
CSI_DATA,35074,d8:b1:90:db:e8:90,-57,11,1,6,0,0,1,0,0,0,0,-95,0,8,0,549609024,0,100,0,128,1,"[100,-64,5,0,10,15,10,15,11,14,11,14,12,13,12,13,12,12,12,12,12,11,12,11,13,11,13,11,13,11,13,11,13,11,13,11,13,11,13,11,12,11,12,11,12,11,12,12,11,12,11,12,11,12,2,3,0,0,0,0,0,0,0,0,0,0,0,0,0,0,0,0,0,0,3,3,14,15,14,16,13,17,12,17,12,18,11,18,11,18,10,18,10,18,10,19,10,19,9,19,9,19,9,19,9,18,9,18,9,18,9,18,10,17,10,17,11,17,11,16,11,15,11,15,11,15,11,16]"
CSI_DATA,35075,d8:b1:90:db:e8:90,-57,11,1,6,0,0,1,0,0,0,0,-95,0,8,0,549621064,0,100,0,128,1,"[100,-64,5,0,12,16,12,15,13,14,14,13,14,12,14,11,14,11,14,10,14,10,14,10,14,10,14,10,14,9,15,9,15,9,14,9,14,8,14,8,13,8,13,8,13,9,13,9,12,10,12,10,12,10,3,2,0,0,0,0,0,0,0,0,0,0,0,0,0,0,0,0,0,0,3,4,15,16,14,16,13,17,12,18,12,18,11,19,11,19,10,19,10,19,10,19,10,20,10,20,10,20,10,20,10,19,10,19,10,19,10,19,11,19,11,18,12,18,12,18,12,17,12,17,12,17,12,17]"
CSI_DATA,35076,d8:b1:90:db:e8:90,-57,11,1,6,0,0,1,0,0,0,0,-95,0,8,0,549633248,0,100,0,128,1,"[100,-64,5,0,9,17,9,16,10,15,11,14,12,14,12,13,12,13,12,13,12,13,12,12,12,12,12,12,12,12,12,12,12,11,12,11,12,11,12,11,11,11,11,11,11,11,11,12,10,12,10,12,9,13,2,3,0,0,0,0,0,0,0,0,0,0,0,0,0,0,0,0,0,0,3,4,13,17,13,18,12,18,11,19,10,19,10,20,9,20,9,20,8,20,8,20,8,20,8,20,8,20,8,20,8,20,8,20,8,19,8,19,8,19,9,19,9,19,9,19,9,18,9,18,9,18,9,18]"
CSI_DATA,35077,d8:b1:90:db:e8:90,-56,11,1,6,0,0,1,0,0,0,0,-95,0,8,0,549644147,0,100,0,128,1,"[100,-64,5,0,-23,-2,-22,-1,-22,-1,-21,0,-21,0,-20,0,-20,1,-19,1,-19,2,-19,2,-18,2,-18,2,-18,2,-18,2,-18,2,-18,3,-17,3,-17,3,-17,3,-17,3,-17,2,-17,2,-17,2,-17,1,-17,0,-5,0,0,0,0,0,0,0,0,0,0,0,0,0,0,0,0,0,0,0,-6,0,-24,0,-23,-1,-23,-3,-23,-3,-23,-4,-24,-5,-24,-5,-24,-5,-24,-6,-24,-6,-24,-6,-24,-7,-24,-7,-23,-7,-23,-7,-23,-6,-23,-6,-23,-6,-23,-6,-23,-5,-23,-4,-23,-4,-23,-4,-23,-4,-23,-3,-23,-2]"
CSI_DATA,35078,d8:b1:90:db:e8:90,-56,11,1,6,0,0,1,0,0,0,0,-95,0,8,0,549656572,0,100,0,128,1,"[100,-64,5,0,3,21,3,20,4,19,5,19,5,19,6,18,6,18,6,18,6,17,6,17,7,17,8,16,8,16,8,15,8,15,8,15,8,15,8,14,7,14,7,14,8,15,7,15,7,14,6,14,6,15,1,3,0,0,0,0,0,0,0,0,0,0,0,0,0,0,0,0,0,0,1,5,6,21,5,22,4,22,3,21,2,22,2,23,2,23,2,24,1,24,1,24,0,24,0,23,-1,23,-1,23,-1,23,-1,23,-1,22,0,22,0,22,1,22,2,22,2,22,1,23,1,23,2,23,2,22]"
CSI_DATA,35079,d8:b1:90:db:e8:90,-56,11,1,6,0,0,1,0,0,0,0,-95,0,8,0,549730074,0,100,0,128,1,"[100,-64,5,0,5,20,5,19,5,18,6,18,6,17,7,17,7,16,7,15,7,14,7,14,8,14,8,14,9,14,8,13,8,13,9,13,8,13,8,13,8,13,8,13,8,13,8,14,7,13,6,11,5,10,1,2,0,0,0,0,0,0,0,0,0,0,0,0,0,0,0,0,0,0,2,5,8,23,7,24,6,24,5,24,4,25,4,25,3,26,3,26,2,27,2,27,2,27,2,27,2,26,2,26,2,26,2,26,2,25,2,24,3,24,3,24,4,24,4,23,4,23,5,23,5,22,5,22]"
CSI_DATA,35080,d8:b1:90:db:e8:90,-54,11,1,6,0,0,1,0,0,0,0,-95,0,8,0,549743560,0,100,0,128,1,"[100,-64,5,0,1,21,1,20,2,20,3,19,3,19,3,18,4,17,5,16,5,16,6,16,7,16,7,16,7,15,7,15,7,15,8,15,8,14,7,14,7,14,7,14,8,15,7,15,7,15,6,15,6,16,1,4,0,0,0,0,0,0,0,0,0,0,0,0,0,0,0,0,0,0,0,7,2,28,1,28,-1,28,-2,28,-3,28,-4,29,-5,28,-5,28,-6,28,-6,28,-7,28,-7,28,-7,28,-7,28,-6,27,-6,26,-6,26,-5,26,-4,26,-4,25,-3,25,-3,25,-2,25,-2,25,-2,24,-1,24]"
CSI_DATA,35081,d8:b1:90:db:e8:90,-54,11,1,6,0,0,1,0,0,0,0,-95,0,8,0,549757948,0,100,0,128,1,"[100,-64,5,0,-14,19,-13,18,-12,18,-11,18,-10,18,-9,18,-8,17,-7,17,-7,17,-6,16,-6,17,-6,17,-5,18,-5,18,-5,18,-5,18,-5,18,-6,18,-6,17,-6,17,-5,17,-5,17,-6,17,-7,17,-8,17,-2,4,0,0,0,0,0,0,0,0,0,0,0,0,0,0,0,0,0,0,-5,6,-17,25,-19,24,-20,23,-21,22,-22,22,-22,22,-22,22,-22,22,-23,22,-23,21,-24,21,-24,21,-24,21,-24,20,-23,20,-23,19,-22,19,-21,19,-20,19,-18,19,-18,20,-17,20,-17,20,-17,19,-16,19,-16,20]"
CSI_DATA,35082,d8:b1:90:db:e8:90,-54,11,1,6,0,0,1,0,0,0,0,-95,0,8,0,549768210,0,100,0,128,1,"[100,-64,5,0,20,5,20,5,19,4,19,3,19,2,18,1,17,1,17,0,17,0,16,0,16,-1,17,-1,17,-2,17,-2,17,-2,17,-2,17,-2,18,-2,17,-2,17,-2,17,-2,17,-1,17,-1,17,0,18,0,4,0,0,0,0,0,0,0,0,0,0,0,0,0,0,0,0,0,0,0,6,1,27,6,27,8,27,9,27,10,27,11,26,12,26,12,26,12,26,13,26,13,26,13,26,13,26,13,25,13,24,13,24,12,23,12,23,11,23,10,23,9,22,8,22,8,22,8,22,8,22,7,22,7]"
CSI_DATA,35083,d8:b1:90:db:e8:90,-54,11,1,6,0,0,1,0,0,0,0,-95,0,8,0,549798890,0,100,0,128,1,"[100,-64,5,0,17,10,17,9,17,8,16,8,16,7,16,6,16,6,16,5,15,4,15,4,16,4,16,4,17,3,16,3,17,3,17,3,17,3,16,2,17,2,17,3,17,4,17,4,17,4,17,4,17,5,4,1,0,0,0,0,0,0,0,0,0,0,0,0,0,0,0,0,0,0,6,3,24,15,24,16,23,18,23,19,22,20,22,20,22,20,22,20,22,20,21,20,21,20,21,20,20,20,20,20,21,20,21,19,20,18,20,18,20,17,20,16,20,15,20,14,19,13,19,13,19,12,19,12]"
CSI_DATA,35084,d8:b1:90:db:e8:90,-54,11,1,6,0,0,1,0,0,0,0,-95,0,8,0,549817981,0,100,0,128,1,"[100,-64,5,0,-17,-16,-16,-15,-16,-14,-16,-14,-15,-13,-15,-12,-15,-11,-15,-10,-15,-9,-15,-8,-16,-9,-17,-8,-17,-8,-17,-7,-17,-7,-17,-7,-17,-7,-17,-6,-17,-6,-17,-7,-17,-7,-17,-8,-17,-8,-17,-8,-17,-9,-4,-3,0,0,0,0,0,0,0,0,0,0,0,0,0,0,0,0,0,0,-6,-5,-22,-20,-21,-21,-20,-23,-19,-24,-18,-25,-19,-26,-19,-27,-19,-28,-19,-27,-18,-27,-17,-28,-17,-28,-17,-27,-17,-27,-16,-26,-16,-25,-16,-24,-16,-23,-17,-23,-17,-22,-17,-21,-17,-20,-18,-19,-18,-18,-17,-18,-17,-18]"
CSI_DATA,35085,d8:b1:90:db:e8:90,-54,11,1,6,0,0,1,0,0,0,0,-95,0,8,0,549829516,0,100,0,128,1,"[100,-64,5,0,-18,-11,-18,-11,-18,-10,-18,-9,-18,-9,-17,-8,-17,-7,-16,-7,-16,-6,-17,-6,-17,-6,-17,-5,-18,-4,-18,-3,-18,-3,-18,-3,-18,-2,-18,-2,-18,-3,-19,-3,-19,-3,-18,-4,-18,-4,-19,-4,-19,-5,-5,-2,0,0,0,0,0,0,0,0,0,0,0,0,0,0,0,0,0,0,-7,-4,-27,-14,-26,-15,-25,-17,-25,-17,-24,-18,-24,-20,-25,-21,-25,-22,-24,-22,-24,-22,-23,-22,-23,-22,-22,-21,-22,-21,-21,-20,-21,-20,-20,-19,-20,-18,-20,-17,-21,-16,-21,-16,-21,-15,-21,-14,-20,-13,-20,-13,-20,-12]"
CSI_DATA,35086,d8:b1:90:db:e8:90,-56,11,1,6,0,0,1,0,0,0,0,-95,0,8,0,549840620,0,100,0,128,1,"[100,-64,5,0,-15,-13,-14,-12,-14,-12,-14,-11,-14,-10,-14,-10,-14,-9,-15,-7,-15,-6,-15,-6,-16,-6,-16,-7,-16,-7,-16,-6,-16,-6,-16,-6,-16,-6,-16,-6,-16,-6,-17,-6,-17,-7,-17,-7,-17,-8,-17,-8,-16,-9,-4,-3,0,0,0,0,0,0,0,0,0,0,0,0,0,0,0,0,0,0,-6,-6,-21,-21,-20,-22,-18,-23,-17,-23,-17,-24,-17,-24,-17,-25,-16,-25,-16,-25,-16,-26,-15,-26,-14,-25,-14,-25,-14,-24,-14,-24,-14,-23,-15,-22,-15,-21,-15,-20,-15,-19,-15,-18,-15,-17,-16,-16,-16,-16,-16,-15,-16,-15]"
CSI_DATA,35087,d8:b1:90:db:e8:90,-56,11,1,6,0,0,1,0,0,0,0,-95,0,8,0,549851504,0,100,0,128,1,"[100,-64,5,0,-17,-4,-16,-4,-16,-4,-16,-3,-16,-3,-15,-3,-15,-2,-16,0,-16,0,-15,0,-16,0,-17,1,-17,1,-18,1,-18,2,-18,2,-18,2,-18,2,-18,2,-18,2,-18,2,-18,1,-19,1,-19,0,-20,0,-5,-1,0,0,0,0,0,0,0,0,0,0,0,0,0,0,0,0,0,0,-7,-2,-28,-8,-27,-9,-26,-10,-26,-11,-25,-12,-25,-13,-25,-13,-25,-13,-25,-13,-24,-14,-24,-14,-23,-14,-22,-14,-22,-13,-22,-13,-22,-12,-22,-11,-21,-10,-21,-10,-20,-9,-20,-8,-19,-7,-19,-6,-19,-6,-18,-6,-18,-6]"
CSI_DATA,35088,d8:b1:90:db:e8:90,-55,11,1,6,0,0,1,0,0,0,0,-95,0,8,0,549865204,0,100,0,128,1,"[100,-64,5,0,-18,1,-17,1,-16,1,-16,1,-16,2,-15,2,-15,3,-15,4,-14,5,-14,5,-14,5,-15,5,-16,6,-16,6,-16,7,-16,7,-16,7,-16,7,-16,7,-17,7,-17,6,-17,6,-17,6,-18,6,-19,5,-5,1,0,0,0,0,0,0,0,0,0,0,0,0,0,0,0,0,0,0,-8,-1,-30,-2,-29,-3,-28,-4,-29,-6,-29,-6,-29,-7,-29,-7,-29,-6,-28,-7,-28,-7,-27,-8,-26,-8,-26,-8,-26,-8,-26,-7,-25,-6,-24,-5,-23,-5,-23,-4,-22,-3,-21,-3,-21,-2,-21,-1,-20,-1,-20,-1,-19,0]"
CSI_DATA,35089,d8:b1:90:db:e8:90,-57,11,1,6,0,0,1,0,0,0,0,-95,0,8,0,549877371,0,100,0,128,1,"[100,-64,5,0,15,0,14,0,14,0,14,0,14,0,13,-1,13,-1,13,-2,13,-2,13,-3,13,-3,14,-3,14,-4,15,-4,15,-4,15,-4,16,-5,16,-5,16,-5,16,-4,16,-4,16,-3,16,-3,17,-3,18,-2,4,-1,0,0,0,0,0,0,0,0,0,0,0,0,0,0,0,0,0,0,6,1,26,5,27,6,26,7,26,8,25,9,26,9,26,9,26,10,26,10,25,11,24,11,23,11,23,10,22,10,22,9,21,8,21,7,20,7,20,6,19,5,18,4,18,4,17,3,17,3,17,2,17,1]"
CSI_DATA,35090,d8:b1:90:db:e8:90,-55,11,1,6,0,0,1,0,0,0,0,-95,0,8,0,549903146,0,100,0,128,1,"[100,-64,5,0,14,3,14,2,14,2,14,1,15,1,14,1,14,0,14,-1,14,-2,15,-2,15,-2,15,-2,15,-3,16,-3,17,-3,17,-3,17,-4,17,-4,17,-4,17,-4,17,-3,17,-2,18,-2,19,-2,19,-1,4,-1,0,0,0,0,0,0,0,0,0,0,0,0,0,0,0,0,0,0,6,2,26,10,25,11,25,12,24,13,24,14,24,15,24,15,23,15,23,15,23,15,22,15,22,15,21,14,20,14,20,13,19,12,19,11,19,10,18,9,18,9,17,8,17,7,17,6,16,5,16,5,16,4]"
CSI_DATA,35091,d8:b1:90:db:e8:90,-57,11,1,6,0,0,1,0,0,0,0,-95,0,8,0,549915284,0,100,0,128,1,"[100,-64,5,0,4,-16,3,-16,3,-16,3,-16,3,-16,2,-16,2,-16,1,-17,1,-17,0,-17,-1,-18,-2,-18,-2,-19,-2,-19,-2,-19,-2,-20,-2,-21,-1,-20,-1,-21,-1,-21,-1,-22,-1,-22,-1,-22,0,-21,1,-21,0,-6,0,0,0,0,0,0,0,0,0,0,0,0,0,0,0,0,0,0,3,-7,12,-28,13,-27,14,-26,15,-25,16,-25,16,-25,17,-25,17,-25,18,-24,18,-24,18,-23,17,-22,17,-21,16,-21,15,-20,14,-20,13,-19,12,-19,11,-19,10,-18,9,-18,8,-18,7,-18,6,-18,6,-17,6,-17]"
CSI_DATA,35092,d8:b1:90:db:e8:90,-57,11,1,6,0,0,1,0,0,0,0,-95,0,8,0,549926115,0,100,0,128,1,"[100,-64,5,0,3,16,3,15,3,15,4,15,5,15,5,15,6,14,6,15,7,14,7,15,8,15,9,15,10,15,10,15,10,15,11,16,11,16,10,16,10,16,10,17,11,17,10,18,10,18,9,17,9,18,2,4,0,0,0,0,0,0,0,0,0,0,0,0,0,0,0,0,0,0,0,7,1,29,-1,29,-3,29,-4,29,-5,29,-5,29,-5,29,-5,29,-6,29,-7,28,-7,27,-7,27,-7,26,-6,25,-6,24,-5,23,-5,22,-4,22,-3,21,-2,21,-1,20,0,20,0,19,1,19,1,18,2,18]"
CSI_DATA,35093,d8:b1:90:db:e8:90,-57,11,1,6,0,0,1,0,0,0,0,-95,0,8,0,549936476,0,100,0,128,1,"[100,-64,5,0,-12,-12,-12,-11,-12,-10,-13,-9,-14,-9,-14,-9,-14,-8,-14,-8,-14,-7,-15,-7,-16,-7,-16,-7,-17,-7,-17,-7,-17,-7,-17,-7,-17,-7,-17,-7,-17,-7,-17,-8,-17,-8,-18,-9,-18,-9,-18,-9,-17,-9,-5,-3,0,0,0,0,0,0,0,0,0,0,0,0,0,0,0,0,0,0,-5,-6,-17,-23,-15,-23,-14,-24,-13,-24,-12,-24,-12,-24,-12,-24,-12,-24,-12,-24,-11,-24,-11,-24,-11,-23,-11,-22,-11,-22,-10,-21,-10,-20,-11,-19,-11,-18,-11,-17,-11,-16,-11,-15,-11,-15,-12,-15,-12,-14,-12,-13,-12,-13]"
CSI_DATA,35094,d8:b1:90:db:e8:90,-57,11,1,6,0,0,1,0,0,0,0,-95,0,8,0,549948965,0,100,0,128,1,"[100,-64,5,0,12,10,12,9,12,8,12,8,13,8,13,8,13,7,13,7,14,6,14,6,15,6,16,5,17,5,17,4,17,5,17,5,17,5,17,5,17,5,17,5,17,6,17,7,17,7,17,7,17,7,4,2,0,0,0,0,0,0,0,0,0,0,0,0,0,0,0,0,0,0,5,4,20,17,19,18,17,19,16,19,16,19,15,20,15,21,15,21,15,21,14,21,14,21,13,20,13,20,13,19,12,18,12,17,12,16,12,15,12,15,12,14,12,13,12,13,12,12,12,12,12,12,12,11]"
CSI_DATA,35095,d8:b1:90:db:e8:90,-57,11,1,6,0,0,1,0,0,0,0,-95,0,8,0,549960089,0,100,0,128,1,"[100,-64,5,0,-6,-15,-6,-14,-6,-14,-7,-14,-7,-14,-8,-14,-8,-13,-8,-13,-9,-13,-9,-13,-10,-13,-12,-13,-12,-13,-12,-13,-12,-13,-12,-13,-12,-14,-12,-14,-11,-14,-12,-14,-12,-15,-12,-15,-12,-15,-11,-15,-11,-15,-3,-4,0,0,0,0,0,0,0,0,0,0,0,0,0,0,0,0,0,0,-2,-7,-7,-27,-6,-26,-4,-26,-3,-26,-3,-26,-2,-26,-1,-27,-1,-27,-1,-27,0,-27,0,-26,0,-25,0,-25,-1,-24,-1,-23,-1,-22,-2,-21,-2,-21,-2,-20,-3,-19,-3,-19,-3,-19,-4,-18,-5,-17,-5,-17,-5,-17]"
CSI_DATA,35096,d8:b1:90:db:e8:90,-57,11,1,6,0,0,1,0,0,0,0,-95,0,8,0,549972088,0,100,0,128,1,"[100,-64,5,0,-12,-12,-12,-11,-12,-11,-12,-11,-13,-11,-13,-10,-13,-10,-13,-9,-13,-9,-14,-9,-14,-9,-15,-9,-16,-9,-15,-8,-16,-8,-16,-8,-16,-8,-16,-8,-16,-8,-16,-8,-16,-8,-16,-9,-16,-10,-16,-10,-16,-10,-4,-3,0,0,0,0,0,0,0,0,0,0,0,0,0,0,0,0,0,0,-4,-5,-16,-20,-16,-20,-15,-21,-14,-21,-13,-22,-13,-22,-13,-21,-13,-21,-13,-22,-11,-22,-9,-22,-9,-21,-10,-20,-9,-20,-10,-19,-10,-19,-10,-18,-10,-17,-11,-16,-11,-15,-11,-15,-11,-14,-11,-13,-11,-13,-11,-13,-11,-12]"
CSI_DATA,35097,d8:b1:90:db:e8:90,-57,11,1,6,0,0,1,0,0,0,0,-95,0,8,0,550002309,0,100,0,128,1,"[100,-64,5,0,8,14,8,14,8,13,8,13,9,13,9,12,9,12,10,11,10,10,10,10,11,10,12,11,12,10,12,10,12,10,13,10,12,10,12,10,12,10,12,11,12,11,12,11,12,11,11,12,11,12,2,3,0,0,0,0,0,0,0,0,0,0,0,0,0,0,0,0,0,0,2,5,9,23,8,24,7,24,5,24,5,25,4,25,3,25,3,25,2,25,3,24,3,24,3,23,3,23,2,22,3,22,3,21,3,21,4,20,4,20,5,19,5,18,7,18,8,15,10,13,13,15,11,16]"
CSI_DATA,35098,d8:b1:90:db:e8:90,-57,11,1,6,0,0,1,0,0,0,0,-95,0,8,0,550012725,0,100,0,128,1,"[100,-64,5,0,6,16,6,16,6,15,6,15,6,15,6,15,7,15,9,14,9,14,10,14,11,14,12,14,12,13,12,13,12,13,13,13,13,13,13,13,12,13,13,13,14,14,13,14,13,14,13,15,13,15,3,4,0,0,0,0,0,0,0,0,0,0,0,0,0,0,0,0,0,0,2,6,7,27,6,28,5,28,3,28,2,28,2,28,2,27,1,27,1,26,0,26,0,26,0,25,0,25,0,24,1,24,1,23,2,23,2,22,3,21,3,20,4,19,4,19,4,18,5,18,5,18,5,17]"
CSI_DATA,35099,d8:b1:90:db:e8:90,-57,11,1,6,0,0,1,0,0,0,0,-95,0,8,0,550029798,0,100,0,128,1,"[100,-64,5,0,11,-15,10,-15,9,-15,9,-15,8,-16,7,-16,7,-16,7,-16,7,-16,6,-16,6,-17,6,-17,6,-18,7,-18,7,-19,6,-19,7,-19,7,-19,7,-19,7,-19,6,-18,6,-18,7,-18,8,-19,8,-19,2,-5,0,0,0,0,0,0,0,0,0,0,0,0,0,0,0,0,0,0,4,-6,18,-23,20,-21,21,-20,22,-19,22,-18,23,-18,23,-18,24,-18,24,-17,23,-17,23,-17,23,-16,22,-16,21,-15,21,-15,20,-15,19,-15,18,-15,17,-15,15,-15,15,-16,14,-16,14,-16,13,-15,13,-16,12,-16]"
CSI_DATA,35100,d8:b1:90:db:e8:90,-57,11,1,6,0,0,1,0,0,0,0,-95,0,8,0,550046038,0,100,0,128,1,"[100,-64,5,0,-18,5,-18,5,-17,5,-16,6,-16,7,-15,7,-15,7,-15,8,-15,8,-14,8,-14,8,-14,8,-15,9,-15,9,-15,9,-15,9,-15,9,-16,9,-15,9,-15,9,-15,8,-15,8,-15,8,-16,8,-17,8,-5,1,0,0,0,0,0,0,0,0,0,0,0,0,0,0,0,0,0,0,-8,1,-29,5,-29,3,-29,1,-29,0,-29,-1,-29,-2,-29,-2,-29,-2,-29,-3,-29,-3,-28,-3,-28,-3,-27,-3,-27,-3,-27,-2,-26,-2,-25,-1,-24,-1,-24,0,-23,1,-22,2,-22,2,-21,2,-21,3,-20,3,-20,4]"
CSI_DATA,35101,d8:b1:90:db:e8:90,-57,11,1,6,0,0,1,0,0,0,0,-95,0,8,0,550057478,0,100,0,128,1,"[100,-64,5,0,6,-17,6,-16,6,-16,5,-16,4,-16,3,-16,3,-16,3,-16,4,-16,3,-16,3,-16,2,-16,2,-16,3,-16,3,-16,2,-16,2,-16,3,-16,3,-16,2,-16,2,-16,2,-16,3,-16,4,-16,4,-16,1,-4,0,0,0,0,0,0,0,0,0,0,0,0,0,0,0,0,0,0,2,-7,12,-25,12,-24,13,-23,14,-22,15,-22,16,-21,16,-21,16,-21,17,-21,17,-20,17,-20,17,-20,17,-19,16,-19,15,-19,15,-18,14,-18,13,-18,12,-18,11,-18,11,-18,10,-18,10,-18,9,-17,9,-17,8,-17]"
CSI_DATA,35102,d8:b1:90:db:e8:90,-57,11,1,6,0,0,1,0,0,0,0,-95,0,8,0,550070231,0,100,0,128,1,"[100,-64,5,0,-15,-12,-14,-11,-14,-10,-15,-10,-15,-10,-15,-9,-15,-9,-14,-8,-14,-7,-14,-7,-15,-8,-15,-8,-15,-7,-15,-7,-15,-7,-15,-7,-15,-7,-15,-6,-15,-6,-15,-7,-15,-7,-15,-7,-15,-7,-15,-7,-15,-8,-4,-2,0,0,0,0,0,0,0,0,0,0,0,0,0,0,0,0,0,0,-5,-5,-20,-19,-20,-20,-19,-20,-18,-20,-17,-21,-17,-22,-16,-22,-16,-22,-15,-22,-15,-22,-15,-22,-15,-22,-15,-22,-15,-22,-15,-21,-14,-20,-14,-19,-15,-18,-15,-18,-15,-17,-15,-16,-15,-16,-15,-15,-15,-14,-15,-14,-15,-13]"
CSI_DATA,35103,d8:b1:90:db:e8:90,-55,11,1,6,0,0,1,0,0,0,0,-95,0,8,0,550081612,0,100,0,128,1,"[100,-64,5,0,-6,19,-6,18,-5,18,-5,17,-4,17,-3,17,-2,16,-1,16,-1,16,0,15,1,15,1,15,1,15,0,15,0,15,1,16,1,15,0,15,0,15,-1,15,0,15,0,15,-1,15,-2,15,-3,15,-1,3,0,0,0,0,0,0,0,0,0,0,0,0,0,0,0,0,0,0,-2,6,-9,26,-11,25,-13,25,-14,24,-15,24,-15,24,-15,24,-16,24,-17,24,-18,24,-18,23,-18,23,-17,23,-17,22,-16,22,-16,21,-15,21,-14,21,-12,21,-11,21,-10,21,-10,21,-9,21,-9,21,-8,20,-7,20]"
CSI_DATA,35104,d8:b1:90:db:e8:90,-56,11,1,6,0,0,1,0,0,0,0,-95,0,8,0,550112248,0,100,0,128,1,"[100,-64,5,0,-1,19,0,18,0,17,0,17,1,17,1,16,2,16,2,15,3,14,3,14,4,14,4,15,4,15,4,15,4,15,4,15,4,15,4,15,3,15,3,15,3,16,3,16,2,16,2,16,1,17,0,4,0,0,0,0,0,0,0,0,0,0,0,0,0,0,0,0,0,0,0,6,-1,26,-2,26,-4,26,-5,26,-5,26,-6,26,-7,26,-8,26,-9,26,-9,26,-9,26,-8,26,-8,25,-8,25,-8,24,-8,23,-7,23,-6,22,-5,22,-4,22,-3,21,-3,21,-2,21,-2,21,-1,21,0,20]"
CSI_DATA,35105,d8:b1:90:db:e8:90,-55,11,1,7,0,0,1,0,0,0,1,-95,0,8,0,550122608,0,100,0,128,1,"[100,-64,5,0,-17,-13,-17,-12,-16,-11,-17,-10,-17,-9,-16,-8,-16,-8,-16,-7,-17,-6,-17,-6,-17,-6,-17,-6,-17,-5,-17,-5,-17,-5,-17,-5,-17,-5,-17,-5,-17,-5,-17,-5,-17,-6,-17,-7,-17,-7,-17,-7,-17,-8,-5,-2,0,0,0,0,0,0,0,0,0,0,0,0,0,0,0,0,0,0,-6,-5,-22,-18,-22,-19,-21,-20,-21,-21,-21,-21,-20,-22,-20,-22,-20,-22,-20,-22,-19,-23,-19,-24,-19,-24,-19,-24,-18,-24,-18,-23,-18,-22,-17,-21,-18,-21,-18,-20,-19,-19,-19,-18,-18,-17,-18,-16,-17,-16,-17,-15,-17,-15]"
CSI_DATA,35106,d8:b1:90:db:e8:90,-56,11,1,7,0,0,1,0,0,0,1,-95,0,8,0,550133839,0,100,0,128,1,"[100,-64,5,0,0,19,0,18,1,17,2,17,3,16,3,16,4,15,4,15,4,15,4,14,5,14,6,15,7,15,7,15,7,15,7,15,7,15,6,15,6,15,7,16,7,16,7,16,7,17,6,17,5,17,1,4,0,0,0,0,0,0,0,0,0,0,0,0,0,0,0,0,0,0,0,6,1,27,-1,27,-3,26,-4,26,-5,26,-6,26,-6,27,-7,27,-7,27,-8,27,-8,27,-8,26,-8,26,-8,26,-8,25,-7,25,-7,24,-6,24,-5,23,-4,23,-4,22,-3,22,-3,21,-2,21,-2,21,-1,21]"
CSI_DATA,35107,d8:b1:90:db:e8:90,-55,11,1,6,0,0,1,0,0,0,1,-95,0,8,0,550144762,0,100,0,128,1,"[100,-64,5,0,1,20,1,19,2,18,3,18,4,17,4,16,4,16,4,16,4,15,5,14,6,15,7,15,8,15,7,15,8,15,8,15,8,15,7,15,7,15,7,16,8,17,8,17,7,17,7,17,6,18,1,4,0,0,0,0,0,0,0,0,0,0,0,0,0,0,0,0,0,0,-1,7,-1,29,-3,28,-5,27,-6,27,-6,27,-7,27,-8,27,-8,28,-9,28,-9,28,-10,28,-10,27,-10,27,-10,26,-9,26,-9,26,-8,25,-7,25,-6,24,-5,24,-4,23,-4,23,-3,23,-2,22,-1,22,-1,22]"
CSI_DATA,35108,d8:b1:90:db:e8:90,-55,11,1,6,0,0,1,0,0,0,1,-95,0,8,0,550154833,0,100,0,128,1,"[100,-64,5,0,-14,-17,-14,-16,-13,-15,-13,-14,-13,-13,-13,-13,-13,-12,-14,-11,-14,-11,-14,-11,-15,-11,-16,-10,-16,-10,-16,-9,-16,-9,-17,-9,-17,-9,-16,-9,-16,-10,-16,-10,-17,-10,-17,-11,-17,-11,-17,-11,-16,-12,-4,-3,0,0,0,0,0,0,0,0,0,0,0,0,0,0,0,0,0,0,-5,-6,-20,-23,-19,-24,-17,-24,-16,-25,-15,-25,-15,-26,-15,-26,-14,-27,-14,-28,-13,-28,-13,-27,-12,-27,-12,-27,-12,-27,-11,-26,-11,-25,-12,-24,-12,-24,-12,-23,-12,-22,-12,-21,-13,-21,-13,-20,-14,-19,-13,-18,-13,-17]"
CSI_DATA,35109,d8:b1:90:db:e8:90,-56,11,1,6,0,0,1,0,0,0,1,-95,0,8,0,550164882,0,100,0,128,1,"[100,-64,5,0,-18,9,-17,9,-16,9,-15,9,-14,9,-13,9,-13,9,-13,10,-13,11,-12,11,-12,11,-12,12,-12,12,-12,13,-12,13,-12,13,-12,14,-13,13,-13,13,-13,13,-13,13,-13,13,-14,13,-15,13,-16,13,-4,3,0,0,0,0,0,0,0,0,0,0,0,0,0,0,0,0,0,0,-7,3,-26,12,-26,10,-26,9,-27,8,-27,7,-28,6,-28,6,-29,6,-29,5,-28,5,-28,5,-28,4,-28,4,-27,4,-27,4,-26,4,-25,4,-24,4,-23,5,-22,5,-22,6,-21,6,-21,7,-20,8,-20,8,-19,8]"
CSI_DATA,35110,d8:b1:90:db:e8:90,-55,11,1,6,0,0,1,0,0,0,1,-95,0,8,0,550178865,0,100,0,128,1,"[100,-64,5,0,-9,17,-8,17,-7,16,-6,16,-5,15,-4,15,-4,15,-4,16,-4,16,-3,15,-2,16,-1,16,-1,16,-2,17,-1,17,-1,18,-1,18,-2,18,-2,18,-2,18,-2,18,-2,19,-3,19,-4,20,-4,20,-2,5,0,0,0,0,0,0,0,0,0,0,0,0,0,0,0,0,0,0,-4,6,-15,24,-17,23,-17,22,-18,22,-19,22,-19,22,-20,22,-21,21,-21,21,-21,21,-22,21,-21,21,-21,20,-20,20,-20,19,-19,19,-18,19,-17,19,-16,19,-15,19,-14,18,-13,18,-12,18,-11,18,-10,18,-10,18]"
CSI_DATA,35111,d8:b1:90:db:e8:90,-55,11,1,6,0,0,1,0,0,0,1,-95,0,8,0,550191354,0,100,0,128,1,"[100,-64,5,0,5,-19,4,-18,4,-18,3,-17,2,-17,2,-16,1,-16,1,-17,1,-17,1,-17,0,-17,-1,-18,-1,-18,-1,-18,-1,-18,-1,-19,-1,-19,-1,-19,-1,-20,-1,-20,-1,-20,-1,-21,0,-21,1,-21,2,-21,0,-6,0,0,0,0,0,0,0,0,0,0,0,0,0,0,0,0,0,0,2,-8,9,-28,10,-28,11,-27,12,-26,13,-26,14,-26,14,-26,15,-26,15,-26,16,-26,16,-26,16,-25,15,-25,15,-24,14,-23,14,-23,14,-22,13,-22,11,-22,11,-22,10,-21,9,-21,8,-21,7,-20,7,-20,7,-19]"
CSI_DATA,35112,d8:b1:90:db:e8:90,-55,11,1,6,0,0,1,0,0,0,1,-95,0,8,0,550216748,0,100,0,128,1,"[100,-64,5,0,2,17,3,16,3,16,4,15,4,15,5,14,5,14,5,14,5,13,6,13,7,14,8,14,8,14,8,14,9,14,10,15,10,15,9,15,9,15,9,16,10,16,9,17,9,17,8,18,7,18,1,4,0,0,0,0,0,0,0,0,0,0,0,0,0,0,0,0,0,0,-1,7,-1,28,-2,28,-3,27,-5,27,-6,28,-6,28,-6,28,-6,28,-7,28,-7,27,-7,27,-7,27,-7,26,-6,26,-6,25,-6,24,-5,24,-5,23,-5,23,-4,22,-3,22,-2,21,-2,20,-1,20,0,19,0,18]"
CSI_DATA,35113,d8:b1:90:db:e8:90,-56,11,1,6,0,0,1,0,0,0,1,-95,0,8,0,550228667,0,100,0,128,1,"[100,-64,5,0,10,-14,9,-14,8,-14,8,-14,7,-14,6,-14,6,-14,6,-15,6,-15,5,-15,4,-16,4,-16,4,-17,5,-17,5,-17,4,-18,4,-19,5,-19,5,-19,5,-19,5,-19,5,-19,6,-19,8,-19,9,-18,2,-5,0,0,0,0,0,0,0,0,0,0,0,0,0,0,0,0,0,0,4,-5,19,-20,20,-19,20,-18,21,-17,22,-16,23,-16,23,-16,23,-16,24,-16,24,-15,23,-15,23,-15,22,-14,22,-14,21,-14,20,-14,19,-14,19,-14,18,-14,17,-14,17,-14,16,-14,15,-14,14,-14,14,-14,13,-14]"
CSI_DATA,35114,d8:b1:90:db:e8:90,-55,11,1,6,0,0,1,0,0,0,1,-95,0,8,0,550240584,0,100,0,128,1,"[100,-64,5,0,-16,9,-15,9,-14,9,-14,10,-13,10,-12,10,-12,10,-11,11,-10,12,-10,12,-9,12,-9,12,-10,13,-10,13,-10,14,-10,15,-11,16,-12,16,-12,15,-11,15,-11,15,-11,15,-12,15,-13,15,-14,14,-4,3,0,0,0,0,0,0,0,0,0,0,0,0,0,0,0,0,0,0,-7,3,-28,12,-28,11,-28,10,-28,9,-29,8,-29,7,-30,7,-31,6,-31,6,-31,5,-30,6,-30,5,-30,5,-29,5,-28,5,-27,5,-26,5,-25,6,-24,7,-23,7,-23,7,-22,8,-21,8,-20,8,-19,8,-18,9]"
CSI_DATA,35115,d8:b1:90:db:e8:90,-56,11,1,6,0,0,1,0,0,0,1,-95,0,8,0,550252180,0,100,0,128,1,"[100,-64,5,0,14,8,14,7,14,6,14,6,14,6,14,5,14,4,14,3,14,2,14,2,15,2,16,2,16,2,17,1,17,1,18,1,18,0,19,0,19,0,19,0,19,1,18,2,19,2,20,3,20,3,5,1,0,0,0,0,0,0,0,0,0,0,0,0,0,0,0,0,0,0,5,3,23,14,22,15,21,16,20,17,20,18,20,18,20,19,19,19,19,20,19,20,19,20,18,20,18,19,17,19,16,18,16,17,16,16,16,15,16,14,16,14,16,13,16,12,16,11,15,11,15,10,15,9]"
CSI_DATA,35116,d8:b1:90:db:e8:90,-55,11,1,6,0,0,1,0,0,0,1,-95,0,8,0,550263017,0,100,0,128,1,"[100,-64,5,0,-10,-16,-10,-15,-11,-14,-11,-14,-12,-14,-12,-13,-12,-12,-12,-11,-13,-10,-13,-10,-14,-10,-15,-10,-15,-10,-15,-10,-16,-10,-16,-11,-16,-11,-16,-11,-16,-11,-16,-11,-17,-12,-17,-12,-17,-12,-16,-13,-16,-13,-4,-4,0,0,0,0,0,0,0,0,0,0,0,0,0,0,0,0,0,0,-4,-7,-14,-27,-12,-27,-11,-27,-10,-28,-9,-28,-8,-29,-8,-30,-8,-30,-7,-30,-7,-30,-7,-30,-7,-29,-7,-29,-7,-28,-7,-27,-6,-26,-7,-25,-7,-24,-8,-24,-8,-23,-9,-22,-9,-21,-9,-20,-10,-19,-10,-18,-10,-18]"
CSI_DATA,35117,d8:b1:90:db:e8:90,-56,11,1,6,0,0,1,0,0,0,1,-95,0,8,0,550273715,0,100,0,128,1,"[100,-64,5,0,-15,9,-15,8,-14,9,-14,9,-13,9,-12,9,-12,9,-12,10,-11,10,-11,10,-11,10,-11,12,-11,13,-12,13,-12,14,-11,14,-11,14,-12,14,-12,14,-12,14,-12,14,-12,14,-13,14,-14,14,-15,14,-4,3,0,0,0,0,0,0,0,0,0,0,0,0,0,0,0,0,0,0,-7,3,-25,12,-25,10,-26,9,-27,8,-27,8,-27,7,-27,7,-28,7,-28,6,-28,6,-27,6,-27,5,-26,5,-26,5,-25,5,-25,5,-24,6,-23,6,-22,6,-21,6,-20,7,-20,7,-19,8,-18,8,-18,8,-17,8]"
CSI_DATA,35118,d8:b1:90:db:e8:90,-55,11,1,6,0,0,1,0,0,0,1,-95,0,8,0,550286432,0,100,0,128,1,"[100,-64,5,0,6,17,7,16,7,15,8,15,8,14,8,14,9,13,9,12,9,12,9,12,10,12,11,12,11,12,11,12,11,12,12,12,12,13,11,12,11,12,11,13,11,13,11,14,11,14,11,15,10,15,2,4,0,0,0,0,0,0,0,0,0,0,0,0,0,0,0,0,0,0,3,6,12,26,11,27,10,27,8,27,7,28,7,28,6,29,5,29,4,29,4,29,4,29,3,29,3,28,3,28,3,27,4,26,4,25,4,24,4,23,5,23,5,22,5,21,6,21,7,20,7,19,8,18]"
CSI_DATA,35119,d8:b1:90:db:e8:90,-56,11,1,6,0,0,1,0,0,0,1,-95,0,8,0,550319598,0,100,0,128,1,"[100,-64,5,0,-3,17,-3,17,-2,16,0,15,1,15,1,15,2,15,2,15,2,15,3,14,3,15,3,16,3,16,3,16,3,16,3,17,2,17,2,17,2,17,3,17,3,17,3,17,2,17,1,17,0,17,0,4,0,0,0,0,0,0,0,0,0,0,0,0,0,0,0,0,0,0,-2,6,-5,27,-6,26,-8,26,-9,25,-9,25,-10,25,-10,25,-11,25,-11,25,-12,25,-12,25,-12,24,-11,23,-11,23,-11,23,-11,22,-11,22,-10,21,-9,21,-7,20,-7,20,-6,20,-5,20,-5,19,-4,18,-4,18]"
CSI_DATA,35120,d8:b1:90:db:e8:90,-57,11,1,6,0,0,1,0,0,0,1,-95,0,8,0,550329923,0,100,0,128,1,"[100,-64,5,0,-11,-12,-11,-12,-11,-11,-12,-11,-12,-10,-12,-10,-12,-9,-13,-9,-13,-9,-13,-8,-14,-8,-15,-8,-16,-7,-16,-7,-16,-7,-16,-8,-17,-8,-17,-7,-17,-7,-17,-8,-18,-8,-18,-9,-18,-9,-18,-9,-18,-10,-5,-3,0,0,0,0,0,0,0,0,0,0,0,0,0,0,0,0,0,0,-5,-6,-17,-21,-16,-22,-14,-22,-13,-23,-13,-23,-13,-24,-13,-24,-13,-24,-12,-24,-11,-24,-11,-24,-11,-24,-11,-24,-10,-23,-10,-22,-10,-21,-10,-20,-10,-19,-11,-18,-11,-17,-11,-17,-11,-16,-12,-16,-12,-15,-12,-15,-11,-14]"
CSI_DATA,35121,d8:b1:90:db:e8:90,-56,11,1,6,0,0,1,0,0,0,1,-95,0,8,0,550340495,0,100,0,128,1,"[100,-64,5,0,14,-9,14,-9,13,-9,13,-9,12,-9,12,-10,11,-10,11,-11,10,-11,10,-11,9,-12,9,-12,9,-13,10,-13,10,-14,10,-13,10,-13,10,-13,11,-13,11,-14,11,-14,11,-13,12,-13,13,-13,13,-13,3,-4,0,0,0,0,0,0,0,0,0,0,0,0,0,0,0,0,0,0,6,-4,25,-13,25,-11,25,-10,26,-9,26,-8,26,-8,26,-8,27,-7,27,-7,27,-6,27,-6,27,-5,26,-5,25,-5,24,-5,23,-5,23,-5,22,-6,21,-7,20,-7,19,-8,19,-8,19,-8,18,-8,18,-8,17,-8]"
CSI_DATA,35122,d8:b1:90:db:e8:90,-56,11,1,6,0,0,1,0,0,0,1,-95,0,8,0,550352485,0,100,0,128,1,"[100,-64,5,0,-17,-1,-17,-1,-16,0,-16,1,-15,1,-15,2,-15,2,-15,3,-15,4,-15,4,-15,4,-16,5,-16,5,-17,6,-17,6,-17,6,-17,6,-18,6,-18,6,-19,6,-19,6,-19,5,-19,5,-20,5,-20,4,-5,1,0,0,0,0,0,0,0,0,0,0,0,0,0,0,0,0,0,0,-7,-2,-27,-5,-26,-7,-26,-8,-25,-9,-25,-10,-25,-10,-25,-10,-25,-10,-25,-10,-25,-11,-25,-11,-25,-11,-24,-11,-24,-10,-23,-10,-22,-9,-22,-8,-21,-8,-21,-7,-20,-6,-20,-5,-19,-5,-19,-4,-18,-4,-18,-3,-18,-2]"
CSI_DATA,35123,d8:b1:90:db:e8:90,-57,11,1,6,0,0,1,0,0,0,1,-95,0,8,0,550362623,0,100,0,128,1,"[100,-64,5,0,-6,-18,-6,-17,-7,-16,-8,-15,-8,-15,-8,-15,-9,-14,-9,-14,-9,-14,-10,-14,-11,-14,-12,-15,-12,-15,-12,-15,-12,-15,-13,-16,-12,-16,-12,-16,-12,-16,-12,-17,-13,-18,-13,-19,-12,-19,-12,-19,-11,-19,-3,-5,0,0,0,0,0,0,0,0,0,0,0,0,0,0,0,0,0,0,-2,-8,-5,-30,-4,-30,-2,-30,-1,-30,0,-31,1,-30,1,-30,1,-30,2,-30,2,-30,2,-30,2,-30,2,-29,2,-29,1,-28,1,-27,0,-26,0,-26,-1,-25,-1,-24,-2,-23,-2,-22,-3,-21,-3,-21,-4,-20,-4,-20]"
CSI_DATA,35124,d8:b1:90:db:e8:90,-57,11,1,6,0,0,1,0,0,0,1,-95,0,8,0,550374470,0,100,0,128,1,"[100,-64,5,0,-8,12,-8,12,-7,12,-6,12,-6,12,-5,12,-5,12,-5,13,-5,14,-4,14,-4,14,-3,15,-3,16,-3,16,-3,17,-3,18,-4,18,-4,18,-4,18,-4,18,-4,18,-4,18,-5,18,-6,18,-7,19,-2,4,0,0,0,0,0,0,0,0,0,0,0,0,0,0,0,0,0,0,-5,4,-18,17,-19,17,-20,16,-20,15,-21,15,-21,15,-21,15,-21,14,-21,14,-22,14,-22,14,-21,13,-21,13,-20,13,-19,13,-18,12,-17,12,-17,13,-15,13,-14,13,-13,12,-12,12,-12,12,-11,12,-10,12,-10,12]"
CSI_DATA,35125,d8:b1:90:db:e8:90,-57,11,1,6,0,0,1,0,0,0,1,-95,0,8,0,550388228,0,100,0,128,1,"[100,-64,5,0,14,-2,14,-2,14,-3,13,-3,13,-4,13,-4,13,-5,13,-6,13,-6,13,-6,13,-6,13,-7,14,-8,14,-8,15,-9,15,-9,16,-9,16,-9,16,-9,17,-9,17,-8,17,-8,17,-8,18,-7,18,-6,4,-2,0,0,0,0,0,0,0,0,0,0,0,0,0,0,0,0,0,0,6,0,25,1,25,2,25,3,25,4,25,5,25,5,25,6,25,6,25,6,25,7,25,7,24,7,23,6,23,6,22,6,21,5,21,5,20,4,19,3,19,2,18,2,18,1,17,1,17,0,16,-1,15,-1]"
CSI_DATA,35126,d8:b1:90:db:e8:90,-57,11,1,6,0,0,1,0,0,0,1,-95,0,8,0,550419810,0,100,0,128,1,"[100,-64,5,0,11,9,11,8,11,7,12,6,12,5,12,5,12,5,12,4,12,3,13,3,13,3,13,3,14,3,14,3,15,3,15,3,15,3,16,3,16,4,16,4,16,5,16,5,16,5,16,6,17,6,4,1,0,0,0,0,0,0,0,0,0,0,0,0,0,0,0,0,0,0,5,4,20,17,19,18,18,18,17,19,17,20,17,20,16,20,16,21,16,21,16,21,15,21,15,21,15,21,14,20,14,20,14,19,14,18,14,17,13,16,13,15,13,14,13,13,13,12,13,11,13,11,13,10]"
CSI_DATA,35127,d8:b1:90:db:e8:90,-57,11,1,6,0,0,1,0,0,0,1,-95,0,8,0,550430795,0,100,0,128,1,"[100,-64,5,0,3,-16,2,-16,2,-16,2,-16,1,-15,0,-15,0,-15,0,-16,0,-17,-1,-17,-2,-17,-2,-18,-2,-19,-2,-19,-2,-19,-3,-20,-3,-21,-3,-21,-3,-21,-3,-22,-4,-22,-4,-22,-3,-22,-2,-23,-2,-24,-1,-6,0,0,0,0,0,0,0,0,0,0,0,0,0,0,0,0,0,0,2,-7,11,-27,12,-27,13,-26,14,-26,15,-26,16,-25,16,-25,17,-25,17,-24,17,-24,17,-24,16,-23,16,-23,15,-22,14,-21,13,-21,12,-20,12,-20,10,-20,9,-19,8,-19,8,-19,7,-18,6,-18,6,-17,5,-18]"
CSI_DATA,35128,d8:b1:90:db:e8:90,-56,11,1,6,0,0,1,0,0,0,1,-95,0,8,0,550440907,0,100,0,128,1,"[100,-64,5,0,-2,16,-2,16,-1,15,-1,14,0,14,1,14,1,13,1,14,1,14,2,14,2,14,3,15,3,15,3,15,3,15,4,16,3,16,3,16,3,16,3,16,3,17,3,17,3,17,2,18,1,18,0,4,0,0,0,0,0,0,0,0,0,0,0,0,0,0,0,0,0,0,-2,6,-7,25,-9,25,-10,25,-11,25,-12,25,-12,24,-13,24,-14,24,-14,23,-14,23,-14,23,-14,23,-13,22,-13,22,-12,21,-11,21,-11,20,-10,20,-9,20,-8,19,-7,19,-6,19,-6,18,-5,18,-4,17,-4,17]"
CSI_DATA,35129,d8:b1:90:db:e8:90,-57,11,1,6,0,0,1,0,0,0,1,-95,0,8,0,550451482,0,100,0,128,1,"[100,-64,5,0,-12,-10,-12,-10,-12,-9,-12,-9,-13,-9,-12,-8,-13,-8,-13,-7,-13,-7,-14,-7,-15,-7,-15,-6,-16,-6,-16,-5,-16,-6,-17,-6,-18,-6,-18,-6,-18,-6,-18,-6,-18,-7,-18,-8,-19,-8,-19,-8,-19,-9,-5,-3,0,0,0,0,0,0,0,0,0,0,0,0,0,0,0,0,0,0,-5,-5,-20,-17,-19,-18,-18,-19,-18,-20,-17,-20,-17,-21,-17,-21,-17,-21,-16,-21,-16,-21,-16,-22,-16,-21,-15,-21,-15,-20,-14,-19,-14,-18,-14,-17,-14,-17,-14,-16,-14,-15,-14,-15,-14,-14,-14,-13,-13,-13,-13,-12,-13,-12]"
CSI_DATA,35130,d8:b1:90:db:e8:90,-55,11,1,6,0,0,1,0,0,0,1,-95,0,8,0,550466389,0,100,0,128,1,"[100,-64,5,0,15,8,15,7,15,6,15,5,15,4,14,4,15,3,15,3,15,2,15,2,15,1,16,1,16,0,17,0,17,0,17,1,18,0,18,0,18,0,18,0,18,1,18,2,19,2,19,2,19,2,4,0,0,0,0,0,0,0,0,0,0,0,0,0,0,0,0,0,0,0,6,3,24,14,23,15,22,16,21,17,21,18,21,19,20,20,20,20,20,21,20,20,19,20,19,19,18,19,18,19,18,18,18,17,17,17,17,16,17,15,16,14,16,13,16,12,16,12,16,11,16,10,17,9]"
CSI_DATA,35131,d8:b1:90:db:e8:90,-56,11,1,6,0,0,1,0,0,0,1,-95,0,8,0,550480169,0,100,0,128,1,"[100,-64,5,0,-6,16,-5,16,-4,15,-3,15,-2,15,-2,14,-1,14,-1,15,-1,15,0,15,1,15,2,16,2,16,1,16,2,17,2,17,2,18,1,18,1,18,1,18,2,18,2,18,1,19,1,19,0,19,0,4,0,0,0,0,0,0,0,0,0,0,0,0,0,0,0,0,0,0,-3,6,-10,25,-11,25,-12,24,-13,23,-13,23,-14,23,-15,23,-16,23,-16,23,-16,22,-16,22,-16,21,-15,21,-15,20,-15,20,-14,20,-14,20,-13,19,-11,18,-10,18,-10,17,-9,17,-8,17,-7,17,-7,17,-7,17]"
CSI_DATA,35132,d8:b1:90:db:e8:90,-57,11,1,6,0,0,1,0,0,0,1,-95,0,8,0,550491205,0,100,0,128,1,"[100,-64,5,0,-16,4,-16,4,-15,4,-15,5,-14,5,-14,6,-13,6,-13,7,-13,8,-13,8,-13,8,-13,9,-14,9,-14,10,-14,10,-14,11,-15,12,-15,12,-15,12,-15,12,-15,12,-15,12,-16,11,-17,11,-18,10,-5,2,0,0,0,0,0,0,0,0,0,0,0,0,0,0,0,0,0,0,-7,1,-27,4,-26,2,-26,1,-27,0,-28,0,-28,-1,-27,-1,-27,-1,-27,-1,-27,-2,-26,-2,-26,-2,-25,-1,-25,-1,-24,-1,-23,-1,-23,-1,-22,0,-21,0,-21,1,-20,1,-20,2,-19,2,-19,3,-18,3,-18,3]"
CSI_DATA,35133,d8:b1:90:db:e8:90,-56,11,1,6,0,0,1,0,0,0,1,-95,0,8,0,550518422,0,100,0,128,1,"[100,-64,5,0,-12,12,-11,12,-11,12,-10,12,-9,12,-9,12,-8,12,-8,12,-8,13,-7,13,-7,13,-7,14,-7,15,-8,15,-8,16,-7,16,-8,17,-9,17,-9,16,-9,17,-9,16,-9,16,-9,17,-11,17,-12,16,-3,4,0,0,0,0,0,0,0,0,0,0,0,0,0,0,0,0,0,0,-6,4,-21,17,-22,16,-22,15,-23,14,-24,14,-24,13,-24,13,-24,12,-24,12,-24,12,-24,12,-24,11,-23,11,-23,11,-22,11,-21,10,-21,11,-20,11,-19,11,-18,11,-17,12,-16,12,-15,12,-14,13,-14,13,-13,13]"
CSI_DATA,35134,d8:b1:90:db:e8:90,-57,11,1,6,0,0,1,0,0,0,1,-95,0,8,0,550529630,0,100,0,128,1,"[100,-64,5,0,1,16,1,16,2,15,2,15,3,15,3,14,3,14,3,14,3,14,4,13,5,14,6,15,6,16,6,16,6,16,7,16,7,17,6,17,6,17,6,17,6,18,6,18,6,18,5,19,4,19,1,4,0,0,0,0,0,0,0,0,0,0,0,0,0,0,0,0,0,0,0,6,0,26,-1,26,-2,26,-3,26,-4,26,-5,26,-5,25,-5,25,-6,25,-6,25,-6,25,-6,24,-6,24,-6,23,-6,22,-5,22,-5,21,-4,21,-3,20,-2,20,-2,19,-1,19,0,19,0,18,1,18,1,17]"
CSI_DATA,35135,d8:b1:90:db:e8:90,-56,11,1,6,0,0,1,0,0,0,1,-95,0,8,0,550539998,0,100,0,128,1,"[100,-64,5,0,9,-15,9,-15,8,-15,8,-15,8,-14,7,-14,7,-15,6,-15,5,-16,5,-16,4,-17,3,-17,3,-18,3,-18,3,-18,3,-18,3,-19,4,-19,4,-19,4,-19,4,-19,4,-18,5,-19,6,-19,7,-19,1,-5,0,0,0,0,0,0,0,0,0,0,0,0,0,0,0,0,0,0,5,-5,20,-20,21,-19,22,-18,22,-17,23,-16,23,-16,24,-16,24,-15,24,-15,24,-14,24,-14,23,-14,23,-13,22,-13,22,-13,21,-14,20,-14,20,-14,18,-14,17,-14,16,-14,16,-14,15,-15,14,-15,13,-15,12,-15]"
CSI_DATA,35136,d8:b1:90:db:e8:90,-56,11,1,6,0,0,1,0,0,0,1,-95,0,8,0,550556982,0,100,0,128,1,"[100,-64,5,0,17,-4,16,-5,16,-5,15,-5,15,-5,14,-6,14,-7,14,-8,13,-9,13,-9,13,-9,13,-10,13,-10,14,-11,14,-11,14,-11,15,-11,15,-11,15,-11,16,-11,15,-11,15,-11,16,-10,17,-10,18,-9,4,-3,0,0,0,0,0,0,0,0,0,0,0,0,0,0,0,0,0,0,7,-1,28,-3,28,-1,28,0,28,1,28,2,28,3,27,3,27,3,27,4,27,4,26,4,26,4,25,4,25,4,25,3,24,2,23,2,23,1,22,1,21,0,21,0,20,-1,20,-2,19,-3,19,-3,19,-3]"
CSI_DATA,35137,d8:b1:90:db:e8:90,-55,11,1,6,0,0,1,0,0,0,1,-95,0,8,0,550567118,0,100,0,128,1,"[100,-64,5,0,15,8,15,7,15,6,15,6,15,5,14,5,15,4,15,3,15,2,16,2,16,2,16,2,17,1,17,1,17,1,18,2,18,2,18,1,18,1,19,2,19,2,19,3,19,4,19,4,19,5,4,1,0,0,0,0,0,0,0,0,0,0,0,0,0,0,0,0,0,0,6,3,25,15,24,16,23,17,22,18,22,19,21,20,20,19,20,19,19,19,19,20,18,20,18,20,17,19,18,19,18,18,17,17,17,16,17,16,17,15,17,14,17,13,17,12,16,11,16,10,17,10,17,9]"
CSI_DATA,35138,d8:b1:90:db:e8:90,-56,11,1,6,0,0,1,0,0,0,1,-95,0,8,0,550579258,0,100,0,128,1,"[100,-64,5,0,7,-15,6,-15,6,-15,5,-15,5,-14,4,-14,4,-15,3,-15,3,-15,3,-15,2,-16,2,-16,2,-17,2,-17,2,-17,2,-18,2,-18,2,-18,2,-18,3,-19,3,-19,3,-19,3,-19,4,-20,5,-20,1,-5,0,0,0,0,0,0,0,0,0,0,0,0,0,0,0,0,0,0,3,-6,15,-23,16,-22,17,-21,17,-20,18,-20,18,-20,19,-20,19,-19,19,-19,19,-19,19,-18,19,-18,18,-18,18,-17,17,-17,17,-17,16,-17,15,-17,14,-17,13,-17,12,-17,12,-17,11,-17,10,-17,9,-17,9,-17]"
CSI_DATA,35139,d8:b1:90:db:e8:90,-56,11,1,6,0,0,1,0,0,0,1,-95,0,8,0,550592505,0,100,0,128,1,"[100,-64,5,0,-3,19,-2,19,-2,18,-1,18,0,18,0,17,1,17,2,17,2,17,2,17,3,18,5,19,6,19,6,19,6,19,7,20,6,20,6,20,6,20,6,20,7,21,6,21,5,21,4,22,3,23,0,5,0,0,0,0,0,0,0,0,0,0,0,0,0,0,0,0,0,0,-3,7,-12,31,-13,30,-14,29,-14,28,-15,27,-15,28,-16,29,-17,28,-18,29,-18,29,-18,27,-19,25,-18,25,-17,24,-16,23,-15,23,-14,23,-13,23,-12,23,-10,22,-9,22,-9,22,-8,22,-7,21,-6,21,-6,21]"
CSI_DATA,35140,d8:b1:90:db:e8:90,-54,11,1,6,0,0,1,0,0,0,1,-95,0,8,0,550624474,0,100,0,128,1,"[100,-64,5,0,17,7,17,6,17,5,17,5,17,4,17,4,16,3,16,2,16,1,16,1,17,1,18,0,18,-1,18,-1,19,-1,19,-1,19,-1,19,-1,19,-1,19,0,19,1,19,1,19,2,20,2,21,3,5,1,0,0,0,0,0,0,0,0,0,0,0,0,0,0,0,0,0,0,7,3,28,14,27,16,26,17,25,17,25,18,24,19,24,20,23,20,23,20,23,20,22,20,22,20,21,20,21,20,20,19,20,19,19,17,19,17,20,16,19,14,19,13,19,12,19,12,19,11,19,10,19,10]"
CSI_DATA,35141,d8:b1:90:db:e8:90,-56,11,1,6,0,0,1,0,0,0,1,-95,0,8,0,550637895,0,100,0,128,1,"[100,-64,5,0,-11,13,-10,12,-9,12,-9,13,-8,13,-7,13,-7,13,-7,14,-7,14,-6,14,-6,14,-5,14,-5,15,-6,15,-6,16,-6,16,-6,17,-6,17,-7,17,-7,17,-7,17,-7,17,-8,17,-9,17,-10,17,-3,4,0,0,0,0,0,0,0,0,0,0,0,0,0,0,0,0,0,0,-6,4,-22,18,-23,17,-23,15,-23,14,-24,14,-24,13,-25,14,-25,14,-25,14,-26,13,-26,12,-25,12,-24,11,-24,11,-23,11,-22,10,-21,11,-20,11,-19,11,-18,12,-17,12,-16,13,-16,13,-15,13,-14,13,-13,13]"
CSI_DATA,35142,d8:b1:90:db:e8:90,-56,11,1,6,0,0,1,0,0,0,1,-95,0,8,0,550651357,0,100,0,128,1,"[100,-64,5,0,2,-17,2,-16,1,-16,1,-16,0,-16,0,-16,-1,-15,-2,-15,-3,-16,-3,-16,-4,-16,-5,-16,-5,-17,-5,-17,-5,-17,-6,-18,-6,-18,-5,-18,-5,-18,-6,-19,-6,-19,-6,-19,-6,-20,-5,-20,-5,-21,-1,-6,0,0,0,0,0,0,0,0,0,0,0,0,0,0,0,0,0,0,1,-7,8,-27,9,-27,11,-26,11,-26,12,-26,13,-25,14,-25,14,-24,14,-24,14,-24,13,-24,13,-24,12,-23,12,-22,12,-22,11,-21,10,-21,10,-20,8,-20,8,-20,7,-19,6,-19,5,-18,4,-18,4,-18,4,-17]"
CSI_DATA,35143,d8:b1:90:db:e8:90,-56,11,1,6,0,0,1,0,0,0,1,-95,0,8,0,550663080,0,100,0,128,1,"[100,-64,5,0,16,-7,15,-7,14,-7,14,-8,13,-8,13,-9,12,-9,12,-9,12,-10,11,-10,11,-10,11,-11,12,-11,12,-12,12,-12,12,-13,12,-13,13,-13,13,-13,13,-13,13,-13,13,-12,14,-12,15,-12,16,-12,4,-3,0,0,0,0,0,0,0,0,0,0,0,0,0,0,0,0,0,0,7,-2,28,-6,29,-5,29,-3,29,-2,29,-1,29,0,29,0,28,0,28,1,28,1,27,1,27,1,26,1,26,1,26,1,25,0,24,0,23,-1,22,-2,21,-2,21,-3,20,-4,19,-4,18,-5,18,-5,18,-6]"
CSI_DATA,35144,d8:b1:90:db:e8:90,-56,11,1,6,0,0,1,0,0,0,1,-95,0,8,0,550677622,0,100,0,128,1,"[100,-64,5,0,-8,14,-7,14,-7,13,-6,13,-6,13,-5,13,-5,13,-5,13,-4,13,-4,13,-3,14,-3,14,-3,15,-3,15,-3,16,-2,17,-2,17,-3,17,-3,17,-3,18,-3,18,-3,18,-3,18,-4,18,-5,18,-2,4,0,0,0,0,0,0,0,0,0,0,0,0,0,0,0,0,0,0,-5,5,-19,22,-20,21,-21,20,-21,19,-22,18,-23,18,-23,17,-23,17,-23,16,-23,16,-22,16,-22,16,-21,15,-21,15,-20,15,-20,15,-19,15,-18,14,-16,14,-15,14,-14,14,-13,14,-12,14,-11,14,-10,14,-10,15]"
CSI_DATA,35145,d8:b1:90:db:e8:90,-55,11,1,6,0,0,1,0,0,0,1,-95,0,8,0,550689037,0,100,0,128,1,"[100,-64,5,0,15,-8,14,-8,13,-8,12,-9,12,-10,11,-10,11,-11,11,-11,10,-11,10,-12,9,-12,10,-13,10,-14,10,-15,11,-15,11,-15,11,-16,11,-16,12,-16,11,-16,11,-16,11,-15,12,-15,13,-15,14,-15,3,-4,0,0,0,0,0,0,0,0,0,0,0,0,0,0,0,0,0,0,7,-3,29,-8,28,-7,29,-5,29,-4,29,-4,29,-3,29,-2,30,-2,30,-2,29,-1,28,-1,27,-1,27,-1,26,-1,25,-2,24,-3,23,-3,23,-3,22,-4,21,-5,20,-5,19,-6,19,-6,18,-6,17,-6,16,-7]"
CSI_DATA,35146,d8:b1:90:db:e8:90,-56,11,1,6,0,0,1,0,0,0,1,-95,0,8,0,550715807,0,100,0,128,1,"[100,-64,5,0,-16,-3,-16,-3,-16,-2,-15,-2,-15,-2,-14,-1,-14,0,-15,1,-15,2,-15,2,-16,2,-16,3,-16,3,-17,4,-17,5,-18,5,-18,6,-18,6,-18,6,-19,6,-19,5,-19,5,-19,4,-20,4,-21,3,-6,0,0,0,0,0,0,0,0,0,0,0,0,0,0,0,0,0,0,0,-7,-3,-27,-12,-27,-13,-26,-14,-26,-15,-25,-16,-25,-16,-24,-16,-24,-16,-24,-16,-23,-17,-22,-16,-22,-16,-21,-16,-21,-15,-21,-14,-21,-13,-20,-12,-20,-11,-20,-11,-19,-10,-19,-9,-19,-8,-18,-7,-18,-7,-17,-6,-17,-5]"
CSI_DATA,35147,d8:b1:90:db:e8:90,-57,11,1,6,0,0,1,0,0,0,1,-95,0,8,0,550731756,0,100,0,128,1,"[100,-64,5,0,14,-8,14,-8,13,-9,13,-9,13,-9,12,-10,11,-10,11,-12,12,-12,11,-13,11,-13,11,-14,11,-15,12,-16,12,-16,12,-16,12,-17,13,-17,13,-17,13,-17,13,-17,13,-16,14,-16,16,-17,17,-16,4,-4,0,0,0,0,0,0,0,0,0,0,0,0,0,0,0,0,0,0,7,-3,29,-8,29,-7,30,-5,30,-4,30,-3,29,-3,30,-2,30,-2,30,-1,29,-1,28,-1,28,-1,27,-1,26,-1,25,-2,24,-3,23,-3,22,-4,21,-4,20,-5,19,-5,19,-6,18,-6,17,-7,17,-7,17,-7]"
CSI_DATA,35148,d8:b1:90:db:e8:90,-57,11,1,6,0,0,1,0,0,0,1,-95,0,8,0,550745255,0,100,0,128,1,"[100,-64,5,0,-13,10,-12,10,-12,10,-11,11,-11,11,-10,11,-10,12,-9,13,-8,13,-8,13,-8,14,-8,14,-8,15,-8,15,-8,16,-8,16,-9,17,-9,17,-10,17,-10,17,-10,17,-9,16,-10,17,-12,17,-13,17,-4,4,0,0,0,0,0,0,0,0,0,0,0,0,0,0,0,0,0,0,-7,3,-28,13,-28,12,-29,10,-29,9,-29,8,-30,7,-30,7,-30,7,-30,6,-30,6,-29,6,-29,6,-28,6,-27,6,-26,6,-25,7,-24,7,-23,7,-21,7,-20,8,-19,8,-18,9,-18,9,-17,10,-16,10,-16,10]"
CSI_DATA,35149,d8:b1:90:db:e8:90,-57,11,1,6,0,0,1,0,0,0,1,-95,0,8,0,550756999,0,100,0,128,1,"[100,-64,5,0,3,16,3,15,4,14,4,14,5,14,5,14,6,13,5,14,6,14,6,14,7,14,7,15,7,15,7,15,7,16,8,16,8,16,7,16,7,16,7,16,8,17,7,17,7,18,6,18,5,19,1,4,0,0,0,0,0,0,0,0,0,0,0,0,0,0,0,0,0,0,0,7,0,29,-2,29,-3,28,-5,28,-5,28,-6,28,-6,28,-6,28,-6,28,-7,28,-7,27,-7,26,-6,25,-6,24,-5,23,-4,23,-4,22,-3,22,-2,21,-1,20,0,20,1,19,1,19,2,18,2,18,2,17]"
CSI_DATA,35150,d8:b1:90:db:e8:90,-57,11,1,6,0,0,1,0,0,0,1,-95,0,8,0,550767463,0,100,0,128,1,"[100,-64,5,0,-17,-1,-17,0,-16,0,-16,1,-16,1,-16,1,-16,2,-16,2,-16,3,-16,3,-16,3,-17,3,-18,4,-18,4,-19,4,-19,4,-19,5,-20,4,-20,4,-20,4,-20,3,-20,3,-21,3,-22,3,-22,2,-6,0,0,0,0,0,0,0,0,0,0,0,0,0,0,0,0,0,0,0,-8,-2,-30,-7,-30,-9,-29,-10,-28,-11,-28,-12,-28,-13,-28,-13,-28,-13,-27,-14,-27,-14,-26,-13,-25,-13,-25,-12,-24,-12,-23,-11,-23,-10,-22,-9,-22,-8,-21,-8,-21,-7,-21,-6,-20,-5,-20,-4,-19,-3,-19,-2,-19,-2]"
CSI_DATA,35151,d8:b1:90:db:e8:90,-57,11,1,6,0,0,1,0,0,0,1,-95,0,8,0,550779341,0,100,0,128,1,"[100,-64,5,0,14,-6,13,-6,13,-7,13,-7,13,-7,12,-7,12,-8,12,-9,12,-9,11,-9,11,-9,11,-10,11,-11,12,-11,12,-11,12,-12,12,-12,12,-12,12,-12,13,-12,13,-12,13,-11,13,-11,14,-11,15,-11,3,-3,0,0,0,0,0,0,0,0,0,0,0,0,0,0,0,0,0,0,6,-2,25,-6,25,-5,25,-3,25,-2,25,-2,26,-1,25,-1,25,0,25,0,25,0,24,0,24,0,23,0,22,0,22,0,21,-1,21,-1,20,-1,19,-2,18,-2,18,-3,18,-3,17,-4,17,-4,16,-5,16,-5]"
CSI_DATA,35152,d8:b1:90:db:e8:90,-57,11,1,6,0,0,1,0,0,0,1,-95,0,8,0,550797482,0,100,0,128,1,"[100,-64,5,0,10,8,10,7,11,7,11,6,12,6,12,6,12,5,12,5,13,5,13,5,13,5,14,5,14,5,15,5,15,5,15,5,15,5,15,5,15,6,16,6,16,7,16,7,16,8,16,8,16,9,4,2,0,0,0,0,0,0,0,0,0,0,0,0,0,0,0,0,0,0,4,4,16,18,15,19,15,20,14,20,13,20,12,21,12,21,11,21,11,21,11,21,11,20,10,20,10,19,10,19,10,18,10,17,10,16,10,15,11,14,11,14,11,13,11,12,11,11,11,11,11,10,11,9]"
CSI_DATA,35153,d8:b1:90:db:e8:90,-57,11,1,6,0,0,1,0,0,0,1,-95,0,8,0,550821564,0,100,0,128,1,"[100,-64,5,0,5,14,5,14,5,13,6,13,7,12,7,12,7,12,7,12,8,12,8,12,9,12,9,12,10,13,10,13,10,13,11,13,10,13,10,13,10,13,10,13,10,13,10,14,10,14,10,15,9,16,2,4,0,0,0,0,0,0,0,0,0,0,0,0,0,0,0,0,0,0,0,6,2,26,0,25,-1,25,-2,25,-3,25,-3,25,-3,25,-3,24,-4,24,-4,24,-3,24,-3,23,-3,22,-3,22,-3,21,-2,20,-2,20,-1,19,0,18,1,18,1,17,2,17,2,16,3,15,3,15,4,15]"
CSI_DATA,35154,d8:b1:90:db:e8:90,-58,11,1,6,0,0,1,0,0,0,1,-95,0,8,0,550834715,0,100,0,128,1,"[100,-64,5,0,13,7,12,6,13,6,13,5,13,5,13,4,14,4,15,4,15,4,16,4,16,4,17,4,18,3,19,3,19,3,19,3,20,3,20,3,20,3,20,3,20,4,20,5,21,6,21,6,21,6,5,1,0,0,0,0,0,0,0,0,0,0,0,0,0,0,0,0,0,0,5,4,21,16,20,17,19,18,18,19,17,20,17,20,17,20,16,20,15,20,15,20,14,19,14,19,14,19,14,18,14,16,13,15,13,14,13,13,13,13,13,11,13,11,13,10,13,9,13,8,13,8,13,7]"
CSI_DATA,35155,d8:b1:90:db:e8:90,-58,11,1,6,0,0,1,0,0,0,1,-95,0,8,0,550847546,0,100,0,128,1,"[100,-64,5,0,16,0,15,-1,15,-1,15,-2,15,-2,15,-3,15,-3,16,-4,16,-5,16,-5,16,-5,17,-6,17,-7,18,-7,18,-7,18,-7,18,-7,18,-7,19,-7,19,-7,19,-7,19,-6,20,-5,21,-5,21,-4,5,-1,0,0,0,0,0,0,0,0,0,0,0,0,0,0,0,0,0,0,6,0,27,4,26,5,25,7,25,8,24,9,24,9,24,10,24,10,23,11,23,11,22,10,22,10,21,10,21,9,20,8,20,7,19,7,19,6,19,5,18,4,18,4,17,3,17,2,16,1,16,1,17,0]"
CSI_DATA,35156,d8:b1:90:db:e8:90,-57,11,1,6,0,0,1,0,0,0,1,-95,0,8,0,550859469,0,100,0,128,1,"[100,-64,5,0,-1,-17,-2,-17,-2,-17,-3,-17,-4,-17,-4,-17,-5,-17,-5,-17,-5,-18,-6,-18,-6,-18,-7,-18,-7,-18,-7,-18,-7,-19,-8,-19,-8,-20,-8,-20,-7,-20,-7,-20,-7,-21,-7,-21,-6,-21,-6,-21,-5,-22,-1,-6,0,0,0,0,0,0,0,0,0,0,0,0,0,0,0,0,0,0,1,-7,4,-27,6,-27,7,-26,8,-26,8,-25,9,-25,9,-25,9,-24,10,-24,10,-24,10,-23,10,-23,10,-22,9,-21,8,-21,7,-21,7,-20,6,-20,5,-19,4,-19,4,-18,3,-18,2,-18,1,-18,1,-18,1,-18]"
CSI_DATA,35157,d8:b1:90:db:e8:90,-57,11,1,6,0,0,1,0,0,0,1,-95,0,8,0,550876560,0,100,0,128,1,"[100,-64,5,0,14,-9,13,-9,13,-9,13,-10,13,-11,13,-11,12,-12,12,-13,12,-13,12,-14,12,-14,12,-14,12,-15,12,-15,12,-16,12,-16,12,-16,13,-16,13,-16,14,-16,14,-16,13,-15,14,-15,15,-15,16,-15,4,-4,0,0,0,0,0,0,0,0,0,0,0,0,0,0,0,0,0,0,6,-3,24,-10,25,-9,25,-7,25,-6,25,-5,25,-5,25,-4,25,-4,25,-4,25,-3,24,-3,23,-3,23,-3,23,-2,22,-3,21,-3,20,-4,20,-4,19,-4,18,-5,17,-5,17,-6,16,-6,15,-7,15,-7,15,-8]"
CSI_DATA,35158,d8:b1:90:db:e8:90,-57,11,1,6,0,0,1,0,0,0,1,-95,0,8,0,550896393,0,100,0,128,1,"[100,-64,5,0,13,11,13,11,13,10,13,10,13,9,13,9,14,9,15,8,16,7,16,7,16,7,17,7,17,7,17,7,18,7,18,7,18,7,18,7,18,7,18,7,18,8,18,9,18,9,17,9,17,10,4,2,0,0,0,0,0,0,0,0,0,0,0,0,0,0,0,0,0,0,5,4,20,17,18,18,17,18,18,19,18,19,17,19,15,19,16,19,16,20,13,17,11,13,11,11,12,11,12,13,13,15,12,16,12,16,12,16,12,15,13,15,13,14,13,14,13,13,14,12,13,12,13,11]"
CSI_DATA,35159,d8:b1:90:db:e8:90,-57,11,1,6,0,0,1,0,0,0,1,-95,0,8,0,550922185,0,100,0,128,1,"[100,-64,5,0,-20,-6,-20,-6,-20,-5,-20,-4,-20,-3,-20,-3,-20,-3,-19,-3,-19,-3,-19,-3,-19,-3,-20,-3,-20,-3,-20,-2,-20,-2,-20,-3,-20,-2,-20,-2,-20,-3,-20,-3,-20,-4,-20,-5,-20,-5,-20,-6,-20,-7,-5,-2,0,0,0,0,0,0,0,0,0,0,0,0,0,0,0,0,0,0,-7,-3,-26,-13,-24,-14,-23,-15,-24,-15,-23,-16,-24,-17,-24,-17,-23,-16,-23,-15,-22,-15,-22,-15,-22,-15,-21,-16,-20,-15,-20,-15,-21,-15,-21,-14,-21,-13,-21,-12,-21,-11,-21,-10,-21,-10,-21,-8,-21,-8,-21,-8,-21,-7]"
CSI_DATA,35160,d8:b1:90:db:e8:90,-56,11,1,6,0,0,1,0,0,0,1,-95,0,8,0,550939415,0,100,0,128,1,"[100,-64,5,0,-20,-6,-19,-6,-19,-5,-18,-4,-18,-4,-18,-4,-18,-3,-18,-2,-18,-1,-18,-1,-18,-1,-18,-1,-18,-1,-18,0,-18,0,-18,-1,-18,-1,-18,-1,-18,-1,-18,-1,-18,-2,-17,-2,-18,-3,-18,-3,-18,-4,-5,-1,0,0,0,0,0,0,0,0,0,0,0,0,0,0,0,0,0,0,-7,-2,-25,-6,-25,-7,-24,-9,-24,-10,-24,-11,-23,-11,-23,-11,-24,-12,-23,-12,-23,-12,-23,-12,-23,-12,-22,-12,-22,-12,-22,-12,-22,-11,-22,-11,-21,-10,-21,-10,-21,-9,-21,-9,-20,-9,-20,-8,-20,-8,-20,-7,-20,-6]"
CSI_DATA,35161,d8:b1:90:db:e8:90,-55,11,1,6,0,0,1,0,0,0,1,-95,0,8,0,550951336,0,100,0,128,1,"[100,-64,5,0,-1,20,0,19,0,18,1,17,2,17,2,17,2,17,2,17,2,17,3,17,3,17,3,17,4,18,3,17,4,17,4,17,3,17,3,17,3,16,4,16,4,17,4,17,4,17,3,18,2,18,0,4,0,0,0,0,0,0,0,0,0,0,0,0,0,0,0,0,0,0,0,6,1,26,-1,26,-2,25,-3,25,-4,25,-4,25,-4,26,-5,26,-6,26,-6,26,-6,26,-6,25,-6,25,-6,24,-5,24,-5,23,-4,22,-4,22,-3,22,-2,22,-1,22,-1,22,-1,21,-1,21,0,21,-1,20]"
CSI_DATA,35162,d8:b1:90:db:e8:90,-56,11,1,6,0,0,1,0,0,0,1,-95,0,8,0,550961489,0,100,0,128,1,"[100,-64,5,0,17,-10,16,-10,15,-10,15,-11,14,-11,13,-11,13,-11,12,-12,12,-12,12,-12,11,-12,11,-13,11,-13,11,-14,11,-14,10,-14,10,-15,11,-14,10,-14,10,-14,10,-14,10,-13,10,-13,11,-14,12,-13,3,-4,0,0,0,0,0,0,0,0,0,0,0,0,0,0,0,0,0,0,5,-4,22,-14,22,-13,23,-12,23,-11,24,-10,24,-10,24,-9,25,-9,25,-8,25,-8,26,-7,26,-7,25,-7,25,-7,24,-7,23,-8,23,-8,22,-8,21,-8,20,-9,20,-9,20,-9,20,-9,20,-9,19,-9,18,-10]"
CSI_DATA,35163,d8:b1:90:db:e8:90,-55,11,1,6,0,0,1,0,0,0,1,-95,0,8,0,550971928,0,100,0,128,1,"[100,-64,5,0,-19,5,-19,5,-18,5,-18,6,-17,6,-16,6,-16,6,-16,7,-15,8,-15,8,-14,8,-14,9,-14,9,-14,10,-14,10,-14,10,-14,11,-14,10,-14,10,-14,10,-14,10,-13,9,-14,10,-15,10,-16,9,-4,2,0,0,0,0,0,0,0,0,0,0,0,0,0,0,0,0,0,0,-7,2,-25,9,-25,8,-26,7,-26,6,-27,5,-27,5,-27,4,-27,3,-27,3,-27,2,-27,2,-27,2,-27,2,-27,2,-26,2,-25,2,-24,3,-24,3,-23,3,-22,4,-22,4,-21,4,-21,4,-21,4,-21,5,-20,6]"
CSI_DATA,35164,d8:b1:90:db:e8:90,-55,11,1,6,0,0,1,0,0,0,1,-95,0,8,0,550986575,0,100,0,128,1,"[100,-64,5,0,-8,-20,-8,-19,-8,-18,-8,-18,-8,-17,-8,-17,-9,-16,-9,-16,-9,-15,-9,-15,-10,-15,-11,-15,-11,-15,-11,-14,-11,-14,-11,-14,-11,-14,-11,-14,-11,-14,-11,-14,-11,-15,-11,-15,-11,-15,-10,-15,-10,-15,-3,-4,0,0,0,0,0,0,0,0,0,0,0,0,0,0,0,0,0,0,-4,-7,-12,-25,-10,-26,-9,-26,-8,-27,-7,-27,-7,-27,-7,-28,-6,-28,-6,-28,-5,-28,-5,-28,-5,-28,-5,-27,-5,-27,-5,-27,-5,-26,-6,-25,-6,-24,-6,-24,-7,-24,-7,-23,-8,-23,-8,-22,-9,-21,-9,-21,-9,-21]"
CSI_DATA,35165,d8:b1:90:db:e8:90,-56,11,1,6,0,0,1,0,0,0,1,-95,0,8,0,551029060,0,100,0,128,1,"[100,-64,5,0,-12,15,-11,14,-11,14,-10,14,-9,14,-8,14,-7,14,-7,15,-7,15,-7,15,-6,15,-5,15,-5,16,-5,16,-6,16,-6,16,-6,16,-6,16,-6,16,-6,16,-6,16,-6,16,-6,16,-7,17,-8,17,-2,4,0,0,0,0,0,0,0,0,0,0,0,0,0,0,0,0,0,0,-5,5,-19,20,-20,19,-21,18,-22,17,-22,17,-22,17,-22,17,-22,16,-22,16,-23,16,-23,15,-23,15,-22,15,-22,15,-21,15,-21,15,-20,15,-19,15,-19,14,-18,14,-17,15,-16,15,-15,15,-15,15,-14,15,-13,16]"
CSI_DATA,35166,d8:b1:90:db:e8:90,-56,11,1,6,0,0,1,0,0,0,1,-95,0,8,0,551040337,0,100,0,128,1,"[100,-64,5,0,8,15,8,14,9,13,10,13,10,13,11,12,11,11,11,11,11,10,11,10,12,10,13,10,13,10,13,9,13,9,14,9,14,9,13,9,13,9,13,9,14,10,14,10,13,10,13,10,12,11,3,2,0,0,0,0,0,0,0,0,0,0,0,0,0,0,0,0,0,0,3,5,13,23,11,24,10,24,10,25,9,25,8,25,9,25,8,26,8,26,7,26,6,26,6,25,6,25,6,25,6,25,6,24,6,23,6,22,6,21,7,20,7,20,8,19,8,19,9,19,9,18,9,17]"
CSI_DATA,35167,d8:b1:90:db:e8:90,-55,11,1,6,0,0,1,0,0,0,1,-95,0,8,0,551050970,0,100,0,128,1,"[100,-64,5,0,7,17,7,16,7,15,7,15,7,14,7,13,8,13,8,13,8,13,8,13,9,12,10,12,11,12,11,11,11,12,12,12,12,12,11,12,11,12,12,12,12,12,12,12,11,13,11,13,11,14,2,3,0,0,0,0,0,0,0,0,0,0,0,0,0,0,0,0,0,0,3,6,11,26,10,25,8,24,7,24,5,24,5,26,5,28,5,29,4,28,4,27,4,27,4,26,4,26,4,26,4,26,3,25,3,25,3,24,4,23,5,22,6,21,6,21,6,20,7,20,7,19,6,19]"
CSI_DATA,35168,d8:b1:90:db:e8:90,-56,11,1,6,0,0,1,0,0,0,1,-95,0,8,0,551063618,0,100,0,128,1,"[100,-64,5,0,15,10,15,10,15,9,14,8,13,7,13,6,12,6,12,5,12,5,13,5,15,5,15,4,15,3,15,2,16,1,16,2,16,2,15,3,15,3,16,3,16,3,16,4,16,4,17,4,17,5,4,1,0,0,0,0,0,0,0,0,0,0,0,0,0,0,0,0,0,0,5,4,20,18,19,19,18,20,17,21,16,21,16,22,16,22,15,22,15,22,15,22,15,22,15,22,14,21,14,21,15,21,15,21,15,20,15,20,15,19,15,18,15,16,15,16,16,15,15,14,15,14,15,14]"
CSI_DATA,35169,d8:b1:90:db:e8:90,-55,11,1,6,0,0,1,0,0,0,1,-95,0,8,0,551077539,0,100,0,128,1,"[100,-64,5,0,-7,17,-6,16,-5,16,-5,16,-4,15,-3,15,-3,14,-3,15,-2,15,-2,15,-1,15,0,15,0,15,0,15,0,15,0,16,0,16,0,16,0,16,0,16,1,16,1,16,0,17,-1,17,-2,17,-1,4,0,0,0,0,0,0,0,0,0,0,0,0,0,0,0,0,0,0,-3,6,-10,26,-11,26,-13,25,-14,25,-15,25,-15,25,-15,24,-16,24,-16,24,-17,24,-16,23,-16,22,-16,22,-16,21,-15,22,-15,22,-15,22,-14,21,-13,20,-12,20,-11,20,-10,19,-10,19,-10,18,-9,18,-9,18]"
CSI_DATA,35170,d8:b1:90:db:e8:90,-57,11,1,6,0,0,1,0,0,0,1,-95,0,8,0,551089123,0,100,0,128,1,"[100,-64,5,0,-4,-18,-4,-17,-4,-16,-4,-16,-5,-16,-5,-15,-5,-14,-6,-14,-6,-14,-7,-14,-7,-14,-8,-14,-9,-14,-8,-13,-9,-13,-10,-14,-10,-14,-9,-14,-9,-14,-10,-14,-10,-14,-10,-14,-10,-15,-10,-15,-10,-16,-3,-4,0,0,0,0,0,0,0,0,0,0,0,0,0,0,0,0,0,0,-1,-7,-3,-27,-2,-28,-1,-28,0,-27,1,-27,1,-27,1,-27,1,-27,2,-27,2,-27,2,-27,2,-26,2,-26,2,-26,2,-26,1,-25,1,-25,0,-24,0,-23,-1,-23,-1,-22,-1,-21,-1,-21,-2,-20,-2,-20,-2,-19]"
CSI_DATA,35171,d8:b1:90:db:e8:90,-55,11,1,6,0,0,1,0,0,0,1,-95,0,8,0,551109206,0,100,0,128,1,"[100,-64,5,0,13,-12,12,-12,11,-12,11,-12,10,-12,9,-12,9,-12,9,-12,9,-13,9,-13,8,-13,8,-13,8,-14,8,-14,8,-14,8,-15,8,-15,8,-15,8,-15,8,-16,8,-16,8,-15,8,-15,9,-16,10,-15,2,-4,0,0,0,0,0,0,0,0,0,0,0,0,0,0,0,0,0,0,5,-5,20,-19,21,-18,21,-17,21,-16,22,-15,23,-15,24,-16,24,-16,24,-15,24,-15,24,-15,24,-14,24,-14,23,-14,22,-14,21,-14,20,-14,20,-14,19,-14,18,-14,17,-14,16,-14,16,-14,15,-14,15,-14,14,-14]"
CSI_DATA,35172,d8:b1:90:db:e8:90,-55,11,1,7,0,0,1,0,0,0,1,-95,0,8,0,551128069,0,100,0,128,1,"[100,-64,5,0,9,14,9,13,10,13,11,12,11,12,11,11,11,11,10,11,10,10,10,10,11,10,11,10,11,10,12,10,12,10,12,11,12,11,11,10,11,10,11,10,12,11,11,12,11,12,11,13,11,13,2,3,0,0,0,0,0,0,0,0,0,0,0,0,0,0,0,0,0,0,3,6,14,25,12,26,11,26,10,26,9,27,8,26,8,26,8,26,8,27,8,27,7,26,7,25,7,24,6,24,6,24,7,24,7,23,7,23,9,21,9,20,10,20,10,19,9,19,8,19,9,17,9,16]"
CSI_DATA,35173,d8:b1:90:db:e8:90,-56,11,1,7,0,0,1,0,0,0,1,-95,0,8,0,551154247,0,100,0,128,1,"[100,-64,5,0,-18,-3,-17,-3,-16,-2,-16,-2,-16,-1,-15,0,-15,0,-15,1,-14,1,-14,2,-14,2,-15,3,-15,4,-15,4,-15,5,-16,5,-16,5,-16,5,-16,5,-16,5,-16,5,-16,5,-17,5,-17,5,-18,4,-5,1,0,0,0,0,0,0,0,0,0,0,0,0,0,0,0,0,0,0,-7,-1,-28,-2,-28,-3,-28,-5,-28,-6,-28,-7,-27,-8,-27,-8,-27,-9,-27,-9,-27,-9,-26,-10,-26,-10,-25,-10,-25,-10,-24,-9,-24,-9,-24,-8,-23,-7,-23,-7,-22,-6,-22,-6,-21,-5,-21,-4,-21,-3,-20,-3,-19,-3]"
CSI_DATA,35174,d8:b1:90:db:e8:90,-56,11,1,7,0,0,1,0,0,0,1,-95,0,8,0,551164976,0,100,0,128,1,"[100,-64,5,0,7,15,7,14,7,13,8,12,9,12,9,11,9,11,9,10,9,9,9,9,10,9,11,9,12,9,12,8,12,8,13,9,13,8,12,8,12,8,13,8,14,9,14,9,13,10,13,10,13,10,3,2,0,0,0,0,0,0,0,0,0,0,0,0,0,0,0,0,0,0,3,5,14,23,12,24,11,25,10,25,9,25,9,26,8,26,7,26,7,27,6,27,6,27,5,26,5,26,5,25,5,25,5,24,6,23,6,22,7,22,7,21,8,20,8,20,8,19,8,18,8,17,8,16]"
CSI_DATA,35175,d8:b1:90:db:e8:90,-55,11,1,7,0,0,1,0,0,0,1,-95,0,8,0,551176510,0,100,0,128,1,"[100,-64,5,0,11,13,11,12,11,11,11,10,12,10,11,9,11,8,12,7,12,6,12,6,12,6,13,6,13,6,13,6,14,6,14,6,14,6,14,6,14,6,14,6,14,7,14,7,14,7,15,7,15,8,3,2,0,0,0,0,0,0,0,0,0,0,0,0,0,0,0,0,0,0,4,5,19,20,18,21,16,22,15,23,14,23,14,24,13,24,13,25,13,25,13,25,12,24,12,24,12,24,12,23,12,23,12,22,12,21,12,20,11,20,11,19,12,18,12,17,12,17,12,16,12,16,12,15]"
CSI_DATA,35176,d8:b1:90:db:e8:90,-56,11,1,7,0,0,1,0,0,0,1,-95,0,8,0,551188600,0,100,0,128,1,"[100,-64,5,0,-18,-8,-18,-7,-17,-6,-17,-5,-17,-5,-16,-4,-15,-4,-15,-4,-15,-3,-15,-3,-15,-3,-15,-3,-16,-2,-16,-2,-16,-2,-16,-1,-16,-1,-16,-1,-16,-1,-16,-1,-16,-2,-16,-2,-16,-2,-17,-2,-17,-3,-5,-1,0,0,0,0,0,0,0,0,0,0,0,0,0,0,0,0,0,0,-7,-3,-25,-13,-25,-14,-24,-15,-24,-16,-24,-16,-23,-17,-23,-17,-23,-18,-23,-18,-22,-18,-22,-18,-22,-18,-22,-18,-21,-17,-21,-16,-21,-16,-21,-15,-21,-14,-20,-14,-20,-13,-20,-12,-19,-12,-19,-10,-19,-10,-19,-9,-18,-8]"
CSI_DATA,35177,d8:b1:90:db:e8:90,-57,11,1,7,0,0,1,0,0,0,1,-95,0,8,0,551206358,0,100,0,128,1,"[100,-64,5,0,9,15,9,15,8,13,9,12,9,12,9,11,9,11,8,11,8,10,8,10,9,10,10,10,10,10,10,10,10,10,10,10,10,10,10,10,10,10,10,10,11,11,11,12,10,12,9,12,9,12,2,3,0,0,0,0,0,0,0,0,0,0,0,0,0,0,0,0,0,0,3,5,12,23,11,23,10,24,10,25,9,25,8,26,8,26,7,26,7,26,6,27,6,26,6,26,6,25,6,25,6,24,6,23,6,23,6,22,7,22,7,21,7,20,8,19,8,19,8,18,9,17,9,17]"
CSI_DATA,35178,d8:b1:90:db:e8:90,-57,11,1,7,0,0,1,0,0,0,1,-95,0,8,0,551233858,0,100,0,128,1,"[100,-64,5,0,15,8,14,7,14,6,14,6,13,6,13,5,13,4,13,3,13,2,13,2,13,2,14,1,14,1,14,0,15,0,15,0,15,0,15,0,15,-1,15,-1,16,0,16,0,16,1,16,0,16,1,4,0,0,0,0,0,0,0,0,0,0,0,0,0,0,0,0,0,0,0,6,3,23,13,23,13,22,14,21,15,21,16,20,17,20,17,20,17,20,18,19,18,19,18,18,17,18,17,18,17,18,16,17,16,17,15,17,14,17,13,17,12,17,11,17,11,17,11,16,10,16,10,16,9]"
CSI_DATA,35179,d8:b1:90:db:e8:90,-57,11,1,7,0,0,1,0,0,0,1,-95,0,8,0,551249327,0,100,0,128,1,"[100,-64,5,0,2,17,3,17,3,16,4,15,5,15,5,14,5,14,6,13,6,13,6,13,7,13,8,13,8,13,8,13,8,13,9,14,9,14,9,13,9,13,9,14,10,14,10,15,9,15,9,15,9,16,2,4,0,0,0,0,0,0,0,0,0,0,0,0,0,0,0,0,0,0,0,7,1,29,-1,29,-2,29,-3,29,-4,29,-4,29,-5,29,-5,29,-5,29,-6,29,-6,28,-7,27,-6,27,-6,26,-5,25,-4,24,-4,24,-4,23,-3,22,-2,22,-1,21,-1,21,0,20,0,20,1,20,1,19]"
CSI_DATA,35180,d8:b1:90:db:e8:90,-57,11,1,5,0,0,1,0,0,0,1,-95,0,8,0,551266694,0,100,0,128,1,"[100,-64,5,0,9,-8,7,-9,5,-10,2,-12,0,-13,-1,-14,-2,-16,-3,-16,-3,-16,-3,-16,-4,-15,-4,-13,-3,-11,-1,-9,0,-6,0,-4,1,-2,2,0,2,1,2,2,3,2,3,2,3,1,4,-1,5,-3,1,-1,0,0,0,0,0,0,0,0,0,0,0,0,0,0,0,0,0,0,7,1,30,6,28,7,26,8,23,7,21,4,18,1,16,-4,15,-9,14,-14,13,-19,14,-24,15,-28,16,-31,17,-33,18,-34,20,-33,21,-32,22,-31,22,-29,22,-26,22,-22,22,-19,22,-16,21,-13,19,-11,18,-9]"
CSI_DATA,35181,d8:b1:90:db:e8:90,-57,11,1,5,0,0,1,0,0,0,1,-95,0,8,0,551277089,0,100,0,128,1,"[100,-64,5,0,-2,10,0,10,2,9,5,9,7,9,9,9,10,9,11,9,11,8,10,7,10,7,8,6,6,5,4,4,2,2,0,1,-2,0,-3,-1,-5,-2,-5,-3,-5,-2,-5,-2,-5,0,-5,1,-5,3,-1,0,0,0,0,0,0,0,0,0,0,0,0,0,0,0,0,0,0,0,-6,4,-24,17,-24,15,-23,13,-21,11,-18,11,-14,12,-9,13,-4,15,0,18,4,21,7,24,9,26,10,29,11,31,11,32,10,33,8,33,6,32,4,31,2,30,0,28,-2,26,-4,24,-5,21,-6,18,-7,16]"
CSI_DATA,35182,d8:b1:90:db:e8:90,-58,11,1,5,0,0,1,0,0,0,1,-95,0,8,0,551346980,0,100,0,128,1,"[100,-64,5,0,12,2,11,-1,11,-3,11,-5,11,-7,11,-8,11,-10,11,-11,11,-12,10,-11,9,-10,8,-9,7,-7,6,-6,4,-4,2,-2,1,0,0,1,-1,2,-1,3,-1,4,0,4,1,4,2,4,4,4,1,1,0,0,0,0,0,0,0,0,0,0,0,0,0,0,0,0,0,0,5,5,19,21,17,21,15,20,14,19,14,16,14,12,15,7,17,3,20,-1,22,-5,25,-7,28,-9,31,-10,33,-10,34,-10,35,-9,35,-8,34,-6,33,-3,31,-1,29,0,27,2,24,4,22,5,19,6,17,6]"
CSI_DATA,35183,d8:b1:90:db:e8:90,-55,11,1,5,0,0,1,0,0,0,1,-95,0,8,0,551357939,0,100,0,128,1,"[100,-64,5,0,13,-2,11,-4,10,-7,9,-9,9,-10,8,-12,8,-13,7,-14,7,-15,6,-14,5,-13,5,-12,4,-10,4,-7,3,-5,2,-3,1,-1,1,1,0,2,0,3,0,4,1,4,2,3,4,2,5,2,1,0,0,0,0,0,0,0,0,0,0,0,0,0,0,0,0,0,0,0,6,4,24,16,22,17,20,16,18,14,17,11,16,7,17,2,18,-2,19,-6,20,-10,23,-15,26,-17,27,-18,30,-20,32,-20,32,-19,33,-18,32,-16,31,-14,30,-11,29,-8,27,-6,25,-4,23,-2,21,-1,19,0]"
CSI_DATA,35184,d8:b1:90:db:e8:90,-57,11,1,5,0,0,1,0,0,0,1,-95,0,8,0,551371979,0,100,0,128,1,"[100,-64,5,0,-18,-1,-18,-1,-17,0,-17,0,-16,1,-16,1,-16,2,-16,3,-15,3,-15,3,-15,3,-15,4,-15,4,-15,5,-15,5,-15,6,-16,6,-16,6,-16,6,-16,6,-16,6,-16,6,-16,6,-17,6,-18,5,-5,1,0,0,0,0,0,0,0,0,0,0,0,0,0,0,0,0,0,0,-7,-1,-28,-3,-27,-5,-26,-6,-26,-7,-25,-7,-26,-8,-26,-9,-26,-9,-26,-10,-26,-9,-26,-9,-25,-9,-25,-9,-24,-9,-24,-8,-24,-8,-23,-7,-23,-6,-22,-6,-22,-5,-21,-4,-21,-3,-20,-3,-20,-3,-20,-3,-20,-2]"
CSI_DATA,35185,d8:b1:90:db:e8:90,-55,11,1,5,0,0,1,0,0,0,1,-95,0,8,0,551383764,0,100,0,128,1,"[100,-64,5,0,-13,13,-12,13,-11,13,-11,13,-10,13,-10,12,-9,13,-9,13,-9,13,-8,13,-7,12,-7,13,-7,14,-7,14,-7,14,-7,15,-7,15,-7,15,-7,15,-7,15,-7,14,-7,14,-7,14,-8,14,-9,15,-3,3,0,0,0,0,0,0,0,0,0,0,0,0,0,0,0,0,0,0,-6,4,-23,18,-24,17,-24,16,-25,15,-25,14,-26,13,-26,13,-26,13,-26,12,-26,12,-26,11,-26,11,-25,11,-25,11,-24,11,-23,12,-22,12,-21,12,-20,12,-19,12,-18,12,-18,13,-18,13,-17,13,-16,13,-15,14]"
CSI_DATA,35186,d8:b1:90:db:e8:90,-55,11,1,5,0,0,1,0,0,0,1,-95,0,8,0,551398190,0,100,0,128,1,"[100,-64,5,0,-19,-3,-18,-2,-17,-2,-17,-1,-16,0,-16,0,-16,0,-16,2,-16,2,-16,2,-16,2,-16,2,-16,3,-16,3,-16,3,-16,3,-16,4,-16,4,-17,4,-17,3,-17,3,-17,2,-18,2,-18,2,-19,2,-5,0,0,0,0,0,0,0,0,0,0,0,0,0,0,0,0,0,0,0,-8,-2,-29,-7,-29,-8,-28,-10,-28,-11,-28,-12,-28,-12,-27,-13,-26,-13,-26,-14,-26,-14,-26,-15,-25,-15,-25,-15,-24,-14,-24,-13,-24,-12,-23,-11,-23,-11,-23,-10,-23,-8,-22,-8,-22,-7,-22,-6,-21,-6,-21,-5,-20,-5]"
CSI_DATA,35187,d8:b1:90:db:e8:90,-57,11,1,6,0,0,1,0,0,0,0,-95,0,8,0,551410474,0,100,0,128,1,"[100,-64,5,0,-1,16,0,16,0,15,0,15,1,15,2,14,2,14,2,14,2,14,3,14,4,14,4,14,4,14,4,14,4,14,5,15,5,15,4,15,4,15,5,15,5,16,5,16,5,16,4,16,3,16,0,4,0,0,0,0,0,0,0,0,0,0,0,0,0,0,0,0,0,0,-1,6,-3,27,-4,27,-5,26,-6,26,-7,26,-8,25,-9,25,-9,25,-10,25,-10,25,-10,25,-10,25,-10,24,-9,23,-8,23,-8,22,-7,21,-7,21,-6,21,-5,21,-4,21,-4,20,-3,20,-3,19,-2,19,-2,19]"
CSI_DATA,35188,d8:b1:90:db:e8:90,-55,11,1,6,0,0,1,0,0,0,0,-95,0,8,0,551435915,0,100,0,128,1,"[100,-64,5,0,16,-7,16,-7,15,-7,15,-8,14,-8,13,-8,13,-9,12,-10,11,-11,11,-11,11,-11,11,-12,11,-13,11,-13,11,-14,11,-13,11,-13,11,-13,11,-13,11,-14,11,-14,11,-13,12,-13,13,-13,14,-13,3,-3,0,0,0,0,0,0,0,0,0,0,0,0,0,0,0,0,0,0,6,-3,26,-11,27,-10,28,-8,28,-7,28,-6,28,-6,28,-5,28,-4,28,-4,28,-3,28,-3,27,-3,27,-2,26,-3,25,-3,25,-4,24,-4,24,-5,24,-5,23,-5,22,-6,21,-6,20,-6,19,-7,19,-7,19,-7]"
CSI_DATA,35189,d8:b1:90:db:e8:90,-55,11,1,6,0,0,1,0,0,0,0,-95,0,8,0,551461163,0,100,0,128,1,"[100,-64,5,0,-3,19,-3,18,-2,18,-1,17,-1,17,0,16,0,16,0,16,1,15,1,15,3,15,3,15,3,15,3,15,3,15,4,16,4,16,3,16,3,16,3,16,3,16,3,16,3,16,2,17,1,17,0,4,0,0,0,0,0,0,0,0,0,0,0,0,0,0,0,0,0,0,-1,7,-2,28,-3,27,-5,28,-6,28,-6,28,-7,29,-7,29,-9,28,-10,27,-10,27,-9,27,-10,27,-10,27,-10,26,-10,24,-9,24,-9,24,-9,24,-7,24,-6,23,-5,23,-5,22,-4,21,-4,21,-3,20,-3,21]"
CSI_DATA,35190,d8:b1:90:db:e8:90,-56,11,1,6,0,0,1,0,0,0,1,-95,0,8,0,551472214,0,100,0,128,1,"[100,-64,5,0,13,-12,13,-12,12,-12,12,-11,12,-11,11,-11,11,-11,11,-11,11,-12,10,-12,10,-12,10,-12,10,-13,10,-13,10,-13,10,-14,10,-14,10,-14,10,-14,10,-14,9,-14,9,-14,10,-14,11,-14,11,-13,3,-4,0,0,0,0,0,0,0,0,0,0,0,0,0,0,0,0,0,0,5,-5,22,-16,22,-15,23,-14,23,-13,24,-12,25,-12,25,-12,26,-12,26,-12,26,-11,26,-11,25,-11,24,-11,24,-11,23,-11,22,-11,21,-11,21,-11,21,-11,20,-12,19,-12,18,-12,17,-12,16,-12,16,-12,16,-13]"
CSI_DATA,35191,d8:b1:90:db:e8:90,-56,11,1,6,0,0,1,0,0,0,1,-95,0,8,0,551484384,0,100,0,128,1,"[100,-64,5,0,-16,10,-16,10,-15,10,-15,10,-14,10,-13,10,-12,11,-12,11,-11,12,-11,12,-10,12,-10,12,-10,12,-10,13,-10,13,-10,14,-10,14,-11,13,-11,13,-11,13,-10,13,-10,13,-11,13,-12,13,-13,13,-4,3,0,0,0,0,0,0,0,0,0,0,0,0,0,0,0,0,0,0,-6,4,-24,15,-25,14,-26,13,-26,12,-27,11,-27,10,-27,9,-27,9,-27,8,-28,8,-27,8,-27,8,-27,7,-26,7,-26,7,-25,8,-25,8,-24,8,-23,7,-22,8,-21,8,-20,9,-20,9,-20,10,-19,10,-18,10]"
CSI_DATA,35192,d8:b1:90:db:e8:90,-55,11,1,6,0,0,1,0,0,0,1,-95,0,8,0,551501348,0,100,0,128,1,"[100,-64,5,0,18,-8,17,-8,16,-9,16,-9,15,-10,14,-10,13,-10,13,-11,12,-12,12,-12,11,-12,11,-12,11,-13,11,-13,11,-13,11,-13,11,-14,12,-13,11,-13,11,-14,11,-13,11,-13,11,-13,12,-13,13,-13,3,-3,0,0,0,0,0,0,0,0,0,0,0,0,0,0,0,0,0,0,6,-3,27,-12,27,-10,28,-9,28,-8,28,-7,29,-6,29,-6,29,-5,29,-5,29,-5,29,-4,28,-4,28,-4,27,-4,27,-4,26,-4,25,-5,24,-5,24,-5,23,-5,22,-6,22,-7,21,-7,21,-7,21,-8,20,-8]"
CSI_DATA,35193,d8:b1:90:db:e8:90,-56,11,1,6,0,0,1,0,0,0,1,-95,0,8,0,551513055,0,100,0,128,1,"[100,-64,5,0,-4,-18,-4,-18,-4,-17,-5,-16,-5,-16,-5,-15,-6,-15,-7,-15,-7,-15,-7,-14,-8,-14,-9,-14,-9,-14,-9,-14,-9,-14,-10,-14,-10,-14,-9,-14,-9,-14,-10,-14,-11,-14,-11,-14,-11,-14,-10,-14,-10,-15,-3,-4,0,0,0,0,0,0,0,0,0,0,0,0,0,0,0,0,0,0,-1,-7,-3,-27,-1,-27,1,-27,2,-27,2,-27,3,-28,4,-28,4,-28,5,-28,5,-28,4,-27,4,-27,4,-26,4,-26,3,-25,3,-24,2,-24,2,-23,1,-23,0,-22,0,-22,-1,-21,-2,-21,-2,-20,-2,-20,-3,-20]"
CSI_DATA,35194,d8:b1:90:db:e8:90,-57,11,1,6,0,0,1,0,0,0,1,-95,0,8,0,551548575,0,100,0,128,1,"[100,-64,5,0,17,-3,14,-4,14,-7,16,-7,13,-6,11,-8,12,-11,13,-10,10,-11,9,-13,11,-13,9,-11,7,-13,8,-15,9,-14,6,-14,4,-17,6,-18,6,-16,3,-16,3,-18,4,-17,2,-16,1,-18,3,-20,1,-5,0,0,0,0,0,0,0,0,0,0,0,0,0,0,0,0,0,0,5,3,20,13,20,13,21,15,20,16,19,15,21,14,21,15,20,16,20,14,22,14,21,14,20,12,21,11,21,12,20,11,19,8,21,6,21,7,19,5,19,2,21,2,20,3,18,0,19,-2,20,0,17,0]"
CSI_DATA,35195,d8:b1:90:db:e8:90,-55,11,1,6,0,0,1,0,0,0,1,-95,0,8,0,551563109,0,100,0,128,1,"[100,-64,5,0,13,13,13,12,13,12,13,12,13,12,13,11,13,10,13,10,13,9,13,9,13,9,14,9,15,9,15,8,15,8,15,8,15,8,15,8,15,8,15,8,15,8,15,8,15,8,15,9,15,9,3,2,0,0,0,0,0,0,0,0,0,0,0,0,0,0,0,0,0,0,4,5,19,22,17,22,15,22,14,22,14,23,14,23,13,23,13,23,13,23,13,23,13,24,13,23,13,23,12,23,12,23,12,22,12,22,12,20,12,19,12,18,12,17,12,17,12,17,13,16,13,16,13,15]"
CSI_DATA,35196,d8:b1:90:db:e8:90,-56,11,1,6,0,0,1,0,0,0,1,-95,0,8,0,551574239,0,100,0,128,1,"[100,-64,5,0,8,-18,7,-18,7,-18,6,-18,5,-17,5,-17,4,-17,4,-18,4,-18,3,-18,2,-18,2,-18,2,-19,2,-19,2,-19,2,-19,2,-19,2,-19,2,-19,2,-19,2,-19,1,-19,2,-19,3,-19,3,-19,0,-5,0,0,0,0,0,0,0,0,0,0,0,0,0,0,0,0,0,0,2,-6,12,-23,13,-23,14,-22,15,-22,16,-22,16,-21,17,-21,17,-21,18,-21,18,-21,18,-21,18,-21,17,-20,17,-20,17,-19,16,-18,15,-18,15,-18,14,-18,13,-18,12,-18,12,-18,11,-19,11,-19,10,-19,10,-19]"
CSI_DATA,35197,d8:b1:90:db:e8:90,-56,11,1,6,0,0,1,0,0,0,1,-95,0,8,0,551585580,0,100,0,128,1,"[100,-64,5,0,-19,6,-18,6,-18,7,-18,7,-17,7,-17,7,-16,8,-16,8,-16,8,-15,8,-14,9,-14,10,-14,10,-14,11,-14,11,-14,11,-15,12,-15,12,-15,12,-14,11,-14,11,-14,11,-15,11,-16,11,-17,10,-5,2,0,0,0,0,0,0,0,0,0,0,0,0,0,0,0,0,0,0,-7,2,-25,10,-26,9,-26,8,-26,7,-27,6,-27,6,-27,6,-27,6,-28,5,-28,4,-27,3,-27,3,-26,3,-26,3,-25,3,-24,3,-23,3,-23,4,-23,4,-23,5,-22,5,-21,6,-21,6,-20,6,-20,6,-19,6]"
CSI_DATA,35198,d8:b1:90:db:e8:90,-56,11,1,6,0,0,1,0,0,0,1,-95,0,8,0,551596386,0,100,0,128,1,"[100,-64,5,0,10,15,10,14,10,14,11,14,11,14,11,13,11,13,11,12,11,11,11,11,12,11,13,10,14,10,14,10,14,10,15,10,15,10,15,9,14,9,15,9,15,10,15,10,15,10,15,11,15,12,3,3,0,0,0,0,0,0,0,0,0,0,0,0,0,0,0,0,0,0,4,5,16,21,15,22,14,22,13,22,12,23,12,23,12,24,12,24,12,24,11,24,10,23,10,23,10,23,9,22,9,21,9,21,9,20,9,19,10,19,10,19,11,18,11,17,11,17,11,16,11,16,11,15]"
CSI_DATA,35199,d8:b1:90:db:e8:90,-56,11,1,6,0,0,1,0,0,0,1,-95,0,8,0,551608163,0,100,0,128,1,"[100,-64,5,0,5,-18,4,-18,4,-18,4,-17,3,-17,2,-17,2,-17,2,-17,2,-17,2,-17,1,-18,0,-18,0,-18,0,-18,0,-18,-1,-19,0,-19,0,-19,0,-19,0,-19,-1,-19,0,-19,0,-19,1,-19,2,-20,0,-5,0,0,0,0,0,0,0,0,0,0,0,0,0,0,0,0,0,0,1,-7,7,-26,8,-25,9,-25,10,-24,11,-24,11,-24,12,-23,12,-23,13,-23,13,-23,13,-23,12,-23,12,-22,12,-22,11,-21,11,-21,10,-20,10,-20,9,-20,9,-20,8,-19,8,-19,7,-19,7,-19,7,-19,6,-19]"
CSI_DATA,35200,d8:b1:90:db:e8:90,-57,11,1,6,0,0,1,0,0,0,1,-95,0,8,0,551618643,0,100,0,128,1,"[100,-64,5,0,-18,5,-18,5,-17,5,-17,5,-16,5,-16,6,-15,6,-15,7,-15,7,-15,7,-15,7,-15,8,-15,8,-15,9,-15,9,-15,9,-15,9,-16,9,-16,9,-16,9,-16,8,-16,8,-16,8,-17,8,-18,7,-5,1,0,0,0,0,0,0,0,0,0,0,0,0,0,0,0,0,0,0,-7,1,-26,7,-26,6,-26,4,-26,3,-26,3,-27,2,-26,1,-26,1,-26,0,-26,0,-26,0,-26,0,-25,0,-25,1,-24,1,-24,1,-23,2,-23,2,-22,2,-22,2,-21,3,-21,3,-21,4,-20,4,-20,4,-19,4]"
CSI_DATA,35201,d8:b1:90:db:e8:90,-56,11,1,6,0,0,1,0,0,0,1,-95,0,8,0,551629559,0,100,0,128,1,"[100,-64,5,0,6,16,6,15,7,15,7,15,8,15,8,14,8,13,9,13,9,12,9,12,10,13,11,13,11,13,11,13,11,13,11,14,11,14,11,13,11,14,11,14,12,15,11,15,11,15,11,15,10,16,2,4,0,0,0,0,0,0,0,0,0,0,0,0,0,0,0,0,0,0,1,6,7,24,5,24,4,25,3,25,2,25,2,25,1,26,1,26,1,26,0,26,0,26,0,25,1,24,1,24,1,23,1,22,1,22,2,21,2,20,3,19,4,19,4,18,4,18,5,17,5,17,6,17]"
CSI_DATA,35202,d8:b1:90:db:e8:90,-56,11,1,6,0,0,1,0,0,0,1,-95,0,8,0,551653445,0,100,0,128,1,"[100,-64,5,0,-16,-9,-16,-9,-16,-8,-15,-9,-15,-8,-15,-8,-15,-8,-15,-7,-15,-7,-16,-6,-17,-6,-17,-6,-17,-6,-18,-5,-18,-5,-18,-5,-18,-5,-18,-5,-18,-5,-18,-5,-19,-6,-19,-6,-18,-6,-18,-6,-18,-6,-5,-2,0,0,0,0,0,0,0,0,0,0,0,0,0,0,0,0,0,0,-6,-4,-22,-17,-21,-18,-20,-19,-20,-20,-19,-20,-19,-21,-18,-21,-17,-21,-17,-21,-17,-21,-17,-21,-17,-21,-16,-21,-16,-20,-16,-20,-16,-19,-16,-18,-16,-17,-16,-17,-16,-16,-16,-15,-16,-14,-16,-13,-16,-12,-16,-12,-16,-11]"
CSI_DATA,35203,d8:b1:90:db:e8:90,-57,11,1,6,0,0,1,0,0,0,1,-95,0,8,0,551667712,0,100,0,128,1,"[100,-64,5,0,-11,14,-10,14,-10,14,-9,13,-9,13,-9,13,-8,14,-9,15,-9,15,-8,15,-8,15,-7,16,-7,17,-8,17,-8,17,-7,18,-7,18,-8,18,-8,18,-8,18,-8,18,-8,18,-8,18,-9,17,-9,17,-3,4,0,0,0,0,0,0,0,0,0,0,0,0,0,0,0,0,0,0,-6,5,-22,19,-23,18,-24,16,-24,15,-25,15,-25,15,-24,14,-23,13,-24,12,-24,13,-24,14,-24,13,-24,12,-22,12,-21,13,-21,13,-21,12,-20,12,-19,13,-18,13,-17,14,-16,14,-15,14,-14,14,-14,14,-13,14]"
CSI_DATA,35204,d8:b1:90:db:e8:90,-56,11,1,6,0,0,1,0,0,0,1,-95,0,8,0,551682632,0,100,0,128,1,"[100,-64,5,0,14,12,13,11,13,10,14,9,14,9,13,9,14,8,14,7,14,6,14,6,15,7,15,7,15,7,15,6,15,7,16,7,16,7,16,7,15,7,15,8,15,8,15,9,15,9,15,10,15,11,3,2,0,0,0,0,0,0,0,0,0,0,0,0,0,0,0,0,0,0,5,4,20,18,19,19,18,20,17,21,16,22,16,22,16,22,16,23,15,23,15,23,15,23,15,23,14,23,14,22,14,22,13,21,13,20,13,19,13,18,13,17,13,16,14,16,14,15,15,15,15,14,15,13]"
CSI_DATA,35205,d8:b1:90:db:e8:90,-56,11,1,6,0,0,1,0,0,0,1,-95,0,8,0,551695027,0,100,0,128,1,"[100,-64,5,0,8,-16,7,-16,7,-16,6,-16,6,-16,5,-16,4,-16,4,-16,4,-16,4,-16,3,-17,3,-17,3,-17,4,-17,4,-18,3,-18,4,-19,4,-18,4,-18,4,-19,4,-19,4,-19,5,-19,6,-19,7,-19,2,-5,0,0,0,0,0,0,0,0,0,0,0,0,0,0,0,0,0,0,3,-6,16,-21,17,-20,18,-19,18,-18,19,-18,19,-18,20,-18,20,-18,20,-17,20,-17,20,-16,19,-16,19,-16,19,-16,18,-16,18,-15,17,-16,16,-16,15,-16,14,-16,13,-16,13,-16,11,-16,11,-16,10,-16,10,-16]"
CSI_DATA,35206,d8:b1:90:db:e8:90,-57,11,1,6,0,0,1,0,0,0,1,-95,0,8,0,551709112,0,100,0,128,1,"[100,-64,5,0,-18,4,-18,4,-17,5,-16,5,-16,5,-16,5,-15,6,-15,6,-15,7,-15,7,-15,7,-15,8,-16,8,-23,9,-29,11,-23,10,-17,9,-17,8,-17,8,-18,8,-17,7,-17,7,-18,7,-19,6,-20,5,-5,1,0,0,0,0,0,0,0,0,0,0,0,0,0,0,0,0,0,0,-7,1,-27,5,-26,3,-27,1,-27,0,-27,-1,-27,-1,-27,-1,-27,-1,-27,-2,-27,-2,-26,-2,-26,-2,-26,-2,-25,-3,-25,-3,-25,-2,-24,-2,-24,-1,-23,-1,-22,0,-22,1,-21,1,-20,2,-19,2,-19,3,-20,3]"
CSI_DATA,35207,d8:b1:90:db:e8:90,-55,11,1,6,0,0,1,0,0,0,1,-95,0,8,0,551722509,0,100,0,128,1,"[100,-64,5,0,19,3,18,3,18,2,18,2,18,1,17,0,17,-1,16,-2,16,-2,16,-3,16,-2,17,-3,17,-3,17,-4,17,-4,17,-4,18,-4,18,-4,18,-4,18,-4,18,-3,17,-2,18,-2,19,-1,19,-1,5,-1,0,0,0,0,0,0,0,0,0,0,0,0,0,0,0,0,0,0,6,1,27,5,26,6,26,8,26,9,26,10,26,10,26,11,26,11,26,12,26,12,26,12,25,12,25,12,24,12,24,11,23,10,23,10,23,10,23,9,23,8,22,7,22,6,21,5,20,5,20,5,20,4]"
CSI_DATA,35208,d8:b1:90:db:e8:90,-56,11,1,6,0,0,1,0,0,0,1,-95,0,8,0,551745376,0,100,0,128,1,"[100,-64,5,0,-3,18,-3,18,-1,17,0,17,1,16,2,16,2,15,3,15,3,15,4,15,5,15,6,15,6,15,6,15,6,15,6,16,6,16,5,16,5,16,5,17,5,17,5,17,4,17,3,18,2,19,0,4,0,0,0,0,0,0,0,0,0,0,0,0,0,0,0,0,0,0,-2,6,-6,26,-7,26,-8,26,-9,25,-10,25,-11,26,-11,25,-12,25,-12,25,-13,25,-13,25,-13,24,-13,24,-13,24,-13,23,-12,23,-12,22,-11,22,-10,21,-9,21,-8,21,-7,21,-6,21,-6,20,-5,20,-5,20]"
CSI_DATA,35209,d8:b1:90:db:e8:90,-55,11,1,6,0,0,1,0,0,0,1,-95,0,8,0,551756692,0,100,0,128,1,"[100,-64,5,0,12,15,12,14,12,13,12,12,12,11,12,10,12,10,12,9,12,8,12,8,13,8,14,8,14,8,14,7,14,7,15,8,15,8,15,8,15,8,15,8,15,9,15,9,14,10,14,10,14,11,3,2,0,0,0,0,0,0,0,0,0,0,0,0,0,0,0,0,0,0,4,5,16,21,15,22,14,22,13,23,12,23,12,24,12,25,12,25,12,25,11,26,10,26,10,25,10,25,10,25,10,24,10,23,10,23,10,22,11,22,11,21,11,21,12,20,12,18,11,18,11,17,12,17]"
CSI_DATA,35210,d8:b1:90:db:e8:90,-56,11,1,6,0,0,1,0,0,0,1,-95,0,8,0,551772961,0,100,0,128,1,"[100,-64,5,0,-14,11,-14,11,-13,11,-12,11,-12,11,-11,11,-10,12,-10,12,-10,12,-9,12,-9,12,-8,13,-8,14,-9,14,-9,14,-9,15,-9,15,-10,15,-10,15,-10,15,-10,14,-10,14,-11,14,-12,14,-13,14,-4,3,0,0,0,0,0,0,0,0,0,0,0,0,0,0,0,0,0,0,-5,4,-20,16,-21,15,-22,14,-23,13,-24,13,-24,13,-24,12,-25,12,-25,12,-25,11,-25,11,-25,11,-25,10,-25,10,-24,10,-24,10,-23,11,-22,11,-21,11,-20,11,-20,12,-19,12,-18,12,-17,12,-17,12,-16,11]"
CSI_DATA,35211,d8:b1:90:db:e8:90,-55,11,1,6,0,0,1,0,0,0,1,-95,0,8,0,551783139,0,100,0,128,1,"[100,-64,5,0,-10,-17,-11,-17,-11,-16,-12,-15,-12,-15,-12,-14,-12,-13,-12,-13,-12,-12,-12,-12,-13,-12,-14,-12,-14,-11,-14,-10,-14,-11,-14,-11,-14,-11,-14,-11,-14,-11,-14,-11,-14,-12,-14,-13,-14,-13,-13,-13,-13,-14,-3,-4,0,0,0,0,0,0,0,0,0,0,0,0,0,0,0,0,0,0,-4,-6,-14,-24,-13,-25,-12,-25,-11,-26,-10,-27,-10,-27,-10,-28,-9,-28,-9,-28,-8,-29,-7,-29,-7,-29,-7,-28,-7,-28,-7,-28,-7,-27,-7,-26,-8,-26,-9,-25,-9,-24,-10,-24,-10,-23,-10,-22,-10,-21,-10,-20,-10,-19]"
CSI_DATA,35212,d8:b1:90:db:e8:90,-57,11,1,6,0,0,1,0,0,0,1,-95,0,8,0,551795939,0,100,0,128,1,"[100,-64,5,0,-6,-18,-6,-18,-7,-17,-7,-16,-8,-15,-8,-15,-9,-14,-9,-13,-9,-13,-10,-13,-10,-13,-11,-13,-11,-12,-11,-12,-12,-12,-12,-13,-12,-13,-12,-13,-12,-13,-12,-13,-12,-14,-12,-15,-12,-15,-11,-15,-10,-15,-3,-4,0,0,0,0,0,0,0,0,0,0,0,0,0,0,0,0,0,0,-3,-6,-8,-25,-7,-25,-5,-25,-4,-26,-3,-26,-3,-27,-2,-27,-2,-27,-1,-28,-1,-27,0,-27,0,-27,0,-26,0,-26,0,-26,-1,-25,-1,-24,-2,-24,-2,-23,-2,-22,-3,-22,-3,-22,-4,-21,-4,-20,-4,-20,-5,-20]"
CSI_DATA,35213,d8:b1:90:db:e8:90,-56,11,1,6,0,0,1,0,0,0,1,-95,0,8,0,551807810,0,100,0,128,1,"[100,-64,5,0,18,-5,17,-6,16,-6,15,-7,15,-7,14,-7,13,-8,12,-10,12,-11,11,-11,11,-11,11,-11,11,-12,11,-12,11,-12,11,-12,12,-13,12,-12,12,-12,12,-12,12,-12,12,-12,13,-12,13,-11,14,-11,3,-3,0,0,0,0,0,0,0,0,0,0,0,0,0,0,0,0,0,0,6,-2,24,-7,24,-5,25,-4,26,-3,26,-2,26,-1,26,-1,26,-1,26,0,26,1,26,1,25,1,25,1,25,1,25,1,24,0,24,0,23,0,22,-1,22,-1,21,-1,21,-2,20,-3,20,-3,20,-4,20,-5]"
CSI_DATA,35214,d8:b1:90:db:e8:90,-55,11,1,6,0,0,1,0,0,0,1,-95,0,8,0,551818691,0,100,0,128,1,"[100,-64,5,0,-2,-21,-2,-20,-2,-19,-3,-19,-4,-18,-4,-17,-5,-17,-5,-16,-5,-16,-6,-16,-7,-15,-8,-15,-9,-15,-8,-14,-9,-14,-9,-14,-10,-14,-9,-14,-9,-14,-9,-14,-10,-15,-10,-15,-9,-15,-9,-15,-9,-15,-3,-4,0,0,0,0,0,0,0,0,0,0,0,0,0,0,0,0,0,0,-2,-7,-4,-26,-2,-27,-1,-27,-1,-26,0,-26,0,-27,-1,-27,0,-27,1,-27,2,-26,3,-27,3,-27,4,-28,4,-27,4,-26,4,-25,3,-24,2,-24,1,-24,1,-24,0,-23,0,-23,0,-23,0,-23,0,-22,0,-22]"
CSI_DATA,35215,d8:b1:90:db:e8:90,-57,11,1,6,0,0,1,0,0,0,1,-95,0,8,0,551828703,0,100,0,128,1,"[100,-64,5,0,-21,4,-20,4,-20,4,-19,5,-19,5,-18,5,-17,6,-16,7,-16,8,-15,8,-14,9,-14,10,-14,11,-14,11,-14,12,-13,12,-13,13,-14,12,-13,12,-13,13,-13,12,-13,12,-13,12,-14,13,-14,12,-4,3,0,0,0,0,0,0,0,0,0,0,0,0,0,0,0,0,0,0,-7,2,-27,8,-27,6,-27,5,-28,4,-28,3,-28,3,-27,2,-27,2,-27,2,-28,1,-28,0,-28,0,-28,0,-27,0,-27,0,-26,0,-25,0,-25,1,-25,1,-24,2,-24,2,-23,3,-23,2,-23,2,-23,3,-23,3]"
CSI_DATA,35216,d8:b1:90:db:e8:90,-57,11,1,6,0,0,1,0,0,0,1,-95,0,8,0,551848796,0,100,0,128,1,"[100,-64,5,0,-5,-21,-5,-20,-5,-20,-6,-19,-6,-19,-6,-19,-6,-19,-7,-18,-7,-18,-8,-18,-8,-18,-9,-18,-10,-18,-9,-18,-9,-18,-10,-18,-10,-17,-10,-17,-9,-17,-10,-17,-10,-17,-10,-18,-9,-18,-9,-18,-9,-18,-2,-5,0,0,0,0,0,0,0,0,0,0,0,0,0,0,0,0,0,0,-3,-6,-9,-25,-8,-25,-7,-26,-6,-26,-5,-27,-4,-27,-4,-27,-4,-27,-3,-27,-3,-27,-3,-27,-2,-26,-2,-26,-2,-26,-2,-26,-2,-26,-2,-25,-2,-25,-3,-24,-3,-23,-4,-23,-4,-22,-4,-22,-5,-22,-4,-22,-4,-22]"
CSI_DATA,35217,d8:b1:90:db:e8:90,-57,11,1,6,0,0,1,0,0,0,1,-95,0,8,0,551861214,0,100,0,128,1,"[100,-64,5,0,13,13,13,12,13,11,13,11,13,11,13,10,14,10,14,9,14,8,14,8,14,8,15,8,15,8,15,7,15,7,15,6,15,6,15,5,15,5,15,6,15,6,15,7,15,7,15,7,15,7,3,2,0,0,0,0,0,0,0,0,0,0,0,0,0,0,0,0,0,0,4,3,17,14,17,15,16,16,15,16,15,17,15,17,15,18,14,18,14,19,13,19,13,18,13,18,13,18,13,18,13,18,13,17,13,17,13,16,13,16,13,15,13,15,13,15,13,14,13,14,14,14,14,13]"
CSI_DATA,35218,d8:b1:90:db:e8:90,-57,11,1,6,0,0,1,0,0,0,1,-95,0,8,0,551877855,0,100,0,128,1,"[100,-64,5,0,-16,-9,-16,-9,-16,-8,-16,-8,-16,-7,-16,-7,-16,-7,-17,-6,-17,-5,-17,-5,-18,-5,-18,-5,-18,-4,-18,-4,-18,-4,-18,-4,-18,-4,-18,-4,-18,-4,-19,-4,-19,-5,-19,-5,-19,-5,-19,-6,-18,-6,-5,-2,0,0,0,0,0,0,0,0,0,0,0,0,0,0,0,0,0,0,-5,-3,-20,-13,-19,-14,-18,-15,-17,-16,-17,-16,-17,-17,-17,-17,-17,-18,-16,-18,-16,-18,-16,-17,-15,-17,-15,-16,-15,-16,-15,-16,-15,-15,-15,-14,-15,-14,-15,-14,-15,-13,-15,-13,-15,-12,-15,-11,-16,-10,-16,-10,-16,-10]"
CSI_DATA,35219,d8:b1:90:db:e8:90,-57,11,1,6,0,0,1,0,0,0,1,-95,0,8,0,551899345,0,100,0,128,1,"[100,-64,5,0,-15,-10,-15,-9,-15,-9,-15,-9,-15,-8,-15,-8,-15,-8,-16,-7,-16,-7,-16,-7,-16,-7,-17,-7,-17,-7,-17,-6,-17,-7,-17,-7,-17,-7,-17,-6,-17,-6,-17,-7,-17,-7,-17,-8,-17,-8,-17,-8,-17,-9,-5,-3,0,0,0,0,0,0,0,0,0,0,0,0,0,0,0,0,0,0,-5,-4,-20,-14,-19,-15,-18,-16,-17,-17,-17,-17,-17,-18,-17,-19,-17,-19,-17,-19,-16,-19,-15,-18,-15,-18,-15,-18,-15,-17,-15,-16,-15,-16,-15,-15,-15,-14,-15,-14,-15,-13,-15,-12,-15,-12,-15,-11,-15,-11,-15,-10,-15,-10]"
CSI_DATA,35220,d8:b1:90:db:e8:90,-57,11,1,6,0,0,1,0,0,0,1,-95,0,8,0,551917194,0,100,0,128,1,"[100,-64,5,0,-15,-8,-15,-8,-15,-7,-15,-7,-15,-7,-15,-7,-15,-7,-15,-7,-15,-7,-16,-7,-16,-7,-17,-7,-17,-7,-17,-7,-18,-7,-18,-7,-18,-7,-18,-7,-18,-7,-18,-8,-19,-9,-18,-9,-18,-9,-18,-10,-18,-11,-5,-3,0,0,0,0,0,0,0,0,0,0,0,0,0,0,0,0,0,0,-6,-5,-21,-18,-19,-19,-18,-19,-18,-20,-18,-20,-18,-20,-17,-20,-17,-20,-17,-20,-17,-20,-17,-20,-16,-19,-16,-18,-16,-18,-16,-17,-16,-16,-16,-15,-16,-14,-15,-13,-15,-12,-15,-12,-15,-11,-16,-10,-16,-9,-15,-9,-15,-8]"
CSI_DATA,35221,d8:b1:90:db:e8:90,-56,11,1,6,0,0,1,0,0,0,1,-95,0,8,0,551944719,0,100,0,128,1,"[100,-64,5,0,15,9,15,8,15,7,14,7,14,6,14,6,14,5,14,5,14,4,14,4,14,5,14,5,14,5,14,5,15,6,15,6,15,6,15,6,15,6,15,7,15,8,15,9,15,9,15,10,14,10,3,2,0,0,0,0,0,0,0,0,0,0,0,0,0,0,0,0,0,0,5,4,20,19,19,20,18,20,17,21,17,21,16,22,15,23,15,23,14,24,14,24,14,24,14,23,14,23,14,22,14,21,14,20,14,19,15,18,15,18,15,17,15,16,15,15,15,13,15,13,16,12,16,10]"
CSI_DATA,35222,d8:b1:90:db:e8:90,-54,11,1,6,0,0,1,0,0,0,1,-95,0,8,0,551958675,0,100,0,128,1,"[100,-64,5,0,5,18,6,17,6,17,7,16,8,16,9,15,9,14,9,14,9,13,9,13,10,13,10,13,11,13,11,13,11,13,11,13,11,12,10,12,10,12,10,12,10,13,10,13,10,13,9,14,9,14,2,3,0,0,0,0,0,0,0,0,0,0,0,0,0,0,0,0,0,0,2,6,8,26,7,26,5,26,4,26,3,26,3,27,2,27,1,26,0,26,1,26,2,26,1,27,0,26,0,25,0,25,1,26,1,26,1,25,2,25,3,24,3,24,4,23,4,22,5,21,5,21,5,21]"
CSI_DATA,35223,d8:b1:90:db:e8:90,-54,11,1,6,0,0,1,0,0,0,1,-95,0,8,0,551971173,0,100,0,128,1,"[100,-64,5,0,8,-23,7,-23,8,-23,7,-23,7,-22,7,-21,6,-20,6,-19,4,-19,2,-18,0,-18,-1,-19,-2,-20,-1,-20,-1,-21,0,-22,1,-22,2,-22,2,-21,2,-19,2,-18,1,-18,0,-18,0,-18,0,-19,0,-5,0,0,0,0,0,0,0,0,0,0,0,0,0,0,0,0,0,0,2,-7,11,-28,13,-27,14,-26,15,-26,16,-25,16,-25,16,-26,17,-26,17,-26,18,-25,19,-24,19,-24,18,-23,18,-23,17,-23,17,-24,16,-24,16,-25,15,-25,15,-25,15,-24,15,-24,14,-23,13,-22,11,-21,10,-22]"
CSI_DATA,35224,d8:b1:90:db:e8:90,-53,11,1,6,0,0,1,0,0,0,1,-95,0,8,0,551981629,0,100,0,128,1,"[100,-64,5,0,11,-20,10,-20,9,-20,8,-20,7,-19,6,-19,5,-19,5,-19,5,-20,4,-20,3,-19,2,-19,1,-19,2,-19,1,-19,1,-19,1,-19,1,-18,1,-18,1,-18,1,-18,1,-18,2,-18,2,-17,3,-17,0,-5,0,0,0,0,0,0,0,0,0,0,0,0,0,0,0,0,0,0,2,-7,8,-26,9,-25,10,-25,11,-24,13,-24,14,-24,14,-24,15,-24,15,-24,16,-23,17,-23,17,-22,17,-22,17,-22,17,-22,17,-21,16,-22,16,-22,15,-21,14,-21,14,-21,13,-21,13,-22,12,-21,12,-21,12,-22]"
CSI_DATA,35225,d8:b1:90:db:e8:90,-54,11,1,6,0,0,1,0,0,0,1,-95,0,8,0,551996933,0,100,0,128,1,"[100,-64,5,0,-14,21,-14,21,-13,21,-12,20,-11,20,-11,20,-10,20,-9,19,-9,19,-8,19,-7,19,-5,20,-5,20,-5,20,-5,19,-5,20,-6,20,-6,19,-6,18,-5,18,-4,18,-4,18,-4,17,-4,17,-5,17,-2,4,0,0,0,0,0,0,0,0,0,0,0,0,0,0,0,0,0,0,-2,6,-8,26,-9,25,-10,25,-11,25,-12,25,-14,25,-15,24,-16,24,-16,24,-17,24,-17,23,-17,23,-17,23,-17,23,-17,24,-17,24,-17,24,-17,23,-17,22,-16,22,-16,22,-16,22,-15,22,-14,22,-14,23,-13,23]"
CSI_DATA,35226,d8:b1:90:db:e8:90,-57,11,1,6,0,0,1,0,0,0,1,-95,0,8,0,552016370,0,100,0,128,1,"[100,-64,5,0,-7,17,-7,17,-7,17,-6,17,-6,17,-5,17,-5,17,-4,17,-4,17,-4,17,-3,17,-2,17,-2,17,-2,17,-3,17,-3,18,-3,18,-4,17,-3,17,-3,17,-2,17,-2,17,-3,17,-3,17,-4,17,-1,4,0,0,0,0,0,0,0,0,0,0,0,0,0,0,0,0,0,0,-2,5,-7,21,-8,20,-9,19,-9,20,-10,20,-11,20,-12,20,-11,20,-11,20,-12,20,-12,20,-12,20,-12,19,-11,19,-11,19,-11,18,-11,18,-10,18,-10,18,-9,18,-9,18,-8,17,-8,17,-8,17,-8,17,-8,18]"
CSI_DATA,35227,d8:b1:90:db:e8:90,-57,11,1,6,0,0,1,0,0,0,1,-95,0,8,0,552026471,0,100,0,128,1,"[100,-64,5,0,-19,3,-19,3,-18,3,-18,3,-18,4,-18,4,-17,4,-18,5,-18,6,-18,7,-17,7,-17,7,-17,7,-17,8,-17,7,-18,7,-18,7,-18,7,-18,7,-18,8,-18,7,-17,7,-18,7,-18,7,-19,7,-5,1,0,0,0,0,0,0,0,0,0,0,0,0,0,0,0,0,0,0,-6,1,-25,6,-25,5,-25,4,-25,3,-26,2,-26,2,-26,2,-26,2,-26,1,-26,1,-26,1,-26,1,-25,1,-24,1,-24,1,-23,1,-23,1,-22,2,-22,2,-21,2,-21,3,-20,3,-20,3,-19,3,-19,4,-19,4]"
CSI_DATA,35228,d8:b1:90:db:e8:90,-59,11,1,6,0,0,1,0,0,0,1,-95,0,8,0,552052836,0,100,0,128,1,"[100,-64,5,0,-14,-7,-13,-7,-13,-7,-13,-7,-13,-7,-13,-7,-13,-7,-14,-8,-14,-8,-14,-9,-14,-9,-15,-10,-15,-9,-15,-9,-15,-9,-15,-9,-15,-9,-15,-9,-15,-10,-16,-11,-16,-12,-15,-12,-16,-13,-16,-13,-16,-14,-4,-4,0,0,0,0,0,0,0,0,0,0,0,0,0,0,0,0,0,0,-6,-5,-21,-21,-20,-21,-19,-21,-19,-21,-18,-21,-18,-21,-18,-21,-19,-20,-19,-20,-18,-21,-18,-21,-18,-20,-18,-19,-17,-19,-17,-17,-17,-16,-17,-14,-17,-14,-17,-13,-16,-12,-16,-11,-15,-10,-15,-10,-15,-9,-15,-8,-15,-8]"
CSI_DATA,35229,d8:b1:90:db:e8:90,-57,11,1,6,0,0,1,0,0,0,1,-95,0,8,0,552065545,0,100,0,128,1,"[100,-64,5,0,14,6,13,6,13,5,14,5,14,5,13,5,14,5,14,5,14,5,14,5,15,6,15,6,16,6,16,6,16,6,16,7,16,7,16,7,16,7,16,8,17,9,17,10,17,10,17,11,16,11,4,3,0,0,0,0,0,0,0,0,0,0,0,0,0,0,0,0,0,0,5,5,20,20,19,21,18,22,17,22,17,23,17,23,16,22,16,22,16,22,16,22,16,23,16,23,16,22,15,21,15,20,15,18,15,17,15,16,15,15,15,14,15,12,15,12,15,11,15,10,15,9,15,8]"
CSI_DATA,35230,d8:b1:90:db:e8:90,-57,11,1,6,0,0,1,0,0,0,1,-95,0,8,0,552079978,0,100,0,128,1,"[100,-64,5,0,-13,10,-13,10,-12,10,-11,10,-11,10,-10,10,-10,10,-10,11,-9,11,-9,11,-9,11,-9,11,-9,12,-10,12,-10,12,-10,13,-10,13,-11,13,-11,12,-11,13,-11,13,-11,13,-12,13,-13,13,-14,12,-4,3,0,0,0,0,0,0,0,0,0,0,0,0,0,0,0,0,0,0,-7,3,-25,12,-25,10,-26,9,-27,8,-27,7,-27,7,-27,7,-27,7,-27,6,-27,6,-26,6,-26,6,-25,6,-24,6,-24,6,-23,6,-22,6,-22,7,-21,7,-20,8,-19,8,-18,8,-17,9,-17,9,-16,9,-15,10]"
CSI_DATA,35231,d8:b1:90:db:e8:90,-56,11,1,6,0,0,1,0,0,0,1,-95,0,8,0,552091016,0,100,0,128,1,"[100,-64,5,0,-18,-4,-17,-3,-17,-3,-17,-3,-16,-3,-16,-2,-16,-1,-16,-1,-16,0,-16,0,-16,0,-17,0,-17,0,-17,1,-17,1,-17,1,-18,1,-18,1,-18,1,-19,1,-19,0,-19,0,-19,-1,-19,-1,-20,-2,-5,-1,0,0,0,0,0,0,0,0,0,0,0,0,0,0,0,0,0,0,-7,-3,-26,-10,-25,-11,-24,-12,-24,-13,-24,-14,-24,-15,-24,-15,-24,-15,-24,-16,-23,-15,-23,-15,-22,-15,-22,-15,-21,-14,-21,-14,-20,-13,-20,-12,-20,-12,-20,-11,-20,-10,-20,-9,-19,-8,-19,-7,-19,-7,-18,-6,-18,-5]"
CSI_DATA,35232,d8:b1:90:db:e8:90,-54,11,1,6,0,0,1,0,0,0,1,-95,0,8,0,552104953,0,100,0,128,1,"[100,-64,5,0,17,9,17,8,17,7,17,7,17,6,17,6,17,4,17,2,16,1,16,1,17,1,17,1,17,1,18,0,18,1,18,1,18,1,18,0,18,1,18,1,18,2,17,2,17,3,18,3,18,4,4,1,0,0,0,0,0,0,0,0,0,0,0,0,0,0,0,0,0,0,6,2,26,11,25,12,25,14,24,15,24,16,23,16,23,17,22,17,22,18,22,18,22,19,22,19,22,19,21,18,21,17,20,17,20,16,20,16,20,15,20,15,20,14,19,13,19,12,19,11,19,10,19,9]"
CSI_DATA,35233,d8:b1:90:db:e8:90,-54,11,1,6,0,0,1,0,0,0,1,-95,0,8,0,552117000,0,100,0,128,1,"[100,-64,5,0,12,19,12,18,12,17,12,16,13,15,13,14,13,14,12,13,12,12,13,12,13,12,14,12,14,12,14,11,14,11,14,11,14,11,14,11,14,11,14,11,14,12,14,12,13,12,13,12,12,12,3,3,0,0,0,0,0,0,0,0,0,0,0,0,0,0,0,0,0,0,3,5,15,24,14,25,13,26,12,27,11,28,10,28,10,28,9,28,9,28,8,28,8,29,8,29,8,29,7,28,7,28,7,28,7,27,7,26,8,25,9,24,9,23,10,23,10,22,10,22,11,21,11,20]"
CSI_DATA,35234,d8:b1:90:db:e8:90,-54,11,1,7,0,0,1,0,0,0,1,-95,0,8,0,552130628,0,100,0,128,1,"[100,-64,5,0,13,13,14,12,14,11,14,10,14,9,15,9,15,8,15,7,15,6,15,6,15,5,16,5,16,4,17,3,17,3,17,2,17,2,17,1,17,1,17,1,17,1,17,1,17,1,17,1,16,1,4,0,0,0,0,0,0,0,0,0,0,0,0,0,0,0,0,0,0,0,1,6,6,25,8,26,9,29,2,29,0,21,6,17,8,21,6,23,5,25,5,26,5,26,6,25,5,25,6,24,6,24,7,24,8,23,8,22,8,21,9,19,10,19,10,18,11,18,12,17,12,16,12,15]"
CSI_DATA,35235,d8:b1:90:db:e8:90,-54,11,1,7,0,0,1,0,0,0,1,-95,0,8,0,552150304,0,100,0,128,1,"[100,-64,5,0,17,-13,16,-13,16,-14,16,-14,15,-14,14,-14,13,-15,13,-16,12,-16,12,-16,11,-16,11,-16,11,-16,12,-16,12,-16,11,-16,11,-17,11,-16,11,-16,11,-17,10,-17,10,-16,10,-15,10,-13,10,-12,2,-3,0,0,0,0,0,0,0,0,0,0,0,0,0,0,0,0,0,0,5,-5,21,-19,22,-18,23,-17,24,-16,25,-15,25,-14,26,-14,26,-14,27,-14,27,-13,27,-13,27,-12,26,-12,26,-11,26,-11,26,-11,25,-11,25,-11,23,-11,22,-11,22,-11,22,-12,22,-13,21,-13,21,-13,20,-13]"
CSI_DATA,35236,d8:b1:90:db:e8:90,-54,11,1,7,0,0,1,0,0,0,1,-95,0,8,0,552162413,0,100,0,128,1,"[100,-64,5,0,-13,-21,-11,-19,-10,-21,-12,-20,-12,-18,-10,-19,-12,-19,-13,-16,-12,-14,-12,-15,-13,-16,-13,-15,-12,-16,-13,-16,-13,-14,-12,-14,-12,-16,-13,-16,-11,-14,-10,-15,-12,-17,-12,-15,-9,-15,-8,-15,-9,-15,-3,-4,0,0,0,0,0,0,0,0,0,0,0,0,0,0,0,0,0,0,-5,-5,-20,-20,-19,-22,-18,-23,-17,-23,-16,-25,-15,-26,-15,-26,-15,-27,-13,-27,-13,-28,-13,-28,-12,-28,-11,-28,-11,-28,-11,-28,-9,-27,-9,-27,-10,-27,-9,-25,-8,-25,-10,-25,-11,-24,-10,-23,-10,-24,-11,-23,-10,-21]"
CSI_DATA,35237,d8:b1:90:db:e8:90,-54,11,1,7,0,0,1,0,0,0,1,-95,0,8,0,552176390,0,100,0,128,1,"[100,-64,5,0,-12,14,-11,14,-11,14,-10,14,-9,14,-9,13,-8,13,-8,13,-8,13,-7,13,-7,13,-6,14,-6,14,-6,14,-6,14,-6,14,-6,14,-6,14,-6,13,-6,13,-6,13,-6,13,-6,13,-7,13,-8,12,-2,3,0,0,0,0,0,0,0,0,0,0,0,0,0,0,0,0,0,0,-3,5,-11,19,-12,19,-14,17,-15,17,-14,17,-15,17,-16,16,-16,16,-15,16,-16,16,-17,16,-17,15,-17,15,-17,15,-17,16,-16,15,-16,15,-16,15,-15,15,-14,15,-14,15,-14,15,-13,15,-13,16,-13,15,-12,15]"
CSI_DATA,35238,d8:b1:90:db:e8:90,-56,11,1,7,0,0,1,0,0,0,1,-95,0,8,0,552192003,0,100,0,128,1,"[100,-64,5,0,-18,12,-17,12,-16,12,-16,13,-16,13,-15,13,-14,13,-14,13,-14,13,-13,13,-13,14,-13,14,-13,14,-13,14,-13,15,-12,15,-12,15,-12,14,-12,14,-12,14,-11,14,-11,14,-11,14,-13,14,-13,14,-4,3,0,0,0,0,0,0,0,0,0,0,0,0,0,0,0,0,0,0,-5,4,-20,15,-21,14,-22,13,-23,13,-24,12,-24,12,-24,11,-24,11,-24,11,-24,10,-25,10,-25,10,-24,10,-24,10,-24,10,-24,11,-23,11,-22,11,-22,11,-21,11,-20,12,-20,12,-20,12,-20,11,-20,11,-19,12]"
CSI_DATA,35239,d8:b1:90:db:e8:90,-56,11,1,7,0,0,1,0,0,0,1,-95,0,8,0,552206488,0,100,0,128,1,"[100,-64,5,0,17,15,16,15,16,14,16,13,16,12,16,11,16,11,16,10,16,10,16,9,16,9,16,9,16,8,16,7,16,7,16,7,16,7,16,6,16,6,16,6,16,7,16,7,15,7,15,8,15,8,3,2,0,0,0,0,0,0,0,0,0,0,0,0,0,0,0,0,0,0,5,3,21,14,20,15,19,16,18,17,18,18,17,18,17,19,17,20,16,21,16,21,16,21,16,21,16,21,16,21,15,20,15,19,15,19,15,19,16,19,16,18,16,18,16,17,16,17,16,16,16,16,17,16]"
CSI_DATA,35240,d8:b1:90:db:e8:90,-55,11,1,7,0,0,1,0,0,0,1,-95,0,8,0,552219259,0,100,0,128,1,"[100,-64,5,0,-6,21,-6,21,-5,20,-5,19,-4,19,-3,18,-3,18,-3,19,-3,19,-2,18,-1,18,0,18,1,18,0,18,1,18,1,18,1,18,1,18,1,18,1,18,2,18,2,18,1,17,0,17,-1,17,-1,4,0,0,0,0,0,0,0,0,0,0,0,0,0,0,0,0,0,0,-2,6,-5,25,-6,26,-8,25,-9,24,-9,24,-10,24,-11,24,-12,24,-12,24,-12,24,-12,24,-13,24,-12,23,-12,23,-12,23,-11,23,-11,22,-11,22,-11,22,-10,22,-9,22,-9,22,-8,22,-7,21,-7,21,-8,22]"
CSI_DATA,35241,d8:b1:90:db:e8:90,-57,11,1,7,0,0,1,0,0,0,1,-95,0,8,0,552307484,0,100,0,128,1,"[100,-64,5,0,6,17,6,16,6,15,7,15,7,15,8,14,7,14,6,14,6,14,6,14,7,14,7,14,8,14,7,14,7,14,7,14,7,14,6,14,6,13,7,13,7,14,7,14,6,14,4,15,3,15,0,3,0,0,0,0,0,0,0,0,0,0,0,0,0,0,0,0,0,0,1,6,6,25,5,25,4,25,3,25,2,25,2,26,1,26,1,26,1,27,0,26,0,26,0,26,0,25,1,25,1,25,1,24,1,23,2,23,3,22,4,21,5,21,5,21,5,20,5,19,6,19,6,18]"
CSI_DATA,35242,d8:b1:90:db:e8:90,-55,11,1,7,0,0,1,0,0,0,1,-95,0,8,0,552319864,0,100,0,128,1,"[100,-64,5,0,-20,-3,-19,-3,-19,-3,-18,-3,-18,-3,-18,-2,-17,-2,-17,-1,-17,-1,-17,-1,-17,-1,-17,0,-17,0,-17,1,-17,1,-17,1,-18,2,-17,2,-18,1,-18,1,-18,1,-18,0,-18,0,-18,0,-18,-1,-5,-1,0,0,0,0,0,0,0,0,0,0,0,0,0,0,0,0,0,0,-7,-2,-28,-5,-28,-6,-27,-8,-26,-9,-27,-10,-27,-10,-27,-10,-27,-10,-27,-11,-27,-11,-26,-11,-26,-10,-26,-10,-26,-10,-25,-9,-24,-9,-24,-8,-23,-8,-23,-7,-23,-7,-23,-6,-22,-6,-22,-6,-22,-5,-21,-5,-21,-4]"
CSI_DATA,35243,d8:b1:90:db:e8:90,-55,11,1,7,0,0,1,0,0,0,1,-95,0,8,0,552333859,0,100,0,128,1,"[100,-64,5,0,-1,-19,-1,-19,-1,-18,-2,-18,-2,-18,-2,-17,-2,-17,-3,-17,-3,-17,-3,-17,-4,-17,-4,-18,-4,-18,-4,-17,-4,-17,-4,-18,-3,-18,-3,-18,-3,-18,-3,-18,-4,-18,-4,-18,-3,-18,-3,-18,-2,-18,-1,-5,0,0,0,0,0,0,0,0,0,0,0,0,0,0,0,0,0,0,0,-7,1,-28,2,-28,4,-27,5,-27,6,-26,6,-26,6,-26,7,-27,7,-27,7,-27,8,-27,8,-26,7,-26,7,-26,6,-25,6,-24,5,-24,5,-23,4,-23,3,-23,3,-22,2,-22,1,-22,1,-21,1,-21,1,-21]"
CSI_DATA,35244,d8:b1:90:db:e8:90,-56,11,1,7,0,0,1,0,0,0,1,-95,0,8,0,552358439,0,100,0,128,1,"[100,-64,5,0,-17,-12,-17,-11,-17,-11,-16,-11,-16,-11,-16,-11,-16,-10,-16,-10,-16,-9,-15,-9,-16,-9,-16,-10,-16,-10,-16,-9,-16,-10,-16,-10,-16,-10,-16,-10,-16,-10,-15,-11,-15,-11,-15,-12,-13,-9,-10,-4,-9,-2,-3,-1,0,0,0,0,0,0,0,0,0,0,0,0,0,0,0,0,0,0,-6,-4,-24,-16,-23,-17,-22,-19,-21,-19,-20,-20,-20,-21,-20,-21,-20,-21,-20,-22,-19,-22,-19,-22,-19,-21,-19,-21,-18,-20,-18,-19,-18,-19,-18,-18,-18,-17,-18,-16,-18,-15,-18,-14,-18,-14,-19,-12,-19,-12,-18,-12,-18,-11]"
CSI_DATA,35245,d8:b1:90:db:e8:90,-55,11,1,7,0,0,1,0,0,0,1,-95,0,8,0,552369931,0,100,0,128,1,"[100,-64,5,0,-8,18,-8,18,-8,18,-7,17,-7,17,-7,16,-6,16,-6,16,-6,16,-6,16,-5,16,-5,17,-6,17,-6,17,-6,17,-6,18,-7,18,-7,17,-8,17,-7,17,-7,16,-7,16,-6,14,-3,9,-1,7,-1,1,0,0,0,0,0,0,0,0,0,0,0,0,0,0,0,0,0,0,-3,7,-11,27,-11,26,-13,25,-15,25,-16,25,-16,24,-16,23,-17,23,-16,23,-15,23,-15,22,-15,22,-15,21,-15,20,-15,20,-14,21,-14,21,-13,20,-11,20,-10,20,-9,20,-8,20,-7,20,-7,19,-7,19,-7,19]"
CSI_DATA,35246,d8:b1:90:db:e8:90,-54,11,1,7,0,0,1,0,0,0,1,-95,0,8,0,552382488,0,100,0,128,1,"[100,-64,5,0,-18,-13,-18,-12,-18,-11,-18,-9,-18,-8,-18,-8,-17,-7,-17,-6,-17,-5,-17,-5,-18,-5,-18,-4,-18,-3,-18,-3,-18,-3,-18,-3,-18,-3,-18,-3,-18,-4,-18,-4,-18,-5,-18,-5,-18,-5,-18,-6,-18,-7,-5,-2,0,0,0,0,0,0,0,0,0,0,0,0,0,0,0,0,0,0,-7,-4,-25,-15,-24,-16,-22,-17,-21,-18,-22,-20,-23,-21,-22,-22,-21,-22,-22,-22,-21,-22,-21,-21,-21,-21,-20,-21,-20,-20,-20,-20,-20,-20,-20,-19,-19,-18,-18,-18,-18,-17,-19,-16,-19,-15,-19,-14,-19,-13,-19,-13,-19,-13]"
CSI_DATA,35247,d8:b1:90:db:e8:90,-56,11,1,7,0,0,1,0,0,0,1,-95,0,8,0,552392690,0,100,0,128,1,"[100,-64,5,0,-20,-4,-20,-4,-19,-3,-19,-3,-19,-3,-18,-3,-18,-2,-17,-1,-17,0,-17,0,-17,0,-17,0,-18,1,-18,1,-18,1,-18,1,-18,1,-18,1,-18,0,-18,0,-18,0,-18,0,-19,0,-19,-1,-19,-1,-5,-1,0,0,0,0,0,0,0,0,0,0,0,0,0,0,0,0,0,0,-7,-2,-27,-5,-26,-7,-26,-8,-25,-9,-25,-10,-25,-10,-25,-11,-25,-11,-25,-11,-25,-11,-25,-11,-24,-11,-24,-11,-24,-10,-24,-10,-23,-9,-23,-9,-23,-8,-22,-8,-22,-8,-22,-7,-21,-6,-21,-5,-21,-5,-21,-4,-21,-4]"
CSI_DATA,35248,d8:b1:90:db:e8:90,-55,11,1,7,0,0,1,0,0,0,1,-95,0,8,0,552404858,0,100,0,128,1,"[100,-64,5,0,21,3,20,3,20,2,20,2,19,1,19,1,18,0,18,-1,17,-2,17,-2,17,-1,17,-2,17,-2,18,-2,18,-2,17,-2,17,-2,17,-2,17,-2,17,-2,18,-1,17,0,18,0,18,0,18,1,4,0,0,0,0,0,0,0,0,0,0,0,0,0,0,0,0,0,0,0,7,1,28,4,27,5,27,7,26,8,26,9,26,10,26,10,26,10,26,11,26,11,26,11,26,11,25,11,25,11,25,9,24,9,24,8,24,8,24,8,23,7,23,7,23,6,22,5,22,4,22,4,22,3]"
CSI_DATA,35249,d8:b1:90:db:e8:90,-54,11,1,7,0,0,1,0,0,0,1,-95,0,8,0,552419050,0,100,0,128,1,"[100,-64,5,0,-15,-17,-15,-16,-14,-16,-14,-15,-14,-15,-14,-14,-15,-13,-15,-12,-15,-11,-15,-11,-16,-11,-17,-11,-17,-10,-16,-10,-16,-10,-16,-10,-16,-10,-15,-10,-15,-10,-16,-10,-16,-11,-15,-12,-15,-12,-15,-13,-14,-13,-4,-4,0,0,0,0,0,0,0,0,0,0,0,0,0,0,0,0,0,0,-5,-6,-18,-22,-17,-23,-15,-24,-14,-25,-14,-26,-13,-26,-14,-26,-14,-27,-13,-27,-12,-27,-12,-27,-12,-28,-12,-27,-12,-27,-12,-26,-12,-25,-12,-24,-13,-24,-14,-23,-15,-22,-15,-22,-15,-21,-16,-21,-15,-20,-15,-20,-15,-19]"
CSI_DATA,35250,d8:b1:90:db:e8:90,-54,11,1,7,0,0,1,0,0,0,1,-95,0,8,0,552432764,0,100,0,128,1,"[100,-64,5,0,20,1,20,1,20,0,19,0,19,0,18,0,18,-1,18,-3,18,-4,17,-4,17,-4,17,-4,18,-5,18,-5,18,-5,18,-5,18,-5,18,-4,18,-4,18,-4,18,-3,18,-2,18,-2,19,-2,19,-1,4,-1,0,0,0,0,0,0,0,0,0,0,0,0,0,0,0,0,0,0,7,0,28,0,27,1,26,2,26,3,26,4,27,5,27,6,28,6,28,7,27,7,27,7,27,7,27,7,26,7,25,6,24,6,24,5,24,5,24,4,24,3,24,3,24,2,23,2,23,2,22,2,22,1]"
CSI_DATA,35251,d8:b1:90:db:e8:90,-54,11,1,7,0,0,1,0,0,0,1,-95,0,8,0,552460504,0,100,0,128,1,"[100,-64,5,0,-11,19,-11,18,-10,18,-9,18,-8,17,-8,17,-7,17,-6,18,-5,18,-5,17,-5,17,-4,17,-4,17,-4,17,-4,17,-3,18,-4,18,-4,17,-4,17,-5,17,-5,16,-6,16,-7,16,-7,15,-8,15,-2,3,0,0,0,0,0,0,0,0,0,0,0,0,0,0,0,0,0,0,-5,5,-17,23,-19,22,-20,21,-21,21,-21,20,-22,20,-22,20,-23,20,-23,19,-23,19,-24,18,-23,17,-23,17,-22,17,-21,18,-20,18,-20,18,-19,18,-18,18,-17,18,-16,18,-16,19,-15,19,-15,18,-14,18,-13,19]"
CSI_DATA,35252,d8:b1:90:db:e8:90,-56,11,1,7,0,0,1,0,0,0,1,-95,0,8,0,552473211,0,100,0,128,1,"[100,-64,5,0,1,-21,1,-20,0,-20,0,-19,-1,-19,-1,-19,-1,-18,-1,-18,-1,-18,-2,-18,-3,-18,-4,-19,-4,-19,-3,-19,-3,-19,-4,-19,-4,-19,-3,-18,-3,-18,-4,-19,-4,-19,-3,-19,-3,-19,-2,-20,-1,-20,-1,-5,0,0,0,0,0,0,0,0,0,0,0,0,0,0,0,0,0,0,0,-7,1,-27,3,-26,4,-26,5,-26,6,-26,6,-26,7,-27,7,-27,8,-27,8,-27,7,-26,7,-26,7,-25,7,-25,7,-25,7,-24,6,-24,6,-24,4,-24,3,-23,3,-23,3,-23,2,-22,2,-22,2,-22,2,-22]"
CSI_DATA,35253,d8:b1:90:db:e8:90,-56,11,1,7,0,0,1,0,0,0,1,-95,0,8,0,552485251,0,100,0,128,1,"[100,-64,5,0,-6,-21,-5,-20,-5,-20,-6,-19,-6,-19,-6,-18,-7,-18,-6,-17,-6,-17,-6,-17,-8,-17,-9,-17,-9,-17,-9,-17,-8,-17,-8,-17,-8,-16,-7,-16,-7,-16,-8,-16,-8,-17,-7,-17,-7,-17,-6,-18,-5,-18,-2,-5,0,0,0,0,0,0,0,0,0,0,0,0,0,0,0,0,0,0,-2,-7,-6,-26,-5,-27,-3,-27,-2,-27,-2,-27,-1,-28,-1,-28,-1,-29,0,-29,0,-29,0,-28,0,-28,0,-27,0,-27,0,-27,0,-26,0,-26,-1,-26,-2,-25,-3,-25,-4,-24,-4,-24,-4,-23,-4,-23,-4,-23,-4,-22]"
CSI_DATA,35254,d8:b1:90:db:e8:90,-55,11,1,7,0,0,1,0,0,0,1,-95,0,8,0,552496213,0,100,0,128,1,"[100,-64,5,0,-6,-20,-6,-19,-6,-18,-7,-18,-8,-18,-8,-18,-8,-17,-8,-16,-8,-16,-9,-16,-10,-16,-11,-15,-11,-15,-11,-15,-10,-15,-11,-15,-10,-15,-10,-16,-10,-16,-10,-16,-10,-16,-10,-16,-10,-16,-9,-17,-8,-17,-2,-5,0,0,0,0,0,0,0,0,0,0,0,0,0,0,0,0,0,0,-2,-7,-5,-27,-4,-27,-3,-28,-2,-28,-1,-28,0,-28,0,-28,0,-28,1,-28,1,-28,1,-28,1,-28,1,-27,1,-27,1,-26,1,-25,1,-24,0,-24,-2,-24,-3,-24,-3,-24,-3,-24,-4,-23,-4,-23,-5,-22,-5,-22]"
CSI_DATA,35255,d8:b1:90:db:e8:90,-54,11,1,7,0,0,1,0,0,0,1,-95,0,8,0,552507941,0,100,0,128,1,"[100,-64,5,0,20,-4,20,-4,19,-4,19,-5,19,-5,18,-5,17,-6,17,-7,17,-7,17,-7,16,-7,16,-8,16,-8,16,-9,16,-9,17,-8,17,-8,17,-8,16,-8,17,-8,17,-7,17,-6,17,-6,18,-5,18,-5,4,-1,0,0,0,0,0,0,0,0,0,0,0,0,0,0,0,0,0,0,7,-1,27,-4,27,-3,27,-2,28,-1,28,0,28,1,28,1,28,1,28,2,28,3,28,4,27,4,27,4,26,4,25,3,25,3,24,2,24,2,24,1,24,0,24,-1,24,-1,24,-1,23,-1,23,-2,22,-3]"
CSI_DATA,35256,d8:b1:90:db:e8:90,-54,11,1,7,0,0,1,0,0,0,1,-95,0,8,0,552522124,0,100,0,128,1,"[100,-64,5,0,-13,17,-13,16,-12,16,-11,17,-10,17,-10,17,-9,17,-9,17,-8,16,-8,16,-7,16,-6,17,-6,17,-6,17,-6,17,-6,17,-7,17,-7,17,-7,17,-7,17,-7,17,-7,16,-8,16,-9,16,-10,16,-3,4,0,0,0,0,0,0,0,0,0,0,0,0,0,0,0,0,0,0,-6,5,-21,21,-21,19,-22,18,-22,18,-23,17,-23,17,-23,17,-23,17,-24,17,-25,16,-25,15,-25,15,-24,15,-24,14,-23,14,-22,14,-22,14,-21,15,-20,16,-19,17,-18,17,-18,17,-18,17,-17,17,-17,17,-16,17]"
CSI_DATA,35257,d8:b1:90:db:e8:90,-54,11,1,7,0,0,1,0,0,0,1,-95,0,8,0,552532698,0,100,0,128,1,"[100,-64,5,0,-16,-17,-16,-16,-15,-15,-15,-15,-15,-14,-15,-14,-15,-13,-15,-13,-14,-12,-15,-12,-16,-12,-16,-12,-16,-11,-16,-11,-16,-10,-16,-11,-16,-10,-15,-10,-15,-10,-15,-10,-16,-11,-16,-11,-15,-11,-15,-12,-15,-12,-4,-3,0,0,0,0,0,0,0,0,0,0,0,0,0,0,0,0,0,0,-5,-6,-19,-21,-18,-22,-17,-23,-16,-23,-16,-24,-17,-25,-17,-25,-17,-26,-16,-26,-16,-26,-15,-26,-15,-26,-15,-26,-15,-25,-15,-25,-15,-25,-15,-24,-15,-23,-16,-22,-16,-22,-16,-21,-16,-21,-16,-20,-17,-20,-16,-19,-16,-19]"
CSI_DATA,35258,d8:b1:90:db:e8:90,-54,11,1,7,0,0,1,0,0,0,1,-95,0,8,0,552543745,0,100,0,128,1,"[100,-64,5,0,19,8,19,7,18,7,18,7,19,7,19,6,19,5,19,4,19,4,18,4,17,4,18,3,18,3,18,3,18,4,18,3,18,2,18,1,18,1,18,1,18,2,17,3,16,3,17,4,17,4,4,1,0,0,0,0,0,0,0,0,0,0,0,0,0,0,0,0,0,0,6,2,25,11,25,11,24,12,23,13,23,14,24,14,24,15,24,16,24,16,24,16,23,17,23,17,22,17,22,17,22,16,22,15,22,15,22,14,23,13,22,12,22,12,22,11,22,11,22,11,22,10,22,9]"
CSI_DATA,35259,d8:b1:90:db:e8:90,-55,11,1,7,0,0,1,0,0,0,1,-95,0,8,0,552554086,0,100,0,128,1,"[100,-64,5,0,15,-16,14,-15,14,-15,13,-16,12,-15,11,-15,10,-15,10,-16,10,-17,9,-16,9,-16,8,-16,9,-16,9,-16,9,-17,8,-17,8,-18,8,-18,8,-17,8,-17,8,-17,8,-16,8,-16,10,-16,10,-16,2,-4,0,0,0,0,0,0,0,0,0,0,0,0,0,0,0,0,0,0,4,-5,19,-20,20,-19,21,-17,22,-16,22,-16,23,-15,24,-15,24,-15,24,-15,24,-15,24,-14,24,-14,23,-14,23,-14,23,-14,22,-14,21,-15,21,-15,20,-15,19,-15,18,-15,17,-16,17,-16,17,-15,17,-16,17,-16]"
CSI_DATA,35260,d8:b1:90:db:e8:90,-54,11,1,7,0,0,1,0,0,0,1,-95,0,8,0,552575817,0,100,0,128,1,"[100,-64,5,0,-14,-17,-14,-16,-14,-16,-14,-17,-13,-17,-13,-16,-13,-16,-12,-15,-12,-15,-12,-15,-13,-15,-14,-15,-14,-14,-14,-14,-14,-14,-14,-15,-15,-14,-14,-14,-14,-15,-14,-15,-14,-16,-14,-16,-12,-14,-10,-9,-8,-7,-2,-2,0,0,0,0,0,0,0,0,0,0,0,0,0,0,0,0,0,0,-4,-7,-16,-25,-14,-26,-13,-26,-12,-26,-11,-26,-11,-27,-11,-27,-11,-28,-11,-28,-10,-28,-10,-28,-10,-27,-10,-27,-10,-27,-10,-27,-10,-26,-10,-25,-11,-25,-11,-24,-12,-23,-12,-23,-12,-22,-12,-22,-12,-21,-12,-21,-12,-20]"
CSI_DATA,35261,d8:b1:90:db:e8:90,-54,11,1,7,0,0,1,0,0,0,1,-95,0,8,0,552585804,0,100,0,128,1,"[100,-64,5,0,-9,-19,-9,-18,-8,-18,-8,-18,-9,-17,-9,-17,-9,-16,-9,-15,-10,-15,-10,-14,-10,-15,-10,-15,-10,-14,-10,-14,-10,-14,-10,-14,-9,-14,-9,-14,-9,-14,-9,-15,-9,-15,-9,-16,-8,-16,-8,-16,-7,-16,-2,-4,0,0,0,0,0,0,0,0,0,0,0,0,0,0,0,0,0,0,-3,-6,-10,-23,-9,-23,-8,-24,-8,-25,-6,-26,-6,-26,-7,-27,-6,-26,-6,-25,-6,-25,-5,-26,-5,-26,-5,-26,-5,-26,-5,-25,-6,-24,-6,-24,-7,-23,-7,-23,-8,-23,-8,-22,-9,-21,-10,-21,-10,-21,-10,-20,-9,-20]"
CSI_DATA,35262,d8:b1:90:db:e8:90,-54,11,1,7,0,0,1,0,0,0,1,-95,0,8,0,552597098,0,100,0,128,1,"[100,-64,5,0,19,-6,18,-6,18,-6,17,-6,17,-6,16,-6,15,-6,15,-7,15,-8,14,-8,14,-8,14,-8,14,-8,14,-8,15,-8,14,-7,14,-7,14,-7,14,-7,15,-7,15,-7,15,-6,15,-6,15,-5,16,-5,4,-2,0,0,0,0,0,0,0,0,0,0,0,0,0,0,0,0,0,0,5,-2,24,-8,24,-7,25,-5,25,-4,25,-4,25,-3,25,-3,25,-2,25,-2,25,-2,26,-2,25,-2,25,-2,25,-2,24,-3,24,-3,23,-4,23,-4,23,-5,22,-5,22,-5,22,-6,21,-7,21,-7,20,-7,20,-7]"
CSI_DATA,35263,d8:b1:90:db:e8:90,-54,11,1,7,0,0,1,0,0,0,1,-95,0,8,0,552607838,0,100,0,128,1,"[100,-64,5,0,12,-19,12,-19,11,-19,11,-19,10,-18,10,-18,9,-18,8,-18,8,-18,7,-18,7,-18,6,-18,7,-18,7,-18,7,-18,7,-18,8,-18,8,-17,8,-17,8,-17,8,-17,7,-17,8,-17,9,-16,10,-16,2,-4,0,0,0,0,0,0,0,0,0,0,0,0,0,0,0,0,0,0,4,-7,16,-24,17,-24,18,-23,19,-22,20,-21,20,-21,20,-21,20,-21,21,-21,21,-21,21,-21,21,-21,21,-21,20,-21,20,-20,19,-21,18,-21,18,-21,17,-21,16,-21,15,-21,15,-21,14,-22,13,-22,13,-22,13,-21]"
CSI_DATA,35264,d8:b1:90:db:e8:90,-56,11,1,7,0,0,1,0,0,0,1,-95,0,8,0,552619308,0,100,0,128,1,"[100,-64,5,0,20,-6,19,-6,19,-6,19,-7,18,-6,18,-7,17,-7,17,-8,16,-9,16,-9,15,-9,15,-9,15,-9,15,-9,15,-9,15,-9,15,-9,15,-9,15,-8,16,-8,16,-8,15,-7,16,-7,16,-7,17,-6,4,-2,0,0,0,0,0,0,0,0,0,0,0,0,0,0,0,0,0,0,6,-2,25,-7,25,-6,25,-4,25,-3,25,-2,26,-2,27,-2,28,-2,28,-2,28,-1,27,-1,27,-1,27,-1,26,-1,25,-1,25,-2,24,-2,24,-2,24,-3,24,-4,23,-4,23,-5,23,-5,23,-5,22,-5,22,-6]"
CSI_DATA,35265,d8:b1:90:db:e8:90,-54,11,1,7,0,0,1,0,0,0,1,-95,0,8,0,552632070,0,100,0,128,1,"[100,-64,5,0,15,-16,14,-15,14,-15,14,-15,13,-15,13,-15,12,-15,12,-16,11,-16,10,-16,10,-17,10,-17,10,-17,10,-17,10,-17,10,-18,10,-18,10,-18,10,-18,10,-18,10,-17,10,-17,10,-16,11,-16,12,-16,3,-4,0,0,0,0,0,0,0,0,0,0,0,0,0,0,0,0,0,0,4,-5,19,-19,20,-18,21,-17,21,-16,22,-16,23,-15,23,-15,23,-15,23,-15,23,-14,24,-14,24,-14,24,-13,23,-13,23,-13,23,-13,22,-14,21,-14,21,-14,20,-14,19,-15,19,-15,18,-15,17,-16,17,-16,17,-16]"
CSI_DATA,35266,d8:b1:90:db:e8:90,-54,11,1,7,0,0,1,0,0,0,1,-95,0,8,0,552643026,0,100,0,128,1,"[100,-64,5,0,-2,-23,-2,-22,-2,-22,-3,-21,-3,-21,-3,-20,-4,-20,-4,-19,-5,-19,-5,-19,-6,-19,-7,-19,-7,-19,-6,-19,-6,-19,-6,-19,-6,-19,-6,-19,-6,-18,-6,-18,-6,-19,-6,-19,-5,-19,-4,-19,-3,-19,-1,-5,0,0,0,0,0,0,0,0,0,0,0,0,0,0,0,0,0,0,-1,-7,-1,-28,0,-28,2,-28,2,-28,3,-28,4,-28,4,-28,5,-28,5,-28,5,-28,6,-28,6,-28,6,-28,6,-28,6,-27,6,-27,5,-27,4,-26,3,-26,2,-25,2,-25,1,-25,1,-25,0,-24,0,-24,-1,-24]"
CSI_DATA,35267,d8:b1:90:db:e8:90,-57,11,1,7,0,0,1,0,0,0,1,-95,0,8,0,552669687,0,100,0,128,1,"[100,-64,5,0,-3,-18,-4,-18,-5,-17,-8,-15,-9,-14,-10,-14,-9,-14,-9,-15,-8,-14,-8,-14,-4,-6,4,8,8,16,7,15,8,15,9,14,9,14,8,13,7,12,6,12,5,12,5,12,4,12,2,10,1,10,0,2,0,0,0,0,0,0,0,0,0,0,0,0,0,0,0,0,0,0,-1,6,-1,25,-2,24,-3,24,-4,24,-5,24,-5,24,-5,25,-5,25,-5,25,-6,25,-6,24,-6,24,-6,24,-6,24,-5,23,-5,23,-4,23,-4,22,-3,22,-2,22,-2,21,-2,11,-2,-10,-3,-20,-3,-21,-3,-21]"
CSI_DATA,35268,d8:b1:90:db:e8:90,-54,11,1,7,0,0,1,0,0,0,1,-95,0,8,0,552680168,0,100,0,128,1,"[100,-64,5,0,18,-12,17,-12,17,-12,17,-12,16,-12,15,-12,15,-13,15,-13,15,-13,14,-13,14,-13,14,-14,14,-14,14,-15,14,-14,14,-14,14,-14,14,-13,14,-13,15,-13,14,-13,14,-12,15,-12,16,-11,16,-11,4,-3,0,0,0,0,0,0,0,0,0,0,0,0,0,0,0,0,0,0,6,-3,26,-12,26,-11,26,-9,26,-9,26,-8,27,-8,27,-7,27,-7,27,-7,27,-7,27,-6,27,-6,26,-5,26,-6,27,-7,26,-7,26,-8,25,-8,23,-9,22,-9,22,-10,22,-10,21,-11,21,-12,21,-11,21,-12]"
CSI_DATA,35269,d8:b1:90:db:e8:90,-55,11,1,7,0,0,1,0,0,0,1,-95,0,8,0,552691634,0,100,0,128,1,"[100,-64,5,0,17,-13,16,-12,16,-13,15,-13,15,-13,14,-13,14,-13,14,-14,14,-14,13,-14,13,-14,12,-14,12,-14,13,-15,12,-15,12,-15,11,-15,12,-15,12,-15,12,-15,12,-15,12,-14,13,-14,14,-14,14,-14,3,-4,0,0,0,0,0,0,0,0,0,0,0,0,0,0,0,0,0,0,5,-5,22,-18,22,-16,22,-15,23,-15,23,-14,23,-13,24,-13,24,-12,24,-12,25,-12,25,-11,25,-11,25,-11,25,-11,24,-11,24,-11,23,-12,22,-12,21,-12,21,-12,20,-13,20,-13,20,-14,20,-13,19,-13,19,-13]"
CSI_DATA,35270,d8:b1:90:db:e8:90,-54,11,1,7,0,0,1,0,0,0,1,-95,0,8,0,552703084,0,100,0,128,1,"[100,-64,5,0,-23,-1,-22,-1,-22,0,-22,1,-21,1,-21,1,-20,2,-20,2,-19,3,-19,3,-19,2,-19,3,-19,3,-19,4,-18,4,-18,4,-17,5,-17,5,-17,4,-18,4,-18,3,-17,3,-18,3,-18,2,-18,1,-5,0,0,0,0,0,0,0,0,0,0,0,0,0,0,0,0,0,0,0,-8,0,-29,0,-28,-1,-28,-3,-28,-4,-28,-4,-28,-5,-28,-5,-28,-6,-28,-6,-28,-7,-28,-8,-28,-8,-28,-8,-28,-8,-28,-7,-28,-7,-27,-6,-27,-6,-26,-5,-26,-4,-25,-4,-25,-3,-26,-2,-26,-2,-25,-2,-25,-1]"
CSI_DATA,35271,d8:b1:90:db:e8:90,-56,11,1,7,0,0,1,0,0,0,1,-95,0,8,0,552713507,0,100,0,128,1,"[100,-64,5,0,-15,-15,-15,-14,-15,-13,-16,-13,-16,-13,-15,-12,-15,-12,-15,-11,-15,-10,-15,-10,-16,-10,-16,-10,-16,-10,-16,-9,-16,-9,-16,-8,-15,-8,-15,-8,-15,-8,-16,-9,-16,-9,-15,-10,-15,-10,-15,-10,-15,-10,-4,-3,0,0,0,0,0,0,0,0,0,0,0,0,0,0,0,0,0,0,-5,-5,-20,-18,-19,-19,-18,-20,-17,-20,-17,-21,-16,-21,-16,-21,-15,-22,-15,-22,-15,-22,-15,-23,-15,-23,-15,-23,-15,-22,-15,-22,-15,-22,-15,-21,-15,-20,-15,-20,-15,-19,-15,-18,-16,-18,-16,-17,-17,-17,-16,-16,-16,-16]"
CSI_DATA,35272,d8:b1:90:db:e8:90,-54,11,1,7,0,0,1,0,0,0,1,-95,0,8,0,552724345,0,100,0,128,1,"[100,-64,5,0,10,19,10,18,10,17,11,17,11,17,11,16,11,15,11,14,11,14,11,14,11,13,12,14,12,13,11,13,11,13,11,13,11,13,11,12,10,12,10,13,10,14,10,14,10,14,9,14,9,15,2,3,0,0,0,0,0,0,0,0,0,0,0,0,0,0,0,0,0,0,3,6,11,25,10,25,9,26,8,26,7,26,7,27,6,27,6,28,5,28,5,28,5,27,4,27,4,26,4,26,5,26,6,26,6,25,7,25,7,24,8,24,9,23,9,23,10,22,10,22,10,22,10,21]"
CSI_DATA,35273,d8:b1:90:db:e8:90,-55,11,1,7,0,0,1,0,0,0,1,-95,0,8,0,552737382,0,100,0,128,1,"[100,-64,5,0,2,-22,2,-21,2,-20,1,-20,0,-20,0,-20,-1,-19,-1,-19,-1,-19,-1,-19,-2,-19,-3,-19,-3,-19,-3,-18,-3,-18,-3,-18,-3,-18,-3,-18,-3,-18,-3,-18,-3,-18,-3,-18,-2,-18,-1,-18,-1,-18,0,-5,0,0,0,0,0,0,0,0,0,0,0,0,0,0,0,0,0,0,1,-8,6,-28,7,-27,9,-27,10,-26,10,-26,11,-26,12,-26,12,-26,12,-26,12,-26,12,-25,12,-25,12,-25,11,-25,11,-25,10,-26,10,-25,9,-25,7,-24,6,-24,5,-24,5,-24,5,-23,5,-23,5,-23,5,-23]"
CSI_DATA,35274,d8:b1:90:db:e8:90,-54,11,1,7,0,0,1,0,0,0,1,-95,0,8,0,552762437,0,100,0,128,1,"[100,-64,5,0,-17,-14,-17,-14,-17,-13,-18,-12,-18,-12,-17,-11,-17,-11,-17,-10,-16,-9,-17,-9,-17,-9,-17,-9,-17,-8,-17,-8,-17,-7,-17,-7,-17,-7,-16,-7,-16,-7,-16,-8,-16,-9,-16,-9,-16,-9,-16,-9,-16,-10,-4,-3,0,0,0,0,0,0,0,0,0,0,0,0,0,0,0,0,0,0,-6,-5,-23,-19,-22,-20,-21,-21,-20,-22,-19,-23,-19,-23,-18,-24,-18,-24,-18,-24,-17,-25,-17,-24,-17,-24,-17,-24,-17,-24,-18,-24,-18,-23,-18,-22,-18,-22,-18,-20,-18,-19,-18,-18,-19,-18,-19,-18,-19,-18,-18,-18,-18,-17]"
CSI_DATA,35275,d8:b1:90:db:e8:90,-54,11,1,7,0,0,1,0,0,0,1,-95,0,8,0,552779571,0,100,0,128,1,"[100,-64,5,0,0,-21,0,-20,0,-19,-1,-19,-1,-19,-1,-18,-2,-18,-2,-18,-2,-18,-3,-17,-4,-17,-4,-17,-4,-16,-3,-16,-3,-16,-3,-16,-3,-16,-3,-15,-3,-15,-3,-16,-3,-16,-3,-16,-3,-15,-1,-15,-1,-15,-1,-4,0,0,0,0,0,0,0,0,0,0,0,0,0,0,0,0,0,0,0,-7,0,-28,1,-27,2,-26,3,-26,4,-26,5,-26,5,-27,6,-27,7,-28,6,-28,6,-27,6,-26,6,-26,5,-26,5,-26,5,-25,5,-25,4,-25,4,-25,3,-25,3,-24,2,-24,1,-23,0,-22,0,-22,0,-23]"
CSI_DATA,35276,d8:b1:90:db:e8:90,-55,11,1,7,0,0,1,0,0,0,1,-95,0,8,0,552790877,0,100,0,128,1,"[100,-64,5,0,-11,18,-10,18,-9,17,-9,16,-8,16,-7,15,-7,15,-7,16,-7,16,-7,16,-6,16,-6,16,-6,17,-6,17,-6,16,-6,16,-7,16,-7,16,-7,16,-7,16,-7,16,-7,16,-7,16,-8,16,-8,16,-3,4,0,0,0,0,0,0,0,0,0,0,0,0,0,0,0,0,0,0,-3,6,-13,23,-14,23,-15,22,-15,22,-16,21,-18,21,-18,21,-17,22,-17,22,-19,21,-19,20,-19,21,-18,21,-17,21,-16,20,-16,20,-15,20,-15,20,-15,21,-14,21,-13,21,-13,20,-12,20,-11,20,-11,19,-12,19]"
CSI_DATA,35277,d8:b1:90:db:e8:90,-54,11,1,7,0,0,1,0,0,0,1,-95,0,8,0,552802241,0,100,0,128,1,"[100,-64,5,0,-22,6,-21,6,-21,6,-20,6,-19,6,-19,6,-18,6,-17,7,-17,7,-16,7,-15,7,-15,8,-15,9,-16,9,-16,9,-16,8,-16,8,-17,8,-16,7,-16,8,-15,7,-15,7,-16,7,-17,7,-17,6,-5,1,0,0,0,0,0,0,0,0,0,0,0,0,0,0,0,0,0,0,-8,1,-29,7,-29,6,-29,4,-29,3,-30,3,-30,2,-30,2,-31,1,-30,1,-30,1,-30,1,-30,1,-30,1,-30,1,-29,1,-29,1,-28,2,-28,2,-27,2,-27,3,-26,3,-26,4,-25,5,-25,5,-24,6,-24,6]"
CSI_DATA,35278,d8:b1:90:db:e8:90,-54,11,1,7,0,0,1,0,0,0,1,-95,0,8,0,552812305,0,100,0,128,1,"[100,-64,5,0,-21,-8,-20,-8,-19,-7,-20,-7,-19,-7,-19,-7,-18,-6,-18,-6,-17,-5,-17,-5,-17,-5,-18,-4,-18,-4,-18,-3,-18,-3,-18,-4,-18,-4,-18,-4,-18,-4,-18,-4,-18,-4,-17,-5,-17,-5,-18,-5,-18,-6,-5,-2,0,0,0,0,0,0,0,0,0,0,0,0,0,0,0,0,0,0,-7,-3,-27,-11,-26,-12,-26,-13,-25,-14,-25,-15,-25,-15,-25,-16,-25,-16,-25,-17,-25,-17,-24,-17,-24,-17,-24,-16,-24,-16,-24,-16,-23,-16,-23,-15,-23,-14,-23,-14,-23,-13,-23,-12,-23,-12,-23,-11,-23,-10,-22,-10,-22,-9]"
CSI_DATA,35279,d8:b1:90:db:e8:90,-54,11,1,7,0,0,1,0,0,0,1,-95,0,8,0,552827197,0,100,0,128,1,"[100,-64,5,0,-15,-18,-15,-18,-15,-18,-15,-17,-14,-17,-13,-15,-13,-13,-15,-14,-15,-13,-14,-12,-15,-13,-15,-13,-15,-13,-15,-13,-16,-12,-15,-12,-14,-12,-14,-13,-13,-12,-14,-12,-14,-13,-13,-12,-13,-12,-13,-12,-13,-13,-4,-4,0,0,0,0,0,0,0,0,0,0,0,0,0,0,0,0,0,0,-5,-6,-20,-23,-19,-23,-18,-25,-17,-25,-17,-26,-16,-27,-15,-28,-15,-27,-14,-27,-14,-27,-15,-27,-15,-26,-15,-26,-15,-26,-14,-26,-13,-25,-14,-24,-14,-24,-15,-23,-16,-23,-16,-22,-16,-22,-16,-22,-17,-21,-18,-20,-18,-19]"
CSI_DATA,35280,d8:b1:90:db:e8:90,-54,11,1,7,0,0,1,0,0,0,1,-95,0,8,0,552844003,0,100,0,128,1,"[100,-64,5,0,-12,-20,-12,-19,-12,-18,-12,-17,-12,-16,-12,-16,-12,-15,-12,-15,-12,-14,-12,-14,-12,-14,-12,-14,-12,-13,-12,-13,-11,-13,-12,-13,-11,-13,-11,-13,-11,-13,-11,-13,-11,-13,-11,-14,-10,-14,-10,-14,-10,-14,-3,-4,0,0,0,0,0,0,0,0,0,0,0,0,0,0,0,0,0,0,-5,-7,-18,-25,-16,-26,-14,-27,-13,-27,-12,-27,-12,-27,-11,-27,-10,-27,-10,-28,-10,-28,-10,-28,-10,-28,-10,-28,-10,-28,-10,-27,-10,-26,-11,-26,-11,-25,-12,-25,-12,-24,-13,-24,-13,-23,-13,-22,-13,-22,-13,-21,-13,-20]"
CSI_DATA,35281,d8:b1:90:db:e8:90,-54,11,1,7,0,0,1,0,0,0,1,-95,0,8,0,552869389,0,100,0,128,1,"[100,-64,5,0,-7,-23,-7,-22,-7,-21,-7,-20,-7,-20,-7,-19,-7,-18,-9,-18,-9,-17,-9,-17,-10,-17,-10,-17,-10,-17,-10,-16,-10,-16,-9,-16,-9,-16,-9,-16,-8,-16,-9,-16,-9,-17,-9,-17,-8,-17,-8,-17,-7,-17,-2,-5,0,0,0,0,0,0,0,0,0,0,0,0,0,0,0,0,0,0,-3,-8,-10,-30,-8,-30,-7,-30,-6,-31,-5,-31,-5,-31,-5,-32,-4,-32,-4,-32,-3,-32,-3,-32,-3,-31,-2,-31,-3,-31,-3,-30,-4,-29,-4,-29,-5,-28,-5,-27,-5,-27,-6,-26,-6,-26,-6,-25,-6,-25,-6,-25,-7,-25]"
CSI_DATA,35282,d8:b1:90:db:e8:90,-54,11,1,7,0,0,1,0,0,0,1,-95,0,8,0,552880676,0,100,0,128,1,"[100,-64,5,0,7,-22,6,-21,6,-20,5,-20,4,-19,4,-19,4,-19,4,-20,4,-20,3,-19,2,-18,2,-18,2,-18,3,-18,3,-18,3,-18,3,-18,4,-17,4,-17,3,-18,3,-18,3,-17,3,-17,4,-17,5,-17,1,-5,0,0,0,0,0,0,0,0,0,0,0,0,0,0,0,0,0,0,2,-7,9,-28,10,-28,12,-28,13,-26,13,-26,14,-27,15,-26,15,-26,15,-26,16,-26,15,-26,14,-26,14,-25,14,-25,14,-25,14,-25,13,-25,13,-25,12,-25,11,-25,10,-25,10,-24,9,-24,9,-24,9,-23,9,-24]"
CSI_DATA,35283,d8:b1:90:db:e8:90,-54,11,1,7,0,0,1,0,0,0,1,-95,0,8,0,552892542,0,100,0,128,1,"[100,-64,5,0,11,-18,11,-18,10,-17,10,-17,10,-16,9,-16,9,-16,9,-16,10,-16,9,-16,8,-16,8,-17,8,-17,8,-17,8,-17,8,-17,8,-16,8,-16,8,-16,8,-16,8,-16,8,-16,8,-16,9,-16,10,-16,2,-4,0,0,0,0,0,0,0,0,0,0,0,0,0,0,0,0,0,0,4,-6,18,-24,19,-23,20,-22,20,-21,21,-20,21,-20,22,-20,22,-21,22,-20,23,-20,23,-20,23,-19,23,-19,22,-19,21,-18,20,-19,20,-19,19,-19,18,-19,17,-19,16,-20,15,-20,15,-19,14,-19,14,-19,13,-19]"
CSI_DATA,35284,d8:b1:90:db:e8:90,-54,11,1,7,0,0,1,0,0,0,1,-95,0,8,0,552903259,0,100,0,128,1,"[100,-64,5,0,20,6,20,5,19,5,19,5,18,5,18,4,17,4,17,3,17,3,17,3,17,4,17,4,17,3,17,3,17,3,17,3,17,3,17,3,17,3,17,3,16,4,16,4,16,5,17,5,17,6,4,1,0,0,0,0,0,0,0,0,0,0,0,0,0,0,0,0,0,0,7,2,28,10,27,11,26,12,25,12,25,13,26,14,27,14,27,15,26,15,26,16,26,16,26,16,26,16,25,16,24,15,24,14,23,13,23,12,24,11,24,10,24,10,23,9,23,8,23,8,23,7,23,6]"
CSI_DATA,35285,d8:b1:90:db:e8:90,-54,11,1,7,0,0,1,0,0,0,1,-95,0,8,0,552919461,0,100,0,128,1,"[100,-64,5,0,-21,7,-20,7,-20,7,-19,7,-18,7,-17,7,-17,7,-17,7,-16,7,-16,6,-15,6,-15,7,-16,7,-16,8,-16,8,-16,8,-16,8,-16,8,-16,7,-16,7,-16,6,-16,6,-16,6,-17,6,-17,5,-5,1,0,0,0,0,0,0,0,0,0,0,0,0,0,0,0,0,0,0,-8,2,-30,9,-30,8,-29,6,-29,4,-30,4,-30,4,-31,4,-31,4,-32,3,-31,3,-31,3,-31,3,-30,3,-30,3,-30,3,-29,4,-28,5,-28,5,-27,5,-26,5,-26,6,-25,6,-24,7,-24,7,-23,7,-22,8]"
CSI_DATA,35286,d8:b1:90:db:e8:90,-55,11,1,5,0,0,1,0,1,0,0,-95,0,8,0,552932943,0,100,0,128,1,"[100,-64,5,0,14,6,13,3,13,0,14,-2,14,-4,14,-5,14,-7,14,-8,13,-8,13,-7,12,-5,10,-4,9,-2,7,0,5,3,2,5,0,7,-2,8,-4,9,-5,9,-5,10,-5,10,-4,9,-3,8,-2,7,-1,1,0,0,0,0,0,0,0,0,0,0,0,0,0,0,0,0,0,0,2,6,9,27,7,27,6,25,5,23,6,20,7,17,10,13,13,10,17,7,21,5,24,3,28,2,31,1,34,1,35,2,36,3,36,5,35,6,34,7,32,9,30,10,28,12,25,12,23,12,21,12,19,11]"
CSI_DATA,35287,d8:b1:90:db:e8:90,-55,11,1,7,0,0,1,0,0,0,1,-95,0,8,0,552946488,0,100,0,128,1,"[100,-64,5,0,15,-10,15,-10,14,-10,14,-11,14,-11,13,-10,13,-10,13,-11,13,-11,12,-11,12,-12,11,-12,12,-13,12,-13,12,-14,12,-14,13,-14,13,-14,13,-13,13,-13,12,-13,12,-12,13,-12,14,-12,15,-12,4,-3,0,0,0,0,0,0,0,0,0,0,0,0,0,0,0,0,0,0,6,-4,25,-15,25,-14,25,-13,25,-12,26,-11,26,-11,27,-10,27,-10,27,-10,27,-9,27,-9,27,-9,26,-9,25,-9,24,-9,23,-10,22,-10,22,-10,21,-10,20,-10,20,-10,19,-11,18,-11,18,-11,18,-11,18,-11]"
CSI_DATA,35288,d8:b1:90:db:e8:90,-57,11,1,7,0,0,1,0,0,0,1,-95,0,8,0,552973052,0,100,0,128,1,"[100,-64,5,0,-17,-5,-17,-5,-17,-5,-17,-4,-17,-4,-17,-3,-17,-3,-17,-2,-18,-2,-18,-2,-18,-2,-18,-2,-19,-2,-19,-2,-19,-2,-19,-2,-20,-2,-20,-2,-19,-3,-19,-3,-19,-3,-19,-4,-19,-3,-19,-2,-19,-1,-5,-1,0,0,0,0,0,0,0,0,0,0,0,0,0,0,0,0,0,0,-7,-2,-25,-8,-24,-9,-24,-11,-24,-11,-23,-12,-23,-12,-23,-12,-23,-12,-23,-12,-22,-13,-22,-13,-21,-13,-21,-12,-20,-12,-19,-11,-19,-10,-19,-10,-19,-9,-19,-9,-18,-8,-18,-8,-18,-7,-18,-7,-17,-7,-17,-6,-17,-6]"
CSI_DATA,35289,d8:b1:90:db:e8:90,-56,11,1,7,0,0,1,0,0,0,1,-95,0,8,0,552983431,0,100,0,128,1,"[100,-64,5,0,-15,15,-14,15,-13,15,-12,16,-12,16,-11,16,-11,16,-10,17,-10,17,-10,17,-10,17,-10,18,-10,18,-10,19,-10,19,-10,19,-11,19,-11,19,-11,18,-11,18,-11,18,-11,18,-10,17,-10,17,-9,17,-3,4,0,0,0,0,0,0,0,0,0,0,0,0,0,0,0,0,0,0,-6,5,-21,20,-22,17,-23,15,-25,15,-26,16,-25,16,-24,15,-24,15,-25,15,-26,15,-26,14,-25,13,-24,12,-24,12,-22,12,-22,12,-21,12,-21,13,-20,13,-19,13,-18,13,-18,13,-17,13,-17,13,-16,13,-16,14]"
CSI_DATA,35290,d8:b1:90:db:e8:90,-57,11,1,7,0,0,1,0,0,0,1,-95,0,8,0,552995022,0,100,0,128,1,"[100,-64,5,0,9,-17,9,-17,9,-18,9,-18,8,-19,8,-18,8,-19,7,-20,6,-21,6,-21,5,-22,5,-22,6,-23,6,-23,6,-23,6,-22,6,-22,6,-22,7,-21,7,-21,7,-21,7,-21,8,-21,9,-21,10,-20,2,-5,0,0,0,0,0,0,0,0,0,0,0,0,0,0,0,0,0,0,3,-6,15,-24,16,-23,17,-22,17,-21,18,-20,18,-20,18,-20,18,-20,18,-19,18,-19,18,-19,17,-19,16,-18,16,-18,16,-17,16,-17,15,-17,14,-17,13,-17,13,-17,12,-17,11,-17,11,-17,10,-17,10,-18,10,-19]"
CSI_DATA,35291,d8:b1:90:db:e8:90,-56,11,1,7,0,0,1,0,0,0,1,-95,0,8,0,553008182,0,100,0,128,1,"[100,-64,5,0,3,-19,3,-19,2,-19,1,-19,0,-19,0,-19,-1,-19,-1,-20,-1,-20,-1,-20,-2,-20,-2,-21,-2,-21,-2,-21,-2,-21,-2,-21,-2,-21,-2,-21,-2,-21,-2,-21,-2,-21,-2,-21,-1,-21,-1,-21,0,-21,0,-6,0,0,0,0,0,0,0,0,0,0,0,0,0,0,0,0,0,0,1,-7,6,-25,7,-24,8,-24,8,-23,9,-22,9,-22,9,-22,9,-22,10,-21,10,-21,11,-21,11,-20,10,-20,10,-20,9,-19,8,-19,8,-19,8,-19,7,-19,6,-19,5,-18,5,-19,5,-19,5,-19,5,-19,5,-19]"
CSI_DATA,35292,d8:b1:90:db:e8:90,-56,11,1,7,0,0,1,0,0,0,1,-95,0,8,0,553026165,0,100,0,128,1,"[100,-64,5,0,-21,0,-20,0,-20,1,-19,2,-19,3,-19,3,-19,4,-19,5,-19,6,-19,6,-19,6,-19,6,-19,6,-19,6,-19,6,-18,6,-18,7,-18,6,-18,6,-19,6,-19,5,-19,4,-18,4,-19,4,-19,3,-5,0,0,0,0,0,0,0,0,0,0,0,0,0,0,0,0,0,0,0,-7,-1,-25,-2,-24,-3,-24,-4,-24,-5,-24,-6,-23,-6,-23,-6,-23,-7,-23,-7,-23,-8,-22,-8,-22,-8,-22,-8,-22,-7,-21,-7,-21,-6,-21,-6,-20,-6,-21,-5,-21,-5,-20,-4,-20,-3,-21,-3,-21,-2,-21,-2,-21,-1]"
CSI_DATA,35293,d8:b1:90:db:e8:90,-55,11,1,7,0,0,1,0,0,0,1,-95,0,8,0,553039935,0,100,0,128,1,"[100,-64,5,0,-19,13,-18,12,-18,13,-17,13,-16,13,-15,13,-15,14,-15,15,-14,16,-14,15,-13,16,-12,16,-11,16,-11,17,-11,16,-11,16,-11,16,-11,16,-11,15,-11,15,-11,15,-11,14,-12,14,-13,13,-13,13,-4,3,0,0,0,0,0,0,0,0,0,0,0,0,0,0,0,0,0,0,-5,4,-19,16,-20,15,-22,13,-23,12,-23,12,-24,11,-24,11,-24,10,-25,10,-25,9,-25,9,-25,9,-25,8,-24,8,-24,9,-23,10,-23,10,-22,10,-23,9,-23,9,-22,9,-22,10,-21,11,-21,11,-20,11,-21,12]"
CSI_DATA,35294,d8:b1:90:db:e8:90,-54,11,1,7,0,0,1,0,0,0,1,-95,0,8,0,553051777,0,100,0,128,1,"[100,-64,5,0,4,-24,3,-24,3,-23,2,-22,1,-22,1,-21,0,-21,-1,-22,-1,-22,-2,-21,-3,-21,-4,-21,-4,-20,-4,-20,-4,-20,-4,-20,-3,-19,-3,-19,-3,-18,-2,-18,-3,-18,-3,-18,-2,-18,-1,-18,0,-18,0,-5,0,0,0,0,0,0,0,0,0,0,0,0,0,0,0,0,0,0,0,-7,2,-26,3,-26,6,-26,7,-26,8,-26,9,-26,9,-26,10,-26,11,-26,11,-26,11,-26,11,-25,11,-25,11,-25,10,-25,9,-25,9,-25,9,-25,10,-24,9,-24,9,-23,8,-24,7,-24,6,-24,6,-24,6,-25]"
CSI_DATA,35295,d8:b1:90:db:e8:90,-54,11,1,7,0,0,1,0,0,0,1,-95,0,8,0,553074846,0,100,0,128,1,"[100,-64,5,0,-24,-2,-24,-2,-23,-1,-23,0,-22,0,-21,0,-20,1,-20,2,-20,3,-19,3,-19,3,-19,4,-19,4,-19,5,-19,5,-19,5,-19,5,-19,5,-18,4,-18,4,-18,3,-17,3,-18,3,-18,2,-18,1,-5,0,0,0,0,0,0,0,0,0,0,0,0,0,0,0,0,0,0,0,-8,0,-29,0,-29,-1,-29,-3,-29,-4,-29,-5,-29,-6,-29,-6,-29,-6,-29,-7,-29,-7,-29,-8,-29,-8,-28,-8,-28,-8,-29,-8,-29,-8,-28,-8,-28,-8,-27,-7,-26,-6,-26,-6,-26,-5,-27,-4,-27,-4,-26,-3,-26,-3]"
CSI_DATA,35296,d8:b1:90:db:e8:90,-54,11,1,7,0,0,1,0,0,0,1,-95,0,8,0,553087170,0,100,0,128,1,"[100,-64,5,0,-3,24,-3,23,-2,22,-1,22,0,21,0,20,1,19,1,19,1,19,2,18,2,18,3,18,3,18,3,18,3,17,3,18,2,18,2,17,2,17,2,17,2,17,2,17,1,17,0,16,-1,16,-1,4,0,0,0,0,0,0,0,0,0,0,0,0,0,0,0,0,0,0,0,7,-1,29,-3,29,-5,29,-6,29,-7,29,-7,29,-7,29,-7,28,-8,28,-9,28,-9,29,-9,29,-10,28,-10,29,-10,29,-10,29,-10,28,-10,28,-8,27,-7,26,-6,26,-6,26,-5,26,-4,27,-4,26,-4,26]"
CSI_DATA,35297,d8:b1:90:db:e8:90,-54,11,1,7,0,0,1,0,0,0,1,-95,0,8,0,553097904,0,100,0,128,1,"[100,-64,5,0,20,-4,20,-4,19,-5,19,-5,18,-6,17,-6,16,-7,16,-7,15,-8,14,-8,14,-8,14,-8,14,-8,14,-9,14,-9,14,-9,14,-9,13,-9,13,-9,13,-9,13,-9,13,-8,13,-8,14,-8,15,-7,3,-2,0,0,0,0,0,0,0,0,0,0,0,0,0,0,0,0,0,0,7,-2,28,-5,28,-4,27,-3,27,-2,27,-1,28,-1,28,0,29,1,29,1,28,2,28,3,28,3,28,3,28,3,28,2,28,1,28,1,27,0,26,0,26,-1,25,-1,25,-2,23,-2,23,-2,23,-2,23,-3]"
CSI_DATA,35298,d8:b1:90:db:e8:90,-54,11,1,7,0,0,1,0,0,0,1,-95,0,8,0,553110465,0,100,0,128,1,"[100,-64,5,0,-15,17,-14,17,-14,17,-13,16,-12,16,-11,16,-10,16,-10,16,-9,16,-8,15,-8,15,-8,16,-8,16,-8,16,-7,16,-7,16,-7,16,-8,16,-8,15,-7,15,-7,15,-7,15,-7,15,-9,16,-10,15,-3,3,0,0,0,0,0,0,0,0,0,0,0,0,0,0,0,0,0,0,-5,5,-20,23,-21,22,-22,20,-22,19,-23,19,-24,19,-24,19,-24,19,-25,19,-25,18,-26,18,-26,18,-26,18,-26,18,-25,18,-25,18,-24,19,-23,18,-22,18,-21,18,-20,19,-19,18,-19,18,-18,18,-18,18,-18,18]"
CSI_DATA,35299,d8:b1:90:db:e8:90,-54,11,1,6,0,0,1,0,0,0,1,-95,0,8,0,553125603,0,100,0,128,1,"[100,-64,5,0,17,2,15,-1,13,-4,11,-7,9,-9,8,-10,6,-12,5,-14,4,-15,3,-15,2,-13,1,-12,0,-11,0,-9,0,-7,0,-5,0,-4,0,-2,1,-1,1,0,3,0,4,1,6,0,7,-1,9,-2,2,-1,0,0,0,0,0,0,0,0,0,0,0,0,0,0,0,0,0,0,2,6,9,26,8,25,6,23,6,20,7,16,9,12,12,7,16,3,20,-1,24,-4,29,-7,33,-8,36,-9,39,-10,42,-10,43,-9,44,-7,44,-5,43,-3,42,-1,40,1,38,3,35,5,32,6,29,7,27,7]"
CSI_DATA,35300,d8:b1:90:db:e8:90,-55,11,1,6,0,0,1,0,0,0,1,-95,0,8,0,553138419,0,100,0,128,1,"[100,-64,5,0,-18,-3,-16,-1,-14,2,-13,4,-11,6,-10,8,-9,10,-8,12,-7,12,-5,12,-4,11,-2,9,-1,8,-1,7,0,5,1,3,2,1,2,0,2,-2,1,-3,-1,-3,-2,-4,-4,-3,-6,-2,-8,-2,-2,-1,0,0,0,0,0,0,0,0,0,0,0,0,0,0,0,0,0,0,-2,-7,-8,-28,-6,-27,-5,-25,-5,-22,-6,-18,-8,-14,-11,-9,-14,-5,-18,-1,-23,2,-27,5,-31,6,-35,7,-38,8,-41,7,-42,6,-43,4,-43,2,-42,0,-40,-2,-38,-4,-36,-6,-34,-7,-31,-8,-28,-9,-26,-9]"
CSI_DATA,35301,d8:b1:90:db:e8:90,-55,11,1,6,0,0,1,0,0,0,1,-95,0,8,0,553148882,0,100,0,128,1,"[100,-64,5,0,-5,-18,-7,-16,-9,-14,-11,-12,-12,-10,-14,-9,-15,-8,-15,-6,-14,-4,-13,-3,-12,-3,-10,-2,-8,-1,-5,0,-3,1,-1,1,1,2,3,2,4,2,5,2,4,1,3,0,2,-2,1,-4,0,-6,-1,-2,0,0,0,0,0,0,0,0,0,0,0,0,0,0,0,0,0,0,5,-6,22,-20,23,-18,21,-15,19,-13,16,-12,11,-12,6,-13,0,-14,-5,-16,-10,-18,-14,-21,-18,-24,-20,-27,-21,-29,-22,-32,-21,-33,-20,-34,-18,-35,-17,-35,-14,-35,-12,-34,-10,-34,-7,-32,-5,-30,-4,-28,-2,-26]"
CSI_DATA,35302,d8:b1:90:db:e8:90,-57,11,1,6,0,0,1,0,0,0,1,-95,0,8,0,553174006,0,100,0,128,1,"[100,-64,5,0,-19,-4,-19,-1,-19,1,-19,3,-18,4,-17,6,-17,7,-16,7,-15,7,-13,7,-11,5,-9,3,-6,2,-4,1,-1,-1,2,-2,4,-3,6,-4,7,-4,8,-5,7,-5,6,-5,5,-4,2,-4,0,-4,0,-1,0,0,0,0,0,0,0,0,0,0,0,0,0,0,0,0,0,0,-4,-7,-13,-27,-11,-26,-8,-25,-7,-23,-7,-20,-8,-16,-10,-11,-12,-7,-16,-4,-19,-1,-23,1,-26,2,-30,3,-33,3,-34,2,-35,1,-36,-1,-36,-2,-35,-4,-33,-6,-32,-7,-30,-8,-28,-9,-26,-10,-24,-10,-22,-10]"
CSI_DATA,35303,d8:b1:90:db:e8:90,-57,11,1,7,0,0,1,0,0,0,0,-95,0,8,0,553190409,0,100,0,128,1,"[100,-64,5,0,-16,-10,-16,-9,-16,-9,-16,-8,-16,-8,-16,-7,-17,-7,-17,-6,-17,-6,-17,-6,-18,-6,-19,-6,-19,-6,-20,-6,-20,-5,-20,-5,-20,-5,-20,-5,-20,-5,-20,-5,-21,-5,-21,-6,-21,-6,-21,-6,-21,-7,-6,-2,0,0,0,0,0,0,0,0,0,0,0,0,0,0,0,0,0,0,-6,-5,-23,-18,-21,-19,-20,-20,-18,-21,-18,-21,-18,-22,-19,-24,-18,-24,-17,-22,-16,-22,-16,-22,-16,-22,-16,-21,-16,-21,-15,-20,-15,-20,-15,-19,-15,-18,-15,-17,-16,-16,-16,-15,-16,-14,-16,-13,-16,-13,-15,-12,-15,-12]"
CSI_DATA,35304,d8:b1:90:db:e8:90,-55,11,1,7,0,0,1,0,0,0,0,-95,0,8,0,553201261,0,100,0,128,1,"[100,-64,5,0,-17,-4,-17,-4,-17,-4,-17,-2,-18,-2,-17,-1,-17,-1,-17,0,-17,1,-18,1,-18,1,-19,1,-19,1,-19,2,-19,2,-19,2,-19,3,-20,3,-20,2,-20,2,-20,2,-19,1,-20,1,-20,1,-21,1,-6,0,0,0,0,0,0,0,0,0,0,0,0,0,0,0,0,0,0,0,-8,-2,-28,-8,-26,-9,-25,-9,-25,-10,-25,-10,-25,-11,-24,-12,-23,-13,-24,-13,-23,-14,-22,-15,-22,-14,-21,-13,-21,-13,-21,-14,-21,-13,-20,-12,-20,-12,-19,-11,-19,-10,-18,-9,-18,-9,-18,-8,-18,-8,-18,-7,-18,-6]"
CSI_DATA,35305,d8:b1:90:db:e8:90,-57,11,1,7,0,0,1,0,0,0,0,-95,0,8,0,553212805,0,100,0,128,1,"[100,-64,5,0,2,-18,2,-17,2,-17,1,-18,0,-18,0,-17,-1,-17,-1,-18,-1,-18,-2,-18,-2,-19,-3,-19,-3,-20,-2,-19,-2,-20,-3,-20,-3,-20,-2,-20,-2,-20,-2,-20,-2,-20,-2,-20,-2,-20,-1,-19,0,-19,0,-5,0,0,0,0,0,0,0,0,0,0,0,0,0,0,0,0,0,0,0,-6,4,-24,4,-23,6,-23,6,-23,7,-23,7,-23,8,-22,8,-22,8,-22,8,-22,8,-22,8,-22,8,-22,8,-21,7,-20,7,-20,6,-19,6,-19,5,-19,4,-19,4,-18,4,-18,4,-18,4,-18,3,-18,3,-18]"
CSI_DATA,35306,d8:b1:90:db:e8:90,-55,11,1,7,0,0,1,0,0,0,0,-95,0,8,0,553225481,0,100,0,128,1,"[100,-64,5,0,-4,20,-4,19,-3,19,-2,19,-1,19,-1,19,-1,19,-1,19,-1,19,0,19,0,19,0,19,0,19,0,19,0,18,0,18,-1,18,-1,18,-1,18,-1,18,-1,18,-1,18,-1,18,-2,18,-3,18,-1,4,0,0,0,0,0,0,0,0,0,0,0,0,0,0,0,0,0,0,-2,5,-7,23,-8,23,-9,23,-10,23,-10,23,-11,23,-11,23,-11,23,-12,22,-12,22,-12,22,-11,22,-11,21,-11,21,-11,21,-10,21,-10,20,-9,20,-9,20,-8,20,-7,19,-7,20,-6,20,-6,20,-5,20,-5,20]"
CSI_DATA,35307,d8:b1:90:db:e8:90,-55,11,1,6,0,0,1,0,0,0,1,-95,0,8,0,553243599,0,100,0,128,1,"[100,-64,5,0,-13,-20,-13,-19,-13,-18,-14,-17,-15,-16,-15,-16,-15,-15,-15,-15,-15,-15,-15,-16,-15,-16,-15,-15,-15,-15,-15,-14,-15,-14,-14,-15,-13,-14,-13,-14,-12,-14,-12,-14,-12,-15,-11,-15,-11,-15,-10,-15,-9,-16,-3,-4,0,0,0,0,0,0,0,0,0,0,0,0,0,0,0,0,0,0,-4,-6,-14,-23,-13,-23,-12,-24,-11,-24,-11,-25,-10,-25,-10,-25,-9,-25,-9,-26,-8,-26,-8,-26,-8,-26,-8,-26,-8,-26,-8,-25,-9,-25,-9,-24,-9,-24,-9,-23,-10,-22,-10,-22,-11,-22,-12,-21,-12,-21,-12,-21,-11,-21]"
CSI_DATA,35308,d8:b1:90:db:e8:90,-55,11,1,6,0,0,1,0,0,0,1,-95,0,8,0,553255059,0,100,0,128,1,"[100,-64,5,0,-21,10,-20,10,-20,10,-19,10,-18,11,-18,11,-17,11,-16,11,-16,12,-16,11,-16,11,-15,11,-16,11,-16,11,-16,11,-16,11,-16,11,-16,11,-16,11,-16,10,-15,9,-15,9,-16,8,-17,7,-17,6,-5,1,0,0,0,0,0,0,0,0,0,0,0,0,0,0,0,0,0,0,-6,2,-24,8,-25,7,-26,7,-26,6,-26,5,-27,5,-27,5,-27,5,-27,4,-28,4,-28,4,-28,4,-27,3,-27,3,-26,4,-26,4,-25,5,-25,5,-25,6,-24,7,-24,8,-23,8,-23,8,-23,8,-23,9,-22,9]"
CSI_DATA,35309,d8:b1:90:db:e8:90,-54,11,1,6,0,0,1,0,0,0,1,-95,0,8,0,553276336,0,100,0,128,1,"[100,-64,5,0,-24,2,-23,3,-22,3,-22,2,-21,2,-20,3,-20,3,-19,4,-18,4,-18,4,-18,4,-18,3,-18,4,-18,4,-18,4,-18,4,-18,5,-17,4,-17,4,-17,4,-17,3,-17,3,-17,2,-17,2,-18,1,-5,0,0,0,0,0,0,0,0,0,0,0,0,0,0,0,0,0,0,0,-8,0,-29,2,-29,1,-29,-1,-29,-2,-29,-2,-29,-3,-30,-3,-30,-3,-30,-3,-30,-4,-30,-4,-30,-4,-29,-5,-29,-5,-28,-4,-28,-3,-28,-2,-28,-2,-28,-1,-28,0,-28,0,-27,1,-27,2,-26,2,-26,2,-25,3]"
CSI_DATA,35310,d8:b1:90:db:e8:90,-54,11,1,6,0,0,1,0,0,0,1,-95,0,8,0,553293437,0,100,0,128,1,"[100,-64,5,0,-11,-20,-11,-19,-11,-18,-11,-18,-11,-17,-11,-16,-11,-15,-10,-15,-10,-14,-11,-14,-12,-13,-12,-13,-12,-13,-12,-12,-12,-12,-12,-13,-12,-12,-12,-12,-12,-12,-12,-12,-12,-13,-12,-13,-12,-13,-12,-13,-11,-14,-3,-4,0,0,0,0,0,0,0,0,0,0,0,0,0,0,0,0,0,0,-3,-7,-12,-27,-10,-28,-9,-28,-7,-29,-7,-29,-7,-30,-7,-30,-6,-31,-6,-31,-5,-31,-4,-30,-4,-30,-4,-30,-4,-30,-5,-29,-5,-28,-5,-28,-6,-27,-7,-27,-8,-26,-8,-25,-9,-25,-9,-24,-9,-24,-9,-23,-9,-23]"
CSI_DATA,35311,d8:b1:90:db:e8:90,-56,11,1,7,0,0,1,0,0,0,1,-95,0,8,0,553303784,0,100,0,128,1,"[100,-64,5,0,-18,-13,-17,-12,-17,-11,-17,-11,-16,-11,-16,-10,-16,-9,-15,-8,-15,-7,-15,-7,-15,-7,-16,-6,-16,-6,-15,-5,-16,-5,-16,-6,-16,-6,-15,-6,-15,-6,-16,-6,-16,-6,-16,-7,-16,-7,-16,-7,-16,-7,-4,-2,0,0,0,0,0,0,0,0,0,0,0,0,0,0,0,0,0,0,-6,-5,-22,-19,-21,-20,-20,-22,-19,-23,-18,-23,-18,-25,-18,-25,-17,-25,-16,-26,-15,-25,-15,-24,-16,-24,-17,-24,-17,-25,-16,-25,-16,-23,-17,-22,-17,-21,-17,-21,-17,-20,-18,-19,-18,-19,-18,-18,-18,-17,-18,-16,-18,-16]"
CSI_DATA,35312,d8:b1:90:db:e8:90,-56,11,1,7,0,0,1,0,0,0,1,-95,0,8,0,553314187,0,100,0,128,1,"[100,-64,5,0,16,8,15,8,15,7,15,6,15,6,14,5,14,4,13,4,13,4,13,4,13,3,13,3,14,3,14,2,14,2,15,2,15,2,15,2,14,2,15,2,15,3,15,3,15,4,15,4,15,4,3,1,0,0,0,0,0,0,0,0,0,0,0,0,0,0,0,0,0,0,6,3,24,13,24,14,23,15,22,16,22,16,22,17,22,17,22,18,22,18,21,19,21,19,20,18,20,18,20,18,20,18,20,17,19,17,19,16,19,15,19,14,19,13,19,12,18,12,18,11,18,11,17,10]"
CSI_DATA,35313,d8:b1:90:db:e8:90,-56,11,1,7,0,0,1,0,0,0,1,-95,0,8,0,553324888,0,100,0,128,1,"[100,-64,5,0,8,-15,7,-15,7,-14,6,-14,5,-14,5,-13,4,-13,4,-13,4,-13,4,-13,3,-13,3,-14,3,-14,3,-14,3,-14,3,-15,3,-15,3,-15,3,-15,3,-16,3,-16,3,-16,3,-16,4,-16,5,-16,1,-4,0,0,0,0,0,0,0,0,0,0,0,0,0,0,0,0,0,0,3,-7,15,-24,15,-24,16,-23,17,-22,18,-22,18,-21,19,-22,19,-22,20,-21,20,-21,19,-21,19,-20,19,-20,19,-19,18,-19,18,-19,17,-19,16,-19,15,-18,14,-18,13,-18,13,-18,12,-18,11,-17,11,-17,10,-17]"
CSI_DATA,35314,d8:b1:90:db:e8:90,-57,11,1,7,0,0,1,0,0,0,1,-95,0,8,0,553338245,0,100,0,128,1,"[100,-64,5,0,4,14,4,13,5,12,5,12,6,11,6,11,6,10,6,10,6,9,6,9,7,9,8,10,8,10,8,9,9,9,9,10,9,10,9,10,9,10,9,10,10,11,10,11,10,11,9,12,9,12,2,3,0,0,0,0,0,0,0,0,0,0,0,0,0,0,0,0,0,0,1,6,5,26,4,26,3,26,2,26,1,26,1,27,1,27,0,27,0,27,0,27,0,27,0,26,0,26,0,25,0,25,0,24,0,23,1,22,2,21,2,21,3,20,3,19,3,19,4,18,4,17,4,16]"
CSI_DATA,35315,d8:b1:90:db:e8:90,-57,11,1,7,0,0,1,0,0,0,1,-95,0,8,0,553348837,0,100,0,128,1,"[100,-64,5,0,10,-9,9,-9,9,-9,9,-9,8,-9,7,-9,7,-9,7,-10,6,-10,6,-10,5,-11,5,-12,5,-12,5,-13,5,-13,5,-14,5,-14,5,-14,5,-15,5,-15,4,-15,4,-15,5,-15,6,-15,6,-16,1,-4,0,0,0,0,0,0,0,0,0,0,0,0,0,0,0,0,0,0,5,-4,22,-16,22,-15,23,-13,23,-12,23,-12,24,-12,24,-12,24,-12,24,-12,24,-11,23,-11,23,-11,22,-10,22,-10,22,-10,21,-10,20,-10,19,-10,18,-10,17,-11,16,-11,15,-11,15,-11,14,-11,13,-10,12,-10]"
CSI_DATA,35316,d8:b1:90:db:e8:90,-57,11,1,7,0,0,1,0,0,0,1,-95,0,8,0,553360337,0,100,0,128,1,"[100,-64,5,0,5,-15,5,-14,4,-14,4,-14,3,-13,2,-13,1,-13,0,-13,-1,-14,-1,-14,-2,-14,-4,-15,-4,-15,-4,-15,-4,-15,-4,-16,-4,-16,-4,-16,-4,-17,-4,-17,-5,-18,-5,-18,-4,-18,-3,-18,-2,-18,-1,-5,0,0,0,0,0,0,0,0,0,0,0,0,0,0,0,0,0,0,3,-7,13,-28,14,-27,15,-26,16,-26,16,-25,17,-25,17,-25,17,-25,17,-25,18,-24,18,-23,18,-23,17,-22,16,-22,16,-21,15,-21,14,-20,13,-20,12,-20,11,-20,10,-19,9,-19,9,-18,9,-18,9,-17,8,-16]"
CSI_DATA,35317,d8:b1:90:db:e8:90,-57,11,1,7,0,0,1,0,0,0,1,-95,0,8,0,553378308,0,100,0,128,1,"[100,-64,5,0,8,14,8,13,8,12,8,12,9,11,9,10,9,9,10,8,10,7,11,7,12,6,13,6,14,5,14,4,14,4,15,4,15,4,15,3,15,3,16,4,16,4,16,5,16,5,16,5,16,6,4,1,0,0,0,0,0,0,0,0,0,0,0,0,0,0,0,0,0,0,4,6,15,25,14,25,13,26,12,26,12,27,11,27,11,27,11,27,10,27,10,27,9,27,9,26,9,26,8,25,8,24,8,23,8,22,8,22,9,21,9,20,10,19,9,18,9,18,8,18,8,17,8,16]"
CSI_DATA,35318,d8:b1:90:db:e8:90,-57,11,1,7,0,0,1,0,0,0,1,-95,0,8,0,553393147,0,100,0,128,1,"[100,-64,5,0,-12,-12,-12,-12,-12,-11,-13,-11,-13,-11,-13,-10,-13,-10,-13,-9,-13,-9,-13,-8,-14,-9,-16,-9,-17,-8,-17,-8,-17,-8,-18,-8,-18,-8,-18,-8,-18,-8,-18,-8,-18,-8,-18,-9,-18,-9,-18,-9,-18,-10,-5,-3,0,0,0,0,0,0,0,0,0,0,0,0,0,0,0,0,0,0,-5,-6,-18,-23,-18,-23,-16,-24,-16,-24,-15,-24,-15,-25,-14,-25,-14,-25,-14,-25,-14,-25,-13,-25,-13,-25,-13,-24,-13,-24,-13,-23,-13,-22,-13,-20,-13,-20,-13,-19,-13,-18,-13,-17,-13,-16,-13,-16,-12,-15,-12,-15,-12,-14]"
CSI_DATA,35319,d8:b1:90:db:e8:90,-57,11,1,7,0,0,1,0,0,0,1,-95,0,8,0,553404416,0,100,0,128,1,"[100,-64,5,0,16,7,16,6,16,6,16,6,15,6,15,5,15,5,15,4,15,4,15,4,15,4,16,4,16,3,17,3,17,3,17,3,17,3,17,3,17,3,17,3,17,3,17,4,17,4,18,4,18,5,4,1,0,0,0,0,0,0,0,0,0,0,0,0,0,0,0,0,0,0,6,3,25,13,24,14,23,15,23,16,22,17,22,17,22,17,22,17,22,17,21,17,21,17,20,17,20,16,19,16,19,16,19,15,18,14,18,14,18,13,17,12,17,11,18,11,18,10,18,9,17,9,17,8]"
CSI_DATA,35320,d8:b1:90:db:e8:90,-57,11,1,7,0,0,1,0,0,0,1,-95,0,8,0,553416060,0,100,0,128,1,"[100,-64,5,0,18,-5,17,-5,17,-5,16,-5,16,-5,16,-5,16,-6,16,-6,15,-7,15,-7,15,-7,15,-7,16,-8,16,-8,16,-8,16,-8,16,-9,16,-9,16,-9,16,-9,16,-8,15,-8,16,-8,17,-8,17,-7,4,-2,0,0,0,0,0,0,0,0,0,0,0,0,0,0,0,0,0,0,6,-1,27,-4,27,-3,27,-1,26,0,26,0,27,1,27,0,27,0,27,1,27,1,26,1,26,1,25,1,25,2,24,1,24,1,23,1,22,0,22,-1,21,-1,21,-1,20,-2,20,-3,20,-3,19,-3,19,-4]"
CSI_DATA,35321,d8:b1:90:db:e8:90,-57,11,1,7,0,0,1,0,0,0,1,-95,0,8,0,553426828,0,100,0,128,1,"[100,-64,5,0,-15,-11,-15,-11,-15,-10,-15,-9,-15,-9,-15,-9,-15,-8,-16,-7,-16,-7,-16,-7,-16,-7,-17,-6,-17,-5,-17,-5,-17,-5,-16,-5,-16,-5,-16,-5,-16,-5,-17,-5,-17,-6,-17,-6,-16,-6,-17,-6,-17,-7,-4,-2,0,0,0,0,0,0,0,0,0,0,0,0,0,0,0,0,0,0,-6,-4,-22,-15,-21,-15,-20,-16,-19,-17,-18,-17,-18,-18,-18,-18,-18,-18,-18,-18,-17,-19,-17,-19,-16,-19,-16,-19,-16,-18,-16,-18,-16,-17,-16,-16,-16,-16,-16,-15,-16,-15,-16,-14,-16,-13,-16,-13,-16,-13,-16,-12,-16,-12]"
CSI_DATA,35322,d8:b1:90:db:e8:90,-57,11,1,7,0,0,1,0,0,0,1,-95,0,8,0,553436912,0,100,0,128,1,"[100,-64,5,0,1,20,1,19,2,18,2,18,3,18,3,17,4,17,4,17,5,17,5,17,6,17,7,17,7,17,7,17,7,16,7,17,6,16,6,16,6,16,6,16,6,17,6,17,6,17,5,17,4,17,1,4,0,0,0,0,0,0,0,0,0,0,0,0,0,0,0,0,0,0,0,6,3,26,1,26,0,26,-1,26,-2,27,-2,27,-3,27,-3,27,-3,27,-4,27,-4,26,-4,26,-4,25,-4,25,-4,24,-4,24,-4,23,-3,23,-2,23,-1,23,-1,22,0,22,0,21,0,21,1,21,1,21]"
CSI_DATA,35323,d8:b1:90:db:e8:90,-57,11,1,7,0,0,1,0,0,0,1,-95,0,8,0,553452855,0,100,0,128,1,"[100,-64,5,0,-12,14,-11,13,-11,13,-10,14,-9,14,-8,14,-8,14,-8,14,-8,14,-7,14,-6,14,-6,14,-6,15,-6,15,-6,15,-6,15,-6,15,-7,15,-7,15,-6,15,-6,15,-6,15,-6,15,-7,15,-8,15,-2,3,0,0,0,0,0,0,0,0,0,0,0,0,0,0,0,0,0,0,-4,5,-14,19,-15,18,-16,18,-17,18,-17,17,-18,16,-18,16,-19,16,-19,15,-20,15,-20,15,-20,15,-19,15,-19,14,-18,14,-17,15,-17,15,-16,14,-15,14,-15,14,-14,14,-14,14,-13,14,-13,14,-12,14,-12,15]"
CSI_DATA,35324,d8:b1:90:db:e8:90,-56,11,1,7,0,0,1,0,0,0,1,-95,0,8,0,553478674,0,100,0,128,1,"[100,-64,5,0,2,20,2,19,2,18,3,18,4,17,5,16,5,16,6,15,6,15,6,14,7,14,8,15,8,15,7,14,7,14,7,15,7,15,7,14,6,14,6,15,6,15,6,15,6,15,5,16,4,16,1,4,0,0,0,0,0,0,0,0,0,0,0,0,0,0,0,0,0,0,1,6,6,24,5,25,4,25,3,25,2,25,1,25,1,26,0,26,0,26,-1,26,-1,26,-2,26,-2,25,-2,25,-1,24,-1,23,-1,23,-1,22,0,23,0,23,1,22,1,22,1,21,1,21,2,21,3,20]"
CSI_DATA,35325,d8:b1:90:db:e8:90,-55,11,1,7,0,0,1,0,0,0,1,-95,0,8,0,553492238,0,100,0,128,1,"[100,-64,5,0,-10,16,-9,16,-9,15,-8,16,-7,16,-6,16,-6,15,-6,16,-5,16,-5,16,-4,16,-4,16,-4,16,-5,16,-4,17,-4,17,-4,17,-4,17,-4,16,-3,16,-3,16,-3,16,-3,16,-4,17,-5,17,-2,4,0,0,0,0,0,0,0,0,0,0,0,0,0,0,0,0,0,0,-3,5,-12,22,-14,22,-16,21,-17,20,-17,20,-18,20,-18,19,-19,19,-19,18,-20,18,-20,18,-20,18,-20,17,-19,17,-18,17,-18,17,-17,16,-16,17,-16,17,-15,17,-14,17,-13,17,-13,16,-13,16,-12,16,-12,16]"
CSI_DATA,35326,d8:b1:90:db:e8:90,-56,11,1,7,0,0,1,0,0,0,1,-95,0,8,0,553504320,0,100,0,128,1,"[100,-64,5,0,-13,14,-13,14,-12,14,-11,15,-11,15,-10,15,-9,15,-9,15,-8,15,-7,15,-7,15,-7,15,-7,16,-7,16,-7,16,-7,16,-7,16,-7,16,-7,16,-7,15,-7,15,-6,15,-7,15,-8,15,-8,15,-3,3,0,0,0,0,0,0,0,0,0,0,0,0,0,0,0,0,0,0,-4,5,-15,20,-17,19,-19,18,-20,17,-20,16,-21,16,-22,15,-22,15,-22,15,-23,15,-23,14,-23,14,-23,14,-22,14,-21,13,-21,13,-20,13,-20,14,-19,14,-19,14,-18,14,-17,14,-17,14,-16,14,-16,14,-16,14]"
CSI_DATA,35327,d8:b1:90:db:e8:90,-56,11,1,7,0,0,1,0,0,0,1,-95,0,8,0,553519423,0,100,0,128,1,"[100,-64,5,0,17,12,17,11,17,10,17,9,16,8,16,7,16,6,16,5,16,4,15,4,16,4,16,4,17,4,17,3,17,3,17,3,17,3,17,2,16,3,16,3,16,3,16,4,16,4,16,4,17,5,4,1,0,0,0,0,0,0,0,0,0,0,0,0,0,0,0,0,0,0,5,3,22,13,22,14,21,15,20,16,20,17,20,18,19,18,18,18,18,19,18,19,18,19,17,20,17,19,17,19,18,19,18,19,18,18,17,18,17,17,17,16,17,16,17,15,18,14,18,14,18,13,18,12]"
CSI_DATA,35328,d8:b1:90:db:e8:90,-57,11,1,7,0,0,1,0,0,0,1,-95,0,8,0,553531681,0,100,0,128,1,"[100,-64,5,0,19,3,19,4,17,4,16,1,17,1,17,1,17,0,16,-1,16,-2,16,-2,15,-2,15,-3,16,-4,16,-5,16,-5,16,-5,16,-6,16,-6,16,-6,16,-7,16,-6,16,-6,16,-6,17,-5,17,-5,4,-2,0,0,0,0,0,0,0,0,0,0,0,0,0,0,0,0,0,0,6,1,24,4,24,5,24,6,23,8,23,9,23,9,24,10,24,10,23,11,23,11,24,11,23,11,23,11,22,11,22,11,22,10,22,10,22,9,21,9,21,8,21,7,21,7,21,6,21,6,20,5,20,5]"
CSI_DATA,35329,d8:b1:90:db:e8:90,-56,11,1,7,0,0,1,0,0,0,1,-95,0,8,0,553541884,0,100,0,128,1,"[100,-64,5,0,16,-12,16,-12,15,-12,14,-12,13,-13,12,-13,12,-13,11,-14,11,-14,11,-14,10,-14,9,-14,9,-15,9,-15,9,-15,9,-16,10,-16,10,-15,10,-15,10,-15,10,-15,10,-15,10,-15,11,-15,12,-14,3,-4,0,0,0,0,0,0,0,0,0,0,0,0,0,0,0,0,0,0,4,-5,18,-18,19,-17,20,-17,21,-16,22,-15,22,-14,23,-14,23,-14,24,-13,24,-13,24,-12,24,-12,24,-12,24,-11,24,-11,23,-11,23,-12,22,-12,21,-11,20,-11,20,-11,20,-12,19,-12,19,-13,18,-13,18,-13]"
CSI_DATA,35330,d8:b1:90:db:e8:90,-55,11,1,7,0,0,1,0,0,0,1,-95,0,8,0,553552422,0,100,0,128,1,"[100,-64,5,0,16,9,16,9,16,8,16,7,16,6,16,6,16,5,16,4,16,3,16,3,16,3,16,3,16,2,17,1,17,1,18,1,18,1,18,1,18,1,18,1,18,2,18,2,18,3,18,3,18,3,4,1,0,0,0,0,0,0,0,0,0,0,0,0,0,0,0,0,0,0,6,2,24,8,24,9,23,10,23,11,22,12,22,13,22,14,22,14,22,15,22,16,21,16,21,16,21,16,20,16,20,15,20,15,20,15,20,14,19,14,19,13,19,13,19,12,19,11,19,11,19,11,19,10]"
CSI_DATA,35331,d8:b1:90:db:e8:90,-55,11,1,7,0,0,1,0,0,0,1,-95,0,8,0,553563844,0,100,0,128,1,"[100,-64,5,0,12,-18,11,-17,10,-17,9,-17,8,-16,7,-16,7,-16,6,-17,6,-17,5,-17,4,-17,4,-18,4,-18,4,-18,4,-18,3,-19,3,-19,4,-18,4,-18,4,-19,4,-19,4,-19,4,-19,5,-19,6,-18,1,-5,0,0,0,0,0,0,0,0,0,0,0,0,0,0,0,0,0,0,3,-6,13,-24,15,-23,16,-22,17,-21,18,-21,19,-21,19,-20,20,-20,21,-20,21,-19,21,-19,21,-19,20,-18,20,-18,20,-18,20,-18,19,-17,19,-18,18,-18,17,-18,16,-18,16,-18,15,-18,14,-18,14,-18,14,-18]"
CSI_DATA,35332,d8:b1:90:db:e8:90,-56,11,1,7,0,0,1,0,0,0,1,-95,0,8,0,553596110,0,100,0,128,1,"[100,-64,5,0,-17,-13,-17,-12,-16,-11,-16,-10,-16,-10,-16,-9,-16,-8,-16,-8,-16,-7,-16,-6,-16,-6,-17,-6,-17,-5,-17,-4,-17,-4,-17,-3,-17,-3,-17,-3,-16,-3,-14,-3,-13,-4,-13,-4,-14,-5,-17,-6,-18,-7,-5,-2,0,0,0,0,0,0,0,0,0,0,0,0,0,0,0,0,0,0,-6,-4,-23,-16,-22,-17,-21,-18,-20,-19,-20,-20,-20,-20,-19,-20,-19,-21,-19,-21,-18,-21,-18,-22,-17,-22,-18,-21,-18,-21,-18,-21,-18,-20,-18,-19,-18,-19,-18,-19,-18,-18,-18,-17,-17,-17,-17,-17,-17,-16,-17,-16,-17,-15]"
CSI_DATA,35333,d8:b1:90:db:e8:90,-55,11,1,7,0,0,1,0,0,0,1,-95,0,8,0,553610205,0,100,0,128,1,"[100,-64,5,0,-12,12,-12,12,-11,12,-10,13,-10,13,-9,13,-8,13,-8,13,-8,13,-8,13,-7,13,-7,13,-7,14,-7,14,-7,15,-7,15,-7,15,-7,15,-7,15,-7,15,-7,15,-7,15,-8,15,-9,15,-9,15,-3,3,0,0,0,0,0,0,0,0,0,0,0,0,0,0,0,0,0,0,-5,4,-18,18,-18,17,-18,16,-19,15,-20,14,-21,15,-22,15,-22,15,-22,14,-23,13,-22,13,-22,13,-22,13,-21,13,-21,13,-20,13,-19,13,-18,13,-17,14,-17,14,-16,14,-16,14,-15,14,-15,14,-15,13,-15,13]"
CSI_DATA,35334,d8:b1:90:db:e8:90,-54,11,1,7,0,0,1,0,0,0,1,-95,0,8,0,553623376,0,100,0,128,1,"[100,-64,5,0,-21,3,-20,3,-20,4,-19,5,-18,5,-18,6,-17,6,-17,7,-16,8,-16,8,-16,8,-16,8,-16,9,-17,9,-17,10,-16,9,-17,9,-17,9,-17,9,-18,9,-17,9,-17,8,-18,8,-19,8,-19,7,-5,1,0,0,0,0,0,0,0,0,0,0,0,0,0,0,0,0,0,0,-7,1,-28,5,-28,3,-29,2,-29,1,-29,-1,-30,-1,-30,-1,-30,-2,-30,-3,-30,-3,-30,-4,-30,-4,-29,-4,-29,-4,-29,-4,-28,-3,-28,-3,-27,-2,-26,-1,-25,-1,-25,0,-24,0,-24,1,-24,2,-23,2,-23,2]"
CSI_DATA,35335,d8:b1:90:db:e8:90,-55,11,1,7,0,0,1,0,0,0,1,-95,0,8,0,553633753,0,100,0,128,1,"[100,-64,5,0,6,18,6,17,7,17,8,16,8,15,8,15,9,14,9,13,9,13,10,13,11,13,11,13,12,14,12,13,12,13,12,13,12,13,12,14,12,14,12,14,12,14,12,15,12,15,11,15,11,16,2,4,0,0,0,0,0,0,0,0,0,0,0,0,0,0,0,0,0,0,2,6,8,26,7,26,5,27,4,27,3,27,3,28,2,28,2,28,2,28,1,28,1,28,1,28,1,27,1,27,1,27,1,26,2,25,2,24,3,24,3,23,4,23,5,22,5,21,5,21,6,21,6,20]"
CSI_DATA,35336,d8:b1:90:db:e8:90,-55,11,1,7,0,0,1,0,0,0,1,-95,0,8,0,553644986,0,100,0,128,1,"[100,-64,5,0,-13,-17,-13,-16,-13,-15,-14,-14,-14,-13,-14,-13,-14,-12,-13,-12,-13,-12,-14,-12,-14,-12,-15,-12,-15,-11,-15,-11,-15,-11,-16,-12,-16,-12,-16,-12,-15,-12,-16,-12,-16,-13,-15,-14,-15,-14,-15,-14,-15,-15,-4,-4,0,0,0,0,0,0,0,0,0,0,0,0,0,0,0,0,0,0,-4,-6,-16,-23,-15,-24,-13,-25,-12,-26,-12,-26,-11,-27,-11,-27,-11,-27,-10,-28,-10,-28,-9,-28,-9,-27,-9,-27,-9,-27,-8,-26,-8,-26,-9,-25,-9,-24,-9,-23,-10,-22,-11,-22,-11,-21,-12,-20,-12,-20,-12,-19,-11,-19]"
CSI_DATA,35337,d8:b1:90:db:e8:90,-55,11,1,7,0,0,1,0,0,0,1,-95,0,8,0,553655606,0,100,0,128,1,"[100,-64,5,0,14,13,14,12,14,10,14,9,15,9,15,8,14,8,14,8,14,7,14,7,14,7,15,7,15,6,15,6,15,6,16,7,16,7,16,7,16,7,16,7,16,8,16,9,16,9,16,9,16,10,4,2,0,0,0,0,0,0,0,0,0,0,0,0,0,0,0,0,0,0,5,4,20,18,19,18,17,19,16,20,16,20,16,21,16,22,15,22,15,23,14,23,14,23,14,22,13,22,13,22,13,22,13,21,13,21,13,20,13,18,13,17,13,17,14,16,14,16,15,15,14,14,14,14]"
CSI_DATA,35338,d8:b1:90:db:e8:90,-55,11,1,7,0,0,1,0,0,0,1,-95,0,8,0,553685091,0,100,0,128,1,"[100,-64,5,0,-17,-12,-17,-11,-17,-10,-18,-9,-18,-9,-18,-8,-18,-7,-17,-6,-17,-5,-17,-5,-18,-5,-18,-5,-18,-5,-19,-5,-19,-5,-19,-5,-19,-5,-19,-5,-19,-5,-19,-5,-19,-6,-19,-6,-20,-7,-20,-7,-20,-8,-5,-2,0,0,0,0,0,0,0,0,0,0,0,0,0,0,0,0,0,0,-6,-5,-22,-20,-21,-20,-19,-21,-18,-22,-18,-23,-17,-24,-17,-24,-16,-25,-16,-25,-16,-26,-16,-26,-15,-26,-15,-26,-14,-25,-14,-24,-14,-23,-14,-23,-15,-22,-16,-21,-16,-20,-16,-19,-16,-18,-16,-18,-17,-17,-17,-16,-16,-14]"
CSI_DATA,35339,d8:b1:90:db:e8:90,-54,11,1,7,0,0,1,0,0,0,1,-95,0,8,0,553700044,0,100,0,128,1,"[100,-64,5,0,0,18,1,18,1,17,2,17,2,16,3,16,3,15,3,15,3,14,4,14,5,14,5,14,5,14,5,14,5,14,5,15,5,15,4,14,4,15,4,15,4,15,4,16,4,16,3,16,2,16,0,4,0,0,0,0,0,0,0,0,0,0,0,0,0,0,0,0,0,0,0,6,-1,26,-2,26,-3,25,-5,25,-5,24,-5,24,-6,25,-8,24,-9,25,-9,25,-8,24,-8,24,-7,24,-7,24,-7,24,-7,23,-7,22,-6,22,-5,22,-4,22,-3,21,-3,21,-2,20,-2,19,-1,19,-1,20]"
CSI_DATA,35340,d8:b1:90:db:e8:90,-55,11,1,7,0,0,1,0,0,0,1,-95,0,8,0,553712266,0,100,0,128,1,"[100,-64,5,0,16,8,16,7,15,7,15,7,15,6,15,6,15,5,15,4,15,3,14,3,15,3,16,3,16,3,16,3,17,3,17,3,18,3,18,3,18,3,18,3,18,4,17,4,17,5,18,5,18,6,4,1,0,0,0,0,0,0,0,0,0,0,0,0,0,0,0,0,0,0,5,3,23,12,23,12,23,12,22,13,22,15,23,16,22,16,21,17,20,17,21,17,21,17,20,18,19,17,20,17,20,17,19,16,19,15,18,15,18,14,18,13,17,13,18,12,18,11,18,11,17,10,17,10]"
CSI_DATA,35341,d8:b1:90:db:e8:90,-56,11,1,7,0,0,1,0,0,0,1,-95,0,8,0,553723108,0,100,0,128,1,"[100,-64,5,0,-3,-23,-4,-21,-6,-17,-7,-17,-6,-16,-7,-15,-7,-16,-8,-15,-8,-16,-7,-15,-10,-15,-12,-17,-12,-16,-12,-15,-13,-14,-16,-11,-15,-11,-12,-12,-13,-13,-13,-14,-14,-14,-13,-15,-12,-15,-14,-15,-14,-18,-4,-5,0,0,0,0,0,0,0,0,0,0,0,0,0,0,0,0,0,0,2,-7,11,-28,11,-26,10,-25,10,-25,9,-24,11,-24,14,-25,14,-25,13,-25,12,-25,11,-25,12,-25,11,-24,10,-26,11,-25,9,-26,7,-25,4,-23,4,-23,5,-23,3,-23,2,-23,-1,-22,-2,-22,0,-22,-1,-19]"
CSI_DATA,35342,d8:b1:90:db:e8:90,-56,11,1,7,0,0,1,0,0,0,1,-95,0,8,0,553735239,0,100,0,128,1,"[100,-64,5,0,15,9,15,8,15,7,16,7,16,6,15,5,15,4,16,4,16,3,16,3,16,3,16,3,17,2,17,2,17,2,18,2,18,1,18,1,18,1,18,1,18,2,17,3,18,3,18,3,18,4,4,1,0,0,0,0,0,0,0,0,0,0,0,0,0,0,0,0,0,0,5,3,23,14,22,15,21,16,20,17,20,18,19,18,19,19,19,19,18,20,18,20,18,20,17,20,17,20,17,20,17,20,16,19,16,19,16,18,16,16,16,15,17,14,17,14,16,13,16,13,16,12,16,11]"
CSI_DATA,35343,d8:b1:90:db:e8:90,-56,11,1,7,0,0,1,0,0,0,1,-95,0,8,0,553750998,0,100,0,128,1,"[100,-64,5,0,17,5,16,4,16,4,16,3,16,3,15,2,15,1,16,0,16,0,16,0,16,0,17,0,17,-1,17,-1,18,-1,18,-1,18,-2,18,-2,18,-2,19,-1,19,-1,19,0,19,0,20,0,20,1,5,0,0,0,0,0,0,0,0,0,0,0,0,0,0,0,0,0,0,0,6,2,25,9,24,10,24,11,23,12,23,13,23,14,23,14,23,15,23,16,23,16,22,16,22,16,22,15,21,15,20,14,19,14,19,13,19,12,20,11,19,11,19,10,19,9,19,8,19,8,18,7,18,6]"
CSI_DATA,35344,d8:b1:90:db:e8:90,-54,11,1,7,0,0,1,0,0,0,1,-95,0,8,0,553762840,0,100,0,128,1,"[100,-64,5,0,-16,12,-15,12,-15,11,-14,11,-14,11,-13,11,-12,11,-11,12,-11,13,-10,13,-10,13,-10,14,-10,14,-10,15,-10,15,-10,15,-10,15,-11,15,-11,15,-11,15,-11,15,-11,15,-12,15,-13,15,-14,14,-4,3,0,0,0,0,0,0,0,0,0,0,0,0,0,0,0,0,0,0,-6,4,-25,15,-26,14,-26,12,-27,12,-27,11,-28,10,-28,10,-28,10,-28,9,-28,9,-29,9,-29,9,-28,8,-28,8,-27,8,-27,9,-26,9,-25,9,-24,9,-23,9,-22,10,-21,10,-21,11,-20,11,-19,11,-18,11]"
CSI_DATA,35345,d8:b1:90:db:e8:90,-55,11,1,7,0,0,1,0,0,0,1,-95,0,8,0,553789779,0,100,0,128,1,"[100,-64,5,0,-14,13,-13,13,-12,12,-11,12,-11,12,-10,12,-9,12,-9,13,-8,13,-8,13,-8,14,-7,14,-7,15,-8,16,-7,16,-7,16,-8,16,-8,16,-8,16,-9,16,-8,17,-8,16,-9,17,-10,17,-11,17,-3,4,0,0,0,0,0,0,0,0,0,0,0,0,0,0,0,0,0,0,-5,4,-21,18,-23,17,-24,17,-25,16,-26,15,-26,15,-25,15,-24,14,-25,14,-26,14,-27,14,-26,13,-25,12,-26,12,-25,12,-24,12,-24,12,-22,12,-21,12,-20,13,-19,13,-18,13,-17,13,-17,13,-16,13,-16,13]"
CSI_DATA,35346,d8:b1:90:db:e8:90,-56,11,1,7,0,0,1,0,0,0,1,-95,0,8,0,553801761,0,100,0,128,1,"[100,-64,5,0,-13,-15,-13,-14,-13,-13,-13,-12,-13,-11,-13,-11,-14,-10,-14,-9,-14,-8,-14,-8,-15,-9,-16,-9,-16,-8,-16,-8,-16,-8,-16,-9,-16,-9,-16,-9,-16,-9,-16,-9,-17,-10,-16,-10,-16,-11,-16,-11,-16,-12,-4,-3,0,0,0,0,0,0,0,0,0,0,0,0,0,0,0,0,0,0,-5,-7,-17,-25,-16,-25,-14,-24,-13,-25,-12,-26,-11,-27,-11,-26,-11,-26,-10,-27,-10,-28,-10,-28,-10,-27,-10,-26,-10,-26,-10,-25,-10,-24,-10,-23,-10,-23,-11,-23,-11,-22,-12,-21,-12,-20,-12,-19,-12,-18,-12,-17,-13,-16]"
CSI_DATA,35347,d8:b1:90:db:e8:90,-55,11,1,7,0,0,1,0,0,0,1,-95,0,8,0,553815570,0,100,0,128,1,"[100,-64,5,0,-20,-3,-19,-2,-18,-1,-18,-1,-17,-1,-17,0,-17,1,-17,2,-17,3,-17,3,-17,3,-17,3,-17,3,-17,4,-18,4,-18,4,-18,4,-18,4,-19,4,-19,4,-19,4,-19,3,-19,3,-20,3,-20,2,-5,0,0,0,0,0,0,0,0,0,0,0,0,0,0,0,0,0,0,0,-8,-2,-31,-6,-29,-8,-27,-10,-26,-12,-26,-12,-26,-13,-27,-13,-27,-14,-26,-14,-26,-14,-27,-14,-26,-13,-26,-13,-25,-13,-24,-13,-24,-13,-24,-12,-24,-11,-24,-10,-23,-10,-23,-9,-23,-8,-22,-6,-21,-6,-21,-5,-21,-4]"
CSI_DATA,35348,d8:b1:90:db:e8:90,-56,11,1,7,0,0,1,0,0,0,1,-95,0,8,0,553827928,0,100,0,128,1,"[100,-64,5,0,4,17,4,16,5,15,6,14,7,13,7,13,7,12,7,12,8,11,8,11,9,12,10,12,10,12,10,12,10,13,11,13,11,14,10,13,10,13,10,14,11,15,11,15,10,15,10,15,9,16,2,4,0,0,0,0,0,0,0,0,0,0,0,0,0,0,0,0,0,0,1,6,5,26,4,26,3,26,2,26,1,27,0,27,0,27,-1,27,-2,27,-2,27,-2,27,-2,27,-2,27,-2,26,-1,26,-1,25,-1,24,-1,24,0,24,0,23,1,22,2,21,3,20,3,19,3,19,4,18]"
CSI_DATA,35349,d8:b1:90:db:e8:90,-54,11,1,7,0,0,1,0,0,0,1,-95,0,8,0,553839376,0,100,0,128,1,"[100,-64,5,0,-15,-11,-15,-10,-15,-10,-14,-9,-14,-8,-14,-7,-14,-6,-14,-6,-14,-5,-14,-5,-15,-5,-15,-5,-16,-5,-16,-5,-16,-5,-16,-5,-16,-5,-16,-5,-16,-5,-17,-6,-17,-6,-17,-7,-17,-7,-17,-8,-17,-9,-4,-3,0,0,0,0,0,0,0,0,0,0,0,0,0,0,0,0,0,0,-5,-5,-19,-20,-18,-21,-18,-22,-17,-22,-16,-23,-16,-24,-16,-24,-15,-24,-15,-24,-15,-24,-15,-25,-14,-24,-14,-24,-14,-24,-14,-23,-14,-22,-14,-21,-14,-20,-14,-19,-15,-18,-15,-17,-15,-16,-15,-15,-15,-15,-15,-14,-15,-13]"
CSI_DATA,35350,d8:b1:90:db:e8:90,-55,11,1,7,0,0,1,0,0,0,1,-95,0,8,0,553854289,0,100,0,128,1,"[100,-64,5,0,12,12,12,11,13,10,13,10,13,9,13,8,13,8,13,7,13,6,13,6,14,6,15,6,15,6,15,5,16,5,17,6,17,6,16,5,17,5,17,6,16,7,16,7,16,8,16,9,16,9,4,2,0,0,0,0,0,0,0,0,0,0,0,0,0,0,0,0,0,0,4,5,17,21,17,22,16,23,16,24,16,24,15,25,15,25,15,25,15,25,14,25,13,26,13,26,13,25,13,24,13,24,13,23,13,22,13,21,13,20,13,19,13,17,13,17,14,17,14,16,14,16,14,15]"
CSI_DATA,35351,d8:b1:90:db:e8:90,-55,11,1,7,0,0,1,0,0,0,1,-95,0,8,0,553865031,0,100,0,128,1,"[100,-64,5,0,18,-6,17,-6,16,-6,16,-6,15,-6,14,-7,14,-8,14,-9,14,-10,13,-10,13,-10,12,-11,13,-11,13,-12,14,-12,14,-12,14,-12,14,-12,15,-12,15,-12,15,-11,15,-11,15,-11,17,-10,17,-10,4,-3,0,0,0,0,0,0,0,0,0,0,0,0,0,0,0,0,0,0,7,-2,28,-5,28,-4,29,-3,30,-2,30,-1,30,0,29,0,30,0,30,1,30,2,29,1,29,1,29,2,29,2,28,1,28,1,27,0,26,0,25,-1,23,-1,23,-2,23,-3,22,-3,22,-4,21,-4,21,-5]"
CSI_DATA,35352,d8:b1:90:db:e8:90,-55,11,1,7,0,0,1,0,0,0,1,-95,0,8,0,553893031,0,100,0,128,1,"[100,-64,5,0,-8,15,-7,14,-7,14,-7,14,-6,14,-6,14,-5,14,-5,15,-5,15,-4,15,-3,16,-2,16,-2,17,-2,17,-2,18,-2,19,-3,20,-4,20,-3,20,-3,19,-3,19,-3,20,-3,17,-2,11,-2,9,-1,2,0,0,0,0,0,0,0,0,0,0,0,0,0,0,0,0,0,0,-4,6,-16,26,-17,26,-18,25,-19,24,-21,22,-23,23,-22,23,-22,23,-24,22,-24,21,-23,20,-22,19,-21,19,-21,19,-20,19,-19,18,-18,18,-17,18,-16,18,-15,18,-14,18,-13,18,-13,18,-12,17,-11,17,-11,17]"
CSI_DATA,35353,d8:b1:90:db:e8:90,-55,11,1,7,0,0,1,0,0,0,1,-95,0,8,0,553905387,0,100,0,128,1,"[100,-64,5,0,10,-13,9,-13,8,-13,7,-12,7,-12,6,-12,6,-12,6,-13,5,-14,5,-13,4,-14,4,-14,4,-14,5,-15,5,-15,5,-15,5,-16,6,-15,6,-15,6,-16,6,-16,6,-15,7,-15,8,-15,9,-15,2,-4,0,0,0,0,0,0,0,0,0,0,0,0,0,0,0,0,0,0,4,-5,18,-18,19,-17,20,-16,20,-15,21,-14,21,-13,22,-13,22,-13,24,-13,24,-12,23,-13,23,-13,23,-12,22,-12,21,-13,20,-13,20,-13,19,-13,18,-12,17,-12,16,-13,15,-13,15,-13,14,-13,13,-13,13,-14]"
CSI_DATA,35354,d8:b1:90:db:e8:90,-56,11,1,7,0,0,1,0,0,0,1,-95,0,8,0,553915901,0,100,0,128,1,"[100,-64,5,0,-14,10,-13,10,-13,10,-12,10,-11,10,-10,10,-10,10,-10,11,-10,12,-9,12,-9,12,-9,13,-9,13,-10,14,-10,14,-10,15,-10,15,-10,15,-11,15,-11,15,-11,15,-11,15,-12,15,-13,15,-14,15,-4,3,0,0,0,0,0,0,0,0,0,0,0,0,0,0,0,0,0,0,-7,3,-26,12,-26,10,-27,9,-27,7,-27,7,-27,7,-27,6,-28,6,-28,6,-28,6,-27,6,-27,5,-27,5,-26,5,-26,6,-25,6,-24,6,-23,7,-22,7,-21,7,-20,7,-19,8,-18,9,-18,9,-17,9,-17,10]"
CSI_DATA,35355,d8:b1:90:db:e8:90,-57,11,1,7,0,0,1,0,0,0,1,-95,0,8,0,553927619,0,100,0,128,1,"[100,-64,5,0,-13,12,-12,12,-7,14,-6,16,-7,15,-4,14,-1,16,-1,16,0,13,3,13,2,16,-1,18,1,18,4,19,3,19,1,16,4,18,5,22,4,20,4,17,6,19,3,21,2,19,7,19,10,22,2,6,0,0,0,0,0,0,0,0,0,0,0,0,0,0,0,0,0,0,-7,1,-27,7,-27,8,-29,10,-29,10,-27,8,-28,8,-30,10,-31,9,-30,8,-30,10,-31,10,-29,8,-28,8,-28,10,-28,10,-24,8,-23,9,-24,13,-23,13,-19,13,-19,15,-19,15,-17,13,-15,14,-16,18,-18,17]"
CSI_DATA,35356,d8:b1:90:db:e8:90,-56,11,1,7,0,0,1,0,0,0,1,-95,0,8,0,553939249,0,100,0,128,1,"[100,-64,5,0,4,-17,3,-17,3,-16,2,-16,2,-16,1,-16,0,-15,0,-15,0,-15,-1,-15,-1,-16,-2,-17,-2,-17,-1,-17,-1,-18,-2,-18,-1,-18,-1,-18,-1,-18,-1,-19,-1,-19,-1,-19,0,-19,1,-20,2,-20,0,-5,0,0,0,0,0,0,0,0,0,0,0,0,0,0,0,0,0,0,2,-7,10,-26,12,-25,13,-24,14,-24,15,-23,15,-23,16,-24,17,-24,17,-24,18,-23,18,-23,18,-22,18,-22,17,-22,16,-21,15,-21,15,-21,14,-20,13,-20,12,-20,11,-20,10,-19,9,-19,9,-19,8,-19,7,-19]"
CSI_DATA,35357,d8:b1:90:db:e8:90,-56,11,1,7,0,0,1,0,0,0,1,-95,0,8,0,553950910,0,100,0,128,1,"[100,-64,5,0,9,13,9,13,9,12,10,11,10,11,10,10,10,9,10,9,10,8,10,8,11,9,12,9,12,9,13,9,13,9,13,9,13,9,13,9,13,9,13,10,13,10,13,11,13,12,13,12,13,13,3,3,0,0,0,0,0,0,0,0,0,0,0,0,0,0,0,0,0,0,3,5,12,23,11,24,10,24,9,25,8,25,8,26,7,26,7,26,6,26,6,27,5,27,5,27,5,26,5,26,5,25,5,24,6,23,6,22,7,21,7,20,7,19,8,19,8,18,8,18,8,17,9,16]"
CSI_DATA,35358,d8:b1:90:db:e8:90,-55,11,1,7,0,0,1,0,0,0,1,-95,0,8,0,553966940,0,100,0,128,1,"[100,-64,5,0,-16,-9,-16,-8,-15,-7,-16,-6,-16,-6,-16,-5,-15,-4,-16,-3,-15,-2,-15,-2,-16,-2,-17,-2,-18,-1,-18,-1,-18,-1,-18,-1,-18,-1,-18,-1,-18,-1,-19,-1,-19,-2,-20,-3,-20,-3,-20,-3,-20,-4,-5,-1,0,0,0,0,0,0,0,0,0,0,0,0,0,0,0,0,0,0,-6,-5,-23,-19,-22,-20,-21,-21,-21,-22,-20,-22,-19,-23,-19,-23,-19,-23,-18,-24,-18,-24,-18,-24,-17,-24,-17,-23,-17,-23,-17,-22,-17,-21,-17,-20,-17,-20,-17,-18,-17,-17,-17,-16,-17,-15,-18,-14,-17,-13,-17,-12,-16,-11]"
CSI_DATA,35359,d8:b1:90:db:e8:90,-56,11,1,7,0,0,1,0,0,0,1,-95,0,8,0,553992214,0,100,0,128,1,"[100,-64,5,0,-4,16,-4,16,-3,15,-2,14,-1,14,0,14,0,14,0,14,1,14,1,14,2,14,3,15,3,16,3,16,3,16,4,17,3,18,3,18,3,18,3,18,3,18,3,19,2,19,1,20,0,20,0,5,0,0,0,0,0,0,0,0,0,0,0,0,0,0,0,0,0,0,-3,6,-11,25,-12,24,-13,23,-14,23,-15,22,-15,22,-15,22,-16,22,-16,22,-17,22,-17,21,-17,21,-16,20,-16,20,-15,20,-14,20,-13,19,-13,19,-11,19,-10,19,-10,19,-9,19,-8,18,-7,18,-6,17,-6,17]"
CSI_DATA,35360,d8:b1:90:db:e8:90,-57,11,1,7,0,0,1,0,0,0,1,-95,0,8,0,554010632,0,100,0,128,1,"[100,-64,5,0,14,-8,14,-8,13,-8,12,-9,11,-10,11,-10,10,-10,9,-12,9,-12,8,-13,8,-13,8,-14,8,-14,9,-15,9,-15,10,-15,10,-16,11,-16,11,-16,11,-16,11,-16,11,-16,12,-16,13,-15,14,-15,3,-4,0,0,0,0,0,0,0,0,0,0,0,0,0,0,0,0,0,0,6,-3,25,-10,25,-8,26,-7,26,-6,26,-5,27,-4,26,-4,26,-4,27,-3,26,-3,26,-3,26,-3,25,-3,24,-3,23,-3,22,-3,22,-3,21,-4,21,-4,20,-5,19,-5,19,-6,18,-7,18,-7,17,-7,16,-8]"
CSI_DATA,35361,d8:b1:90:db:e8:90,-55,11,1,7,0,0,1,0,0,0,1,-95,0,8,0,554023445,0,100,0,128,1,"[100,-64,5,0,9,16,9,15,10,14,11,13,12,12,12,11,12,10,12,9,11,9,12,8,13,8,13,9,13,9,14,8,14,9,14,9,14,9,14,9,13,10,14,10,14,11,14,11,14,12,13,12,13,12,3,3,0,0,0,0,0,0,0,0,0,0,0,0,0,0,0,0,0,0,3,6,12,26,11,27,9,27,8,28,7,29,6,29,6,29,6,29,5,30,5,30,5,29,4,29,4,28,4,28,4,28,4,27,5,26,5,25,6,24,6,23,7,22,8,22,8,21,8,21,8,20,9,18]"
CSI_DATA,35362,d8:b1:90:db:e8:90,-57,11,1,7,0,0,1,0,0,0,1,-95,0,8,0,554036917,0,100,0,128,1,"[100,-64,5,0,-5,-16,-5,-16,-5,-15,-5,-14,-6,-13,-6,-13,-7,-12,-8,-12,-8,-12,-9,-12,-10,-12,-10,-13,-11,-13,-10,-13,-11,-13,-11,-14,-11,-14,-11,-14,-11,-14,-12,-15,-12,-16,-12,-16,-12,-16,-11,-17,-11,-17,-3,-5,0,0,0,0,0,0,0,0,0,0,0,0,0,0,0,0,0,0,-1,-7,-1,-27,0,-27,1,-27,2,-27,3,-27,4,-27,4,-28,5,-28,5,-28,6,-27,6,-27,6,-26,5,-25,5,-25,4,-25,4,-24,3,-24,2,-23,2,-22,1,-22,0,-21,-1,-21,-1,-20,-2,-19,-2,-19,-3,-18]"
CSI_DATA,35363,d8:b1:90:db:e8:90,-57,11,1,7,0,0,1,0,0,0,1,-95,0,8,0,554056494,0,100,0,128,1,"[100,-64,5,0,-15,-9,-14,-8,-14,-7,-14,-7,-13,-7,-13,-6,-13,-6,-13,-5,-13,-4,-13,-4,-14,-4,-15,-4,-16,-4,-16,-4,-16,-3,-16,-4,-16,-3,-17,-3,-17,-4,-17,-4,-18,-5,-18,-5,-18,-5,-18,-6,-18,-6,-5,-2,0,0,0,0,0,0,0,0,0,0,0,0,0,0,0,0,0,0,-6,-5,-21,-17,-20,-18,-19,-19,-18,-20,-18,-20,-18,-21,-18,-21,-17,-21,-17,-21,-17,-22,-16,-22,-16,-22,-16,-21,-16,-21,-15,-20,-15,-19,-15,-18,-15,-17,-15,-17,-15,-16,-15,-15,-15,-14,-15,-13,-15,-12,-15,-11,-15,-11]"
CSI_DATA,35364,d8:b1:90:db:e8:90,-57,11,1,7,0,0,1,0,0,0,1,-95,0,8,0,554069452,0,100,0,128,1,"[100,-64,5,0,12,-11,11,-11,11,-11,10,-11,10,-11,9,-11,9,-11,8,-12,8,-12,8,-12,7,-13,7,-14,8,-15,8,-15,8,-16,8,-16,8,-16,9,-16,9,-16,9,-17,9,-17,9,-17,10,-17,11,-17,12,-16,3,-4,0,0,0,0,0,0,0,0,0,0,0,0,0,0,0,0,0,0,5,-4,22,-15,22,-14,23,-14,24,-13,24,-12,24,-11,25,-11,25,-11,25,-10,25,-10,25,-10,25,-9,24,-9,24,-9,22,-9,21,-9,21,-10,20,-10,19,-10,18,-10,18,-10,17,-10,16,-11,15,-11,14,-11,14,-11]"
CSI_DATA,35365,d8:b1:90:db:e8:90,-55,11,1,7,0,0,1,0,0,0,1,-95,0,8,0,554095985,0,100,0,128,1,"[100,-64,5,0,-18,-2,-18,-1,-17,0,-17,1,-17,2,-16,2,-16,2,-15,3,-15,3,-15,4,-15,4,-16,5,-17,5,-17,6,-17,6,-18,6,-18,7,-18,6,-19,6,-19,6,-19,5,-19,5,-20,5,-21,5,-22,4,-6,1,0,0,0,0,0,0,0,0,0,0,0,0,0,0,0,0,0,0,-8,-1,-30,-5,-29,-6,-28,-7,-28,-8,-28,-9,-28,-10,-28,-10,-28,-10,-28,-11,-27,-12,-27,-12,-26,-12,-26,-12,-26,-12,-26,-11,-25,-10,-24,-9,-24,-9,-23,-8,-23,-7,-22,-6,-22,-6,-21,-5,-20,-5,-20,-4,-20,-3]"
CSI_DATA,35366,d8:b1:90:db:e8:90,-55,11,1,7,0,0,1,0,0,0,1,-95,0,8,0,554109690,0,100,0,128,1,"[100,-64,5,0,-16,-7,-16,-7,-16,-6,-16,-5,-16,-4,-15,-4,-15,-3,-16,-2,-15,-2,-16,-1,-16,-1,-17,-1,-18,0,-18,1,-19,0,-19,0,-19,1,-19,1,-20,0,-20,0,-20,0,-20,-1,-21,-1,-22,-2,-22,-2,-6,-1,0,0,0,0,0,0,0,0,0,0,0,0,0,0,0,0,0,0,-7,-4,-25,-16,-25,-17,-24,-18,-23,-19,-23,-20,-23,-21,-23,-22,-22,-21,-21,-21,-20,-22,-20,-21,-19,-20,-19,-20,-20,-19,-19,-18,-19,-17,-18,-17,-18,-16,-18,-15,-18,-14,-18,-13,-18,-13,-17,-11,-17,-11,-17,-10,-18,-9]"
CSI_DATA,35367,d8:b1:90:db:e8:90,-57,11,1,5,0,0,1,0,0,0,1,-95,0,8,0,554121420,0,100,0,128,1,"[100,-64,5,0,4,-16,3,-15,3,-15,1,-15,0,-15,0,-15,-1,-15,-1,-15,-1,-15,-2,-15,-2,-15,-3,-16,-3,-16,-3,-17,-3,-17,-3,-18,-3,-18,-3,-18,-3,-19,-3,-19,-3,-19,-3,-19,-2,-20,-1,-20,0,-20,0,-5,0,0,0,0,0,0,0,0,0,0,0,0,0,0,0,0,0,0,2,-7,11,-25,12,-24,13,-24,14,-23,15,-23,16,-22,16,-22,16,-22,16,-21,17,-21,17,-21,17,-21,16,-20,15,-20,14,-19,13,-19,13,-19,12,-19,11,-19,10,-19,9,-19,9,-18,8,-17,7,-17,6,-17,6,-17]"
CSI_DATA,35368,d8:b1:90:db:e8:90,-57,11,1,7,0,0,1,0,0,0,0,-95,0,8,0,554132590,0,100,0,128,1,"[100,-64,5,0,-16,-2,-15,-2,-15,-1,-15,-1,-14,-1,-14,0,-14,0,-14,2,-14,3,-14,3,-14,3,-15,3,-16,3,-16,4,-16,4,-17,5,-17,5,-17,5,-17,5,-17,4,-17,4,-17,3,-18,3,-19,3,-20,2,-5,0,0,0,0,0,0,0,0,0,0,0,0,0,0,0,0,0,0,0,-7,-2,-26,-6,-26,-7,-25,-8,-25,-9,-25,-10,-25,-10,-25,-10,-25,-11,-24,-11,-24,-11,-24,-12,-23,-12,-23,-11,-22,-11,-21,-10,-21,-10,-21,-9,-20,-9,-20,-8,-20,-7,-19,-7,-19,-6,-18,-5,-18,-5,-18,-4,-17,-4]"
CSI_DATA,35369,d8:b1:90:db:e8:90,-57,11,1,7,0,0,1,0,0,0,0,-95,0,8,0,554143935,0,100,0,128,1,"[100,-64,5,0,14,9,14,8,14,7,14,7,14,7,14,6,14,5,14,4,14,3,15,2,16,2,16,2,17,2,18,1,18,2,19,2,19,1,19,1,19,2,19,2,19,3,19,3,20,4,21,4,21,5,5,1,0,0,0,0,0,0,0,0,0,0,0,0,0,0,0,0,0,0,5,5,22,20,21,21,20,22,19,23,18,23,18,24,17,24,17,25,17,25,17,25,16,24,16,24,16,23,15,23,15,22,14,21,14,20,15,19,15,18,14,17,15,16,15,15,15,14,15,13,15,13,15,12]"
CSI_DATA,35370,d8:b1:90:db:e8:90,-57,11,1,7,0,0,1,0,0,0,0,-95,0,8,0,554155404,0,100,0,128,1,"[100,-64,5,0,13,4,13,4,13,3,13,3,13,2,12,2,12,1,13,1,14,0,14,0,14,0,15,-1,15,-1,16,-2,16,-2,17,-2,17,-2,18,-2,18,-2,18,-2,18,-2,18,-1,18,-1,19,0,19,0,4,0,0,0,0,0,0,0,0,0,0,0,0,0,0,0,0,0,0,0,5,2,23,11,22,12,22,13,21,14,21,15,21,15,21,15,21,15,20,15,20,16,19,16,18,16,18,15,17,15,17,14,17,14,16,13,16,12,16,11,16,10,16,9,16,8,15,7,15,7,15,6,15,5]"
CSI_DATA,35371,d8:b1:90:db:e8:90,-57,11,1,7,0,0,1,0,0,0,0,-95,0,8,0,554167448,0,100,0,128,1,"[100,-64,5,0,14,-1,13,-1,13,-1,13,-1,13,-2,13,-2,13,-3,13,-3,13,-4,13,-4,13,-4,14,-4,14,-4,15,-5,15,-5,16,-5,16,-5,16,-5,17,-5,17,-5,17,-5,17,-4,18,-4,19,-4,19,-3,4,-1,0,0,0,0,0,0,0,0,0,0,0,0,0,0,0,0,0,0,6,0,26,4,25,5,25,6,25,7,25,7,25,8,24,8,24,8,24,9,23,9,23,9,22,9,21,8,21,8,21,8,21,7,20,6,20,6,19,5,18,4,18,3,17,3,16,2,16,2,15,1,15,1]"
CSI_DATA,35372,d8:b1:90:db:e8:90,-57,11,1,7,0,0,1,0,0,0,0,-95,0,8,0,554189413,0,100,0,128,1,"[100,-64,5,0,12,3,11,3,11,2,12,2,12,2,12,2,12,1,12,0,13,0,13,0,13,0,14,0,15,-1,15,-1,16,-1,16,-1,17,-1,17,-2,17,-2,18,-2,18,-1,18,0,18,0,19,0,20,1,5,0,0,0,0,0,0,0,0,0,0,0,0,0,0,0,0,0,0,0,5,2,23,11,23,11,22,13,22,13,22,12,21,12,20,13,19,13,20,13,20,14,18,14,18,13,18,13,18,12,17,12,17,12,16,11,16,10,16,9,15,8,15,7,14,6,13,6,13,5,13,5,13,4]"
CSI_DATA,35373,d8:b1:90:db:e8:90,-57,11,1,7,0,0,1,0,0,0,0,-95,0,8,0,554220491,0,100,0,128,1,"[100,-64,5,0,-9,-13,-9,-13,-8,-12,-9,-12,-9,-11,-9,-11,-10,-11,-11,-11,-11,-11,-12,-11,-13,-11,-14,-11,-14,-11,-14,-11,-14,-11,-15,-12,-15,-12,-15,-12,-16,-12,-16,-12,-16,-13,-16,-14,-16,-14,-16,-14,-15,-15,-4,-4,0,0,0,0,0,0,0,0,0,0,0,0,0,0,0,0,0,0,-3,-8,-10,-29,-9,-30,-7,-29,-6,-29,-5,-29,-5,-30,-4,-30,-4,-30,-3,-29,-2,-29,-2,-29,-2,-28,-2,-27,-3,-27,-3,-26,-3,-25,-3,-23,-4,-22,-4,-21,-5,-20,-6,-19,-6,-18,-6,-18,-7,-17,-7,-16,-7,-16]"
CSI_DATA,35374,d8:b1:90:db:e8:90,-58,11,1,7,0,0,1,0,0,0,0,-95,0,8,0,554231999,0,100,0,128,1,"[100,-64,5,0,-2,-14,-3,-13,-3,-13,-4,-13,-4,-13,-5,-13,-5,-13,-6,-14,-6,-15,-6,-15,-8,-15,-9,-16,-9,-16,-9,-16,-10,-17,-10,-17,-10,-17,-10,-17,-10,-17,-10,-18,-11,-18,-11,-18,-10,-19,-10,-20,-9,-20,-3,-5,0,0,0,0,0,0,0,0,0,0,0,0,0,0,0,0,0,0,0,-8,3,-30,4,-29,6,-29,6,-29,7,-29,8,-28,8,-27,8,-27,8,-27,9,-26,9,-26,8,-26,8,-25,7,-24,6,-23,6,-22,5,-21,5,-20,4,-20,3,-19,2,-19,1,-18,1,-17,0,-16,0,-16,0,-15]"
CSI_DATA,35375,d8:b1:90:db:e8:90,-57,11,1,7,0,0,1,0,0,0,0,-95,0,8,0,554244916,0,100,0,128,1,"[100,-64,5,0,9,-11,9,-11,8,-11,8,-11,8,-12,7,-12,7,-12,7,-14,7,-15,7,-15,6,-16,6,-17,6,-17,6,-18,7,-18,7,-19,7,-20,7,-20,8,-20,8,-20,8,-20,7,-20,8,-20,9,-20,10,-20,2,-5,0,0,0,0,0,0,0,0,0,0,0,0,0,0,0,0,0,0,6,-4,26,-16,27,-15,27,-13,27,-12,27,-12,28,-11,28,-11,28,-10,28,-10,28,-10,27,-10,26,-10,25,-9,24,-9,22,-9,21,-9,20,-9,20,-9,18,-10,17,-10,16,-10,15,-10,14,-10,13,-10,12,-11,12,-11]"
CSI_DATA,35376,d8:b1:90:db:e8:90,-58,11,1,7,0,0,1,0,0,0,0,-95,0,8,0,554255477,0,100,0,128,1,"[100,-64,5,0,-4,-14,-4,-13,-5,-13,-6,-13,-6,-13,-6,-13,-7,-13,-8,-13,-8,-14,-9,-14,-10,-14,-11,-15,-11,-15,-11,-15,-12,-15,-13,-16,-13,-16,-13,-16,-13,-16,-13,-17,-13,-17,-13,-18,-13,-18,-12,-18,-12,-19,-3,-5,0,0,0,0,0,0,0,0,0,0,0,0,0,0,0,0,0,0,-1,-8,-4,-30,-2,-29,-1,-29,0,-29,1,-29,1,-29,1,-29,1,-29,2,-29,2,-28,3,-27,3,-27,2,-26,2,-25,2,-23,1,-22,1,-21,0,-21,-1,-20,-1,-20,-2,-19,-2,-18,-2,-17,-3,-16,-3,-16,-3,-15]"
CSI_DATA,35377,d8:b1:90:db:e8:90,-57,11,1,7,0,0,1,0,0,0,0,-95,0,8,0,554265859,0,100,0,128,1,"[100,-64,5,0,-13,-7,-13,-7,-13,-6,-14,-6,-14,-5,-14,-5,-14,-5,-15,-4,-15,-3,-15,-3,-16,-4,-17,-4,-18,-3,-19,-2,-19,-2,-19,-2,-20,-1,-20,-1,-20,-2,-21,-2,-21,-2,-21,-3,-21,-3,-21,-3,-21,-4,-6,-1,0,0,0,0,0,0,0,0,0,0,0,0,0,0,0,0,0,0,-6,-5,-22,-19,-22,-20,-21,-21,-21,-22,-20,-23,-19,-22,-20,-22,-19,-22,-19,-22,-18,-22,-18,-21,-17,-21,-17,-20,-17,-20,-16,-19,-16,-17,-16,-16,-15,-16,-15,-15,-15,-14,-15,-13,-15,-12,-15,-11,-14,-10,-14,-9,-13,-9]"
CSI_DATA,35378,d8:b1:90:db:e8:90,-58,11,1,7,0,0,1,0,0,0,1,-95,0,8,0,554279300,0,100,0,128,1,"[100,-64,5,0,0,14,0,14,1,14,2,14,3,14,3,13,3,13,3,13,3,13,4,14,5,14,6,15,6,15,6,15,6,16,7,16,7,16,7,16,7,16,7,17,8,17,8,18,7,18,6,18,5,18,1,4,0,0,0,0,0,0,0,0,0,0,0,0,0,0,0,0,0,0,-1,7,-4,29,-5,28,-6,28,-6,28,-7,27,-7,27,-7,27,-8,27,-8,27,-9,26,-9,26,-8,25,-8,24,-8,23,-7,22,-7,21,-6,21,-6,20,-5,20,-4,19,-4,19,-3,18,-2,17,-2,17,-1,16,-1,15]"
CSI_DATA,35379,d8:b1:90:db:e8:90,-57,11,1,7,0,0,1,0,0,0,1,-95,0,8,0,554307417,0,100,0,128,1,"[100,-64,5,0,11,-12,10,-12,10,-12,9,-13,8,-13,8,-13,8,-14,8,-15,7,-15,7,-16,6,-16,6,-17,6,-17,6,-18,6,-18,6,-18,7,-18,7,-18,7,-18,7,-18,7,-18,7,-17,8,-18,8,-18,9,-18,2,-5,0,0,0,0,0,0,0,0,0,0,0,0,0,0,0,0,0,0,5,-4,23,-16,24,-15,24,-13,24,-13,25,-12,25,-11,26,-11,26,-10,26,-10,25,-9,25,-9,24,-9,23,-9,22,-9,21,-9,20,-10,20,-10,19,-10,18,-10,17,-10,16,-10,15,-11,14,-11,14,-11,13,-11,13,-11]"
CSI_DATA,35380,d8:b1:90:db:e8:90,-58,11,1,7,0,0,1,0,0,0,1,-95,0,8,0,554318826,0,100,0,128,1,"[100,-64,5,0,0,15,0,14,1,14,2,15,2,15,2,15,3,14,3,15,3,15,4,15,5,15,5,15,6,15,6,15,6,15,6,16,6,16,6,16,5,16,6,16,6,16,6,16,5,16,4,17,4,17,0,4,0,0,0,0,0,0,0,0,0,0,0,0,0,0,0,0,0,0,-1,6,-3,26,-5,25,-6,25,-7,24,-8,24,-8,24,-8,24,-8,24,-8,24,-8,24,-9,23,-9,23,-8,22,-8,21,-7,21,-7,20,-6,20,-6,19,-5,18,-4,18,-3,17,-3,17,-2,17,-1,17,-1,16,-1,16]"
CSI_DATA,35381,d8:b1:90:db:e8:90,-57,11,1,7,0,0,1,0,0,0,1,-95,0,8,0,554329808,0,100,0,128,1,"[100,-64,5,0,3,-18,3,-17,2,-17,2,-17,1,-17,1,-17,0,-17,0,-18,0,-18,-1,-18,-2,-18,-3,-19,-3,-19,-2,-19,-2,-19,-3,-19,-3,-19,-3,-19,-3,-19,-3,-19,-3,-19,-3,-19,-3,-19,-2,-19,-1,-20,-1,-5,0,0,0,0,0,0,0,0,0,0,0,0,0,0,0,0,0,0,1,-7,6,-27,7,-27,8,-26,9,-26,9,-25,10,-25,10,-25,11,-24,11,-24,11,-24,11,-24,11,-23,10,-22,10,-22,9,-21,8,-21,8,-21,8,-20,7,-19,6,-19,5,-19,5,-19,4,-18,4,-19,3,-18,4,-18]"
CSI_DATA,35382,d8:b1:90:db:e8:90,-57,11,1,7,0,0,1,0,0,0,1,-95,0,8,0,554341683,0,100,0,128,1,"[100,-64,5,0,16,1,15,1,15,0,15,0,15,-1,15,-1,15,-2,15,-3,15,-4,15,-4,15,-4,14,-5,15,-5,15,-5,15,-5,15,-5,15,-5,15,-6,15,-5,15,-5,15,-5,13,-3,8,-3,11,-3,15,-3,3,-1,0,0,0,0,0,0,0,0,0,0,0,0,0,0,0,0,0,0,5,1,23,5,22,6,22,7,22,8,21,8,22,9,21,10,21,10,21,10,21,10,20,10,19,10,19,10,19,9,18,8,18,7,18,7,18,7,17,6,17,6,17,5,17,4,17,3,17,3,17,2,17,2]"
CSI_DATA,35383,d8:b1:90:db:e8:90,-57,11,1,7,0,0,1,0,0,0,1,-95,0,8,0,554357276,0,100,0,128,1,"[100,-64,5,0,-16,10,-16,10,-15,11,-15,12,-15,12,-14,12,-13,12,-13,13,-13,13,-12,13,-12,13,-11,14,-12,15,-12,15,-12,15,-12,14,-12,14,-12,14,-12,14,-12,14,-12,14,-12,13,-12,13,-13,13,-14,13,-4,3,0,0,0,0,0,0,0,0,0,0,0,0,0,0,0,0,0,0,-6,3,-22,15,-23,14,-23,13,-24,11,-24,11,-25,10,-25,10,-25,9,-26,9,-25,8,-25,8,-24,8,-24,8,-24,8,-23,8,-22,8,-22,8,-21,9,-20,9,-20,9,-19,9,-19,10,-18,11,-18,11,-17,11,-17,11]"
CSI_DATA,35384,d8:b1:90:db:e8:90,-57,11,1,7,0,0,1,0,0,0,1,-95,0,8,0,554377077,0,100,0,128,1,"[100,-64,5,0,-19,5,-18,5,-18,5,-17,6,-17,7,-16,7,-16,7,-16,8,-16,9,-15,9,-15,8,-16,8,-16,8,-16,8,-16,8,-15,8,-15,8,-15,8,-15,8,-15,8,-15,7,-15,7,-15,7,-16,7,-16,6,-4,1,0,0,0,0,0,0,0,0,0,0,0,0,0,0,0,0,0,0,-6,2,-24,7,-25,5,-25,4,-25,3,-25,2,-25,2,-25,1,-25,0,-25,-1,-25,-1,-25,-1,-25,-1,-24,-2,-24,-1,-24,-1,-23,0,-22,0,-22,0,-22,0,-22,1,-22,1,-21,2,-21,3,-20,3,-20,4,-21,4]"
CSI_DATA,35385,d8:b1:90:db:e8:90,-55,11,1,7,0,0,1,0,0,0,1,-95,0,8,0,554404261,0,100,0,128,1,"[100,-64,5,0,14,16,14,15,14,14,15,13,15,13,15,12,15,12,14,12,14,11,14,11,14,11,15,11,15,11,15,10,14,10,14,10,14,10,13,10,13,10,13,10,13,10,13,11,13,11,12,11,12,11,2,3,0,0,0,0,0,0,0,0,0,0,0,0,0,0,0,0,0,0,4,4,17,18,16,20,14,23,14,24,14,23,13,22,12,23,12,24,11,25,11,25,11,26,11,26,11,25,11,24,11,24,11,23,11,22,11,22,12,21,13,21,13,20,14,20,15,19,15,19,15,18,15,17]"
CSI_DATA,35386,d8:b1:90:db:e8:90,-54,11,1,7,0,0,1,0,0,0,1,-95,0,8,0,554418935,0,100,0,128,1,"[100,-64,5,0,20,2,20,2,19,1,19,1,19,1,18,1,17,0,17,1,17,1,16,1,16,1,16,1,16,1,16,1,16,1,16,1,16,1,16,1,16,1,16,0,15,1,15,1,15,2,15,2,16,2,4,0,0,0,0,0,0,0,0,0,0,0,0,0,0,0,0,0,0,0,6,0,25,3,25,4,25,5,24,6,25,7,25,8,25,9,25,10,25,10,24,11,24,11,23,11,23,11,23,10,24,9,24,9,24,8,23,8,23,8,23,8,23,7,23,6,23,5,22,5,22,4,23,3]"
CSI_DATA,35387,d8:b1:90:db:e8:90,-54,11,1,7,0,0,1,0,0,0,1,-95,0,8,0,554430546,0,100,0,128,1,"[100,-64,5,0,20,-6,19,-6,19,-6,19,-7,18,-7,17,-8,16,-8,15,-9,15,-9,14,-9,14,-9,14,-10,14,-10,14,-10,14,-10,14,-10,14,-11,14,-11,14,-11,14,-11,13,-11,13,-10,14,-10,15,-10,15,-10,3,-3,0,0,0,0,0,0,0,0,0,0,0,0,0,0,0,0,0,0,5,-3,23,-10,25,-10,26,-9,26,-9,26,-9,27,-7,29,-5,30,-4,29,-4,29,-4,28,-4,28,-4,28,-4,28,-4,27,-4,27,-4,26,-5,25,-6,24,-5,24,-5,23,-6,23,-6,23,-6,23,-6,22,-6,22,-6]"
CSI_DATA,35388,d8:b1:90:db:e8:90,-54,11,1,7,0,0,1,0,0,0,1,-95,0,8,0,554446491,0,100,0,128,1,"[100,-64,5,0,22,5,21,4,21,3,21,3,20,2,19,2,18,1,18,0,17,-1,17,-1,17,-1,17,-1,17,-2,17,-2,17,-2,18,-2,18,-2,17,-2,17,-2,17,-2,17,-1,17,-1,17,0,18,0,19,0,4,0,0,0,0,0,0,0,0,0,0,0,0,0,0,0,0,0,0,0,7,0,29,3,29,4,29,6,29,7,29,8,29,9,29,10,29,11,30,12,30,12,29,11,29,11,28,11,28,11,28,11,27,10,27,9,27,9,26,8,25,7,25,7,25,7,25,6,25,6,25,5,24,5]"
CSI_DATA,35389,d8:b1:90:db:e8:90,-54,11,1,7,0,0,1,0,0,0,1,-95,0,8,0,554457247,0,100,0,128,1,"[100,-64,5,0,-4,21,-3,20,-3,19,-2,19,-1,19,0,18,0,17,0,17,1,16,1,16,2,16,3,16,3,16,3,16,3,16,3,17,3,17,2,16,2,16,3,17,3,17,3,18,3,18,2,18,1,18,0,4,0,0,0,0,0,0,0,0,0,0,0,0,0,0,0,0,0,0,-2,7,-6,29,-7,29,-8,28,-9,28,-10,28,-11,29,-12,29,-12,28,-13,28,-14,28,-15,28,-15,27,-15,26,-14,26,-13,26,-13,25,-12,25,-12,25,-11,24,-9,24,-8,24,-8,24,-7,24,-6,24,-6,23,-6,23]"
CSI_DATA,35390,d8:b1:90:db:e8:90,-54,11,1,7,0,0,1,0,0,0,1,-95,0,8,0,554476461,0,100,0,128,1,"[100,-64,5,0,17,-4,17,-4,16,-5,15,-5,15,-5,14,-6,13,-7,13,-7,13,-8,12,-8,12,-8,11,-9,11,-10,11,-10,11,-10,11,-10,12,-10,12,-10,12,-10,13,-11,12,-11,12,-10,13,-10,14,-10,15,-9,3,-3,0,0,0,0,0,0,0,0,0,0,0,0,0,0,0,0,0,0,6,-2,26,-7,26,-5,26,-4,26,-3,26,-2,27,-1,28,-1,28,0,28,0,28,0,28,0,27,0,27,1,26,1,26,1,26,1,25,0,25,-1,24,-1,23,-2,23,-2,22,-3,21,-3,21,-3,21,-4,21,-4]"
CSI_DATA,35391,d8:b1:90:db:e8:90,-55,11,1,7,0,0,1,0,0,0,1,-95,0,8,0,554489073,0,100,0,128,1,"[100,-64,5,0,-7,-16,-7,-16,-7,-15,-8,-14,-8,-14,-8,-13,-9,-13,-9,-12,-9,-12,-10,-12,-11,-12,-12,-12,-12,-12,-12,-11,-13,-11,-13,-11,-14,-11,-13,-11,-14,-11,-14,-12,-15,-12,-14,-13,-14,-13,-14,-13,-14,-14,-4,-4,0,0,0,0,0,0,0,0,0,0,0,0,0,0,0,0,0,0,-3,-7,-9,-26,-8,-27,-7,-28,-6,-28,-5,-29,-4,-29,-4,-29,-4,-30,-3,-30,-3,-29,-2,-29,-2,-28,-3,-28,-3,-27,-3,-26,-3,-25,-3,-25,-4,-24,-4,-24,-5,-23,-6,-23,-6,-22,-6,-21,-6,-20,-6,-19,-6,-18]"
CSI_DATA,35392,d8:b1:90:db:e8:90,-56,11,1,7,0,0,1,0,0,0,1,-95,0,8,0,554509909,0,100,0,128,1,"[100,-64,5,0,-13,10,-12,10,-11,10,-11,10,-10,10,-9,10,-8,11,-8,12,-8,13,-7,13,-6,14,-5,14,-5,15,-5,15,-5,16,-4,17,-4,18,-5,18,-4,18,-4,18,-3,18,-3,18,-4,18,-6,19,-7,19,-2,4,0,0,0,0,0,0,0,0,0,0,0,0,0,0,0,0,0,0,-6,4,-21,19,-22,18,-22,16,-23,13,-24,13,-25,14,-25,15,-25,15,-26,14,-26,13,-26,12,-25,11,-25,11,-24,11,-23,10,-23,10,-23,11,-22,11,-20,10,-19,11,-18,11,-18,11,-17,11,-16,11,-15,11,-15,11]"
CSI_DATA,35393,d8:b1:90:db:e8:90,-56,11,1,7,0,0,1,0,0,0,1,-95,0,8,0,554520934,0,100,0,128,1,"[100,-64,5,0,14,9,13,8,13,7,14,6,14,5,14,4,14,4,15,3,15,3,15,2,16,2,16,1,17,0,17,0,18,0,18,0,19,0,19,0,19,0,19,0,20,0,19,1,19,1,20,2,20,3,5,0,0,0,0,0,0,0,0,0,0,0,0,0,0,0,0,0,0,0,5,4,22,17,21,18,20,19,19,19,19,20,18,21,18,21,18,22,17,22,17,22,17,22,16,21,16,21,15,20,15,19,14,18,14,18,15,17,15,16,15,15,15,14,14,13,14,13,14,13,14,12,14,10]"
CSI_DATA,35394,d8:b1:90:db:e8:90,-55,11,1,7,0,0,1,0,0,0,1,-95,0,8,0,554542931,0,100,0,128,1,"[100,-64,5,0,16,4,16,3,16,3,16,2,16,1,16,0,16,-1,16,-2,17,-3,17,-3,17,-3,17,-5,17,-6,18,-6,18,-7,19,-7,19,-8,19,-7,19,-7,20,-8,20,-7,20,-6,20,-6,21,-5,21,-4,5,-1,0,0,0,0,0,0,0,0,0,0,0,0,0,0,0,0,0,0,6,1,27,6,27,8,26,9,26,10,25,11,25,12,26,12,26,13,26,13,25,13,25,14,24,14,23,14,22,13,21,13,21,12,20,11,20,11,20,9,20,9,19,8,19,7,19,7,18,7,18,6,18,6]"
CSI_DATA,35395,d8:b1:90:db:e8:90,-56,11,1,7,0,0,1,0,0,0,1,-95,0,8,0,554554779,0,100,0,128,1,"[100,-64,5,0,-18,-4,-18,-4,-17,-3,-18,-3,-18,-2,-18,-2,-18,-1,-18,1,-18,2,-18,2,-19,2,-19,2,-20,3,-20,3,-20,3,-21,3,-21,4,-21,4,-21,3,-21,3,-21,3,-21,2,-21,2,-22,1,-22,1,-6,0,0,0,0,0,0,0,0,0,0,0,0,0,0,0,0,0,0,0,-7,-2,-26,-8,-26,-9,-25,-10,-24,-11,-24,-12,-24,-12,-24,-12,-24,-12,-24,-13,-24,-13,-23,-13,-23,-13,-23,-13,-22,-13,-21,-12,-21,-11,-20,-11,-20,-10,-20,-9,-19,-8,-19,-8,-19,-7,-19,-7,-19,-6,-18,-6,-19,-6]"
CSI_DATA,35396,d8:b1:90:db:e8:90,-56,11,1,7,0,0,1,0,0,0,1,-95,0,8,0,554566988,0,100,0,128,1,"[100,-64,5,0,16,7,16,6,16,6,17,5,17,5,17,4,17,3,18,3,18,2,18,2,19,2,19,2,20,2,20,1,21,1,21,2,21,2,21,2,21,2,21,2,21,3,21,4,21,4,20,4,20,5,5,1,0,0,0,0,0,0,0,0,0,0,0,0,0,0,0,0,0,0,6,2,23,11,22,12,22,13,22,13,22,14,22,15,22,15,21,16,21,16,21,16,20,16,19,16,19,15,18,15,18,15,18,14,18,14,18,13,18,13,17,12,17,11,17,10,17,10,17,9,17,9,17,8]"
CSI_DATA,35397,d8:b1:90:db:e8:90,-55,11,1,7,0,0,1,0,0,0,1,-95,0,8,0,554576993,0,100,0,128,1,"[100,-64,5,0,-19,4,-18,4,-18,5,-18,6,-18,7,-18,7,-18,8,-18,9,-17,9,-17,10,-17,10,-18,11,-18,11,-19,11,-19,12,-19,12,-19,12,-19,12,-19,11,-20,11,-20,11,-19,10,-20,10,-20,10,-20,9,-5,2,0,0,0,0,0,0,0,0,0,0,0,0,0,0,0,0,0,0,-8,1,-28,6,-28,6,-28,4,-28,2,-28,1,-28,1,-28,1,-28,1,-28,1,-28,1,-27,0,-27,0,-26,0,-26,0,-26,0,-25,0,-24,0,-23,0,-23,0,-23,1,-22,2,-22,2,-21,3,-21,3,-20,3,-20,4]"
CSI_DATA,35398,d8:b1:90:db:e8:90,-56,11,1,7,0,0,1,0,0,0,1,-95,0,8,0,554592887,0,100,0,128,1,"[100,-64,5,0,12,13,12,13,13,12,14,12,14,11,14,11,15,10,15,10,16,10,16,10,16,10,17,10,18,10,18,10,18,10,18,10,18,10,18,10,17,10,17,10,17,11,17,11,16,11,16,12,16,13,4,3,0,0,0,0,0,0,0,0,0,0,0,0,0,0,0,0,0,0,4,4,17,18,16,19,15,20,14,20,13,21,13,21,13,22,13,22,12,22,12,23,11,22,11,22,11,22,10,21,10,21,10,20,10,19,10,19,11,18,11,17,11,17,11,16,11,15,12,15,12,15,12,14]"
CSI_DATA,35399,d8:b1:90:db:e8:90,-56,11,1,7,0,0,1,0,0,0,1,-95,0,8,0,554611846,0,100,0,128,1,"[100,-64,5,0,2,-19,2,-19,1,-19,0,-19,-1,-19,-1,-19,-2,-19,-2,-20,-2,-20,-3,-20,-3,-20,-4,-21,-4,-21,-4,-21,-4,-21,-4,-22,-4,-22,-3,-21,-3,-21,-3,-21,-3,-21,-3,-21,-2,-21,-1,-22,-1,-22,0,-6,0,0,0,0,0,0,0,0,0,0,0,0,0,0,0,0,0,0,1,-7,5,-25,6,-25,7,-24,8,-24,8,-24,9,-24,9,-24,10,-24,10,-24,11,-23,11,-22,11,-22,11,-22,10,-21,10,-21,10,-21,9,-21,9,-20,8,-20,7,-19,6,-19,6,-19,5,-19,4,-19,4,-19,4,-20]"
CSI_DATA,35400,d8:b1:90:db:e8:90,-57,11,1,7,0,0,1,0,0,0,1,-95,0,8,0,554622427,0,100,0,128,1,"[100,-64,5,0,20,5,20,4,20,4,19,3,19,2,19,2,19,1,19,0,19,0,19,0,20,0,21,0,21,-1,21,-1,21,-1,22,-1,22,-1,22,-1,22,-1,22,-1,22,0,21,1,21,1,22,2,22,3,5,0,0,0,0,0,0,0,0,0,0,0,0,0,0,0,0,0,0,0,6,2,24,10,23,11,22,11,23,11,24,12,25,12,24,12,23,14,23,15,23,15,23,15,21,15,20,14,19,14,19,13,19,13,20,12,20,11,19,10,19,9,19,9,19,8,19,8,20,7,20,6,20,5]"
CSI_DATA,35401,d8:b1:90:db:e8:90,-56,11,1,7,0,0,1,0,0,0,1,-95,0,8,0,554637204,0,100,0,128,1,"[100,-64,5,0,13,-15,12,-15,12,-15,11,-15,11,-15,10,-15,10,-16,9,-17,9,-17,9,-17,8,-17,8,-17,8,-17,9,-18,9,-18,8,-18,9,-18,9,-17,10,-17,10,-18,10,-17,10,-17,10,-16,11,-16,12,-16,3,-4,0,0,0,0,0,0,0,0,0,0,0,0,0,0,0,0,0,0,4,-5,17,-18,18,-17,18,-16,19,-15,19,-14,20,-14,21,-14,21,-13,22,-13,22,-13,21,-13,21,-12,21,-12,20,-12,20,-13,19,-13,18,-13,18,-13,17,-13,16,-13,16,-13,15,-14,15,-14,14,-14,14,-14,14,-15]"
CSI_DATA,35402,d8:b1:90:db:e8:90,-56,11,1,7,0,0,1,0,0,0,1,-95,0,8,0,554648932,0,100,0,128,1,"[100,-64,5,0,17,5,17,5,17,4,17,4,17,3,17,3,17,2,17,1,17,0,17,1,18,1,18,0,18,0,19,0,19,0,19,0,19,0,19,0,19,0,19,0,19,1,19,2,19,2,19,2,19,3,4,0,0,0,0,0,0,0,0,0,0,0,0,0,0,0,0,0,0,0,5,1,22,7,22,8,21,9,20,10,20,10,20,11,20,12,20,12,20,12,20,13,19,12,19,12,19,12,18,12,18,12,18,11,18,10,18,10,17,9,17,9,17,8,17,7,17,7,17,6,17,6,17,6]"
CSI_DATA,35403,d8:b1:90:db:e8:90,-56,11,1,7,0,0,1,0,0,0,1,-95,0,8,0,554659820,0,100,0,128,1,"[100,-64,5,0,16,-10,15,-10,15,-10,14,-10,14,-10,13,-10,13,-11,13,-12,13,-13,13,-13,12,-13,12,-13,13,-14,13,-14,13,-14,13,-14,14,-14,14,-14,14,-14,13,-13,13,-13,13,-12,14,-12,15,-12,15,-12,3,-3,0,0,0,0,0,0,0,0,0,0,0,0,0,0,0,0,0,0,5,-3,21,-10,22,-9,22,-8,23,-7,23,-6,23,-6,23,-5,23,-5,24,-4,24,-4,24,-4,23,-4,23,-4,23,-4,22,-4,21,-4,21,-5,21,-5,21,-6,20,-6,20,-7,19,-8,19,-8,18,-9,17,-9,17,-9]"
CSI_DATA,35404,d8:b1:90:db:e8:90,-57,11,1,7,0,0,1,0,0,0,1,-95,0,8,0,554676343,0,100,0,128,1,"[100,-64,5,0,16,7,16,7,16,6,16,6,16,5,16,5,16,4,16,3,16,3,16,3,16,3,17,2,17,2,17,2,17,2,17,2,17,1,17,2,17,2,17,2,17,3,17,4,17,4,17,4,16,5,4,1,0,0,0,0,0,0,0,0,0,0,0,0,0,0,0,0,0,0,5,2,20,10,20,11,19,12,18,13,18,14,17,14,17,15,16,16,16,16,16,16,16,16,16,16,16,16,16,15,15,15,15,14,15,14,16,13,16,13,16,12,16,11,16,11,16,10,17,10,17,9,17,8]"
CSI_DATA,35405,d8:b1:90:db:e8:90,-55,11,1,7,0,0,1,0,0,0,1,-95,0,8,0,554686516,0,100,0,128,1,"[100,-64,5,0,18,8,17,7,18,7,18,6,18,6,18,5,18,4,17,4,18,3,18,3,17,3,18,3,18,3,18,2,18,2,18,2,18,2,18,2,17,2,17,3,17,3,17,4,17,5,17,5,16,6,4,1,0,0,0,0,0,0,0,0,0,0,0,0,0,0,0,0,0,0,5,2,21,8,23,9,21,11,20,13,21,15,21,15,20,16,21,16,21,16,20,17,19,17,18,17,18,17,18,16,18,16,18,15,17,15,18,14,18,14,18,13,18,12,18,11,19,11,19,11,19,10,19,9]"
CSI_DATA,35406,d8:b1:90:db:e8:90,-57,11,1,7,0,0,1,0,0,0,1,-95,0,8,0,554717351,0,100,0,128,1,"[100,-64,5,0,17,-8,16,-8,16,-8,15,-9,15,-9,14,-9,14,-9,14,-9,14,-9,14,-9,14,-9,13,-9,14,-10,15,-10,15,-10,14,-10,14,-10,15,-10,15,-10,15,-10,15,-9,15,-9,16,-8,17,-8,17,-8,4,-2,0,0,0,0,0,0,0,0,0,0,0,0,0,0,0,0,0,0,5,-3,22,-9,22,-8,22,-7,22,-6,23,-5,23,-5,24,-5,24,-4,24,-4,24,-3,24,-3,24,-3,24,-2,23,-2,23,-2,22,-2,22,-3,22,-3,22,-4,21,-4,21,-5,20,-6,20,-6,19,-6,19,-7,19,-7]"
CSI_DATA,35407,d8:b1:90:db:e8:90,-56,11,1,7,0,0,1,0,0,0,1,-95,0,8,0,554729185,0,100,0,128,1,"[100,-64,5,0,19,2,18,2,18,2,17,1,17,1,16,1,16,0,17,-1,17,-1,17,-2,16,-2,16,-2,17,-3,17,-3,17,-3,18,-3,18,-4,18,-4,18,-3,18,-3,18,-2,18,-2,18,-1,18,-1,19,0,4,0,0,0,0,0,0,0,0,0,0,0,0,0,0,0,0,0,0,0,6,1,24,6,24,7,23,8,23,8,23,9,23,9,23,10,23,10,23,10,23,11,23,11,22,11,22,11,22,11,22,10,21,9,21,9,21,8,21,7,21,6,21,6,20,5,20,6,20,6,20,5,19,4]"
CSI_DATA,35408,d8:b1:90:db:e8:90,-57,11,1,7,0,0,1,0,0,0,1,-95,0,8,0,554740502,0,100,0,128,1,"[100,-64,5,0,7,-19,6,-18,5,-18,4,-18,3,-17,2,-17,2,-16,2,-16,2,-17,1,-17,1,-17,1,-17,1,-17,1,-17,1,-17,1,-18,1,-18,2,-17,2,-18,2,-18,2,-18,2,-18,3,-18,4,-18,5,-19,1,-5,0,0,0,0,0,0,0,0,0,0,0,0,0,0,0,0,0,0,2,-6,8,-24,9,-23,10,-23,11,-22,11,-22,12,-22,13,-22,13,-22,14,-22,14,-22,14,-22,14,-21,14,-21,14,-21,13,-20,12,-20,12,-20,11,-20,10,-20,9,-20,9,-20,9,-19,9,-19,8,-19,8,-19,9,-20]"
CSI_DATA,35409,d8:b1:90:db:e8:90,-57,11,1,7,0,0,1,0,0,0,1,-95,0,8,0,554751820,0,100,0,128,1,"[100,-64,5,0,-15,-12,-15,-12,-14,-10,-15,-9,-15,-9,-15,-9,-15,-8,-15,-8,-15,-7,-14,-7,-15,-7,-16,-7,-16,-7,-16,-7,-16,-7,-17,-7,-17,-7,-17,-7,-17,-7,-18,-8,-18,-8,-18,-9,-18,-9,-18,-9,-18,-10,-5,-3,0,0,0,0,0,0,0,0,0,0,0,0,0,0,0,0,0,0,-5,-4,-19,-16,-18,-17,-17,-17,-17,-18,-16,-19,-16,-19,-16,-19,-16,-20,-15,-20,-15,-20,-15,-20,-15,-20,-15,-19,-15,-19,-15,-19,-14,-18,-15,-17,-15,-17,-15,-16,-15,-15,-15,-15,-15,-15,-15,-14,-15,-14,-15,-13,-14,-13]"
CSI_DATA,35410,d8:b1:90:db:e8:90,-55,11,1,7,0,0,1,0,0,0,1,-95,0,8,0,554763382,0,100,0,128,1,"[100,-64,5,0,12,15,12,14,13,13,12,13,12,12,12,11,12,10,13,9,13,9,13,9,13,9,14,9,14,9,14,8,14,8,14,9,14,9,15,9,15,9,15,9,15,10,14,10,14,10,15,10,15,11,3,2,0,0,0,0,0,0,0,0,0,0,0,0,0,0,0,0,0,0,4,4,18,19,17,20,16,21,15,21,14,22,14,22,13,23,13,23,13,23,13,23,13,23,12,23,12,23,12,23,12,22,12,22,12,21,13,21,13,20,13,19,13,19,13,18,13,18,14,18,13,17,13,17]"
CSI_DATA,35411,d8:b1:90:db:e8:90,-55,11,1,7,0,0,1,0,0,0,1,-95,0,8,0,554773405,0,100,0,128,1,"[100,-64,5,0,18,-5,17,-5,17,-5,16,-5,15,-5,15,-5,14,-6,14,-7,15,-8,15,-8,15,-8,14,-8,14,-8,15,-9,15,-9,15,-9,15,-10,15,-10,15,-10,16,-10,16,-10,15,-9,16,-9,17,-9,18,-9,4,-2,0,0,0,0,0,0,0,0,0,0,0,0,0,0,0,0,0,0,6,-2,25,-7,25,-6,25,-5,25,-4,26,-3,26,-2,26,-2,26,-2,26,-2,26,-2,26,-1,25,-1,25,-1,25,-1,24,-1,24,-2,23,-2,23,-2,23,-3,22,-3,22,-4,22,-4,21,-4,21,-4,21,-4,21,-4]"
CSI_DATA,35412,d8:b1:90:db:e8:90,-55,11,1,7,0,0,1,0,0,0,1,-95,0,8,0,554786353,0,100,0,128,1,"[100,-64,5,0,17,-10,16,-10,15,-10,14,-10,13,-10,13,-10,13,-10,12,-11,12,-11,12,-11,11,-11,11,-12,12,-12,12,-13,12,-13,12,-13,12,-14,12,-14,13,-14,13,-14,13,-14,13,-13,14,-13,15,-13,15,-13,3,-3,0,0,0,0,0,0,0,0,0,0,0,0,0,0,0,0,0,0,5,-4,23,-13,23,-12,24,-11,25,-10,25,-9,26,-9,26,-9,26,-9,26,-9,26,-8,26,-8,26,-7,25,-6,25,-6,25,-7,24,-8,24,-8,23,-9,22,-8,22,-9,21,-9,21,-9,21,-9,20,-9,19,-9,19,-10]"
CSI_DATA,35413,d8:b1:90:db:e8:90,-57,11,1,7,0,0,1,0,0,0,1,-95,0,8,0,554816885,0,100,0,128,1,"[100,-64,5,0,-14,8,-13,8,-13,8,-12,8,-11,8,-11,8,-10,8,-10,9,-10,9,-10,9,-10,10,-9,11,-9,11,-10,12,-10,12,-10,13,-10,14,-11,14,-11,13,-11,13,-11,13,-11,13,-11,13,-10,13,-9,14,-3,3,0,0,0,0,0,0,0,0,0,0,0,0,0,0,0,0,0,0,-5,3,-21,14,-22,12,-23,11,-23,10,-23,9,-24,9,-24,9,-24,8,-25,8,-25,8,-25,7,-24,7,-24,7,-23,7,-23,7,-22,7,-21,8,-21,8,-20,8,-20,8,-19,8,-18,8,-17,9,-17,9,-16,9,-16,9]"
CSI_DATA,35414,d8:b1:90:db:e8:90,-57,11,1,7,0,0,1,0,0,0,1,-95,0,8,0,554829247,0,100,0,128,1,"[100,-64,5,0,12,10,12,9,12,9,11,8,11,8,11,8,11,7,12,7,12,7,12,6,12,6,13,6,14,6,14,5,15,5,16,6,17,6,17,6,17,6,17,6,17,7,17,8,16,7,16,4,16,3,4,1,0,0,0,0,0,0,0,0,0,0,0,0,0,0,0,0,0,0,5,3,21,13,20,14,19,16,18,17,17,18,17,18,17,19,17,19,16,20,16,20,16,20,15,19,15,19,15,19,14,18,14,17,14,17,14,16,14,15,14,15,14,14,14,14,13,13,13,13,13,12,13,12]"
CSI_DATA,35415,d8:b1:90:db:e8:90,-57,11,1,7,0,0,1,0,0,0,1,-95,0,8,0,554839290,0,100,0,128,1,"[100,-64,5,0,-20,-2,-19,-1,-19,-1,-18,0,-17,0,-17,1,-16,1,-17,3,-16,4,-16,4,-16,4,-17,5,-17,6,-18,6,-18,7,-19,7,-19,7,-20,7,-20,7,-21,7,-21,7,-22,6,-22,6,-23,6,-23,5,-6,1,0,0,0,0,0,0,0,0,0,0,0,0,0,0,0,0,0,0,-8,-1,-31,-5,-30,-6,-29,-8,-29,-9,-30,-10,-30,-11,-30,-11,-31,-12,-30,-12,-28,-11,-28,-11,-28,-11,-28,-11,-27,-10,-26,-9,-26,-9,-26,-8,-25,-7,-25,-7,-25,-6,-24,-6,-24,-5,-24,-4,-23,-4,-22,-3,-21,-3]"
CSI_DATA,35416,d8:b1:90:db:e8:90,-57,11,1,7,0,0,1,0,0,0,1,-95,0,8,0,554850477,0,100,0,128,1,"[100,-64,5,0,-25,-27,-23,-26,-24,-16,-32,-11,-35,-15,-30,-13,-26,-6,-31,-3,-37,-9,-34,-10,-34,4,-38,16,-39,11,-36,3,-36,9,-42,17,-42,12,-37,8,-37,14,-39,22,-42,20,-38,14,-35,19,-42,30,-51,32,-14,7,0,0,0,0,0,0,0,0,0,0,0,0,0,0,0,0,0,0,3,-16,15,-61,16,-59,13,-53,11,-53,14,-59,15,-59,12,-54,7,-55,7,-60,10,-56,5,-52,-3,-58,-4,-62,-1,-55,-5,-48,-13,-52,-12,-54,-6,-49,-11,-44,-20,-43,-20,-46,-18,-42,-23,-31,-30,-29,-29,-34,-23,-37]"
CSI_DATA,35417,d8:b1:90:db:e8:90,-57,11,1,7,0,0,1,0,0,0,1,-95,0,8,0,554866854,0,100,0,128,1,"[100,-64,5,0,-7,-16,-7,-15,-8,-14,-8,-14,-9,-13,-9,-13,-9,-12,-10,-12,-10,-11,-10,-12,-11,-12,-12,-12,-12,-12,-12,-11,-13,-11,-14,-12,-14,-13,-14,-13,-13,-12,-14,-12,-14,-13,-14,-14,-13,-14,-13,-15,-13,-15,-4,-4,0,0,0,0,0,0,0,0,0,0,0,0,0,0,0,0,0,0,-2,-7,-6,-26,-5,-26,-5,-27,-4,-27,-3,-27,-3,-27,-2,-27,-2,-27,-2,-27,-1,-27,0,-26,0,-26,0,-26,-1,-25,-1,-25,-2,-24,-2,-24,-2,-23,-3,-23,-3,-22,-4,-21,-5,-21,-5,-20,-5,-20,-5,-19,-5,-18]"
CSI_DATA,35418,d8:b1:90:db:e8:90,-56,11,1,7,0,0,1,0,0,0,1,-95,0,8,0,554880323,0,100,0,128,1,"[100,-64,5,0,11,11,10,10,11,9,11,9,11,8,11,8,11,7,12,7,12,7,12,7,13,7,14,7,14,7,15,7,15,8,15,8,16,8,16,8,16,8,17,9,17,9,17,10,17,10,16,11,16,11,4,3,0,0,0,0,0,0,0,0,0,0,0,0,0,0,0,0,0,0,4,5,16,20,15,21,14,21,14,22,13,22,12,22,12,23,12,23,12,23,11,23,11,23,11,23,10,22,10,22,11,21,11,20,11,20,11,19,11,18,11,17,11,16,11,15,11,14,11,14,11,13,11,13]"
CSI_DATA,35419,d8:b1:90:db:e8:90,-57,11,1,7,0,0,1,0,0,0,1,-95,0,8,0,554891424,0,100,0,128,1,"[100,-64,5,0,10,-13,7,-12,4,-10,6,-11,8,-12,8,-13,10,-15,9,-15,7,-14,5,-12,5,-11,6,-13,7,-16,8,-20,8,-22,8,-19,9,-18,10,-17,12,-16,11,-18,10,-19,8,-19,6,-20,9,-18,11,-18,2,-5,0,0,0,0,0,0,0,0,0,0,0,0,0,0,0,0,0,0,4,-7,16,-23,15,-20,15,-17,17,-17,18,-17,18,-18,18,-19,18,-19,20,-17,21,-16,21,-16,21,-16,20,-16,18,-17,16,-17,17,-15,17,-15,14,-16,12,-16,13,-15,14,-14,15,-14,16,-12,13,-11,10,-12,8,-13]"
CSI_DATA,35420,d8:b1:90:db:e8:90,-56,11,1,7,0,0,1,0,0,0,1,-95,0,8,0,554926016,0,100,0,128,1,"[100,-64,5,0,12,-10,11,-10,11,-10,10,-10,10,-11,9,-11,9,-11,9,-12,10,-13,9,-14,9,-14,8,-15,8,-15,9,-16,9,-16,9,-17,10,-18,10,-18,10,-18,10,-18,10,-18,10,-18,12,-18,13,-17,14,-17,3,-5,0,0,0,0,0,0,0,0,0,0,0,0,0,0,0,0,0,0,6,-4,24,-12,25,-11,25,-10,26,-9,26,-9,26,-8,26,-8,26,-8,26,-8,26,-8,26,-7,26,-7,25,-7,24,-7,23,-7,23,-7,22,-8,22,-8,21,-8,20,-9,19,-9,18,-10,17,-10,16,-9,16,-10,15,-10]"
CSI_DATA,35421,d8:b1:90:db:e8:90,-57,11,1,7,0,0,1,0,0,0,1,-95,0,8,0,554938264,0,100,0,128,1,"[100,-64,5,0,-15,4,-15,4,-14,5,-14,5,-13,5,-13,6,-12,6,-13,7,-13,8,-12,8,-13,8,-13,9,-14,9,-15,10,-15,10,-15,11,-16,11,-16,11,-17,11,-17,11,-17,11,-18,10,-18,10,-19,10,-20,9,-5,2,0,0,0,0,0,0,0,0,0,0,0,0,0,0,0,0,0,0,-7,0,-27,0,-27,-1,-27,-3,-27,-4,-27,-4,-27,-5,-27,-5,-27,-5,-26,-6,-26,-6,-26,-5,-26,-5,-25,-5,-25,-5,-24,-4,-23,-4,-22,-3,-22,-3,-21,-2,-21,-2,-20,-1,-19,-1,-19,1,-18,2,-18,2,-17,3]"
CSI_DATA,35422,d8:b1:90:db:e8:90,-55,11,1,7,0,0,1,0,0,0,1,-95,0,8,0,554948423,0,100,0,128,1,"[100,-64,5,0,15,7,15,6,15,5,15,5,15,4,15,4,15,3,15,2,15,2,16,1,16,2,17,2,18,1,18,1,19,1,20,1,20,1,20,1,20,1,21,2,21,2,21,3,21,4,21,4,21,5,5,1,0,0,0,0,0,0,0,0,0,0,0,0,0,0,0,0,0,0,6,3,23,15,23,16,21,17,21,18,20,18,20,19,20,19,20,19,19,20,19,20,19,19,19,19,19,19,18,18,17,17,17,17,17,16,17,15,17,14,16,13,16,13,16,12,16,11,16,10,16,9,16,8]"
CSI_DATA,35423,d8:b1:90:db:e8:90,-55,11,1,7,0,0,1,0,0,0,1,-95,0,8,0,554960062,0,100,0,128,1,"[100,-64,5,0,0,-17,0,-16,-1,-16,-2,-16,-2,-16,-3,-15,-3,-15,-3,-16,-4,-16,-4,-16,-6,-16,-6,-17,-7,-18,-6,-17,-6,-18,-7,-19,-6,-19,-6,-19,-6,-20,-7,-20,-7,-21,-7,-21,-6,-21,-5,-21,-5,-22,-1,-6,0,0,0,0,0,0,0,0,0,0,0,0,0,0,0,0,0,0,1,-7,6,-28,7,-27,9,-26,10,-25,11,-25,11,-25,11,-26,12,-26,12,-26,12,-25,12,-25,11,-25,11,-24,10,-24,10,-23,10,-23,9,-22,8,-22,8,-21,7,-21,6,-20,5,-20,4,-19,3,-19,3,-19,3,-19]"
CSI_DATA,35424,d8:b1:90:db:e8:90,-55,11,1,7,0,0,1,0,0,0,1,-95,0,8,0,554977822,0,100,0,128,1,"[100,-64,5,0,10,13,10,12,10,11,11,11,11,11,11,10,12,10,12,9,12,9,13,9,13,9,14,9,15,9,15,9,16,9,16,10,16,10,16,10,16,10,16,11,17,11,17,12,17,12,16,12,15,13,3,3,0,0,0,0,0,0,0,0,0,0,0,0,0,0,0,0,0,0,4,6,15,24,14,24,12,24,11,24,10,25,9,26,9,26,10,27,9,27,9,27,9,26,9,26,8,26,8,25,8,25,8,24,8,23,8,22,8,21,9,20,9,20,9,19,9,18,9,17,10,16,10,15]"
CSI_DATA,35425,d8:b1:90:db:e8:90,-57,11,1,7,0,0,1,0,0,0,1,-95,0,8,0,554988374,0,100,0,128,1,"[100,-64,5,0,-6,-16,-6,-15,-7,-14,-7,-14,-8,-13,-8,-13,-9,-13,-10,-12,-10,-12,-11,-12,-12,-12,-13,-13,-13,-13,-13,-13,-14,-13,-14,-14,-14,-14,-14,-14,-14,-14,-14,-15,-15,-15,-15,-16,-14,-16,-14,-16,-13,-17,-4,-5,0,0,0,0,0,0,0,0,0,0,0,0,0,0,0,0,0,0,-2,-7,-5,-26,-4,-26,-3,-26,-2,-26,-1,-26,0,-26,0,-26,0,-26,0,-26,0,-26,0,-26,0,-25,0,-24,0,-24,0,-24,0,-23,-1,-22,-1,-22,-2,-22,-2,-21,-3,-20,-3,-20,-4,-19,-4,-18,-4,-18,-4,-17]"
CSI_DATA,35426,d8:b1:90:db:e8:90,-56,11,1,7,0,0,1,0,0,0,1,-95,0,8,0,555017049,0,100,0,128,1,"[100,-64,5,0,-9,-15,-9,-14,-9,-13,-10,-13,-10,-12,-11,-12,-11,-12,-11,-12,-11,-12,-11,-12,-12,-12,-13,-13,-14,-12,-14,-12,-14,-13,-15,-13,-15,-13,-14,-13,-14,-14,-15,-14,-15,-15,-15,-15,-14,-16,-14,-16,-13,-17,-4,-5,0,0,0,0,0,0,0,0,0,0,0,0,0,0,0,0,0,0,-3,-6,-10,-24,-10,-25,-9,-25,-8,-26,-7,-26,-7,-27,-6,-27,-6,-27,-5,-27,-5,-27,-4,-26,-4,-26,-4,-25,-4,-25,-5,-24,-5,-23,-5,-22,-6,-22,-6,-22,-7,-21,-7,-20,-7,-19,-7,-18,-8,-18,-8,-17,-8,-17]"
CSI_DATA,35427,d8:b1:90:db:e8:90,-56,11,1,7,0,0,1,0,0,0,1,-95,0,8,0,555029641,0,100,0,128,1,"[100,-64,5,0,2,-17,1,-16,1,-16,0,-16,-1,-16,-2,-15,-2,-15,-3,-16,-3,-16,-3,-17,-4,-17,-5,-18,-5,-18,-5,-18,-5,-19,-6,-20,-5,-20,-5,-20,-5,-20,-5,-21,-6,-21,-5,-21,-4,-21,-3,-21,-3,-22,-1,-6,0,0,0,0,0,0,0,0,0,0,0,0,0,0,0,0,0,0,1,-7,5,-26,6,-26,7,-25,8,-25,9,-25,9,-25,10,-24,10,-24,11,-24,11,-23,12,-23,12,-22,11,-22,11,-22,10,-22,9,-21,9,-21,8,-21,7,-20,7,-20,6,-19,5,-19,5,-19,4,-18,4,-18,4,-18]"
CSI_DATA,35428,d8:b1:90:db:e8:90,-55,11,1,7,0,0,1,0,0,0,1,-95,0,8,0,555040740,0,100,0,128,1,"[100,-64,5,0,-17,4,-16,4,-16,5,-15,6,-15,6,-14,7,-14,7,-14,8,-14,9,-14,9,-14,9,-14,10,-15,11,-15,11,-15,12,-15,12,-16,13,-16,12,-16,12,-17,12,-17,12,-17,12,-18,11,-19,11,-19,10,-5,2,0,0,0,0,0,0,0,0,0,0,0,0,0,0,0,0,0,0,-7,1,-28,4,-28,3,-28,2,-28,0,-28,-1,-28,-1,-28,-1,-28,-2,-28,-2,-28,-3,-28,-4,-27,-4,-26,-4,-26,-4,-26,-3,-25,-2,-25,-2,-24,-1,-23,-1,-22,0,-22,1,-21,1,-21,1,-20,2,-20,2,-19,4]"
CSI_DATA,35429,d8:b1:90:db:e8:90,-57,11,1,7,0,0,1,0,0,0,1,-95,0,8,0,555050818,0,100,0,128,1,"[100,-64,5,0,10,-12,9,-12,9,-12,8,-13,8,-13,7,-13,7,-13,6,-14,6,-15,6,-16,5,-16,5,-17,5,-17,5,-17,5,-18,5,-19,5,-20,5,-20,5,-19,5,-20,5,-20,5,-19,6,-19,7,-19,8,-19,2,-5,0,0,0,0,0,0,0,0,0,0,0,0,0,0,0,0,0,0,4,-5,18,-17,19,-16,20,-15,21,-15,21,-14,21,-14,21,-14,21,-14,21,-14,21,-13,22,-13,21,-13,21,-13,20,-13,19,-13,18,-13,18,-13,17,-13,16,-12,16,-12,15,-12,14,-13,14,-13,13,-13,13,-13,12,-13]"
CSI_DATA,35430,d8:b1:90:db:e8:90,-56,11,1,7,0,0,1,0,0,0,1,-95,0,8,0,555068697,0,100,0,128,1,"[100,-64,5,0,-10,-13,-11,-11,-13,-10,-13,-9,-13,-8,-14,-8,-13,-7,-14,-7,-14,-6,-13,-5,-16,-5,-18,-6,-19,-5,-19,-4,-20,-3,-22,1,-20,1,-18,1,-19,0,-20,-1,-21,-1,-21,-3,-19,-2,-23,-1,-24,-5,-6,-2,0,0,0,0,0,0,0,0,0,0,0,0,0,0,0,0,0,0,-1,-8,-2,-28,-2,-27,-3,-28,-2,-29,-4,-29,-3,-28,-1,-26,-1,-26,-2,-26,-3,-27,-4,-27,-4,-25,-5,-25,-5,-25,-4,-24,-4,-23,-5,-23,-7,-22,-8,-21,-9,-20,-9,-19,-9,-18,-10,-17,-11,-17,-11,-15,-12,-14]"
CSI_DATA,35431,d8:b1:90:db:e8:90,-57,11,1,7,0,0,1,0,0,0,1,-95,0,8,0,555086861,0,100,0,128,1,"[100,-64,5,0,9,13,9,13,9,12,10,11,10,11,10,11,11,10,11,10,12,9,12,9,13,9,13,10,14,10,14,10,14,10,15,11,15,11,14,11,14,11,14,12,15,13,14,13,14,13,14,14,13,14,3,3,0,0,0,0,0,0,0,0,0,0,0,0,0,0,0,0,0,0,3,5,13,21,11,22,10,23,9,23,8,24,7,24,7,24,6,25,6,25,6,25,6,25,6,24,6,24,6,23,7,22,7,21,7,21,7,20,7,20,7,19,8,18,8,18,8,17,9,16,9,16,9,15]"
CSI_DATA,35432,d8:b1:90:db:e8:90,-57,11,1,7,0,0,1,0,0,0,1,-95,0,8,0,555096965,0,100,0,128,1,"[100,-64,5,0,-5,15,-4,15,-4,15,-3,14,-2,14,-1,14,-1,14,0,15,0,15,1,15,1,15,1,16,1,17,1,17,1,17,1,18,1,19,0,19,0,18,0,19,0,19,0,19,-1,19,-2,19,-2,19,-1,4,0,0,0,0,0,0,0,0,0,0,0,0,0,0,0,0,0,0,-3,5,-10,23,-11,22,-13,21,-14,21,-14,21,-15,21,-15,21,-15,21,-15,21,-15,21,-16,21,-15,21,-15,20,-14,20,-14,19,-13,19,-12,19,-12,18,-11,18,-10,18,-9,17,-8,17,-8,17,-7,17,-6,17,-6,17]"
CSI_DATA,35433,d8:b1:90:db:e8:90,-56,11,1,7,0,0,1,0,0,0,1,-95,0,8,0,555124736,0,100,0,128,1,"[100,-64,5,0,4,16,4,15,5,15,5,15,6,14,7,14,7,13,7,13,7,13,8,14,9,14,10,14,10,15,10,15,11,15,11,15,11,15,10,15,10,16,11,17,11,17,11,18,10,18,8,18,8,19,1,4,0,0,0,0,0,0,0,0,0,0,0,0,0,0,0,0,0,0,1,6,3,26,2,26,1,26,0,26,-1,26,-1,27,-2,27,-2,27,-2,28,-3,28,-3,27,-3,27,-3,26,-3,26,-2,25,-2,24,-1,23,-1,23,-1,23,0,22,1,22,1,21,1,20,1,20,1,19,2,18]"
CSI_DATA,35434,d8:b1:90:db:e8:90,-56,11,1,7,0,0,1,0,0,0,1,-95,0,8,0,555137472,0,100,0,128,1,"[100,-64,5,0,-7,15,-6,14,-5,14,-5,14,-5,14,-4,13,-3,14,-2,15,-2,15,-2,16,-1,16,0,17,0,17,0,17,0,18,0,19,-1,19,-1,19,-1,19,-1,19,0,19,0,19,-1,20,-2,20,-4,20,-1,5,0,0,0,0,0,0,0,0,0,0,0,0,0,0,0,0,0,0,-4,5,-14,23,-15,22,-16,21,-17,20,-17,20,-18,20,-18,19,-18,19,-18,18,-19,18,-19,18,-19,18,-18,17,-18,17,-17,18,-17,18,-16,17,-15,17,-14,17,-13,16,-12,16,-11,16,-11,15,-10,15,-9,15,-9,15]"
CSI_DATA,35435,d8:b1:90:db:e8:90,-56,11,1,7,0,0,1,0,0,0,1,-95,0,8,0,555149939,0,100,0,128,1,"[100,-64,5,0,14,-8,13,-8,13,-8,12,-8,12,-9,12,-9,11,-9,12,-10,12,-11,12,-11,12,-11,12,-13,12,-13,13,-14,13,-14,13,-15,14,-15,14,-15,14,-15,14,-15,14,-15,15,-14,15,-14,16,-13,17,-13,4,-4,0,0,0,0,0,0,0,0,0,0,0,0,0,0,0,0,0,0,5,-3,23,-10,24,-10,24,-9,24,-8,24,-7,25,-7,25,-6,25,-6,25,-6,25,-5,25,-5,25,-5,25,-5,24,-5,23,-5,22,-5,21,-5,21,-6,20,-6,20,-7,19,-7,18,-7,17,-7,16,-7,16,-7,16,-8]"
CSI_DATA,35436,d8:b1:90:db:e8:90,-56,11,1,7,0,0,1,0,0,0,1,-95,0,8,0,555160252,0,100,0,128,1,"[100,-64,5,0,10,-13,10,-13,9,-13,9,-13,8,-13,8,-13,7,-13,7,-14,7,-15,7,-15,6,-15,6,-16,6,-17,7,-17,7,-18,8,-18,8,-18,8,-18,9,-18,9,-18,9,-18,9,-18,10,-18,11,-17,11,-17,3,-5,0,0,0,0,0,0,0,0,0,0,0,0,0,0,0,0,0,0,4,-5,19,-18,20,-17,21,-16,21,-15,22,-15,22,-15,22,-14,22,-14,23,-14,23,-13,23,-14,23,-13,22,-13,22,-13,21,-12,20,-12,19,-12,19,-12,18,-13,17,-13,16,-13,15,-13,14,-13,14,-13,13,-13,13,-13]"
CSI_DATA,35437,d8:b1:90:db:e8:90,-57,11,1,7,0,0,1,0,0,0,1,-95,0,8,0,555171721,0,100,0,128,1,"[100,-64,5,0,6,-15,6,-15,5,-15,4,-15,3,-15,3,-15,3,-15,3,-16,3,-17,3,-17,2,-17,2,-18,2,-19,3,-19,2,-20,2,-21,2,-21,3,-21,3,-21,3,-21,3,-21,3,-21,4,-21,5,-21,5,-21,1,-6,0,0,0,0,0,0,0,0,0,0,0,0,0,0,0,0,0,0,3,-6,13,-22,14,-22,15,-21,16,-20,16,-20,16,-19,17,-19,17,-19,17,-19,17,-19,17,-19,17,-18,16,-18,16,-18,15,-17,15,-17,14,-17,13,-17,12,-17,11,-16,10,-16,10,-16,9,-16,8,-16,8,-16,7,-16]"
CSI_DATA,35438,d8:b1:90:db:e8:90,-57,11,1,7,0,0,1,0,0,0,1,-95,0,8,0,555186682,0,100,0,128,1,"[100,-64,5,0,-16,-6,-15,-5,-15,-4,-15,-3,-15,-3,-15,-2,-15,-2,-16,-2,-16,-2,-16,-2,-17,-2,-18,-2,-19,-1,-19,-1,-19,-1,-20,-1,-20,0,-20,-1,-20,-1,-20,-1,-21,-2,-21,-2,-21,-3,-21,-3,-21,-4,-6,-1,0,0,0,0,0,0,0,0,0,0,0,0,0,0,0,0,0,0,-6,-4,-23,-13,-22,-14,-21,-15,-21,-16,-21,-16,-21,-17,-21,-17,-21,-17,-21,-17,-20,-17,-20,-17,-20,-17,-19,-17,-19,-16,-18,-16,-18,-15,-18,-14,-18,-14,-18,-12,-18,-11,-17,-11,-15,-11,-14,-11,-16,-10,-17,-9,-17,-8]"
CSI_DATA,35439,d8:b1:90:db:e8:90,-56,11,1,7,0,0,1,0,0,0,1,-95,0,8,0,555225925,0,100,0,128,1,"[100,-64,5,0,-13,-11,-13,-10,-13,-9,-13,-9,-14,-9,-14,-8,-14,-8,-15,-7,-16,-6,-16,-6,-17,-7,-17,-6,-18,-6,-18,-6,-18,-6,-19,-6,-19,-6,-19,-6,-18,-7,-18,-8,-17,-10,-17,-11,-16,-10,-15,-7,-14,-6,-4,-2,0,0,0,0,0,0,0,0,0,0,0,0,0,0,0,0,0,0,-5,-5,-18,-20,-17,-21,-16,-22,-15,-23,-14,-23,-14,-24,-13,-24,-13,-24,-12,-24,-12,-24,-12,-24,-12,-24,-12,-24,-12,-23,-11,-23,-11,-22,-11,-21,-12,-20,-13,-20,-13,-19,-13,-18,-13,-17,-13,-16,-13,-15,-13,-15,-13,-14]"
CSI_DATA,35440,d8:b1:90:db:e8:90,-55,11,1,7,0,0,1,0,0,0,1,-95,0,8,0,555239913,0,100,0,128,1,"[100,-64,5,0,-12,11,-11,11,-11,11,-10,12,-9,12,-8,12,-8,12,-8,13,-8,14,-7,14,-7,14,-6,15,-7,16,-7,17,-7,17,-7,17,-7,18,-8,18,-8,18,-8,18,-8,19,-8,18,-9,18,-10,18,-11,18,-3,4,0,0,0,0,0,0,0,0,0,0,0,0,0,0,0,0,0,0,-6,3,-23,15,-24,15,-24,14,-25,13,-25,12,-25,11,-25,11,-25,11,-26,11,-26,10,-26,10,-26,9,-25,9,-24,9,-24,9,-23,9,-22,9,-21,9,-20,10,-19,10,-18,10,-18,11,-17,11,-16,11,-15,11,-14,11]"
CSI_DATA,35441,d8:b1:90:db:e8:90,-56,11,1,7,0,0,1,0,0,0,1,-95,0,8,0,555250325,0,100,0,128,1,"[100,-64,5,0,15,0,14,-1,14,-1,14,-2,14,-2,14,-3,14,-4,14,-5,15,-6,15,-6,15,-6,15,-7,16,-7,17,-8,17,-8,17,-8,18,-8,18,-8,18,-8,19,-9,19,-8,19,-7,19,-7,20,-6,21,-6,5,-2,0,0,0,0,0,0,0,0,0,0,0,0,0,0,0,0,0,0,6,0,25,3,25,4,25,5,25,6,25,7,25,7,24,7,24,8,24,8,24,8,24,9,23,9,23,9,22,9,22,8,21,7,21,7,21,6,20,5,19,5,19,4,19,3,18,2,18,2,17,1,17,0]"
CSI_DATA,35442,d8:b1:90:db:e8:90,-56,11,1,7,0,0,1,0,0,0,1,-95,0,8,0,555266515,0,100,0,128,1,"[100,-64,5,0,9,-14,8,-14,8,-14,7,-14,7,-15,6,-14,5,-15,5,-16,5,-16,5,-16,4,-17,4,-17,4,-18,4,-18,5,-19,5,-19,5,-20,6,-20,6,-19,6,-20,6,-19,6,-19,7,-19,8,-19,9,-19,2,-5,0,0,0,0,0,0,0,0,0,0,0,0,0,0,0,0,0,0,4,-5,18,-19,19,-18,20,-17,20,-17,21,-16,22,-16,22,-16,22,-16,23,-15,22,-15,22,-15,22,-15,21,-14,21,-14,20,-14,20,-14,19,-14,18,-14,17,-14,16,-14,16,-14,15,-14,14,-14,13,-14,13,-14,12,-15]"
CSI_DATA,35443,d8:b1:90:db:e8:90,-56,11,1,7,0,0,1,0,0,0,1,-95,0,8,0,555276687,0,100,0,128,1,"[100,-64,5,0,12,-11,11,-10,11,-11,10,-11,10,-12,9,-12,8,-12,8,-13,8,-13,8,-13,7,-14,7,-15,8,-16,8,-16,8,-16,8,-16,9,-17,9,-17,10,-17,10,-18,10,-17,10,-16,10,-16,11,-17,12,-17,3,-4,0,0,0,0,0,0,0,0,0,0,0,0,0,0,0,0,0,0,5,-4,22,-14,23,-13,23,-12,23,-11,23,-11,24,-10,24,-10,25,-9,25,-9,25,-9,25,-8,24,-8,24,-8,24,-8,23,-8,22,-8,21,-8,21,-9,20,-9,18,-9,18,-9,17,-9,16,-10,16,-10,15,-10,14,-11]"
CSI_DATA,35444,d8:b1:90:db:e8:90,-55,11,1,7,0,0,1,0,0,0,1,-95,0,8,0,555300898,0,100,0,128,1,"[100,-64,5,0,14,10,14,10,14,9,14,8,14,8,15,7,15,6,14,5,14,5,15,5,15,5,16,6,17,5,17,5,17,6,18,6,18,5,18,5,18,6,18,6,18,7,18,8,18,8,18,9,18,9,4,2,0,0,0,0,0,0,0,0,0,0,0,0,0,0,0,0,0,0,5,4,20,19,19,19,18,20,17,21,17,22,17,22,16,23,16,24,16,24,15,24,15,24,15,23,15,23,14,23,14,22,13,21,13,21,14,20,14,19,14,18,14,17,14,16,14,15,14,14,14,13,14,12]"
CSI_DATA,35445,d8:b1:90:db:e8:90,-56,11,1,7,0,0,1,0,0,0,1,-95,0,8,0,555326038,0,100,0,128,1,"[100,-64,5,0,10,15,10,14,11,13,12,12,13,12,13,11,13,10,13,9,13,9,14,9,15,9,16,9,17,8,17,8,18,8,18,9,18,9,18,9,18,10,18,10,19,11,19,12,18,12,18,12,18,12,4,3,0,0,0,0,0,0,0,0,0,0,0,0,0,0,0,0,0,0,3,6,14,27,11,27,9,27,7,27,8,28,9,28,9,27,8,27,7,27,6,28,6,29,6,29,6,28,6,28,6,26,6,26,7,25,7,24,8,23,8,23,9,22,9,21,10,20,10,19,10,19,10,17]"
CSI_DATA,35446,d8:b1:90:db:e8:90,-55,11,1,7,0,0,1,0,0,0,1,-95,0,8,0,555336270,0,100,0,128,1,"[100,-64,5,0,13,-14,12,-12,10,-11,7,-12,6,-14,7,-15,8,-15,8,-14,6,-14,4,-15,4,-17,5,-19,6,-18,6,-17,4,-17,3,-19,3,-21,5,-21,6,-20,5,-19,3,-19,3,-20,4,-21,7,-21,8,-20,2,-5,0,0,0,0,0,0,0,0,0,0,0,0,0,0,0,0,0,0,6,-4,24,-14,24,-13,25,-12,25,-11,25,-11,25,-11,26,-11,26,-11,26,-11,25,-11,25,-12,25,-12,24,-11,23,-10,22,-10,21,-11,21,-12,21,-12,20,-10,18,-10,16,-11,16,-13,17,-14,17,-13,15,-12,13,-11]"
CSI_DATA,35447,d8:b1:90:db:e8:90,-55,11,1,7,0,0,1,0,0,0,1,-95,0,8,0,555346967,0,100,0,128,1,"[100,-64,5,0,-17,6,-16,6,-15,7,-15,7,-14,7,-14,8,-13,8,-14,9,-14,10,-14,10,-13,10,-14,11,-14,11,-15,12,-15,12,-15,13,-16,13,-16,13,-16,13,-16,13,-16,12,-16,12,-17,12,-18,12,-19,11,-5,2,0,0,0,0,0,0,0,0,0,0,0,0,0,0,0,0,0,0,-7,2,-27,9,-27,7,-27,6,-27,5,-27,4,-28,4,-28,4,-29,4,-29,3,-29,3,-29,2,-28,2,-28,1,-28,2,-27,2,-26,3,-25,3,-25,3,-24,4,-23,4,-23,5,-22,5,-21,5,-20,5,-19,6,-19,7]"
CSI_DATA,35448,d8:b1:90:db:e8:90,-56,11,1,7,0,0,1,0,0,0,1,-95,0,8,0,555360813,0,100,0,128,1,"[100,-64,5,0,-8,15,-7,14,-6,14,-6,14,-5,14,-4,14,-3,14,-3,15,-3,15,-3,16,-2,16,-2,17,-2,18,-2,18,-2,18,-2,19,-2,20,-3,20,-3,20,-3,20,-3,20,-3,20,-4,20,-5,20,-6,20,-2,5,0,0,0,0,0,0,0,0,0,0,0,0,0,0,0,0,0,0,-4,5,-14,23,-16,22,-16,21,-17,20,-18,20,-18,20,-19,20,-19,20,-20,20,-20,19,-20,19,-20,19,-20,18,-19,18,-18,18,-17,18,-17,17,-16,18,-15,17,-14,17,-13,17,-12,17,-11,17,-10,16,-10,16,-9,16]"
CSI_DATA,35449,d8:b1:90:db:e8:90,-56,11,1,7,0,0,1,0,0,0,1,-95,0,8,0,555376385,0,100,0,128,1,"[100,-64,5,0,16,7,16,6,16,5,16,4,16,4,16,3,15,2,15,1,15,0,15,0,16,0,17,-1,18,-1,18,-2,18,-2,19,-1,19,-1,19,-2,19,-1,19,-1,19,0,19,1,19,1,20,2,20,3,5,0,0,0,0,0,0,0,0,0,0,0,0,0,0,0,0,0,0,0,6,2,25,10,24,11,23,12,22,13,22,13,22,14,22,15,21,16,21,16,21,16,21,16,20,16,20,16,20,16,20,15,20,14,20,14,20,13,19,13,19,12,19,11,19,10,19,9,19,9,18,8,18,8]"
CSI_DATA,35450,d8:b1:90:db:e8:90,-55,11,1,7,0,0,1,0,0,0,1,-95,0,8,0,555386488,0,100,0,128,1,"[100,-64,5,0,5,17,5,16,6,15,7,15,8,15,8,14,9,14,9,13,9,12,9,12,10,12,12,13,12,13,12,13,12,13,13,14,13,14,12,14,12,14,12,14,12,15,12,15,12,16,11,16,10,17,2,4,0,0,0,0,0,0,0,0,0,0,0,0,0,0,0,0,0,0,1,6,6,27,5,27,4,27,3,27,2,27,1,28,1,28,0,28,0,28,0,28,0,28,0,28,0,27,0,27,0,26,0,25,1,25,1,24,2,23,3,23,3,22,4,22,4,21,4,20,5,19,5,19]"
CSI_DATA,35451,d8:b1:90:db:e8:90,-54,11,1,7,0,0,1,0,0,0,1,-95,0,8,0,555396847,0,100,0,128,1,"[100,-64,5,0,-18,7,-17,7,-16,8,-16,8,-16,8,-15,9,-14,9,-14,10,-13,10,-13,11,-13,11,-13,12,-14,13,-14,13,-15,14,-15,14,-15,14,-16,14,-16,13,-16,13,-15,13,-15,13,-16,12,-18,12,-19,12,-5,2,0,0,0,0,0,0,0,0,0,0,0,0,0,0,0,0,0,0,-7,2,-28,8,-29,7,-29,6,-29,5,-29,4,-30,4,-30,3,-30,3,-30,2,-30,2,-30,2,-29,2,-29,2,-28,2,-28,2,-27,2,-26,3,-26,3,-25,3,-25,4,-24,4,-23,5,-22,6,-21,6,-21,6,-20,6]"
CSI_DATA,35452,d8:b1:90:db:e8:90,-54,11,1,7,0,0,1,0,0,0,1,-95,0,8,0,555426689,0,100,0,128,1,"[100,-64,5,0,-3,-20,-3,-19,-3,-19,-4,-18,-5,-18,-6,-17,-6,-17,-6,-17,-6,-17,-7,-17,-8,-17,-9,-18,-9,-18,-9,-18,-9,-18,-9,-19,-9,-19,-8,-19,-8,-19,-8,-19,-8,-20,-8,-20,-7,-20,-7,-21,-6,-21,-2,-6,0,0,0,0,0,0,0,0,0,0,0,0,0,0,0,0,0,0,-1,-8,-3,-30,-2,-30,-1,-30,0,-30,1,-30,2,-31,2,-31,2,-31,3,-31,3,-31,4,-30,4,-30,4,-30,4,-29,3,-29,2,-28,2,-28,2,-27,1,-26,1,-26,0,-25,0,-25,-1,-24,-1,-23,-2,-23,-2,-22]"
CSI_DATA,35453,d8:b1:90:db:e8:90,-56,11,1,7,0,0,1,0,0,0,1,-95,0,8,0,555437746,0,100,0,128,1,"[100,-64,5,0,-13,13,-12,13,-12,13,-11,13,-10,13,-9,13,-8,13,-8,14,-7,14,-7,14,-6,15,-6,16,-6,16,-6,17,-7,17,-6,18,-7,18,-7,18,-7,18,-7,18,-7,18,-7,18,-8,18,-9,17,-9,17,-3,4,0,0,0,0,0,0,0,0,0,0,0,0,0,0,0,0,0,0,-5,4,-18,19,-19,18,-20,16,-21,15,-21,15,-22,15,-23,16,-23,17,-24,17,-24,16,-24,15,-24,14,-24,14,-23,13,-22,13,-22,13,-21,13,-21,14,-20,14,-19,14,-19,14,-18,14,-18,14,-17,14,-17,14,-16,14]"
CSI_DATA,35454,d8:b1:90:db:e8:90,-54,11,1,7,0,0,1,0,0,0,1,-95,0,8,0,555457984,0,100,0,128,1,"[100,-64,5,0,-20,-1,-19,-1,-19,0,-18,0,-18,0,-17,1,-17,2,-17,3,-16,4,-16,4,-16,4,-17,5,-17,5,-18,5,-18,5,-18,5,-18,5,-18,5,-19,5,-19,4,-19,4,-19,3,-19,3,-20,2,-20,2,-5,0,0,0,0,0,0,0,0,0,0,0,0,0,0,0,0,0,0,0,-8,-1,-29,-2,-29,-4,-29,-5,-29,-6,-29,-7,-29,-8,-29,-8,-29,-9,-29,-9,-29,-10,-29,-10,-28,-10,-28,-10,-28,-10,-28,-9,-27,-9,-27,-8,-26,-8,-26,-7,-26,-6,-25,-6,-25,-5,-24,-4,-23,-4,-22,-3,-22,-2]"
CSI_DATA,35455,d8:b1:90:db:e8:90,-54,11,1,7,0,0,1,0,0,0,1,-95,0,8,0,555477856,0,100,0,128,1,"[100,-64,5,0,-20,0,-19,0,-19,1,-18,2,-17,2,-16,2,-16,3,-16,4,-16,5,-15,5,-15,5,-16,5,-16,5,-16,6,-17,6,-17,6,-17,6,-17,6,-18,6,-18,5,-18,5,-18,5,-18,5,-19,4,-20,3,-5,0,0,0,0,0,0,0,0,0,0,0,0,0,0,0,0,0,0,0,-8,-1,-29,-1,-28,-1,-28,-3,-28,-6,-28,-7,-28,-6,-27,-7,-26,-7,-27,-7,-27,-8,-27,-8,-28,-8,-27,-8,-27,-8,-26,-8,-26,-7,-25,-7,-25,-7,-24,-6,-24,-6,-24,-5,-23,-4,-23,-3,-22,-2,-22,-2,-22,-1]"
CSI_DATA,35456,d8:b1:90:db:e8:90,-55,11,1,7,0,0,1,0,0,0,1,-95,0,8,0,555497645,0,100,0,128,1,"[100,-64,5,0,7,17,7,17,8,16,8,15,9,15,9,14,9,13,9,13,9,13,10,12,11,13,11,13,12,13,12,13,12,13,13,13,13,13,12,13,12,13,12,14,12,14,12,15,12,15,11,15,11,16,2,4,0,0,0,0,0,0,0,0,0,0,0,0,0,0,0,0,0,0,2,6,10,24,7,24,4,25,4,26,5,26,4,26,1,27,1,27,2,27,1,28,1,28,1,28,1,28,1,27,1,27,1,26,2,26,3,25,4,25,4,24,5,23,5,22,5,22,6,21,6,20,7,20]"
CSI_DATA,35457,d8:b1:90:db:e8:90,-54,11,1,7,0,0,1,0,0,0,1,-95,0,8,0,555527324,0,100,0,128,1,"[100,-64,5,0,17,4,16,3,16,3,16,2,16,1,15,1,15,0,15,-1,15,-1,15,-1,15,-1,15,-2,15,-3,16,-3,16,-3,16,-3,16,-4,16,-3,16,-3,17,-3,17,-2,16,-2,16,-3,17,-3,17,-1,4,-1,0,0,0,0,0,0,0,0,0,0,0,0,0,0,0,0,0,0,6,1,24,5,24,6,24,7,24,8,23,9,23,9,24,10,24,10,24,10,24,11,23,11,23,12,23,12,23,11,22,11,21,10,20,10,20,9,20,9,20,8,20,8,20,7,19,7,19,6,19,6,19,5]"
CSI_DATA,35458,d8:b1:90:db:e8:90,-56,11,1,7,0,0,1,0,0,0,1,-95,0,8,0,555549307,0,100,0,128,1,"[100,-64,5,0,-15,-11,-15,-10,-15,-10,-15,-9,-15,-8,-15,-8,-15,-7,-15,-6,-15,-5,-15,-5,-16,-6,-16,-6,-17,-5,-17,-5,-17,-5,-17,-5,-17,-5,-17,-5,-17,-5,-16,-4,-16,-5,-16,-5,-16,-5,-17,-4,-16,-5,-4,-2,0,0,0,0,0,0,0,0,0,0,0,0,0,0,0,0,0,0,-6,-4,-23,-13,-22,-14,-21,-16,-21,-17,-20,-17,-20,-17,-20,-18,-20,-18,-20,-19,-20,-19,-20,-19,-20,-19,-20,-19,-20,-18,-20,-18,-20,-17,-20,-17,-20,-16,-19,-15,-19,-14,-19,-14,-19,-14,-18,-13,-18,-13,-17,-13,-16,-12]"
CSI_DATA,35459,d8:b1:90:db:e8:90,-56,11,1,7,0,0,1,0,0,0,1,-95,0,8,0,555560450,0,100,0,128,1,"[100,-64,5,0,-19,2,-20,2,-20,1,-18,2,-17,4,-15,4,-14,3,-15,5,-14,7,-13,7,-13,7,-15,8,-15,7,-16,8,-16,10,-16,9,-16,7,-17,7,-18,7,-17,7,-17,6,-16,5,-17,3,-18,5,-17,6,-5,1,0,0,0,0,0,0,0,0,0,0,0,0,0,0,0,0,0,0,-7,0,-27,1,-27,-1,-27,-2,-27,-3,-27,-4,-27,-4,-28,-5,-28,-5,-28,-6,-28,-6,-28,-5,-27,-5,-27,-6,-27,-7,-26,-6,-25,-5,-25,-4,-26,-4,-26,-3,-26,-2,-25,-2,-24,-2,-23,-2,-22,0,-21,1,-22,0]"
CSI_DATA,35460,d8:b1:90:db:e8:90,-56,11,1,7,0,0,1,0,0,0,1,-95,0,8,0,555570844,0,100,0,128,1,"[100,-64,5,0,-10,-18,-10,-17,-10,-17,-11,-16,-12,-15,-12,-15,-12,-14,-12,-14,-11,-14,-12,-14,-12,-13,-13,-13,-13,-13,-13,-12,-13,-12,-13,-12,-13,-12,-12,-12,-12,-12,-13,-12,-13,-13,-13,-14,-13,-14,-12,-14,-11,-15,-3,-4,0,0,0,0,0,0,0,0,0,0,0,0,0,0,0,0,0,0,-4,-6,-12,-24,-11,-24,-9,-25,-8,-25,-8,-26,-7,-26,-7,-27,-7,-27,-7,-28,-6,-28,-4,-28,-4,-28,-4,-28,-5,-27,-5,-27,-5,-26,-6,-25,-6,-25,-7,-24,-7,-23,-8,-23,-9,-22,-9,-22,-10,-22,-9,-21,-9,-20]"
CSI_DATA,35461,d8:b1:90:db:e8:90,-55,11,1,7,0,0,1,0,0,0,1,-95,0,8,0,555583756,0,100,0,128,1,"[100,-64,5,0,-15,-14,-14,-14,-14,-13,-15,-12,-15,-11,-15,-10,-15,-9,-15,-9,-14,-8,-14,-8,-15,-8,-16,-8,-16,-7,-15,-7,-16,-7,-16,-8,-16,-7,-15,-7,-16,-7,-16,-7,-16,-8,-16,-8,-16,-8,-16,-9,-15,-10,-4,-3,0,0,0,0,0,0,0,0,0,0,0,0,0,0,0,0,0,0,-5,-5,-19,-20,-18,-20,-16,-22,-15,-23,-15,-23,-15,-23,-15,-23,-15,-24,-14,-24,-13,-25,-12,-25,-12,-26,-12,-25,-12,-25,-12,-24,-13,-23,-13,-23,-13,-22,-13,-21,-14,-21,-14,-20,-14,-19,-15,-18,-15,-18,-15,-17,-15,-16]"
CSI_DATA,35462,d8:b1:90:db:e8:90,-56,11,1,7,0,0,1,0,0,0,1,-95,0,8,0,555596695,0,100,0,128,1,"[100,-64,5,0,-6,18,-5,17,-5,17,-4,17,-3,16,-3,15,-2,15,-2,15,-1,15,-1,15,0,15,0,15,0,15,-1,15,0,15,0,16,-1,16,-1,16,-1,16,-1,16,-1,16,-1,16,-2,16,-3,16,-3,17,-1,4,0,0,0,0,0,0,0,0,0,0,0,0,0,0,0,0,0,0,-2,6,-6,24,-7,24,-8,23,-9,23,-10,22,-10,23,-10,23,-10,23,-11,23,-12,23,-12,23,-12,23,-12,22,-12,22,-12,22,-12,21,-11,21,-11,21,-10,21,-10,20,-9,20,-8,20,-8,20,-7,20,-7,20,-7,20]"
CSI_DATA,35463,d8:b1:90:db:e8:90,-56,11,1,7,0,0,1,0,0,0,1,-95,0,8,0,555607013,0,100,0,128,1,"[100,-64,5,0,-15,14,-14,13,-13,13,-12,13,-11,13,-10,13,-9,13,-9,14,-8,14,-8,14,-7,14,-7,14,-7,14,-7,14,-7,14,-7,15,-7,15,-8,15,-8,14,-8,15,-7,15,-7,14,-8,14,-9,14,-9,14,-3,3,0,0,0,0,0,0,0,0,0,0,0,0,0,0,0,0,0,0,-5,5,-20,19,-20,17,-20,17,-19,16,-19,15,-19,14,-20,14,-21,15,-23,15,-24,15,-23,14,-23,14,-22,14,-22,14,-22,13,-22,13,-22,13,-21,13,-20,13,-19,13,-19,13,-18,14,-18,15,-17,15,-17,14,-16,14]"
CSI_DATA,35464,d8:b1:90:db:e8:90,-56,11,1,7,0,0,1,0,0,0,1,-95,0,8,0,555637338,0,100,0,128,1,"[100,-64,5,0,19,4,19,3,18,2,17,2,17,1,16,1,16,0,16,-2,16,-3,16,-3,16,-3,15,-3,15,-3,16,-4,16,-3,16,-3,16,-4,16,-3,16,-3,16,-4,15,-3,15,-3,15,-2,16,-2,16,-1,4,-1,0,0,0,0,0,0,0,0,0,0,0,0,0,0,0,0,0,0,6,0,26,1,25,2,24,3,24,4,24,5,24,6,24,6,25,6,25,7,25,7,25,8,25,8,24,8,24,8,24,8,23,8,23,7,23,7,23,7,22,7,22,6,22,6,22,5,22,5,21,4,21,4]"
CSI_DATA,35465,d8:b1:90:db:e8:90,-56,11,1,7,0,0,1,0,0,0,1,-95,0,8,0,555649282,0,100,0,128,1,"[100,-64,5,0,16,12,15,11,15,11,15,10,14,10,14,9,14,8,14,8,14,7,14,7,14,6,15,6,15,6,15,5,15,5,16,6,16,6,15,5,15,5,15,5,15,5,15,6,15,6,15,7,15,7,3,1,0,0,0,0,0,0,0,0,0,0,0,0,0,0,0,0,0,0,5,3,20,15,20,16,19,17,18,17,18,18,18,18,18,19,18,19,18,19,18,20,18,20,18,19,17,19,17,19,17,18,16,18,16,17,17,17,17,16,17,16,17,15,17,15,17,14,17,14,17,14,16,13]"
CSI_DATA,35466,d8:b1:90:db:e8:90,-54,11,1,7,0,0,1,0,0,0,1,-95,0,8,0,555666379,0,100,0,128,1,"[100,-64,5,0,16,13,16,13,15,12,15,12,15,12,14,11,14,10,14,10,14,9,14,9,15,9,15,9,15,9,15,8,15,8,15,8,15,8,14,8,14,8,14,8,14,8,13,9,13,9,14,10,14,10,3,2,0,0,0,0,0,0,0,0,0,0,0,0,0,0,0,0,0,0,5,4,21,18,20,18,19,19,18,20,18,21,18,21,18,21,18,21,18,22,18,22,18,22,18,22,18,22,18,21,18,21,17,20,17,19,17,19,18,18,18,18,18,17,18,17,17,16,17,16,16,16,17,15]"
CSI_DATA,35467,d8:b1:90:db:e8:90,-56,11,1,7,0,0,1,0,0,0,1,-95,0,8,0,555676537,0,100,0,128,1,"[100,-64,5,0,-7,-20,-7,-20,-7,-19,-7,-18,-6,-18,-7,-17,-7,-17,-7,-17,-7,-17,-7,-16,-8,-17,-9,-17,-9,-16,-9,-16,-9,-16,-9,-16,-8,-16,-8,-15,-7,-15,-8,-15,-8,-16,-8,-16,-7,-16,-7,-16,-7,-17,-2,-5,0,0,0,0,0,0,0,0,0,0,0,0,0,0,0,0,0,0,-2,-7,-8,-27,-6,-27,-5,-27,-5,-27,-4,-27,-3,-27,-3,-27,-3,-27,-3,-28,-3,-28,-3,-28,-3,-28,-3,-27,-4,-27,-4,-27,-4,-26,-5,-26,-5,-25,-5,-25,-5,-24,-6,-24,-6,-24,-6,-23,-6,-22,-6,-22,-6,-21]"
CSI_DATA,35468,d8:b1:90:db:e8:90,-54,11,1,7,0,0,1,0,0,0,1,-95,0,8,0,555693063,0,100,0,128,1,"[100,-64,5,0,13,-16,13,-16,13,-16,13,-15,13,-15,12,-15,11,-15,11,-15,11,-16,10,-15,10,-15,10,-15,10,-15,11,-15,10,-16,10,-16,11,-16,11,-16,11,-15,11,-16,11,-16,11,-16,11,-15,12,-15,12,-15,3,-4,0,0,0,0,0,0,0,0,0,0,0,0,0,0,0,0,0,0,4,-6,19,-21,19,-20,20,-19,21,-18,21,-18,22,-17,23,-17,23,-17,23,-17,24,-17,23,-16,23,-16,23,-16,23,-16,22,-16,21,-16,20,-17,20,-17,19,-17,18,-17,17,-17,17,-17,17,-17,16,-17,16,-17,15,-17]"
CSI_DATA,35469,d8:b1:90:db:e8:90,-54,11,1,7,0,0,1,0,0,0,1,-95,0,8,0,555706326,0,100,0,128,1,"[100,-64,5,0,-20,-11,-20,-10,-19,-10,-19,-9,-19,-9,-19,-8,-19,-7,-19,-6,-19,-6,-19,-6,-19,-6,-19,-6,-19,-5,-19,-5,-19,-5,-19,-5,-19,-5,-19,-5,-19,-5,-19,-5,-19,-6,-18,-7,-18,-7,-18,-7,-18,-7,-5,-2,0,0,0,0,0,0,0,0,0,0,0,0,0,0,0,0,0,0,-7,-4,-25,-17,-24,-18,-22,-20,-22,-20,-22,-20,-22,-21,-22,-21,-22,-21,-22,-22,-22,-22,-21,-21,-20,-21,-20,-21,-20,-21,-20,-20,-19,-19,-19,-18,-20,-18,-20,-18,-20,-17,-19,-16,-20,-16,-21,-15,-21,-15,-20,-15,-20,-13]"
CSI_DATA,35470,d8:b1:90:db:e8:90,-54,11,1,7,0,0,1,0,0,0,1,-95,0,8,0,555730228,0,100,0,128,1,"[100,-64,5,0,-1,22,-1,21,0,21,0,21,1,20,1,20,2,19,2,19,2,19,2,19,3,19,4,20,4,20,3,19,3,19,4,20,4,20,3,19,3,19,3,20,3,20,3,20,2,20,1,20,0,20,0,5,0,0,0,0,0,0,0,0,0,0,0,0,0,0,0,0,0,0,0,7,1,28,0,28,-1,28,-2,28,-3,28,-3,28,-4,28,-4,28,-5,28,-5,28,-5,28,-6,27,-6,27,-6,26,-5,26,-5,25,-5,25,-4,25,-3,25,-2,25,-2,25,-2,24,-1,24,-1,23,-1,23,-1,23]"
CSI_DATA,35471,d8:b1:90:db:e8:90,-54,11,1,7,0,0,1,0,0,0,1,-95,0,8,0,555741465,0,100,0,128,1,"[100,-64,5,0,8,-21,8,-21,7,-21,7,-21,7,-21,6,-20,6,-20,5,-20,4,-20,4,-19,3,-20,2,-21,2,-21,3,-20,3,-20,3,-21,3,-21,4,-20,4,-20,4,-20,4,-20,4,-20,4,-20,5,-20,6,-19,1,-5,0,0,0,0,0,0,0,0,0,0,0,0,0,0,0,0,0,0,2,-7,11,-27,12,-26,13,-26,14,-25,15,-25,16,-25,16,-25,17,-25,17,-24,17,-24,17,-24,16,-24,16,-23,16,-23,15,-23,15,-22,14,-22,14,-23,13,-24,13,-23,12,-23,12,-23,11,-23,10,-23,10,-23,10,-23]"
CSI_DATA,35472,d8:b1:90:db:e8:90,-54,11,1,7,0,0,1,0,0,0,1,-95,0,8,0,555751672,0,100,0,128,1,"[100,-64,5,0,8,-19,8,-19,8,-19,7,-19,7,-18,6,-18,6,-18,6,-18,6,-18,5,-18,5,-18,3,-19,3,-20,3,-19,3,-19,3,-20,3,-20,3,-19,3,-19,3,-19,2,-18,2,-18,3,-18,4,-19,5,-19,1,-5,0,0,0,0,0,0,0,0,0,0,0,0,0,0,0,0,0,0,1,-6,9,-22,12,-23,13,-23,14,-22,14,-22,15,-22,16,-22,17,-21,17,-21,17,-21,17,-21,17,-21,16,-20,16,-20,16,-20,16,-20,15,-20,15,-20,13,-20,12,-20,12,-20,11,-20,11,-21,11,-21,10,-20,10,-20]"
CSI_DATA,35473,d8:b1:90:db:e8:90,-54,11,1,7,0,0,1,0,0,0,1,-95,0,8,0,555762225,0,100,0,128,1,"[100,-64,5,0,-22,4,-22,4,-21,5,-20,5,-19,5,-19,5,-18,6,-18,8,-18,9,-17,8,-17,8,-17,9,-17,10,-17,10,-17,11,-17,11,-17,11,-17,10,-17,10,-17,11,-17,11,-17,11,-17,11,-18,11,-18,10,-5,2,0,0,0,0,0,0,0,0,0,0,0,0,0,0,0,0,0,0,-7,1,-27,7,-27,5,-27,4,-28,3,-28,2,-28,2,-28,2,-29,2,-29,2,-29,1,-29,0,-29,0,-29,0,-28,0,-28,0,-27,0,-27,1,-27,1,-26,1,-26,2,-26,2,-25,3,-24,3,-24,3,-24,4,-24,5]"
CSI_DATA,35474,d8:b1:90:db:e8:90,-54,11,1,7,0,0,1,0,0,0,1,-95,0,8,0,555776784,0,100,0,128,1,"[100,-64,5,0,15,18,15,17,15,16,15,15,14,15,14,14,15,13,15,12,16,11,16,11,17,11,17,11,18,10,18,10,18,10,18,10,17,10,17,10,17,10,18,10,18,11,18,11,18,11,18,11,17,11,4,3,0,0,0,0,0,0,0,0,0,0,0,0,0,0,0,0,0,0,5,4,20,18,19,19,18,21,17,21,17,22,16,22,16,23,16,23,16,23,16,23,15,24,15,24,15,24,14,24,14,24,14,24,14,23,14,23,14,22,15,22,15,21,15,20,15,19,16,19,16,19,16,18]"
CSI_DATA,35475,d8:b1:90:db:e8:90,-54,11,1,7,0,0,1,0,0,0,1,-95,0,8,0,555789299,0,100,0,128,1,"[100,-64,5,0,18,12,18,11,18,10,18,8,18,8,17,7,17,7,18,6,18,6,18,6,18,7,19,7,19,6,19,6,19,6,19,6,19,5,18,5,18,5,19,5,19,6,19,7,18,7,19,8,19,9,4,2,0,0,0,0,0,0,0,0,0,0,0,0,0,0,0,0,0,0,5,2,23,11,23,12,22,13,21,14,21,14,21,15,22,16,21,16,21,17,21,18,20,19,19,19,19,19,19,19,18,18,18,17,18,17,18,16,19,15,19,14,19,14,19,13,19,13,19,13,19,13,19,12]"
CSI_DATA,35476,d8:b1:90:db:e8:90,-56,11,1,7,0,0,1,0,0,0,1,-95,0,8,0,555806875,0,100,0,128,1,"[100,-64,5,0,-19,8,-18,8,-17,8,-16,8,-15,8,-15,8,-15,9,-15,9,-15,10,-14,10,-14,10,-13,12,-14,12,-14,13,-14,13,-14,13,-14,13,-14,13,-14,13,-14,13,-14,12,-14,12,-15,12,-16,12,-17,11,-5,2,0,0,0,0,0,0,0,0,0,0,0,0,0,0,0,0,0,0,-6,3,-22,11,-22,10,-23,9,-24,8,-24,7,-25,7,-24,6,-24,6,-25,6,-25,5,-24,5,-23,5,-23,5,-23,4,-24,4,-24,4,-23,5,-23,5,-22,5,-22,5,-22,6,-21,6,-21,7,-20,7,-20,7,-20,8]"
CSI_DATA,35477,d8:b1:90:db:e8:90,-56,11,1,7,0,0,1,0,0,0,1,-95,0,8,0,555817011,0,100,0,128,1,"[100,-64,5,0,-19,6,-19,6,-18,6,-17,7,-16,7,-16,7,-15,7,-16,8,-16,9,-15,9,-15,9,-15,10,-15,11,-15,11,-15,12,-15,12,-15,12,-15,12,-15,12,-16,12,-16,12,-16,12,-16,11,-17,11,-18,11,-5,2,0,0,0,0,0,0,0,0,0,0,0,0,0,0,0,0,0,0,-6,2,-24,8,-24,7,-25,6,-25,5,-25,5,-26,4,-26,4,-26,4,-26,3,-26,2,-25,2,-25,2,-24,2,-24,1,-24,1,-24,1,-24,2,-23,2,-23,3,-23,3,-22,3,-22,4,-22,5,-21,5,-21,5,-20,5]"
CSI_DATA,35478,d8:b1:90:db:e8:90,-57,11,1,7,0,0,1,0,0,0,1,-95,0,8,0,555849732,0,100,0,128,1,"[100,-64,5,0,-13,-14,-13,-14,-12,-13,-13,-13,-13,-12,-13,-12,-13,-12,-13,-11,-13,-11,-13,-11,-14,-11,-14,-11,-15,-11,-15,-10,-15,-10,-16,-11,-16,-10,-16,-10,-16,-10,-16,-10,-17,-11,-16,-11,-16,-11,-16,-11,-16,-12,-4,-3,0,0,0,0,0,0,0,0,0,0,0,0,0,0,0,0,0,0,-5,-4,-18,-16,-17,-17,-17,-18,-16,-19,-16,-19,-16,-19,-16,-20,-16,-21,-16,-20,-15,-19,-15,-20,-15,-21,-15,-20,-15,-19,-14,-19,-13,-19,-14,-18,-13,-18,-13,-18,-13,-17,-13,-16,-13,-16,-14,-15,-14,-15,-13,-15,-13,-15]"
CSI_DATA,35479,d8:b1:90:db:e8:90,-57,11,1,7,0,0,1,0,0,0,1,-95,0,8,0,555860944,0,100,0,128,1,"[100,-64,5,0,-20,3,-19,3,-18,4,-18,4,-17,4,-16,4,-16,5,-16,5,-15,5,-15,5,-15,5,-15,6,-15,7,-16,7,-16,8,-15,8,-15,8,-16,8,-15,8,-15,8,-15,8,-15,7,-16,7,-16,7,-17,7,-5,1,0,0,0,0,0,0,0,0,0,0,0,0,0,0,0,0,0,0,-6,1,-23,5,-23,4,-24,4,-24,3,-25,2,-25,2,-24,2,-24,2,-25,2,-25,2,-25,1,-25,1,-25,1,-25,1,-25,1,-24,1,-24,1,-23,1,-23,1,-22,2,-22,2,-21,2,-21,3,-21,3,-20,3,-20,3]"
CSI_DATA,35480,d8:b1:90:db:e8:90,-58,11,1,7,0,0,1,0,0,0,1,-95,0,8,0,555870958,0,100,0,128,1,"[100,-64,5,0,12,15,11,14,12,13,12,13,12,13,12,13,13,12,13,11,13,11,13,10,14,11,14,11,14,10,14,10,15,10,16,11,16,10,15,10,15,10,16,10,16,10,16,10,16,10,16,11,16,11,4,3,0,0,0,0,0,0,0,0,0,0,0,0,0,0,0,0,0,0,4,4,19,17,18,18,16,19,15,19,15,20,15,20,15,20,14,21,14,21,14,21,14,21,13,20,13,20,13,20,13,20,13,20,13,19,13,19,12,18,12,17,13,16,13,16,13,16,13,16,13,15,13,15]"
CSI_DATA,35481,d8:b1:90:db:e8:90,-58,11,1,7,0,0,1,0,0,0,1,-95,0,8,0,555881063,0,100,0,128,1,"[100,-64,5,0,-9,18,-8,17,-8,17,-7,17,-6,17,-6,17,-5,17,-5,17,-4,17,-4,16,-3,17,-2,17,-2,17,-3,17,-3,17,-2,18,-2,18,-3,18,-3,18,-2,18,-2,18,-1,18,-2,18,-2,18,-3,18,-1,4,0,0,0,0,0,0,0,0,0,0,0,0,0,0,0,0,0,0,-3,6,-9,24,-11,24,-12,23,-13,22,-13,22,-14,22,-14,22,-14,22,-14,22,-14,22,-14,22,-14,21,-14,21,-14,21,-14,21,-14,20,-14,20,-13,20,-12,19,-11,19,-10,19,-10,19,-10,19,-9,19,-9,19,-9,19]"
CSI_DATA,35482,d8:b1:90:db:e8:90,-58,11,1,7,0,0,1,0,0,0,1,-95,0,8,0,555901073,0,100,0,128,1,"[100,-64,5,0,9,13,9,12,10,12,11,12,11,12,11,11,11,11,10,11,10,11,10,11,10,12,11,12,11,12,11,11,11,12,11,12,11,11,11,11,11,11,12,11,12,12,11,12,11,12,11,12,11,13,2,3,0,0,0,0,0,0,0,0,0,0,0,0,0,0,0,0,0,0,3,4,14,18,14,19,13,20,12,20,11,20,11,21,11,21,11,21,11,21,11,21,11,21,10,20,10,20,10,20,10,19,10,18,10,17,10,17,10,16,10,16,10,15,10,15,10,14,11,13,10,13,11,13]"
CSI_DATA,35483,d8:b1:90:db:e8:90,-58,11,1,7,0,0,1,0,0,0,1,-95,0,8,0,555912820,0,100,0,128,1,"[100,-64,5,0,12,-10,11,-10,11,-10,12,-10,12,-9,12,-10,11,-10,11,-10,12,-10,12,-11,11,-11,11,-12,11,-12,12,-12,12,-13,12,-13,12,-14,12,-14,12,-14,12,-14,12,-14,11,-14,12,-14,13,-13,14,-13,3,-4,0,0,0,0,0,0,0,0,0,0,0,0,0,0,0,0,0,0,5,-4,20,-14,21,-14,22,-13,22,-12,23,-11,23,-11,22,-11,22,-11,22,-10,22,-10,21,-10,21,-10,21,-9,20,-9,19,-9,18,-9,18,-10,17,-10,17,-10,16,-10,15,-10,15,-10,14,-10,13,-10,13,-10,13,-11]"
CSI_DATA,35484,d8:b1:90:db:e8:90,-65,11,1,7,0,0,1,0,0,0,1,-95,0,8,0,555940020,0,100,0,128,1,"[100,-64,5,0,16,-9,15,-10,15,-11,15,-12,15,-13,15,-14,14,-15,14,-16,13,-17,13,-17,13,-18,12,-18,12,-19,12,-19,12,-20,11,-20,11,-20,11,-20,11,-20,11,-20,10,-20,9,-20,10,-19,11,-19,12,-19,3,-5,0,0,0,0,0,0,0,0,0,0,0,0,0,0,0,0,0,0,-1,-7,0,-27,1,-27,2,-27,3,-26,3,-26,6,-18,10,0,12,9,12,8,12,8,13,8,13,8,13,8,13,7,14,6,14,5,14,4,15,3,15,2,15,1,15,0,15,-2,15,-3,16,-4,16,-5,16,-6]"
CSI_DATA,35485,d8:b1:90:db:e8:90,-57,11,1,7,0,0,1,0,0,0,1,-95,0,8,0,555953998,0,100,0,128,1,"[100,-64,5,0,-1,-20,-1,-20,-2,-19,-2,-18,-3,-18,-3,-17,-4,-17,-4,-18,-4,-18,-4,-18,-5,-18,-5,-18,-5,-19,-5,-19,-5,-19,-5,-20,-5,-20,-5,-20,-4,-21,-4,-21,-5,-21,-5,-22,-4,-22,-3,-22,-2,-23,-1,-6,0,0,0,0,0,0,0,0,0,0,0,0,0,0,0,0,0,0,2,-9,8,-33,9,-33,10,-32,11,-31,12,-31,12,-31,13,-31,14,-31,13,-31,13,-32,14,-32,13,-30,13,-27,12,-26,10,-26,9,-27,8,-26,8,-25,6,-25,5,-24,4,-24,3,-23,3,-23,2,-22,2,-22,2,-22]"
CSI_DATA,35486,d8:b1:90:db:e8:90,-57,11,1,7,0,0,1,0,0,0,1,-95,0,8,0,555964033,0,100,0,128,1,"[100,-64,5,0,16,-2,16,-2,15,-3,15,-3,14,-3,14,-4,13,-4,13,-5,13,-5,13,-5,13,-5,13,-5,13,-5,14,-5,14,-5,14,-5,14,-5,15,-5,15,-4,15,-4,15,-3,15,-2,16,-2,16,-2,17,-1,4,-1,0,0,0,0,0,0,0,0,0,0,0,0,0,0,0,0,0,0,7,0,28,4,27,5,26,6,26,7,26,8,26,8,26,9,27,9,27,9,26,10,25,10,24,10,23,9,23,9,23,8,23,7,22,6,22,6,21,5,20,4,20,3,20,2,20,1,19,1,19,0,19,0]"
CSI_DATA,35487,d8:b1:90:db:e8:90,-55,11,1,7,0,0,1,0,0,0,1,-95,0,8,0,555976980,0,100,0,128,1,"[100,-64,5,0,19,-5,18,-5,18,-5,17,-5,16,-6,15,-6,14,-6,14,-7,14,-7,13,-7,13,-7,12,-7,13,-8,13,-8,13,-9,14,-8,14,-8,14,-8,14,-8,14,-8,14,-8,14,-7,15,-7,16,-7,16,-6,4,-2,0,0,0,0,0,0,0,0,0,0,0,0,0,0,0,0,0,0,7,-2,29,-5,29,-4,30,-3,31,-2,31,-1,31,0,31,1,31,1,31,1,31,2,30,2,30,2,30,3,29,3,28,2,28,1,27,1,27,0,26,0,25,0,25,-1,24,-2,24,-2,23,-2,22,-3,22,-4]"
CSI_DATA,35488,d8:b1:90:db:e8:90,-54,11,1,7,0,0,1,0,0,0,1,-95,0,8,0,555987904,0,100,0,128,1,"[100,-64,5,0,6,-23,5,-22,5,-22,4,-21,3,-20,3,-19,2,-19,3,-19,3,-18,2,-18,1,-18,1,-18,0,-18,1,-18,0,-18,-1,-18,0,-19,0,-18,0,-18,-1,-18,-1,-18,-1,-18,0,-18,1,-19,1,-19,0,-5,0,0,0,0,0,0,0,0,0,0,0,0,0,0,0,0,0,0,1,-8,6,-31,7,-31,9,-31,10,-30,11,-30,12,-31,13,-31,13,-32,14,-31,15,-31,16,-30,16,-30,15,-29,15,-29,14,-29,13,-29,13,-28,12,-28,11,-28,10,-28,9,-27,9,-27,9,-26,8,-25,8,-25,8,-25]"
CSI_DATA,35489,d8:b1:90:db:e8:90,-53,11,1,7,0,0,1,0,0,0,1,-95,0,8,0,556000675,0,100,0,128,1,"[100,-64,5,0,14,-15,14,-14,13,-14,12,-15,11,-14,10,-14,10,-14,9,-14,9,-14,8,-14,7,-14,7,-14,7,-14,7,-14,6,-14,6,-14,6,-14,6,-14,6,-14,6,-14,5,-14,5,-14,6,-14,7,-13,8,-13,2,-4,0,0,0,0,0,0,0,0,0,0,0,0,0,0,0,0,0,0,4,-5,17,-20,18,-19,19,-18,20,-18,21,-17,22,-17,23,-17,24,-17,24,-16,25,-16,25,-16,25,-15,24,-15,24,-15,23,-15,23,-15,23,-15,22,-15,21,-16,20,-16,20,-16,19,-16,18,-15,18,-15,17,-15,18,-16]"
CSI_DATA,35490,d8:b1:90:db:e8:90,-53,11,1,7,0,0,1,0,0,0,1,-95,0,8,0,556011764,0,100,0,128,1,"[100,-64,5,0,-8,20,-7,19,-6,18,-5,17,-4,17,-4,16,-3,16,-4,16,-3,16,-2,16,-1,15,-1,15,-1,15,-1,15,-1,15,0,16,0,15,-1,15,0,15,0,15,1,15,1,15,0,15,-1,15,-1,15,-1,3,0,0,0,0,0,0,0,0,0,0,0,0,0,0,0,0,0,0,-2,6,-7,25,-8,25,-10,25,-11,24,-12,25,-12,25,-13,25,-13,25,-14,25,-14,25,-15,24,-15,24,-15,23,-15,23,-14,23,-14,23,-13,22,-13,22,-13,23,-12,22,-11,22,-10,22,-10,22,-10,22,-9,21,-9,21]"
CSI_DATA,35491,d8:b1:90:db:e8:90,-53,11,1,7,0,0,1,0,0,0,1,-95,0,8,0,556038231,0,100,0,128,1,"[100,-64,5,0,22,10,22,9,21,8,21,7,21,6,20,5,20,4,19,4,19,4,18,4,18,3,19,3,19,2,19,1,19,1,19,0,19,0,19,-1,18,-1,18,-1,18,-1,18,0,18,0,18,0,18,1,4,0,0,0,0,0,0,0,0,0,0,0,0,0,0,0,0,0,0,0,6,1,27,6,27,8,26,9,26,11,26,12,27,13,26,14,26,15,26,15,26,16,26,16,26,16,26,17,26,16,25,16,25,15,25,15,25,15,25,15,24,14,24,13,24,13,23,12,23,12,23,12,24,11]"
CSI_DATA,35492,d8:b1:90:db:e8:90,-53,11,1,7,0,0,1,0,0,0,1,-95,0,8,0,556050101,0,100,0,128,1,"[100,-64,5,0,16,16,16,15,16,15,16,14,16,13,16,12,16,11,16,10,16,10,15,9,16,10,16,9,15,9,15,8,16,8,16,8,16,7,16,7,16,7,16,7,16,7,15,7,15,7,15,7,15,8,3,2,0,0,0,0,0,0,0,0,0,0,0,0,0,0,0,0,0,0,5,3,20,15,20,16,19,18,18,19,18,20,18,21,18,21,18,21,18,22,17,23,16,23,16,23,16,23,15,23,15,23,15,23,15,22,15,22,15,21,15,20,16,19,16,19,16,19,16,19,16,18,16,18]"
CSI_DATA,35493,d8:b1:90:db:e8:90,-54,11,1,7,0,0,1,0,0,0,1,-95,0,8,0,556060626,0,100,0,128,1,"[100,-64,5,0,15,-18,14,-18,14,-18,13,-18,12,-17,11,-17,11,-17,10,-17,10,-17,9,-17,9,-17,8,-17,8,-16,8,-16,8,-17,8,-17,8,-17,8,-16,8,-16,7,-16,7,-15,7,-15,8,-15,8,-15,9,-14,2,-4,0,0,0,0,0,0,0,0,0,0,0,0,0,0,0,0,0,0,3,-5,13,-19,14,-20,15,-20,16,-19,17,-19,18,-19,19,-19,20,-18,21,-18,21,-18,22,-18,22,-18,22,-17,22,-17,22,-17,21,-17,21,-17,21,-17,20,-17,19,-17,19,-17,18,-17,18,-17,18,-17,17,-17,18,-18]"
CSI_DATA,35494,d8:b1:90:db:e8:90,-54,11,1,7,0,0,1,0,0,0,1,-95,0,8,0,556080008,0,100,0,128,1,"[100,-64,5,0,11,19,11,18,11,17,11,16,12,16,12,15,12,14,12,14,12,13,12,13,12,13,12,12,12,12,12,11,12,11,13,11,13,10,12,10,12,10,12,10,12,10,11,10,11,11,11,11,11,11,2,2,0,0,0,0,0,0,0,0,0,0,0,0,0,0,0,0,0,0,3,4,14,19,14,20,13,20,12,21,11,22,11,22,10,23,10,23,9,24,9,24,9,24,9,24,9,24,9,24,9,24,9,23,9,23,9,22,10,22,10,22,10,21,11,20,11,20,11,19,11,19,11,19]"
CSI_DATA,35495,d8:b1:90:db:e8:90,-55,11,1,7,0,0,1,0,0,0,1,-95,0,8,0,556096711,0,100,0,128,1,"[100,-64,5,0,6,22,6,21,6,20,7,20,7,19,7,18,8,18,8,18,7,17,8,17,8,17,9,16,9,15,9,15,10,15,10,15,10,14,10,14,10,14,10,14,10,14,9,14,9,14,9,14,9,15,2,3,0,0,0,0,0,0,0,0,0,0,0,0,0,0,0,0,0,0,3,5,12,23,11,23,10,24,9,24,8,25,7,25,7,25,6,26,5,26,5,27,5,27,4,27,4,27,4,27,4,27,4,26,4,25,5,25,5,24,5,24,6,24,6,23,6,23,7,22,7,22,6,23]"
CSI_DATA,35496,d8:b1:90:db:e8:90,-55,11,1,7,0,0,1,0,0,0,1,-95,0,8,0,556108521,0,100,0,128,1,"[100,-64,5,0,-21,-8,-20,-8,-20,-7,-20,-7,-20,-7,-19,-6,-19,-5,-19,-4,-19,-4,-18,-3,-18,-3,-19,-3,-19,-3,-19,-2,-19,-2,-19,-2,-19,-2,-18,-2,-18,-2,-18,-3,-18,-3,-18,-4,-18,-4,-18,-4,-18,-4,-5,-1,0,0,0,0,0,0,0,0,0,0,0,0,0,0,0,0,0,0,-7,-2,-25,-6,-25,-7,-24,-9,-24,-10,-24,-10,-24,-10,-24,-10,-24,-11,-24,-11,-24,-12,-24,-12,-24,-12,-24,-13,-23,-13,-23,-13,-22,-12,-22,-12,-22,-12,-22,-11,-22,-11,-22,-10,-22,-9,-23,-9,-23,-9,-23,-9,-22,-9]"
CSI_DATA,35497,d8:b1:90:db:e8:90,-55,11,1,5,0,0,1,0,0,0,1,-95,0,8,0,556142551,0,100,0,128,1,"[100,-64,5,0,19,-1,19,-1,19,-1,19,-2,19,-2,18,-3,18,-3,18,-4,17,-5,17,-5,17,-4,17,-4,17,-4,17,-4,17,-4,17,-5,17,-6,16,-6,16,-6,16,-6,16,-5,15,-4,16,-4,16,-4,16,-4,4,-1,0,0,0,0,0,0,0,0,0,0,0,0,0,0,0,0,0,0,6,-1,24,-2,24,-1,24,1,24,2,24,2,25,3,25,3,25,4,25,4,25,5,25,5,24,5,24,5,24,5,24,5,23,4,23,4,23,3,23,3,23,2,22,1,22,1,22,0,22,0,22,0,22,-1]"
CSI_DATA,35498,d8:b1:90:db:e8:90,-55,11,1,5,0,0,1,0,0,0,1,-95,0,8,0,556157368,0,100,0,128,1,"[100,-64,5,0,4,-20,4,-19,4,-19,4,-19,3,-19,3,-18,2,-18,2,-18,2,-18,1,-18,0,-18,-1,-18,-2,-18,-2,-18,-2,-18,-2,-18,-2,-18,-2,-18,-2,-18,-2,-18,-2,-17,-2,-17,-2,-17,-2,-17,-1,-17,-1,-5,0,0,0,0,0,0,0,0,0,0,0,0,0,0,0,0,0,0,0,-7,3,-26,5,-25,6,-24,5,-23,6,-23,8,-24,9,-24,10,-23,11,-24,12,-24,12,-23,11,-23,10,-23,9,-22,9,-22,9,-22,9,-22,8,-22,8,-22,7,-21,7,-21,6,-21,6,-21,6,-21,6,-21,6,-21]"
CSI_DATA,35499,d8:b1:90:db:e8:90,-57,11,1,5,0,0,1,0,0,0,1,-95,0,8,0,556168646,0,100,0,128,1,"[100,-64,5,0,-20,1,-20,1,-20,2,-20,2,-19,2,-19,2,-19,3,-19,3,-19,4,-18,4,-18,4,-17,5,-18,6,-17,7,-18,7,-18,7,-21,8,-21,9,-20,8,-18,8,-18,7,-18,7,-18,7,-19,7,-19,7,-5,1,0,0,0,0,0,0,0,0,0,0,0,0,0,0,0,0,0,0,-7,1,-26,7,-26,7,-26,6,-25,4,-25,3,-28,3,-29,3,-28,2,-28,2,-29,2,-29,0,-27,0,-27,0,-27,-1,-26,-2,-25,-1,-24,0,-23,0,-24,0,-23,0,-23,1,-23,1,-22,2,-22,1,-22,2,-21,2]"
CSI_DATA,35500,d8:b1:90:db:e8:90,-57,11,1,7,0,0,1,0,0,0,1,-95,0,8,0,556186559,0,100,0,128,1,"[100,-64,5,0,-6,19,-5,19,-5,18,-4,17,-2,16,-1,16,-1,17,-1,18,-1,18,-1,18,0,18,1,18,2,17,2,17,2,17,3,18,3,18,3,18,3,18,3,18,2,18,2,18,2,18,1,17,1,17,0,4,0,0,0,0,0,0,0,0,0,0,0,0,0,0,0,0,0,0,1,6,4,24,3,25,2,25,1,25,0,26,0,25,-1,24,-1,24,-1,24,-1,24,-1,25,-1,26,-1,25,-1,24,-1,21,-1,19,0,19,0,19,0,21,0,22,1,22,1,20,2,18,3,16,2,17,0,18]"
CSI_DATA,35501,d8:b1:90:db:e8:90,-57,11,1,7,0,0,1,0,0,0,1,-95,0,8,0,556196561,0,100,0,128,1,"[100,-64,5,0,-19,6,-19,6,-18,6,-18,7,-17,7,-16,7,-16,8,-16,9,-16,10,-16,11,-16,11,-15,11,-15,12,-16,12,-16,13,-16,13,-16,13,-16,13,-16,13,-17,13,-17,13,-17,12,-17,12,-18,12,-18,12,-5,3,0,0,0,0,0,0,0,0,0,0,0,0,0,0,0,0,0,0,-7,2,-26,10,-27,9,-27,8,-27,7,-27,6,-27,5,-27,5,-27,5,-27,5,-27,4,-26,4,-26,4,-25,3,-25,3,-25,4,-24,4,-23,5,-22,5,-22,5,-21,5,-21,5,-20,6,-20,6,-19,6,-19,6,-19,6]"
CSI_DATA,35502,d8:b1:90:db:e8:90,-57,11,1,7,0,0,1,0,0,0,1,-95,0,8,0,556210484,0,100,0,128,1,"[100,-64,5,0,-17,-8,-17,-7,-17,-7,-17,-6,-17,-5,-16,-5,-17,-4,-17,-3,-18,-2,-18,-2,-18,-2,-19,-2,-19,-1,-19,-1,-20,-1,-20,-1,-20,-1,-20,-1,-20,-1,-19,0,-19,-1,-19,-1,-20,-1,-20,-1,-20,-2,-5,-1,0,0,0,0,0,0,0,0,0,0,0,0,0,0,0,0,0,0,-6,-3,-24,-10,-22,-11,-21,-12,-21,-13,-21,-13,-21,-14,-21,-14,-21,-15,-20,-15,-20,-15,-19,-15,-18,-15,-18,-14,-18,-14,-18,-14,-17,-13,-17,-12,-17,-12,-17,-11,-17,-10,-17,-10,-17,-10,-17,-9,-17,-9,-17,-8,-16,-8]"
CSI_DATA,35503,d8:b1:90:db:e8:90,-57,11,1,7,0,0,1,0,0,0,1,-95,0,8,0,556242175,0,100,0,128,1,"[100,-64,5,0,-11,13,-11,12,-10,13,-10,13,-10,13,-10,13,-10,14,-10,14,-10,15,-10,15,-9,15,-9,15,-10,15,-10,15,-10,16,-10,17,-10,17,-11,17,-11,16,-11,15,-11,15,-11,15,-9,14,-6,14,-4,14,-2,3,0,0,0,0,0,0,0,0,0,0,0,0,0,0,0,0,0,0,-4,5,-13,21,-14,20,-15,19,-16,18,-17,17,-17,17,-18,17,-18,16,-19,16,-19,15,-19,15,-19,14,-18,13,-18,13,-17,13,-17,13,-16,13,-16,13,-15,12,-14,12,-13,12,-12,12,-11,12,-11,12,-11,13,-11,13]"
CSI_DATA,35504,d8:b1:90:db:e8:90,-55,11,1,7,0,0,1,0,0,0,1,-95,0,8,0,556256248,0,100,0,128,1,"[100,-64,5,0,-17,-1,-17,0,-17,0,-17,0,-17,1,-17,1,-17,1,-18,1,-19,2,-19,2,-19,2,-19,2,-19,3,-19,3,-20,3,-21,4,-21,4,-21,4,-22,3,-22,3,-21,3,-21,2,-22,2,-22,2,-22,1,-6,0,0,0,0,0,0,0,0,0,0,0,0,0,0,0,0,0,0,0,-7,-2,-27,-8,-26,-8,-26,-9,-25,-10,-26,-11,-26,-10,-25,-10,-24,-11,-24,-11,-24,-10,-24,-11,-22,-11,-22,-11,-22,-10,-21,-10,-20,-10,-19,-8,-19,-7,-19,-7,-19,-6,-18,-5,-18,-4,-18,-3,-18,-2,-18,-2,-18,-1]"
CSI_DATA,35505,d8:b1:90:db:e8:90,-55,11,1,7,0,0,1,0,0,0,1,-95,0,8,0,556267997,0,100,0,128,1,"[100,-64,5,0,-5,15,-5,15,-4,15,-4,15,-3,16,-3,15,-3,16,-4,17,-4,17,-3,17,-3,18,-2,18,-2,19,-2,19,-2,19,-2,20,-3,21,-3,21,-4,20,-3,21,-3,21,-3,21,-4,21,-4,21,-5,21,-2,5,0,0,0,0,0,0,0,0,0,0,0,0,0,0,0,0,0,0,-4,6,-13,24,-15,24,-16,23,-16,22,-17,22,-17,21,-17,21,-17,20,-17,20,-17,19,-16,18,-15,18,-15,17,-14,17,-14,17,-13,16,-13,16,-12,16,-10,16,-9,16,-9,16,-8,16,-7,16,-6,15,-6,15,-5,16]"
CSI_DATA,35506,d8:b1:90:db:e8:90,-57,11,1,7,0,0,1,0,0,0,1,-95,0,8,0,556279310,0,100,0,128,1,"[100,-64,5,0,14,-3,14,-3,14,-4,14,-4,14,-5,14,-5,14,-5,14,-6,14,-7,14,-7,14,-7,15,-8,15,-8,16,-8,16,-8,17,-9,17,-9,17,-9,17,-9,18,-9,18,-8,18,-8,18,-7,19,-6,20,-6,5,-2,0,0,0,0,0,0,0,0,0,0,0,0,0,0,0,0,0,0,6,0,26,1,26,2,25,4,25,5,25,5,25,6,24,6,24,6,24,6,23,6,23,6,22,6,22,6,21,5,21,4,20,4,19,3,19,3,19,2,18,1,18,1,17,0,16,0,15,-1,15,-1,15,-2]"
CSI_DATA,35507,d8:b1:90:db:e8:90,-56,11,1,7,0,0,1,0,0,0,1,-95,0,8,0,556291510,0,100,0,128,1,"[100,-64,5,0,-6,15,-6,15,-5,15,-5,15,-5,15,-4,15,-4,15,-4,15,-3,16,-3,16,-2,16,-1,17,-1,18,-1,18,-1,18,-1,19,-1,19,-2,19,-2,19,-2,19,-2,19,-2,19,-2,19,-3,19,-4,19,-1,4,0,0,0,0,0,0,0,0,0,0,0,0,0,0,0,0,0,0,-3,6,-13,24,-14,23,-15,22,-16,21,-16,21,-17,21,-17,21,-17,20,-17,20,-17,20,-17,19,-16,19,-16,18,-15,18,-15,17,-14,17,-13,17,-13,17,-11,16,-11,16,-10,16,-9,16,-9,16,-8,16,-8,15,-7,15]"
CSI_DATA,35508,d8:b1:90:db:e8:90,-57,11,1,7,0,0,1,0,0,0,1,-95,0,8,0,556307838,0,100,0,128,1,"[100,-64,5,0,15,3,14,3,15,2,15,2,15,2,15,2,15,1,15,1,15,0,15,0,16,0,17,0,17,-1,18,-2,19,-2,19,-1,19,-2,19,-2,19,-2,19,-1,19,-1,19,0,19,0,19,0,20,1,5,0,0,0,0,0,0,0,0,0,0,0,0,0,0,0,0,0,0,0,6,2,24,11,23,12,22,13,22,14,21,15,21,15,21,15,20,15,20,15,20,16,19,16,19,15,18,15,17,14,17,12,17,12,17,11,16,10,17,9,16,8,16,8,16,7,16,7,16,6,16,5,15,5]"
CSI_DATA,35509,d8:b1:90:db:e8:90,-56,11,1,7,0,0,1,0,0,0,1,-95,0,8,0,556327159,0,100,0,128,1,"[100,-64,5,0,0,-17,0,-17,-1,-17,-1,-16,-2,-16,-2,-16,-3,-16,-3,-16,-3,-16,-4,-16,-5,-17,-5,-17,-6,-17,-5,-17,-5,-18,-5,-18,-5,-18,-4,-18,-4,-19,-4,-19,-4,-19,-4,-20,-4,-20,-3,-20,-2,-20,-1,-6,0,0,0,0,0,0,0,0,0,0,0,0,0,0,0,0,0,0,1,-7,4,-27,6,-27,7,-26,8,-26,8,-26,9,-25,10,-25,11,-25,11,-25,11,-24,11,-24,11,-23,11,-23,10,-23,9,-22,9,-22,8,-21,7,-21,6,-21,5,-20,5,-20,4,-20,3,-20,2,-20,1,-19,1,-19]"
CSI_DATA,35510,d8:b1:90:db:e8:90,-56,11,1,7,0,0,1,0,0,0,1,-95,0,8,0,556347304,0,100,0,128,1,"[100,-64,5,0,-11,14,-10,14,-9,14,-9,14,-8,14,-7,13,-7,14,-7,15,-7,15,-6,15,-5,15,-5,16,-5,17,-5,17,-5,17,-5,18,-5,18,-6,18,-6,18,-6,18,-5,18,-5,18,-6,18,-7,19,-9,19,-3,4,0,0,0,0,0,0,0,0,0,0,0,0,0,0,0,0,0,0,-5,5,-20,22,-21,20,-22,19,-23,18,-23,17,-24,17,-24,16,-24,16,-24,16,-24,15,-24,15,-24,14,-23,14,-23,14,-22,14,-21,15,-21,15,-20,15,-18,15,-17,15,-16,15,-16,15,-15,15,-14,15,-13,15,-13,15]"
CSI_DATA,35511,d8:b1:90:db:e8:90,-56,11,1,7,0,0,1,0,0,0,1,-95,0,8,0,556357783,0,100,0,128,1,"[100,-64,5,0,8,-11,10,-10,13,-12,14,-14,12,-17,9,-17,6,-16,5,-14,5,-10,8,-8,12,-9,14,-12,15,-16,14,-20,11,-20,8,-17,7,-12,9,-7,14,-5,19,-6,23,-10,24,-14,22,-17,18,-16,15,-13,3,-3,0,0,0,0,0,0,0,0,0,0,0,0,0,0,0,0,0,0,-2,-7,-7,-27,-5,-28,-2,-29,-1,-29,1,-29,2,-29,4,-28,5,-27,7,-27,9,-26,10,-25,11,-24,12,-23,12,-23,13,-23,13,-23,12,-22,11,-21,10,-19,10,-17,11,-16,12,-16,12,-18,12,-19,10,-19,9,-19]"
CSI_DATA,35512,d8:b1:90:db:e8:90,-56,11,1,7,0,0,1,0,0,0,1,-95,0,8,0,556368055,0,100,0,128,1,"[100,-64,5,0,-11,-15,-11,-14,-11,-14,-11,-14,-11,-13,-11,-12,-12,-12,-12,-11,-12,-11,-12,-11,-13,-11,-14,-11,-14,-10,-14,-10,-15,-10,-15,-11,-16,-11,-15,-11,-15,-11,-16,-11,-16,-12,-16,-12,-16,-12,-16,-12,-15,-13,-4,-4,0,0,0,0,0,0,0,0,0,0,0,0,0,0,0,0,0,0,-4,-6,-14,-23,-13,-24,-12,-25,-11,-25,-10,-25,-10,-25,-10,-26,-9,-26,-9,-26,-9,-26,-8,-26,-8,-26,-8,-26,-8,-25,-8,-24,-8,-23,-8,-23,-8,-22,-9,-22,-9,-21,-9,-20,-10,-19,-11,-19,-11,-19,-11,-18,-11,-17]"
CSI_DATA,35513,d8:b1:90:db:e8:90,-56,11,1,7,0,0,1,0,0,0,1,-95,0,8,0,556379732,0,100,0,128,1,"[100,-64,5,0,-16,10,-15,9,-15,9,-14,9,-13,10,-13,10,-12,10,-12,11,-11,11,-11,11,-11,11,-10,12,-11,12,-11,13,-11,13,-11,14,-12,14,-12,13,-12,13,-13,13,-12,13,-12,13,-13,13,-14,13,-15,12,-4,3,0,0,0,0,0,0,0,0,0,0,0,0,0,0,0,0,0,0,-6,3,-24,13,-24,12,-25,11,-26,10,-26,10,-27,9,-27,9,-27,8,-27,8,-28,7,-28,7,-27,7,-27,7,-26,6,-25,6,-25,6,-24,7,-23,7,-22,7,-22,7,-21,8,-21,8,-20,9,-20,10,-19,10,-18,10]"
CSI_DATA,35514,d8:b1:90:db:e8:90,-57,11,1,7,0,0,1,0,0,0,1,-95,0,8,0,556396915,0,100,0,128,1,"[100,-64,5,0,7,-17,6,-16,6,-16,5,-16,5,-15,4,-15,4,-15,3,-15,3,-15,2,-15,2,-15,1,-15,1,-15,1,-15,1,-16,1,-17,1,-17,2,-17,2,-17,2,-17,1,-17,1,-17,2,-17,3,-17,4,-18,1,-5,0,0,0,0,0,0,0,0,0,0,0,0,0,0,0,0,0,0,2,-6,10,-23,11,-23,12,-22,13,-22,13,-22,14,-22,15,-22,16,-22,16,-21,16,-21,16,-21,16,-20,16,-19,16,-19,15,-19,14,-19,13,-19,13,-19,12,-19,12,-18,11,-18,11,-18,10,-18,10,-18,9,-18,9,-18]"
CSI_DATA,35515,d8:b1:90:db:e8:90,-55,11,1,7,0,0,1,0,0,0,1,-95,0,8,0,556410787,0,100,0,128,1,"[100,-64,5,0,-18,7,-18,7,-17,7,-16,8,-16,8,-15,8,-15,9,-15,9,-14,10,-14,10,-13,10,-12,11,-12,12,-13,12,-13,12,-12,13,-13,13,-13,13,-13,12,-13,13,-12,13,-12,12,-13,12,-14,12,-14,12,-4,2,0,0,0,0,0,0,0,0,0,0,0,0,0,0,0,0,0,0,-7,3,-26,12,-26,11,-27,9,-27,8,-27,7,-28,7,-28,7,-28,7,-28,6,-29,6,-29,6,-28,5,-28,5,-28,5,-27,5,-27,5,-26,6,-25,6,-25,6,-24,6,-24,6,-23,7,-22,7,-22,7,-21,7,-21,7]"
CSI_DATA,35516,d8:b1:90:db:e8:90,-55,11,1,7,0,0,1,0,0,0,1,-95,0,8,0,556426482,0,100,0,128,1,"[100,-64,5,0,-15,-14,-14,-13,-14,-12,-14,-11,-14,-11,-14,-10,-14,-10,-15,-9,-14,-8,-14,-8,-15,-8,-15,-7,-15,-6,-16,-6,-16,-6,-16,-6,-16,-6,-16,-6,-16,-6,-16,-6,-16,-7,-16,-8,-16,-8,-16,-8,-16,-9,-4,-3,0,0,0,0,0,0,0,0,0,0,0,0,0,0,0,0,0,0,-6,-5,-23,-18,-22,-18,-21,-18,-20,-19,-19,-21,-17,-21,-18,-22,-19,-23,-19,-24,-19,-24,-18,-24,-17,-24,-17,-24,-17,-24,-16,-23,-16,-23,-16,-21,-16,-21,-16,-20,-16,-20,-16,-20,-16,-19,-16,-18,-15,-17,-15,-17,-16,-16]"
CSI_DATA,35517,d8:b1:90:db:e8:90,-55,11,1,7,0,0,1,0,0,0,1,-95,0,8,0,556457061,0,100,0,128,1,"[100,-64,5,0,-20,4,-19,4,-18,4,-18,5,-17,5,-16,5,-15,6,-15,7,-14,7,-14,8,-13,7,-13,8,-13,8,-13,9,-13,9,-13,9,-13,9,-13,9,-13,9,-13,9,-13,9,-13,9,-13,9,-14,8,-15,8,-4,2,0,0,0,0,0,0,0,0,0,0,0,0,0,0,0,0,0,0,-8,1,-29,6,-29,4,-30,2,-30,1,-30,0,-30,-1,-30,-1,-30,-1,-30,-2,-30,-2,-30,-2,-30,-2,-30,-2,-30,-3,-29,-3,-28,-2,-28,-1,-27,-1,-26,0,-26,0,-25,1,-25,2,-24,2,-24,3,-23,2,-22,3]"
CSI_DATA,35518,d8:b1:90:db:e8:90,-56,11,1,7,0,0,1,0,0,0,1,-95,0,8,0,556467249,0,100,0,128,1,"[100,-64,5,0,19,2,18,1,17,1,16,0,15,-1,15,-1,14,-1,14,-2,14,-3,13,-3,13,-3,13,-4,14,-4,14,-5,14,-5,14,-5,14,-6,14,-6,14,-6,14,-6,14,-5,14,-5,14,-5,15,-5,16,-4,4,-1,0,0,0,0,0,0,0,0,0,0,0,0,0,0,0,0,0,0,7,0,28,1,28,2,27,4,27,5,27,6,28,6,28,7,28,7,27,8,27,8,27,8,26,8,26,8,25,8,24,7,24,7,23,6,23,6,24,6,23,5,23,4,22,4,21,3,21,3,20,2,20,2]"
CSI_DATA,35519,d8:b1:90:db:e8:90,-55,11,1,7,0,0,1,0,0,0,1,-95,0,8,0,556477647,0,100,0,128,1,"[100,-64,5,0,-5,18,-4,17,-4,16,-3,16,-3,15,-2,15,-2,14,-2,14,-1,14,-1,14,0,13,0,14,1,14,0,13,0,13,1,14,1,14,0,13,0,13,1,13,1,14,1,14,1,14,0,14,-1,14,-1,3,0,0,0,0,0,0,0,0,0,0,0,0,0,0,0,0,0,0,-2,6,-8,25,-8,24,-9,24,-9,24,-10,24,-11,25,-12,25,-13,24,-14,25,-14,26,-14,25,-15,23,-14,23,-14,22,-13,21,-13,21,-12,21,-11,21,-10,20,-10,20,-9,20,-9,20,-8,20,-7,20,-7,19,-7,19]"
CSI_DATA,35520,d8:b1:90:db:e8:90,-54,11,1,7,0,0,1,0,0,0,1,-95,0,8,0,556488760,0,100,0,128,1,"[100,-64,5,0,-20,8,-20,8,-19,8,-18,8,-17,8,-16,8,-15,8,-15,9,-14,10,-14,9,-13,9,-13,10,-13,10,-13,10,-13,11,-12,11,-13,11,-13,11,-13,11,-12,11,-12,11,-12,11,-12,11,-13,11,-14,11,-4,2,0,0,0,0,0,0,0,0,0,0,0,0,0,0,0,0,0,0,-7,3,-28,11,-28,10,-29,9,-29,8,-29,7,-30,7,-30,6,-31,6,-31,5,-31,5,-31,4,-31,4,-31,4,-30,4,-30,4,-29,4,-28,5,-27,5,-26,5,-26,5,-25,6,-25,7,-24,7,-24,7,-23,7,-22,8]"
CSI_DATA,35521,d8:b1:90:db:e8:90,-55,11,1,7,0,0,1,0,0,0,1,-95,0,8,0,556507685,0,100,0,128,1,"[100,-64,5,0,12,13,11,13,12,12,12,12,12,12,11,11,11,10,11,8,11,7,12,7,12,7,12,7,12,7,12,7,12,7,12,7,12,6,12,6,12,6,12,7,12,7,12,8,12,8,12,8,11,8,2,2,0,0,0,0,0,0,0,0,0,0,0,0,0,0,0,0,0,0,4,4,19,17,18,18,17,19,16,19,15,20,15,20,16,20,16,21,14,22,15,22,15,23,15,22,14,22,13,22,13,21,13,21,13,21,13,20,13,19,13,18,13,18,13,17,13,17,12,16,13,16,13,15]"
CSI_DATA,35522,d8:b1:90:db:e8:90,-54,11,1,7,0,0,1,0,0,0,1,-95,0,8,0,556526383,0,100,0,128,1,"[100,-64,5,0,-19,-9,-19,-9,-18,-8,-17,-7,-17,-6,-17,-6,-16,-5,-16,-4,-15,-3,-15,-3,-15,-3,-15,-3,-15,-2,-15,-2,-15,-2,-15,-2,-15,-2,-15,-2,-15,-2,-15,-2,-15,-2,-15,-3,-15,-3,-15,-3,-14,-4,-4,-1,0,0,0,0,0,0,0,0,0,0,0,0,0,0,0,0,0,0,-6,-3,-25,-11,-24,-11,-24,-12,-24,-13,-23,-14,-23,-15,-22,-16,-22,-17,-22,-19,-21,-19,-21,-19,-21,-19,-21,-18,-21,-18,-21,-17,-21,-16,-21,-15,-21,-15,-21,-14,-21,-14,-21,-13,-21,-12,-21,-11,-20,-11,-20,-10,-19,-10]"
CSI_DATA,35523,d8:b1:90:db:e8:90,-55,11,1,7,0,0,1,0,0,0,1,-95,0,8,0,556555220,0,100,0,128,1,"[100,-64,5,0,8,19,8,19,9,18,9,17,10,16,10,15,10,14,10,14,10,13,10,13,10,13,10,13,10,13,10,12,10,12,11,12,11,11,11,11,11,11,11,11,11,11,10,11,10,11,10,11,9,11,2,2,0,0,0,0,0,0,0,0,0,0,0,0,0,0,0,0,0,0,3,5,14,22,14,22,13,23,13,24,11,24,11,24,11,26,11,27,10,27,10,26,9,27,9,27,9,26,8,25,7,25,7,25,7,24,8,24,8,24,9,24,9,23,10,22,9,22,9,22,9,21,9,20]"
CSI_DATA,35524,d8:b1:90:db:e8:90,-54,11,1,7,0,0,1,0,0,0,1,-95,0,8,0,556566636,0,100,0,128,1,"[100,-64,5,0,-9,-19,-9,-18,-9,-17,-10,-16,-10,-16,-10,-15,-10,-14,-11,-14,-11,-13,-11,-12,-12,-12,-12,-13,-11,-12,-11,-12,-11,-11,-11,-11,-12,-10,-11,-10,-11,-10,-11,-10,-11,-10,-11,-10,-11,-10,-11,-10,-10,-10,-3,-3,0,0,0,0,0,0,0,0,0,0,0,0,0,0,0,0,0,0,-4,-5,-12,-21,-11,-22,-10,-23,-11,-23,-10,-24,-9,-25,-8,-25,-8,-25,-8,-25,-8,-24,-7,-24,-7,-24,-7,-24,-6,-24,-6,-25,-6,-24,-6,-24,-7,-23,-8,-23,-8,-22,-8,-22,-8,-22,-9,-21,-9,-21,-9,-20,-9,-20]"
CSI_DATA,35525,d8:b1:90:db:e8:90,-53,11,1,7,0,0,1,0,0,0,1,-95,0,8,0,556581179,0,100,0,128,1,"[100,-64,5,0,9,-20,9,-19,8,-19,8,-19,7,-18,6,-17,5,-17,4,-18,4,-18,3,-18,2,-17,2,-17,2,-17,2,-16,2,-16,2,-16,2,-16,2,-15,2,-15,2,-15,2,-15,1,-15,2,-14,3,-14,3,-13,1,-4,0,0,0,0,0,0,0,0,0,0,0,0,0,0,0,0,0,0,1,-6,8,-22,10,-22,11,-23,12,-23,13,-23,15,-22,15,-21,16,-20,16,-21,16,-21,16,-20,16,-20,16,-20,16,-19,16,-20,16,-20,16,-20,15,-20,14,-20,14,-20,13,-20,12,-20,12,-20,12,-20,11,-20,11,-20]"
CSI_DATA,35526,d8:b1:90:db:e8:90,-54,11,1,7,0,0,1,0,0,0,1,-95,0,8,0,556593288,0,100,0,128,1,"[100,-64,5,0,-23,-3,-22,-3,-22,-2,-21,-1,-21,-1,-20,0,-20,0,-21,1,-21,1,-20,1,-21,1,-21,1,-21,1,-21,1,-21,1,-20,1,-20,1,-20,1,-20,1,-20,1,-20,0,-19,0,-19,0,-20,0,-21,-1,-5,-1,0,0,0,0,0,0,0,0,0,0,0,0,0,0,0,0,0,0,-7,-1,-28,-1,-28,-3,-27,-4,-27,-5,-27,-6,-27,-7,-27,-7,-27,-7,-27,-8,-27,-8,-26,-8,-26,-8,-26,-8,-26,-8,-26,-8,-25,-7,-25,-7,-25,-7,-25,-7,-25,-6,-24,-6,-24,-5,-24,-4,-24,-3,-24,-4,-24,-3]"
CSI_DATA,35527,d8:b1:90:db:e8:90,-54,11,1,7,0,0,1,0,0,0,1,-95,0,8,0,556605101,0,100,0,128,1,"[100,-64,5,0,23,5,22,4,22,3,22,2,21,1,20,1,20,0,21,0,21,0,20,-1,20,-1,20,0,20,-1,20,-1,20,-1,20,-1,19,-1,19,-1,19,-1,19,-1,18,0,18,0,18,0,18,0,19,1,4,0,0,0,0,0,0,0,0,0,0,0,0,0,0,0,0,0,0,0,6,0,27,2,27,4,26,5,26,6,26,7,26,8,26,8,26,9,26,9,26,9,25,9,25,9,25,9,24,9,25,9,24,9,24,8,24,8,24,8,24,8,24,7,24,7,24,6,24,5,24,5,24,5]"
CSI_DATA,35528,d8:b1:90:db:e8:90,-54,11,1,7,0,0,1,0,0,0,1,-95,0,8,0,556618058,0,100,0,128,1,"[100,-64,5,0,-1,23,-1,23,-1,22,-1,22,0,21,0,21,1,20,1,20,2,19,2,19,3,19,3,19,3,19,3,19,3,19,3,19,3,19,3,19,2,18,2,17,2,17,2,17,1,17,1,17,0,17,-1,4,0,0,0,0,0,0,0,0,0,0,0,0,0,0,0,0,0,0,-1,6,-1,26,-2,26,-4,25,-5,25,-6,25,-7,26,-8,26,-8,26,-9,26,-9,26,-8,26,-8,26,-8,25,-8,25,-7,25,-7,25,-6,24,-6,24,-6,24,-5,24,-5,24,-4,23,-3,23,-2,23,-2,23,-1,24]"
CSI_DATA,35529,d8:b1:90:db:e8:90,-57,11,1,7,0,0,1,0,0,0,1,-95,0,8,0,556656881,0,100,0,128,1,"[100,-64,5,0,-17,-13,-17,-13,-17,-12,-17,-12,-16,-11,-16,-11,-16,-10,-16,-10,-17,-9,-17,-9,-17,-10,-17,-10,-17,-9,-18,-9,-18,-9,-18,-9,-19,-9,-18,-9,-18,-9,-18,-9,-17,-9,-17,-10,-17,-10,-17,-10,-17,-11,-5,-3,0,0,0,0,0,0,0,0,0,0,0,0,0,0,0,0,0,0,-6,-5,-23,-19,-22,-19,-21,-20,-20,-20,-20,-21,-20,-22,-20,-22,-19,-21,-19,-20,-19,-22,-19,-23,-18,-22,-18,-21,-17,-21,-18,-20,-18,-18,-18,-18,-18,-17,-18,-16,-18,-16,-18,-15,-18,-15,-18,-14,-18,-14,-18,-13,-18,-13]"
CSI_DATA,35530,d8:b1:90:db:e8:90,-57,11,1,7,0,0,1,0,0,0,1,-95,0,8,0,556669396,0,100,0,128,1,"[100,-64,5,0,-16,-6,-16,-6,-16,-5,-16,-5,-16,-4,-16,-4,-15,-4,-15,-4,-15,-5,-15,-5,-15,-5,-15,-5,-16,-4,-16,-4,-15,-4,-15,-4,-15,-4,-15,-3,-15,-4,-15,-4,-15,-4,-15,-5,-15,-5,-15,-5,-15,-5,-4,-2,0,0,0,0,0,0,0,0,0,0,0,0,0,0,0,0,0,0,-6,-2,-20,-8,-20,-9,-20,-11,-19,-12,-19,-12,-20,-12,-22,-13,-22,-14,-22,-14,-22,-13,-21,-13,-20,-13,-20,-13,-19,-12,-18,-12,-18,-11,-18,-10,-18,-9,-18,-9,-18,-8,-18,-8,-17,-7,-17,-7,-17,-7,-17,-7,-17,-6]"
CSI_DATA,35531,d8:b1:90:db:e8:90,-58,11,1,7,0,0,1,0,0,0,1,-95,0,8,0,556682589,0,100,0,128,1,"[100,-64,5,0,-11,14,-11,14,-10,13,-9,13,-8,14,-8,13,-8,13,-9,13,-9,13,-9,13,-8,13,-8,13,-8,14,-8,14,-8,13,-8,13,-8,13,-9,13,-9,13,-9,13,-9,13,-9,13,-9,13,-10,12,-11,12,-3,3,0,0,0,0,0,0,0,0,0,0,0,0,0,0,0,0,0,0,-5,4,-19,18,-19,16,-20,15,-20,15,-20,15,-21,16,-21,16,-22,16,-23,17,-23,16,-21,15,-21,15,-21,15,-21,15,-20,14,-19,14,-18,14,-17,14,-16,14,-15,14,-14,14,-14,15,-13,15,-13,15,-12,15,-12,15]"
CSI_DATA,35532,d8:b1:90:db:e8:90,-58,11,1,7,0,0,1,0,0,0,1,-95,0,8,0,556693087,0,100,0,128,1,"[100,-64,5,0,-16,7,-15,6,-14,7,-14,7,-14,7,-13,7,-13,7,-13,8,-13,8,-12,8,-12,9,-12,9,-12,10,-12,10,-12,10,-12,10,-12,10,-12,10,-12,10,-12,11,-12,10,-11,10,-12,10,-13,10,-14,9,-4,2,0,0,0,0,0,0,0,0,0,0,0,0,0,0,0,0,0,0,-7,2,-25,10,-26,9,-26,8,-27,7,-27,7,-27,7,-27,7,-27,6,-26,6,-26,6,-26,6,-25,6,-25,6,-24,6,-23,6,-22,6,-21,7,-21,7,-20,6,-20,7,-19,7,-18,7,-17,7,-17,7,-16,7,-16,8]"
CSI_DATA,35533,d8:b1:90:db:e8:90,-58,11,1,7,0,0,1,0,0,0,1,-95,0,8,0,556705527,0,100,0,128,1,"[100,-64,5,0,-1,16,-1,16,-1,15,0,15,0,15,0,15,1,14,1,14,1,14,1,14,1,14,0,14,0,15,0,15,0,15,0,15,0,14,-1,14,-1,14,-1,14,0,15,-1,15,-1,15,-2,15,-3,15,-1,3,0,0,0,0,0,0,0,0,0,0,0,0,0,0,0,0,0,0,-2,6,-6,26,-7,25,-8,25,-9,25,-9,25,-9,25,-9,25,-9,25,-10,25,-10,24,-10,24,-10,23,-9,23,-9,22,-8,22,-7,21,-7,21,-6,21,-5,20,-4,19,-3,19,-3,19,-3,18,-2,18,-2,17,-1,17]"
CSI_DATA,35534,d8:b1:90:db:e8:90,-57,11,1,7,0,0,1,0,0,0,1,-95,0,8,0,556719364,0,100,0,128,1,"[100,-64,5,0,8,-13,7,-12,7,-12,7,-12,7,-12,7,-12,7,-12,7,-12,7,-12,7,-12,6,-12,6,-12,7,-12,7,-12,8,-12,8,-13,8,-13,9,-12,9,-12,9,-12,8,-12,9,-12,10,-11,10,-11,11,-11,2,-3,0,0,0,0,0,0,0,0,0,0,0,0,0,0,0,0,0,0,4,-5,18,-20,18,-19,18,-18,18,-17,18,-16,19,-16,20,-16,20,-16,20,-16,20,-16,19,-15,19,-15,18,-14,18,-14,17,-14,17,-14,16,-14,15,-14,14,-14,13,-14,12,-14,11,-13,11,-13,10,-13,10,-13,9,-13]"
CSI_DATA,35535,d8:b1:90:db:e8:90,-58,11,1,7,0,0,1,0,0,0,1,-95,0,8,0,556736907,0,100,0,128,1,"[100,-64,5,0,8,12,8,12,8,11,8,12,8,12,7,11,7,11,7,11,6,11,7,11,7,11,7,11,7,11,7,11,7,12,7,13,6,14,6,13,6,14,6,14,6,15,6,15,6,15,5,15,4,16,1,4,0,0,0,0,0,0,0,0,0,0,0,0,0,0,0,0,0,0,2,6,9,27,8,27,6,27,6,27,5,27,5,28,5,28,5,28,5,28,5,27,5,27,5,26,5,25,5,24,5,24,5,23,5,22,6,21,7,20,7,19,8,18,8,17,8,16,8,15,9,14,9,14]"
CSI_DATA,35536,d8:b1:90:db:e8:90,-57,11,1,7,0,0,1,0,0,0,1,-95,0,8,0,556760395,0,100,0,128,1,"[100,-64,5,0,-14,10,-13,10,-12,10,-10,10,-10,10,-9,10,-9,10,-9,10,-9,10,-9,10,-8,9,-8,10,-9,10,-10,10,-10,10,-11,10,-11,10,-12,9,-12,9,-13,9,-13,8,-13,8,-14,8,-16,8,-16,7,-4,1,0,0,0,0,0,0,0,0,0,0,0,0,0,0,0,0,0,0,-7,3,-27,12,-29,11,-30,11,-29,10,-28,9,-30,8,-30,9,-31,9,-31,9,-29,9,-29,9,-29,9,-28,9,-28,9,-27,9,-26,8,-25,9,-24,9,-22,9,-21,9,-20,10,-19,10,-18,11,-17,11,-16,11,-16,11]"
CSI_DATA,35537,d8:b1:90:db:e8:90,-55,11,1,7,0,0,1,0,0,0,1,-95,0,8,0,556773981,0,100,0,128,1,"[100,-64,5,0,11,13,11,12,11,12,11,11,10,11,10,10,10,9,10,8,9,8,10,8,10,8,10,8,10,8,10,8,10,8,11,9,10,9,10,9,10,9,10,10,10,11,10,11,10,12,10,12,9,13,2,3,0,0,0,0,0,0,0,0,0,0,0,0,0,0,0,0,0,0,4,6,17,26,15,27,14,28,13,28,13,29,12,29,12,30,12,30,11,29,11,29,10,30,10,29,10,28,10,28,11,27,11,26,11,25,11,24,11,23,12,22,12,21,12,20,12,18,12,17,12,16,12,16]"
CSI_DATA,35538,d8:b1:90:db:e8:90,-55,11,1,7,0,0,1,0,0,0,1,-95,0,8,0,556784667,0,100,0,128,1,"[100,-64,5,0,-20,0,-19,0,-18,0,-17,0,-16,0,-16,1,-15,1,-15,2,-14,3,-14,3,-14,3,-14,2,-14,2,-14,3,-14,3,-15,2,-15,2,-15,2,-15,2,-16,1,-16,0,-16,0,-16,-1,-16,-1,-17,-2,-5,-1,0,0,0,0,0,0,0,0,0,0,0,0,0,0,0,0,0,0,-8,-2,-31,-6,-30,-7,-30,-9,-30,-10,-30,-10,-31,-10,-30,-10,-31,-10,-31,-10,-31,-11,-31,-12,-30,-12,-29,-12,-29,-11,-29,-10,-28,-10,-28,-9,-27,-8,-26,-8,-26,-7,-26,-5,-25,-4,-24,-4,-23,-3,-23,-2,-22,-1]"
CSI_DATA,35539,d8:b1:90:db:e8:90,-54,11,1,7,0,0,1,0,0,0,1,-95,0,8,0,556796552,0,100,0,128,1,"[100,-64,5,0,18,7,17,6,17,5,16,4,16,4,15,3,15,2,15,1,14,0,14,1,14,1,15,0,15,-1,15,-1,15,-1,16,-1,16,-1,16,-1,16,0,17,0,17,0,16,1,17,1,17,2,17,3,4,0,0,0,0,0,0,0,0,0,0,0,0,0,0,0,0,0,0,0,7,2,29,11,28,12,27,14,27,14,26,15,26,16,27,17,26,17,26,18,26,18,26,18,26,18,25,18,24,18,24,17,24,16,23,15,23,15,23,14,23,13,23,13,23,11,22,10,21,9,21,8,21,8]"
CSI_DATA,35540,d8:b1:90:db:e8:90,-54,11,1,7,0,0,1,0,0,0,1,-95,0,8,0,556807102,0,100,0,128,1,"[100,-64,5,0,-19,-14,-18,-13,-18,-12,-18,-11,-18,-10,-17,-10,-16,-9,-16,-8,-16,-7,-15,-7,-16,-7,-16,-7,-16,-6,-16,-5,-16,-5,-17,-6,-17,-6,-16,-5,-16,-6,-17,-6,-17,-7,-17,-8,-17,-9,-17,-9,-17,-9,-5,-3,0,0,0,0,0,0,0,0,0,0,0,0,0,0,0,0,0,0,-7,-5,-26,-18,-26,-19,-25,-21,-24,-21,-23,-22,-23,-23,-23,-24,-23,-24,-23,-25,-23,-26,-22,-27,-21,-27,-20,-26,-20,-26,-20,-25,-20,-24,-20,-23,-21,-22,-21,-21,-21,-20,-21,-20,-21,-19,-21,-18,-20,-18,-20,-17,-20,-16]"
CSI_DATA,35541,d8:b1:90:db:e8:90,-54,11,1,7,0,0,1,0,0,0,1,-95,0,8,0,556817567,0,100,0,128,1,"[100,-64,5,0,4,-24,3,-23,2,-22,2,-22,1,-21,0,-20,-1,-19,-1,-19,-1,-18,-2,-18,-3,-18,-4,-18,-4,-18,-3,-18,-3,-17,-4,-18,-3,-18,-3,-18,-3,-17,-3,-18,-3,-18,-3,-18,-2,-18,-1,-18,0,-18,0,-5,0,0,0,0,0,0,0,0,0,0,0,0,0,0,0,0,0,0,1,-8,6,-30,8,-30,10,-29,11,-29,12,-29,13,-30,13,-30,14,-30,14,-30,15,-30,15,-30,15,-29,15,-29,15,-29,14,-28,14,-28,13,-27,12,-27,11,-28,10,-27,9,-27,9,-27,8,-26,7,-26,6,-26,6,-26]"
CSI_DATA,35542,d8:b1:90:db:e8:90,-53,11,1,7,0,0,1,0,0,0,1,-95,0,8,0,556836381,0,100,0,128,1,"[100,-64,5,0,-23,-3,-23,-3,-22,-2,-21,-3,-20,-2,-20,-2,-19,-1,-20,0,-19,1,-19,1,-18,1,-18,0,-18,0,-18,0,-18,1,-18,0,-17,0,-17,0,-17,0,-17,0,-17,0,-17,-1,-17,-1,-17,-1,-18,-2,-5,-1,0,0,0,0,0,0,0,0,0,0,0,0,0,0,0,0,0,0,-7,-1,-27,-3,-26,-5,-26,-8,-26,-8,-26,-7,-27,-7,-27,-8,-26,-10,-26,-11,-27,-12,-27,-11,-27,-11,-27,-11,-27,-11,-26,-10,-26,-9,-26,-9,-26,-9,-25,-9,-25,-8,-25,-7,-25,-6,-25,-6,-24,-5,-24,-5,-24,-4]"
CSI_DATA,35543,d8:b1:90:db:e8:90,-54,11,1,7,0,0,1,0,0,0,1,-95,0,8,0,556871758,0,100,0,128,1,"[100,-64,5,0,-27,0,-27,0,-26,1,-26,1,-25,2,-24,2,-24,3,-23,4,-23,5,-22,5,-22,5,-21,6,-21,7,-21,7,-21,7,-21,7,-20,7,-20,7,-19,7,-18,7,-17,6,-16,6,-16,4,-17,1,-17,-2,-5,-1,0,0,0,0,0,0,0,0,0,0,0,0,0,0,0,0,0,0,-7,0,-27,3,-27,1,-27,-1,-27,-2,-28,-3,-28,-3,-28,-4,-28,-4,-28,-5,-28,-6,-29,-6,-28,-7,-29,-7,-29,-7,-28,-6,-28,-6,-28,-5,-28,-5,-28,-4,-28,-4,-28,-3,-28,-3,-27,-2,-27,-2,-27,-2,-27,-1]"
CSI_DATA,35544,d8:b1:90:db:e8:90,-53,11,1,7,0,0,1,0,0,0,1,-95,0,8,0,556882262,0,100,0,128,1,"[100,-64,5,0,-12,-25,-12,-24,-12,-23,-12,-22,-13,-22,-13,-21,-13,-21,-12,-21,-12,-21,-12,-20,-13,-20,-13,-19,-12,-18,-12,-18,-12,-18,-12,-17,-12,-17,-11,-16,-11,-16,-10,-17,-10,-17,-10,-17,-9,-17,-8,-16,-8,-16,-2,-4,0,0,0,0,0,0,0,0,0,0,0,0,0,0,0,0,0,0,-3,-6,-12,-22,-11,-23,-9,-23,-9,-24,-8,-24,-7,-25,-7,-25,-6,-26,-5,-26,-5,-27,-5,-28,-5,-28,-4,-28,-4,-28,-5,-27,-5,-27,-5,-26,-6,-26,-7,-27,-8,-27,-8,-27,-8,-27,-9,-27,-9,-26,-10,-26,-10,-25]"
CSI_DATA,35545,d8:b1:90:db:e8:90,-54,11,1,7,0,0,1,0,0,0,1,-95,0,8,0,556894504,0,100,0,128,1,"[100,-64,5,0,22,13,21,13,21,12,22,12,21,11,21,10,21,10,21,9,21,9,21,8,21,9,21,9,21,8,21,8,20,8,20,8,20,8,19,8,19,8,19,8,18,9,17,9,17,9,17,10,17,10,4,2,0,0,0,0,0,0,0,0,0,0,0,0,0,0,0,0,0,0,5,2,23,8,22,9,22,11,22,12,21,13,21,14,21,14,21,15,21,16,21,16,21,16,21,16,20,16,20,16,20,16,20,16,20,15,20,15,21,14,21,14,21,14,22,14,22,14,23,14,23,13,23,12]"
CSI_DATA,35546,d8:b1:90:db:e8:90,-54,11,1,7,0,0,1,0,0,0,1,-95,0,8,0,556905153,0,100,0,128,1,"[100,-64,5,0,-15,19,-14,19,-14,18,-13,18,-12,18,-12,18,-11,18,-11,19,-11,19,-10,19,-10,18,-9,18,-9,18,-9,18,-9,18,-9,17,-9,17,-10,16,-10,16,-9,16,-9,15,-9,15,-10,15,-10,14,-11,14,-3,3,0,0,0,0,0,0,0,0,0,0,0,0,0,0,0,0,0,0,-3,4,-11,19,-12,19,-13,19,-14,18,-14,18,-15,17,-16,18,-16,18,-16,17,-17,17,-17,17,-17,16,-17,16,-17,16,-17,16,-17,17,-17,17,-17,17,-16,17,-15,18,-15,18,-15,18,-15,18,-15,19,-15,19,-14,19]"
CSI_DATA,35547,d8:b1:90:db:e8:90,-56,11,1,7,0,0,1,0,0,0,1,-95,0,8,0,556919986,0,100,0,128,1,"[100,-64,5,0,-11,-22,-10,-22,-11,-21,-11,-21,-12,-21,-12,-21,-12,-20,-12,-19,-12,-18,-13,-18,-13,-19,-14,-19,-14,-19,-14,-18,-14,-18,-14,-18,-14,-18,-13,-17,-13,-17,-12,-18,-11,-18,-11,-18,-10,-18,-9,-18,-9,-18,-2,-5,0,0,0,0,0,0,0,0,0,0,0,0,0,0,0,0,0,0,-4,-5,-12,-20,-11,-21,-10,-22,-10,-22,-9,-23,-8,-23,-8,-23,-8,-23,-7,-23,-6,-23,-6,-24,-6,-23,-6,-23,-6,-23,-6,-23,-6,-23,-6,-23,-7,-22,-8,-22,-8,-22,-9,-21,-9,-22,-10,-22,-10,-22,-10,-22,-10,-22]"
CSI_DATA,35548,d8:b1:90:db:e8:90,-55,11,1,7,0,0,1,0,0,0,1,-95,0,8,0,556931087,0,100,0,128,1,"[100,-64,5,0,-21,9,-20,9,-20,9,-20,10,-20,10,-19,11,-19,11,-18,12,-18,12,-18,12,-18,12,-18,13,-18,13,-18,13,-18,14,-17,14,-17,15,-17,14,-17,13,-17,13,-17,12,-17,12,-17,11,-18,10,-18,10,-5,2,0,0,0,0,0,0,0,0,0,0,0,0,0,0,0,0,0,0,-6,3,-21,13,-21,11,-22,10,-22,10,-23,9,-23,8,-23,8,-22,8,-23,7,-23,7,-23,7,-22,6,-22,6,-22,6,-22,6,-22,6,-21,6,-21,7,-20,7,-20,8,-20,8,-20,8,-21,9,-21,9,-21,9,-21,10]"
CSI_DATA,35549,d8:b1:90:db:e8:90,-56,11,1,7,0,0,1,0,0,0,1,-95,0,8,0,556941419,0,100,0,128,1,"[100,-64,5,0,20,-2,20,-2,20,-2,20,-3,21,-3,20,-3,20,-4,20,-5,20,-6,20,-6,20,-6,20,-5,20,-5,20,-5,20,-5,20,-5,20,-5,20,-5,20,-4,20,-4,19,-3,18,-3,18,-3,19,-2,19,-1,4,-1,0,0,0,0,0,0,0,0,0,0,0,0,0,0,0,0,0,0,5,-1,22,-3,22,-2,22,-1,22,0,22,1,22,1,22,1,22,1,22,1,22,1,22,1,22,2,21,2,21,2,21,1,21,1,20,1,20,0,20,0,20,-1,20,-1,20,-1,20,-2,20,-2,21,-2,21,-2]"
CSI_DATA,35550,d8:b1:90:db:e8:90,-57,11,1,7,0,0,1,0,0,0,1,-95,0,8,0,556962628,0,100,0,128,1,"[100,-64,5,0,16,9,16,8,16,8,17,8,17,8,17,7,18,7,18,6,18,5,18,5,18,6,18,6,18,6,18,6,18,6,18,6,18,6,18,6,18,6,17,7,17,7,16,7,16,7,16,8,16,8,4,2,0,0,0,0,0,0,0,0,0,0,0,0,0,0,0,0,0,0,5,2,20,10,19,11,18,12,18,12,18,13,18,13,18,13,17,13,17,13,17,13,17,13,17,13,16,13,16,12,16,12,16,11,16,11,16,10,16,10,16,9,16,9,16,8,16,8,17,8,17,8,18,9]"
CSI_DATA,35551,d8:b1:90:db:e8:90,-55,11,1,7,0,0,1,0,0,0,1,-95,0,8,0,556978378,0,100,0,128,1,"[100,-64,5,0,0,-22,-1,-22,0,-21,0,-21,-1,-21,-2,-21,-2,-21,-1,-21,-1,-21,-1,-21,-2,-22,-3,-21,-3,-21,-3,-21,-2,-21,-2,-20,-2,-20,-2,-19,-2,-19,-2,-19,-2,-19,-2,-19,-2,-18,-1,-18,0,-18,0,-5,0,0,0,0,0,0,0,0,0,0,0,0,0,0,0,0,0,0,-1,-7,-1,-26,0,-26,2,-26,3,-26,4,-26,4,-26,4,-26,4,-25,4,-25,4,-25,4,-25,4,-25,4,-24,3,-23,3,-23,3,-23,2,-23,2,-22,1,-22,0,-21,-1,-21,-1,-22,-1,-22,-1,-22,-1,-22,-1,-22]"
CSI_DATA,35552,d8:b1:90:db:e8:90,-55,11,1,7,0,0,1,0,0,0,1,-95,0,8,0,556989436,0,100,0,128,1,"[100,-64,5,0,-18,11,-17,11,-17,11,-16,11,-16,11,-15,11,-15,12,-15,14,-15,15,-14,15,-14,15,-13,15,-13,16,-13,16,-13,16,-13,17,-12,17,-12,17,-12,16,-12,15,-12,15,-12,15,-12,15,-13,15,-13,14,-4,3,0,0,0,0,0,0,0,0,0,0,0,0,0,0,0,0,0,0,-6,4,-21,16,-21,15,-22,14,-22,14,-22,13,-21,13,-21,13,-21,12,-22,11,-24,10,-23,10,-22,9,-21,10,-20,9,-20,9,-19,9,-19,9,-19,10,-18,10,-18,10,-17,11,-17,11,-18,10,-18,9,-18,9,-18,10]"
CSI_DATA,35553,d8:b1:90:db:e8:90,-57,11,1,7,0,0,1,0,0,0,1,-95,0,8,0,557001286,0,100,0,128,1,"[100,-64,5,0,21,0,20,-1,20,-1,20,-1,20,-2,20,-2,20,-3,20,-4,20,-5,20,-5,20,-5,20,-5,21,-6,21,-6,21,-6,21,-5,21,-5,21,-4,21,-4,21,-4,21,-3,20,-3,20,-2,20,-2,20,-1,5,-1,0,0,0,0,0,0,0,0,0,0,0,0,0,0,0,0,0,0,6,-1,27,-1,26,1,26,2,26,3,25,4,25,4,25,4,25,4,24,5,24,5,24,5,23,5,23,5,22,5,21,4,21,3,20,3,20,3,20,2,20,2,20,1,20,1,20,0,20,0,20,0,20,-1]"
CSI_DATA,35554,d8:b1:90:db:e8:90,-55,11,1,7,0,0,1,0,0,0,1,-95,0,8,0,557011759,0,100,0,128,1,"[100,-64,5,0,-15,12,-15,11,-15,12,-14,12,-14,12,-13,13,-12,13,-14,15,-14,16,-13,15,-13,15,-13,16,-13,16,-14,16,-13,16,-14,15,-14,16,-14,15,-16,14,-16,14,-14,14,-14,13,-15,13,-15,13,-16,11,-5,2,0,0,0,0,0,0,0,0,0,0,0,0,0,0,0,0,0,0,-4,4,-16,19,-17,18,-18,17,-18,16,-19,15,-18,15,-18,14,-19,14,-18,14,-18,14,-19,14,-18,13,-17,12,-17,12,-16,11,-16,10,-16,11,-15,11,-16,11,-15,12,-14,11,-15,11,-14,12,-14,12,-14,12,-14,13]"
CSI_DATA,35555,d8:b1:90:db:e8:90,-57,11,1,7,0,0,1,0,0,0,1,-95,0,8,0,557026342,0,100,0,128,1,"[100,-64,5,0,-13,-16,-13,-16,-13,-16,-14,-16,-14,-16,-15,-15,-15,-15,-16,-14,-16,-14,-17,-14,-18,-14,-18,-14,-18,-13,-18,-13,-19,-13,-19,-14,-19,-14,-19,-14,-19,-13,-18,-13,-18,-13,-18,-13,-18,-13,-17,-14,-17,-14,-5,-4,0,0,0,0,0,0,0,0,0,0,0,0,0,0,0,0,0,0,-4,-6,-16,-21,-15,-22,-13,-22,-12,-23,-12,-24,-11,-23,-11,-23,-11,-22,-10,-22,-10,-22,-9,-22,-9,-22,-9,-21,-9,-21,-9,-20,-9,-19,-9,-19,-9,-19,-9,-18,-10,-17,-10,-17,-10,-17,-11,-16,-11,-16,-11,-16,-12,-16]"
CSI_DATA,35556,d8:b1:90:db:e8:90,-57,11,1,7,0,0,1,0,0,0,1,-95,0,8,0,557038502,0,100,0,128,1,"[100,-64,5,0,9,-17,8,-17,8,-18,8,-18,7,-19,7,-19,7,-19,6,-19,6,-20,6,-20,5,-21,4,-21,4,-22,5,-21,5,-22,5,-23,5,-23,5,-22,5,-22,5,-22,4,-21,4,-21,5,-21,6,-20,7,-20,1,-5,0,0,0,0,0,0,0,0,0,0,0,0,0,0,0,0,0,0,2,-6,12,-23,12,-22,13,-21,14,-20,15,-20,15,-20,14,-19,14,-19,15,-19,15,-18,15,-18,15,-17,14,-17,14,-16,14,-16,13,-15,13,-15,12,-15,11,-15,10,-15,10,-15,10,-15,10,-16,9,-16,9,-16,9,-17]"
CSI_DATA,35557,d8:b1:90:db:e8:90,-58,11,1,7,0,0,1,0,0,0,1,-95,0,8,0,557062090,0,100,0,128,1,"[100,-64,5,0,9,-14,9,-14,9,-15,9,-15,8,-16,8,-16,7,-16,7,-18,7,-19,7,-19,7,-19,7,-20,7,-20,7,-20,7,-21,7,-21,7,-21,7,-21,7,-21,7,-20,7,-20,7,-19,8,-19,9,-19,10,-19,2,-5,0,0,0,0,0,0,0,0,0,0,0,0,0,0,0,0,0,0,4,-5,17,-18,17,-18,18,-17,18,-17,18,-16,19,-16,18,-15,18,-15,18,-14,18,-14,17,-13,17,-13,16,-13,15,-12,14,-13,14,-13,13,-13,13,-13,12,-13,12,-13,11,-13,11,-13,10,-13,10,-13,10,-14,10,-14]"
CSI_DATA,35558,d8:b1:90:db:e8:90,-58,11,1,7,0,0,1,0,0,0,1,-95,0,8,0,557077918,0,100,0,128,1,"[100,-64,5,0,-7,-16,-7,-16,-7,-16,-8,-17,-8,-17,-8,-16,-9,-16,-9,-16,-9,-17,-10,-17,-10,-17,-11,-17,-11,-18,-11,-18,-11,-18,-11,-19,-11,-18,-11,-18,-10,-18,-11,-18,-11,-19,-11,-19,-10,-19,-9,-19,-8,-19,-2,-5,0,0,0,0,0,0,0,0,0,0,0,0,0,0,0,0,0,0,-2,-7,-7,-25,-6,-25,-5,-25,-4,-25,-3,-25,-2,-25,-2,-25,-3,-25,-2,-25,-2,-24,-2,-23,-2,-23,-2,-22,-3,-21,-3,-21,-3,-20,-3,-20,-4,-19,-4,-19,-5,-18,-5,-18,-6,-17,-6,-17,-6,-17,-7,-17,-7,-16]"
CSI_DATA,35559,d8:b1:90:db:e8:90,-57,11,1,7,0,0,1,0,0,0,1,-95,0,8,0,557097687,0,100,0,128,1,"[100,-64,5,0,10,-14,9,-14,9,-14,9,-15,9,-15,9,-16,9,-16,9,-17,9,-18,9,-18,9,-18,9,-19,9,-19,9,-20,10,-20,9,-20,10,-20,10,-20,10,-20,10,-20,10,-20,10,-19,11,-19,12,-18,13,-18,3,-5,0,0,0,0,0,0,0,0,0,0,0,0,0,0,0,0,0,0,4,-5,18,-19,19,-18,20,-17,20,-15,20,-14,20,-14,20,-15,20,-14,20,-14,20,-13,19,-13,19,-13,18,-12,18,-12,17,-12,17,-12,16,-12,15,-12,14,-13,13,-13,13,-13,12,-13,12,-13,11,-13,11,-14,11,-14]"
CSI_DATA,35560,d8:b1:90:db:e8:90,-57,11,1,7,0,0,1,0,0,0,1,-95,0,8,0,557108871,0,100,0,128,1,"[100,-64,5,0,14,-1,14,-1,15,-1,15,-2,15,-3,15,-3,16,-4,16,-4,16,-4,16,-5,16,-5,17,-6,17,-6,17,-7,18,-7,18,-7,18,-7,18,-7,18,-7,18,-7,17,-7,17,-6,18,-5,18,-5,19,-5,4,-2,0,0,0,0,0,0,0,0,0,0,0,0,0,0,0,0,0,0,5,-1,22,-3,22,-2,22,0,22,0,21,1,21,2,21,2,20,2,20,2,20,2,19,2,19,2,18,2,18,2,17,1,17,1,17,1,16,1,16,0,16,0,15,0,15,-1,15,-1,15,-1,15,-2,15,-2]"
CSI_DATA,35561,d8:b1:90:db:e8:90,-57,11,1,7,0,0,1,0,0,0,1,-95,0,8,0,557120463,0,100,0,128,1,"[100,-64,5,0,-15,12,-15,12,-14,13,-14,13,-13,14,-13,14,-13,15,-13,15,-13,16,-13,16,-12,16,-11,17,-11,17,-12,17,-12,17,-12,18,-12,18,-12,17,-12,17,-12,17,-12,16,-12,16,-13,16,-14,16,-14,15,-4,3,0,0,0,0,0,0,0,0,0,0,0,0,0,0,0,0,0,0,-5,4,-20,17,-21,16,-22,14,-22,13,-22,12,-23,12,-22,12,-22,11,-22,11,-22,11,-22,11,-21,10,-21,10,-20,10,-20,10,-19,10,-18,11,-18,11,-18,11,-17,11,-17,12,-16,12,-16,13,-15,13,-15,13,-15,14]"
CSI_DATA,35562,d8:b1:90:db:e8:90,-57,11,1,7,0,0,1,0,0,0,1,-95,0,8,0,557136446,0,100,0,128,1,"[100,-64,5,0,-18,-3,-18,-3,-18,-3,-18,-3,-18,-2,-18,-2,-18,-1,-18,0,-19,1,-18,1,-19,0,-20,1,-20,2,-20,2,-20,2,-20,3,-20,3,-20,3,-20,3,-20,2,-20,2,-19,1,-19,1,-20,1,-20,1,-5,0,0,0,0,0,0,0,0,0,0,0,0,0,0,0,0,0,0,0,-6,-1,-24,-3,-23,-4,-23,-6,-22,-6,-22,-7,-22,-8,-21,-8,-21,-9,-21,-9,-20,-9,-20,-10,-19,-10,-19,-10,-18,-10,-18,-9,-18,-8,-17,-7,-18,-7,-18,-7,-18,-7,-18,-6,-17,-6,-17,-6,-17,-5,-18,-5,-18,-4]"
CSI_DATA,35563,d8:b1:90:db:e8:90,-57,11,1,7,0,0,1,0,0,0,1,-95,0,8,0,557146477,0,100,0,128,1,"[100,-64,5,0,-12,-17,-12,-16,-11,-16,-12,-15,-12,-15,-12,-15,-13,-14,-13,-14,-14,-14,-14,-14,-15,-13,-15,-14,-16,-13,-16,-13,-16,-13,-16,-13,-16,-13,-16,-13,-15,-13,-15,-13,-15,-13,-15,-13,-15,-13,-14,-13,-14,-13,-4,-4,0,0,0,0,0,0,0,0,0,0,0,0,0,0,0,0,0,0,-4,-5,-14,-20,-13,-20,-11,-21,-11,-21,-10,-21,-9,-21,-8,-22,-8,-22,-8,-22,-7,-22,-6,-22,-6,-21,-6,-21,-6,-20,-6,-20,-7,-19,-7,-18,-7,-19,-7,-19,-8,-19,-8,-18,-9,-18,-9,-17,-9,-17,-10,-17,-10,-17]"
CSI_DATA,35564,d8:b1:90:db:e8:90,-56,11,1,7,0,0,1,0,0,0,1,-95,0,8,0,557177757,0,100,0,128,1,"[100,-64,5,0,7,-15,8,-16,8,-16,6,-17,5,-19,6,-21,5,-22,6,-22,9,-21,9,-20,8,-19,8,-20,9,-21,13,-20,14,-19,12,-18,11,-16,10,-15,6,-15,3,-14,2,-15,1,-15,0,-16,2,-19,3,-19,0,-5,0,0,0,0,0,0,0,0,0,0,0,0,0,0,0,0,0,0,4,-5,17,-18,18,-17,18,-16,19,-15,19,-14,18,-13,18,-12,17,-12,17,-13,17,-13,17,-13,17,-13,17,-13,17,-13,17,-13,17,-14,17,-14,16,-13,15,-13,14,-13,14,-13,13,-13,13,-13,12,-14,12,-14,11,-14]"
CSI_DATA,35565,d8:b1:90:db:e8:90,-57,11,1,7,0,0,1,0,0,0,1,-95,0,8,0,557189568,0,100,0,128,1,"[100,-64,5,0,-9,16,-8,16,-8,16,-7,17,-7,17,-6,17,-6,18,-6,18,-6,19,-5,19,-5,19,-4,19,-4,19,-4,19,-4,20,-4,20,-4,20,-4,20,-4,19,-4,19,-4,19,-5,19,-5,19,-6,19,-7,19,-2,4,0,0,0,0,0,0,0,0,0,0,0,0,0,0,0,0,0,0,-3,5,-12,20,-13,20,-14,19,-15,18,-15,18,-15,17,-14,17,-14,16,-15,16,-15,16,-15,16,-15,16,-14,15,-14,15,-14,15,-13,15,-13,15,-12,15,-11,15,-11,15,-10,15,-10,16,-10,16,-9,17,-9,17,-9,17]"
CSI_DATA,35566,d8:b1:90:db:e8:90,-56,11,1,7,0,0,1,0,0,0,1,-95,0,8,0,557203531,0,100,0,128,1,"[100,-64,5,0,-21,-2,-21,-2,-21,-2,-20,-1,-20,0,-20,0,-20,1,-20,2,-20,2,-20,2,-20,2,-20,3,-20,3,-21,3,-20,4,-20,4,-19,4,-19,4,-19,3,-19,3,-19,2,-19,2,-19,2,-19,2,-20,1,-5,0,0,0,0,0,0,0,0,0,0,0,0,0,0,0,0,0,0,0,-7,0,-25,0,-25,-1,-24,-2,-24,-3,-24,-3,-24,-4,-24,-4,-24,-5,-24,-5,-24,-5,-23,-5,-23,-5,-23,-5,-23,-5,-22,-5,-22,-4,-22,-4,-22,-4,-22,-3,-22,-3,-22,-2,-22,-2,-22,-1,-22,-1,-22,-1,-22,-1]"
CSI_DATA,35567,d8:b1:90:db:e8:90,-55,11,1,7,0,0,1,0,0,0,1,-95,0,8,0,557215291,0,100,0,128,1,"[100,-64,5,0,-19,-11,-19,-11,-19,-11,-19,-10,-19,-9,-19,-9,-20,-8,-20,-7,-20,-7,-20,-7,-20,-7,-20,-7,-21,-6,-21,-6,-21,-6,-21,-6,-21,-5,-21,-5,-20,-5,-20,-6,-20,-6,-19,-7,-19,-8,-19,-8,-19,-8,-5,-3,0,0,0,0,0,0,0,0,0,0,0,0,0,0,0,0,0,0,-6,-3,-24,-10,-23,-11,-23,-12,-22,-13,-22,-13,-22,-14,-21,-14,-21,-14,-21,-14,-20,-15,-20,-15,-20,-15,-20,-15,-19,-14,-19,-14,-19,-13,-19,-12,-19,-12,-19,-12,-20,-11,-20,-11,-20,-11,-20,-11,-20,-11,-20,-11,-20,-11]"
CSI_DATA,35568,d8:b1:90:db:e8:90,-56,11,1,7,0,0,1,0,0,0,1,-95,0,8,0,557228575,0,100,0,128,1,"[100,-64,5,0,17,-12,16,-12,16,-12,15,-13,15,-13,15,-13,15,-13,15,-14,15,-14,15,-14,14,-15,14,-15,14,-15,14,-15,14,-15,14,-15,14,-15,15,-15,14,-15,14,-15,14,-14,14,-14,14,-13,14,-13,15,-12,3,-3,0,0,0,0,0,0,0,0,0,0,0,0,0,0,0,0,0,0,4,-4,19,-15,19,-14,19,-13,19,-12,20,-12,21,-11,22,-10,22,-10,22,-10,22,-9,21,-9,21,-9,20,-9,20,-9,20,-9,20,-9,19,-10,19,-10,18,-10,18,-10,17,-10,17,-11,17,-11,17,-11,17,-11,17,-12]"
CSI_DATA,35569,d8:b1:90:db:e8:90,-54,11,1,7,0,0,1,0,0,0,1,-95,0,8,0,557239216,0,100,0,128,1,"[100,-64,5,0,16,-17,15,-16,15,-16,14,-16,14,-16,14,-16,13,-17,14,-17,14,-17,14,-17,13,-17,13,-17,12,-17,13,-18,13,-18,13,-18,13,-18,14,-18,13,-17,13,-17,12,-16,12,-15,13,-15,14,-15,15,-14,3,-4,0,0,0,0,0,0,0,0,0,0,0,0,0,0,0,0,0,0,4,-5,18,-16,20,-15,21,-14,22,-13,22,-12,22,-12,22,-13,22,-13,22,-12,23,-12,23,-13,23,-12,22,-12,22,-12,21,-12,20,-12,20,-12,20,-13,19,-14,19,-14,18,-14,18,-14,17,-15,17,-15,17,-15,17,-16]"
CSI_DATA,35570,d8:b1:90:db:e8:90,-54,11,1,7,0,0,1,0,0,0,1,-95,0,8,0,557271793,0,100,0,128,1,"[100,-64,5,0,15,11,15,11,15,10,15,10,15,10,15,10,15,10,15,10,15,10,15,10,16,10,16,10,16,9,16,9,16,9,16,9,16,9,16,9,15,10,15,9,15,10,15,10,14,10,14,11,14,11,3,3,0,0,0,0,0,0,0,0,0,0,0,0,0,0,0,0,0,0,4,3,17,14,17,14,17,15,16,15,15,16,14,16,14,16,14,17,14,17,13,17,14,17,15,17,14,17,14,16,14,15,13,15,13,15,13,14,14,14,14,14,14,14,14,13,14,12,15,12,15,12,15,11]"
CSI_DATA,35571,d8:b1:90:db:e8:90,-56,11,1,7,0,0,1,0,0,0,1,-95,0,8,0,557282140,0,100,0,128,1,"[100,-64,5,0,21,1,20,0,20,0,20,-1,20,-1,20,-2,20,-2,20,-3,19,-4,19,-4,19,-4,20,-5,20,-5,20,-6,20,-6,20,-5,20,-6,20,-5,20,-5,20,-5,19,-4,19,-3,19,-3,19,-3,20,-2,5,-1,0,0,0,0,0,0,0,0,0,0,0,0,0,0,0,0,0,0,6,0,24,3,23,5,22,6,22,6,22,7,23,7,23,8,23,8,23,8,22,9,22,9,22,9,21,9,21,9,21,9,20,9,20,8,20,8,20,6,20,6,20,5,20,5,20,5,20,5,20,4,20,3]"
CSI_DATA,35572,d8:b1:90:db:e8:90,-54,11,1,7,0,0,1,0,0,0,1,-95,0,8,0,557296408,0,100,0,128,1,"[100,-64,5,0,-18,-10,-17,-10,-17,-9,-18,-8,-18,-8,-18,-7,-18,-7,-18,-6,-18,-6,-18,-5,-19,-5,-19,-5,-19,-5,-19,-5,-19,-5,-19,-5,-18,-5,-18,-5,-17,-5,-17,-5,-17,-6,-17,-7,-17,-7,-17,-7,-17,-8,-4,-2,0,0,0,0,0,0,0,0,0,0,0,0,0,0,0,0,0,0,-5,-3,-20,-13,-19,-15,-17,-16,-17,-16,-17,-16,-16,-17,-16,-18,-17,-19,-17,-19,-16,-19,-16,-19,-16,-18,-16,-18,-16,-18,-15,-17,-15,-16,-15,-15,-16,-15,-16,-15,-17,-15,-17,-14,-17,-14,-17,-13,-17,-13,-17,-13,-17,-12]"
CSI_DATA,35573,d8:b1:90:db:e8:90,-56,11,1,7,0,0,1,0,0,0,1,-95,0,8,0,557311188,0,100,0,128,1,"[100,-64,5,0,-20,5,-20,5,-19,6,-18,6,-18,6,-18,7,-17,7,-18,8,-18,8,-18,8,-17,8,-17,9,-17,9,-17,9,-17,9,-17,10,-17,10,-17,9,-17,9,-17,9,-17,8,-17,8,-17,8,-18,7,-18,7,-5,1,0,0,0,0,0,0,0,0,0,0,0,0,0,0,0,0,0,0,-6,1,-23,7,-23,6,-24,5,-24,4,-24,3,-25,3,-25,3,-25,3,-25,2,-25,2,-24,1,-24,1,-23,1,-23,1,-23,1,-23,1,-22,2,-22,2,-22,2,-22,3,-21,3,-21,3,-20,4,-20,5,-20,5,-21,5]"
CSI_DATA,35574,d8:b1:90:db:e8:90,-56,11,1,7,0,0,1,0,0,0,1,-95,0,8,0,557321510,0,100,0,128,1,"[100,-64,5,0,-18,-15,-17,-14,-17,-13,-17,-12,-17,-12,-17,-11,-17,-11,-18,-11,-18,-10,-18,-10,-18,-10,-18,-10,-18,-10,-18,-9,-18,-10,-18,-10,-18,-10,-17,-10,-17,-10,-17,-10,-17,-11,-17,-11,-17,-11,-16,-11,-15,-12,-4,-3,0,0,0,0,0,0,0,0,0,0,0,0,0,0,0,0,0,0,-6,-4,-21,-16,-20,-16,-19,-17,-19,-18,-18,-19,-18,-19,-18,-20,-18,-20,-17,-21,-17,-21,-16,-21,-16,-20,-16,-20,-16,-20,-15,-20,-15,-19,-15,-18,-16,-18,-15,-18,-15,-18,-16,-17,-16,-17,-17,-16,-17,-15,-17,-15,-17,-14]"
CSI_DATA,35575,d8:b1:90:db:e8:90,-55,11,1,7,0,0,1,0,0,0,1,-95,0,8,0,557332311,0,100,0,128,1,"[100,-64,5,0,17,12,16,11,16,10,16,9,17,9,17,8,17,8,18,7,18,7,17,8,17,8,18,7,18,7,18,6,18,6,19,6,19,6,18,6,18,5,18,6,18,6,17,7,17,7,17,8,17,8,4,2,0,0,0,0,0,0,0,0,0,0,0,0,0,0,0,0,0,0,5,3,20,14,20,14,19,16,19,17,18,17,18,17,18,18,18,18,18,19,17,19,16,18,16,18,16,18,15,18,15,17,15,16,15,16,15,16,15,15,16,15,16,14,16,13,16,13,17,13,17,12,17,12]"
CSI_DATA,35576,d8:b1:90:db:e8:90,-56,11,1,7,0,0,1,0,0,0,1,-95,0,8,0,557366908,0,100,0,128,1,"[100,-64,5,0,-7,18,-7,17,-7,17,-6,17,-6,17,-5,17,-5,16,-5,17,-4,17,-4,17,-4,17,-3,17,-3,17,-4,17,-4,17,-4,18,-4,18,-4,18,-5,18,-5,18,-5,18,-5,18,-5,17,-7,17,-7,17,-2,4,0,0,0,0,0,0,0,0,0,0,0,0,0,0,0,0,0,0,-3,5,-12,22,-13,21,-14,20,-14,19,-14,19,-15,19,-15,19,-15,19,-16,19,-16,18,-16,18,-15,17,-15,17,-15,17,-14,17,-14,17,-13,17,-13,17,-12,17,-11,17,-11,17,-10,17,-10,17,-9,17,-9,17,-8,17]"
CSI_DATA,35577,d8:b1:90:db:e8:90,-55,11,1,7,0,0,1,0,0,0,1,-95,0,8,0,557386997,0,100,0,128,1,"[100,-64,5,0,-19,5,-19,5,-19,5,-18,4,-18,4,-17,5,-17,6,-16,7,-16,8,-16,8,-16,9,-16,9,-16,10,-15,11,-15,12,-15,11,-15,12,-14,12,-14,12,-14,12,-13,12,-13,12,-13,12,-14,12,-14,12,-4,2,0,0,0,0,0,0,0,0,0,0,0,0,0,0,0,0,0,0,-6,2,-25,10,-25,10,-25,10,-25,10,-25,9,-23,3,-22,-7,-22,-13,-21,-13,-21,-14,-21,-14,-21,-14,-22,-13,-22,-12,-22,-10,-22,-9,-22,-9,-21,-8,-21,-6,-21,-5,-20,-4,-20,-3,-21,-1,-21,0,-20,1,-20,2]"
CSI_DATA,35578,d8:b1:90:db:e8:90,-57,11,1,5,0,0,1,0,1,0,0,-95,0,8,0,557400640,0,100,0,128,1,"[100,-64,5,0,-4,8,-1,10,1,11,3,13,5,14,5,15,6,15,5,16,5,15,5,13,4,12,3,9,0,7,-2,3,-3,1,-5,-2,-6,-5,-7,-7,-8,-9,-9,-10,-9,-11,-10,-11,-10,-10,-11,-9,-11,-8,-3,-2,0,0,0,0,0,0,0,0,0,0,0,0,0,0,0,0,0,0,-6,-3,-22,-11,-21,-11,-18,-11,-17,-10,-15,-8,-14,-4,-14,1,-14,5,-15,9,-16,14,-18,18,-20,20,-22,22,-24,23,-25,23,-27,23,-27,21,-27,20,-27,18,-26,16,-25,14,-24,12,-22,10,-19,9,-16,7,-14,7]"
CSI_DATA,35579,d8:b1:90:db:e8:90,-57,11,1,7,0,0,1,0,0,0,1,-95,0,8,0,557413125,0,100,0,128,1,"[100,-64,5,0,5,-19,5,-19,5,-19,4,-18,4,-18,3,-18,3,-18,2,-19,2,-19,1,-19,0,-20,0,-20,0,-20,0,-20,0,-20,0,-21,0,-21,0,-21,0,-20,0,-21,0,-21,0,-21,0,-20,2,-20,3,-20,0,-5,0,0,0,0,0,0,0,0,0,0,0,0,0,0,0,0,0,0,2,-7,8,-27,10,-26,11,-25,11,-24,11,-24,12,-24,12,-24,12,-24,13,-24,13,-23,13,-23,12,-23,12,-23,11,-22,11,-22,10,-22,10,-22,9,-21,8,-21,7,-20,7,-20,6,-20,6,-20,6,-19,6,-19,6,-20]"
CSI_DATA,35580,d8:b1:90:db:e8:90,-57,11,1,7,0,0,1,0,0,0,1,-95,0,8,0,557425449,0,100,0,128,1,"[100,-64,5,0,-18,7,-17,7,-17,8,-17,8,-17,8,-16,8,-16,9,-15,10,-15,10,-15,10,-15,10,-15,11,-15,11,-15,12,-15,12,-15,12,-15,12,-16,12,-16,12,-16,12,-15,12,-15,11,-16,11,-16,10,-17,10,-5,2,0,0,0,0,0,0,0,0,0,0,0,0,0,0,0,0,0,0,-7,1,-28,6,-28,5,-28,3,-28,3,-28,2,-28,2,-28,1,-27,1,-27,1,-27,0,-27,-1,-27,-1,-26,-1,-25,-1,-25,-1,-24,0,-23,1,-23,1,-22,2,-21,2,-21,3,-20,4,-20,4,-20,4,-19,5,-19,5]"
CSI_DATA,35581,d8:b1:90:db:e8:90,-57,11,1,7,0,0,1,0,0,0,1,-95,0,8,0,557436011,0,100,0,128,1,"[100,-64,5,0,0,17,0,17,0,17,1,17,2,17,2,17,3,16,3,16,3,16,4,16,4,17,5,17,5,17,5,17,5,17,5,18,5,18,5,17,5,17,5,18,5,18,5,18,5,18,4,18,3,18,0,4,0,0,0,0,0,0,0,0,0,0,0,0,0,0,0,0,0,0,-1,6,-4,26,-6,26,-7,26,-8,25,-8,25,-9,25,-9,25,-9,24,-9,24,-10,24,-11,24,-11,23,-10,23,-10,22,-9,21,-9,20,-8,20,-7,20,-6,19,-5,19,-4,19,-4,19,-3,19,-3,18,-2,18,-2,18]"
CSI_DATA,35582,d8:b1:90:db:e8:90,-57,11,1,7,0,0,1,0,0,0,1,-95,0,8,0,557446538,0,100,0,128,1,"[100,-64,5,0,14,10,14,10,14,9,14,8,14,8,14,8,14,7,15,7,15,6,15,6,16,6,16,6,16,6,16,6,17,6,17,6,17,6,17,6,16,6,16,7,16,8,15,8,15,8,15,8,15,9,3,2,0,0,0,0,0,0,0,0,0,0,0,0,0,0,0,0,0,0,5,4,21,17,19,18,17,19,16,20,15,20,16,20,16,20,16,20,16,20,15,20,15,20,15,19,15,19,15,18,14,18,14,17,14,16,14,15,14,15,14,14,14,13,14,12,14,12,14,11,15,11,15,10]"
CSI_DATA,35583,d8:b1:90:db:e8:90,-57,11,1,7,0,0,1,0,0,0,1,-95,0,8,0,557475620,0,100,0,128,1,"[100,-64,5,0,-12,14,-12,14,-11,14,-10,14,-10,14,-9,14,-9,14,-9,15,-9,16,-9,16,-8,16,-8,17,-8,17,-9,18,-9,18,-9,18,-9,19,-10,18,-10,18,-10,18,-9,17,-9,17,-10,17,-11,17,-12,17,-3,4,0,0,0,0,0,0,0,0,0,0,0,0,0,0,0,0,0,0,-6,5,-24,20,-24,20,-24,20,-26,19,-27,17,-26,16,-25,18,-25,18,-25,17,-24,15,-24,16,-23,16,-22,15,-22,15,-21,15,-20,15,-18,15,-18,15,-17,15,-16,14,-15,14,-14,14,-14,14,-13,14,-13,14,-13,15]"
CSI_DATA,35584,d8:b1:90:db:e8:90,-58,11,1,7,0,0,1,0,0,0,1,-95,0,8,0,557488881,0,100,0,128,1,"[100,-64,5,0,19,0,18,0,18,-1,18,-2,18,-3,18,-4,18,-5,18,-5,19,-6,19,-6,19,-6,19,-8,19,-9,20,-9,20,-9,20,-9,20,-10,20,-10,20,-9,20,-9,21,-9,20,-8,21,-7,21,-7,22,-6,5,-2,0,0,0,0,0,0,0,0,0,0,0,0,0,0,0,0,0,0,7,0,30,3,31,4,30,6,30,6,29,7,29,7,30,7,30,6,30,7,29,7,28,6,27,7,26,8,24,8,24,7,24,5,24,5,23,5,22,4,22,3,22,3,21,2,21,1,21,1,20,1,20,1]"
CSI_DATA,35585,d8:b1:90:db:e8:90,-57,11,1,7,0,0,1,0,0,0,1,-95,0,8,0,557501842,0,100,0,128,1,"[100,-64,5,0,-6,14,-5,14,-5,13,-5,13,-4,13,-4,13,-4,13,-4,14,-3,14,-3,14,-3,14,-2,15,-2,15,-3,15,-3,15,-3,15,-3,15,-4,15,-4,14,-4,15,-4,15,-4,14,-5,14,-5,14,-6,14,-2,3,0,0,0,0,0,0,0,0,0,0,0,0,0,0,0,0,0,0,-4,5,-14,20,-15,21,-16,20,-17,19,-17,18,-17,19,-17,18,-18,17,-18,16,-18,15,-17,16,-17,16,-17,16,-16,15,-15,14,-14,14,-14,15,-13,15,-12,15,-12,15,-11,15,-10,15,-9,14,-8,14,-8,14,-7,14]"
CSI_DATA,35586,d8:b1:90:db:e8:90,-58,11,1,7,0,0,1,0,0,0,1,-95,0,8,0,557517081,0,100,0,128,1,"[100,-64,5,0,6,-15,6,-15,6,-14,5,-14,5,-14,4,-14,4,-15,4,-15,4,-16,4,-16,3,-16,3,-17,3,-17,3,-17,3,-17,3,-17,4,-17,4,-17,4,-17,5,-17,4,-17,4,-17,5,-17,6,-17,6,-17,1,-4,0,0,0,0,0,0,0,0,0,0,0,0,0,0,0,0,0,0,4,-6,17,-22,17,-21,18,-20,19,-19,19,-19,20,-18,20,-18,20,-18,20,-17,20,-17,20,-16,19,-16,18,-16,18,-15,16,-15,15,-15,15,-15,14,-15,13,-16,12,-15,12,-15,11,-15,10,-15,9,-15,9,-15,8,-15]"
CSI_DATA,35587,d8:b1:90:db:e8:90,-57,11,1,7,0,0,1,0,0,0,1,-95,0,8,0,557538638,0,100,0,128,1,"[100,-64,5,0,-17,3,-17,3,-16,3,-16,3,-16,3,-15,4,-15,4,-15,5,-15,6,-15,6,-15,6,-16,6,-16,7,-16,8,-17,8,-17,8,-17,8,-17,8,-17,7,-17,7,-17,6,-17,6,-17,6,-18,6,-19,6,-5,1,0,0,0,0,0,0,0,0,0,0,0,0,0,0,0,0,0,0,-7,-1,-28,-1,-29,-3,-29,-4,-28,-5,-28,-5,-28,-6,-28,-6,-28,-7,-28,-7,-27,-8,-26,-8,-26,-7,-25,-7,-25,-6,-24,-5,-23,-3,-23,-3,-22,-2,-21,-2,-21,-1,-20,-1,-20,0,-20,0,-20,1,-19,1,-18,2]"
CSI_DATA,35588,d8:b1:90:db:e8:90,-57,11,1,7,0,0,1,0,0,0,1,-95,0,8,0,557556881,0,100,0,128,1,"[100,-64,5,0,-1,14,0,13,0,13,0,13,0,13,1,13,1,13,1,13,1,14,2,14,3,14,3,14,3,15,3,15,3,15,3,16,3,16,2,16,2,16,2,16,2,16,2,16,2,16,1,16,1,17,0,4,0,0,0,0,0,0,0,0,0,0,0,0,0,0,0,0,0,0,-2,6,-5,24,-6,24,-7,24,-8,23,-8,23,-8,23,-9,23,-10,22,-10,22,-10,22,-10,22,-9,21,-9,21,-8,20,-7,19,-6,19,-6,18,-5,18,-4,17,-3,17,-3,16,-2,16,-2,16,-2,16,-1,16,-1,15]"
CSI_DATA,35589,d8:b1:90:db:e8:90,-57,11,1,7,0,0,1,0,0,0,1,-95,0,8,0,557581886,0,100,0,128,1,"[100,-64,5,0,-16,2,-16,2,-15,3,-16,3,-16,3,-15,3,-15,4,-15,6,-15,7,-15,7,-15,7,-15,8,-15,8,-15,8,-16,8,-16,9,-17,10,-17,10,-18,9,-18,9,-18,9,-18,9,-18,8,-19,8,-19,8,-5,1,0,0,0,0,0,0,0,0,0,0,0,0,0,0,0,0,0,0,-8,0,-30,2,-30,0,-30,-2,-30,-3,-30,-3,-30,-4,-30,-3,-29,-3,-29,-3,-29,-4,-28,-4,-28,-4,-27,-3,-27,-3,-26,-3,-25,-3,-24,-2,-23,-1,-22,-1,-21,0,-21,1,-20,1,-20,1,-19,1,-19,1,-18,2]"
CSI_DATA,35590,d8:b1:90:db:e8:90,-57,11,1,7,0,0,1,0,0,0,1,-95,0,8,0,557593823,0,100,0,128,1,"[100,-64,5,0,-15,7,-14,7,-13,7,-13,8,-12,8,-11,8,-11,9,-11,10,-11,11,-11,11,-10,11,-10,12,-11,13,-11,13,-12,14,-12,14,-13,14,-13,14,-13,14,-13,14,-13,14,-13,14,-13,14,-14,14,-15,14,-4,3,0,0,0,0,0,0,0,0,0,0,0,0,0,0,0,0,0,0,-8,2,-29,8,-29,6,-30,4,-30,3,-30,3,-30,2,-29,2,-29,2,-29,2,-29,2,-28,2,-27,2,-26,2,-26,2,-26,2,-25,2,-24,3,-23,3,-21,4,-20,5,-19,5,-19,5,-18,6,-17,6,-17,6,-16,7]"
CSI_DATA,35591,d8:b1:90:db:e8:90,-57,11,1,7,0,0,1,0,0,0,1,-95,0,8,0,557606484,0,100,0,128,1,"[100,-64,5,0,-15,8,-14,8,-13,8,-13,8,-12,8,-11,8,-11,9,-11,10,-10,11,-10,11,-10,11,-10,12,-10,13,-11,13,-11,14,-11,14,-12,14,-12,14,-12,14,-12,14,-12,13,-12,13,-13,13,-14,13,-15,13,-4,3,0,0,0,0,0,0,0,0,0,0,0,0,0,0,0,0,0,0,-8,3,-29,12,-29,11,-29,10,-30,9,-30,8,-30,7,-30,7,-30,6,-30,6,-30,6,-29,6,-28,5,-27,5,-27,5,-26,6,-25,6,-24,6,-23,7,-22,7,-21,7,-20,8,-19,8,-18,8,-18,9,-17,9,-16,9]"
CSI_DATA,35592,d8:b1:90:db:e8:90,-57,11,1,7,0,0,1,0,0,0,1,-95,0,8,0,557621319,0,100,0,128,1,"[100,-64,5,0,-8,-16,-8,-15,-8,-14,-8,-13,-9,-13,-9,-12,-9,-12,-10,-12,-11,-11,-11,-11,-12,-11,-13,-12,-13,-12,-13,-12,-13,-12,-14,-13,-14,-13,-13,-13,-13,-13,-13,-13,-14,-14,-14,-15,-13,-15,-12,-16,-12,-16,-3,-4,0,0,0,0,0,0,0,0,0,0,0,0,0,0,0,0,0,0,-3,-8,-8,-31,-7,-31,-6,-31,-5,-31,-4,-32,-3,-32,-3,-32,-2,-32,-2,-32,-2,-31,-1,-30,-2,-29,-2,-29,-2,-28,-3,-27,-3,-26,-4,-25,-4,-24,-5,-23,-6,-22,-6,-21,-7,-20,-7,-19,-7,-19,-8,-18,-8,-17]"
CSI_DATA,35593,d8:b1:90:db:e8:90,-57,11,1,7,0,0,1,0,0,0,1,-95,0,8,0,557637345,0,100,0,128,1,"[100,-64,5,0,15,2,15,1,14,1,14,1,13,0,13,0,13,-1,13,-2,13,-2,12,-3,13,-3,13,-3,13,-3,14,-4,14,-4,14,-4,15,-4,15,-4,15,-3,15,-3,15,-2,15,-2,15,-2,16,-1,16,-1,4,0,0,0,0,0,0,0,0,0,0,0,0,0,0,0,0,0,0,0,6,2,27,9,26,10,26,11,25,12,25,13,25,14,24,14,24,14,24,14,23,14,23,14,23,13,22,13,22,13,22,12,21,11,21,10,20,9,20,8,19,7,19,6,18,6,18,5,17,5,17,4,17,4]"
CSI_DATA,35594,d8:b1:90:db:e8:90,-56,11,1,7,0,0,1,0,0,0,1,-95,0,8,0,557656662,0,100,0,128,1,"[100,-64,5,0,-19,-8,-18,-9,-15,-11,-13,-9,-13,-6,-13,-4,-14,-3,-14,-2,-14,-1,-14,-1,-14,-1,-15,-1,-16,-1,-16,0,-16,0,-16,0,-17,0,-17,0,-17,0,-17,-1,-17,-1,-17,-2,-17,-2,-17,-2,-17,-2,-5,-1,0,0,0,0,0,0,0,0,0,0,0,0,0,0,0,0,0,0,-7,-3,-28,-12,-27,-14,-26,-15,-25,-16,-25,-17,-25,-17,-25,-17,-24,-17,-24,-17,-24,-18,-23,-18,-23,-17,-22,-17,-22,-17,-22,-17,-21,-16,-21,-15,-20,-14,-20,-13,-20,-12,-19,-11,-19,-10,-19,-9,-18,-9,-17,-8,-17,-8]"
CSI_DATA,35595,d8:b1:90:db:e8:90,-56,11,1,7,0,0,1,0,0,0,1,-95,0,8,0,557678849,0,100,0,128,1,"[100,-64,5,0,-6,-17,-6,-16,-6,-15,-7,-15,-8,-14,-8,-14,-8,-13,-8,-13,-9,-12,-9,-12,-10,-13,-11,-13,-11,-13,-11,-12,-11,-13,-11,-13,-11,-13,-11,-13,-11,-13,-11,-13,-11,-14,-11,-14,-11,-14,-10,-14,-9,-14,-3,-4,0,0,0,0,0,0,0,0,0,0,0,0,0,0,0,0,0,0,-2,-7,-6,-28,-5,-28,-3,-28,-2,-29,-1,-28,0,-29,0,-29,0,-29,0,-29,0,-28,0,-28,0,-28,0,-27,0,-27,0,-27,0,-26,0,-25,-1,-24,-2,-24,-3,-23,-3,-22,-4,-21,-5,-20,-5,-20,-5,-20,-5,-20]"
CSI_DATA,35596,d8:b1:90:db:e8:90,-56,11,1,7,0,0,1,0,0,0,1,-95,0,8,0,557692408,0,100,0,128,1,"[100,-64,5,0,-15,-9,-15,-9,-15,-8,-15,-7,-15,-7,-14,-7,-14,-6,-15,-4,-15,-3,-15,-4,-15,-4,-16,-4,-17,-3,-17,-3,-17,-3,-17,-3,-16,-4,-16,-4,-16,-4,-16,-4,-16,-4,-16,-5,-16,-4,-16,-3,-16,-3,-4,-1,0,0,0,0,0,0,0,0,0,0,0,0,0,0,0,0,0,0,-7,-4,-25,-14,-24,-15,-23,-17,-23,-18,-22,-18,-22,-19,-21,-19,-21,-19,-20,-19,-20,-20,-20,-20,-19,-20,-19,-20,-19,-19,-19,-18,-18,-18,-18,-17,-18,-16,-17,-15,-17,-14,-17,-14,-17,-13,-17,-12,-17,-11,-16,-11,-16,-10]"
CSI_DATA,35597,d8:b1:90:db:e8:90,-56,11,1,7,0,0,1,0,0,0,1,-95,0,8,0,557703614,0,100,0,128,1,"[100,-64,5,0,-9,17,-8,17,-8,16,-7,16,-7,15,-7,15,-6,15,-6,15,-6,15,-5,15,-4,15,-3,16,-3,17,-4,17,-4,17,-4,17,-4,17,-5,17,-5,17,-4,17,-4,17,-4,16,-4,16,-5,17,-5,17,-2,4,0,0,0,0,0,0,0,0,0,0,0,0,0,0,0,0,0,0,-4,6,-15,23,-16,23,-18,22,-19,21,-19,20,-20,20,-21,20,-21,20,-21,19,-21,19,-21,19,-21,19,-20,19,-20,19,-19,18,-18,18,-17,18,-17,18,-16,17,-14,17,-14,17,-13,18,-13,18,-12,18,-11,18,-11,18]"
CSI_DATA,35598,d8:b1:90:db:e8:90,-55,11,1,7,0,0,1,0,0,0,1,-95,0,8,0,557714383,0,100,0,128,1,"[100,-64,5,0,13,-14,12,-14,12,-13,12,-13,12,-13,11,-13,10,-13,10,-13,10,-14,9,-14,8,-15,8,-16,8,-16,9,-16,9,-17,9,-17,9,-18,9,-17,9,-17,9,-17,8,-17,8,-17,8,-17,9,-17,9,-17,2,-5,0,0,0,0,0,0,0,0,0,0,0,0,0,0,0,0,0,0,5,-5,21,-18,22,-17,23,-16,24,-14,24,-14,25,-13,25,-13,25,-12,25,-12,25,-12,25,-12,25,-12,24,-12,24,-12,22,-12,22,-12,21,-12,20,-13,19,-12,18,-12,18,-12,17,-13,17,-13,16,-13,16,-14,15,-14]"
CSI_DATA,35599,d8:b1:90:db:e8:90,-56,11,1,7,0,0,1,0,0,0,1,-95,0,8,0,557725044,0,100,0,128,1,"[100,-64,5,0,-16,8,-16,8,-15,8,-15,9,-14,9,-14,9,-13,10,-12,11,-11,12,-11,11,-10,11,-10,12,-11,13,-11,13,-11,13,-11,13,-11,13,-11,13,-11,13,-11,13,-11,13,-11,12,-12,12,-13,12,-13,12,-4,3,0,0,0,0,0,0,0,0,0,0,0,0,0,0,0,0,0,0,-7,2,-25,11,-25,9,-25,8,-26,7,-26,6,-26,6,-26,6,-26,6,-26,5,-27,5,-27,4,-26,4,-26,4,-25,4,-25,4,-24,4,-24,4,-23,5,-23,6,-22,6,-21,7,-21,7,-20,7,-20,7,-19,7,-18,8]"
CSI_DATA,35600,d8:b1:90:db:e8:90,-55,11,1,7,0,0,1,0,0,0,1,-95,0,8,0,557736553,0,100,0,128,1,"[100,-64,5,0,-20,-3,-20,-3,-19,-3,-19,-3,-19,-2,-18,-2,-18,-1,-18,-1,-18,0,-17,0,-18,1,-18,1,-19,2,-19,3,-19,3,-19,3,-19,4,-19,3,-19,3,-19,3,-19,2,-18,2,-19,1,-20,1,-20,0,-5,0,0,0,0,0,0,0,0,0,0,0,0,0,0,0,0,0,0,0,-8,-2,-29,-5,-28,-7,-28,-8,-27,-9,-27,-10,-27,-10,-28,-11,-27,-11,-27,-11,-27,-12,-27,-11,-26,-11,-26,-11,-26,-11,-25,-11,-25,-10,-25,-9,-24,-9,-24,-7,-23,-6,-23,-6,-23,-6,-23,-6,-23,-6,-22,-5,-22,-5]"
CSI_DATA,35601,d8:b1:90:db:e8:90,-55,11,1,7,0,0,1,0,0,0,1,-95,0,8,0,557756743,0,100,0,128,1,"[100,-64,5,0,-4,19,-3,19,-3,18,-2,18,-1,18,-1,17,-1,17,-1,17,-1,16,0,17,1,17,2,18,3,18,3,18,3,18,4,18,4,18,3,18,3,18,3,18,3,18,3,18,3,18,2,18,1,19,0,4,0,0,0,0,0,0,0,0,0,0,0,0,0,0,0,0,0,0,-2,7,-6,28,-7,27,-9,27,-9,26,-10,26,-11,26,-11,26,-11,26,-12,26,-12,26,-12,25,-12,25,-11,25,-11,24,-11,24,-11,24,-10,23,-9,23,-8,23,-6,22,-6,22,-6,22,-6,22,-6,22,-6,21,-5,21]"
CSI_DATA,35602,d8:b1:90:db:e8:90,-56,11,1,7,0,0,1,0,0,0,1,-95,0,8,0,557781134,0,100,0,128,1,"[100,-64,5,0,-19,7,-18,7,-17,7,-16,8,-16,8,-15,8,-15,9,-15,9,-14,10,-14,10,-14,10,-13,10,-14,11,-14,11,-14,12,-14,12,-14,12,-14,11,-14,11,-14,11,-14,11,-14,11,-14,10,-15,10,-16,10,-4,2,0,0,0,0,0,0,0,0,0,0,0,0,0,0,0,0,0,0,-7,2,-25,9,-25,8,-26,7,-26,5,-26,5,-27,4,-27,4,-27,4,-27,3,-27,3,-27,3,-27,3,-27,3,-26,3,-26,2,-26,3,-25,3,-24,4,-23,4,-22,4,-22,5,-22,5,-21,6,-21,6,-20,6,-20,6]"
CSI_DATA,35603,d8:b1:90:db:e8:90,-55,11,1,7,0,0,1,0,0,0,1,-95,0,8,0,557795582,0,100,0,128,1,"[100,-64,5,0,17,-6,17,-6,16,-6,16,-7,15,-8,15,-8,14,-8,14,-9,14,-10,14,-10,13,-10,13,-11,13,-12,14,-12,14,-12,13,-13,14,-13,14,-13,14,-13,14,-13,13,-13,13,-12,14,-12,15,-12,15,-11,3,-3,0,0,0,0,0,0,0,0,0,0,0,0,0,0,0,0,0,0,6,-3,24,-9,24,-8,24,-7,25,-5,26,-5,26,-4,27,-5,27,-4,26,-3,26,-2,26,-3,24,-3,24,-3,24,-3,25,-3,24,-3,23,-3,23,-4,22,-3,22,-3,21,-3,21,-4,20,-6,20,-6,20,-6,19,-5]"
CSI_DATA,35604,d8:b1:90:db:e8:90,-56,11,1,7,0,0,1,0,0,0,1,-95,0,8,0,557805741,0,100,0,128,1,"[100,-64,5,0,-19,-4,-18,-4,-18,-3,-18,-2,-17,-2,-17,-1,-17,-1,-17,0,-17,1,-17,0,-17,1,-18,1,-18,2,-18,2,-19,2,-19,2,-19,3,-19,2,-19,2,-19,2,-19,1,-19,1,-19,1,-19,0,-20,0,-5,-1,0,0,0,0,0,0,0,0,0,0,0,0,0,0,0,0,0,0,-7,-2,-24,-6,-24,-7,-24,-8,-24,-9,-24,-9,-23,-10,-23,-11,-23,-11,-23,-12,-23,-12,-23,-12,-22,-12,-22,-12,-22,-11,-22,-11,-21,-10,-21,-10,-21,-9,-21,-9,-20,-9,-20,-8,-20,-8,-20,-7,-19,-6,-19,-6,-20,-5]"
CSI_DATA,35605,d8:b1:90:db:e8:90,-55,11,1,7,0,0,1,0,0,0,1,-95,0,8,0,557816586,0,100,0,128,1,"[100,-64,5,0,10,15,10,14,10,13,11,13,11,12,11,12,11,11,11,11,12,11,12,11,13,11,13,11,14,11,14,11,14,11,14,11,14,11,14,11,13,12,14,12,14,12,14,13,13,13,13,13,12,13,3,3,0,0,0,0,0,0,0,0,0,0,0,0,0,0,0,0,0,0,3,4,15,19,14,20,13,20,12,21,12,22,11,22,11,22,10,22,10,22,10,23,10,22,9,22,9,21,9,21,9,21,9,21,9,20,9,20,9,19,9,19,9,18,10,18,10,17,10,16,11,16,11,16]"
CSI_DATA,35606,d8:b1:90:db:e8:90,-57,11,1,7,0,0,1,0,0,0,1,-95,0,8,0,557833030,0,100,0,128,1,"[100,-64,5,0,17,0,17,0,17,-1,17,-1,17,-1,16,-1,16,-2,16,-3,16,-4,16,-4,16,-4,17,-5,17,-5,17,-6,18,-6,18,-6,18,-6,18,-6,18,-6,18,-6,18,-5,18,-5,18,-4,19,-4,19,-3,4,-1,0,0,0,0,0,0,0,0,0,0,0,0,0,0,0,0,0,0,5,-1,23,-1,22,-1,22,-1,23,0,23,2,24,4,24,4,24,4,24,4,24,4,22,5,22,5,21,5,21,5,22,4,21,4,20,4,20,4,20,3,20,3,19,2,19,1,19,1,18,1,18,1,18,0]"
CSI_DATA,35607,d8:b1:90:db:e8:90,-55,11,1,7,0,0,1,0,0,0,1,-95,0,8,0,557847001,0,100,0,128,1,"[100,-64,5,0,-1,17,0,19,-1,21,-2,22,-2,23,-3,22,-4,20,-4,17,-2,14,1,12,5,12,8,13,11,15,12,17,11,20,10,22,8,23,5,22,3,19,3,16,5,12,8,10,11,11,13,14,14,17,3,4,0,0,0,0,0,0,0,0,0,0,0,0,0,0,0,0,0,0,-6,3,-22,14,-22,12,-22,11,-21,11,-19,12,-19,14,-19,16,-20,18,-22,19,-24,17,-24,15,-24,13,-21,11,-19,11,-16,12,-14,14,-13,16,-12,18,-12,20,-12,21,-13,22,-14,21,-14,19,-12,17,-10,15,-9,14]"
CSI_DATA,35608,d8:b1:90:db:e8:90,-57,11,1,7,0,0,1,0,0,0,1,-95,0,8,0,557857761,0,100,0,128,1,"[100,-64,5,0,-16,-10,-16,-10,-16,-9,-16,-9,-16,-8,-16,-7,-16,-7,-16,-6,-16,-6,-17,-6,-17,-6,-18,-6,-18,-5,-18,-5,-18,-5,-18,-5,-19,-5,-19,-5,-19,-5,-19,-5,-18,-6,-18,-6,-18,-6,-18,-6,-18,-7,-5,-2,0,0,0,0,0,0,0,0,0,0,0,0,0,0,0,0,0,0,-6,-3,-21,-12,-21,-13,-20,-13,-20,-14,-19,-15,-19,-16,-20,-16,-20,-16,-19,-17,-19,-17,-18,-17,-17,-18,-17,-17,-17,-17,-16,-17,-15,-16,-15,-16,-16,-15,-16,-14,-17,-14,-17,-13,-17,-13,-16,-12,-16,-12,-16,-11,-16,-11]"
CSI_DATA,35609,d8:b1:90:db:e8:90,-57,11,1,7,0,0,1,0,0,0,1,-95,0,8,0,557885108,0,100,0,128,1,"[100,-64,5,0,-11,-15,-11,-15,-11,-14,-12,-13,-12,-13,-12,-13,-12,-12,-13,-11,-13,-11,-13,-11,-14,-11,-15,-11,-15,-10,-15,-10,-15,-10,-16,-10,-16,-10,-15,-10,-15,-10,-15,-10,-15,-11,-15,-11,-15,-11,-15,-11,-15,-12,-4,-3,0,0,0,0,0,0,0,0,0,0,0,0,0,0,0,0,0,0,-4,-5,-16,-20,-15,-21,-14,-21,-13,-22,-12,-22,-12,-23,-11,-23,-11,-23,-11,-23,-11,-23,-11,-23,-11,-23,-11,-23,-11,-22,-10,-22,-10,-21,-10,-20,-11,-20,-11,-19,-11,-19,-11,-19,-11,-18,-12,-17,-12,-17,-12,-17,-12,-16]"
CSI_DATA,35610,d8:b1:90:db:e8:90,-55,11,1,7,0,0,1,0,0,0,1,-95,0,8,0,557898418,0,100,0,128,1,"[100,-64,5,0,-11,-16,-11,-16,-10,-15,-10,-14,-10,-14,-10,-13,-11,-13,-12,-13,-12,-12,-12,-12,-12,-13,-13,-13,-12,-12,-11,-11,-12,-10,-12,-10,-11,-9,-12,-10,-13,-10,-14,-11,-14,-11,-14,-12,-13,-13,-13,-13,-11,-16,-3,-5,0,0,0,0,0,0,0,0,0,0,0,0,0,0,0,0,0,0,-3,-6,-12,-24,-11,-24,-9,-25,-8,-25,-8,-25,-7,-26,-6,-26,-6,-26,-5,-26,-5,-25,-5,-25,-5,-25,-5,-24,-6,-24,-6,-24,-6,-24,-6,-23,-6,-22,-7,-21,-8,-21,-8,-20,-8,-20,-9,-19,-9,-19,-9,-19,-10,-18]"
CSI_DATA,35611,d8:b1:90:db:e8:90,-57,11,1,7,0,0,1,0,0,0,1,-95,0,8,0,557910390,0,100,0,128,1,"[100,-64,5,0,-13,-15,-13,-15,-13,-14,-13,-13,-13,-13,-13,-12,-14,-12,-14,-12,-15,-11,-15,-11,-16,-11,-16,-11,-16,-11,-16,-11,-17,-10,-17,-10,-17,-9,-17,-9,-17,-9,-18,-9,-18,-10,-18,-10,-18,-10,-18,-11,-17,-11,-5,-3,0,0,0,0,0,0,0,0,0,0,0,0,0,0,0,0,0,0,-5,-6,-18,-22,-17,-23,-15,-24,-14,-24,-13,-25,-13,-25,-13,-25,-12,-25,-12,-25,-11,-25,-11,-24,-11,-24,-11,-23,-11,-23,-11,-23,-11,-22,-11,-21,-11,-21,-12,-20,-12,-19,-12,-19,-12,-18,-13,-17,-13,-17,-13,-17,-13,-16]"
CSI_DATA,35612,d8:b1:90:db:e8:90,-57,11,1,7,0,0,1,0,0,0,1,-95,0,8,0,557921867,0,100,0,128,1,"[100,-64,5,0,9,-15,8,-15,7,-14,6,-15,5,-15,5,-15,4,-15,4,-15,4,-15,4,-15,3,-15,2,-16,2,-16,3,-16,3,-16,3,-17,3,-17,4,-16,4,-17,4,-17,4,-17,4,-17,5,-16,6,-16,6,-16,1,-4,0,0,0,0,0,0,0,0,0,0,0,0,0,0,0,0,0,0,3,-6,13,-21,14,-20,14,-19,14,-18,15,-18,16,-17,17,-17,17,-17,17,-17,17,-17,17,-17,17,-17,17,-16,16,-16,15,-15,15,-15,14,-15,14,-15,13,-15,13,-15,12,-14,12,-15,11,-15,10,-15,10,-15,10,-15]"
CSI_DATA,35613,d8:b1:90:db:e8:90,-58,11,1,7,0,0,1,0,0,0,1,-95,0,8,0,557934466,0,100,0,128,1,"[100,-64,5,0,9,14,8,14,9,13,10,12,11,11,11,11,11,11,11,11,11,10,12,10,13,10,14,10,15,10,15,9,15,10,15,10,15,10,14,10,14,10,15,11,15,12,15,12,15,12,14,12,14,13,3,3,0,0,0,0,0,0,0,0,0,0,0,0,0,0,0,0,0,0,3,5,13,22,12,23,10,23,9,23,9,23,8,23,8,24,8,24,7,24,7,24,7,24,7,24,7,23,7,23,7,21,7,20,7,20,7,19,7,18,7,18,7,17,8,17,8,16,8,16,9,15,9,15]"
CSI_DATA,35614,d8:b1:90:db:e8:90,-58,11,1,7,0,0,1,0,0,0,1,-95,0,8,0,557947012,0,100,0,128,1,"[100,-64,5,0,17,0,17,0,16,-1,16,-1,16,-1,15,-2,15,-2,15,-3,15,-4,15,-4,15,-4,15,-5,15,-6,16,-6,16,-6,16,-6,17,-6,17,-6,17,-6,17,-6,17,-6,17,-5,17,-5,17,-4,18,-3,4,-1,0,0,0,0,0,0,0,0,0,0,0,0,0,0,0,0,0,0,6,-1,25,0,25,1,24,2,24,2,24,3,24,4,24,4,25,4,24,5,24,5,24,5,23,5,23,5,22,4,22,4,21,3,20,3,20,2,20,1,19,0,19,0,19,-1,18,0,17,0,17,-1,17,-1]"
CSI_DATA,35615,d8:b1:90:db:e8:90,-57,11,1,7,0,0,1,0,0,0,1,-95,0,8,0,557989725,0,100,0,128,1,"[100,-64,5,0,-2,16,-2,16,-2,15,-2,15,-2,15,-2,15,-1,15,-2,16,-2,16,-1,16,0,17,0,17,0,18,0,18,-1,19,0,19,-1,19,-1,19,-1,19,-1,20,-1,20,-1,20,-2,20,-3,20,-4,20,-1,5,0,0,0,0,0,0,0,0,0,0,0,0,0,0,0,0,0,0,-2,6,-6,26,-7,26,-8,25,-8,24,-9,24,-10,24,-11,24,-11,24,-11,24,-11,23,-11,23,-10,22,-9,22,-9,21,-8,21,-8,20,-8,19,-7,19,-6,19,-5,19,-5,19,-4,18,-3,18,-3,17,-2,17,-2,17]"
CSI_DATA,35616,d8:b1:90:db:e8:90,-57,11,1,7,0,0,1,0,0,0,1,-95,0,8,0,558011358,0,100,0,128,1,"[100,-64,5,0,14,8,14,8,14,7,15,6,15,5,15,5,15,4,16,3,16,2,16,2,17,2,18,2,18,2,18,2,19,2,20,2,20,2,20,2,20,2,21,2,21,3,21,4,20,4,21,4,21,5,5,1,0,0,0,0,0,0,0,0,0,0,0,0,0,0,0,0,0,0,5,4,22,17,22,18,21,19,20,19,19,19,19,20,18,21,18,21,18,21,17,21,16,20,16,20,16,19,15,19,15,18,14,17,14,17,14,16,15,14,15,13,15,13,15,12,15,11,15,10,15,10,15,9]"
CSI_DATA,35617,d8:b1:90:db:e8:90,-57,11,1,7,0,0,1,0,0,0,1,-95,0,8,0,558022070,0,100,0,128,1,"[100,-64,5,0,13,6,13,5,13,5,14,5,14,4,14,4,14,3,14,2,14,2,14,2,15,2,15,1,16,1,16,1,17,1,17,1,17,1,17,1,17,2,18,2,18,2,17,3,17,4,18,4,17,4,4,1,0,0,0,0,0,0,0,0,0,0,0,0,0,0,0,0,0,0,5,3,21,13,20,14,20,15,19,16,18,17,18,17,18,18,17,18,17,18,16,18,17,18,17,18,16,17,15,17,15,16,15,15,14,14,15,13,15,13,15,12,14,11,14,10,14,9,14,9,14,8,15,8]"
CSI_DATA,35618,d8:b1:90:db:e8:90,-57,11,1,7,0,0,1,0,0,0,1,-95,0,8,0,558033723,0,100,0,128,1,"[100,-64,5,0,3,14,3,14,3,13,4,13,5,13,5,13,5,12,5,12,6,13,6,13,7,13,9,13,9,13,9,13,9,14,10,15,10,15,9,15,9,15,9,15,9,16,9,16,9,16,8,17,7,17,1,4,0,0,0,0,0,0,0,0,0,0,0,0,0,0,0,0,0,0,1,6,3,25,2,25,1,25,0,26,-1,26,-1,25,-1,24,-1,24,-2,24,-2,24,-2,24,-2,23,-2,23,-2,22,-2,21,-2,21,-2,20,-1,19,0,18,0,17,1,17,1,16,1,16,1,16,2,15,2,15]"
CSI_DATA,35619,d8:b1:90:db:e8:90,-57,11,1,7,0,0,1,0,0,0,1,-95,0,8,0,558048077,0,100,0,128,1,"[100,-64,5,0,8,15,9,15,9,14,9,14,10,13,10,13,11,12,11,12,11,12,12,11,13,11,14,11,14,11,14,11,15,11,15,12,15,13,15,13,15,13,15,13,15,13,15,14,14,14,14,14,14,14,3,3,0,0,0,0,0,0,0,0,0,0,0,0,0,0,0,0,0,0,2,6,10,27,8,28,7,28,6,28,5,28,5,28,5,28,4,28,4,28,4,28,4,28,4,27,4,26,4,26,4,25,4,24,4,23,4,22,5,21,6,20,6,19,6,19,7,19,7,18,8,17,8,17]"
CSI_DATA,35620,d8:b1:90:db:e8:90,-57,11,1,7,0,0,1,0,0,0,1,-95,0,8,0,558062568,0,100,0,128,1,"[100,-64,5,0,15,3,15,3,15,2,15,2,15,1,15,0,15,0,15,-1,15,-2,15,-2,15,-2,15,-2,15,-3,15,-3,16,-3,17,-3,17,-3,17,-3,18,-3,18,-3,18,-2,18,-1,18,-1,18,-1,18,0,4,0,0,0,0,0,0,0,0,0,0,0,0,0,0,0,0,0,0,0,6,2,25,9,25,11,24,12,22,13,22,13,21,14,21,14,22,15,21,15,21,15,20,15,19,15,19,14,19,13,19,12,19,11,18,11,18,10,18,9,17,8,17,8,17,7,17,6,17,5,17,5,17,5]"
CSI_DATA,35621,d8:b1:90:db:e8:90,-55,11,1,7,0,0,1,0,0,0,1,-95,0,8,0,558095953,0,100,0,128,1,"[100,-64,5,0,-9,-16,-9,-15,-9,-15,-10,-14,-11,-13,-11,-13,-11,-12,-12,-12,-12,-12,-12,-12,-13,-12,-14,-13,-14,-12,-14,-12,-14,-12,-15,-13,-15,-13,-14,-13,-14,-13,-14,-13,-14,-14,-14,-15,-13,-15,-13,-15,-12,-16,-3,-4,0,0,0,0,0,0,0,0,0,0,0,0,0,0,0,0,0,0,-3,-7,-9,-27,-7,-27,-6,-28,-4,-28,-3,-28,-3,-28,-3,-28,-3,-28,-2,-28,-2,-28,-1,-27,-2,-27,-2,-26,-2,-26,-3,-25,-3,-24,-4,-23,-4,-22,-5,-21,-6,-21,-6,-20,-7,-19,-7,-19,-7,-18,-7,-18,-8,-17]"
CSI_DATA,35622,d8:b1:90:db:e8:90,-56,11,1,7,0,0,1,0,0,0,1,-95,0,8,0,558107087,0,100,0,128,1,"[100,-64,5,0,-15,11,-14,11,-13,11,-12,12,-11,12,-11,12,-10,12,-10,13,-10,14,-10,13,-9,14,-9,14,-10,15,-10,15,-10,15,-10,15,-11,15,-11,15,-11,15,-11,15,-11,15,-11,14,-12,14,-13,14,-14,14,-4,3,0,0,0,0,0,0,0,0,0,0,0,0,0,0,0,0,0,0,-6,3,-24,14,-24,13,-25,11,-25,9,-26,8,-26,8,-26,8,-27,8,-27,8,-27,7,-26,7,-26,7,-25,7,-24,7,-24,7,-23,7,-22,8,-21,8,-20,9,-19,9,-19,9,-18,10,-17,10,-17,10,-16,10,-16,11]"
CSI_DATA,35623,d8:b1:90:db:e8:90,-57,11,1,6,0,0,1,0,0,0,1,-95,0,8,0,558121763,0,100,0,128,1,"[100,-64,5,0,6,11,8,10,10,8,13,7,14,6,15,6,15,5,15,5,13,4,12,3,10,3,8,3,5,2,2,1,-1,0,-3,0,-6,-1,-8,-2,-9,-2,-10,-1,-10,-1,-10,0,-10,2,-9,4,-9,5,-3,1,0,0,0,0,0,0,0,0,0,0,0,0,0,0,0,0,0,0,-4,5,-15,22,-16,20,-16,18,-15,16,-12,15,-9,14,-4,13,0,14,5,15,9,17,12,19,15,22,17,24,18,27,18,29,16,30,15,31,13,31,12,31,10,30,8,29,6,28,5,26,3,23,2,21,2,19]"
CSI_DATA,35624,d8:b1:90:db:e8:90,-57,11,1,6,0,0,1,0,0,0,1,-95,0,8,0,558136367,0,100,0,128,1,"[100,-64,5,0,12,5,13,2,14,0,15,-2,15,-3,16,-4,16,-5,15,-5,14,-5,12,-4,10,-3,8,-2,6,-1,3,0,0,1,-2,2,-5,3,-6,3,-8,4,-8,4,-8,5,-7,6,-6,6,-4,7,-3,7,-1,2,0,0,0,0,0,0,0,0,0,0,0,0,0,0,0,0,0,0,1,6,4,26,2,25,0,23,0,21,1,18,3,15,6,13,9,10,13,8,17,7,21,6,25,6,27,7,29,8,31,10,31,11,30,13,29,14,28,15,26,16,24,16,22,17,19,16,17,15,15,14,14,13]"
CSI_DATA,35625,d8:b1:90:db:e8:90,-57,11,1,6,0,0,1,0,0,0,1,-95,0,8,0,558148051,0,100,0,128,1,"[100,-64,5,0,15,3,15,0,16,-2,17,-3,17,-4,17,-5,17,-5,16,-6,15,-6,13,-5,11,-3,8,-2,6,-1,3,1,0,2,-3,3,-5,3,-7,4,-8,4,-9,5,-9,5,-8,6,-7,6,-5,7,-4,8,-1,2,0,0,0,0,0,0,0,0,0,0,0,0,0,0,0,0,0,0,4,5,15,23,14,23,11,22,10,20,10,18,11,15,12,11,14,8,17,5,20,3,24,1,27,1,29,1,31,1,32,2,33,3,33,5,32,7,31,8,29,10,27,11,25,11,23,11,21,11,19,10,17,9]"
CSI_DATA,35626,d8:b1:90:db:e8:90,-57,11,1,6,0,0,1,0,0,0,1,-95,0,8,0,558159771,0,100,0,128,1,"[100,-64,5,0,13,-1,13,-3,13,-5,14,-7,13,-8,13,-9,13,-10,13,-11,12,-10,10,-9,8,-7,6,-5,4,-4,2,-2,0,0,-3,1,-5,3,-6,3,-7,4,-7,5,-7,6,-6,7,-4,7,-3,7,-1,8,-1,2,0,0,0,0,0,0,0,0,0,0,0,0,0,0,0,0,0,0,3,5,15,21,13,21,11,20,10,18,10,15,10,12,11,8,13,5,16,1,19,-2,23,-3,26,-4,29,-5,31,-5,33,-4,34,-2,34,-1,34,1,33,3,31,5,29,6,27,7,24,8,22,8,19,7,18,6]"
CSI_DATA,35627,d8:b1:90:db:e8:90,-56,11,1,6,0,0,1,0,0,0,1,-95,0,8,0,558186478,0,100,0,128,1,"[100,-64,5,0,-15,-13,-14,-12,-14,-11,-14,-11,-14,-11,-14,-10,-15,-10,-15,-9,-15,-9,-15,-9,-16,-9,-17,-8,-18,-8,-18,-7,-18,-8,-18,-8,-19,-8,-18,-8,-18,-8,-18,-9,-19,-9,-18,-10,-18,-10,-18,-11,-18,-11,-5,-3,0,0,0,0,0,0,0,0,0,0,0,0,0,0,0,0,0,0,-6,-5,-20,-20,-19,-21,-18,-22,-17,-23,-17,-23,-16,-23,-16,-23,-16,-23,-15,-24,-15,-23,-14,-23,-14,-23,-14,-22,-14,-22,-14,-21,-15,-20,-15,-19,-15,-18,-15,-17,-15,-17,-15,-16,-15,-15,-16,-14,-16,-14,-16,-13,-15,-13]"
CSI_DATA,35628,d8:b1:90:db:e8:90,-56,11,1,6,0,0,1,0,0,0,1,-95,0,8,0,558199121,0,100,0,128,1,"[100,-64,5,0,13,12,13,11,13,10,14,10,14,9,14,8,14,8,13,8,13,8,13,8,14,8,15,7,15,7,16,7,16,7,16,7,16,7,16,7,16,7,16,8,16,9,15,9,15,9,15,10,15,10,3,2,0,0,0,0,0,0,0,0,0,0,0,0,0,0,0,0,0,0,4,4,19,19,18,20,16,21,15,21,14,22,15,22,16,23,16,23,15,23,15,23,14,22,14,21,14,21,14,21,14,20,14,19,14,19,14,18,14,17,14,16,14,15,14,15,14,15,14,15,14,14,14,13]"
CSI_DATA,35629,d8:b1:90:db:e8:90,-57,11,1,6,0,0,1,0,0,0,1,-95,0,8,0,558211878,0,100,0,128,1,"[100,-64,5,0,8,-15,7,-15,7,-15,6,-15,6,-15,6,-15,5,-15,5,-16,5,-16,5,-17,5,-17,5,-17,5,-17,5,-18,5,-18,5,-18,5,-18,5,-18,5,-18,5,-19,5,-19,5,-19,6,-19,7,-19,8,-19,2,-5,0,0,0,0,0,0,0,0,0,0,0,0,0,0,0,0,0,0,3,-6,14,-23,15,-22,16,-21,17,-21,18,-20,18,-20,18,-19,18,-19,18,-18,18,-18,18,-18,18,-18,17,-17,16,-17,16,-17,15,-17,14,-17,14,-17,13,-17,12,-17,11,-17,11,-17,10,-17,10,-16,9,-16,9,-17]"
CSI_DATA,35630,d8:b1:90:db:e8:90,-55,11,1,7,0,0,1,0,0,0,1,-95,0,8,0,558227392,0,100,0,128,1,"[100,-64,5,0,17,-2,16,-2,16,-3,16,-3,16,-3,15,-4,15,-4,15,-5,16,-5,16,-6,16,-6,16,-6,17,-6,17,-7,17,-7,17,-7,17,-8,18,-8,18,-7,18,-7,18,-7,17,-7,18,-6,19,-6,19,-5,5,-2,0,0,0,0,0,0,0,0,0,0,0,0,0,0,0,0,0,0,6,-1,27,-1,27,0,27,2,27,3,27,3,27,4,26,5,26,5,26,5,26,5,25,5,25,5,24,5,24,4,23,3,22,3,22,2,22,2,21,1,21,1,20,0,20,-1,20,-1,19,-1,19,-2,19,-2]"
CSI_DATA,35631,d8:b1:90:db:e8:90,-56,11,1,7,0,0,1,0,0,0,1,-95,0,8,0,558239357,0,100,0,128,1,"[100,-64,5,0,-8,-17,-8,-16,-8,-16,-8,-15,-8,-15,-9,-15,-9,-14,-9,-14,-10,-14,-10,-14,-11,-14,-12,-14,-12,-14,-12,-14,-12,-14,-13,-15,-12,-15,-12,-15,-12,-15,-12,-16,-12,-16,-12,-17,-11,-17,-10,-17,-10,-17,-3,-5,0,0,0,0,0,0,0,0,0,0,0,0,0,0,0,0,0,0,-2,-7,-7,-27,-6,-27,-4,-27,-3,-27,-3,-27,-2,-27,-2,-28,-2,-28,-1,-28,-1,-27,-1,-27,-1,-26,-1,-26,-2,-25,-2,-25,-2,-24,-3,-23,-3,-23,-4,-22,-4,-21,-5,-21,-5,-20,-5,-20,-6,-19,-6,-19,-6,-18]"
CSI_DATA,35632,d8:b1:90:db:e8:90,-56,11,1,7,0,0,1,0,0,0,1,-95,0,8,0,558250183,0,100,0,128,1,"[100,-64,5,0,12,-12,11,-12,11,-12,10,-13,10,-13,9,-13,9,-13,9,-14,9,-15,9,-15,8,-15,8,-16,8,-17,8,-17,9,-17,8,-18,9,-18,9,-18,9,-18,9,-18,9,-18,9,-17,10,-17,11,-17,12,-17,3,-4,0,0,0,0,0,0,0,0,0,0,0,0,0,0,0,0,0,0,5,-5,21,-16,22,-15,22,-14,22,-13,22,-13,23,-12,24,-12,24,-12,24,-12,24,-11,23,-12,22,-11,22,-11,21,-11,20,-11,19,-11,19,-11,18,-12,17,-12,16,-12,16,-12,15,-12,15,-12,14,-12,14,-12,13,-13]"
CSI_DATA,35633,d8:b1:90:db:e8:90,-55,11,1,7,0,0,1,0,0,0,1,-95,0,8,0,558266468,0,100,0,128,1,"[100,-64,5,0,-11,15,-11,15,-10,15,-9,15,-8,15,-8,15,-7,15,-7,16,-7,16,-6,16,-6,16,-6,17,-6,17,-6,18,-6,18,-6,18,-6,18,-6,18,-6,18,-7,18,-7,18,-7,18,-8,18,-8,17,-9,17,-3,4,0,0,0,0,0,0,0,0,0,0,0,0,0,0,0,0,0,0,-5,4,-20,19,-21,18,-22,16,-23,16,-23,15,-24,14,-24,15,-24,15,-24,15,-24,14,-24,13,-23,13,-22,13,-22,13,-21,13,-21,13,-20,13,-19,14,-18,14,-18,15,-17,15,-16,15,-15,15,-14,15,-14,15,-13,15]"
CSI_DATA,35634,d8:b1:90:db:e8:90,-56,11,1,7,0,0,1,0,0,0,1,-95,0,8,0,558292060,0,100,0,128,1,"[100,-64,5,0,12,-13,11,-13,10,-13,10,-13,9,-13,9,-13,9,-14,9,-14,9,-15,9,-15,8,-16,8,-16,8,-16,9,-17,9,-17,9,-18,9,-18,10,-17,10,-17,10,-17,10,-17,10,-17,10,-17,11,-17,12,-17,3,-4,0,0,0,0,0,0,0,0,0,0,0,0,0,0,0,0,0,0,5,-5,21,-19,21,-18,22,-16,22,-15,22,-14,23,-14,23,-14,24,-14,24,-13,23,-13,23,-13,22,-12,22,-12,21,-12,20,-12,19,-12,19,-12,18,-13,17,-13,17,-13,16,-13,15,-13,15,-13,14,-13,14,-14,14,-14]"
CSI_DATA,35635,d8:b1:90:db:e8:90,-55,11,1,7,0,0,1,0,0,0,1,-95,0,8,0,558303442,0,100,0,128,1,"[100,-64,5,0,-17,8,-16,8,-16,9,-15,9,-14,9,-14,9,-13,10,-14,11,-14,11,-13,11,-13,11,-13,12,-13,12,-14,13,-14,13,-14,13,-14,13,-15,13,-15,13,-15,12,-15,12,-14,12,-15,12,-17,12,-17,11,-5,2,0,0,0,0,0,0,0,0,0,0,0,0,0,0,0,0,0,0,-7,2,-28,11,-28,9,-29,7,-29,6,-29,5,-29,4,-29,4,-29,4,-29,4,-28,4,-28,3,-27,3,-27,3,-26,3,-26,4,-25,4,-24,5,-24,5,-23,6,-22,6,-21,6,-21,7,-20,8,-19,8,-19,8,-19,9]"
CSI_DATA,35636,d8:b1:90:db:e8:90,-55,11,1,7,0,0,1,0,0,0,1,-95,0,8,0,558314175,0,100,0,128,1,"[100,-64,5,0,12,-6,18,-10,21,-14,18,-14,14,-10,13,-8,13,-9,14,-10,14,-10,13,-11,13,-10,14,-11,14,-11,15,-12,15,-12,15,-12,15,-12,16,-12,16,-12,16,-11,16,-11,15,-10,16,-11,17,-10,18,-10,4,-3,0,0,0,0,0,0,0,0,0,0,0,0,0,0,0,0,0,0,6,-3,27,-11,27,-10,27,-8,27,-7,27,-6,27,-5,28,-5,28,-4,28,-4,27,-4,27,-4,26,-4,26,-4,25,-4,25,-4,24,-4,23,-5,22,-5,22,-5,21,-5,20,-6,20,-6,19,-7,19,-8,19,-8,20,-8]"
CSI_DATA,35637,d8:b1:90:db:e8:90,-56,11,1,7,0,0,1,0,0,0,1,-95,0,8,0,558326303,0,100,0,128,1,"[100,-64,5,0,8,15,8,14,9,14,10,13,10,13,10,12,11,12,11,11,11,11,11,11,12,11,12,11,13,11,13,11,13,11,13,11,13,11,13,11,13,11,13,12,13,13,13,13,12,13,12,14,11,14,2,3,0,0,0,0,0,0,0,0,0,0,0,0,0,0,0,0,0,0,3,6,11,25,10,25,9,25,8,25,7,25,6,26,6,26,6,26,6,26,5,26,5,26,5,26,5,25,5,25,5,24,5,23,5,22,5,22,6,21,7,20,7,20,8,20,8,19,8,19,9,18,9,17]"
CSI_DATA,35638,d8:b1:90:db:e8:90,-55,11,1,7,0,0,1,0,0,0,1,-95,0,8,0,558337105,0,100,0,128,1,"[100,-64,5,0,-9,-17,-9,-17,-9,-16,-10,-16,-10,-15,-10,-14,-11,-14,-11,-13,-11,-13,-11,-13,-12,-13,-13,-13,-13,-13,-13,-13,-13,-13,-14,-13,-13,-13,-13,-13,-13,-13,-13,-14,-13,-14,-13,-15,-13,-15,-12,-15,-12,-16,-3,-4,0,0,0,0,0,0,0,0,0,0,0,0,0,0,0,0,0,0,-3,-7,-11,-27,-10,-28,-8,-28,-7,-28,-6,-28,-6,-29,-5,-29,-5,-29,-4,-29,-4,-28,-4,-28,-4,-28,-4,-27,-5,-27,-5,-26,-6,-25,-6,-24,-6,-24,-7,-24,-7,-23,-7,-22,-7,-22,-8,-21,-8,-21,-8,-20,-8,-19]"
CSI_DATA,35639,d8:b1:90:db:e8:90,-56,11,1,7,0,0,1,0,0,0,1,-95,0,8,0,558347600,0,100,0,128,1,"[100,-64,5,0,-11,-15,-11,-15,-11,-14,-11,-14,-11,-13,-11,-13,-12,-12,-12,-12,-12,-11,-13,-11,-13,-11,-14,-11,-15,-11,-15,-11,-15,-11,-15,-11,-15,-11,-15,-11,-15,-12,-15,-12,-15,-13,-15,-13,-15,-13,-15,-13,-14,-14,-4,-4,0,0,0,0,0,0,0,0,0,0,0,0,0,0,0,0,0,0,-4,-6,-14,-24,-13,-24,-12,-25,-11,-25,-11,-25,-10,-26,-9,-26,-9,-26,-9,-26,-8,-26,-8,-26,-8,-25,-9,-25,-9,-24,-9,-23,-9,-22,-9,-22,-9,-21,-9,-21,-10,-20,-10,-20,-10,-19,-10,-19,-10,-18,-10,-18,-10,-17]"
CSI_DATA,35640,d8:b1:90:db:e8:90,-55,11,1,7,0,0,1,0,0,0,1,-95,0,8,0,558359424,0,100,0,128,1,"[100,-64,5,0,-18,8,-17,8,-16,8,-15,9,-15,9,-14,9,-14,9,-14,10,-14,10,-13,10,-13,10,-13,11,-13,12,-14,12,-14,12,-13,12,-14,12,-14,12,-14,12,-14,12,-14,11,-14,11,-15,11,-16,11,-17,10,-5,2,0,0,0,0,0,0,0,0,0,0,0,0,0,0,0,0,0,0,-7,2,-28,10,-29,8,-29,7,-29,6,-29,5,-29,4,-29,4,-29,3,-29,3,-29,3,-29,3,-28,3,-28,3,-27,3,-27,3,-26,4,-25,5,-25,5,-24,5,-23,5,-23,6,-22,6,-22,7,-21,7,-20,7,-20,7]"
CSI_DATA,35641,d8:b1:90:db:e8:90,-55,11,1,7,0,0,1,0,0,0,1,-95,0,8,0,558381990,0,100,0,128,1,"[100,-64,5,0,18,6,17,6,17,5,17,5,16,4,16,3,16,2,16,2,16,1,16,1,16,1,16,1,16,0,17,0,17,0,17,-1,18,-1,18,-1,18,-1,18,0,18,0,17,1,17,1,18,2,18,3,4,0,0,0,0,0,0,0,0,0,0,0,0,0,0,0,0,0,0,0,7,2,27,9,27,11,25,12,25,13,25,14,25,15,25,15,25,15,25,16,25,16,25,16,24,16,24,15,23,15,23,13,22,12,22,12,22,12,21,11,21,10,21,10,21,9,21,8,20,7,20,7,21,6]"
CSI_DATA,35642,d8:b1:90:db:e8:90,-54,11,1,7,0,0,1,0,0,0,1,-95,0,8,0,558404575,0,100,0,128,1,"[100,-64,5,0,15,7,15,6,15,6,15,6,14,5,14,5,14,4,14,4,14,3,14,3,14,3,14,3,15,2,15,2,15,2,16,3,16,2,16,2,16,3,15,3,15,3,15,4,15,4,15,5,15,5,3,1,0,0,0,0,0,0,0,0,0,0,0,0,0,0,0,0,0,0,6,2,24,11,24,12,23,12,23,13,22,14,22,15,21,15,21,16,21,16,21,16,21,16,20,16,20,15,20,15,19,15,19,14,18,13,19,13,19,12,19,11,19,10,18,9,18,9,18,8,18,8,18,7]"
CSI_DATA,35643,d8:b1:90:db:e8:90,-55,11,1,7,0,0,1,0,0,0,1,-95,0,8,0,558417793,0,100,0,128,1,"[100,-64,5,0,-21,-1,-20,-1,-19,-1,-19,0,-18,0,-17,0,-17,1,-17,1,-17,2,-17,2,-17,2,-17,2,-17,3,-18,3,-18,3,-18,3,-18,3,-18,3,-18,3,-18,3,-18,2,-17,1,-18,1,-19,0,-19,0,-5,-1,0,0,0,0,0,0,0,0,0,0,0,0,0,0,0,0,0,0,-8,0,-32,0,-31,-2,-31,-3,-31,-4,-31,-5,-31,-6,-30,-7,-30,-7,-30,-7,-30,-8,-30,-8,-29,-8,-29,-8,-29,-8,-28,-7,-28,-7,-27,-7,-26,-6,-26,-5,-25,-3,-25,-3,-24,-3,-24,-2,-23,-2,-23,-1,-23,0]"
CSI_DATA,35644,d8:b1:90:db:e8:90,-56,11,1,7,0,0,1,0,0,0,1,-95,0,8,0,558430296,0,100,0,128,1,"[100,-64,5,0,10,15,10,14,10,13,11,12,12,12,12,11,12,10,12,10,12,9,13,9,13,9,13,9,13,9,13,8,14,8,14,9,14,9,14,9,14,9,14,9,14,9,14,10,14,10,13,11,13,11,3,3,0,0,0,0,0,0,0,0,0,0,0,0,0,0,0,0,0,0,3,5,15,23,14,23,12,24,11,24,11,24,10,25,10,26,9,26,9,26,8,26,8,25,8,25,8,25,8,24,8,23,8,23,8,22,8,21,9,21,10,20,10,19,10,19,10,18,10,18,10,17,10,17]"
CSI_DATA,35645,d8:b1:90:db:e8:90,-55,11,1,7,0,0,1,0,0,0,1,-95,0,8,0,558446547,0,100,0,128,1,"[100,-64,5,0,-10,-18,-9,-18,-10,-17,-10,-16,-11,-15,-11,-14,-11,-14,-11,-13,-11,-12,-12,-12,-13,-12,-14,-13,-14,-12,-13,-12,-14,-12,-14,-12,-14,-12,-13,-12,-13,-12,-13,-12,-13,-13,-13,-13,-13,-13,-12,-14,-12,-14,-3,-4,0,0,0,0,0,0,0,0,0,0,0,0,0,0,0,0,0,0,-3,-8,-11,-29,-9,-29,-8,-30,-7,-30,-6,-30,-5,-30,-5,-31,-5,-31,-5,-31,-4,-31,-4,-31,-4,-30,-4,-30,-5,-29,-5,-29,-5,-27,-5,-26,-5,-26,-6,-26,-7,-25,-7,-25,-8,-23,-8,-22,-8,-21,-8,-21,-9,-20]"
CSI_DATA,35646,d8:b1:90:db:e8:90,-54,11,1,7,0,0,1,0,0,0,1,-95,0,8,0,558464341,0,100,0,128,1,"[100,-64,5,0,18,6,18,5,17,5,17,4,17,3,16,3,16,2,16,1,16,0,16,0,16,0,17,0,17,-1,17,-1,17,-1,18,-1,18,-1,18,-1,18,-1,18,0,18,1,17,1,17,1,18,2,18,3,4,0,0,0,0,0,0,0,0,0,0,0,0,0,0,0,0,0,0,0,6,2,27,10,27,12,26,13,25,14,24,15,25,15,25,16,25,17,24,17,24,17,24,17,24,17,23,17,23,16,22,15,22,15,21,14,21,14,22,13,22,12,22,11,21,11,20,10,20,9,20,9,20,8]"
CSI_DATA,35647,d8:b1:90:db:e8:90,-54,11,1,7,0,0,1,0,0,0,1,-95,0,8,0,558493568,0,100,0,128,1,"[100,-64,5,0,-14,15,-13,15,-12,15,-11,14,-10,14,-10,14,-9,14,-10,14,-10,14,-9,14,-8,15,-8,15,-8,16,-8,16,-8,16,-8,16,-8,16,-9,16,-9,16,-9,16,-9,16,-9,16,-9,16,-10,16,-11,15,-3,3,0,0,0,0,0,0,0,0,0,0,0,0,0,0,0,0,0,0,-5,5,-20,22,-21,21,-22,20,-23,20,-23,19,-24,19,-24,19,-24,19,-25,18,-25,18,-25,18,-25,18,-25,17,-24,17,-23,16,-23,16,-22,16,-22,16,-21,17,-19,17,-18,17,-18,17,-17,17,-17,16,-16,16,-16,16]"
CSI_DATA,35648,d8:b1:90:db:e8:90,-56,11,1,7,0,0,1,0,0,0,1,-95,0,8,0,558508420,0,100,0,128,1,"[100,-64,5,0,10,16,10,15,10,14,11,13,11,13,11,12,11,11,11,11,11,11,11,11,12,10,14,10,14,10,14,9,15,9,15,9,15,9,14,9,14,9,15,10,15,10,15,10,14,11,14,11,13,11,3,2,0,0,0,0,0,0,0,0,0,0,0,0,0,0,0,0,0,0,3,5,15,23,14,23,12,24,11,24,10,25,10,25,10,25,9,25,9,25,9,25,9,26,9,26,9,26,9,25,9,24,9,23,9,22,9,22,10,21,10,20,11,19,11,19,10,18,10,18,11,17,11,17]"
CSI_DATA,35649,d8:b1:90:db:e8:90,-54,11,1,7,0,0,1,0,0,0,1,-95,0,8,0,558520452,0,100,0,128,1,"[100,-64,5,0,-1,-20,-1,-19,-1,-19,-2,-18,-2,-18,-3,-17,-3,-16,-3,-16,-3,-16,-4,-16,-5,-16,-5,-16,-6,-16,-6,-16,-6,-16,-6,-17,-5,-17,-5,-17,-5,-16,-5,-16,-5,-17,-5,-17,-4,-17,-4,-17,-3,-17,-1,-5,0,0,0,0,0,0,0,0,0,0,0,0,0,0,0,0,0,0,0,-7,1,-27,2,-27,3,-26,4,-26,4,-26,5,-27,6,-27,6,-27,6,-26,7,-26,8,-27,8,-27,7,-26,7,-26,7,-25,7,-24,6,-24,6,-24,5,-23,4,-23,3,-23,3,-22,2,-22,2,-22,1,-21,1,-21]"
CSI_DATA,35650,d8:b1:90:db:e8:90,-54,11,1,7,0,0,1,0,0,0,1,-95,0,8,0,558537336,0,100,0,128,1,"[100,-64,5,0,16,-16,15,-16,14,-16,13,-16,12,-15,11,-15,10,-15,10,-15,9,-15,8,-15,8,-16,7,-16,7,-17,7,-17,7,-17,7,-18,8,-17,8,-17,8,-17,8,-17,8,-17,8,-16,8,-16,10,-16,10,-15,2,-4,0,0,0,0,0,0,0,0,0,0,0,0,0,0,0,0,0,0,5,-6,22,-21,23,-20,23,-19,24,-18,25,-17,25,-16,25,-16,26,-16,26,-16,27,-15,27,-15,27,-15,27,-14,26,-14,26,-14,25,-14,24,-15,23,-15,22,-15,21,-15,20,-15,20,-16,19,-16,18,-16,18,-16,17,-17]"
CSI_DATA,35651,d8:b1:90:db:e8:90,-55,11,1,7,0,0,1,0,0,0,1,-95,0,8,0,558548597,0,100,0,128,1,"[100,-64,5,0,15,11,15,10,15,9,15,9,15,8,15,7,14,7,14,6,14,5,14,5,15,6,15,5,16,5,16,4,16,3,17,3,17,3,17,3,17,3,17,3,17,4,17,4,17,5,17,5,17,5,4,1,0,0,0,0,0,0,0,0,0,0,0,0,0,0,0,0,0,0,5,4,23,16,22,17,21,18,20,19,19,19,19,20,19,21,18,21,18,21,17,22,17,22,16,22,16,21,16,21,16,20,16,19,16,18,16,18,16,17,17,17,16,16,16,15,16,15,16,14,16,14,16,13]"
CSI_DATA,35652,d8:b1:90:db:e8:90,-54,11,1,7,0,0,1,0,0,0,1,-95,0,8,0,558567154,0,100,0,128,1,"[100,-64,5,0,-17,-19,-16,-17,-15,-15,-15,-14,-15,-13,-15,-12,-15,-11,-15,-10,-15,-9,-16,-9,-16,-10,-17,-9,-18,-8,-17,-7,-17,-7,-17,-6,-17,-7,-17,-8,-17,-8,-18,-9,-18,-9,-18,-9,-18,-9,-18,-10,-16,-10,-4,-3,0,0,0,0,0,0,0,0,0,0,0,0,0,0,0,0,0,0,-5,-6,-19,-22,-18,-23,-17,-24,-17,-25,-16,-26,-15,-26,-15,-27,-15,-27,-14,-27,-14,-27,-14,-27,-14,-27,-14,-27,-14,-27,-14,-26,-14,-25,-15,-25,-15,-25,-15,-24,-15,-23,-15,-22,-15,-21,-15,-20,-15,-20,-15,-19,-14,-19]"
CSI_DATA,35653,d8:b1:90:db:e8:90,-54,11,1,7,0,0,1,0,0,0,1,-95,0,8,0,558599241,0,100,0,128,1,"[100,-64,5,0,-6,22,-6,21,-5,20,-3,20,-2,20,-2,19,-1,19,-1,19,-1,19,-1,19,0,18,1,19,2,19,1,18,2,19,2,19,2,19,1,19,1,18,2,17,2,17,2,17,2,17,2,17,1,17,0,4,0,0,0,0,0,0,0,0,0,0,0,0,0,0,0,0,0,0,-1,7,-4,30,-6,30,-8,29,-9,29,-10,29,-11,29,-11,29,-12,29,-13,29,-13,28,-13,28,-13,28,-13,27,-14,27,-14,27,-13,27,-13,26,-13,26,-11,25,-10,25,-10,25,-9,25,-9,25,-9,24,-8,24,-8,24]"
CSI_DATA,35654,d8:b1:90:db:e8:90,-54,11,1,7,0,0,1,0,0,0,1,-95,0,8,0,558614502,0,100,0,128,1,"[100,-64,5,0,-15,16,-14,16,-13,16,-12,16,-12,16,-11,16,-10,16,-10,16,-10,16,-9,16,-8,17,-8,17,-8,18,-8,18,-8,18,-8,18,-8,19,-8,18,-8,18,-8,18,-8,18,-8,17,-8,17,-9,17,-10,17,-3,4,0,0,0,0,0,0,0,0,0,0,0,0,0,0,0,0,0,0,-5,5,-19,21,-20,20,-21,19,-22,18,-22,17,-23,17,-24,17,-25,16,-25,16,-25,16,-25,15,-25,15,-25,15,-24,15,-24,15,-24,15,-23,15,-22,16,-21,16,-20,16,-20,16,-19,16,-19,16,-18,17,-18,17,-17,17]"
CSI_DATA,35655,d8:b1:90:db:e8:90,-54,11,1,7,0,0,1,0,0,0,1,-95,0,8,0,558624760,0,100,0,128,1,"[100,-64,5,0,5,-21,5,-20,4,-19,3,-19,2,-19,2,-19,1,-19,1,-18,1,-18,0,-18,-1,-18,-1,-19,-1,-19,-1,-19,-1,-18,-1,-19,-1,-19,-1,-19,0,-18,-1,-18,-1,-18,-1,-18,0,-18,1,-18,1,-18,0,-5,0,0,0,0,0,0,0,0,0,0,0,0,0,0,0,0,0,0,1,-7,6,-26,7,-26,8,-25,9,-24,10,-24,11,-24,12,-24,13,-25,13,-24,14,-24,14,-24,14,-23,14,-23,13,-23,13,-23,13,-22,12,-22,11,-22,10,-23,9,-22,9,-22,8,-22,8,-22,8,-22,7,-22,7,-22]"
CSI_DATA,35656,d8:b1:90:db:e8:90,-54,11,1,7,0,0,1,0,0,0,1,-95,0,8,0,558635704,0,100,0,128,1,"[100,-64,5,0,3,22,3,21,4,21,4,20,5,20,6,19,6,18,6,17,6,17,6,17,7,17,8,18,8,18,8,18,8,17,8,17,8,17,8,17,7,17,7,17,7,18,7,18,6,18,6,18,5,18,1,4,0,0,0,0,0,0,0,0,0,0,0,0,0,0,0,0,0,0,1,6,3,28,2,28,1,27,0,27,-1,27,-2,28,-3,29,-3,29,-3,29,-4,29,-4,29,-4,29,-4,28,-4,28,-4,27,-4,27,-4,27,-3,26,-2,25,-1,25,0,25,1,24,1,24,1,25,2,24,2,24]"
CSI_DATA,35657,d8:b1:90:db:e8:90,-54,11,1,7,0,0,1,0,0,0,1,-95,0,8,0,558647343,0,100,0,128,1,"[100,-64,5,0,20,-13,19,-13,19,-13,18,-13,17,-13,15,-14,15,-14,14,-14,14,-15,14,-15,13,-15,13,-15,13,-15,14,-16,14,-16,13,-16,13,-16,13,-16,13,-16,13,-16,13,-15,13,-15,13,-14,14,-14,15,-14,3,-4,0,0,0,0,0,0,0,0,0,0,0,0,0,0,0,0,0,0,6,-4,24,-14,25,-13,25,-12,25,-11,26,-10,27,-9,27,-9,28,-9,28,-9,28,-8,28,-8,28,-8,27,-7,27,-7,27,-7,26,-8,26,-8,25,-9,24,-9,24,-10,23,-10,23,-11,23,-11,23,-11,22,-11,22,-12]"
CSI_DATA,35658,d8:b1:90:db:e8:90,-54,11,1,7,0,0,1,0,0,0,1,-95,0,8,0,558667165,0,100,0,128,1,"[100,-64,5,0,-24,1,-23,1,-22,1,-22,1,-22,1,-21,2,-20,2,-20,4,-20,5,-20,5,-19,5,-19,5,-19,6,-19,7,-19,7,-19,7,-19,7,-19,7,-19,7,-19,7,-18,7,-18,6,-19,6,-19,6,-19,5,-5,1,0,0,0,0,0,0,0,0,0,0,0,0,0,0,0,0,0,0,-7,1,-28,3,-28,1,-28,-2,-28,-3,-28,-3,-28,-4,-28,-5,-28,-5,-28,-5,-28,-5,-28,-5,-28,-5,-27,-5,-27,-5,-27,-5,-27,-4,-26,-3,-26,-3,-26,-3,-25,-2,-25,-2,-25,-2,-25,-2,-25,-2,-25,-1,-24,0]"
CSI_DATA,35659,d8:b1:90:db:e8:90,-54,11,1,7,0,0,1,0,0,0,1,-95,0,8,0,558677448,0,100,0,128,1,"[100,-64,5,0,-20,-10,-20,-10,-19,-9,-19,-9,-19,-9,-19,-8,-19,-7,-19,-6,-19,-5,-19,-5,-19,-5,-18,-4,-19,-4,-19,-3,-19,-3,-19,-3,-19,-2,-18,-2,-18,-3,-18,-3,-18,-3,-18,-4,-18,-4,-18,-4,-17,-4,-5,-2,0,0,0,0,0,0,0,0,0,0,0,0,0,0,0,0,0,0,-6,-3,-24,-12,-23,-13,-22,-15,-21,-16,-21,-16,-21,-17,-21,-17,-21,-17,-20,-18,-20,-18,-20,-18,-19,-17,-20,-17,-20,-17,-20,-17,-20,-16,-20,-16,-20,-15,-19,-15,-19,-14,-19,-13,-20,-13,-20,-13,-20,-13,-20,-12,-19,-12]"
CSI_DATA,35660,d8:b1:90:db:e8:90,-54,11,1,7,0,0,1,0,0,0,1,-95,0,8,0,558687809,0,100,0,128,1,"[100,-64,5,0,-2,-23,-2,-22,-2,-22,-2,-22,-3,-21,-3,-21,-4,-21,-5,-21,-5,-20,-6,-20,-6,-21,-7,-20,-8,-20,-7,-20,-7,-20,-7,-20,-7,-20,-7,-20,-6,-20,-7,-20,-7,-20,-6,-20,-5,-20,-5,-20,-4,-19,-1,-5,0,0,0,0,0,0,0,0,0,0,0,0,0,0,0,0,0,0,-2,-7,-5,-26,-3,-27,-1,-26,0,-26,1,-26,1,-26,2,-26,2,-27,3,-27,3,-27,4,-27,4,-27,3,-26,3,-26,3,-26,3,-26,2,-25,2,-25,1,-25,0,-24,-1,-24,-1,-24,-1,-24,-1,-24,-1,-24,-1,-24]"
CSI_DATA,35661,d8:b1:90:db:e8:90,-56,11,1,7,0,0,1,0,0,0,1,-95,0,8,0,558714556,0,100,0,128,1,"[100,-64,5,0,-7,19,-6,19,-5,19,-5,19,-4,19,-4,19,-3,19,-3,19,-3,19,-2,19,-1,19,-1,20,-1,20,-1,20,-1,20,0,20,0,20,-1,20,-1,20,0,20,0,20,0,20,-1,18,-2,17,-3,16,-1,4,0,0,0,0,0,0,0,0,0,0,0,0,0,0,0,0,0,0,-2,6,-6,24,-8,24,-9,24,-9,23,-10,23,-11,23,-11,23,-11,23,-12,23,-12,23,-11,22,-11,22,-11,21,-10,22,-10,22,-10,21,-10,21,-10,21,-10,20,-9,20,-9,20,-9,20,-8,19,-8,19,-8,19,-7,20]"
CSI_DATA,35662,d8:b1:90:db:e8:90,-56,11,1,7,0,0,1,0,0,0,1,-95,0,8,0,558726843,0,100,0,128,1,"[100,-64,5,0,18,-10,17,-9,17,-10,17,-10,16,-10,16,-10,15,-11,16,-12,15,-13,15,-13,15,-13,15,-13,15,-14,16,-14,16,-14,15,-13,15,-13,16,-13,16,-12,16,-12,16,-12,15,-11,15,-11,16,-10,17,-10,4,-3,0,0,0,0,0,0,0,0,0,0,0,0,0,0,0,0,0,0,5,-3,22,-12,22,-10,22,-9,22,-8,23,-8,23,-7,24,-7,24,-6,24,-6,24,-6,24,-6,23,-6,23,-6,23,-5,22,-5,21,-6,21,-6,21,-7,21,-7,20,-7,20,-7,20,-8,19,-9,19,-9,19,-9,19,-10]"
CSI_DATA,35663,d8:b1:90:db:e8:90,-56,11,1,7,0,0,1,0,0,0,1,-95,0,8,0,558737574,0,100,0,128,1,"[100,-64,5,0,-17,11,-17,11,-16,11,-15,11,-15,12,-14,12,-14,12,-14,13,-14,13,-13,13,-13,14,-13,14,-13,14,-13,15,-14,15,-14,15,-15,14,-15,14,-15,13,-15,13,-15,13,-15,13,-15,12,-16,12,-17,11,-5,2,0,0,0,0,0,0,0,0,0,0,0,0,0,0,0,0,0,0,-6,3,-22,13,-22,11,-22,10,-23,10,-23,9,-24,9,-24,9,-24,8,-24,8,-24,8,-24,8,-24,8,-23,8,-23,8,-22,8,-22,8,-21,9,-21,9,-21,9,-21,9,-20,9,-20,10,-19,10,-19,10,-19,10,-19,11]"
CSI_DATA,35664,d8:b1:90:db:e8:90,-56,11,1,7,0,0,1,0,0,0,1,-95,0,8,0,558748677,0,100,0,128,1,"[100,-64,5,0,4,19,4,18,5,17,5,17,6,17,6,17,7,16,7,16,7,16,8,16,9,16,9,17,9,17,9,17,9,17,9,17,9,18,8,18,8,17,8,18,8,18,8,18,8,18,7,18,6,19,1,4,0,0,0,0,0,0,0,0,0,0,0,0,0,0,0,0,0,0,1,5,5,23,3,23,2,24,2,24,1,24,1,24,0,24,0,24,0,24,0,24,0,24,0,23,0,23,0,23,1,22,1,22,1,21,1,21,1,21,2,21,2,21,3,20,3,20,4,19,4,20,4,20]"
CSI_DATA,35665,d8:b1:90:db:e8:90,-57,11,1,7,0,0,1,0,0,0,1,-95,0,8,0,558770764,0,100,0,128,1,"[100,-64,5,0,-18,-7,-17,-6,-17,-5,-17,-5,-17,-4,-17,-4,-17,-3,-18,-3,-18,-3,-18,-3,-18,-3,-19,-3,-19,-2,-19,-1,-19,-2,-19,-2,-19,-2,-19,-2,-18,-2,-18,-2,-18,-3,-18,-3,-18,-4,-19,-4,-19,-5,-5,-2,0,0,0,0,0,0,0,0,0,0,0,0,0,0,0,0,0,0,-6,-3,-24,-9,-23,-10,-22,-11,-21,-12,-21,-12,-21,-12,-21,-12,-21,-13,-21,-13,-20,-13,-20,-13,-19,-13,-19,-13,-19,-13,-19,-12,-19,-11,-19,-11,-19,-10,-19,-9,-18,-9,-18,-8,-18,-8,-19,-8,-19,-8,-18,-7,-18,-7]"
CSI_DATA,35666,d8:b1:90:db:e8:90,-55,11,1,7,0,0,1,0,0,0,1,-95,0,8,0,558803805,0,100,0,128,1,"[100,-64,5,0,-20,-7,-20,-6,-19,-6,-20,-5,-20,-5,-19,-5,-19,-4,-19,-3,-19,-2,-19,-2,-19,-2,-20,-2,-20,-2,-21,-1,-21,-1,-20,-1,-20,0,-20,-1,-20,-1,-20,-1,-20,-2,-20,-2,-20,-2,-20,-3,-20,-4,-5,-1,0,0,0,0,0,0,0,0,0,0,0,0,0,0,0,0,0,0,-7,-3,-27,-12,-26,-13,-26,-14,-26,-14,-25,-15,-25,-16,-25,-16,-25,-16,-24,-17,-24,-17,-23,-16,-23,-16,-23,-15,-22,-15,-22,-15,-21,-14,-21,-14,-21,-13,-22,-12,-22,-11,-21,-10,-21,-10,-21,-9,-21,-9,-21,-8,-21,-8]"
CSI_DATA,35667,d8:b1:90:db:e8:90,-55,11,1,7,0,0,1,0,0,0,1,-95,0,8,0,558828760,0,100,0,128,1,"[100,-64,5,0,-19,5,-19,5,-18,6,-18,6,-17,6,-17,6,-16,6,-17,8,-17,8,-16,8,-16,9,-16,9,-16,10,-17,10,-17,10,-16,11,-17,11,-17,10,-17,10,-17,10,-17,10,-17,9,-17,9,-18,9,-19,8,-5,2,0,0,0,0,0,0,0,0,0,0,0,0,0,0,0,0,0,0,-7,1,-28,6,-28,5,-28,4,-28,3,-28,2,-28,2,-28,1,-28,1,-28,1,-28,0,-27,0,-27,0,-26,0,-26,0,-25,0,-25,1,-24,1,-24,1,-23,2,-23,2,-22,3,-22,3,-21,4,-21,4,-20,4,-20,5]"
CSI_DATA,35668,d8:b1:90:db:e8:90,-56,11,1,7,0,0,1,0,0,0,1,-95,0,8,0,558839582,0,100,0,128,1,"[100,-64,5,0,-20,0,-20,0,-19,0,-19,1,-19,1,-18,2,-18,2,-18,3,-17,4,-17,4,-17,4,-17,5,-18,5,-18,5,-18,6,-18,6,-18,6,-18,6,-18,5,-18,5,-18,4,-18,4,-18,4,-19,3,-19,3,-5,0,0,0,0,0,0,0,0,0,0,0,0,0,0,0,0,0,0,0,-7,-1,-27,-4,-27,-5,-27,-7,-27,-8,-26,-8,-27,-9,-27,-9,-26,-9,-26,-10,-26,-10,-26,-10,-25,-9,-25,-9,-24,-9,-24,-9,-24,-8,-23,-7,-23,-7,-23,-6,-23,-5,-23,-4,-22,-4,-22,-3,-21,-3,-21,-2,-22,-1]"
CSI_DATA,35669,d8:b1:90:db:e8:90,-56,11,1,7,0,0,1,0,0,0,1,-95,0,8,0,558851723,0,100,0,128,1,"[100,-64,5,0,18,3,18,3,18,2,18,2,17,2,17,1,17,0,17,-1,17,-2,17,-2,18,-2,18,-2,19,-3,19,-3,19,-3,19,-3,19,-3,19,-3,19,-3,19,-3,19,-2,19,-1,19,-1,19,-1,20,0,5,0,0,0,0,0,0,0,0,0,0,0,0,0,0,0,0,0,0,0,6,1,26,7,25,9,24,10,23,11,23,12,23,12,23,12,23,12,23,13,22,13,22,12,22,12,21,12,21,11,20,11,20,10,19,10,20,9,20,9,20,8,20,8,20,7,19,6,19,6,19,5,19,4]"
CSI_DATA,35670,d8:b1:90:db:e8:90,-56,11,1,7,0,0,1,0,0,0,1,-95,0,8,0,558864774,0,100,0,128,1,"[100,-64,5,0,5,-20,4,-20,4,-19,3,-19,3,-18,2,-18,2,-18,1,-18,1,-19,0,-19,0,-19,-1,-19,-1,-19,0,-19,0,-19,0,-20,0,-20,0,-19,1,-19,1,-19,1,-19,1,-19,2,-19,3,-19,4,-19,1,-5,0,0,0,0,0,0,0,0,0,0,0,0,0,0,0,0,0,0,2,-7,9,-26,11,-25,12,-25,13,-24,14,-23,14,-23,14,-23,14,-23,15,-23,15,-22,15,-22,14,-22,14,-22,14,-21,13,-21,12,-21,12,-21,11,-21,11,-21,10,-21,9,-21,9,-21,8,-20,8,-20,8,-20,7,-20]"
CSI_DATA,35671,d8:b1:90:db:e8:90,-54,11,1,7,0,0,1,0,0,0,1,-95,0,8,0,558876751,0,100,0,128,1,"[100,-64,5,0,12,-17,12,-17,12,-17,11,-17,11,-16,10,-16,9,-16,8,-17,8,-17,7,-17,7,-17,6,-18,5,-18,6,-19,6,-19,5,-19,5,-19,6,-19,6,-18,6,-18,6,-18,6,-18,7,-17,8,-17,8,-17,2,-4,0,0,0,0,0,0,0,0,0,0,0,0,0,0,0,0,0,0,3,-6,15,-24,16,-23,18,-21,19,-21,19,-20,20,-20,21,-20,21,-20,21,-19,22,-19,22,-19,22,-19,21,-18,21,-18,20,-17,20,-17,19,-17,19,-17,18,-17,17,-17,16,-17,15,-17,15,-17,15,-16,14,-17,14,-18]"
CSI_DATA,35672,d8:b1:90:db:e8:90,-56,11,1,7,0,0,1,0,0,0,1,-95,0,8,0,558907758,0,100,0,128,1,"[100,-64,5,0,-18,-8,-18,-8,-17,-7,-17,-7,-17,-7,-16,-6,-17,-5,-17,-5,-17,-4,-17,-4,-18,-4,-18,-4,-19,-3,-19,-3,-19,-3,-19,-3,-19,-3,-19,-3,-19,-3,-19,-3,-19,-3,-18,-4,-19,-4,-19,-5,-19,-5,-5,-2,0,0,0,0,0,0,0,0,0,0,0,0,0,0,0,0,0,0,-7,-3,-24,-12,-24,-13,-22,-14,-22,-15,-21,-15,-21,-16,-21,-16,-21,-16,-21,-17,-21,-17,-21,-17,-21,-17,-21,-16,-20,-16,-20,-16,-20,-15,-20,-14,-19,-14,-19,-13,-19,-12,-19,-12,-19,-11,-19,-11,-19,-11,-18,-10,-18,-9]"
CSI_DATA,35673,d8:b1:90:db:e8:90,-56,11,1,7,0,0,1,0,0,0,1,-95,0,8,0,558919041,0,100,0,128,1,"[100,-64,5,0,-15,13,-14,12,-14,12,-13,12,-12,12,-12,12,-11,13,-10,14,-9,15,-9,15,-8,15,-7,16,-7,16,-7,16,-7,17,-8,17,-8,17,-8,17,-8,17,-9,17,-8,16,-9,16,-10,16,-11,16,-11,15,-3,3,0,0,0,0,0,0,0,0,0,0,0,0,0,0,0,0,0,0,-5,4,-20,18,-21,17,-22,15,-22,14,-23,13,-23,13,-24,13,-24,14,-24,13,-24,12,-24,11,-24,11,-23,11,-23,11,-22,11,-22,11,-21,12,-21,12,-20,12,-19,12,-18,12,-17,13,-17,13,-16,13,-16,13,-15,14]"
CSI_DATA,35674,d8:b1:90:db:e8:90,-56,11,1,7,0,0,1,0,0,0,1,-95,0,8,0,558929436,0,100,0,128,1,"[100,-64,5,0,-14,-14,-13,-14,-13,-13,-13,-12,-13,-12,-13,-12,-13,-11,-14,-11,-14,-11,-14,-11,-15,-11,-15,-11,-15,-11,-15,-11,-15,-11,-16,-11,-15,-11,-15,-11,-15,-11,-15,-12,-15,-12,-15,-12,-15,-12,-15,-13,-15,-13,-4,-4,0,0,0,0,0,0,0,0,0,0,0,0,0,0,0,0,0,0,-5,-5,-19,-20,-17,-21,-16,-21,-16,-22,-15,-22,-14,-22,-14,-22,-14,-22,-14,-22,-13,-22,-13,-22,-14,-22,-14,-21,-14,-21,-13,-20,-13,-19,-14,-18,-14,-18,-13,-18,-13,-18,-13,-17,-14,-16,-14,-16,-14,-15,-14,-15,-14,-14]"
CSI_DATA,35675,d8:b1:90:db:e8:90,-56,11,1,7,0,0,1,0,0,0,1,-95,0,8,0,558941186,0,100,0,128,1,"[100,-64,5,0,-15,11,-14,11,-13,11,-13,11,-12,11,-12,11,-11,11,-11,12,-11,13,-11,13,-11,13,-11,13,-11,13,-12,13,-12,14,-12,14,-12,14,-13,14,-13,13,-13,13,-13,13,-12,13,-13,13,-14,13,-15,12,-4,3,0,0,0,0,0,0,0,0,0,0,0,0,0,0,0,0,0,0,-6,4,-21,16,-22,15,-22,14,-23,13,-23,13,-23,12,-23,12,-23,12,-23,11,-23,11,-23,12,-23,11,-23,11,-22,11,-22,11,-21,11,-20,11,-20,11,-19,11,-19,11,-18,11,-17,11,-17,12,-16,12,-16,12,-15,13]"
CSI_DATA,35676,d8:b1:90:db:e8:90,-56,11,1,7,0,0,1,0,0,0,1,-95,0,8,0,558952299,0,100,0,128,1,"[100,-64,5,0,-18,-7,-17,-7,-17,-6,-17,-5,-17,-5,-17,-4,-17,-4,-17,-3,-17,-3,-17,-3,-17,-3,-18,-3,-18,-3,-18,-2,-18,-2,-18,-2,-18,-2,-18,-2,-18,-3,-18,-3,-18,-4,-18,-4,-18,-4,-19,-5,-19,-5,-5,-2,0,0,0,0,0,0,0,0,0,0,0,0,0,0,0,0,0,0,-6,-3,-24,-13,-23,-14,-22,-15,-21,-15,-21,-16,-21,-16,-21,-16,-21,-16,-21,-16,-20,-16,-20,-16,-19,-16,-19,-16,-20,-15,-20,-15,-20,-14,-20,-13,-19,-12,-19,-12,-19,-11,-19,-10,-19,-10,-19,-9,-19,-9,-18,-9,-18,-8]"
CSI_DATA,35677,d8:b1:90:db:e8:90,-56,11,1,7,0,0,1,0,0,0,1,-95,0,8,0,558969358,0,100,0,128,1,"[100,-64,5,0,-19,-4,-18,-3,-18,-3,-18,-2,-17,-2,-17,-2,-17,-1,-17,0,-17,0,-18,0,-18,0,-18,1,-18,1,-19,1,-19,1,-18,1,-19,1,-19,1,-18,1,-18,0,-18,0,-18,-1,-18,-1,-19,-1,-19,-2,-5,-1,0,0,0,0,0,0,0,0,0,0,0,0,0,0,0,0,0,0,-7,-2,-25,-8,-24,-9,-24,-11,-24,-12,-24,-12,-23,-12,-23,-12,-23,-12,-23,-12,-23,-12,-22,-13,-22,-13,-21,-12,-22,-12,-22,-11,-22,-10,-21,-9,-21,-9,-21,-8,-20,-7,-20,-7,-20,-6,-20,-6,-20,-5,-19,-5,-19,-5]"
CSI_DATA,35678,d8:b1:90:db:e8:90,-57,11,1,7,0,0,1,0,0,0,1,-95,0,8,0,558983434,0,100,0,128,1,"[100,-64,5,0,6,-18,5,-18,5,-18,4,-17,4,-17,3,-17,3,-16,4,-17,4,-17,3,-17,3,-17,2,-17,2,-17,2,-17,2,-17,1,-18,1,-18,2,-18,2,-17,2,-17,2,-17,2,-17,3,-17,4,-16,5,-16,1,-4,0,0,0,0,0,0,0,0,0,0,0,0,0,0,0,0,0,0,3,-6,12,-23,13,-22,13,-21,14,-20,14,-20,15,-20,15,-20,15,-20,15,-20,16,-20,16,-19,16,-18,15,-18,15,-18,14,-18,13,-19,13,-19,12,-19,12,-18,11,-18,10,-18,9,-18,9,-19,8,-19,8,-19,8,-19]"
CSI_DATA,35679,d8:b1:90:db:e8:90,-56,11,1,7,0,0,1,0,0,0,1,-95,0,8,0,559019266,0,100,0,128,1,"[100,-64,5,0,-4,19,-4,18,-4,18,-3,17,-2,17,-1,17,-1,17,0,17,0,16,0,17,1,17,1,17,1,18,1,17,1,17,1,18,0,18,0,17,-1,17,0,17,0,17,0,17,-1,17,-2,17,-3,17,-1,4,0,0,0,0,0,0,0,0,0,0,0,0,0,0,0,0,0,0,-2,6,-7,24,-8,24,-9,24,-10,24,-11,23,-11,23,-12,23,-12,22,-12,22,-13,22,-13,22,-13,22,-12,22,-12,22,-11,21,-11,21,-11,20,-10,20,-9,20,-9,20,-8,20,-7,20,-7,20,-6,20,-6,19,-5,20]"
CSI_DATA,35680,d8:b1:90:db:e8:90,-55,11,1,7,0,0,1,0,0,0,1,-95,0,8,0,559037925,0,100,0,128,1,"[100,-64,5,0,-17,-13,-16,-12,-16,-11,-16,-10,-16,-10,-16,-9,-16,-9,-17,-8,-16,-7,-17,-7,-17,-8,-18,-8,-18,-7,-18,-7,-18,-7,-18,-7,-17,-7,-17,-7,-17,-7,-17,-7,-17,-8,-17,-8,-17,-9,-16,-9,-16,-9,-4,-3,0,0,0,0,0,0,0,0,0,0,0,0,0,0,0,0,0,0,-6,-5,-21,-18,-20,-19,-19,-21,-18,-21,-18,-22,-16,-22,-16,-22,-17,-22,-17,-21,-17,-22,-16,-24,-14,-23,-15,-23,-16,-23,-16,-22,-15,-20,-15,-19,-15,-19,-16,-18,-16,-17,-16,-17,-16,-16,-16,-16,-16,-15,-17,-15,-17,-14]"
CSI_DATA,35681,d8:b1:90:db:e8:90,-56,11,1,7,0,0,1,0,0,0,1,-95,0,8,0,559056277,0,100,0,128,1,"[100,-64,5,0,-19,4,-19,4,-18,4,-18,4,-18,4,-17,4,-17,5,-17,5,-17,6,-16,6,-16,6,-16,7,-16,8,-17,8,-17,8,-17,8,-17,8,-17,8,-17,7,-17,7,-17,7,-17,6,-17,6,-18,5,-18,5,-5,1,0,0,0,0,0,0,0,0,0,0,0,0,0,0,0,0,0,0,-7,1,-27,4,-26,2,-26,1,-26,0,-26,0,-26,-1,-26,-1,-27,-1,-27,-1,-27,-2,-26,-2,-26,-3,-26,-2,-25,-2,-25,-2,-24,-1,-24,-1,-23,0,-23,0,-23,1,-22,1,-22,2,-22,2,-21,2,-21,2,-21,3]"
CSI_DATA,35682,d8:b1:90:db:e8:90,-56,11,1,7,0,0,1,0,0,0,1,-95,0,8,0,559067988,0,100,0,128,1,"[100,-64,5,0,11,15,10,14,10,14,11,14,11,14,11,13,11,13,11,12,11,12,11,12,12,12,13,12,14,11,13,11,13,11,14,12,14,11,14,11,13,11,13,11,13,12,13,12,13,12,12,12,12,13,2,3,0,0,0,0,0,0,0,0,0,0,0,0,0,0,0,0,0,0,3,5,14,21,13,21,12,22,11,22,10,22,10,23,10,23,10,23,9,23,9,23,9,23,8,23,8,23,8,22,8,21,8,21,8,20,9,20,9,20,10,19,10,18,10,18,10,18,10,18,10,17,11,16]"
CSI_DATA,35683,d8:b1:90:db:e8:90,-55,11,1,7,0,0,1,0,0,0,1,-95,0,8,0,559078567,0,100,0,128,1,"[100,-64,5,0,-20,6,-20,6,-19,6,-18,7,-18,7,-17,7,-17,7,-17,7,-17,7,-17,6,-17,6,-17,7,-17,7,-18,7,-18,7,-18,7,-18,7,-18,6,-18,6,-18,6,-18,5,-17,5,-17,5,-18,4,-19,3,-5,0,0,0,0,0,0,0,0,0,0,0,0,0,0,0,0,0,0,0,-7,1,-27,4,-27,3,-27,1,-28,0,-28,0,-28,0,-28,0,-28,0,-28,-1,-28,-1,-28,-1,-27,-1,-26,-1,-26,-1,-25,0,-25,0,-24,1,-24,1,-24,2,-23,3,-22,3,-22,4,-22,5,-22,5,-22,5,-22,6]"
CSI_DATA,35684,d8:b1:90:db:e8:90,-56,11,1,7,0,0,1,0,0,0,1,-95,0,8,0,559090352,0,100,0,128,1,"[100,-64,5,0,6,18,6,17,7,16,8,16,8,16,8,16,8,15,7,15,6,15,6,15,7,15,8,16,7,16,7,16,7,16,7,16,7,16,6,16,6,16,6,16,6,16,6,16,6,16,5,16,4,17,1,4,0,0,0,0,0,0,0,0,0,0,0,0,0,0,0,0,0,0,1,6,7,24,6,24,4,24,4,24,3,24,3,25,3,25,3,25,2,25,2,25,3,24,3,24,3,23,3,23,3,22,3,22,3,21,4,21,5,20,5,20,6,19,6,19,6,19,7,18,7,18,7,18]"
CSI_DATA,35685,d8:b1:90:db:e8:90,-56,11,1,7,0,0,1,0,0,0,0,-95,0,8,0,559119731,0,100,0,128,1,"[100,-64,5,0,3,-19,3,-19,3,-19,2,-19,1,-19,1,-18,1,-18,0,-18,0,-19,0,-18,0,-18,-1,-18,-1,-17,-1,-17,-1,-17,-2,-17,-1,-17,-1,-17,0,-18,0,-18,0,-18,0,-18,1,-17,2,-18,3,-16,1,-4,0,0,0,0,0,0,0,0,0,0,0,0,0,0,0,0,0,0,0,-7,2,-25,3,-25,4,-25,5,-25,6,-25,6,-25,8,-26,8,-26,8,-26,9,-26,9,-25,9,-25,9,-25,8,-24,8,-23,7,-22,7,-22,7,-22,6,-22,6,-22,6,-22,5,-21,5,-21,5,-21,4,-21,3,-21]"
CSI_DATA,35686,d8:b1:90:db:e8:90,-56,11,1,7,0,0,1,0,0,0,0,-95,0,8,0,559136983,0,100,0,128,1,"[100,-64,5,0,12,16,12,15,12,14,12,14,12,14,12,13,12,12,12,12,12,11,12,11,13,11,13,10,13,10,13,10,13,10,13,10,13,10,12,10,12,10,12,11,12,11,11,11,11,11,11,11,11,12,2,3,0,0,0,0,0,0,0,0,0,0,0,0,0,0,0,0,0,0,4,4,15,17,15,18,14,19,14,20,13,20,13,21,12,23,11,23,11,23,11,23,11,22,11,22,12,22,11,21,11,21,11,20,11,20,11,19,11,19,11,19,11,19,12,18,12,17,12,17,12,16,12,16]"
CSI_DATA,35687,d8:b1:90:db:e8:90,-56,11,1,7,0,0,1,0,0,0,0,-95,0,8,0,559153277,0,100,0,128,1,"[100,-64,5,0,18,-8,17,-8,17,-7,17,-6,16,-6,16,-7,15,-8,14,-10,14,-11,14,-11,14,-11,14,-11,14,-10,14,-11,15,-10,15,-10,16,-9,16,-9,16,-9,16,-8,16,-8,15,-7,16,-7,16,-7,17,-6,4,-2,0,0,0,0,0,0,0,0,0,0,0,0,0,0,0,0,0,0,6,-2,26,-6,26,-4,26,-3,26,-1,26,-1,26,-1,26,-1,26,-1,26,-1,26,-1,25,-1,25,-2,24,-2,24,-2,24,-2,23,-2,23,-2,22,-3,22,-3,21,-4,21,-5,21,-5,20,-6,20,-6,20,-6,19,-7]"
CSI_DATA,35688,d8:b1:90:db:e8:90,-56,11,1,6,0,0,1,0,0,0,1,-95,0,8,0,559165050,0,100,0,128,1,"[100,-64,5,0,-10,17,-10,17,-9,17,-9,17,-8,16,-8,16,-8,15,-9,15,-9,15,-9,15,-8,15,-7,16,-7,16,-8,15,-8,15,-8,16,-8,16,-8,15,-8,15,-8,15,-8,15,-8,15,-8,15,-9,15,-10,15,-3,3,0,0,0,0,0,0,0,0,0,0,0,0,0,0,0,0,0,0,-4,5,-15,22,-16,21,-17,20,-18,19,-18,19,-18,19,-18,19,-18,19,-19,18,-18,18,-18,18,-17,17,-17,17,-17,17,-17,17,-17,16,-16,16,-15,16,-15,16,-14,16,-14,16,-13,17,-12,17,-12,17,-11,17,-11,18]"
CSI_DATA,35689,d8:b1:90:db:e8:90,-55,11,1,6,0,0,1,0,0,0,1,-95,0,8,0,559177119,0,100,0,128,1,"[100,-64,5,0,20,-6,19,-6,19,-6,18,-6,18,-6,18,-6,17,-6,17,-6,17,-6,17,-6,17,-6,17,-7,17,-7,17,-7,17,-7,16,-7,17,-7,17,-7,16,-6,16,-6,16,-6,16,-5,16,-5,17,-5,18,-4,4,-1,0,0,0,0,0,0,0,0,0,0,0,0,0,0,0,0,0,0,7,-2,28,-6,27,-4,27,-2,27,-2,27,-1,27,0,27,0,27,0,27,0,27,0,26,0,25,0,25,0,25,0,24,0,24,-1,24,-1,23,-1,23,-2,22,-2,22,-3,22,-3,22,-4,21,-4,21,-5,21,-5]"
CSI_DATA,35690,d8:b1:90:db:e8:90,-56,11,1,6,0,0,1,0,0,0,1,-95,0,8,0,559186660,0,100,0,128,1,"[100,-64,5,0,-20,-5,-19,-5,-19,-4,-19,-4,-18,-4,-18,-3,-18,-3,-18,-2,-18,-1,-18,-1,-18,-1,-18,-1,-18,-1,-18,0,-18,0,-18,0,-18,0,-18,-1,-18,-1,-18,-1,-18,-2,-17,-2,-17,-2,-18,-3,-18,-3,-5,-1,0,0,0,0,0,0,0,0,0,0,0,0,0,0,0,0,0,0,-7,-2,-25,-7,-24,-8,-23,-9,-23,-10,-23,-11,-22,-11,-23,-12,-23,-12,-23,-12,-22,-13,-22,-12,-22,-12,-22,-12,-22,-11,-21,-11,-21,-10,-21,-9,-21,-9,-21,-8,-21,-8,-21,-8,-21,-7,-20,-6,-20,-5,-20,-5,-20,-5]"
CSI_DATA,35691,d8:b1:90:db:e8:90,-56,11,1,6,0,0,1,0,0,0,1,-95,0,8,0,559199630,0,100,0,128,1,"[100,-64,5,0,15,12,15,11,15,11,15,11,15,11,15,10,15,9,15,8,14,8,14,8,15,8,15,8,15,8,15,7,15,7,15,8,15,7,15,7,15,7,15,8,15,8,14,9,14,9,13,10,13,10,3,2,0,0,0,0,0,0,0,0,0,0,0,0,0,0,0,0,0,0,4,4,18,17,17,18,16,19,15,20,15,20,14,20,14,21,14,21,14,21,13,21,13,21,12,21,12,21,12,20,12,19,12,19,13,18,13,18,14,17,14,17,14,16,14,15,14,15,15,15,15,14,15,13]"
CSI_DATA,35692,d8:b1:90:db:e8:90,-56,11,1,6,0,0,1,0,0,0,1,-95,0,8,0,559226177,0,100,0,128,1,"[100,-64,5,0,12,15,12,14,12,14,13,13,13,13,13,12,13,11,13,11,13,10,13,10,14,10,14,10,14,10,14,10,14,10,14,10,14,10,14,10,13,10,13,11,13,11,13,11,12,11,12,12,11,12,2,3,0,0,0,0,0,0,0,0,0,0,0,0,0,0,0,0,0,0,3,4,15,19,14,20,13,20,12,21,11,21,11,22,11,23,11,23,11,23,10,23,10,23,10,23,10,22,10,22,10,21,10,20,10,20,10,19,11,19,11,19,12,18,12,18,12,17,12,16,12,16,12,16]"
CSI_DATA,35693,d8:b1:90:db:e8:90,-56,11,1,6,0,0,1,0,0,0,1,-95,0,8,0,559238458,0,100,0,128,1,"[100,-64,5,0,-14,-16,-14,-15,-14,-14,-14,-14,-14,-13,-14,-13,-14,-12,-15,-12,-15,-11,-15,-11,-15,-11,-15,-11,-16,-10,-15,-10,-15,-10,-15,-11,-15,-11,-15,-11,-14,-11,-14,-11,-14,-12,-14,-12,-13,-12,-13,-12,-13,-13,-3,-4,0,0,0,0,0,0,0,0,0,0,0,0,0,0,0,0,0,0,-4,-5,-16,-19,-15,-20,-14,-21,-13,-21,-13,-22,-13,-22,-13,-23,-13,-24,-12,-24,-12,-24,-12,-24,-11,-23,-11,-23,-12,-23,-12,-22,-12,-21,-12,-21,-12,-20,-13,-20,-13,-20,-13,-19,-13,-19,-13,-18,-13,-17,-14,-17,-14,-16]"
CSI_DATA,35694,d8:b1:90:db:e8:90,-56,11,1,6,0,0,1,0,0,0,1,-95,0,8,0,559249630,0,100,0,128,1,"[100,-64,5,0,-18,8,-17,8,-17,8,-17,8,-16,9,-16,9,-15,9,-15,10,-15,10,-15,10,-14,10,-14,10,-14,11,-14,11,-14,11,-14,11,-15,11,-15,11,-15,10,-14,11,-14,10,-14,10,-15,10,-16,9,-16,9,-4,2,0,0,0,0,0,0,0,0,0,0,0,0,0,0,0,0,0,0,-6,3,-22,12,-23,11,-23,9,-24,8,-24,8,-24,7,-24,7,-24,7,-24,7,-25,7,-25,6,-24,6,-24,6,-23,6,-23,6,-23,6,-22,6,-22,7,-21,7,-21,7,-20,8,-20,8,-20,8,-19,8,-19,8,-19,9]"
CSI_DATA,35695,d8:b1:90:db:e8:90,-56,11,1,6,0,0,1,0,0,0,1,-95,0,8,0,559262357,0,100,0,128,1,"[100,-64,5,0,-1,19,-1,19,0,18,0,18,1,18,1,17,2,17,1,17,1,17,2,16,2,17,3,17,3,17,3,16,3,16,3,16,2,16,2,16,2,16,2,16,2,17,2,17,2,16,1,16,0,17,0,4,0,0,0,0,0,0,0,0,0,0,0,0,0,0,0,0,0,0,0,6,0,24,-1,24,-3,24,-4,23,-4,23,-5,24,-5,24,-5,24,-6,24,-6,24,-6,24,-6,24,-6,23,-6,23,-6,23,-6,22,-6,22,-5,21,-4,21,-3,21,-3,21,-2,21,-2,21,-2,21,-1,20,-1,20]"
CSI_DATA,35696,d8:b1:90:db:e8:90,-54,11,1,7,0,0,1,0,0,0,1,-95,0,8,0,559276457,0,100,0,128,1,"[100,-64,5,0,16,16,16,15,16,14,16,13,16,12,16,11,15,10,15,10,16,10,16,10,16,10,16,10,16,10,16,10,16,10,16,10,15,9,15,9,15,9,15,9,15,9,15,9,14,9,14,10,14,10,3,2,0,0,0,0,0,0,0,0,0,0,0,0,0,0,0,0,0,0,5,4,21,18,20,19,19,20,19,20,18,21,18,21,17,21,16,21,16,21,16,21,16,21,16,21,16,21,16,21,15,22,15,21,15,20,15,20,15,19,15,18,15,18,16,17,16,16,17,16,17,16,18,16]"
CSI_DATA,35697,d8:b1:90:db:e8:90,-54,11,1,7,0,0,1,0,0,0,1,-95,0,8,0,559287075,0,100,0,128,1,"[100,-64,5,0,-22,2,-22,2,-22,1,-22,0,-21,0,-21,0,-20,1,-20,3,-20,3,-19,4,-19,3,-19,4,-19,4,-19,4,-19,5,-19,5,-19,5,-19,5,-19,5,-19,4,-18,4,-18,4,-18,3,-18,3,-18,2,-5,0,0,0,0,0,0,0,0,0,0,0,0,0,0,0,0,0,0,0,-7,0,-28,2,-28,1,-28,0,-28,-1,-27,-1,-27,-2,-27,-2,-27,-3,-27,-3,-27,-3,-27,-3,-27,-3,-27,-3,-26,-3,-26,-2,-26,-2,-26,-1,-25,-1,-24,-1,-24,0,-23,1,-24,1,-24,2,-24,2,-23,2,-23,2]"
CSI_DATA,35698,d8:b1:90:db:e8:90,-56,11,1,7,0,0,1,0,0,0,1,-95,0,8,0,559312141,0,100,0,128,1,"[100,-64,5,0,-8,18,-8,18,-7,18,-6,17,-6,17,-5,16,-4,17,-4,17,-3,17,-3,17,-2,17,-2,17,-2,17,-2,17,-2,17,-2,18,-2,18,-3,18,-3,17,-3,17,-2,17,-2,17,-3,17,-4,17,-5,17,-2,4,0,0,0,0,0,0,0,0,0,0,0,0,0,0,0,0,0,0,-3,5,-12,23,-13,22,-14,21,-15,20,-15,20,-16,20,-16,20,-16,19,-17,19,-17,19,-17,19,-16,19,-16,18,-16,18,-15,18,-15,18,-14,18,-14,18,-13,19,-12,19,-11,19,-11,19,-11,19,-11,19,-11,18,-10,19]"
CSI_DATA,35699,d8:b1:90:db:e8:90,-56,11,1,7,0,0,1,0,0,0,1,-95,0,8,0,559329344,0,100,0,128,1,"[100,-64,5,0,-10,17,-9,17,-9,16,-8,17,-8,17,-7,16,-6,16,-6,16,-6,16,-5,16,-4,16,-3,16,-3,17,-3,17,-4,17,-3,18,-3,18,-4,18,-4,17,-4,17,-4,17,-4,16,-5,16,-6,17,-7,16,-2,4,0,0,0,0,0,0,0,0,0,0,0,0,0,0,0,0,0,0,-3,5,-12,22,-13,21,-15,20,-15,20,-16,19,-17,19,-17,19,-18,19,-18,19,-18,19,-18,18,-18,18,-17,18,-17,18,-17,17,-17,17,-16,17,-16,17,-15,17,-14,17,-13,17,-12,17,-12,18,-11,18,-11,17,-11,17]"
CSI_DATA,35700,d8:b1:90:db:e8:90,-56,11,1,7,0,0,1,0,0,0,1,-95,0,8,0,559340982,0,100,0,128,1,"[100,-64,5,0,18,-10,17,-10,17,-10,16,-11,15,-11,14,-11,14,-11,13,-12,13,-13,13,-13,12,-12,12,-13,12,-13,12,-13,13,-13,13,-12,14,-12,14,-11,14,-11,14,-11,14,-11,14,-10,14,-10,15,-9,16,-8,4,-2,0,0,0,0,0,0,0,0,0,0,0,0,0,0,0,0,0,0,6,-3,25,-10,26,-9,26,-7,26,-6,26,-5,27,-5,26,-4,26,-4,26,-3,26,-3,26,-3,26,-3,25,-3,25,-3,25,-4,24,-4,24,-5,23,-5,23,-6,22,-6,21,-6,21,-7,21,-8,20,-9,20,-9,20,-10]"
CSI_DATA,35701,d8:b1:90:db:e8:90,-56,11,1,7,0,0,1,0,0,0,1,-95,0,8,0,559353376,0,100,0,128,1,"[100,-64,5,0,-19,-10,-18,-10,-18,-9,-18,-9,-18,-8,-17,-8,-17,-7,-17,-7,-16,-6,-16,-6,-17,-6,-18,-6,-18,-6,-17,-5,-17,-5,-17,-5,-17,-5,-17,-5,-17,-5,-17,-6,-17,-6,-16,-7,-17,-7,-17,-7,-17,-8,-4,-2,0,0,0,0,0,0,0,0,0,0,0,0,0,0,0,0,0,0,-6,-4,-23,-15,-22,-16,-21,-17,-21,-18,-21,-19,-20,-19,-21,-19,-21,-19,-20,-20,-20,-20,-19,-20,-19,-20,-18,-20,-18,-20,-19,-19,-19,-18,-18,-18,-18,-17,-18,-16,-19,-15,-18,-15,-19,-14,-19,-13,-19,-13,-19,-12,-19,-12]"
CSI_DATA,35702,d8:b1:90:db:e8:90,-54,11,1,7,0,0,1,0,0,0,1,-95,0,8,0,559365921,0,100,0,128,1,"[100,-64,5,0,-15,16,-14,15,-14,15,-13,15,-12,15,-11,15,-11,14,-10,15,-10,15,-10,15,-9,15,-9,15,-9,16,-10,15,-10,15,-10,15,-10,15,-11,14,-11,14,-11,14,-10,14,-10,14,-11,13,-12,13,-13,13,-4,3,0,0,0,0,0,0,0,0,0,0,0,0,0,0,0,0,0,0,-5,5,-21,20,-21,19,-22,18,-23,17,-24,16,-25,16,-25,16,-25,16,-25,16,-26,15,-26,14,-25,14,-25,13,-25,14,-24,14,-24,14,-23,14,-22,14,-21,15,-20,15,-19,15,-18,15,-18,16,-17,16,-17,16,-16,16]"
CSI_DATA,35703,d8:b1:90:db:e8:90,-54,11,1,7,0,0,1,0,0,0,1,-95,0,8,0,559378296,0,100,0,128,1,"[100,-64,5,0,-21,5,-20,5,-19,6,-18,6,-18,6,-17,6,-16,7,-16,7,-16,7,-16,7,-15,7,-16,8,-16,8,-16,8,-16,8,-16,8,-16,8,-16,7,-16,7,-16,7,-16,6,-16,6,-16,6,-17,5,-18,5,-5,1,0,0,0,0,0,0,0,0,0,0,0,0,0,0,0,0,0,0,-7,1,-27,6,-27,5,-28,4,-29,3,-29,2,-30,2,-30,2,-30,2,-30,1,-30,1,-30,1,-30,1,-30,1,-29,0,-29,0,-28,1,-27,1,-27,2,-26,2,-25,2,-24,3,-24,3,-24,4,-24,5,-23,5,-23,6]"
CSI_DATA,35704,d8:b1:90:db:e8:90,-55,11,1,7,0,0,1,0,0,0,1,-95,0,8,0,559388552,0,100,0,128,1,"[100,-64,5,0,1,-20,1,-19,0,-19,0,-19,0,-18,-1,-18,-1,-18,-1,-18,-1,-18,-2,-18,-3,-18,-4,-18,-4,-18,-3,-18,-3,-18,-3,-18,-3,-18,-2,-18,-2,-18,-3,-18,-3,-19,-3,-19,-3,-19,-2,-19,-1,-19,-1,-5,0,0,0,0,0,0,0,0,0,0,0,0,0,0,0,0,0,0,1,-7,4,-28,6,-28,7,-27,7,-27,7,-27,8,-27,8,-27,8,-28,9,-28,9,-28,9,-28,9,-27,9,-27,8,-26,8,-26,8,-25,7,-25,7,-25,6,-24,5,-23,4,-23,4,-23,3,-23,3,-22,3,-22,2,-22]"
CSI_DATA,35705,d8:b1:90:db:e8:90,-54,11,1,7,0,0,1,0,0,0,1,-95,0,8,0,559415425,0,100,0,128,1,"[100,-64,5,0,8,-20,8,-19,7,-19,7,-19,6,-19,5,-19,4,-18,4,-18,4,-18,4,-18,3,-18,2,-19,1,-20,2,-19,2,-19,2,-19,3,-19,3,-18,3,-18,4,-19,4,-19,4,-18,5,-18,6,-18,6,-18,1,-5,0,0,0,0,0,0,0,0,0,0,0,0,0,0,0,0,0,0,3,-7,13,-26,14,-25,16,-25,17,-24,17,-23,18,-23,18,-24,19,-24,18,-24,19,-24,19,-24,19,-24,18,-23,17,-23,17,-22,16,-21,16,-22,15,-22,13,-22,12,-22,11,-22,11,-22,11,-22,10,-22,10,-21,10,-21]"
CSI_DATA,35706,d8:b1:90:db:e8:90,-54,11,1,7,0,0,1,0,0,0,1,-95,0,8,0,559431431,0,100,0,128,1,"[100,-64,5,0,-18,-13,-18,-12,-18,-11,-18,-10,-18,-10,-18,-9,-17,-9,-17,-8,-17,-8,-17,-7,-18,-8,-19,-8,-19,-7,-19,-6,-19,-6,-20,-7,-20,-6,-20,-7,-20,-7,-20,-7,-20,-8,-19,-8,-19,-9,-19,-9,-18,-10,-5,-3,0,0,0,0,0,0,0,0,0,0,0,0,0,0,0,0,0,0,-7,-5,-24,-17,-23,-18,-22,-19,-22,-20,-21,-20,-21,-21,-22,-22,-22,-22,-22,-23,-22,-23,-21,-22,-21,-22,-21,-21,-21,-21,-20,-20,-20,-19,-20,-18,-20,-18,-20,-17,-19,-17,-19,-16,-19,-15,-19,-14,-19,-14,-19,-13,-19,-13]"
CSI_DATA,35707,d8:b1:90:db:e8:90,-54,11,1,7,0,0,1,0,0,0,1,-95,0,8,0,559445109,0,100,0,128,1,"[100,-64,5,0,3,-21,3,-20,3,-20,2,-20,1,-20,1,-20,0,-20,0,-20,-1,-20,-1,-19,-2,-20,-3,-20,-3,-21,-2,-21,-3,-21,-3,-21,-3,-21,-2,-20,-2,-20,-2,-20,-2,-20,-2,-21,-1,-21,0,-21,1,-21,0,-6,0,0,0,0,0,0,0,0,0,0,0,0,0,0,0,0,0,0,1,-8,6,-28,8,-28,9,-27,11,-27,11,-27,11,-27,11,-27,12,-27,12,-27,12,-27,13,-27,13,-26,12,-26,12,-25,11,-25,11,-24,10,-24,10,-24,8,-24,7,-23,7,-23,6,-23,6,-23,5,-22,5,-22,5,-22]"
CSI_DATA,35708,d8:b1:90:db:e8:90,-56,11,1,7,0,0,1,0,0,0,1,-95,0,8,0,559456470,0,100,0,128,1,"[100,-64,5,0,-3,-20,-4,-19,-4,-19,-5,-19,-5,-19,-6,-19,-6,-18,-6,-18,-7,-18,-7,-17,-8,-18,-9,-18,-9,-19,-9,-18,-9,-18,-9,-19,-9,-19,-8,-19,-8,-19,-8,-19,-8,-19,-8,-19,-7,-19,-6,-19,-6,-20,-2,-5,0,0,0,0,0,0,0,0,0,0,0,0,0,0,0,0,0,0,-1,-7,-4,-28,-2,-28,-1,-28,0,-28,1,-28,2,-28,2,-28,2,-28,2,-28,2,-28,2,-28,2,-27,2,-27,2,-26,2,-26,2,-25,2,-25,1,-24,0,-24,-1,-23,-1,-23,-2,-22,-2,-22,-3,-22,-3,-22,-3,-22]"
CSI_DATA,35709,d8:b1:90:db:e8:90,-55,11,1,7,0,0,1,0,0,0,1,-95,0,8,0,559467667,0,100,0,128,1,"[100,-64,5,0,11,16,11,16,11,15,12,14,12,14,12,13,12,13,13,12,13,12,13,12,14,12,15,13,15,13,15,12,15,12,16,13,16,13,15,13,15,13,15,13,15,14,14,14,14,14,13,14,13,15,3,3,0,0,0,0,0,0,0,0,0,0,0,0,0,0,0,0,0,0,3,5,14,23,13,23,12,24,11,24,10,25,10,25,9,26,9,26,9,26,9,26,8,25,8,25,8,24,8,24,8,23,8,22,8,21,9,21,9,20,10,19,10,19,10,18,10,18,10,18,11,18,11,17]"
CSI_DATA,35710,d8:b1:90:db:e8:90,-55,11,1,7,0,0,1,0,0,0,1,-95,0,8,0,559478500,0,100,0,128,1,"[100,-64,5,0,-19,7,-18,7,-18,7,-18,8,-17,8,-17,8,-17,8,-17,9,-17,10,-16,10,-16,10,-16,10,-17,11,-17,11,-17,11,-18,12,-18,12,-18,11,-18,11,-19,11,-19,10,-18,10,-19,9,-19,9,-20,8,-5,1,0,0,0,0,0,0,0,0,0,0,0,0,0,0,0,0,0,0,-7,2,-28,7,-28,6,-29,4,-29,3,-29,2,-29,1,-30,1,-30,1,-29,0,-29,0,-29,1,-28,1,-27,1,-27,0,-26,0,-25,1,-25,1,-24,2,-23,2,-23,3,-23,3,-22,4,-22,5,-22,5,-21,6,-20,7]"
CSI_DATA,35711,d8:b1:90:db:e8:90,-55,11,1,7,0,0,1,0,0,0,1,-95,0,8,0,559490341,0,100,0,128,1,"[100,-64,5,0,-3,-19,-3,-19,-3,-18,-4,-19,-4,-19,-5,-18,-5,-18,-6,-19,-6,-19,-6,-19,-7,-19,-8,-19,-8,-19,-7,-19,-7,-19,-8,-20,-7,-21,-7,-21,-7,-21,-7,-21,-7,-22,-7,-22,-7,-21,-6,-21,-5,-21,-1,-6,0,0,0,0,0,0,0,0,0,0,0,0,0,0,0,0,0,0,-1,-7,-2,-28,-1,-28,1,-27,3,-28,3,-28,3,-28,4,-28,4,-27,4,-27,5,-27,5,-26,4,-26,4,-25,4,-24,3,-24,3,-23,3,-23,2,-22,2,-22,1,-21,1,-21,0,-21,0,-21,-1,-21,-1,-21,-2,-20]"
CSI_DATA,35712,d8:b1:90:db:e8:90,-56,11,1,7,0,0,1,0,0,0,1,-95,0,8,0,559526023,0,100,0,128,1,"[100,-64,5,0,12,-14,12,-14,11,-14,11,-14,10,-15,10,-15,9,-15,9,-16,9,-16,8,-16,8,-17,7,-17,8,-17,8,-17,8,-18,8,-18,9,-19,9,-18,9,-18,9,-19,9,-18,9,-18,10,-17,11,-17,12,-16,3,-4,0,0,0,0,0,0,0,0,0,0,0,0,0,0,0,0,0,0,4,-5,19,-19,20,-18,22,-17,22,-15,23,-15,23,-15,23,-15,23,-14,24,-13,23,-13,23,-13,22,-12,22,-12,21,-12,21,-12,20,-12,19,-12,19,-12,18,-12,17,-12,16,-12,16,-13,16,-13,15,-13,15,-14,14,-14]"
CSI_DATA,35713,d8:b1:90:db:e8:90,-57,11,1,7,0,0,1,0,0,0,1,-95,0,8,0,559536726,0,100,0,128,1,"[100,-64,5,0,-14,-12,-14,-12,-14,-11,-14,-10,-14,-10,-14,-9,-14,-9,-15,-8,-15,-8,-15,-8,-16,-8,-17,-8,-17,-7,-16,-7,-17,-7,-17,-7,-17,-7,-17,-7,-16,-7,-17,-7,-17,-7,-17,-8,-17,-8,-17,-8,-16,-8,-4,-3,0,0,0,0,0,0,0,0,0,0,0,0,0,0,0,0,0,0,-5,-4,-18,-17,-17,-19,-16,-21,-15,-21,-14,-21,-13,-21,-13,-22,-14,-23,-13,-22,-12,-21,-13,-21,-12,-21,-12,-21,-13,-20,-12,-20,-12,-19,-12,-18,-12,-17,-13,-16,-13,-16,-13,-15,-13,-14,-14,-14,-14,-14,-14,-13,-14,-13]"
CSI_DATA,35714,d8:b1:90:db:e8:90,-57,11,1,7,0,0,1,0,0,0,1,-95,0,8,0,559546899,0,100,0,128,1,"[100,-64,5,0,-13,-15,-13,-15,-13,-14,-13,-14,-14,-14,-14,-13,-14,-13,-15,-11,-15,-11,-16,-11,-16,-11,-16,-11,-16,-11,-16,-11,-17,-11,-17,-11,-17,-11,-17,-11,-17,-11,-17,-11,-17,-12,-17,-12,-17,-13,-17,-13,-16,-14,-4,-4,0,0,0,0,0,0,0,0,0,0,0,0,0,0,0,0,0,0,-5,-6,-16,-23,-15,-24,-14,-24,-13,-25,-12,-25,-12,-25,-12,-26,-12,-26,-12,-25,-12,-25,-11,-25,-11,-25,-11,-25,-11,-24,-10,-23,-10,-22,-10,-21,-11,-20,-11,-20,-12,-19,-12,-18,-12,-18,-12,-18,-12,-18,-12,-17,-13,-16]"
CSI_DATA,35715,d8:b1:90:db:e8:90,-57,11,1,7,0,0,1,0,0,0,1,-95,0,8,0,559557055,0,100,0,128,1,"[100,-64,5,0,8,17,8,16,8,16,9,15,10,15,10,15,11,14,11,13,12,13,12,13,12,13,12,14,12,13,12,13,12,13,13,14,13,13,12,13,12,13,12,14,13,14,12,15,11,15,11,16,10,16,2,4,0,0,0,0,0,0,0,0,0,0,0,0,0,0,0,0,0,0,2,6,11,24,10,25,8,25,7,26,6,26,6,26,6,26,6,26,5,26,5,26,4,26,4,26,4,25,4,25,4,24,4,23,4,22,4,21,6,21,7,20,7,19,7,19,7,20,7,20,7,19,8,18]"
CSI_DATA,35716,d8:b1:90:db:e8:90,-57,11,1,7,0,0,1,0,0,0,1,-95,0,8,0,559568422,0,100,0,128,1,"[100,-64,5,0,-5,18,-5,18,-4,18,-4,18,-3,18,-2,18,-2,18,0,18,0,18,1,18,1,18,2,19,1,19,1,19,1,20,2,20,2,20,2,20,2,19,2,20,2,20,2,20,1,20,0,21,-1,21,-1,5,0,0,0,0,0,0,0,0,0,0,0,0,0,0,0,0,0,0,-3,6,-9,25,-11,25,-12,24,-12,24,-13,23,-13,23,-14,23,-14,23,-14,23,-14,22,-14,22,-14,22,-14,21,-13,21,-12,20,-12,19,-12,19,-11,19,-9,19,-8,19,-8,19,-7,19,-8,19,-8,19,-7,19,-6,19]"
CSI_DATA,35717,d8:b1:90:db:e8:90,-56,11,1,7,0,0,1,0,0,0,1,-95,0,8,0,559583360,0,100,0,128,1,"[100,-64,5,0,-18,7,-18,7,-17,8,-17,9,-16,9,-16,9,-15,9,-16,9,-16,8,-16,9,-16,9,-16,9,-16,10,-16,10,-16,11,-16,11,-16,11,-16,11,-16,10,-16,11,-15,11,-15,10,-16,10,-17,9,-18,8,-5,2,0,0,0,0,0,0,0,0,0,0,0,0,0,0,0,0,0,0,-6,1,-23,7,-24,6,-25,5,-25,4,-25,4,-25,3,-25,3,-25,3,-24,3,-25,3,-25,3,-25,3,-24,3,-24,3,-23,2,-23,2,-22,3,-22,4,-21,4,-20,5,-19,6,-19,6,-19,6,-19,7,-19,7,-19,6]"
CSI_DATA,35718,d8:b1:90:db:e8:90,-55,11,1,7,0,0,1,0,0,0,1,-95,0,8,0,559596326,0,100,0,128,1,"[100,-64,5,0,15,-15,15,-15,14,-14,15,-13,15,-13,14,-13,13,-13,13,-14,12,-14,12,-15,11,-15,10,-16,10,-16,10,-17,10,-17,10,-17,10,-16,10,-16,10,-16,10,-17,10,-17,10,-16,10,-16,10,-15,11,-15,2,-4,0,0,0,0,0,0,0,0,0,0,0,0,0,0,0,0,0,0,5,-5,22,-16,22,-15,22,-13,22,-12,23,-12,23,-11,23,-10,23,-10,23,-10,23,-9,24,-9,23,-9,23,-9,23,-9,23,-9,23,-10,22,-10,22,-10,21,-10,20,-10,19,-11,18,-11,18,-12,17,-13,17,-13,17,-12]"
CSI_DATA,35719,d8:b1:90:db:e8:90,-55,11,1,7,0,0,1,0,0,0,1,-95,0,8,0,559626816,0,100,0,128,1,"[100,-64,5,0,16,14,16,14,15,13,15,14,15,14,15,13,15,13,15,12,15,11,16,11,16,11,17,10,18,10,18,9,18,9,17,9,17,9,16,8,16,9,17,9,17,10,17,11,16,11,16,10,15,11,3,3,0,0,0,0,0,0,0,0,0,0,0,0,0,0,0,0,0,0,4,4,18,17,17,18,16,19,16,21,15,20,15,20,15,21,14,22,13,22,14,22,13,22,12,22,12,22,12,22,12,22,12,21,12,21,12,20,13,19,13,18,13,18,14,17,14,16,15,16,15,16,15,15]"
CSI_DATA,35720,d8:b1:90:db:e8:90,-54,11,1,7,0,0,1,0,0,0,1,-95,0,8,0,559636901,0,100,0,128,1,"[100,-64,5,0,-12,-20,-12,-19,-12,-18,-13,-18,-13,-17,-14,-17,-14,-16,-14,-15,-14,-15,-15,-15,-16,-15,-16,-15,-16,-15,-16,-14,-16,-14,-17,-15,-17,-15,-16,-15,-15,-15,-16,-15,-16,-15,-15,-15,-15,-15,-14,-16,-14,-17,-4,-5,0,0,0,0,0,0,0,0,0,0,0,0,0,0,0,0,0,0,-4,-7,-14,-25,-12,-26,-10,-26,-9,-27,-9,-27,-8,-27,-8,-28,-8,-28,-7,-28,-7,-28,-6,-27,-6,-26,-6,-26,-6,-26,-6,-26,-6,-25,-7,-25,-8,-24,-9,-24,-9,-23,-10,-23,-10,-22,-11,-21,-11,-20,-11,-20,-12,-20]"
CSI_DATA,35721,d8:b1:90:db:e8:90,-56,11,1,7,0,0,1,0,0,0,1,-95,0,8,0,559649244,0,100,0,128,1,"[100,-64,5,0,8,-20,8,-20,7,-20,7,-19,6,-19,6,-19,5,-19,5,-20,4,-20,4,-20,3,-20,2,-20,2,-20,3,-20,3,-21,2,-21,3,-21,3,-21,3,-21,3,-21,3,-21,4,-21,5,-20,6,-20,6,-19,1,-5,0,0,0,0,0,0,0,0,0,0,0,0,0,0,0,0,0,0,2,-6,11,-24,12,-23,13,-23,14,-23,15,-22,15,-22,15,-22,16,-21,16,-21,16,-20,16,-20,16,-19,15,-19,15,-19,14,-19,14,-19,14,-19,13,-19,12,-19,11,-19,11,-19,10,-19,10,-19,10,-19,9,-19,9,-20]"
CSI_DATA,35722,d8:b1:90:db:e8:90,-54,11,1,7,0,0,1,0,0,0,1,-95,0,8,0,559660311,0,100,0,128,1,"[100,-64,5,0,-19,-14,-19,-14,-19,-13,-19,-12,-19,-12,-19,-11,-19,-11,-19,-10,-19,-9,-19,-9,-20,-9,-20,-8,-20,-8,-20,-8,-20,-8,-20,-8,-20,-8,-20,-8,-20,-8,-20,-9,-20,-10,-19,-11,-18,-11,-18,-11,-18,-11,-5,-3,0,0,0,0,0,0,0,0,0,0,0,0,0,0,0,0,0,0,-6,-5,-23,-17,-22,-19,-21,-20,-20,-21,-19,-21,-19,-22,-19,-22,-19,-22,-18,-22,-18,-22,-17,-22,-17,-22,-16,-22,-16,-22,-16,-21,-16,-20,-17,-19,-17,-19,-18,-19,-18,-18,-18,-17,-19,-17,-18,-16,-18,-15,-18,-15,-18,-14]"
CSI_DATA,35723,d8:b1:90:db:e8:90,-54,11,1,7,0,0,1,0,0,0,1,-95,0,8,0,559676275,0,100,0,128,1,"[100,-64,5,0,10,19,10,18,11,17,12,17,12,16,12,16,12,15,13,15,13,14,13,14,14,14,14,15,14,15,14,14,14,14,14,14,13,14,13,14,13,14,13,14,13,14,13,14,13,14,12,14,12,15,2,3,0,0,0,0,0,0,0,0,0,0,0,0,0,0,0,0,0,0,3,5,14,24,13,24,10,25,9,25,9,26,8,26,7,26,7,26,6,26,6,26,6,26,6,25,7,25,6,25,6,24,6,24,6,23,7,23,7,22,7,22,8,21,8,21,9,21,9,20,9,20,9,19]"
CSI_DATA,35724,d8:b1:90:db:e8:90,-54,11,1,7,0,0,1,0,0,0,1,-95,0,8,0,559686691,0,100,0,128,1,"[100,-64,5,0,21,-8,20,-9,20,-9,19,-10,18,-10,17,-11,17,-12,17,-12,17,-13,17,-13,17,-13,17,-13,17,-13,18,-14,17,-14,17,-14,17,-14,17,-14,17,-13,17,-14,16,-14,16,-13,17,-13,18,-13,18,-12,4,-3,0,0,0,0,0,0,0,0,0,0,0,0,0,0,0,0,0,0,7,-3,28,-10,28,-9,28,-7,28,-6,28,-5,27,-5,27,-5,28,-4,28,-3,28,-3,28,-3,27,-3,27,-3,26,-3,26,-3,25,-3,25,-4,24,-4,24,-4,23,-5,23,-6,23,-6,23,-6,22,-7,22,-7,21,-7]"
CSI_DATA,35725,d8:b1:90:db:e8:90,-54,11,1,7,0,0,1,0,0,0,1,-95,0,8,0,559727753,0,100,0,128,1,"[100,-64,5,0,-3,23,-2,22,-2,22,-1,21,0,21,1,20,2,20,2,20,2,20,3,20,3,20,3,20,2,20,2,20,2,20,2,21,2,21,2,20,1,20,1,21,1,21,1,21,0,20,-1,20,-2,20,-1,5,0,0,0,0,0,0,0,0,0,0,0,0,0,0,0,0,0,0,-1,6,-3,27,-4,26,-5,26,-6,26,-7,26,-8,26,-9,26,-10,25,-10,25,-11,25,-12,25,-12,25,-12,24,-12,24,-11,23,-11,23,-10,23,-10,23,-8,23,-7,23,-6,23,-6,23,-6,23,-6,23,-5,23,-4,23]"
CSI_DATA,35726,d8:b1:90:db:e8:90,-54,11,1,7,0,0,1,0,0,0,1,-95,0,8,0,559739812,0,100,0,128,1,"[100,-64,5,0,-22,-12,-22,-12,-22,-11,-22,-11,-22,-10,-21,-9,-21,-9,-21,-8,-20,-7,-20,-7,-21,-7,-21,-7,-22,-7,-22,-7,-22,-7,-22,-6,-21,-6,-21,-6,-20,-6,-20,-7,-20,-7,-19,-8,-19,-8,-19,-8,-19,-9,-5,-3,0,0,0,0,0,0,0,0,0,0,0,0,0,0,0,0,0,0,-7,-4,-27,-15,-26,-16,-24,-17,-23,-17,-23,-18,-23,-19,-23,-20,-23,-20,-23,-21,-22,-21,-22,-22,-21,-22,-21,-22,-21,-22,-21,-22,-21,-21,-21,-21,-21,-20,-21,-18,-21,-17,-21,-17,-22,-16,-23,-16,-23,-15,-23,-15,-22,-14]"
CSI_DATA,35727,d8:b1:90:db:e8:90,-53,11,1,7,0,0,1,0,0,0,1,-95,0,8,0,559752075,0,100,0,128,1,"[100,-64,5,0,-22,-5,-22,-5,-21,-4,-21,-4,-21,-3,-20,-3,-20,-2,-20,-1,-20,0,-20,0,-20,0,-20,1,-20,1,-20,2,-20,2,-20,2,-19,3,-19,2,-19,2,-19,2,-19,1,-18,0,-18,0,-19,0,-19,0,-5,-1,0,0,0,0,0,0,0,0,0,0,0,0,0,0,0,0,0,0,-7,-2,-27,-5,-27,-7,-26,-9,-26,-10,-26,-11,-26,-11,-26,-11,-26,-12,-26,-12,-26,-13,-26,-13,-25,-13,-25,-13,-25,-13,-25,-13,-25,-12,-24,-11,-24,-11,-24,-10,-25,-9,-24,-8,-24,-8,-24,-8,-23,-7,-23,-7,-23,-6]"
CSI_DATA,35728,d8:b1:90:db:e8:90,-54,11,1,7,0,0,1,0,0,0,1,-95,0,8,0,559763992,0,100,0,128,1,"[100,-64,5,0,13,-17,13,-17,12,-17,12,-17,11,-17,10,-17,9,-17,9,-17,8,-18,7,-18,6,-18,6,-18,6,-18,7,-18,7,-18,6,-18,6,-18,7,-18,7,-17,7,-17,7,-17,7,-17,7,-16,8,-16,9,-16,2,-4,0,0,0,0,0,0,0,0,0,0,0,0,0,0,0,0,0,0,4,-6,16,-21,18,-21,19,-20,20,-19,20,-18,21,-18,21,-18,21,-18,22,-17,22,-17,21,-16,21,-16,21,-16,21,-16,21,-16,21,-16,21,-16,20,-17,19,-17,18,-18,17,-18,17,-18,16,-17,16,-17,16,-17,15,-18]"
CSI_DATA,35729,d8:b1:90:db:e8:90,-54,11,1,7,0,0,1,0,0,0,1,-95,0,8,0,559775854,0,100,0,128,1,"[100,-64,5,0,-7,-21,-7,-20,-7,-19,-8,-19,-8,-18,-9,-18,-9,-17,-9,-16,-9,-16,-9,-16,-10,-16,-11,-16,-11,-16,-10,-15,-10,-15,-10,-16,-9,-16,-9,-15,-9,-15,-9,-16,-9,-16,-9,-16,-8,-16,-8,-16,-7,-17,-2,-5,0,0,0,0,0,0,0,0,0,0,0,0,0,0,0,0,0,0,-3,-7,-9,-26,-8,-26,-7,-26,-5,-27,-5,-27,-4,-27,-3,-27,-3,-27,-2,-27,-2,-28,-2,-28,-1,-28,-1,-27,-2,-27,-2,-27,-2,-27,-2,-26,-3,-26,-4,-26,-4,-25,-4,-25,-5,-24,-6,-23,-6,-23,-7,-23,-7,-23]"
CSI_DATA,35730,d8:b1:90:db:e8:90,-54,11,1,7,0,0,1,0,0,0,1,-95,0,8,0,559786017,0,100,0,128,1,"[100,-64,5,0,-23,8,-22,8,-22,8,-21,9,-20,9,-19,9,-18,9,-18,10,-17,10,-17,10,-16,10,-16,10,-16,11,-16,11,-16,11,-16,11,-16,11,-16,10,-16,10,-17,10,-16,9,-16,9,-16,8,-17,8,-18,7,-5,1,0,0,0,0,0,0,0,0,0,0,0,0,0,0,0,0,0,0,-7,2,-29,9,-29,8,-30,6,-30,6,-31,5,-31,4,-31,3,-31,2,-31,2,-32,2,-32,2,-32,1,-32,1,-31,1,-31,2,-30,2,-30,2,-29,3,-29,4,-29,4,-28,5,-27,5,-26,6,-25,7,-25,7,-25,8]"
CSI_DATA,35731,d8:b1:90:db:e8:90,-54,11,1,7,0,0,1,0,0,0,1,-95,0,8,0,559798595,0,100,0,128,1,"[100,-64,5,0,15,14,15,13,15,12,15,12,15,11,14,10,14,9,14,8,14,7,14,7,14,7,15,7,15,7,15,7,15,7,15,7,14,6,14,6,14,6,14,7,14,7,14,8,13,8,13,8,13,8,3,2,0,0,0,0,0,0,0,0,0,0,0,0,0,0,0,0,0,0,5,4,20,16,18,17,17,19,16,20,16,21,16,22,15,22,15,23,14,23,14,24,15,24,15,24,14,23,14,23,14,22,13,22,13,21,14,21,15,21,15,20,15,19,15,18,15,17,15,17,15,16,16,15]"
CSI_DATA,35732,d8:b1:90:db:e8:90,-56,11,1,7,0,0,1,0,0,0,1,-95,0,8,0,559829970,0,100,0,128,1,"[100,-64,5,0,16,-10,15,-9,14,-9,14,-9,13,-9,12,-9,12,-10,11,-11,11,-12,10,-12,10,-11,10,-12,10,-12,11,-12,11,-12,10,-13,10,-13,11,-13,11,-12,11,-12,11,-12,11,-11,10,-11,10,-12,9,-12,2,-3,0,0,0,0,0,0,0,0,0,0,0,0,0,0,0,0,0,0,5,-4,22,-14,22,-13,23,-12,23,-11,24,-11,24,-10,24,-10,25,-10,25,-9,25,-9,25,-10,25,-9,24,-9,24,-8,23,-8,23,-8,22,-8,22,-9,21,-9,20,-9,20,-9,19,-9,19,-9,18,-9,18,-9,18,-10]"
CSI_DATA,35733,d8:b1:90:db:e8:90,-54,11,1,7,0,0,1,0,0,0,1,-95,0,8,0,559840331,0,100,0,128,1,"[100,-64,5,0,15,15,15,14,15,13,14,12,14,12,14,11,14,10,15,8,14,7,14,7,15,7,15,8,15,7,15,7,15,7,15,7,16,6,15,6,15,6,15,7,14,8,14,8,14,7,14,6,15,6,3,1,0,0,0,0,0,0,0,0,0,0,0,0,0,0,0,0,0,0,5,4,23,19,22,20,21,21,20,21,19,22,19,22,19,23,19,23,19,24,18,24,18,24,18,24,17,24,17,24,16,23,16,23,16,22,16,21,16,20,17,19,17,19,17,18,16,18,16,17,16,17,16,16]"
CSI_DATA,35734,d8:b1:90:db:e8:90,-56,11,1,7,0,0,1,0,0,0,1,-95,0,8,0,559850383,0,100,0,128,1,"[100,-64,5,0,4,-19,3,-19,3,-18,2,-18,1,-17,1,-17,1,-16,1,-17,1,-17,0,-16,-1,-17,-1,-17,-1,-17,-1,-17,-1,-17,-1,-17,-1,-17,-1,-17,-1,-17,-1,-18,-1,-18,-1,-18,-1,-18,0,-18,1,-18,0,-5,0,0,0,0,0,0,0,0,0,0,0,0,0,0,0,0,0,0,1,-7,5,-27,6,-27,8,-27,9,-27,9,-27,9,-27,10,-27,10,-27,11,-27,11,-26,11,-26,11,-26,11,-25,11,-25,11,-25,10,-24,9,-24,9,-24,8,-24,7,-24,7,-23,6,-23,5,-22,5,-22,5,-21,5,-21]"
CSI_DATA,35735,d8:b1:90:db:e8:90,-55,11,1,7,0,0,1,0,0,0,1,-95,0,8,0,559868209,0,100,0,128,1,"[100,-64,5,0,11,-16,10,-16,9,-16,9,-15,8,-15,8,-14,7,-14,6,-15,6,-15,5,-15,4,-15,3,-16,2,-16,3,-16,3,-17,3,-17,3,-18,4,-18,3,-17,3,-17,3,-17,3,-17,4,-17,5,-17,5,-17,1,-5,0,0,0,0,0,0,0,0,0,0,0,0,0,0,0,0,0,0,3,-7,15,-25,16,-24,17,-24,18,-23,19,-23,19,-22,19,-22,20,-22,20,-22,21,-21,21,-21,21,-21,21,-20,20,-20,20,-20,20,-20,19,-20,18,-19,17,-19,15,-19,15,-18,14,-18,13,-19,13,-18,12,-18,12,-18]"
CSI_DATA,35736,d8:b1:90:db:e8:90,-56,11,1,7,0,0,1,0,0,0,1,-95,0,8,0,559889040,0,100,0,128,1,"[100,-64,5,0,1,18,1,18,1,17,2,16,2,16,2,15,3,15,3,15,3,14,3,15,5,15,6,15,7,15,7,14,7,15,7,15,7,15,6,15,6,15,6,16,7,16,7,16,6,17,6,17,5,17,1,4,0,0,0,0,0,0,0,0,0,0,0,0,0,0,0,0,0,0,0,6,0,27,-1,27,-3,27,-3,27,-4,27,-4,28,-5,28,-5,28,-6,28,-6,28,-6,27,-6,27,-6,26,-6,26,-5,25,-5,24,-4,23,-4,23,-3,23,-2,23,-1,22,-1,22,-1,21,0,20,0,20,0,20]"
CSI_DATA,35737,d8:b1:90:db:e8:90,-63,11,1,7,0,0,1,0,0,0,1,-95,0,8,0,559907355,0,100,0,128,1,"[100,-64,5,0,-19,-16,-18,-16,-9,-9,8,4,17,11,17,11,17,11,17,11,17,11,17,11,17,10,16,10,16,10,16,11,16,11,15,10,15,10,14,10,13,10,12,10,11,10,11,10,10,11,8,11,8,12,1,3,0,0,0,0,0,0,0,0,0,0,0,0,0,0,0,0,0,0,-1,1,-1,8,2,7,10,6,13,7,14,8,7,3,-5,-9,-12,-16,-12,-17,-13,-16,-16,-16,-17,-16,-17,-17,-15,-17,-13,-17,-13,-17,-13,-16,-13,-17,-15,-17,-16,-18,-16,-18,-16,-18,-16,-19,-16,-19,-15,-19,-14,-18]"
CSI_DATA,35738,d8:b1:90:db:e8:90,-56,11,1,7,0,0,1,0,0,0,1,-95,0,8,0,559930617,0,100,0,128,1,"[100,-64,5,0,-13,-16,-12,-16,-12,-15,-12,-15,-12,-14,-12,-13,-12,-13,-11,-13,-11,-12,-12,-12,-12,-12,-13,-13,-13,-14,-13,-13,-12,-13,-12,-13,-11,-12,-11,-12,-11,-12,-10,-13,-10,-13,-9,-14,-10,-13,-12,-12,-12,-12,-3,-3,0,0,0,0,0,0,0,0,0,0,0,0,0,0,0,0,0,0,-5,-6,-17,-23,-16,-24,-15,-25,-14,-25,-14,-25,-13,-25,-12,-26,-12,-26,-12,-26,-12,-26,-12,-26,-11,-25,-11,-25,-11,-25,-11,-24,-11,-24,-11,-23,-11,-22,-12,-22,-12,-21,-12,-20,-12,-19,-13,-19,-13,-18,-12,-18,-12,-18]"
CSI_DATA,35739,d8:b1:90:db:e8:90,-56,11,1,7,0,0,1,0,0,0,1,-95,0,8,0,559948245,0,100,0,128,1,"[100,-64,5,0,-3,19,-3,18,-3,17,-3,17,-3,17,-2,16,-2,16,-2,17,-2,17,-2,17,-1,17,0,17,0,17,-1,17,-1,17,-1,17,-1,17,-2,17,-2,17,-2,17,-1,18,-1,18,-2,17,-2,17,-3,18,-1,4,0,0,0,0,0,0,0,0,0,0,0,0,0,0,0,0,0,0,-1,6,-3,27,-4,27,-6,26,-6,26,-7,26,-7,26,-8,25,-8,25,-8,25,-9,25,-9,25,-9,25,-9,24,-8,24,-8,24,-8,23,-7,23,-7,22,-6,22,-5,22,-5,21,-4,21,-3,21,-3,21,-2,20,-3,20]"
CSI_DATA,35740,d8:b1:90:db:e8:90,-55,11,1,7,0,0,1,0,0,0,1,-95,0,8,0,559960551,0,100,0,128,1,"[100,-64,5,0,-14,15,-13,15,-12,15,-12,14,-11,14,-11,14,-10,14,-10,15,-10,15,-10,15,-9,15,-9,15,-8,15,-9,15,-9,15,-9,15,-9,15,-10,14,-10,14,-10,15,-9,15,-9,14,-10,14,-11,14,-11,14,-3,3,0,0,0,0,0,0,0,0,0,0,0,0,0,0,0,0,0,0,-5,5,-19,22,-20,21,-21,20,-22,19,-22,19,-22,19,-22,18,-22,17,-23,17,-23,17,-24,18,-23,17,-23,17,-22,17,-22,17,-21,17,-20,17,-20,17,-19,17,-18,17,-17,17,-16,17,-16,18,-15,18,-14,17,-14,17]"
CSI_DATA,35741,d8:b1:90:db:e8:90,-55,11,1,7,0,0,1,0,0,0,1,-95,0,8,0,559977301,0,100,0,128,1,"[100,-64,5,0,-13,-17,-13,-17,-13,-16,-13,-15,-13,-14,-13,-14,-13,-13,-14,-13,-14,-12,-14,-12,-14,-12,-15,-11,-15,-11,-15,-10,-15,-10,-15,-10,-15,-9,-14,-9,-14,-9,-14,-9,-14,-10,-14,-10,-14,-10,-14,-11,-14,-11,-4,-3,0,0,0,0,0,0,0,0,0,0,0,0,0,0,0,0,0,0,-5,-6,-19,-24,-18,-25,-16,-25,-15,-26,-14,-26,-14,-26,-13,-27,-13,-27,-12,-27,-12,-27,-12,-27,-12,-27,-12,-27,-12,-26,-12,-25,-13,-24,-13,-24,-13,-23,-14,-23,-14,-23,-14,-22,-14,-21,-14,-20,-14,-19,-14,-19,-14,-19]"
CSI_DATA,35742,d8:b1:90:db:e8:90,-55,11,1,7,0,0,1,0,0,0,1,-95,0,8,0,559996513,0,100,0,128,1,"[100,-64,5,0,4,20,4,19,4,18,5,17,6,17,6,16,7,15,8,14,9,14,9,14,9,14,9,14,8,14,8,14,8,14,8,15,8,14,8,14,7,14,7,14,8,15,8,15,7,15,6,15,6,15,1,3,0,0,0,0,0,0,0,0,0,0,0,0,0,0,0,0,0,0,2,6,8,27,6,28,4,28,4,29,3,29,2,28,1,28,1,28,0,28,0,28,0,28,0,28,0,27,0,27,1,27,1,26,2,26,2,25,3,25,3,24,4,23,4,23,4,22,5,22,5,22,5,21]"
CSI_DATA,35743,d8:b1:90:db:e8:90,-56,11,1,7,0,0,1,0,0,0,1,-95,0,8,0,560033776,0,100,0,128,1,"[100,-64,5,0,18,1,17,1,17,0,17,-1,16,-2,16,-2,15,-2,15,-2,15,-2,15,-2,15,-2,15,-4,15,-5,15,-5,15,-5,15,-5,15,-5,15,-5,15,-5,15,-5,15,-5,15,-4,16,-4,17,-4,17,-4,4,-1,0,0,0,0,0,0,0,0,0,0,0,0,0,0,0,0,0,0,7,0,28,2,27,3,27,4,27,5,27,6,27,6,27,6,27,6,27,7,27,8,27,8,26,8,26,8,26,8,25,8,24,7,24,6,23,6,23,5,22,4,22,4,22,3,21,2,21,3,20,2,20,2]"
CSI_DATA,35744,d8:b1:90:db:e8:90,-56,11,1,7,0,0,1,0,0,0,1,-95,0,8,0,560044162,0,100,0,128,1,"[100,-64,5,0,9,-16,8,-15,8,-15,7,-15,6,-15,6,-14,5,-14,5,-14,5,-14,4,-14,4,-14,3,-14,3,-15,4,-15,4,-15,3,-15,4,-15,4,-15,4,-15,4,-16,4,-16,4,-16,5,-16,6,-16,6,-16,1,-4,0,0,0,0,0,0,0,0,0,0,0,0,0,0,0,0,0,0,4,-6,17,-24,18,-23,19,-22,20,-21,20,-21,21,-20,21,-20,21,-20,21,-19,21,-19,21,-19,20,-18,20,-18,19,-18,19,-17,18,-17,18,-17,17,-17,16,-17,15,-17,14,-17,14,-17,13,-17,13,-17,12,-17,12,-17]"
CSI_DATA,35745,d8:b1:90:db:e8:90,-57,11,1,7,0,0,1,0,0,0,1,-95,0,8,0,560055904,0,100,0,128,1,"[100,-64,5,0,-9,13,-8,13,-7,12,-7,12,-6,12,-6,12,-6,11,-6,11,-6,11,-5,11,-4,12,-4,12,-5,13,-5,13,-5,13,-5,13,-5,13,-5,13,-5,13,-5,14,-5,14,-5,14,-6,14,-7,14,-8,14,-2,3,0,0,0,0,0,0,0,0,0,0,0,0,0,0,0,0,0,0,-5,5,-18,21,-19,20,-19,19,-20,18,-20,18,-20,18,-20,18,-20,18,-20,17,-20,18,-20,18,-19,18,-19,17,-19,17,-18,16,-18,16,-17,16,-16,16,-15,15,-14,15,-13,15,-12,15,-12,15,-11,15,-10,14,-10,15]"
CSI_DATA,35746,d8:b1:90:db:e8:90,-57,11,1,7,0,0,1,0,0,0,1,-95,0,8,0,560068035,0,100,0,128,1,"[100,-64,5,0,-15,-11,-14,-10,-14,-10,-14,-10,-14,-9,-14,-9,-14,-8,-14,-8,-14,-7,-14,-7,-14,-8,-15,-8,-16,-7,-16,-7,-16,-7,-16,-6,-17,-6,-16,-6,-17,-6,-18,-6,-18,-7,-18,-7,-18,-8,-18,-8,-19,-9,-5,-3,0,0,0,0,0,0,0,0,0,0,0,0,0,0,0,0,0,0,-7,-5,-24,-21,-23,-22,-22,-23,-21,-23,-20,-24,-20,-24,-20,-23,-20,-23,-20,-23,-19,-23,-19,-23,-19,-23,-19,-22,-19,-22,-18,-21,-18,-20,-18,-19,-17,-18,-17,-17,-17,-16,-17,-16,-16,-15,-16,-14,-16,-14,-15,-13,-15,-13]"
CSI_DATA,35747,d8:b1:90:db:e8:90,-57,11,1,7,0,0,1,0,0,0,1,-95,0,8,0,560078198,0,100,0,128,1,"[100,-64,5,0,-4,14,-4,14,-3,14,-3,14,-2,13,-2,13,-2,13,-2,13,-2,13,-1,13,-1,13,0,14,0,14,0,14,0,15,1,15,1,15,1,15,1,15,1,16,2,16,2,17,1,17,0,17,-1,17,-1,4,0,0,0,0,0,0,0,0,0,0,0,0,0,0,0,0,0,0,-3,6,-11,26,-12,25,-13,24,-13,24,-14,23,-14,23,-14,23,-14,23,-14,23,-14,23,-14,22,-13,22,-13,21,-13,21,-12,20,-12,20,-11,20,-10,19,-9,18,-8,18,-7,17,-7,17,-7,17,-6,16,-6,16,-5,16]"
CSI_DATA,35748,d8:b1:90:db:e8:90,-57,11,1,7,0,0,1,0,0,0,1,-95,0,8,0,560088456,0,100,0,128,1,"[100,-64,5,0,-10,-13,-9,-13,-10,-12,-10,-12,-11,-12,-11,-11,-11,-11,-12,-11,-12,-11,-12,-11,-13,-11,-14,-11,-15,-10,-15,-10,-16,-10,-16,-10,-17,-9,-17,-9,-17,-9,-17,-9,-17,-10,-17,-10,-17,-10,-16,-11,-16,-12,-4,-3,0,0,0,0,0,0,0,0,0,0,0,0,0,0,0,0,0,0,-5,-6,-17,-22,-15,-23,-14,-23,-13,-24,-13,-24,-13,-24,-12,-24,-12,-24,-12,-24,-11,-24,-11,-23,-10,-23,-10,-22,-10,-22,-10,-21,-10,-20,-10,-19,-10,-18,-10,-17,-10,-16,-10,-16,-10,-15,-10,-15,-10,-14,-10,-14,-10,-14]"
CSI_DATA,35749,d8:b1:90:db:e8:90,-57,11,1,7,0,0,1,0,0,0,1,-95,0,8,0,560099576,0,100,0,128,1,"[100,-64,5,0,11,-12,11,-12,11,-12,10,-13,9,-13,9,-13,9,-13,10,-13,10,-13,10,-13,10,-14,10,-15,10,-15,10,-16,11,-16,11,-16,11,-17,11,-17,10,-17,10,-17,10,-17,9,-16,10,-16,12,-16,13,-16,3,-4,0,0,0,0,0,0,0,0,0,0,0,0,0,0,0,0,0,0,5,-4,20,-15,21,-14,22,-12,22,-11,22,-11,22,-10,22,-10,22,-10,22,-9,22,-9,21,-10,21,-10,21,-9,20,-9,19,-9,18,-9,18,-10,17,-10,16,-10,15,-10,14,-10,14,-11,14,-12,14,-12,13,-12,13,-12]"
CSI_DATA,35750,d8:b1:90:db:e8:90,-57,11,1,7,0,0,1,0,0,0,1,-95,0,8,0,560109863,0,100,0,128,1,"[100,-64,5,0,17,1,17,0,17,0,17,-1,17,-1,17,-2,17,-2,17,-1,17,-1,18,-1,18,-1,18,-2,19,-3,19,-3,19,-3,20,-4,20,-4,20,-4,20,-4,19,-4,19,-4,19,-3,19,-3,20,-2,20,-1,5,-1,0,0,0,0,0,0,0,0,0,0,0,0,0,0,0,0,0,0,5,0,22,2,23,3,23,5,22,5,22,5,22,6,21,7,21,7,21,7,21,8,20,7,20,7,20,8,19,7,19,6,18,6,18,5,18,5,18,4,17,3,17,3,17,2,17,3,18,3,18,2,17,2]"
CSI_DATA,35751,d8:b1:90:db:e8:90,-56,11,1,7,0,0,1,0,0,0,1,-95,0,8,0,560137516,0,100,0,128,1,"[100,-64,5,0,-21,7,-21,7,-21,7,-20,7,-20,8,-20,8,-19,9,-19,11,-19,11,-19,12,-19,12,-19,12,-20,12,-20,13,-20,12,-20,12,-20,11,-20,11,-20,11,-19,10,-19,10,-19,9,-20,9,-21,8,-21,7,-6,1,0,0,0,0,0,0,0,0,0,0,0,0,0,0,0,0,0,0,-7,1,-25,5,-25,4,-24,2,-24,1,-24,0,-24,0,-24,0,-24,0,-24,-1,-24,-1,-24,0,-23,0,-23,-1,-23,0,-22,0,-22,1,-22,1,-22,2,-22,2,-21,3,-21,3,-22,4,-22,5,-22,5,-22,6,-21,6]"
CSI_DATA,35752,d8:b1:90:db:e8:90,-54,11,1,7,0,0,1,0,0,0,1,-95,0,8,0,560147915,0,100,0,128,1,"[100,-64,5,0,-13,-20,-13,-20,-13,-20,-13,-19,-14,-19,-14,-19,-14,-18,-15,-17,-16,-17,-17,-17,-18,-17,-18,-17,-18,-17,-18,-17,-17,-17,-16,-18,-16,-17,-15,-17,-15,-17,-15,-17,-15,-18,-14,-18,-14,-18,-13,-19,-12,-20,-3,-5,0,0,0,0,0,0,0,0,0,0,0,0,0,0,0,0,0,0,-3,-6,-12,-23,-11,-23,-9,-23,-8,-23,-7,-24,-6,-24,-6,-24,-6,-24,-6,-24,-6,-24,-6,-24,-6,-23,-6,-23,-6,-23,-6,-23,-6,-22,-7,-22,-8,-22,-8,-22,-9,-21,-9,-21,-10,-21,-11,-21,-11,-21,-11,-21,-11,-21]"
CSI_DATA,35753,d8:b1:90:db:e8:90,-54,11,1,7,0,0,1,0,0,0,1,-95,0,8,0,560161728,0,100,0,128,1,"[100,-64,5,0,-23,-13,-23,-12,-23,-12,-22,-12,-22,-12,-21,-11,-21,-11,-21,-11,-22,-10,-22,-10,-22,-10,-22,-10,-22,-9,-22,-9,-22,-8,-22,-9,-22,-9,-22,-8,-21,-8,-21,-9,-21,-9,-20,-9,-20,-9,-20,-10,-20,-10,-5,-3,0,0,0,0,0,0,0,0,0,0,0,0,0,0,0,0,0,0,-6,-4,-22,-14,-21,-15,-20,-16,-19,-16,-19,-17,-19,-17,-18,-18,-18,-18,-18,-18,-18,-18,-18,-18,-19,-18,-19,-18,-19,-18,-19,-17,-19,-16,-19,-15,-19,-15,-19,-15,-20,-14,-20,-14,-20,-14,-21,-14,-21,-15,-21,-14,-22,-13]"
CSI_DATA,35754,d8:b1:90:db:e8:90,-54,11,1,7,0,0,1,0,0,0,1,-95,0,8,0,560175100,0,100,0,128,1,"[100,-64,5,0,4,25,4,25,5,24,6,24,7,24,7,23,7,23,8,22,8,21,9,21,10,21,10,21,11,21,11,20,11,20,10,20,10,19,9,19,9,19,9,19,9,20,8,20,8,19,7,19,7,19,1,5,0,0,0,0,0,0,0,0,0,0,0,0,0,0,0,0,0,0,2,5,10,23,9,24,7,24,6,25,5,25,4,25,4,25,3,25,3,26,2,26,2,25,1,25,1,25,1,26,2,27,2,27,2,26,2,26,2,26,3,25,3,25,3,25,4,25,4,25,5,26,5,26]"
CSI_DATA,35755,d8:b1:90:db:e8:90,-54,11,1,7,0,0,1,0,0,0,1,-95,0,8,0,560188577,0,100,0,128,1,"[100,-64,5,0,-4,-27,-4,-26,-5,-25,-7,-25,-7,-25,-8,-25,-8,-24,-8,-23,-8,-23,-9,-22,-10,-23,-11,-23,-11,-22,-11,-21,-11,-21,-11,-21,-10,-21,-10,-20,-9,-20,-9,-21,-9,-21,-9,-21,-8,-21,-7,-21,-7,-21,-2,-6,0,0,0,0,0,0,0,0,0,0,0,0,0,0,0,0,0,0,-3,-7,-9,-25,-8,-26,-6,-26,-4,-27,-4,-27,-3,-27,-3,-27,-2,-27,-1,-27,-1,-28,0,-27,0,-27,0,-27,-1,-27,-1,-28,-2,-28,-2,-28,-2,-27,-2,-27,-2,-27,-3,-27,-3,-27,-4,-27,-4,-27,-4,-27,-4,-27]"
CSI_DATA,35756,d8:b1:90:db:e8:90,-53,11,1,7,0,0,1,0,0,0,1,-95,0,8,0,560200141,0,100,0,128,1,"[100,-64,5,0,-6,25,-6,24,-5,24,-4,23,-3,23,-2,22,-1,22,-1,21,0,21,1,21,2,21,2,22,2,22,2,21,2,21,2,21,2,21,1,20,1,20,1,20,1,20,1,19,1,19,-1,18,-2,18,-1,4,0,0,0,0,0,0,0,0,0,0,0,0,0,0,0,0,0,0,0,6,0,25,-1,25,-4,25,-5,24,-6,24,-6,25,-7,26,-7,26,-8,26,-9,26,-9,26,-9,26,-9,26,-9,25,-9,25,-9,25,-9,25,-9,24,-9,24,-8,24,-8,24,-8,24,-7,25,-7,25,-7,25,-6,26]"
CSI_DATA,35757,d8:b1:90:db:e8:90,-53,11,1,7,0,0,1,0,0,0,1,-95,0,8,0,560210792,0,100,0,128,1,"[100,-64,5,0,-25,5,-24,5,-23,6,-23,6,-22,6,-21,6,-21,7,-21,8,-20,8,-19,9,-19,9,-18,9,-18,9,-18,9,-18,10,-18,10,-18,10,-18,9,-18,9,-18,8,-17,8,-17,8,-17,8,-18,7,-19,7,-5,1,0,0,0,0,0,0,0,0,0,0,0,0,0,0,0,0,0,0,-6,2,-24,9,-25,8,-26,6,-26,5,-27,3,-27,3,-28,2,-28,2,-28,1,-29,1,-29,1,-29,1,-29,1,-28,0,-27,0,-27,1,-27,1,-26,1,-27,1,-27,1,-26,2,-26,2,-27,3,-26,4,-26,4,-26,5]"
CSI_DATA,35758,d8:b1:90:db:e8:90,-53,11,1,7,0,0,1,0,0,0,1,-95,0,8,0,560242049,0,100,0,128,1,"[100,-64,5,0,-10,-19,-10,-18,-10,-17,-10,-16,-11,-16,-11,-15,-11,-15,-11,-14,-11,-13,-11,-13,-12,-12,-12,-12,-12,-12,-11,-11,-11,-11,-11,-12,-11,-11,-10,-11,-10,-11,-10,-11,-10,-11,-9,-11,-9,-11,-9,-11,-9,-12,-3,-3,0,0,0,0,0,0,0,0,0,0,0,0,0,0,0,0,0,0,-3,-6,-12,-21,-11,-21,-10,-22,-9,-23,-9,-23,-8,-23,-8,-24,-7,-24,-6,-24,-6,-24,-7,-24,-7,-25,-7,-25,-6,-25,-6,-24,-6,-24,-6,-23,-6,-23,-6,-23,-7,-22,-7,-22,-8,-22,-10,-21,-10,-21,-10,-21,-10,-20]"
CSI_DATA,35759,d8:b1:90:db:e8:90,-53,11,1,7,0,0,1,0,0,0,1,-95,0,8,0,560253440,0,100,0,128,1,"[100,-64,5,0,-15,14,-14,14,-14,13,-14,13,-13,13,-12,13,-11,13,-11,13,-10,13,-10,13,-9,13,-8,13,-8,14,-8,14,-8,14,-8,14,-8,15,-8,14,-8,14,-7,14,-7,14,-7,14,-8,13,-8,13,-9,13,-3,3,0,0,0,0,0,0,0,0,0,0,0,0,0,0,0,0,0,0,-5,4,-18,18,-20,17,-21,15,-22,14,-22,14,-23,14,-23,13,-22,12,-23,12,-24,12,-25,12,-25,12,-24,12,-24,11,-24,11,-24,12,-23,12,-22,12,-21,12,-20,13,-20,13,-19,13,-19,13,-18,13,-17,13,-17,14]"
CSI_DATA,35760,d8:b1:90:db:e8:90,-53,11,1,7,0,0,1,0,0,0,1,-95,0,8,0,560264834,0,100,0,128,1,"[100,-64,5,0,11,20,11,19,12,17,12,16,12,15,12,14,12,13,11,13,11,13,11,12,12,12,12,12,12,11,12,10,13,10,13,11,13,11,13,11,12,10,13,11,13,11,13,12,12,11,12,11,11,12,2,3,0,0,0,0,0,0,0,0,0,0,0,0,0,0,0,0,0,0,4,6,16,24,14,25,13,26,12,27,11,27,10,28,10,28,9,28,9,28,9,29,8,29,9,28,8,28,8,28,9,28,9,27,9,27,9,26,9,26,9,25,9,24,10,24,11,23,12,22,12,22,11,22]"
CSI_DATA,35761,d8:b1:90:db:e8:90,-53,11,1,7,0,0,1,0,0,0,1,-95,0,8,0,560275754,0,100,0,128,1,"[100,-64,5,0,7,-22,6,-21,5,-20,4,-20,3,-19,2,-19,2,-18,3,-18,3,-18,2,-17,1,-17,1,-17,1,-17,1,-16,1,-17,1,-17,1,-18,1,-17,1,-17,1,-18,1,-18,1,-18,2,-17,3,-17,3,-17,1,-5,0,0,0,0,0,0,0,0,0,0,0,0,0,0,0,0,0,0,2,-8,9,-30,10,-29,11,-28,12,-28,13,-28,14,-28,14,-28,15,-28,15,-27,16,-27,16,-27,16,-26,16,-26,16,-26,15,-26,14,-26,14,-26,13,-25,13,-25,12,-25,11,-25,10,-25,10,-24,9,-24,9,-24,10,-23]"
CSI_DATA,35762,d8:b1:90:db:e8:90,-54,11,1,7,0,0,1,0,0,0,1,-95,0,8,0,560290170,0,100,0,128,1,"[100,-64,5,0,-11,19,-10,18,-10,18,-9,18,-8,17,-7,16,-6,16,-6,16,-6,16,-6,15,-5,15,-4,16,-4,16,-4,16,-4,17,-3,17,-3,17,-4,17,-3,17,-3,17,-3,18,-3,18,-4,18,-5,18,-5,18,-2,4,0,0,0,0,0,0,0,0,0,0,0,0,0,0,0,0,0,0,-4,7,-15,28,-17,27,-18,26,-19,26,-20,25,-20,25,-21,26,-21,26,-22,25,-23,25,-23,24,-23,24,-23,23,-22,23,-22,23,-21,22,-20,22,-20,22,-19,22,-18,22,-17,22,-16,22,-15,21,-15,21,-14,20,-13,20]"
CSI_DATA,35763,d8:b1:90:db:e8:90,-54,11,1,7,0,0,1,0,0,0,1,-95,0,8,0,560306397,0,100,0,128,1,"[100,-64,5,0,17,10,16,9,16,8,16,8,16,7,15,6,15,5,14,5,14,4,14,4,14,4,15,3,15,3,15,2,15,2,15,2,16,1,16,1,16,1,17,1,17,2,17,2,17,2,17,3,18,3,4,1,0,0,0,0,0,0,0,0,0,0,0,0,0,0,0,0,0,0,6,4,27,17,25,18,24,19,23,20,22,20,22,21,23,22,22,22,22,23,22,22,22,22,22,22,21,22,21,22,21,21,20,20,20,19,20,18,20,18,20,17,20,16,20,16,19,14,19,14,19,13,19,11]"
CSI_DATA,35764,d8:b1:90:db:e8:90,-55,11,1,7,0,0,1,0,0,0,1,-95,0,8,0,560316555,0,100,0,128,1,"[100,-64,5,0,-14,-13,-14,-12,-14,-10,-14,-9,-14,-8,-14,-8,-14,-7,-14,-6,-14,-6,-14,-5,-14,-5,-15,-5,-15,-4,-15,-3,-15,-3,-16,-3,-16,-3,-16,-3,-16,-2,-17,-2,-17,-2,-17,-3,-17,-3,-18,-4,-18,-4,-5,-2,0,0,0,0,0,0,0,0,0,0,0,0,0,0,0,0,0,0,-6,-6,-22,-23,-20,-24,-19,-25,-18,-25,-17,-26,-17,-26,-17,-26,-17,-27,-16,-27,-16,-27,-16,-27,-15,-27,-15,-27,-15,-26,-15,-26,-15,-25,-15,-24,-15,-23,-15,-22,-15,-20,-16,-20,-16,-19,-16,-18,-16,-17,-15,-16,-14,-16]"
CSI_DATA,35765,d8:b1:90:db:e8:90,-55,11,1,7,0,0,1,0,0,0,1,-95,0,8,0,560343023,0,100,0,128,1,"[100,-64,5,0,7,14,7,13,7,12,8,11,8,11,8,10,9,10,9,10,9,10,10,9,11,9,12,10,12,10,12,10,13,10,14,10,14,10,13,10,13,10,14,11,14,11,14,12,14,12,14,12,13,13,3,3,0,0,0,0,0,0,0,0,0,0,0,0,0,0,0,0,0,0,3,6,12,27,11,27,9,27,8,28,7,27,7,27,7,27,7,27,6,28,5,27,4,26,4,26,5,27,5,26,5,24,4,23,5,23,5,22,6,21,6,20,6,19,7,18,7,17,7,16,7,16,8,15]"
CSI_DATA,35766,d8:b1:90:db:e8:90,-57,11,1,7,0,0,1,0,0,0,1,-95,0,8,0,560354766,0,100,0,128,1,"[100,-64,5,0,-9,-13,-9,-13,-9,-12,-10,-13,-10,-13,-10,-12,-11,-11,-11,-11,-11,-11,-12,-11,-13,-11,-13,-11,-14,-11,-14,-11,-14,-11,-15,-12,-15,-12,-14,-13,-14,-13,-14,-14,-15,-14,-15,-15,-14,-15,-14,-15,-13,-15,-4,-4,0,0,0,0,0,0,0,0,0,0,0,0,0,0,0,0,0,0,-3,-7,-12,-26,-10,-26,-9,-26,-8,-26,-8,-27,-7,-27,-7,-27,-7,-27,-6,-27,-6,-27,-6,-26,-6,-25,-6,-25,-6,-24,-6,-23,-6,-23,-6,-22,-7,-21,-7,-20,-7,-19,-8,-19,-8,-18,-8,-17,-8,-17,-8,-16,-8,-15]"
CSI_DATA,35767,d8:b1:90:db:e8:90,-57,11,1,7,0,0,1,0,0,0,1,-95,0,8,0,560364885,0,100,0,128,1,"[100,-64,5,0,10,11,13,10,13,12,11,12,12,8,15,7,17,8,15,8,13,5,17,2,20,4,19,6,16,3,19,-1,23,0,22,3,18,1,19,-3,23,-3,24,1,21,1,21,-3,24,-4,24,0,20,2,4,0,0,0,0,0,0,0,0,0,0,0,0,0,0,0,0,0,0,0,-2,7,-6,29,-8,30,-10,28,-10,26,-8,28,-8,30,-10,29,-8,27,-6,28,-6,29,-7,27,-5,25,-2,26,-2,28,-3,26,-1,23,2,22,3,24,1,23,2,19,6,18,8,19,6,19,6,16,9,14,12,14]"
CSI_DATA,35768,d8:b1:90:db:e8:90,-55,11,1,7,0,0,1,0,0,0,1,-95,0,8,0,560377264,0,100,0,128,1,"[100,-64,5,0,6,14,7,14,7,13,8,13,9,13,9,13,10,13,10,12,11,12,11,12,12,12,12,13,13,13,13,13,13,14,13,14,13,15,12,15,12,15,12,15,12,15,12,15,12,15,11,16,10,16,2,4,0,0,0,0,0,0,0,0,0,0,0,0,0,0,0,0,0,0,2,6,8,25,7,25,6,25,4,25,3,26,2,26,2,26,2,26,1,25,1,25,1,24,2,24,2,23,2,22,2,22,2,21,2,20,2,20,3,19,4,18,4,17,5,17,5,17,5,16,6,16,6,16]"
CSI_DATA,35769,d8:b1:90:db:e8:90,-57,11,1,7,0,0,1,0,0,0,1,-95,0,8,0,560388743,0,100,0,128,1,"[100,-64,5,0,-11,12,-11,12,-10,12,-10,13,-9,14,-9,14,-8,15,-7,16,-7,16,-6,17,-6,17,-6,18,-6,18,-6,18,-6,19,-6,19,-7,20,-7,19,-7,19,-7,19,-6,19,-7,19,-7,19,-8,18,-9,18,-3,4,0,0,0,0,0,0,0,0,0,0,0,0,0,0,0,0,0,0,-5,4,-19,17,-19,16,-20,14,-21,13,-21,13,-21,12,-21,12,-21,12,-22,11,-21,11,-21,10,-20,10,-19,10,-19,10,-19,10,-18,10,-18,10,-17,10,-16,10,-15,10,-14,10,-14,11,-14,11,-13,11,-13,11,-13,12]"
CSI_DATA,35770,d8:b1:90:db:e8:90,-55,11,1,7,0,0,1,0,0,0,1,-95,0,8,0,560406346,0,100,0,128,1,"[100,-64,5,0,-4,20,-4,20,-3,20,-2,20,-1,20,-1,20,0,19,1,19,2,19,2,19,3,19,4,19,4,19,4,20,4,20,4,20,4,20,3,19,3,19,3,19,4,19,4,20,3,20,2,20,1,20,0,5,0,0,0,0,0,0,0,0,0,0,0,0,0,0,0,0,0,0,-1,6,-2,26,-3,25,-5,25,-7,24,-7,24,-8,24,-8,24,-9,24,-9,24,-10,24,-10,23,-10,23,-10,22,-9,22,-9,21,-8,21,-8,21,-8,21,-7,21,-7,21,-6,21,-6,21,-6,21,-6,21,-5,21,-4,21]"
CSI_DATA,35771,d8:b1:90:db:e8:90,-55,11,1,7,0,0,1,0,0,0,1,-95,0,8,0,560417211,0,100,0,128,1,"[100,-64,5,0,-21,7,-20,7,-20,7,-20,8,-19,9,-19,9,-18,10,-17,11,-16,12,-16,12,-15,12,-15,13,-15,13,-15,13,-16,13,-16,14,-16,14,-16,13,-16,13,-16,13,-16,13,-16,12,-16,12,-17,11,-18,11,-5,2,0,0,0,0,0,0,0,0,0,0,0,0,0,0,0,0,0,0,-7,2,-25,9,-25,7,-25,5,-26,4,-27,3,-26,3,-26,2,-26,2,-26,2,-26,1,-26,0,-26,0,-25,0,-24,1,-24,1,-24,2,-23,2,-23,2,-23,2,-23,3,-23,3,-23,4,-22,4,-22,4,-22,5,-22,6]"
CSI_DATA,35772,d8:b1:90:db:e8:90,-54,11,1,7,0,0,1,0,0,0,1,-95,0,8,0,560446539,0,100,0,128,1,"[100,-64,5,0,-8,20,-8,19,-7,19,-6,18,-5,18,-4,18,-4,18,-4,17,-4,17,-3,17,-2,17,-2,17,-2,17,-2,17,-2,16,-2,16,-2,16,-2,16,-2,15,-2,14,-2,14,-2,13,-3,13,-5,13,-6,13,-2,3,0,0,0,0,0,0,0,0,0,0,0,0,0,0,0,0,0,0,-2,5,-8,22,-9,23,-10,22,-11,20,-12,20,-13,21,-14,22,-14,21,-14,21,-14,21,-15,21,-15,20,-15,20,-15,20,-16,20,-15,20,-15,20,-14,20,-13,20,-12,20,-12,20,-12,20,-12,20,-11,20,-11,20,-10,20]"
CSI_DATA,35773,d8:b1:90:db:e8:90,-54,11,1,7,0,0,1,0,0,0,1,-95,0,8,0,560461325,0,100,0,128,1,"[100,-64,5,0,15,18,15,17,15,16,15,15,15,14,15,13,15,12,15,11,15,10,15,10,15,10,15,9,15,9,15,9,15,9,15,9,15,9,14,9,13,9,12,9,12,10,12,10,11,11,11,12,10,13,2,3,0,0,0,0,0,0,0,0,0,0,0,0,0,0,0,0,0,0,4,4,17,20,16,21,15,22,14,23,13,24,12,25,12,25,11,26,11,26,11,26,12,26,12,26,12,26,12,27,12,26,12,26,12,25,12,24,13,24,13,23,13,23,13,22,14,22,14,21,15,21,14,20]"
CSI_DATA,35774,d8:b1:90:db:e8:90,-54,11,1,7,0,0,1,0,0,0,1,-95,0,8,0,560473640,0,100,0,128,1,"[100,-64,5,0,-21,-11,-21,-10,-20,-9,-20,-7,-20,-6,-20,-6,-20,-5,-19,-4,-18,-3,-18,-2,-18,-3,-19,-3,-18,-2,-18,-2,-18,-1,-18,0,-18,0,-19,0,-19,0,-19,0,-18,0,-18,-1,-19,-1,-19,-1,-20,-2,-5,-1,0,0,0,0,0,0,0,0,0,0,0,0,0,0,0,0,0,0,-7,-3,-28,-10,-27,-11,-26,-13,-25,-15,-25,-16,-25,-17,-25,-17,-25,-18,-24,-19,-24,-19,-24,-19,-24,-19,-24,-19,-23,-19,-23,-19,-22,-19,-22,-18,-22,-18,-22,-17,-23,-16,-23,-16,-23,-15,-23,-14,-23,-13,-23,-13,-23,-12]"
CSI_DATA,35775,d8:b1:90:db:e8:90,-54,11,1,7,0,0,1,0,0,0,1,-95,0,8,0,560484532,0,100,0,128,1,"[100,-64,5,0,-24,4,-23,4,-22,5,-21,6,-20,7,-19,7,-18,7,-17,8,-17,9,-16,9,-16,9,-16,9,-16,9,-16,9,-15,10,-15,11,-15,11,-16,11,-16,10,-16,10,-16,10,-15,10,-16,10,-17,10,-18,9,-5,2,0,0,0,0,0,0,0,0,0,0,0,0,0,0,0,0,0,0,-8,2,-29,8,-30,6,-30,3,-31,2,-31,1,-31,0,-32,-1,-32,-1,-32,-2,-32,-3,-32,-3,-31,-3,-31,-3,-31,-3,-30,-4,-30,-3,-29,-2,-29,-2,-29,-1,-29,-1,-28,0,-28,1,-27,2,-27,2,-26,2,-26,3]"
CSI_DATA,35776,d8:b1:90:db:e8:90,-54,11,1,7,0,0,1,0,0,0,1,-95,0,8,0,560494789,0,100,0,128,1,"[100,-64,5,0,-3,-23,-4,-22,-4,-22,-4,-21,-5,-20,-6,-19,-6,-18,-7,-17,-8,-17,-8,-16,-9,-16,-10,-16,-10,-16,-10,-15,-10,-15,-10,-16,-10,-16,-10,-15,-10,-16,-10,-16,-10,-16,-10,-17,-9,-17,-9,-17,-8,-17,-2,-5,0,0,0,0,0,0,0,0,0,0,0,0,0,0,0,0,0,0,-2,-8,-6,-31,-4,-32,-3,-32,-1,-32,0,-32,0,-33,1,-33,1,-34,2,-34,3,-33,3,-34,4,-33,3,-33,3,-33,3,-32,3,-32,3,-31,2,-31,2,-30,1,-29,0,-28,-1,-28,-1,-28,-1,-27,-2,-27,-2,-26]"
CSI_DATA,35777,d8:b1:90:db:e8:90,-54,11,1,7,0,0,1,0,0,0,1,-95,0,8,0,560505261,0,100,0,128,1,"[100,-64,5,0,19,-5,18,-5,18,-6,17,-6,16,-6,15,-7,14,-7,14,-8,13,-9,13,-9,12,-9,12,-10,12,-10,12,-10,12,-10,12,-11,13,-11,13,-11,13,-11,13,-11,13,-11,13,-10,13,-10,14,-9,15,-9,3,-2,0,0,0,0,0,0,0,0,0,0,0,0,0,0,0,0,0,0,6,-2,26,-8,27,-6,28,-5,28,-4,28,-3,28,-3,28,-2,29,-1,29,-1,29,-1,29,0,29,0,29,0,28,0,27,0,27,0,26,-1,26,-1,25,-2,24,-2,24,-3,23,-3,23,-4,23,-4,22,-4,22,-5]"
CSI_DATA,35778,d8:b1:90:db:e8:90,-54,11,1,7,0,0,1,0,0,0,1,-95,0,8,0,560516826,0,100,0,128,1,"[100,-64,5,0,-21,3,-20,4,-19,4,-18,5,-17,5,-16,5,-15,6,-15,7,-14,7,-14,7,-13,7,-13,8,-13,9,-14,9,-14,10,-14,10,-14,10,-14,10,-14,10,-15,10,-15,10,-15,9,-15,9,-16,9,-17,9,-5,2,0,0,0,0,0,0,0,0,0,0,0,0,0,0,0,0,0,0,-8,1,-30,5,-31,4,-31,3,-31,2,-31,1,-31,0,-32,0,-32,-1,-32,-1,-32,-2,-31,-2,-30,-3,-30,-3,-30,-3,-30,-2,-29,-2,-29,-1,-28,-1,-28,0,-27,0,-27,1,-26,1,-25,2,-24,3,-23,3,-23,3]"
CSI_DATA,35779,d8:b1:90:db:e8:90,-56,11,1,7,0,0,1,0,0,0,1,-95,0,8,0,560541434,0,100,0,128,1,"[100,-64,5,0,-15,-10,-15,-9,-15,-8,-14,-7,-14,-7,-14,-6,-14,-5,-14,-4,-14,-4,-14,-4,-14,-4,-15,-3,-15,-2,-16,-2,-16,-2,-16,-3,-16,-3,-16,-2,-16,-2,-16,-2,-17,-3,-17,-4,-17,-4,-18,-5,-18,-5,-5,-2,0,0,0,0,0,0,0,0,0,0,0,0,0,0,0,0,0,0,-7,-4,-25,-16,-24,-17,-23,-19,-22,-20,-21,-21,-21,-21,-21,-22,-21,-22,-20,-22,-20,-22,-19,-22,-19,-22,-18,-22,-18,-21,-18,-21,-18,-20,-18,-19,-18,-18,-18,-18,-18,-16,-17,-16,-17,-15,-17,-14,-17,-13,-17,-12,-16,-12]"
CSI_DATA,35780,d8:b1:90:db:e8:90,-57,11,1,7,0,0,1,0,0,0,1,-95,0,8,0,560556781,0,100,0,128,1,"[100,-64,5,0,15,-2,14,-2,14,-2,13,-2,13,-3,12,-3,12,-4,12,-5,12,-5,12,-5,12,-6,12,-6,12,-7,12,-7,13,-8,13,-8,13,-8,14,-8,13,-8,13,-9,13,-8,13,-8,14,-8,15,-8,16,-7,4,-2,0,0,0,0,0,0,0,0,0,0,0,0,0,0,0,0,0,0,6,-1,27,-1,27,1,27,2,27,3,27,4,27,5,27,5,27,5,26,6,26,6,25,6,25,6,25,6,24,6,24,6,23,5,22,4,22,4,21,3,21,3,20,2,20,1,19,0,18,0,18,0,17,-1]"
CSI_DATA,35781,d8:b1:90:db:e8:90,-56,11,1,7,0,0,1,0,0,0,1,-95,0,8,0,560566927,0,100,0,128,1,"[100,-64,5,0,4,15,4,14,5,13,5,12,5,12,6,11,6,11,6,11,6,11,7,11,7,11,8,11,8,11,8,11,9,11,9,12,10,12,10,12,10,12,10,12,11,12,11,13,10,13,10,13,10,14,2,3,0,0,0,0,0,0,0,0,0,0,0,0,0,0,0,0,0,0,2,6,7,27,6,27,4,27,2,28,2,28,1,28,1,28,1,28,0,28,0,28,0,27,0,27,0,26,0,25,0,24,0,23,1,23,1,22,2,21,2,20,3,19,4,19,4,18,4,17,4,16,4,16]"
CSI_DATA,35782,d8:b1:90:db:e8:90,-57,11,1,7,0,0,1,0,0,0,1,-95,0,8,0,560579875,0,100,0,128,1,"[100,-64,5,0,14,8,13,7,13,6,13,6,13,5,12,5,12,4,13,3,13,2,13,2,14,3,15,2,15,2,15,1,16,1,17,1,17,1,17,1,17,1,18,0,18,1,18,2,18,2,19,2,19,3,4,0,0,0,0,0,0,0,0,0,0,0,0,0,0,0,0,0,0,0,6,3,26,16,25,17,23,18,22,19,22,20,21,20,21,21,21,21,20,21,20,22,20,21,19,21,19,20,18,20,18,19,17,18,17,17,17,16,17,15,16,14,16,13,16,12,15,11,15,10,15,10,15,9]"
CSI_DATA,35783,d8:b1:90:db:e8:90,-58,11,1,7,0,0,1,0,0,0,1,-95,0,8,0,560590827,0,100,0,128,1,"[100,-64,5,0,-13,-9,-13,-9,-13,-8,-13,-8,-13,-8,-13,-8,-13,-7,-14,-7,-14,-6,-15,-6,-16,-6,-17,-6,-17,-6,-17,-5,-18,-5,-18,-5,-18,-5,-18,-5,-18,-5,-19,-6,-19,-6,-19,-7,-19,-7,-20,-7,-20,-8,-5,-2,0,0,0,0,0,0,0,0,0,0,0,0,0,0,0,0,0,0,-6,-6,-20,-22,-19,-22,-18,-23,-17,-23,-16,-23,-16,-24,-15,-24,-15,-24,-14,-24,-14,-24,-14,-23,-14,-23,-14,-22,-14,-21,-14,-21,-14,-19,-14,-18,-14,-17,-14,-16,-13,-15,-13,-14,-13,-14,-14,-13,-14,-12,-13,-11,-13,-11]"
CSI_DATA,35784,d8:b1:90:db:e8:90,-58,11,1,7,0,0,1,0,0,0,1,-95,0,8,0,560602186,0,100,0,128,1,"[100,-64,5,0,-14,7,-14,7,-13,8,-13,8,-13,8,-12,8,-12,9,-12,10,-12,10,-12,11,-12,11,-12,12,-12,13,-12,13,-12,13,-12,14,-13,14,-13,14,-13,14,-13,14,-13,14,-13,14,-14,14,-15,14,-16,13,-4,3,0,0,0,0,0,0,0,0,0,0,0,0,0,0,0,0,0,0,-7,2,-26,10,-27,9,-27,7,-27,6,-27,6,-27,5,-27,4,-27,4,-27,4,-27,3,-26,4,-26,4,-25,4,-24,4,-23,4,-22,4,-21,4,-20,5,-19,5,-19,5,-18,6,-17,6,-17,6,-16,7,-16,7,-15,7]"
CSI_DATA,35785,d8:b1:90:db:e8:90,-57,11,1,7,0,0,1,0,0,0,1,-95,0,8,0,560614177,0,100,0,128,1,"[100,-64,5,0,3,-16,1,-15,-3,-18,1,-19,0,-16,-4,-16,-5,-16,-5,-17,-6,-17,-7,-17,-9,-17,-10,-17,-11,-17,-10,-18,-11,-18,-12,-18,-11,-18,-11,-18,-11,-18,-12,-18,-12,-18,-12,-18,-12,-19,-12,-19,-12,-20,-3,-5,0,0,0,0,0,0,0,0,0,0,0,0,0,0,0,0,0,0,2,-7,9,-28,10,-28,11,-27,12,-27,12,-26,13,-26,13,-25,13,-26,13,-25,13,-25,12,-24,11,-24,10,-24,10,-24,9,-23,9,-22,8,-21,6,-21,5,-20,5,-20,4,-19,3,-19,3,-19,2,-19,1,-18,0,-18]"
CSI_DATA,35786,d8:b1:90:db:e8:90,-58,11,1,7,0,0,1,0,0,0,1,-95,0,8,0,560626431,0,100,0,128,1,"[100,-64,5,0,-15,13,-14,13,-13,13,-13,14,-12,14,-12,14,-12,14,-12,15,-11,16,-11,16,-11,16,-10,18,-10,19,-10,19,-10,20,-10,20,-11,20,-11,20,-11,20,-11,20,-11,20,-11,20,-12,20,-13,20,-15,20,-4,5,0,0,0,0,0,0,0,0,0,0,0,0,0,0,0,0,0,0,-7,4,-27,17,-28,16,-28,14,-28,12,-28,11,-28,10,-27,10,-28,10,-30,10,-29,9,-26,9,-26,9,-26,8,-25,8,-25,9,-24,9,-24,9,-22,10,-21,10,-20,10,-19,10,-18,11,-17,11,-16,11,-16,11,-16,12]"
CSI_DATA,35787,d8:b1:90:db:e8:90,-57,11,1,7,0,0,1,0,0,0,1,-95,0,8,0,560661308,0,100,0,128,1,"[100,-64,5,0,19,-3,18,-3,18,-4,18,-4,18,-4,18,-5,17,-5,17,-6,16,-6,16,-6,16,-6,16,-7,16,-7,17,-7,17,-7,17,-7,17,-7,17,-6,17,-6,17,-6,17,-5,17,-5,17,-4,18,-4,19,-3,4,-1,0,0,0,0,0,0,0,0,0,0,0,0,0,0,0,0,0,0,7,0,28,0,27,2,27,3,27,4,27,5,27,5,27,5,26,6,26,6,26,7,26,7,25,7,25,7,24,7,24,6,23,5,22,5,22,4,22,3,22,2,21,2,21,1,21,0,21,-1,21,-1,20,-2]"
CSI_DATA,35788,d8:b1:90:db:e8:90,-57,11,1,7,0,0,1,0,0,0,1,-95,0,8,0,560672823,0,100,0,128,1,"[100,-64,5,0,7,18,7,17,7,16,7,16,8,15,8,15,8,14,8,14,8,13,8,13,8,13,9,14,9,14,9,13,9,13,9,13,9,13,9,12,9,12,9,12,9,13,8,13,8,13,8,13,7,14,1,3,0,0,0,0,0,0,0,0,0,0,0,0,0,0,0,0,0,0,2,6,8,24,7,25,6,25,5,25,4,25,4,26,3,26,3,26,2,26,2,26,1,26,1,26,1,26,1,25,2,24,2,23,3,23,3,22,4,22,4,21,5,21,5,20,5,20,5,19,5,19,6,19]"
CSI_DATA,35789,d8:b1:90:db:e8:90,-57,11,1,7,0,0,1,0,0,0,1,-95,0,8,0,560684624,0,100,0,128,1,"[100,-64,5,0,1,17,1,17,1,16,2,16,2,16,2,15,3,15,3,15,3,14,3,14,4,14,4,14,4,14,4,14,4,14,5,14,4,14,4,14,4,13,4,13,4,13,4,14,4,14,3,14,3,14,0,3,0,0,0,0,0,0,0,0,0,0,0,0,0,0,0,0,0,0,0,6,1,25,0,24,-2,24,-3,24,-4,25,-4,25,-4,26,-5,26,-5,26,-5,25,-5,25,-5,25,-5,24,-5,24,-5,23,-5,23,-4,22,-4,22,-3,22,-3,21,-2,21,-2,20,-1,20,0,19,0,19,0,19]"
CSI_DATA,35790,d8:b1:90:db:e8:90,-57,11,1,7,0,0,1,0,0,0,1,-95,0,8,0,560695023,0,100,0,128,1,"[100,-64,5,0,-18,8,-17,8,-17,7,-17,7,-16,7,-15,7,-15,8,-14,9,-14,9,-14,9,-13,9,-13,9,-13,9,-13,10,-13,10,-13,10,-14,10,-14,10,-13,10,-13,10,-13,9,-13,9,-13,9,-14,9,-15,9,-4,2,0,0,0,0,0,0,0,0,0,0,0,0,0,0,0,0,0,0,-7,2,-27,9,-27,8,-28,6,-28,5,-29,4,-29,4,-29,4,-29,4,-29,4,-29,3,-29,2,-28,2,-28,3,-28,3,-27,3,-26,4,-25,4,-25,4,-25,4,-24,5,-23,5,-22,6,-21,6,-20,6,-20,7,-20,7]"
CSI_DATA,35791,d8:b1:90:db:e8:90,-57,11,1,7,0,0,1,0,0,0,1,-95,0,8,0,560706451,0,100,0,128,1,"[100,-64,5,0,6,16,7,15,7,15,7,14,7,14,7,13,7,13,7,12,7,11,7,11,8,11,8,12,8,11,8,11,9,11,9,11,9,11,9,10,9,10,9,10,9,10,9,10,9,10,9,11,8,12,2,3,0,0,0,0,0,0,0,0,0,0,0,0,0,0,0,0,0,0,2,6,9,25,8,25,6,25,4,25,3,25,3,25,3,26,2,26,2,26,2,26,2,26,2,26,2,26,2,25,2,24,2,24,3,23,3,22,3,21,4,21,4,20,5,20,5,19,5,18,6,18,6,17]"
CSI_DATA,35792,d8:b1:90:db:e8:90,-57,11,1,7,0,0,1,0,0,0,1,-95,0,8,0,560716471,0,100,0,128,1,"[100,-64,5,0,6,-18,5,-17,4,-17,4,-17,3,-16,3,-16,2,-16,2,-16,2,-16,1,-15,1,-15,0,-16,0,-16,1,-15,1,-15,0,-16,1,-16,1,-15,1,-15,1,-15,1,-15,1,-15,1,-15,2,-15,3,-15,0,-4,0,0,0,0,0,0,0,0,0,0,0,0,0,0,0,0,0,0,2,-7,9,-25,11,-24,12,-24,13,-24,14,-24,14,-23,15,-23,15,-23,15,-22,16,-22,16,-22,16,-22,16,-21,16,-21,15,-21,14,-21,14,-21,13,-20,12,-19,11,-19,10,-19,10,-19,10,-19,9,-19,9,-19,8,-19]"
CSI_DATA,35793,d8:b1:90:db:e8:90,-56,11,1,7,0,0,1,0,0,0,1,-95,0,8,0,560727245,0,100,0,128,1,"[100,-64,5,0,-15,9,-15,9,-14,10,-13,10,-13,9,-12,9,-11,10,-11,10,-11,10,-10,10,-10,10,-10,11,-10,11,-10,11,-10,11,-10,12,-11,12,-11,12,-11,11,-11,11,-10,11,-10,11,-11,11,-12,11,-12,10,-3,2,0,0,0,0,0,0,0,0,0,0,0,0,0,0,0,0,0,0,-6,3,-24,13,-25,11,-25,10,-26,9,-27,8,-27,8,-27,7,-27,8,-27,8,-28,8,-27,7,-26,6,-25,7,-26,7,-26,7,-25,7,-24,7,-23,8,-22,8,-21,8,-20,8,-19,8,-19,9,-19,9,-18,9,-17,9]"
CSI_DATA,35794,d8:b1:90:db:e8:90,-56,11,1,7,0,0,1,0,0,0,1,-95,0,8,0,560749502,0,100,0,128,1,"[100,-64,5,0,-5,18,-5,17,-4,17,-3,16,-3,16,-2,15,-2,15,-1,14,-1,14,-1,14,1,14,2,14,2,14,2,14,2,14,2,15,2,15,1,15,1,15,1,15,1,16,1,16,1,15,0,15,-1,16,-1,4,0,0,0,0,0,0,0,0,0,0,0,0,0,0,0,0,0,0,-2,6,-8,27,-9,26,-10,26,-11,25,-12,25,-12,25,-12,25,-12,25,-12,25,-13,25,-14,25,-14,24,-14,24,-13,23,-12,23,-12,22,-11,22,-11,22,-10,21,-9,21,-8,20,-8,20,-8,19,-7,19,-7,19,-7,19]"
CSI_DATA,35795,d8:b1:90:db:e8:90,-57,11,1,7,0,0,1,0,0,0,1,-95,0,8,0,560761540,0,100,0,128,1,"[100,-64,5,0,15,-10,14,-9,13,-10,13,-10,12,-10,11,-10,10,-10,10,-11,10,-11,9,-11,8,-11,8,-12,7,-12,8,-12,8,-13,8,-12,8,-13,8,-12,8,-12,9,-12,9,-12,9,-11,9,-11,10,-11,11,-11,2,-3,0,0,0,0,0,0,0,0,0,0,0,0,0,0,0,0,0,0,6,-4,25,-12,25,-11,25,-10,25,-9,25,-8,26,-8,26,-8,26,-8,26,-8,26,-7,27,-6,27,-6,26,-6,25,-6,25,-7,24,-7,23,-8,22,-8,21,-8,20,-8,19,-8,19,-9,19,-9,18,-9,18,-9,17,-9]"
CSI_DATA,35796,d8:b1:90:db:e8:90,-57,11,1,7,0,0,1,0,0,0,1,-95,0,8,0,560775069,0,100,0,128,1,"[100,-64,5,0,9,-15,8,-14,7,-14,7,-14,6,-14,5,-13,5,-13,5,-14,5,-14,4,-14,4,-14,3,-14,3,-15,3,-15,3,-15,3,-15,4,-15,4,-15,4,-16,3,-16,3,-16,3,-16,4,-16,5,-16,5,-16,1,-4,0,0,0,0,0,0,0,0,0,0,0,0,0,0,0,0,0,0,4,-6,16,-21,17,-20,18,-20,19,-19,19,-18,20,-18,20,-18,20,-18,21,-18,21,-17,21,-17,20,-17,20,-17,19,-17,18,-16,18,-16,17,-17,16,-17,16,-16,15,-16,14,-16,14,-16,13,-16,12,-16,12,-15,12,-16]"
CSI_DATA,35797,d8:b1:90:db:e8:90,-57,11,1,7,0,0,1,0,0,0,1,-95,0,8,0,560786888,0,100,0,128,1,"[100,-64,5,0,-10,13,-9,13,-8,13,-8,13,-7,13,-6,12,-6,12,-5,13,-5,13,-4,13,-4,13,-3,14,-3,15,-3,15,-3,15,-3,16,-3,16,-3,16,-3,16,-2,16,-2,16,-2,16,-3,16,-4,16,-5,17,-2,4,0,0,0,0,0,0,0,0,0,0,0,0,0,0,0,0,0,0,-4,5,-17,22,-18,21,-19,20,-19,19,-20,19,-21,18,-21,18,-21,18,-21,17,-21,17,-21,16,-20,16,-20,16,-19,15,-19,15,-19,15,-18,15,-18,15,-17,14,-16,14,-15,14,-14,14,-14,15,-13,15,-12,14,-12,14]"
CSI_DATA,35798,d8:b1:90:db:e8:90,-56,11,1,7,0,0,1,0,0,0,1,-95,0,8,0,560796986,0,100,0,128,1,"[100,-64,5,0,7,15,7,14,7,13,8,12,8,12,8,11,8,11,8,10,8,9,9,9,10,9,11,10,11,9,11,9,12,9,12,10,12,9,12,9,12,9,12,10,13,11,12,11,12,11,12,12,11,12,2,3,0,0,0,0,0,0,0,0,0,0,0,0,0,0,0,0,0,0,2,6,10,26,9,27,8,27,7,27,6,27,5,28,5,28,4,28,3,28,3,28,3,27,3,26,3,26,3,26,3,25,3,24,3,24,3,23,4,22,4,21,5,21,5,20,6,20,6,19,6,18,6,18]"
CSI_DATA,35799,d8:b1:90:db:e8:90,-57,11,1,7,0,0,1,0,0,0,1,-95,0,8,0,560807408,0,100,0,128,1,"[100,-64,5,0,15,-2,15,-2,14,-3,13,-3,13,-3,13,-4,12,-4,12,-5,12,-6,12,-6,12,-6,12,-8,12,-8,13,-9,13,-9,13,-9,13,-10,13,-10,14,-10,14,-10,14,-10,14,-9,14,-9,15,-9,16,-8,4,-2,0,0,0,0,0,0,0,0,0,0,0,0,0,0,0,0,0,0,6,-1,27,-2,27,0,27,1,27,2,27,3,26,3,26,4,26,4,26,5,26,5,25,5,24,5,24,5,23,5,23,4,23,4,22,3,21,3,21,2,20,2,19,1,19,1,19,0,18,0,18,-1,17,-1]"
CSI_DATA,35800,d8:b1:90:db:e8:90,-57,11,1,7,0,0,1,0,0,0,1,-95,0,8,0,560817537,0,100,0,128,1,"[100,-64,5,0,-10,-14,-10,-13,-9,-12,-10,-12,-10,-11,-10,-10,-10,-9,-11,-9,-11,-8,-11,-8,-12,-9,-13,-9,-13,-8,-13,-8,-14,-8,-14,-8,-14,-8,-13,-8,-13,-8,-14,-9,-14,-9,-14,-10,-14,-10,-14,-10,-14,-10,-4,-3,0,0,0,0,0,0,0,0,0,0,0,0,0,0,0,0,0,0,-4,-7,-13,-25,-12,-25,-10,-26,-9,-27,-8,-27,-8,-27,-8,-27,-7,-27,-7,-27,-6,-27,-6,-27,-6,-27,-6,-26,-6,-25,-6,-25,-6,-24,-7,-23,-7,-22,-8,-22,-8,-21,-9,-20,-9,-19,-9,-18,-9,-18,-9,-17,-9,-16]"
CSI_DATA,35801,d8:b1:90:db:e8:90,-57,11,1,7,0,0,1,0,0,0,1,-95,0,8,0,560848817,0,100,0,128,1,"[100,-64,5,0,-17,-2,-16,-2,-16,-1,-15,-1,-15,-1,-14,0,-14,0,-14,1,-15,2,-15,2,-15,2,-15,3,-15,3,-16,4,-16,4,-17,4,-17,4,-18,4,-18,4,-18,5,-18,4,-18,4,-18,4,-19,3,-19,3,-5,0,0,0,0,0,0,0,0,0,0,0,0,0,0,0,0,0,0,0,-7,-2,-27,-8,-26,-9,-25,-10,-25,-10,-24,-11,-25,-12,-25,-12,-25,-13,-25,-13,-25,-13,-24,-13,-24,-13,-24,-12,-23,-12,-22,-11,-22,-10,-21,-10,-21,-9,-20,-8,-20,-7,-19,-7,-19,-6,-19,-5,-18,-4,-18,-4,-18,-4]"
CSI_DATA,35802,d8:b1:90:db:e8:90,-57,11,1,7,0,0,1,0,0,0,1,-95,0,8,0,560864307,0,100,0,128,1,"[100,-64,5,0,2,-15,1,-14,1,-14,0,-14,0,-13,-1,-13,-1,-13,-2,-13,-3,-14,-3,-14,-4,-14,-5,-14,-5,-15,-5,-15,-5,-15,-6,-16,-5,-16,-5,-16,-5,-16,-5,-17,-6,-17,-6,-18,-5,-17,-5,-17,-5,-17,-2,-5,0,0,0,0,0,0,0,0,0,0,0,0,0,0,0,0,0,0,2,-7,9,-27,10,-26,11,-25,12,-24,13,-24,13,-24,14,-24,14,-23,15,-23,14,-23,14,-23,14,-22,13,-22,13,-21,12,-21,11,-20,11,-20,10,-20,8,-19,7,-19,7,-19,6,-18,6,-18,5,-18,5,-17,4,-17]"
CSI_DATA,35803,d8:b1:90:db:e8:90,-57,11,1,7,0,0,1,0,0,0,1,-95,0,8,0,560875949,0,100,0,128,1,"[100,-64,5,0,-15,4,-14,4,-13,5,-13,5,-13,6,-12,6,-12,7,-11,7,-11,7,-11,7,-11,8,-11,9,-12,10,-12,10,-12,11,-12,11,-13,12,-13,11,-14,11,-14,11,-14,11,-14,11,-14,11,-15,11,-16,11,-4,2,0,0,0,0,0,0,0,0,0,0,0,0,0,0,0,0,0,0,-7,1,-27,7,-27,6,-27,4,-28,3,-28,2,-28,2,-28,2,-27,1,-27,1,-27,1,-27,1,-26,1,-26,0,-25,1,-25,1,-24,2,-23,2,-22,2,-22,3,-21,3,-21,4,-20,4,-19,4,-18,4,-18,5,-17,5]"
CSI_DATA,35804,d8:b1:90:db:e8:90,-57,11,1,7,0,0,1,0,0,0,1,-95,0,8,0,560887754,0,100,0,128,1,"[100,-64,5,0,-14,-8,-14,-8,-13,-7,-13,-6,-13,-5,-13,-5,-13,-5,-14,-4,-14,-4,-14,-3,-15,-3,-16,-3,-16,-3,-16,-3,-17,-2,-18,-2,-18,-2,-18,-2,-19,-2,-19,-2,-19,-3,-19,-4,-19,-4,-19,-4,-19,-5,-5,-2,0,0,0,0,0,0,0,0,0,0,0,0,0,0,0,0,0,0,-6,-4,-23,-15,-22,-16,-21,-17,-20,-18,-20,-18,-19,-18,-19,-19,-19,-19,-19,-20,-18,-19,-18,-19,-18,-18,-17,-18,-17,-18,-16,-17,-15,-16,-15,-15,-16,-15,-16,-14,-16,-13,-16,-13,-15,-12,-15,-11,-15,-10,-15,-10,-14,-9]"
CSI_DATA,35805,d8:b1:90:db:e8:90,-55,11,1,7,0,0,1,0,0,0,1,-95,0,8,0,560898426,0,100,0,128,1,"[100,-64,5,0,-6,15,-5,14,-4,14,-3,13,-3,13,-2,12,-1,12,-1,13,-1,13,-1,13,0,14,1,14,1,15,0,15,1,16,1,16,1,17,1,17,0,17,1,17,1,17,1,18,0,18,-1,18,-2,18,-1,4,0,0,0,0,0,0,0,0,0,0,0,0,0,0,0,0,0,0,-4,6,-13,25,-14,24,-15,23,-16,23,-17,22,-17,22,-18,22,-18,21,-18,21,-18,21,-18,20,-17,20,-17,19,-16,19,-16,19,-15,18,-14,18,-14,18,-13,18,-11,18,-10,18,-10,17,-9,17,-9,16,-8,16,-7,16]"
CSI_DATA,35806,d8:b1:90:db:e8:90,-57,11,1,7,0,0,1,0,0,0,1,-95,0,8,0,560916429,0,100,0,128,1,"[100,-64,5,0,5,14,5,13,5,12,6,12,6,11,7,11,7,10,7,10,7,10,8,10,9,10,9,10,10,11,10,10,10,11,11,11,11,12,10,12,10,12,11,12,11,12,11,13,11,13,11,14,10,14,2,3,0,0,0,0,0,0,0,0,0,0,0,0,0,0,0,0,0,0,1,6,6,26,4,26,3,26,2,26,1,26,1,26,1,25,1,25,0,25,0,25,0,25,0,25,0,24,0,23,0,23,1,22,1,21,2,20,2,20,3,19,3,18,4,18,4,17,4,16,5,16,5,16]"
CSI_DATA,35807,d8:b1:90:db:e8:90,-58,11,1,7,0,0,1,0,0,0,1,-95,0,8,0,560926883,0,100,0,128,1,"[100,-64,5,0,10,-10,9,-9,9,-9,8,-9,8,-9,8,-9,7,-10,8,-11,7,-12,7,-12,7,-12,7,-13,7,-13,7,-13,8,-14,7,-15,8,-15,8,-15,8,-15,8,-15,8,-15,8,-15,8,-15,10,-16,11,-16,2,-4,0,0,0,0,0,0,0,0,0,0,0,0,0,0,0,0,0,0,4,-4,19,-16,20,-16,20,-15,21,-14,22,-13,22,-13,21,-12,21,-12,22,-11,22,-11,21,-11,21,-11,21,-10,20,-10,19,-10,18,-10,18,-10,17,-10,16,-10,16,-10,15,-10,14,-10,13,-10,13,-10,12,-10,12,-11]"
CSI_DATA,35808,d8:b1:90:db:e8:90,-57,11,1,7,0,0,1,0,0,0,1,-95,0,8,0,560959713,0,100,0,128,1,"[100,-64,5,0,-3,-18,-3,-17,-5,-13,-7,-14,-6,-14,-7,-13,-9,-14,-10,-13,-11,-12,-12,-14,-12,-13,-13,-10,-13,-11,-11,-11,-12,-12,-13,-15,-14,-14,-16,-12,-14,-12,-13,-11,-14,-12,-13,-13,-12,-12,-15,-13,-15,-17,-4,-5,0,0,0,0,0,0,0,0,0,0,0,0,0,0,0,0,0,0,2,-6,10,-23,10,-23,10,-25,11,-25,10,-25,10,-25,12,-24,12,-24,12,-24,11,-23,9,-23,10,-23,10,-22,8,-22,8,-23,6,-21,5,-20,6,-21,4,-21,1,-21,1,-21,1,-19,0,-20,0,-20,-2,-17,-5,-17]"
CSI_DATA,35809,d8:b1:90:db:e8:90,-57,11,1,7,0,0,1,0,0,0,1,-95,0,8,0,560970722,0,100,0,128,1,"[100,-64,5,0,10,-11,9,-11,9,-12,8,-12,8,-12,7,-12,7,-12,7,-13,7,-14,6,-14,6,-14,6,-15,5,-16,6,-16,6,-16,5,-17,6,-17,6,-17,6,-17,6,-17,6,-17,6,-17,7,-17,8,-17,9,-16,2,-4,0,0,0,0,0,0,0,0,0,0,0,0,0,0,0,0,0,0,4,-5,19,-17,20,-17,20,-16,20,-15,20,-15,20,-14,20,-14,20,-13,21,-12,22,-11,22,-11,21,-12,20,-12,20,-11,20,-11,19,-12,18,-12,17,-12,16,-12,15,-12,14,-12,14,-12,13,-12,13,-13,12,-13,12,-12]"
CSI_DATA,35810,d8:b1:90:db:e8:90,-57,11,1,7,0,0,1,0,0,0,1,-95,0,8,0,560981262,0,100,0,128,1,"[100,-64,5,0,16,0,15,-1,15,-1,15,-2,15,-2,14,-2,14,-3,14,-3,14,-4,14,-4,15,-4,15,-5,16,-5,16,-6,16,-6,16,-6,16,-6,17,-6,17,-6,17,-6,18,-6,18,-5,18,-5,18,-5,19,-4,4,-1,0,0,0,0,0,0,0,0,0,0,0,0,0,0,0,0,0,0,6,0,25,4,25,5,25,6,24,7,24,8,25,8,24,8,24,9,24,9,24,9,23,9,23,9,22,8,22,8,21,8,21,7,20,7,20,6,20,6,19,5,19,4,19,4,18,3,18,2,18,2,17,1]"
CSI_DATA,35811,d8:b1:90:db:e8:90,-57,11,1,7,0,0,1,0,0,0,1,-95,0,8,0,560996927,0,100,0,128,1,"[100,-64,5,0,5,15,6,14,6,14,7,14,7,13,7,13,7,12,7,12,8,12,8,12,9,12,10,12,10,13,10,13,10,13,10,13,10,13,9,13,9,13,10,14,10,14,10,14,10,14,9,15,8,15,2,3,0,0,0,0,0,0,0,0,0,0,0,0,0,0,0,0,0,0,1,5,7,23,6,24,4,24,3,24,3,25,2,25,2,25,1,25,1,26,1,25,1,25,1,24,1,24,1,23,1,22,1,22,1,21,1,21,2,20,2,20,3,19,3,19,4,18,5,18,5,17,5,17]"
CSI_DATA,35812,d8:b1:90:db:e8:90,-56,11,1,7,0,0,1,0,0,0,1,-95,0,8,0,561021764,0,100,0,128,1,"[100,-64,5,0,-15,-12,-15,-12,-15,-11,-15,-10,-15,-10,-15,-9,-15,-9,-15,-8,-15,-7,-15,-7,-16,-7,-17,-7,-17,-7,-17,-6,-17,-6,-17,-6,-17,-6,-17,-6,-17,-6,-18,-6,-18,-7,-18,-7,-18,-7,-18,-8,-18,-9,-5,-3,0,0,0,0,0,0,0,0,0,0,0,0,0,0,0,0,0,0,-6,-5,-20,-17,-20,-18,-18,-19,-17,-20,-17,-21,-16,-21,-16,-21,-17,-21,-17,-21,-16,-22,-15,-21,-15,-21,-14,-21,-14,-20,-14,-20,-13,-19,-14,-19,-14,-18,-14,-17,-15,-16,-15,-15,-15,-15,-15,-15,-16,-15,-16,-14,-15,-14]"
CSI_DATA,35813,d8:b1:90:db:e8:90,-55,11,1,7,0,0,1,0,0,0,1,-95,0,8,0,561053840,0,100,0,128,1,"[100,-64,5,0,-16,-12,-15,-11,-15,-10,-16,-10,-16,-10,-16,-9,-16,-9,-16,-8,-16,-8,-16,-8,-16,-8,-17,-8,-18,-8,-18,-7,-18,-7,-18,-7,-18,-6,-18,-7,-18,-7,-18,-7,-18,-8,-18,-8,-18,-8,-18,-9,-17,-9,-5,-3,0,0,0,0,0,0,0,0,0,0,0,0,0,0,0,0,0,0,-6,-4,-22,-16,-20,-17,-19,-18,-19,-19,-18,-19,-18,-20,-18,-20,-18,-20,-17,-20,-17,-20,-16,-20,-16,-20,-16,-20,-16,-20,-15,-19,-15,-18,-15,-17,-15,-17,-15,-16,-15,-16,-15,-15,-15,-15,-16,-14,-16,-14,-16,-13,-16,-13]"
CSI_DATA,35814,d8:b1:90:db:e8:90,-57,11,1,7,0,0,1,0,0,0,1,-95,0,8,0,561067869,0,100,0,128,1,"[100,-64,5,0,-16,9,-15,9,-15,9,-15,10,-15,10,-14,10,-14,10,-14,10,-14,11,-13,11,-13,11,-14,12,-14,12,-14,13,-13,13,-13,13,-13,13,-13,13,-14,13,-14,13,-14,13,-13,13,-14,13,-15,13,-16,13,-4,3,0,0,0,0,0,0,0,0,0,0,0,0,0,0,0,0,0,0,-6,2,-23,10,-23,9,-24,8,-24,7,-24,7,-24,6,-24,6,-24,5,-24,5,-24,5,-24,5,-23,5,-23,5,-22,4,-22,4,-21,5,-21,5,-20,6,-20,6,-20,6,-19,7,-18,7,-18,8,-17,8,-17,8,-17,9]"
CSI_DATA,35815,d8:b1:90:db:e8:90,-57,11,1,7,0,0,1,0,0,0,1,-95,0,8,0,561080397,0,100,0,128,1,"[100,-64,5,0,-10,-17,-10,-16,-10,-16,-10,-16,-10,-15,-11,-15,-11,-15,-10,-15,-10,-14,-11,-14,-11,-14,-12,-15,-13,-15,-12,-14,-13,-14,-13,-14,-12,-14,-12,-14,-12,-14,-12,-14,-12,-15,-12,-15,-12,-15,-12,-16,-11,-16,-3,-5,0,0,0,0,0,0,0,0,0,0,0,0,0,0,0,0,0,0,-3,-6,-12,-23,-10,-23,-9,-24,-8,-24,-7,-25,-7,-25,-7,-25,-6,-25,-6,-25,-5,-25,-5,-24,-5,-24,-5,-23,-5,-23,-5,-23,-5,-22,-5,-22,-6,-21,-6,-21,-7,-21,-7,-20,-8,-20,-8,-19,-9,-18,-9,-18,-8,-18]"
CSI_DATA,35816,d8:b1:90:db:e8:90,-57,11,1,7,0,0,1,0,0,0,1,-95,0,8,0,561096822,0,100,0,128,1,"[100,-64,5,0,18,-6,17,-6,17,-6,16,-7,15,-7,15,-7,14,-8,14,-9,14,-9,14,-9,13,-9,13,-9,13,-10,14,-10,14,-10,13,-11,14,-12,14,-11,14,-11,13,-12,13,-11,13,-11,14,-10,14,-10,15,-9,3,-3,0,0,0,0,0,0,0,0,0,0,0,0,0,0,0,0,0,0,5,-2,23,-6,23,-5,23,-4,23,-3,24,-2,24,-1,24,-1,24,-1,24,0,23,1,23,1,23,1,22,1,22,1,21,0,21,0,21,0,20,-1,21,-2,21,-2,20,-3,20,-3,20,-3,19,-3,19,-4,19,-5]"
CSI_DATA,35817,d8:b1:90:db:e8:90,-57,11,1,7,0,0,1,0,0,0,1,-95,0,8,0,561106849,0,100,0,128,1,"[100,-64,5,0,7,-17,6,-16,6,-16,5,-17,5,-17,5,-17,4,-17,4,-17,4,-17,4,-17,3,-18,2,-18,2,-19,2,-19,2,-19,2,-18,2,-18,3,-18,3,-18,3,-19,2,-19,2,-19,3,-19,4,-19,4,-19,1,-5,0,0,0,0,0,0,0,0,0,0,0,0,0,0,0,0,0,0,2,-6,9,-23,10,-22,11,-22,11,-22,12,-21,13,-20,13,-20,14,-20,14,-20,15,-19,14,-19,14,-18,14,-18,14,-18,14,-17,13,-17,13,-17,12,-17,12,-18,11,-17,10,-17,10,-17,9,-17,8,-17,8,-17,8,-17]"
CSI_DATA,35818,d8:b1:90:db:e8:90,-57,11,1,7,0,0,1,0,0,0,1,-95,0,8,0,561126323,0,100,0,128,1,"[100,-64,5,0,-17,-6,-17,-6,-17,-5,-17,-5,-17,-5,-17,-5,-17,-4,-17,-4,-17,-3,-17,-3,-18,-3,-18,-2,-18,-2,-18,-1,-18,-1,-18,-1,-18,-1,-18,-1,-18,-1,-18,-1,-18,-2,-18,-2,-19,-2,-19,-2,-20,-3,-5,-1,0,0,0,0,0,0,0,0,0,0,0,0,0,0,0,0,0,0,-6,-3,-22,-11,-22,-13,-20,-14,-19,-15,-19,-15,-20,-16,-20,-16,-20,-16,-19,-17,-19,-17,-19,-17,-18,-16,-18,-16,-18,-16,-17,-15,-17,-14,-17,-14,-17,-13,-18,-12,-18,-12,-18,-11,-17,-11,-17,-9,-17,-9,-18,-8,-18,-8]"
CSI_DATA,35819,d8:b1:90:db:e8:90,-57,11,1,7,0,0,1,0,0,0,1,-95,0,8,0,561136714,0,100,0,128,1,"[100,-64,5,0,-18,-3,-18,-2,-17,-2,-17,-2,-17,-2,-17,-1,-17,-1,-17,0,-17,0,-17,1,-17,1,-17,1,-17,2,-17,2,-17,2,-17,2,-17,3,-17,2,-17,2,-18,2,-18,1,-18,1,-18,1,-19,1,-19,0,-5,0,0,0,0,0,0,0,0,0,0,0,0,0,0,0,0,0,0,0,-6,-2,-24,-6,-23,-9,-23,-9,-23,-9,-23,-10,-22,-11,-23,-12,-24,-13,-23,-13,-22,-13,-22,-13,-21,-12,-21,-13,-20,-12,-20,-12,-20,-11,-20,-10,-19,-9,-20,-9,-20,-9,-20,-8,-19,-7,-19,-6,-18,-5,-18,-5,-19,-4]"
CSI_DATA,35820,d8:b1:90:db:e8:90,-63,11,1,7,0,0,1,0,0,0,1,-95,0,8,0,561161366,0,100,0,128,1,"[100,-64,5,0,13,-1,15,0,16,2,18,5,20,6,20,5,22,6,26,8,28,9,28,8,28,6,27,3,26,2,26,2,14,0,-8,-3,-18,-4,-17,-5,-15,-5,-11,-6,-9,-7,-8,-7,-4,-4,4,3,9,7,2,1,0,0,0,0,0,0,0,0,0,0,0,0,0,0,0,0,0,0,4,-3,17,-12,17,-11,17,-10,18,-9,19,-9,19,-9,18,-9,18,-10,19,-9,19,-9,18,-10,18,-10,18,-9,18,-10,15,-11,14,-12,14,-11,14,-11,15,-11,16,-11,16,-11,15,-9,14,-6,13,-4,14,-5,14,-6]"
CSI_DATA,35821,d8:b1:90:db:e8:90,-57,11,1,7,0,0,1,0,0,0,1,-95,0,8,0,561175342,0,100,0,128,1,"[100,-64,5,0,18,4,17,3,17,2,18,2,18,2,17,1,17,0,17,-1,16,-2,16,-2,17,-2,17,-3,18,-4,18,-5,18,-5,19,-4,19,-5,19,-4,19,-4,19,-4,19,-4,19,-3,20,-3,20,-3,21,-3,5,-1,0,0,0,0,0,0,0,0,0,0,0,0,0,0,0,0,0,0,7,1,28,7,27,9,26,10,25,11,25,12,25,13,25,13,25,14,27,15,26,15,24,15,24,15,23,15,23,14,22,14,21,13,21,13,21,12,20,11,20,10,20,9,20,9,20,8,20,7,20,6,20,6]"
CSI_DATA,35822,d8:b1:90:db:e8:90,-57,11,1,7,0,0,1,0,0,0,1,-95,0,8,0,561187695,0,100,0,128,1,"[100,-64,5,0,-12,11,-12,11,-11,11,-11,11,-11,11,-10,11,-9,12,-9,12,-8,12,-8,12,-7,13,-7,14,-7,14,-7,15,-7,15,-7,15,-8,15,-8,15,-8,15,-8,15,-8,15,-8,15,-8,15,-9,16,-10,16,-3,3,0,0,0,0,0,0,0,0,0,0,0,0,0,0,0,0,0,0,-5,4,-17,16,-18,16,-18,15,-19,14,-19,13,-20,13,-21,13,-21,13,-21,14,-21,14,-22,13,-22,11,-22,10,-21,10,-20,9,-19,9,-19,10,-18,10,-18,10,-17,10,-17,10,-16,11,-15,11,-15,11,-14,11,-14,11]"
CSI_DATA,35823,d8:b1:90:db:e8:90,-57,11,1,7,0,0,1,0,0,0,1,-95,0,8,0,561198513,0,100,0,128,1,"[100,-64,5,0,9,14,9,13,9,12,10,11,10,11,10,10,11,10,11,9,11,8,12,8,12,8,13,8,13,8,13,7,13,7,14,8,13,8,13,8,13,8,14,8,14,8,14,9,14,9,14,10,13,11,3,2,0,0,0,0,0,0,0,0,0,0,0,0,0,0,0,0,0,0,3,4,15,20,14,20,13,21,12,21,11,22,10,22,10,23,9,23,9,24,9,24,8,23,8,23,8,23,8,22,8,21,7,21,7,20,8,20,8,20,8,19,9,19,9,18,9,18,9,17,9,16,10,15]"
CSI_DATA,35824,d8:b1:90:db:e8:90,-57,11,1,7,0,0,1,0,0,0,1,-95,0,8,0,561216514,0,100,0,128,1,"[100,-64,5,0,18,-4,17,-4,17,-4,16,-5,16,-5,15,-5,15,-6,15,-7,14,-8,14,-8,14,-8,14,-9,14,-10,14,-10,15,-11,15,-11,15,-11,15,-11,15,-11,15,-11,15,-11,15,-10,16,-10,17,-10,18,-9,4,-3,0,0,0,0,0,0,0,0,0,0,0,0,0,0,0,0,0,0,6,-2,28,-4,28,-3,27,-2,27,-1,27,0,28,1,28,2,28,2,28,3,28,3,27,3,27,3,26,4,26,4,25,3,24,2,24,2,24,2,24,1,24,1,23,0,23,0,22,-1,21,-1,21,-2,20,-2]"
CSI_DATA,35825,d8:b1:90:db:e8:90,-57,11,1,7,0,0,1,0,0,0,1,-95,0,8,0,561226579,0,100,0,128,1,"[100,-64,5,0,16,-5,15,-4,14,-4,14,-4,14,-4,13,-4,13,-4,13,-6,13,-7,13,-7,13,-7,13,-8,13,-8,13,-8,14,-9,13,-9,13,-9,14,-9,14,-9,14,-10,14,-10,14,-9,14,-9,15,-9,15,-8,4,-2,0,0,0,0,0,0,0,0,0,0,0,0,0,0,0,0,0,0,5,-2,23,-7,23,-6,23,-5,24,-4,24,-3,24,-3,24,-3,24,-3,25,-2,25,-1,24,-1,24,-1,24,-1,23,-1,23,-1,22,-1,21,-1,21,-2,21,-2,20,-2,20,-3,19,-3,19,-3,18,-3,18,-3,18,-4]"
CSI_DATA,35826,d8:b1:90:db:e8:90,-57,11,1,7,0,0,1,0,0,0,1,-95,0,8,0,561237400,0,100,0,128,1,"[100,-64,5,0,7,-16,7,-15,6,-15,7,-14,7,-14,6,-14,5,-14,4,-15,4,-15,3,-15,3,-15,2,-16,2,-16,3,-16,3,-17,2,-17,3,-17,3,-17,3,-17,3,-17,2,-18,2,-17,3,-17,3,-18,4,-17,1,-5,0,0,0,0,0,0,0,0,0,0,0,0,0,0,0,0,0,0,3,-6,12,-22,13,-21,14,-21,15,-20,16,-20,16,-20,17,-20,17,-20,18,-19,18,-19,18,-19,17,-19,17,-18,16,-18,16,-18,15,-17,15,-17,14,-17,14,-18,13,-17,12,-17,12,-17,11,-17,11,-17,10,-17,9,-17]"
CSI_DATA,35827,d8:b1:90:db:e8:90,-56,11,1,7,0,0,1,0,0,0,1,-95,0,8,0,561258302,0,100,0,128,1,"[100,-64,5,0,13,10,13,10,13,9,14,8,14,8,14,7,14,7,14,6,14,6,14,5,14,6,15,6,15,5,15,5,15,5,16,5,16,5,16,5,16,5,16,5,16,6,16,6,16,7,16,7,16,8,4,2,0,0,0,0,0,0,0,0,0,0,0,0,0,0,0,0,0,0,5,4,20,17,18,18,17,19,16,20,16,20,16,20,16,20,16,20,16,21,15,21,16,21,15,21,15,21,15,21,15,20,14,19,14,18,14,17,15,16,15,15,15,15,15,14,15,13,15,13,15,13,15,12]"
CSI_DATA,35828,d8:b1:90:db:e8:90,-56,11,1,7,0,0,1,0,0,0,1,-95,0,8,0,561271255,0,100,0,128,1,"[100,-64,5,0,14,7,14,6,14,6,15,6,15,5,15,5,15,4,15,4,15,3,15,3,15,3,16,3,16,3,16,3,17,3,17,3,17,2,17,2,17,2,18,3,18,3,18,4,18,4,18,4,18,5,4,1,0,0,0,0,0,0,0,0,0,0,0,0,0,0,0,0,0,0,5,2,23,10,23,11,22,12,21,13,21,14,21,15,21,15,20,15,20,15,20,15,20,15,20,15,20,15,19,15,18,14,18,13,18,12,18,12,18,11,18,11,17,10,17,9,17,9,17,8,17,8,17,7]"
CSI_DATA,35829,d8:b1:90:db:e8:90,-56,11,1,7,0,0,1,0,0,0,1,-95,0,8,0,561283392,0,100,0,128,1,"[100,-64,5,0,-18,7,-17,7,-16,7,-16,8,-15,8,-15,9,-14,9,-14,10,-14,10,-14,10,-14,10,-14,11,-14,11,-14,12,-14,12,-14,12,-14,13,-14,12,-14,12,-14,12,-13,12,-13,11,-14,11,-15,11,-16,11,-4,2,0,0,0,0,0,0,0,0,0,0,0,0,0,0,0,0,0,0,-6,2,-24,10,-25,9,-26,7,-26,6,-26,5,-27,5,-27,5,-27,5,-27,4,-27,3,-26,3,-26,3,-25,3,-25,3,-25,3,-25,3,-24,3,-23,4,-23,4,-22,5,-21,5,-21,6,-20,6,-20,6,-19,6,-19,7]"
CSI_DATA,35830,d8:b1:90:db:e8:90,-56,11,1,7,0,0,1,0,0,0,1,-95,0,8,0,561296411,0,100,0,128,1,"[100,-64,5,0,4,18,4,17,5,16,5,16,6,16,6,15,7,15,7,15,7,15,7,15,8,15,9,15,9,15,9,15,9,15,10,15,10,15,9,14,9,14,9,14,10,14,9,14,9,15,9,15,9,15,2,3,0,0,0,0,0,0,0,0,0,0,0,0,0,0,0,0,0,0,1,6,5,25,4,25,2,25,0,26,0,26,-1,26,-1,26,-1,26,-1,26,-2,26,-2,25,-2,25,-2,24,-2,24,-2,24,-2,24,-2,23,-1,22,0,22,1,21,2,21,2,20,2,20,2,20,3,19,4,18]"
CSI_DATA,35831,d8:b1:90:db:e8:90,-57,11,1,7,0,0,1,0,0,0,1,-95,0,8,0,561306880,0,100,0,128,1,"[100,-64,5,0,-3,16,-3,16,-2,16,-1,16,-1,16,0,16,0,16,0,16,0,16,1,16,1,16,2,17,3,18,2,18,3,18,3,18,3,18,2,18,2,18,3,18,3,19,3,19,2,19,1,19,0,19,0,4,0,0,0,0,0,0,0,0,0,0,0,0,0,0,0,0,0,0,-2,6,-6,25,-7,25,-8,24,-8,24,-9,24,-10,24,-10,24,-11,24,-12,24,-12,23,-12,22,-12,21,-12,21,-11,21,-11,20,-10,20,-10,20,-9,19,-8,19,-7,18,-6,18,-6,18,-5,18,-5,17,-5,17,-4,17]"
CSI_DATA,35832,d8:b1:90:db:e8:90,-55,11,1,7,0,0,1,0,0,0,1,-95,0,8,0,561317224,0,100,0,128,1,"[100,-64,5,0,11,-14,11,-14,11,-14,10,-15,9,-15,8,-15,8,-15,8,-16,8,-16,7,-16,7,-17,6,-17,6,-18,7,-19,7,-19,7,-19,7,-19,7,-19,7,-19,7,-19,6,-19,7,-19,7,-19,8,-19,9,-19,2,-5,0,0,0,0,0,0,0,0,0,0,0,0,0,0,0,0,0,0,4,-5,19,-18,20,-17,21,-16,22,-15,22,-15,23,-15,24,-14,24,-14,24,-14,24,-13,24,-13,23,-12,23,-12,22,-12,21,-12,20,-12,20,-12,19,-13,18,-13,17,-13,16,-13,16,-13,15,-13,14,-13,14,-13,14,-14]"
CSI_DATA,35833,d8:b1:90:db:e8:90,-57,11,1,7,0,0,1,0,0,0,1,-95,0,8,0,561374107,0,100,0,128,1,"[100,-64,5,0,9,13,9,13,9,12,10,12,10,12,10,11,11,11,11,11,12,10,12,10,13,10,14,10,14,10,14,10,14,10,15,10,15,10,15,10,15,10,15,10,15,10,15,11,15,11,15,11,14,11,3,3,0,0,0,0,0,0,0,0,0,0,0,0,0,0,0,0,0,0,3,5,13,20,12,21,10,21,9,21,9,22,8,22,8,23,7,22,7,23,7,22,7,22,7,22,7,21,6,21,6,20,6,19,6,18,7,18,7,18,7,18,8,17,8,16,8,15,8,15,9,14,9,14]"
CSI_DATA,35834,d8:b1:90:db:e8:90,-55,11,1,7,0,0,1,0,0,0,1,-95,0,8,0,561386126,0,100,0,128,1,"[100,-64,5,0,2,18,2,18,2,18,3,18,4,18,5,17,5,17,6,17,6,17,6,16,7,17,8,17,8,17,8,17,9,17,9,17,9,17,9,17,8,17,9,17,9,17,8,17,8,17,7,18,6,18,1,4,0,0,0,0,0,0,0,0,0,0,0,0,0,0,0,0,0,0,0,6,1,25,-1,25,-3,25,-4,26,-4,26,-3,26,-3,26,-5,25,-5,26,-6,27,-7,27,-7,25,-7,24,-7,24,-6,23,-5,23,-5,23,-4,22,-2,21,-1,21,-1,20,-1,20,0,21,0,21,1,20,1,20]"
CSI_DATA,35835,d8:b1:90:db:e8:90,-55,11,1,7,0,0,1,0,0,0,1,-95,0,8,0,561398963,0,100,0,128,1,"[100,-64,5,0,14,-14,13,-14,12,-14,11,-15,11,-15,10,-15,10,-15,10,-16,10,-16,10,-16,9,-17,9,-17,10,-17,10,-17,10,-17,10,-18,10,-18,11,-17,11,-17,11,-17,11,-17,11,-16,12,-16,13,-15,14,-15,3,-4,0,0,0,0,0,0,0,0,0,0,0,0,0,0,0,0,0,0,4,-5,19,-19,18,-18,18,-17,19,-16,21,-15,21,-16,21,-17,22,-15,22,-14,22,-13,22,-13,22,-13,22,-12,21,-12,20,-13,20,-13,20,-14,19,-14,18,-14,18,-14,17,-14,17,-14,16,-15,15,-15,15,-14,16,-15]"
CSI_DATA,35836,d8:b1:90:db:e8:90,-56,11,1,7,0,0,1,0,0,0,1,-95,0,8,0,561410057,0,100,0,128,1,"[100,-64,5,0,-10,18,-10,17,-9,17,-9,17,-8,17,-8,17,-7,17,-7,17,-7,17,-7,17,-6,18,-6,18,-6,19,-7,19,-6,19,-6,19,-6,19,-6,19,-7,18,-7,18,-7,18,-7,18,-7,18,-8,18,-9,18,-3,4,0,0,0,0,0,0,0,0,0,0,0,0,0,0,0,0,0,0,-3,5,-12,23,-13,22,-14,21,-15,21,-16,21,-17,20,-17,20,-18,20,-18,20,-18,20,-18,19,-17,19,-17,19,-17,18,-17,18,-16,18,-16,18,-15,18,-15,18,-14,18,-13,18,-13,18,-12,17,-11,17,-11,17,-11,18]"
CSI_DATA,35837,d8:b1:90:db:e8:90,-56,11,1,7,0,0,1,0,0,0,1,-95,0,8,0,561420879,0,100,0,128,1,"[100,-64,5,0,7,17,7,17,7,16,7,16,8,16,8,15,8,15,8,15,8,14,8,14,9,15,10,15,10,15,10,15,10,15,11,15,11,15,10,15,10,15,10,15,10,15,10,16,9,16,8,16,8,17,1,4,0,0,0,0,0,0,0,0,0,0,0,0,0,0,0,0,0,0,2,5,8,23,7,23,6,24,5,24,4,24,4,24,3,25,3,25,3,25,2,25,2,25,2,24,2,24,2,23,2,23,3,22,3,22,3,21,4,21,4,21,5,20,5,19,5,19,5,18,6,18,6,18]"
CSI_DATA,35838,d8:b1:90:db:e8:90,-55,11,1,7,0,0,1,0,0,0,1,-95,0,8,0,561432732,0,100,0,128,1,"[100,-64,5,0,-7,-20,-7,-20,-7,-19,-9,-18,-10,-18,-10,-17,-11,-16,-13,-16,-13,-15,-14,-15,-15,-16,-15,-16,-16,-16,-15,-15,-15,-16,-15,-16,-15,-16,-14,-16,-14,-16,-15,-16,-15,-16,-15,-17,-15,-17,-15,-17,-14,-18,-4,-5,0,0,0,0,0,0,0,0,0,0,0,0,0,0,0,0,0,0,-3,-7,-10,-25,-8,-26,-6,-27,-5,-27,-5,-27,-4,-28,-3,-28,-3,-27,-3,-27,-3,-27,-2,-27,-2,-26,-3,-26,-3,-26,-3,-25,-3,-24,-3,-24,-3,-24,-4,-23,-5,-22,-5,-22,-6,-21,-6,-21,-7,-20,-7,-20,-7,-21]"
CSI_DATA,35839,d8:b1:90:db:e8:90,-56,11,1,7,0,0,1,0,0,0,1,-95,0,8,0,561443318,0,100,0,128,1,"[100,-64,5,0,16,11,16,10,16,9,17,8,17,8,17,7,17,6,18,4,18,3,18,3,19,3,19,3,20,2,20,2,20,2,20,3,20,3,19,3,19,4,19,4,19,4,19,4,19,5,19,5,20,5,5,1,0,0,0,0,0,0,0,0,0,0,0,0,0,0,0,0,0,0,5,2,22,12,21,13,20,15,19,16,18,17,18,17,17,18,17,18,17,18,17,18,17,18,17,18,17,17,16,17,16,16,15,16,15,16,16,15,16,15,16,14,16,13,16,12,16,11,16,11,17,11,17,11]"
CSI_DATA,35840,d8:b1:90:db:e8:90,-55,11,1,7,0,0,1,0,0,0,1,-95,0,8,0,561471724,0,100,0,128,1,"[100,-64,5,0,-6,20,-6,20,-5,20,-4,20,-4,20,-3,20,-3,20,-3,19,-3,19,-2,19,-1,19,-1,20,-1,20,-1,20,-1,20,-1,20,-1,20,-2,20,-2,20,-2,20,-2,20,-2,20,-2,20,-3,20,-4,20,-1,5,0,0,0,0,0,0,0,0,0,0,0,0,0,0,0,0,0,0,-2,6,-7,25,-8,25,-10,24,-11,24,-11,24,-12,24,-13,24,-13,24,-14,24,-14,24,-15,23,-14,22,-14,22,-14,21,-13,21,-13,21,-13,21,-12,21,-10,20,-9,20,-9,20,-9,21,-9,21,-8,21,-7,21,-7,21]"
CSI_DATA,35841,d8:b1:90:db:e8:90,-56,11,1,7,0,0,1,0,0,0,1,-95,0,8,0,561481837,0,100,0,128,1,"[100,-64,5,0,-15,-16,-14,-15,-14,-14,-15,-14,-15,-13,-15,-13,-15,-12,-15,-13,-14,-13,-15,-12,-16,-13,-17,-13,-17,-13,-16,-12,-16,-12,-16,-12,-16,-12,-15,-12,-15,-12,-16,-12,-16,-13,-15,-13,-15,-13,-15,-14,-14,-14,-4,-4,0,0,0,0,0,0,0,0,0,0,0,0,0,0,0,0,0,0,-5,-5,-17,-21,-16,-21,-15,-21,-15,-22,-13,-23,-12,-23,-11,-23,-11,-23,-11,-23,-10,-23,-11,-24,-11,-24,-11,-23,-11,-23,-12,-23,-12,-22,-12,-21,-12,-20,-12,-20,-13,-20,-13,-19,-13,-19,-14,-18,-14,-18,-14,-17,-14,-17]"
CSI_DATA,35842,d8:b1:90:db:e8:90,-56,11,1,7,0,0,1,0,0,0,1,-95,0,8,0,561492515,0,100,0,128,1,"[100,-64,5,0,-20,3,-20,3,-20,3,-19,4,-19,4,-19,4,-18,4,-19,6,-19,6,-19,6,-19,6,-19,7,-19,7,-19,8,-19,7,-19,7,-19,7,-19,7,-19,7,-19,7,-19,6,-19,6,-20,6,-20,5,-21,5,-6,1,0,0,0,0,0,0,0,0,0,0,0,0,0,0,0,0,0,0,-7,0,-25,2,-25,1,-25,0,-25,0,-25,-1,-25,-2,-26,-2,-26,-2,-26,-3,-26,-3,-25,-3,-25,-3,-25,-3,-24,-3,-24,-3,-24,-3,-24,-2,-23,-2,-23,-1,-22,-1,-22,-1,-22,0,-22,1,-22,1,-21,1,-21,2]"
CSI_DATA,35843,d8:b1:90:db:e8:90,-56,11,1,7,0,0,1,0,0,0,1,-95,0,8,0,561506695,0,100,0,128,1,"[100,-64,5,0,-20,7,-20,7,-20,7,-19,7,-19,7,-18,8,-18,8,-18,9,-17,9,-17,9,-17,9,-16,10,-17,10,-17,11,-17,10,-17,10,-17,10,-17,10,-17,9,-17,9,-16,9,-16,9,-17,8,-18,8,-18,7,-5,1,0,0,0,0,0,0,0,0,0,0,0,0,0,0,0,0,0,0,-6,1,-24,6,-24,5,-25,4,-25,4,-25,3,-26,3,-26,3,-26,2,-26,2,-27,1,-26,1,-26,1,-26,1,-25,1,-25,1,-25,2,-24,2,-24,2,-23,3,-23,3,-22,4,-22,4,-22,5,-22,5,-22,5,-22,5]"
CSI_DATA,35844,d8:b1:90:db:e8:90,-54,11,1,7,0,0,1,0,0,0,1,-95,0,8,0,561516893,0,100,0,128,1,"[100,-64,5,0,19,1,19,1,19,0,19,0,19,0,18,0,18,-1,18,-2,17,-2,17,-2,17,-2,17,-2,18,-2,18,-3,18,-2,18,-2,17,-2,17,-2,17,-2,17,-1,17,-1,17,0,17,0,17,1,18,1,4,0,0,0,0,0,0,0,0,0,0,0,0,0,0,0,0,0,0,0,6,0,24,1,23,2,23,3,23,4,23,5,23,6,23,7,24,7,24,8,23,8,23,8,23,8,22,8,22,8,22,7,22,7,22,7,21,6,21,6,21,5,20,5,21,4,21,4,21,3,21,3,21,2]"
CSI_DATA,35845,d8:b1:90:db:e8:90,-54,11,1,7,0,0,1,0,0,0,1,-95,0,8,0,561529537,0,100,0,128,1,"[100,-64,5,0,-20,11,-19,11,-19,11,-18,11,-17,11,-17,11,-16,12,-17,13,-17,13,-17,13,-16,13,-16,14,-15,14,-16,14,-16,14,-16,15,-16,15,-16,14,-16,14,-16,14,-16,14,-15,13,-16,13,-17,13,-18,13,-5,3,0,0,0,0,0,0,0,0,0,0,0,0,0,0,0,0,0,0,-6,3,-24,13,-25,12,-25,11,-26,10,-26,9,-27,9,-27,9,-27,9,-27,8,-27,8,-27,7,-27,7,-26,6,-26,6,-25,7,-25,7,-25,8,-24,8,-23,8,-23,9,-23,9,-22,10,-22,10,-21,10,-21,10,-21,11]"
CSI_DATA,35846,d8:b1:90:db:e8:90,-54,11,1,7,0,0,1,0,0,0,1,-95,0,8,0,561563236,0,100,0,128,1,"[100,-64,5,0,4,21,4,21,4,20,4,20,5,19,5,18,6,18,6,18,6,18,6,18,7,18,8,18,8,18,7,18,7,18,7,18,7,19,6,18,6,18,7,19,7,19,7,19,6,19,5,19,4,20,1,5,0,0,0,0,0,0,0,0,0,0,0,0,0,0,0,0,0,0,1,6,3,27,2,28,1,28,0,28,-1,28,-2,29,-2,29,-2,29,-3,29,-3,29,-3,29,-3,28,-3,28,-3,28,-3,27,-2,26,-2,26,-1,25,0,25,1,24,1,24,2,24,2,23,2,23,3,23,3,23]"
CSI_DATA,35847,d8:b1:90:db:e8:90,-55,11,1,7,0,0,1,0,0,0,1,-95,0,8,0,561573276,0,100,0,128,1,"[100,-64,5,0,-20,-3,-20,-3,-20,-2,-20,-2,-19,-2,-19,-2,-19,-1,-18,0,-18,1,-18,1,-18,1,-18,1,-19,2,-19,2,-19,3,-20,3,-20,3,-20,3,-20,3,-20,3,-19,3,-19,2,-19,2,-20,2,-20,1,-5,0,0,0,0,0,0,0,0,0,0,0,0,0,0,0,0,0,0,0,-7,-1,-27,-3,-27,-4,-27,-5,-28,-6,-27,-6,-27,-6,-27,-7,-27,-9,-27,-10,-26,-10,-26,-10,-26,-9,-25,-9,-25,-9,-25,-10,-24,-9,-24,-8,-24,-7,-23,-7,-23,-7,-22,-6,-22,-5,-22,-5,-21,-4,-21,-4,-22,-4]"
CSI_DATA,35848,d8:b1:90:db:e8:90,-56,11,1,7,0,0,1,0,0,0,1,-95,0,8,0,561583350,0,100,0,128,1,"[100,-64,5,0,-8,-20,-8,-19,-9,-18,-9,-17,-10,-17,-10,-16,-10,-16,-10,-15,-10,-15,-11,-15,-11,-15,-12,-15,-12,-15,-12,-14,-12,-14,-13,-15,-13,-15,-12,-14,-12,-14,-12,-14,-12,-15,-12,-15,-12,-15,-11,-15,-10,-16,-3,-4,0,0,0,0,0,0,0,0,0,0,0,0,0,0,0,0,0,0,-3,-7,-11,-25,-10,-25,-9,-26,-8,-26,-7,-27,-7,-27,-5,-26,-4,-27,-4,-27,-4,-27,-4,-27,-4,-26,-4,-26,-4,-26,-4,-26,-4,-25,-5,-24,-5,-24,-5,-23,-6,-22,-7,-22,-7,-22,-7,-21,-7,-20,-8,-20,-7,-21]"
CSI_DATA,35849,d8:b1:90:db:e8:90,-56,11,1,7,0,0,1,0,0,0,1,-95,0,8,0,561600035,0,100,0,128,1,"[100,-64,5,0,19,-2,19,-2,18,-2,18,-3,18,-4,17,-4,17,-5,17,-6,17,-7,17,-7,16,-7,16,-7,16,-7,17,-7,17,-7,17,-7,17,-7,17,-7,17,-7,17,-7,17,-6,17,-6,17,-6,17,-5,18,-4,4,-1,0,0,0,0,0,0,0,0,0,0,0,0,0,0,0,0,0,0,6,-1,25,-1,25,1,25,3,25,4,25,5,26,5,26,5,26,6,26,6,25,7,25,6,25,6,25,6,24,6,24,5,24,5,24,4,23,4,23,3,22,3,22,2,22,1,22,0,22,0,21,0,21,-1]"
CSI_DATA,35850,d8:b1:90:db:e8:90,-55,11,1,7,0,0,1,0,0,0,1,-95,0,8,0,561614806,0,100,0,128,1,"[100,-64,5,0,1,19,1,19,2,18,2,18,2,18,3,18,3,17,3,17,3,17,3,17,4,17,4,17,4,17,4,17,4,17,5,18,4,18,4,17,3,17,4,18,4,18,4,18,3,18,3,18,3,19,0,4,0,0,0,0,0,0,0,0,0,0,0,0,0,0,0,0,0,0,0,6,2,27,1,27,0,27,-1,27,-2,27,-3,27,-3,27,-4,27,-5,27,-5,27,-5,26,-4,25,-4,25,-4,25,-4,25,-4,25,-4,24,-3,23,-2,23,-1,22,0,22,0,21,0,21,0,21,0,21,1,20]"
CSI_DATA,35851,d8:b1:90:db:e8:90,-56,11,1,7,0,0,1,0,0,0,1,-95,0,8,0,561627027,0,100,0,128,1,"[100,-64,5,0,18,-9,17,-9,17,-9,16,-9,15,-9,15,-9,14,-10,13,-11,13,-12,13,-12,12,-12,13,-13,13,-13,13,-14,13,-14,13,-14,13,-14,13,-13,13,-13,13,-14,13,-14,13,-13,13,-13,14,-13,14,-13,3,-3,0,0,0,0,0,0,0,0,0,0,0,0,0,0,0,0,0,0,6,-3,24,-11,24,-10,24,-9,25,-8,25,-7,26,-6,26,-6,26,-5,27,-5,26,-5,26,-4,25,-4,25,-4,25,-4,24,-4,24,-4,23,-5,23,-5,22,-5,21,-6,21,-6,21,-7,20,-7,20,-7,20,-7,19,-8]"
CSI_DATA,35852,d8:b1:90:db:e8:90,-55,11,1,7,0,0,1,0,0,0,1,-95,0,8,0,561649047,0,100,0,128,1,"[100,-64,5,0,16,8,16,7,16,6,16,6,16,6,16,6,16,5,16,5,16,4,16,4,16,4,17,4,17,4,17,3,17,3,18,4,18,4,17,4,17,4,17,4,17,4,17,5,17,5,18,5,18,6,4,1,0,0,0,0,0,0,0,0,0,0,0,0,0,0,0,0,0,0,6,2,24,9,24,10,23,11,22,12,22,13,22,13,22,12,22,13,22,15,20,15,19,15,19,16,19,15,19,15,18,14,18,13,18,13,18,12,18,12,18,12,18,11,18,11,18,10,18,10,18,9,18,9]"
CSI_DATA,35853,d8:b1:90:db:e8:90,-56,11,1,7,0,0,1,0,0,0,1,-95,0,8,0,561670764,0,100,0,128,1,"[100,-64,5,0,15,-11,15,-11,14,-11,14,-11,14,-11,14,-11,13,-11,13,-12,13,-13,12,-13,12,-13,12,-13,12,-14,13,-14,13,-14,12,-14,13,-15,13,-14,13,-14,13,-14,13,-14,13,-13,13,-13,14,-13,15,-13,3,-4,0,0,0,0,0,0,0,0,0,0,0,0,0,0,0,0,0,0,5,-4,21,-14,21,-13,21,-13,22,-12,22,-11,23,-10,24,-10,24,-10,24,-9,24,-9,24,-9,24,-9,23,-8,23,-8,22,-8,21,-9,21,-9,21,-9,20,-9,20,-9,19,-10,19,-10,19,-11,18,-11,18,-11,17,-11]"
CSI_DATA,35854,d8:b1:90:db:e8:90,-56,11,1,7,0,0,1,0,0,0,1,-95,0,8,0,561684534,0,100,0,128,1,"[100,-64,5,0,-19,6,-18,6,-18,6,-18,6,-18,6,-17,6,-17,6,-17,6,-17,7,-17,7,-17,7,-17,7,-17,8,-17,8,-17,8,-17,9,-18,9,-18,8,-18,8,-18,8,-18,8,-18,7,-19,6,-19,6,-20,5,-5,1,0,0,0,0,0,0,0,0,0,0,0,0,0,0,0,0,0,0,-7,1,-25,3,-25,3,-24,3,-25,2,-25,2,-25,1,-26,1,-26,0,-26,0,-26,-1,-25,-1,-25,-1,-24,-1,-24,-1,-24,-1,-23,0,-23,0,-22,1,-22,2,-21,2,-21,3,-21,3,-21,4,-20,5,-20,5,-20,5]"
CSI_DATA,35855,d8:b1:90:db:e8:90,-56,11,1,7,0,0,1,0,0,0,1,-95,0,8,0,561699115,0,100,0,128,1,"[100,-64,5,0,-19,-6,-19,-5,-19,-5,-19,-5,-19,-5,-18,-5,-18,-5,-18,-4,-19,-4,-18,-4,-19,-4,-19,-4,-19,-3,-19,-3,-19,-3,-19,-4,-19,-4,-19,-4,-19,-4,-20,-5,-19,-6,-19,-6,-19,-7,-19,-7,-19,-8,-5,-2,0,0,0,0,0,0,0,0,0,0,0,0,0,0,0,0,0,0,-6,-3,-23,-10,-22,-11,-22,-11,-22,-11,-22,-12,-22,-12,-22,-13,-22,-14,-21,-14,-21,-14,-21,-14,-20,-14,-20,-14,-20,-13,-20,-13,-19,-12,-19,-12,-19,-11,-19,-11,-19,-10,-19,-9,-19,-9,-19,-8,-20,-7,-19,-7,-19,-6]"
CSI_DATA,35856,d8:b1:90:db:e8:90,-56,11,1,7,0,0,1,0,0,0,1,-95,0,8,0,561709619,0,100,0,128,1,"[100,-64,5,0,-9,-18,-9,-17,-9,-17,-10,-17,-10,-16,-10,-16,-10,-15,-11,-15,-11,-15,-11,-14,-12,-15,-13,-15,-13,-15,-13,-15,-13,-15,-13,-16,-13,-16,-13,-16,-13,-15,-13,-16,-14,-16,-13,-17,-13,-17,-12,-17,-12,-18,-3,-5,0,0,0,0,0,0,0,0,0,0,0,0,0,0,0,0,0,0,-3,-6,-9,-24,-8,-24,-7,-24,-6,-24,-5,-24,-5,-24,-4,-24,-4,-25,-4,-25,-3,-25,-3,-25,-3,-24,-4,-24,-4,-23,-4,-23,-4,-22,-4,-22,-5,-21,-5,-21,-6,-20,-6,-20,-7,-20,-7,-20,-7,-19,-7,-19,-7,-18]"
CSI_DATA,35857,d8:b1:90:db:e8:90,-56,11,1,7,0,0,1,0,0,0,1,-95,0,8,0,561722874,0,100,0,128,1,"[100,-64,5,0,19,6,19,6,19,5,19,5,19,5,19,4,19,3,19,2,19,1,19,1,19,1,20,1,20,0,20,0,21,0,21,0,21,0,21,0,20,0,20,1,20,2,20,3,20,3,20,3,21,3,5,1,0,0,0,0,0,0,0,0,0,0,0,0,0,0,0,0,0,0,6,2,25,8,25,9,24,10,24,11,24,12,24,13,23,14,23,15,23,16,23,16,22,15,22,15,21,15,21,15,21,14,20,14,20,13,20,12,20,12,20,11,20,10,20,10,20,9,20,9,20,9,20,8]"
CSI_DATA,35858,d8:b1:90:db:e8:90,-56,11,1,7,0,0,1,0,0,0,1,-95,0,8,0,561734504,0,100,0,128,1,"[100,-64,5,0,-14,12,-13,13,-13,13,-12,13,-12,13,-11,13,-11,13,-10,14,-10,15,-10,15,-9,15,-9,15,-9,16,-9,16,-9,16,-9,16,-9,17,-10,16,-10,16,-10,16,-10,16,-10,16,-11,15,-11,15,-12,15,-3,3,0,0,0,0,0,0,0,0,0,0,0,0,0,0,0,0,0,0,-5,4,-19,16,-20,15,-21,14,-21,14,-22,13,-22,13,-23,13,-23,12,-24,12,-24,12,-24,12,-23,11,-23,11,-22,10,-22,10,-21,10,-21,10,-20,11,-19,11,-18,11,-18,12,-17,12,-17,12,-16,12,-16,12,-16,13]"
CSI_DATA,35859,d8:b1:90:db:e8:90,-57,11,1,7,0,0,1,0,0,0,1,-95,0,8,0,561744916,0,100,0,128,1,"[100,-64,5,0,16,0,16,0,16,-1,16,-1,15,-1,15,-1,15,-2,15,-3,15,-3,15,-3,15,-4,16,-4,17,-4,17,-5,17,-5,17,-5,17,-5,17,-5,18,-5,18,-5,18,-5,18,-4,18,-4,19,-4,19,-3,4,-1,0,0,0,0,0,0,0,0,0,0,0,0,0,0,0,0,0,0,5,0,23,2,23,4,23,5,22,6,22,6,22,7,22,7,22,8,22,9,22,9,21,9,21,9,21,9,20,9,20,8,19,7,19,7,19,6,19,5,18,5,18,4,18,3,18,3,18,3,17,2,17,1]"
CSI_DATA,35860,d8:b1:90:db:e8:90,-56,11,1,7,0,0,1,0,0,0,1,-95,0,8,0,561768138,0,100,0,128,1,"[100,-64,5,0,-9,-16,-9,-16,-9,-15,-10,-15,-10,-14,-10,-14,-11,-13,-11,-13,-12,-13,-12,-13,-13,-13,-14,-13,-15,-13,-15,-12,-16,-12,-16,-12,-17,-12,-16,-12,-17,-12,-17,-12,-18,-12,-18,-13,-16,-12,-11,-10,-9,-9,-3,-3,0,0,0,0,0,0,0,0,0,0,0,0,0,0,0,0,0,0,-4,-7,-13,-25,-12,-25,-11,-25,-10,-26,-9,-26,-9,-26,-8,-26,-8,-26,-7,-27,-7,-27,-6,-26,-6,-26,-6,-25,-6,-25,-5,-24,-5,-23,-6,-22,-6,-22,-6,-21,-7,-20,-7,-20,-7,-19,-8,-18,-8,-18,-8,-18,-8,-18]"
CSI_DATA,35861,d8:b1:90:db:e8:90,-56,11,1,7,0,0,1,0,0,0,1,-95,0,8,0,561780731,0,100,0,128,1,"[100,-64,5,0,-7,-17,-7,-17,-8,-16,-8,-15,-9,-15,-9,-14,-9,-14,-10,-14,-10,-14,-11,-14,-12,-14,-13,-14,-13,-14,-13,-14,-14,-13,-15,-14,-15,-13,-15,-13,-16,-13,-16,-13,-17,-14,-16,-15,-14,-13,-10,-10,-9,-9,-3,-3,0,0,0,0,0,0,0,0,0,0,0,0,0,0,0,0,0,0,-3,-7,-9,-26,-7,-26,-6,-27,-5,-27,-4,-27,-4,-27,-4,-27,-3,-27,-3,-27,-2,-27,-1,-27,-1,-26,-1,-26,-1,-25,-1,-24,-2,-23,-2,-23,-3,-22,-3,-21,-4,-21,-5,-20,-5,-20,-5,-19,-5,-19,-5,-19,-6,-19]"
CSI_DATA,35862,d8:b1:90:db:e8:90,-56,11,1,7,0,0,1,0,0,0,1,-95,0,8,0,561793199,0,100,0,128,1,"[100,-64,5,0,-1,18,-1,17,0,17,1,16,1,16,2,15,2,15,2,16,3,16,3,16,4,16,5,17,5,17,5,17,5,17,6,17,6,17,5,17,5,17,5,18,6,18,6,18,5,19,4,19,3,20,0,5,0,0,0,0,0,0,0,0,0,0,0,0,0,0,0,0,0,0,-1,6,-2,25,-3,24,-4,24,-5,24,-6,24,-6,24,-7,25,-7,25,-8,25,-8,25,-8,24,-7,24,-7,23,-7,23,-7,23,-7,22,-7,22,-6,21,-6,21,-5,20,-4,20,-4,19,-3,19,-3,19,-2,19,-2,18]"
CSI_DATA,35863,d8:b1:90:db:e8:90,-56,11,1,7,0,0,1,0,0,0,1,-95,0,8,0,561808619,0,100,0,128,1,"[100,-64,5,0,-9,-17,-9,-17,-9,-16,-9,-15,-10,-15,-10,-14,-11,-14,-11,-14,-11,-14,-12,-14,-13,-14,-14,-14,-15,-14,-15,-14,-15,-14,-15,-14,-15,-14,-15,-14,-15,-14,-16,-15,-16,-15,-16,-16,-16,-16,-15,-16,-15,-17,-4,-5,0,0,0,0,0,0,0,0,0,0,0,0,0,0,0,0,0,0,-3,-6,-11,-23,-10,-23,-9,-24,-8,-24,-8,-24,-7,-25,-7,-25,-7,-26,-6,-26,-6,-26,-6,-26,-6,-25,-6,-25,-6,-25,-6,-24,-6,-23,-6,-23,-6,-22,-6,-22,-6,-21,-7,-20,-7,-20,-8,-19,-8,-19,-8,-18,-8,-18]"
CSI_DATA,35864,d8:b1:90:db:e8:90,-56,11,1,7,0,0,1,0,0,0,1,-95,0,8,0,561821163,0,100,0,128,1,"[100,-64,5,0,-15,11,-14,11,-13,11,-12,12,-11,12,-11,12,-10,12,-10,13,-10,14,-10,14,-9,14,-9,15,-9,16,-9,16,-9,17,-9,17,-10,18,-10,18,-10,18,-10,18,-10,17,-11,17,-12,17,-13,17,-13,17,-4,4,0,0,0,0,0,0,0,0,0,0,0,0,0,0,0,0,0,0,-5,4,-19,15,-20,14,-21,13,-21,13,-22,12,-22,12,-22,11,-23,11,-23,10,-23,10,-23,9,-23,9,-22,9,-22,8,-22,8,-21,8,-21,9,-20,9,-20,9,-19,10,-18,10,-17,10,-16,10,-16,10,-15,10,-15,11]"
CSI_DATA,35865,d8:b1:90:db:e8:90,-55,11,1,7,0,0,1,0,0,0,1,-95,0,8,0,561832041,0,100,0,128,1,"[100,-64,5,0,16,-5,16,-5,16,-6,16,-6,15,-6,15,-7,14,-8,15,-9,14,-10,14,-10,14,-10,14,-11,15,-12,15,-12,15,-13,15,-13,15,-14,16,-14,16,-14,16,-14,16,-14,16,-13,17,-13,19,-13,19,-12,5,-3,0,0,0,0,0,0,0,0,0,0,0,0,0,0,0,0,0,0,5,-2,23,-4,23,-3,24,-1,24,1,24,1,25,2,25,2,26,2,26,3,26,3,25,3,25,3,24,3,24,3,23,3,22,2,22,2,22,1,21,0,21,0,20,-1,20,-2,20,-2,19,-3,19,-3,19,-4]"
CSI_DATA,35866,d8:b1:90:db:e8:90,-56,11,1,7,0,0,1,0,0,0,1,-95,0,8,0,561846878,0,100,0,128,1,"[100,-64,5,0,4,16,4,16,5,15,5,15,6,14,6,14,7,14,7,14,7,14,8,13,9,14,10,14,10,14,10,14,10,15,11,15,11,15,11,15,11,15,11,16,12,17,12,17,11,17,11,18,10,19,2,4,0,0,0,0,0,0,0,0,0,0,0,0,0,0,0,0,0,0,1,5,5,22,3,22,0,23,-1,23,-2,23,-2,24,-2,24,-3,25,-3,25,-3,25,-3,25,-3,24,-3,24,-3,23,-3,22,-3,22,-2,21,-2,21,-1,20,0,20,1,20,1,20,2,19,2,19,3,18,3,18]"
CSI_DATA,35867,d8:b1:90:db:e8:90,-57,11,1,7,0,0,1,0,0,0,1,-95,0,8,0,561879598,0,100,0,128,1,"[100,-64,5,0,15,-1,15,-2,15,-2,15,-2,15,-2,14,-2,14,-3,14,-4,14,-4,14,-5,14,-5,15,-5,16,-5,17,-6,17,-6,18,-6,18,-6,18,-6,19,-6,19,-6,19,-6,19,-5,20,-4,21,-4,21,-3,5,-1,0,0,0,0,0,0,0,0,0,0,0,0,0,0,0,0,0,0,6,0,24,3,24,4,24,5,24,6,25,6,24,8,22,8,21,8,22,9,22,10,22,10,21,9,21,9,20,8,20,7,20,7,20,5,20,5,20,5,20,4,19,4,19,3,19,2,18,1,18,1,17,0]"
CSI_DATA,35868,d8:b1:90:db:e8:90,-57,11,1,7,0,0,1,0,0,0,1,-95,0,8,0,561908842,0,100,0,128,1,"[100,-64,5,0,-11,-12,-11,-12,-11,-11,-12,-10,-12,-10,-12,-9,-12,-9,-13,-8,-13,-8,-13,-8,-14,-7,-16,-7,-17,-7,-17,-6,-17,-6,-18,-6,-19,-6,-19,-6,-19,-6,-19,-7,-20,-8,-19,-9,-19,-9,-20,-9,-20,-10,-5,-3,0,0,0,0,0,0,0,0,0,0,0,0,0,0,0,0,0,0,-5,-5,-17,-20,-16,-21,-15,-21,-14,-21,-13,-22,-13,-22,-12,-22,-12,-22,-11,-22,-11,-22,-11,-22,-11,-22,-11,-21,-11,-21,-11,-21,-10,-20,-10,-19,-11,-19,-11,-18,-11,-17,-12,-17,-11,-16,-11,-16,-11,-15,-11,-15,-11,-14]"
CSI_DATA,35869,d8:b1:90:db:e8:90,-57,11,1,7,0,0,1,0,0,0,1,-95,0,8,0,561921131,0,100,0,128,1,"[100,-64,5,0,4,14,4,13,5,13,6,13,6,12,7,12,7,11,8,11,8,11,9,11,9,11,10,12,11,12,11,12,11,12,12,13,12,14,11,14,11,14,11,14,12,15,12,15,11,16,11,17,10,17,2,4,0,0,0,0,0,0,0,0,0,0,0,0,0,0,0,0,0,0,0,6,1,24,0,24,-1,24,-2,24,-3,24,-3,24,-4,24,-4,24,-4,24,-5,24,-5,24,-5,24,-4,23,-4,23,-4,22,-3,21,-3,21,-2,20,-2,20,-1,19,0,19,0,18,1,17,1,16,2,16,2,16]"
CSI_DATA,35870,d8:b1:90:db:e8:90,-57,11,1,7,0,0,1,0,0,0,1,-95,0,8,0,561932770,0,100,0,128,1,"[100,-64,5,0,9,-14,8,-14,8,-15,7,-15,6,-15,5,-15,4,-15,4,-17,3,-17,3,-17,2,-18,2,-19,2,-19,2,-20,2,-21,2,-21,2,-22,3,-22,3,-22,3,-23,3,-23,3,-23,4,-23,5,-23,6,-24,1,-6,0,0,0,0,0,0,0,0,0,0,0,0,0,0,0,0,0,0,4,-6,19,-21,20,-20,21,-18,21,-17,22,-17,22,-16,23,-16,23,-15,24,-15,24,-14,23,-14,23,-14,22,-14,22,-14,21,-14,20,-14,20,-14,19,-14,17,-14,16,-14,16,-14,15,-15,14,-15,13,-15,12,-15,12,-15]"
CSI_DATA,35871,d8:b1:90:db:e8:90,-57,11,1,7,0,0,1,0,0,0,1,-95,0,8,0,561944836,0,100,0,128,1,"[100,-64,5,0,-5,14,-5,13,-4,13,-3,13,-3,13,-2,13,-1,13,-1,14,0,14,0,14,1,14,1,15,1,15,1,16,1,16,1,17,1,17,0,18,0,18,0,18,0,18,0,18,-1,18,-1,19,-2,19,-1,4,0,0,0,0,0,0,0,0,0,0,0,0,0,0,0,0,0,0,-3,5,-12,20,-13,20,-14,19,-15,18,-15,18,-16,18,-17,18,-17,17,-17,17,-18,17,-17,17,-17,16,-16,16,-16,16,-16,16,-15,16,-15,15,-14,15,-13,15,-12,15,-11,15,-10,15,-9,15,-9,15,-8,15,-7,14]"
CSI_DATA,35872,d8:b1:90:db:e8:90,-57,11,1,7,0,0,1,0,0,0,1,-95,0,8,0,561975478,0,100,0,128,1,"[100,-64,5,0,-8,-16,-8,-15,-9,-14,-10,-14,-10,-13,-11,-13,-11,-12,-12,-11,-12,-11,-12,-11,-13,-11,-14,-10,-14,-10,-14,-10,-14,-10,-15,-11,-15,-12,-15,-12,-15,-12,-15,-12,-16,-12,-16,-13,-15,-14,-14,-14,-14,-15,-4,-4,0,0,0,0,0,0,0,0,0,0,0,0,0,0,0,0,0,0,-3,-6,-11,-24,-9,-24,-8,-25,-7,-25,-6,-26,-5,-26,-5,-26,-5,-26,-5,-26,-4,-26,-3,-26,-3,-26,-3,-25,-3,-25,-4,-24,-4,-23,-4,-22,-5,-22,-5,-21,-5,-21,-6,-20,-7,-20,-7,-19,-7,-19,-7,-18,-7,-17]"
CSI_DATA,35873,d8:b1:90:db:e8:90,-56,11,1,7,0,0,1,0,0,0,1,-95,0,8,0,561988436,0,100,0,128,1,"[100,-64,5,0,11,-12,10,-11,10,-12,9,-12,8,-13,7,-13,7,-13,7,-14,7,-15,7,-15,6,-15,5,-16,5,-17,6,-17,6,-18,6,-19,7,-19,7,-19,7,-19,7,-20,7,-20,7,-20,8,-20,9,-20,10,-20,2,-5,0,0,0,0,0,0,0,0,0,0,0,0,0,0,0,0,0,0,4,-5,18,-17,19,-16,20,-15,21,-14,22,-14,22,-13,22,-13,23,-13,23,-13,22,-12,22,-12,22,-12,21,-12,20,-11,20,-11,19,-11,19,-11,18,-11,17,-11,16,-11,15,-12,15,-12,14,-12,13,-12,13,-12,12,-12]"
CSI_DATA,35874,d8:b1:90:db:e8:90,-57,11,1,7,0,0,1,0,0,0,1,-95,0,8,0,561999816,0,100,0,128,1,"[100,-64,5,0,-8,14,-7,13,-6,13,-6,13,-5,13,-4,13,-4,14,-4,14,-4,15,-3,15,-2,15,-1,16,-1,17,-1,17,-1,17,-1,18,-1,19,-2,19,-2,19,-2,19,-1,20,-1,20,-2,20,-3,21,-4,21,-2,5,0,0,0,0,0,0,0,0,0,0,0,0,0,0,0,0,0,0,-4,5,-15,21,-16,20,-17,20,-17,19,-18,19,-19,18,-19,18,-20,18,-20,18,-20,17,-19,16,-19,16,-18,16,-18,16,-17,16,-17,16,-16,16,-15,15,-14,15,-13,14,-13,14,-12,14,-12,14,-11,14,-10,14,-10,14]"
CSI_DATA,35875,d8:b1:90:db:e8:90,-56,11,1,7,0,0,1,0,0,0,1,-95,0,8,0,562012126,0,100,0,128,1,"[100,-64,5,0,-16,-3,-15,-3,-15,-3,-15,-2,-15,-2,-15,-1,-15,-1,-16,0,-16,1,-16,1,-17,1,-17,3,-18,4,-18,5,-19,5,-19,5,-20,5,-20,5,-20,5,-20,6,-20,5,-21,5,-21,4,-22,4,-23,4,-6,0,0,0,0,0,0,0,0,0,0,0,0,0,0,0,0,0,0,0,-7,-2,-26,-8,-26,-9,-25,-11,-25,-11,-24,-12,-24,-13,-24,-13,-23,-13,-23,-14,-22,-14,-22,-14,-21,-13,-21,-13,-21,-13,-21,-12,-20,-11,-20,-10,-20,-10,-19,-9,-18,-9,-18,-8,-18,-8,-18,-7,-17,-7,-17,-6,-17,-6]"
CSI_DATA,35876,d8:b1:90:db:e8:90,-55,11,1,7,0,0,1,0,0,0,1,-95,0,8,0,562024426,0,100,0,128,1,"[100,-64,5,0,-15,4,-15,4,-14,5,-14,5,-13,6,-13,6,-13,7,-13,8,-14,9,-14,9,-14,9,-14,10,-15,11,-15,11,-16,11,-16,12,-17,12,-18,12,-18,12,-18,12,-17,12,-18,11,-18,11,-19,12,-20,11,-5,2,0,0,0,0,0,0,0,0,0,0,0,0,0,0,0,0,0,0,-7,1,-26,4,-26,3,-26,2,-26,1,-26,0,-26,0,-27,0,-27,-1,-27,-1,-26,-1,-26,-1,-26,-1,-25,-1,-24,-1,-23,-1,-22,-1,-22,-1,-21,0,-22,1,-21,1,-20,2,-20,2,-19,3,-18,3,-17,4,-17,5]"
CSI_DATA,35877,d8:b1:90:db:e8:90,-56,11,1,7,0,0,1,0,0,0,1,-95,0,8,0,562035975,0,100,0,128,1,"[100,-64,5,0,-15,-8,-14,-8,-15,-7,-15,-7,-14,-6,-14,-6,-15,-5,-16,-5,-16,-4,-17,-4,-18,-4,-18,-4,-19,-3,-19,-3,-20,-3,-21,-3,-21,-3,-21,-4,-21,-4,-21,-4,-21,-4,-21,-5,-22,-5,-22,-5,-22,-6,-6,-2,0,0,0,0,0,0,0,0,0,0,0,0,0,0,0,0,0,0,-6,-4,-21,-17,-20,-17,-19,-18,-19,-19,-18,-19,-18,-20,-18,-20,-18,-20,-18,-20,-17,-21,-17,-21,-17,-20,-16,-20,-16,-19,-15,-19,-15,-17,-15,-17,-15,-16,-16,-16,-16,-15,-16,-14,-16,-13,-16,-12,-16,-12,-15,-11,-15,-10]"
CSI_DATA,35878,d8:b1:90:db:e8:90,-57,11,1,7,0,0,1,0,0,0,1,-95,0,8,0,562048348,0,100,0,128,1,"[100,-64,5,0,-15,-1,-14,-1,-14,0,-15,0,-15,0,-15,1,-15,1,-16,1,-16,1,-16,1,-17,2,-18,2,-18,3,-18,3,-19,4,-20,4,-20,4,-21,3,-20,3,-20,3,-20,3,-20,2,-21,2,-22,2,-22,1,-6,0,0,0,0,0,0,0,0,0,0,0,0,0,0,0,0,0,0,0,-6,-2,-23,-5,-23,-7,-23,-8,-23,-8,-22,-9,-21,-9,-21,-9,-21,-9,-21,-9,-21,-9,-20,-9,-20,-9,-19,-9,-19,-9,-19,-9,-19,-8,-19,-7,-18,-6,-18,-6,-18,-5,-17,-4,-17,-4,-16,-3,-16,-3,-16,-3,-15,-2]"
CSI_DATA,35879,d8:b1:90:db:e8:90,-55,11,1,7,0,0,1,0,0,0,1,-95,0,8,0,562060663,0,100,0,128,1,"[100,-64,5,0,10,-14,9,-13,9,-14,9,-15,8,-15,8,-15,8,-15,8,-16,9,-16,8,-17,8,-17,7,-18,8,-19,8,-19,9,-19,9,-20,10,-20,10,-20,10,-20,10,-20,10,-20,10,-19,11,-19,12,-19,12,-19,3,-5,0,0,0,0,0,0,0,0,0,0,0,0,0,0,0,0,0,0,4,-5,18,-18,19,-18,20,-17,21,-16,21,-15,21,-15,22,-15,22,-14,22,-14,22,-14,21,-14,21,-13,20,-13,20,-13,19,-13,19,-13,18,-13,17,-13,17,-14,16,-13,15,-13,14,-14,14,-14,13,-14,13,-14,12,-14]"
CSI_DATA,35880,d8:b1:90:db:e8:90,-55,11,1,5,0,0,1,0,1,0,0,-95,0,8,0,562094576,0,100,0,128,1,"[100,-64,5,0,-13,-13,-15,-12,-17,-10,-19,-9,-21,-9,-22,-8,-22,-7,-22,-7,-20,-6,-18,-7,-16,-7,-13,-8,-8,-8,-4,-7,1,-7,5,-7,9,-6,12,-4,14,-3,15,-3,14,-3,14,-3,12,-3,10,-3,8,-4,1,-1,0,0,0,0,0,0,0,0,0,0,0,0,0,0,0,0,0,0,-2,-8,-5,-29,-4,-28,-3,-27,-3,-26,-5,-25,-6,-23,-9,-22,-12,-20,-15,-19,-18,-18,-20,-18,-22,-18,-24,-18,-25,-19,-25,-20,-24,-21,-23,-21,-21,-22,-20,-23,-18,-23,-16,-23,-14,-23,-12,-22,-11,-21,-10,-20,-9,-19]"
CSI_DATA,35881,d8:b1:90:db:e8:90,-56,11,1,7,0,0,1,0,0,0,1,-95,0,8,0,562108542,0,100,0,128,1,"[100,-64,5,0,16,-6,15,-6,15,-6,16,-7,16,-7,15,-7,15,-8,16,-9,16,-9,16,-10,16,-10,16,-10,17,-10,17,-11,18,-11,18,-11,19,-11,19,-12,19,-11,19,-12,19,-11,19,-10,19,-10,20,-10,21,-9,5,-3,0,0,0,0,0,0,0,0,0,0,0,0,0,0,0,0,0,0,6,-1,24,-4,23,-3,23,-2,23,-1,23,0,23,0,23,0,23,0,23,0,23,1,23,1,22,1,22,1,22,0,21,0,20,-1,20,-1,19,-2,19,-2,19,-3,18,-3,18,-3,17,-4,17,-4,17,-5,18,-5]"
CSI_DATA,35882,d8:b1:90:db:e8:90,-57,11,1,5,0,0,1,0,1,0,0,-95,0,8,0,562126274,0,100,0,128,1,"[100,-64,5,0,3,13,6,12,9,12,11,11,14,11,15,11,16,11,16,11,15,10,14,10,12,10,9,10,5,9,1,8,-3,6,-6,5,-9,3,-12,2,-14,1,-14,0,-14,0,-13,0,-12,0,-11,1,-9,2,-2,0,0,0,0,0,0,0,0,0,0,0,0,0,0,0,0,0,0,0,-5,5,-18,19,-19,18,-18,17,-17,15,-15,15,-12,15,-8,16,-4,17,-1,18,2,20,4,22,6,23,8,25,9,26,9,27,8,28,7,28,5,28,4,27,2,27,1,26,-1,24,-3,23,-4,21,-4,19,-4,18]"
CSI_DATA,35883,d8:b1:90:db:e8:90,-55,11,1,5,0,0,1,0,1,0,0,-95,0,8,0,562139798,0,100,0,128,1,"[100,-64,5,0,14,3,15,1,15,-3,16,-5,16,-8,17,-9,17,-10,17,-11,16,-11,15,-10,14,-8,12,-5,10,-3,7,0,4,2,1,5,-1,7,-3,8,-5,9,-6,10,-6,11,-5,11,-4,10,-3,9,-1,9,0,2,0,0,0,0,0,0,0,0,0,0,0,0,0,0,0,0,0,0,4,5,16,22,14,23,13,22,12,20,12,18,13,15,15,12,17,8,20,6,23,3,25,1,28,0,30,0,32,0,33,0,33,1,33,3,33,5,31,7,29,8,28,10,26,11,24,12,21,12,19,12,17,12]"
CSI_DATA,35884,d8:b1:90:db:e8:90,-57,11,1,7,0,0,1,0,0,0,1,-95,0,8,0,562150383,0,100,0,128,1,"[100,-64,5,0,-13,-12,-12,-12,-13,-11,-14,-11,-14,-11,-14,-10,-14,-10,-14,-9,-15,-9,-15,-9,-16,-9,-17,-10,-18,-10,-18,-10,-18,-10,-19,-10,-19,-10,-19,-10,-19,-10,-18,-10,-19,-10,-18,-11,-19,-11,-19,-12,-19,-12,-5,-4,0,0,0,0,0,0,0,0,0,0,0,0,0,0,0,0,0,0,-5,-5,-18,-19,-17,-20,-16,-20,-16,-20,-15,-21,-14,-21,-14,-21,-14,-21,-13,-22,-13,-22,-12,-21,-12,-20,-12,-20,-12,-20,-12,-20,-13,-19,-13,-18,-13,-18,-13,-18,-13,-17,-13,-16,-13,-16,-13,-15,-13,-15,-13,-14,-13,-14]"
CSI_DATA,35885,d8:b1:90:db:e8:90,-55,11,1,7,0,0,1,0,0,0,1,-95,0,8,0,562160905,0,100,0,128,1,"[100,-64,5,0,3,18,3,18,4,17,5,17,6,16,6,16,6,16,6,15,7,15,7,15,8,16,9,17,9,17,9,17,9,17,10,17,9,18,9,18,9,18,9,18,9,18,9,19,8,19,7,18,7,19,1,4,0,0,0,0,0,0,0,0,0,0,0,0,0,0,0,0,0,0,1,6,5,27,3,27,1,27,1,28,1,27,0,27,-2,27,-2,27,-1,26,0,26,-1,25,-1,25,-1,25,-1,24,-1,24,-1,24,-1,23,-1,23,0,22,1,22,1,21,2,21,3,20,3,20,4,20,5,19]"
CSI_DATA,35886,d8:b1:90:db:e8:90,-57,11,1,7,0,0,1,0,0,0,1,-95,0,8,0,562180420,0,100,0,128,1,"[100,-64,5,0,16,3,16,3,16,2,16,1,16,1,15,0,15,0,16,-1,16,-1,15,-1,16,-1,16,-1,17,-2,17,-2,17,-2,17,-2,18,-2,18,-2,18,-2,18,-2,18,-1,18,0,18,0,18,0,18,1,4,0,0,0,0,0,0,0,0,0,0,0,0,0,0,0,0,0,0,0,5,1,23,5,23,6,22,6,22,7,22,8,22,8,21,8,21,8,21,9,21,9,21,9,21,9,21,9,20,9,20,8,19,8,18,7,19,7,19,7,19,6,18,5,18,5,18,4,18,4,18,3,17,3]"
CSI_DATA,35887,d8:b1:90:db:e8:90,-55,11,1,7,0,0,1,0,0,0,1,-95,0,8,0,562193163,0,100,0,128,1,"[100,-64,5,0,8,16,8,15,8,14,8,14,9,14,9,13,10,13,10,13,11,13,11,12,12,13,13,13,13,13,13,13,14,13,14,14,14,14,13,14,13,14,13,15,13,15,13,16,12,16,12,16,12,17,3,4,0,0,0,0,0,0,0,0,0,0,0,0,0,0,0,0,0,0,2,6,11,24,10,24,9,25,8,25,8,25,7,25,7,25,7,26,7,26,6,26,6,26,5,25,5,25,5,24,4,23,4,22,4,21,5,21,6,20,7,19,7,19,7,19,8,18,8,18,8,17,8,16]"
CSI_DATA,35888,d8:b1:90:db:e8:90,-56,11,1,7,0,0,1,0,0,0,1,-95,0,8,0,562204947,0,100,0,128,1,"[100,-64,5,0,4,-17,4,-17,4,-17,3,-17,2,-16,2,-16,1,-16,1,-17,1,-18,0,-18,-1,-18,-1,-19,0,-20,0,-20,0,-20,0,-20,0,-20,0,-20,1,-20,1,-21,1,-21,1,-21,1,-21,2,-21,3,-21,1,-6,0,0,0,0,0,0,0,0,0,0,0,0,0,0,0,0,0,0,2,-6,11,-24,12,-23,13,-23,13,-22,14,-22,14,-22,15,-22,15,-22,15,-22,15,-22,14,-21,14,-21,13,-20,13,-20,13,-20,12,-20,12,-20,11,-20,10,-20,9,-19,8,-19,8,-19,7,-19,7,-18,6,-18,6,-18]"
CSI_DATA,35889,d8:b1:90:db:e8:90,-55,11,1,7,0,0,1,0,0,0,1,-95,0,8,0,562216929,0,100,0,128,1,"[100,-64,5,0,13,-12,13,-12,13,-12,12,-12,11,-12,11,-12,10,-13,10,-14,10,-15,10,-15,10,-15,10,-16,11,-16,11,-16,12,-16,11,-16,12,-17,12,-16,12,-17,12,-17,12,-17,12,-16,13,-16,14,-15,15,-15,3,-4,0,0,0,0,0,0,0,0,0,0,0,0,0,0,0,0,0,0,5,-4,23,-14,24,-13,25,-11,25,-11,25,-10,26,-10,26,-10,26,-10,26,-10,25,-10,25,-9,24,-9,24,-9,23,-9,23,-9,22,-9,22,-9,21,-10,20,-10,19,-11,18,-11,18,-11,17,-11,16,-11,16,-11,16,-12]"
CSI_DATA,35890,d8:b1:90:db:e8:90,-56,11,1,7,0,0,1,0,0,0,1,-95,0,8,0,562229988,0,100,0,128,1,"[100,-64,5,0,7,-16,6,-15,6,-15,6,-16,5,-16,5,-16,4,-16,4,-16,4,-17,4,-17,3,-17,3,-18,3,-18,3,-19,3,-19,3,-20,3,-20,4,-20,4,-20,4,-20,4,-20,4,-20,5,-20,6,-20,6,-20,1,-5,0,0,0,0,0,0,0,0,0,0,0,0,0,0,0,0,0,0,3,-6,13,-22,14,-21,15,-21,15,-20,16,-20,16,-20,16,-20,16,-20,16,-20,16,-20,16,-19,16,-19,16,-19,15,-19,15,-18,14,-18,13,-18,13,-18,12,-18,11,-18,10,-18,10,-17,9,-17,9,-16,9,-16,9,-17]"
CSI_DATA,35891,d8:b1:90:db:e8:90,-55,11,1,7,0,0,1,0,0,0,1,-95,0,8,0,562244083,0,100,0,128,1,"[100,-64,5,0,-19,-4,-19,-3,-18,-3,-18,-2,-18,-2,-18,-2,-17,-1,-18,0,-18,0,-18,0,-18,0,-18,0,-19,1,-19,1,-19,1,-20,1,-20,1,-20,1,-20,1,-20,1,-20,0,-20,-1,-20,-1,-21,-1,-21,-2,-6,-1,0,0,0,0,0,0,0,0,0,0,0,0,0,0,0,0,0,0,-7,-2,-27,-8,-26,-9,-26,-10,-26,-11,-26,-11,-26,-12,-26,-12,-26,-12,-26,-12,-25,-13,-25,-12,-25,-12,-24,-12,-24,-11,-24,-11,-23,-10,-23,-10,-23,-9,-23,-9,-22,-8,-22,-7,-21,-7,-21,-6,-20,-6,-20,-5,-20,-5]"
CSI_DATA,35892,d8:b1:90:db:e8:90,-55,11,1,7,0,0,1,0,0,0,1,-95,0,8,0,562254262,0,100,0,128,1,"[100,-64,5,0,-10,-17,-10,-17,-10,-16,-11,-15,-11,-14,-11,-13,-12,-13,-13,-12,-13,-12,-13,-12,-14,-12,-15,-12,-15,-11,-15,-11,-15,-11,-15,-12,-15,-12,-15,-12,-15,-12,-15,-12,-15,-13,-14,-13,-14,-13,-14,-14,-13,-14,-4,-4,0,0,0,0,0,0,0,0,0,0,0,0,0,0,0,0,0,0,-4,-7,-14,-25,-12,-25,-10,-26,-9,-27,-8,-27,-8,-27,-8,-28,-8,-28,-7,-29,-7,-28,-6,-27,-6,-27,-6,-27,-7,-26,-7,-26,-7,-25,-7,-24,-8,-23,-8,-23,-9,-23,-9,-22,-9,-21,-9,-20,-9,-20,-9,-19,-9,-18]"
CSI_DATA,35893,d8:b1:90:db:e8:90,-56,11,1,7,0,0,1,0,0,0,1,-95,0,8,0,562287202,0,100,0,128,1,"[100,-64,5,0,-15,-12,-14,-11,-14,-10,-15,-10,-15,-9,-15,-9,-15,-8,-15,-7,-16,-6,-16,-6,-17,-6,-18,-6,-18,-5,-19,-5,-19,-5,-19,-6,-19,-5,-19,-5,-19,-6,-19,-6,-19,-6,-19,-7,-19,-7,-20,-8,-19,-8,-5,-3,0,0,0,0,0,0,0,0,0,0,0,0,0,0,0,0,0,0,-5,-5,-21,-17,-20,-19,-19,-20,-18,-20,-17,-21,-17,-21,-17,-21,-17,-22,-17,-22,-17,-22,-16,-21,-16,-21,-16,-20,-15,-20,-15,-20,-15,-19,-15,-18,-15,-17,-15,-17,-16,-17,-16,-16,-15,-15,-15,-14,-15,-14,-15,-13,-14,-13]"
CSI_DATA,35894,d8:b1:90:db:e8:90,-56,11,1,7,0,0,1,0,0,0,1,-95,0,8,0,562299710,0,100,0,128,1,"[100,-64,5,0,10,15,10,14,10,13,11,13,11,12,11,12,12,11,12,11,13,10,13,10,14,10,15,10,15,9,15,9,16,9,17,10,17,10,17,10,17,11,17,11,17,12,17,12,16,13,15,13,15,14,3,3,0,0,0,0,0,0,0,0,0,0,0,0,0,0,0,0,0,0,3,5,14,23,13,23,11,23,10,24,9,24,9,25,8,26,8,27,7,26,7,26,8,25,8,25,7,24,7,24,7,23,7,23,7,22,8,21,9,21,9,20,9,20,9,19,9,18,9,17,10,16,10,16]"
CSI_DATA,35895,d8:b1:90:db:e8:90,-56,11,1,7,0,0,1,0,0,0,1,-95,0,8,0,562311724,0,100,0,128,1,"[100,-64,5,0,13,11,13,10,14,9,14,9,14,9,14,8,15,7,15,7,15,6,16,6,16,6,17,6,18,6,18,6,19,6,19,6,19,6,19,5,19,6,19,6,20,7,19,8,19,8,19,9,19,10,4,2,0,0,0,0,0,0,0,0,0,0,0,0,0,0,0,0,0,0,5,4,19,17,18,18,17,19,16,20,16,20,16,21,16,21,15,21,15,21,15,21,14,21,14,20,14,20,14,20,13,19,13,19,13,18,14,17,14,16,14,15,14,14,14,14,14,13,14,13,14,13,14,12]"
CSI_DATA,35896,d8:b1:90:db:e8:90,-56,11,1,7,0,0,1,0,0,0,1,-95,0,8,0,562323556,0,100,0,128,1,"[100,-64,5,0,17,3,17,2,17,1,17,1,17,0,17,0,17,-1,17,-2,17,-3,17,-3,18,-3,18,-4,19,-4,19,-5,19,-5,19,-4,19,-5,19,-5,20,-5,20,-4,21,-4,21,-3,21,-3,21,-2,22,-2,5,-1,0,0,0,0,0,0,0,0,0,0,0,0,0,0,0,0,0,0,6,1,26,6,25,8,25,9,24,9,24,10,24,11,24,11,24,11,23,11,23,11,23,11,22,11,22,11,22,11,21,11,21,11,20,10,20,9,20,8,19,7,19,6,19,6,19,5,19,5,19,4,19,4]"
CSI_DATA,35897,d8:b1:90:db:e8:90,-55,11,1,7,0,0,1,0,0,0,1,-95,0,8,0,562339643,0,100,0,128,1,"[100,-64,5,0,14,-12,13,-12,13,-12,12,-13,12,-14,11,-14,11,-14,11,-15,11,-15,10,-15,9,-16,9,-18,9,-18,10,-18,10,-19,10,-19,10,-19,11,-19,11,-19,12,-19,12,-18,12,-18,12,-18,13,-18,14,-17,3,-5,0,0,0,0,0,0,0,0,0,0,0,0,0,0,0,0,0,0,5,-4,23,-15,24,-14,24,-13,24,-12,25,-11,25,-11,25,-10,25,-10,26,-9,25,-9,25,-9,24,-9,24,-9,23,-8,22,-8,22,-9,22,-9,21,-10,20,-10,20,-10,19,-10,19,-10,18,-11,17,-11,16,-12,16,-12]"
CSI_DATA,35898,d8:b1:90:db:e8:90,-56,11,1,7,0,0,1,0,0,0,1,-95,0,8,0,562350500,0,100,0,128,1,"[100,-64,5,0,6,-16,5,-16,5,-16,4,-17,4,-17,3,-17,3,-17,2,-17,2,-18,1,-18,0,-18,-1,-19,-1,-20,0,-20,0,-20,-1,-21,-1,-21,0,-21,0,-21,0,-21,0,-21,0,-21,1,-21,2,-22,3,-22,0,-6,0,0,0,0,0,0,0,0,0,0,0,0,0,0,0,0,0,0,2,-6,12,-24,13,-23,13,-22,14,-21,14,-21,15,-21,15,-20,16,-20,16,-20,16,-20,16,-19,15,-19,15,-18,15,-18,14,-18,14,-18,13,-18,12,-18,12,-18,11,-18,10,-17,10,-17,9,-17,9,-17,8,-17,8,-17]"
CSI_DATA,35899,d8:b1:90:db:e8:90,-56,11,1,7,0,0,1,0,0,0,1,-95,0,8,0,562360740,0,100,0,128,1,"[100,-64,5,0,-14,-12,-14,-11,-14,-10,-15,-10,-16,-9,-16,-9,-16,-8,-16,-6,-17,-5,-17,-5,-18,-5,-19,-5,-19,-5,-19,-4,-19,-4,-20,-4,-20,-4,-20,-5,-20,-5,-20,-5,-21,-6,-21,-6,-21,-7,-21,-7,-20,-8,-5,-2,0,0,0,0,0,0,0,0,0,0,0,0,0,0,0,0,0,0,-5,-5,-19,-19,-18,-20,-16,-21,-16,-21,-15,-22,-15,-22,-14,-22,-13,-23,-13,-23,-13,-23,-13,-22,-12,-22,-12,-22,-12,-21,-12,-21,-12,-21,-12,-20,-12,-19,-13,-18,-13,-17,-13,-17,-14,-16,-14,-15,-14,-15,-14,-14,-14,-13]"
CSI_DATA,35900,d8:b1:90:db:e8:90,-57,11,1,7,0,0,1,0,0,0,1,-95,0,8,0,562387949,0,100,0,128,1,"[100,-64,5,0,-5,-17,-5,-17,-5,-16,-5,-16,-5,-16,-6,-15,-6,-15,-7,-15,-7,-15,-7,-15,-8,-15,-8,-16,-9,-16,-9,-16,-9,-16,-10,-16,-10,-16,-10,-16,-10,-16,-10,-16,-11,-17,-10,-17,-10,-17,-9,-17,-8,-18,-2,-5,0,0,0,0,0,0,0,0,0,0,0,0,0,0,0,0,0,0,-2,-7,-5,-26,-4,-26,-2,-26,-1,-27,-1,-27,0,-27,-1,-26,-1,-26,-1,-26,0,-26,1,-25,1,-25,1,-24,0,-24,0,-24,0,-24,-1,-23,-1,-23,-2,-22,-2,-21,-3,-21,-3,-20,-4,-20,-4,-20,-4,-19,-4,-19]"
CSI_DATA,35901,d8:b1:90:db:e8:90,-57,11,1,7,0,0,1,0,0,0,1,-95,0,8,0,562398983,0,100,0,128,1,"[100,-64,5,0,-18,-1,-17,-1,-17,0,-17,0,-16,0,-16,1,-16,1,-16,2,-16,3,-16,3,-16,3,-17,3,-17,3,-18,4,-17,4,-17,4,-18,5,-18,5,-18,5,-18,5,-18,4,-18,4,-18,4,-19,3,-19,2,-5,0,0,0,0,0,0,0,0,0,0,0,0,0,0,0,0,0,0,0,-7,-1,-26,-4,-26,-5,-26,-7,-26,-8,-26,-8,-26,-8,-25,-7,-25,-7,-25,-8,-25,-8,-24,-9,-23,-9,-23,-8,-23,-9,-23,-8,-23,-7,-23,-7,-22,-7,-22,-6,-21,-5,-21,-4,-21,-4,-21,-3,-21,-3,-20,-2,-20,-2]"
CSI_DATA,35902,d8:b1:90:db:e8:90,-57,11,1,7,0,0,1,0,0,0,1,-95,0,8,0,562409950,0,100,0,128,1,"[100,-64,5,0,-14,9,-13,9,-13,9,-12,9,-11,10,-11,10,-11,10,-11,11,-11,12,-11,12,-11,12,-11,13,-12,13,-12,14,-12,14,-11,14,-11,14,-12,14,-12,14,-12,14,-11,14,-11,14,-12,14,-13,14,-14,14,-4,3,0,0,0,0,0,0,0,0,0,0,0,0,0,0,0,0,0,0,-6,3,-22,14,-23,13,-23,12,-23,11,-24,11,-24,10,-24,10,-24,9,-24,9,-24,9,-24,8,-23,8,-23,8,-23,8,-22,9,-21,9,-20,9,-19,9,-18,9,-18,10,-17,10,-17,10,-16,10,-16,10,-15,10,-15,10]"
CSI_DATA,35903,d8:b1:90:db:e8:90,-57,11,1,7,0,0,1,0,0,0,1,-95,0,8,0,562426196,0,100,0,128,1,"[100,-64,5,0,-15,-8,-14,-7,-14,-7,-14,-6,-14,-6,-14,-5,-14,-5,-15,-4,-15,-3,-15,-3,-16,-3,-16,-2,-17,-2,-17,-1,-17,-1,-18,-2,-18,-2,-18,-2,-18,-2,-19,-2,-19,-2,-18,-3,-19,-3,-19,-3,-19,-4,-5,-1,0,0,0,0,0,0,0,0,0,0,0,0,0,0,0,0,0,0,-6,-3,-23,-12,-22,-13,-22,-14,-21,-14,-21,-15,-20,-16,-20,-16,-20,-17,-20,-17,-19,-17,-19,-16,-19,-16,-19,-16,-18,-15,-18,-14,-17,-14,-17,-13,-17,-13,-17,-12,-17,-12,-17,-11,-17,-11,-17,-10,-17,-9,-16,-9,-16,-8]"
CSI_DATA,35904,d8:b1:90:db:e8:90,-57,11,1,7,0,0,1,0,0,0,1,-95,0,8,0,562436775,0,100,0,128,1,"[100,-64,5,0,-9,-15,-8,-15,-8,-14,-9,-13,-9,-13,-10,-12,-10,-12,-11,-11,-11,-11,-11,-11,-12,-11,-13,-11,-13,-11,-13,-10,-13,-10,-13,-11,-13,-11,-13,-11,-13,-11,-13,-12,-14,-12,-14,-13,-13,-13,-13,-13,-13,-13,-3,-4,0,0,0,0,0,0,0,0,0,0,0,0,0,0,0,0,0,0,-3,-6,-11,-24,-10,-24,-9,-25,-8,-25,-7,-25,-7,-25,-7,-26,-7,-26,-6,-26,-6,-26,-6,-26,-6,-26,-6,-25,-6,-25,-6,-23,-6,-22,-6,-22,-7,-21,-7,-21,-8,-21,-8,-20,-8,-20,-9,-19,-9,-18,-9,-18,-9,-17]"
CSI_DATA,35905,d8:b1:90:db:e8:90,-57,11,1,7,0,0,1,0,0,0,1,-95,0,8,0,562448814,0,100,0,128,1,"[100,-64,5,0,-6,15,-6,15,-5,15,-4,15,-4,15,-3,14,-2,15,-2,15,-2,15,-1,16,0,16,1,17,1,18,1,18,1,18,1,19,1,19,0,19,0,19,0,19,1,20,0,20,0,20,-1,20,-2,20,-1,5,0,0,0,0,0,0,0,0,0,0,0,0,0,0,0,0,0,0,-2,6,-9,25,-10,25,-11,25,-12,24,-13,24,-13,24,-14,24,-14,23,-14,23,-14,23,-14,22,-14,22,-14,22,-13,21,-12,20,-12,20,-11,19,-11,19,-10,19,-9,19,-8,19,-8,19,-7,18,-7,18,-7,17,-6,17]"
CSI_DATA,35906,d8:b1:90:db:e8:90,-57,11,1,7,0,0,1,0,0,0,1,-95,0,8,0,562462637,0,100,0,128,1,"[100,-64,5,0,-1,14,-1,14,0,13,1,13,2,13,2,13,2,13,2,13,1,14,2,14,2,14,3,15,3,15,3,15,3,16,3,16,3,16,2,16,2,16,2,17,2,17,2,17,1,17,0,17,-1,17,-1,4,0,0,0,0,0,0,0,0,0,0,0,0,0,0,0,0,0,0,-2,5,-6,23,-7,22,-8,22,-8,22,-9,22,-9,22,-9,21,-9,21,-10,21,-10,21,-10,21,-10,21,-10,20,-10,20,-9,19,-9,19,-8,19,-8,18,-6,18,-6,18,-5,17,-5,17,-4,17,-4,17,-3,17,-3,16]"
CSI_DATA,35907,d8:b1:90:db:e8:90,-57,11,1,7,0,0,1,0,0,0,1,-95,0,8,0,562477853,0,100,0,128,1,"[100,-64,5,0,13,-11,12,-11,11,-12,10,-12,10,-13,9,-13,8,-13,8,-14,8,-15,7,-15,7,-16,7,-16,7,-17,7,-18,7,-18,8,-18,8,-18,8,-18,9,-18,9,-18,9,-18,9,-18,10,-18,11,-18,12,-17,3,-5,0,0,0,0,0,0,0,0,0,0,0,0,0,0,0,0,0,0,5,-4,23,-13,23,-12,23,-11,24,-11,24,-10,25,-9,25,-9,25,-9,25,-8,25,-8,25,-8,24,-8,24,-8,23,-7,22,-8,21,-8,21,-8,20,-9,19,-10,18,-9,17,-9,17,-10,17,-10,16,-10,15,-10,15,-10]"
CSI_DATA,35908,d8:b1:90:db:e8:90,-57,11,1,7,0,0,1,0,0,0,1,-95,0,8,0,562499748,0,100,0,128,1,"[100,-64,5,0,-16,-9,-16,-9,-16,-8,-16,-7,-17,-6,-17,-6,-17,-5,-17,-4,-17,-3,-18,-3,-18,-3,-19,-3,-20,-2,-20,-2,-20,-2,-20,-3,-20,-3,-20,-3,-20,-3,-20,-4,-21,-4,-21,-5,-21,-6,-21,-6,-21,-7,-6,-2,0,0,0,0,0,0,0,0,0,0,0,0,0,0,0,0,0,0,-6,-4,-22,-17,-21,-18,-20,-19,-19,-19,-18,-20,-18,-21,-18,-21,-18,-21,-17,-21,-17,-21,-16,-21,-16,-21,-16,-20,-16,-20,-15,-19,-15,-18,-15,-17,-15,-17,-16,-16,-16,-15,-16,-14,-16,-14,-16,-13,-16,-12,-16,-12,-16,-11]"
CSI_DATA,35909,d8:b1:90:db:e8:90,-57,11,1,7,0,0,1,0,0,0,1,-95,0,8,0,562512188,0,100,0,128,1,"[100,-64,5,0,-6,14,-6,14,-5,14,-5,14,-5,14,-4,14,-4,14,-4,14,-4,15,-3,15,-3,15,-3,16,-3,16,-3,16,-3,17,-2,18,-2,18,-2,18,-3,18,-3,18,-3,18,-3,18,-4,19,-4,18,-5,18,-2,4,0,0,0,0,0,0,0,0,0,0,0,0,0,0,0,0,0,0,-3,5,-12,20,-13,19,-14,19,-14,18,-15,18,-15,18,-15,18,-15,18,-16,18,-16,17,-16,17,-16,16,-15,16,-15,16,-14,16,-14,16,-13,16,-12,16,-11,15,-10,15,-10,15,-9,15,-9,15,-8,15,-8,15,-8,15]"
CSI_DATA,35910,d8:b1:90:db:e8:90,-57,11,1,7,0,0,1,0,0,0,1,-95,0,8,0,562525344,0,100,0,128,1,"[100,-64,5,0,11,-13,10,-13,10,-13,9,-13,9,-13,8,-13,8,-13,7,-14,7,-15,7,-15,6,-16,6,-16,6,-16,6,-16,7,-17,7,-17,7,-18,8,-18,8,-18,8,-18,8,-18,8,-18,8,-17,9,-17,10,-17,2,-5,0,0,0,0,0,0,0,0,0,0,0,0,0,0,0,0,0,0,4,-5,18,-16,19,-15,21,-14,21,-13,21,-12,22,-12,22,-13,22,-12,22,-12,22,-12,21,-12,21,-12,20,-12,20,-12,20,-11,19,-11,19,-11,18,-12,17,-12,16,-12,16,-12,15,-12,15,-12,14,-13,14,-13,13,-13]"
CSI_DATA,35911,d8:b1:90:db:e8:90,-57,11,1,7,0,0,1,0,0,0,1,-95,0,8,0,562537580,0,100,0,128,1,"[100,-64,5,0,10,-13,10,-13,9,-13,9,-13,8,-13,8,-13,7,-14,7,-15,7,-15,7,-15,6,-16,6,-16,6,-16,7,-16,7,-17,7,-17,8,-17,8,-17,8,-17,8,-17,8,-17,8,-17,9,-17,10,-17,11,-16,2,-4,0,0,0,0,0,0,0,0,0,0,0,0,0,0,0,0,0,0,4,-5,18,-17,19,-16,20,-15,20,-14,21,-13,21,-13,21,-14,21,-14,21,-13,21,-13,21,-13,21,-13,20,-12,20,-12,19,-12,19,-11,18,-12,18,-12,17,-13,16,-13,15,-13,15,-13,15,-13,14,-13,13,-13,13,-14]"
CSI_DATA,35912,d8:b1:90:db:e8:90,-56,11,1,7,0,0,1,0,0,0,1,-95,0,8,0,562556404,0,100,0,128,1,"[100,-64,5,0,-19,3,-18,3,-18,3,-17,3,-17,3,-16,3,-16,4,-16,6,-16,6,-15,7,-15,7,-15,8,-16,8,-16,8,-16,8,-16,9,-16,9,-17,9,-17,8,-17,8,-17,8,-17,8,-18,8,-19,7,-19,6,-5,1,0,0,0,0,0,0,0,0,0,0,0,0,0,0,0,0,0,0,-7,0,-27,1,-27,0,-27,-2,-26,-3,-26,-4,-27,-4,-27,-4,-27,-5,-26,-5,-26,-5,-26,-5,-26,-5,-25,-4,-25,-4,-24,-5,-23,-4,-23,-3,-23,-3,-22,-2,-22,-2,-22,-1,-22,-1,-21,0,-21,1,-21,1,-20,1]"
CSI_DATA,35913,d8:b1:90:db:e8:90,-56,11,1,7,0,0,1,0,0,0,1,-95,0,8,0,562568702,0,100,0,128,1,"[100,-64,5,0,-2,18,-1,17,-1,17,1,17,2,17,2,16,2,16,1,17,1,16,2,16,2,17,2,17,2,17,1,17,2,18,3,19,3,19,2,19,2,19,2,20,2,20,2,20,1,20,0,20,-1,20,-1,5,0,0,0,0,0,0,0,0,0,0,0,0,0,0,0,0,0,0,-2,6,-6,26,-7,25,-9,25,-9,25,-10,25,-11,24,-11,24,-11,24,-12,24,-12,24,-11,23,-11,23,-10,22,-10,22,-10,21,-9,21,-9,21,-8,20,-7,20,-6,20,-5,20,-5,20,-4,20,-3,20,-3,19,-3,19]"
CSI_DATA,35914,d8:b1:90:db:e8:90,-57,11,1,7,0,0,1,0,0,0,1,-95,0,8,0,562591941,0,100,0,128,1,"[100,-64,5,0,-1,17,0,17,0,16,1,16,1,16,2,16,2,16,2,16,3,15,3,15,4,15,5,15,6,15,6,15,6,15,6,16,6,16,6,16,5,15,4,14,4,13,4,13,2,14,-1,15,-3,16,-1,4,0,0,0,0,0,0,0,0,0,0,0,0,0,0,0,0,0,0,-1,6,-4,24,-5,24,-6,24,-7,23,-7,23,-8,24,-8,24,-8,24,-8,24,-8,24,-8,23,-8,23,-7,22,-7,22,-7,22,-7,22,-7,21,-6,21,-5,21,-4,21,-3,20,-3,20,-2,20,-2,19,-1,19,-1,19]"
CSI_DATA,35915,d8:b1:90:db:e8:90,-56,11,1,7,0,0,1,0,0,0,1,-95,0,8,0,562604344,0,100,0,128,1,"[100,-64,5,0,16,-10,15,-10,15,-10,14,-10,14,-10,13,-10,12,-11,12,-12,11,-13,11,-13,11,-13,11,-13,11,-13,12,-14,12,-14,12,-14,12,-14,13,-14,13,-13,13,-13,13,-13,13,-13,14,-12,15,-12,16,-12,4,-3,0,0,0,0,0,0,0,0,0,0,0,0,0,0,0,0,0,0,5,-4,23,-12,23,-11,24,-10,24,-9,24,-9,25,-8,25,-8,25,-7,25,-7,26,-7,26,-7,25,-7,25,-7,24,-7,23,-7,22,-7,22,-8,22,-8,21,-8,20,-8,20,-8,19,-8,19,-9,18,-9,18,-10,17,-10]"
CSI_DATA,35916,d8:b1:90:db:e8:90,-56,11,1,7,0,0,1,0,0,0,1,-95,0,8,0,562616029,0,100,0,128,1,"[100,-64,5,0,-9,-18,-9,-17,-9,-16,-9,-16,-10,-15,-10,-15,-10,-14,-10,-13,-10,-12,-11,-12,-12,-13,-12,-13,-13,-13,-12,-13,-12,-13,-12,-13,-12,-13,-12,-13,-11,-14,-12,-14,-12,-14,-11,-15,-11,-15,-11,-16,-11,-17,-3,-5,0,0,0,0,0,0,0,0,0,0,0,0,0,0,0,0,0,0,-3,-6,-11,-25,-9,-25,-8,-26,-7,-26,-6,-26,-6,-26,-5,-26,-5,-27,-5,-27,-5,-27,-5,-27,-4,-27,-4,-26,-5,-26,-5,-25,-5,-25,-6,-24,-6,-23,-6,-23,-7,-22,-7,-22,-7,-21,-8,-20,-8,-20,-8,-20,-8,-19]"
CSI_DATA,35917,d8:b1:90:db:e8:90,-55,11,1,7,0,0,1,0,0,0,1,-95,0,8,0,562627323,0,100,0,128,1,"[100,-64,5,0,-18,-7,-18,-7,-17,-7,-18,-6,-17,-6,-17,-6,-17,-5,-17,-4,-17,-3,-16,-3,-17,-3,-17,-3,-18,-2,-18,-2,-18,-1,-18,-1,-19,0,-19,0,-18,-1,-19,-1,-19,-2,-19,-3,-19,-3,-20,-4,-20,-4,-5,-1,0,0,0,0,0,0,0,0,0,0,0,0,0,0,0,0,0,0,-7,-3,-26,-12,-25,-13,-24,-14,-23,-15,-23,-16,-23,-16,-23,-16,-23,-16,-23,-16,-22,-17,-22,-17,-21,-17,-21,-17,-21,-16,-21,-15,-21,-14,-21,-14,-20,-13,-20,-13,-21,-12,-21,-12,-21,-11,-20,-11,-20,-10,-19,-10,-19,-9]"
CSI_DATA,35918,d8:b1:90:db:e8:90,-56,11,1,7,0,0,1,0,0,0,1,-95,0,8,0,562637725,0,100,0,128,1,"[100,-64,5,0,7,-19,6,-18,6,-18,6,-18,5,-18,4,-17,4,-17,3,-17,3,-17,2,-17,1,-17,1,-17,0,-17,1,-17,1,-18,0,-18,0,-18,1,-18,1,-18,1,-18,1,-19,1,-19,2,-19,4,-19,4,-18,1,-5,0,0,0,0,0,0,0,0,0,0,0,0,0,0,0,0,0,0,3,-6,12,-24,13,-23,15,-23,15,-22,16,-21,16,-21,17,-22,17,-22,17,-22,18,-21,18,-21,18,-21,17,-20,17,-20,16,-20,15,-20,14,-20,14,-20,14,-20,13,-20,12,-20,12,-20,11,-20,11,-19,10,-19,9,-19]"
CSI_DATA,35919,d8:b1:90:db:e8:90,-55,11,1,7,0,0,1,0,0,0,1,-95,0,8,0,562656642,0,100,0,128,1,"[100,-64,5,0,15,-11,14,-11,14,-11,14,-11,13,-11,12,-11,12,-11,12,-11,12,-11,12,-11,12,-11,11,-12,11,-12,12,-13,12,-13,12,-14,12,-14,12,-14,12,-13,13,-13,13,-13,13,-13,14,-13,14,-13,15,-12,4,-3,0,0,0,0,0,0,0,0,0,0,0,0,0,0,0,0,0,0,6,-4,24,-13,24,-12,24,-10,24,-9,25,-8,25,-8,26,-9,27,-9,26,-8,26,-7,26,-7,25,-8,25,-8,24,-7,24,-8,23,-8,23,-9,22,-10,21,-10,20,-10,20,-10,20,-10,19,-10,19,-10,18,-10,17,-10]"
CSI_DATA,35920,d8:b1:90:db:e8:90,-55,11,1,7,0,0,1,0,0,0,1,-95,0,8,0,562666865,0,100,0,128,1,"[100,-64,5,0,3,18,2,17,3,17,3,17,4,16,4,15,4,14,4,14,4,14,5,14,6,14,7,14,8,14,7,14,8,14,8,15,8,15,7,15,7,15,8,16,8,16,8,17,7,17,6,18,6,18,1,4,0,0,0,0,0,0,0,0,0,0,0,0,0,0,0,0,0,0,1,6,4,25,3,25,1,26,0,25,0,25,-1,25,-1,25,-2,25,-2,25,-2,25,-3,25,-3,24,-2,24,-1,24,-2,24,-2,24,-2,23,-1,22,-1,21,0,21,1,21,1,20,1,20,2,20,2,20,2,19]"
CSI_DATA,35921,d8:b1:90:db:e8:90,-57,11,1,7,0,0,1,0,0,0,1,-95,0,8,0,562690663,0,100,0,128,1,"[100,-64,5,0,-10,-15,-10,-15,-10,-14,-10,-13,-10,-13,-10,-13,-10,-12,-11,-11,-11,-11,-11,-11,-12,-11,-14,-10,-14,-10,-14,-9,-15,-10,-15,-10,-15,-10,-15,-10,-15,-10,-15,-10,-16,-11,-16,-12,-16,-12,-16,-12,-16,-12,-4,-4,0,0,0,0,0,0,0,0,0,0,0,0,0,0,0,0,0,0,-4,-6,-14,-22,-12,-22,-11,-23,-10,-24,-9,-25,-9,-24,-9,-24,-9,-24,-8,-24,-8,-24,-8,-24,-8,-23,-8,-23,-8,-23,-8,-23,-8,-22,-8,-21,-9,-21,-9,-20,-9,-19,-9,-19,-9,-18,-10,-18,-10,-18,-10,-17,-10,-17]"
CSI_DATA,35922,d8:b1:90:db:e8:90,-57,11,1,7,0,0,1,0,0,0,1,-95,0,8,0,562704220,0,100,0,128,1,"[100,-64,5,0,-9,15,-8,15,-8,14,-8,14,-7,14,-7,14,-6,14,-6,14,-6,14,-5,14,-5,14,-4,15,-4,16,-4,16,-4,16,-4,17,-4,17,-4,17,-5,17,-5,18,-5,18,-5,18,-5,19,-6,19,-7,18,-2,4,0,0,0,0,0,0,0,0,0,0,0,0,0,0,0,0,0,0,-4,5,-15,20,-16,19,-17,17,-18,17,-18,16,-19,16,-18,16,-18,16,-18,16,-19,15,-19,15,-18,14,-18,14,-18,14,-18,14,-17,14,-17,14,-16,15,-16,15,-15,15,-14,15,-13,15,-12,15,-11,15,-11,15,-10,15]"
CSI_DATA,35923,d8:b1:90:db:e8:90,-57,11,1,7,0,0,1,0,0,0,1,-95,0,8,0,562715702,0,100,0,128,1,"[100,-64,5,0,-18,-4,-17,-3,-17,-3,-17,-3,-17,-3,-17,-2,-17,-2,-16,-1,-16,0,-16,0,-16,0,-17,0,-17,1,-17,2,-18,2,-18,2,-18,2,-19,2,-19,2,-20,2,-20,1,-20,1,-20,1,-21,0,-21,-1,-6,-1,0,0,0,0,0,0,0,0,0,0,0,0,0,0,0,0,0,0,-7,-2,-25,-6,-24,-8,-23,-9,-23,-10,-23,-11,-23,-11,-23,-11,-23,-11,-22,-12,-22,-12,-21,-12,-20,-12,-20,-12,-21,-12,-21,-12,-20,-11,-20,-11,-20,-10,-20,-9,-20,-9,-20,-8,-20,-7,-20,-6,-19,-6,-19,-5,-19,-5]"
CSI_DATA,35924,d8:b1:90:db:e8:90,-56,11,1,7,0,0,1,0,0,0,1,-95,0,8,0,562729193,0,100,0,128,1,"[100,-64,5,0,-10,14,-10,13,-9,13,-9,13,-9,14,-9,13,-9,13,-9,13,-10,13,-9,13,-9,13,-9,14,-10,15,-10,15,-10,15,-9,16,-9,16,-10,16,-10,16,-10,16,-10,16,-10,16,-10,16,-11,17,-12,17,-4,4,0,0,0,0,0,0,0,0,0,0,0,0,0,0,0,0,0,0,-4,4,-16,18,-17,18,-18,16,-18,16,-18,15,-19,15,-19,15,-19,15,-20,15,-20,15,-19,15,-19,15,-18,15,-18,15,-17,15,-16,15,-16,15,-15,15,-14,15,-13,15,-13,15,-12,15,-12,16,-12,16,-11,16,-11,16]"
CSI_DATA,35925,d8:b1:90:db:e8:90,-57,11,1,7,0,0,1,0,0,0,1,-95,0,8,0,562743561,0,100,0,128,1,"[100,-64,5,0,-16,-8,-16,-8,-16,-7,-16,-7,-16,-7,-15,-7,-15,-6,-15,-7,-15,-7,-15,-6,-15,-7,-16,-7,-17,-7,-17,-7,-17,-7,-17,-7,-17,-6,-17,-7,-17,-7,-17,-7,-18,-8,-17,-9,-17,-9,-18,-9,-18,-10,-5,-3,0,0,0,0,0,0,0,0,0,0,0,0,0,0,0,0,0,0,-6,-3,-23,-11,-21,-12,-20,-13,-20,-14,-20,-15,-19,-14,-19,-15,-20,-15,-21,-16,-20,-16,-20,-16,-19,-16,-19,-15,-19,-15,-19,-14,-19,-13,-18,-13,-19,-12,-18,-11,-18,-11,-19,-10,-18,-10,-18,-9,-18,-9,-18,-8,-18,-8]"
CSI_DATA,35926,d8:b1:90:db:e8:90,-57,11,1,7,0,0,1,0,0,0,1,-95,0,8,0,562760418,0,100,0,128,1,"[100,-64,5,0,-7,-17,-7,-17,-7,-16,-8,-16,-8,-15,-8,-15,-8,-14,-8,-14,-8,-14,-8,-13,-9,-13,-10,-13,-10,-13,-10,-12,-10,-12,-11,-13,-11,-13,-11,-13,-11,-13,-11,-13,-11,-14,-11,-15,-11,-15,-11,-15,-10,-15,-3,-4,0,0,0,0,0,0,0,0,0,0,0,0,0,0,0,0,0,0,-3,-6,-9,-23,-8,-23,-7,-23,-6,-23,-5,-24,-5,-24,-5,-24,-5,-25,-5,-25,-4,-25,-4,-25,-4,-25,-4,-24,-4,-24,-4,-23,-4,-22,-4,-22,-5,-21,-6,-21,-6,-20,-6,-20,-7,-19,-7,-19,-7,-19,-7,-19,-7,-18]"
CSI_DATA,35927,d8:b1:90:db:e8:90,-57,11,1,7,0,0,1,0,0,0,1,-95,0,8,0,562771338,0,100,0,128,1,"[100,-64,5,0,-10,13,-9,13,-9,13,-8,13,-8,13,-7,12,-7,12,-8,12,-8,12,-8,12,-7,13,-7,13,-7,14,-7,14,-8,14,-8,14,-8,14,-9,14,-9,14,-9,14,-8,15,-8,14,-9,15,-10,15,-11,14,-3,3,0,0,0,0,0,0,0,0,0,0,0,0,0,0,0,0,0,0,-4,4,-13,19,-14,18,-15,17,-15,17,-16,17,-16,17,-16,17,-16,17,-16,17,-17,17,-17,17,-16,16,-16,16,-15,16,-15,16,-15,16,-14,16,-14,16,-13,15,-12,15,-12,15,-11,15,-11,16,-10,16,-10,15,-10,15]"
CSI_DATA,35928,d8:b1:90:db:e8:90,-57,11,1,7,0,0,1,0,0,0,1,-95,0,8,0,562799243,0,100,0,128,1,"[100,-64,5,0,-12,-13,-12,-12,-12,-11,-12,-11,-12,-10,-12,-10,-12,-9,-12,-9,-12,-8,-12,-8,-12,-9,-13,-8,-12,-8,-12,-7,-12,-8,-13,-8,-13,-8,-13,-8,-13,-8,-14,-8,-14,-9,-14,-9,-13,-10,-13,-11,-13,-12,-4,-3,0,0,0,0,0,0,0,0,0,0,0,0,0,0,0,0,0,0,-5,-5,-16,-19,-15,-20,-14,-20,-13,-21,-12,-21,-12,-21,-12,-21,-12,-21,-12,-21,-11,-22,-11,-22,-10,-22,-11,-22,-11,-22,-11,-21,-11,-20,-11,-20,-12,-19,-12,-18,-12,-17,-12,-17,-13,-16,-13,-15,-13,-15,-13,-15,-13,-14]"
CSI_DATA,35929,d8:b1:90:db:e8:90,-58,11,1,7,0,0,1,0,0,0,1,-95,0,8,0,562810308,0,100,0,128,1,"[100,-64,5,0,-1,16,-1,16,-1,15,0,15,0,15,1,14,1,14,1,14,1,14,1,14,2,14,3,14,3,14,2,14,2,14,3,15,3,15,3,15,3,15,4,16,4,16,4,16,3,17,2,17,1,18,0,4,0,0,0,0,0,0,0,0,0,0,0,0,0,0,0,0,0,0,-1,6,-3,25,-5,25,-6,25,-7,24,-7,24,-8,24,-8,24,-8,23,-8,23,-9,23,-9,24,-9,24,-9,23,-9,23,-8,23,-7,22,-7,22,-6,21,-5,21,-4,20,-3,20,-3,20,-2,20,-2,19,-1,19,-1,19]"
CSI_DATA,35930,d8:b1:90:db:e8:90,-57,11,1,7,0,0,1,0,0,0,1,-95,0,8,0,562822650,0,100,0,128,1,"[100,-64,5,0,1,16,2,15,1,14,1,14,1,14,2,13,2,13,2,12,2,12,2,12,3,12,3,13,3,13,3,14,3,14,3,14,3,14,3,14,3,14,3,15,3,15,3,15,2,15,1,15,1,16,0,4,0,0,0,0,0,0,0,0,0,0,0,0,0,0,0,0,0,0,-1,6,-1,24,-2,24,-3,24,-3,23,-4,23,-4,23,-4,24,-5,24,-5,24,-5,24,-5,23,-5,23,-5,22,-4,22,-4,22,-3,22,-3,21,-3,21,-2,20,-2,20,-1,20,-1,20,-1,19,0,19,1,18,1,17]"
CSI_DATA,35931,d8:b1:90:db:e8:90,-57,11,1,7,0,0,1,0,0,0,1,-95,0,8,0,562836431,0,100,0,128,1,"[100,-64,5,0,15,9,15,8,15,8,14,8,14,7,14,7,13,6,13,5,13,5,13,5,13,5,14,5,14,5,14,5,14,5,15,5,15,5,15,5,15,6,15,6,15,6,15,7,15,7,15,8,15,9,3,2,0,0,0,0,0,0,0,0,0,0,0,0,0,0,0,0,0,0,5,3,21,15,21,16,20,17,19,17,19,18,19,18,19,18,19,19,19,19,18,19,18,19,18,19,18,18,17,18,18,17,18,17,18,16,18,15,18,15,17,14,17,13,17,13,17,12,17,12,17,11,17,10]"
CSI_DATA,35932,d8:b1:90:db:e8:90,-57,11,1,7,0,0,1,0,0,0,1,-95,0,8,0,562865601,0,100,0,128,1,"[100,-64,5,0,-2,17,-2,16,-1,16,0,15,1,15,1,14,1,14,2,15,2,15,3,15,4,15,5,15,5,15,5,15,5,16,5,16,5,17,5,17,5,16,5,17,5,17,5,17,3,16,1,13,-1,11,-1,2,0,0,0,0,0,0,0,0,0,0,0,0,0,0,0,0,0,0,-1,6,-4,25,-5,25,-6,24,-8,24,-8,24,-8,24,-8,24,-9,24,-9,24,-9,24,-9,23,-9,23,-9,23,-9,22,-9,22,-9,21,-8,21,-8,21,-6,20,-6,20,-5,20,-5,19,-4,19,-4,19,-3,18,-3,18]"
CSI_DATA,35933,d8:b1:90:db:e8:90,-57,11,1,7,0,0,1,0,0,0,1,-95,0,8,0,562876086,0,100,0,128,1,"[100,-64,5,0,3,-17,2,-17,2,-16,0,-16,0,-15,0,-15,-1,-15,-2,-15,-2,-16,-3,-16,-3,-16,-4,-16,-4,-17,-4,-17,-4,-17,-5,-18,-4,-18,-4,-18,-4,-18,-4,-18,-4,-18,-4,-19,-2,-17,0,-14,2,-12,0,-3,0,0,0,0,0,0,0,0,0,0,0,0,0,0,0,0,0,0,1,-7,7,-26,8,-25,9,-24,10,-24,10,-23,11,-23,11,-24,11,-24,11,-24,11,-23,12,-23,11,-22,11,-22,11,-21,11,-21,10,-21,10,-21,9,-20,8,-20,7,-20,6,-20,6,-19,5,-19,5,-19,5,-18,4,-19]"
CSI_DATA,35934,d8:b1:90:db:e8:90,-57,11,1,7,0,0,1,0,0,0,1,-95,0,8,0,562902027,0,100,0,128,1,"[100,-64,5,0,-17,-2,-17,-2,-16,-1,-16,0,-16,0,-15,0,-15,1,-15,2,-14,2,-14,2,-15,2,-15,3,-15,4,-15,4,-15,4,-16,3,-16,3,-16,3,-16,3,-17,2,-17,1,-17,1,-17,0,-17,0,-18,-1,-5,-1,0,0,0,0,0,0,0,0,0,0,0,0,0,0,0,0,0,0,-6,-2,-24,-7,-24,-9,-24,-9,-23,-10,-23,-11,-23,-11,-23,-11,-24,-11,-23,-12,-23,-12,-22,-11,-21,-11,-21,-11,-21,-11,-21,-11,-21,-10,-21,-9,-21,-9,-21,-8,-21,-7,-21,-6,-21,-6,-20,-5,-20,-4,-19,-4,-19,-3]"
CSI_DATA,35935,d8:b1:90:db:e8:90,-57,11,1,7,0,0,1,0,0,0,1,-95,0,8,0,562915126,0,100,0,128,1,"[100,-64,5,0,-16,-9,-15,-8,-15,-7,-15,-7,-14,-6,-14,-6,-14,-5,-14,-4,-14,-4,-14,-4,-14,-4,-15,-4,-15,-4,-15,-3,-15,-3,-16,-3,-16,-3,-16,-3,-16,-3,-17,-4,-17,-4,-17,-5,-18,-5,-18,-6,-18,-7,-5,-2,0,0,0,0,0,0,0,0,0,0,0,0,0,0,0,0,0,0,-6,-4,-22,-14,-21,-15,-20,-16,-20,-17,-20,-18,-19,-18,-19,-18,-19,-19,-18,-19,-18,-19,-18,-18,-18,-18,-18,-18,-18,-18,-18,-17,-18,-16,-18,-16,-18,-15,-18,-14,-18,-13,-18,-12,-18,-12,-18,-11,-17,-10,-17,-10,-17,-10]"
CSI_DATA,35936,d8:b1:90:db:e8:90,-57,11,1,7,0,0,1,0,0,0,1,-95,0,8,0,562925236,0,100,0,128,1,"[100,-64,5,0,-13,-13,-12,-12,-12,-11,-12,-10,-13,-10,-13,-10,-12,-9,-12,-8,-12,-7,-13,-7,-14,-7,-14,-7,-15,-7,-15,-7,-15,-7,-16,-7,-16,-7,-15,-7,-15,-8,-16,-8,-17,-9,-17,-10,-17,-10,-16,-10,-16,-11,-4,-3,0,0,0,0,0,0,0,0,0,0,0,0,0,0,0,0,0,0,-5,-5,-16,-21,-15,-22,-14,-22,-13,-23,-12,-23,-12,-23,-12,-24,-11,-24,-11,-24,-11,-24,-11,-23,-11,-23,-11,-23,-11,-22,-11,-22,-11,-21,-11,-20,-12,-20,-13,-19,-13,-18,-13,-18,-13,-17,-13,-16,-13,-16,-13,-15,-13,-15]"
CSI_DATA,35937,d8:b1:90:db:e8:90,-57,11,1,7,0,0,1,0,0,0,1,-95,0,8,0,562940613,0,100,0,128,1,"[100,-64,5,0,-3,-18,-3,-17,-3,-16,-4,-16,-5,-16,-5,-15,-5,-15,-5,-15,-5,-15,-6,-15,-7,-15,-9,-14,-9,-14,-9,-14,-9,-14,-10,-15,-10,-16,-9,-16,-9,-16,-10,-16,-10,-17,-9,-18,-9,-18,-8,-18,-7,-18,-2,-5,0,0,0,0,0,0,0,0,0,0,0,0,0,0,0,0,0,0,-1,-7,-3,-26,-2,-26,0,-26,1,-26,2,-26,2,-26,3,-26,3,-27,4,-27,4,-26,4,-26,4,-25,4,-25,3,-25,3,-24,2,-24,2,-23,1,-23,1,-22,0,-22,-1,-22,-1,-21,-2,-21,-3,-21,-3,-20,-3,-20]"
CSI_DATA,35938,d8:b1:90:db:e8:90,-55,11,1,7,0,0,1,0,0,0,1,-95,0,8,0,562954866,0,100,0,128,1,"[100,-64,5,0,-8,-18,-8,-17,-9,-16,-9,-16,-9,-16,-9,-15,-10,-14,-9,-14,-9,-14,-10,-14,-11,-13,-12,-13,-13,-12,-13,-12,-13,-12,-14,-13,-14,-13,-14,-13,-14,-14,-14,-14,-14,-15,-14,-15,-14,-16,-13,-16,-13,-16,-4,-5,0,0,0,0,0,0,0,0,0,0,0,0,0,0,0,0,0,0,-3,-7,-10,-26,-9,-26,-7,-26,-6,-27,-5,-27,-4,-27,-4,-28,-4,-28,-4,-28,-3,-28,-3,-28,-3,-27,-3,-26,-4,-26,-4,-26,-5,-25,-5,-25,-5,-24,-6,-24,-6,-23,-7,-22,-8,-22,-8,-21,-8,-21,-9,-20,-8,-20]"
CSI_DATA,35939,d8:b1:90:db:e8:90,-56,11,1,7,0,0,1,0,0,0,1,-95,0,8,0,562966325,0,100,0,128,1,"[100,-64,5,0,12,12,12,11,12,10,12,10,13,9,13,9,13,8,13,8,12,8,13,7,13,8,14,8,14,8,15,7,15,8,16,8,16,8,16,8,16,8,17,9,17,9,17,10,16,11,16,11,16,12,4,3,0,0,0,0,0,0,0,0,0,0,0,0,0,0,0,0,0,0,4,4,16,18,15,19,14,19,13,20,13,20,13,21,13,21,13,21,12,22,12,22,11,22,11,21,11,21,11,20,11,20,11,19,11,18,11,18,12,18,12,17,12,16,13,16,12,15,12,15,13,14,13,14]"
CSI_DATA,35940,d8:b1:90:db:e8:90,-55,11,1,7,0,0,1,0,0,0,1,-95,0,8,0,562979436,0,100,0,128,1,"[100,-64,5,0,-19,5,-18,5,-17,6,-17,6,-16,6,-16,7,-15,7,-15,8,-15,9,-15,9,-15,9,-14,10,-14,11,-15,11,-15,12,-15,12,-16,12,-16,12,-16,12,-16,12,-15,12,-16,11,-17,11,-18,11,-19,10,-5,2,0,0,0,0,0,0,0,0,0,0,0,0,0,0,0,0,0,0,-7,1,-27,6,-27,5,-27,3,-27,2,-28,1,-28,1,-27,1,-27,1,-27,0,-27,-1,-27,-1,-26,-1,-26,-1,-26,-1,-25,-1,-25,-1,-24,0,-24,0,-24,1,-23,2,-23,2,-22,3,-21,4,-21,4,-21,4,-21,4]"
CSI_DATA,35941,d8:b1:90:db:e8:90,-57,11,1,7,0,0,1,0,0,0,1,-95,0,8,0,563008721,0,100,0,128,1,"[100,-64,5,0,11,-14,10,-13,10,-14,10,-14,9,-14,9,-14,8,-14,8,-15,8,-15,8,-15,7,-15,7,-16,6,-16,7,-17,7,-17,7,-18,8,-18,8,-18,8,-18,8,-18,7,-18,8,-18,9,-18,10,-18,11,-18,3,-5,0,0,0,0,0,0,0,0,0,0,0,0,0,0,0,0,0,0,4,-5,17,-18,18,-17,19,-16,19,-15,20,-14,20,-14,20,-14,20,-14,20,-14,21,-13,21,-12,20,-12,20,-12,19,-12,19,-12,18,-12,18,-12,17,-13,17,-13,16,-13,15,-13,15,-14,15,-14,14,-14,14,-14,13,-14]"
CSI_DATA,35942,d8:b1:90:db:e8:90,-57,11,1,7,0,0,1,0,0,0,1,-95,0,8,0,563020322,0,100,0,128,1,"[100,-64,5,0,-4,17,-4,17,-3,17,-3,17,-2,17,-1,16,0,16,1,16,1,16,1,16,2,16,2,16,2,17,2,16,2,17,2,17,2,17,1,17,1,17,1,17,1,18,1,18,0,18,-1,18,-2,19,-1,4,0,0,0,0,0,0,0,0,0,0,0,0,0,0,0,0,0,0,-3,5,-9,22,-10,22,-11,21,-12,21,-12,20,-13,21,-13,21,-13,21,-13,20,-14,20,-14,20,-14,19,-13,19,-13,18,-13,18,-12,18,-12,18,-11,18,-10,18,-8,18,-8,18,-7,18,-7,18,-7,17,-6,17,-6,18]"
CSI_DATA,35943,d8:b1:90:db:e8:90,-57,11,1,7,0,0,1,0,0,0,1,-95,0,8,0,563030515,0,100,0,128,1,"[100,-64,5,0,0,-21,-1,-20,-1,-20,-2,-20,-2,-20,-3,-19,-3,-19,-3,-19,-3,-19,-4,-19,-5,-19,-6,-19,-6,-19,-6,-19,-6,-20,-6,-20,-6,-20,-6,-20,-6,-20,-6,-20,-6,-21,-6,-21,-5,-22,-4,-22,-3,-22,-1,-6,0,0,0,0,0,0,0,0,0,0,0,0,0,0,0,0,0,0,0,-7,2,-28,3,-27,4,-26,5,-26,6,-26,6,-26,6,-26,7,-26,7,-26,8,-27,8,-26,8,-26,7,-25,7,-25,7,-24,6,-24,6,-24,5,-24,4,-23,3,-23,3,-23,3,-23,2,-22,1,-22,1,-22,1,-22]"
CSI_DATA,35944,d8:b1:90:db:e8:90,-57,11,1,7,0,0,1,0,0,0,1,-95,0,8,0,563042055,0,100,0,128,1,"[100,-64,5,0,-21,1,-21,1,-20,1,-20,2,-20,2,-19,2,-19,3,-19,4,-19,4,-18,5,-18,5,-18,5,-18,6,-19,6,-19,6,-19,7,-19,7,-19,6,-20,6,-20,5,-20,5,-20,4,-20,4,-22,4,-22,3,-6,0,0,0,0,0,0,0,0,0,0,0,0,0,0,0,0,0,0,0,-7,0,-28,0,-28,-1,-27,-3,-27,-4,-27,-4,-27,-5,-27,-6,-27,-6,-27,-7,-27,-7,-27,-7,-27,-6,-26,-6,-26,-6,-25,-6,-25,-6,-24,-5,-24,-5,-24,-4,-23,-4,-23,-3,-23,-2,-23,-2,-22,-1,-22,0,-22,0]"
CSI_DATA,35945,d8:b1:90:db:e8:90,-57,11,1,7,0,0,1,0,0,0,1,-95,0,8,0,563058003,0,100,0,128,1,"[100,-64,5,0,-15,8,-15,7,-14,8,-13,8,-13,8,-12,8,-12,8,-12,9,-12,9,-11,9,-11,9,-11,9,-11,10,-12,10,-12,10,-12,11,-12,11,-13,10,-13,10,-13,10,-13,10,-13,10,-14,9,-15,9,-15,8,-4,2,0,0,0,0,0,0,0,0,0,0,0,0,0,0,0,0,0,0,-6,2,-22,8,-22,7,-23,6,-23,5,-23,5,-23,4,-24,4,-24,3,-24,3,-24,3,-23,3,-23,3,-22,3,-22,3,-22,3,-21,4,-21,4,-20,5,-20,5,-19,5,-18,6,-18,6,-17,6,-17,7,-17,7,-16,8]"
CSI_DATA,35946,d8:b1:90:db:e8:90,-57,11,1,7,0,0,1,0,0,0,1,-95,0,8,0,563068556,0,100,0,128,1,"[100,-64,5,0,5,-16,5,-15,5,-15,5,-15,4,-15,4,-15,3,-15,3,-15,3,-15,2,-15,2,-15,1,-16,1,-17,1,-17,1,-17,1,-18,1,-18,1,-18,2,-18,2,-18,2,-18,2,-18,2,-18,3,-18,4,-17,1,-5,0,0,0,0,0,0,0,0,0,0,0,0,0,0,0,0,0,0,2,-6,9,-23,10,-22,11,-21,12,-21,13,-21,13,-20,13,-20,13,-20,13,-20,13,-20,13,-20,13,-20,13,-19,12,-19,12,-19,11,-18,11,-18,10,-18,9,-17,9,-17,8,-17,8,-18,7,-18,7,-17,7,-17,7,-17]"
CSI_DATA,35947,d8:b1:90:db:e8:90,-57,11,1,7,0,0,1,0,0,0,1,-95,0,8,0,563081900,0,100,0,128,1,"[100,-64,5,0,-21,-3,-21,-2,-20,-2,-20,-2,-20,-1,-19,-1,-19,0,-19,1,-19,1,-19,1,-19,2,-20,3,-20,3,-21,4,-21,4,-21,4,-21,4,-22,4,-22,4,-22,3,-22,3,-22,2,-22,2,-23,1,-23,1,-6,0,0,0,0,0,0,0,0,0,0,0,0,0,0,0,0,0,0,0,-8,-1,-31,-6,-31,-8,-30,-9,-30,-9,-29,-9,-29,-11,-30,-11,-31,-11,-29,-12,-28,-12,-28,-13,-28,-12,-27,-12,-27,-11,-26,-11,-26,-10,-25,-10,-25,-9,-25,-8,-24,-7,-24,-6,-24,-6,-24,-5,-24,-5,-23,-4,-23,-4]"
CSI_DATA,35948,d8:b1:90:db:e8:90,-57,11,1,7,0,0,1,0,0,0,1,-95,0,8,0,563107504,0,100,0,128,1,"[100,-64,5,0,15,7,14,7,14,6,14,5,14,5,14,5,15,4,15,3,15,3,15,2,16,2,17,1,18,1,18,0,18,0,18,-1,19,-2,19,-2,19,-2,19,-1,19,-1,19,0,19,-1,20,-1,21,0,5,0,0,0,0,0,0,0,0,0,0,0,0,0,0,0,0,0,0,0,6,2,24,12,23,13,22,14,22,15,22,15,22,16,22,17,21,17,20,17,20,17,20,17,19,17,19,16,19,15,18,15,17,14,17,13,17,13,17,12,16,12,16,11,16,11,16,10,16,9,15,9,15,8]"
CSI_DATA,35949,d8:b1:90:db:e8:90,-57,11,1,7,0,0,1,0,0,0,1,-95,0,8,0,563117932,0,100,0,128,1,"[100,-64,5,0,14,1,14,1,14,0,14,0,13,-1,13,-1,13,-2,14,-2,14,-3,14,-3,14,-3,14,-4,15,-5,15,-5,15,-5,15,-5,15,-5,16,-5,16,-5,16,-5,16,-5,16,-4,16,-4,17,-4,18,-3,4,-1,0,0,0,0,0,0,0,0,0,0,0,0,0,0,0,0,0,0,6,1,24,4,24,5,24,7,23,7,23,8,23,9,22,9,22,10,22,10,21,10,21,10,20,10,20,10,19,9,19,8,18,7,18,7,18,6,18,6,18,5,17,5,17,4,17,4,17,4,16,3,16,2]"
CSI_DATA,35950,d8:b1:90:db:e8:90,-58,11,1,6,0,0,1,0,0,0,1,-95,0,8,0,563128650,0,100,0,128,1,"[100,-64,5,0,15,-6,14,-8,14,-9,13,-11,13,-12,13,-13,12,-13,12,-13,12,-13,10,-12,8,-10,7,-7,5,-4,4,-2,2,1,-1,3,-3,5,-4,6,-5,7,-6,7,-6,7,-5,7,-3,6,-1,5,1,4,0,1,0,0,0,0,0,0,0,0,0,0,0,0,0,0,0,0,0,0,7,-1,30,0,29,2,28,4,25,4,23,3,20,0,18,-3,17,-6,16,-10,15,-14,15,-18,15,-20,16,-22,17,-23,18,-23,19,-23,20,-21,21,-20,21,-18,21,-15,21,-12,21,-10,20,-8,20,-6,19,-5,18,-5]"
CSI_DATA,35951,d8:b1:90:db:e8:90,-58,11,1,6,0,0,1,0,0,0,1,-95,0,8,0,563146960,0,100,0,128,1,"[100,-64,5,0,-6,16,-4,16,-2,16,0,17,1,17,2,18,3,18,3,17,3,15,2,14,2,12,1,9,-1,6,-2,2,-3,-1,-3,-4,-4,-7,-4,-9,-3,-11,-3,-11,-3,-11,-3,-9,-3,-7,-4,-5,-5,-3,-2,-1,0,0,0,0,0,0,0,0,0,0,0,0,0,0,0,0,0,0,-6,5,-21,22,-22,20,-22,18,-20,16,-17,15,-14,15,-11,16,-7,17,-3,19,0,21,3,23,5,25,6,27,6,28,5,29,4,30,2,29,1,29,-1,28,-3,26,-5,25,-7,23,-8,21,-9,20,-9,18,-10,17]"
CSI_DATA,35952,d8:b1:90:db:e8:90,-58,11,1,6,0,0,1,0,0,0,1,-95,0,8,0,563159465,0,100,0,128,1,"[100,-64,5,0,-1,-15,-3,-14,-5,-13,-7,-13,-9,-13,-10,-13,-10,-12,-10,-11,-10,-10,-9,-9,-8,-8,-7,-7,-5,-4,-2,-2,0,0,2,2,4,4,5,5,5,6,5,6,5,5,5,4,4,3,4,1,4,-1,0,-1,0,0,0,0,0,0,0,0,0,0,0,0,0,0,0,0,0,0,3,-6,12,-23,13,-22,13,-20,12,-18,9,-17,6,-16,2,-16,-2,-17,-6,-17,-9,-18,-12,-20,-14,-21,-15,-23,-16,-25,-15,-26,-14,-27,-12,-27,-10,-27,-8,-27,-6,-26,-4,-25,-2,-24,-1,-23,1,-21,2,-20,2,-19]"
CSI_DATA,35953,d8:b1:90:db:e8:90,-57,11,1,7,0,0,1,0,0,0,1,-95,0,8,0,563176429,0,100,0,128,1,"[100,-64,5,0,11,-14,10,-14,9,-14,8,-14,8,-14,7,-14,7,-14,7,-14,6,-15,6,-14,5,-15,5,-16,5,-16,6,-17,6,-17,6,-18,6,-19,7,-19,7,-19,7,-19,7,-19,7,-19,8,-19,9,-19,10,-19,2,-5,0,0,0,0,0,0,0,0,0,0,0,0,0,0,0,0,0,0,5,-5,21,-19,21,-19,21,-18,22,-16,23,-15,23,-15,23,-15,23,-15,23,-15,23,-14,23,-14,22,-14,22,-14,22,-14,22,-13,21,-13,20,-13,19,-13,18,-13,17,-13,17,-13,16,-13,15,-13,15,-13,14,-14,14,-14]"
CSI_DATA,35954,d8:b1:90:db:e8:90,-57,11,1,7,0,0,1,0,0,0,1,-95,0,8,0,563204329,0,100,0,128,1,"[100,-64,5,0,8,-16,7,-16,7,-16,6,-16,5,-16,4,-15,4,-15,4,-16,3,-16,3,-16,2,-16,2,-17,2,-18,2,-18,2,-19,2,-20,2,-20,3,-20,3,-20,3,-20,3,-20,3,-20,4,-21,5,-21,6,-21,1,-6,0,0,0,0,0,0,0,0,0,0,0,0,0,0,0,0,0,0,4,-6,19,-22,20,-21,20,-20,21,-19,21,-19,21,-19,21,-18,22,-18,22,-18,22,-18,21,-18,21,-17,20,-17,20,-17,20,-16,19,-16,18,-17,17,-17,16,-16,15,-16,14,-16,14,-16,13,-16,12,-16,11,-16,11,-16]"
CSI_DATA,35955,d8:b1:90:db:e8:90,-57,11,1,7,0,0,1,0,0,0,1,-95,0,8,0,563216328,0,100,0,128,1,"[100,-64,5,0,-5,17,-5,16,-4,16,-4,16,-3,16,-2,15,-2,16,-2,16,-1,16,-1,16,0,16,1,16,1,17,1,17,1,17,2,18,2,18,1,18,1,18,1,19,1,19,1,19,0,19,-1,20,-2,20,-1,5,0,0,0,0,0,0,0,0,0,0,0,0,0,0,0,0,0,0,-3,6,-11,27,-12,26,-13,25,-14,25,-15,24,-16,24,-16,24,-16,24,-17,23,-17,23,-17,22,-17,21,-17,21,-16,20,-15,20,-14,20,-14,20,-13,19,-12,19,-11,19,-11,19,-10,19,-9,19,-8,18,-8,18,-7,18]"
CSI_DATA,35956,d8:b1:90:db:e8:90,-57,11,1,7,0,0,1,0,0,0,1,-95,0,8,0,563226452,0,100,0,128,1,"[100,-64,5,0,4,-17,4,-17,3,-17,2,-17,1,-17,0,-16,0,-16,0,-16,0,-17,-1,-17,-2,-17,-3,-18,-3,-18,-3,-18,-3,-18,-3,-19,-3,-20,-2,-20,-2,-20,-3,-20,-3,-20,-3,-21,-2,-21,-1,-21,0,-21,0,-6,0,0,0,0,0,0,0,0,0,0,0,0,0,0,0,0,0,0,3,-7,12,-26,13,-26,14,-25,16,-24,16,-23,16,-23,16,-23,16,-22,17,-22,16,-21,16,-21,16,-21,15,-20,15,-20,14,-20,14,-20,13,-19,12,-19,11,-19,10,-19,9,-19,8,-18,8,-18,7,-18,7,-18,7,-19]"
CSI_DATA,35957,d8:b1:90:db:e8:90,-57,11,1,7,0,0,1,0,0,0,1,-95,0,8,0,563246452,0,100,0,128,1,"[100,-64,5,0,11,-13,10,-13,10,-13,9,-13,8,-14,7,-14,7,-14,7,-14,6,-15,6,-15,5,-15,5,-16,5,-16,5,-17,5,-17,6,-18,6,-18,6,-18,6,-18,6,-19,6,-19,6,-19,7,-19,9,-19,10,-18,2,-5,0,0,0,0,0,0,0,0,0,0,0,0,0,0,0,0,0,0,5,-5,22,-18,23,-17,24,-16,24,-15,25,-14,25,-13,24,-13,24,-13,25,-12,24,-12,24,-11,23,-11,23,-11,22,-11,21,-11,21,-11,20,-11,19,-12,18,-12,17,-12,16,-12,16,-13,15,-13,14,-12,14,-13,14,-13]"
CSI_DATA,35958,d8:b1:90:db:e8:90,-57,11,1,7,0,0,1,0,0,0,1,-95,0,8,0,563256598,0,100,0,128,1,"[100,-64,5,0,12,-10,11,-10,11,-10,10,-10,9,-10,8,-10,8,-11,8,-12,8,-12,7,-12,7,-12,6,-13,6,-13,7,-14,7,-14,7,-15,7,-15,7,-15,7,-15,7,-16,7,-16,7,-15,8,-15,9,-16,10,-15,2,-4,0,0,0,0,0,0,0,0,0,0,0,0,0,0,0,0,0,0,5,-3,22,-11,22,-10,23,-10,23,-9,23,-8,23,-8,23,-7,23,-6,23,-6,23,-6,23,-6,22,-5,22,-5,21,-5,21,-5,20,-6,19,-6,19,-7,18,-7,18,-7,17,-7,17,-8,16,-8,15,-8,15,-9,14,-9]"
CSI_DATA,35959,d8:b1:90:db:e8:90,-57,11,1,7,0,0,1,0,0,0,1,-95,0,8,0,563268100,0,100,0,128,1,"[100,-64,5,0,-15,-5,-15,-4,-14,-4,-14,-3,-14,-3,-14,-3,-14,-2,-14,-1,-14,0,-14,0,-15,0,-15,0,-15,1,-15,1,-16,2,-16,2,-17,3,-17,3,-18,3,-18,3,-18,2,-18,1,-19,1,-19,1,-20,1,-5,0,0,0,0,0,0,0,0,0,0,0,0,0,0,0,0,0,0,0,-6,-3,-24,-10,-22,-11,-21,-12,-21,-13,-21,-14,-20,-14,-20,-14,-20,-14,-19,-15,-19,-15,-19,-15,-18,-14,-18,-14,-18,-14,-17,-14,-16,-13,-16,-12,-16,-12,-17,-11,-17,-10,-17,-10,-17,-9,-16,-8,-16,-8,-15,-7,-15,-7]"
CSI_DATA,35960,d8:b1:90:db:e8:90,-58,11,1,7,0,0,1,0,0,0,1,-95,0,8,0,563286826,0,100,0,128,1,"[100,-64,5,0,-8,12,-7,12,-7,12,-6,12,-5,11,-5,11,-4,12,-4,12,-4,12,-3,12,-3,13,-2,13,-2,14,-2,14,-2,15,-1,15,-2,16,-2,16,-2,16,-2,16,-1,17,-2,17,-2,17,-3,17,-4,17,-1,4,0,0,0,0,0,0,0,0,0,0,0,0,0,0,0,0,0,0,-4,5,-15,20,-16,19,-17,17,-18,15,-18,15,-17,15,-17,15,-18,15,-19,15,-20,14,-19,14,-18,15,-18,14,-17,13,-17,12,-16,13,-15,13,-14,13,-14,13,-13,14,-12,14,-12,14,-11,14,-10,13,-10,13,-9,13]"
CSI_DATA,35961,d8:b1:90:db:e8:90,-57,11,1,7,0,0,1,0,0,0,1,-95,0,8,0,563304680,0,100,0,128,1,"[100,-64,5,0,16,-2,16,-2,15,-3,15,-3,14,-3,13,-4,13,-4,13,-5,13,-6,13,-6,13,-7,13,-7,14,-8,14,-9,14,-9,13,-9,13,-10,13,-10,14,-9,15,-8,15,-7,15,-7,16,-6,18,-4,18,-3,4,-1,0,0,0,0,0,0,0,0,0,0,0,0,0,0,0,0,0,0,6,0,27,3,27,4,27,5,27,6,27,7,27,8,26,8,26,8,25,8,25,9,25,8,25,8,24,8,24,8,23,7,23,6,22,5,22,5,21,4,21,3,21,3,20,2,20,1,19,1,19,0,18,-1]"
CSI_DATA,35962,d8:b1:90:db:e8:90,-57,11,1,7,0,0,1,0,0,0,1,-95,0,8,0,563317402,0,100,0,128,1,"[100,-64,5,0,-18,2,-18,2,-17,2,-16,2,-16,3,-15,3,-14,4,-14,5,-14,6,-13,6,-13,7,-14,7,-14,8,-14,9,-14,9,-13,9,-13,10,-13,10,-14,9,-14,8,-15,7,-15,7,-16,6,-17,5,-18,3,-5,0,0,0,0,0,0,0,0,0,0,0,0,0,0,0,0,0,0,0,-8,-1,-29,-4,-28,-5,-28,-7,-28,-8,-28,-9,-28,-9,-27,-9,-27,-10,-27,-10,-27,-10,-27,-9,-26,-9,-26,-8,-25,-8,-25,-8,-24,-7,-24,-6,-24,-6,-23,-5,-23,-4,-22,-3,-22,-3,-21,-2,-21,-1,-20,0,-20,1]"
CSI_DATA,35963,d8:b1:90:db:e8:90,-58,11,1,7,0,0,1,0,0,0,1,-95,0,8,0,563329442,0,100,0,128,1,"[100,-64,5,0,17,6,16,6,16,5,16,4,15,4,15,3,15,2,15,1,15,0,15,0,16,-1,17,-1,17,-2,18,-2,18,-3,18,-3,18,-4,18,-4,18,-4,18,-3,19,-2,19,-1,19,0,20,2,20,4,5,1,0,0,0,0,0,0,0,0,0,0,0,0,0,0,0,0,0,0,6,3,27,15,26,16,25,17,24,18,23,18,23,19,23,19,22,19,22,19,22,19,21,19,21,19,21,18,21,18,20,17,20,16,20,15,20,14,20,13,20,12,20,11,19,10,19,9,19,9,18,8,19,7]"
CSI_DATA,35964,d8:b1:90:db:e8:90,-57,11,1,7,0,0,1,0,0,0,1,-95,0,8,0,563346388,0,100,0,128,1,"[100,-64,5,0,-17,-6,-16,-6,-16,-5,-16,-4,-15,-3,-15,-3,-15,-2,-15,-1,-15,0,-15,0,-16,0,-16,1,-17,2,-17,2,-18,2,-18,2,-18,3,-18,3,-19,3,-20,3,-20,2,-20,1,-21,1,-22,1,-22,0,-6,0,0,0,0,0,0,0,0,0,0,0,0,0,0,0,0,0,0,0,-7,-3,-26,-12,-25,-13,-24,-15,-23,-16,-23,-16,-22,-17,-22,-17,-22,-17,-21,-17,-21,-17,-21,-17,-21,-16,-21,-16,-20,-16,-19,-16,-19,-15,-18,-14,-18,-14,-18,-13,-19,-12,-19,-11,-19,-10,-18,-9,-18,-9,-18,-8,-17,-8]"
CSI_DATA,35965,d8:b1:90:db:e8:90,-57,11,1,7,0,0,1,0,0,0,1,-95,0,8,0,563356478,0,100,0,128,1,"[100,-64,5,0,11,12,11,11,11,10,12,9,12,8,12,8,12,7,12,6,12,6,12,6,13,6,14,6,15,5,15,5,16,5,16,6,16,5,16,5,16,5,16,6,17,7,17,7,17,8,18,8,18,9,4,2,0,0,0,0,0,0,0,0,0,0,0,0,0,0,0,0,0,0,4,5,17,22,15,23,14,24,12,24,12,25,11,25,11,25,11,25,10,25,10,25,10,25,9,24,9,24,9,23,10,22,10,20,11,20,11,19,11,19,12,18,12,17,12,16,12,15,12,15,12,14,11,14]"
CSI_DATA,35966,d8:b1:90:db:e8:90,-57,11,1,7,0,0,1,0,0,0,1,-95,0,8,0,563369191,0,100,0,128,1,"[100,-64,5,0,-10,11,-9,11,-9,11,-8,11,-8,11,-7,11,-6,11,-6,11,-6,12,-5,12,-5,12,-4,13,-4,14,-5,15,-5,16,-3,16,-4,15,-5,16,-5,15,-5,16,-5,16,-5,16,-6,16,-7,17,-8,17,-2,4,0,0,0,0,0,0,0,0,0,0,0,0,0,0,0,0,0,0,-4,4,-17,18,-18,16,-19,15,-20,15,-20,14,-20,13,-21,13,-21,13,-21,13,-21,12,-20,12,-20,12,-19,12,-19,11,-17,12,-17,12,-16,12,-16,12,-16,12,-15,12,-14,12,-13,12,-12,12,-12,12,-11,12,-11,12]"
CSI_DATA,35967,d8:b1:90:db:e8:90,-57,11,1,7,0,0,1,0,0,0,1,-95,0,8,0,563386916,0,100,0,128,1,"[100,-64,5,0,-18,1,-18,1,-17,1,-16,2,-16,2,-15,2,-15,3,-15,4,-15,5,-15,5,-15,5,-15,6,-16,7,-16,7,-16,7,-16,8,-17,8,-17,8,-17,8,-18,8,-17,8,-17,7,-18,8,-20,8,-20,7,-6,1,0,0,0,0,0,0,0,0,0,0,0,0,0,0,0,0,0,0,-8,0,-29,0,-29,-2,-28,-3,-28,-4,-28,-5,-28,-5,-28,-5,-27,-5,-27,-6,-27,-6,-26,-6,-26,-6,-26,-6,-25,-6,-25,-5,-24,-4,-24,-4,-23,-4,-23,-3,-23,-3,-22,-2,-22,-1,-21,-1,-21,-1,-20,0,-20,0]"
CSI_DATA,35968,d8:b1:90:db:e8:90,-58,11,1,5,0,0,1,0,1,0,0,-95,0,8,0,563416761,0,100,0,128,1,"[100,-64,5,0,7,10,8,8,10,6,11,5,12,4,13,3,13,2,13,1,13,0,12,0,10,0,8,1,6,1,4,0,1,0,-1,0,-3,0,-5,-1,-6,-1,-7,0,-7,0,-6,0,-5,1,-4,2,-3,3,-1,1,0,0,0,0,0,0,0,0,0,0,0,0,0,0,0,0,0,0,-2,5,-6,23,-7,21,-7,19,-6,17,-3,16,0,14,4,12,8,12,13,11,17,12,20,12,23,14,25,15,26,16,27,18,26,19,25,19,23,20,21,20,18,20,16,20,14,20,11,19,10,18,8,17,7,16]"
CSI_DATA,35969,d8:b1:90:db:e8:90,-57,11,1,7,0,0,1,0,0,0,1,-95,0,8,0,563428620,0,100,0,128,1,"[100,-64,5,0,12,-9,11,-9,11,-9,11,-9,11,-8,10,-8,10,-9,9,-10,9,-10,9,-10,9,-11,9,-11,9,-12,9,-12,9,-13,9,-14,9,-14,10,-14,10,-14,10,-14,10,-15,10,-14,10,-14,11,-14,12,-14,3,-4,0,0,0,0,0,0,0,0,0,0,0,0,0,0,0,0,0,0,5,-3,23,-12,23,-11,24,-10,24,-9,24,-7,24,-7,24,-7,25,-6,25,-5,25,-5,24,-5,22,-6,22,-6,22,-6,21,-7,20,-7,19,-7,19,-8,18,-8,17,-8,17,-8,16,-8,16,-8,15,-8,15,-9,14,-9]"
CSI_DATA,35970,d8:b1:90:db:e8:90,-57,11,1,7,0,0,1,0,0,0,1,-95,0,8,0,563440420,0,100,0,128,1,"[100,-64,5,0,2,-18,2,-17,2,-17,2,-17,1,-16,1,-16,0,-15,0,-15,-1,-15,-1,-15,-2,-15,-2,-16,-2,-16,-2,-16,-2,-16,-3,-16,-3,-16,-2,-17,-2,-17,-3,-17,-3,-17,-3,-17,-2,-17,-1,-18,0,-18,0,-5,0,0,0,0,0,0,0,0,0,0,0,0,0,0,0,0,0,0,1,-7,7,-26,9,-26,10,-25,11,-24,11,-23,12,-23,13,-23,13,-24,12,-25,13,-25,13,-23,12,-22,12,-21,13,-21,12,-21,11,-21,10,-21,10,-20,9,-20,8,-20,7,-20,7,-20,6,-20,5,-20,5,-19,4,-19]"
CSI_DATA,35971,d8:b1:90:db:e8:90,-57,11,1,7,0,0,1,0,0,0,1,-95,0,8,0,563454788,0,100,0,128,1,"[100,-64,5,0,14,-11,14,-11,13,-11,13,-11,12,-11,11,-11,10,-12,10,-12,10,-12,9,-12,9,-12,9,-13,9,-13,9,-14,9,-14,10,-15,10,-15,10,-15,10,-15,10,-16,10,-16,10,-16,11,-16,12,-16,13,-16,3,-4,0,0,0,0,0,0,0,0,0,0,0,0,0,0,0,0,0,0,6,-4,25,-14,25,-13,26,-12,26,-11,26,-10,27,-9,27,-9,27,-9,27,-9,26,-8,26,-8,25,-8,25,-7,25,-8,24,-8,24,-9,23,-9,23,-9,22,-10,21,-10,20,-10,20,-11,19,-11,18,-11,18,-11,18,-12]"
CSI_DATA,35972,d8:b1:90:db:e8:90,-58,11,1,7,0,0,1,0,0,0,1,-95,0,8,0,563469177,0,100,0,128,1,"[100,-64,5,0,-16,-3,-15,-3,-15,-3,-15,-2,-14,-2,-14,-2,-14,-1,-14,-1,-14,0,-14,0,-14,1,-14,1,-15,2,-15,2,-15,2,-15,2,-15,2,-16,2,-16,2,-16,2,-16,2,-16,1,-17,2,-18,1,-18,1,-5,0,0,0,0,0,0,0,0,0,0,0,0,0,0,0,0,0,0,0,-7,-1,-25,-3,-24,-4,-24,-5,-24,-6,-23,-6,-23,-7,-24,-7,-24,-8,-24,-8,-23,-8,-23,-8,-22,-8,-22,-8,-22,-8,-21,-8,-21,-8,-20,-8,-19,-7,-19,-6,-19,-6,-20,-6,-19,-3,-14,-1,-14,-1,-16,-3,-15,-3]"
CSI_DATA,35973,d8:b1:90:db:e8:90,-57,11,1,7,0,0,1,0,0,0,1,-95,0,8,0,563486745,0,100,0,128,1,"[100,-64,5,0,-5,18,-4,17,-4,16,-3,16,-2,16,-2,15,-1,15,1,15,1,14,2,14,3,14,4,15,4,15,4,14,5,14,5,15,5,15,5,15,6,15,6,16,7,16,7,16,7,17,6,17,4,19,1,4,0,0,0,0,0,0,0,0,0,0,0,0,0,0,0,0,0,0,-1,6,-5,27,-6,27,-8,26,-9,26,-9,26,-10,26,-10,25,-10,25,-10,25,-10,25,-10,25,-10,25,-10,24,-9,24,-9,23,-9,22,-8,22,-8,21,-7,21,-7,21,-6,21,-6,20,-6,20,-5,20,-5,20,-5,19]"
CSI_DATA,35974,d8:b1:90:db:e8:90,-57,11,1,7,0,0,1,0,0,0,1,-95,0,8,0,563514296,0,100,0,128,1,"[100,-64,5,0,-18,-7,-18,-7,-17,-6,-17,-6,-17,-5,-16,-5,-16,-4,-16,-3,-15,-2,-15,-2,-15,-1,-16,-1,-17,0,-17,0,-17,0,-17,1,-17,1,-17,1,-17,1,-17,1,-17,1,-17,0,-17,1,-17,1,-17,1,-5,0,0,0,0,0,0,0,0,0,0,0,0,0,0,0,0,0,0,0,-7,-2,-28,-8,-27,-10,-26,-11,-26,-12,-26,-13,-26,-14,-26,-15,-26,-15,-25,-15,-25,-15,-25,-15,-24,-15,-23,-15,-23,-15,-22,-14,-22,-14,-21,-13,-21,-13,-21,-12,-21,-11,-21,-11,-20,-10,-20,-10,-20,-9,-20,-9,-19,-9]"
CSI_DATA,35975,d8:b1:90:db:e8:90,-57,11,1,7,0,0,1,0,0,0,1,-95,0,8,0,563525988,0,100,0,128,1,"[100,-64,5,0,-19,0,-19,0,-18,0,-18,1,-17,1,-16,2,-16,2,-16,3,-16,4,-15,4,-15,4,-15,4,-15,5,-15,5,-15,6,-16,6,-16,7,-16,7,-16,7,-17,7,-17,7,-16,7,-17,7,-18,7,-19,6,-5,1,0,0,0,0,0,0,0,0,0,0,0,0,0,0,0,0,0,0,-8,0,-29,-1,-29,-2,-29,-3,-29,-4,-29,-5,-28,-6,-28,-6,-27,-6,-27,-7,-27,-7,-27,-8,-26,-8,-26,-7,-26,-7,-25,-6,-25,-6,-25,-5,-24,-5,-23,-4,-23,-4,-22,-3,-22,-2,-22,-2,-22,-2,-22,-1,-21,0]"
CSI_DATA,35976,d8:b1:90:db:e8:90,-57,11,1,7,0,0,1,0,0,0,1,-95,0,8,0,563536713,0,100,0,128,1,"[100,-64,5,0,-14,-15,-14,-14,-14,-13,-14,-12,-14,-12,-13,-11,-14,-10,-14,-10,-14,-9,-14,-8,-14,-8,-15,-8,-15,-8,-15,-7,-15,-7,-15,-7,-15,-7,-15,-7,-15,-7,-16,-7,-16,-8,-16,-9,-16,-9,-16,-9,-16,-10,-4,-3,0,0,0,0,0,0,0,0,0,0,0,0,0,0,0,0,0,0,-6,-6,-20,-22,-19,-23,-18,-24,-17,-24,-17,-25,-16,-25,-15,-24,-15,-25,-15,-25,-14,-25,-13,-25,-13,-25,-13,-25,-13,-24,-13,-24,-13,-23,-14,-22,-14,-21,-14,-20,-13,-19,-14,-19,-14,-19,-15,-19,-15,-18,-15,-17,-15,-16]"
CSI_DATA,35977,d8:b1:90:db:e8:90,-58,11,1,7,0,0,1,0,0,0,1,-95,0,8,0,563549372,0,100,0,128,1,"[100,-64,5,0,-9,15,-8,15,-7,15,-7,14,-6,14,-5,14,-5,14,-5,14,-4,14,-4,14,-3,14,-3,14,-3,14,-3,15,-3,15,-2,16,-2,16,-3,16,-3,16,-3,16,-2,16,-3,17,-3,17,-4,17,-5,18,-2,4,0,0,0,0,0,0,0,0,0,0,0,0,0,0,0,0,0,0,-3,6,-11,24,-12,23,-14,22,-14,22,-15,22,-16,22,-16,22,-16,22,-17,21,-17,21,-17,20,-16,20,-16,19,-16,19,-15,18,-14,18,-14,18,-13,18,-12,18,-12,17,-11,17,-11,17,-10,17,-10,17,-9,16,-9,17]"
CSI_DATA,35978,d8:b1:90:db:e8:90,-57,11,1,7,0,0,1,0,0,0,1,-95,0,8,0,563566997,0,100,0,128,1,"[100,-64,5,0,-18,-6,-18,-6,-18,-5,-17,-4,-17,-4,-16,-4,-16,-3,-16,-2,-16,-1,-16,-1,-16,-1,-16,-1,-16,0,-17,1,-17,1,-17,1,-18,1,-18,1,-18,1,-18,1,-18,1,-18,0,-19,0,-20,-1,-20,-1,-5,-1,0,0,0,0,0,0,0,0,0,0,0,0,0,0,0,0,0,0,-7,-2,-28,-7,-27,-9,-26,-10,-26,-11,-25,-12,-25,-13,-25,-13,-25,-14,-25,-14,-25,-14,-24,-14,-23,-14,-23,-14,-23,-13,-22,-13,-22,-12,-22,-11,-21,-11,-21,-10,-21,-9,-21,-9,-21,-8,-20,-8,-20,-7,-20,-7,-20,-6]"
CSI_DATA,35979,d8:b1:90:db:e8:90,-57,11,1,7,0,0,1,0,0,0,1,-95,0,8,0,563579619,0,100,0,128,1,"[100,-64,5,0,1,16,2,16,2,15,3,15,3,14,3,14,4,13,4,13,5,13,5,12,6,12,6,12,6,12,6,12,7,12,7,13,7,12,7,12,7,13,7,13,7,14,7,14,6,14,5,15,5,15,1,4,0,0,0,0,0,0,0,0,0,0,0,0,0,0,0,0,0,0,0,6,0,24,-1,24,-3,24,-4,24,-5,24,-5,24,-6,24,-6,24,-6,24,-7,24,-7,23,-7,22,-7,22,-6,22,-6,21,-6,21,-5,21,-5,20,-4,20,-3,19,-3,19,-2,19,-2,19,-1,19,-1,18,0,17]"
CSI_DATA,35980,d8:b1:90:db:e8:90,-57,11,1,7,0,0,1,0,0,0,1,-95,0,8,0,563610351,0,100,0,128,1,"[100,-64,5,0,-9,-16,-9,-15,-9,-14,-9,-14,-9,-14,-9,-13,-9,-12,-9,-12,-9,-12,-9,-12,-10,-12,-11,-12,-12,-11,-11,-11,-12,-11,-12,-11,-12,-11,-12,-11,-12,-11,-12,-11,-13,-11,-13,-12,-12,-12,-12,-12,-12,-13,-3,-4,0,0,0,0,0,0,0,0,0,0,0,0,0,0,0,0,0,0,-4,-6,-13,-23,-12,-23,-11,-23,-10,-24,-10,-24,-9,-24,-9,-25,-9,-25,-8,-25,-8,-25,-8,-25,-8,-25,-8,-24,-8,-23,-7,-22,-7,-22,-7,-21,-7,-21,-7,-20,-8,-20,-9,-19,-9,-19,-9,-18,-9,-18,-9,-17,-9,-17]"
CSI_DATA,35981,d8:b1:90:db:e8:90,-57,11,1,7,0,0,1,0,0,0,1,-95,0,8,0,563625387,0,100,0,128,1,"[100,-64,5,0,6,17,6,16,7,16,7,15,8,14,8,14,8,13,9,12,9,12,9,11,10,11,10,11,11,11,11,10,12,10,12,11,12,11,12,11,12,11,12,11,12,12,12,12,12,13,11,13,11,14,2,3,0,0,0,0,0,0,0,0,0,0,0,0,0,0,0,0,0,0,2,6,10,26,9,26,7,27,5,27,4,27,4,28,4,28,4,28,3,28,2,28,2,28,2,27,2,27,2,26,2,25,2,24,3,23,3,23,3,22,4,22,4,21,4,20,5,20,5,19,6,19,6,19]"
CSI_DATA,35982,d8:b1:90:db:e8:90,-57,11,1,7,0,0,1,0,0,0,1,-95,0,8,0,563639931,0,100,0,128,1,"[100,-64,5,0,8,16,8,15,9,14,9,14,10,13,10,12,10,12,10,11,10,10,11,10,11,10,12,9,13,9,13,8,13,8,14,9,14,9,14,8,14,9,14,9,14,10,14,10,14,10,13,11,13,12,3,3,0,0,0,0,0,0,0,0,0,0,0,0,0,0,0,0,0,0,3,6,13,25,11,26,9,26,8,27,7,27,6,27,6,27,6,28,5,28,5,28,5,28,5,27,5,27,5,26,5,25,5,24,5,23,5,23,5,22,6,21,6,21,7,20,7,19,8,19,8,18,9,18]"
CSI_DATA,35983,d8:b1:90:db:e8:90,-57,11,1,7,0,0,1,0,0,0,1,-95,0,8,0,563654192,0,100,0,128,1,"[100,-64,5,0,-5,17,-5,16,-4,16,-4,15,-3,15,-3,15,-2,15,-1,15,-1,15,0,15,0,15,1,16,1,16,1,16,1,16,2,17,2,17,1,17,1,17,2,17,2,18,2,18,1,18,0,19,-1,19,-1,4,0,0,0,0,0,0,0,0,0,0,0,0,0,0,0,0,0,0,-3,6,-10,27,-11,26,-12,25,-13,25,-13,25,-14,24,-15,23,-15,23,-15,22,-15,22,-16,22,-16,22,-15,21,-15,21,-14,21,-13,21,-13,21,-12,20,-11,19,-9,19,-8,19,-8,19,-8,19,-7,18,-7,18,-7,18]"
CSI_DATA,35984,d8:b1:90:db:e8:90,-57,11,1,7,0,0,1,0,0,0,1,-95,0,8,0,563664608,0,100,0,128,1,"[100,-64,5,0,10,-15,9,-14,8,-14,8,-14,7,-14,7,-14,6,-14,5,-15,4,-15,4,-15,3,-15,3,-16,3,-16,3,-17,3,-17,3,-17,3,-18,3,-18,3,-18,3,-18,3,-18,3,-18,3,-18,5,-18,5,-18,1,-5,0,0,0,0,0,0,0,0,0,0,0,0,0,0,0,0,0,0,4,-6,18,-22,19,-21,20,-20,20,-19,21,-19,21,-18,21,-17,21,-17,21,-16,21,-16,21,-16,21,-16,21,-16,20,-16,20,-16,19,-16,18,-16,17,-16,16,-16,15,-16,14,-16,13,-16,13,-16,12,-16,12,-16,12,-16]"
CSI_DATA,35985,d8:b1:90:db:e8:90,-57,11,1,7,0,0,1,0,0,0,1,-95,0,8,0,563679781,0,100,0,128,1,"[100,-64,5,0,8,15,8,14,8,14,8,13,9,13,9,12,9,11,9,11,9,10,10,10,10,10,11,11,11,11,11,11,11,11,11,11,11,11,11,11,11,11,12,11,12,11,12,12,12,13,11,13,11,14,2,3,0,0,0,0,0,0,0,0,0,0,0,0,0,0,0,0,0,0,2,6,8,25,7,25,6,26,5,26,5,26,4,26,4,27,4,28,3,28,3,28,3,28,3,27,3,26,3,25,4,24,4,23,4,23,5,22,5,22,5,21,6,20,6,20,7,19,7,18,7,18,7,17]"
CSI_DATA,35986,d8:b1:90:db:e8:90,-57,11,1,7,0,0,1,0,0,0,1,-95,0,8,0,563690391,0,100,0,128,1,"[100,-64,5,0,13,11,12,10,12,9,13,9,13,9,12,8,12,7,13,6,13,6,13,6,13,5,14,5,14,4,14,4,15,4,15,4,16,4,16,4,16,4,16,4,16,5,16,6,16,6,17,6,17,6,4,1,0,0,0,0,0,0,0,0,0,0,0,0,0,0,0,0,0,0,5,4,20,17,20,18,20,19,18,19,18,20,17,21,17,21,16,21,16,21,15,21,15,21,15,20,15,20,15,19,15,18,15,18,15,17,15,16,15,16,14,16,14,15,14,14,14,14,14,13,14,13,14,12]"
CSI_DATA,35987,d8:b1:90:db:e8:90,-58,11,1,7,0,0,1,0,0,0,1,-95,0,8,0,563716735,0,100,0,128,1,"[100,-64,5,0,12,-12,12,-11,11,-11,11,-12,10,-12,10,-12,9,-12,8,-12,8,-13,7,-12,7,-13,6,-13,6,-14,6,-14,7,-14,6,-14,7,-15,7,-15,8,-15,8,-15,7,-15,8,-15,8,-15,10,-15,10,-15,2,-4,0,0,0,0,0,0,0,0,0,0,0,0,0,0,0,0,0,0,5,-5,22,-18,22,-17,22,-15,23,-14,23,-14,24,-13,25,-13,25,-13,25,-12,25,-12,24,-12,24,-11,23,-11,23,-11,22,-12,21,-12,20,-12,20,-13,19,-12,19,-12,18,-12,17,-12,17,-12,16,-12,16,-12,15,-13]"
CSI_DATA,35988,d8:b1:90:db:e8:90,-58,11,1,7,0,0,1,0,0,0,1,-95,0,8,0,563726802,0,100,0,128,1,"[100,-64,5,0,10,-17,9,-16,8,-16,8,-16,7,-15,6,-15,6,-15,5,-15,5,-16,4,-16,4,-16,3,-16,3,-17,4,-17,4,-17,3,-17,4,-17,4,-17,4,-18,4,-18,4,-19,4,-19,5,-19,6,-19,6,-19,1,-5,0,0,0,0,0,0,0,0,0,0,0,0,0,0,0,0,0,0,4,-7,17,-26,18,-25,19,-23,20,-23,21,-22,22,-22,22,-21,23,-21,23,-21,23,-20,22,-19,22,-19,21,-19,21,-18,20,-18,20,-18,19,-18,18,-18,16,-18,15,-18,14,-18,14,-18,13,-18,12,-18,12,-18,12,-18]"
CSI_DATA,35989,d8:b1:90:db:e8:90,-57,11,1,7,0,0,1,0,0,0,1,-95,0,8,0,563739689,0,100,0,128,1,"[100,-64,5,0,3,-17,3,-16,2,-15,2,-15,1,-15,1,-14,0,-14,0,-14,0,-14,-1,-14,-1,-13,-2,-13,-2,-14,-2,-14,-2,-14,-2,-14,-2,-14,-1,-14,-1,-14,-1,-15,-1,-15,-1,-15,-1,-15,0,-16,1,-16,0,-4,0,0,0,0,0,0,0,0,0,0,0,0,0,0,0,0,0,0,2,-7,9,-25,10,-24,11,-23,12,-23,13,-23,14,-22,14,-22,15,-22,15,-21,15,-21,15,-20,15,-20,14,-20,13,-19,13,-19,13,-19,12,-19,11,-19,10,-19,9,-18,8,-18,7,-18,7,-18,6,-18,6,-18,5,-17]"
CSI_DATA,35990,d8:b1:90:db:e8:90,-58,11,1,7,0,0,1,0,0,0,1,-95,0,8,0,563751299,0,100,0,128,1,"[100,-64,5,0,-14,10,-13,10,-13,10,-12,10,-11,10,-10,10,-9,10,-9,10,-8,11,-8,10,-7,11,-7,11,-7,12,-7,12,-7,12,-7,13,-7,14,-7,13,-7,13,-7,14,-7,14,-7,14,-8,14,-9,15,-10,15,-3,3,0,0,0,0,0,0,0,0,0,0,0,0,0,0,0,0,0,0,-6,3,-24,15,-25,14,-25,13,-25,12,-25,12,-26,12,-26,11,-26,11,-26,10,-26,10,-26,9,-25,9,-25,9,-24,9,-24,9,-24,9,-23,10,-22,10,-21,10,-20,10,-19,11,-18,11,-18,11,-17,10,-17,10,-16,10]"
CSI_DATA,35991,d8:b1:90:db:e8:90,-58,11,1,7,0,0,1,0,0,0,1,-95,0,8,0,563762582,0,100,0,128,1,"[100,-64,5,0,11,-13,10,-13,10,-13,9,-13,8,-13,7,-12,7,-12,6,-12,6,-13,5,-12,4,-12,4,-13,4,-13,4,-14,4,-14,4,-15,5,-15,5,-15,5,-15,5,-15,4,-15,5,-15,5,-15,7,-16,7,-16,2,-4,0,0,0,0,0,0,0,0,0,0,0,0,0,0,0,0,0,0,5,-5,22,-19,22,-18,23,-16,23,-15,24,-14,24,-14,25,-14,25,-14,26,-14,25,-13,25,-13,24,-13,23,-12,23,-12,22,-12,21,-12,21,-13,20,-13,19,-13,18,-13,17,-14,17,-14,16,-14,15,-13,14,-13,14,-13]"
CSI_DATA,35992,d8:b1:90:db:e8:90,-58,11,1,7,0,0,1,0,0,0,1,-95,0,8,0,563775052,0,100,0,128,1,"[100,-64,5,0,-5,14,-5,13,-4,13,-4,13,-3,12,-2,12,-2,11,-2,11,-1,11,-1,11,0,11,0,11,1,11,0,11,0,11,0,12,0,12,-1,12,-1,12,0,12,0,13,0,13,-1,13,-1,14,-2,14,-1,3,0,0,0,0,0,0,0,0,0,0,0,0,0,0,0,0,0,0,-3,5,-11,22,-12,22,-13,21,-13,21,-14,20,-15,20,-15,20,-15,20,-16,20,-16,19,-15,19,-15,18,-15,18,-14,18,-14,17,-13,17,-13,17,-12,17,-11,17,-11,17,-10,16,-9,16,-8,16,-7,16,-7,15,-7,14]"
CSI_DATA,35993,d8:b1:90:db:e8:90,-58,11,1,7,0,0,1,0,0,0,1,-95,0,8,0,563786671,0,100,0,128,1,"[100,-64,5,0,-1,17,0,16,0,15,1,15,1,14,2,13,2,13,3,13,3,13,4,12,5,12,6,13,6,13,6,13,7,13,8,13,8,14,8,14,8,14,9,14,9,15,10,15,10,16,9,16,8,16,2,4,0,0,0,0,0,0,0,0,0,0,0,0,0,0,0,0,0,0,-2,7,-6,30,-8,30,-10,29,-11,29,-11,29,-11,29,-12,29,-12,28,-12,28,-12,28,-12,28,-11,27,-10,27,-10,27,-9,26,-8,25,-7,24,-6,24,-7,23,-5,23,-2,23,-2,24,-4,22,-4,18,-2,17,-3,22]"
CSI_DATA,35994,d8:b1:90:db:e8:90,-58,11,1,7,0,0,1,0,0,0,1,-95,0,8,0,563798464,0,100,0,128,1,"[100,-64,5,0,10,-11,10,-10,9,-10,8,-10,8,-10,7,-9,6,-9,6,-10,6,-10,5,-10,4,-10,4,-11,4,-11,5,-11,5,-11,5,-12,5,-12,5,-12,6,-12,6,-13,6,-13,6,-12,6,-13,7,-13,8,-13,2,-4,0,0,0,0,0,0,0,0,0,0,0,0,0,0,0,0,0,0,4,-4,18,-16,19,-15,20,-15,20,-14,20,-13,21,-13,22,-13,22,-12,22,-12,22,-12,22,-12,21,-11,21,-11,20,-11,20,-11,19,-11,18,-11,18,-11,17,-11,16,-11,16,-11,15,-11,14,-11,13,-11,13,-11,12,-11]"
CSI_DATA,35995,d8:b1:90:db:e8:90,-58,11,1,7,0,0,1,0,0,0,1,-95,0,8,0,563823630,0,100,0,128,1,"[100,-64,5,0,14,6,14,6,13,5,13,5,12,4,12,3,11,3,11,2,11,1,11,1,11,1,11,1,12,0,12,0,13,0,13,0,13,0,13,0,13,0,14,0,14,1,14,2,15,2,16,2,16,2,4,0,0,0,0,0,0,0,0,0,0,0,0,0,0,0,0,0,0,0,5,3,23,14,22,15,22,16,21,16,21,17,21,18,21,18,20,18,20,19,20,19,19,19,19,18,19,18,19,18,18,17,18,16,18,15,18,14,18,14,17,13,17,12,17,11,17,10,16,9,16,9,16,8]"
CSI_DATA,35996,d8:b1:90:db:e8:90,-58,11,1,7,0,0,1,0,0,0,1,-95,0,8,0,563834914,0,100,0,128,1,"[100,-64,5,0,-2,-19,-2,-17,-2,-16,-3,-15,-3,-15,-4,-14,-4,-13,-5,-13,-5,-12,-6,-12,-7,-12,-7,-12,-8,-12,-8,-12,-8,-12,-8,-13,-8,-13,-8,-13,-8,-14,-8,-14,-9,-15,-9,-16,-8,-16,-8,-16,-8,-17,-2,-5,0,0,0,0,0,0,0,0,0,0,0,0,0,0,0,0,0,0,0,-8,1,-31,2,-31,4,-30,5,-30,6,-30,7,-30,8,-29,9,-29,9,-29,10,-29,10,-29,10,-28,9,-28,8,-28,8,-27,7,-26,6,-26,5,-25,5,-25,4,-24,3,-24,2,-23,1,-22,1,-22,0,-21,0,-21]"
CSI_DATA,35997,d8:b1:90:db:e8:90,-58,11,1,7,0,0,1,0,0,0,1,-95,0,8,0,563846402,0,100,0,128,1,"[100,-64,5,0,14,-5,13,-5,12,-5,12,-5,11,-5,10,-6,9,-6,9,-6,9,-7,9,-7,8,-7,9,-8,9,-8,10,-8,10,-9,10,-9,10,-10,11,-10,11,-10,11,-10,11,-10,11,-10,12,-10,13,-10,14,-10,3,-3,0,0,0,0,0,0,0,0,0,0,0,0,0,0,0,0,0,0,6,-2,26,-8,27,-7,27,-6,27,-5,28,-4,28,-3,28,-2,28,-2,27,-1,27,-1,27,-1,26,-1,26,-1,25,-1,25,-1,24,-2,23,-2,23,-3,22,-4,21,-4,20,-5,19,-5,18,-5,18,-5,17,-6,17,-7]"
CSI_DATA,35998,d8:b1:90:db:e8:90,-58,11,1,7,0,0,1,0,0,0,1,-95,0,8,0,563856859,0,100,0,128,1,"[100,-64,5,0,-12,-12,-12,-12,-11,-10,-11,-10,-11,-9,-11,-9,-10,-8,-10,-6,-10,-6,-10,-5,-10,-6,-11,-6,-12,-6,-12,-5,-12,-5,-13,-6,-13,-6,-13,-6,-13,-6,-14,-6,-14,-7,-14,-8,-14,-8,-15,-8,-15,-9,-4,-3,0,0,0,0,0,0,0,0,0,0,0,0,0,0,0,0,0,0,-5,-6,-19,-23,-18,-24,-17,-25,-16,-25,-16,-26,-15,-26,-14,-27,-13,-27,-13,-27,-12,-27,-12,-27,-12,-26,-12,-26,-12,-25,-12,-25,-12,-23,-12,-22,-13,-22,-13,-21,-13,-20,-13,-19,-13,-18,-13,-17,-13,-16,-13,-15,-13,-14]"
CSI_DATA,35999,d8:b1:90:db:e8:90,-58,11,1,7,0,0,1,0,0,0,1,-95,0,8,0,563876428,0,100,0,128,1,"[100,-64,5,0,3,-16,3,-15,2,-14,1,-13,0,-13,0,-12,-1,-12,-1,-12,-1,-12,-2,-11,-2,-11,-3,-11,-3,-12,-3,-12,-3,-12,-3,-13,-3,-14,-3,-14,-3,-14,-3,-15,-3,-15,-3,-16,-3,-16,-2,-16,-1,-17,-1,-5,0,0,0,0,0,0,0,0,0,0,0,0,0,0,0,0,0,0,2,-7,10,-27,11,-26,12,-25,13,-25,14,-25,14,-25,15,-25,16,-24,16,-24,16,-24,16,-24,15,-23,15,-23,14,-22,13,-22,12,-22,12,-21,11,-21,10,-21,9,-20,8,-20,7,-20,6,-19,5,-19,5,-18,5,-17]"
CSI_DATA,36000,d8:b1:90:db:e8:90,-58,11,1,7,0,0,1,0,0,0,1,-95,0,8,0,563889250,0,100,0,128,1,"[100,-64,5,0,14,-3,13,-3,12,-4,12,-4,11,-4,10,-5,10,-5,9,-5,9,-6,9,-6,9,-6,9,-6,9,-7,10,-8,10,-8,11,-8,11,-9,12,-9,12,-9,13,-9,13,-9,13,-9,14,-9,15,-9,15,-9,4,-2,0,0,0,0,0,0,0,0,0,0,0,0,0,0,0,0,0,0,6,-1,27,-2,27,-1,27,0,27,1,27,2,26,2,27,3,27,3,28,4,27,4,27,4,26,4,26,3,25,3,24,2,23,2,23,1,22,1,21,0,21,0,20,-1,19,-2,18,-2,18,-3,17,-3,16,-3]"
CSI_DATA,36001,d8:b1:90:db:e8:90,-58,11,1,7,0,0,1,0,0,0,1,-95,0,8,0,563922315,0,100,0,128,1,"[100,-64,5,0,12,-9,11,-9,10,-9,9,-9,8,-9,7,-9,6,-9,6,-9,5,-10,5,-10,4,-10,4,-10,4,-11,5,-11,5,-12,5,-12,6,-12,6,-13,6,-13,7,-13,7,-13,7,-12,8,-13,9,-13,10,-12,2,-3,0,0,0,0,0,0,0,0,0,0,0,0,0,0,0,0,0,0,6,-3,25,-11,26,-10,26,-9,27,-8,27,-8,27,-7,27,-7,27,-6,27,-6,27,-5,27,-6,27,-6,26,-6,26,-5,25,-6,24,-6,23,-6,23,-6,22,-7,21,-7,20,-7,19,-8,18,-8,18,-9,16,-9,15,-9]"
CSI_DATA,36002,d8:b1:90:db:e8:90,-58,11,1,7,0,0,1,0,0,0,1,-95,0,8,0,563933252,0,100,0,128,1,"[100,-64,5,0,13,-7,11,-7,11,-7,10,-7,10,-7,9,-7,8,-8,7,-8,6,-9,6,-9,5,-9,5,-9,6,-10,6,-10,6,-11,6,-11,6,-11,7,-11,7,-12,8,-12,8,-12,8,-12,8,-13,9,-13,10,-13,2,-3,0,0,0,0,0,0,0,0,0,0,0,0,0,0,0,0,0,0,6,-3,26,-10,26,-9,26,-7,27,-6,27,-5,27,-5,28,-5,28,-4,28,-4,28,-4,27,-4,27,-4,26,-4,26,-4,25,-4,24,-5,23,-5,22,-6,21,-6,20,-6,20,-6,19,-7,18,-7,17,-8,17,-8,16,-8]"
CSI_DATA,36003,d8:b1:90:db:e8:90,-57,11,1,7,0,0,1,0,0,0,1,-95,0,8,0,563944210,0,100,0,128,1,"[100,-64,5,0,-18,2,-16,2,-16,3,-15,3,-14,3,-13,3,-12,4,-12,5,-11,6,-10,6,-10,6,-10,6,-11,7,-11,7,-11,8,-12,8,-12,8,-13,9,-13,8,-14,9,-14,8,-15,8,-15,8,-17,8,-17,8,-5,2,0,0,0,0,0,0,0,0,0,0,0,0,0,0,0,0,0,0,-9,1,-33,4,-33,3,-32,0,-32,-1,-32,-2,-32,-3,-33,-3,-33,-3,-32,-4,-32,-4,-32,-4,-32,-4,-31,-4,-30,-3,-30,-3,-29,-3,-28,-3,-27,-3,-26,-2,-26,-1,-24,1,-20,3,-18,0,-18,-3,-22,0,-24,3]"
CSI_DATA,36004,d8:b1:90:db:e8:90,-57,11,1,7,0,0,1,0,0,0,1,-95,0,8,0,563955545,0,100,0,128,1,"[100,-64,5,0,-15,0,-14,0,-13,1,-12,1,-12,2,-11,2,-10,3,-10,4,-9,4,-9,4,-9,5,-9,5,-9,6,-9,7,-9,7,-9,7,-9,8,-10,8,-10,8,-10,8,-11,7,-11,7,-12,7,-12,7,-12,7,-3,1,0,0,0,0,0,0,0,0,0,0,0,0,0,0,0,0,0,0,-7,-1,-27,-3,-27,-4,-27,-6,-26,-7,-26,-8,-26,-8,-27,-8,-26,-8,-26,-9,-26,-9,-26,-9,-25,-9,-24,-9,-24,-9,-23,-8,-23,-8,-22,-7,-22,-6,-22,-6,-21,-4,-20,-4,-20,-3,-19,-3,-18,-2,-18,-2,-17,-1]"
CSI_DATA,36005,d8:b1:90:db:e8:90,-58,11,1,7,0,0,1,0,0,0,1,-95,0,8,0,563966783,0,100,0,128,1,"[100,-64,5,0,6,-13,5,-13,5,-12,4,-12,3,-12,3,-11,2,-11,2,-11,1,-12,1,-11,0,-11,-1,-12,-1,-12,-1,-13,-1,-13,-2,-14,-2,-14,-1,-14,-1,-15,-1,-15,-1,-16,-1,-16,0,-16,1,-17,2,-17,0,-5,0,0,0,0,0,0,0,0,0,0,0,0,0,0,0,0,0,0,4,-6,17,-23,17,-22,19,-21,19,-20,20,-20,20,-19,21,-19,21,-19,21,-18,22,-18,22,-18,21,-17,21,-17,20,-16,19,-16,18,-16,17,-16,16,-17,15,-17,14,-17,13,-17,12,-16,12,-16,11,-15,10,-15,9,-14]"
CSI_DATA,36006,d8:b1:90:db:e8:90,-57,11,1,7,0,0,1,0,0,0,1,-95,0,8,0,563978815,0,100,0,128,1,"[100,-64,5,0,9,13,9,12,9,11,10,10,10,9,9,8,10,7,9,6,9,5,9,5,10,5,11,5,11,4,11,4,12,4,12,4,12,4,12,4,12,5,13,5,13,6,14,7,13,7,13,8,13,9,3,2,0,0,0,0,0,0,0,0,0,0,0,0,0,0,0,0,0,0,3,6,15,26,13,26,12,27,10,27,10,27,9,28,9,29,8,29,8,29,7,29,7,28,7,28,7,27,7,27,7,26,7,25,7,24,8,23,8,23,9,22,10,21,10,20,10,19,10,18,10,17,10,16]"
CSI_DATA,36007,d8:b1:90:db:e8:90,-57,11,1,7,0,0,1,0,0,0,1,-95,0,8,0,563996785,0,100,0,128,1,"[100,-64,5,0,12,5,12,4,12,4,11,3,11,2,10,1,10,0,9,-1,9,-1,9,-2,9,-2,10,-3,10,-3,10,-4,11,-4,11,-4,11,-5,11,-5,11,-5,12,-5,12,-5,13,-4,13,-4,14,-4,14,-4,3,-1,0,0,0,0,0,0,0,0,0,0,0,0,0,0,0,0,0,0,5,3,23,13,22,14,21,16,20,17,20,17,20,18,19,19,18,19,18,19,18,19,18,19,17,18,17,18,17,17,17,17,17,16,17,15,16,14,16,14,15,13,15,12,15,11,15,11,14,10,14,9,14,9]"
CSI_DATA,36008,d8:b1:90:db:e8:90,-58,11,1,7,0,0,1,0,0,0,1,-95,0,8,0,564021928,0,100,0,128,1,"[100,-64,5,0,-12,-12,-11,-11,-11,-10,-11,-9,-11,-9,-11,-8,-10,-7,-10,-6,-10,-5,-10,-5,-11,-5,-12,-4,-12,-4,-13,-3,-13,-3,-14,-4,-14,-4,-14,-4,-14,-4,-15,-4,-15,-5,-16,-6,-16,-6,-16,-7,-16,-7,-4,-2,0,0,0,0,0,0,0,0,0,0,0,0,0,0,0,0,0,0,-5,-7,-19,-26,-17,-26,-16,-26,-15,-27,-14,-27,-13,-27,-13,-28,-12,-28,-12,-28,-11,-28,-11,-27,-11,-27,-11,-26,-11,-26,-11,-26,-11,-25,-11,-24,-11,-23,-11,-22,-12,-20,-12,-19,-12,-18,-12,-17,-12,-17,-12,-16,-12,-15]"
CSI_DATA,36009,d8:b1:90:db:e8:90,-58,11,1,7,0,0,1,0,0,0,1,-95,0,8,0,564033159,0,100,0,128,1,"[100,-64,5,0,-5,-15,-5,-14,-5,-13,-6,-12,-6,-11,-6,-10,-7,-10,-7,-9,-7,-9,-7,-8,-8,-8,-9,-9,-10,-9,-10,-8,-11,-8,-11,-9,-12,-9,-11,-9,-12,-9,-12,-10,-13,-10,-13,-11,-13,-11,-13,-12,-12,-13,-3,-4,0,0,0,0,0,0,0,0,0,0,0,0,0,0,0,0,0,0,-2,-8,-7,-31,-5,-30,-3,-30,-2,-30,-1,-30,-1,-30,0,-30,0,-30,0,-30,1,-29,1,-29,1,-28,0,-28,0,-27,0,-27,-1,-26,-2,-25,-2,-24,-2,-23,-3,-22,-3,-22,-4,-21,-4,-20,-5,-19,-5,-18,-5,-17]"
CSI_DATA,36010,d8:b1:90:db:e8:90,-58,11,1,7,0,0,1,0,0,0,1,-95,0,8,0,564045110,0,100,0,128,1,"[100,-64,5,0,0,-16,-1,-15,-1,-14,-2,-13,-3,-12,-3,-12,-3,-11,-3,-11,-4,-11,-4,-11,-5,-11,-6,-11,-6,-11,-6,-11,-7,-11,-7,-12,-8,-13,-8,-13,-8,-14,-8,-14,-8,-15,-8,-15,-8,-15,-8,-16,-7,-17,-2,-5,0,0,0,0,0,0,0,0,0,0,0,0,0,0,0,0,0,0,1,-8,6,-29,8,-29,9,-29,10,-28,11,-28,12,-28,12,-28,13,-28,13,-27,13,-27,12,-27,12,-26,11,-26,11,-25,10,-25,10,-24,9,-24,8,-23,7,-23,6,-22,6,-22,5,-21,4,-21,3,-20,2,-19,2,-19]"
CSI_DATA,36011,d8:b1:90:db:e8:90,-57,11,1,7,0,0,1,0,0,0,1,-95,0,8,0,564056797,0,100,0,128,1,"[100,-64,5,0,-16,-3,-15,-2,-14,-1,-13,-1,-12,0,-12,0,-11,1,-11,2,-11,2,-11,2,-11,2,-11,3,-12,4,-12,4,-12,5,-13,5,-14,5,-14,5,-14,5,-15,5,-15,5,-16,4,-16,4,-17,4,-18,3,-5,0,0,0,0,0,0,0,0,0,0,0,0,0,0,0,0,0,0,0,-8,-2,-29,-8,-29,-10,-29,-11,-28,-12,-27,-14,-27,-14,-28,-15,-27,-15,-27,-16,-27,-16,-26,-15,-25,-15,-25,-15,-25,-14,-25,-14,-24,-13,-24,-12,-23,-11,-23,-10,-22,-9,-22,-9,-21,-8,-20,-7,-20,-6,-19,-5,-18,-5]"
CSI_DATA,36012,d8:b1:90:db:e8:90,-58,11,1,7,0,0,1,0,0,0,1,-95,0,8,0,564069938,0,100,0,128,1,"[100,-64,5,0,-14,-10,-14,-9,-13,-8,-13,-7,-12,-6,-12,-5,-12,-4,-12,-3,-12,-2,-12,-2,-13,-2,-14,-2,-14,-1,-14,0,-15,0,-16,0,-16,1,-16,1,-17,0,-18,0,-19,0,-19,-1,-19,-1,-20,-1,-21,-2,-6,-1,0,0,0,0,0,0,0,0,0,0,0,0,0,0,0,0,0,0,-6,-7,-24,-25,-22,-26,-20,-26,-19,-27,-18,-27,-18,-28,-17,-28,-17,-28,-16,-28,-16,-28,-16,-28,-16,-27,-16,-26,-16,-26,-16,-25,-16,-24,-16,-22,-16,-21,-16,-20,-16,-19,-16,-18,-16,-17,-16,-16,-16,-15,-16,-14,-15,-13]"
CSI_DATA,36013,d8:b1:90:db:e8:90,-58,11,1,7,0,0,1,0,0,0,1,-95,0,8,0,564081004,0,100,0,128,1,"[100,-64,5,0,9,12,9,11,9,9,9,8,9,7,9,6,9,5,9,5,9,4,9,4,10,4,11,4,11,3,11,3,12,3,12,3,13,3,13,3,13,4,14,4,15,5,15,6,15,6,15,7,15,8,3,2,0,0,0,0,0,0,0,0,0,0,0,0,0,0,0,0,0,0,4,6,16,25,15,25,13,26,12,26,11,26,10,27,10,27,9,28,9,28,8,28,8,27,8,27,8,26,8,26,8,25,8,24,8,23,8,22,9,21,9,20,9,19,10,18,10,17,10,16,10,16,10,15]"
CSI_DATA,36014,d8:b1:90:db:e8:90,-57,11,1,7,0,0,1,0,0,0,1,-95,0,8,0,564097601,0,100,0,128,1,"[100,-64,5,0,12,-7,11,-7,10,-7,8,-7,7,-7,7,-7,6,-7,6,-8,5,-9,4,-9,4,-9,4,-9,4,-10,4,-11,4,-11,4,-12,5,-12,5,-12,6,-12,6,-13,6,-13,6,-13,7,-13,8,-14,9,-14,2,-4,0,0,0,0,0,0,0,0,0,0,0,0,0,0,0,0,0,0,6,-2,25,-8,25,-7,26,-5,26,-4,26,-4,26,-3,26,-2,26,-1,26,-1,26,-1,25,-1,25,-1,25,-1,24,-2,24,-2,23,-3,22,-3,22,-4,21,-4,20,-5,19,-5,18,-6,17,-6,16,-6,15,-7,15,-7]"
CSI_DATA,36015,d8:b1:90:db:e8:90,-57,11,1,7,0,0,1,0,0,0,1,-95,0,8,0,564118331,0,100,0,128,1,"[100,-64,5,0,13,9,12,8,12,7,12,6,12,5,12,4,11,3,11,2,10,1,11,1,11,0,11,0,11,-1,12,-1,12,-2,13,-2,13,-2,13,-2,14,-2,14,-2,15,-1,15,0,16,0,16,0,17,1,4,0,0,0,0,0,0,0,0,0,0,0,0,0,0,0,0,0,0,0,5,5,22,22,21,23,19,24,18,25,17,26,17,26,17,27,16,27,16,27,15,27,14,26,14,26,14,25,14,25,14,24,14,24,14,23,14,22,14,20,15,19,15,18,15,17,15,16,15,16,14,14,14,13]"
CSI_DATA,36016,d8:b1:90:db:e8:90,-57,11,1,7,0,0,1,0,0,0,0,-95,0,8,0,564142470,0,100,0,128,1,"[100,-64,5,0,-3,-16,-4,-15,-4,-14,-5,-13,-5,-12,-6,-11,-6,-10,-6,-10,-6,-9,-7,-9,-8,-9,-9,-9,-9,-9,-9,-9,-10,-9,-11,-9,-11,-10,-11,-10,-11,-10,-12,-11,-12,-12,-12,-12,-12,-13,-12,-13,-11,-14,-3,-4,0,0,0,0,0,0,0,0,0,0,0,0,0,0,0,0,0,0,-1,-8,-1,-32,1,-32,3,-32,4,-32,5,-32,6,-31,6,-31,7,-31,7,-31,7,-30,7,-30,7,-29,7,-28,7,-28,7,-28,6,-27,5,-26,5,-26,4,-25,3,-24,2,-24,1,-23,1,-22,0,-21,0,-21,-1,-20]"
CSI_DATA,36017,d8:b1:90:db:e8:90,-57,11,1,7,0,0,1,0,0,0,0,-95,0,8,0,564165020,0,100,0,128,1,"[100,-64,5,0,-13,7,-12,6,-10,7,-9,7,-8,7,-7,7,-6,7,-5,8,-5,8,-4,8,-4,8,-3,8,-3,9,-3,10,-3,10,-3,11,-3,12,-3,12,-4,12,-4,13,-4,13,-4,13,-4,13,-5,14,-6,14,-2,3,0,0,0,0,0,0,0,0,0,0,0,0,0,0,0,0,0,0,-7,3,-26,11,-26,10,-26,8,-26,7,-27,7,-27,6,-27,6,-27,6,-27,5,-27,5,-27,5,-26,5,-25,5,-25,5,-25,5,-25,5,-24,5,-23,5,-22,5,-21,5,-20,6,-19,6,-18,6,-17,6,-16,7,-16,7]"
CSI_DATA,36018,d8:b1:90:db:e8:90,-57,11,1,7,0,0,1,0,0,0,0,-95,0,8,0,564180494,0,100,0,128,1,"[100,-64,5,0,10,12,10,11,9,9,9,8,9,7,9,6,4,3,-5,-2,-10,-3,-10,-2,-10,-1,-10,-1,-10,0,-10,0,-11,0,-12,0,-12,0,-13,0,-13,0,-13,0,-13,1,-13,1,-14,0,-15,-1,-15,-3,-4,-1,0,0,0,0,0,0,0,0,0,0,0,0,0,0,0,0,0,0,3,6,13,24,12,25,10,26,9,26,9,27,8,27,8,27,8,28,8,28,7,27,7,27,7,26,7,26,6,25,6,25,6,24,6,23,7,22,8,21,9,20,9,20,9,19,9,18,9,17,10,16,10,15]"
CSI_DATA,36019,d8:b1:90:db:e8:90,-57,11,1,6,0,0,1,0,0,0,1,-95,0,8,0,564191639,0,100,0,128,1,"[100,-64,5,0,13,-9,12,-9,11,-9,9,-9,8,-9,7,-9,3,-5,-2,4,-5,8,-4,9,-4,9,-3,10,-2,10,-2,10,-2,11,-1,12,-1,13,0,13,0,13,-1,14,-2,15,-2,15,-3,15,-3,15,-4,16,-1,4,0,0,0,0,0,0,0,0,0,0,0,0,0,0,0,0,0,0,6,-3,28,-12,29,-10,29,-8,29,-7,29,-6,30,-5,30,-5,30,-5,30,-5,30,-4,29,-4,29,-4,28,-3,28,-4,27,-4,26,-4,25,-4,24,-5,23,-6,22,-7,22,-8,21,-8,20,-7,19,-8,18,-8,18,-9]"
CSI_DATA,36020,d8:b1:90:db:e8:90,-57,11,1,6,0,0,1,0,0,0,1,-95,0,8,0,564201959,0,100,0,128,1,"[100,-64,5,0,6,-15,5,-15,4,-14,3,-14,1,-13,0,-12,0,-12,0,-12,0,-12,-1,-12,-2,-12,-3,-12,-3,-12,-3,-12,-3,-13,-4,-13,-4,-14,-4,-14,-4,-14,-4,-15,-5,-15,-5,-16,-4,-16,-3,-17,-2,-18,-1,-5,0,0,0,0,0,0,0,0,0,0,0,0,0,0,0,0,0,0,3,-7,16,-28,17,-26,19,-25,20,-24,20,-23,21,-23,21,-23,21,-23,21,-22,21,-22,21,-22,21,-22,20,-21,19,-21,19,-21,18,-21,17,-21,16,-21,15,-20,14,-20,13,-19,12,-19,12,-19,11,-18,11,-17,10,-17]"
CSI_DATA,36021,d8:b1:90:db:e8:90,-57,11,1,6,0,0,1,0,0,0,1,-95,0,8,0,564232333,0,100,0,128,1,"[100,-64,5,0,-13,11,-11,10,-10,10,-9,10,-8,10,-7,10,-6,10,-5,10,-5,10,-4,10,-4,10,-3,10,-3,10,-3,11,-3,11,-2,12,-3,13,-3,13,-3,13,-3,13,-3,13,-3,13,-3,14,-5,14,-6,15,-2,3,0,0,0,0,0,0,0,0,0,0,0,0,0,0,0,0,0,0,-6,4,-22,17,-23,16,-23,14,-24,13,-24,13,-25,13,-27,13,-27,12,-27,12,-27,11,-26,11,-26,11,-25,10,-25,10,-23,11,-22,11,-22,11,-21,11,-21,11,-20,11,-19,11,-19,11,-18,12,-17,12,-16,12,-15,12]"
CSI_DATA,36022,d8:b1:90:db:e8:90,-57,11,1,6,0,0,1,0,0,0,1,-95,0,8,0,564246194,0,100,0,128,1,"[100,-64,5,0,-17,3,-16,3,-15,4,-14,4,-13,5,-12,5,-11,5,-11,6,-10,7,-9,7,-9,7,-9,7,-9,8,-9,9,-9,9,-9,10,-10,11,-10,11,-11,11,-11,11,-11,11,-11,11,-12,11,-14,11,-15,11,-4,2,0,0,0,0,0,0,0,0,0,0,0,0,0,0,0,0,0,0,-8,1,-30,5,-30,3,-30,2,-30,1,-30,0,-30,-1,-31,-2,-32,-3,-32,-3,-31,-3,-30,-3,-30,-3,-29,-3,-28,-3,-28,-2,-27,-2,-26,-1,-26,-1,-25,-1,-25,-1,-24,0,-23,1,-23,1,-22,2,-21,2,-20,2]"
CSI_DATA,36023,d8:b1:90:db:e8:90,-57,11,1,7,0,0,1,0,0,0,1,-95,0,8,0,564260903,0,100,0,128,1,"[100,-64,5,0,14,-9,13,-9,12,-9,11,-8,9,-8,8,-8,8,-8,7,-9,6,-10,5,-10,5,-10,5,-10,5,-10,5,-11,5,-11,5,-12,5,-12,6,-13,7,-13,7,-14,6,-12,8,-11,9,-11,10,-13,12,-14,3,-4,0,0,0,0,0,0,0,0,0,0,0,0,0,0,0,0,0,0,6,-4,26,-13,26,-12,27,-11,27,-10,27,-8,27,-7,28,-6,28,-6,27,-6,27,-5,28,-5,28,-6,26,-5,26,-5,26,-4,26,-5,25,-6,24,-6,23,-6,22,-7,21,-7,21,-8,19,-8,19,-8,18,-8,18,-9]"
CSI_DATA,36024,d8:b1:90:db:e8:90,-57,11,1,7,0,0,1,0,0,0,1,-95,0,8,0,564273175,0,100,0,128,1,"[100,-64,5,0,15,-8,14,-8,13,-8,12,-8,11,-8,10,-8,9,-8,8,-9,8,-10,7,-9,7,-9,7,-10,7,-11,7,-11,7,-12,7,-12,7,-13,8,-13,8,-13,8,-14,8,-14,8,-14,9,-14,10,-14,11,-14,3,-4,0,0,0,0,0,0,0,0,0,0,0,0,0,0,0,0,0,0,6,-3,27,-11,27,-10,27,-8,27,-6,28,-5,28,-5,29,-5,29,-5,29,-4,29,-4,29,-4,29,-4,28,-4,28,-4,27,-4,26,-5,25,-5,25,-5,24,-5,24,-5,23,-6,22,-6,20,-7,19,-7,19,-8,19,-9]"
CSI_DATA,36025,d8:b1:90:db:e8:90,-57,11,1,7,0,0,1,0,0,0,1,-95,0,8,0,564284154,0,100,0,128,1,"[100,-64,5,0,15,7,14,6,14,5,13,5,13,4,12,3,12,2,12,1,11,0,11,0,11,0,11,0,12,-1,12,-2,12,-2,12,-2,12,-2,12,-2,13,-2,13,-2,13,-1,14,-1,14,-1,15,0,15,0,3,0,0,0,0,0,0,0,0,0,0,0,0,0,0,0,0,0,0,0,6,3,24,12,22,13,21,14,20,15,20,15,20,16,20,17,20,18,19,18,19,18,19,18,19,18,18,18,18,18,18,17,17,16,17,15,17,15,17,15,17,14,17,13,17,12,16,11,16,10,16,10,17,9]"
CSI_DATA,36026,d8:b1:90:db:e8:90,-57,11,1,7,0,0,1,0,0,0,1,-95,0,8,0,564297185,0,100,0,128,1,"[100,-64,5,0,15,7,15,7,14,6,14,5,13,4,13,4,12,3,12,2,12,1,11,1,11,1,12,0,12,-1,12,-1,12,-1,13,-1,13,-2,13,-2,13,-1,14,-1,14,-1,14,0,14,0,15,0,15,1,3,0,0,0,0,0,0,0,0,0,0,0,0,0,0,0,0,0,0,0,6,3,24,12,23,13,22,13,21,14,21,16,21,16,22,17,22,18,22,18,21,18,21,18,20,17,20,17,19,17,19,16,18,16,18,15,18,14,19,13,19,13,19,12,18,12,18,11,18,10,17,10,17,9]"
CSI_DATA,36027,d8:b1:90:db:e8:90,-57,11,1,7,0,0,1,0,0,0,1,-95,0,8,0,564313523,0,100,0,128,1,"[100,-64,5,0,-2,-19,-2,-18,-2,-17,-3,-16,-3,-15,-4,-15,-4,-14,-4,-13,-4,-13,-5,-12,-6,-12,-7,-12,-7,-12,-7,-12,-7,-12,-8,-12,-8,-12,-8,-12,-8,-12,-8,-13,-9,-13,-9,-14,-8,-14,-8,-14,-7,-15,-2,-4,0,0,0,0,0,0,0,0,0,0,0,0,0,0,0,0,0,0,-1,-7,-1,-28,0,-27,1,-27,2,-27,3,-27,3,-27,4,-29,4,-29,5,-29,5,-29,5,-28,5,-27,5,-27,5,-26,5,-26,4,-25,4,-25,3,-24,2,-24,1,-24,1,-23,1,-23,0,-22,0,-21,0,-21,0,-21]"
CSI_DATA,36028,d8:b1:90:db:e8:90,-55,11,1,7,0,0,1,0,0,0,1,-95,0,8,0,564324790,0,100,0,128,1,"[100,-64,5,0,13,-14,12,-13,11,-13,10,-13,9,-12,8,-12,7,-12,7,-13,6,-13,6,-13,5,-13,4,-13,4,-14,4,-14,4,-14,4,-14,4,-15,4,-15,4,-14,4,-15,4,-15,4,-15,6,-15,7,-15,8,-15,2,-4,0,0,0,0,0,0,0,0,0,0,0,0,0,0,0,0,0,0,5,-5,22,-18,23,-16,24,-14,25,-12,26,-11,25,-11,25,-11,25,-11,26,-10,28,-9,28,-9,27,-9,26,-8,25,-8,25,-9,24,-10,23,-10,23,-11,22,-11,21,-12,20,-12,19,-13,19,-13,18,-12,17,-12,16,-13]"
CSI_DATA,36029,d8:b1:90:db:e8:90,-57,11,1,5,0,0,1,0,1,0,0,-95,0,8,0,564351214,0,100,0,128,1,"[100,-64,5,0,5,-7,3,-8,2,-9,1,-10,0,-11,0,-13,0,-14,0,-15,1,-16,1,-16,0,-15,1,-15,2,-13,3,-10,3,-8,3,-6,3,-5,3,-3,2,-2,2,-1,2,-1,2,-1,2,-2,3,-3,4,-4,1,-1,0,0,0,0,0,0,0,0,0,0,0,0,0,0,0,0,0,0,6,-3,24,-11,24,-10,23,-9,21,-9,18,-10,16,-12,13,-14,10,-18,8,-22,7,-26,5,-29,5,-32,5,-35,6,-36,7,-37,7,-36,8,-35,9,-33,10,-30,10,-27,11,-24,12,-21,12,-17,11,-14,11,-11,10,-10]"
CSI_DATA,36030,d8:b1:90:db:e8:90,-56,11,1,5,0,0,1,0,1,0,0,-95,0,8,0,564364544,0,100,0,128,1,"[100,-64,5,0,1,7,3,6,5,5,7,4,9,4,10,5,12,5,12,5,12,5,13,6,12,7,11,7,9,7,8,6,6,6,4,6,2,5,1,4,0,3,-1,3,-1,3,0,3,0,3,0,4,1,5,0,1,0,0,0,0,0,0,0,0,0,0,0,0,0,0,0,0,0,0,-3,6,-12,24,-13,22,-13,21,-11,20,-8,19,-4,18,0,18,5,18,10,20,14,21,18,23,20,25,22,27,23,28,23,29,23,30,21,30,19,29,17,29,14,27,11,25,8,23,6,21,3,18,1,16,0,14]"
CSI_DATA,36031,d8:b1:90:db:e8:90,-57,11,1,7,0,0,1,0,0,0,1,-95,0,8,0,564379532,0,100,0,128,1,"[100,-64,5,0,-14,-15,-13,-14,-13,-13,-13,-12,-13,-11,-13,-11,-13,-10,-13,-9,-13,-8,-13,-8,-13,-8,-13,-7,-13,-7,-13,-6,-13,-6,-13,-6,-13,-6,-13,-6,-13,-6,-14,-6,-14,-7,-14,-7,-14,-8,-14,-8,-14,-9,-4,-3,0,0,0,0,0,0,0,0,0,0,0,0,0,0,0,0,0,0,-5,-5,-18,-20,-17,-21,-16,-22,-15,-22,-14,-23,-14,-23,-14,-23,-14,-24,-14,-24,-13,-24,-13,-24,-13,-24,-13,-24,-13,-23,-13,-22,-13,-22,-13,-21,-13,-21,-13,-20,-13,-20,-14,-19,-14,-18,-14,-17,-14,-17,-14,-17,-14,-16]"
CSI_DATA,36032,d8:b1:90:db:e8:90,-56,11,1,7,0,0,1,0,0,0,1,-95,0,8,0,564398406,0,100,0,128,1,"[100,-64,5,0,-18,-9,-18,-8,-18,-7,-18,-6,-18,-5,-17,-5,-17,-4,-16,-3,-16,-2,-16,-1,-16,-1,-16,-1,-16,0,-16,1,-16,1,-16,1,-16,1,-16,1,-16,1,-16,1,-16,0,-16,0,-16,0,-17,0,-17,-1,-5,-1,0,0,0,0,0,0,0,0,0,0,0,0,0,0,0,0,0,0,-7,-3,-25,-10,-25,-11,-24,-12,-23,-14,-23,-14,-23,-15,-23,-15,-23,-16,-22,-16,-22,-17,-22,-18,-21,-18,-21,-18,-21,-18,-20,-17,-20,-16,-20,-16,-20,-15,-20,-14,-20,-13,-20,-13,-20,-12,-20,-12,-20,-11,-20,-11,-19,-10]"
CSI_DATA,36033,d8:b1:90:db:e8:90,-57,11,1,7,0,0,1,0,0,0,1,-95,0,8,0,564409773,0,100,0,128,1,"[100,-64,5,0,-18,4,-18,4,-17,4,-17,5,-16,5,-15,5,-15,6,-14,7,-13,8,-13,8,-12,8,-12,8,-12,9,-12,9,-12,10,-12,10,-12,11,-12,11,-12,10,-12,10,-11,10,-11,10,-12,10,-13,10,-14,10,-4,2,0,0,0,0,0,0,0,0,0,0,0,0,0,0,0,0,0,0,-7,2,-25,7,-25,6,-25,4,-26,4,-26,3,-26,2,-26,2,-26,2,-26,1,-27,0,-27,-1,-26,-1,-26,-1,-25,-1,-25,-1,-24,0,-24,0,-23,0,-23,1,-22,2,-22,2,-21,2,-21,2,-21,3,-20,3,-20,3]"
CSI_DATA,36034,d8:b1:90:db:e8:90,-57,11,1,7,0,0,1,0,0,0,1,-95,0,8,0,564430812,0,100,0,128,1,"[100,-64,5,0,-11,15,-11,14,-10,14,-9,14,-8,14,-8,14,-8,14,-9,14,-9,14,-8,13,-8,13,-7,13,-7,13,-7,13,-7,13,-7,14,-7,14,-7,14,-7,13,-7,14,-7,14,-7,14,-7,14,-8,14,-8,15,-2,3,0,0,0,0,0,0,0,0,0,0,0,0,0,0,0,0,0,0,-4,5,-15,21,-17,20,-18,19,-18,18,-18,17,-19,17,-20,17,-20,16,-20,16,-21,15,-20,15,-20,15,-20,14,-19,14,-19,14,-18,14,-17,14,-17,14,-16,14,-15,14,-14,15,-14,15,-13,16,-13,16,-12,16,-12,16]"
CSI_DATA,36035,d8:b1:90:db:e8:90,-56,11,1,7,0,0,1,0,0,0,1,-95,0,8,0,564443059,0,100,0,128,1,"[100,-64,5,0,-16,-12,-15,-12,-15,-11,-16,-11,-16,-11,-15,-10,-15,-9,-15,-8,-15,-7,-15,-7,-16,-6,-16,-6,-16,-5,-15,-4,-15,-4,-16,-4,-16,-4,-15,-4,-15,-4,-16,-4,-16,-5,-15,-6,-15,-6,-15,-6,-15,-7,-4,-2,0,0,0,0,0,0,0,0,0,0,0,0,0,0,0,0,0,0,-6,-4,-23,-16,-22,-17,-20,-18,-20,-19,-19,-20,-18,-20,-18,-20,-18,-20,-17,-21,-17,-21,-17,-21,-16,-21,-16,-21,-16,-21,-16,-21,-16,-20,-16,-19,-16,-19,-16,-18,-16,-17,-16,-16,-16,-16,-16,-16,-16,-15,-16,-15,-16,-14]"
CSI_DATA,36036,d8:b1:90:db:e8:90,-57,11,1,7,0,0,1,0,0,0,1,-95,0,8,0,564457564,0,100,0,128,1,"[100,-64,5,0,-19,3,-18,3,-18,3,-17,3,-17,4,-16,4,-16,4,-16,5,-16,6,-15,5,-15,5,-14,5,-14,5,-15,5,-15,5,-15,6,-15,6,-15,6,-15,6,-15,5,-15,5,-15,4,-15,4,-16,4,-16,3,-4,0,0,0,0,0,0,0,0,0,0,0,0,0,0,0,0,0,0,0,-7,0,-26,2,-26,1,-26,0,-26,-1,-26,-2,-26,-2,-26,-2,-26,-2,-26,-3,-26,-3,-26,-3,-26,-3,-25,-3,-25,-3,-24,-3,-24,-2,-23,-2,-23,-1,-22,-1,-22,0,-22,0,-21,1,-21,1,-21,1,-20,1,-20,2]"
CSI_DATA,36037,d8:b1:90:db:e8:90,-57,11,1,7,0,0,1,0,0,0,1,-95,0,8,0,564470134,0,100,0,128,1,"[100,-64,5,0,-4,-18,-5,-18,-5,-17,-5,-17,-5,-17,-5,-16,-6,-16,-6,-16,-6,-15,-7,-15,-7,-15,-7,-15,-7,-15,-7,-15,-7,-15,-8,-15,-8,-15,-7,-14,-7,-14,-7,-14,-7,-15,-7,-15,-7,-15,-6,-15,-6,-16,-2,-4,0,0,0,0,0,0,0,0,0,0,0,0,0,0,0,0,0,0,-1,-7,-4,-25,-3,-25,-2,-25,-1,-25,-1,-25,0,-25,0,-25,1,-25,1,-25,1,-25,1,-25,1,-25,1,-25,0,-24,0,-24,0,-23,0,-23,-1,-22,-1,-22,-2,-21,-2,-21,-2,-21,-3,-20,-3,-20,-3,-20,-3,-19]"
CSI_DATA,36038,d8:b1:90:db:e8:90,-57,11,1,7,0,0,1,0,0,0,1,-95,0,8,0,564481747,0,100,0,128,1,"[100,-64,5,0,-18,-6,-18,-6,-17,-5,-17,-4,-17,-3,-16,-3,-16,-2,-16,-2,-16,-1,-16,-1,-16,-1,-16,0,-16,1,-16,1,-16,1,-16,1,-16,2,-16,1,-16,1,-16,2,-16,1,-15,1,-16,1,-17,1,-17,1,-5,0,0,0,0,0,0,0,0,0,0,0,0,0,0,0,0,0,0,0,-7,-2,-25,-5,-25,-7,-25,-8,-25,-9,-24,-10,-24,-11,-23,-11,-23,-12,-23,-12,-23,-12,-23,-12,-23,-12,-22,-12,-22,-12,-21,-12,-21,-11,-20,-10,-20,-10,-20,-9,-20,-8,-20,-8,-20,-8,-20,-7,-19,-7,-19,-6,-20,-6]"
CSI_DATA,36039,d8:b1:90:db:e8:90,-57,11,1,7,0,0,1,0,0,0,1,-95,0,8,0,564492458,0,100,0,128,1,"[100,-64,5,0,-4,18,-4,18,-4,17,-3,17,-2,17,-2,16,-2,16,-2,17,-2,17,-2,16,-1,17,0,17,0,17,-1,17,-1,17,-1,17,-1,17,-1,17,-2,17,-1,17,-1,18,-2,18,-2,18,-3,18,-4,18,-1,4,0,0,0,0,0,0,0,0,0,0,0,0,0,0,0,0,0,0,-2,6,-6,27,-7,26,-8,26,-9,26,-10,26,-11,26,-11,25,-11,25,-12,24,-12,24,-12,24,-12,23,-12,23,-11,23,-11,22,-10,22,-10,22,-9,21,-8,21,-7,21,-6,20,-6,20,-6,20,-6,20,-5,20,-5,20]"
CSI_DATA,36040,d8:b1:90:db:e8:90,-57,11,1,7,0,0,1,0,0,0,1,-95,0,8,0,564503298,0,100,0,128,1,"[100,-64,5,0,-14,-12,-14,-11,-13,-11,-13,-10,-13,-10,-13,-9,-13,-9,-13,-8,-13,-8,-13,-8,-14,-8,-14,-8,-14,-8,-14,-8,-14,-8,-14,-8,-14,-7,-14,-7,-14,-8,-14,-8,-14,-9,-14,-9,-14,-9,-14,-9,-14,-10,-4,-3,0,0,0,0,0,0,0,0,0,0,0,0,0,0,0,0,0,0,-5,-5,-19,-17,-18,-18,-17,-19,-17,-19,-17,-19,-16,-19,-16,-20,-16,-20,-15,-21,-15,-21,-14,-21,-14,-20,-14,-20,-14,-20,-14,-19,-14,-18,-14,-17,-14,-17,-14,-16,-15,-15,-15,-15,-15,-14,-15,-14,-15,-13,-15,-13,-15,-12]"
CSI_DATA,36041,d8:b1:90:db:e8:90,-57,11,1,7,0,0,1,0,0,0,1,-95,0,8,0,564533903,0,100,0,128,1,"[100,-64,5,0,-16,0,-15,0,-15,0,-15,0,-15,1,-14,1,-13,1,-14,1,-14,2,-13,2,-14,2,-14,2,-14,2,-14,3,-14,3,-14,3,-14,3,-14,3,-14,3,-15,3,-15,3,-15,2,-15,3,-16,3,-17,2,-5,0,0,0,0,0,0,0,0,0,0,0,0,0,0,0,0,0,0,0,-7,-1,-26,-3,-25,-5,-25,-6,-25,-6,-25,-7,-25,-8,-24,-7,-24,-7,-24,-8,-24,-9,-23,-10,-23,-9,-23,-8,-23,-8,-22,-7,-21,-6,-21,-6,-21,-5,-20,-4,-19,-4,-19,-3,-19,-2,-19,-2,-19,-1,-18,-1,-18,0]"
CSI_DATA,36042,d8:b1:90:db:e8:90,-58,11,1,7,0,0,1,0,0,0,1,-95,0,8,0,564546860,0,100,0,128,1,"[100,-64,5,0,-17,3,-16,3,-16,3,-15,3,-15,3,-14,3,-14,3,-14,4,-14,5,-14,5,-14,4,-15,5,-15,5,-15,5,-15,6,-15,6,-16,6,-16,6,-16,6,-17,6,-17,6,-17,5,-18,5,-18,5,-19,5,-5,1,0,0,0,0,0,0,0,0,0,0,0,0,0,0,0,0,0,0,-7,0,-27,2,-27,1,-27,0,-27,-1,-27,-1,-27,-2,-28,-2,-29,-3,-29,-3,-28,-4,-26,-4,-25,-3,-25,-3,-25,-3,-24,-3,-24,-2,-24,-1,-23,-1,-22,-1,-21,0,-21,0,-20,1,-20,1,-19,2,-18,2,-18,2]"
CSI_DATA,36043,d8:b1:90:db:e8:90,-58,11,1,7,0,0,1,0,0,0,1,-95,0,8,0,564558967,0,100,0,128,1,"[100,-64,5,0,14,-8,13,-8,12,-8,12,-9,11,-9,11,-9,10,-9,10,-10,10,-10,10,-10,9,-10,9,-11,10,-12,10,-12,11,-12,11,-11,11,-11,11,-11,12,-11,12,-12,12,-12,12,-11,13,-11,14,-11,14,-10,3,-3,0,0,0,0,0,0,0,0,0,0,0,0,0,0,0,0,0,0,6,-3,26,-9,26,-8,26,-7,26,-6,27,-5,27,-4,27,-5,27,-5,27,-4,27,-3,26,-3,26,-3,25,-3,24,-4,24,-4,23,-4,22,-5,21,-5,21,-6,20,-6,19,-7,19,-7,18,-7,17,-7,16,-8,16,-8]"
CSI_DATA,36044,d8:b1:90:db:e8:90,-58,11,1,7,0,0,1,0,0,0,1,-95,0,8,0,564569278,0,100,0,128,1,"[100,-64,5,0,-12,-11,-12,-11,-12,-10,-12,-9,-12,-9,-12,-8,-12,-8,-12,-7,-12,-7,-12,-7,-13,-7,-14,-7,-14,-7,-15,-7,-15,-7,-14,-8,-14,-8,-15,-7,-15,-8,-16,-8,-16,-9,-16,-10,-16,-10,-16,-10,-16,-11,-4,-3,0,0,0,0,0,0,0,0,0,0,0,0,0,0,0,0,0,0,-5,-6,-17,-22,-16,-23,-15,-23,-15,-24,-15,-24,-14,-24,-14,-24,-14,-24,-13,-24,-13,-24,-13,-23,-13,-23,-13,-22,-13,-22,-12,-21,-12,-20,-12,-19,-12,-19,-13,-18,-13,-17,-13,-16,-13,-15,-13,-14,-13,-13,-13,-13,-12,-12]"
CSI_DATA,36045,d8:b1:90:db:e8:90,-58,11,1,7,0,0,1,0,0,0,1,-95,0,8,0,564580454,0,100,0,128,1,"[100,-64,5,0,0,16,0,15,0,14,1,14,1,13,2,13,2,13,2,13,2,13,2,13,3,13,4,13,4,13,3,13,3,13,4,14,3,14,3,14,3,14,3,15,4,15,4,15,3,16,2,16,1,17,0,4,0,0,0,0,0,0,0,0,0,0,0,0,0,0,0,0,0,0,-1,7,-3,28,-4,28,-6,27,-6,26,-7,26,-7,26,-8,27,-8,27,-9,26,-9,26,-9,26,-8,26,-8,25,-8,25,-7,24,-7,24,-6,23,-5,22,-4,22,-4,21,-3,21,-2,20,-2,20,-1,19,-1,18,-1,18]"
CSI_DATA,36046,d8:b1:90:db:e8:90,-58,11,1,7,0,0,1,0,0,0,1,-95,0,8,0,564592676,0,100,0,128,1,"[100,-64,5,0,12,-7,12,-7,11,-8,11,-8,10,-7,10,-7,10,-8,10,-8,10,-8,10,-8,9,-8,10,-9,10,-9,10,-10,11,-10,11,-11,11,-11,12,-11,12,-11,12,-11,12,-11,12,-11,13,-11,15,-11,16,-10,4,-3,0,0,0,0,0,0,0,0,0,0,0,0,0,0,0,0,0,0,6,-3,27,-10,26,-8,26,-7,26,-6,26,-5,27,-5,27,-5,27,-4,26,-4,26,-4,26,-4,26,-4,25,-5,24,-5,24,-5,23,-5,22,-5,21,-6,20,-6,19,-7,19,-7,18,-8,17,-8,16,-8,16,-8,15,-8]"
CSI_DATA,36047,d8:b1:90:db:e8:90,-58,11,1,7,0,0,1,0,0,0,1,-95,0,8,0,564603450,0,100,0,128,1,"[100,-64,5,0,-16,2,-15,2,-14,2,-13,3,-13,3,-12,3,-12,4,-12,5,-12,5,-12,5,-12,5,-12,6,-13,7,-13,7,-13,8,-14,8,-14,8,-15,8,-15,8,-15,8,-16,8,-16,7,-16,7,-17,7,-17,7,-5,1,0,0,0,0,0,0,0,0,0,0,0,0,0,0,0,0,0,0,-8,-1,-29,-2,-29,-3,-28,-4,-28,-5,-28,-6,-28,-6,-28,-6,-28,-7,-28,-7,-28,-8,-27,-8,-27,-7,-26,-7,-26,-7,-25,-6,-24,-5,-24,-4,-23,-4,-22,-3,-21,-2,-20,-2,-20,-1,-19,0,-19,0,-18,1,-17,1]"
CSI_DATA,36048,d8:b1:90:db:e8:90,-58,11,1,7,0,0,1,0,0,0,1,-95,0,8,0,564613476,0,100,0,128,1,"[100,-64,5,0,-3,14,-2,14,-2,13,-1,13,-1,13,0,12,0,12,0,13,0,13,1,12,2,13,2,13,3,14,2,14,2,15,2,15,2,16,2,16,1,16,1,17,2,17,1,17,1,18,0,18,-1,18,-1,4,0,0,0,0,0,0,0,0,0,0,0,0,0,0,0,0,0,0,-3,6,-10,26,-11,25,-12,25,-13,25,-13,24,-14,24,-14,25,-15,24,-15,24,-15,24,-15,23,-14,23,-14,22,-13,22,-13,21,-12,21,-12,20,-11,20,-9,19,-8,19,-7,18,-7,18,-6,17,-5,17,-4,17,-4,16]"
CSI_DATA,36049,d8:b1:90:db:e8:90,-57,11,1,7,0,0,1,0,0,0,1,-95,0,8,0,564641808,0,100,0,128,1,"[100,-64,5,0,-1,17,0,16,1,16,2,15,3,15,3,14,4,14,4,14,4,14,4,13,5,14,6,14,6,15,6,15,6,15,6,16,6,16,6,16,6,16,6,17,6,18,6,18,5,18,3,19,2,19,0,4,0,0,0,0,0,0,0,0,0,0,0,0,0,0,0,0,0,0,-1,7,-4,28,-5,28,-6,27,-7,27,-8,27,-8,27,-9,27,-9,27,-10,27,-10,27,-11,27,-11,26,-11,26,-10,26,-10,25,-9,24,-9,23,-8,23,-7,23,-6,22,-5,22,-5,22,-4,21,-3,20,-3,20,-2,19]"
CSI_DATA,36050,d8:b1:90:db:e8:90,-56,11,1,7,0,0,1,0,0,0,1,-95,0,8,0,564655969,0,100,0,128,1,"[100,-64,5,0,-15,-10,-15,-10,-14,-9,-14,-8,-14,-7,-14,-6,-14,-5,-15,-4,-15,-4,-15,-4,-16,-4,-16,-3,-17,-3,-17,-2,-17,-2,-18,-2,-18,-2,-18,-2,-18,-2,-19,-2,-19,-2,-19,-3,-19,-4,-19,-4,-19,-5,-5,-2,0,0,0,0,0,0,0,0,0,0,0,0,0,0,0,0,0,0,-6,-5,-21,-17,-21,-18,-20,-19,-19,-20,-18,-21,-18,-22,-18,-22,-17,-22,-17,-22,-16,-23,-16,-22,-16,-22,-16,-22,-15,-21,-15,-21,-15,-20,-15,-19,-15,-19,-15,-18,-16,-17,-16,-16,-16,-15,-16,-14,-15,-14,-15,-13,-16,-13]"
CSI_DATA,36051,d8:b1:90:db:e8:90,-57,11,1,7,0,0,1,0,0,0,1,-95,0,8,0,564668091,0,100,0,128,1,"[100,-64,5,0,-18,-1,-18,0,-17,1,-17,2,-17,2,-16,3,-16,3,-16,3,-16,4,-16,4,-16,4,-16,6,-16,7,-16,7,-16,8,-16,8,-17,9,-17,9,-17,8,-18,9,-18,8,-18,8,-18,8,-19,7,-20,7,-5,1,0,0,0,0,0,0,0,0,0,0,0,0,0,0,0,0,0,0,-7,0,-26,-1,-26,-2,-26,-3,-26,-4,-26,-5,-26,-5,-26,-6,-26,-6,-26,-7,-26,-7,-25,-7,-25,-7,-25,-7,-24,-7,-24,-7,-23,-6,-23,-6,-22,-5,-22,-5,-21,-4,-21,-4,-20,-3,-20,-3,-20,-3,-20,-2,-19,-1]"
CSI_DATA,36052,d8:b1:90:db:e8:90,-54,11,1,7,0,0,1,0,0,0,1,-95,0,8,0,564680246,0,100,0,128,1,"[100,-64,5,0,1,20,1,19,2,19,3,19,4,18,5,17,5,17,5,17,5,17,6,17,7,17,8,16,9,16,9,16,9,16,10,16,10,16,9,16,9,16,10,17,10,17,10,18,9,18,8,18,7,19,1,4,0,0,0,0,0,0,0,0,0,0,0,0,0,0,0,0,0,0,0,7,3,28,1,28,-1,28,-2,28,-3,28,-4,28,-4,28,-4,28,-5,28,-6,28,-6,28,-6,28,-6,27,-6,27,-5,26,-5,26,-5,25,-5,24,-4,24,-3,24,-2,23,-2,23,-2,23,-1,22,-1,22,0,21]"
CSI_DATA,36053,d8:b1:90:db:e8:90,-56,11,1,7,0,0,1,0,0,0,1,-95,0,8,0,564690924,0,100,0,128,1,"[100,-64,5,0,10,14,10,14,11,13,11,11,12,11,12,10,12,9,13,9,13,9,13,9,14,9,14,9,15,9,15,9,16,9,16,9,17,9,16,10,16,10,17,10,17,11,17,11,17,12,16,12,16,13,4,3,0,0,0,0,0,0,0,0,0,0,0,0,0,0,0,0,0,0,3,5,13,22,12,22,11,23,10,23,9,24,9,24,9,24,9,24,8,25,8,25,7,24,7,24,7,23,7,23,7,22,7,22,7,21,8,20,8,19,9,18,9,18,10,17,10,17,10,17,10,16,10,15]"
CSI_DATA,36054,d8:b1:90:db:e8:90,-55,11,1,7,0,0,1,0,0,0,1,-95,0,8,0,564703439,0,100,0,128,1,"[100,-64,5,0,13,-16,12,-16,11,-16,10,-16,9,-16,8,-16,7,-16,7,-16,7,-17,7,-17,6,-17,6,-17,6,-17,6,-18,6,-18,6,-19,7,-19,7,-19,7,-19,7,-19,7,-19,7,-18,7,-18,9,-18,9,-18,2,-5,0,0,0,0,0,0,0,0,0,0,0,0,0,0,0,0,0,0,5,-6,21,-21,21,-19,22,-18,23,-18,24,-17,24,-16,24,-17,25,-17,25,-16,25,-15,25,-15,25,-14,24,-14,24,-14,23,-13,23,-14,22,-14,21,-14,19,-15,18,-15,17,-15,17,-16,17,-16,16,-16,16,-16,16,-16]"
CSI_DATA,36055,d8:b1:90:db:e8:90,-55,11,1,7,0,0,1,0,0,0,1,-95,0,8,0,564716184,0,100,0,128,1,"[100,-64,5,0,19,2,19,1,18,0,18,-1,17,-1,16,-2,16,-2,16,-3,16,-4,16,-4,16,-4,16,-4,16,-4,17,-4,17,-5,17,-5,18,-5,18,-5,18,-5,18,-5,18,-4,18,-4,18,-3,19,-3,19,-2,5,-1,0,0,0,0,0,0,0,0,0,0,0,0,0,0,0,0,0,0,6,0,27,3,27,4,26,5,26,6,26,7,26,8,26,9,26,9,26,10,26,10,26,10,25,10,25,10,24,10,24,10,23,9,23,9,22,8,22,6,22,6,21,5,21,5,21,4,21,4,21,3,20,3]"
CSI_DATA,36056,d8:b1:90:db:e8:90,-57,11,1,7,0,0,1,0,0,0,1,-95,0,8,0,564742958,0,100,0,128,1,"[100,-64,5,0,14,-8,13,-8,12,-8,12,-9,12,-9,11,-9,10,-9,10,-10,9,-10,9,-10,8,-10,8,-11,7,-12,8,-12,8,-12,8,-12,8,-12,8,-12,9,-12,9,-12,9,-11,9,-11,9,-11,8,-10,8,-10,2,-3,0,0,0,0,0,0,0,0,0,0,0,0,0,0,0,0,0,0,5,-4,21,-15,22,-14,23,-13,22,-11,22,-10,22,-10,22,-11,23,-11,24,-10,24,-10,23,-10,23,-9,23,-8,23,-7,22,-8,22,-9,21,-9,20,-9,19,-9,18,-9,17,-9,17,-10,17,-10,16,-9,16,-9,16,-10]"
CSI_DATA,36057,d8:b1:90:db:e8:90,-57,11,1,7,0,0,1,0,0,0,1,-95,0,8,0,564755279,0,100,0,128,1,"[100,-64,5,0,4,15,4,14,4,13,4,13,5,12,5,12,5,11,4,11,4,10,4,10,5,10,6,10,6,10,6,10,6,10,6,10,6,11,6,11,6,11,6,11,6,11,6,12,6,12,5,12,4,12,1,3,0,0,0,0,0,0,0,0,0,0,0,0,0,0,0,0,0,0,1,5,4,24,3,24,2,24,1,23,-1,23,-1,25,-1,25,0,24,-1,24,-1,24,-1,24,-1,24,-2,23,-2,22,-2,22,-2,21,-1,21,0,20,1,20,1,19,1,19,2,18,2,18,3,17,3,17,3,16]"
CSI_DATA,36058,d8:b1:90:db:e8:90,-58,11,1,7,0,0,1,0,0,0,1,-95,0,8,0,564766577,0,100,0,128,1,"[100,-64,5,0,2,16,2,15,3,14,3,13,4,13,4,12,4,12,3,12,3,12,4,11,5,12,6,12,6,12,6,12,6,12,7,13,7,13,6,13,6,13,7,13,7,14,7,14,7,14,6,14,5,15,1,3,0,0,0,0,0,0,0,0,0,0,0,0,0,0,0,0,0,0,0,6,0,27,-1,27,-3,27,-5,27,-5,27,-6,27,-5,27,-6,26,-6,26,-6,26,-6,26,-6,25,-5,25,-5,24,-5,23,-4,22,-4,22,-3,21,-2,21,-1,20,-1,19,0,19,1,18,1,18,1,17,1,17]"
CSI_DATA,36059,d8:b1:90:db:e8:90,-58,11,1,7,0,0,1,0,0,0,1,-95,0,8,0,564778119,0,100,0,128,1,"[100,-64,5,0,15,3,15,3,14,2,14,2,14,1,14,0,14,0,14,-2,14,-3,14,-3,14,-3,14,-3,14,-4,15,-4,15,-4,15,-4,15,-5,15,-5,15,-5,16,-5,16,-4,16,-4,16,-3,17,-3,18,-3,4,-1,0,0,0,0,0,0,0,0,0,0,0,0,0,0,0,0,0,0,6,2,27,11,26,12,25,13,24,13,24,14,24,15,23,15,23,15,23,16,22,16,22,15,21,15,21,15,20,15,20,14,19,13,19,12,19,12,18,11,18,10,17,9,17,8,17,7,17,6,17,6,17,5]"
CSI_DATA,36060,d8:b1:90:db:e8:90,-58,11,1,7,0,0,1,0,0,0,1,-95,0,8,0,564788996,0,100,0,128,1,"[100,-64,5,0,-14,8,-13,8,-13,8,-12,9,-12,9,-11,9,-11,9,-11,11,-10,11,-10,11,-10,12,-10,12,-10,13,-10,13,-10,13,-9,14,-9,14,-10,14,-10,14,-10,14,-10,14,-10,14,-10,15,-11,15,-13,15,-4,3,0,0,0,0,0,0,0,0,0,0,0,0,0,0,0,0,0,0,-7,3,-27,11,-27,10,-28,9,-28,8,-28,7,-28,7,-28,7,-28,7,-28,6,-27,6,-27,5,-26,5,-25,5,-25,5,-24,5,-23,5,-22,5,-21,5,-20,5,-19,6,-18,6,-18,6,-17,7,-16,7,-16,8,-16,8]"
CSI_DATA,36061,d8:b1:90:db:e8:90,-57,11,1,7,0,0,1,0,0,0,1,-95,0,8,0,564804294,0,100,0,128,1,"[100,-64,5,0,-1,15,-1,15,-1,14,0,14,1,14,1,14,2,14,2,14,1,14,2,14,3,14,3,15,3,15,3,15,3,16,4,16,3,16,3,16,3,16,3,16,3,16,3,17,2,17,1,17,1,17,0,4,0,0,0,0,0,0,0,0,0,0,0,0,0,0,0,0,0,0,-2,6,-6,26,-7,25,-8,25,-9,24,-10,24,-11,24,-11,25,-11,25,-11,25,-12,24,-11,23,-11,22,-11,21,-10,21,-9,21,-9,20,-8,20,-8,19,-7,18,-6,18,-5,17,-4,17,-4,17,-3,17,-3,16,-2,16]"
CSI_DATA,36062,d8:b1:90:db:e8:90,-57,11,1,7,0,0,1,0,0,0,1,-95,0,8,0,564819536,0,100,0,128,1,"[100,-64,5,0,-13,-7,-13,-6,-13,-5,-13,-4,-13,-4,-13,-3,-13,-2,-13,-2,-13,-1,-14,-1,-14,-1,-15,0,-15,0,-15,1,-16,1,-17,1,-17,1,-17,1,-17,1,-17,0,-17,0,-17,-1,-17,-1,-18,-1,-19,-1,-5,-1,0,0,0,0,0,0,0,0,0,0,0,0,0,0,0,0,0,0,-6,-5,-21,-18,-20,-19,-19,-20,-18,-20,-18,-21,-17,-21,-17,-21,-17,-21,-17,-21,-16,-21,-16,-20,-16,-20,-15,-19,-15,-19,-14,-18,-14,-17,-14,-16,-14,-16,-14,-15,-13,-14,-13,-13,-13,-12,-13,-11,-13,-11,-13,-10,-13,-9]"
CSI_DATA,36063,d8:b1:90:db:e8:90,-56,11,1,7,0,0,1,0,0,0,1,-95,0,8,0,564843376,0,100,0,128,1,"[100,-64,5,0,7,13,7,12,8,11,9,10,10,9,10,9,10,8,10,8,9,7,10,8,11,8,12,8,12,8,12,8,13,8,13,9,13,9,13,9,13,9,13,9,14,10,13,11,13,11,13,12,13,12,3,3,0,0,0,0,0,0,0,0,0,0,0,0,0,0,0,0,0,0,2,7,8,28,7,28,5,28,4,29,3,29,3,29,3,29,3,29,2,29,2,29,2,28,2,27,2,27,2,26,2,25,2,24,3,23,3,22,3,21,4,20,4,20,5,19,5,17,5,17,6,16,6,15]"
CSI_DATA,36064,d8:b1:90:db:e8:90,-56,11,1,7,0,0,1,0,0,0,1,-95,0,8,0,564856282,0,100,0,128,1,"[100,-64,5,0,-1,-17,-1,-17,-1,-16,-2,-16,-3,-16,-3,-15,-3,-15,-3,-15,-4,-15,-4,-15,-5,-15,-6,-15,-6,-15,-6,-15,-6,-15,-7,-16,-7,-17,-6,-17,-6,-16,-5,-17,-5,-18,-5,-18,-5,-17,-5,-18,-4,-18,-1,-5,0,0,0,0,0,0,0,0,0,0,0,0,0,0,0,0,0,0,1,-8,5,-30,7,-30,9,-29,10,-29,11,-28,12,-28,12,-28,13,-28,13,-28,14,-27,14,-27,14,-26,14,-26,13,-25,12,-24,11,-24,10,-23,9,-23,7,-23,6,-22,5,-22,4,-21,4,-21,3,-20,2,-20,2,-19]"
CSI_DATA,36065,d8:b1:90:db:e8:90,-56,11,1,7,0,0,1,0,0,0,1,-95,0,8,0,564866344,0,100,0,128,1,"[100,-64,5,0,-17,-7,-16,-6,-16,-6,-16,-5,-16,-5,-16,-4,-16,-3,-15,-2,-15,-2,-15,-2,-16,-2,-16,-2,-17,-1,-17,0,-17,0,-18,0,-18,0,-18,0,-18,0,-19,0,-19,-1,-19,-2,-19,-2,-19,-2,-19,-3,-5,-1,0,0,0,0,0,0,0,0,0,0,0,0,0,0,0,0,0,0,-7,-4,-26,-16,-25,-17,-23,-19,-22,-20,-22,-20,-22,-21,-21,-21,-21,-22,-21,-22,-20,-22,-19,-22,-19,-22,-18,-22,-18,-21,-18,-20,-18,-19,-18,-18,-18,-16,-18,-15,-19,-14,-19,-13,-18,-12,-18,-11,-18,-11,-17,-10,-17,-9]"
CSI_DATA,36066,d8:b1:90:db:e8:90,-55,11,1,7,0,0,1,0,0,0,1,-95,0,8,0,564876490,0,100,0,128,1,"[100,-64,5,0,-6,-20,-6,-19,-6,-18,-7,-18,-7,-17,-8,-16,-8,-16,-9,-15,-10,-14,-10,-14,-11,-14,-12,-14,-12,-14,-12,-13,-12,-14,-12,-14,-12,-14,-12,-14,-12,-14,-12,-14,-12,-14,-12,-15,-12,-15,-12,-15,-11,-16,-3,-4,0,0,0,0,0,0,0,0,0,0,0,0,0,0,0,0,0,0,-2,-8,-7,-31,-5,-31,-3,-31,-2,-31,-1,-31,-1,-31,0,-31,1,-31,1,-31,2,-31,2,-31,2,-31,2,-31,2,-30,2,-29,1,-28,1,-27,0,-27,0,-26,-1,-26,-1,-25,-2,-24,-3,-23,-4,-22,-4,-22,-4,-21]"
CSI_DATA,36067,d8:b1:90:db:e8:90,-55,11,1,7,0,0,1,0,0,0,1,-95,0,8,0,564889694,0,100,0,128,1,"[100,-64,5,0,-19,-9,-18,-9,-18,-8,-19,-7,-19,-7,-18,-6,-18,-5,-18,-4,-18,-3,-17,-3,-18,-3,-19,-2,-19,-1,-19,-1,-19,-1,-19,0,-20,0,-20,0,-20,0,-20,0,-19,-1,-19,-1,-19,-2,-20,-2,-20,-2,-5,-1,0,0,0,0,0,0,0,0,0,0,0,0,0,0,0,0,0,0,-7,-4,-26,-14,-25,-15,-24,-16,-24,-17,-23,-18,-23,-19,-23,-19,-22,-20,-22,-20,-21,-21,-21,-21,-20,-21,-20,-21,-20,-20,-19,-19,-19,-18,-19,-18,-19,-18,-19,-17,-20,-16,-20,-16,-20,-15,-20,-13,-20,-13,-20,-12,-19,-11]"
CSI_DATA,36068,d8:b1:90:db:e8:90,-54,11,1,7,0,0,1,0,0,0,1,-95,0,8,0,564900380,0,100,0,128,1,"[100,-64,5,0,-16,-14,-16,-13,-16,-12,-16,-12,-16,-11,-16,-10,-16,-9,-16,-9,-16,-8,-16,-7,-17,-7,-17,-6,-17,-6,-17,-5,-18,-5,-18,-5,-18,-4,-17,-4,-17,-4,-17,-5,-17,-5,-17,-5,-17,-6,-17,-6,-17,-7,-5,-2,0,0,0,0,0,0,0,0,0,0,0,0,0,0,0,0,0,0,-6,-4,-22,-16,-21,-18,-19,-19,-19,-19,-18,-20,-18,-21,-17,-22,-17,-22,-17,-22,-16,-23,-15,-23,-15,-23,-15,-23,-15,-23,-14,-22,-14,-22,-14,-21,-14,-21,-14,-21,-15,-20,-15,-19,-15,-19,-16,-18,-16,-17,-16,-17,-16,-16]"
CSI_DATA,36069,d8:b1:90:db:e8:90,-56,11,1,7,0,0,1,0,0,0,1,-95,0,8,0,564917582,0,100,0,128,1,"[100,-64,5,0,3,19,4,19,4,18,6,17,6,17,7,16,7,16,7,15,7,15,8,14,8,15,9,15,10,15,9,14,9,14,10,15,10,15,10,14,10,14,10,15,10,15,10,15,9,15,9,16,9,17,2,4,0,0,0,0,0,0,0,0,0,0,0,0,0,0,0,0,0,0,1,5,6,23,4,24,3,24,2,24,1,25,1,25,0,25,0,26,-1,26,-1,26,-2,26,-2,25,-2,25,-2,25,-2,24,-1,23,-1,23,-1,22,0,22,1,21,1,21,1,21,1,21,2,20,2,20,3,20]"
CSI_DATA,36070,d8:b1:90:db:e8:90,-55,11,1,7,0,0,1,0,0,0,1,-95,0,8,0,564943871,0,100,0,128,1,"[100,-64,5,0,-16,-14,-16,-13,-16,-12,-16,-11,-16,-10,-16,-10,-16,-9,-17,-8,-17,-7,-17,-7,-18,-7,-18,-6,-19,-6,-19,-5,-19,-5,-19,-5,-19,-4,-19,-4,-19,-4,-20,-4,-20,-4,-19,-5,-20,-5,-21,-5,-21,-6,-6,-2,0,0,0,0,0,0,0,0,0,0,0,0,0,0,0,0,0,0,-6,-4,-22,-15,-22,-17,-21,-18,-20,-19,-19,-19,-19,-20,-19,-20,-19,-20,-19,-21,-18,-21,-18,-22,-17,-21,-16,-21,-16,-21,-16,-20,-16,-20,-16,-19,-16,-18,-16,-17,-16,-16,-16,-16,-16,-16,-16,-15,-15,-15,-16,-15,-16,-15]"
CSI_DATA,36071,d8:b1:90:db:e8:90,-57,11,1,7,0,0,1,0,0,0,1,-95,0,8,0,564954558,0,100,0,128,1,"[100,-64,5,0,-3,-18,-3,-18,-4,-17,-4,-17,-5,-17,-5,-17,-6,-16,-7,-16,-7,-16,-8,-16,-9,-16,-9,-16,-9,-16,-9,-15,-9,-15,-9,-16,-9,-16,-9,-16,-9,-16,-9,-16,-9,-17,-9,-17,-9,-17,-8,-18,-8,-18,-2,-5,0,0,0,0,0,0,0,0,0,0,0,0,0,0,0,0,0,0,-2,-6,-6,-24,-5,-24,-3,-24,-2,-24,-1,-25,-1,-25,0,-25,0,-25,0,-25,1,-25,1,-25,1,-25,1,-25,1,-24,1,-23,1,-22,1,-22,1,-22,0,-22,0,-21,-1,-21,-1,-21,-2,-21,-2,-20,-3,-20,-2,-20]"
CSI_DATA,36072,d8:b1:90:db:e8:90,-57,11,1,7,0,0,1,0,0,0,1,-95,0,8,0,564969383,0,100,0,128,1,"[100,-64,5,0,-19,-4,-18,-4,-18,-3,-18,-3,-18,-2,-18,-2,-18,-1,-18,0,-18,1,-18,1,-19,2,-19,2,-19,3,-19,4,-19,4,-19,5,-20,5,-20,5,-20,5,-20,5,-20,5,-20,4,-20,4,-21,4,-21,3,-6,0,0,0,0,0,0,0,0,0,0,0,0,0,0,0,0,0,0,0,-7,-1,-28,-5,-27,-6,-27,-8,-26,-9,-26,-10,-26,-10,-26,-11,-26,-11,-25,-11,-25,-12,-24,-12,-24,-13,-23,-13,-23,-12,-22,-12,-22,-12,-22,-11,-21,-10,-21,-9,-20,-8,-20,-7,-20,-7,-20,-7,-21,-6,-20,-6,-20,-6]"
CSI_DATA,36073,d8:b1:90:db:e8:90,-57,11,1,7,0,0,1,0,0,0,1,-95,0,8,0,564981040,0,100,0,128,1,"[100,-64,5,0,-19,3,-18,3,-17,3,-17,4,-17,4,-16,4,-16,5,-16,6,-16,7,-16,7,-16,7,-16,8,-16,9,-16,9,-17,9,-17,10,-17,10,-17,10,-17,10,-17,10,-17,9,-17,9,-18,9,-18,9,-19,8,-5,2,0,0,0,0,0,0,0,0,0,0,0,0,0,0,0,0,0,0,-8,0,-29,2,-29,1,-28,-1,-28,-2,-28,-3,-28,-3,-28,-4,-28,-4,-28,-5,-28,-5,-27,-5,-26,-5,-26,-5,-25,-5,-25,-4,-24,-4,-24,-3,-23,-3,-23,-2,-22,-2,-22,-2,-21,-1,-21,0,-21,0,-20,1,-20,2]"
CSI_DATA,36074,d8:b1:90:db:e8:90,-57,11,1,7,0,0,1,0,0,0,1,-95,0,8,0,564993759,0,100,0,128,1,"[100,-64,5,0,10,-11,8,-12,7,-13,7,-15,7,-16,8,-16,9,-16,10,-16,10,-15,8,-14,6,-14,4,-15,3,-16,3,-18,4,-19,4,-20,6,-21,7,-20,8,-19,7,-18,6,-17,4,-17,3,-18,4,-19,5,-20,1,-6,0,0,0,0,0,0,0,0,0,0,0,0,0,0,0,0,0,0,5,-5,23,-18,23,-16,23,-14,23,-13,23,-12,24,-13,24,-13,24,-13,24,-12,24,-12,23,-12,23,-12,22,-12,22,-12,21,-12,21,-11,20,-11,19,-11,17,-11,16,-11,14,-12,14,-13,14,-14,15,-14,16,-14,16,-13]"
CSI_DATA,36075,d8:b1:90:db:e8:90,-57,11,1,7,0,0,1,0,0,0,1,-95,0,8,0,565009056,0,100,0,128,1,"[100,-64,5,0,-7,-16,-7,-15,-7,-15,-8,-15,-8,-15,-8,-14,-8,-14,-9,-14,-9,-14,-10,-13,-11,-14,-12,-14,-12,-14,-12,-14,-12,-14,-13,-14,-13,-14,-13,-14,-13,-14,-13,-14,-14,-15,-14,-15,-13,-15,-13,-15,-12,-16,-3,-4,0,0,0,0,0,0,0,0,0,0,0,0,0,0,0,0,0,0,-3,-7,-11,-26,-10,-27,-8,-28,-7,-28,-6,-28,-5,-28,-5,-28,-5,-28,-4,-28,-4,-28,-4,-27,-4,-26,-4,-25,-4,-25,-4,-24,-4,-23,-4,-22,-5,-22,-5,-21,-6,-20,-6,-19,-6,-19,-7,-18,-7,-17,-7,-17,-7,-17]"
CSI_DATA,36076,d8:b1:90:db:e8:90,-58,11,1,5,0,0,1,0,1,0,0,-95,0,8,0,565052429,0,100,0,128,1,"[100,-64,5,0,13,-5,13,-7,13,-9,13,-10,13,-11,13,-12,13,-12,13,-12,12,-11,11,-9,9,-7,8,-5,6,-2,4,0,2,3,0,5,-2,7,-4,8,-5,8,-6,9,-6,8,-6,8,-5,6,-3,4,-2,2,-1,0,0,0,0,0,0,0,0,0,0,0,0,0,0,0,0,0,0,0,4,5,15,23,13,23,11,21,9,19,10,16,10,12,12,7,14,3,17,-2,20,-5,24,-8,27,-10,29,-11,31,-12,32,-11,33,-10,32,-9,32,-7,30,-5,29,-4,26,-2,24,-1,22,0,20,0,18,0,16,0]"
CSI_DATA,36077,d8:b1:90:db:e8:90,-57,11,1,7,0,0,1,0,0,0,1,-95,0,8,0,565064932,0,100,0,128,1,"[100,-64,5,0,-16,-5,-16,-5,-16,-4,-16,-4,-16,-3,-16,-3,-16,-3,-16,-2,-15,-2,-15,-2,-16,-1,-17,0,-18,1,-18,2,-18,2,-18,2,-19,3,-19,3,-19,2,-20,2,-20,1,-20,0,-21,0,-21,0,-22,0,-6,-1,0,0,0,0,0,0,0,0,0,0,0,0,0,0,0,0,0,0,-8,-4,-28,-13,-28,-15,-27,-16,-26,-17,-25,-18,-25,-18,-25,-18,-24,-17,-24,-18,-24,-18,-23,-18,-23,-18,-22,-17,-22,-17,-21,-16,-21,-15,-20,-14,-20,-13,-20,-12,-20,-11,-19,-10,-19,-10,-19,-9,-18,-9,-18,-8,-17,-7]"
CSI_DATA,36078,d8:b1:90:db:e8:90,-55,11,1,7,0,0,1,0,0,0,1,-95,0,8,0,565075228,0,100,0,128,1,"[100,-64,5,0,2,-17,2,-17,2,-17,1,-16,1,-16,0,-16,0,-15,0,-15,0,-15,-1,-15,-2,-15,-3,-16,-4,-16,-3,-16,-3,-16,-4,-17,-4,-17,-4,-17,-3,-17,-3,-18,-4,-18,-3,-18,-3,-18,-2,-18,-1,-18,-1,-5,0,0,0,0,0,0,0,0,0,0,0,0,0,0,0,0,0,0,2,-7,11,-28,12,-27,13,-26,14,-26,15,-26,15,-25,15,-25,15,-24,15,-24,15,-24,15,-24,15,-23,14,-23,14,-22,13,-22,13,-21,12,-21,11,-21,10,-21,9,-21,8,-20,7,-20,7,-19,7,-19,6,-18,6,-18]"
CSI_DATA,36079,d8:b1:90:db:e8:90,-56,11,1,7,0,0,1,0,0,0,1,-95,0,8,0,565089821,0,100,0,128,1,"[100,-64,5,0,12,9,12,9,13,8,13,7,12,7,12,6,13,5,13,4,14,4,14,4,14,4,15,4,15,3,16,3,16,3,17,3,17,3,17,2,17,3,17,3,17,4,17,4,17,4,18,5,18,6,4,1,0,0,0,0,0,0,0,0,0,0,0,0,0,0,0,0,0,0,4,5,19,20,18,21,17,21,16,22,15,22,15,23,15,24,15,24,14,24,14,24,13,24,13,23,12,23,12,22,12,21,12,20,12,19,12,18,13,18,13,17,13,16,13,15,13,14,13,13,13,12,13,11]"
CSI_DATA,36080,d8:b1:90:db:e8:90,-56,11,1,7,0,0,1,0,0,0,1,-95,0,8,0,565106424,0,100,0,128,1,"[100,-64,5,0,16,3,16,2,16,1,15,0,15,0,15,-1,15,-1,15,-2,15,-3,15,-3,15,-3,15,-3,16,-4,16,-5,16,-5,16,-5,17,-5,17,-5,17,-5,18,-5,18,-5,18,-4,18,-4,18,-3,18,-3,4,-1,0,0,0,0,0,0,0,0,0,0,0,0,0,0,0,0,0,0,6,2,26,8,26,10,25,11,25,12,25,13,25,13,25,13,25,14,25,14,24,14,24,14,23,14,23,14,22,13,22,13,21,12,21,11,21,10,20,9,20,8,20,7,19,7,19,6,19,6,18,5,18,4]"
CSI_DATA,36081,d8:b1:90:db:e8:90,-54,11,1,7,0,0,1,0,0,0,1,-95,0,8,0,565116667,0,100,0,128,1,"[100,-64,5,0,-1,-19,-2,-19,-2,-18,-3,-17,-4,-17,-7,-17,-9,-18,-6,-16,-4,-15,-2,-17,-2,-19,-6,-16,-8,-15,-7,-16,-8,-17,-8,-17,-8,-17,-8,-17,-7,-17,-8,-18,-8,-18,-8,-18,-7,-18,-6,-18,-5,-18,-2,-5,0,0,0,0,0,0,0,0,0,0,0,0,0,0,0,0,0,0,0,-8,2,-30,4,-30,5,-30,6,-30,7,-30,8,-30,8,-30,9,-31,9,-30,9,-30,9,-29,9,-29,9,-28,9,-28,9,-27,8,-26,8,-26,7,-26,6,-25,4,-24,4,-24,3,-24,2,-23,1,-23,1,-22,1,-22]"
CSI_DATA,36082,d8:b1:90:db:e8:90,-54,11,1,5,0,0,1,0,0,0,1,-95,0,8,0,565149425,0,100,0,128,1,"[100,-64,5,0,-16,14,-15,14,-15,14,-14,14,-13,14,-12,14,-11,14,-12,14,-12,14,-11,14,-10,15,-10,15,-10,16,-11,16,-11,16,-10,16,-10,16,-11,16,-11,15,-10,15,-9,14,-9,13,-9,14,-9,15,-9,15,-3,3,0,0,0,0,0,0,0,0,0,0,0,0,0,0,0,0,0,0,-5,5,-21,21,-21,20,-22,18,-23,18,-24,17,-25,16,-25,16,-25,16,-26,16,-26,15,-27,14,-26,14,-26,13,-26,13,-26,13,-25,13,-24,13,-23,14,-22,14,-21,14,-20,15,-20,15,-20,15,-19,15,-18,15,-17,15]"
CSI_DATA,36083,d8:b1:90:db:e8:90,-56,11,1,5,0,0,1,0,0,0,1,-95,0,8,0,565165266,0,100,0,128,1,"[100,-64,5,0,-7,19,-6,19,-6,18,-5,18,-5,17,-4,17,-3,17,-1,17,-1,17,0,17,1,17,2,17,2,17,1,17,2,17,2,17,2,18,1,18,1,17,1,18,2,18,2,18,2,18,1,18,0,18,0,4,0,0,0,0,0,0,0,0,0,0,0,0,0,0,0,0,0,0,-2,6,-5,26,-7,25,-8,25,-9,25,-10,25,-11,25,-11,24,-12,24,-12,24,-13,24,-13,24,-13,23,-13,23,-13,23,-13,23,-12,22,-12,22,-11,22,-11,22,-10,22,-9,22,-8,22,-7,21,-6,21,-6,21,-6,21]"
CSI_DATA,36084,d8:b1:90:db:e8:90,-54,11,1,7,0,0,1,0,0,0,0,-95,0,8,0,565179766,0,100,0,128,1,"[100,-64,5,0,22,-1,21,-1,21,-1,20,-1,19,-1,18,-1,18,-3,17,-5,17,-7,17,-7,17,-7,17,-7,17,-8,17,-8,17,-8,17,-9,17,-9,17,-9,17,-9,17,-9,16,-9,16,-8,17,-8,17,-8,18,-7,4,-2,0,0,0,0,0,0,0,0,0,0,0,0,0,0,0,0,0,0,7,-2,29,-5,28,-4,28,-2,28,-1,29,0,29,0,29,1,29,2,29,2,29,3,29,4,29,4,28,5,28,5,27,4,27,4,26,3,26,3,26,2,26,1,25,1,25,0,24,-1,23,-2,23,-2,24,-2]"
CSI_DATA,36085,d8:b1:90:db:e8:90,-56,11,1,7,0,0,1,0,0,0,0,-95,0,8,0,565196838,0,100,0,128,1,"[100,-64,5,0,18,-9,17,-9,17,-9,16,-9,16,-10,15,-10,15,-10,14,-11,14,-12,14,-12,13,-12,13,-13,13,-13,13,-13,13,-13,13,-14,14,-14,14,-14,14,-13,14,-13,14,-13,13,-12,14,-12,15,-12,15,-12,3,-3,0,0,0,0,0,0,0,0,0,0,0,0,0,0,0,0,0,0,6,-3,24,-11,24,-10,25,-9,26,-8,26,-7,27,-7,27,-7,27,-6,27,-6,26,-6,26,-6,26,-6,25,-5,25,-5,26,-5,25,-5,25,-5,24,-6,23,-6,23,-6,22,-6,21,-7,21,-8,20,-9,20,-9,20,-9]"
CSI_DATA,36086,d8:b1:90:db:e8:90,-55,11,1,7,0,0,1,0,0,0,0,-95,0,8,0,565216431,0,100,0,128,1,"[100,-64,5,0,0,-21,0,-20,0,-20,-1,-19,-2,-19,-2,-19,-2,-18,-3,-18,-3,-18,-4,-18,-5,-18,-6,-19,-6,-19,-5,-18,-5,-18,-6,-19,-6,-19,-5,-18,-5,-18,-6,-18,-6,-18,-6,-18,-5,-18,-5,-19,-4,-19,-1,-5,0,0,0,0,0,0,0,0,0,0,0,0,0,0,0,0,0,0,0,-7,3,-27,4,-27,5,-28,6,-28,6,-28,7,-27,8,-27,8,-27,9,-27,9,-27,9,-27,9,-27,8,-27,8,-26,8,-25,7,-24,7,-24,6,-24,6,-24,5,-24,4,-24,3,-23,2,-23,2,-22,2,-22,2,-23]"
CSI_DATA,36087,d8:b1:90:db:e8:90,-55,11,1,7,0,0,1,0,0,0,0,-95,0,8,0,565226521,0,100,0,128,1,"[100,-64,5,0,-12,17,-12,17,-11,16,-11,16,-11,15,-10,15,-10,15,-9,16,-9,15,-8,15,-8,16,-7,17,-8,17,-8,17,-8,17,-7,17,-7,17,-8,17,-8,16,-8,16,-7,16,-7,16,-7,16,-8,16,-9,16,-3,4,0,0,0,0,0,0,0,0,0,0,0,0,0,0,0,0,0,0,-5,6,-17,23,-18,22,-18,21,-18,20,-20,20,-20,20,-20,19,-21,19,-21,19,-21,19,-21,18,-21,18,-20,17,-20,17,-20,17,-20,17,-19,17,-18,17,-17,17,-16,17,-15,17,-15,17,-15,17,-14,17,-14,17,-14,17]"
CSI_DATA,36088,d8:b1:90:db:e8:90,-55,11,1,7,0,0,1,0,0,0,0,-95,0,8,0,565238279,0,100,0,128,1,"[100,-64,5,0,17,11,17,10,16,10,16,10,16,10,15,9,15,8,15,7,15,6,15,6,16,6,16,6,17,6,17,5,16,5,16,5,16,5,16,5,16,5,16,5,16,5,15,6,15,6,16,6,16,6,4,1,0,0,0,0,0,0,0,0,0,0,0,0,0,0,0,0,0,0,5,4,22,17,22,18,21,19,19,19,19,20,19,20,18,21,18,21,18,22,17,22,17,22,17,22,17,22,16,21,16,20,16,19,16,19,16,18,17,17,17,16,17,15,17,15,17,14,17,14,17,13,17,12]"
CSI_DATA,36089,d8:b1:90:db:e8:90,-56,11,1,7,0,0,1,0,0,0,0,-95,0,8,0,565264253,0,100,0,128,1,"[100,-64,5,0,-9,-18,-9,-18,-9,-17,-9,-16,-10,-15,-10,-15,-10,-14,-10,-14,-10,-13,-10,-13,-11,-13,-11,-13,-11,-13,-11,-12,-11,-12,-12,-12,-12,-12,-11,-12,-11,-12,-11,-12,-11,-13,-10,-13,-9,-13,-8,-13,-6,-13,-2,-4,0,0,0,0,0,0,0,0,0,0,0,0,0,0,0,0,0,0,-2,-7,-8,-26,-7,-27,-6,-27,-5,-27,-4,-27,-3,-27,-3,-27,-3,-27,-3,-27,-3,-27,-2,-27,-2,-27,-2,-27,-2,-26,-2,-26,-2,-26,-3,-25,-3,-25,-4,-24,-5,-23,-5,-22,-6,-22,-6,-21,-7,-20,-7,-20,-7,-19]"
CSI_DATA,36090,d8:b1:90:db:e8:90,-55,11,1,7,0,0,1,0,0,0,0,-95,0,8,0,565274442,0,100,0,128,1,"[100,-64,5,0,18,-9,17,-9,16,-9,15,-10,14,-10,14,-10,13,-11,13,-11,12,-12,12,-12,12,-11,12,-11,12,-12,12,-12,12,-12,11,-13,11,-13,11,-13,11,-12,11,-12,11,-12,11,-11,12,-10,12,-8,12,-7,3,-2,0,0,0,0,0,0,0,0,0,0,0,0,0,0,0,0,0,0,6,-3,26,-10,27,-9,27,-7,28,-6,28,-6,28,-6,27,-6,27,-6,28,-5,28,-4,28,-4,27,-4,27,-3,27,-3,27,-3,26,-4,26,-4,25,-5,24,-5,22,-5,22,-6,21,-7,21,-7,20,-8,20,-8,19,-8]"
CSI_DATA,36091,d8:b1:90:db:e8:90,-57,11,1,7,0,0,1,0,0,0,0,-95,0,8,0,565284583,0,100,0,128,1,"[100,-64,5,0,17,-5,17,-5,16,-6,16,-6,15,-7,14,-7,14,-7,14,-8,14,-8,14,-8,13,-8,13,-8,13,-9,14,-9,14,-9,13,-10,13,-10,14,-10,14,-9,14,-9,13,-9,13,-8,13,-8,15,-8,15,-8,3,-2,0,0,0,0,0,0,0,0,0,0,0,0,0,0,0,0,0,0,6,-2,26,-7,26,-5,26,-3,27,-2,27,-2,26,-2,26,-2,26,-1,26,0,26,-1,26,-1,26,-1,25,-1,25,-1,25,-1,24,-1,23,-1,22,-1,21,-2,21,-2,20,-2,20,-3,20,-3,20,-3,20,-4,19,-5]"
CSI_DATA,36092,d8:b1:90:db:e8:90,-57,11,1,7,0,0,1,0,0,0,0,-95,0,8,0,565295235,0,100,0,128,1,"[100,-64,5,0,15,6,15,6,15,5,15,4,15,4,15,3,15,2,15,2,14,2,14,1,14,1,15,1,15,1,15,0,15,0,15,0,15,0,15,-1,15,-1,15,0,15,0,15,1,15,1,15,1,16,1,4,0,0,0,0,0,0,0,0,0,0,0,0,0,0,0,0,0,0,0,6,2,23,10,22,12,21,13,20,13,20,14,20,15,20,15,20,16,20,16,20,16,20,16,19,16,19,15,18,15,18,14,17,13,17,13,17,12,17,12,16,11,16,10,16,10,16,10,16,10,16,9,16,8]"
CSI_DATA,36093,d8:b1:90:db:e8:90,-57,11,1,7,0,0,1,0,0,0,0,-95,0,8,0,565308304,0,100,0,128,1,"[100,-64,5,0,9,14,9,13,9,12,10,12,10,12,10,12,11,10,12,9,12,8,12,8,12,9,13,9,13,9,13,9,13,9,14,9,14,8,14,8,14,8,14,8,14,8,14,8,14,9,14,9,14,10,3,2,0,0,0,0,0,0,0,0,0,0,0,0,0,0,0,0,0,0,3,5,15,20,13,21,11,23,10,23,10,23,10,23,9,24,9,24,9,24,8,24,8,23,7,23,7,22,7,22,7,22,7,21,7,20,7,20,8,19,8,18,9,17,9,17,9,16,9,16,9,15,9,15]"
CSI_DATA,36094,d8:b1:90:db:e8:90,-56,11,1,7,0,0,1,0,0,0,1,-95,0,8,0,565327639,0,100,0,128,1,"[100,-64,5,0,-2,-17,-2,-17,-2,-16,-3,-16,-3,-16,-3,-15,-4,-15,-4,-15,-4,-15,-5,-15,-6,-15,-6,-15,-7,-15,-6,-15,-6,-15,-7,-16,-7,-16,-7,-16,-7,-16,-7,-16,-7,-16,-7,-17,-7,-17,-7,-17,-6,-17,-2,-5,0,0,0,0,0,0,0,0,0,0,0,0,0,0,0,0,0,0,-1,-7,-3,-27,-2,-27,-1,-27,-1,-27,-1,-26,0,-26,1,-26,2,-27,2,-27,2,-26,2,-25,2,-24,2,-24,2,-23,2,-23,2,-23,1,-22,1,-22,0,-21,0,-20,-1,-20,-1,-19,-1,-19,-1,-18,-1,-18,-1,-18]"
CSI_DATA,36095,d8:b1:90:db:e8:90,-57,11,1,7,0,0,1,0,0,0,1,-95,0,8,0,565359319,0,100,0,128,1,"[100,-64,5,0,-15,6,-15,6,-14,6,-14,7,-13,7,-13,7,-12,7,-12,8,-12,9,-12,8,-12,8,-12,9,-12,9,-12,10,-12,10,-12,10,-12,11,-13,11,-13,10,-13,10,-13,10,-13,10,-13,10,-14,10,-15,10,-4,2,0,0,0,0,0,0,0,0,0,0,0,0,0,0,0,0,0,0,-7,2,-25,8,-26,7,-27,6,-27,6,-27,5,-26,5,-26,5,-26,4,-27,4,-27,3,-26,3,-25,3,-24,3,-24,3,-24,3,-23,3,-22,4,-21,4,-20,5,-20,6,-19,6,-18,6,-18,6,-17,6,-16,6,-16,7]"
CSI_DATA,36096,d8:b1:90:db:e8:90,-57,11,1,7,0,0,1,0,0,0,1,-95,0,8,0,565370246,0,100,0,128,1,"[100,-64,5,0,3,16,3,15,3,15,4,15,4,15,4,15,5,14,5,14,5,13,6,13,6,14,7,14,7,14,7,14,7,14,7,15,7,16,7,15,7,15,7,16,7,16,7,17,7,17,6,17,6,17,1,4,0,0,0,0,0,0,0,0,0,0,0,0,0,0,0,0,0,0,0,7,2,28,1,27,0,27,-1,27,-2,27,-2,27,-3,27,-3,27,-3,27,-4,27,-4,27,-5,26,-4,26,-4,25,-3,24,-3,23,-2,22,-2,22,-1,21,0,21,1,20,1,19,2,19,2,18,3,18,2,17]"
CSI_DATA,36097,d8:b1:90:db:e8:90,-57,11,1,7,0,0,1,0,0,0,1,-95,0,8,0,565382492,0,100,0,128,1,"[100,-64,5,0,-19,-1,-18,-1,-18,0,-17,0,-17,0,-17,0,-16,1,-17,2,-17,2,-17,2,-16,2,-17,2,-17,2,-17,3,-17,3,-18,3,-18,4,-18,4,-18,4,-18,3,-18,3,-18,3,-18,2,-19,2,-19,1,-5,0,0,0,0,0,0,0,0,0,0,0,0,0,0,0,0,0,0,0,-8,-2,-30,-6,-30,-7,-29,-8,-28,-9,-28,-10,-28,-11,-28,-11,-28,-11,-28,-11,-28,-11,-27,-11,-26,-11,-26,-11,-25,-10,-24,-10,-24,-9,-23,-8,-23,-8,-23,-7,-22,-6,-22,-5,-21,-4,-21,-3,-21,-3,-20,-3,-20,-2]"
CSI_DATA,36098,d8:b1:90:db:e8:90,-57,11,1,7,0,0,1,0,0,0,1,-95,0,8,0,565398250,0,100,0,128,1,"[100,-64,5,0,14,10,14,9,14,8,14,8,14,8,14,8,13,7,14,7,14,6,14,6,14,6,14,6,14,6,14,6,15,6,15,6,16,6,15,6,15,6,15,6,15,6,15,7,15,7,15,8,15,9,3,2,0,0,0,0,0,0,0,0,0,0,0,0,0,0,0,0,0,0,5,4,21,20,20,20,19,21,18,22,18,22,18,23,17,24,17,24,16,24,16,24,16,23,16,22,15,21,15,21,14,20,14,19,14,18,14,17,15,17,15,16,15,15,15,14,15,13,15,13,15,12,15,11]"
CSI_DATA,36099,d8:b1:90:db:e8:90,-57,11,1,7,0,0,1,0,0,0,1,-95,0,8,0,565410764,0,100,0,128,1,"[100,-64,5,0,5,-14,4,-14,4,-14,3,-14,3,-14,3,-13,3,-14,3,-14,3,-14,2,-14,2,-15,2,-15,2,-15,2,-15,2,-16,2,-17,3,-17,3,-17,3,-17,3,-17,3,-17,2,-17,3,-17,4,-17,4,-17,1,-5,0,0,0,0,0,0,0,0,0,0,0,0,0,0,0,0,0,0,3,-6,12,-22,13,-21,15,-20,16,-19,16,-19,16,-19,16,-19,17,-19,17,-19,16,-19,16,-19,16,-18,15,-18,14,-17,14,-17,14,-17,13,-17,12,-16,11,-16,9,-16,9,-16,8,-15,7,-15,7,-15,6,-15,7,-15]"
CSI_DATA,36100,d8:b1:90:db:e8:90,-57,11,1,7,0,0,1,0,0,0,1,-95,0,8,0,565427822,0,100,0,128,1,"[100,-64,5,0,-14,8,-14,8,-13,8,-12,8,-12,9,-11,9,-11,9,-11,10,-10,11,-10,11,-10,11,-10,11,-10,12,-11,12,-11,12,-11,12,-11,12,-12,12,-12,12,-12,11,-12,11,-12,11,-13,11,-14,11,-15,11,-4,2,0,0,0,0,0,0,0,0,0,0,0,0,0,0,0,0,0,0,-7,2,-25,11,-25,10,-24,8,-24,7,-24,6,-25,6,-24,6,-24,6,-24,5,-24,5,-24,5,-24,5,-23,4,-23,4,-22,5,-22,5,-21,5,-20,6,-19,6,-18,6,-17,6,-17,7,-16,7,-16,8,-15,8,-15,8]"
CSI_DATA,36101,d8:b1:90:db:e8:90,-56,11,1,7,0,0,1,0,0,0,1,-95,0,8,0,565460101,0,100,0,128,1,"[100,-64,5,0,-7,-17,-7,-17,-7,-16,-7,-15,-8,-15,-8,-14,-8,-14,-9,-14,-9,-14,-9,-14,-9,-14,-10,-14,-10,-14,-9,-13,-9,-14,-10,-15,-10,-15,-9,-15,-9,-15,-9,-15,-9,-15,-9,-16,-9,-16,-8,-17,-7,-17,-2,-5,0,0,0,0,0,0,0,0,0,0,0,0,0,0,0,0,0,0,-2,-7,-5,-27,-4,-27,-2,-27,-1,-27,-1,-27,0,-27,1,-28,1,-28,1,-27,2,-28,2,-28,1,-27,1,-27,1,-26,0,-25,0,-24,-1,-23,-1,-23,-2,-22,-3,-21,-4,-21,-4,-20,-5,-20,-5,-19,-6,-18,-6,-18]"
CSI_DATA,36102,d8:b1:90:db:e8:90,-57,11,1,7,0,0,1,0,0,0,1,-95,0,8,0,565471793,0,100,0,128,1,"[100,-64,5,0,-11,-14,-11,-13,-11,-12,-11,-12,-11,-12,-11,-11,-11,-11,-11,-10,-11,-10,-11,-10,-12,-10,-13,-10,-13,-10,-13,-10,-13,-10,-13,-10,-13,-10,-13,-10,-13,-10,-13,-11,-14,-11,-14,-12,-14,-12,-14,-12,-13,-13,-4,-4,0,0,0,0,0,0,0,0,0,0,0,0,0,0,0,0,0,0,-4,-6,-16,-22,-14,-22,-13,-23,-12,-24,-11,-25,-11,-26,-10,-27,-10,-27,-10,-27,-9,-27,-9,-26,-9,-26,-10,-25,-10,-24,-9,-24,-9,-23,-9,-22,-9,-21,-10,-20,-10,-19,-10,-18,-11,-18,-11,-16,-11,-16,-11,-15,-11,-15]"
CSI_DATA,36103,d8:b1:90:db:e8:90,-55,11,1,7,0,0,1,0,0,0,1,-95,0,8,0,565483382,0,100,0,128,1,"[100,-64,5,0,-3,-20,-3,-19,-4,-18,-4,-18,-4,-17,-5,-17,-5,-17,-5,-16,-5,-16,-6,-16,-7,-16,-8,-16,-8,-16,-7,-16,-7,-16,-7,-16,-7,-16,-6,-16,-6,-16,-6,-16,-7,-17,-7,-17,-7,-17,-6,-17,-6,-18,-2,-5,0,0,0,0,0,0,0,0,0,0,0,0,0,0,0,0,0,0,-1,-8,-3,-30,-2,-30,0,-30,2,-30,3,-30,4,-30,5,-29,5,-29,6,-29,6,-29,6,-30,6,-29,6,-29,6,-29,5,-28,4,-28,4,-27,4,-26,3,-25,2,-25,1,-24,1,-24,0,-23,-1,-22,-1,-22,-1,-22]"
CSI_DATA,36104,d8:b1:90:db:e8:90,-54,11,1,7,0,0,1,0,0,0,1,-95,0,8,0,565500103,0,100,0,128,1,"[100,-64,5,0,19,2,19,1,18,1,18,0,17,0,17,0,17,-1,16,-2,16,-3,16,-3,16,-3,16,-3,16,-3,16,-4,16,-4,16,-4,16,-4,16,-4,16,-4,16,-4,15,-3,15,-3,16,-3,16,-2,17,-2,4,-1,0,0,0,0,0,0,0,0,0,0,0,0,0,0,0,0,0,0,6,0,27,3,26,4,26,5,25,6,25,7,25,8,24,8,24,9,25,10,25,10,25,11,25,12,25,12,25,11,24,10,24,9,23,9,23,8,23,8,22,7,22,7,22,6,21,5,21,4,21,4,22,3]"
CSI_DATA,36105,d8:b1:90:db:e8:90,-54,11,1,7,0,0,1,0,0,0,1,-95,0,8,0,565513138,0,100,0,128,1,"[100,-64,5,0,5,21,5,20,5,19,6,18,6,18,6,17,7,17,7,16,7,15,8,15,9,15,9,15,10,14,9,14,10,14,9,14,9,14,9,13,8,13,9,14,9,14,9,14,9,14,8,14,8,15,1,3,0,0,0,0,0,0,0,0,0,0,0,0,0,0,0,0,0,0,2,6,8,26,6,27,5,27,4,27,3,27,3,27,2,27,1,27,1,28,0,28,0,29,0,29,0,29,0,28,0,27,0,27,0,26,1,26,2,26,3,25,3,25,3,24,4,24,5,23,5,23,5,23]"
CSI_DATA,36106,d8:b1:90:db:e8:90,-53,11,1,7,0,0,1,0,0,0,1,-95,0,8,0,565528051,0,100,0,128,1,"[100,-64,5,0,-20,11,-19,10,-19,11,-18,11,-18,10,-17,10,-16,11,-15,11,-15,11,-14,11,-13,11,-12,12,-12,13,-12,13,-12,13,-12,13,-13,13,-12,13,-12,13,-12,13,-12,13,-11,13,-12,13,-13,13,-13,12,-4,3,0,0,0,0,0,0,0,0,0,0,0,0,0,0,0,0,0,0,-6,3,-23,14,-25,12,-26,11,-26,10,-26,10,-27,10,-28,9,-29,8,-29,7,-29,7,-29,7,-28,6,-28,6,-28,6,-28,7,-28,7,-27,7,-26,8,-26,8,-25,8,-25,8,-24,9,-23,9,-22,9,-22,10,-22,10]"
CSI_DATA,36107,d8:b1:90:db:e8:90,-53,11,1,7,0,0,1,0,0,0,1,-95,0,8,0,565561311,0,100,0,128,1,"[100,-64,5,0,18,-15,17,-14,17,-14,16,-14,15,-14,15,-14,13,-15,12,-16,12,-16,11,-16,10,-16,9,-16,9,-16,9,-17,8,-17,8,-17,8,-17,8,-17,7,-17,7,-16,6,-16,6,-16,7,-15,8,-14,9,-13,2,-4,0,0,0,0,0,0,0,0,0,0,0,0,0,0,0,0,0,0,4,-5,17,-18,18,-17,20,-16,21,-16,22,-15,22,-15,23,-15,24,-15,24,-15,25,-14,25,-14,24,-13,24,-13,24,-13,24,-13,23,-13,23,-14,23,-14,22,-14,21,-14,21,-15,21,-15,21,-15,20,-15,20,-15,20,-15]"
CSI_DATA,36108,d8:b1:90:db:e8:90,-54,11,1,7,0,0,1,0,0,0,1,-95,0,8,0,565574901,0,100,0,128,1,"[100,-64,5,0,-19,14,-18,13,-18,13,-17,13,-16,13,-15,13,-14,14,-13,14,-12,15,-11,15,-10,15,-9,15,-8,16,-8,16,-8,16,-7,16,-7,16,-7,16,-7,15,-7,15,-7,15,-7,15,-7,15,-7,15,-8,14,-2,3,0,0,0,0,0,0,0,0,0,0,0,0,0,0,0,0,0,0,-5,4,-18,18,-19,16,-20,15,-21,15,-22,14,-22,14,-22,14,-23,14,-23,13,-24,12,-25,13,-25,12,-25,12,-25,12,-25,11,-25,11,-24,12,-24,12,-23,12,-23,13,-22,13,-22,13,-21,13,-21,13,-21,14,-20,14]"
CSI_DATA,36109,d8:b1:90:db:e8:90,-54,11,1,7,0,0,1,0,0,0,1,-95,0,8,0,565586328,0,100,0,128,1,"[100,-64,5,0,22,-6,21,-6,21,-6,20,-7,19,-7,19,-8,18,-8,18,-9,18,-10,17,-10,17,-10,17,-10,16,-11,17,-11,16,-12,15,-12,15,-13,15,-13,14,-12,14,-13,14,-12,13,-12,14,-12,14,-12,15,-12,3,-3,0,0,0,0,0,0,0,0,0,0,0,0,0,0,0,0,0,0,5,-4,20,-12,21,-11,22,-10,23,-9,24,-8,24,-7,25,-6,25,-6,26,-5,25,-5,25,-5,26,-4,26,-4,25,-4,25,-4,24,-4,24,-5,24,-5,24,-5,23,-5,23,-6,23,-6,23,-6,22,-5,22,-6,23,-6]"
CSI_DATA,36110,d8:b1:90:db:e8:90,-55,11,1,7,0,0,1,0,0,0,1,-95,0,8,0,565602569,0,100,0,128,1,"[100,-64,5,0,17,-12,17,-12,16,-12,15,-13,14,-14,14,-14,13,-14,13,-14,13,-15,12,-15,12,-15,11,-16,11,-16,11,-16,11,-16,9,-17,9,-17,9,-17,9,-17,8,-17,7,-17,7,-17,7,-17,8,-17,9,-16,2,-4,0,0,0,0,0,0,0,0,0,0,0,0,0,0,0,0,0,0,3,-5,15,-19,16,-19,16,-17,17,-16,17,-16,18,-15,19,-14,20,-14,20,-14,21,-14,21,-13,21,-13,21,-13,21,-12,21,-12,20,-12,20,-12,19,-13,19,-13,18,-13,18,-13,18,-13,18,-13,18,-12,18,-12,19,-13]"
CSI_DATA,36111,d8:b1:90:db:e8:90,-57,11,1,7,0,0,1,0,0,0,1,-95,0,8,0,565614337,0,100,0,128,1,"[100,-64,5,0,20,-8,19,-8,19,-8,19,-9,18,-9,17,-10,17,-10,18,-11,18,-11,17,-12,17,-12,15,-13,15,-14,15,-14,15,-14,15,-15,15,-15,15,-14,15,-14,15,-15,14,-14,14,-14,14,-14,15,-13,16,-13,4,-3,0,0,0,0,0,0,0,0,0,0,0,0,0,0,0,0,0,0,5,-4,20,-13,21,-12,21,-11,22,-10,22,-9,23,-9,23,-8,23,-8,24,-7,24,-7,23,-7,23,-7,23,-6,23,-6,22,-6,22,-7,22,-7,21,-7,21,-8,21,-8,20,-8,20,-8,20,-9,20,-9,20,-9,20,-9]"
CSI_DATA,36112,d8:b1:90:db:e8:90,-58,11,1,7,0,0,1,0,0,0,1,-95,0,8,0,565626398,0,100,0,128,1,"[100,-64,5,0,17,0,16,0,16,0,17,-1,17,-1,17,-2,17,-2,17,-2,17,-2,16,-3,17,-3,17,-4,17,-4,17,-5,17,-5,17,-5,17,-5,16,-5,16,-5,16,-5,16,-5,15,-5,15,-5,16,-5,16,-4,4,-1,0,0,0,0,0,0,0,0,0,0,0,0,0,0,0,0,0,0,5,-1,20,-1,20,-1,20,0,20,1,20,2,19,2,19,3,18,3,19,3,18,2,18,2,19,3,18,3,18,3,18,2,18,2,18,2,17,2,17,2,16,1,16,1,16,1,16,1,17,2,17,2,18,1]"
CSI_DATA,36113,d8:b1:90:db:e8:90,-57,11,1,7,0,0,1,0,0,0,1,-95,0,8,0,565636462,0,100,0,128,1,"[100,-64,5,0,5,-18,5,-18,5,-18,4,-19,3,-19,3,-19,3,-19,3,-19,3,-19,3,-19,2,-20,1,-20,1,-20,2,-20,1,-20,1,-20,1,-20,1,-20,1,-19,0,-19,0,-19,0,-19,0,-19,1,-19,2,-19,0,-5,0,0,0,0,0,0,0,0,0,0,0,0,0,0,0,0,0,0,1,-7,5,-24,7,-24,8,-23,9,-23,10,-22,10,-22,9,-21,9,-21,9,-21,9,-21,9,-21,9,-21,9,-21,9,-20,9,-20,8,-20,8,-20,7,-20,7,-19,6,-19,6,-18,6,-18,6,-19,6,-18,7,-19,7,-19]"
CSI_DATA,36114,d8:b1:90:db:e8:90,-57,11,1,7,0,0,1,0,0,0,1,-95,0,8,0,565706557,0,100,0,128,1,"[100,-64,5,0,-13,-10,-12,-10,-12,-9,-13,-9,-13,-9,-13,-9,-13,-9,-13,-8,-13,-8,-14,-8,-14,-9,-15,-9,-16,-9,-17,-8,-17,-9,-18,-9,-19,-9,-19,-9,-19,-9,-19,-10,-19,-10,-19,-11,-19,-12,-19,-12,-19,-13,-5,-4,0,0,0,0,0,0,0,0,0,0,0,0,0,0,0,0,0,0,-5,-6,-19,-22,-18,-23,-16,-23,-16,-23,-15,-23,-15,-24,-15,-24,-15,-25,-14,-25,-14,-25,-13,-24,-13,-23,-13,-23,-13,-22,-13,-21,-13,-19,-13,-18,-13,-18,-14,-17,-14,-16,-14,-15,-14,-14,-13,-13,-13,-12,-13,-11,-13,-11]"
CSI_DATA,36115,d8:b1:90:db:e8:90,-57,11,1,7,0,0,1,0,0,0,1,-95,0,8,0,565716743,0,100,0,128,1,"[100,-64,5,0,7,-14,6,-14,6,-14,6,-14,5,-13,5,-13,5,-13,5,-14,5,-14,5,-14,4,-14,4,-14,5,-15,5,-15,5,-16,6,-16,6,-17,6,-17,7,-17,7,-17,7,-17,7,-17,7,-17,8,-17,9,-17,2,-5,0,0,0,0,0,0,0,0,0,0,0,0,0,0,0,0,0,0,4,-5,18,-19,18,-18,19,-17,19,-16,20,-15,21,-15,22,-15,22,-15,22,-15,22,-15,21,-15,21,-15,20,-15,19,-15,18,-15,17,-15,16,-15,15,-15,15,-15,14,-15,13,-15,12,-15,10,-15,9,-15,9,-15,9,-15]"
CSI_DATA,36116,d8:b1:90:db:e8:90,-57,11,1,7,0,0,1,0,0,0,1,-95,0,8,0,565727468,0,100,0,128,1,"[100,-64,5,0,15,-5,14,-5,14,-6,13,-7,13,-7,12,-8,12,-9,11,-10,11,-10,11,-11,11,-11,11,-12,12,-12,12,-13,12,-13,13,-13,13,-13,13,-13,14,-13,14,-13,14,-13,14,-12,15,-12,16,-13,17,-13,4,-3,0,0,0,0,0,0,0,0,0,0,0,0,0,0,0,0,0,0,6,-2,27,-6,26,-5,25,-3,25,-2,25,-2,26,-1,26,-1,26,-1,26,-1,25,0,25,0,25,0,24,0,24,0,23,0,22,-1,22,-1,21,-2,21,-2,20,-3,19,-3,19,-3,18,-4,18,-4,17,-5,17,-5]"
CSI_DATA,36117,d8:b1:90:db:e8:90,-54,11,1,7,0,0,1,0,0,0,1,-95,0,8,0,565739332,0,100,0,128,1,"[100,-64,5,0,-13,-19,-13,-19,-13,-17,-13,-16,-13,-15,-13,-15,-13,-14,-14,-13,-14,-12,-14,-11,-15,-11,-16,-11,-16,-11,-16,-11,-16,-11,-16,-12,-16,-12,-16,-11,-16,-12,-16,-13,-16,-13,-16,-14,-16,-14,-16,-14,-15,-15,-4,-4,0,0,0,0,0,0,0,0,0,0,0,0,0,0,0,0,0,0,-5,-7,-16,-26,-15,-27,-14,-28,-13,-29,-11,-29,-11,-30,-10,-30,-10,-30,-10,-31,-9,-31,-9,-31,-8,-31,-8,-31,-9,-30,-9,-30,-10,-29,-10,-28,-10,-27,-10,-26,-10,-25,-10,-25,-10,-24,-11,-23,-11,-23,-11,-22,-11,-21]"
CSI_DATA,36118,d8:b1:90:db:e8:90,-56,11,1,7,0,0,1,0,0,0,1,-92,0,8,0,565762573,0,100,0,128,1,"[100,-64,5,0,-18,-15,-18,-14,-18,-13,-18,-12,-18,-12,-18,-11,-18,-10,-17,-9,-17,-8,-17,-7,-18,-7,-18,-7,-18,-7,-18,-6,-18,-6,-18,-7,-18,-6,-18,-6,-17,-6,-17,-7,-16,-8,-16,-8,-16,-8,-18,-7,-18,-7,-5,-2,0,0,0,0,0,0,0,0,0,0,0,0,0,0,0,0,0,0,-6,-5,-24,-17,-23,-19,-22,-20,-21,-21,-21,-22,-20,-23,-20,-23,-19,-24,-19,-24,-18,-24,-18,-25,-17,-25,-17,-24,-17,-24,-17,-24,-17,-23,-17,-22,-17,-22,-18,-21,-18,-20,-18,-20,-18,-19,-19,-18,-19,-17,-19,-16,-19,-16]"
CSI_DATA,36119,d8:b1:90:db:e8:90,-56,11,1,7,0,0,1,0,0,0,1,-92,0,8,0,565775241,0,100,0,128,1,"[100,-64,5,0,-18,-16,-17,-16,-17,-15,-18,-14,-18,-14,-17,-13,-17,-12,-17,-11,-16,-10,-17,-10,-17,-10,-18,-9,-18,-9,-18,-9,-18,-8,-18,-8,-18,-8,-17,-8,-17,-8,-16,-9,-15,-9,-15,-10,-15,-10,-16,-9,-17,-9,-5,-3,0,0,0,0,0,0,0,0,0,0,0,0,0,0,0,0,0,0,-6,-5,-23,-17,-23,-19,-23,-21,-22,-22,-21,-23,-20,-23,-19,-24,-19,-24,-18,-24,-18,-25,-17,-26,-17,-26,-17,-26,-17,-26,-16,-25,-16,-25,-16,-24,-17,-24,-17,-23,-18,-22,-18,-21,-18,-21,-18,-20,-18,-19,-18,-19,-18,-18]"
CSI_DATA,36120,d8:b1:90:db:e8:90,-56,11,1,7,0,0,1,0,0,0,1,-92,0,8,0,565789908,0,100,0,128,1,"[100,-64,5,0,21,6,20,5,20,4,20,3,20,3,19,2,19,1,18,0,18,-1,17,-1,17,-1,17,-2,18,-2,18,-3,18,-3,18,-3,18,-4,18,-4,18,-4,18,-3,17,-3,17,-2,17,-2,18,-2,18,-1,4,-1,0,0,0,0,0,0,0,0,0,0,0,0,0,0,0,0,0,0,6,1,26,5,26,7,26,8,25,9,25,10,25,12,26,12,26,13,26,13,25,14,25,14,25,14,24,14,24,14,23,14,23,13,22,13,23,12,23,11,23,11,23,10,23,9,23,8,22,8,22,7,22,7]"
CSI_DATA,36121,d8:b1:90:db:e8:90,-56,11,1,7,0,0,1,0,0,0,1,-92,0,8,0,565801137,0,100,0,128,1,"[100,-64,5,0,13,19,13,18,13,17,13,17,13,16,13,15,13,14,13,13,13,12,14,11,14,11,15,11,15,10,15,9,15,9,15,10,14,10,14,10,14,10,14,10,14,10,13,11,13,10,13,11,13,11,3,3,0,0,0,0,0,0,0,0,0,0,0,0,0,0,0,0,0,0,4,5,17,22,16,23,14,24,13,24,12,25,12,26,11,26,11,27,11,27,11,28,11,28,10,27,10,27,9,27,9,27,9,26,9,25,10,25,10,25,11,24,11,23,11,23,12,22,13,22,13,22,13,21]"
CSI_DATA,36122,d8:b1:90:db:e8:90,-56,11,1,7,0,0,1,0,0,0,1,-92,0,8,0,565814993,0,100,0,128,1,"[100,-64,5,0,21,3,20,3,20,2,20,2,19,1,19,1,18,0,17,-1,17,-2,16,-2,16,-2,16,-3,16,-3,16,-4,16,-4,16,-4,16,-4,16,-4,16,-4,16,-4,16,-3,15,-3,15,-2,16,-2,17,-1,4,-1,0,0,0,0,0,0,0,0,0,0,0,0,0,0,0,0,0,0,6,0,27,0,27,2,26,3,26,4,26,5,26,6,27,7,27,7,27,8,27,8,26,9,26,9,26,9,25,10,25,9,24,9,24,9,24,9,24,8,24,8,24,7,23,6,23,6,23,5,23,5,23,4]"
CSI_DATA,36123,d8:b1:90:db:e8:90,-57,11,1,7,0,0,1,0,0,0,1,-92,0,8,0,565825947,0,100,0,128,1,"[100,-64,5,0,-21,-7,-21,-7,-20,-6,-20,-5,-19,-4,-18,-4,-18,-3,-18,-2,-17,-2,-17,-2,-17,-2,-18,-1,-18,0,-18,0,-18,1,-18,1,-18,1,-18,1,-18,1,-18,1,-17,1,-17,0,-18,0,-19,0,-19,-1,-5,-1,0,0,0,0,0,0,0,0,0,0,0,0,0,0,0,0,0,0,-7,-3,-28,-9,-27,-10,-27,-12,-26,-13,-26,-13,-26,-13,-27,-14,-27,-15,-26,-16,-26,-17,-25,-17,-25,-17,-25,-17,-24,-17,-24,-17,-23,-16,-23,-15,-23,-14,-23,-13,-23,-12,-23,-11,-23,-11,-23,-10,-23,-10,-22,-9,-22,-8]"
CSI_DATA,36124,d8:b1:90:db:e8:90,-57,11,1,7,0,0,1,0,0,0,1,-92,0,8,0,565837110,0,100,0,128,1,"[100,-64,5,0,8,-19,7,-18,6,-18,5,-18,4,-18,4,-17,3,-16,3,-16,3,-16,2,-16,1,-16,0,-16,0,-16,0,-16,0,-16,0,-17,1,-17,1,-16,1,-16,1,-17,1,-17,1,-17,1,-17,2,-17,3,-16,0,-4,0,0,0,0,0,0,0,0,0,0,0,0,0,0,0,0,0,0,2,-7,10,-26,11,-25,12,-25,13,-24,14,-24,15,-24,15,-24,15,-24,16,-24,16,-24,17,-24,17,-23,17,-22,17,-22,17,-22,17,-22,16,-22,15,-22,14,-21,13,-21,13,-21,12,-21,11,-21,10,-21,10,-20,10,-20]"
CSI_DATA,36125,d8:b1:90:db:e8:90,-57,11,1,7,0,0,1,0,0,0,1,-92,0,8,0,565855976,0,100,0,128,1,"[100,-64,5,0,-19,-9,-18,-8,-18,-7,-18,-6,-17,-6,-17,-5,-16,-5,-17,-4,-16,-3,-16,-3,-16,-3,-16,-2,-16,-1,-16,-1,-17,-1,-17,-1,-17,-1,-17,-1,-17,-1,-17,-1,-17,-1,-17,-2,-17,-2,-17,-3,-17,-3,-5,-1,0,0,0,0,0,0,0,0,0,0,0,0,0,0,0,0,0,0,-7,-3,-26,-10,-26,-12,-25,-13,-25,-15,-25,-16,-25,-16,-25,-16,-25,-17,-24,-17,-24,-17,-23,-18,-23,-18,-23,-18,-22,-18,-22,-17,-22,-17,-22,-16,-22,-16,-21,-15,-21,-14,-21,-13,-21,-13,-21,-12,-20,-11,-20,-11,-19,-10]"
CSI_DATA,36126,d8:b1:90:db:e8:90,-59,11,1,7,0,0,1,0,0,0,1,-92,0,8,0,565866836,0,100,0,128,1,"[100,-64,5,0,-18,6,-17,6,-16,5,-16,5,-16,5,-15,5,-15,5,-15,4,-15,4,-15,4,-14,4,-14,4,-14,5,-15,6,-15,6,-15,6,-15,7,-15,6,-15,6,-15,7,-15,7,-15,6,-15,7,-16,7,-16,6,-4,1,0,0,0,0,0,0,0,0,0,0,0,0,0,0,0,0,0,0,-7,1,-28,4,-28,3,-28,2,-27,1,-27,0,-28,0,-28,0,-28,0,-28,-1,-28,-1,-27,-1,-27,-1,-26,-1,-26,-1,-25,-1,-25,0,-24,0,-24,1,-23,1,-23,2,-22,3,-21,3,-21,3,-20,3,-20,4,-19,5]"
CSI_DATA,36127,d8:b1:90:db:e8:90,-59,11,1,7,0,0,1,0,0,0,1,-92,0,8,0,565878988,0,100,0,128,1,"[100,-64,5,0,12,14,11,14,11,13,11,12,10,12,10,11,10,11,9,12,8,12,9,11,9,11,10,11,10,11,10,11,10,11,10,11,10,11,10,11,10,11,10,11,11,11,10,12,10,12,10,12,10,12,2,3,0,0,0,0,0,0,0,0,0,0,0,0,0,0,0,0,0,0,3,5,14,22,14,23,13,23,12,24,12,24,11,24,11,25,11,25,11,25,10,25,10,25,10,25,10,24,9,24,9,23,9,23,9,22,9,21,10,20,11,20,11,19,11,18,11,18,11,17,11,16,12,15]"
CSI_DATA,36128,d8:b1:90:db:e8:90,-59,11,1,7,0,0,1,0,0,0,1,-92,0,8,0,565894177,0,100,0,128,1,"[100,-64,5,0,18,-3,17,-3,17,-4,17,-5,16,-5,15,-6,15,-6,14,-7,14,-7,13,-7,13,-7,13,-8,13,-9,13,-9,13,-9,13,-9,14,-10,14,-10,14,-10,14,-10,14,-9,14,-8,14,-8,15,-8,16,-8,4,-2,0,0,0,0,0,0,0,0,0,0,0,0,0,0,0,0,0,0,6,-1,26,-3,26,-3,27,-2,27,-1,27,0,27,0,27,1,27,1,28,2,27,2,27,3,27,3,26,3,26,3,26,2,25,2,25,2,24,1,23,1,23,1,22,0,22,-1,21,-2,21,-2,21,-2,21,-3]"
CSI_DATA,36129,d8:b1:90:db:e8:90,-59,11,1,7,0,0,1,0,0,0,1,-92,0,8,0,565907400,0,100,0,128,1,"[100,-64,5,0,-16,9,-15,9,-14,9,-13,9,-13,9,-12,9,-12,10,-11,10,-11,10,-10,10,-10,11,-10,11,-10,12,-10,13,-10,13,-10,13,-10,14,-10,13,-10,13,-10,14,-10,14,-10,14,-11,14,-12,14,-12,13,-3,3,0,0,0,0,0,0,0,0,0,0,0,0,0,0,0,0,0,0,-6,4,-24,15,-25,13,-25,11,-25,10,-26,10,-26,10,-26,9,-26,9,-26,9,-26,8,-26,8,-26,8,-25,7,-25,7,-24,8,-23,8,-22,8,-22,8,-21,8,-20,9,-20,9,-19,9,-18,10,-17,10,-17,10,-16,10]"
CSI_DATA,36130,d8:b1:90:db:e8:90,-59,11,1,7,0,0,1,0,0,0,1,-92,0,8,0,565920485,0,100,0,128,1,"[100,-64,5,0,18,-8,17,-8,16,-7,15,-7,14,-8,14,-8,13,-8,13,-9,13,-9,12,-9,12,-9,12,-10,12,-10,12,-11,12,-11,12,-11,12,-11,12,-11,13,-11,13,-12,13,-12,13,-11,13,-11,14,-10,15,-10,3,-3,0,0,0,0,0,0,0,0,0,0,0,0,0,0,0,0,0,0,6,-3,26,-11,26,-10,26,-9,27,-8,27,-7,27,-6,27,-6,28,-6,28,-5,28,-5,28,-4,27,-4,27,-3,27,-3,26,-4,25,-5,24,-5,24,-5,23,-6,23,-6,22,-6,21,-6,21,-7,20,-7,20,-7,19,-8]"
CSI_DATA,36131,d8:b1:90:db:e8:90,-59,11,1,7,0,0,1,0,0,0,1,-92,0,8,0,565933884,0,100,0,128,1,"[100,-64,5,0,3,17,3,16,4,16,5,15,6,14,6,14,6,13,6,13,6,12,6,12,6,12,7,13,7,13,7,12,7,12,8,13,8,13,8,12,8,12,8,12,9,13,9,13,9,13,8,13,8,14,2,3,0,0,0,0,0,0,0,0,0,0,0,0,0,0,0,0,0,0,1,6,4,26,2,26,0,26,-1,26,-2,26,-2,27,-2,26,-3,26,-3,26,-3,26,-3,26,-3,26,-4,26,-4,25,-3,24,-3,23,-3,23,-2,22,-1,22,0,21,0,21,1,20,1,20,2,19,2,19,1,18]"
CSI_DATA,36132,d8:b1:90:db:e8:90,-59,11,1,7,0,0,1,0,0,0,1,-92,0,8,0,565969113,0,100,0,128,1,"[100,-64,5,0,1,16,1,15,2,15,2,14,3,14,3,13,4,13,4,13,4,13,5,13,6,13,7,13,8,13,8,13,8,13,8,13,8,14,8,14,8,14,8,14,8,14,8,14,8,14,7,13,6,14,1,3,0,0,0,0,0,0,0,0,0,0,0,0,0,0,0,0,0,0,0,5,2,24,1,24,-1,25,-2,25,-2,25,-2,25,-3,25,-3,24,-4,24,-4,24,-4,24,-4,24,-4,23,-5,23,-5,23,-5,22,-4,22,-4,21,-3,20,-2,20,-1,19,-1,19,-1,18,0,18,0,17,0,17]"
CSI_DATA,36133,d8:b1:90:db:e8:90,-57,11,1,7,0,0,1,0,0,0,1,-92,0,8,0,565984746,0,100,0,128,1,"[100,-64,5,0,-13,13,-12,13,-11,13,-10,14,-9,14,-8,14,-8,14,-8,14,-8,14,-8,14,-7,14,-6,15,-6,16,-6,16,-6,16,-6,17,-7,17,-7,17,-7,16,-7,16,-7,16,-8,16,-8,16,-10,16,-11,16,-3,4,0,0,0,0,0,0,0,0,0,0,0,0,0,0,0,0,0,0,-6,5,-23,20,-23,19,-23,18,-24,17,-24,16,-25,16,-24,16,-24,16,-24,16,-24,15,-25,15,-24,14,-24,14,-23,14,-22,13,-22,13,-21,13,-20,13,-19,13,-18,14,-17,14,-16,14,-16,15,-15,14,-15,14,-14,14]"
CSI_DATA,36134,d8:b1:90:db:e8:90,-59,11,1,7,0,0,1,0,0,0,1,-92,0,8,0,565995229,0,100,0,128,1,"[100,-64,5,0,4,-17,3,-16,3,-16,1,-16,1,-16,0,-15,0,-16,0,-16,0,-16,-1,-16,-1,-16,-3,-16,-3,-17,-2,-17,-2,-17,-2,-17,-2,-18,-1,-18,-1,-18,-1,-18,-1,-18,0,-18,0,-18,1,-19,2,-19,0,-5,0,0,0,0,0,0,0,0,0,0,0,0,0,0,0,0,0,0,2,-7,11,-25,12,-25,13,-24,14,-24,14,-23,15,-23,14,-23,14,-23,14,-23,15,-22,15,-22,14,-22,14,-21,14,-21,13,-20,13,-20,12,-19,11,-19,10,-19,9,-19,8,-19,7,-19,6,-19,6,-18,6,-18,6,-18]"
CSI_DATA,36135,d8:b1:90:db:e8:90,-59,11,1,7,0,0,1,0,0,0,1,-92,0,8,0,566006724,0,100,0,128,1,"[100,-64,5,0,-11,14,-11,14,-10,14,-8,14,-7,14,-7,14,-7,14,-6,14,-6,15,-6,15,-5,15,-3,15,-3,16,-3,16,-3,16,-3,17,-3,17,-4,17,-4,17,-4,17,-4,17,-4,17,-5,17,-6,17,-7,17,-2,4,0,0,0,0,0,0,0,0,0,0,0,0,0,0,0,0,0,0,-5,5,-18,19,-19,18,-20,17,-20,17,-21,17,-21,17,-21,17,-22,17,-22,16,-22,16,-22,15,-22,15,-21,14,-21,14,-20,14,-20,14,-19,14,-18,14,-17,14,-16,14,-15,14,-14,15,-14,15,-14,15,-13,15,-13,14]"
CSI_DATA,36136,d8:b1:90:db:e8:90,-59,11,1,7,0,0,1,0,0,0,1,-92,0,8,0,566019446,0,100,0,128,1,"[100,-64,5,0,12,-15,12,-15,11,-15,9,-16,8,-15,8,-15,7,-15,7,-15,7,-16,6,-16,5,-16,4,-16,4,-16,4,-16,5,-17,5,-17,5,-17,5,-17,6,-17,6,-17,6,-16,6,-16,6,-16,8,-16,9,-15,2,-4,0,0,0,0,0,0,0,0,0,0,0,0,0,0,0,0,0,0,4,-5,18,-20,19,-19,20,-18,20,-17,21,-17,22,-17,22,-17,22,-17,23,-16,23,-16,23,-16,23,-15,22,-15,22,-15,21,-14,21,-14,20,-14,19,-14,18,-15,17,-15,16,-15,16,-15,16,-16,15,-16,15,-16,15,-16]"
CSI_DATA,36137,d8:b1:90:db:e8:90,-57,11,1,7,0,0,1,0,0,0,1,-92,0,8,0,566030610,0,100,0,128,1,"[100,-64,5,0,4,19,4,18,5,17,6,17,6,17,7,16,7,15,7,15,7,15,7,15,8,15,9,15,9,15,8,15,9,15,9,15,9,15,9,15,8,15,8,15,8,16,8,16,8,16,8,16,7,17,1,4,0,0,0,0,0,0,0,0,0,0,0,0,0,0,0,0,0,0,1,6,6,27,5,28,3,28,2,27,2,28,1,28,0,28,-1,28,-1,28,-1,28,-1,28,-1,28,-1,28,-1,27,-1,26,0,25,0,25,1,25,1,25,2,24,2,24,2,23,3,22,3,21,4,21,4,20]"
CSI_DATA,36138,d8:b1:90:db:e8:90,-57,11,1,7,0,0,1,0,0,0,1,-92,0,8,0,566043608,0,100,0,128,1,"[100,-64,5,0,-9,19,-9,18,-8,18,-7,18,-6,18,-6,17,-5,17,-5,17,-5,17,-5,17,-4,17,-3,18,-2,18,-3,18,-3,18,-3,18,-4,18,-4,18,-4,18,-4,18,-4,17,-3,17,-4,17,-5,18,-6,17,-2,4,0,0,0,0,0,0,0,0,0,0,0,0,0,0,0,0,0,0,-3,6,-11,27,-12,26,-14,25,-15,25,-16,24,-17,24,-17,25,-17,24,-17,24,-18,24,-18,24,-18,24,-18,23,-17,23,-16,23,-16,22,-16,22,-15,22,-15,22,-14,22,-13,22,-12,22,-11,21,-10,21,-10,21,-10,21]"
CSI_DATA,36139,d8:b1:90:db:e8:90,-57,11,1,7,0,0,1,0,0,0,1,-92,0,8,0,566074902,0,100,0,128,1,"[100,-64,5,0,-15,17,-15,16,-14,16,-13,16,-12,17,-11,16,-10,17,-10,17,-9,17,-9,17,-8,16,-8,17,-9,17,-9,17,-9,17,-9,18,-9,18,-9,17,-9,17,-9,17,-9,17,-9,17,-10,16,-11,16,-12,16,-3,3,0,0,0,0,0,0,0,0,0,0,0,0,0,0,0,0,0,0,-6,5,-22,21,-23,20,-24,18,-24,17,-25,17,-25,17,-25,17,-26,17,-26,16,-26,16,-26,16,-26,16,-25,15,-26,15,-26,15,-25,15,-25,16,-24,16,-22,16,-21,16,-20,16,-20,16,-19,17,-19,17,-18,16,-17,17]"
CSI_DATA,36140,d8:b1:90:db:e8:90,-57,11,1,7,0,0,1,0,0,0,1,-92,0,8,0,566085241,0,100,0,128,1,"[100,-64,5,0,12,-18,12,-18,11,-18,11,-18,10,-17,9,-17,8,-17,7,-18,7,-19,7,-19,6,-18,6,-18,6,-18,7,-19,7,-19,6,-19,6,-19,7,-19,7,-18,7,-18,6,-19,6,-18,7,-18,8,-17,9,-17,2,-5,0,0,0,0,0,0,0,0,0,0,0,0,0,0,0,0,0,0,4,-6,17,-23,18,-22,19,-21,20,-20,21,-20,21,-19,21,-19,21,-19,22,-18,22,-18,23,-18,22,-18,22,-18,21,-18,21,-18,21,-18,20,-18,20,-18,19,-18,17,-18,16,-18,16,-18,16,-18,16,-18,15,-18,15,-18]"
CSI_DATA,36141,d8:b1:90:db:e8:90,-56,11,1,7,0,0,1,0,0,0,1,-92,0,8,0,566095532,0,100,0,128,1,"[100,-64,5,0,22,-8,21,-8,20,-8,19,-8,18,-8,18,-9,17,-9,17,-10,16,-11,16,-11,16,-12,16,-12,16,-12,16,-12,16,-12,16,-12,16,-12,16,-11,16,-11,16,-11,16,-11,16,-10,16,-10,17,-9,18,-8,4,-2,0,0,0,0,0,0,0,0,0,0,0,0,0,0,0,0,0,0,6,-2,26,-8,27,-7,28,-7,29,-6,29,-5,30,-4,29,-4,30,-4,30,-3,30,-3,30,-3,30,-3,30,-2,29,-2,28,-2,27,-3,27,-4,26,-4,26,-4,26,-4,25,-5,25,-5,24,-6,24,-7,24,-7,24,-7]"
CSI_DATA,36142,d8:b1:90:db:e8:90,-57,11,1,7,0,0,1,0,0,0,1,-92,0,8,0,566105968,0,100,0,128,1,"[100,-64,5,0,17,15,16,14,16,13,16,13,16,12,16,11,16,10,16,9,16,8,16,8,17,8,17,8,18,8,18,8,18,8,18,8,18,8,17,7,17,8,17,8,17,8,17,9,17,9,17,9,16,10,4,2,0,0,0,0,0,0,0,0,0,0,0,0,0,0,0,0,0,0,5,4,21,17,20,19,19,20,19,21,18,22,18,22,18,22,18,23,18,23,17,23,17,23,17,23,17,23,16,23,16,22,15,21,16,21,16,20,16,20,16,19,16,18,16,18,17,17,17,17,17,16,17,15]"
CSI_DATA,36143,d8:b1:90:db:e8:90,-56,11,1,7,0,0,1,0,0,0,1,-92,0,8,0,566117504,0,100,0,128,1,"[100,-64,5,0,-7,-24,-7,-23,-8,-22,-9,-21,-9,-20,-9,-20,-9,-19,-9,-19,-9,-19,-9,-19,-10,-19,-10,-19,-10,-18,-9,-18,-9,-18,-9,-18,-9,-18,-8,-18,-8,-18,-8,-18,-8,-19,-8,-19,-7,-19,-6,-19,-5,-19,-2,-5,0,0,0,0,0,0,0,0,0,0,0,0,0,0,0,0,0,0,-2,-8,-6,-30,-5,-30,-4,-30,-3,-30,-2,-31,-2,-31,-2,-32,-2,-32,-1,-32,0,-32,0,-32,0,-32,0,-31,-1,-31,-1,-30,-1,-29,-1,-29,-2,-28,-3,-28,-4,-27,-4,-27,-5,-26,-5,-26,-5,-25,-5,-25,-6,-26]"
CSI_DATA,36144,d8:b1:90:db:e8:90,-56,11,1,6,0,0,1,0,0,0,1,-92,0,8,0,566128939,0,100,0,128,1,"[100,-64,5,0,-24,-5,-23,-5,-23,-4,-22,-3,-22,-2,-21,-2,-21,-1,-21,-1,-21,-1,-20,-1,-21,-1,-21,-1,-21,-1,-21,-1,-21,-1,-20,-1,-20,-1,-20,-1,-20,-1,-21,-2,-20,-2,-20,-3,-20,-3,-21,-4,-21,-5,-6,-2,0,0,0,0,0,0,0,0,0,0,0,0,0,0,0,0,0,0,-8,-2,-29,-7,-29,-8,-29,-9,-29,-10,-29,-11,-29,-12,-29,-12,-30,-12,-29,-13,-29,-13,-28,-13,-28,-13,-28,-13,-28,-13,-27,-13,-26,-12,-26,-11,-26,-11,-26,-9,-25,-8,-25,-8,-25,-8,-25,-7,-24,-7,-24,-7,-24,-6]"
CSI_DATA,36145,d8:b1:90:db:e8:90,-56,11,1,6,0,0,1,0,0,0,1,-92,0,8,0,566144342,0,100,0,128,1,"[100,-64,5,0,-10,21,-9,20,-9,20,-8,19,-7,19,-6,18,-6,18,-7,18,-7,18,-6,18,-5,18,-5,18,-5,18,-5,18,-6,18,-5,18,-6,18,-7,18,-7,17,-7,17,-7,17,-7,17,-7,17,-8,17,-9,17,-3,4,0,0,0,0,0,0,0,0,0,0,0,0,0,0,0,0,0,0,-3,7,-11,27,-13,27,-14,26,-15,25,-16,25,-17,25,-18,25,-19,24,-19,24,-19,24,-19,24,-19,24,-19,23,-19,23,-18,23,-17,23,-16,23,-16,23,-14,23,-13,23,-12,23,-12,22,-11,22,-11,22,-10,22,-10,23]"
CSI_DATA,36146,d8:b1:90:db:e8:90,-57,11,1,6,0,0,1,0,0,0,1,-92,0,8,0,566172917,0,100,0,128,1,"[100,-64,5,0,16,-13,16,-13,15,-13,14,-13,13,-13,13,-13,12,-14,12,-14,11,-15,11,-15,10,-15,10,-15,10,-15,11,-15,11,-15,10,-16,11,-16,11,-16,11,-15,11,-16,11,-16,11,-15,11,-15,12,-15,13,-14,3,-4,0,0,0,0,0,0,0,0,0,0,0,0,0,0,0,0,0,0,6,-5,24,-17,24,-15,25,-14,26,-14,26,-13,27,-13,28,-13,28,-13,29,-12,29,-12,28,-12,28,-11,27,-11,26,-11,26,-10,26,-11,25,-11,24,-11,23,-12,22,-12,21,-12,21,-13,20,-14,19,-14,19,-14,18,-14]"
CSI_DATA,36147,d8:b1:90:db:e8:90,-56,11,1,6,0,0,1,0,0,0,1,-93,0,8,0,566190401,0,100,0,128,1,"[100,-64,5,0,10,17,10,16,10,15,11,15,11,14,11,13,11,13,11,12,11,11,11,11,12,11,12,11,13,11,13,11,13,11,13,11,13,11,12,11,12,11,12,11,12,12,12,12,12,12,12,12,12,13,3,3,0,0,0,0,0,0,0,0,0,0,0,0,0,0,0,0,0,0,3,5,14,23,13,24,11,25,10,26,10,26,9,27,9,27,9,27,9,28,9,28,9,28,9,28,8,27,8,27,8,26,8,24,8,24,9,24,9,24,9,23,10,23,10,22,10,21,10,20,11,20,11,19]"
CSI_DATA,36148,d8:b1:90:db:e8:90,-57,11,1,0,0,0,1,0,1,0,0,-93,0,8,0,566206435,0,100,0,128,1,"[100,-64,5,0,8,11,9,8,10,5,12,2,13,1,14,-1,15,-3,15,-4,14,-5,13,-5,12,-4,10,-3,8,-2,5,0,3,2,0,3,-2,5,-4,6,-6,7,-7,8,-8,9,-7,10,-6,10,-5,10,-4,10,-1,2,0,0,0,0,0,0,0,0,0,0,0,0,0,0,0,0,0,0,-1,7,-3,29,-4,28,-4,26,-3,24,1,21,4,19,7,16,11,14,17,13,21,12,25,13,29,13,32,13,32,13,33,15,33,17,31,19,29,20,27,21,24,22,21,22,18,22,15,22,12,22,10,20,9,19]"
CSI_DATA,36149,d8:b1:90:db:e8:90,-57,11,1,6,0,0,1,0,0,0,1,-93,0,8,0,566217972,0,100,0,128,1,"[100,-64,5,0,17,-11,16,-10,16,-10,15,-10,15,-10,14,-10,13,-10,12,-11,12,-12,11,-12,11,-12,10,-12,10,-12,11,-13,10,-13,10,-13,10,-13,10,-13,10,-12,11,-13,10,-13,10,-12,11,-12,12,-12,12,-11,3,-3,0,0,0,0,0,0,0,0,0,0,0,0,0,0,0,0,0,0,5,-4,24,-13,24,-12,25,-11,25,-10,26,-9,26,-9,27,-9,27,-9,28,-8,28,-8,27,-8,27,-8,26,-7,26,-7,26,-7,25,-7,24,-8,24,-8,23,-8,22,-8,21,-8,21,-9,21,-9,20,-10,20,-10,20,-10]"
CSI_DATA,36150,d8:b1:90:db:e8:90,-56,11,1,6,0,0,1,0,0,0,1,-93,0,8,0,566230464,0,100,0,128,1,"[100,-64,5,0,17,-11,16,-10,16,-10,15,-10,14,-10,14,-10,13,-10,12,-11,12,-12,12,-12,11,-12,11,-13,11,-13,11,-13,11,-13,10,-14,10,-14,10,-14,10,-14,10,-14,10,-14,10,-13,11,-13,11,-13,12,-13,3,-4,0,0,0,0,0,0,0,0,0,0,0,0,0,0,0,0,0,0,6,-4,24,-15,25,-14,26,-13,26,-12,26,-11,27,-11,27,-11,27,-10,28,-9,28,-9,27,-9,27,-9,27,-9,26,-9,25,-9,25,-9,25,-9,24,-9,23,-9,21,-9,21,-9,20,-10,20,-10,20,-10,19,-10,19,-10]"
CSI_DATA,36151,d8:b1:90:db:e8:90,-56,11,1,6,0,0,1,0,0,0,1,-93,0,8,0,566240675,0,100,0,128,1,"[100,-64,5,0,6,-19,5,-19,5,-19,4,-18,3,-18,3,-17,2,-17,2,-17,1,-17,1,-17,-1,-17,-2,-17,-3,-17,-2,-16,-2,-17,-2,-17,-2,-17,-2,-17,-2,-17,-2,-17,-2,-17,-3,-17,-2,-17,-1,-17,-1,-17,-1,-5,0,0,0,0,0,0,0,0,0,0,0,0,0,0,0,0,0,0,2,-8,9,-28,10,-28,12,-27,13,-26,14,-25,14,-25,15,-25,15,-26,16,-25,16,-25,16,-25,16,-24,15,-24,15,-23,15,-23,15,-22,14,-22,14,-22,13,-22,12,-22,11,-21,10,-21,9,-22,9,-22,9,-21,8,-22]"
CSI_DATA,36152,d8:b1:90:db:e8:90,-56,11,1,7,0,0,1,0,0,0,1,-93,0,8,0,566251298,0,100,0,128,1,"[100,-64,5,0,19,5,18,5,18,4,18,3,17,3,17,2,17,2,17,1,16,0,16,0,16,-1,16,-2,16,-3,16,-4,16,-3,17,-3,17,-4,17,-4,17,-4,17,-4,17,-3,17,-3,17,-3,18,-3,18,-2,4,-1,0,0,0,0,0,0,0,0,0,0,0,0,0,0,0,0,0,0,7,1,29,6,28,8,27,9,26,10,26,11,27,12,27,12,26,13,26,13,26,14,26,14,25,14,25,14,24,14,23,14,23,13,23,12,22,12,22,11,22,10,21,9,21,9,22,8,22,8,21,7,21,6]"
CSI_DATA,36153,d8:b1:90:db:e8:90,-56,11,1,7,0,0,1,0,0,0,1,-93,0,8,0,566282566,0,100,0,128,1,"[100,-64,5,0,9,18,9,17,9,16,9,15,9,15,9,14,9,13,9,13,8,13,9,12,9,12,10,12,10,12,9,12,9,12,10,12,10,12,9,12,9,12,10,12,10,13,10,13,10,13,10,13,10,13,2,3,0,0,0,0,0,0,0,0,0,0,0,0,0,0,0,0,0,0,3,6,12,26,11,26,9,26,8,27,8,27,8,27,7,26,7,27,6,28,6,29,7,29,7,28,7,27,6,27,5,26,5,25,5,24,5,23,6,23,7,23,7,22,8,22,9,21,9,20,9,20,9,19]"
CSI_DATA,36154,d8:b1:90:db:e8:90,-58,11,1,7,0,0,1,0,0,0,1,-93,0,8,0,566298043,0,100,0,128,1,"[100,-64,5,0,15,-11,14,-11,13,-11,13,-11,12,-11,11,-10,11,-10,11,-11,11,-11,10,-11,10,-11,10,-11,10,-12,10,-12,10,-12,10,-13,10,-13,10,-13,10,-13,10,-13,10,-13,10,-13,10,-13,11,-13,12,-12,3,-3,0,0,0,0,0,0,0,0,0,0,0,0,0,0,0,0,0,0,5,-4,23,-13,24,-12,24,-12,24,-11,25,-10,25,-10,25,-9,25,-8,25,-8,26,-8,26,-8,25,-8,25,-7,24,-7,23,-7,22,-8,22,-8,21,-8,21,-9,20,-9,19,-10,19,-10,18,-11,18,-11,17,-11,17,-11]"
CSI_DATA,36155,d8:b1:90:db:e8:90,-56,11,1,7,0,0,1,0,0,0,1,-93,0,8,0,566308548,0,100,0,128,1,"[100,-64,5,0,13,-15,12,-14,12,-14,12,-15,11,-14,10,-14,10,-14,9,-15,9,-15,9,-15,8,-15,8,-16,8,-16,8,-16,8,-15,8,-16,8,-16,8,-16,8,-16,8,-16,8,-17,8,-16,8,-16,9,-16,10,-16,2,-4,0,0,0,0,0,0,0,0,0,0,0,0,0,0,0,0,0,0,5,-6,20,-21,20,-20,21,-19,22,-19,22,-17,22,-17,22,-17,23,-17,23,-16,23,-16,23,-17,23,-16,23,-15,22,-15,21,-15,20,-15,20,-15,19,-15,19,-15,18,-15,17,-15,17,-15,16,-15,15,-15,15,-16,15,-16]"
CSI_DATA,36156,d8:b1:90:db:e8:90,-56,11,1,7,0,0,1,0,0,0,1,-93,0,8,0,566318903,0,100,0,128,1,"[100,-64,5,0,-6,-21,-6,-21,-6,-20,-8,-19,-9,-18,-8,-17,-8,-16,-8,-16,-8,-15,-8,-15,-9,-15,-10,-15,-10,-15,-10,-15,-10,-15,-9,-15,-9,-15,-9,-15,-8,-15,-8,-15,-8,-16,-8,-16,-8,-16,-8,-16,-8,-17,-2,-5,0,0,0,0,0,0,0,0,0,0,0,0,0,0,0,0,0,0,-3,-8,-9,-29,-8,-29,-6,-29,-5,-29,-4,-29,-4,-30,-4,-30,-4,-30,-3,-30,-3,-30,-2,-30,-3,-29,-3,-29,-2,-28,-2,-28,-3,-27,-3,-27,-4,-26,-4,-26,-5,-25,-5,-25,-6,-24,-6,-23,-7,-23,-6,-22,-6,-22]"
CSI_DATA,36157,d8:b1:90:db:e8:90,-56,11,1,7,0,0,1,0,0,0,1,-93,0,8,0,566331736,0,100,0,128,1,"[100,-64,5,0,12,16,12,15,12,14,13,13,14,12,13,11,13,11,12,10,12,9,12,9,13,9,14,9,14,9,14,9,14,9,14,9,14,9,13,9,13,9,13,10,13,10,13,11,13,11,14,11,14,11,3,3,0,0,0,0,0,0,0,0,0,0,0,0,0,0,0,0,0,0,4,5,19,21,18,22,17,21,16,22,15,22,15,23,15,24,15,24,14,24,14,24,14,24,14,23,14,23,13,23,13,23,13,22,13,21,13,21,13,20,14,20,14,19,14,18,14,17,14,16,14,16,13,15]"
CSI_DATA,36158,d8:b1:90:db:e8:90,-56,11,1,7,0,0,1,0,0,0,1,-93,0,8,0,566347151,0,100,0,128,1,"[100,-64,5,0,-2,19,-2,18,-2,18,-2,17,-2,16,-1,13,-2,10,-1,12,0,13,-3,15,-6,18,-4,19,-2,17,-1,15,-1,15,0,16,0,17,-1,17,-1,16,-1,17,-1,17,0,17,0,17,-2,17,-3,17,-1,4,0,0,0,0,0,0,0,0,0,0,0,0,0,0,0,0,0,0,0,6,1,27,-1,27,-3,27,-4,27,-4,26,-5,27,-6,27,-7,27,-7,27,-7,27,-7,28,-6,27,-6,26,-6,25,-6,25,-6,25,-6,24,-6,23,-5,23,-4,23,-3,23,-3,23,-2,22,-2,22,-1,21,-1,21]"
CSI_DATA,36159,d8:b1:90:db:e8:90,-56,11,1,7,0,0,1,0,0,0,1,-93,0,8,0,566375065,0,100,0,128,1,"[100,-64,5,0,-16,12,-15,11,-14,11,-13,12,-13,12,-12,11,-12,11,-12,12,-11,12,-10,12,-10,12,-10,13,-10,13,-11,13,-11,13,-10,13,-10,13,-11,13,-11,13,-11,14,-11,14,-11,13,-11,14,-12,14,-13,13,-4,3,0,0,0,0,0,0,0,0,0,0,0,0,0,0,0,0,0,0,-6,4,-23,17,-24,16,-25,15,-25,14,-25,14,-25,13,-26,12,-26,12,-26,12,-26,12,-26,12,-26,12,-25,11,-25,11,-25,12,-25,12,-24,12,-24,12,-23,12,-22,12,-21,12,-20,12,-19,13,-18,13,-18,12,-17,13]"
CSI_DATA,36160,d8:b1:90:db:e8:90,-56,11,1,7,0,0,1,0,0,0,1,-93,0,8,0,566388159,0,100,0,128,1,"[100,-64,5,0,12,13,12,12,12,11,12,10,12,10,11,9,11,9,11,8,11,8,11,8,11,8,12,8,12,8,12,8,13,8,13,8,13,8,12,7,12,8,12,8,12,9,12,10,12,10,12,10,11,11,2,2,0,0,0,0,0,0,0,0,0,0,0,0,0,0,0,0,0,0,6,5,25,19,23,14,20,13,19,14,19,15,19,16,18,16,18,17,18,18,17,18,17,18,16,18,16,18,15,18,14,18,14,18,14,17,14,17,14,16,13,15,13,15,13,15,13,15,13,14,13,14,13,14]"
CSI_DATA,36161,d8:b1:90:db:e8:90,-56,11,1,7,0,0,1,0,0,0,1,-93,0,8,0,566398608,0,100,0,128,1,"[100,-64,5,0,-18,-10,-18,-10,-17,-9,-18,-7,-17,-6,-17,-6,-17,-5,-17,-4,-16,-4,-16,-4,-16,-4,-16,-3,-17,-2,-17,-2,-17,-2,-17,-2,-17,-2,-17,-2,-17,-2,-17,-2,-17,-3,-17,-3,-17,-4,-17,-4,-17,-5,-5,-2,0,0,0,0,0,0,0,0,0,0,0,0,0,0,0,0,0,0,-7,-4,-26,-13,-25,-15,-23,-16,-22,-17,-22,-18,-22,-19,-22,-19,-22,-20,-22,-20,-21,-20,-21,-20,-20,-20,-20,-20,-20,-20,-20,-19,-20,-19,-20,-18,-20,-18,-19,-17,-19,-16,-19,-15,-19,-14,-19,-14,-19,-13,-19,-13,-19,-12]"
CSI_DATA,36162,d8:b1:90:db:e8:90,-57,11,1,7,0,0,1,0,0,0,1,-93,0,8,0,566409596,0,100,0,128,1,"[100,-64,5,0,18,-1,17,-1,17,-1,17,-2,16,-3,16,-3,15,-4,15,-5,15,-5,15,-5,15,-6,15,-6,15,-6,16,-7,16,-7,17,-7,17,-7,17,-7,17,-7,17,-7,17,-6,17,-6,17,-6,18,-6,18,-6,4,-2,0,0,0,0,0,0,0,0,0,0,0,0,0,0,0,0,0,0,6,-1,27,-1,27,0,27,2,27,3,27,4,27,4,27,4,27,5,27,5,26,5,27,6,27,6,26,6,25,6,25,5,24,4,23,4,23,3,23,3,22,2,22,2,21,1,21,0,21,0,20,0,20,-1]"
CSI_DATA,36163,d8:b1:90:db:e8:90,-57,11,1,7,0,0,1,0,0,0,1,-93,0,8,0,566421945,0,100,0,128,1,"[100,-64,5,0,16,-7,16,-7,15,-7,15,-8,14,-8,14,-8,13,-8,13,-8,12,-8,12,-8,13,-8,13,-8,13,-7,14,-7,14,-7,14,-6,14,-6,15,-6,14,-6,14,-6,14,-5,14,-4,15,-4,16,-4,16,-3,4,-1,0,0,0,0,0,0,0,0,0,0,0,0,0,0,0,0,0,0,4,-6,18,-20,19,-19,20,-17,21,-15,22,-14,22,-14,23,-14,23,-13,23,-13,23,-13,23,-13,23,-12,23,-11,22,-11,22,-10,22,-10,22,-9,22,-8,21,-9,20,-9,19,-5,23,0,26,-4,19,-10,14,-9,17,-9]"
CSI_DATA,36164,d8:b1:90:db:e8:90,-56,11,1,7,0,0,1,0,0,0,1,-93,0,8,0,566434930,0,100,0,128,1,"[100,-64,5,0,4,-20,3,-19,3,-18,2,-19,1,-19,1,-18,0,-18,0,-18,0,-18,-1,-17,-1,-18,-1,-18,-1,-18,0,-18,0,-18,0,-18,1,-18,1,-18,1,-18,1,-18,1,-18,1,-18,1,-18,2,-18,2,-18,0,-5,0,0,0,0,0,0,0,0,0,0,0,0,0,0,0,0,0,0,1,-8,7,-29,8,-28,10,-27,11,-27,12,-26,12,-27,12,-28,13,-28,13,-27,13,-27,13,-27,13,-27,12,-26,12,-26,12,-25,11,-25,11,-24,10,-24,9,-23,8,-23,7,-23,6,-22,5,-22,5,-21,5,-21,5,-22]"
CSI_DATA,36165,d8:b1:90:db:e8:90,-56,11,1,7,0,0,1,0,0,0,1,-93,0,8,0,566451205,0,100,0,128,1,"[100,-64,5,0,-5,-20,-5,-19,-5,-18,-5,-17,-6,-17,-6,-16,-7,-16,-7,-16,-7,-16,-7,-16,-8,-16,-10,-15,-10,-15,-10,-15,-10,-15,-10,-15,-10,-15,-10,-15,-10,-14,-10,-15,-11,-15,-11,-15,-10,-16,-10,-16,-9,-17,-3,-5,0,0,0,0,0,0,0,0,0,0,0,0,0,0,0,0,0,0,-1,-8,-3,-30,-1,-29,1,-29,2,-29,2,-29,2,-29,2,-29,2,-29,3,-28,3,-28,4,-28,4,-28,4,-28,3,-27,3,-27,3,-26,2,-26,1,-25,0,-24,-1,-23,-1,-23,-2,-23,-2,-23,-3,-22,-3,-22,-3,-21]"
CSI_DATA,36166,d8:b1:90:db:e8:90,-56,11,1,7,0,0,1,0,0,0,1,-93,0,8,0,566480442,0,100,0,128,1,"[100,-64,5,0,2,-21,2,-21,2,-20,2,-20,2,-19,1,-18,0,-18,-1,-18,-2,-18,-2,-17,-3,-17,-3,-18,-3,-18,-3,-18,-3,-18,-4,-18,-4,-18,-3,-18,-2,-17,0,-14,0,-13,1,-12,0,-14,-1,-17,-2,-18,-1,-5,0,0,0,0,0,0,0,0,0,0,0,0,0,0,0,0,0,0,0,-8,3,-31,4,-30,5,-30,6,-29,7,-29,8,-30,8,-29,8,-29,9,-29,9,-29,9,-29,9,-28,8,-28,8,-27,8,-26,7,-26,7,-26,6,-25,5,-24,4,-24,3,-24,3,-24,3,-23,3,-23,3,-23,2,-22]"
CSI_DATA,36167,d8:b1:90:db:e8:90,-56,11,1,7,0,0,1,0,0,0,1,-93,0,8,0,566493127,0,100,0,128,1,"[100,-64,5,0,4,19,4,18,5,17,5,17,6,16,6,15,6,15,7,14,7,14,8,14,9,14,9,14,9,14,9,14,9,14,10,15,10,14,9,14,9,14,9,15,9,15,9,16,9,16,8,16,8,17,2,4,0,0,0,0,0,0,0,0,0,0,0,0,0,0,0,0,0,0,1,6,5,27,3,27,2,27,1,28,0,28,-1,28,-1,28,-2,28,-2,29,-2,28,-1,28,-1,27,-1,27,-1,27,-1,26,-1,25,-1,25,0,24,1,24,2,23,2,23,3,22,3,22,3,22,4,21,4,21]"
CSI_DATA,36168,d8:b1:90:db:e8:90,-58,11,1,7,0,0,1,0,0,0,1,-93,0,8,0,566506555,0,100,0,128,1,"[100,-64,5,0,-5,18,-5,17,-4,17,-4,17,-3,16,-2,16,-2,16,-1,16,-1,16,-1,16,0,16,1,17,1,17,1,17,1,17,1,18,1,18,1,17,0,17,0,18,1,18,1,18,0,18,-1,18,-2,18,-1,4,0,0,0,0,0,0,0,0,0,0,0,0,0,0,0,0,0,0,-2,6,-8,25,-9,25,-10,24,-11,24,-11,24,-12,24,-13,24,-13,24,-13,24,-14,24,-13,24,-13,23,-13,23,-12,22,-12,22,-12,21,-11,21,-10,21,-9,20,-8,20,-8,20,-8,20,-7,20,-7,20,-6,20,-6,20]"
CSI_DATA,36169,d8:b1:90:db:e8:90,-56,11,1,7,0,0,1,0,0,0,1,-93,0,8,0,566520960,0,100,0,128,1,"[100,-64,5,0,-20,7,-19,7,-19,7,-18,7,-18,7,-17,7,-16,8,-16,9,-15,9,-15,9,-14,9,-14,10,-15,10,-15,10,-15,10,-15,11,-16,12,-16,11,-16,11,-16,11,-15,10,-15,10,-16,10,-17,10,-17,9,-5,2,0,0,0,0,0,0,0,0,0,0,0,0,0,0,0,0,0,0,-7,2,-29,9,-29,7,-29,5,-29,5,-29,4,-30,4,-30,3,-30,3,-30,3,-30,3,-30,3,-30,3,-29,3,-29,3,-28,3,-27,4,-27,4,-26,4,-26,4,-25,5,-24,5,-23,6,-23,6,-22,6,-22,6,-22,7]"
CSI_DATA,36170,d8:b1:90:db:e8:90,-56,11,1,7,0,0,1,0,0,0,1,-93,0,8,0,566535482,0,100,0,128,1,"[100,-64,5,0,3,-21,2,-20,2,-19,1,-19,-1,-18,-1,-18,0,-18,1,-18,2,-18,2,-18,1,-18,0,-18,0,-18,0,-18,0,-18,0,-19,0,-19,0,-19,0,-19,0,-19,0,-19,0,-19,0,-19,1,-19,2,-19,0,-5,0,0,0,0,0,0,0,0,0,0,0,0,0,0,0,0,0,0,2,-8,8,-29,9,-29,9,-28,10,-28,11,-28,11,-28,11,-28,11,-28,11,-28,12,-28,12,-27,12,-27,11,-26,11,-26,10,-25,10,-25,9,-25,9,-25,9,-25,8,-25,8,-24,7,-24,7,-23,7,-22,6,-21,6,-21]"
CSI_DATA,36171,d8:b1:90:db:e8:90,-56,11,1,7,0,0,1,0,0,0,1,-93,0,8,0,566546383,0,100,0,128,1,"[100,-64,5,0,8,-18,8,-17,7,-17,7,-18,6,-18,5,-17,6,-17,7,-16,7,-16,7,-16,6,-16,5,-17,5,-18,6,-17,6,-18,5,-19,5,-19,5,-19,5,-19,5,-19,4,-19,4,-19,4,-19,5,-19,6,-20,1,-5,0,0,0,0,0,0,0,0,0,0,0,0,0,0,0,0,0,0,3,-7,15,-25,16,-23,18,-22,18,-21,18,-22,19,-22,19,-22,19,-22,19,-22,19,-22,19,-22,18,-22,17,-21,17,-21,17,-20,16,-20,16,-20,15,-20,15,-20,15,-20,14,-20,13,-19,12,-19,12,-18,11,-18,11,-18]"
CSI_DATA,36172,d8:b1:90:db:e8:90,-58,11,1,7,0,0,1,0,0,0,1,-93,0,8,0,566556544,0,100,0,128,1,"[100,-64,5,0,-7,18,-6,18,-6,17,-6,16,-5,16,-4,16,-4,15,-3,15,-3,15,-3,15,-2,16,-1,16,-1,17,-1,17,-1,17,0,17,0,17,-1,17,-1,17,-1,18,-1,18,-1,18,-2,18,-4,18,-5,18,-2,4,0,0,0,0,0,0,0,0,0,0,0,0,0,0,0,0,0,0,-3,6,-12,24,-13,23,-14,23,-15,22,-16,22,-16,22,-16,22,-16,22,-16,22,-17,22,-17,22,-17,22,-17,21,-16,20,-16,20,-15,20,-14,20,-14,19,-12,19,-11,19,-10,19,-10,19,-10,20,-9,19,-9,19,-8,19]"
CSI_DATA,36173,d8:b1:90:db:e8:90,-67,11,1,7,0,0,1,0,0,0,1,-93,0,8,0,566580869,0,100,0,128,1,"[100,-64,5,0,19,6,19,5,20,4,20,4,20,3,20,3,20,2,20,1,20,1,21,0,21,1,21,1,21,1,21,1,21,1,20,2,20,2,20,2,20,1,20,2,20,2,19,3,18,3,18,4,18,4,4,1,0,0,0,0,0,0,0,0,0,0,0,0,0,0,0,0,0,0,4,1,19,6,18,7,18,8,17,9,17,11,16,11,16,11,17,11,18,12,18,13,18,13,17,13,17,14,17,13,17,13,17,12,17,12,17,11,17,11,17,11,17,10,17,10,18,9,18,8,18,7,19,6]"
CSI_DATA,36174,d8:b1:90:db:e8:90,-58,11,1,5,0,0,1,0,1,0,0,-93,0,8,0,566595268,0,100,0,128,1,"[100,-64,5,0,10,-1,9,-4,8,-7,7,-9,6,-11,5,-13,5,-14,5,-16,5,-16,4,-15,4,-13,4,-11,4,-9,4,-6,4,-3,4,0,4,3,4,5,3,7,3,8,4,9,4,9,5,8,5,7,6,6,1,1,0,0,0,0,0,0,0,0,0,0,0,0,0,0,0,0,0,0,1,5,6,22,4,22,3,21,4,18,5,15,7,12,9,8,13,4,16,1,20,-2,24,-4,28,-5,31,-6,33,-6,35,-6,36,-5,36,-4,36,-3,35,-1,33,0,31,2,29,4,26,5,24,6,21,6,19,6]"
CSI_DATA,36175,d8:b1:90:db:e8:90,-58,11,1,5,0,0,1,0,1,0,0,-93,0,8,0,566608455,0,100,0,128,1,"[100,-64,5,0,-8,10,-5,10,-2,11,1,12,3,13,4,14,5,15,5,15,5,14,5,14,5,12,3,11,1,9,-1,7,-3,4,-5,2,-7,0,-9,-2,-10,-4,-10,-5,-11,-5,-11,-5,-11,-4,-10,-3,-10,-1,-3,-1,0,0,0,0,0,0,0,0,0,0,0,0,0,0,0,0,0,0,-7,-2,-26,-6,-25,-7,-23,-8,-21,-6,-18,-4,-16,0,-15,3,-13,7,-13,12,-12,17,-12,21,-12,24,-13,27,-14,29,-16,30,-17,30,-18,30,-19,29,-20,27,-20,25,-21,22,-21,20,-20,17,-19,15,-18,13,-17,11]"
CSI_DATA,36176,d8:b1:90:db:e8:90,-57,11,1,5,0,0,1,0,1,0,0,-93,0,8,0,566625039,0,100,0,128,1,"[100,-64,5,0,4,-12,2,-13,-1,-12,-5,-12,-7,-15,-7,-15,-8,-14,-10,-15,-9,-15,-7,-14,-8,-12,-7,-12,-3,-11,-1,-7,1,-5,4,-4,8,-2,9,1,9,2,10,1,11,3,10,3,10,1,11,0,10,0,2,0,0,0,0,0,0,0,0,0,0,0,0,0,0,0,0,0,0,0,6,1,26,7,25,9,22,8,20,6,19,4,16,1,14,-4,13,-9,12,-13,11,-18,11,-23,13,-27,13,-30,12,-32,14,-34,16,-34,16,-32,17,-32,18,-31,19,-28,18,-25,18,-24,19,-21,17,-17,15,-16,14,-16]"
CSI_DATA,36177,d8:b1:90:db:e8:90,-56,11,1,7,0,0,1,0,0,0,1,-93,0,8,0,566635219,0,100,0,128,1,"[100,-64,5,0,17,10,17,9,17,8,17,7,17,6,17,5,16,5,16,4,16,3,16,3,16,3,16,3,16,2,17,2,17,2,17,3,17,3,17,3,17,3,17,3,17,4,17,5,17,5,17,6,17,6,4,1,0,0,0,0,0,0,0,0,0,0,0,0,0,0,0,0,0,0,6,3,24,14,23,15,22,16,21,16,22,17,21,17,21,18,21,18,21,19,20,19,20,19,19,18,19,18,19,18,19,18,19,18,19,17,19,16,19,15,18,14,18,13,18,13,19,13,18,13,18,12,18,12]"
CSI_DATA,36178,d8:b1:90:db:e8:90,-56,11,1,7,0,0,1,0,0,0,1,-93,0,8,0,566646704,0,100,0,128,1,"[100,-64,5,0,-11,17,-10,17,-10,17,-10,16,-9,16,-8,15,-8,15,-8,15,-8,15,-7,15,-6,15,-6,15,-6,15,-6,15,-6,15,-5,16,-5,17,-5,16,-5,16,-5,17,-5,17,-5,17,-5,17,-6,17,-7,16,-2,4,0,0,0,0,0,0,0,0,0,0,0,0,0,0,0,0,0,0,-4,6,-14,24,-15,23,-17,22,-18,22,-18,21,-18,21,-19,21,-19,21,-19,21,-20,21,-20,20,-20,20,-19,20,-19,19,-18,19,-18,18,-17,18,-16,18,-16,19,-15,19,-14,19,-13,19,-13,19,-12,18,-12,18,-11,18]"
CSI_DATA,36179,d8:b1:90:db:e8:90,-56,11,1,7,0,0,1,0,0,0,1,-93,0,8,0,566659047,0,100,0,128,1,"[100,-64,5,0,-9,16,-8,16,-8,16,-7,16,-7,15,-6,15,-6,15,-6,15,-6,14,-5,14,-5,14,-4,14,-4,14,-5,14,-4,14,-4,15,-4,15,-4,15,-4,15,-4,15,-4,15,-4,15,-5,15,-5,15,-6,15,-2,3,0,0,0,0,0,0,0,0,0,0,0,0,0,0,0,0,0,0,-3,6,-11,24,-12,23,-14,22,-15,21,-15,21,-15,21,-15,21,-16,21,-16,21,-17,21,-17,21,-17,20,-17,20,-17,19,-16,18,-15,18,-15,18,-14,18,-13,18,-12,19,-12,19,-11,19,-11,19,-10,18,-9,18,-9,18]"
CSI_DATA,36180,d8:b1:90:db:e8:90,-56,11,1,7,0,0,1,0,0,0,1,-93,0,8,0,566686283,0,100,0,128,1,"[100,-64,5,0,17,-9,17,-9,16,-9,15,-9,15,-9,14,-9,14,-10,14,-10,13,-11,13,-11,13,-11,14,-11,14,-11,15,-11,15,-11,14,-11,14,-11,14,-11,15,-11,15,-12,15,-11,14,-11,15,-10,16,-10,17,-10,4,-3,0,0,0,0,0,0,0,0,0,0,0,0,0,0,0,0,0,0,6,-3,25,-10,25,-9,25,-8,25,-7,25,-7,26,-7,26,-7,27,-7,27,-7,27,-6,26,-7,26,-7,26,-6,25,-6,24,-7,24,-7,23,-7,23,-7,22,-7,21,-7,20,-8,20,-8,20,-8,20,-8,19,-8,19,-9]"
CSI_DATA,36181,d8:b1:90:db:e8:90,-56,11,1,7,0,0,1,0,0,0,1,-93,0,8,0,566696399,0,100,0,128,1,"[100,-64,5,0,7,19,7,18,8,17,8,17,9,16,9,15,9,15,9,14,9,14,9,13,9,14,10,15,9,15,9,14,9,14,9,15,9,14,8,14,8,14,8,15,9,15,8,16,8,16,7,16,7,17,1,4,0,0,0,0,0,0,0,0,0,0,0,0,0,0,0,0,0,0,2,6,9,26,7,26,5,26,4,26,4,27,4,27,5,28,4,28,4,28,3,28,3,28,4,28,4,28,4,28,4,27,4,26,5,25,4,24,4,23,5,23,6,22,6,22,6,22,6,22,7,21,8,21]"
CSI_DATA,36182,d8:b1:90:db:e8:90,-57,11,1,7,0,0,1,0,0,0,1,-93,0,8,0,566711830,0,100,0,128,1,"[100,-64,5,0,-8,-19,-8,-19,-8,-18,-8,-17,-8,-16,-8,-16,-8,-15,-9,-15,-9,-14,-10,-14,-11,-15,-11,-15,-11,-14,-11,-14,-11,-15,-11,-15,-10,-15,-10,-15,-10,-15,-10,-16,-10,-16,-10,-17,-10,-17,-9,-17,-9,-17,-2,-5,0,0,0,0,0,0,0,0,0,0,0,0,0,0,0,0,0,0,-3,-7,-10,-27,-9,-27,-7,-27,-6,-27,-6,-27,-5,-28,-5,-28,-5,-28,-4,-28,-4,-28,-4,-27,-4,-27,-4,-26,-4,-26,-4,-26,-4,-25,-4,-25,-5,-24,-6,-24,-6,-23,-6,-22,-7,-22,-7,-21,-7,-21,-7,-21,-7,-20]"
CSI_DATA,36183,d8:b1:90:db:e8:90,-56,11,1,7,0,0,1,0,0,0,1,-93,0,8,0,566724919,0,100,0,128,1,"[100,-64,5,0,-8,18,-8,18,-7,17,-6,17,-5,17,-5,16,-5,16,-5,16,-4,16,-4,16,-3,16,-3,16,-3,17,-3,17,-3,17,-4,17,-4,17,-4,17,-4,17,-4,17,-4,17,-4,17,-5,17,-6,17,-6,17,-2,4,0,0,0,0,0,0,0,0,0,0,0,0,0,0,0,0,0,0,-3,6,-10,25,-11,25,-13,24,-14,24,-15,24,-15,24,-15,24,-16,23,-16,23,-16,23,-16,24,-16,23,-16,23,-15,22,-14,22,-14,22,-13,21,-13,21,-12,21,-11,21,-10,21,-10,21,-9,20,-9,20,-9,19,-8,19]"
CSI_DATA,36184,d8:b1:90:db:e8:90,-56,11,1,7,0,0,1,0,0,0,1,-93,0,8,0,566736532,0,100,0,128,1,"[100,-64,5,0,18,9,18,8,17,8,17,7,17,7,16,6,16,5,16,4,16,4,16,4,16,4,16,4,16,3,16,3,16,3,17,4,17,4,17,4,17,4,17,4,16,5,16,6,16,6,16,6,16,6,4,1,0,0,0,0,0,0,0,0,0,0,0,0,0,0,0,0,0,0,6,3,25,12,25,12,24,14,23,16,23,17,23,17,23,18,23,18,22,18,22,18,23,18,23,18,22,18,22,18,21,17,21,16,21,15,21,15,21,14,21,13,21,12,21,12,20,11,20,11,20,11,20,9]"
CSI_DATA,36185,d8:b1:90:db:e8:90,-58,11,1,7,0,0,1,0,0,0,1,-93,0,8,0,566751174,0,100,0,128,1,"[100,-64,5,0,-5,-19,-5,-19,-5,-18,-6,-18,-6,-17,-6,-17,-6,-16,-6,-16,-6,-16,-7,-16,-8,-16,-8,-16,-8,-16,-8,-16,-8,-16,-9,-16,-9,-16,-9,-16,-9,-16,-9,-15,-10,-16,-10,-16,-9,-16,-8,-17,-7,-18,-2,-5,0,0,0,0,0,0,0,0,0,0,0,0,0,0,0,0,0,0,-1,-7,-4,-28,-3,-28,-1,-28,-1,-28,0,-28,0,-28,0,-28,0,-28,0,-28,0,-28,1,-28,1,-28,0,-28,0,-27,0,-26,0,-26,-1,-25,-1,-25,-2,-24,-3,-23,-4,-23,-4,-22,-4,-22,-4,-21,-4,-21,-4,-21]"
CSI_DATA,36186,d8:b1:90:db:e8:90,-56,11,1,7,0,0,1,0,0,0,1,-93,0,8,0,566761631,0,100,0,128,1,"[100,-64,5,0,-14,14,-13,13,-12,13,-12,13,-11,13,-11,13,-10,13,-10,13,-10,13,-10,13,-9,13,-9,14,-9,14,-10,14,-10,14,-9,15,-9,16,-9,16,-10,15,-9,15,-9,15,-9,15,-10,15,-12,14,-13,14,-4,3,0,0,0,0,0,0,0,0,0,0,0,0,0,0,0,0,0,0,-6,5,-21,19,-22,18,-22,17,-23,16,-23,15,-24,15,-24,16,-24,16,-24,16,-25,15,-25,15,-25,15,-24,15,-24,14,-23,14,-22,14,-21,14,-20,14,-19,15,-18,15,-18,15,-17,15,-17,15,-16,14,-16,14,-15,14]"
CSI_DATA,36187,d8:b1:90:db:e8:90,-56,11,1,7,0,0,1,0,0,0,1,-93,0,8,0,566792891,0,100,0,128,1,"[100,-64,5,0,-16,11,-15,11,-15,11,-14,11,-13,11,-13,11,-12,11,-12,12,-12,13,-11,13,-10,13,-10,13,-10,14,-10,14,-10,15,-10,15,-10,15,-11,15,-11,14,-11,15,-11,15,-11,14,-12,14,-13,14,-14,14,-4,3,0,0,0,0,0,0,0,0,0,0,0,0,0,0,0,0,0,0,-6,3,-24,15,-25,14,-26,13,-26,12,-27,11,-27,11,-27,11,-27,12,-27,11,-27,10,-27,10,-27,9,-26,9,-26,9,-26,10,-25,10,-24,10,-23,10,-22,11,-21,11,-20,11,-20,11,-19,11,-19,11,-18,11,-18,11]"
CSI_DATA,36188,d8:b1:90:db:e8:90,-58,11,1,7,0,0,1,0,0,0,1,-93,0,8,0,566804789,0,100,0,128,1,"[100,-64,5,0,17,5,16,5,16,4,16,4,16,4,16,4,16,3,16,2,16,1,16,1,16,1,16,0,16,-1,17,-1,17,-1,17,-1,17,-1,17,-1,18,-1,18,-1,18,0,18,0,18,0,18,1,18,2,4,0,0,0,0,0,0,0,0,0,0,0,0,0,0,0,0,0,0,0,6,2,26,9,25,10,24,11,23,12,23,13,23,13,23,13,23,13,23,13,23,14,23,14,22,14,22,14,22,13,22,13,21,12,21,11,20,11,20,10,20,10,20,9,20,8,19,8,19,8,19,7,18,7]"
CSI_DATA,36189,d8:b1:90:db:e8:90,-56,11,1,7,0,0,1,0,0,0,1,-93,0,8,0,566815171,0,100,0,128,1,"[100,-64,5,0,-11,-17,-11,-17,-10,-16,-11,-16,-11,-15,-11,-15,-11,-14,-11,-13,-11,-12,-12,-12,-12,-12,-13,-13,-13,-13,-13,-12,-13,-12,-13,-12,-13,-12,-13,-12,-13,-12,-13,-12,-14,-13,-14,-13,-14,-14,-13,-14,-13,-15,-3,-4,0,0,0,0,0,0,0,0,0,0,0,0,0,0,0,0,0,0,-4,-7,-15,-26,-13,-27,-12,-27,-11,-27,-11,-28,-10,-28,-10,-28,-10,-29,-10,-30,-9,-30,-9,-29,-9,-29,-8,-28,-8,-28,-8,-27,-8,-26,-9,-26,-9,-25,-10,-24,-10,-23,-10,-22,-11,-22,-11,-21,-11,-20,-11,-20,-12,-19]"
CSI_DATA,36190,d8:b1:90:db:e8:90,-56,11,1,7,0,0,1,0,0,0,1,-93,0,8,0,566827628,0,100,0,128,1,"[100,-64,5,0,4,-19,4,-18,4,-18,4,-18,3,-18,3,-17,2,-17,2,-17,1,-17,1,-17,0,-17,0,-18,0,-19,0,-18,0,-19,0,-19,0,-18,0,-18,0,-18,0,-19,0,-19,0,-19,1,-19,2,-20,2,-20,0,-5,0,0,0,0,0,0,0,0,0,0,0,0,0,0,0,0,0,0,1,-7,7,-28,8,-28,9,-28,10,-27,10,-27,11,-27,11,-27,11,-28,12,-27,12,-27,13,-26,13,-26,12,-25,12,-25,12,-25,11,-24,11,-24,10,-24,9,-23,8,-22,7,-22,7,-22,6,-22,6,-21,6,-21,6,-21]"
CSI_DATA,36191,d8:b1:90:db:e8:90,-57,11,1,7,0,0,1,0,0,0,1,-93,0,8,0,566838678,0,100,0,128,1,"[100,-64,5,0,17,-8,16,-8,16,-8,16,-8,15,-7,14,-7,14,-8,13,-9,13,-10,12,-10,12,-10,12,-10,12,-11,13,-11,13,-11,13,-11,13,-11,13,-11,13,-11,14,-11,13,-11,13,-10,14,-10,15,-10,15,-10,4,-3,0,0,0,0,0,0,0,0,0,0,0,0,0,0,0,0,0,0,6,-3,26,-9,27,-8,27,-7,27,-6,27,-5,27,-5,28,-4,28,-3,28,-3,28,-3,28,-4,27,-4,27,-3,27,-4,26,-4,25,-4,24,-5,24,-5,23,-6,22,-6,22,-7,21,-7,21,-8,20,-8,20,-8,20,-8]"
CSI_DATA,36192,d8:b1:90:db:e8:90,-56,11,1,7,0,0,1,0,0,0,1,-93,0,8,0,566850193,0,100,0,128,1,"[100,-64,5,0,14,-9,13,-8,13,-8,13,-8,12,-8,11,-8,11,-9,11,-9,11,-10,10,-10,10,-10,10,-11,10,-11,10,-12,11,-12,11,-12,11,-12,11,-12,11,-12,11,-12,11,-12,11,-12,12,-12,13,-13,13,-11,3,-3,0,0,0,0,0,0,0,0,0,0,0,0,0,0,0,0,0,0,5,-4,23,-13,23,-11,23,-10,23,-10,24,-10,24,-9,25,-8,24,-8,24,-7,24,-7,24,-8,24,-8,23,-7,22,-7,22,-7,21,-8,21,-8,20,-8,19,-9,18,-9,18,-9,17,-9,17,-10,16,-10,16,-9,16,-9]"
CSI_DATA,36193,d8:b1:90:db:e8:90,-56,11,1,7,0,0,1,0,0,0,1,-93,0,8,0,566868711,0,100,0,128,1,"[100,-64,5,0,13,-15,12,-14,11,-14,11,-14,10,-14,10,-14,10,-14,10,-15,10,-15,9,-14,9,-14,9,-15,9,-15,9,-16,10,-16,10,-16,10,-16,10,-16,10,-16,10,-16,10,-16,10,-16,10,-15,11,-15,12,-15,3,-4,0,0,0,0,0,0,0,0,0,0,0,0,0,0,0,0,0,0,4,-6,20,-21,21,-21,21,-20,22,-19,22,-18,23,-18,23,-18,24,-18,24,-17,23,-17,23,-17,23,-17,23,-17,22,-17,22,-16,21,-16,20,-17,19,-17,18,-17,17,-17,16,-17,16,-17,16,-17,16,-16,15,-16,14,-16]"
CSI_DATA,36194,d8:b1:90:db:e8:90,-58,11,1,7,0,0,1,0,0,0,1,-93,0,8,0,566884835,0,100,0,128,1,"[100,-64,5,0,-17,-12,-16,-12,-16,-11,-16,-10,-16,-10,-16,-9,-16,-9,-16,-9,-15,-9,-15,-9,-16,-9,-16,-8,-17,-8,-17,-8,-17,-8,-18,-8,-18,-8,-18,-8,-18,-8,-18,-8,-18,-9,-18,-10,-18,-10,-18,-10,-17,-10,-5,-3,0,0,0,0,0,0,0,0,0,0,0,0,0,0,0,0,0,0,-7,-5,-24,-20,-23,-21,-23,-21,-23,-22,-21,-23,-20,-23,-20,-21,-20,-21,-20,-22,-20,-23,-19,-24,-19,-24,-19,-22,-19,-22,-19,-21,-18,-20,-18,-19,-18,-18,-19,-17,-19,-16,-19,-16,-19,-15,-19,-15,-18,-15,-18,-14,-18,-13]"
CSI_DATA,36195,d8:b1:90:db:e8:90,-56,11,1,7,0,0,1,0,0,0,1,-93,0,8,0,566902504,0,100,0,128,1,"[100,-64,5,0,19,2,18,2,18,1,17,1,17,1,16,0,16,-1,16,-2,15,-3,15,-3,15,-3,16,-4,16,-4,16,-5,17,-5,17,-5,17,-5,17,-4,17,-4,17,-4,17,-3,17,-3,17,-2,18,-2,18,-2,4,-1,0,0,0,0,0,0,0,0,0,0,0,0,0,0,0,0,0,0,7,0,29,3,29,4,28,6,27,8,27,9,27,9,26,10,26,10,26,10,25,10,25,9,25,9,24,9,24,9,24,8,24,7,23,7,23,6,23,6,23,6,22,5,22,4,21,3,21,3,21,2,21,2]"
CSI_DATA,36196,d8:b1:90:db:e8:90,-58,11,1,7,0,0,1,0,0,0,1,-93,0,8,0,566916253,0,100,0,128,1,"[100,-64,5,0,17,-3,17,-3,16,-3,16,-3,15,-3,15,-3,14,-4,14,-5,14,-6,14,-6,14,-6,14,-6,14,-6,14,-7,14,-7,14,-8,14,-8,14,-8,14,-8,15,-8,14,-7,14,-7,15,-6,16,-6,16,-5,4,-2,0,0,0,0,0,0,0,0,0,0,0,0,0,0,0,0,0,0,6,-2,26,-4,26,-3,26,-1,26,0,26,1,27,1,27,1,27,2,27,2,27,2,27,3,26,3,26,3,25,3,25,2,25,1,24,1,24,1,24,1,23,1,22,0,22,0,21,-1,20,-2,20,-2,19,-2]"
CSI_DATA,36197,d8:b1:90:db:e8:90,-56,11,1,7,0,0,1,0,0,0,1,-93,0,8,0,566930837,0,100,0,128,1,"[100,-64,5,0,17,-8,17,-7,16,-8,15,-8,15,-8,14,-8,14,-8,14,-9,13,-10,13,-10,13,-10,13,-10,13,-11,14,-11,14,-11,14,-11,15,-11,15,-11,15,-11,16,-11,16,-10,15,-10,16,-10,17,-10,17,-9,4,-3,0,0,0,0,0,0,0,0,0,0,0,0,0,0,0,0,0,0,6,-3,28,-10,28,-9,29,-7,29,-5,30,-4,29,-4,28,-4,28,-4,28,-3,28,-4,28,-4,28,-4,28,-4,28,-4,27,-4,27,-5,26,-5,25,-5,23,-5,22,-5,22,-6,21,-7,20,-8,19,-8,19,-8,19,-8]"
CSI_DATA,36198,d8:b1:90:db:e8:90,-57,11,1,7,0,0,1,0,0,0,1,-93,0,8,0,566941620,0,100,0,128,1,"[100,-64,5,0,-13,-15,-13,-14,-13,-13,-13,-12,-13,-12,-13,-11,-13,-11,-13,-10,-13,-10,-13,-9,-14,-10,-15,-10,-15,-9,-15,-9,-15,-9,-15,-10,-15,-10,-15,-10,-15,-10,-15,-11,-15,-12,-15,-12,-15,-12,-14,-13,-14,-13,-4,-4,0,0,0,0,0,0,0,0,0,0,0,0,0,0,0,0,0,0,-5,-6,-17,-24,-16,-24,-14,-25,-13,-26,-13,-26,-13,-26,-12,-26,-12,-26,-12,-26,-11,-26,-12,-27,-12,-27,-12,-26,-12,-26,-12,-25,-12,-24,-13,-23,-13,-22,-13,-21,-13,-20,-13,-19,-13,-18,-14,-17,-14,-17,-14,-17,-13,-16]"
CSI_DATA,36199,d8:b1:90:db:e8:90,-56,11,1,7,0,0,1,0,0,0,1,-93,0,8,0,566956369,0,100,0,128,1,"[100,-64,5,0,0,20,0,19,1,18,1,17,2,17,3,16,3,16,3,15,3,15,3,15,4,15,4,15,4,15,4,15,4,15,4,15,3,16,3,16,3,16,3,16,4,16,4,16,3,16,3,16,2,17,0,4,0,0,0,0,0,0,0,0,0,0,0,0,0,0,0,0,0,0,-1,7,-2,29,-3,29,-5,29,-6,29,-6,29,-7,29,-8,29,-8,28,-8,29,-8,29,-8,28,-8,27,-8,27,-8,27,-7,26,-6,26,-6,25,-5,25,-5,24,-4,24,-3,24,-2,23,-1,22,-1,22,0,21,-1,22]"
CSI_DATA,36200,d8:b1:90:db:e8:90,-56,11,1,7,0,0,1,0,0,0,1,-93,0,8,0,566966774,0,100,0,128,1,"[100,-64,5,0,-19,3,-18,3,-18,4,-17,4,-16,4,-16,4,-16,5,-16,6,-16,6,-15,6,-15,6,-16,6,-16,6,-16,7,-16,7,-16,7,-16,7,-17,7,-17,7,-17,8,-17,7,-17,7,-17,7,-18,7,-19,6,-5,1,0,0,0,0,0,0,0,0,0,0,0,0,0,0,0,0,0,0,-8,1,-29,4,-29,2,-29,1,-30,0,-29,-1,-29,-1,-29,-1,-29,-1,-29,-1,-29,-2,-29,-3,-28,-2,-27,-2,-27,-2,-27,-2,-26,-1,-26,0,-25,0,-24,0,-24,1,-23,1,-23,2,-22,3,-21,3,-21,3,-21,3]"
CSI_DATA,36201,d8:b1:90:db:e8:90,-58,11,1,7,0,0,1,0,0,0,1,-93,0,8,0,566990350,0,100,0,128,1,"[100,-64,5,0,-15,-9,-15,-9,-15,-8,-15,-7,-14,-7,-14,-7,-14,-6,-15,-5,-15,-5,-15,-5,-15,-5,-16,-5,-17,-4,-17,-4,-17,-4,-17,-4,-17,-4,-17,-4,-17,-4,-18,-4,-18,-5,-18,-5,-18,-5,-18,-6,-18,-6,-5,-2,0,0,0,0,0,0,0,0,0,0,0,0,0,0,0,0,0,0,-6,-4,-22,-16,-20,-17,-19,-17,-18,-19,-18,-20,-18,-20,-17,-20,-17,-19,-17,-20,-17,-20,-17,-20,-17,-20,-17,-19,-17,-19,-17,-18,-17,-17,-16,-16,-17,-15,-17,-15,-17,-14,-16,-13,-16,-13,-16,-12,-16,-11,-16,-10,-16,-10]"
CSI_DATA,36202,d8:b1:90:db:e8:90,-57,11,1,7,0,0,1,0,0,0,1,-93,0,8,0,567012175,0,100,0,128,1,"[100,-64,5,0,14,11,14,10,13,9,14,9,14,8,14,8,14,7,14,6,14,5,14,5,14,5,15,5,15,5,15,4,16,5,17,5,17,5,16,5,16,5,16,6,17,6,16,7,16,7,17,8,17,8,4,2,0,0,0,0,0,0,0,0,0,0,0,0,0,0,0,0,0,0,5,4,19,20,18,21,17,22,16,22,16,23,15,23,15,24,15,24,15,24,15,24,15,24,14,23,14,23,14,22,14,21,14,20,14,20,14,19,14,18,14,17,14,16,14,15,15,15,15,14,15,14,15,13]"
CSI_DATA,36203,d8:b1:90:db:e8:90,-57,11,1,7,0,0,1,0,0,0,1,-92,0,8,0,567024841,0,100,0,128,1,"[100,-64,5,0,17,2,17,2,17,2,16,1,16,1,15,0,15,-1,15,-2,15,-2,15,-3,15,-3,15,-4,16,-5,16,-5,16,-6,16,-6,17,-6,17,-6,17,-6,17,-6,17,-6,16,-6,17,-6,18,-6,19,-5,4,-2,0,0,0,0,0,0,0,0,0,0,0,0,0,0,0,0,0,0,6,1,27,5,27,6,26,7,26,9,26,9,26,10,27,11,27,12,26,11,25,11,25,11,26,11,25,11,24,11,23,11,23,10,22,9,22,9,21,8,21,7,21,7,21,6,21,6,21,6,20,5,20,4]"
CSI_DATA,36204,d8:b1:90:db:e8:90,-59,11,1,7,0,0,1,0,0,0,1,-92,0,8,0,567036392,0,100,0,128,1,"[100,-64,5,0,17,-3,17,-3,16,-3,15,-4,15,-4,14,-4,14,-5,14,-5,13,-5,13,-5,13,-5,13,-6,14,-6,14,-6,14,-6,14,-6,15,-6,15,-6,15,-6,16,-6,16,-5,15,-5,16,-4,16,-4,17,-3,4,-1,0,0,0,0,0,0,0,0,0,0,0,0,0,0,0,0,0,0,6,-1,26,0,26,1,26,3,25,4,26,4,26,4,27,5,27,5,27,6,26,6,26,6,26,6,25,6,25,5,24,5,24,4,23,4,23,3,23,2,22,1,22,1,21,0,20,-1,20,-1,19,-1,19,-2]"
CSI_DATA,36205,d8:b1:90:db:e8:90,-57,11,1,7,0,0,1,0,0,0,1,-92,0,8,0,567046555,0,100,0,128,1,"[100,-64,5,0,-19,-1,-19,-1,-18,-1,-17,0,-17,1,-17,1,-16,1,-16,1,-16,2,-16,2,-16,2,-17,2,-17,3,-18,3,-18,3,-18,3,-18,3,-19,3,-19,3,-19,3,-19,2,-19,2,-20,1,-20,1,-20,0,-5,0,0,0,0,0,0,0,0,0,0,0,0,0,0,0,0,0,0,0,-8,-1,-29,-4,-28,-6,-28,-8,-27,-8,-27,-9,-28,-9,-28,-9,-29,-10,-28,-10,-28,-10,-27,-10,-27,-10,-27,-10,-26,-9,-26,-9,-25,-8,-25,-8,-24,-7,-24,-6,-23,-6,-23,-5,-22,-4,-22,-3,-22,-3,-21,-2,-20,-2]"
CSI_DATA,36206,d8:b1:90:db:e8:90,-57,11,1,7,0,0,1,0,0,0,1,-92,0,8,0,567056686,0,100,0,128,1,"[100,-64,5,0,7,19,7,18,7,17,8,16,8,15,8,14,8,14,8,13,7,13,8,13,8,13,9,13,9,13,9,13,9,14,9,14,9,14,8,14,8,14,8,15,8,15,8,15,8,15,7,16,6,16,1,4,0,0,0,0,0,0,0,0,0,0,0,0,0,0,0,0,0,0,2,7,8,28,7,28,5,28,4,28,3,29,3,29,2,30,2,30,1,30,1,30,1,30,2,29,1,29,1,28,2,28,2,27,2,26,3,25,4,25,5,25,5,24,5,23,6,22,7,22,7,21,7,20]"
CSI_DATA,36207,d8:b1:90:db:e8:90,-57,11,1,7,0,0,1,0,0,0,1,-92,0,8,0,567095436,0,100,0,128,1,"[100,-64,5,0,-19,-9,-18,-9,-18,-8,-17,-7,-16,-7,-16,-6,-16,-6,-16,-5,-16,-4,-16,-4,-16,-4,-17,-4,-17,-3,-17,-3,-17,-2,-17,-2,-17,-2,-17,-2,-17,-3,-18,-3,-18,-4,-17,-4,-18,-5,-18,-5,-18,-5,-5,-2,0,0,0,0,0,0,0,0,0,0,0,0,0,0,0,0,0,0,-7,-4,-26,-15,-25,-16,-25,-17,-25,-17,-25,-18,-25,-19,-24,-19,-24,-19,-23,-20,-23,-20,-23,-20,-23,-19,-23,-19,-23,-19,-22,-19,-21,-18,-21,-17,-21,-16,-21,-16,-21,-15,-21,-14,-21,-13,-21,-12,-20,-11,-20,-11,-20,-10]"
CSI_DATA,36208,d8:b1:90:db:e8:90,-57,11,1,7,0,0,1,0,0,0,1,-92,0,8,0,567107177,0,100,0,128,1,"[100,-64,5,0,11,-15,11,-14,10,-14,9,-14,8,-14,7,-14,7,-15,7,-15,6,-15,6,-15,5,-16,5,-17,5,-17,5,-18,5,-18,4,-18,5,-19,5,-18,6,-18,6,-19,5,-19,5,-18,5,-19,6,-19,7,-19,1,-5,0,0,0,0,0,0,0,0,0,0,0,0,0,0,0,0,0,0,4,-6,18,-22,19,-21,20,-20,22,-19,23,-19,23,-18,23,-18,23,-18,23,-17,23,-17,23,-16,22,-16,22,-16,22,-16,21,-15,21,-15,20,-16,19,-16,18,-15,17,-15,16,-15,15,-15,15,-15,14,-15,14,-15,13,-15]"
CSI_DATA,36209,d8:b1:90:db:e8:90,-57,11,1,5,0,0,1,0,0,0,1,-92,0,8,0,567118559,0,100,0,128,1,"[100,-64,5,0,5,18,5,17,5,16,7,15,7,15,7,14,8,13,8,13,8,13,8,13,9,13,10,14,10,14,10,13,11,13,11,14,11,14,11,13,10,13,10,14,11,14,10,15,10,15,10,15,9,16,2,4,0,0,0,0,0,0,0,0,0,0,0,0,0,0,0,0,0,0,2,6,8,27,6,28,4,28,2,28,2,29,1,29,0,29,0,29,0,29,-1,29,-1,28,-1,28,-1,27,-1,27,0,27,0,26,0,25,0,25,1,24,1,23,2,22,3,22,3,21,3,21,4,20,4,20]"
CSI_DATA,36210,d8:b1:90:db:e8:90,-57,11,1,5,0,0,1,0,0,0,1,-92,0,8,0,567130740,0,100,0,128,1,"[100,-64,5,0,-13,-14,-12,-14,-12,-13,-13,-13,-13,-12,-13,-12,-13,-11,-12,-12,-12,-11,-12,-11,-13,-11,-14,-11,-15,-11,-15,-11,-15,-11,-15,-11,-15,-11,-15,-11,-15,-11,-16,-11,-16,-12,-16,-12,-16,-12,-16,-12,-16,-13,-4,-4,0,0,0,0,0,0,0,0,0,0,0,0,0,0,0,0,0,0,-5,-6,-20,-22,-19,-23,-18,-23,-17,-24,-17,-25,-16,-24,-16,-24,-17,-25,-17,-26,-17,-24,-16,-23,-15,-24,-15,-24,-16,-23,-16,-22,-16,-22,-15,-21,-15,-20,-15,-19,-15,-19,-15,-18,-15,-17,-15,-16,-15,-16,-15,-15,-14,-15]"
CSI_DATA,36211,d8:b1:90:db:e8:90,-57,11,1,5,0,0,1,0,0,0,1,-92,0,8,0,567140811,0,100,0,128,1,"[100,-64,5,0,-10,-18,-10,-18,-10,-17,-11,-16,-11,-16,-11,-15,-11,-15,-10,-15,-10,-14,-10,-14,-11,-15,-12,-15,-12,-15,-12,-14,-12,-14,-12,-14,-12,-14,-12,-14,-12,-14,-12,-14,-12,-15,-12,-15,-12,-16,-12,-16,-11,-16,-3,-5,0,0,0,0,0,0,0,0,0,0,0,0,0,0,0,0,0,0,-4,-7,-14,-28,-12,-28,-11,-29,-10,-29,-9,-30,-9,-30,-9,-30,-9,-30,-9,-30,-9,-30,-8,-30,-8,-29,-8,-29,-9,-28,-9,-28,-9,-27,-10,-27,-10,-26,-10,-25,-10,-24,-10,-23,-11,-22,-11,-22,-11,-21,-11,-21,-11,-20]"
CSI_DATA,36212,d8:b1:90:db:e8:90,-57,11,1,5,0,0,1,0,0,0,1,-92,0,8,0,567158021,0,100,0,128,1,"[100,-64,5,0,-20,1,-19,2,-18,2,-18,2,-17,2,-17,3,-16,3,-16,4,-15,5,-15,5,-15,5,-16,5,-17,6,-17,6,-17,6,-16,6,-17,6,-17,6,-17,6,-17,6,-17,6,-17,5,-18,5,-19,5,-20,4,-5,1,0,0,0,0,0,0,0,0,0,0,0,0,0,0,0,0,0,0,-8,1,-31,3,-30,1,-29,-1,-29,-2,-29,-2,-29,-3,-30,-3,-30,-3,-30,-4,-30,-4,-30,-4,-29,-5,-29,-5,-29,-4,-28,-3,-27,-3,-26,-2,-26,-2,-26,-2,-25,-1,-25,-1,-24,-1,-23,0,-22,-1,-22,0,-22,2]"
CSI_DATA,36213,d8:b1:90:db:e8:90,-58,11,1,5,0,0,1,0,0,0,1,-92,0,8,0,567177160,0,100,0,128,1,"[100,-64,5,0,-9,-18,-8,-17,-8,-16,-9,-16,-9,-15,-9,-15,-9,-14,-10,-14,-10,-13,-10,-13,-11,-13,-11,-13,-11,-13,-11,-13,-11,-13,-11,-14,-11,-14,-11,-14,-10,-14,-11,-14,-11,-15,-11,-15,-10,-15,-10,-16,-9,-16,-3,-4,0,0,0,0,0,0,0,0,0,0,0,0,0,0,0,0,0,0,-3,-7,-12,-26,-10,-26,-9,-27,-8,-27,-7,-28,-7,-28,-7,-28,-7,-29,-6,-29,-6,-29,-5,-28,-5,-28,-5,-27,-5,-27,-6,-26,-6,-26,-6,-25,-7,-25,-7,-24,-7,-23,-7,-22,-7,-22,-8,-21,-8,-21,-7,-20,-8,-20]"
CSI_DATA,36214,d8:b1:90:db:e8:90,-58,11,1,5,0,0,1,0,0,0,1,-92,0,8,0,567202517,0,100,0,128,1,"[100,-64,5,0,5,18,5,17,5,16,6,16,6,16,6,15,6,14,7,14,7,13,7,13,8,13,8,14,8,14,8,14,8,14,8,14,7,14,7,14,7,14,7,15,7,15,7,16,7,16,6,16,6,16,1,4,0,0,0,0,0,0,0,0,0,0,0,0,0,0,0,0,0,0,2,6,7,26,6,26,5,26,4,26,4,27,4,27,4,28,4,28,3,28,3,28,2,28,2,27,2,27,2,26,3,26,3,25,3,24,3,24,4,23,5,23,5,22,6,22,6,21,6,20,6,20,7,19]"
CSI_DATA,36215,d8:b1:90:db:e8:90,-57,11,1,5,0,0,1,0,0,0,1,-92,0,8,0,567213655,0,100,0,128,1,"[100,-64,5,0,0,-21,0,-21,-1,-20,-2,-19,-3,-19,-3,-18,-3,-17,-2,-17,-2,-17,-3,-17,-3,-17,-3,-17,-3,-17,-3,-17,-3,-17,-3,-18,-3,-18,-2,-18,-2,-17,-2,-17,-3,-18,-3,-18,-2,-18,-1,-18,0,-18,0,-5,0,0,0,0,0,0,0,0,0,0,0,0,0,0,0,0,0,0,1,-8,4,-30,5,-29,7,-29,8,-29,8,-28,9,-28,10,-27,11,-27,11,-28,11,-28,12,-28,12,-27,11,-27,11,-27,10,-27,8,-27,8,-26,7,-26,6,-25,5,-24,4,-24,4,-23,3,-23,3,-23,3,-23,3,-23]"
CSI_DATA,36216,d8:b1:90:db:e8:90,-57,11,1,5,0,0,1,0,0,0,1,-92,0,8,0,567226705,0,100,0,128,1,"[100,-64,5,0,-3,20,-2,19,-2,19,-1,18,0,18,0,17,1,16,0,16,0,16,0,16,1,17,1,17,0,17,0,17,0,17,0,18,0,18,0,17,-1,17,-1,17,0,18,-1,18,-1,18,-2,18,-3,18,-1,4,0,0,0,0,0,0,0,0,0,0,0,0,0,0,0,0,0,0,-2,7,-6,27,-6,27,-7,27,-8,28,-9,28,-9,27,-10,26,-11,26,-12,26,-12,26,-12,26,-12,26,-12,26,-11,25,-10,25,-10,24,-9,24,-8,24,-8,23,-7,22,-6,22,-5,21,-5,21,-5,21,-4,20,-4,20]"
CSI_DATA,36217,d8:b1:90:db:e8:90,-57,11,1,5,0,0,1,0,0,0,1,-92,0,8,0,567236813,0,100,0,128,1,"[100,-64,5,0,-8,18,-7,18,-7,17,-6,17,-4,16,-4,16,-4,16,-4,16,-4,16,-4,16,-3,16,-3,16,-4,16,-4,17,-4,17,-4,17,-5,17,-5,17,-5,17,-5,17,-5,17,-5,17,-5,17,-6,17,-7,17,-2,4,0,0,0,0,0,0,0,0,0,0,0,0,0,0,0,0,0,0,-4,6,-15,25,-16,23,-18,22,-19,22,-19,22,-19,21,-20,20,-20,20,-21,20,-21,20,-22,20,-21,20,-21,19,-20,19,-19,20,-18,20,-17,20,-17,19,-15,19,-14,19,-13,19,-12,19,-12,19,-11,19,-10,19,-10,19]"
CSI_DATA,36218,d8:b1:90:db:e8:90,-59,11,1,5,0,0,1,0,0,0,1,-92,0,8,0,567247212,0,100,0,128,1,"[100,-64,5,0,-18,8,-17,8,-16,8,-14,9,-14,10,-13,10,-13,10,-13,10,-13,11,-12,11,-12,10,-13,11,-13,11,-13,11,-13,12,-13,12,-13,13,-13,12,-13,12,-13,12,-13,12,-13,12,-14,12,-15,11,-16,11,-5,2,0,0,0,0,0,0,0,0,0,0,0,0,0,0,0,0,0,0,-7,3,-25,12,-25,11,-26,9,-27,8,-27,8,-27,7,-27,7,-27,7,-27,7,-27,7,-27,6,-27,6,-26,6,-26,6,-25,7,-25,7,-24,8,-23,8,-22,8,-21,8,-21,9,-20,9,-19,10,-19,10,-19,9,-19,9]"
CSI_DATA,36219,d8:b1:90:db:e8:90,-57,11,1,5,0,0,1,0,0,0,1,-92,0,8,0,567257453,0,100,0,128,1,"[100,-64,5,0,17,11,17,10,16,9,16,9,16,9,15,8,15,8,15,8,15,7,14,7,15,7,15,7,15,6,16,6,16,6,16,6,16,6,16,6,15,6,16,7,16,7,16,8,15,9,15,9,14,10,3,2,0,0,0,0,0,0,0,0,0,0,0,0,0,0,0,0,0,0,5,4,22,18,21,19,20,20,19,21,19,22,19,22,19,22,19,22,19,23,18,23,18,23,18,22,18,22,18,22,18,21,18,21,18,20,18,19,18,18,18,17,18,16,18,15,18,15,18,14,18,13,18,12]"
CSI_DATA,36220,d8:b1:90:db:e8:90,-57,11,1,7,0,0,1,0,0,0,1,-92,0,8,0,567279020,0,100,0,128,1,"[100,-64,5,0,-20,-6,-20,-5,-19,-5,-19,-5,-18,-5,-17,-4,-17,-4,-17,-4,-17,-3,-17,-3,-17,-3,-18,-3,-18,-3,-18,-2,-18,-2,-18,-2,-18,-2,-18,-2,-18,-3,-18,-3,-18,-4,-18,-4,-18,-4,-19,-5,-19,-6,-5,-2,0,0,0,0,0,0,0,0,0,0,0,0,0,0,0,0,0,0,-7,-3,-28,-11,-27,-12,-26,-13,-26,-14,-26,-15,-25,-15,-26,-15,-26,-15,-25,-16,-25,-16,-25,-16,-25,-16,-25,-15,-25,-15,-24,-15,-24,-15,-23,-14,-23,-13,-23,-12,-23,-11,-22,-11,-22,-10,-22,-9,-22,-9,-22,-8,-21,-7]"
CSI_DATA,36221,d8:b1:90:db:e8:90,-57,11,1,7,0,0,1,0,0,0,1,-92,0,8,0,567304233,0,100,0,128,1,"[100,-64,5,0,17,10,16,9,16,8,16,7,16,7,16,6,15,6,15,5,15,5,15,5,15,5,16,5,16,4,16,4,17,4,17,4,17,4,17,4,16,4,16,4,16,5,16,6,16,6,16,7,16,8,4,2,0,0,0,0,0,0,0,0,0,0,0,0,0,0,0,0,0,0,6,3,25,14,24,15,23,16,23,17,23,18,22,18,22,18,22,18,22,19,22,19,22,19,22,19,21,18,21,18,20,17,20,16,20,15,20,15,20,14,20,14,20,13,20,13,20,12,19,12,18,12,18,11]"
CSI_DATA,36222,d8:b1:90:db:e8:90,-57,11,1,7,0,0,1,0,0,0,1,-92,0,8,0,567317903,0,100,0,128,1,"[100,-64,5,0,9,-16,8,-16,8,-16,7,-16,7,-16,6,-15,6,-15,5,-15,5,-16,4,-16,4,-16,3,-16,4,-16,4,-16,4,-16,4,-16,5,-15,5,-15,5,-15,6,-15,6,-15,6,-15,7,-15,8,-15,8,-15,2,-4,0,0,0,0,0,0,0,0,0,0,0,0,0,0,0,0,0,0,3,-5,13,-19,15,-19,16,-20,17,-20,18,-19,18,-19,19,-19,20,-19,20,-19,20,-19,20,-19,20,-18,19,-17,18,-17,18,-17,17,-18,17,-18,17,-18,16,-18,15,-18,14,-18,13,-18,12,-17,12,-17,11,-17,11,-17]"
CSI_DATA,36223,d8:b1:90:db:e8:90,-57,11,1,7,0,0,1,0,0,0,1,-92,0,8,0,567328888,0,100,0,128,1,"[100,-64,5,0,14,13,14,13,14,12,14,12,14,11,13,11,13,9,14,8,14,8,14,8,14,8,15,8,15,7,15,7,15,7,16,7,16,7,16,7,16,7,16,8,16,8,16,9,16,9,16,9,16,10,4,2,0,0,0,0,0,0,0,0,0,0,0,0,0,0,0,0,0,0,6,3,23,14,23,16,21,17,20,18,20,19,19,20,20,21,20,21,20,21,19,21,19,21,18,21,18,21,18,21,17,20,17,19,17,19,17,18,17,17,18,17,18,16,17,15,17,14,17,14,17,13,17,13]"
CSI_DATA,36224,d8:b1:90:db:e8:90,-57,11,1,7,0,0,1,0,0,0,1,-92,0,8,0,567339218,0,100,0,128,1,"[100,-64,5,0,-7,20,-7,20,-6,19,-5,18,-4,18,-4,17,-3,17,-2,17,-2,17,-1,17,-1,17,0,18,0,18,-1,18,-1,18,0,18,0,18,-1,18,-1,18,-1,18,-1,19,-1,19,-2,19,-3,18,-4,19,-1,4,0,0,0,0,0,0,0,0,0,0,0,0,0,0,0,0,0,0,-2,6,-6,27,-7,28,-9,28,-9,27,-10,27,-11,27,-12,28,-12,28,-13,28,-14,27,-14,27,-14,27,-14,26,-14,26,-13,25,-13,25,-12,25,-11,24,-10,24,-9,24,-8,24,-8,23,-7,22,-7,22,-6,22,-6,21]"
CSI_DATA,36225,d8:b1:90:db:e8:90,-57,11,1,7,0,0,1,0,0,0,1,-92,0,8,0,567357891,0,100,0,128,1,"[100,-64,5,0,-19,-12,-18,-11,-18,-11,-18,-10,-18,-9,-18,-8,-18,-7,-17,-6,-17,-6,-17,-6,-17,-6,-17,-6,-17,-6,-17,-6,-18,-6,-18,-6,-18,-6,-18,-6,-17,-6,-18,-6,-18,-7,-17,-7,-17,-8,-17,-8,-17,-9,-5,-3,0,0,0,0,0,0,0,0,0,0,0,0,0,0,0,0,0,0,-6,-4,-24,-16,-24,-17,-23,-19,-22,-19,-22,-20,-23,-20,-23,-20,-23,-20,-22,-21,-22,-22,-22,-22,-22,-21,-22,-21,-22,-21,-21,-20,-21,-19,-21,-18,-21,-18,-22,-17,-22,-16,-22,-15,-22,-14,-21,-14,-21,-14,-20,-13,-19,-13]"
CSI_DATA,36226,d8:b1:90:db:e8:90,-59,11,1,7,0,0,1,0,0,0,1,-92,0,8,0,567370938,0,100,0,128,1,"[100,-64,5,0,17,8,16,7,16,7,16,6,15,5,15,5,15,5,15,4,15,3,15,3,15,4,16,4,16,4,16,3,16,3,16,3,16,2,16,2,16,3,16,3,16,3,16,4,16,4,17,4,17,5,4,1,0,0,0,0,0,0,0,0,0,0,0,0,0,0,0,0,0,0,5,2,23,9,22,10,22,11,22,12,21,13,21,14,22,14,22,15,22,15,22,15,21,15,21,15,21,15,21,14,20,14,20,13,20,12,20,12,20,11,20,11,20,10,20,9,19,9,18,9,18,8,18,8]"
CSI_DATA,36227,d8:b1:90:db:e8:90,-57,11,1,7,0,0,1,0,0,0,1,-92,0,8,0,567404446,0,100,0,128,1,"[100,-64,5,0,-3,21,-2,20,-2,20,-1,19,-1,19,0,18,0,18,0,18,0,18,0,18,1,18,1,18,1,18,1,18,1,18,1,18,1,18,0,18,0,18,0,18,0,18,0,18,-1,18,-1,18,-2,18,-1,4,0,0,0,0,0,0,0,0,0,0,0,0,0,0,0,0,0,0,-2,7,-6,28,-7,28,-8,27,-9,27,-9,28,-10,28,-10,28,-10,28,-11,28,-12,28,-12,27,-12,27,-11,26,-11,26,-11,26,-11,25,-10,25,-9,25,-8,25,-7,24,-6,24,-6,24,-6,24,-5,23,-5,23,-4,23]"
CSI_DATA,36228,d8:b1:90:db:e8:90,-57,11,1,7,0,0,1,0,0,0,1,-92,0,8,0,567417409,0,100,0,128,1,"[100,-64,5,0,-19,13,-18,13,-17,13,-15,14,-15,14,-14,13,-14,13,-13,13,-13,13,-13,13,-12,13,-12,13,-12,14,-12,14,-12,14,-11,14,-11,14,-11,14,-12,14,-12,14,-12,14,-12,13,-12,13,-13,13,-14,12,-4,3,0,0,0,0,0,0,0,0,0,0,0,0,0,0,0,0,0,0,-6,4,-24,17,-25,16,-26,14,-27,14,-27,13,-27,13,-27,13,-28,12,-28,12,-29,11,-29,10,-28,10,-28,10,-28,11,-28,11,-28,12,-27,12,-26,12,-25,12,-24,12,-23,12,-23,13,-22,14,-22,14,-21,14,-21,14]"
CSI_DATA,36229,d8:b1:90:db:e8:90,-55,11,1,7,0,0,1,0,0,0,1,-94,0,8,0,567444985,0,100,0,128,1,"[100,-64,5,0,-17,10,-17,10,-16,10,-16,10,-15,11,-15,10,-14,11,-13,11,-13,11,-12,11,-12,11,-12,12,-12,12,-12,12,-12,12,-12,13,-12,13,-13,13,-13,12,-13,12,-13,12,-13,11,-14,11,-15,11,-15,10,-4,2,0,0,0,0,0,0,0,0,0,0,0,0,0,0,0,0,0,0,-6,3,-25,11,-25,9,-25,8,-26,8,-26,7,-27,7,-27,6,-27,6,-27,6,-27,6,-27,5,-27,5,-26,5,-26,5,-26,6,-25,6,-24,7,-24,7,-23,8,-22,8,-22,9,-21,9,-21,9,-20,9,-20,9,-19,9]"
CSI_DATA,36230,d8:b1:90:db:e8:90,-55,11,1,7,0,0,1,0,0,0,1,-94,0,8,0,567455096,0,100,0,128,1,"[100,-64,5,0,-21,-10,-20,-10,-19,-8,-19,-7,-19,-6,-18,-6,-18,-5,-19,-4,-18,-3,-18,-3,-18,-4,-19,-3,-19,-3,-19,-3,-18,-2,-18,-2,-18,-2,-18,-2,-18,-3,-18,-3,-18,-4,-18,-4,-18,-5,-18,-5,-18,-6,-5,-2,0,0,0,0,0,0,0,0,0,0,0,0,0,0,0,0,0,0,-7,-3,-27,-12,-26,-14,-24,-16,-24,-17,-24,-18,-24,-18,-24,-18,-24,-19,-24,-20,-24,-20,-24,-19,-24,-19,-24,-19,-24,-19,-23,-18,-22,-17,-22,-17,-22,-16,-22,-16,-22,-15,-22,-15,-22,-14,-22,-13,-22,-12,-22,-12,-22,-11]"
CSI_DATA,36231,d8:b1:90:db:e8:90,-55,11,1,7,0,0,1,0,0,0,1,-94,0,8,0,567467389,0,100,0,128,1,"[100,-64,5,0,12,18,12,17,12,16,12,16,12,15,12,15,12,14,12,14,12,13,12,13,13,13,13,13,14,13,14,12,14,12,14,13,14,12,13,12,13,12,13,12,14,13,13,13,13,13,13,13,12,14,3,3,0,0,0,0,0,0,0,0,0,0,0,0,0,0,0,0,0,0,4,6,16,24,14,24,13,24,12,25,12,26,11,26,11,26,11,27,11,27,11,27,11,27,11,27,10,27,10,26,9,26,10,25,10,24,10,24,11,23,11,22,11,22,12,21,12,21,12,20,12,19,12,19]"
CSI_DATA,36232,d8:b1:90:db:e8:90,-55,11,1,7,0,0,1,0,0,0,1,-94,0,8,0,567498832,0,100,0,128,1,"[100,-64,5,0,-5,21,-5,20,-5,20,-4,19,-4,18,-4,18,-3,18,-3,18,-3,18,-2,18,-1,18,-1,18,-1,18,-1,18,-1,17,-1,18,-1,17,-1,17,-1,17,-1,17,-1,17,-1,17,-2,16,-3,15,-4,14,-1,3,0,0,0,0,0,0,0,0,0,0,0,0,0,0,0,0,0,0,-2,6,-6,27,-8,26,-9,26,-9,25,-10,25,-11,25,-11,25,-11,25,-12,26,-12,26,-13,26,-13,25,-13,25,-12,25,-12,25,-12,24,-11,24,-11,24,-10,23,-10,23,-9,23,-8,23,-7,22,-7,22,-6,22,-6,22]"
CSI_DATA,36233,d8:b1:90:db:e8:90,-55,11,1,7,0,0,1,0,0,0,1,-94,0,8,0,567512093,0,100,0,128,1,"[100,-64,5,0,-11,-21,-10,-20,-10,-19,-10,-19,-10,-18,-10,-18,-11,-17,-11,-16,-11,-16,-12,-16,-13,-16,-13,-16,-13,-16,-13,-15,-13,-15,-13,-15,-13,-15,-13,-15,-13,-15,-13,-15,-14,-15,-13,-16,-12,-15,-10,-14,-9,-14,-3,-4,0,0,0,0,0,0,0,0,0,0,0,0,0,0,0,0,0,0,-3,-7,-12,-27,-11,-27,-10,-28,-9,-28,-9,-28,-8,-27,-8,-28,-8,-28,-8,-28,-7,-28,-7,-29,-7,-29,-7,-28,-7,-28,-7,-27,-7,-27,-8,-26,-8,-26,-8,-25,-9,-25,-9,-24,-9,-24,-10,-22,-10,-21,-10,-22,-10,-22]"
CSI_DATA,36234,d8:b1:90:db:e8:90,-55,11,1,7,0,0,1,0,0,0,1,-94,0,8,0,567528105,0,100,0,128,1,"[100,-64,5,0,-1,19,-1,18,-1,18,-1,18,0,17,0,17,0,16,1,16,1,16,2,16,2,16,3,16,3,16,3,16,3,16,3,16,3,16,3,16,3,16,3,17,3,17,3,17,3,17,3,17,2,17,0,4,0,0,0,0,0,0,0,0,0,0,0,0,0,0,0,0,0,0,0,5,0,23,-2,24,-3,24,-4,25,-4,25,-4,24,-4,24,-5,24,-6,24,-6,25,-6,26,-6,26,-6,25,-6,24,-7,24,-6,23,-5,22,-4,22,-4,22,-3,22,-3,22,-2,21,-2,21,-2,21,-1,20,-1,20]"
CSI_DATA,36235,d8:b1:90:db:e8:90,-55,11,1,7,0,0,1,0,0,0,1,-94,0,8,0,567550103,0,100,0,128,1,"[100,-64,5,0,-18,-14,-17,-14,-17,-13,-17,-12,-17,-12,-17,-12,-17,-11,-18,-9,-18,-9,-18,-9,-18,-9,-19,-9,-19,-9,-19,-8,-19,-8,-19,-8,-19,-8,-18,-8,-18,-8,-19,-9,-19,-9,-19,-10,-18,-10,-18,-10,-18,-11,-5,-3,0,0,0,0,0,0,0,0,0,0,0,0,0,0,0,0,0,0,-6,-4,-23,-16,-23,-17,-22,-19,-22,-20,-21,-21,-21,-21,-21,-21,-21,-22,-20,-23,-19,-23,-19,-23,-19,-23,-19,-23,-18,-23,-18,-22,-18,-21,-18,-21,-18,-20,-19,-20,-19,-19,-19,-18,-19,-18,-19,-18,-19,-17,-19,-17,-19,-16]"
CSI_DATA,36236,d8:b1:90:db:e8:90,-55,11,1,7,0,0,1,0,0,0,1,-94,0,8,0,567567235,0,100,0,128,1,"[100,-64,5,0,7,21,7,20,7,19,8,19,9,19,9,18,9,18,9,17,9,16,10,16,10,16,11,16,11,16,11,15,11,15,12,16,11,16,11,15,10,15,10,15,10,16,10,16,10,16,9,16,9,17,2,4,0,0,0,0,0,0,0,0,0,0,0,0,0,0,0,0,0,0,2,6,10,25,9,25,8,26,7,26,6,27,6,27,6,27,6,27,5,27,5,28,5,28,5,27,5,27,4,27,5,26,5,25,5,25,6,24,6,24,7,23,7,23,7,23,8,22,8,21,8,21,8,21]"
CSI_DATA,36237,d8:b1:90:db:e8:90,-55,11,1,7,0,0,1,0,0,0,1,-94,0,8,0,567605944,0,100,0,128,1,"[100,-64,5,0,-22,-11,-21,-10,-21,-9,-21,-8,-21,-7,-21,-7,-21,-6,-21,-5,-21,-4,-20,-4,-20,-5,-21,-6,-21,-6,-21,-5,-21,-5,-21,-5,-21,-4,-21,-4,-21,-4,-21,-4,-20,-5,-20,-5,-20,-5,-20,-6,-20,-7,-5,-2,0,0,0,0,0,0,0,0,0,0,0,0,0,0,0,0,0,0,-7,-3,-26,-11,-26,-12,-25,-13,-24,-14,-24,-16,-25,-16,-25,-16,-25,-17,-24,-18,-24,-18,-24,-18,-23,-18,-23,-18,-23,-18,-23,-18,-23,-18,-23,-17,-23,-16,-23,-16,-22,-16,-22,-15,-22,-15,-22,-14,-22,-14,-22,-13,-23,-12]"
CSI_DATA,36238,d8:b1:90:db:e8:90,-55,11,1,7,0,0,1,0,0,0,1,-94,0,8,0,567618088,0,100,0,128,1,"[100,-64,5,0,23,-8,22,-8,21,-8,20,-9,19,-9,18,-9,18,-10,18,-11,17,-12,17,-12,16,-12,16,-12,16,-12,16,-12,17,-12,16,-12,16,-12,16,-12,16,-11,16,-11,16,-11,16,-10,16,-10,17,-10,18,-9,4,-3,0,0,0,0,0,0,0,0,0,0,0,0,0,0,0,0,0,0,6,-3,26,-8,27,-7,26,-6,26,-5,27,-4,28,-4,28,-3,29,-3,29,-3,29,-2,29,-2,29,-2,29,-2,29,-2,28,-2,28,-2,28,-3,27,-3,26,-3,25,-3,24,-3,24,-5,24,-6,24,-6,24,-7,24,-7]"
CSI_DATA,36239,d8:b1:90:db:e8:90,-55,11,1,7,0,0,1,0,0,0,1,-94,0,8,0,567628345,0,100,0,128,1,"[100,-64,5,0,16,14,15,14,15,13,15,13,15,12,15,12,15,11,15,10,15,10,15,10,15,10,16,10,16,10,16,9,16,9,16,9,16,9,16,9,16,9,16,9,16,10,16,10,15,10,15,10,14,10,3,2,0,0,0,0,0,0,0,0,0,0,0,0,0,0,0,0,0,0,4,4,19,19,17,20,16,20,15,21,15,23,15,23,15,23,15,23,15,24,14,24,14,24,14,24,14,24,13,23,12,23,12,22,13,21,13,20,14,20,15,19,15,18,15,18,15,18,15,18,15,18,16,16]"
CSI_DATA,36240,d8:b1:90:db:e8:90,-55,11,1,7,0,0,1,0,0,0,1,-94,0,8,0,567649657,0,100,0,128,1,"[100,-64,5,0,-21,-10,-21,-10,-21,-9,-21,-9,-21,-8,-20,-8,-20,-7,-20,-6,-20,-6,-20,-6,-20,-6,-21,-6,-21,-5,-21,-5,-21,-5,-21,-4,-21,-4,-21,-4,-21,-4,-21,-4,-21,-5,-20,-5,-20,-5,-20,-6,-20,-7,-5,-2,0,0,0,0,0,0,0,0,0,0,0,0,0,0,0,0,0,0,-7,-4,-25,-14,-24,-15,-23,-17,-23,-18,-23,-19,-22,-20,-23,-20,-23,-20,-22,-20,-22,-20,-21,-20,-21,-21,-21,-21,-21,-20,-20,-19,-20,-18,-20,-17,-21,-17,-21,-17,-21,-16,-21,-15,-21,-14,-22,-14,-22,-14,-21,-13,-21,-12]"
CSI_DATA,36241,d8:b1:90:db:e8:90,-54,11,1,7,0,0,1,0,0,0,1,-94,0,8,0,567659826,0,100,0,128,1,"[100,-64,5,0,-8,20,-8,20,-8,19,-7,19,-6,19,-6,18,-5,18,-5,18,-5,18,-5,18,-4,18,-3,18,-3,19,-3,18,-3,18,-3,18,-4,18,-4,17,-4,17,-4,18,-4,18,-4,17,-4,17,-5,17,-6,17,-2,4,0,0,0,0,0,0,0,0,0,0,0,0,0,0,0,0,0,0,-3,6,-10,24,-11,24,-13,23,-14,23,-14,22,-15,23,-16,23,-16,23,-17,23,-17,23,-17,23,-16,22,-16,22,-16,22,-15,22,-15,22,-15,22,-14,22,-13,21,-11,22,-11,22,-10,21,-10,21,-10,21,-9,21,-9,21]"
CSI_DATA,36242,d8:b1:90:db:e8:90,-55,11,1,7,0,0,1,0,0,0,1,-94,0,8,0,567677183,0,100,0,128,1,"[100,-64,5,0,17,10,17,10,17,9,17,9,17,9,17,8,17,7,17,6,17,5,17,5,17,5,17,5,17,5,17,5,17,5,17,5,17,5,17,5,17,6,17,6,16,7,16,7,16,7,16,7,16,8,4,2,0,0,0,0,0,0,0,0,0,0,0,0,0,0,0,0,0,0,5,3,22,12,22,13,20,14,19,15,19,15,20,16,20,17,20,17,20,18,20,18,19,17,19,17,19,17,18,17,18,17,18,16,18,16,18,15,18,15,18,15,18,14,18,13,18,12,18,12,18,12,18,11]"
CSI_DATA,36243,d8:b1:90:db:e8:90,-55,11,1,7,0,0,1,0,0,0,1,-94,0,8,0,567702977,0,100,0,128,1,"[100,-64,5,0,-11,-18,-11,-17,-11,-17,-12,-17,-12,-16,-12,-16,-12,-15,-12,-14,-12,-14,-12,-14,-13,-14,-13,-14,-13,-14,-13,-13,-13,-13,-13,-14,-13,-14,-13,-14,-12,-14,-13,-14,-13,-14,-12,-15,-12,-15,-11,-15,-10,-15,-3,-4,0,0,0,0,0,0,0,0,0,0,0,0,0,0,0,0,0,0,-4,-6,-13,-23,-12,-24,-11,-24,-10,-25,-10,-25,-9,-26,-9,-26,-8,-27,-8,-27,-7,-27,-7,-27,-7,-27,-7,-27,-7,-26,-7,-25,-7,-24,-7,-24,-8,-23,-8,-23,-9,-22,-9,-22,-10,-21,-10,-21,-10,-21,-10,-21,-10,-20]"
CSI_DATA,36244,d8:b1:90:db:e8:90,-55,11,1,7,0,0,1,0,0,0,1,-94,0,8,0,567714431,0,100,0,128,1,"[100,-64,5,0,23,-4,22,-3,21,-4,21,-6,20,-6,19,-7,19,-7,18,-8,18,-8,18,-8,17,-8,17,-8,17,-9,18,-9,18,-9,18,-9,18,-10,19,-10,18,-9,18,-9,17,-9,17,-8,18,-7,19,-7,19,-6,5,-2,0,0,0,0,0,0,0,0,0,0,0,0,0,0,0,0,0,0,7,-2,29,-6,29,-5,29,-3,29,-2,29,-1,30,0,31,1,31,2,31,2,31,2,31,2,30,2,30,3,30,2,29,2,28,1,28,0,28,0,28,0,27,-1,26,-1,26,-2,25,-3,24,-3,24,-3,25,-3]"
CSI_DATA,36245,d8:b1:90:db:e8:90,-55,11,1,7,0,0,1,0,0,0,1,-94,0,8,0,567730981,0,100,0,128,1,"[100,-64,5,0,-22,-3,-21,-3,-21,-3,-21,-3,-21,-3,-21,-3,-20,-2,-20,-1,-20,0,-20,0,-20,0,-20,1,-20,2,-20,2,-20,2,-20,2,-21,2,-21,2,-20,2,-20,2,-20,2,-20,1,-20,2,-21,2,-21,1,-6,0,0,0,0,0,0,0,0,0,0,0,0,0,0,0,0,0,0,0,-8,-1,-28,-4,-28,-4,-28,-5,-28,-6,-29,-6,-29,-7,-28,-8,-28,-8,-29,-8,-28,-9,-28,-9,-28,-9,-28,-8,-28,-8,-27,-7,-27,-6,-26,-6,-26,-5,-26,-5,-25,-4,-25,-4,-25,-3,-25,-4,-24,-4,-24,-4,-24,-4]"
CSI_DATA,36246,d8:b1:90:db:e8:90,-55,11,1,7,0,0,1,0,0,0,1,-94,0,8,0,567744970,0,100,0,128,1,"[100,-64,5,0,19,9,19,8,19,8,19,9,18,9,18,8,18,7,18,6,18,6,18,5,18,5,18,5,18,4,18,4,19,4,19,4,19,4,19,3,18,3,18,3,18,4,17,4,17,4,18,5,18,5,4,1,0,0,0,0,0,0,0,0,0,0,0,0,0,0,0,0,0,0,6,2,26,10,25,11,24,12,24,13,24,14,25,14,25,15,25,15,25,15,25,15,25,16,24,16,24,16,24,15,24,14,24,13,23,13,23,12,23,12,23,11,23,10,23,10,22,10,22,11,22,10,21,10]"
CSI_DATA,36247,d8:b1:90:db:e8:90,-55,11,1,7,0,0,1,0,0,0,1,-94,0,8,0,567762964,0,100,0,128,1,"[100,-64,5,0,-23,-1,-22,-1,-22,0,-21,0,-21,1,-20,1,-20,1,-20,2,-20,2,-19,2,-19,2,-19,3,-19,3,-19,3,-19,3,-20,3,-20,3,-20,3,-20,3,-20,2,-19,2,-19,1,-19,1,-20,1,-20,0,-5,0,0,0,0,0,0,0,0,0,0,0,0,0,0,0,0,0,0,0,-8,-1,-29,-2,-29,-3,-29,-5,-29,-6,-29,-6,-29,-7,-30,-8,-30,-8,-30,-8,-30,-9,-30,-9,-29,-9,-29,-8,-29,-8,-28,-8,-27,-7,-27,-6,-27,-6,-27,-5,-27,-5,-27,-4,-26,-4,-26,-3,-25,-3,-25,-2,-24,-1]"
CSI_DATA,36248,d8:b1:90:db:e8:90,-55,11,1,7,0,0,1,0,0,0,1,-94,0,8,0,567773147,0,100,0,128,1,"[100,-64,5,0,-11,-19,-11,-18,-11,-18,-11,-17,-11,-16,-11,-16,-11,-15,-12,-15,-12,-14,-12,-14,-13,-14,-13,-14,-13,-14,-13,-13,-13,-13,-14,-14,-13,-14,-13,-13,-13,-13,-13,-13,-14,-14,-14,-14,-13,-15,-13,-15,-13,-15,-4,-4,0,0,0,0,0,0,0,0,0,0,0,0,0,0,0,0,0,0,-4,-7,-14,-27,-12,-27,-10,-28,-10,-28,-9,-28,-9,-29,-9,-29,-9,-30,-9,-30,-9,-29,-8,-28,-9,-28,-9,-27,-9,-27,-9,-27,-9,-27,-9,-26,-9,-26,-10,-25,-10,-25,-11,-24,-11,-23,-10,-22,-10,-22,-10,-21,-11,-21]"
CSI_DATA,36249,d8:b1:90:db:e8:90,-55,11,1,7,0,0,1,0,0,0,1,-94,0,8,0,567783949,0,100,0,128,1,"[100,-64,5,0,17,-11,17,-11,16,-11,16,-11,16,-11,15,-11,14,-11,15,-11,14,-12,14,-12,14,-12,13,-12,13,-12,14,-12,14,-12,13,-12,13,-12,13,-12,14,-12,14,-12,13,-12,13,-11,13,-11,15,-11,16,-11,4,-3,0,0,0,0,0,0,0,0,0,0,0,0,0,0,0,0,0,0,5,-4,22,-16,23,-16,23,-15,24,-14,25,-13,26,-12,27,-13,27,-13,27,-12,27,-12,26,-12,26,-11,26,-11,26,-11,25,-11,25,-11,24,-11,23,-12,23,-12,22,-12,21,-12,21,-13,20,-13,20,-12,19,-13,19,-13]"
CSI_DATA,36250,d8:b1:90:db:e8:90,-56,11,1,7,0,0,1,0,0,0,1,-94,0,8,0,567808685,0,100,0,128,1,"[100,-64,5,0,-3,20,-3,19,-2,18,-1,18,0,17,0,17,0,17,1,17,1,16,1,16,2,17,2,17,2,18,2,18,2,18,2,18,2,18,1,18,1,18,2,17,2,17,2,17,2,17,1,17,0,17,0,4,0,0,0,0,0,0,0,0,0,0,0,0,0,0,0,0,0,0,-1,7,-2,29,-4,28,-5,27,-7,27,-8,28,-8,27,-9,27,-9,27,-9,27,-10,26,-10,26,-10,25,-10,25,-10,25,-9,25,-9,25,-8,25,-8,24,-7,23,-6,23,-5,22,-5,22,-5,22,-4,22,-4,22,-4,21]"
CSI_DATA,36251,d8:b1:90:db:e8:90,-55,11,1,7,0,0,1,0,0,0,1,-94,0,8,0,567825481,0,100,0,128,1,"[100,-64,5,0,-16,-12,-16,-11,-16,-10,-16,-9,-16,-9,-15,-8,-15,-8,-16,-7,-15,-6,-15,-6,-16,-6,-17,-6,-17,-6,-17,-5,-17,-5,-17,-6,-17,-6,-17,-6,-17,-5,-17,-5,-17,-5,-17,-6,-17,-6,-17,-6,-16,-6,-4,-2,0,0,0,0,0,0,0,0,0,0,0,0,0,0,0,0,0,0,-6,-4,-22,-17,-21,-17,-19,-18,-19,-19,-18,-19,-18,-20,-18,-20,-18,-20,-18,-21,-18,-21,-17,-21,-17,-21,-17,-21,-16,-20,-16,-20,-16,-19,-16,-18,-17,-18,-17,-17,-17,-16,-17,-15,-17,-15,-17,-14,-17,-14,-17,-14,-17,-13]"
CSI_DATA,36252,d8:b1:90:db:e8:90,-56,11,1,7,0,0,1,0,0,0,1,-94,0,8,0,567836007,0,100,0,128,1,"[100,-64,5,0,1,20,1,19,2,18,2,18,3,17,3,17,4,16,4,16,4,16,4,15,5,15,6,16,5,16,5,16,5,16,6,17,5,17,4,17,4,17,4,17,4,17,4,17,4,17,3,17,2,17,0,4,0,0,0,0,0,0,0,0,0,0,0,0,0,0,0,0,0,0,0,7,1,28,-1,29,-3,29,-4,29,-5,29,-5,29,-6,28,-6,28,-6,28,-6,28,-6,28,-6,28,-5,27,-5,27,-5,27,-5,26,-5,26,-4,25,-3,24,-1,23,-1,23,0,23,0,23,1,23,1,22,1,22]"
CSI_DATA,36253,d8:b1:90:db:e8:90,-57,11,1,7,0,0,1,0,0,0,1,-94,0,8,0,567847592,0,100,0,128,1,"[100,-64,5,0,5,19,5,18,5,17,6,17,6,16,6,15,7,15,7,14,7,14,7,14,8,15,8,15,8,15,8,14,8,15,9,15,9,16,8,15,8,15,8,15,8,16,8,16,7,16,7,16,6,16,1,4,0,0,0,0,0,0,0,0,0,0,0,0,0,0,0,0,0,0,1,6,7,26,5,26,4,27,3,27,2,27,2,28,2,28,2,27,1,27,1,27,1,27,1,27,1,26,1,26,1,25,1,25,1,24,2,23,3,23,4,22,5,22,5,21,5,21,5,21,6,21,6,20]"
CSI_DATA,36254,d8:b1:90:db:e8:90,-56,11,1,7,0,0,1,0,0,0,1,-94,0,8,0,567858808,0,100,0,128,1,"[100,-64,5,0,16,-12,15,-11,15,-11,14,-12,14,-12,13,-12,12,-12,12,-13,12,-13,11,-12,11,-12,11,-13,12,-13,12,-13,12,-13,12,-13,12,-14,13,-13,13,-13,13,-13,13,-13,13,-13,13,-12,14,-12,15,-11,4,-3,0,0,0,0,0,0,0,0,0,0,0,0,0,0,0,0,0,0,5,-4,23,-14,24,-13,25,-13,25,-12,26,-11,26,-11,26,-11,27,-11,27,-10,27,-10,27,-9,27,-9,26,-8,26,-8,25,-8,24,-9,23,-9,23,-10,21,-11,21,-11,20,-11,20,-11,20,-11,20,-11,19,-11,18,-11]"
CSI_DATA,36255,d8:b1:90:db:e8:90,-56,11,1,7,0,0,1,0,0,0,1,-94,0,8,0,567876508,0,100,0,128,1,"[100,-64,5,0,-10,17,-10,16,-9,16,-9,16,-9,16,-8,15,-8,15,-7,15,-7,15,-6,15,-6,16,-5,16,-5,17,-6,17,-6,17,-5,17,-5,17,-6,17,-6,17,-6,17,-6,17,-6,16,-6,17,-7,17,-8,16,-2,4,0,0,0,0,0,0,0,0,0,0,0,0,0,0,0,0,0,0,-4,5,-15,23,-16,22,-17,21,-18,21,-19,21,-20,21,-20,21,-21,20,-21,20,-21,20,-20,20,-20,20,-19,20,-19,19,-18,19,-18,19,-17,19,-17,19,-16,19,-15,19,-14,19,-14,19,-13,19,-12,19,-11,19,-12,19]"
CSI_DATA,36256,d8:b1:90:db:e8:90,-56,11,1,7,0,0,1,0,0,0,1,-94,0,8,0,567889420,0,100,0,128,1,"[100,-64,5,0,17,9,16,8,16,8,16,8,15,8,15,7,15,6,16,5,16,5,16,5,16,5,17,5,17,4,17,4,18,4,17,4,18,3,17,3,17,3,18,4,17,4,17,5,17,5,18,5,18,6,4,1,0,0,0,0,0,0,0,0,0,0,0,0,0,0,0,0,0,0,6,3,25,13,23,14,22,15,21,16,21,16,21,17,21,18,21,18,20,19,20,19,20,18,20,18,20,18,20,17,19,16,19,15,19,15,19,14,19,13,19,12,19,11,19,11,19,11,19,10,18,10,18,10]"
CSI_DATA,36257,d8:b1:90:db:e8:90,-57,11,1,7,0,0,1,0,0,0,1,-94,0,8,0,567911666,0,100,0,128,1,"[100,-64,5,0,-13,14,-12,14,-12,15,-12,14,-11,14,-10,14,-10,14,-10,14,-9,14,-8,14,-8,14,-8,15,-9,17,-8,18,-6,17,-6,17,-7,16,-9,16,-10,16,-10,16,-9,16,-9,15,-10,15,-11,15,-12,15,-3,3,0,0,0,0,0,0,0,0,0,0,0,0,0,0,0,0,0,0,-6,4,-21,18,-22,17,-22,16,-23,15,-23,15,-24,15,-24,15,-25,15,-25,15,-25,14,-25,13,-24,13,-24,13,-24,13,-23,13,-22,13,-22,14,-21,14,-20,14,-19,15,-18,15,-17,15,-17,14,-17,14,-16,14,-16,15]"
CSI_DATA,36258,d8:b1:90:db:e8:90,-56,11,1,7,0,0,1,0,0,0,1,-94,0,8,0,567921808,0,100,0,128,1,"[100,-64,5,0,-13,15,-12,15,-11,15,-10,14,-9,13,-9,13,-9,13,-9,14,-9,14,-8,14,-8,14,-8,15,-8,15,-9,15,-9,15,-8,15,-8,15,-9,15,-9,15,-8,14,-8,14,-8,14,-9,14,-11,13,-12,13,-3,3,0,0,0,0,0,0,0,0,0,0,0,0,0,0,0,0,0,0,-6,5,-22,19,-22,18,-22,16,-22,15,-23,15,-24,15,-24,15,-24,15,-24,15,-24,15,-24,14,-24,14,-23,14,-23,14,-23,14,-22,14,-21,14,-20,14,-19,14,-18,14,-17,14,-17,14,-16,15,-16,15,-15,15,-14,15]"
CSI_DATA,36259,d8:b1:90:db:e8:90,-57,11,1,7,0,0,1,0,0,0,1,-94,0,8,0,567933305,0,100,0,128,1,"[100,-64,5,0,8,-17,7,-17,7,-16,6,-16,5,-15,5,-15,4,-15,4,-16,4,-16,4,-16,3,-16,3,-17,4,-17,4,-17,4,-17,4,-17,4,-17,4,-17,4,-17,4,-17,4,-17,4,-16,4,-16,6,-16,7,-16,2,-4,0,0,0,0,0,0,0,0,0,0,0,0,0,0,0,0,0,0,4,-6,16,-21,17,-20,18,-19,19,-19,19,-19,19,-19,19,-19,19,-19,20,-18,20,-18,20,-18,20,-18,19,-18,18,-17,18,-17,17,-17,17,-17,16,-17,14,-18,13,-18,13,-17,12,-18,11,-18,11,-18,11,-18,10,-18]"
CSI_DATA,36260,d8:b1:90:db:e8:90,-57,11,1,7,0,0,1,0,0,0,1,-94,0,8,0,567943879,0,100,0,128,1,"[100,-64,5,0,-5,-19,-5,-18,-5,-18,-5,-17,-6,-17,-6,-16,-6,-16,-7,-15,-7,-15,-7,-15,-8,-15,-8,-15,-8,-15,-8,-15,-8,-15,-8,-16,-8,-16,-7,-16,-7,-16,-7,-16,-7,-17,-7,-17,-7,-17,-6,-17,-5,-17,-2,-5,0,0,0,0,0,0,0,0,0,0,0,0,0,0,0,0,0,0,-2,-7,-6,-27,-4,-27,-3,-27,-1,-27,-1,-27,-1,-27,-1,-27,-1,-28,-1,-28,0,-28,0,-28,0,-27,0,-27,0,-26,0,-26,0,-25,-1,-25,-1,-24,-2,-24,-3,-23,-3,-23,-4,-22,-4,-22,-4,-21,-4,-21,-4,-20]"
CSI_DATA,36261,d8:b1:90:db:e8:90,-57,11,1,5,0,0,1,0,1,0,0,-94,0,8,0,567957586,0,100,0,128,1,"[100,-64,5,0,6,7,7,5,9,3,11,1,12,0,13,-1,14,-2,14,-2,13,-3,13,-2,12,-1,10,0,8,1,5,2,2,2,-1,3,-3,4,-6,4,-7,4,-8,5,-9,5,-8,5,-7,5,-6,5,-5,5,-1,1,0,0,0,0,0,0,0,0,0,0,0,0,0,0,0,0,0,0,-4,5,-13,21,-13,20,-13,18,-11,17,-9,16,-6,15,-2,15,3,16,8,17,12,18,16,20,19,22,21,24,23,26,23,27,23,28,22,29,20,29,18,29,16,29,13,28,11,26,9,24,7,22,5,19,4,17]"
CSI_DATA,36262,d8:b1:90:db:e8:90,-58,11,1,5,0,0,1,0,1,0,0,-94,0,8,0,567972876,0,100,0,128,1,"[100,-64,5,0,-3,-10,-5,-9,-7,-7,-10,-7,-12,-7,-13,-6,-14,-6,-14,-6,-13,-6,-13,-6,-12,-6,-10,-6,-7,-6,-4,-5,-1,-4,2,-4,5,-3,7,-2,9,-2,9,-1,9,-1,8,-1,8,-2,7,-3,5,-3,1,-1,0,0,0,0,0,0,0,0,0,0,0,0,0,0,0,0,0,0,5,-4,20,-16,20,-15,19,-14,17,-13,14,-13,10,-14,6,-15,2,-17,-2,-19,-5,-22,-8,-25,-10,-28,-12,-30,-12,-33,-12,-34,-12,-35,-10,-35,-9,-35,-7,-34,-5,-33,-3,-31,-1,-29,0,-26,1,-23,2,-20,2,-18]"
CSI_DATA,36263,d8:b1:90:db:e8:90,-58,11,1,7,0,0,1,0,0,0,1,-94,0,8,0,567986462,0,100,0,128,1,"[100,-64,5,0,-14,10,-14,10,-13,10,-12,10,-11,10,-11,10,-10,10,-10,11,-9,11,-9,11,-9,11,-8,12,-9,12,-9,13,-9,13,-8,13,-9,14,-9,14,-9,13,-9,14,-9,14,-9,14,-10,14,-11,14,-12,14,-3,3,0,0,0,0,0,0,0,0,0,0,0,0,0,0,0,0,0,0,-6,3,-22,15,-23,13,-24,12,-25,11,-25,11,-25,11,-25,11,-24,11,-24,11,-25,10,-25,9,-24,9,-24,9,-23,9,-23,9,-23,10,-22,10,-21,10,-20,10,-19,10,-18,10,-18,11,-17,11,-17,11,-16,11,-16,12]"
CSI_DATA,36264,d8:b1:90:db:e8:90,-57,11,1,7,0,0,1,0,0,0,1,-94,0,8,0,568012208,0,100,0,128,1,"[100,-64,5,0,-6,-18,-6,-18,-6,-17,-6,-16,-7,-15,-7,-14,-7,-14,-7,-14,-7,-14,-7,-14,-8,-14,-9,-14,-9,-14,-9,-14,-9,-14,-9,-14,-9,-14,-9,-14,-9,-15,-9,-15,-9,-15,-9,-16,-8,-16,-8,-16,-8,-17,-2,-5,0,0,0,0,0,0,0,0,0,0,0,0,0,0,0,0,0,0,-3,-7,-9,-26,-8,-26,-7,-27,-7,-27,-6,-27,-5,-27,-4,-28,-4,-28,-3,-27,-3,-27,-3,-27,-3,-27,-3,-27,-3,-27,-4,-26,-4,-25,-4,-25,-4,-24,-5,-24,-5,-23,-6,-23,-6,-22,-6,-21,-6,-21,-6,-20,-6,-20]"
CSI_DATA,36265,d8:b1:90:db:e8:90,-58,11,1,7,0,0,1,0,0,0,1,-94,0,8,0,568028668,0,100,0,128,1,"[100,-64,5,0,-7,-17,-7,-16,-7,-15,-7,-15,-7,-14,-7,-14,-8,-13,-8,-13,-8,-13,-8,-13,-9,-13,-9,-13,-10,-13,-9,-13,-9,-13,-10,-13,-9,-13,-9,-13,-9,-13,-10,-14,-10,-15,-10,-15,-10,-15,-10,-15,-9,-16,-3,-4,0,0,0,0,0,0,0,0,0,0,0,0,0,0,0,0,0,0,-3,-7,-9,-26,-8,-25,-7,-25,-5,-25,-5,-25,-5,-26,-5,-27,-5,-27,-5,-27,-4,-27,-4,-27,-4,-26,-4,-26,-4,-26,-5,-25,-5,-24,-5,-23,-5,-23,-5,-22,-5,-21,-5,-21,-6,-20,-6,-19,-6,-19,-6,-18,-6,-18]"
CSI_DATA,36266,d8:b1:90:db:e8:90,-56,11,1,7,0,0,1,0,0,0,1,-94,0,8,0,568040301,0,100,0,128,1,"[100,-64,5,0,19,-2,18,-2,17,-2,17,-2,16,-2,15,-2,15,-4,15,-5,15,-6,14,-6,14,-6,14,-6,14,-7,15,-7,15,-7,15,-7,15,-8,15,-8,15,-7,15,-7,15,-7,15,-6,16,-6,16,-6,17,-5,4,-1,0,0,0,0,0,0,0,0,0,0,0,0,0,0,0,0,0,0,7,-1,28,-1,28,0,28,1,28,2,27,3,28,4,29,5,28,6,27,7,28,7,28,6,27,5,26,5,27,6,26,5,25,3,24,2,24,2,24,2,23,2,23,1,22,1,21,1,21,1,21,0,21,0]"
CSI_DATA,36267,d8:b1:90:db:e8:90,-57,11,1,7,0,0,1,0,0,0,1,-94,0,8,0,568056836,0,100,0,128,1,"[100,-64,5,0,16,4,16,4,16,3,16,3,16,3,15,3,15,2,15,1,14,1,14,1,14,1,15,1,15,1,15,0,15,0,15,0,15,0,15,0,15,0,15,0,15,1,15,2,15,2,15,3,15,4,3,1,0,0,0,0,0,0,0,0,0,0,0,0,0,0,0,0,0,0,5,1,23,6,23,7,22,8,22,9,22,9,23,10,23,11,23,12,23,12,23,12,22,12,21,11,21,11,21,11,22,11,21,11,21,10,21,10,21,9,21,8,20,7,20,7,20,6,19,5,19,5,19,5]"
CSI_DATA,36268,d8:b1:90:db:e8:90,-57,11,1,7,0,0,1,0,0,0,1,-94,0,8,0,568070814,0,100,0,128,1,"[100,-64,5,0,-4,17,-4,17,-4,16,-4,16,-3,16,-3,16,-2,16,-2,15,-2,15,-2,15,-1,15,-1,16,-1,16,-1,16,-1,16,-1,17,-1,17,-1,17,-1,17,-1,17,-1,17,-1,17,-2,17,-3,17,-4,17,-2,4,0,0,0,0,0,0,0,0,0,0,0,0,0,0,0,0,0,0,-2,6,-7,25,-8,24,-9,25,-10,25,-10,25,-10,24,-11,25,-12,25,-12,25,-12,24,-12,23,-12,22,-12,22,-12,22,-11,23,-11,23,-10,22,-10,22,-9,22,-8,21,-7,21,-6,21,-6,20,-5,20,-5,20,-5,19]"
CSI_DATA,36269,d8:b1:90:db:e8:90,-56,11,1,7,0,0,1,0,0,0,1,-94,0,8,0,568086733,0,100,0,128,1,"[100,-64,5,0,1,18,1,18,2,17,2,17,3,16,3,16,3,15,4,15,4,15,4,15,5,15,5,15,6,15,6,15,6,15,6,16,6,16,6,16,6,16,6,16,6,17,6,17,5,17,4,17,3,18,0,4,0,0,0,0,0,0,0,0,0,0,0,0,0,0,0,0,0,0,-1,7,-2,28,-4,28,-5,27,-6,27,-7,27,-7,27,-7,27,-8,27,-8,27,-8,26,-9,26,-8,25,-8,25,-8,25,-7,25,-6,24,-6,24,-5,23,-4,23,-3,22,-2,22,-2,21,-1,21,-1,21,-1,21,0,20]"
CSI_DATA,36270,d8:b1:90:db:e8:90,-56,11,1,6,0,0,1,0,0,0,1,-94,0,8,0,568119556,0,100,0,128,1,"[100,-64,5,0,-12,3,-9,5,-7,7,-5,9,-3,11,-2,13,-2,14,-2,15,-2,15,-1,14,-1,12,-1,10,-2,7,-4,4,-5,1,-5,-2,-6,-5,-6,-8,-6,-10,-6,-12,-6,-12,-7,-12,-7,-11,-8,-9,-8,-8,-2,-2,0,0,0,0,0,0,0,0,0,0,0,0,0,0,0,0,0,0,-6,-5,-23,-18,-22,-18,-20,-17,-19,-15,-18,-12,-18,-8,-19,-3,-19,2,-21,7,-23,11,-25,15,-27,18,-29,20,-31,22,-32,22,-33,21,-34,19,-34,17,-34,15,-33,12,-32,9,-30,7,-28,4,-26,2,-23,0,-21,-1]"
CSI_DATA,36271,d8:b1:90:db:e8:90,-57,11,1,6,0,0,1,0,0,0,1,-94,0,8,0,568130195,0,100,0,128,1,"[100,-64,5,0,3,11,5,9,7,7,10,6,12,5,14,4,15,3,15,2,14,2,13,2,12,3,10,3,7,4,4,4,0,4,-4,4,-7,4,-10,4,-12,4,-13,4,-13,4,-13,5,-12,5,-11,5,-9,5,-3,1,0,0,0,0,0,0,0,0,0,0,0,0,0,0,0,0,0,0,-5,6,-17,23,-17,22,-16,20,-14,19,-11,18,-8,17,-3,18,2,18,7,19,11,21,14,23,16,25,18,26,19,28,19,29,19,30,17,30,15,31,13,31,10,30,8,29,5,27,3,26,1,24,0,21,-1,19]"
CSI_DATA,36272,d8:b1:90:db:e8:90,-57,11,1,6,0,0,1,0,0,0,1,-94,0,8,0,568149081,0,100,0,128,1,"[100,-64,5,0,-6,10,-3,10,0,11,4,11,6,12,8,13,9,13,9,13,9,12,9,11,8,11,6,10,2,8,-1,6,-4,4,-7,2,-9,0,-11,-2,-13,-4,-14,-5,-14,-5,-14,-5,-13,-4,-12,-3,-11,-1,-3,-1,0,0,0,0,0,0,0,0,0,0,0,0,0,0,0,0,0,0,-8,0,-29,3,-28,2,-26,2,-24,2,-21,4,-18,7,-15,10,-12,14,-10,18,-8,22,-7,26,-6,29,-6,32,-7,34,-8,35,-9,35,-11,34,-12,33,-13,31,-14,29,-16,26,-17,23,-17,21,-17,18,-16,15,-15,13]"
CSI_DATA,36273,d8:b1:90:db:e8:90,-56,11,1,7,0,0,1,0,0,0,1,-94,0,8,0,568166661,0,100,0,128,1,"[100,-64,5,0,-16,14,-15,14,-15,14,-14,13,-14,13,-13,13,-13,13,-12,14,-12,14,-11,14,-11,14,-10,14,-10,15,-11,15,-11,15,-10,16,-11,16,-11,16,-11,16,-11,16,-11,16,-11,16,-11,16,-12,15,-13,15,-4,3,0,0,0,0,0,0,0,0,0,0,0,0,0,0,0,0,0,0,-5,4,-21,18,-22,17,-23,16,-23,14,-24,14,-24,14,-24,14,-25,14,-25,14,-25,14,-25,14,-24,13,-24,13,-23,13,-24,13,-23,13,-23,13,-22,13,-21,14,-20,14,-19,14,-19,15,-18,15,-18,14,-17,14,-17,15]"
CSI_DATA,36274,d8:b1:90:db:e8:90,-55,11,1,7,0,0,1,0,0,0,1,-94,0,8,0,568185235,0,100,0,128,1,"[100,-64,5,0,17,-14,16,-13,16,-13,15,-13,15,-14,14,-13,13,-14,13,-15,13,-15,12,-15,12,-15,12,-15,13,-15,13,-15,13,-15,13,-15,14,-15,14,-15,14,-14,14,-14,13,-14,13,-13,14,-13,15,-13,15,-13,3,-4,0,0,0,0,0,0,0,0,0,0,0,0,0,0,0,0,0,0,5,-5,21,-18,21,-17,22,-16,22,-15,23,-14,24,-14,24,-14,24,-14,25,-14,25,-14,25,-13,25,-13,24,-13,23,-13,22,-12,22,-12,21,-12,21,-13,21,-13,21,-13,20,-13,20,-13,19,-13,19,-13,18,-13,18,-14]"
CSI_DATA,36275,d8:b1:90:db:e8:90,-55,11,1,7,0,0,1,0,0,0,1,-94,0,8,0,568196436,0,100,0,128,1,"[100,-64,5,0,13,18,13,18,13,17,13,17,13,16,13,16,13,15,14,13,14,13,14,13,14,13,14,14,14,14,13,13,13,14,13,14,13,14,13,14,12,13,12,14,12,14,11,15,11,15,11,15,10,15,2,3,0,0,0,0,0,0,0,0,0,0,0,0,0,0,0,0,0,0,4,5,16,22,15,23,14,24,13,24,13,24,12,25,12,26,11,26,11,27,11,27,11,27,11,27,10,27,10,26,10,25,10,24,10,24,10,23,11,24,12,23,12,22,12,22,12,21,12,21,12,20,13,20]"
CSI_DATA,36276,d8:b1:90:db:e8:90,-55,11,1,7,0,0,1,0,0,0,1,-94,0,8,0,568216861,0,100,0,128,1,"[100,-64,5,0,22,0,21,0,21,-1,21,-1,21,-2,20,-2,20,-2,19,-3,19,-4,18,-4,19,-4,19,-4,19,-5,19,-5,19,-5,18,-5,18,-5,18,-5,19,-5,19,-4,19,-3,18,-3,18,-2,19,-2,19,-1,5,-1,0,0,0,0,0,0,0,0,0,0,0,0,0,0,0,0,0,0,6,-1,27,-1,27,0,27,2,27,3,27,3,27,4,27,5,27,6,27,6,27,6,27,6,27,6,27,6,27,6,26,5,26,5,26,4,25,4,25,4,24,3,24,3,24,2,24,1,24,1,24,0,24,0]"
CSI_DATA,36277,d8:b1:90:db:e8:90,-55,11,1,7,0,0,1,0,0,0,1,-94,0,8,0,568229249,0,100,0,128,1,"[100,-64,5,0,6,21,6,20,6,19,7,19,7,19,7,19,8,18,7,17,7,17,8,17,9,17,9,17,9,17,9,17,9,17,9,17,9,16,9,16,9,16,9,17,9,17,9,17,9,17,8,17,7,18,1,4,0,0,0,0,0,0,0,0,0,0,0,0,0,0,0,0,0,0,2,6,8,25,7,25,6,24,5,25,4,25,4,26,4,26,2,27,1,26,1,26,2,27,2,26,2,26,3,26,3,25,2,24,3,23,3,23,4,23,5,24,5,23,5,23,5,22,6,22,6,22,6,22]"
CSI_DATA,36278,d8:b1:90:db:e8:90,-55,11,1,7,0,0,1,0,0,0,1,-94,0,8,0,568241132,0,100,0,128,1,"[100,-64,5,0,-17,11,-17,11,-17,11,-17,10,-16,10,-16,10,-15,10,-15,11,-14,11,-14,11,-13,11,-13,12,-13,13,-13,13,-13,12,-13,12,-13,12,-13,12,-13,12,-14,12,-13,12,-13,11,-14,11,-15,11,-15,11,-4,2,0,0,0,0,0,0,0,0,0,0,0,0,0,0,0,0,0,0,-6,3,-21,14,-22,12,-24,11,-23,10,-22,10,-22,9,-23,9,-23,10,-23,10,-23,9,-24,9,-24,9,-24,9,-23,8,-23,7,-22,7,-21,8,-21,8,-21,8,-21,9,-21,10,-20,10,-19,11,-19,11,-18,11,-18,11]"
CSI_DATA,36279,d8:b1:90:db:e8:90,-55,11,1,7,0,0,1,0,0,0,1,-94,0,8,0,568257525,0,100,0,128,1,"[100,-64,5,0,-21,0,-21,0,-20,0,-20,0,-20,0,-19,0,-19,1,-19,1,-19,2,-18,2,-18,3,-18,3,-18,4,-18,4,-18,4,-18,4,-18,4,-18,4,-18,3,-18,3,-18,2,-18,2,-18,2,-19,2,-19,1,-5,0,0,0,0,0,0,0,0,0,0,0,0,0,0,0,0,0,0,0,-7,0,-26,0,-26,-1,-26,-2,-26,-3,-26,-4,-26,-4,-26,-4,-26,-5,-26,-5,-26,-5,-26,-6,-25,-6,-25,-6,-25,-6,-24,-6,-23,-6,-23,-5,-23,-5,-23,-4,-23,-4,-23,-4,-23,-3,-23,-1,-22,-1,-22,-1,-22,-1]"
CSI_DATA,36280,d8:b1:90:db:e8:90,-57,11,1,7,0,0,1,0,0,0,1,-94,0,8,0,568268500,0,100,0,128,1,"[100,-64,5,0,-20,-6,-20,-6,-20,-5,-20,-5,-20,-4,-20,-4,-19,-4,-19,-4,-19,-3,-19,-4,-20,-4,-20,-4,-21,-3,-21,-3,-21,-3,-21,-2,-21,-2,-21,-2,-21,-3,-21,-3,-21,-4,-21,-4,-21,-4,-21,-5,-21,-5,-6,-2,0,0,0,0,0,0,0,0,0,0,0,0,0,0,0,0,0,0,-7,-2,-26,-7,-26,-8,-25,-9,-25,-10,-25,-10,-25,-11,-24,-11,-24,-11,-24,-12,-24,-12,-24,-13,-23,-12,-23,-12,-23,-12,-23,-11,-24,-10,-24,-10,-23,-10,-23,-9,-22,-8,-22,-8,-22,-7,-22,-7,-22,-7,-21,-7,-21,-7]"
CSI_DATA,36281,d8:b1:90:db:e8:90,-57,11,1,7,0,0,1,0,0,0,1,-94,0,8,0,568279896,0,100,0,128,1,"[100,-64,5,0,1,20,1,20,2,19,3,19,4,19,4,18,4,18,4,18,4,18,4,18,4,18,5,19,5,19,5,19,5,19,5,19,5,19,5,18,4,19,5,19,5,19,4,19,4,19,3,19,2,20,0,5,0,0,0,0,0,0,0,0,0,0,0,0,0,0,0,0,0,0,0,6,2,26,1,26,-1,26,-1,26,-2,26,-3,25,-3,25,-3,25,-4,25,-4,25,-4,25,-4,24,-4,24,-4,24,-3,25,-3,24,-2,24,-2,24,-2,23,-1,22,0,23,1,23,1,22,1,22,1,21,1,21]"
CSI_DATA,36282,d8:b1:90:db:e8:90,-55,11,1,7,0,0,1,0,0,0,1,-94,0,8,0,568296425,0,100,0,128,1,"[100,-64,5,0,20,7,20,6,20,6,20,4,20,3,19,3,19,2,20,2,20,1,19,1,19,1,19,1,19,1,19,0,19,0,19,0,19,0,19,0,19,0,19,1,19,1,19,2,19,2,19,2,19,3,4,0,0,0,0,0,0,0,0,0,0,0,0,0,0,0,0,0,0,0,6,1,25,7,25,8,25,10,24,11,24,12,23,13,24,13,24,13,24,14,24,15,23,15,22,16,22,16,21,15,21,15,21,14,21,13,21,13,21,12,21,11,21,10,22,10,22,9,22,9,22,9,22,8]"
CSI_DATA,36283,d8:b1:90:db:e8:90,-56,11,1,7,0,0,1,0,0,0,1,-94,0,8,0,568334004,0,100,0,128,1,"[100,-64,5,0,16,11,16,11,17,10,18,8,18,8,18,7,18,7,18,6,18,6,18,5,18,6,18,6,18,6,18,6,18,6,19,6,19,5,19,5,19,5,19,5,18,6,18,6,18,6,18,7,18,7,4,2,0,0,0,0,0,0,0,0,0,0,0,0,0,0,0,0,0,0,5,3,22,14,21,15,20,16,19,17,19,17,18,18,18,18,18,18,18,18,18,18,18,18,18,18,18,18,17,18,17,18,16,18,16,17,17,17,17,16,17,15,18,14,18,14,17,14,17,14,18,13,18,12]"
CSI_DATA,36284,d8:b1:90:db:e8:90,-56,11,1,7,0,0,1,0,0,0,1,-94,0,8,0,568344699,0,100,0,128,1,"[100,-64,5,0,-11,18,-10,18,-10,18,-9,17,-8,17,-8,17,-7,18,-8,18,-8,18,-7,18,-7,18,-6,19,-5,19,-6,19,-5,19,-5,20,-5,20,-6,19,-6,19,-6,20,-6,20,-6,19,-7,19,-8,19,-9,19,-3,4,0,0,0,0,0,0,0,0,0,0,0,0,0,0,0,0,0,0,-4,5,-16,22,-17,21,-18,20,-18,19,-18,18,-19,18,-18,18,-18,18,-19,18,-19,17,-20,17,-20,17,-19,17,-19,17,-18,17,-17,17,-17,17,-16,17,-15,17,-14,17,-14,17,-13,17,-13,17,-13,17,-12,17,-12,18]"
CSI_DATA,36285,d8:b1:90:db:e8:90,-55,11,1,7,0,0,1,0,0,0,1,-94,0,8,0,568357662,0,100,0,128,1,"[100,-64,5,0,-18,15,-18,14,-17,14,-16,14,-15,14,-15,14,-15,14,-15,14,-14,15,-14,15,-13,15,-13,16,-13,16,-13,16,-13,16,-13,16,-13,16,-13,16,-14,15,-14,15,-14,15,-14,14,-14,14,-16,14,-17,13,-5,3,0,0,0,0,0,0,0,0,0,0,0,0,0,0,0,0,0,0,-6,3,-23,15,-24,15,-24,14,-24,13,-24,12,-25,12,-25,12,-25,11,-25,11,-26,11,-26,11,-26,10,-25,10,-25,10,-25,11,-24,11,-23,11,-23,11,-22,12,-21,12,-21,12,-21,13,-21,13,-20,13,-19,13,-19,14]"
CSI_DATA,36286,d8:b1:90:db:e8:90,-57,11,1,7,0,0,1,0,0,0,1,-94,0,8,0,568369173,0,100,0,128,1,"[100,-64,5,0,-11,16,-10,16,-9,16,-9,16,-8,16,-8,16,-8,16,-8,16,-9,16,-8,16,-8,17,-7,18,-8,18,-8,19,-8,19,-8,19,-8,19,-8,18,-8,18,-8,18,-8,18,-8,18,-8,18,-10,18,-11,18,-3,4,0,0,0,0,0,0,0,0,0,0,0,0,0,0,0,0,0,0,-4,5,-16,20,-17,19,-18,17,-19,17,-19,16,-19,16,-19,16,-19,16,-19,16,-19,15,-19,15,-19,15,-19,14,-18,14,-18,14,-17,14,-17,15,-16,15,-15,14,-15,14,-14,15,-13,15,-13,16,-12,16,-12,16,-12,16]"
CSI_DATA,36287,d8:b1:90:db:e8:90,-56,11,1,7,0,0,1,0,0,0,1,-94,0,8,0,568380490,0,100,0,128,1,"[100,-64,5,0,8,-20,7,-20,7,-20,6,-20,5,-20,4,-19,4,-20,5,-20,5,-20,4,-20,4,-20,3,-20,4,-21,4,-21,4,-21,4,-21,4,-21,5,-21,5,-20,5,-20,5,-19,5,-19,5,-19,6,-19,7,-19,2,-5,0,0,0,0,0,0,0,0,0,0,0,0,0,0,0,0,0,0,3,-6,14,-23,15,-22,16,-22,17,-21,17,-21,17,-21,17,-20,17,-20,17,-20,17,-20,17,-20,17,-19,17,-19,17,-19,16,-19,16,-19,15,-19,15,-19,14,-19,13,-19,12,-19,12,-19,11,-20,10,-20,10,-20,10,-21]"
CSI_DATA,36288,d8:b1:90:db:e8:90,-55,11,1,7,0,0,1,0,0,0,1,-94,0,8,0,568391113,0,100,0,128,1,"[100,-64,5,0,16,12,16,11,17,10,17,10,18,9,18,9,18,8,18,8,18,8,18,7,19,8,19,8,19,8,20,7,20,7,20,8,20,8,20,8,20,8,20,8,20,9,19,9,19,9,19,9,19,10,4,2,0,0,0,0,0,0,0,0,0,0,0,0,0,0,0,0,0,0,5,4,20,17,18,18,17,19,16,19,16,20,16,21,16,21,15,21,15,21,15,21,15,21,15,21,15,21,14,20,14,19,14,18,15,17,15,17,15,17,15,17,16,16,16,15,16,15,16,14,16,14,17,13]"
CSI_DATA,36289,d8:b1:90:db:e8:90,-55,11,1,7,0,0,1,0,0,0,1,-94,0,8,0,568420950,0,100,0,128,1,"[100,-64,5,0,-21,-10,-20,-10,-20,-9,-20,-9,-20,-8,-20,-8,-20,-7,-20,-7,-20,-6,-21,-6,-21,-6,-22,-6,-22,-6,-22,-5,-22,-5,-22,-5,-22,-5,-21,-5,-21,-5,-21,-5,-21,-6,-20,-7,-20,-7,-21,-7,-21,-8,-5,-2,0,0,0,0,0,0,0,0,0,0,0,0,0,0,0,0,0,0,-7,-4,-25,-14,-24,-15,-23,-16,-22,-17,-22,-18,-21,-18,-21,-18,-21,-18,-21,-19,-21,-19,-20,-19,-20,-19,-20,-19,-20,-18,-20,-18,-20,-18,-20,-17,-20,-16,-20,-15,-20,-14,-21,-13,-21,-13,-21,-12,-22,-12,-21,-12,-21,-11]"
CSI_DATA,36290,d8:b1:90:db:e8:90,-55,11,1,7,0,0,1,0,0,0,1,-94,0,8,0,568436119,0,100,0,128,1,"[100,-64,5,0,8,-21,8,-20,8,-20,7,-19,6,-20,6,-19,6,-19,6,-19,6,-19,6,-19,5,-20,5,-20,4,-20,5,-20,5,-20,4,-20,5,-20,5,-20,5,-20,5,-19,5,-19,5,-19,6,-19,6,-18,7,-18,1,-5,0,0,0,0,0,0,0,0,0,0,0,0,0,0,0,0,0,0,2,-7,10,-25,11,-24,13,-24,14,-23,15,-23,16,-23,16,-23,17,-23,17,-23,17,-23,18,-22,17,-21,17,-21,16,-21,15,-21,15,-20,14,-20,14,-21,14,-21,14,-21,13,-21,12,-21,12,-21,11,-21,11,-21,11,-21]"
CSI_DATA,36291,d8:b1:90:db:e8:90,-55,11,1,7,0,0,1,0,0,0,1,-94,0,8,0,568447826,0,100,0,128,1,"[100,-64,5,0,17,12,17,11,18,10,18,9,18,9,18,8,18,8,19,7,19,6,19,6,19,6,20,6,20,6,20,5,20,6,20,6,20,6,20,6,20,6,20,7,20,7,20,8,19,8,19,8,19,9,4,2,0,0,0,0,0,0,0,0,0,0,0,0,0,0,0,0,0,0,5,3,23,15,21,16,20,17,19,17,19,18,19,19,19,20,19,20,18,21,18,21,18,20,18,20,17,20,17,20,16,19,16,18,16,17,17,17,17,16,18,15,18,15,18,14,18,14,18,14,18,13,18,12]"
CSI_DATA,36292,d8:b1:90:db:e8:90,-55,11,1,7,0,0,1,0,0,0,1,-94,0,8,0,568466779,0,100,0,128,1,"[100,-64,5,0,18,12,18,11,18,10,18,10,18,9,18,8,18,8,19,7,19,6,19,6,19,6,20,6,20,6,20,6,20,6,20,6,20,6,20,6,20,6,20,7,20,8,19,8,19,8,19,9,19,9,4,2,0,0,0,0,0,0,0,0,0,0,0,0,0,0,0,0,0,0,6,3,24,14,23,15,21,16,20,17,20,18,20,19,20,19,20,20,19,20,19,20,19,20,18,20,18,20,18,19,17,18,17,17,17,17,17,17,18,16,18,15,18,15,18,14,18,14,18,14,19,13,19,12]"
CSI_DATA,36293,d8:b1:90:db:e8:90,-55,11,1,7,0,0,1,0,0,0,1,-94,0,8,0,568477845,0,100,0,128,1,"[100,-64,5,0,-15,-17,-14,-16,-15,-16,-16,-15,-16,-15,-16,-15,-16,-14,-17,-12,-17,-11,-17,-11,-18,-11,-18,-11,-18,-11,-18,-11,-17,-11,-17,-11,-17,-11,-16,-11,-16,-11,-17,-11,-17,-12,-16,-12,-16,-12,-15,-13,-15,-13,-4,-4,0,0,0,0,0,0,0,0,0,0,0,0,0,0,0,0,0,0,-5,-5,-18,-19,-18,-20,-16,-21,-15,-22,-14,-23,-13,-23,-13,-24,-14,-24,-13,-24,-12,-25,-12,-25,-12,-25,-12,-25,-11,-25,-11,-25,-11,-24,-11,-23,-11,-23,-12,-22,-13,-21,-13,-20,-14,-20,-14,-20,-15,-19,-15,-19,-14,-18]"
CSI_DATA,36294,d8:b1:90:db:e8:90,-55,11,1,7,0,0,1,0,0,0,1,-94,0,8,0,568490648,0,100,0,128,1,"[100,-64,5,0,-13,18,-13,18,-12,18,-11,18,-11,18,-10,18,-9,18,-9,18,-9,18,-8,18,-7,19,-7,19,-8,19,-8,19,-8,19,-8,20,-8,20,-9,19,-9,19,-9,19,-9,19,-8,18,-9,18,-10,18,-11,17,-3,4,0,0,0,0,0,0,0,0,0,0,0,0,0,0,0,0,0,0,-4,5,-15,21,-16,21,-18,20,-18,20,-19,19,-19,20,-20,20,-21,20,-21,19,-21,19,-21,18,-21,18,-21,18,-20,17,-20,17,-19,17,-19,17,-19,17,-19,18,-18,18,-17,18,-17,18,-17,18,-16,19,-16,19,-15,19]"
CSI_DATA,36295,d8:b1:90:db:e8:90,-55,11,1,7,0,0,1,0,0,0,1,-94,0,8,0,568501955,0,100,0,128,1,"[100,-64,5,0,-20,-14,-20,-13,-20,-13,-20,-12,-20,-11,-20,-11,-20,-10,-19,-9,-19,-8,-20,-8,-20,-8,-20,-8,-20,-8,-20,-8,-20,-8,-20,-7,-20,-7,-19,-7,-19,-7,-19,-8,-19,-8,-19,-9,-18,-9,-18,-10,-17,-10,-5,-3,0,0,0,0,0,0,0,0,0,0,0,0,0,0,0,0,0,0,-6,-5,-23,-18,-22,-18,-21,-18,-21,-19,-20,-20,-20,-21,-20,-21,-20,-22,-19,-23,-19,-23,-19,-23,-19,-23,-19,-23,-18,-22,-18,-21,-18,-20,-18,-20,-19,-20,-19,-20,-19,-20,-20,-19,-20,-19,-20,-18,-20,-17,-20,-16,-20,-15]"
CSI_DATA,36296,d8:b1:90:db:e8:90,-55,11,1,7,0,0,1,0,0,0,1,-94,0,8,0,568528666,0,100,0,128,1,"[100,-64,5,0,-19,-11,-18,-11,-18,-10,-18,-10,-18,-9,-18,-9,-18,-8,-18,-7,-18,-6,-18,-6,-19,-6,-19,-6,-19,-6,-19,-6,-19,-5,-19,-5,-19,-5,-19,-5,-19,-5,-19,-6,-18,-6,-18,-7,-18,-7,-18,-8,-18,-8,-5,-3,0,0,0,0,0,0,0,0,0,0,0,0,0,0,0,0,0,0,-6,-3,-21,-12,-20,-14,-20,-15,-20,-16,-19,-17,-19,-17,-19,-17,-19,-17,-19,-17,-19,-18,-19,-18,-18,-18,-18,-18,-18,-18,-18,-17,-18,-16,-18,-16,-18,-16,-18,-16,-18,-16,-18,-15,-18,-15,-18,-14,-18,-14,-18,-13,-19,-12]"
CSI_DATA,36297,d8:b1:90:db:e8:90,-55,11,1,7,0,0,1,0,0,0,1,-94,0,8,0,568539090,0,100,0,128,1,"[100,-64,5,0,-11,20,-11,20,-10,20,-10,20,-9,20,-8,19,-8,19,-7,19,-6,19,-6,19,-5,19,-5,20,-5,20,-5,20,-6,20,-6,20,-7,21,-7,20,-7,19,-7,19,-7,19,-7,19,-7,18,-8,18,-9,18,-3,4,0,0,0,0,0,0,0,0,0,0,0,0,0,0,0,0,0,0,-3,6,-12,23,-13,22,-14,21,-15,21,-16,20,-18,20,-18,21,-18,21,-19,21,-19,21,-19,20,-18,20,-18,20,-18,20,-17,20,-17,20,-17,20,-16,20,-16,20,-15,20,-15,20,-14,20,-14,20,-13,20,-13,20,-13,20]"
CSI_DATA,36298,d8:b1:90:db:e8:90,-55,11,1,7,0,0,1,0,0,0,1,-94,0,8,0,568551634,0,100,0,128,1,"[100,-64,5,0,13,-20,13,-20,12,-20,11,-20,10,-20,9,-19,9,-20,8,-20,9,-20,8,-20,7,-20,7,-21,7,-22,7,-21,7,-21,7,-21,7,-21,8,-21,8,-21,8,-21,8,-21,8,-20,9,-19,10,-19,11,-19,2,-5,0,0,0,0,0,0,0,0,0,0,0,0,0,0,0,0,0,0,3,-6,14,-23,15,-22,17,-22,17,-21,18,-21,18,-21,19,-20,20,-20,20,-20,20,-19,21,-19,21,-18,20,-18,20,-18,20,-19,19,-20,19,-20,18,-20,17,-20,17,-20,16,-20,15,-20,15,-20,15,-20,14,-20,14,-21]"
CSI_DATA,36299,d8:b1:90:db:e8:90,-55,11,1,7,0,0,1,0,0,0,1,-94,0,8,0,568566402,0,100,0,128,1,"[100,-64,5,0,18,-11,17,-11,16,-12,16,-12,15,-12,15,-12,14,-13,14,-13,14,-14,13,-14,13,-14,12,-15,12,-15,13,-15,13,-15,13,-15,13,-15,13,-15,13,-15,13,-14,13,-14,13,-13,13,-13,14,-13,15,-12,3,-3,0,0,0,0,0,0,0,0,0,0,0,0,0,0,0,0,0,0,4,-4,18,-13,20,-12,21,-11,21,-11,22,-10,22,-9,23,-9,23,-8,24,-7,23,-7,23,-7,23,-7,23,-7,23,-7,23,-8,22,-9,22,-9,22,-9,21,-9,20,-9,20,-10,20,-10,19,-10,19,-11,19,-11,19,-12]"
CSI_DATA,36300,d8:b1:90:db:e8:90,-54,11,1,7,0,0,1,0,0,0,1,-94,0,8,0,568576556,0,100,0,128,1,"[100,-64,5,0,17,17,16,16,16,15,16,14,16,13,16,12,16,11,17,11,17,10,17,10,17,10,17,10,17,9,17,9,17,9,17,8,17,8,16,8,16,8,15,8,15,9,15,9,14,10,14,10,14,11,3,2,0,0,0,0,0,0,0,0,0,0,0,0,0,0,0,0,0,0,4,4,19,18,18,18,17,19,16,20,15,21,15,21,15,22,14,23,14,23,13,24,13,23,13,23,13,23,13,23,12,22,13,21,13,21,13,21,14,21,15,20,16,20,16,19,15,19,15,18,16,18,16,17]"
CSI_DATA,36301,d8:b1:90:db:e8:90,-55,11,1,7,0,0,1,0,0,0,1,-94,0,8,0,568587164,0,100,0,128,1,"[100,-64,5,0,23,-5,22,-5,21,-6,21,-6,20,-7,19,-7,19,-8,19,-9,19,-9,19,-9,19,-9,19,-10,19,-10,19,-10,19,-10,19,-11,19,-11,19,-10,19,-10,18,-10,18,-10,18,-9,18,-8,19,-7,19,-7,5,-2,0,0,0,0,0,0,0,0,0,0,0,0,0,0,0,0,0,0,6,-2,25,-6,25,-6,25,-5,25,-4,26,-3,26,-2,26,-2,27,-1,27,0,27,0,27,0,26,0,26,1,26,1,25,1,25,0,24,0,24,-1,25,-2,25,-3,24,-3,24,-3,24,-3,23,-3,23,-4,24,-5]"
CSI_DATA,36302,d8:b1:90:db:e8:90,-55,11,1,7,0,0,1,0,0,0,1,-94,0,8,0,568598397,0,100,0,128,1,"[100,-64,5,0,5,21,5,21,6,20,7,19,8,19,8,18,8,18,9,18,9,17,9,17,10,17,10,17,10,17,10,16,10,16,10,16,9,16,9,16,8,16,9,16,9,16,8,16,8,16,7,17,6,17,1,4,0,0,0,0,0,0,0,0,0,0,0,0,0,0,0,0,0,0,2,5,8,23,7,23,5,24,4,24,3,24,2,25,2,25,2,25,2,25,1,25,1,26,2,25,2,25,2,25,2,25,3,24,3,23,3,23,4,24,5,24,5,23,6,23,6,23,6,23,6,22,6,22]"
CSI_DATA,36303,d8:b1:90:db:e8:90,-54,11,1,7,0,0,1,0,0,0,1,-94,0,8,0,568625655,0,100,0,128,1,"[100,-64,5,0,5,23,5,22,5,22,5,21,6,21,6,20,7,20,6,19,6,18,7,18,7,18,8,18,8,18,8,18,8,18,9,18,8,18,8,17,7,17,8,17,8,18,7,18,6,18,6,18,5,18,1,4,0,0,0,0,0,0,0,0,0,0,0,0,0,0,0,0,0,0,2,5,8,23,7,23,5,24,4,24,3,25,3,25,2,25,2,26,2,26,1,26,1,26,1,26,1,25,1,25,1,25,1,25,2,24,2,24,2,24,3,24,3,23,4,24,3,24,3,24,4,24,4,24]"
CSI_DATA,36304,d8:b1:90:db:e8:90,-55,11,1,7,0,0,1,0,0,0,1,-94,0,8,0,568637447,0,100,0,128,1,"[100,-64,5,0,14,-15,14,-16,16,-17,15,-17,13,-18,12,-18,11,-16,10,-17,9,-17,7,-17,7,-18,9,-17,8,-18,8,-19,7,-20,4,-21,4,-20,4,-18,5,-18,6,-18,5,-18,7,-19,7,-18,5,-19,7,-21,2,-6,0,0,0,0,0,0,0,0,0,0,0,0,0,0,0,0,0,0,5,-3,24,-9,23,-9,23,-9,24,-9,23,-9,23,-8,25,-6,24,-6,25,-7,24,-7,24,-9,25,-8,24,-8,24,-9,24,-9,23,-10,22,-11,22,-10,22,-11,22,-12,20,-12,20,-13,21,-13,20,-13,20,-16,21,-17]"
CSI_DATA,36305,d8:b1:90:db:e8:90,-55,11,1,7,0,0,1,0,0,0,1,-94,0,8,0,568649619,0,100,0,128,1,"[100,-64,5,0,22,9,22,8,21,8,22,7,21,7,21,6,21,5,21,4,21,3,21,3,21,3,22,2,22,2,22,1,22,1,22,2,22,2,22,2,21,2,21,2,21,3,20,3,20,3,20,4,20,5,5,1,0,0,0,0,0,0,0,0,0,0,0,0,0,0,0,0,0,0,6,1,25,8,25,9,25,10,24,10,24,11,24,12,24,13,24,13,24,14,24,14,24,14,23,14,23,14,23,14,23,14,22,13,22,12,22,12,23,11,23,11,23,11,23,10,23,10,23,10,23,10,23,10]"
CSI_DATA,36306,d8:b1:90:db:e8:90,-55,11,1,7,0,0,1,0,0,0,1,-94,0,8,0,568666454,0,100,0,128,1,"[100,-64,5,0,-16,17,-16,17,-15,17,-15,17,-14,17,-13,17,-12,17,-12,18,-12,19,-11,19,-11,19,-10,19,-10,20,-10,20,-10,20,-10,20,-10,21,-10,20,-10,20,-10,20,-10,19,-10,19,-10,19,-12,18,-13,18,-4,4,0,0,0,0,0,0,0,0,0,0,0,0,0,0,0,0,0,0,-5,5,-19,21,-19,20,-20,19,-21,18,-21,17,-21,17,-22,17,-22,17,-23,17,-23,17,-23,16,-23,16,-23,16,-22,16,-22,15,-21,15,-21,16,-21,16,-20,16,-19,16,-19,17,-18,17,-18,17,-18,17,-18,17,-18,17]"
CSI_DATA,36307,d8:b1:90:db:e8:90,-55,11,1,7,0,0,1,0,0,0,1,-94,0,8,0,568676833,0,100,0,128,1,"[100,-64,5,0,13,-18,12,-17,12,-18,11,-18,10,-18,10,-18,9,-18,9,-18,8,-19,7,-19,7,-19,7,-19,7,-19,8,-19,8,-19,8,-19,8,-19,8,-19,9,-18,9,-18,8,-18,8,-17,9,-17,10,-17,10,-16,2,-4,0,0,0,0,0,0,0,0,0,0,0,0,0,0,0,0,0,0,4,-6,16,-20,17,-19,18,-17,19,-16,19,-16,20,-15,21,-14,22,-14,22,-14,22,-14,22,-14,21,-14,21,-14,21,-14,20,-14,19,-15,19,-15,19,-15,18,-15,17,-15,17,-15,16,-16,15,-16,15,-17,15,-17,16,-18]"
CSI_DATA,36308,d8:b1:90:db:e8:90,-55,11,1,7,0,0,1,0,0,0,1,-94,0,8,0,568686785,0,100,0,128,1,"[100,-64,5,0,-25,-5,-24,-5,-24,-4,-24,-3,-24,-3,-23,-2,-23,-1,-23,0,-22,1,-22,1,-23,1,-23,1,-23,1,-23,2,-23,2,-23,2,-23,2,-23,2,-22,1,-22,1,-22,1,-22,0,-22,0,-22,0,-23,-1,-6,-1,0,0,0,0,0,0,0,0,0,0,0,0,0,0,0,0,0,0,-7,-2,-28,-7,-28,-8,-27,-11,-26,-12,-25,-13,-25,-14,-25,-15,-25,-16,-25,-16,-25,-16,-25,-15,-25,-15,-25,-15,-25,-15,-25,-14,-25,-13,-25,-12,-25,-12,-25,-11,-25,-11,-25,-10,-25,-9,-24,-8,-24,-7,-25,-7,-26,-7]"
CSI_DATA,36309,d8:b1:90:db:e8:90,-55,11,1,7,0,0,1,0,0,0,1,-94,0,8,0,568697464,0,100,0,128,1,"[100,-64,5,0,-7,23,-6,23,-6,22,-6,21,-5,21,-5,21,-4,21,-3,21,-3,21,-2,21,-2,21,-1,22,-1,22,-1,22,-2,22,-2,22,-2,22,-2,21,-3,21,-2,21,-2,21,-2,20,-3,20,-4,21,-5,21,-2,5,0,0,0,0,0,0,0,0,0,0,0,0,0,0,0,0,0,0,-2,6,-7,26,-9,26,-11,26,-12,25,-12,25,-13,24,-13,24,-13,24,-13,24,-14,24,-14,24,-14,24,-14,24,-14,24,-14,24,-13,24,-13,23,-12,24,-11,24,-10,24,-9,23,-9,24,-9,24,-9,24,-9,24,-9,24]"
CSI_DATA,36310,d8:b1:90:db:e8:90,-55,11,1,7,0,0,1,0,0,0,1,-94,0,8,0,568727208,0,100,0,128,1,"[100,-64,5,0,14,18,14,17,14,17,15,16,16,16,16,15,16,14,16,13,16,12,16,12,16,12,18,12,18,12,18,12,18,12,18,12,18,11,18,11,17,11,18,11,17,12,17,13,16,13,16,13,15,14,3,3,0,0,0,0,0,0,0,0,0,0,0,0,0,0,0,0,0,0,5,4,19,19,19,20,17,21,16,22,15,23,14,23,14,24,13,24,12,24,12,24,11,25,11,24,11,24,11,24,11,24,12,23,12,22,12,22,12,22,12,21,13,20,13,20,13,20,13,20,13,20,14,19]"
CSI_DATA,36311,d8:b1:90:db:e8:90,-55,11,1,7,0,0,1,0,0,0,1,-94,0,8,0,568749864,0,100,0,128,1,"[100,-64,5,0,-6,-22,-6,-21,-6,-21,-6,-20,-6,-20,-7,-20,-7,-19,-8,-19,-8,-19,-9,-19,-10,-20,-10,-20,-10,-20,-10,-19,-10,-19,-10,-20,-10,-20,-10,-20,-9,-19,-10,-19,-10,-20,-9,-20,-9,-20,-8,-20,-8,-20,-2,-5,0,0,0,0,0,0,0,0,0,0,0,0,0,0,0,0,0,0,-2,-7,-7,-28,-5,-27,-3,-27,-2,-27,-1,-27,0,-27,-1,-28,0,-28,1,-28,1,-28,1,-27,1,-26,1,-26,0,-26,0,-26,0,-25,-1,-25,-1,-24,-2,-24,-3,-24,-3,-23,-4,-23,-4,-23,-5,-22,-5,-23,-5,-23]"
CSI_DATA,36312,d8:b1:90:db:e8:90,-56,11,1,7,0,0,1,0,0,0,1,-94,0,8,0,568766281,0,100,0,128,1,"[100,-64,5,0,-22,-3,-22,-2,-21,-2,-21,-1,-20,-1,-20,0,-20,0,-20,1,-20,2,-20,2,-21,2,-21,2,-21,3,-21,3,-21,3,-21,3,-21,3,-21,3,-21,3,-21,3,-21,2,-20,2,-20,1,-21,1,-21,0,-6,0,0,0,0,0,0,0,0,0,0,0,0,0,0,0,0,0,0,0,-7,-1,-28,-2,-27,-3,-27,-4,-27,-5,-27,-6,-27,-6,-27,-7,-27,-7,-27,-8,-27,-8,-26,-9,-26,-9,-26,-9,-25,-9,-24,-9,-24,-8,-24,-8,-24,-7,-23,-6,-23,-5,-23,-5,-23,-4,-23,-3,-23,-3,-23,-3,-23,-3]"
CSI_DATA,36313,d8:b1:90:db:e8:90,-56,11,1,7,0,0,1,0,0,0,1,-94,0,8,0,568778706,0,100,0,128,1,"[100,-64,5,0,1,-22,1,-22,0,-21,0,-21,-1,-21,-1,-20,-2,-20,-2,-20,-2,-20,-3,-20,-4,-20,-6,-20,-6,-20,-6,-20,-6,-20,-6,-20,-6,-20,-6,-19,-5,-19,-5,-20,-5,-21,-5,-21,-4,-21,-4,-20,-3,-20,-1,-6,0,0,0,0,0,0,0,0,0,0,0,0,0,0,0,0,0,0,0,-7,3,-27,4,-27,5,-26,6,-26,7,-26,8,-26,8,-25,9,-25,9,-25,10,-25,10,-24,10,-24,9,-23,9,-23,9,-23,8,-23,8,-22,7,-23,7,-23,6,-23,5,-23,5,-23,4,-22,4,-22,3,-22,3,-22]"
CSI_DATA,36314,d8:b1:90:db:e8:90,-56,11,1,7,0,0,1,0,0,0,1,-94,0,8,0,568797504,0,100,0,128,1,"[100,-64,5,0,-22,-3,-21,-2,-21,-2,-20,-1,-20,-1,-20,0,-19,0,-20,1,-19,2,-19,2,-20,2,-20,2,-21,2,-21,2,-21,2,-20,2,-20,2,-20,2,-20,2,-21,1,-21,1,-20,0,-20,0,-20,0,-20,-1,-6,-1,0,0,0,0,0,0,0,0,0,0,0,0,0,0,0,0,0,0,-7,-2,-28,-6,-27,-7,-26,-8,-26,-9,-26,-10,-26,-10,-25,-11,-25,-11,-25,-12,-25,-12,-24,-12,-24,-12,-24,-12,-24,-11,-23,-10,-23,-10,-23,-9,-23,-8,-23,-8,-23,-7,-23,-6,-23,-5,-22,-5,-21,-4,-21,-4,-22,-3]"
CSI_DATA,36315,d8:b1:90:db:e8:90,-57,11,1,7,0,0,1,0,0,0,1,-94,0,8,0,568834178,0,100,0,128,1,"[100,-64,5,0,-15,14,-14,14,-13,15,-12,15,-11,16,-11,16,-11,16,-11,17,-10,17,-10,17,-9,17,-9,18,-9,19,-10,19,-10,19,-9,19,-9,19,-9,19,-10,19,-10,19,-10,18,-10,18,-11,18,-12,18,-13,18,-4,4,0,0,0,0,0,0,0,0,0,0,0,0,0,0,0,0,0,0,-6,5,-21,20,-21,19,-21,19,-22,18,-24,17,-24,17,-24,16,-24,16,-25,15,-25,15,-23,14,-24,14,-24,14,-23,15,-23,14,-22,13,-22,13,-21,14,-19,14,-18,14,-18,14,-17,15,-17,16,-16,16,-16,16,-15,16]"
CSI_DATA,36316,d8:b1:90:db:e8:90,-57,11,1,7,0,0,1,0,0,0,1,-94,0,8,0,568845582,0,100,0,128,1,"[100,-64,5,0,-4,18,-4,18,-4,17,-3,17,-2,17,-2,16,-1,16,-1,17,-1,17,0,17,0,17,1,18,1,19,1,19,1,19,1,19,0,19,0,19,0,18,0,18,0,18,0,18,-1,18,-1,19,-2,19,-1,4,0,0,0,0,0,0,0,0,0,0,0,0,0,0,0,0,0,0,-1,6,-4,24,-5,25,-6,24,-7,24,-8,24,-9,24,-9,23,-9,23,-9,23,-9,23,-10,23,-10,22,-9,22,-9,22,-9,21,-8,21,-8,20,-8,20,-7,20,-7,20,-6,19,-5,19,-5,19,-5,18,-5,18,-4,18]"
CSI_DATA,36317,d8:b1:90:db:e8:90,-56,11,1,7,0,0,1,0,0,0,1,-94,0,8,0,568857379,0,100,0,128,1,"[100,-64,5,0,17,8,17,7,17,7,17,7,17,6,17,6,17,4,17,2,18,1,18,1,18,1,18,1,19,1,19,0,19,0,19,1,19,1,19,1,19,1,19,1,19,1,19,2,19,2,19,2,19,2,4,0,0,0,0,0,0,0,0,0,0,0,0,0,0,0,0,0,0,0,6,2,25,12,24,13,23,13,22,14,22,15,22,16,21,16,21,16,21,16,20,17,20,17,19,17,19,16,19,16,19,15,19,15,18,14,19,14,19,13,19,12,19,11,19,11,19,10,19,11,19,10,19,9]"
CSI_DATA,36318,d8:b1:90:db:e8:90,-56,11,1,7,0,0,1,0,0,0,1,-94,0,8,0,568877796,0,100,0,128,1,"[100,-64,5,0,-14,-14,-13,-14,-13,-13,-14,-13,-14,-13,-14,-13,-14,-12,-15,-10,-16,-9,-16,-9,-17,-9,-17,-10,-18,-9,-18,-9,-18,-9,-18,-9,-18,-10,-17,-10,-17,-10,-18,-10,-18,-10,-18,-11,-17,-11,-18,-11,-18,-11,-5,-3,0,0,0,0,0,0,0,0,0,0,0,0,0,0,0,0,0,0,-5,-6,-19,-21,-18,-22,-17,-23,-16,-23,-15,-23,-14,-24,-14,-24,-14,-24,-14,-24,-13,-24,-12,-24,-12,-24,-12,-23,-12,-23,-12,-22,-12,-22,-12,-21,-12,-20,-13,-20,-13,-19,-13,-19,-14,-18,-14,-18,-14,-17,-14,-17,-14,-16]"
CSI_DATA,36319,d8:b1:90:db:e8:90,-58,11,1,7,0,0,1,0,0,0,1,-94,0,8,0,568894851,0,100,0,128,1,"[100,-64,5,0,14,8,14,8,14,7,15,6,15,6,15,5,14,4,14,3,14,2,14,1,15,1,15,1,16,1,16,0,16,0,16,0,16,0,16,0,16,0,16,0,16,1,16,1,16,1,16,2,16,2,4,0,0,0,0,0,0,0,0,0,0,0,0,0,0,0,0,0,0,0,5,2,21,11,21,12,19,13,19,13,18,14,18,14,18,15,18,15,18,15,18,15,17,15,17,15,17,14,17,14,17,14,16,13,16,13,16,12,16,12,16,11,16,11,16,10,15,10,15,9,15,9,15,9]"
CSI_DATA,36320,d8:b1:90:db:e8:90,-58,11,1,7,0,0,1,0,0,0,1,-94,0,8,0,568909429,0,100,0,128,1,"[100,-64,5,0,14,-11,13,-11,13,-11,13,-11,12,-11,12,-11,11,-11,11,-11,11,-12,10,-12,10,-12,9,-13,9,-13,10,-13,10,-13,10,-14,10,-14,10,-14,10,-14,10,-14,10,-14,10,-13,10,-13,11,-12,11,-12,2,-3,0,0,0,0,0,0,0,0,0,0,0,0,0,0,0,0,0,0,5,-4,20,-15,20,-13,21,-12,22,-11,22,-11,22,-10,22,-10,22,-10,22,-10,22,-10,22,-10,21,-10,21,-9,20,-9,20,-9,20,-10,19,-10,19,-10,18,-10,17,-10,16,-10,16,-10,16,-10,16,-10,16,-10,15,-10]"
CSI_DATA,36321,d8:b1:90:db:e8:90,-58,11,1,7,0,0,1,0,0,0,1,-94,0,8,0,568933660,0,100,0,128,1,"[100,-64,5,0,13,12,12,11,12,10,13,10,13,9,13,9,13,8,13,8,14,7,14,7,15,7,16,6,16,6,16,6,16,6,17,7,17,7,16,7,16,7,16,8,16,9,15,9,14,9,11,7,9,6,2,1,0,0,0,0,0,0,0,0,0,0,0,0,0,0,0,0,0,0,4,4,18,19,16,20,15,21,14,21,13,21,13,22,12,22,12,22,12,22,11,22,11,22,11,22,11,21,11,20,11,19,11,18,11,18,11,17,12,17,12,17,12,16,12,15,13,14,13,14,13,13,13,13]"
CSI_DATA,36322,d8:b1:90:db:e8:90,-58,11,1,7,0,0,1,0,0,0,1,-94,0,8,0,568943636,0,100,0,128,1,"[100,-64,5,0,-18,4,-17,4,-16,4,-16,5,-16,5,-15,5,-15,5,-15,7,-15,7,-15,7,-14,8,-14,9,-15,10,-15,10,-15,11,-15,10,-16,10,-16,10,-16,10,-17,9,-17,8,-17,8,-15,7,-13,5,-12,4,-3,1,0,0,0,0,0,0,0,0,0,0,0,0,0,0,0,0,0,0,-7,0,-27,2,-26,1,-26,-1,-26,-2,-26,-2,-26,-3,-26,-3,-26,-3,-26,-3,-26,-3,-25,-4,-25,-4,-24,-4,-24,-3,-23,-2,-23,-1,-22,-1,-21,-1,-21,-1,-21,0,-20,0,-20,1,-19,2,-19,2,-19,3,-18,3]"
CSI_DATA,36323,d8:b1:90:db:e8:90,-58,11,1,7,0,0,1,0,0,0,1,-94,0,8,0,568953994,0,100,0,128,1,"[100,-64,5,0,-14,11,-13,10,-13,10,-12,11,-11,11,-11,11,-11,11,-11,11,-11,11,-11,10,-11,10,-10,11,-10,11,-11,11,-11,11,-11,12,-12,12,-12,12,-12,12,-12,12,-12,12,-12,11,-12,11,-14,11,-14,10,-4,2,0,0,0,0,0,0,0,0,0,0,0,0,0,0,0,0,0,0,-6,3,-24,12,-24,11,-24,9,-24,8,-24,8,-25,7,-25,7,-25,7,-25,7,-25,7,-25,6,-24,6,-23,6,-23,6,-22,7,-21,8,-21,8,-20,8,-19,9,-19,9,-18,10,-17,10,-17,10,-16,10,-16,10,-16,11]"
CSI_DATA,36324,d8:b1:90:db:e8:90,-58,11,1,7,0,0,1,0,0,0,1,-94,0,8,0,568968027,0,100,0,128,1,"[100,-64,5,0,8,13,8,13,8,12,8,11,9,11,9,11,9,10,9,10,9,10,9,10,10,10,11,10,11,10,11,10,11,10,12,11,11,10,11,10,11,10,12,11,12,11,12,11,12,12,12,12,11,12,2,3,0,0,0,0,0,0,0,0,0,0,0,0,0,0,0,0,0,0,3,5,14,21,13,22,12,22,11,22,10,22,10,22,10,22,10,22,9,22,9,22,9,21,8,21,8,21,9,20,9,20,9,20,9,19,9,18,9,17,10,16,10,16,10,15,10,15,10,14,9,14,9,14]"
CSI_DATA,36325,d8:b1:90:db:e8:90,-58,11,1,7,0,0,1,0,0,0,1,-94,0,8,0,568986888,0,100,0,128,1,"[100,-64,5,0,-12,-12,-12,-11,-11,-11,-12,-10,-12,-10,-11,-10,-12,-10,-12,-9,-12,-9,-11,-9,-12,-9,-13,-10,-14,-10,-14,-10,-14,-10,-14,-10,-14,-10,-14,-10,-14,-10,-14,-10,-14,-11,-14,-11,-14,-12,-14,-12,-14,-12,-4,-4,0,0,0,0,0,0,0,0,0,0,0,0,0,0,0,0,0,0,-5,-5,-19,-20,-18,-20,-17,-20,-16,-20,-16,-21,-16,-20,-16,-20,-16,-20,-15,-20,-14,-20,-14,-20,-14,-20,-13,-19,-14,-19,-14,-19,-14,-18,-14,-17,-14,-17,-14,-15,-14,-14,-14,-14,-14,-13,-13,-13,-13,-13,-13,-13,-13,-13]"
CSI_DATA,36326,d8:b1:90:db:e8:90,-58,11,1,7,0,0,1,0,0,0,1,-94,0,8,0,568998175,0,100,0,128,1,"[100,-64,5,0,1,15,2,15,2,14,3,14,4,13,4,13,4,13,4,13,5,12,5,12,6,13,6,13,6,13,6,13,6,13,6,14,6,14,6,14,5,14,5,15,6,15,5,15,5,15,4,15,3,16,0,4,0,0,0,0,0,0,0,0,0,0,0,0,0,0,0,0,0,0,0,6,0,25,-2,25,-3,25,-3,25,-4,25,-4,25,-5,25,-6,24,-6,24,-6,24,-6,24,-6,23,-6,23,-5,22,-5,22,-5,22,-4,21,-4,21,-3,20,-3,19,-2,19,-2,19,-1,18,0,18,0,17,0,16]"
CSI_DATA,36327,d8:b1:90:db:e8:90,-58,11,1,7,0,0,1,0,0,0,1,-94,0,8,0,569009895,0,100,0,128,1,"[100,-64,5,0,13,-10,12,-10,11,-10,10,-11,10,-11,9,-11,9,-11,9,-12,9,-13,9,-13,9,-13,8,-13,8,-13,9,-14,9,-14,9,-14,9,-15,10,-15,10,-14,10,-14,10,-14,10,-14,11,-14,12,-14,12,-13,3,-4,0,0,0,0,0,0,0,0,0,0,0,0,0,0,0,0,0,0,5,-4,23,-13,23,-12,23,-12,23,-11,24,-10,24,-10,24,-9,24,-9,24,-9,24,-8,23,-7,23,-7,22,-7,22,-7,21,-8,20,-8,20,-9,19,-9,18,-9,17,-9,17,-9,16,-10,16,-10,16,-10,15,-10,15,-10]"
CSI_DATA,36328,d8:b1:90:db:e8:90,-59,11,1,7,0,0,1,0,0,0,1,-94,0,8,0,569035090,0,100,0,128,1,"[100,-64,5,0,-1,-18,-1,-17,-1,-16,-2,-16,-3,-15,-3,-15,-4,-15,-4,-15,-4,-16,-5,-15,-6,-15,-6,-15,-6,-16,-6,-16,-6,-16,-6,-17,-6,-17,-5,-17,-5,-17,-5,-17,-5,-18,-5,-18,-5,-18,-4,-19,-3,-19,-1,-5,0,0,0,0,0,0,0,0,0,0,0,0,0,0,0,0,0,0,1,-7,6,-28,7,-27,8,-27,9,-27,9,-26,10,-26,10,-25,10,-25,11,-25,11,-25,11,-24,11,-24,10,-23,10,-23,9,-23,8,-22,7,-22,7,-22,6,-21,5,-21,5,-20,4,-20,3,-20,2,-20,2,-19,1,-19]"
CSI_DATA,36329,d8:b1:90:db:e8:90,-58,11,1,7,0,0,1,0,0,0,1,-94,0,8,0,569050034,0,100,0,128,1,"[100,-64,5,0,10,-12,9,-12,9,-12,8,-12,8,-12,7,-12,7,-12,6,-13,6,-14,6,-14,5,-14,4,-14,5,-15,5,-15,5,-15,5,-16,5,-16,5,-16,5,-16,5,-17,5,-17,5,-17,6,-17,7,-17,8,-16,2,-4,0,0,0,0,0,0,0,0,0,0,0,0,0,0,0,0,0,0,4,-5,18,-19,19,-18,19,-17,19,-16,19,-15,20,-16,20,-16,21,-16,21,-16,21,-16,20,-16,20,-16,19,-15,18,-15,18,-14,17,-14,16,-14,16,-14,16,-14,15,-14,14,-14,14,-14,13,-14,12,-14,12,-14,12,-13]"
CSI_DATA,36330,d8:b1:90:db:e8:90,-57,11,1,7,0,0,1,0,0,0,1,-94,0,8,0,569060604,0,100,0,128,1,"[100,-64,5,0,-12,-14,-11,-13,-11,-12,-12,-12,-12,-11,-11,-11,-12,-10,-12,-9,-12,-9,-12,-9,-13,-9,-14,-9,-14,-9,-14,-9,-14,-9,-14,-9,-14,-9,-14,-8,-15,-8,-15,-9,-15,-10,-15,-10,-15,-11,-15,-11,-15,-11,-4,-3,0,0,0,0,0,0,0,0,0,0,0,0,0,0,0,0,0,0,-4,-6,-15,-23,-14,-25,-12,-25,-11,-25,-12,-25,-13,-26,-12,-26,-11,-26,-10,-26,-9,-26,-10,-26,-10,-25,-10,-24,-9,-24,-9,-24,-10,-23,-10,-22,-11,-21,-11,-20,-11,-19,-11,-18,-12,-18,-12,-17,-12,-16,-12,-16,-12,-16]"
CSI_DATA,36331,d8:b1:90:db:e8:90,-58,11,1,7,0,0,1,0,0,0,1,-94,0,8,0,569077557,0,100,0,128,1,"[100,-64,5,0,2,17,2,16,2,15,3,14,4,14,4,13,4,13,5,13,5,13,5,13,6,13,7,14,7,14,7,14,7,14,7,14,7,14,7,14,7,14,7,15,8,15,7,15,7,16,6,16,6,17,1,4,0,0,0,0,0,0,0,0,0,0,0,0,0,0,0,0,0,0,0,6,1,26,-1,26,-2,26,-2,26,-3,26,-4,26,-4,26,-5,26,-5,26,-6,26,-6,26,-6,25,-6,25,-5,24,-5,24,-4,24,-4,23,-3,23,-2,22,-1,21,0,20,0,20,1,20,1,19,1,19,1,19]"
CSI_DATA,36332,d8:b1:90:db:e8:90,-58,11,1,7,0,0,1,0,0,0,1,-94,0,8,0,569088256,0,100,0,128,1,"[100,-64,5,0,-15,-7,-15,-7,-15,-6,-15,-6,-15,-6,-14,-6,-14,-5,-14,-4,-14,-4,-14,-4,-15,-4,-15,-3,-16,-3,-16,-2,-16,-2,-17,-2,-18,-2,-18,-2,-18,-2,-18,-3,-18,-3,-18,-4,-18,-4,-18,-5,-18,-5,-5,-2,0,0,0,0,0,0,0,0,0,0,0,0,0,0,0,0,0,0,-7,-3,-25,-12,-24,-13,-23,-13,-22,-14,-22,-15,-22,-15,-22,-15,-22,-15,-22,-16,-21,-16,-21,-16,-20,-15,-20,-15,-20,-15,-20,-14,-20,-14,-19,-13,-19,-12,-18,-11,-18,-10,-18,-10,-17,-9,-17,-9,-17,-8,-16,-8,-16,-7]"
CSI_DATA,36333,d8:b1:90:db:e8:90,-58,11,1,7,0,0,1,0,0,0,1,-94,0,8,0,569106768,0,100,0,128,1,"[100,-64,5,0,-11,12,-10,12,-9,12,-9,12,-8,12,-7,11,-7,11,-7,12,-7,13,-6,13,-6,13,-5,14,-5,15,-6,15,-6,15,-6,16,-6,16,-6,16,-6,16,-6,16,-6,16,-6,16,-7,16,-8,16,-8,16,-2,4,0,0,0,0,0,0,0,0,0,0,0,0,0,0,0,0,0,0,-5,4,-18,19,-19,18,-20,17,-20,16,-20,16,-21,16,-21,16,-21,16,-21,15,-21,15,-21,14,-20,14,-20,14,-19,14,-18,14,-18,13,-17,13,-16,14,-15,14,-14,14,-14,14,-13,14,-13,14,-12,13,-12,13,-11,13]"
CSI_DATA,36334,d8:b1:90:db:e8:90,-57,11,1,7,0,0,1,0,0,0,1,-94,0,8,0,569139000,0,100,0,128,1,"[100,-64,5,0,10,14,10,13,10,12,10,12,10,11,10,11,10,10,10,10,10,9,10,9,11,10,12,10,12,10,12,10,13,10,13,10,13,10,12,10,12,10,13,11,14,12,14,12,13,12,13,13,13,13,3,3,0,0,0,0,0,0,0,0,0,0,0,0,0,0,0,0,0,0,3,6,13,25,12,25,11,25,10,25,9,26,9,26,9,26,9,27,8,27,8,26,8,25,8,25,8,24,8,24,8,23,8,22,8,22,8,21,9,21,10,20,10,19,10,18,10,17,10,17,10,16,10,16]"
CSI_DATA,36335,d8:b1:90:db:e8:90,-58,11,1,7,0,0,1,0,0,0,1,-94,0,8,0,569150739,0,100,0,128,1,"[100,-64,5,0,-13,10,-12,10,-11,10,-10,10,-9,10,-9,10,-8,11,-8,12,-8,12,-8,12,-8,12,-8,13,-8,14,-8,14,-8,14,-7,15,-7,15,-8,15,-8,14,-8,12,-8,11,-8,10,-9,10,-12,9,-13,9,-4,2,0,0,0,0,0,0,0,0,0,0,0,0,0,0,0,0,0,0,-6,3,-22,13,-24,12,-24,11,-25,9,-25,9,-25,9,-25,10,-24,10,-24,10,-24,9,-24,9,-24,8,-23,8,-23,8,-22,9,-21,9,-20,9,-20,9,-19,9,-18,10,-17,10,-17,11,-16,11,-15,11,-15,11,-15,11]"
CSI_DATA,36336,d8:b1:90:db:e8:90,-56,11,1,7,0,0,1,0,0,0,1,-94,0,8,0,569168827,0,100,0,128,1,"[100,-64,5,0,-8,16,-7,15,-7,15,-6,15,-6,14,-5,14,-5,14,-5,14,-5,14,-5,14,-4,14,-4,15,-4,16,-5,16,-5,16,-5,16,-5,17,-5,16,-5,16,-5,17,-5,18,-5,17,-6,17,-8,17,-9,17,-3,4,0,0,0,0,0,0,0,0,0,0,0,0,0,0,0,0,0,0,-4,5,-16,23,-16,23,-18,22,-19,22,-20,22,-20,21,-21,20,-21,20,-22,19,-22,19,-22,19,-21,19,-21,18,-20,18,-19,18,-18,18,-18,18,-17,18,-16,18,-14,18,-13,18,-13,18,-12,18,-11,17,-10,17,-10,17]"
CSI_DATA,36337,d8:b1:90:db:e8:90,-55,11,1,7,0,0,1,0,0,0,1,-94,0,8,0,569186879,0,100,0,128,1,"[100,-64,5,0,-10,17,-9,17,-8,17,-7,17,-6,17,-5,16,-4,16,-3,16,-2,16,-1,15,0,16,1,16,2,17,1,17,1,17,2,18,2,18,1,18,1,18,0,18,1,18,0,19,0,19,-2,20,-3,20,-1,5,0,0,0,0,0,0,0,0,0,0,0,0,0,0,0,0,0,0,-4,6,-16,27,-17,27,-18,26,-19,25,-21,24,-21,24,-21,25,-21,24,-22,23,-22,23,-21,22,-21,21,-20,21,-20,21,-20,21,-20,20,-19,20,-19,20,-17,20,-16,20,-15,20,-14,20,-13,19,-13,19,-12,19,-12,19]"
CSI_DATA,36338,d8:b1:90:db:e8:90,-55,11,1,7,0,0,1,0,0,0,1,-94,0,8,0,569206322,0,100,0,128,1,"[100,-64,5,0,18,-9,17,-9,17,-9,16,-9,15,-10,14,-10,14,-10,13,-11,13,-11,12,-11,12,-11,12,-12,12,-13,13,-13,13,-13,12,-13,12,-13,12,-13,13,-13,13,-13,13,-13,13,-12,14,-12,14,-12,15,-12,3,-3,0,0,0,0,0,0,0,0,0,0,0,0,0,0,0,0,0,0,7,-4,29,-12,29,-10,29,-8,30,-6,30,-5,31,-5,31,-5,32,-4,32,-3,31,-3,31,-3,30,-3,29,-3,29,-3,29,-4,29,-4,28,-5,27,-5,27,-6,26,-7,25,-7,24,-7,24,-8,23,-8,23,-9,23,-10]"
CSI_DATA,36339,d8:b1:90:db:e8:90,-54,11,1,7,0,0,1,0,0,0,1,-94,0,8,0,569217742,0,100,0,128,1,"[100,-64,5,0,-5,20,-4,20,-3,19,-2,19,-2,18,-1,17,-1,17,-1,16,0,16,0,16,1,16,1,16,1,16,1,16,1,16,1,16,1,16,0,16,0,16,1,16,1,16,1,17,0,17,-1,17,-2,17,-1,4,0,0,0,0,0,0,0,0,0,0,0,0,0,0,0,0,0,0,-2,7,-7,28,-8,28,-10,27,-11,27,-12,27,-12,27,-13,27,-13,28,-14,27,-15,27,-15,27,-14,27,-14,26,-14,26,-13,25,-13,25,-13,24,-12,24,-11,23,-9,23,-9,23,-9,23,-8,23,-8,23,-7,23,-7,22]"
CSI_DATA,36340,d8:b1:90:db:e8:90,-55,11,1,7,0,0,1,0,0,0,1,-94,0,8,0,569241327,0,100,0,128,1,"[100,-64,5,0,-6,-24,-6,-23,-6,-22,-6,-21,-6,-20,-6,-20,-6,-19,-7,-18,-7,-18,-8,-17,-9,-18,-11,-18,-11,-18,-10,-17,-11,-17,-11,-17,-11,-17,-10,-17,-10,-17,-9,-17,-9,-17,-9,-17,-9,-16,-9,-15,-8,-15,-2,-4,0,0,0,0,0,0,0,0,0,0,0,0,0,0,0,0,0,0,-2,-8,-8,-29,-6,-30,-4,-31,-3,-31,-2,-32,-2,-32,-1,-32,0,-32,1,-32,1,-32,1,-32,1,-32,1,-31,1,-31,1,-31,1,-30,0,-30,0,-29,-1,-29,-2,-29,-3,-28,-3,-28,-4,-27,-5,-27,-5,-26,-4,-25]"
CSI_DATA,36341,d8:b1:90:db:e8:90,-54,11,1,7,0,0,1,0,0,0,1,-94,0,8,0,569254792,0,100,0,128,1,"[100,-64,5,0,-8,-19,-7,-18,-7,-18,-8,-17,-8,-16,-8,-16,-9,-15,-9,-14,-9,-14,-9,-13,-10,-13,-10,-13,-10,-13,-10,-12,-10,-12,-11,-12,-10,-12,-10,-12,-10,-12,-10,-12,-11,-12,-10,-13,-10,-13,-10,-13,-10,-13,-3,-4,0,0,0,0,0,0,0,0,0,0,0,0,0,0,0,0,0,0,-3,-7,-9,-25,-8,-25,-7,-25,-6,-26,-5,-26,-4,-26,-4,-26,-3,-27,-2,-28,-2,-27,-1,-27,-2,-26,-2,-26,-2,-27,-2,-27,-2,-25,-3,-24,-3,-24,-3,-24,-4,-24,-4,-23,-5,-23,-5,-22,-5,-21,-5,-21,-5,-21]"
CSI_DATA,36342,d8:b1:90:db:e8:90,-55,11,1,7,0,0,1,0,0,0,1,-94,0,8,0,569267965,0,100,0,128,1,"[100,-64,5,0,-19,-13,-19,-12,-18,-11,-18,-10,-17,-10,-17,-9,-16,-8,-17,-7,-16,-6,-16,-6,-16,-6,-17,-6,-17,-5,-17,-4,-17,-4,-17,-4,-17,-4,-17,-4,-17,-4,-17,-4,-17,-4,-17,-5,-17,-5,-18,-5,-18,-5,-5,-2,0,0,0,0,0,0,0,0,0,0,0,0,0,0,0,0,0,0,-7,-4,-25,-14,-24,-15,-23,-15,-22,-16,-22,-17,-22,-18,-22,-19,-21,-19,-21,-20,-21,-20,-21,-20,-21,-20,-21,-20,-20,-20,-20,-20,-19,-20,-19,-19,-19,-19,-19,-19,-20,-18,-20,-18,-19,-17,-19,-16,-19,-15,-19,-15,-19,-14]"
CSI_DATA,36343,d8:b1:90:db:e8:90,-55,11,1,7,0,0,1,0,0,0,1,-94,0,8,0,569278270,0,100,0,128,1,"[100,-64,5,0,20,-4,19,-4,19,-5,18,-5,18,-6,17,-6,16,-7,16,-7,16,-8,15,-8,15,-8,15,-8,15,-8,15,-8,15,-8,15,-8,15,-8,15,-8,15,-8,15,-9,14,-8,14,-8,15,-8,15,-8,16,-8,4,-2,0,0,0,0,0,0,0,0,0,0,0,0,0,0,0,0,0,0,6,-2,24,-8,25,-7,25,-5,26,-4,26,-4,27,-3,28,-3,28,-3,28,-2,28,-1,29,-2,28,-1,26,-1,26,-1,26,-1,26,-1,25,-2,25,-2,25,-3,24,-3,24,-4,23,-4,22,-5,21,-6,22,-5,22,-5]"
CSI_DATA,36344,d8:b1:90:db:e8:90,-55,11,1,7,0,0,1,0,0,0,1,-94,0,8,0,569297355,0,100,0,128,1,"[100,-64,5,0,-22,-10,-21,-9,-21,-8,-20,-7,-20,-6,-20,-6,-20,-5,-20,-4,-19,-3,-19,-3,-19,-3,-19,-3,-19,-2,-19,-1,-19,-1,-19,0,-19,0,-19,0,-19,0,-19,0,-19,-1,-19,-1,-19,-2,-20,-2,-21,-2,-6,-1,0,0,0,0,0,0,0,0,0,0,0,0,0,0,0,0,0,0,-8,-2,-29,-7,-28,-8,-28,-10,-27,-11,-27,-12,-28,-13,-28,-14,-28,-15,-28,-15,-28,-16,-27,-16,-27,-16,-26,-16,-26,-16,-26,-15,-26,-14,-26,-14,-26,-14,-25,-14,-25,-13,-25,-12,-25,-12,-25,-11,-25,-10,-24,-10,-24,-9]"
CSI_DATA,36345,d8:b1:90:db:e8:90,-55,11,1,7,0,0,1,0,0,0,1,-94,0,8,0,569307858,0,100,0,128,1,"[100,-64,5,0,-21,9,-19,9,-19,9,-18,10,-17,10,-17,10,-16,10,-16,11,-15,11,-14,11,-14,11,-13,11,-13,12,-13,12,-13,13,-12,14,-12,14,-13,14,-13,13,-13,13,-12,13,-12,13,-13,13,-14,13,-15,13,-4,3,0,0,0,0,0,0,0,0,0,0,0,0,0,0,0,0,0,0,-7,4,-25,17,-25,16,-25,14,-26,13,-26,13,-27,12,-28,12,-29,11,-30,11,-29,10,-29,10,-28,10,-28,9,-28,9,-28,9,-27,9,-26,10,-26,10,-26,9,-26,9,-25,10,-24,10,-24,11,-23,11,-23,11,-23,11]"
CSI_DATA,36346,d8:b1:90:db:e8:90,-55,11,1,7,0,0,1,0,0,0,1,-94,0,8,0,569320196,0,100,0,128,1,"[100,-64,5,0,12,19,12,18,12,16,12,15,12,15,12,14,12,14,11,14,11,14,11,14,12,13,13,12,13,11,13,11,13,11,14,11,14,11,13,11,13,11,13,11,14,12,13,13,13,13,13,13,12,13,3,3,0,0,0,0,0,0,0,0,0,0,0,0,0,0,0,0,0,0,4,5,17,23,16,24,14,25,13,25,12,26,12,26,11,26,10,27,10,27,9,27,9,27,9,27,9,27,9,26,10,26,10,25,10,24,11,24,11,23,12,22,12,22,12,21,12,21,12,20,12,20,12,19]"
CSI_DATA,36347,d8:b1:90:db:e8:90,-56,11,1,7,0,0,1,0,0,0,1,-94,0,8,0,569344212,0,100,0,128,1,"[100,-64,5,0,-6,20,-5,19,-5,18,-4,18,-3,18,-2,17,-2,17,-4,17,-4,17,-4,17,-2,17,0,17,0,17,0,17,0,17,1,18,0,18,0,18,0,18,0,18,0,18,0,18,0,19,-1,19,-2,19,-1,4,0,0,0,0,0,0,0,0,0,0,0,0,0,0,0,0,0,0,-2,6,-6,26,-8,26,-10,25,-11,24,-12,25,-13,25,-14,25,-13,24,-13,23,-14,23,-15,23,-15,23,-13,24,-12,23,-12,22,-12,22,-12,22,-11,22,-10,22,-9,22,-8,21,-8,21,-7,21,-7,21,-6,21,-6,21]"
CSI_DATA,36348,d8:b1:90:db:e8:90,-57,11,1,7,0,0,1,0,0,0,1,-94,0,8,0,569354344,0,100,0,128,1,"[100,-64,5,0,14,-15,13,-14,13,-14,13,-14,13,-13,12,-13,12,-13,11,-14,11,-14,10,-14,9,-14,9,-15,9,-15,9,-15,9,-15,9,-15,9,-15,9,-15,10,-15,10,-15,9,-15,9,-14,10,-14,11,-14,12,-14,3,-4,0,0,0,0,0,0,0,0,0,0,0,0,0,0,0,0,0,0,4,-5,17,-18,18,-17,19,-16,19,-14,20,-14,21,-14,22,-15,23,-15,24,-14,23,-14,23,-14,23,-13,22,-13,23,-13,22,-13,21,-14,21,-14,20,-14,20,-14,19,-14,18,-14,18,-14,18,-15,17,-15,17,-15,17,-16]"
CSI_DATA,36349,d8:b1:90:db:e8:90,-57,11,1,7,0,0,1,0,0,0,1,-94,0,8,0,569366696,0,100,0,128,1,"[100,-64,5,0,20,-2,19,-2,19,-3,18,-3,17,-3,17,-4,16,-4,17,-5,17,-6,16,-6,16,-6,16,-7,16,-7,16,-7,16,-7,16,-8,16,-8,16,-8,16,-8,16,-9,16,-8,16,-8,16,-7,17,-7,17,-7,4,-2,0,0,0,0,0,0,0,0,0,0,0,0,0,0,0,0,0,0,6,-1,25,-4,25,-3,25,-2,26,0,26,1,27,1,27,1,27,2,27,2,26,2,26,3,25,3,25,3,25,3,25,2,24,2,24,2,23,1,23,1,22,0,22,0,22,-1,22,-1,22,-2,22,-2,21,-2]"
CSI_DATA,36350,d8:b1:90:db:e8:90,-56,11,1,7,0,0,1,0,0,0,1,-94,0,8,0,569386709,0,100,0,128,1,"[100,-64,5,0,-3,21,-3,21,-3,20,-2,19,-1,19,-1,18,0,18,0,18,0,18,1,18,2,18,2,18,2,18,2,18,2,18,3,18,3,18,2,18,2,18,2,18,3,18,3,18,2,18,2,18,1,18,0,4,0,0,0,0,0,0,0,0,0,0,0,0,0,0,0,0,0,0,-1,6,-2,26,-3,26,-5,26,-6,26,-6,27,-7,27,-8,27,-8,27,-9,27,-9,27,-9,26,-9,26,-9,25,-9,25,-9,25,-8,25,-8,24,-8,24,-7,23,-6,23,-5,22,-5,22,-4,23,-4,23,-3,22,-3,22]"
CSI_DATA,36351,d8:b1:90:db:e8:90,-55,11,1,7,0,0,1,0,0,0,1,-94,0,8,0,569410769,0,100,0,128,1,"[100,-64,5,0,-18,-15,-18,-14,-17,-13,-17,-13,-17,-13,-17,-12,-16,-11,-16,-11,-16,-10,-17,-9,-17,-10,-18,-9,-18,-9,-18,-8,-18,-8,-18,-8,-18,-8,-18,-7,-18,-7,-18,-8,-18,-8,-18,-9,-18,-9,-18,-9,-18,-10,-5,-3,0,0,0,0,0,0,0,0,0,0,0,0,0,0,0,0,0,0,-6,-5,-21,-18,-21,-19,-20,-20,-19,-21,-18,-21,-18,-22,-18,-22,-18,-23,-18,-23,-18,-23,-17,-23,-17,-23,-16,-23,-17,-22,-17,-22,-17,-21,-18,-20,-18,-20,-18,-19,-18,-18,-18,-18,-18,-18,-18,-17,-18,-17,-18,-16,-18,-16]"
CSI_DATA,36352,d8:b1:90:db:e8:90,-55,11,1,7,0,0,1,0,0,0,1,-94,0,8,0,569427292,0,100,0,128,1,"[100,-64,5,0,1,21,1,21,2,20,2,20,3,19,3,19,4,18,4,18,4,18,4,18,5,18,6,18,6,18,6,18,7,18,7,18,7,18,6,18,6,18,6,18,6,18,6,18,5,18,4,19,3,19,0,4,0,0,0,0,0,0,0,0,0,0,0,0,0,0,0,0,0,0,1,6,5,27,4,27,2,27,1,27,0,27,-1,28,-1,28,-2,28,-2,27,-3,28,-4,29,-4,29,-4,28,-4,27,-4,27,-4,26,-4,25,-3,25,-1,25,0,25,0,24,0,24,0,24,1,24,1,24,1,24]"
CSI_DATA,36353,d8:b1:90:db:e8:90,-55,11,1,7,0,0,1,0,0,0,1,-94,0,8,0,569452896,0,100,0,128,1,"[100,-64,5,0,-20,12,-19,12,-18,12,-17,13,-17,13,-16,13,-15,13,-15,14,-15,14,-14,14,-14,14,-13,15,-13,15,-13,16,-13,16,-13,16,-13,16,-13,15,-13,15,-13,15,-13,15,-13,14,-14,14,-15,14,-16,13,-4,3,0,0,0,0,0,0,0,0,0,0,0,0,0,0,0,0,0,0,-7,4,-25,15,-25,14,-26,14,-26,13,-27,12,-27,11,-27,11,-27,11,-28,10,-28,10,-28,10,-27,10,-27,10,-27,10,-27,10,-27,10,-26,10,-25,10,-25,10,-24,11,-23,11,-22,12,-22,13,-21,13,-21,12,-21,12]"
CSI_DATA,36354,d8:b1:90:db:e8:90,-55,11,1,7,0,0,1,0,0,0,1,-94,0,8,0,569465280,0,100,0,128,1,"[100,-64,5,0,-16,10,-15,10,-15,10,-14,11,-13,11,-12,11,-12,12,-11,12,-11,12,-11,12,-10,12,-10,12,-10,13,-10,13,-10,13,-9,13,-9,13,-10,13,-9,13,-9,13,-9,13,-9,12,-9,12,-10,12,-11,12,-3,3,0,0,0,0,0,0,0,0,0,0,0,0,0,0,0,0,0,0,-5,3,-18,15,-18,14,-20,12,-20,12,-21,11,-21,11,-21,11,-21,12,-21,11,-21,11,-22,10,-22,10,-21,10,-21,10,-21,10,-22,10,-21,10,-20,9,-20,10,-19,10,-19,10,-18,10,-18,11,-17,11,-17,11,-18,10]"
CSI_DATA,36355,d8:b1:90:db:e8:90,-55,11,1,7,0,0,1,0,0,0,1,-94,0,8,0,569476367,0,100,0,128,1,"[100,-64,5,0,-25,4,-24,4,-23,5,-22,6,-22,6,-21,6,-20,7,-20,7,-20,8,-19,8,-19,8,-19,8,-19,9,-19,9,-19,9,-19,9,-19,9,-19,9,-19,9,-19,9,-19,9,-18,8,-19,8,-19,7,-20,7,-5,1,0,0,0,0,0,0,0,0,0,0,0,0,0,0,0,0,0,0,-8,1,-29,6,-29,5,-29,4,-29,2,-30,1,-30,1,-30,1,-30,0,-30,0,-31,-1,-31,-1,-31,-1,-30,-1,-30,-1,-30,-1,-29,0,-28,0,-28,1,-27,2,-27,2,-27,2,-26,3,-26,3,-26,4,-26,4,-26,4]"
CSI_DATA,36356,d8:b1:90:db:e8:90,-55,11,1,7,0,0,1,0,0,0,1,-94,0,8,0,569493028,0,100,0,128,1,"[100,-64,5,0,23,-6,22,-6,21,-6,21,-7,20,-8,19,-8,19,-9,18,-9,18,-10,18,-10,17,-10,17,-10,17,-10,18,-11,18,-11,17,-11,17,-11,17,-11,17,-11,17,-11,17,-11,17,-10,18,-9,18,-9,18,-8,4,-2,0,0,0,0,0,0,0,0,0,0,0,0,0,0,0,0,0,0,7,-3,28,-9,27,-7,28,-7,28,-6,28,-5,28,-4,28,-4,29,-4,29,-3,29,-2,29,-2,29,-2,29,-1,29,-1,28,-2,28,-2,27,-3,27,-3,26,-4,26,-5,25,-5,25,-5,25,-5,24,-5,24,-6,25,-6]"
CSI_DATA,36357,d8:b1:90:db:e8:90,-55,11,1,7,0,0,1,0,0,0,1,-94,0,8,0,569506250,0,100,0,128,1,"[100,-64,5,0,9,22,9,21,9,20,10,19,10,19,10,18,11,18,11,17,11,16,12,15,12,16,13,16,13,16,13,16,13,15,13,16,12,15,12,15,12,15,12,15,12,15,12,15,12,15,11,15,11,16,2,4,0,0,0,0,0,0,0,0,0,0,0,0,0,0,0,0,0,0,3,6,12,25,11,26,10,27,8,27,8,27,8,28,8,29,7,29,7,29,7,29,6,29,6,30,6,29,6,29,5,28,6,28,6,27,6,27,7,26,7,26,8,25,8,25,9,24,9,24,9,23,9,23]"
CSI_DATA,36358,d8:b1:90:db:e8:90,-55,11,1,7,0,0,1,0,0,0,1,-94,0,8,0,569516916,0,100,0,128,1,"[100,-64,5,0,-17,-14,-17,-13,-16,-13,-17,-12,-17,-12,-16,-12,-17,-11,-16,-10,-16,-9,-16,-9,-17,-9,-17,-8,-18,-8,-18,-8,-18,-8,-18,-8,-18,-8,-17,-8,-17,-8,-17,-8,-17,-9,-17,-9,-17,-9,-17,-9,-17,-10,-5,-3,0,0,0,0,0,0,0,0,0,0,0,0,0,0,0,0,0,0,-6,-5,-21,-17,-20,-19,-20,-20,-19,-20,-18,-21,-18,-22,-17,-22,-17,-22,-17,-22,-17,-22,-16,-23,-16,-23,-16,-23,-16,-23,-15,-22,-15,-21,-15,-21,-16,-20,-16,-20,-16,-19,-17,-19,-17,-18,-17,-17,-17,-17,-17,-16,-17,-16]"
CSI_DATA,36359,d8:b1:90:db:e8:90,-55,11,1,7,0,0,1,0,0,0,1,-94,0,8,0,569549946,0,100,0,128,1,"[100,-64,5,0,-22,-3,-22,-2,-21,-2,-20,-1,-20,-1,-19,0,-19,0,-18,2,-18,2,-18,2,-18,3,-18,3,-19,4,-19,5,-18,5,-18,5,-18,5,-18,5,-18,5,-18,5,-18,4,-17,4,-17,3,-18,0,-18,-1,-5,-1,0,0,0,0,0,0,0,0,0,0,0,0,0,0,0,0,0,0,-7,-1,-28,-4,-27,-5,-27,-6,-27,-7,-27,-7,-26,-8,-26,-9,-25,-9,-26,-9,-26,-10,-25,-10,-25,-10,-25,-10,-25,-10,-25,-10,-24,-9,-24,-9,-24,-8,-24,-8,-24,-7,-23,-6,-23,-5,-23,-5,-23,-5,-22,-4,-22,-3]"
CSI_DATA,36360,d8:b1:90:db:e8:90,-55,11,1,7,0,0,1,0,0,0,1,-94,0,8,0,569562910,0,100,0,128,1,"[100,-64,5,0,-16,-15,-16,-14,-15,-13,-16,-13,-15,-13,-15,-12,-15,-12,-15,-11,-15,-10,-15,-10,-16,-10,-16,-10,-16,-9,-16,-9,-16,-9,-16,-10,-16,-10,-16,-9,-16,-9,-16,-10,-16,-10,-16,-11,-15,-11,-15,-11,-15,-11,-4,-3,0,0,0,0,0,0,0,0,0,0,0,0,0,0,0,0,0,0,-6,-5,-20,-19,-20,-20,-19,-20,-18,-21,-17,-21,-16,-22,-16,-22,-16,-22,-16,-23,-15,-23,-15,-23,-15,-23,-15,-23,-15,-23,-15,-22,-15,-22,-15,-21,-15,-21,-15,-20,-15,-19,-15,-18,-16,-18,-16,-18,-17,-17,-16,-17,-16,-16]"
CSI_DATA,36361,d8:b1:90:db:e8:90,-55,11,1,7,0,0,1,0,0,0,1,-94,0,8,0,569573164,0,100,0,128,1,"[100,-64,5,0,-11,-18,-11,-18,-11,-17,-11,-17,-12,-17,-12,-16,-12,-15,-12,-14,-12,-14,-12,-14,-12,-14,-13,-14,-13,-13,-13,-13,-13,-13,-13,-14,-13,-13,-13,-13,-13,-13,-13,-13,-13,-14,-13,-14,-12,-14,-12,-14,-11,-15,-3,-4,0,0,0,0,0,0,0,0,0,0,0,0,0,0,0,0,0,0,-4,-6,-13,-25,-12,-26,-11,-26,-10,-26,-9,-26,-9,-26,-9,-26,-9,-26,-8,-27,-7,-27,-7,-27,-6,-27,-7,-26,-7,-26,-7,-26,-7,-25,-8,-24,-8,-24,-9,-23,-9,-22,-10,-22,-10,-21,-10,-22,-10,-22,-10,-21,-10,-20]"
CSI_DATA,36362,d8:b1:90:db:e8:90,-55,11,1,7,0,0,1,0,0,0,1,-94,0,8,0,569584489,0,100,0,128,1,"[100,-64,5,0,-19,9,-18,8,-17,9,-17,9,-16,9,-15,9,-15,10,-14,10,-14,11,-14,11,-13,11,-13,12,-13,13,-13,13,-13,13,-14,13,-14,13,-14,13,-14,12,-14,12,-14,12,-13,12,-14,12,-15,12,-15,12,-4,2,0,0,0,0,0,0,0,0,0,0,0,0,0,0,0,0,0,0,-6,3,-21,15,-23,13,-24,12,-24,12,-24,12,-25,11,-25,10,-25,10,-26,10,-26,9,-26,9,-26,9,-25,9,-24,9,-24,8,-24,8,-23,9,-23,9,-22,9,-22,9,-21,10,-21,10,-21,10,-20,9,-20,9,-20,10]"
CSI_DATA,36363,d8:b1:90:db:e8:90,-55,11,1,7,0,0,1,0,0,0,1,-94,0,8,0,569597025,0,100,0,128,1,"[100,-64,5,0,-11,-20,-11,-19,-11,-18,-12,-17,-12,-17,-12,-16,-12,-15,-12,-14,-12,-14,-13,-13,-13,-13,-14,-13,-14,-13,-14,-12,-14,-12,-14,-13,-14,-13,-13,-13,-13,-13,-14,-13,-14,-13,-14,-14,-13,-14,-13,-14,-13,-14,-3,-4,0,0,0,0,0,0,0,0,0,0,0,0,0,0,0,0,0,0,-5,-7,-17,-24,-16,-25,-15,-25,-14,-25,-14,-25,-13,-26,-12,-27,-11,-27,-11,-27,-10,-28,-10,-27,-10,-27,-10,-27,-11,-26,-10,-25,-10,-25,-11,-24,-11,-24,-11,-24,-11,-23,-12,-23,-12,-22,-12,-22,-12,-21,-12,-21,-12,-21]"
CSI_DATA,36364,d8:b1:90:db:e8:90,-55,11,1,7,0,0,1,0,0,0,1,-94,0,8,0,569616456,0,100,0,128,1,"[100,-64,5,0,16,-14,15,-13,14,-13,14,-13,13,-13,12,-13,11,-13,11,-14,10,-14,10,-14,10,-14,9,-15,9,-16,10,-16,10,-16,10,-16,10,-16,10,-16,10,-16,10,-16,10,-15,10,-15,11,-14,12,-14,12,-13,3,-4,0,0,0,0,0,0,0,0,0,0,0,0,0,0,0,0,0,0,5,-5,21,-18,21,-17,21,-16,21,-15,22,-15,23,-14,23,-13,24,-13,24,-13,24,-12,24,-12,24,-11,24,-11,23,-11,23,-11,22,-12,22,-12,21,-12,21,-13,21,-13,20,-13,19,-13,18,-14,18,-13,17,-13,17,-14]"
CSI_DATA,36365,d8:b1:90:db:e8:90,-55,11,1,7,0,0,1,0,0,0,1,-94,0,8,0,569626623,0,100,0,128,1,"[100,-64,5,0,-21,-4,-20,-4,-20,-4,-19,-3,-19,-2,-18,-2,-18,-2,-18,-1,-18,0,-18,0,-18,0,-19,1,-19,2,-19,3,-19,3,-19,3,-19,3,-19,3,-19,3,-19,3,-19,2,-19,1,-19,1,-20,1,-20,0,-5,0,0,0,0,0,0,0,0,0,0,0,0,0,0,0,0,0,0,0,-7,-2,-27,-6,-26,-8,-25,-9,-25,-10,-25,-11,-25,-11,-25,-12,-25,-12,-24,-12,-24,-12,-24,-13,-23,-13,-23,-13,-23,-13,-23,-11,-22,-11,-22,-10,-22,-10,-23,-9,-23,-8,-23,-8,-22,-7,-22,-7,-22,-6,-21,-6,-21,-5]"
CSI_DATA,36366,d8:b1:90:db:e8:90,-55,11,1,7,0,0,1,0,0,0,1,-94,0,8,0,569649277,0,100,0,128,1,"[100,-64,5,0,16,12,16,12,16,11,16,10,15,9,15,9,15,8,15,7,15,6,15,6,15,6,16,6,16,6,16,5,17,5,17,6,16,5,16,5,16,5,16,5,16,6,16,6,16,7,16,7,15,8,3,2,0,0,0,0,0,0,0,0,0,0,0,0,0,0,0,0,0,0,5,4,21,16,20,16,19,18,19,19,18,19,18,19,17,19,16,19,17,20,17,20,17,20,17,20,17,19,17,19,17,19,17,18,16,18,16,17,16,16,16,16,16,15,16,15,17,14,17,14,17,13,16,13]"
CSI_DATA,36367,d8:b1:90:db:e8:90,-57,11,1,7,0,0,1,0,0,0,1,-94,0,8,0,569665472,0,100,0,128,1,"[100,-64,5,0,-5,-21,-5,-20,-5,-20,-6,-20,-7,-19,-7,-19,-7,-18,-8,-17,-8,-17,-9,-17,-10,-17,-11,-16,-11,-16,-11,-16,-11,-16,-11,-16,-11,-16,-11,-16,-10,-16,-10,-17,-11,-17,-10,-18,-10,-18,-10,-18,-9,-18,-3,-5,0,0,0,0,0,0,0,0,0,0,0,0,0,0,0,0,0,0,-2,-7,-8,-27,-7,-28,-5,-28,-4,-28,-3,-28,-2,-28,-1,-29,-1,-29,-1,-29,0,-29,0,-29,0,-28,0,-28,-1,-27,-1,-27,-1,-27,-1,-26,-2,-26,-3,-26,-3,-25,-4,-25,-4,-24,-4,-24,-4,-24,-5,-24,-5,-23]"
CSI_DATA,36368,d8:b1:90:db:e8:90,-55,11,1,7,0,0,1,0,0,0,1,-94,0,8,0,569681258,0,100,0,128,1,"[100,-64,5,0,19,-8,19,-8,18,-8,17,-8,16,-8,15,-9,15,-9,15,-10,14,-10,14,-10,13,-10,13,-10,13,-11,14,-11,14,-11,14,-12,14,-12,14,-11,14,-11,14,-11,14,-11,14,-11,14,-10,15,-10,15,-9,3,-2,0,0,0,0,0,0,0,0,0,0,0,0,0,0,0,0,0,0,6,-3,25,-11,25,-10,25,-9,25,-9,26,-8,26,-7,26,-6,26,-6,27,-6,27,-6,26,-5,26,-5,26,-4,26,-4,26,-4,25,-5,25,-5,24,-5,24,-6,23,-6,22,-6,22,-7,22,-7,21,-8,21,-8,21,-8]"
CSI_DATA,36369,d8:b1:90:db:e8:90,-55,11,1,7,0,0,1,0,0,0,1,-94,0,8,0,569692924,0,100,0,128,1,"[100,-64,5,0,20,10,19,10,19,9,19,8,18,7,18,6,18,5,18,5,18,4,18,4,18,4,18,4,18,3,18,3,18,3,19,2,19,2,19,2,19,2,19,2,18,3,18,3,18,4,18,4,18,5,4,1,0,0,0,0,0,0,0,0,0,0,0,0,0,0,0,0,0,0,6,2,26,12,26,13,25,14,24,15,24,16,24,17,24,17,24,18,24,18,24,18,23,19,23,19,22,19,22,19,22,18,22,18,22,17,22,16,22,15,22,14,22,14,22,13,22,12,22,12,21,12,21,11]"
CSI_DATA,36370,d8:b1:90:db:e8:90,-55,11,1,7,0,0,1,0,0,0,1,-94,0,8,0,569706867,0,100,0,128,1,"[100,-64,5,0,0,20,0,19,1,19,2,19,2,18,2,17,2,17,2,16,2,16,3,16,3,16,4,17,4,17,4,16,4,17,5,17,5,17,4,16,4,16,4,17,4,17,4,17,3,17,2,17,1,17,0,4,0,0,0,0,0,0,0,0,0,0,0,0,0,0,0,0,0,0,0,6,1,26,1,27,1,27,0,27,-1,27,-2,27,-2,26,-3,26,-3,26,-4,26,-4,26,-4,26,-4,25,-4,25,-4,25,-4,25,-3,24,-3,24,-2,24,-1,23,-1,23,0,23,0,23,0,22,0,22,0,22]"
CSI_DATA,36371,d8:b1:90:db:e8:90,-55,11,1,7,0,0,1,0,0,0,1,-94,0,8,0,569726482,0,100,0,128,1,"[100,-64,5,0,-18,-11,-18,-11,-18,-10,-18,-9,-17,-8,-16,-8,-16,-7,-17,-5,-17,-3,-17,-3,-17,-3,-17,-3,-18,-3,-18,-2,-17,-2,-17,-2,-17,-2,-17,-2,-17,-2,-18,-2,-18,-2,-17,-3,-18,-3,-18,-2,-18,-3,-5,-1,0,0,0,0,0,0,0,0,0,0,0,0,0,0,0,0,0,0,-7,-4,-25,-13,-24,-14,-23,-15,-22,-15,-22,-16,-22,-17,-22,-18,-22,-18,-22,-18,-21,-18,-21,-19,-21,-18,-21,-18,-21,-18,-21,-18,-20,-17,-21,-16,-21,-16,-20,-15,-20,-15,-19,-14,-19,-14,-19,-13,-20,-12,-20,-12,-19,-12]"
CSI_DATA,36372,d8:b1:90:db:e8:90,-55,11,1,7,0,0,1,0,0,0,1,-94,0,8,0,569755082,0,100,0,128,1,"[100,-64,5,0,-4,-22,-4,-22,-4,-21,-5,-21,-5,-20,-5,-19,-6,-19,-6,-19,-6,-18,-7,-18,-7,-18,-8,-18,-8,-18,-8,-17,-8,-17,-8,-17,-8,-17,-8,-17,-8,-17,-8,-18,-9,-18,-8,-18,-8,-18,-7,-18,-6,-18,-2,-5,0,0,0,0,0,0,0,0,0,0,0,0,0,0,0,0,0,0,-1,-9,-3,-32,0,-31,1,-30,2,-30,2,-30,3,-31,4,-31,4,-31,4,-31,5,-31,5,-31,4,-31,4,-30,4,-30,4,-29,3,-28,3,-28,2,-28,1,-28,0,-27,-1,-27,-1,-27,-1,-26,-1,-26,-1,-25,-2,-24]"
CSI_DATA,36373,d8:b1:90:db:e8:90,-55,11,1,7,0,0,1,0,0,0,1,-94,0,8,0,569767894,0,100,0,128,1,"[100,-64,5,0,-14,-15,-14,-15,-14,-14,-14,-14,-14,-13,-13,-12,-14,-12,-15,-11,-15,-10,-15,-10,-16,-10,-16,-10,-16,-10,-16,-9,-16,-9,-16,-9,-16,-9,-16,-8,-16,-8,-16,-8,-17,-9,-16,-9,-16,-9,-16,-10,-16,-10,-4,-3,0,0,0,0,0,0,0,0,0,0,0,0,0,0,0,0,0,0,-5,-5,-19,-20,-19,-21,-18,-22,-17,-23,-16,-23,-16,-24,-16,-24,-16,-25,-15,-25,-15,-25,-15,-25,-15,-25,-15,-25,-15,-25,-14,-24,-14,-23,-14,-22,-14,-21,-15,-21,-15,-20,-15,-19,-15,-19,-15,-18,-15,-18,-15,-18,-14,-17]"
CSI_DATA,36374,d8:b1:90:db:e8:90,-55,11,1,7,0,0,1,0,0,0,1,-94,0,8,0,569778976,0,100,0,128,1,"[100,-64,5,0,-19,-10,-18,-10,-18,-9,-18,-9,-18,-8,-17,-8,-17,-6,-17,-5,-17,-4,-17,-4,-17,-4,-17,-4,-17,-3,-17,-3,-17,-2,-17,-3,-17,-2,-17,-2,-17,-2,-17,-2,-17,-2,-17,-3,-17,-3,-17,-3,-17,-4,-5,-1,0,0,0,0,0,0,0,0,0,0,0,0,0,0,0,0,0,0,-7,-4,-24,-14,-23,-16,-22,-17,-22,-17,-21,-18,-21,-19,-21,-19,-21,-20,-21,-21,-21,-21,-21,-21,-20,-21,-20,-21,-20,-20,-20,-20,-20,-19,-20,-18,-20,-18,-20,-17,-21,-15,-21,-15,-20,-14,-20,-14,-20,-14,-19,-13,-19,-12]"
CSI_DATA,36375,d8:b1:90:db:e8:90,-55,11,1,7,0,0,1,0,0,0,1,-94,0,8,0,569790295,0,100,0,128,1,"[100,-64,5,0,17,8,16,8,16,8,16,8,16,7,15,6,15,5,15,4,15,4,15,4,15,4,16,4,16,4,16,3,16,3,17,3,17,3,17,3,17,3,17,3,16,3,16,4,16,4,16,4,16,5,4,1,0,0,0,0,0,0,0,0,0,0,0,0,0,0,0,0,0,0,5,2,23,11,23,12,23,13,22,15,22,15,21,15,21,16,22,17,22,17,21,17,21,16,21,16,20,16,19,16,19,16,19,15,19,15,19,14,19,14,18,13,18,12,18,12,18,11,18,11,18,10,18,10]"
CSI_DATA,36376,d8:b1:90:db:e8:90,-55,11,1,7,0,0,1,0,0,0,1,-94,0,8,0,569806418,0,100,0,128,1,"[100,-64,5,0,-21,-10,-20,-10,-20,-9,-19,-8,-19,-7,-18,-6,-18,-6,-19,-5,-19,-4,-18,-4,-19,-4,-19,-4,-19,-3,-19,-3,-19,-3,-20,-3,-20,-2,-20,-2,-20,-3,-20,-3,-20,-4,-19,-4,-20,-4,-20,-4,-20,-5,-5,-2,0,0,0,0,0,0,0,0,0,0,0,0,0,0,0,0,0,0,-7,-4,-27,-13,-26,-14,-25,-15,-25,-16,-25,-17,-25,-17,-25,-18,-24,-18,-24,-19,-24,-20,-23,-19,-23,-19,-23,-19,-23,-19,-23,-18,-22,-18,-22,-17,-22,-17,-22,-16,-22,-15,-22,-14,-21,-14,-21,-13,-21,-13,-21,-12,-21,-11]"
CSI_DATA,36377,d8:b1:90:db:e8:90,-55,11,1,7,0,0,1,0,0,0,1,-94,0,8,0,569816497,0,100,0,128,1,"[100,-64,5,0,-9,-21,-9,-20,-9,-19,-9,-18,-10,-17,-9,-16,-9,-16,-10,-15,-10,-15,-10,-14,-10,-14,-11,-14,-11,-14,-10,-14,-10,-14,-10,-14,-10,-13,-10,-13,-9,-13,-10,-14,-10,-14,-9,-14,-9,-14,-9,-14,-8,-14,-2,-4,0,0,0,0,0,0,0,0,0,0,0,0,0,0,0,0,0,0,-3,-7,-12,-26,-12,-26,-10,-26,-9,-26,-8,-27,-8,-28,-7,-28,-6,-29,-6,-29,-5,-29,-5,-29,-5,-28,-5,-28,-5,-28,-5,-28,-5,-28,-5,-27,-6,-27,-6,-26,-7,-25,-7,-25,-7,-24,-7,-24,-8,-23,-7,-23,-7,-22]"
CSI_DATA,36378,d8:b1:90:db:e8:90,-55,11,1,7,0,0,1,0,0,0,1,-94,0,8,0,569826688,0,100,0,128,1,"[100,-64,5,0,20,5,20,4,20,4,19,4,19,4,18,3,18,2,18,1,18,0,18,0,18,0,19,-1,19,-1,19,-2,19,-2,19,-2,19,-2,19,-2,19,-1,19,-1,19,-1,19,0,19,0,19,0,20,1,5,0,0,0,0,0,0,0,0,0,0,0,0,0,0,0,0,0,0,0,7,0,29,1,28,3,28,4,28,5,28,6,28,6,28,7,29,8,28,8,28,7,28,8,28,8,28,8,27,8,26,8,25,8,25,8,25,8,25,7,24,7,24,6,23,6,23,5,23,5,23,4,23,3]"
CSI_DATA,36379,d8:b1:90:db:e8:90,-55,11,1,7,0,0,1,0,0,0,1,-94,0,8,0,569855731,0,100,0,128,1,"[100,-64,5,0,-21,7,-20,7,-20,7,-19,7,-18,7,-17,7,-17,8,-17,8,-17,9,-16,9,-16,9,-15,9,-15,10,-16,10,-15,10,-15,11,-15,11,-15,10,-16,10,-15,10,-15,9,-15,9,-15,9,-16,9,-16,8,-4,2,0,0,0,0,0,0,0,0,0,0,0,0,0,0,0,0,0,0,-7,2,-26,11,-27,9,-27,8,-27,7,-27,7,-27,6,-28,6,-29,5,-29,5,-29,5,-30,5,-29,4,-29,4,-29,4,-28,4,-27,4,-27,4,-26,5,-26,5,-25,5,-25,6,-25,6,-24,6,-24,6,-23,6,-22,6]"
CSI_DATA,36380,d8:b1:90:db:e8:90,-55,11,1,7,0,0,1,0,0,0,1,-94,0,8,0,569869568,0,100,0,128,1,"[100,-64,5,0,-2,-24,-2,-23,-2,-22,-2,-21,-2,-21,-3,-20,-3,-19,-3,-19,-3,-19,-4,-19,-5,-19,-6,-19,-7,-19,-6,-18,-7,-18,-7,-19,-7,-19,-7,-18,-7,-18,-7,-18,-7,-18,-7,-18,-7,-18,-6,-19,-6,-19,-2,-5,0,0,0,0,0,0,0,0,0,0,0,0,0,0,0,0,0,0,-1,-8,-2,-30,0,-30,2,-30,3,-30,3,-30,3,-30,3,-30,3,-29,3,-29,4,-29,6,-30,5,-30,5,-29,5,-29,5,-29,5,-28,4,-28,4,-27,3,-27,3,-27,2,-26,1,-26,0,-25,0,-25,0,-25,-1,-25]"
CSI_DATA,36381,d8:b1:90:db:e8:90,-56,11,1,7,0,0,1,0,0,0,1,-94,0,8,0,569879884,0,100,0,128,1,"[100,-64,5,0,-35,31,-32,36,-36,27,-24,23,-15,32,-19,34,-20,25,-10,28,-8,44,-14,44,1,31,24,27,19,32,4,29,12,28,27,34,22,27,18,14,26,15,31,25,25,20,28,4,37,6,30,21,16,24,2,5,0,0,0,0,0,0,0,0,0,0,0,0,0,0,0,0,0,0,1,-15,4,-60,9,-58,14,-48,12,-46,7,-57,5,-59,0,-47,-10,-46,-12,-53,-9,-48,-17,-43,-27,-52,-27,-57,-26,-44,-33,-34,-38,-42,-34,-38,-32,-18,-40,-14,-47,-21,-43,-16,-43,-5,-51,-5,-52,-9,-41,0,-35,18]"
CSI_DATA,36382,d8:b1:90:db:e8:90,-55,11,1,7,0,0,1,0,0,0,1,-94,0,8,0,569894888,0,100,0,128,1,"[100,-64,5,0,20,-2,20,-3,19,-3,18,-3,18,-3,17,-3,17,-4,17,-5,17,-6,16,-6,16,-6,16,-6,16,-6,16,-6,16,-6,16,-6,16,-6,16,-6,16,-6,16,-6,16,-5,16,-5,16,-5,17,-4,17,-4,4,-1,0,0,0,0,0,0,0,0,0,0,0,0,0,0,0,0,0,0,6,-1,26,-3,26,-2,26,-1,26,0,26,1,27,2,27,3,27,4,27,4,27,4,27,4,27,4,26,4,26,4,25,4,25,3,24,3,24,2,24,2,24,2,23,1,23,0,23,0,22,0,22,0,22,-1]"
CSI_DATA,36383,d8:b1:90:db:e8:90,-55,11,1,7,0,0,1,0,0,0,1,-94,0,8,0,569906892,0,100,0,128,1,"[100,-64,5,0,-21,2,-20,2,-20,2,-19,2,-18,2,-18,3,-17,3,-17,4,-17,5,-17,5,-17,4,-17,5,-17,6,-17,6,-17,6,-17,6,-17,7,-17,6,-17,6,-17,6,-17,5,-16,5,-17,5,-18,5,-18,4,-5,0,0,0,0,0,0,0,0,0,0,0,0,0,0,0,0,0,0,0,-7,0,-27,3,-27,1,-27,0,-27,-1,-27,-2,-27,-2,-27,-2,-28,-3,-28,-3,-28,-4,-28,-4,-27,-5,-27,-5,-26,-4,-25,-3,-25,-2,-24,-2,-24,-2,-24,-2,-23,-1,-23,-1,-22,0,-22,1,-22,1,-22,1,-22,1]"
CSI_DATA,36384,d8:b1:90:db:e8:90,-55,11,1,7,0,0,1,0,0,0,1,-94,0,8,0,569917003,0,100,0,128,1,"[100,-64,5,0,-20,-8,-19,-8,-19,-7,-19,-7,-18,-7,-18,-6,-18,-5,-18,-4,-17,-3,-17,-3,-17,-3,-18,-3,-18,-3,-18,-2,-18,-2,-17,-2,-18,-2,-17,-2,-17,-2,-18,-2,-17,-3,-17,-3,-17,-4,-18,-4,-18,-5,-5,-2,0,0,0,0,0,0,0,0,0,0,0,0,0,0,0,0,0,0,-7,-3,-26,-11,-25,-12,-24,-14,-23,-15,-23,-16,-24,-16,-24,-16,-24,-17,-23,-18,-23,-18,-23,-18,-23,-18,-23,-18,-23,-17,-22,-15,-21,-14,-21,-13,-21,-13,-21,-13,-22,-13,-22,-12,-21,-11,-21,-10,-21,-10,-21,-10,-21,-10]"
CSI_DATA,36385,d8:b1:90:db:e8:90,-56,11,1,7,0,0,1,0,0,0,1,-94,0,8,0,569956157,0,100,0,128,1,"[100,-64,5,0,17,11,17,10,17,9,17,9,16,8,16,8,16,7,16,6,16,5,16,5,16,5,17,5,17,5,17,5,17,5,17,5,17,5,16,5,16,5,16,5,16,6,16,7,16,7,16,7,16,7,4,2,0,0,0,0,0,0,0,0,0,0,0,0,0,0,0,0,0,0,6,3,24,14,23,15,23,15,23,16,22,17,22,18,22,18,22,18,21,19,20,19,20,19,19,19,19,19,19,19,19,19,19,18,19,17,19,17,19,16,19,15,19,14,19,14,19,13,19,13,19,12,19,12]"
CSI_DATA,36386,d8:b1:90:db:e8:90,-56,11,1,7,0,0,1,0,0,0,1,-94,0,8,0,569969598,0,100,0,128,1,"[100,-64,5,0,-17,7,-16,7,-16,8,-16,8,-15,8,-14,8,-14,8,-13,9,-13,9,-12,9,-12,10,-11,11,-11,12,-11,12,-11,12,-11,12,-11,13,-11,12,-11,12,-11,12,-11,12,-11,11,-11,11,-12,11,-13,11,-4,2,0,0,0,0,0,0,0,0,0,0,0,0,0,0,0,0,0,0,-6,3,-23,12,-23,11,-24,10,-24,10,-24,9,-24,8,-23,8,-23,8,-24,7,-24,6,-24,6,-24,7,-23,6,-23,6,-23,6,-23,6,-22,6,-22,6,-21,6,-20,7,-20,8,-19,8,-19,8,-19,8,-18,7,-18,7]"
CSI_DATA,36387,d8:b1:90:db:e8:90,-55,11,1,7,0,0,1,0,0,0,1,-94,0,8,0,569979889,0,100,0,128,1,"[100,-64,5,0,-22,3,-22,3,-21,3,-21,3,-21,4,-20,4,-19,4,-18,6,-17,7,-17,7,-17,7,-16,8,-16,9,-16,9,-17,10,-17,10,-17,10,-18,10,-17,9,-17,9,-17,8,-17,8,-17,8,-18,8,-19,7,-5,1,0,0,0,0,0,0,0,0,0,0,0,0,0,0,0,0,0,0,-8,1,-29,6,-30,5,-30,4,-30,2,-30,1,-30,0,-30,0,-30,0,-30,0,-30,-1,-30,-1,-29,-1,-29,-1,-29,-1,-29,-1,-29,-1,-28,0,-28,0,-27,0,-27,1,-26,1,-26,2,-25,2,-25,2,-24,2,-23,3]"
CSI_DATA,36388,d8:b1:90:db:e8:90,-55,11,1,7,0,0,1,0,0,0,1,-94,0,8,0,569990962,0,100,0,128,1,"[100,-64,5,0,10,19,10,18,10,17,10,17,10,16,11,15,10,15,10,14,10,14,10,14,10,14,11,15,11,15,11,14,11,14,12,15,11,15,11,14,11,14,11,14,11,15,10,15,9,15,9,15,9,16,2,4,0,0,0,0,0,0,0,0,0,0,0,0,0,0,0,0,0,0,3,6,13,25,13,26,12,26,10,26,10,26,10,27,10,27,10,28,9,28,8,28,8,27,7,27,7,26,7,26,8,26,8,25,8,24,9,24,9,23,10,22,10,22,10,22,10,21,10,20,10,20,10,19]"
CSI_DATA,36389,d8:b1:90:db:e8:90,-55,11,1,7,0,0,1,0,0,0,1,-94,0,8,0,570002746,0,100,0,128,1,"[100,-64,5,0,-20,-13,-20,-12,-19,-12,-19,-11,-19,-10,-18,-10,-18,-9,-18,-8,-18,-7,-18,-7,-18,-7,-18,-7,-18,-7,-18,-6,-18,-6,-19,-6,-19,-6,-18,-6,-18,-6,-18,-6,-18,-7,-17,-7,-17,-7,-18,-8,-17,-8,-5,-2,0,0,0,0,0,0,0,0,0,0,0,0,0,0,0,0,0,0,-7,-4,-25,-15,-24,-17,-24,-19,-24,-20,-23,-21,-23,-21,-22,-21,-21,-21,-21,-22,-21,-22,-21,-22,-21,-22,-21,-22,-21,-22,-21,-21,-20,-20,-20,-19,-21,-19,-21,-18,-21,-17,-21,-17,-21,-16,-21,-15,-21,-15,-21,-15,-21,-14]"
CSI_DATA,36390,d8:b1:90:db:e8:90,-55,11,1,7,0,0,1,0,0,0,1,-94,0,8,0,570015643,0,100,0,128,1,"[100,-64,5,0,7,-22,7,-21,6,-21,5,-20,4,-20,3,-19,3,-19,3,-19,3,-19,2,-19,2,-19,1,-19,2,-19,2,-19,2,-19,2,-20,2,-20,2,-20,2,-19,3,-19,2,-19,2,-19,3,-19,4,-19,4,-19,1,-5,0,0,0,0,0,0,0,0,0,0,0,0,0,0,0,0,0,0,2,-7,8,-28,9,-28,11,-28,12,-28,13,-27,13,-27,13,-26,14,-26,14,-25,15,-25,15,-26,15,-26,15,-25,14,-25,14,-25,13,-24,13,-24,12,-24,11,-24,11,-23,10,-23,9,-23,8,-23,8,-23,8,-23,8,-23]"
CSI_DATA,36391,d8:b1:90:db:e8:90,-55,11,1,7,0,0,1,0,0,0,1,-94,0,8,0,570026890,0,100,0,128,1,"[100,-64,5,0,-14,17,-13,16,-12,16,-12,16,-11,16,-10,15,-10,15,-9,16,-9,16,-8,16,-8,16,-8,16,-8,17,-8,17,-8,17,-8,18,-8,18,-8,17,-8,17,-8,17,-8,17,-8,17,-8,17,-9,17,-9,17,-3,4,0,0,0,0,0,0,0,0,0,0,0,0,0,0,0,0,0,0,-5,5,-18,21,-20,20,-21,20,-22,20,-23,19,-23,18,-22,18,-22,17,-22,17,-23,17,-23,17,-23,17,-22,17,-22,17,-21,17,-21,16,-21,17,-20,17,-19,16,-18,16,-17,17,-16,17,-16,17,-15,17,-15,17,-15,18]"
CSI_DATA,36392,d8:b1:90:db:e8:90,-55,11,1,7,0,0,1,0,0,0,1,-94,0,8,0,570037775,0,100,0,128,1,"[100,-64,5,0,1,-24,1,-24,1,-23,1,-22,0,-21,-1,-20,-1,-20,0,-20,0,-20,0,-20,-1,-20,-2,-20,-2,-20,-1,-20,-1,-20,-1,-20,0,-20,0,-19,0,-19,1,-19,0,-20,0,-20,1,-19,2,-19,3,-19,0,-5,0,0,0,0,0,0,0,0,0,0,0,0,0,0,0,0,0,0,1,-8,4,-29,4,-29,6,-28,7,-28,8,-28,9,-28,10,-28,11,-29,11,-29,12,-29,12,-29,11,-29,11,-28,11,-28,11,-27,10,-26,10,-26,9,-26,8,-26,7,-26,6,-25,6,-25,6,-25,5,-25,5,-24,4,-24]"
CSI_DATA,36393,d8:b1:90:db:e8:90,-55,11,1,7,0,0,1,0,0,0,1,-94,0,8,0,570070188,0,100,0,128,1,"[100,-64,5,0,-19,-12,-19,-12,-18,-11,-18,-10,-17,-10,-17,-9,-17,-8,-18,-7,-17,-6,-18,-6,-18,-7,-18,-7,-18,-6,-18,-5,-18,-6,-18,-6,-18,-6,-18,-6,-18,-6,-18,-6,-18,-7,-18,-8,-18,-8,-18,-8,-18,-9,-5,-3,0,0,0,0,0,0,0,0,0,0,0,0,0,0,0,0,0,0,-6,-4,-22,-16,-22,-18,-22,-19,-22,-20,-21,-20,-21,-21,-21,-22,-21,-22,-20,-22,-20,-22,-19,-23,-19,-23,-19,-22,-19,-22,-19,-21,-19,-20,-19,-19,-19,-19,-20,-18,-20,-17,-20,-17,-20,-16,-19,-15,-19,-15,-19,-15,-19,-14]"
CSI_DATA,36394,d8:b1:90:db:e8:90,-55,11,1,7,0,0,1,0,0,0,1,-94,0,8,0,570080453,0,100,0,128,1,"[100,-64,5,0,13,-18,12,-17,11,-17,10,-16,10,-16,9,-16,9,-16,8,-17,8,-18,7,-17,6,-17,6,-18,6,-18,6,-17,6,-18,7,-18,7,-18,7,-18,7,-18,7,-18,7,-18,7,-17,8,-17,9,-17,10,-17,2,-5,0,0,0,0,0,0,0,0,0,0,0,0,0,0,0,0,0,0,4,-6,19,-21,20,-20,21,-20,22,-19,23,-18,23,-17,23,-18,24,-18,24,-17,24,-17,24,-16,24,-16,24,-16,23,-16,22,-16,21,-16,21,-16,20,-17,20,-17,19,-17,18,-18,17,-18,17,-17,16,-17,16,-17,15,-18]"
CSI_DATA,36395,d8:b1:90:db:e8:90,-55,11,1,7,0,0,1,0,0,0,1,-94,0,8,0,570094751,0,100,0,128,1,"[100,-64,5,0,11,-19,10,-19,10,-19,9,-19,8,-19,7,-19,6,-18,6,-18,5,-19,5,-18,4,-19,2,-19,2,-19,3,-19,3,-20,2,-20,2,-20,3,-20,3,-19,3,-19,3,-19,3,-19,4,-18,5,-19,6,-18,1,-5,0,0,0,0,0,0,0,0,0,0,0,0,0,0,0,0,0,0,3,-7,13,-26,14,-26,16,-25,16,-25,17,-25,18,-24,18,-24,19,-24,19,-23,20,-23,20,-22,20,-21,20,-21,20,-21,19,-21,19,-21,18,-21,18,-21,17,-21,15,-21,15,-21,14,-21,14,-21,14,-21,14,-21,14,-20]"
CSI_DATA,36396,d8:b1:90:db:e8:90,-56,11,1,7,0,0,1,0,0,0,1,-94,0,8,0,570104852,0,100,0,128,1,"[100,-64,5,0,-17,-13,-17,-12,-17,-11,-17,-11,-17,-11,-17,-10,-17,-9,-17,-7,-17,-7,-17,-6,-17,-6,-18,-5,-19,-4,-18,-4,-18,-3,-19,-4,-19,-3,-19,-4,-18,-4,-18,-4,-18,-4,-18,-5,-18,-5,-18,-5,-18,-6,-5,-2,0,0,0,0,0,0,0,0,0,0,0,0,0,0,0,0,0,0,-6,-4,-23,-15,-23,-16,-22,-17,-22,-17,-21,-18,-21,-19,-21,-20,-20,-21,-20,-21,-20,-21,-19,-21,-18,-21,-18,-20,-18,-20,-18,-20,-18,-19,-18,-19,-18,-19,-18,-18,-18,-17,-18,-16,-18,-16,-18,-15,-18,-15,-18,-14,-18,-14]"
CSI_DATA,36397,d8:b1:90:db:e8:90,-56,11,1,7,0,0,1,0,0,0,0,-94,0,8,0,570124122,0,100,0,128,1,"[100,-64,5,0,-14,15,-13,14,-13,14,-12,14,-12,14,-11,14,-10,14,-10,15,-10,15,-9,15,-8,15,-7,16,-7,17,-7,17,-7,17,-7,17,-7,18,-7,17,-7,17,-7,18,-6,17,-6,17,-6,17,-7,17,-8,17,-2,4,0,0,0,0,0,0,0,0,0,0,0,0,0,0,0,0,0,0,-5,5,-19,21,-20,20,-21,19,-22,18,-23,18,-23,17,-23,18,-23,18,-23,17,-23,17,-23,17,-23,17,-23,17,-22,16,-22,16,-22,16,-21,16,-21,16,-20,16,-19,15,-18,16,-17,16,-17,15,-17,15,-16,15,-16,15]"
CSI_DATA,36398,d8:b1:90:db:e8:90,-55,11,1,7,0,0,1,0,0,0,0,-94,0,8,0,570134384,0,100,0,128,1,"[100,-64,5,0,-21,-10,-20,-9,-20,-8,-19,-7,-19,-7,-19,-6,-19,-6,-19,-5,-18,-4,-18,-4,-18,-4,-19,-3,-19,-3,-19,-3,-19,-2,-19,-2,-19,-2,-19,-3,-18,-3,-19,-3,-19,-3,-19,-4,-18,-4,-18,-4,-19,-5,-5,-2,0,0,0,0,0,0,0,0,0,0,0,0,0,0,0,0,0,0,-7,-3,-27,-12,-27,-13,-26,-14,-25,-15,-25,-16,-25,-17,-24,-17,-24,-17,-24,-18,-23,-18,-23,-18,-23,-18,-23,-18,-23,-18,-23,-17,-22,-17,-22,-16,-22,-16,-22,-15,-22,-14,-22,-13,-22,-13,-22,-12,-22,-11,-22,-11,-22,-10]"
CSI_DATA,36399,d8:b1:90:db:e8:90,-55,11,1,7,0,0,1,0,0,0,0,-94,0,8,0,570145578,0,100,0,128,1,"[100,-64,5,0,-17,-15,-16,-14,-16,-13,-17,-13,-17,-12,-17,-12,-17,-11,-17,-10,-16,-9,-16,-9,-17,-9,-18,-9,-18,-8,-18,-8,-18,-8,-17,-7,-17,-7,-17,-7,-17,-7,-18,-7,-18,-8,-17,-8,-17,-8,-17,-9,-17,-9,-5,-3,0,0,0,0,0,0,0,0,0,0,0,0,0,0,0,0,0,0,-6,-5,-22,-19,-21,-20,-20,-21,-19,-22,-19,-23,-19,-23,-18,-23,-18,-24,-18,-25,-18,-25,-17,-25,-17,-24,-17,-24,-17,-24,-17,-23,-17,-22,-17,-21,-17,-21,-17,-21,-17,-20,-17,-19,-18,-19,-18,-18,-18,-17,-18,-17,-18,-16]"
CSI_DATA,36400,d8:b1:90:db:e8:90,-55,11,1,7,0,0,1,0,0,0,0,-94,0,8,0,570169995,0,100,0,128,1,"[100,-64,5,0,21,-7,20,-7,19,-7,19,-7,18,-7,17,-7,16,-8,16,-10,15,-11,15,-11,15,-11,15,-11,15,-11,15,-11,16,-11,16,-12,16,-12,16,-11,16,-11,16,-11,16,-11,16,-10,15,-9,11,-9,9,-8,2,-2,0,0,0,0,0,0,0,0,0,0,0,0,0,0,0,0,0,0,6,-3,27,-12,27,-10,27,-9,27,-7,28,-6,28,-6,29,-6,29,-6,30,-5,29,-5,29,-4,28,-3,28,-3,27,-3,27,-3,26,-3,26,-4,26,-4,25,-4,25,-5,24,-5,24,-5,24,-5,24,-5,23,-6,22,-6]"
CSI_DATA,36401,d8:b1:90:db:e8:90,-55,11,1,7,0,0,1,0,0,0,1,-94,0,8,0,570183742,0,100,0,128,1,"[100,-64,5,0,-14,-18,-14,-18,-14,-17,-14,-16,-14,-15,-14,-14,-14,-13,-15,-12,-15,-11,-15,-11,-15,-11,-16,-11,-16,-11,-16,-11,-16,-11,-16,-11,-16,-10,-16,-10,-16,-10,-16,-11,-16,-12,-16,-13,-14,-11,-12,-8,-11,-6,-3,-2,0,0,0,0,0,0,0,0,0,0,0,0,0,0,0,0,0,0,-6,-6,-20,-23,-18,-23,-17,-24,-17,-24,-16,-25,-16,-25,-16,-26,-16,-26,-16,-27,-15,-27,-14,-27,-13,-27,-13,-26,-13,-26,-13,-26,-12,-25,-13,-24,-13,-24,-14,-23,-14,-23,-15,-22,-15,-22,-14,-22,-14,-21,-14,-21,-14,-20]"
CSI_DATA,36402,d8:b1:90:db:e8:90,-56,11,1,7,0,0,1,0,0,0,1,-94,0,8,0,570194910,0,100,0,128,1,"[100,-64,5,0,14,-16,14,-15,13,-15,12,-16,11,-16,11,-15,10,-16,9,-16,9,-16,8,-16,7,-16,7,-17,7,-17,8,-17,8,-17,7,-17,7,-18,8,-17,8,-17,7,-17,7,-17,7,-17,7,-16,9,-16,10,-16,2,-4,0,0,0,0,0,0,0,0,0,0,0,0,0,0,0,0,0,0,4,-6,19,-22,20,-21,21,-20,21,-19,22,-18,22,-18,22,-19,23,-18,23,-18,23,-17,23,-17,23,-17,23,-17,23,-16,22,-16,21,-16,21,-16,21,-16,20,-16,20,-16,19,-16,18,-17,17,-17,16,-16,16,-17,16,-18]"
CSI_DATA,36403,d8:b1:90:db:e8:90,-56,11,1,7,0,0,1,0,0,0,1,-94,0,8,0,570206481,0,100,0,128,1,"[100,-64,5,0,-13,20,-13,19,-12,18,-11,17,-10,16,-8,15,-6,14,-5,14,-3,13,-1,13,2,14,5,14,6,15,6,16,7,17,8,19,7,21,6,22,5,22,4,22,3,21,2,20,1,18,0,17,0,16,0,4,0,0,0,0,0,0,0,0,0,0,0,0,0,0,0,0,0,0,-5,4,-18,19,-19,18,-20,18,-22,18,-23,19,-25,19,-27,19,-28,19,-28,18,-28,16,-28,14,-26,13,-25,13,-23,12,-22,11,-20,10,-18,11,-16,13,-15,15,-13,17,-12,18,-12,19,-12,21,-12,22,-13,23,-13,23]"
CSI_DATA,36404,d8:b1:90:db:e8:90,-55,11,1,7,0,0,1,0,0,0,1,-94,0,8,0,570217133,0,100,0,128,1,"[100,-64,5,0,-13,16,-12,16,-11,16,-10,17,-9,16,-8,16,-8,16,-7,17,-7,16,-6,16,-5,16,-3,17,-3,17,-3,18,-3,18,-2,18,-3,18,-3,18,-4,17,-3,17,-3,16,-3,16,-4,17,-5,17,-6,17,-2,4,0,0,0,0,0,0,0,0,0,0,0,0,0,0,0,0,0,0,-5,6,-18,24,-20,22,-21,20,-22,19,-23,18,-23,18,-24,19,-24,19,-23,19,-24,18,-24,18,-23,17,-23,17,-23,17,-22,16,-21,16,-21,17,-21,16,-20,17,-20,17,-19,17,-18,17,-18,17,-17,17,-16,17,-16,17]"
CSI_DATA,36405,d8:b1:90:db:e8:90,-56,11,1,7,0,0,1,0,0,0,1,-94,0,8,0,570228504,0,100,0,128,1,"[100,-64,5,0,-4,20,-4,19,-4,18,-3,18,-2,18,-1,17,-1,17,0,17,0,17,1,17,2,17,4,18,4,18,4,17,4,17,4,18,4,18,4,18,4,17,4,17,4,18,4,18,4,18,2,18,2,18,0,4,0,0,0,0,0,0,0,0,0,0,0,0,0,0,0,0,0,0,-2,7,-6,29,-7,28,-9,27,-10,26,-11,26,-11,26,-11,26,-12,26,-12,26,-12,26,-13,26,-13,25,-12,24,-12,24,-12,23,-12,22,-11,22,-11,22,-10,22,-9,22,-8,22,-8,22,-7,22,-7,22,-7,21,-6,21]"
CSI_DATA,36406,d8:b1:90:db:e8:90,-55,11,1,7,0,0,1,0,0,0,1,-94,0,8,0,570240096,0,100,0,128,1,"[100,-64,5,0,-8,20,-7,20,-6,19,-6,20,-5,20,-4,19,-3,19,-3,18,-2,18,-2,17,-1,17,-1,18,0,19,-1,19,0,19,0,19,0,18,-1,18,-1,18,0,18,0,18,0,18,-1,18,-2,18,-3,18,-1,4,0,0,0,0,0,0,0,0,0,0,0,0,0,0,0,0,0,0,-3,6,-12,26,-15,26,-16,24,-17,23,-18,23,-18,23,-19,23,-19,23,-19,22,-19,22,-19,22,-19,22,-18,22,-18,22,-17,22,-16,22,-16,22,-15,22,-14,22,-13,21,-12,21,-12,21,-12,22,-11,22,-10,22,-10,21]"
CSI_DATA,36407,d8:b1:90:db:e8:90,-56,11,1,7,0,0,1,0,0,0,1,-94,0,8,0,570271826,0,100,0,128,1,"[100,-64,5,0,13,16,13,15,13,14,14,14,14,14,14,13,14,12,14,11,14,10,14,10,15,10,15,10,16,10,16,10,16,10,16,10,16,9,15,9,15,9,15,9,15,10,15,10,15,11,15,11,14,12,3,3,0,0,0,0,0,0,0,0,0,0,0,0,0,0,0,0,0,0,4,5,18,21,17,22,15,23,14,24,13,24,13,25,12,25,12,25,12,26,12,25,11,25,11,25,11,25,11,24,11,24,11,23,12,22,12,21,12,21,12,20,13,19,13,19,14,19,14,19,14,18,14,17]"
CSI_DATA,36408,d8:b1:90:db:e8:90,-55,11,1,7,0,0,1,0,0,0,1,-94,0,8,0,570282689,0,100,0,128,1,"[100,-64,5,0,22,4,21,4,20,3,20,3,20,3,19,3,19,2,19,1,18,0,18,0,18,0,18,-1,19,-1,19,-2,19,-2,19,-1,18,-1,18,-1,18,-1,18,0,18,0,18,1,18,1,18,1,18,1,4,0,0,0,0,0,0,0,0,0,0,0,0,0,0,0,0,0,0,0,7,1,28,7,28,8,27,10,26,12,26,12,27,13,26,13,26,14,26,14,26,15,26,14,26,14,26,14,25,14,25,13,24,12,24,11,24,11,24,11,24,10,24,9,23,9,23,8,23,7,23,7,23,6]"
CSI_DATA,36409,d8:b1:90:db:e8:90,-55,11,1,7,0,0,1,0,0,0,1,-94,0,8,0,570292870,0,100,0,128,1,"[100,-64,5,0,21,1,21,0,20,0,20,0,19,0,19,0,18,-1,18,-2,18,-3,18,-3,18,-3,18,-4,18,-4,18,-5,18,-5,18,-4,18,-4,18,-4,18,-4,18,-3,18,-3,17,-2,18,-2,18,-2,18,-1,4,-1,0,0,0,0,0,0,0,0,0,0,0,0,0,0,0,0,0,0,7,0,28,3,28,4,28,6,27,8,27,9,27,9,27,9,28,9,28,10,27,11,27,11,27,11,26,11,26,10,25,9,25,8,25,8,25,7,25,7,24,7,24,6,24,5,23,4,23,4,22,3,23,2]"
CSI_DATA,36410,d8:b1:90:db:e8:90,-55,11,1,7,0,0,1,0,0,0,1,-94,0,8,0,570306696,0,100,0,128,1,"[100,-64,5,0,17,-13,17,-12,16,-12,15,-12,14,-12,14,-13,13,-13,14,-13,14,-13,13,-13,12,-13,12,-13,12,-14,12,-14,12,-14,12,-14,12,-15,12,-15,12,-14,12,-14,12,-14,12,-13,12,-13,13,-13,14,-12,3,-3,0,0,0,0,0,0,0,0,0,0,0,0,0,0,0,0,0,0,5,-5,23,-17,24,-16,25,-15,25,-14,26,-13,26,-13,26,-13,27,-12,27,-12,27,-11,27,-11,26,-11,26,-11,26,-11,25,-11,25,-11,24,-12,23,-12,22,-12,21,-12,21,-12,21,-12,21,-13,21,-13,20,-13,20,-14]"
CSI_DATA,36411,d8:b1:90:db:e8:90,-55,11,1,7,0,0,1,0,0,0,1,-94,0,8,0,570316815,0,100,0,128,1,"[100,-64,5,0,13,16,13,15,14,14,15,13,15,12,15,11,15,10,14,9,14,9,14,9,15,8,15,8,16,8,15,8,16,8,16,8,16,8,16,7,15,7,15,7,15,8,15,9,15,9,15,9,14,10,3,2,0,0,0,0,0,0,0,0,0,0,0,0,0,0,0,0,0,0,5,5,19,20,18,21,16,22,16,23,16,23,15,24,14,24,14,24,13,24,14,24,14,25,14,25,14,25,14,25,13,24,13,24,13,23,13,22,12,22,13,21,13,20,14,19,14,19,14,19,14,18,14,18]"
CSI_DATA,36412,d8:b1:90:db:e8:90,-56,11,1,7,0,0,1,0,0,0,1,-94,0,8,0,570336516,0,100,0,128,1,"[100,-64,5,0,0,-23,0,-22,-1,-21,-3,-20,-4,-20,-4,-19,-5,-18,-5,-18,-5,-18,-5,-17,-6,-17,-6,-18,-7,-18,-6,-17,-7,-18,-7,-18,-7,-18,-7,-18,-6,-18,-7,-17,-7,-18,-7,-18,-6,-18,-5,-18,-5,-18,-1,-5,0,0,0,0,0,0,0,0,0,0,0,0,0,0,0,0,0,0,-1,-8,0,-29,1,-29,2,-28,4,-28,5,-28,5,-28,6,-28,6,-28,6,-28,7,-28,7,-29,7,-29,7,-28,6,-27,6,-27,6,-27,6,-26,5,-26,5,-25,4,-25,3,-25,2,-25,2,-25,2,-25,2,-24,2,-24]"
CSI_DATA,36413,d8:b1:90:db:e8:90,-56,11,1,7,0,0,1,0,0,0,1,-94,0,8,0,570347544,0,100,0,128,1,"[100,-64,5,0,14,15,13,15,13,14,13,14,14,14,13,13,13,12,13,12,13,11,13,11,14,11,14,10,14,10,14,9,15,9,15,9,15,9,15,9,15,9,15,10,15,10,15,10,15,10,15,10,15,11,3,2,0,0,0,0,0,0,0,0,0,0,0,0,0,0,0,0,0,0,5,4,20,19,19,20,18,21,17,22,16,22,16,23,16,23,15,24,15,24,15,24,16,24,16,24,15,24,15,23,14,22,14,21,14,20,14,20,14,19,14,19,15,18,15,18,15,17,15,17,15,17,15,16]"
CSI_DATA,36414,d8:b1:90:db:e8:90,-55,11,1,7,0,0,1,0,0,0,1,-94,0,8,0,570373506,0,100,0,128,1,"[100,-64,5,0,13,15,13,14,13,13,14,13,14,12,14,11,14,10,14,9,13,9,14,8,14,8,14,7,15,7,15,6,15,6,15,7,15,6,14,6,14,6,14,7,13,7,13,8,12,7,10,7,9,7,2,1,0,0,0,0,0,0,0,0,0,0,0,0,0,0,0,0,0,0,4,4,18,18,17,20,16,21,15,22,14,22,14,23,14,23,14,23,14,24,13,24,13,24,12,24,12,23,12,23,12,22,12,21,12,21,12,21,13,20,14,20,14,19,14,19,14,18,14,18,14,17,14,17]"
CSI_DATA,36415,d8:b1:90:db:e8:90,-56,11,1,7,0,0,1,0,0,0,1,-94,0,8,0,570385028,0,100,0,128,1,"[100,-64,5,0,7,19,7,18,7,17,8,16,8,15,8,15,8,14,8,14,9,14,9,13,10,13,11,13,12,13,11,12,11,12,12,12,11,12,11,12,11,12,11,12,11,13,11,13,10,13,10,13,9,13,2,3,0,0,0,0,0,0,0,0,0,0,0,0,0,0,0,0,0,0,3,5,12,23,11,23,11,23,11,24,10,25,10,25,10,25,9,26,8,27,8,27,8,27,8,27,7,27,7,27,7,26,6,25,6,24,6,23,7,22,8,22,8,21,8,21,8,21,8,21,8,20,8,20]"
CSI_DATA,36416,d8:b1:90:db:e8:90,-55,11,1,7,0,0,1,0,0,0,1,-94,0,8,0,570396260,0,100,0,128,1,"[100,-64,5,0,-2,22,-2,21,-1,20,0,20,1,19,1,18,1,18,1,17,1,17,2,17,3,17,4,18,5,18,4,17,5,17,5,17,4,17,3,17,3,17,4,17,4,17,4,17,3,17,2,17,1,17,0,4,0,0,0,0,0,0,0,0,0,0,0,0,0,0,0,0,0,0,0,7,0,28,-1,27,-1,27,-2,27,-3,27,-4,28,-4,29,-5,29,-5,29,-6,29,-6,29,-7,29,-8,29,-8,28,-7,27,-7,27,-7,26,-6,25,-5,24,-4,25,-3,25,-3,24,-3,24,-3,23,-3,23,-3,23]"
CSI_DATA,36417,d8:b1:90:db:e8:90,-57,11,1,7,0,0,1,0,0,0,1,-94,0,8,0,570408077,0,100,0,128,1,"[100,-64,5,0,-17,-14,-16,-13,-16,-12,-16,-11,-16,-10,-16,-10,-15,-9,-16,-8,-16,-8,-16,-8,-16,-7,-17,-7,-18,-6,-18,-5,-18,-5,-18,-5,-18,-5,-18,-5,-18,-5,-18,-5,-18,-6,-18,-6,-18,-6,-18,-6,-18,-7,-5,-2,0,0,0,0,0,0,0,0,0,0,0,0,0,0,0,0,0,0,-6,-5,-22,-17,-21,-18,-20,-18,-19,-19,-19,-19,-20,-19,-20,-20,-20,-21,-19,-22,-19,-22,-19,-22,-19,-22,-19,-21,-18,-21,-18,-21,-17,-20,-17,-19,-17,-19,-17,-18,-18,-17,-18,-16,-18,-16,-17,-15,-17,-15,-17,-15,-17,-15]"
CSI_DATA,36418,d8:b1:90:db:e8:90,-56,11,1,7,0,0,1,0,0,0,1,-94,0,8,0,570430347,0,100,0,128,1,"[100,-64,5,0,-15,15,-14,15,-14,15,-13,14,-12,13,-12,13,-11,13,-12,14,-12,14,-11,14,-10,14,-9,15,-9,16,-10,16,-10,16,-10,16,-10,16,-10,16,-10,16,-10,16,-10,16,-10,15,-11,15,-12,15,-13,14,-4,3,0,0,0,0,0,0,0,0,0,0,0,0,0,0,0,0,0,0,-6,5,-21,19,-21,17,-22,16,-23,15,-23,14,-24,14,-24,14,-25,15,-25,15,-26,14,-26,13,-25,13,-25,13,-24,13,-23,13,-23,13,-22,13,-21,13,-21,13,-20,13,-19,14,-18,14,-17,14,-17,14,-16,14,-16,16]"
CSI_DATA,36419,d8:b1:90:db:e8:90,-55,11,1,7,0,0,1,0,0,0,1,-94,0,8,0,570446499,0,100,0,128,1,"[100,-64,5,0,-3,-22,-3,-21,-3,-21,-4,-20,-5,-20,-5,-19,-5,-19,-5,-19,-5,-19,-6,-18,-7,-18,-7,-19,-8,-19,-7,-19,-7,-18,-8,-18,-7,-18,-7,-18,-6,-18,-7,-18,-7,-18,-7,-18,-6,-18,-6,-18,-5,-19,-2,-5,0,0,0,0,0,0,0,0,0,0,0,0,0,0,0,0,0,0,-1,-8,-2,-29,-1,-28,1,-28,2,-29,3,-29,4,-29,4,-29,5,-29,5,-29,5,-29,6,-29,6,-28,5,-28,5,-28,5,-27,4,-27,4,-27,3,-26,2,-26,1,-25,1,-25,0,-25,-1,-24,-2,-24,-2,-24,-2,-24]"
CSI_DATA,36420,d8:b1:90:db:e8:90,-56,11,1,7,0,0,1,0,0,0,1,-94,0,8,0,570471865,0,100,0,128,1,"[100,-64,5,0,-2,21,-2,21,-1,20,0,20,1,19,1,18,2,17,3,17,3,17,4,17,4,17,5,16,5,16,5,16,5,16,5,16,4,16,4,16,4,15,4,15,4,15,4,15,3,16,2,16,1,16,0,4,0,0,0,0,0,0,0,0,0,0,0,0,0,0,0,0,0,0,-1,6,-1,27,-3,27,-4,27,-5,26,-6,26,-6,27,-7,27,-7,28,-8,28,-8,28,-8,27,-7,26,-7,25,-7,25,-8,25,-7,25,-7,24,-7,24,-5,24,-4,24,-4,23,-4,23,-3,23,-3,23,-3,22,-3,22]"
CSI_DATA,36421,d8:b1:90:db:e8:90,-55,11,1,7,0,0,1,0,0,0,1,-94,0,8,0,570482794,0,100,0,128,1,"[100,-64,5,0,20,-8,20,-8,19,-8,19,-8,18,-9,17,-9,17,-9,16,-10,15,-11,15,-11,14,-11,14,-11,15,-12,15,-12,15,-12,15,-12,15,-12,15,-12,15,-11,15,-12,14,-12,14,-11,14,-11,15,-11,16,-10,4,-3,0,0,0,0,0,0,0,0,0,0,0,0,0,0,0,0,0,0,6,-3,26,-10,26,-9,26,-7,27,-6,27,-5,27,-5,27,-4,27,-3,28,-3,28,-3,28,-3,28,-3,28,-3,28,-2,27,-3,26,-3,26,-3,26,-4,25,-4,24,-5,23,-5,24,-6,23,-6,23,-7,22,-7,22,-7]"
CSI_DATA,36422,d8:b1:90:db:e8:90,-55,11,1,7,0,0,1,0,0,0,1,-94,0,8,0,570494430,0,100,0,128,1,"[100,-64,5,0,8,18,8,17,9,16,9,16,10,15,10,15,10,14,10,13,10,12,10,12,11,12,11,12,11,12,11,12,11,12,11,12,10,11,10,11,10,11,11,11,11,11,10,12,10,12,10,12,9,13,2,3,0,0,0,0,0,0,0,0,0,0,0,0,0,0,0,0,0,0,3,5,11,22,10,22,9,23,8,24,7,24,7,24,8,23,7,23,6,25,6,25,5,25,4,25,4,25,4,24,5,23,5,24,5,23,5,22,6,22,7,22,7,21,8,21,8,20,8,20,8,19,8,19]"
CSI_DATA,36423,d8:b1:90:db:e8:90,-57,11,1,7,0,0,1,0,0,0,1,-94,0,8,0,570506675,0,100,0,128,1,"[100,-64,5,0,-2,20,-2,20,-2,19,-1,19,0,19,0,18,0,17,0,17,0,17,1,17,1,17,2,18,2,18,2,18,2,18,2,18,2,18,1,17,1,17,1,17,1,18,1,18,0,17,0,17,-1,17,-1,4,0,0,0,0,0,0,0,0,0,0,0,0,0,0,0,0,0,0,-1,6,-2,26,-4,26,-5,26,-6,26,-7,25,-7,26,-7,26,-8,26,-8,26,-8,26,-8,25,-8,25,-8,24,-8,24,-8,24,-8,24,-7,23,-7,23,-6,23,-5,23,-5,23,-4,23,-4,22,-4,22,-3,22,-3,21]"
CSI_DATA,36424,d8:b1:90:db:e8:90,-56,11,1,7,0,0,1,0,0,0,1,-94,0,8,0,570528311,0,100,0,128,1,"[100,-64,5,0,-22,-1,-22,-1,-21,-1,-20,-1,-20,-1,-19,0,-18,0,-18,1,-18,2,-18,2,-18,2,-18,3,-19,3,-19,4,-19,4,-19,4,-19,5,-19,4,-18,4,-18,4,-18,3,-18,3,-18,3,-19,3,-19,2,-5,0,0,0,0,0,0,0,0,0,0,0,0,0,0,0,0,0,0,0,-7,0,-28,2,-28,1,-28,0,-29,-2,-29,-2,-29,-3,-29,-4,-29,-5,-29,-6,-29,-6,-28,-6,-27,-6,-26,-6,-27,-6,-27,-5,-27,-4,-26,-4,-26,-4,-26,-3,-25,-2,-25,-2,-24,-2,-24,-1,-23,-1,-23,0,-23,0]"
CSI_DATA,36425,d8:b1:90:db:e8:90,-56,11,1,7,0,0,1,0,0,0,1,-94,0,8,0,570546422,0,100,0,128,1,"[100,-64,5,0,17,7,16,7,16,6,16,5,16,5,15,5,15,4,15,3,15,3,15,3,15,3,15,3,16,3,16,2,16,3,16,3,16,3,15,2,15,2,15,2,15,3,15,3,15,4,15,4,15,5,3,1,0,0,0,0,0,0,0,0,0,0,0,0,0,0,0,0,0,0,5,1,22,7,22,8,21,9,20,10,20,11,21,11,21,11,21,11,21,12,20,12,20,12,20,13,20,13,19,12,18,12,18,12,18,11,18,11,18,10,18,10,18,9,18,9,18,9,18,9,18,8,18,7]"
CSI_DATA,36426,d8:b1:90:db:e8:90,-55,11,1,7,0,0,1,0,0,0,1,-94,0,8,0,570568976,0,100,0,128,1,"[100,-64,5,0,-2,-23,-2,-22,-2,-22,-3,-21,-3,-21,-4,-20,-4,-19,-5,-19,-5,-19,-5,-19,-6,-19,-7,-19,-8,-19,-7,-18,-7,-19,-8,-19,-8,-19,-8,-19,-8,-19,-7,-19,-7,-19,-7,-18,-7,-18,-6,-19,-6,-19,-2,-5,0,0,0,0,0,0,0,0,0,0,0,0,0,0,0,0,0,0,-1,-8,-2,-29,0,-29,2,-29,3,-29,4,-29,5,-30,5,-30,5,-30,6,-29,6,-29,7,-30,6,-29,6,-29,5,-28,5,-28,4,-28,4,-28,4,-27,3,-26,2,-26,1,-25,1,-25,1,-25,1,-24,0,-24,0,-24]"
CSI_DATA,36427,d8:b1:90:db:e8:90,-57,11,1,7,0,0,1,0,0,0,1,-94,0,8,0,570586390,0,100,0,128,1,"[100,-64,5,0,18,8,17,8,17,7,17,7,17,6,17,6,17,5,17,4,17,4,17,4,17,4,17,3,17,3,18,2,18,2,18,2,18,2,18,1,18,2,18,2,17,3,17,4,17,4,17,4,17,5,4,1,0,0,0,0,0,0,0,0,0,0,0,0,0,0,0,0,0,0,6,2,24,9,24,10,22,11,22,12,22,13,22,14,22,15,22,15,22,16,21,16,21,16,21,15,20,15,20,15,20,15,20,14,19,14,19,13,19,12,19,12,19,11,19,11,18,10,18,10,18,10,19,9]"
CSI_DATA,36428,d8:b1:90:db:e8:90,-55,11,1,7,0,0,1,0,0,0,1,-94,0,8,0,570598860,0,100,0,128,1,"[100,-64,5,0,-9,18,-8,17,-8,17,-8,17,-7,16,-7,16,-6,16,-5,16,-5,16,-4,16,-4,16,-3,16,-3,17,-4,17,-3,17,-3,17,-3,17,-4,17,-4,16,-4,16,-4,16,-4,16,-4,16,-5,16,-6,15,-2,3,0,0,0,0,0,0,0,0,0,0,0,0,0,0,0,0,0,0,-4,5,-13,22,-14,21,-15,20,-15,20,-15,20,-16,20,-17,19,-17,19,-19,19,-19,19,-18,20,-17,19,-16,19,-16,18,-17,18,-17,18,-17,18,-15,18,-14,18,-13,17,-13,18,-13,18,-12,19,-11,19,-10,18,-10,18]"
CSI_DATA,36429,d8:b1:90:db:e8:90,-56,11,1,7,0,0,1,0,0,0,1,-94,0,8,0,570609436,0,100,0,128,1,"[100,-64,5,0,-5,21,-4,20,-4,20,-3,19,-2,18,-2,18,-1,18,-2,18,-2,18,-1,18,0,18,1,18,1,18,0,18,0,18,1,19,1,19,0,19,0,19,0,19,1,19,1,19,0,18,-1,18,-2,18,-1,4,0,0,0,0,0,0,0,0,0,0,0,0,0,0,0,0,0,0,-2,7,-7,27,-8,27,-9,26,-9,25,-11,24,-12,24,-12,24,-12,25,-12,24,-11,24,-11,24,-10,24,-10,24,-10,24,-11,24,-10,24,-10,23,-9,22,-9,23,-8,22,-7,22,-6,22,-6,22,-6,21,-5,21,-6,21]"
CSI_DATA,36430,d8:b1:90:db:e8:90,-57,11,1,7,0,0,1,0,0,0,1,-94,0,8,0,570627124,0,100,0,128,1,"[100,-64,5,0,8,19,8,18,8,17,9,16,9,16,9,15,9,15,9,15,9,15,9,14,9,14,10,15,10,14,10,14,11,14,11,14,11,14,11,14,10,14,10,15,10,15,10,15,10,15,9,15,8,15,2,3,0,0,0,0,0,0,0,0,0,0,0,0,0,0,0,0,0,0,3,5,12,22,11,23,10,24,9,24,8,24,8,25,8,25,8,25,7,25,7,25,7,26,7,25,6,25,6,24,6,24,7,23,7,22,7,22,7,22,8,21,8,21,8,21,8,20,8,19,9,19,9,19]"
CSI_DATA,36431,d8:b1:90:db:e8:90,-56,11,1,7,0,0,1,0,0,0,1,-94,0,8,0,570646323,0,100,0,128,1,"[100,-64,5,0,16,-15,15,-15,14,-14,13,-14,13,-14,12,-14,11,-15,10,-16,9,-16,9,-16,9,-16,9,-17,9,-17,10,-17,10,-17,9,-18,10,-18,10,-18,10,-18,10,-17,10,-17,9,-16,10,-16,11,-16,12,-16,3,-4,0,0,0,0,0,0,0,0,0,0,0,0,0,0,0,0,0,0,5,-5,21,-17,21,-16,22,-15,23,-14,23,-14,24,-13,24,-13,25,-12,25,-12,25,-12,24,-12,24,-12,24,-11,24,-11,23,-11,22,-12,22,-12,22,-12,21,-13,20,-13,20,-13,19,-13,19,-13,18,-13,18,-14,18,-14]"
CSI_DATA,36432,d8:b1:90:db:e8:90,-55,11,1,7,0,0,1,0,0,0,1,-94,0,8,0,570656557,0,100,0,128,1,"[100,-64,5,0,-14,18,-13,17,-12,17,-11,17,-11,17,-10,17,-10,17,-9,17,-10,17,-9,17,-8,17,-6,18,-6,18,-6,18,-6,18,-6,19,-7,19,-7,18,-7,18,-7,18,-7,18,-7,18,-8,17,-9,17,-10,17,-3,4,0,0,0,0,0,0,0,0,0,0,0,0,0,0,0,0,0,0,-5,6,-17,23,-18,23,-19,21,-19,21,-20,20,-21,20,-21,20,-21,20,-22,19,-22,19,-22,19,-22,19,-22,19,-22,18,-21,18,-21,18,-20,18,-20,18,-19,18,-18,18,-18,18,-17,18,-17,19,-16,19,-16,18,-16,19]"
CSI_DATA,36433,d8:b1:90:db:e8:90,-55,11,1,7,0,0,1,0,0,0,1,-94,0,8,0,570683106,0,100,0,128,1,"[100,-64,5,0,-12,-19,-12,-18,-11,-17,-11,-17,-11,-17,-11,-16,-12,-15,-12,-15,-12,-15,-12,-14,-13,-15,-14,-15,-14,-14,-14,-14,-14,-14,-15,-14,-14,-13,-14,-13,-14,-13,-15,-13,-15,-14,-14,-14,-14,-14,-14,-15,-14,-15,-4,-4,0,0,0,0,0,0,0,0,0,0,0,0,0,0,0,0,0,0,-4,-6,-16,-25,-15,-25,-13,-26,-12,-26,-12,-27,-11,-27,-11,-28,-11,-28,-10,-28,-10,-28,-10,-28,-10,-28,-9,-27,-9,-27,-9,-26,-9,-26,-9,-25,-10,-25,-11,-24,-12,-23,-12,-22,-12,-22,-12,-21,-12,-20,-12,-20,-12,-20]"
CSI_DATA,36434,d8:b1:90:db:e8:90,-55,11,1,7,0,0,1,0,0,0,1,-94,0,8,0,570697403,0,100,0,128,1,"[100,-64,5,0,-16,-16,-15,-15,-16,-14,-16,-13,-17,-13,-16,-12,-16,-11,-16,-10,-16,-9,-16,-9,-17,-9,-18,-9,-18,-8,-18,-8,-18,-8,-18,-8,-18,-8,-18,-8,-17,-9,-17,-9,-17,-10,-16,-10,-16,-10,-17,-11,-16,-11,-4,-3,0,0,0,0,0,0,0,0,0,0,0,0,0,0,0,0,0,0,-6,-6,-21,-21,-20,-23,-18,-24,-17,-25,-16,-25,-16,-26,-15,-26,-15,-26,-14,-27,-14,-27,-14,-26,-14,-26,-14,-25,-14,-25,-14,-25,-14,-25,-14,-24,-15,-23,-15,-23,-15,-22,-15,-21,-15,-20,-16,-19,-16,-18,-16,-18,-16,-17]"
CSI_DATA,36435,d8:b1:90:db:e8:90,-57,11,1,7,0,0,1,0,0,0,1,-94,0,8,0,570708423,0,100,0,128,1,"[100,-64,5,0,5,-19,5,-19,4,-18,4,-18,3,-18,3,-18,2,-18,2,-18,2,-18,1,-18,0,-18,-1,-18,-1,-19,-1,-19,-1,-19,-1,-19,-1,-19,-1,-18,0,-18,0,-19,0,-19,0,-19,0,-19,1,-19,2,-19,0,-5,0,0,0,0,0,0,0,0,0,0,0,0,0,0,0,0,0,0,1,-7,8,-26,9,-25,10,-24,10,-24,11,-23,11,-23,10,-23,10,-23,10,-23,10,-23,9,-24,9,-25,8,-24,9,-23,10,-22,11,-22,10,-21,10,-21,10,-21,10,-21,9,-21,9,-21,8,-21,8,-20,8,-20,7,-20]"
CSI_DATA,36436,d8:b1:90:db:e8:90,-57,11,1,7,0,0,1,0,0,0,1,-94,0,8,0,570726371,0,100,0,128,1,"[100,-64,5,0,7,-18,7,-18,7,-17,6,-17,5,-17,5,-16,4,-16,4,-17,4,-17,3,-17,2,-17,1,-18,1,-18,2,-18,2,-18,1,-18,1,-18,2,-18,2,-18,2,-18,2,-18,2,-18,3,-18,3,-18,4,-18,1,-5,0,0,0,0,0,0,0,0,0,0,0,0,0,0,0,0,0,0,2,-7,11,-24,11,-23,12,-23,12,-22,14,-21,13,-21,12,-21,12,-22,12,-22,12,-22,11,-23,11,-24,11,-23,11,-22,12,-21,13,-20,12,-20,12,-20,12,-20,12,-20,11,-19,11,-19,10,-19,9,-19,9,-19,9,-19]"
CSI_DATA,36437,d8:b1:90:db:e8:90,-56,11,1,7,0,0,1,0,0,0,1,-94,0,8,0,570736759,0,100,0,128,1,"[100,-64,5,0,-21,-3,-21,-3,-20,-3,-20,-2,-19,-2,-18,-1,-18,-1,-18,0,-18,0,-17,0,-18,0,-18,1,-19,2,-19,3,-19,3,-19,3,-19,4,-19,4,-19,4,-19,4,-19,3,-19,2,-19,2,-19,2,-19,1,-5,0,0,0,0,0,0,0,0,0,0,0,0,0,0,0,0,0,0,0,-8,-1,-29,-3,-29,-5,-28,-7,-27,-8,-27,-8,-28,-9,-28,-10,-28,-10,-28,-11,-28,-11,-28,-11,-27,-11,-27,-11,-26,-10,-25,-10,-25,-9,-25,-8,-25,-8,-25,-8,-24,-7,-24,-6,-23,-6,-23,-5,-23,-5,-22,-5,-22,-3]"
CSI_DATA,36438,d8:b1:90:db:e8:90,-55,11,1,7,0,0,1,0,0,0,1,-94,0,8,0,570756488,0,100,0,128,1,"[100,-64,5,0,6,-19,6,-19,6,-18,5,-18,5,-18,4,-17,4,-17,3,-18,3,-18,2,-18,1,-18,1,-19,0,-19,1,-19,1,-19,0,-19,0,-19,1,-19,1,-19,1,-19,1,-19,1,-19,1,-19,2,-19,3,-20,1,-5,0,0,0,0,0,0,0,0,0,0,0,0,0,0,0,0,0,0,2,-7,10,-28,12,-27,13,-27,14,-26,15,-26,16,-25,16,-25,17,-25,17,-25,17,-25,17,-24,17,-24,16,-23,16,-23,15,-23,15,-22,14,-22,13,-22,12,-22,11,-22,10,-21,10,-21,10,-21,9,-21,9,-21,8,-21]"
CSI_DATA,36439,d8:b1:90:db:e8:90,-56,11,1,7,0,0,1,0,0,0,1,-94,0,8,0,570775873,0,100,0,128,1,"[100,-64,5,0,-7,-19,-7,-18,-7,-17,-7,-16,-8,-15,-8,-14,-9,-14,-9,-14,-9,-14,-9,-13,-10,-13,-12,-13,-12,-13,-12,-12,-12,-12,-12,-13,-12,-13,-12,-12,-12,-12,-12,-13,-12,-13,-12,-14,-11,-13,-10,-13,-10,-13,-3,-4,0,0,0,0,0,0,0,0,0,0,0,0,0,0,0,0,0,0,-3,-7,-8,-27,-6,-27,-4,-26,-4,-27,-3,-27,-1,-27,-1,-27,-2,-28,-1,-28,0,-27,0,-26,0,-26,-1,-26,0,-25,-1,-25,-1,-24,-2,-24,-2,-23,-2,-23,-3,-22,-4,-22,-4,-22,-5,-21,-5,-21,-5,-20,-6,-20]"
CSI_DATA,36440,d8:b1:90:db:e8:90,-55,11,1,7,0,0,1,0,0,0,1,-94,0,8,0,570789940,0,100,0,128,1,"[100,-64,5,0,-6,19,-6,18,-5,18,-4,17,-3,17,-2,16,-2,16,-2,17,-2,17,-1,17,0,17,1,18,2,18,1,18,2,18,2,18,2,19,2,18,2,18,2,19,2,19,2,19,2,19,1,18,0,18,-1,4,0,0,0,0,0,0,0,0,0,0,0,0,0,0,0,0,0,0,-3,7,-9,29,-11,28,-12,26,-13,26,-14,25,-15,25,-15,25,-15,25,-16,24,-16,24,-16,24,-16,23,-15,23,-15,23,-15,23,-14,22,-13,22,-13,21,-12,21,-11,21,-10,21,-9,21,-9,21,-8,20,-7,20,-7,20]"
CSI_DATA,36441,d8:b1:90:db:e8:90,-56,11,1,7,0,0,1,0,0,0,1,-94,0,8,0,570801296,0,100,0,128,1,"[100,-64,5,0,3,-18,3,-17,2,-17,1,-17,1,-16,0,-16,0,-16,-1,-17,-1,-17,-2,-17,-3,-17,-3,-17,-3,-17,-3,-17,-3,-17,-3,-18,-3,-18,-3,-18,-2,-18,-3,-18,-3,-18,-2,-18,-2,-18,-1,-18,-1,-18,-1,-5,0,0,0,0,0,0,0,0,0,0,0,0,0,0,0,0,0,0,1,-7,8,-26,9,-25,10,-24,11,-24,12,-23,13,-23,13,-23,13,-22,13,-22,14,-22,14,-22,13,-22,13,-22,13,-21,12,-21,11,-21,10,-21,10,-21,9,-20,8,-20,7,-20,7,-19,6,-19,5,-19,5,-19,6,-20]"
CSI_DATA,36442,d8:b1:90:db:e8:90,-56,11,1,7,0,0,1,0,0,0,1,-94,0,8,0,570812458,0,100,0,128,1,"[100,-64,5,0,14,-15,13,-14,12,-14,11,-14,11,-14,10,-14,10,-15,9,-16,9,-16,8,-16,7,-16,6,-17,6,-17,7,-18,7,-18,7,-18,7,-19,8,-19,8,-18,8,-18,8,-18,8,-18,8,-18,9,-18,10,-18,2,-5,0,0,0,0,0,0,0,0,0,0,0,0,0,0,0,0,0,0,5,-6,20,-21,21,-20,22,-19,23,-18,23,-17,24,-16,25,-16,25,-16,26,-16,25,-15,25,-15,25,-15,24,-15,24,-14,23,-14,21,-14,21,-14,20,-15,20,-15,19,-14,18,-14,18,-15,17,-15,16,-15,15,-15,15,-15]"
CSI_DATA,36443,d8:b1:90:db:e8:90,-57,11,1,7,0,0,1,0,0,0,1,-94,0,8,0,570826461,0,100,0,128,1,"[100,-64,5,0,-6,-19,-6,-18,-6,-18,-6,-17,-7,-17,-7,-16,-8,-16,-9,-16,-9,-16,-9,-15,-10,-15,-12,-15,-12,-15,-12,-15,-12,-15,-13,-15,-13,-15,-12,-15,-12,-15,-12,-16,-13,-16,-13,-16,-12,-16,-12,-16,-12,-17,-3,-5,0,0,0,0,0,0,0,0,0,0,0,0,0,0,0,0,0,0,-2,-7,-8,-27,-6,-27,-4,-27,-3,-27,-3,-28,-2,-28,-2,-28,-1,-29,-1,-29,-1,-28,-1,-28,-1,-27,-1,-27,-1,-26,-1,-25,-1,-25,-2,-24,-3,-24,-3,-23,-3,-23,-4,-22,-4,-22,-5,-21,-5,-20,-5,-20,-5,-20]"
CSI_DATA,36444,d8:b1:90:db:e8:90,-55,11,1,7,0,0,1,0,0,0,1,-94,0,8,0,570836818,0,100,0,128,1,"[100,-64,5,0,-22,0,-21,0,-20,0,-20,1,-20,1,-19,1,-18,2,-18,4,-18,5,-18,5,-17,5,-18,5,-18,6,-19,6,-19,6,-19,5,-20,5,-20,5,-20,4,-20,4,-20,4,-19,3,-20,3,-20,3,-21,2,-6,0,0,0,0,0,0,0,0,0,0,0,0,0,0,0,0,0,0,0,-8,-1,-31,-2,-31,-4,-30,-6,-29,-7,-29,-8,-29,-8,-29,-8,-29,-8,-29,-8,-29,-9,-30,-8,-29,-8,-29,-8,-28,-8,-27,-7,-26,-7,-26,-6,-26,-6,-26,-5,-26,-5,-25,-4,-25,-3,-24,-2,-24,-2,-23,-1,-23,0]"
CSI_DATA,36445,d8:b1:90:db:e8:90,-57,11,1,7,0,0,1,0,0,0,1,-94,0,8,0,570848157,0,100,0,128,1,"[100,-64,5,0,-19,-4,-18,-4,-18,-4,-18,-3,-18,-3,-17,-3,-17,-2,-17,-1,-17,0,-17,0,-18,0,-18,1,-19,1,-19,2,-19,1,-19,1,-19,1,-19,1,-19,0,-20,0,-19,0,-19,-1,-20,-1,-20,-1,-21,-2,-6,-1,0,0,0,0,0,0,0,0,0,0,0,0,0,0,0,0,0,0,-7,-2,-28,-6,-27,-8,-26,-9,-25,-10,-25,-11,-25,-11,-25,-12,-25,-12,-24,-12,-24,-12,-24,-12,-24,-11,-24,-11,-23,-11,-22,-10,-22,-10,-22,-9,-22,-9,-22,-9,-22,-8,-22,-8,-21,-7,-21,-6,-20,-6,-20,-5,-20,-5]"
CSI_DATA,36446,d8:b1:90:db:e8:90,-56,11,1,5,0,0,1,0,1,0,0,-94,0,8,0,570881687,0,100,0,128,1,"[100,-64,5,0,3,-11,0,-12,-2,-13,-4,-13,-6,-14,-8,-14,-8,-15,-8,-15,-8,-15,-7,-14,-6,-13,-5,-12,-3,-10,0,-7,2,-5,3,-3,5,-1,6,1,7,2,8,3,8,4,8,3,8,2,8,1,8,0,2,-1,0,0,0,0,0,0,0,0,0,0,0,0,0,0,0,0,0,0,6,-2,24,-5,23,-4,21,-3,20,-3,17,-6,15,-9,13,-12,11,-15,10,-20,8,-23,7,-26,7,-29,8,-32,10,-34,11,-34,13,-34,14,-33,15,-32,15,-30,16,-28,17,-25,17,-23,16,-20,15,-18,14,-15,13,-14]"
CSI_DATA,36447,d8:b1:90:db:e8:90,-57,11,1,7,0,0,1,0,0,0,1,-94,0,8,0,570891901,0,100,0,128,1,"[100,-64,5,0,18,-5,18,-5,17,-5,17,-5,17,-5,16,-5,16,-5,16,-5,16,-6,16,-6,16,-7,16,-7,16,-8,16,-8,16,-8,16,-9,16,-9,17,-9,17,-9,17,-9,17,-8,17,-8,17,-8,18,-7,19,-6,4,-2,0,0,0,0,0,0,0,0,0,0,0,0,0,0,0,0,0,0,6,-1,27,-2,27,-1,27,-1,27,0,27,1,27,1,27,2,28,4,28,4,27,4,25,3,25,2,25,3,24,3,24,2,23,1,23,1,23,0,23,0,22,-1,22,-1,21,-2,21,-3,21,-3,20,-4,20,-4]"
CSI_DATA,36448,d8:b1:90:db:e8:90,-56,11,1,7,0,0,1,0,0,0,1,-94,0,8,0,570902885,0,100,0,128,1,"[100,-64,5,0,7,18,7,18,7,17,7,17,7,17,7,16,7,16,7,16,7,15,7,15,8,15,9,15,10,15,10,15,10,15,10,15,10,15,10,15,10,15,10,15,10,16,10,16,10,16,9,16,8,17,2,4,0,0,0,0,0,0,0,0,0,0,0,0,0,0,0,0,0,0,1,6,7,27,6,27,4,28,3,28,3,28,2,29,1,29,1,28,1,28,0,28,1,28,1,27,1,26,1,26,1,26,1,25,2,24,3,23,4,23,4,22,5,22,5,21,5,21,6,20,6,20,6,19]"
CSI_DATA,36449,d8:b1:90:db:e8:90,-57,11,1,7,0,0,1,0,0,0,1,-94,0,8,0,570919083,0,100,0,128,1,"[100,-64,5,0,3,-20,3,-20,3,-19,2,-18,1,-18,1,-18,1,-17,0,-18,-1,-18,-1,-18,-2,-18,-3,-18,-3,-19,-3,-19,-2,-19,-2,-19,-2,-19,-2,-19,-1,-19,-1,-19,-1,-19,-1,-19,0,-19,1,-19,1,-19,0,-5,0,0,0,0,0,0,0,0,0,0,0,0,0,0,0,0,0,0,1,-7,7,-28,8,-27,8,-26,9,-26,10,-26,11,-26,11,-26,11,-26,12,-26,12,-25,12,-25,11,-24,11,-24,11,-24,11,-24,10,-23,10,-23,9,-23,8,-22,7,-22,6,-21,6,-21,5,-21,4,-21,4,-21,4,-21]"
CSI_DATA,36450,d8:b1:90:db:e8:90,-56,11,1,7,0,0,1,0,0,0,1,-94,0,8,0,570937151,0,100,0,128,1,"[100,-64,5,0,11,17,11,16,10,15,11,15,11,14,12,14,12,13,12,12,12,12,12,11,13,11,14,11,14,11,14,10,15,11,15,11,14,11,14,11,14,11,15,11,15,11,14,12,14,12,14,13,13,13,3,3,0,0,0,0,0,0,0,0,0,0,0,0,0,0,0,0,0,0,3,6,14,25,12,25,10,26,9,26,8,27,8,27,8,28,7,28,7,28,7,28,7,27,7,27,7,26,7,26,7,25,7,24,7,23,8,22,8,22,9,21,10,20,10,20,10,20,10,20,10,19,11,18]"
CSI_DATA,36451,d8:b1:90:db:e8:90,-57,11,1,7,0,0,1,0,0,0,1,-94,0,8,0,570956359,0,100,0,128,1,"[100,-64,5,0,14,13,13,13,13,12,13,12,13,12,13,11,13,10,13,10,13,9,13,9,14,9,14,9,15,9,15,8,15,9,15,9,15,9,14,9,14,9,14,9,14,10,13,10,13,11,13,11,13,12,3,3,0,0,0,0,0,0,0,0,0,0,0,0,0,0,0,0,0,0,4,4,18,19,17,20,16,21,15,22,14,22,14,23,14,23,13,23,13,23,13,23,12,23,12,23,12,23,12,22,12,22,12,21,12,21,12,20,13,19,13,18,13,18,13,17,14,16,14,16,14,15,15,15]"
CSI_DATA,36452,d8:b1:90:db:e8:90,-56,11,1,7,0,0,1,0,0,0,1,-94,0,8,0,570978642,0,100,0,128,1,"[100,-64,5,0,2,20,2,19,2,19,3,18,4,18,5,17,5,17,4,16,4,16,5,16,6,16,6,16,7,16,7,16,7,16,7,16,7,16,7,16,6,16,7,16,7,17,7,17,6,17,5,17,4,17,1,4,0,0,0,0,0,0,0,0,0,0,0,0,0,0,0,0,0,0,0,7,0,28,-1,28,-2,28,-3,28,-4,28,-5,28,-5,28,-5,28,-6,28,-6,28,-6,28,-6,27,-6,27,-6,26,-5,26,-5,25,-5,24,-4,24,-3,24,-2,24,-1,24,-1,23,-1,23,-1,22,0,22,1,21]"
CSI_DATA,36453,d8:b1:90:db:e8:90,-55,11,1,7,0,0,1,0,0,0,1,-94,0,8,0,570994755,0,100,0,128,1,"[100,-64,5,0,-22,5,-21,5,-20,5,-19,6,-18,6,-17,6,-17,6,-18,6,-18,6,-17,6,-17,6,-17,7,-17,7,-17,7,-17,7,-17,7,-17,8,-17,7,-17,7,-18,7,-17,6,-17,6,-17,6,-18,5,-19,5,-5,1,0,0,0,0,0,0,0,0,0,0,0,0,0,0,0,0,0,0,-8,2,-29,8,-29,6,-29,4,-29,3,-29,2,-30,2,-31,2,-31,2,-31,2,-31,1,-31,1,-30,1,-29,1,-29,1,-29,1,-29,1,-28,2,-27,2,-26,3,-26,3,-25,4,-24,4,-24,5,-23,5,-22,6,-22,6]"
CSI_DATA,36454,d8:b1:90:db:e8:90,-57,11,1,7,0,0,1,0,0,0,1,-94,0,8,0,571005759,0,100,0,128,1,"[100,-64,5,0,10,16,10,16,10,15,11,14,11,13,11,13,11,13,10,13,10,13,10,12,11,13,11,13,11,13,11,12,11,12,12,12,12,12,11,12,11,12,11,12,12,13,11,13,11,13,11,13,10,13,2,3,0,0,0,0,0,0,0,0,0,0,0,0,0,0,0,0,0,0,3,5,15,21,14,22,12,23,12,23,11,23,11,24,11,24,11,25,11,25,10,25,10,25,10,25,10,24,10,24,10,24,10,23,10,22,10,21,11,20,11,20,11,19,12,18,12,18,12,17,12,17,12,17]"
CSI_DATA,36455,d8:b1:90:db:e8:90,-56,11,1,7,0,0,1,0,0,0,1,-94,0,8,0,571016131,0,100,0,128,1,"[100,-64,5,0,-21,3,-20,4,-19,4,-19,3,-18,3,-18,4,-17,5,-17,5,-17,6,-16,6,-16,6,-16,7,-16,8,-16,8,-16,8,-16,8,-16,8,-16,8,-16,7,-16,7,-16,7,-16,7,-16,6,-17,6,-18,6,-5,1,0,0,0,0,0,0,0,0,0,0,0,0,0,0,0,0,0,0,-8,0,-29,1,-29,0,-28,-2,-28,-2,-28,-3,-29,-3,-29,-3,-29,-3,-29,-4,-29,-4,-29,-4,-29,-5,-28,-4,-28,-4,-27,-4,-27,-3,-26,-2,-25,-2,-25,-2,-24,-1,-24,0,-23,1,-23,2,-22,2,-22,2,-22,2]"
CSI_DATA,36456,d8:b1:90:db:e8:90,-57,11,1,7,0,0,1,0,0,0,1,-94,0,8,0,571026591,0,100,0,128,1,"[100,-64,5,0,6,18,6,17,6,16,6,16,6,15,6,15,7,14,7,14,7,13,7,13,8,13,9,13,10,13,10,13,10,13,10,13,10,13,9,13,9,13,9,13,10,13,9,14,9,14,9,14,8,15,2,3,0,0,0,0,0,0,0,0,0,0,0,0,0,0,0,0,0,0,2,6,8,24,7,25,6,26,5,26,4,26,4,26,3,26,3,26,3,26,2,26,2,26,2,25,2,25,2,25,2,24,2,24,2,23,2,23,3,22,4,21,4,21,5,20,5,20,5,20,5,20,5,19]"
CSI_DATA,36457,d8:b1:90:db:e8:90,-57,11,1,7,0,0,1,0,0,0,1,-94,0,8,0,571037364,0,100,0,128,1,"[100,-64,5,0,-20,-4,-20,-4,-19,-3,-18,-3,-18,-3,-17,-2,-17,-2,-17,0,-17,0,-17,0,-17,0,-17,1,-17,1,-17,2,-17,2,-17,2,-17,2,-17,2,-17,2,-17,1,-17,1,-17,0,-18,0,-18,0,-18,-1,-5,-1,0,0,0,0,0,0,0,0,0,0,0,0,0,0,0,0,0,0,-7,-2,-27,-6,-27,-7,-27,-9,-27,-10,-27,-11,-26,-11,-26,-12,-26,-12,-26,-12,-26,-13,-25,-13,-24,-12,-24,-12,-24,-12,-24,-12,-24,-11,-23,-11,-23,-10,-23,-9,-23,-8,-22,-8,-22,-7,-22,-7,-22,-7,-21,-6,-21,-6]"
CSI_DATA,36458,d8:b1:90:db:e8:90,-56,11,1,7,0,0,1,0,0,0,1,-94,0,8,0,571056547,0,100,0,128,1,"[100,-64,5,0,2,-21,1,-21,0,-20,-1,-18,-2,-18,-2,-17,-3,-17,-2,-17,-2,-17,-3,-17,-4,-17,-4,-17,-4,-17,-4,-17,-4,-17,-4,-17,-4,-18,-4,-17,-4,-17,-3,-18,-4,-18,-4,-18,-3,-17,-2,-17,-2,-18,-1,-5,0,0,0,0,0,0,0,0,0,0,0,0,0,0,0,0,0,0,1,-8,4,-29,5,-28,7,-28,8,-27,8,-27,9,-27,10,-27,11,-27,11,-27,11,-27,11,-27,11,-26,11,-26,10,-26,10,-26,9,-26,9,-26,8,-25,7,-24,6,-23,5,-22,5,-22,4,-22,3,-22,3,-22,4,-22]"
CSI_DATA,36459,d8:b1:90:db:e8:90,-57,11,1,7,0,0,1,0,0,0,1,-94,0,8,0,571081121,0,100,0,128,1,"[100,-64,5,0,-12,15,-11,14,-10,14,-8,14,-7,13,-7,13,-7,13,-7,14,-7,14,-6,14,-6,14,-5,14,-5,14,-5,14,-5,15,-5,15,-5,15,-6,15,-6,15,-6,15,-6,15,-5,15,-6,15,-7,15,-7,14,-2,3,0,0,0,0,0,0,0,0,0,0,0,0,0,0,0,0,0,0,-5,4,-19,19,-20,17,-21,16,-21,15,-22,15,-22,15,-23,14,-23,14,-23,14,-23,14,-23,14,-22,13,-22,13,-22,13,-21,14,-21,14,-20,14,-19,14,-17,14,-16,14,-16,14,-15,14,-14,15,-14,15,-14,15,-14,14]"
CSI_DATA,36460,d8:b1:90:db:e8:90,-56,11,1,7,0,0,1,0,0,0,1,-94,0,8,0,571096132,0,100,0,128,1,"[100,-64,5,0,18,1,17,1,17,0,16,0,16,0,15,-1,15,-1,15,-2,14,-2,14,-2,14,-2,14,-2,14,-3,14,-3,14,-3,15,-3,15,-3,15,-3,15,-3,15,-3,15,-3,15,-2,15,-2,16,-1,16,-1,4,-1,0,0,0,0,0,0,0,0,0,0,0,0,0,0,0,0,0,0,6,0,26,1,26,2,25,3,25,5,25,6,26,7,26,7,25,7,24,7,24,7,24,7,24,8,23,8,24,8,24,8,23,7,23,6,23,6,23,5,22,4,22,4,21,3,21,3,20,3,20,2,20,2]"
CSI_DATA,36461,d8:b1:90:db:e8:90,-56,11,1,7,0,0,1,0,0,0,1,-94,0,8,0,571108078,0,100,0,128,1,"[100,-64,5,0,12,-15,11,-15,11,-14,10,-14,10,-14,9,-14,8,-14,8,-14,8,-15,7,-15,7,-15,7,-15,6,-16,7,-16,7,-17,7,-17,7,-17,7,-16,8,-17,8,-17,7,-17,7,-17,8,-17,9,-16,10,-16,2,-4,0,0,0,0,0,0,0,0,0,0,0,0,0,0,0,0,0,0,5,-6,21,-21,22,-20,23,-19,23,-18,24,-17,24,-17,23,-17,23,-16,24,-15,24,-15,24,-15,23,-15,22,-14,22,-14,22,-13,22,-13,22,-14,21,-14,20,-14,19,-14,18,-15,17,-15,16,-15,15,-15,15,-15,15,-15]"
CSI_DATA,36462,d8:b1:90:db:e8:90,-55,11,1,7,0,0,1,0,0,0,0,-94,0,8,0,571119896,0,100,0,128,1,"[100,-64,5,0,0,20,1,20,1,19,2,18,3,17,3,17,4,16,4,16,4,16,4,15,5,15,5,16,6,16,6,15,6,15,6,16,6,16,5,16,5,16,5,16,6,16,6,16,5,17,4,17,3,17,0,4,0,0,0,0,0,0,0,0,0,0,0,0,0,0,0,0,0,0,-1,7,-3,31,-4,31,-6,30,-7,30,-8,30,-8,30,-8,30,-9,30,-9,30,-9,29,-10,29,-9,28,-9,27,-9,27,-10,26,-10,26,-9,25,-8,25,-6,26,-4,25,-4,25,-3,24,-2,23,-2,23,-1,23,-1,23]"
CSI_DATA,36463,d8:b1:90:db:e8:90,-55,11,1,7,0,0,1,0,0,0,0,-94,0,8,0,571137177,0,100,0,128,1,"[100,-64,5,0,13,-16,12,-16,11,-16,10,-16,9,-15,8,-15,7,-16,6,-17,6,-17,5,-17,5,-17,4,-17,4,-17,4,-17,4,-18,4,-19,4,-19,4,-19,5,-19,5,-19,4,-19,4,-19,5,-19,6,-19,7,-19,1,-5,0,0,0,0,0,0,0,0,0,0,0,0,0,0,0,0,0,0,4,-6,20,-23,21,-23,22,-22,23,-21,23,-20,24,-19,24,-19,24,-19,25,-18,25,-18,25,-17,25,-17,25,-16,24,-16,23,-16,22,-16,21,-16,21,-16,20,-17,19,-17,18,-17,17,-17,17,-17,16,-16,16,-16,15,-16]"
CSI_DATA,36464,d8:b1:90:db:e8:90,-55,11,1,7,0,0,1,0,0,0,0,-94,0,8,0,571156325,0,100,0,128,1,"[100,-64,5,0,4,19,4,18,5,18,6,17,7,16,7,15,8,14,9,13,9,13,10,13,11,12,12,12,13,12,13,11,13,11,13,12,13,12,12,12,12,12,13,13,13,13,13,14,13,14,12,14,11,15,2,3,0,0,0,0,0,0,0,0,0,0,0,0,0,0,0,0,0,0,2,7,7,29,6,30,4,30,3,30,2,31,1,31,0,31,0,30,-1,30,-2,30,-3,30,-3,30,-3,29,-2,28,-2,28,-1,27,-1,26,0,25,1,25,2,24,2,24,3,23,3,22,3,22,4,21,4,21]"
CSI_DATA,36465,d8:b1:90:db:e8:90,-57,11,1,7,0,0,1,0,0,0,0,-94,0,8,0,571166719,0,100,0,128,1,"[100,-64,5,0,13,12,13,11,13,10,14,9,14,9,14,8,14,7,14,5,15,4,15,4,16,4,16,3,17,2,17,1,17,1,18,1,18,1,18,1,18,1,19,1,19,2,19,3,19,3,19,4,19,4,4,1,0,0,0,0,0,0,0,0,0,0,0,0,0,0,0,0,0,0,5,4,21,19,20,20,19,21,19,22,18,23,17,23,16,23,16,23,15,23,15,23,14,24,13,24,13,23,13,23,13,21,13,20,14,20,14,19,14,18,14,17,15,16,14,15,14,15,14,14,14,14,14,14]"
CSI_DATA,36466,d8:b1:90:db:e8:90,-55,11,1,7,0,0,1,0,0,0,0,-94,0,8,0,571186473,0,100,0,128,1,"[100,-64,5,0,8,13,8,12,8,11,9,11,9,11,9,10,9,10,10,9,10,9,10,8,11,8,11,8,12,8,12,8,12,8,12,9,12,9,12,9,12,9,13,9,13,10,13,10,13,10,12,10,12,11,3,2,0,0,0,0,0,0,0,0,0,0,0,0,0,0,0,0,0,0,3,5,14,20,13,21,11,21,9,22,8,23,8,22,8,22,8,23,7,24,7,24,8,24,8,23,7,22,7,21,7,20,7,19,7,19,7,18,7,18,7,17,8,17,8,16,8,16,9,15,9,14,9,14]"
CSI_DATA,36467,d8:b1:90:db:e8:90,-58,11,1,7,0,0,1,0,0,0,0,-94,0,8,0,571199589,0,100,0,128,1,"[100,-64,5,0,-15,8,-15,8,-14,8,-14,8,-13,9,-12,9,-12,9,-11,10,-11,11,-11,11,-10,11,-10,12,-10,12,-11,13,-11,13,-11,14,-11,14,-11,14,-12,14,-11,14,-11,14,-11,14,-12,14,-13,14,-14,13,-4,3,0,0,0,0,0,0,0,0,0,0,0,0,0,0,0,0,0,0,-7,2,-25,10,-26,8,-26,7,-26,6,-26,5,-27,4,-27,4,-27,4,-27,3,-27,3,-26,3,-26,3,-25,3,-24,3,-24,3,-23,3,-23,4,-22,4,-21,5,-21,5,-20,6,-19,6,-19,7,-18,7,-17,7,-17,8]"
CSI_DATA,36468,d8:b1:90:db:e8:90,-56,11,1,7,0,0,1,0,0,0,0,-94,0,8,0,571211722,0,100,0,128,1,"[100,-64,5,0,-16,10,-15,9,-14,10,-13,11,-12,12,-12,12,-11,12,-10,13,-10,13,-10,13,-9,13,-9,14,-9,15,-10,15,-10,15,-10,16,-10,16,-10,16,-11,16,-11,16,-11,16,-11,15,-11,15,-12,15,-13,15,-4,3,0,0,0,0,0,0,0,0,0,0,0,0,0,0,0,0,0,0,-7,3,-26,14,-26,12,-26,10,-26,9,-27,9,-27,8,-27,7,-27,6,-27,7,-28,7,-27,6,-27,6,-26,6,-25,7,-24,7,-24,7,-23,7,-22,7,-21,7,-21,8,-20,8,-19,8,-18,9,-18,9,-17,10,-17,10]"
CSI_DATA,36469,d8:b1:90:db:e8:90,-57,11,1,7,0,0,1,0,0,0,0,-94,0,8,0,571223010,0,100,0,128,1,"[100,-64,5,0,14,9,14,9,14,8,15,7,15,7,15,7,15,6,15,5,15,5,15,5,16,4,17,4,17,3,17,3,18,3,18,3,19,3,19,3,19,3,18,3,18,4,18,5,18,5,19,5,19,6,4,1,0,0,0,0,0,0,0,0,0,0,0,0,0,0,0,0,0,0,5,3,21,14,21,16,20,15,19,14,19,15,19,17,19,18,19,18,18,18,17,18,17,18,17,18,16,17,16,17,16,16,15,16,15,16,15,15,15,14,15,13,15,13,15,12,15,11,15,11,15,10,15,10]"
CSI_DATA,36470,d8:b1:90:db:e8:90,-57,11,1,7,0,0,1,0,0,0,0,-94,0,8,0,571241576,0,100,0,128,1,"[100,-64,5,0,-6,16,-6,16,-5,16,-4,16,-3,16,-3,15,-2,15,-2,16,-2,16,-2,16,-1,16,-1,17,0,18,-1,18,-1,18,-1,18,-1,18,-1,18,-1,18,-1,18,-1,18,-1,18,-2,18,-3,18,-4,18,-1,4,0,0,0,0,0,0,0,0,0,0,0,0,0,0,0,0,0,0,-3,5,-11,23,-13,22,-14,22,-15,22,-15,22,-16,22,-16,21,-16,20,-17,20,-17,20,-17,20,-16,19,-16,18,-15,18,-15,18,-14,18,-14,17,-13,17,-12,17,-11,17,-10,17,-9,17,-9,17,-8,17,-8,17,-8,17]"
CSI_DATA,36471,d8:b1:90:db:e8:90,-57,11,1,7,0,0,1,0,0,0,0,-94,0,8,0,571256640,0,100,0,128,1,"[100,-64,5,0,-17,-8,-16,-8,-16,-7,-16,-6,-16,-5,-16,-5,-16,-4,-16,-4,-16,-3,-17,-3,-17,-3,-18,-3,-18,-3,-18,-2,-19,-2,-19,-2,-19,-2,-19,-2,-18,-3,-19,-3,-19,-4,-18,-4,-18,-4,-19,-5,-19,-5,-5,-2,0,0,0,0,0,0,0,0,0,0,0,0,0,0,0,0,0,0,-6,-4,-22,-13,-22,-14,-22,-15,-21,-16,-21,-17,-20,-17,-20,-18,-20,-18,-19,-18,-19,-18,-19,-18,-19,-18,-18,-18,-18,-17,-17,-16,-17,-16,-17,-15,-17,-14,-17,-13,-17,-13,-17,-12,-17,-11,-17,-11,-17,-10,-17,-10,-17,-9]"
CSI_DATA,36472,d8:b1:90:db:e8:90,-58,11,1,6,0,0,1,0,0,0,1,-94,0,8,0,571269033,0,100,0,128,1,"[100,-64,5,0,4,-17,4,-17,4,-16,3,-17,2,-17,2,-17,2,-16,2,-17,2,-17,2,-17,1,-17,1,-18,1,-18,1,-18,1,-18,1,-18,1,-18,1,-18,2,-18,2,-18,1,-18,1,-18,2,-18,3,-18,3,-19,1,-5,0,0,0,0,0,0,0,0,0,0,0,0,0,0,0,0,0,0,2,-6,8,-24,9,-23,10,-22,11,-22,12,-22,12,-22,13,-22,13,-21,13,-21,13,-21,13,-21,13,-21,12,-20,12,-20,11,-19,11,-19,10,-18,10,-18,10,-18,9,-18,8,-18,7,-18,6,-18,6,-18,6,-18,6,-18]"
CSI_DATA,36473,d8:b1:90:db:e8:90,-58,11,1,6,0,0,1,0,0,0,1,-94,0,8,0,571290351,0,100,0,128,1,"[100,-64,5,0,-5,17,-5,17,-4,16,-4,16,-3,15,-3,15,-2,15,-2,16,-2,16,-1,16,-1,16,0,16,0,16,0,16,-1,16,-1,16,-1,16,-2,16,-1,16,-1,15,-1,15,-1,15,-1,14,-1,12,-2,11,-1,2,0,0,0,0,0,0,0,0,0,0,0,0,0,0,0,0,0,0,-2,6,-8,24,-9,23,-10,23,-11,23,-12,22,-12,22,-13,22,-13,21,-13,21,-13,21,-13,21,-13,21,-13,20,-12,20,-12,19,-11,19,-11,19,-10,19,-10,18,-9,18,-8,18,-7,18,-7,18,-6,18,-6,18,-6,17]"
CSI_DATA,36474,d8:b1:90:db:e8:90,-58,11,1,6,0,0,1,0,0,0,1,-94,0,8,0,571303150,0,100,0,128,1,"[100,-64,5,0,-1,-20,-2,-19,-1,-19,-2,-18,-2,-17,-3,-17,-3,-17,-3,-17,-3,-17,-4,-17,-4,-18,-5,-18,-5,-18,-5,-18,-5,-18,-5,-18,-4,-18,-4,-18,-4,-17,-4,-17,-4,-17,-4,-17,-3,-16,-2,-14,-2,-12,-1,-3,0,0,0,0,0,0,0,0,0,0,0,0,0,0,0,0,0,0,0,-7,0,-27,1,-27,2,-27,3,-26,4,-26,4,-27,5,-27,5,-26,6,-26,6,-26,7,-26,7,-25,6,-25,6,-25,6,-24,5,-23,4,-23,4,-23,3,-23,2,-22,2,-22,1,-21,1,-21,0,-20,0,-20,0,-20]"
CSI_DATA,36475,d8:b1:90:db:e8:90,-58,11,1,6,0,0,1,0,0,0,1,-94,0,8,0,571314079,0,100,0,128,1,"[100,-64,5,0,-9,14,-8,14,-8,14,-7,14,-7,13,-6,13,-6,13,-6,14,-5,14,-5,14,-4,14,-4,14,-4,15,-4,15,-4,15,-4,15,-4,15,-5,15,-5,15,-5,15,-5,15,-5,15,-6,15,-7,15,-7,15,-2,3,0,0,0,0,0,0,0,0,0,0,0,0,0,0,0,0,0,0,-5,4,-17,18,-18,17,-18,16,-19,15,-19,14,-20,15,-21,15,-21,15,-20,15,-20,14,-20,13,-19,13,-19,13,-18,13,-17,13,-17,13,-16,13,-16,13,-15,13,-14,14,-13,14,-13,14,-12,14,-12,14,-11,14,-11,14]"
CSI_DATA,36476,d8:b1:90:db:e8:90,-58,11,1,7,0,0,1,0,0,0,1,-94,0,8,0,571326379,0,100,0,128,1,"[100,-64,5,0,16,-7,16,-7,15,-7,15,-8,14,-8,14,-8,14,-9,13,-9,13,-10,13,-10,13,-10,13,-11,14,-12,14,-12,14,-13,14,-13,14,-13,15,-13,15,-13,14,-13,14,-13,14,-12,15,-12,16,-12,16,-12,4,-3,0,0,0,0,0,0,0,0,0,0,0,0,0,0,0,0,0,0,6,-2,26,-8,26,-7,27,-6,27,-5,27,-4,27,-3,27,-3,27,-3,27,-2,27,-2,26,-1,26,-1,26,-1,25,-1,24,-1,23,-2,22,-2,22,-3,21,-3,21,-3,20,-4,20,-5,19,-5,19,-6,19,-6,18,-7]"
CSI_DATA,36477,d8:b1:90:db:e8:90,-58,11,1,7,0,0,1,0,0,0,1,-94,0,8,0,571337221,0,100,0,128,1,"[100,-64,5,0,4,17,4,16,4,15,5,15,6,14,6,14,6,13,6,13,6,13,6,13,7,13,8,13,8,14,8,13,8,13,8,14,8,14,8,14,8,14,8,14,8,14,8,15,7,15,7,15,6,16,1,4,0,0,0,0,0,0,0,0,0,0,0,0,0,0,0,0,0,0,1,6,4,25,3,25,1,25,0,25,-1,25,-1,25,-1,26,-2,26,-2,26,-2,25,-3,25,-3,25,-3,24,-3,24,-3,23,-3,22,-2,22,-2,21,-1,20,0,20,0,20,1,19,2,19,3,19,3,18,3,18]"
CSI_DATA,36478,d8:b1:90:db:e8:90,-58,11,1,7,0,0,1,0,0,0,1,-94,0,8,0,571350466,0,100,0,128,1,"[100,-64,5,0,17,-3,17,-3,16,-4,16,-4,15,-5,15,-5,14,-6,14,-7,14,-8,14,-8,14,-8,14,-8,14,-9,14,-9,14,-9,15,-9,15,-10,15,-10,15,-10,16,-10,16,-10,16,-9,17,-9,17,-9,17,-8,4,-2,0,0,0,0,0,0,0,0,0,0,0,0,0,0,0,0,0,0,6,-1,27,0,27,1,26,2,26,3,26,4,26,4,26,5,26,5,26,6,26,6,25,6,25,6,25,6,24,6,24,5,23,4,22,4,22,3,21,2,20,2,20,1,20,1,19,0,19,0,19,-1,18,-2]"
CSI_DATA,36479,d8:b1:90:db:e8:90,-58,11,1,7,0,0,1,0,0,0,1,-94,0,8,0,571367748,0,100,0,128,1,"[100,-64,5,0,-9,-17,-9,-16,-9,-16,-9,-15,-10,-15,-10,-14,-10,-14,-11,-13,-11,-13,-12,-13,-12,-13,-13,-13,-13,-12,-14,-12,-14,-12,-14,-13,-14,-13,-14,-13,-14,-13,-15,-14,-15,-14,-15,-15,-15,-15,-14,-15,-14,-15,-4,-4,0,0,0,0,0,0,0,0,0,0,0,0,0,0,0,0,0,0,-3,-7,-10,-26,-9,-27,-8,-27,-7,-27,-6,-28,-5,-28,-5,-28,-5,-28,-4,-28,-4,-28,-3,-27,-3,-27,-3,-26,-3,-25,-3,-25,-4,-24,-4,-24,-5,-23,-5,-22,-5,-21,-6,-20,-6,-20,-7,-19,-7,-19,-7,-18,-7,-18]"
CSI_DATA,36480,d8:b1:90:db:e8:90,-58,11,1,7,0,0,1,0,0,0,1,-94,0,8,0,571398232,0,100,0,128,1,"[100,-64,5,0,16,0,16,0,15,-1,15,-1,15,-2,15,-2,14,-3,14,-4,14,-5,14,-5,14,-6,15,-6,15,-7,16,-7,16,-7,16,-8,16,-8,16,-8,16,-8,16,-7,16,-7,16,-6,17,-6,17,-6,18,-5,4,-2,0,0,0,0,0,0,0,0,0,0,0,0,0,0,0,0,0,0,6,0,24,1,24,3,23,5,23,6,23,7,23,7,23,7,23,7,23,8,23,8,23,8,23,9,22,9,21,8,21,7,20,7,20,6,19,6,19,5,18,4,18,3,18,3,18,3,18,2,18,2,18,1]"
CSI_DATA,36481,d8:b1:90:db:e8:90,-57,11,1,7,0,0,1,0,0,0,1,-94,0,8,0,571411575,0,100,0,128,1,"[100,-64,5,0,-16,-7,-16,-5,-19,-5,-18,-6,-16,-5,-17,-3,-20,-2,-19,-1,-15,2,-16,5,-19,1,-20,-3,-19,1,-21,6,-21,4,-19,2,-20,6,-23,9,-22,7,-20,4,-19,6,-23,8,-23,5,-18,3,-14,5,-4,1,0,0,0,0,0,0,0,0,0,0,0,0,0,0,0,0,0,0,-5,-6,-19,-23,-17,-23,-15,-23,-14,-23,-15,-24,-15,-25,-14,-25,-15,-24,-15,-25,-14,-24,-15,-24,-16,-24,-16,-24,-16,-23,-16,-21,-16,-20,-16,-19,-16,-17,-17,-16,-17,-15,-16,-14,-17,-13,-19,-13,-19,-13,-18,-12,-17,-9]"
CSI_DATA,36482,d8:b1:90:db:e8:90,-58,11,1,7,0,0,1,0,0,0,1,-94,0,8,0,571426789,0,100,0,128,1,"[100,-64,5,0,12,-14,11,-14,11,-14,10,-15,9,-15,9,-15,8,-16,8,-17,7,-18,7,-18,6,-18,6,-19,5,-19,6,-19,6,-20,6,-21,7,-21,7,-21,7,-20,7,-21,7,-21,7,-20,8,-20,9,-21,10,-20,2,-5,0,0,0,0,0,0,0,0,0,0,0,0,0,0,0,0,0,0,5,-5,20,-19,21,-18,21,-17,22,-16,23,-15,23,-15,23,-14,23,-14,23,-13,23,-13,23,-13,23,-13,22,-12,22,-12,22,-12,21,-12,21,-13,20,-13,18,-13,17,-13,16,-13,16,-13,15,-14,15,-14,14,-14,14,-15]"
CSI_DATA,36483,d8:b1:90:db:e8:90,-58,11,1,7,0,0,1,0,0,0,1,-94,0,8,0,571436934,0,100,0,128,1,"[100,-64,5,0,13,-10,13,-10,12,-11,12,-11,11,-12,11,-12,10,-13,10,-14,9,-14,9,-14,8,-15,8,-16,8,-17,8,-17,8,-18,8,-18,9,-18,9,-18,9,-18,9,-18,9,-18,9,-17,10,-17,10,-17,11,-17,2,-4,0,0,0,0,0,0,0,0,0,0,0,0,0,0,0,0,0,0,5,-4,21,-13,22,-12,23,-10,23,-9,23,-8,23,-8,24,-8,24,-7,24,-7,24,-7,23,-7,23,-7,22,-7,22,-7,21,-7,20,-8,20,-8,19,-8,19,-8,18,-8,17,-8,17,-8,17,-9,16,-9,16,-9,15,-10]"
CSI_DATA,36484,d8:b1:90:db:e8:90,-58,11,1,7,0,0,1,0,0,0,1,-94,0,8,0,571448190,0,100,0,128,1,"[100,-64,5,0,-12,-12,-12,-12,-12,-11,-13,-11,-13,-11,-13,-10,-13,-10,-13,-9,-14,-9,-14,-9,-15,-9,-16,-9,-16,-9,-17,-8,-17,-8,-17,-9,-17,-9,-17,-9,-17,-9,-17,-9,-17,-10,-17,-11,-17,-11,-16,-11,-16,-11,-4,-3,0,0,0,0,0,0,0,0,0,0,0,0,0,0,0,0,0,0,-4,-5,-13,-20,-13,-21,-12,-22,-11,-22,-10,-23,-10,-23,-10,-23,-10,-23,-10,-23,-9,-23,-9,-23,-9,-22,-9,-22,-9,-22,-8,-21,-8,-20,-8,-19,-9,-19,-9,-18,-9,-18,-9,-17,-10,-17,-11,-16,-11,-15,-11,-15,-11,-14]"
CSI_DATA,36485,d8:b1:90:db:e8:90,-58,11,1,7,0,0,1,0,0,0,1,-94,0,8,0,571466952,0,100,0,128,1,"[100,-64,5,0,-3,16,-2,15,-2,15,-1,16,0,16,0,15,1,15,1,16,1,16,2,16,3,16,4,17,4,17,4,17,4,17,4,18,4,19,3,18,3,18,4,19,4,19,3,19,3,19,2,19,1,19,0,4,0,0,0,0,0,0,0,0,0,0,0,0,0,0,0,0,0,0,-2,5,-7,23,-8,22,-9,22,-10,22,-11,22,-11,22,-11,22,-11,22,-11,22,-11,21,-12,21,-12,20,-11,20,-11,20,-11,19,-10,18,-10,18,-9,18,-8,17,-7,17,-7,17,-6,17,-6,17,-5,17,-4,16,-4,16]"
CSI_DATA,36486,d8:b1:90:db:e8:90,-58,11,1,7,0,0,1,0,0,0,1,-94,0,8,0,571493807,0,100,0,128,1,"[100,-64,5,0,20,6,20,5,19,4,19,3,19,2,19,2,19,2,19,1,20,1,20,0,20,0,21,0,21,0,22,0,22,0,22,0,22,0,22,0,22,0,22,1,22,2,22,3,22,4,22,4,22,5,5,1,0,0,0,0,0,0,0,0,0,0,0,0,0,0,0,0,0,0,6,3,27,13,26,14,25,16,23,17,23,18,23,18,23,17,21,18,21,19,23,19,22,19,21,18,21,18,20,18,20,17,20,16,20,16,20,15,21,13,21,12,20,12,20,11,20,10,20,9,20,9,20,8]"
CSI_DATA,36487,d8:b1:90:db:e8:90,-57,11,1,7,0,0,1,0,0,0,1,-94,0,8,0,571505937,0,100,0,128,1,"[100,-64,5,0,16,6,16,5,16,5,16,4,16,3,16,3,16,2,16,2,17,1,16,1,17,1,18,1,18,0,19,0,19,0,19,0,19,0,19,0,19,0,19,0,19,1,19,1,18,2,19,2,19,3,4,0,0,0,0,0,0,0,0,0,0,0,0,0,0,0,0,0,0,0,5,2,23,8,23,9,22,10,21,11,21,12,21,12,21,13,20,13,20,13,20,13,20,13,19,13,19,13,18,13,18,12,18,12,17,11,17,11,18,10,17,10,17,9,17,9,17,8,17,8,17,8,17,7]"
CSI_DATA,36488,d8:b1:90:db:e8:90,-57,11,1,7,0,0,1,0,0,0,1,-94,0,8,0,571517906,0,100,0,128,1,"[100,-64,5,0,-18,-7,-18,-6,-17,-6,-17,-5,-17,-5,-17,-5,-17,-4,-17,-3,-17,-3,-18,-2,-18,-3,-19,-2,-19,-2,-19,-2,-19,-1,-19,-1,-19,-1,-19,-2,-19,-2,-20,-2,-20,-3,-19,-4,-19,-4,-20,-4,-20,-5,-5,-2,0,0,0,0,0,0,0,0,0,0,0,0,0,0,0,0,0,0,-6,-3,-24,-11,-23,-12,-22,-13,-21,-14,-21,-15,-21,-15,-21,-15,-21,-15,-21,-15,-21,-15,-20,-15,-20,-15,-20,-15,-20,-14,-20,-14,-20,-13,-20,-13,-20,-12,-19,-11,-19,-10,-18,-10,-18,-9,-19,-8,-19,-8,-19,-7,-19,-7]"
CSI_DATA,36489,d8:b1:90:db:e8:90,-57,11,1,7,0,0,1,0,0,0,1,-94,0,8,0,571537395,0,100,0,128,1,"[100,-64,5,0,-13,13,-12,13,-11,13,-11,13,-11,13,-10,13,-10,13,-10,14,-10,14,-9,14,-9,15,-8,16,-9,16,-9,16,-9,16,-9,16,-9,16,-10,16,-10,16,-10,16,-10,16,-10,15,-11,15,-12,15,-13,15,-4,3,0,0,0,0,0,0,0,0,0,0,0,0,0,0,0,0,0,0,-5,4,-19,18,-20,17,-20,16,-21,15,-21,14,-21,14,-21,14,-21,14,-21,13,-21,13,-21,13,-21,13,-20,13,-20,13,-20,13,-20,13,-19,13,-18,13,-17,13,-16,12,-16,13,-15,13,-14,14,-14,14,-14,14,-13,15]"
CSI_DATA,36490,d8:b1:90:db:e8:90,-58,11,1,7,0,0,1,0,0,0,1,-94,0,8,0,571556390,0,100,0,128,1,"[100,-64,5,0,-18,5,-17,5,-17,5,-16,6,-15,6,-15,6,-15,7,-15,8,-15,8,-15,8,-15,8,-15,9,-15,9,-15,9,-16,10,-16,10,-16,11,-16,10,-16,10,-16,10,-16,9,-16,9,-16,9,-17,8,-18,8,-5,2,0,0,0,0,0,0,0,0,0,0,0,0,0,0,0,0,0,0,-6,1,-24,6,-24,5,-25,3,-25,2,-25,1,-26,1,-26,0,-25,0,-25,0,-25,0,-25,0,-24,0,-24,0,-24,0,-23,0,-23,1,-22,1,-22,1,-21,2,-21,2,-20,2,-20,3,-20,3,-19,4,-19,4,-19,4]"
CSI_DATA,36491,d8:b1:90:db:e8:90,-58,11,1,7,0,0,1,0,0,0,1,-94,0,8,0,571566539,0,100,0,128,1,"[100,-64,5,0,-17,-3,-17,-3,-17,-3,-17,-3,-17,-2,-16,-2,-16,-2,-17,-1,-17,0,-17,0,-17,0,-18,0,-18,1,-18,2,-18,2,-18,2,-18,3,-18,3,-19,2,-19,2,-19,2,-19,2,-19,1,-19,1,-19,0,-5,0,0,0,0,0,0,0,0,0,0,0,0,0,0,0,0,0,0,0,-6,-2,-24,-6,-23,-8,-23,-9,-23,-10,-23,-10,-23,-10,-22,-10,-22,-10,-22,-11,-22,-11,-22,-11,-21,-11,-21,-11,-20,-11,-20,-10,-20,-10,-20,-9,-19,-8,-19,-8,-19,-7,-18,-6,-18,-6,-19,-5,-18,-5,-18,-5,-18,-4]"
CSI_DATA,36492,d8:b1:90:db:e8:90,-58,11,1,7,0,0,1,0,0,0,1,-94,0,8,0,571600258,0,100,0,128,1,"[100,-64,5,0,-17,7,-16,7,-16,7,-17,6,-16,6,-16,6,-15,7,-15,9,-14,10,-14,10,-14,10,-14,10,-15,10,-15,11,-16,10,-16,11,-16,11,-16,10,-16,10,-16,9,-16,9,-16,9,-15,8,-15,8,-15,7,-4,1,0,0,0,0,0,0,0,0,0,0,0,0,0,0,0,0,0,0,-6,1,-22,7,-23,6,-22,5,-22,4,-23,4,-23,3,-23,2,-23,2,-23,2,-23,2,-23,2,-23,1,-23,1,-22,1,-22,1,-21,2,-20,2,-20,2,-19,3,-19,3,-19,3,-18,4,-18,5,-17,5,-17,6,-17,6]"
CSI_DATA,36493,d8:b1:90:db:e8:90,-58,11,1,7,0,0,1,0,0,0,1,-94,0,8,0,571610607,0,100,0,128,1,"[100,-64,5,0,13,14,13,14,13,13,12,14,12,14,12,14,12,13,13,11,14,10,14,10,15,11,15,11,15,11,15,11,16,12,16,12,16,12,15,12,15,13,15,13,14,13,14,14,13,13,12,11,12,11,2,3,0,0,0,0,0,0,0,0,0,0,0,0,0,0,0,0,0,0,4,4,15,18,15,18,14,18,12,19,12,19,11,20,11,20,11,21,10,21,10,21,10,21,9,21,9,21,9,21,9,20,9,19,9,18,9,17,10,17,10,17,10,16,10,16,10,15,11,15,11,15,12,14]"
CSI_DATA,36494,d8:b1:90:db:e8:90,-58,11,1,7,0,0,1,0,0,0,1,-94,0,8,0,571629674,0,100,0,128,1,"[100,-64,5,0,-3,21,-3,20,-2,20,-2,20,-1,20,-1,20,-1,20,0,20,0,20,0,20,1,20,2,20,3,20,3,20,3,21,3,21,3,22,2,21,2,21,2,21,2,21,1,21,1,21,0,21,-1,21,-1,5,0,0,0,0,0,0,0,0,0,0,0,0,0,0,0,0,0,0,-1,6,-4,25,-6,25,-7,24,-8,24,-8,24,-9,24,-10,23,-10,23,-11,22,-11,22,-11,23,-11,22,-11,22,-10,21,-10,21,-10,20,-9,20,-8,20,-7,20,-6,20,-6,20,-5,20,-5,20,-4,20,-4,20,-4,21]"
CSI_DATA,36495,d8:b1:90:db:e8:90,-57,11,1,7,0,0,1,0,0,0,1,-94,0,8,0,571647818,0,100,0,128,1,"[100,-64,5,0,6,-19,6,-19,6,-19,5,-19,5,-19,4,-19,4,-19,4,-19,4,-19,4,-19,3,-19,2,-20,2,-20,3,-20,3,-20,3,-20,3,-20,3,-20,3,-20,3,-20,3,-20,4,-19,5,-19,6,-19,7,-19,1,-5,0,0,0,0,0,0,0,0,0,0,0,0,0,0,0,0,0,0,2,-6,8,-21,9,-21,11,-20,11,-20,12,-19,12,-19,13,-19,13,-19,13,-19,13,-18,14,-18,13,-17,13,-17,13,-17,12,-17,12,-18,11,-18,11,-18,10,-18,10,-17,9,-18,9,-18,9,-18,8,-18,8,-18,8,-19]"
CSI_DATA,36496,d8:b1:90:db:e8:90,-57,11,1,7,0,0,1,0,0,0,1,-94,0,8,0,571660496,0,100,0,128,1,"[100,-64,5,0,19,-7,18,-7,18,-7,18,-6,18,-6,17,-7,17,-7,17,-8,17,-9,17,-9,17,-9,17,-9,17,-9,17,-9,17,-9,17,-9,17,-9,17,-8,17,-8,18,-8,17,-7,17,-7,17,-6,18,-6,19,-5,4,-2,0,0,0,0,0,0,0,0,0,0,0,0,0,0,0,0,0,0,5,-1,23,-3,23,-3,22,-2,22,-1,22,0,22,0,22,0,23,0,23,1,23,1,23,1,23,1,23,1,22,1,22,1,21,1,21,0,21,0,21,-1,21,-2,20,-2,20,-3,20,-3,20,-4,20,-5,19,-6]"
CSI_DATA,36497,d8:b1:90:db:e8:90,-57,11,1,7,0,0,1,0,0,0,1,-94,0,8,0,571676425,0,100,0,128,1,"[100,-64,5,0,0,20,0,20,1,19,2,18,3,18,4,17,4,17,4,17,4,17,4,17,5,18,5,18,5,18,5,18,5,18,5,18,4,17,4,17,3,17,3,18,3,18,3,18,2,18,1,18,0,18,0,4,0,0,0,0,0,0,0,0,0,0,0,0,0,0,0,0,0,0,-1,5,-2,23,-3,23,-4,23,-6,23,-6,23,-7,23,-7,24,-8,23,-8,23,-9,23,-9,23,-9,22,-9,22,-9,22,-8,22,-7,21,-7,21,-7,21,-6,21,-5,20,-4,20,-3,20,-3,20,-2,20,-1,20,-1,20]"
CSI_DATA,36498,d8:b1:90:db:e8:90,-58,11,1,7,0,0,1,0,0,0,1,-94,0,8,0,571704839,0,100,0,128,1,"[100,-64,5,0,-14,12,-14,12,-13,12,-12,12,-12,12,-11,12,-11,12,-11,13,-11,13,-10,14,-10,14,-10,15,-10,15,-10,15,-10,15,-10,15,-10,16,-11,15,-11,15,-11,16,-11,16,-11,15,-11,15,-12,15,-13,15,-4,3,0,0,0,0,0,0,0,0,0,0,0,0,0,0,0,0,0,0,-5,4,-18,17,-19,16,-19,14,-20,13,-20,13,-20,13,-20,13,-21,13,-21,12,-21,12,-21,12,-21,12,-20,12,-20,12,-20,11,-19,10,-19,10,-18,11,-17,11,-17,11,-16,11,-16,12,-15,12,-14,12,-14,12,-14,13]"
CSI_DATA,36499,d8:b1:90:db:e8:90,-58,11,1,7,0,0,1,0,0,0,1,-94,0,8,0,571715306,0,100,0,128,1,"[100,-64,5,0,-10,16,-10,16,-9,16,-8,15,-7,15,-7,15,-6,15,-6,16,-6,16,-6,16,-5,16,-5,16,-4,17,-5,17,-5,17,-5,17,-5,18,-5,17,-6,17,-5,18,-5,18,-6,17,-6,17,-7,17,-8,17,-2,4,0,0,0,0,0,0,0,0,0,0,0,0,0,0,0,0,0,0,-4,5,-13,21,-14,21,-15,20,-16,19,-16,19,-17,18,-17,18,-17,17,-18,17,-18,17,-18,17,-18,17,-17,17,-17,16,-17,16,-16,16,-16,16,-15,16,-14,16,-13,16,-12,16,-12,16,-12,16,-11,16,-11,16,-10,16]"
CSI_DATA,36500,d8:b1:90:db:e8:90,-58,11,1,7,0,0,1,0,0,0,1,-94,0,8,0,571726967,0,100,0,128,1,"[100,-64,5,0,-8,16,-8,16,-8,15,-8,15,-7,14,-7,14,-6,14,-6,15,-6,16,-6,16,-5,16,-4,17,-4,17,-4,17,-4,17,-4,18,-4,18,-4,18,-4,18,-4,18,-3,18,-3,18,-4,18,-5,19,-6,19,-2,4,0,0,0,0,0,0,0,0,0,0,0,0,0,0,0,0,0,0,-3,5,-11,21,-12,20,-13,20,-13,20,-14,19,-14,19,-15,19,-15,19,-15,19,-15,18,-16,18,-16,18,-15,17,-15,17,-15,16,-14,16,-14,15,-13,15,-13,15,-12,15,-11,16,-11,16,-10,16,-9,16,-9,15,-10,15]"
CSI_DATA,36501,d8:b1:90:db:e8:90,-57,11,1,7,0,0,1,0,0,0,1,-94,0,8,0,571738198,0,100,0,128,1,"[100,-64,5,0,-12,14,-12,13,-12,13,-12,13,-11,13,-11,12,-11,13,-11,14,-11,14,-10,14,-10,14,-10,15,-10,16,-10,16,-10,16,-10,16,-11,16,-11,16,-11,15,-11,16,-11,16,-11,16,-12,15,-13,15,-13,15,-4,3,0,0,0,0,0,0,0,0,0,0,0,0,0,0,0,0,0,0,-5,4,-18,15,-20,15,-21,14,-21,13,-21,13,-21,12,-21,12,-21,12,-21,11,-22,11,-21,11,-21,11,-21,10,-20,10,-20,10,-20,10,-19,11,-18,11,-18,12,-17,12,-16,12,-16,12,-15,13,-15,13,-14,13,-14,13]"
CSI_DATA,36502,d8:b1:90:db:e8:90,-58,11,1,7,0,0,1,0,0,0,1,-94,0,8,0,571748722,0,100,0,128,1,"[100,-64,5,0,8,-15,8,-15,8,-15,8,-14,8,-14,7,-14,7,-14,7,-15,6,-16,6,-16,5,-16,5,-17,5,-17,5,-17,6,-18,5,-18,5,-18,6,-18,6,-18,6,-18,6,-18,6,-18,6,-18,7,-17,7,-17,2,-5,0,0,0,0,0,0,0,0,0,0,0,0,0,0,0,0,0,0,3,-5,14,-19,14,-18,14,-16,15,-16,16,-16,17,-15,17,-15,17,-15,17,-14,17,-14,17,-14,17,-14,16,-14,16,-14,16,-14,15,-14,15,-14,14,-14,13,-14,12,-14,12,-14,11,-14,11,-15,10,-15,10,-15,10,-15]"
CSI_DATA,36503,d8:b1:90:db:e8:90,-58,11,1,7,0,0,1,0,0,0,1,-94,0,8,0,571766373,0,100,0,128,1,"[100,-64,5,0,6,-17,5,-17,5,-17,4,-17,3,-16,3,-16,3,-17,3,-17,3,-17,2,-17,1,-18,0,-18,0,-18,1,-18,1,-19,1,-19,1,-19,1,-19,1,-19,1,-19,1,-19,1,-19,1,-19,2,-19,2,-18,0,-5,0,0,0,0,0,0,0,0,0,0,0,0,0,0,0,0,0,0,1,-6,8,-22,10,-22,11,-21,12,-21,12,-21,13,-20,13,-20,13,-20,14,-20,14,-19,13,-19,13,-19,13,-18,12,-18,12,-18,12,-18,11,-18,11,-18,10,-18,9,-17,8,-17,8,-17,8,-17,7,-17,7,-17,7,-18]"
CSI_DATA,36504,d8:b1:90:db:e8:90,-56,11,1,7,0,0,1,0,0,0,1,-94,0,8,0,571776453,0,100,0,128,1,"[100,-64,5,0,18,5,18,4,18,4,18,3,17,3,17,2,17,1,17,1,17,1,17,1,17,1,18,0,18,-1,18,-1,18,-1,19,0,19,-1,19,0,19,0,19,0,19,1,18,1,18,2,18,2,19,3,4,0,0,0,0,0,0,0,0,0,0,0,0,0,0,0,0,0,0,0,6,1,24,5,24,6,23,7,23,8,23,9,23,10,23,11,22,12,22,12,22,12,22,12,21,12,21,12,21,12,20,11,20,10,20,10,20,10,19,9,19,8,19,8,19,7,19,7,19,6,19,6,19,6]"
CSI_DATA,36505,d8:b1:90:db:e8:90,-56,11,1,7,0,0,1,0,0,0,1,-94,0,8,0,571801934,0,100,0,128,1,"[100,-64,5,0,1,-21,1,-21,1,-21,1,-20,1,-20,0,-20,0,-19,-1,-20,-1,-20,-2,-20,-2,-20,-3,-20,-3,-20,-2,-20,-2,-20,-3,-20,-2,-21,-2,-20,-2,-20,-2,-20,-2,-20,-2,-20,-1,-20,0,-20,1,-20,0,-5,0,0,0,0,0,0,0,0,0,0,0,0,0,0,0,0,0,0,0,-7,3,-27,5,-27,6,-26,7,-26,8,-26,8,-26,9,-26,9,-27,9,-27,9,-26,10,-26,10,-25,9,-25,9,-25,9,-24,9,-24,9,-24,8,-23,6,-23,5,-23,5,-23,4,-23,4,-23,4,-23,4,-22,3,-22]"
CSI_DATA,36506,d8:b1:90:db:e8:90,-57,11,1,7,0,0,1,0,0,0,1,-94,0,8,0,571813237,0,100,0,128,1,"[100,-64,5,0,11,-16,11,-16,11,-16,12,-15,12,-15,11,-15,10,-15,9,-16,9,-17,9,-17,8,-17,7,-17,7,-17,8,-17,8,-17,8,-18,8,-18,8,-18,8,-18,8,-18,7,-18,8,-17,9,-17,10,-17,11,-16,2,-4,0,0,0,0,0,0,0,0,0,0,0,0,0,0,0,0,0,0,3,-5,15,-19,16,-18,18,-18,18,-17,19,-16,20,-16,20,-17,21,-17,21,-16,21,-15,21,-15,21,-15,20,-15,20,-15,19,-15,19,-15,18,-16,18,-16,17,-16,16,-16,15,-16,15,-16,15,-16,15,-16,14,-16,13,-16]"
CSI_DATA,36507,d8:b1:90:db:e8:90,-57,11,1,7,0,0,1,0,0,0,1,-94,0,8,0,571825807,0,100,0,128,1,"[100,-64,5,0,19,-1,18,-1,18,-1,18,-2,18,-2,17,-2,17,-3,18,-4,18,-4,18,-4,18,-4,18,-4,18,-4,19,-4,19,-4,19,-4,19,-4,19,-4,19,-4,19,-4,19,-3,18,-2,19,-2,20,-3,20,-4,5,-1,0,0,0,0,0,0,0,0,0,0,0,0,0,0,0,0,0,0,6,-1,25,-1,25,0,24,1,24,2,25,3,25,4,24,4,23,5,24,5,25,5,25,5,25,6,24,6,24,6,23,5,22,5,22,4,22,4,22,3,22,3,21,2,21,2,21,1,20,1,20,0,20,0]"
CSI_DATA,36508,d8:b1:90:db:e8:90,-56,11,1,7,0,0,1,0,0,0,1,-94,0,8,0,571836611,0,100,0,128,1,"[100,-64,5,0,11,16,11,16,11,15,12,15,12,14,12,14,12,13,12,13,12,12,12,12,13,12,13,13,13,13,13,13,13,12,13,13,13,12,12,12,12,12,12,13,12,14,12,14,11,14,11,14,10,15,2,3,0,0,0,0,0,0,0,0,0,0,0,0,0,0,0,0,0,0,3,5,13,24,13,25,12,25,11,25,10,25,9,26,9,26,8,26,8,26,7,26,7,27,8,27,8,26,7,26,7,25,7,24,7,23,8,23,9,22,9,22,10,22,10,21,11,20,11,19,11,19,11,18]"
CSI_DATA,36509,d8:b1:90:db:e8:90,-56,11,1,7,0,0,1,0,0,0,1,-94,0,8,0,571848310,0,100,0,128,1,"[100,-64,5,0,9,18,9,17,9,16,10,16,10,15,10,15,10,14,10,14,10,13,10,13,11,13,12,13,12,13,12,13,12,13,12,13,12,13,12,13,11,13,11,13,11,14,11,14,11,14,10,14,10,14,2,3,0,0,0,0,0,0,0,0,0,0,0,0,0,0,0,0,0,0,2,6,10,25,9,26,8,26,7,27,6,27,6,27,6,28,5,28,4,28,4,29,4,28,4,28,4,27,4,27,4,26,4,25,4,25,5,24,5,23,6,22,7,22,7,21,8,21,8,21,8,20,8,20]"
CSI_DATA,36510,d8:b1:90:db:e8:90,-57,11,1,7,0,0,1,0,0,0,1,-94,0,8,0,571868983,0,100,0,128,1,"[100,-64,5,0,-6,-18,-6,-17,-6,-17,-7,-17,-7,-16,-8,-16,-8,-15,-9,-15,-9,-14,-9,-14,-10,-14,-11,-14,-12,-13,-12,-13,-12,-13,-13,-14,-13,-14,-12,-14,-12,-14,-12,-14,-12,-14,-12,-15,-12,-15,-11,-15,-11,-16,-3,-4,0,0,0,0,0,0,0,0,0,0,0,0,0,0,0,0,0,0,-2,-7,-8,-26,-6,-26,-4,-26,-3,-26,-2,-26,-2,-27,-2,-27,-2,-27,-2,-27,-1,-27,-1,-27,-1,-27,-1,-26,-1,-25,-1,-25,-2,-24,-2,-23,-3,-23,-4,-22,-4,-22,-4,-22,-5,-21,-5,-21,-6,-20,-6,-20,-6,-20]"
CSI_DATA,36511,d8:b1:90:db:e8:90,-57,11,1,7,0,0,1,0,0,0,1,-94,0,8,0,571905503,0,100,0,128,1,"[100,-64,5,0,7,16,8,15,8,15,9,14,9,14,10,13,9,13,8,14,7,13,8,13,9,14,10,14,10,14,10,13,10,14,11,14,11,14,11,13,11,13,11,14,11,14,11,14,10,15,10,15,9,15,2,4,0,0,0,0,0,0,0,0,0,0,0,0,0,0,0,0,0,0,3,5,12,23,11,24,10,24,9,25,8,25,8,25,8,24,7,24,7,25,6,25,7,25,7,24,7,24,7,24,7,23,7,22,7,22,7,21,7,21,8,20,8,20,8,19,8,18,8,18,8,17,9,17]"
CSI_DATA,36512,d8:b1:90:db:e8:90,-56,11,1,7,0,0,1,0,0,0,1,-94,0,8,0,571915682,0,100,0,128,1,"[100,-64,5,0,19,3,18,3,18,3,18,2,18,1,17,1,17,0,17,-1,17,-1,16,-1,17,-1,17,-2,17,-3,17,-3,17,-3,18,-3,18,-3,17,-3,17,-3,18,-2,17,-2,17,-1,17,0,18,0,18,1,4,0,0,0,0,0,0,0,0,0,0,0,0,0,0,0,0,0,0,0,6,1,25,8,24,10,24,11,24,12,24,12,24,13,24,13,24,13,23,15,23,16,23,15,22,15,21,15,21,14,22,12,22,12,21,11,21,11,21,11,21,10,21,10,20,9,20,8,20,7,20,6,20,5]"
CSI_DATA,36513,d8:b1:90:db:e8:90,-58,11,1,7,0,0,1,0,0,0,1,-94,0,8,0,571930974,0,100,0,128,1,"[100,-64,5,0,-17,-5,-17,-5,-17,-4,-17,-4,-17,-3,-17,-3,-17,-3,-16,-2,-16,-1,-16,-1,-17,-1,-17,-1,-18,-1,-18,0,-18,0,-18,0,-18,1,-18,1,-18,1,-18,0,-18,0,-18,-1,-18,-1,-19,-1,-19,-2,-5,-1,0,0,0,0,0,0,0,0,0,0,0,0,0,0,0,0,0,0,-7,-3,-24,-10,-23,-11,-22,-12,-22,-13,-22,-13,-22,-14,-22,-14,-23,-14,-22,-14,-22,-15,-21,-15,-21,-15,-21,-15,-21,-14,-20,-14,-20,-13,-20,-12,-19,-11,-19,-11,-19,-10,-19,-9,-19,-9,-19,-8,-19,-8,-19,-7,-18,-6]"
CSI_DATA,36514,d8:b1:90:db:e8:90,-58,11,1,7,0,0,1,0,0,0,1,-94,0,8,0,571943058,0,100,0,128,1,"[100,-64,5,0,2,17,2,16,2,16,3,16,3,15,3,15,3,15,3,16,4,16,4,16,5,16,6,16,6,16,6,15,6,16,7,17,7,17,6,17,6,17,7,17,7,17,7,17,6,17,6,17,5,17,1,4,0,0,0,0,0,0,0,0,0,0,0,0,0,0,0,0,0,0,0,6,1,25,0,25,-1,25,-2,25,-2,25,-3,25,-4,26,-4,25,-5,25,-5,25,-5,25,-5,24,-5,24,-4,23,-4,23,-3,22,-3,22,-2,21,-2,20,-1,20,0,19,0,19,1,19,1,19,2,18,1,18]"
CSI_DATA,36515,d8:b1:90:db:e8:90,-57,11,1,7,0,0,1,0,0,0,1,-94,0,8,0,571956708,0,100,0,128,1,"[100,-64,5,0,1,18,1,17,1,17,2,16,2,16,2,16,2,16,2,16,2,16,3,16,4,16,4,16,4,16,4,16,4,16,5,17,5,17,4,17,4,17,4,17,4,17,4,17,3,17,3,17,2,17,0,4,0,0,0,0,0,0,0,0,0,0,0,0,0,0,0,0,0,0,0,6,0,24,-1,24,-2,24,-3,24,-3,25,-4,25,-5,25,-5,25,-6,25,-6,25,-6,25,-6,24,-6,24,-6,23,-5,23,-5,22,-5,22,-4,21,-3,21,-2,20,-2,20,-1,20,0,20,0,19,1,19,1,19]"
CSI_DATA,36516,d8:b1:90:db:e8:90,-58,11,1,7,0,0,1,0,0,0,1,-94,0,8,0,571967730,0,100,0,128,1,"[100,-64,5,0,-15,-9,-15,-8,-15,-8,-15,-8,-15,-7,-15,-7,-15,-6,-15,-5,-15,-5,-16,-4,-16,-4,-17,-4,-18,-3,-18,-3,-18,-3,-19,-3,-19,-2,-19,-3,-19,-3,-19,-3,-19,-3,-19,-4,-19,-4,-19,-4,-19,-4,-5,-2,0,0,0,0,0,0,0,0,0,0,0,0,0,0,0,0,0,0,-6,-3,-21,-12,-20,-14,-20,-15,-20,-16,-20,-16,-19,-17,-18,-17,-18,-17,-18,-18,-18,-17,-17,-17,-17,-17,-17,-17,-17,-17,-17,-16,-17,-15,-17,-14,-16,-14,-16,-13,-16,-12,-16,-12,-16,-11,-16,-10,-16,-10,-16,-10,-16,-10]"
CSI_DATA,36517,d8:b1:90:db:e8:90,-58,11,1,7,0,0,1,0,0,0,1,-94,0,8,0,572004425,0,100,0,128,1,"[100,-64,5,0,11,-13,11,-13,10,-13,10,-13,9,-13,9,-13,8,-13,8,-14,8,-15,8,-15,7,-15,7,-16,7,-17,7,-17,7,-18,7,-18,8,-18,8,-18,8,-19,7,-19,7,-19,7,-19,8,-19,9,-19,9,-19,2,-5,0,0,0,0,0,0,0,0,0,0,0,0,0,0,0,0,0,0,4,-5,16,-17,15,-16,16,-16,17,-15,17,-15,18,-15,18,-15,18,-15,19,-14,19,-14,19,-13,19,-13,18,-13,18,-13,17,-12,16,-12,16,-13,15,-13,15,-12,14,-12,13,-12,13,-12,13,-12,13,-12,13,-12,12,-12]"
CSI_DATA,36518,d8:b1:90:db:e8:90,-58,11,1,7,0,0,1,0,0,0,1,-94,0,8,0,572016425,0,100,0,128,1,"[100,-64,5,0,-5,16,-4,16,-4,16,-3,16,-2,17,-2,16,-1,16,0,17,0,17,1,17,1,17,2,18,2,18,2,18,2,18,2,19,1,19,1,19,1,19,1,19,1,20,1,20,0,20,-1,20,-2,20,-1,5,0,0,0,0,0,0,0,0,0,0,0,0,0,0,0,0,0,0,-2,5,-8,22,-9,22,-10,22,-11,21,-12,21,-12,21,-13,21,-13,20,-14,20,-14,20,-14,20,-13,20,-13,19,-13,19,-12,18,-11,18,-11,18,-10,18,-10,18,-9,17,-8,17,-7,17,-7,17,-6,17,-6,17,-5,17]"
CSI_DATA,36519,d8:b1:90:db:e8:90,-58,11,1,7,0,0,1,0,0,0,1,-94,0,8,0,572027944,0,100,0,128,1,"[100,-64,5,0,-9,14,-9,14,-8,14,-8,15,-7,15,-7,15,-7,15,-7,16,-7,17,-6,17,-6,17,-6,17,-6,18,-6,18,-6,18,-5,19,-6,19,-6,19,-6,19,-6,19,-6,19,-6,19,-7,19,-8,19,-9,19,-3,4,0,0,0,0,0,0,0,0,0,0,0,0,0,0,0,0,0,0,-4,4,-14,19,-14,18,-15,17,-16,16,-16,16,-17,16,-18,15,-18,15,-19,15,-19,15,-18,14,-18,14,-18,13,-17,13,-17,13,-17,13,-16,13,-15,13,-14,13,-13,13,-13,13,-12,14,-12,14,-11,15,-10,14,-10,14]"
CSI_DATA,36520,d8:b1:90:db:e8:90,-57,11,1,7,0,0,1,0,0,0,1,-94,0,8,0,572040263,0,100,0,128,1,"[100,-64,5,0,-18,-6,-16,-5,-15,-4,-17,-4,-18,-4,-18,-4,-17,-5,-18,-4,-19,-3,-21,-4,-21,-4,-20,-3,-20,-2,-21,0,-22,1,-21,0,-20,-1,-20,-1,-19,0,-20,-1,-20,-3,-19,-5,-18,-6,-20,-6,-20,-5,-5,-2,0,0,0,0,0,0,0,0,0,0,0,0,0,0,0,0,0,0,-6,-2,-23,-7,-22,-8,-21,-9,-21,-10,-21,-11,-21,-12,-20,-13,-21,-13,-21,-14,-20,-13,-20,-12,-19,-13,-18,-13,-18,-13,-18,-12,-18,-13,-19,-12,-19,-11,-19,-9,-18,-9,-18,-9,-18,-9,-18,-7,-19,-7,-19,-6,-18,-6]"
CSI_DATA,36521,d8:b1:90:db:e8:90,-58,11,1,7,0,0,1,0,0,0,1,-94,0,8,0,572050428,0,100,0,128,1,"[100,-64,5,0,15,12,15,11,16,10,16,9,16,9,17,9,17,8,18,7,18,6,18,6,19,6,19,6,20,6,20,5,20,5,21,6,22,6,21,6,21,6,21,7,21,7,21,8,20,9,20,9,20,9,5,2,0,0,0,0,0,0,0,0,0,0,0,0,0,0,0,0,0,0,5,3,20,15,20,16,19,18,18,19,18,19,18,19,17,19,16,20,16,20,16,20,15,20,14,21,14,21,14,20,14,20,14,19,14,18,14,18,14,17,14,16,14,16,14,15,15,14,15,14,16,13,16,13]"
CSI_DATA,36522,d8:b1:90:db:e8:90,-56,11,1,7,0,0,1,0,0,0,1,-94,0,8,0,572063251,0,100,0,128,1,"[100,-64,5,0,-3,19,-2,18,-2,18,0,18,0,18,1,18,1,18,2,18,3,17,3,18,4,18,5,18,6,18,5,18,6,18,6,19,6,19,5,19,5,19,5,19,5,19,5,19,5,19,4,19,3,20,0,5,0,0,0,0,0,0,0,0,0,0,0,0,0,0,0,0,0,0,0,6,-1,25,-2,25,-4,25,-5,25,-6,25,-6,25,-6,25,-7,24,-7,24,-7,25,-7,24,-7,24,-7,23,-7,23,-7,22,-7,21,-7,21,-6,21,-6,20,-5,20,-5,20,-4,20,-4,20,-3,20,-3,19,-3,19]"
CSI_DATA,36523,d8:b1:90:db:e8:90,-57,11,1,7,0,0,1,0,0,0,1,-94,0,8,0,572078380,0,100,0,128,1,"[100,-64,5,0,-7,18,-7,18,-6,18,-5,18,-4,18,-3,17,-3,17,-2,18,-2,18,-1,18,0,18,1,18,1,19,1,19,1,19,1,19,1,19,0,19,0,19,0,19,0,19,0,19,-1,19,-2,19,-3,19,-1,4,0,0,0,0,0,0,0,0,0,0,0,0,0,0,0,0,0,0,-2,5,-9,23,-11,22,-12,21,-13,22,-14,22,-14,21,-15,21,-14,21,-15,21,-15,21,-14,21,-14,20,-14,20,-14,19,-14,19,-13,18,-13,18,-12,18,-12,18,-11,18,-10,18,-10,18,-9,18,-9,18,-8,18,-8,19]"
CSI_DATA,36524,d8:b1:90:db:e8:90,-56,11,1,7,0,0,1,0,0,0,1,-94,0,8,0,572110027,0,100,0,128,1,"[100,-64,5,0,11,-17,11,-17,10,-17,9,-17,9,-16,8,-16,8,-17,8,-17,7,-18,7,-18,6,-18,5,-18,5,-18,6,-18,6,-18,5,-19,5,-19,5,-19,5,-19,5,-19,4,-19,4,-18,5,-18,5,-18,6,-18,1,-5,0,0,0,0,0,0,0,0,0,0,0,0,0,0,0,0,0,0,3,-6,13,-23,14,-22,15,-22,16,-21,17,-20,17,-20,18,-20,20,-20,21,-20,20,-19,19,-19,19,-19,19,-19,19,-18,18,-18,17,-18,17,-18,16,-18,16,-18,16,-17,15,-17,15,-17,14,-17,13,-16,13,-16,13,-17]"
CSI_DATA,36525,d8:b1:90:db:e8:90,-56,11,1,7,0,0,1,0,0,0,1,-94,0,8,0,572120781,0,100,0,128,1,"[100,-64,5,0,-7,-20,-7,-20,-7,-19,-8,-18,-8,-17,-9,-17,-9,-16,-9,-16,-9,-16,-9,-16,-10,-16,-11,-16,-11,-16,-11,-15,-11,-15,-11,-15,-11,-15,-10,-15,-10,-15,-11,-16,-11,-16,-11,-16,-10,-16,-10,-17,-9,-17,-3,-5,0,0,0,0,0,0,0,0,0,0,0,0,0,0,0,0,0,0,-3,-6,-10,-25,-9,-26,-7,-27,-6,-27,-5,-27,-4,-27,-2,-28,-2,-28,-2,-28,-3,-28,-3,-28,-2,-27,-2,-27,-2,-27,-2,-27,-3,-26,-3,-25,-3,-25,-4,-24,-5,-24,-6,-23,-6,-23,-6,-22,-7,-22,-7,-21,-7,-21]"
CSI_DATA,36526,d8:b1:90:db:e8:90,-57,11,1,7,0,0,1,0,0,0,1,-94,0,8,0,572139561,0,100,0,128,1,"[100,-64,5,0,14,-14,13,-14,12,-14,12,-14,11,-14,10,-13,10,-14,10,-14,9,-14,9,-14,8,-14,8,-15,9,-15,9,-15,9,-15,9,-15,9,-15,9,-15,9,-15,9,-15,9,-15,9,-15,10,-15,11,-15,12,-14,3,-4,0,0,0,0,0,0,0,0,0,0,0,0,0,0,0,0,0,0,4,-5,19,-19,20,-18,20,-17,21,-15,21,-15,22,-15,23,-14,24,-14,24,-14,24,-13,24,-13,23,-13,23,-12,23,-12,22,-13,21,-13,21,-13,20,-13,19,-14,18,-14,18,-14,17,-14,16,-14,16,-15,15,-14,15,-14]"
CSI_DATA,36527,d8:b1:90:db:e8:90,-57,11,1,7,0,0,1,0,0,0,1,-94,0,8,0,572156998,0,100,0,128,1,"[100,-64,5,0,1,-19,0,-19,0,-18,0,-18,-1,-18,-1,-17,-2,-17,-2,-17,-3,-17,-3,-17,-4,-17,-4,-17,-4,-17,-4,-17,-4,-17,-4,-17,-3,-17,-3,-17,-3,-17,-3,-17,-3,-17,-3,-18,-3,-18,-2,-18,-1,-18,-1,-5,0,0,0,0,0,0,0,0,0,0,0,0,0,0,0,0,0,0,0,-7,2,-27,3,-27,4,-26,5,-26,6,-26,7,-26,7,-26,7,-27,8,-27,8,-27,9,-27,9,-26,8,-26,8,-26,7,-25,7,-25,6,-24,6,-24,5,-24,4,-23,3,-23,3,-23,2,-22,2,-22,2,-21,2,-21]"
CSI_DATA,36528,d8:b1:90:db:e8:90,-56,11,1,7,0,0,1,0,0,0,1,-94,0,8,0,572176451,0,100,0,128,1,"[100,-64,5,0,-19,5,-18,5,-17,5,-17,5,-16,5,-16,5,-15,5,-15,6,-15,7,-14,7,-14,7,-14,7,-15,7,-15,8,-15,8,-15,8,-15,8,-15,8,-16,8,-16,8,-16,7,-16,7,-16,6,-17,6,-18,5,-5,1,0,0,0,0,0,0,0,0,0,0,0,0,0,0,0,0,0,0,-7,1,-28,6,-28,5,-28,4,-28,3,-29,1,-29,1,-30,1,-30,1,-30,1,-30,0,-30,0,-29,0,-29,0,-29,0,-29,1,-28,1,-27,2,-27,2,-26,2,-25,3,-25,4,-24,4,-23,5,-22,5,-21,5,-21,5]"
CSI_DATA,36529,d8:b1:90:db:e8:90,-57,11,1,7,0,0,1,0,0,0,1,-94,0,8,0,572187030,0,100,0,128,1,"[100,-64,5,0,-18,-4,-17,-3,-17,-3,-17,-2,-17,-2,-16,-2,-16,-1,-16,-1,-16,0,-15,0,-16,0,-16,0,-17,0,-17,1,-17,1,-18,1,-18,2,-18,2,-19,2,-19,2,-19,2,-19,1,-19,1,-20,1,-20,0,-5,0,0,0,0,0,0,0,0,0,0,0,0,0,0,0,0,0,0,0,-7,-2,-26,-7,-25,-8,-25,-9,-25,-10,-25,-10,-25,-11,-25,-11,-25,-12,-25,-12,-25,-12,-24,-12,-23,-12,-23,-12,-23,-12,-22,-11,-22,-11,-21,-10,-21,-9,-21,-9,-20,-8,-20,-8,-20,-7,-20,-6,-19,-6,-19,-5,-19,-5]"
CSI_DATA,36530,d8:b1:90:db:e8:90,-57,11,1,7,0,0,1,0,0,0,1,-94,0,8,0,572213549,0,100,0,128,1,"[100,-64,5,0,17,4,16,4,16,3,16,3,16,2,16,2,15,1,15,1,15,1,15,1,15,1,15,1,16,1,16,0,16,0,17,0,17,-1,17,-1,17,-1,17,-1,17,0,17,0,17,0,18,1,18,1,4,0,0,0,0,0,0,0,0,0,0,0,0,0,0,0,0,0,0,0,6,1,26,5,25,5,25,6,25,7,25,8,25,8,26,9,26,10,26,10,25,11,25,11,24,11,23,11,23,11,22,10,21,10,21,9,21,9,21,8,20,8,20,7,19,7,19,6,19,6,19,5,18,5]"
CSI_DATA,36531,d8:b1:90:db:e8:90,-58,11,1,7,0,0,1,0,0,0,1,-94,0,8,0,572225675,0,100,0,128,1,"[100,-64,5,0,12,-12,11,-12,11,-12,11,-12,10,-12,10,-12,10,-12,10,-13,10,-14,9,-14,9,-14,9,-15,9,-15,10,-16,10,-16,9,-16,10,-16,10,-16,10,-16,10,-16,10,-16,10,-16,10,-16,12,-16,12,-16,3,-4,0,0,0,0,0,0,0,0,0,0,0,0,0,0,0,0,0,0,5,-4,20,-15,20,-14,21,-13,21,-12,21,-12,22,-12,22,-12,23,-11,23,-11,23,-11,24,-10,23,-10,22,-10,21,-10,20,-10,19,-10,19,-10,18,-11,17,-11,16,-11,15,-11,15,-12,15,-12,14,-11,14,-11,13,-12]"
CSI_DATA,36532,d8:b1:90:db:e8:90,-57,11,1,7,0,0,1,0,0,0,1,-94,0,8,0,572236949,0,100,0,128,1,"[100,-64,5,0,14,10,14,9,14,9,14,9,14,9,13,8,14,7,14,7,14,6,15,6,15,6,16,6,16,6,16,6,16,6,16,7,16,7,16,7,16,7,16,7,16,8,15,9,15,9,15,9,15,9,3,2,0,0,0,0,0,0,0,0,0,0,0,0,0,0,0,0,0,0,4,3,18,16,17,17,17,18,16,19,16,20,16,20,15,20,15,20,15,20,15,20,14,20,14,20,14,19,14,19,13,19,13,18,13,17,13,16,13,15,14,14,14,14,14,13,14,13,14,12,14,12,14,11]"
CSI_DATA,36533,d8:b1:90:db:e8:90,-56,11,1,7,0,0,1,0,0,0,1,-94,0,8,0,572248530,0,100,0,128,1,"[100,-64,5,0,12,-15,11,-14,11,-14,11,-15,10,-15,10,-15,9,-15,9,-16,8,-17,8,-17,8,-17,7,-18,8,-18,8,-18,9,-18,9,-19,9,-19,9,-19,10,-18,9,-18,9,-18,9,-17,10,-17,10,-16,11,-16,2,-4,0,0,0,0,0,0,0,0,0,0,0,0,0,0,0,0,0,0,4,-5,16,-17,18,-17,19,-18,20,-18,20,-17,21,-16,21,-16,22,-16,21,-15,21,-16,21,-16,21,-15,21,-14,21,-14,20,-13,18,-13,18,-14,17,-14,17,-14,16,-14,15,-14,14,-14,14,-14,13,-14,13,-14,13,-15]"
CSI_DATA,36534,d8:b1:90:db:e8:90,-56,11,1,7,0,0,1,0,0,0,1,-94,0,8,0,572266664,0,100,0,128,1,"[100,-64,5,0,15,13,15,13,15,12,15,12,16,11,16,11,16,10,16,10,16,9,16,9,17,9,17,10,17,9,17,9,17,9,18,10,18,10,17,9,17,9,17,9,17,9,16,10,16,10,16,10,15,11,3,2,0,0,0,0,0,0,0,0,0,0,0,0,0,0,0,0,0,0,4,4,19,16,18,17,17,19,16,19,16,20,15,20,15,20,15,21,15,21,15,21,14,21,14,21,14,21,13,20,13,20,12,19,12,18,13,18,13,17,14,17,14,16,14,16,15,15,15,15,15,14,15,14]"
CSI_DATA,36535,d8:b1:90:db:e8:90,-55,11,1,7,0,0,1,0,0,0,1,-94,0,8,0,572276909,0,100,0,128,1,"[100,-64,5,0,12,-20,11,-19,11,-19,11,-20,10,-20,9,-20,8,-20,8,-20,8,-20,8,-20,7,-20,7,-20,7,-20,8,-20,8,-20,8,-20,8,-20,8,-20,8,-20,8,-19,8,-19,8,-18,9,-17,10,-17,10,-17,2,-5,0,0,0,0,0,0,0,0,0,0,0,0,0,0,0,0,0,0,4,-6,16,-22,16,-21,17,-20,18,-19,20,-19,21,-19,21,-19,21,-19,21,-18,21,-18,22,-18,22,-18,22,-17,21,-17,20,-17,20,-17,19,-17,19,-17,18,-17,17,-18,16,-18,16,-19,15,-19,15,-19,15,-19,14,-19]"
CSI_DATA,36536,d8:b1:90:db:e8:90,-55,11,1,7,0,0,1,0,0,0,1,-94,0,8,0,572311636,0,100,0,128,1,"[100,-64,5,0,-14,-18,-14,-17,-14,-17,-15,-16,-15,-15,-15,-15,-15,-14,-15,-13,-14,-13,-15,-12,-15,-13,-15,-13,-15,-13,-14,-12,-14,-12,-15,-12,-14,-12,-14,-11,-13,-12,-13,-12,-12,-13,-12,-13,-12,-13,-11,-13,-10,-14,-3,-4,0,0,0,0,0,0,0,0,0,0,0,0,0,0,0,0,0,0,-4,-5,-16,-20,-14,-22,-13,-23,-13,-23,-12,-24,-11,-25,-11,-25,-12,-25,-11,-25,-11,-26,-10,-26,-10,-26,-10,-26,-10,-26,-10,-25,-10,-24,-10,-23,-10,-23,-11,-22,-11,-21,-12,-21,-12,-21,-13,-21,-13,-21,-13,-20,-13,-20]"
CSI_DATA,36537,d8:b1:90:db:e8:90,-55,11,1,7,0,0,1,0,0,0,1,-94,0,8,0,572323647,0,100,0,128,1,"[100,-64,5,0,-11,19,-11,19,-10,18,-9,18,-9,18,-8,17,-7,17,-6,18,-6,19,-5,18,-4,18,-4,19,-4,19,-4,19,-4,19,-3,19,-4,18,-4,17,-4,18,-3,18,-2,19,-2,18,-2,17,-2,15,-2,14,-1,3,0,0,0,0,0,0,0,0,0,0,0,0,0,0,0,0,0,0,-4,7,-14,28,-15,26,-16,25,-18,24,-18,24,-19,23,-19,24,-19,24,-20,23,-20,23,-20,23,-20,22,-19,22,-19,21,-19,21,-19,21,-18,21,-17,21,-16,20,-14,20,-14,20,-14,20,-14,20,-13,20,-13,19,-13,19]"
CSI_DATA,36538,d8:b1:90:db:e8:90,-55,11,1,7,0,0,1,0,0,0,1,-94,0,8,0,572333979,0,100,0,128,1,"[100,-64,5,0,-22,-3,-22,-3,-21,-2,-21,-2,-20,-1,-19,-1,-19,0,-19,1,-18,1,-18,1,-18,1,-18,1,-18,2,-18,3,-18,3,-18,3,-18,2,-18,2,-18,2,-18,2,-18,2,-18,1,-18,1,-18,0,-18,0,-5,0,0,0,0,0,0,0,0,0,0,0,0,0,0,0,0,0,0,0,-8,-1,-29,-3,-29,-5,-28,-6,-29,-7,-29,-8,-29,-9,-29,-9,-29,-10,-29,-10,-29,-11,-29,-11,-28,-11,-27,-11,-27,-11,-28,-11,-28,-10,-28,-10,-27,-10,-26,-10,-25,-10,-25,-9,-25,-8,-25,-6,-25,-6,-24,-5,-23,-5]"
CSI_DATA,36539,d8:b1:90:db:e8:90,-55,11,1,7,0,0,1,0,0,0,1,-94,0,8,0,572349705,0,100,0,128,1,"[100,-64,5,0,19,5,18,4,18,4,18,3,17,2,17,2,16,1,16,1,16,0,15,0,15,0,16,0,16,0,16,-1,16,-1,16,-1,17,-2,16,-2,17,-1,17,-1,17,-1,16,0,16,0,17,0,17,0,4,0,0,0,0,0,0,0,0,0,0,0,0,0,0,0,0,0,0,0,6,2,27,8,26,9,24,9,24,10,24,11,24,11,24,12,24,13,25,13,24,14,24,14,23,15,22,15,22,14,21,14,21,14,21,13,21,12,21,11,21,10,21,10,21,9,20,9,19,8,19,8,19,7]"
CSI_DATA,36540,d8:b1:90:db:e8:90,-55,11,1,7,0,0,1,0,0,0,1,-94,0,8,0,572360971,0,100,0,128,1,"[100,-64,5,0,21,3,20,3,20,2,20,2,20,1,19,1,18,0,18,-1,17,-1,17,-1,17,-1,18,-1,18,-1,18,-2,18,-2,19,-3,19,-3,19,-3,18,-3,19,-3,19,-2,18,-1,19,-1,19,-2,20,-1,5,-1,0,0,0,0,0,0,0,0,0,0,0,0,0,0,0,0,0,0,7,1,29,6,29,7,29,9,29,10,29,11,29,11,28,12,28,13,28,13,28,13,27,13,27,13,27,13,26,14,26,14,25,14,25,13,25,12,25,11,25,10,24,9,24,8,23,7,23,7,23,6,23,5]"
CSI_DATA,36541,d8:b1:90:db:e8:90,-55,11,1,7,0,0,1,0,0,0,1,-94,0,8,0,572376675,0,100,0,128,1,"[100,-64,5,0,21,0,20,0,20,0,20,0,19,0,19,-1,18,-2,18,-2,17,-3,17,-3,17,-3,16,-4,16,-5,17,-5,17,-6,17,-6,17,-6,17,-5,17,-5,17,-6,17,-6,17,-5,17,-4,18,-4,18,-4,4,-1,0,0,0,0,0,0,0,0,0,0,0,0,0,0,0,0,0,0,7,-1,29,-1,29,-1,29,1,29,2,29,3,30,4,30,4,30,4,31,5,31,6,30,6,30,6,29,6,29,6,29,6,28,5,27,4,27,4,27,4,26,4,25,3,25,2,25,2,24,2,24,2,23,1]"
CSI_DATA,36542,d8:b1:90:db:e8:90,-55,11,1,7,0,0,1,0,0,0,1,-94,0,8,0,572416187,0,100,0,128,1,"[100,-64,5,0,-21,9,-20,9,-19,10,-18,10,-17,10,-16,10,-15,10,-15,11,-15,12,-15,12,-14,12,-14,13,-15,13,-15,14,-15,14,-15,14,-15,14,-15,14,-15,13,-15,13,-15,13,-15,12,-15,12,-17,12,-17,12,-5,3,0,0,0,0,0,0,0,0,0,0,0,0,0,0,0,0,0,0,-7,3,-25,12,-26,11,-27,9,-28,8,-28,7,-29,7,-29,7,-29,7,-29,6,-29,6,-30,6,-29,5,-28,4,-28,4,-28,5,-27,6,-26,6,-26,6,-25,6,-25,7,-24,7,-24,7,-23,8,-23,8,-23,8,-23,8]"
CSI_DATA,36543,d8:b1:90:db:e8:90,-55,11,1,7,0,0,1,0,0,0,1,-94,0,8,0,572426426,0,100,0,128,1,"[100,-64,5,0,17,9,17,8,17,7,17,7,16,7,16,6,16,5,17,4,17,4,16,4,17,4,17,3,17,3,17,2,17,2,18,3,18,2,18,2,18,2,18,2,18,3,17,3,17,4,17,4,17,5,4,1,0,0,0,0,0,0,0,0,0,0,0,0,0,0,0,0,0,0,6,2,23,10,22,10,22,12,21,13,20,14,20,16,20,16,20,15,19,15,18,16,18,17,19,17,20,17,20,17,19,15,18,15,17,15,17,14,18,13,18,13,18,12,18,11,18,11,18,11,18,10,18,10]"
CSI_DATA,36544,d8:b1:90:db:e8:90,-55,11,1,7,0,0,1,0,0,0,1,-94,0,8,0,572436929,0,100,0,128,1,"[100,-64,5,0,21,-1,20,-1,19,-1,19,-2,18,-3,17,-3,17,-4,17,-5,17,-6,17,-6,16,-6,16,-7,16,-7,17,-7,17,-7,17,-7,18,-7,18,-7,18,-7,18,-7,17,-6,17,-6,17,-6,18,-5,18,-5,4,-1,0,0,0,0,0,0,0,0,0,0,0,0,0,0,0,0,0,0,6,-1,26,-4,26,-3,26,-1,26,0,26,1,27,1,26,2,26,3,27,3,26,3,26,3,26,3,26,3,25,4,24,4,24,4,24,3,23,3,23,3,23,2,23,2,23,1,22,0,22,0,21,-1,22,-1]"
CSI_DATA,36545,d8:b1:90:db:e8:90,-55,11,1,7,0,0,1,0,0,0,1,-94,0,8,0,572455831,0,100,0,128,1,"[100,-64,5,0,-22,-11,-22,-10,-21,-9,-21,-8,-20,-7,-19,-7,-20,-6,-20,-5,-20,-4,-20,-4,-20,-4,-20,-3,-21,-2,-21,-2,-21,-2,-21,-2,-21,-2,-21,-3,-21,-3,-21,-4,-21,-4,-20,-5,-20,-5,-21,-5,-21,-6,-6,-2,0,0,0,0,0,0,0,0,0,0,0,0,0,0,0,0,0,0,-7,-3,-28,-11,-28,-12,-27,-14,-27,-16,-27,-17,-26,-17,-26,-18,-25,-18,-25,-19,-25,-19,-24,-19,-23,-19,-23,-19,-23,-19,-23,-18,-22,-17,-23,-17,-23,-17,-23,-16,-23,-16,-23,-15,-22,-14,-22,-13,-22,-12,-22,-11,-22,-11]"
CSI_DATA,36546,d8:b1:90:db:e8:90,-57,11,1,7,0,0,1,0,0,0,1,-94,0,8,0,572468064,0,100,0,128,1,"[100,-64,5,0,-17,12,-17,12,-16,12,-14,13,-13,13,-12,13,-12,13,-12,14,-12,14,-11,14,-11,14,-11,15,-11,15,-11,15,-11,15,-11,16,-11,16,-12,16,-12,16,-12,16,-12,16,-11,15,-12,15,-13,15,-14,15,-4,3,0,0,0,0,0,0,0,0,0,0,0,0,0,0,0,0,0,0,-6,4,-22,16,-23,15,-23,14,-24,13,-25,13,-25,13,-25,13,-25,13,-26,12,-26,12,-26,12,-26,12,-26,11,-25,11,-25,10,-24,10,-24,10,-23,11,-22,12,-22,12,-21,12,-21,13,-20,12,-19,12,-19,12,-18,13]"
CSI_DATA,36547,d8:b1:90:db:e8:90,-56,11,1,7,0,0,1,0,0,0,1,-94,0,8,0,572486559,0,100,0,128,1,"[100,-64,5,0,-16,-13,-15,-12,-15,-12,-16,-11,-16,-10,-16,-10,-16,-9,-16,-8,-16,-8,-16,-7,-16,-8,-17,-8,-17,-7,-17,-7,-18,-7,-18,-7,-18,-7,-18,-7,-18,-7,-19,-7,-19,-8,-18,-9,-18,-9,-19,-9,-19,-10,-5,-3,0,0,0,0,0,0,0,0,0,0,0,0,0,0,0,0,0,0,-6,-5,-23,-19,-21,-19,-20,-20,-19,-21,-18,-22,-18,-23,-18,-24,-18,-25,-17,-25,-17,-26,-16,-26,-16,-26,-16,-25,-16,-24,-15,-23,-15,-22,-15,-22,-16,-21,-16,-20,-17,-19,-17,-19,-17,-18,-17,-18,-17,-18,-17,-17,-17,-16]"
CSI_DATA,36548,d8:b1:90:db:e8:90,-57,11,1,7,0,0,1,0,0,0,1,-94,0,8,0,572513110,0,100,0,128,1,"[100,-64,5,0,17,6,16,6,16,5,15,4,15,3,14,3,14,2,14,1,14,0,14,0,15,0,15,0,15,0,15,-1,16,-1,16,-1,17,-1,17,-1,17,-1,18,-1,18,0,18,1,18,1,19,2,19,2,4,0,0,0,0,0,0,0,0,0,0,0,0,0,0,0,0,0,0,0,6,2,27,11,26,12,24,13,24,14,24,15,24,16,24,16,24,16,23,17,23,17,23,17,23,17,22,17,22,16,22,15,22,14,21,14,21,13,20,13,20,12,20,11,20,10,20,9,19,9,19,8,19,8]"
CSI_DATA,36549,d8:b1:90:db:e8:90,-56,11,1,7,0,0,1,0,0,0,1,-94,0,8,0,572528561,0,100,0,128,1,"[100,-64,5,0,13,9,11,7,11,4,12,2,13,0,15,0,16,0,16,2,16,3,14,4,13,4,12,3,12,0,12,-2,14,-4,16,-4,18,-4,19,-3,20,-2,19,-1,18,-1,17,-1,16,-2,17,-4,17,-4,4,-1,0,0,0,0,0,0,0,0,0,0,0,0,0,0,0,0,0,0,6,4,25,16,24,17,23,17,23,18,23,18,22,18,23,18,22,19,20,19,21,19,21,18,21,18,22,17,22,17,21,17,21,18,20,18,19,17,17,15,17,13,16,11,17,9,18,9,20,9,20,10,20,10]"
CSI_DATA,36550,d8:b1:90:db:e8:90,-56,11,1,7,0,0,1,0,0,0,1,-94,0,8,0,572540679,0,100,0,128,1,"[100,-64,5,0,-2,-17,-2,-16,-3,-15,-3,-15,-4,-14,-4,-13,-5,-13,-5,-14,-5,-14,-5,-13,-6,-14,-7,-14,-7,-14,-7,-14,-8,-14,-8,-15,-8,-15,-8,-15,-9,-15,-10,-15,-11,-16,-11,-16,-11,-17,-10,-17,-10,-17,-3,-5,0,0,0,0,0,0,0,0,0,0,0,0,0,0,0,0,0,0,-1,-8,-2,-31,0,-30,1,-30,2,-29,3,-30,3,-30,3,-30,3,-30,3,-30,4,-29,5,-29,5,-29,5,-28,5,-28,5,-27,4,-27,3,-26,3,-25,2,-24,2,-23,1,-23,0,-22,1,-22,1,-22,0,-21,0,-20]"
CSI_DATA,36551,d8:b1:90:db:e8:90,-57,11,1,7,0,0,1,0,0,0,1,-94,0,8,0,572557203,0,100,0,128,1,"[100,-64,5,0,-15,5,-14,5,-13,5,-13,6,-12,6,-11,6,-11,7,-11,8,-11,9,-10,9,-10,9,-10,10,-11,11,-11,12,-11,12,-11,13,-12,14,-12,14,-12,14,-13,15,-13,15,-13,15,-14,15,-15,15,-16,15,-4,3,0,0,0,0,0,0,0,0,0,0,0,0,0,0,0,0,0,0,-8,2,-29,7,-29,6,-29,5,-29,4,-29,4,-29,3,-29,2,-29,2,-29,2,-29,1,-28,1,-27,1,-27,1,-26,1,-26,1,-25,1,-25,2,-24,2,-23,3,-22,4,-21,4,-21,4,-20,5,-19,5,-18,5,-18,6]"
CSI_DATA,36552,d8:b1:90:db:e8:90,-57,11,1,7,0,0,1,0,0,0,1,-94,0,8,0,572567753,0,100,0,128,1,"[100,-64,5,0,-4,-15,-4,-14,-4,-13,-5,-13,-5,-13,-5,-13,-6,-12,-7,-12,-8,-12,-8,-12,-10,-12,-11,-14,-11,-14,-11,-14,-12,-14,-12,-15,-12,-15,-12,-15,-12,-15,-13,-16,-14,-16,-14,-17,-14,-17,-13,-17,-12,-18,-3,-5,0,0,0,0,0,0,0,0,0,0,0,0,0,0,0,0,0,0,-2,-7,-5,-28,-3,-28,-2,-29,-1,-29,0,-29,1,-28,2,-28,2,-28,3,-28,3,-28,2,-28,2,-27,2,-27,1,-26,1,-25,1,-24,0,-24,0,-23,-1,-22,-2,-22,-2,-21,-3,-20,-3,-19,-3,-18,-3,-18,-3,-17]"
CSI_DATA,36553,d8:b1:90:db:e8:90,-57,11,1,7,0,0,1,0,0,0,1,-94,0,8,0,572579377,0,100,0,128,1,"[100,-64,5,0,-7,-14,-7,-13,-7,-12,-8,-12,-9,-12,-9,-11,-9,-11,-9,-11,-10,-11,-10,-11,-11,-11,-13,-11,-14,-11,-14,-11,-14,-12,-15,-12,-15,-12,-15,-12,-15,-13,-15,-14,-16,-15,-15,-16,-15,-16,-15,-16,-14,-17,-4,-5,0,0,0,0,0,0,0,0,0,0,0,0,0,0,0,0,0,0,-2,-7,-8,-28,-7,-28,-6,-28,-5,-28,-4,-29,-4,-29,-4,-29,-4,-29,-3,-29,-4,-29,-4,-28,-4,-27,-4,-27,-4,-26,-4,-25,-4,-24,-4,-23,-5,-23,-5,-22,-5,-21,-6,-20,-6,-19,-6,-18,-7,-17,-7,-17,-7,-16]"
CSI_DATA,36554,d8:b1:90:db:e8:90,-57,11,1,7,0,0,1,0,0,0,1,-94,0,8,0,572589728,0,100,0,128,1,"[100,-64,5,0,-13,8,-12,8,-12,8,-11,8,-11,9,-10,9,-10,9,-10,10,-10,11,-10,11,-10,12,-10,13,-10,14,-10,15,-10,15,-10,16,-11,17,-11,17,-11,17,-12,18,-12,18,-13,17,-13,17,-14,17,-15,16,-4,4,0,0,0,0,0,0,0,0,0,0,0,0,0,0,0,0,0,0,-7,3,-26,12,-26,11,-26,10,-27,9,-27,8,-27,8,-27,8,-28,8,-28,8,-27,8,-27,7,-26,7,-25,7,-25,7,-24,7,-23,7,-22,7,-21,7,-20,7,-19,7,-18,8,-18,8,-17,8,-16,7,-15,7,-15,8]"
CSI_DATA,36555,d8:b1:90:db:e8:90,-57,11,1,7,0,0,1,0,0,0,1,-94,0,8,0,572621717,0,100,0,128,1,"[100,-64,5,0,-17,-2,-17,-1,-17,0,-17,1,-17,2,-17,2,-16,2,-16,3,-16,4,-16,5,-17,5,-18,5,-19,6,-19,6,-19,7,-20,7,-20,8,-21,8,-21,7,-21,7,-21,7,-21,7,-21,6,-22,6,-23,5,-6,1,0,0,0,0,0,0,0,0,0,0,0,0,0,0,0,0,0,0,-8,-2,-29,-7,-28,-8,-28,-9,-28,-10,-29,-11,-29,-11,-27,-11,-26,-13,-26,-13,-26,-12,-26,-11,-25,-10,-24,-10,-24,-11,-23,-10,-23,-10,-23,-9,-23,-8,-21,-8,-20,-7,-20,-6,-19,-6,-19,-5,-18,-5,-18,-4,-18,-4]"
CSI_DATA,36556,d8:b1:90:db:e8:90,-56,11,1,7,0,0,1,0,0,0,1,-94,0,8,0,572632678,0,100,0,128,1,"[100,-64,5,0,14,8,13,8,14,7,14,7,15,7,15,6,15,6,16,5,16,4,16,4,17,4,17,4,18,4,18,4,19,4,19,5,19,5,19,5,19,5,19,6,19,7,19,7,19,8,19,8,20,8,4,2,0,0,0,0,0,0,0,0,0,0,0,0,0,0,0,0,0,0,5,4,22,17,21,17,20,18,20,18,19,18,19,18,19,18,18,19,18,19,18,19,17,19,17,18,17,18,16,18,16,17,16,16,16,16,16,15,16,14,16,13,16,12,15,11,15,11,15,11,14,10,14,9]"
CSI_DATA,36557,d8:b1:90:db:e8:90,-57,11,1,7,0,0,1,0,0,0,1,-94,0,8,0,572642798,0,100,0,128,1,"[100,-64,5,0,-15,8,-14,8,-14,8,-14,9,-14,10,-13,10,-13,11,-13,12,-13,13,-12,13,-12,13,-13,14,-13,15,-13,15,-13,16,-13,16,-14,17,-14,16,-15,16,-15,16,-14,16,-14,15,-15,16,-16,16,-17,16,-5,3,0,0,0,0,0,0,0,0,0,0,0,0,0,0,0,0,0,0,-6,2,-24,11,-24,10,-25,10,-25,8,-25,7,-25,7,-25,7,-25,7,-25,7,-25,7,-24,7,-24,7,-23,6,-23,6,-23,6,-22,7,-21,7,-20,7,-19,7,-18,8,-18,8,-18,8,-17,8,-16,8,-16,8,-16,8]"
CSI_DATA,36558,d8:b1:90:db:e8:90,-57,11,1,7,0,0,1,0,0,0,1,-94,0,8,0,572656719,0,100,0,128,1,"[100,-64,5,0,17,2,17,2,17,1,18,1,18,0,18,-1,18,-1,18,-2,19,-2,19,-2,19,-2,19,-2,20,-3,20,-3,21,-3,21,-2,21,-3,21,-3,21,-2,21,-2,21,-1,20,-1,21,0,21,0,22,1,5,0,0,0,0,0,0,0,0,0,0,0,0,0,0,0,0,0,0,0,6,2,26,8,25,9,24,10,23,11,23,11,24,12,24,13,24,13,23,12,22,11,22,11,22,12,22,12,21,12,21,11,21,10,20,10,20,9,20,7,20,6,19,6,19,5,18,4,18,4,18,4,18,3]"
CSI_DATA,36559,d8:b1:90:db:e8:90,-56,11,1,7,0,0,1,0,0,0,1,-94,0,8,0,572676499,0,100,0,128,1,"[100,-64,5,0,14,-12,13,-11,13,-12,13,-13,13,-13,12,-13,12,-14,12,-14,12,-15,12,-15,12,-15,12,-16,12,-16,13,-16,13,-16,13,-17,13,-17,14,-16,14,-16,15,-16,15,-16,15,-15,15,-15,15,-14,16,-14,4,-4,0,0,0,0,0,0,0,0,0,0,0,0,0,0,0,0,0,0,5,-3,23,-11,24,-10,24,-9,25,-9,25,-8,25,-8,25,-8,25,-8,25,-8,25,-7,24,-7,24,-7,23,-7,22,-7,22,-7,21,-7,20,-8,20,-8,19,-9,18,-8,17,-9,16,-9,16,-10,15,-10,15,-10,15,-11]"
CSI_DATA,36560,d8:b1:90:db:e8:90,-57,11,1,7,0,0,1,0,0,0,1,-94,0,8,0,572687890,0,100,0,128,1,"[100,-64,5,0,-18,3,-17,3,-17,4,-17,4,-17,4,-17,5,-17,5,-18,6,-18,7,-18,7,-18,7,-19,7,-19,8,-19,8,-20,8,-20,8,-20,8,-20,8,-20,7,-20,7,-20,6,-20,6,-20,5,-21,5,-21,4,-6,0,0,0,0,0,0,0,0,0,0,0,0,0,0,0,0,0,0,0,-6,0,-24,1,-25,-1,-25,-1,-25,-2,-25,-3,-25,-3,-25,-3,-25,-3,-25,-3,-25,-3,-24,-3,-23,-3,-23,-3,-22,-3,-22,-3,-21,-2,-20,-2,-20,-1,-20,0,-20,1,-20,1,-19,1,-19,1,-19,2,-18,2,-18,3]"
CSI_DATA,36561,d8:b1:90:db:e8:90,-57,11,1,7,0,0,1,0,0,0,1,-94,0,8,0,572707384,0,100,0,128,1,"[100,-64,5,0,-18,3,-18,3,-18,4,-17,4,-17,5,-17,5,-17,6,-18,7,-18,8,-18,8,-18,8,-18,9,-19,9,-19,9,-19,10,-19,9,-20,9,-20,9,-20,8,-20,8,-19,7,-19,7,-19,7,-20,6,-20,5,-5,1,0,0,0,0,0,0,0,0,0,0,0,0,0,0,0,0,0,0,-6,0,-24,0,-24,-1,-24,-2,-24,-3,-25,-3,-24,-4,-24,-4,-24,-4,-24,-4,-24,-4,-24,-4,-23,-4,-23,-3,-22,-3,-21,-3,-21,-3,-20,-2,-20,-1,-20,-1,-20,0,-20,0,-19,1,-19,1,-19,1,-19,2,-19,2]"
CSI_DATA,36562,d8:b1:90:db:e8:90,-57,11,1,7,0,0,1,0,0,0,1,-94,0,8,0,572728557,0,100,0,128,1,"[100,-64,5,0,18,-6,17,-6,17,-6,17,-6,17,-7,17,-7,17,-8,17,-8,17,-9,17,-9,17,-9,17,-10,17,-10,17,-10,18,-10,17,-9,17,-9,18,-9,18,-9,18,-9,18,-9,17,-8,17,-8,18,-7,19,-7,4,-2,0,0,0,0,0,0,0,0,0,0,0,0,0,0,0,0,0,0,5,-2,23,-4,23,-3,23,-3,23,-3,23,-2,23,-2,23,-1,23,-1,23,-1,22,-1,23,-1,23,-1,22,0,22,0,21,0,21,0,20,-1,20,-2,19,-2,19,-2,19,-3,19,-3,18,-4,18,-4,18,-5,18,-5]"
CSI_DATA,36563,d8:b1:90:db:e8:90,-58,11,1,7,0,0,1,0,0,0,1,-94,0,8,0,572739878,0,100,0,128,1,"[100,-64,5,0,-17,-10,-17,-10,-17,-10,-18,-9,-18,-9,-18,-8,-18,-8,-19,-8,-19,-8,-19,-7,-19,-8,-19,-8,-19,-7,-19,-7,-19,-7,-18,-7,-18,-8,-17,-8,-17,-8,-17,-8,-17,-9,-17,-10,-17,-10,-17,-10,-16,-11,-4,-3,0,0,0,0,0,0,0,0,0,0,0,0,0,0,0,0,0,0,-5,-4,-20,-15,-19,-15,-19,-15,-19,-15,-18,-15,-18,-15,-18,-16,-18,-17,-18,-17,-17,-17,-17,-17,-17,-17,-17,-17,-16,-17,-16,-17,-16,-16,-16,-15,-16,-15,-16,-14,-16,-14,-16,-13,-17,-13,-17,-12,-17,-12,-17,-11,-17,-11]"
CSI_DATA,36564,d8:b1:90:db:e8:90,-57,11,1,7,0,0,1,0,0,0,1,-94,0,8,0,572752013,0,100,0,128,1,"[100,-64,5,0,2,-20,2,-20,2,-19,1,-20,0,-19,0,-19,0,-19,-1,-20,-1,-20,-1,-20,-2,-20,-2,-20,-1,-21,-1,-20,-1,-21,-1,-21,-1,-21,0,-20,0,-20,0,-20,0,-20,0,-20,1,-19,2,-19,2,-19,0,-5,0,0,0,0,0,0,0,0,0,0,0,0,0,0,0,0,0,0,1,-6,6,-24,7,-23,9,-22,10,-22,10,-21,11,-21,11,-22,11,-22,12,-22,12,-21,11,-21,11,-21,11,-21,11,-21,10,-20,9,-20,9,-20,8,-20,8,-21,7,-21,6,-21,6,-20,5,-20,4,-20,4,-20,4,-21]"
CSI_DATA,36565,d8:b1:90:db:e8:90,-58,11,1,7,0,0,1,0,0,0,1,-94,0,8,0,572766164,0,100,0,128,1,"[100,-64,5,0,6,-20,6,-20,5,-20,5,-20,4,-20,3,-20,3,-20,3,-21,3,-21,2,-21,1,-21,1,-22,2,-22,2,-22,2,-22,2,-22,2,-22,3,-21,3,-21,3,-21,3,-21,3,-21,3,-21,4,-20,5,-20,1,-5,0,0,0,0,0,0,0,0,0,0,0,0,0,0,0,0,0,0,2,-6,11,-23,12,-22,13,-21,14,-21,15,-20,15,-20,15,-21,16,-21,16,-20,16,-20,16,-20,15,-20,15,-20,14,-19,14,-19,13,-19,13,-19,12,-19,12,-20,11,-20,10,-20,10,-20,9,-20,8,-20,8,-20,8,-20]"
CSI_DATA,36566,d8:b1:90:db:e8:90,-56,11,1,7,0,0,1,0,0,0,1,-94,0,8,0,572777214,0,100,0,128,1,"[100,-64,5,0,15,-15,14,-14,14,-14,14,-15,14,-15,13,-15,13,-15,13,-15,13,-15,13,-15,12,-16,12,-17,12,-17,12,-17,12,-17,11,-17,10,-17,11,-17,11,-17,11,-16,11,-16,11,-15,11,-15,12,-15,13,-14,3,-4,0,0,0,0,0,0,0,0,0,0,0,0,0,0,0,0,0,0,4,-4,18,-16,19,-15,20,-14,20,-14,20,-13,21,-13,21,-13,22,-13,22,-13,22,-13,22,-13,21,-13,21,-12,21,-12,21,-11,20,-11,19,-12,19,-12,19,-12,19,-12,18,-12,18,-13,17,-13,17,-13,16,-13,16,-14]"
CSI_DATA,36567,d8:b1:90:db:e8:90,-56,11,1,7,0,0,1,0,0,0,1,-94,0,8,0,572788188,0,100,0,128,1,"[100,-64,5,0,17,-12,17,-12,16,-12,17,-12,16,-12,16,-13,16,-12,16,-13,16,-13,15,-13,15,-14,15,-15,15,-15,16,-15,15,-15,14,-15,14,-16,14,-15,14,-15,15,-15,15,-14,14,-14,15,-13,16,-13,16,-13,4,-3,0,0,0,0,0,0,0,0,0,0,0,0,0,0,0,0,0,0,5,-4,21,-14,21,-14,22,-13,22,-12,22,-12,23,-11,23,-12,23,-11,23,-11,23,-10,23,-11,23,-11,23,-10,22,-10,22,-9,21,-9,21,-10,21,-10,21,-9,21,-9,20,-10,20,-10,19,-11,19,-11,18,-11,18,-12]"
CSI_DATA,36568,d8:b1:90:db:e8:90,-56,11,1,7,0,0,1,0,0,0,1,-94,0,8,0,572799512,0,100,0,128,1,"[100,-64,5,0,-21,-7,-21,-7,-20,-6,-20,-5,-20,-5,-20,-5,-20,-4,-20,-3,-20,-3,-19,-3,-20,-3,-20,-3,-20,-2,-20,-2,-20,-2,-20,-2,-20,-2,-20,-2,-20,-3,-20,-3,-20,-4,-19,-4,-19,-4,-19,-4,-19,-5,-5,-2,0,0,0,0,0,0,0,0,0,0,0,0,0,0,0,0,0,0,-6,-3,-23,-10,-22,-11,-22,-12,-22,-13,-22,-14,-21,-14,-21,-15,-21,-16,-21,-16,-21,-16,-21,-15,-20,-15,-20,-15,-20,-15,-20,-14,-20,-13,-20,-13,-20,-12,-21,-11,-20,-11,-20,-10,-20,-10,-20,-9,-20,-9,-21,-8,-21,-8]"
CSI_DATA,36569,d8:b1:90:db:e8:90,-57,11,1,7,0,0,1,0,0,0,1,-94,0,8,0,572827247,0,100,0,128,1,"[100,-64,5,0,14,-15,13,-15,13,-15,12,-16,12,-16,11,-16,11,-16,10,-16,10,-17,10,-16,9,-16,9,-17,9,-17,10,-17,10,-17,9,-18,8,-18,8,-17,8,-17,8,-16,8,-16,8,-16,8,-14,8,-12,8,-11,2,-3,0,0,0,0,0,0,0,0,0,0,0,0,0,0,0,0,0,0,3,-5,14,-20,16,-19,17,-17,17,-17,18,-17,18,-17,18,-16,19,-15,19,-15,19,-15,19,-15,19,-15,19,-15,19,-14,18,-14,17,-14,17,-14,17,-15,16,-15,16,-15,15,-16,15,-16,15,-15,15,-15,15,-16,15,-17]"
CSI_DATA,36570,d8:b1:90:db:e8:90,-56,11,1,7,0,0,1,0,0,0,1,-94,0,8,0,572839182,0,100,0,128,1,"[100,-64,5,0,-18,12,-17,12,-17,12,-17,12,-16,13,-15,13,-15,13,-15,14,-14,14,-14,14,-13,14,-13,14,-13,15,-13,15,-13,15,-13,15,-13,15,-13,15,-13,15,-13,15,-13,15,-13,14,-13,14,-14,13,-14,13,-4,3,0,0,0,0,0,0,0,0,0,0,0,0,0,0,0,0,0,0,-6,3,-22,13,-23,11,-24,10,-24,9,-24,8,-25,7,-24,7,-24,8,-25,7,-25,7,-25,7,-24,7,-24,7,-24,6,-24,6,-24,7,-24,7,-23,8,-23,8,-22,9,-22,9,-21,10,-21,10,-20,10,-19,10,-19,11]"
CSI_DATA,36571,d8:b1:90:db:e8:90,-56,11,1,7,0,0,1,0,0,0,1,-94,0,8,0,572849629,0,100,0,128,1,"[100,-64,5,0,0,-20,-1,-19,-1,-19,-2,-19,-2,-19,-2,-18,-3,-18,-3,-19,-3,-19,-4,-18,-4,-18,-4,-19,-4,-19,-4,-18,-4,-18,-4,-18,-4,-18,-3,-18,-3,-18,-3,-18,-3,-18,-3,-18,-3,-18,-2,-17,-1,-17,-1,-5,0,0,0,0,0,0,0,0,0,0,0,0,0,0,0,0,0,0,-1,-6,-1,-23,-1,-23,0,-23,1,-24,2,-23,3,-23,4,-23,5,-24,5,-24,5,-22,5,-21,5,-22,5,-22,4,-22,5,-22,5,-22,5,-22,4,-21,3,-21,3,-21,2,-21,2,-21,1,-20,1,-20,1,-20,1,-21]"
CSI_DATA,36572,d8:b1:90:db:e8:90,-57,11,1,7,0,0,1,0,0,0,1,-94,0,8,0,572859767,0,100,0,128,1,"[100,-64,5,0,-20,-9,-20,-9,-20,-8,-20,-7,-20,-7,-20,-7,-20,-6,-20,-5,-20,-5,-20,-5,-20,-5,-20,-5,-20,-5,-20,-5,-20,-5,-20,-5,-20,-5,-19,-5,-19,-5,-19,-5,-19,-6,-19,-6,-18,-6,-18,-6,-18,-7,-5,-2,0,0,0,0,0,0,0,0,0,0,0,0,0,0,0,0,0,0,-6,-3,-24,-9,-23,-10,-23,-12,-22,-13,-22,-13,-21,-14,-21,-14,-21,-15,-20,-15,-20,-15,-20,-15,-20,-15,-20,-15,-20,-15,-20,-15,-19,-15,-19,-15,-20,-14,-20,-14,-20,-13,-21,-12,-20,-11,-20,-10,-20,-10,-20,-10,-20,-10]"
CSI_DATA,36573,d8:b1:90:db:e8:90,-57,11,1,7,0,0,1,0,0,0,1,-94,0,8,0,572871114,0,100,0,128,1,"[100,-64,5,0,13,-17,12,-17,12,-17,12,-17,11,-17,11,-17,10,-17,9,-18,9,-18,8,-19,7,-18,6,-19,6,-19,7,-19,7,-19,6,-19,7,-19,7,-19,7,-19,7,-18,7,-18,7,-18,7,-18,8,-18,8,-17,2,-5,0,0,0,0,0,0,0,0,0,0,0,0,0,0,0,0,0,0,3,-5,13,-20,15,-20,16,-19,17,-18,18,-18,18,-18,19,-17,20,-17,20,-17,20,-16,20,-16,20,-15,19,-15,19,-15,19,-15,19,-15,18,-15,18,-15,17,-15,17,-15,17,-15,16,-15,16,-16,15,-16,15,-17,14,-17]"
CSI_DATA,36574,d8:b1:90:db:e8:90,-56,11,1,7,0,0,1,0,0,0,1,-94,0,8,0,572881413,0,100,0,128,1,"[100,-64,5,0,14,16,14,16,14,15,15,15,16,14,16,14,16,13,16,12,16,11,16,11,16,11,17,10,17,10,17,9,17,9,17,10,17,9,17,9,17,8,17,9,17,9,16,10,16,10,15,10,15,10,3,2,0,0,0,0,0,0,0,0,0,0,0,0,0,0,0,0,0,0,4,3,19,16,17,18,15,19,14,20,14,21,14,21,14,22,14,22,13,22,12,23,11,22,11,23,11,23,11,22,11,22,11,21,11,21,11,21,12,20,12,19,13,19,13,19,13,19,13,19,13,18,14,17]"
CSI_DATA,36575,d8:b1:90:db:e8:90,-56,11,1,7,0,0,1,0,0,0,1,-94,0,8,0,572892394,0,100,0,128,1,"[100,-64,5,0,-2,22,-2,21,-1,21,-1,21,0,21,1,20,1,20,2,20,2,20,3,19,4,19,4,19,4,19,4,18,4,18,4,19,4,19,4,19,3,18,3,18,4,19,3,19,3,19,2,18,1,18,0,4,0,0,0,0,0,0,0,0,0,0,0,0,0,0,0,0,0,0,0,6,1,24,0,24,-2,24,-3,25,-4,25,-5,25,-6,25,-6,26,-7,26,-7,26,-8,25,-8,25,-8,24,-8,24,-8,24,-8,23,-8,23,-7,23,-7,23,-6,23,-5,23,-5,23,-4,23,-4,22,-3,22,-3,22]"
CSI_DATA,36576,d8:b1:90:db:e8:90,-56,11,1,7,0,0,1,0,0,0,1,-94,0,8,0,572904262,0,100,0,128,1,"[100,-64,5,0,20,5,20,5,20,4,21,4,21,3,20,2,20,1,20,0,20,-1,20,-1,20,-1,19,-1,19,-1,19,-2,20,-2,20,-2,20,-2,20,-2,20,-2,20,-3,20,-3,19,-2,19,-2,20,-2,20,-2,5,-1,0,0,0,0,0,0,0,0,0,0,0,0,0,0,0,0,0,0,6,0,25,2,25,4,23,6,23,6,23,7,24,9,24,9,24,9,25,9,24,10,23,10,23,10,23,10,23,10,23,10,23,9,22,9,22,8,22,8,22,7,22,7,22,6,22,7,22,7,21,6,21,6]"
CSI_DATA,36577,d8:b1:90:db:e8:90,-57,11,1,7,0,0,1,0,0,0,1,-94,0,8,0,572924016,0,100,0,128,1,"[100,-64,5,0,2,20,2,20,3,19,4,18,5,18,5,17,6,17,6,16,6,16,7,16,7,16,8,16,9,16,9,15,9,15,10,16,10,16,9,15,9,15,8,15,7,15,7,15,7,15,8,15,8,15,2,4,0,0,0,0,0,0,0,0,0,0,0,0,0,0,0,0,0,0,1,5,6,22,4,23,2,23,1,23,2,24,1,24,0,25,-1,25,-1,25,-1,25,-2,24,-3,24,-3,24,-3,23,-4,23,-4,23,-4,23,-3,22,-2,22,-1,22,-1,21,0,21,0,21,1,21,1,21,1,21]"
CSI_DATA,36578,d8:b1:90:db:e8:90,-55,11,1,7,0,0,1,0,0,0,1,-94,0,8,0,572936373,0,100,0,128,1,"[100,-64,5,0,-22,8,-21,8,-20,9,-20,10,-19,10,-18,11,-17,11,-17,11,-16,12,-16,12,-15,12,-15,12,-15,13,-15,13,-15,13,-15,14,-15,14,-15,14,-14,14,-14,14,-14,14,-14,13,-15,13,-16,13,-16,13,-4,3,0,0,0,0,0,0,0,0,0,0,0,0,0,0,0,0,0,0,-6,3,-24,12,-24,10,-24,8,-23,8,-24,7,-25,6,-26,7,-26,7,-27,7,-27,6,-27,6,-27,5,-27,5,-27,5,-27,5,-26,5,-26,5,-26,6,-26,6,-25,7,-25,7,-24,8,-24,8,-24,7,-24,8,-24,9]"
CSI_DATA,36579,d8:b1:90:db:e8:90,-56,11,1,7,0,0,1,0,0,0,1,-94,0,8,0,572950398,0,100,0,128,1,"[100,-64,5,0,17,-15,16,-15,15,-16,15,-16,14,-16,13,-16,13,-16,12,-16,11,-16,11,-16,10,-16,10,-17,10,-17,10,-17,10,-17,9,-18,10,-18,10,-17,10,-17,10,-17,9,-17,9,-17,9,-17,11,-17,11,-16,2,-4,0,0,0,0,0,0,0,0,0,0,0,0,0,0,0,0,0,0,4,-5,17,-20,18,-18,19,-16,19,-15,20,-14,20,-14,21,-15,21,-16,21,-15,22,-15,22,-15,22,-15,22,-14,22,-14,22,-14,22,-14,22,-14,21,-14,21,-15,20,-15,20,-15,20,-15,19,-15,18,-15,19,-15,19,-16]"
CSI_DATA,36580,d8:b1:90:db:e8:90,-55,11,1,7,0,0,1,0,0,0,1,-94,0,8,0,572964376,0,100,0,128,1,"[100,-64,5,0,20,-4,19,-4,19,-4,19,-5,18,-5,18,-5,17,-6,17,-6,17,-6,17,-6,16,-6,16,-7,16,-7,17,-7,17,-7,16,-8,17,-8,16,-8,16,-7,16,-7,15,-7,15,-6,15,-6,16,-7,17,-7,4,-2,0,0,0,0,0,0,0,0,0,0,0,0,0,0,0,0,0,0,5,-2,21,-6,22,-5,23,-2,23,-1,23,-1,23,0,23,1,22,2,22,3,22,2,23,2,24,2,23,2,23,3,22,2,22,1,21,1,22,1,22,0,22,0,22,-1,21,-2,21,-2,21,-2,21,-2,20,-3]"
CSI_DATA,36581,d8:b1:90:db:e8:90,-55,11,1,7,0,0,1,0,0,0,1,-94,0,8,0,572974569,0,100,0,128,1,"[100,-64,5,0,-8,23,-7,22,-7,22,-6,22,-5,21,-4,21,-4,21,-4,20,-5,20,-4,20,-4,20,-3,20,-3,20,-3,20,-3,20,-3,20,-3,20,-3,19,-3,19,-3,19,-3,19,-3,19,-4,19,-5,19,-5,19,-2,4,0,0,0,0,0,0,0,0,0,0,0,0,0,0,0,0,0,0,-2,6,-5,26,-7,25,-9,24,-11,24,-12,24,-13,24,-13,23,-14,23,-15,23,-15,23,-15,24,-15,23,-15,23,-15,23,-14,22,-14,22,-14,22,-13,22,-12,23,-11,23,-11,23,-10,24,-10,24,-10,23,-9,23,-9,23]"
CSI_DATA,36582,d8:b1:90:db:e8:90,-55,11,1,7,0,0,1,0,0,0,1,-94,0,8,0,572989327,0,100,0,128,1,"[100,-64,5,0,20,11,20,10,20,10,20,9,19,8,19,7,19,6,19,5,19,5,19,5,19,5,19,4,19,4,19,3,19,3,20,3,20,3,20,3,19,3,19,3,19,4,18,4,18,5,19,5,19,6,4,1,0,0,0,0,0,0,0,0,0,0,0,0,0,0,0,0,0,0,6,2,24,9,23,10,22,11,22,11,22,12,22,14,21,15,20,15,20,16,20,16,21,16,20,16,20,17,20,16,20,16,19,16,20,15,20,15,20,15,21,14,21,14,21,13,21,12,21,12,21,12,21,11]"
CSI_DATA,36583,d8:b1:90:db:e8:90,-55,11,1,7,0,0,1,0,0,0,1,-94,0,8,0,573008074,0,100,0,128,1,"[100,-64,5,0,-6,22,-5,22,-5,21,-3,21,-3,21,-2,20,-2,20,-1,20,-1,19,0,19,1,19,1,20,1,20,1,19,1,19,1,20,1,20,0,19,0,19,1,19,1,19,1,19,1,19,0,20,-1,20,-1,5,0,0,0,0,0,0,0,0,0,0,0,0,0,0,0,0,0,0,-1,6,-4,25,-6,24,-7,24,-8,24,-9,25,-10,25,-10,25,-10,25,-10,25,-10,25,-10,26,-10,25,-10,25,-10,25,-10,24,-10,24,-10,24,-10,24,-9,24,-8,23,-8,23,-8,23,-7,23,-7,23,-6,23,-7,23]"
CSI_DATA,36584,d8:b1:90:db:e8:90,-55,11,1,7,0,0,1,0,0,0,1,-94,0,8,0,573027257,0,100,0,128,1,"[100,-64,5,0,-13,-30,-13,-21,-6,-11,3,-5,14,-4,23,-8,26,-13,23,-19,17,-21,10,-17,6,-8,6,3,11,12,17,17,22,18,24,14,21,9,14,4,4,4,-6,8,-12,15,-15,21,-13,25,-9,25,-5,22,-2,5,0,0,0,0,0,0,0,0,0,0,0,0,0,0,0,0,0,0,5,-4,20,-11,20,-5,20,3,20,10,20,13,19,16,16,18,11,19,5,21,-2,24,-7,26,-9,28,-9,27,-10,22,-11,16,-13,8,-18,1,-25,-3,-31,-4,-34,-2,-32,1,-25,3,-15,1,-6,-7,-1,-18,0,-27]"
CSI_DATA,36585,d8:b1:90:db:e8:90,-55,11,1,7,0,0,1,0,0,0,1,-94,0,8,0,573042092,0,100,0,128,1,"[100,-64,5,0,-20,-3,-20,-3,-20,-2,-20,-2,-19,-2,-18,-1,-18,-1,-18,0,-18,1,-18,1,-18,1,-19,2,-19,2,-19,2,-18,3,-18,3,-18,4,-18,3,-18,3,-18,3,-18,3,-18,3,-18,3,-19,2,-19,1,-5,0,0,0,0,0,0,0,0,0,0,0,0,0,0,0,0,0,0,0,-7,-1,-25,-2,-24,-3,-23,-4,-23,-5,-23,-6,-23,-6,-23,-7,-24,-7,-25,-8,-25,-9,-24,-9,-24,-8,-24,-8,-24,-9,-23,-9,-23,-8,-22,-7,-22,-7,-23,-7,-23,-6,-23,-6,-22,-6,-22,-5,-22,-5,-22,-5,-22,-4]"
CSI_DATA,36586,d8:b1:90:db:e8:90,-55,11,1,7,0,0,1,0,0,0,1,-94,0,8,0,573052237,0,100,0,128,1,"[100,-64,5,0,-23,2,-23,3,-22,3,-22,4,-21,4,-21,4,-20,5,-20,6,-19,6,-19,6,-19,6,-19,7,-19,8,-19,8,-19,8,-19,8,-19,8,-19,8,-19,8,-19,8,-19,8,-19,7,-19,7,-20,6,-21,6,-6,1,0,0,0,0,0,0,0,0,0,0,0,0,0,0,0,0,0,0,-7,1,-27,6,-27,5,-27,3,-27,2,-27,1,-28,1,-28,0,-28,0,-28,-1,-28,-1,-29,-1,-29,-2,-29,-2,-29,-2,-28,-2,-28,-2,-27,-1,-27,-1,-27,-1,-27,0,-27,0,-26,1,-26,1,-26,1,-25,1,-25,2]"
CSI_DATA,36587,d8:b1:90:db:e8:90,-55,11,1,7,0,0,1,0,0,0,1,-94,0,8,0,573062364,0,100,0,128,1,"[100,-64,5,0,22,4,21,4,21,3,21,2,21,2,20,2,20,1,20,0,20,-1,20,-2,20,-2,20,-2,20,-2,20,-3,20,-3,21,-3,21,-3,21,-3,21,-3,21,-3,21,-3,20,-2,20,-2,21,-2,22,-2,5,-1,0,0,0,0,0,0,0,0,0,0,0,0,0,0,0,0,0,0,6,0,27,2,26,3,26,5,26,6,26,7,26,7,26,8,26,9,26,9,26,10,25,10,25,10,25,9,25,9,25,9,24,9,24,9,24,8,24,7,24,7,24,6,24,6,23,5,23,4,24,4,24,4]"
CSI_DATA,36588,d8:b1:90:db:e8:90,-55,11,1,7,0,0,1,0,0,0,1,-94,0,8,0,573073553,0,100,0,128,1,"[100,-64,5,0,20,-6,19,-6,19,-6,19,-7,18,-7,17,-7,17,-8,17,-9,16,-9,16,-9,16,-9,16,-9,16,-10,16,-10,16,-10,16,-10,16,-10,16,-10,16,-10,16,-10,16,-10,16,-9,16,-9,17,-9,18,-8,4,-2,0,0,0,0,0,0,0,0,0,0,0,0,0,0,0,0,0,0,5,-3,23,-8,23,-7,24,-5,24,-5,25,-4,25,-3,25,-2,25,-2,26,-2,26,-2,25,-1,25,-1,25,-1,25,-1,24,-1,24,-2,24,-3,24,-3,24,-3,23,-4,23,-4,22,-5,21,-5,21,-5,22,-5,23,-6]"
CSI_DATA,36589,d8:b1:90:db:e8:90,-55,11,1,7,0,0,1,0,0,0,1,-94,0,8,0,573087338,0,100,0,128,1,"[100,-64,5,0,6,-23,5,-23,5,-22,4,-22,3,-21,3,-20,2,-20,2,-21,2,-21,2,-21,1,-21,0,-21,0,-21,0,-21,0,-21,-1,-22,0,-22,0,-21,0,-21,0,-21,-1,-21,-1,-21,0,-21,1,-22,2,-22,0,-6,0,0,0,0,0,0,0,0,0,0,0,0,0,0,0,0,0,0,1,-7,6,-27,8,-27,9,-26,10,-26,11,-26,11,-25,12,-25,13,-25,13,-24,13,-24,13,-25,13,-24,13,-24,13,-24,12,-24,12,-24,12,-24,11,-24,11,-24,10,-24,9,-24,9,-24,8,-23,7,-23,7,-23,8,-24]"
CSI_DATA,36590,d8:b1:90:db:e8:90,-55,11,1,7,0,0,1,0,0,0,1,-94,0,8,0,573106978,0,100,0,128,1,"[100,-64,5,0,4,-23,3,-23,3,-23,2,-22,1,-21,0,-21,0,-21,0,-21,0,-21,0,-21,-1,-21,-2,-21,-2,-21,-2,-20,-2,-21,-2,-21,-2,-22,-1,-21,-1,-21,-2,-21,-2,-21,-2,-21,-1,-21,0,-22,1,-22,0,-6,0,0,0,0,0,0,0,0,0,0,0,0,0,0,0,0,0,0,0,-7,4,-26,5,-26,6,-27,7,-27,8,-27,8,-26,9,-25,10,-26,10,-26,11,-26,11,-26,11,-26,11,-26,11,-25,10,-25,10,-25,9,-25,9,-25,8,-25,7,-25,6,-25,6,-24,6,-24,5,-24,5,-24,5,-25]"
CSI_DATA,36591,d8:b1:90:db:e8:90,-55,11,1,6,0,0,1,0,0,0,1,-94,0,8,0,573131305,0,100,0,128,1,"[100,-64,5,0,-18,2,-16,5,-14,8,-12,11,-11,13,-10,15,-9,17,-9,18,-8,18,-7,16,-6,14,-6,11,-6,8,-5,4,-4,1,-3,-2,-3,-5,-2,-7,-2,-8,-2,-9,-2,-9,-3,-9,-4,-7,-6,-5,-7,-3,-2,-1,0,0,0,0,0,0,0,0,0,0,0,0,0,0,0,0,0,0,-6,-5,-22,-18,-20,-17,-19,-16,-18,-13,-18,-9,-18,-5,-19,-1,-21,4,-24,8,-26,11,-29,14,-31,16,-34,16,-36,16,-38,15,-39,13,-39,11,-39,9,-38,6,-37,4,-36,1,-34,-1,-33,-3,-30,-4,-28,-4,-25,-4]"
CSI_DATA,36592,d8:b1:90:db:e8:90,-56,11,1,6,0,0,1,0,0,0,1,-94,0,8,0,573143034,0,100,0,128,1,"[100,-64,5,0,-8,16,-5,16,-1,17,2,18,4,18,6,18,7,19,7,19,7,18,6,16,6,14,4,13,2,10,-1,6,-4,3,-5,0,-7,-2,-8,-5,-8,-6,-8,-7,-8,-7,-8,-5,-8,-4,-8,-1,-8,1,-2,0,0,0,0,0,0,0,0,0,0,0,0,0,0,0,0,0,0,0,-6,3,-23,15,-23,14,-21,12,-19,12,-16,14,-13,15,-10,18,-7,21,-5,24,-3,27,-2,30,-2,33,-2,35,-3,36,-5,37,-7,36,-9,35,-11,34,-13,33,-15,31,-17,28,-18,26,-18,24,-18,22,-17,20,-17,19]"
CSI_DATA,36593,d8:b1:90:db:e8:90,-55,11,1,6,0,0,1,0,0,0,1,-94,0,8,0,573155329,0,100,0,128,1,"[100,-64,5,0,8,-12,5,-13,3,-14,0,-15,-2,-15,-4,-16,-5,-16,-6,-16,-6,-16,-6,-15,-5,-14,-4,-12,-3,-10,-1,-7,1,-5,3,-3,4,-1,5,1,5,2,5,2,5,2,5,1,5,0,5,-2,5,-4,1,-1,0,0,0,0,0,0,0,0,0,0,0,0,0,0,0,0,0,0,5,-1,21,-1,20,-1,18,0,17,-1,16,-4,14,-8,12,-11,11,-13,11,-17,10,-21,11,-24,12,-27,13,-29,14,-30,16,-30,17,-29,18,-29,19,-27,20,-25,21,-24,22,-21,22,-19,21,-17,21,-15,20,-14,18,-12]"
CSI_DATA,36594,d8:b1:90:db:e8:90,-55,11,1,7,0,0,1,0,0,0,1,-94,0,8,0,573166489,0,100,0,128,1,"[100,-64,5,0,21,7,21,6,21,6,21,5,21,4,21,4,20,3,20,2,20,1,19,1,20,1,20,1,21,0,21,0,21,0,21,0,22,-1,22,-1,22,-1,21,0,21,0,21,1,21,1,21,1,21,2,5,0,0,0,0,0,0,0,0,0,0,0,0,0,0,0,0,0,0,0,7,1,27,5,25,6,24,7,23,8,23,9,24,10,25,11,25,12,25,12,25,13,24,12,24,12,23,13,23,13,23,12,23,12,23,12,23,11,23,11,23,10,23,9,23,9,23,8,22,8,23,8,23,8]"
CSI_DATA,36595,d8:b1:90:db:e8:90,-55,11,1,7,0,0,1,0,0,0,1,-94,0,8,0,573177142,0,100,0,128,1,"[100,-64,5,0,18,11,18,10,18,9,19,8,19,7,18,7,18,6,17,6,17,5,17,5,17,5,18,5,18,4,18,4,19,4,19,4,19,4,19,4,19,4,18,4,18,5,18,5,18,5,18,6,17,7,4,1,0,0,0,0,0,0,0,0,0,0,0,0,0,0,0,0,0,0,5,2,22,9,21,11,20,13,20,13,20,14,20,15,20,16,20,16,20,16,20,17,19,16,19,16,19,16,18,16,18,16,18,16,18,16,18,15,19,15,19,14,19,13,19,13,19,12,19,12,19,12,19,12]"
CSI_DATA,36596,d8:b1:90:db:e8:90,-55,11,1,7,0,0,1,0,0,0,1,-94,0,8,0,573197017,0,100,0,128,1,"[100,-64,5,0,-20,-9,-20,-9,-19,-8,-19,-8,-19,-8,-19,-8,-18,-7,-18,-7,-18,-6,-18,-5,-18,-5,-19,-5,-19,-4,-18,-4,-19,-4,-19,-4,-19,-4,-19,-4,-19,-5,-19,-5,-19,-5,-18,-5,-18,-5,-19,-6,-19,-7,-5,-2,0,0,0,0,0,0,0,0,0,0,0,0,0,0,0,0,0,0,-6,-3,-23,-11,-22,-12,-21,-14,-20,-15,-20,-15,-20,-15,-20,-16,-20,-16,-20,-16,-20,-16,-20,-17,-20,-17,-20,-17,-20,-16,-20,-16,-21,-15,-21,-14,-21,-14,-20,-13,-20,-13,-20,-12,-20,-12,-20,-11,-20,-10,-21,-10,-21,-10]"
CSI_DATA,36597,d8:b1:90:db:e8:90,-55,11,1,7,0,0,1,0,0,0,1,-94,0,8,0,573231538,0,100,0,128,1,"[100,-64,5,0,-25,-5,-24,-5,-23,-4,-22,-4,-22,-3,-21,-3,-21,-2,-21,-1,-21,-1,-20,-1,-20,-1,-21,0,-21,0,-21,0,-21,0,-21,0,-21,0,-21,0,-22,-1,-22,-1,-22,-2,-21,-2,-21,-3,-22,-3,-22,-3,-6,-1,0,0,0,0,0,0,0,0,0,0,0,0,0,0,0,0,0,0,-7,-1,-27,-5,-27,-6,-27,-7,-27,-8,-27,-9,-27,-10,-28,-10,-28,-11,-28,-11,-28,-11,-28,-11,-27,-11,-27,-11,-27,-11,-26,-11,-26,-11,-26,-10,-26,-10,-26,-10,-26,-10,-26,-9,-26,-8,-26,-7,-26,-6,-25,-6,-25,-6]"
CSI_DATA,36598,d8:b1:90:db:e8:90,-55,11,1,7,0,0,1,0,0,0,1,-94,0,8,0,573245423,0,100,0,128,1,"[100,-64,5,0,11,18,11,17,11,17,10,17,10,17,10,16,10,15,10,14,10,14,10,14,11,14,12,14,12,14,11,14,11,14,12,14,11,13,11,13,11,13,12,13,12,14,12,14,12,14,12,14,11,14,2,3,0,0,0,0,0,0,0,0,0,0,0,0,0,0,0,0,0,0,3,5,14,20,12,21,11,22,10,23,9,23,9,23,10,23,10,24,9,24,9,24,9,24,9,24,9,24,9,24,9,23,9,23,9,22,9,22,9,21,10,21,11,20,11,20,12,20,12,20,12,20,12,19]"
CSI_DATA,36599,d8:b1:90:db:e8:90,-55,11,1,7,0,0,1,0,0,0,1,-94,0,8,0,573256352,0,100,0,128,1,"[100,-64,5,0,18,-16,17,-15,16,-15,15,-15,15,-15,14,-15,13,-16,13,-17,13,-17,12,-16,11,-16,11,-16,10,-17,11,-17,11,-17,11,-17,11,-17,12,-17,12,-17,12,-17,11,-17,11,-16,12,-15,13,-15,14,-15,3,-4,0,0,0,0,0,0,0,0,0,0,0,0,0,0,0,0,0,0,5,-5,21,-19,22,-18,23,-16,23,-14,24,-13,25,-14,25,-15,26,-14,26,-14,26,-14,26,-13,26,-13,25,-13,25,-13,25,-13,24,-13,24,-14,24,-14,23,-14,23,-14,22,-15,22,-15,21,-15,21,-15,21,-15,20,-16]"
CSI_DATA,36600,d8:b1:90:db:e8:90,-55,11,1,7,0,0,1,0,0,0,1,-94,0,8,0,573266471,0,100,0,128,1,"[100,-64,5,0,10,20,10,19,10,19,10,18,11,17,11,16,11,16,11,16,12,15,12,15,13,15,13,15,14,14,14,14,14,14,14,15,14,15,13,14,13,14,14,15,14,15,14,15,13,15,13,16,12,16,3,4,0,0,0,0,0,0,0,0,0,0,0,0,0,0,0,0,0,0,3,5,12,24,10,24,8,25,7,25,7,26,7,26,7,27,7,27,7,28,7,27,6,27,6,27,6,27,6,27,6,26,6,25,6,25,7,24,7,24,7,24,8,23,9,23,9,23,9,23,9,22,10,22]"
CSI_DATA,36601,d8:b1:90:db:e8:90,-55,11,1,7,0,0,1,0,0,0,1,-94,0,8,0,573276663,0,100,0,128,1,"[100,-64,5,0,-22,12,-21,12,-20,12,-19,12,-18,12,-17,12,-17,12,-17,13,-16,13,-16,13,-15,13,-15,13,-16,13,-16,14,-16,13,-15,13,-15,14,-16,13,-16,12,-16,12,-16,12,-15,11,-16,11,-17,11,-17,10,-5,2,0,0,0,0,0,0,0,0,0,0,0,0,0,0,0,0,0,0,-6,3,-24,14,-25,13,-25,12,-25,11,-26,11,-26,10,-26,10,-27,10,-28,10,-28,10,-29,9,-29,9,-28,9,-28,9,-28,9,-27,10,-27,10,-26,10,-25,11,-25,12,-24,12,-24,12,-24,12,-24,12,-24,13,-24,13]"
CSI_DATA,36602,d8:b1:90:db:e8:90,-56,11,1,7,0,0,1,0,0,0,1,-94,0,8,0,573287883,0,100,0,128,1,"[100,-64,5,0,5,21,5,20,5,19,6,19,6,19,7,18,7,17,7,17,6,17,7,17,7,17,8,17,8,17,8,17,8,17,8,17,7,17,7,17,7,17,7,17,7,18,7,18,6,17,5,17,5,17,1,4,0,0,0,0,0,0,0,0,0,0,0,0,0,0,0,0,0,0,2,6,8,24,7,24,5,23,4,24,3,25,3,25,4,25,3,26,3,26,2,27,2,27,2,27,2,27,2,26,3,26,3,25,3,24,3,24,4,24,5,23,5,23,5,23,5,23,5,23,5,23,5,22]"
CSI_DATA,36603,d8:b1:90:db:e8:90,-55,11,1,7,0,0,1,0,0,0,1,-94,0,8,0,573306337,0,100,0,128,1,"[100,-64,5,0,-12,20,-12,20,-12,19,-11,19,-10,19,-10,18,-9,18,-8,19,-7,19,-7,19,-6,19,-5,19,-5,20,-5,19,-5,19,-5,19,-6,19,-6,19,-7,19,-7,19,-7,19,-6,18,-7,18,-8,18,-9,17,-3,4,0,0,0,0,0,0,0,0,0,0,0,0,0,0,0,0,0,0,-3,6,-12,24,-14,23,-16,23,-17,22,-17,22,-18,22,-18,22,-18,22,-19,22,-19,22,-19,22,-19,21,-19,21,-19,21,-19,20,-18,19,-18,19,-18,20,-17,20,-16,21,-16,21,-15,21,-14,21,-14,20,-14,20,-14,21]"
CSI_DATA,36604,d8:b1:90:db:e8:90,-55,11,1,7,0,0,1,0,0,0,1,-94,0,8,0,573333153,0,100,0,128,1,"[100,-64,5,0,22,5,22,5,21,4,21,4,21,3,20,3,20,2,19,1,19,-1,19,-1,19,-1,20,-1,20,-1,20,-1,20,-2,20,-2,20,-2,20,-1,19,-1,19,-1,19,0,18,0,19,0,20,1,20,2,5,0,0,0,0,0,0,0,0,0,0,0,0,0,0,0,0,0,0,0,6,1,26,5,26,6,25,8,25,9,25,10,26,10,26,11,26,11,26,12,26,12,25,11,25,11,25,11,25,11,24,12,24,11,24,11,24,11,24,9,24,9,24,8,24,8,24,7,23,7,23,6,24,6]"
CSI_DATA,36605,d8:b1:90:db:e8:90,-55,11,1,7,0,0,1,0,0,0,1,-94,0,8,0,573346970,0,100,0,128,1,"[100,-64,5,0,-1,-24,-1,-24,-1,-23,-2,-23,-2,-22,-3,-21,-3,-21,-4,-21,-5,-20,-5,-20,-6,-20,-7,-20,-8,-20,-7,-20,-7,-19,-7,-19,-7,-19,-7,-19,-7,-19,-7,-19,-7,-19,-7,-20,-6,-20,-5,-20,-4,-20,-1,-5,0,0,0,0,0,0,0,0,0,0,0,0,0,0,0,0,0,0,-1,-7,-2,-27,-1,-28,0,-28,1,-28,1,-28,2,-29,3,-29,4,-29,4,-29,5,-29,6,-29,6,-29,5,-28,5,-28,5,-28,5,-28,4,-27,4,-27,3,-27,2,-27,1,-27,1,-27,1,-27,0,-26,1,-26,1,-26]"
CSI_DATA,36606,d8:b1:90:db:e8:90,-54,11,1,7,0,0,1,0,0,0,1,-94,0,8,0,573358762,0,100,0,128,1,"[100,-64,5,0,-16,13,-16,14,-16,17,-14,16,-12,16,-11,16,-10,15,-10,16,-10,15,-8,14,-8,15,-9,16,-8,16,-8,17,-8,17,-6,18,-6,18,-7,16,-7,16,-8,16,-7,16,-8,16,-9,16,-8,16,-9,18,-3,4,0,0,0,0,0,0,0,0,0,0,0,0,0,0,0,0,0,0,-6,3,-24,13,-25,10,-24,10,-24,10,-23,7,-25,7,-27,8,-27,8,-27,8,-27,7,-26,8,-27,9,-27,8,-26,9,-26,11,-25,10,-24,11,-25,10,-24,11,-23,13,-22,13,-21,13,-22,14,-22,14,-19,15,-20,17]"
CSI_DATA,36607,d8:b1:90:db:e8:90,-55,11,1,7,0,0,1,0,0,0,1,-94,0,8,0,573371131,0,100,0,128,1,"[100,-64,5,0,22,-7,22,-7,21,-7,20,-8,19,-8,18,-8,18,-9,18,-9,17,-10,17,-10,17,-10,16,-10,16,-11,17,-11,17,-11,18,-10,18,-10,18,-10,18,-10,18,-10,17,-9,17,-8,17,-8,18,-8,18,-7,4,-2,0,0,0,0,0,0,0,0,0,0,0,0,0,0,0,0,0,0,6,-2,26,-7,26,-6,27,-5,27,-3,27,-3,27,-2,28,-1,28,-1,29,-1,29,-1,29,0,28,-1,28,-1,28,-1,27,-1,27,-2,27,-2,26,-3,27,-3,26,-3,25,-4,25,-4,25,-5,25,-5,24,-5,24,-6]"
CSI_DATA,36608,d8:b1:90:db:e8:90,-55,11,1,7,0,0,1,0,0,0,1,-94,0,8,0,573388908,0,100,0,128,1,"[100,-64,5,0,-17,18,-17,17,-16,17,-15,17,-14,17,-13,17,-13,17,-13,17,-13,17,-13,17,-12,16,-12,17,-12,17,-12,17,-12,17,-12,17,-12,17,-12,17,-12,16,-12,16,-11,16,-11,15,-12,15,-13,15,-14,15,-4,3,0,0,0,0,0,0,0,0,0,0,0,0,0,0,0,0,0,0,-6,5,-22,19,-23,18,-24,16,-25,15,-25,15,-25,15,-25,15,-26,15,-26,15,-27,14,-27,14,-27,14,-27,14,-26,14,-26,14,-25,14,-24,14,-24,15,-23,16,-23,16,-22,17,-21,17,-19,17,-18,17,-19,17,-19,18]"
CSI_DATA,36609,d8:b1:90:db:e8:90,-55,11,1,7,0,0,1,0,0,0,1,-94,0,8,0,573407083,0,100,0,128,1,"[100,-64,5,0,2,-23,2,-22,1,-22,1,-22,0,-22,0,-21,-1,-21,-1,-21,-1,-22,-1,-22,-2,-22,-3,-22,-3,-22,-2,-21,-2,-21,-3,-21,-3,-21,-2,-21,-2,-21,-2,-21,-2,-21,-2,-21,-1,-21,0,-21,0,-21,0,-6,0,0,0,0,0,0,0,0,0,0,0,0,0,0,0,0,0,0,0,-7,1,-27,1,-27,2,-27,3,-27,4,-27,5,-28,5,-28,6,-28,6,-28,7,-28,8,-28,8,-28,7,-28,7,-27,7,-26,7,-26,7,-26,6,-26,5,-26,4,-26,4,-26,4,-25,4,-25,4,-25,3,-24,3,-24]"
CSI_DATA,36610,d8:b1:90:db:e8:90,-55,11,1,7,0,0,1,0,0,0,1,-94,0,8,0,573438240,0,100,0,128,1,"[100,-64,5,0,-15,-20,-15,-19,-15,-18,-16,-17,-16,-16,-16,-16,-16,-15,-17,-13,-17,-12,-17,-12,-17,-12,-18,-13,-18,-12,-18,-12,-17,-12,-17,-12,-17,-11,-17,-11,-16,-11,-17,-12,-17,-12,-16,-13,-16,-13,-16,-13,-16,-14,-4,-4,0,0,0,0,0,0,0,0,0,0,0,0,0,0,0,0,0,0,-5,-6,-19,-22,-18,-23,-17,-23,-16,-24,-16,-24,-15,-25,-15,-25,-15,-26,-15,-26,-14,-27,-14,-27,-13,-27,-13,-27,-13,-27,-13,-27,-13,-26,-13,-25,-14,-24,-14,-23,-15,-22,-15,-22,-16,-22,-16,-21,-16,-21,-16,-21,-16,-21]"
CSI_DATA,36611,d8:b1:90:db:e8:90,-55,11,1,7,0,0,1,0,0,0,1,-94,0,8,0,573450637,0,100,0,128,1,"[100,-64,5,0,19,11,19,10,19,10,19,9,19,8,19,8,19,7,18,6,18,5,18,5,18,5,18,5,19,5,19,4,19,4,19,5,19,5,19,5,18,5,18,5,18,6,18,6,18,6,18,6,18,7,4,1,0,0,0,0,0,0,0,0,0,0,0,0,0,0,0,0,0,0,6,2,24,12,23,13,22,15,22,16,21,17,21,18,20,18,19,18,20,19,21,19,21,19,21,19,20,19,20,19,20,18,19,18,19,18,19,17,19,16,19,16,19,15,19,14,20,14,20,13,20,13,20,12]"
CSI_DATA,36612,d8:b1:90:db:e8:90,-56,11,1,7,0,0,1,0,0,0,1,-94,0,8,0,573461055,0,100,0,128,1,"[100,-64,5,0,-17,-14,-16,-13,-16,-13,-16,-13,-15,-13,-15,-13,-15,-12,-15,-12,-15,-11,-15,-11,-15,-11,-16,-11,-17,-10,-16,-10,-16,-10,-16,-10,-16,-10,-15,-10,-16,-10,-16,-10,-16,-11,-15,-11,-15,-11,-15,-12,-15,-12,-4,-3,0,0,0,0,0,0,0,0,0,0,0,0,0,0,0,0,0,0,-5,-4,-19,-16,-18,-16,-18,-17,-18,-18,-17,-19,-17,-19,-17,-20,-17,-21,-16,-21,-16,-21,-16,-21,-16,-21,-16,-21,-16,-21,-16,-20,-16,-19,-16,-19,-16,-19,-17,-19,-17,-18,-17,-18,-17,-17,-17,-16,-17,-16,-17,-16,-17,-16]"
CSI_DATA,36613,d8:b1:90:db:e8:90,-55,11,1,7,0,0,1,0,0,0,1,-94,0,8,0,573476352,0,100,0,128,1,"[100,-64,5,0,-8,18,-8,18,-7,17,-8,17,-7,16,-7,16,-6,16,-6,16,-6,16,-6,15,-5,15,-4,16,-4,17,-4,16,-4,16,-4,17,-5,17,-5,16,-5,16,-5,16,-4,16,-4,16,-5,16,-6,16,-6,16,-2,4,0,0,0,0,0,0,0,0,0,0,0,0,0,0,0,0,0,0,-3,5,-10,21,-12,20,-13,20,-14,20,-14,19,-14,19,-16,19,-17,19,-18,19,-17,18,-17,18,-16,18,-15,19,-15,19,-15,19,-15,19,-14,18,-13,18,-13,19,-13,19,-12,19,-11,19,-11,19,-10,19,-10,19,-10,19]"
CSI_DATA,36614,d8:b1:90:db:e8:90,-55,11,1,7,0,0,1,0,0,0,1,-94,0,8,0,573486722,0,100,0,128,1,"[100,-64,5,0,-23,-8,-22,-8,-22,-7,-22,-6,-22,-6,-21,-5,-21,-5,-21,-4,-21,-3,-21,-3,-21,-3,-21,-3,-21,-2,-21,-2,-21,-2,-21,-1,-21,-1,-21,-1,-21,-2,-21,-2,-20,-3,-20,-4,-20,-4,-21,-4,-21,-4,-6,-2,0,0,0,0,0,0,0,0,0,0,0,0,0,0,0,0,0,0,-7,-2,-28,-7,-27,-8,-27,-9,-27,-10,-27,-11,-27,-12,-27,-12,-28,-12,-28,-13,-27,-13,-27,-13,-27,-13,-26,-12,-26,-13,-26,-13,-26,-13,-25,-12,-25,-12,-25,-11,-25,-10,-25,-10,-25,-9,-26,-8,-26,-8,-25,-8,-24,-8]"
CSI_DATA,36615,d8:b1:90:db:e8:90,-55,11,1,7,0,0,1,0,0,0,1,-94,0,8,0,573499628,0,100,0,128,1,"[100,-64,5,0,17,11,17,10,17,10,17,9,17,8,17,8,16,7,17,6,17,6,16,6,16,6,17,5,17,5,17,4,17,5,17,5,17,4,17,4,16,5,16,5,16,5,15,6,15,6,16,6,16,7,3,1,0,0,0,0,0,0,0,0,0,0,0,0,0,0,0,0,0,0,5,2,21,11,20,13,20,14,20,14,20,14,20,15,20,16,20,16,20,17,19,17,19,16,19,16,19,16,18,17,18,17,18,16,18,16,18,15,18,14,19,14,19,13,19,12,20,12,20,12,19,12,19,12]"
CSI_DATA,36616,d8:b1:90:db:e8:90,-55,11,1,7,0,0,1,0,0,0,1,-94,0,8,0,573516870,0,100,0,128,1,"[100,-64,5,0,-14,-19,-13,-18,-13,-18,-14,-17,-14,-16,-13,-15,-14,-15,-13,-14,-13,-14,-13,-14,-14,-14,-14,-14,-14,-13,-14,-13,-14,-13,-13,-13,-13,-13,-12,-12,-12,-12,-13,-13,-13,-14,-12,-14,-11,-14,-11,-14,-11,-15,-3,-4,0,0,0,0,0,0,0,0,0,0,0,0,0,0,0,0,0,0,-4,-6,-15,-22,-13,-22,-12,-23,-12,-24,-11,-24,-11,-25,-11,-24,-11,-25,-11,-25,-10,-25,-9,-25,-9,-25,-9,-25,-10,-25,-10,-25,-10,-24,-11,-24,-11,-23,-11,-22,-12,-22,-12,-21,-13,-21,-13,-20,-14,-20,-13,-20,-13,-19]"
CSI_DATA,36617,d8:b1:90:db:e8:90,-57,11,1,7,0,0,1,0,0,0,1,-94,0,8,0,573546283,0,100,0,128,1,"[100,-64,5,0,-18,11,-17,11,-16,11,-16,11,-15,11,-14,10,-14,11,-14,11,-14,12,-13,11,-13,12,-13,12,-13,13,-13,13,-13,13,-13,13,-13,13,-14,12,-14,12,-14,12,-14,12,-14,11,-14,11,-14,11,-15,11,-4,2,0,0,0,0,0,0,0,0,0,0,0,0,0,0,0,0,0,0,-6,3,-21,13,-21,12,-22,11,-22,11,-23,10,-23,10,-23,9,-23,9,-23,9,-23,9,-23,9,-23,9,-23,8,-23,8,-22,9,-22,9,-21,9,-21,10,-20,10,-20,10,-19,11,-19,11,-19,11,-19,11,-18,11,-18,11]"
CSI_DATA,36618,d8:b1:90:db:e8:90,-55,11,1,7,0,0,1,0,0,0,1,-94,0,8,0,573560340,0,100,0,128,1,"[100,-64,5,0,3,-22,2,-21,2,-21,1,-21,1,-21,0,-20,-1,-20,-1,-20,-1,-20,-1,-20,-2,-20,-3,-20,-2,-19,-2,-19,-2,-19,-3,-19,-2,-19,-2,-19,-2,-19,-2,-18,-2,-19,-1,-19,-1,-18,0,-18,0,-18,0,-5,0,0,0,0,0,0,0,0,0,0,0,0,0,0,0,0,0,0,0,-7,2,-25,3,-25,5,-25,6,-24,6,-25,7,-25,8,-25,8,-25,9,-25,9,-25,10,-25,10,-25,10,-25,9,-24,9,-24,8,-23,7,-23,7,-23,7,-23,6,-23,5,-23,5,-23,4,-23,4,-23,4,-23,4,-23]"
CSI_DATA,36619,d8:b1:90:db:e8:90,-56,11,1,7,0,0,1,0,0,0,1,-94,0,8,0,573571067,0,100,0,128,1,"[100,-64,5,0,16,-15,15,-14,15,-15,14,-15,14,-15,13,-14,13,-14,13,-15,12,-15,12,-15,11,-15,11,-15,11,-15,11,-15,11,-15,11,-16,11,-16,11,-15,12,-15,12,-15,12,-15,11,-14,12,-14,13,-13,14,-12,3,-3,0,0,0,0,0,0,0,0,0,0,0,0,0,0,0,0,0,0,4,-5,19,-17,20,-16,21,-15,21,-14,22,-14,22,-14,22,-15,23,-14,24,-14,24,-14,24,-15,24,-15,23,-14,23,-14,23,-13,22,-13,22,-14,21,-14,21,-14,20,-14,20,-14,20,-14,20,-15,19,-15,19,-15,19,-15]"
CSI_DATA,36620,d8:b1:90:db:e8:90,-55,11,1,7,0,0,1,0,0,0,1,-94,0,8,0,573582331,0,100,0,128,1,"[100,-64,5,0,16,-15,15,-15,15,-15,15,-15,14,-15,13,-15,13,-15,12,-16,12,-16,12,-16,11,-16,11,-16,11,-16,12,-17,12,-17,11,-17,12,-17,12,-17,12,-17,12,-17,11,-17,11,-16,12,-15,13,-15,14,-14,3,-4,0,0,0,0,0,0,0,0,0,0,0,0,0,0,0,0,0,0,4,-5,18,-17,19,-16,20,-15,20,-15,22,-14,22,-14,23,-15,23,-15,23,-15,24,-15,24,-14,24,-14,23,-14,23,-14,22,-14,22,-14,21,-14,21,-14,21,-14,20,-14,19,-15,19,-15,20,-15,19,-15,19,-15,19,-15]"
CSI_DATA,36621,d8:b1:90:db:e8:90,-55,11,1,7,0,0,1,0,0,0,1,-94,0,8,0,573600925,0,100,0,128,1,"[100,-64,5,0,16,-11,15,-11,14,-12,13,-13,12,-13,12,-13,12,-13,11,-13,11,-14,11,-14,10,-14,10,-14,10,-13,11,-13,11,-13,11,-13,12,-13,12,-12,12,-12,12,-12,12,-11,11,-11,12,-11,13,-11,14,-10,3,-3,0,0,0,0,0,0,0,0,0,0,0,0,0,0,0,0,0,0,4,-4,17,-15,18,-14,19,-13,19,-12,20,-12,20,-12,21,-12,22,-12,22,-12,21,-12,21,-11,21,-11,21,-11,21,-10,21,-10,21,-10,20,-10,20,-11,20,-11,19,-11,19,-11,19,-12,18,-12,18,-12,18,-12,17,-13]"
CSI_DATA,36622,d8:b1:90:db:e8:90,-55,11,1,7,0,0,1,0,0,0,1,-94,0,8,0,573616978,0,100,0,128,1,"[100,-64,5,0,-22,2,-21,2,-21,3,-20,3,-19,4,-19,4,-19,5,-19,5,-18,6,-18,6,-18,6,-18,6,-18,6,-18,6,-18,6,-18,6,-17,6,-17,6,-18,5,-18,5,-18,5,-17,4,-18,4,-18,4,-19,3,-5,0,0,0,0,0,0,0,0,0,0,0,0,0,0,0,0,0,0,0,-7,0,-26,0,-26,-1,-26,-2,-26,-3,-26,-4,-26,-4,-26,-4,-26,-5,-26,-5,-26,-5,-26,-5,-26,-5,-26,-5,-26,-5,-25,-5,-25,-4,-25,-4,-25,-4,-25,-3,-25,-3,-25,-2,-25,-2,-24,-1,-24,0,-24,0,-23,0]"
CSI_DATA,36623,d8:b1:90:db:e8:90,-55,11,1,7,0,0,1,0,0,0,1,-94,0,8,0,573639738,0,100,0,128,1,"[100,-64,5,0,23,-5,22,-5,22,-5,21,-6,20,-6,20,-6,19,-7,19,-8,19,-8,18,-8,18,-8,19,-8,19,-8,19,-8,19,-8,18,-8,18,-8,18,-8,18,-8,18,-8,18,-7,17,-6,17,-6,16,-7,15,-7,4,-2,0,0,0,0,0,0,0,0,0,0,0,0,0,0,0,0,0,0,6,-2,27,-6,27,-5,27,-3,27,-3,27,-3,28,-2,29,-1,30,0,30,0,29,1,28,1,28,1,27,2,28,1,27,1,27,1,27,0,27,0,27,-1,27,-2,26,-2,26,-3,25,-3,25,-4,25,-4,25,-5]"
CSI_DATA,36624,d8:b1:90:db:e8:90,-59,11,1,7,0,0,1,0,0,0,1,-94,0,8,0,573651854,0,100,0,128,1,"[100,-64,5,0,-6,-25,-7,-24,-7,-24,-9,-24,-10,-23,-10,-23,-10,-22,-10,-22,-9,-22,-10,-22,-10,-22,-11,-22,-11,-21,-10,-21,-10,-20,-10,-20,-9,-19,-8,-19,-7,-19,-6,-19,-6,-18,-5,-18,-5,-18,-4,-18,-3,-17,-1,-5,0,0,0,0,0,0,0,0,0,0,0,0,0,0,0,0,0,0,-3,-4,-10,-14,-9,-14,-8,-15,-9,-16,-9,-16,-5,-16,3,-17,7,-17,7,-17,5,-17,3,-17,2,-17,2,-17,1,-18,1,-20,1,-21,0,-21,-1,-21,-1,-22,-2,-22,-3,-22,-3,-22,-5,-23,-6,-24,-6,-24,-6,-25]"
CSI_DATA,36625,d8:b1:90:db:e8:90,-59,11,1,7,0,0,1,0,0,0,1,-94,0,8,0,573663578,0,100,0,128,1,"[100,-64,5,0,-25,3,-24,3,-24,4,-24,5,-24,6,-23,6,-23,6,-23,6,-23,7,-23,7,-22,7,-22,7,-22,8,-22,8,-22,8,-21,7,-21,7,-20,6,-20,5,-20,4,-19,3,-18,3,-18,2,-19,1,-19,0,-5,0,0,0,0,0,0,0,0,0,0,0,0,0,0,0,0,0,0,0,-4,1,-14,6,-14,7,-15,7,-15,7,-16,7,-16,3,-16,-5,-16,-9,-16,-9,-16,-8,-16,-6,-17,-5,-17,-4,-18,-4,-20,-4,-21,-3,-20,-2,-21,-2,-21,-2,-21,-2,-21,-2,-22,0,-23,1,-23,2,-24,3,-25,3]"
CSI_DATA,36626,d8:b1:90:db:e8:90,-55,11,1,7,0,0,1,0,0,0,1,-94,0,8,0,573676663,0,100,0,128,1,"[100,-64,5,0,-6,-24,-6,-23,-6,-22,-7,-22,-7,-22,-7,-21,-7,-21,-7,-20,-7,-20,-8,-19,-9,-19,-9,-19,-9,-19,-9,-19,-9,-19,-9,-19,-8,-19,-7,-18,-7,-18,-7,-19,-8,-19,-7,-19,-7,-19,-6,-19,-6,-19,-2,-5,0,0,0,0,0,0,0,0,0,0,0,0,0,0,0,0,0,0,-2,-8,-6,-30,-5,-29,-3,-29,-2,-29,-1,-30,0,-30,-1,-30,-1,-30,0,-30,1,-30,1,-30,1,-30,1,-30,1,-29,1,-29,1,-28,0,-28,0,-28,-2,-28,-3,-27,-4,-27,-4,-27,-4,-27,-5,-27,-5,-26,-5,-25]"
CSI_DATA,36627,d8:b1:90:db:e8:90,-55,11,1,7,0,0,1,0,0,0,1,-94,0,8,0,573699801,0,100,0,128,1,"[100,-64,5,0,-24,3,-23,3,-23,4,-23,4,-22,5,-21,5,-21,5,-21,6,-20,6,-20,6,-20,6,-19,7,-19,7,-20,7,-20,7,-20,7,-20,7,-20,7,-19,7,-19,6,-19,6,-19,5,-19,5,-20,5,-20,4,-5,1,0,0,0,0,0,0,0,0,0,0,0,0,0,0,0,0,0,0,-8,1,-29,3,-28,2,-28,1,-28,0,-29,-1,-29,-2,-29,-2,-29,-2,-29,-2,-30,-3,-30,-4,-29,-4,-29,-4,-29,-4,-28,-4,-27,-4,-27,-3,-27,-2,-27,0,-27,1,-27,1,-27,1,-27,2,-27,2,-26,2,-25,3]"
CSI_DATA,36628,d8:b1:90:db:e8:90,-55,11,1,7,0,0,1,0,0,0,1,-94,0,8,0,573717003,0,100,0,128,1,"[100,-64,5,0,19,-10,19,-9,18,-9,18,-9,17,-8,17,-9,16,-9,16,-10,15,-11,15,-11,14,-11,14,-11,14,-11,14,-11,15,-11,15,-11,15,-11,15,-11,15,-10,15,-10,14,-10,14,-9,14,-9,15,-8,16,-8,4,-2,0,0,0,0,0,0,0,0,0,0,0,0,0,0,0,0,0,0,5,-3,22,-9,22,-7,23,-6,24,-5,25,-5,25,-4,25,-3,25,-3,26,-3,26,-3,26,-2,26,-2,26,-2,25,-3,25,-4,25,-4,24,-5,24,-5,24,-5,23,-5,23,-6,22,-6,22,-7,21,-7,21,-8,22,-9]"
CSI_DATA,36629,d8:b1:90:db:e8:90,-55,11,1,7,0,0,1,0,0,0,1,-94,0,8,0,573747310,0,100,0,128,1,"[100,-64,5,0,-16,10,-15,11,-15,11,-14,11,-14,11,-13,11,-13,12,-13,12,-13,12,-12,12,-12,12,-12,12,-12,12,-12,12,-12,12,-12,12,-12,13,-12,12,-12,12,-12,11,-12,10,-12,10,-11,7,-9,3,-9,0,-3,0,0,0,0,0,0,0,0,0,0,0,0,0,0,0,0,0,0,0,-5,3,-18,12,-19,12,-20,11,-20,9,-21,9,-21,10,-21,10,-21,9,-22,9,-22,8,-22,7,-22,7,-22,7,-22,7,-22,7,-21,8,-20,8,-20,9,-20,9,-19,9,-19,9,-19,10,-18,11,-18,11,-18,11,-18,11]"
CSI_DATA,36630,d8:b1:90:db:e8:90,-55,11,1,7,0,0,1,0,0,0,1,-94,0,8,0,573758378,0,100,0,128,1,"[100,-64,5,0,19,-9,18,-9,18,-10,17,-10,17,-10,16,-10,16,-11,15,-12,15,-12,15,-12,14,-12,14,-12,14,-12,15,-12,15,-13,14,-13,14,-13,14,-13,14,-12,14,-10,14,-9,14,-9,13,-6,11,-2,9,1,2,0,0,0,0,0,0,0,0,0,0,0,0,0,0,0,0,0,0,0,6,-2,24,-8,23,-7,24,-6,24,-5,25,-4,25,-4,25,-3,25,-3,25,-3,25,-3,26,-1,26,-2,25,-3,25,-3,24,-3,24,-4,23,-4,24,-5,24,-5,23,-6,22,-6,22,-7,22,-7,22,-8,22,-8,22,-8]"
CSI_DATA,36631,d8:b1:90:db:e8:90,-55,11,1,7,0,0,1,0,0,0,1,-94,0,8,0,573769838,0,100,0,128,1,"[100,-64,5,0,-24,8,-23,7,-23,8,-22,8,-21,8,-20,8,-20,9,-20,9,-19,9,-19,9,-19,9,-19,9,-19,10,-19,10,-19,10,-18,10,-19,10,-19,9,-19,9,-19,9,-18,8,-18,7,-19,7,-20,7,-20,6,-5,1,0,0,0,0,0,0,0,0,0,0,0,0,0,0,0,0,0,0,-8,2,-29,8,-29,7,-28,5,-28,4,-29,3,-29,3,-29,3,-30,2,-30,1,-30,1,-30,1,-30,1,-29,1,-29,1,-29,1,-29,2,-28,2,-28,3,-27,4,-27,5,-26,5,-26,5,-26,6,-26,6,-26,6,-26,6]"
CSI_DATA,36632,d8:b1:90:db:e8:90,-55,11,1,7,0,0,1,0,0,0,1,-94,0,8,0,573788464,0,100,0,128,1,"[100,-64,5,0,-21,13,-20,13,-19,14,-18,13,-17,13,-16,13,-16,14,-16,14,-15,14,-15,14,-15,14,-15,15,-14,15,-14,15,-14,15,-14,15,-14,15,-14,15,-14,15,-15,15,-14,15,-14,14,-15,13,-16,13,-16,13,-4,3,0,0,0,0,0,0,0,0,0,0,0,0,0,0,0,0,0,0,-6,3,-25,15,-26,14,-26,12,-26,12,-26,11,-27,11,-27,11,-27,11,-28,10,-28,10,-28,9,-28,9,-28,9,-27,9,-27,10,-26,10,-26,11,-25,11,-24,11,-23,11,-23,11,-23,12,-23,13,-23,13,-23,13,-22,13]"
CSI_DATA,36633,d8:b1:90:db:e8:90,-55,11,1,7,0,0,1,0,0,0,1,-94,0,8,0,573806748,0,100,0,128,1,"[100,-64,5,0,21,-9,20,-9,20,-9,19,-9,18,-9,18,-9,17,-10,18,-11,18,-12,17,-12,16,-12,17,-12,17,-13,17,-12,18,-12,17,-12,18,-12,18,-12,18,-11,18,-11,17,-11,17,-10,17,-10,18,-10,18,-9,4,-3,0,0,0,0,0,0,0,0,0,0,0,0,0,0,0,0,0,0,5,-3,24,-11,25,-10,25,-9,26,-8,26,-7,27,-7,27,-7,27,-6,27,-5,27,-5,27,-6,27,-6,27,-6,27,-5,26,-5,25,-6,25,-6,24,-7,24,-7,23,-7,23,-8,23,-8,23,-9,22,-9,22,-9,22,-10]"
CSI_DATA,36634,d8:b1:90:db:e8:90,-56,11,1,5,0,0,1,0,1,0,0,-94,0,8,0,573829468,0,100,0,128,1,"[100,-64,5,0,16,0,15,-4,14,-7,12,-10,11,-12,10,-14,10,-15,9,-16,8,-16,7,-14,5,-12,4,-9,3,-6,3,-3,2,1,1,4,0,6,-1,8,-2,10,-2,11,-1,12,0,11,2,10,4,9,5,8,1,2,0,0,0,0,0,0,0,0,0,0,0,0,0,0,0,0,0,0,3,5,11,21,10,20,9,18,8,15,9,12,11,8,13,5,16,2,19,-1,23,-4,27,-6,30,-6,32,-6,34,-5,36,-4,37,-2,37,0,37,2,36,4,35,6,34,8,32,9,30,9,28,10,26,9,24,8]"
CSI_DATA,36635,d8:b1:90:db:e8:90,-55,11,1,5,0,0,1,0,1,0,0,-94,0,8,0,573862689,0,100,0,128,1,"[100,-64,5,0,-2,19,1,18,5,17,8,16,11,15,13,14,14,14,14,13,13,11,12,10,11,10,9,9,5,7,1,6,-2,4,-5,3,-7,2,-10,0,-11,-1,-12,-1,-12,0,-12,1,-11,2,-10,4,-10,5,-3,1,0,0,0,0,0,0,0,0,0,0,0,0,0,0,0,0,0,0,-5,4,-21,15,-20,14,-19,12,-17,11,-14,12,-10,13,-7,16,-3,18,0,21,2,25,3,28,4,31,4,34,3,36,2,38,0,38,-2,38,-4,39,-6,39,-8,38,-10,36,-11,35,-12,33,-12,30,-12,28,-11,26]"
CSI_DATA,36636,d8:b1:90:db:e8:90,-55,11,1,7,0,0,1,0,0,0,1,-94,0,8,0,573874270,0,100,0,128,1,"[100,-64,5,0,-6,22,-6,22,-5,22,-5,22,-4,22,-3,21,-3,21,-3,21,-3,21,-2,21,-1,21,-1,21,-1,21,-1,20,-2,20,-2,21,-2,21,-3,21,-3,20,-3,20,-2,20,-2,20,-3,20,-4,20,-5,19,-2,4,0,0,0,0,0,0,0,0,0,0,0,0,0,0,0,0,0,0,-2,6,-7,26,-9,25,-11,24,-12,24,-13,24,-14,25,-14,26,-15,26,-15,25,-15,25,-15,26,-15,25,-15,25,-15,24,-14,24,-14,24,-13,24,-13,24,-12,23,-11,23,-10,23,-9,23,-9,23,-8,23,-8,24,-7,24]"
CSI_DATA,36637,d8:b1:90:db:e8:90,-55,11,1,7,0,0,1,0,0,0,1,-94,0,8,0,573884864,0,100,0,128,1,"[100,-64,5,0,-3,-23,-3,-23,-3,-22,-4,-22,-5,-22,-5,-21,-5,-21,-5,-21,-5,-21,-6,-21,-7,-21,-8,-21,-8,-20,-8,-20,-8,-20,-9,-20,-9,-20,-8,-20,-8,-20,-8,-20,-8,-20,-8,-20,-7,-20,-6,-20,-6,-20,-2,-6,0,0,0,0,0,0,0,0,0,0,0,0,0,0,0,0,0,0,-1,-7,-4,-27,-3,-27,-1,-27,0,-28,1,-28,1,-28,2,-28,3,-28,3,-28,3,-27,3,-28,3,-28,3,-27,3,-27,3,-27,3,-26,3,-26,2,-26,2,-26,2,-25,1,-25,0,-25,-1,-25,-1,-25,-1,-24,-1,-24]"
CSI_DATA,36638,d8:b1:90:db:e8:90,-55,11,1,7,0,0,1,0,0,0,1,-94,0,8,0,573899207,0,100,0,128,1,"[100,-64,5,0,24,-5,23,-5,23,-5,22,-6,22,-6,21,-6,20,-7,20,-8,20,-8,20,-8,20,-8,19,-9,20,-9,20,-9,20,-9,20,-9,21,-9,21,-8,20,-8,20,-8,20,-7,19,-6,20,-6,21,-5,21,-4,5,-1,0,0,0,0,0,0,0,0,0,0,0,0,0,0,0,0,0,0,7,-2,28,-5,28,-4,28,-3,28,-2,28,-1,28,0,29,1,29,2,29,2,29,3,29,2,28,2,28,2,28,3,28,3,27,2,27,2,27,1,26,0,26,0,26,-1,25,-1,25,-2,25,-2,25,-3,25,-4]"
CSI_DATA,36639,d8:b1:90:db:e8:90,-55,11,1,7,0,0,1,0,0,0,1,-94,0,8,0,573917751,0,100,0,128,1,"[100,-64,5,0,-14,-18,-13,-17,-13,-17,-13,-16,-13,-16,-13,-15,-14,-15,-14,-14,-14,-14,-14,-13,-15,-14,-16,-14,-16,-14,-15,-13,-15,-13,-16,-14,-15,-14,-15,-14,-14,-13,-15,-14,-14,-14,-14,-15,-14,-15,-14,-15,-13,-16,-4,-4,0,0,0,0,0,0,0,0,0,0,0,0,0,0,0,0,0,0,-4,-5,-15,-20,-13,-22,-12,-22,-11,-23,-11,-23,-10,-23,-10,-24,-9,-24,-9,-25,-9,-25,-8,-24,-8,-24,-9,-24,-9,-24,-9,-23,-9,-23,-9,-22,-9,-22,-10,-21,-10,-21,-10,-21,-11,-20,-11,-20,-12,-19,-12,-19,-12,-18]"
CSI_DATA,36640,d8:b1:90:db:e8:90,-62,11,1,7,0,0,1,0,0,0,1,-94,0,8,0,573949024,0,100,0,128,1,"[100,-64,5,0,12,-18,11,-18,6,-10,-4,8,-8,17,-7,17,-7,17,-6,18,-5,18,-5,18,-5,18,-5,17,-5,17,-4,17,-4,17,-5,16,-5,15,-4,15,-5,14,-7,13,-9,12,-9,12,-9,12,-10,13,-10,13,-3,3,0,0,0,0,0,0,0,0,0,0,0,0,0,0,0,0,0,0,2,-3,9,-11,9,-10,10,-10,11,-10,12,-11,13,-11,13,-12,13,-11,14,-12,14,-11,13,-11,14,-10,14,-11,15,-11,15,-11,15,-12,15,-12,15,-13,16,-14,16,-15,16,-16,15,-15,15,-15,14,-15,14,-15,13,-16]"
CSI_DATA,36641,d8:b1:90:db:e8:90,-55,11,1,7,0,0,1,0,0,0,1,-94,0,8,0,573962272,0,100,0,128,1,"[100,-64,5,0,14,-13,13,-13,13,-13,12,-13,12,-13,11,-13,11,-13,11,-14,10,-14,10,-14,10,-15,9,-15,9,-15,9,-15,9,-15,9,-15,9,-15,9,-15,9,-16,9,-16,9,-15,9,-13,9,-13,10,-13,10,-14,2,-4,0,0,0,0,0,0,0,0,0,0,0,0,0,0,0,0,0,0,3,-4,15,-16,16,-15,17,-14,17,-15,18,-14,19,-13,20,-12,20,-12,20,-12,19,-11,19,-11,20,-11,20,-11,19,-10,19,-10,18,-11,18,-11,18,-11,17,-11,16,-12,16,-12,16,-12,16,-12,15,-12,15,-12,16,-13]"
CSI_DATA,36642,d8:b1:90:db:e8:90,-55,11,1,7,0,0,1,0,0,0,1,-94,0,8,0,573975865,0,100,0,128,1,"[100,-64,5,0,-20,9,-20,9,-19,9,-19,9,-18,9,-18,9,-17,9,-17,10,-17,11,-16,11,-16,11,-16,12,-16,12,-16,12,-16,12,-16,12,-16,12,-16,12,-16,11,-16,11,-16,11,-16,10,-16,10,-16,10,-17,9,-5,2,0,0,0,0,0,0,0,0,0,0,0,0,0,0,0,0,0,0,-6,3,-23,12,-24,10,-24,8,-25,8,-26,8,-26,7,-25,7,-25,7,-26,6,-26,4,-26,3,-26,4,-26,5,-25,5,-25,5,-25,5,-24,5,-24,6,-24,6,-24,7,-23,7,-23,7,-22,7,-22,7,-22,8,-23,8]"
CSI_DATA,36643,d8:b1:90:db:e8:90,-54,11,1,7,0,0,1,0,0,0,1,-94,0,8,0,573990521,0,100,0,128,1,"[100,-64,5,0,-22,10,-22,10,-21,10,-20,11,-19,12,-18,12,-17,12,-17,13,-16,14,-15,14,-15,14,-14,14,-15,15,-15,15,-15,15,-14,15,-14,15,-14,14,-14,14,-14,14,-13,13,-13,13,-14,13,-15,13,-15,12,-4,3,0,0,0,0,0,0,0,0,0,0,0,0,0,0,0,0,0,0,-6,3,-23,14,-24,13,-25,11,-25,10,-26,9,-27,8,-27,8,-27,8,-27,8,-28,7,-28,7,-28,7,-28,7,-27,7,-27,7,-27,8,-26,8,-25,9,-25,9,-24,10,-24,10,-24,10,-23,11,-23,10,-24,10,-24,11]"
CSI_DATA,36644,d8:b1:90:db:e8:90,-55,11,1,7,0,0,1,0,0,0,1,-94,0,8,0,574006606,0,100,0,128,1,"[100,-64,5,0,24,-2,23,-2,23,-2,22,-2,22,-2,22,-2,21,-3,21,-4,20,-5,20,-5,20,-5,20,-6,20,-6,20,-7,20,-7,21,-7,21,-7,21,-7,21,-6,21,-6,20,-6,20,-5,20,-5,20,-5,20,-4,5,-1,0,0,0,0,0,0,0,0,0,0,0,0,0,0,0,0,0,0,6,-1,27,-4,27,-2,27,-1,27,-1,27,0,27,1,27,2,28,3,28,4,28,4,28,4,27,4,27,5,27,5,27,4,26,4,26,3,26,3,26,3,25,2,26,2,25,1,25,0,25,0,25,-1,25,-1]"
CSI_DATA,36645,d8:b1:90:db:e8:90,-55,11,1,7,0,0,1,0,0,0,1,-94,0,8,0,574019134,0,100,0,128,1,"[100,-64,5,0,23,-5,23,-6,22,-6,21,-5,21,-5,20,-5,19,-6,19,-7,19,-8,18,-8,18,-8,18,-9,18,-9,18,-9,18,-9,18,-10,18,-10,19,-9,18,-9,18,-9,18,-8,17,-8,17,-8,18,-7,18,-7,4,-2,0,0,0,0,0,0,0,0,0,0,0,0,0,0,0,0,0,0,6,-2,25,-5,26,-5,26,-4,26,-3,27,-2,27,-1,27,-1,27,0,27,0,27,0,27,1,27,1,27,1,27,1,27,1,26,1,26,0,26,0,26,0,25,-1,25,-1,25,-2,24,-3,24,-3,24,-4,24,-5]"
CSI_DATA,36646,d8:b1:90:db:e8:90,-55,11,1,7,0,0,1,0,0,0,1,-94,0,8,0,574051410,0,100,0,128,1,"[100,-64,5,0,22,-1,21,-1,21,-2,21,-3,20,-3,19,-4,19,-4,18,-5,18,-5,18,-5,18,-5,18,-6,18,-6,19,-6,18,-6,18,-7,17,-7,17,-7,17,-6,18,-7,18,-6,17,-5,17,-5,16,-4,16,-3,4,-1,0,0,0,0,0,0,0,0,0,0,0,0,0,0,0,0,0,0,6,-2,25,-5,25,-3,24,-2,24,-1,25,0,25,1,25,2,26,2,26,3,26,3,26,4,25,4,25,4,25,4,25,3,25,3,25,2,24,2,24,2,23,2,23,1,23,0,23,0,23,0,23,-1,23,-2]"
CSI_DATA,36647,d8:b1:90:db:e8:90,-55,11,1,7,0,0,1,0,0,0,1,-94,0,8,0,574067024,0,100,0,128,1,"[100,-64,5,0,-23,10,-22,10,-21,10,-20,10,-19,10,-18,10,-18,11,-17,12,-17,13,-17,13,-16,13,-16,13,-16,13,-16,13,-16,13,-16,13,-16,13,-16,13,-16,13,-16,13,-16,12,-15,12,-16,12,-17,11,-18,10,-5,2,0,0,0,0,0,0,0,0,0,0,0,0,0,0,0,0,0,0,-7,3,-27,12,-26,10,-26,9,-26,8,-26,8,-27,7,-28,7,-28,7,-29,7,-29,7,-29,6,-28,6,-28,6,-28,6,-28,6,-27,6,-27,6,-26,7,-26,7,-25,8,-25,8,-24,8,-24,9,-24,9,-24,9,-24,10]"
CSI_DATA,36648,d8:b1:90:db:e8:90,-55,11,1,7,0,0,1,0,0,0,1,-94,0,8,0,574079516,0,100,0,128,1,"[100,-64,5,0,-24,0,-23,0,-22,1,-21,1,-21,2,-20,2,-20,3,-20,4,-20,5,-19,5,-19,5,-19,5,-19,5,-19,5,-19,5,-19,5,-19,5,-19,5,-19,4,-19,4,-18,4,-18,3,-19,3,-19,2,-19,1,-5,0,0,0,0,0,0,0,0,0,0,0,0,0,0,0,0,0,0,0,-7,0,-26,1,-26,0,-25,-1,-25,-2,-25,-3,-26,-3,-27,-3,-27,-3,-27,-4,-27,-5,-27,-5,-26,-5,-26,-5,-26,-5,-26,-5,-26,-4,-26,-4,-25,-4,-25,-3,-25,-3,-25,-2,-25,-2,-25,-1,-25,-1,-25,-1,-25,0]"
CSI_DATA,36649,d8:b1:90:db:e8:90,-54,11,1,7,0,0,1,0,0,0,1,-94,0,8,0,574093053,0,100,0,128,1,"[100,-64,5,0,-21,16,-21,15,-20,15,-19,15,-18,15,-17,15,-17,15,-16,16,-16,16,-15,16,-14,16,-14,16,-15,16,-15,16,-15,15,-15,15,-15,15,-15,15,-15,14,-16,14,-15,13,-15,13,-16,12,-17,12,-17,12,-5,3,0,0,0,0,0,0,0,0,0,0,0,0,0,0,0,0,0,0,-6,4,-22,17,-22,16,-23,16,-23,16,-24,16,-25,15,-26,15,-27,15,-27,14,-28,14,-28,14,-28,13,-28,13,-27,13,-26,13,-26,14,-25,14,-25,14,-25,14,-24,15,-23,15,-23,15,-23,15,-23,15,-22,15,-22,16]"
CSI_DATA,36650,d8:b1:90:db:e8:90,-55,11,1,7,0,0,1,0,0,0,1,-94,0,8,0,574104220,0,100,0,128,1,"[100,-64,5,0,11,-22,11,-22,10,-21,9,-21,9,-21,8,-21,8,-21,7,-21,7,-21,7,-21,6,-21,6,-22,6,-22,6,-22,6,-22,5,-23,6,-23,6,-22,6,-22,6,-21,5,-21,5,-21,6,-20,7,-20,8,-20,2,-5,0,0,0,0,0,0,0,0,0,0,0,0,0,0,0,0,0,0,3,-7,14,-24,15,-24,16,-23,17,-22,18,-21,19,-21,19,-20,19,-20,19,-20,20,-19,20,-19,19,-19,19,-19,19,-19,19,-19,19,-20,19,-20,18,-20,17,-20,16,-20,15,-20,14,-21,14,-22,13,-22,13,-22,13,-22]"
CSI_DATA,36651,d8:b1:90:db:e8:90,-55,11,1,7,0,0,1,0,0,0,1,-94,0,8,0,574116317,0,100,0,128,1,"[100,-64,5,0,20,-11,19,-11,19,-11,18,-11,18,-11,17,-11,16,-12,16,-12,16,-12,16,-12,16,-12,15,-13,15,-14,16,-13,16,-13,16,-14,16,-14,16,-13,16,-13,16,-13,15,-12,15,-11,15,-11,16,-10,17,-9,4,-3,0,0,0,0,0,0,0,0,0,0,0,0,0,0,0,0,0,0,5,-3,23,-12,24,-11,24,-9,25,-8,25,-8,25,-7,25,-6,25,-6,25,-6,25,-5,25,-5,25,-5,25,-4,25,-4,26,-5,25,-6,25,-6,24,-6,24,-7,23,-7,22,-7,22,-8,22,-9,22,-9,22,-10,22,-10]"
CSI_DATA,36652,d8:b1:90:db:e8:90,-55,11,1,7,0,0,1,0,0,0,1,-94,0,8,0,574127228,0,100,0,128,1,"[100,-64,5,0,12,18,12,17,12,16,12,16,12,16,12,15,13,15,13,14,13,13,13,13,13,13,14,13,14,13,14,12,14,12,14,13,13,13,13,12,12,12,13,13,13,13,12,13,12,13,12,13,11,14,2,3,0,0,0,0,0,0,0,0,0,0,0,0,0,0,0,0,0,0,4,4,16,17,16,18,14,19,14,19,13,20,12,21,11,21,11,21,10,21,10,22,11,22,11,22,11,22,11,22,11,22,11,21,10,21,11,21,11,20,11,20,11,19,12,19,12,19,13,18,13,18,13,17]"
CSI_DATA,36653,d8:b1:90:db:e8:90,-55,11,1,7,0,0,1,0,0,0,1,-94,0,8,0,574153763,0,100,0,128,1,"[100,-64,5,0,13,20,13,19,13,19,13,18,13,17,13,17,13,16,13,15,13,14,13,14,14,14,14,14,15,14,15,13,15,13,15,14,14,13,13,13,13,13,13,14,13,14,13,15,12,15,12,15,11,15,2,4,0,0,0,0,0,0,0,0,0,0,0,0,0,0,0,0,0,0,3,5,15,21,15,22,14,23,13,23,12,24,11,24,10,25,9,25,9,25,9,26,10,27,10,27,9,27,9,27,10,26,10,25,10,25,10,24,10,24,11,23,11,23,11,22,12,22,13,22,13,21,13,20]"
CSI_DATA,36654,d8:b1:90:db:e8:90,-55,11,1,7,0,0,1,0,0,0,1,-94,0,8,0,574165581,0,100,0,128,1,"[100,-64,5,0,-22,-5,-22,-4,-21,-4,-21,-3,-21,-3,-20,-3,-20,-2,-20,-1,-20,-1,-19,0,-19,-1,-20,-1,-20,-1,-19,0,-19,0,-19,0,-19,0,-19,0,-19,0,-19,0,-19,0,-18,-1,-19,-1,-19,-1,-19,-2,-5,-1,0,0,0,0,0,0,0,0,0,0,0,0,0,0,0,0,0,0,-7,-2,-25,-6,-25,-8,-25,-9,-24,-9,-24,-10,-24,-11,-24,-11,-24,-11,-24,-12,-24,-12,-24,-13,-24,-13,-23,-13,-24,-13,-24,-12,-24,-11,-24,-11,-24,-10,-23,-10,-23,-9,-23,-9,-23,-8,-23,-7,-23,-7,-23,-7,-23,-6]"
CSI_DATA,36655,d8:b1:90:db:e8:90,-54,11,1,7,0,0,1,0,0,0,1,-94,0,8,0,574176055,0,100,0,128,1,"[100,-64,5,0,-14,-23,-13,-22,-11,-20,-11,-18,-13,-17,-13,-17,-11,-16,-11,-15,-13,-16,-13,-17,-13,-15,-15,-13,-15,-13,-12,-13,-12,-12,-14,-11,-12,-13,-10,-14,-11,-13,-13,-13,-13,-14,-11,-14,-12,-13,-15,-15,-12,-18,-3,-5,0,0,0,0,0,0,0,0,0,0,0,0,0,0,0,0,0,0,-2,-7,-7,-26,-5,-26,-4,-26,-3,-26,-3,-26,-3,-26,-3,-27,-2,-27,-2,-27,-2,-27,-2,-27,-2,-27,-2,-27,-3,-27,-4,-27,-3,-27,-4,-26,-6,-26,-6,-26,-6,-25,-7,-24,-8,-24,-8,-24,-8,-23,-10,-22,-11,-22]"
CSI_DATA,36656,d8:b1:90:db:e8:90,-55,11,1,7,0,0,1,0,0,0,1,-94,0,8,0,574187279,0,100,0,128,1,"[100,-64,5,0,-20,-16,-19,-16,-19,-15,-19,-14,-19,-13,-18,-13,-18,-12,-18,-11,-18,-11,-18,-10,-19,-10,-20,-10,-20,-10,-19,-9,-19,-9,-19,-9,-19,-9,-18,-9,-18,-9,-18,-9,-18,-10,-18,-10,-18,-10,-18,-11,-18,-11,-5,-3,0,0,0,0,0,0,0,0,0,0,0,0,0,0,0,0,0,0,-7,-4,-24,-15,-24,-16,-22,-17,-22,-18,-22,-19,-22,-19,-22,-20,-22,-20,-21,-20,-21,-21,-21,-21,-21,-21,-21,-21,-21,-21,-20,-21,-20,-20,-20,-20,-20,-20,-20,-20,-20,-19,-20,-19,-20,-18,-21,-18,-21,-17,-21,-17,-20,-17]"
CSI_DATA,36657,d8:b1:90:db:e8:90,-55,11,1,7,0,0,1,0,0,0,1,-94,0,8,0,574197681,0,100,0,128,1,"[100,-64,5,0,5,-24,4,-24,4,-23,3,-23,2,-22,1,-21,1,-21,1,-21,1,-21,0,-21,-1,-21,-1,-21,-1,-21,-1,-20,-1,-20,-1,-20,-1,-19,-1,-19,0,-19,0,-19,-1,-19,-1,-19,0,-19,1,-19,1,-19,0,-5,0,0,0,0,0,0,0,0,0,0,0,0,0,0,0,0,0,0,0,-7,3,-27,4,-27,5,-27,7,-27,8,-27,8,-27,8,-27,9,-27,10,-27,10,-27,10,-27,10,-27,10,-26,10,-26,10,-26,10,-26,9,-26,9,-26,8,-25,8,-25,7,-25,7,-25,6,-26,6,-26,6,-26,6,-25]"
CSI_DATA,36658,d8:b1:90:db:e8:90,-55,11,1,7,0,0,1,0,0,0,1,-94,0,8,0,574209222,0,100,0,128,1,"[100,-64,5,0,-25,1,-25,2,-24,2,-23,2,-22,2,-22,3,-21,3,-21,4,-21,5,-20,5,-20,5,-20,5,-20,5,-20,6,-20,6,-20,6,-21,6,-20,5,-20,5,-20,5,-19,5,-19,4,-19,4,-20,4,-20,3,-5,0,0,0,0,0,0,0,0,0,0,0,0,0,0,0,0,0,0,0,-7,1,-28,4,-28,3,-28,1,-28,0,-28,-1,-28,-2,-28,-2,-29,-2,-29,-3,-29,-4,-29,-3,-28,-3,-28,-3,-28,-3,-28,-4,-27,-3,-27,-2,-28,-2,-28,-2,-28,-2,-28,-1,-27,-1,-26,0,-26,0,-26,1,-26,2]"
CSI_DATA,36659,d8:b1:90:db:e8:90,-55,11,1,7,0,0,1,0,0,0,1,-94,0,8,0,574227414,0,100,0,128,1,"[100,-64,5,0,-16,19,-15,19,-14,18,-13,18,-12,17,-12,17,-11,17,-11,18,-11,18,-10,18,-9,18,-9,18,-9,18,-9,18,-9,18,-9,19,-10,19,-10,18,-10,17,-10,17,-9,17,-9,17,-10,17,-11,16,-12,16,-3,4,0,0,0,0,0,0,0,0,0,0,0,0,0,0,0,0,0,0,-4,5,-14,21,-15,21,-17,20,-18,19,-19,19,-20,19,-21,20,-21,20,-21,19,-21,20,-21,20,-21,20,-21,19,-21,19,-21,19,-20,19,-20,19,-20,19,-20,18,-19,18,-19,19,-18,19,-18,19,-17,19,-16,19,-16,19]"
CSI_DATA,36660,d8:b1:90:db:e8:90,-55,11,1,7,0,0,1,0,0,0,1,-94,0,8,0,574260369,0,100,0,128,1,"[100,-64,5,0,5,25,5,24,5,23,5,22,6,21,6,20,7,20,7,20,7,19,7,19,8,19,9,19,9,18,8,18,8,18,9,18,8,18,7,18,7,17,7,17,7,17,7,18,6,17,5,17,4,18,1,4,0,0,0,0,0,0,0,0,0,0,0,0,0,0,0,0,0,0,1,6,6,25,5,26,4,27,3,27,2,27,2,28,1,28,1,29,0,29,0,30,0,30,1,30,0,29,0,29,0,29,0,29,0,28,0,28,1,27,1,27,2,27,2,27,2,26,3,26,3,26,3,26]"
CSI_DATA,36661,d8:b1:90:db:e8:90,-55,11,1,7,0,0,1,0,0,0,1,-94,0,8,0,574272357,0,100,0,128,1,"[100,-64,5,0,-3,23,-2,23,-2,22,-1,21,0,21,0,20,1,19,1,19,1,19,1,18,2,18,3,19,3,19,2,18,2,18,3,18,2,18,2,17,2,17,2,17,2,17,1,17,1,17,0,17,-1,17,-1,4,0,0,0,0,0,0,0,0,0,0,0,0,0,0,0,0,0,0,0,6,1,24,0,24,-2,24,-4,24,-4,24,-4,24,-5,25,-5,25,-6,26,-6,25,-6,25,-6,25,-6,24,-6,25,-6,25,-6,25,-6,25,-6,25,-5,25,-5,25,-5,25,-4,24,-3,24,-2,24,-2,24,-3,23]"
CSI_DATA,36662,d8:b1:90:db:e8:90,-55,11,1,7,0,0,1,0,0,0,1,-94,0,8,0,574284428,0,100,0,128,1,"[100,-64,5,0,-19,-15,-18,-14,-18,-13,-19,-13,-19,-13,-18,-13,-18,-12,-17,-11,-17,-9,-17,-9,-17,-9,-18,-9,-18,-9,-17,-8,-17,-8,-17,-8,-16,-8,-16,-8,-15,-8,-15,-8,-15,-9,-15,-9,-15,-9,-15,-9,-15,-10,-4,-3,0,0,0,0,0,0,0,0,0,0,0,0,0,0,0,0,0,0,-6,-3,-22,-13,-21,-14,-21,-15,-21,-16,-21,-16,-20,-17,-20,-17,-19,-18,-20,-18,-20,-19,-20,-19,-19,-19,-19,-19,-20,-19,-20,-19,-20,-19,-20,-18,-20,-18,-20,-18,-20,-17,-20,-17,-20,-16,-20,-16,-20,-16,-20,-15,-19,-15]"
CSI_DATA,36663,d8:b1:90:db:e8:90,-55,11,1,7,0,0,1,0,0,0,1,-94,0,8,0,574297008,0,100,0,128,1,"[100,-64,5,0,19,16,18,16,19,15,19,14,19,14,19,13,19,12,18,11,18,10,17,10,18,10,18,10,18,9,18,9,18,9,17,9,17,9,16,9,16,9,16,9,16,9,15,10,15,10,15,10,15,11,3,2,0,0,0,0,0,0,0,0,0,0,0,0,0,0,0,0,0,0,5,3,23,15,22,15,22,16,21,17,20,18,21,18,20,19,20,20,20,21,20,21,19,21,20,21,19,21,19,21,19,21,20,21,20,21,20,20,20,19,20,19,21,19,21,18,20,18,20,18,20,18,20,17]"
CSI_DATA,36664,d8:b1:90:db:e8:90,-55,11,1,7,0,0,1,0,0,0,1,-94,0,8,0,574316386,0,100,0,128,1,"[100,-64,5,0,25,0,24,0,24,0,24,-1,24,-2,23,-2,22,-3,22,-4,21,-4,21,-4,20,-4,19,-4,19,-5,20,-6,20,-5,19,-4,19,-4,19,-4,19,-4,19,-4,18,-4,18,-3,18,-3,18,-2,19,-2,4,-1,0,0,0,0,0,0,0,0,0,0,0,0,0,0,0,0,0,0,6,-1,27,-2,27,0,27,1,27,3,27,3,28,4,28,4,29,5,30,5,29,6,29,6,29,7,29,6,28,6,28,6,28,6,27,6,27,6,28,6,28,5,28,4,28,4,27,4,27,4,27,3,27,2]"
CSI_DATA,36665,d8:b1:90:db:e8:90,-55,11,1,7,0,0,1,0,0,0,1,-94,0,8,0,574326860,0,100,0,128,1,"[100,-64,5,0,9,21,9,20,9,19,10,18,10,18,10,17,10,16,10,15,10,15,10,15,10,15,11,15,11,15,11,14,11,14,10,14,10,14,10,13,10,13,10,13,10,14,10,14,9,13,9,13,8,13,2,3,0,0,0,0,0,0,0,0,0,0,0,0,0,0,0,0,0,0,3,5,12,21,11,21,10,22,9,22,8,22,8,23,8,23,8,24,8,24,7,25,7,25,6,25,6,25,6,25,6,25,6,24,6,24,6,23,7,23,7,23,8,23,8,23,8,23,8,23,9,22,9,21]"
CSI_DATA,36666,d8:b1:90:db:e8:90,-54,11,1,7,0,0,1,0,0,0,1,-94,0,8,0,574337314,0,100,0,128,1,"[100,-64,5,0,7,-25,6,-24,6,-23,5,-23,4,-22,3,-21,3,-21,3,-21,2,-21,2,-20,1,-20,0,-21,0,-20,1,-20,1,-19,0,-19,0,-19,1,-18,1,-18,1,-18,1,-18,0,-18,1,-17,2,-17,3,-16,0,-4,0,0,0,0,0,0,0,0,0,0,0,0,0,0,0,0,0,0,1,-7,6,-26,7,-26,8,-26,8,-26,9,-25,10,-25,10,-26,10,-26,11,-26,12,-26,12,-26,13,-26,12,-25,12,-25,13,-25,12,-25,12,-25,12,-25,11,-25,10,-25,10,-25,10,-25,9,-26,9,-26,8,-25,8,-25]"
CSI_DATA,36667,d8:b1:90:db:e8:90,-54,11,1,7,0,0,1,0,0,0,1,-94,0,8,0,574358736,0,100,0,128,1,"[100,-64,5,0,-6,23,-6,22,-5,22,-4,21,-4,21,-3,20,-2,19,-2,19,-2,18,-1,18,-1,18,-1,18,-1,18,-1,18,-1,18,-1,18,-1,18,-1,17,-1,17,-1,17,-1,17,-1,16,-1,16,-2,16,-3,16,-1,4,0,0,0,0,0,0,0,0,0,0,0,0,0,0,0,0,0,0,-1,6,-4,25,-6,24,-7,24,-8,23,-9,23,-9,24,-9,24,-10,24,-10,24,-11,24,-11,24,-12,23,-12,22,-12,22,-12,22,-12,22,-11,22,-11,22,-10,23,-10,23,-9,23,-9,23,-8,23,-8,23,-7,23,-7,22]"
CSI_DATA,36668,d8:b1:90:db:e8:90,-54,11,1,7,0,0,1,0,0,0,1,-94,0,8,0,574375297,0,100,0,128,1,"[100,-64,5,0,17,17,16,16,16,15,16,15,16,15,16,14,16,14,16,13,16,12,16,12,15,13,15,13,14,13,14,12,14,11,14,11,14,10,14,10,14,10,13,10,13,10,12,10,12,10,12,10,12,10,3,2,0,0,0,0,0,0,0,0,0,0,0,0,0,0,0,0,0,0,4,4,18,18,17,18,16,19,15,19,15,20,15,21,15,21,15,22,15,22,14,23,14,23,14,23,14,23,14,23,14,23,14,22,14,22,15,21,16,21,16,20,17,20,17,19,17,19,17,19,17,18,18,18]"
CSI_DATA,36669,d8:b1:90:db:e8:90,-54,11,1,7,0,0,1,0,0,0,1,-94,0,8,0,574388321,0,100,0,128,1,"[100,-64,5,0,18,-16,18,-16,17,-16,17,-16,16,-16,15,-16,14,-16,14,-16,13,-15,13,-15,12,-15,12,-16,12,-15,12,-15,12,-15,12,-15,12,-15,11,-14,11,-13,11,-13,11,-13,10,-13,11,-12,11,-12,12,-11,3,-3,0,0,0,0,0,0,0,0,0,0,0,0,0,0,0,0,0,0,4,-4,18,-17,18,-18,19,-18,20,-18,20,-16,20,-15,21,-16,23,-16,23,-16,22,-15,23,-14,24,-15,24,-15,23,-14,23,-14,23,-14,22,-14,22,-15,22,-15,21,-15,21,-16,21,-16,20,-16,20,-16,20,-16,20,-16]"
CSI_DATA,36670,d8:b1:90:db:e8:90,-55,11,1,7,0,0,1,0,0,0,1,-94,0,8,0,574406772,0,100,0,128,1,"[100,-64,5,0,24,-9,23,-9,23,-9,22,-9,21,-9,20,-9,20,-10,20,-10,19,-11,19,-11,18,-11,18,-11,18,-11,18,-11,18,-11,18,-12,18,-12,18,-12,17,-11,17,-11,16,-11,16,-10,16,-9,17,-9,18,-8,4,-2,0,0,0,0,0,0,0,0,0,0,0,0,0,0,0,0,0,0,6,-3,26,-12,26,-11,26,-10,27,-9,27,-8,28,-8,28,-8,28,-7,29,-6,28,-6,28,-6,28,-5,28,-5,28,-5,28,-4,27,-4,27,-5,27,-5,27,-6,27,-7,27,-7,26,-8,26,-8,26,-8,26,-9,25,-9]"
CSI_DATA,36671,d8:b1:90:db:e8:90,-54,11,1,7,0,0,1,0,0,0,1,-94,0,8,0,574418853,0,100,0,128,1,"[100,-64,5,0,-21,-13,-21,-13,-20,-12,-20,-11,-19,-10,-19,-10,-19,-9,-19,-9,-19,-8,-19,-8,-19,-8,-19,-8,-19,-8,-18,-7,-18,-7,-18,-7,-18,-7,-18,-7,-17,-7,-17,-7,-17,-8,-16,-8,-16,-8,-16,-8,-16,-9,-4,-3,0,0,0,0,0,0,0,0,0,0,0,0,0,0,0,0,0,0,-7,-3,-25,-11,-24,-11,-22,-13,-22,-14,-22,-15,-22,-16,-22,-16,-23,-16,-23,-17,-22,-17,-21,-17,-21,-17,-21,-17,-21,-17,-21,-18,-20,-18,-20,-17,-20,-17,-21,-16,-21,-16,-22,-16,-22,-15,-22,-14,-22,-14,-22,-13,-22,-13]"
CSI_DATA,36672,d8:b1:90:db:e8:90,-55,11,1,7,0,0,1,0,0,0,1,-94,0,8,0,574436420,0,100,0,128,1,"[100,-64,5,0,-1,23,-1,22,-1,22,0,22,1,21,1,21,1,21,1,20,1,19,2,19,2,19,3,20,3,20,2,19,2,19,3,19,2,19,1,18,1,18,2,18,2,18,2,18,1,18,0,18,-1,18,-1,4,0,0,0,0,0,0,0,0,0,0,0,0,0,0,0,0,0,0,0,6,2,25,1,26,0,26,-1,27,-2,27,-2,27,-3,26,-3,26,-4,26,-5,26,-5,27,-5,27,-5,26,-5,26,-5,26,-5,26,-5,25,-4,25,-4,25,-3,25,-2,25,-2,25,-1,25,-1,25,-1,24,-2,25]"
CSI_DATA,36673,d8:b1:90:db:e8:90,-55,11,1,7,0,0,1,0,0,0,1,-94,0,8,0,574470954,0,100,0,128,1,"[100,-64,5,0,17,-14,17,-14,16,-14,16,-14,15,-15,14,-14,14,-15,14,-16,13,-16,13,-16,13,-16,12,-17,12,-17,12,-16,12,-17,12,-17,11,-18,12,-17,11,-17,11,-17,11,-17,11,-16,11,-16,13,-16,13,-15,3,-4,0,0,0,0,0,0,0,0,0,0,0,0,0,0,0,0,0,0,5,-5,20,-18,21,-17,22,-16,23,-15,23,-14,24,-13,25,-12,25,-11,25,-11,25,-11,25,-11,25,-11,25,-11,25,-10,25,-11,24,-11,24,-11,23,-11,22,-12,22,-12,21,-12,21,-13,20,-13,20,-13,20,-14,20,-14]"
CSI_DATA,36674,d8:b1:90:db:e8:90,-55,11,1,7,0,0,1,0,0,0,1,-94,0,8,0,574482007,0,100,0,128,1,"[100,-64,5,0,19,11,19,10,19,10,19,9,19,9,18,8,18,7,18,6,18,6,18,6,18,5,19,4,19,3,19,3,19,3,20,3,20,3,20,3,20,3,20,3,19,3,19,4,19,4,19,4,19,5,4,1,0,0,0,0,0,0,0,0,0,0,0,0,0,0,0,0,0,0,6,2,24,12,23,13,22,14,21,14,21,15,21,16,20,16,20,16,20,17,20,17,20,17,20,17,20,17,19,17,19,17,19,16,19,16,19,15,19,15,19,14,20,14,20,13,20,13,20,13,20,12,19,11]"
CSI_DATA,36675,d8:b1:90:db:e8:90,-55,11,1,7,0,0,1,0,0,0,1,-94,0,8,0,574493723,0,100,0,128,1,"[100,-64,5,0,-15,-19,-15,-18,-14,-18,-15,-17,-15,-17,-15,-16,-15,-15,-15,-14,-15,-13,-15,-13,-15,-13,-16,-13,-16,-12,-16,-11,-16,-12,-17,-12,-17,-12,-16,-11,-16,-11,-16,-11,-16,-12,-15,-13,-15,-13,-15,-13,-14,-13,-4,-4,0,0,0,0,0,0,0,0,0,0,0,0,0,0,0,0,0,0,-5,-5,-19,-21,-18,-21,-16,-22,-15,-22,-15,-23,-15,-23,-15,-23,-14,-24,-14,-24,-13,-25,-13,-25,-13,-24,-13,-24,-13,-24,-12,-24,-12,-24,-13,-23,-13,-23,-13,-22,-14,-22,-14,-21,-14,-21,-14,-21,-14,-20,-14,-20,-14,-19]"
CSI_DATA,36676,d8:b1:90:db:e8:90,-57,11,1,7,0,0,1,0,0,0,1,-94,0,8,0,574505714,0,100,0,128,1,"[100,-64,5,0,5,-20,5,-19,5,-19,5,-19,4,-19,4,-19,3,-19,3,-19,2,-19,2,-19,1,-19,1,-19,1,-19,1,-19,1,-20,1,-20,1,-20,2,-20,2,-20,1,-19,1,-19,1,-19,2,-19,3,-19,4,-19,1,-5,0,0,0,0,0,0,0,0,0,0,0,0,0,0,0,0,0,0,1,-6,5,-23,6,-23,8,-24,9,-24,10,-24,11,-23,11,-23,11,-24,12,-25,12,-25,11,-24,11,-23,11,-22,11,-22,11,-21,10,-21,10,-21,10,-21,9,-21,8,-21,8,-21,8,-21,7,-21,7,-21,7,-20,7,-20]"
CSI_DATA,36677,d8:b1:90:db:e8:90,-57,11,1,7,0,0,1,0,0,0,1,-94,0,8,0,574517841,0,100,0,128,1,"[100,-64,5,0,1,-21,1,-20,0,-20,0,-20,0,-20,-1,-19,-1,-19,-2,-19,-2,-19,-2,-18,-3,-19,-4,-19,-4,-19,-4,-19,-4,-19,-4,-19,-3,-20,-3,-19,-3,-19,-3,-19,-3,-19,-3,-19,-2,-19,-1,-19,-1,-19,0,-5,0,0,0,0,0,0,0,0,0,0,0,0,0,0,0,0,0,0,0,-7,1,-25,2,-25,3,-26,4,-26,5,-26,5,-26,6,-26,6,-26,6,-26,6,-26,6,-25,6,-25,6,-25,6,-24,6,-24,6,-23,6,-23,5,-23,5,-23,4,-23,3,-23,3,-22,3,-22,2,-22,2,-22,2,-22]"
CSI_DATA,36678,d8:b1:90:db:e8:90,-56,11,1,7,0,0,1,0,0,0,1,-94,0,8,0,574537636,0,100,0,128,1,"[100,-64,5,0,18,9,17,9,17,8,17,9,17,8,16,7,16,7,16,6,17,6,17,6,17,6,17,6,18,5,18,5,18,5,17,5,17,5,17,5,17,5,16,5,16,5,16,6,16,6,16,6,16,6,4,1,0,0,0,0,0,0,0,0,0,0,0,0,0,0,0,0,0,0,5,3,22,13,21,14,19,15,18,16,18,16,18,17,18,18,18,18,18,18,18,18,17,18,17,18,18,18,18,17,17,16,17,15,17,15,17,15,18,15,18,15,18,14,18,13,18,13,18,13,18,12,17,11]"
CSI_DATA,36679,d8:b1:90:db:e8:90,-58,11,1,7,0,0,1,0,0,0,1,-94,0,8,0,574563755,0,100,0,128,1,"[100,-64,5,0,-14,-14,-14,-14,-13,-13,-14,-13,-14,-13,-14,-13,-14,-12,-14,-12,-14,-12,-15,-12,-15,-11,-16,-10,-17,-10,-16,-9,-16,-9,-16,-9,-16,-9,-16,-9,-16,-9,-16,-9,-16,-10,-16,-10,-16,-10,-16,-10,-16,-11,-4,-3,0,0,0,0,0,0,0,0,0,0,0,0,0,0,0,0,0,0,-5,-4,-18,-17,-18,-18,-17,-18,-16,-19,-15,-19,-15,-19,-15,-19,-15,-20,-15,-20,-14,-20,-14,-20,-14,-19,-14,-19,-14,-19,-14,-19,-14,-18,-14,-18,-14,-17,-14,-17,-14,-17,-15,-16,-15,-16,-14,-16,-14,-16,-14,-15,-14,-15]"
CSI_DATA,36680,d8:b1:90:db:e8:90,-58,11,1,7,0,0,1,0,0,0,1,-94,0,8,0,574575563,0,100,0,128,1,"[100,-64,5,0,-10,-18,-10,-17,-10,-17,-11,-16,-11,-16,-11,-16,-11,-15,-12,-14,-12,-14,-12,-14,-13,-14,-13,-14,-13,-14,-13,-14,-13,-14,-13,-15,-12,-15,-12,-14,-11,-14,-12,-14,-12,-15,-11,-15,-11,-15,-10,-15,-10,-16,-3,-4,0,0,0,0,0,0,0,0,0,0,0,0,0,0,0,0,0,0,-4,-5,-12,-21,-12,-21,-10,-22,-9,-22,-8,-23,-8,-22,-9,-22,-9,-22,-8,-22,-8,-22,-8,-23,-7,-23,-7,-23,-8,-22,-8,-22,-8,-21,-8,-21,-9,-20,-9,-20,-9,-20,-9,-19,-9,-19,-10,-19,-10,-19,-10,-19,-10,-18]"
CSI_DATA,36681,d8:b1:90:db:e8:90,-58,11,1,7,0,0,1,0,0,0,1,-94,0,8,0,574588547,0,100,0,128,1,"[100,-64,5,0,-16,11,-15,11,-15,11,-14,11,-14,11,-13,11,-13,11,-13,12,-13,13,-13,13,-12,13,-12,13,-12,13,-12,13,-12,13,-12,14,-13,14,-13,14,-13,13,-12,13,-12,13,-12,12,-13,12,-14,12,-14,11,-4,2,0,0,0,0,0,0,0,0,0,0,0,0,0,0,0,0,0,0,-5,3,-19,13,-19,12,-20,11,-21,10,-22,10,-21,10,-21,9,-21,9,-21,9,-21,9,-21,9,-21,8,-21,8,-20,8,-20,8,-20,9,-19,9,-19,9,-19,10,-19,10,-19,11,-18,11,-17,11,-17,11,-16,11,-16,12]"
CSI_DATA,36682,d8:b1:90:db:e8:90,-56,11,1,7,0,0,1,0,0,0,1,-94,0,8,0,574601231,0,100,0,128,1,"[100,-64,5,0,-3,-21,-3,-21,-3,-20,-4,-20,-5,-20,-5,-20,-5,-19,-5,-19,-5,-19,-5,-19,-6,-19,-7,-19,-7,-18,-6,-18,-7,-18,-7,-19,-7,-19,-6,-19,-6,-18,-6,-18,-6,-18,-6,-18,-5,-18,-5,-18,-4,-18,-1,-5,0,0,0,0,0,0,0,0,0,0,0,0,0,0,0,0,0,0,-1,-7,-4,-25,-3,-25,-1,-25,0,-26,0,-26,1,-25,1,-25,1,-25,2,-25,2,-25,2,-25,3,-25,2,-25,2,-24,2,-24,1,-23,1,-23,0,-23,0,-24,-1,-24,-1,-24,-2,-24,-2,-23,-2,-23,-2,-22,-2,-22]"
CSI_DATA,36683,d8:b1:90:db:e8:90,-57,11,1,7,0,0,1,0,0,0,1,-94,0,8,0,574612849,0,100,0,128,1,"[100,-64,5,0,-15,-16,-15,-16,-14,-15,-14,-14,-14,-14,-14,-13,-14,-13,-14,-13,-14,-13,-14,-13,-14,-13,-13,-14,-13,-14,-13,-14,-12,-14,-11,-14,-11,-14,-10,-14,-10,-14,-10,-14,-10,-15,-10,-15,-10,-14,-9,-15,-9,-15,-2,-4,0,0,0,0,0,0,0,0,0,0,0,0,0,0,0,0,0,0,-4,-5,-13,-21,-11,-21,-10,-21,-9,-22,-9,-22,-8,-23,-8,-23,-8,-23,-8,-23,-8,-23,-9,-23,-9,-23,-9,-23,-10,-22,-10,-22,-10,-21,-11,-21,-11,-20,-11,-20,-11,-20,-12,-20,-12,-19,-13,-18,-14,-18,-14,-17,-14,-17]"
CSI_DATA,36684,d8:b1:90:db:e8:90,-57,11,1,7,0,0,1,0,0,0,1,-94,0,8,0,574627932,0,100,0,128,1,"[100,-64,5,0,-18,10,-18,9,-17,9,-17,9,-16,9,-15,9,-15,10,-15,11,-15,11,-15,11,-14,10,-14,11,-14,12,-15,12,-15,12,-15,12,-15,12,-15,11,-15,11,-14,11,-14,10,-14,10,-14,9,-16,9,-16,8,-4,2,0,0,0,0,0,0,0,0,0,0,0,0,0,0,0,0,0,0,-6,2,-21,10,-22,9,-22,8,-23,7,-23,7,-23,6,-23,7,-23,7,-24,7,-24,6,-23,6,-23,6,-23,6,-23,6,-22,6,-22,7,-21,7,-21,7,-21,7,-21,7,-20,8,-20,8,-20,8,-19,8,-19,9,-19,9]"
CSI_DATA,36685,d8:b1:90:db:e8:90,-56,11,1,7,0,0,1,0,0,0,1,-94,0,8,0,574668752,0,100,0,128,1,"[100,-64,5,0,0,21,0,20,0,19,1,19,1,19,2,18,2,18,3,18,3,17,3,17,4,17,4,18,4,18,4,17,4,18,4,18,3,18,3,18,3,17,3,17,3,17,3,17,2,17,1,17,0,17,0,4,0,0,0,0,0,0,0,0,0,0,0,0,0,0,0,0,0,0,-1,6,-2,24,-3,24,-4,24,-5,24,-6,24,-7,25,-6,25,-6,25,-6,25,-6,25,-6,25,-6,25,-6,24,-6,24,-6,24,-5,23,-5,23,-5,23,-4,22,-3,22,-3,22,-3,22,-2,22,-2,21,-1,21,-1,21]"
CSI_DATA,36686,d8:b1:90:db:e8:90,-56,11,1,7,0,0,1,0,0,0,1,-94,0,8,0,574681027,0,100,0,128,1,"[100,-64,5,0,-7,19,-7,19,-6,18,-6,18,-5,18,-5,17,-5,17,-5,17,-5,17,-4,17,-4,17,-4,18,-4,18,-4,18,-4,18,-4,18,-4,18,-5,17,-5,17,-5,17,-5,16,-5,16,-5,16,-7,16,-8,16,-2,4,0,0,0,0,0,0,0,0,0,0,0,0,0,0,0,0,0,0,-3,6,-9,24,-10,24,-11,23,-12,23,-13,23,-13,22,-13,22,-13,23,-14,23,-14,22,-14,22,-14,21,-14,21,-14,21,-13,21,-13,21,-13,21,-12,21,-11,20,-10,20,-10,20,-9,20,-9,21,-8,20,-8,20,-8,20]"
CSI_DATA,36687,d8:b1:90:db:e8:90,-57,11,1,7,0,0,1,0,0,0,1,-94,0,8,0,574706171,0,100,0,128,1,"[100,-64,5,0,5,-21,4,-20,4,-20,3,-20,2,-19,2,-19,2,-19,2,-19,2,-19,2,-19,1,-19,1,-20,1,-20,1,-20,1,-20,1,-20,1,-19,2,-19,2,-19,2,-19,1,-18,1,-18,2,-18,3,-18,3,-19,0,-5,0,0,0,0,0,0,0,0,0,0,0,0,0,0,0,0,0,0,1,-7,7,-25,8,-25,9,-24,9,-24,10,-24,11,-24,11,-24,11,-24,11,-24,11,-24,12,-24,12,-24,11,-24,11,-23,11,-23,10,-22,10,-22,10,-22,9,-22,8,-21,8,-21,8,-21,7,-21,6,-21,6,-21,6,-22]"
CSI_DATA,36688,d8:b1:90:db:e8:90,-56,11,1,7,0,0,1,0,0,0,1,-94,0,8,0,574770094,0,100,0,128,1,"[100,-64,5,0,-22,-7,-21,-7,-21,-6,-21,-6,-21,-6,-20,-5,-20,-5,-20,-4,-20,-3,-20,-3,-20,-3,-20,-3,-21,-2,-21,-2,-20,-2,-19,-3,-19,-2,-19,-3,-19,-3,-19,-3,-19,-3,-18,-4,-17,-3,-15,-2,-13,-1,-4,-1,0,0,0,0,0,0,0,0,0,0,0,0,0,0,0,0,0,0,-7,-2,-26,-7,-25,-8,-25,-9,-25,-10,-24,-11,-24,-12,-24,-12,-25,-12,-25,-13,-25,-14,-24,-13,-24,-13,-24,-13,-24,-14,-24,-13,-23,-12,-23,-12,-23,-12,-23,-11,-23,-10,-23,-10,-23,-10,-23,-9,-23,-9,-23,-8,-23,-7]"
CSI_DATA,36689,d8:b1:90:db:e8:90,-55,11,1,7,0,0,1,0,0,0,1,-94,0,8,0,574780888,0,100,0,128,1,"[100,-64,5,0,-21,-11,-20,-10,-20,-10,-21,-10,-21,-9,-20,-8,-20,-8,-20,-7,-19,-6,-19,-6,-20,-6,-20,-6,-20,-5,-20,-5,-20,-5,-20,-5,-19,-5,-19,-5,-19,-5,-18,-5,-18,-6,-18,-6,-18,-6,-18,-6,-18,-6,-5,-2,0,0,0,0,0,0,0,0,0,0,0,0,0,0,0,0,0,0,-7,-4,-25,-13,-24,-14,-24,-15,-23,-15,-23,-16,-23,-17,-22,-17,-22,-17,-22,-18,-21,-18,-21,-18,-20,-19,-20,-18,-20,-18,-20,-17,-20,-16,-21,-16,-21,-16,-21,-15,-20,-14,-20,-14,-20,-14,-20,-13,-20,-13,-20,-12,-21,-12]"
CSI_DATA,36690,d8:b1:90:db:e8:90,-55,11,1,7,0,0,1,0,0,0,1,-94,0,8,0,574791521,0,100,0,128,1,"[100,-64,5,0,15,17,15,16,16,15,16,15,17,15,16,14,16,13,16,12,15,11,16,11,16,11,17,11,17,11,17,11,16,11,16,11,16,11,15,11,15,11,14,11,14,11,14,12,14,11,14,11,13,12,3,3,0,0,0,0,0,0,0,0,0,0,0,0,0,0,0,0,0,0,5,4,20,18,19,19,18,20,18,20,17,21,17,22,17,22,16,23,15,23,15,23,15,23,15,23,15,22,14,22,14,22,14,22,14,21,15,21,15,20,15,20,15,19,15,19,15,18,15,17,16,17,17,17]"
CSI_DATA,36691,d8:b1:90:db:e8:90,-55,11,1,7,0,0,1,0,0,0,1,-94,0,8,0,574802926,0,100,0,128,1,"[100,-64,5,0,22,8,21,8,21,7,21,6,20,6,20,6,20,5,20,4,19,4,19,4,19,4,19,3,20,3,20,3,20,3,20,3,20,3,19,3,19,3,18,3,18,4,17,4,17,4,18,4,17,5,4,1,0,0,0,0,0,0,0,0,0,0,0,0,0,0,0,0,0,0,6,1,25,8,25,9,24,10,24,10,24,11,23,12,23,13,24,14,24,14,24,15,23,15,23,15,22,15,22,14,22,14,21,13,21,13,21,12,22,12,22,11,22,11,22,10,22,9,22,9,22,9,22,8]"
CSI_DATA,36692,d8:b1:90:db:e8:90,-57,11,1,7,0,0,1,0,0,0,1,-94,0,8,0,574814116,0,100,0,128,1,"[100,-64,5,0,21,7,20,7,20,6,20,6,20,5,19,5,19,4,19,3,18,3,18,3,19,3,19,3,19,3,19,3,19,3,19,4,19,3,19,3,19,4,18,4,18,4,17,5,17,5,17,4,17,4,4,1,0,0,0,0,0,0,0,0,0,0,0,0,0,0,0,0,0,0,6,1,25,7,25,7,24,8,23,10,23,10,23,11,23,11,23,12,23,13,23,13,23,14,23,14,23,13,22,13,21,13,21,12,20,12,20,11,21,11,22,10,22,9,22,9,21,8,21,8,21,8,22,7]"
CSI_DATA,36693,d8:b1:90:db:e8:90,-55,11,1,7,0,0,1,0,0,0,1,-94,0,8,0,574825490,0,100,0,128,1,"[100,-64,5,0,7,22,7,21,7,20,7,20,8,20,8,19,8,19,8,18,8,18,8,18,9,18,9,18,9,18,9,18,9,18,9,18,9,17,9,17,8,17,9,17,9,17,9,17,8,17,7,17,7,17,1,4,0,0,0,0,0,0,0,0,0,0,0,0,0,0,0,0,0,0,2,6,8,27,6,27,5,27,4,27,3,28,3,28,3,28,2,28,2,28,1,28,1,28,1,28,2,27,2,27,2,27,2,26,2,25,3,25,4,25,5,24,5,24,6,23,6,23,6,23,6,23,6,22]"
CSI_DATA,36694,d8:b1:90:db:e8:90,-55,11,1,7,0,0,1,0,0,0,1,-94,0,8,0,574836555,0,100,0,128,1,"[100,-64,5,0,-4,-22,-4,-21,-4,-21,-4,-20,-5,-20,-5,-20,-5,-19,-5,-19,-4,-19,-5,-19,-5,-19,-6,-19,-6,-19,-6,-18,-6,-18,-6,-18,-6,-18,-6,-17,-5,-17,-6,-17,-6,-17,-6,-17,-5,-17,-4,-17,-4,-17,-1,-5,0,0,0,0,0,0,0,0,0,0,0,0,0,0,0,0,0,0,-2,-7,-5,-26,-4,-27,-3,-27,-2,-27,-1,-27,-1,-27,-1,-27,0,-27,0,-27,1,-28,1,-28,1,-28,1,-27,1,-27,1,-27,1,-26,0,-26,0,-25,-1,-24,-1,-24,-2,-24,-2,-24,-2,-23,-3,-23,-3,-23,-3,-23]"
CSI_DATA,36695,d8:b1:90:db:e8:90,-55,11,1,7,0,0,1,0,0,0,1,-94,0,8,0,574846756,0,100,0,128,1,"[100,-64,5,0,-12,18,-12,18,-11,18,-11,17,-10,17,-9,17,-9,17,-10,17,-10,17,-10,17,-9,17,-8,18,-8,18,-9,18,-8,18,-8,19,-8,19,-8,18,-8,18,-8,18,-8,18,-8,18,-8,17,-9,17,-10,17,-3,4,0,0,0,0,0,0,0,0,0,0,0,0,0,0,0,0,0,0,-4,6,-14,24,-15,24,-16,23,-16,23,-17,22,-18,22,-18,22,-18,22,-18,21,-19,21,-20,21,-20,20,-20,20,-19,19,-18,19,-18,20,-17,20,-17,19,-16,19,-15,19,-14,19,-14,19,-13,19,-13,19,-13,18,-13,18]"
CSI_DATA,36696,d8:b1:90:db:e8:90,-55,11,1,7,0,0,1,0,0,0,1,-94,0,8,0,574873325,0,100,0,128,1,"[100,-64,5,0,-17,16,-16,15,-15,15,-14,16,-13,17,-12,16,-12,16,-12,16,-11,16,-11,15,-10,15,-10,16,-10,17,-10,17,-10,16,-10,16,-10,16,-10,16,-10,15,-9,15,-8,14,-8,14,-9,14,-10,13,-11,12,-3,3,0,0,0,0,0,0,0,0,0,0,0,0,0,0,0,0,0,0,-5,4,-21,19,-21,18,-22,17,-23,16,-24,16,-25,15,-25,15,-25,15,-25,15,-26,14,-26,14,-26,14,-25,14,-25,14,-24,14,-23,14,-23,14,-23,14,-23,15,-22,15,-21,15,-21,15,-20,15,-19,15,-19,15,-19,16]"
CSI_DATA,36697,d8:b1:90:db:e8:90,-55,11,1,7,0,0,1,0,0,0,1,-94,0,8,0,574884606,0,100,0,128,1,"[100,-64,5,0,16,-14,15,-14,15,-14,14,-14,14,-14,13,-14,13,-15,13,-15,12,-16,12,-16,11,-16,11,-17,11,-17,11,-18,11,-18,11,-17,11,-17,11,-17,11,-16,11,-17,11,-16,10,-16,11,-16,12,-16,13,-15,3,-4,0,0,0,0,0,0,0,0,0,0,0,0,0,0,0,0,0,0,4,-5,20,-19,21,-19,22,-18,22,-17,23,-16,23,-16,24,-15,24,-15,24,-15,24,-14,24,-14,24,-14,24,-13,23,-13,23,-13,22,-13,22,-14,22,-14,21,-14,20,-14,19,-14,19,-14,18,-15,18,-15,17,-15,18,-15]"
CSI_DATA,36698,d8:b1:90:db:e8:90,-55,11,1,7,0,0,1,0,0,0,1,-94,0,8,0,574894933,0,100,0,128,1,"[100,-64,5,0,21,-5,20,-5,20,-6,20,-6,19,-6,18,-6,18,-7,18,-8,18,-9,17,-9,17,-9,17,-10,17,-11,18,-11,18,-11,17,-10,17,-10,17,-10,17,-10,17,-10,17,-10,16,-9,17,-9,17,-8,18,-8,4,-2,0,0,0,0,0,0,0,0,0,0,0,0,0,0,0,0,0,0,6,-2,27,-6,28,-5,28,-4,28,-3,28,-2,28,-2,28,-1,28,0,28,0,28,0,28,0,27,0,27,0,27,0,27,0,26,0,26,-1,25,-1,25,-2,24,-2,23,-2,23,-3,23,-4,23,-5,23,-5,22,-5]"
CSI_DATA,36699,d8:b1:90:db:e8:90,-57,11,1,7,0,0,1,0,0,0,1,-94,0,8,0,574906606,0,100,0,128,1,"[100,-64,5,0,-16,14,-16,13,-15,14,-14,14,-13,15,-12,15,-12,15,-11,15,-11,16,-10,16,-10,16,-10,17,-10,17,-10,17,-10,17,-10,17,-10,18,-10,17,-10,17,-10,17,-10,16,-10,16,-10,16,-11,16,-12,15,-3,3,0,0,0,0,0,0,0,0,0,0,0,0,0,0,0,0,0,0,-5,4,-19,18,-20,17,-21,16,-22,15,-22,14,-23,14,-23,14,-23,14,-23,13,-23,13,-23,13,-23,13,-23,13,-22,13,-21,13,-21,12,-21,12,-20,12,-19,12,-19,12,-18,13,-18,13,-17,13,-17,13,-16,13,-16,14]"
CSI_DATA,36700,d8:b1:90:db:e8:90,-57,11,1,7,0,0,1,0,0,0,1,-94,0,8,0,574917650,0,100,0,128,1,"[100,-64,5,0,-11,16,-11,16,-10,16,-9,17,-8,17,-7,17,-7,17,-6,17,-6,17,-6,17,-5,18,-5,19,-5,19,-5,19,-5,19,-5,20,-5,20,-5,19,-6,19,-5,19,-5,19,-6,18,-6,18,-7,18,-8,18,-2,4,0,0,0,0,0,0,0,0,0,0,0,0,0,0,0,0,0,0,-4,5,-14,22,-15,21,-16,20,-17,19,-18,19,-19,18,-19,18,-19,18,-19,18,-19,17,-19,17,-19,17,-19,17,-18,16,-18,16,-17,16,-17,16,-16,16,-15,16,-14,16,-14,16,-13,16,-13,16,-13,16,-12,16,-12,16]"
CSI_DATA,36701,d8:b1:90:db:e8:90,-58,11,1,7,0,0,1,0,0,0,1,-94,0,8,0,574933061,0,100,0,128,1,"[100,-64,5,0,1,18,2,18,3,17,4,17,5,17,5,16,5,16,6,16,6,16,6,15,7,16,8,16,8,16,7,16,7,16,7,17,7,17,7,16,6,16,6,16,6,16,6,16,6,17,5,17,4,18,1,4,0,0,0,0,0,0,0,0,0,0,0,0,0,0,0,0,0,0,0,5,1,23,0,24,-1,24,-1,23,-2,24,-3,24,-3,24,-3,24,-4,24,-4,24,-4,24,-4,24,-4,23,-4,23,-4,23,-3,23,-3,22,-3,21,-2,21,-1,20,-1,20,-1,19,0,19,1,19,2,19,2,19]"
CSI_DATA,36702,d8:b1:90:db:e8:90,-57,11,1,7,0,0,1,0,0,0,1,-94,0,8,0,574947801,0,100,0,128,1,"[100,-64,5,0,-17,-9,-17,-9,-17,-8,-17,-8,-17,-7,-17,-7,-17,-7,-17,-6,-18,-5,-18,-5,-18,-5,-19,-4,-20,-4,-20,-3,-20,-3,-19,-4,-19,-3,-19,-4,-19,-4,-19,-4,-19,-4,-19,-5,-19,-5,-20,-5,-20,-6,-5,-2,0,0,0,0,0,0,0,0,0,0,0,0,0,0,0,0,0,0,-6,-4,-22,-14,-21,-15,-20,-15,-19,-16,-19,-16,-19,-16,-19,-17,-18,-17,-18,-18,-18,-18,-17,-17,-17,-17,-17,-17,-17,-16,-17,-16,-17,-15,-17,-15,-17,-14,-17,-13,-16,-13,-16,-12,-16,-12,-17,-11,-17,-10,-17,-10,-17,-10]"
CSI_DATA,36703,d8:b1:90:db:e8:90,-56,11,1,7,0,0,1,0,0,0,1,-94,0,8,0,574982595,0,100,0,128,1,"[100,-64,5,0,-18,-5,-18,-5,-17,-5,-17,-4,-18,-4,-17,-4,-17,-3,-17,-1,-17,0,-18,0,-18,0,-19,0,-19,1,-19,1,-19,2,-19,2,-19,2,-19,2,-19,2,-20,2,-20,2,-19,1,-19,1,-19,0,-18,-1,-5,-1,0,0,0,0,0,0,0,0,0,0,0,0,0,0,0,0,0,0,-7,-2,-25,-8,-25,-9,-25,-10,-24,-10,-24,-11,-24,-11,-23,-12,-23,-12,-23,-12,-23,-12,-23,-12,-23,-12,-23,-12,-22,-11,-22,-11,-21,-10,-21,-10,-21,-9,-20,-8,-20,-7,-20,-7,-20,-6,-20,-6,-20,-5,-19,-5,-19,-5]"
CSI_DATA,36704,d8:b1:90:db:e8:90,-57,11,1,7,0,0,1,0,0,0,1,-94,0,8,0,574994604,0,100,0,128,1,"[100,-64,5,0,3,18,3,17,3,16,4,16,4,16,4,16,5,15,6,15,6,14,7,14,8,14,8,15,8,15,8,15,8,15,8,15,8,15,8,15,8,15,8,15,9,16,8,16,7,16,6,15,4,15,1,3,0,0,0,0,0,0,0,0,0,0,0,0,0,0,0,0,0,0,1,6,5,25,4,25,3,25,2,25,1,26,1,25,0,25,0,25,0,25,0,25,-1,26,0,25,0,25,0,24,0,24,0,23,0,22,1,22,2,21,2,20,3,20,3,20,4,20,4,19,4,19,4,18]"
CSI_DATA,36705,d8:b1:90:db:e8:90,-57,11,1,7,0,0,1,0,0,0,1,-94,0,8,0,575005482,0,100,0,128,1,"[100,-64,5,0,-18,-8,-17,-8,-17,-7,-17,-7,-17,-7,-17,-6,-17,-6,-17,-5,-17,-5,-17,-4,-18,-5,-19,-5,-19,-4,-20,-4,-20,-4,-20,-3,-20,-3,-20,-3,-20,-3,-20,-3,-20,-4,-19,-4,-20,-4,-20,-5,-20,-5,-5,-2,0,0,0,0,0,0,0,0,0,0,0,0,0,0,0,0,0,0,-7,-3,-25,-10,-25,-11,-24,-12,-24,-13,-23,-14,-23,-15,-23,-15,-22,-15,-22,-15,-22,-15,-21,-15,-21,-15,-20,-14,-20,-14,-20,-14,-20,-14,-20,-13,-20,-12,-20,-12,-19,-11,-19,-10,-19,-10,-19,-9,-19,-9,-19,-9,-18,-9]"
CSI_DATA,36706,d8:b1:90:db:e8:90,-57,11,1,7,0,0,1,0,0,0,1,-94,0,8,0,575016600,0,100,0,128,1,"[100,-64,5,0,-18,-8,-18,-7,-17,-7,-17,-6,-17,-5,-17,-5,-17,-5,-17,-4,-17,-4,-17,-4,-18,-4,-18,-4,-19,-4,-19,-4,-19,-3,-20,-3,-20,-3,-20,-3,-19,-3,-20,-3,-20,-4,-19,-4,-19,-4,-20,-5,-20,-6,-5,-2,0,0,0,0,0,0,0,0,0,0,0,0,0,0,0,0,0,0,-7,-3,-24,-12,-23,-12,-23,-13,-22,-14,-22,-15,-22,-15,-22,-15,-21,-16,-21,-16,-21,-16,-20,-16,-20,-16,-19,-15,-20,-15,-20,-15,-20,-14,-20,-14,-19,-13,-19,-12,-19,-11,-19,-10,-19,-10,-19,-9,-19,-8,-19,-8,-18,-9]"
CSI_DATA,36707,d8:b1:90:db:e8:90,-57,11,1,7,0,0,1,0,0,0,1,-94,0,8,0,575027136,0,100,0,128,1,"[100,-64,5,0,-18,4,-17,4,-17,4,-17,4,-16,4,-16,4,-16,5,-16,6,-16,7,-15,7,-15,7,-16,8,-17,9,-17,9,-17,10,-17,10,-18,10,-18,10,-18,9,-18,10,-18,9,-17,9,-18,9,-18,8,-19,8,-5,1,0,0,0,0,0,0,0,0,0,0,0,0,0,0,0,0,0,0,-7,1,-25,5,-25,4,-26,3,-26,2,-25,1,-25,1,-26,1,-26,1,-26,1,-26,1,-26,0,-25,0,-25,0,-25,0,-24,0,-24,1,-23,1,-22,2,-22,2,-21,2,-21,3,-21,3,-20,3,-19,4,-19,4,-19,4]"
CSI_DATA,36708,d8:b1:90:db:e8:90,-57,11,1,7,0,0,1,0,0,0,1,-94,0,8,0,575044717,0,100,0,128,1,"[100,-64,5,0,-19,-1,-18,-1,-18,-1,-18,-2,-17,-2,-17,-1,-17,-1,-17,1,-17,1,-17,1,-17,1,-18,1,-19,2,-19,2,-19,2,-19,2,-20,2,-20,2,-20,2,-20,2,-20,2,-20,1,-20,1,-20,0,-20,0,-5,-1,0,0,0,0,0,0,0,0,0,0,0,0,0,0,0,0,0,0,-7,-1,-25,-3,-25,-3,-25,-5,-25,-6,-25,-6,-25,-7,-25,-6,-26,-6,-26,-7,-25,-8,-25,-8,-25,-8,-24,-8,-24,-8,-23,-7,-23,-7,-23,-6,-22,-6,-22,-5,-22,-4,-21,-4,-21,-3,-20,-3,-20,-3,-19,-2,-19,-2]"
CSI_DATA,36709,d8:b1:90:db:e8:90,-56,11,1,7,0,0,1,0,0,0,1,-94,0,8,0,575074003,0,100,0,128,1,"[100,-64,5,0,1,-20,1,-20,1,-19,0,-19,-1,-19,-1,-19,-2,-19,-2,-19,-2,-19,-2,-19,-3,-19,-3,-20,-3,-20,-3,-21,-3,-21,-3,-21,-3,-21,-3,-21,-2,-21,-2,-21,-2,-21,-2,-21,-1,-21,0,-22,1,-22,0,-6,0,0,0,0,0,0,0,0,0,0,0,0,0,0,0,0,0,0,1,-7,7,-27,8,-27,9,-26,10,-26,10,-26,11,-26,12,-26,12,-26,12,-26,13,-26,13,-26,13,-25,12,-25,12,-24,11,-24,11,-24,10,-24,9,-23,8,-23,7,-22,6,-22,6,-22,6,-22,5,-22,4,-21,4,-21]"
CSI_DATA,36710,d8:b1:90:db:e8:90,-57,11,1,7,0,0,1,0,0,0,1,-94,0,8,0,575085140,0,100,0,128,1,"[100,-64,5,0,-9,17,-8,17,-8,17,-6,16,-6,16,-5,16,-5,16,-5,17,-5,17,-4,17,-3,17,-3,18,-3,18,-4,19,-3,19,-3,19,-3,19,-3,19,-4,19,-4,19,-4,19,-3,19,-4,19,-5,20,-6,20,-2,5,0,0,0,0,0,0,0,0,0,0,0,0,0,0,0,0,0,0,-4,5,-13,22,-14,22,-15,21,-16,20,-17,20,-17,20,-18,20,-18,20,-18,20,-18,20,-17,20,-17,19,-17,19,-16,19,-16,19,-16,18,-16,18,-15,18,-14,17,-14,17,-13,17,-12,17,-12,18,-11,18,-11,18,-10,17]"
CSI_DATA,36711,d8:b1:90:db:e8:90,-55,11,1,7,0,0,1,0,0,0,1,-94,0,8,0,575096260,0,100,0,128,1,"[100,-64,5,0,-10,19,-9,19,-8,19,-7,18,-7,18,-6,18,-5,18,-6,18,-5,18,-5,18,-4,18,-3,19,-3,20,-4,19,-4,20,-4,20,-5,21,-5,21,-6,20,-6,20,-5,20,-5,20,-6,20,-7,20,-8,20,-3,5,0,0,0,0,0,0,0,0,0,0,0,0,0,0,0,0,0,0,-4,6,-15,26,-16,25,-17,24,-18,24,-18,24,-19,23,-20,23,-21,23,-21,23,-21,22,-21,22,-20,22,-20,22,-20,21,-20,20,-19,20,-18,20,-18,20,-17,20,-16,20,-16,20,-15,20,-14,20,-13,20,-12,20,-12,20]"
CSI_DATA,36712,d8:b1:90:db:e8:90,-55,11,1,7,0,0,1,0,0,0,1,-94,0,8,0,575107414,0,100,0,128,1,"[100,-64,5,0,-5,19,-5,19,-5,18,-4,18,-3,18,-2,17,-2,17,-2,17,-2,17,-1,17,0,18,0,18,0,18,0,18,0,19,0,20,0,20,-1,20,-1,20,-1,20,-1,20,-1,20,-2,20,-3,20,-4,19,-1,4,0,0,0,0,0,0,0,0,0,0,0,0,0,0,0,0,0,0,-3,6,-9,26,-10,25,-10,24,-11,24,-12,25,-14,26,-15,25,-14,25,-14,25,-15,25,-16,25,-15,24,-14,23,-13,23,-14,22,-13,21,-13,21,-12,21,-12,21,-11,21,-10,21,-9,21,-9,21,-8,20,-8,20,-7,20]"
CSI_DATA,36713,d8:b1:90:db:e8:90,-55,11,1,7,0,0,1,0,0,0,1,-94,0,8,0,575119405,0,100,0,128,1,"[100,-64,5,0,-21,3,-20,3,-20,3,-19,4,-18,4,-18,4,-17,5,-17,6,-17,7,-16,7,-16,7,-17,8,-17,9,-17,9,-17,10,-17,10,-18,11,-18,10,-18,10,-18,10,-18,9,-18,9,-18,9,-19,8,-20,8,-5,1,0,0,0,0,0,0,0,0,0,0,0,0,0,0,0,0,0,0,-8,0,-29,2,-29,0,-29,-1,-29,-2,-30,-3,-30,-4,-30,-4,-30,-5,-30,-5,-30,-5,-29,-5,-29,-5,-28,-5,-28,-5,-28,-5,-27,-4,-27,-4,-27,-3,-26,-2,-26,-2,-25,-1,-25,0,-24,1,-24,1,-23,1,-23,2]"
CSI_DATA,36714,d8:b1:90:db:e8:90,-55,11,1,7,0,0,1,0,0,0,1,-94,0,8,0,575129935,0,100,0,128,1,"[100,-64,5,0,11,18,11,18,11,16,11,16,11,15,11,15,11,14,12,13,12,12,12,12,13,12,14,12,14,12,14,12,15,12,15,12,16,12,15,12,15,12,15,13,15,14,15,14,14,14,14,14,13,15,3,3,0,0,0,0,0,0,0,0,0,0,0,0,0,0,0,0,0,0,4,6,16,25,16,25,14,26,13,27,12,28,11,28,11,29,10,30,10,30,10,30,9,29,9,29,9,28,9,28,9,28,8,27,9,26,9,26,10,25,10,24,10,24,10,23,11,22,11,22,11,21,11,20]"
CSI_DATA,36715,d8:b1:90:db:e8:90,-56,11,1,5,0,0,1,0,1,0,0,-94,0,8,0,575145831,0,100,0,128,1,"[100,-64,5,0,-5,19,-2,19,0,19,2,19,4,18,5,18,6,17,6,16,5,14,5,13,5,11,4,9,2,7,0,4,-1,1,-2,-1,-3,-2,-4,-4,-4,-4,-4,-4,-4,-3,-3,-1,-3,1,-4,4,-5,6,-2,1,0,0,0,0,0,0,0,0,0,0,0,0,0,0,0,0,0,0,-6,4,-23,16,-24,14,-23,13,-21,12,-18,12,-15,13,-11,14,-7,17,-4,20,-1,23,1,26,2,30,3,33,2,35,2,37,0,37,-2,37,-4,38,-6,37,-7,35,-9,34,-10,32,-11,30,-12,28,-12,25,-12,23]"
CSI_DATA,36716,d8:b1:90:db:e8:90,-56,11,1,7,0,0,1,0,0,0,1,-94,0,8,0,575176142,0,100,0,128,1,"[100,-64,5,0,16,11,16,10,16,9,16,9,16,8,16,8,16,6,16,5,16,4,16,4,17,4,18,3,18,3,18,2,19,2,20,2,20,2,20,2,19,2,19,2,19,2,19,2,19,1,19,1,18,4,4,1,0,0,0,0,0,0,0,0,0,0,0,0,0,0,0,0,0,0,6,3,24,15,23,16,21,17,21,18,21,19,21,19,21,20,20,21,20,21,20,21,20,21,20,21,19,21,19,21,19,20,18,20,18,19,18,19,18,18,18,18,18,17,18,16,18,15,17,14,17,14,18,13]"
CSI_DATA,36717,d8:b1:90:db:e8:90,-55,11,1,7,0,0,1,0,0,0,1,-94,0,8,0,575187655,0,100,0,128,1,"[100,-64,5,0,19,2,18,1,18,1,18,1,18,0,17,0,17,-1,17,-2,18,-3,18,-3,18,-3,19,-4,19,-5,20,-5,20,-6,21,-6,21,-6,22,-6,22,-6,21,-6,21,-5,21,-4,21,-4,23,-4,24,-3,6,-1,0,0,0,0,0,0,0,0,0,0,0,0,0,0,0,0,0,0,7,1,28,5,28,6,28,7,27,7,27,8,27,9,27,10,27,10,27,11,27,11,27,11,27,11,27,11,26,11,25,10,25,10,24,9,24,8,24,8,24,6,23,5,23,5,23,5,22,4,22,4,22,3]"
CSI_DATA,36718,d8:b1:90:db:e8:90,-55,11,1,7,0,0,1,0,0,0,1,-94,0,8,0,575199620,0,100,0,128,1,"[100,-64,5,0,-19,8,-18,8,-17,8,-16,8,-16,8,-15,9,-15,10,-14,11,-14,12,-13,12,-13,13,-13,15,-13,16,-13,16,-13,17,-13,17,-13,18,-14,18,-15,17,-15,17,-15,17,-15,16,-16,16,-17,16,-18,16,-5,3,0,0,0,0,0,0,0,0,0,0,0,0,0,0,0,0,0,0,-7,3,-27,12,-28,11,-28,9,-29,8,-29,7,-30,7,-30,7,-31,6,-31,6,-31,5,-30,4,-30,4,-29,4,-29,4,-28,4,-27,4,-27,5,-26,5,-25,5,-25,5,-25,5,-24,6,-23,7,-22,8,-22,8,-21,7]"
CSI_DATA,36719,d8:b1:90:db:e8:90,-55,11,1,7,0,0,1,0,0,0,1,-94,0,8,0,575213954,0,100,0,128,1,"[100,-64,5,0,-21,2,-20,2,-19,3,-18,4,-18,4,-17,4,-17,5,-17,7,-17,8,-17,8,-17,9,-17,10,-17,11,-18,12,-18,12,-18,13,-18,13,-19,13,-19,12,-19,12,-19,12,-19,11,-20,11,-21,11,-22,10,-6,2,0,0,0,0,0,0,0,0,0,0,0,0,0,0,0,0,0,0,-8,0,-31,3,-30,2,-30,0,-30,-1,-30,-2,-30,-2,-31,-3,-31,-3,-31,-4,-31,-4,-31,-4,-30,-5,-29,-5,-29,-5,-28,-4,-27,-4,-27,-3,-26,-3,-26,-3,-26,-2,-25,-1,-25,-1,-24,0,-24,1,-23,1,-22,2]"
CSI_DATA,36720,d8:b1:90:db:e8:90,-55,11,1,7,0,0,1,0,0,0,1,-94,0,8,0,575227711,0,100,0,128,1,"[100,-64,5,0,-20,-5,-20,-4,-19,-3,-19,-2,-19,-1,-18,-1,-18,0,-19,1,-19,2,-19,2,-19,2,-20,3,-20,3,-21,4,-21,4,-22,4,-22,5,-22,5,-22,4,-22,4,-22,4,-22,3,-23,3,-24,2,-24,1,-6,0,0,0,0,0,0,0,0,0,0,0,0,0,0,0,0,0,0,0,-8,-2,-29,-8,-28,-9,-27,-11,-27,-12,-27,-12,-27,-13,-27,-13,-26,-14,-26,-14,-26,-15,-25,-15,-25,-15,-24,-15,-24,-15,-24,-14,-24,-13,-23,-12,-23,-12,-23,-11,-23,-10,-23,-9,-23,-9,-22,-8,-21,-8,-21,-7,-21,-6]"
CSI_DATA,36721,d8:b1:90:db:e8:90,-55,11,1,7,0,0,1,0,0,0,1,-94,0,8,0,575244252,0,100,0,128,1,"[100,-64,5,0,-5,-21,-6,-20,-6,-19,-7,-19,-7,-19,-8,-18,-8,-18,-8,-18,-8,-18,-9,-18,-11,-18,-12,-18,-13,-18,-13,-18,-13,-18,-13,-18,-13,-18,-12,-18,-12,-18,-13,-18,-13,-19,-13,-19,-13,-20,-12,-20,-12,-21,-3,-6,0,0,0,0,0,0,0,0,0,0,0,0,0,0,0,0,0,0,-2,-8,-6,-29,-5,-29,-4,-29,-3,-30,-2,-30,-1,-30,-1,-30,-1,-30,0,-30,0,-30,0,-30,0,-30,0,-29,0,-29,0,-28,0,-27,0,-26,-1,-26,-1,-26,-2,-26,-3,-26,-3,-25,-3,-24,-4,-23,-4,-23,-4,-22]"
CSI_DATA,36722,d8:b1:90:db:e8:90,-55,11,1,7,0,0,1,0,0,0,1,-94,0,8,0,575255920,0,100,0,128,1,"[100,-64,5,0,17,-13,16,-13,16,-13,15,-14,14,-14,13,-14,13,-14,12,-15,12,-16,12,-16,11,-16,11,-18,11,-18,12,-18,12,-19,12,-19,12,-19,12,-19,12,-19,12,-19,12,-19,12,-18,13,-18,14,-18,15,-18,4,-5,0,0,0,0,0,0,0,0,0,0,0,0,0,0,0,0,0,0,5,-5,24,-18,25,-16,25,-16,26,-15,26,-14,27,-13,27,-13,27,-13,27,-12,27,-12,27,-11,27,-11,27,-11,26,-10,26,-10,25,-10,24,-10,24,-11,23,-11,23,-12,23,-12,22,-12,21,-13,20,-13,20,-13,19,-13]"
CSI_DATA,36723,d8:b1:90:db:e8:90,-55,11,1,7,0,0,1,0,0,0,1,-94,0,8,0,575279495,0,100,0,128,1,"[100,-64,5,0,18,-9,18,-9,17,-10,16,-10,16,-11,15,-11,15,-12,14,-13,14,-14,13,-14,13,-14,13,-15,13,-16,13,-16,13,-16,13,-17,13,-17,13,-17,13,-17,12,-17,12,-17,11,-16,12,-16,14,-15,15,-13,4,-4,0,0,0,0,0,0,0,0,0,0,0,0,0,0,0,0,0,0,6,-3,26,-12,26,-10,27,-8,27,-7,27,-6,28,-6,28,-6,28,-6,29,-5,28,-5,28,-5,27,-5,27,-4,27,-4,27,-4,26,-4,25,-5,25,-5,24,-5,23,-5,23,-6,23,-7,23,-8,22,-9,21,-9,20,-9]"
CSI_DATA,36724,d8:b1:90:db:e8:90,-55,11,1,7,0,0,1,0,0,0,1,-94,0,8,0,575295543,0,100,0,128,1,"[100,-64,5,0,-16,13,-15,13,-14,13,-14,13,-13,14,-12,14,-11,14,-11,15,-11,15,-10,15,-9,15,-9,16,-9,17,-9,17,-9,18,-9,19,-9,19,-9,19,-9,19,-8,18,-7,18,-8,18,-9,18,-12,16,-13,15,-4,3,0,0,0,0,0,0,0,0,0,0,0,0,0,0,0,0,0,0,-6,4,-22,17,-23,17,-24,16,-24,15,-25,14,-26,14,-26,14,-26,13,-27,13,-27,12,-26,12,-26,12,-25,11,-25,11,-25,11,-24,11,-24,11,-23,11,-22,11,-21,11,-21,11,-20,12,-20,13,-19,13,-18,13,-17,13]"
CSI_DATA,36725,d8:b1:90:db:e8:90,-57,11,1,7,0,0,1,0,0,0,1,-94,0,8,0,575308679,0,100,0,128,1,"[100,-64,5,0,5,19,5,18,6,17,7,16,7,15,7,15,8,14,9,14,9,13,10,13,11,13,12,13,12,12,12,12,12,12,13,13,13,12,12,12,12,12,12,13,13,13,12,13,12,14,12,14,11,15,2,3,0,0,0,0,0,0,0,0,0,0,0,0,0,0,0,0,0,0,2,5,9,23,8,23,7,23,6,24,5,24,5,25,4,26,3,26,3,26,3,27,3,26,2,26,2,25,2,25,2,24,2,24,2,23,3,23,3,22,3,22,4,21,4,21,5,20,5,20,5,20,5,19]"
CSI_DATA,36726,d8:b1:90:db:e8:90,-57,11,1,7,0,0,1,0,0,0,1,-94,0,8,0,575321592,0,100,0,128,1,"[100,-64,5,0,12,-15,11,-15,11,-15,11,-15,10,-15,9,-15,9,-15,8,-15,7,-16,7,-16,6,-16,5,-17,5,-18,5,-18,5,-18,5,-18,5,-19,6,-19,6,-18,6,-19,5,-19,5,-18,6,-18,7,-18,8,-18,2,-5,0,0,0,0,0,0,0,0,0,0,0,0,0,0,0,0,0,0,3,-6,15,-21,16,-20,16,-20,17,-20,18,-19,19,-19,19,-19,20,-19,20,-18,21,-18,21,-17,21,-17,20,-16,20,-16,20,-16,19,-16,19,-16,18,-16,17,-16,17,-16,16,-16,16,-17,15,-17,15,-17,14,-17,14,-17]"
CSI_DATA,36727,d8:b1:90:db:e8:90,-55,11,1,7,0,0,1,0,0,0,1,-94,0,8,0,575333255,0,100,0,128,1,"[100,-64,5,0,12,-16,12,-16,11,-16,11,-16,10,-15,10,-15,8,-16,7,-16,7,-17,6,-17,6,-17,5,-18,5,-18,6,-18,6,-19,5,-19,5,-20,5,-19,6,-19,6,-20,6,-20,6,-19,6,-19,8,-19,8,-19,2,-5,0,0,0,0,0,0,0,0,0,0,0,0,0,0,0,0,0,0,4,-6,16,-22,17,-22,18,-21,19,-20,20,-19,21,-19,21,-20,22,-19,22,-19,23,-19,23,-19,23,-18,23,-18,22,-17,22,-17,21,-16,20,-17,20,-17,19,-17,18,-18,18,-18,17,-18,16,-18,16,-18,15,-18,15,-18]"
CSI_DATA,36728,d8:b1:90:db:e8:90,-55,11,1,7,0,0,1,0,0,0,1,-94,0,8,0,575344190,0,100,0,128,1,"[100,-64,5,0,-7,-22,-7,-22,-7,-21,-7,-20,-8,-20,-8,-19,-8,-18,-9,-17,-10,-17,-11,-17,-12,-16,-12,-16,-11,-17,-11,-18,-13,-17,-14,-16,-14,-16,-13,-15,-13,-15,-14,-16,-14,-16,-14,-16,-14,-16,-13,-16,-12,-17,-3,-5,0,0,0,0,0,0,0,0,0,0,0,0,0,0,0,0,0,0,-4,-6,-14,-25,-13,-25,-11,-26,-9,-27,-9,-27,-8,-28,-8,-28,-7,-29,-7,-29,-6,-29,-6,-30,-6,-29,-6,-29,-6,-29,-6,-28,-6,-27,-6,-27,-6,-26,-6,-26,-6,-25,-6,-25,-6,-25,-6,-24,-6,-24,-6,-23,-6,-24]"
CSI_DATA,36729,d8:b1:90:db:e8:90,-56,11,1,7,0,0,1,0,0,0,1,-94,0,8,0,575355597,0,100,0,128,1,"[100,-64,5,0,-19,-12,-18,-11,-18,-10,-17,-9,-17,-9,-17,-9,-17,-8,-17,-7,-16,-6,-16,-5,-17,-6,-18,-5,-18,-5,-18,-4,-18,-4,-19,-4,-19,-4,-19,-4,-19,-4,-19,-4,-19,-5,-19,-5,-19,-5,-19,-6,-19,-6,-5,-2,0,0,0,0,0,0,0,0,0,0,0,0,0,0,0,0,0,0,-6,-4,-24,-14,-23,-15,-22,-16,-22,-17,-21,-17,-21,-18,-22,-19,-22,-20,-22,-21,-21,-21,-21,-21,-21,-21,-21,-21,-21,-20,-20,-20,-20,-19,-20,-18,-20,-17,-20,-16,-20,-15,-20,-15,-20,-15,-20,-15,-20,-15,-20,-14,-20,-13]"
CSI_DATA,36730,d8:b1:90:db:e8:90,-56,11,1,7,0,0,1,0,0,0,1,-94,0,8,0,575384803,0,100,0,128,1,"[100,-64,5,0,-21,8,-20,8,-19,8,-18,8,-17,8,-17,8,-16,8,-16,9,-15,10,-15,10,-14,10,-14,10,-14,11,-14,12,-14,12,-14,12,-14,13,-14,12,-14,12,-14,13,-13,12,-14,12,-14,13,-15,12,-15,11,-4,2,0,0,0,0,0,0,0,0,0,0,0,0,0,0,0,0,0,0,-7,3,-25,12,-25,11,-26,10,-26,9,-26,8,-27,8,-28,8,-29,7,-29,7,-30,7,-30,6,-29,6,-29,5,-28,5,-28,6,-28,6,-27,6,-26,7,-25,7,-25,7,-24,7,-24,8,-24,8,-24,8,-23,7,-23,8]"
CSI_DATA,36731,d8:b1:90:db:e8:90,-55,11,1,7,0,0,1,0,0,0,1,-94,0,8,0,575397964,0,100,0,128,1,"[100,-64,5,0,17,-14,16,-14,15,-13,14,-13,13,-13,13,-13,12,-13,11,-14,11,-15,10,-15,10,-15,9,-15,9,-15,10,-16,10,-16,10,-16,10,-16,10,-16,11,-15,11,-15,11,-15,10,-14,10,-14,10,-14,10,-13,2,-4,0,0,0,0,0,0,0,0,0,0,0,0,0,0,0,0,0,0,5,-5,21,-19,22,-18,23,-17,23,-16,24,-16,25,-15,26,-15,26,-15,27,-14,27,-14,27,-14,27,-14,27,-13,26,-13,26,-13,25,-13,25,-13,24,-13,23,-13,22,-13,22,-13,21,-14,21,-14,20,-14,20,-14,19,-15]"
CSI_DATA,36732,d8:b1:90:db:e8:90,-54,11,1,7,0,0,1,0,0,0,1,-94,0,8,0,575409051,0,100,0,128,1,"[100,-64,5,0,21,-5,20,-5,19,-5,19,-5,18,-6,17,-6,16,-7,16,-8,15,-8,14,-8,14,-8,14,-9,14,-10,14,-10,14,-11,14,-10,14,-10,14,-10,14,-10,14,-10,14,-10,13,-9,14,-9,15,-9,16,-8,4,-2,0,0,0,0,0,0,0,0,0,0,0,0,0,0,0,0,0,0,6,-2,27,-7,27,-5,27,-4,28,-4,28,-4,28,-2,29,-1,29,0,29,0,28,0,27,0,27,0,27,0,27,0,27,0,26,0,26,-1,26,-1,26,-1,25,-2,25,-3,25,-3,25,-3,24,-3,23,-3,23,-3]"
CSI_DATA,36733,d8:b1:90:db:e8:90,-55,11,1,7,0,0,1,0,0,0,1,-94,0,8,0,575421750,0,100,0,128,1,"[100,-64,5,0,-6,-18,-6,-17,-6,-17,-7,-16,-8,-16,-8,-16,-8,-15,-8,-15,-8,-15,-9,-15,-10,-14,-11,-14,-12,-13,-12,-13,-12,-13,-13,-14,-12,-14,-12,-14,-12,-14,-13,-14,-13,-14,-12,-14,-12,-14,-11,-14,-11,-15,-3,-4,0,0,0,0,0,0,0,0,0,0,0,0,0,0,0,0,0,0,-3,-7,-10,-26,-8,-26,-7,-26,-6,-26,-6,-26,-5,-26,-6,-27,-6,-27,-5,-27,-3,-28,-2,-27,-3,-26,-3,-26,-3,-26,-3,-26,-3,-25,-3,-25,-4,-24,-4,-24,-5,-24,-5,-23,-5,-23,-5,-22,-6,-21,-6,-21,-5,-20]"
CSI_DATA,36734,d8:b1:90:db:e8:90,-55,11,1,7,0,0,1,0,0,0,1,-94,0,8,0,575435016,0,100,0,128,1,"[100,-64,5,0,14,14,13,13,14,13,14,12,14,12,14,11,14,10,15,9,15,9,15,8,16,8,17,7,17,7,17,6,17,6,18,7,18,7,18,7,17,7,18,7,18,8,17,8,17,8,17,8,17,9,4,2,0,0,0,0,0,0,0,0,0,0,0,0,0,0,0,0,0,0,5,5,21,21,20,21,19,22,18,23,17,23,17,24,17,25,17,25,16,26,15,26,15,25,15,25,14,25,14,25,14,24,14,24,14,23,14,22,15,22,15,22,15,21,15,20,15,19,15,18,15,18,15,17]"
CSI_DATA,36735,d8:b1:90:db:e8:90,-55,11,1,7,0,0,1,0,0,0,1,-94,0,8,0,575446283,0,100,0,128,1,"[100,-64,5,0,7,20,7,19,7,18,8,17,8,17,9,16,9,16,10,15,11,14,11,14,12,14,14,14,14,14,15,13,15,13,15,13,15,13,15,13,14,13,14,14,14,14,14,15,14,15,13,15,13,16,3,4,0,0,0,0,0,0,0,0,0,0,0,0,0,0,0,0,0,0,3,6,12,26,10,27,9,27,8,28,7,29,6,29,6,28,5,28,5,29,4,29,4,29,3,29,3,29,3,28,3,27,4,27,4,26,4,26,5,25,6,24,6,24,6,23,6,23,7,23,7,22,7,21]"
CSI_DATA,36736,d8:b1:90:db:e8:90,-55,11,1,7,0,0,1,0,0,0,1,-94,0,8,0,575457448,0,100,0,128,1,"[100,-64,5,0,-21,5,-20,5,-19,5,-18,5,-18,6,-17,6,-17,7,-16,8,-16,9,-15,9,-15,9,-14,10,-15,11,-15,10,-15,11,-15,11,-15,11,-15,11,-15,10,-15,10,-15,10,-14,9,-15,9,-16,9,-17,8,-5,2,0,0,0,0,0,0,0,0,0,0,0,0,0,0,0,0,0,0,-7,2,-26,10,-27,9,-27,7,-27,6,-28,5,-28,4,-28,4,-28,3,-28,2,-29,2,-29,2,-29,2,-28,1,-28,1,-28,1,-27,1,-26,1,-26,2,-26,2,-25,3,-25,3,-24,4,-24,4,-24,5,-23,5,-22,5]"
CSI_DATA,36737,d8:b1:90:db:e8:90,-55,11,1,7,0,0,1,0,0,0,1,-94,0,8,0,575470252,0,100,0,128,1,"[100,-64,5,0,18,14,17,13,17,12,17,12,17,12,17,11,17,10,17,9,17,8,18,8,18,8,18,8,18,7,18,7,18,6,18,7,18,7,18,7,17,7,17,7,17,7,17,8,17,8,17,8,17,8,4,2,0,0,0,0,0,0,0,0,0,0,0,0,0,0,0,0,0,0,6,4,23,18,23,19,21,20,20,21,20,22,20,23,20,23,20,23,20,24,20,24,19,24,19,24,19,24,18,24,17,23,17,23,17,22,17,21,18,21,18,20,19,19,19,18,19,18,19,17,18,17,18,16]"
CSI_DATA,36738,d8:b1:90:db:e8:90,-55,11,1,7,0,0,1,0,0,0,1,-94,0,8,0,575492569,0,100,0,128,1,"[100,-64,5,0,-2,20,-1,20,-1,19,-1,20,0,19,0,19,1,19,1,19,1,19,2,19,2,19,3,19,3,19,3,19,3,19,3,20,3,20,2,19,2,19,3,19,3,19,2,19,1,19,1,19,0,19,0,4,0,0,0,0,0,0,0,0,0,0,0,0,0,0,0,0,0,0,-1,6,-1,27,-3,27,-4,27,-5,27,-6,27,-7,28,-7,28,-7,28,-7,28,-8,28,-9,28,-9,27,-9,27,-9,26,-9,25,-8,24,-8,24,-8,24,-7,24,-5,24,-4,23,-4,23,-4,23,-4,22,-3,22,-3,21]"
CSI_DATA,36739,d8:b1:90:db:e8:90,-57,11,1,7,0,0,1,0,0,0,1,-94,0,8,0,575504009,0,100,0,128,1,"[100,-64,5,0,9,16,9,15,10,14,11,14,11,14,11,14,11,13,12,12,12,11,12,11,13,11,14,12,14,11,14,11,14,11,15,12,14,12,14,12,14,12,14,12,14,12,14,13,14,13,13,13,13,13,3,3,0,0,0,0,0,0,0,0,0,0,0,0,0,0,0,0,0,0,3,4,14,18,14,19,13,20,12,21,11,22,11,22,10,23,10,23,9,24,9,24,9,24,9,24,8,24,8,23,8,23,8,22,8,21,8,21,9,20,9,20,9,19,9,19,9,18,9,17,9,17,10,16]"
CSI_DATA,36740,d8:b1:90:db:e8:90,-55,11,1,7,0,0,1,0,0,0,1,-94,0,8,0,575515736,0,100,0,128,1,"[100,-64,5,0,21,-6,20,-6,19,-6,19,-7,19,-8,18,-8,17,-9,17,-10,16,-11,16,-11,16,-11,16,-12,16,-12,16,-13,17,-13,16,-13,16,-13,17,-13,17,-13,17,-13,17,-12,16,-11,17,-11,17,-11,18,-11,4,-3,0,0,0,0,0,0,0,0,0,0,0,0,0,0,0,0,0,0,6,-2,26,-7,26,-6,27,-5,27,-4,28,-3,28,-2,28,-1,29,-1,29,0,29,0,29,0,28,1,28,1,28,1,28,1,27,0,26,-1,26,-1,25,-2,25,-2,24,-2,24,-3,23,-3,22,-4,22,-4,22,-5]"
CSI_DATA,36741,d8:b1:90:db:e8:90,-55,11,1,7,0,0,1,0,0,0,1,-94,0,8,0,575527748,0,100,0,128,1,"[100,-64,5,0,-13,-18,-13,-17,-13,-16,-13,-16,-13,-16,-14,-15,-14,-15,-15,-14,-15,-14,-15,-14,-16,-14,-17,-13,-17,-13,-17,-13,-17,-13,-17,-13,-18,-13,-17,-12,-17,-13,-17,-13,-17,-13,-17,-13,-16,-14,-16,-14,-16,-14,-4,-4,0,0,0,0,0,0,0,0,0,0,0,0,0,0,0,0,0,0,-4,-6,-16,-23,-15,-23,-15,-24,-14,-25,-13,-25,-13,-25,-12,-26,-12,-26,-12,-27,-11,-27,-11,-28,-11,-27,-10,-26,-10,-26,-10,-25,-10,-24,-10,-24,-11,-24,-11,-24,-12,-23,-12,-23,-13,-22,-13,-21,-13,-20,-13,-20,-13,-20]"
CSI_DATA,36742,d8:b1:90:db:e8:90,-55,11,1,7,0,0,1,0,0,0,1,-94,0,8,0,575538462,0,100,0,128,1,"[100,-64,5,0,-20,6,-20,6,-19,6,-18,6,-18,7,-18,7,-17,7,-17,8,-17,8,-17,8,-16,9,-16,9,-16,10,-16,10,-16,10,-17,10,-17,10,-17,10,-16,9,-16,10,-16,9,-17,9,-17,8,-17,8,-18,8,-5,1,0,0,0,0,0,0,0,0,0,0,0,0,0,0,0,0,0,0,-7,2,-25,8,-25,7,-25,6,-26,6,-26,5,-26,4,-27,5,-27,5,-27,4,-27,3,-27,3,-26,2,-26,2,-26,2,-26,3,-25,3,-25,4,-25,4,-24,4,-24,4,-24,5,-23,5,-23,6,-22,6,-22,6,-22,6]"
CSI_DATA,36743,d8:b1:90:db:e8:90,-55,11,1,7,0,0,1,0,0,0,1,-94,0,8,0,575548585,0,100,0,128,1,"[100,-64,5,0,12,-20,11,-20,11,-19,10,-19,10,-19,9,-18,9,-18,9,-19,8,-19,8,-19,7,-19,6,-19,6,-19,7,-19,7,-20,7,-20,7,-19,7,-19,7,-19,7,-19,7,-19,7,-18,7,-18,8,-18,9,-17,2,-5,0,0,0,0,0,0,0,0,0,0,0,0,0,0,0,0,0,0,3,-6,13,-24,15,-24,15,-23,16,-22,17,-22,18,-22,18,-22,19,-22,20,-22,20,-22,19,-22,19,-22,19,-21,19,-21,19,-21,18,-21,18,-21,17,-20,17,-20,16,-20,16,-20,15,-20,14,-21,14,-21,14,-20,14,-21]"
CSI_DATA,36744,d8:b1:90:db:e8:90,-55,11,1,7,0,0,1,0,0,0,1,-94,0,8,0,575560728,0,100,0,128,1,"[100,-64,5,0,5,21,5,21,5,20,6,20,6,20,7,19,7,18,7,18,6,17,7,17,8,18,8,18,8,18,8,17,9,17,10,18,9,17,9,17,9,16,9,16,9,17,9,17,8,17,8,17,7,17,1,4,0,0,0,0,0,0,0,0,0,0,0,0,0,0,0,0,0,0,2,6,8,25,7,26,6,27,5,28,4,28,3,29,3,29,3,29,2,30,1,30,1,29,0,28,0,28,0,28,1,28,1,27,1,27,1,26,2,25,3,24,3,24,3,24,3,24,3,23,4,23,4,23]"
CSI_DATA,36745,d8:b1:90:db:e8:90,-56,11,1,7,0,0,1,0,0,0,1,-94,0,8,0,575586014,0,100,0,128,1,"[100,-64,5,0,-18,-12,-18,-11,-17,-11,-18,-10,-18,-10,-18,-9,-17,-9,-17,-8,-17,-8,-17,-8,-18,-8,-18,-7,-18,-7,-18,-7,-19,-6,-19,-6,-19,-5,-19,-5,-19,-6,-19,-6,-19,-6,-18,-6,-18,-6,-19,-7,-19,-7,-5,-2,0,0,0,0,0,0,0,0,0,0,0,0,0,0,0,0,0,0,-6,-4,-23,-15,-23,-16,-22,-17,-22,-18,-21,-19,-21,-20,-22,-20,-22,-20,-21,-21,-20,-21,-19,-21,-19,-21,-18,-21,-19,-21,-19,-21,-19,-20,-19,-19,-19,-18,-19,-17,-19,-16,-19,-16,-18,-15,-18,-15,-19,-14,-18,-14,-18,-13]"
CSI_DATA,36746,d8:b1:90:db:e8:90,-55,11,1,7,0,0,1,0,0,0,1,-94,0,8,0,575597514,0,100,0,128,1,"[100,-64,5,0,13,16,13,15,14,14,14,14,14,13,14,13,14,11,15,10,15,9,15,9,16,9,16,8,17,8,17,7,17,7,17,8,17,8,17,7,16,7,16,8,16,8,16,8,16,8,16,9,16,9,4,2,0,0,0,0,0,0,0,0,0,0,0,0,0,0,0,0,0,0,5,5,19,20,18,21,17,22,16,23,15,24,14,25,14,25,13,26,13,26,13,26,13,26,13,26,12,26,12,25,12,24,12,23,12,22,13,22,13,22,13,21,14,21,14,20,14,19,14,19,14,18,14,17]"
CSI_DATA,36747,d8:b1:90:db:e8:90,-55,11,1,7,0,0,1,0,0,0,1,-94,0,8,0,575608529,0,100,0,128,1,"[100,-64,5,0,6,20,6,19,6,19,7,18,8,18,8,17,8,17,8,16,8,15,9,15,10,15,11,16,11,16,11,15,11,15,11,15,10,15,10,15,10,15,10,15,10,16,10,16,9,16,9,16,8,16,2,4,0,0,0,0,0,0,0,0,0,0,0,0,0,0,0,0,0,0,2,6,9,26,8,26,6,26,5,27,4,27,4,28,4,28,4,28,3,28,2,28,2,28,1,28,1,28,1,28,2,28,2,27,2,27,2,26,2,24,3,23,4,23,4,23,5,23,5,23,5,22,5,22]"
CSI_DATA,36748,d8:b1:90:db:e8:90,-55,11,1,7,0,0,1,0,0,0,1,-94,0,8,0,575626494,0,100,0,128,1,"[100,-64,5,0,4,-21,3,-21,3,-21,2,-21,1,-20,1,-20,0,-20,0,-19,-1,-19,-2,-19,-3,-19,-3,-20,-3,-20,-3,-20,-3,-20,-3,-20,-3,-20,-3,-19,-3,-20,-3,-20,-4,-20,-4,-20,-3,-20,-3,-20,-2,-20,-1,-5,0,0,0,0,0,0,0,0,0,0,0,0,0,0,0,0,0,0,1,-8,4,-29,5,-28,6,-28,8,-28,9,-28,9,-28,10,-28,10,-28,11,-28,11,-28,11,-28,11,-27,11,-27,11,-27,11,-27,10,-26,10,-26,10,-25,9,-24,8,-23,7,-23,7,-23,6,-24,5,-24,5,-23,5,-23]"
CSI_DATA,36749,d8:b1:90:db:e8:90,-57,11,1,7,0,0,1,0,0,0,1,-94,0,8,0,575636862,0,100,0,128,1,"[100,-64,5,0,19,-1,19,-2,18,-2,18,-3,17,-3,17,-4,16,-5,16,-6,16,-7,16,-7,16,-7,15,-7,16,-7,16,-8,16,-8,16,-8,16,-8,16,-8,16,-7,16,-7,15,-7,15,-6,16,-6,16,-6,17,-5,4,-2,0,0,0,0,0,0,0,0,0,0,0,0,0,0,0,0,0,0,6,-1,26,-1,26,0,26,2,25,3,25,4,26,5,26,6,27,6,27,7,26,7,26,8,25,8,25,8,24,8,24,8,23,7,22,6,22,6,22,5,22,4,22,3,22,3,21,2,21,2,21,2,21,0]"
CSI_DATA,36750,d8:b1:90:db:e8:90,-57,11,1,7,0,0,1,0,0,0,1,-94,0,8,0,575648738,0,100,0,128,1,"[100,-64,5,0,16,-11,15,-11,14,-11,14,-12,13,-12,12,-12,12,-12,12,-14,11,-14,11,-14,11,-14,10,-15,11,-15,11,-15,11,-16,11,-16,11,-16,11,-16,11,-16,11,-16,11,-15,11,-15,11,-15,12,-15,13,-14,3,-4,0,0,0,0,0,0,0,0,0,0,0,0,0,0,0,0,0,0,5,-4,21,-15,22,-14,23,-13,23,-12,23,-11,24,-10,25,-10,26,-9,26,-9,26,-8,26,-8,25,-8,25,-7,24,-7,23,-6,23,-6,22,-7,22,-7,21,-8,20,-8,19,-8,19,-9,19,-9,18,-9,18,-10,18,-11]"
CSI_DATA,36751,d8:b1:90:db:e8:90,-57,11,1,7,0,0,1,0,0,0,1,-94,0,8,0,575667190,0,100,0,128,1,"[100,-64,5,0,16,-11,15,-11,15,-11,14,-11,13,-12,12,-12,12,-12,12,-13,12,-14,11,-14,11,-14,11,-14,11,-15,11,-15,11,-15,10,-15,10,-16,10,-15,11,-15,11,-15,10,-15,10,-14,11,-14,11,-15,12,-14,3,-4,0,0,0,0,0,0,0,0,0,0,0,0,0,0,0,0,0,0,5,-4,21,-14,21,-13,22,-11,23,-10,23,-9,23,-9,24,-8,24,-8,24,-8,24,-7,24,-7,24,-7,24,-6,24,-6,23,-6,22,-7,22,-7,21,-7,21,-8,20,-8,20,-8,19,-8,19,-9,18,-9,18,-10,18,-10]"
CSI_DATA,36752,d8:b1:90:db:e8:90,-56,11,1,7,0,0,1,0,0,0,1,-94,0,8,0,575686816,0,100,0,128,1,"[100,-64,5,0,-19,8,-18,8,-18,9,-18,9,-17,10,-16,10,-16,11,-15,11,-15,12,-14,11,-14,12,-13,13,-13,14,-13,14,-13,14,-13,14,-13,14,-13,14,-14,14,-14,13,-14,13,-14,13,-14,12,-14,12,-15,11,-4,2,0,0,0,0,0,0,0,0,0,0,0,0,0,0,0,0,0,0,-7,3,-25,12,-25,11,-26,9,-26,8,-27,8,-27,7,-26,7,-26,6,-27,6,-27,5,-27,5,-27,4,-27,4,-26,4,-26,4,-25,4,-24,5,-24,5,-24,5,-24,6,-23,6,-23,6,-22,7,-22,7,-21,7,-21,8]"
CSI_DATA,36753,d8:b1:90:db:e8:90,-56,11,1,7,0,0,1,0,0,0,1,-94,0,8,0,575700360,0,100,0,128,1,"[100,-64,5,0,-20,-8,-19,-7,-19,-6,-19,-6,-19,-6,-19,-5,-19,-4,-18,-3,-18,-2,-18,-2,-19,-2,-20,-1,-20,-1,-20,0,-20,0,-20,0,-20,1,-20,0,-20,0,-20,0,-20,0,-19,-1,-19,-1,-20,-1,-20,-2,-5,-1,0,0,0,0,0,0,0,0,0,0,0,0,0,0,0,0,0,0,-7,-2,-25,-9,-24,-11,-24,-12,-23,-13,-23,-13,-23,-14,-23,-14,-23,-15,-23,-15,-22,-15,-22,-16,-22,-16,-21,-16,-21,-15,-21,-15,-21,-14,-21,-13,-21,-13,-21,-12,-21,-11,-21,-11,-21,-10,-21,-9,-21,-9,-20,-9,-20,-8]"
CSI_DATA,36754,d8:b1:90:db:e8:90,-56,11,1,7,0,0,1,0,0,0,1,-94,0,8,0,575711664,0,100,0,128,1,"[100,-64,5,0,-13,-18,-12,-17,-13,-16,-13,-15,-14,-15,-14,-14,-14,-14,-14,-13,-14,-12,-15,-11,-15,-12,-16,-12,-16,-11,-16,-11,-16,-11,-16,-11,-16,-11,-16,-10,-16,-11,-16,-11,-16,-11,-16,-12,-16,-12,-15,-12,-15,-12,-4,-3,0,0,0,0,0,0,0,0,0,0,0,0,0,0,0,0,0,0,-4,-6,-16,-23,-15,-24,-14,-24,-13,-25,-12,-26,-12,-26,-12,-27,-12,-27,-11,-27,-11,-27,-10,-27,-10,-27,-10,-26,-10,-26,-9,-25,-9,-24,-10,-23,-10,-23,-11,-22,-11,-21,-11,-21,-11,-21,-12,-21,-12,-20,-12,-20,-11,-19]"
CSI_DATA,36755,d8:b1:90:db:e8:90,-56,11,1,7,0,0,1,0,0,0,1,-94,0,8,0,575728893,0,100,0,128,1,"[100,-64,5,0,8,-18,8,-18,7,-18,6,-18,6,-18,5,-18,5,-18,4,-18,3,-18,3,-18,2,-18,1,-19,2,-19,2,-19,2,-19,2,-19,2,-20,2,-19,2,-19,2,-20,2,-20,2,-19,2,-19,3,-19,4,-19,1,-5,0,0,0,0,0,0,0,0,0,0,0,0,0,0,0,0,0,0,3,-7,12,-25,13,-24,15,-23,16,-23,16,-23,16,-22,17,-22,18,-22,18,-22,18,-22,18,-22,17,-22,17,-21,16,-21,16,-20,15,-20,15,-19,14,-19,13,-19,13,-19,12,-19,12,-19,11,-19,10,-19,10,-19,10,-19]"
CSI_DATA,36756,d8:b1:90:db:e8:90,-58,11,1,7,0,0,1,0,0,0,1,-94,0,8,0,575746362,0,100,0,128,1,"[100,-64,5,0,-16,-10,-16,-10,-16,-9,-15,-9,-15,-9,-15,-8,-15,-7,-16,-6,-16,-6,-16,-5,-16,-5,-17,-5,-17,-5,-17,-4,-17,-4,-18,-4,-18,-4,-17,-4,-17,-4,-18,-5,-18,-5,-17,-6,-17,-5,-17,-6,-17,-6,-5,-2,0,0,0,0,0,0,0,0,0,0,0,0,0,0,0,0,0,0,-6,-4,-21,-15,-20,-16,-20,-17,-19,-18,-18,-18,-18,-19,-18,-19,-17,-19,-17,-19,-17,-20,-16,-20,-16,-19,-16,-19,-16,-19,-15,-18,-15,-18,-15,-17,-15,-16,-15,-16,-15,-15,-16,-15,-16,-14,-16,-13,-16,-13,-16,-12,-16,-11]"
CSI_DATA,36757,d8:b1:90:db:e8:90,-58,11,1,7,0,0,1,0,0,0,1,-94,0,8,0,575756872,0,100,0,128,1,"[100,-64,5,0,2,-18,2,-18,1,-17,0,-17,0,-17,-1,-16,-2,-16,-2,-17,-2,-17,-3,-17,-4,-17,-4,-17,-4,-18,-4,-17,-4,-17,-4,-17,-4,-17,-4,-17,-3,-17,-3,-18,-4,-18,-4,-18,-3,-18,-2,-18,-2,-18,-1,-5,0,0,0,0,0,0,0,0,0,0,0,0,0,0,0,0,0,0,1,-7,4,-26,6,-25,8,-25,9,-24,10,-24,11,-24,11,-24,12,-24,12,-24,13,-23,13,-23,13,-22,12,-22,12,-22,11,-21,11,-21,10,-21,10,-21,9,-21,8,-21,7,-20,7,-20,6,-20,5,-19,5,-19,4,-19]"
CSI_DATA,36758,d8:b1:90:db:e8:90,-58,11,1,7,0,0,1,0,0,0,1,-94,0,8,0,575767412,0,100,0,128,1,"[100,-64,5,0,-6,-17,-6,-16,-6,-16,-7,-15,-8,-15,-8,-15,-8,-14,-9,-14,-9,-14,-9,-14,-10,-14,-11,-14,-11,-14,-11,-14,-11,-14,-11,-14,-11,-13,-11,-13,-10,-13,-11,-14,-11,-14,-11,-14,-11,-14,-11,-14,-10,-15,-3,-4,0,0,0,0,0,0,0,0,0,0,0,0,0,0,0,0,0,0,-2,-7,-7,-26,-5,-26,-3,-25,-2,-25,-2,-25,-1,-26,0,-26,0,-27,0,-26,0,-26,1,-26,1,-25,1,-25,1,-25,1,-24,0,-23,0,-23,-1,-22,-2,-22,-3,-21,-3,-21,-4,-20,-4,-20,-4,-19,-5,-19,-5,-18]"
CSI_DATA,36759,d8:b1:90:db:e8:90,-56,11,1,7,0,0,1,0,0,0,1,-94,0,8,0,575797507,0,100,0,128,1,"[100,-64,5,0,-3,18,-3,18,-3,18,-2,17,-1,17,0,17,1,17,1,16,2,17,2,17,3,16,4,16,5,17,5,17,5,17,5,17,5,17,5,17,4,17,5,17,6,17,5,17,5,17,4,17,3,17,0,4,0,0,0,0,0,0,0,0,0,0,0,0,0,0,0,0,0,0,-2,7,-5,28,-7,27,-8,26,-9,26,-10,26,-10,26,-11,26,-12,26,-12,25,-13,25,-13,24,-12,23,-12,23,-11,22,-11,22,-10,21,-10,20,-9,20,-8,20,-8,20,-7,20,-6,19,-6,19,-5,19,-5,18,-5,19]"
CSI_DATA,36760,d8:b1:90:db:e8:90,-57,11,1,7,0,0,1,0,0,0,1,-94,0,8,0,575810265,0,100,0,128,1,"[100,-64,5,0,-13,-14,-13,-13,-13,-13,-13,-12,-13,-11,-13,-11,-13,-10,-14,-10,-14,-9,-14,-9,-15,-9,-16,-9,-16,-8,-16,-8,-16,-8,-16,-8,-16,-8,-16,-8,-16,-8,-16,-8,-16,-9,-16,-9,-16,-9,-16,-10,-16,-10,-4,-3,0,0,0,0,0,0,0,0,0,0,0,0,0,0,0,0,0,0,-5,-5,-18,-20,-17,-21,-15,-22,-13,-22,-13,-23,-12,-24,-13,-25,-13,-25,-12,-26,-11,-25,-10,-25,-10,-24,-10,-23,-10,-23,-10,-22,-10,-22,-10,-21,-10,-20,-11,-20,-12,-19,-12,-18,-12,-18,-12,-17,-12,-16,-12,-15,-12,-15]"
CSI_DATA,36761,d8:b1:90:db:e8:90,-57,11,1,7,0,0,1,0,0,0,1,-94,0,8,0,575822712,0,100,0,128,1,"[100,-64,5,0,-11,13,-11,13,-11,13,-10,14,-10,14,-9,14,-9,14,-9,14,-9,14,-8,14,-7,15,-7,16,-7,16,-7,16,-7,17,-6,17,-5,18,-6,18,-6,18,-5,18,-4,18,-4,17,-5,17,-6,17,-7,17,-2,4,0,0,0,0,0,0,0,0,0,0,0,0,0,0,0,0,0,0,-4,5,-17,20,-18,19,-19,17,-20,17,-20,17,-20,16,-21,15,-21,15,-21,15,-21,14,-21,14,-21,14,-21,13,-20,13,-20,13,-19,13,-18,13,-17,13,-16,12,-15,13,-14,13,-14,13,-14,13,-14,13,-13,13,-13,14]"
CSI_DATA,36762,d8:b1:90:db:e8:90,-58,11,1,7,0,0,1,0,0,0,1,-94,0,8,0,575836855,0,100,0,128,1,"[100,-64,5,0,15,6,15,6,15,5,15,5,15,4,15,4,15,3,15,2,15,2,15,2,16,2,16,1,16,1,17,1,17,1,17,1,17,1,17,1,17,1,17,1,17,2,17,2,17,2,17,2,17,3,4,1,0,0,0,0,0,0,0,0,0,0,0,0,0,0,0,0,0,0,6,2,24,9,23,10,22,11,21,13,20,13,20,14,20,14,20,14,20,15,19,15,19,15,19,14,18,14,18,13,17,13,17,12,17,11,17,11,17,11,17,10,17,9,17,9,17,8,16,7,17,7,17,6]"
CSI_DATA,36763,d8:b1:90:db:e8:90,-58,11,1,7,0,0,1,0,0,0,1,-94,0,8,0,575846950,0,100,0,128,1,"[100,-64,5,0,-8,-17,-8,-17,-8,-16,-8,-16,-8,-15,-9,-15,-9,-14,-10,-14,-11,-14,-11,-14,-12,-14,-12,-14,-13,-14,-13,-14,-13,-14,-13,-14,-12,-14,-12,-14,-12,-14,-13,-14,-13,-14,-13,-15,-13,-15,-13,-15,-12,-16,-3,-4,0,0,0,0,0,0,0,0,0,0,0,0,0,0,0,0,0,0,-3,-7,-11,-25,-10,-25,-8,-25,-7,-25,-6,-25,-5,-26,-5,-26,-5,-26,-4,-26,-4,-26,-4,-25,-4,-25,-4,-24,-4,-24,-4,-23,-5,-22,-5,-21,-5,-21,-6,-21,-6,-21,-7,-21,-7,-20,-7,-19,-7,-18,-8,-18,-8,-18]"
CSI_DATA,36764,d8:b1:90:db:e8:90,-58,11,1,7,0,0,1,0,0,0,1,-94,0,8,0,575868365,0,100,0,128,1,"[100,-64,5,0,-1,-18,-1,-17,-1,-17,-2,-17,-3,-17,-3,-17,-3,-17,-3,-17,-3,-17,-4,-17,-5,-17,-5,-17,-5,-17,-5,-17,-5,-17,-6,-18,-6,-18,-6,-18,-6,-18,-6,-18,-6,-18,-6,-18,-5,-19,-5,-19,-4,-20,-1,-5,0,0,0,0,0,0,0,0,0,0,0,0,0,0,0,0,0,0,0,-7,2,-27,3,-26,4,-26,5,-25,6,-25,6,-26,6,-26,7,-26,7,-26,7,-25,7,-24,7,-24,7,-23,6,-23,6,-22,6,-22,5,-21,5,-21,4,-21,3,-20,3,-20,2,-20,2,-20,1,-19,1,-19,1,-19]"
CSI_DATA,36765,d8:b1:90:db:e8:90,-57,11,1,7,0,0,1,0,0,0,1,-94,0,8,0,575894457,0,100,0,128,1,"[100,-64,5,0,-16,9,-15,9,-15,10,-14,10,-14,10,-13,10,-13,11,-13,11,-13,12,-13,12,-12,12,-12,13,-12,14,-13,14,-13,15,-12,15,-12,15,-12,15,-12,15,-10,15,-9,14,-9,14,-10,14,-12,13,-13,12,-4,3,0,0,0,0,0,0,0,0,0,0,0,0,0,0,0,0,0,0,-6,3,-24,13,-25,12,-25,10,-25,8,-26,8,-26,8,-26,8,-26,8,-26,7,-26,7,-26,7,-25,7,-24,7,-24,6,-23,6,-23,6,-22,6,-22,6,-21,7,-20,7,-19,8,-18,8,-18,8,-18,9,-17,9,-17,9]"
CSI_DATA,36766,d8:b1:90:db:e8:90,-57,11,1,7,0,0,1,0,0,0,1,-94,0,8,0,575910820,0,100,0,128,1,"[100,-64,5,0,-13,-14,-13,-14,-13,-13,-13,-13,-13,-13,-13,-12,-13,-12,-13,-12,-13,-12,-13,-12,-14,-12,-15,-12,-15,-12,-15,-11,-15,-11,-15,-11,-15,-11,-15,-11,-15,-11,-16,-11,-16,-11,-16,-12,-16,-12,-16,-12,-16,-13,-4,-4,0,0,0,0,0,0,0,0,0,0,0,0,0,0,0,0,0,0,-5,-6,-18,-21,-17,-22,-16,-22,-15,-23,-14,-23,-14,-23,-13,-24,-13,-24,-12,-24,-12,-23,-12,-23,-12,-22,-12,-22,-12,-21,-12,-20,-12,-19,-12,-19,-12,-18,-13,-18,-13,-18,-13,-17,-13,-17,-13,-16,-13,-15,-13,-15,-13,-15]"
CSI_DATA,36767,d8:b1:90:db:e8:90,-56,11,1,7,0,0,1,0,0,0,1,-94,0,8,0,575922795,0,100,0,128,1,"[100,-64,5,0,-8,18,-7,17,-7,17,-7,17,-6,17,-6,17,-6,17,-7,17,-7,17,-7,17,-6,18,-4,18,-4,19,-4,19,-4,19,-4,20,-4,20,-5,20,-4,20,-4,20,-3,20,-3,20,-4,20,-5,20,-6,21,-2,5,0,0,0,0,0,0,0,0,0,0,0,0,0,0,0,0,0,0,-3,6,-10,25,-10,24,-12,24,-14,24,-15,23,-15,22,-16,22,-16,22,-16,22,-16,22,-16,22,-15,21,-14,20,-13,20,-13,20,-12,19,-11,20,-11,20,-11,19,-10,19,-9,19,-9,19,-8,19,-8,19,-8,18,-8,19]"
CSI_DATA,36768,d8:b1:90:db:e8:90,-56,11,1,7,0,0,1,0,0,0,1,-94,0,8,0,575933644,0,100,0,128,1,"[100,-64,5,0,-3,-20,-3,-20,-3,-19,-4,-19,-4,-19,-5,-18,-5,-18,-5,-19,-5,-19,-6,-19,-7,-19,-7,-18,-7,-18,-7,-18,-7,-18,-7,-19,-7,-20,-7,-20,-6,-19,-6,-19,-6,-20,-6,-20,-5,-20,-4,-20,-4,-20,-1,-5,0,0,0,0,0,0,0,0,0,0,0,0,0,0,0,0,0,0,-1,-7,-1,-27,-1,-27,-1,-28,0,-29,0,-29,1,-28,2,-28,3,-27,3,-27,4,-27,4,-27,3,-26,3,-25,4,-25,4,-25,3,-24,2,-24,2,-24,1,-23,0,-23,0,-22,-1,-22,-1,-22,-1,-22,-1,-22,-1,-22]"
CSI_DATA,36769,d8:b1:90:db:e8:90,-57,11,1,7,0,0,1,0,0,0,1,-94,0,8,0,575945256,0,100,0,128,1,"[100,-64,5,0,-13,12,-13,12,-13,12,-12,13,-12,13,-12,13,-11,13,-11,14,-11,14,-10,14,-10,15,-9,15,-9,16,-9,16,-9,16,-9,17,-9,18,-10,17,-10,17,-10,17,-9,17,-9,17,-10,17,-11,17,-12,16,-3,4,0,0,0,0,0,0,0,0,0,0,0,0,0,0,0,0,0,0,-5,4,-21,16,-21,14,-22,13,-22,12,-22,12,-23,11,-23,11,-23,10,-23,10,-23,10,-22,9,-22,9,-21,9,-21,9,-20,9,-20,9,-19,9,-19,9,-18,10,-18,10,-17,10,-17,11,-16,11,-15,12,-15,12,-15,12]"
CSI_DATA,36770,d8:b1:90:db:e8:90,-58,11,1,7,0,0,1,0,0,0,1,-94,0,8,0,575956082,0,100,0,128,1,"[100,-64,5,0,4,16,4,16,5,15,6,16,7,16,7,15,7,15,7,15,7,14,8,14,8,15,9,15,9,15,9,15,10,15,11,16,11,16,10,16,10,16,10,16,10,16,10,16,10,16,9,17,8,17,2,4,0,0,0,0,0,0,0,0,0,0,0,0,0,0,0,0,0,0,1,6,4,25,3,25,2,25,1,25,0,25,-1,25,-1,25,-2,25,-2,25,-2,24,-2,23,-2,23,-2,22,-2,22,-2,22,-1,21,-1,20,-1,20,0,20,1,20,1,19,2,19,3,18,3,18,3,18,4,17]"
CSI_DATA,36771,d8:b1:90:db:e8:90,-58,11,1,7,0,0,1,0,0,0,1,-94,0,8,0,575966567,0,100,0,128,1,"[100,-64,5,0,-12,-14,-12,-14,-12,-13,-12,-13,-13,-12,-13,-12,-13,-12,-14,-12,-14,-12,-15,-12,-15,-12,-16,-11,-16,-11,-16,-11,-16,-11,-17,-11,-17,-11,-16,-11,-16,-11,-16,-12,-16,-12,-16,-13,-16,-13,-16,-14,-16,-14,-4,-4,0,0,0,0,0,0,0,0,0,0,0,0,0,0,0,0,0,0,-5,-6,-16,-22,-14,-23,-13,-23,-12,-23,-11,-23,-11,-23,-11,-23,-11,-23,-10,-23,-10,-23,-10,-23,-9,-23,-9,-22,-9,-22,-9,-22,-10,-21,-10,-20,-10,-20,-11,-19,-11,-18,-11,-18,-11,-17,-11,-16,-11,-16,-11,-15,-11,-15]"
CSI_DATA,36772,d8:b1:90:db:e8:90,-58,11,1,7,0,0,1,0,0,0,1,-94,0,8,0,575993805,0,100,0,128,1,"[100,-64,5,0,18,1,17,1,17,0,17,0,17,-1,16,-2,16,-2,17,-3,17,-4,17,-3,17,-3,18,-4,18,-5,18,-5,18,-5,19,-5,19,-6,19,-5,19,-5,19,-5,19,-4,19,-3,19,-3,20,-3,21,-2,5,-1,0,0,0,0,0,0,0,0,0,0,0,0,0,0,0,0,0,0,6,1,27,6,26,7,25,8,24,9,24,10,24,10,24,10,24,10,23,11,23,11,23,10,22,10,22,10,22,9,22,9,21,9,21,8,21,7,20,6,20,6,20,5,20,4,19,3,18,3,18,2,19,2]"
CSI_DATA,36773,d8:b1:90:db:e8:90,-57,11,1,7,0,0,1,0,0,0,1,-94,0,8,0,576010292,0,100,0,128,1,"[100,-64,5,0,-3,-19,-3,-18,-4,-18,-4,-17,-5,-17,-5,-17,-6,-16,-6,-16,-7,-16,-7,-16,-8,-16,-8,-17,-8,-17,-8,-17,-8,-17,-8,-18,-8,-18,-7,-18,-7,-17,-7,-18,-8,-18,-8,-18,-8,-18,-7,-18,-6,-18,-2,-5,0,0,0,0,0,0,0,0,0,0,0,0,0,0,0,0,0,0,-1,-7,-2,-27,0,-27,1,-27,2,-27,3,-27,3,-27,4,-26,4,-26,4,-26,4,-26,4,-26,4,-25,3,-25,3,-24,3,-23,3,-22,3,-22,2,-22,1,-22,0,-21,0,-21,-1,-21,-1,-20,-2,-19,-2,-19,-2,-19]"
CSI_DATA,36774,d8:b1:90:db:e8:90,-58,11,1,7,0,0,1,0,0,0,1,-94,0,8,0,576021160,0,100,0,128,1,"[100,-64,5,0,2,-18,2,-18,2,-17,1,-17,1,-17,0,-17,0,-17,-1,-17,-1,-17,-2,-17,-3,-17,-4,-18,-4,-18,-3,-18,-3,-18,-4,-18,-3,-18,-3,-18,-3,-18,-3,-18,-4,-19,-4,-19,-3,-19,-2,-19,-2,-19,-1,-5,0,0,0,0,0,0,0,0,0,0,0,0,0,0,0,0,0,0,0,-7,2,-26,4,-25,5,-25,6,-24,7,-24,8,-24,8,-24,9,-24,9,-24,9,-23,9,-23,8,-22,8,-22,8,-21,7,-21,7,-21,7,-21,6,-20,6,-20,5,-19,4,-19,4,-19,4,-18,3,-18,3,-18,3,-18]"
CSI_DATA,36775,d8:b1:90:db:e8:90,-58,11,1,7,0,0,1,0,0,0,1,-94,0,8,0,576033617,0,100,0,128,1,"[100,-64,5,0,8,-15,7,-15,7,-15,6,-15,6,-15,5,-15,5,-15,4,-16,4,-16,4,-16,3,-16,2,-17,2,-17,2,-17,2,-18,2,-18,3,-18,3,-18,3,-18,2,-18,2,-18,2,-18,2,-18,3,-18,4,-18,1,-5,0,0,0,0,0,0,0,0,0,0,0,0,0,0,0,0,0,0,3,-6,15,-22,16,-21,17,-20,17,-20,18,-19,18,-19,18,-19,18,-19,18,-18,18,-17,18,-17,17,-16,17,-16,16,-16,16,-16,15,-16,15,-16,14,-16,13,-16,12,-16,11,-16,11,-16,11,-16,10,-15,10,-15,10,-15]"
CSI_DATA,36776,d8:b1:90:db:e8:90,-58,11,1,7,0,0,1,0,0,0,1,-94,0,8,0,576046445,0,100,0,128,1,"[100,-64,5,0,9,14,9,13,9,13,10,13,10,13,11,12,11,11,11,11,11,11,11,11,12,11,13,11,13,11,13,10,14,11,14,11,14,11,14,11,14,10,14,10,14,10,14,11,14,11,13,11,13,11,3,2,0,0,0,0,0,0,0,0,0,0,0,0,0,0,0,0,0,0,3,5,15,20,14,21,13,21,13,22,12,22,12,22,11,22,11,22,10,22,10,22,9,22,9,21,8,21,8,20,9,20,9,19,8,18,9,18,9,17,9,17,10,16,10,16,9,16,9,16,9,15,9,15]"
CSI_DATA,36777,d8:b1:90:db:e8:90,-58,11,1,7,0,0,1,0,0,0,1,-94,0,8,0,576066480,0,100,0,128,1,"[100,-64,5,0,14,9,14,9,14,8,15,8,15,7,14,7,15,7,15,6,15,6,15,6,16,6,16,5,17,5,17,4,17,4,18,4,18,4,17,3,17,3,17,3,17,4,17,4,17,5,17,5,17,5,4,1,0,0,0,0,0,0,0,0,0,0,0,0,0,0,0,0,0,0,5,2,23,11,22,12,21,12,21,13,20,14,20,14,19,15,19,15,19,15,18,16,18,15,17,15,17,15,16,14,16,13,16,13,15,12,15,12,16,11,16,11,16,10,15,10,15,10,15,9,15,9,15,9]"
CSI_DATA,36778,d8:b1:90:db:e8:90,-57,11,1,7,0,0,1,0,0,0,1,-94,0,8,0,576076700,0,100,0,128,1,"[100,-64,5,0,3,18,3,17,3,16,4,16,5,16,5,16,5,16,6,16,6,15,6,15,7,16,8,16,8,16,8,15,9,15,9,16,9,16,8,16,8,15,9,16,9,16,9,17,9,16,8,16,7,16,1,4,0,0,0,0,0,0,0,0,0,0,0,0,0,0,0,0,0,0,1,6,7,26,6,26,4,26,3,26,2,26,2,26,2,25,1,25,1,25,0,25,0,25,0,24,0,24,0,23,0,22,0,21,0,21,1,20,2,20,2,20,3,19,3,19,3,19,3,18,3,18,3,17]"
CSI_DATA,36779,d8:b1:90:db:e8:90,-58,11,1,7,0,0,1,0,0,0,1,-94,0,8,0,576099532,0,100,0,128,1,"[100,-64,5,0,-16,-11,-16,-10,-16,-10,-16,-9,-16,-8,-16,-8,-17,-8,-17,-7,-17,-6,-17,-5,-18,-5,-18,-4,-18,-3,-18,-3,-19,-3,-19,-3,-19,-3,-19,-3,-19,-3,-19,-3,-19,-3,-19,-4,-19,-4,-20,-4,-20,-5,-5,-2,0,0,0,0,0,0,0,0,0,0,0,0,0,0,0,0,0,0,-6,-4,-23,-14,-22,-15,-21,-16,-20,-17,-20,-17,-19,-17,-19,-17,-19,-18,-19,-18,-18,-18,-18,-17,-17,-17,-16,-17,-16,-16,-16,-16,-16,-15,-16,-15,-16,-14,-16,-14,-16,-14,-16,-13,-16,-13,-16,-12,-16,-12,-16,-12,-15,-11]"
CSI_DATA,36780,d8:b1:90:db:e8:90,-57,11,1,7,0,0,1,0,0,0,1,-94,0,8,0,576110586,0,100,0,128,1,"[100,-64,5,0,-3,-20,-4,-20,-4,-20,-5,-19,-5,-19,-6,-19,-6,-19,-7,-19,-7,-20,-7,-20,-8,-20,-9,-20,-9,-20,-9,-20,-9,-19,-10,-19,-10,-19,-10,-19,-10,-19,-10,-19,-10,-19,-10,-19,-10,-19,-8,-19,-4,-20,-1,-5,0,0,0,0,0,0,0,0,0,0,0,0,0,0,0,0,0,0,0,-8,1,-29,2,-29,3,-28,4,-28,5,-28,5,-28,5,-28,5,-28,6,-28,6,-27,5,-27,5,-26,5,-26,4,-26,4,-25,4,-24,3,-24,3,-23,2,-23,1,-23,0,-23,-1,-22,-1,-22,-1,-21,-1,-21,-1,-22]"
CSI_DATA,36781,d8:b1:90:db:e8:90,-58,11,1,7,0,0,1,0,0,0,0,-94,0,8,0,576123586,0,100,0,128,1,"[100,-64,5,0,4,-19,4,-19,4,-19,3,-19,3,-19,2,-19,2,-19,1,-19,1,-19,1,-19,0,-19,-1,-19,-1,-19,-1,-19,-1,-19,-2,-20,-2,-20,-1,-20,-1,-19,-1,-19,-2,-19,-1,-19,-1,-19,0,-20,0,-20,0,-5,0,0,0,0,0,0,0,0,0,0,0,0,0,0,0,0,0,0,1,-7,4,-26,5,-25,6,-25,6,-24,7,-24,8,-24,8,-23,8,-23,8,-23,8,-22,8,-22,8,-22,8,-21,8,-20,8,-20,8,-20,8,-20,7,-19,7,-19,6,-19,5,-19,5,-19,5,-19,5,-19,4,-18,4,-18]"
CSI_DATA,36782,d8:b1:90:db:e8:90,-57,11,1,7,0,0,1,0,0,0,0,-94,0,8,0,576138141,0,100,0,128,1,"[100,-64,5,0,16,-10,16,-10,16,-10,16,-10,15,-11,15,-11,15,-11,14,-12,14,-12,14,-13,13,-12,13,-13,13,-13,13,-13,13,-13,13,-13,13,-14,13,-14,13,-14,13,-13,13,-13,13,-12,13,-12,14,-12,15,-12,3,-3,0,0,0,0,0,0,0,0,0,0,0,0,0,0,0,0,0,0,5,-4,21,-14,22,-13,22,-12,22,-11,22,-11,23,-10,22,-10,23,-9,23,-9,23,-8,23,-8,22,-8,22,-8,21,-7,21,-7,20,-7,20,-8,20,-8,20,-8,19,-8,19,-8,18,-9,18,-9,18,-9,17,-9,17,-10]"
CSI_DATA,36783,d8:b1:90:db:e8:90,-57,11,1,7,0,0,1,0,0,0,0,-94,0,8,0,576149100,0,100,0,128,1,"[100,-64,5,0,-20,0,-19,0,-19,1,-20,1,-20,1,-19,2,-19,2,-19,3,-19,4,-19,5,-19,4,-19,5,-19,5,-19,6,-19,6,-19,6,-20,7,-20,6,-20,6,-20,6,-19,6,-19,6,-19,6,-20,5,-20,5,-5,1,0,0,0,0,0,0,0,0,0,0,0,0,0,0,0,0,0,0,-7,-1,-27,-2,-27,-3,-26,-4,-26,-5,-26,-6,-26,-6,-25,-6,-25,-7,-25,-7,-25,-7,-24,-8,-24,-8,-23,-8,-23,-8,-22,-8,-22,-8,-22,-7,-21,-6,-21,-5,-21,-4,-20,-4,-21,-3,-21,-3,-20,-2,-20,-2,-20,-2]"
CSI_DATA,36784,d8:b1:90:db:e8:90,-57,11,1,7,0,0,1,0,0,0,0,-94,0,8,0,576160271,0,100,0,128,1,"[100,-64,5,0,16,-11,15,-11,15,-12,16,-12,15,-12,15,-12,14,-13,13,-14,13,-14,13,-14,12,-15,12,-15,13,-16,13,-16,13,-16,13,-16,13,-17,13,-17,12,-16,12,-16,12,-16,12,-16,12,-16,13,-15,13,-15,3,-4,0,0,0,0,0,0,0,0,0,0,0,0,0,0,0,0,0,0,5,-4,22,-14,23,-13,23,-12,23,-10,23,-10,23,-9,23,-9,23,-9,23,-8,23,-8,23,-7,23,-7,23,-7,22,-6,22,-6,21,-6,21,-6,20,-7,19,-8,18,-8,18,-8,18,-9,18,-9,18,-9,18,-9,17,-10]"
CSI_DATA,36785,d8:b1:90:db:e8:90,-58,11,1,6,0,0,1,0,0,0,1,-94,0,8,0,576172451,0,100,0,128,1,"[100,-64,5,0,-6,13,-7,13,-7,14,-9,13,-9,12,-8,12,-9,13,-9,15,-8,16,-7,16,-6,18,-5,20,-5,21,-4,22,-3,23,-2,22,-1,22,-1,21,-3,22,-3,23,-2,22,-1,21,0,20,-3,19,-6,17,-2,4,0,0,0,0,0,0,0,0,0,0,0,0,0,0,0,0,0,0,-2,5,-6,23,-9,21,-11,21,-12,20,-12,19,-14,18,-16,17,-17,18,-18,18,-19,17,-20,17,-19,16,-18,16,-17,16,-17,17,-19,17,-19,18,-17,17,-15,17,-14,18,-14,19,-12,19,-11,20,-10,19,-8,18,-7,17]"
CSI_DATA,36786,d8:b1:90:db:e8:90,-56,11,1,6,0,0,1,0,0,0,1,-94,0,8,0,576201317,0,100,0,128,1,"[100,-64,5,0,0,-20,0,-20,1,-20,0,-20,-1,-19,-1,-19,-1,-19,-1,-19,-1,-21,-2,-21,-3,-20,-3,-20,-3,-19,-2,-20,-1,-20,0,-20,0,-20,0,-20,0,-20,-4,-20,-5,-21,2,-20,1,-25,-6,-29,-6,-25,-2,-6,0,0,0,0,0,0,0,0,0,0,0,0,0,0,0,0,0,0,-3,-6,-9,-22,-8,-23,-6,-23,-4,-24,-3,-25,-3,-25,-2,-25,-2,-25,-1,-24,0,-23,0,-23,1,-23,1,-23,1,-22,1,-21,1,-21,1,-21,1,-20,1,-20,0,-19,0,-19,0,-19,-1,-19,-1,-19,-1,-19,-1,-19]"
CSI_DATA,36787,d8:b1:90:db:e8:90,-55,11,1,6,0,0,1,0,0,0,1,-94,0,8,0,576217230,0,100,0,128,1,"[100,-64,5,0,-23,5,-22,5,-22,5,-22,5,-21,6,-21,6,-21,7,-21,8,-21,9,-21,9,-20,9,-20,9,-20,9,-20,9,-20,9,-20,10,-20,11,-20,10,-20,10,-20,10,-20,9,-19,9,-20,8,-21,8,-21,7,-6,1,0,0,0,0,0,0,0,0,0,0,0,0,0,0,0,0,0,0,-7,2,-28,9,-29,7,-29,5,-29,4,-29,3,-29,3,-28,3,-27,2,-27,1,-27,1,-27,2,-27,1,-26,1,-26,1,-25,1,-25,2,-24,2,-24,3,-24,3,-23,4,-23,4,-22,5,-22,6,-22,6,-22,6,-23,7]"
CSI_DATA,36788,d8:b1:90:db:e8:90,-57,11,1,7,0,0,1,0,0,0,1,-94,0,8,0,576228221,0,100,0,128,1,"[100,-64,5,0,15,-11,14,-11,14,-12,13,-13,13,-13,12,-13,12,-14,13,-14,13,-15,13,-15,12,-15,12,-16,13,-16,13,-16,13,-16,13,-16,13,-17,13,-16,13,-16,13,-16,13,-16,13,-15,14,-15,15,-15,15,-15,4,-4,0,0,0,0,0,0,0,0,0,0,0,0,0,0,0,0,0,0,5,-4,21,-14,21,-13,22,-12,22,-11,23,-10,22,-10,22,-9,22,-9,22,-8,22,-8,21,-8,21,-8,20,-8,19,-7,19,-8,18,-8,18,-8,17,-8,17,-9,16,-9,16,-9,16,-10,15,-10,15,-11,15,-11,16,-12]"
CSI_DATA,36789,d8:b1:90:db:e8:90,-57,11,1,7,0,0,1,0,0,0,1,-94,0,8,0,576238756,0,100,0,128,1,"[100,-64,5,0,-6,-21,-6,-20,-7,-20,-8,-19,-8,-19,-9,-19,-9,-19,-9,-19,-10,-19,-10,-19,-11,-19,-11,-19,-11,-19,-11,-18,-11,-18,-11,-18,-11,-18,-10,-18,-10,-18,-10,-18,-10,-18,-10,-19,-9,-19,-9,-19,-8,-19,-2,-5,0,0,0,0,0,0,0,0,0,0,0,0,0,0,0,0,0,0,-2,-7,-8,-25,-6,-25,-5,-26,-4,-26,-3,-26,-2,-26,-2,-26,-1,-26,0,-26,0,-25,-1,-25,-1,-24,-1,-24,-1,-23,-1,-23,-2,-22,-2,-22,-2,-22,-3,-22,-3,-22,-4,-21,-4,-21,-5,-20,-6,-20,-6,-20,-6,-21]"
CSI_DATA,36790,d8:b1:90:db:e8:90,-55,11,1,7,0,0,1,0,0,0,1,-94,0,8,0,576249678,0,100,0,128,1,"[100,-64,5,0,4,22,4,21,5,21,6,21,7,21,7,20,8,20,8,19,9,19,9,19,10,19,10,19,10,19,10,19,10,19,10,19,10,18,10,18,9,18,9,18,9,18,9,18,9,18,8,18,8,18,1,4,0,0,0,0,0,0,0,0,0,0,0,0,0,0,0,0,0,0,2,6,7,27,6,27,5,27,4,26,3,26,2,27,1,27,0,27,0,27,-1,27,-1,26,-1,25,-1,25,-1,25,-1,24,-1,24,-1,23,0,23,1,23,1,23,2,22,2,22,3,23,3,23,3,22,3,22]"
CSI_DATA,36791,d8:b1:90:db:e8:90,-57,11,1,7,0,0,1,0,0,0,1,-94,0,8,0,576266990,0,100,0,128,1,"[100,-64,5,0,-4,-20,-4,-20,-5,-19,-5,-20,-6,-20,-6,-19,-7,-19,-8,-19,-8,-19,-9,-19,-10,-19,-11,-19,-11,-19,-11,-19,-11,-19,-12,-19,-12,-19,-11,-19,-11,-18,-11,-18,-11,-18,-11,-18,-11,-18,-11,-18,-10,-19,-3,-5,0,0,0,0,0,0,0,0,0,0,0,0,0,0,0,0,0,0,-2,-7,-4,-27,-3,-26,-2,-25,-1,-25,0,-25,1,-25,2,-25,2,-25,3,-25,3,-25,2,-24,2,-23,2,-23,2,-22,2,-22,2,-22,1,-21,1,-21,1,-21,0,-21,-1,-20,-1,-20,-2,-21,-2,-21,-2,-20,-2,-20]"
CSI_DATA,36792,d8:b1:90:db:e8:90,-55,11,1,7,0,0,1,0,0,0,1,-94,0,8,0,576300048,0,100,0,128,1,"[100,-64,5,0,-21,8,-21,8,-20,8,-20,9,-19,9,-19,9,-19,10,-19,11,-19,12,-19,12,-18,12,-17,13,-17,13,-17,14,-17,14,-17,14,-17,14,-17,14,-17,14,-16,14,-15,14,-15,14,-14,12,-13,10,-13,9,-4,2,0,0,0,0,0,0,0,0,0,0,0,0,0,0,0,0,0,0,-7,3,-26,11,-26,10,-26,8,-27,6,-27,5,-27,5,-26,5,-26,5,-26,4,-27,3,-26,3,-26,2,-25,2,-25,2,-24,2,-24,3,-23,3,-23,3,-23,4,-23,4,-22,5,-22,5,-22,6,-22,6,-22,6,-22,7]"
CSI_DATA,36793,d8:b1:90:db:e8:90,-57,11,1,7,0,0,1,0,0,0,1,-94,0,8,0,576311302,0,100,0,128,1,"[100,-64,5,0,12,13,12,13,13,12,14,12,15,12,15,11,16,11,17,12,17,12,18,12,18,12,19,12,19,11,19,11,19,11,20,12,19,12,19,12,18,12,18,11,18,12,17,12,15,11,13,10,11,10,2,2,0,0,0,0,0,0,0,0,0,0,0,0,0,0,0,0,0,0,3,6,11,24,10,25,8,25,6,26,5,26,4,26,4,25,3,25,3,25,2,24,2,23,2,22,2,22,2,21,2,20,2,19,2,18,3,18,4,18,4,17,5,17,6,16,7,15,8,15,9,14,10,13]"
CSI_DATA,36794,d8:b1:90:db:e8:90,-56,11,1,7,0,0,1,0,0,0,1,-94,0,8,0,576324118,0,100,0,128,1,"[100,-64,5,0,16,13,16,12,16,12,16,11,17,11,16,11,17,10,17,10,18,10,18,10,18,10,18,9,19,8,19,8,19,8,19,9,19,8,19,8,18,7,18,7,18,6,17,7,16,8,13,6,12,5,3,1,0,0,0,0,0,0,0,0,0,0,0,0,0,0,0,0,0,0,5,2,22,11,21,13,20,14,19,15,19,15,19,16,18,16,18,17,18,17,17,17,16,17,16,17,15,17,15,17,14,16,14,16,14,15,14,15,14,15,15,15,15,14,15,14,15,14,16,14,16,13,16,12]"
CSI_DATA,36795,d8:b1:90:db:e8:90,-56,11,1,7,0,0,1,0,0,0,1,-94,0,8,0,576336568,0,100,0,128,1,"[100,-64,5,0,12,-16,12,-16,12,-16,11,-15,10,-15,10,-15,10,-16,9,-17,9,-17,9,-17,9,-17,9,-17,9,-17,10,-17,10,-17,9,-17,9,-17,9,-16,9,-16,9,-17,9,-17,9,-16,9,-16,10,-16,10,-15,2,-4,0,0,0,0,0,0,0,0,0,0,0,0,0,0,0,0,0,0,3,-5,14,-18,15,-17,15,-15,15,-15,15,-14,15,-15,15,-17,15,-18,16,-17,16,-16,16,-16,16,-15,16,-15,15,-15,15,-15,14,-15,13,-15,13,-15,13,-15,13,-15,12,-15,12,-15,12,-15,12,-15,12,-15,12,-16]"
CSI_DATA,36796,d8:b1:90:db:e8:90,-56,11,1,7,0,0,1,0,0,0,1,-94,0,8,0,576348046,0,100,0,128,1,"[100,-64,5,0,3,-22,3,-22,3,-22,3,-21,2,-21,2,-21,1,-21,1,-22,1,-22,1,-22,0,-22,0,-23,0,-23,1,-23,1,-23,1,-22,1,-22,1,-21,1,-21,1,-22,0,-22,0,-22,1,-21,1,-21,2,-21,0,-6,0,0,0,0,0,0,0,0,0,0,0,0,0,0,0,0,0,0,0,-7,3,-27,4,-26,6,-24,6,-23,7,-22,7,-23,6,-25,5,-25,6,-25,6,-25,7,-24,7,-23,7,-23,7,-23,6,-22,5,-22,5,-22,5,-22,4,-21,4,-21,4,-21,3,-21,3,-21,3,-21,3,-21,3,-22]"
CSI_DATA,36797,d8:b1:90:db:e8:90,-56,11,1,7,0,0,1,0,0,0,1,-94,0,8,0,576366494,0,100,0,128,1,"[100,-64,5,0,1,-23,0,-23,0,-23,0,-22,-1,-22,-1,-21,-2,-21,-3,-22,-3,-22,-3,-22,-4,-22,-5,-22,-5,-22,-5,-21,-5,-21,-5,-22,-5,-22,-5,-21,-4,-21,-5,-20,-5,-20,-5,-20,-4,-20,-3,-20,-3,-20,-1,-5,0,0,0,0,0,0,0,0,0,0,0,0,0,0,0,0,0,0,0,-7,1,-27,2,-26,3,-26,4,-26,5,-25,6,-25,6,-26,6,-26,7,-25,7,-25,7,-24,7,-24,7,-23,7,-23,6,-23,5,-23,5,-23,5,-23,4,-23,3,-22,2,-22,2,-22,2,-22,2,-22,2,-22,2,-22]"
CSI_DATA,36798,d8:b1:90:db:e8:90,-57,11,1,7,0,0,1,0,0,0,1,-94,0,8,0,576376682,0,100,0,128,1,"[100,-64,5,0,23,-3,22,-3,22,-3,22,-4,22,-4,21,-5,21,-6,21,-7,21,-7,21,-7,21,-7,21,-8,21,-8,21,-8,21,-8,21,-8,20,-8,20,-8,21,-8,21,-8,20,-7,20,-6,20,-6,21,-6,21,-5,5,-1,0,0,0,0,0,0,0,0,0,0,0,0,0,0,0,0,0,0,7,-2,28,-7,27,-6,26,-5,25,-3,25,-1,26,0,28,1,27,1,26,2,26,3,26,2,26,2,25,2,24,2,24,1,23,1,23,1,23,1,23,0,23,0,23,0,23,-1,22,-1,22,-1,22,-2,23,-2]"
CSI_DATA,36799,d8:b1:90:db:e8:90,-67,11,1,7,0,0,1,0,0,0,1,-94,0,8,0,576404997,0,100,0,128,1,"[100,-64,5,0,20,6,20,6,21,6,21,6,22,5,22,5,23,4,23,4,23,4,23,4,23,5,23,5,24,5,24,5,23,5,23,6,22,6,22,6,21,6,20,7,20,8,20,8,21,8,20,7,18,9,4,2,0,0,0,0,0,0,0,0,0,0,0,0,0,0,0,0,0,0,4,2,18,12,19,13,18,14,16,14,15,15,14,16,14,17,14,16,14,16,14,17,13,18,13,17,13,17,13,16,13,15,12,13,13,13,13,13,14,13,15,12,15,11,16,10,16,10,16,9,17,8,18,7]"
CSI_DATA,36800,d8:b1:90:db:e8:90,-57,11,1,7,0,0,1,0,0,0,1,-94,0,8,0,576422108,0,100,0,128,1,"[100,-64,5,0,-3,20,-3,20,-2,20,-1,20,-1,20,0,20,0,20,-1,20,-1,20,0,20,1,21,2,21,2,21,2,21,2,21,2,21,2,20,2,20,2,20,2,20,2,21,2,20,2,20,1,20,0,20,0,5,0,0,0,0,0,0,0,0,0,0,0,0,0,0,0,0,0,0,-1,6,-2,24,-3,24,-5,24,-6,24,-7,23,-7,23,-7,22,-7,22,-7,22,-7,22,-7,22,-7,21,-7,21,-7,20,-7,20,-8,19,-7,19,-7,19,-6,19,-5,19,-5,19,-4,19,-4,19,-3,20,-3,20,-4,20]"
CSI_DATA,36801,d8:b1:90:db:e8:90,-57,11,1,7,0,0,1,0,0,0,1,-94,0,8,0,576433486,0,100,0,128,1,"[100,-64,5,0,-18,11,-17,11,-17,12,-16,13,-16,14,-16,14,-15,14,-15,15,-15,16,-15,15,-14,15,-14,16,-14,17,-14,17,-14,17,-14,17,-15,17,-15,17,-15,16,-15,16,-14,16,-14,15,-14,15,-15,15,-16,15,-4,3,0,0,0,0,0,0,0,0,0,0,0,0,0,0,0,0,0,0,-6,3,-22,14,-22,13,-24,10,-24,8,-24,8,-25,9,-26,9,-25,9,-25,7,-25,6,-24,6,-23,6,-23,6,-22,6,-22,7,-21,7,-20,7,-20,7,-20,9,-19,9,-19,10,-19,10,-19,11,-19,11,-18,11,-19,11]"
CSI_DATA,36802,d8:b1:90:db:e8:90,-55,11,1,7,0,0,1,0,0,0,1,-94,0,8,0,576453160,0,100,0,128,1,"[100,-64,5,0,-1,20,-1,19,0,19,0,20,1,20,1,19,2,19,2,19,3,19,3,19,4,19,4,19,4,19,4,19,4,19,4,19,4,19,3,18,3,18,3,18,3,18,2,18,2,18,1,18,0,18,-1,4,0,0,0,0,0,0,0,0,0,0,0,0,0,0,0,0,0,0,0,5,1,24,0,24,-1,24,-1,23,-1,23,-2,24,-3,24,-4,23,-5,22,-6,21,-6,22,-5,22,-5,22,-5,22,-5,21,-4,21,-4,20,-4,20,-3,20,-3,20,-2,20,-2,20,-2,21,-1,21,-1,21,-2,21]"
CSI_DATA,36803,d8:b1:90:db:e8:90,-57,11,1,7,0,0,1,0,0,0,1,-94,0,8,0,576467652,0,100,0,128,1,"[100,-64,5,0,-9,-24,-9,-24,-9,-23,-10,-22,-11,-22,-11,-22,-11,-21,-11,-21,-11,-21,-12,-21,-12,-21,-12,-21,-12,-21,-12,-20,-12,-20,-12,-20,-12,-20,-11,-20,-11,-19,-11,-19,-11,-19,-11,-19,-11,-19,-10,-19,-9,-19,-3,-5,0,0,0,0,0,0,0,0,0,0,0,0,0,0,0,0,0,0,-3,-7,-9,-27,-7,-28,-5,-27,-5,-27,-4,-27,-3,-27,-3,-28,-4,-29,-2,-28,-1,-27,-1,-27,-2,-27,-2,-27,-2,-26,-3,-26,-3,-25,-4,-25,-4,-25,-5,-25,-5,-25,-6,-24,-6,-24,-7,-24,-8,-24,-8,-24,-8,-24]"
CSI_DATA,36804,d8:b1:90:db:e8:90,-56,11,1,7,0,0,1,0,0,0,1,-94,0,8,0,576478127,0,100,0,128,1,"[100,-64,5,0,4,-23,3,-23,3,-22,2,-22,1,-21,0,-21,0,-21,1,-22,1,-22,0,-22,0,-22,0,-22,0,-22,0,-21,0,-21,0,-22,0,-21,0,-21,0,-21,0,-20,0,-20,0,-20,0,-20,1,-20,2,-20,0,-5,0,0,0,0,0,0,0,0,0,0,0,0,0,0,0,0,0,0,1,-7,5,-25,6,-25,8,-24,9,-24,10,-24,10,-23,10,-23,10,-23,11,-23,11,-23,11,-23,11,-23,11,-23,10,-22,10,-22,9,-22,9,-22,8,-22,8,-22,7,-22,6,-22,6,-22,5,-22,5,-22,5,-22,5,-23]"
CSI_DATA,36805,d8:b1:90:db:e8:90,-56,11,1,7,0,0,1,0,0,0,1,-94,0,8,0,576505494,0,100,0,128,1,"[100,-64,5,0,11,-19,10,-19,10,-19,10,-19,10,-19,9,-18,9,-19,9,-20,9,-21,8,-21,7,-21,7,-21,7,-21,7,-21,7,-21,7,-21,7,-21,8,-21,8,-20,7,-20,6,-20,6,-19,7,-19,7,-19,8,-19,2,-5,0,0,0,0,0,0,0,0,0,0,0,0,0,0,0,0,0,0,3,-6,12,-23,13,-21,15,-21,15,-20,14,-21,15,-21,15,-21,15,-21,16,-20,16,-19,16,-20,16,-19,15,-18,14,-18,14,-17,14,-17,14,-17,13,-18,13,-18,13,-18,13,-18,12,-18,11,-19,11,-19,11,-19,11,-20]"
CSI_DATA,36806,d8:b1:90:db:e8:90,-56,11,1,7,0,0,1,0,0,0,1,-94,0,8,0,576517934,0,100,0,128,1,"[100,-64,5,0,-18,14,-17,14,-16,14,-15,14,-15,14,-14,14,-14,14,-15,15,-15,15,-15,15,-14,16,-14,16,-14,16,-14,16,-14,16,-14,16,-14,16,-14,16,-14,15,-14,16,-14,16,-13,15,-14,14,-15,14,-16,13,-4,3,0,0,0,0,0,0,0,0,0,0,0,0,0,0,0,0,0,0,-6,4,-21,16,-22,15,-22,13,-23,12,-23,12,-24,12,-24,12,-24,11,-24,11,-24,11,-23,11,-22,11,-22,10,-21,10,-21,11,-20,11,-19,11,-19,11,-19,11,-19,11,-18,11,-18,12,-17,12,-16,13,-17,13,-17,14]"
CSI_DATA,36807,d8:b1:90:db:e8:90,-57,11,1,7,0,0,1,0,0,0,1,-94,0,8,0,576532349,0,100,0,128,1,"[100,-64,5,0,-21,-6,-21,-5,-21,-1,-21,-1,-19,-1,-19,0,-19,-1,-20,0,-20,0,-19,-1,-20,1,-22,2,-22,3,-21,4,-20,4,-18,4,-19,3,-20,2,-19,3,-20,3,-20,3,-20,4,-21,3,-19,4,-19,5,-5,1,0,0,0,0,0,0,0,0,0,0,0,0,0,0,0,0,0,0,-6,-2,-24,-6,-23,-8,-22,-9,-21,-9,-20,-11,-20,-11,-23,-11,-23,-11,-22,-11,-21,-12,-20,-11,-21,-10,-21,-11,-20,-10,-21,-8,-19,-9,-19,-9,-21,-9,-21,-8,-21,-6,-21,-6,-20,-5,-22,-4,-22,-4,-20,-2,-22,0]"
CSI_DATA,36808,d8:b1:90:db:e8:90,-57,11,1,7,0,0,1,0,0,0,1,-94,0,8,0,576544371,0,100,0,128,1,"[100,-64,5,0,-23,3,-23,3,-22,3,-21,3,-20,4,-20,4,-20,5,-20,5,-20,6,-20,6,-20,6,-21,6,-21,7,-21,7,-21,7,-21,7,-21,7,-21,7,-21,7,-20,6,-20,6,-19,7,-19,7,-19,7,-19,5,-5,1,0,0,0,0,0,0,0,0,0,0,0,0,0,0,0,0,0,0,-6,1,-24,5,-24,3,-25,2,-26,3,-26,2,-26,1,-25,1,-25,1,-26,0,-26,-2,-26,-2,-25,-2,-24,-2,-24,-1,-23,-1,-23,-1,-23,-1,-22,-1,-23,0,-22,1,-22,1,-22,2,-22,3,-22,3,-22,3,-21,4]"
CSI_DATA,36809,d8:b1:90:db:e8:90,-55,11,1,7,0,0,1,0,0,0,1,-94,0,8,0,576555352,0,100,0,128,1,"[100,-64,5,0,-20,-12,-20,-12,-20,-11,-20,-11,-20,-10,-20,-10,-20,-10,-20,-9,-20,-8,-20,-8,-20,-7,-21,-7,-21,-6,-21,-6,-21,-6,-21,-6,-21,-5,-20,-6,-20,-6,-20,-6,-19,-6,-19,-6,-19,-6,-19,-7,-19,-7,-5,-2,0,0,0,0,0,0,0,0,0,0,0,0,0,0,0,0,0,0,-6,-4,-24,-14,-23,-15,-22,-15,-22,-16,-21,-17,-20,-18,-20,-18,-19,-19,-19,-19,-19,-19,-19,-19,-19,-18,-19,-18,-19,-18,-18,-18,-18,-17,-18,-16,-18,-16,-19,-15,-18,-14,-18,-14,-19,-14,-19,-14,-20,-14,-20,-14,-20,-13]"
CSI_DATA,36810,d8:b1:90:db:e8:90,-56,11,1,7,0,0,1,0,0,0,1,-94,0,8,0,576568877,0,100,0,128,1,"[100,-64,5,0,3,22,3,21,3,21,3,20,4,20,4,19,4,19,3,20,3,20,3,20,3,20,4,21,4,20,4,20,4,20,5,20,5,19,4,19,4,18,4,19,4,19,4,19,3,19,2,19,2,19,0,4,0,0,0,0,0,0,0,0,0,0,0,0,0,0,0,0,0,0,1,6,5,25,4,25,2,25,1,25,0,25,0,25,0,25,0,25,-1,25,-1,25,-2,25,-2,25,-2,25,-1,24,-1,24,0,24,0,23,1,23,1,23,2,23,2,22,3,22,3,21,4,21,4,21,4,21]"
CSI_DATA,36811,d8:b1:90:db:e8:90,-57,11,1,7,0,0,1,0,0,0,1,-94,0,8,0,576581088,0,100,0,128,1,"[100,-64,5,0,-21,4,-21,4,-20,3,-20,3,-20,4,-19,4,-20,4,-21,4,-21,4,-21,4,-20,4,-20,5,-20,5,-20,6,-20,6,-20,6,-20,6,-19,6,-20,6,-20,6,-20,5,-19,5,-20,5,-20,5,-20,4,-5,1,0,0,0,0,0,0,0,0,0,0,0,0,0,0,0,0,0,0,-6,1,-24,5,-25,3,-25,2,-24,1,-24,1,-24,0,-24,0,-24,0,-24,0,-24,0,-24,0,-24,-1,-24,-1,-23,-1,-23,0,-22,1,-22,1,-21,2,-21,1,-21,2,-21,2,-21,3,-20,4,-20,4,-20,4,-20,4]"
CSI_DATA,36812,d8:b1:90:db:e8:90,-57,11,1,7,0,0,1,0,0,0,1,-94,0,8,0,576609973,0,100,0,128,1,"[100,-64,5,0,-18,11,-17,11,-17,12,-16,12,-16,12,-15,13,-15,13,-15,13,-15,13,-15,13,-15,13,-14,14,-14,14,-14,14,-14,14,-14,14,-14,14,-14,14,-14,13,-14,13,-14,13,-13,13,-14,13,-15,12,-15,12,-4,2,0,0,0,0,0,0,0,0,0,0,0,0,0,0,0,0,0,0,-5,3,-20,12,-21,11,-22,10,-22,10,-22,9,-22,8,-22,9,-22,9,-23,8,-23,8,-24,7,-23,6,-23,6,-22,6,-22,7,-22,7,-21,7,-21,8,-20,8,-19,9,-19,9,-18,10,-18,10,-18,11,-18,11,-18,12]"
CSI_DATA,36813,d8:b1:90:db:e8:90,-57,11,1,7,0,0,1,0,0,0,1,-94,0,8,0,576622148,0,100,0,128,1,"[100,-64,5,0,-10,-22,-10,-21,-11,-20,-12,-20,-13,-20,-13,-19,-13,-19,-14,-19,-14,-18,-15,-18,-16,-18,-17,-18,-17,-18,-17,-17,-17,-17,-17,-17,-17,-17,-17,-16,-16,-16,-16,-17,-16,-17,-16,-17,-16,-17,-16,-17,-15,-17,-4,-5,0,0,0,0,0,0,0,0,0,0,0,0,0,0,0,0,0,0,-5,-7,-17,-26,-14,-25,-13,-24,-13,-25,-13,-26,-12,-26,-10,-25,-10,-26,-9,-27,-9,-27,-9,-26,-9,-26,-9,-26,-9,-25,-9,-25,-9,-24,-9,-24,-9,-24,-9,-24,-9,-23,-10,-23,-10,-23,-10,-22,-10,-22,-10,-22,-9,-22]"
CSI_DATA,36814,d8:b1:90:db:e8:90,-56,11,1,7,0,0,1,0,0,0,1,-94,0,8,0,576634098,0,100,0,128,1,"[100,-64,5,0,-17,-15,-17,-15,-17,-14,-18,-13,-19,-13,-18,-12,-19,-11,-19,-10,-19,-10,-19,-10,-20,-10,-20,-9,-20,-9,-20,-8,-20,-8,-20,-8,-20,-8,-19,-7,-19,-7,-19,-7,-19,-8,-18,-8,-18,-8,-18,-8,-18,-8,-5,-2,0,0,0,0,0,0,0,0,0,0,0,0,0,0,0,0,0,0,-6,-4,-21,-16,-21,-18,-20,-19,-19,-19,-18,-20,-18,-20,-17,-20,-17,-21,-17,-21,-16,-21,-16,-22,-16,-22,-16,-21,-16,-21,-16,-20,-16,-19,-16,-19,-17,-19,-17,-19,-17,-18,-17,-18,-17,-17,-17,-17,-17,-17,-16,-17,-16,-17]"
CSI_DATA,36815,d8:b1:90:db:e8:90,-55,11,1,7,0,0,1,0,0,0,1,-94,0,8,0,576648173,0,100,0,128,1,"[100,-64,5,0,-18,15,-17,15,-17,15,-16,16,-15,16,-15,16,-14,16,-14,16,-14,15,-14,15,-13,15,-13,16,-13,17,-13,16,-12,16,-12,17,-11,17,-12,16,-11,16,-11,16,-10,15,-10,15,-11,15,-12,15,-13,15,-4,3,0,0,0,0,0,0,0,0,0,0,0,0,0,0,0,0,0,0,-5,5,-18,20,-18,19,-18,19,-18,18,-20,18,-20,18,-20,18,-21,18,-21,17,-21,17,-21,16,-21,16,-21,15,-21,15,-21,14,-21,14,-21,14,-20,14,-20,14,-20,15,-19,15,-19,15,-19,16,-19,16,-19,16,-19,16]"
CSI_DATA,36816,d8:b1:90:db:e8:90,-56,11,1,7,0,0,1,0,0,0,1,-94,0,8,0,576666496,0,100,0,128,1,"[100,-64,5,0,18,-10,18,-10,18,-10,18,-10,18,-11,18,-11,17,-11,17,-13,17,-13,16,-13,16,-13,16,-14,16,-14,16,-14,16,-14,17,-13,18,-12,18,-12,17,-11,16,-10,15,-9,14,-8,14,-8,13,-10,13,-11,3,-3,0,0,0,0,0,0,0,0,0,0,0,0,0,0,0,0,0,0,5,-4,22,-13,22,-12,22,-11,23,-10,24,-9,24,-9,24,-9,24,-8,24,-8,24,-7,24,-7,24,-6,23,-6,23,-6,22,-6,22,-7,21,-7,21,-7,21,-8,20,-8,20,-9,20,-9,20,-9,20,-9,20,-9,19,-10]"
CSI_DATA,36817,d8:b1:90:db:e8:90,-56,11,1,7,0,0,1,0,0,0,1,-94,0,8,0,576679614,0,100,0,128,1,"[100,-64,5,0,9,19,9,18,9,18,10,18,11,18,11,18,11,17,12,16,12,15,13,15,13,16,12,17,12,18,12,17,12,16,12,16,12,15,11,15,11,15,11,15,11,15,11,15,11,15,10,15,10,16,2,4,0,0,0,0,0,0,0,0,0,0,0,0,0,0,0,0,0,0,3,5,12,22,11,22,10,22,9,22,8,22,8,23,8,23,8,24,7,24,7,24,7,24,7,23,7,23,7,23,6,23,7,22,7,21,7,21,7,21,8,20,8,20,8,20,8,20,7,20,8,20,8,20]"
