CSI_DATA,5016,d8:b1:90:d9:de:f0,-43,11,-99,-34,44,104,364322528,277,0,106,0,"[89,14,119,0,28,14,-74,0,21,14,-38,0,52,14,-37,0,94,14,-62,0,-101,14,-118,0,-76,14,39,0,-74,14,-66,14,-93,14,65,14,106,14,-17,13,62,14,-47,13,42,14,-13,13,58,14,51,14,0,0,0,0,-50,14,-41,14,57,0,-5,14,-70,0,0,0,9,0,-24,14,30,0,-50,14,0,0,-67,14,-60,0,-63,14,111,0,-33,14,47,0,17,0,9,0,90,0,-2,14,-61,0,17,0,0,0,71,0]"
CSI_DATA,5017,d8:b1:90:d9:de:f0,-43,9,-99,-36,44,104,364322991,130,0,106,0,"[107,15,113,15,57,15,42,15,33,15,21,15,48,15,47,15,89,15,86,15,-103,15,-127,15,-21,15,-84,15,90,0,-38,15,-46,0,-8,15,50,1,7,0,100,1,0,0,91,1,-17,15,17,1,-18,15,0,0,0,0,62,0,0,0,-51,15,42,0,105,15,95,0,37,15,-110,0,15,15,-82,0,46,15,-98,0,101,15,115,0,-100,15,54,0,-51,15,-15,15,-9,15,-97,15,16,0,67,15,9,0,-3,14,-26,15]"
CSI_DATA,5018,d8:b1:90:d9:de:f0,-45,11,-99,-40,47,104,364503933,100,0,228,0,"[8,1,11,0,14,0,16,-1,19,-1,20,0,21,0,98,58,19,1,18,2,15,2,13,2,11,2,9,0,7,-1,4,-3,2,-7,1,-10,0,-13,0,-18,0,-19,27,-46,2,-23,3,-23,5,-22,6,-20,6,-17,6,-14,0,0,3,-7,1,-4,0,-2,-4,0,-7,0,-11,2,64,11,-16,1,-19,1,-19,0,-19,-1,-17,-2,-15,-2,-12,-2,-10,-1,-7,0,-6,0,-3,2,-2,4,-1,6,-23,11,0,12,-1,15,-3,16,-4,17,-6,16,-8,15,-8,11,7,15,18,8,21,-5,13,-17,0,-21,-13,-13,-16,0,11,9,0,9,6,3,3,-3,-2,-6,-8,0,-7,8,0,15,12,11,19,0,15,-14,1,-22,-14,-17,-20,-3,-14,-11,-2,15,7,9,9,0,2,-6,-4,-3,-7,3,0,0,9,11,17,1,15,-11,3,-20,-11,-19,-21,-7,-34,10,-8,17,3,16,11,7,9,-1,3,-4,0,-2,0,1,3,2,7,-2,4,-8,-2,-11,-11,-7,-15,1,-11,21,0,16,9,13,15,3,11,-6,3,-9,-3,-6,-4,0]"
CSI_DATA,5019,d8:b1:90:d9:de:f0,-42,11,-99,-38,44,104,364531427,277,0,106,0,"[-42,15,-56,0,-76,15,20,1,-77,15,50,1,-63,15,28,1,-45,15,-19,0,-47,15,-95,0,-66,15,88,0,-120,15,-11,15,80,15,-112,15,6,15,96,15,-43,14,75,15,-47,14,104,15,9,15,-112,15,0,0,0,0,-73,15,-41,15,50,0,-49,15,-108,0,-77,15,-32,0,-118,15,-8,0,121,15,-40,0,124,15,-94,0,-110,15,118,0,-50,15,75,0,13,0,48,0,98,0,47,0,-81,0,79,0,-18,0,123,0]"
CSI_DATA,5020,d8:b1:90:d9:de:f0,-43,9,-99,-36,44,104,364531881,108,0,106,0,"[-80,15,-69,0,120,15,3,1,106,15,29,1,117,15,8,1,-116,15,-47,0,-96,15,-118,0,-75,15,38,0,-59,15,-84,15,-52,15,53,15,-51,15,-54,14,-57,15,-99,14,-63,15,-79,14,-48,15,-11,14,0,0,0,0,-8,15,-62,15,43,0,48,0,107,0,-104,0,-101,0,-40,0,-83,0,-19,0,-103,0,-44,0,105,0,-99,0,54,0,107,0,-18,15,50,0,-95,15,3,0,71,15,-29,15,-3,14,-40,15,-19,14]"
CSI_DATA,5021,d8:b1:90:d9:de:f0,-42,9,-99,-35,43,104,364532035,98,0,106,0,"[112,16,-134,0,44,16,-77,0,38,16,-38,0,77,16,-34,0,126,16,-70,0,-114,16,-137,0,-92,16,47,0,-95,16,-65,16,-137,16,97,16,82,16,10,16,30,16,-15,15,7,16,21,16,47,16,95,16,0,0,0,0,-63,16,-42,16,65,0,-34,16,-93,0,-54,16,-14,0,-95,16,5,1,-133,16,-35,0,138,16,-104,0,-114,16,113,0,-66,16,64,0,5,0,51,0,95,0,67,0,-89,0,111,0,-27,0,-111,0]"
CSI_DATA,5022,d8:b1:90:d9:de:f0,-43,11,-99,-38,45,104,364949225,277,0,106,0,"[56,0,-57,0,64,0,21,0,81,0,47,0,85,0,24,0,73,0,-29,0,41,0,-86,0,-13,14,84,0,-96,14,10,0,50,14,-52,14,-39,13,-87,14,-82,13,-89,14,-73,13,-65,14,-16,13,-36,14,0,0,0,0,-64,14,-10,14,49,0,-33,14,-88,0,-72,14,-24,0,-116,14,-9,0,97,14,-37,0,101,14,-88,0,-105,14,103,0,-52,14,53,0,11,0,23,0,88,0,7,0,-66,0,30,0,2,0,67,0]"
CSI_DATA,5023,d8:b1:90:d9:de:f0,-43,9,-99,-36,44,104,364949670,130,0,106,0,"[-57,0,-48,15,27,1,-62,15,52,1,-85,15,20,1,-99,15,-35,0,-94,15,-100,0,-54,15,85,0,7,0,17,0,98,0,-31,15,-45,0,-46,15,48,1,-30,15,101,1,5,0,89,1,24,0,19,1,0,0,0,0,10,0,61,0,-48,15,-45,15,-122,15,122,15,57,15,80,15,19,15,78,15,35,15,112,15,90,15,-102,15,-93,15,-67,15,-9,15,-52,15,75,0,-63,15,-93,0,-100,15,-44,0,106,15,-61,0]"
CSI_DATA,5024,d8:b1:90:d9:de:f0,-42,9,-99,-35,43,104,364949795,113,0,106,0,"[128,0,99,16,-91,0,27,16,-86,0,-10,15,-116,0,1,16,119,0,45,16,91,0,119,16,76,0,-57,16,93,0,64,0,131,0,-90,0,-93,0,1,1,-42,0,30,1,-22,0,-2,0,-56,0,-77,0,0,0,0,0,62,0,45,0,-67,16,7,0,86,16,-4,16,-5,15,18,0,-37,15,44,0,1,16,59,0,74,16,53,0,-129,16,21,0,-52,16,-29,16,3,0,-105,16,39,0,76,16,32,0,-3,15,-19,16]"
CSI_DATA,5025,d8:b1:90:d9:de:f0,-42,9,-99,-37,44,104,364969463,192,0,106,0,"[-129,15,-82,0,76,15,-24,0,77,15,12,1,106,15,2,1,-120,15,-40,0,-93,15,-101,0,-87,15,69,0,-115,15,-38,15,88,15,123,15,22,15,53,15,-27,14,34,15,-37,14,72,15,13,15,-126,15,0,0,0,0,-74,15,-38,15,47,0,-51,15,-107,0,-92,15,-42,0,120,15,-26,0,82,15,-62,0,85,15,-118,0,119,15,106,0,-82,15,79,0,-8,15,82,0,78,0,114,0,-101,0,-89,0,-58,0,-45,0]"
CSI_DATA,5026,d8:b1:90:d9:de:f0,-43,9,-99,-35,44,104,364969681,212,0,106,0,"[93,14,117,14,37,14,68,14,1,14,68,14,6,14,102,14,41,14,-105,14,104,14,-81,14,-62,14,-75,14,33,0,-105,14,-119,0,84,14,-66,0,17,14,-62,0,-34,13,-102,0,-41,13,93,0,0,14,0,0,0,0,26,0,-68,14,47,0,43,0,99,0,-114,0,-86,0,-62,0,-47,0,-60,0,-53,0,-93,0,-93,0,107,0,88,0,78,0,21,0,68,0,-54,14,86,0,-121,14,-113,0,99,14,-52,0,-113,14]"
CSI_DATA,5027,d8:b1:90:d9:de:f0,-42,11,-99,-35,43,104,365367022,277,0,106,0,"[-56,0,3,0,31,1,3,0,62,1,-23,16,30,1,-49,16,-25,0,-58,16,-98,0,-35,16,102,0,19,0,35,0,112,0,-10,16,-53,0,-23,16,55,1,7,0,106,1,49,0,87,1,64,0,5,1,0,0,0,0,19,0,71,0,-67,16,-16,16,99,16,-68,16,8,16,-79,16,-29,15,-64,16,1,16,-37,16,68,16,-10,16,-129,16,-17,16,-47,16,-45,16,19,0,-105,16,58,0,89,16,57,0,8,16,-1,16]"
CSI_DATA,5028,d8:b1:90:d9:de:f0,-43,9,-99,-35,44,104,365367485,124,0,106,0,"[-1,14,-46,0,-25,14,30,0,-21,14,59,0,-18,14,38,0,-14,14,-15,0,-25,14,-81,0,-52,14,79,0,-101,14,-22,14,82,14,-122,14,21,14,50,14,-13,13,27,14,-11,13,46,14,31,14,96,14,0,0,0,0,-48,14,-47,14,59,0,-15,14,-74,0,0,14,3,0,-3,14,31,0,-12,14,4,0,-19,14,-57,0,-11,14,123,0,10,0,42,0,43,0,-25,14,93,0,-87,14,-89,0,-111,14,-23,0,-86,14]"
CSI_DATA,5029,d8:b1:90:d9:de:f0,-43,9,-99,-35,44,104,365367589,113,0,106,0,"[2,0,56,14,13,0,-29,13,0,14,-60,13,-15,14,-37,13,-22,14,19,14,-7,14,88,14,28,0,-72,14,87,0,27,0,-80,0,115,0,-5,0,-68,0,45,0,-64,0,46,0,-91,0,-3,0,108,0,0,0,0,0,59,0,15,0,-61,14,0,0,71,14,12,0,-3,13,38,0,-29,13,61,0,1,14,65,0,68,14,53,0,-108,14,19,0,-37,14,-25,14,20,0,-90,14,63,0,73,14,68,0,3,14,29,0]"
CSI_DATA,5030,d8:b1:90:d9:de:f0,-43,9,-99,-35,44,104,365367752,124,0,106,0,"[-54,0,-51,14,27,0,-56,14,54,0,-71,14,28,0,-73,14,-24,0,-61,14,-82,0,-33,14,91,0,23,0,14,0,104,0,-51,14,-46,0,-97,14,37,0,-99,14,81,0,-76,14,73,0,-50,14,11,0,0,0,0,0,-18,14,66,0,-39,14,-47,14,-82,14,96,14,120,14,28,14,97,14,13,14,102,14,36,14,-107,14,88,14,-53,14,-108,14,13,0,-60,14,93,0,-30,14,-68,0,-20,14,0,0,-38,14,8,0]"
CSI_DATA,5031,d8:b1:90:d9:de:f0,-46,11,-99,-38,47,104,365503958,100,0,228,0,"[2,-7,0,-10,0,-13,-1,-15,-1,-17,0,-19,0,-20,92,55,1,-17,2,-17,1,-14,1,-12,0,-11,0,-8,-1,-5,-3,-3,-6,-1,-9,0,-13,1,-16,2,-19,2,26,-44,-22,0,-22,0,-21,-1,-18,-2,-17,-2,-14,-2,0,0,-8,-2,-4,0,-1,1,0,3,2,6,4,10,59,0,5,14,5,16,4,17,3,17,2,15,2,14,1,12,1,9,1,7,2,5,3,2,4,0,6,0,78,0,11,-3,13,-3,15,-3,17,-2,17,0,15,0,13,2,14,-5,8,-16,-3,-20,-16,-12,-20,0,-12,12,0,14,8,-10,8,0,2,-5,-3,-3,-5,2,0,8,8,7,13,-1,9,-12,-1,-17,-14,-13,-20,1,-14,14,0,20,-8,15,14,0,8,-8,0,-8,-6,-1,-2,5,5,5,0,0,8,-10,-2,-15,-14,-11,-19,0,-14,14,0,20,17,28,18,3,13,-8,3,-11,-3,-7,-5,-2,-1,1,1,0,0,-4,-4,-5,-8,-1,-8,6,-2,12,6,12,22,2,14,-5,6,-13,-2,-13,-9,-6,-8,1,-3,5,2,4]"
CSI_DATA,5032,d8:b1:90:d9:de:f0,-43,11,-99,-36,44,104,365784820,277,0,106,0,"[-123,0,-100,0,-84,0,-38,0,-49,0,-28,0,-53,0,-53,0,-81,0,-97,0,119,0,117,0,39,0,86,0,-71,15,75,0,69,15,93,0,-19,14,-123,0,-51,14,-86,0,-18,14,-66,0,49,15,-87,0,0,0,0,0,-52,15,44,0,-9,15,-62,15,11,0,83,15,1,0,-1,14,-23,15,-27,14,-39,15,1,15,-34,15,63,15,-10,15,-120,15,33,0,-53,15,101,0,-1,15,-73,0,28,0,-4,0,14,0,17,1]"
CSI_DATA,5033,d8:b1:90:d9:de:f0,-42,9,-99,-35,43,104,365785301,130,0,106,0,"[-7,16,-57,0,-7,16,31,1,20,0,61,1,44,0,31,1,55,0,-27,0,38,0,-100,0,-19,16,100,0,-110,16,30,0,53,16,-15,16,-45,15,-23,16,-101,15,5,0,-89,15,50,0,-5,15,67,0,0,0,0,0,-73,16,18,0,13,0,-71,16,67,0,102,16,79,0,13,16,56,0,-27,15,25,0,3,16,4,0,68,16,11,0,-123,16,43,0,-49,16,103,0,18,0,-89,0,63,0,-11,0,54,0,16,1]"
CSI_DATA,5034,d8:b1:90:d9:de:f0,-42,9,-99,-38,44,104,365804362,108,0,106,0,"[-52,0,44,0,33,1,61,0,74,1,38,0,47,1,8,0,-13,0,-11,15,-91,0,-10,15,97,0,33,0,13,0,113,0,-48,15,-50,0,-65,15,50,1,-49,15,106,1,1,0,100,1,32,0,18,1,0,0,0,0,10,0,74,0,-69,15,-23,15,105,15,-92,15,16,15,-116,15,-24,14,-97,15,-2,14,-57,15,66,15,-32,15,-123,15,-30,15,-46,15,-48,15,28,0,-105,15,79,0,84,15,69,0,4,15,20,0]"
CSI_DATA,5035,d8:b1:90:d9:de:f0,-43,11,-99,-38,45,104,366202617,277,0,106,0,"[-86,14,71,14,-111,14,-2,13,100,14,-26,13,97,14,5,14,117,14,50,14,-75,14,101,14,-8,14,-80,14,84,0,-35,14,-40,0,-9,14,46,0,-4,14,92,0,-28,14,79,0,-46,14,16,0,-52,14,0,0,0,0,60,0,-18,14,-29,14,52,0,-100,14,-111,0,104,14,-37,0,99,14,-4,0,-118,14,-23,0,-82,14,-75,0,-58,14,94,0,-51,14,17,0,-64,14,-65,14,-103,14,98,14,88,14,51,14,46,14]"
CSI_DATA,5036,d8:b1:90:d9:de:f0,-43,9,-99,-36,44,104,366203089,130,0,106,0,"[-12,15,-53,0,-45,15,28,1,-53,15,60,1,-55,15,34,1,-52,15,-25,0,-52,15,-98,0,-63,15,58,0,-77,15,-62,15,-101,15,68,15,-126,15,-33,14,121,15,-74,14,120,15,-57,14,-110,15,6,15,0,0,0,0,-19,15,-60,15,53,0,38,0,-128,0,-124,0,-73,0,-65,0,-56,0,-46,0,-72,0,-68,0,126,0,-109,0,63,0,98,0,-12,15,52,0,-99,15,10,0,68,15,-20,15,-4,14,-21,15,-21,14]"
CSI_DATA,5037,d8:b1:90:d9:de:f0,-43,9,-99,-38,45,104,366203197,124,0,106,0,"[-104,14,78,14,97,14,11,14,61,14,-3,13,60,14,33,14,83,14,76,14,-107,14,-116,14,-32,14,-76,14,69,0,-62,14,-59,0,-67,14,20,0,-103,14,56,0,94,14,29,0,65,14,-43,0,74,14,0,0,0,0,47,0,-43,14,-1,14,61,0,-14,14,-79,0,0,0,0,0,27,0,33,0,49,0,1,0,45,0,-63,0,15,0,107,0,-22,14,46,0,-92,14,0,14,65,14,-26,14,0,14,-7,14,-16,13]"
CSI_DATA,5038,d8:b1:90:d9:de:f0,-43,9,-99,-35,44,104,366203346,224,0,106,0,"[-107,0,102,14,-49,0,53,14,-46,0,20,14,-77,0,26,14,-115,0,59,14,102,0,117,14,84,0,-50,14,95,0,56,0,-116,0,-90,0,-68,0,-12,0,-20,0,1,0,-10,0,-28,0,-44,0,-83,0,0,0,0,0,50,0,46,0,-56,14,34,0,83,14,41,0,14,14,79,0,-2,13,109,0,25,14,112,0,83,14,92,0,-111,14,45,0,-65,14,-14,14,-44,14,-92,14,-50,14,72,14,-86,14,17,14,112,14]"
CSI_DATA,5039,d8:b1:90:d9:de:f0,-42,9,-99,-37,44,104,366203518,101,0,106,0,"[64,15,83,0,-13,14,103,0,-33,14,-125,0,-4,14,-113,0,46,15,-130,0,102,15,88,0,-108,15,14,0,-82,15,-92,15,-77,15,52,15,-98,15,-43,14,124,15,-75,14,100,15,-50,14,114,15,23,15,0,0,0,0,-42,15,-69,15,68,0,-20,15,-82,0,-2,15,3,1,-16,15,30,1,-40,15,1,1,-53,15,-65,0,-47,15,-128,0,-19,15,69,0,30,0,28,0,109,0,14,0,-67,0,40,0,-3,0,94,0]"
CSI_DATA,5040,d8:b1:90:d9:de:f0,-42,9,-99,-36,43,104,366261862,98,0,106,0,"[44,0,54,16,83,0,-29,15,76,0,-61,15,54,0,-37,15,38,0,20,16,42,0,96,16,67,0,-93,16,122,0,13,0,-78,0,115,0,6,1,-108,0,59,1,-99,0,62,1,-126,0,-6,0,108,0,0,0,0,0,71,0,39,0,-56,16,56,0,115,16,95,0,41,16,-138,0,20,16,-105,0,57,16,-114,0,117,16,129,0,-117,16,66,0,-75,16,-7,16,-57,16,-102,16,-56,16,87,16,-100,16,17,16,135,16]"
CSI_DATA,5041,d8:b1:90:d9:de:f0,-42,9,-99,-36,43,104,366304850,125,0,106,0,"[30,0,49,16,69,0,-29,15,74,0,-62,15,71,0,-34,15,68,0,22,16,60,0,107,16,86,0,-79,16,126,0,39,0,-112,0,-124,0,-58,0,-29,0,-25,0,10,1,-22,0,-5,0,-70,0,-67,0,0,0,0,0,46,0,71,0,-78,16,20,0,89,16,-12,16,-2,15,-22,16,-37,15,-19,16,-7,15,-15,16,66,16,-17,16,-130,16,-33,16,-43,16,-56,16,38,0,-112,16,114,0,108,16,-138,0,47,16,130,0]"
CSI_DATA,5042,d8:b1:90:d9:de:f0,-42,9,-99,-35,43,104,366305089,145,0,106,0,"[57,16,-14,16,-31,15,-30,16,-69,15,-21,16,-44,15,-6,16,11,16,0,0,99,16,-9,16,-89,16,-45,16,20,0,-110,16,122,0,81,16,-82,0,5,16,-62,0,-50,15,-90,0,-54,15,136,0,11,16,0,0,0,0,33,0,-67,16,27,0,66,0,42,0,-87,0,74,0,1,1,94,0,29,1,98,0,-6,0,75,0,-77,0,37,0,125,0,-21,16,51,0,-102,16,-2,16,79,16,-38,16,3,16,-38,16,-22,15]"
CSI_DATA,5043,d8:b1:90:d9:de:f0,-42,9,-99,-38,44,104,366358523,124,0,106,0,"[37,0,55,15,80,0,-13,14,86,0,-46,14,75,0,-25,14,60,0,25,15,60,0,98,15,76,0,-81,15,117,0,22,0,-90,0,133,0,-25,0,-64,0,15,1,-36,0,15,1,-62,0,-33,0,-111,0,0,0,0,0,65,0,52,0,-62,15,37,0,97,15,40,0,12,15,56,0,-19,14,74,0,9,15,75,0,72,15,57,0,-133,15,14,0,-68,15,-39,15,-20,15,-110,15,11,0,74,15,10,0,5,15,-27,15]"
CSI_DATA,5044,d8:b1:90:d9:de:f0,-42,9,-99,-38,44,104,366382543,130,0,106,0,"[64,0,-60,0,79,0,18,1,112,0,37,1,127,0,10,1,116,0,-45,0,82,0,-109,0,13,0,112,0,-91,15,81,0,62,15,75,0,-28,14,101,0,-65,14,-123,0,-39,14,-92,0,39,15,-102,0,0,0,0,0,-64,15,51,0,-29,15,-62,15,-21,15,91,15,-47,15,9,15,-82,15,-18,14,-94,15,18,15,-83,15,82,15,-44,15,-124,15,19,0,-75,15,97,0,-54,15,-87,0,-61,15,-26,0,-111,15,-36,0]"
CSI_DATA,5045,d8:b1:90:d9:de:f0,-41,11,-99,-36,43,104,366504049,100,0,114,0,"[-4,-31,-2,-33,-1,-35,0,-37,3,-38,4,-35,4,-35,5,-33,4,-32,4,-31,5,-30,4,-31,4,-30,4,-31,4,-32,4,-33,3,-33,5,-35,5,-37,4,-37,4,-38,4,-39,3,-37,4,-38,3,-35,4,-35,3,-33,3,-33,0,0,3,-32,4,-32,4,-33,3,-33,3,-34,3,-34,3,-34,3,-34,2,-32,2,-31,2,-30,1,-29,1,-28,0,-25,0,-25,0,-24,0,-23,-1,-23,-1,-24,0,-25,-1,-26,0,-28,-1,-28,0,-28,1,-28,2,-26,3,-25,4,-23]"
CSI_DATA,5046,d8:b1:90:d9:de:f0,-43,11,-99,-35,44,104,366620415,277,0,106,0,"[8,0,-44,0,-20,14,33,0,-20,14,61,0,-16,14,34,0,-16,14,-15,0,-32,14,-87,0,-62,14,82,0,-108,14,-19,14,77,14,-114,14,26,14,59,14,-9,13,30,14,-14,13,40,14,39,14,85,14,0,0,0,0,-44,14,-56,14,63,0,-26,14,-78,0,-11,14,0,0,-8,14,33,0,-10,14,1,0,-10,14,-60,0,-1,14,116,0,18,0,45,0,48,0,-24,14,97,0,-80,14,-88,0,-112,14,-28,0,-89,14]"
CSI_DATA,5047,d8:b1:90:d9:de:f0,-42,9,-99,-37,44,104,366620860,98,0,106,0,"[-48,0,-19,15,33,1,-5,15,67,1,-9,15,39,1,-16,15,-7,0,-15,15,-81,0,6,0,102,0,50,0,9,0,121,0,-74,15,-58,0,-130,15,19,1,111,15,71,1,129,15,67,1,-96,15,3,1,0,0,0,0,-42,15,72,0,-56,15,-50,15,-87,15,104,15,-126,15,27,15,116,15,2,15,123,15,30,15,-99,15,86,15,-48,15,-118,15,14,0,-73,15,102,0,-39,15,-73,0,-26,15,-5,0,-43,15,8,1]"
CSI_DATA,5048,d8:b1:90:d9:de:f0,-43,9,-99,-34,44,104,366621009,120,0,106,0,"[-116,0,-81,0,-85,0,-7,0,-64,0,6,0,-71,0,-15,0,-99,0,-57,0,94,0,-104,0,17,0,99,0,-84,14,65,0,42,14,52,0,-48,13,60,0,-87,13,73,0,-67,13,94,0,-3,13,88,0,0,0,0,0,-70,14,11,0,3,0,-67,14,68,0,83,14,95,0,13,14,92,0,-16,13,71,0,1,14,58,0,63,14,50,0,-110,14,58,0,-30,14,86,0,47,0,-102,0,114,0,-42,0,-96,0,-9,0]"
CSI_DATA,5049,d8:b1:90:d9:de:f0,-43,9,-99,-40,45,104,366829812,130,0,106,0,"[65,15,-71,15,2,15,-118,15,-32,14,-126,15,-15,14,-113,15,39,15,-92,15,107,15,-79,15,-56,15,-76,15,52,0,-91,15,-85,0,-123,15,7,1,98,15,39,1,66,15,17,1,57,15,-38,0,89,15,0,0,0,0,57,0,-40,15,0,0,66,0,-47,15,-89,0,-63,15,-9,0,-60,15,21,1,-50,15,-3,0,-41,15,-64,0,-40,15,116,0,-55,15,33,0,-91,15,-48,15,111,15,-117,15,57,15,103,15,19,15]"
CSI_DATA,5050,d8:b1:90:d9:de:f0,-42,11,-99,-38,44,104,367247111,277,0,106,0,"[-65,0,79,0,13,1,112,0,51,1,103,0,37,1,78,0,-21,0,52,0,-94,0,38,0,82,0,64,0,-20,15,117,0,-122,15,-77,0,88,15,6,1,76,15,57,1,116,15,58,1,-98,15,4,1,0,0,0,0,-33,15,72,0,-42,15,-55,15,-97,15,104,15,116,15,34,15,85,15,26,15,85,15,63,15,123,15,118,15,-82,15,-102,15,-5,15,-63,15,86,0,-56,15,-87,0,-78,15,-30,0,-132,15,-39,0]"
CSI_DATA,5051,d8:b1:90:d9:de:f0,-43,9,-99,-35,44,104,367247574,124,0,106,0,"[45,14,-9,14,-30,13,-15,14,-58,13,7,0,-34,13,33,0,16,14,41,0,85,14,28,0,-96,14,-21,14,-27,14,-105,14,14,0,43,14,25,0,-50,13,4,0,-101,13,-38,14,-82,13,-63,14,-12,13,0,0,0,0,-18,14,-68,14,59,0,14,0,-90,0,69,0,-5,0,83,0,27,0,61,0,7,0,31,0,-54,0,12,0,116,0,16,0,48,0,43,0,-14,14,100,0,-50,14,-72,0,-38,14,-1,0,9,0]"
CSI_DATA,5052,d8:b1:90:d9:de:f0,-42,9,-99,-37,44,104,367247678,108,0,106,0,"[-45,0,-16,15,30,1,-14,15,60,1,-43,15,36,1,-61,15,-14,0,-61,15,-86,0,-43,15,111,0,14,0,53,0,108,0,21,0,-44,0,18,0,56,1,44,0,101,1,84,0,82,1,91,0,8,1,0,0,0,0,25,0,76,0,-69,15,12,0,83,15,-31,15,-2,14,-34,15,-32,14,-10,15,-8,14,12,0,55,15,22,0,-130,15,6,0,-62,15,-36,15,-13,15,-108,15,9,0,64,15,-12,15,2,15,-66,15]"
CSI_DATA,5053,d8:b1:90:d9:de:f0,-42,9,-99,-36,43,104,367247814,130,0,106,0,"[133,0,-96,0,-105,0,-25,0,-68,0,-14,0,-56,0,-53,0,-86,0,-112,0,141,0,132,0,51,0,100,0,-65,16,109,0,97,16,-133,0,15,16,-69,0,7,16,-14,0,49,16,4,1,115,16,-33,0,0,0,0,0,-46,16,68,0,-53,16,-61,16,-90,16,113,16,131,16,46,16,92,16,41,16,89,16,75,16,127,16,135,16,-93,16,-105,16,-12,16,-75,16,78,0,-83,16,-121,0,-127,16,-83,0,93,16,-115,0]"
CSI_DATA,5054,d8:b1:90:d9:de:f0,-42,9,-99,-37,44,104,367247966,113,0,106,0,"[-91,0,-129,0,-27,0,-77,0,11,1,-79,0,5,1,-116,0,-31,0,101,0,-95,0,76,0,84,0,77,0,-18,15,116,0,-115,15,-72,0,103,15,12,1,104,15,71,1,-109,15,68,1,-54,15,14,1,0,0,0,0,-19,15,83,0,-66,15,-28,15,116,15,-111,15,41,15,114,15,0,15,125,15,11,15,-96,15,67,15,-64,15,-122,15,-50,15,-43,15,-61,15,25,0,-103,15,79,0,87,15,78,0,11,15,26,0]"
CSI_DATA,5055,d8:b1:90:d9:de:f0,-43,9,-99,-37,44,104,367456464,98,0,106,0,"[-112,0,125,15,-36,0,84,15,-11,0,65,15,-32,0,82,15,-65,0,116,15,-120,0,-83,15,87,0,-7,15,24,0,99,0,-30,15,-52,0,-69,15,40,1,-81,15,92,1,-71,15,78,1,-51,15,10,1,0,0,0,0,-12,15,64,0,-21,15,-61,15,-42,15,86,15,-66,15,1,15,-76,15,-24,14,-67,15,8,15,-44,15,72,15,-13,15,-116,15,37,0,-39,15,93,0,26,0,-93,0,87,0,-30,0,116,0,3,1]"
CSI_DATA,5056,d8:b1:90:d9:de:f0,-45,11,-99,-36,46,104,367503663,100,0,228,0,"[-7,2,-10,4,-11,7,-14,10,-15,11,-17,12,-17,11,98,58,-16,10,-15,8,-13,7,-11,6,-10,5,-7,5,-3,5,0,6,3,7,6,7,10,9,13,11,15,12,27,-46,17,15,16,15,15,16,13,15,11,15,8,12,0,0,5,7,3,3,2,0,2,-3,2,-7,2,-11,37,0,3,-16,4,-18,6,-18,6,-17,7,-15,6,-14,5,-11,3,-9,2,-7,0,-5,-1,-4,-3,-3,-6,-1,-81,11,-12,0,-15,-1,-16,-3,-18,-3,-18,-5,-15,-6,-12,-7,-12,-11,-20,0,-16,14,-3,22,11,17,18,4,14,-8,-15,-1,-6,-7,-7,0,0,5,6,3,7,-5,0,-11,-10,-11,-17,0,-13,14,0,21,15,15,22,0,15,-13,17,-5,-11,-11,-11,0,-4,7,3,6,6,-2,0,-8,0,0,-14,3,-8,15,3,19,17,11,22,-2,14,-16,2,-35,-13,-13,-16,0,-9,8,0,9,3,4,2,0,-1,0,-3,3,1,7,7,5,11,0,8,-10,0,-15,-20,-12,-15,0,-12,9,-3,14,6,11,10,2,6,-4,0,-4]"
CSI_DATA,5057,d8:b1:90:d9:de:f0,-42,9,-99,-37,44,104,367665362,130,0,106,0,"[-72,15,61,15,-80,15,-20,14,-103,15,-47,14,-113,15,-19,14,-101,15,32,15,-62,15,91,15,5,0,-111,15,102,0,-58,15,-41,0,-25,15,52,1,-20,15,99,1,-40,15,82,1,-63,15,12,1,-69,15,0,0,0,0,81,0,-13,15,-5,15,71,0,-66,15,-95,0,-94,15,-15,0,-88,15,16,1,-68,15,-4,0,-50,15,-64,0,-50,15,125,0,-57,15,44,0,-101,15,-31,15,95,15,-95,15,26,15,-119,15,-5,14]"
CSI_DATA,5058,d8:b1:90:d9:de:f0,-43,9,-99,-36,44,104,367665470,98,0,106,0,"[-81,0,-101,15,-9,0,110,15,1,1,71,15,-34,0,61,15,-85,0,86,15,121,0,-114,15,82,0,-33,15,63,0,79,0,72,0,-58,0,103,0,39,1,-101,0,67,1,-74,0,36,1,-91,0,-36,0,0,0,0,0,41,0,43,0,-68,15,-2,15,71,15,-26,15,-12,14,-6,15,-36,14,23,0,-6,14,41,0,64,15,46,0,-116,15,22,0,-45,15,-25,15,9,0,-95,15,35,0,71,15,22,0,-1,14,-31,15]"
CSI_DATA,5059,d8:b1:90:d9:de:f0,-43,9,-99,-38,45,104,367665593,113,0,106,0,"[79,0,71,14,-104,0,15,14,-86,0,-8,13,-96,0,11,14,-117,0,52,14,101,0,-119,14,78,0,-33,14,55,0,77,0,42,0,-47,0,33,0,43,0,35,0,92,0,38,0,74,0,33,0,18,0,0,0,0,0,5,0,62,0,-39,14,-43,14,-87,14,101,14,114,14,31,14,98,14,9,14,115,14,29,14,-89,14,79,14,-39,14,-105,14,19,0,-48,14,88,0,-1,14,-70,0,35,0,-6,0,49,0,18,0]"
CSI_DATA,5060,d8:b1:90:d9:de:f0,-42,11,-99,-36,43,104,368082706,277,0,106,0,"[109,16,-139,0,40,16,-92,0,38,16,-54,0,69,16,-52,0,117,16,-78,0,-134,16,-140,0,-111,16,63,0,-127,16,-47,16,116,16,124,16,43,16,51,16,-10,15,40,16,-16,15,77,16,33,16,-142,16,0,0,0,0,-77,16,-41,16,40,0,-63,16,-143,0,-122,16,-80,0,102,16,-74,0,68,16,-108,0,74,16,129,0,112,16,93,0,-102,16,85,0,-25,16,109,0,57,0,-120,0,124,0,-52,0,-135,0,-7,0]"
CSI_DATA,5061,d8:b1:90:d9:de:f0,-42,9,-99,-34,43,104,368083178,124,0,106,0,"[-51,0,-20,15,33,1,-9,15,68,1,-16,15,44,1,-26,15,-16,0,-29,15,-86,0,-1,15,94,0,42,0,-1,15,117,0,-87,15,-58,0,129,15,33,1,115,15,78,1,-123,15,74,1,-87,15,7,1,0,0,0,0,-22,15,68,0,-42,15,-58,15,-85,15,99,15,-129,15,23,15,117,15,4,15,120,15,34,15,-111,15,92,15,-58,15,-118,15,12,0,-63,15,100,0,-32,15,-73,0,-24,15,2,1,-40,15,13,1]"
CSI_DATA,5062,d8:b1:90:d9:de:f0,-43,9,-99,-35,44,104,368083300,130,0,106,0,"[87,0,-67,0,108,0,6,0,-118,0,30,0,-115,0,6,0,112,0,-43,0,68,0,-96,0,0,0,96,0,-96,14,43,0,41,14,10,0,-54,13,-1,14,-101,13,9,0,-81,13,35,0,-17,13,45,0,0,0,0,0,-68,14,5,0,27,0,-59,14,105,0,109,14,-102,0,38,14,-96,0,11,14,-122,0,26,14,93,0,79,14,67,0,-99,14,58,0,-17,14,73,0,67,0,109,0,-102,0,-84,0,-58,0,-43,0]"
CSI_DATA,5063,d8:b1:90:d9:de:f0,-43,9,-99,-34,44,104,368083471,98,0,106,0,"[76,0,55,14,-118,0,-10,13,-118,0,-37,13,103,0,-25,13,80,0,26,14,66,0,88,14,73,0,-63,14,102,0,38,0,-88,0,-108,0,-32,0,-33,0,5,0,-10,0,12,0,-32,0,-32,0,-87,0,0,0,0,0,50,0,50,0,-57,14,36,0,75,14,40,0,0,14,62,0,-25,13,84,0,7,14,84,0,69,14,63,0,-116,14,30,0,-60,14,-28,14,-20,14,-99,14,-1,14,64,14,-16,14,-7,13,-54,14]"
CSI_DATA,5064,d8:b1:90:d9:de:f0,-43,9,-99,-36,44,104,368292104,101,0,106,0,"[57,15,-53,15,-24,14,-86,15,-59,14,-80,15,-35,14,-59,15,18,15,-43,15,94,15,-38,15,-69,15,-51,15,43,0,-87,15,-109,0,108,15,-36,0,46,15,-8,0,-1,14,-33,0,-13,14,-92,0,40,15,0,0,0,0,37,0,-52,15,4,0,64,0,-3,15,-75,0,9,0,9,1,27,0,40,1,36,0,3,1,31,0,-68,0,7,0,113,0,-29,15,38,0,-95,15,-25,15,84,15,-77,15,10,15,-87,15,-16,14]"
CSI_DATA,5065,d8:b1:90:d9:de:f0,-43,9,-99,-39,45,104,368292208,140,0,106,0,"[-59,0,-48,14,22,0,-68,14,48,0,-91,14,16,0,-102,14,-33,0,-95,14,-102,0,-57,14,77,0,0,0,6,0,91,0,-46,14,-48,0,-72,14,39,0,-59,14,96,0,-30,14,87,0,-4,14,21,0,0,0,0,0,7,0,58,0,-31,14,-53,14,-92,14,100,14,92,14,42,14,60,14,32,14,68,14,65,14,107,14,117,14,-73,14,-78,14,0,14,-43,14,86,0,-31,14,-68,0,-43,14,-7,0,-76,14,-7,0]"
CSI_DATA,5066,d8:b1:90:d9:de:f0,-43,9,-99,-35,44,104,368292361,160,0,106,0,"[-97,0,119,14,-31,0,76,14,-14,0,46,14,-39,0,49,14,-81,0,82,14,-123,0,-105,14,91,0,-24,14,68,0,80,0,64,0,-49,0,75,0,44,0,102,0,86,0,117,0,65,0,105,0,0,0,0,0,0,0,25,0,63,0,-65,14,-10,14,86,14,-68,14,6,14,-94,14,-19,13,-88,14,0,14,-74,14,64,14,-50,14,-113,14,-41,14,-29,14,-49,14,47,0,-83,14,115,0,108,14,-98,0,49,14,-120,0]"
CSI_DATA,5067,d8:b1:90:d9:de:f0,-43,9,-99,-37,45,104,368292540,182,0,106,0,"[-51,0,-56,13,22,0,-66,13,44,0,-85,13,19,0,-95,13,-27,0,-86,13,-88,0,-48,13,89,0,7,0,30,0,92,0,-9,13,-40,0,-27,13,46,0,-13,13,95,0,13,0,82,0,27,0,20,0,0,0,0,0,8,0,65,0,-55,13,-26,13,111,13,-106,13,44,13,86,13,8,13,87,13,24,13,110,13,78,13,-91,13,-91,13,-64,13,-16,13,-57,13,59,0,-73,13,-99,0,-110,13,-60,0,72,13,-77,0]"
CSI_DATA,5068,d8:b1:90:d9:de:f0,-43,9,-99,-35,44,104,368292727,98,0,106,0,"[67,14,80,0,-9,13,100,0,-34,13,-119,0,-4,13,-115,0,43,14,115,0,102,14,79,0,-93,14,8,0,-51,14,-89,14,-29,14,37,14,-33,14,-48,13,-53,14,-90,13,-82,14,-72,13,-89,14,-4,13,0,0,0,0,-16,14,-67,14,62,0,13,0,-90,0,67,0,-11,0,90,0,19,0,80,0,2,0,57,0,-60,0,35,0,111,0,34,0,38,0,46,0,-40,14,88,0,-103,14,-94,0,-115,14,-27,0,-83,14]"
CSI_DATA,5069,d8:b1:90:d9:de:f0,-41,11,-99,-37,43,104,368504063,100,0,114,0,"[17,26,17,31,18,33,16,35,15,34,13,35,11,33,12,32,11,31,11,30,11,28,10,28,12,28,12,28,13,30,15,31,16,32,16,33,18,34,18,32,19,34,19,34,19,33,19,32,18,32,19,32,18,31,19,30,0,0,18,28,19,27,19,28,20,28,20,30,20,28,21,28,20,27,20,26,20,24,20,24,19,23,19,20,19,19,18,18,19,18,19,17,19,17,20,17,20,16,21,17,21,17,21,18,23,18,21,19,21,19,19,18,17,18]"
CSI_DATA,5070,d8:b1:90:d9:de:f0,-43,9,-99,-35,44,104,368709883,108,0,106,0,"[-57,14,-56,0,-104,14,13,0,-115,14,39,0,-105,14,20,0,-95,14,-33,0,-83,14,-102,0,-77,14,52,0,-88,14,-60,14,-104,14,71,14,120,14,-26,13,101,14,-68,13,102,14,-45,13,-123,14,11,14,0,0,0,0,-20,14,-66,14,63,0,15,0,-95,0,86,0,-31,0,-121,0,-3,0,-111,0,-27,0,-123,0,-84,0,98,0,92,0,74,0,9,0,61,0,-79,14,63,0,81,14,72,0,25,14,109,0,18,14]"
CSI_DATA,5071,d8:b1:90:d9:de:f0,-42,9,-99,-37,44,104,368709992,98,0,106,0,"[102,15,122,15,51,15,62,15,8,15,62,15,14,15,93,15,53,15,-129,15,110,15,-93,15,-68,15,-91,15,30,0,-118,15,-131,0,82,15,-68,0,19,15,-62,0,-30,14,-95,0,-40,14,112,0,8,15,0,0,0,0,37,0,-75,15,69,0,37,0,122,0,129,0,-81,0,-79,0,-43,0,-74,0,-49,0,-103,0,-96,0,111,0,102,0,82,0,28,0,74,0,-53,15,96,0,-122,15,-112,0,122,15,-47,0,-106,15]"
CSI_DATA,5072,d8:b1:90:d9:de:f0,-43,9,-99,-35,44,104,368710133,252,0,106,0,"[28,0,-45,0,12,0,37,0,14,0,61,0,20,0,42,0,15,0,-11,0,-8,14,-77,0,-41,14,84,0,-102,14,-13,14,73,14,-104,14,-1,13,78,14,-40,13,57,14,-39,13,80,14,13,14,121,14,0,0,0,0,-53,14,-42,14,58,0,-24,14,-74,0,-17,14,1,0,-30,14,30,0,-44,14,1,0,-42,14,-61,0,-25,14,122,0,2,0,48,0,40,0,-16,14,97,0,-75,14,-85,0,-92,14,-10,0,-64,14]"
CSI_DATA,5073,d8:b1:90:d9:de:f0,-42,9,-99,-38,44,104,368761482,130,0,106,0,"[80,15,105,0,-5,14,126,0,-31,14,-131,0,-11,14,-132,0,36,15,104,0,94,15,62,0,-102,15,-10,15,-29,15,-113,15,31,0,44,15,76,0,-58,14,83,0,-101,14,67,0,-83,14,47,0,-14,14,0,0,0,0,15,0,-73,15,42,0,48,0,90,0,-99,0,129,0,-23,0,-127,0,-6,0,133,0,-31,0,97,0,-87,0,48,0,124,0,-23,15,63,0,-105,15,19,0,72,15,-7,15,-7,14,-2,15,-22,14]"
CSI_DATA,5074,d8:b1:90:d9:de:f0,-43,9,-99,-35,44,104,368918773,124,0,106,0,"[47,14,-16,14,-28,13,-27,14,-61,13,-4,14,-40,13,15,0,15,14,28,0,85,14,15,0,-89,14,-30,14,-17,14,-102,14,39,0,44,14,63,0,-46,13,43,0,-96,13,3,0,-84,13,-23,14,-19,13,0,0,0,0,-6,14,-68,14,59,0,25,0,-106,0,101,0,-28,0,-122,0,8,0,116,0,-5,0,89,0,-62,0,57,0,111,0,45,0,31,0,54,0,-36,14,92,0,-98,14,-90,0,-111,14,-21,0,-70,14]"
CSI_DATA,5075,d8:b1:90:d9:de:f0,-42,11,-99,-35,43,104,369336098,277,0,106,0,"[-137,0,105,16,-68,0,51,16,-54,0,20,16,-77,0,33,16,-113,0,76,16,123,0,-135,16,97,0,-39,16,87,0,78,0,90,0,-67,0,112,0,31,1,-139,0,77,1,-119,0,55,1,-139,0,-18,0,0,0,0,0,31,0,70,0,-75,16,-7,16,100,16,-62,16,15,16,-85,16,-20,15,-81,16,5,16,-64,16,70,16,-42,16,-119,16,-41,16,-38,16,-57,16,50,0,-98,16,128,0,119,16,-115,0,55,16,136,0]"
CSI_DATA,5076,d8:b1:90:d9:de:f0,-43,9,-99,-35,44,104,369336552,214,0,106,0,"[-53,0,-47,14,29,0,-63,14,52,0,-88,14,23,0,-97,14,-29,0,-84,14,-93,0,-54,14,92,0,6,0,38,0,97,0,-4,14,-46,0,-14,14,45,0,1,0,97,0,30,0,86,0,49,0,15,0,0,0,0,0,8,0,68,0,-59,14,-26,14,105,14,-96,14,30,14,116,14,-11,13,123,14,10,14,-94,14,72,14,-68,14,-105,14,-50,14,-27,14,-56,14,50,0,-84,14,-124,0,111,14,-100,0,45,14,119,0]"
CSI_DATA,5077,d8:b1:90:d9:de:f0,-42,9,-99,-39,44,104,369336715,214,0,106,0,"[105,0,-85,0,136,0,-3,0,-105,0,16,1,-101,0,-18,0,-124,0,-70,0,105,0,-131,0,20,0,100,0,-91,16,68,0,63,16,63,0,-37,15,83,0,-85,15,118,0,-57,15,-129,0,23,16,-138,0,0,0,0,0,-64,16,39,0,1,0,-69,16,39,0,92,16,41,0,5,16,20,0,-32,15,1,0,0,16,-7,16,69,16,2,0,-127,16,43,0,-49,16,107,0,13,0,-85,0,56,0,-9,0,55,0,15,1]"
CSI_DATA,5078,d8:b1:90:d9:de:f0,-43,9,-99,-35,44,104,369336887,214,0,106,0,"[-11,14,46,14,-9,14,-34,13,-33,14,-57,13,-47,14,-35,13,-53,14,19,14,-34,14,85,14,17,0,-96,14,100,0,-25,14,-45,0,19,0,48,0,30,0,99,0,12,0,84,0,-25,14,13,0,-44,14,0,0,0,0,67,0,-11,14,-18,14,61,0,-85,14,-98,0,-108,14,-18,0,-102,14,16,0,-68,14,-3,0,-45,14,-64,0,-34,14,113,0,-50,14,34,0,-93,14,-34,14,90,14,-89,14,18,14,-102,14,-14,13]"
CSI_DATA,5079,d8:b1:90:d9:de:f0,-43,9,-99,-37,44,104,369337050,214,0,106,0,"[-55,0,-64,15,24,1,-71,15,47,1,-95,15,21,1,-107,15,-33,0,-97,15,-90,0,-59,15,115,0,3,0,72,0,98,0,49,0,-50,0,56,0,43,1,84,0,85,1,113,0,65,1,106,0,-5,0,0,0,0,0,23,0,81,0,-77,15,20,0,84,15,-16,15,4,15,-21,15,-26,14,-5,15,-1,14,12,0,61,15,10,0,130,15,-6,15,-64,15,-46,15,-16,15,-110,15,13,0,73,15,3,0,4,15,-45,15]"
CSI_DATA,5080,d8:b1:90:d9:de:f0,-43,9,-99,-39,45,104,369337186,214,0,106,0,"[-121,0,-90,0,-73,0,-30,0,-34,0,-24,0,-28,0,-66,0,-55,0,-108,0,-116,0,102,0,48,0,80,0,-57,14,90,0,87,14,-116,0,13,14,-59,0,-3,13,-6,0,34,14,9,0,95,14,-25,0,0,0,0,0,-36,14,59,0,-34,14,-57,14,-68,14,85,14,-116,14,17,14,97,14,8,14,95,14,43,14,123,14,102,14,-76,14,-93,14,-2,14,-59,14,77,0,-58,14,-90,0,-84,14,-40,0,108,14,-58,0]"
CSI_DATA,5081,d8:b1:90:d9:de:f0,-42,9,-99,-35,43,104,369337385,214,0,106,0,"[71,16,-67,16,2,16,-125,16,-31,15,-133,16,-15,15,-121,16,46,16,-102,16,117,16,-92,16,-58,16,-85,16,65,0,-92,16,-79,0,-116,16,25,1,135,16,62,1,112,16,42,1,111,16,-21,0,-135,16,0,0,0,0,69,0,-28,16,-14,16,73,0,-81,16,-103,0,-121,16,-27,0,-131,16,-1,0,-121,16,-25,0,-91,16,-90,0,-75,16,111,0,-65,16,16,0,-75,16,-81,16,-98,16,104,16,-135,16,40,16,100,16]"
CSI_DATA,5082,d8:b1:90:d9:de:f0,-43,9,-99,-36,44,104,369337530,214,0,106,0,"[-80,0,99,0,-27,0,-99,0,8,1,-87,0,-16,0,-103,0,-58,0,-126,0,-128,0,101,0,41,0,84,0,-70,15,76,0,69,15,82,0,-25,14,92,0,-72,14,112,0,-59,14,125,0,6,15,105,0,0,0,0,0,-68,15,16,0,18,0,-66,15,88,0,105,15,-128,0,33,15,-117,0,2,15,121,0,28,15,90,0,89,15,71,0,-95,15,57,0,-12,15,63,0,72,0,85,0,-96,0,-128,0,-44,0,-93,0]"
CSI_DATA,5083,d8:b1:90:d9:de:f0,-45,11,-99,-36,46,104,369503986,100,0,228,0,"[5,-6,5,-9,5,-13,5,-15,6,-18,7,-19,7,-19,98,58,7,-17,7,-16,6,-15,5,-12,3,-11,1,-8,0,-7,-3,-5,-7,-3,-10,-2,-13,-2,-16,-1,-19,-1,27,-46,-23,-2,-22,-3,-21,-3,-19,-4,-17,-4,-14,-3,0,0,-7,-1,-4,0,-2,2,0,4,3,7,4,10,33,0,6,15,6,16,6,18,5,17,4,15,3,15,3,12,3,10,3,7,3,4,4,3,5,0,7,-2,84,0,11,-6,13,-7,15,-7,16,-7,16,-5,16,-3,14,-1,16,0,15,-11,4,-20,-10,-19,-19,-6,-16,7,-6,15,13,-7,9,2,4,-5,-3,-5,-7,0,-3,8,6,10,14,2,13,-10,2,-19,-11,-17,-21,-3,-18,12,-3,19,-11,13,15,3,9,-7,0,-9,-6,-2,-3,6,4,7,0,0,9,-10,0,-16,-13,-12,-20,0,-15,15,0,21,19,30,19,2,13,-9,2,-12,-4,-7,-5,-1,-1,1,1,0,0,-4,-5,-4,-9,0,-8,7,0,12,9,11,24,-1,13,-8,3,-15,-7,-12,-11,-3,-8,4,-1,7,3,3]"
CSI_DATA,5084,d8:b1:90:d9:de:f0,-43,11,-99,-39,45,104,369753896,277,0,106,0,"[-55,0,3,0,23,0,23,0,53,0,23,0,30,0,15,0,-21,0,10,0,-87,0,22,0,71,0,48,0,-26,14,93,0,121,14,-96,0,50,14,-34,0,22,14,5,0,46,14,9,0,98,14,-35,0,0,0,0,0,-42,14,51,0,-1,14,-60,14,11,0,80,14,10,0,0,14,0,0,-31,13,-7,14,0,13,-3,14,65,14,13,0,-111,14,40,0,-36,14,86,0,33,0,-101,0,94,0,-36,0,-121,0,-5,0]"
CSI_DATA,5085,d8:b1:90:d9:de:f0,-42,9,-99,-36,44,104,369754350,224,0,106,0,"[-85,0,112,0,-18,0,-94,0,16,1,-92,0,6,1,-121,0,-42,0,104,0,-110,0,81,0,52,0,67,0,-65,15,76,0,71,15,110,0,-16,14,-104,0,-42,14,-63,0,-14,14,-52,0,48,15,-82,0,0,0,0,0,-48,15,40,0,10,0,-67,15,35,0,75,15,33,0,-7,14,23,0,-35,14,8,0,-4,14,-1,15,60,15,9,0,-117,15,36,0,-36,15,88,0,39,0,-97,0,100,0,-26,0,121,0,8,1]"
CSI_DATA,5086,d8:b1:90:d9:de:f0,-42,9,-99,-37,44,104,369754486,130,0,106,0,"[16,0,-46,0,-4,15,31,1,1,0,65,1,7,0,41,1,6,0,-11,0,-9,15,-81,0,-49,15,99,0,-120,15,10,0,54,15,-75,15,-27,14,127,15,-74,14,113,15,-69,14,-125,15,-8,14,-87,15,0,0,0,0,-77,15,-34,15,48,0,-57,15,-106,0,-94,15,-31,0,128,15,-10,0,101,15,-39,0,110,15,-90,0,-117,15,122,0,-56,15,73,0,11,0,47,0,97,0,41,0,-76,0,66,0,-7,0,108,0]"
CSI_DATA,5087,d8:b1:90:d9:de:f0,-43,9,-99,-35,44,104,369754621,113,0,106,0,"[43,14,10,0,-34,13,2,0,-62,13,19,0,-37,13,33,0,16,14,35,0,80,14,12,0,-90,14,-30,14,-9,14,-104,14,59,0,48,14,98,0,-35,13,100,0,-85,13,68,0,-77,13,37,0,-16,13,0,0,0,0,14,0,-69,14,50,0,42,0,102,0,-107,0,-88,0,-49,0,-58,0,-38,0,-67,0,-68,0,-110,0,-114,0,74,0,91,0,1,0,62,0,-78,14,56,0,80,14,71,0,21,14,116,0,31,14]"
CSI_DATA,5088,d8:b1:90:d9:de:f0,-43,9,-99,-36,44,104,369963276,124,0,106,0,"[5,0,-55,0,-6,15,30,1,10,0,65,1,19,0,39,1,23,0,-20,0,6,0,-93,0,-35,15,78,0,-97,15,-18,15,74,15,-108,15,1,15,84,15,-50,14,75,15,-54,14,98,15,4,15,-113,15,0,0,0,0,-57,15,-25,15,64,0,-18,15,-81,0,-32,15,2,1,-58,15,29,1,-82,15,-4,0,-80,15,-70,0,-62,15,112,0,-25,15,43,0,23,0,-13,15,96,0,-48,15,-73,0,-54,15,-1,0,-16,15]"
CSI_DATA,5089,d8:b1:90:d9:de:f0,-43,9,-99,-38,45,104,369963424,98,0,106,0,"[55,14,28,0,-24,13,22,0,-53,13,41,0,-27,13,43,0,18,14,41,0,83,14,23,0,-83,14,-20,14,0,14,-92,14,69,0,61,14,119,0,-21,13,-119,0,-69,13,93,0,-63,13,54,0,-9,13,0,0,0,0,14,0,-57,14,29,0,49,0,58,0,-87,0,101,0,-19,0,-111,0,-2,0,-113,0,-33,0,96,0,-86,0,48,0,101,0,-15,14,51,0,-88,14,17,0,67,14,1,0,1,14,29,0,-13,13]"
CSI_DATA,5090,d8:b1:90:d9:de:f0,-42,9,-99,-39,44,104,370004377,108,0,106,0,"[67,0,-58,0,79,0,25,1,110,0,47,1,118,0,22,1,102,0,-35,0,66,0,-90,0,-7,16,125,0,-109,16,81,0,47,16,56,0,-54,15,61,0,-91,15,83,0,-74,15,106,0,6,16,103,0,0,0,0,0,-93,16,20,0,-17,16,-79,16,22,0,86,16,30,0,0,16,17,0,-29,15,0,0,-2,15,-4,16,65,16,10,0,134,16,51,0,-67,16,118,0,-11,16,-78,0,21,0,-1,0,15,0,13,1]"
CSI_DATA,5091,d8:b1:90:d9:de:f0,-42,9,-99,-39,44,104,370042992,113,0,106,0,"[-64,0,-49,16,23,1,-41,16,56,1,-51,16,32,1,-51,16,-22,0,-42,16,-95,0,-10,16,98,0,39,0,1,0,119,0,-90,16,-71,0,121,16,11,1,99,16,62,1,123,16,52,1,-113,16,-8,0,0,0,0,0,-37,16,66,0,-34,16,-64,16,-47,16,93,16,-70,16,7,16,-83,16,-19,15,-81,16,10,16,-58,16,76,16,-18,16,-129,16,37,0,-55,16,107,0,5,0,-85,0,52,0,-10,0,61,0,16,1]"
CSI_DATA,5092,d8:b1:90:d9:de:f0,-42,9,-99,-37,44,104,370381091,101,0,106,0,"[-44,0,-16,15,34,1,-10,15,68,1,-37,15,39,1,-56,15,-19,0,-58,15,-84,0,-36,15,108,0,22,0,51,0,103,0,15,0,-43,0,11,0,53,1,38,0,103,1,78,0,87,1,85,0,7,1,0,0,0,0,24,0,80,0,-73,15,3,0,88,15,-36,15,0,15,-45,15,-39,14,-25,15,-10,14,-1,15,60,15,8,0,-130,15,-5,15,-59,15,-43,15,-9,15,-109,15,19,0,71,15,2,0,-3,14,-48,15]"
CSI_DATA,5093,d8:b1:90:d9:de:f0,-43,9,-99,-35,44,104,370381250,219,0,106,0,"[-77,14,-63,0,115,14,0,0,104,14,27,0,119,14,8,0,-114,14,-42,0,-93,14,-107,0,-79,14,44,0,-78,14,-68,14,-91,14,60,14,-112,14,-35,13,117,14,-70,13,111,14,-54,13,-112,14,4,14,0,0,0,0,-19,14,-65,14,63,0,16,0,-99,0,90,0,-31,0,-118,0,-5,0,-110,0,-27,0,-123,0,-84,0,99,0,91,0,77,0,11,0,65,0,-78,14,63,0,82,14,77,0,24,14,115,0,27,14]"
CSI_DATA,5094,d8:b1:90:d9:de:f0,-43,9,-99,-38,45,104,370381386,239,0,106,0,"[52,14,15,0,-23,13,0,0,-52,13,0,0,-27,13,0,14,18,14,0,0,85,14,-15,14,-77,14,-45,14,16,0,-99,14,109,0,79,14,-66,0,22,14,-39,0,-19,13,-59,0,-18,13,-102,0,30,14,0,0,0,0,43,0,-50,14,17,0,57,0,5,0,-79,0,11,0,-3,0,18,0,26,0,22,0,-3,0,10,0,-59,0,-11,14,110,0,-41,14,39,0,-90,14,-23,14,88,14,-81,14,29,14,-101,14,0,14]"
CSI_DATA,5095,d8:b1:90:d9:de:f0,-43,9,-99,-40,45,104,370381593,98,0,106,0,"[54,15,-33,15,-21,14,-63,15,-51,14,-64,15,-26,14,-50,15,20,15,-41,15,94,15,-46,15,-73,15,-62,15,32,0,-103,15,-115,0,100,15,-40,0,46,15,-13,0,4,15,-34,0,2,15,-87,0,44,15,0,0,0,0,52,0,-48,15,14,0,67,0,-2,15,-82,0,0,0,1,1,11,0,28,1,17,0,2,1,11,0,-62,0,-11,15,120,0,-43,15,44,0,-95,15,-23,15,91,15,-80,15,25,15,-103,15,-5,14]"
CSI_DATA,5096,d8:b1:90:d9:de:f0,-42,9,-99,-38,44,104,370381752,216,0,106,0,"[-60,0,49,0,20,1,86,0,55,1,85,0,33,1,70,0,-23,0,59,0,-98,0,54,0,75,0,69,0,-38,15,108,0,115,15,-100,0,33,15,-38,0,4,15,-1,0,31,15,1,1,88,15,-45,0,0,0,0,0,-50,15,58,0,-18,15,-68,15,-12,15,84,15,-21,15,-6,14,-28,15,-34,14,-33,15,-3,14,-25,15,65,15,-3,15,-131,15,39,0,-51,15,106,0,15,0,-83,0,67,0,-9,0,79,0,18,1]"
CSI_DATA,5097,d8:b1:90:d9:de:f0,-43,9,-99,-35,44,104,370381932,220,0,106,0,"[-50,0,-45,14,25,0,-49,14,54,0,-63,14,27,0,-68,14,-20,0,-57,14,-84,0,-32,14,93,0,21,0,19,0,106,0,-43,14,-43,0,-79,14,44,0,-86,14,89,0,-56,14,77,0,-29,14,19,0,0,0,0,0,-11,14,68,0,-48,14,-41,14,-102,14,109,14,92,14,45,14,65,14,34,14,74,14,63,14,115,14,110,14,-73,14,-95,14,-1,14,-61,14,85,0,-49,14,-75,0,-58,14,-15,0,-95,14,-17,0]"
CSI_DATA,5098,d8:b1:90:d9:de:f0,-43,9,-99,-35,44,104,370382113,255,0,106,0,"[-53,14,61,14,-51,14,-28,13,-53,14,-53,13,-45,14,-30,13,-28,14,17,14,0,14,92,14,34,0,-69,14,83,0,43,0,-115,0,-91,0,-73,0,0,0,-49,0,34,0,-58,0,21,0,-97,0,-31,0,0,0,0,0,28,0,47,0,-49,14,-35,14,117,14,-117,14,55,14,80,14,38,14,62,14,65,14,77,14,114,14,115,14,-66,14,-88,14,10,0,-46,14,92,0,-7,14,-66,0,26,0,1,0,32,0,23,0]"
CSI_DATA,5099,d8:b1:90:d9:de:f0,-43,9,-99,-35,44,104,370382315,275,0,106,0,"[-58,14,-54,0,-90,14,18,0,-82,14,49,0,-54,14,34,0,-38,14,-13,0,-38,14,-83,0,-55,14,77,0,-103,14,-20,14,72,14,-110,14,-3,13,80,14,-53,13,74,14,-49,13,107,14,0,13,-96,14,0,0,0,0,-62,14,-27,14,48,0,-39,14,-94,0,-76,14,-27,0,-124,14,-13,0,94,14,-47,0,98,14,-100,0,-115,14,100,0,-64,14,65,0,4,0,48,0,86,0,54,0,-73,0,94,0,-12,0,-108,0]"
CSI_DATA,5100,d8:b1:90:d9:de:f0,-41,11,-99,-37,43,104,370503935,100,0,114,0,"[2,-31,3,-33,4,-34,5,-35,6,-38,6,-35,8,-35,6,-33,5,-33,5,-31,5,-30,4,-31,3,-32,3,-32,3,-34,1,-35,0,-35,0,-38,-1,-38,-2,-39,-2,-38,-4,-40,-3,-39,-5,-38,-4,-36,-5,-35,-5,-34,-5,-34,0,0,-8,-32,-9,-33,-9,-32,-10,-34,-11,-34,-12,-33,-12,-33,-12,-33,-13,-32,-13,-30,-15,-28,-15,-27,-15,-25,-15,-24,-16,-23,-15,-20,-16,-19,-16,-18,-17,-19,-17,-19,-18,-19,-19,-20,-20,-21,-20,-20,-19,-20,-18,-20,-18,-20,-15,-19]"
CSI_DATA,5101,d8:b1:90:d9:de:f0,-43,9,-99,-35,44,104,370589936,130,0,106,0,"[20,0,49,14,30,0,-28,13,13,0,-59,13,-13,14,-40,13,-19,14,14,14,-13,14,79,14,30,0,-90,14,103,0,-11,14,-47,0,47,0,41,0,76,0,92,0,63,0,81,0,26,0,19,0,-3,14,0,0,0,0,69,0,0,0,-29,14,60,0,-110,14,-113,0,102,14,-38,0,110,14,0,0,-104,14,-18,0,-70,14,-71,0,-53,14,105,0,-54,14,27,0,-83,14,-49,14,114,14,-118,14,41,14,104,14,6,14]"
CSI_DATA,5102,d8:b1:90:d9:de:f0,-42,9,-99,-35,43,104,370635472,120,0,106,0,"[65,16,99,0,-19,15,107,0,-43,15,129,0,-13,15,133,0,34,16,114,0,99,16,68,0,-127,16,-1,16,-81,16,-109,16,-50,16,49,16,-49,16,-50,15,-67,16,-100,15,-93,16,-81,15,-95,16,-1,15,0,0,0,0,-16,16,-101,16,80,0,-7,16,-92,0,47,0,-8,0,69,0,26,1,61,0,1,1,41,0,-65,0,31,0,135,0,38,0,56,0,61,0,-10,16,117,0,-69,16,-87,0,-82,16,-14,0,-42,16]"
CSI_DATA,5103,d8:b1:90:d9:de:f0,-42,9,-99,-37,44,104,370638916,98,0,106,0,"[-131,0,-87,0,-107,0,-16,0,-83,0,7,1,-90,0,-16,0,-121,0,-54,0,87,0,-107,0,10,0,117,0,-94,15,83,0,50,15,68,0,-44,14,71,0,-92,14,82,0,-73,14,95,0,-1,14,83,0,0,0,0,0,-85,15,14,0,-6,15,-77,15,51,0,91,15,83,0,14,15,89,0,-14,14,76,0,7,15,59,0,67,15,54,0,-124,15,65,0,-42,15,107,0,33,0,-98,0,98,0,-41,0,-131,0,-4,0]"
CSI_DATA,5104,d8:b1:90:d9:de:f0,-42,11,-99,-38,44,104,370798390,277,0,106,0,"[129,15,112,15,96,15,34,15,67,15,10,15,80,15,29,15,117,15,70,15,-98,15,119,15,-15,15,-109,15,91,0,-78,15,-55,0,-58,15,43,1,-58,15,93,1,-64,15,78,1,-81,15,6,1,-72,15,0,0,0,0,84,0,-7,15,-8,15,76,0,-78,15,-106,0,-120,15,-31,0,-130,15,1,1,-114,15,-21,0,-85,15,-83,0,-73,15,113,0,-64,15,29,0,-87,15,-62,15,-127,15,130,15,91,15,81,15,51,15]"
CSI_DATA,5105,d8:b1:90:d9:de:f0,-43,9,-99,-36,44,104,370798870,98,0,106,0,"[46,0,60,15,64,0,-21,14,49,0,-58,14,25,0,-36,14,3,0,14,15,6,0,93,15,34,0,-80,15,100,0,22,0,-68,0,100,0,17,1,-106,0,75,1,-111,0,73,1,107,0,14,1,61,0,0,0,0,0,64,0,5,0,-57,15,40,0,99,15,93,0,37,15,-102,0,30,15,-61,0,72,15,-69,0,126,15,-113,0,-84,15,81,0,-50,15,4,0,-48,15,-85,15,-74,15,85,15,-128,15,31,15,77,15]"
CSI_DATA,5106,d8:b1:90:d9:de:f0,-42,9,-99,-38,44,104,370798975,98,0,106,0,"[84,0,-72,0,100,0,6,1,130,0,30,1,132,0,3,1,117,0,-48,0,73,0,-104,0,8,0,109,0,-98,15,68,0,51,15,42,0,-42,14,45,0,-87,14,73,0,-67,14,94,0,3,15,87,0,0,0,0,0,-80,15,15,0,-4,15,-75,15,47,0,95,15,66,0,10,15,58,0,-21,14,41,0,4,15,26,0,66,15,32,0,-128,15,54,0,-47,15,101,0,21,0,-97,0,78,0,-28,0,92,0,5,1]"
CSI_DATA,5107,d8:b1:90:d9:de:f0,-43,9,-99,-35,44,104,371007733,119,0,106,0,"[-34,14,-50,0,-61,14,23,0,-52,14,58,0,-35,14,37,0,-25,14,-15,0,-31,14,-84,0,-52,14,77,0,-101,14,-20,14,74,14,-108,14,0,14,75,14,-44,13,62,14,-45,13,86,14,5,14,-116,14,0,0,0,0,-60,14,-32,14,55,0,-34,14,-84,0,-58,14,-9,0,-93,14,13,0,-121,14,-18,0,-116,14,-80,0,-91,14,110,0,-44,14,56,0,15,0,25,0,92,0,13,0,-68,0,30,0,0,0,72,0]"
CSI_DATA,5108,d8:b1:90:d9:de:f0,-42,9,-99,-37,44,104,371007873,139,0,106,0,"[130,0,-91,0,-107,0,-16,0,-85,0,4,1,-88,0,-18,0,-116,0,-63,0,92,0,-106,0,14,0,117,0,-91,15,87,0,50,15,72,0,-43,14,75,0,-82,14,99,0,-63,14,113,0,2,15,96,0,0,0,0,0,-83,15,12,0,-13,15,-77,15,43,0,90,15,66,0,12,15,71,0,-16,14,58,0,1,15,47,0,65,15,52,0,-120,15,66,0,-45,15,109,0,28,0,-95,0,92,0,-32,0,121,0,1,1]"
CSI_DATA,5109,d8:b1:90:d9:de:f0,-42,9,-99,-39,44,104,371008026,119,0,106,0,"[-79,0,124,0,-20,0,-95,0,8,1,-85,0,-15,0,-107,0,-51,0,-137,0,-124,0,113,0,66,0,107,0,-50,16,125,0,110,16,-119,0,21,16,-74,0,-15,15,-31,0,5,16,-20,0,75,16,-64,0,0,0,0,0,-77,16,54,0,-45,16,-66,16,-40,16,94,16,-56,16,3,16,-77,16,-25,15,-77,16,6,16,-57,16,70,16,-21,16,-138,16,34,0,-74,16,107,0,-33,16,-75,0,-8,16,-7,0,-22,16,9,1]"
CSI_DATA,5110,d8:b1:90:d9:de:f0,-42,9,-99,-37,44,104,371008157,139,0,106,0,"[112,15,104,15,76,15,32,15,44,15,19,15,51,15,47,15,89,15,87,15,-122,15,127,15,-34,15,-113,15,72,0,-106,15,-73,0,-116,15,16,1,120,15,46,1,85,15,27,1,74,15,-37,0,104,15,0,0,0,0,78,0,-37,15,32,0,71,0,14,0,-86,0,22,0,-4,0,30,0,22,1,38,0,-1,0,29,0,-63,0,3,0,-130,0,-41,15,66,0,-108,15,19,0,72,15,-10,15,3,15,-1,15,-14,14]"
CSI_DATA,5111,d8:b1:90:d9:de:f0,-43,9,-99,-35,44,104,371008292,133,0,106,0,"[-90,0,121,14,-26,0,77,14,-15,0,45,14,-45,0,42,14,-92,0,71,14,116,0,-117,14,88,0,-35,14,79,0,70,0,100,0,-65,0,-104,0,22,0,-67,0,49,0,-48,0,13,0,-68,0,-50,0,0,0,0,0,48,0,46,0,-61,14,12,0,76,14,8,0,-3,13,25,0,-25,13,51,0,0,14,65,0,64,14,58,0,-115,14,31,0,-58,14,-26,14,-20,14,-102,14,-9,14,63,14,-31,14,-3,13,-77,14]"
CSI_DATA,5112,d8:b1:90:d9:de:f0,-43,9,-99,-37,45,104,371008409,113,0,106,0,"[54,13,61,0,-21,12,79,0,-38,12,106,0,-11,12,-114,0,40,13,112,0,92,13,74,0,-88,13,8,0,-53,13,-83,13,-39,13,43,13,-55,13,-44,12,-89,13,-82,12,113,13,-58,12,116,13,10,13,0,0,0,0,-33,13,-54,13,61,0,0,0,-74,0,32,0,3,0,31,0,33,0,7,0,7,0,-13,13,-53,0,-17,13,113,0,-2,13,49,0,36,0,1,0,97,0,-25,13,-59,0,-15,13,5,0,33,0]"
CSI_DATA,5113,d8:b1:90:d9:de:f0,-43,9,-99,-35,44,104,371008526,133,0,106,0,"[-68,0,-88,14,4,0,-120,14,20,0,90,14,-9,0,81,14,-65,0,101,14,-118,0,-104,14,92,0,-26,14,69,0,76,0,77,0,-59,0,112,0,27,0,-94,0,60,0,-61,0,34,0,-76,0,-38,0,0,0,0,0,46,0,52,0,-62,14,17,0,74,14,11,0,-4,13,31,0,-31,13,65,0,3,14,80,0,68,14,68,0,-112,14,35,0,-57,14,-17,14,-25,14,-95,14,-19,14,68,14,-53,14,3,14,-107,14]"
CSI_DATA,5114,d8:b1:90:d9:de:f0,-43,9,-99,-37,45,104,371008634,113,0,106,0,"[-55,0,-74,13,20,0,-77,13,50,0,-86,13,29,0,-80,13,-20,0,-55,13,-77,0,-22,13,84,0,28,0,5,0,97,0,-76,13,-51,0,98,13,16,0,77,13,51,0,86,13,43,0,116,13,-11,0,0,0,0,0,-40,13,51,0,-22,13,-58,13,-15,13,69,13,-19,13,-4,12,-22,13,-31,12,-16,13,-8,12,-8,13,51,13,14,0,-112,13,42,0,-40,13,86,0,32,0,-90,0,95,0,-36,0,-101,0,-9,0]"
CSI_DATA,5115,d8:b1:90:d9:de:f0,-43,9,-99,-36,44,104,371216659,130,0,106,0,"[17,0,53,15,35,0,-29,14,30,0,-60,14,8,0,-38,14,-2,15,16,15,13,0,91,15,39,0,-77,15,96,0,27,0,-83,0,124,0,-11,0,-69,0,36,1,-59,0,40,1,-86,0,-14,0,125,0,0,0,0,0,49,0,25,0,-67,15,15,0,78,15,27,0,-1,14,56,0,-25,14,76,0,7,15,79,0,70,15,62,0,-112,15,27,0,-43,15,-23,15,13,0,-96,15,48,0,73,15,54,0,3,15,11,0]"
CSI_DATA,5116,d8:b1:90:d9:de:f0,-42,9,-99,-36,43,104,371228536,124,0,106,0,"[-51,16,-58,0,-85,16,24,1,-84,16,54,1,-62,16,37,1,-50,16,-25,0,-48,16,-99,0,-72,16,92,0,-124,16,-17,16,89,16,-126,16,6,16,88,16,-44,15,69,16,-42,15,99,16,22,16,-135,16,0,0,0,0,-72,16,-46,16,61,0,-49,16,-105,0,-75,16,-28,0,-114,16,-5,0,-141,16,-35,0,-140,16,-96,0,-105,16,126,0,-53,16,71,0,21,0,41,0,109,0,32,0,-83,0,59,0,-8,0,105,0]"
CSI_DATA,5117,d8:b1:90:d9:de:f0,-42,9,-99,-36,43,104,371253693,352,0,106,0,"[138,0,97,16,-88,0,33,16,-81,0,0,16,-116,0,5,16,132,0,50,16,105,0,121,16,95,0,-68,16,113,0,52,0,-125,0,-116,0,-51,0,-33,0,-3,0,-6,0,8,1,-41,0,-44,0,-113,0,0,0,0,0,65,0,51,0,-63,16,41,0,97,16,70,0,14,16,109,0,-4,15,140,0,34,16,139,0,103,16,109,0,-125,16,54,0,-75,16,-14,16,-50,16,-104,16,-54,16,87,16,-96,16,16,16,139,16]"
CSI_DATA,5118,d8:b1:90:d9:de:f0,-42,9,-99,-37,44,104,371425567,133,0,106,0,"[42,0,-51,0,52,0,31,1,88,0,56,1,109,0,22,1,106,0,-31,0,69,0,-97,0,4,0,111,0,-92,15,71,0,50,15,66,0,-41,14,88,0,-77,14,-130,0,-54,14,-99,0,21,15,-115,0,0,0,0,0,-67,15,42,0,-27,15,-68,15,-26,15,85,15,-50,15,2,15,-78,15,-24,14,-89,15,8,15,-80,15,77,15,-44,15,-124,15,13,0,-69,15,94,0,-51,15,-78,0,-58,15,-19,0,-98,15,-27,0]"
CSI_DATA,5119,d8:b1:90:d9:de:f0,-43,9,-99,-37,44,104,371425684,133,0,106,0,"[90,15,-109,15,27,15,96,15,-5,14,86,15,6,15,109,15,53,15,-121,15,128,15,-96,15,-41,15,-74,15,75,0,-65,15,-61,0,-78,15,37,1,-94,15,77,1,-124,15,58,1,126,15,-6,0,-115,15,0,0,0,0,55,0,-26,15,-25,15,66,0,-93,15,-109,0,-131,15,-29,0,126,15,2,1,-117,15,-21,0,-85,15,-81,0,-62,15,98,0,-49,15,14,0,-58,15,-77,15,-90,15,96,15,-129,15,37,15,87,15]"
CSI_DATA,5120,d8:b1:90:d9:de:f0,-43,9,-99,-38,45,104,371425818,113,0,106,0,"[100,0,78,14,-84,0,21,14,-73,0,-5,13,-92,0,6,14,114,0,48,14,94,0,110,14,73,0,-42,14,67,0,63,0,79,0,-63,0,103,0,33,0,-110,0,68,0,-98,0,45,0,-115,0,-17,0,0,0,0,0,32,0,55,0,-56,14,-16,14,89,14,-76,14,18,14,-103,14,-11,13,-98,14,10,14,-84,14,69,14,-63,14,-101,14,-50,14,-21,14,-53,14,55,0,-71,14,-105,0,-109,14,-56,0,81,14,-71,0]"
CSI_DATA,5121,d8:b1:90:d9:de:f0,-44,9,-99,-36,45,104,371425918,113,0,106,0,"[103,13,97,13,60,13,32,13,35,13,20,13,46,13,45,13,74,13,80,13,-98,13,-108,13,-26,13,-76,13,74,0,-50,13,-48,0,-39,13,38,0,-42,13,81,0,-60,13,68,0,-81,13,4,0,-78,13,0,0,0,0,58,0,-16,13,-26,13,51,0,-91,13,-105,0,98,13,-35,0,95,13,-3,0,-111,13,-24,0,-80,13,-76,0,-61,13,86,0,-49,13,15,0,-56,13,-65,13,-84,13,85,13,100,13,38,13,62,13]"
CSI_DATA,5122,d8:b1:90:d9:de:f0,-43,9,-99,-38,45,104,371426036,108,0,106,0,"[-89,0,118,0,-35,0,-65,0,-5,0,-54,0,-16,0,-81,0,-52,0,-115,0,-120,0,98,0,38,0,75,0,-66,14,67,0,59,14,77,0,-25,13,103,0,-65,13,-104,0,-42,13,-87,0,18,14,-108,0,0,0,0,0,-55,14,33,0,16,0,-60,14,57,0,89,14,75,0,10,14,72,0,-21,13,58,0,0,14,40,0,58,14,37,0,-105,14,46,0,-28,14,78,0,46,0,-113,0,117,0,-53,0,-90,0,-15,0]"
CSI_DATA,5123,d8:b1:90:d9:de:f0,-46,11,-99,-37,47,104,371503672,100,0,228,0,"[-5,-5,-8,-5,-10,-5,-14,-5,-16,-5,-17,-5,-18,-5,90,53,-16,-5,-15,-5,-13,-4,-11,-3,-10,-2,-8,0,-5,1,-3,3,-1,6,1,9,3,12,5,15,6,17,25,-42,7,20,6,20,5,19,5,18,4,16,2,13,0,0,2,7,1,4,1,0,2,-2,2,-6,3,-10,37,0,5,-14,5,-16,6,-16,5,-15,5,-14,5,-13,4,-11,2,-9,1,-7,0,-5,-2,-3,-3,-1,-5,0,-74,10,-10,2,-13,2,-15,2,-16,2,-16,0,-15,0,-13,-1,2,-15,-9,-16,-19,-5,-18,8,-7,17,6,16,13,5,-7,-10,1,-8,-4,-3,-3,2,2,5,8,0,7,-8,-1,-13,-12,-8,-17,2,-10,16,3,19,16,11,18,-3,16,4,-3,-13,-10,-5,-7,3,0,5,5,0,2,-7,0,0,-13,0,-10,10,0,18,13,13,20,1,16,-13,7,-32,-10,-13,-14,-2,-10,6,-2,8,2,5,2,0,-1,0,-1,3,2,5,8,3,10,-2,5,-10,-3,-13,-21,-7,-14,2,-8,11,1,13,8,7,9,0,3,-5,-2,-3]"
CSI_DATA,5124,d8:b1:90:d9:de:f0,-42,11,-99,-34,43,104,371842883,277,0,106,0,"[126,15,-102,0,54,15,-47,0,42,15,-13,0,66,15,-25,0,104,15,-70,0,-127,15,-134,0,-93,15,34,0,-81,15,-81,15,-86,15,52,15,-111,15,-47,14,133,15,-86,14,119,15,-66,14,-132,15,8,15,0,0,0,0,-29,15,-65,15,73,0,10,0,-90,0,67,0,-8,0,93,0,25,1,91,0,0,1,74,0,-67,0,51,0,121,0,48,0,33,0,60,0,-56,15,94,0,-134,15,-118,0,97,15,-55,0,119,15]"
CSI_DATA,5125,d8:b1:90:d9:de:f0,-43,9,-99,-35,44,104,371843328,98,0,106,0,"[122,0,-90,0,-85,0,-25,0,-53,0,-10,0,-56,0,-32,0,-87,0,-79,0,108,0,-123,0,27,0,87,0,-76,14,70,0,57,14,73,0,-35,13,97,0,-74,13,-123,0,-47,13,-99,0,23,14,-105,0,0,0,0,0,-57,14,34,0,0,14,-66,14,39,0,78,14,44,0,-1,13,27,0,-33,13,4,0,-7,13,-2,14,54,14,8,0,-120,14,42,0,-45,14,97,0,21,0,-77,0,64,0,-7,0,68,0,15,0]"
CSI_DATA,5126,d8:b1:90:d9:de:f0,-42,9,-99,-38,44,104,371843469,98,0,106,0,"[-63,0,-65,15,22,1,-84,15,45,1,-116,15,12,1,-129,15,-40,0,-115,15,-105,0,-72,15,103,0,1,0,51,0,102,0,20,0,-44,0,18,0,55,1,48,0,105,1,79,0,85,1,75,0,6,1,0,0,0,0,22,0,69,0,-70,15,-18,15,96,15,-76,15,10,15,-99,15,-23,14,-93,15,2,15,-70,15,69,15,-41,15,-124,15,-33,15,-38,15,-52,15,38,0,-98,15,100,0,99,15,120,0,28,15,83,0]"
CSI_DATA,5127,d8:b1:90:d9:de:f0,-43,9,-99,-36,44,104,371843610,98,0,106,0,"[74,15,-95,15,13,15,97,15,-14,14,75,15,10,15,87,15,63,15,115,15,-123,15,-108,15,-28,15,-81,15,85,0,-49,15,-43,0,-27,15,52,1,-14,15,101,1,-9,15,91,1,-19,15,19,1,-15,15,0,0,0,0,59,0,-1,15,-55,15,35,0,91,15,73,0,19,15,109,0,-10,14,127,0,18,15,113,0,76,15,73,0,-112,15,25,0,-48,15,-30,15,16,0,-103,15,69,0,79,15,84,0,7,15,64,0]"
CSI_DATA,5128,d8:b1:90:d9:de:f0,-42,9,-99,-37,44,104,371884676,98,0,106,0,"[-59,0,-77,15,26,1,-79,15,53,1,-87,15,31,1,-85,15,-19,0,-67,15,-81,0,-33,15,111,0,27,0,34,0,113,0,-32,15,-44,0,-73,15,49,1,-90,15,93,1,-66,15,83,1,-44,15,12,1,0,0,0,0,-26,15,81,0,-59,15,-39,15,-114,15,118,15,106,15,49,15,83,15,27,15,91,15,51,15,-125,15,97,15,-64,15,-115,15,8,0,-72,15,95,0,-51,15,-75,0,-45,15,-5,0,-67,15,0,1]"
CSI_DATA,5129,d8:b1:90:d9:de:f0,-42,9,-99,-37,44,104,371908708,124,0,106,0,"[58,0,-54,0,71,0,23,1,100,0,46,1,116,0,19,1,107,0,-36,0,69,0,-93,0,-1,15,112,0,-99,15,73,0,44,15,57,0,-54,14,75,0,-89,14,106,0,-63,14,-129,0,10,15,-129,0,0,0,0,0,-77,15,42,0,-12,15,-63,15,6,0,83,15,6,0,-1,14,-19,15,-30,14,-37,15,-4,14,-33,15,60,15,-16,15,125,15,31,0,-69,15,107,0,-28,15,-68,0,-13,15,2,1,-34,15,9,1]"
CSI_DATA,5130,d8:b1:90:d9:de:f0,-42,9,-99,-37,44,104,371940846,119,0,106,0,"[107,15,-109,0,42,15,-66,0,26,15,-32,0,55,15,-34,0,98,15,-69,0,-123,15,-128,0,-103,15,49,0,-108,15,-64,15,125,15,86,15,76,15,1,15,38,15,-30,14,18,15,2,15,50,15,69,15,0,0,0,0,-56,15,-57,15,53,0,-39,15,-90,0,-45,15,-10,0,-71,15,15,1,-102,15,-15,0,-110,15,-73,0,-89,15,126,0,-46,15,76,0,13,0,48,0,102,0,54,0,-75,0,92,0,-15,0,-118,0]"
CSI_DATA,5131,d8:b1:90:d9:de:f0,-43,9,-99,-37,44,104,371940968,139,0,106,0,"[95,15,120,0,15,15,-113,0,-10,14,-93,0,10,15,-104,0,56,15,126,0,110,15,73,0,-87,15,0,0,-16,15,-101,15,45,0,50,15,89,0,-41,14,96,0,-85,14,79,0,-69,14,61,0,-8,14,0,0,0,0,17,0,-60,15,20,0,58,0,40,0,-84,0,63,0,-7,0,76,0,16,1,69,0,-7,0,48,0,-69,0,10,0,119,0,-32,15,44,0,-93,15,-26,15,91,15,-85,15,22,15,-112,15,-7,14]"
CSI_DATA,5132,d8:b1:90:d9:de:f0,-42,9,-99,-37,44,104,371941147,119,0,106,0,"[103,15,111,15,47,15,53,15,17,15,45,15,15,15,82,15,49,15,126,15,115,15,-108,15,-65,15,-99,15,42,0,-114,15,-113,0,102,15,-45,0,32,15,-26,0,-18,14,-66,0,-28,14,-129,0,14,15,0,0,0,0,42,0,-73,15,53,0,43,0,101,0,-114,0,-111,0,-51,0,-69,0,-40,0,-69,0,-74,0,-106,0,-124,0,87,0,91,0,16,0,72,0,-68,15,84,0,116,15,127,0,73,15,-79,0,98,15]"
CSI_DATA,5133,d8:b1:90:d9:de:f0,-43,9,-99,-39,45,104,371941323,139,0,106,0,"[-66,0,-90,14,0,0,-123,14,8,0,92,14,-25,0,76,14,-75,0,93,14,-119,0,-106,14,98,0,-34,14,86,0,70,0,109,0,-78,0,-89,0,3,0,-40,0,25,0,-21,0,-14,0,-45,0,-80,0,0,0,0,0,56,0,50,0,-51,14,37,0,91,14,63,0,24,14,108,0,14,14,-104,0,50,14,-97,0,104,14,121,0,-92,14,75,0,-65,14,4,0,-68,14,-72,14,-100,14,99,14,92,14,58,14,40,14]"
CSI_DATA,5134,d8:b1:90:d9:de:f0,-43,9,-99,-36,44,104,372052227,130,0,106,0,"[56,0,-65,0,63,0,17,1,78,0,49,1,80,0,20,1,71,0,-30,0,43,0,-93,0,-14,15,89,0,-98,15,17,0,53,15,-46,15,-31,14,-80,15,-82,14,-75,15,-82,14,-49,15,-14,14,-21,15,0,0,0,0,-58,15,-4,15,55,0,-48,15,-101,0,-93,15,-43,0,106,15,-28,0,72,15,-61,0,84,15,-113,0,-126,15,97,0,-63,15,65,0,8,0,48,0,93,0,54,0,-73,0,87,0,-15,0,126,0]"
CSI_DATA,5135,d8:b1:90:d9:de:f0,-43,9,-99,-35,44,104,372052371,113,0,106,0,"[102,14,-122,14,61,14,44,14,43,14,17,14,63,14,26,14,102,14,62,14,-86,14,112,14,-8,14,-74,14,87,0,2,0,-53,0,77,0,24,0,-107,0,64,0,-85,0,51,0,-98,0,-5,0,117,0,0,0,0,0,46,0,17,0,-70,14,-18,14,70,14,-58,14,-8,13,-78,14,-34,13,-83,14,0,13,-78,14,69,14,-69,14,-94,14,-57,14,-4,14,-48,14,90,0,-44,14,-64,0,-49,14,0,0,-68,14,10,0]"
CSI_DATA,5136,d8:b1:90:d9:de:f0,-43,9,-99,-36,44,104,372052498,124,0,106,0,"[127,15,107,15,88,15,35,15,56,15,18,15,60,15,44,15,85,15,85,15,-112,15,-126,15,-33,15,-87,15,76,0,-64,15,-58,0,-61,15,34,1,-84,15,77,1,-116,15,51,1,113,15,-20,0,120,15,0,0,0,0,61,0,-27,15,-19,15,69,0,-61,15,-81,0,-71,15,2,1,-58,15,34,1,-37,15,3,1,-29,15,-65,0,-30,15,112,0,-50,15,36,0,-95,15,-37,15,96,15,-99,15,30,15,-120,15,-2,14]"
CSI_DATA,5137,d8:b1:90:d9:de:f0,-43,9,-99,-36,44,104,372077323,119,0,106,0,"[-57,15,-71,0,-95,15,2,1,-97,15,35,1,-75,15,23,1,-53,15,-24,0,-48,15,-94,0,-57,15,75,0,-97,15,-28,15,94,15,-128,15,25,15,61,15,-28,14,44,15,-35,14,81,15,13,15,-120,15,0,0,0,0,-60,15,-21,15,62,0,-17,15,-77,0,-40,15,-4,0,-78,15,15,1,-110,15,-20,0,-112,15,-79,0,-89,15,110,0,-39,15,62,0,21,0,31,0,106,0,21,0,-64,0,49,0,-3,0,92,0]"
CSI_DATA,5138,d8:b1:90:d9:de:f0,-42,9,-99,-35,43,104,372077535,139,0,106,0,"[-66,0,-2,16,23,1,10,0,59,1,-3,16,34,1,-25,16,-19,0,-32,16,-95,0,-16,16,99,0,26,0,8,0,106,0,-67,16,-63,0,-100,16,39,1,-91,16,98,1,-50,16,93,1,-14,16,13,1,0,0,0,0,0,0,69,0,-56,16,-53,16,-136,16,131,16,65,16,81,16,25,16,82,16,43,16,117,16,99,16,-109,16,-99,16,-79,16,-10,16,-64,16,79,0,-81,16,-112,0,-123,16,-67,0,90,16,-95,0]"
CSI_DATA,5139,d8:b1:90:d9:de:f0,-43,9,-99,-35,44,104,372077710,119,0,106,0,"[94,14,116,0,25,14,-91,0,4,14,-59,0,39,14,-47,0,87,14,-72,0,-118,14,121,0,-87,14,42,0,-71,14,-68,14,-83,14,67,14,120,14,-25,13,73,14,-54,13,44,14,-22,13,66,14,50,14,0,0,0,0,-43,14,-41,14,65,0,-1,14,-67,0,6,0,12,0,-14,14,38,0,-46,14,1,0,-66,14,-63,0,-55,14,114,0,-21,14,53,0,29,0,12,0,104,0,-8,14,-58,0,16,0,9,0,68,0]"
CSI_DATA,5140,d8:b1:90:d9:de:f0,-42,9,-99,-35,43,104,372077958,139,0,106,0,"[-40,16,-70,0,-97,16,7,1,-117,16,35,1,-114,16,14,1,-101,16,-38,0,-88,16,-112,0,-82,16,61,0,-82,16,-65,16,-97,16,73,16,-117,16,-32,15,-131,16,-83,15,-139,16,-69,15,-113,16,6,16,0,0,0,0,-20,16,-59,16,65,0,38,0,-129,0,126,0,-59,0,-92,0,-31,0,-79,0,-56,0,-99,0,-121,0,-137,0,76,0,99,0,-7,16,67,0,-107,16,43,0,70,16,35,0,2,16,49,0,-9,15]"
CSI_DATA,5141,d8:b1:90:d9:de:f0,-43,9,-99,-36,44,104,372078138,133,0,106,0,"[-58,15,-75,0,-113,15,-11,0,121,15,15,1,-127,15,2,1,-111,15,-46,0,-91,15,-114,0,-78,15,53,0,-73,15,-65,15,-82,15,70,15,-102,15,-30,14,-114,15,-78,14,-125,15,-59,14,-110,15,8,15,0,0,0,0,-20,15,-56,15,58,0,33,0,-115,0,115,0,-49,0,-91,0,-20,0,-83,0,-42,0,-105,0,-102,0,116,0,80,0,86,0,-1,15,62,0,-91,15,49,0,72,15,50,0,12,15,79,0,10,15]"
CSI_DATA,5142,d8:b1:90:d9:de:f0,-43,9,-99,-38,45,104,372078363,113,0,106,0,"[-81,0,75,0,-25,0,-104,0,3,0,-91,0,-10,0,-101,0,-51,0,118,0,-111,0,91,0,44,0,76,0,-65,14,67,0,63,14,71,0,-27,13,89,0,-69,13,111,0,-52,13,-118,0,7,14,102,0,0,0,0,0,-53,14,21,0,26,0,-56,14,97,0,101,14,-105,0,31,14,-100,0,3,14,-118,0,29,14,92,0,85,14,69,0,-85,14,57,0,-6,14,58,0,76,0,77,0,-80,0,117,0,-26,0,-95,0]"
CSI_DATA,5143,d8:b1:90:d9:de:f0,-43,9,-99,-36,44,104,372078562,133,0,106,0,"[-53,15,67,15,-49,15,-16,14,-54,15,-48,14,-59,15,-24,14,-49,15,20,15,-24,15,86,15,23,0,-90,15,97,0,-2,15,-66,0,76,0,15,1,-123,0,64,1,-112,0,62,1,117,0,2,1,81,0,0,0,0,0,58,0,24,0,-62,15,26,0,81,15,44,0,5,15,77,0,-20,14,102,0,16,15,100,0,78,15,71,0,-114,15,25,0,-50,15,-30,15,-3,15,-103,15,32,0,67,15,30,0,0,15,-7,15]"
CSI_DATA,5144,d8:b1:90:d9:de:f0,-42,9,-99,-35,43,104,372078696,113,0,106,0,"[-76,0,-46,16,9,1,-40,16,49,1,-52,16,31,1,-64,16,-26,0,-53,16,-95,0,-25,16,99,0,28,0,2,0,107,0,-83,16,-65,0,138,16,31,1,137,16,79,1,-114,16,68,1,-86,16,3,1,0,0,0,0,-15,16,64,0,-30,16,-64,16,-69,16,91,16,-115,16,11,16,-133,16,-3,15,-127,16,26,16,-93,16,86,16,-43,16,-125,16,25,0,-63,16,113,0,-17,16,-71,0,8,0,5,1,1,0,21,1]"
CSI_DATA,5145,d8:b1:90:d9:de:f0,-42,9,-99,-35,43,104,372125916,98,0,106,0,"[-104,16,-79,0,107,16,-20,0,87,16,5,1,101,16,-11,0,127,16,-66,0,-122,16,138,0,-98,16,35,0,-76,16,-79,16,-70,16,65,16,-75,16,-47,15,-89,16,-101,15,-98,16,-88,15,-80,16,-6,15,0,0,0,0,-10,16,-76,16,73,0,28,0,-121,0,114,0,-50,0,-107,0,-22,0,-91,0,-53,0,-107,0,-114,0,128,0,90,0,91,0,3,0,64,0,-94,16,53,0,83,16,64,0,10,16,93,0,6,16]"
CSI_DATA,5146,d8:b1:90:d9:de:f0,-42,9,-99,-38,44,104,372126102,98,0,106,0,"[-86,0,-98,15,-5,0,-122,15,21,1,126,15,-4,0,124,15,-59,0,-124,15,-119,0,-76,15,82,0,-8,15,6,0,90,0,-49,15,-62,0,-73,15,40,1,-73,15,98,1,-42,15,88,1,-19,15,15,1,0,0,0,0,6,0,65,0,-37,15,-61,15,-91,15,101,15,124,15,32,15,97,15,19,15,105,15,54,15,-121,15,111,15,-64,15,-96,15,11,0,-44,15,100,0,-9,15,-75,0,6,0,2,1,-12,15,18,1]"
CSI_DATA,5147,d8:b1:90:d9:de:f0,-42,9,-99,-38,44,104,372173944,101,0,106,0,"[57,15,51,0,-29,14,48,0,-62,14,57,0,-32,14,61,0,18,15,52,0,87,15,15,0,-103,15,-36,15,-21,15,-117,15,65,0,57,15,116,0,-23,14,128,0,-72,14,115,0,-64,14,86,0,4,15,0,0,0,0,42,0,-63,15,59,0,61,0,93,0,-102,0,129,0,-28,0,-124,0,-2,0,130,0,-27,0,94,0,-83,0,37,0,126,0,-25,15,70,0,-108,15,36,0,69,15,15,0,0,15,14,0,-15,14]"
CSI_DATA,5148,d8:b1:90:d9:de:f0,-43,9,-99,-35,44,104,372470060,124,0,106,0,"[-80,0,-114,14,-16,0,100,14,0,0,67,14,-31,0,65,14,-74,0,87,14,122,0,-109,14,87,0,-32,14,71,0,70,0,85,0,-64,0,116,0,23,0,-89,0,57,0,-63,0,31,0,-76,0,-37,0,0,0,0,0,47,0,53,0,-64,14,13,0,81,14,0,0,0,13,19,0,-30,13,44,0,2,14,59,0,66,14,50,0,-117,14,21,0,-59,14,-25,14,-16,14,-98,14,0,0,68,14,-22,14,3,14,-72,14]"
CSI_DATA,5149,d8:b1:90:d9:de:f0,-42,9,-99,-34,43,104,372470191,113,0,106,0,"[57,15,72,0,-22,14,88,0,-43,14,119,0,-12,14,129,0,41,15,123,0,104,15,82,0,-105,15,13,0,-60,15,-93,15,-40,15,54,15,-55,15,-50,14,-93,15,-99,14,-134,15,-70,14,-133,15,9,15,0,0,0,0,-34,15,-68,15,76,0,-5,15,-82,0,29,0,5,1,24,0,36,1,-5,15,6,1,-29,15,-59,0,-29,15,126,0,-12,15,57,0,34,0,4,0,103,0,-28,15,-74,0,-13,15,-1,0,45,0]"
CSI_DATA,5150,d8:b1:90:d9:de:f0,-41,9,-99,-37,43,104,372502617,133,0,106,0,"[-71,0,-45,17,21,1,-55,17,51,1,-87,17,17,1,-107,17,-38,0,-108,17,-114,0,-72,17,113,0,2,0,60,0,114,0,34,0,-54,0,43,0,58,1,84,0,108,1,128,0,77,1,129,0,-23,0,0,0,0,0,24,0,56,0,-98,17,-19,17,72,17,-51,17,-25,16,-46,17,-53,16,-13,17,-10,16,12,0,68,17,17,0,-139,17,-1,17,-61,17,-49,17,-5,17,-127,17,23,0,76,17,6,0,3,17,-48,17]"
CSI_DATA,5151,d8:b1:90:d9:de:f0,-42,9,-99,-38,44,104,372502787,133,0,106,0,"[-116,15,104,15,108,15,31,15,61,15,14,15,51,15,48,15,81,15,96,15,132,15,-121,15,-51,15,-96,15,62,0,-99,15,-87,0,130,15,-6,0,75,15,7,1,22,15,-34,0,4,15,-111,0,43,15,0,0,0,0,33,0,-46,15,37,0,77,0,68,0,-76,0,123,0,-8,0,-109,0,0,1,-104,0,-40,0,134,0,-106,0,73,0,112,0,1,0,79,0,-87,15,74,0,98,15,101,0,56,15,-110,0,76,15]"
CSI_DATA,5152,d8:b1:90:d9:de:f0,-42,9,-99,-37,44,104,372502922,113,0,106,0,"[-23,15,69,15,-20,15,-21,14,-26,15,-58,14,-42,15,-36,14,-34,15,20,15,-13,15,96,15,30,0,-77,15,99,0,27,0,-78,0,125,0,3,1,-75,0,48,1,-58,0,41,1,-91,0,-15,0,123,0,0,0,0,0,41,0,11,0,-88,15,-11,15,51,15,-10,15,-30,14,6,0,-50,14,22,0,-12,14,27,0,60,15,15,0,-120,15,-4,15,-37,15,-42,15,41,0,-101,15,102,0,90,15,126,0,29,15,103,0]"
CSI_DATA,5153,d8:b1:90:d9:de:f0,-42,9,-99,-34,43,104,372503130,113,0,106,0,"[-43,15,63,15,-30,15,-27,14,-30,15,-62,14,-36,15,-40,14,-27,15,13,15,2,0,81,15,45,0,-98,15,119,0,-3,15,-64,0,97,0,16,1,-110,0,65,1,-93,0,56,1,-111,0,-14,0,112,0,0,0,0,0,54,0,31,0,-85,15,31,0,65,15,45,0,-16,14,68,0,-42,14,83,0,-4,14,74,0,64,15,48,0,-132,15,3,0,-61,15,-47,15,-5,15,-115,15,47,0,76,15,66,0,5,15,39,0]"
CSI_DATA,5154,d8:b1:90:d9:de:f0,-41,11,-99,-34,42,104,372523343,100,0,114,0,"[-9,30,-11,33,-14,34,-16,35,-17,33,-19,33,-19,32,-17,30,-15,28,-15,27,-15,27,-14,27,-14,28,-14,29,-14,30,-14,32,-14,34,-15,34,-15,36,-14,35,-13,36,-13,38,-11,36,-11,36,-10,35,-11,35,-10,34,-10,33,0,0,-9,33,-9,33,-9,33,-9,34,-8,35,-8,35,-7,35,-7,36,-5,34,-4,33,-4,33,-3,32,-2,29,-2,29,-2,27,-2,27,-1,24,0,26,0,26,1,27,1,28,0,29,1,30,1,30,0,30,-1,30,-2,28,-3,24]"
CSI_DATA,5155,d8:b1:90:d9:de:f0,-43,9,-99,-39,45,104,372678932,756,0,106,0,"[98,0,-113,0,122,0,-37,0,-99,0,-4,0,-92,0,-25,0,-109,0,-62,0,96,0,-113,0,25,0,90,0,-77,14,43,0,54,14,21,0,-49,13,29,0,-102,13,53,0,-85,13,87,0,-20,13,96,0,0,0,0,0,-61,14,45,0,32,0,-31,14,103,0,122,14,-109,0,40,14,-112,0,0,14,107,0,14,14,76,0,69,14,55,0,-105,14,51,0,-23,14,76,0,61,0,-123,0,-111,0,-63,0,-73,0,-21,0]"
CSI_DATA,5156,d8:b1:90:d9:de:f0,-43,9,-99,-36,44,104,372686107,98,0,106,0,"[110,15,-111,15,87,15,65,15,70,15,29,15,77,15,36,15,107,15,65,15,-96,15,100,15,-22,15,-108,15,82,0,-66,15,-54,0,-32,15,55,1,-15,15,108,1,-25,15,105,1,-38,15,38,1,-42,15,0,0,0,0,94,0,-29,15,-11,15,31,0,-112,15,99,0,82,15,-95,0,58,15,-63,0,76,15,-76,0,114,15,-120,0,-105,15,76,0,-76,15,1,0,-65,15,-87,15,-73,15,80,15,-100,15,10,15,115,15]"
CSI_DATA,5157,d8:b1:90:d9:de:f0,-42,9,-99,-37,44,104,372723860,120,0,106,0,"[49,15,-7,15,-27,14,-19,15,-56,14,-1,15,-29,14,24,0,23,15,30,0,90,15,12,0,-101,15,-31,15,-36,15,-115,15,12,0,41,15,20,0,-49,14,-6,15,-96,14,-42,15,-85,14,-53,15,-11,14,0,0,0,0,-11,15,-84,15,76,0,-7,15,-91,0,38,0,-11,0,49,0,19,1,34,0,-7,0,15,0,-72,0,6,0,122,0,21,0,56,0,55,0,6,0,121,0,-21,15,-60,0,-5,15,7,1,47,0]"
CSI_DATA,5158,d8:b1:90:d9:de:f0,-43,9,-99,-38,45,104,372724117,120,0,106,0,"[-45,0,-30,14,23,0,-36,14,42,0,-65,14,16,0,-80,14,-35,0,-82,14,-96,0,-55,14,97,0,2,0,57,0,91,0,49,0,-46,0,68,0,40,0,108,0,76,0,-99,0,47,0,-99,0,-24,0,0,0,0,0,36,0,66,0,-62,14,32,0,79,14,23,0,6,14,47,0,-11,13,82,0,21,14,93,0,82,14,73,0,-105,14,36,0,-66,14,-25,14,-56,14,-99,14,-75,14,66,14,115,14,21,14,65,14]"
CSI_DATA,5159,d8:b1:90:d9:de:f0,-42,9,-99,-36,43,104,372753409,756,0,106,0,"[-48,0,17,0,24,1,47,0,51,1,47,0,31,1,32,0,-25,0,26,0,-102,0,38,0,92,0,71,0,-14,16,132,0,-117,16,-76,0,102,16,8,1,88,16,59,1,113,16,51,1,-132,16,-15,0,0,0,0,0,-49,16,69,0,-60,16,-59,16,-104,16,112,16,142,16,41,16,122,16,22,16,136,16,49,16,-112,16,108,16,-51,16,-117,16,24,0,-69,16,114,0,-49,16,-74,0,-49,16,-10,0,-74,16,-4,0]"
CSI_DATA,5160,d8:b1:90:d9:de:f0,-42,9,-99,-35,43,104,372770488,130,0,106,0,"[101,0,-56,0,115,0,27,1,134,0,42,1,136,0,15,1,110,0,-44,0,64,0,-104,0,-9,16,103,0,-114,16,42,0,41,16,0,0,-65,15,-17,16,-106,15,-3,16,-89,15,18,0,-8,15,20,0,0,0,0,0,-76,16,-13,16,27,0,-86,16,106,0,100,16,-126,0,26,16,-122,0,3,16,133,0,32,16,93,0,98,16,74,0,-109,16,65,0,-17,16,86,0,73,0,126,0,-122,0,-95,0,-68,0,-52,0]"
CSI_DATA,5161,d8:b1:90:d9:de:f0,-42,9,-99,-38,44,104,372786345,108,0,106,0,"[-38,0,65,0,36,1,78,0,62,1,61,0,27,1,32,0,-31,0,13,0,-106,0,22,0,78,0,54,0,-10,15,120,0,-85,15,-65,0,-118,15,18,1,-111,15,66,1,-76,15,57,1,-40,15,-13,0,0,0,0,0,-39,15,48,0,-94,15,-52,15,103,15,-129,15,38,15,103,15,6,15,112,15,33,15,-123,15,99,15,-85,15,-93,15,-69,15,-21,15,-64,15,61,0,-94,15,122,0,128,15,-119,0,68,15,121,0]"
CSI_DATA,5162,d8:b1:90:d9:de:f0,-43,9,-99,-38,45,104,372887840,124,0,106,0,"[67,14,33,0,-16,13,21,0,-54,13,29,0,-36,13,33,0,6,14,33,0,72,14,12,0,-84,14,-19,14,9,0,-84,14,103,0,76,14,-78,0,3,14,-64,0,-47,13,-89,0,-50,13,108,0,-6,13,0,0,0,0,14,0,-65,14,-6,14,50,0,-3,14,-80,0,10,0,-3,0,29,0,24,0,36,0,-2,0,26,0,-61,0,0,0,113,0,-34,14,42,0,-86,14,-20,14,90,14,-73,14,30,14,-91,14,1,14]"
CSI_DATA,5163,d8:b1:90:d9:de:f0,-43,11,-99,-37,45,104,373096276,277,0,106,0,"[-91,13,-63,0,91,13,-16,0,78,13,8,0,93,13,0,0,116,13,-43,0,-98,13,-99,0,-87,13,50,0,-95,13,-48,13,112,13,79,13,79,13,-8,12,48,13,-36,12,42,13,-16,12,68,13,32,13,0,0,0,0,-42,13,-77,13,47,0,-37,13,-84,0,-15,13,-14,0,-9,13,11,0,-13,13,-5,0,-11,13,-55,0,-7,13,-112,0,12,0,60,0,46,0,6,0,99,0,-33,13,-74,0,-46,13,-11,0,-21,13]"
CSI_DATA,5164,d8:b1:90:d9:de:f0,-43,9,-99,-35,44,104,373096766,124,0,106,0,"[-106,0,98,14,-41,0,58,14,-27,0,28,14,-47,0,30,14,-90,0,66,14,123,0,116,14,99,0,-43,14,94,0,56,0,121,0,-72,0,-89,0,10,0,-52,0,44,0,-34,0,22,0,-64,0,-38,0,0,0,0,0,58,0,75,0,-49,14,47,0,96,14,38,0,19,14,48,0,-8,13,64,0,12,14,68,0,65,14,54,0,119,14,19,0,-75,14,-26,14,-36,14,-96,14,-24,14,73,14,-39,14,6,14,-80,14]"
CSI_DATA,5165,d8:b1:90:d9:de:f0,-44,9,-99,-37,45,104,373096888,224,0,106,0,"[-65,0,90,0,-14,0,-94,0,11,0,-88,0,5,0,-105,0,-33,0,96,0,-87,0,77,0,67,0,77,0,-25,13,100,0,113,13,-87,0,47,13,-25,0,29,13,22,0,56,13,32,0,108,13,-4,0,0,0,0,0,-51,13,74,0,-55,13,-24,13,-77,13,111,13,-115,13,51,13,92,13,32,13,97,13,55,13,-104,13,99,13,-60,13,-102,13,0,13,-76,13,68,0,-67,13,-92,0,-79,13,-44,0,110,13,-50,0]"
CSI_DATA,5166,d8:b1:90:d9:de:f0,-43,9,-99,-36,44,104,373097023,341,0,106,0,"[-29,15,-52,0,-59,15,19,1,-52,15,49,1,-31,15,38,1,-18,15,-13,0,-17,15,-78,0,-49,15,99,0,-115,15,13,0,51,15,-54,15,-39,14,-93,15,-88,14,-92,15,-85,14,-56,15,-23,14,-28,15,0,0,0,0,-95,15,-15,15,0,0,-68,15,76,0,120,15,121,0,54,15,124,0,22,15,105,0,36,15,80,0,88,15,67,0,-112,15,71,0,-42,15,101,0,29,0,-106,0,89,0,-38,0,113,0,-4,0]"
CSI_DATA,5167,d8:b1:90:d9:de:f0,-44,9,-99,-36,45,104,373097208,321,0,106,0,"[-57,0,-83,13,8,0,-100,13,29,0,105,13,3,0,96,13,-41,0,105,13,-85,0,-81,13,98,0,-20,13,74,0,74,0,75,0,-50,0,98,0,32,0,-92,0,65,0,-68,0,45,0,-76,0,-14,0,0,0,0,0,48,0,74,0,-43,13,40,0,88,13,30,0,17,13,43,0,-6,12,63,0,15,13,69,0,63,13,58,0,111,13,30,0,-72,13,-17,13,-49,13,-81,13,-49,13,75,13,-73,13,17,13,106,13]"
CSI_DATA,5168,d8:b1:90:d9:de:f0,-43,9,-99,-39,45,104,373097385,756,0,106,0,"[106,0,-71,0,-112,0,-1,0,-81,0,17,0,-70,0,-9,0,-94,0,-65,0,115,0,-107,0,34,0,103,0,-64,14,92,0,71,14,114,0,-10,13,-85,0,-35,13,-37,0,-6,13,-12,0,58,14,-44,0,0,0,0,0,-67,14,68,0,-57,14,-34,14,-73,14,111,14,-108,14,45,14,109,14,20,14,108,14,46,14,-112,14,97,14,-66,14,-111,14,-6,14,-83,14,68,0,-78,14,-104,0,-100,14,-56,0,95,14,-73,0]"
CSI_DATA,5169,d8:b1:90:d9:de:f0,-44,9,-99,-36,45,104,373097710,119,0,106,0,"[-20,13,43,13,-18,13,-24,12,-47,13,-50,12,-65,13,-26,12,-70,13,18,13,-51,13,73,13,0,13,-101,13,82,0,-61,13,-40,0,-52,13,38,0,-69,13,74,0,-109,13,52,0,82,13,-12,0,83,13,0,0,0,0,73,0,-52,13,41,0,40,0,40,0,-95,0,64,0,-25,0,91,0,-4,0,101,0,-32,0,83,0,-79,0,52,0,106,0,-1,13,73,0,-66,13,65,0,95,13,90,0,55,13,-91,0,68,13]"
CSI_DATA,5170,d8:b1:90:d9:de:f0,-44,9,-99,-34,45,104,373097832,139,0,106,0,"[-47,0,-62,12,15,0,-75,12,29,0,-106,12,3,0,90,12,-43,0,95,12,-88,0,-85,12,92,0,-26,12,77,0,57,0,96,0,-63,0,-79,0,7,0,-25,0,25,0,-1,0,-4,0,-22,0,-62,0,0,0,0,0,68,0,47,0,-22,12,51,0,106,12,81,0,58,12,-92,0,47,12,-58,0,73,12,-61,0,-103,12,-90,0,-75,12,81,0,-66,12,22,0,-86,12,-31,12,87,12,-84,12,31,12,-105,12,-4,11]"
CSI_DATA,5171,d8:b1:90:d9:de:f0,-44,9,-99,-36,45,104,373097985,119,0,106,0,"[-66,0,-101,13,-10,0,96,13,-1,0,58,13,-34,0,49,13,-77,0,61,13,108,0,106,13,87,0,-52,13,98,0,37,0,-87,0,-100,0,-25,0,-44,0,35,0,-40,0,53,0,-80,0,16,0,92,0,0,0,0,0,86,0,25,0,-5,13,58,0,-78,13,-113,0,-111,13,-50,0,-109,13,-11,0,-81,13,-23,0,-55,13,-65,0,-43,13,106,0,-54,13,49,0,-95,13,1,0,69,13,-31,13,8,13,-24,13,-14,12]"
CSI_DATA,5172,d8:b1:90:d9:de:f0,-43,9,-99,-38,45,104,373305637,441,0,106,0,"[-65,0,54,0,4,0,97,0,38,0,101,0,31,0,81,0,-17,0,57,0,-76,0,47,0,73,0,49,0,-32,14,71,0,101,14,119,0,19,14,-55,0,-5,13,-11,0,21,14,1,0,80,14,-35,0,0,0,0,0,-40,14,53,0,-13,14,-58,14,-13,14,67,14,-29,14,-10,13,-51,14,-33,13,-60,14,-1,13,-47,14,62,14,-21,14,-117,14,23,0,-47,14,87,0,8,0,-82,0,53,0,-6,0,57,0,16,0]"
CSI_DATA,5173,d8:b1:90:d9:de:f0,-43,9,-99,-35,44,104,373305854,421,0,106,0,"[97,14,-122,0,27,14,-94,0,3,14,-69,0,23,14,-69,0,66,14,-94,0,108,14,102,0,-98,14,29,0,-62,14,-68,14,-47,14,59,14,-53,14,-38,13,-81,14,-87,13,-102,14,-73,13,-95,14,-9,13,0,0,0,0,-16,14,-74,14,74,0,-1,14,-77,0,52,0,0,0,72,0,30,0,68,0,4,0,53,0,-58,0,36,0,115,0,35,0,37,0,49,0,-34,14,88,0,-102,14,-106,0,111,14,-48,0,-111,14]"
CSI_DATA,5174,d8:b1:90:d9:de:f0,-46,11,-99,-36,47,104,373503988,100,0,228,0,"[-4,7,-4,10,-4,13,-4,15,-4,18,-5,19,-6,19,87,52,-5,16,-5,15,-4,14,-3,12,-2,9,-1,7,0,5,2,2,5,0,9,-1,12,-2,15,-4,17,-5,24,-41,21,-5,20,-5,20,-4,18,-3,16,-2,13,-2,0,0,7,-2,4,-2,1,-3,-1,-5,-4,-5,-7,-8,-80,10,-9,-11,-11,-11,-10,-11,-10,-11,-9,-9,-8,-9,-7,-7,-5,-5,-4,-3,-3,-1,-3,1,-2,3,-2,5,-33,10,-3,11,-4,13,-4,14,-6,15,-7,14,-8,13,-8,10,-15,0,-12,12,-2,19,11,15,18,3,14,-9,2,-14,-13,8,-9,0,-3,6,4,4,7,-2,1,-9,-7,-8,-14,0,-11,11,1,18,14,13,19,0,14,-14,0,-18,7,-17,-13,0,-6,7,2,6,4,0,0,-4,-7,-2,0,0,-2,12,8,12,17,4,16,-9,5,-19,-9,-17,-27,-16,-16,7,-5,14,4,11,8,2,5,-2,0,-3,-2,0,0,3,5,2,7,-3,2,-8,-4,-9,-11,-4,-14,13,-4,12,4,12,10,4,9,-3,2,-7,-2,-4,-3,0]"
CSI_DATA,5175,d8:b1:90:d9:de:f0,-42,11,-99,-35,43,104,373514073,277,0,106,0,"[-10,16,17,16,-17,16,-63,15,-42,16,-77,15,-61,16,-42,15,-59,16,27,16,-35,16,106,16,18,0,-87,16,107,0,-4,16,-59,0,58,0,39,1,87,0,95,1,71,0,80,1,41,0,-2,0,16,0,0,0,0,0,75,0,34,0,-18,16,103,0,-95,16,-97,0,-124,16,-31,0,-118,16,-7,0,-92,16,-45,0,-63,16,-112,0,-51,16,86,0,-56,16,2,0,-86,16,-77,16,-139,16,130,16,69,16,95,16,28,16]"
CSI_DATA,5176,d8:b1:90:d9:de:f0,-43,9,-99,-36,44,104,373514572,119,0,106,0,"[39,0,23,15,43,0,-48,14,9,0,-68,14,-15,15,-34,14,-30,15,22,15,-25,15,101,15,19,0,-77,15,100,0,4,0,-54,0,53,0,35,1,72,0,81,1,53,0,66,1,14,0,-1,0,-9,15,0,0,0,0,70,0,20,0,-2,15,93,0,-51,15,-82,0,-62,15,-12,0,-48,15,6,1,-25,15,-28,0,-14,15,-92,0,-17,15,93,0,-46,15,21,0,-101,15,-39,15,82,15,-74,15,16,15,-68,15,-7,14]"
CSI_DATA,5177,d8:b1:90:d9:de:f0,-42,9,-99,-37,44,104,373514685,139,0,106,0,"[88,15,79,15,37,15,31,15,6,15,41,15,13,15,80,15,55,15,126,15,121,15,-104,15,-53,15,-89,15,55,0,-107,15,-99,0,112,15,-31,0,51,15,-18,0,8,15,-54,0,4,15,-103,0,48,15,0,0,0,0,78,0,-51,15,94,0,51,0,-124,0,-126,0,-80,0,-78,0,-65,0,-77,0,-78,0,-109,0,-127,0,114,0,71,0,84,0,-2,15,68,0,-80,15,82,0,112,15,123,0,76,15,-86,0,101,15]"
CSI_DATA,5178,d8:b1:90:d9:de:f0,-43,9,-99,-35,44,104,373514829,119,0,106,0,"[-26,0,80,0,38,0,120,0,59,0,-123,0,28,0,106,0,-30,0,88,0,-104,0,70,0,47,0,67,0,-68,14,71,0,59,14,91,0,-28,13,117,0,-66,13,-111,0,-42,13,-108,0,20,14,109,0,0,0,0,0,-79,14,-5,14,-6,14,-94,14,44,0,66,14,71,0,4,14,75,0,-10,13,67,0,23,14,53,0,91,14,49,0,-80,14,49,0,-2,14,65,0,82,0,91,0,-87,0,-111,0,-38,0,-82,0]"
CSI_DATA,5179,d8:b1:90:d9:de:f0,-43,9,-99,-37,45,104,373514978,139,0,106,0,"[-96,13,-33,0,99,13,22,0,94,13,41,0,114,13,14,0,-97,13,-33,0,-74,13,-104,0,-64,13,38,0,-65,13,-70,13,-77,13,52,13,-100,13,-33,12,115,13,-66,12,110,13,-43,12,-97,13,12,13,0,0,0,0,4,0,-68,13,88,0,-6,13,-63,0,37,0,-2,0,62,0,9,0,64,0,-20,0,55,0,-85,0,46,0,80,0,41,0,5,0,46,0,-72,13,67,0,90,13,101,0,49,13,-88,0,55,13]"
CSI_DATA,5180,d8:b1:90:d9:de:f0,-43,9,-99,-36,44,104,373515086,133,0,106,0,"[28,15,-73,15,-39,14,-105,15,-59,14,-100,15,-27,14,-87,15,32,15,-69,15,107,15,-55,15,-53,15,-59,15,60,0,-80,15,-87,0,-118,15,3,1,104,15,30,1,72,15,11,1,69,15,-50,0,108,15,0,0,0,0,75,0,-8,15,32,0,89,0,-2,15,-69,0,-10,15,-1,0,-6,15,16,1,-5,15,-23,0,-6,15,-91,0,-24,15,92,0,-47,15,15,0,-86,15,-56,15,112,15,-121,15,51,15,106,15,23,15]"
CSI_DATA,5181,d8:b1:90:d9:de:f0,-42,9,-99,-35,43,104,373515221,113,0,106,0,"[109,0,40,16,-128,0,-28,15,-130,0,-52,15,122,0,-21,15,97,0,38,16,80,0,123,16,68,0,-51,16,85,0,70,0,116,0,-79,0,-119,0,10,1,-86,0,40,1,-83,0,19,1,-126,0,-49,0,0,0,0,0,8,0,76,0,-99,16,28,0,74,16,3,0,3,16,-4,16,-15,15,-1,16,25,16,2,0,94,16,-5,16,-101,16,-22,16,-20,16,-51,16,56,0,-102,16,122,0,114,16,-123,0,54,16,130,0]"
CSI_DATA,5182,d8:b1:90:d9:de:f0,-43,9,-99,-36,44,104,373515320,133,0,106,0,"[86,15,87,15,40,15,32,15,15,15,30,15,31,15,60,15,76,15,107,15,-117,15,-109,15,-28,15,-77,15,84,0,-53,15,-52,0,-49,15,42,1,-58,15,74,1,-83,15,50,1,-95,15,-14,0,-78,15,0,0,0,0,71,0,16,0,5,0,93,0,-49,15,-76,0,-69,15,-13,0,-69,15,1,1,-58,15,-29,0,-45,15,-94,0,-42,15,85,0,-52,15,5,0,-78,15,-72,15,-123,15,112,15,79,15,80,15,44,15]"
CSI_DATA,5183,d8:b1:90:d9:de:f0,-42,9,-99,-39,44,104,373515446,113,0,106,0,"[29,16,-61,16,-46,15,-86,16,-73,15,-77,16,-43,15,-59,16,25,16,-41,16,109,16,-34,16,-69,16,-56,16,46,0,-97,16,-118,0,111,16,-45,0,39,16,-23,0,1,16,-54,0,1,16,-110,0,59,16,0,0,0,0,71,0,-38,16,61,0,82,0,80,0,-86,0,100,0,-16,0,109,0,-7,0,103,0,-43,0,68,0,-110,0,20,0,102,0,-34,16,39,0,-115,16,-7,16,79,16,-37,16,6,16,-30,16,-9,15]"
CSI_DATA,5184,d8:b1:90:d9:de:f0,-44,9,-99,-35,45,104,373723426,130,0,106,0,"[-76,0,97,12,-25,0,71,12,-9,0,58,12,-30,0,65,12,-69,0,88,12,109,0,-88,12,71,0,-19,12,37,0,77,0,19,0,-39,0,23,0,48,0,45,0,92,0,68,0,76,0,72,0,18,0,0,0,0,0,13,0,75,0,-55,12,4,0,89,12,-45,12,23,12,-67,12,5,12,-65,12,22,12,-52,12,77,12,-38,12,-77,12,-32,12,-8,12,-45,12,57,0,-76,12,-103,0,91,12,-77,0,39,12,-101,0]"
CSI_DATA,5185,d8:b1:90:d9:de:f0,-43,9,-99,-34,44,104,373762275,98,0,106,0,"[32,14,-50,14,-12,13,-84,14,-33,13,-87,14,-19,13,-73,14,24,14,-56,14,84,14,-45,14,-74,14,-58,14,17,0,-101,14,106,0,74,14,-71,0,-4,13,-60,0,-57,13,-97,0,-62,13,97,0,-14,13,0,0,0,0,38,0,-82,14,65,0,23,0,-117,0,111,0,-67,0,-79,0,-44,0,-79,0,-58,0,-109,0,-107,0,93,0,68,0,67,0,-9,14,57,0,-86,14,79,0,81,14,-117,0,52,14,-51,0,81,14]"
CSI_DATA,5186,d8:b1:90:d9:de:f0,-43,11,-99,-36,44,104,373931871,277,0,106,0,"[41,15,11,0,-35,14,9,0,-61,14,29,0,-36,14,54,0,23,15,59,0,89,15,41,0,-86,15,-7,15,-12,15,-90,15,37,0,59,15,56,0,-49,14,33,0,-105,14,-11,15,-90,14,-42,15,-18,14,0,0,0,0,-20,15,-74,15,58,0,20,0,-103,0,86,0,-22,0,111,0,10,1,89,0,-12,0,59,0,-73,0,35,0,107,0,24,0,29,0,44,0,-39,15,88,0,-89,15,-100,0,-101,15,-29,0,-60,15]"
CSI_DATA,5187,d8:b1:90:d9:de:f0,-42,9,-99,-38,44,104,373932325,133,0,106,0,"[44,15,44,0,-41,14,25,0,-72,14,26,0,-45,14,23,0,10,15,19,0,85,15,3,0,-90,15,-36,15,19,0,-94,15,129,0,96,15,-60,0,25,15,-28,0,-23,14,-47,0,-23,14,-97,0,26,15,0,0,0,0,52,0,-62,15,23,0,61,0,2,0,-88,0,6,0,-2,0,11,0,28,1,15,0,-2,0,7,0,-73,0,-18,15,120,0,-44,15,38,0,-94,15,-38,15,115,15,-113,15,49,15,128,15,21,15]"
CSI_DATA,5188,d8:b1:90:d9:de:f0,-41,9,-99,-37,43,104,373932442,133,0,106,0,"[-51,0,54,0,28,1,105,0,62,1,112,0,38,1,98,0,-24,0,81,0,-107,0,69,0,78,0,69,0,-63,17,87,0,94,17,127,0,-18,16,-121,0,-65,16,-83,0,-41,16,-70,0,39,17,-108,0,0,0,0,0,-73,17,46,0,5,0,-68,17,60,0,97,17,80,0,5,17,83,0,-23,16,66,0,11,17,53,0,86,17,47,0,-118,17,54,0,-21,17,88,0,71,0,130,0,-132,0,-101,0,-79,0,-65,0]"
CSI_DATA,5189,d8:b1:90:d9:de:f0,-42,9,-99,-35,43,104,373932585,113,0,106,0,"[-139,16,93,16,116,16,9,16,100,16,-16,15,106,16,4,16,136,16,55,16,-90,16,115,16,-10,16,-101,16,95,0,-37,16,-61,0,19,0,47,1,50,0,104,1,53,0,94,1,30,0,23,1,10,0,0,0,0,0,83,0,6,0,-39,16,52,0,137,16,115,0,65,16,-107,0,47,16,-80,0,76,16,-95,0,124,16,133,0,-102,16,66,0,-56,16,-7,16,-33,16,-99,16,-29,16,86,16,-49,16,18,16,-86,16]"
CSI_DATA,5190,d8:b1:90:d9:de:f0,-42,9,-99,-38,44,104,373932685,113,0,106,0,"[55,15,41,0,-30,14,45,0,-58,14,66,0,-32,14,73,0,28,15,70,0,105,15,47,0,-73,15,0,0,22,0,-79,15,109,0,84,15,-108,0,-18,14,-105,0,-75,14,120,0,-70,14,72,0,-10,14,0,0,0,0,2,0,-67,15,14,0,59,0,49,0,-85,0,95,0,-10,0,127,0,1,1,131,0,-41,0,101,0,-104,0,50,0,98,0,-14,15,37,0,-98,15,-5,15,82,15,-29,15,4,15,-11,15,-7,14]"
CSI_DATA,5191,d8:b1:90:d9:de:f0,-43,9,-99,-36,44,104,373932794,127,0,106,0,"[94,15,115,15,48,15,52,15,20,15,38,15,28,15,64,15,62,15,103,15,125,15,-108,15,-45,15,-73,15,75,0,-48,15,-55,0,-40,15,50,1,-57,15,99,1,-85,15,80,1,-110,15,9,1,-107,15,0,0,0,0,64,0,-34,15,-25,15,55,0,-91,15,-105,0,-122,15,-24,0,-119,15,7,1,-92,15,-14,0,-65,15,-80,0,-44,15,103,0,-45,15,14,0,-65,15,-67,15,-110,15,109,15,94,15,67,15,50,15]"
CSI_DATA,5192,d8:b1:90:d9:de:f0,-42,9,-99,-36,44,104,373932961,107,0,106,0,"[96,15,-125,0,14,15,-91,0,-16,14,-81,0,-2,14,-96,0,47,15,122,0,105,15,71,0,-68,15,8,0,29,0,-71,15,-125,0,99,15,-44,0,21,15,-13,0,-18,14,-27,0,-12,14,-80,0,44,15,0,0,0,0,32,0,-58,15,-37,15,50,0,-98,15,-98,0,124,15,-25,0,116,15,-5,0,127,15,-32,0,-99,15,-99,0,-64,15,83,0,-32,15,-5,15,-6,15,-92,15,13,0,70,15,13,0,-2,14,-13,15]"
CSI_DATA,5193,d8:b1:90:d9:de:f0,-43,9,-99,-36,44,104,373933124,120,0,106,0,"[117,0,80,15,-84,0,16,15,-82,0,-24,14,-110,0,-8,14,104,0,33,15,72,0,104,15,59,0,-56,15,62,0,59,0,99,0,-74,0,-116,0,17,1,-62,0,51,1,-35,0,28,1,-59,0,-46,0,0,0,0,0,55,0,42,0,-65,15,3,0,83,15,-19,15,-5,14,-7,15,-35,14,17,0,-1,14,31,0,73,15,28,0,-111,15,13,0,-36,15,-31,15,22,0,-93,15,66,0,84,15,69,0,16,15,27,0]"
CSI_DATA,5194,d8:b1:90:d9:de:f0,-42,9,-99,-36,44,104,373933237,120,0,106,0,"[51,15,-13,15,-35,14,-49,15,-63,14,-50,15,-43,14,-56,15,16,15,-47,15,95,15,-30,15,-60,15,-37,15,70,0,-35,15,-55,0,-53,15,53,1,-59,15,102,1,-71,15,86,1,-86,15,17,1,-77,15,0,0,0,0,52,0,-29,15,-54,15,28,0,93,15,75,0,26,15,126,0,6,15,-109,0,36,15,-120,0,95,15,93,0,-95,15,44,0,-27,15,-15,15,38,0,-86,15,91,0,92,15,109,0,24,15,90,0]"
CSI_DATA,5195,d8:b1:90:d9:de:f0,-43,9,-99,-36,44,104,374141259,98,0,106,0,"[-123,0,-97,0,-88,0,-11,0,-70,0,18,1,-77,0,6,1,-113,0,-38,0,94,0,-95,0,21,0,94,0,-71,15,14,0,81,15,-65,15,-11,14,-127,15,-57,14,107,15,-48,14,119,15,15,15,-106,15,0,0,0,0,-44,15,-17,15,76,0,4,0,-53,0,21,0,27,1,16,0,50,1,11,0,18,1,6,0,-56,0,6,0,116,0,9,0,23,0,21,0,-68,15,46,0,95,15,81,0,40,15,-128,0,43,15]"
CSI_DATA,5196,d8:b1:90:d9:de:f0,-42,9,-99,-34,43,104,374168414,130,0,106,0,"[-114,15,83,15,-126,15,-10,14,-133,15,-54,14,-124,15,-40,14,-97,15,10,15,-61,15,77,15,1,0,-112,15,79,0,-23,15,-90,0,73,0,-1,0,-132,0,50,1,-98,0,51,1,-115,0,-9,0,115,0,0,0,0,0,58,0,21,0,-76,15,7,0,69,15,3,0,-19,14,14,0,-52,14,29,0,-16,14,30,0,60,15,23,0,-124,15,1,0,-33,15,-29,15,52,0,-81,15,132,0,129,15,-99,0,65,15,-111,0]"
CSI_DATA,5197,d8:b1:90:d9:de:f0,-42,9,-99,-38,44,104,374173968,101,0,106,0,"[-57,0,-18,15,32,1,16,0,70,1,22,0,58,1,22,0,-1,0,26,0,-68,0,34,0,98,0,49,0,-20,15,81,0,123,15,126,0,11,15,-101,0,-26,14,-70,0,-10,14,-67,0,45,15,-110,0,0,0,0,0,-48,15,38,0,30,0,-66,15,106,0,96,15,-129,0,19,15,-122,0,-8,14,132,0,18,15,99,0,87,15,72,0,-102,15,49,0,-10,15,38,0,90,0,38,0,-84,0,57,0,-12,0,95,0]"
CSI_DATA,5198,d8:b1:90:d9:de:f0,-43,9,-99,-39,45,104,374177322,108,0,106,0,"[-108,0,-112,0,-58,0,-46,0,-16,0,-33,0,-14,0,-56,0,-48,0,-99,0,-98,0,106,0,66,0,78,0,-37,14,68,0,91,14,78,0,-7,13,110,0,-42,13,-95,0,-21,13,-71,0,45,14,-85,0,0,0,0,0,-42,14,43,0,14,0,-67,14,38,0,64,14,29,0,-18,13,3,0,-48,13,-15,14,-14,13,-25,14,56,14,-10,14,-115,14,22,0,-36,14,80,0,27,0,-88,0,68,0,-15,0,74,0,7,0]"
CSI_DATA,5199,d8:b1:90:d9:de:f0,-41,11,-99,-33,42,104,374504026,100,0,114,0,"[30,-9,33,-6,36,-5,38,-4,39,-2,38,-1,36,0,35,1,33,-1,33,0,32,0,32,-1,33,0,32,0,33,-1,34,-1,36,-2,38,-1,38,-1,39,-2,39,-1,39,-2,39,-3,38,-3,36,-2,34,-1,34,-1,34,-1,0,0,34,-2,34,0,33,-1,34,-1,34,-1,34,-1,34,-2,33,-2,33,-2,33,-3,30,-2,27,-3,27,-3,25,-4,25,-3,24,-3,23,-4,24,-4,24,-4,25,-5,26,-5,26,-4,27,-5,28,-3,28,-3,27,-3,26,-1,24,0]"
CSI_DATA,5200,d8:b1:90:d9:de:f0,-43,11,-99,-36,44,104,374558567,277,0,106,0,"[34,15,26,0,-39,14,29,0,-64,14,43,0,-38,14,52,0,17,15,48,0,83,15,23,0,-104,15,-25,15,-28,15,-104,15,37,0,59,15,76,0,-24,14,73,0,-73,14,52,0,-62,14,33,0,-2,14,0,0,0,0,24,0,-61,15,69,0,39,0,121,0,-123,0,-73,0,-71,0,-46,0,-60,0,-59,0,-84,0,-106,0,-127,0,88,0,91,0,13,0,70,0,-64,15,64,0,110,15,79,0,57,15,121,0,61,15]"
CSI_DATA,5201,d8:b1:90:d9:de:f0,-43,9,-99,-39,45,104,374559176,127,0,106,0,"[98,14,84,14,46,14,28,14,9,14,30,14,17,14,68,14,45,14,109,14,109,14,-106,14,-61,14,-89,14,49,0,-95,14,-99,0,120,14,-20,0,73,14,0,0,24,14,-26,0,13,14,-84,0,48,14,0,0,0,0,51,0,-40,14,43,0,68,0,62,0,-78,0,98,0,-7,0,-120,0,9,0,-118,0,-23,0,106,0,-83,0,62,0,111,0,0,0,64,0,-71,14,45,0,89,14,51,0,30,14,85,0,34,14]"
CSI_DATA,5202,d8:b1:90:d9:de:f0,-43,9,-99,-37,45,104,374559280,107,0,106,0,"[-112,0,-68,0,-67,0,-11,0,-34,0,-7,0,-33,0,-38,0,-61,0,-83,0,-112,0,111,0,46,0,87,0,-52,13,87,0,82,13,108,0,2,13,-85,0,-18,12,-42,0,9,13,-28,0,71,13,-55,0,0,0,0,0,-54,13,36,0,-37,13,-64,13,-52,13,70,13,-84,13,3,13,-112,13,-11,12,-116,13,20,13,-97,13,75,13,-57,13,-103,13,0,0,-61,13,73,0,-38,13,-85,0,-48,13,-28,0,-82,13,-32,0]"
CSI_DATA,5203,d8:b1:90:d9:de:f0,-43,9,-99,-35,44,104,374559434,119,0,106,0,"[-43,0,83,0,27,0,106,0,59,0,85,0,41,0,52,0,-7,0,28,0,-75,0,26,0,92,0,48,0,7,0,105,0,-64,14,-58,0,-102,14,24,0,-91,14,73,0,-56,14,60,0,-25,14,6,0,0,0,0,0,-18,14,64,0,-74,14,-25,14,97,14,-100,14,24,14,122,14,-5,13,-118,14,5,14,-94,14,57,14,-60,14,-118,14,-43,14,-43,14,-49,14,22,0,-82,14,84,0,102,14,101,0,38,14,62,0]"
CSI_DATA,5204,d8:b1:90:d9:de:f0,-42,9,-99,-34,43,104,374559555,139,0,106,0,"[-39,15,-37,0,-51,15,42,1,-25,15,73,1,2,0,49,1,16,0,-4,0,10,0,-79,0,-31,15,113,0,-113,15,39,0,54,15,-18,15,-39,14,-34,15,-95,14,-20,15,-83,14,21,0,-8,14,41,0,0,0,0,0,-81,15,0,0,-1,15,-90,15,56,0,83,15,67,0,-4,14,47,0,-37,14,19,0,-8,14,1,0,56,15,4,0,129,15,36,0,-67,15,96,0,-6,15,-96,0,30,0,-21,0,23,0,4,1]"
CSI_DATA,5205,d8:b1:90:d9:de:f0,-42,9,-99,-37,43,104,374559699,119,0,106,0,"[-79,0,-135,17,-4,0,110,17,-4,0,63,17,-43,0,58,17,-99,0,88,17,135,0,146,17,106,0,-60,17,107,0,57,0,-145,0,-113,0,-85,0,-28,0,-30,0,-5,0,-4,0,-49,0,-48,0,-127,0,0,0,0,0,58,0,56,0,-68,17,65,0,113,17,109,0,45,17,-125,0,41,17,-79,0,87,17,-80,0,146,17,-121,0,-98,17,112,0,-68,17,27,0,-80,17,-62,17,-125,17,145,17,101,17,108,17,45,17]"
CSI_DATA,5206,d8:b1:90:d9:de:f0,-42,9,-99,-34,43,104,374559839,139,0,106,0,"[124,0,65,15,-102,0,-6,14,-124,0,-46,14,109,0,-34,14,63,0,11,15,49,0,82,15,61,0,-101,15,114,0,-4,15,-67,0,73,0,22,1,110,0,81,1,95,0,79,1,49,0,7,1,16,0,0,0,0,0,75,0,13,0,-14,15,86,0,-80,15,-92,0,-95,15,-9,0,-81,15,30,1,-44,15,5,1,-18,15,-56,0,-20,15,-132,0,-41,15,64,0,-95,15,0,0,96,15,-38,15,20,15,-27,15,-4,14]"
CSI_DATA,5207,d8:b1:90:d9:de:f0,-43,9,-99,-35,44,104,374559947,130,0,106,0,"[-97,0,92,14,-30,0,47,14,-14,0,23,14,-36,0,38,14,-73,0,83,14,-112,0,-110,14,99,0,-26,14,68,0,75,0,53,0,-58,0,51,0,37,0,62,0,80,0,68,0,69,0,57,0,0,0,0,0,0,0,-6,14,68,0,-78,14,-18,14,93,14,-94,14,28,14,108,14,0,14,100,14,28,14,113,14,84,14,-101,14,-100,14,-75,14,-24,14,-63,14,63,0,-63,14,-102,0,-79,14,-43,0,-118,14,-49,0]"
CSI_DATA,5208,d8:b1:90:d9:de:f0,-43,9,-99,-39,45,104,374560118,113,0,106,0,"[55,14,-84,14,-11,13,-124,14,-44,13,-120,14,-27,13,-100,14,21,14,-73,14,89,14,-59,14,-69,14,-61,14,38,0,-79,14,-99,0,-121,14,-15,0,77,14,6,0,41,14,-21,0,36,14,-75,0,69,14,0,0,0,0,45,0,-35,14,6,0,70,0,-14,14,-67,0,-9,14,7,0,3,0,34,0,14,0,6,0,12,0,-54,0,-1,14,-124,0,-30,14,48,0,-78,14,-19,14,103,14,-75,14,37,14,-95,14,5,14]"
CSI_DATA,5209,d8:b1:90:d9:de:f0,-42,9,-99,-34,43,104,374622640,113,0,106,0,"[134,15,80,15,108,15,-2,14,98,15,-29,14,100,15,-5,14,131,15,42,15,-78,15,92,15,-8,15,-115,15,94,0,-44,15,-60,0,18,0,38,1,55,0,93,1,62,0,83,1,52,0,10,1,40,0,0,0,0,0,70,0,25,0,-50,15,57,0,106,15,106,0,33,15,-121,0,5,15,-102,0,29,15,-118,0,85,15,117,0,-121,15,58,0,-60,15,-7,15,-13,15,-92,15,18,0,82,15,21,0,7,15,-13,15]"
CSI_DATA,5210,d8:b1:90:d9:de:f0,-42,9,-99,-35,43,104,374622917,133,0,106,0,"[-116,0,99,16,-64,0,39,16,-66,0,1,16,-107,0,1,16,126,0,35,16,98,0,102,16,93,0,-91,16,125,0,5,0,-89,0,103,0,-13,0,-118,0,54,1,-117,0,62,1,126,0,1,1,74,0,0,0,0,0,88,0,30,0,-20,16,87,0,-93,16,-110,0,-130,16,-28,0,-119,16,14,1,-83,16,-4,0,-45,16,-66,0,-35,16,137,0,-47,16,56,0,-98,16,-8,16,100,16,-57,16,23,16,-59,16,-5,15]"
CSI_DATA,5211,d8:b1:90:d9:de:f0,-42,9,-99,-37,44,104,374767938,98,0,106,0,"[-59,15,54,15,-53,15,-32,14,-58,15,-62,14,-62,15,-43,14,-53,15,9,15,-24,15,73,15,15,0,-110,15,89,0,-21,15,-79,0,68,0,6,1,129,0,59,1,-113,0,64,1,-128,0,4,1,103,0,0,0,0,0,74,0,40,0,-49,15,53,0,99,15,84,0,20,15,120,0,-5,14,-120,0,23,15,-130,0,81,15,100,0,-120,15,47,0,-56,15,-18,15,-15,15,-98,15,16,0,68,15,8,0,-6,14,-32,15]"
CSI_DATA,5212,d8:b1:90:d9:de:f0,-43,9,-99,-39,45,104,374768051,98,0,106,0,"[45,14,6,0,-29,13,-10,14,-60,13,-6,14,-38,13,1,0,5,14,6,0,73,14,-7,14,-92,14,-36,14,2,0,-87,14,96,0,90,14,-83,0,20,14,-58,0,-24,13,-75,0,-25,13,-113,0,17,14,0,0,0,0,46,0,-60,14,39,0,54,0,54,0,-82,0,79,0,-7,0,95,0,15,0,94,0,-11,0,70,0,-70,0,34,0,111,0,-17,14,47,0,-92,14,0,0,68,14,-27,14,-2,13,-31,14,-22,13]"
CSI_DATA,5213,d8:b1:90:d9:de:f0,-42,9,-99,-37,44,104,374768174,98,0,106,0,"[112,15,108,15,77,15,31,15,54,15,10,15,57,15,29,15,87,15,69,15,-122,15,112,15,-43,15,-102,15,67,0,-67,15,-66,0,-45,15,37,1,-40,15,88,1,-55,15,80,1,-76,15,16,1,-69,15,0,0,0,0,84,0,-11,15,-2,15,73,0,-75,15,-96,0,-114,15,-17,0,-119,15,15,1,-98,15,-4,0,-71,15,-71,0,-53,15,116,0,-55,15,27,0,-77,15,-66,15,-124,15,116,15,79,15,66,15,37,15]"
CSI_DATA,5214,d8:b1:90:d9:de:f0,-42,11,-99,-36,43,104,374976364,277,0,106,0,"[61,16,90,0,-23,15,109,0,-43,15,132,0,-7,15,140,0,49,16,122,0,113,16,71,0,-106,16,-1,16,-42,16,-112,16,-2,16,51,16,12,0,-54,15,-5,16,-103,15,-31,16,-85,15,-35,16,-2,15,0,0,0,0,13,0,-81,16,95,0,11,0,-95,0,80,0,-25,0,122,0,-3,0,120,0,-32,0,97,0,-99,0,70,0,108,0,60,0,21,0,65,0,-60,16,94,0,-140,16,-141,0,106,16,-83,0,131,16]"
CSI_DATA,5215,d8:b1:90:d9:de:f0,-42,9,-99,-39,44,104,374976818,98,0,106,0,"[57,16,79,0,-30,15,95,0,-55,15,104,0,-26,15,98,0,37,16,74,0,114,16,37,0,-74,16,-20,16,32,0,-93,16,133,0,97,16,-70,0,17,16,-38,0,-22,15,-61,0,-15,15,-114,0,50,16,0,0,0,0,46,0,-35,16,6,0,83,0,-21,16,-75,0,-29,16,3,1,-32,16,26,1,-27,16,-16,0,-28,16,-92,0,-30,16,103,0,-45,16,10,0,-71,16,-80,16,-107,16,112,16,122,16,54,16,93,16]"
CSI_DATA,5216,d8:b1:90:d9:de:f0,-42,9,-99,-35,43,104,374976968,98,0,106,0,"[92,0,49,16,117,0,-26,15,105,0,-58,15,67,0,-43,15,43,0,19,16,39,0,94,16,59,0,-82,16,119,0,19,0,-69,0,115,0,26,1,-106,0,73,1,-113,0,66,1,124,0,1,1,77,0,0,0,0,0,76,0,35,0,-39,16,83,0,-128,16,-118,0,103,16,-56,0,104,16,-31,0,135,16,-50,0,-100,16,-102,0,-77,16,98,0,-69,16,16,0,-94,16,-67,16,130,16,136,16,68,16,100,16,27,16]"
CSI_DATA,5217,d8:b1:90:d9:de:f0,-43,9,-99,-35,44,104,375185744,228,0,106,0,"[-43,0,-105,14,20,0,108,14,24,0,75,14,-14,0,68,14,-68,0,85,14,-113,0,-121,14,102,0,-49,14,101,0,51,0,-116,0,-90,0,-61,0,-16,0,-5,0,0,0,23,0,-37,0,-6,0,-102,0,0,0,0,0,84,0,49,0,-18,14,61,0,-113,14,106,0,86,14,-82,0,82,14,-37,0,118,14,-41,0,-90,14,-82,0,-64,14,102,0,-63,14,34,0,-90,14,-32,14,99,14,-89,14,31,14,-100,14,-6,13]"
CSI_DATA,5218,d8:b1:90:d9:de:f0,-43,9,-99,-37,45,104,375185947,248,0,106,0,"[-61,0,-112,0,-22,0,-58,0,-6,0,-47,0,-14,0,-66,0,-55,0,-93,0,115,0,116,0,39,0,93,0,-65,13,81,0,62,13,87,0,-24,12,108,0,-65,12,-107,0,-50,12,-97,0,1,13,-114,0,0,0,0,0,-80,13,27,0,-22,13,-53,13,23,0,88,13,44,0,18,13,48,0,-9,12,38,0,11,13,33,0,65,13,34,0,-107,13,50,0,-37,13,88,0,30,0,-99,0,88,0,-41,0,-116,0,-12,0]"
CSI_DATA,5219,d8:b1:90:d9:de:f0,-43,9,-99,-36,44,104,375186118,228,0,106,0,"[40,0,32,15,75,0,-30,14,77,0,-53,14,66,0,-34,14,54,0,19,15,57,0,86,15,76,0,-84,15,115,0,13,0,-81,0,115,0,-20,0,-65,0,18,1,-42,0,21,1,-61,0,-24,0,-99,0,0,0,0,0,73,0,65,0,-37,15,51,0,114,15,66,0,40,15,85,0,11,15,98,0,29,15,93,0,78,15,74,0,-124,15,30,0,-70,15,-21,15,-31,15,-93,15,-12,15,81,15,-19,15,18,15,-56,15]"
CSI_DATA,5220,d8:b1:90:d9:de:f0,-43,9,-99,-37,45,104,375186276,248,0,106,0,"[57,13,113,0,-7,12,-98,0,-22,12,-79,0,1,13,-88,0,44,13,-112,0,91,13,81,0,-100,13,11,0,-66,13,-82,13,-42,13,42,13,-44,13,-42,12,-55,13,-84,12,-77,13,-72,12,-76,13,-15,12,0,0,0,0,-12,13,-86,13,56,0,-17,13,-95,0,44,0,-26,0,67,0,4,0,66,0,-12,0,54,0,-64,0,39,0,107,0,39,0,40,0,51,0,-32,13,84,0,-89,13,-98,0,-110,13,-40,0,-85,13]"
CSI_DATA,5221,d8:b1:90:d9:de:f0,-43,9,-99,-36,44,104,375186438,147,0,106,0,"[-15,15,28,15,1,0,-42,14,-11,15,-65,14,-11,15,-42,14,-13,15,13,15,2,0,78,15,41,0,-106,15,110,0,-25,15,-49,0,48,0,31,1,90,0,84,1,93,0,83,1,68,0,24,1,47,0,0,0,0,0,93,0,22,0,-5,15,65,0,-93,15,121,0,107,15,-75,0,92,15,-45,0,113,15,-57,0,-110,15,-97,0,-85,15,90,0,-65,15,20,0,-76,15,-61,15,-110,15,120,15,95,15,78,15,55,15]"
CSI_DATA,5222,d8:b1:90:d9:de:f0,-43,9,-99,-38,45,104,375186549,167,0,106,0,"[-77,14,41,14,-91,14,-26,13,-113,14,-44,13,-118,14,-12,13,-101,14,36,14,-67,14,89,14,-4,14,-94,14,85,0,-48,14,-48,0,-20,14,40,0,-27,14,85,0,-48,14,75,0,-76,14,12,0,-82,14,0,0,0,0,84,0,-25,14,9,0,55,0,-40,14,-99,0,-57,14,-21,0,-48,14,10,0,-28,14,-9,0,-19,14,-67,0,-21,14,110,0,-41,14,41,0,-84,14,-16,14,93,14,-69,14,26,14,-79,14,0,14]"
CSI_DATA,5223,d8:b1:90:d9:de:f0,-43,9,-99,-37,45,104,375186714,130,0,106,0,"[80,13,104,13,40,13,38,13,26,13,20,13,43,13,35,13,81,13,67,13,-94,13,110,13,-17,13,-77,13,82,0,-25,13,-44,0,22,0,44,0,50,0,90,0,58,0,82,0,50,0,27,0,36,0,0,0,0,0,69,0,12,0,-38,13,27,0,94,13,49,0,21,13,72,0,-5,12,87,0,16,13,81,0,66,13,56,0,-102,13,21,0,-37,13,-22,13,25,0,-78,13,79,0,91,13,104,0,33,13,87,0]"
CSI_DATA,5224,d8:b1:90:d9:de:f0,-45,11,-99,-39,47,104,375504045,100,0,228,0,"[-9,1,-11,3,-13,6,-16,7,-18,9,-18,9,-19,10,95,57,-17,7,-16,7,-13,6,-11,6,-8,5,-6,5,-3,4,0,4,4,4,7,5,11,6,15,6,18,6,27,-45,20,7,20,8,20,8,17,8,16,7,13,6,0,0,8,2,5,0,2,-2,0,-5,-1,-8,-3,-11,-48,11,-6,-16,-6,-17,-6,-17,-6,-16,-5,-16,-4,-13,-4,-12,-3,-9,-3,-6,-3,-3,-3,-1,-3,1,-3,4,-50,11,-6,10,-8,12,-9,13,-11,14,-12,13,-12,11,-11,9,-10,-12,-18,-3,-16,10,-5,19,9,16,16,4,13,-6,-16,-3,-6,-6,-6,2,0,6,7,3,7,-6,0,-13,-11,-10,-17,1,-11,15,3,21,17,13,21,-3,12,-16,17,-10,-13,-8,-11,3,-2,7,4,3,3,-3,-3,-6,0,0,-9,9,0,16,13,13,20,0,15,-15,0,-21,-18,-29,-19,-1,-12,10,0,13,6,6,6,0,1,-2,-1,0,0,4,6,3,9,-2,6,-9,-2,-13,-12,-8,-20,9,-10,12,0,16,10,10,12,0,6,-6,0,-6,-3,-1]"
CSI_DATA,5225,d8:b1:90:d9:de:f0,-43,9,-99,-37,44,104,375603551,119,0,106,0,"[57,15,75,0,-22,14,96,0,-40,14,120,0,-13,14,122,0,43,15,109,0,106,15,69,0,-90,15,3,0,-21,15,-91,15,34,0,62,15,65,0,-33,14,65,0,-86,14,37,0,-69,14,14,0,-10,14,0,0,0,0,14,0,-64,15,59,0,41,0,122,0,-119,0,-86,0,-61,0,-58,0,-54,0,-69,0,-82,0,-119,0,-126,0,75,0,90,0,-2,15,58,0,-91,15,48,0,79,15,60,0,16,15,95,0,16,15]"
CSI_DATA,5226,d8:b1:90:d9:de:f0,-42,9,-99,-36,43,104,375603717,139,0,106,0,"[96,16,138,0,21,16,-96,0,10,16,-62,0,44,16,-66,0,97,16,-97,0,-135,16,122,0,-89,16,31,0,-54,16,-86,16,-42,16,67,16,-44,16,-35,15,-75,16,-93,15,-97,16,-75,15,-89,16,2,16,0,0,0,0,-15,16,-71,16,85,0,16,0,-100,0,78,0,-12,0,111,0,17,1,109,0,-8,0,88,0,-78,0,60,0,118,0,46,0,26,0,53,0,-61,16,86,0,139,16,-139,0,98,16,-78,0,121,16]"
CSI_DATA,5227,d8:b1:90:d9:de:f0,-42,9,-99,-36,44,104,375603888,119,0,106,0,"[-72,0,114,0,-2,0,-97,0,34,1,-100,0,21,1,118,0,-27,0,85,0,-100,0,66,0,65,0,62,0,-51,15,78,0,92,15,121,0,9,15,-78,0,-16,14,-37,0,14,15,-18,0,72,15,-52,0,0,0,0,0,-51,15,47,0,-20,15,-71,15,-18,15,71,15,-39,15,-10,14,-60,15,-30,14,-67,15,3,15,-53,15,71,15,-24,15,-123,15,29,0,-53,15,101,0,-2,15,-68,0,27,0,5,1,22,0,25,1]"
CSI_DATA,5228,d8:b1:90:d9:de:f0,-43,9,-99,-34,44,104,375604046,139,0,106,0,"[-58,14,45,14,-82,14,-28,13,-115,14,-43,13,115,14,-13,13,-110,14,38,14,-76,14,99,14,-11,14,-83,14,84,0,-29,14,-49,0,5,0,45,0,9,0,90,0,-14,14,72,0,-39,14,8,0,-53,14,0,0,0,0,65,0,-6,14,-20,14,65,0,-84,14,-85,0,-111,14,-14,0,-102,14,14,0,-78,14,-6,0,-52,14,-64,0,-42,14,105,0,-50,14,26,0,-82,14,-50,14,102,14,-116,14,36,14,99,14,-2,13]"
CSI_DATA,5229,d8:b1:90:d9:de:f0,-43,9,-99,-37,44,104,375604163,108,0,106,0,"[-39,15,-49,0,-56,15,32,1,-27,15,63,1,-5,15,40,1,12,0,-20,0,8,0,-92,0,-23,15,83,0,-91,15,-11,15,82,15,-86,15,-8,14,124,15,-67,14,129,15,-64,14,-95,15,-2,14,-53,15,0,0,0,0,-65,15,-19,15,45,0,-56,15,-117,0,-117,15,-64,0,82,15,-60,0,45,15,-95,0,60,15,117,0,110,15,82,0,-89,15,56,0,-6,15,63,0,77,0,96,0,-100,0,-106,0,-51,0,-58,0]"
CSI_DATA,5230,d8:b1:90:d9:de:f0,-43,9,-99,-34,44,104,375604308,120,0,106,0,"[108,0,67,14,-91,0,1,14,-100,0,-42,13,107,0,-26,13,67,0,25,14,45,0,87,14,48,0,-65,14,73,0,39,0,-102,0,-104,0,-36,0,-44,0,12,0,-32,0,28,0,-66,0,-14,0,119,0,0,0,0,0,52,0,33,0,-56,14,40,0,83,14,70,0,22,14,116,0,10,14,-89,0,45,14,-88,0,100,14,116,0,-95,14,62,0,-56,14,-4,14,-42,14,-89,14,-58,14,70,14,-110,14,16,14,84,14]"
CSI_DATA,5231,d8:b1:90:d9:de:f0,-42,11,-99,-37,44,104,375811959,277,0,106,0,"[-129,0,86,15,-79,0,23,15,-81,0,-10,14,-111,0,2,15,111,0,53,15,82,0,121,15,73,0,-47,15,91,0,69,0,-131,0,-75,0,-78,0,9,1,-30,0,27,1,-19,0,-10,0,-53,0,-78,0,0,0,0,0,40,0,59,0,-73,15,37,0,77,15,34,0,3,15,60,0,-15,14,85,0,17,15,87,0,82,15,68,0,-115,15,23,0,-57,15,-34,15,-17,15,-114,15,-4,15,63,15,-26,15,-5,14,-75,15]"
CSI_DATA,5232,d8:b1:90:d9:de:f0,-42,9,-99,-36,43,104,375812413,98,0,106,0,"[-54,0,39,0,34,1,46,0,67,1,19,0,37,1,-13,16,-33,0,-24,16,-109,0,-16,16,81,0,38,0,-5,16,123,0,-69,16,-50,0,-96,16,56,1,-71,16,111,1,-25,16,95,1,2,0,14,1,0,0,0,0,-8,16,78,0,-85,16,-25,16,105,16,-96,16,24,16,-121,16,-5,15,-114,16,21,16,-84,16,89,16,-54,16,-117,16,-46,16,-30,16,-62,16,46,0,-113,16,106,0,99,16,120,0,23,16,71,0]"
CSI_DATA,5233,d8:b1:90:d9:de:f0,-42,9,-99,-37,44,104,375812509,98,0,106,0,"[-99,0,-116,0,-39,0,-68,0,3,1,-73,0,-6,0,-113,0,-49,0,109,0,-119,0,76,0,51,0,65,0,-58,15,95,0,98,15,-109,0,33,15,-40,0,24,15,23,1,64,15,36,1,-131,15,-14,0,0,0,0,0,-41,15,59,0,-60,15,-57,15,-100,15,106,15,107,15,45,15,69,15,40,15,79,15,78,15,122,15,-130,15,-74,15,-87,15,2,0,-66,15,86,0,-76,15,-98,0,-113,15,-60,0,90,15,-89,0]"
CSI_DATA,5234,d8:b1:90:d9:de:f0,-42,9,-99,-36,43,104,375812632,124,0,106,0,"[0,0,-47,0,4,0,43,1,39,0,67,1,63,0,28,1,70,0,-32,0,47,0,-120,0,-16,16,90,0,-118,16,23,0,41,16,-16,16,-61,15,-5,16,-117,15,29,0,-98,15,80,0,-2,15,90,0,0,0,0,0,-76,16,19,0,1,0,-94,16,33,0,87,16,31,0,-1,15,10,0,-32,15,-21,16,5,16,-23,16,80,16,-1,16,-122,16,44,0,-49,16,121,0,2,0,-68,0,28,0,2,1,-2,16,14,1]"
CSI_DATA,5235,d8:b1:90:d9:de:f0,-42,9,-99,-37,44,104,375812781,192,0,106,0,"[-90,15,-65,0,117,15,-4,0,109,15,21,1,124,15,-3,0,-115,15,-54,0,-88,15,-128,0,-74,15,39,0,-69,15,-85,15,-81,15,52,15,-95,15,-50,14,-117,15,-88,14,-125,15,-65,14,-103,15,5,15,0,0,0,0,-5,15,-72,15,79,0,13,0,-98,0,88,0,-31,0,-129,0,-9,0,-123,0,-38,0,124,0,-98,0,100,0,84,0,77,0,-2,15,65,0,-91,15,67,0,82,15,84,0,27,15,124,0,29,15]"
CSI_DATA,5236,d8:b1:90:d9:de:f0,-42,9,-99,-36,43,104,375812918,212,0,106,0,"[61,16,71,0,-29,15,78,0,-57,15,93,0,-23,15,93,0,35,16,72,0,114,16,30,0,-86,16,-31,16,4,0,-121,16,97,0,59,16,-134,0,-28,15,-125,0,-85,15,-143,0,-75,15,108,0,2,16,0,0,0,0,51,0,-60,16,57,0,71,0,80,0,-97,0,112,0,-17,0,124,0,7,1,106,0,-24,0,71,0,-92,0,14,0,126,0,-40,16,54,0,-118,16,-4,16,77,16,-48,16,6,16,-54,16,-20,15]"
CSI_DATA,5237,d8:b1:90:d9:de:f0,-43,9,-99,-34,44,104,376021303,130,0,106,0,"[112,14,-69,0,53,14,-18,0,41,14,10,0,66,14,-2,0,103,14,-44,0,-102,14,-101,0,-71,14,50,0,-60,14,-56,14,-67,14,64,14,-85,14,-33,13,-119,14,-75,13,98,14,-57,13,107,14,7,14,0,0,0,0,-41,14,-62,14,50,0,10,0,-98,0,63,0,-20,0,77,0,9,0,69,0,-13,0,50,0,-76,0,32,0,96,0,29,0,15,0,41,0,-62,14,75,0,113,14,-114,0,82,14,-45,0,113,14]"
CSI_DATA,5238,d8:b1:90:d9:de:f0,-43,11,-99,-38,45,104,376229757,277,0,106,0,"[61,14,-60,14,-14,13,-113,14,-49,13,114,14,-33,13,119,14,11,14,-101,14,79,14,-86,14,-76,14,-67,14,35,0,-53,14,-83,0,-50,14,14,0,-50,14,65,0,-58,14,58,0,-67,14,-3,0,-57,14,0,0,0,0,45,0,-10,14,-62,14,40,0,84,14,89,0,18,14,-103,0,-2,13,-84,0,22,14,-100,0,75,14,95,0,-110,14,41,0,-55,14,-16,14,-2,14,-85,14,43,0,82,14,58,0,15,14,41,0]"
CSI_DATA,5239,d8:b1:90:d9:de:f0,-43,9,-99,-36,44,104,376230256,130,0,106,0,"[60,15,13,0,-35,14,0,0,-74,14,12,0,-56,14,15,0,-9,14,18,0,64,15,8,0,-106,15,-21,15,2,0,-74,15,110,0,116,15,-63,0,59,15,-29,0,13,15,-48,0,10,15,-99,0,53,15,0,0,0,0,26,0,-39,15,-15,15,76,0,-51,15,-71,0,-59,15,15,1,-52,15,44,1,-43,15,14,1,-33,15,-53,0,-34,15,122,0,-48,15,33,0,-75,15,-50,15,-118,15,123,15,87,15,80,15,54,15]"
CSI_DATA,5240,d8:b1:90:d9:de:f0,-40,11,-99,-33,41,104,376503944,100,0,114,0,"[23,24,23,29,25,32,25,34,24,34,24,34,22,33,22,32,22,29,22,29,23,28,22,27,24,27,25,25,25,27,29,27,31,25,31,27,33,27,34,25,33,25,36,24,36,23,37,23,34,22,33,19,36,19,34,18,0,0,36,15,34,15,37,15,37,14,37,14,37,12,38,11,38,10,38,9,37,6,36,5,33,5,33,2,32,1,31,1,31,-1,28,-2,29,-2,29,-2,31,-3,31,-5,33,-5,33,-6,33,-6,33,-6,33,-6,31,-3,28,-2]"
CSI_DATA,5241,d8:b1:90:d9:de:f0,-43,9,-99,-35,44,104,376647999,224,0,106,0,"[80,0,-71,0,102,0,13,0,122,0,39,0,120,0,19,0,101,0,-32,0,61,0,-90,0,5,0,87,0,-76,14,7,0,70,14,-61,14,-15,13,-110,14,-61,13,-118,14,-62,13,-97,14,-7,13,-67,14,0,0,0,0,-55,14,-2,14,64,0,-2,14,-69,0,-10,14,6,0,-39,14,33,0,-57,14,3,0,-62,14,-60,0,-46,14,115,0,-14,14,41,0,27,0,-27,14,83,0,-88,14,-92,0,-109,14,-25,0,-84,14]"
CSI_DATA,5242,d8:b1:90:d9:de:f0,-42,11,-99,-36,44,104,376856453,277,0,106,0,"[-37,0,-37,15,38,1,-31,15,62,1,-50,15,31,1,-53,15,-28,0,-50,15,-99,0,-25,15,74,0,17,0,-21,15,84,0,-101,15,-78,0,101,15,2,1,86,15,56,1,110,15,53,1,-110,15,-10,0,0,0,0,0,-44,15,54,0,-52,15,-60,15,-76,15,88,15,-105,15,19,15,-120,15,-1,14,-114,15,36,15,-76,15,96,15,-28,15,-98,15,30,0,-33,15,108,0,10,0,-63,0,43,0,9,1,32,0,26,1]"
CSI_DATA,5243,d8:b1:90:d9:de:f0,-42,9,-99,-35,43,104,376856916,124,0,106,0,"[49,16,6,0,-34,15,-3,16,-63,15,8,0,-34,15,28,0,25,16,31,0,104,16,10,0,-83,16,-28,16,11,0,-100,16,105,0,82,16,-118,0,-8,15,-111,0,-62,15,135,0,-59,15,94,0,2,16,0,0,0,0,40,0,-71,16,66,0,50,0,116,0,-126,0,-114,0,-56,0,-92,0,-44,0,-102,0,-77,0,131,0,-131,0,61,0,93,0,-18,16,49,0,-112,16,33,0,69,16,43,0,4,16,73,0,0,16]"
CSI_DATA,5244,d8:b1:90:d9:de:f0,-41,9,-99,-37,43,104,376857038,98,0,106,0,"[-71,17,55,17,-87,17,-36,16,-117,17,-58,16,-128,17,-19,16,-110,17,47,17,-76,17,125,17,-3,17,-87,17,108,0,-11,17,-57,0,36,0,55,1,56,0,110,1,43,0,97,1,6,0,8,1,-10,17,0,0,0,0,78,0,11,0,-27,17,91,0,-113,17,-112,0,138,17,-34,0,142,17,-1,0,-117,17,-31,0,-80,17,-106,0,-54,17,103,0,-49,17,6,0,-76,17,-95,17,-131,17,105,17,90,17,65,17,43,17]"
CSI_DATA,5245,d8:b1:90:d9:de:f0,-42,9,-99,-39,44,104,376857143,130,0,106,0,"[-135,0,-93,0,-91,0,-21,0,-59,0,-11,0,-62,0,-51,0,-94,0,-99,0,123,0,125,0,34,0,80,0,-83,16,55,0,66,16,51,0,-39,15,79,0,-83,15,115,0,-61,15,-138,0,19,16,128,0,0,0,0,0,-79,16,23,0,-13,16,-83,16,21,0,85,16,25,0,4,16,10,0,-25,15,-3,16,9,16,-9,16,87,16,7,0,-109,16,42,0,-27,16,110,0,42,0,-87,0,94,0,-9,0,99,0,22,1]"
CSI_DATA,5246,d8:b1:90:d9:de:f0,-43,9,-99,-36,44,104,376857296,130,0,106,0,"[-105,0,-102,0,-54,0,-49,0,-17,0,-44,0,-22,0,-82,0,-65,0,-125,0,-127,0,88,0,39,0,62,0,-70,15,60,0,67,15,82,0,-20,14,-124,0,-47,14,-80,0,-18,14,-59,0,50,15,-86,0,0,0,0,0,-62,15,40,0,-23,15,-75,15,-26,15,75,15,-44,15,2,15,-66,15,-18,14,-74,15,20,15,-63,15,94,15,-23,15,-98,15,27,0,-31,15,107,0,9,0,-63,0,27,0,11,1,5,0,16,1]"
CSI_DATA,5247,d8:b1:90:d9:de:f0,-43,9,-99,-35,44,104,376857439,113,0,106,0,"[59,14,-82,14,-4,13,117,14,-32,13,109,14,-9,13,121,14,43,14,-103,14,113,14,-73,14,-40,14,-50,14,77,0,-29,14,-46,0,-17,14,52,0,-14,14,99,0,-18,14,80,0,-31,14,17,0,-29,14,0,0,0,0,62,0,4,0,-47,14,52,0,101,14,103,0,39,14,-99,0,22,14,-83,0,51,14,-101,0,105,14,102,0,-83,14,48,0,-22,14,-20,14,28,0,-98,14,68,0,64,14,73,0,-4,13,47,0]"
CSI_DATA,5248,d8:b1:90:d9:de:f0,-42,9,-99,-34,43,104,376894037,756,0,106,0,"[92,15,-133,15,22,15,87,15,-20,14,98,15,-9,14,-129,15,39,15,-87,15,116,15,-63,15,-58,15,-65,15,50,0,-104,15,-119,0,97,15,-55,0,14,15,-55,0,-49,14,-99,0,-58,14,110,0,2,15,0,0,0,0,34,0,-72,15,65,0,47,0,124,0,-127,0,-80,0,-75,0,-48,0,-75,0,-62,0,-115,0,-118,0,102,0,80,0,73,0,-2,15,59,0,-87,15,85,0,108,15,-128,0,75,15,-60,0,115,15]"
CSI_DATA,5249,d8:b1:90:d9:de:f0,-43,9,-99,-39,45,104,377065824,108,0,106,0,"[48,0,46,14,79,0,-30,13,79,0,-54,13,66,0,-28,13,55,0,22,14,51,0,104,14,66,0,-53,14,92,0,64,0,-117,0,-71,0,-73,0,5,0,-45,0,42,0,-39,0,17,0,-71,0,-43,0,0,0,0,0,43,0,43,0,-49,14,-21,14,102,14,-68,14,33,14,-92,14,7,14,-95,14,36,14,-79,14,101,14,-66,14,-75,14,-54,14,0,0,-59,14,81,0,-77,14,-95,0,-109,14,-58,0,98,14,-68,0]"
CSI_DATA,5250,d8:b1:90:d9:de:f0,-43,9,-99,-36,44,104,377065987,500,0,106,0,"[25,0,-41,0,42,0,37,1,77,0,60,1,100,0,21,1,95,0,-33,0,59,0,-98,0,-8,15,106,0,-103,15,75,0,41,15,65,0,-42,14,92,0,-75,14,-118,0,-48,14,-86,0,30,15,-103,0,0,0,0,0,-61,15,51,0,-23,15,-57,15,-19,15,99,15,-41,15,26,15,-64,15,2,15,-72,15,35,15,-59,15,94,15,-24,15,-107,15,35,0,-66,15,104,0,-53,15,-79,0,-69,15,-37,0,-107,15,-52,0]"
CSI_DATA,5251,d8:b1:90:d9:de:f0,-43,9,-99,-39,45,104,377066277,500,0,106,0,"[-60,0,94,0,10,0,-114,0,43,0,-119,0,20,0,107,0,-33,0,79,0,-106,0,65,0,47,0,66,0,-64,14,85,0,71,14,-121,0,-9,13,-76,0,-33,13,-34,0,-3,13,-23,0,59,14,-58,0,0,0,0,0,-36,14,50,0,14,0,-52,14,45,0,94,14,46,0,21,14,40,0,-5,13,27,0,23,14,22,0,88,14,34,0,-90,14,56,0,-14,14,100,0,50,0,-93,0,105,0,-35,0,-123,0,-10,0]"
CSI_DATA,5252,d8:b1:90:d9:de:f0,-43,9,-99,-36,44,104,377066505,500,0,106,0,"[114,15,88,15,75,15,18,15,55,15,4,15,65,15,30,15,105,15,70,15,-90,15,113,15,-7,15,-105,15,98,0,-82,15,-40,0,-69,15,51,1,-71,15,91,1,-86,15,74,1,-103,15,1,1,-91,15,0,0,0,0,75,0,-27,15,-8,15,53,0,-76,15,-121,0,-110,15,-56,0,-118,15,-28,0,-105,15,-52,0,-87,15,-110,0,-77,15,81,0,-79,15,9,0,-102,15,-62,15,115,15,125,15,72,15,90,15,47,15]"
CSI_DATA,5253,d8:b1:90:d9:de:f0,-43,11,-99,-35,44,104,377274251,277,0,106,0,"[-35,0,-75,14,35,0,-115,14,44,0,91,14,4,0,72,14,-49,0,85,14,-100,0,-117,14,117,0,-44,14,116,0,51,0,-105,0,-97,0,-50,0,-31,0,-5,0,-20,0,11,0,-57,0,-32,0,123,0,0,0,0,0,55,0,29,0,-52,14,40,0,103,14,87,0,53,14,-102,0,51,14,-68,0,85,14,-71,0,-118,14,-106,0,-89,14,87,0,-82,14,24,0,-103,14,-36,14,101,14,-86,14,48,14,-100,14,25,14]"
CSI_DATA,5254,d8:b1:90:d9:de:f0,-43,9,-99,-38,45,104,377274696,113,0,106,0,"[78,14,109,14,14,14,59,14,-19,13,55,14,-8,13,86,14,32,14,-118,14,96,14,-97,14,-62,14,-82,14,42,0,-92,14,-95,0,117,14,-16,0,73,14,5,0,35,14,-22,0,25,14,-84,0,58,14,0,0,0,0,27,0,-45,14,-10,14,59,0,-24,14,-79,0,-16,14,0,0,0,0,19,0,12,0,-8,0,7,0,-67,0,-10,14,115,0,-46,14,54,0,-96,14,4,0,84,14,-29,14,29,14,-33,14,20,14]"
CSI_DATA,5255,d8:b1:90:d9:de:f0,-43,9,-99,-38,45,104,377274795,98,0,106,0,"[34,0,-36,0,33,0,52,0,36,0,82,0,31,0,52,0,16,0,-5,0,-3,14,-72,0,-35,14,76,0,-81,14,-26,14,112,14,107,14,66,14,27,14,42,14,-11,13,39,14,3,14,83,14,62,14,0,0,0,0,-35,14,-25,14,39,0,52,0,-120,0,-118,0,-66,0,-79,0,-43,0,-65,0,-70,0,-84,0,117,0,-120,0,52,0,87,0,-12,14,54,0,-87,14,18,0,84,14,-2,14,26,14,-4,14,20,14]"
CSI_DATA,5256,d8:b1:90:d9:de:f0,-43,9,-99,-38,45,104,377274936,120,0,106,0,"[-2,14,-29,0,0,0,48,0,27,0,75,0,45,0,47,0,51,0,-3,0,26,0,-71,0,-21,14,103,0,-100,14,33,0,47,14,-19,14,-36,13,-40,14,-79,13,-27,14,-64,13,1,0,-1,13,28,0,0,0,0,0,-48,14,15,0,50,0,-38,14,-116,0,-108,14,-75,0,67,14,-77,0,38,14,-106,0,50,14,102,0,95,14,76,0,-84,14,67,0,-16,14,82,0,50,0,115,0,113,0,-84,0,-101,0,-55,0]"
CSI_DATA,5257,d8:b1:90:d9:de:f0,-42,9,-99,-37,43,104,377483630,1193,0,106,0,"[-100,0,-136,0,-17,0,-69,0,19,1,-66,0,5,1,-99,0,-39,0,-140,0,-124,0,116,0,73,0,83,0,-63,17,58,0,94,17,54,0,-15,16,63,0,-65,16,84,0,-41,16,100,0,40,17,83,0,0,0,0,0,-21,17,3,0,81,0,-83,17,-128,0,114,17,-76,0,38,17,-70,0,11,17,-106,0,47,17,139,0,112,17,92,0,-107,17,53,0,-13,17,39,0,84,0,42,0,-109,0,62,0,-41,0,98,0]"
CSI_DATA,5258,d8:b1:90:d9:de:f0,-45,11,-99,-37,46,104,377503682,100,0,228,0,"[-5,-4,-9,-4,-14,-5,-17,-6,-21,-6,-22,-8,-22,-7,101,60,-21,-6,-19,-6,-17,-4,-14,-4,-12,-2,-9,0,-5,0,-3,2,0,4,4,7,7,8,10,12,13,13,28,-48,15,15,14,15,13,14,13,13,11,11,8,8,0,0,4,4,1,0,0,-3,-3,-6,-5,-9,-7,-13,-93,12,-9,-17,-10,-18,-9,-18,-9,-17,-8,-16,-8,-13,-7,-11,-6,-8,-5,-6,-4,-3,-3,0,-3,2,-2,4,-24,12,-1,11,-1,13,-1,16,-2,17,-2,17,-4,15,-3,13,5,-14,-6,-17,-17,-9,-19,6,-8,16,4,16,12,6,-13,-10,0,-6,-4,0,-1,4,5,4,10,-3,5,-13,-6,-15,-18,-6,-20,9,-7,22,11,22,23,7,20,-11,20,-4,-8,-15,-12,-2,-6,5,1,4,4,-1,-1,-6,0,0,-9,7,-1,15,11,13,19,1,16,-13,1,-19,-21,-31,-17,-1,-12,8,-1,10,4,5,3,0,0,0,0,4,4,5,9,1,9,-7,2,-13,-8,-12,-17,-3,-16,18,-3,17,9,14,15,4,11,-7,2,-10,-4,-6,-4,0]"
CSI_DATA,5259,d8:b1:90:d9:de:f0,-43,9,-99,-35,44,104,377692547,130,0,106,0,"[41,14,0,14,-41,13,-4,14,-72,13,18,0,-50,13,34,0,0,14,41,0,68,14,23,0,-105,14,-18,14,-28,14,-93,14,32,0,60,14,72,0,-25,13,68,0,-72,13,39,0,-67,13,13,0,-6,13,0,0,0,0,0,0,-58,14,47,0,45,0,108,0,-114,0,-80,0,-64,0,-50,0,-59,0,-61,0,-85,0,-104,0,120,0,81,0,85,0,13,0,63,0,-62,14,65,0,111,14,89,0,65,14,-120,0,76,14]"
CSI_DATA,5260,d8:b1:90:d9:de:f0,-43,9,-99,-36,44,104,377692655,130,0,106,0,"[-40,15,45,15,-42,15,-38,14,-61,15,-73,14,-76,15,-49,14,-67,15,3,15,-35,15,64,15,14,0,-123,15,98,0,-62,15,-51,0,-8,15,40,1,10,0,86,1,11,0,73,1,-13,15,6,1,-20,15,0,0,0,0,77,0,4,0,-20,15,72,0,-93,15,-109,0,122,15,-42,0,118,15,-12,0,-118,15,-33,0,-94,15,-87,0,-76,15,106,0,-74,15,35,0,-94,15,-39,15,-128,15,-111,15,79,15,111,15,50,15]"
CSI_DATA,5261,d8:b1:90:d9:de:f0,-43,9,-99,-35,44,104,377692763,124,0,106,0,"[-51,0,-62,14,28,0,-89,14,53,0,-124,14,18,0,110,14,-34,0,121,14,-88,0,-82,14,104,0,-18,14,63,0,75,0,39,0,-63,0,43,0,30,0,70,0,70,0,97,0,50,0,99,0,-13,0,0,0,0,0,27,0,54,0,-62,14,-19,14,90,14,-66,14,12,14,-80,14,-14,13,-69,14,4,14,-47,14,65,14,-31,14,-117,14,-30,14,-43,14,-47,14,17,0,-88,14,66,0,95,14,85,0,40,14,50,0]"
CSI_DATA,5262,d8:b1:90:d9:de:f0,-43,9,-99,-37,44,104,377711942,124,0,106,0,"[87,0,-60,0,111,0,21,1,-120,0,38,1,-117,0,10,1,126,0,-43,0,83,0,-100,0,5,0,112,0,-93,15,76,0,46,15,57,0,-51,14,66,0,-94,14,98,0,-78,14,125,0,1,15,118,0,0,0,0,0,-83,15,34,0,-13,15,-55,15,27,0,104,15,38,0,27,15,30,0,-7,14,17,0,22,15,9,0,84,15,23,0,-112,15,54,0,-40,15,110,0,15,0,-81,0,53,0,-16,0,56,0,7,1]"
CSI_DATA,5263,d8:b1:90:d9:de:f0,-42,9,-99,-33,43,104,377730050,1187,0,106,0,"[26,15,-23,15,-42,14,-33,15,-69,14,-10,15,-42,14,14,0,13,15,26,0,84,15,13,0,-107,15,-37,15,-46,15,-129,15,-10,15,16,15,-6,15,-79,14,-39,15,-119,14,-82,15,-99,14,-91,15,-23,14,0,0,0,0,-27,15,-109,15,64,0,-54,15,-97,0,-29,15,-24,0,-36,15,-7,0,-59,15,-38,0,-66,15,-94,0,-57,15,108,0,-18,15,61,0,37,0,40,0,114,0,49,0,-63,0,96,0,-11,0,-109,0]"
CSI_DATA,5264,d8:b1:90:d9:de:f0,-41,9,-99,-33,42,104,377743040,124,0,106,0,"[36,17,-109,17,-26,16,-146,17,-49,16,-142,17,-19,16,-106,17,40,17,-79,17,120,17,-73,17,-79,17,-93,17,26,0,-144,17,124,0,61,17,-116,0,-23,16,-110,0,-77,16,-143,0,-80,16,110,0,-12,16,0,0,0,0,72,0,-117,17,122,0,-12,17,-106,0,66,0,-47,0,112,0,-25,0,117,0,-53,0,95,0,-121,0,70,0,98,0,63,0,17,0,71,0,-58,17,117,0,-122,17,-107,0,-140,17,-34,0,-97,17]"
CSI_DATA,5265,d8:b1:90:d9:de:f0,-41,9,-99,-34,42,104,377766807,98,0,106,0,"[62,0,22,17,95,0,-47,16,86,0,-68,16,68,0,-28,16,53,0,35,17,52,0,128,17,70,0,-70,17,116,0,51,0,-129,0,-128,0,-61,0,-43,0,-16,0,-1,0,-15,0,-26,0,-72,0,-85,0,0,0,0,0,53,0,114,0,-82,17,101,0,106,17,115,0,24,17,129,0,9,17,141,0,51,17,127,0,117,17,92,0,-118,17,33,0,-47,17,-32,17,-2,17,-121,17,28,0,79,17,17,0,1,17,-28,17]"
CSI_DATA,5266,d8:b1:90:d9:de:f0,-41,9,-99,-36,43,104,377767056,124,0,106,0,"[-87,0,103,16,-33,0,43,16,-40,0,11,16,-84,0,32,16,-140,0,75,16,99,0,-134,16,62,0,-30,16,49,0,100,0,68,0,-57,0,99,0,49,1,142,0,88,1,-120,0,56,1,-139,0,-21,0,0,0,0,0,12,0,92,0,-102,16,43,0,67,16,20,0,-10,15,26,0,-26,15,50,0,14,16,58,0,96,16,51,0,-104,16,20,0,-21,16,-30,16,43,0,-105,16,85,0,87,16,84,0,3,16,33,0]"
CSI_DATA,5267,d8:b1:90:d9:de:f0,-42,11,-99,-37,44,104,378109845,277,0,106,0,"[-87,15,63,15,-96,15,-14,14,-111,15,-46,14,-110,15,-20,14,-94,15,21,15,-56,15,85,15,-4,15,-106,15,83,0,-22,15,-79,0,52,0,10,1,107,0,73,1,120,0,72,1,103,0,19,1,77,0,0,0,0,0,79,0,23,0,-47,15,47,0,98,15,78,0,16,15,127,0,-8,14,-108,0,23,15,-112,0,82,15,119,0,-111,15,64,0,-54,15,-6,15,-5,15,-91,15,17,0,79,15,7,0,-1,14,-33,15]"
CSI_DATA,5268,d8:b1:90:d9:de:f0,-42,9,-99,-36,44,104,378110290,321,0,106,0,"[-109,15,-81,0,75,15,-27,0,47,15,-8,0,57,15,-28,0,84,15,-75,0,119,15,119,0,-79,15,37,0,-16,15,-63,15,54,0,82,15,112,0,-11,14,-119,0,-62,14,-122,0,-60,14,112,0,3,15,0,0,0,0,28,0,-65,15,-3,15,60,0,-26,15,-74,0,-36,15,13,1,-38,15,50,1,-37,15,19,1,-30,15,-53,0,-26,15,118,0,-25,15,24,0,-32,15,-76,15,-50,15,81,15,-80,15,4,15,-115,15]"
CSI_DATA,5269,d8:b1:90:d9:de:f0,-43,9,-99,-38,45,104,378110485,321,0,106,0,"[-39,14,-55,0,-85,14,15,0,-106,14,42,0,-100,14,22,0,-90,14,-23,0,-79,14,-92,0,-63,14,60,0,-39,14,-49,14,-17,14,72,14,-9,14,-24,13,-6,14,-81,13,-7,14,-76,13,-7,14,-21,13,0,0,0,0,0,0,-69,14,26,0,47,0,58,0,-85,0,89,0,-2,0,106,0,24,0,99,0,0,0,69,0,-60,0,33,0,112,0,-9,14,35,0,-61,14,-39,14,113,14,-113,14,52,14,89,14,21,14]"
CSI_DATA,5270,d8:b1:90:d9:de:f0,-43,9,-99,-37,44,104,378110698,321,0,106,0,"[-65,0,-71,15,22,1,-67,15,57,1,-69,15,33,1,-58,15,-14,0,-47,15,-88,0,-23,15,88,0,13,0,-22,15,59,0,127,15,123,0,36,15,-87,0,-15,14,-49,0,-5,14,-38,0,53,15,-77,0,0,0,0,0,-56,15,49,0,26,0,-57,15,91,0,102,15,-131,0,15,15,-125,0,-19,14,116,0,6,15,85,0,74,15,55,0,-110,15,27,0,-16,15,13,0,82,0,13,0,-79,0,36,0,-1,0,75,0]"
CSI_DATA,5271,d8:b1:90:d9:de:f0,-42,9,-99,-36,44,104,378110866,321,0,106,0,"[-50,0,62,0,25,1,93,0,61,1,81,0,48,1,58,0,-8,0,34,0,-68,0,21,0,98,0,37,0,1,0,81,0,-98,15,-100,0,93,15,-12,0,83,15,42,1,121,15,51,1,-86,15,7,1,0,0,0,0,-28,15,74,0,-48,15,-38,15,-106,15,105,15,86,15,45,15,44,15,40,15,44,15,80,15,84,15,-120,15,-104,15,-74,15,-22,15,-44,15,73,0,-44,15,-89,0,-76,15,-37,0,114,15,-55,0]"
CSI_DATA,5272,d8:b1:90:d9:de:f0,-41,9,-99,-37,43,104,378174106,101,0,106,0,"[-101,0,-142,0,-45,0,-58,0,-18,0,-33,0,-30,0,-56,0,-78,0,-94,0,145,0,146,0,45,0,95,0,-79,17,34,0,78,17,-13,17,-46,16,-47,17,-112,16,-56,17,-100,16,-48,17,-17,16,-38,17,0,0,0,0,-88,17,-23,17,56,0,-64,17,-117,0,-112,17,-25,0,135,17,-1,0,118,17,-32,0,140,17,-106,0,-112,17,118,0,-56,17,40,0,12,0,-26,17,94,0,-86,17,-103,0,-108,17,-13,0,-79,17]"
CSI_DATA,5273,d8:b1:90:d9:de:f0,-42,9,-99,-38,44,104,378319189,130,0,106,0,"[-63,0,74,0,27,1,106,0,76,1,83,0,58,1,47,0,8,1,13,0,-72,0,2,0,106,0,27,0,10,0,97,0,-70,15,-75,0,-106,15,21,1,-94,15,81,1,-50,15,79,1,-8,15,11,1,0,0,0,0,-2,15,72,0,-73,15,-36,15,113,15,-109,15,31,15,132,15,-7,14,-128,15,15,15,-87,15,75,15,-50,15,-117,15,-40,15,-42,15,-46,15,37,0,-82,15,95,0,127,15,112,0,61,15,77,0]"
CSI_DATA,5274,d8:b1:90:d9:de:f0,-42,9,-99,-37,44,104,378340663,120,0,106,0,"[51,0,-41,0,74,0,43,1,119,0,65,1,-116,0,34,1,-121,0,-26,0,110,0,-81,0,39,0,123,0,-60,15,96,0,79,15,101,0,-12,14,-122,0,-43,14,-66,0,-11,14,-40,0,60,15,-60,0,0,0,0,0,-62,15,71,0,-46,15,-44,15,-67,15,111,15,-114,15,40,15,114,15,24,15,110,15,52,15,128,15,110,15,-85,15,-113,15,-23,15,-81,15,46,0,-78,15,114,0,-106,15,-106,0,104,15,-129,0]"
CSI_DATA,5275,d8:b1:90:d9:de:f0,-43,9,-99,-36,44,104,378340838,120,0,106,0,"[118,15,-93,0,54,15,-28,0,45,15,8,1,71,15,4,1,108,15,-35,0,-111,15,-103,0,-84,15,63,0,-74,15,-51,15,-77,15,79,15,-103,15,-26,14,116,15,-71,14,99,15,-50,14,116,15,16,15,0,0,0,0,-36,15,-66,15,52,0,9,0,-104,0,64,0,-25,0,85,0,5,1,84,0,-11,0,69,0,-67,0,47,0,113,0,41,0,40,0,47,0,-35,15,68,0,-104,15,111,0,112,15,-98,0,123,15]"
CSI_DATA,5276,d8:b1:90:d9:de:f0,-42,9,-99,-35,43,104,378350348,108,0,106,0,"[8,0,-43,0,7,0,45,1,42,0,76,1,79,0,49,1,88,0,-3,0,64,0,-70,0,8,0,-131,0,-91,16,100,0,65,16,88,0,-26,15,106,0,-69,15,-124,0,-46,15,-90,0,27,16,-102,0,0,0,0,0,-85,16,66,0,-54,16,-54,16,-64,16,115,16,-100,16,35,16,-137,16,14,16,133,16,44,16,-126,16,102,16,-81,16,-126,16,-20,16,-90,16,53,0,-86,16,126,0,-113,16,-114,0,115,16,-130,0]"
CSI_DATA,5277,d8:b1:90:d9:de:f0,-42,11,-99,-34,43,104,378504004,100,0,114,0,"[27,-12,31,-11,33,-10,34,-9,36,-9,34,-7,33,-7,32,-6,31,-6,29,-5,28,-6,28,-6,29,-6,29,-7,29,-8,30,-9,31,-9,32,-9,33,-9,34,-11,33,-12,34,-12,32,-11,32,-12,31,-11,30,-12,29,-11,29,-11,0,0,29,-11,28,-12,29,-12,29,-13,29,-13,29,-13,28,-13,27,-14,26,-13,26,-14,25,-14,23,-14,21,-14,20,-13,20,-13,18,-12,16,-13,16,-13,16,-14,18,-14,18,-15,19,-16,19,-16,20,-16,20,-16,20,-15,20,-14,19,-12]"
CSI_DATA,5278,d8:b1:90:d9:de:f0,-44,11,-99,-36,45,104,378527643,277,0,106,0,"[99,13,-85,0,52,13,-41,0,51,13,-4,0,81,13,0,0,-113,13,-32,0,-88,13,-75,0,-86,13,83,0,-107,13,1,0,65,13,-73,13,-1,12,103,13,-47,12,101,13,-50,12,-89,13,-4,12,-49,13,0,0,0,0,-67,13,-14,13,23,0,-49,13,100,0,-113,13,-92,0,51,13,-95,0,10,13,106,0,17,13,74,0,57,13,60,0,112,13,68,0,-57,13,102,0,-6,13,-75,0,31,0,-22,0,30,0,-6,0]"
CSI_DATA,5279,d8:b1:90:d9:de:f0,-43,9,-99,-38,45,104,378528133,98,0,106,0,"[-65,0,92,0,4,0,-119,0,41,0,111,0,43,0,73,0,0,0,38,0,-56,0,29,0,116,0,54,0,50,0,107,0,0,14,-47,0,-2,14,41,0,16,0,85,0,63,0,69,0,78,0,0,0,0,0,0,0,23,0,71,0,-57,14,15,0,76,14,-4,14,1,14,12,0,-27,13,47,0,-1,13,71,0,53,14,69,0,111,14,44,0,-92,14,-2,14,-80,14,-71,14,-96,14,106,14,97,14,67,14,52,14]"
CSI_DATA,5280,d8:b1:90:d9:de:f0,-42,9,-99,-38,44,104,378736987,252,0,106,0,"[3,0,77,15,11,0,-4,14,-9,15,-38,14,-29,15,-13,14,-30,15,36,15,-7,15,97,15,48,0,-108,15,-135,0,-47,15,-27,0,-10,15,68,1,-9,15,111,1,-37,15,86,1,-75,15,9,1,-92,15,0,0,0,0,72,0,-34,15,-19,15,51,0,-75,15,-115,0,-91,15,-27,0,-69,15,10,1,-40,15,-15,0,-24,15,-83,0,-29,15,109,0,-63,15,32,0,-126,15,-32,15,55,15,-76,15,-27,14,-56,15,-45,14]"
CSI_DATA,5281,d8:b1:90:d9:de:f0,-41,9,-99,-37,43,104,378737170,124,0,106,0,"[80,17,13,0,-13,16,12,0,-45,16,42,0,-15,16,61,0,39,17,63,0,109,17,28,0,-127,17,-39,17,-70,17,-143,17,-49,17,32,17,-60,17,-72,16,-102,17,-122,16,-144,17,-92,16,-144,17,4,17,0,0,0,0,-56,17,-68,17,62,0,6,0,-108,0,43,0,-10,0,41,0,25,1,9,0,-10,0,-17,17,-90,0,-21,17,121,0,-3,17,46,0,55,0,3,0,143,0,-10,17,-43,0,25,0,35,1,102,0]"
CSI_DATA,5282,d8:b1:90:d9:de:f0,-42,11,-99,-38,44,104,378945440,277,0,106,0,"[55,0,59,15,61,0,-28,14,33,0,-62,14,-5,15,-39,14,-20,15,18,15,-6,15,85,15,39,0,-118,15,117,0,-58,15,-54,0,-14,15,32,1,-15,15,65,1,-39,15,46,1,-70,15,-33,0,-68,15,0,0,0,0,58,0,1,0,-10,15,98,0,-37,15,-65,0,-31,15,16,1,-7,15,47,1,15,0,10,1,23,0,-56,0,3,0,-132,0,-40,15,77,0,-112,15,29,0,76,15,13,0,4,15,39,0,2,15]"
CSI_DATA,5283,d8:b1:90:d9:de:f0,-43,9,-99,-37,44,104,378945903,124,0,106,0,"[122,0,-91,0,-83,0,-28,0,-45,0,-20,0,-51,0,-52,0,-89,0,-96,0,110,0,128,0,22,0,95,0,-81,15,77,0,66,15,75,0,-19,14,90,0,-51,14,108,0,-26,14,123,0,47,15,104,0,0,0,0,0,-32,15,7,0,49,0,-82,15,106,0,80,15,129,0,5,15,123,0,-24,14,100,0,4,15,73,0,72,15,55,0,-112,15,57,0,-28,15,83,0,63,0,-128,0,-123,0,-72,0,-76,0,-32,0]"
CSI_DATA,5284,d8:b1:90:d9:de:f0,-43,9,-99,-38,45,104,378997496,130,0,106,0,"[-116,14,98,14,101,14,34,14,83,14,12,14,92,14,29,14,-117,14,60,14,-64,14,101,14,6,0,-109,14,93,0,-83,14,-44,0,-67,14,40,0,-65,14,84,0,-75,14,67,0,-89,14,-1,0,-82,14,0,0,0,0,57,0,-30,14,-27,14,39,0,-95,14,118,0,105,14,-57,0,97,14,-29,0,111,14,-48,0,-104,14,-100,0,-84,14,79,0,-84,14,5,0,-106,14,-70,14,91,14,103,14,44,14,68,14,13,14]"
CSI_DATA,5285,d8:b1:90:d9:de:f0,-43,9,-99,-36,44,104,379008944,124,0,106,0,"[125,0,-102,0,-98,0,-39,0,-83,0,-21,0,-94,0,-43,0,126,0,-80,0,68,0,-119,0,-11,15,103,0,-108,15,75,0,36,15,60,0,-52,14,62,0,-92,14,73,0,-72,14,93,0,-4,14,83,0,0,0,0,0,-71,15,29,0,15,0,-50,15,85,0,127,15,-128,0,61,15,-118,0,28,15,118,0,50,15,96,0,107,15,76,0,-80,15,80,0,-3,15,103,0,83,0,-108,0,-98,0,-54,0,-56,0,-10,0]"
CSI_DATA,5286,d8:b1:90:d9:de:f0,-40,11,-99,-36,41,104,379363238,277,0,106,0,"[94,0,-117,0,139,0,-26,0,-169,0,-5,0,-158,0,-52,0,170,0,-124,0,104,0,170,0,-7,21,131,0,-153,21,128,0,57,21,172,0,-38,19,-124,0,-57,19,-63,0,9,21,-35,0,113,21,-83,0,0,0,0,0,-67,21,62,0,-53,21,-103,21,-86,21,114,21,-141,21,24,21,-179,21,15,21,-180,21,70,21,-132,21,148,21,-53,21,-144,21,45,0,-107,21,159,0,-114,21,-94,0,-158,21,-46,0,125,21,-80,0]"
CSI_DATA,5287,d8:b1:90:d9:de:f0,-40,9,-99,-36,42,104,379363692,130,0,106,0,"[52,0,-89,0,59,0,8,1,76,0,37,1,80,0,3,1,59,0,-65,0,3,0,-140,0,-71,18,94,0,142,18,10,0,11,18,-61,18,-86,17,-100,18,-133,17,-93,18,-108,17,-69,18,-13,17,-45,18,0,0,0,0,-70,18,-26,18,67,0,-67,18,-129,0,-122,18,-55,0,148,18,-28,0,127,18,-64,0,157,18,-125,0,-108,18,139,0,-23,18,91,0,64,0,66,0,-151,0,60,0,-42,0,84,0,33,1,129,0]"
CSI_DATA,5288,d8:b1:90:d9:de:f0,-41,9,-99,-35,42,104,379363863,113,0,106,0,"[-143,0,-146,18,-66,0,113,18,-50,0,85,18,-80,0,99,18,-123,0,144,18,149,0,-86,18,118,0,19,0,99,0,141,0,99,0,-36,0,122,0,68,1,144,0,107,1,-152,0,68,1,136,0,-20,0,0,0,0,0,14,0,74,0,-90,18,-19,18,107,18,-84,18,26,18,-119,18,0,18,-119,18,39,18,-100,18,121,18,-89,18,-100,18,-84,18,-3,18,-107,18,88,0,-149,18,-148,0,99,18,-110,0,34,18,-135,0]"
CSI_DATA,5289,d8:b1:90:d9:de:f0,-43,11,-99,-39,45,104,379503955,100,0,228,0,"[3,2,6,0,10,0,14,0,18,-1,20,0,21,0,120,71,20,1,19,2,17,2,14,2,12,1,9,0,7,-2,4,-6,1,-9,0,-14,-1,-18,-1,-23,-2,-26,34,-57,0,-31,1,-32,2,-31,4,-28,5,-25,6,-21,0,0,4,-12,2,-8,0,-3,-1,0,-5,2,-9,5,-114,14,-16,7,-19,8,-19,8,-19,5,-19,5,-16,4,-13,3,-11,3,-7,3,-4,4,-1,5,1,7,4,9,54,0,8,17,10,20,9,24,8,27,5,28,1,26,0,23,2,21,18,17,28,1,23,-15,7,-26,-10,-22,-18,-7,6,6,-4,9,2,6,3,0,0,-3,-6,0,-5,8,2,14,14,9,21,-2,14,-18,-1,-24,-18,-17,-23,0,-16,-15,0,17,10,8,8,-2,0,-7,-8,0,-7,9,0,0,16,10,23,-4,15,-22,-3,-30,-24,-21,-32,0,-36,27,-3,28,14,20,20,5,14,-7,3,-11,-2,-5,-1,0,1,0,3,-3,0,-8,-6,-8,-13,-1,-13,8,2,30,7,16,16,6,15,-5,6,-12,-3,-10,-7,-1,-3,4]"
CSI_DATA,5290,d8:b1:90:d9:de:f0,-42,9,-99,-36,44,104,379781525,120,0,106,0,"[26,15,52,0,-7,14,60,0,9,15,62,0,63,15,48,0,127,15,16,0,-53,15,-30,15,20,0,-90,15,94,0,82,15,-109,0,-1,14,-88,0,-54,14,-95,0,-59,14,-122,0,-22,14,105,0,63,15,0,0,0,0,82,0,-5,15,105,0,91,0,-125,0,-98,0,-113,0,-63,0,-123,0,-74,0,89,0,-120,0,23,0,84,0,-47,15,45,0,-117,15,14,0,56,15,4,0,-20,14,16,0,-52,14,49,0,-26,14]"
CSI_DATA,5291,d8:b1:90:d9:de:f0,-41,9,-99,-35,43,104,379781683,113,0,106,0,"[-49,0,128,0,-13,0,-130,0,-20,0,128,0,-78,0,104,0,123,0,78,0,33,0,66,0,-76,16,67,0,92,16,86,0,-10,15,128,0,-67,15,-115,0,-69,15,-105,0,-10,15,-119,0,70,16,101,0,0,0,0,0,-66,16,-52,16,-37,16,121,16,-23,16,40,16,-20,16,6,16,-21,16,26,16,-7,16,94,16,20,0,-97,16,64,0,-20,16,114,0,51,0,-92,0,104,0,-19,0,135,0,35,1,118,0,27,1]"
CSI_DATA,5292,d8:b1:90:d9:de:f0,-42,9,-99,-36,44,104,379781846,124,0,106,0,"[-128,15,-57,0,108,15,-22,0,-127,15,-32,0,-96,15,-80,0,-70,15,106,0,-56,15,22,0,-58,15,-74,15,-78,15,78,15,-107,15,-12,14,114,15,-62,14,88,15,-61,14,103,15,-12,14,-105,15,65,15,0,0,0,0,44,0,-70,15,-122,0,-44,15,-51,0,-30,15,-19,0,-34,15,-34,0,-36,15,-95,0,-18,15,88,0,13,0,15,0,57,0,-38,15,117,0,-77,15,-69,0,-92,15,3,1,-69,15,50,1,-18,15]"
CSI_DATA,5293,d8:b1:90:d9:de:f0,-42,9,-99,-35,44,104,379782013,124,0,106,0,"[-103,14,-42,0,-108,14,0,0,-83,14,-7,0,-50,14,-58,0,-34,14,117,0,-35,14,30,0,-54,14,-66,14,-101,14,84,14,89,14,8,14,35,14,-32,13,13,14,-12,13,32,14,47,14,98,14,105,14,0,0,0,0,24,0,-60,14,119,0,-60,14,-52,0,-84,14,-27,0,-104,14,-48,0,-105,14,-106,0,-76,14,74,0,-23,14,23,0,42,0,-10,14,116,0,-15,14,-49,0,1,0,22,0,42,0,60,0,92,0]"
CSI_DATA,5294,d8:b1:90:d9:de:f0,-42,9,-99,-35,44,104,379782180,108,0,106,0,"[-66,14,-20,0,-62,14,12,0,-43,14,0,0,-25,14,-45,0,-26,14,-120,0,-42,14,49,0,-81,14,-38,14,101,14,123,14,26,14,57,14,-31,13,34,14,-45,13,53,14,-3,13,98,14,66,14,-113,14,0,0,0,0,4,0,-78,14,90,0,-104,14,-93,0,98,14,-69,0,76,14,-86,0,90,14,122,0,-113,14,81,0,-45,14,54,0,28,0,46,0,109,0,65,0,-63,0,103,0,-2,0,-95,0,20,0,-63,0]"
CSI_DATA,5295,d8:b1:90:d9:de:f0,-42,9,-99,-35,43,104,379782334,130,0,106,0,"[71,0,-22,0,95,0,13,1,104,0,-10,0,91,0,-74,0,53,0,136,0,-14,16,68,0,-97,16,13,0,74,16,-25,16,-29,15,-31,16,-93,15,-22,16,-106,15,5,0,-49,15,23,0,50,16,14,0,0,0,0,0,-51,16,-73,16,7,0,118,16,33,0,44,16,35,0,10,16,29,0,25,16,19,0,95,16,35,0,-94,16,64,0,-14,16,113,0,54,0,-97,0,105,0,-16,0,124,0,33,1,112,0,30,1]"
CSI_DATA,5296,d8:b1:90:d9:de:f0,-41,9,-99,-38,43,104,379854300,98,0,106,0,"[-150,0,28,17,146,0,-27,16,109,0,-15,16,76,0,57,17,62,0,146,17,73,0,-58,17,109,0,48,0,-134,0,-150,0,-61,0,-71,0,-2,0,-55,0,5,1,-80,0,-35,0,147,0,-131,0,70,0,0,0,0,0,-76,17,-13,17,103,17,-7,17,11,17,28,0,-22,16,60,0,8,17,74,0,91,17,52,0,-120,17,-2,17,-45,17,-72,17,2,0,-152,17,19,0,60,17,9,0,-21,16,-47,17,-49,16,-105,17]"
CSI_DATA,5297,d8:b1:90:d9:de:f0,-41,9,-99,-38,43,104,379863147,124,0,106,0,"[73,17,90,17,19,17,80,17,22,17,112,17,90,17,-149,17,-124,17,-111,17,-22,17,-86,17,93,0,-79,17,-85,0,-89,17,20,1,-114,17,70,1,-141,17,52,1,147,17,-23,0,-143,17,-141,0,-97,17,0,0,0,0,-60,17,38,0,-141,17,143,0,120,17,-79,0,114,17,-34,0,135,17,-57,0,-127,17,-133,0,-92,17,66,0,-79,17,-33,17,-82,17,-128,17,-114,17,84,17,142,17,19,17,85,17,15,17,65,17]"
CSI_DATA,5298,d8:b1:90:d9:de:f0,-45,9,-99,-36,47,104,379990424,130,0,106,0,"[-38,0,42,0,-2,0,70,0,-10,0,82,0,-47,0,72,0,88,0,41,0,46,0,-1,10,13,0,-61,10,-6,10,42,10,-6,10,-29,9,2,0,-70,9,12,0,-69,9,15,0,-27,9,6,0,42,10,0,0,0,0,-53,10,-5,10,-87,10,55,0,66,10,-89,0,61,10,-75,0,79,10,-85,0,-53,10,73,0,4,0,55,0,57,0,48,0,-73,0,51,0,-28,0,64,0,2,0,79,0,8,0,84,0,-19,0]"
CSI_DATA,5299,d8:b1:90:d9:de:f0,-46,11,-99,-35,47,104,380198833,277,0,106,0,"[-79,10,-12,9,-84,10,-17,9,83,10,-28,9,71,10,-21,9,55,10,4,10,43,10,30,10,48,10,68,10,75,10,-71,10,-46,10,-54,10,26,0,-52,10,79,0,-82,10,-70,0,55,10,-75,0,30,10,0,0,0,0,70,0,43,10,-88,0,64,10,-51,0,72,10,-14,0,68,10,5,0,46,10,-8,0,19,10,-48,0,16,10,83,0,22,10,39,0,48,10,19,0,85,10,21,0,-42,10,46,0,-8,10,68,0]"
CSI_DATA,5300,d8:b1:90:d9:de:f0,-46,9,-99,-33,47,104,380199323,224,0,106,0,"[-12,0,-72,0,-11,0,-52,0,-8,0,-35,0,-3,0,-33,0,-1,0,-48,0,-11,0,-59,0,-24,0,77,0,-57,0,53,0,46,0,38,0,-27,9,43,0,75,9,65,0,42,9,-71,0,38,9,-53,0,0,0,0,0,62,9,-72,0,55,9,55,0,25,9,18,0,-11,9,-12,9,-43,9,-20,9,-50,9,-9,9,-31,9,14,0,1,9,32,0,44,9,37,0,-77,9,31,0,-41,9,2,0,-16,9,-36,9,-12,9]"
CSI_DATA,5301,d8:b1:90:d9:de:f0,-46,9,-99,-35,47,104,380199504,101,0,106,0,"[6,0,59,0,11,0,78,0,20,0,-84,0,24,0,-87,0,32,0,75,0,15,0,56,0,-6,0,28,0,-50,0,15,0,57,0,22,0,-16,10,52,0,-67,10,-77,0,86,10,-33,0,-85,10,-15,0,0,0,0,0,-64,10,-42,0,-86,10,-77,0,46,10,69,0,-7,9,60,0,-39,9,70,0,-41,9,87,0,-8,9,-70,0,37,10,-69,0,79,10,-85,0,-58,10,66,0,-36,10,20,0,-33,10,-26,10,-47,10]"
CSI_DATA,5302,d8:b1:90:d9:de:f0,-46,11,-99,-35,48,104,380504030,100,0,114,0,"[22,-1,23,0,25,2,25,4,25,4,23,4,22,6,21,6,20,6,19,6,18,5,18,6,19,5,18,5,19,5,19,6,20,6,22,6,22,6,22,6,22,6,22,6,22,6,22,6,20,6,20,5,19,5,19,4,0,0,18,4,17,4,17,4,17,4,17,4,17,4,17,4,15,4,15,4,15,3,14,3,12,2,11,1,11,1,11,1,9,1,9,0,9,0,9,0,7,0,7,0,7,1,7,1,6,1,6,1,5,2,5,2,4,2]"
CSI_DATA,5303,d8:b1:90:d9:de:f0,-45,11,-99,-36,46,104,380616630,277,0,106,0,"[45,0,55,0,74,0,-64,0,93,0,-19,0,89,0,-21,0,65,0,-47,0,35,0,-97,0,-3,11,34,0,-52,11,-59,11,100,11,38,11,58,11,-58,11,31,11,94,11,34,11,93,11,51,11,-70,11,0,0,0,0,96,11,88,11,-67,11,-27,11,-29,11,62,0,6,0,-71,0,28,0,-40,0,33,0,-47,0,27,0,-87,0,18,0,58,0,2,0,-5,11,-17,11,-80,11,-44,11,43,11,-78,11,-19,11,86,11]"
CSI_DATA,5304,d8:b1:90:d9:de:f0,-45,9,-99,-37,46,104,380617093,130,0,106,0,"[-62,12,-9,12,58,12,-47,12,13,12,-71,12,26,12,-80,12,65,12,-78,12,-87,12,-60,12,-16,12,-18,12,63,0,48,0,-65,0,-72,0,-10,0,8,0,14,0,66,0,9,0,84,0,-28,0,57,0,0,0,0,0,-102,0,-81,0,80,0,41,0,60,0,-48,12,47,0,88,12,40,0,50,12,38,0,58,12,28,0,96,12,13,0,-56,12,-15,12,0,0,-55,12,67,0,-104,12,-72,0,74,12,-8,0,74,12]"
CSI_DATA,5305,d8:b1:90:d9:de:f0,-40,9,-99,-37,42,104,380826010,130,0,106,0,"[155,19,50,19,72,19,-2,18,36,19,22,19,60,19,86,19,112,19,154,19,-126,19,-126,19,-18,19,-101,19,120,0,-98,19,-88,0,-129,19,-6,0,158,19,6,1,114,19,-49,0,103,19,-145,0,159,19,0,0,0,0,3,0,38,0,-31,19,-147,0,-41,19,-18,0,-5,19,69,1,37,0,81,1,58,0,7,1,41,0,-102,0,-2,19,132,0,-67,19,45,0,-156,19,-12,19,66,19,-41,19,-6,18,-11,19,-2,18]"
CSI_DATA,5306,d8:b1:90:d9:de:f0,-40,9,-99,-36,41,104,380861718,124,0,106,0,"[-138,0,97,21,-81,0,28,21,-87,0,5,21,-132,0,38,21,-180,0,115,21,142,0,-153,21,120,0,-28,21,113,0,120,0,135,0,-104,0,172,0,4,1,-175,0,24,1,-176,0,-33,0,142,0,-132,0,0,0,0,0,-42,21,24,0,179,21,-70,21,29,21,-115,21,-59,19,-124,21,-69,19,-101,21,-5,19,-67,21,105,21,-55,21,-144,21,-59,21,-28,21,-91,21,77,0,-145,21,163,0,141,21,-175,0,63,21,144,0]"
CSI_DATA,5307,d8:b1:90:d9:de:f0,-40,9,-99,-37,42,104,380865261,124,0,106,0,"[53,19,164,0,-16,18,-116,0,-20,18,-97,0,29,19,-123,0,90,19,159,0,158,19,85,0,-111,19,-18,19,-58,19,-143,19,-20,19,62,19,-1,19,-27,18,-1,19,-62,18,-14,19,-22,18,-14,19,80,19,0,0,0,0,40,0,16,0,123,0,151,0,-128,0,-82,0,-59,0,-24,0,-40,0,-28,0,-80,0,-80,0,-161,0,-154,0,79,0,123,0,-25,19,79,0,-136,19,66,0,89,19,76,0,28,19,108,0,47,19]"
CSI_DATA,5308,d8:b1:90:d9:de:f0,-40,9,-99,-35,41,104,380878297,98,0,106,0,"[79,0,-21,0,93,0,69,1,101,0,86,1,98,0,37,1,64,0,-52,0,10,0,-141,0,-64,20,102,0,-160,20,-8,20,83,20,-108,20,2,20,-175,20,-19,19,163,20,23,20,-160,20,126,20,-115,20,0,0,0,0,45,0,-34,20,-137,0,-31,20,2,1,-50,20,75,1,-69,20,82,1,-74,20,10,1,-56,20,-91,0,-24,20,146,0,24,0,43,0,80,0,-43,20,159,0,-115,20,-107,0,-144,20,-45,0,-108,20]"
CSI_DATA,5309,d8:b1:90:d9:de:f0,-40,9,-99,-35,41,104,380901735,124,0,106,0,"[-20,0,-127,20,53,1,-161,20,61,1,-174,20,10,1,-163,20,-59,0,-122,20,-142,0,-63,20,129,0,26,0,49,0,145,0,-24,20,-86,0,-65,20,10,1,-80,20,41,1,-72,20,0,1,-56,20,-97,0,0,0,0,0,-105,20,15,0,-157,20,-129,20,108,20,116,20,53,20,52,20,49,20,57,20,91,20,105,20,171,20,170,20,-79,20,-122,20,27,0,-83,20,139,0,-64,20,-98,0,-65,20,-31,0,-98,20,-38,0]"
CSI_DATA,5310,d8:b1:90:d9:de:f0,-42,11,-99,-36,44,104,381243327,277,0,106,0,"[-29,15,-39,0,-55,15,36,1,-47,15,67,1,-32,15,42,1,-23,15,-22,0,-25,15,-98,0,-50,15,61,0,-90,15,-43,15,96,15,107,15,40,15,33,15,-1,14,8,15,-8,14,31,15,35,15,81,15,0,0,0,0,-55,15,-51,15,57,0,-26,15,-88,0,-20,15,-10,0,-29,15,14,1,-39,15,-10,0,-43,15,-78,0,-32,15,101,0,-5,15,31,0,36,0,-36,15,106,0,-79,15,-66,0,-93,15,0,1,-55,15]"
CSI_DATA,5311,d8:b1:90:d9:de:f0,-42,9,-99,-36,44,104,381243807,108,0,106,0,"[32,15,-1,15,-41,14,-15,15,-66,14,-3,15,-41,14,7,0,21,15,4,0,84,15,-7,15,-85,15,-49,15,3,0,-113,15,83,0,55,15,-116,0,-24,14,-109,0,-67,14,126,0,-63,14,94,0,-9,14,0,0,0,0,46,0,-79,15,69,0,32,0,109,0,-123,0,-105,0,-61,0,-84,0,-46,0,-93,0,-70,0,117,0,-117,0,57,0,98,0,-13,15,63,0,-100,15,51,0,66,15,61,0,6,15,100,0,13,15]"
CSI_DATA,5312,d8:b1:90:d9:de:f0,-45,11,-99,-36,46,104,381503922,100,0,228,0,"[2,9,5,11,7,13,9,15,10,17,10,19,10,19,98,58,7,19,6,17,4,15,4,12,4,10,3,7,4,4,6,0,7,-3,9,-5,11,-8,14,-11,17,-12,27,-46,20,-13,20,-11,20,-10,19,-8,17,-7,15,-5,0,0,8,-3,4,-3,0,-3,-2,-4,-6,-5,-8,-7,-100,11,-12,-11,-12,-12,-11,-12,-11,-12,-11,-12,-9,-11,-7,-9,-6,-7,-5,-4,-5,-3,-5,0,-5,2,-6,4,-72,11,-8,9,-10,11,-12,11,-14,11,-15,10,-15,7,-14,4,-11,14,0,21,15,17,23,3,19,-11,5,-19,-7,-15,-3,15,-7,5,0,7,6,1,3,-6,-3,-8,-11,-3,-12,7,-3,17,11,17,20,4,19,-11,6,-20,-9,-18,1,-19,-13,7,-2,11,5,6,6,-3,-1,-7,-8,-3,0,0,-1,15,11,14,19,3,18,-11,5,-22,-10,-19,-31,-16,-18,7,-7,15,3,13,8,5,6,-1,0,-3,-1,0,0,3,6,3,7,-3,4,-9,-3,-11,-11,-7,-22,10,-9,12,0,15,10,9,11,0,7,-7,0,-7,-4,-2]"
CSI_DATA,5313,d8:b1:90:d9:de:f0,-42,11,-99,-37,44,104,381661124,277,0,106,0,"[-36,0,-23,15,44,1,-17,15,74,1,-33,15,41,1,-40,15,-12,0,-32,15,-86,0,-8,15,96,0,37,0,5,0,109,0,-76,15,-73,0,129,15,5,1,109,15,49,1,129,15,45,1,-99,15,-17,0,0,0,0,0,-50,15,51,0,-57,15,-59,15,-82,15,96,15,-115,15,21,15,130,15,-4,14,-126,15,21,15,-96,15,79,15,-48,15,-118,15,10,0,-59,15,86,0,-16,15,-88,0,10,0,-17,0,4,0,4,1]"
CSI_DATA,5314,d8:b1:90:d9:de:f0,-43,9,-99,-36,44,104,381661596,120,0,106,0,"[-93,0,112,15,-33,0,47,15,-30,0,10,15,-73,0,16,15,-118,0,51,15,91,0,120,15,65,0,-48,15,58,0,67,0,77,0,-72,0,112,0,11,1,-101,0,49,1,-77,0,22,1,-96,0,-49,0,0,0,0,0,29,0,49,0,-77,15,-1,15,73,15,-28,15,-13,14,-23,15,-43,14,6,0,-9,14,27,0,61,15,30,0,-117,15,18,0,-43,15,-17,15,22,0,-76,15,75,0,98,15,77,0,25,15,35,0]"
CSI_DATA,5315,d8:b1:90:d9:de:f0,-43,9,-99,-38,45,104,381661763,120,0,106,0,"[114,0,78,14,-85,0,4,14,-94,0,-32,13,113,0,-19,13,81,0,27,14,54,0,92,14,48,0,-62,14,74,0,39,0,118,0,-102,0,-63,0,-32,0,-17,0,-9,0,-7,0,-45,0,-40,0,-103,0,0,0,0,0,48,0,35,0,-66,14,25,0,70,14,40,0,0,14,70,0,-16,13,106,0,18,14,113,0,81,14,92,0,-99,14,60,0,-48,14,1,0,-14,14,-72,14,-4,14,83,14,-29,14,14,14,-78,14]"
CSI_DATA,5316,d8:b1:90:d9:de:f0,-43,9,-99,-36,44,104,381661867,130,0,106,0,"[111,0,-69,0,-115,0,11,1,-100,0,38,1,-115,0,18,1,105,0,-36,0,65,0,-102,0,-5,15,80,0,-87,15,-4,15,76,15,-89,15,2,15,102,15,-33,14,71,15,-20,14,88,15,33,15,125,15,0,0,0,0,-36,15,-41,15,75,0,-8,15,-67,0,23,0,11,1,37,0,38,1,34,0,10,1,32,0,-58,0,30,0,119,0,27,0,29,0,34,0,-61,15,54,0,103,15,81,0,42,15,-128,0,38,15]"
CSI_DATA,5317,d8:b1:90:d9:de:f0,-43,9,-99,-36,44,104,381662020,113,0,106,0,"[-120,15,-65,0,93,15,5,1,101,15,41,1,-120,15,28,1,-85,15,-23,0,-64,15,-89,0,-65,15,71,0,-98,15,-33,15,99,15,124,15,30,15,60,15,-14,14,46,15,-20,14,81,15,25,15,-124,15,0,0,0,0,-56,15,-46,15,59,0,-56,15,-94,0,-87,15,-26,0,117,15,-16,0,84,15,-53,0,85,15,-105,0,123,15,103,0,-83,15,64,0,-12,15,51,0,72,0,64,0,-96,0,112,0,-36,0,-93,0]"
CSI_DATA,5318,d8:b1:90:d9:de:f0,-42,9,-99,-36,43,104,381662173,98,0,106,0,"[5,0,-41,0,16,0,50,1,47,0,69,1,67,0,35,1,75,0,-24,0,49,0,-102,0,-10,16,106,0,-109,16,35,0,63,16,-8,16,-34,15,-22,16,-94,15,-8,16,-78,15,32,0,5,16,48,0,0,0,0,0,-79,16,1,0,11,0,-90,16,67,0,93,16,89,0,2,16,72,0,-34,15,35,0,-2,15,17,0,65,16,12,0,-138,16,34,0,-53,16,88,0,21,0,-117,0,78,0,-33,0,86,0,4,1]"
CSI_DATA,5319,d8:b1:90:d9:de:f0,-42,9,-99,-37,44,104,381713767,124,0,106,0,"[86,0,41,15,120,0,-24,14,110,0,-53,14,82,0,-30,14,57,0,28,15,43,0,102,15,64,0,-68,15,115,0,27,0,-69,0,118,0,10,1,-89,0,64,1,-81,0,71,1,-123,0,5,1,88,0,0,0,0,0,79,0,34,0,-31,15,68,0,-126,15,127,0,87,15,-79,0,81,15,-43,0,117,15,-56,0,-99,15,-111,0,-69,15,85,0,-57,15,5,0,-81,15,-78,15,-131,15,108,15,65,15,80,15,19,15]"
CSI_DATA,5320,d8:b1:90:d9:de:f0,-42,9,-99,-37,44,104,381735313,124,0,106,0,"[-124,15,68,15,94,15,9,15,59,15,5,15,56,15,50,15,86,15,106,15,-118,15,-114,15,-31,15,-94,15,76,0,-107,15,-79,0,118,15,-13,0,48,15,-2,0,-4,14,-53,0,-18,14,-124,0,22,15,0,0,0,0,51,0,-69,15,62,0,45,0,113,0,-122,0,-93,0,-71,0,-61,0,-72,0,-63,0,-108,0,-110,0,110,0,85,0,80,0,12,0,72,0,-64,15,98,0,-129,15,-103,0,113,15,-31,0,-100,15]"
CSI_DATA,5321,d8:b1:90:d9:de:f0,-42,11,-99,-38,44,104,382078922,277,0,106,0,"[-69,0,100,0,-4,0,-126,0,25,1,-124,0,2,1,122,0,-48,0,96,0,-129,0,80,0,45,0,81,0,-72,15,102,0,78,15,-127,0,-4,14,-83,0,-31,14,-41,0,-3,14,-33,0,58,15,-70,0,0,0,0,0,-52,15,41,0,-7,15,-75,15,19,0,83,15,15,0,-1,14,4,0,-32,14,-6,15,-3,14,-6,15,68,15,13,0,-122,15,47,0,-45,15,108,0,25,0,-88,0,80,0,-20,0,96,0,9,1]"
CSI_DATA,5322,d8:b1:90:d9:de:f0,-42,9,-99,-35,43,104,382079402,113,0,106,0,"[-95,16,-66,0,131,16,-2,0,125,16,25,1,-133,16,0,1,-107,16,-47,0,-95,16,-124,0,-100,16,63,0,-133,16,-47,16,91,16,122,16,38,16,44,16,-2,15,16,16,-10,15,38,16,39,16,100,16,0,0,0,0,-62,16,-69,16,66,0,-58,16,-103,0,-64,16,-19,0,-93,16,9,1,-113,16,-21,0,-106,16,-85,0,-81,16,136,0,-32,16,82,0,27,0,46,0,111,0,33,0,-85,0,54,0,-14,0,97,0]"
CSI_DATA,5323,d8:b1:90:d9:de:f0,-42,9,-99,-38,44,104,382079538,124,0,106,0,"[57,15,-50,15,-18,14,-67,15,-47,14,-46,15,-24,14,-18,15,32,15,-10,15,108,15,-20,15,-74,15,-56,15,20,0,-123,15,96,0,54,15,-128,0,-33,14,130,0,-84,14,93,0,-74,14,59,0,-13,14,0,0,0,0,14,0,-65,15,51,0,48,0,114,0,-121,0,-87,0,-65,0,-54,0,-62,0,-64,0,-94,0,-110,0,129,0,86,0,87,0,8,0,66,0,-77,15,74,0,106,15,111,0,61,15,-105,0,80,15]"
CSI_DATA,5324,d8:b1:90:d9:de:f0,-43,9,-99,-35,44,104,382079660,168,0,106,0,"[0,14,40,14,1,0,-33,13,-18,14,-57,13,-34,14,-29,13,-38,14,27,14,-17,14,90,14,32,0,-86,14,115,0,-15,14,-31,0,34,0,56,0,55,0,102,0,39,0,85,0,1,0,22,0,-24,14,0,0,0,0,68,0,-3,14,-25,14,61,0,-100,14,-106,0,117,14,-33,0,-124,14,0,0,-92,14,-12,0,-66,14,-68,0,-54,14,105,0,-59,14,30,0,-93,14,-41,14,100,14,-106,14,33,14,123,14,0,13]"
CSI_DATA,5325,d8:b1:90:d9:de:f0,-42,9,-99,-37,44,104,382288301,101,0,106,0,"[128,15,64,15,92,15,-10,14,66,15,-26,14,76,15,6,15,115,15,56,15,-92,15,114,15,-12,15,-89,15,93,0,-33,15,-46,0,5,0,49,1,31,0,96,1,27,0,84,1,16,0,9,1,8,0,0,0,0,0,64,0,25,0,-46,15,79,0,118,15,-124,0,55,15,-72,0,39,15,-51,0,64,15,-69,0,108,15,-122,0,-110,15,75,0,-67,15,2,0,-44,15,-86,15,-34,15,84,15,-55,15,17,15,-83,15]"
CSI_DATA,5326,d8:b1:90:d9:de:f0,-41,9,-99,-37,43,104,382288433,266,0,106,0,"[-117,0,-105,0,-61,0,-36,0,-32,0,-28,0,-43,0,-61,0,-91,0,-107,0,131,0,140,0,27,0,95,0,-99,17,63,0,57,17,43,0,-54,16,45,0,-98,16,62,0,-73,16,70,0,1,17,54,0,0,0,0,0,-79,17,-9,17,28,0,-97,17,109,0,103,17,-136,0,27,17,-122,0,9,17,-139,0,35,17,117,0,97,17,93,0,-117,17,70,0,-26,17,73,0,72,0,99,0,-123,0,132,0,-55,0,-121,0]"
CSI_DATA,5327,d8:b1:90:d9:de:f0,-42,9,-99,-34,43,104,382288630,246,0,106,0,"[-42,0,-74,15,42,1,-98,15,61,1,-119,15,24,1,-121,15,-38,0,-101,15,-104,0,-61,15,91,0,4,0,18,0,101,0,-42,15,-58,0,-73,15,34,1,-72,15,83,1,-50,15,76,1,-30,15,4,1,0,0,0,0,-31,15,64,0,-78,15,-47,15,-133,15,120,15,80,15,62,15,49,15,49,15,73,15,80,15,122,15,127,15,-80,15,-103,15,-6,15,-73,15,82,0,-54,15,-98,0,-54,15,-30,0,-82,15,-24,0]"
CSI_DATA,5328,d8:b1:90:d9:de:f0,-41,9,-99,-37,43,104,382288810,98,0,106,0,"[-39,0,-31,17,54,1,-42,17,79,1,-65,17,45,1,-77,17,-27,0,-65,17,-108,0,-39,17,94,0,23,0,4,0,114,0,-69,17,-66,0,-117,17,34,1,-123,17,85,1,-95,17,76,1,-66,17,-2,0,0,0,0,0,-35,17,68,0,-81,17,-56,17,-139,17,128,17,93,17,56,17,64,17,43,17,85,17,77,17,135,17,132,17,-90,17,-112,17,-5,17,-75,17,88,0,-57,17,-108,0,-62,17,-36,0,-99,17,-30,0]"
CSI_DATA,5329,d8:b1:90:d9:de:f0,-42,11,-99,-35,43,104,382496719,277,0,106,0,"[-103,0,-125,0,-59,0,-54,0,-37,0,-43,0,-56,0,-70,0,-93,0,-107,0,110,0,125,0,23,0,95,0,-97,16,82,0,51,16,82,0,-41,15,94,0,-92,15,123,0,-76,15,138,0,5,16,118,0,0,0,0,0,-75,16,28,0,-1,16,-76,16,57,0,106,16,82,0,18,16,86,0,-16,15,70,0,10,16,55,0,76,16,43,0,-122,16,61,0,-35,16,99,0,44,0,-121,0,119,0,-59,0,-121,0,-17,0]"
CSI_DATA,5330,d8:b1:90:d9:de:f0,-43,9,-99,-35,44,104,382497200,168,0,106,0,"[113,14,-89,0,57,14,-46,0,47,14,-21,0,73,14,-34,0,112,14,-68,0,-101,14,118,0,-84,14,33,0,-86,14,-74,14,-113,14,68,14,99,14,-16,13,61,14,-48,13,37,14,-19,13,66,14,48,14,0,0,0,0,-45,14,-59,14,59,0,-27,14,-82,0,-11,14,-1,0,-20,14,27,0,-46,14,-6,0,-57,14,-66,0,-43,14,118,0,-19,14,56,0,30,0,11,0,100,0,-7,14,-71,0,3,0,0,0,47,0]"
CSI_DATA,5331,d8:b1:90:d9:de:f0,-43,9,-99,-37,45,104,382497356,130,0,106,0,"[-90,0,-94,0,-50,0,-40,0,-24,0,-33,0,-34,0,-66,0,-66,0,-102,0,109,0,100,0,31,0,77,0,-68,13,80,0,64,13,107,0,-8,12,-86,0,-35,12,-42,0,-7,12,-23,0,53,13,-52,0,0,0,0,0,-51,13,45,0,-29,13,-59,13,-23,13,79,13,-48,13,7,13,-73,13,-17,12,-79,13,12,13,-65,13,67,13,-27,13,-106,13,22,0,-58,13,90,0,-26,13,-66,0,-16,13,-6,0,-38,13,1,0]"
CSI_DATA,5332,d8:b1:90:d9:de:f0,-40,11,-99,-35,42,104,382512737,100,0,114,0,"[26,-20,30,-19,34,-19,35,-18,36,-17,36,-15,34,-15,35,-12,33,-12,31,-12,30,-11,30,-12,30,-12,30,-13,30,-14,31,-15,34,-17,34,-15,35,-18,35,-18,36,-19,36,-19,35,-19,35,-19,34,-19,33,-19,33,-19,31,-18,0,0,31,-18,30,-18,31,-19,31,-19,31,-20,31,-19,30,-20,31,-22,29,-19,29,-20,26,-22,24,-20,23,-19,22,-19,22,-18,19,-18,19,-18,19,-19,19,-19,19,-20,20,-22,20,-20,20,-22,20,-22,22,-20,22,-20,22,-18,20,-17]"
CSI_DATA,5333,d8:b1:90:d9:de:f0,-41,9,-99,-37,43,104,382523320,108,0,106,0,"[-65,17,53,17,-57,17,-32,16,-65,17,-60,16,-69,17,-28,16,-50,17,35,17,-17,17,112,17,48,0,-100,17,144,0,-6,17,-39,0,70,0,61,1,116,0,103,1,125,0,88,1,98,0,10,1,65,0,0,0,0,0,83,0,45,0,-50,17,73,0,133,17,130,0,57,17,-121,0,42,17,-100,0,70,17,-120,0,118,17,121,0,-129,17,56,0,-84,17,-20,17,-64,17,-110,17,-56,17,87,17,-84,17,17,17,-122,17]"
CSI_DATA,5334,d8:b1:90:d9:de:f0,-42,9,-99,-34,43,104,382915006,124,0,106,0,"[61,15,95,0,-13,14,122,0,-30,14,-120,0,7,15,-124,0,54,15,130,0,116,15,77,0,-109,15,1,0,-80,15,-113,15,-66,15,37,15,-81,15,-45,14,-114,15,-88,14,133,15,-69,14,-127,15,12,15,0,0,0,0,-22,15,-72,15,92,0,-8,15,-79,0,25,0,9,1,29,0,40,1,11,0,7,1,-4,15,-59,0,-5,15,132,0,12,0,62,0,51,0,5,0,114,0,-30,15,-70,0,-29,15,-10,0,12,0]"
CSI_DATA,5335,d8:b1:90:d9:de:f0,-42,9,-99,-37,44,104,382915155,124,0,106,0,"[44,15,-21,15,-38,14,-49,15,-62,14,-50,15,-30,14,-46,15,30,15,-37,15,113,15,-46,15,-53,15,-64,15,66,0,-94,15,-74,0,129,15,12,1,91,15,48,1,67,15,26,1,68,15,-39,0,108,15,0,0,0,0,49,0,-13,15,-27,15,78,0,-97,15,-92,0,129,15,-18,0,118,15,5,1,-126,15,-24,0,-100,15,-93,0,-79,15,86,0,-58,15,2,0,-51,15,-91,15,-59,15,77,15,-82,15,14,15,-116,15]"
CSI_DATA,5336,d8:b1:90:d9:de:f0,-43,9,-99,-35,44,104,382915304,124,0,106,0,"[33,0,47,14,62,0,-27,13,67,0,-50,13,59,0,-22,13,50,0,33,14,56,0,106,14,64,0,-49,14,87,0,63,0,121,0,-77,0,-87,0,13,0,-65,0,42,0,-69,0,20,0,-105,0,-38,0,0,0,0,0,18,0,53,0,-71,14,-22,14,82,14,-80,14,14,14,-111,14,-8,13,-119,14,23,14,-106,14,84,14,-88,14,-92,14,-71,14,-6,14,-60,14,73,0,-61,14,-90,0,-72,14,-30,0,-104,14,-26,0]"
CSI_DATA,5337,d8:b1:90:d9:de:f0,-43,11,-99,-37,44,104,383123415,277,0,106,0,"[33,0,54,15,37,0,-27,14,13,0,-57,14,-13,15,-31,14,-24,15,17,15,-4,15,90,15,42,0,-103,15,129,0,-41,15,-34,0,4,0,50,1,8,0,96,1,-17,15,73,1,-48,15,-8,0,-63,15,0,0,0,0,57,0,-8,15,-18,15,80,0,-64,15,-83,0,-72,15,-2,0,-56,15,29,1,-31,15,0,1,-16,15,-58,0,-23,15,125,0,-56,15,66,0,-113,15,16,0,75,15,-12,15,21,15,-10,15,4,15]"
CSI_DATA,5338,d8:b1:90:d9:de:f0,-43,9,-99,-35,44,104,383123860,98,0,106,0,"[74,14,95,0,-2,13,-114,0,-20,13,-83,0,6,14,-83,0,66,14,-117,0,114,14,81,0,-84,14,-2,14,-34,14,-103,14,-6,14,31,14,-1,14,-62,13,-15,14,-96,13,-37,14,-70,13,-41,14,4,14,0,0,0,0,-7,14,-39,14,49,0,61,0,-123,0,-98,0,-64,0,-53,0,-42,0,-46,0,-61,0,-77,0,-113,0,-121,0,75,0,93,0,0,0,64,0,-84,14,53,0,83,14,61,0,24,14,90,0,29,14]"
CSI_DATA,5339,d8:b1:90:d9:de:f0,-43,9,-99,-37,45,104,383332804,340,0,106,0,"[107,0,-70,0,-85,0,-9,0,-50,0,-3,0,-48,0,-41,0,-79,0,-86,0,101,0,108,0,22,0,75,0,-81,13,63,0,44,13,81,0,-34,12,-115,0,-54,12,-74,0,-18,12,-51,0,47,13,-73,0,0,0,0,0,-33,13,34,0,6,0,-68,13,11,0,61,13,-7,13,-11,12,-33,13,-31,12,-47,13,2,13,-41,13,66,13,-14,13,-101,13,31,0,-43,13,99,0,0,0,-57,0,19,0,5,0,2,0,13,0]"
CSI_DATA,5340,d8:b1:90:d9:de:f0,-43,9,-99,-36,44,104,383332989,320,0,106,0,"[93,0,59,15,123,0,-17,14,109,0,-45,14,71,0,-27,14,43,0,27,15,39,0,97,15,55,0,-69,15,106,0,28,0,-72,0,111,0,9,1,-96,0,65,1,-104,0,65,1,109,0,0,1,59,0,0,0,0,0,54,0,8,0,-53,15,44,0,106,15,109,0,60,15,-81,0,58,15,-44,0,98,15,-58,0,-107,15,-103,0,-74,15,85,0,-58,15,6,0,-74,15,-72,15,-121,15,106,15,81,15,65,15,36,15]"
CSI_DATA,5341,d8:b1:90:d9:de:f0,-45,11,-99,-36,46,104,383504006,100,0,228,0,"[7,-4,9,-7,11,-11,11,-13,13,-15,14,-15,15,-15,98,58,15,-14,13,-12,11,-11,10,-10,7,-8,4,-7,1,-6,-1,-6,-4,-5,-9,-6,-12,-6,-15,-7,-19,-7,27,-46,-21,-9,-20,-10,-19,-11,-17,-10,-15,-9,-12,-8,0,0,-7,-3,-4,-1,-3,1,-1,4,0,8,0,11,9,0,0,17,0,18,0,19,0,18,0,16,0,15,0,12,0,10,0,7,1,5,3,3,4,1,6,0,70,0,10,-3,12,-4,15,-4,15,-4,16,-3,15,-1,14,0,15,7,19,-4,13,-18,-2,-22,-15,-13,-19,0,-11,11,16,-2,7,5,6,-3,0,-6,-7,-1,-7,7,2,12,13,7,17,-4,9,-18,-5,-21,-19,-11,-22,5,-11,18,-15,10,13,8,11,-4,2,-9,-5,-4,-5,4,2,8,0,0,11,-7,3,-16,-9,-16,-19,-5,-19,10,-7,20,9,34,18,7,15,-5,5,-11,-3,-9,-5,-2,-2,1,2,0,1,-3,-3,-5,-8,-2,-9,4,-3,11,5,12,21,3,14,-4,7,-12,-3,-12,-9,-5,-8,1,-3,6,2,3]"
CSI_DATA,5342,d8:b1:90:d9:de:f0,-43,11,-99,-35,44,104,383750111,277,0,106,0,"[116,14,114,14,76,14,31,14,60,14,0,13,75,14,15,14,111,14,54,14,-77,14,104,14,-6,14,-77,14,87,0,-3,14,-60,0,70,0,21,0,-120,0,63,0,-99,0,56,0,-107,0,-6,0,107,0,0,0,0,0,46,0,17,0,-70,14,-8,14,64,14,-32,14,-10,13,-36,14,-33,13,-36,14,2,14,-34,14,75,14,-31,14,-89,14,-30,14,0,14,-39,14,86,0,-53,14,-79,0,-81,14,-21,0,-106,14,-21,0]"
CSI_DATA,5343,d8:b1:90:d9:de:f0,-44,9,-99,-36,45,104,383750610,224,0,106,0,"[73,13,-70,13,11,13,98,13,-19,12,83,13,-4,12,91,13,40,13,-112,13,103,13,-85,13,-40,13,-64,13,62,0,-43,13,-49,0,-38,13,43,0,-38,13,91,0,-45,13,77,0,-59,13,10,0,-54,13,0,0,0,0,48,0,-13,13,-49,13,37,0,89,13,94,0,34,13,-87,0,20,13,-65,0,49,13,-82,0,98,13,99,0,-76,13,42,0,-31,13,-20,13,7,0,-93,13,28,0,57,13,31,0,-4,12,6,0]"
CSI_DATA,5344,d8:b1:90:d9:de:f0,-43,9,-99,-35,44,104,383750746,252,0,106,0,"[27,0,68,14,62,0,-16,13,66,0,-53,13,56,0,-35,13,41,0,14,14,36,0,90,14,44,0,-62,14,66,0,53,0,102,0,-70,0,-99,0,10,0,-68,0,46,0,-56,0,22,0,-85,0,-42,0,0,0,0,0,31,0,34,0,-58,14,-40,14,90,14,-97,14,20,14,-122,14,-4,13,-119,14,23,14,-94,14,89,14,-72,14,-78,14,-53,14,4,0,-38,14,96,0,-40,14,-66,0,-49,14,-12,0,-90,14,-15,0]"
CSI_DATA,5345,d8:b1:90:d9:de:f0,-43,9,-99,-35,44,104,383959464,124,0,106,0,"[-102,0,-124,14,-38,0,69,14,-34,0,34,14,-66,0,39,14,-108,0,77,14,97,0,-112,14,62,0,-23,14,47,0,88,0,51,0,-41,0,71,0,46,0,113,0,76,0,-114,0,46,0,122,0,-28,0,0,0,0,0,24,0,30,0,-68,14,-46,14,81,14,-99,14,3,14,-110,14,-24,13,-95,14,6,14,-68,14,74,14,-41,14,-95,14,-38,14,-14,14,-42,14,67,0,-74,14,-114,0,-124,14,-83,0,65,14,-112,0]"
CSI_DATA,5346,d8:b1:90:d9:de:f0,-43,9,-99,-35,44,104,383959631,108,0,106,0,"[92,0,67,14,-111,0,5,14,-104,0,-25,13,116,0,-2,13,92,0,37,14,74,0,111,14,70,0,-47,14,95,0,59,0,-111,0,-81,0,-61,0,-9,0,-26,0,14,0,-15,0,-16,0,-54,0,-79,0,0,0,0,0,33,0,39,0,-81,14,2,0,60,14,-5,14,-16,13,6,0,-41,13,27,0,0,13,35,0,67,14,22,0,-111,14,-4,14,-44,14,-45,14,9,0,-106,14,47,0,68,14,50,0,6,14,16,0]"
CSI_DATA,5347,d8:b1:90:d9:de:f0,-43,9,-99,-37,45,104,383959740,130,0,106,0,"[-49,0,-26,13,22,0,-26,13,49,0,-41,13,24,0,-53,13,-25,0,-48,13,-88,0,-20,13,79,0,29,0,9,0,108,0,-45,13,-31,0,-72,13,47,0,-63,13,83,0,-33,13,68,0,-11,13,7,0,0,0,0,0,-9,13,43,0,-50,13,-56,13,-110,13,96,13,66,13,50,13,40,13,47,13,54,13,74,13,99,13,-115,13,-66,13,-83,13,0,0,-60,13,80,0,-63,13,-77,0,-86,13,-35,0,113,13,-48,0]"
CSI_DATA,5348,d8:b1:90:d9:de:f0,-43,9,-99,-35,44,104,383959893,113,0,106,0,"[-58,0,-53,14,18,0,-68,14,38,0,-88,14,8,0,-104,14,-44,0,-93,14,-102,0,-49,14,90,0,14,0,32,0,108,0,-4,14,-31,0,-11,14,56,0,14,0,97,0,37,0,70,0,44,0,4,0,0,0,0,0,0,0,46,0,-70,14,-41,14,91,14,-106,14,16,14,113,14,-6,13,123,14,15,14,-102,14,74,14,-71,14,-97,14,-56,14,-15,14,-62,14,57,0,-88,14,-121,0,110,14,-91,0,64,14,-114,0]"
CSI_DATA,5349,d8:b1:90:d9:de:f0,-42,9,-99,-37,44,104,383960029,98,0,106,0,"[129,0,-92,0,-102,0,-22,0,-77,0,-5,0,-85,0,-34,0,-116,0,-72,0,90,0,-120,0,9,0,111,0,-94,15,89,0,57,15,88,0,-31,14,104,0,-73,14,125,0,-46,14,-121,0,30,15,121,0,0,0,0,0,-69,15,13,0,-8,15,-85,15,25,0,67,15,34,0,-11,14,23,0,-33,14,11,0,2,15,13,0,69,15,24,0,-123,15,59,0,-50,15,118,0,5,0,-75,0,46,0,-14,0,53,0,-1,0]"
CSI_DATA,5350,d8:b1:90:d9:de:f0,-42,9,-99,-35,43,104,384019480,130,0,106,0,"[66,16,41,0,-21,15,61,0,-49,15,97,0,-11,15,112,0,42,16,106,0,111,16,63,0,-109,16,-7,16,-67,16,-112,16,-49,16,51,16,-56,16,-42,15,-89,16,-81,15,-119,16,-51,15,-111,16,38,16,0,0,0,0,-10,16,-42,16,101,0,26,0,-66,0,59,0,19,1,61,0,49,1,40,0,13,1,18,0,-62,0,10,0,138,0,21,0,64,0,61,0,8,0,122,0,-29,16,-81,0,-26,16,-18,0,11,0]"
CSI_DATA,5351,d8:b1:90:d9:de:f0,-42,9,-99,-38,44,104,384019762,113,0,106,0,"[-64,0,-1,15,26,1,10,0,66,1,-3,15,39,1,-13,15,-27,0,-5,15,-101,0,10,0,72,0,49,0,-30,15,104,0,132,15,-90,0,58,15,-22,0,39,15,6,1,63,15,0,1,119,15,-61,0,0,0,0,0,-15,15,25,0,24,0,-99,15,45,0,54,15,49,0,-27,14,45,0,-47,14,43,0,-9,14,38,0,67,15,42,0,-118,15,58,0,-29,15,94,0,55,0,-129,0,-135,0,-82,0,-94,0,-57,0]"
CSI_DATA,5352,d8:b1:90:d9:de:f0,-43,9,-99,-39,45,104,384019979,133,0,106,0,"[106,14,-120,0,41,14,-65,0,30,14,-31,0,57,14,-37,0,94,14,-78,0,-118,14,106,0,-80,14,20,0,-52,14,-86,14,-34,14,42,14,-39,14,-50,13,-60,14,-80,13,-68,14,-55,13,-63,14,16,14,0,0,0,0,-6,14,-26,14,61,0,72,0,-112,0,-92,0,-49,0,-47,0,-29,0,-45,0,-55,0,-69,0,-109,0,-115,0,68,0,90,0,-6,14,63,0,-89,14,47,0,76,14,47,0,20,14,65,0,17,14]"
CSI_DATA,5353,d8:b1:90:d9:de:f0,-42,9,-99,-38,44,104,384020205,113,0,106,0,"[-83,0,86,0,0,1,126,0,40,1,124,0,20,1,100,0,-29,0,74,0,-116,0,62,0,58,0,68,0,-62,15,94,0,92,15,-131,0,9,15,-83,0,-16,14,-43,0,18,15,-40,0,87,15,-83,0,0,0,0,0,-23,15,28,0,32,0,-100,15,59,0,55,15,64,0,-30,14,52,0,-49,14,37,0,-12,14,32,0,64,15,37,0,-120,15,52,0,-32,15,99,0,44,0,-115,0,116,0,-63,0,-121,0,-31,0]"
CSI_DATA,5354,d8:b1:90:d9:de:f0,-43,9,-99,-39,45,104,384020386,133,0,106,0,"[-68,0,63,0,15,0,87,0,51,0,75,0,32,0,54,0,-23,0,39,0,-95,0,34,0,62,0,54,0,-36,14,93,0,113,14,-94,0,47,14,-29,0,31,14,10,0,68,14,4,0,-123,14,-46,0,0,0,0,0,-17,14,23,0,6,0,-95,14,1,0,37,14,-15,14,-33,13,-34,14,-50,13,-40,14,-11,13,-31,14,59,14,0,0,-115,14,39,0,-45,14,101,0,11,0,-79,0,52,0,-17,0,62,0,-1,0]"
CSI_DATA,5355,d8:b1:90:d9:de:f0,-43,9,-99,-35,44,104,384020638,127,0,106,0,"[-48,14,64,14,-67,14,-24,13,-79,14,-50,13,-72,14,-25,13,-49,14,30,14,-19,14,98,14,25,0,-58,14,83,0,42,0,-103,0,-98,0,-54,0,-19,0,-31,0,5,0,-40,0,-18,0,-83,0,-75,0,0,0,0,0,24,0,5,0,-65,14,-79,14,99,14,93,14,39,14,55,14,27,14,47,14,57,14,68,14,119,14,113,14,-61,14,-92,14,14,0,-45,14,96,0,-3,14,-71,0,28,0,-12,0,36,0,0,0]"
CSI_DATA,5356,d8:b1:90:d9:de:f0,-44,9,-99,-37,45,104,384020760,107,0,106,0,"[-73,0,-77,13,3,0,-103,13,26,0,109,13,4,0,-112,13,-35,0,-85,13,-100,0,-44,13,63,0,11,0,-15,13,84,0,-100,13,-75,0,71,13,-15,0,47,13,17,0,63,13,5,0,108,13,-50,0,0,0,0,0,-3,13,26,0,50,0,-77,13,95,0,62,13,-114,0,-1,12,-109,0,-20,12,-116,0,16,13,91,0,80,13,67,0,-77,13,44,0,0,13,34,0,80,0,31,0,-72,0,35,0,-14,0,53,0]"
CSI_DATA,5357,d8:b1:90:d9:de:f0,-43,9,-99,-37,45,104,384020959,127,0,106,0,"[48,0,59,13,59,0,-22,12,34,0,-56,12,4,0,-33,12,-7,13,19,13,3,0,86,13,33,0,-71,13,96,0,11,0,-55,0,78,0,22,0,109,0,62,0,99,0,53,0,65,0,-15,0,29,0,0,0,0,0,22,0,3,0,-82,13,38,0,66,13,99,0,24,13,-78,0,22,13,-45,0,63,13,-58,0,111,13,-102,0,-82,13,69,0,-60,13,1,0,-58,13,-78,13,-77,13,85,13,-116,13,42,13,87,13]"
CSI_DATA,5358,d8:b1:90:d9:de:f0,-43,9,-99,-35,44,104,384021206,107,0,106,0,"[-30,14,56,14,-30,14,-31,13,-37,14,-58,13,-37,14,-35,13,-23,14,19,14,1,0,90,14,41,0,-69,14,98,0,32,0,-84,0,-114,0,-33,0,-41,0,-9,0,-16,0,-20,0,-38,0,-73,0,-87,0,0,0,0,0,15,0,20,0,-88,14,-37,14,59,14,-85,14,-9,13,-109,14,-25,13,-114,14,9,14,-106,14,76,14,-86,14,-91,14,-74,14,-7,14,-63,14,80,0,-63,14,-83,0,-69,14,-27,0,-90,14,-25,0]"
CSI_DATA,5359,d8:b1:90:d9:de:f0,-43,11,-99,-40,45,104,384376808,277,0,106,0,"[-59,0,-19,15,32,1,-31,15,57,1,-52,15,33,1,-64,15,-30,0,-51,15,-96,0,-25,15,73,0,23,0,-13,15,97,0,-92,15,-70,0,111,15,13,1,103,15,52,1,-125,15,39,1,-83,15,-25,0,0,0,0,0,-18,15,34,0,-14,15,-83,15,-34,15,59,15,-60,15,-11,14,-79,15,-27,14,-75,15,13,15,-54,15,81,15,-18,15,-105,15,33,0,-38,15,102,0,24,0,-79,0,64,0,-9,0,73,0,6,1]"
CSI_DATA,5360,d8:b1:90:d9:de:f0,-43,9,-99,-36,44,104,384377307,101,0,106,0,"[-93,0,-121,15,-20,0,88,15,-3,0,59,15,-37,0,64,15,-75,0,97,15,-118,0,-100,15,98,0,-18,15,71,0,88,0,60,0,-55,0,69,0,36,1,82,0,71,1,99,0,51,1,82,0,-18,0,0,0,0,0,1,0,56,0,-84,15,-26,15,84,15,-82,15,12,15,-111,15,-11,14,-114,15,17,15,-98,15,82,15,-76,15,-102,15,-66,15,-20,15,-67,15,58,0,-93,15,-124,0,117,15,-86,0,72,15,-98,0]"
CSI_DATA,5361,d8:b1:90:d9:de:f0,-43,9,-99,-35,44,104,384377438,113,0,106,0,"[79,14,105,0,11,14,-89,0,5,14,-53,0,42,14,-52,0,90,14,-77,0,-111,14,108,0,-71,14,26,0,-50,14,-85,14,-49,14,47,14,-77,14,-40,13,-106,14,-70,13,117,14,-36,13,-121,14,35,14,0,0,0,0,-17,14,-30,14,75,0,38,0,-71,0,83,0,3,0,93,0,26,0,76,0,-2,0,51,0,-68,0,33,0,100,0,34,0,22,0,48,0,-51,14,88,0,-115,14,-101,0,108,14,-39,0,-108,14]"
CSI_DATA,5362,d8:b1:90:d9:de:f0,-42,9,-99,-37,44,104,384428553,127,0,106,0,"[-56,0,98,0,21,1,-123,0,48,1,-126,0,20,1,114,0,-31,0,91,0,-113,0,74,0,56,0,76,0,-56,15,99,0,92,15,-128,0,16,15,-98,0,-19,14,-67,0,5,15,-74,0,75,15,-123,0,0,0,0,0,-41,15,4,0,5,0,-120,15,38,0,50,15,45,0,-26,14,39,0,-46,14,28,0,-5,14,25,0,68,15,33,0,-106,15,53,0,-30,15,93,0,48,0,-116,0,121,0,-72,0,-110,0,-42,0]"
CSI_DATA,5363,d8:b1:90:d9:de:f0,-43,9,-99,-35,44,104,384428765,127,0,106,0,"[107,0,60,14,-109,0,-22,13,-121,0,-56,13,85,0,-31,13,56,0,19,14,52,0,102,14,50,0,-53,14,80,0,58,0,-119,0,-88,0,-68,0,-21,0,-26,0,-6,0,-26,0,-40,0,-76,0,-99,0,0,0,0,0,5,0,23,0,-106,14,-4,14,34,14,-9,14,-35,13,9,0,-49,13,32,0,-8,13,36,0,67,14,30,0,-103,14,7,0,-32,14,-33,14,31,0,-91,14,82,0,89,14,99,0,30,14,68,0]"
CSI_DATA,5364,d8:b1:90:d9:de:f0,-42,9,-99,-37,44,104,384429022,107,0,106,0,"[-86,15,-49,0,-115,15,29,1,-101,15,60,1,-75,15,31,1,-53,15,-22,0,-53,15,-100,0,-66,15,69,0,-107,15,-33,15,95,15,-126,15,32,15,72,15,-4,14,53,15,1,15,85,15,66,15,-127,15,0,0,0,0,-14,15,-44,15,104,0,-42,15,-52,0,-61,15,12,1,-91,15,26,1,-113,15,-17,0,-104,15,-86,0,-76,15,112,0,-28,15,51,0,27,0,14,0,104,0,-11,15,-79,0,-4,15,-14,0,30,0]"
CSI_DATA,5365,d8:b1:90:d9:de:f0,-43,9,-99,-35,44,104,384429203,107,0,106,0,"[-73,0,-119,0,-12,0,-58,0,8,0,-50,0,-16,0,-66,0,-71,0,-95,0,108,0,116,0,17,0,72,0,-94,14,34,0,46,14,-9,14,-42,13,-40,14,-70,13,-50,14,-46,13,-44,14,27,14,-38,14,0,0,0,0,-11,14,-19,14,102,0,-28,14,-34,0,-33,14,34,0,-46,14,48,0,-49,14,6,0,-36,14,-65,0,-16,14,104,0,13,0,23,0,40,0,-62,14,72,0,111,14,113,0,67,14,-87,0,66,14]"
CSI_DATA,5366,d8:b1:90:d9:de:f0,-41,11,-99,-36,43,104,384504006,100,0,114,0,"[30,1,33,3,35,5,35,6,37,6,34,6,33,7,31,8,30,6,30,7,29,5,29,7,30,6,30,5,31,5,32,5,32,4,35,4,34,3,37,3,35,3,37,2,35,2,37,1,37,2,34,2,34,2,33,0,0,0,33,0,33,0,32,-1,35,-1,34,-1,34,-2,34,-2,34,-2,33,-3,33,-3,31,-4,28,-3,26,-4,25,-4,25,-5,23,-5,24,-6,23,-6,24,-7,24,-7,25,-7,25,-7,28,-7,29,-7,28,-6,26,-6,26,-5,23,-3]"
CSI_DATA,5367,d8:b1:90:d9:de:f0,-42,11,-99,-38,44,104,384794605,277,0,106,0,"[-117,15,-100,0,80,15,-42,0,63,15,-12,0,82,15,-34,0,115,15,-83,0,-120,15,117,0,-97,15,22,0,-78,15,-93,15,-69,15,51,15,-72,15,-47,14,-79,15,-95,14,-91,15,-79,14,-73,15,5,15,0,0,0,0,-3,15,-62,15,67,0,43,0,-119,0,131,0,-59,0,-82,0,-31,0,-63,0,-57,0,-88,0,-118,0,-130,0,80,0,100,0,-1,15,65,0,-94,15,54,0,80,15,58,0,12,15,79,0,5,15]"
CSI_DATA,5368,d8:b1:90:d9:de:f0,-43,9,-99,-39,45,104,384795095,130,0,106,0,"[-66,0,-30,14,18,0,-30,14,46,0,-44,14,20,0,-48,14,-29,0,-38,14,-95,0,-12,14,85,0,38,0,6,0,119,0,-55,14,-40,0,-96,14,35,0,-107,14,74,0,-80,14,66,0,-49,14,2,0,0,0,0,0,-16,14,50,0,-35,14,-61,14,-71,14,84,14,-111,14,15,14,112,14,-1,13,115,14,26,14,-95,14,80,14,-45,14,-112,14,17,0,-66,14,97,0,-32,14,-67,0,-23,14,-2,0,-39,14,6,0]"
CSI_DATA,5369,d8:b1:90:d9:de:f0,-44,9,-99,-37,45,104,384795230,130,0,106,0,"[0,0,-60,0,-15,13,13,0,-2,13,43,0,8,0,22,0,8,0,-24,0,-10,13,-88,0,-47,13,73,0,-111,13,-3,13,44,13,-77,13,-23,12,112,13,-63,12,107,13,-52,12,-101,13,1,13,-69,13,0,0,0,0,-47,13,-17,13,56,0,-32,13,-76,0,-58,13,-9,0,-97,13,5,0,116,13,-19,0,-112,13,-72,0,-86,13,108,0,-39,13,64,0,19,0,31,0,92,0,21,0,-63,0,33,0,-3,0,74,0]"
CSI_DATA,5370,d8:b1:90:d9:de:f0,-43,9,-99,-35,44,104,385003994,98,0,106,0,"[27,0,68,14,66,0,-12,13,80,0,-44,13,72,0,-27,13,66,0,27,14,60,0,99,14,68,0,-53,14,82,0,63,0,107,0,-68,0,-109,0,30,0,-100,0,74,0,-92,0,57,0,-121,0,-4,0,0,0,0,0,30,0,60,0,-56,14,-24,14,110,14,-105,14,40,14,94,14,14,14,83,14,37,14,101,14,100,14,-116,14,-78,14,-78,14,6,0,-58,14,97,0,-43,14,-64,0,-42,14,1,0,-63,14,7,0]"
CSI_DATA,5371,d8:b1:90:d9:de:f0,-42,9,-99,-35,43,104,385004090,98,0,106,0,"[122,0,113,16,-73,0,61,16,-45,0,33,16,-64,0,53,16,-94,0,98,16,137,0,-113,16,97,0,-19,16,47,0,99,0,13,0,-49,0,-4,16,57,1,-10,16,115,1,5,0,104,1,9,0,23,1,0,0,0,0,-2,16,76,0,-44,16,-52,16,-95,16,109,16,-136,16,31,16,116,16,5,16,133,16,40,16,-99,16,101,16,-40,16,-114,16,30,0,-51,16,113,0,2,0,-75,0,40,0,2,1,43,0,20,1]"
CSI_DATA,5372,d8:b1:90:d9:de:f0,-42,9,-99,-34,43,104,385017393,113,0,106,0,"[-87,0,101,0,-13,0,-122,0,28,1,-121,0,16,1,111,0,-31,0,84,0,-102,0,70,0,75,0,83,0,-27,15,130,0,-124,15,-62,0,91,15,21,1,85,15,76,1,124,15,78,1,-91,15,13,1,0,0,0,0,-29,15,85,0,-60,15,-38,15,-122,15,133,15,86,15,74,15,48,15,66,15,59,15,97,15,109,15,-126,15,-94,15,-93,15,-19,15,-82,15,66,0,-100,15,-129,0,124,15,-94,0,63,15,-123,0]"
CSI_DATA,5373,d8:b1:90:d9:de:f0,-43,9,-99,-35,44,104,385017646,133,0,106,0,"[-103,0,116,14,-39,0,62,14,-39,0,20,14,-74,0,21,14,-117,0,59,14,95,0,114,14,86,0,-47,14,104,0,56,0,-87,0,-99,0,-22,0,-34,0,29,0,-24,0,46,0,-65,0,-2,0,116,0,0,0,0,0,67,0,32,0,-42,14,51,0,104,14,91,0,49,14,-101,0,42,14,-58,0,84,14,-65,0,-119,14,-110,0,-83,14,80,0,-73,14,10,0,-90,14,-65,14,115,14,116,14,50,14,93,14,16,14]"
CSI_DATA,5374,d8:b1:90:d9:de:f0,-43,9,-99,-35,44,104,385017799,113,0,106,0,"[-79,14,80,14,-100,14,-2,13,-120,14,-27,13,-117,14,-3,13,-95,14,44,14,-55,14,103,14,13,0,-81,14,106,0,-12,14,-36,0,42,0,50,0,75,0,91,0,84,0,80,0,61,0,18,0,35,0,0,0,0,0,66,0,12,0,-46,14,34,0,95,14,65,0,24,14,104,0,6,14,-123,0,34,14,118,0,86,14,82,0,-106,14,34,0,-52,14,-26,14,-10,14,-101,14,16,0,69,14,7,0,4,14,-22,14]"
CSI_DATA,5375,d8:b1:90:d9:de:f0,-43,9,-99,-36,44,104,385018034,133,0,106,0,"[5,0,62,15,27,0,-21,14,22,0,-48,14,16,0,-31,14,17,0,25,15,28,0,94,15,66,0,-77,15,123,0,25,0,-66,0,115,0,1,1,-67,0,35,1,-48,0,30,1,-67,0,-27,0,-107,0,0,0,0,0,51,0,52,0,-57,15,36,0,85,15,29,0,6,15,41,0,-16,14,51,0,9,15,46,0,70,15,25,0,-120,15,-4,15,-52,15,-51,15,2,0,-110,15,46,0,75,15,55,0,11,15,34,0]"
CSI_DATA,5376,d8:b1:90:d9:de:f0,-43,11,-99,-39,45,104,385421301,277,0,106,0,"[54,14,40,0,-29,13,35,0,-55,13,40,0,-26,13,35,0,28,14,17,0,101,14,-6,14,-56,14,-37,14,45,0,-87,14,-93,0,112,14,-11,0,69,14,23,0,40,14,6,0,41,14,-52,0,85,14,0,0,0,0,36,0,-37,14,-44,14,44,0,-118,14,-118,0,91,14,-54,0,76,14,-27,0,95,14,-54,0,-115,14,-111,0,-80,14,64,0,-49,14,-13,14,-22,14,-98,14,-6,14,63,14,-18,14,-1,13,-44,14]"
CSI_DATA,5377,d8:b1:90:d9:de:f0,-43,9,-99,-39,45,104,385421737,98,0,106,0,"[-118,0,-97,0,-67,0,-38,0,-32,0,-37,0,-34,0,-69,0,-68,0,-117,0,118,0,94,0,39,0,79,0,-64,14,85,0,80,14,121,0,9,14,-74,0,-8,13,-25,0,27,14,-9,0,94,14,-41,0,0,0,0,0,-30,14,52,0,-15,14,-59,14,-27,14,79,14,-65,14,9,14,-99,14,-9,13,-107,14,26,14,-87,14,86,14,-40,14,-102,14,21,0,-59,14,97,0,-41,14,-72,0,-52,14,-21,0,-94,14,-31,0]"
CSI_DATA,5378,d8:b1:90:d9:de:f0,-44,9,-99,-36,45,104,385421887,108,0,106,0,"[-88,0,-108,0,-49,0,-44,0,-33,0,-24,0,-52,0,-40,0,-89,0,-70,0,80,0,-110,0,4,0,82,0,-94,13,40,0,30,13,8,0,-49,12,-10,13,-89,12,-18,13,-77,12,-10,13,-18,12,-8,13,0,0,0,0,-56,13,-4,13,49,0,-34,13,-85,0,-65,13,-16,0,-96,13,4,0,-110,13,-20,0,-98,13,-70,0,-64,13,104,0,-19,13,51,0,31,0,5,0,97,0,-30,13,-58,0,-34,13,-2,0,-13,13]"
CSI_DATA,5379,d8:b1:90:d9:de:f0,-42,9,-99,-37,44,104,385446700,130,0,106,0,"[43,15,-49,15,-41,14,-67,15,-71,14,-43,15,-43,14,-12,15,13,15,5,0,87,15,-4,15,-94,15,-47,15,-14,15,-123,15,47,0,36,15,71,0,-53,14,47,0,-101,14,7,0,-87,14,-16,15,-12,14,0,0,0,0,-7,15,-64,15,71,0,30,0,-106,0,104,0,-22,0,129,0,16,1,117,0,-5,0,85,0,-66,0,55,0,121,0,47,0,47,0,61,0,-21,15,101,0,-77,15,-92,0,-83,15,-24,0,-39,15]"
CSI_DATA,5380,d8:b1:90:d9:de:f0,-46,11,-99,-37,47,104,385503711,100,0,228,0,"[6,2,9,0,11,-2,14,-2,16,-4,17,-4,18,-5,90,53,16,-4,15,-5,13,-4,11,-4,8,-4,5,-4,2,-4,0,-5,-4,-5,-8,-5,-11,-6,-15,-6,-18,-7,25,-42,-21,-8,-20,-8,-19,-8,-17,-8,-15,-8,-13,-6,0,0,-7,-4,-3,-2,0,0,2,2,5,4,7,6,90,0,11,10,12,12,12,12,11,12,10,10,10,10,8,8,7,5,5,4,5,1,3,0,2,-3,2,-5,31,0,1,-11,2,-13,2,-15,2,-16,3,-16,4,-14,5,-12,5,15,17,8,20,-5,11,-17,-3,-20,-14,-10,-14,2,10,5,2,8,5,1,2,-3,-4,-2,-5,4,0,10,9,8,15,-1,10,-13,-3,-18,-16,-11,-18,3,-10,16,-16,8,11,6,10,-3,0,-7,-5,-2,-2,5,5,6,0,0,8,-10,-2,-16,-15,-10,-20,2,-12,16,2,20,24,22,18,0,10,-11,0,-12,-5,-6,-5,0,-2,0,-1,-1,-3,-2,-6,0,-5,7,0,10,8,8,13,0,13,-18,2,-15,-9,-11,-13,-1,-9,7,0,9,4,4,3,0]"
CSI_DATA,5381,d8:b1:90:d9:de:f0,-43,9,-99,-36,44,104,385630663,130,0,106,0,"[88,15,-110,15,27,15,95,15,-2,14,89,15,14,15,115,15,59,15,-106,15,-126,15,-80,15,-38,15,-64,15,78,0,-64,15,-60,0,-83,15,30,1,-123,15,64,1,92,15,38,1,73,15,-31,0,98,15,0,0,0,0,48,0,-45,15,-18,15,56,0,-64,15,-96,0,-76,15,-10,0,-64,15,22,1,-45,15,-4,0,-32,15,-71,0,-38,15,108,0,-53,15,21,0,-95,15,-54,15,97,15,-124,15,29,15,109,15,-6,14]"
CSI_DATA,5382,d8:b1:90:d9:de:f0,-43,9,-99,-38,45,104,385630807,214,0,106,0,"[35,0,-60,0,39,0,14,0,56,0,39,0,66,0,13,0,61,0,-41,0,28,0,-99,0,-17,14,73,0,-92,14,-2,14,55,14,-63,14,-31,13,-97,14,-79,13,-93,14,-75,13,-62,14,-16,13,-31,14,0,0,0,0,-66,14,0,0,41,0,-29,14,-102,0,-77,14,-40,0,112,14,-27,0,80,14,-58,0,87,14,-105,0,-114,14,89,0,-57,14,55,0,11,0,45,0,92,0,58,0,-65,0,90,0,-5,0,-106,0]"
CSI_DATA,5383,d8:b1:90:d9:de:f0,-43,9,-99,-36,44,104,385631006,214,0,106,0,"[-113,0,116,15,-52,0,66,15,-45,0,35,15,-76,0,41,15,-119,0,76,15,96,0,-114,15,70,0,-30,15,57,0,85,0,67,0,-53,0,98,0,38,1,-120,0,75,1,-89,0,48,1,-102,0,-24,0,0,0,0,0,45,0,45,0,-58,15,-15,15,90,15,-57,15,3,15,-64,15,-29,14,-47,15,0,15,-24,15,68,15,-13,15,-107,15,-16,15,-32,15,-50,15,37,0,-104,15,89,0,72,15,97,0,5,15,57,0]"
CSI_DATA,5384,d8:b1:90:d9:de:f0,-42,11,-99,-34,43,104,385839099,277,0,106,0,"[-36,15,-48,0,-64,15,33,1,-54,15,62,1,-32,15,41,1,-18,15,-14,0,-22,15,-84,0,-52,15,93,0,-116,15,-11,15,65,15,-102,15,-23,14,117,15,-75,14,108,15,-75,14,-124,15,-6,14,-80,15,0,0,0,0,-66,15,-23,15,52,0,-54,15,-103,0,-105,15,-42,0,103,15,-37,0,68,15,-76,0,79,15,-130,0,124,15,94,0,-77,15,72,0,3,0,67,0,95,0,85,0,-91,0,-130,0,-38,0,-86,0]"
CSI_DATA,5385,d8:b1:90:d9:de:f0,-43,9,-99,-35,44,104,385839553,98,0,106,0,"[45,14,32,0,-29,13,39,0,-52,13,65,0,-24,13,79,0,29,14,78,0,92,14,52,0,-94,14,-7,14,-42,14,-96,14,-10,14,41,14,-7,14,-53,13,-40,14,-97,13,-77,14,-74,13,-94,14,-2,13,0,0,0,0,-26,14,-62,14,66,0,14,0,-81,0,60,0,2,0,66,0,33,0,37,0,5,0,10,0,-62,0,-1,14,115,0,8,0,44,0,46,0,-5,14,103,0,-36,14,-68,0,-23,14,-1,0,25,0]"
CSI_DATA,5386,d8:b1:90:d9:de:f0,-42,9,-99,-34,43,104,385839667,98,0,106,0,"[-13,15,-44,0,-21,15,38,1,-5,15,68,1,26,0,39,1,38,0,-19,0,12,0,-91,0,-31,15,98,0,-116,15,25,0,44,15,-31,15,-58,14,-43,15,-109,14,-19,15,-97,14,27,0,-18,14,48,0,0,0,0,0,-68,15,22,0,24,0,-68,15,82,0,98,15,99,0,7,15,78,0,-28,14,44,0,-3,14,24,0,66,15,22,0,-120,15,55,0,-48,15,113,0,16,0,-74,0,55,0,-7,0,59,0,16,1]"
CSI_DATA,5387,d8:b1:90:d9:de:f0,-43,9,-99,-38,45,104,386048478,130,0,106,0,"[-18,14,60,14,-16,14,-16,13,-35,14,-47,13,-47,14,-24,13,-39,14,28,14,-17,14,91,14,32,0,-79,14,108,0,-1,14,-38,0,64,0,42,0,101,0,87,0,100,0,76,0,72,0,16,0,36,0,0,0,0,0,58,0,5,0,-57,14,30,0,84,14,76,0,21,14,-112,0,10,14,-84,0,40,14,-88,0,94,14,118,0,-96,14,58,0,-54,14,-9,14,-36,14,-87,14,-37,14,67,14,-67,14,9,14,-110,14]"
CSI_DATA,5388,d8:b1:90:d9:de:f0,-42,9,-99,-37,44,104,386048604,124,0,106,0,"[-99,15,91,15,119,15,14,15,84,15,2,15,82,15,32,15,115,15,82,15,-89,15,-131,15,-6,15,-86,15,100,0,-57,15,-38,0,-41,15,60,1,-52,15,96,1,-87,15,75,1,-112,15,-1,0,-106,15,0,0,0,0,50,0,-26,15,-40,15,60,0,-102,15,-99,0,-124,15,-16,0,-117,15,18,1,-92,15,-7,0,-58,15,-74,0,-46,15,108,0,-54,15,21,0,-84,15,-61,15,119,15,128,15,59,15,94,15,18,15]"
CSI_DATA,5389,d8:b1:90:d9:de:f0,-43,11,-99,-38,45,104,386256896,277,0,106,0,"[53,14,58,0,-17,13,81,0,-42,13,104,0,-15,13,117,0,40,14,98,0,90,14,58,0,-97,14,-6,14,-52,14,-89,14,-21,14,44,14,-9,14,-42,13,-33,14,-82,13,-50,14,-67,13,-57,14,-6,13,0,0,0,0,-10,14,-67,14,61,0,23,0,-98,0,84,0,-20,0,115,0,10,0,105,0,1,0,85,0,-55,0,54,0,115,0,42,0,34,0,43,0,-35,14,72,0,-105,14,-113,0,103,14,-54,0,-110,14]"
CSI_DATA,5390,d8:b1:90:d9:de:f0,-43,9,-99,-36,44,104,386257359,101,0,106,0,"[-47,0,-6,15,36,1,-19,15,60,1,-47,15,30,1,-71,15,-30,0,-71,15,-93,0,-46,15,99,0,17,0,38,0,105,0,5,0,-46,0,4,0,47,1,26,0,92,1,59,0,74,1,71,0,0,1,0,0,0,0,19,0,66,0,-66,15,-19,15,89,15,-75,15,4,15,-87,15,-32,14,-68,15,-7,14,-35,15,59,15,-12,15,-127,15,-11,15,-47,15,-31,15,19,0,-88,15,67,0,94,15,71,0,16,15,25,0]"
CSI_DATA,5391,d8:b1:90:d9:de:f0,-42,9,-99,-34,43,104,386289792,130,0,106,0,"[-57,0,73,0,11,1,116,0,44,1,110,0,22,1,90,0,-27,0,65,0,-102,0,59,0,83,0,80,0,-14,15,128,0,-102,15,-68,0,103,15,7,1,91,15,51,1,120,15,54,1,-103,15,-7,0,0,0,0,0,-46,15,76,0,-73,15,-40,15,-119,15,126,15,99,15,58,15,66,15,46,15,77,15,75,15,124,15,118,15,-81,15,-110,15,-5,15,-86,15,77,0,-97,15,-108,0,-132,15,-65,0,80,15,-81,0]"
CSI_DATA,5392,d8:b1:90:d9:de:f0,-43,9,-99,-36,44,104,386291064,113,0,106,0,"[-24,15,-44,0,-58,15,22,1,-59,15,46,1,-51,15,25,1,-43,15,-25,0,-49,15,-94,0,-72,15,80,0,-117,15,-11,15,71,15,-108,15,12,15,87,15,-24,14,56,15,-21,14,80,15,28,15,119,15,0,0,0,0,-60,15,-57,15,57,0,-57,15,-98,0,-67,15,-21,0,-84,15,5,1,-102,15,-21,0,-99,15,-72,0,-68,15,-127,0,-24,15,76,0,34,0,41,0,112,0,24,0,-61,0,39,0,3,1,77,0]"
CSI_DATA,5393,d8:b1:90:d9:de:f0,-43,9,-99,-38,45,104,386291549,133,0,106,0,"[-87,14,-66,0,118,14,0,0,-113,14,35,0,-88,14,21,0,-61,14,-31,0,-49,14,-90,0,-56,14,66,0,-96,14,-32,14,83,14,118,14,16,14,62,14,-29,13,52,14,-33,13,89,14,9,14,-102,14,0,0,0,0,-54,14,-33,14,47,0,-39,14,-89,0,-71,14,-27,0,-117,14,-16,0,90,14,-47,0,92,14,-97,0,-116,14,99,0,-62,14,67,0,6,0,54,0,87,0,70,0,-71,0,-117,0,-14,0,-70,0]"
CSI_DATA,5394,d8:b1:90:d9:de:f0,-43,9,-99,-36,44,104,386292808,113,0,106,0,"[-87,15,62,15,-121,15,-3,14,97,15,-10,14,79,15,28,15,96,15,82,15,-114,15,127,15,-43,15,-101,15,55,0,-108,15,-99,0,115,15,-37,0,50,15,-33,0,-4,14,-74,0,-15,14,120,0,23,15,0,0,0,0,42,0,-71,15,71,0,33,0,-126,0,116,0,-60,0,-100,0,-24,0,-108,0,-30,0,115,0,-77,0,76,0,112,0,62,0,42,0,69,0,-20,15,111,0,-61,15,-74,0,-58,15,-2,0,2,0]"
CSI_DATA,5395,d8:b1:90:d9:de:f0,-43,9,-99,-38,45,104,386293254,133,0,106,0,"[67,14,88,0,-5,13,-119,0,-22,13,-96,0,10,14,-89,0,60,14,-110,0,107,14,82,0,-86,14,12,0,-52,14,-86,14,-37,14,44,14,-49,14,-44,13,-72,14,-80,13,-96,14,-62,13,-92,14,4,14,0,0,0,0,-18,14,-65,14,64,0,9,0,-84,0,59,0,-8,0,75,0,23,0,64,0,0,0,47,0,-60,0,33,0,112,0,34,0,37,0,54,0,-32,14,97,0,-87,14,-77,0,-102,14,-10,0,-67,14]"
CSI_DATA,5396,d8:b1:90:d9:de:f0,-42,9,-99,-37,44,104,386293909,127,0,106,0,"[41,0,-48,0,60,0,29,1,96,0,51,1,116,0,14,1,115,0,-43,0,73,0,-108,0,4,0,98,0,-95,15,52,0,47,15,38,0,-48,14,60,0,-89,14,97,0,-60,14,-130,0,17,15,129,0,0,0,0,0,-63,15,38,0,-7,15,-74,15,12,0,77,15,4,0,-10,14,-22,15,-34,14,-45,15,-2,14,-41,15,65,15,-19,15,-125,15,32,0,-56,15,110,0,-21,15,-59,0,-9,15,11,1,-33,15,20,1]"
CSI_DATA,5397,d8:b1:90:d9:de:f0,-43,9,-99,-38,45,104,386294085,107,0,106,0,"[111,14,-98,0,45,14,-52,0,27,14,-32,0,46,14,-43,0,79,14,-85,0,117,14,96,0,-85,14,16,0,-50,14,-84,14,-25,14,47,14,-11,14,-46,13,-14,14,-86,13,-22,14,-76,13,-17,14,-9,13,0,0,0,0,9,0,-66,14,51,0,34,0,110,0,-114,0,-84,0,-53,0,-66,0,-33,0,-85,0,-53,0,110,0,-98,0,52,0,102,0,-14,14,62,0,-95,14,32,0,60,14,19,0,-9,13,35,0,-16,13]"
CSI_DATA,5398,d8:b1:90:d9:de:f0,-43,9,-99,-36,44,104,386294311,127,0,106,0,"[-50,15,-53,0,-71,15,20,1,-54,15,50,1,-24,15,32,1,-2,15,-21,0,-9,15,-84,0,-42,15,100,0,-111,15,30,0,49,15,-20,15,-36,14,-31,15,-82,14,-11,15,-76,14,26,0,-3,14,44,0,0,0,0,0,-78,15,7,0,-14,15,-79,15,29,0,89,15,34,0,9,15,15,0,-23,14,-9,15,5,15,-14,15,65,15,2,0,-124,15,42,0,-68,15,111,0,-25,15,-65,0,-12,15,-2,0,-41,15,4,1]"
CSI_DATA,5399,d8:b1:90:d9:de:f0,-43,9,-99,-38,45,104,386294523,107,0,106,0,"[107,0,78,14,-80,0,21,14,-69,0,-4,13,-93,0,8,14,118,0,50,14,92,0,114,14,75,0,-38,14,75,0,64,0,87,0,-62,0,108,0,26,0,-107,0,59,0,-99,0,37,0,-119,0,-17,0,0,0,0,0,22,0,60,0,-65,14,-6,14,85,14,-59,14,13,14,-83,14,-13,13,-82,14,6,14,-70,14,66,14,-54,14,-104,14,-53,14,-26,14,-59,14,52,0,-87,14,-115,0,108,14,-75,0,51,14,-94,0]"
CSI_DATA,5400,d8:b1:90:d9:de:f0,-43,9,-99,-36,44,104,386313022,130,0,106,0,"[126,0,-80,0,-93,0,-12,0,-65,0,2,1,-63,0,-30,0,-92,0,-76,0,117,0,-115,0,36,0,109,0,-63,15,106,0,81,15,-127,0,2,15,-82,0,-26,14,-40,0,3,15,-23,0,64,15,-58,0,0,0,0,0,-72,15,60,0,-61,15,-51,15,-77,15,101,15,-108,15,30,15,120,15,9,15,118,15,38,15,-113,15,90,15,-60,15,-121,15,2,0,-83,15,79,0,-77,15,-94,0,-91,15,-43,0,115,15,-60,0]"
CSI_DATA,5401,d8:b1:90:d9:de:f0,-43,9,-99,-38,45,104,386313496,113,0,106,0,"[-45,0,41,0,19,0,54,0,47,0,37,0,27,0,5,0,-17,0,-14,14,-78,0,-1,14,97,0,35,0,38,0,107,0,0,14,-37,0,0,14,45,0,27,0,85,0,67,0,65,0,79,0,6,0,0,0,0,0,17,0,80,0,-67,14,24,0,80,14,0,0,7,14,7,0,-16,13,34,0,5,14,54,0,62,14,48,0,119,14,23,0,-72,14,-22,14,-49,14,-88,14,-52,14,75,14,-89,14,25,14,98,14]"
CSI_DATA,5402,d8:b1:90:d9:de:f0,-41,11,-99,-35,43,104,386503976,100,0,114,0,"[0,30,-2,32,-4,34,-7,34,-8,35,-8,34,-10,32,-10,31,-9,29,-10,29,-9,27,-10,28,-10,28,-10,29,-10,30,-10,31,-10,31,-11,33,-10,34,-11,33,-11,35,-11,35,-13,34,-10,34,-11,33,-11,33,-11,32,-11,31,0,0,-10,30,-11,30,-10,31,-10,31,-10,32,-11,32,-10,31,-11,31,-10,30,-10,29,-8,28,-8,28,-7,27,-8,25,-6,25,-6,25,-6,23,-6,23,-6,23,-7,25,-6,26,-7,27,-7,27,-8,27,-9,27,-10,26,-11,23,-11,21]"
CSI_DATA,5403,d8:b1:90:d9:de:f0,-43,11,-99,-40,45,104,386883592,277,0,106,0,"[53,15,12,0,-32,14,2,0,-61,14,12,0,-34,14,15,0,20,15,11,0,93,15,-9,15,-77,15,-45,15,19,0,-100,15,116,0,84,15,-78,0,22,15,-50,0,-11,14,-78,0,-9,14,-125,0,49,15,0,0,0,0,26,0,-28,15,-7,15,90,0,-22,15,-55,0,-23,15,24,1,-13,15,48,1,-2,15,14,1,-10,15,-60,0,-19,15,118,0,-41,15,36,0,-82,15,-41,15,119,15,-110,15,63,15,111,15,32,15]"
CSI_DATA,5404,d8:b1:90:d9:de:f0,-43,9,-99,-36,44,104,386884082,108,0,106,0,"[-46,15,-52,0,-55,15,29,1,-24,15,59,1,8,0,38,1,32,0,-15,0,16,0,-81,0,-25,15,110,0,-109,15,56,0,48,15,33,0,-38,14,40,0,-75,14,75,0,-45,14,112,0,37,15,106,0,0,0,0,0,-52,15,17,0,-11,15,-90,15,0,0,57,15,-28,15,-20,14,-64,15,-40,14,-88,15,1,15,-80,15,67,15,-48,15,-124,15,11,0,-78,15,83,0,-63,15,-96,0,-79,15,-51,0,-122,15,-64,0]"
CSI_DATA,5405,d8:b1:90:d9:de:f0,-43,9,-99,-37,45,104,386884209,127,0,106,0,"[-55,0,-78,13,15,0,-99,13,38,0,-114,13,14,0,-116,13,-27,0,-92,13,-79,0,-49,13,103,0,16,0,52,0,103,0,12,0,-33,0,-7,13,47,0,-11,13,78,0,4,0,55,0,8,0,-5,0,0,0,0,0,-14,13,42,0,-66,13,-51,13,106,13,98,13,55,13,49,13,35,13,41,13,49,13,65,13,99,13,99,13,-80,13,-93,13,-6,13,-69,13,69,0,-66,13,-84,0,-77,13,-34,0,-103,13,-33,0]"
CSI_DATA,5406,d8:b1:90:d9:de:f0,-44,9,-99,-37,45,104,386884331,127,0,106,0,"[93,0,-73,0,-100,0,-3,0,-72,0,11,0,-74,0,-18,0,-95,0,-65,0,84,0,-106,0,14,0,88,0,-80,13,55,0,51,13,40,0,-31,12,45,0,-68,12,66,0,-46,12,83,0,20,13,77,0,0,0,0,0,-37,13,7,0,42,0,-69,13,102,0,83,13,-107,0,13,13,-110,0,-17,12,99,0,8,13,71,0,65,13,55,0,-99,13,51,0,-24,13,70,0,47,0,109,0,-116,0,-78,0,-77,0,-46,0]"
CSI_DATA,5407,d8:b1:90:d9:de:f0,-43,9,-99,-35,44,104,386884462,107,0,106,0,"[-31,14,50,14,-47,14,-32,13,-76,14,-54,13,-90,14,-29,13,-76,14,33,14,-47,14,93,14,12,0,-89,14,100,0,-24,14,-43,0,17,0,43,0,36,0,83,0,28,0,61,0,-2,14,-11,0,-17,14,0,0,0,0,34,0,0,14,-66,14,57,0,95,14,-117,0,55,14,-48,0,57,14,-21,0,90,14,-36,0,-110,14,-90,0,-78,14,92,0,-56,14,13,0,-60,14,-69,14,-83,14,100,14,114,14,50,14,76,14]"
CSI_DATA,5408,d8:b1:90:d9:de:f0,-43,9,-99,-36,44,104,386884571,107,0,106,0,"[-119,0,102,15,-58,0,50,15,-46,0,17,15,-72,0,27,15,-104,0,65,15,125,0,-127,15,104,0,-38,15,107,0,62,0,-126,0,-85,0,-98,0,0,1,-73,0,25,1,-69,0,5,1,-106,0,-56,0,0,0,0,0,19,0,51,0,-91,15,5,0,60,15,-16,15,-22,14,-15,15,-47,14,-8,15,-16,14,-2,15,50,15,0,0,118,15,-15,15,-64,15,-49,15,-5,15,-103,15,41,0,82,15,56,0,19,15,26,0]"
CSI_DATA,5409,d8:b1:90:d9:de:f0,-43,9,-99,-37,45,104,386884725,113,0,106,0,"[51,0,46,13,76,0,-25,12,63,0,-55,12,45,0,-37,12,32,0,12,13,36,0,77,13,61,0,-84,13,113,0,0,0,-51,0,77,0,12,0,-111,0,50,0,-107,0,44,0,103,0,-16,0,69,0,0,0,0,0,33,0,26,0,-69,13,50,0,70,13,92,0,18,13,-96,0,3,13,-69,0,34,13,-80,0,84,13,-113,0,-102,13,62,0,-72,13,0,0,-62,13,-77,13,-72,13,83,13,-101,13,33,13,98,13]"
CSI_DATA,5410,d8:b1:90:d9:de:f0,-44,9,-99,-36,45,104,386884843,98,0,106,0,"[-61,13,-57,0,-82,13,16,0,-65,13,48,0,-45,13,34,0,-24,13,-12,0,-20,13,-74,0,-46,13,75,0,-101,13,-12,13,56,13,-81,13,-14,12,103,13,-55,12,104,13,-45,12,-88,13,7,13,-47,13,0,0,0,0,-35,13,-9,13,68,0,-40,13,-68,0,-89,13,-15,0,85,13,-17,0,52,13,-51,0,54,13,-98,0,92,13,82,0,-79,13,58,0,-8,13,54,0,68,0,76,0,-86,0,-112,0,-44,0,-71,0]"
CSI_DATA,5411,d8:b1:90:d9:de:f0,-43,9,-99,-35,44,104,386884956,98,0,106,0,"[-94,0,-121,0,-21,0,-80,0,18,0,-88,0,10,0,-124,0,-33,0,88,0,-101,0,65,0,59,0,68,0,-41,14,94,0,109,14,-96,0,49,14,-33,0,43,14,15,0,81,14,19,0,-106,14,-31,0,0,0,0,0,-15,14,31,0,-18,14,-87,14,-57,14,54,14,-107,14,-8,13,105,14,-18,13,104,14,24,14,-114,14,90,14,-64,14,-102,14,2,0,-57,14,79,0,-40,14,-82,0,-49,14,-26,0,-89,14,-34,0]"
CSI_DATA,5412,d8:b1:90:d9:de:f0,-43,9,-99,-35,44,104,387092990,98,0,106,0,"[-77,0,98,0,-24,0,-90,0,0,0,-70,0,-17,0,-81,0,-67,0,-105,0,110,0,114,0,21,0,78,0,-88,14,46,0,42,14,16,0,-56,13,-3,14,-102,13,-4,14,-83,13,0,0,-13,13,-2,14,0,0,0,0,-57,14,-6,14,50,0,-38,14,-89,0,-72,14,-16,0,-106,14,4,0,-113,14,-18,0,-100,14,-77,0,-65,14,103,0,-18,14,35,0,34,0,-26,14,100,0,-81,14,-76,0,-103,14,-13,0,-88,14]"
CSI_DATA,5413,d8:b1:90:d9:de:f0,-43,9,-99,-38,45,104,387093140,130,0,106,0,"[50,14,27,0,-25,13,28,0,-46,13,53,0,-19,13,71,0,29,14,68,0,89,14,45,0,-89,14,-8,14,-33,14,-99,14,0,14,32,14,0,14,-53,13,-26,14,-89,13,-59,14,-69,13,-68,14,-12,13,0,0,0,0,-13,14,-65,14,64,0,9,0,-91,0,59,0,-11,0,73,0,16,0,57,0,-3,0,36,0,-61,0,22,0,106,0,26,0,39,0,50,0,-25,14,98,0,-68,14,-69,0,-68,14,-5,0,-23,14]"
CSI_DATA,5414,d8:b1:90:d9:de:f0,-42,9,-99,-37,44,104,387093275,224,0,106,0,"[19,0,53,15,24,0,-31,14,0,0,-62,14,-25,15,-40,14,-31,15,18,15,-22,15,88,15,27,0,-93,15,112,0,-20,15,-42,0,31,0,54,1,48,0,104,1,25,0,93,1,-10,15,11,1,-31,15,0,0,0,0,74,0,-9,15,-15,15,71,0,-82,15,-97,0,-98,15,-15,0,-88,15,19,1,-57,15,-6,0,-31,15,-72,0,-30,15,115,0,-51,15,36,0,-103,15,-36,15,84,15,-85,15,10,15,-88,15,-19,14]"
CSI_DATA,5415,d8:b1:90:d9:de:f0,-43,9,-99,-38,45,104,387093429,130,0,106,0,"[-85,14,67,14,118,14,0,14,85,14,-12,13,73,14,24,14,91,14,71,14,-101,14,119,14,-28,14,-85,14,71,0,-72,14,-61,0,-89,14,16,0,111,14,44,0,62,14,12,0,36,14,-56,0,60,14,0,0,0,0,48,0,-47,14,28,0,59,0,35,0,-78,0,70,0,-7,0,105,0,8,0,114,0,-26,0,88,0,-86,0,48,0,94,0,-14,14,55,0,-90,14,43,0,68,14,54,0,16,14,93,0,28,14]"
CSI_DATA,5416,d8:b1:90:d9:de:f0,-42,11,-99,-37,44,104,387301390,277,0,106,0,"[103,15,123,15,43,15,62,15,5,15,63,15,8,15,97,15,39,15,-123,15,100,15,-100,15,-77,15,-88,15,40,0,-114,15,-130,0,93,15,-58,0,21,15,-49,0,-24,14,-90,0,-23,14,116,0,32,15,0,0,0,0,48,0,-51,15,68,0,59,0,125,0,-99,0,-85,0,-46,0,-55,0,-44,0,-67,0,-86,0,-115,0,129,0,87,0,96,0,10,0,75,0,-65,15,86,0,121,15,118,0,78,15,-88,0,101,15]"
CSI_DATA,5417,d8:b1:90:d9:de:f0,-43,9,-99,-35,44,104,387301853,113,0,106,0,"[-55,0,-40,14,29,0,-42,14,57,0,-64,14,35,0,-68,14,-12,0,-51,14,-80,0,-32,14,92,0,21,0,9,0,98,0,-64,14,-58,0,-115,14,24,0,122,14,65,0,-106,14,56,0,-70,14,-11,0,0,0,0,0,-24,14,40,0,-39,14,-72,14,-66,14,65,14,-99,14,0,13,-117,14,-16,13,-108,14,17,14,-81,14,74,14,-31,14,-108,14,27,0,-49,14,102,0,-3,14,-69,0,29,0,-4,0,24,0,10,0]"
CSI_DATA,5418,d8:b1:90:d9:de:f0,-43,9,-99,-37,45,104,387302007,133,0,106,0,"[-103,0,106,13,-39,0,59,13,-24,0,28,13,-49,0,32,13,-83,0,62,13,115,0,-110,13,79,0,-32,13,60,0,73,0,55,0,-50,0,63,0,37,0,84,0,76,0,99,0,50,0,86,0,-11,0,0,0,0,0,8,0,47,0,-74,13,-33,13,75,13,-90,13,3,13,114,13,-14,12,-117,13,10,13,-100,13,69,13,-75,13,-92,13,-58,13,-13,13,-53,13,62,0,-67,13,-96,0,-99,13,-49,0,97,13,-58,0]"
CSI_DATA,5419,d8:b1:90:d9:de:f0,-43,9,-99,-35,44,104,387302133,113,0,106,0,"[68,0,68,14,111,0,-12,13,109,0,-49,13,93,0,-34,13,66,0,19,14,51,0,86,14,61,0,-69,14,86,0,37,0,-111,0,-103,0,-57,0,-24,0,-20,0,0,0,-12,0,-30,0,-53,0,-91,0,0,0,0,0,25,0,41,0,-82,14,12,0,53,14,-3,14,-19,13,7,0,-41,13,31,0,-4,13,39,0,63,14,27,0,-113,14,1,0,-41,14,-38,14,20,0,-98,14,68,0,81,14,75,0,15,14,46,0]"
CSI_DATA,5420,d8:b1:90:d9:de:f0,-42,9,-99,-38,44,104,387302295,133,0,106,0,"[-77,0,83,0,5,1,129,0,46,1,124,0,34,1,98,0,-21,0,74,0,-96,0,58,0,75,0,63,0,-41,15,98,0,117,15,-112,0,37,15,-48,0,14,15,-5,0,45,15,-2,0,111,15,-51,0,0,0,0,0,-37,15,38,0,-19,15,-90,15,-21,15,63,15,-45,15,-19,14,-67,15,-38,14,-75,15,1,15,-56,15,75,15,-19,15,-122,15,34,0,-51,15,105,0,5,0,-79,0,43,0,-8,0,41,0,10,1]"
CSI_DATA,5421,d8:b1:90:d9:de:f0,-45,11,-99,-40,47,104,387504001,100,0,228,0,"[-1,-7,-4,-9,-7,-12,-9,-15,-11,-16,-11,-18,-11,-18,98,58,-10,-16,-9,-15,-7,-13,-7,-11,-7,-8,-6,-5,-5,-2,-5,1,-5,5,-5,9,-6,13,-6,16,-7,19,27,-46,-8,22,-8,21,-8,20,-7,18,-7,15,-5,12,0,0,-2,6,0,3,3,0,6,-2,8,-4,11,-7,-65,0,15,-8,17,-9,17,-10,16,-9,15,-8,13,-7,11,-6,7,-5,5,-5,3,-4,0,-4,-2,-4,-5,-4,-67,11,-11,-5,-13,-7,-15,-7,-15,-8,-15,-9,-13,-9,-11,-9,13,-11,3,-19,-11,-18,-20,-6,-18,8,-6,16,6,13,0,-15,5,-4,-1,-4,-4,1,0,7,7,6,12,-2,7,-13,-4,-18,-18,-10,-21,6,-11,20,6,22,18,10,9,15,6,-14,-5,-10,-8,0,-2,6,5,3,7,-4,0,0,-11,-10,-17,1,-12,15,1,20,16,15,22,0,28,-22,0,-18,-10,-11,-11,0,-5,5,0,4,1,0,-2,-1,-5,1,-3,7,3,10,11,5,13,-4,7,-13,-13,-19,-14,-7,-15,3,-7,12,3,11,8,4,6,-3,0,-4]"
CSI_DATA,5422,d8:b1:90:d9:de:f0,-42,9,-99,-37,44,104,387719641,130,0,106,0,"[39,15,-47,15,-47,14,-47,15,-77,14,-8,15,-45,14,27,0,19,15,42,0,90,15,24,0,-100,15,-26,15,-41,15,-113,15,-9,15,42,15,-13,15,-47,14,-49,15,-78,14,-86,15,-49,14,-89,15,34,15,0,0,0,0,-4,15,-49,15,95,0,3,0,-62,0,21,0,7,1,9,0,24,1,-15,15,-10,0,-33,15,-79,0,-27,15,118,0,-1,15,65,0,47,0,32,0,117,0,31,0,-73,0,55,0,-20,0,102,0]"
CSI_DATA,5423,d8:b1:90:d9:de:f0,-43,11,-99,-37,45,104,387928086,277,0,106,0,"[63,13,94,0,-10,12,-109,0,-33,12,-82,0,-4,12,-76,0,40,13,-106,0,96,13,87,0,-78,13,17,0,-32,13,-78,13,1,0,47,13,16,0,-45,12,1,0,-87,12,-15,13,-68,12,-22,13,-3,12,0,0,0,0,11,0,-60,13,69,0,33,0,-90,0,103,0,-36,0,-95,0,-19,0,-95,0,-45,0,-115,0,-101,0,79,0,66,0,56,0,-9,13,44,0,-88,13,49,0,70,13,70,0,23,13,107,0,31,13]"
CSI_DATA,5424,d8:b1:90:d9:de:f0,-43,9,-99,-36,44,104,387928540,130,0,106,0,"[94,15,126,15,34,15,65,15,-7,14,62,15,3,15,94,15,37,15,-124,15,104,15,-89,15,-62,15,-70,15,49,0,-75,15,-88,0,-103,15,-6,0,105,15,21,1,63,15,-4,0,48,15,-68,0,80,15,0,0,0,0,60,0,-32,15,28,0,78,0,25,0,-78,0,43,0,-5,0,61,0,9,1,66,0,-27,0,50,0,-93,0,13,0,95,0,-36,15,31,0,-104,15,-15,15,73,15,-45,15,10,15,-37,15,-6,14]"
CSI_DATA,5425,d8:b1:90:d9:de:f0,-42,9,-99,-34,43,104,387928702,192,0,106,0,"[-64,0,-90,15,20,1,-122,15,42,1,111,15,8,1,94,15,-52,0,110,15,-116,0,-104,15,95,0,-27,15,49,0,85,0,32,0,-52,0,43,0,50,1,77,0,92,1,104,0,68,1,97,0,-6,0,0,0,0,0,7,0,64,0,-90,15,-5,15,72,15,-42,15,-7,14,-47,15,-24,14,-32,15,9,15,-15,15,85,15,-5,15,-101,15,-14,15,-19,15,-43,15,50,0,-102,15,102,0,92,15,115,0,26,15,76,0]"
CSI_DATA,5426,d8:b1:90:d9:de:f0,-43,9,-99,-35,44,104,387928875,212,0,106,0,"[41,14,27,0,-46,13,31,0,-76,13,59,0,-45,13,86,0,14,14,91,0,80,14,59,0,-97,14,4,0,-30,14,-85,14,11,0,48,14,21,0,-46,13,0,0,-90,13,-34,14,-72,13,-43,14,-2,13,0,0,0,0,0,0,-65,14,82,0,12,0,-74,0,65,0,-5,0,76,0,17,0,65,0,-13,0,42,0,-80,0,25,0,94,0,25,0,19,0,46,0,-51,14,92,0,-104,14,-90,0,-118,14,-29,0,-81,14]"
CSI_DATA,5427,d8:b1:90:d9:de:f0,-43,9,-99,-37,45,104,387929034,130,0,106,0,"[-47,0,49,0,28,0,69,0,62,0,49,0,48,0,20,0,1,0,-3,13,-72,0,-6,13,84,0,21,0,-3,13,84,0,-68,13,-64,0,-104,13,23,0,-95,13,71,0,-54,13,60,0,-20,13,4,0,0,0,0,0,-14,13,49,0,-70,13,-31,13,95,13,-105,13,32,13,103,13,6,13,-116,13,28,13,-83,13,86,13,-56,13,-79,13,-34,13,-5,13,-43,13,66,0,-74,13,-112,0,107,13,-94,0,49,13,111,0]"
CSI_DATA,5428,d8:b1:90:d9:de:f0,-43,9,-99,-36,44,104,387929169,124,0,106,0,"[-93,15,-66,0,124,15,10,1,-119,15,49,1,-79,15,39,1,-41,15,-6,0,-32,15,-81,0,-43,15,87,0,-91,15,-12,15,87,15,-98,15,1,15,112,15,-54,14,115,15,-55,14,-102,15,5,15,-60,15,0,0,0,0,-61,15,-25,15,44,0,-71,15,119,0,114,15,-104,0,49,15,-108,0,21,15,112,0,46,15,71,0,100,15,51,0,-83,15,46,0,-5,15,77,0,69,0,-128,0,-120,0,-69,0,-93,0,-28,0]"
CSI_DATA,5429,d8:b1:90:d9:de:f0,-43,9,-99,-34,44,104,388137466,98,0,106,0,"[61,0,50,14,79,0,-21,13,55,0,-57,13,21,0,-33,13,0,14,18,14,7,0,84,14,42,0,-85,14,113,0,-15,14,-31,0,36,0,55,0,44,0,100,0,10,0,81,0,-31,14,12,0,-51,14,0,0,0,0,56,0,-13,14,-18,14,61,0,-67,14,-86,0,-75,14,-9,0,-59,14,25,0,-31,14,0,0,-16,14,-56,0,-25,14,115,0,-51,14,56,0,-101,14,8,0,68,14,-19,14,10,14,-9,14,-2,13]"
CSI_DATA,5430,d8:b1:90:d9:de:f0,-44,9,-99,-36,45,104,388137616,108,0,106,0,"[51,0,50,13,87,0,-14,12,94,0,-39,12,78,0,-16,12,71,0,30,13,66,0,98,13,73,0,-46,13,96,0,50,0,-98,0,-72,0,-59,0,0,0,-38,0,26,0,-37,0,9,0,-71,0,-43,0,0,0,0,0,29,0,48,0,-58,13,-7,13,75,13,-43,13,7,13,-63,13,-18,12,-63,13,5,13,-61,13,62,13,-53,13,-98,13,-52,13,-32,13,-63,13,40,0,-88,13,105,0,103,13,-88,0,63,13,-94,0]"
CSI_DATA,5431,d8:b1:90:d9:de:f0,-43,9,-99,-36,44,104,388174368,101,0,106,0,"[-125,15,75,15,104,15,2,15,82,15,-18,14,90,15,12,15,117,15,58,15,-80,15,105,15,-2,15,-105,15,99,0,-66,15,-40,0,-44,15,49,1,-39,15,89,1,-57,15,70,1,-68,15,-2,0,-64,15,0,0,0,0,63,0,-5,15,-21,15,73,0,-91,15,-105,0,-125,15,-39,0,121,15,-14,0,-115,15,-36,0,-90,15,-91,0,-71,15,92,0,-69,15,16,0,-84,15,-62,15,-118,15,118,15,100,15,74,15,63,15]"
CSI_DATA,5432,d8:b1:90:d9:de:f0,-42,11,-99,-39,44,104,388345884,277,0,106,0,"[75,16,-62,16,-11,15,-103,16,-46,15,-107,16,-27,15,-91,16,30,16,-70,16,105,16,-71,16,-80,16,-88,16,29,0,-123,16,-133,0,95,16,-56,0,34,16,-29,0,1,16,-52,0,-3,15,-107,0,54,16,0,0,0,0,42,0,-43,16,17,0,86,0,8,0,-74,0,16,0,10,1,29,0,43,1,31,0,11,1,17,0,-58,0,-9,16,-133,0,-49,16,71,0,-109,16,6,0,97,16,-44,16,28,16,-66,16,9,16]"
CSI_DATA,5433,d8:b1:90:d9:de:f0,-42,9,-99,-37,44,104,388346364,168,0,106,0,"[79,0,75,15,108,0,-13,14,91,0,-55,14,51,0,-34,14,25,0,19,15,33,0,95,15,51,0,-76,15,108,0,27,0,-72,0,121,0,10,1,-92,0,63,1,-101,0,65,1,121,0,0,1,75,0,0,0,0,0,44,0,1,0,-87,15,17,0,65,15,62,0,-2,14,123,0,-12,14,-101,0,28,15,-102,0,92,15,124,0,-113,15,67,0,-69,15,-2,15,-47,15,-85,15,-54,15,88,15,-84,15,26,15,130,15]"
CSI_DATA,5434,d8:b1:90:d9:de:f0,-41,11,-99,-36,43,104,388504022,100,0,114,0,"[12,-28,15,-30,19,-31,21,-31,23,-30,24,-29,23,-26,24,-24,23,-23,23,-22,23,-21,22,-21,23,-21,23,-21,23,-22,24,-22,25,-24,28,-23,29,-25,28,-25,29,-25,30,-24,30,-23,29,-23,28,-22,28,-22,28,-20,26,-19,0,0,28,-19,28,-17,29,-19,26,-19,29,-17,29,-17,29,-16,29,-16,28,-16,26,-15,25,-16,24,-15,23,-15,22,-14,22,-13,22,-14,20,-13,21,-12,21,-13,22,-13,23,-14,24,-14,24,-13,24,-14,25,-13,25,-11,24,-8,23,-7]"
CSI_DATA,5435,d8:b1:90:d9:de:f0,-41,11,-99,-37,43,104,388763681,277,0,106,0,"[121,0,97,17,-112,0,28,17,-100,0,-9,16,-122,0,10,17,143,0,60,17,120,0,144,17,108,0,-50,17,113,0,69,0,133,0,-88,0,-135,0,16,1,-101,0,60,1,-92,0,39,1,-125,0,-36,0,0,0,0,0,41,0,78,0,-80,17,-11,17,93,17,-64,17,0,17,-86,17,-38,16,-86,17,-10,16,-75,17,60,17,-55,17,145,17,-51,17,-54,17,-65,17,32,0,-100,17,115,0,136,17,-129,0,80,17,-144,0]"
CSI_DATA,5436,d8:b1:90:d9:de:f0,-42,9,-99,-37,44,104,388764126,252,0,106,0,"[-78,15,64,15,-98,15,-14,14,-121,15,-37,14,-131,15,-10,14,-108,15,41,15,-60,15,93,15,9,0,-110,15,104,0,-60,15,-41,0,-25,15,52,1,-15,15,96,1,-34,15,77,1,-54,15,12,1,-55,15,0,0,0,0,65,0,-12,15,-31,15,62,0,-108,15,-113,0,112,15,-31,0,110,15,3,1,130,15,-11,0,-98,15,-64,0,-76,15,124,0,-74,15,44,0,-94,15,-42,15,124,15,-117,15,71,15,101,15,32,15]"
CSI_DATA,5437,d8:b1:90:d9:de:f0,-43,9,-99,-35,44,104,388764319,130,0,106,0,"[36,0,51,14,62,0,-23,13,46,0,-55,13,32,0,-37,13,23,0,19,14,24,0,80,14,55,0,-87,14,111,0,-1,14,-58,0,72,0,25,0,-123,0,66,0,-119,0,63,0,98,0,3,0,58,0,0,0,0,0,59,0,14,0,-47,14,40,0,92,14,89,0,34,14,-106,0,20,14,-68,0,49,14,-71,0,100,14,-108,0,-104,14,82,0,-77,14,15,0,-69,14,-68,14,-85,14,98,14,117,14,48,14,80,14]"
CSI_DATA,5438,d8:b1:90:d9:de:f0,-42,9,-99,-37,44,104,388764463,113,0,106,0,"[83,15,112,0,8,15,-114,0,-6,14,-78,0,25,15,-76,0,73,15,-101,0,120,15,104,0,-108,15,26,0,-86,15,-86,15,-95,15,62,15,-124,15,-28,14,107,15,-67,14,83,15,-39,14,102,15,31,15,0,0,0,0,-41,15,-58,15,68,0,2,0,-78,0,29,0,13,1,28,0,48,1,7,0,21,1,-13,15,-48,0,-13,15,-117,0,1,0,75,0,38,0,19,0,98,0,-20,15,-85,0,-15,15,-12,0,24,0]"
CSI_DATA,5439,d8:b1:90:d9:de:f0,-41,9,-99,-34,42,104,388818593,168,0,106,0,"[-52,0,104,0,17,1,-144,0,41,1,-135,0,3,1,147,0,-55,0,122,0,149,0,102,0,38,0,85,0,-101,17,82,0,62,17,91,0,-51,16,102,0,-103,16,128,0,-84,16,125,0,2,17,92,0,0,0,0,0,-89,17,-8,17,4,0,-106,17,76,0,106,17,120,0,35,17,135,0,19,17,121,0,62,17,89,0,142,17,66,0,-72,17,47,0,23,0,54,0,120,0,76,0,-89,0,106,0,-24,0,143,0]"
CSI_DATA,5440,d8:b1:90:d9:de:f0,-43,9,-99,-38,45,104,388973070,98,0,106,0,"[-101,14,-79,0,98,14,-7,0,111,14,33,0,-91,14,27,0,-56,14,-23,0,-46,14,-85,0,-60,14,75,0,-112,14,-18,14,46,14,-91,14,-35,13,116,14,-84,13,-106,14,-79,13,-62,14,-17,13,-20,14,0,0,0,0,-61,14,7,0,33,0,-42,14,110,0,-118,14,-101,0,55,14,-106,0,18,14,106,0,32,14,70,0,83,14,55,0,-99,14,61,0,-32,14,93,0,29,0,-92,0,77,0,-34,0,90,0,-8,0]"
CSI_DATA,5441,d8:b1:90:d9:de:f0,-42,9,-99,-37,44,104,388973211,98,0,106,0,"[-53,0,-33,15,41,1,-22,15,73,1,-28,15,43,1,-30,15,-11,0,-21,15,-87,0,3,0,89,0,51,0,-5,15,125,0,-104,15,-53,0,92,15,18,1,75,15,64,1,93,15,59,1,-126,15,-10,0,0,0,0,0,-32,15,59,0,-16,15,-61,15,-12,15,87,15,-25,15,8,15,-31,15,-21,14,-26,15,8,15,-12,15,69,15,19,0,-120,15,54,0,-51,15,104,0,14,0,-95,0,72,0,-38,0,101,0,-11,0]"
CSI_DATA,5442,d8:b1:90:d9:de:f0,-41,9,-99,-36,43,104,388991041,165,0,106,0,"[-90,0,132,16,-29,0,79,16,-33,0,38,16,-84,0,40,16,141,0,76,16,109,0,-143,16,103,0,-51,16,139,0,57,0,-67,0,-136,0,23,1,-90,0,88,1,-108,0,92,1,122,0,15,1,60,0,0,0,0,0,111,0,23,0,8,0,95,0,-49,16,-107,0,-67,16,-30,0,-50,16,-5,0,-23,16,-35,0,-12,16,-102,0,-29,16,117,0,-66,16,58,0,-133,16,22,0,71,16,12,0,7,16,51,0,12,16]"
CSI_DATA,5443,d8:b1:90:d9:de:f0,-42,9,-99,-34,43,104,388991310,185,0,106,0,"[-109,15,-62,0,109,15,-11,0,101,15,11,1,126,15,-7,0,-121,15,-58,0,-104,15,-134,0,-99,15,39,0,-124,15,-73,15,104,15,78,15,54,15,-2,14,18,15,-29,14,12,15,0,15,60,15,59,15,0,0,0,0,-55,15,-88,15,60,0,-63,15,-106,0,-63,15,-34,0,-74,15,-12,0,-80,15,-38,0,-69,15,-93,0,-44,15,117,0,1,0,63,0,52,0,26,0,124,0,6,0,-67,0,12,0,-4,0,52,0]"
CSI_DATA,5444,d8:b1:90:d9:de:f0,-42,9,-99,-37,44,104,389181932,98,0,106,0,"[-111,15,-72,0,106,15,-3,0,109,15,26,1,-126,15,13,1,-99,15,-38,0,-78,15,-116,0,-76,15,46,0,-101,15,-69,15,116,15,78,15,63,15,-7,14,19,15,-29,14,11,15,4,15,52,15,67,15,0,0,0,0,-45,15,-53,15,74,0,-21,15,-71,0,-18,15,9,1,-27,15,31,1,-50,15,-4,0,-54,15,-71,0,-39,15,123,0,-10,15,54,0,41,0,2,0,110,0,-29,15,-69,0,-30,15,-2,0,8,0]"
CSI_DATA,5445,d8:b1:90:d9:de:f0,-43,9,-99,-36,44,104,389182046,113,0,106,0,"[-110,0,-113,0,-57,0,-56,0,-27,0,-47,0,-35,0,-78,0,-74,0,-118,0,116,0,108,0,27,0,84,0,-78,15,81,0,62,15,96,0,-21,14,-123,0,-54,14,-84,0,-29,14,-69,0,38,15,-94,0,0,0,0,0,-64,15,37,0,-12,15,-70,15,10,0,84,15,7,0,4,15,-6,15,-25,14,-15,15,7,15,-12,15,71,15,10,0,-117,15,47,0,-48,15,102,0,5,0,-82,0,46,0,-18,0,53,0,3,1]"
CSI_DATA,5446,d8:b1:90:d9:de:f0,-43,11,-99,-39,45,104,389390377,277,0,106,0,"[-89,0,-113,0,-57,0,-65,0,-33,0,-58,0,-49,0,-82,0,-96,0,-113,0,94,0,106,0,6,0,89,0,-89,14,91,0,49,14,113,0,-31,13,-105,0,-55,13,-68,0,-24,13,-64,0,37,14,-88,0,0,0,0,0,-71,14,34,0,-29,14,-70,14,-10,14,79,14,-13,14,8,14,-28,14,-10,13,-31,14,17,14,-23,14,78,14,8,0,-103,14,55,0,-41,14,120,0,2,0,-47,0,29,0,18,0,19,0,30,0]"
CSI_DATA,5447,d8:b1:90:d9:de:f0,-43,9,-99,-38,45,104,389390858,318,0,106,0,"[85,0,-68,0,91,0,7,0,95,0,24,0,79,0,-5,0,55,0,-50,0,16,0,-113,0,-35,14,55,0,-112,14,-26,14,50,14,-101,14,-9,13,82,14,-49,13,63,14,-42,13,78,14,18,14,115,14,0,0,0,0,-42,14,-40,14,65,0,-18,14,-78,0,-2,14,-4,0,-5,14,20,0,-8,14,-16,0,-4,14,-83,0,3,0,86,0,24,0,8,0,50,0,-67,14,91,0,107,14,-96,0,72,14,-41,0,94,14]"
CSI_DATA,5448,d8:b1:90:d9:de:f0,-43,9,-99,-38,45,104,389391062,338,0,106,0,"[-80,14,55,14,-99,14,-3,13,115,14,-15,13,111,14,16,14,-111,14,67,14,-60,14,114,14,10,0,-87,14,105,0,-67,14,-32,0,-72,14,46,0,-105,14,70,0,96,14,37,0,77,14,-30,0,92,14,0,0,0,0,67,0,-32,14,36,0,67,0,37,0,-74,0,56,0,-7,0,78,0,8,0,83,0,-27,0,65,0,-87,0,24,0,98,0,-34,14,54,0,-110,14,38,0,50,14,49,0,-5,13,87,0,6,14]"
CSI_DATA,5449,d8:b1:90:d9:de:f0,-42,9,-99,-37,44,104,389391292,318,0,106,0,"[-103,0,-104,0,-54,0,-56,0,-27,0,-61,0,-32,0,-99,0,-74,0,123,0,122,0,96,0,36,0,91,0,-69,15,119,0,100,15,-83,0,40,15,-15,0,42,15,42,1,88,15,42,1,-117,15,-11,0,0,0,0,0,-44,15,66,0,-75,15,-41,15,129,15,129,15,68,15,87,15,41,15,91,15,54,15,126,15,106,15,-94,15,-85,15,-68,15,-4,15,-69,15,71,0,-104,15,-128,0,93,15,-118,0,20,15,97,0]"
CSI_DATA,5450,d8:b1:90:d9:de:f0,-43,9,-99,-34,44,104,389391523,338,0,106,0,"[35,14,0,14,-27,13,0,14,-40,13,25,0,-13,13,46,0,46,14,46,0,103,14,23,0,-80,14,-33,14,-37,14,119,14,-26,14,16,14,-43,14,-68,13,-90,14,-89,13,-120,14,-58,13,-118,14,13,14,0,0,0,0,-26,14,-67,14,66,0,-29,14,-77,0,-24,14,-10,0,-50,14,2,0,-79,14,-30,0,-86,14,-92,0,-68,14,97,0,-28,14,60,0,33,0,52,0,107,0,78,0,-54,0,-108,0,-9,0,-50,0]"
CSI_DATA,5451,d8:b1:90:d9:de:f0,-42,9,-99,-37,43,104,389450133,130,0,106,0,"[70,17,105,0,-18,16,144,0,-38,16,-106,0,-6,16,-93,0,51,17,-109,0,115,17,142,0,-135,17,63,0,-108,17,-53,17,-112,17,113,17,-145,17,8,17,105,17,-39,16,77,17,-12,16,101,17,65,17,0,0,0,0,-58,17,-70,17,71,0,-32,17,-90,0,-42,17,5,1,-75,17,32,1,-118,17,-4,0,-137,17,-77,0,-127,17,144,0,-85,17,79,0,-23,17,46,0,64,0,43,0,-132,0,85,0,-58,0,145,0]"
CSI_DATA,5452,d8:b1:90:d9:de:f0,-42,9,-99,-36,43,104,389478316,108,0,106,0,"[-92,16,-78,0,133,16,-14,0,121,16,22,1,136,16,8,1,-127,16,-33,0,-113,16,-99,0,-118,16,100,0,135,16,-6,16,78,16,-118,16,13,16,89,16,-30,15,61,16,-35,15,84,16,16,16,133,16,0,0,0,0,-88,16,-62,16,38,0,-61,16,-127,0,-88,16,-37,0,-125,16,-10,0,126,16,-29,0,127,16,-83,0,-129,16,-129,0,-76,16,113,0,-12,16,89,0,74,0,90,0,-125,0,125,0,-57,0,-114,0]"
CSI_DATA,5453,d8:b1:90:d9:de:f0,-45,11,-99,-36,46,104,389503643,100,0,228,0,"[4,-7,3,-10,3,-12,3,-15,4,-17,5,-18,5,-19,98,58,6,-16,5,-15,5,-13,3,-11,2,-10,0,-8,-1,-7,-4,-6,-7,-5,-11,-3,-15,-4,-17,-4,-20,-5,27,-46,-22,-7,-21,-7,-20,-8,-18,-8,-15,-8,-13,-7,0,0,-7,-3,-5,-1,-3,1,-1,4,0,8,0,11,-15,11,-1,16,-1,18,-2,18,-1,18,-2,16,-2,15,-1,13,0,10,0,8,1,7,3,5,5,3,7,3,93,0,13,2,15,3,17,4,18,6,17,7,15,8,12,8,17,0,15,-14,2,-22,-12,-18,-20,-4,-16,8,-5,15,12,-7,10,1,4,-5,-3,-5,-7,0,-3,7,5,10,13,3,13,-8,3,-18,-10,-16,-19,-4,-18,10,-5,19,-13,9,14,3,9,-7,0,-9,-7,-2,-6,6,3,10,0,0,13,-7,4,-16,-9,-18,-19,-7,-20,8,-8,19,6,34,17,10,16,-3,7,-11,-1,-9,-5,-3,-2,1,2,1,3,-3,0,-7,-7,-5,-11,1,-7,9,0,14,21,13,15,0,11,-9,2,-14,-7,-10,-10,-1,-6,4,0,6]"
CSI_DATA,5454,d8:b1:90:d9:de:f0,-42,11,-99,-35,43,104,389808175,277,0,106,0,"[-63,0,-129,16,8,1,123,16,31,1,105,16,-1,0,105,16,-53,0,136,16,-109,0,-89,16,115,0,-8,16,67,0,95,0,37,0,-62,0,29,0,41,1,39,0,92,1,57,0,79,1,52,0,3,1,0,0,0,0,3,0,91,0,-86,16,-2,16,99,16,-71,16,23,16,-106,16,-7,15,-110,16,18,16,-91,16,87,16,-71,16,-117,16,-59,16,-35,16,-63,16,49,0,-95,16,123,0,133,16,-111,0,70,16,-131,0]"
CSI_DATA,5455,d8:b1:90:d9:de:f0,-42,9,-99,-37,44,104,389808674,756,0,106,0,"[-45,15,28,15,-32,15,-53,14,-36,15,-78,14,-23,15,-50,14,-8,15,12,15,7,0,88,15,41,0,-79,15,89,0,37,0,-115,0,-111,0,-65,0,-18,0,-43,0,21,1,-45,0,5,1,-85,0,-48,0,0,0,0,0,29,0,59,0,-72,15,-9,15,89,15,-72,15,13,15,-106,15,-12,14,-112,15,16,15,-99,15,85,15,-81,15,-98,15,-60,15,-6,15,-49,15,86,0,-46,15,-83,0,-60,15,-17,0,-93,15,-11,0]"
CSI_DATA,5456,d8:b1:90:d9:de:f0,-42,9,-99,-35,43,104,389809044,98,0,106,0,"[-35,16,-29,0,-52,16,45,1,-27,16,73,1,-3,16,43,1,11,0,-10,0,3,0,-89,0,-38,16,109,0,-113,16,27,0,65,16,-35,16,-29,15,-65,16,-88,15,-55,16,-79,15,-19,16,-9,15,7,0,0,0,0,0,-90,16,-4,16,7,0,-81,16,71,0,105,16,97,0,21,16,82,0,-11,15,57,0,13,16,31,0,74,16,30,0,-123,16,53,0,-51,16,107,0,16,0,-95,0,64,0,-23,0,64,0,10,1]"
CSI_DATA,5457,d8:b1:90:d9:de:f0,-43,9,-99,-36,44,104,390017527,756,0,106,0,"[-58,0,67,0,9,1,104,0,35,1,104,0,11,1,95,0,-35,0,79,0,-108,0,67,0,60,0,66,0,-50,15,85,0,93,15,115,0,5,15,-107,0,-31,14,-75,0,-8,14,-68,0,53,15,-95,0,0,0,0,0,-45,15,30,0,18,0,-73,15,63,0,76,15,73,0,-7,14,62,0,-33,14,41,0,-3,14,26,0,69,15,23,0,-102,15,39,0,-16,15,74,0,71,0,-128,0,-110,0,-69,0,-79,0,-32,0]"
CSI_DATA,5458,d8:b1:90:d9:de:f0,-43,9,-99,-36,44,104,390017897,212,0,106,0,"[84,15,-110,0,12,15,-83,0,-5,14,-72,0,20,15,-84,0,57,15,-111,0,97,15,85,0,-114,15,13,0,-74,15,-88,15,-46,15,58,15,-37,15,-35,14,-46,15,-84,14,-58,15,-73,14,-54,15,-2,14,0,0,0,0,-4,15,-68,15,76,0,22,0,-98,0,96,0,-27,0,-117,0,4,1,-112,0,-18,0,121,0,-82,0,91,0,96,0,68,0,14,0,64,0,-73,15,81,0,99,15,118,0,53,15,-93,0,71,15]"
CSI_DATA,5459,d8:b1:90:d9:de:f0,-43,9,-99,-36,44,104,390018092,212,0,106,0,"[111,15,-106,0,52,15,-57,0,42,15,-28,0,71,15,-37,0,112,15,-76,0,-112,15,121,0,-81,15,38,0,-69,15,-70,15,-75,15,72,15,-100,15,-18,14,119,15,-52,14,99,15,-28,14,114,15,41,15,0,0,0,0,-28,15,-44,15,69,0,22,0,-76,0,57,0,7,1,61,0,37,1,36,0,3,1,12,0,-70,0,1,0,107,0,9,0,22,0,35,0,-52,15,88,0,-108,15,-96,0,-120,15,-24,0,-77,15]"
CSI_DATA,5460,d8:b1:90:d9:de:f0,-42,9,-99,-36,44,104,390018251,212,0,106,0,"[-67,0,-119,15,3,1,114,15,21,1,97,15,0,1,100,15,-48,0,-124,15,-93,0,-80,15,112,0,-5,15,75,0,91,0,51,0,-54,0,43,0,43,1,58,0,83,1,71,0,65,1,68,0,-2,0,0,0,0,0,7,0,70,0,-76,15,-10,15,81,15,-77,15,5,15,-104,15,-21,14,-96,15,5,15,-79,15,68,15,-56,15,-115,15,-45,15,-29,15,-58,15,47,0,-95,15,116,0,101,15,-113,0,34,15,115,0]"
CSI_DATA,5461,d8:b1:90:d9:de:f0,-43,9,-99,-35,44,104,390018446,212,0,106,0,"[-76,0,-121,14,-11,0,81,14,-2,0,52,14,-38,0,50,14,-87,0,80,14,119,0,-115,14,84,0,-33,14,64,0,73,0,67,0,-65,0,98,0,29,0,-108,0,56,0,-84,0,28,0,-97,0,-42,0,0,0,0,0,30,0,36,0,-70,14,-14,14,62,14,-37,14,-17,13,-22,14,-40,13,7,0,-7,13,32,0,62,14,34,0,-104,14,14,0,-31,14,-28,14,26,0,-99,14,62,0,66,14,49,0,-7,13,-1,14]"
CSI_DATA,5462,d8:b1:90:d9:de:f0,-43,9,-99,-37,45,104,390018578,212,0,106,0,"[69,13,103,0,3,13,-94,0,-4,12,-67,0,22,13,-60,0,75,13,-87,0,110,13,102,0,-82,13,29,0,-60,13,-65,13,-62,13,63,13,-90,13,-24,12,106,13,-52,12,82,13,-28,12,93,13,38,13,0,0,0,0,-33,13,-42,13,65,0,8,0,-61,0,27,0,16,0,14,0,38,0,-17,13,4,0,-41,13,-63,0,-40,13,102,0,-18,13,37,0,26,0,-13,13,93,0,-39,13,-63,0,-23,13,8,0,29,0]"
CSI_DATA,5463,d8:b1:90:d9:de:f0,-43,9,-99,-38,45,104,390018728,212,0,106,0,"[80,14,112,14,35,14,66,14,5,14,62,14,18,14,85,14,54,14,118,14,112,14,-93,14,-50,14,-84,14,41,0,-96,14,-103,0,107,14,-33,0,63,14,-8,0,23,14,-38,0,10,14,-95,0,42,14,0,0,0,0,41,0,-46,14,34,0,65,0,50,0,-76,0,86,0,-4,0,-120,0,9,0,-117,0,-29,0,101,0,-90,0,51,0,94,0,-12,14,53,0,-93,14,37,0,67,14,50,0,16,14,92,0,26,14]"
CSI_DATA,5464,d8:b1:90:d9:de:f0,-43,9,-99,-36,44,104,390018896,212,0,106,0,"[34,15,-10,15,-39,14,-24,15,-64,14,-14,15,-38,14,6,0,13,15,13,0,79,15,-2,15,-105,15,-41,15,-35,15,-111,15,27,0,48,15,50,0,-33,14,41,0,-83,14,9,0,-75,14,-14,15,-10,14,0,0,0,0,5,0,-73,15,72,0,25,0,-93,0,88,0,-15,0,117,0,19,1,102,0,-2,0,69,0,-65,0,44,0,115,0,40,0,37,0,51,0,-37,15,99,0,-89,15,-84,0,-94,15,-14,0,-50,15]"
CSI_DATA,5465,d8:b1:90:d9:de:f0,-43,9,-99,-38,45,104,390019045,212,0,106,0,"[-26,14,38,14,-28,14,-23,13,-55,14,-44,13,-72,14,-21,13,-65,14,30,14,-41,14,83,14,10,0,-99,14,90,0,-52,14,-49,0,-25,14,36,0,-27,14,70,0,-55,14,51,0,-84,14,-11,0,-87,14,0,0,0,0,57,0,-18,14,-1,14,70,0,-33,14,-72,0,-25,14,6,0,-1,14,33,0,20,0,1,0,27,0,-61,0,7,0,111,0,-33,14,48,0,-101,14,0,0,61,14,-14,14,-1,13,5,0,-7,13]"
CSI_DATA,5466,d8:b1:90:d9:de:f0,-43,9,-99,-36,44,104,390226417,101,0,106,0,"[-52,0,124,15,8,1,69,15,8,1,34,15,-33,0,29,15,-89,0,58,15,115,0,114,15,69,0,-59,15,39,0,49,0,32,0,-89,0,54,0,11,1,85,0,57,1,112,0,37,1,111,0,-24,0,0,0,0,0,18,0,63,0,-73,15,-3,15,75,15,-42,15,-5,14,-49,15,-39,14,-27,15,-14,14,-5,15,51,15,7,0,-125,15,3,0,-44,15,-22,15,26,0,-73,15,85,0,108,15,104,0,34,15,64,0]"
CSI_DATA,5467,d8:b1:90:d9:de:f0,-42,9,-99,-35,43,104,390226513,130,0,106,0,"[81,0,15,16,125,0,-65,15,136,0,-91,15,121,0,-51,15,105,0,11,16,85,0,100,16,66,0,-71,16,47,0,50,0,27,0,-92,0,16,0,14,1,14,0,77,1,15,0,75,1,4,0,0,1,0,0,0,0,-21,16,68,0,-64,16,-57,16,-105,16,107,16,136,16,28,16,121,16,-8,15,-135,16,16,16,-97,16,78,16,-42,16,-125,16,11,0,-53,16,81,0,19,0,-111,0,90,0,-42,0,129,0,-4,0]"
CSI_DATA,5468,d8:b1:90:d9:de:f0,-43,9,-99,-36,44,104,390226675,168,0,106,0,"[-92,0,-72,0,-49,0,-1,0,-32,0,12,1,-48,0,-15,0,-88,0,-58,0,101,0,-110,0,34,0,84,0,-61,15,17,0,93,15,-52,15,8,15,-109,15,-39,14,-125,15,-34,14,-124,15,21,15,-107,15,0,0,0,0,-50,15,-42,15,67,0,-31,15,-76,0,-26,15,6,1,-30,15,38,1,-34,15,12,1,-24,15,-53,0,-13,15,127,0,4,0,38,0,28,0,-41,15,66,0,-125,15,115,0,78,15,-88,0,79,15]"
CSI_DATA,5469,d8:b1:90:d9:de:f0,-43,11,-99,-39,45,104,390434871,277,0,106,0,"[9,14,71,0,-62,13,86,0,-68,13,94,0,-31,13,89,0,21,14,70,0,100,14,41,0,-68,14,2,0,35,0,-55,14,-113,0,-111,14,-42,0,77,14,-6,0,42,14,-26,0,40,14,-79,0,74,14,0,0,0,0,38,0,-25,14,-20,14,70,0,-64,14,-79,0,-85,14,-5,0,-83,14,20,0,-63,14,-13,0,-46,14,-79,0,-28,14,92,0,-21,14,8,0,-25,14,-83,14,-45,14,76,14,-88,14,17,14,123,14]"
CSI_DATA,5470,d8:b1:90:d9:de:f0,-43,9,-99,-35,44,104,390435343,756,0,106,0,"[95,14,-46,0,52,14,3,0,44,14,17,0,68,14,-7,0,99,14,-57,0,-104,14,123,0,-70,14,40,0,-36,14,-65,14,-4,14,68,14,12,0,-20,13,17,0,-68,13,9,0,-58,13,3,0,0,13,0,0,0,0,16,0,-62,14,61,0,42,0,115,0,-114,0,-88,0,-49,0,-72,0,-35,0,-89,0,-57,0,115,0,-106,0,59,0,90,0,-4,14,38,0,-87,14,6,0,69,14,-9,14,7,14,-2,14,-13,13]"
CSI_DATA,5471,d8:b1:90:d9:de:f0,-41,11,-99,-34,42,104,390504008,100,0,114,0,"[22,-22,27,-22,29,-22,32,-21,33,-21,33,-19,32,-17,30,-15,28,-15,28,-14,28,-14,27,-14,28,-15,28,-15,29,-16,30,-17,30,-16,32,-17,32,-19,33,-19,33,-20,33,-20,33,-20,33,-20,32,-19,30,-20,30,-19,30,-17,0,0,30,-17,29,-17,30,-19,29,-17,29,-19,30,-19,30,-19,30,-19,29,-19,29,-19,27,-19,26,-19,24,-17,23,-16,22,-16,21,-16,21,-15,21,-15,22,-16,23,-16,24,-17,26,-17,26,-19,26,-17,27,-16,27,-14,24,-13,23,-10]"
CSI_DATA,5472,d8:b1:90:d9:de:f0,-43,11,-99,-37,45,104,390643770,277,0,106,0,"[11,0,-18,0,1,0,33,0,12,0,51,0,28,0,31,0,33,0,-11,0,18,0,-67,0,-18,13,106,0,-85,13,48,0,58,13,5,0,-30,12,-12,13,-80,12,11,0,-78,12,39,0,-27,12,49,0,0,0,0,0,-110,13,8,0,-60,13,-71,13,-28,13,88,13,-30,13,20,13,-43,13,0,12,-49,13,27,13,-38,13,84,13,-6,13,-93,13,45,0,-43,13,115,0,-22,13,-36,0,-22,13,16,0,-57,13,12,0]"
CSI_DATA,5473,d8:b1:90:d9:de:f0,-43,9,-99,-35,44,104,390644233,224,0,106,0,"[83,0,42,14,111,0,-6,13,102,0,-34,13,75,0,-26,13,47,0,21,14,34,0,73,14,51,0,-102,14,100,0,-24,14,-65,0,39,0,20,0,71,0,73,0,54,0,76,0,12,0,26,0,-14,14,0,0,0,0,115,0,9,0,53,0,75,0,19,0,-85,0,21,0,-22,0,43,0,0,0,57,0,-32,0,46,0,-93,0,13,0,97,0,-41,14,50,0,-120,14,33,0,49,14,47,0,-4,13,104,0,17,14]"
CSI_DATA,5474,d8:b1:90:d9:de:f0,-42,9,-99,-38,44,104,390853114,98,0,106,0,"[114,0,75,15,-85,0,15,15,-58,0,5,15,-63,0,44,15,-98,0,111,15,123,0,-87,15,52,0,-4,15,-40,15,84,0,133,15,-100,0,46,15,-48,0,8,15,-33,0,21,15,-51,0,76,15,-106,0,0,0,0,0,0,0,45,0,101,0,-20,15,-61,0,-65,15,6,1,-94,15,24,1,-98,15,-10,0,-72,15,-84,0,-39,15,95,0,-8,15,5,0,18,0,-96,15,40,0,80,15,64,0,19,15,88,0,11,15]"
CSI_DATA,5475,d8:b1:90:d9:de:f0,-42,9,-99,-38,44,104,390869295,108,0,106,0,"[-128,0,131,15,-36,0,81,15,-1,0,60,15,-15,0,78,15,-62,0,124,15,-116,0,-86,15,75,0,-12,15,-14,15,79,0,-114,15,-94,0,75,15,-16,0,50,15,27,1,62,15,22,1,115,15,-34,0,0,0,0,0,-5,15,75,0,75,0,-27,15,-123,0,-129,15,-85,0,72,15,-74,0,47,15,-96,0,80,15,130,0,-135,15,83,0,-59,15,30,0,15,0,-19,15,97,0,-60,15,-87,0,-79,15,-20,0,-57,15]"
CSI_DATA,5476,d8:b1:90:d9:de:f0,-45,11,-99,-33,46,104,391061567,277,0,106,0,"[-59,10,-56,10,-20,10,15,0,0,0,79,0,-4,10,-71,0,-15,10,-59,0,-18,10,-68,0,0,10,-78,0,39,0,-75,0,-84,0,-52,0,-34,0,0,0,-8,0,64,0,-26,0,-67,0,-81,0,-51,0,0,0,0,0,-3,10,80,0,-29,10,21,0,-25,10,-52,0,5,0,77,0,44,0,32,0,72,0,8,0,90,0,4,0,91,0,0,0,-91,0,-11,10,-83,0,-40,10,-53,0,-71,10,-21,0,80,10,0,0]"
CSI_DATA,5477,d8:b1:90:d9:de:f0,-45,9,-99,-36,47,104,391062057,124,0,106,0,"[3,0,72,0,24,0,-9,10,55,0,-69,10,87,0,86,10,-79,0,-90,10,-85,0,-83,10,74,0,-79,10,34,0,79,10,-10,10,26,10,-42,10,-43,9,-33,10,70,9,0,0,28,9,52,0,42,9,0,0,0,0,-78,0,-53,9,-75,0,4,10,67,0,65,10,15,0,-64,10,-40,10,-37,10,-78,10,-31,10,-90,10,-30,10,89,10,-25,10,87,10,-12,10,72,10,9,0,43,10,43,0,12,10,79,0,-6,9]"
CSI_DATA,5478,d8:b1:90:d9:de:f0,-45,9,-99,-31,46,104,391062197,262,0,106,0,"[17,0,77,0,0,10,-8,10,1,0,-82,10,19,0,56,10,37,0,50,10,40,0,61,10,19,0,79,10,-22,10,83,10,83,10,61,10,22,10,15,10,-13,9,-49,9,-5,9,66,9,48,10,46,9,0,0,0,0,-28,10,-83,9,9,0,-33,9,16,0,43,10,-6,10,-59,10,-41,10,-3,10,-67,10,24,0,-83,10,30,0,-83,10,33,0,-77,10,45,0,-72,10,71,0,-72,10,-59,0,-79,10,-11,0,-79,10]"
CSI_DATA,5479,d8:b1:90:d9:de:f0,-45,9,-99,-36,47,104,391062358,242,0,106,0,"[-61,10,-40,10,-5,10,25,0,29,0,85,0,37,0,-58,0,30,0,-46,0,25,0,-56,0,37,0,-80,0,75,0,75,0,-35,0,63,0,41,0,60,0,-84,0,-90,0,-60,0,-50,0,-83,0,-9,0,0,0,0,0,-2,0,0,0,-52,0,-19,0,84,0,-79,0,55,0,33,0,46,0,-26,10,50,0,-65,10,55,0,-79,10,50,0,-82,10,37,0,-90,10,13,0,72,10,-13,10,37,10,-41,10,0,10,-66,10]"
CSI_DATA,5480,d8:b1:90:d9:de:f0,-45,9,-99,-35,46,104,391270920,130,0,106,0,"[24,11,25,0,76,11,-32,11,-74,11,98,11,-33,11,44,11,-10,11,13,11,4,0,-3,10,0,11,-9,10,-23,11,1,11,-65,11,43,11,74,11,94,11,10,11,-40,11,-42,10,5,0,-71,10,24,0,0,0,0,0,-73,10,27,0,-59,10,1,0,-10,10,-40,11,58,11,-91,11,-55,11,62,11,22,0,41,11,74,0,43,11,-98,0,49,11,-84,0,58,11,-92,0,55,11,73,0,53,11,19,0,60,11,-57,11]"
CSI_DATA,5481,d8:b1:90:d9:de:f0,-44,9,-99,-36,46,104,391271037,113,0,106,0,"[-41,11,-9,0,-67,11,-62,0,88,11,88,0,50,11,59,0,23,11,45,0,11,11,57,0,17,11,76,0,45,11,-100,0,-99,11,-69,0,-1,11,-49,0,-100,0,-50,0,-15,0,-58,0,29,0,-77,0,0,0,0,0,67,0,84,0,47,0,89,0,9,0,100,0,-58,0,-78,0,77,0,-53,0,15,0,-38,0,-22,11,-31,0,-39,11,-22,0,-35,11,-25,0,-16,11,-30,0,23,0,-48,0,77,0,-95,0,-86,0]"
CSI_DATA,5482,d8:b1:90:d9:de:f0,-52,11,-99,-36,53,104,391503956,100,0,228,0,"[9,0,9,0,9,-1,8,-1,8,-3,7,-3,7,-4,43,26,7,-5,7,-5,7,-5,7,-5,7,-4,7,-4,6,-3,6,-2,5,-1,3,0,2,1,0,1,-1,2,12,-20,-5,3,-6,3,-7,2,-8,2,-8,1,-9,1,0,0,-8,1,-8,1,-7,2,-7,2,-6,3,-6,4,24,5,-4,6,-4,6,-4,7,-3,7,-3,7,-3,7,-3,7,-3,7,-3,6,-3,6,-3,5,-3,4,-3,3,-35,5,-2,2,-2,1,-1,0,-1,0,0,-1,0,-2,1,-2,4,-3,2,-7,-3,-9,-9,-6,-12,1,-8,9,-1,12,14,4,10,1,8,-5,1,-8,-4,-6,-7,0,-3,5,2,6,7,1,6,-4,0,-9,-7,-6,-11,1,-7,9,-2,14,8,7,10,0,7,-6,1,-8,-3,-6,-4,-2,0,0,-1,1,-1,1,-1,0,-2,2,0,4,3,4,1,7,6,-2,2,-6,-2,-7,-6,-2,-6,2,-2,6,2,4,5,0,3,-3,0,-5,-4,-2,-4,2,-2,5,0,9,7,1,7,-3,2,-8,-3,-7,-7,-3,-7,2,-3,5]"
CSI_DATA,5483,d8:b1:90:d9:de:f0,-48,9,-99,-36,49,104,391688717,113,0,106,0,"[-43,0,-67,0,-14,0,-26,0,-8,0,-14,0,-22,0,-20,0,-49,0,-38,0,58,0,-65,0,14,0,46,0,-42,8,6,0,43,8,-33,8,-7,7,-60,8,-33,7,-71,8,-28,7,-61,8,1,8,-38,8,0,0,0,0,-33,8,17,0,32,0,37,0,-45,0,52,0,4,0,51,0,22,0,37,0,7,0,22,0,-28,0,8,0,69,0,0,8,22,0,-3,8,-28,8,-3,8,69,8,5,0,38,8,27,0,36,8]"
CSI_DATA,5484,d8:b1:90:d9:de:f0,-39,11,-99,-35,40,104,391897162,277,0,106,0,"[-95,0,166,0,-3,0,164,0,4,1,135,0,-67,0,103,0,-153,0,93,0,123,0,120,0,12,0,180,0,-97,23,-121,0,-183,23,-21,0,190,23,47,1,-177,23,58,1,-104,23,-10,0,-30,23,-153,0,0,0,0,0,18,0,-89,23,-15,23,115,23,-89,23,0,23,-144,23,-60,21,-157,23,-33,21,-121,23,58,23,-43,23,166,23,66,0,-147,23,164,0,-95,23,-104,0,-98,23,6,1,-130,23,35,1,-180,23,-35,0]"
CSI_DATA,5485,d8:b1:90:d9:de:f0,-39,9,-99,-38,41,104,391897616,130,0,106,0,"[-130,0,-161,0,-53,0,-128,0,-55,0,-148,0,-118,0,-181,0,161,0,164,0,46,0,142,0,-92,22,125,0,139,22,122,0,1,22,134,0,-73,20,157,0,-61,20,161,0,40,22,158,0,179,22,125,0,0,0,0,0,125,0,13,0,-112,0,-70,22,1,1,-149,22,35,1,188,22,5,1,-187,22,-77,0,-128,22,-184,0,-35,22,104,0,68,0,34,0,184,0,-22,22,-79,0,-38,22,25,1,-4,22,86,1,55,0]"
CSI_DATA,5486,d8:b1:90:d9:de:f0,-39,9,-99,-37,40,104,391897733,124,0,106,0,"[-125,24,84,24,-184,24,11,24,-195,24,26,24,-154,24,94,24,-71,24,169,24,24,0,-164,24,150,0,-79,24,-119,0,-8,24,16,1,47,0,101,1,68,0,96,1,63,0,3,1,14,0,-156,0,-27,24,0,0,0,0,-106,24,-70,24,122,24,-42,24,-24,22,-14,24,-89,22,14,0,-58,22,26,0,57,24,-3,24,203,24,-50,24,-86,24,-114,24,39,0,-194,24,133,0,122,24,197,0,19,24,182,0,-52,22,106,0]"
CSI_DATA,5487,d8:b1:90:d9:de:f0,-40,9,-99,-36,42,104,392315440,98,0,106,0,"[-3,18,-17,0,44,0,49,1,89,0,42,1,104,0,-11,0,78,0,-80,0,25,0,-119,0,-60,18,-137,0,-151,18,-119,0,94,18,-65,0,60,18,-2,0,94,18,16,1,-158,18,-17,0,-99,18,-101,0,0,0,0,0,-64,18,-10,18,-127,18,-119,18,100,18,134,18,27,18,120,18,13,18,154,18,55,18,-128,18,135,18,-94,18,-115,18,-107,18,-49,18,-142,18,-11,18,112,18,-18,18,40,18,-67,18,-8,17,-125,18]"
CSI_DATA,5488,d8:b1:90:d9:de:f0,-40,9,-99,-36,41,104,392315563,101,0,106,0,"[98,21,-152,0,73,21,-64,0,115,21,-28,0,176,21,-57,0,-146,21,-125,0,-148,21,161,0,169,21,84,0,93,21,24,0,-12,19,-4,21,-77,19,19,0,-81,19,66,0,-12,19,100,0,117,21,81,0,0,0,0,0,-42,21,-55,21,-2,21,165,21,-24,21,48,21,-74,21,-12,19,-111,21,-7,19,-110,21,62,21,-79,21,149,21,-7,21,-158,21,67,0,-145,21,148,0,179,21,-161,0,118,21,-173,0,45,21,107,0]"
CSI_DATA,5489,d8:b1:90:d9:de:f0,-40,9,-99,-37,42,104,392315722,108,0,106,0,"[-29,0,-86,19,16,1,-150,19,-10,0,132,19,-63,0,138,19,-121,0,-152,19,-154,0,-93,19,-136,0,-15,19,-85,0,60,0,-3,0,114,0,57,1,116,0,75,1,76,0,22,1,18,0,-86,0,-10,19,0,0,0,0,22,0,60,0,-46,19,-156,0,-63,19,-49,0,-31,19,22,1,11,0,23,1,36,0,-36,0,22,0,-117,0,-27,19,147,0,-93,19,119,0,160,19,132,0,102,19,-147,0,110,19,-79,0,-149,19]"
CSI_DATA,5490,d8:b1:90:d9:de:f0,-39,9,-99,-37,41,104,392372632,124,0,106,0,"[1,0,10,21,-43,21,-56,20,-91,21,-43,20,-100,21,29,21,-66,21,90,21,-4,21,146,21,87,0,168,21,-168,0,139,21,-74,0,90,21,-39,0,30,21,-84,0,1,21,-175,0,37,21,106,0,130,21,0,0,0,0,75,0,29,0,120,0,168,0,-143,0,-113,0,-66,0,-98,0,-47,0,-146,0,-100,0,173,0,183,0,139,0,85,0,148,0,11,0,-184,0,-30,21,-109,0,-30,21,-18,0,31,0,21,1,109,0]"
CSI_DATA,5491,d8:b1:90:d9:de:f0,-41,11,-99,-34,42,104,392504055,100,0,114,0,"[-9,32,-13,34,-16,34,-19,35,-21,34,-22,32,-22,30,-23,27,-22,26,-22,23,-22,23,-22,22,-22,22,-22,23,-23,24,-24,24,-27,27,-27,24,-28,26,-29,26,-29,26,-30,26,-29,26,-30,24,-29,22,-29,22,-29,21,-29,20,0,0,-29,20,-29,17,-30,17,-30,17,-32,17,-33,17,-33,17,-32,16,-32,15,-30,15,-29,14,-28,14,-27,13,-27,13,-24,10,-24,10,-23,10,-24,9,-26,9,-27,9,-27,9,-29,8,-29,8,-30,7,-32,4,-32,3,-29,1,-26,-1]"
CSI_DATA,5492,d8:b1:90:d9:de:f0,-41,11,-99,-36,43,104,392732757,277,0,106,0,"[-50,16,68,16,-52,16,-14,15,-79,16,-44,15,-105,16,-11,15,-107,16,49,16,-79,16,121,16,-6,16,-99,16,97,0,-49,16,-51,0,-29,16,58,1,-51,16,111,1,-106,16,94,1,135,16,10,1,133,16,0,0,0,0,118,0,-54,16,79,0,65,0,71,0,-109,0,96,0,-28,0,134,0,-6,0,-142,0,-44,0,116,0,-113,0,62,0,106,0,-16,16,58,0,-112,16,47,0,63,16,65,0,2,16,134,0,13,16]"
CSI_DATA,5493,d8:b1:90:d9:de:f0,-42,9,-99,-33,43,104,392733202,130,0,106,0,"[124,15,-113,0,52,15,-88,0,24,15,-66,0,42,15,-76,0,82,15,-113,0,128,15,97,0,-87,15,13,0,-45,15,-90,15,-20,15,46,15,-9,15,-60,14,-27,15,-119,14,-40,15,-117,14,-40,15,-46,14,0,0,0,0,8,0,-123,15,82,0,-34,15,-97,0,43,0,-23,0,87,0,1,1,99,0,-24,0,90,0,-89,0,67,0,95,0,53,0,8,0,56,0,-85,15,82,0,89,15,129,0,32,15,-72,0,46,15]"
CSI_DATA,5494,d8:b1:90:d9:de:f0,-44,9,-99,-37,45,104,392942155,124,0,106,0,"[-61,0,-33,13,22,0,-32,13,56,0,-38,13,38,0,-34,13,-11,0,-25,13,-68,0,1,0,90,0,43,0,0,0,102,0,-90,13,-62,0,75,13,2,0,45,13,43,0,60,13,37,0,99,13,-12,0,0,0,0,0,-28,13,66,0,6,0,-42,13,34,0,86,13,42,0,10,13,44,0,-22,12,40,0,1,13,38,0,57,13,47,0,-107,13,59,0,-32,13,89,0,42,0,-100,0,111,0,-52,0,-77,0,-21,0]"
CSI_DATA,5495,d8:b1:90:d9:de:f0,-43,9,-99,-40,45,104,392942322,756,0,106,0,"[-77,0,-68,15,14,1,-80,15,47,1,-98,15,24,1,-94,15,-24,0,-74,15,-88,0,-36,15,100,0,27,0,20,0,108,0,-58,15,-52,0,-106,15,34,1,-127,15,83,1,-107,15,79,1,-76,15,13,1,0,0,0,0,-9,15,72,0,-4,15,-51,15,-12,15,88,15,-28,15,7,15,-42,15,-23,14,-39,15,3,15,-23,15,62,15,6,0,-120,15,45,0,-52,15,107,0,12,0,-75,0,66,0,-10,0,86,0,19,1]"
CSI_DATA,5496,d8:b1:90:d9:de:f0,-42,9,-99,-34,43,104,393359934,98,0,106,0,"[-70,15,-40,0,-86,15,43,1,-62,15,73,1,-28,15,40,1,-12,15,-20,0,-14,15,-103,0,-48,15,78,0,-122,15,-18,15,54,15,-90,15,-32,14,-124,15,-83,14,-114,15,-75,14,-74,15,0,15,-34,15,0,0,0,0,-51,15,-18,15,56,0,-73,15,-133,0,123,15,-90,0,56,15,-92,0,25,15,-133,0,48,15,97,0,112,15,73,0,-85,15,66,0,-4,15,94,0,77,0,-124,0,-122,0,-63,0,-93,0,-25,0]"
CSI_DATA,5497,d8:b1:90:d9:de:f0,-43,9,-99,-36,44,104,393360030,124,0,106,0,"[74,15,-121,0,17,15,-65,0,17,15,-28,0,59,15,-31,0,116,15,-71,0,-103,15,120,0,-79,15,32,0,-86,15,-74,15,-119,15,72,15,85,15,2,15,37,15,-13,14,22,15,28,15,58,15,97,15,0,0,0,0,-31,15,-41,15,81,0,-31,15,-72,0,-47,15,-10,0,-82,15,-1,0,-115,15,-39,0,-116,15,-100,0,-90,15,98,0,-34,15,62,0,29,0,41,0,109,0,52,0,-66,0,90,0,-14,0,-115,0]"
CSI_DATA,5498,d8:b1:90:d9:de:f0,-45,11,-99,-39,47,104,393503980,100,0,228,0,"[6,5,10,5,13,5,16,6,17,6,18,7,19,8,95,57,17,7,15,6,13,6,12,4,10,3,8,0,6,-1,3,-5,2,-8,0,-12,-1,-15,-2,-18,-3,-20,27,-45,-3,-23,-2,-23,-2,-22,-1,-20,0,-18,0,-15,0,0,0,-8,-1,-4,-2,-1,-3,2,-5,5,-6,8,-89,11,-10,11,-10,13,-10,13,-10,12,-9,10,-7,10,-6,8,-3,6,-1,6,0,4,3,4,6,3,8,3,93,0,13,3,15,3,16,5,17,6,17,7,15,8,12,8,-4,16,9,17,20,7,20,-7,9,-18,-5,-17,-13,-6,7,12,-2,8,4,3,4,-3,-2,-6,-9,-2,-9,7,0,14,12,12,19,0,13,-14,0,-20,-14,-14,-19,0,-14,-10,1,13,9,5,6,-3,-1,-5,-7,0,-4,9,0,0,15,4,16,-8,6,-19,-10,-19,-21,-7,-20,8,-17,30,6,18,14,7,13,-3,4,-8,-1,-6,-2,0,0,0,3,-2,0,-6,-5,-6,-10,0,-8,6,-1,12,19,13,13,2,10,-7,1,-12,-6,-8,-8,0,-3,5,3,4]"
CSI_DATA,5499,d8:b1:90:d9:de:f0,-43,11,-99,-39,45,104,393568352,277,0,106,0,"[40,14,77,0,-44,13,95,0,-79,13,113,0,-48,13,114,0,8,14,96,0,72,14,53,0,-99,14,-1,14,-21,14,-74,14,58,0,81,14,113,0,4,14,-115,0,-37,13,121,0,-33,13,89,0,30,14,0,0,0,0,40,0,-31,14,40,0,90,0,55,0,-56,0,68,0,14,0,79,0,34,0,71,0,0,0,46,0,-66,0,12,0,110,0,-28,14,50,0,-84,14,-13,14,103,14,-67,14,54,14,-96,14,34,14]"
CSI_DATA,5500,d8:b1:90:d9:de:f0,-42,9,-99,-37,44,104,393568797,130,0,106,0,"[-75,15,-41,0,-114,15,45,1,-106,15,79,1,-82,15,57,1,-58,15,5,1,-46,15,-76,0,-53,15,91,0,-79,15,-24,15,-124,15,126,15,91,15,37,15,54,15,3,15,50,15,24,15,92,15,84,15,0,0,0,0,-14,15,-46,15,98,0,-10,15,-50,0,10,0,23,1,9,0,45,1,1,0,7,1,-9,15,-66,0,-4,15,123,0,10,0,41,0,37,0,-26,15,82,0,-92,15,-126,0,-121,15,-69,0,-107,15]"
CSI_DATA,5501,d8:b1:90:d9:de:f0,-43,9,-99,-39,45,104,393568959,113,0,106,0,"[97,14,86,14,42,14,22,14,4,14,10,14,12,14,41,14,49,14,90,14,111,14,-116,14,-53,14,-82,14,47,0,-60,14,-74,0,-49,14,11,0,-65,14,49,0,-87,14,34,0,-102,14,-29,0,-91,14,0,0,0,0,47,0,4,0,-29,14,95,0,-77,14,-66,0,-96,14,0,0,-93,14,25,0,-71,14,-2,0,-51,14,-68,0,-45,14,103,0,-48,14,30,0,-68,14,-49,14,-99,14,-122,14,103,14,88,14,76,14]"
CSI_DATA,5502,d8:b1:90:d9:de:f0,-41,9,-99,-37,43,104,393627504,310,0,106,0,"[-75,0,-26,17,15,1,-24,17,53,1,-55,17,23,1,-83,17,-33,0,-80,17,-100,0,-48,17,115,0,12,0,60,0,114,0,25,0,-48,0,32,0,58,1,76,0,113,1,115,0,99,1,116,0,17,1,0,0,0,0,46,0,97,0,-65,17,23,0,115,17,-11,17,18,17,-8,17,-17,16,13,0,13,17,34,0,88,17,36,0,-124,17,10,0,-53,17,-41,17,-2,17,-130,17,17,0,56,17,-10,17,-26,16,-91,17]"
CSI_DATA,5503,d8:b1:90:d9:de:f0,-42,9,-99,-37,44,104,393627717,290,0,106,0,"[-88,15,85,15,-120,15,11,15,103,15,-9,14,86,15,18,15,103,15,73,15,-112,15,118,15,-36,15,-104,15,71,0,-95,15,-75,0,-119,15,15,1,95,15,36,1,41,15,0,1,12,15,-63,0,34,15,0,0,0,0,57,0,-78,15,46,0,36,0,72,0,-111,0,118,0,-42,0,-108,0,-29,0,-100,0,-60,0,130,0,-121,0,71,0,90,0,-5,15,61,0,-98,15,69,0,80,15,115,0,33,15,-78,0,71,15]"
CSI_DATA,5504,d8:b1:90:d9:de:f0,-42,9,-99,-38,44,104,393636101,252,0,106,0,"[-29,15,-80,0,-59,15,4,1,-47,15,44,1,-33,15,28,1,-18,15,-19,0,-20,15,-90,0,-47,15,94,0,-111,15,-9,15,74,15,-101,15,-9,14,106,15,-65,14,95,15,-70,14,132,15,-14,14,-91,15,0,0,0,0,-82,15,-15,15,38,0,-31,15,-115,0,-64,15,-42,0,-112,15,-24,0,121,15,-59,0,122,15,-115,0,-116,15,91,0,-54,15,49,0,23,0,24,0,118,0,31,0,-56,0,78,0,12,1,134,0]"
CSI_DATA,5505,d8:b1:90:d9:de:f0,-42,9,-99,-37,44,104,393651269,108,0,106,0,"[98,0,101,15,-99,0,33,15,-83,0,-9,14,-109,0,-4,14,125,0,31,15,106,0,100,15,97,0,-71,15,115,0,40,0,-108,0,-104,0,-58,0,-19,0,-12,0,16,1,3,1,-10,0,-38,0,-75,0,0,0,0,0,75,0,44,0,-46,15,1,0,102,15,-9,15,15,15,-7,15,-16,14,10,0,15,15,18,0,78,15,8,0,-117,15,-15,15,-45,15,-59,15,5,0,-123,15,45,0,55,15,45,0,-12,14,0,0]"
CSI_DATA,5506,d8:b1:90:d9:de:f0,-43,11,-99,-36,44,104,393986150,277,0,106,0,"[67,15,100,0,-8,14,117,0,-40,14,-114,0,-13,14,-100,0,37,15,-107,0,91,15,104,0,-119,15,36,0,-85,15,-68,15,-73,15,73,15,-92,15,-21,14,-127,15,-70,14,106,15,-52,14,120,15,15,15,0,0,0,0,-34,15,-80,15,68,0,-29,15,-86,0,-13,15,-3,0,-15,15,30,1,-33,15,6,1,-41,15,-56,0,-33,15,-120,0,-8,15,81,0,31,0,39,0,95,0,13,0,-83,0,20,0,-18,0,61,0]"
CSI_DATA,5507,d8:b1:90:d9:de:f0,-43,9,-99,-37,45,104,393986594,113,0,106,0,"[-81,13,-51,0,110,13,6,0,113,13,44,0,-89,13,34,0,-59,13,0,0,-40,13,-58,0,-51,13,97,0,-90,13,13,0,64,13,-63,13,-8,12,-99,13,-65,12,-97,13,-73,12,-63,13,-19,12,-30,13,0,0,0,0,-77,13,-12,13,10,0,-65,13,76,0,99,13,110,0,33,13,106,0,-6,12,81,0,8,13,56,0,56,13,50,0,116,13,58,0,-56,13,96,0,0,13,-77,0,44,0,-20,0,47,0,1,0]"
CSI_DATA,5508,d8:b1:90:d9:de:f0,-42,9,-99,-38,44,104,394020820,124,0,106,0,"[112,0,72,15,-102,0,14,15,-98,0,-28,14,-133,0,-23,14,105,0,8,15,84,0,80,15,84,0,-102,15,118,0,1,0,-83,0,101,0,-6,0,-97,0,54,1,-86,0,59,1,-116,0,4,1,106,0,0,0,0,0,92,0,43,0,-22,15,74,0,-115,15,-130,0,94,15,-66,0,85,15,-30,0,109,15,-46,0,-122,15,-88,0,-96,15,119,0,-85,15,44,0,-108,15,-28,15,112,15,-95,15,55,15,-131,15,14,15]"
CSI_DATA,5509,d8:b1:90:d9:de:f0,-43,9,-99,-36,44,104,394195529,224,0,106,0,"[76,15,83,0,-9,14,99,0,-36,14,125,0,-10,14,-119,0,32,15,-127,0,94,15,88,0,-101,15,25,0,-47,15,-81,15,-8,15,60,15,-1,15,-39,14,-22,15,-94,14,-49,15,-82,14,-53,15,-18,14,0,0,0,0,-7,15,-78,15,67,0,8,0,-107,0,81,0,-28,0,117,0,3,1,116,0,-16,0,99,0,-69,0,78,0,117,0,61,0,42,0,64,0,-35,15,86,0,-110,15,-125,0,107,15,-77,0,117,15]"
CSI_DATA,5510,d8:b1:90:d9:de:f0,-43,9,-99,-35,44,104,394195665,120,0,106,0,"[118,14,94,14,86,14,21,14,55,14,0,13,48,14,20,14,79,14,62,14,-120,14,106,14,-42,14,-101,14,56,0,-77,14,-69,0,-74,14,25,0,-87,14,64,0,-118,14,49,0,114,14,-6,0,123,14,0,0,0,0,87,0,-26,14,20,0,63,0,-14,14,-83,0,-30,14,-8,0,-25,14,22,0,-21,14,5,0,-14,14,-48,0,-30,14,-111,0,-51,14,68,0,-96,14,5,0,87,14,-44,14,22,14,-61,14,-4,13]"
CSI_DATA,5511,d8:b1:90:d9:de:f0,-42,9,-99,-38,44,104,394195769,128,0,106,0,"[116,0,-86,0,-130,0,-4,0,-100,0,26,1,-90,0,-1,0,-104,0,-50,0,112,0,-103,0,39,0,117,0,-72,15,77,0,68,15,60,0,-33,14,73,0,-85,14,101,0,-67,14,124,0,1,15,116,0,0,0,0,0,-91,15,27,0,-20,15,-76,15,24,0,92,15,39,0,8,15,33,0,-26,14,22,0,-5,14,20,0,54,15,31,0,124,15,56,0,-74,15,104,0,-9,15,-94,0,47,0,-26,0,65,0,6,1]"
CSI_DATA,5512,d8:b1:90:d9:de:f0,-43,9,-99,-35,44,104,394195927,101,0,106,0,"[34,0,51,14,70,0,-20,13,66,0,-58,13,44,0,-50,13,21,0,0,14,20,0,62,14,44,0,-102,14,95,0,-9,14,-68,0,74,0,15,0,-124,0,64,0,-118,0,63,0,101,0,14,0,67,0,0,0,0,0,79,0,33,0,-24,14,67,0,-115,14,118,0,77,14,-77,0,65,14,-46,0,85,14,-53,0,119,14,-96,0,-101,14,95,0,-82,14,27,0,-86,14,-47,14,-113,14,-122,14,88,14,79,14,49,14]"
CSI_DATA,5513,d8:b1:90:d9:de:f0,-42,9,-99,-37,44,104,394222716,130,0,106,0,"[-25,15,-45,0,-66,15,25,1,-64,15,63,1,-49,15,47,1,-38,15,2,1,-31,15,-63,0,-56,15,117,0,-115,15,23,0,58,15,-63,15,-22,14,-116,15,-74,14,-129,15,-74,14,-101,15,-19,14,-69,15,0,0,0,0,-96,15,-41,15,13,0,-86,15,107,0,128,15,-97,0,75,15,-81,0,40,15,-97,0,50,15,-129,0,94,15,112,0,-102,15,96,0,-36,15,107,0,42,0,-125,0,118,0,-73,0,-103,0,-37,0]"
CSI_DATA,5514,d8:b1:90:d9:de:f0,-42,9,-99,-35,43,104,394268503,124,0,106,0,"[41,16,-19,16,-31,15,-34,16,-64,15,-8,16,-42,15,30,0,8,16,54,0,75,16,45,0,136,16,1,0,-102,16,-91,16,-104,16,77,16,129,16,-8,15,74,16,-40,15,25,16,0,16,44,16,83,16,0,0,0,0,-87,16,-79,16,20,0,-93,16,109,0,-138,16,-122,0,74,16,-123,0,22,16,117,0,30,16,83,0,78,16,69,0,-138,16,81,0,-80,16,131,0,-31,16,-77,0,-7,16,-17,0,-32,16,-10,0]"
CSI_DATA,5515,d8:b1:90:d9:de:f0,-42,9,-99,-39,44,104,394280153,120,0,106,0,"[101,16,129,16,54,16,58,16,26,16,47,16,28,16,70,16,65,16,105,16,122,16,-137,16,-66,16,-117,16,52,0,-128,16,-110,0,115,16,-16,0,58,16,11,1,16,16,-16,0,4,16,-77,0,46,16,0,0,0,0,81,0,-69,16,67,0,49,0,82,0,-114,0,112,0,-35,0,131,0,-11,0,129,0,-32,0,99,0,-81,0,50,0,-133,0,-15,16,107,0,-93,16,91,0,99,16,93,0,41,16,131,0,42,16]"
CSI_DATA,5516,d8:b1:90:d9:de:f0,-42,9,-99,-37,44,104,394280374,120,0,106,0,"[-45,15,47,15,-34,15,-28,14,-48,15,-56,14,-57,15,-33,14,-56,15,8,15,-38,15,73,15,17,0,-131,15,103,0,-72,15,-51,0,-32,15,43,1,-28,15,99,1,-45,15,85,1,-77,15,10,1,-80,15,0,0,0,0,108,0,-12,15,39,0,72,0,-7,15,-93,0,-23,15,-17,0,-14,15,17,1,1,0,-5,0,-5,15,-58,0,-20,15,-122,0,-55,15,84,0,-116,15,40,0,75,15,12,0,13,15,26,0,-1,14]"
CSI_DATA,5517,d8:b1:90:d9:de:f0,-41,11,-99,-32,42,104,394504048,100,0,114,0,"[22,-22,26,-22,30,-22,32,-20,33,-19,34,-17,33,-15,33,-14,31,-13,30,-11,30,-11,29,-12,29,-12,29,-12,30,-13,31,-13,33,-13,33,-12,34,-13,35,-13,35,-14,35,-14,34,-13,35,-12,33,-12,32,-12,32,-11,33,-11,0,0,32,-8,31,-10,32,-8,32,-8,32,-10,33,-10,33,-10,31,-8,31,-8,30,-10,28,-8,26,-10,25,-8,24,-8,22,-7,23,-8,22,-7,22,-8,23,-8,23,-8,23,-8,24,-8,24,-8,25,-8,26,-7,26,-5,24,-4,22,-3]"
CSI_DATA,5518,d8:b1:90:d9:de:f0,-44,11,-99,-37,45,104,394612846,277,0,106,0,"[-78,13,-73,0,-114,13,-2,0,-102,13,41,0,-72,13,30,0,-46,13,-8,0,-40,13,-66,0,-57,13,98,0,-112,13,30,0,36,13,-33,13,-34,12,-60,13,-79,12,-37,13,-69,12,-6,13,-7,12,18,0,0,0,0,0,-55,13,4,0,33,0,-60,13,90,0,98,13,112,0,23,13,106,0,-10,12,81,0,9,13,55,0,57,13,56,0,-116,13,66,0,-55,13,103,0,-5,13,-73,0,27,0,-23,0,30,0,-10,0]"
CSI_DATA,5519,d8:b1:90:d9:de:f0,-43,9,-99,-39,45,104,394613327,165,0,106,0,"[94,14,-109,14,20,14,96,14,-28,13,111,14,-26,13,-99,14,10,14,-60,14,69,14,-45,14,-102,14,-62,14,-27,14,-118,14,25,0,41,14,45,0,-41,13,12,0,-83,13,-30,14,-65,13,-52,14,3,14,0,0,0,0,-13,14,-55,14,66,0,18,0,-82,0,61,0,-3,0,60,0,26,0,35,0,2,0,8,0,-55,0,-2,14,-111,0,8,0,80,0,44,0,52,0,98,0,44,0,-82,0,72,0,-35,0,116,0]"
CSI_DATA,5520,d8:b1:90:d9:de:f0,-43,9,-99,-37,45,104,394613496,185,0,106,0,"[88,0,-79,0,-116,0,0,0,-84,0,21,0,-84,0,-1,0,-105,0,-38,0,86,0,-83,0,19,0,107,0,-79,13,77,0,43,13,58,0,-39,12,60,0,-74,12,82,0,-55,12,94,0,8,13,87,0,0,0,0,0,-45,13,15,0,33,0,-55,13,98,0,100,13,-105,0,32,13,-101,0,3,13,-116,0,22,13,94,0,76,13,85,0,-93,13,79,0,-27,13,91,0,42,0,-113,0,111,0,-73,0,-90,0,-49,0]"
CSI_DATA,5521,d8:b1:90:d9:de:f0,-43,9,-99,-38,45,104,394822189,318,0,106,0,"[93,0,45,14,-110,0,-12,13,-108,0,-39,13,110,0,-25,13,83,0,18,14,74,0,81,14,79,0,-73,14,106,0,22,0,-85,0,117,0,-36,0,-55,0,-1,0,-40,0,-8,0,-67,0,-49,0,-106,0,0,0,0,0,32,0,49,0,-65,14,44,0,77,14,55,0,20,14,80,0,5,14,93,0,32,14,84,0,78,14,59,0,-115,14,16,0,-72,14,-36,14,-46,14,-97,14,-38,14,74,14,-50,14,24,14,-79,14]"
CSI_DATA,5522,d8:b1:90:d9:de:f0,-44,9,-99,-36,45,104,394822393,338,0,106,0,"[-98,0,-69,0,-61,0,-14,0,-34,0,-7,0,-40,0,-33,0,-62,0,-73,0,110,0,-108,0,39,0,92,0,-56,13,85,0,77,13,99,0,2,13,-106,0,-24,12,-75,0,0,13,-67,0,49,13,-90,0,0,0,0,0,-50,13,15,0,-23,13,-72,13,-8,13,67,13,-18,13,5,13,-28,13,-9,12,-32,13,16,13,-19,13,68,13,8,0,-106,13,47,0,-57,13,99,0,-23,13,-67,0,-8,13,-22,0,-12,13,-14,0]"
CSI_DATA,5523,d8:b1:90:d9:de:f0,-43,9,-99,-37,45,104,394822605,318,0,106,0,"[-68,0,91,13,-11,0,48,13,-3,0,16,13,-34,0,19,13,-77,0,55,13,-113,0,103,13,94,0,-49,13,95,0,47,0,-114,0,-83,0,-73,0,-9,0,-44,0,13,0,-31,0,-17,0,-61,0,-75,0,0,0,0,0,27,0,55,0,-70,13,38,0,66,13,42,0,7,13,64,0,-3,12,88,0,24,13,85,0,75,13,63,0,-111,13,21,0,-74,13,-32,13,-54,13,-98,13,-51,13,70,13,-79,13,25,13,-112,13]"
CSI_DATA,5524,d8:b1:90:d9:de:f0,-43,9,-99,-35,44,104,394822800,338,0,106,0,"[-110,0,64,14,-59,0,15,14,-56,0,-16,13,-83,0,-4,13,-119,0,34,14,108,0,92,14,100,0,-72,14,-123,0,20,0,-74,0,115,0,-23,0,-68,0,12,0,-54,0,11,0,-77,0,-35,0,-122,0,0,0,0,0,52,0,60,0,-53,14,78,0,109,14,112,0,56,14,-99,0,44,14,-80,0,69,14,-94,0,107,14,112,0,-111,14,58,0,-92,14,0,0,-98,14,-68,14,-121,14,120,14,87,14,84,14,64,14]"
CSI_DATA,5525,d8:b1:90:d9:de:f0,-43,9,-99,-38,45,104,394822985,684,0,106,0,"[42,14,-88,14,-22,13,-106,14,-54,13,-93,14,-38,13,-60,14,3,14,-33,14,72,14,-30,14,-97,14,-55,14,-16,14,-110,14,55,0,53,14,83,0,-20,13,72,0,-67,13,41,0,-51,13,11,0,1,14,0,0,0,0,20,0,-60,14,73,0,29,0,-92,0,84,0,-28,0,106,0,-8,0,102,0,-26,0,80,0,-77,0,57,0,95,0,56,0,33,0,68,0,-14,14,107,0,-51,14,-75,0,-58,14,-29,0,-23,14]"
CSI_DATA,5526,d8:b1:90:d9:de:f0,-44,9,-99,-36,45,104,394823304,704,0,106,0,"[80,13,88,13,22,13,48,13,-14,12,54,13,-9,12,95,13,24,13,-93,13,79,13,-72,13,-73,13,-71,13,8,0,-102,13,86,0,68,13,-99,0,3,13,-111,0,-40,12,79,0,-40,12,40,0,9,13,0,0,0,0,27,0,-52,13,68,0,32,0,-95,0,91,0,-37,0,-114,0,-12,0,105,0,-28,0,79,0,-75,0,56,0,90,0,52,0,37,0,65,0,-10,13,102,0,-43,13,-71,0,-39,13,-22,0,-2,13]"
CSI_DATA,5527,d8:b1:90:d9:de:f0,-43,9,-99,-38,45,104,394823654,684,0,106,0,"[21,0,-26,0,10,0,47,0,19,0,69,0,22,0,45,0,18,0,-2,0,-1,14,-69,0,-43,14,101,0,-109,14,20,0,55,14,-55,14,-11,13,-104,14,-50,13,119,14,-39,13,-101,14,16,14,-76,14,0,0,0,0,-43,14,-39,14,57,0,-55,14,-92,0,-81,14,-30,0,-114,14,-14,0,117,14,-42,0,-106,14,-85,0,-71,14,110,0,-22,14,71,0,33,0,48,0,100,0,38,0,-73,0,46,0,-24,0,71,0]"
CSI_DATA,5528,d8:b1:90:d9:de:f0,-42,9,-99,-37,44,104,394823963,704,0,106,0,"[-47,0,-96,15,30,1,-117,15,53,1,122,15,20,1,121,15,-30,0,-121,15,-92,0,-73,15,116,0,0,0,69,0,97,0,33,0,-49,0,24,0,40,1,40,0,81,1,56,0,59,1,49,0,-9,0,0,0,0,0,-10,15,64,0,-88,15,-21,15,96,15,-84,15,30,15,-115,15,10,15,-119,15,41,15,-103,15,99,15,-86,15,-91,15,-81,15,-22,15,-85,15,48,0,-108,15,114,0,112,15,-118,0,69,15,123,0]"
CSI_DATA,5529,d8:b1:90:d9:de:f0,-43,9,-99,-38,45,104,394824295,178,0,106,0,"[-33,0,65,0,36,0,92,0,59,0,84,0,43,0,59,0,-5,0,43,0,-72,0,45,0,89,0,62,0,1,0,110,0,-82,14,-66,0,112,14,1,0,108,14,43,0,-105,14,34,0,-74,14,-16,0,0,0,0,0,-36,14,46,0,-59,14,-53,14,-103,14,103,14,95,14,57,14,74,14,50,14,90,14,70,14,-111,14,109,14,-52,14,-99,14,8,0,-78,14,72,0,-83,14,-101,0,-102,14,-64,0,109,14,-73,0]"
CSI_DATA,5530,d8:b1:90:d9:de:f0,-42,9,-99,-38,44,104,394865506,124,0,106,0,"[27,15,23,0,-57,14,46,0,-75,14,85,0,-33,14,112,0,30,15,109,0,91,15,75,0,-127,15,3,0,-101,15,-92,15,-108,15,68,15,117,15,-10,14,74,15,-32,14,44,15,5,15,78,15,90,15,0,0,0,0,-42,15,-45,15,76,0,-40,15,-94,0,-72,15,-33,0,-119,15,-26,0,114,15,-72,0,119,15,-127,0,-110,15,111,0,-59,15,95,0,9,0,114,0,76,0,-116,0,-135,0,-56,0,-119,0,-28,0]"
CSI_DATA,5531,d8:b1:90:d9:de:f0,-41,9,-99,-37,43,104,394889288,756,0,106,0,"[64,17,-99,17,-13,16,-140,17,-50,16,-129,17,-24,16,-100,17,30,17,-81,17,108,17,-73,17,-90,17,-99,17,20,0,136,17,117,0,54,17,-113,0,-31,16,-107,0,-70,16,144,0,-58,16,95,0,11,17,0,0,0,0,31,0,-69,17,53,0,60,0,108,0,-122,0,-133,0,-56,0,-114,0,-47,0,-125,0,-79,0,120,0,-130,0,58,0,124,0,-17,17,97,0,-106,17,99,0,108,17,129,0,62,17,-120,0,84,17]"
CSI_DATA,5532,d8:b1:90:d9:de:f0,-44,11,-99,-35,45,104,395030643,277,0,106,0,"[94,0,48,12,-84,0,-6,12,-88,0,-27,12,-109,0,-15,12,81,0,30,12,59,0,89,12,58,0,-53,12,78,0,42,0,-103,0,-89,0,-55,0,-19,0,-21,0,-2,0,-15,0,-30,0,-52,0,-76,0,0,0,0,0,23,0,59,0,-63,12,54,0,67,12,58,0,9,12,79,0,-5,12,96,0,23,12,93,0,71,12,69,0,-100,12,25,0,-59,12,-24,12,-34,12,-90,12,-23,12,62,12,-45,12,6,12,-79,12]"
CSI_DATA,5533,d8:b1:90:d9:de:f0,-44,9,-99,-35,45,104,395031097,130,0,106,0,"[-37,0,72,0,28,0,96,0,55,0,83,0,40,0,51,0,-13,0,25,0,-74,0,19,0,65,0,35,0,-18,12,82,0,-91,12,-69,0,89,12,9,0,96,12,47,0,-91,12,42,0,-55,12,-7,0,0,0,0,0,-34,12,47,0,-67,12,-35,12,91,12,-109,12,41,12,78,12,19,12,83,12,32,12,109,12,76,12,-80,12,-86,12,-59,12,-18,12,-58,12,48,0,-80,12,105,0,100,12,-87,0,44,12,107,0]"
CSI_DATA,5534,d8:b1:90:d9:de:f0,-44,9,-99,-36,45,104,395042311,108,0,106,0,"[-47,0,-94,13,17,0,113,13,36,0,95,13,12,0,84,13,-37,0,104,13,-81,0,-85,13,98,0,-19,13,65,0,65,0,49,0,-61,0,57,0,25,0,76,0,57,0,95,0,40,0,81,0,-19,0,0,0,0,0,5,0,67,0,-78,13,16,0,59,13,-16,13,-4,12,-22,13,-25,12,-14,13,-2,12,-5,13,49,13,-3,13,104,13,-12,13,-62,13,-41,13,-14,13,-94,13,22,0,73,13,24,0,15,13,-3,13]"
CSI_DATA,5535,d8:b1:90:d9:de:f0,-44,9,-99,-36,45,104,395062457,130,0,106,0,"[-24,0,-57,13,44,0,-73,13,58,0,-104,13,27,0,105,13,-20,0,109,13,-70,0,-90,13,-112,0,-34,13,98,0,49,0,110,0,-86,0,-85,0,-16,0,-45,0,3,0,-26,0,-23,0,-56,0,-81,0,0,0,0,0,46,0,49,0,-49,13,48,0,93,13,79,0,38,13,-104,0,27,13,-69,0,57,13,-66,0,98,13,-92,0,-98,13,92,0,-80,13,36,0,-92,13,-21,13,98,13,-75,13,48,13,-94,13,17,13]"
CSI_DATA,5536,d8:b1:90:d9:de:f0,-44,9,-99,-38,46,104,395062919,113,0,106,0,"[-63,12,31,12,-82,12,-25,11,99,12,-39,11,78,12,-8,11,82,12,36,12,-102,12,81,12,-48,12,-107,12,26,0,-103,12,105,0,83,12,-57,0,37,12,-46,0,-3,11,-83,0,-15,11,84,0,19,12,0,0,0,0,28,0,-60,12,61,0,21,0,-98,0,84,0,-37,0,-99,0,-2,0,105,0,-10,0,76,0,-47,0,52,0,-93,0,38,0,72,0,48,0,33,0,82,0,11,0,-79,0,21,0,-28,0,62,0]"
CSI_DATA,5537,d8:b1:90:d9:de:f0,-42,9,-99,-36,43,104,395239996,98,0,106,0,"[-88,0,99,0,-23,0,-127,0,4,1,-121,0,-20,0,135,0,-68,0,106,0,129,0,85,0,31,0,70,0,-106,16,75,0,51,16,103,0,-43,15,-141,0,-80,15,-96,0,-57,15,-78,0,20,16,-113,0,0,0,0,0,-83,16,42,0,-5,16,-70,16,39,0,106,16,57,0,20,16,54,0,-13,15,43,0,24,16,35,0,103,16,39,0,-104,16,58,0,-13,16,100,0,75,0,-122,0,-131,0,-52,0,-84,0,-8,0]"
CSI_DATA,5538,d8:b1:90:d9:de:f0,-43,9,-99,-37,44,104,395448894,124,0,106,0,"[128,0,111,15,-74,0,50,15,-71,0,15,15,-106,0,23,15,124,0,63,15,98,0,130,15,82,0,-42,15,96,0,69,0,-125,0,-79,0,-76,0,4,1,-18,0,25,1,-9,0,-8,0,-41,0,-77,0,0,0,0,0,66,0,44,0,-52,15,13,0,95,15,8,0,10,15,28,0,-16,14,57,0,18,15,68,0,83,15,57,0,-113,15,23,0,-48,15,-32,15,-3,15,-104,15,20,0,64,15,-1,15,-12,14,-62,15]"
CSI_DATA,5539,d8:b1:90:d9:de:f0,-41,9,-99,-37,43,104,395474527,192,0,106,0,"[-113,0,-143,17,-34,0,108,17,-23,0,75,17,-58,0,72,17,-106,0,103,17,143,0,-129,17,118,0,-36,17,127,0,81,0,-131,0,-95,0,-69,0,1,1,-13,0,25,1,11,1,-17,0,-33,0,-95,0,0,0,0,0,93,0,64,0,-41,17,55,0,129,17,84,0,49,17,131,0,34,17,-124,0,70,17,-121,0,130,17,138,0,-113,17,80,0,-76,17,1,0,-80,17,-95,17,-115,17,107,17,108,17,56,17,43,17]"
CSI_DATA,5540,d8:b1:90:d9:de:f0,-42,9,-99,-38,44,104,395474718,212,0,106,0,"[92,0,-78,0,126,0,-7,0,-113,0,9,1,-100,0,-27,0,-120,0,-80,0,96,0,-126,0,16,0,110,0,-91,15,101,0,72,15,124,0,-18,14,-93,0,-39,14,-41,0,2,15,-14,0,80,15,-39,0,0,0,0,0,-56,15,73,0,-46,15,-39,15,-67,15,116,15,-114,15,45,15,116,15,31,15,108,15,65,15,-132,15,126,15,-75,15,-93,15,2,0,-70,15,86,0,-76,15,-104,0,-119,15,-60,0,83,15,-94,0]"
CSI_DATA,5541,d8:b1:90:d9:de:f0,-41,9,-99,-37,43,104,395480443,113,0,106,0,"[-130,0,124,17,-62,0,64,17,-63,0,28,17,-101,0,27,17,-146,0,68,17,116,0,135,17,107,0,-66,17,133,0,48,0,-97,0,-137,0,-12,0,-63,0,50,1,-57,0,62,1,-107,0,3,1,121,0,0,0,0,0,101,0,35,0,-19,17,65,0,-133,17,132,0,107,17,-90,0,105,17,-40,0,145,17,-51,0,-101,17,-106,0,-71,17,116,0,-70,17,27,0,-103,17,-57,17,124,17,-130,17,34,17,139,17,-13,16]"
CSI_DATA,5542,d8:b1:90:d9:de:f0,-45,11,-99,-37,46,104,395503653,100,0,228,0,"[8,3,11,1,14,0,17,-1,19,-2,20,-2,21,-3,101,60,19,-2,17,-2,15,-2,13,-2,10,-3,8,-4,4,-4,1,-6,-1,-8,-5,-10,-8,-12,-12,-14,-13,-15,28,-48,-17,-17,-16,-18,-14,-18,-13,-17,-12,-15,-9,-13,0,0,-6,-7,-4,-4,-3,0,-2,4,-1,7,-1,12,-11,12,-1,17,-1,18,-2,19,-2,17,-2,17,-2,15,-1,13,0,10,0,8,1,5,3,3,4,0,7,-1,85,0,12,-5,14,-5,17,-6,18,-5,19,-4,17,-2,16,0,5,18,19,11,24,-4,14,-19,-2,-22,-15,-13,-17,1,13,8,3,9,7,1,4,-5,-4,-5,-8,2,-4,11,6,13,17,4,17,-10,4,-21,-11,-18,-22,-4,-17,11,-19,1,8,13,12,0,5,-7,-3,-5,-5,2,0,8,0,0,13,-4,8,-15,-5,-18,-18,-10,-22,5,-12,19,2,36,17,11,17,-3,8,-11,-1,-10,-5,-4,-2,1,1,0,1,-4,-3,-6,-8,-3,-10,4,-4,13,6,13,24,3,16,-4,8,-14,-4,-14,-10,-6,-9,2,-3,7,2,4]"
CSI_DATA,5543,d8:b1:90:d9:de:f0,-44,11,-99,-37,45,104,395866238,277,0,106,0,"[-42,0,35,0,24,0,63,0,57,0,61,0,46,0,36,0,0,0,17,0,-57,0,25,0,110,0,55,0,43,0,109,0,-13,13,-40,0,-32,13,36,0,-20,13,76,0,16,0,58,0,38,0,-11,0,0,0,0,0,17,0,38,0,-43,13,-48,13,114,13,-108,13,48,13,97,13,16,13,104,13,33,13,-105,13,83,13,-84,13,-91,13,-78,13,-36,13,-88,13,13,0,110,13,49,0,59,13,51,0,13,13,11,0]"
CSI_DATA,5544,d8:b1:90:d9:de:f0,-44,9,-99,-35,45,104,395866719,130,0,106,0,"[101,0,-71,0,-96,0,6,0,-77,0,30,0,-80,0,10,0,-102,0,-32,0,71,0,-76,0,10,0,97,0,-80,12,53,0,41,12,19,0,-36,12,14,0,-73,12,26,0,-58,12,51,0,9,12,51,0,0,0,0,0,-24,12,24,0,69,0,-21,12,-75,0,-72,12,-32,0,98,12,-23,0,75,12,-48,0,92,12,-89,0,-84,12,95,0,-26,12,71,0,29,0,56,0,95,0,58,0,-56,0,78,0,-17,0,106,0]"
CSI_DATA,5545,d8:b1:90:d9:de:f0,-44,9,-99,-36,45,104,395866845,130,0,106,0,"[-47,13,-43,0,-71,13,26,0,-52,13,63,0,-17,13,47,0,1,0,7,0,-2,13,-51,0,-33,13,-114,0,-100,13,59,0,37,13,25,0,-34,12,32,0,-66,12,65,0,-44,12,100,0,29,13,99,0,0,0,0,0,-32,13,31,0,20,0,-61,13,34,0,74,13,19,0,6,13,-4,13,-20,12,-20,13,10,13,-19,13,62,13,8,0,113,13,45,0,-78,13,101,0,-60,13,-65,0,-69,13,-32,0,-101,13,-54,0]"
CSI_DATA,5546,d8:b1:90:d9:de:f0,-44,9,-99,-39,46,104,395867016,113,0,106,0,"[61,0,50,12,103,0,-10,12,105,0,-40,12,87,0,-27,12,69,0,6,12,62,0,72,12,66,0,-71,12,96,0,27,0,-80,0,-104,0,-31,0,-40,0,5,0,-28,0,5,0,-59,0,-32,0,-108,0,0,0,0,0,34,0,-2,12,-61,12,-28,12,62,12,-39,12,-6,12,-28,12,-20,12,-14,12,7,12,-6,12,62,12,-14,12,-96,12,-33,12,-38,12,-64,12,6,0,108,12,43,0,51,12,45,0,9,12,14,0]"
CSI_DATA,5547,d8:b1:90:d9:de:f0,-44,9,-99,-37,45,104,395867143,124,0,106,0,"[-109,13,73,13,110,13,0,13,97,13,-29,12,104,13,-10,12,-108,13,21,13,-66,13,72,13,-1,13,114,13,84,0,-87,13,-49,0,-63,13,28,0,-55,13,65,0,-57,13,51,0,-73,13,-21,0,-70,13,0,0,0,0,37,0,-19,13,-46,13,44,0,-113,13,113,0,78,13,-66,0,71,13,-42,0,91,13,-59,0,-117,13,-112,0,-100,13,62,0,-90,13,3,0,-107,13,-66,13,100,13,113,13,67,13,87,13,51,13]"
CSI_DATA,5548,d8:b1:90:d9:de:f0,-43,9,-99,-36,45,104,396075591,130,0,106,0,"[43,0,-19,0,41,0,48,0,60,0,65,0,72,0,32,0,67,0,-24,0,40,0,-92,0,4,0,53,0,-66,13,-24,13,72,13,-94,13,-7,12,95,13,-52,12,101,13,-47,12,-102,13,13,13,-71,13,0,0,0,0,-44,13,-42,13,50,0,-76,13,-98,0,107,13,-53,0,67,13,-44,0,51,13,-73,0,70,13,110,0,113,13,73,0,-58,13,41,0,3,0,27,0,77,0,33,0,-75,0,51,0,-21,0,87,0]"
CSI_DATA,5549,d8:b1:90:d9:de:f0,-40,11,-99,-36,41,104,396284036,277,0,106,0,"[-122,0,103,0,-16,0,139,0,26,1,127,0,-2,0,87,0,-83,0,62,0,175,0,67,0,52,0,107,0,-77,21,-176,0,170,21,-69,0,111,21,38,1,114,21,93,1,173,21,79,1,-115,21,-15,0,0,0,0,0,-45,21,70,0,-69,21,-94,21,-134,21,134,21,170,21,53,21,138,21,48,21,158,21,96,21,-135,21,163,21,-49,21,-135,21,49,0,-100,21,168,0,-91,21,-77,0,-117,21,-7,0,-173,21,-21,0]"
CSI_DATA,5550,d8:b1:90:d9:de:f0,-40,9,-99,-39,42,104,396284526,101,0,106,0,"[98,20,-30,20,-16,19,-42,20,-49,19,-34,20,-8,19,-21,20,75,20,-20,20,-164,20,-45,20,-32,20,-86,20,116,0,-149,20,-91,0,120,20,4,1,42,20,42,1,6,20,-6,0,12,20,-96,0,89,20,0,0,0,0,46,0,-48,20,-35,20,107,0,-93,20,-107,0,-122,20,-9,0,-127,20,16,1,-109,20,-41,0,-93,20,-148,0,-79,20,98,0,-86,20,-23,20,-111,20,-146,20,-155,20,91,20,144,20,12,20,101,20]"
CSI_DATA,5551,d8:b1:90:d9:de:f0,-40,9,-99,-35,41,104,396284648,98,0,106,0,"[164,0,156,20,-130,0,63,20,-142,0,6,20,157,0,20,20,107,0,93,20,91,0,-164,20,112,0,-38,20,-174,0,94,0,-63,0,-144,0,52,1,-91,0,102,1,-112,0,93,1,168,0,2,1,98,0,0,0,0,0,71,0,30,0,-75,20,85,0,156,20,174,0,98,20,-93,0,101,20,-59,0,155,20,-87,0,-146,20,-161,0,-109,20,96,0,-109,20,-10,20,-152,20,-119,20,126,20,150,20,34,20,116,20,-9,19]"
CSI_DATA,5552,d8:b1:90:d9:de:f0,-39,9,-99,-35,40,104,396284753,124,0,106,0,"[-110,23,-130,0,-143,23,-12,0,-106,23,36,1,-49,23,0,1,-20,23,-84,0,-38,23,-195,0,-101,23,78,0,180,23,-30,23,27,23,-113,23,-103,21,-115,23,-167,21,-70,23,-133,21,-3,23,-1,21,38,0,0,0,0,0,-86,23,1,0,49,0,-123,23,120,0,133,23,143,0,30,23,121,0,-10,21,84,0,40,23,56,0,137,23,72,0,-138,23,107,0,-36,23,-190,0,49,0,-73,0,101,0,20,1,92,0,52,1]"
CSI_DATA,5553,d8:b1:90:d9:de:f0,-40,9,-99,-35,41,104,396284884,113,0,106,0,"[-86,20,105,20,-112,20,-2,19,-131,20,-28,19,-123,20,6,20,-83,20,89,20,-24,20,166,20,75,0,-91,20,-149,0,1,0,-8,0,91,0,101,1,137,0,139,1,145,0,111,1,113,0,8,1,85,0,0,0,0,0,65,0,45,0,-98,20,65,0,112,20,97,0,19,20,135,0,-1,19,145,0,42,20,119,0,120,20,63,0,-145,20,-5,20,-67,20,-89,20,0,0,163,20,53,0,52,20,59,0,-35,19,23,0]"
CSI_DATA,5554,d8:b1:90:d9:de:f0,-40,9,-99,-37,42,104,396493433,108,0,106,0,"[-139,19,-143,19,151,19,84,19,119,19,40,19,126,19,54,19,159,19,94,19,-103,19,145,19,0,0,-129,19,136,0,-84,19,-32,0,-55,19,99,1,-45,19,-151,1,-55,19,-156,1,-89,19,93,1,-95,19,0,0,0,0,-161,0,-40,19,38,0,46,0,-68,19,142,0,-138,19,-94,0,163,19,-45,0,-147,19,-67,0,-117,19,-133,0,-86,19,106,0,-72,19,5,0,-89,19,-117,19,-133,19,97,19,134,19,12,19,68,19]"
CSI_DATA,5555,d8:b1:90:d9:de:f0,-38,11,-99,-35,40,104,396503723,100,0,114,0,"[-16,-35,-18,-40,-16,-44,-13,-46,-13,-46,-13,-46,-12,-44,-10,-43,-12,-41,-12,-40,-10,-38,-12,-38,-15,-38,-15,-38,-16,-40,-18,-41,-18,-41,-20,-44,-21,-44,-24,-43,-24,-46,-24,-46,-24,-44,-26,-43,-24,-41,-26,-41,-24,-40,-26,-38,0,0,-27,-38,-26,-38,-27,-38,-30,-36,-29,-38,-30,-38,-32,-38,-30,-36,-30,-35,-30,-32,-32,-30,-29,-27,-29,-26,-27,-24,-27,-21,-29,-20,-27,-20,-29,-20,-29,-20,-30,-18,-32,-20,-32,-20,-33,-20,-35,-20,-33,-20,-32,-20,-29,-21,-27,-20]"
CSI_DATA,5556,d8:b1:90:d9:de:f0,-40,11,-99,-35,42,104,396701833,277,0,106,0,"[9,0,24,18,-2,18,-33,17,-36,18,-44,17,-74,18,-22,17,-102,18,20,18,-88,18,66,18,-53,18,103,18,11,0,101,18,73,0,69,18,122,0,24,18,128,0,-12,17,103,0,-7,17,77,0,42,18,0,0,0,0,90,0,129,18,-150,0,-151,18,-73,0,-155,18,-22,0,128,18,-22,0,100,18,-58,0,94,18,-103,0,114,18,-134,0,145,18,-146,0,-132,18,-141,0,-103,18,-116,0,-81,18,-84,0,-83,18,-86,0]"
CSI_DATA,5557,d8:b1:90:d9:de:f0,-41,9,-99,-36,43,104,396702314,130,0,106,0,"[-31,0,88,0,23,1,79,0,48,1,31,0,28,1,-10,16,-11,0,-42,16,-58,0,-51,16,-93,0,-31,16,-100,0,21,0,-78,0,83,0,-42,0,121,0,-4,0,114,0,-2,0,95,0,-42,0,66,0,0,0,0,0,-129,0,78,0,-140,0,140,0,-124,0,-83,0,-89,0,-47,0,-50,0,-53,0,-44,0,-87,0,-63,0,-142,0,-98,0,115,0,-133,0,111,0,136,0,121,0,129,0,-136,0,141,0,-121,0,-131,0]"
CSI_DATA,5558,d8:b1:90:d9:de:f0,-41,9,-99,-35,42,104,396702440,130,0,106,0,"[-15,0,-14,18,36,1,-44,18,48,1,-101,18,9,1,-141,18,-48,0,155,18,-105,0,-154,18,-129,0,-113,18,-114,0,-63,18,-64,0,-15,18,-13,0,2,0,18,1,-12,18,18,1,-47,18,-33,0,-56,18,0,0,0,0,-117,0,1,0,-97,0,66,0,-48,0,114,0,-1,0,129,0,36,1,101,0,22,1,61,0,-23,0,26,0,-69,0,14,0,-105,0,19,0,-117,0,44,0,-110,0,73,0,-83,0,75,0,-79,0]"
CSI_DATA,5559,d8:b1:90:d9:de:f0,-39,9,-99,-36,41,104,396911186,128,0,106,0,"[57,21,120,0,1,21,-176,0,25,21,-125,0,94,21,-121,0,159,21,-169,0,-172,21,115,0,173,21,21,0,110,21,-76,21,-7,19,-139,21,-101,19,-120,21,-134,19,-63,21,-88,19,4,0,32,21,24,0,0,0,0,0,-108,21,-59,21,-64,21,176,21,-79,21,69,21,-124,21,5,21,-156,21,9,21,-156,21,77,21,-103,21,146,21,-39,21,-173,21,28,0,-172,21,94,0,151,21,139,0,86,21,124,0,14,21,53,0]"
CSI_DATA,5560,d8:b1:90:d9:de:f0,-39,9,-99,-34,40,104,396940129,148,0,106,0,"[136,0,83,22,146,0,5,22,110,0,-22,20,59,0,19,22,43,0,85,22,70,0,152,22,136,0,-181,22,-140,0,-164,22,-34,0,-190,22,31,1,134,22,13,1,71,22,-53,0,62,22,-145,0,128,22,0,0,0,0,146,0,-59,22,-170,0,53,0,-83,0,112,0,-8,0,124,0,4,1,95,0,-38,0,70,0,-115,0,53,0,-190,0,73,0,149,0,122,0,146,0,-191,0,178,0,-125,0,-163,0,-101,0,-116,0]"
CSI_DATA,5561,d8:b1:90:d9:de:f0,-39,11,-99,-36,41,104,397328529,277,0,106,0,"[-64,0,-105,0,1,1,-107,0,-5,0,-153,0,-84,0,166,0,168,0,139,0,55,0,132,0,-69,21,162,0,170,21,-145,0,81,21,-86,0,55,21,-56,0,93,21,-72,0,-177,21,-137,0,-77,21,111,0,0,0,0,0,57,0,-165,21,77,0,46,21,70,0,-53,19,53,0,-88,19,42,0,-33,19,49,0,73,21,83,0,-161,21,132,0,-56,21,-168,0,32,0,-90,0,90,0,-19,0,118,0,5,1,87,0,-38,0]"
CSI_DATA,5562,d8:b1:90:d9:de:f0,-39,9,-99,-34,40,104,397328992,98,0,106,0,"[-128,22,2,22,-191,22,-32,20,169,22,7,22,-164,22,89,22,-91,22,163,22,13,0,-160,22,139,0,-136,22,-112,0,-134,22,-5,0,-151,22,37,1,-176,22,-4,0,-185,22,-109,0,-154,22,131,0,-73,22,0,0,0,0,-76,22,151,0,-128,22,-74,0,-140,22,32,1,-122,22,76,1,-101,22,25,1,-89,22,-88,0,-110,22,163,0,-148,22,50,0,175,22,-41,22,97,22,-101,22,26,22,-125,22,-7,20,-101,22,38,22]"
CSI_DATA,5563,d8:b1:90:d9:de:f0,-40,9,-99,-35,41,104,397329124,124,0,106,0,"[108,0,6,1,172,0,37,1,-157,0,-2,0,159,0,-78,0,83,0,-150,0,-15,20,146,0,-129,20,123,0,101,20,123,0,5,20,148,0,-32,19,-166,0,16,20,-166,0,122,20,155,0,-109,20,80,0,0,0,0,0,63,0,-153,20,101,0,65,20,98,0,-50,19,74,0,-82,19,53,0,-28,19,50,0,75,20,79,0,-157,20,130,0,-60,20,-152,0,19,0,-75,0,60,0,-8,0,68,0,17,1,37,0,-37,0]"
CSI_DATA,5564,d8:b1:90:d9:de:f0,-39,9,-99,-35,40,104,397347077,130,0,106,0,"[55,23,-124,0,60,23,-33,0,133,23,-24,0,-192,23,-93,0,-141,23,-197,0,-140,23,78,0,-183,23,-41,23,124,23,-143,23,32,23,184,23,-27,21,184,23,-23,21,-152,23,70,23,-83,23,-183,23,-46,23,0,0,0,0,130,0,-101,23,-158,0,190,23,-101,0,95,23,-112,0,36,23,-164,0,56,23,170,0,152,23,138,0,-124,23,146,0,-7,23,187,0,86,0,-130,0,147,0,-55,0,166,0,-15,0,127,0,-47,0]"
CSI_DATA,5565,d8:b1:90:d9:de:f0,-39,9,-99,-36,41,104,397347599,113,0,106,0,"[151,21,19,21,87,21,0,21,88,21,49,21,148,21,113,21,-115,21,175,21,-4,21,-144,21,121,0,-121,21,-111,0,-121,21,-5,0,-139,21,46,1,-161,21,14,1,-159,21,-87,0,-125,21,148,0,-55,21,0,0,0,0,-69,21,132,0,-139,21,-103,0,-162,21,-7,0,-163,21,24,1,-146,21,-19,0,-128,21,-127,0,-120,21,114,0,-129,21,1,0,-163,21,-97,21,149,21,-176,21,97,21,138,21,59,21,142,21,86,21]"
CSI_DATA,5566,d8:b1:90:d9:de:f0,-40,9,-99,-37,42,104,397377719,130,0,106,0,"[54,0,-19,18,53,0,-82,18,37,0,-64,18,40,0,19,19,57,0,116,19,89,0,-108,19,149,0,-3,19,-107,0,111,0,-33,0,-129,0,9,1,-93,0,-7,0,-106,0,-64,0,161,0,151,0,82,0,0,0,0,0,-108,19,-22,19,84,19,-42,19,-10,18,-42,19,-50,18,-31,19,-3,18,-25,19,90,19,-32,19,-119,19,-68,19,-16,19,-114,19,66,0,-159,19,132,0,106,19,-159,0,46,19,146,0,16,19,91,0]"
CSI_DATA,5567,d8:b1:90:d9:de:f0,-48,11,-99,-38,50,104,397504054,100,0,228,0,"[-1,5,-2,8,-2,11,-2,13,-2,14,-2,15,-1,15,65,39,0,12,1,10,1,8,1,6,2,3,2,1,2,-1,1,-4,1,-7,0,-10,0,-12,-1,-14,-2,-16,18,-31,-3,-16,-3,-15,-2,-14,-2,-13,-1,-10,0,-8,0,0,3,-4,4,-2,6,-1,8,0,10,2,11,3,-13,0,12,4,12,4,11,4,10,3,8,2,6,1,4,1,2,0,1,0,-1,0,-3,-1,-4,-1,-6,-1,61,7,-9,-2,-10,-2,-11,-3,-10,-3,-9,-4,-7,-4,-5,-4,-11,-8,-15,2,-10,12,1,14,10,8,10,-1,5,-6,-1,9,-1,-1,1,-1,1,-3,-2,-5,-7,-3,-9,4,-3,11,6,11,14,3,12,-8,2,-14,-8,-10,-11,0,-9,-9,1,6,3,1,0,-2,-3,0,-2,5,4,6,0,0,9,-7,1,-13,-9,-10,-14,-1,-11,9,-1,14,20,14,11,2,9,-4,3,-7,0,-6,-3,-5,-5,-3,-7,0,-6,4,-1,8,4,7,9,2,8,-4,2,-9,-12,-9,-7,-2,-5,3,-1,4,1,2,0,0,-1,0,-2,2]"
CSI_DATA,5568,d8:b1:90:d9:de:f0,-49,11,-99,-37,51,104,397746327,277,0,106,0,"[12,0,-44,6,-41,0,-56,6,0,0,-47,6,13,0,-29,6,3,0,-12,6,-17,0,-6,6,-49,0,-16,6,31,0,-45,6,7,0,21,6,-10,6,-34,6,-7,6,47,6,8,0,39,6,14,0,-56,6,0,0,0,0,22,0,-5,6,20,0,-54,6,0,6,-6,6,-31,6,40,0,53,6,-49,0,34,6,-45,0,32,6,-50,0,37,6,-56,0,52,6,55,0,-49,6,-58,0,-27,6,-53,0,2,0,-42,0,27,0]"
CSI_DATA,5569,d8:b1:90:d9:de:f0,-49,9,-99,-34,50,104,397746826,130,0,106,0,"[-26,7,-26,7,-15,7,29,7,8,0,-3,6,32,0,-8,6,47,0,8,7,44,0,29,7,22,0,47,7,-18,7,47,7,58,7,28,7,23,7,-8,6,16,7,-45,6,30,7,59,6,-60,7,-49,6,0,0,0,0,-17,7,0,6,-1,7,-56,7,-10,7,-8,7,-39,7,39,0,50,7,-55,0,29,7,-52,0,23,7,56,0,28,7,47,0,42,7,39,0,51,7,43,0,-56,7,57,0,-40,7,-46,0,-26,7]"
CSI_DATA,5570,d8:b1:90:d9:de:f0,-49,9,-99,-37,51,104,397746952,224,0,106,0,"[-6,6,-45,6,45,0,36,6,-35,0,21,6,-18,0,27,6,-22,0,41,6,-39,0,57,6,44,0,-54,6,-1,6,-57,6,-53,6,41,6,14,6,12,6,-12,6,-15,6,-18,6,-28,6,2,6,-21,6,0,0,0,0,50,6,19,6,-32,6,-53,6,-5,6,-5,6,12,0,48,0,21,0,-28,0,19,0,-9,0,15,0,-10,0,15,0,-21,0,19,0,-35,0,33,0,-49,0,50,0,48,0,-47,0,24,0,-36,0]"
CSI_DATA,5571,d8:b1:90:d9:de:f0,-50,9,-99,-38,52,104,397747141,148,0,106,0,"[37,0,16,0,44,0,-35,0,41,0,0,0,33,0,10,0,22,0,0,0,18,0,-18,0,27,0,-48,0,52,0,21,0,-21,0,-17,6,24,0,-46,6,-53,0,44,6,-42,0,47,6,53,0,-48,6,0,0,0,0,-2,0,-24,6,-51,0,-10,6,3,0,-5,6,-45,6,-4,6,24,6,-9,6,7,6,-14,6,8,6,-15,6,18,6,-11,6,29,6,-3,6,39,6,12,0,51,6,33,0,-40,6,-51,0,-19,6]"
CSI_DATA,5572,d8:b1:90:d9:de:f0,-46,9,-99,-37,47,104,397955688,113,0,106,0,"[-18,0,85,10,-70,0,-42,10,72,0,40,0,42,0,-77,0,24,0,-24,0,19,0,0,0,29,0,18,0,49,0,10,0,85,0,-37,0,-56,0,75,0,-6,0,-9,10,29,0,92,10,43,0,48,10,0,0,0,0,37,0,5,10,26,0,27,10,-6,0,75,10,-50,0,-36,10,80,0,40,0,31,0,-80,0,-8,10,-45,0,-27,10,-29,0,-32,10,-23,0,-23,10,-19,0,7,0,-32,0,56,0,-72,0,-77,0]"
CSI_DATA,5573,d8:b1:90:d9:de:f0,-44,11,-99,-36,45,104,398164124,277,0,106,0,"[72,0,24,0,-73,0,40,0,-38,0,56,0,-55,0,65,0,-111,0,64,0,56,0,41,0,-20,13,-8,13,-103,13,-76,13,59,13,49,13,23,13,-47,12,19,13,-96,12,54,13,-97,12,97,13,-49,12,0,0,0,0,-100,13,-111,13,-100,13,-28,13,105,13,55,0,92,13,102,0,87,13,112,0,105,13,84,0,-82,13,40,0,-26,13,-5,13,42,0,-44,13,-107,0,-76,13,-24,0,-96,13,32,0,-108,13,40,0]"
CSI_DATA,5574,d8:b1:90:d9:de:f0,-44,9,-99,-39,46,104,398164569,124,0,106,0,"[82,0,-19,12,-69,0,-64,12,-38,0,-88,12,-50,0,-77,12,-94,0,-51,12,68,0,-27,12,-19,12,-5,12,95,12,6,0,-25,12,1,0,109,12,-16,12,72,12,-34,12,83,12,-41,12,-83,12,-38,12,0,0,0,0,72,12,36,0,-75,12,85,0,-11,12,-83,0,30,0,-46,0,43,0,-42,0,32,0,-71,0,15,0,89,0,-3,12,23,0,-10,12,-51,12,-13,12,88,12,-8,12,6,12,-14,12,-51,12,-27,12]"
CSI_DATA,5575,d8:b1:90:d9:de:f0,-43,9,-99,-38,45,104,398164682,98,0,106,0,"[45,0,-87,14,55,0,61,14,57,0,27,14,51,0,45,14,40,0,96,14,20,0,-75,14,-25,14,12,0,-84,14,109,0,76,14,-39,0,3,14,27,0,-33,13,54,0,-26,13,41,0,16,14,-7,0,0,0,0,0,-54,14,-87,0,28,0,119,0,118,0,99,0,-67,0,74,0,-54,0,67,0,-87,0,54,0,93,0,35,0,18,0,9,0,-55,14,-25,14,107,14,-70,14,33,14,-120,14,-16,13,95,14,-37,13]"
CSI_DATA,5576,d8:b1:90:d9:de:f0,-43,9,-99,-37,45,104,398164796,130,0,106,0,"[-74,13,-45,13,77,13,-89,13,40,13,-113,13,60,13,-110,13,109,13,-98,13,-60,13,-60,13,12,0,1,0,90,0,89,0,-76,0,-37,0,-29,0,46,0,-20,0,94,0,-34,0,92,0,-70,0,42,0,0,0,0,0,113,0,99,0,98,0,0,0,99,0,-93,13,99,0,80,13,97,0,59,13,89,0,90,13,65,0,-81,13,30,0,-13,13,-16,13,48,0,-74,13,116,0,94,13,-53,0,58,13,-6,0,62,13]"
CSI_DATA,5577,d8:b1:90:d9:de:f0,-43,9,-99,-39,45,104,398164967,148,0,106,0,"[69,0,66,0,-105,0,111,0,-78,0,-108,0,-102,0,-109,0,98,0,116,0,45,0,62,0,8,0,-21,14,-6,14,107,14,13,0,-21,13,63,0,-113,13,107,0,102,13,-101,0,-124,13,-95,0,-46,13,0,0,0,0,31,0,88,14,-36,14,-114,14,-118,14,-101,14,77,14,-97,14,74,14,-103,14,116,14,-95,14,-70,14,-65,14,-12,14,-16,14,34,0,49,0,70,0,-116,0,86,0,-25,0,82,0,38,0,77,0]"
CSI_DATA,5578,d8:b1:90:d9:de:f0,-42,9,-99,-36,43,104,398373522,101,0,106,0,"[48,16,116,0,-12,15,-125,0,-10,15,-106,0,32,16,-142,0,87,16,94,0,-123,16,33,0,-49,16,-50,16,33,0,141,16,105,0,51,16,-140,0,-5,15,-132,0,-14,15,113,0,26,16,50,0,112,16,0,0,0,0,-89,16,43,0,138,16,-120,0,95,16,-25,0,75,16,30,1,86,16,16,1,115,16,-48,0,-129,16,140,0,-89,16,43,0,-50,16,-51,16,-28,16,138,16,-16,16,51,16,-28,16,4,16,-48,16]"
CSI_DATA,5579,d8:b1:90:d9:de:f0,-40,11,-99,-37,42,104,398503969,100,0,114,0,"[3,37,2,40,1,42,-1,44,-2,45,-2,44,-3,42,-2,40,-1,37,-1,37,-1,36,0,36,0,36,1,37,1,38,2,38,3,40,3,42,5,44,6,42,6,44,7,44,9,44,9,42,10,40,10,40,10,38,10,37,0,0,11,36,11,36,12,36,14,37,14,37,14,37,16,37,16,37,16,34,18,33,18,32,16,29,18,27,18,25,16,24,18,23,18,22,18,22,19,22,20,22,22,23,22,24,24,25,24,25,23,25,22,25,19,25,16,24]"
CSI_DATA,5580,d8:b1:90:d9:de:f0,-42,11,-99,-37,44,104,398790820,277,0,106,0,"[-49,0,-12,15,20,1,20,0,66,1,17,0,55,1,7,0,12,1,-1,15,-48,0,0,0,-126,0,32,0,53,0,101,0,-29,15,-71,0,-85,15,20,1,-102,15,82,1,-81,15,93,1,-55,15,48,1,0,0,0,0,-33,15,-125,0,-83,15,36,0,112,15,-52,15,46,15,-113,15,9,15,-130,15,16,15,-115,15,62,15,-92,15,128,15,-75,15,-56,15,-71,15,24,0,-96,15,101,0,118,15,-119,0,56,15,-130,0]"
CSI_DATA,5581,d8:b1:90:d9:de:f0,-43,9,-99,-36,44,104,398791301,252,0,106,0,"[-96,15,-88,0,109,15,-20,0,107,15,24,1,-108,15,29,1,-69,15,-5,0,-55,15,-66,0,-48,15,107,0,-81,15,5,0,103,15,-92,15,20,15,103,15,-54,14,102,15,-77,14,-123,15,-37,14,-79,15,0,0,0,0,-112,15,-26,15,-12,15,-63,15,73,0,-128,15,118,0,52,15,123,0,5,15,96,0,12,15,63,0,60,15,47,0,-126,15,48,0,-53,15,81,0,25,0,-112,0,90,0,-36,0,116,0,9,1]"
CSI_DATA,5582,d8:b1:90:d9:de:f0,-42,9,-99,-37,44,104,398791467,113,0,106,0,"[118,15,-111,0,47,15,-74,0,28,15,-38,0,54,15,-26,0,92,15,-43,0,127,15,-94,0,-107,15,95,0,-110,15,-11,15,118,15,-120,15,59,15,54,15,3,15,11,15,-23,14,30,15,11,15,85,15,0,0,0,0,-123,15,-74,15,-10,15,-86,15,90,0,128,15,-102,0,78,15,-83,0,39,15,-102,0,46,15,116,0,83,15,85,0,-124,15,74,0,-52,15,92,0,26,0,-121,0,98,0,-55,0,-120,0,-5,0]"
CSI_DATA,5583,d8:b1:90:d9:de:f0,-43,9,-99,-38,45,104,398791594,124,0,106,0,"[-1,14,-44,0,-21,14,25,0,-1,14,62,0,16,0,48,0,31,0,9,0,32,0,-50,0,-1,14,-115,0,-74,14,62,0,67,14,19,0,-26,13,2,0,-88,13,22,0,-93,13,61,0,-39,13,79,0,0,0,0,0,118,14,33,0,-67,14,-47,14,-30,14,98,14,-31,14,19,14,-55,14,-16,13,-70,14,4,14,-66,14,55,14,-42,14,110,14,6,0,-80,14,73,0,-48,14,-84,0,-45,14,-21,0,-81,14,-11,0]"
CSI_DATA,5584,d8:b1:90:d9:de:f0,-43,9,-99,-36,45,104,398791707,148,0,106,0,"[-100,0,-93,0,-61,0,-34,0,-28,0,-22,0,-19,0,-53,0,-32,0,-92,0,-80,0,105,0,84,0,86,0,-3,13,93,0,-98,13,-97,0,62,13,-37,0,40,13,20,0,63,13,49,0,108,13,22,0,0,0,0,0,-49,13,110,0,-73,13,18,0,106,13,-58,13,43,13,-105,13,6,13,-113,13,10,13,-90,13,50,13,-61,13,108,13,-45,13,-56,13,-52,13,3,0,-83,13,50,0,82,13,69,0,18,13,31,0]"
CSI_DATA,5585,d8:b1:90:d9:de:f0,-43,9,-99,-39,45,104,398791837,98,0,106,0,"[44,0,56,14,74,0,-7,13,58,0,-47,13,30,0,-39,13,3,0,-4,13,-2,14,53,14,18,0,-124,14,80,0,-55,14,-68,0,0,0,21,0,22,0,84,0,0,14,88,0,-37,14,40,0,-63,14,0,0,0,0,-124,0,-32,14,66,0,49,0,31,0,-106,0,34,0,-26,0,60,0,10,0,74,0,-7,0,75,0,-64,0,49,0,-118,0,-1,14,79,0,-69,14,56,0,95,14,62,0,37,14,101,0,34,14]"
CSI_DATA,5586,d8:b1:90:d9:de:f0,-42,9,-99,-37,44,104,398859326,130,0,106,0,"[-49,0,14,0,31,1,39,0,71,1,30,0,57,1,18,0,8,1,10,0,-57,0,8,0,125,0,41,0,33,0,97,0,-60,15,-81,0,-125,15,6,1,122,15,63,1,-118,15,76,1,-79,15,23,1,0,0,0,0,-21,15,99,0,-42,15,-21,15,-95,15,-131,15,107,15,52,15,63,15,34,15,62,15,57,15,95,15,110,15,-108,15,-106,15,-34,15,-69,15,55,0,-63,15,-113,0,-78,15,-49,0,-123,15,-42,0]"
CSI_DATA,5587,d8:b1:90:d9:de:f0,-43,9,-99,-37,44,104,398861432,124,0,106,0,"[18,0,-60,0,-12,15,28,1,-20,15,68,1,-21,15,53,1,-26,15,3,1,-30,15,-71,0,-51,15,94,0,-78,15,-19,15,-112,15,117,15,119,15,7,15,92,15,-50,14,87,15,-46,14,115,15,11,15,0,0,0,0,-52,15,-72,15,38,0,18,0,-131,0,107,0,-53,0,-97,0,-18,0,-80,0,-31,0,-93,0,-85,0,-129,0,110,0,90,0,25,0,53,0,-65,15,26,0,97,15,7,0,15,15,15,0,-14,14]"
CSI_DATA,5588,d8:b1:90:d9:de:f0,-43,11,-99,-38,45,104,399208618,277,0,106,0,"[-51,0,-53,14,40,0,-50,14,73,0,-55,14,57,0,-51,14,9,0,-38,14,-58,0,-16,14,95,0,6,0,-16,14,47,0,112,14,91,0,13,14,-111,0,-29,13,-84,0,-21,13,-83,0,25,14,-109,0,0,0,0,0,-48,14,42,0,40,0,-34,14,-111,0,-108,14,-54,0,70,14,-42,0,46,14,-56,0,59,14,-97,0,101,14,93,0,-84,14,39,0,-12,14,-10,14,61,0,-54,14,-95,0,-68,14,-24,0,-50,14]"
CSI_DATA,5589,d8:b1:90:d9:de:f0,-43,9,-99,-37,44,104,399209063,130,0,106,0,"[-118,0,106,15,-42,0,48,15,-19,0,16,15,-40,0,27,15,-81,0,65,15,-125,0,126,15,81,0,-54,15,16,0,49,0,-41,15,-95,0,-79,15,6,1,-90,15,67,1,-72,15,62,1,-45,15,5,1,0,0,0,0,2,0,64,0,5,0,-60,15,-9,15,79,15,-33,15,-10,14,-54,15,-38,14,-58,15,-9,14,-47,15,58,15,-27,15,-120,15,5,0,-36,15,49,0,46,0,114,0,125,0,-85,0,-92,0,-43,0]"
CSI_DATA,5590,d8:b1:90:d9:de:f0,-43,11,-99,-35,44,104,399417517,277,0,106,0,"[-47,14,-33,0,-68,14,32,0,-54,14,52,0,-27,14,25,0,-11,14,-35,0,-22,14,-106,0,-49,14,57,0,-108,14,-32,14,52,14,-109,14,-31,13,102,14,-84,13,109,14,-87,13,-96,14,-27,13,-58,14,0,0,0,0,-83,14,-11,14,21,0,-48,14,106,0,-104,14,-93,0,85,14,-85,0,52,14,-113,0,63,14,96,0,111,14,71,0,-68,14,68,0,3,0,90,0,82,0,-104,0,-94,0,-45,0,-66,0,-1,0]"
CSI_DATA,5591,d8:b1:90:d9:de:f0,-43,9,-99,-36,44,104,399417988,108,0,106,0,"[68,0,-35,0,81,0,22,1,100,0,28,1,108,0,-6,0,90,0,-57,0,49,0,-110,0,-15,15,90,0,-117,15,57,0,31,15,49,0,-55,14,68,0,-86,14,109,0,-59,14,-120,0,9,15,-122,0,0,0,0,0,-87,15,47,0,-40,15,-46,15,-18,15,110,15,-25,15,37,15,-47,15,10,15,-52,15,37,15,-41,15,90,15,-8,15,-111,15,49,0,-67,15,121,0,-46,15,-53,0,-52,15,0,1,-96,15,-15,0]"
CSI_DATA,5592,d8:b1:90:d9:de:f0,-42,9,-99,-35,43,104,399436662,214,0,106,0,"[106,16,-94,0,45,16,-42,0,41,16,-11,0,82,16,-23,0,127,16,-69,0,-112,16,-134,0,-87,16,41,0,-95,16,-76,16,-131,16,77,16,93,16,-10,15,33,16,-34,15,11,16,-2,15,52,16,70,16,0,0,0,0,-65,16,-67,16,53,0,-47,16,-113,0,-59,16,-40,0,-93,16,-20,0,-118,16,-56,0,-114,16,-117,0,-83,16,103,0,-22,16,62,0,46,0,47,0,131,0,58,0,-52,0,109,0,-1,0,-115,0]"
CSI_DATA,5593,d8:b1:90:d9:de:f0,-42,9,-99,-36,44,104,399440007,214,0,106,0,"[2,0,-32,0,-13,15,42,1,-6,15,66,1,12,0,42,1,12,0,-24,0,-4,15,-91,0,-42,15,76,0,-111,15,-14,15,52,15,-95,15,-36,14,122,15,-74,14,122,15,-76,14,-103,15,-18,14,-66,15,0,0,0,0,-80,15,-32,15,29,0,-60,15,122,0,-105,15,-79,0,103,15,-70,0,76,15,-96,0,92,15,121,0,-110,15,88,0,-45,15,72,0,27,0,75,0,111,0,97,0,-65,0,-108,0,-19,0,-74,0]"
CSI_DATA,5594,d8:b1:90:d9:de:f0,-43,9,-99,-38,45,104,399440170,214,0,106,0,"[36,14,-47,14,-27,13,-74,14,-50,13,-67,14,-31,13,-45,14,26,14,-28,14,90,14,-29,14,-67,14,-52,14,31,0,-101,14,113,0,69,14,-74,0,-6,13,-67,0,-51,13,-101,0,-49,13,100,0,3,14,0,0,0,0,38,0,-68,14,53,0,28,0,91,0,-114,0,-109,0,-60,0,-91,0,-52,0,-105,0,-81,0,93,0,119,0,40,0,84,0,-32,14,62,0,-105,14,64,0,65,14,84,0,16,14,-109,0,35,14]"
CSI_DATA,5595,d8:b1:90:d9:de:f0,-43,9,-99,-36,44,104,399440441,214,0,106,0,"[-38,0,58,0,33,1,84,0,61,1,74,0,34,1,43,0,-22,0,24,0,-96,0,28,0,72,0,54,0,-24,15,112,0,-110,15,-65,0,106,15,20,1,110,15,72,1,-108,15,73,1,-66,15,17,1,0,0,0,0,-30,15,77,0,-65,15,-25,15,-119,15,-111,15,80,15,99,15,51,15,96,15,72,15,123,15,123,15,-100,15,-60,15,-77,15,12,0,-74,15,88,0,-97,15,-99,0,108,15,-74,0,51,15,-108,0]"
CSI_DATA,5596,d8:b1:90:d9:de:f0,-43,9,-99,-34,44,104,399440730,214,0,106,0,"[-4,14,-29,0,-12,14,39,0,10,0,59,0,34,0,33,0,36,0,-25,0,19,0,-85,0,-25,14,82,0,-106,14,12,0,37,14,-33,14,-57,13,-41,14,-102,13,-20,14,-84,13,17,0,-16,13,41,0,0,0,0,0,-80,14,6,0,-4,14,-64,14,46,0,90,14,58,0,21,14,48,0,0,14,28,0,30,14,21,0,87,14,28,0,-88,14,65,0,-26,14,-117,0,24,0,-47,0,49,0,19,0,33,0,26,0]"
CSI_DATA,5597,d8:b1:90:d9:de:f0,-43,9,-99,-36,44,104,399440884,214,0,106,0,"[85,0,-49,0,112,0,19,1,-113,0,34,1,-105,0,-6,0,-120,0,-64,0,91,0,-125,0,15,0,86,0,-95,15,61,0,45,15,68,0,-40,14,105,0,-72,14,-104,0,-36,14,-67,0,37,15,-80,0,0,0,0,0,-68,15,47,0,-43,15,-58,15,-40,15,98,15,-67,15,28,15,-95,15,13,15,-100,15,49,15,-71,15,108,15,-25,15,-94,15,42,0,-60,15,121,0,-54,15,-57,0,-77,15,-13,0,-126,15,-38,0]"
CSI_DATA,5598,d8:b1:90:d9:de:f0,-43,9,-99,-34,44,104,399441074,214,0,106,0,"[32,14,-33,14,-35,13,-39,14,-57,13,-18,14,-32,13,9,0,22,14,28,0,90,14,16,0,-78,14,-30,14,-13,14,-108,14,29,0,35,14,37,0,-55,13,6,0,-102,13,-36,14,-84,13,-59,14,-16,13,0,0,0,0,-16,14,-79,14,62,0,-13,14,-87,0,22,0,-15,0,24,0,4,0,1,0,-25,0,-14,14,-84,0,-14,14,93,0,8,0,41,0,55,0,12,0,-118,0,14,0,-39,0,41,0,12,0,97,0]"
CSI_DATA,5599,d8:b1:90:d9:de:f0,-45,11,-99,-36,46,104,399503629,100,0,228,0,"[0,-10,-2,-11,-4,-14,-6,-16,-7,-17,-7,-19,-7,-19,98,58,-4,-18,-3,-17,-3,-15,-3,-12,-3,-11,-3,-8,-4,-5,-5,-2,-7,0,-9,3,-12,6,-15,8,-18,10,27,-46,-20,11,-20,10,-20,7,-19,6,-18,5,-15,4,0,0,-8,2,-5,2,-2,3,1,4,4,6,7,7,90,0,11,11,12,13,11,13,11,13,10,12,8,11,7,10,6,7,5,5,5,3,5,0,5,-1,6,-3,81,0,9,-8,11,-10,13,-11,15,-11,15,-9,15,-7,14,-4,12,-11,2,-20,-11,-18,-21,-5,-19,9,-7,19,7,15,7,-14,10,-5,0,-8,-5,-3,-5,4,1,9,10,4,12,-5,5,-15,-8,-16,-19,-6,-19,8,-7,19,7,18,-3,18,13,-6,3,-11,-5,-7,-7,2,0,7,7,3,0,0,3,-14,-8,-14,-19,-4,-18,10,-7,20,8,20,29,19,19,-5,8,-15,-3,-13,-8,-5,-6,1,0,3,1,0,0,-3,-5,-3,-8,2,-5,9,2,12,11,8,23,-7,11,-11,0,-15,-9,-11,-11,0,-7,6,0,7,4,3]"
CSI_DATA,5600,d8:b1:90:d9:de:f0,-43,11,-99,-36,44,104,399835314,277,0,106,0,"[127,15,89,15,77,15,26,15,45,15,24,15,50,15,66,15,84,15,110,15,-100,15,-100,15,-15,15,-62,15,103,0,-43,15,-33,0,-47,15,58,1,-74,15,92,1,-110,15,65,1,119,15,-11,0,-124,15,0,0,0,0,61,0,-27,15,-3,15,65,0,-48,15,-92,0,-60,15,-17,0,-46,15,10,1,-28,15,-20,0,-18,15,-84,0,-18,15,93,0,-43,15,14,0,-89,15,-58,15,94,15,-115,15,28,15,120,15,-11,14]"
CSI_DATA,5601,d8:b1:90:d9:de:f0,-43,9,-99,-36,44,104,399835795,98,0,106,0,"[-54,0,-81,15,17,1,-109,15,27,1,119,15,-11,0,116,15,-63,0,-117,15,-126,0,-68,15,82,0,6,0,45,0,114,0,32,0,-31,0,40,0,58,1,71,0,101,1,99,0,80,1,98,0,4,1,0,0,0,0,17,0,84,0,-69,15,19,0,92,15,-28,15,19,15,-37,15,-10,14,-27,15,22,15,-12,15,86,15,-5,15,-102,15,-17,15,-31,15,-51,15,28,0,-109,15,66,0,69,15,62,0,2,15,18,0]"
CSI_DATA,5602,d8:b1:90:d9:de:f0,-43,9,-99,-34,44,104,399835909,130,0,106,0,"[0,14,35,14,0,14,-34,13,-26,14,-53,13,-43,14,-22,13,-42,14,34,14,-18,14,97,14,32,0,-69,14,113,0,-4,14,-29,0,40,0,56,0,62,0,102,0,35,0,84,0,10,0,21,0,-12,14,0,0,0,0,79,0,6,0,0,14,69,0,-65,14,-99,0,-93,14,-34,0,-91,14,-7,0,-71,14,-29,0,-46,14,-84,0,-40,14,84,0,-54,14,14,0,-95,14,-52,14,83,14,-99,14,19,14,-115,14,-10,13]"
CSI_DATA,5603,d8:b1:90:d9:de:f0,-41,9,-99,-37,43,104,399856135,124,0,106,0,"[-21,0,-25,17,55,1,-42,17,63,1,-85,17,15,1,-108,17,-53,0,-109,17,-117,0,-68,17,117,0,5,0,86,0,113,0,93,0,-63,0,124,0,31,1,-108,0,64,1,-72,0,27,1,-91,0,-50,0,0,0,0,0,75,0,91,0,-40,17,75,0,146,17,94,0,72,17,142,0,61,17,-114,0,94,17,-114,0,-139,17,-147,0,-99,17,84,0,-76,17,2,0,-101,17,-75,17,133,17,145,17,54,17,121,17,-3,16]"
CSI_DATA,5604,d8:b1:90:d9:de:f0,-42,11,-99,-37,44,104,400253112,277,0,106,0,"[71,15,-104,15,12,15,110,15,-14,14,102,15,4,15,123,15,53,15,-110,15,-128,15,-93,15,-31,15,-83,15,86,0,-81,15,-48,0,-101,15,43,1,-131,15,75,1,109,15,46,1,107,15,-12,0,-126,15,0,0,0,0,65,0,-17,15,-12,15,75,0,-62,15,-86,0,-95,15,-20,0,-107,15,3,1,-96,15,-24,0,-80,15,-87,0,-64,15,89,0,-64,15,9,0,-89,15,-77,15,-130,15,104,15,90,15,54,15,55,15]"
CSI_DATA,5605,d8:b1:90:d9:de:f0,-42,9,-99,-38,44,104,400253574,101,0,106,0,"[119,15,-96,0,75,15,-34,0,90,15,4,1,-133,15,-9,0,-94,15,-42,0,-70,15,-114,0,-80,15,77,0,132,15,-12,15,48,15,-85,15,-31,14,-108,15,-92,14,-88,15,-87,14,-34,15,-18,14,4,0,0,0,0,0,-91,15,-10,15,-7,15,-92,15,38,0,94,15,43,0,14,15,15,0,-16,14,-7,15,11,15,-13,15,76,15,6,0,-126,15,49,0,-72,15,117,0,-45,15,-66,0,-47,15,-16,0,-86,15,-24,0]"
CSI_DATA,5606,d8:b1:90:d9:de:f0,-42,11,-99,-35,43,104,400462010,277,0,106,0,"[-16,16,15,16,-7,16,-63,15,-26,16,-89,15,-35,16,-50,15,-38,16,15,16,-11,16,95,16,37,0,-98,16,112,0,-6,16,-67,0,74,0,18,1,129,0,75,1,-139,0,73,1,119,0,4,1,86,0,0,0,0,0,87,0,47,0,-28,16,91,0,-126,16,-137,0,88,16,-86,0,67,16,-62,0,95,16,-80,0,-133,16,-129,0,-93,16,80,0,-67,16,3,0,-63,16,-81,16,-83,16,111,16,-121,16,46,16,116,16]"
CSI_DATA,5607,d8:b1:90:d9:de:f0,-42,9,-99,-37,44,104,400462455,124,0,106,0,"[91,15,92,15,31,15,43,15,-7,14,50,15,1,15,89,15,43,15,-123,15,113,15,-78,15,-55,15,-59,15,66,0,-65,15,-78,0,-110,15,6,1,95,15,32,1,50,15,-9,0,26,15,-77,0,53,15,0,0,0,0,59,0,-49,15,41,0,62,0,54,0,-90,0,87,0,-15,0,119,0,-3,0,128,0,-39,0,102,0,-103,0,57,0,98,0,-9,15,49,0,-94,15,21,0,82,15,24,0,20,15,66,0,21,15]"
CSI_DATA,5608,d8:b1:90:d9:de:f0,-41,11,-99,-34,42,104,400503658,100,0,114,0,"[-2,-32,1,-35,4,-36,5,-38,10,-39,11,-38,11,-36,14,-33,14,-32,14,-30,14,-29,15,-29,15,-29,15,-29,16,-30,17,-30,17,-32,20,-32,21,-33,22,-34,22,-33,22,-33,22,-32,23,-30,24,-29,23,-29,24,-28,24,-26,0,0,24,-23,26,-23,27,-23,27,-24,28,-23,29,-23,29,-22,28,-21,28,-20,28,-19,26,-17,26,-17,23,-16,22,-16,22,-14,22,-14,22,-14,22,-13,22,-13,23,-13,23,-13,26,-11,26,-13,27,-10,27,-9,27,-7,26,-4,24,-3]"
CSI_DATA,5609,d8:b1:90:d9:de:f0,-42,9,-99,-38,44,104,400671354,108,0,106,0,"[95,0,68,15,-122,0,-2,14,-111,0,-34,14,134,0,-14,14,106,0,31,15,86,0,115,15,75,0,-60,15,83,0,60,0,106,0,-79,0,-129,0,13,1,-98,0,55,1,-87,0,33,1,-116,0,-26,0,0,0,0,0,26,0,72,0,-79,15,2,0,92,15,-45,15,9,15,-69,15,-19,14,-69,15,10,15,-61,15,76,15,-52,15,-116,15,-54,15,-36,15,-62,15,47,0,-88,15,124,0,134,15,-101,0,85,15,-110,0]"
CSI_DATA,5610,d8:b1:90:d9:de:f0,-41,9,-99,-37,43,104,400671499,98,0,106,0,"[127,17,-118,0,42,17,-60,0,32,17,-27,0,64,17,-34,0,107,17,-81,0,-144,17,139,0,-100,17,39,0,-75,17,-92,17,-61,17,57,17,-70,17,-51,16,-95,17,-100,16,-109,17,-76,16,-93,17,0,17,0,0,0,0,-8,17,-84,17,84,0,15,0,-105,0,88,0,-27,0,129,0,-5,0,135,0,-30,0,122,0,-98,0,97,0,118,0,79,0,26,0,70,0,-65,17,88,0,136,17,125,0,79,17,-123,0,81,17]"
CSI_DATA,5611,d8:b1:90:d9:de:f0,-42,9,-99,-34,43,104,400671640,130,0,106,0,"[23,0,-44,0,19,0,48,1,33,0,79,1,45,0,48,1,44,0,-13,0,18,0,-87,0,-24,15,95,0,-104,15,-1,15,70,15,-84,15,-18,14,131,15,-73,14,126,15,-69,14,-122,15,-3,14,-81,15,0,0,0,0,-67,15,-38,15,51,0,-59,15,-106,0,-92,15,-37,0,-135,15,-15,0,109,15,-44,0,120,15,-102,0,-106,15,117,0,-51,15,70,0,14,0,39,0,96,0,24,0,-85,0,43,0,-16,0,77,0]"
CSI_DATA,5612,d8:b1:90:d9:de:f0,-42,9,-99,-38,44,104,400671792,113,0,106,0,"[18,0,-51,0,26,0,37,1,65,0,63,1,82,0,36,1,83,0,-29,0,54,0,-106,0,1,0,77,0,-91,15,-4,15,67,15,-75,15,-28,14,-110,15,-90,14,-92,15,-75,14,-57,15,-10,14,-25,15,0,0,0,0,-60,15,-1,15,56,0,-47,15,-116,0,-106,15,-60,0,96,15,-54,0,68,15,-86,0,80,15,132,0,122,15,87,0,-81,15,55,0,-1,15,47,0,80,0,63,0,-95,0,98,0,-36,0,-119,0]"
CSI_DATA,5613,d8:b1:90:d9:de:f0,-42,9,-99,-38,44,104,400671946,165,0,106,0,"[-133,0,-91,0,-82,0,-13,0,-48,0,-2,0,-52,0,-39,0,-83,0,-88,0,123,0,132,0,36,0,92,0,-83,15,63,0,65,15,64,0,-32,14,81,0,-77,14,110,0,-60,14,-134,0,12,15,120,0,0,0,0,0,-73,15,18,0,-4,15,-79,15,45,0,91,15,58,0,5,15,52,0,-23,14,34,0,8,15,29,0,77,15,32,0,-126,15,55,0,-47,15,99,0,25,0,-110,0,86,0,-43,0,111,0,-11,0]"
CSI_DATA,5614,d8:b1:90:d9:de:f0,-42,9,-99,-39,44,104,400672107,185,0,106,0,"[71,16,-94,16,-17,15,-128,16,-62,15,-111,16,-42,15,-71,16,17,16,-42,16,99,16,-32,16,-78,16,-46,16,40,0,-92,16,-135,0,111,16,-61,0,23,16,-50,0,-30,15,-90,0,-34,15,130,0,18,16,0,0,0,0,30,0,-61,16,41,0,68,0,79,0,-93,0,124,0,-22,0,-125,0,-8,0,-123,0,-47,0,117,0,-112,0,66,0,109,0,-5,16,58,0,-92,16,38,0,94,16,39,0,27,16,69,0,20,16]"
CSI_DATA,5615,d8:b1:90:d9:de:f0,-42,11,-99,-39,44,104,401088706,277,0,106,0,"[-129,0,-112,0,-81,0,-38,0,-43,0,-20,0,-41,0,-51,0,-79,0,-98,0,-135,0,133,0,52,0,107,0,-63,16,103,0,90,16,124,0,-2,15,-109,0,-35,15,-66,0,-14,15,-42,0,62,16,-73,0,0,0,0,0,-66,16,59,0,-27,16,-58,16,-21,16,95,16,-39,16,7,16,-70,16,-29,15,-86,16,3,16,-74,16,68,16,-40,16,138,16,10,0,-79,16,90,0,-33,16,-99,0,-14,16,-26,0,-39,16,-13,0]"
CSI_DATA,5616,d8:b1:90:d9:de:f0,-42,9,-99,-37,44,104,401089151,318,0,106,0,"[104,0,76,15,-96,0,7,15,-83,0,-22,14,-100,0,-3,14,129,0,41,15,103,0,116,15,79,0,-50,15,61,0,76,0,64,0,-58,0,75,0,49,1,92,0,96,1,107,0,77,1,99,0,7,1,0,0,0,0,23,0,66,0,-48,15,-41,15,130,15,130,15,59,15,72,15,23,15,63,15,41,15,91,15,98,15,-131,15,-99,15,-92,15,-15,15,-51,15,73,0,-32,15,-90,0,-27,15,-15,0,-54,15,-2,0]"
CSI_DATA,5617,d8:b1:90:d9:de:f0,-42,9,-99,-39,44,104,401089364,338,0,106,0,"[-83,16,73,16,-111,16,-10,15,126,16,-31,15,115,16,3,16,124,16,59,16,-111,16,119,16,-34,16,-113,16,77,0,-92,16,-83,0,-105,16,5,1,135,16,49,1,83,16,16,1,46,16,-69,0,67,16,0,0,0,0,61,0,-68,16,42,0,58,0,55,0,-104,0,97,0,-18,0,-135,0,4,1,-122,0,-37,0,131,0,-104,0,88,0,114,0,20,0,70,0,-66,16,62,0,125,16,86,0,67,16,-134,0,87,16]"
CSI_DATA,5618,d8:b1:90:d9:de:f0,-43,9,-99,-36,44,104,401089594,318,0,106,0,"[-69,0,-82,15,13,1,-89,15,44,1,-102,15,23,1,-100,15,-28,0,-83,15,-87,0,-43,15,104,0,18,0,31,0,101,0,-36,15,-49,0,-71,15,38,1,-88,15,82,1,-67,15,74,1,-46,15,15,1,0,0,0,0,-21,15,71,0,-47,15,-43,15,-85,15,107,15,-126,15,31,15,106,15,10,15,109,15,34,15,-109,15,81,15,-59,15,-117,15,4,0,-67,15,83,0,-30,15,-90,0,-8,15,-21,0,-17,15,-3,0]"
CSI_DATA,5619,d8:b1:90:d9:de:f0,-43,9,-99,-38,45,104,401089789,338,0,106,0,"[-77,0,-102,14,-1,0,109,14,21,0,84,14,-3,0,86,14,-46,0,111,14,-95,0,-82,14,94,0,-10,14,46,0,84,0,13,0,-47,0,0,0,47,0,8,0,97,0,28,0,83,0,38,0,20,0,0,0,0,0,8,0,69,0,-47,14,-31,14,118,14,-113,14,53,14,76,14,19,14,67,14,33,14,90,14,78,14,-111,14,-99,14,-73,14,-25,14,-54,14,58,0,-51,14,-99,0,-69,14,-40,0,-106,14,-40,0]"
CSI_DATA,5620,d8:b1:90:d9:de:f0,-43,9,-99,-36,44,104,401089965,147,0,106,0,"[-17,15,-49,0,-36,15,31,1,-23,15,68,1,-6,15,48,1,-5,15,-7,0,-14,15,-77,0,-45,15,87,0,-104,15,-4,15,72,15,-99,15,-3,14,99,15,-55,14,84,15,-56,14,109,15,-3,14,-106,15,0,0,0,0,-68,15,-29,15,51,0,-31,15,-90,0,-58,15,-12,0,-98,15,15,1,-127,15,-15,0,-125,15,-74,0,-104,15,120,0,-60,15,62,0,0,0,26,0,78,0,5,0,-87,0,19,0,-18,0,64,0]"
CSI_DATA,5621,d8:b1:90:d9:de:f0,-42,9,-99,-38,44,104,401090113,167,0,106,0,"[95,15,-135,15,42,15,65,15,15,15,47,15,26,15,68,15,73,15,108,15,131,15,-132,15,-45,15,-109,15,60,0,-103,15,-85,0,-119,15,13,1,128,15,56,1,105,15,37,1,91,15,-32,0,121,15,0,0,0,0,84,0,-38,15,25,0,72,0,-15,15,-90,0,-28,15,-5,0,-22,15,32,1,-7,15,4,1,-6,15,-60,0,-15,15,-128,0,-43,15,67,0,-94,15,-7,15,113,15,-63,15,38,15,-87,15,11,15]"
CSI_DATA,5622,d8:b1:90:d9:de:f0,-42,9,-99,-36,43,104,401090233,113,0,106,0,"[-52,0,-34,16,39,1,-17,16,75,1,-32,16,49,1,-37,16,-8,0,-33,16,-79,0,-8,16,125,0,40,0,38,0,122,0,-38,16,-57,0,-88,16,38,1,-92,16,92,1,-71,16,89,1,-42,16,14,1,0,0,0,0,-26,16,93,0,-77,16,-24,16,-139,16,-135,16,86,16,85,16,47,16,67,16,60,16,94,16,108,16,139,16,-105,16,-105,16,-26,16,-80,16,65,0,-76,16,-125,0,-96,16,-66,0,-143,16,-71,0]"
CSI_DATA,5623,d8:b1:90:d9:de:f0,-42,9,-99,-38,44,104,401298086,224,0,106,0,"[-55,0,103,0,22,1,127,0,52,1,113,0,27,1,82,0,-39,0,55,0,-121,0,34,0,43,0,47,0,-75,15,78,0,79,15,-134,0,0,15,-74,0,-19,14,-26,0,14,15,-19,0,76,15,-58,0,0,0,0,0,-57,15,47,0,-20,15,-64,15,-10,15,90,15,-23,15,10,15,-40,15,-16,14,-46,15,15,15,-33,15,83,15,-4,15,-118,15,38,0,-42,15,105,0,19,0,-81,0,63,0,-9,0,61,0,18,1]"
CSI_DATA,5624,d8:b1:90:d9:de:f0,-45,11,-99,-36,46,104,401504018,100,0,228,0,"[-3,7,-3,11,-3,15,-3,19,-3,20,-3,21,-4,23,98,58,-4,19,-4,18,-3,15,-3,13,0,11,0,8,2,5,5,2,7,0,10,-3,13,-5,16,-7,19,-9,27,-46,21,-10,22,-10,21,-9,19,-8,17,-7,14,-6,0,0,7,-3,3,-3,0,-3,-4,-3,-7,-5,-11,-5,79,11,-15,-7,-17,-7,-17,-7,-16,-7,-15,-7,-13,-6,-11,-4,-9,-3,-7,-1,-6,0,-3,3,-2,4,0,7,-17,11,1,13,0,15,1,18,0,19,0,19,-1,17,-3,15,-17,0,-15,14,-2,21,12,18,20,3,15,-10,3,-15,-12,11,-9,0,-2,6,4,3,7,-4,0,-10,-10,-8,-15,3,-9,15,4,19,19,11,22,-5,11,-19,-4,-20,4,-19,-14,4,-3,11,4,7,5,-2,-1,-6,-8,-1,0,0,0,15,13,12,20,0,15,-15,0,-23,-15,-17,-35,-7,-15,12,0,16,9,10,10,0,3,-3,-1,-2,-1,2,3,3,7,0,5,-7,-1,-11,-10,-7,-15,1,-9,22,1,15,11,10,15,0,7,-9,0,-9,-6,-3,-3,3]"
CSI_DATA,5625,d8:b1:90:d9:de:f0,-42,11,-99,-35,43,104,401506504,277,0,106,0,"[93,0,51,16,126,0,-21,15,115,0,-49,15,89,0,-19,15,65,0,34,16,57,0,116,16,66,0,-64,16,105,0,53,0,-111,0,-117,0,-51,0,-40,0,-8,0,-17,0,-5,0,-47,0,-52,0,-102,0,0,0,0,0,49,0,64,0,-73,16,54,0,93,16,61,0,16,16,83,0,-3,15,104,0,33,16,100,0,98,16,69,0,-116,16,21,0,-61,16,-42,16,-20,16,-121,16,-3,16,66,16,-18,16,0,16,-57,16]"
CSI_DATA,5626,d8:b1:90:d9:de:f0,-42,9,-99,-34,43,104,401506949,98,0,106,0,"[77,0,52,15,95,0,-31,14,68,0,-64,14,29,0,-34,14,8,0,31,15,7,0,106,15,34,0,-63,15,95,0,33,0,-82,0,119,0,9,1,-103,0,61,1,-110,0,61,1,121,0,-2,0,70,0,0,0,0,0,67,0,18,0,-54,15,59,0,126,15,122,0,72,15,-84,0,70,15,-49,0,112,15,-65,0,-109,15,-121,0,-73,15,81,0,-58,15,-1,15,-75,15,-88,15,-116,15,103,15,91,15,61,15,47,15]"
CSI_DATA,5627,d8:b1:90:d9:de:f0,-42,9,-99,-38,44,104,401507090,130,0,106,0,"[-135,15,74,15,84,15,11,15,44,15,11,15,47,15,50,15,87,15,109,15,-126,15,-116,15,-29,15,-84,15,83,0,-78,15,-63,0,-103,15,25,1,122,15,44,1,81,15,10,1,66,15,-54,0,90,15,0,0,0,0,69,0,-33,15,41,0,81,0,45,0,-82,0,67,0,-9,0,91,0,8,1,96,0,-28,0,75,0,-95,0,28,0,116,0,-36,15,63,0,-118,15,31,0,64,15,31,0,3,15,68,0,8,15]"
CSI_DATA,5628,d8:b1:90:d9:de:f0,-43,9,-99,-36,44,104,401715857,192,0,106,0,"[113,0,-88,0,-116,0,-8,0,-91,0,13,1,-98,0,-8,0,-128,0,-57,0,76,0,-110,0,-1,15,83,0,-100,15,28,0,41,15,-19,15,-50,14,-44,15,-96,14,-37,15,-79,14,-20,15,-7,14,-8,15,0,0,0,0,-50,15,-12,15,62,0,-51,15,-92,0,-99,15,-33,0,112,15,-20,0,90,15,-50,0,107,15,-100,0,-102,15,101,0,-42,15,55,0,27,0,22,0,105,0,1,0,-67,0,12,0,-6,0,41,0]"
CSI_DATA,5629,d8:b1:90:d9:de:f0,-42,9,-99,-35,43,104,401716048,212,0,106,0,"[100,16,131,0,14,16,-103,0,-11,15,-74,0,23,16,-86,0,73,16,-116,0,130,16,98,0,-93,16,6,0,-43,16,-105,16,-5,16,41,16,3,0,-57,15,-11,16,-111,15,-34,16,-94,15,-35,16,-5,15,0,0,0,0,6,0,-62,16,71,0,58,0,-136,0,-130,0,-66,0,-76,0,-39,0,-66,0,-68,0,-95,0,-127,0,133,0,70,0,93,0,-13,16,61,0,-103,16,49,0,76,16,56,0,19,16,83,0,17,16]"
CSI_DATA,5630,d8:b1:90:d9:de:f0,-43,9,-99,-36,44,104,401716197,98,0,106,0,"[101,15,126,15,47,15,62,15,15,15,52,15,25,15,78,15,64,15,116,15,-123,15,-105,15,-30,15,-80,15,83,0,-67,15,-56,0,-74,15,42,1,-96,15,80,1,-119,15,51,1,121,15,-18,0,-114,15,0,0,0,0,52,0,-19,15,-30,15,75,0,-83,15,-87,0,-111,15,-9,0,-109,15,14,1,-91,15,-15,0,-70,15,-86,0,-55,15,97,0,-61,15,12,0,-86,15,-68,15,-128,15,115,15,81,15,75,15,53,15]"
CSI_DATA,5631,d8:b1:90:d9:de:f0,-41,9,-99,-36,43,104,401766464,98,0,106,0,"[-54,0,67,0,23,1,113,0,59,1,111,0,35,1,88,0,-22,0,76,0,-97,0,74,0,94,0,94,0,-7,16,-142,0,-117,16,-66,0,107,16,2,1,88,16,44,1,109,16,39,1,-132,16,-26,0,0,0,0,0,-59,16,59,0,-69,16,-76,16,-107,16,100,16,141,16,25,16,117,16,4,16,133,16,37,16,-111,16,100,16,-52,16,-139,16,13,0,-90,16,99,0,-66,16,-97,0,-60,16,-35,0,-85,16,-34,0]"
CSI_DATA,5632,d8:b1:90:d9:de:f0,-43,11,-99,-34,44,104,402133200,277,0,106,0,"[16,0,28,14,44,0,-36,13,41,0,-56,13,33,0,-29,13,27,0,16,14,33,0,84,14,60,0,-80,14,110,0,8,0,-66,0,96,0,-1,0,-88,0,46,0,-70,0,51,0,-93,0,2,0,108,0,0,0,0,0,74,0,48,0,-38,14,52,0,105,14,70,0,34,14,109,0,12,14,-105,0,41,14,-113,0,89,14,97,0,-105,14,42,0,-63,14,-21,14,-42,14,-101,14,-45,14,52,14,-77,14,-4,13,118,14]"
CSI_DATA,5633,d8:b1:90:d9:de:f0,-43,9,-99,-37,44,104,402133690,98,0,106,0,"[73,15,118,0,3,15,-122,0,-12,14,-96,0,15,15,-101,0,61,15,-124,0,113,15,94,0,-109,15,19,0,-85,15,-80,15,-77,15,64,15,-90,15,-28,14,-123,15,-74,14,116,15,-57,14,127,15,13,15,0,0,0,0,-42,15,-83,15,64,0,-33,15,-92,0,-1,15,-9,0,0,0,23,1,-20,15,-5,0,-32,15,-68,0,-29,15,123,0,-4,15,56,0,41,0,9,0,111,0,-16,15,-63,0,-2,15,7,1,49,0]"
CSI_DATA,5634,d8:b1:90:d9:de:f0,-43,9,-99,-34,44,104,402133849,108,0,106,0,"[-36,0,-34,14,31,0,-39,14,50,0,-58,14,25,0,-74,14,-31,0,-67,14,-81,0,-41,14,99,0,16,0,45,0,97,0,11,0,-46,0,4,0,47,0,26,0,87,0,53,0,76,0,62,0,14,0,0,0,0,0,14,0,81,0,-60,14,12,0,87,14,-38,14,11,14,-51,14,-18,13,-40,14,3,14,-20,14,64,14,-9,14,-111,14,-16,14,-45,14,-47,14,11,0,-105,14,45,0,59,14,43,0,-11,13,-3,14]"
CSI_DATA,5635,d8:b1:90:d9:de:f0,-42,9,-99,-36,43,104,402156305,130,0,106,0,"[-104,16,81,16,-142,16,4,16,111,16,-12,15,105,16,21,16,131,16,78,16,-103,16,139,16,-17,16,-95,16,96,0,-61,16,-56,0,-50,16,43,1,-68,16,88,1,-104,16,59,1,-134,16,-21,0,-126,16,0,0,0,0,62,0,-30,16,-10,16,84,0,-51,16,-92,0,-58,16,-3,0,-38,16,29,1,-15,16,-4,0,-3,16,-79,0,-15,16,117,0,-48,16,34,0,-108,16,-32,16,97,16,-85,16,23,16,-90,16,-5,15]"
CSI_DATA,5636,d8:b1:90:d9:de:f0,-42,9,-99,-39,44,104,402174726,101,0,106,0,"[-63,0,85,0,7,1,-139,0,39,1,-137,0,13,1,118,0,-37,0,99,0,-118,0,81,0,61,0,77,0,-68,16,104,0,87,16,-136,0,-4,15,-90,0,-41,15,-55,0,-11,15,-47,0,57,16,-93,0,0,0,0,0,-64,16,32,0,-16,16,-87,16,15,0,76,16,20,0,-8,15,14,0,-39,15,6,0,0,16,8,0,73,16,25,0,-127,16,57,0,-39,16,110,0,39,0,-95,0,109,0,-27,0,131,0,8,1]"
CSI_DATA,5637,d8:b1:90:d9:de:f0,-41,11,-99,-32,42,104,402503998,100,0,114,0,"[0,-32,1,-34,1,-35,3,-35,3,-39,4,-35,5,-37,5,-33,4,-33,4,-32,2,-29,4,-31,3,-31,3,-31,2,-33,0,-33,0,-32,-1,-37,-2,-35,-2,-37,-2,-38,-4,-39,-3,-38,-5,-37,-4,-37,-4,-37,-4,-34,-5,-31,0,0,-6,-31,-7,-32,-7,-32,-10,-34,-10,-33,-10,-34,-11,-33,-11,-31,-12,-29,-12,-30,-12,-29,-12,-28,-12,-24,-12,-23,-13,-22,-13,-21,-14,-21,-14,-20,-15,-20,-15,-21,-17,-21,-17,-21,-17,-23,-17,-23,-16,-22,-15,-21,-15,-22,-12,-20]"
CSI_DATA,5638,d8:b1:90:d9:de:f0,-42,11,-99,-35,43,104,402968795,277,0,106,0,"[20,16,30,0,-53,15,39,0,-70,15,76,0,-32,15,88,0,25,16,85,0,82,16,50,0,135,16,-13,16,-114,16,-109,16,-116,16,62,16,-139,16,-17,15,106,16,-42,15,83,16,-16,15,111,16,58,16,0,0,0,0,-39,16,-82,16,75,0,-63,16,-98,0,-70,16,-19,0,-101,16,9,1,-138,16,-28,0,133,16,-86,0,-127,16,-138,0,-91,16,101,0,-33,16,88,0,39,0,104,0,115,0,-129,0,-114,0,-87,0]"
CSI_DATA,5639,d8:b1:90:d9:de:f0,-43,9,-99,-39,45,104,402969240,98,0,106,0,"[109,14,-62,0,80,14,2,0,99,14,36,0,-105,14,22,0,-77,14,-15,0,-65,14,-79,0,-85,14,103,0,105,14,35,0,28,14,-11,14,-41,13,-28,14,-85,13,-3,14,-70,13,31,0,-4,13,49,0,0,0,0,0,-86,14,2,0,-25,14,-83,14,3,0,74,14,-6,14,-5,13,-37,14,-39,13,-62,14,-14,13,-67,14,43,14,-48,14,103,14,-9,14,-96,14,49,0,-71,14,121,0,-75,14,-81,0,-110,14,-84,0]"
CSI_DATA,5640,d8:b1:90:d9:de:f0,-43,9,-99,-38,45,104,402969381,98,0,106,0,"[-17,0,-7,14,56,0,-5,14,75,0,-19,14,41,0,-28,14,-7,0,-19,14,-73,0,-2,14,102,0,50,0,33,0,-118,0,-30,14,-31,0,-57,14,38,0,-66,14,80,0,-46,14,67,0,-25,14,6,0,0,0,0,0,-27,14,66,0,-64,14,-36,14,-117,14,113,14,69,14,55,14,37,14,43,14,44,14,68,14,83,14,106,14,-102,14,-100,14,-41,14,-70,14,33,0,-63,14,114,0,-72,14,-73,0,-107,14,-67,0]"
CSI_DATA,5641,d8:b1:90:d9:de:f0,-43,9,-99,-35,44,104,402969522,98,0,106,0,"[-19,0,41,0,54,0,35,0,74,0,-3,14,45,0,-40,14,-11,0,-48,14,-67,0,-28,14,-116,0,16,0,105,0,102,0,110,0,-57,0,-105,0,11,0,-63,0,25,0,-41,0,-11,0,-65,0,-76,0,0,0,0,0,54,0,68,0,-46,14,68,0,108,14,109,0,60,14,-81,0,57,14,-33,0,94,14,-31,0,-101,14,-63,0,-72,14,-109,0,-61,14,75,0,-86,14,16,0,111,14,-27,14,48,14,-35,14,24,14]"
CSI_DATA,5642,d8:b1:90:d9:de:f0,-42,9,-99,-38,44,104,402989714,124,0,106,0,"[-82,15,-33,0,-102,15,40,1,-80,15,69,1,-42,15,47,1,-22,15,-7,0,-23,15,-77,0,-57,15,115,0,-129,15,41,0,45,15,-10,15,-40,14,-33,15,-86,14,-13,15,-73,14,20,0,-9,14,33,0,0,0,0,0,-95,15,2,0,-19,15,-78,15,29,0,93,15,36,0,8,15,15,0,-28,14,-10,15,-11,14,-27,15,49,15,-23,15,118,15,9,0,-85,15,68,0,-27,15,-118,0,-1,15,-46,0,-14,15,-22,0]"
CSI_DATA,5643,d8:b1:90:d9:de:f0,-42,9,-99,-34,43,104,403030400,130,0,106,0,"[57,0,29,15,82,0,-43,14,77,0,-65,14,57,0,-40,14,45,0,27,15,55,0,102,15,83,0,-72,15,-131,0,32,0,-52,0,122,0,14,1,-85,0,44,1,-66,0,28,1,-94,0,-33,0,-133,0,0,0,0,0,50,0,63,0,-64,15,72,0,99,15,95,0,29,15,119,0,7,15,131,0,33,15,119,0,85,15,83,0,-131,15,33,0,-82,15,-25,15,-47,15,-104,15,-34,15,80,15,-47,15,13,15,-83,15]"
CSI_DATA,5644,d8:b1:90:d9:de:f0,-43,9,-99,-35,44,104,403030872,113,0,106,0,"[80,0,34,14,103,0,-35,13,86,0,-64,13,60,0,-35,13,46,0,28,14,44,0,97,14,72,0,-64,14,-120,0,20,0,-46,0,98,0,26,0,-103,0,64,0,-104,0,53,0,118,0,-9,0,81,0,0,0,0,0,56,0,44,0,-43,14,77,0,116,14,-124,0,65,14,-79,0,54,14,-51,0,79,14,-68,0,-123,14,-113,0,-94,14,73,0,-72,14,4,0,-81,14,-68,14,-108,14,104,14,93,14,64,14,60,14]"
CSI_DATA,5645,d8:b1:90:d9:de:f0,-42,9,-99,-39,44,104,403059867,341,0,106,0,"[-125,0,-89,0,-69,0,-28,0,-30,0,-30,0,-38,0,-74,0,-78,0,-127,0,137,0,113,0,42,0,98,0,-73,16,110,0,100,16,-119,0,29,16,-56,0,9,16,-11,0,54,16,2,1,125,16,-52,0,0,0,0,0,-49,16,51,0,-53,16,-69,16,-86,16,101,16,-133,16,29,16,112,16,16,16,113,16,55,16,-129,16,113,16,-74,16,-113,16,-5,16,-76,16,77,0,-71,16,-118,0,-91,16,-64,0,137,16,-76,0]"
CSI_DATA,5646,d8:b1:90:d9:de:f0,-43,9,-99,-39,45,104,403060178,321,0,106,0,"[21,0,26,14,16,0,-51,13,-16,14,-71,13,-41,14,-36,13,-47,14,20,14,-27,14,93,14,29,0,-95,14,119,0,-43,14,-29,0,-16,14,51,0,-27,14,91,0,-52,14,67,0,-91,14,-14,0,-96,14,0,0,0,0,67,0,-12,14,8,0,77,0,-17,14,-70,0,-8,14,6,0,17,0,35,0,39,0,2,0,36,0,-61,0,19,0,-123,0,-24,14,67,0,-93,14,31,0,78,14,21,0,20,14,51,0,13,14]"
CSI_DATA,5647,d8:b1:90:d9:de:f0,-43,9,-99,-36,44,104,403178166,441,0,106,0,"[-117,15,62,15,93,15,5,15,56,15,4,15,62,15,45,15,88,15,94,15,-107,15,-117,15,-25,15,-95,15,82,0,-97,15,-74,0,-126,15,-1,0,85,15,23,1,41,15,-17,0,26,15,-85,0,63,15,0,0,0,0,49,0,-42,15,37,0,72,0,51,0,-82,0,87,0,-13,0,116,0,2,1,122,0,-35,0,98,0,-95,0,49,0,105,0,-13,15,64,0,-88,15,52,0,87,15,66,0,40,15,105,0,50,15]"
CSI_DATA,5648,d8:b1:90:d9:de:f0,-42,9,-99,-35,43,104,403178419,421,0,106,0,"[51,16,101,0,-20,15,-133,0,-22,15,-93,0,28,16,-85,0,86,16,-111,0,-135,16,109,0,-103,16,17,0,-100,16,-97,16,-133,16,68,16,94,16,-6,15,42,16,-30,15,21,16,17,16,65,16,95,16,0,0,0,0,-49,16,-50,16,76,0,-44,16,-92,0,-75,16,-19,0,-122,16,-7,0,118,16,-55,0,122,16,-118,0,-124,16,110,0,-68,16,71,0,2,0,75,0,86,0,100,0,-110,0,-123,0,-64,0,-69,0]"
CSI_DATA,5649,d8:b1:90:d9:de:f0,-46,11,-99,-39,47,104,403504015,100,0,228,0,"[-7,-3,-10,-3,-13,-2,-16,-1,-17,-1,-18,-1,-19,-2,95,57,-17,-2,-16,-2,-15,-1,-13,-1,-11,0,-9,1,-6,3,-4,4,-3,7,0,10,1,13,3,15,3,17,27,-45,4,21,3,21,3,20,2,19,2,17,1,15,0,0,0,8,1,5,2,2,3,-1,6,-4,7,-8,98,0,11,-11,13,-12,14,-13,14,-11,13,-10,13,-10,10,-8,9,-6,6,-6,4,-5,1,-4,0,-4,-3,-4,-43,11,-9,-6,-11,-7,-13,-10,-13,-11,-12,-12,-10,-13,-8,-12,-2,-15,-14,-11,-20,0,-15,14,0,20,11,13,15,1,-10,-10,0,-9,-6,-3,-4,4,2,6,9,0,7,-8,-1,-13,-13,-9,-18,3,-11,16,3,20,17,12,20,-3,15,3,-3,-16,-11,-6,-9,3,0,7,6,3,6,-5,0,0,-11,-4,-13,6,-6,16,7,17,19,8,20,-6,20,-27,-5,-18,-13,-8,-13,2,-5,8,1,6,3,0,0,-1,-4,1,-2,6,3,8,10,5,12,-3,6,-13,-10,-20,-13,-10,-16,1,-10,12,0,13,7,7,7,0,2,-4]"
CSI_DATA,5650,d8:b1:90:d9:de:f0,-43,11,-99,-38,45,104,403595491,277,0,106,0,"[-105,14,55,14,101,14,-2,13,84,14,-9,13,95,14,16,14,-120,14,53,14,-71,14,99,14,0,0,-105,14,94,0,-72,14,-51,0,-51,14,32,0,-49,14,74,0,-55,14,53,0,-65,14,-8,0,-58,14,0,0,0,0,67,0,8,0,-9,14,75,0,-73,14,-83,0,-106,14,-10,0,-110,14,17,0,-91,14,-3,0,-67,14,-55,0,-53,14,118,0,-53,14,39,0,-72,14,-35,14,-113,14,-108,14,70,14,87,14,31,14]"
CSI_DATA,5651,d8:b1:90:d9:de:f0,-43,9,-99,-36,44,104,403595954,108,0,106,0,"[31,0,-31,0,44,0,39,1,69,0,55,1,76,0,22,1,69,0,-31,0,37,0,-95,0,-22,15,103,0,-111,15,46,0,45,15,12,0,-38,14,0,0,-83,14,7,0,-62,14,34,0,3,15,44,0,0,0,0,0,-64,15,-7,15,18,0,-82,15,83,0,88,15,115,0,15,15,105,0,-24,14,74,0,-4,14,53,0,53,15,33,0,-126,15,45,0,-47,15,83,0,29,0,-112,0,95,0,-46,0,119,0,-1,0]"
CSI_DATA,5652,d8:b1:90:d9:de:f0,-42,9,-99,-35,43,104,403596054,98,0,106,0,"[-42,0,43,0,41,1,55,0,67,1,33,0,37,1,13,0,-22,0,-1,16,-94,0,17,0,101,0,54,0,18,0,130,0,-50,16,-49,0,-87,16,34,1,-86,16,79,1,-56,16,69,1,-32,16,-1,0,0,0,0,0,-22,16,74,0,-83,16,-37,16,119,16,-128,16,43,16,103,16,9,16,101,16,22,16,133,16,77,16,-105,16,-128,16,-78,16,-47,16,-62,16,44,0,-79,16,127,0,-129,16,-101,0,82,16,-126,0]"
CSI_DATA,5653,d8:b1:90:d9:de:f0,-43,9,-99,-36,44,104,403596195,113,0,106,0,"[-80,0,113,15,-30,0,58,15,-37,0,24,15,-72,0,34,15,-108,0,70,15,109,0,127,15,94,0,-44,15,106,0,61,0,-120,0,-96,0,-73,0,-23,0,-30,0,-3,0,-22,0,-35,0,-56,0,-97,0,0,0,0,0,38,0,54,0,-72,15,42,0,73,15,54,0,1,15,95,0,-15,14,-125,0,20,15,-121,0,83,15,115,0,-112,15,70,0,-64,15,2,0,-40,15,-74,15,-44,15,90,15,-87,15,27,15,113,15]"
CSI_DATA,5654,d8:b1:90:d9:de:f0,-42,9,-99,-38,44,104,403596295,98,0,106,0,"[-93,15,49,15,-117,15,-19,14,129,15,-31,14,132,15,7,15,-120,15,47,15,-73,15,104,15,-4,15,-130,15,95,0,-108,15,-72,0,-99,15,5,1,-112,15,54,1,-133,15,32,1,120,15,-34,0,-129,15,0,0,0,0,90,0,-19,15,41,0,92,0,23,0,-82,0,26,0,1,1,44,0,36,1,57,0,5,1,47,0,-55,0,21,0,-121,0,-19,15,83,0,-86,15,45,0,93,15,22,0,28,15,33,0,7,15]"
CSI_DATA,5655,d8:b1:90:d9:de:f0,-43,9,-99,-36,44,104,403596427,98,0,106,0,"[53,0,-36,0,88,0,31,1,126,0,43,1,-116,0,2,1,117,0,-52,0,75,0,-107,0,4,0,105,0,-88,15,77,0,58,15,74,0,-23,14,99,0,-51,14,-115,0,-26,14,-95,0,45,15,-115,0,0,0,0,0,-61,15,24,0,-21,15,-85,15,-13,15,67,15,-39,15,-10,14,-69,15,-38,14,-85,15,-3,14,-80,15,63,15,-44,15,-124,15,7,0,-67,15,83,0,-31,15,-86,0,-19,15,-16,0,-52,15,-9,0]"
CSI_DATA,5656,d8:b1:90:d9:de:f0,-42,9,-99,-35,43,104,403628026,252,0,106,0,"[-50,16,37,16,-43,16,-45,15,-56,16,-75,15,-71,16,-44,15,-65,16,18,16,-27,16,83,16,27,0,-114,16,110,0,-29,16,-58,0,43,0,38,1,85,0,94,1,87,0,94,1,62,0,27,1,40,0,0,0,0,0,98,0,14,0,-25,16,66,0,-124,16,133,0,87,16,-71,0,73,16,-38,0,107,16,-49,0,-124,16,-101,0,-82,16,103,0,-53,16,21,0,-53,16,-77,16,-80,16,104,16,-129,16,32,16,86,16]"
CSI_DATA,5657,d8:b1:90:d9:de:f0,-43,9,-99,-35,44,104,403804871,98,0,106,0,"[-86,0,118,14,-14,0,83,14,3,0,68,14,-14,0,77,14,-53,0,119,14,-97,0,-75,14,103,0,2,0,58,0,103,0,21,0,-36,0,3,0,53,0,-3,14,98,0,7,0,78,0,12,0,13,0,0,0,0,0,-5,14,68,0,-51,14,-37,14,-110,14,112,14,91,14,50,14,66,14,33,14,78,14,55,14,-124,14,100,14,-66,14,-101,14,0,0,-60,14,84,0,-35,14,-77,0,-27,14,-10,0,-43,14,0,0]"
CSI_DATA,5658,d8:b1:90:d9:de:f0,-42,9,-99,-37,44,104,403805012,130,0,106,0,"[-55,0,-81,15,20,1,-113,15,30,1,115,15,-7,0,102,15,-56,0,118,15,-106,0,-97,15,121,0,-27,15,113,0,75,0,-124,0,-85,0,-78,0,-10,0,-30,0,8,1,-14,0,-22,0,-51,0,-89,0,0,0,0,0,58,0,59,0,-49,15,60,0,112,15,94,0,52,15,-116,0,36,15,-76,0,75,15,-81,0,128,15,-115,0,-97,15,92,0,-77,15,22,0,-86,15,-51,15,128,15,-122,15,66,15,111,15,25,15]"
CSI_DATA,5659,d8:b1:90:d9:de:f0,-42,9,-99,-38,44,104,403858519,124,0,106,0,"[115,15,-103,0,47,15,-55,0,34,15,-31,0,58,15,-46,0,96,15,-99,0,131,15,102,0,-106,15,8,0,-83,15,-101,15,-72,15,45,15,-75,15,-56,14,-79,15,-93,14,-85,15,-70,14,-72,15,4,15,0,0,0,0,-14,15,-68,15,63,0,30,0,-117,0,112,0,-51,0,-109,0,-29,0,-103,0,-50,0,-116,0,-111,0,114,0,93,0,86,0,6,0,64,0,-82,15,72,0,99,15,97,0,38,15,133,0,50,15]"
CSI_DATA,5660,d8:b1:90:d9:de:f0,-43,11,-99,-35,44,104,404222187,277,0,106,0,"[-4,14,36,14,-10,14,-36,13,-34,14,-52,13,-48,14,-22,13,-43,14,40,14,-19,14,104,14,38,0,-75,14,122,0,-8,14,-34,0,36,0,47,0,53,0,86,0,45,0,66,0,13,0,-2,0,-1,14,0,0,0,0,61,0,17,0,-25,14,73,0,-96,14,-102,0,116,14,-41,0,118,14,-15,0,-102,14,-41,0,-72,14,-100,0,-56,14,76,0,-59,14,1,0,-91,14,-72,14,105,14,114,14,47,14,87,14,15,14]"
CSI_DATA,5661,d8:b1:90:d9:de:f0,-43,9,-99,-38,45,104,404222668,101,0,106,0,"[112,0,75,14,-81,0,16,14,-83,0,-5,13,-101,0,18,14,117,0,67,14,87,0,-102,14,64,0,-13,14,52,0,94,0,41,0,-35,0,41,0,48,0,52,0,84,0,56,0,63,0,47,0,-1,0,0,0,0,0,-2,14,51,0,-54,14,-43,14,-118,14,115,14,76,14,64,14,63,14,52,14,89,14,77,14,-105,14,-120,14,-41,14,-78,14,29,0,-38,14,107,0,-15,14,-49,0,-7,14,10,0,-16,14,17,0]"
CSI_DATA,5662,d8:b1:90:d9:de:f0,-42,9,-99,-37,44,104,404277644,98,0,106,0,"[-62,0,-112,15,8,1,122,15,19,1,95,15,-14,0,98,15,-59,0,-130,15,-102,0,-82,15,121,0,-2,15,99,0,98,0,97,0,-56,0,115,0,27,1,-129,0,57,1,-119,0,29,1,121,0,-44,0,0,0,0,0,15,0,61,0,-89,15,7,0,71,15,-28,15,-7,14,-34,15,-34,14,-22,15,-4,14,-12,15,57,15,-8,15,120,15,-23,15,-73,15,-56,15,-17,15,-112,15,23,0,81,15,25,0,15,15,-5,15]"
CSI_DATA,5663,d8:b1:90:d9:de:f0,-42,9,-99,-37,44,104,404431567,98,0,106,0,"[-57,0,-14,15,31,1,4,0,65,1,-7,15,46,1,-13,15,-9,0,-12,15,-78,0,2,0,94,0,42,0,-3,15,111,0,-91,15,-65,0,110,15,18,1,94,15,62,1,121,15,62,1,-100,15,-1,0,0,0,0,0,-22,15,64,0,-28,15,-61,15,-56,15,79,15,-88,15,-2,14,-118,15,-25,14,-121,15,8,15,-92,15,74,15,-52,15,-122,15,8,0,-54,15,89,0,0,0,-85,0,29,0,1,1,16,0,18,1]"
CSI_DATA,5664,d8:b1:90:d9:de:f0,-41,11,-99,-35,43,104,404503716,100,0,114,0,"[-29,0,-31,-2,-33,-4,-33,-5,-35,-7,-32,-7,-31,-9,-30,-9,-29,-8,-29,-8,-27,-7,-28,-9,-28,-9,-28,-9,-28,-9,-29,-9,-30,-9,-33,-11,-32,-10,-34,-11,-32,-11,-34,-10,-33,-11,-32,-9,-33,-13,-31,-14,-31,-13,-30,-13,0,0,-30,-11,-30,-13,-29,-13,-31,-14,-29,-14,-30,-13,-30,-13,-30,-13,-29,-11,-29,-11,-27,-13,-26,-11,-25,-10,-23,-9,-23,-9,-22,-8,-22,-8,-22,-8,-23,-8,-23,-8,-25,-8,-25,-9,-26,-11,-23,-11,-23,-13,-21,-13,-21,-14,-18,-14]"
CSI_DATA,5665,d8:b1:90:d9:de:f0,-43,9,-99,-34,44,104,404640484,130,0,106,0,"[-43,0,-8,14,33,0,-4,14,57,0,-21,14,33,0,-35,14,-16,0,-34,14,-74,0,-10,14,98,0,36,0,32,0,115,0,-17,14,-33,0,-41,14,50,0,-29,14,92,0,-5,14,83,0,15,0,14,0,0,0,0,0,-1,14,66,0,-59,14,-27,14,104,14,-110,14,33,14,94,14,-4,13,96,14,8,14,-116,14,59,14,-82,14,-115,14,-61,14,-37,14,-56,14,39,0,-76,14,109,0,-118,14,-95,0,60,14,-117,0]"
CSI_DATA,5666,d8:b1:90:d9:de:f0,-44,9,-99,-36,45,104,404640619,224,0,106,0,"[-40,13,-46,0,-65,13,22,0,-52,13,46,0,-38,13,30,0,-23,13,-18,0,-24,13,-73,0,-55,13,83,0,-111,13,2,0,40,13,-60,13,-32,12,-96,13,-70,12,-93,13,-64,12,-62,13,-8,12,-30,13,0,0,0,0,-59,13,-15,13,34,0,-49,13,-106,0,-108,13,-61,0,57,13,-59,0,20,13,-91,0,28,13,98,0,70,13,72,0,-99,13,56,0,-29,13,65,0,47,0,97,0,-110,0,-70,0,-75,0,-33,0]"
CSI_DATA,5667,d8:b1:90:d9:de:f0,-43,9,-99,-36,44,104,404849356,108,0,106,0,"[118,15,-92,0,59,15,-42,0,55,15,-2,0,90,15,-4,0,-125,15,-49,0,-97,15,-103,0,-89,15,65,0,-110,15,-30,15,90,15,123,15,22,15,60,15,-28,14,49,15,-43,14,82,15,5,15,-117,15,0,0,0,0,-78,15,-33,15,37,0,-52,15,-121,0,-99,15,-61,0,101,15,-46,0,55,15,-79,0,57,15,126,0,94,15,91,0,-103,15,67,0,-36,15,76,0,46,0,110,0,118,0,-81,0,-100,0,-37,0]"
CSI_DATA,5668,d8:b1:90:d9:de:f0,-42,11,-99,-37,44,104,405057782,277,0,106,0,"[2,0,38,15,-5,15,-37,14,-41,15,-59,14,-56,15,-25,14,-58,15,36,15,-22,15,96,15,43,0,-119,15,-129,0,-81,15,-20,0,-79,15,57,1,-96,15,81,1,-128,15,41,1,117,15,-40,0,-123,15,0,0,0,0,61,0,-26,15,15,0,94,0,15,0,-59,0,29,0,15,1,46,0,36,1,61,0,9,1,55,0,-52,0,22,0,-108,0,-23,15,95,0,-89,15,77,0,98,15,78,0,51,15,102,0,55,15]"
CSI_DATA,5669,d8:b1:90:d9:de:f0,-43,9,-99,-36,44,104,405058236,124,0,106,0,"[70,0,61,15,97,0,-14,14,83,0,-42,14,68,0,-14,14,59,0,45,15,60,0,118,15,81,0,-51,15,-121,0,51,0,-58,0,-118,0,-2,0,-56,0,27,1,-48,0,17,1,-81,0,-43,0,123,0,0,0,0,0,30,0,25,0,-88,15,9,0,57,15,7,0,-20,14,24,0,-40,14,42,0,-5,14,42,0,56,15,26,0,119,15,-3,15,-73,15,-45,15,-19,15,-103,15,18,0,84,15,22,0,26,15,-1,15]"
CSI_DATA,5670,d8:b1:90:d9:de:f0,-42,11,-99,-37,44,104,405475580,277,0,106,0,"[98,15,-118,0,31,15,-90,0,15,15,-61,0,43,15,-60,0,91,15,-87,0,-128,15,120,0,-91,15,38,0,-77,15,-73,15,-87,15,65,15,-120,15,-32,14,95,15,-69,14,67,15,-45,14,84,15,20,15,0,0,0,0,-65,15,-69,15,46,0,-26,15,-101,0,-6,15,-15,0,-21,15,24,1,-45,15,-4,0,-63,15,-69,0,-57,15,120,0,-23,15,58,0,27,0,14,0,106,0,-3,15,-62,0,19,0,8,1,80,0]"
CSI_DATA,5671,d8:b1:90:d9:de:f0,-43,9,-99,-36,44,104,405476043,98,0,106,0,"[52,0,66,15,101,0,-3,14,110,0,-32,14,95,0,-14,14,79,0,36,15,60,0,108,15,55,0,-53,15,59,0,64,0,77,0,-67,0,109,0,32,1,-116,0,75,1,-103,0,59,1,-120,0,-3,0,0,0,0,0,45,0,65,0,-43,15,-19,15,115,15,-92,15,39,15,127,15,3,15,126,15,25,15,-110,15,85,15,-77,15,-98,15,-53,15,-9,15,-39,15,85,0,-42,15,-74,0,-64,15,-13,0,-113,15,-17,0]"
CSI_DATA,5672,d8:b1:90:d9:de:f0,-42,9,-99,-36,44,104,405476166,130,0,106,0,"[-114,0,-104,0,-69,0,-45,0,-31,0,-36,0,-24,0,-70,0,-60,0,-117,0,-111,0,102,0,60,0,82,0,-45,15,91,0,99,15,-116,0,20,15,-49,0,7,15,8,1,46,15,28,1,107,15,-5,0,0,0,0,0,-32,15,86,0,-46,15,-26,15,-95,15,123,15,100,15,62,15,60,15,56,15,55,15,88,15,93,15,-112,15,-102,15,-74,15,-19,15,-55,15,64,0,-77,15,-114,0,127,15,-84,0,55,15,-123,0]"
CSI_DATA,5673,d8:b1:90:d9:de:f0,-43,9,-99,-36,44,104,405476318,113,0,106,0,"[-75,0,-74,15,9,1,-86,15,39,1,-102,15,11,1,-102,15,-39,0,-89,15,-103,0,-53,15,78,0,3,0,-6,15,87,0,-77,15,-69,0,-120,15,21,1,-127,15,80,1,-100,15,84,1,-66,15,23,1,0,0,0,0,-13,15,76,0,-22,15,-41,15,-52,15,100,15,-97,15,25,15,-127,15,-1,14,-125,15,32,15,-98,15,96,15,-52,15,-98,15,9,0,-37,15,93,0,13,0,-70,0,40,0,8,1,31,0,28,1]"
CSI_DATA,5674,d8:b1:90:d9:de:f0,-42,9,-99,-35,43,104,405476427,98,0,106,0,"[-101,0,117,0,-45,0,-88,0,-17,0,-70,0,-28,0,-90,0,-68,0,-128,0,-135,0,110,0,50,0,75,0,-79,16,54,0,66,16,49,0,-46,15,65,0,-101,15,94,0,-85,15,122,0,-9,15,114,0,0,0,0,0,-77,16,41,0,14,0,-47,16,95,0,129,16,136,0,41,16,135,0,2,16,107,0,18,16,75,0,85,16,51,0,-114,16,41,0,-19,16,54,0,86,0,92,0,-94,0,-124,0,-38,0,-68,0]"
CSI_DATA,5675,d8:b1:90:d9:de:f0,-46,11,-99,-39,47,104,405503630,100,0,228,0,"[-8,-1,-11,0,-14,0,-16,2,-19,2,-20,2,-20,2,95,57,-19,1,-17,1,-15,1,-13,1,-11,2,-8,3,-6,3,-3,6,0,8,2,10,5,13,6,15,8,16,27,-45,10,20,9,20,8,20,7,18,6,16,5,13,0,0,3,7,3,4,3,0,3,-3,3,-6,5,-9,75,0,7,-14,8,-15,9,-16,9,-14,9,-13,8,-12,6,-10,5,-9,3,-7,2,-6,0,-5,-2,-3,-4,-3,-54,11,-10,-3,-12,-3,-13,-4,-14,-5,-13,-6,-12,-6,-10,-6,-5,-16,-16,-9,-20,4,-12,16,2,20,13,11,15,-1,-13,-7,-3,-8,-6,-1,-3,5,4,5,9,-1,5,-10,-5,-13,-15,-6,-17,7,-7,20,8,19,20,8,19,-8,16,0,-6,-14,-12,-3,-7,6,1,7,6,0,3,-7,0,0,-13,-2,-12,10,-1,17,12,15,20,3,16,-11,11,-31,-9,-15,-15,-4,-11,5,-2,8,3,5,2,0,0,0,-3,2,0,6,6,6,10,0,9,-7,1,-13,-16,-15,-14,-3,-13,7,-3,13,5,10,9,3,6,-3,0,-4]"
CSI_DATA,5676,d8:b1:90:d9:de:f0,-43,9,-99,-36,44,104,405511628,311,0,106,0,"[73,15,124,0,6,15,-95,0,-6,14,-70,0,21,15,-75,0,68,15,-109,0,110,15,97,0,-117,15,14,0,-100,15,-88,15,-102,15,63,15,-122,15,-32,14,108,15,-66,14,96,15,-38,14,115,15,31,15,0,0,0,0,-35,15,-70,15,64,0,-14,15,-85,0,23,0,-5,0,24,0,25,1,11,0,1,1,-4,15,-57,0,-7,15,-123,0,3,0,67,0,41,0,16,0,98,0,-21,15,-92,0,-19,15,-28,0,14,0]"
CSI_DATA,5677,d8:b1:90:d9:de:f0,-43,9,-99,-35,44,104,405893840,120,0,106,0,"[-55,0,93,0,15,0,-124,0,46,0,105,0,25,0,76,0,-31,0,48,0,-100,0,47,0,62,0,65,0,-29,14,114,0,-108,14,-58,0,97,14,17,0,103,14,59,0,-105,14,51,0,-67,14,-10,0,0,0,0,0,-34,14,45,0,-69,14,-56,14,119,14,108,14,65,14,67,14,40,14,69,14,55,14,97,14,103,14,-110,14,-78,14,-85,14,-7,14,-74,14,65,0,-86,14,-115,0,-122,14,-80,0,76,14,-104,0]"
CSI_DATA,5678,d8:b1:90:d9:de:f0,-42,9,-99,-35,43,104,405893962,113,0,106,0,"[-53,16,-52,0,-65,16,25,1,-38,16,55,1,-9,16,25,1,1,0,-32,0,-11,16,-112,0,-54,16,80,0,-135,16,2,0,37,16,-63,16,-49,15,-79,16,-94,15,-65,16,-76,15,-27,16,3,16,-2,16,0,0,0,0,-64,16,-18,16,37,0,-91,16,98,0,99,16,127,0,22,16,118,0,-2,15,92,0,25,16,64,0,88,16,59,0,-111,16,69,0,-37,16,112,0,37,0,-102,0,91,0,-39,0,107,0,-7,0]"
CSI_DATA,5679,d8:b1:90:d9:de:f0,-42,11,-99,-38,44,104,406102276,277,0,106,0,"[-16,15,-49,0,-41,15,39,1,-39,15,70,1,-32,15,44,1,-32,15,-18,0,-38,15,-96,0,-64,15,77,0,-102,15,-32,15,114,15,127,15,64,15,46,15,37,15,13,15,41,15,37,15,98,15,97,15,0,0,0,0,-6,15,-27,15,104,0,25,0,-56,0,64,0,20,1,80,0,42,1,81,0,0,1,73,0,-77,0,60,0,111,0,58,0,23,0,63,0,-66,15,87,0,126,15,117,0,74,15,-114,0,78,15]"
CSI_DATA,5680,d8:b1:90:d9:de:f0,-43,9,-99,-39,45,104,406102730,98,0,106,0,"[40,14,11,0,-41,13,13,0,-65,13,28,0,-36,13,37,0,16,14,34,0,83,14,9,0,-89,14,-31,14,-4,14,-100,14,71,0,68,14,-124,0,-1,13,-120,0,-39,13,107,0,-25,13,73,0,36,14,0,0,0,0,20,0,-17,14,29,0,93,0,48,0,-47,0,79,0,15,0,98,0,29,0,89,0,-7,0,62,0,-71,0,19,0,113,0,-35,14,55,0,-97,14,8,0,77,14,-26,14,21,14,-34,14,8,14]"
CSI_DATA,5681,d8:b1:90:d9:de:f0,-42,9,-99,-38,44,104,406102862,124,0,106,0,"[-45,0,-27,15,42,1,-34,15,65,1,-55,15,34,1,-62,15,-20,0,-58,15,-96,0,-22,15,100,0,30,0,13,0,109,0,-58,15,-64,0,-100,15,12,1,-110,15,58,1,-85,15,42,1,-57,15,-34,0,0,0,0,0,-16,15,23,0,-44,15,-102,15,-88,15,65,15,-132,15,1,15,123,15,-12,14,-134,15,26,15,-96,15,92,15,-42,15,-117,15,25,0,-61,15,100,0,-29,15,-83,0,-14,15,-22,0,-10,15,-11,0]"
CSI_DATA,5682,d8:b1:90:d9:de:f0,-43,9,-99,-39,45,104,406103020,130,0,106,0,"[92,14,109,14,37,14,53,14,4,14,53,14,17,14,74,14,55,14,112,14,119,14,-102,14,-45,14,-83,14,62,0,-82,14,-74,0,-93,14,1,0,-116,14,32,0,102,14,2,0,92,14,-67,0,116,14,0,0,0,0,32,0,-1,14,-30,14,98,0,-66,14,-54,0,-75,14,18,0,-60,14,39,0,-40,14,5,0,-32,14,-61,0,-36,14,109,0,-54,14,31,0,-92,14,-38,14,106,14,-100,14,53,14,-123,14,29,14]"
CSI_DATA,5683,d8:b1:90:d9:de:f0,-43,9,-99,-37,45,104,406311656,108,0,106,0,"[-9,13,32,13,-16,13,-41,12,-47,13,-60,12,-66,13,-29,12,-66,13,29,13,-41,13,99,13,4,0,-57,13,85,0,14,0,-48,0,69,0,36,0,88,0,84,0,72,0,67,0,39,0,5,0,12,0,0,0,0,0,53,0,13,0,-37,13,65,0,-110,13,-105,0,87,13,-46,0,91,13,-24,0,-117,13,-46,0,-82,13,-100,0,-56,13,65,0,-53,13,-11,13,-68,13,-89,13,-108,13,73,13,74,13,39,13,33,13]"
CSI_DATA,5684,d8:b1:90:d9:de:f0,-43,9,-99,-34,44,104,406311819,101,0,106,0,"[-27,0,2,0,45,0,2,0,65,0,-16,14,26,0,-36,14,-22,0,-44,14,-94,0,-18,14,71,0,21,0,-7,14,102,0,-67,14,-47,0,-90,14,29,0,-83,14,74,0,-50,14,64,0,-25,14,5,0,0,0,0,0,-32,14,56,0,-82,14,-35,14,98,14,-101,14,40,14,105,14,22,14,106,14,44,14,-112,14,100,14,-82,14,-70,14,-64,14,2,0,-61,14,79,0,-86,14,-95,0,109,14,-62,0,63,14,-88,0]"
CSI_DATA,5685,d8:b1:90:d9:de:f0,-43,9,-99,-37,45,104,406311941,130,0,106,0,"[-33,0,-45,13,44,0,-44,13,68,0,-49,13,34,0,-47,13,-21,0,-36,13,-94,0,-9,13,55,0,25,0,-44,13,72,0,89,13,-103,0,20,13,-55,0,-11,12,-25,0,2,13,-29,0,52,13,-76,0,0,0,0,0,-53,13,14,0,3,0,-78,13,45,0,68,13,74,0,5,13,84,0,-12,12,77,0,22,13,66,0,92,13,55,0,-66,13,45,0,12,0,50,0,94,0,63,0,-56,0,86,0,0,0,114,0]"
CSI_DATA,5686,d8:b1:90:d9:de:f0,-43,9,-99,-34,44,104,406312103,98,0,106,0,"[30,14,-6,14,-41,13,0,0,-63,13,26,0,-32,13,50,0,29,14,54,0,100,14,32,0,-73,14,-19,14,-5,14,-99,14,44,0,40,14,56,0,-44,13,38,0,-84,13,6,0,-67,13,-12,14,-5,13,0,0,0,0,19,0,-65,14,84,0,11,0,-75,0,67,0,-14,0,86,0,4,0,79,0,-20,0,58,0,-83,0,40,0,85,0,39,0,15,0,61,0,-50,14,109,0,-91,14,-67,0,-103,14,-12,0,-65,14]"
CSI_DATA,5687,d8:b1:90:d9:de:f0,-42,11,-99,-34,43,104,406504003,100,0,114,0,"[30,-1,34,2,36,3,37,6,34,9,34,10,31,11,31,12,29,12,28,12,26,12,26,12,26,13,26,13,27,15,28,15,28,16,29,19,29,20,30,20,30,21,30,22,29,22,28,22,26,21,25,22,25,21,24,22,0,0,22,22,21,22,21,23,21,24,21,25,20,26,20,26,19,25,18,24,19,23,18,23,15,22,15,20,13,19,13,19,12,19,12,18,12,18,12,19,12,19,12,20,11,21,12,22,11,22,10,22,9,22,7,21,5,19]"
CSI_DATA,5688,d8:b1:90:d9:de:f0,-43,11,-99,-39,45,104,406728972,277,0,106,0,"[73,14,-59,14,0,14,-97,14,-37,13,-96,14,-16,13,-79,14,34,14,-68,14,108,14,-53,14,-44,14,-61,14,65,0,-87,14,-69,0,115,14,8,0,69,14,37,0,29,14,7,0,20,14,-55,0,48,14,0,0,0,0,33,0,-63,14,-32,14,40,0,-72,14,-104,0,-84,14,-22,0,-79,14,7,0,-64,14,-15,0,-49,14,-73,0,-46,14,99,0,-56,14,22,0,-86,14,-50,14,117,14,-122,14,67,14,99,14,35,14]"
CSI_DATA,5689,d8:b1:90:d9:de:f0,-43,9,-99,-38,45,104,406729462,124,0,106,0,"[107,0,-84,0,-107,0,-12,0,-85,0,11,0,-92,0,-12,0,-119,0,-54,0,72,0,-101,0,-4,14,95,0,-106,14,58,0,22,14,39,0,-69,13,42,0,-108,13,57,0,-86,13,76,0,-19,13,80,0,0,0,0,0,-66,14,33,0,26,0,-33,14,101,0,-118,14,-101,0,56,14,-91,0,25,14,-112,0,40,14,100,0,95,14,84,0,-86,14,76,0,-14,14,91,0,58,0,-116,0,-115,0,-70,0,-80,0,-46,0]"
CSI_DATA,5690,d8:b1:90:d9:de:f0,-42,9,-99,-36,43,104,406761520,98,0,106,0,"[-138,0,102,16,-88,0,46,16,-94,0,14,16,-135,0,23,16,108,0,67,16,87,0,-139,16,93,0,-49,16,135,0,61,0,-72,0,-130,0,15,1,-80,0,76,1,-87,0,80,1,142,0,12,1,81,0,0,0,0,0,87,0,24,0,-26,16,69,0,-107,16,-143,0,136,16,-70,0,141,16,-37,0,-115,16,-56,0,-85,16,-115,0,-74,16,100,0,-86,16,26,0,-135,16,-37,16,80,16,-80,16,12,16,-80,16,-14,15]"
CSI_DATA,5691,d8:b1:90:d9:de:f0,-42,9,-99,-36,43,104,406789372,130,0,106,0,"[25,16,25,0,-58,15,33,0,-75,15,60,0,-37,15,76,0,28,16,72,0,111,16,43,0,-100,16,-19,16,-22,16,-120,16,29,0,51,16,44,0,-53,15,31,0,-102,15,-8,16,-84,15,-29,16,2,16,0,0,0,0,14,0,-75,16,92,0,23,0,-100,0,90,0,-22,0,122,0,1,1,111,0,-28,0,81,0,-98,0,58,0,107,0,53,0,23,0,67,0,-53,16,107,0,-123,16,-116,0,-138,16,-48,0,-107,16]"
CSI_DATA,5692,d8:b1:90:d9:de:f0,-42,9,-99,-38,44,104,406832160,120,0,106,0,"[-76,0,-46,15,13,1,-31,15,52,1,-28,15,32,1,-27,15,-16,0,-16,15,-85,0,10,0,102,0,61,0,8,0,134,0,-81,15,-49,0,129,15,34,1,97,15,80,1,122,15,79,1,-109,15,5,1,0,0,0,0,-21,15,76,0,-13,15,-61,15,-24,15,85,15,-44,15,-7,14,-58,15,-37,14,-57,15,-8,14,-36,15,55,15,-6,15,127,15,41,0,-70,15,109,0,-15,15,-84,0,37,0,-16,0,51,0,5,1]"
CSI_DATA,5693,d8:b1:90:d9:de:f0,-43,9,-99,-35,44,104,406832372,120,0,106,0,"[-23,14,67,14,0,0,-11,13,0,0,-42,13,0,0,-29,13,3,0,15,14,22,0,78,14,60,0,-94,14,121,0,-3,14,-45,0,78,0,28,0,-110,0,71,0,-89,0,68,0,-116,0,8,0,91,0,0,0,0,0,66,0,20,0,-53,14,14,0,78,14,26,0,-1,13,53,0,-29,13,76,0,0,13,76,0,52,14,53,0,115,14,17,0,-72,14,-30,14,-26,14,-99,14,6,0,75,14,10,0,10,14,-17,14]"
CSI_DATA,5694,d8:b1:90:d9:de:f0,-42,9,-99,-37,44,104,406859364,124,0,106,0,"[-90,0,-100,0,-25,0,-58,0,10,1,-78,0,-2,0,-130,0,-43,0,91,0,-118,0,73,0,62,0,83,0,-27,15,-122,0,-95,15,-40,0,-120,15,46,1,-96,15,99,1,-43,15,85,1,-3,15,11,1,0,0,0,0,-7,15,76,0,-80,15,-6,15,92,15,-57,15,15,15,-68,15,-16,14,-48,15,9,15,-24,15,68,15,-12,15,-129,15,-21,15,-76,15,-58,15,-42,15,-116,15,-36,15,68,15,-62,15,14,15,-116,15]"
CSI_DATA,5695,d8:b1:90:d9:de:f0,-43,11,-99,-36,44,104,407146770,277,0,106,0,"[-117,15,-66,0,89,15,-15,0,85,15,10,1,106,15,-4,0,-112,15,-53,0,-93,15,-113,0,-88,15,51,0,-106,15,-53,15,98,15,99,15,33,15,26,15,-16,14,11,15,-27,14,40,15,19,15,101,15,0,0,0,0,-62,15,-65,15,45,0,-65,15,-106,0,-92,15,-45,0,-128,15,-25,0,98,15,-61,0,106,15,-113,0,-112,15,97,0,-49,15,65,0,19,0,61,0,103,0,79,0,-74,0,-125,0,-25,0,-84,0]"
CSI_DATA,5696,d8:b1:90:d9:de:f0,-42,9,-99,-39,44,104,407147251,130,0,106,0,"[117,16,103,16,85,16,40,16,57,16,30,16,55,16,64,16,87,16,112,16,-131,16,-130,16,-44,16,-107,16,69,0,-117,16,-89,0,121,16,-11,0,59,16,6,1,5,16,-35,0,-7,15,-99,0,31,16,0,0,0,0,67,0,-80,16,76,0,44,0,117,0,-128,0,-112,0,-64,0,-81,0,-59,0,-87,0,-93,0,-130,0,136,0,81,0,99,0,3,0,77,0,-80,16,92,0,118,16,-135,0,85,16,-78,0,121,16]"
CSI_DATA,5697,d8:b1:90:d9:de:f0,-42,9,-99,-38,44,104,407147359,98,0,106,0,"[-94,15,73,15,-97,15,-8,14,-103,15,-38,14,-93,15,-13,14,-67,15,40,15,-33,15,103,15,30,0,-85,15,114,0,-2,15,-58,0,72,0,30,1,134,0,78,1,-113,0,70,1,-131,0,5,1,99,0,0,0,0,0,73,0,39,0,-50,15,54,0,102,15,73,0,23,15,95,0,-3,14,112,0,33,15,100,0,97,15,66,0,-105,15,24,0,-41,15,-37,15,10,0,-112,15,44,0,75,15,49,0,1,15,21,0]"
CSI_DATA,5698,d8:b1:90:d9:de:f0,-42,9,-99,-39,44,104,407191004,500,0,106,0,"[-70,16,52,16,-74,16,-20,15,-93,16,-42,15,-104,16,-11,15,-100,16,45,16,-54,16,113,16,14,0,-105,16,129,0,-57,16,-26,0,-38,16,75,1,-56,16,121,1,-93,16,95,1,-133,16,10,1,-128,16,0,0,0,0,100,0,-43,16,35,0,61,0,14,0,-114,0,9,0,-33,0,20,0,-6,0,31,0,-35,0,17,0,-101,0,-14,16,114,0,-63,16,55,0,137,16,23,0,56,16,13,0,-3,15,43,0,-6,15]"
CSI_DATA,5699,d8:b1:90:d9:de:f0,-42,9,-99,-39,44,104,407192281,500,0,106,0,"[130,16,105,16,90,16,32,16,57,16,21,16,64,16,54,16,99,16,106,16,-113,16,-123,16,-18,16,-82,16,102,0,-67,16,-39,0,-75,16,62,1,-112,16,98,1,123,16,67,1,95,16,-14,0,112,16,0,0,0,0,81,0,-50,16,19,0,58,0,-6,16,-105,0,-6,16,-27,0,2,0,-2,0,13,0,-38,0,8,0,-106,0,-17,16,103,0,-59,16,27,0,-125,16,-25,16,70,16,-62,16,-2,15,-63,16,-20,15]"
CSI_DATA,5700,d8:b1:90:d9:de:f0,-43,9,-99,-35,44,104,407192536,500,0,106,0,"[-79,14,-59,0,-119,14,3,0,-113,14,34,0,-83,14,18,0,-57,14,-29,0,-46,14,-102,0,-57,14,54,0,-100,14,-50,14,75,14,99,14,0,14,42,14,-58,13,36,14,-68,13,80,14,-15,13,-111,14,0,0,0,0,-82,14,-32,14,32,0,-48,14,-123,0,-87,14,-62,0,114,14,-54,0,86,14,-87,0,99,14,115,0,-109,14,79,0,-46,14,57,0,23,0,62,0,103,0,90,0,-70,0,-110,0,-28,0,-64,0]"
CSI_DATA,5701,d8:b1:90:d9:de:f0,-46,11,-99,-36,47,104,407504066,100,0,228,0,"[6,4,9,3,12,3,15,2,16,4,17,4,17,4,87,52,15,5,14,5,12,4,10,4,9,2,7,0,5,-2,3,-4,2,-7,2,-11,1,-14,2,-18,2,-20,24,-41,4,-21,5,-21,5,-20,6,-18,6,-15,6,-12,0,0,2,-7,0,-4,-1,-2,-4,0,-7,0,-9,2,65,10,-13,2,-15,2,-15,2,-14,2,-14,0,-12,0,-10,0,-7,1,-5,2,-3,2,-2,4,0,5,0,7,13,0,2,12,2,14,2,16,1,17,0,16,-2,15,-3,13,1,16,13,14,21,2,17,-12,4,-19,-7,-16,-14,-4,7,10,-2,7,4,4,4,-2,-2,-6,-7,-2,-8,6,-1,13,9,12,17,2,14,-11,3,-19,-10,-15,-16,-4,-9,-13,-1,12,6,7,7,-1,0,-6,-6,-2,-7,5,0,0,9,11,16,0,14,-12,2,-19,-12,-17,-20,-4,-29,12,-5,16,5,14,11,4,8,-2,2,-4,-1,-2,0,0,3,0,4,-2,2,-7,-4,-8,-9,-3,-10,4,-2,21,3,12,10,6,11,-2,5,-8,-2,-7,-5,-2,-2,3]"
CSI_DATA,5702,d8:b1:90:d9:de:f0,-42,11,-99,-37,44,104,407564567,277,0,106,0,"[100,15,-107,0,34,15,-53,0,28,15,-21,0,61,15,-29,0,102,15,-68,0,-125,15,129,0,-95,15,42,0,-86,15,-76,15,-98,15,76,15,-128,15,-20,14,107,15,-56,14,95,15,-27,14,120,15,40,15,0,0,0,0,-20,15,-66,15,81,0,-8,15,-72,0,29,0,9,1,41,0,42,1,29,0,18,1,18,0,-46,0,12,0,-113,0,21,0,69,0,49,0,1,0,96,0,-56,15,-97,0,-79,15,-25,0,-50,15]"
CSI_DATA,5703,d8:b1:90:d9:de:f0,-42,9,-99,-35,43,104,407565039,124,0,106,0,"[57,16,82,0,-18,15,109,0,-41,15,-135,0,-5,15,-123,0,51,16,135,0,112,16,90,0,-107,16,7,0,-68,16,-99,16,-56,16,52,16,-73,16,-45,15,-95,16,-81,15,-123,16,-52,15,-119,16,16,16,0,0,0,0,-14,16,-74,16,85,0,-3,16,-81,0,41,0,7,1,47,0,37,1,31,0,18,1,10,0,-47,0,1,0,-123,0,15,0,83,0,40,0,9,0,104,0,-39,16,-98,0,-38,16,-19,0,-2,16]"
CSI_DATA,5704,d8:b1:90:d9:de:f0,-41,9,-99,-37,43,104,407565170,98,0,106,0,"[-45,0,23,0,41,1,39,0,72,1,27,0,47,1,3,0,-17,0,-4,17,-91,0,12,0,122,0,62,0,42,0,137,0,-35,17,-57,0,-70,17,42,1,-75,17,88,1,-45,17,76,1,-16,17,-1,0,0,0,0,0,-35,17,100,0,-95,17,-13,17,108,17,-99,17,36,17,146,17,-1,16,142,17,17,17,-130,17,71,17,-101,17,-140,17,-84,17,-65,17,-85,17,18,0,-121,17,88,0,120,17,123,0,54,17,102,0]"
CSI_DATA,5705,d8:b1:90:d9:de:f0,-42,9,-99,-35,43,104,407565302,130,0,106,0,"[55,16,-66,16,-30,15,-87,16,-69,15,-63,16,-45,15,-28,16,14,16,-7,16,93,16,-10,16,-99,16,-49,16,-10,16,-119,16,65,0,56,16,95,0,-37,15,89,0,-85,15,47,0,-79,15,10,0,-8,15,0,0,0,0,16,0,-80,16,79,0,33,0,-115,0,114,0,-35,0,-121,0,5,1,-124,0,-5,0,121,0,-64,0,86,0,-137,0,65,0,62,0,67,0,-21,16,103,0,-90,16,-114,0,-112,16,-44,0,-81,16]"
CSI_DATA,5706,d8:b1:90:d9:de:f0,-42,9,-99,-37,43,104,407565437,108,0,106,0,"[121,0,77,17,-125,0,3,17,-133,0,-39,16,127,0,-17,16,99,0,31,17,81,0,109,17,95,0,-94,17,146,0,4,0,-72,0,106,0,1,1,-135,0,56,1,-129,0,57,1,138,0,-9,0,97,0,0,0,0,0,80,0,53,0,-35,17,98,0,-129,17,-133,0,106,17,-62,0,94,17,-23,0,121,17,-41,0,-130,17,-91,0,-105,17,129,0,-91,17,55,0,-114,17,-31,17,128,17,-102,17,66,17,-139,17,23,17]"
CSI_DATA,5707,d8:b1:90:d9:de:f0,-42,9,-99,-36,43,104,407773911,98,0,106,0,"[79,16,94,0,-13,15,127,0,-41,15,-131,0,-10,15,-129,0,48,16,139,0,111,16,85,0,-98,16,15,0,-17,16,-85,16,51,0,80,16,90,0,-21,15,90,0,-84,15,71,0,-74,15,47,0,-4,15,0,0,0,0,10,0,-65,16,31,0,67,0,77,0,-96,0,124,0,-17,0,-134,0,8,1,-141,0,-22,0,112,0,-85,0,54,0,130,0,-5,16,67,0,-86,16,11,0,102,16,-26,16,23,16,-31,16,-3,15]"
CSI_DATA,5708,d8:b1:90:d9:de:f0,-41,9,-99,-36,43,104,407821440,130,0,106,0,"[-94,16,38,16,-114,16,-24,15,-136,16,-25,15,-130,16,24,16,-102,16,89,16,-42,16,-139,16,44,0,-87,16,-125,0,-52,16,-1,0,-44,16,87,1,-75,16,112,1,-115,16,77,1,-140,16,-12,0,-122,16,0,0,0,0,103,0,-11,16,50,0,97,0,34,0,-89,0,40,0,-21,0,52,0,-8,0,54,0,-51,0,32,0,-122,0,-13,16,100,0,-68,16,44,0,132,16,11,0,44,16,3,0,-19,15,41,0,-12,15]"
CSI_DATA,5709,d8:b1:90:d9:de:f0,-42,9,-99,-35,43,104,407821871,113,0,106,0,"[29,16,-40,16,-34,15,-73,16,-45,15,-70,16,-1,15,-57,16,65,16,-52,16,-116,16,-55,16,-14,16,-73,16,110,0,-110,16,-52,0,119,16,29,1,73,16,57,1,37,16,29,1,42,16,-39,0,103,16,0,0,0,0,78,0,-20,16,33,0,95,0,0,0,-81,0,-15,16,-11,0,-18,16,6,1,-20,16,-40,0,-27,16,-117,0,-39,16,80,0,-65,16,-5,16,-113,16,-86,16,106,16,119,16,47,16,83,16,16,16]"
CSI_DATA,5710,d8:b1:90:d9:de:f0,-41,9,-99,-34,42,104,407854954,124,0,106,0,"[129,17,-97,0,65,17,-27,0,66,17,13,1,98,17,-1,0,141,17,-47,0,-123,17,-125,0,-90,17,78,0,-90,17,-54,17,-106,17,110,17,-139,17,-2,16,123,17,-43,16,104,17,-22,16,134,17,53,17,0,0,0,0,-33,17,-64,17,95,0,-3,17,-74,0,24,0,23,1,23,0,57,1,0,0,23,1,-17,17,-58,0,-32,17,-144,0,-20,17,64,0,14,0,-13,17,77,0,-77,17,-142,0,-101,17,-67,0,-60,17]"
CSI_DATA,5711,d8:b1:90:d9:de:f0,-43,11,-99,-36,44,104,408191263,277,0,106,0,"[56,15,-95,15,-12,14,124,15,-41,14,-124,15,-23,14,-90,15,29,15,-61,15,103,15,-52,15,-60,15,-52,15,47,0,-77,15,-102,0,-125,15,-22,0,72,15,-4,0,28,15,-28,0,22,15,-80,0,60,15,0,0,0,0,63,0,-41,15,47,0,71,0,56,0,-80,0,78,0,-8,0,93,0,10,1,94,0,-23,0,75,0,-85,0,34,0,105,0,-23,15,43,0,-99,15,0,0,68,15,-23,15,-3,14,-11,15,-22,14]"
CSI_DATA,5712,d8:b1:90:d9:de:f0,-42,9,-99,-37,44,104,408191744,224,0,106,0,"[-82,0,110,15,-20,0,53,15,-22,0,16,15,-65,0,22,15,-119,0,60,15,102,0,123,15,68,0,-46,15,64,0,68,0,90,0,-75,0,-125,0,14,1,-80,0,46,1,-51,0,16,1,-80,0,-53,0,0,0,0,0,32,0,73,0,-77,15,45,0,75,15,50,0,-3,14,74,0,-19,14,107,0,22,15,112,0,92,15,88,0,-108,15,45,0,-45,15,-17,15,-14,15,-102,15,-4,15,64,15,-43,15,-9,14,-102,15]"
CSI_DATA,5713,d8:b1:90:d9:de:f0,-41,9,-99,-37,43,104,408191925,321,0,106,0,"[-132,0,90,17,-81,0,16,17,-94,0,-21,16,-144,0,-4,16,103,0,42,17,70,0,122,17,60,0,-70,17,91,0,57,0,-142,0,-120,0,-68,0,-41,0,-3,0,-25,0,11,1,-65,0,-40,0,-131,0,0,0,0,0,64,0,61,0,-66,17,76,0,118,17,117,0,53,17,-118,0,45,17,-79,0,92,17,-90,0,-143,17,-133,0,-91,17,91,0,-57,17,0,0,-57,17,-95,17,-92,17,98,17,136,17,40,17,65,17]"
CSI_DATA,5714,d8:b1:90:d9:de:f0,-42,9,-99,-34,43,104,408192156,321,0,106,0,"[-45,0,70,0,23,1,115,0,47,1,123,0,19,1,110,0,-37,0,91,0,-117,0,80,0,51,0,68,0,-69,15,66,0,69,15,75,0,-28,14,102,0,-74,14,115,0,-58,14,118,0,1,15,94,0,0,0,0,0,-80,15,-7,15,10,0,-90,15,79,0,92,15,127,0,25,15,-132,0,0,15,126,0,32,15,98,0,99,15,70,0,-92,15,50,0,0,0,47,0,95,0,57,0,-79,0,91,0,-9,0,129,0]"
CSI_DATA,5715,d8:b1:90:d9:de:f0,-43,9,-99,-36,44,104,408192342,321,0,106,0,"[-93,15,56,15,-109,15,-17,14,-123,15,-39,14,-117,15,-12,14,-96,15,43,15,-52,15,105,15,8,0,-80,15,91,0,-2,15,-73,0,71,0,11,1,122,0,55,1,-117,0,45,1,122,0,-15,0,97,0,0,0,0,0,55,0,54,0,-56,15,61,0,92,15,80,0,22,15,107,0,-4,14,116,0,27,15,103,0,87,15,73,0,-105,15,30,0,-39,15,-26,15,15,0,-99,15,52,0,79,15,62,0,5,15,32,0]"
CSI_DATA,5716,d8:b1:90:d9:de:f0,-42,9,-99,-37,44,104,408192564,321,0,106,0,"[-42,15,31,15,-41,15,-49,14,-53,15,-71,14,-63,15,-44,14,-48,15,21,15,-20,15,88,15,19,0,-80,15,92,0,18,0,-80,0,103,0,5,1,-90,0,45,1,-77,0,36,1,-99,0,-20,0,128,0,0,0,0,0,49,0,58,0,-64,15,60,0,82,15,74,0,9,15,96,0,-12,14,114,0,19,15,103,0,81,15,73,0,-115,15,32,0,-42,15,-29,15,12,0,-107,15,53,0,72,15,54,0,-10,14,18,0]"
CSI_DATA,5717,d8:b1:90:d9:de:f0,-41,9,-99,-37,43,104,408192741,101,0,106,0,"[-41,0,-5,17,46,1,6,0,79,1,-5,17,45,1,-20,17,-20,0,-21,17,-109,0,-4,17,86,0,38,0,-26,17,106,0,-133,17,-103,0,85,17,-21,0,60,17,24,1,84,17,26,1,131,17,-40,0,0,0,0,0,-68,17,56,0,-62,17,-80,17,-78,17,95,17,-106,17,11,17,-118,17,-12,16,-115,17,24,17,-83,17,97,17,-38,17,-124,17,24,0,-47,17,114,0,12,0,-81,0,48,0,2,1,47,0,28,1]"
CSI_DATA,5718,d8:b1:90:d9:de:f0,-41,9,-99,-37,43,104,408242247,113,0,106,0,"[-112,0,-136,0,-47,0,-72,0,-4,0,-73,0,-9,0,-116,0,-48,0,132,0,-118,0,99,0,83,0,95,0,-27,17,125,0,-133,17,-103,0,90,17,-8,0,85,17,50,1,130,17,60,1,-92,17,-2,0,0,0,0,0,-46,17,109,0,-71,17,-13,17,137,17,-112,17,63,17,139,17,26,17,143,17,42,17,-120,17,100,17,-83,17,-118,17,-66,17,-36,17,-79,17,38,0,-129,17,86,0,86,17,87,0,1,17,31,0]"
CSI_DATA,5719,d8:b1:90:d9:de:f0,-42,9,-99,-36,43,104,408268266,124,0,106,0,"[51,16,-78,16,-1,15,-115,16,-25,15,-118,16,-5,15,-97,16,49,16,-81,16,126,16,-75,16,-69,16,-92,16,37,0,-136,16,-143,0,84,16,-77,0,6,16,-52,0,-32,15,-79,0,-35,15,-129,0,13,16,0,0,0,0,78,0,-100,16,85,0,22,0,125,0,124,0,-124,0,-87,0,-108,0,-70,0,-122,0,-90,0,122,0,-133,0,60,0,115,0,-15,16,87,0,-104,16,92,0,93,16,124,0,37,16,-113,0,50,16]"
CSI_DATA,5720,d8:b1:90:d9:de:f0,-42,9,-99,-38,44,104,408283942,98,0,106,0,"[-129,15,57,15,117,15,0,15,96,15,-6,14,95,15,34,15,120,15,82,15,-92,15,-134,15,-9,15,-98,15,103,0,-76,15,-51,0,-84,15,37,1,-121,15,78,1,104,15,49,1,80,15,-21,0,102,15,0,0,0,0,102,0,-49,15,73,0,56,0,74,0,-117,0,92,0,-43,0,108,0,-21,0,106,0,-55,0,78,0,-111,0,30,0,103,0,-37,15,61,0,-121,15,47,0,58,15,63,0,0,15,109,0,8,15]"
CSI_DATA,5721,d8:b1:90:d9:de:f0,-41,11,-99,-34,42,104,408503998,100,0,114,0,"[32,9,35,11,36,15,35,19,35,20,33,20,30,21,29,21,28,19,27,20,26,19,24,20,26,20,26,21,27,21,28,22,29,22,30,24,30,23,32,24,29,23,30,24,29,26,30,24,28,24,27,23,27,23,27,23,0,0,27,23,24,24,24,23,26,26,24,24,26,26,26,26,26,26,24,26,26,23,23,22,22,22,21,20,20,20,20,19,19,19,19,17,19,17,20,17,20,19,21,19,21,21,21,22,20,22,20,23,17,23,15,22,11,21]"
CSI_DATA,5722,d8:b1:90:d9:de:f0,-43,11,-99,-36,44,104,408609061,277,0,106,0,"[12,0,-4,0,19,0,62,1,43,0,78,1,67,0,45,1,64,0,-16,0,46,0,-81,0,-6,15,106,0,-89,15,42,0,58,15,0,0,-42,14,-4,15,-91,14,22,0,-75,14,59,0,-16,14,72,0,0,0,0,0,-97,15,20,0,-32,15,-67,15,5,0,92,15,6,0,11,15,-18,15,-23,14,-42,15,-1,14,-49,15,61,15,-32,15,-122,15,8,0,-57,15,77,0,-8,15,-94,0,17,0,-21,0,-6,15,-2,0]"
CSI_DATA,5723,d8:b1:90:d9:de:f0,-43,9,-99,-35,44,104,408609524,98,0,106,0,"[104,14,62,14,74,14,-9,13,54,14,-20,13,69,14,10,14,102,14,52,14,-97,14,108,14,-20,14,-84,14,78,0,-33,14,-59,0,6,0,33,0,30,0,93,0,21,0,92,0,5,0,30,0,-10,14,0,0,0,0,89,0,5,0,-10,14,56,0,-101,14,121,0,92,14,-66,0,73,14,-29,0,99,14,-39,0,-104,14,-86,0,-68,14,100,0,-37,14,24,0,-26,14,-61,14,-38,14,96,14,-79,14,32,14,122,14]"
CSI_DATA,5724,d8:b1:90:d9:de:f0,-42,9,-99,-34,43,104,408609656,98,0,106,0,"[-122,0,-57,0,-91,0,13,1,-69,0,23,1,-85,0,-8,0,-115,0,-64,0,105,0,-126,0,24,0,87,0,-82,15,28,0,65,15,-9,15,-41,14,-27,15,-100,14,-19,15,-95,14,12,0,-27,14,24,0,0,0,0,0,-94,15,-3,15,12,0,-61,15,106,0,131,15,-111,0,60,15,-102,0,19,15,134,0,28,15,95,0,85,15,56,0,-114,15,32,0,-27,15,31,0,66,0,57,0,-108,0,115,0,-47,0,-101,0]"
CSI_DATA,5725,d8:b1:90:d9:de:f0,-42,9,-99,-35,43,104,408609778,98,0,106,0,"[-78,16,-21,0,-123,16,38,1,-131,16,61,1,-116,16,30,1,-98,16,-23,0,-80,16,-105,0,-88,16,77,0,-106,16,-35,16,136,16,119,16,92,16,19,16,62,16,-29,15,52,16,-16,15,88,16,39,16,0,0,0,0,-57,16,-95,16,55,0,-54,16,-105,0,-33,16,-13,0,-27,16,21,1,-35,16,0,1,-40,16,-61,0,-39,16,137,0,-19,16,61,0,18,0,-7,16,81,0,-61,16,-118,0,-82,16,-42,0,-52,16]"
CSI_DATA,5726,d8:b1:90:d9:de:f0,-42,9,-99,-34,43,104,408609937,120,0,106,0,"[-72,0,111,15,-3,0,66,15,3,1,41,15,-39,0,46,15,-90,0,81,15,131,0,-120,15,81,0,-36,15,48,0,77,0,36,0,-65,0,45,0,38,1,80,0,88,1,102,0,76,1,100,0,10,1,0,0,0,0,25,0,87,0,-64,15,3,0,101,15,-52,15,14,15,-73,15,-22,14,-64,15,-3,14,-43,15,58,15,-13,15,-131,15,-8,15,-41,15,-18,15,42,0,-57,15,121,0,-122,15,-110,0,75,15,127,0]"
CSI_DATA,5727,d8:b1:90:d9:de:f0,-43,9,-99,-35,44,104,408610050,120,0,106,0,"[35,0,14,14,58,0,-52,13,48,0,-77,13,29,0,-52,13,11,0,6,14,16,0,78,14,36,0,-78,14,80,0,18,0,-99,0,110,0,-21,0,-68,0,34,0,-49,0,45,0,-76,0,0,0,123,0,0,0,0,0,81,0,40,0,-35,14,49,0,106,14,71,0,34,14,118,0,13,14,-96,0,44,14,-89,0,102,14,-119,0,-90,14,82,0,-46,14,15,0,-16,14,-63,14,-14,14,92,14,-44,14,17,14,-99,14]"
CSI_DATA,5728,d8:b1:90:d9:de:f0,-43,9,-99,-36,44,104,408610163,130,0,106,0,"[114,15,50,15,88,15,-7,14,68,15,-18,14,73,15,13,15,104,15,63,15,-100,15,113,15,-24,15,-99,15,79,0,-62,15,-58,0,-42,15,41,1,-45,15,83,1,-62,15,71,1,-83,15,18,1,-84,15,0,0,0,0,100,0,-17,15,23,0,64,0,-27,15,-96,0,-51,15,-14,0,-45,15,15,1,-29,15,1,1,-14,15,-55,0,-14,15,-125,0,-28,15,51,0,-72,15,-22,15,116,15,-84,15,46,15,-107,15,6,15]"
CSI_DATA,5729,d8:b1:90:d9:de:f0,-41,9,-99,-37,43,104,408644334,252,0,106,0,"[-48,0,139,0,41,1,-131,0,90,1,130,0,70,1,76,0,12,1,38,0,-60,0,20,0,146,0,51,0,77,0,116,0,25,0,-68,0,17,0,25,1,45,0,71,1,85,0,58,1,102,0,-21,0,0,0,0,0,24,0,90,0,-86,17,39,0,90,17,33,0,5,17,62,0,-19,16,107,0,19,17,130,0,88,17,122,0,-146,17,80,0,-100,17,18,0,-93,17,-63,17,-128,17,-142,17,105,17,116,17,56,17]"
CSI_DATA,5730,d8:b1:90:d9:de:f0,-43,9,-99,-34,44,104,409027312,108,0,106,0,"[3,14,11,0,-69,13,-3,14,-84,13,-13,14,-49,13,-19,14,19,14,-25,14,100,14,-24,14,-43,14,-12,14,70,0,11,0,-57,0,40,0,29,0,68,0,60,0,82,0,37,0,79,0,-23,0,67,0,0,0,0,0,22,0,0,0,-84,14,-32,14,54,14,-72,14,-8,13,-93,14,-18,13,-101,14,19,14,-94,14,88,14,-72,14,-73,14,-44,14,7,0,-4,14,93,0,32,0,-67,0,71,0,-1,0,83,0,12,0]"
CSI_DATA,5731,d8:b1:90:d9:de:f0,-43,9,-99,-35,44,104,409027439,130,0,106,0,"[16,14,-75,14,-47,13,-97,14,-68,13,-89,14,-31,13,-67,14,19,14,-47,14,103,14,-36,14,-53,14,-29,14,60,0,-36,14,-70,0,-56,14,11,0,-79,14,45,0,-107,14,26,0,-115,14,-34,0,-96,14,0,0,0,0,34,0,-9,14,-47,14,74,0,-102,14,-91,0,110,14,-22,0,111,14,-1,0,-116,14,-29,0,-75,14,-89,0,-48,14,80,0,-24,14,-1,14,-22,14,-92,14,-36,14,66,14,-63,14,9,14,-108,14]"
CSI_DATA,5732,d8:b1:90:d9:de:f0,-42,11,-99,-33,43,104,409235757,277,0,106,0,"[-76,15,-13,0,-98,15,32,1,-89,15,42,1,-71,15,6,1,-57,15,-49,0,-53,15,-121,0,-76,15,60,0,-126,15,-32,15,71,15,-116,15,4,15,97,15,-34,14,81,15,-33,14,106,15,20,15,-120,15,0,0,0,0,-78,15,-111,15,18,0,113,15,88,0,62,15,125,0,11,15,123,0,-3,14,97,0,36,15,75,0,106,15,68,0,-80,15,75,0,-2,15,110,0,75,0,-98,0,-127,0,-37,0,-108,0,-12,0]"
CSI_DATA,5733,d8:b1:90:d9:de:f0,-42,9,-99,-35,44,104,409236211,98,0,106,0,"[17,14,-86,14,-34,13,-97,14,-46,13,-77,14,-18,13,-45,14,42,14,-25,14,108,14,-23,14,-58,14,-51,14,25,0,-106,14,93,0,57,14,118,0,-24,13,109,0,-69,13,70,0,-60,13,43,0,-2,13,0,0,0,0,69,0,-89,14,-115,0,-23,14,-37,0,19,0,15,0,24,0,26,0,7,0,-14,0,-9,14,-84,0,-9,14,92,0,10,0,29,0,56,0,-17,14,123,0,-36,14,-46,0,-13,14,16,0,34,0]"
CSI_DATA,5734,d8:b1:90:d9:de:f0,-40,9,-99,-36,42,104,409274182,98,0,106,0,"[80,18,-119,0,25,18,-86,0,17,18,-67,0,60,18,-81,0,107,18,-112,0,147,18,135,0,-140,18,54,0,-135,18,-64,18,-148,18,133,18,137,18,44,18,98,18,0,18,90,18,13,18,135,18,76,18,0,0,0,0,-20,18,-139,18,108,0,-142,18,-110,0,143,18,-45,0,93,18,-32,0,70,18,-78,0,90,18,-144,0,143,18,124,0,-95,18,91,0,-6,18,96,0,88,0,137,0,-138,0,-138,0,-81,0,-81,0]"
CSI_DATA,5735,d8:b1:90:d9:de:f0,-41,9,-99,-37,43,104,409274422,124,0,106,0,"[-105,0,-66,0,-75,0,-16,0,-55,0,-15,0,-62,0,-50,0,-91,0,-97,0,143,0,-139,0,64,0,129,0,-43,17,135,0,137,17,-138,0,47,17,-95,0,20,17,-60,0,43,17,-49,0,95,17,-91,0,0,0,0,0,-136,17,50,0,145,17,-66,17,91,17,132,17,41,17,83,17,15,17,84,17,35,17,123,17,92,17,-125,17,-121,17,-93,17,-34,17,-84,17,53,0,-109,17,127,0,125,17,-137,0,60,17,125,0]"
CSI_DATA,5736,d8:b1:90:d9:de:f0,-41,9,-99,-37,43,104,409445128,130,0,106,0,"[19,0,-20,16,6,0,-93,16,-18,17,-95,16,-31,17,-41,16,-19,17,38,17,4,0,118,17,55,0,-84,17,131,0,8,0,-71,0,83,0,1,1,125,0,26,1,128,0,-4,0,99,0,-87,0,65,0,0,0,0,0,-31,17,49,0,139,17,91,0,38,17,-142,0,-9,16,-87,0,2,17,-62,0,61,17,-87,0,136,17,144,0,-95,17,69,0,-51,17,-19,17,-32,17,-125,17,-41,17,73,17,-85,17,15,17,-128,17]"
CSI_DATA,5737,d8:b1:90:d9:de:f0,-45,11,-99,-38,47,104,409503686,100,0,228,0,"[6,-6,9,-10,11,-12,14,-13,16,-14,17,-14,17,-14,92,55,15,-11,14,-9,11,-8,9,-7,7,-6,5,-6,1,-5,-1,-5,-5,-5,-8,-5,-11,-5,-14,-5,-16,-5,26,-44,-17,-7,-15,-6,-14,-7,-11,-6,-8,-5,-5,-4,0,0,0,0,2,1,5,3,8,6,10,9,12,12,-40,0,14,16,14,17,13,17,11,15,11,14,9,12,8,10,7,7,5,5,5,2,5,0,4,-2,4,-5,47,0,5,-11,6,-12,7,-13,8,-13,9,-12,9,-10,8,-8,7,11,14,4,14,-6,5,-14,-5,-12,-9,-4,-7,2,16,-8,2,0,0,-3,-5,-2,-8,3,-4,11,5,13,15,6,17,-7,8,-20,-8,-20,-20,-8,-20,8,-8,18,-10,9,13,5,8,-5,0,-7,-5,-1,-2,5,5,6,0,0,8,-9,0,-14,-12,-11,-17,0,-12,12,0,17,23,26,12,1,7,-5,1,-5,0,-2,1,-1,2,-3,0,-7,-5,-7,-11,-2,-11,7,-3,14,8,14,17,5,21,-16,6,-16,-6,-15,-14,-6,-11,4,-3,9,3,5,5,0]"
CSI_DATA,5738,d8:b1:90:d9:de:f0,-43,11,-99,-37,45,104,409653555,277,0,106,0,"[40,0,-89,0,55,0,-17,0,45,0,-1,0,19,0,-28,0,-3,13,-93,0,-10,13,61,0,1,0,-35,13,55,0,93,13,-110,0,3,13,-32,0,-49,12,11,0,-45,12,7,0,-8,12,-32,0,44,13,0,0,0,0,45,0,105,13,-33,13,112,13,-105,13,97,13,95,13,89,13,100,13,91,13,-95,13,114,13,-43,13,-74,13,0,13,-10,13,29,0,63,0,49,0,-89,0,58,0,-8,0,64,0,46,0,66,0]"
CSI_DATA,5739,d8:b1:90:d9:de:f0,-43,9,-99,-36,44,104,409654008,98,0,106,0,"[97,15,40,0,27,15,61,0,9,15,57,0,41,15,31,0,108,15,6,0,-66,15,-2,15,42,0,7,0,-98,0,41,0,8,1,99,0,79,1,-94,0,92,1,-58,0,59,1,-60,0,-7,0,-94,0,0,0,0,0,-112,0,-1,15,111,0,-78,15,100,0,99,15,88,0,61,15,86,0,64,15,74,0,112,15,47,0,-77,15,2,0,-8,15,-51,15,58,0,-116,15,117,0,73,15,-82,0,33,15,-44,0,39,15]"
CSI_DATA,5740,d8:b1:90:d9:de:f0,-43,9,-99,-36,44,104,409702112,120,0,106,0,"[38,0,-107,0,35,0,-22,0,18,0,2,1,-6,15,-27,0,-24,15,-93,0,-31,15,76,0,-7,15,-25,15,40,0,109,15,117,0,4,15,-62,0,-65,14,-8,0,-80,14,-4,0,-48,14,-39,0,20,15,0,0,0,0,66,0,121,15,-28,15,-90,15,-120,15,-67,15,73,15,-56,15,56,15,-57,15,91,15,-57,15,-103,15,-41,15,-33,15,-12,15,38,0,28,0,110,0,82,0,-76,0,-112,0,-26,0,-69,0,-2,0]"
CSI_DATA,5741,d8:b1:90:d9:de:f0,-47,9,-99,-35,48,104,409862934,130,0,106,0,"[19,0,-34,9,-59,0,-68,9,-9,0,69,9,3,0,73,9,-15,0,-70,9,-49,0,-55,9,52,0,-43,9,-23,9,-46,9,49,9,-60,9,-31,8,74,9,-78,8,53,9,72,8,45,9,-49,8,51,9,0,0,0,0,44,9,-39,9,-59,9,3,0,-7,9,64,0,28,0,-42,0,47,0,-12,0,44,0,-12,0,32,0,-37,0,25,0,-75,0,20,0,36,0,30,0,-14,9,44,0,-71,9,57,0,34,9,58,0]"
CSI_DATA,5742,d8:b1:90:d9:de:f0,-46,9,-99,-33,46,104,410071851,124,0,106,0,"[91,10,-32,10,-75,10,14,10,-18,10,45,10,37,0,54,10,76,0,38,10,-91,0,21,10,-92,0,1,10,67,0,-15,10,17,0,8,10,-47,10,67,10,90,10,-32,10,64,10,63,0,58,10,-51,0,0,0,0,0,91,10,34,0,-81,10,43,0,-81,10,26,0,85,10,-8,0,61,10,-64,0,39,10,76,0,21,10,46,0,16,10,33,0,16,10,29,0,17,10,37,0,40,10,50,0,88,10,61,0,-32,10]"
CSI_DATA,5743,d8:b1:90:d9:de:f0,-46,11,-99,-32,47,104,410280251,277,0,106,0,"[39,9,40,9,44,9,22,9,42,9,9,9,39,9,8,9,34,9,23,9,32,9,51,9,44,9,-76,9,75,9,-36,9,-25,9,-1,9,50,0,16,0,-38,0,6,0,6,0,-17,9,20,0,-44,9,0,0,0,0,-3,0,-59,9,-11,0,-38,9,-9,0,-5,9,4,0,32,0,20,0,52,0,22,0,55,0,12,0,37,0,-6,0,18,0,-32,0,-1,9,-67,0,-9,9,52,0,-9,9,8,0,6,0,-27,9]"
CSI_DATA,5744,d8:b1:90:d9:de:f0,-46,9,-99,-34,47,104,410280732,101,0,106,0,"[0,0,-67,10,16,0,-58,10,28,0,-54,10,34,0,-67,10,14,0,-80,10,-13,0,71,10,-55,0,71,10,63,0,-79,10,14,0,-26,10,-24,10,54,0,-25,10,-40,0,0,0,10,0,23,0,28,0,0,0,0,0,50,0,0,0,32,0,-8,0,2,0,0,0,-35,10,10,0,-49,10,24,0,-47,10,31,0,-28,10,17,0,-6,10,-2,0,13,0,-34,0,21,0,-70,0,15,0,56,0,-7,10,12,0,-44,10]"
CSI_DATA,5745,d8:b1:90:d9:de:f0,-46,9,-99,-36,48,104,410280846,130,0,106,0,"[13,9,-61,9,16,9,63,9,13,9,31,9,12,9,23,9,14,9,35,9,19,9,59,9,37,9,-71,9,73,9,-33,9,-25,9,5,0,51,0,35,0,-36,0,46,0,18,0,38,0,30,0,26,0,0,0,0,0,5,0,23,0,-20,0,49,0,-48,0,-72,0,-70,0,-24,0,-79,0,13,0,76,0,22,0,68,0,6,0,68,0,-17,0,63,0,-48,0,49,0,-80,0,27,0,41,0,-5,9,2,0,-43,9]"
CSI_DATA,5746,d8:b1:90:d9:de:f0,-47,9,-99,-38,49,104,410280953,113,0,106,0,"[47,0,7,8,-69,0,10,8,-44,0,4,8,-40,0,1,8,-48,0,4,8,-67,0,11,8,55,0,27,8,24,0,63,8,-5,8,-24,8,-26,8,50,0,-26,8,-30,0,-16,8,14,0,-3,8,27,0,0,0,0,0,3,0,9,0,-25,8,-15,0,-66,8,-30,0,40,8,-44,0,9,8,-48,0,-3,8,-53,0,8,8,-55,0,30,8,-66,0,57,8,75,0,-64,8,61,0,-31,8,35,0,-5,8,-2,8,13,0]"
CSI_DATA,5747,d8:b1:90:d9:de:f0,-46,9,-99,-32,47,104,410281080,98,0,106,0,"[-71,9,17,9,-47,9,-5,8,-32,9,-30,8,-30,9,-38,8,-40,9,-32,8,-48,9,-7,8,-58,9,27,9,-51,9,-79,9,-23,9,-8,9,20,0,58,0,76,0,-51,0,-34,0,-30,0,-12,0,-34,0,0,0,0,0,-32,0,-59,0,-66,0,-47,0,52,0,-29,0,13,0,3,0,-12,9,31,0,-19,9,35,0,-12,9,22,0,-3,9,-3,0,6,0,-32,0,12,0,-68,0,10,0,49,0,-5,9,-1,9,-33,9]"
CSI_DATA,5748,d8:b1:90:d9:de:f0,-47,9,-99,-34,48,104,410281221,98,0,106,0,"[10,8,-52,8,9,8,67,8,4,8,44,8,3,8,36,8,4,8,45,8,7,8,72,8,27,8,-53,8,65,8,-20,8,-22,8,7,0,51,0,22,0,-27,0,15,0,19,0,-1,8,31,0,-22,8,0,0,0,0,7,0,-23,8,-11,0,1,0,-23,0,44,0,-25,0,-60,0,-20,0,-25,0,-20,0,-20,0,-27,0,-36,0,-38,0,-55,0,-53,0,70,0,74,0,45,0,42,0,24,0,-2,8,5,0,-46,8]"
CSI_DATA,5749,d8:b1:90:d9:de:f0,-43,9,-99,-36,45,104,410489612,108,0,106,0,"[-55,13,14,13,-81,13,-24,12,-84,13,-4,12,-62,13,49,13,-21,13,-114,13,26,0,-44,13,94,0,22,0,-59,0,89,0,11,0,-92,0,50,0,-78,0,40,0,-98,0,-9,0,81,0,-95,0,26,0,0,0,0,0,-69,13,-57,13,62,13,-73,13,-4,12,-74,13,-24,12,-64,13,12,13,-46,13,90,13,-37,13,-44,13,-38,13,37,0,-53,13,107,0,-70,13,-59,0,-102,13,-20,0,97,13,-26,0,65,13,-82,0]"
CSI_DATA,5750,d8:b1:90:d9:de:f0,-41,11,-99,-34,42,104,410503675,100,0,114,0,"[-29,-5,-32,-8,-34,-11,-33,-13,-34,-15,-32,-15,-30,-16,-28,-16,-28,-15,-28,-15,-27,-15,-26,-15,-26,-15,-26,-15,-28,-16,-29,-17,-30,-17,-30,-19,-32,-19,-33,-19,-32,-20,-33,-20,-33,-19,-34,-19,-32,-19,-29,-19,-29,-19,-30,-19,0,0,-29,-19,-28,-20,-29,-20,-29,-20,-28,-21,-29,-21,-30,-21,-29,-20,-29,-21,-29,-20,-28,-19,-26,-19,-26,-17,-24,-16,-23,-17,-22,-15,-22,-15,-22,-14,-23,-15,-23,-16,-24,-16,-24,-19,-24,-19,-24,-20,-24,-21,-23,-21,-20,-21,-16,-21]"
CSI_DATA,5751,d8:b1:90:d9:de:f0,-40,9,-99,-36,41,104,410535249,130,0,106,0,"[74,21,177,0,28,21,-132,0,52,21,-145,0,113,21,149,0,-180,21,59,0,-113,21,-50,21,-53,21,-173,21,8,0,56,21,48,0,-60,19,69,0,-121,19,59,0,-88,19,26,0,5,21,-8,21,159,21,0,0,0,0,-56,21,111,0,-59,21,-98,0,-57,21,7,1,-52,21,32,1,-56,21,-12,0,-77,21,-127,0,-101,21,103,0,-141,21,-8,21,-180,21,-113,21,122,21,162,21,73,21,105,21,35,21,115,21,66,21]"
CSI_DATA,5752,d8:b1:90:d9:de:f0,-41,9,-99,-38,43,104,410698529,113,0,106,0,"[144,17,-47,0,136,17,4,1,-148,17,0,1,-124,17,-39,0,-121,17,-103,0,-137,17,130,0,130,17,57,0,73,17,-4,17,10,17,-54,17,-23,16,-66,17,-14,16,-59,17,57,17,-38,17,-144,17,-32,17,0,0,0,0,82,0,-84,17,-130,0,140,17,-78,0,47,17,-60,0,-1,16,-80,0,3,17,-112,0,64,17,-139,0,141,17,-147,0,-84,17,-125,0,-13,17,-79,0,41,0,-35,0,61,0,-10,0,52,0,-41,0]"
CSI_DATA,5753,d8:b1:90:d9:de:f0,-40,11,-99,-35,41,104,410906947,277,0,106,0,"[13,0,72,20,-26,20,-12,19,-86,20,-24,19,-115,20,30,20,-112,20,98,20,-57,20,146,20,24,0,161,20,119,0,131,20,-153,0,60,20,-135,0,-16,19,-163,0,-63,19,109,0,-37,19,56,0,54,20,0,0,0,0,74,0,-64,20,-174,0,24,0,-68,0,56,0,16,1,41,0,34,1,2,0,-17,0,-26,20,-96,0,-12,20,-160,0,26,0,153,0,83,0,171,0,163,0,-123,0,-116,0,-60,0,-105,0,-15,0]"
CSI_DATA,5754,d8:b1:90:d9:de:f0,-39,9,-99,-37,41,104,410907428,124,0,106,0,"[-152,0,177,21,-98,0,101,21,-113,0,68,21,-158,0,81,21,174,0,145,21,167,0,-141,21,-174,0,-45,21,-114,0,61,0,-29,0,148,0,45,1,184,0,74,1,162,0,29,1,114,0,-71,0,85,0,0,0,0,0,36,0,88,0,-82,21,161,0,-170,21,-119,0,170,21,-45,0,173,21,-24,0,-174,21,-69,0,-151,21,-149,0,-149,21,125,0,-183,21,42,0,123,21,-27,21,36,21,-69,21,-29,20,-71,21,-34,20]"
CSI_DATA,5755,d8:b1:90:d9:de:f0,-39,9,-99,-36,40,104,411116318,130,0,106,0,"[-201,0,-85,23,-91,0,-96,23,-60,0,-137,23,-95,0,-148,23,-153,0,-125,23,191,0,-57,23,158,0,58,0,171,0,-194,0,-171,0,-47,0,-76,0,57,1,19,1,66,1,57,1,-17,0,9,1,-131,0,0,0,0,0,191,0,76,0,26,0,76,0,-126,23,114,0,175,23,187,0,150,23,-166,0,174,23,-172,0,-177,23,177,0,-150,23,93,0,-158,23,-12,23,177,23,-117,23,66,23,-193,23,-61,22,-196,23,-133,22]"
CSI_DATA,5756,d8:b1:90:d9:de:f0,-40,11,-99,-35,41,104,411324744,277,0,106,0,"[97,0,-83,0,134,0,-2,0,-164,0,6,1,-152,0,-42,0,172,0,-112,0,113,0,-175,0,12,0,144,0,-124,20,148,0,90,20,-142,0,0,20,-72,0,-6,19,2,1,52,20,26,1,138,20,-20,0,0,0,0,0,-82,20,131,0,-98,20,-20,20,-159,20,-134,20,118,20,153,20,79,20,148,20,91,20,-163,20,156,20,-112,20,-107,20,-100,20,-10,20,-105,20,75,0,-166,20,141,0,89,20,133,0,-15,19,54,0]"
CSI_DATA,5757,d8:b1:90:d9:de:f0,-40,9,-99,-35,41,104,411325225,352,0,106,0,"[-131,20,-105,0,159,20,-21,0,153,20,8,1,-161,20,-19,0,-134,20,-89,0,-124,20,171,0,-126,20,49,0,-166,20,-86,20,122,20,123,20,43,20,24,20,-9,19,-4,19,-20,19,28,20,39,20,100,20,0,0,0,0,-98,20,-101,20,46,0,-75,20,-164,0,-79,20,-65,0,-101,20,-31,0,-120,20,-64,0,-109,20,-142,0,-72,20,135,0,-10,20,72,0,71,0,34,0,-172,0,15,0,-52,0,48,0,42,1,113,0]"
CSI_DATA,5758,d8:b1:90:d9:de:f0,-43,11,-99,-36,44,104,411503972,100,0,228,0,"[6,-6,7,-10,7,-14,8,-17,9,-19,10,-20,10,-20,124,74,11,-17,10,-16,8,-14,6,-12,4,-11,1,-10,-2,-8,-6,-8,-10,-9,-15,-9,-19,-11,-22,-12,-25,-14,35,-59,-26,-17,-24,-18,-22,-19,-20,-19,-17,-17,-13,-15,0,0,-8,-9,-5,-5,-4,-1,-3,4,-3,8,-4,13,-42,15,-5,18,-6,20,-7,20,-7,18,-7,17,-6,15,-4,13,-2,11,0,9,3,7,6,7,9,7,12,7,-113,0,19,9,21,12,22,14,22,17,20,18,16,19,12,18,22,5,24,-12,12,-25,-7,-26,-22,-14,-23,4,-12,16,14,-5,10,5,7,-4,-1,-7,-8,-1,-6,8,4,12,15,7,18,-6,10,-19,-7,-22,-21,-11,-22,6,-10,19,-20,3,15,6,11,-7,-1,-11,-10,-3,-8,9,3,15,0,0,21,-6,13,-22,-6,-27,-24,-17,-30,3,-19,23,-4,45,18,19,22,2,15,-11,2,-14,-5,-8,-5,0,1,2,4,-2,1,-7,-7,-8,-12,-1,-11,9,-3,16,25,22,17,5,15,-8,5,-15,-7,-12,-11,-2,-7,7,1,9]"
CSI_DATA,5759,d8:b1:90:d9:de:f0,-41,11,-99,-36,42,104,411533643,277,0,106,0,"[74,0,-110,0,115,0,-31,0,-154,0,-16,0,-135,0,-55,0,-156,0,-110,0,112,0,-151,0,28,0,-158,0,-79,18,-125,0,148,18,-56,0,105,18,36,1,133,18,91,1,-119,18,86,1,-55,18,15,1,0,0,0,0,-7,18,93,0,-71,18,-25,18,151,18,-110,18,54,18,-137,18,12,18,-120,18,32,18,-88,18,95,18,-69,18,-149,18,-78,18,-86,18,-122,18,-51,18,123,18,-55,18,28,18,-119,18,-40,17,117,18]"
CSI_DATA,5760,d8:b1:90:d9:de:f0,-41,9,-99,-39,43,104,411534142,435,0,106,0,"[99,0,-125,0,144,0,-44,0,-128,0,-26,0,-125,0,-57,0,152,0,-103,0,90,0,-146,0,-2,18,139,0,-121,18,140,0,63,18,-145,0,-22,17,-97,0,-47,17,-57,0,-1,17,-37,0,79,18,-74,0,0,0,0,0,-55,18,63,0,-6,18,-72,18,2,0,111,18,-12,18,17,18,-37,18,-12,17,-42,18,18,18,-25,18,89,18,14,0,-152,18,84,0,-89,18,-133,0,-57,18,-30,0,-55,18,40,1,-95,18,34,1]"
CSI_DATA,5761,d8:b1:90:d9:de:f0,-43,9,-99,-37,45,104,411743041,98,0,106,0,"[20,0,35,13,42,0,-44,12,40,0,-72,12,28,0,-47,12,25,0,5,13,28,0,77,13,44,0,-65,13,76,0,39,0,-115,0,-96,0,-68,0,-12,0,-45,0,15,0,-43,0,0,0,-91,0,-59,0,0,0,0,0,16,0,44,0,-85,13,-4,13,55,13,-39,13,-7,12,-56,13,-19,12,-60,13,20,13,-57,13,89,13,-55,13,-74,13,-56,13,6,0,-69,13,81,0,-98,13,-85,0,99,13,-46,0,55,13,-66,0]"
CSI_DATA,5762,d8:b1:90:d9:de:f0,-43,9,-99,-37,45,104,411743191,224,0,106,0,"[-36,0,11,0,44,0,16,0,70,0,-4,13,44,0,-22,13,-19,0,-29,13,-86,0,-17,13,55,0,11,0,-39,13,61,0,106,13,-106,0,43,13,-38,0,33,13,0,0,65,13,1,0,115,13,-50,0,0,0,0,0,-14,13,20,0,2,0,-83,13,7,0,49,13,-4,13,-11,12,-17,13,-22,12,-16,13,21,13,-7,13,88,13,16,0,-72,13,53,0,-3,13,107,0,61,0,-68,0,107,0,-8,0,-110,0,7,0]"
CSI_DATA,5763,d8:b1:90:d9:de:f0,-43,9,-99,-38,45,104,411743335,130,0,106,0,"[67,14,-108,14,3,14,86,14,-21,13,82,14,-5,13,103,14,38,14,-109,14,103,14,-81,14,-50,14,-63,14,57,0,-59,14,-73,0,-68,14,16,0,-89,14,53,0,-108,14,32,0,-117,14,-36,0,-94,14,0,0,0,0,49,0,-2,14,-20,14,82,0,-75,14,-75,0,-101,14,-17,0,-101,14,-2,0,-87,14,-38,0,-73,14,-105,0,-64,14,65,0,-67,14,-13,14,-91,14,-91,14,118,14,81,14,74,14,45,14,50,14]"
CSI_DATA,5764,d8:b1:90:d9:de:f0,-43,11,-99,-38,45,104,411951441,277,0,106,0,"[-103,0,116,14,-28,0,75,14,-3,0,66,14,-28,0,86,14,-76,0,-111,14,100,0,-62,14,17,0,-9,14,-83,14,46,0,52,14,96,0,-25,13,-112,0,-55,13,-101,0,-39,13,-118,0,24,14,84,0,0,0,0,0,-28,14,5,0,72,0,-39,14,-75,0,-69,14,-12,0,-85,14,4,0,-74,14,-31,0,-47,14,-96,0,-11,14,68,0,16,0,-15,14,43,0,-102,14,67,0,50,14,89,0,-10,13,110,0,-10,13]"
CSI_DATA,5765,d8:b1:90:d9:de:f0,-43,9,-99,-37,45,104,411951912,108,0,106,0,"[-54,0,60,0,17,0,88,0,47,0,73,0,24,0,47,0,-38,0,27,0,-111,0,14,0,25,0,16,0,-83,13,36,0,43,13,77,0,-34,12,-117,0,-52,12,-79,0,-22,12,-73,0,42,13,-102,0,0,0,0,0,-39,13,13,0,12,0,-77,13,52,0,66,13,63,0,7,13,63,0,-7,12,55,0,25,13,44,0,92,13,44,0,-66,13,55,0,13,0,89,0,90,0,-97,0,-71,0,-44,0,-39,0,-14,0]"
CSI_DATA,5766,d8:b1:90:d9:de:f0,-40,11,-99,-39,42,104,412369238,277,0,106,0,"[17,0,137,20,35,0,21,20,17,0,-20,19,12,0,2,20,19,0,69,20,54,0,148,20,122,0,-109,20,-123,0,-12,20,0,1,75,0,108,1,123,0,164,1,124,0,150,1,80,0,57,1,37,0,0,0,0,0,134,0,-20,20,-19,20,5,0,-163,20,48,0,93,20,104,0,57,20,139,0,80,20,133,0,142,20,90,0,-150,20,21,0,-105,20,-67,20,-83,20,174,20,-98,20,60,20,-146,20,-15,19,142,20]"
CSI_DATA,5767,d8:b1:90:d9:de:f0,-40,9,-99,-38,42,104,412369701,101,0,106,0,"[25,0,-128,0,30,0,-14,0,37,0,26,1,32,0,-8,0,6,0,-66,0,-44,20,-158,0,-105,20,73,0,145,20,-56,20,53,20,152,20,-17,18,60,20,-65,18,25,20,-53,18,40,20,16,20,105,20,0,0,0,0,-120,20,-49,20,9,0,38,0,136,0,109,0,-105,0,153,0,-64,0,168,0,-94,0,160,0,-169,0,134,0,72,0,110,0,-33,20,93,0,-146,20,88,0,65,20,104,0,-17,18,130,0,-21,18]"
CSI_DATA,5768,d8:b1:90:d9:de:f0,-40,9,-99,-38,42,104,412369833,266,0,106,0,"[-144,0,-88,20,-41,0,-136,20,-21,0,162,20,-49,0,161,20,-97,0,-145,20,-149,0,-80,20,156,0,26,0,156,0,165,0,-161,0,-30,0,-117,0,72,1,-61,0,105,1,-33,0,49,1,-56,0,-50,0,0,0,0,0,121,0,62,0,-18,20,-12,20,-160,20,-49,20,69,20,-48,20,21,20,-24,20,45,20,-10,20,112,20,-9,20,-145,20,-44,20,-72,20,-102,20,-17,20,149,20,4,0,40,20,-26,20,-45,18,-98,20]"
CSI_DATA,5769,d8:b1:90:d9:de:f0,-41,9,-99,-36,42,104,412370012,246,0,106,0,"[-139,0,84,0,-44,0,125,0,7,1,113,0,-10,0,84,0,-69,0,67,0,-142,0,78,0,86,0,124,0,-6,18,-117,0,-85,18,0,1,-118,18,108,1,-91,18,-158,1,-36,18,144,1,13,0,60,1,0,0,0,0,47,0,120,0,-5,18,-13,18,-86,18,-130,18,152,18,125,18,103,18,114,18,112,18,143,18,-157,18,-138,18,-83,18,-117,18,5,0,-114,18,91,0,-156,18,-153,0,100,18,-127,0,10,18,137,0]"
CSI_DATA,5770,d8:b1:90:d9:de:f0,-42,11,-99,-36,44,104,412504019,100,0,114,0,"[24,-15,27,-14,31,-13,32,-12,32,-11,31,-9,30,-8,30,-7,28,-7,29,-7,28,-6,27,-6,27,-7,27,-8,27,-8,29,-8,29,-8,31,-8,32,-8,32,-9,32,-9,31,-9,32,-10,31,-8,31,-9,30,-9,29,-9,29,-8,0,0,29,-8,29,-8,29,-8,28,-8,28,-8,28,-8,28,-9,29,-8,28,-8,28,-9,26,-9,24,-9,24,-9,22,-9,22,-8,20,-7,19,-8,19,-8,20,-8,21,-9,22,-9,22,-9,23,-9,22,-9,23,-8,22,-7,21,-5,20,-5]"
CSI_DATA,5771,d8:b1:90:d9:de:f0,-41,11,-99,-37,43,104,412578137,277,0,106,0,"[42,0,81,17,56,0,1,17,30,0,-38,16,0,0,-24,16,-9,17,24,17,-5,17,68,17,42,0,113,17,117,0,139,17,-73,0,138,17,-2,0,106,17,18,1,58,17,-11,0,34,17,-84,0,57,17,0,0,0,0,83,0,-91,17,77,0,19,0,110,0,124,0,-124,0,-105,0,-79,0,-85,0,-77,0,-107,0,-109,0,145,0,133,0,130,0,77,0,133,0,19,0,-124,0,-13,17,-57,0,5,0,15,1,60,0]"
CSI_DATA,5772,d8:b1:90:d9:de:f0,-41,9,-99,-35,42,104,412578627,124,0,106,0,"[83,18,48,0,6,18,78,0,-15,17,130,0,12,18,-152,0,68,18,151,0,114,18,128,0,128,18,61,0,107,18,-20,18,44,18,-96,18,-37,17,-139,18,-86,17,-121,18,-84,17,-58,18,-18,17,-1,18,0,0,0,0,-123,18,11,0,-40,18,-73,18,12,0,133,18,4,0,41,18,-24,18,-3,17,-53,18,14,18,-61,18,74,18,-35,18,122,18,15,0,-156,18,88,0,152,18,150,0,103,18,-146,0,26,18,113,0]"
CSI_DATA,5773,d8:b1:90:d9:de:f0,-40,9,-99,-39,42,104,412603507,130,0,106,0,"[37,0,-96,0,52,0,-6,0,93,0,26,1,124,0,1,1,120,0,-54,0,98,0,-98,0,30,0,-119,0,-49,20,-111,0,-145,20,-60,0,150,20,21,1,155,20,72,1,-139,20,76,1,-65,20,2,1,0,0,0,0,-24,20,160,0,-89,20,35,0,142,20,-38,20,41,20,-60,20,-9,19,-34,20,0,20,1,0,59,20,16,0,123,20,6,0,-175,20,-39,20,-164,20,-116,20,156,20,148,20,71,20,100,20,5,20]"
CSI_DATA,5774,d8:b1:90:d9:de:f0,-41,9,-99,-36,42,104,412603932,113,0,106,0,"[-81,18,95,18,-114,18,26,18,-159,18,10,18,129,18,45,18,133,18,93,18,-156,18,125,18,-104,18,133,18,-33,18,96,18,23,0,21,18,31,0,-52,17,-1,18,-100,17,-61,18,-80,17,-95,18,-6,17,0,0,0,0,-45,18,-128,18,55,0,-69,18,-146,0,-66,18,-57,0,-105,18,-26,0,-161,18,-60,0,130,18,-113,0,147,18,-159,0,-133,18,149,0,-76,18,-138,0,-22,18,-57,0,16,0,13,1,-10,18,36,1]"
CSI_DATA,5775,d8:b1:90:d9:de:f0,-40,9,-99,-36,41,104,412621573,98,0,106,0,"[-115,0,67,0,-39,0,120,0,7,1,118,0,-4,0,93,0,-50,0,77,0,-111,0,87,0,176,0,129,0,108,0,-142,0,59,0,-19,0,43,0,80,1,62,0,118,1,104,0,93,1,111,0,5,1,0,0,0,0,33,0,156,0,-86,21,64,0,142,21,21,0,29,21,14,0,-11,19,36,0,11,21,48,0,76,21,38,0,134,21,-4,21,-170,21,-63,21,-142,21,-151,21,-153,21,98,21,142,21,33,21,70,21]"
CSI_DATA,5776,d8:b1:90:d9:de:f0,-40,11,-99,-36,42,104,412995934,277,0,106,0,"[80,18,125,18,18,18,100,18,6,18,122,18,41,18,-161,18,105,18,-129,18,-137,18,-129,18,-49,18,-146,18,51,0,120,18,138,0,52,18,-134,0,-8,17,-138,0,-25,17,152,0,8,18,117,0,84,18,0,0,0,0,128,0,-37,18,-152,0,66,0,-80,0,149,0,-31,0,-137,0,-28,0,-140,0,-66,0,159,0,-139,0,133,0,100,0,125,0,20,0,139,0,-52,18,-143,0,-107,18,-74,0,-124,18,-16,0,-85,18]"
CSI_DATA,5777,d8:b1:90:d9:de:f0,-40,9,-99,-37,42,104,412996397,98,0,106,0,"[29,19,110,0,1,19,-146,0,36,19,-91,0,106,19,-88,0,161,19,-129,0,-143,19,149,0,-156,19,75,0,110,19,19,0,18,19,-5,19,-55,18,14,0,-67,18,59,0,-16,18,93,0,67,19,91,0,0,0,0,0,-145,19,-11,19,-161,19,-117,19,108,19,142,19,47,19,119,19,24,19,152,19,50,19,-128,19,114,19,-89,19,-159,19,-89,19,-106,19,-123,19,-84,19,147,19,-106,19,75,19,155,19,41,19,97,19]"
CSI_DATA,5778,d8:b1:90:d9:de:f0,-40,9,-99,-35,41,104,413024770,113,0,106,0,"[67,20,-133,20,-13,19,-126,20,-38,19,-72,20,0,20,-24,20,72,20,-5,20,137,20,-24,20,-167,20,-94,20,-164,20,156,20,148,20,57,20,76,20,9,20,21,20,30,20,15,20,111,20,93,20,-150,20,0,0,0,0,-54,20,-96,20,48,0,-174,20,87,0,68,20,79,0,-5,19,30,0,-23,19,-4,20,39,20,-4,20,122,20,35,0,-164,20,100,0,-131,20,-175,0,-148,20,-116,0,144,20,-119,0,63,20,153,0]"
CSI_DATA,5779,d8:b1:90:d9:de:f0,-40,9,-99,-37,42,104,413070669,124,0,106,0,"[-37,0,3,0,29,1,-33,19,36,1,-81,19,-3,0,-115,19,-67,0,-112,19,-108,0,-77,19,-128,0,-15,19,-110,0,59,0,-49,0,129,0,16,1,149,0,41,1,129,0,12,1,77,0,-58,0,40,0,0,0,0,0,106,0,81,0,49,0,-151,0,46,0,-55,0,75,0,10,1,115,0,18,1,132,0,-31,0,110,0,-93,0,72,0,-130,0,15,0,-147,0,-40,19,-125,0,-76,19,-73,0,-63,19,-10,0,-10,19]"
CSI_DATA,5780,d8:b1:90:d9:de:f0,-40,9,-99,-38,42,104,413205314,108,0,106,0,"[-132,0,-137,0,-53,0,-104,0,-13,0,-138,0,-36,0,145,0,-102,0,114,0,160,0,114,0,76,0,153,0,4,0,-101,0,-38,20,4,1,-34,20,84,1,8,0,92,1,42,0,22,1,44,0,-78,0,0,0,0,0,-73,20,65,0,150,20,0,0,29,20,-2,20,-37,18,29,0,-26,18,60,0,26,20,62,0,110,20,34,0,169,20,-22,20,-134,20,-92,20,-138,20,-170,20,-170,20,97,20,117,20,74,20,85,20]"
CSI_DATA,5781,d8:b1:90:d9:de:f0,-39,9,-99,-35,40,104,413255353,340,0,106,0,"[-26,23,41,23,-78,23,-40,21,-140,23,-36,21,-152,23,36,23,-121,23,110,23,-50,23,166,23,49,0,186,23,167,0,153,23,-121,0,81,23,-81,0,12,23,-120,0,-30,21,-186,0,-1,21,138,0,106,23,0,0,0,0,117,0,-23,23,-181,0,97,0,-81,0,160,0,7,1,164,0,21,1,137,0,-38,0,106,0,-135,0,87,0,174,0,117,0,107,0,167,0,76,0,-149,0,81,0,-55,0,129,0,-7,0,190,0]"
CSI_DATA,5782,d8:b1:90:d9:de:f0,-39,9,-99,-37,41,104,413255547,320,0,106,0,"[165,0,88,21,158,0,-8,20,103,0,-34,20,45,0,10,21,33,0,91,21,59,0,171,21,132,0,-136,21,-130,0,-106,21,-15,0,-122,21,55,1,-177,21,42,1,142,21,-40,0,126,21,-151,0,184,21,0,0,0,0,98,0,33,0,126,0,167,0,-173,0,-103,0,-97,0,-72,0,-61,0,-101,0,-98,0,-165,0,-183,0,158,0,110,0,141,0,29,0,170,0,-24,21,-135,0,-40,21,-53,0,-2,21,13,1,66,0]"
CSI_DATA,5783,d8:b1:90:d9:de:f0,-41,11,-99,-37,43,104,413413732,277,0,106,0,"[60,17,120,0,24,17,-122,0,49,17,-95,0,100,17,-110,0,-147,17,129,0,-125,17,58,0,-131,17,-34,17,112,17,-128,17,41,17,98,17,-30,16,79,17,-47,16,117,17,-10,16,-120,17,78,17,-76,17,0,0,0,0,-10,17,-90,17,71,0,136,17,117,0,54,17,118,0,3,17,92,0,6,17,69,0,63,17,65,0,143,17,92,0,-81,17,144,0,-27,17,-84,0,-1,17,-12,0,-6,17,27,1,-61,17,-11,0]"
CSI_DATA,5784,d8:b1:90:d9:de:f0,-41,9,-99,-35,42,104,413414204,130,0,106,0,"[78,18,151,0,47,18,-96,0,83,18,-64,0,139,18,-90,0,-127,18,-149,0,-113,18,84,0,-145,18,0,0,96,18,-80,18,7,18,-118,18,-69,17,-111,18,-89,17,-67,18,-40,17,-8,18,72,18,12,0,0,0,0,0,-46,18,-83,18,-4,18,127,18,-1,18,31,18,-34,18,-17,17,-64,18,-6,17,-67,18,64,18,-25,18,141,18,31,0,-121,18,102,0,-107,18,-133,0,-134,18,-83,0,123,18,-92,0,50,18,151,0]"
CSI_DATA,5785,d8:b1:90:d9:de:f0,-44,11,-99,-33,45,104,413503989,100,0,228,0,"[-10,2,-13,4,-17,4,-18,5,-20,5,-20,4,-19,4,101,60,-16,3,-13,3,-11,3,-8,4,-5,4,-3,5,0,7,3,9,5,12,8,13,10,16,11,18,13,19,28,-48,11,20,10,18,8,17,8,14,6,11,5,7,0,0,5,0,6,-3,7,-7,8,-10,9,-13,12,-15,-81,0,13,-17,13,-17,13,-16,11,-14,9,-13,7,-11,4,-9,2,-8,0,-7,-3,-6,-6,-6,-9,-6,-12,-7,69,12,-16,-8,-17,-9,-17,-10,-17,-12,-14,-12,-11,-11,-8,-9,-8,-14,-17,-6,-17,8,-8,17,5,15,13,5,9,-5,-17,-5,-6,-4,-6,4,0,9,9,4,13,-4,5,-14,-8,-16,-18,-6,-18,9,-6,19,9,18,18,5,14,-8,14,5,-8,-7,-8,3,0,8,8,4,10,-7,1,-15,0,0,-19,-1,-16,13,-2,22,13,17,22,4,17,-11,16,-34,-8,-12,-10,-1,-4,5,2,4,4,-2,0,-6,-8,-4,-10,4,-4,13,5,13,14,5,15,-6,6,-15,-20,-23,-14,-6,-13,5,-4,12,5,8,8,0,3,-7,-4,-7]"
CSI_DATA,5786,d8:b1:90:d9:de:f0,-40,11,-99,-34,41,104,413831529,277,0,106,0,"[80,0,-20,18,52,0,-82,18,9,0,-60,18,-2,20,18,20,4,0,110,20,49,0,-142,20,124,0,-60,20,-117,0,12,0,-10,0,40,0,50,1,28,0,38,1,8,0,-38,0,-22,20,168,0,-12,20,0,0,0,0,-85,20,106,0,-166,20,-122,0,138,20,-18,0,154,20,37,1,-156,20,20,1,-114,20,-66,0,-96,20,161,0,-109,20,54,0,-148,20,-42,20,118,20,-110,20,36,20,-138,20,-18,18,-113,20,1,20]"
CSI_DATA,5787,d8:b1:90:d9:de:f0,-41,9,-99,-39,43,104,413832019,252,0,106,0,"[-84,18,11,1,-83,18,59,1,-70,18,41,1,-64,18,-22,0,-73,18,-116,0,-88,18,105,0,-123,18,-4,18,136,18,-110,18,90,18,114,18,63,18,55,18,70,18,73,18,121,18,130,18,-110,18,-114,18,0,0,0,0,118,0,8,0,-73,0,52,0,31,1,73,0,70,1,67,0,39,1,58,0,-44,0,58,0,-152,0,67,0,47,0,96,0,-44,18,132,0,-122,18,-127,0,130,18,-67,0,127,18,-24,0,-135,18]"
CSI_DATA,5788,d8:b1:90:d9:de:f0,-41,9,-99,-37,43,104,413832167,98,0,106,0,"[123,17,33,17,85,17,4,17,86,17,24,17,133,17,71,17,-97,17,124,17,-17,17,-127,17,78,0,-84,17,-115,0,-58,17,-16,0,-43,17,35,1,-40,17,31,1,-38,17,-41,0,-39,17,-145,0,-15,17,0,0,0,0,-80,17,84,0,120,17,-130,0,57,17,-69,0,35,17,-33,0,55,17,-47,0,102,17,-113,0,-138,17,88,0,-101,17,-11,17,-86,17,-100,17,-85,17,101,17,-106,17,31,17,-136,17,5,17,145,17]"
CSI_DATA,5789,d8:b1:90:d9:de:f0,-41,9,-99,-35,42,104,413832317,124,0,106,0,"[-68,0,94,18,-47,0,44,18,-69,0,51,18,-116,0,100,18,-155,0,-134,18,124,0,-41,18,106,0,66,0,101,0,-132,0,108,0,-28,0,121,0,22,1,119,0,13,1,100,0,-61,0,50,0,152,0,0,0,0,0,-102,18,-52,18,99,18,-133,18,9,18,141,18,-35,17,134,18,-11,17,151,18,69,18,-135,18,-132,18,-110,18,-28,18,-106,18,74,0,-114,18,-151,0,-152,18,-84,0,114,18,-73,0,74,18,-122,0]"
CSI_DATA,5790,d8:b1:90:d9:de:f0,-41,9,-99,-37,42,104,414040909,98,0,106,0,"[117,0,-36,0,-161,0,9,1,-147,0,-18,0,150,0,-73,0,89,0,-136,0,6,0,136,0,-94,19,91,0,116,19,59,0,10,19,45,0,-53,18,44,0,-49,18,63,0,29,19,69,0,152,19,55,0,0,0,0,0,89,0,-46,19,-133,0,-145,19,-53,0,104,19,-34,0,44,19,-67,0,49,19,-130,0,115,19,142,0,-114,19,101,0,-10,19,88,0,99,0,99,0,-125,0,142,0,-49,0,-138,0,-27,0,-114,0]"
CSI_DATA,5791,d8:b1:90:d9:de:f0,-40,9,-99,-35,41,104,414041050,124,0,106,0,"[-27,0,120,0,43,1,107,0,32,1,83,0,-37,0,64,0,-134,0,68,0,111,0,87,0,4,0,139,0,-107,20,-135,0,155,20,-57,0,120,20,2,1,130,20,8,1,-149,20,-50,0,-78,20,-163,0,0,0,0,0,2,0,-104,20,6,0,90,20,-37,20,-38,19,-74,20,-85,19,-86,20,-52,19,-71,20,48,20,-17,20,161,20,53,0,-86,20,138,0,-10,20,-108,0,37,0,-13,0,53,0,43,1,16,0,2,1]"
CSI_DATA,5792,d8:b1:90:d9:de:f0,-40,9,-99,-38,42,104,414249826,130,0,106,0,"[133,0,82,20,156,0,17,20,149,0,28,20,136,0,101,20,117,0,-140,20,101,0,-26,20,94,0,108,0,89,0,-94,0,77,0,30,1,77,0,96,1,74,0,89,1,72,0,2,1,62,0,-129,0,0,0,0,0,13,0,-88,20,-13,20,112,20,-45,20,4,20,-54,20,-37,18,-44,20,-4,18,-8,20,84,20,41,0,-142,20,96,0,-30,20,145,0,73,0,-132,0,165,0,-64,0,-108,0,-26,0,-104,0,-37,0]"
CSI_DATA,5793,d8:b1:90:d9:de:f0,-40,9,-99,-39,42,104,414249933,101,0,106,0,"[-30,20,-52,0,-4,20,21,1,23,0,13,1,20,0,-57,0,-15,20,-149,0,-67,20,116,0,-163,20,34,0,75,20,-27,20,-45,19,-65,20,-111,19,-52,20,-100,19,-30,20,-13,19,17,0,126,20,38,0,0,0,0,0,68,0,-16,20,-142,0,-97,20,-61,0,161,20,-43,0,115,20,-72,0,118,20,-139,0,-170,20,153,0,-68,20,120,0,34,0,119,0,137,0,146,0,-111,0,-148,0,-41,0,-85,0,-34,0,-69,0]"
CSI_DATA,5794,d8:b1:90:d9:de:f0,-40,9,-99,-38,42,104,414250092,124,0,106,0,"[-169,20,106,20,122,20,61,20,125,20,72,20,-161,20,116,20,-84,20,-162,20,14,0,-100,20,133,0,-44,20,-80,0,14,0,40,1,54,0,98,1,82,0,92,1,73,0,8,1,42,0,-116,0,14,0,0,0,0,0,-82,20,-45,20,114,20,-40,20,6,20,-45,20,-38,18,-34,20,-6,18,-38,20,88,20,-54,20,-130,20,-74,20,-14,20,-101,20,98,0,-132,20,-146,0,158,20,-74,0,102,20,-58,0,61,20,-120,0]"
CSI_DATA,5795,d8:b1:90:d9:de:f0,-39,9,-99,-36,41,104,414250214,124,0,106,0,"[-113,0,163,21,-72,0,104,21,-86,0,104,21,-129,0,162,21,169,0,-98,21,118,0,5,0,59,0,141,0,14,0,-73,0,-25,21,56,1,-32,21,134,1,-19,21,114,1,1,0,19,1,16,0,-131,0,0,0,0,0,31,0,-90,21,9,0,113,21,-18,21,-5,19,-35,21,-49,19,-26,21,-9,19,4,0,86,21,49,0,-148,21,101,0,-28,21,163,0,77,0,-124,0,168,0,-52,0,-124,0,-1,0,-118,0,-15,0]"
CSI_DATA,5796,d8:b1:90:d9:de:f0,-40,9,-99,-37,42,104,414250381,124,0,106,0,"[-84,0,164,19,-38,0,107,19,-57,0,104,19,-110,0,159,19,163,0,-86,19,110,0,11,0,55,0,130,0,11,0,-69,0,-20,19,50,1,-25,19,115,1,-11,19,104,1,6,0,23,1,23,0,-116,0,0,0,0,0,27,0,-90,19,0,0,98,19,-33,19,-5,18,-54,19,-45,18,-46,19,-16,18,-15,19,76,19,32,0,-139,19,93,0,-41,19,155,0,53,0,-94,0,124,0,-16,0,-158,0,32,1,-159,0,7,1]"
CSI_DATA,5797,d8:b1:90:d9:de:f0,-40,9,-99,-36,41,104,414250530,124,0,106,0,"[94,0,-53,0,134,0,7,1,145,0,-7,0,111,0,-80,0,40,0,-166,0,-43,21,107,0,-152,21,15,0,86,21,-63,21,-31,19,-125,21,-100,19,-146,21,-96,19,-128,21,-15,19,-81,21,128,21,-28,21,0,0,0,0,86,0,48,0,-113,0,43,0,4,1,31,0,49,1,9,0,19,1,9,0,-90,0,28,0,144,0,56,0,24,0,101,0,-84,21,155,0,-170,21,-124,0,125,21,-49,0,127,21,4,1,-162,21]"
CSI_DATA,5798,d8:b1:90:d9:de:f0,-40,9,-99,-37,42,104,414250634,124,0,106,0,"[11,0,36,19,-9,19,-29,18,-25,19,-19,18,-15,19,54,19,20,0,146,19,69,0,-88,19,138,0,19,0,-104,0,128,0,-11,0,-116,0,49,1,-84,0,42,1,-106,0,-19,0,155,0,-125,0,75,0,0,0,0,0,-69,19,-60,19,124,19,-99,19,11,19,-114,19,-34,18,-104,19,-6,18,-88,19,88,19,-73,19,-119,19,-80,19,-3,19,-99,19,102,0,-133,19,-133,0,150,19,-66,0,91,19,-63,0,29,19,-130,0]"
CSI_DATA,5799,d8:b1:90:d9:de:f0,-41,9,-99,-39,43,104,414250783,124,0,106,0,"[-52,0,85,0,15,1,85,0,8,1,63,0,-57,0,55,0,-148,0,59,0,61,0,81,0,-48,18,123,0,145,18,-135,0,52,18,-64,0,13,18,-14,0,28,18,-12,0,106,18,-51,0,-108,18,-140,0,0,0,0,0,74,0,-50,18,125,0,134,18,150,0,34,18,151,0,-15,17,134,0,11,18,105,0,94,18,92,0,-102,18,95,0,11,0,108,0,111,0,150,0,-108,0,-113,0,-42,0,-63,0,-34,0,-53,0]"
CSI_DATA,5800,d8:b1:90:d9:de:f0,-40,9,-99,-37,42,104,414250941,124,0,106,0,"[-66,19,49,19,-110,19,-7,18,-132,19,10,19,-104,19,72,19,-44,19,151,19,36,0,-104,19,136,0,-25,19,-69,0,31,0,50,1,72,0,115,1,77,0,103,1,44,0,23,1,6,0,-114,0,-22,19,0,0,0,0,-86,19,-25,19,102,19,20,0,0,19,64,0,-40,18,101,0,-3,18,102,0,81,19,62,0,-145,19,0,0,-60,19,-82,19,9,0,164,19,53,0,67,19,68,0,-20,18,29,0,-63,18,-29,19]"
CSI_DATA,5801,d8:b1:90:d9:de:f0,-42,11,-99,-36,43,104,414458225,277,0,106,0,"[-58,16,-61,0,-72,16,-2,0,-74,16,-5,0,-65,16,-69,0,-58,16,132,0,-63,16,33,0,-67,16,-87,16,-68,16,72,16,-77,16,-42,15,-94,16,-116,15,-100,16,-120,15,-103,16,-51,15,-88,16,60,16,0,0,0,0,-38,16,23,0,-1,16,139,0,39,0,-57,0,66,0,-19,0,63,0,-34,0,41,0,-104,0,1,0,92,0,-46,16,1,0,-94,16,-81,16,131,16,129,16,68,16,75,16,17,16,62,16,15,16]"
CSI_DATA,5802,d8:b1:90:d9:de:f0,-42,9,-99,-36,43,104,414458715,98,0,106,0,"[38,0,56,16,54,0,-1,15,61,0,7,16,62,0,72,16,56,0,-129,16,37,0,-24,16,15,0,94,0,-30,16,-66,0,-79,16,38,1,-118,16,99,1,-130,16,111,1,-112,16,46,1,-72,16,-60,0,0,0,0,0,65,0,14,0,129,0,-84,16,-104,0,132,16,-75,0,95,16,-85,0,115,16,-135,0,-109,16,74,0,-38,16,-2,16,28,0,-83,16,84,0,130,16,-139,0,60,16,-84,0,32,16,-53,0,74,16]"
CSI_DATA,5803,d8:b1:90:d9:de:f0,-41,11,-99,-34,42,104,414503664,100,0,114,0,"[-21,26,-24,26,-29,26,-30,24,-33,23,-33,21,-32,19,-32,16,-30,16,-29,15,-28,15,-29,14,-29,14,-29,15,-29,15,-30,15,-33,16,-34,16,-35,16,-35,17,-35,16,-35,16,-35,16,-35,16,-34,14,-33,14,-32,13,-33,11,0,0,-33,13,-33,11,-34,11,-34,11,-33,10,-34,10,-33,10,-34,10,-33,9,-33,10,-32,10,-29,9,-28,9,-26,8,-27,8,-26,7,-23,7,-24,7,-24,7,-26,7,-28,7,-28,7,-28,7,-28,5,-28,4,-28,3,-27,1,-24,0]"
CSI_DATA,5804,d8:b1:90:d9:de:f0,-48,9,-99,-35,49,104,414667569,108,0,106,0,"[49,0,68,0,50,0,-22,0,49,0,-6,0,42,0,-19,0,30,0,-50,0,18,0,46,0,14,0,-13,8,12,0,59,8,10,0,-15,7,9,0,-68,7,10,0,50,7,10,0,62,7,12,0,-28,7,0,0,0,0,-2,8,-38,8,3,0,30,0,3,0,-46,0,6,0,-3,0,7,0,7,0,7,0,-15,0,10,0,-56,0,16,0,37,0,21,0,-12,8,26,0,-65,8,29,0,24,8,24,0,-9,7,8,0]"
CSI_DATA,5805,d8:b1:90:d9:de:f0,-49,11,-99,-39,51,104,414876023,277,0,106,0,"[8,7,-43,7,14,7,40,7,18,7,7,7,22,7,-6,6,26,7,-5,6,29,7,6,7,37,7,30,7,48,7,-56,7,-51,7,-7,7,-17,7,52,0,18,0,-29,0,47,0,-8,0,59,0,-6,0,0,0,0,0,42,0,-28,0,8,0,-47,0,-39,7,-60,0,37,7,52,0,1,7,49,0,-11,6,51,0,-4,6,54,0,14,7,58,0,42,7,-60,0,-47,7,-59,0,-6,7,61,0,36,0,46,0,-58,0]"
CSI_DATA,5806,d8:b1:90:d9:de:f0,-49,9,-99,-37,50,104,414876504,124,0,106,0,"[-14,0,64,7,14,0,-37,7,34,0,-15,7,45,0,-6,7,42,0,-4,7,27,0,-13,7,5,0,-23,7,-35,0,-36,7,33,0,-40,7,-36,7,-37,7,37,7,-23,7,-2,7,-4,7,-9,7,7,0,0,0,0,0,23,7,6,0,47,7,-20,7,-53,7,-58,7,-29,7,27,7,-19,7,-7,7,-19,7,-22,7,-26,7,-14,7,-37,7,5,7,-51,7,34,7,-60,7,-64,7,-62,7,-19,7,-52,7,30,0,-22,7]"
CSI_DATA,5807,d8:b1:90:d9:de:f0,-45,9,-99,-33,45,104,415085393,98,0,106,0,"[-32,11,92,12,38,12,91,12,-76,12,74,12,6,0,48,12,60,0,27,12,89,0,9,12,98,0,-9,11,87,0,-8,11,44,0,12,12,-31,12,56,12,99,12,-99,12,25,12,-33,12,-13,11,8,0,0,0,0,0,-49,11,46,0,-44,11,28,0,-13,11,-7,12,38,12,-62,12,95,12,90,12,-54,12,49,12,-13,12,30,12,11,0,22,12,19,0,17,12,13,0,14,12,-13,12,32,12,-54,12,68,12,-94,12]"
CSI_DATA,5808,d8:b1:90:d9:de:f0,-44,9,-99,-35,45,104,415085507,130,0,106,0,"[-16,12,52,12,34,12,75,12,-109,12,71,12,-47,12,49,12,-16,12,17,12,-8,12,-4,12,-21,12,-19,12,-54,12,-13,12,-89,12,41,12,101,12,-89,12,92,12,26,0,106,12,-90,0,-83,12,-14,0,0,0,0,0,-19,12,45,0,-15,12,45,0,-21,12,15,0,-59,12,-19,0,-102,12,-63,0,77,12,-101,0,51,12,98,0,44,12,91,0,49,12,101,0,64,12,-102,0,103,12,-81,0,-50,12,-79,0,34,0]"
CSI_DATA,5809,d8:b1:90:d9:de:f0,-45,9,-99,-32,45,104,415085615,113,0,106,0,"[47,11,-15,11,100,11,8,11,-23,11,34,11,55,0,45,11,-92,0,53,11,-61,0,45,11,-43,0,44,11,-54,0,40,11,-101,0,46,11,24,0,62,11,-64,11,91,11,57,11,-76,11,0,11,-50,11,0,0,0,0,-45,11,-38,11,-41,11,-48,11,-7,11,-77,11,50,11,89,11,-92,11,54,11,-26,11,31,11,16,0,27,11,39,0,24,11,48,0,22,11,42,0,23,11,19,0,35,11,-30,11,64,11,-75,11]"
CSI_DATA,5810,d8:b1:90:d9:de:f0,-44,9,-99,-33,45,104,415085742,124,0,106,0,"[-58,11,-43,12,-1,11,-58,12,70,12,-100,12,-78,12,62,12,-38,12,26,12,-17,12,-1,11,-22,12,-17,11,-36,12,-17,11,-67,12,22,12,99,12,86,12,59,12,-31,12,30,12,50,0,17,12,-96,0,0,0,0,0,13,12,-40,0,10,12,-50,0,15,12,-93,0,26,12,52,0,36,12,-20,12,53,12,-83,12,76,12,86,12,83,12,67,12,87,12,62,12,78,12,73,12,67,12,98,12,62,12,-54,12,78,12]"
CSI_DATA,5811,d8:b1:90:d9:de:f0,-43,9,-99,-33,44,104,415109640,224,0,106,0,"[-24,12,-22,13,36,13,-41,13,100,13,-92,13,-90,13,78,13,-70,13,31,13,-73,13,0,13,-91,13,-13,12,114,13,-4,12,90,13,44,13,78,13,-89,13,88,13,32,0,-113,13,-94,0,-83,13,-22,0,0,0,0,0,-26,13,38,0,-19,13,37,0,-33,13,14,0,-79,13,-33,0,102,13,-96,0,52,13,85,0,23,13,50,0,0,13,31,0,-6,12,38,0,0,12,55,0,18,13,82,0,70,13,112,0,-71,13]"
CSI_DATA,5812,d8:b1:90:d9:de:f0,-44,11,-99,-37,46,104,415502719,277,0,106,0,"[85,12,-30,12,28,12,-93,12,2,12,84,12,20,12,76,12,56,12,91,12,-93,12,-91,12,-16,12,-64,12,80,0,-24,12,-21,0,21,0,62,0,56,0,-96,0,72,0,-97,0,66,0,52,0,48,0,0,0,0,0,89,0,-13,12,-8,12,-35,12,101,12,-56,12,29,12,-65,12,-1,11,-70,12,19,12,-70,12,70,12,-64,12,-66,12,-58,12,-3,12,-49,12,72,0,-49,12,-62,0,-53,12,-9,0,-62,12,0,0]"
CSI_DATA,5813,d8:b1:90:d9:de:f0,-45,9,-99,-38,47,104,415503191,113,0,106,0,"[83,11,-35,11,34,11,-95,11,7,11,73,11,20,11,74,11,51,11,88,11,-86,11,-83,11,-17,11,-56,11,71,0,-26,11,-21,0,-3,11,59,0,14,0,-87,0,10,0,-89,0,2,0,50,0,-5,11,0,0,0,0,76,0,-35,11,-18,11,-30,11,81,11,-20,11,15,11,-2,11,-12,10,5,0,8,11,0,0,53,11,-4,11,-82,11,-24,11,-26,11,-43,11,33,0,-71,11,89,0,87,11,-64,0,52,11,-68,0]"
CSI_DATA,5814,d8:b1:90:d9:de:f0,-48,11,-99,-42,50,104,415514095,100,0,228,0,"[-3,3,-2,5,0,7,0,10,0,12,0,14,0,14,73,44,0,14,0,13,0,12,0,10,0,8,0,7,1,4,2,2,4,0,6,-2,8,-5,11,-7,13,-8,20,-35,16,-10,16,-9,17,-7,16,-6,15,-4,13,-2,0,0,8,0,5,0,2,1,0,2,-3,2,-6,2,69,8,-11,1,-13,0,-13,0,-12,-1,-12,-1,-10,-1,-9,-1,-7,0,-5,0,-4,1,-2,1,0,2,0,4,10,0,2,8,3,10,3,12,2,13,1,13,0,13,-1,11,-14,2,-11,13,0,19,13,14,19,2,14,-9,3,-14,-5,4,-8,-2,-5,2,0,3,1,0,0,-3,-5,-1,-7,4,-2,10,6,11,14,4,13,-7,5,-14,-6,-13,2,-14,-10,4,-2,8,3,5,4,-1,-1,-2,-5,0,0,0,2,10,10,7,14,-2,10,-13,-1,-17,-13,-12,-26,1,-12,9,-2,13,5,9,7,2,5,-1,2,-1,2,-1,2,-1,2,-4,0,-6,-5,-6,-9,-1,-8,5,-1,17,4,10,10,4,10,-3,4,-8,-2,-7,-5,-1,-2,2]"
CSI_DATA,5815,d8:b1:90:d9:de:f0,-42,9,-99,-37,44,104,415712099,98,0,106,0,"[-75,15,45,15,-100,15,-26,14,-118,15,-32,14,-104,15,13,15,-81,15,78,15,-37,15,-102,15,17,0,-14,15,94,0,85,0,-83,0,-87,0,-20,0,-27,0,18,1,-21,0,7,1,-57,0,-56,0,-123,0,0,0,0,0,17,0,-4,15,-100,15,-54,15,59,15,-89,15,-16,14,-96,15,-29,14,-86,15,21,15,-69,15,107,15,-48,15,-61,15,-40,15,31,0,-38,15,125,0,-51,15,-49,0,-76,15,-4,0,-118,15,-23,0]"
CSI_DATA,5816,d8:b1:90:d9:de:f0,-43,11,-99,-35,44,104,415920516,277,0,106,0,"[-120,14,-33,0,115,14,3,0,-122,14,17,0,-81,14,2,0,-55,14,-50,0,-48,14,-108,0,-76,14,65,0,116,14,3,0,28,14,-45,14,-54,13,-55,14,-91,13,-26,14,-72,13,14,0,-16,13,37,0,0,0,0,0,-114,14,2,0,-67,14,-79,14,-61,14,89,14,-72,14,32,14,-94,14,27,14,-98,14,54,14,-73,14,103,14,-29,14,-104,14,29,0,-84,14,90,0,-99,14,-95,0,107,14,-80,0,46,14,123,0]"
CSI_DATA,5817,d8:b1:90:d9:de:f0,-43,9,-99,-33,44,104,415921006,214,0,106,0,"[108,0,33,13,-98,0,-6,12,-102,0,-10,12,108,0,11,13,83,0,62,13,66,0,-111,13,67,0,-27,13,93,0,66,0,-93,0,-79,0,-33,0,-21,0,2,0,-10,0,11,0,-40,0,-28,0,-87,0,0,0,0,0,57,0,69,0,-34,13,77,0,114,13,102,0,66,13,-100,0,55,13,-82,0,83,13,-99,0,-114,13,92,0,-82,13,38,0,-69,13,-31,13,-77,13,-105,13,-110,13,64,13,72,13,32,13,35,13]"
CSI_DATA,5818,d8:b1:90:d9:de:f0,-44,9,-99,-35,45,104,415921142,214,0,106,0,"[-22,0,80,0,15,0,103,0,20,0,99,0,-2,0,75,0,-50,0,56,0,-109,0,54,0,39,0,63,0,-42,12,97,0,100,12,-70,0,58,12,-6,0,54,12,38,0,81,12,38,0,-103,12,-6,0,0,0,0,0,-58,12,70,0,-78,12,-12,12,105,12,-83,12,64,12,98,12,47,12,91,12,66,12,109,12,109,12,-83,12,-51,12,-70,12,7,0,-71,12,71,0,-97,12,-97,0,78,12,-78,0,25,12,106,0]"
CSI_DATA,5819,d8:b1:90:d9:de:f0,-43,9,-99,-36,44,104,416129896,108,0,106,0,"[68,0,58,15,106,0,-22,14,109,0,-56,14,91,0,-37,14,66,0,3,15,55,0,77,15,52,0,-92,15,65,0,22,0,92,0,-122,0,-127,0,-33,0,-96,0,16,1,-75,0,-5,0,-95,0,-61,0,0,0,0,0,44,0,34,0,-63,15,-36,15,92,15,-94,15,-2,14,-118,15,-42,14,-104,15,-21,14,-75,15,43,15,-57,15,121,15,-33,15,-49,15,-33,15,42,0,-51,15,-128,0,-90,15,-76,0,110,15,-82,0]"
CSI_DATA,5820,d8:b1:90:d9:de:f0,-42,9,-99,-38,44,104,416130005,130,0,106,0,"[-43,0,-30,15,42,1,-47,15,77,1,-69,15,55,1,-81,15,-10,0,-74,15,-73,0,-48,15,109,0,0,0,20,0,69,0,-76,15,-109,0,133,15,-14,0,121,15,37,1,-122,15,32,1,-84,15,-16,0,0,0,0,0,-4,15,47,0,7,0,-76,15,-19,15,58,15,-55,15,-26,14,-84,15,-54,14,-96,15,-22,14,-91,15,49,15,-54,15,-135,15,-4,15,-54,15,65,0,9,0,-110,0,56,0,-26,0,70,0,5,1]"
CSI_DATA,5821,d8:b1:90:d9:de:f0,-43,9,-99,-35,44,104,416175134,101,0,106,0,"[114,0,72,14,-80,0,33,14,-68,0,13,14,-92,0,29,14,-120,0,69,14,102,0,-120,14,92,0,-33,14,102,0,68,0,-110,0,-73,0,-62,0,3,0,-19,0,30,0,0,0,3,0,-30,0,-58,0,0,0,0,0,78,0,57,0,-28,14,30,0,112,14,27,0,35,14,49,0,4,14,75,0,34,14,81,0,91,14,65,0,-100,14,25,0,-54,14,-31,14,-24,14,-108,14,-22,14,51,14,-61,14,-9,13,-114,14]"
CSI_DATA,5822,d8:b1:90:d9:de:f0,-42,9,-99,-38,44,104,416192262,120,0,106,0,"[-96,0,-92,15,-10,0,-108,15,20,1,-133,15,1,1,134,15,-48,0,-119,15,-102,0,-79,15,117,0,-5,15,82,0,96,0,64,0,-52,0,67,0,50,1,99,0,96,1,131,0,76,1,129,0,2,1,0,0,0,0,59,0,65,0,-46,15,-14,15,117,15,-75,15,20,15,-93,15,-20,14,-76,15,-5,14,-51,15,57,15,-34,15,134,15,-32,15,-58,15,-58,15,14,0,-113,15,66,0,77,15,73,0,1,15,24,0]"
CSI_DATA,5823,d8:b1:90:d9:de:f0,-43,9,-99,-35,44,104,416192512,120,0,106,0,"[-64,0,-16,14,14,0,-9,14,46,0,-24,14,29,0,-46,14,-18,0,-45,14,-76,0,-21,14,107,0,26,0,47,0,104,0,4,0,-46,0,0,14,48,0,18,0,100,0,50,0,89,0,64,0,18,0,0,0,0,0,37,0,69,0,-33,14,-19,14,116,14,-87,14,33,14,-114,14,-13,13,-108,14,2,14,-78,14,60,14,-51,14,-123,14,-41,14,-49,14,-61,14,15,0,-106,14,68,0,72,14,75,0,1,14,30,0]"
CSI_DATA,5824,d8:b1:90:d9:de:f0,-43,9,-99,-38,45,104,416338768,98,0,106,0,"[44,14,0,0,-22,13,3,0,-41,13,31,0,-12,13,57,0,39,14,59,0,97,14,34,0,-89,14,-18,14,-51,14,-110,14,-38,14,27,14,-64,14,-50,13,-103,14,-78,13,103,14,-43,13,98,14,23,14,0,0,0,0,-37,14,-65,14,60,0,-33,14,-86,0,-31,14,-17,0,-59,14,-6,0,-91,14,-38,0,-101,14,-88,0,-81,14,102,0,-39,14,72,0,20,0,70,0,92,0,99,0,-75,0,-87,0,-40,0,-38,0]"
CSI_DATA,5825,d8:b1:90:d9:de:f0,-41,11,-99,-36,43,104,416503982,100,0,114,0,"[-8,-31,-7,-33,-7,-35,-5,-37,-5,-37,-4,-34,-3,-34,-3,-32,-4,-31,-4,-30,-5,-29,-5,-30,-6,-30,-6,-30,-7,-31,-8,-31,-10,-32,-11,-33,-11,-33,-13,-34,-13,-33,-15,-34,-15,-33,-16,-32,-15,-31,-14,-30,-15,-29,-15,-29,0,0,-16,-26,-16,-28,-17,-26,-20,-29,-19,-28,-20,-28,-21,-26,-20,-26,-21,-24,-21,-23,-20,-22,-21,-21,-20,-19,-20,-17,-20,-16,-19,-14,-20,-13,-19,-13,-20,-13,-21,-13,-23,-13,-23,-14,-25,-14,-24,-14,-23,-14,-22,-14,-21,-15,-19,-15]"
CSI_DATA,5826,d8:b1:90:d9:de:f0,-42,11,-99,-38,44,104,416547213,277,0,106,0,"[47,0,33,15,62,0,-44,14,28,0,-72,14,3,0,-37,14,-19,15,4,15,-14,15,85,15,26,0,-113,15,118,0,-45,15,-48,0,-2,15,38,1,12,0,97,1,-22,15,83,1,-63,15,9,1,-77,15,0,0,0,0,88,0,-18,15,29,0,81,0,-4,15,-96,0,3,0,-7,0,31,0,27,1,51,0,-8,0,52,0,-69,0,26,0,129,0,-25,15,69,0,-95,15,41,0,81,15,40,0,25,15,83,0,23,15]"
CSI_DATA,5827,d8:b1:90:d9:de:f0,-43,9,-99,-36,44,104,416547666,130,0,106,0,"[-40,0,6,0,43,1,15,0,72,1,3,0,45,1,-17,15,-14,0,-21,15,-86,0,-4,15,86,0,37,0,-5,15,103,0,-93,15,-68,0,119,15,15,1,102,15,62,1,-122,15,58,1,-86,15,5,1,0,0,0,0,-29,15,69,0,-47,15,-52,15,-86,15,103,15,125,15,35,15,99,15,19,15,106,15,50,15,-115,15,102,15,-64,15,-102,15,3,0,-60,15,88,0,-36,15,-79,0,-30,15,-9,0,-56,15,-3,0]"
CSI_DATA,5828,d8:b1:90:d9:de:f0,-42,9,-99,-37,44,104,416756574,98,0,106,0,"[-100,0,-106,0,-48,0,-43,0,-17,0,-38,0,-24,0,-67,0,-75,0,-115,0,128,0,108,0,31,0,82,0,-82,15,79,0,58,15,101,0,-29,14,-121,0,-58,14,-82,0,-28,14,-64,0,40,15,-93,0,0,0,0,0,-62,15,32,0,-18,15,-80,15,6,0,72,15,-2,15,-9,14,-22,15,-38,14,-33,15,-4,14,-24,15,67,15,4,0,-125,15,46,0,-55,15,113,0,3,0,-69,0,43,0,4,1,33,0,15,1]"
CSI_DATA,5829,d8:b1:90:d9:de:f0,-41,9,-99,-37,43,104,416798463,130,0,106,0,"[-101,17,-49,0,-120,17,39,1,-83,17,75,1,-38,17,50,1,-5,17,-10,0,-4,17,-94,0,-49,17,122,0,-138,17,53,0,45,17,11,0,-58,16,25,0,-101,16,61,0,-78,16,110,0,13,17,120,0,0,0,0,0,-101,17,20,0,-58,17,-88,17,-63,17,95,17,-93,17,18,17,-129,17,5,17,-139,17,49,17,-109,17,110,17,-63,17,-130,17,6,0,-103,17,87,0,-117,17,-139,0,132,17,-112,0,66,17,144,0]"
CSI_DATA,5830,d8:b1:90:d9:de:f0,-43,11,-99,-36,44,104,416965010,277,0,106,0,"[79,0,-83,0,91,0,-5,0,110,0,19,1,116,0,-2,0,99,0,-48,0,49,0,-98,0,-8,15,103,0,-106,15,50,0,39,15,15,0,-53,14,1,0,-97,14,18,0,-78,14,36,0,-13,14,37,0,0,0,0,0,-80,15,13,0,20,0,-54,15,92,0,119,15,-116,0,50,15,-104,0,22,15,-120,0,41,15,106,0,89,15,85,0,-100,15,78,0,-23,15,96,0,54,0,-117,0,-126,0,-75,0,-78,0,-31,0]"
CSI_DATA,5831,d8:b1:90:d9:de:f0,-42,9,-99,-38,44,104,416965491,124,0,106,0,"[70,15,-44,15,-11,14,-79,15,-46,14,-70,15,-29,14,-45,15,24,15,-26,15,94,15,-31,15,-91,15,-63,15,2,0,-124,15,86,0,58,15,-134,0,-32,14,134,0,-87,14,97,0,-82,14,57,0,-18,14,0,0,0,0,18,0,-85,15,56,0,32,0,116,0,134,0,-90,0,-76,0,-52,0,-65,0,-60,0,-93,0,-105,0,-134,0,97,0,103,0,18,0,85,0,-64,15,98,0,122,15,134,0,73,15,-78,0,95,15]"
CSI_DATA,5832,d8:b1:90:d9:de:f0,-42,9,-99,-36,43,104,416976505,98,0,106,0,"[115,16,117,16,70,16,44,16,40,16,22,16,54,16,47,16,80,16,83,16,-135,16,129,16,-52,16,-126,16,66,0,-112,16,-89,0,-111,16,6,1,-124,16,59,1,141,16,44,1,126,16,-24,0,140,16,0,0,0,0,87,0,-32,16,3,0,83,0,-42,16,-92,0,-67,16,1,1,-61,16,40,1,-43,16,22,1,-38,16,-44,0,-44,16,-126,0,-61,16,76,0,-109,16,-2,16,102,16,-72,16,33,16,-100,16,-8,15]"
CSI_DATA,5833,d8:b1:90:d9:de:f0,-42,9,-99,-37,44,104,417383270,98,0,106,0,"[112,0,48,15,-106,0,-19,14,-103,0,-42,14,-125,0,-12,14,109,0,43,15,84,0,125,15,69,0,-38,15,64,0,85,0,73,0,-55,0,87,0,34,1,107,0,71,1,110,0,51,1,87,0,-21,0,0,0,0,0,-7,15,54,0,-86,15,-33,15,96,15,-110,15,34,15,112,15,14,15,102,15,43,15,120,15,109,15,-108,15,-76,15,-81,15,10,0,-57,15,98,0,-46,15,-65,0,-58,15,-3,0,-89,15,-1,0]"
CSI_DATA,5834,d8:b1:90:d9:de:f0,-42,9,-99,-38,44,104,417383366,130,0,106,0,"[-102,0,-88,0,-37,0,-40,0,3,1,-48,0,-5,0,-97,0,-52,0,128,0,-119,0,94,0,55,0,91,0,-42,15,117,0,119,15,-100,0,61,15,-31,0,56,15,14,1,91,15,16,1,-126,15,-37,0,0,0,0,0,-62,15,54,0,-85,15,-54,15,129,15,128,15,75,15,81,15,45,15,76,15,60,15,108,15,105,15,-114,15,-90,15,-84,15,-16,15,-75,15,66,0,-101,15,-133,0,117,15,-108,0,49,15,127,0]"
CSI_DATA,5835,d8:b1:90:d9:de:f0,-43,9,-99,-36,44,104,417383510,113,0,106,0,"[66,0,33,15,73,0,-40,14,41,0,-63,14,9,0,-34,14,-10,15,24,15,-6,15,96,15,35,0,-88,15,113,0,-16,15,-43,0,27,0,38,1,35,0,77,1,12,0,54,1,-24,15,-11,0,-38,15,0,0,0,0,71,0,18,0,5,0,91,0,-29,15,-71,0,-29,15,1,1,-9,15,20,1,12,0,-11,0,14,0,-74,0,-2,15,117,0,-45,15,52,0,-110,15,9,0,63,15,-5,15,1,15,24,0,-2,14]"
CSI_DATA,5836,d8:b1:90:d9:de:f0,-42,9,-99,-35,43,104,417383673,108,0,106,0,"[-57,0,119,0,20,1,-135,0,54,1,122,0,31,1,74,0,-23,0,39,0,-110,0,32,0,85,0,62,0,-2,16,125,0,-64,16,-59,0,-88,16,30,1,-74,16,80,1,-31,16,69,1,0,0,-6,0,0,0,0,0,-20,16,82,0,-107,16,-4,16,78,16,-50,16,0,16,-61,16,-25,15,-38,16,7,16,-11,16,78,16,-2,16,-126,16,-9,16,-59,16,-51,16,-10,16,-118,16,6,0,70,16,-16,16,4,16,-70,16]"
CSI_DATA,5837,d8:b1:90:d9:de:f0,-45,11,-99,-38,47,104,417503944,100,0,228,0,"[-2,10,-2,13,-1,17,0,19,0,20,0,21,0,22,92,55,0,19,0,17,0,15,0,12,0,10,1,7,2,4,3,0,5,-2,6,-6,8,-9,10,-12,11,-14,26,-44,14,-17,14,-17,13,-16,11,-14,11,-13,8,-11,0,0,3,-7,0,-5,-2,-4,-5,-2,-8,-2,-11,-1,53,11,-16,0,-17,0,-17,0,-17,0,-15,0,-14,0,-11,0,-8,0,-5,0,-3,1,0,2,2,2,4,4,48,0,9,8,11,9,11,11,12,12,11,14,9,14,7,12,-15,5,-9,16,4,19,17,11,19,-2,10,-14,-2,-14,-11,15,-8,4,0,8,7,2,6,-5,-2,-10,-11,-5,-14,5,-5,17,8,17,20,5,19,-10,5,-20,-9,-17,-3,-21,-11,6,-1,10,4,5,2,-2,-2,-2,-6,2,0,0,7,11,15,2,15,-10,4,-19,-11,-17,-20,-5,-32,8,-4,17,7,14,12,2,8,-5,0,-5,-3,-1,0,2,4,2,5,-2,2,-8,-5,-8,-11,-2,-11,7,3,20,7,12,13,3,11,-5,2,-9,-2,-6,-4,0,0,2]"
CSI_DATA,5838,d8:b1:90:d9:de:f0,-42,9,-99,-37,44,104,417592169,130,0,106,0,"[-116,0,-107,15,-33,0,97,15,-13,0,57,15,-41,0,53,15,-91,0,87,15,122,0,-115,15,76,0,-23,15,36,0,90,0,14,0,-46,0,16,0,58,1,37,0,102,1,63,0,82,1,66,0,3,1,0,0,0,0,29,0,48,0,-38,15,-63,15,-118,15,106,15,76,15,57,15,48,15,52,15,64,15,83,15,122,15,-129,15,-78,15,-85,15,7,0,-54,15,99,0,-45,15,-72,0,-54,15,-8,0,-85,15,-14,0]"
CSI_DATA,5839,d8:b1:90:d9:de:f0,-42,11,-99,-34,43,104,417800605,277,0,106,0,"[116,15,-101,0,51,15,-61,0,46,15,-25,0,78,15,-33,0,116,15,-68,0,-114,15,-123,0,-101,15,62,0,-123,15,-46,15,94,15,116,15,33,15,45,15,-20,14,34,15,-34,14,72,15,10,15,128,15,0,0,0,0,-78,15,-51,15,36,0,-70,15,-133,0,-120,15,-74,0,93,15,-68,0,55,15,-102,0,65,15,122,0,113,15,94,0,-95,15,75,0,-18,15,99,0,61,0,-122,0,130,0,-56,0,-119,0,-16,0]"
CSI_DATA,5840,d8:b1:90:d9:de:f0,-43,9,-99,-36,44,104,417801050,98,0,106,0,"[-99,0,-113,0,-63,0,-42,0,-42,0,-27,0,-56,0,-47,0,-88,0,-84,0,103,0,-123,0,23,0,95,0,-90,15,66,0,49,15,49,0,-49,14,53,0,-95,14,71,0,-77,14,88,0,-13,14,84,0,0,0,0,0,-74,15,14,0,12,0,-59,15,88,0,110,15,-127,0,38,15,-124,0,6,15,111,0,30,15,84,0,89,15,64,0,-95,15,62,0,-10,15,76,0,71,0,117,0,-107,0,-94,0,-62,0,-57,0]"
CSI_DATA,5841,d8:b1:90:d9:de:f0,-43,9,-99,-34,44,104,417801173,98,0,106,0,"[-49,14,-45,0,-90,14,16,0,-93,14,39,0,-84,14,21,0,-66,14,-24,0,-59,14,-92,0,-67,14,65,0,-94,14,-41,14,101,14,98,14,51,14,17,14,10,14,-11,13,6,14,16,14,37,14,70,14,0,0,0,0,-49,14,-51,14,54,0,-20,14,-77,0,-7,14,-1,0,-14,14,23,0,-32,14,-6,0,-34,14,-67,0,-27,14,109,0,0,14,40,0,38,0,-13,14,100,0,-49,14,-70,0,-50,14,-7,0,-17,14]"
CSI_DATA,5842,d8:b1:90:d9:de:f0,-43,9,-99,-36,44,104,417801323,113,0,106,0,"[44,15,-18,15,-25,14,-48,15,-53,14,-48,15,-35,14,-36,15,21,15,-31,15,86,15,-30,15,-80,15,-58,15,23,0,-106,15,117,0,77,15,-74,0,1,15,-54,0,-40,14,-86,0,-41,14,123,0,7,15,0,0,0,0,38,0,-65,15,31,0,49,0,55,0,-91,0,86,0,-18,0,110,0,0,1,111,0,-31,0,82,0,-88,0,35,0,109,0,-24,15,54,0,-104,15,23,0,67,15,9,0,3,15,33,0,1,15]"
CSI_DATA,5843,d8:b1:90:d9:de:f0,-43,11,-99,-37,45,104,418218402,277,0,106,0,"[69,13,61,0,-8,12,78,0,-35,12,99,0,-10,12,105,0,39,13,88,0,99,13,56,0,-72,13,-5,13,-6,13,-88,13,44,0,44,13,70,0,-47,12,65,0,-91,12,34,0,-86,12,9,0,-22,12,0,0,0,0,-1,13,-63,13,30,0,44,0,83,0,-94,0,-99,0,-40,0,-74,0,-28,0,-83,0,-58,0,108,0,-105,0,50,0,87,0,-17,13,52,0,-99,13,34,0,53,13,35,0,-6,12,67,0,-5,12]"
CSI_DATA,5844,d8:b1:90:d9:de:f0,-43,9,-99,-35,44,104,418218847,124,0,106,0,"[85,14,100,0,14,14,-108,0,0,14,-74,0,34,14,-74,0,81,14,-97,0,-110,14,101,0,-68,14,22,0,-34,14,-89,14,-31,14,39,14,-44,14,-54,13,-84,14,-98,13,-118,14,-70,13,-119,14,0,14,0,0,0,0,-36,14,-49,14,53,0,28,0,-97,0,84,0,-12,0,95,0,19,0,79,0,-6,0,54,0,-73,0,34,0,99,0,33,0,16,0,50,0,-60,14,93,0,-120,14,-88,0,112,14,-19,0,-94,14]"
CSI_DATA,5845,d8:b1:90:d9:de:f0,-43,9,-99,-38,45,104,418218951,130,0,106,0,"[-72,0,-72,14,0,0,-91,14,24,0,-114,14,0,0,-120,14,-50,0,-107,14,-108,0,-68,14,80,0,0,14,31,0,93,0,2,0,-35,0,1,0,56,0,22,0,104,0,56,0,86,0,74,0,18,0,0,0,0,0,27,0,61,0,-49,14,-26,14,107,14,-92,14,33,14,118,14,0,14,-114,14,17,14,-88,14,77,14,-65,14,-91,14,-49,14,-15,14,-63,14,58,0,-97,14,-119,0,85,14,-99,0,26,14,113,0]"
CSI_DATA,5846,d8:b1:90:d9:de:f0,-43,9,-99,-36,44,104,418219104,101,0,106,0,"[-78,0,-85,15,0,1,-99,15,26,1,-118,15,0,1,-122,15,-49,0,-104,15,-103,0,-62,15,100,0,8,0,56,0,98,0,31,0,-45,0,29,0,53,1,45,0,99,1,72,0,83,1,74,0,8,1,0,0,0,0,18,0,79,0,-68,15,-2,15,96,15,-59,15,23,15,-85,15,-9,14,-85,15,15,15,-67,15,79,15,-53,15,-107,15,-52,15,-33,15,-73,15,34,0,-123,15,90,0,74,15,107,0,12,15,73,0]"
CSI_DATA,5847,d8:b1:90:d9:de:f0,-42,9,-99,-37,44,104,418254236,120,0,106,0,"[-81,0,95,15,-43,0,16,15,-69,0,-19,14,-118,0,-11,14,100,0,39,15,73,0,113,15,74,0,-56,15,113,0,45,0,-87,0,-131,0,-14,0,-82,0,27,1,-87,0,17,1,-130,0,-45,0,83,0,0,0,0,0,17,0,44,0,-88,15,76,0,91,15,-113,0,51,15,-52,0,63,15,-25,0,103,15,-42,0,-110,15,-97,0,-81,15,96,0,-66,15,16,0,-90,15,-61,15,124,15,-130,15,68,15,108,15,31,15]"
CSI_DATA,5848,d8:b1:90:d9:de:f0,-42,9,-99,-37,44,104,418262234,98,0,106,0,"[-15,0,-42,15,53,1,-78,15,56,1,-121,15,13,1,119,15,-57,0,-123,15,-118,0,-91,15,96,0,-10,15,73,0,85,0,82,0,-68,0,114,0,17,1,-107,0,39,1,-87,0,1,1,-113,0,-66,0,0,0,0,0,13,0,65,0,-92,15,61,0,64,15,81,0,7,15,121,0,3,15,-106,0,43,15,-104,0,109,15,129,0,-97,15,75,0,-65,15,-1,15,-63,15,-84,15,-93,15,98,15,106,15,53,15,56,15]"
CSI_DATA,5849,d8:b1:90:d9:de:f0,-41,11,-99,-35,43,104,418504026,100,0,114,0,"[1,28,-1,31,-1,32,-2,33,-3,35,-3,34,-4,33,-3,32,-2,30,-2,29,-1,28,-2,29,-1,29,0,30,0,31,1,32,3,33,4,35,4,37,6,35,7,37,8,37,7,35,9,34,7,34,8,34,9,32,9,32,0,0,11,30,11,30,11,30,14,31,14,31,15,31,16,30,17,30,17,28,17,27,17,27,17,25,16,22,17,20,17,20,17,18,17,17,17,16,19,17,19,17,20,17,21,17,22,18,22,19,22,19,21,18,20,19,17,18]"
CSI_DATA,5850,d8:b1:90:d9:de:f0,-43,9,-99,-38,45,104,418636645,281,0,106,0,"[84,0,-67,0,113,0,0,0,-98,0,16,0,-91,0,-13,0,-110,0,-57,0,84,0,-106,0,14,0,97,0,-84,14,75,0,51,14,77,0,-27,13,105,0,-60,13,-101,0,-31,13,-81,0,37,14,-100,0,0,0,0,0,-59,14,25,0,-19,14,-81,14,-10,14,61,14,-23,14,-12,13,-44,14,-33,13,-54,14,0,14,-43,14,59,14,-16,14,118,14,29,0,-68,14,92,0,-33,14,-75,0,-16,14,-17,0,-29,14,-5,0]"
CSI_DATA,5851,d8:b1:90:d9:de:f0,-44,9,-99,-36,45,104,418636819,98,0,106,0,"[-77,13,61,13,-103,13,0,13,95,13,-16,12,82,13,12,13,104,13,57,13,-82,13,102,13,-15,13,-90,13,78,0,-73,13,-52,0,-82,13,24,0,-114,13,49,0,79,13,17,0,59,13,-45,0,79,13,0,0,0,0,50,0,-29,13,26,0,73,0,29,0,-61,0,49,0,6,0,73,0,21,0,81,0,-7,0,64,0,-62,0,34,0,113,0,-17,13,67,0,-81,13,45,0,75,13,40,0,24,13,67,0,23,13]"
CSI_DATA,5852,d8:b1:90:d9:de:f0,-43,9,-99,-38,45,104,418636924,224,0,106,0,"[116,0,-84,0,-85,0,-23,0,-48,0,-13,0,-47,0,-45,0,-74,0,-94,0,116,0,110,0,38,0,90,0,-60,14,95,0,79,14,-114,0,10,14,-63,0,-3,13,-17,0,34,14,0,0,96,14,-36,0,0,0,0,0,-44,14,44,0,-47,14,-65,14,-79,14,78,14,119,14,18,14,88,14,10,14,86,14,43,14,-119,14,96,14,-68,14,-101,14,-8,14,-76,14,67,0,-73,14,-104,0,-92,14,-58,0,101,14,-73,0]"
CSI_DATA,5853,d8:b1:90:d9:de:f0,-42,9,-99,-37,44,104,418637095,252,0,106,0,"[50,0,51,15,71,0,-28,14,48,0,-61,14,17,0,-40,14,-3,15,17,15,7,0,88,15,44,0,-95,15,119,0,-25,15,-40,0,27,0,51,1,46,0,103,1,14,0,89,1,-26,15,8,1,-42,15,0,0,0,0,65,0,-3,15,-8,15,92,0,-51,15,-74,0,-58,15,6,1,-42,15,40,1,-18,15,7,1,-1,15,-57,0,-12,15,-131,0,-46,15,64,0,-108,15,14,0,79,15,-11,15,15,15,-4,15,-3,14]"
CSI_DATA,5854,d8:b1:90:d9:de:f0,-44,11,-99,-37,45,104,418845099,277,0,106,0,"[-117,0,108,13,-40,0,74,13,-12,0,51,13,-27,0,63,13,-66,0,95,13,-107,0,-86,13,77,0,-14,13,19,0,79,0,-33,13,-47,0,-73,13,34,0,-81,13,81,0,-69,13,76,0,-51,13,16,0,0,0,0,0,-4,13,65,0,-3,13,-47,13,-11,13,77,13,-27,13,0,13,-35,13,-24,12,-35,13,-1,12,-21,13,60,13,3,0,-103,13,31,0,-26,13,76,0,44,0,-99,0,109,0,-45,0,-90,0,-19,0]"
CSI_DATA,5855,d8:b1:90:d9:de:f0,-44,9,-99,-36,45,104,418845580,98,0,106,0,"[29,0,-49,0,15,0,29,0,15,0,61,0,16,0,40,0,10,0,-7,0,-9,13,-74,0,-44,13,75,0,-91,13,-18,13,74,13,-107,13,17,13,48,13,-16,12,20,13,-19,12,31,13,29,13,74,13,0,0,0,0,-51,13,-40,13,52,0,-4,13,-75,0,21,0,0,0,30,0,31,0,26,0,5,0,20,0,-56,0,19,0,102,0,27,0,25,0,44,0,-49,13,78,0,111,13,-100,0,74,13,-54,0,91,13]"
CSI_DATA,5856,d8:b1:90:d9:de:f0,-43,9,-99,-37,45,104,418845675,108,0,106,0,"[-95,13,-79,0,76,13,-22,0,58,13,6,0,72,13,-7,0,104,13,-51,0,-99,13,-110,0,-77,13,36,0,-55,13,-68,13,-49,13,49,13,-58,13,-48,12,-70,13,-94,12,-87,13,-80,12,-81,13,-15,12,0,0,0,0,-23,13,-64,13,37,0,33,0,113,0,-116,0,-58,0,-65,0,-28,0,-56,0,-45,0,-81,0,-97,0,113,0,73,0,77,0,-3,13,45,0,-88,13,33,0,62,13,38,0,0,13,71,0,3,13]"
CSI_DATA,5857,d8:b1:90:d9:de:f0,-42,9,-99,-38,44,104,418860204,124,0,106,0,"[-133,0,116,15,-65,0,74,15,-52,0,48,15,-79,0,63,15,-109,0,99,15,118,0,-110,15,98,0,-22,15,99,0,95,0,115,0,-59,0,-114,0,30,1,-81,0,69,1,-57,0,34,1,-83,0,-45,0,0,0,0,0,47,0,62,0,-68,15,8,0,90,15,-16,15,0,15,-13,15,-30,14,9,0,-1,14,21,0,66,15,10,0,-131,15,-12,15,-59,15,-58,15,-8,15,-130,15,22,0,51,15,2,0,-6,14,-39,15]"
CSI_DATA,5858,d8:b1:90:d9:de:f0,-42,9,-99,-36,43,104,418874784,130,0,106,0,"[83,16,-66,16,6,16,-98,16,-29,15,-74,16,-6,15,-40,16,43,16,-22,16,120,16,-34,16,-95,16,-80,16,-33,16,114,16,7,0,4,16,5,0,-93,15,-40,16,-129,15,-89,16,-94,15,-106,16,5,16,0,0,0,0,-30,16,-74,16,76,0,7,0,-81,0,38,0,4,1,26,0,32,1,-5,16,3,1,-26,16,-68,0,-34,16,-136,0,-2,16,98,0,53,0,74,0,126,0,88,0,-75,0,131,0,-29,0,-102,0]"
CSI_DATA,5859,d8:b1:90:d9:de:f0,-43,11,-99,-37,45,104,419262896,277,0,106,0,"[110,0,79,13,-56,0,30,13,-38,0,4,13,-61,0,20,13,-92,0,56,13,-116,0,-110,13,90,0,-31,13,65,0,77,0,53,0,-45,0,56,0,44,0,66,0,87,0,77,0,74,0,64,0,12,0,0,0,0,0,9,0,66,0,-50,13,-28,13,114,13,-106,13,55,13,76,13,32,13,59,13,45,13,74,13,93,13,110,13,-84,13,-88,13,-18,13,-55,13,58,0,-36,13,-89,0,-32,13,-26,0,-46,13,-11,0]"
CSI_DATA,5860,d8:b1:90:d9:de:f0,-43,9,-99,-35,44,104,419263350,124,0,106,0,"[106,0,-79,0,-107,0,0,0,-78,0,16,0,-79,0,-4,0,-109,0,-55,0,86,0,-103,0,5,0,92,0,-93,14,47,0,39,14,16,0,-56,13,8,0,-100,13,24,0,-85,13,41,0,-16,13,45,0,0,0,0,0,-64,14,5,0,34,0,-53,14,119,0,118,14,-82,0,51,14,-72,0,22,14,-97,0,36,14,108,0,85,14,75,0,-100,14,51,0,-25,14,42,0,60,0,57,0,-100,0,96,0,-35,0,-108,0]"
CSI_DATA,5861,d8:b1:90:d9:de:f0,-43,9,-99,-36,44,104,419263481,98,0,106,0,"[-27,15,44,15,-6,15,-38,14,-9,15,-70,14,-18,15,-42,14,-14,15,4,15,13,0,75,15,53,0,-104,15,124,0,-17,15,-48,0,68,0,22,1,123,0,71,1,-120,0,66,1,126,0,2,1,99,0,0,0,0,0,72,0,44,0,-46,15,61,0,110,15,86,0,34,15,121,0,4,15,-115,0,25,15,-128,0,74,15,103,0,-126,15,52,0,-74,15,-1,15,-36,15,-73,15,-14,15,93,15,-17,15,30,15,-55,15]"
CSI_DATA,5862,d8:b1:90:d9:de:f0,-42,9,-99,-35,43,104,419263613,98,0,106,0,"[-17,16,-47,0,-45,16,37,1,-46,16,70,1,-30,16,44,1,-20,16,-8,0,-43,16,-87,0,-70,16,101,0,-131,16,-4,16,70,16,-104,16,-8,15,105,16,-56,15,88,16,-53,15,107,16,15,16,-129,16,0,0,0,0,-73,16,-53,16,56,0,-56,16,-107,0,-81,16,-26,0,-116,16,4,1,-138,16,-22,0,-128,16,-82,0,-101,16,133,0,-53,16,74,0,6,0,35,0,85,0,8,0,-106,0,9,0,-29,0,53,0]"
CSI_DATA,5863,d8:b1:90:d9:de:f0,-46,11,-99,-38,47,104,419503986,100,0,228,0,"[5,-5,5,-7,5,-10,7,-13,8,-14,9,-15,10,-15,92,55,11,-14,10,-12,9,-10,8,-9,5,-8,4,-7,1,-6,-1,-6,-4,-6,-8,-7,-11,-8,-13,-9,-16,-11,26,-44,-17,-13,-15,-14,-14,-14,-12,-14,-10,-13,-8,-11,0,0,-4,-5,-2,-2,-2,0,-2,3,-2,7,-3,10,-44,11,-6,14,-7,15,-8,15,-8,14,-8,13,-8,11,-7,10,-5,8,-4,6,-2,5,0,5,2,5,4,4,53,0,8,6,11,8,11,9,11,11,11,12,8,12,5,11,16,3,17,-8,8,-19,-5,-20,-17,-11,-17,2,-9,11,12,-3,7,4,5,-2,0,-5,-5,0,-5,6,2,10,11,6,15,-3,9,-15,-4,-19,-17,-11,-20,2,-11,14,-14,4,11,8,11,-2,3,-8,-4,-5,-6,2,-1,8,0,0,13,-1,10,-12,-1,-17,-14,-13,-20,0,-14,12,-7,32,10,14,14,3,10,-5,2,-8,-2,-5,-2,0,1,0,3,-2,1,-6,-4,-7,-10,-2,-11,5,-5,13,11,19,13,7,14,-2,8,-11,0,-12,-7,-6,-7,0,-2,4]"
CSI_DATA,5864,d8:b1:90:d9:de:f0,-43,11,-99,-36,44,104,419889592,277,0,106,0,"[42,15,-38,15,-41,14,-41,15,-69,14,-23,15,-38,14,3,0,19,15,8,0,93,15,-9,15,-78,15,-48,15,4,0,-119,15,83,0,53,15,113,0,-29,14,114,0,-74,14,82,0,-64,14,41,0,0,15,0,0,0,0,17,0,-50,15,52,0,64,0,103,0,-96,0,-101,0,-37,0,-62,0,-34,0,-70,0,-65,0,-114,0,-116,0,85,0,93,0,7,0,66,0,-72,15,56,0,100,15,73,0,40,15,115,0,47,15]"
CSI_DATA,5865,d8:b1:90:d9:de:f0,-43,9,-99,-37,44,104,419890073,130,0,106,0,"[-126,0,86,15,-74,0,22,15,-71,0,-9,14,-107,0,2,15,116,0,44,15,101,0,116,15,100,0,-58,15,127,0,42,0,-82,0,-122,0,-26,0,-59,0,14,1,-40,0,15,1,-73,0,-37,0,-123,0,0,0,0,0,56,0,53,0,-64,15,65,0,99,15,96,0,29,15,-130,0,11,15,-101,0,42,15,-107,0,96,15,120,0,-120,15,73,0,-84,15,8,0,-76,15,-72,15,-89,15,108,15,-126,15,52,15,90,15]"
CSI_DATA,5866,d8:b1:90:d9:de:f0,-43,9,-99,-38,45,104,419890190,113,0,106,0,"[39,14,45,0,-29,13,61,0,-47,13,92,0,-16,13,104,0,35,14,92,0,89,14,57,0,-101,14,-11,14,-68,14,-102,14,-59,14,33,14,-71,14,-45,13,-93,14,-69,13,-113,14,-37,13,-102,14,18,14,0,0,0,0,-10,14,-65,14,79,0,-14,14,-65,0,15,0,7,0,11,0,30,0,-4,14,8,0,-18,14,-48,0,-17,14,-110,0,-4,14,69,0,33,0,22,0,93,0,-3,14,-75,0,7,0,-13,0,47,0]"
CSI_DATA,5867,d8:b1:90:d9:de:f0,-42,9,-99,-37,44,104,419890299,124,0,106,0,"[121,15,89,15,64,15,25,15,25,15,25,15,30,15,64,15,71,15,110,15,128,15,-116,15,-47,15,-107,15,55,0,-121,15,-102,0,98,15,-37,0,44,15,-24,0,4,15,-51,0,-1,14,-112,0,49,15,0,0,0,0,58,0,-49,15,62,0,63,0,92,0,-97,0,-126,0,-31,0,-98,0,-15,0,-99,0,-48,0,128,0,-102,0,75,0,120,0,12,0,84,0,-68,15,77,0,114,15,95,0,64,15,-116,0,80,15]"
CSI_DATA,5868,d8:b1:90:d9:de:f0,-43,9,-99,-34,44,104,419890457,98,0,106,0,"[-53,14,-41,0,-70,14,33,0,-43,14,63,0,-14,14,41,0,-2,14,-11,0,-11,14,-79,0,-49,14,92,0,-118,14,24,0,30,14,-21,14,-50,13,-34,14,-83,13,-20,14,-65,13,12,0,-1,13,28,0,0,0,0,0,-63,14,-11,14,7,0,-80,14,61,0,76,14,74,0,5,14,63,0,-26,13,38,0,-6,13,22,0,50,14,21,0,115,14,47,0,-63,14,99,0,-4,14,-73,0,29,0,-15,0,25,0,6,0]"
CSI_DATA,5869,d8:b1:90:d9:de:f0,-43,9,-99,-37,45,104,419890580,124,0,106,0,"[-22,13,-37,0,-43,13,38,0,-35,13,66,0,-26,13,42,0,-29,13,-16,0,-33,13,-82,0,-58,13,61,0,-101,13,-33,13,72,13,107,13,27,13,31,13,0,13,11,13,10,13,30,13,52,13,76,13,0,0,0,0,-32,13,-43,13,70,0,-5,13,-62,0,22,0,11,0,34,0,34,0,29,0,11,0,25,0,-48,0,23,0,-115,0,31,0,44,0,49,0,-29,13,83,0,-98,13,-102,0,99,13,-53,0,111,13]"
CSI_DATA,5870,d8:b1:90:d9:de:f0,-43,9,-99,-36,44,104,419890693,98,0,106,0,"[114,0,-72,0,-103,0,3,1,-79,0,16,1,-86,0,-13,0,-122,0,-65,0,78,0,-113,0,-3,15,89,0,-107,15,42,0,39,15,10,0,-53,14,-9,15,-89,14,-2,15,-71,14,13,0,4,15,13,0,0,0,0,0,-52,15,-10,15,52,0,-60,15,-106,0,-113,15,-49,0,90,15,-30,0,68,15,-59,0,84,15,-105,0,-125,15,105,0,-68,15,66,0,6,0,37,0,87,0,29,0,-85,0,46,0,-15,0,83,0]"
CSI_DATA,5871,d8:b1:90:d9:de:f0,-43,11,-99,-38,45,104,420307390,277,0,106,0,"[29,14,-7,14,-50,13,-6,14,-73,13,19,0,-47,13,49,0,4,14,50,0,65,14,30,0,-111,14,-16,14,-61,14,-101,14,-33,14,46,14,-33,14,-41,13,-54,14,-74,13,-85,14,-53,13,-85,14,11,14,0,0,0,0,-10,14,-68,14,77,0,-14,14,-66,0,13,0,7,0,11,0,37,0,-12,14,12,0,-31,14,-43,0,-34,14,-102,0,-25,14,79,0,11,0,35,0,69,0,14,0,-97,0,25,0,-35,0,67,0]"
CSI_DATA,5872,d8:b1:90:d9:de:f0,-43,9,-99,-35,44,104,420307835,212,0,106,0,"[10,0,-34,0,-3,14,46,0,9,0,74,0,12,0,47,0,13,0,-3,0,-9,14,-72,0,-46,14,94,0,-110,14,6,0,60,14,-77,14,-8,13,118,14,-47,13,102,14,-44,13,121,14,14,14,-96,14,0,0,0,0,-46,14,-38,14,66,0,-42,14,-77,0,-58,14,-3,0,-86,14,24,0,-105,14,-3,0,-102,14,-58,0,-76,14,-119,0,-39,14,71,0,6,0,22,0,72,0,-12,14,-100,0,-17,14,-35,0,8,0]"
CSI_DATA,5873,d8:b1:90:d9:de:f0,-43,9,-99,-36,44,104,420307984,212,0,106,0,"[123,15,71,15,74,15,10,15,28,15,11,15,29,15,47,15,55,15,96,15,105,15,-116,15,-72,15,-107,15,18,0,124,15,103,0,65,15,-102,0,2,15,-93,0,-41,14,121,0,-47,14,69,0,8,15,0,0,0,0,35,0,-82,15,85,0,20,0,-96,0,92,0,-25,0,125,0,17,1,115,0,4,1,76,0,-46,0,46,0,-110,0,32,0,83,0,45,0,24,0,89,0,-14,15,-103,0,-6,15,-40,0,33,0]"
CSI_DATA,5874,d8:b1:90:d9:de:f0,-43,9,-99,-35,44,104,420308152,212,0,106,0,"[84,14,-109,0,18,14,-62,0,6,14,-30,0,34,14,-37,0,77,14,-73,0,117,14,111,0,-101,14,31,0,-85,14,-73,14,-85,14,63,14,-97,14,-23,13,-122,14,-62,13,111,14,-38,13,-114,14,21,14,0,0,0,0,-13,14,-60,14,76,0,5,0,-76,0,55,0,2,0,76,0,34,0,68,0,13,0,54,0,-45,0,38,0,-117,0,34,0,58,0,44,0,-17,14,73,0,-81,14,-124,0,-117,14,-68,0,-102,14]"
CSI_DATA,5875,d8:b1:90:d9:de:f0,-43,9,-99,-37,44,104,420308338,212,0,106,0,"[51,0,-37,0,74,0,39,1,124,0,53,1,-120,0,9,1,-117,0,-47,0,103,0,-102,0,40,0,129,0,-52,15,124,0,115,15,-107,0,55,15,-50,0,45,15,5,1,89,15,22,1,-110,15,-26,0,0,0,0,0,-45,15,71,0,-84,15,-30,15,113,15,-104,15,40,15,122,15,-8,14,-128,15,5,15,-88,15,55,15,-52,15,117,15,-39,15,-82,15,-44,15,-28,15,-87,15,4,0,110,15,-6,15,42,15,-53,15]"
CSI_DATA,5876,d8:b1:90:d9:de:f0,-43,9,-99,-35,44,104,420308515,212,0,106,0,"[-88,14,-49,0,-123,14,26,0,-111,14,59,0,-89,14,39,0,-62,14,-12,0,-51,14,-80,0,-67,14,79,0,-109,14,-14,14,71,14,-106,14,5,14,85,14,-32,13,73,14,-34,13,103,14,19,14,-100,14,0,0,0,0,-46,14,-38,14,60,0,-46,14,-83,0,-77,14,-19,0,-118,14,-2,0,95,14,-34,0,94,14,-84,0,123,14,116,0,-75,14,71,0,-17,14,46,0,60,0,46,0,-107,0,76,0,-45,0,118,0]"
CSI_DATA,5877,d8:b1:90:d9:de:f0,-43,9,-99,-36,44,104,420308701,212,0,106,0,"[-40,0,-84,15,36,1,-102,15,59,1,126,15,22,1,124,15,-22,0,-110,15,-81,0,-70,15,-127,0,1,0,95,0,93,0,74,0,-52,0,73,0,29,1,92,0,70,1,104,0,58,1,88,0,-12,0,0,0,0,0,1,0,83,0,-91,15,22,0,75,15,-24,15,0,15,-36,15,-37,14,-30,15,-16,14,-18,15,42,15,-14,15,113,15,-26,15,-80,15,-43,15,-23,15,-88,15,32,0,104,15,45,0,43,15,23,0]"
CSI_DATA,5878,d8:b1:90:d9:de:f0,-42,9,-99,-35,43,104,420308896,212,0,106,0,"[-57,0,-111,16,16,1,135,16,33,1,105,16,1,1,100,16,-53,0,122,16,-103,0,-98,16,137,0,-17,16,116,0,89,0,117,0,-68,0,136,0,20,1,-111,0,55,1,-105,0,23,1,-133,0,-40,0,0,0,0,0,20,0,85,0,-89,16,38,0,75,16,25,0,-4,15,32,0,-31,15,47,0,-7,15,55,0,50,16,51,0,119,16,23,0,-93,16,-19,16,-49,16,-82,16,-17,16,110,16,-21,16,44,16,-61,16]"
CSI_DATA,5879,d8:b1:90:d9:de:f0,-43,9,-99,-37,44,104,420309046,212,0,106,0,"[125,0,-73,0,-99,0,-6,0,-71,0,6,1,-69,0,-24,0,-93,0,-67,0,111,0,-110,0,38,0,127,0,-61,15,123,0,92,15,-126,0,18,15,-91,0,-16,14,-60,0,11,15,-53,0,71,15,-89,0,0,0,0,0,-75,15,38,0,-56,15,-69,15,-68,15,90,15,-89,15,15,15,-109,15,-10,14,-113,15,16,15,-96,15,67,15,-58,15,124,15,-8,15,-89,15,61,0,-67,15,-124,0,-61,15,-63,0,-83,15,-51,0]"
CSI_DATA,5880,d8:b1:90:d9:de:f0,-43,9,-99,-35,44,104,420309803,98,0,106,0,"[38,14,-41,14,-41,13,-64,14,-69,13,-58,14,-48,13,-40,14,8,14,-34,14,81,14,-40,14,-82,14,-68,14,15,0,-114,14,113,0,67,14,-70,0,7,14,-54,0,-19,13,-76,0,-13,13,-112,0,34,14,0,0,0,0,44,0,-37,14,30,0,72,0,36,0,-67,0,52,0,9,0,64,0,29,0,65,0,8,0,48,0,-46,0,21,0,-109,0,-19,14,74,0,-75,14,16,0,101,14,-31,14,37,14,-46,14,8,14]"
CSI_DATA,5881,d8:b1:90:d9:de:f0,-41,11,-99,-34,42,104,420504046,100,0,114,0,"[7,-30,10,-32,11,-34,14,-35,15,-34,15,-33,15,-32,16,-29,14,-28,15,-28,14,-28,14,-28,14,-28,14,-28,15,-30,15,-32,14,-33,15,-34,15,-35,15,-35,15,-36,14,-38,15,-38,14,-38,14,-35,13,-34,13,-33,13,-33,0,0,11,-33,13,-33,11,-33,11,-34,11,-34,11,-34,11,-35,11,-35,10,-34,10,-34,8,-32,8,-32,7,-30,5,-29,7,-28,5,-26,4,-26,4,-26,4,-27,4,-27,4,-28,4,-29,4,-29,5,-30,7,-30,7,-29,8,-27,9,-23]"
CSI_DATA,5882,d8:b1:90:d9:de:f0,-43,11,-99,-35,44,104,420516288,277,0,106,0,"[100,0,-85,0,-117,0,-11,0,-91,0,6,0,-94,0,-16,0,-123,0,-70,0,74,0,-120,0,-7,14,71,0,-104,14,29,0,23,14,-4,14,-66,13,-14,14,-108,13,-1,14,-90,13,27,0,-19,13,39,0,0,0,0,0,-55,14,7,0,44,0,-48,14,-112,0,-110,14,-66,0,78,14,-55,0,49,14,-81,0,67,14,-123,0,117,14,88,0,-54,14,64,0,17,0,55,0,105,0,71,0,-58,0,106,0,-4,0,-103,0]"
CSI_DATA,5883,d8:b1:90:d9:de:f0,-43,9,-99,-37,45,104,420516787,130,0,106,0,"[-77,13,-77,0,114,13,-13,0,-113,13,24,0,-91,13,7,0,-64,13,-40,0,-48,13,-105,0,-54,13,38,0,-83,13,-56,13,93,13,78,13,41,13,15,13,-6,12,0,13,-17,12,34,13,21,13,94,13,0,0,0,0,-46,13,-25,13,63,0,-11,13,-71,0,-11,13,0,0,-33,13,22,0,-61,13,-11,0,-64,13,-75,0,-47,13,98,0,-11,13,44,0,37,0,4,0,110,0,-10,13,-44,0,10,0,13,0,53,0]"
CSI_DATA,5884,d8:b1:90:d9:de:f0,-43,11,-99,-38,45,104,420725187,277,0,106,0,"[64,14,-11,14,-16,13,-28,14,-46,13,-15,14,-23,13,2,0,29,14,7,0,97,14,-10,14,-64,14,-40,14,21,0,-105,14,100,0,55,14,-92,0,-23,13,-96,0,-71,13,115,0,-64,13,74,0,0,13,0,0,0,0,18,0,-53,14,35,0,55,0,72,0,-82,0,113,0,-21,0,-102,0,-5,0,-113,0,-37,0,96,0,-92,0,44,0,100,0,-22,14,58,0,-101,14,38,0,56,14,40,0,-2,13,65,0,0,14]"
CSI_DATA,5885,d8:b1:90:d9:de:f0,-43,9,-99,-37,45,104,420725686,98,0,106,0,"[110,13,113,0,38,13,-81,0,12,13,-62,0,31,13,-73,0,71,13,-103,0,-117,13,68,0,-62,13,-2,13,1,0,-94,13,58,0,34,13,91,0,-48,12,107,0,-90,12,88,0,-77,12,62,0,-12,12,0,0,0,0,9,0,-55,13,0,0,66,0,6,0,-66,0,13,0,13,0,19,0,37,0,16,0,6,0,2,0,-58,0,-14,13,101,0,-41,13,24,0,-84,13,-49,13,96,13,-117,13,45,13,73,13,18,13]"
CSI_DATA,5886,d8:b1:90:d9:de:f0,-43,9,-99,-36,44,104,420768345,124,0,106,0,"[-61,0,55,0,9,1,92,0,48,1,87,0,38,1,53,0,-12,0,31,0,-74,0,30,0,104,0,55,0,17,0,109,0,-62,15,-59,0,-99,15,32,1,-91,15,86,1,-54,15,86,1,-21,15,31,1,0,0,0,0,8,0,97,0,-49,15,-8,15,123,15,-84,15,43,15,-123,15,5,15,-117,15,11,15,-89,15,60,15,-52,15,-128,15,-38,15,-52,15,-43,15,23,0,-85,15,78,0,100,15,92,0,28,15,46,0]"
CSI_DATA,5887,d8:b1:90:d9:de:f0,-42,9,-99,-37,44,104,420813687,98,0,106,0,"[-90,0,103,15,-46,0,36,15,-64,0,-5,14,-113,0,-7,14,104,0,33,15,84,0,88,15,97,0,-102,15,-118,0,-36,15,-39,0,14,0,44,1,26,0,83,1,-1,15,72,1,-45,15,-7,0,-59,15,0,0,0,0,87,0,-16,15,41,0,77,0,27,0,-86,0,55,0,-9,0,96,0,20,1,118,0,-11,0,117,0,-73,0,86,0,-130,0,34,0,97,0,-32,15,93,0,-103,15,122,0,127,15,-78,0,-104,15]"
CSI_DATA,5888,d8:b1:90:d9:de:f0,-43,9,-99,-36,44,104,420838051,120,0,106,0,"[97,15,-102,0,47,15,-45,0,45,15,-18,0,81,15,-37,0,112,15,-79,0,-117,15,97,0,-104,15,13,0,-110,15,-99,15,-128,15,54,15,103,15,-22,14,76,15,-44,14,72,15,-15,14,109,15,52,15,0,0,0,0,-18,15,-45,15,83,0,15,0,-75,0,52,0,7,1,69,0,35,1,60,0,6,1,50,0,-57,0,42,0,-125,0,43,0,59,0,68,0,-5,15,104,0,-63,15,-96,0,-92,15,-44,0,-71,15]"
CSI_DATA,5889,d8:b1:90:d9:de:f0,-41,9,-99,-37,43,104,420888436,98,0,106,0,"[93,0,87,17,136,0,1,17,118,0,-36,16,85,0,-5,16,57,0,54,17,55,0,142,17,85,0,-49,17,-135,0,62,0,-35,0,-143,0,53,1,-99,0,110,1,-115,0,98,1,128,0,9,1,65,0,0,0,0,0,64,0,-1,17,-70,17,41,0,117,17,100,0,53,17,-129,0,43,17,-91,0,83,17,-110,0,137,17,131,0,-118,17,58,0,-98,17,-24,17,-112,17,-109,17,139,17,102,17,83,17,66,17,39,17]"
CSI_DATA,5890,d8:b1:90:d9:de:f0,-42,9,-99,-37,44,104,421143430,98,0,106,0,"[15,15,34,0,-60,14,55,0,-78,14,86,0,-39,14,100,0,24,15,94,0,81,15,52,0,-130,15,-15,15,-90,15,-112,15,-77,15,44,15,-91,15,-34,14,-115,15,-65,14,123,15,-41,14,-124,15,26,15,0,0,0,0,-15,15,-72,15,88,0,-18,15,-67,0,4,0,15,1,-5,15,47,1,-29,15,24,1,-50,15,-39,0,-46,15,-104,0,-31,15,92,0,6,0,47,0,67,0,22,0,-114,0,31,0,-49,0,74,0]"
CSI_DATA,5891,d8:b1:90:d9:de:f0,-43,9,-99,-35,44,104,421143570,262,0,106,0,"[102,14,-66,0,65,14,-1,0,76,14,32,0,114,14,13,0,-102,14,-26,0,-86,14,-95,0,-98,14,79,0,112,14,-4,14,50,14,-80,14,-6,13,121,14,-54,13,122,14,-54,13,-102,14,4,14,-68,14,0,0,0,0,-61,14,-35,14,38,0,-81,14,115,0,116,14,-90,0,47,14,-80,0,2,14,-111,0,15,14,94,0,54,14,71,0,118,14,63,0,-68,14,78,0,-1,14,-123,0,60,0,-71,0,95,0,-35,0]"
CSI_DATA,5892,d8:b1:90:d9:de:f0,-42,9,-99,-37,44,104,421143740,242,0,106,0,"[-124,0,-59,0,-65,0,-9,0,-23,0,-11,0,-22,0,-59,0,-56,0,-110,0,-123,0,125,0,60,0,117,0,-43,15,-122,0,128,15,-72,0,65,15,-11,0,66,15,29,1,107,15,27,1,-106,15,-19,0,0,0,0,0,-48,15,64,0,-66,15,-51,15,-129,15,112,15,66,15,62,15,31,15,58,15,28,15,92,15,65,15,-121,15,126,15,-85,15,-64,15,-71,15,10,0,-82,15,79,0,-128,15,115,0,77,15,92,0]"
CSI_DATA,5893,d8:b1:90:d9:de:f0,-43,11,-99,-37,44,104,421351883,277,0,106,0,"[31,15,-47,15,-43,14,-60,15,-71,14,-40,15,-43,14,-16,15,14,15,0,0,83,15,-11,15,-98,15,-48,15,-14,15,-116,15,52,0,55,15,90,0,-27,14,86,0,-78,14,55,0,-74,14,29,0,-12,14,0,0,0,0,21,0,-80,15,79,0,19,0,-117,0,107,0,-42,0,-112,0,-2,0,-111,0,-12,0,123,0,-61,0,87,0,130,0,58,0,54,0,52,0,-24,15,68,0,-100,15,121,0,122,15,-82,0,-120,15]"
CSI_DATA,5894,d8:b1:90:d9:de:f0,-42,9,-99,-38,44,104,421352346,130,0,106,0,"[85,0,-39,0,103,0,29,1,130,0,46,1,134,0,16,1,116,0,-42,0,85,0,-95,0,10,0,132,0,-82,15,106,0,75,15,106,0,-10,14,128,0,-48,14,-119,0,-23,14,-95,0,40,15,-116,0,0,0,0,0,-96,15,39,0,-66,15,-67,15,-61,15,96,15,-76,15,21,15,-105,15,-8,14,-119,15,18,15,-100,15,70,15,-64,15,126,15,-12,15,-94,15,61,0,-69,15,-128,0,-64,15,-63,0,-99,15,-58,0]"
CSI_DATA,5895,d8:b1:90:d9:de:f0,-46,11,-99,-36,47,104,421503940,100,0,228,0,"[3,7,5,8,8,10,9,12,9,14,9,15,9,16,87,52,7,16,5,15,4,13,3,11,3,9,3,7,4,4,6,1,7,-1,9,-4,12,-5,14,-7,17,-7,24,-41,21,-6,20,-4,20,-3,18,-2,16,0,13,0,0,0,7,0,4,0,1,-2,-1,-4,-3,-6,-4,-9,-75,10,-6,-14,-6,-15,-4,-16,-4,-15,-3,-14,-2,-14,-2,-12,-1,-9,-2,-7,-2,-5,-2,-3,-4,-2,-6,0,-72,10,-10,1,-12,1,-14,1,-15,0,-15,-2,-14,-3,-12,-4,-8,13,2,19,14,14,20,2,16,-10,4,-16,-6,-12,-2,12,-7,4,0,5,4,1,3,-4,-2,-7,-9,-3,-12,6,-4,14,7,16,17,6,18,-7,8,-17,-6,-18,4,-15,-13,3,-4,9,4,7,7,0,1,-7,-6,-4,0,0,-6,11,4,14,15,9,19,-3,12,-15,0,-19,-18,-26,-16,-2,-12,9,-2,11,4,7,4,1,1,-1,-1,0,0,3,3,4,7,1,8,-4,3,-10,-4,-12,-20,-5,-14,3,-8,12,1,13,8,7,9,0,4,-4,-1,-4]"
CSI_DATA,5896,d8:b1:90:d9:de:f0,-42,11,-99,-34,43,104,421560782,277,0,106,0,"[119,0,68,15,-105,0,13,15,-100,0,-10,14,-134,0,7,15,103,0,46,15,96,0,119,15,96,0,-65,15,130,0,39,0,-75,0,-135,0,-9,0,-74,0,31,1,-54,0,36,1,-87,0,-20,0,132,0,0,0,0,0,73,0,60,0,-52,15,90,0,124,15,133,0,52,15,-83,0,42,15,-51,0,75,15,-61,0,116,15,-111,0,-116,15,100,0,-94,15,27,0,-101,15,-55,15,-133,15,-131,15,86,15,83,15,41,15]"
CSI_DATA,5897,d8:b1:90:d9:de:f0,-43,9,-99,-36,44,104,421561272,108,0,106,0,"[-64,15,51,15,-94,15,-17,14,124,15,-24,14,108,15,19,15,118,15,68,15,-89,15,122,15,-19,15,-92,15,87,0,-77,15,-59,0,-91,15,16,1,119,15,38,1,67,15,0,1,41,15,-72,0,64,15,0,0,0,0,59,0,-43,15,46,0,71,0,74,0,-83,0,124,0,-15,0,-93,0,-7,0,-85,0,-44,0,-115,0,-101,0,88,0,103,0,15,0,70,0,-61,15,74,0,116,15,110,0,75,15,-90,0,96,15]"
CSI_DATA,5898,d8:b1:90:d9:de:f0,-42,9,-99,-36,44,104,421770153,98,0,106,0,"[-87,0,125,15,-17,0,91,15,4,1,78,15,-22,0,85,15,-58,0,123,15,-103,0,-73,15,105,0,8,0,62,0,107,0,21,0,-39,0,7,0,56,1,9,0,100,1,16,0,87,1,16,0,15,1,0,0,0,0,-2,15,70,0,-57,15,-37,15,-128,15,125,15,67,15,64,15,42,15,45,15,63,15,67,15,109,15,113,15,-81,15,-100,15,-5,15,-68,15,87,0,-55,15,-77,0,-60,15,-13,0,-82,15,-7,0]"
CSI_DATA,5899,d8:b1:90:d9:de:f0,-43,9,-99,-37,44,104,421784815,98,0,106,0,"[74,0,-54,0,94,0,12,1,123,0,23,1,122,0,-11,0,102,0,-61,0,59,0,-116,0,-13,15,102,0,-116,15,80,0,39,15,75,0,-42,14,93,0,-75,14,-131,0,-45,14,-104,0,32,15,-120,0,0,0,0,0,-57,15,30,0,-2,15,-71,15,27,0,87,15,18,0,1,15,-5,15,-33,14,-24,15,-3,14,-26,15,59,15,-1,15,126,15,42,0,-71,15,106,0,-26,15,-78,0,-1,15,-11,0,-25,15,-4,0]"
CSI_DATA,5900,d8:b1:90:d9:de:f0,-42,9,-99,-38,44,104,421837421,98,0,106,0,"[54,15,-82,15,-10,14,-134,15,-42,14,131,15,-22,14,-118,15,32,15,-87,15,115,15,-73,15,-55,15,-66,15,62,0,-82,15,-81,0,-124,15,6,1,93,15,45,1,48,15,19,1,31,15,-51,0,69,15,0,0,0,0,62,0,-64,15,12,0,52,0,-9,15,-106,0,-12,15,-25,0,-4,15,4,1,3,0,-23,0,3,0,-90,0,-11,15,108,0,-42,15,32,0,-95,15,-34,15,108,15,-87,15,45,15,-113,15,12,15]"
CSI_DATA,5901,d8:b1:90:d9:de:f0,-43,11,-99,-37,45,104,422187478,277,0,106,0,"[26,0,9,13,35,0,-58,12,6,0,-81,12,-19,13,-52,12,-36,13,-7,12,-30,13,57,13,3,0,-116,13,76,0,-59,13,-67,0,-22,13,11,0,-11,13,61,0,-34,13,57,0,-65,13,0,0,-79,13,0,0,0,0,96,0,-21,13,44,0,56,0,16,0,-87,0,27,0,-11,0,55,0,23,0,78,0,-3,0,80,0,-57,0,55,0,116,0,12,0,64,0,-52,13,31,0,101,13,23,0,36,13,63,0,28,13]"
CSI_DATA,5902,d8:b1:90:d9:de:f0,-43,9,-99,-35,44,104,422187941,124,0,106,0,"[46,0,-15,0,40,0,55,0,49,0,78,0,53,0,54,0,41,0,0,0,21,0,-57,0,-24,14,121,0,-91,14,44,0,69,14,-24,14,-6,13,-75,14,-49,13,-90,14,-51,13,-83,14,-5,13,-67,14,0,0,0,0,-85,14,-50,14,11,0,-72,14,109,0,-116,14,-74,0,87,14,-51,0,57,14,-68,0,63,14,-108,0,98,14,99,0,-100,14,65,0,-33,14,42,0,44,0,42,0,-113,0,73,0,-42,0,114,0]"
CSI_DATA,5903,d8:b1:90:d9:de:f0,-42,9,-99,-34,43,104,422188063,224,0,106,0,"[21,15,68,0,-55,14,67,0,-81,14,77,0,-52,14,85,0,-3,14,77,0,65,15,31,0,-135,15,-18,15,-65,15,-101,15,10,0,70,15,50,0,-16,14,63,0,-72,14,52,0,-70,14,42,0,-13,14,0,0,0,0,33,0,-104,15,84,0,5,0,-121,0,94,0,-63,0,-113,0,-28,0,-93,0,-36,0,-108,0,-76,0,127,0,121,0,84,0,48,0,59,0,-38,15,57,0,132,15,78,0,66,15,116,0,56,15]"
CSI_DATA,5904,d8:b1:90:d9:de:f0,-43,9,-99,-35,44,104,422188244,130,0,106,0,"[15,14,45,0,-54,13,43,0,-78,13,56,0,-52,13,64,0,0,14,57,0,60,14,30,0,-122,14,-17,14,-56,14,-86,14,2,0,69,14,45,0,-16,13,52,0,-64,13,39,0,-61,13,26,0,-11,13,0,0,0,0,28,0,-96,14,74,0,-1,14,-105,0,79,0,-46,0,-115,0,-15,0,-102,0,-21,0,-120,0,-66,0,95,0,-123,0,66,0,51,0,48,0,-28,14,57,0,-108,14,92,0,79,14,-107,0,88,14]"
CSI_DATA,5905,d8:b1:90:d9:de:f0,-43,9,-99,-34,44,104,422188370,113,0,106,0,"[22,14,69,0,-50,13,92,0,-68,13,118,0,-33,13,-113,0,19,14,117,0,78,14,83,0,-104,14,22,0,-54,14,-65,14,-23,14,67,14,-14,14,-22,13,-30,14,-71,13,-52,14,-64,13,-59,14,-9,13,0,0,0,0,-9,14,-80,14,63,0,-9,14,-92,0,50,0,-12,0,72,0,28,0,63,0,17,0,40,0,-34,0,16,0,-107,0,7,0,57,0,17,0,-18,14,50,0,-87,14,114,0,-115,14,-50,0,-83,14]"
CSI_DATA,5906,d8:b1:90:d9:de:f0,-43,9,-99,-35,44,104,422188497,101,0,106,0,"[-107,14,-40,0,97,14,13,0,98,14,43,0,119,14,28,0,-101,14,-12,0,-83,14,-76,0,-82,14,91,0,-106,14,-3,14,96,14,-102,14,49,14,72,14,10,14,44,14,0,14,59,14,31,14,99,14,0,0,0,0,-72,14,-71,14,32,0,-71,14,-113,0,-88,14,-42,0,123,14,-16,0,95,14,-41,0,89,14,-91,0,113,14,106,0,-90,14,67,0,-27,14,41,0,49,0,44,0,-113,0,74,0,-44,0,-121,0]"
CSI_DATA,5907,d8:b1:90:d9:de:f0,-41,11,-99,-34,42,104,422503954,100,0,114,0,"[-30,11,-34,10,-36,9,-38,9,-39,9,-39,8,-38,8,-35,8,-34,8,-33,7,-32,7,-32,9,-32,9,-32,10,-32,11,-34,14,-33,15,-33,16,-35,17,-34,19,-34,21,-34,21,-34,21,-33,22,-30,21,-29,22,-29,21,-28,22,0,0,-27,23,-24,23,-26,23,-24,24,-23,27,-24,27,-23,27,-23,28,-22,28,-20,28,-17,27,-16,27,-15,27,-14,26,-11,24,-11,24,-9,24,-9,24,-9,26,-9,26,-8,27,-8,28,-8,29,-8,29,-9,29,-10,28,-9,26,-9,23]"
CSI_DATA,5908,d8:b1:90:d9:de:f0,-43,9,-99,-35,44,104,422605748,113,0,106,0,"[52,0,-52,0,86,0,14,0,115,0,19,0,-124,0,-24,0,93,0,-78,0,38,0,117,0,-41,14,71,0,100,14,45,0,-8,13,39,0,-87,13,61,0,-101,13,99,0,-56,13,118,0,18,14,111,0,0,0,0,0,-38,14,25,0,27,0,-62,14,73,0,87,14,80,0,13,14,71,0,-9,13,51,0,15,14,35,0,76,14,36,0,-102,14,66,0,-31,14,110,0,27,0,-70,0,73,0,-10,0,79,0,8,0]"
CSI_DATA,5909,d8:b1:90:d9:de:f0,-42,9,-99,-39,44,104,422814619,98,0,106,0,"[13,16,-59,16,-58,15,-77,16,-83,15,-67,16,-51,15,-44,16,-1,15,-33,16,71,16,-42,16,-131,16,-75,16,-49,16,-138,16,27,0,63,16,79,0,-8,15,98,0,-49,15,79,0,-39,15,58,0,19,16,0,0,0,0,66,0,-93,16,109,0,16,0,-98,0,99,0,-35,0,-126,0,-4,0,-116,0,-17,0,-138,0,-61,0,105,0,-133,0,80,0,71,0,67,0,-10,16,81,0,-89,16,124,0,135,16,-98,0,-133,16]"
CSI_DATA,5910,d8:b1:90:d9:de:f0,-43,9,-99,-36,44,104,422814769,98,0,106,0,"[17,0,4,15,18,0,-62,14,-2,15,-80,14,-19,15,-56,14,-18,15,3,15,-1,15,57,15,41,0,125,15,109,0,-68,15,-61,0,-27,15,17,1,5,0,52,1,5,0,41,1,-7,15,-15,0,-6,15,0,0,0,0,86,0,32,0,13,0,99,0,-43,15,-70,0,-73,15,0,1,-71,15,31,1,-54,15,13,1,-34,15,-41,0,-25,15,-101,0,-40,15,85,0,-77,15,19,0,122,15,-35,15,54,15,-60,15,19,15]"
CSI_DATA,5911,d8:b1:90:d9:de:f0,-41,9,-99,-39,43,104,422855262,124,0,106,0,"[88,0,-78,0,125,0,-8,0,-146,0,2,1,-149,0,-45,0,135,0,-105,0,73,0,155,0,-22,18,125,0,-143,18,128,0,53,18,-152,0,-26,17,-106,0,-37,17,-48,0,14,18,-33,0,108,18,-84,0,0,0,0,0,-53,18,44,0,-47,18,-88,18,-64,18,110,18,-111,18,34,18,-140,18,18,18,-134,18,63,18,-99,18,127,18,-29,18,-136,18,48,0,-103,18,136,0,-114,18,-91,0,-156,18,-62,0,88,18,-105,0]"
CSI_DATA,5912,d8:b1:90:d9:de:f0,-42,9,-99,-35,43,104,422903295,130,0,106,0,"[19,16,-64,16,-53,15,-83,16,-77,15,-71,16,-54,15,-49,16,-5,15,-30,16,61,16,-33,16,-137,16,-65,16,-61,16,-130,16,-1,16,57,16,32,0,-30,15,31,0,-86,15,3,0,-82,15,-13,16,-15,15,0,0,0,0,10,0,-117,16,87,0,-32,16,-95,0,21,0,-10,0,40,0,26,1,31,0,5,1,9,0,-58,0,-4,16,-127,0,-1,16,83,0,27,0,30,0,91,0,2,0,-109,0,15,0,-30,0,65,0]"
CSI_DATA,5913,d8:b1:90:d9:de:f0,-42,9,-99,-38,44,104,422941238,108,0,106,0,"[49,0,-50,0,74,0,20,1,112,0,27,1,118,0,-18,0,101,0,-79,0,54,0,127,0,-28,15,75,0,129,15,44,0,10,15,46,0,-77,14,76,0,-100,14,119,0,-59,14,-119,0,23,15,-131,0,0,0,0,0,-67,15,25,0,-16,15,-79,15,3,0,85,15,-10,15,8,15,-32,15,-10,14,-46,15,25,15,-33,15,92,15,0,0,-109,15,55,0,-48,15,134,0,-12,15,-41,0,-3,15,29,1,-41,15,33,1]"
CSI_DATA,5914,d8:b1:90:d9:de:f0,-42,11,-99,-36,44,104,423231972,277,0,106,0,"[74,15,-126,15,11,15,84,15,-22,14,87,15,-5,14,125,15,41,15,-98,15,110,15,-74,15,-51,15,-67,15,60,0,-95,15,-95,0,104,15,-23,0,42,15,-13,0,-8,14,-49,0,-20,14,-109,0,22,15,0,0,0,0,43,0,-59,15,46,0,59,0,67,0,-91,0,111,0,-23,0,-111,0,-12,0,-111,0,-53,0,110,0,-113,0,57,0,93,0,-15,15,57,0,-101,15,42,0,67,15,56,0,12,15,105,0,25,15]"
CSI_DATA,5915,d8:b1:90:d9:de:f0,-42,9,-99,-36,43,104,423232417,124,0,106,0,"[67,16,-93,16,-7,15,-124,16,-46,15,-105,16,-22,15,-63,16,32,16,-33,16,115,16,-30,16,-77,16,-58,16,23,0,-118,16,107,0,69,16,-142,0,-25,15,130,0,-87,15,80,0,-79,15,39,0,-10,15,0,0,0,0,8,0,-77,16,74,0,30,0,-125,0,108,0,-46,0,141,0,-10,0,130,0,-31,0,95,0,-97,0,54,0,108,0,44,0,21,0,52,0,-57,16,103,0,-114,16,-102,0,-125,16,-29,0,-67,16]"
CSI_DATA,5916,d8:b1:90:d9:de:f0,-45,11,-99,-39,47,104,423503981,100,0,228,0,"[5,6,8,6,11,8,14,10,16,12,16,13,16,15,95,57,13,14,12,13,10,12,9,11,7,9,6,6,5,3,5,0,5,-3,6,-6,6,-10,8,-13,10,-15,27,-45,12,-16,13,-16,13,-15,12,-13,11,-10,10,-8,0,0,5,-4,2,-2,-1,-1,-5,-1,-9,0,-12,-1,54,11,-16,-3,-18,-4,-18,-5,-17,-6,-16,-6,-13,-6,-11,-6,-9,-4,-6,-3,-5,-1,-3,0,-1,3,0,6,-13,11,0,11,-1,14,-3,16,-3,16,-6,16,-7,14,-8,12,-6,14,4,18,16,11,20,-2,13,-13,0,-16,-9,-10,4,14,-4,6,3,4,4,-1,0,-6,-7,-5,-12,3,-7,13,4,16,16,11,21,-3,13,-17,-2,-22,-15,-13,-7,-16,-10,11,0,13,7,5,5,-3,-1,-4,-6,0,0,0,3,11,13,6,16,-5,9,-16,-4,-19,-16,-11,-34,0,-12,13,0,14,7,9,7,0,3,-3,0,0,0,2,4,3,7,-1,6,-8,-1,-12,-10,-10,-15,0,-13,18,-3,16,8,14,13,4,11,-4,3,-8,-2,-6,-3,0]"
CSI_DATA,5917,d8:b1:90:d9:de:f0,-43,11,-99,-35,44,104,423649769,277,0,106,0,"[-35,14,56,14,-26,14,-35,13,-31,14,-73,13,-33,14,-55,13,-24,14,-2,13,-5,14,65,14,29,0,-95,14,83,0,6,0,-95,0,110,0,-30,0,-51,0,14,0,-19,0,13,0,-32,0,-25,0,-69,0,0,0,0,0,70,0,50,0,-39,14,3,0,88,14,-28,14,0,14,-36,14,-33,13,-32,14,-13,13,-22,14,51,14,-13,14,-123,14,-18,14,-33,14,-30,14,54,0,-65,14,-109,0,-112,14,-62,0,74,14,-76,0]"
CSI_DATA,5918,d8:b1:90:d9:de:f0,-43,9,-99,-35,44,104,423650250,310,0,106,0,"[-101,0,-112,14,-6,0,108,14,34,0,99,14,22,0,117,14,-21,0,-95,14,-82,0,-56,14,84,0,0,0,-16,14,66,0,119,14,-117,0,25,14,-63,0,-29,13,-38,0,-24,13,-41,0,21,14,-83,0,0,0,0,0,-61,14,54,0,34,0,-26,14,-119,0,-100,14,-53,0,87,14,-26,0,67,14,-46,0,82,14,-95,0,-118,14,96,0,-68,14,28,0,-5,14,-40,14,68,0,-102,14,-107,0,113,14,-31,0,-124,14]"
CSI_DATA,5919,d8:b1:90:d9:de:f0,-43,9,-99,-35,44,104,423650463,290,0,106,0,"[57,0,60,14,103,0,-19,13,102,0,-56,13,84,0,-40,13,61,0,4,14,47,0,71,14,52,0,-85,14,77,0,25,0,-123,0,-111,0,-67,0,-23,0,-21,0,9,0,-3,0,-9,0,-34,0,-63,0,0,0,0,0,71,0,46,0,-38,14,10,0,92,14,-16,14,6,14,-8,14,-33,13,12,0,-8,13,30,0,54,14,32,0,-118,14,12,0,-39,14,-20,14,31,0,-76,14,91,0,96,14,101,0,15,14,61,0]"
CSI_DATA,5920,d8:b1:90:d9:de:f0,-42,9,-99,-37,44,104,423650668,252,0,106,0,"[-74,0,95,0,-10,0,-106,0,30,1,-94,0,18,1,-117,0,-19,0,120,0,-91,0,93,0,82,0,85,0,-33,15,95,0,104,15,125,0,9,15,-94,0,-40,14,-56,0,-25,14,-41,0,34,15,-69,0,0,0,0,0,-69,15,76,0,-17,15,-45,15,9,0,103,15,15,0,7,15,0,0,-31,14,-14,15,-10,14,-19,15,54,15,-6,15,130,15,22,0,-47,15,86,0,23,0,-95,0,78,0,-17,0,94,0,19,1]"
CSI_DATA,5921,d8:b1:90:d9:de:f0,-43,9,-99,-37,44,104,423859122,130,0,106,0,"[-14,15,-48,0,-27,15,42,1,-18,15,78,1,-2,15,57,1,12,0,4,1,-5,15,-74,0,-39,15,101,0,-100,15,1,0,79,15,-93,15,-1,14,111,15,-49,14,90,15,-52,14,124,15,2,15,-96,15,0,0,0,0,-60,15,-14,15,67,0,-15,15,-80,0,-40,15,2,1,-77,15,24,1,-107,15,-11,0,-114,15,-74,0,-90,15,113,0,-52,15,51,0,5,0,3,0,81,0,-23,15,-93,0,-23,15,-20,0,17,0]"
CSI_DATA,5922,d8:b1:90:d9:de:f0,-42,11,-99,-37,44,104,424067567,277,0,106,0,"[-121,15,60,15,108,15,-21,14,78,15,-36,14,87,15,-5,14,125,15,50,15,-90,15,114,15,-10,15,-85,15,91,0,-23,15,-48,0,21,0,51,1,47,0,98,1,45,0,84,1,24,0,9,1,9,0,0,0,0,0,64,0,14,0,-47,15,51,0,108,15,111,0,48,15,-104,0,28,15,-77,0,58,15,-91,0,115,15,127,0,-95,15,66,0,-52,15,-5,15,-17,15,-95,15,-5,15,76,15,-33,15,3,15,-71,15]"
CSI_DATA,5923,d8:b1:90:d9:de:f0,-42,9,-99,-34,43,104,424068066,124,0,106,0,"[-40,15,27,15,-37,15,-60,14,-51,15,-86,14,-54,15,-47,14,-45,15,5,15,-15,15,80,15,33,0,-105,15,117,0,-22,15,-52,0,59,0,26,1,108,0,78,1,120,0,77,1,108,0,8,1,77,0,0,0,0,0,82,0,41,0,-40,15,74,0,127,15,111,0,57,15,-112,0,29,15,-87,0,57,15,-103,0,108,15,129,0,-116,15,66,0,-76,15,-4,15,-56,15,-90,15,-52,15,87,15,-77,15,22,15,-119,15]"
CSI_DATA,5924,d8:b1:90:d9:de:f0,-42,9,-99,-38,44,104,424276910,101,0,106,0,"[67,15,85,0,-12,14,106,0,-36,14,133,0,-7,14,-132,0,45,15,127,0,109,15,84,0,-94,15,16,0,-24,15,-86,15,16,0,67,15,32,0,-39,14,14,0,-102,14,-21,15,-92,14,-45,15,-23,14,0,0,0,0,-16,15,-79,15,50,0,24,0,-134,0,111,0,-48,0,-116,0,-9,0,-117,0,-25,0,119,0,-84,0,79,0,109,0,46,0,19,0,41,0,-70,15,56,0,105,15,102,0,60,15,-102,0,83,15]"
CSI_DATA,5925,d8:b1:90:d9:de:f0,-42,11,-99,-35,43,104,424485364,277,0,106,0,"[43,16,53,0,-32,15,76,0,-44,15,114,0,3,16,137,0,62,16,128,0,125,16,86,0,-105,16,11,0,-87,16,-93,16,-99,16,64,16,131,16,-17,15,67,16,-38,15,37,16,-3,15,63,16,73,16,0,0,0,0,-66,16,-69,16,57,0,-68,16,-118,0,-102,16,-55,0,113,16,-46,0,70,16,-88,0,76,16,129,0,114,16,95,0,-100,16,80,0,-23,16,105,0,56,0,-111,0,125,0,-35,0,-134,0,11,1]"
CSI_DATA,5926,d8:b1:90:d9:de:f0,-42,9,-99,-37,44,104,424485845,108,0,106,0,"[-127,15,80,15,91,15,12,15,57,15,8,15,63,15,45,15,96,15,94,15,-111,15,-117,15,-23,15,-75,15,98,0,-52,15,-40,0,-53,15,53,1,-79,15,88,1,-117,15,63,1,121,15,-14,0,130,15,0,0,0,0,65,0,-29,15,-4,15,75,0,-45,15,-78,0,-49,15,8,1,-32,15,41,1,-10,15,7,1,-1,15,-64,0,-12,15,122,0,-41,15,41,0,-100,15,-31,15,82,15,-86,15,0,15,-89,15,-26,14]"
CSI_DATA,5927,d8:b1:90:d9:de:f0,-41,11,-99,-33,42,104,424503646,100,0,114,0,"[-23,24,-27,24,-30,23,-32,23,-33,23,-32,20,-32,19,-32,17,-30,17,-30,16,-27,16,-28,16,-27,16,-27,17,-28,18,-28,19,-30,19,-31,20,-31,21,-32,21,-32,23,-32,24,-31,23,-30,23,-30,21,-28,20,-28,20,-28,20,0,0,-27,20,-27,20,-27,20,-30,23,-28,23,-30,23,-28,23,-27,21,-26,21,-26,21,-24,21,-23,20,-21,19,-19,19,-18,18,-18,18,-18,18,-18,18,-18,18,-18,19,-18,20,-19,20,-20,21,-20,20,-21,20,-21,19,-21,17,-20,15]"
CSI_DATA,5928,d8:b1:90:d9:de:f0,-42,9,-99,-38,44,104,424532285,130,0,106,0,"[-59,0,-3,15,16,1,10,0,45,1,0,0,20,1,-16,15,-30,0,-16,15,-98,0,2,0,95,0,51,0,27,0,131,0,-32,15,-36,0,-52,15,58,1,-40,15,108,1,-9,15,92,1,13,0,18,1,0,0,0,0,5,0,81,0,-66,15,-22,15,111,15,-100,15,28,15,131,15,-8,14,-132,15,10,15,-106,15,66,15,-77,15,-124,15,-62,15,-43,15,-74,15,31,0,-118,15,95,0,83,15,112,0,11,15,72,0]"
CSI_DATA,5929,d8:b1:90:d9:de:f0,-41,9,-99,-37,43,104,424532710,113,0,106,0,"[71,17,-47,17,-4,16,-77,17,-45,16,-58,17,-20,16,-30,17,36,17,-15,17,110,17,-18,17,-97,17,-57,17,-13,17,-137,17,50,0,45,17,75,0,-57,16,49,0,-113,16,2,0,-105,16,-32,17,-15,16,0,0,0,0,-9,17,-86,17,83,0,19,0,-105,0,87,0,-5,0,108,0,38,1,87,0,9,1,48,0,-69,0,24,0,145,0,24,0,61,0,57,0,-6,17,127,0,-47,17,-78,0,-30,17,8,1,31,0]"
CSI_DATA,5930,d8:b1:90:d9:de:f0,-42,11,-99,-36,43,104,425112060,277,0,106,0,"[-122,16,-92,0,109,16,-28,0,107,16,5,1,136,16,-7,0,-121,16,-58,0,-95,16,-129,0,-88,16,58,0,-111,16,-59,16,127,16,108,16,69,16,16,16,21,16,-10,15,10,16,21,16,50,16,89,16,0,0,0,0,-67,16,-63,16,57,0,-40,16,-103,0,-51,16,-16,0,-75,16,10,1,-98,16,-21,0,-99,16,-88,0,-79,16,131,0,-34,16,71,0,30,0,35,0,116,0,29,0,-72,0,50,0,3,1,106,0]"
CSI_DATA,5931,d8:b1:90:d9:de:f0,-43,9,-99,-36,44,104,425112532,98,0,106,0,"[103,15,-112,0,47,15,-61,0,45,15,-25,0,82,15,-25,0,123,15,-61,0,-102,15,-126,0,-81,15,43,0,-94,15,-61,15,117,15,90,15,65,15,12,15,5,15,-2,14,-7,14,30,15,27,15,89,15,0,0,0,0,-64,15,-50,15,51,0,-47,15,-98,0,-70,15,-29,0,-113,15,-12,0,107,15,-42,0,112,15,-99,0,-116,15,105,0,-63,15,73,0,9,0,68,0,85,0,96,0,-81,0,-116,0,-28,0,-60,0]"
CSI_DATA,5932,d8:b1:90:d9:de:f0,-42,9,-99,-36,43,104,425112673,113,0,106,0,"[1,0,-54,0,-3,16,28,1,22,0,58,1,51,0,25,1,50,0,-30,0,32,0,-108,0,-26,16,100,0,-120,16,34,0,50,16,-11,16,-51,15,-11,16,-108,15,14,0,-95,15,59,0,-7,15,74,0,0,0,0,0,-89,16,20,0,-4,16,-77,16,44,0,103,16,52,0,14,16,37,0,-24,15,7,0,7,16,-1,16,76,16,6,0,-135,16,51,0,-59,16,121,0,-1,16,-74,0,28,0,5,1,11,0,24,1]"
CSI_DATA,5933,d8:b1:90:d9:de:f0,-43,9,-99,-36,44,104,425321440,124,0,106,0,"[101,0,92,15,-82,0,39,15,-56,0,11,15,-67,0,17,15,-95,0,56,15,-123,0,115,15,102,0,-56,15,80,0,53,0,63,0,-79,0,65,0,25,1,74,0,76,1,87,0,66,1,84,0,5,1,0,0,0,0,19,0,72,0,-47,15,-28,15,126,15,-116,15,59,15,84,15,25,15,78,15,38,15,95,15,91,15,-123,15,-93,15,-84,15,-15,15,-57,15,78,0,-45,15,-83,0,-51,15,-17,0,-80,15,-10,0]"
CSI_DATA,5934,d8:b1:90:d9:de:f0,-42,9,-99,-39,44,104,425321598,130,0,106,0,"[66,16,20,0,-25,15,-5,16,-68,15,-5,16,-52,15,2,0,-6,15,2,0,68,16,-15,16,-118,16,-46,16,-10,16,-106,16,99,0,93,16,-92,0,23,16,-56,0,-27,15,-76,0,-26,15,-119,0,25,16,0,0,0,0,39,0,-73,16,19,0,59,0,10,0,-89,0,21,0,5,1,35,0,39,1,38,0,13,1,34,0,-53,0,10,0,-136,0,-30,16,54,0,-94,16,-18,16,100,16,-82,16,26,16,-112,16,-11,15]"
CSI_DATA,5935,d8:b1:90:d9:de:f0,-45,11,-99,-39,47,104,425503974,100,0,228,0,"[2,11,4,13,6,15,9,16,10,18,10,18,10,19,95,57,9,17,8,15,7,13,6,11,6,9,5,6,5,3,5,0,5,-3,5,-8,6,-12,6,-15,7,-17,27,-45,9,-20,9,-21,10,-20,9,-19,9,-16,7,-14,0,0,4,-10,1,-7,0,-5,-3,-3,-6,-2,-10,0,82,11,-14,0,-16,1,-16,1,-16,0,-15,1,-13,0,-11,0,-9,1,-6,1,-4,2,-1,3,0,4,3,6,30,0,6,10,8,12,9,14,9,16,7,16,5,16,3,15,-10,13,0,20,16,15,22,1,16,-13,1,-19,-10,-12,-4,18,-6,9,3,9,8,0,4,-7,-4,-9,-12,-1,-10,10,0,16,14,13,20,-1,13,-16,-2,-20,-14,-13,-9,-17,-8,11,2,10,7,3,3,-4,-3,-3,-6,3,0,0,8,10,16,1,14,-11,2,-20,-13,-17,-22,-4,-30,11,-4,19,8,15,14,3,10,-5,1,-7,-3,-3,-1,1,3,1,4,-2,1,-7,-5,-7,-10,-2,-10,6,1,21,6,12,13,4,12,-6,3,-10,-3,-7,-5,-1,-2,3]"
CSI_DATA,5936,d8:b1:90:d9:de:f0,-42,11,-99,-36,43,104,425738757,277,0,106,0,"[40,0,25,16,53,0,-51,15,29,0,-79,15,1,0,-53,15,-10,16,6,16,0,0,72,16,35,0,-133,16,114,0,-58,16,-66,0,8,0,26,1,33,0,77,1,21,0,72,1,-7,16,10,1,-25,16,0,0,0,0,106,0,-1,16,21,0,75,0,-38,16,-115,0,-60,16,-29,0,-52,16,7,1,-33,16,-7,0,-19,16,-62,0,-22,16,-133,0,-49,16,80,0,-108,16,16,0,98,16,-22,16,22,16,-16,16,-7,15]"
CSI_DATA,5937,d8:b1:90:d9:de:f0,-43,9,-99,-36,44,104,425739202,224,0,106,0,"[-33,15,16,15,-55,15,-49,14,-92,15,-64,14,-111,15,-30,14,-110,15,24,15,-78,15,84,15,-24,15,-123,15,69,0,-92,15,-76,0,-89,15,6,1,-109,15,40,1,103,15,15,1,77,15,-39,0,82,15,0,0,0,0,80,0,-62,15,55,0,42,0,64,0,-110,0,98,0,-36,0,-122,0,-15,0,-110,0,-42,0,126,0,-95,0,80,0,120,0,20,0,85,0,-53,15,86,0,-126,15,122,0,95,15,-75,0,119,15]"
CSI_DATA,5938,d8:b1:90:d9:de:f0,-43,9,-99,-34,44,104,425739364,108,0,106,0,"[-7,0,33,0,59,0,30,0,78,0,-2,14,50,0,-35,14,1,0,-50,14,-60,0,-34,14,-119,0,6,0,72,0,84,0,46,0,-64,0,50,0,18,0,87,0,58,0,119,0,45,0,-119,0,-15,0,0,0,0,0,41,0,84,0,-45,14,45,0,101,14,38,0,28,14,64,0,0,14,95,0,25,14,108,0,76,14,100,0,-114,14,62,0,-84,14,9,0,-79,14,-57,14,-110,14,111,14,81,14,74,14,29,14]"
CSI_DATA,5939,d8:b1:90:d9:de:f0,-42,9,-99,-37,44,104,425772218,124,0,106,0,"[55,15,129,15,1,15,97,15,-30,14,113,15,-20,14,-110,15,27,15,-77,15,83,15,-63,15,-102,15,-84,15,-32,15,125,15,28,0,34,15,45,0,-52,14,16,0,-96,14,-25,15,-90,14,-55,15,-21,14,0,0,0,0,-27,15,-99,15,53,0,-29,15,-111,0,6,0,-28,0,0,0,5,1,-25,15,-16,0,-48,15,-73,0,-45,15,-124,0,-13,15,98,0,34,0,89,0,106,0,114,0,-84,0,-90,0,-50,0,-37,0]"
CSI_DATA,5940,d8:b1:90:d9:de:f0,-42,9,-99,-39,44,104,425948136,98,0,106,0,"[-59,0,-128,16,22,1,136,16,44,1,135,16,19,1,-119,16,-39,0,-88,16,-114,0,-42,16,74,0,9,0,-33,16,70,0,129,16,-139,0,35,16,-91,0,-7,15,-64,0,3,16,-77,0,61,16,-129,0,0,0,0,0,-44,16,14,0,46,0,-88,16,121,0,103,16,-110,0,38,16,-92,0,22,16,-114,0,62,16,117,0,130,16,64,0,-64,16,9,0,18,0,-32,16,113,0,-70,16,-67,0,-82,16,0,1,-51,16]"
CSI_DATA,5941,d8:b1:90:d9:de:f0,-43,11,-99,-37,45,104,426156554,277,0,106,0,"[-48,0,110,13,26,0,86,13,49,0,81,13,23,0,101,13,-18,0,-99,13,-85,0,-50,13,72,0,-1,13,-24,13,63,0,108,13,-110,0,28,13,-66,0,-3,12,-44,0,4,13,-54,0,53,13,-98,0,0,0,0,0,-32,13,15,0,45,0,-59,13,115,0,104,13,-67,0,56,13,-55,0,44,13,-74,0,76,13,-114,0,-106,13,69,0,-44,13,18,0,16,0,-32,13,84,0,-78,13,-80,0,-99,13,-27,0,-88,13]"
CSI_DATA,5942,d8:b1:90:d9:de:f0,-43,9,-99,-36,44,104,426157035,130,0,106,0,"[-20,15,-17,0,-40,15,70,1,-45,15,94,1,-38,15,62,1,-28,15,-6,0,-31,15,-88,0,-34,15,64,0,-44,15,-54,15,-58,15,76,15,-78,15,-20,14,-90,15,-62,14,-89,15,-47,14,-68,15,25,15,0,0,0,0,-8,15,-33,15,52,0,65,0,104,0,-99,0,-107,0,-41,0,-97,0,-27,0,-117,0,-58,0,90,0,-109,0,37,0,83,0,-21,15,19,0,-89,15,-41,15,97,15,-96,15,34,15,-118,15,11,15]"
CSI_DATA,5943,d8:b1:90:d9:de:f0,-43,9,-99,-37,45,104,426157170,130,0,106,0,"[32,13,-98,13,-36,12,88,13,-55,12,82,13,-29,12,99,13,29,13,-109,13,99,13,-84,13,-43,13,-50,13,61,0,-21,13,-62,0,3,0,29,0,17,0,66,0,21,0,54,0,13,0,-10,0,8,0,0,0,0,0,35,0,3,0,-68,13,25,0,66,13,50,0,6,13,70,0,-11,12,79,0,22,13,67,0,84,13,43,0,-84,13,11,0,-15,13,-25,13,55,0,-70,13,-117,0,109,13,-84,0,55,13,-101,0]"
CSI_DATA,5944,d8:b1:90:d9:de:f0,-42,9,-99,-38,44,104,426175390,101,0,106,0,"[43,15,45,0,-45,14,48,0,-74,14,63,0,-40,14,70,0,10,15,63,0,85,15,31,0,-101,15,-13,15,-5,15,-86,15,88,0,93,15,-116,0,10,15,-96,0,-42,14,-115,0,-46,14,116,0,9,15,0,0,0,0,23,0,-70,15,10,0,52,0,15,0,-94,0,36,0,-3,0,55,0,27,1,58,0,4,1,47,0,-60,0,15,0,134,0,-27,15,56,0,-95,15,-10,15,92,15,-65,15,14,15,-83,15,-24,14]"
CSI_DATA,5945,d8:b1:90:d9:de:f0,-40,11,-99,-33,41,104,426503947,100,0,114,0,"[15,-33,20,-34,22,-34,24,-36,25,-36,25,-33,25,-33,24,-31,23,-29,22,-28,22,-27,22,-28,22,-28,22,-29,22,-31,22,-32,22,-32,23,-33,23,-34,23,-36,23,-37,22,-38,22,-37,22,-37,20,-36,20,-36,19,-36,19,-34,0,0,18,-33,18,-34,19,-33,18,-34,16,-36,18,-37,16,-37,15,-37,15,-34,14,-36,14,-34,11,-32,10,-29,9,-29,9,-28,9,-28,7,-27,7,-28,6,-28,5,-29,5,-31,6,-31,5,-33,6,-33,7,-32,7,-31,9,-29,10,-27]"
CSI_DATA,5946,d8:b1:90:d9:de:f0,-45,11,-99,-39,47,104,426783250,277,0,106,0,"[93,0,-37,11,-48,0,-87,11,-26,0,96,11,-30,0,-77,11,-67,0,-50,11,77,0,-36,11,6,0,-46,11,-71,11,-86,11,66,11,44,11,38,11,-32,10,48,11,-77,10,81,11,-77,10,-72,11,-39,10,0,0,0,0,-74,11,85,11,89,11,-61,11,44,11,-26,11,16,11,-14,11,20,11,-24,11,58,11,-32,11,-86,11,-21,11,-37,11,0,0,0,0,44,0,23,0,-93,0,30,0,-30,0,27,0,18,0,19,0]"
CSI_DATA,5947,d8:b1:90:d9:de:f0,-46,9,-99,-37,47,104,426783740,124,0,106,0,"[-55,10,-54,10,64,10,91,10,42,10,70,10,64,10,63,10,-85,10,84,10,-47,10,-59,10,-24,10,5,0,-23,10,-88,0,-53,10,-1,0,82,10,62,0,39,10,79,0,16,10,52,0,32,10,-2,0,0,0,0,0,-51,10,-68,0,8,0,-82,0,67,0,-69,0,-89,0,-53,0,-92,0,-45,0,66,0,-64,0,33,0,80,0,13,0,25,0,12,0,-34,10,28,0,91,10,63,0,35,10,-86,0,0,10,-79,0]"
CSI_DATA,5948,d8:b1:90:d9:de:f0,-49,9,-99,-36,51,104,426822560,130,0,106,0,"[-11,6,32,0,32,0,7,0,-50,0,-9,6,-36,0,-13,6,-32,0,-15,6,-37,0,-22,6,-41,0,-38,6,-38,0,47,6,-31,0,12,6,-19,0,-13,6,-10,0,-25,6,-5,0,-24,6,-7,0,-11,6,0,0,0,0,-34,0,9,6,-47,0,16,6,53,0,22,6,38,0,31,6,23,0,50,6,5,0,-44,6,-12,6,-28,6,-37,6,-16,6,55,6,-19,6,32,6,-26,6,12,6,-41,6,7,6,-52,6,16,6]"
CSI_DATA,5949,d8:b1:90:d9:de:f0,-49,9,-99,-38,51,104,426992612,130,0,106,0,"[-32,7,-52,0,37,7,53,0,1,7,36,0,-17,6,21,0,-17,6,13,0,-12,6,14,0,0,7,24,0,22,7,46,0,46,7,-44,0,-39,7,-2,0,-17,7,27,0,-5,7,37,0,-1,7,24,0,0,0,0,0,-16,7,-10,0,-44,7,58,0,54,7,12,0,41,7,-42,7,41,7,37,7,50,7,17,7,-56,7,13,7,-45,7,19,7,-41,7,37,7,-45,7,55,7,-53,7,-41,7,53,7,-11,7,45,7]"
CSI_DATA,5950,d8:b1:90:d9:de:f0,-49,9,-99,-38,51,104,426992756,113,0,106,0,"[-35,0,-8,7,-26,0,41,0,-22,0,-40,0,-26,0,-18,0,-31,0,-12,0,-41,0,-17,0,-40,0,-36,0,-32,0,54,0,-24,0,14,0,-9,0,-34,7,0,0,50,7,4,0,30,7,-1,0,32,7,0,0,0,0,-16,0,-44,7,-41,0,1,0,55,0,48,0,21,0,-32,0,-10,7,-5,0,-34,7,1,0,-46,7,-6,0,-48,7,-23,0,-37,7,-36,0,-21,7,-49,0,3,0,-59,0,32,0,52,0,-59,0]"
CSI_DATA,5951,d8:b1:90:d9:de:f0,-47,11,-99,-37,49,104,427201048,277,0,106,0,"[-14,0,-23,8,37,0,-20,8,51,0,-27,8,29,0,-32,8,-7,0,-26,8,-55,0,-16,8,35,0,3,0,-28,8,38,0,58,8,-66,0,11,8,-24,0,3,8,4,0,17,8,6,0,48,8,-20,0,0,0,0,0,-34,8,24,0,-23,8,-43,8,-20,8,41,8,-35,8,-1,8,-48,8,-11,8,-56,8,9,8,-53,8,53,8,-37,8,-49,8,-18,8,-7,8,12,0,34,0,49,0,64,0,-64,0,-74,0,-42,0]"
CSI_DATA,5952,d8:b1:90:d9:de:f0,-47,9,-99,-35,48,104,427201547,108,0,106,0,"[72,0,33,9,-36,0,4,9,-17,0,0,9,-23,0,20,9,-48,0,54,9,77,0,-61,9,36,0,-11,9,-14,9,45,0,-70,9,-49,0,42,9,-2,0,22,9,20,0,25,9,12,0,49,9,-24,0,0,0,0,0,-38,9,20,0,-13,9,-49,9,13,0,42,9,25,0,-3,8,28,0,-17,8,23,0,2,9,12,0,41,9,1,0,-65,9,-9,9,-16,9,-19,9,34,0,-21,9,-73,0,-15,9,-37,0,-1,9]"
CSI_DATA,5953,d8:b1:90:d9:de:f0,-39,9,-99,-36,41,104,427410400,98,0,106,0,"[124,0,-67,0,168,0,-4,0,163,0,-24,0,118,0,-91,0,45,0,172,0,-46,21,86,0,-148,21,-21,21,101,21,-134,21,0,21,127,21,-66,19,88,21,-53,19,111,21,16,21,-179,21,134,21,-87,21,0,0,0,0,42,0,105,0,168,0,-176,0,-87,0,-124,0,-49,0,-113,0,-84,0,-138,0,179,0,175,0,50,0,115,0,-74,21,66,0,165,21,35,0,52,21,4,0,-39,19,-8,21,-84,19,24,0,-21,19]"
CSI_DATA,5954,d8:b1:90:d9:de:f0,-40,9,-99,-38,42,104,427410514,113,0,106,0,"[-48,0,2,0,20,1,-14,20,1,1,-22,20,-70,0,-4,20,-170,0,32,0,58,0,76,0,-66,20,130,0,146,20,-146,0,28,20,-77,0,-22,18,-41,0,-9,18,-49,0,73,20,-84,0,-154,20,-161,0,0,0,0,0,98,0,9,0,-129,0,-89,20,-54,0,-164,20,-29,0,144,20,-52,0,-170,20,-125,0,-97,20,130,0,0,0,60,0,98,0,-6,20,-153,0,-64,20,-58,0,-90,20,33,1,-73,20,72,1,-21,20]"
CSI_DATA,5955,d8:b1:90:d9:de:f0,-43,11,-99,-36,45,104,427503730,100,0,228,0,"[-11,7,-14,8,-17,10,-19,11,-22,12,-21,11,-21,11,110,65,-16,9,-14,9,-11,9,-8,9,-5,8,-2,9,1,10,5,10,8,12,11,13,15,15,17,15,19,15,31,-52,19,15,17,13,16,13,12,11,9,8,6,5,0,0,0,0,-2,-4,-5,-8,-7,-11,-8,-15,-9,-18,-102,13,-10,-22,-10,-23,-9,-21,-8,-19,-8,-16,-7,-14,-7,-10,-7,-6,-7,-2,-8,0,-8,3,-8,6,-10,9,109,13,-14,14,-16,15,-17,15,-18,14,-17,11,-16,8,-14,5,-5,-16,-16,-9,-17,3,-8,13,2,14,9,5,7,-3,-20,5,-5,0,-1,7,7,7,12,0,9,-12,-2,-17,-16,-11,-22,4,-13,19,5,24,20,12,22,-6,8,-18,12,0,-14,-2,-8,8,5,9,11,0,6,-12,-6,-15,0,0,-17,10,-5,22,12,20,24,6,20,-11,6,-21,-19,-38,-15,-6,-10,5,-2,6,0,2,-1,0,-5,2,-3,8,3,11,12,6,15,-4,8,-14,-3,-17,-16,-10,-31,16,-10,14,2,16,11,7,10,-3,1,-8,-6,-4,-7,3]"
CSI_DATA,5956,d8:b1:90:d9:de:f0,-42,9,-99,-34,43,104,427619299,130,0,106,0,"[114,15,56,15,67,15,36,15,48,15,66,15,80,15,120,15,-127,15,-106,15,-46,15,-93,15,47,0,-112,15,-134,0,96,15,-73,0,16,15,-67,0,-52,14,-119,0,-67,14,93,0,-22,14,54,0,74,15,0,0,0,0,99,0,3,0,-95,0,67,0,-18,0,85,0,18,1,67,0,-5,0,38,0,-74,0,23,0,114,0,39,0,46,0,78,0,5,0,133,0,-7,15,-70,0,12,0,-10,0,50,0,5,1,92,0]"
CSI_DATA,5957,d8:b1:90:d9:de:f0,-38,9,-99,-36,40,104,427673114,130,0,106,0,"[-174,0,-120,0,-114,0,-80,0,-96,0,-107,0,-128,0,-161,0,-202,0,201,0,112,0,196,0,15,0,-167,0,-77,23,-99,0,-144,23,-4,0,-160,23,66,1,-133,23,85,1,-83,23,30,1,-61,23,-88,0,0,0,0,0,-131,23,79,0,169,23,-7,23,64,23,-38,23,6,23,-42,23,9,23,-28,23,79,23,-26,23,175,23,-55,23,-155,23,-110,23,-107,23,-179,23,-106,23,125,23,-137,23,42,23,-194,23,9,23,156,23]"
CSI_DATA,5958,d8:b1:90:d9:de:f0,-42,9,-99,-33,43,104,428037088,128,0,106,0,"[-78,0,-122,15,-23,0,95,15,-21,0,49,15,-69,0,32,15,-126,0,53,15,99,0,109,15,80,0,-71,15,106,0,28,0,-86,0,117,0,-4,0,-93,0,60,1,-102,0,64,1,111,0,21,1,69,0,0,0,0,0,125,0,60,0,60,0,122,0,21,0,-60,0,24,0,2,1,39,0,20,1,53,0,-12,0,49,0,-74,0,19,0,130,0,-34,15,79,0,-101,15,61,0,81,15,76,0,21,15,122,0,30,15]"
CSI_DATA,5959,d8:b1:90:d9:de:f0,-42,9,-99,-35,43,104,428037218,98,0,106,0,"[44,16,7,0,-23,15,0,0,-50,15,34,0,-29,15,68,0,29,16,78,0,87,16,66,0,-134,16,10,0,-101,16,-89,16,-107,16,81,16,133,16,-4,15,85,16,-34,15,57,16,-4,15,80,16,51,16,0,0,0,0,-81,16,137,16,1,0,118,16,74,0,71,16,107,0,26,16,106,0,5,16,85,0,27,16,63,0,81,16,61,0,-139,16,83,0,-76,16,135,0,-25,16,-73,0,7,0,-3,0,-15,16,16,1]"
CSI_DATA,5960,d8:b1:90:d9:de:f0,-43,11,-99,-35,44,104,428245541,277,0,106,0,"[-106,0,116,0,-48,0,-82,0,-8,0,-85,0,-12,0,-119,0,-38,0,92,0,-96,0,72,0,85,0,80,0,4,0,-117,0,-59,14,-44,0,-86,14,33,0,-68,14,92,0,-23,14,92,0,6,0,29,0,0,0,0,0,-5,14,107,0,-71,14,38,0,98,14,-3,14,24,14,-8,14,-5,13,8,0,17,14,21,0,74,14,22,0,-118,14,0,14,-73,14,-44,14,-49,14,-108,14,-58,14,64,14,-97,14,11,14,93,14]"
CSI_DATA,5961,d8:b1:90:d9:de:f0,-42,9,-99,-36,44,104,428245995,165,0,106,0,"[92,15,96,0,26,15,-120,0,18,15,-71,0,55,15,-54,0,109,15,-70,0,-113,15,-113,0,-104,15,66,0,124,15,-24,15,51,15,-98,15,-34,14,119,15,-88,14,-117,15,-86,14,-61,15,-33,14,-14,15,0,0,0,0,-113,15,-6,15,-41,15,-75,15,0,0,93,15,1,0,21,15,-24,15,-4,14,-47,15,22,15,-41,15,77,15,-19,15,-125,15,35,0,-83,15,106,0,-75,15,-77,0,-98,15,-33,0,97,15,-60,0]"
CSI_DATA,5962,d8:b1:90:d9:de:f0,-43,9,-99,-34,44,104,428246111,185,0,106,0,"[-101,0,-110,14,-27,0,99,14,-4,0,77,14,-28,0,73,14,-64,0,101,14,-99,0,-90,14,114,0,-16,14,100,0,81,0,104,0,-54,0,-114,0,29,0,-88,0,65,0,-74,0,50,0,-98,0,-6,0,0,0,0,0,37,0,101,0,-53,14,56,0,94,14,34,0,22,14,33,0,-8,13,34,0,14,14,31,0,68,14,15,0,-118,14,-12,14,-67,14,-55,14,-26,14,118,14,0,0,46,14,-3,14,-16,13,-38,14]"
CSI_DATA,5963,d8:b1:90:d9:de:f0,-43,9,-99,-36,44,104,428246280,101,0,106,0,"[14,0,67,15,40,0,-14,14,31,0,-48,14,12,0,-32,14,7,0,16,15,25,0,77,15,58,0,-105,15,-125,0,-30,15,-37,0,32,0,49,1,70,0,93,1,65,0,92,1,45,0,31,1,22,0,0,0,0,0,108,0,33,0,20,0,88,0,-59,15,-102,0,-97,15,-42,0,-110,15,-12,0,-94,15,-30,0,-79,15,-89,0,-73,15,102,0,-84,15,32,0,-117,15,-40,15,83,15,-99,15,20,15,126,15,-10,14]"
CSI_DATA,5964,d8:b1:90:d9:de:f0,-42,9,-99,-36,43,104,428246430,98,0,106,0,"[-79,0,-6,16,7,1,7,0,43,1,-3,16,24,1,-20,16,-24,0,-24,16,-92,0,-1,16,122,0,50,0,53,0,140,0,-1,16,-39,0,-22,16,58,1,-21,16,111,1,12,0,99,1,24,0,31,1,0,0,0,0,-7,16,122,0,-92,16,35,0,104,16,-24,16,25,16,-61,16,-1,15,-59,16,22,16,-48,16,84,16,-43,16,-130,16,-46,16,-56,16,-77,16,8,0,-134,16,59,0,76,16,69,0,5,16,33,0]"
CSI_DATA,5965,d8:b1:90:d9:de:f0,-42,9,-99,-37,44,104,428246526,128,0,106,0,"[-122,0,-129,0,-82,0,-61,0,-47,0,-44,0,-54,0,-64,0,-80,0,-103,0,-130,0,123,0,51,0,115,0,-54,15,126,0,102,15,-97,0,27,15,-49,0,0,15,-8,0,29,15,7,1,85,15,-24,0,0,0,0,0,-85,15,79,0,-84,15,-23,15,-102,15,-126,15,128,15,68,15,103,15,46,15,110,15,73,15,-112,15,115,15,-57,15,-113,15,8,0,-88,15,92,0,-90,15,-96,0,-120,15,-47,0,92,15,-61,0]"
CSI_DATA,5966,d8:b1:90:d9:de:f0,-42,9,-99,-35,43,104,428246639,128,0,106,0,"[55,0,-75,0,76,0,-4,0,114,0,15,1,-130,0,-21,0,-123,0,-73,0,116,0,-119,0,51,0,138,0,-35,16,-122,0,-114,16,-64,0,129,16,18,1,-137,16,77,1,-75,16,88,1,-20,16,28,1,0,0,0,0,-5,16,137,0,-81,16,69,0,105,16,51,0,33,16,61,0,15,16,92,0,49,16,112,0,101,16,97,0,-130,16,58,0,-106,16,2,0,-125,16,-59,16,99,16,-117,16,31,16,-131,16,-16,15]"
CSI_DATA,5967,d8:b1:90:d9:de:f0,-43,9,-99,-36,44,104,428246788,128,0,106,0,"[-97,15,-90,0,105,15,-32,0,107,15,7,1,-123,15,2,1,-92,15,-34,0,-81,15,-96,0,-90,15,84,0,122,15,-10,15,48,15,-89,15,-29,14,116,15,-82,14,117,15,-83,14,-103,15,-30,14,-67,15,0,0,0,0,-111,15,-40,15,-14,15,-87,15,66,0,106,15,107,0,45,15,111,0,15,15,93,0,34,15,73,0,86,15,68,0,-106,15,83,0,-36,15,123,0,25,0,-64,0,70,0,3,1,85,0,32,1]"
CSI_DATA,5968,d8:b1:90:d9:de:f0,-43,9,-99,-36,44,104,428246900,128,0,106,0,"[10,0,-78,0,12,0,4,1,47,0,33,1,76,0,14,1,82,0,-34,0,52,0,-98,0,-5,15,103,0,-106,15,61,0,39,15,52,0,-54,14,72,0,-91,14,112,0,-56,14,-111,0,8,15,-109,0,0,0,0,0,-84,15,49,0,-44,15,-51,15,-39,15,99,15,-59,15,22,15,-83,15,7,15,-92,15,35,15,-75,15,84,15,-43,15,-110,15,25,0,-72,15,101,0,-56,15,-73,0,-78,15,-17,0,-119,15,-23,0]"
CSI_DATA,5969,d8:b1:90:d9:de:f0,-42,9,-99,-36,44,104,428454912,98,0,106,0,"[36,0,-66,0,42,0,3,1,79,0,29,1,109,0,1,1,115,0,-51,0,87,0,-97,0,29,0,122,0,-65,15,116,0,97,15,-102,0,35,15,-42,0,32,15,19,1,83,15,41,1,-116,15,11,1,0,0,0,0,-59,15,102,0,-102,15,17,0,79,15,-43,15,5,15,-60,15,-29,14,-38,15,-8,14,-4,15,47,15,9,0,110,15,-1,15,-91,15,-35,15,-61,15,-102,15,-68,15,73,15,-118,15,19,15,72,15]"
CSI_DATA,5970,d8:b1:90:d9:de:f0,-41,9,-99,-36,43,104,428479056,147,0,106,0,"[-141,0,105,16,-85,0,68,16,-77,0,40,16,-103,0,40,16,-136,0,72,16,123,0,129,16,122,0,-80,16,-132,0,12,0,-71,0,107,0,2,1,-118,0,54,1,-105,0,61,1,-132,0,13,1,113,0,0,0,0,0,135,0,80,0,50,0,139,0,-11,16,-72,0,-48,16,-8,0,-50,16,21,1,-37,16,-1,0,-25,16,-59,0,-37,16,-133,0,-71,16,93,0,-139,16,48,0,65,16,24,0,-2,15,43,0,-17,15]"
CSI_DATA,5971,d8:b1:90:d9:de:f0,-42,9,-99,-34,43,104,428479258,167,0,106,0,"[108,15,131,0,45,15,-95,0,39,15,-56,0,73,15,-45,0,126,15,-70,0,-111,15,-124,0,-99,15,68,0,-118,15,-32,15,88,15,-126,15,5,15,88,15,-58,14,81,15,-74,14,129,15,-19,14,-90,15,0,0,0,0,-118,15,-59,15,-32,15,-118,15,29,0,69,15,47,0,-4,14,32,0,-37,14,1,0,-6,14,-6,15,61,15,6,0,129,15,47,0,-78,15,123,0,-43,15,-63,0,-37,15,3,1,-75,15,6,1]"
CSI_DATA,5972,d8:b1:90:d9:de:f0,-40,11,-99,-36,42,104,428503638,100,0,114,0,"[26,-18,31,-18,35,-18,36,-16,37,-13,37,-11,35,-10,36,-7,35,-7,33,-6,32,-6,32,-6,32,-6,32,-6,33,-6,35,-6,37,-6,39,-5,41,-5,42,-6,41,-5,42,-5,41,-3,40,-3,39,-2,36,-1,37,-1,40,0,0,0,36,0,37,1,39,1,39,2,40,2,41,3,40,3,39,5,39,5,39,3,36,3,33,3,32,3,31,3,30,5,28,5,27,5,28,5,30,5,28,6,30,6,30,7,31,8,32,8,31,10,30,12,26,12,23,13]"
CSI_DATA,5973,d8:b1:90:d9:de:f0,-42,9,-99,-34,43,104,428505209,108,0,106,0,"[5,0,-42,0,13,0,20,1,56,0,44,1,94,0,7,1,108,0,-47,0,82,0,-105,0,28,0,119,0,-62,15,109,0,113,15,-126,0,41,15,-67,0,40,15,1,1,85,15,25,1,-130,15,-3,0,0,0,0,0,-78,15,122,0,-133,15,51,0,54,15,18,0,-11,14,25,0,-25,14,54,0,6,15,78,0,66,15,75,0,127,15,44,0,-105,15,-12,15,-111,15,-75,15,113,15,130,15,50,15,108,15,3,15]"
CSI_DATA,5974,d8:b1:90:d9:de:f0,-40,9,-99,-34,41,104,428663793,124,0,106,0,"[-30,0,157,0,57,1,132,0,65,1,76,0,8,1,34,0,-72,0,26,0,-128,0,54,0,-169,0,126,0,161,0,-122,0,-142,0,-42,0,-90,0,-12,0,-72,0,-38,0,-85,0,-113,0,-169,0,146,0,0,0,0,0,-42,20,102,0,-150,20,169,0,129,20,-96,0,122,20,-33,0,157,20,-9,0,-130,20,-61,0,-108,20,-148,0,-120,20,130,0,-157,20,76,0,116,20,50,0,52,20,62,0,20,20,125,0,76,20]"
CSI_DATA,5975,d8:b1:90:d9:de:f0,-39,9,-99,-37,41,104,428663942,252,0,106,0,"[104,21,-111,0,107,21,-17,0,167,21,2,1,-143,21,-31,0,-120,21,-94,0,-133,21,-171,0,184,21,136,0,84,21,107,0,-13,20,119,0,-59,20,173,0,-37,20,-165,0,66,21,-170,0,175,21,139,0,0,0,0,0,-100,21,-61,21,-130,21,180,21,151,21,94,21,84,21,69,21,69,21,116,21,103,21,173,21,175,21,-162,21,-116,21,-154,21,-55,21,184,21,-13,21,116,21,-23,21,45,21,-75,21,8,21,-141,21]"
CSI_DATA,5976,d8:b1:90:d9:de:f0,-40,9,-99,-35,41,104,428664134,128,0,106,0,"[10,20,-82,20,-63,19,-27,20,-48,19,38,0,12,20,71,0,83,20,61,0,134,20,8,0,144,20,-59,20,112,20,-153,20,53,20,142,20,-10,19,139,20,-30,19,-166,20,24,20,-91,20,130,20,-57,20,0,0,0,0,-16,20,-112,20,52,0,138,20,54,0,28,20,20,0,-32,19,-19,20,-23,19,-42,20,43,20,-16,20,118,20,21,0,-172,20,87,0,-155,20,144,0,171,20,-164,0,115,20,170,0,56,20,101,0]"
CSI_DATA,5977,d8:b1:90:d9:de:f0,-41,11,-99,-35,43,104,428872238,277,0,106,0,"[1,1,105,0,54,1,99,0,43,1,76,0,-16,0,55,0,-100,0,53,0,90,0,70,0,6,0,117,0,-82,16,-92,0,-139,16,-23,0,117,16,27,1,135,16,21,1,-106,16,-32,0,-76,16,-133,0,0,0,0,0,-78,16,-86,16,-126,16,98,16,97,16,31,16,62,16,17,16,74,16,47,16,127,16,101,16,-69,16,-124,16,11,0,-88,16,97,0,-81,16,-106,0,-102,16,-56,0,137,16,-52,0,102,16,-105,0]"
CSI_DATA,5978,d8:b1:90:d9:de:f0,-42,9,-99,-35,43,104,428872710,120,0,106,0,"[-61,0,85,16,-29,0,50,16,-41,0,58,16,-85,0,106,16,-135,0,-100,16,97,0,-15,16,56,0,82,0,17,0,-85,0,-6,16,9,1,-15,16,59,1,-15,16,53,1,-6,16,-21,0,-16,16,-126,0,0,0,0,0,-65,16,-86,16,-112,16,90,16,123,16,13,16,102,16,-8,15,121,16,18,16,-106,16,79,16,-32,16,-124,16,44,0,-62,16,117,0,-10,16,-83,0,21,0,-20,0,30,0,3,1,16,0,-29,0]"
CSI_DATA,5979,d8:b1:90:d9:de:f0,-42,9,-99,-35,43,104,428872858,120,0,106,0,"[47,16,-95,0,31,16,-40,0,66,16,-32,0,118,16,-69,0,-118,16,-136,0,-101,16,55,0,-106,16,-38,16,131,16,-136,16,73,16,68,16,33,16,40,16,19,16,74,16,57,16,129,16,-133,16,-99,16,0,0,0,0,89,0,-69,16,-90,0,-115,16,-27,0,109,16,-18,0,66,16,-56,0,63,16,-111,0,118,16,112,0,-82,16,90,0,3,0,93,0,79,0,130,0,-133,0,-95,0,-94,0,-57,0,-99,0,-57,0]"
CSI_DATA,5980,d8:b1:90:d9:de:f0,-41,9,-99,-34,42,104,428910508,125,0,106,0,"[40,0,-34,16,26,0,-85,16,8,0,-62,16,1,0,2,17,20,0,82,17,59,0,-136,17,118,0,-60,17,-104,0,7,0,-24,0,61,0,21,1,86,0,22,1,78,0,-33,0,64,0,-141,0,55,0,0,0,0,0,-49,17,102,0,150,17,-135,0,95,17,-65,0,74,17,-21,0,93,17,-34,0,137,17,-98,0,-127,17,112,0,-109,17,17,0,-109,17,-64,17,-144,17,-148,17,104,17,102,17,67,17,92,17,53,17]"
CSI_DATA,5981,d8:b1:90:d9:de:f0,-41,9,-99,-37,42,104,429081581,98,0,106,0,"[-18,0,-154,19,1,1,111,19,-36,0,93,19,-93,0,129,19,-129,0,-141,19,-146,0,-50,19,-138,0,32,0,-91,0,128,0,-38,0,-137,0,-3,0,-123,0,-3,0,-160,0,-55,0,111,0,-165,0,50,0,0,0,0,0,-98,19,2,0,106,19,38,0,19,19,98,0,-22,18,158,0,2,19,-154,0,71,19,139,0,143,19,75,0,-149,19,-7,19,-138,19,-90,19,-164,19,160,19,108,19,104,19,58,19,110,19,38,19]"
CSI_DATA,5982,d8:b1:90:d9:de:f0,-40,11,-99,-37,41,104,429290035,277,0,106,0,"[-58,0,138,0,8,1,139,0,-13,0,116,0,-101,0,106,0,159,0,111,0,40,0,127,0,-91,21,154,0,126,21,-175,0,17,21,-129,0,-43,20,-98,0,-13,20,-104,0,78,21,-142,0,-168,21,148,0,0,0,0,0,106,0,-31,21,-173,0,-132,21,-97,0,148,21,-77,0,113,21,-100,0,143,21,-151,0,-146,21,154,0,-37,21,95,0,74,0,52,0,-181,0,31,0,-69,0,24,0,26,1,61,0,72,1,104,0]"
CSI_DATA,5983,d8:b1:90:d9:de:f0,-40,9,-99,-40,42,104,429290534,98,0,106,0,"[138,0,-46,0,-151,0,-14,0,-139,0,-57,0,168,0,-132,0,80,0,151,0,-25,21,96,0,-161,21,46,0,63,21,19,0,-66,19,12,0,-127,19,42,0,-100,19,74,0,2,21,101,0,155,21,94,0,0,0,0,0,120,0,22,0,-113,0,-53,21,-22,0,-127,21,-5,0,-177,21,-43,0,-170,21,-132,0,-114,21,134,0,-25,21,56,0,73,0,-4,21,177,0,-28,21,-70,0,-22,21,33,1,16,0,79,1,86,0]"
CSI_DATA,5984,d8:b1:90:d9:de:f0,-41,9,-99,-39,43,104,429499388,130,0,106,0,"[-59,18,-17,0,-63,18,44,1,-56,18,31,1,-56,18,-39,0,-67,18,-127,0,-97,18,89,0,-143,18,-20,18,108,18,-125,18,39,18,92,18,-2,17,45,18,-6,17,58,18,35,18,122,18,127,18,-111,18,0,0,0,0,50,0,44,0,-133,0,85,0,-31,0,107,0,22,1,105,0,7,1,89,0,-74,0,77,0,129,0,74,0,24,0,90,0,-70,18,114,0,-151,18,-146,0,106,18,-81,0,97,18,-35,0,-154,18]"
CSI_DATA,5985,d8:b1:90:d9:de:f0,-41,9,-99,-37,43,104,429499496,113,0,106,0,"[24,17,-77,17,-34,16,-76,17,-23,16,-64,17,35,17,-60,17,118,17,-68,17,-78,17,-95,17,20,0,-137,17,123,0,101,17,-85,0,36,17,-41,0,-8,16,-54,0,-5,16,-113,0,38,17,106,0,123,17,0,0,0,0,-42,17,45,0,-80,17,-125,0,-90,17,-24,0,-86,17,26,1,-75,17,8,1,-63,17,-68,0,-66,17,124,0,-79,17,34,0,-117,17,-61,17,125,17,-132,17,62,17,116,17,17,17,113,17,25,17]"
CSI_DATA,5986,d8:b1:90:d9:de:f0,-43,11,-99,-37,45,104,429509594,100,0,228,0,"[-11,1,-15,2,-19,2,-22,2,-23,2,-23,1,-22,0,113,67,-19,0,-15,0,-12,1,-10,3,-7,5,-3,7,0,10,1,12,4,15,7,20,9,22,10,25,10,27,32,-54,8,27,6,25,3,23,2,21,0,16,0,11,0,0,0,1,0,-3,0,-8,0,-11,2,-16,4,-19,53,0,7,-22,8,-22,9,-20,8,-18,7,-15,4,-12,2,-10,0,-7,-2,-5,-5,-3,-9,-2,-12,-1,-15,-1,63,13,-22,-2,-22,-4,-23,-6,-22,-8,-20,-10,-16,-11,-11,-10,1,-22,-14,-19,-23,-4,-19,11,-6,18,7,13,11,2,-16,-3,-1,-2,-3,3,2,7,10,3,12,-6,5,-16,-9,-17,-20,-7,-21,9,-9,22,9,21,20,7,15,-9,12,12,-8,-8,-9,3,0,10,11,3,12,-9,1,-18,0,0,-23,-1,-20,16,-4,27,15,22,26,7,22,-11,15,-42,-6,-17,-11,-7,-9,0,-3,2,-2,0,-5,0,-7,3,-4,10,3,12,11,9,16,-1,11,-12,0,-17,-30,-13,-15,0,-10,9,0,11,7,4,5,-3,-1,-7,-7,-1]"
CSI_DATA,5987,d8:b1:90:d9:de:f0,-43,11,-99,-35,44,104,429707833,277,0,106,0,"[111,0,109,14,-95,0,58,14,-89,0,51,14,-107,0,89,14,106,0,-100,14,54,0,-27,14,-11,14,53,0,-94,14,-105,0,77,14,-27,0,13,14,24,0,-5,13,30,0,27,14,-3,0,88,14,-60,0,0,0,0,0,18,0,56,0,106,0,-8,14,-66,0,-64,14,-25,0,-92,14,-33,0,-90,14,-85,0,-63,14,88,0,-26,14,9,0,9,0,-77,14,46,0,92,14,81,0,23,14,119,0,-11,13,-89,0,12,14]"
CSI_DATA,5988,d8:b1:90:d9:de:f0,-42,9,-99,-37,44,104,429708277,214,0,106,0,"[106,0,96,15,-128,0,32,15,-131,0,21,15,113,0,63,15,82,0,-125,15,43,0,-45,15,-2,15,56,0,-55,15,-89,0,-108,15,17,1,117,15,92,1,124,15,111,1,-110,15,67,1,-65,15,-14,0,0,0,0,0,52,0,44,0,99,0,-65,15,-121,0,109,15,-112,0,57,15,-126,0,59,15,102,0,108,15,56,0,-80,15,9,0,4,0,-39,15,86,0,-80,15,-91,0,-114,15,-10,0,-101,15,47,1,-56,15]"
CSI_DATA,5989,d8:b1:90:d9:de:f0,-42,9,-99,-37,44,104,429708476,130,0,106,0,"[73,15,-37,15,3,15,-62,15,-6,14,-64,15,38,15,-63,15,110,15,-63,15,-60,15,-51,15,46,0,-36,15,-83,0,-24,15,33,1,-3,15,116,1,14,0,-127,1,15,0,87,1,13,0,-5,0,-1,15,0,0,0,0,27,0,-38,15,-94,15,-43,15,71,15,-48,15,11,15,-50,15,16,15,-46,15,74,15,-43,15,-99,15,-34,15,-8,15,-29,15,88,0,-18,15,-81,0,-18,15,5,1,-29,15,50,1,-51,15,33,1]"
CSI_DATA,5990,d8:b1:90:d9:de:f0,-42,9,-99,-37,44,104,429708611,113,0,106,0,"[-88,15,89,15,-111,15,18,15,-100,15,4,15,-61,15,41,15,-21,15,110,15,11,0,-60,15,30,0,54,0,27,0,-83,0,3,0,37,1,-31,15,117,1,-58,15,-130,1,-65,15,83,1,-52,15,-7,0,0,0,0,0,50,0,46,0,112,0,-45,15,-85,0,-110,15,-49,0,122,15,-51,0,130,15,-97,0,-88,15,90,0,-37,15,4,0,5,0,-86,15,34,0,80,15,56,0,-8,14,66,0,-49,14,83,0,-34,14]"
CSI_DATA,5991,d8:b1:90:d9:de:f0,-42,9,-99,-37,44,104,429708729,214,0,106,0,"[103,15,114,0,42,15,-110,0,29,15,-102,0,67,15,130,0,116,15,81,0,-78,15,12,0,1,0,-63,15,86,0,110,15,-87,0,24,15,-34,0,-34,14,-17,0,-55,14,-53,0,-25,14,-119,0,48,15,0,0,0,0,-20,15,-47,15,-90,15,57,0,126,15,-122,0,96,15,-67,0,98,15,-67,0,-128,15,-116,0,-77,15,73,0,-27,15,-7,15,19,0,-84,15,59,0,93,15,81,0,6,15,85,0,-42,14,45,0]"
CSI_DATA,5992,d8:b1:90:d9:de:f0,-43,9,-99,-39,45,104,429708928,214,0,106,0,"[114,0,-112,0,-89,0,-60,0,-76,0,-55,0,-105,0,-86,0,87,0,119,0,18,0,68,0,-63,14,3,0,89,14,-61,14,-4,13,-118,14,-74,13,94,14,-94,13,89,14,-61,13,123,14,16,14,-78,14,0,0,0,0,-39,14,33,0,64,0,70,0,-90,0,100,0,-41,0,107,0,-40,0,94,0,-93,0,73,0,77,0,47,0,-3,14,22,0,-90,14,9,0,70,14,4,0,-6,13,11,0,-53,13,38,0,-29,13]"
CSI_DATA,5993,d8:b1:90:d9:de:f0,-43,9,-99,-38,45,104,429709109,214,0,106,0,"[-70,0,-40,14,-1,0,-47,14,11,0,-38,14,-29,0,-18,14,-97,0,5,0,57,0,17,0,-44,14,25,0,77,14,16,0,-34,13,-7,14,-111,13,-35,14,118,13,-61,14,-82,13,-60,14,3,14,-46,14,0,0,0,0,-43,14,43,0,49,0,94,0,-116,0,-99,0,-80,0,-68,0,-87,0,-68,0,106,0,-103,0,48,0,76,0,-6,14,9,0,-54,14,-63,14,-102,14,102,14,97,14,36,14,64,14,0,13,61,14]"
CSI_DATA,5994,d8:b1:90:d9:de:f0,-42,9,-99,-37,44,104,429709290,214,0,106,0,"[-68,0,-6,15,7,1,-5,15,15,1,3,0,-33,0,13,0,-112,0,28,0,60,0,26,0,-54,15,14,0,83,15,-9,15,-31,14,-47,15,-111,14,-83,15,-122,14,-101,15,-78,14,-92,15,11,15,-67,15,0,0,0,0,-43,15,48,0,48,0,108,0,128,0,-101,0,-99,0,-72,0,-101,0,-79,0,116,0,-120,0,54,0,80,0,-3,15,3,0,-58,15,-75,15,-111,15,109,15,102,15,41,15,63,15,8,15,59,15]"
CSI_DATA,5995,d8:b1:90:d9:de:f0,-42,9,-99,-37,44,104,429709453,214,0,106,0,"[74,15,4,0,0,15,8,0,-12,14,21,0,27,15,20,0,101,15,6,0,-78,15,-18,15,24,0,-66,15,-129,0,-120,15,-27,0,80,15,44,1,27,15,49,1,2,15,-1,0,13,15,-86,0,65,15,0,0,0,0,-8,15,-57,15,-87,15,42,0,121,15,-131,0,101,15,-75,0,113,15,-67,0,-113,15,-112,0,-67,15,75,0,-27,15,-6,15,0,0,-93,15,12,0,76,15,6,0,-8,14,-27,15,-60,14,-75,15]"
CSI_DATA,5996,d8:b1:90:d9:de:f0,-47,9,-99,-36,48,104,429917230,98,0,106,0,"[54,9,0,9,0,9,-27,9,-20,8,-46,9,-3,8,-47,9,34,9,-46,9,-75,9,-46,9,-9,9,-35,9,68,0,-21,9,-9,0,-2,9,55,0,11,0,-77,0,17,0,75,0,15,0,28,0,9,0,0,0,0,0,56,0,-26,9,-22,9,-35,9,66,9,-39,9,17,9,-39,9,1,9,-37,9,25,9,-32,9,67,9,-22,9,-41,9,-14,9,11,0,-7,9,66,0,-7,9,-38,0,-10,9,0,0,-20,9,0,0]"
CSI_DATA,5997,d8:b1:90:d9:de:f0,-47,9,-99,-37,49,104,429917353,113,0,106,0,"[-37,8,53,8,-31,8,0,8,-28,8,-21,8,-23,8,-8,8,-8,8,21,8,10,0,66,8,23,0,-21,8,44,0,54,0,63,0,-16,0,-65,0,40,0,-55,0,65,0,-57,0,50,0,-69,0,13,0,0,0,0,0,46,0,32,0,20,0,-37,8,-9,8,49,8,-34,8,9,8,-44,8,2,8,-41,8,23,8,-27,8,63,8,-9,8,-40,8,10,0,6,0,36,0,52,0,67,0,-53,0,-51,0,-32,0,-31,0]"
CSI_DATA,5998,d8:b1:90:d9:de:f0,-48,9,-99,-40,50,104,430126111,98,0,106,0,"[-6,8,6,8,24,0,2,8,48,0,-8,7,47,0,-16,7,35,0,-14,7,20,0,3,8,0,0,32,8,-10,8,-59,8,-2,8,11,0,34,0,-58,0,-61,0,-7,0,-17,0,8,0,3,0,-7,0,0,0,0,0,-1,0,-58,0,-51,0,-59,0,51,0,-39,0,8,0,-7,0,-9,8,18,0,-5,8,33,0,8,0,23,0,28,0,-2,0,38,0,-41,0,34,0,58,0,14,0,8,0,-27,8,-32,8,68,8]"
CSI_DATA,5999,d8:b1:90:d9:de:f0,-48,9,-99,-38,50,104,430126261,130,0,106,0,"[-7,0,-7,7,-1,0,20,0,6,0,39,0,16,0,43,0,12,0,29,0,0,0,9,0,-31,0,-9,7,56,0,-14,7,-11,7,-2,7,55,7,39,0,15,7,-49,0,8,7,-5,0,30,7,15,0,0,0,0,0,-62,7,4,0,-66,7,-36,0,42,7,57,0,12,7,24,0,-13,7,13,0,-27,7,24,0,-18,7,36,0,11,7,47,0,45,7,50,0,-48,7,41,0,-4,7,13,0,21,0,-31,7,24,0]"
CSI_DATA,6000,d8:b1:90:d9:de:f0,-48,9,-99,-35,49,104,430126387,113,0,106,0,"[-22,0,-37,8,-7,0,-8,8,12,0,6,0,22,0,4,0,17,0,-8,8,0,0,-26,8,-36,0,-36,8,53,0,-26,8,-4,8,8,0,-57,8,69,0,60,8,-8,0,67,8,34,0,-45,8,45,0,0,0,0,0,-6,8,18,0,-21,8,-22,0,-62,8,-51,0,32,8,-69,0,1,8,-69,0,-7,7,-57,0,8,8,-48,0,36,8,-46,0,-65,8,-56,0,-29,8,56,0,-2,8,12,0,1,0,-42,8,-18,8]"
CSI_DATA,6001,d8:b1:90:d9:de:f0,-47,9,-99,-39,49,104,430175519,101,0,106,0,"[-78,0,-11,0,34,0,0,0,4,0,22,0,-3,9,31,0,1,0,28,0,17,0,9,0,29,0,-29,0,33,0,71,0,7,0,-4,9,-39,9,75,9,58,9,17,9,9,9,-6,8,-6,8,9,9,0,0,0,0,-6,8,54,9,39,9,55,9,-69,9,38,9,-18,9,15,9,13,0,-7,8,26,0,-14,8,19,0,-3,8,11,0,17,9,0,0,45,9,-3,9,-70,9,1,0,-22,9,22,0,26,0,55,0]"
CSI_DATA,6002,d8:b1:90:d9:de:f0,-46,11,-99,-35,47,104,430334529,277,0,106,0,"[21,10,52,10,57,10,67,10,-67,10,57,10,-31,10,34,10,-19,10,11,10,-24,10,-6,9,-37,10,-10,9,-58,10,4,10,-62,10,48,10,-50,10,-51,10,-6,10,28,0,50,0,-85,0,-71,0,-47,0,0,0,0,0,0,0,-45,0,15,0,-51,0,-2,0,-61,0,-41,0,-55,0,78,0,-39,0,32,0,-23,0,4,0,-7,0,-6,10,6,0,2,0,13,0,22,0,8,0,44,0,-12,0,57,0,-65,0,44,0]"
CSI_DATA,6003,d8:b1:90:d9:de:f0,-46,9,-99,-34,47,104,430334974,98,0,106,0,"[29,10,-44,0,46,10,82,0,48,10,20,0,38,10,-28,10,22,10,-58,10,8,10,-72,10,-1,9,-71,10,4,10,-56,10,36,10,-24,10,-74,10,13,0,4,0,51,0,83,0,72,0,-24,0,78,0,0,0,0,0,34,0,74,0,34,0,75,0,7,0,80,0,-38,0,-71,0,73,0,-46,0,18,0,-24,0,-20,10,-10,0,-40,10,0,0,-46,10,6,0,-37,10,9,0,-15,10,-4,0,14,0,-50,0,38,0]"
CSI_DATA,6004,d8:b1:90:d9:de:f0,-47,11,-99,-32,48,104,430503974,100,0,114,0,"[-17,7,-19,7,-21,6,-22,6,-22,6,-21,5,-20,5,-20,5,-19,5,-19,5,-17,5,-17,5,-17,7,-16,7,-17,8,-17,9,-16,10,-17,11,-17,11,-16,11,-15,12,-15,12,-15,12,-14,12,-13,12,-12,12,-11,12,-11,11,0,0,-10,11,-9,11,-9,11,-8,11,-8,11,-8,11,-8,11,-8,11,-7,10,-7,10,-6,10,-5,8,-5,8,-5,8,-5,7,-5,7,-5,7,-5,7,-5,7,-5,7,-6,7,-6,8,-5,8,-6,8,-6,8,-7,8,-6,7,-6,6]"
CSI_DATA,6005,d8:b1:90:d9:de:f0,-47,11,-99,-37,48,104,430543427,277,0,106,0,"[46,0,-20,9,17,0,-83,9,8,0,45,9,14,0,40,9,23,0,60,9,18,0,-70,9,-3,9,-24,9,-57,9,27,0,31,9,59,0,-53,9,70,0,55,9,50,0,37,9,17,0,60,9,-12,9,0,0,0,0,-32,9,-15,9,1,9,0,9,27,9,31,0,44,9,51,0,59,9,62,0,76,9,49,0,-61,9,26,0,-27,9,5,0,16,0,-11,9,70,0,-17,9,-37,0,-9,9,12,0,1,0,33,0]"
CSI_DATA,6006,d8:b1:90:d9:de:f0,-47,9,-99,-37,48,104,430543890,130,0,106,0,"[-7,9,-66,9,-76,9,-67,9,51,9,-68,9,48,9,-65,9,67,9,-58,9,-65,9,-38,9,-35,9,3,0,-8,9,66,0,4,0,-17,0,0,9,57,0,-19,9,-59,0,-40,9,-44,0,-57,9,-70,0,0,0,0,0,-35,9,27,0,-8,9,3,0,30,0,-20,0,57,0,-41,0,70,0,-56,0,56,0,-79,0,38,0,59,0,12,0,25,0,-1,9,-17,9,-10,9,-70,9,-9,9,39,9,-9,9,-9,9,-14,9]"
CSI_DATA,6007,d8:b1:90:d9:de:f0,-42,9,-99,-36,43,104,430752798,98,0,106,0,"[-80,16,-12,15,-117,16,-74,15,-136,16,-67,15,-122,16,-14,15,-89,16,57,16,-39,16,133,16,30,0,-76,16,122,0,3,0,-68,0,70,0,0,1,106,0,25,1,104,0,-2,0,74,0,-81,0,39,0,0,0,0,0,-35,16,-20,16,126,16,-12,16,16,16,11,0,-43,15,46,0,-42,15,65,0,12,16,67,0,95,16,41,0,-100,16,2,0,-23,16,-49,16,40,0,-115,16,84,0,92,16,86,0,39,16,42,0]"
CSI_DATA,6008,d8:b1:90:d9:de:f0,-41,11,-99,-33,42,104,430961225,277,0,106,0,"[-86,0,115,0,-51,0,-128,0,-19,0,-115,0,-12,0,-137,0,-32,0,124,0,-77,0,97,0,-144,0,106,0,76,0,-142,0,0,0,-55,0,-38,17,45,1,-24,17,125,1,21,0,142,1,63,0,99,1,0,0,0,0,90,0,-73,0,18,0,142,0,-81,17,100,0,114,17,84,0,57,17,103,0,45,17,121,0,78,17,123,0,120,17,101,0,-144,17,53,0,146,17,-15,17,101,17,-85,17,30,17,-120,17,-34,16]"
CSI_DATA,6009,d8:b1:90:d9:de:f0,-42,9,-99,-34,43,104,430961679,119,0,106,0,"[68,15,87,0,10,15,85,0,-14,14,111,0,4,15,134,0,46,15,-123,0,91,15,122,0,123,15,75,0,123,15,-6,15,80,15,-97,15,10,15,110,15,-64,14,98,15,-109,14,-128,15,-87,14,-66,15,0,0,0,0,57,15,9,0,-133,15,-24,15,-65,15,-91,15,-36,15,97,15,-44,15,36,15,-67,15,29,15,-75,15,60,15,-57,15,98,15,-26,15,131,15,28,0,134,15,92,0,99,15,120,0,34,15,87,0]"
CSI_DATA,6010,d8:b1:90:d9:de:f0,-43,9,-99,-36,44,104,430961828,139,0,106,0,"[73,15,-64,15,28,15,-122,15,-2,14,116,15,-4,14,-123,15,20,15,-106,15,67,15,-89,15,-120,15,-90,15,-28,15,-125,15,73,0,74,15,-114,0,-3,14,-92,0,-68,14,-107,0,-95,14,115,0,-77,14,0,0,0,0,50,0,61,15,55,0,-97,15,98,0,7,0,-101,0,81,0,-59,0,121,0,-43,0,124,0,-67,0,110,0,-113,0,94,0,86,0,91,0,21,0,112,0,-45,15,-84,0,-75,15,-15,0,-52,15]"
CSI_DATA,6011,d8:b1:90:d9:de:f0,-43,9,-99,-34,44,104,430961998,119,0,106,0,"[-50,14,-62,0,-102,14,-18,0,-114,14,12,0,-102,14,11,0,-82,14,-12,0,-72,14,-57,0,-78,14,-120,0,-114,14,39,0,65,14,-40,14,-11,13,-102,14,-81,13,-114,14,-109,13,-101,14,-83,13,-72,14,0,0,0,0,50,14,-16,14,-105,14,-40,14,-13,14,-87,14,45,0,87,14,77,0,35,14,84,0,25,14,66,0,47,14,58,0,92,14,69,0,-99,14,103,0,-48,14,-74,0,-4,14,-5,0,14,0,36,0]"
CSI_DATA,6012,d8:b1:90:d9:de:f0,-43,9,-99,-36,44,104,430962165,139,0,106,0,"[56,15,-30,15,7,15,-52,15,-28,14,-34,15,-22,14,-1,15,4,15,31,0,55,15,37,0,100,15,10,0,-127,15,-56,15,120,15,110,15,80,15,37,15,5,15,7,15,-54,14,42,15,-56,14,110,15,0,0,0,0,55,15,-26,15,-117,15,-39,15,-48,15,-93,15,-12,15,90,15,-15,15,32,15,-41,15,27,15,-58,15,54,15,-51,15,95,15,-25,15,-124,15,24,0,-127,15,76,0,93,15,98,0,29,15,54,0]"
CSI_DATA,6013,d8:b1:90:d9:de:f0,-42,9,-99,-34,43,104,430962282,133,0,106,0,"[-65,0,-73,15,-1,0,-54,15,32,1,-57,15,20,1,-63,15,-13,0,-63,15,-52,0,-48,15,-105,0,-4,15,121,0,79,0,103,0,-86,0,102,0,18,1,133,0,79,1,-96,0,93,1,-86,0,43,1,0,0,0,0,123,0,-93,0,46,0,127,0,-57,15,94,0,118,15,96,0,55,15,111,0,50,15,117,0,78,15,102,0,104,15,79,0,133,15,31,0,-130,15,-33,15,115,15,-106,15,56,15,109,15,5,15]"
CSI_DATA,6014,d8:b1:90:d9:de:f0,-41,9,-99,-36,43,104,430962426,113,0,106,0,"[100,0,65,16,130,0,24,16,129,0,-7,15,88,0,-14,15,48,0,13,16,29,0,53,16,42,0,103,16,102,0,-138,16,-87,0,-131,16,-4,0,120,16,34,1,60,16,6,1,-2,15,-66,0,-14,15,0,0,0,0,77,0,65,16,79,0,-138,16,123,0,-57,16,-98,0,-7,16,-44,0,-3,16,-33,0,-28,16,-57,0,-42,16,-96,0,-35,16,-125,0,-20,16,-129,0,32,0,-94,0,85,0,-22,0,102,0,30,1]"
CSI_DATA,6015,d8:b1:90:d9:de:f0,-42,9,-99,-34,43,104,430962535,133,0,106,0,"[91,0,76,15,-126,0,37,15,-113,0,9,15,-128,0,10,15,120,0,33,15,105,0,74,15,105,0,-130,15,-124,0,-50,15,-60,0,31,0,24,1,94,0,92,1,101,0,116,1,77,0,88,1,36,0,0,0,0,0,-56,0,-9,15,133,0,25,0,50,0,98,0,1,0,-93,0,-16,15,-32,0,-11,15,-23,0,-4,15,-51,0,-7,15,-84,0,-37,15,-132,0,-86,15,103,0,104,15,95,0,32,15,119,0,18,15]"
CSI_DATA,6016,d8:b1:90:d9:de:f0,-42,9,-99,-36,44,104,430962643,113,0,106,0,"[-92,0,109,0,-65,0,-89,0,-31,0,-70,0,-20,0,-93,0,-32,0,-127,0,-78,0,105,0,113,0,95,0,25,0,123,0,-64,15,-68,0,-121,15,18,1,126,15,93,1,-90,15,125,1,-44,15,104,1,0,0,0,0,20,0,-56,0,-14,15,107,0,-84,15,31,0,88,15,-16,15,29,15,-26,15,16,15,-15,15,39,15,-1,15,86,15,-4,15,-122,15,-30,15,-93,15,-82,15,-83,15,93,15,-115,15,24,15,77,15]"
CSI_DATA,6017,d8:b1:90:d9:de:f0,-43,9,-99,-36,44,104,431170613,130,0,106,0,"[-67,0,-113,15,-6,0,103,15,-5,0,69,15,-40,0,71,15,-95,0,101,15,114,0,-100,15,86,0,-11,15,79,0,92,0,111,0,-55,0,-97,0,22,1,-46,0,40,1,-24,0,0,1,-54,0,-76,0,0,0,0,0,53,0,43,0,-57,15,31,0,99,15,40,0,37,15,71,0,25,15,100,0,63,15,99,0,120,15,68,0,-86,15,17,0,-58,15,-49,15,-53,15,-128,15,-73,15,53,15,126,15,19,15,81,15]"
CSI_DATA,6018,d8:b1:90:d9:de:f0,-43,11,-99,-36,44,104,431379022,277,0,106,0,"[18,0,41,15,56,0,-30,14,66,0,-57,14,62,0,-31,14,52,0,21,15,49,0,100,15,51,0,-63,15,51,0,57,0,62,0,-77,0,75,0,26,1,86,0,73,1,87,0,58,1,65,0,0,1,0,0,0,0,-7,15,68,0,-70,15,-34,15,118,15,-123,15,65,15,73,15,50,15,54,15,72,15,74,15,123,15,119,15,-65,15,-89,15,8,0,-31,15,89,0,12,0,-74,0,45,0,-4,0,52,0,23,1]"
CSI_DATA,6019,d8:b1:90:d9:de:f0,-43,9,-99,-35,44,104,431379521,124,0,106,0,"[-95,0,109,14,-31,0,55,14,-16,0,31,14,-46,0,38,14,-91,0,73,14,103,0,-115,14,49,0,-36,14,0,14,68,0,-43,14,-62,0,-60,14,34,0,-54,14,89,0,-29,14,77,0,-11,14,10,0,0,0,0,0,-2,14,54,0,-38,14,-63,14,-86,14,84,14,111,14,21,14,84,14,5,14,94,14,43,14,-116,14,104,14,-62,14,-76,14,2,0,-19,14,83,0,32,0,-72,0,64,0,3,0,65,0,30,0]"
CSI_DATA,6020,d8:b1:90:d9:de:f0,-43,9,-99,-40,45,104,431379652,98,0,106,0,"[36,15,21,0,-40,14,11,0,-67,14,18,0,-38,14,26,0,16,15,21,0,91,15,8,0,-73,15,-22,15,32,0,-71,15,-116,0,121,15,-38,0,61,15,-9,0,19,15,-30,0,22,15,-76,0,63,15,0,0,0,0,59,0,-37,15,16,0,75,0,-6,15,-72,0,-9,15,6,1,-4,15,28,1,2,0,0,1,4,0,-67,0,-7,15,110,0,-30,15,21,0,-69,15,-61,15,127,15,113,15,70,15,72,15,30,15]"
CSI_DATA,6021,d8:b1:90:d9:de:f0,-42,9,-99,-35,43,104,431379811,352,0,106,0,"[-80,0,119,0,-17,0,-99,0,10,1,-88,0,-11,0,-109,0,-54,0,131,0,-130,0,92,0,53,0,64,0,-70,16,44,0,73,16,38,0,-32,15,52,0,-87,15,66,0,-73,15,92,0,2,16,83,0,0,0,0,0,-73,16,4,0,25,0,-86,16,103,0,110,16,-128,0,32,16,-125,0,1,16,121,0,25,16,90,0,94,16,57,0,-102,16,33,0,-6,16,33,0,91,0,51,0,-81,0,94,0,-18,0,-137,0]"
CSI_DATA,6022,d8:b1:90:d9:de:f0,-43,9,-99,-35,44,104,431380045,108,0,106,0,"[-88,14,-59,0,113,14,8,0,112,14,37,0,-111,14,23,0,-84,14,-29,0,-62,14,-98,0,-49,14,56,0,-52,14,-57,14,-75,14,73,14,-112,14,-22,13,106,14,-58,13,97,14,-36,13,113,14,29,14,0,0,0,0,-23,14,-62,14,73,0,0,14,-68,0,41,0,5,0,58,0,33,0,50,0,0,0,34,0,-67,0,22,0,107,0,14,0,19,0,30,0,-68,14,66,0,103,14,115,0,61,14,-69,0,78,14]"
CSI_DATA,6023,d8:b1:90:d9:de:f0,-42,9,-99,-37,44,104,431380154,133,0,106,0,"[38,15,-8,15,-39,14,-27,15,-69,14,-20,15,-50,14,-7,15,12,15,-5,15,86,15,-8,15,-83,15,-38,15,21,0,-84,15,-129,0,104,15,-58,0,34,15,-26,0,-6,14,-48,0,-5,14,-96,0,42,15,0,0,0,0,60,0,-48,15,48,0,71,0,56,0,-79,0,68,0,1,1,81,0,20,1,82,0,-6,0,62,0,-75,0,27,0,113,0,-21,15,43,0,-98,15,-22,15,81,15,-68,15,3,15,-79,15,-25,14]"
CSI_DATA,6024,d8:b1:90:d9:de:f0,-42,9,-99,-36,43,104,431380298,133,0,106,0,"[95,0,-62,0,116,0,22,1,140,0,44,1,141,0,12,1,117,0,-44,0,79,0,-118,0,5,0,89,0,-93,16,13,0,71,16,-47,16,-32,15,-78,16,-87,15,-75,16,-80,15,-52,16,-2,15,-28,16,0,0,0,0,-78,16,-25,16,41,0,-81,16,140,0,134,16,-85,0,68,16,-76,0,39,16,-109,0,61,16,124,0,121,16,81,0,-90,16,46,0,-2,16,38,0,100,0,47,0,-83,0,96,0,-12,0,142,0]"
CSI_DATA,6025,d8:b1:90:d9:de:f0,-42,9,-99,-37,44,104,431380423,113,0,106,0,"[119,0,-71,0,-115,0,6,1,-89,0,24,1,-89,0,-3,0,-112,0,-59,0,98,0,-120,0,20,0,87,0,-81,15,33,0,60,15,0,0,-39,14,-11,15,-94,14,-1,15,-87,14,24,0,-15,14,30,0,0,0,0,0,-79,15,-9,15,13,0,-87,15,87,0,97,15,129,0,22,15,-129,0,-9,14,109,0,16,15,75,0,79,15,51,0,-100,15,44,0,-17,15,62,0,77,0,106,0,-97,0,-102,0,-43,0,-55,0]"
CSI_DATA,6026,d8:b1:90:d9:de:f0,-42,9,-99,-36,44,104,431380586,113,0,106,0,"[-58,15,-46,0,-105,15,22,1,-119,15,50,1,-108,15,23,1,-89,15,-34,0,-75,15,-112,0,-47,15,49,0,-19,15,-73,15,0,0,57,15,17,0,-42,14,18,0,-96,14,12,0,-81,14,15,0,-11,14,0,0,0,0,16,0,-54,15,42,0,61,0,68,0,-80,0,93,0,-1,0,99,0,22,1,87,0,-8,0,58,0,-75,0,20,0,100,0,-19,15,19,0,-71,15,-65,15,124,15,112,15,67,15,63,15,33,15]"
CSI_DATA,6027,d8:b1:90:d9:de:f0,-45,11,-99,-36,46,104,431503957,100,0,228,0,"[9,0,11,-2,14,-3,16,-5,19,-5,19,-4,20,-4,98,58,19,-2,18,-1,15,-1,14,0,11,0,9,-1,6,-2,3,-3,0,-6,-2,-7,-4,-11,-7,-13,-7,-15,27,-46,-8,-19,-7,-19,-7,-19,-5,-18,-3,-15,-3,-13,0,0,-2,-7,-3,-3,-3,0,-6,3,-7,5,-10,8,79,11,-14,11,-15,11,-16,11,-16,10,-15,8,-14,7,-11,6,-9,5,-7,4,-4,4,-2,3,0,4,3,5,41,0,8,8,10,10,11,12,10,15,9,15,7,15,4,14,9,12,18,3,17,-9,7,-18,-6,-18,-15,-7,-14,3,15,6,3,7,7,0,2,-6,-5,-5,-9,2,-4,11,6,14,16,7,18,-7,9,-19,-6,-20,-19,-11,-20,4,-19,-1,3,15,11,6,8,-3,0,-6,-5,0,-3,6,0,0,11,3,13,-7,4,-16,-8,-17,-19,-7,-19,7,-21,28,4,17,13,7,11,-3,4,-7,-1,-4,-2,0,1,3,6,0,4,-6,0,-10,-9,-7,-14,0,-11,11,5,23,10,13,16,3,13,-8,3,-13,-4,-9,-7,-2,-3,3]"
CSI_DATA,6028,d8:b1:90:d9:de:f0,-42,11,-99,-37,44,104,431796820,277,0,106,0,"[-49,15,-51,0,-59,15,23,1,-29,15,56,1,8,0,37,1,28,0,-11,0,17,0,-72,0,-23,15,-127,0,-104,15,92,0,55,15,82,0,-24,14,106,0,-59,14,-111,0,-32,14,-72,0,42,15,-81,0,0,0,0,0,-66,15,68,0,-54,15,-41,15,-85,15,119,15,124,15,52,15,82,15,43,15,72,15,80,15,103,15,130,15,-106,15,-95,15,-36,15,-86,15,31,0,-121,15,78,0,76,15,81,0,5,15,24,0]"
CSI_DATA,6029,d8:b1:90:d9:de:f0,-43,9,-99,-35,44,104,431797274,130,0,106,0,"[56,14,65,0,-20,13,89,0,-41,13,115,0,-10,13,-122,0,37,14,115,0,91,14,74,0,-110,14,6,0,-74,14,-88,14,-59,14,52,14,-73,14,-37,13,-103,14,-76,13,113,14,-58,13,114,14,8,14,0,0,0,0,-40,14,-66,14,57,0,-6,14,-88,0,27,0,-1,0,26,0,31,0,0,0,5,0,-19,14,-56,0,-19,14,122,0,-3,14,57,0,38,0,11,0,108,0,-15,14,-55,0,0,14,13,0,53,0]"
CSI_DATA,6030,d8:b1:90:d9:de:f0,-43,9,-99,-37,45,104,431797408,113,0,106,0,"[31,0,44,13,45,0,-22,12,26,0,-54,12,2,0,-34,12,-4,13,8,13,5,0,67,13,41,0,-97,13,103,0,-33,13,-38,0,21,0,39,0,44,0,84,0,27,0,75,0,-1,13,23,0,-21,13,0,0,0,0,76,0,-15,13,-14,13,44,0,-77,13,-109,0,-104,13,-33,0,-102,13,2,0,-79,13,-8,0,-53,13,-57,0,-48,13,111,0,-58,13,42,0,-102,13,-20,13,64,13,-66,13,0,13,-72,13,-30,12]"
CSI_DATA,6031,d8:b1:90:d9:de:f0,-43,9,-99,-35,44,104,431797508,124,0,106,0,"[88,14,116,14,26,14,68,14,-8,13,74,14,-6,13,104,14,37,14,-112,14,90,14,-84,14,-68,14,-83,14,24,0,-108,14,116,0,78,14,-69,0,7,14,-63,0,-44,13,-102,0,-48,13,91,0,-4,13,0,0,0,0,20,0,-74,14,35,0,31,0,86,0,-108,0,-102,0,-54,0,-60,0,-46,0,-63,0,-77,0,-100,0,120,0,86,0,86,0,10,0,74,0,-68,14,89,0,107,14,-112,0,79,14,-39,0,110,14]"
CSI_DATA,6032,d8:b1:90:d9:de:f0,-42,9,-99,-37,44,104,432006163,98,0,106,0,"[79,15,-119,15,17,15,101,15,-13,14,106,15,-1,14,-127,15,48,15,-93,15,114,15,-74,15,-57,15,-74,15,49,0,-108,15,-111,0,93,15,-43,0,28,15,-39,0,-17,14,-77,0,-21,14,-130,0,21,15,0,0,0,0,52,0,-62,15,57,0,50,0,92,0,-108,0,-124,0,-47,0,-100,0,-30,0,-101,0,-63,0,125,0,-115,0,65,0,108,0,-6,15,72,0,-90,15,67,0,88,15,90,0,38,15,-120,0,51,15]"
CSI_DATA,6033,d8:b1:90:d9:de:f0,-42,9,-99,-36,43,104,432006286,130,0,106,0,"[25,0,51,16,42,0,-31,15,22,0,-65,15,-10,16,-34,15,-17,16,32,16,-1,16,109,16,43,0,-90,16,130,0,-5,16,-44,0,62,0,53,1,80,0,102,1,59,0,90,1,20,0,16,1,1,0,0,0,0,0,86,0,11,0,-14,16,86,0,-87,16,-111,0,-118,16,-32,0,-114,16,0,1,-89,16,-20,0,-63,16,-86,0,-56,16,120,0,-70,16,40,0,-118,16,-38,16,95,16,-99,16,25,16,-118,16,-15,15]"
CSI_DATA,6034,d8:b1:90:d9:de:f0,-42,9,-99,-37,44,104,432006394,113,0,106,0,"[-50,0,53,0,21,1,71,0,50,1,53,0,28,1,22,0,-30,0,6,0,-103,0,15,0,77,0,54,0,-4,15,122,0,-71,15,-44,0,-96,15,45,1,-83,15,95,1,-45,15,82,1,-15,15,18,1,0,0,0,0,-16,15,78,0,-71,15,-19,15,110,15,-91,15,36,15,-127,15,5,15,-121,15,22,15,-96,15,79,15,-67,15,-112,15,-56,15,-36,15,-65,15,36,0,-111,15,90,0,84,15,100,0,14,15,61,0]"
CSI_DATA,6035,d8:b1:90:d9:de:f0,-43,9,-99,-35,44,104,432006521,119,0,106,0,"[-50,0,-67,14,17,0,-98,14,27,0,114,14,-12,0,101,14,-66,0,116,14,-120,0,-86,14,81,0,-9,14,60,0,96,0,68,0,-40,0,100,0,42,0,-101,0,68,0,-75,0,33,0,-85,0,-36,0,0,0,0,0,41,0,62,0,-63,14,21,0,79,14,21,0,3,14,44,0,-13,13,74,0,18,14,87,0,77,14,74,0,-111,14,40,0,-61,14,-20,14,-41,14,-95,14,-52,14,63,14,-90,14,10,14,100,14]"
CSI_DATA,6036,d8:b1:90:d9:de:f0,-42,9,-99,-38,44,104,432006670,139,0,106,0,"[-65,0,91,0,-1,0,-129,0,26,1,-120,0,3,1,130,0,-58,0,106,0,-135,0,84,0,32,0,76,0,-87,15,74,0,59,15,92,0,-38,14,115,0,-80,14,-131,0,-59,14,-124,0,12,15,119,0,0,0,0,0,-72,15,14,0,11,0,-72,15,86,0,106,15,127,0,38,15,-134,0,6,15,121,0,37,15,99,0,102,15,78,0,-90,15,67,0,-4,15,73,0,88,0,94,0,-87,0,-132,0,-30,0,-97,0]"
CSI_DATA,6037,d8:b1:90:d9:de:f0,-42,9,-99,-35,43,104,432006805,119,0,106,0,"[71,16,-112,16,2,16,128,16,-33,15,-139,16,-16,15,-100,16,33,16,-68,16,110,16,-59,16,-79,16,-78,16,15,0,-136,16,90,0,54,16,134,0,-33,15,122,0,-90,15,79,0,-87,15,39,0,-15,15,0,0,0,0,22,0,-93,16,92,0,4,0,-104,0,77,0,-26,0,111,0,9,1,101,0,-11,0,77,0,-75,0,52,0,129,0,43,0,54,0,69,0,-4,16,123,0,-46,16,-76,0,-46,16,-1,0,4,0]"
CSI_DATA,6038,d8:b1:90:d9:de:f0,-42,9,-99,-38,44,104,432006945,139,0,106,0,"[117,15,-113,0,48,15,-62,0,37,15,-32,0,63,15,-47,0,108,15,-95,0,-124,15,108,0,-82,15,15,0,-55,15,-102,15,-38,15,42,15,-46,15,-55,14,-68,15,-95,14,-82,15,-76,14,-70,15,-3,14,0,0,0,0,0,0,-70,15,76,0,21,0,-117,0,104,0,-45,0,-124,0,-16,0,-116,0,-42,0,-132,0,-103,0,102,0,87,0,79,0,5,0,68,0,-88,15,69,0,88,15,92,0,33,15,-134,0,37,15]"
CSI_DATA,6039,d8:b1:90:d9:de:f0,-42,9,-99,-35,43,104,432007115,98,0,106,0,"[-86,16,-56,0,-112,16,19,1,-85,16,50,1,-50,16,25,1,-21,16,-23,0,-15,16,-100,0,-57,16,97,0,-137,16,19,0,40,16,-30,16,-55,15,-42,16,-111,15,-11,16,-98,15,33,0,-11,15,56,0,0,0,0,0,-99,16,9,0,-28,16,-88,16,7,0,90,16,1,0,2,16,-22,16,-29,15,-47,16,7,16,-42,16,77,16,-18,16,-137,16,35,0,-79,16,111,0,-52,16,-78,0,-55,16,-20,0,-104,16,-25,0]"
CSI_DATA,6040,d8:b1:90:d9:de:f0,-41,9,-99,-33,42,104,432078757,98,0,106,0,"[15,0,35,17,38,0,-45,16,23,0,-75,16,5,0,-45,16,5,0,12,17,23,0,98,17,64,0,-106,17,145,0,-10,17,-46,0,78,0,43,1,133,0,93,1,138,0,85,1,115,0,11,1,88,0,0,0,0,0,94,0,43,0,-34,17,97,0,-135,17,-133,0,92,17,-75,0,77,17,-50,0,99,17,-68,0,142,17,-124,0,-115,17,97,0,-94,17,9,0,-106,17,-83,17,-142,17,117,17,103,17,65,17,60,17]"
CSI_DATA,6041,d8:b1:90:d9:de:f0,-41,9,-99,-37,43,104,432090702,119,0,106,0,"[-97,17,72,17,-133,17,-10,16,118,17,-28,16,110,17,5,17,132,17,71,17,-112,17,136,17,-23,17,-108,17,88,0,-80,17,-72,0,-80,17,35,1,-108,17,75,1,142,17,45,1,115,17,-45,0,132,17,0,0,0,0,75,0,-33,17,28,0,91,0,20,0,-80,0,41,0,3,1,65,0,28,1,80,0,-10,0,70,0,-86,0,30,0,132,0,-31,17,66,0,-121,17,31,0,80,17,21,0,8,17,53,0,5,17]"
CSI_DATA,6042,d8:b1:90:d9:de:f0,-42,9,-99,-38,44,104,432090879,139,0,106,0,"[-47,0,-20,15,34,1,-34,15,57,1,-69,15,27,1,-93,15,-38,0,-92,15,-111,0,-66,15,98,0,0,0,41,0,99,0,19,0,-56,0,30,0,47,1,61,0,90,1,102,0,57,1,108,0,-22,0,0,0,0,0,16,0,68,0,-85,15,7,0,68,15,-18,15,-9,14,-7,15,-32,14,23,0,7,15,42,0,81,15,41,0,-123,15,19,0,-54,15,-33,15,-16,15,-110,15,-3,15,75,15,-33,15,5,15,-86,15]"
CSI_DATA,6043,d8:b1:90:d9:de:f0,-41,9,-99,-36,43,104,432091097,119,0,106,0,"[126,16,-98,0,72,16,-31,0,79,16,17,1,125,16,11,1,-113,16,-37,0,-75,16,-107,0,-75,16,77,0,-109,16,-35,16,95,16,-138,16,11,16,89,16,-52,15,87,16,-61,15,136,16,2,16,-87,16,0,0,0,0,-70,16,-32,16,44,0,-85,16,136,0,125,16,-109,0,49,16,-120,0,4,16,122,0,23,16,80,0,86,16,59,0,-116,16,69,0,-34,16,109,0,47,0,-104,0,111,0,-24,0,115,0,8,1]"
CSI_DATA,6044,d8:b1:90:d9:de:f0,-42,9,-99,-36,43,104,432091291,139,0,106,0,"[-39,16,-59,0,-56,16,31,1,-47,16,62,1,-26,16,40,1,-15,16,-26,0,-15,16,-106,0,-38,16,71,0,-90,16,-47,16,129,16,124,16,58,16,34,16,11,16,13,16,7,16,48,16,57,16,114,16,0,0,0,0,-38,16,-42,16,87,0,-5,16,-70,0,6,0,14,1,-10,16,34,1,-30,16,-5,0,-34,16,-80,0,-29,16,120,0,-6,16,32,0,38,0,-44,16,102,0,-104,16,-107,0,-127,16,-31,0,-94,16]"
CSI_DATA,6045,d8:b1:90:d9:de:f0,-42,9,-99,-37,44,104,432091471,133,0,106,0,"[96,15,130,0,24,15,-80,0,9,15,-45,0,43,15,-45,0,90,15,-88,0,-122,15,117,0,-74,15,27,0,-43,15,-86,15,-24,15,52,15,-29,15,-49,14,-62,15,-90,14,-78,15,-68,14,-76,15,4,15,0,0,0,0,-8,15,-59,15,74,0,37,0,-99,0,107,0,-22,0,-122,0,4,1,-123,0,-22,0,116,0,-87,0,78,0,99,0,56,0,14,0,52,0,-76,15,65,0,98,15,100,0,48,15,-107,0,63,15]"
CSI_DATA,6046,d8:b1:90:d9:de:f0,-42,9,-99,-36,43,104,432091597,113,0,106,0,"[125,16,-120,0,60,16,-52,0,58,16,-12,0,100,16,-24,0,142,16,-65,0,-102,16,141,0,-68,16,43,0,-54,16,-85,16,-65,16,66,16,-98,16,-30,15,-143,16,-77,15,121,16,-46,15,140,16,33,16,0,0,0,0,-20,16,-51,16,89,0,24,0,-86,0,69,0,6,1,81,0,35,1,68,0,-2,0,46,0,-83,0,25,0,116,0,24,0,24,0,47,0,-62,16,86,0,-140,16,-133,0,114,16,-62,0,-143,16]"
CSI_DATA,6047,d8:b1:90:d9:de:f0,-42,9,-99,-35,43,104,432091724,133,0,106,0,"[-93,0,121,0,-25,0,-88,0,6,1,-69,0,-14,0,-86,0,-73,0,-121,0,129,0,112,0,33,0,57,0,-90,16,-3,16,59,16,-55,16,-42,15,-99,16,-87,15,-115,16,-70,15,-102,16,2,16,-80,16,0,0,0,0,-49,16,-9,16,88,0,1,0,-66,0,11,0,20,1,13,0,44,1,9,0,5,1,10,0,-73,0,17,0,110,0,22,0,15,0,31,0,-91,16,52,0,86,16,76,0,18,16,116,0,16,16]"
CSI_DATA,6048,d8:b1:90:d9:de:f0,-42,9,-99,-36,43,104,432091895,113,0,106,0,"[-61,0,63,0,33,1,81,0,71,1,59,0,38,1,26,0,-25,0,5,0,-108,0,2,0,77,0,31,0,-39,16,93,0,-138,16,-108,0,92,16,-17,0,85,16,43,1,131,16,47,1,-98,16,-19,0,0,0,0,0,-26,16,47,0,-44,16,-78,16,-85,16,88,16,-140,16,24,16,107,16,13,16,111,16,63,16,-132,16,127,16,-68,16,-94,16,10,0,-47,16,105,0,-24,16,-80,0,-24,16,-11,0,-65,16,-10,0]"
CSI_DATA,6049,d8:b1:90:d9:de:f0,-41,9,-99,-36,43,104,432101507,113,0,106,0,"[96,0,-65,0,122,0,22,1,-133,0,41,1,-133,0,6,1,129,0,-50,0,84,0,-121,0,5,0,96,0,-107,16,42,0,47,16,6,0,-53,15,3,0,-104,15,15,0,-86,15,41,0,3,16,43,0,0,0,0,0,-75,16,-12,16,20,0,-106,16,90,0,88,16,129,0,7,16,126,0,-16,15,98,0,14,16,71,0,92,16,61,0,-114,16,65,0,-23,16,99,0,68,0,-134,0,-140,0,-68,0,-100,0,-33,0]"
CSI_DATA,6050,d8:b1:90:d9:de:f0,-41,9,-99,-37,43,104,432175583,101,0,106,0,"[-57,0,-62,17,20,1,-73,17,42,1,-106,17,13,1,-121,17,-41,0,-116,17,-105,0,-76,17,133,0,-3,17,102,0,102,0,91,0,-69,0,113,0,33,1,-138,0,68,1,-109,0,35,1,-121,0,-46,0,0,0,0,0,38,0,86,0,-81,17,47,0,91,17,54,0,8,17,86,0,-6,16,123,0,26,17,132,0,92,17,113,0,-138,17,62,0,-87,17,-11,17,-78,17,-98,17,-95,17,107,17,-146,17,53,17,88,17]"
CSI_DATA,6051,d8:b1:90:d9:de:f0,-43,9,-99,-36,44,104,432423961,98,0,106,0,"[73,15,-50,15,1,15,-93,15,-40,14,-97,15,-30,14,-74,15,15,15,-54,15,79,15,-52,15,-91,15,-68,15,5,0,-108,15,99,0,78,15,-96,0,-1,14,-80,0,-55,14,-111,0,-61,14,97,0,-10,14,0,0,0,0,22,0,-76,15,34,0,46,0,78,0,-103,0,126,0,-30,0,-95,0,-8,0,-95,0,-42,0,127,0,-95,0,80,0,110,0,9,0,72,0,-73,15,58,0,97,15,69,0,31,15,108,0,33,15]"
CSI_DATA,6052,d8:b1:90:d9:de:f0,-42,9,-99,-35,43,104,432424075,113,0,106,0,"[134,16,-127,0,55,16,-79,0,35,16,-41,0,65,16,-39,0,107,16,-67,0,-131,16,-131,0,-109,16,57,0,-106,16,-59,16,-131,16,91,16,101,16,-3,15,49,16,-42,15,25,16,-15,15,57,16,59,16,0,0,0,0,-66,16,-57,16,61,0,-15,16,-90,0,-11,16,4,1,-37,16,37,1,-65,16,6,1,-75,16,-61,0,-69,16,-134,0,-34,16,77,0,18,0,29,0,94,0,8,0,-86,0,20,0,-9,0,77,0]"
CSI_DATA,6053,d8:b1:90:d9:de:f0,-42,9,-99,-34,43,104,432444334,130,0,106,0,"[120,15,-95,0,51,15,-46,0,38,15,-21,0,65,15,-34,0,105,15,-84,0,-126,15,122,0,-87,15,25,0,-63,15,-90,15,-50,15,51,15,-57,15,-54,14,-82,15,-96,14,-96,15,-75,14,-83,15,1,15,0,0,0,0,-9,15,-67,15,76,0,24,0,-100,0,101,0,-27,0,-130,0,1,1,-124,0,-27,0,127,0,-92,0,94,0,100,0,78,0,9,0,69,0,-85,15,82,0,92,15,115,0,37,15,-103,0,52,15]"
CSI_DATA,6054,d8:b1:90:d9:de:f0,-42,9,-99,-35,43,104,432454066,98,0,106,0,"[-20,16,-41,0,-50,16,32,1,-46,16,58,1,-39,16,30,1,-31,16,-28,0,-39,16,-105,0,-63,16,73,0,-118,16,-40,16,91,16,129,16,22,16,47,16,-21,15,27,16,-18,15,52,16,33,16,107,16,0,0,0,0,-55,16,-54,16,70,0,-32,16,-83,0,-37,16,0,1,-51,16,30,1,-65,16,-3,0,-62,16,-66,0,-43,16,138,0,-6,16,63,0,47,0,6,0,121,0,-37,16,-65,0,-42,16,7,1,-3,16]"
CSI_DATA,6055,d8:b1:90:d9:de:f0,-41,11,-99,-33,42,104,432503648,100,0,114,0,"[30,-9,33,-6,36,-4,38,-3,38,-1,36,0,35,2,34,3,33,2,32,3,31,3,31,3,31,3,31,3,32,4,33,4,34,4,36,5,38,5,38,5,38,6,39,5,38,6,38,6,35,8,34,8,34,8,35,8,0,0,32,8,32,9,33,9,34,10,33,11,33,11,33,11,33,11,33,11,32,11,31,10,28,10,27,8,26,8,26,9,25,8,25,8,25,9,25,9,26,9,26,9,27,10,27,11,28,11,27,12,26,13,24,15,20,15]"
CSI_DATA,6056,d8:b1:90:d9:de:f0,-43,11,-99,-34,44,104,432632415,277,0,106,0,"[110,0,55,14,-78,0,8,14,-76,0,-11,13,-94,0,9,14,116,0,56,14,87,0,-120,14,65,0,-31,14,57,0,78,0,67,0,-50,0,88,0,38,0,109,0,73,0,-118,0,52,0,105,0,-10,0,0,0,0,0,2,0,71,0,-81,14,7,0,70,14,-35,14,6,14,-54,14,-13,13,-51,14,16,14,-40,14,84,14,-32,14,-84,14,-34,14,-11,14,-52,14,63,0,-85,14,-110,0,112,14,-84,0,54,14,-103,0]"
CSI_DATA,6057,d8:b1:90:d9:de:f0,-43,9,-99,-36,44,104,432632878,133,0,106,0,"[43,15,-76,15,-19,14,-110,15,-40,14,-105,15,-18,14,-83,15,36,15,-57,15,111,15,-48,15,-53,15,-57,15,54,0,-88,15,-97,0,116,15,-22,0,53,15,-1,0,12,15,-33,0,4,15,-89,0,46,15,0,0,0,0,65,0,-43,15,51,0,67,0,65,0,-86,0,88,0,-19,0,108,0,-4,0,103,0,-42,0,73,0,-101,0,29,0,94,0,-33,15,41,0,-109,15,8,0,63,15,-2,15,0,15,15,0,-6,14]"
CSI_DATA,6058,d8:b1:90:d9:de:f0,-43,9,-99,-38,45,104,432633021,133,0,106,0,"[16,0,-24,0,8,0,39,0,22,0,52,0,33,0,24,0,35,0,-29,0,16,0,-99,0,-25,14,67,0,-95,14,-12,14,55,14,-74,14,-25,13,-107,14,-76,13,-109,14,-70,13,-73,14,-9,13,-46,14,0,0,0,0,-65,14,-31,14,28,0,-78,14,106,0,111,14,-93,0,54,14,-89,0,32,14,-119,0,50,14,86,0,105,14,58,0,-68,14,51,0,4,0,65,0,82,0,102,0,-87,0,-94,0,-50,0,-54,0]"
CSI_DATA,6059,d8:b1:90:d9:de:f0,-43,9,-99,-35,44,104,432633192,113,0,106,0,"[-23,0,-14,14,45,0,-14,14,65,0,-34,14,37,0,-49,14,-27,0,-45,14,-93,0,-29,14,73,0,22,0,0,0,104,0,-59,14,-44,0,-87,14,54,0,-76,14,96,0,-40,14,80,0,-11,14,18,0,0,0,0,0,-25,14,71,0,-81,14,-21,14,84,14,-92,14,24,14,-122,14,1,14,-114,14,25,14,-87,14,83,14,-58,14,-87,14,-46,14,-10,14,-49,14,68,0,-85,14,-111,0,113,14,-87,0,48,14,-120,0]"
CSI_DATA,6060,d8:b1:90:d9:de:f0,-43,9,-99,-38,45,104,432633337,113,0,106,0,"[76,14,105,14,27,14,64,14,1,14,67,14,16,14,99,14,51,14,-105,14,116,14,-74,14,-41,14,-63,14,62,0,-76,14,-72,0,-110,14,-3,0,80,14,16,0,31,14,-17,0,18,14,-76,0,47,14,0,0,0,0,62,0,-38,14,50,0,64,0,70,0,-84,0,103,0,-25,0,-116,0,-16,0,-115,0,-52,0,98,0,-106,0,41,0,83,0,-20,14,43,0,-96,14,32,0,64,14,42,0,17,14,78,0,22,14]"
CSI_DATA,6061,d8:b1:90:d9:de:f0,-43,9,-99,-37,45,104,432633473,224,0,106,0,"[-91,13,53,13,-100,13,-18,12,-109,13,-38,12,-102,13,-11,12,-77,13,35,13,-40,13,98,13,10,0,-60,13,82,0,26,0,-69,0,107,0,0,0,-68,0,38,0,-48,0,27,0,-63,0,-22,0,-99,0,0,0,0,0,37,0,44,0,-65,13,25,0,66,13,14,0,-2,12,16,0,-21,12,17,0,11,13,11,0,76,13,4,0,-87,13,-14,13,-11,13,-35,13,63,0,-74,13,-104,0,113,13,-68,0,63,13,-80,0]"
CSI_DATA,6062,d8:b1:90:d9:de:f0,-42,9,-99,-34,43,104,432663351,130,0,106,0,"[-57,0,-98,15,25,1,-105,15,46,1,-116,15,22,1,-112,15,-28,0,-90,15,-85,0,-46,15,111,0,20,0,46,0,120,0,-11,15,-36,0,-45,15,65,1,-41,15,115,1,-23,15,103,1,-7,15,33,1,0,0,0,0,-16,15,102,0,-72,15,-8,15,129,15,-104,15,66,15,105,15,42,15,88,15,60,15,110,15,112,15,-126,15,-90,15,-99,15,-10,15,-77,15,77,0,-77,15,-105,0,-99,15,-46,0,127,15,-48,0]"
CSI_DATA,6063,d8:b1:90:d9:de:f0,-42,9,-99,-35,43,104,432678190,108,0,106,0,"[44,16,41,0,-35,15,46,0,-63,15,71,0,-30,15,94,0,27,16,93,0,90,16,64,0,-123,16,-5,16,-80,16,-109,16,-68,16,52,16,-95,16,-53,15,-131,16,-91,15,106,16,-58,15,112,16,27,16,0,0,0,0,-49,16,-83,16,61,0,-39,16,-98,0,-41,16,-17,0,-64,16,5,1,-102,16,-31,0,-113,16,-97,0,-89,16,124,0,-50,16,79,0,17,0,68,0,101,0,89,0,-92,0,-134,0,-35,0,-80,0]"
CSI_DATA,6064,d8:b1:90:d9:de:f0,-42,9,-99,-38,44,104,432841758,98,0,106,0,"[-106,0,-96,0,-54,0,-36,0,-29,0,-29,0,-37,0,-66,0,-79,0,-109,0,118,0,116,0,23,0,78,0,-97,15,56,0,51,15,52,0,-47,14,69,0,-91,14,98,0,-69,14,116,0,-1,14,101,0,0,0,0,0,-82,15,8,0,-5,15,-86,15,41,0,87,15,62,0,10,15,59,0,-11,14,46,0,21,15,28,0,92,15,27,0,-100,15,46,0,-15,15,81,0,64,0,-131,0,134,0,-73,0,-98,0,-32,0]"
CSI_DATA,6065,d8:b1:90:d9:de:f0,-43,9,-99,-35,44,104,432841854,124,0,106,0,"[-8,14,-23,0,-23,14,54,0,-8,14,74,0,4,0,43,0,9,0,-13,0,-1,14,-90,0,-35,14,73,0,-100,14,-19,14,68,14,-107,14,-5,13,91,14,-56,13,76,14,-57,13,103,14,-1,13,-102,14,0,0,0,0,-65,14,-52,14,45,0,-66,14,-104,0,-97,14,-44,0,112,14,-32,0,89,14,-61,0,102,14,-115,0,-106,14,86,0,-50,14,43,0,17,0,21,0,93,0,17,0,-70,0,41,0,-7,0,84,0]"
CSI_DATA,6066,d8:b1:90:d9:de:f0,-42,11,-99,-38,44,104,433259111,277,0,106,0,"[131,15,-88,0,70,15,-25,0,59,15,4,1,82,15,-21,0,113,15,-65,0,-122,15,122,0,-96,15,29,0,-70,15,-94,15,-62,15,57,15,-62,15,-39,14,-75,15,-85,14,-81,15,-64,14,-67,15,15,15,0,0,0,0,-2,15,-38,15,66,0,72,0,-127,0,-108,0,-67,0,-50,0,-45,0,-34,0,-72,0,-67,0,-131,0,-114,0,69,0,104,0,-8,15,65,0,-95,15,46,0,85,15,37,0,24,15,49,0,16,15]"
CSI_DATA,6067,d8:b1:90:d9:de:f0,-41,9,-99,-37,43,104,433259583,341,0,106,0,"[64,17,91,0,-27,16,127,0,-48,16,-140,0,-10,16,-146,0,49,17,127,0,117,17,70,0,-109,17,-11,17,-39,17,-121,17,19,0,51,17,47,0,-49,16,40,0,-103,16,16,0,-75,16,-3,17,12,17,0,0,0,0,6,0,-46,17,58,0,87,0,131,0,-94,0,-103,0,-32,0,-76,0,-23,0,-95,0,-60,0,146,0,-120,0,73,0,116,0,-10,17,72,0,-103,17,47,0,92,17,45,0,27,17,66,0,24,17]"
CSI_DATA,6068,d8:b1:90:d9:de:f0,-42,9,-99,-38,44,104,433259795,321,0,106,0,"[4,0,-47,0,-3,15,43,1,16,0,73,1,30,0,43,1,30,0,-21,0,5,0,-91,0,-42,15,90,0,-118,15,1,0,60,15,-78,15,-25,14,-128,15,-58,14,-130,15,-47,14,-95,15,20,15,-60,15,0,0,0,0,-32,15,-11,15,90,0,-29,15,-64,0,-69,15,3,1,-114,15,13,1,130,15,-23,0,133,15,-87,0,-98,15,124,0,-48,15,70,0,18,0,38,0,102,0,23,0,-85,0,43,0,-20,0,78,0]"
CSI_DATA,6069,d8:b1:90:d9:de:f0,-42,9,-99,-36,43,104,433260025,119,0,106,0,"[-90,16,66,16,-111,16,-14,15,-133,16,-40,15,-129,16,-10,15,-108,16,42,16,-59,16,105,16,14,0,-123,16,118,0,-67,16,-49,0,-26,16,47,1,-7,16,87,1,-15,16,61,1,-32,16,-17,0,-32,16,0,0,0,0,56,0,10,0,-49,16,95,0,-132,16,-111,0,108,16,-37,0,103,16,-13,0,129,16,-37,0,-123,16,-99,0,-96,16,106,0,-86,16,25,0,-102,16,-62,16,-138,16,-143,16,108,16,99,16,75,16]"
CSI_DATA,6070,d8:b1:90:d9:de:f0,-42,9,-99,-38,44,104,433260165,139,0,106,0,"[-87,15,59,15,-127,15,-19,14,111,15,-31,14,106,15,6,15,128,15,60,15,-87,15,119,15,-11,15,-100,15,100,0,-60,15,-51,0,-41,15,42,1,-47,15,76,1,-78,15,49,1,-100,15,-29,0,-98,15,0,0,0,0,33,0,-7,15,-51,15,82,0,-109,15,-83,0,-127,15,-3,0,-115,15,28,1,-84,15,0,1,-57,15,-65,0,-49,15,121,0,-63,15,37,0,-97,15,-43,15,111,15,-106,15,51,15,-130,15,26,15]"
CSI_DATA,6071,d8:b1:90:d9:de:f0,-43,9,-99,-36,44,104,433260291,119,0,106,0,"[-105,15,67,15,105,15,-4,14,67,15,-12,14,64,15,27,15,99,15,80,15,-105,15,-128,15,-23,15,-90,15,80,0,-69,15,-59,0,-72,15,25,1,-101,15,53,1,121,15,21,1,104,15,-57,0,120,15,0,0,0,0,32,0,-18,15,-32,15,86,0,-65,15,-59,0,-58,15,19,1,-37,15,44,1,-13,15,8,1,-3,15,-60,0,-18,15,119,0,-49,15,51,0,-101,15,-14,15,87,15,-61,15,24,15,-59,15,11,15]"
CSI_DATA,6072,d8:b1:90:d9:de:f0,-42,9,-99,-38,44,104,433260440,139,0,106,0,"[-40,0,-11,15,45,1,-25,15,70,1,-46,15,40,1,-75,15,-29,0,-70,15,-96,0,-37,15,98,0,23,0,27,0,109,0,-16,15,-50,0,-20,15,48,1,-13,15,88,1,29,0,61,1,46,0,-20,0,0,0,0,0,8,0,34,0,-75,15,-64,15,95,15,-135,15,22,15,106,15,-15,14,124,15,7,15,-109,15,78,15,-80,15,-115,15,-55,15,-37,15,-63,15,43,0,-101,15,106,0,117,15,132,0,52,15,97,0]"
CSI_DATA,6073,d8:b1:90:d9:de:f0,-43,9,-99,-36,44,104,433260602,98,0,106,0,"[81,15,127,0,22,15,-68,0,22,15,-33,0,62,15,-32,0,108,15,-70,0,-106,15,127,0,-87,15,41,0,-90,15,-68,15,-117,15,83,15,90,15,9,15,50,15,-13,14,39,15,34,15,67,15,100,15,0,0,0,0,-25,15,-25,15,93,0,-3,15,-50,0,-12,15,23,1,-43,15,33,1,-79,15,-8,0,-91,15,-72,0,-76,15,119,0,-40,15,64,0,22,0,33,0,96,0,30,0,-79,0,60,0,-27,0,104,0]"
CSI_DATA,6074,d8:b1:90:d9:de:f0,-42,9,-99,-38,44,104,433260707,441,0,106,0,"[-95,0,127,15,-41,0,59,15,-44,0,16,15,-85,0,13,15,-132,0,61,15,101,0,128,15,83,0,-48,15,97,0,60,0,-127,0,-101,0,-66,0,-25,0,-20,0,-14,0,-9,0,-58,0,-56,0,-126,0,0,0,0,0,28,0,26,0,-95,15,22,0,61,15,52,0,-10,14,99,0,-20,14,-132,0,24,15,-129,0,98,15,116,0,-113,15,62,0,-67,15,-7,15,-49,15,-94,15,-60,15,95,15,-105,15,39,15,119,15]"
CSI_DATA,6075,d8:b1:90:d9:de:f0,-43,9,-99,-36,44,104,433468499,119,0,106,0,"[-73,15,-63,0,-114,15,9,1,-121,15,36,1,-107,15,19,1,-90,15,-36,0,-82,15,-109,0,-84,15,52,0,-105,15,-56,15,119,15,85,15,83,15,-2,14,50,15,-27,14,53,15,-6,14,92,15,52,15,0,0,0,0,-24,15,-44,15,74,0,8,0,-86,0,56,0,-14,0,73,0,11,1,76,0,-17,0,72,0,-78,0,61,0,101,0,64,0,24,0,74,0,-48,15,102,0,-116,15,-114,0,103,15,-74,0,117,15]"
CSI_DATA,6076,d8:b1:90:d9:de:f0,-42,9,-99,-35,43,104,433468657,139,0,106,0,"[-54,0,-26,16,38,1,-16,16,70,1,-25,16,41,1,-29,16,-17,0,-22,16,-93,0,7,0,94,0,52,0,0,0,134,0,-95,16,-56,0,127,16,25,1,109,16,67,1,134,16,57,1,-99,16,-14,0,0,0,0,0,-31,16,54,0,-38,16,-76,16,-61,16,86,16,-86,16,8,16,-100,16,-14,15,-91,16,20,16,-59,16,86,16,-9,16,-128,16,46,0,-64,16,117,0,-13,16,-81,0,19,0,-20,0,27,0,-8,0]"
CSI_DATA,6077,d8:b1:90:d9:de:f0,-42,9,-99,-35,43,104,433469038,119,0,106,0,"[-75,16,63,16,-90,16,-29,15,-115,16,-52,15,-116,16,-22,15,-97,16,35,16,-54,16,104,16,19,0,-109,16,123,0,-46,16,-29,0,1,0,63,1,20,0,105,1,8,0,85,1,-19,16,5,1,-27,16,0,0,0,0,61,0,3,0,-49,16,67,0,-137,16,-136,0,92,16,-67,0,86,16,-40,0,110,16,-64,0,-129,16,-122,0,-103,16,81,0,-85,16,1,0,-90,16,-81,16,-115,16,115,16,126,16,70,16,92,16]"
CSI_DATA,6078,d8:b1:90:d9:de:f0,-43,9,-99,-36,44,104,433469160,139,0,106,0,"[-55,0,-24,15,29,1,-29,15,58,1,-53,15,30,1,-63,15,-23,0,-52,15,-88,0,-24,15,95,0,35,0,28,0,117,0,-27,15,-37,0,-61,15,51,1,-48,15,92,1,-27,15,74,1,-9,15,4,1,0,0,0,0,-7,15,57,0,-55,15,-50,15,-120,15,118,15,79,15,68,15,56,15,58,15,75,15,82,15,125,15,127,15,-71,15,-96,15,1,0,-78,15,76,0,-79,15,-106,0,-102,15,-63,0,122,15,-75,0]"
CSI_DATA,6079,d8:b1:90:d9:de:f0,-42,9,-99,-35,43,104,433469313,133,0,106,0,"[-56,0,20,0,35,1,34,0,69,1,18,0,41,1,-4,16,-18,0,-4,16,-93,0,7,0,99,0,53,0,5,0,130,0,-75,16,-51,0,-117,16,40,1,-117,16,89,1,-82,16,75,1,-46,16,-2,0,0,0,0,0,-19,16,57,0,-61,16,-59,16,-119,16,117,16,101,16,58,16,70,16,52,16,88,16,83,16,137,16,134,16,-69,16,-101,16,3,0,-79,16,89,0,-79,16,-109,0,-94,16,-59,0,-136,16,-70,0]"
CSI_DATA,6080,d8:b1:90:d9:de:f0,-43,9,-99,-36,44,104,433469421,113,0,106,0,"[-67,15,-58,0,-92,15,21,1,-79,15,53,1,-51,15,33,1,-35,15,-21,0,-40,15,-89,0,-61,15,81,0,-117,15,-16,15,62,15,-101,15,-13,14,105,15,-59,14,109,15,-51,14,-115,15,9,15,-74,15,0,0,0,0,-51,15,-25,15,60,0,-46,15,-96,0,-90,15,-42,0,116,15,-33,0,86,15,-64,0,102,15,-112,0,-118,15,104,0,-56,15,76,0,10,0,68,0,82,0,79,0,-96,0,112,0,-51,0,-111,0]"
CSI_DATA,6081,d8:b1:90:d9:de:f0,-43,9,-99,-35,44,104,433469520,133,0,106,0,"[-60,0,-63,14,29,0,-73,14,57,0,-85,14,35,0,-76,14,-25,0,-54,14,-90,0,-19,14,72,0,30,0,-23,14,102,0,-118,14,-68,0,57,14,0,0,35,14,27,0,59,14,14,0,99,14,-40,0,0,0,0,0,-27,14,34,0,22,0,-68,14,66,0,73,14,83,0,1,14,90,0,-15,13,84,0,15,14,75,0,83,14,68,0,-90,14,60,0,-5,14,63,0,77,0,75,0,-90,0,102,0,-34,0,122,0]"
CSI_DATA,6082,d8:b1:90:d9:de:f0,-43,9,-99,-36,44,104,433469691,113,0,106,0,"[-102,0,118,15,-37,0,65,15,-33,0,27,15,-67,0,32,15,-111,0,62,15,105,0,-126,15,91,0,-43,15,97,0,63,0,-124,0,-87,0,-76,0,-12,0,-32,0,10,1,-17,0,-27,0,-54,0,-93,0,0,0,0,0,38,0,42,0,-76,15,25,0,76,15,32,0,6,15,61,0,-10,14,91,0,26,15,97,0,84,15,72,0,-115,15,30,0,-66,15,-25,15,-43,15,-97,15,-42,15,81,15,-67,15,34,15,-104,15]"
CSI_DATA,6083,d8:b1:90:d9:de:f0,-42,9,-99,-35,43,104,433469791,130,0,106,0,"[-13,16,51,16,-18,16,-41,15,-47,16,-66,15,-67,16,-34,15,-73,16,27,16,-42,16,99,16,21,0,-107,16,119,0,-43,16,-39,0,-4,16,57,1,-4,16,105,1,-30,16,79,1,-70,16,-9,0,-78,16,0,0,0,0,62,0,-11,16,-25,16,87,0,-79,16,-94,0,-88,16,-7,0,-74,16,20,1,-46,16,-8,0,-31,16,-80,0,-38,16,124,0,-64,16,46,0,-117,16,-16,16,90,16,-63,16,30,16,-67,16,7,16]"
CSI_DATA,6084,d8:b1:90:d9:de:f0,-45,11,-99,-40,47,104,433515904,100,0,228,0,"[-6,-5,-9,-4,-12,-3,-15,-4,-17,-4,-19,-5,-19,-7,98,58,-18,-7,-16,-7,-14,-7,-12,-6,-10,-4,-8,-3,-7,0,-5,3,-3,6,-2,10,-1,13,-1,17,-1,19,27,-46,-3,23,-5,23,-6,22,-7,20,-7,17,-7,15,0,0,-3,8,-1,5,0,3,4,0,8,-1,11,-3,-64,0,17,-3,19,-2,19,-1,19,0,18,0,15,0,13,0,10,0,8,0,6,0,3,-2,0,-4,0,-6,1,0,-3,-11,-3,-15,-2,-17,0,-19,0,-19,3,-17,4,-15,-1,-17,-14,-14,-22,-1,-19,13,-5,21,9,18,15,5,-6,-13,2,-9,-4,-5,-5,2,0,6,7,3,9,-5,2,-13,-10,-14,-19,-3,-17,12,-4,22,11,19,20,5,14,13,4,-15,-6,-11,-9,0,-3,5,4,3,7,-3,0,0,-9,-10,-17,0,-15,12,-3,21,13,19,22,5,34,-12,7,-19,-6,-16,-12,-6,-10,2,-3,5,0,2,0,-1,-3,-1,-6,3,-3,8,4,11,11,5,14,-3,7,-23,-2,-16,-12,-11,-15,0,-9,8,0,10,4,4,3,0]"
CSI_DATA,6085,d8:b1:90:d9:de:f0,-43,9,-99,-39,45,104,433677398,252,0,106,0,"[-69,0,-6,14,28,0,-1,14,65,0,-22,14,42,0,-35,14,-15,0,-30,14,-86,0,-14,14,75,0,29,0,-20,14,93,0,-111,14,-70,0,82,14,6,0,68,14,50,0,102,14,46,0,-94,14,-10,0,0,0,0,0,5,0,43,0,24,0,-85,14,28,0,51,14,9,0,-28,13,-9,14,-48,13,-16,14,-8,13,-7,14,66,14,10,0,-111,14,43,0,-33,14,94,0,33,0,-96,0,92,0,-38,0,112,0,-23,0]"
CSI_DATA,6086,d8:b1:90:d9:de:f0,-43,11,-99,-36,44,104,433885807,277,0,106,0,"[-123,15,-110,0,65,15,-38,0,58,15,10,1,95,15,7,1,-126,15,-36,0,-94,15,-100,0,-86,15,62,0,-103,15,-42,15,108,15,102,15,50,15,28,15,5,15,9,15,-6,14,44,15,42,15,120,15,0,0,0,0,-39,15,-5,15,94,0,15,0,-48,0,-1,15,29,1,-31,15,46,1,-65,15,2,1,-74,15,-73,0,-54,15,117,0,-19,15,59,0,35,0,23,0,106,0,8,0,-74,0,26,0,-21,0,59,0]"
CSI_DATA,6087,d8:b1:90:d9:de:f0,-43,9,-99,-36,44,104,433886297,98,0,106,0,"[-70,0,-14,15,27,1,-19,15,62,1,-34,15,38,1,-44,15,-17,0,-37,15,-90,0,-15,15,79,0,29,0,-22,15,92,0,-116,15,-84,0,79,15,-12,0,61,15,26,1,94,15,18,1,-110,15,-37,0,0,0,0,0,16,0,36,0,60,0,-85,15,81,0,53,15,78,0,-22,14,64,0,-38,14,45,0,0,15,35,0,76,15,37,0,-97,15,48,0,-15,15,76,0,65,0,112,0,-118,0,-103,0,-83,0,-82,0]"
CSI_DATA,6088,d8:b1:90:d9:de:f0,-43,9,-99,-36,44,104,433886438,133,0,106,0,"[-119,0,119,15,-37,0,67,15,-5,0,36,15,-31,0,48,15,-69,0,87,15,-105,0,-102,15,103,0,-17,15,66,0,87,0,32,0,-46,0,17,0,48,1,24,0,88,1,35,0,74,1,36,0,-10,0,0,0,0,0,17,0,34,0,-32,15,-90,15,-89,15,69,15,120,15,6,15,97,15,-10,14,123,15,26,15,-87,15,90,15,-29,15,-112,15,30,0,-62,15,105,0,-22,15,-76,0,9,0,-23,0,18,0,-23,0]"
CSI_DATA,6089,d8:b1:90:d9:de:f0,-43,9,-99,-36,44,104,433886573,133,0,106,0,"[29,0,-71,0,43,0,27,1,66,0,57,1,76,0,32,1,65,0,-23,0,36,0,-93,0,-15,15,81,0,-98,15,-3,15,66,15,-86,15,-15,14,127,15,-60,14,127,15,-51,14,-97,15,16,15,-55,15,0,0,0,0,-26,15,26,0,99,0,34,0,-43,0,19,0,30,1,-13,15,47,1,-37,15,0,1,-41,15,-77,0,-28,15,107,0,2,0,32,0,41,0,-32,15,97,0,-80,15,-98,0,-98,15,-44,0,-70,15]"
CSI_DATA,6090,d8:b1:90:d9:de:f0,-43,9,-99,-36,44,104,433886689,113,0,106,0,"[96,0,94,15,-99,0,24,15,-84,0,-11,14,-94,0,-3,14,-122,0,46,15,109,0,112,15,98,0,-48,15,96,0,63,0,102,0,-68,0,122,0,33,1,-120,0,66,1,-115,0,33,1,125,0,-37,0,0,0,0,0,25,0,26,0,-63,15,-65,15,97,15,119,15,28,15,81,15,9,15,87,15,33,15,109,15,96,15,-114,15,-83,15,-85,15,0,0,-67,15,83,0,-69,15,-96,0,-84,15,-50,0,-111,15,-56,0]"
CSI_DATA,6091,d8:b1:90:d9:de:f0,-43,9,-99,-38,45,104,433886798,113,0,106,0,"[-67,0,49,0,10,0,85,0,49,0,85,0,31,0,74,0,-19,0,59,0,-86,0,54,0,67,0,64,0,-32,14,93,0,108,14,-101,0,32,14,-53,0,5,14,-22,0,32,14,-19,0,94,14,-64,0,0,0,0,0,-10,14,29,0,41,0,-84,14,67,0,56,14,71,0,-20,13,60,0,-40,13,43,0,-1,13,34,0,71,14,38,0,-99,14,54,0,-23,14,87,0,48,0,-113,0,104,0,-68,0,-109,0,-57,0]"
CSI_DATA,6092,d8:b1:90:d9:de:f0,-43,9,-99,-36,44,104,434095160,108,0,106,0,"[-50,0,23,0,38,1,36,0,65,1,26,0,41,1,20,0,-27,0,18,0,-106,0,26,0,52,0,42,0,-61,15,71,0,79,15,110,0,-7,14,-110,0,-38,14,-97,0,-6,14,-99,0,64,15,121,0,0,0,0,0,-5,15,4,0,76,0,-81,15,-104,0,91,15,-63,0,37,15,-58,0,26,15,-87,0,60,15,125,0,125,15,79,0,-57,15,39,0,23,0,7,0,109,0,-16,15,-62,0,-12,15,-2,0,11,0]"
CSI_DATA,6093,d8:b1:90:d9:de:f0,-42,9,-99,-37,44,104,434095277,130,0,106,0,"[5,0,51,15,-8,15,-38,14,-42,15,-62,14,-65,15,-33,14,-63,15,31,15,-38,15,98,15,21,0,-89,15,108,0,-21,15,-47,0,17,0,42,1,29,0,78,1,11,0,52,1,-19,15,-32,0,-27,15,0,0,0,0,29,0,13,0,-55,15,93,0,-118,15,-73,0,125,15,-4,0,-126,15,17,1,-96,15,-15,0,-64,15,-86,0,-51,15,100,0,-61,15,17,0,-99,15,-59,15,108,15,-118,15,44,15,120,15,21,15]"
CSI_DATA,6094,d8:b1:90:d9:de:f0,-42,9,-99,-34,43,104,434095430,113,0,106,0,"[63,0,55,15,83,0,-28,14,61,0,-63,14,31,0,-37,14,13,0,20,15,21,0,96,15,59,0,-92,15,126,0,-2,15,-55,0,64,0,28,1,98,0,66,1,92,0,45,1,63,0,-34,0,36,0,0,0,0,0,34,0,38,0,-72,15,96,0,124,15,-94,0,91,15,-31,0,94,15,-10,0,130,15,-39,0,-106,15,-103,0,-86,15,90,0,-77,15,8,0,-105,15,-68,15,120,15,132,15,67,15,103,15,39,15]"
CSI_DATA,6095,d8:b1:90:d9:de:f0,-42,9,-99,-35,43,104,434125360,98,0,106,0,"[46,16,-7,16,-25,15,-22,16,-54,15,-3,16,-32,15,26,0,21,16,35,0,82,16,16,0,-131,16,-38,16,-81,16,-129,16,-61,16,32,16,-78,16,-66,15,-128,16,-103,15,115,16,-76,15,117,16,0,16,0,0,0,0,-65,16,-101,16,42,0,-59,16,-122,0,-63,16,-40,0,-90,16,-10,0,-126,16,-33,0,-135,16,-88,0,-116,16,135,0,-71,16,106,0,-7,16,115,0,69,0,-124,0,-134,0,-67,0,-94,0,-14,0]"
CSI_DATA,6096,d8:b1:90:d9:de:f0,-42,9,-99,-35,43,104,434175625,101,0,106,0,"[-93,0,-138,16,-34,0,90,16,-42,0,50,16,-88,0,44,16,-139,0,76,16,106,0,138,16,102,0,-59,16,-136,0,37,0,-57,0,114,0,30,1,-125,0,89,1,129,0,80,1,70,0,-1,0,22,0,0,0,0,0,80,0,21,0,-3,16,106,0,-50,16,-71,0,-46,16,11,1,-15,16,37,1,14,0,-1,0,20,0,-71,0,-1,16,136,0,-49,16,79,0,-122,16,58,0,77,16,63,0,25,16,114,0,40,16]"
CSI_DATA,6097,d8:b1:90:d9:de:f0,-41,11,-99,-35,43,104,434504057,100,0,114,0,"[-7,-29,-6,-32,-5,-34,-4,-34,-2,-35,-2,-33,-2,-34,-1,-31,-2,-31,-2,-30,-2,-29,-3,-30,-4,-29,-4,-29,-4,-30,-5,-31,-6,-32,-6,-34,-6,-33,-8,-34,-7,-34,-8,-35,-9,-34,-9,-34,-9,-33,-9,-32,-9,-31,-10,-30,0,0,-10,-30,-9,-30,-10,-29,-11,-30,-11,-30,-11,-30,-14,-30,-14,-30,-13,-28,-14,-27,-14,-26,-14,-25,-14,-22,-14,-21,-14,-20,-14,-19,-14,-18,-14,-18,-16,-18,-16,-18,-17,-19,-17,-20,-18,-21,-17,-22,-17,-21,-16,-21,-14,-21,-11,-19]"
CSI_DATA,6098,d8:b1:90:d9:de:f0,-42,11,-99,-37,44,104,434512503,277,0,106,0,"[-82,15,-69,0,-115,15,10,1,-99,15,51,1,-66,15,30,1,-37,15,-15,0,-32,15,-86,0,-64,15,101,0,-128,15,25,0,44,15,-42,15,-39,14,-61,15,-91,14,-45,15,-86,14,-4,15,-9,14,17,0,0,0,0,0,-77,15,-11,15,8,0,-88,15,65,0,87,15,79,0,3,15,66,0,-36,14,39,0,-11,14,21,0,50,15,33,0,128,15,57,0,-71,15,115,0,-15,15,-69,0,17,0,-4,0,5,0,17,1]"
CSI_DATA,6099,d8:b1:90:d9:de:f0,-43,9,-99,-36,44,104,434512984,98,0,106,0,"[-66,15,75,15,-93,15,-12,14,-124,15,-32,14,-128,15,-2,14,-114,15,48,15,-63,15,106,15,2,0,-91,15,101,0,-37,15,-42,0,4,0,44,1,14,0,91,1,-3,15,74,1,-24,15,6,1,-30,15,0,0,0,0,53,0,-1,15,-49,15,62,0,-127,15,-120,0,80,15,-53,0,70,15,-23,0,97,15,-43,0,-120,15,-97,0,-86,15,88,0,-68,15,10,0,-64,15,-73,15,-91,15,95,15,-124,15,39,15,84,15]"
CSI_DATA,6100,d8:b1:90:d9:de:f0,-42,9,-99,-37,44,104,434513107,119,0,106,0,"[-121,0,118,15,-44,0,74,15,-27,0,44,15,-48,0,51,15,-87,0,85,15,-122,0,-112,15,115,0,-26,15,100,0,80,0,103,0,-61,0,115,0,29,1,-125,0,66,1,-119,0,48,1,115,0,-18,0,0,0,0,0,13,0,75,0,-83,15,6,0,77,15,-42,15,0,15,-68,15,-28,14,-72,15,-3,14,-68,15,60,15,-56,15,-129,15,-60,15,-52,15,-75,15,24,0,-112,15,90,0,94,15,130,0,40,15,112,0]"
CSI_DATA,6101,d8:b1:90:d9:de:f0,-43,9,-99,-36,44,104,434513247,139,0,106,0,"[-122,0,121,15,-59,0,57,15,-53,0,18,15,-88,0,21,15,-128,0,59,15,101,0,123,15,82,0,-42,15,84,0,69,0,110,0,-72,0,-106,0,12,1,-68,0,34,1,-57,0,5,1,-84,0,-58,0,0,0,0,0,32,0,44,0,-77,15,-1,15,68,15,-22,15,-14,14,-16,15,-38,14,2,0,-5,14,14,0,58,15,13,0,-127,15,-4,15,-55,15,-43,15,12,0,-100,15,54,0,80,15,67,0,11,15,32,0]"
CSI_DATA,6102,d8:b1:90:d9:de:f0,-42,9,-99,-37,44,104,434513382,119,0,106,0,"[68,0,-73,0,80,0,16,1,101,0,41,1,102,0,20,1,91,0,-30,0,53,0,-88,0,-13,15,119,0,-111,15,62,0,42,15,29,0,-52,14,13,0,-92,14,20,0,-75,14,40,0,-3,14,40,0,0,0,0,0,-71,15,-6,15,12,0,-82,15,87,0,95,15,-131,0,20,15,-129,0,-3,14,115,0,16,15,93,0,77,15,78,0,-121,15,81,0,-38,15,108,0,40,0,-109,0,113,0,-50,0,-109,0,-17,0]"
CSI_DATA,6103,d8:b1:90:d9:de:f0,-43,9,-99,-36,44,104,434513540,139,0,106,0,"[-98,0,-108,15,-24,0,93,15,-15,0,57,15,-51,0,51,15,-96,0,79,15,117,0,-115,15,87,0,-34,15,76,0,80,0,93,0,-65,0,-121,0,19,1,-88,0,48,1,-65,0,13,1,-89,0,-54,0,0,0,0,0,34,0,43,0,-78,15,0,0,69,15,-17,15,-14,14,-5,15,-38,14,19,0,-6,14,35,0,61,15,29,0,127,15,11,0,-60,15,-33,15,-6,15,-102,15,28,0,77,15,24,0,5,15,-19,15]"
CSI_DATA,6104,d8:b1:90:d9:de:f0,-42,9,-99,-37,44,104,434513683,113,0,106,0,"[88,15,-97,15,17,15,113,15,-24,14,114,15,-11,14,-123,15,31,15,-97,15,98,15,-79,15,-79,15,-88,15,23,0,-125,15,122,0,78,15,-73,0,12,15,-56,0,-26,14,-83,0,-28,14,129,0,24,15,0,0,0,0,50,0,-59,15,62,0,61,0,96,0,-97,0,-126,0,-25,0,-98,0,-13,0,-102,0,-39,0,121,0,-92,0,66,0,125,0,2,0,83,0,-82,15,74,0,93,15,83,0,40,15,123,0,38,15]"
CSI_DATA,6105,d8:b1:90:d9:de:f0,-43,9,-99,-36,44,104,434721892,119,0,106,0,"[-47,15,41,15,-78,15,-34,14,-118,15,-46,14,120,15,-6,14,-121,15,56,15,-82,15,113,15,-12,15,-102,15,88,0,-86,15,-65,0,-102,15,10,1,116,15,32,1,76,15,-5,0,51,15,-80,0,86,15,0,0,0,0,55,0,-27,15,51,0,81,0,79,0,-74,0,122,0,-13,0,-98,0,-7,0,-98,0,-49,0,124,0,-110,0,74,0,101,0,4,0,72,0,-76,15,82,0,112,15,119,0,81,15,-79,0,110,15]"
CSI_DATA,6106,d8:b1:90:d9:de:f0,-43,9,-99,-35,44,104,434721996,139,0,106,0,"[-67,0,113,0,1,0,-94,0,33,0,-102,0,13,0,120,0,-45,0,92,0,-114,0,75,0,38,0,69,0,-71,14,79,0,67,14,109,0,-14,13,-101,0,-34,13,-71,0,-2,13,-69,0,59,14,-102,0,0,0,0,0,-36,14,10,0,19,0,-87,14,56,0,55,14,64,0,-13,13,56,0,-33,13,39,0,-2,13,30,0,66,14,34,0,-104,14,51,0,-23,14,92,0,54,0,-104,0,120,0,-46,0,-99,0,-23,0]"
CSI_DATA,6107,d8:b1:90:d9:de:f0,-43,9,-99,-37,45,104,434722104,119,0,106,0,"[109,13,-76,0,65,13,-15,0,66,13,11,0,92,13,-8,0,-108,13,-49,0,-83,13,-117,0,-70,13,32,0,-72,13,-68,13,-89,13,59,13,-112,13,-16,12,93,13,-43,12,86,13,-19,12,111,13,43,13,0,0,0,0,-8,13,-41,13,82,0,14,0,-60,0,57,0,6,0,69,0,31,0,63,0,1,0,47,0,-60,0,37,0,99,0,35,0,23,0,54,0,-44,13,84,0,-109,13,-99,0,97,13,-50,0,-117,13]"
CSI_DATA,6108,d8:b1:90:d9:de:f0,-43,9,-99,-38,45,104,434722270,139,0,106,0,"[79,14,-110,0,20,14,-70,0,13,14,-47,0,47,14,-57,0,84,14,-91,0,-120,14,84,0,-90,14,8,0,-69,14,-89,14,-65,14,49,14,-72,14,-29,13,-95,14,-62,13,-97,14,-38,13,-78,14,24,14,0,0,0,0,6,0,-52,14,87,0,19,0,-67,0,65,0,-1,0,89,0,17,0,89,0,-11,0,79,0,-75,0,64,0,96,0,57,0,22,0,63,0,-47,14,88,0,-113,14,-105,0,93,14,-63,0,110,14]"
CSI_DATA,6109,d8:b1:90:d9:de:f0,-42,9,-99,-36,44,104,434722378,133,0,106,0,"[-116,15,61,15,104,15,-9,14,79,15,-23,14,88,15,14,15,122,15,61,15,-77,15,111,15,3,0,-103,15,102,0,-70,15,-42,0,-51,15,39,1,-49,15,77,1,-61,15,58,1,-68,15,-16,0,-59,15,0,0,0,0,64,0,14,0,-22,15,99,0,-82,15,-75,0,-112,15,-7,0,-118,15,15,1,-101,15,-14,0,-79,15,-80,0,-68,15,105,0,-71,15,27,0,-97,15,-52,15,115,15,-123,15,67,15,93,15,38,15]"
CSI_DATA,6110,d8:b1:90:d9:de:f0,-43,9,-99,-38,45,104,434722504,113,0,106,0,"[-120,14,74,14,82,14,11,14,58,14,2,14,68,14,33,14,101,14,78,14,-84,14,-119,14,-9,14,-89,14,87,0,-69,14,-51,0,-66,14,25,0,-83,14,59,0,-91,14,35,0,-109,14,-33,0,-93,14,0,0,0,0,58,0,5,0,-6,14,91,0,-50,14,-62,0,-66,14,2,0,-57,14,27,0,-39,14,-2,0,-35,14,-67,0,-35,14,105,0,-57,14,36,0,-100,14,-30,14,88,14,-84,14,32,14,-101,14,12,14]"
CSI_DATA,6111,d8:b1:90:d9:de:f0,-42,9,-99,-36,44,104,434722667,133,0,106,0,"[-34,0,-29,15,42,1,-38,15,63,1,-56,15,30,1,-64,15,-27,0,-54,15,-97,0,-20,15,96,0,40,0,36,0,117,0,-18,15,-37,0,-36,15,42,1,-37,15,85,1,-17,15,69,1,-5,15,-7,0,0,0,0,0,-28,15,60,0,-93,15,-39,15,92,15,-109,15,31,15,100,15,6,15,99,15,31,15,120,15,90,15,-101,15,-94,15,-79,15,-19,15,-74,15,61,0,-93,15,-122,0,125,15,-84,0,77,15,-101,0]"
CSI_DATA,6112,d8:b1:90:d9:de:f0,-43,9,-99,-37,45,104,434722775,113,0,106,0,"[-22,13,-25,0,-25,13,45,0,-8,13,62,0,11,0,34,0,10,0,-13,0,-3,13,-78,0,-44,13,83,0,-116,13,5,0,36,13,-51,13,-42,12,-82,13,-75,12,-77,13,-52,12,-52,13,9,13,-29,13,0,0,0,0,-46,13,-32,13,47,0,-76,13,-105,0,96,13,-64,0,41,13,-66,0,17,13,-98,0,37,13,103,0,90,13,80,0,-85,13,70,0,-8,13,81,0,62,0,110,0,-99,0,-70,0,-62,0,-43,0]"
CSI_DATA,6113,d8:b1:90:d9:de:f0,-43,11,-99,-36,44,104,434930301,277,0,106,0,"[-34,0,1,0,38,1,3,0,56,1,-14,15,29,1,-32,15,-22,0,-30,15,-84,0,-5,15,108,0,46,0,47,0,126,0,-2,15,-42,0,-22,15,40,1,-24,15,77,1,3,0,51,1,7,0,-15,0,0,0,0,0,-32,15,72,0,-99,15,-14,15,71,15,-74,15,5,15,-104,15,-16,14,-98,15,7,15,-74,15,63,15,-55,15,-122,15,-47,15,-44,15,-60,15,22,0,-98,15,82,0,99,15,105,0,37,15,79,0]"
CSI_DATA,6114,d8:b1:90:d9:de:f0,-43,9,-99,-38,45,104,434930781,130,0,106,0,"[40,14,50,0,-27,13,83,0,-35,13,-118,0,2,14,-101,0,60,14,-118,0,108,14,80,0,-90,14,8,0,-72,14,-82,14,-85,14,60,14,-118,14,-11,13,85,14,-33,13,68,14,0,14,89,14,64,14,0,0,0,0,-20,14,-49,14,84,0,-30,14,-60,0,-43,14,5,0,-81,14,16,0,-118,14,-19,0,117,14,-82,0,-105,14,99,0,-60,14,58,0,0,0,46,0,79,0,63,0,-82,0,105,0,-32,0,-82,0]"
CSI_DATA,6115,d8:b1:90:d9:de:f0,-42,9,-99,-37,44,104,435139662,133,0,106,0,"[48,15,43,0,-34,14,66,0,-53,14,99,0,-14,14,117,0,41,15,113,0,104,15,71,0,-97,15,8,0,-55,15,-87,15,-30,15,62,15,-41,15,-31,14,-78,15,-76,14,-108,15,-59,14,-101,15,17,15,0,0,0,0,-16,15,-66,15,82,0,-6,15,-76,0,26,0,10,1,21,0,43,1,-3,15,10,1,-23,15,-59,0,-31,15,122,0,-7,15,52,0,34,0,2,0,109,0,-27,15,-60,0,-13,15,16,1,49,0]"
CSI_DATA,6116,d8:b1:90:d9:de:f0,-43,9,-99,-38,45,104,435139815,133,0,106,0,"[42,14,-13,14,-32,13,-15,14,-59,13,14,0,-30,13,38,0,21,14,49,0,85,14,30,0,-88,14,-14,14,-30,14,-90,14,13,0,51,14,20,0,-33,13,-5,14,-77,13,-38,14,-65,13,-55,14,-2,13,0,0,0,0,-7,14,-67,14,74,0,11,0,-73,0,52,0,6,0,59,0,36,0,36,0,11,0,9,0,-55,0,-2,14,118,0,5,0,47,0,36,0,-10,14,94,0,-41,14,-62,0,-30,14,12,0,27,0]"
CSI_DATA,6117,d8:b1:90:d9:de:f0,-43,9,-99,-38,45,104,435139968,113,0,106,0,"[113,14,-99,0,55,14,-45,0,43,14,-17,0,69,14,-27,0,106,14,-67,0,-101,14,111,0,-67,14,29,0,-36,14,-73,14,-20,14,56,14,-17,14,-35,13,-32,14,-79,13,-44,14,-58,13,-45,14,1,14,0,0,0,0,-6,14,-50,14,52,0,49,0,-118,0,-107,0,-62,0,-57,0,-38,0,-49,0,-52,0,-72,0,-102,0,-118,0,75,0,77,0,0,0,43,0,-87,14,21,0,57,14,19,0,-9,13,38,0,-21,13]"
CSI_DATA,6118,d8:b1:90:d9:de:f0,-43,9,-99,-34,44,104,435140131,113,0,106,0,"[-77,14,52,14,-87,14,-19,13,-101,14,-42,13,-97,14,-17,13,-76,14,25,14,-35,14,84,14,14,0,-90,14,95,0,-18,14,-55,0,46,0,16,0,95,0,59,0,108,0,54,0,96,0,-5,0,74,0,0,0,0,0,51,0,36,0,-56,14,47,0,82,14,69,0,11,14,101,0,-16,13,117,0,13,14,105,0,65,14,77,0,-112,14,28,0,-51,14,-25,14,-2,14,-98,14,29,0,58,14,33,0,-13,13,0,0]"
CSI_DATA,6119,d8:b1:90:d9:de:f0,-42,9,-99,-37,44,104,435160806,140,0,106,0,"[-77,15,-59,0,-104,15,19,1,-89,15,52,1,-48,15,37,1,-29,15,-21,0,-26,15,-88,0,-48,15,85,0,-108,15,-7,15,69,15,-86,15,-20,14,-125,15,-69,14,-123,15,-65,14,-82,15,-1,14,-46,15,0,0,0,0,-71,15,-20,15,36,0,-71,15,121,0,113,15,-100,0,42,15,-106,0,3,15,123,0,14,15,82,0,68,15,60,0,-115,15,59,0,-32,15,91,0,55,0,-106,0,125,0,-23,0,-111,0,21,1]"
CSI_DATA,6120,d8:b1:90:d9:de:f0,-43,11,-99,-39,45,104,435348098,277,0,106,0,"[-114,14,100,14,98,14,17,14,81,14,-9,13,98,14,5,14,-112,14,45,14,-59,14,102,14,9,0,-82,14,91,0,-2,14,-68,0,81,0,-4,0,-99,0,31,0,-68,0,19,0,-75,0,-34,0,-109,0,0,0,0,0,45,0,24,0,-63,14,-30,14,84,14,-76,14,6,14,-102,14,-22,13,-107,14,8,14,-101,14,70,14,-76,14,-97,14,-57,14,-10,14,-37,14,79,0,-24,14,-74,0,-24,14,-11,0,-38,14,4,0]"
CSI_DATA,6121,d8:b1:90:d9:de:f0,-43,9,-99,-38,45,104,435348570,98,0,106,0,"[-64,0,-77,14,11,0,-105,14,27,0,101,14,0,0,93,14,-49,0,108,14,-100,0,-90,14,98,0,-20,14,66,0,80,0,60,0,-53,0,73,0,34,0,105,0,69,0,-113,0,42,0,-118,0,-20,0,0,0,0,0,32,0,47,0,-62,14,-15,14,69,14,-51,14,-12,13,-51,14,-39,13,-26,14,-15,13,-1,14,50,14,7,0,119,14,0,14,-47,14,-30,14,16,0,-87,14,51,0,80,14,52,0,10,14,7,0]"
CSI_DATA,6122,d8:b1:90:d9:de:f0,-46,11,-99,-39,48,104,435503978,100,0,228,0,"[1,7,4,9,6,11,7,14,8,15,8,17,7,18,85,50,6,17,4,16,4,14,3,13,4,10,4,8,4,5,4,2,6,0,8,-3,9,-6,11,-8,14,-9,24,-40,16,-11,17,-10,16,-8,15,-7,13,-6,11,-4,0,0,6,-2,2,-1,0,-1,-4,-2,-7,-2,-10,-4,50,10,-14,-7,-15,-8,-14,-9,-13,-9,-13,-8,-11,-8,-8,-7,-6,-6,-5,-4,-4,-2,-3,0,-2,2,-2,4,-24,10,-2,9,-4,11,-4,13,-6,13,-7,13,-8,11,-8,8,-11,9,-3,17,8,17,17,6,17,-6,7,-15,-3,-13,-2,13,-6,2,0,4,4,0,2,-4,-4,-6,-10,-2,-11,8,-2,15,11,15,19,4,17,-11,4,-19,-9,-17,-1,-15,-13,6,-2,11,5,6,6,-1,0,-4,-6,-2,0,0,0,11,9,9,15,0,13,-11,1,-17,-10,-15,-29,-9,-13,7,-4,12,4,8,6,2,3,-1,0,0,0,2,3,3,7,0,6,-6,1,-11,-6,-10,-13,-3,-15,13,-5,13,4,13,11,6,10,-2,4,-7,-1,-5,-3,0]"
CSI_DATA,6123,d8:b1:90:d9:de:f0,-44,11,-99,-37,45,104,435556997,277,0,106,0,"[-111,0,-70,0,-69,0,0,0,-43,0,10,0,-50,0,-14,0,-77,0,-55,0,103,0,-96,0,33,0,101,0,-62,13,71,0,69,13,52,0,-15,12,46,0,-54,12,60,0,-40,12,69,0,22,13,62,0,0,0,0,0,-43,13,-1,13,35,0,-73,13,99,0,83,13,-107,0,20,13,-107,0,-5,12,103,0,18,13,73,0,74,13,50,0,-88,13,42,0,-12,13,53,0,65,0,82,0,-95,0,-114,0,-50,0,-78,0]"
CSI_DATA,6124,d8:b1:90:d9:de:f0,-44,9,-99,-36,45,104,435557451,108,0,106,0,"[-84,13,57,13,99,13,-11,12,60,13,-21,12,51,13,12,13,73,13,57,13,-110,13,104,13,-40,13,-81,13,52,0,-57,13,-74,0,-49,13,8,0,-64,13,44,0,-92,13,22,0,-110,13,-38,0,-100,13,0,0,0,0,32,0,-15,13,-31,13,65,0,-63,13,-65,0,-64,13,6,0,-46,13,32,0,-23,13,2,0,-1,13,-58,0,-5,13,97,0,-21,13,23,0,-62,13,-42,13,106,13,-97,13,43,13,-114,13,15,13]"
CSI_DATA,6125,d8:b1:90:d9:de:f0,-43,9,-99,-38,45,104,435557550,119,0,106,0,"[-89,14,-55,0,100,14,16,0,84,14,41,0,94,14,20,0,117,14,-33,0,-101,14,-101,0,-80,14,50,0,-54,14,-59,14,-32,14,67,14,-21,14,-25,13,-12,14,-71,13,-16,14,-56,13,-15,14,10,14,0,0,0,0,0,0,-33,14,34,0,75,0,64,0,-60,0,94,0,4,0,108,0,23,0,99,0,-13,0,66,0,-73,0,29,0,96,0,-16,14,27,0,-73,14,-43,14,110,14,-105,14,50,14,103,14,29,14]"
CSI_DATA,6126,d8:b1:90:d9:de:f0,-43,9,-99,-35,44,104,435557663,139,0,106,0,"[61,14,97,0,-20,13,-113,0,-36,13,-77,0,-2,13,-73,0,46,14,-97,0,95,14,109,0,-104,14,36,0,-78,14,-61,14,-69,14,75,14,-85,14,-13,13,-109,14,-47,13,120,14,-30,13,-116,14,37,14,0,0,0,0,-16,14,-50,14,82,0,3,0,-64,0,34,0,14,0,34,0,38,0,12,0,5,0,-7,14,-64,0,-14,14,114,0,0,0,40,0,30,0,-21,14,83,0,-69,14,-95,0,-75,14,-24,0,-39,14]"
CSI_DATA,6127,d8:b1:90:d9:de:f0,-43,9,-99,-38,45,104,435557825,119,0,106,0,"[-114,14,67,14,88,14,-10,13,68,14,-32,13,81,14,-6,13,113,14,33,14,-76,14,85,14,-14,14,-93,14,78,0,-24,14,-67,0,40,0,10,0,90,0,54,0,101,0,43,0,92,0,-19,0,69,0,0,0,0,0,29,0,12,0,-83,14,8,0,50,14,6,0,-21,13,19,0,-42,13,34,0,-6,13,31,0,60,14,23,0,-101,14,2,0,-20,14,-25,14,56,0,-58,14,-110,0,-111,14,-71,0,83,14,-80,0]"
CSI_DATA,6128,d8:b1:90:d9:de:f0,-43,9,-99,-37,44,104,435557929,139,0,106,0,"[57,0,-51,0,64,0,44,1,76,0,78,1,75,0,54,1,59,0,-2,0,24,0,-73,0,-22,15,102,0,-88,15,4,0,97,15,-95,15,25,15,90,15,-10,14,53,15,-4,14,72,15,57,15,119,15,0,0,0,0,-32,15,-27,15,85,0,9,0,-62,0,37,0,19,1,45,0,45,1,45,0,6,1,33,0,-61,0,25,0,109,0,24,0,18,0,27,0,-72,15,50,0,100,15,82,0,40,15,123,0,45,15]"
CSI_DATA,6129,d8:b1:90:d9:de:f0,-42,9,-99,-36,44,104,435766385,130,0,106,0,"[13,0,60,15,25,0,-18,14,10,0,-53,14,-9,15,-28,14,-15,15,27,15,-2,15,103,15,31,0,-68,15,98,0,31,0,-71,0,117,0,12,1,-93,0,67,1,-83,0,67,1,-121,0,6,1,93,0,0,0,0,0,63,0,20,0,-62,15,27,0,83,15,56,0,12,15,102,0,-9,14,-119,0,29,15,-125,0,89,15,101,0,-103,15,44,0,-51,15,-24,15,-19,15,-110,15,-11,15,50,15,-41,15,-18,14,-94,15]"
CSI_DATA,6130,d8:b1:90:d9:de:f0,-43,11,-99,-37,45,104,436183693,277,0,106,0,"[-55,0,27,0,11,0,49,0,41,0,43,0,26,0,18,0,-22,0,10,0,-81,0,12,0,75,0,40,0,-6,13,96,0,-73,13,-57,0,-117,13,28,0,-113,13,72,0,-78,13,71,0,-39,13,18,0,0,0,0,0,-13,13,77,0,-56,13,-22,13,-116,13,-110,13,55,13,75,13,23,13,79,13,32,13,105,13,81,13,-93,13,-99,13,-66,13,-22,13,-61,13,53,0,-79,13,-112,0,110,13,-80,0,46,13,-106,0]"
CSI_DATA,6131,d8:b1:90:d9:de:f0,-43,9,-99,-34,44,104,436184174,98,0,106,0,"[51,14,23,0,-23,13,27,0,-49,13,49,0,-25,13,74,0,26,14,71,0,85,14,49,0,-91,14,-2,14,-37,14,-92,14,-12,14,40,14,-22,14,-55,13,-56,14,-99,13,-98,14,-79,13,-108,14,-6,13,0,0,0,0,-34,14,-74,14,61,0,-13,14,-75,0,14,0,8,0,9,0,33,0,-24,14,8,0,-44,14,-55,0,-43,14,119,0,-22,14,61,0,25,0,25,0,100,0,13,0,-57,0,48,0,10,0,103,0]"
CSI_DATA,6132,d8:b1:90:d9:de:f0,-42,9,-99,-38,44,104,436184297,130,0,106,0,"[-92,15,84,15,-121,15,12,15,113,15,-6,14,95,15,26,15,114,15,79,15,-109,15,-133,15,-30,15,-91,15,76,0,-78,15,-69,0,-99,15,18,1,121,15,45,1,66,15,8,1,33,15,-65,0,58,15,0,0,0,0,60,0,-68,15,40,0,57,0,65,0,-100,0,113,0,-22,0,-119,0,-11,0,-112,0,-47,0,131,0,-111,0,80,0,106,0,6,0,73,0,-83,15,69,0,101,15,103,0,50,15,-99,0,80,15]"
CSI_DATA,6133,d8:b1:90:d9:de:f0,-43,9,-99,-35,44,104,436184432,224,0,106,0,"[68,0,68,14,-124,0,12,14,-109,0,-13,13,-116,0,8,14,113,0,50,14,86,0,115,14,78,0,-44,14,79,0,63,0,88,0,-71,0,107,0,23,0,-121,0,71,0,-107,0,58,0,121,0,-4,0,0,0,0,0,22,0,79,0,-61,14,1,0,96,14,-63,14,21,14,-99,14,-11,13,-105,14,12,14,-92,14,74,14,-74,14,-105,14,-60,14,-22,14,-62,14,64,0,-78,14,-102,0,-114,14,-57,0,80,14,-64,0]"
CSI_DATA,6134,d8:b1:90:d9:de:f0,-42,9,-99,-36,44,104,436184567,98,0,106,0,"[-23,15,-50,0,-44,15,13,1,-22,15,45,1,1,0,28,1,14,0,-21,0,10,0,-81,0,-31,15,106,0,-113,15,46,0,39,15,9,0,-51,14,-2,15,-98,14,31,0,-78,14,69,0,-13,14,82,0,0,0,0,0,-92,15,22,0,-36,15,-68,15,-9,15,82,15,-18,15,5,15,-44,15,-22,14,-62,15,1,15,-58,15,63,15,-32,15,122,15,23,0,-81,15,98,0,-53,15,-73,0,-60,15,-18,0,-104,15,-26,0]"
CSI_DATA,6135,d8:b1:90:d9:de:f0,-43,9,-99,-37,45,104,436184672,101,0,106,0,"[18,0,41,13,27,0,-20,12,4,0,-49,12,-22,13,-32,12,-33,13,21,13,-18,13,77,13,27,0,-95,13,98,0,-44,13,-36,0,-21,13,54,0,-26,13,90,0,-63,13,70,0,-95,13,5,0,-100,13,0,0,0,0,79,0,-27,13,37,0,62,0,31,0,-73,0,51,0,-1,0,76,0,21,0,89,0,-7,0,79,0,-66,0,48,0,114,0,-10,13,72,0,-85,13,61,0,76,13,87,0,28,13,-100,0,48,13]"
CSI_DATA,6136,d8:b1:90:d9:de:f0,-43,9,-99,-39,45,104,436393054,98,0,106,0,"[90,0,-79,0,-117,0,-5,0,-77,0,8,0,-68,0,-25,0,-89,0,-72,0,111,0,-123,0,32,0,92,0,-73,14,80,0,62,14,99,0,-23,13,-107,0,-46,13,-57,0,-8,13,-33,0,66,14,-54,0,0,0,0,0,-39,14,47,0,-13,14,-67,14,-15,14,71,14,-50,14,-4,13,-85,14,-25,13,-96,14,10,14,-85,14,74,14,-44,14,-111,14,17,0,-68,14,93,0,-44,14,-72,0,-50,14,-19,0,-88,14,-26,0]"
CSI_DATA,6137,d8:b1:90:d9:de:f0,-41,11,-99,-35,43,104,436504029,100,0,114,0,"[-25,-16,-27,-18,-28,-22,-27,-23,-27,-26,-26,-25,-23,-25,-23,-23,-21,-22,-21,-20,-21,-20,-21,-20,-21,-19,-22,-18,-23,-19,-25,-20,-26,-20,-27,-21,-27,-21,-29,-20,-28,-20,-29,-20,-29,-19,-30,-19,-30,-19,-28,-19,-29,-17,-29,-16,0,0,-27,-16,-27,-16,-27,-16,-29,-16,-28,-15,-29,-15,-29,-14,-30,-14,-29,-13,-30,-10,-28,-10,-26,-8,-25,-7,-23,-7,-23,-6,-22,-6,-22,-5,-22,-4,-22,-4,-23,-3,-25,-3,-25,-4,-26,-4,-27,-3,-27,-3,-26,-4,-23,-5,-21,-5]"
CSI_DATA,6138,d8:b1:90:d9:de:f0,-43,9,-99,-36,44,104,436601980,130,0,106,0,"[-34,15,58,15,-59,15,-17,14,-91,15,-36,14,-110,15,-1,14,-94,15,56,15,-55,15,116,15,17,0,-86,15,117,0,-44,15,-25,0,-25,15,56,1,-44,15,86,1,-75,15,52,1,-102,15,-23,0,-100,15,0,0,0,0,37,0,-18,15,-40,15,76,0,-81,15,-78,0,-90,15,2,1,-72,15,29,1,-46,15,3,1,-28,15,-61,0,-31,15,120,0,-54,15,45,0,-102,15,-16,15,87,15,-67,15,24,15,-70,15,1,15]"
CSI_DATA,6139,d8:b1:90:d9:de:f0,-43,9,-99,-37,45,104,436602133,113,0,106,0,"[23,0,48,13,27,0,-29,12,2,0,-56,12,-19,13,-33,12,-24,13,24,13,-7,13,87,13,40,0,-77,13,110,0,-15,13,-24,0,24,0,52,0,39,0,90,0,22,0,72,0,-13,13,0,0,-35,13,0,0,0,0,40,0,-9,13,-44,13,63,0,-110,13,-88,0,100,13,-19,0,113,13,16,0,-90,13,-5,0,-59,13,-61,0,-45,13,107,0,-56,13,38,0,-94,13,-28,13,83,13,-78,13,26,13,-93,13,3,13]"
CSI_DATA,6140,d8:b1:90:d9:de:f0,-43,9,-99,-38,45,104,436810834,98,0,106,0,"[-50,0,42,0,17,0,75,0,49,0,71,0,27,0,53,0,-16,0,40,0,-81,0,39,0,81,0,60,0,-13,14,103,0,-98,14,-72,0,84,14,-9,0,72,14,35,0,92,14,33,0,-111,14,-11,0,0,0,0,0,-46,14,59,0,-51,14,-47,14,-78,14,93,14,-114,14,26,14,101,14,5,14,105,14,33,14,-107,14,84,14,-59,14,-109,14,1,0,-63,14,76,0,-40,14,-79,0,-38,14,-17,0,-67,14,-13,0]"
CSI_DATA,6141,d8:b1:90:d9:de:f0,-43,11,-99,-38,45,104,437019288,277,0,106,0,"[-79,0,-70,14,2,0,-86,14,32,0,-111,14,8,0,-110,14,-42,0,-91,14,-101,0,-57,14,75,0,5,0,2,0,91,0,-57,14,-48,0,-94,14,36,0,-96,14,84,0,-74,14,73,0,-46,14,13,0,0,0,0,0,-4,14,57,0,-21,14,-55,14,-50,14,79,14,-88,14,10,14,-105,14,-8,13,-100,14,19,14,-74,14,77,14,-31,14,-104,14,28,0,-48,14,102,0,-1,14,-59,0,25,0,6,0,24,0,19,0]"
CSI_DATA,6142,d8:b1:90:d9:de:f0,-43,9,-99,-36,44,104,437019769,130,0,106,0,"[99,15,110,0,23,15,-98,0,13,15,-60,0,44,15,-60,0,88,15,-93,0,-116,15,107,0,-72,15,22,0,-39,15,-91,15,-27,15,44,15,-39,15,-59,14,-71,15,-97,14,-93,15,-76,14,-93,15,3,15,0,0,0,0,-30,15,-50,15,49,0,41,0,-109,0,112,0,-32,0,-115,0,1,1,-121,0,-22,0,109,0,-84,0,74,0,97,0,55,0,12,0,55,0,-76,15,76,0,98,15,121,0,59,15,-76,0,84,15]"
CSI_DATA,6143,d8:b1:90:d9:de:f0,-42,9,-99,-37,44,104,437228667,98,0,106,0,"[-121,0,99,15,-65,0,27,15,-62,0,0,15,-93,0,19,15,130,0,71,15,107,0,-115,15,95,0,-19,15,91,0,93,0,101,0,-51,0,129,0,32,1,-111,0,60,1,-100,0,29,1,-126,0,-46,0,0,0,0,0,15,0,40,0,-74,15,-49,15,89,15,-106,15,15,15,-131,15,-15,14,-130,15,14,15,-108,15,80,15,-85,15,-102,15,-69,15,-26,15,-67,15,59,0,-82,15,-124,0,-114,15,-77,0,108,15,-88,0]"
CSI_DATA,6144,d8:b1:90:d9:de:f0,-42,11,-99,-38,44,104,437437085,277,0,106,0,"[105,15,128,15,23,15,92,15,-15,14,106,15,3,15,-115,15,60,15,-82,15,-129,15,-73,15,-34,15,-90,15,73,0,133,15,-110,0,57,15,-65,0,-19,14,-76,0,-52,14,-127,0,-40,14,86,0,32,15,0,0,0,0,15,0,-25,15,33,0,106,0,88,0,-56,0,-129,0,0,1,-97,0,4,1,-106,0,-40,0,120,0,-97,0,64,0,127,0,-5,15,90,0,-87,15,86,0,105,15,100,0,62,15,-133,0,75,15]"
CSI_DATA,6145,d8:b1:90:d9:de:f0,-42,9,-99,-37,44,104,437437584,130,0,106,0,"[42,0,57,15,37,0,-25,14,0,0,-55,14,-26,15,-21,14,-37,15,46,15,-5,15,113,15,56,0,-88,15,-113,0,-37,15,-3,0,-17,15,76,1,-32,15,93,1,-72,15,50,1,-103,15,-32,0,-98,15,0,0,0,0,32,0,-2,15,-29,15,101,0,-63,15,-54,0,-54,15,23,1,-32,15,48,1,-6,15,16,1,-7,15,-51,0,-24,15,-119,0,-61,15,86,0,-118,15,44,0,76,15,21,0,22,15,34,0,24,15]"
CSI_DATA,6146,d8:b1:90:d9:de:f0,-46,11,-99,-40,48,104,437503685,100,0,228,0,"[2,-5,0,-8,0,-11,-2,-13,-2,-15,-2,-16,-1,-18,87,52,-1,-16,0,-15,0,-14,0,-12,-1,-9,-2,-7,-2,-4,-4,-1,-6,1,-8,4,-10,7,-13,9,-15,11,24,-41,-19,12,-19,12,-19,9,-17,8,-16,6,-14,4,0,0,-8,1,-4,0,0,0,3,0,6,0,9,1,-64,0,14,3,16,4,16,5,15,6,14,5,13,5,10,4,9,3,7,2,5,0,3,-1,2,-3,0,-6,11,0,0,-12,0,-14,1,-15,2,-16,4,-16,5,-14,6,-12,14,-6,9,-16,-4,-19,-16,-12,-20,1,-12,12,0,14,6,-8,8,0,2,-4,-2,-2,-3,2,2,7,8,3,11,-5,4,-14,-8,-14,-18,-4,-16,9,-5,18,7,16,-2,17,12,-6,2,-10,-4,-5,-4,2,1,5,7,0,0,0,-1,-13,-12,-10,-18,1,-13,14,0,20,14,15,33,5,15,-10,3,-15,-5,-12,-8,-3,-5,1,-2,1,-1,0,-4,-1,-6,2,-3,8,2,10,10,7,14,-1,10,-20,0,-15,-10,-11,-13,0,-9,7,0,9,4,4,3,-1]"
CSI_DATA,6147,d8:b1:90:d9:de:f0,-43,9,-99,-35,44,104,437646438,130,0,106,0,"[72,14,86,0,-1,13,110,0,-22,13,-108,0,5,14,-102,0,57,14,-118,0,108,14,84,0,-96,14,9,0,-63,14,-92,14,-57,14,40,14,-69,14,-53,13,-108,14,-88,13,109,14,-66,13,119,14,4,14,0,0,0,0,-36,14,-59,14,64,0,2,0,-80,0,43,0,7,0,47,0,38,0,28,0,13,0,7,0,-50,0,-1,14,123,0,9,0,55,0,40,0,-2,14,97,0,-40,14,-75,0,-40,14,-11,0,1,0]"
CSI_DATA,6148,d8:b1:90:d9:de:f0,-42,9,-99,-37,44,104,437855346,98,0,106,0,"[-131,0,99,15,-65,0,53,15,-58,0,25,15,-85,0,38,15,-115,0,69,15,119,0,-120,15,96,0,-36,15,93,0,83,0,109,0,-60,0,129,0,27,1,-98,0,57,1,-93,0,34,1,-126,0,-22,0,0,0,0,0,22,0,75,0,-81,15,16,0,77,15,-19,15,-6,14,-34,15,-28,14,-31,15,-4,14,-32,15,59,15,-29,15,130,15,-44,15,-53,15,-71,15,11,0,-118,15,68,0,75,15,93,0,19,15,65,0]"
CSI_DATA,6149,d8:b1:90:d9:de:f0,-43,9,-99,-36,44,104,437855468,130,0,106,0,"[-82,0,95,0,-9,0,-122,0,27,1,-123,0,8,1,102,0,-41,0,72,0,-113,0,55,0,49,0,59,0,-59,15,90,0,89,15,-116,0,21,15,-54,0,8,15,-6,0,40,15,9,1,101,15,-36,0,0,0,0,0,-37,15,46,0,-17,15,-75,15,-21,15,71,15,-52,15,-7,14,-76,15,-28,14,-82,15,9,15,-59,15,74,15,-18,15,-117,15,35,0,-60,15,110,0,-16,15,-60,0,3,0,7,1,-12,15,15,1]"
CSI_DATA,6150,d8:b1:90:d9:de:f0,-44,11,-99,-37,45,104,438063781,277,0,106,0,"[-79,13,66,13,-104,13,1,13,98,13,-13,12,88,13,19,13,101,13,69,13,-88,13,116,13,-20,13,-78,13,73,0,-55,13,-54,0,-61,13,23,0,-95,13,54,0,91,13,28,0,59,13,-41,0,74,13,0,0,0,0,47,0,-46,13,11,0,57,0,11,0,-77,0,39,0,-9,0,70,0,17,0,79,0,-13,0,66,0,-73,0,29,0,104,0,-22,13,61,0,-94,13,40,0,60,13,50,0,12,13,83,0,21,13]"
CSI_DATA,6151,d8:b1:90:d9:de:f0,-43,9,-99,-38,45,104,438064280,130,0,106,0,"[-105,14,76,14,118,14,5,14,104,14,-15,13,111,14,4,14,-107,14,48,14,-62,14,97,14,0,0,-84,14,95,0,-25,14,-45,0,21,0,44,0,54,0,97,0,45,0,84,0,28,0,20,0,13,0,0,0,0,0,69,0,7,0,-40,14,44,0,104,14,92,0,44,14,-99,0,26,14,-73,0,50,14,-90,0,93,14,109,0,-101,14,50,0,-63,14,-17,14,-43,14,-95,14,-42,14,63,14,-62,14,0,13,-97,14]"
CSI_DATA,6152,d8:b1:90:d9:de:f0,-42,9,-99,-37,44,104,438273170,101,0,106,0,"[125,15,116,15,72,15,47,15,31,15,36,15,31,15,69,15,68,15,117,15,123,15,-103,15,-49,15,-90,15,56,0,-100,15,-97,0,120,15,-23,0,52,15,-2,0,0,15,-48,0,-18,14,-122,0,24,15,0,0,0,0,44,0,-63,15,43,0,55,0,79,0,-96,0,127,0,-36,0,-94,0,-21,0,-97,0,-60,0,127,0,-116,0,65,0,107,0,-5,15,80,0,-91,15,89,0,95,15,122,0,56,15,-74,0,86,15]"
CSI_DATA,6153,d8:b1:90:d9:de:f0,-43,9,-99,-37,44,104,438273266,98,0,106,0,"[96,15,-94,15,32,15,112,15,-3,14,97,15,13,15,117,15,59,15,-118,15,-130,15,-88,15,-32,15,-66,15,84,0,-59,15,-52,0,-61,15,46,1,-73,15,86,1,-106,15,67,1,-120,15,-2,0,-106,15,0,0,0,0,48,0,-24,15,-44,15,51,0,-129,15,129,0,90,15,-59,0,82,15,-31,0,104,15,-54,0,-117,15,-115,0,-83,15,69,0,-63,15,-14,15,-55,15,-103,15,-66,15,66,15,-102,15,4,15,123,15]"
CSI_DATA,6154,d8:b1:90:d9:de:f0,-42,9,-99,-35,43,104,438273398,108,0,106,0,"[-135,0,-134,0,-87,0,-54,0,-57,0,-28,0,-64,0,-53,0,-105,0,-95,0,111,0,135,0,16,0,87,0,-103,16,41,0,39,16,11,0,-71,15,1,0,-122,15,14,0,-98,15,30,0,-15,15,33,0,0,0,0,0,-66,16,21,0,55,0,-47,16,-119,0,-116,16,-53,0,95,16,-38,0,75,16,-65,0,98,16,-118,0,-130,16,107,0,-59,16,68,0,23,0,43,0,119,0,44,0,-61,0,63,0,9,1,105,0]"
CSI_DATA,6155,d8:b1:90:d9:de:f0,-43,9,-99,-37,44,104,438324360,321,0,106,0,"[-122,15,93,15,118,15,19,15,97,15,2,15,97,15,26,15,122,15,75,15,-92,15,124,15,-18,15,-92,15,86,0,-56,15,-54,0,-40,15,42,1,-54,15,89,1,-83,15,62,1,-113,15,-7,0,-110,15,0,0,0,0,72,0,-27,15,-2,15,63,0,-51,15,-94,0,-68,15,-17,0,-57,15,12,1,-39,15,-12,0,-31,15,-75,0,-40,15,110,0,-64,15,32,0,-122,15,-36,15,66,15,-88,15,2,15,-95,15,-25,14]"
CSI_DATA,6156,d8:b1:90:d9:de:f0,-43,9,-99,-38,45,104,438325485,321,0,106,0,"[-53,0,33,0,12,0,68,0,42,0,72,0,27,0,66,0,-30,0,53,0,-92,0,44,0,55,0,53,0,-48,14,76,0,85,14,-120,0,0,14,-68,0,-29,13,-37,0,-4,13,-29,0,54,14,-58,0,0,0,0,0,-49,14,40,0,0,14,-57,14,36,0,74,14,40,0,0,14,32,0,-26,13,21,0,0,14,19,0,68,14,29,0,-99,14,56,0,-21,14,105,0,53,0,-81,0,115,0,-14,0,-105,0,6,0]"
CSI_DATA,6157,d8:b1:90:d9:de:f0,-44,9,-99,-36,45,104,438325760,321,0,106,0,"[-54,13,-57,0,-92,13,0,0,-92,13,31,0,-75,13,13,0,-60,13,-31,0,-49,13,-94,0,-50,13,49,0,-72,13,-47,13,-114,13,78,13,68,13,3,13,26,13,-16,12,18,13,5,13,45,13,59,13,0,0,0,0,-43,13,-41,13,56,0,-2,13,-71,0,14,0,2,0,8,0,25,0,-7,13,-1,0,-11,13,-65,0,-8,13,99,0,14,0,31,0,47,0,-27,13,104,0,-70,13,-55,0,-75,13,7,0,-40,13]"
CSI_DATA,6158,d8:b1:90:d9:de:f0,-43,9,-99,-38,45,104,438325955,321,0,106,0,"[118,14,-93,0,63,14,-45,0,50,14,-19,0,76,14,-29,0,112,14,-66,0,-95,14,118,0,-67,14,34,0,-55,14,-71,14,-67,14,54,14,-98,14,-31,13,113,14,-69,13,88,14,-45,13,101,14,20,14,0,0,0,0,-36,14,-54,14,59,0,6,0,-81,0,51,0,-5,0,61,0,24,0,45,0,-1,0,28,0,-70,0,22,0,99,0,29,0,24,0,57,0,-42,14,103,0,-100,14,-71,0,-109,14,-3,0,-74,14]"
CSI_DATA,6159,d8:b1:90:d9:de:f0,-43,11,-99,-38,45,104,438481579,277,0,106,0,"[75,0,69,14,-116,0,13,14,-107,0,-15,13,113,0,0,14,93,0,41,14,74,0,104,14,68,0,-55,14,84,0,51,0,-115,0,-84,0,-67,0,-5,0,-30,0,23,0,-16,0,0,0,-50,0,-58,0,0,0,0,0,49,0,50,0,-63,14,16,0,68,14,2,0,-13,13,13,0,-42,13,32,0,-11,13,39,0,52,14,30,0,116,14,3,0,-59,14,-38,14,-4,14,-106,14,29,0,57,14,27,0,-11,13,-7,14]"
CSI_DATA,6160,d8:b1:90:d9:de:f0,-43,9,-99,-35,44,104,438482069,98,0,106,0,"[-99,14,88,14,116,14,20,14,83,14,5,14,76,14,34,14,100,14,79,14,-101,14,-116,14,-26,14,-74,14,83,0,-55,14,-47,0,-58,14,42,0,-90,14,74,0,118,14,44,0,86,14,-27,0,96,14,0,0,0,0,52,0,-39,14,-5,14,66,0,-27,14,-68,0,-19,14,15,0,11,0,44,0,32,0,12,0,34,0,-54,0,10,0,120,0,-33,14,50,0,-103,14,-3,14,62,14,-33,14,-12,13,-15,14,-32,13]"
CSI_DATA,6161,d8:b1:90:d9:de:f0,-41,11,-99,-36,43,104,438503662,100,0,114,0,"[14,28,14,30,13,32,12,34,10,34,8,34,6,33,6,32,6,30,6,30,6,28,6,28,6,28,6,29,7,30,7,31,7,31,7,33,8,34,8,34,8,35,8,35,10,35,10,34,8,33,7,33,8,32,8,32,0,0,8,31,6,31,7,32,8,33,7,34,7,34,8,33,8,34,8,32,8,31,8,31,7,29,8,26,8,25,7,25,7,24,7,23,7,23,8,24,8,24,10,25,8,26,8,28,8,28,7,28,6,26,4,26,2,24]"
CSI_DATA,6162,d8:b1:90:d9:de:f0,-42,9,-99,-37,44,104,438538802,130,0,106,0,"[66,0,62,15,101,0,-17,14,100,0,-44,14,80,0,-18,14,55,0,37,15,51,0,118,15,60,0,-48,15,82,0,64,0,126,0,-86,0,-85,0,-5,0,-52,0,32,1,-39,0,5,1,-87,0,-69,0,0,0,0,0,26,0,47,0,-87,15,0,0,65,15,-30,15,-11,14,-41,15,-42,14,-33,15,-2,14,-27,15,74,15,-28,15,-110,15,-41,15,-25,15,-65,15,48,0,-126,15,106,0,69,15,-129,0,9,15,102,0]"
CSI_DATA,6163,d8:b1:90:d9:de:f0,-42,9,-99,-38,44,104,438591337,124,0,106,0,"[-78,15,-81,0,-126,15,-9,0,-126,15,31,1,-100,15,18,1,-70,15,-25,0,-57,15,-103,0,-67,15,80,0,-105,15,-31,15,100,15,131,15,34,15,61,15,-18,14,36,15,-36,14,76,15,10,15,-134,15,0,0,0,0,-72,15,-20,15,59,0,-13,15,-94,0,-31,15,-11,0,-73,15,8,1,-108,15,-23,0,-116,15,-86,0,-92,15,116,0,-46,15,63,0,18,0,37,0,103,0,34,0,-74,0,66,0,-10,0,123,0]"
CSI_DATA,6164,d8:b1:90:d9:de:f0,-42,9,-99,-35,43,104,438630410,252,0,106,0,"[-124,0,-138,16,-55,0,92,16,-46,0,53,16,-81,0,55,16,-130,0,83,16,114,0,-128,16,91,0,-40,16,104,0,76,0,-128,0,-90,0,-67,0,-11,0,-2,0,5,1,20,1,-34,0,-22,0,-113,0,0,0,0,0,77,0,32,0,-56,16,29,0,102,16,57,0,23,16,112,0,3,16,-123,0,43,16,-116,0,102,16,128,0,-119,16,74,0,-80,16,-2,16,-80,16,-85,16,-114,16,102,16,109,16,46,16,45,16]"
CSI_DATA,6165,d8:b1:90:d9:de:f0,-42,9,-99,-38,44,104,438899821,130,0,106,0,"[-129,15,-109,0,64,15,-61,0,42,15,-32,0,61,15,-50,0,100,15,-94,0,-134,15,108,0,-103,15,14,0,-77,15,-97,15,-61,15,42,15,-62,15,-59,14,-70,15,-101,14,-84,15,-78,14,-75,15,-7,14,0,0,0,0,-8,15,-83,15,62,0,22,0,-126,0,110,0,-62,0,-106,0,-36,0,-92,0,-57,0,-108,0,-116,0,129,0,76,0,104,0,-2,15,87,0,-94,15,83,0,83,15,100,0,27,15,-134,0,33,15]"
CSI_DATA,6166,d8:b1:90:d9:de:f0,-42,9,-99,-37,44,104,438899983,113,0,106,0,"[37,0,63,15,64,0,-19,14,61,0,-49,14,40,0,-27,14,25,0,25,15,30,0,108,15,50,0,-58,15,96,0,58,0,-95,0,-98,0,-25,0,-30,0,21,1,-9,0,27,1,-48,0,-21,0,-108,0,0,0,0,0,55,0,27,0,-61,15,-5,15,80,15,-15,15,-5,14,-5,15,-29,14,15,0,-1,14,25,0,67,15,14,0,-113,15,-9,15,-38,15,-50,15,24,0,-117,15,72,0,64,15,85,0,-3,14,44,0]"
CSI_DATA,6167,d8:b1:90:d9:de:f0,-42,9,-99,-38,44,104,438900137,98,0,106,0,"[-5,15,59,15,23,0,-24,14,15,0,-52,14,9,0,-30,14,10,0,25,15,26,0,101,15,63,0,-82,15,127,0,20,0,-58,0,111,0,13,1,-88,0,59,1,-73,0,54,1,-98,0,-11,0,127,0,0,0,0,0,70,0,33,0,-51,15,34,0,98,15,40,0,14,15,67,0,-13,14,83,0,16,15,74,0,75,15,51,0,-134,15,8,0,-75,15,-51,15,-30,15,-131,15,-3,15,55,15,-10,15,-12,14,-50,15]"
CSI_DATA,6168,d8:b1:90:d9:de:f0,-41,11,-99,-36,43,104,439108275,277,0,106,0,"[56,16,-20,16,-33,15,-34,16,-65,15,-20,16,-39,15,-1,16,26,16,3,0,104,16,-13,16,-93,16,-62,16,0,0,-139,16,87,0,50,16,139,0,-43,15,138,0,-90,15,108,0,-76,15,69,0,5,16,0,0,0,0,25,0,-59,16,57,0,68,0,115,0,-103,0,-115,0,-40,0,-86,0,-19,0,-104,0,-54,0,140,0,-109,0,74,0,127,0,-2,16,89,0,-93,16,79,0,109,16,86,0,48,16,126,0,56,16]"
CSI_DATA,6169,d8:b1:90:d9:de:f0,-42,9,-99,-37,44,104,439108720,128,0,106,0,"[86,15,-122,15,21,15,98,15,-18,14,102,15,-3,14,-123,15,44,15,-94,15,113,15,-77,15,-58,15,-81,15,45,0,-117,15,-116,0,80,15,-59,0,11,15,-53,0,-30,14,-94,0,-28,14,115,0,20,15,0,0,0,0,31,0,-53,15,39,0,71,0,77,0,-80,0,126,0,-15,0,-104,0,-7,0,-108,0,-40,0,120,0,-95,0,64,0,120,0,-2,15,84,0,-82,15,76,0,102,15,90,0,58,15,-131,0,72,15]"
CSI_DATA,6170,d8:b1:90:d9:de:f0,-43,9,-99,-36,44,104,439317637,165,0,106,0,"[-98,15,57,15,126,15,-22,14,97,15,-39,14,94,15,-9,14,118,15,45,15,-93,15,102,15,-20,15,-96,15,81,0,-44,15,-59,0,-12,15,38,1,-7,15,82,1,-21,15,70,1,-47,15,5,1,-47,15,0,0,0,0,65,0,4,0,-26,15,74,0,-102,15,-96,0,120,15,-22,0,124,15,10,1,-102,15,-8,0,-72,15,-70,0,-50,15,110,0,-43,15,27,0,-60,15,-59,15,-96,15,111,15,102,15,64,15,59,15]"
CSI_DATA,6171,d8:b1:90:d9:de:f0,-42,9,-99,-37,44,104,439317788,185,0,106,0,"[56,0,30,15,93,0,-45,14,85,0,-75,14,78,0,-49,14,65,0,4,15,54,0,75,15,72,0,-101,15,113,0,1,0,-87,0,102,0,-33,0,-79,0,16,1,-47,0,18,1,-60,0,-34,0,-110,0,0,0,0,0,55,0,65,0,-62,15,65,0,90,15,81,0,12,15,107,0,-18,14,128,0,14,15,121,0,78,15,95,0,-125,15,49,0,-64,15,-11,15,-29,15,-90,15,-13,15,86,15,-29,15,13,15,-67,15]"
CSI_DATA,6172,d8:b1:90:d9:de:f0,-43,9,-99,-36,44,104,439317975,98,0,106,0,"[52,15,95,0,-23,14,-127,0,-42,14,-93,0,-6,14,-83,0,52,15,-110,0,107,15,105,0,-93,15,25,0,-52,15,-74,15,-35,15,61,15,-41,15,-37,14,-70,15,-77,14,-94,15,-58,14,-94,15,10,15,0,0,0,0,-12,15,-63,15,76,0,10,0,-76,0,63,0,4,1,75,0,40,1,54,0,10,1,31,0,-61,0,13,0,122,0,14,0,40,0,34,0,-35,15,78,0,-97,15,-111,0,-113,15,-32,0,-79,15]"
CSI_DATA,6173,d8:b1:90:d9:de:f0,-43,9,-99,-38,45,104,439318134,113,0,106,0,"[-49,0,84,0,18,0,118,0,52,0,107,0,35,0,81,0,-7,0,59,0,-76,0,37,0,84,0,48,0,-10,14,86,0,-105,14,-91,0,80,14,-26,0,63,14,25,0,98,14,31,0,-98,14,-10,0,0,0,0,0,-36,14,53,0,-47,14,-54,14,-84,14,90,14,107,14,28,14,73,14,19,14,72,14,52,14,104,14,107,14,-75,14,-84,14,-8,14,-50,14,69,0,-38,14,-87,0,-51,14,-35,0,-97,14,-36,0]"
CSI_DATA,6174,d8:b1:90:d9:de:f0,-43,9,-99,-36,44,104,439318270,130,0,106,0,"[122,15,-75,0,76,15,-8,0,80,15,33,1,116,15,24,1,-101,15,-23,0,-66,15,-89,0,-64,15,77,0,-87,15,-31,15,115,15,117,15,48,15,48,15,2,15,31,15,-14,14,69,15,24,15,125,15,0,0,0,0,-47,15,-41,15,67,0,-43,15,-80,0,-73,15,-14,0,-122,15,-5,0,95,15,-46,0,89,15,-106,0,120,15,95,0,-77,15,51,0,-11,15,37,0,79,0,46,0,-86,0,98,0,-30,0,-106,0]"
CSI_DATA,6175,d8:b1:90:d9:de:f0,-45,11,-99,-36,46,104,439503986,100,0,228,0,"[-8,0,-11,3,-14,5,-16,7,-18,7,-19,7,-19,7,98,58,-18,6,-16,5,-14,5,-12,5,-9,5,-7,5,-3,6,0,6,3,7,6,9,9,11,12,12,15,14,27,-46,16,15,15,15,15,15,13,14,11,12,9,11,0,0,6,4,4,2,3,0,1,-4,1,-8,1,-11,7,0,1,-16,1,-18,2,-19,1,-18,1,-16,0,-15,0,-12,0,-10,0,-7,-2,-5,-3,-3,-4,-2,-7,0,-84,11,-11,3,-14,3,-15,3,-16,3,-17,2,-16,0,-14,0,-8,-14,-19,-5,-19,8,-8,19,6,19,15,7,14,-4,-15,-3,-5,-7,-6,0,0,6,7,3,8,-4,2,-12,-9,-11,-17,-1,-15,13,-1,21,14,15,22,1,15,-13,16,-3,-11,-11,-11,1,-3,8,4,5,7,-3,0,-9,0,0,-13,3,-7,14,5,17,18,9,20,-5,10,-18,-3,-34,-15,-9,-15,3,-6,10,1,8,4,3,1,-1,-1,0,-1,3,3,6,8,3,9,-4,3,-11,-6,-12,-23,-4,-14,5,-7,13,3,14,11,5,9,-3,3,-7,-3,-4]"
CSI_DATA,6176,d8:b1:90:d9:de:f0,-42,11,-99,-37,44,104,439526072,277,0,106,0,"[96,0,64,15,-131,0,-4,14,120,0,-40,14,89,0,-19,14,64,0,31,15,52,0,103,15,71,0,-69,15,120,0,23,0,-64,0,107,0,8,1,-108,0,58,1,-101,0,58,1,127,0,1,1,82,0,0,0,0,0,73,0,38,0,-37,15,66,0,-129,15,126,0,80,15,-83,0,74,15,-46,0,103,15,-57,0,-118,15,-102,0,-86,15,95,0,-68,15,19,0,-86,15,-60,15,-131,15,123,15,66,15,91,15,22,15]"
CSI_DATA,6177,d8:b1:90:d9:de:f0,-43,9,-99,-36,44,104,439526526,318,0,106,0,"[95,0,-70,0,124,0,9,1,-114,0,26,1,-125,0,0,1,107,0,-51,0,61,0,-112,0,-10,15,82,0,-107,15,16,0,44,15,-44,15,-43,14,-75,15,-92,14,-80,15,-73,14,-57,15,-10,14,-36,15,0,0,0,0,-62,15,-25,15,51,0,-46,15,-98,0,-78,15,-29,0,-119,15,-8,0,115,15,-38,0,123,15,-90,0,-98,15,107,0,-42,15,52,0,21,0,7,0,94,0,-25,15,-73,0,-18,15,2,1,17,0]"
CSI_DATA,6178,d8:b1:90:d9:de:f0,-42,9,-99,-38,44,104,439526748,338,0,106,0,"[-72,15,-64,0,-103,15,18,1,-99,15,51,1,-77,15,24,1,-61,15,-29,0,-52,15,-113,0,-65,15,55,0,-97,15,-61,15,123,15,90,15,74,15,7,15,36,15,-23,14,32,15,2,15,69,15,63,15,0,0,0,0,-42,15,-56,15,70,0,-7,15,-83,0,27,0,1,1,32,0,33,1,23,0,2,1,16,0,-67,0,11,0,123,0,18,0,37,0,45,0,-44,15,95,0,-116,15,-111,0,119,15,-41,0,-129,15]"
CSI_DATA,6179,d8:b1:90:d9:de:f0,-42,9,-99,-36,43,104,439526960,318,0,106,0,"[-129,0,-114,0,-87,0,-35,0,-62,0,-23,0,-74,0,-43,0,-115,0,-93,0,100,0,-134,0,10,0,108,0,-108,16,76,0,53,16,61,0,-54,15,57,0,-97,15,72,0,-79,15,78,0,1,16,66,0,0,0,0,0,-88,16,3,0,4,0,-85,16,86,0,109,16,130,0,35,16,-142,0,6,16,130,0,32,16,99,0,98,16,78,0,-113,16,75,0,-22,16,86,0,70,0,125,0,-127,0,-113,0,-62,0,-68,0]"
CSI_DATA,6180,d8:b1:90:d9:de:f0,-43,9,-99,-36,44,104,439527146,338,0,106,0,"[118,0,75,15,-81,0,20,15,-72,0,-5,14,-93,0,12,15,127,0,56,15,102,0,125,15,93,0,-40,15,97,0,72,0,118,0,-67,0,-102,0,16,1,-77,0,50,1,-68,0,22,1,-96,0,-34,0,0,0,0,0,26,0,74,0,-75,15,26,0,80,15,-11,15,1,15,-20,15,-28,14,-13,15,-4,14,-3,15,60,15,-9,15,-126,15,-24,15,-50,15,-53,15,19,0,-104,15,79,0,83,15,97,0,16,15,70,0]"
CSI_DATA,6181,d8:b1:90:d9:de:f0,-43,9,-99,-36,44,104,439735443,130,0,106,0,"[-116,15,48,15,88,15,-7,14,52,15,-1,14,46,15,43,15,83,15,93,15,-116,15,-120,15,-35,15,-90,15,70,0,-84,15,-84,0,-106,15,-9,0,105,15,1,1,71,15,-36,0,70,15,-96,0,99,15,0,0,0,0,43,0,2,0,24,0,104,0,42,0,-46,0,74,0,15,1,103,0,17,1,105,0,-19,0,86,0,-84,0,41,0,113,0,-18,15,63,0,-89,15,33,0,89,15,32,0,34,15,58,0,36,15]"
CSI_DATA,6182,d8:b1:90:d9:de:f0,-43,9,-99,-37,45,104,439735605,108,0,106,0,"[-34,0,108,0,34,0,-107,0,63,0,106,0,40,0,66,0,-11,0,38,0,-80,0,36,0,79,0,55,0,-1,13,104,0,-70,13,-55,0,-101,13,11,0,-93,13,44,0,-62,13,32,0,-31,13,-24,0,0,0,0,0,-32,13,28,0,-83,13,-65,13,82,13,103,13,20,13,77,13,-7,12,91,13,11,13,-110,13,64,13,-73,13,-99,13,-61,13,-32,13,-59,13,32,0,-86,13,88,0,103,13,110,0,53,13,82,0]"
CSI_DATA,6183,d8:b1:90:d9:de:f0,-43,9,-99,-36,44,104,439735768,224,0,106,0,"[42,15,109,0,-10,14,-90,0,-5,14,-47,0,43,15,-41,0,102,15,-79,0,-113,15,123,0,-88,15,34,0,-93,15,-61,15,-127,15,95,15,83,15,29,15,40,15,26,15,33,15,64,15,77,15,123,15,0,0,0,0,-9,15,-38,15,101,0,-49,15,-57,0,-85,15,-10,0,119,15,-11,0,84,15,-56,0,88,15,-118,0,126,15,94,0,-76,15,64,0,-5,15,63,0,73,0,90,0,-114,0,-118,0,-73,0,-81,0]"
CSI_DATA,6184,d8:b1:90:d9:de:f0,-42,9,-99,-37,44,104,439735931,98,0,106,0,"[11,0,9,15,1,0,-64,14,-33,15,-85,14,-54,15,-44,14,-54,15,14,15,-34,15,86,15,23,0,-117,15,109,0,-71,15,-52,0,-50,15,22,1,-55,15,55,1,-76,15,31,1,-92,15,-47,0,-81,15,0,0,0,0,61,0,8,0,18,0,121,0,5,0,-46,0,19,0,26,1,44,0,44,1,57,0,2,1,47,0,-67,0,20,0,-128,0,-29,15,80,0,-96,15,49,0,89,15,40,0,41,15,68,0,41,15]"
CSI_DATA,6185,d8:b1:90:d9:de:f0,-42,11,-99,-38,44,104,440361667,277,0,106,0,"[-92,0,7,0,-1,0,34,0,42,1,31,0,23,1,28,0,-28,0,39,0,-103,0,49,0,73,0,74,0,-31,15,120,0,118,15,-86,0,38,15,-36,0,6,15,-7,0,29,15,-19,0,90,15,-68,0,0,0,0,0,-11,15,62,0,58,0,-61,15,108,0,105,15,-131,0,25,15,-122,0,-3,14,-133,0,25,15,108,0,92,15,97,0,-95,15,83,0,-7,15,86,0,84,0,106,0,-95,0,-132,0,-42,0,-103,0]"
CSI_DATA,6186,d8:b1:90:d9:de:f0,-43,9,-99,-41,45,104,440362148,101,0,106,0,"[93,15,-14,15,-4,14,-18,15,-44,14,2,0,-21,14,19,0,33,15,22,0,108,15,6,0,-73,15,-39,15,26,0,-110,15,109,0,64,15,-107,0,-18,14,-98,0,-65,14,120,0,-60,14,64,0,1,15,0,0,0,0,-36,15,-52,15,-57,15,79,0,-48,15,-63,0,-22,15,19,1,7,0,45,1,25,0,6,1,16,0,-67,0,-6,15,115,0,-47,15,40,0,-111,15,-26,15,77,15,-78,15,10,15,-85,15,-7,14]"
CSI_DATA,6187,d8:b1:90:d9:de:f0,-43,9,-99,-37,44,104,440362253,192,0,106,0,"[-93,0,-34,15,5,1,-34,15,46,1,-55,15,28,1,-61,15,-26,0,-47,15,-90,0,-17,15,97,0,41,0,19,0,125,0,-51,15,-36,0,-97,15,50,1,-98,15,97,1,-76,15,79,1,-41,15,7,1,0,0,0,0,23,0,58,0,8,0,-77,15,-19,15,65,15,-55,15,-14,14,-76,15,-31,14,-74,15,-4,14,-51,15,61,15,-12,15,-131,15,45,0,-65,15,119,0,-18,15,-59,0,16,0,3,1,19,0,18,1]"
CSI_DATA,6188,d8:b1:90:d9:de:f0,-43,9,-99,-37,44,104,440362399,212,0,106,0,"[-100,15,-124,0,92,15,-54,0,65,15,-27,0,74,15,-46,0,98,15,-99,0,-127,15,92,0,-80,15,1,0,-23,15,-109,15,31,0,41,15,80,0,-51,14,101,0,-91,14,91,0,-74,14,64,0,0,15,0,0,0,0,-30,15,-59,15,-74,15,58,0,-112,15,-88,0,126,15,-12,0,120,15,11,1,130,15,-28,0,-111,15,-101,0,-85,15,79,0,-61,15,-12,15,-46,15,-104,15,-29,15,64,15,-37,15,-2,14,-54,15]"
CSI_DATA,6189,d8:b1:90:d9:de:f0,-43,9,-99,-37,44,104,440362567,98,0,106,0,"[86,15,-8,15,-8,14,-25,15,-49,14,-12,15,-28,14,-2,15,18,15,5,0,89,15,-11,15,-92,15,-53,15,0,0,-126,15,77,0,44,15,130,0,-33,14,-130,0,-83,14,97,0,-75,14,51,0,-9,14,0,0,0,0,-20,15,-57,15,-9,15,75,0,19,0,-69,0,60,0,10,1,92,0,30,1,94,0,-4,0,69,0,-64,0,21,0,129,0,-34,15,68,0,-115,15,29,0,58,15,12,0,-1,14,27,0,-11,14]"
CSI_DATA,6190,d8:b1:90:d9:de:f0,-41,11,-99,-33,42,104,440503990,100,0,114,0,"[17,27,16,30,15,34,13,34,12,36,11,35,9,36,8,33,8,32,6,32,6,31,6,31,6,30,8,30,8,31,8,33,9,34,9,35,9,36,10,36,10,36,10,38,10,38,10,38,10,35,9,34,9,33,10,32,0,0,9,33,9,33,8,32,9,34,9,34,9,35,10,34,9,35,9,33,10,32,10,31,9,28,9,28,9,26,8,25,9,25,8,24,9,23,10,24,9,25,10,26,9,27,10,28,9,28,8,28,6,27,4,27,2,25]"
CSI_DATA,6191,d8:b1:90:d9:de:f0,-43,11,-99,-35,44,104,440570566,277,0,106,0,"[0,0,18,14,-2,14,-50,13,-22,14,-64,13,-40,14,-29,13,-37,14,37,14,-7,14,106,14,40,0,-61,14,123,0,11,0,-28,0,68,0,56,0,84,0,87,0,74,0,63,0,41,0,-4,0,20,0,0,0,0,0,55,0,40,0,-34,14,96,0,-101,14,-77,0,120,14,-27,0,-124,14,-12,0,-97,14,-40,0,-72,14,-102,0,-63,14,76,0,-62,14,4,0,-83,14,-70,14,123,14,115,14,72,14,82,14,41,14]"
CSI_DATA,6192,d8:b1:90:d9:de:f0,-42,9,-99,-37,44,104,440571056,130,0,106,0,"[42,15,-118,15,-26,14,124,15,-53,14,-113,15,-23,14,-71,15,41,15,-36,15,123,15,-30,15,-44,15,-59,15,58,0,-118,15,-126,0,54,15,-93,0,-30,14,-111,0,-73,14,99,0,-57,14,60,0,9,15,0,0,0,0,48,0,-44,15,101,0,52,0,-89,0,125,0,-27,0,-116,0,-9,0,-130,0,-36,0,97,0,-104,0,69,0,80,0,56,0,7,0,58,0,-67,15,94,0,-125,15,-113,0,119,15,-49,0,-107,15]"
CSI_DATA,6193,d8:b1:90:d9:de:f0,-42,9,-99,-38,44,104,440779964,98,0,106,0,"[-133,15,103,15,87,15,19,15,65,15,-6,14,75,15,20,15,116,15,65,15,-93,15,124,15,-9,15,-77,15,98,0,-2,15,-59,0,66,0,38,1,112,0,82,1,121,0,72,1,105,0,5,1,77,0,0,0,0,0,59,0,9,0,-69,15,-4,15,78,15,-5,15,-5,14,5,0,-33,14,18,0,-2,14,18,0,66,15,9,0,-121,15,-6,15,-32,15,-30,15,54,0,-69,15,-132,0,-121,15,-87,0,94,15,-95,0]"
CSI_DATA,6194,d8:b1:90:d9:de:f0,-42,11,-99,-37,44,104,441197262,277,0,106,0,"[-54,0,-47,15,21,1,-56,15,39,1,-87,15,8,1,-101,15,-44,0,-94,15,-102,0,-61,15,101,0,4,0,66,0,103,0,58,0,-45,0,81,0,46,1,125,0,81,1,-104,0,46,1,-113,0,-34,0,0,0,0,0,33,0,49,0,-80,15,3,0,65,15,-9,15,-21,14,15,0,-46,14,54,0,-10,14,72,0,63,15,66,0,130,15,37,0,-78,15,-21,15,-48,15,-98,15,-52,15,79,15,-94,15,22,15,115,15]"
CSI_DATA,6195,d8:b1:90:d9:de:f0,-42,9,-99,-39,44,104,441197752,108,0,106,0,"[93,16,-125,16,45,16,78,16,17,16,59,16,30,16,79,16,85,16,111,16,-126,16,-136,16,-30,16,-106,16,83,0,-95,16,-61,0,-102,16,39,1,-118,16,81,1,138,16,64,1,126,16,-13,0,-121,16,0,0,0,0,64,0,-27,16,-18,16,81,0,-82,16,-90,0,-119,16,-4,0,-126,16,34,1,-109,16,2,1,-86,16,-68,0,-74,16,129,0,-79,16,41,0,-109,16,-49,16,125,16,-133,16,69,16,98,16,34,16]"
CSI_DATA,6196,d8:b1:90:d9:de:f0,-42,9,-99,-38,44,104,441406615,130,0,106,0,"[-4,15,40,15,-3,15,-34,14,-30,15,-58,14,-54,15,-26,14,-60,15,32,15,-39,15,103,15,14,0,-95,15,111,0,-27,15,-40,0,10,0,56,1,14,0,106,1,-23,15,86,1,-63,15,10,1,-79,15,0,0,0,0,85,0,-25,15,13,0,72,0,-25,15,-90,0,-20,15,-6,0,6,0,23,1,27,0,-10,0,36,0,-80,0,19,0,116,0,-31,15,44,0,-106,15,0,0,73,15,-18,15,-4,14,8,0,-15,14]"
CSI_DATA,6197,d8:b1:90:d9:de:f0,-43,9,-99,-35,44,104,441406732,113,0,106,0,"[96,0,-56,0,97,0,19,0,100,0,39,0,88,0,16,0,66,0,-33,0,29,0,-94,0,-28,14,83,0,-102,14,3,0,55,14,-73,14,-22,13,119,14,-66,13,99,14,-62,13,112,14,-5,13,-107,14,0,0,0,0,-68,14,-47,14,49,0,-48,14,-94,0,-65,14,-20,0,-83,14,6,0,-96,14,-20,0,-87,14,-78,0,-60,14,103,0,-21,14,39,0,28,0,-12,14,95,0,-57,14,-69,0,-68,14,-3,0,-40,14]"
CSI_DATA,6198,d8:b1:90:d9:de:f0,-43,9,-99,-36,44,104,441406859,98,0,106,0,"[-83,0,125,0,-36,0,-70,0,-12,0,-57,0,-26,0,-77,0,-77,0,-118,0,115,0,107,0,21,0,73,0,-88,15,47,0,42,15,38,0,-56,14,43,0,-95,14,61,0,-84,14,79,0,-19,14,64,0,0,0,0,0,-73,15,13,0,20,0,-62,15,96,0,110,15,-119,0,46,15,-106,0,18,15,-127,0,40,15,93,0,101,15,63,0,-85,15,40,0,-4,15,43,0,92,0,67,0,-76,0,108,0,-12,0,-104,0]"
CSI_DATA,6199,d8:b1:90:d9:de:f0,-45,11,-99,-36,46,104,441503693,100,0,228,0,"[-8,0,-11,0,-14,2,-16,3,-19,3,-19,4,-20,3,98,58,-19,3,-17,2,-15,1,-13,1,-11,2,-8,3,-4,3,-2,4,0,7,3,9,7,12,8,15,11,17,27,-46,11,20,11,20,9,19,8,19,7,16,4,14,0,0,3,7,2,4,3,0,3,-3,4,-7,6,-10,70,0,8,-14,9,-15,10,-15,10,-14,10,-13,8,-11,7,-9,5,-7,3,-6,1,-4,0,-3,-3,-3,-6,-2,-80,11,-12,-3,-15,-3,-16,-5,-17,-7,-15,-7,-14,-9,-11,-9,-8,-15,-19,-7,-21,7,-11,19,4,20,15,11,16,-2,-13,-7,-3,-8,-7,-1,-3,5,4,4,8,-2,3,-11,-6,-12,-15,-5,-17,8,-7,19,8,19,20,7,19,-7,18,1,-6,-14,-11,-3,-7,4,1,5,6,0,2,-7,0,0,-14,0,-12,11,0,19,13,15,22,3,17,-12,11,-32,-10,-16,-15,-4,-11,6,-3,9,3,5,2,0,-1,-1,-3,2,0,7,4,7,11,1,10,-6,3,-13,-16,-15,-13,-4,-12,5,-5,11,3,10,7,3,5,-3,0,-3]"
CSI_DATA,6200,d8:b1:90:d9:de:f0,-43,11,-99,-36,44,104,441823958,277,0,106,0,"[-34,0,-40,15,50,1,-24,15,71,1,-17,15,38,1,-4,15,-27,0,10,0,-108,0,21,0,46,0,36,0,-78,15,49,0,58,15,72,0,-50,14,81,0,-93,14,83,0,-75,14,82,0,-1,14,59,0,0,0,0,0,-55,15,11,0,56,0,-38,15,-85,0,-73,15,-18,0,-103,15,4,1,-112,15,-27,0,-93,15,-88,0,-57,15,98,0,-23,15,19,0,28,0,-58,15,78,0,119,15,-125,0,79,15,-61,0,89,15]"
CSI_DATA,6201,d8:b1:90:d9:de:f0,-43,9,-99,-36,44,104,441824439,113,0,106,0,"[-127,15,61,15,94,15,-4,14,68,15,-8,14,70,15,30,15,105,15,84,15,-101,15,-122,15,-16,15,-73,15,93,0,-41,15,-46,0,-30,15,50,1,-45,15,88,1,-78,15,64,1,-103,15,-8,0,-101,15,0,0,0,0,60,0,-23,15,-7,15,66,0,-61,15,-91,0,-73,15,-16,0,-58,15,15,1,-37,15,-12,0,-22,15,-77,0,-21,15,103,0,-45,15,27,0,-92,15,-47,15,99,15,-105,15,26,15,-117,15,-4,14]"
CSI_DATA,6202,d8:b1:90:d9:de:f0,-43,9,-99,-36,44,104,441824566,120,0,106,0,"[89,15,-105,0,18,15,-68,0,1,15,-56,0,28,15,-82,0,71,15,-120,0,-125,15,78,0,-59,15,4,0,19,0,-91,15,94,0,64,15,-113,0,-20,14,-89,0,-65,14,-111,0,-52,14,107,0,9,15,0,0,0,0,23,0,-54,15,-1,15,68,0,-19,15,-78,0,-23,15,3,1,-15,15,27,1,-10,15,-7,0,-11,15,-78,0,-16,15,98,0,-28,15,9,0,-53,15,-78,15,-94,15,91,15,115,15,40,15,78,15]"
CSI_DATA,6203,d8:b1:90:d9:de:f0,-42,9,-99,-34,43,104,441824688,120,0,106,0,"[-135,15,73,15,102,15,-9,14,93,15,-23,14,105,15,5,15,-123,15,58,15,-72,15,127,15,0,0,-65,15,96,0,28,0,-78,0,111,0,15,1,-91,0,58,1,-69,0,45,1,-94,0,-22,0,129,0,0,0,0,0,59,0,28,0,-66,15,-8,15,77,15,-25,15,-6,14,-29,15,-33,14,-25,15,7,15,-22,15,82,15,-16,15,-103,15,-20,15,-8,15,-31,15,87,0,-60,15,-93,0,-99,15,-40,0,114,15,-47,0]"
CSI_DATA,6204,d8:b1:90:d9:de:f0,-41,9,-99,-38,43,104,441887937,128,0,106,0,"[61,0,-42,0,71,0,39,1,90,0,55,1,98,0,19,1,83,0,-38,0,43,0,-111,0,-23,17,114,0,-125,17,38,0,64,17,-19,17,-46,16,-46,17,-106,16,-41,17,-96,16,-14,17,-15,16,-2,17,0,0,0,0,-108,17,-16,17,4,0,-82,17,93,0,131,17,142,0,53,17,-147,0,17,17,136,0,41,17,104,0,102,17,86,0,-123,17,83,0,-32,17,115,0,58,0,-133,0,140,0,-65,0,-116,0,-13,0]"
CSI_DATA,6205,d8:b1:90:d9:de:f0,-42,9,-99,-37,44,104,442033338,98,0,106,0,"[-72,0,-125,15,-5,0,103,15,12,1,84,15,-19,0,90,15,-67,0,128,15,-123,0,-80,15,81,0,3,0,32,0,115,0,-5,15,-29,0,-17,15,68,1,-14,15,107,1,2,0,86,1,7,0,21,1,0,0,0,0,-24,15,82,0,-83,15,-22,15,108,15,-103,15,45,15,104,15,31,15,95,15,52,15,113,15,112,15,-113,15,-83,15,-79,15,0,0,-59,15,95,0,-59,15,-75,0,-83,15,-14,0,-122,15,-17,0]"
CSI_DATA,6206,d8:b1:90:d9:de:f0,-41,9,-99,-37,43,104,442033470,130,0,106,0,"[47,17,54,0,-45,16,61,0,-71,16,79,0,-28,16,84,0,48,17,70,0,124,17,31,0,-84,17,-33,17,6,0,-122,17,83,0,62,17,128,0,-38,16,130,0,-88,16,108,0,-84,16,81,0,4,17,0,0,0,0,48,0,-79,17,90,0,45,0,136,0,-142,0,-106,0,-73,0,-83,0,-50,0,-108,0,-86,0,130,0,-147,0,64,0,107,0,-17,17,64,0,-116,17,40,0,78,17,40,0,-6,16,75,0,-1,16]"
CSI_DATA,6207,d8:b1:90:d9:de:f0,-42,11,-99,-36,43,104,442241756,277,0,106,0,"[-103,0,126,16,-30,0,83,16,-16,0,49,16,-53,0,49,16,-102,0,89,16,138,0,-142,16,105,0,-50,16,96,0,58,0,116,0,-98,0,-131,0,-1,0,-87,0,34,1,-66,0,11,1,-96,0,-56,0,0,0,0,0,49,0,85,0,-76,16,57,0,94,16,63,0,11,16,87,0,-16,15,117,0,12,16,122,0,80,16,100,0,142,16,58,0,-84,16,-4,16,-50,16,-90,16,-43,16,96,16,-77,16,26,16,-131,16]"
CSI_DATA,6208,d8:b1:90:d9:de:f0,-42,9,-99,-38,44,104,442242219,101,0,106,0,"[48,15,24,0,-32,14,7,0,-66,14,13,0,-43,14,16,0,13,15,9,0,87,15,-1,15,-91,15,-34,15,18,0,-91,15,122,0,105,15,-60,0,44,15,-27,0,2,15,-44,0,4,15,-90,0,48,15,0,0,0,0,63,0,-50,15,30,0,73,0,8,0,-75,0,9,0,14,1,16,0,44,1,18,0,16,1,14,0,-50,0,0,0,-132,0,-33,15,54,0,-83,15,-28,15,120,15,-103,15,51,15,131,15,12,15]"
CSI_DATA,6209,d8:b1:90:d9:de:f0,-43,9,-99,-36,44,104,442242351,266,0,106,0,"[-47,0,38,0,23,1,73,0,55,1,78,0,37,1,65,0,-20,0,55,0,-89,0,48,0,72,0,55,0,-35,15,79,0,101,15,121,0,17,15,-92,0,-22,14,-55,0,-5,14,-52,0,49,15,-87,0,0,0,0,0,-66,15,34,0,-13,15,-72,15,27,0,76,15,37,0,-8,14,35,0,-38,14,27,0,-13,14,17,0,50,15,25,0,124,15,43,0,-48,15,76,0,36,0,-127,0,114,0,-63,0,-102,0,-25,0]"
CSI_DATA,6210,d8:b1:90:d9:de:f0,-42,9,-99,-38,44,104,442242538,246,0,106,0,"[70,15,-105,15,8,15,106,15,-22,14,98,15,-6,14,113,15,47,15,-122,15,112,15,-92,15,-60,15,-78,15,56,0,-69,15,-85,0,-80,15,22,1,-113,15,64,1,-131,15,43,1,124,15,-21,0,-130,15,0,0,0,0,77,0,-24,15,-1,15,76,0,-62,15,-84,0,-91,15,-4,0,-86,15,30,1,-67,15,7,1,-48,15,-59,0,-41,15,133,0,-47,15,44,0,-76,15,-48,15,-128,15,-134,15,77,15,93,15,37,15]"
CSI_DATA,6211,d8:b1:90:d9:de:f0,-43,9,-99,-36,44,104,442451090,98,0,106,0,"[-67,15,-44,0,-98,15,30,1,-89,15,60,1,-56,15,46,1,-33,15,-4,0,-36,15,-72,0,-51,15,103,0,-104,15,9,0,73,15,-71,15,-8,14,-122,15,-65,14,-118,15,-71,14,-89,15,-20,14,-51,15,0,0,0,0,-82,15,-11,15,21,0,-48,15,116,0,-115,15,-91,0,68,15,-86,0,23,15,-122,0,30,15,88,0,76,15,59,0,-116,15,45,0,-33,15,63,0,49,0,114,0,127,0,-73,0,-90,0,-19,0]"
CSI_DATA,6212,d8:b1:90:d9:de:f0,-43,9,-99,-36,44,104,442451213,98,0,106,0,"[-60,15,-53,0,-104,15,16,1,-118,15,43,1,-108,15,25,1,-88,15,-28,0,-79,15,-98,0,-73,15,65,0,-74,15,-53,15,-87,15,81,15,-103,15,-23,14,-122,15,-66,14,126,15,-51,14,-115,15,2,15,0,0,0,0,-35,15,-65,15,40,0,27,0,123,0,112,0,-60,0,-93,0,-26,0,-87,0,-35,0,-103,0,-86,0,113,0,101,0,73,0,19,0,40,0,-73,15,19,0,84,15,20,0,10,15,44,0,-5,14]"
CSI_DATA,6213,d8:b1:90:d9:de:f0,-43,9,-99,-36,44,104,442451318,108,0,106,0,"[-35,0,-21,15,46,1,-24,15,70,1,-53,15,44,1,-74,15,-14,0,-70,15,-76,0,-54,15,112,0,4,0,59,0,88,0,23,0,-63,0,21,0,37,1,47,0,84,1,85,0,70,1,101,0,5,1,0,0,0,0,33,0,81,0,-57,15,8,0,96,15,-38,15,6,15,-36,15,-33,14,-6,15,-11,14,26,0,58,15,37,0,-126,15,25,0,-57,15,-12,15,-1,15,-80,15,29,0,89,15,5,0,9,15,-52,15]"
CSI_DATA,6214,d8:b1:90:d9:de:f0,-41,11,-99,-36,43,104,442503654,100,0,114,0,"[29,-15,33,-14,38,-12,38,-10,39,-7,38,-5,37,-4,35,-3,33,-2,32,-2,31,-1,31,-1,31,-1,31,-1,32,-1,34,-2,34,-1,37,-1,38,0,39,-1,35,-1,37,0,37,0,35,0,35,1,33,1,34,1,33,2,0,0,33,2,32,3,33,4,33,3,33,4,34,5,33,4,32,4,32,4,32,4,30,4,29,3,28,3,26,3,25,3,25,3,24,3,24,3,25,3,24,3,25,4,26,5,28,5,28,7,28,7,26,10,24,10,21,11]"
CSI_DATA,6215,d8:b1:90:d9:de:f0,-43,9,-99,-37,44,104,442660043,98,0,106,0,"[-46,0,102,0,29,1,-119,0,61,1,-127,0,44,1,107,0,-12,0,73,0,-88,0,53,0,79,0,60,0,-29,15,90,0,121,15,-116,0,47,15,-53,0,21,15,1,1,52,15,14,1,113,15,-25,0,0,0,0,0,-36,15,69,0,-27,15,-51,15,-37,15,98,15,-75,15,18,15,-106,15,-6,14,-116,15,29,15,-98,15,94,15,-57,15,-104,15,-2,15,-42,15,78,0,-4,15,-94,0,10,0,-25,0,-10,15,-10,0]"
CSI_DATA,6216,d8:b1:90:d9:de:f0,-42,11,-99,-36,44,104,442868452,277,0,106,0,"[89,0,-24,0,109,0,27,1,-127,0,29,1,127,0,-9,0,102,0,-60,0,60,0,-108,0,-10,15,106,0,-100,15,83,0,57,15,80,0,-21,14,99,0,-51,14,-127,0,-26,14,-115,0,45,15,122,0,0,0,0,0,-76,15,13,0,-49,15,-90,15,-49,15,73,15,-66,15,3,15,-90,15,-14,14,-89,15,22,15,-69,15,85,15,-24,15,-116,15,35,0,-74,15,112,0,-64,15,-67,0,-76,15,-20,0,-120,15,-35,0]"
CSI_DATA,6217,d8:b1:90:d9:de:f0,-43,9,-99,-34,44,104,442868906,128,0,106,0,"[36,14,108,0,-22,13,118,0,-30,13,-114,0,1,14,109,0,49,14,81,0,101,14,36,0,-81,14,-24,14,-22,14,-110,14,26,0,38,14,57,0,-35,13,60,0,-67,13,45,0,-53,13,34,0,10,14,0,0,0,0,32,0,-47,14,69,0,53,0,117,0,-98,0,-80,0,-46,0,-66,0,-33,0,-85,0,-61,0,107,0,-103,0,46,0,96,0,-24,14,63,0,-105,14,49,0,51,14,51,0,-2,13,81,0,0,14]"
CSI_DATA,6218,d8:b1:90:d9:de:f0,-43,9,-99,-34,44,104,442869028,98,0,106,0,"[-62,14,27,14,-76,14,-31,13,-91,14,-35,13,-88,14,-6,13,-68,14,51,14,-33,14,115,14,25,0,-65,14,103,0,3,0,-48,0,54,0,30,0,87,0,66,0,87,0,44,0,62,0,-16,0,38,0,0,0,0,0,37,0,16,0,-67,14,55,0,82,14,101,0,29,14,-92,0,27,14,-73,0,62,14,-85,0,113,14,112,0,-81,14,53,0,-43,14,-21,14,-31,14,-105,14,-44,14,50,14,-74,14,-4,13,119,14]"
CSI_DATA,6219,d8:b1:90:d9:de:f0,-43,9,-99,-38,45,104,442869169,130,0,106,0,"[70,14,84,14,33,14,41,14,26,14,36,14,50,14,61,14,94,14,97,14,-89,14,-106,14,-8,14,-84,14,90,0,-66,14,-47,0,-65,14,30,0,-77,14,63,0,-86,14,40,0,-99,14,-23,0,-85,14,0,0,0,0,59,0,6,0,-7,14,86,0,-59,14,-67,0,-78,14,-1,0,-75,14,17,0,-58,14,-10,0,-48,14,-75,0,-50,14,92,0,-65,14,18,0,-102,14,-55,14,83,14,-118,14,23,14,106,14,0,14]"
CSI_DATA,6220,d8:b1:90:d9:de:f0,-41,11,-99,-37,43,104,443286249,277,0,106,0,"[-65,17,-9,0,-56,17,61,1,-12,17,76,1,27,0,34,1,39,0,-32,0,23,0,-99,0,-30,17,123,0,-116,17,80,0,69,17,70,0,-13,16,95,0,-35,16,138,0,-1,16,-128,0,72,17,142,0,0,0,0,0,-110,17,-10,17,-127,17,-122,17,113,17,87,17,47,17,51,17,10,17,77,17,32,17,137,17,99,17,-97,17,-117,17,-71,17,-32,17,-76,17,45,0,-125,17,87,0,91,17,79,0,15,17,18,0]"
CSI_DATA,6221,d8:b1:90:d9:de:f0,-40,9,-99,-36,42,104,443286694,120,0,106,0,"[-133,0,-69,0,-96,0,-16,0,-74,0,-12,0,-94,0,-55,0,-128,0,-103,0,117,0,-151,0,26,0,137,0,-89,18,128,0,100,18,135,0,15,18,-159,0,-25,17,-135,0,3,18,-139,0,81,18,134,0,0,0,0,0,-113,18,-18,18,-89,18,157,18,-113,18,47,18,-134,18,-27,17,-152,18,-32,17,-143,18,20,18,-108,18,105,18,-41,18,-140,18,35,0,-76,18,132,0,-50,18,-85,0,-55,18,-26,0,-76,18,-27,0]"
CSI_DATA,6222,d8:b1:90:d9:de:f0,-41,9,-99,-37,43,104,443286798,120,0,106,0,"[-70,17,11,17,-84,17,-50,16,-102,17,-55,16,-99,17,-11,16,-84,17,40,17,-46,17,110,17,25,0,-125,17,122,0,-80,17,-65,0,-45,17,19,1,-39,17,58,1,-49,17,36,1,-63,17,-36,0,-55,17,0,0,0,0,95,0,64,0,33,0,-125,0,10,0,-25,0,16,0,51,1,41,0,64,1,50,0,8,1,39,0,-78,0,3,0,133,0,-51,17,60,0,-129,17,8,0,73,17,-17,17,11,17,4,0,1,17]"
CSI_DATA,6223,d8:b1:90:d9:de:f0,-41,9,-99,-35,42,104,443286929,224,0,106,0,"[1,18,-61,18,-63,17,-42,18,-73,17,2,0,-29,17,46,0,36,18,63,0,102,18,42,0,-150,18,-13,18,-129,18,-101,18,-148,18,111,18,119,18,44,18,68,18,34,18,53,18,74,18,97,18,135,18,0,0,0,0,-52,18,-124,18,33,0,122,18,72,0,37,18,67,0,-36,17,26,0,-57,17,-15,18,-3,17,-36,18,80,18,-7,18,-152,18,42,0,-92,18,125,0,-74,18,-105,0,-99,18,-63,0,151,18,-99,0]"
CSI_DATA,6224,d8:b1:90:d9:de:f0,-41,9,-99,-37,43,104,443287128,187,0,106,0,"[-56,0,-118,0,-5,0,-83,0,16,1,-93,0,-6,0,-130,0,-62,0,127,0,-132,0,105,0,75,0,106,0,-25,17,139,0,-122,17,-100,0,112,17,-31,0,98,17,5,1,130,17,-1,0,-117,17,-66,0,0,0,0,0,-114,17,42,0,137,17,-66,17,62,17,144,17,-2,16,115,17,-26,16,132,17,12,17,-116,17,90,17,-79,17,-114,17,-65,17,-28,17,-77,17,53,0,-120,17,115,0,110,17,128,0,33,17,87,0]"
CSI_DATA,6225,d8:b1:90:d9:de:f0,-40,9,-99,-36,42,104,443287261,320,0,106,0,"[56,18,148,18,-3,17,115,18,-31,17,128,18,-1,17,-148,18,55,18,-110,18,135,18,-96,18,-89,18,-105,18,11,0,-153,18,110,0,88,18,158,0,8,18,-158,0,-31,17,127,0,-22,17,93,0,57,18,0,0,0,0,104,0,-64,18,-140,0,46,0,-49,0,109,0,28,1,127,0,54,1,100,0,7,1,64,0,-85,0,41,0,138,0,47,0,54,0,74,0,-28,18,144,0,-76,18,-94,0,-69,18,-21,0,-18,18]"
CSI_DATA,6226,d8:b1:90:d9:de:f0,-41,9,-99,-33,42,104,443287483,340,0,106,0,"[-85,17,8,17,-113,17,-42,16,-138,17,-46,16,145,17,4,17,-137,17,60,17,-80,17,120,17,-9,17,-131,17,94,0,-107,17,-91,0,-114,17,-13,0,-144,17,17,1,116,17,-19,0,103,17,-79,0,142,17,0,0,0,0,110,0,9,0,122,0,131,0,-129,0,-78,0,-72,0,-24,0,-41,0,-34,0,-57,0,-90,0,-117,0,-146,0,98,0,94,0,13,0,81,0,-79,17,108,0,145,17,-132,0,117,17,-75,0,-142,17]"
CSI_DATA,6227,d8:b1:90:d9:de:f0,-42,9,-99,-35,43,104,443287712,98,0,106,0,"[-16,16,-2,0,-4,16,53,1,29,0,64,1,52,0,25,1,57,0,-34,0,31,0,-101,0,-22,16,118,0,-111,16,75,0,70,16,63,0,-11,15,69,0,-38,15,104,0,-11,15,122,0,52,16,103,0,0,0,0,0,-99,16,-25,16,-97,16,-130,16,-124,16,54,16,105,16,0,16,75,16,8,16,81,16,61,16,128,16,127,16,-85,16,-100,16,-6,16,-76,16,78,0,-94,16,-133,0,134,16,-105,0,75,16,136,0]"
CSI_DATA,6228,d8:b1:90:d9:de:f0,-45,11,-99,-40,47,104,443503764,100,0,228,0,"[5,-3,9,-5,12,-7,15,-8,18,-8,19,-8,19,-7,98,58,17,-5,15,-4,13,-4,11,-3,7,-4,4,-3,1,-4,-2,-5,-6,-6,-9,-7,-13,-8,-15,-10,-17,-11,27,-46,-19,-13,-17,-13,-15,-14,-12,-13,-9,-12,-6,-10,0,0,0,-6,3,-3,6,0,9,2,11,6,13,9,-54,0,15,14,15,15,13,15,13,14,11,13,10,11,8,9,7,6,6,3,5,0,4,-1,4,-4,3,-7,52,0,4,-13,7,-15,7,-15,9,-16,10,-15,11,-12,10,-9,2,17,15,12,20,0,15,-12,2,-18,-7,-12,-11,-3,12,-2,-1,3,0,0,-3,0,-7,3,-3,9,3,12,14,7,17,-4,10,-17,-4,-21,-19,-11,-21,3,-11,16,-15,4,11,7,8,-3,0,-7,-5,0,-3,7,5,8,0,0,11,-10,0,-19,-13,-15,-21,-2,-17,13,-4,21,23,29,15,6,13,-4,6,-8,1,-7,0,-5,-1,-5,-3,-6,-8,-3,-11,2,-8,10,0,15,11,11,17,1,19,-20,3,-16,-9,-13,-14,-3,-9,6,0,8,5,3,4,-2]"
CSI_DATA,6229,d8:b1:90:d9:de:f0,-43,11,-99,-35,44,104,443704047,277,0,106,0,"[-113,14,-35,14,50,14,-65,14,25,14,-74,14,56,14,-75,14,113,14,-60,14,-63,14,-34,14,27,0,21,0,121,0,94,0,-39,0,-68,0,14,0,10,0,41,0,45,0,29,0,43,0,-24,0,-9,0,0,0,0,0,-107,0,62,0,113,0,-31,14,89,0,-122,14,71,0,69,14,63,0,60,14,52,0,102,14,35,0,-80,14,10,0,-3,14,-20,14,73,0,-59,14,-91,0,-102,14,-10,0,-122,14,47,0,-101,14]"
CSI_DATA,6230,d8:b1:90:d9:de:f0,-43,9,-99,-36,44,104,443704501,128,0,106,0,"[3,0,125,15,6,0,43,15,24,0,18,15,35,0,45,15,38,0,106,15,16,0,-76,15,-38,15,8,0,127,15,94,0,20,15,-106,0,-83,14,-78,0,127,14,-97,0,-112,14,124,0,-54,14,83,0,0,0,0,0,-126,15,97,0,-47,15,117,0,26,0,-88,0,64,0,-62,0,67,0,-64,0,46,0,-101,0,24,0,90,0,15,0,9,0,16,0,-78,15,38,0,96,15,78,0,12,15,104,0,-47,14,101,0]"
CSI_DATA,6231,d8:b1:90:d9:de:f0,-43,9,-99,-39,45,104,443704659,252,0,106,0,"[-103,14,48,0,58,14,72,0,21,14,67,0,46,14,41,0,101,14,12,0,-68,14,-2,14,33,0,8,0,-106,0,58,0,-2,0,-113,0,54,0,-35,0,63,0,17,0,31,0,37,0,-38,0,4,0,0,0,0,0,-122,0,87,0,117,0,-3,14,119,0,-91,14,-116,0,106,14,-111,0,104,14,116,0,-102,14,70,0,-45,14,10,0,3,0,-62,14,39,0,97,14,70,0,6,14,81,0,-58,13,82,0,-58,13]"
CSI_DATA,6232,d8:b1:90:d9:de:f0,-43,9,-99,-37,45,104,443704815,130,0,106,0,"[33,0,105,0,42,0,-49,0,33,0,-20,0,12,0,-40,0,-3,13,-92,0,-11,13,66,0,12,0,-24,13,68,0,106,13,-89,0,13,13,-4,0,-35,12,36,0,-41,12,46,0,-7,12,13,0,51,13,0,0,0,0,85,0,115,13,1,0,-108,13,-82,13,-113,13,105,13,109,13,100,13,104,13,-94,13,-110,13,-45,13,-69,13,2,0,-10,13,42,0,57,0,72,0,-92,0,88,0,-7,0,88,0,53,0,97,0]"
CSI_DATA,6233,d8:b1:90:d9:de:f0,-43,9,-99,-39,45,104,443704932,113,0,106,0,"[53,0,-102,14,104,0,74,14,-112,0,59,14,-110,0,91,14,109,0,-100,14,55,0,-42,14,-30,14,12,0,104,14,51,0,-22,13,64,0,119,13,55,0,86,13,14,0,104,13,-6,14,-73,13,-23,14,0,0,0,0,99,14,34,0,-73,14,88,0,-12,14,-98,0,18,0,-57,0,22,0,-52,0,6,0,-93,0,-7,14,86,0,-10,14,7,0,7,0,-77,14,35,0,86,14,72,0,4,14,103,0,-56,13,100,0]"
CSI_DATA,6234,d8:b1:90:d9:de:f0,-43,9,-99,-36,44,104,443763494,98,0,106,0,"[-45,15,-110,15,-65,15,48,15,-68,15,6,15,-52,15,25,15,-31,15,71,15,-21,15,-102,15,-21,15,-2,15,-41,15,119,0,-78,15,-5,0,-125,15,94,1,97,15,-116,1,81,15,127,1,101,15,52,1,0,0,0,0,-41,15,-105,0,18,0,57,0,101,0,-13,15,-100,0,-69,15,-72,0,-90,15,-93,0,-83,15,109,0,-58,15,42,0,-40,15,-40,15,-27,15,126,15,-21,15,33,15,-24,15,-44,14,-8,15,-61,14]"
CSI_DATA,6235,d8:b1:90:d9:de:f0,-43,9,-99,-36,44,104,443806160,108,0,106,0,"[-122,15,-24,15,64,15,-116,15,34,15,84,15,49,15,77,15,88,15,93,15,-119,15,-115,15,-64,15,-34,15,-10,15,74,0,35,0,-49,0,66,0,69,1,81,0,-112,1,76,0,-95,1,52,0,109,1,0,0,0,0,42,0,-79,0,36,0,64,0,42,0,-57,15,42,0,101,15,44,0,50,15,41,0,53,15,20,0,98,15,-9,15,-98,15,-51,15,-31,15,-106,15,43,0,85,15,123,0,50,15,-59,0,56,15]"
CSI_DATA,6236,d8:b1:90:d9:de:f0,-48,11,-99,-35,49,104,444121844,277,0,106,0,"[3,8,-61,0,0,8,44,0,-1,7,6,0,-1,7,-20,8,0,8,-36,8,1,8,-38,8,6,8,-27,8,21,8,-6,8,55,8,26,0,-33,8,65,0,22,0,-42,0,-66,0,-24,0,-40,0,-19,0,0,0,0,0,-31,0,-31,0,-49,0,-29,0,50,0,-22,0,6,0,-9,0,-31,8,-1,0,-56,8,2,0,-64,8,1,0,-58,8,0,0,-44,8,-8,0,-21,8,-17,0,4,0,-32,0,37,0,-59,0,60,0]"
CSI_DATA,6237,d8:b1:90:d9:de:f0,-48,9,-99,-37,50,104,444122316,113,0,106,0,"[-1,7,56,7,22,7,42,7,51,7,23,7,-61,7,10,7,-52,7,6,7,-49,7,7,7,-57,7,19,7,-64,7,45,7,61,7,-39,7,-66,7,20,0,-50,7,-53,0,-27,7,-6,0,-6,7,12,0,0,0,0,0,11,0,20,0,-1,7,6,0,-28,7,-10,0,-61,7,-28,0,36,7,-39,0,15,7,-46,0,14,7,-51,0,22,7,-51,0,37,7,-46,0,62,7,-38,0,-39,7,-36,0,1,0,-49,0,38,0]"
CSI_DATA,6238,d8:b1:90:d9:de:f0,-47,9,-99,-34,48,104,444146081,120,0,106,0,"[-15,8,-61,8,-17,8,-73,8,-15,8,72,8,-6,8,-75,8,4,8,-60,8,26,8,-43,8,58,8,-29,8,-48,8,-23,8,10,0,-32,8,69,0,-54,8,-41,0,66,8,-23,0,37,8,-23,0,32,8,0,0,0,0,-41,0,48,8,-23,0,68,8,-4,0,-62,8,19,0,-50,8,29,0,-43,8,18,0,-40,8,-5,0,-41,8,-34,0,-40,8,-61,0,-34,8,67,0,-28,8,40,0,-10,8,11,0,13,0,-4,8]"
CSI_DATA,6239,d8:b1:90:d9:de:f0,-45,9,-99,-37,47,104,444175871,101,0,106,0,"[60,0,24,0,42,0,54,0,34,0,62,0,32,0,56,0,34,0,30,0,35,0,1,0,33,0,-42,0,9,0,86,0,-29,10,21,0,-82,10,-44,10,56,10,-84,10,21,10,86,10,23,10,88,10,0,0,0,0,75,10,-90,10,-69,10,69,10,-23,10,28,10,10,0,-11,10,21,0,-37,10,16,0,-37,10,0,0,-12,10,-13,10,25,10,-17,10,71,10,-10,10,-68,10,8,0,-20,10,38,0,15,0,67,0]"
CSI_DATA,6240,d8:b1:90:d9:de:f0,-45,9,-99,-36,47,104,444331206,98,0,106,0,"[33,0,-44,0,16,0,2,0,-2,10,2,0,-15,10,-34,0,-12,10,-86,0,12,0,36,0,59,0,-19,10,-57,0,-68,10,12,0,87,10,63,0,88,10,72,0,-77,10,37,0,-50,10,-31,0,-23,10,0,0,0,0,-14,10,-35,10,-82,10,-54,10,53,10,-86,10,36,10,77,10,55,10,82,10,-83,10,-65,10,-43,10,-17,10,-16,10,36,0,-2,10,89,0,-1,10,-35,0,-8,10,5,0,-9,10,21,0,-3,10]"
CSI_DATA,6241,d8:b1:90:d9:de:f0,-45,9,-99,-34,46,104,444362749,98,0,106,0,"[-28,11,13,11,-23,11,-32,10,-20,11,-29,10,-14,11,11,11,-5,11,75,11,-1,11,-44,11,0,0,39,0,-1,11,-53,0,-6,11,28,0,-5,11,76,0,-9,11,71,0,-5,11,23,0,1,0,-56,0,0,0,0,0,13,0,-38,11,17,0,70,11,14,0,10,11,15,0,-7,10,15,0,23,11,11,0,85,11,5,0,-31,11,0,11,40,0,-8,11,-85,0,-17,11,-28,0,-16,11,17,0,-13,11,28,0,0,11]"
CSI_DATA,6242,d8:b1:90:d9:de:f0,-44,9,-99,-35,45,104,444394470,130,0,106,0,"[-64,12,-12,0,-85,12,37,0,-86,12,29,0,-74,12,-25,0,-63,12,-97,0,-55,12,39,0,-50,12,-57,12,-51,12,62,12,-52,12,-28,12,-55,12,-75,12,-63,12,-71,12,-61,12,-17,12,-44,12,83,12,0,0,0,0,1,0,58,0,38,0,-69,0,69,0,-13,0,83,0,7,0,71,0,-17,0,36,0,-80,0,-5,12,65,0,-51,12,0,12,-90,12,-52,12,89,12,-101,12,53,12,90,12,42,12,92,12,67,12]"
CSI_DATA,6243,d8:b1:90:d9:de:f0,-43,9,-99,-35,44,104,444413658,281,0,106,0,"[-2,0,-6,14,45,0,-40,14,23,0,-63,14,-39,0,-54,14,-109,0,-21,14,73,0,43,0,22,0,-123,0,-10,14,-19,0,-16,14,68,0,7,0,108,0,40,0,84,0,67,0,-1,0,63,0,-114,0,0,0,0,0,-20,14,-82,14,-99,14,89,14,85,14,52,14,51,14,53,14,69,14,88,14,-119,14,-118,14,-41,14,-87,14,31,0,-75,14,98,0,-79,14,-95,0,-101,14,-65,0,115,14,-74,0,95,14,-120,0]"
CSI_DATA,6244,d8:b1:90:d9:de:f0,-39,11,-99,-33,40,104,444503999,100,0,114,0,"[-34,-7,-37,-11,-40,-13,-40,-13,-40,-14,-40,-14,-37,-13,-36,-13,-36,-11,-36,-11,-36,-10,-36,-8,-36,-8,-36,-7,-37,-5,-39,-4,-42,-2,-43,-2,-46,-1,-46,0,-46,1,-46,2,-46,4,-46,5,-45,5,-43,5,-43,5,-43,7,0,0,-43,11,-42,11,-45,11,-42,14,-42,14,-43,17,-42,17,-42,20,-42,20,-40,20,-39,20,-36,20,-33,20,-31,21,-30,20,-30,21,-27,21,-27,23,-26,24,-27,26,-27,29,-29,29,-29,30,-30,29,-30,29,-30,27,-29,24,-27,21]"
CSI_DATA,6245,d8:b1:90:d9:de:f0,-39,11,-99,-37,41,104,445166338,277,0,106,0,"[162,0,155,21,-154,0,58,21,-170,0,7,21,154,0,27,21,122,0,77,21,119,0,162,21,154,0,-116,21,-132,0,-20,21,-17,0,50,0,74,1,72,0,122,1,56,0,88,1,8,0,-17,0,-17,21,0,0,0,0,95,0,29,0,-27,21,155,0,-95,21,-104,0,-122,21,2,1,-104,21,52,1,-74,21,7,1,-66,21,-72,0,-78,21,-154,0,-117,21,136,0,180,21,85,0,78,21,53,0,5,21,72,0,-4,20]"
CSI_DATA,6246,d8:b1:90:d9:de:f0,-39,9,-99,-35,40,104,445166819,130,0,106,0,"[-137,23,-152,0,-169,23,-35,0,-123,23,23,1,-66,23,3,1,-36,23,-66,0,-61,23,-150,0,-118,23,161,0,160,23,101,0,20,23,76,0,-89,21,101,0,-100,21,161,0,-38,21,-197,0,75,23,172,0,0,0,0,0,-92,23,16,0,-44,23,-144,23,-64,23,92,23,-112,23,-7,21,-152,23,-26,21,-164,23,16,23,-140,23,98,23,-75,23,161,23,4,0,-195,23,95,0,194,23,186,0,141,23,-163,0,70,23,189,0]"
CSI_DATA,6247,d8:b1:90:d9:de:f0,-39,9,-99,-36,41,104,445197184,108,0,106,0,"[117,21,48,0,42,21,48,0,12,21,80,0,36,21,104,0,76,21,107,0,100,21,76,0,103,21,19,0,59,21,-43,21,-31,19,-103,21,-113,19,-96,21,-156,19,-40,21,-128,19,31,0,-18,19,73,0,0,0,0,0,-159,21,59,0,-93,21,-60,21,-84,21,-170,21,-111,21,100,21,-146,21,64,21,-165,21,86,21,-155,21,132,21,-115,21,153,21,-77,21,149,21,-42,21,115,21,-33,21,52,21,-73,21,-5,19,-146,21]"
CSI_DATA,6248,d8:b1:90:d9:de:f0,-42,11,-99,-38,43,104,445504045,100,0,228,0,"[2,8,5,11,8,15,9,20,9,23,8,24,8,27,147,87,4,24,4,22,4,20,4,17,5,14,7,11,10,9,14,7,17,3,22,2,27,1,32,1,35,2,41,-70,38,4,35,5,33,9,29,10,24,11,20,10,0,0,9,8,4,4,0,1,-3,-3,-7,-9,-8,-14,-83,17,-9,-22,-8,-24,-7,-24,-5,-24,-4,-23,-3,-20,-4,-17,-4,-14,-5,-11,-7,-8,-9,-5,-13,-4,-15,-3,122,17,-23,-2,-27,-3,-28,-7,-29,-9,-28,-11,-23,-14,-19,-15,-26,7,-17,26,1,32,21,22,29,3,20,-14,4,-20,-2,13,-9,-1,-3,3,3,1,3,-5,-3,-10,-14,-5,-17,7,-9,20,7,24,24,14,28,-7,16,-23,-5,-26,16,-9,-20,5,-5,16,10,13,15,-3,5,-16,-10,-16,0,0,-21,17,-3,30,20,26,35,7,30,-17,11,-34,-21,-49,-27,-14,-26,5,-13,16,0,16,5,7,4,2,0,2,1,5,5,7,11,1,13,-8,5,-17,-8,-19,-39,-13,-21,5,-13,19,3,20,14,10,15,-2,5,-10,-4,-8]"
CSI_DATA,6249,d8:b1:90:d9:de:f0,-41,9,-99,-37,43,104,445584580,98,0,106,0,"[-35,0,-77,17,40,1,-120,17,45,1,130,17,2,1,124,17,-60,0,142,17,-107,0,-103,17,-142,0,-25,17,144,0,76,0,-129,0,-110,0,-92,0,-35,0,-56,0,-17,0,-47,0,-63,0,-92,0,-138,0,0,0,0,0,19,0,47,0,-107,17,35,0,72,17,61,0,6,17,106,0,-6,16,143,0,38,17,139,0,98,17,100,0,139,17,39,0,-127,17,-27,17,-133,17,-106,17,128,17,122,17,65,17,92,17,38,17]"
CSI_DATA,6250,d8:b1:90:d9:de:f0,-39,11,-99,-37,41,104,446001933,277,0,106,0,"[-138,0,171,21,-55,0,91,21,-46,0,53,21,-97,0,69,21,-152,0,135,21,-186,0,-141,21,158,0,-15,21,158,0,126,0,180,0,-91,0,-148,0,17,1,-119,0,53,1,-117,0,14,1,-174,0,-81,0,0,0,0,0,8,0,74,0,-145,21,8,0,82,21,-26,21,-17,20,-36,21,-49,20,-27,21,2,21,-21,21,107,21,-33,21,-162,21,-63,21,-63,21,-119,21,23,0,162,21,91,0,59,21,101,0,-33,20,47,0]"
CSI_DATA,6251,d8:b1:90:d9:de:f0,-40,9,-99,-36,41,104,446002414,214,0,106,0,"[148,21,-151,0,104,21,-45,0,132,21,-1,0,-169,21,-16,0,-121,21,-88,0,-104,21,179,0,-110,21,52,0,-159,21,-86,21,120,21,153,21,24,21,79,21,-31,19,87,21,-21,19,149,21,60,21,-138,21,0,0,0,0,-35,21,-31,21,129,0,-46,21,-90,0,-110,21,-16,0,-176,21,-18,0,144,21,-80,0,155,21,-159,0,-146,21,138,0,-62,21,93,0,48,0,88,0,163,0,125,0,-81,0,-165,0,-12,0,-98,0]"
CSI_DATA,6252,d8:b1:90:d9:de:f0,-39,9,-99,-37,41,104,446002549,214,0,106,0,"[151,21,157,21,58,21,95,21,7,21,100,21,36,21,159,21,88,21,-167,21,-177,21,-139,21,-65,21,-143,21,75,0,183,21,-174,0,107,21,-91,0,27,21,-71,0,-24,20,-123,0,-21,20,161,0,59,21,0,0,0,0,68,0,-61,21,77,0,119,0,135,0,-114,0,-180,0,-24,0,-139,0,-11,0,-158,0,-72,0,152,0,-151,0,63,0,162,0,-37,21,120,0,-157,21,129,0,103,21,173,0,37,21,-132,0,72,21]"
CSI_DATA,6253,d8:b1:90:d9:de:f0,-40,9,-99,-36,41,104,446002712,98,0,106,0,"[29,0,67,21,33,0,-48,19,24,0,-72,19,11,0,-21,19,18,0,57,21,53,0,166,21,98,0,-73,21,168,0,69,0,-115,0,-158,0,-48,0,-60,0,-14,0,-29,0,-35,0,-64,0,-111,0,-138,0,0,0,0,0,12,0,40,0,-135,21,-31,21,83,21,-79,21,-15,19,-98,21,-36,19,-104,21,19,21,-94,21,124,21,-81,21,-118,21,-84,21,4,0,-100,21,127,0,-137,21,-122,0,168,21,-50,0,111,21,-73,0]"
CSI_DATA,6254,d8:b1:90:d9:de:f0,-41,9,-99,-35,42,104,446030885,130,0,106,0,"[105,18,155,18,13,18,100,18,-29,17,101,18,-18,17,134,18,35,18,-141,18,108,18,-125,18,-101,18,-123,18,13,0,149,18,145,0,102,18,-92,0,31,18,-72,0,2,18,-108,0,8,18,144,0,70,18,0,0,0,0,34,0,-28,18,19,0,113,0,41,0,-67,0,74,0,17,1,102,0,33,1,106,0,-1,0,78,0,-70,0,24,0,-144,0,-36,18,107,0,-122,18,63,0,94,18,40,0,25,18,57,0,17,18]"
CSI_DATA,6255,d8:b1:90:d9:de:f0,-42,9,-99,-40,44,104,446031344,113,0,106,0,"[48,0,49,16,48,0,-50,15,14,0,-83,15,-15,16,-58,15,-26,16,0,16,-10,16,70,16,41,0,-142,16,125,0,-72,16,-61,0,-20,16,32,1,-2,16,71,1,-16,16,46,1,-43,16,-33,0,-51,16,0,0,0,0,38,0,2,0,-53,16,89,0,-125,16,-97,0,140,16,-8,0,-133,16,22,1,-106,16,-3,0,-77,16,-69,0,-67,16,139,0,-85,16,61,0,-126,16,-7,16,97,16,-61,16,35,16,-81,16,10,16]"
CSI_DATA,6256,d8:b1:90:d9:de:f0,-41,9,-99,-37,43,104,446062264,130,0,106,0,"[-83,0,144,0,9,1,-109,0,57,1,-121,0,36,1,125,0,-16,0,88,0,-93,0,69,0,102,0,77,0,-9,17,127,0,-113,17,-85,0,125,17,1,1,121,17,61,1,-135,17,64,1,-84,17,-6,0,0,0,0,0,-30,17,68,0,-72,17,-57,17,146,17,139,17,70,17,86,17,38,17,90,17,55,17,132,17,117,17,-113,17,-99,17,-85,17,-11,17,-71,17,79,0,-95,17,-132,0,140,17,-101,0,64,17,-139,0]"
CSI_DATA,6257,d8:b1:90:d9:de:f0,-42,9,-99,-36,44,104,446211285,101,0,106,0,"[114,0,101,15,-86,0,55,15,-82,0,37,15,-100,0,56,15,-120,0,107,15,113,0,-80,15,111,0,8,0,125,0,116,0,-105,0,-34,0,-69,0,44,1,-46,0,65,1,-43,0,31,1,-76,0,-31,0,0,0,0,0,45,0,73,0,-52,15,16,0,101,15,-21,15,26,15,-31,15,0,15,-29,15,25,15,-26,15,87,15,-33,15,-102,15,-52,15,-31,15,-89,15,34,0,108,15,76,0,35,15,81,0,-34,14,41,0]"
CSI_DATA,6258,d8:b1:90:d9:de:f0,-43,11,-99,-36,44,104,446419730,277,0,106,0,"[-126,0,-59,0,-74,0,7,1,-42,0,17,1,-46,0,-20,0,-76,0,-71,0,-128,0,-123,0,55,0,76,0,-42,15,26,0,102,15,-15,15,9,15,-27,15,-36,14,-15,15,-25,14,7,0,45,15,23,0,0,0,0,0,1,0,0,0,111,0,-51,15,-52,0,-114,15,-7,0,78,15,-8,0,49,15,-55,0,68,15,-119,0,118,15,82,0,-68,15,35,0,10,0,4,0,98,0,-6,15,-63,0,19,0,-1,0,60,0]"
CSI_DATA,6259,d8:b1:90:d9:de:f0,-43,9,-99,-36,44,104,446420175,98,0,106,0,"[83,0,-40,0,111,0,38,1,-118,0,58,1,-110,0,29,1,124,0,-25,0,87,0,-83,0,28,0,106,0,-54,15,45,0,98,15,-10,15,9,15,-40,15,-39,14,-40,15,-28,14,-23,15,36,15,-7,15,0,0,0,0,-20,15,-14,15,90,0,-72,15,-76,0,119,15,-26,0,58,15,-26,0,32,15,-66,0,51,15,-122,0,106,15,86,0,-78,15,55,0,2,0,43,0,91,0,52,0,-76,0,84,0,-15,0,122,0]"
CSI_DATA,6260,d8:b1:90:d9:de:f0,-43,9,-99,-40,45,104,446450436,113,0,106,0,"[97,0,-47,0,-111,0,21,1,-67,0,32,1,-53,0,-9,0,-76,0,-61,0,-116,0,-102,0,67,0,119,0,-16,15,112,0,-120,15,-123,0,61,15,-85,0,42,15,-51,0,64,15,-39,0,119,15,-74,0,0,0,0,0,-28,15,32,0,-30,15,-83,15,-62,15,70,15,-114,15,7,15,101,15,-5,14,94,15,28,15,119,15,91,15,-85,15,-120,15,-24,15,-90,15,49,0,-87,15,120,0,-114,15,-102,0,91,15,-124,0]"
CSI_DATA,6261,d8:b1:90:d9:de:f0,-43,11,-99,-33,44,104,446503685,100,0,114,0,"[-4,25,-6,26,-7,27,-9,28,-10,28,-10,27,-11,26,-10,25,-9,23,-8,22,-8,22,-8,22,-7,22,-7,24,-7,25,-6,25,-6,27,-7,28,-6,30,-6,29,-5,30,-4,31,-4,30,-3,30,-3,28,-3,27,-2,27,-2,27,0,0,-1,26,-1,26,-2,27,-1,27,0,28,0,28,0,28,0,28,0,26,0,26,1,25,2,25,3,23,3,22,2,21,3,22,3,21,4,21,4,21,4,22,5,22,5,23,5,24,5,24,4,24,3,24,2,23,0,22]"
CSI_DATA,6262,d8:b1:90:d9:de:f0,-41,9,-99,-35,42,104,446629128,108,0,106,0,"[-132,18,103,18,130,18,19,18,107,18,6,18,122,18,48,18,-145,18,101,18,-72,18,-149,18,24,0,-88,18,150,0,-31,18,-33,0,9,0,66,1,20,0,114,1,18,0,90,1,-6,18,-15,0,-17,18,0,0,0,0,45,0,1,0,-89,18,62,0,118,18,124,0,52,18,-128,0,39,18,-108,0,91,18,-141,0,-156,18,102,0,-99,18,29,0,-51,18,-63,18,-24,18,146,18,-25,18,39,18,-51,18,-31,17,-99,18]"
CSI_DATA,6263,d8:b1:90:d9:de:f0,-41,9,-99,-38,43,104,446644326,224,0,106,0,"[-74,17,-68,0,-112,17,17,1,-118,17,45,1,-98,17,13,1,-84,17,-57,0,-76,17,-152,0,-84,17,38,0,-110,17,-97,17,-141,17,74,17,118,17,-27,16,92,17,-60,16,87,17,-26,16,130,17,64,17,0,0,0,0,-20,17,-52,17,93,0,39,0,-95,0,102,0,-17,0,131,0,1,1,129,0,-43,0,111,0,-130,0,85,0,72,0,71,0,-28,17,74,0,-136,17,96,0,68,17,136,0,14,17,-112,0,33,17]"
CSI_DATA,6264,d8:b1:90:d9:de:f0,-43,11,-99,-36,44,104,446837528,277,0,106,0,"[-103,15,55,15,104,15,-13,14,62,15,-21,14,61,15,14,15,82,15,62,15,127,15,110,15,-56,15,-103,15,41,0,-75,15,-110,0,-69,15,-23,0,-76,15,9,1,-99,15,-12,0,-112,15,-71,0,-95,15,0,0,0,0,27,0,7,0,-36,15,104,0,-66,15,-45,0,-67,15,32,1,-51,15,54,1,-22,15,19,1,-8,15,-53,0,-14,15,127,0,-36,15,46,0,-87,15,-26,15,100,15,-77,15,36,15,-90,15,13,15]"
CSI_DATA,6265,d8:b1:90:d9:de:f0,-42,9,-99,-38,44,104,446837999,98,0,106,0,"[81,15,122,15,16,15,65,15,-7,14,51,15,5,15,67,15,61,15,97,15,127,15,130,15,-52,15,-105,15,51,0,-74,15,-101,0,-44,15,-7,0,-22,15,31,1,-10,15,15,1,-11,15,-48,0,-5,15,0,0,0,0,13,0,21,0,-102,15,62,0,65,15,115,0,-4,14,-117,0,-14,14,-105,0,15,15,-124,0,82,15,102,0,-119,15,50,0,-56,15,-18,15,3,0,-98,15,44,0,91,15,62,0,21,15,43,0]"
CSI_DATA,6266,d8:b1:90:d9:de:f0,-42,9,-99,-35,43,104,446838158,130,0,106,0,"[50,16,122,0,-18,15,-105,0,-29,15,-58,0,15,16,-56,0,67,16,-74,0,117,16,-134,0,-125,16,74,0,-112,16,-22,16,-122,16,-136,16,130,16,63,16,93,16,28,16,81,16,44,16,122,16,107,16,0,0,0,0,-2,16,-46,16,126,0,-30,16,-49,0,-52,16,26,1,-92,16,43,1,-128,16,0,1,-131,16,-77,0,-107,16,133,0,-52,16,78,0,7,0,58,0,91,0,64,0,-93,0,92,0,-38,0,-136,0]"
CSI_DATA,6267,d8:b1:90:d9:de:f0,-43,9,-99,-36,44,104,446838284,130,0,106,0,"[51,15,115,0,-11,14,-88,0,-15,14,-44,0,24,15,-32,0,80,15,-61,0,117,15,-108,0,-103,15,75,0,-97,15,-17,15,-123,15,-119,15,97,15,65,15,66,15,45,15,59,15,70,15,95,15,122,15,0,0,0,0,-2,15,-38,15,107,0,-44,15,-46,0,-76,15,14,1,-124,15,17,1,96,15,-27,0,97,15,-95,0,-128,15,109,0,-76,15,74,0,-4,15,68,0,76,0,88,0,-102,0,-126,0,-54,0,-84,0]"
CSI_DATA,6268,d8:b1:90:d9:de:f0,-41,9,-99,-35,42,104,446906073,124,0,106,0,"[94,18,-135,0,35,18,-59,0,45,18,-8,0,90,18,-11,0,133,18,-35,0,-152,18,-106,0,-148,18,130,0,130,18,35,0,68,18,-48,18,1,18,-107,18,-45,17,-116,18,-41,17,-88,18,34,18,-52,18,0,0,0,0,-67,18,-24,18,46,0,-95,18,123,0,118,18,-151,0,23,18,152,0,-19,17,112,0,2,18,72,0,63,18,52,0,140,18,69,0,-90,18,124,0,-26,18,-102,0,7,0,-34,0,6,0,-13,0]"
CSI_DATA,6269,d8:b1:90:d9:de:f0,-41,11,-99,-37,43,104,447255325,277,0,106,0,"[65,17,-68,17,-17,16,-102,17,-43,16,-101,17,-5,16,-95,17,63,17,-78,17,-143,17,-75,17,-33,17,-92,17,91,0,-116,17,-72,0,140,17,15,1,105,17,48,1,81,17,12,1,83,17,-66,0,127,17,0,0,0,0,33,0,-8,17,-49,17,99,0,-113,17,-92,0,146,17,-12,0,142,17,5,1,-131,17,-32,0,-113,17,-116,0,-94,17,84,0,-90,17,-13,17,-100,17,-114,17,-132,17,86,17,122,17,30,17,91,17]"
CSI_DATA,6270,d8:b1:90:d9:de:f0,-41,9,-99,-37,43,104,447255770,120,0,106,0,"[118,0,79,17,139,0,-2,16,109,0,-39,16,69,0,-9,16,46,0,45,17,42,0,127,17,80,0,-79,17,-138,0,-2,17,-35,0,54,0,57,1,64,0,103,1,33,0,78,1,-16,17,-13,0,-41,17,0,0,0,0,55,0,17,0,-31,17,108,0,-76,17,-76,0,-78,17,11,1,-49,17,41,1,-20,17,-3,0,-11,17,-80,0,-33,17,139,0,-79,17,66,0,140,17,27,0,49,17,20,0,-15,16,60,0,-5,16]"
CSI_DATA,6271,d8:b1:90:d9:de:f0,-41,9,-99,-36,42,104,447255919,120,0,106,0,"[-74,0,-69,18,15,1,-83,18,41,1,-96,18,11,1,-91,18,-61,0,-64,18,-132,0,-17,18,110,0,62,0,27,0,-153,0,-51,18,-32,0,-91,18,71,1,-94,18,101,1,-69,18,62,1,-39,18,-26,0,0,0,0,0,-46,18,54,0,-75,18,-93,18,-139,18,99,18,137,18,31,18,129,18,21,18,151,18,54,18,-112,18,113,18,-31,18,-151,18,55,0,-101,18,157,0,-74,18,-61,0,-62,18,10,1,-90,18,10,1]"
CSI_DATA,6272,d8:b1:90:d9:de:f0,-43,11,-99,-39,45,104,447503931,100,0,228,0,"[7,-7,7,-10,9,-13,11,-16,13,-18,14,-17,15,-17,120,71,14,-14,13,-12,11,-10,9,-9,6,-8,3,-7,0,-7,-3,-9,-7,-11,-10,-13,-13,-17,-15,-20,-16,-23,34,-57,-14,-26,-12,-27,-10,-27,-7,-25,-5,-22,-3,-19,0,0,-2,-10,-2,-6,-4,-2,-6,0,-8,2,-11,5,98,14,-16,7,-17,7,-18,6,-18,6,-16,4,-14,4,-11,4,-9,4,-6,5,-4,6,-2,8,0,11,0,13,-10,14,0,19,0,22,-1,24,-4,24,-6,23,-9,20,-9,16,22,5,24,-10,12,-24,-5,-27,-20,-15,-22,0,-13,14,16,-1,8,5,7,-3,0,-8,-8,-3,-9,6,0,13,11,13,20,1,17,-13,2,-22,-13,-18,-22,-3,-17,11,-19,-7,9,11,11,0,3,-9,-6,-7,-12,3,-5,14,0,0,20,7,23,-9,11,-24,-7,-28,-25,-15,-28,3,-33,28,0,25,14,15,17,1,9,-8,0,-8,-3,-2,-1,2,3,2,6,-2,3,-8,-3,-10,-11,-4,-13,4,-5,31,4,15,13,8,14,-2,6,-11,-2,-10,-9,-3,-7,4]"
CSI_DATA,6273,d8:b1:90:d9:de:f0,-42,9,-99,-39,44,104,447673567,130,0,106,0,"[-46,16,-40,0,-38,16,52,1,3,0,78,1,23,0,47,1,34,0,-9,0,16,0,-78,0,-26,16,128,0,-107,16,58,0,71,16,15,0,-10,15,-10,16,-52,15,5,0,-29,15,39,0,50,16,53,0,0,0,0,0,-8,16,28,0,91,0,-52,16,-104,0,-138,16,-69,0,54,16,-79,0,10,16,-123,0,29,16,115,0,83,16,86,0,-124,16,83,0,-41,16,113,0,31,0,-110,0,98,0,-44,0,121,0,-10,0]"
CSI_DATA,6274,d8:b1:90:d9:de:f0,-43,9,-99,-40,45,104,447673684,130,0,106,0,"[-63,0,-107,15,0,1,87,15,1,1,41,15,-38,0,34,15,-85,0,66,15,-122,0,115,15,113,0,-62,15,114,0,35,0,-114,0,-124,0,-70,0,-54,0,-41,0,-37,0,-33,0,-73,0,-66,0,121,0,0,0,0,0,28,0,-5,15,-90,15,-28,15,47,15,-20,15,-32,14,15,0,-49,14,55,0,-15,14,72,0,49,15,60,0,109,15,30,0,-95,15,-23,15,-63,15,-93,15,-59,15,83,15,-96,15,28,15,119,15]"
CSI_DATA,6275,d8:b1:90:d9:de:f0,-40,11,-99,-39,42,104,447882021,277,0,106,0,"[-115,0,75,0,-19,0,89,0,13,1,69,0,-15,0,37,0,-65,0,35,0,-135,0,64,0,156,0,134,0,112,0,-108,0,102,0,10,1,129,0,101,1,-168,0,124,1,-129,0,64,1,-135,0,-50,0,0,0,0,0,72,0,68,0,-59,20,4,0,166,20,-19,20,61,20,-2,20,35,20,27,0,72,20,34,0,133,20,9,0,-160,20,-38,20,-131,20,-109,20,-137,20,157,20,171,20,78,20,101,20,45,20,42,20]"
CSI_DATA,6276,d8:b1:90:d9:de:f0,-40,9,-99,-38,42,104,447882493,98,0,106,0,"[-116,0,-16,20,-14,0,-22,20,13,1,-41,20,-18,0,-41,20,-73,0,-18,20,-137,0,37,0,140,0,120,0,84,0,-102,0,40,0,26,1,37,0,120,1,60,0,149,1,88,0,109,1,94,0,13,1,0,0,0,0,48,0,81,0,-20,20,-49,20,-108,20,-144,20,160,20,134,20,130,20,121,20,160,20,142,20,-114,20,-170,20,-32,20,-150,20,50,0,-149,20,137,0,158,20,-125,0,100,20,-90,0,45,20,-137,0]"
CSI_DATA,6277,d8:b1:90:d9:de:f0,-40,9,-99,-36,41,104,448091383,108,0,106,0,"[152,0,141,21,-134,0,57,21,-127,0,26,21,-153,0,57,21,166,0,144,21,138,0,-120,21,127,0,21,0,131,0,-179,0,162,0,-18,0,-148,0,105,1,-121,0,138,1,-103,0,91,1,-145,0,-19,0,0,0,0,0,55,0,111,0,-63,21,0,0,166,21,-87,21,76,21,-127,21,46,21,-132,21,90,21,-115,21,-175,21,-103,21,-79,21,-101,21,26,0,-120,21,145,0,-155,21,-115,0,155,21,-62,0,63,21,-97,0]"
CSI_DATA,6278,d8:b1:90:d9:de:f0,-42,9,-99,-36,43,104,448300299,120,0,106,0,"[93,0,92,16,138,0,17,16,132,0,-23,15,102,0,-11,15,78,0,40,16,68,0,107,16,95,0,-88,16,-134,0,7,0,-43,0,87,0,50,1,134,0,105,1,130,0,104,1,81,0,37,1,32,0,0,0,0,0,105,0,2,0,-7,16,52,0,-99,16,133,0,138,16,-77,0,136,16,-35,0,-123,16,-50,0,-95,16,-111,0,-81,16,113,0,-92,16,33,0,-142,16,-35,16,70,16,-86,16,-5,15,-92,16,-29,15]"
CSI_DATA,6279,d8:b1:90:d9:de:f0,-41,9,-99,-35,42,104,448300430,101,0,106,0,"[89,18,72,0,-2,17,91,0,-31,17,123,0,-3,17,133,0,51,18,122,0,113,18,79,0,-150,18,-2,18,-123,18,-119,18,-121,18,61,18,-155,18,-47,17,107,18,-94,17,69,18,-55,17,84,18,37,18,0,0,0,0,-86,18,-86,18,42,0,-44,18,-138,0,-35,18,-42,0,-59,18,-8,0,-96,18,-40,0,-106,18,-101,0,-85,18,148,0,-35,18,105,0,40,0,97,0,128,0,122,0,-90,0,-133,0,-37,0,-69,0]"
CSI_DATA,6280,d8:b1:90:d9:de:f0,-41,9,-99,-38,43,104,448300544,206,0,106,0,"[-137,0,146,0,-77,0,-74,0,-47,0,-53,0,-62,0,-76,0,-110,0,-114,0,115,0,147,0,14,0,112,0,-112,17,85,0,40,17,68,0,-65,16,74,0,-122,16,98,0,-110,16,118,0,-27,16,105,0,0,0,0,0,-96,17,34,0,24,0,-49,17,117,0,-131,17,-124,0,92,17,-105,0,53,17,-127,0,78,17,140,0,142,17,110,0,-74,17,86,0,11,0,84,0,111,0,104,0,-83,0,146,0,-17,0,-111,0]"
CSI_DATA,6281,d8:b1:90:d9:de:f0,-39,11,-99,-34,41,104,448504033,100,0,114,0,"[33,-6,38,-4,41,-2,42,0,42,1,42,2,40,4,38,5,38,5,37,5,36,4,34,5,36,5,36,4,36,4,38,4,40,4,42,4,44,5,44,4,45,4,45,5,44,5,42,4,42,6,42,5,41,5,42,6,0,0,40,5,40,4,41,5,41,6,42,6,42,6,41,6,41,6,40,6,40,5,38,4,36,4,34,4,34,4,33,2,32,2,30,2,32,1,32,2,33,2,34,2,34,2,34,4,38,5,37,5,36,8,33,9,29,9]"
CSI_DATA,6282,d8:b1:90:d9:de:f0,-41,11,-99,-36,42,104,448508717,277,0,106,0,"[119,0,-152,0,154,0,-55,0,-137,0,-26,0,-140,0,-45,0,147,0,-95,0,79,0,-151,0,-15,18,127,0,-144,18,89,0,31,18,78,0,-89,17,81,0,-146,17,104,0,-124,17,132,0,-40,17,118,0,0,0,0,0,-127,18,55,0,-28,18,-45,18,64,0,-147,18,113,0,84,18,129,0,45,18,124,0,67,18,108,0,132,18,95,0,-110,18,112,0,-17,18,154,0,75,0,-100,0,-156,0,-25,0,-114,0,25,1]"
CSI_DATA,6283,d8:b1:90:d9:de:f0,-42,9,-99,-36,43,104,448509162,130,0,106,0,"[-106,16,-131,0,120,16,-65,0,111,16,-23,0,135,16,-32,0,-123,16,-74,0,-105,16,140,0,-107,16,44,0,-142,16,-71,16,86,16,98,16,19,16,15,16,-37,15,0,16,-47,15,39,16,-6,15,97,16,0,0,0,0,-111,16,-62,16,10,0,-40,16,139,0,-46,16,-62,0,-71,16,-26,0,-95,16,-46,0,-95,16,-96,0,-66,16,136,0,-13,16,89,0,53,0,69,0,141,0,72,0,-47,0,113,0,25,1,-113,0]"
CSI_DATA,6284,d8:b1:90:d9:de:f0,-42,9,-99,-36,43,104,448509306,113,0,106,0,"[-103,0,38,0,-23,0,75,0,13,1,70,0,1,1,53,0,-51,0,46,0,-117,0,56,0,85,0,88,0,-7,16,-127,0,-90,16,-30,0,-140,16,65,1,-133,16,112,1,-98,16,103,1,-61,16,46,1,0,0,0,0,-17,16,125,0,-51,16,11,0,-108,16,-96,16,118,16,124,16,92,16,104,16,97,16,116,16,-141,16,-140,16,-77,16,-115,16,1,0,-107,16,87,0,-130,16,-123,0,105,16,-75,0,39,16,-103,0]"
CSI_DATA,6285,d8:b1:90:d9:de:f0,-42,9,-99,-38,44,104,448509424,98,0,106,0,"[132,15,-111,15,73,15,98,15,38,15,91,15,45,15,115,15,80,15,-124,15,-123,15,-108,15,-43,15,-104,15,63,0,134,15,-102,0,81,15,-32,0,19,15,-20,0,-38,14,-50,0,-48,14,-105,0,-8,14,0,0,0,0,56,0,-103,15,52,0,7,0,64,0,119,0,100,0,-77,0,127,0,-43,0,120,0,-63,0,92,0,-109,0,37,0,123,0,-32,15,95,0,-111,15,93,0,72,15,119,0,16,15,-101,0,33,15]"
CSI_DATA,6286,d8:b1:90:d9:de:f0,-41,9,-99,-38,43,104,448718079,252,0,106,0,"[-140,17,-135,17,110,17,90,17,59,17,72,17,51,17,106,17,77,17,-152,17,133,17,-124,17,-84,17,-123,17,13,0,137,17,111,0,58,17,-131,0,-38,16,-141,0,-108,16,114,0,-110,16,54,0,-53,16,0,0,0,0,14,0,146,17,79,0,-42,17,-124,0,41,0,-30,0,73,0,11,1,64,0,-1,0,39,0,-59,0,15,0,-134,0,30,0,98,0,70,0,48,0,144,0,30,0,-51,0,67,0,35,1,147,0]"
CSI_DATA,6287,d8:b1:90:d9:de:f0,-40,9,-99,-34,41,104,448744850,98,0,106,0,"[-72,20,-125,0,-126,20,-33,0,-109,20,29,1,-64,20,16,1,-33,20,-32,0,-28,20,-113,0,-66,20,140,0,-157,20,48,0,38,20,-16,20,-74,18,-20,20,-148,18,37,0,-148,18,100,0,-57,18,122,0,0,0,0,0,-150,20,72,0,-60,20,-52,20,-21,20,164,20,-34,20,50,20,-70,20,-2,18,-96,20,20,20,-90,20,101,20,-41,20,-164,20,22,0,-98,20,130,0,-77,20,-88,0,-94,20,-20,0,164,20,-41,0]"
CSI_DATA,6288,d8:b1:90:d9:de:f0,-42,11,-99,-36,43,104,448926515,277,0,106,0,"[-130,0,140,0,-75,0,-90,0,-26,0,-93,0,-13,0,-135,0,-41,0,108,0,-88,0,85,0,129,0,94,0,59,0,-132,0,20,0,-41,0,20,0,44,1,59,0,84,1,100,0,67,1,108,0,-8,0,0,0,0,0,29,0,123,0,-75,16,100,0,116,16,127,0,51,16,-109,0,46,16,-72,0,84,16,-74,0,135,16,-102,0,-124,16,132,0,-114,16,67,0,140,16,16,0,76,16,-25,16,12,16,-22,16,-6,15]"
CSI_DATA,6289,d8:b1:90:d9:de:f0,-42,9,-99,-37,44,104,448926969,113,0,106,0,"[74,15,-52,15,7,15,-68,15,-32,14,-38,15,-24,14,4,0,17,15,33,0,72,15,33,0,114,15,-5,15,-127,15,-73,15,118,15,100,15,65,15,39,15,5,15,34,15,-19,14,81,15,19,15,-116,15,0,0,0,0,-97,15,-62,15,-18,15,-114,15,25,0,69,15,20,0,-4,14,-8,15,-34,14,-41,15,-6,14,-56,15,52,15,-27,15,108,15,9,0,-122,15,64,0,-119,15,119,0,112,15,-125,0,55,15,102,0]"
CSI_DATA,6290,d8:b1:90:d9:de:f0,-39,9,-99,-38,41,104,449135858,124,0,106,0,"[73,22,-68,22,-13,20,-80,22,-35,20,-67,22,8,22,-52,22,86,22,-55,22,178,22,-86,22,-110,22,-163,22,-20,22,110,22,47,0,-11,20,83,0,-110,20,61,0,-131,20,29,0,-76,20,16,0,31,22,0,0,0,0,86,0,-79,22,169,0,55,0,-100,0,152,0,-20,0,185,0,-11,0,181,0,-61,0,158,0,-152,0,136,0,115,0,136,0,10,0,167,0,-79,22,-152,0,-146,22,-65,0,-164,22,8,1,-109,22]"
CSI_DATA,6291,d8:b1:90:d9:de:f0,-39,9,-99,-35,40,104,449171577,130,0,106,0,"[146,23,147,23,72,23,110,23,35,23,132,23,64,23,174,23,130,23,-180,23,-178,23,-166,23,-80,23,189,23,4,0,110,23,78,0,12,23,113,0,-64,21,89,0,-89,21,58,0,-40,21,41,0,72,23,0,0,0,0,112,0,-97,23,-163,0,-10,23,-50,0,33,0,20,1,36,0,24,1,21,0,-29,0,15,0,-117,0,29,0,190,0,75,0,130,0,147,0,106,0,-157,0,117,0,-60,0,158,0,-13,0,-183,0]"
CSI_DATA,6292,d8:b1:90:d9:de:f0,-43,11,-99,-36,45,104,449503984,100,0,228,0,"[6,7,8,10,11,15,12,16,13,19,12,18,12,17,110,65,10,12,9,9,8,6,8,2,7,-1,6,-5,5,-9,5,-14,5,-18,6,-23,5,-25,6,-29,5,-29,31,-52,5,-28,6,-25,6,-23,6,-18,6,-13,6,-8,0,0,5,0,5,6,3,9,3,14,2,16,1,19,52,0,0,22,0,21,0,20,1,16,2,14,3,10,5,6,7,2,7,0,8,-3,9,-6,11,-8,13,-10,-109,0,16,-15,18,-16,18,-15,19,-13,17,-10,16,-8,12,-4,-24,3,-16,19,0,25,16,16,20,1,12,-8,1,-10,8,11,0,0,2,-2,0,-7,-7,-8,-13,-1,-13,9,-2,18,12,16,20,2,16,-13,0,-19,-12,-12,-14,2,0,-18,6,7,8,-4,-1,-11,-13,-5,-16,8,-4,20,0,0,24,4,23,-16,5,-26,-15,-23,-24,-6,-21,11,-6,40,5,15,10,7,8,0,5,0,6,-1,7,-4,4,-9,-3,-13,-12,-7,-16,2,-8,13,2,16,13,9,31,-16,7,-12,-4,-11,-9,-1,-5,6,3,7,9,0,5,-8]"
CSI_DATA,6293,d8:b1:90:d9:de:f0,-42,11,-99,-38,44,104,449553211,277,0,106,0,"[86,15,121,0,43,15,-119,0,50,15,-135,0,94,15,88,0,-124,15,19,0,-61,15,-60,15,7,0,121,15,84,0,30,15,-118,0,-41,14,-82,0,-77,14,-83,0,-67,14,-124,0,-14,14,79,0,77,15,0,0,0,0,-74,15,-14,15,131,15,69,0,86,15,128,0,69,15,-118,0,79,15,129,0,131,15,63,0,-82,15,-8,15,-24,15,-80,15,20,0,129,15,60,0,61,15,88,0,0,15,86,0,-21,14,49,0]"
CSI_DATA,6294,d8:b1:90:d9:de:f0,-42,9,-99,-39,44,104,449553692,108,0,106,0,"[-41,0,15,0,15,1,14,0,0,1,14,0,-63,0,27,0,126,0,57,0,27,0,81,0,-88,16,119,0,76,16,-112,0,-22,15,-69,0,-77,15,-51,0,-66,15,-63,0,1,16,-88,0,114,16,-139,0,0,0,0,0,62,0,32,0,-124,0,-41,16,-52,0,-82,16,-25,0,-101,16,-51,0,-90,16,-113,0,-43,16,87,0,17,0,14,0,78,0,-46,16,-139,0,-103,16,-76,0,-133,16,-16,0,-122,16,15,1,-77,16]"
CSI_DATA,6295,d8:b1:90:d9:de:f0,-42,9,-99,-35,43,104,449553810,98,0,106,0,"[79,16,-134,16,21,16,134,16,37,16,-126,16,99,16,-101,16,-87,16,-79,16,14,0,-67,16,133,0,-58,16,-19,0,-56,16,86,1,-59,16,137,1,-80,16,119,1,-91,16,38,1,-111,16,-81,0,-102,16,0,0,0,0,-58,16,-73,16,109,16,-47,16,29,16,-13,16,6,16,10,0,40,16,16,0,124,16,0,0,-62,16,-28,16,27,0,-64,16,102,0,-109,16,-112,0,118,16,-66,0,69,16,-76,0,22,16,-137,0]"
CSI_DATA,6296,d8:b1:90:d9:de:f0,-50,9,-99,-34,51,104,449762564,98,0,106,0,"[-28,0,0,0,-5,0,47,0,-1,0,-32,0,-10,0,-24,0,-28,0,-37,0,-45,0,48,0,51,0,8,0,45,0,-40,6,50,0,13,6,-53,0,-30,5,-50,0,-48,5,-53,0,-36,5,44,0,-2,5,0,0,0,0,3,0,-40,6,-17,6,13,0,-37,6,49,0,-53,6,-32,0,51,6,-25,0,-45,6,-32,0,-24,6,-43,0,-1,6,-51,0,24,0,52,0,48,0,53,0,-37,0,-51,0,-26,0,-50,0,-31,0]"
CSI_DATA,6297,d8:b1:90:d9:de:f0,-50,11,-99,-40,52,104,449971008,277,0,106,0,"[6,6,39,0,-29,6,21,0,-49,6,8,0,-50,6,4,0,-35,6,-3,6,-10,6,-3,6,25,6,-2,6,-40,6,-6,6,21,0,-11,6,-32,0,-24,6,8,0,-41,6,18,0,-52,6,2,0,-54,6,0,0,0,0,42,0,-38,6,-4,6,-3,6,-42,6,39,0,46,6,-32,0,40,6,-3,0,51,6,1,0,-38,6,-10,0,-16,6,-35,0,3,0,48,0,16,0,12,0,21,0,-28,6,12,0,51,6,-7,6]"
CSI_DATA,6298,d8:b1:90:d9:de:f0,-50,9,-99,-38,51,104,449971507,124,0,106,0,"[14,7,51,0,-32,6,26,0,-54,6,3,0,-51,6,-15,7,-32,6,-29,7,-6,6,-30,7,34,7,-26,7,-35,7,-16,7,26,0,1,0,-35,0,23,0,6,0,39,0,25,0,42,0,10,0,37,0,0,0,0,0,57,0,7,0,0,0,-8,7,-60,7,-22,7,9,7,-29,7,-17,6,-28,7,-15,6,-21,7,7,7,-12,7,35,7,0,7,-50,7,9,0,-11,7,20,0,29,0,26,0,-54,0,23,0,-38,0]"
CSI_DATA,6299,d8:b1:90:d9:de:f0,-50,9,-99,-40,52,104,449971674,130,0,106,0,"[3,6,12,0,-27,6,-23,6,-39,6,-52,6,-33,6,46,6,-15,6,41,6,10,6,46,6,43,6,-52,6,-29,6,-27,6,23,0,7,0,-42,0,42,0,-8,0,-47,0,4,0,-39,0,-2,0,-45,0,0,0,0,0,50,0,23,0,3,0,-4,6,-48,6,-30,6,20,6,-47,6,-5,6,-52,6,-8,6,-48,6,8,6,-33,6,35,6,-19,6,-48,6,-1,6,-12,6,14,0,22,0,28,0,55,0,31,0,-38,0]"
CSI_DATA,6300,d8:b1:90:d9:de:f0,-49,9,-99,-37,51,104,450180406,224,0,106,0,"[-15,6,-42,0,52,6,53,0,17,6,29,0,4,6,10,0,5,6,1,0,14,6,1,0,26,6,18,0,36,6,48,0,45,6,-29,0,52,6,15,0,55,6,41,0,-58,6,50,0,-55,6,34,0,0,0,0,0,-53,6,-16,0,-39,6,51,0,-28,6,3,0,-12,6,-42,6,1,0,42,6,10,0,23,6,13,0,17,6,12,0,16,6,4,0,17,6,-4,6,17,6,-17,6,16,6,-34,6,22,6,-45,6]"
CSI_DATA,6301,d8:b1:90:d9:de:f0,-49,9,-99,-35,50,104,450180605,101,0,106,0,"[-49,0,25,0,48,0,-48,0,23,0,-14,0,2,0,0,0,-4,7,-1,0,-1,7,-12,0,17,0,-22,0,52,0,-35,0,-27,0,-42,0,19,0,-53,0,50,0,-59,0,56,0,60,0,42,0,55,0,0,0,0,0,-18,0,44,0,55,0,36,0,4,0,27,0,-45,7,14,0,40,7,4,0,20,7,-2,7,14,7,-2,7,14,7,0,0,17,7,8,0,16,7,20,0,18,7,37,0,30,7,50,0,53,7]"
CSI_DATA,6302,d8:b1:90:d9:de:f0,-47,9,-99,-37,49,104,450389287,212,0,106,0,"[-22,8,42,0,-32,8,-10,0,-68,8,72,0,41,8,20,0,12,8,-14,8,-8,8,-27,8,-19,8,-33,8,-12,8,-20,8,18,8,8,0,-70,8,52,0,5,0,-55,0,73,0,-24,0,-25,0,-10,0,0,0,0,0,26,0,-4,0,11,0,-10,0,-23,0,-15,0,62,0,-30,0,-2,8,-49,0,-60,8,-69,0,47,8,61,0,24,8,49,0,14,8,45,0,15,8,46,0,34,8,53,0,-72,8,63,0,-11,8]"
CSI_DATA,6303,d8:b1:90:d9:de:f0,-47,9,-99,-40,49,104,450389455,212,0,106,0,"[2,0,46,0,-17,9,-13,0,-66,9,-76,0,47,9,35,0,9,9,5,0,-13,8,-6,9,-28,8,-5,9,-22,8,7,0,20,9,34,0,-67,9,68,0,24,0,-64,0,-54,0,-47,0,0,0,-45,0,0,0,0,0,61,0,-60,0,42,0,-61,0,5,0,-56,0,-62,0,-59,0,22,0,-61,0,-43,9,-59,0,72,9,-66,0,43,9,-70,0,32,9,-70,0,35,9,-67,0,59,9,-63,0,-53,9,-71,0,8,0]"
CSI_DATA,6304,d8:b1:90:d9:de:f0,-47,9,-99,-38,49,104,450389604,212,0,106,0,"[-37,8,-28,8,16,8,-35,8,-70,8,-69,8,-20,8,45,8,9,0,16,8,22,0,-6,8,22,0,-16,8,8,0,-10,8,-21,8,23,8,-60,8,-62,8,60,8,15,0,40,8,-61,0,37,8,-8,0,0,0,0,0,41,8,46,0,48,8,34,0,48,8,-1,0,55,8,-60,0,55,8,21,0,60,8,-36,8,68,8,72,8,67,8,49,8,67,8,38,8,64,8,42,8,61,8,64,8,66,8,-42,8,-59,8]"
CSI_DATA,6305,d8:b1:90:d9:de:f0,-47,9,-99,-41,49,104,450389745,212,0,106,0,"[-27,9,73,0,20,9,35,0,64,9,-31,9,-77,9,73,9,-65,9,27,9,-67,9,3,9,-76,9,-3,9,81,9,6,9,72,9,57,9,77,9,-27,9,-71,9,68,0,-45,9,-18,0,-16,9,33,0,0,0,0,0,31,0,73,0,22,0,61,0,6,0,30,0,-25,9,-27,0,-68,9,77,0,62,9,27,0,40,9,-13,9,23,9,-37,9,16,9,-39,9,16,9,-33,9,25,9,-14,9,62,9,19,0,-41,9]"
CSI_DATA,6306,d8:b1:90:d9:de:f0,-47,9,-99,-39,49,104,450389940,212,0,106,0,"[-38,9,30,0,-49,9,-36,0,-74,9,34,0,58,9,-35,9,41,9,70,9,26,9,41,9,25,9,26,9,23,9,34,9,31,9,72,9,52,9,-9,9,75,9,74,0,-62,9,-11,0,-44,9,37,0,0,0,0,0,-38,9,-75,0,-53,9,54,0,-69,9,11,0,73,9,-61,0,74,9,16,0,-74,9,-52,9,-61,9,52,9,-49,9,22,9,-39,9,9,9,-34,9,11,9,-41,9,25,9,-55,9,65,9,-66,9]"
CSI_DATA,6307,d8:b1:90:d9:de:f0,-48,9,-99,-37,49,104,450390081,212,0,106,0,"[45,0,27,0,9,0,-26,0,-48,8,64,0,49,8,16,0,12,8,-15,8,-9,8,-40,8,-21,8,-46,8,-16,8,-39,8,9,8,-8,8,60,8,41,0,-27,8,-46,0,22,0,1,0,58,0,29,0,0,0,0,0,-57,0,62,0,68,0,49,0,35,0,20,0,-9,8,-29,0,-54,8,54,0,59,8,0,8,42,8,-44,8,38,8,-73,8,39,8,59,8,35,8,58,8,40,8,-72,8,53,8,-38,8,-67,8]"
CSI_DATA,6308,d8:b1:90:d9:de:f0,-47,9,-99,-34,48,104,450390267,212,0,106,0,"[-17,0,-10,0,-64,0,-42,0,19,0,-54,0,-39,8,-50,0,73,8,-35,0,54,8,-26,0,51,8,-10,0,74,8,-4,0,-29,8,-26,0,28,0,-72,0,-61,0,14,0,-20,0,-57,8,1,0,41,8,0,0,0,0,-5,0,-20,8,-17,0,-17,8,-35,0,13,8,-48,0,68,8,-55,0,-20,8,-60,0,39,0,-64,0,-72,0,-63,0,-52,0,-60,0,-45,0,-48,0,-54,0,-46,0,73,0,-60,0,29,0,58,0]"
CSI_DATA,6309,d8:b1:90:d9:de:f0,-47,9,-99,-33,47,104,450390462,212,0,106,0,"[-83,0,26,0,47,0,-22,0,-18,9,-58,0,-78,9,-76,0,42,9,-74,0,18,9,-65,0,16,9,-45,0,37,9,-33,0,-75,9,-41,0,5,0,-71,0,-75,0,38,0,-12,0,-26,9,23,0,-81,9,0,0,0,0,25,0,16,9,12,0,14,9,-12,0,43,9,-38,0,-65,9,-60,0,1,0,-77,0,63,0,80,0,-61,0,81,0,-41,0,82,0,-34,0,-69,0,-44,0,-61,0,-69,0,-69,0,43,0,65,0]"
CSI_DATA,6310,d8:b1:90:d9:de:f0,-47,9,-99,-38,49,104,450390594,212,0,106,0,"[14,0,-42,8,20,0,14,8,55,0,70,8,-51,0,-41,8,-15,0,-26,8,6,0,-24,8,17,0,-39,8,4,0,-58,8,-46,0,75,8,26,0,70,8,-61,8,-69,8,14,8,-39,8,-33,8,-1,8,0,0,0,0,-66,8,63,0,-50,8,67,0,-23,8,47,0,19,8,13,0,61,8,-35,8,-59,8,71,8,-39,8,38,8,-31,8,20,8,-33,8,14,8,-46,8,16,8,-63,8,41,8,-73,8,-64,8,-63,8]"
CSI_DATA,6311,d8:b1:90:d9:de:f0,-43,11,-99,-35,44,104,450503948,100,0,114,0,"[-24,10,-28,9,-31,7,-32,6,-32,4,-31,3,-30,1,-30,0,-28,1,-27,0,-26,0,-25,0,-26,0,-26,0,-26,0,-28,0,-29,1,-29,0,-30,0,-31,1,-31,0,-32,0,-31,0,-30,0,-30,0,-30,0,-30,0,-30,0,0,0,-28,0,-27,0,-28,0,-29,0,-29,0,-30,0,-29,0,-29,0,-29,0,-28,0,-27,0,-25,0,-24,0,-23,0,-22,0,-21,0,-20,1,-21,0,-21,1,-23,1,-24,1,-24,0,-25,0,-24,0,-25,0,-24,-1,-22,-2,-20,-4]"
CSI_DATA,6312,d8:b1:90:d9:de:f0,-47,11,-99,-32,48,104,450597705,277,0,106,0,"[-39,8,24,0,27,0,-2,8,-61,0,-19,8,-30,0,-24,8,-23,0,-19,8,-28,0,-18,8,-44,0,-33,8,-59,0,-68,8,-71,0,21,8,67,0,-36,7,-70,0,65,7,-50,0,52,7,-29,0,68,7,0,0,0,0,-36,0,-5,7,-56,0,33,8,42,0,-70,8,-7,8,-40,8,-50,8,-21,8,64,8,-15,8,55,8,-14,8,53,8,-7,8,53,8,5,0,52,8,30,0,42,8,59,0,32,8,-46,0,34,8]"
CSI_DATA,6313,d8:b1:90:d9:de:f0,-46,9,-99,-35,48,104,450598159,98,0,106,0,"[-31,9,-33,9,3,0,34,0,17,0,-64,0,9,0,-30,0,-4,9,-22,0,-12,9,-31,0,0,9,-41,0,31,0,-42,0,-77,0,-25,0,-35,0,7,0,-16,0,55,0,-31,0,-67,0,-76,0,-60,0,0,0,0,0,3,0,39,0,-12,9,-10,0,0,0,-69,0,28,0,35,0,63,0,6,0,-66,0,-3,9,-58,0,-1,9,-60,0,-3,9,-61,0,-8,9,-55,0,-25,9,-37,0,-53,9,-17,0,-76,9,-6,0]"
CSI_DATA,6314,d8:b1:90:d9:de:f0,-47,9,-99,-33,48,104,450598317,120,0,106,0,"[-57,8,-9,8,21,0,-10,8,-64,0,-5,8,-29,0,0,0,-19,0,8,0,-31,0,5,0,-42,0,-15,8,-56,0,-56,8,-67,0,28,8,-68,0,-31,8,-59,0,68,8,-42,0,48,8,-21,0,61,8,0,0,0,0,-37,0,-12,8,-54,0,32,8,48,0,-70,8,0,0,-30,8,-47,8,-2,8,70,8,9,0,56,8,13,0,59,8,20,0,65,8,35,0,72,8,59,0,-71,8,-48,0,-62,8,-9,0,-46,8]"
CSI_DATA,6315,d8:b1:90:d9:de:f0,-47,9,-99,-35,49,104,450598457,120,0,106,0,"[-20,8,46,0,1,0,-21,8,27,0,66,8,59,0,45,8,-63,0,51,8,-63,0,57,8,61,0,63,8,34,0,46,8,2,0,7,8,-14,8,-48,7,-2,8,45,7,31,0,26,7,-68,0,46,7,0,0,0,0,-41,0,-14,7,-48,0,34,8,53,0,-60,8,4,0,-29,8,-42,8,-19,8,69,8,-22,8,61,8,-31,8,61,8,-28,8,59,8,-24,8,50,8,-10,8,27,8,9,0,-3,7,25,0,-18,7]"
CSI_DATA,6316,d8:b1:90:d9:de:f0,-46,9,-99,-37,48,104,450807057,98,0,106,0,"[68,0,-60,9,-42,0,63,9,-13,0,50,9,-14,0,70,9,-38,0,-62,9,-82,0,-31,9,19,0,-4,9,-64,9,3,0,15,9,-4,9,-58,9,-25,9,78,9,-53,9,-73,9,-66,9,-28,9,-63,9,0,0,0,0,78,9,7,0,-42,9,61,0,-10,9,-45,0,2,0,-5,0,-1,9,3,0,-12,9,-22,0,-18,9,-69,0,-11,9,42,0,7,0,-12,9,40,0,-67,9,81,0,53,9,-55,0,20,9,-51,0]"
CSI_DATA,6317,d8:b1:90:d9:de:f0,-47,9,-99,-39,49,104,450807162,108,0,106,0,"[-58,9,56,0,46,9,-58,0,20,9,-46,0,17,9,-64,0,41,9,60,0,-76,9,31,0,-14,9,4,0,60,0,-9,9,-11,0,-7,9,60,0,7,0,-68,0,31,0,-75,0,43,0,35,0,40,0,0,0,0,0,-71,0,-16,9,38,0,-61,9,4,0,42,9,-11,9,4,9,-13,9,0,8,-2,9,21,9,8,0,67,9,8,0,-39,9,-3,9,17,0,-26,9,72,0,-54,9,-35,0,77,9,3,0,74,9]"
CSI_DATA,6318,d8:b1:90:d9:de:f0,-43,11,-99,-35,44,104,451015502,277,0,106,0,"[66,0,-61,0,64,0,26,0,56,0,55,0,39,0,33,0,13,0,-26,0,-8,14,-101,0,-30,14,46,0,-51,14,-68,14,-69,14,56,14,-81,14,-49,13,-87,14,-96,13,-80,14,-81,13,-68,14,-12,13,0,0,0,0,-41,14,-58,14,-15,14,57,0,1,0,-81,0,21,0,-6,0,26,0,15,0,21,0,-17,0,8,0,-88,0,-6,14,82,0,-21,14,-3,14,-35,14,-92,14,-59,14,69,14,-94,14,6,14,-123,14]"
CSI_DATA,6319,d8:b1:90:d9:de:f0,-43,9,-99,-37,44,104,451015965,130,0,106,0,"[-50,0,-20,15,41,1,3,0,66,1,14,0,34,1,18,0,-20,0,26,0,-106,0,33,0,52,0,39,0,-78,15,52,0,54,15,62,0,-55,14,73,0,-108,14,81,0,-89,14,83,0,-13,14,68,0,0,0,0,0,-65,15,47,0,54,0,8,0,-93,0,-25,15,-16,0,-58,15,10,1,-72,15,-23,0,-65,15,-95,0,-42,15,90,0,-9,15,6,0,23,0,-79,15,65,0,100,15,117,0,51,15,-87,0,61,15]"
CSI_DATA,6320,d8:b1:90:d9:de:f0,-43,9,-99,-39,45,104,451016136,113,0,106,0,"[14,0,55,14,42,0,-24,13,51,0,-53,13,49,0,-24,13,46,0,31,14,43,0,112,14,38,0,-39,14,38,0,78,0,38,0,-40,0,45,0,54,0,55,0,102,0,63,0,86,0,58,0,22,0,0,0,0,0,40,0,60,0,11,0,-60,14,-23,14,86,14,-51,14,10,14,-68,14,-3,13,-67,14,23,14,-48,14,89,14,-14,14,-77,14,17,0,-2,14,63,0,73,0,119,0,-101,0,-71,0,-64,0,-38,0]"
CSI_DATA,6321,d8:b1:90:d9:de:f0,-43,9,-99,-36,44,104,451433798,113,0,106,0,"[63,15,-101,15,7,15,95,15,-14,14,78,15,9,15,87,15,64,15,111,15,-125,15,-114,15,-32,15,-80,15,82,0,-38,15,-54,0,0,0,47,1,29,0,94,1,34,0,75,1,34,0,8,1,27,0,0,0,0,0,53,0,10,0,-64,15,28,0,76,15,56,0,2,15,82,0,-22,14,88,0,11,15,75,0,77,15,54,0,-102,15,21,0,-17,15,-24,15,58,0,-81,15,-126,0,107,15,-92,0,44,15,-108,0]"
CSI_DATA,6322,d8:b1:90:d9:de:f0,-42,9,-99,-37,44,104,451433925,352,0,106,0,"[-87,15,47,15,-102,15,-29,14,-125,15,-45,14,-127,15,-15,14,-116,15,34,15,-77,15,95,15,-10,15,-107,15,92,0,-57,15,-53,0,-29,15,43,1,-26,15,92,1,-50,15,73,1,-77,15,1,1,-80,15,0,0,0,0,79,0,-13,15,-3,15,80,0,-54,15,-86,0,-69,15,-3,0,-54,15,29,1,-27,15,0,1,-12,15,-69,0,-21,15,115,0,-44,15,32,0,-95,15,-41,15,89,15,-96,15,10,15,-100,15,-19,14]"
CSI_DATA,6323,d8:b1:90:d9:de:f0,-46,11,-99,-39,48,104,451503686,100,0,228,0,"[-7,3,-8,6,-10,8,-11,11,-12,13,-13,14,-13,15,85,50,-12,13,-11,12,-9,11,-8,9,-6,8,-4,6,-1,5,1,4,4,2,8,1,11,0,15,0,17,0,24,-40,19,-2,19,-1,19,0,17,0,15,0,13,0,0,0,6,0,3,0,0,-1,-2,-2,-6,-4,-8,-5,65,10,-13,-8,-13,-8,-13,-8,-13,-8,-12,-7,-10,-6,-8,-5,-7,-4,-6,-2,-4,0,-2,2,-2,4,0,6,0,0,1,11,1,13,1,15,0,15,0,15,-1,14,-2,11,-13,-8,-17,2,-11,14,1,19,13,12,16,0,9,-10,-14,2,-7,-4,-4,3,1,5,6,0,4,-7,-4,-9,-12,-2,-13,8,-3,17,11,15,19,3,15,-11,2,-17,10,-15,-13,-1,-7,6,1,6,4,0,0,-4,-6,-2,0,0,-2,11,8,12,16,3,15,-9,4,-18,-9,-17,-29,-11,-15,7,-4,13,4,9,6,2,3,-1,0,0,0,2,4,2,6,-1,5,-7,-2,-11,-9,-7,-13,1,-8,19,0,13,10,9,12,0,6,-7,0,-7,-4,-3,-2,2]"
CSI_DATA,6324,d8:b1:90:d9:de:f0,-43,9,-99,-36,44,104,451642661,130,0,106,0,"[-99,0,104,15,-37,0,45,15,-25,0,16,15,-56,0,20,15,-102,0,54,15,115,0,115,15,76,0,-60,15,47,0,52,0,36,0,-84,0,54,0,22,1,84,0,73,1,115,0,59,1,113,0,-11,0,0,0,0,0,41,0,56,0,-40,15,-32,15,112,15,-101,15,25,15,-124,15,-16,14,-112,15,5,15,-82,15,69,15,-49,15,-114,15,-28,15,-24,15,-29,15,56,0,-51,15,-119,0,-97,15,-72,0,99,15,-90,0]"
CSI_DATA,6325,d8:b1:90:d9:de:f0,-42,11,-99,-37,44,104,452059996,277,0,106,0,"[-110,0,-85,0,-76,0,-20,0,-60,0,-8,0,-64,0,-39,0,-106,0,-81,0,92,0,-120,0,7,0,103,0,-100,15,83,0,42,15,74,0,-51,14,87,0,-89,14,103,0,-68,14,117,0,0,15,97,0,0,0,0,0,-78,15,16,0,-4,15,-77,15,48,0,86,15,78,0,14,15,79,0,-12,14,71,0,12,15,62,0,79,15,62,0,-115,15,80,0,-36,15,123,0,38,0,-81,0,101,0,-19,0,-130,0,8,1]"
CSI_DATA,6326,d8:b1:90:d9:de:f0,-43,9,-99,-36,44,104,452060494,124,0,106,0,"[114,15,-85,0,70,15,-26,0,76,15,5,1,118,15,-7,0,-97,15,-52,0,-77,15,-124,0,-69,15,44,0,-87,15,-73,15,114,15,81,15,56,15,15,15,4,15,7,15,-11,14,46,15,32,15,104,15,0,0,0,0,-52,15,-30,15,65,0,-23,15,-83,0,-41,15,-13,0,-82,15,2,1,-114,15,-33,0,-115,15,-94,0,-88,15,105,0,-40,15,59,0,25,0,48,0,107,0,57,0,-59,0,98,0,-4,0,-103,0]"
CSI_DATA,6327,d8:b1:90:d9:de:f0,-43,9,-99,-35,44,104,452269366,108,0,106,0,"[78,14,-122,0,12,14,-80,0,1,14,-52,0,33,14,-56,0,81,14,-92,0,-120,14,104,0,-73,14,21,0,-44,14,-86,14,-34,14,44,14,-46,14,-48,13,-68,14,-81,13,-87,14,-62,13,-83,14,6,14,0,0,0,0,-6,14,-61,14,74,0,16,0,-82,0,72,0,-11,0,98,0,11,0,91,0,-14,0,75,0,-82,0,54,0,96,0,50,0,18,0,62,0,-63,14,95,0,119,14,-103,0,89,14,-41,0,117,14]"
CSI_DATA,6328,d8:b1:90:d9:de:f0,-43,9,-99,-35,44,104,452269502,101,0,106,0,"[41,14,10,0,-44,13,-5,14,-71,13,0,14,-38,13,-1,14,18,14,-6,14,102,14,-20,14,-49,14,-32,14,63,0,-59,14,-60,0,-85,14,22,0,-107,14,65,0,120,14,56,0,119,14,-8,0,-97,14,0,0,0,0,44,0,-8,14,-56,14,58,0,110,14,118,0,55,14,-79,0,32,14,-66,0,53,14,-98,0,105,14,103,0,-88,14,34,0,-36,14,-31,14,16,0,-104,14,61,0,61,14,80,0,3,14,57,0]"
CSI_DATA,6329,d8:b1:90:d9:de:f0,-42,9,-99,-37,44,104,452478274,130,0,106,0,"[-68,15,72,15,-68,15,-24,14,-79,15,-58,14,-82,15,-40,14,-62,15,14,15,-25,15,76,15,36,0,-117,15,121,0,-34,15,-38,0,36,0,53,1,80,0,97,1,89,0,93,1,74,0,27,1,56,0,0,0,0,0,81,0,18,0,-33,15,33,0,114,15,68,0,38,15,111,0,12,15,-130,0,32,15,123,0,86,15,88,0,-122,15,34,0,-71,15,-25,15,-29,15,-109,15,-7,15,66,15,-16,15,-4,14,-54,15]"
CSI_DATA,6330,d8:b1:90:d9:de:f0,-42,9,-99,-35,43,104,452478400,124,0,106,0,"[-124,0,123,16,-57,0,76,16,-45,0,32,16,-83,0,28,16,-119,0,56,16,126,0,114,16,122,0,-85,16,-123,0,10,0,-57,0,106,0,16,1,-118,0,77,1,-116,0,79,1,126,0,19,1,69,0,0,0,0,0,106,0,8,0,-7,16,64,0,-86,16,-138,0,-130,16,-59,0,-129,16,-16,0,-99,16,-31,0,-67,16,-80,0,-59,16,129,0,-74,16,63,0,-124,16,3,0,77,16,-37,16,8,16,-26,16,-13,15]"
CSI_DATA,6331,d8:b1:90:d9:de:f0,-40,11,-99,-36,42,104,452503701,100,0,114,0,"[-32,-16,-35,-20,-37,-22,-37,-25,-35,-23,-33,-23,-32,-22,-32,-22,-31,-20,-30,-20,-30,-18,-30,-16,-31,-16,-31,-16,-33,-13,-35,-13,-37,-13,-37,-15,-40,-13,-40,-11,-41,-10,-41,-8,-40,-7,-41,-6,-40,-6,-40,-5,-40,-5,-39,-3,0,0,-39,0,-37,-1,-39,0,-37,1,-39,2,-39,3,-37,5,-36,6,-35,6,-33,7,-32,8,-30,10,-28,10,-27,11,-25,10,-25,11,-22,12,-23,13,-23,15,-22,15,-23,17,-23,17,-23,17,-25,17,-25,17,-25,17,-23,15,-21,12]"
CSI_DATA,6332,d8:b1:90:d9:de:f0,-42,11,-99,-34,43,104,452686692,277,0,106,0,"[54,15,104,0,-15,14,129,0,-26,14,-112,0,15,15,-113,0,79,15,129,0,-132,15,70,0,-70,15,-14,15,-33,15,-123,15,-19,15,15,15,-27,15,-77,14,-63,15,-115,14,-91,15,-88,14,-83,15,-10,14,0,0,0,0,-10,15,-82,15,86,0,-10,15,-88,0,33,0,-11,0,47,0,11,1,36,0,-21,0,25,0,-94,0,10,0,98,0,19,0,16,0,43,0,-56,15,94,0,-110,15,-100,0,-128,15,-27,0,-78,15]"
CSI_DATA,6333,d8:b1:90:d9:de:f0,-43,9,-99,-34,44,104,452687137,98,0,106,0,"[25,14,-2,14,-43,13,-3,14,-58,13,18,0,-25,13,36,0,39,14,39,0,109,14,19,0,-59,14,-36,14,8,0,118,14,51,0,19,14,60,0,-72,13,38,0,-115,13,-2,14,-95,13,-28,14,-23,13,0,0,0,0,5,0,-81,14,71,0,0,0,-84,0,54,0,-16,0,70,0,5,0,56,0,-22,0,31,0,-85,0,17,0,87,0,16,0,15,0,41,0,-48,14,94,0,-88,14,-74,0,-88,14,-4,0,-37,14]"
CSI_DATA,6334,d8:b1:90:d9:de:f0,-42,9,-99,-38,44,104,452896035,120,0,106,0,"[127,0,86,15,-93,0,18,15,-97,0,-19,14,-127,0,-5,14,108,0,30,15,86,0,106,15,80,0,-77,15,105,0,41,0,-118,0,-124,0,-63,0,-38,0,-11,0,-12,0,-8,0,-45,0,-48,0,-100,0,0,0,0,0,52,0,45,0,-64,15,29,0,84,15,42,0,2,15,70,0,-22,14,97,0,8,15,99,0,67,15,85,0,134,15,48,0,-77,15,-10,15,-44,15,-85,15,-31,15,96,15,-43,15,28,15,-92,15]"
CSI_DATA,6335,d8:b1:90:d9:de:f0,-42,9,-99,-36,43,104,452896166,124,0,106,0,"[49,16,50,0,-35,15,57,0,-69,15,77,0,-34,15,98,0,20,16,87,0,88,16,48,0,-124,16,-13,16,-65,16,-108,16,-14,16,59,16,4,0,-46,15,-12,16,-95,15,-37,16,-79,15,-50,16,-3,15,0,0,0,0,-5,16,-97,16,79,0,11,0,-103,0,83,0,-20,0,122,0,16,1,118,0,-4,0,97,0,-65,0,69,0,-140,0,59,0,66,0,71,0,-10,16,106,0,-83,16,-114,0,-116,16,-51,0,-89,16]"
CSI_DATA,6336,d8:b1:90:d9:de:f0,-43,11,-99,-36,44,104,453313388,277,0,106,0,"[-16,15,45,15,-23,15,-32,14,-49,15,-55,14,-71,15,-24,14,-69,15,32,15,-37,15,96,15,18,0,-86,15,108,0,-25,15,-36,0,11,0,57,1,13,0,97,1,-17,15,71,1,-48,15,2,1,-62,15,0,0,0,0,58,0,-8,15,-26,15,76,0,-79,15,-80,0,-96,15,-1,0,-78,15,29,1,-48,15,1,1,-31,15,-63,0,-31,15,119,0,-52,15,41,0,-99,15,-27,15,89,15,-80,15,19,15,-89,15,-5,14]"
CSI_DATA,6337,d8:b1:90:d9:de:f0,-42,9,-99,-35,43,104,453313833,130,0,106,0,"[90,16,-137,16,40,16,73,16,17,16,55,16,43,16,75,16,87,16,107,16,-113,16,-133,16,-19,16,-97,16,101,0,-66,16,-41,0,-43,16,53,1,-39,16,111,1,-46,16,82,1,-54,16,5,1,-44,16,0,0,0,0,64,0,4,0,-52,16,77,0,131,16,-130,0,68,16,-70,0,50,16,-47,0,77,16,-75,0,123,16,-134,0,-110,16,68,0,-67,16,-8,16,-38,16,-104,16,-30,16,78,16,-43,16,10,16,-74,16]"
CSI_DATA,6338,d8:b1:90:d9:de:f0,-43,9,-99,-36,44,104,453313941,113,0,106,0,"[-104,0,116,15,-33,0,72,15,-16,0,51,15,-39,0,63,15,-80,0,106,15,-123,0,-92,15,88,0,-5,15,49,0,101,0,20,0,-38,0,3,0,56,1,12,0,93,1,15,0,76,1,12,0,8,1,0,0,0,0,-9,15,55,0,-64,15,-50,15,-126,15,111,15,80,15,54,15,66,15,36,15,86,15,58,15,-121,15,107,15,-62,15,-102,15,11,0,-63,15,96,0,-36,15,-69,0,-26,15,-8,0,-34,15,1,1]"
CSI_DATA,6339,d8:b1:90:d9:de:f0,-42,9,-99,-37,44,104,453356512,98,0,106,0,"[99,0,84,15,-125,0,19,15,129,0,-18,14,93,0,-9,14,65,0,32,15,54,0,98,15,77,0,-89,15,-127,0,-8,15,-36,0,56,0,52,1,79,0,100,1,61,0,85,1,11,0,12,1,-26,15,0,0,0,0,75,0,-8,15,-11,15,75,0,-65,15,-94,0,-76,15,-9,0,-52,15,25,1,-22,15,2,1,-9,15,-61,0,-19,15,128,0,-55,15,67,0,-122,15,23,0,65,15,5,0,3,15,29,0,-3,14]"
CSI_DATA,6340,d8:b1:90:d9:de:f0,-46,11,-99,-38,47,104,453504035,100,0,228,0,"[6,1,9,0,12,-2,15,-3,17,-4,18,-4,19,-5,92,55,17,-3,16,-3,14,-3,12,-3,9,-3,7,-4,4,-5,0,-5,-2,-6,-5,-8,-9,-8,-12,-11,-15,-11,26,-44,-17,-12,-17,-13,-16,-13,-14,-11,-11,-11,-9,-8,0,0,-5,-4,-2,-1,0,0,1,3,3,7,4,10,64,0,6,15,7,17,6,17,6,17,5,15,5,14,5,11,4,8,3,6,3,4,3,1,3,0,4,-3,53,0,6,-8,7,-11,8,-12,10,-12,10,-11,10,-10,9,-8,4,15,16,9,20,-2,12,-15,-1,-19,-12,-11,-14,0,12,4,2,8,4,1,1,-3,-5,-2,-6,4,0,11,9,10,16,0,13,-13,0,-20,-14,-14,-21,0,-13,14,-16,5,11,9,11,-2,2,-8,-5,-4,-4,3,2,7,0,0,11,-6,3,-15,-10,-14,-19,-3,-16,11,-4,20,15,29,16,4,12,-6,3,-10,-2,-7,-3,-2,0,0,0,-2,-2,-4,-7,-2,-8,3,-4,10,3,12,13,7,20,-9,8,-13,-2,-14,-11,-8,-11,1,-5,8,1,6,4,1]"
CSI_DATA,6341,d8:b1:90:d9:de:f0,-43,11,-99,-36,44,104,453731185,277,0,106,0,"[119,15,-108,0,60,15,-47,0,52,15,-19,0,85,15,-26,0,118,15,-68,0,-105,15,116,0,-70,15,28,0,-65,15,-88,15,-64,15,45,15,-91,15,-45,14,127,15,-86,14,108,15,-62,14,112,15,12,15,0,0,0,0,-50,15,-49,15,41,0,30,0,-116,0,90,0,-37,0,113,0,-3,0,105,0,-24,0,84,0,-83,0,58,0,100,0,39,0,20,0,49,0,-59,15,72,0,123,15,118,0,82,15,-91,0,102,15]"
CSI_DATA,6342,d8:b1:90:d9:de:f0,-43,9,-99,-35,44,104,453731639,108,0,106,0,"[34,0,44,14,62,0,-34,13,52,0,-60,13,34,0,-42,13,21,0,17,14,30,0,82,14,59,0,-78,14,116,0,21,0,-54,0,105,0,28,0,-91,0,68,0,-81,0,65,0,-117,0,12,0,88,0,0,0,0,0,71,0,22,0,-39,14,32,0,101,14,65,0,32,14,106,0,16,14,-113,0,45,14,-114,0,95,14,101,0,-103,14,54,0,-62,14,-10,14,-42,14,-88,14,-42,14,80,14,-70,14,20,14,-110,14]"
CSI_DATA,6343,d8:b1:90:d9:de:f0,-43,9,-99,-35,44,104,453731766,98,0,106,0,"[47,14,-1,14,-34,13,-31,14,-63,13,-37,14,-34,13,-35,14,20,14,-35,14,102,14,-50,14,-50,14,-58,14,70,0,-79,14,-55,0,-102,14,40,0,119,14,82,0,100,14,65,0,101,14,0,0,-117,14,0,0,0,0,58,0,-34,14,-40,14,29,0,118,14,99,0,58,14,-94,0,36,14,-76,0,56,14,-98,0,102,14,104,0,-97,14,47,0,-46,14,-20,14,0,0,-90,14,34,0,76,14,50,0,12,14,28,0]"
CSI_DATA,6344,d8:b1:90:d9:de:f0,-43,9,-99,-35,44,104,453731925,113,0,106,0,"[-80,14,-56,0,-117,14,12,0,-114,14,42,0,-89,14,32,0,-63,14,-29,0,-56,14,-92,0,-71,14,65,0,-115,14,-34,14,65,14,121,14,-16,13,61,14,-58,13,56,14,-60,13,95,14,-13,13,-101,14,0,0,0,0,-70,14,-20,14,38,0,-26,14,-99,0,-61,14,-34,0,-103,14,-18,0,108,14,-46,0,108,14,-98,0,-105,14,103,0,-55,14,68,0,5,0,55,0,90,0,65,0,-84,0,109,0,-31,0,-100,0]"
CSI_DATA,6345,d8:b1:90:d9:de:f0,-43,9,-99,-35,44,104,453732043,310,0,106,0,"[-71,14,63,14,-84,14,-23,13,-94,14,-48,13,-85,14,-25,13,-61,14,28,14,-27,14,95,14,28,0,-70,14,105,0,25,0,-61,0,117,0,9,0,-58,0,44,0,-34,0,34,0,-54,0,-17,0,-95,0,0,0,0,0,61,0,32,0,-44,14,-17,14,90,14,-50,14,12,14,-67,14,-11,13,-68,14,13,14,-63,14,74,14,-50,14,-102,14,-48,14,-16,14,-45,14,68,0,-59,14,-95,0,-85,14,-39,0,-123,14,-43,0]"
CSI_DATA,6346,d8:b1:90:d9:de:f0,-43,9,-99,-36,44,104,453732265,290,0,106,0,"[-48,0,3,0,30,1,4,0,56,1,-16,15,26,1,-38,15,-25,0,-45,15,-93,0,-21,15,94,0,31,0,30,0,118,0,-20,15,-31,0,-26,15,59,1,3,0,105,1,46,0,86,1,64,0,17,1,0,0,0,0,24,0,71,0,-46,15,-18,15,119,15,-79,15,37,15,-98,15,4,15,-83,15,20,15,-58,15,75,15,-38,15,-109,15,-37,15,-43,15,-55,15,20,0,-98,15,66,0,91,15,69,0,26,15,24,0]"
CSI_DATA,6347,d8:b1:90:d9:de:f0,-42,9,-99,-37,44,104,453732461,252,0,106,0,"[-42,0,-31,15,36,1,-36,15,60,1,-60,15,28,1,-75,15,-23,0,-64,15,-87,0,-39,15,113,0,29,0,68,0,122,0,43,0,-31,0,39,0,62,1,74,0,102,1,97,0,85,1,100,0,10,1,0,0,0,0,31,0,85,0,-61,15,20,0,102,15,-23,15,19,15,-29,15,-14,14,-15,15,11,15,-1,15,71,15,7,0,-128,15,-9,15,-65,15,-45,15,-22,15,-107,15,1,0,80,15,-14,15,16,15,-56,15]"
CSI_DATA,6348,d8:b1:90:d9:de:f0,-43,9,-99,-34,44,104,453732608,224,0,106,0,"[69,14,119,0,8,14,-82,0,1,14,-52,0,34,14,-50,0,80,14,-82,0,116,14,107,0,-101,14,32,0,-109,14,-66,14,101,14,72,14,50,14,1,14,3,14,-9,13,-11,13,28,14,19,14,87,14,0,0,0,0,-64,14,-47,14,40,0,-44,14,-101,0,-63,14,-40,0,-106,14,-28,0,99,14,-55,0,98,14,-102,0,-115,14,99,0,-63,14,76,0,0,14,77,0,68,0,106,0,-103,0,-89,0,-67,0,-50,0]"
CSI_DATA,6349,d8:b1:90:d9:de:f0,-43,9,-99,-35,44,104,453940547,124,0,106,0,"[36,14,24,0,-40,13,26,0,-62,13,36,0,-28,13,44,0,29,14,34,0,98,14,0,0,-70,14,-46,14,14,0,-119,14,90,0,41,14,-113,0,-28,13,-103,0,-67,13,-124,0,-49,13,90,0,12,14,0,0,0,0,34,0,-42,14,37,0,73,0,63,0,-72,0,93,0,-5,0,100,0,9,0,89,0,-21,0,59,0,-76,0,16,0,112,0,-37,14,59,0,-103,14,19,0,67,14,-8,14,9,14,-12,14,1,14]"
CSI_DATA,6350,d8:b1:90:d9:de:f0,-43,11,-99,-36,44,104,454148983,277,0,106,0,"[125,0,65,15,-90,0,-7,14,-97,0,-44,14,120,0,-29,14,80,0,17,15,57,0,91,15,54,0,-72,15,86,0,37,0,-114,0,-115,0,-47,0,-53,0,5,1,-39,0,17,1,-77,0,-33,0,121,0,0,0,0,0,38,0,40,0,-71,15,52,0,88,15,89,0,37,15,-120,0,32,15,-89,0,79,15,-98,0,-122,15,116,0,-74,15,60,0,-43,15,-11,15,-35,15,-89,15,-51,15,93,15,-87,15,47,15,-128,15]"
CSI_DATA,6351,d8:b1:90:d9:de:f0,-43,9,-99,-39,45,104,454149437,130,0,106,0,"[-51,0,94,0,25,0,-109,0,57,0,-111,0,38,0,115,0,-19,0,87,0,-93,0,58,0,55,0,46,0,-64,14,44,0,60,14,60,0,-32,13,91,0,-69,13,113,0,-42,13,-116,0,30,14,113,0,0,0,0,0,-41,14,10,0,42,0,-73,14,102,0,87,14,-119,0,23,14,-124,0,0,14,96,0,31,14,67,0,97,14,42,0,-75,14,29,0,3,0,25,0,90,0,34,0,-80,0,69,0,-28,0,96,0]"
CSI_DATA,6352,d8:b1:90:d9:de:f0,-43,9,-99,-35,44,104,454176169,101,0,106,0,"[122,0,-68,0,-101,0,0,0,-71,0,12,0,-68,0,-18,0,-95,0,-70,0,103,0,-120,0,25,0,85,0,-78,14,65,0,48,14,77,0,-37,13,110,0,-69,13,-93,0,-41,13,-68,0,28,14,-90,0,0,0,0,0,-70,14,47,0,-34,14,-56,14,-28,14,92,14,-44,14,24,14,-60,14,2,14,-62,14,35,14,-46,14,93,14,-6,14,-100,14,42,0,-53,14,114,0,-23,14,-57,0,-18,14,0,0,-43,14,0,0]"
CSI_DATA,6353,d8:b1:90:d9:de:f0,-43,9,-99,-35,44,104,454358326,98,0,106,0,"[-73,0,-106,14,-8,0,107,14,0,0,77,14,-29,0,77,14,-76,0,106,14,-123,0,-85,14,90,0,0,14,69,0,103,0,76,0,-34,0,102,0,53,0,-112,0,82,0,-95,0,45,0,-109,0,-26,0,0,0,0,0,27,0,51,0,-73,14,-4,14,68,14,-34,14,-3,13,-36,14,-25,13,-19,14,1,14,-10,14,65,14,-9,14,-114,14,-24,14,-48,14,-61,14,1,0,-117,14,36,0,62,14,35,0,3,14,0,0]"
CSI_DATA,6354,d8:b1:90:d9:de:f0,-42,11,-99,-35,43,104,454504014,100,0,114,0,"[29,6,31,8,33,11,33,11,35,13,33,13,32,14,30,11,29,9,29,10,29,8,30,8,29,7,29,5,30,5,31,4,32,4,34,4,34,3,37,2,34,1,35,0,35,-1,35,-2,35,-2,33,-2,33,-3,30,-4,0,0,31,-5,30,-6,30,-6,31,-6,30,-8,30,-8,30,-10,31,-11,29,-11,29,-13,27,-13,23,-13,22,-13,20,-13,20,-13,18,-13,18,-13,17,-14,17,-15,17,-16,18,-17,18,-17,18,-19,18,-18,18,-19,18,-17,18,-17,16,-15]"
CSI_DATA,6355,d8:b1:90:d9:de:f0,-42,11,-99,-38,44,104,454775679,277,0,106,0,"[74,15,-48,15,-12,14,-85,15,-45,14,-74,15,-29,14,-46,15,27,15,-27,15,96,15,-34,15,-94,15,-67,15,-1,15,132,15,67,0,39,15,113,0,-55,14,104,0,-97,14,63,0,-91,14,29,0,-18,14,0,0,0,0,9,0,-85,15,67,0,24,0,-126,0,115,0,-55,0,-106,0,-24,0,-108,0,-36,0,133,0,-87,0,100,0,120,0,81,0,39,0,78,0,-39,15,106,0,-104,15,-110,0,-129,15,-45,0,-98,15]"
CSI_DATA,6356,d8:b1:90:d9:de:f0,-42,9,-99,-37,44,104,454776133,98,0,106,0,"[67,0,78,15,115,0,0,15,116,0,-33,14,101,0,-10,14,87,0,42,15,68,0,122,15,75,0,-44,15,91,0,77,0,126,0,-69,0,-101,0,25,1,-69,0,61,1,-58,0,38,1,-93,0,-34,0,0,0,0,0,42,0,52,0,-59,15,-18,15,100,15,-82,15,17,15,-110,15,-14,14,-107,15,14,15,-91,15,80,15,-76,15,-108,15,-61,15,-21,15,-61,15,63,0,-78,15,-114,0,-118,15,-71,0,90,15,-78,0]"
CSI_DATA,6357,d8:b1:90:d9:de:f0,-42,9,-99,-35,43,104,454776238,130,0,106,0,"[-58,16,-79,0,-109,16,-1,0,-116,16,38,1,-109,16,14,1,-91,16,-40,0,-79,16,-123,0,-87,16,54,0,-111,16,-63,16,126,16,82,16,86,16,-10,15,55,16,-52,15,50,16,-29,15,89,16,40,16,0,0,0,0,-41,16,-64,16,69,0,0,0,-95,0,51,0,-9,0,75,0,23,1,79,0,-2,0,71,0,-69,0,55,0,125,0,56,0,37,0,66,0,-47,16,93,0,-135,16,-131,0,100,16,-77,0,113,16]"
CSI_DATA,6358,d8:b1:90:d9:de:f0,-43,9,-99,-38,45,104,454985058,108,0,106,0,"[52,14,24,0,-24,13,41,0,-50,13,71,0,-23,13,94,0,36,14,84,0,92,14,51,0,-90,14,-8,14,-49,14,-95,14,-23,14,35,14,-30,14,-50,13,-61,14,-79,13,-88,14,-54,13,-91,14,12,14,0,0,0,0,-17,14,-49,14,69,0,21,0,-75,0,65,0,2,0,71,0,33,0,48,0,12,0,24,0,-50,0,7,0,117,0,13,0,48,0,39,0,-16,14,90,0,-59,14,-84,0,-65,14,-12,0,-18,14]"
CSI_DATA,6359,d8:b1:90:d9:de:f0,-43,11,-99,-37,45,104,455402375,277,0,106,0,"[91,0,-62,0,-86,0,-5,0,-44,0,-3,0,-37,0,-47,0,-60,0,-88,0,-116,0,105,0,44,0,85,0,-55,13,89,0,88,13,-110,0,23,13,-61,0,8,13,-17,0,47,13,-10,0,107,13,-42,0,0,0,0,0,-25,13,33,0,-24,13,-73,13,-59,13,65,13,-105,13,4,13,96,13,-2,12,90,13,32,13,115,13,88,13,-69,13,-95,13,-6,13,-65,13,66,0,-63,13,-90,0,-88,13,-51,0,101,13,-65,0]"
CSI_DATA,6360,d8:b1:90:d9:de:f0,-43,9,-99,-35,44,104,455402838,98,0,106,0,"[5,0,40,14,12,0,-44,13,-6,14,-72,13,-17,14,-42,13,-15,14,13,14,3,0,87,14,42,0,-82,14,105,0,8,0,-65,0,89,0,0,0,-98,0,36,0,-88,0,32,0,-108,0,-25,0,102,0,0,0,0,0,34,0,26,0,-82,14,24,0,58,14,36,0,-15,13,57,0,-36,13,75,0,-2,13,73,0,61,14,49,0,-120,14,18,0,-51,14,-30,14,-2,14,-92,14,39,0,79,14,51,0,12,14,20,0]"
CSI_DATA,6361,d8:b1:90:d9:de:f0,-45,11,-99,-38,47,104,455503950,100,0,228,0,"[8,0,10,-2,12,-4,14,-5,17,-5,17,-5,18,-4,92,55,17,-2,15,-2,14,-2,11,-2,9,-2,7,-2,5,-4,2,-6,0,-8,-2,-11,-4,-13,-6,-16,-7,-17,26,-44,-6,-21,-5,-21,-5,-21,-3,-19,-2,-17,0,-14,0,0,0,-8,-1,-4,-2,-1,-3,1,-5,4,-8,7,88,11,-11,10,-14,11,-14,11,-14,9,-14,8,-12,7,-10,6,-8,5,-6,5,-4,5,-1,5,0,5,2,6,27,0,6,9,8,11,8,13,7,15,5,15,3,14,1,13,9,14,18,5,19,-8,8,-18,-5,-19,-14,-9,-14,2,12,5,2,7,5,0,2,-5,-4,-4,-8,1,-4,10,5,12,14,6,17,-6,7,-17,-7,-18,-18,-8,-17,5,-14,-4,5,13,10,3,7,-5,-2,-6,-7,0,-5,8,0,0,13,5,15,-6,7,-17,-6,-18,-18,-10,-20,4,-21,25,2,17,11,10,12,0,6,-5,0,-5,-1,-1,0,0,4,0,2,-5,-2,-8,-8,-5,-12,1,-9,10,4,23,10,11,14,2,11,-8,2,-12,-5,-8,-7,0,-2,3]"
CSI_DATA,6362,d8:b1:90:d9:de:f0,-43,9,-99,-35,44,104,455611737,130,0,106,0,"[-34,14,-60,0,-68,14,16,0,-77,14,46,0,-64,14,21,0,-57,14,-35,0,-55,14,-106,0,-63,14,45,0,-85,14,-64,14,-119,14,68,14,90,14,-17,13,66,14,-51,13,65,14,-29,13,99,14,28,14,0,0,0,0,-30,14,-55,14,60,0,15,0,-96,0,74,0,-29,0,107,0,-1,0,115,0,-29,0,106,0,-92,0,86,0,83,0,75,0,1,0,72,0,-88,14,80,0,78,14,102,0,25,14,-105,0,33,14]"
CSI_DATA,6363,d8:b1:90:d9:de:f0,-42,9,-99,-37,44,104,455611880,113,0,106,0,"[97,0,-82,0,-123,0,-8,0,-79,0,1,1,-67,0,-38,0,-98,0,-95,0,117,0,124,0,29,0,91,0,-80,15,91,0,66,15,123,0,-11,14,-83,0,-23,14,-24,0,13,15,-11,0,84,15,-45,0,0,0,0,0,-48,15,61,0,-43,15,-59,15,-73,15,96,15,-118,15,29,15,116,15,14,15,116,15,49,15,-117,15,109,15,-63,15,-112,15,8,0,-80,15,87,0,-85,15,-93,0,-120,15,-49,0,83,15,-83,0]"
CSI_DATA,6364,d8:b1:90:d9:de:f0,-43,11,-99,-39,45,104,456029071,277,0,106,0,"[59,14,-73,14,-4,13,-117,14,-26,13,118,14,-5,13,-114,14,37,14,-106,14,109,14,-93,14,-55,14,-83,14,52,0,-96,14,-84,0,-105,14,4,0,120,14,47,0,95,14,37,0,94,14,-20,0,115,14,0,0,0,0,74,0,-27,14,-1,14,60,0,-56,14,-100,0,-87,14,-21,0,-89,14,9,0,-80,14,-10,0,-60,14,-67,0,-45,14,103,0,-48,14,27,0,-65,14,-59,14,-102,14,104,14,99,14,53,14,54,14]"
CSI_DATA,6365,d8:b1:90:d9:de:f0,-43,9,-99,-40,45,104,456029552,113,0,106,0,"[21,0,-39,0,30,0,30,1,58,0,51,1,84,0,25,1,89,0,-26,0,63,0,-86,0,6,0,121,0,-84,15,90,0,66,15,90,0,-13,14,122,0,-46,14,-87,0,-15,14,-56,0,53,15,-72,0,0,0,0,0,-67,15,63,0,-59,15,-44,15,-86,15,114,15,120,15,46,15,79,15,38,15,72,15,75,15,100,15,-124,15,-98,15,-81,15,-27,15,-60,15,53,0,-80,15,118,0,119,15,-118,0,49,15,95,0]"
CSI_DATA,6366,d8:b1:90:d9:de:f0,-42,9,-99,-37,44,104,456062279,124,0,106,0,"[-62,0,89,0,12,1,-127,0,43,1,-127,0,18,1,114,0,-31,0,91,0,-103,0,79,0,64,0,85,0,-48,15,115,0,104,15,-99,0,21,15,-45,0,-6,14,-8,0,23,15,-6,0,83,15,-50,0,0,0,0,0,-52,15,50,0,-20,15,-68,15,-10,15,76,15,-22,15,-6,14,-37,15,-36,14,-43,15,-6,14,-30,15,60,15,-7,15,129,15,34,0,-58,15,101,0,3,0,-77,0,47,0,-3,0,51,0,22,1]"
CSI_DATA,6367,d8:b1:90:d9:de:f0,-42,9,-99,-38,44,104,456078288,130,0,106,0,"[-29,15,-41,0,-50,15,32,1,-40,15,64,1,-22,15,39,1,-18,15,-14,0,-32,15,-85,0,-75,15,109,0,127,15,27,0,28,15,-38,15,-48,14,-76,15,-86,14,-77,15,-72,14,-56,15,-3,14,-37,15,0,0,0,0,-80,15,-26,15,28,0,-82,15,111,0,121,15,-106,0,56,15,-96,0,28,15,-117,0,41,15,122,0,93,15,97,0,-113,15,87,0,-36,15,108,0,42,0,-124,0,119,0,-70,0,-115,0,-33,0]"
CSI_DATA,6368,d8:b1:90:d9:de:f0,-42,9,-99,-38,44,104,456238460,101,0,106,0,"[-57,15,65,15,-60,15,-27,14,-74,15,-52,14,-74,15,-23,14,-55,15,30,15,-21,15,103,15,27,0,-82,15,116,0,8,0,-52,0,86,0,23,1,-124,0,75,1,-116,0,69,1,132,0,0,1,94,0,0,0,0,0,64,0,23,0,-61,15,27,0,95,15,34,0,12,15,62,0,-13,14,83,0,21,15,77,0,85,15,48,0,-116,15,11,0,-45,15,-40,15,13,0,-108,15,59,0,78,15,65,0,9,15,30,0]"
CSI_DATA,6369,d8:b1:90:d9:de:f0,-42,11,-99,-37,44,104,456446869,277,0,106,0,"[-113,15,-96,0,86,15,-32,0,68,15,-9,0,87,15,-31,0,120,15,-84,0,-110,15,102,0,-66,15,4,0,-25,15,-114,15,7,0,25,15,34,0,-72,14,33,0,-112,14,22,0,-88,14,18,0,-10,14,0,0,0,0,2,0,-54,15,18,0,74,0,34,0,-77,0,56,0,1,1,62,0,19,1,47,0,-11,0,23,0,-80,0,-11,15,107,0,-49,15,25,0,-100,15,-46,15,101,15,-120,15,44,15,101,15,21,15]"
CSI_DATA,6370,d8:b1:90:d9:de:f0,-43,9,-99,-38,45,104,456447341,108,0,106,0,"[59,14,28,0,-25,13,26,0,-50,13,39,0,-24,13,40,0,32,14,32,0,101,14,4,0,-55,14,-37,14,38,0,-98,14,-110,0,71,14,-46,0,11,14,-29,0,-26,13,-48,0,-16,13,-93,0,36,14,0,0,0,0,29,0,-44,14,-12,14,64,0,-39,14,-74,0,-49,14,-1,0,-50,14,19,0,-44,14,-13,0,-39,14,-76,0,-42,14,93,0,-54,14,12,0,-81,14,-64,14,-118,14,101,14,81,14,55,14,51,14]"
CSI_DATA,6371,d8:b1:90:d9:de:f0,-43,9,-99,-38,45,104,456447494,130,0,106,0,"[-111,14,87,14,78,14,30,14,38,14,26,14,34,14,64,14,67,14,111,14,-113,14,-94,14,-28,14,-81,14,73,0,-92,14,-65,0,105,14,-2,0,41,14,2,0,-3,13,-43,0,-15,13,-107,0,21,14,0,0,0,0,33,0,-48,14,33,0,63,0,67,0,-78,0,113,0,-19,0,-96,0,-14,0,-96,0,-53,0,110,0,-104,0,58,0,93,0,-10,14,66,0,-84,14,69,0,84,14,97,0,45,14,-91,0,69,14]"
CSI_DATA,6372,d8:b1:90:d9:de:f0,-42,9,-99,-37,44,104,456447665,98,0,106,0,"[56,0,-62,0,53,0,27,1,59,0,55,1,57,0,29,1,43,0,-28,0,7,0,-98,0,-49,15,79,0,-125,15,-11,15,44,15,-100,15,-31,14,104,15,-65,14,85,15,-54,14,106,15,13,15,-121,15,0,0,0,0,-52,15,-41,15,68,0,-31,15,-80,0,-30,15,-3,0,-38,15,25,1,-47,15,-7,0,-39,15,-72,0,-16,15,122,0,20,0,48,0,60,0,-22,15,119,0,-79,15,-79,0,-102,15,-15,0,-81,15]"
CSI_DATA,6373,d8:b1:90:d9:de:f0,-43,9,-99,-36,44,104,456447788,98,0,106,0,"[77,15,84,0,-5,14,119,0,-22,14,-110,0,7,15,-111,0,61,15,119,0,124,15,68,0,-69,15,-8,15,-4,15,-116,15,41,0,26,15,67,0,-66,14,55,0,-106,14,28,0,-86,14,6,0,-10,14,0,0,0,0,2,0,-47,15,33,0,68,0,82,0,-85,0,-127,0,-25,0,-109,0,-13,0,-120,0,-46,0,99,0,-102,0,39,0,96,0,-24,15,45,0,-106,15,8,0,60,15,-10,15,-6,14,2,0,-14,14]"
CSI_DATA,6374,d8:b1:90:d9:de:f0,-41,11,-99,-36,43,104,456503644,100,0,114,0,"[-29,-12,-30,-15,-32,-19,-31,-21,-30,-23,-28,-23,-26,-23,-24,-22,-23,-22,-22,-23,-21,-22,-21,-23,-21,-22,-20,-23,-21,-25,-22,-25,-23,-25,-24,-28,-24,-29,-25,-28,-24,-29,-24,-30,-23,-30,-23,-30,-22,-29,-21,-29,-20,-29,-20,-28,0,0,-20,-26,-19,-29,-19,-29,-20,-29,-17,-29,-19,-30,-17,-30,-17,-30,-17,-29,-16,-28,-16,-26,-15,-25,-14,-24,-14,-22,-14,-22,-13,-20,-13,-20,-12,-19,-14,-20,-13,-21,-14,-22,-14,-24,-13,-25,-13,-25,-12,-26,-10,-26,-7,-25,-5,-22]"
CSI_DATA,6375,d8:b1:90:d9:de:f0,-43,9,-99,-39,45,104,456656212,98,0,106,0,"[-105,0,-106,0,-50,0,-55,0,-19,0,-48,0,-33,0,-75,0,-69,0,-113,0,111,0,104,0,28,0,96,0,-76,14,103,0,69,14,-113,0,-1,13,-78,0,-28,13,-44,0,2,14,-35,0,68,14,-68,0,0,0,0,0,-37,14,34,0,-1,14,-77,14,13,0,67,14,2,0,-13,13,-15,14,-39,13,-27,14,-10,13,-22,14,55,14,0,0,121,14,38,0,-66,14,102,0,-16,14,-74,0,6,0,-20,0,8,0,-5,0]"
CSI_DATA,6376,d8:b1:90:d9:de:f0,-43,11,-99,-38,45,104,456864666,277,0,106,0,"[-107,14,-72,0,112,14,-1,0,-108,14,28,0,-71,14,11,0,-49,14,-42,0,-49,14,-107,0,-77,14,58,0,103,14,-21,14,19,14,-77,14,-52,13,-96,14,-84,13,-75,14,-57,13,-34,14,7,14,-6,14,0,0,0,0,-37,14,-12,14,53,0,-73,14,-120,0,91,14,-98,0,25,14,-111,0,-5,13,102,0,13,14,75,0,67,14,66,0,-108,14,74,0,-40,14,112,0,16,0,-78,0,64,0,-23,0,68,0,-1,0]"
CSI_DATA,6377,d8:b1:90:d9:de:f0,-42,9,-99,-37,44,104,456865147,120,0,106,0,"[122,15,98,15,75,15,34,15,51,15,25,15,71,15,49,15,117,15,92,15,-81,15,-130,15,14,0,-104,15,121,0,-82,15,-23,0,-78,15,58,1,-89,15,86,1,-90,15,54,1,-101,15,-26,0,-84,15,0,0,0,0,43,0,5,0,-47,15,85,0,-116,15,-92,0,104,15,-28,0,100,15,-8,0,118,15,-34,0,-118,15,-98,0,-97,15,90,0,-87,15,12,0,-95,15,-74,15,-118,15,111,15,104,15,65,15,81,15]"
CSI_DATA,6378,d8:b1:90:d9:de:f0,-43,9,-99,-38,45,104,456865251,130,0,106,0,"[44,0,-44,0,56,0,28,0,76,0,44,0,78,0,6,0,56,0,-42,0,12,0,-100,0,-49,14,80,0,104,14,20,0,15,14,-20,14,-56,13,-50,14,-84,13,-45,14,-61,13,-29,14,15,14,-19,14,0,0,0,0,-33,14,-17,14,69,0,-53,14,-80,0,-105,14,-26,0,94,14,-11,0,80,14,-38,0,101,14,-85,0,-100,14,117,0,-48,14,77,0,18,0,63,0,89,0,61,0,-77,0,74,0,-21,0,98,0]"
CSI_DATA,6379,d8:b1:90:d9:de:f0,-44,9,-99,-36,45,104,456865377,124,0,106,0,"[49,0,-49,0,71,0,16,0,88,0,31,0,85,0,1,0,65,0,-45,0,23,0,-98,0,-39,13,81,0,105,13,30,0,13,13,0,13,-55,12,-13,13,-82,12,-12,13,-58,12,5,0,8,13,16,0,0,0,0,0,-37,13,-14,13,57,0,-62,13,-93,0,110,13,-48,0,63,13,-40,0,43,13,-66,0,60,13,-98,0,107,13,96,0,-63,13,76,0,1,0,75,0,73,0,88,0,-85,0,-114,0,-42,0,-92,0]"
CSI_DATA,6380,d8:b1:90:d9:de:f0,-42,11,-99,-38,44,104,457282463,277,0,106,0,"[-85,15,66,15,-122,15,-6,14,101,15,-14,14,87,15,24,15,108,15,74,15,-115,15,121,15,-42,15,-126,15,59,0,134,15,-113,0,84,15,-56,0,21,15,-46,0,-25,14,-94,0,-32,14,110,0,15,15,0,0,0,0,36,0,-85,15,70,0,37,0,-130,0,130,0,-52,0,-94,0,-9,0,-108,0,-15,0,118,0,-66,0,78,0,-129,0,54,0,66,0,60,0,-4,15,101,0,-49,15,-98,0,-42,15,-23,0,9,0]"
CSI_DATA,6381,d8:b1:90:d9:de:f0,-43,9,-99,-37,44,104,457282926,130,0,106,0,"[-72,15,-63,0,-98,15,13,1,-88,15,43,1,-62,15,21,1,-44,15,-27,0,-49,15,-102,0,-72,15,78,0,-129,15,-20,15,59,15,-106,15,-12,14,106,15,-56,14,96,15,-52,14,-130,15,3,15,-88,15,0,0,0,0,-59,15,-22,15,60,0,-39,15,-93,0,-84,15,-21,0,128,15,-12,0,91,15,-45,0,91,15,-100,0,125,15,106,0,-82,15,60,0,-9,15,44,0,75,0,57,0,-98,0,95,0,-37,0,-115,0]"
CSI_DATA,6382,d8:b1:90:d9:de:f0,-43,9,-99,-38,45,104,457283088,224,0,106,0,"[-33,14,50,14,-44,14,-24,13,-74,14,-44,13,-84,14,-16,13,-74,14,27,14,-44,14,90,14,16,0,-100,14,109,0,-54,14,-29,0,-23,14,54,0,-19,14,90,0,-40,14,67,0,-63,14,5,0,-70,14,0,0,0,0,64,0,-14,14,-16,14,64,0,-75,14,-87,0,-98,14,-7,0,-86,14,24,0,-62,14,8,0,-37,14,-45,0,-30,14,-118,0,-39,14,47,0,-78,14,-21,14,102,14,-83,14,37,14,-96,14,0,13]"
CSI_DATA,6383,d8:b1:90:d9:de:f0,-43,9,-99,-37,44,104,457283242,98,0,106,0,"[-43,15,55,15,-66,15,-23,14,-101,15,-44,14,-115,15,-9,14,-106,15,47,15,-57,15,103,15,9,0,-103,15,112,0,-62,15,-40,0,-47,15,52,1,-58,15,86,1,-91,15,61,1,-120,15,-14,0,-114,15,0,0,0,0,58,0,-25,15,-13,15,72,0,-54,15,-80,0,-55,15,8,1,-34,15,43,1,-9,15,13,1,5,0,-56,0,1,0,-131,0,-31,15,53,0,-86,15,-9,15,97,15,-49,15,21,15,-52,15,-6,14]"
CSI_DATA,6384,d8:b1:90:d9:de:f0,-43,9,-99,-38,45,104,457283356,98,0,106,0,"[63,14,-80,14,-8,13,-109,14,-40,13,-92,14,-25,13,-65,14,22,14,-44,14,84,14,-46,14,-76,14,-67,14,5,0,118,14,78,0,44,14,119,0,-31,13,111,0,-73,13,76,0,-64,13,38,0,-10,13,0,0,0,0,12,0,-62,14,49,0,41,0,118,0,-112,0,-59,0,-67,0,-22,0,-67,0,-28,0,-99,0,-71,0,97,0,110,0,67,0,34,0,54,0,-42,14,68,0,-110,14,115,0,92,14,-69,0,-119,14]"
CSI_DATA,6385,d8:b1:90:d9:de:f0,-46,11,-99,-37,47,104,457503743,100,0,228,0,"[-6,2,-8,5,-9,8,-10,11,-12,12,-13,13,-13,13,90,53,-12,11,-12,10,-10,10,-8,8,-6,8,-4,6,-1,5,2,5,5,5,9,5,12,5,16,5,18,7,25,-42,21,8,20,9,19,10,16,9,15,9,12,8,0,0,7,5,3,2,1,0,0,-3,-1,-6,-2,-10,-53,10,-4,-15,-4,-16,-2,-17,-2,-16,-2,-15,-2,-14,-2,-12,-1,-9,-1,-7,-2,-5,-3,-2,-4,0,-6,1,-70,10,-10,5,-12,6,-13,7,-15,5,-16,5,-15,2,-13,1,-14,-8,-19,3,-13,16,0,21,13,14,18,0,11,-9,-13,1,-7,-5,-5,2,0,5,5,0,5,-5,-2,-10,-11,-6,-14,5,-8,16,6,18,18,9,18,-5,8,-17,15,-8,-13,-6,-10,5,-1,8,5,3,4,-5,-2,-8,0,0,-10,8,-2,16,10,15,19,3,17,-10,5,-20,-13,-30,-17,-5,-14,6,-5,11,2,8,5,2,2,0,0,0,0,3,5,4,8,0,8,-7,0,-12,-8,-10,-22,1,-13,8,-4,14,5,13,11,4,9,-3,2,-6,-2,-3]"
CSI_DATA,6386,d8:b1:90:d9:de:f0,-43,9,-99,-40,45,104,457700760,130,0,106,0,"[51,15,3,0,-40,14,-9,15,-71,14,1,0,-47,14,10,0,13,15,6,0,87,15,-5,15,-77,15,-40,15,29,0,-95,15,-125,0,94,15,-46,0,31,15,-22,0,-10,14,-41,0,-9,14,-90,0,43,15,0,0,0,0,44,0,-49,15,2,0,62,0,-23,15,-79,0,-24,15,2,1,-14,15,30,1,-9,15,2,1,-6,15,-67,0,-14,15,112,0,-34,15,28,0,-75,15,-55,15,125,15,126,15,58,15,89,15,21,15]"
CSI_DATA,6387,d8:b1:90:d9:de:f0,-42,9,-99,-37,44,104,457700895,98,0,106,0,"[-54,0,36,0,26,1,49,0,63,1,26,0,44,1,-6,15,-13,0,-24,15,-77,0,-14,15,107,0,30,0,40,0,112,0,-7,15,-45,0,-13,15,52,1,13,0,98,1,49,0,78,1,63,0,6,1,0,0,0,0,19,0,82,0,-68,15,8,0,88,15,-25,15,4,15,-28,15,-26,14,-5,15,-3,14,19,0,62,15,27,0,-126,15,13,0,-61,15,-28,15,-11,15,-99,15,11,0,79,15,-17,15,8,15,-75,15]"
CSI_DATA,6388,d8:b1:90:d9:de:f0,-42,9,-99,-35,43,104,457716122,108,0,106,0,"[-46,0,-50,16,38,1,-69,16,56,1,-103,16,26,1,-128,16,-32,0,-121,16,-98,0,-79,16,119,0,-11,16,83,0,101,0,73,0,-55,0,99,0,44,1,-129,0,79,1,-103,0,43,1,-117,0,-37,0,0,0,0,0,41,0,74,0,-70,16,28,0,88,16,18,0,5,16,44,0,-18,15,79,0,14,16,90,0,83,16,83,0,-123,16,41,0,-63,16,-13,16,-32,16,-98,16,-29,16,86,16,-69,16,16,16,-135,16]"
CSI_DATA,6389,d8:b1:90:d9:de:f0,-43,11,-99,-35,44,104,457909160,277,0,106,0,"[-98,0,112,14,-30,0,75,14,-9,0,52,14,-34,0,61,14,-67,0,93,14,-104,0,-98,14,109,0,-19,14,90,0,84,0,81,0,-53,0,86,0,40,0,106,0,76,0,119,0,64,0,106,0,0,0,0,0,0,0,23,0,69,0,-67,14,-1,14,83,14,-60,14,4,14,-81,14,-29,13,-79,14,-3,13,-67,14,55,14,-43,14,-123,14,-39,14,-43,14,-55,14,29,0,-89,14,91,0,101,14,-121,0,42,14,102,0]"
CSI_DATA,6390,d8:b1:90:d9:de:f0,-43,9,-99,-38,45,104,457909649,124,0,106,0,"[-3,14,49,14,1,0,-28,13,-16,14,-58,13,-33,14,-34,13,-38,14,18,14,-23,14,77,14,24,0,-94,14,98,0,-23,14,-46,0,26,0,46,0,50,0,95,0,34,0,85,0,0,14,18,0,-25,14,0,0,0,0,64,0,-15,14,-33,14,51,0,-110,14,-111,0,96,14,-32,0,105,14,9,0,-101,14,-6,0,-66,14,-62,0,-45,14,112,0,-47,14,33,0,-74,14,-42,14,113,14,-106,14,45,14,106,14,8,14]"
CSI_DATA,6391,d8:b1:90:d9:de:f0,-43,9,-99,-39,45,104,458118539,130,0,106,0,"[53,0,59,14,89,0,-12,13,88,0,-43,13,68,0,-33,13,48,0,16,14,41,0,83,14,50,0,-78,14,83,0,28,0,-106,0,-116,0,-43,0,-40,0,5,0,-20,0,15,0,-46,0,-21,0,-99,0,0,0,0,0,64,0,33,0,-48,14,11,0,85,14,11,0,1,14,38,0,-23,13,67,0,4,14,74,0,67,14,67,0,-110,14,38,0,-42,14,-7,14,8,0,-76,14,41,0,86,14,39,0,15,14,-5,14]"
CSI_DATA,6392,d8:b1:90:d9:de:f0,-43,9,-99,-40,45,104,458118647,113,0,106,0,"[-59,0,81,0,-1,0,-124,0,30,1,-111,0,19,1,127,0,-24,0,103,0,-91,0,90,0,76,0,88,0,-30,15,106,0,111,15,-109,0,26,15,-65,0,-8,14,-26,0,9,15,-23,0,60,15,-55,0,0,0,0,0,-60,15,63,0,-35,15,-51,15,-23,15,93,15,-28,15,10,15,-43,15,-19,14,-54,15,-1,14,-41,15,59,15,-22,15,125,15,21,0,-61,15,85,0,-5,15,-91,0,36,0,-20,0,44,0,9,1]"
CSI_DATA,6393,d8:b1:90:d9:de:f0,-43,9,-99,-34,44,104,458118756,98,0,106,0,"[-47,14,-50,0,-80,14,27,0,-75,14,61,0,-50,14,45,0,-33,14,-2,0,-28,14,-70,0,-38,14,82,0,-84,14,-21,14,84,14,-112,14,10,14,68,14,-39,13,53,14,-54,13,85,14,-4,13,-107,14,0,0,0,0,-66,14,-24,14,44,0,-24,14,-84,0,-51,14,-15,0,-96,14,7,0,108,14,-30,0,102,14,-90,0,-113,14,97,0,-71,14,44,0,-6,14,10,0,74,0,1,0,-77,0,35,0,-3,0,86,0]"
CSI_DATA,6394,d8:b1:90:d9:de:f0,-42,9,-99,-35,43,104,458176290,101,0,106,0,"[122,16,-134,0,51,16,-87,0,38,16,-56,0,65,16,-74,0,109,16,-111,0,-128,16,100,0,-105,16,6,0,-97,16,-114,16,-107,16,42,16,-129,16,-47,15,117,16,-81,15,103,16,-51,15,129,16,35,16,0,0,0,0,-28,16,-57,16,88,0,8,0,-90,0,54,0,-6,0,74,0,22,1,68,0,-8,0,61,0,-78,0,54,0,127,0,64,0,47,0,88,0,-15,16,-139,0,-70,16,-71,0,-79,16,-21,0,-55,16]"
CSI_DATA,6395,d8:b1:90:d9:de:f0,-43,9,-99,-36,44,104,458178919,130,0,106,0,"[44,0,-65,0,65,0,10,1,97,0,29,1,111,0,-6,0,97,0,-63,0,56,0,-117,0,-20,15,86,0,-120,15,51,0,24,15,48,0,-63,14,78,0,-86,14,114,0,-47,14,-113,0,34,15,-124,0,0,0,0,0,-44,15,26,0,13,0,-78,15,37,0,74,15,33,0,0,15,9,0,-26,14,-7,15,5,15,-1,15,69,15,23,0,-123,15,64,0,-66,15,126,0,-25,15,-59,0,-7,15,-3,0,-31,15,-10,0]"
CSI_DATA,6396,d8:b1:90:d9:de:f0,-43,9,-99,-35,44,104,458179072,113,0,106,0,"[-90,0,96,0,-26,0,-98,0,0,0,-88,0,-18,0,-104,0,-72,0,110,0,106,0,90,0,10,0,69,0,-99,14,57,0,27,14,63,0,-61,13,75,0,-93,13,91,0,-64,13,99,0,7,14,84,0,0,0,0,0,-39,14,15,0,54,0,-52,14,-105,0,-118,14,-61,0,74,14,-46,0,58,14,-69,0,80,14,-108,0,-108,14,102,0,-49,14,71,0,24,0,52,0,104,0,45,0,-65,0,60,0,-4,0,84,0]"
CSI_DATA,6397,d8:b1:90:d9:de:f0,-43,9,-99,-36,44,104,458179226,133,0,106,0,"[-36,15,-65,0,-46,15,10,1,-20,15,41,1,11,0,11,1,18,0,-39,0,1,0,-110,0,-47,15,75,0,124,15,13,0,20,15,-23,15,-64,14,-17,15,-102,14,16,0,-78,14,59,0,5,15,74,0,0,0,0,0,-50,15,15,0,28,0,-74,15,69,0,88,15,74,0,9,15,53,0,-23,14,30,0,7,15,23,0,71,15,35,0,-117,15,65,0,-59,15,127,0,-15,15,-58,0,3,0,-8,0,-19,15,-6,0]"
CSI_DATA,6398,d8:b1:90:d9:de:f0,-43,9,-99,-39,45,104,458179370,113,0,106,0,"[56,0,74,14,93,0,0,13,90,0,-33,13,71,0,-12,13,57,0,43,14,53,0,121,14,64,0,-34,14,89,0,72,0,-114,0,-66,0,-62,0,13,0,-33,0,36,0,-33,0,2,0,-70,0,-66,0,0,0,0,0,33,0,31,0,-68,14,-28,14,75,14,-68,14,1,14,-86,14,-17,13,-82,14,11,14,-73,14,79,14,-61,14,-96,14,-59,14,-17,14,-72,14,58,0,-102,14,-123,0,107,14,-86,0,59,14,-105,0]"
CSI_DATA,6399,d8:b1:90:d9:de:f0,-42,9,-99,-37,44,104,458179587,133,0,106,0,"[-57,15,-68,0,-83,15,19,1,-76,15,49,1,-53,15,23,1,-32,15,-39,0,-39,15,-120,0,-59,15,41,0,-101,15,-72,15,96,15,86,15,32,15,15,15,-11,14,-2,14,-14,14,39,15,42,15,106,15,0,0,0,0,-33,15,-17,15,83,0,12,0,-64,0,31,0,10,1,22,0,37,1,7,0,-2,0,3,0,-69,0,8,0,104,0,28,0,33,0,65,0,-33,15,120,0,-86,15,-74,0,-104,15,-18,0,-74,15]"
CSI_DATA,6400,d8:b1:90:d9:de:f0,-42,9,-99,-38,44,104,458179713,127,0,106,0,"[-28,15,-67,0,-62,15,15,1,-58,15,45,1,-48,15,22,1,-45,15,-37,0,-47,15,-113,0,-77,15,61,0,-130,15,-47,15,70,15,121,15,6,15,46,15,-25,14,27,15,-14,14,62,15,44,15,115,15,0,0,0,0,-39,15,-48,15,82,0,-27,15,-72,0,-15,15,5,1,-26,15,27,1,-33,15,-4,0,-26,15,-73,0,-10,15,133,0,24,0,59,0,67,0,-1,15,130,0,-44,15,-68,0,-51,15,-6,0,-25,15]"
CSI_DATA,6401,d8:b1:90:d9:de:f0,-42,9,-99,-37,44,104,458179871,107,0,106,0,"[-63,0,12,0,27,1,14,0,57,1,-10,15,27,1,-28,15,-40,0,-27,15,-118,0,-8,15,55,0,43,0,-33,15,121,0,-111,15,-44,0,114,15,42,1,124,15,87,1,-103,15,76,1,-59,15,1,1,0,0,0,0,-4,15,43,0,-19,15,-81,15,-63,15,71,15,-112,15,9,15,130,15,-4,14,-122,15,32,15,-85,15,96,15,-29,15,-111,15,33,0,-63,15,119,0,-34,15,-59,0,-28,15,1,1,-48,15,-5,0]"
CSI_DATA,6402,d8:b1:90:d9:de:f0,-42,9,-99,-38,44,104,458180007,127,0,106,0,"[-32,15,-64,0,-63,15,15,1,-55,15,47,1,-41,15,20,1,-32,15,-31,0,-42,15,-113,0,-70,15,64,0,-132,15,-34,15,60,15,-129,15,-9,14,80,15,-59,14,68,15,-49,14,101,15,18,15,-119,15,0,0,0,0,-47,15,-38,15,78,0,-40,15,-82,0,-61,15,-8,0,-88,15,14,1,-108,15,-18,0,-96,15,-82,0,-64,15,132,0,-13,15,75,0,46,0,41,0,121,0,27,0,-63,0,39,0,-6,0,75,0]"
CSI_DATA,6403,d8:b1:90:d9:de:f0,-42,9,-99,-37,44,104,458180263,107,0,106,0,"[-79,0,-82,15,-1,0,-124,15,11,1,101,15,-26,0,94,15,-85,0,120,15,118,0,-86,15,72,0,4,0,39,0,120,0,38,0,-22,0,65,0,75,1,103,0,106,1,-129,0,68,1,126,0,-21,0,0,0,0,0,24,0,30,0,-72,15,-45,15,81,15,-91,15,3,15,-102,15,-23,14,-86,15,5,15,-61,15,78,15,-46,15,-106,15,-44,15,-26,15,-64,15,44,0,-116,15,97,0,79,15,109,0,16,15,68,0]"
CSI_DATA,6404,d8:b1:90:d9:de:f0,-42,9,-99,-34,43,104,458236166,98,0,106,0,"[-43,0,8,0,36,1,30,0,66,1,22,0,43,1,8,0,-19,0,3,0,-85,0,20,0,99,0,62,0,10,0,130,0,-68,15,-47,0,-116,15,47,1,-124,15,92,1,-96,15,84,1,-59,15,14,1,0,0,0,0,-20,15,82,0,-56,15,-30,15,-118,15,130,15,95,15,68,15,60,15,49,15,68,15,78,15,115,15,123,15,-94,15,-108,15,-18,15,-75,15,70,0,-76,15,-114,0,-99,15,-52,0,123,15,-67,0]"
CSI_DATA,6405,d8:b1:90:d9:de:f0,-42,9,-99,-38,44,104,458266996,98,0,106,0,"[-126,15,94,15,110,15,16,15,78,15,0,15,78,15,28,15,104,15,83,15,-109,15,-134,15,-24,15,-94,15,91,0,-66,15,-51,0,-66,15,52,1,-92,15,93,1,-132,15,65,1,108,15,-12,0,119,15,0,0,0,0,62,0,-51,15,-3,15,58,0,-41,15,-96,0,-45,15,-7,0,-28,15,23,1,-4,15,-2,0,4,0,-74,0,-6,15,120,0,-46,15,41,0,-110,15,-22,15,76,15,-60,15,1,15,-60,15,-19,14]"
CSI_DATA,6406,d8:b1:90:d9:de:f0,-42,9,-99,-35,43,104,458299442,98,0,106,0,"[-136,16,-87,0,82,16,-31,0,68,16,-3,0,94,16,-18,0,126,16,-63,0,-126,16,-133,0,-110,16,47,0,-116,16,-65,16,134,16,93,16,90,16,-1,15,49,16,-39,15,39,16,-11,15,83,16,64,16,0,0,0,0,-52,16,-65,16,74,0,-18,16,-87,0,-1,16,8,1,-5,16,45,1,-22,16,14,1,-31,16,-56,0,-29,16,-127,0,-8,16,75,0,33,0,17,0,98,0,-29,16,-103,0,-33,16,-23,0,3,0]"
CSI_DATA,6407,d8:b1:90:d9:de:f0,-41,11,-99,-35,43,104,458504058,100,0,114,0,"[-23,18,-27,18,-30,17,-31,16,-32,16,-32,14,-31,13,-30,11,-29,10,-29,9,-27,9,-27,10,-28,10,-27,10,-28,11,-29,13,-30,13,-32,13,-32,14,-33,14,-33,15,-33,15,-33,14,-32,15,-31,14,-32,14,-30,13,-30,13,0,0,-30,11,-29,13,-30,13,-30,13,-30,14,-31,14,-30,13,-30,14,-29,14,-28,14,-28,14,-25,14,-23,13,-22,13,-21,13,-20,13,-19,11,-20,13,-20,13,-21,13,-21,14,-22,15,-22,14,-25,15,-25,14,-25,11,-23,10,-21,8]"
CSI_DATA,6408,d8:b1:90:d9:de:f0,-43,11,-99,-36,44,104,458535856,277,0,106,0,"[56,0,-66,0,66,0,10,1,79,0,34,1,83,0,14,1,58,0,-36,0,24,0,-91,0,-43,15,106,0,123,15,52,0,16,15,10,0,-71,14,-4,15,-105,14,2,0,-85,14,21,0,-15,14,30,0,0,0,0,0,-70,15,2,0,31,0,-56,15,118,0,126,15,-91,0,62,15,-79,0,30,15,-98,0,48,15,123,0,97,15,99,0,-97,15,89,0,-24,15,103,0,55,0,-125,0,127,0,-79,0,-91,0,-52,0]"
CSI_DATA,6409,d8:b1:90:d9:de:f0,-42,9,-99,-39,44,104,458536319,113,0,106,0,"[-124,0,-128,0,-76,0,-61,0,-47,0,-46,0,-58,0,-71,0,-93,0,-109,0,116,0,136,0,29,0,125,0,-82,16,133,0,83,16,-112,0,6,16,-66,0,-28,15,-27,0,9,16,-15,0,83,16,-55,0,0,0,0,0,-53,16,59,0,-27,16,-65,16,-22,16,97,16,-42,16,6,16,-65,16,-26,15,-75,16,3,16,-58,16,66,16,-23,16,129,16,32,0,-94,16,107,0,-62,16,-88,0,-54,16,-33,0,-76,16,-32,0]"
CSI_DATA,6410,d8:b1:90:d9:de:f0,-42,9,-99,-38,44,104,458590124,127,0,106,0,"[109,0,-87,0,-127,0,-13,0,-95,0,1,1,-98,0,-28,0,-127,0,-78,0,84,0,-127,0,0,0,113,0,-117,15,94,0,38,15,100,0,-54,14,126,0,-84,14,-108,0,-51,14,-93,0,28,15,-115,0,0,0,0,0,-60,15,43,0,-1,15,-68,15,29,0,84,15,33,0,3,15,21,0,-26,14,9,0,4,15,9,0,65,15,24,0,-134,15,64,0,-66,15,127,0,-18,15,-66,0,11,0,-8,0,5,0,0,1]"
CSI_DATA,6411,d8:b1:90:d9:de:f0,-43,9,-99,-36,44,104,458590263,127,0,106,0,"[87,0,-81,0,115,0,-9,0,-109,0,4,1,-111,0,-27,0,125,0,-75,0,69,0,-122,0,-7,15,95,0,-112,15,79,0,37,15,85,0,-48,14,110,0,-72,14,-108,0,-42,14,-86,0,37,15,-102,0,0,0,0,0,-49,15,39,0,3,0,-65,15,28,0,87,15,24,0,5,15,6,0,-21,14,-8,15,10,15,-7,15,71,15,14,0,-122,15,55,0,-65,15,118,0,-22,15,-68,0,-5,15,-11,0,-19,15,-13,0]"
CSI_DATA,6412,d8:b1:90:d9:de:f0,-42,9,-99,-38,44,104,458590430,107,0,106,0,"[3,0,-58,0,-2,15,25,1,23,0,51,1,34,0,20,1,37,0,-34,0,13,0,-104,0,-45,15,95,0,128,15,37,0,19,15,-3,15,-73,14,-12,15,-119,14,18,0,-92,14,55,0,-6,14,65,0,0,0,0,0,-70,15,21,0,19,0,-66,15,82,0,106,15,101,0,25,15,95,0,-11,14,69,0,12,15,52,0,74,15,56,0,-124,15,77,0,-50,15,128,0,6,0,-70,0,45,0,-11,0,41,0,2,1]"
CSI_DATA,6413,d8:b1:90:d9:de:f0,-42,9,-99,-37,44,104,458590683,107,0,106,0,"[-61,0,-17,15,25,1,-12,15,54,1,-19,15,22,1,-24,15,-32,0,-16,15,-116,0,12,0,58,0,55,0,-46,15,123,0,119,15,-60,0,56,15,5,1,32,15,47,1,62,15,45,1,117,15,-22,0,0,0,0,0,-25,15,56,0,15,0,-69,15,33,0,77,15,36,0,-6,14,27,0,-34,14,21,0,1,15,25,0,73,15,37,0,-111,15,61,0,-31,15,108,0,45,0,-97,0,113,0,-45,0,-120,0,-20,0]"
CSI_DATA,6414,d8:b1:90:d9:de:f0,-42,9,-99,-35,43,104,458630531,252,0,106,0,"[-11,16,-50,0,-34,16,23,1,-32,16,56,1,-15,16,30,1,-9,16,-19,0,-22,16,-90,0,-59,16,110,0,-136,16,23,0,41,16,-55,16,-42,15,-86,16,-95,15,-87,16,-87,15,-55,16,-18,15,-27,16,0,0,0,0,-88,16,-18,16,30,0,-68,16,122,0,-137,16,-98,0,70,16,-92,0,34,16,-116,0,46,16,124,0,104,16,101,0,-105,16,86,0,-30,16,103,0,50,0,-138,0,128,0,-83,0,-116,0,-49,0]"
CSI_DATA,6415,d8:b1:90:d9:de:f0,-43,9,-99,-38,45,104,458745208,98,0,106,0,"[83,14,-91,14,16,14,106,14,-19,13,112,14,-2,13,-109,14,41,14,-76,14,107,14,-50,14,-44,14,-49,14,60,0,-62,14,-74,0,-95,14,7,0,103,14,35,0,63,14,0,0,46,14,-67,0,73,14,0,0,0,0,24,0,-37,14,-26,14,66,0,-56,14,-67,0,-56,14,7,0,-39,14,33,0,-20,14,0,0,-12,14,-67,0,-20,14,101,0,-46,14,26,0,-92,14,-39,14,85,14,-89,14,27,14,-103,14,6,14]"
CSI_DATA,6416,d8:b1:90:d9:de:f0,-43,9,-99,-36,44,104,458745367,98,0,106,0,"[-63,0,25,0,20,1,63,0,49,1,74,0,24,1,73,0,-40,0,69,0,-115,0,61,0,40,0,53,0,-84,15,45,0,45,15,39,0,-57,14,36,0,-95,14,36,0,-71,14,41,0,3,15,32,0,0,0,0,0,-40,15,9,0,78,0,-18,15,-62,0,-44,15,11,1,-67,15,28,1,-73,15,-5,0,-56,15,-74,0,-27,15,109,0,9,0,28,0,49,0,-54,15,95,0,-128,15,-111,0,87,15,-60,0,100,15]"
CSI_DATA,6417,d8:b1:90:d9:de:f0,-43,9,-99,-37,45,104,458745463,130,0,106,0,"[96,0,-77,0,115,0,3,0,-112,0,32,0,107,0,12,0,78,0,-32,0,37,0,-96,0,-17,13,63,0,-83,13,-25,13,79,13,111,13,22,13,38,13,-4,12,1,13,3,13,19,13,52,13,66,13,0,0,0,0,-33,13,-27,13,65,0,40,0,-82,0,102,0,-22,0,-88,0,0,0,-80,0,-32,0,-92,0,-98,0,116,0,65,0,80,0,-15,13,53,0,-94,13,31,0,54,13,11,0,-4,12,17,0,-10,12]"
CSI_DATA,6418,d8:b1:90:d9:de:f0,-43,11,-99,-38,45,104,459162552,277,0,106,0,"[100,14,116,14,61,14,51,14,35,14,32,14,50,14,48,14,86,14,80,14,-98,14,115,14,-16,14,-95,14,84,0,-73,14,-44,0,-60,14,45,0,-60,14,79,0,-79,14,58,0,-88,14,-7,0,-81,14,0,0,0,0,47,0,-13,14,-46,14,51,0,-120,14,-109,0,80,14,-41,0,73,14,-16,0,93,14,-38,0,-112,14,-90,0,-92,14,80,0,-74,14,4,0,-79,14,-74,14,-101,14,90,14,104,14,45,14,78,14]"
CSI_DATA,6419,d8:b1:90:d9:de:f0,-42,9,-99,-36,44,104,459163015,98,0,106,0,"[76,15,82,0,-8,14,93,0,-33,14,113,0,-14,14,113,0,34,15,93,0,92,15,56,0,-106,15,-11,15,-53,15,-106,15,-12,15,37,15,4,0,-57,14,-3,15,-98,14,-26,15,-79,14,-35,15,-4,14,0,0,0,0,-9,15,-54,15,57,0,46,0,-116,0,-124,0,-46,0,-77,0,-19,0,-79,0,-38,0,-101,0,-92,0,116,0,95,0,91,0,15,0,79,0,-68,15,94,0,109,15,125,0,68,15,-83,0,82,15]"
CSI_DATA,6420,d8:b1:90:d9:de:f0,-43,9,-99,-36,44,104,459163138,108,0,106,0,"[-92,15,89,15,-127,15,9,15,99,15,-11,14,93,15,22,15,115,15,72,15,-92,15,127,15,-17,15,-80,15,87,0,-42,15,-53,0,-32,15,42,1,-51,15,84,1,-78,15,58,1,-116,15,-24,0,-112,15,0,0,0,0,29,0,-35,15,-51,15,58,0,-106,15,-93,0,-121,15,-11,0,-102,15,26,1,-69,15,-3,0,-47,15,-75,0,-35,15,108,0,-49,15,29,0,-88,15,-50,15,106,15,-111,15,38,15,126,15,14,15]"
CSI_DATA,6421,d8:b1:90:d9:de:f0,-43,9,-99,-37,44,104,459163283,124,0,106,0,"[-45,15,-64,0,-86,15,8,1,-85,15,40,1,-69,15,21,1,-50,15,-22,0,-53,15,-96,0,-69,15,84,0,-117,15,-14,15,73,15,-109,15,5,15,99,15,-41,14,81,15,-47,14,113,15,12,15,-97,15,0,0,0,0,-60,15,-16,15,68,0,-30,15,-85,0,-66,15,-11,0,-111,15,7,1,120,15,-29,0,125,15,-87,0,-104,15,120,0,-51,15,79,0,16,0,61,0,95,0,71,0,-82,0,98,0,-27,0,-123,0]"
CSI_DATA,6422,d8:b1:90:d9:de:f0,-43,9,-99,-37,44,104,459371931,113,0,106,0,"[59,15,28,0,-23,14,15,0,-58,14,20,0,-34,14,28,0,19,15,23,0,91,15,1,0,-83,15,-33,15,19,0,-96,15,126,0,90,15,-68,0,10,15,-50,0,-37,14,-78,0,-41,14,-127,0,14,15,0,0,0,0,21,0,-60,15,-10,15,61,0,-16,15,-83,0,-4,15,0,1,11,0,28,1,22,0,-2,0,16,0,-69,0,-2,15,107,0,-39,15,28,0,-89,15,-45,15,106,15,-112,15,41,15,124,15,7,15]"
CSI_DATA,6423,d8:b1:90:d9:de:f0,-43,9,-99,-38,45,104,459372067,133,0,106,0,"[10,0,59,14,41,0,-20,13,45,0,-51,13,35,0,-38,13,29,0,14,14,26,0,78,14,46,0,-71,14,85,0,32,0,-96,0,-107,0,-36,0,-25,0,1,0,0,0,7,0,-26,0,-32,0,-85,0,0,0,0,0,56,0,32,0,-49,14,-4,14,77,14,-34,14,-2,13,-34,14,-29,13,-16,14,0,13,-2,14,66,14,-3,14,-107,14,-12,14,-29,14,-40,14,44,0,-83,14,108,0,104,14,-106,0,37,14,111,0]"
CSI_DATA,6424,d8:b1:90:d9:de:f0,-43,9,-99,-35,44,104,459372229,113,0,106,0,"[93,0,-72,0,97,0,4,0,108,0,33,0,107,0,14,0,83,0,-27,0,43,0,-83,0,-17,14,98,0,-103,14,33,0,40,14,-28,14,-46,13,-63,14,-91,13,-67,14,-79,13,-50,14,-18,13,-32,14,0,0,0,0,-70,14,-9,14,40,0,-35,14,-105,0,-79,14,-39,0,-123,14,-19,0,103,14,-44,0,114,14,-94,0,-98,14,104,0,-42,14,58,0,18,0,28,0,98,0,14,0,-66,0,27,0,-4,0,63,0]"
CSI_DATA,6425,d8:b1:90:d9:de:f0,-43,9,-99,-38,45,104,459372347,133,0,106,0,"[15,0,54,14,45,0,-23,13,47,0,-52,13,33,0,-32,13,21,0,13,14,25,0,81,14,45,0,-74,14,88,0,27,0,-86,0,-115,0,-16,0,-51,0,29,0,-31,0,40,0,-62,0,-4,0,-118,0,0,0,0,0,65,0,18,0,-50,14,-4,14,81,14,-6,14,1,14,16,0,-24,13,43,0,6,14,54,0,67,14,35,0,-107,14,9,0,-40,14,-33,14,16,0,-94,14,59,0,74,14,58,0,3,14,23,0]"
CSI_DATA,6426,d8:b1:90:d9:de:f0,-45,11,-99,-38,47,104,459504038,100,0,228,0,"[-5,-6,-8,-6,-11,-7,-14,-8,-16,-9,-17,-10,-17,-11,92,55,-14,-11,-13,-11,-11,-9,-10,-8,-8,-5,-8,-3,-6,0,-5,2,-5,5,-5,8,-5,12,-6,16,-7,18,26,-44,-9,20,-9,20,-10,18,-9,17,-8,14,-8,11,0,0,-4,6,0,4,1,2,5,1,8,0,11,0,-59,0,15,0,17,0,17,0,17,0,16,1,14,0,11,1,9,0,7,0,5,-1,3,-2,2,-4,0,-6,3,0,0,-11,-1,-13,-1,-14,0,-16,1,-16,2,-14,3,-12,5,-16,-7,-17,-19,-8,-20,5,-11,17,2,17,11,8,-4,-14,3,-8,-3,-5,-5,2,0,6,8,5,11,-3,5,-13,-6,-15,-17,-7,-18,7,-8,20,6,20,17,8,8,13,5,-14,-4,-11,-8,-1,-3,5,4,5,8,-2,0,0,-6,-11,-15,-4,-16,8,-5,18,8,19,18,8,32,-5,8,-15,-3,-14,-10,-5,-8,2,-2,5,1,2,0,-1,-3,-2,-5,2,-3,7,2,9,10,5,12,-2,7,-20,-2,-14,-11,-8,-13,1,-8,8,0,9,5,4,4,-2]"
CSI_DATA,6427,d8:b1:90:d9:de:f0,-42,9,-99,-34,43,104,459580812,130,0,106,0,"[-68,0,132,15,-4,0,84,15,2,1,52,15,-30,0,54,15,-88,0,93,15,131,0,-122,15,85,0,-28,15,60,0,80,0,57,0,-62,0,76,0,41,1,115,0,80,1,134,0,56,1,123,0,-14,0,0,0,0,0,13,0,79,0,-85,15,18,0,73,15,-11,15,-6,14,-16,15,-29,14,-1,15,0,15,12,0,72,15,18,0,-122,15,4,0,-45,15,-32,15,23,0,-93,15,72,0,102,15,85,0,26,15,49,0]"
CSI_DATA,6428,d8:b1:90:d9:de:f0,-42,9,-99,-36,43,104,459597330,127,0,106,0,"[-50,0,102,0,25,1,127,0,61,1,100,0,37,1,63,0,-20,0,32,0,-100,0,23,0,100,0,57,0,13,0,120,0,-53,16,-60,0,-81,16,32,1,-58,16,94,1,-14,16,90,1,14,0,11,1,0,0,0,0,-5,16,90,0,-98,16,5,0,89,16,-41,16,-2,15,-44,16,-31,15,-20,16,4,16,4,0,76,16,19,0,-135,16,3,0,-63,16,-35,16,-22,16,-106,16,1,0,88,16,-24,16,19,16,-81,16]"
CSI_DATA,6429,d8:b1:90:d9:de:f0,-42,9,-99,-36,44,104,459597515,107,0,106,0,"[-101,0,80,15,-62,0,22,15,-79,0,-16,14,-114,0,-9,14,99,0,33,15,64,0,90,15,66,0,-80,15,109,0,14,0,-65,0,96,0,14,1,-120,0,64,1,-128,0,65,1,80,0,12,1,33,0,0,0,0,0,76,0,28,0,-3,15,86,0,-71,15,-87,0,-82,15,-10,0,-60,15,23,1,-25,15,3,1,-6,15,-59,0,-10,15,123,0,-40,15,58,0,-104,15,2,0,73,15,-18,15,10,15,11,0,-4,14]"
CSI_DATA,6430,d8:b1:90:d9:de:f0,-42,9,-99,-36,43,104,459598253,127,0,106,0,"[-95,0,121,16,-29,0,76,16,-21,0,50,16,-50,0,58,16,-97,0,95,16,-139,0,-129,16,111,0,-38,16,98,0,83,0,104,0,-81,0,134,0,21,1,-118,0,60,1,-103,0,32,1,-134,0,-37,0,0,0,0,0,26,0,87,0,-86,16,39,0,81,16,20,0,1,16,25,0,-25,15,40,0,6,16,48,0,77,16,37,0,-136,16,8,0,-67,16,-40,16,-12,16,-113,16,20,0,90,16,20,0,19,16,-19,16]"
CSI_DATA,6431,d8:b1:90:d9:de:f0,-42,9,-99,-36,44,104,459598501,107,0,106,0,"[94,0,-41,0,117,0,28,1,-112,0,40,1,-108,0,9,1,124,0,-48,0,87,0,-103,0,12,0,104,0,-89,15,69,0,53,15,59,0,-40,14,69,0,-80,14,95,0,-58,14,119,0,12,15,111,0,0,0,0,0,-81,15,15,0,-28,15,-84,15,2,0,68,15,-1,15,-9,14,-16,15,-34,14,-33,15,-1,14,-27,15,65,15,-7,15,-126,15,36,0,-59,15,102,0,-11,15,-78,0,21,0,-5,0,9,0,8,1]"
CSI_DATA,6432,d8:b1:90:d9:de:f0,-43,9,-99,-38,45,104,459789702,124,0,106,0,"[-68,0,5,0,14,0,26,0,50,0,19,0,37,0,6,0,-17,0,0,0,-82,0,8,0,72,0,38,0,-25,14,84,0,-117,14,-84,0,50,14,-13,0,36,14,28,0,60,14,29,0,108,14,-14,0,0,0,0,0,-17,14,63,0,4,0,-48,14,6,0,78,14,-4,14,2,14,-19,14,-23,13,-25,14,5,14,-18,14,69,14,0,0,-103,14,39,0,-32,14,97,0,26,0,-74,0,71,0,-7,0,91,0,7,0]"
CSI_DATA,6433,d8:b1:90:d9:de:f0,-42,9,-99,-37,44,104,459789815,98,0,106,0,"[-85,0,-66,15,12,1,-82,15,45,1,-103,15,21,1,-112,15,-36,0,-103,15,-99,0,-64,15,91,0,1,0,14,0,95,0,-49,15,-55,0,-77,15,44,1,-76,15,100,1,-41,15,98,1,-15,15,22,1,0,0,0,0,8,0,68,0,-29,15,-49,15,-83,15,102,15,122,15,37,15,90,15,22,15,100,15,57,15,-119,15,113,15,-56,15,-94,15,18,0,-49,15,104,0,-24,15,-64,0,-16,15,3,1,-40,15,3,1]"
CSI_DATA,6434,d8:b1:90:d9:de:f0,-42,9,-99,-37,44,104,459816125,214,0,106,0,"[2,0,84,15,50,0,-5,14,62,0,-49,14,57,0,-43,14,52,0,12,15,50,0,81,15,63,0,-82,15,89,0,41,0,130,0,-96,0,-87,0,10,1,-54,0,61,1,-40,0,46,1,-75,0,-20,0,0,0,0,0,67,0,62,0,-32,15,-17,15,119,15,-83,15,36,15,-122,15,-4,14,-126,15,21,15,-112,15,83,15,-85,15,-104,15,-62,15,-17,15,-51,15,80,0,-59,15,-88,0,-83,15,-23,0,-126,15,-27,0]"
CSI_DATA,6435,d8:b1:90:d9:de:f0,-42,9,-99,-35,43,104,459820812,214,0,106,0,"[137,16,-135,16,110,16,52,16,80,16,17,16,87,16,28,16,109,16,64,16,-118,16,118,16,-35,16,-114,16,83,0,-74,16,-62,0,-47,16,55,1,-46,16,118,1,-70,16,111,1,-100,16,32,1,-99,16,0,0,0,0,93,0,-51,16,-6,16,33,0,-93,16,130,0,135,16,-63,0,134,16,-16,0,-125,16,-28,0,-92,16,-88,0,-64,16,111,0,-57,16,21,0,-80,16,-67,16,-124,16,118,16,95,16,73,16,44,16]"
CSI_DATA,6436,d8:b1:90:d9:de:f0,-42,9,-99,-39,44,104,459821296,214,0,106,0,"[-105,0,94,0,-51,0,-111,0,-11,0,-81,0,-11,0,-104,0,-46,0,134,0,-110,0,110,0,76,0,91,0,-40,16,100,0,104,16,-136,0,6,16,-75,0,-23,15,-23,0,1,16,7,1,70,16,-26,0,0,0,0,0,-49,16,95,0,-11,16,-30,16,-7,16,118,16,-27,16,22,16,-59,16,-14,15,-75,16,9,16,-63,16,76,16,-29,16,-127,16,25,0,-63,16,105,0,-13,16,-78,0,5,0,1,1,-9,16,15,1]"
CSI_DATA,6437,d8:b1:90:d9:de:f0,-43,9,-99,-36,44,104,459823627,214,0,106,0,"[86,15,64,0,2,15,52,0,-39,14,68,0,-24,14,81,0,12,15,81,0,76,15,57,0,-116,15,3,0,-62,15,-90,15,-24,15,51,15,-15,15,-54,14,-45,15,-115,14,-88,15,-106,14,-106,15,-38,14,0,0,0,0,-62,15,-90,15,30,0,-7,15,-127,0,52,0,-31,0,74,0,13,1,55,0,1,1,32,0,-58,0,12,0,127,0,14,0,53,0,38,0,-10,15,93,0,-54,15,-81,0,-52,15,-9,0,-1,15]"
CSI_DATA,6438,d8:b1:90:d9:de:f0,-43,9,-99,-35,44,104,459823790,214,0,106,0,"[-110,14,123,14,111,14,30,14,94,14,-9,13,99,14,0,14,121,14,40,14,-80,14,92,14,-11,14,-94,14,79,0,-24,14,-59,0,42,0,38,0,87,0,101,0,93,0,104,0,78,0,45,0,47,0,0,0,0,0,96,0,-5,14,-26,14,-2,14,102,14,17,0,21,14,48,0,-18,13,73,0,7,14,73,0,68,14,59,0,-108,14,26,0,-38,14,-16,14,28,0,-80,14,79,0,89,14,101,0,17,14,68,0]"
CSI_DATA,6439,d8:b1:90:d9:de:f0,-44,9,-99,-36,45,104,459824079,214,0,106,0,"[-75,0,8,0,0,0,55,0,38,0,70,0,31,0,63,0,-5,0,54,0,-67,0,49,0,76,0,54,0,-27,13,75,0,84,13,110,0,0,13,-69,0,-46,12,-33,0,-33,12,-15,0,20,13,-37,0,0,0,0,0,-54,13,79,0,10,0,-19,13,57,0,108,13,80,0,24,13,76,0,-15,12,59,0,0,13,43,0,56,13,30,0,-103,13,34,0,-29,13,57,0,55,0,97,0,-98,0,-76,0,-51,0,-33,0]"
CSI_DATA,6440,d8:b1:90:d9:de:f0,-43,9,-99,-35,44,104,459824305,214,0,106,0,"[-123,0,-109,14,-34,0,111,14,1,0,82,14,-13,0,83,14,-53,0,105,14,-102,0,-97,14,89,0,-23,14,35,0,74,0,-3,14,-56,0,-22,14,55,0,-6,14,118,0,22,0,118,0,37,0,50,0,0,0,0,0,36,0,92,0,-8,14,-24,14,-73,14,122,14,103,14,58,14,65,14,40,14,71,14,68,14,110,14,121,14,-78,14,-81,14,-6,14,-44,14,80,0,-21,14,-72,0,-23,14,-1,0,-56,14,4,0]"
CSI_DATA,6441,d8:b1:90:d9:de:f0,-42,11,-99,-37,44,104,460207045,277,0,106,0,"[-74,0,83,0,10,1,121,0,51,1,115,0,33,1,88,0,-20,0,65,0,-96,0,56,0,64,0,60,0,-57,15,91,0,86,15,-123,0,-1,14,-69,0,-17,14,-22,0,18,15,-20,0,81,15,-59,0,0,0,0,0,-21,15,45,0,40,0,-75,15,65,0,68,15,66,0,-12,14,53,0,-37,14,39,0,-5,14,24,0,62,15,33,0,-118,15,45,0,-29,15,88,0,46,0,-121,0,115,0,-62,0,-121,0,-32,0]"
CSI_DATA,6442,d8:b1:90:d9:de:f0,-42,9,-99,-36,43,104,460207517,101,0,106,0,"[-76,0,69,0,12,1,124,0,42,1,139,0,15,1,132,0,-51,0,116,0,-136,0,99,0,39,0,79,0,-96,16,52,0,53,16,31,0,-56,15,21,0,-107,15,14,0,-88,15,16,0,2,16,12,0,0,0,0,0,-41,16,15,0,92,0,-4,16,-68,0,-25,16,13,1,-47,16,41,1,-50,16,-4,0,-33,16,-83,0,-7,16,120,0,15,0,31,0,47,0,-59,16,88,0,-141,16,134,0,92,16,-104,0,99,16]"
CSI_DATA,6443,d8:b1:90:d9:de:f0,-42,9,-99,-36,43,104,460207667,113,0,106,0,"[59,16,-33,16,-39,15,-54,16,-75,15,-39,16,-51,15,-20,16,8,16,-6,16,88,16,-17,16,-103,16,-54,16,1,0,-125,16,99,0,65,16,-131,0,-26,15,-133,0,-83,15,117,0,-74,15,74,0,2,16,0,0,0,0,10,0,-56,16,39,0,76,0,89,0,-92,0,-142,0,-24,0,-111,0,-11,0,-116,0,-46,0,129,0,-109,0,63,0,123,0,-12,16,78,0,-99,16,59,0,97,16,61,0,34,16,90,0,42,16]"
CSI_DATA,6444,d8:b1:90:d9:de:f0,-41,9,-99,-39,43,104,460207785,133,0,106,0,"[-105,0,130,0,-18,0,-124,0,33,1,-122,0,14,1,-156,0,-37,0,114,0,-129,0,91,0,75,0,95,0,-57,18,127,0,122,18,-124,0,34,18,-51,0,11,18,2,1,55,18,15,1,133,18,-46,0,0,0,0,0,-31,18,55,0,-9,18,-96,18,-24,18,79,18,-58,18,-12,17,-89,18,-34,17,-101,18,8,18,-77,18,89,18,-26,18,-143,18,35,0,-73,18,123,0,-25,18,-94,0,-7,18,-26,0,-19,18,-14,0]"
CSI_DATA,6445,d8:b1:90:d9:de:f0,-42,9,-99,-37,43,104,460207938,113,0,106,0,"[116,0,-93,0,-135,0,-8,0,-97,0,11,1,-88,0,-27,0,-115,0,-78,0,114,0,-133,0,27,0,112,0,-94,17,85,0,65,17,85,0,-38,16,114,0,-81,16,-137,0,-46,16,-115,0,41,17,-136,0,0,0,0,0,-49,17,41,0,20,0,-86,17,54,0,88,17,54,0,-5,16,35,0,-38,16,16,0,-2,16,6,0,73,17,20,0,-136,17,57,0,-58,17,116,0,4,0,-100,0,54,0,-36,0,62,0,-15,0]"
CSI_DATA,6446,d8:b1:90:d9:de:f0,-42,9,-99,-38,44,104,460208074,133,0,106,0,"[-9,15,-60,0,-34,15,33,1,-41,15,68,1,-39,15,46,1,-43,15,-16,0,-48,15,-96,0,-74,15,69,0,-105,15,-54,15,129,15,88,15,90,15,-13,14,77,15,-55,14,82,15,-29,14,115,15,40,15,0,0,0,0,-29,15,-40,15,58,0,54,0,-113,0,-134,0,-54,0,-80,0,-37,0,-70,0,-59,0,-90,0,-124,0,-126,0,74,0,102,0,-8,15,67,0,-99,15,42,0,80,15,27,0,16,15,38,0,10,15]"
CSI_DATA,6447,d8:b1:90:d9:de:f0,-43,9,-99,-36,44,104,460208227,113,0,106,0,"[-104,15,-86,0,86,15,-19,0,67,15,7,1,80,15,-14,0,109,15,-61,0,-115,15,124,0,-88,15,30,0,-61,15,-87,15,-45,15,42,15,-39,15,-57,14,-39,15,-100,14,-49,15,-77,14,-46,15,-5,14,0,0,0,0,-13,15,-43,15,32,0,69,0,82,0,-82,0,125,0,-18,0,-118,0,4,1,126,0,-28,0,82,0,-83,0,28,0,115,0,-29,15,57,0,-103,15,8,0,78,15,-31,15,18,15,-40,15,5,15]"
CSI_DATA,6448,d8:b1:90:d9:de:f0,-43,9,-99,-36,44,104,460208390,133,0,106,0,"[-46,15,75,15,-61,15,-19,14,-84,15,-49,14,-93,15,-27,14,-75,15,30,15,-42,15,98,15,14,0,-73,15,93,0,14,0,-68,0,98,0,11,1,-98,0,57,1,-87,0,48,1,-112,0,-11,0,103,0,0,0,0,0,54,0,-4,15,-76,15,-25,15,66,15,-34,15,-17,14,-24,15,-41,14,-9,15,-5,14,-6,15,68,15,-5,15,-114,15,-16,15,-32,15,-40,15,46,0,-80,15,116,0,125,15,-102,0,74,15,-121,0]"
CSI_DATA,6449,d8:b1:90:d9:de:f0,-43,9,-99,-36,44,104,460208525,113,0,106,0,"[-73,0,74,0,5,1,126,0,38,1,-124,0,17,1,117,0,-35,0,101,0,-109,0,84,0,51,0,78,0,-67,15,86,0,69,15,99,0,-33,14,-128,0,-71,14,-109,0,-48,14,-100,0,28,15,-123,0,0,0,0,0,-38,15,31,0,52,0,-54,15,-126,0,112,15,-86,0,43,15,-78,0,18,15,-102,0,44,15,117,0,105,15,86,0,-80,15,64,0,2,0,57,0,87,0,63,0,-89,0,89,0,-32,0,115,0]"
CSI_DATA,6450,d8:b1:90:d9:de:f0,-42,9,-99,-37,44,104,460416434,130,0,106,0,"[56,0,-47,0,78,0,44,1,99,0,66,1,102,0,38,1,86,0,-21,0,47,0,-96,0,-12,15,82,0,-98,15,-10,15,64,15,-88,15,-22,14,123,15,-66,14,112,15,-59,14,-120,15,7,15,-77,15,0,0,0,0,-40,15,1,0,83,0,6,0,-58,0,2,0,20,1,-20,15,44,1,-45,15,9,1,-53,15,-61,0,-41,15,120,0,-16,15,43,0,23,0,-30,15,80,0,-90,15,-117,0,-112,15,-48,0,-84,15]"
CSI_DATA,6451,d8:b1:90:d9:de:f0,-42,9,-99,-38,44,104,460416560,113,0,106,0,"[79,0,-55,0,91,0,38,1,109,0,66,1,103,0,39,1,77,0,-20,0,41,0,-87,0,-23,15,103,0,-113,15,24,0,56,15,-57,15,-29,14,-112,15,-72,14,-123,15,-62,14,-114,15,9,15,-82,15,0,0,0,0,-54,15,-20,15,74,0,-27,15,-79,0,-42,15,0,1,-67,15,28,1,-83,15,-2,0,-79,15,-66,0,-57,15,132,0,-16,15,63,0,28,0,-2,15,90,0,-52,15,-103,0,-69,15,-40,0,-45,15]"
CSI_DATA,6452,d8:b1:90:d9:de:f0,-43,9,-99,-40,45,104,460416696,98,0,106,0,"[40,15,18,0,-46,14,12,0,-75,14,24,0,-44,14,28,0,10,15,22,0,86,15,-1,15,-87,15,-42,15,6,0,-110,15,94,0,70,15,-100,0,-1,14,-79,0,-42,14,-103,0,-36,14,109,0,22,15,0,0,0,0,22,0,-47,15,7,0,78,0,10,0,-69,0,26,0,11,1,40,0,36,1,43,0,6,1,31,0,-61,0,3,0,125,0,-31,15,52,0,-85,15,-10,15,104,15,-63,15,44,15,-79,15,21,15]"
CSI_DATA,6453,d8:b1:90:d9:de:f0,-42,9,-99,-38,44,104,460416855,98,0,106,0,"[-109,0,-110,0,-55,0,-33,0,-23,0,-21,0,-38,0,-48,0,-78,0,-85,0,123,0,-130,0,31,0,103,0,-86,15,79,0,56,15,66,0,-43,14,70,0,-85,14,87,0,-66,14,99,0,11,15,88,0,0,0,0,0,-52,15,18,0,42,0,-65,15,122,0,119,15,-102,0,46,15,-94,0,15,15,-119,0,34,15,115,0,91,15,86,0,-108,15,65,0,-24,15,66,0,63,0,84,0,-117,0,123,0,-63,0,-110,0]"
CSI_DATA,6454,d8:b1:90:d9:de:f0,-42,11,-99,-34,43,104,460503692,100,0,114,0,"[23,-20,27,-20,30,-19,32,-16,33,-14,33,-12,32,-10,32,-8,31,-8,29,-7,28,-6,28,-6,28,-6,28,-5,30,-5,30,-6,31,-5,33,-4,33,-4,34,-5,36,-3,36,-3,34,-3,33,-2,32,-1,32,0,31,1,32,1,0,0,31,0,30,2,30,1,31,3,31,4,32,4,31,4,30,5,30,4,30,4,29,4,26,5,26,4,25,4,24,4,23,5,23,4,23,5,24,5,24,6,25,6,25,7,25,8,27,9,26,10,25,11,23,13,19,12]"
CSI_DATA,6455,d8:b1:90:d9:de:f0,-42,9,-99,-36,43,104,460625342,108,0,106,0,"[-86,0,-141,16,-13,0,100,16,-4,0,70,16,-43,0,79,16,-96,0,115,16,130,0,-112,16,84,0,-16,16,53,0,104,0,51,0,-48,0,75,0,50,1,113,0,95,1,142,0,69,1,133,0,-14,0,0,0,0,0,21,0,65,0,-87,16,-7,16,89,16,-56,16,-1,15,-62,16,-34,15,-39,16,1,16,-8,16,84,16,2,0,-115,16,-4,16,-28,16,-38,16,51,0,-95,16,111,0,109,16,112,0,28,16,66,0]"
CSI_DATA,6456,d8:b1:90:d9:de:f0,-41,9,-99,-35,42,104,460625442,127,0,106,0,"[8,0,48,18,19,0,-39,17,1,0,-69,17,-14,18,-45,17,-20,18,37,18,-7,18,119,18,46,0,-89,18,128,0,11,0,-70,0,101,0,40,1,151,0,97,1,155,0,84,1,102,0,6,1,56,0,0,0,0,0,79,0,22,0,-51,18,74,0,145,18,148,0,88,18,-92,0,85,18,-48,0,129,18,-66,0,-125,18,-124,0,-78,18,102,0,-51,18,8,0,-59,18,-101,18,-102,18,116,18,139,18,58,18,86,18]"
CSI_DATA,6457,d8:b1:90:d9:de:f0,-42,9,-99,-36,43,104,460625564,127,0,106,0,"[-53,0,78,0,26,1,104,0,56,1,86,0,30,1,58,0,-32,0,38,0,-116,0,31,0,68,0,53,0,-46,16,113,0,-143,16,-88,0,85,16,0,1,88,16,53,1,131,16,53,1,-99,16,-2,0,0,0,0,0,-29,16,59,0,-56,16,-63,16,-107,16,109,16,115,16,51,16,76,16,49,16,83,16,90,16,130,16,-132,16,-85,16,-81,16,2,0,-48,16,99,0,-44,16,-90,0,-75,16,-37,0,-134,16,-57,0]"
CSI_DATA,6458,d8:b1:90:d9:de:f0,-41,9,-99,-37,43,104,460625712,107,0,106,0,"[85,17,-140,0,10,17,-102,0,-1,16,-76,0,35,17,-85,0,84,17,-121,0,142,17,112,0,-114,17,19,0,-97,17,-102,17,-101,17,62,17,-130,17,-35,16,132,17,-79,16,112,17,-49,16,130,17,31,17,0,0,0,0,-32,17,-91,17,91,0,-36,17,-85,0,-20,17,0,1,-27,17,24,1,-53,17,-8,0,-62,17,-81,0,-54,17,133,0,-20,17,61,0,31,0,10,0,115,0,-15,17,-84,0,5,0,-13,0,54,0]"
CSI_DATA,6459,d8:b1:90:d9:de:f0,-42,9,-99,-36,43,104,460625839,107,0,106,0,"[-136,0,-90,0,-114,0,-6,0,-104,0,21,1,-122,0,-6,0,121,0,-66,0,60,0,-123,0,-20,16,84,0,-116,16,0,0,54,16,-81,16,-33,15,-138,16,-79,15,129,16,-66,15,-140,16,4,16,-112,16,0,0,0,0,-54,16,-41,16,80,0,-33,16,-83,0,-32,16,0,1,-47,16,29,1,-58,16,-6,0,-51,16,-81,0,-31,16,117,0,-1,16,29,0,39,0,-56,16,96,0,-127,16,-121,0,115,16,-60,0,138,16]"
CSI_DATA,6460,d8:b1:90:d9:de:f0,-42,9,-99,-35,43,104,460662965,224,0,106,0,"[-52,16,-39,0,-70,16,38,1,-47,16,64,1,-14,16,32,1,3,0,-25,0,0,0,-100,0,-38,16,88,0,-117,16,11,0,54,16,-46,16,-41,15,-54,16,-100,15,-29,16,-89,15,20,0,-6,15,46,0,0,0,0,0,-88,16,6,0,-6,16,-78,16,42,0,102,16,49,0,16,16,25,0,-21,15,3,0,9,16,-9,16,75,16,9,0,-131,16,45,0,-67,16,116,0,-15,16,-75,0,4,0,-5,0,-20,16,6,1]"
CSI_DATA,6461,d8:b1:90:d9:de:f0,-42,9,-99,-35,43,104,460717245,124,0,106,0,"[-99,0,111,16,-42,0,76,16,-39,0,51,16,-77,0,58,16,-122,0,83,16,121,0,-127,16,107,0,-42,16,128,0,65,0,-95,0,-107,0,-23,0,-41,0,40,1,-30,0,63,1,-71,0,7,1,138,0,0,0,0,0,114,0,43,0,0,0,79,0,-86,16,138,0,-137,16,-74,0,136,16,-33,0,-112,16,-46,0,-77,16,-98,0,-67,16,111,0,-79,16,39,0,-128,16,-28,16,70,16,-64,16,-1,15,-61,16,-29,15]"
CSI_DATA,6462,d8:b1:90:d9:de:f0,-42,9,-99,-36,43,104,460749339,98,0,106,0,"[44,0,17,16,76,0,-56,15,78,0,-66,15,72,0,-28,15,63,0,44,16,50,0,134,16,60,0,-40,16,77,0,92,0,107,0,-68,0,138,0,37,1,-125,0,74,1,-122,0,49,1,131,0,-24,0,0,0,0,0,2,0,70,0,-95,16,-8,16,92,16,-80,16,21,16,-120,16,0,16,-125,16,33,16,-108,16,111,16,-84,16,-93,16,-60,16,3,0,-49,16,98,0,-58,16,-88,0,-81,16,-26,0,-127,16,-30,0]"
CSI_DATA,6463,d8:b1:90:d9:de:f0,-41,9,-99,-34,42,104,460782587,113,0,106,0,"[-105,0,-133,0,-57,0,-52,0,-32,0,-35,0,-52,0,-65,0,-95,0,-103,0,129,0,-148,0,35,0,116,0,-96,17,85,0,68,17,68,0,-41,16,79,0,-101,16,90,0,-84,16,106,0,-1,16,90,0,0,0,0,0,-85,17,19,0,21,0,-76,17,105,0,135,17,-141,0,47,17,-131,0,15,17,150,0,36,17,120,0,106,17,89,0,-118,17,74,0,-28,17,83,0,73,0,115,0,-131,0,-140,0,-71,0,-89,0]"
CSI_DATA,6464,d8:b1:90:d9:de:f0,-42,11,-99,-36,43,104,461251539,277,0,106,0,"[76,16,-121,0,10,16,-76,0,4,16,-44,0,50,16,-53,0,103,16,-89,0,-136,16,125,0,-108,16,35,0,-106,16,-84,16,-139,16,78,16,108,16,0,16,67,16,-29,15,49,16,-4,15,88,16,62,16,0,0,0,0,-42,16,-95,16,81,0,-83,16,-105,0,-89,16,-25,0,-118,16,-6,0,136,16,-41,0,-142,16,-103,0,-107,16,130,0,-53,16,86,0,13,0,68,0,97,0,77,0,-99,0,112,0,-37,0,-123,0]"
CSI_DATA,6465,d8:b1:90:d9:de:f0,-42,9,-99,-35,43,104,461252011,130,0,106,0,"[53,16,130,0,-20,15,-112,0,-30,15,-100,0,7,16,-112,0,64,16,127,0,124,16,69,0,-88,16,-11,16,-19,16,-115,16,35,0,44,16,65,0,-49,15,66,0,-88,15,52,0,-70,15,40,0,1,16,0,0,0,0,44,0,-66,16,80,0,50,0,131,0,-123,0,-107,0,-59,0,-91,0,-40,0,-109,0,-66,0,118,0,-117,0,55,0,110,0,-18,16,61,0,-103,16,26,0,80,16,8,0,8,16,16,0,-6,15]"
CSI_DATA,6466,d8:b1:90:d9:de:f0,-42,9,-99,-36,44,104,461252119,113,0,106,0,"[-60,15,24,15,-69,15,-50,14,-89,15,-59,14,-83,15,-27,14,-62,15,28,15,-27,15,98,15,28,0,-79,15,111,0,-3,15,-56,0,71,0,22,1,-123,0,67,1,-118,0,46,1,127,0,-15,0,96,0,0,0,0,0,55,0,52,0,-54,15,68,0,95,15,87,0,23,15,118,0,4,15,-128,0,30,15,109,0,88,15,83,0,-112,15,36,0,-55,15,-28,15,-15,15,-98,15,14,0,75,15,15,0,6,15,-16,15]"
CSI_DATA,6467,d8:b1:90:d9:de:f0,-42,9,-99,-35,43,104,461252273,133,0,106,0,"[-68,16,28,16,-81,16,-49,15,-100,16,-65,15,-97,16,-26,15,-83,16,44,16,-38,16,112,16,23,0,-82,16,114,0,1,0,-54,0,73,0,32,1,116,0,76,1,118,0,61,1,95,0,-5,0,69,0,0,0,0,0,61,0,42,0,-58,16,76,0,114,16,118,0,52,16,-116,0,31,16,-99,0,62,16,-114,0,116,16,116,0,-106,16,55,0,-62,16,-16,16,-31,16,-103,16,-20,16,81,16,-35,16,10,16,-78,16]"
CSI_DATA,6468,d8:b1:90:d9:de:f0,-41,9,-99,-36,43,104,461252399,113,0,106,0,"[-60,0,141,16,-4,0,84,16,-12,0,44,16,-66,0,43,16,-125,0,81,16,118,0,140,16,104,0,-52,16,126,0,53,0,-102,0,-129,0,-29,0,-72,0,26,1,-69,0,35,1,-116,0,-17,0,113,0,0,0,0,0,86,0,60,0,-19,16,106,0,-97,16,-104,0,-126,16,-34,0,-114,16,2,1,-79,16,-21,0,-51,16,-84,0,-44,16,129,0,-62,16,56,0,-117,16,-8,16,92,16,-43,16,14,16,-33,16,-5,15]"
CSI_DATA,6469,d8:b1:90:d9:de:f0,-42,9,-99,-37,44,104,461252498,133,0,106,0,"[56,0,16,15,49,0,-57,14,7,0,-79,14,-29,15,-40,14,-39,15,23,15,-27,15,94,15,24,0,-98,15,115,0,-50,15,-41,0,-28,15,47,1,-46,15,79,1,-92,15,49,1,-126,15,-26,0,-124,15,0,0,0,0,86,0,-17,15,60,0,80,0,74,0,-83,0,109,0,-21,0,-119,0,-12,0,-116,0,-51,0,119,0,-116,0,71,0,102,0,1,0,77,0,-74,15,81,0,117,15,120,0,89,15,-76,0,124,15]"
CSI_DATA,6470,d8:b1:90:d9:de:f0,-42,9,-99,-36,43,104,461252642,113,0,106,0,"[14,16,0,0,-59,15,16,0,-67,15,60,0,-29,15,94,0,41,16,98,0,112,16,68,0,-116,16,1,0,-83,16,-106,16,-93,16,65,16,-138,16,-23,15,99,16,-48,15,72,16,-3,15,95,16,75,16,0,0,0,0,-54,16,-86,16,57,0,-88,16,-130,0,-138,16,-75,0,97,16,-80,0,60,16,-124,0,69,16,114,0,109,16,83,0,-111,16,76,0,-32,16,113,0,41,0,-109,0,97,0,-33,0,105,0,2,1]"
CSI_DATA,6471,d8:b1:90:d9:de:f0,-42,9,-99,-35,43,104,461252769,133,0,106,0,"[-8,16,-14,0,-7,16,65,1,14,0,83,1,32,0,40,1,32,0,-32,0,7,0,-107,0,-37,16,77,0,-114,16,-13,16,63,16,-90,16,-20,15,-131,16,-74,15,-125,16,-70,15,-95,16,3,16,-66,16,0,0,0,0,-62,16,-45,16,50,0,-81,16,-130,0,-133,16,-79,0,87,16,-66,0,53,16,-99,0,75,16,130,0,127,16,90,0,-75,16,65,0,1,0,59,0,92,0,77,0,-95,0,128,0,-38,0,-106,0]"
CSI_DATA,6472,d8:b1:90:d9:de:f0,-42,9,-99,-36,43,104,461252877,113,0,106,0,"[22,16,-49,16,-49,15,-71,16,-70,15,-60,16,-33,15,-43,16,23,16,-38,16,106,16,-42,16,-86,16,-76,16,12,0,-138,16,111,0,70,16,-111,0,-2,15,-89,0,-46,15,-113,0,-39,15,140,0,28,16,0,0,0,0,78,0,-69,16,96,0,53,0,138,0,-131,0,-109,0,-58,0,-99,0,-40,0,-114,0,-65,0,127,0,-116,0,68,0,123,0,-6,16,81,0,-92,16,70,0,102,16,78,0,35,16,105,0,32,16]"
CSI_DATA,6473,d8:b1:90:d9:de:f0,-43,9,-99,-35,44,104,461460883,98,0,106,0,"[32,14,28,0,-29,13,36,0,-43,13,68,0,-7,13,89,0,37,14,88,0,93,14,57,0,-117,14,-6,14,-107,14,-99,14,114,14,54,14,65,14,-11,13,12,14,-20,13,-12,13,27,14,9,14,92,14,0,0,0,0,-83,14,-60,14,6,0,-76,14,86,0,122,14,-121,0,66,14,123,0,28,14,98,0,39,14,69,0,80,14,60,0,-109,14,81,0,-51,14,-114,0,-8,14,-40,0,3,0,11,0,-20,14,23,0]"
CSI_DATA,6474,d8:b1:90:d9:de:f0,-45,11,-99,-35,46,104,461503674,100,0,228,0,"[-5,9,-5,12,-5,14,-6,17,-7,18,-8,19,-9,18,95,57,-10,16,-9,13,-7,11,-6,10,-4,8,-2,6,0,5,3,3,6,3,10,3,13,3,16,3,20,3,27,-45,21,5,20,6,20,7,17,7,14,6,12,5,0,0,7,2,4,0,3,-3,2,-6,0,-10,0,-13,25,0,2,-17,2,-18,3,-18,3,-16,3,-15,3,-13,3,-10,2,-7,0,-6,0,-3,-3,-2,-5,0,-7,0,-91,11,-13,1,-16,0,-17,0,-18,-1,-17,-3,-16,-5,-13,-6,-16,0,-14,13,-3,20,10,17,19,6,15,-8,4,-13,-16,7,-9,0,-3,6,3,6,8,-1,5,-9,-4,-12,-14,-5,-16,6,-6,18,7,19,19,8,20,-6,8,-16,16,-11,-12,-6,-9,3,0,6,4,1,3,-4,-4,-6,0,0,-11,8,-3,16,10,15,20,4,18,-9,6,-19,-6,-33,-16,-7,-13,4,-5,10,3,7,4,1,0,-2,-3,0,-3,4,1,7,7,6,11,-1,8,-10,0,-14,-20,-9,-14,-1,-11,8,-2,12,5,8,7,1,3,-3,-1,-3]"
CSI_DATA,6475,d8:b1:90:d9:de:f0,-42,9,-99,-35,43,104,461669835,127,0,106,0,"[128,16,54,16,94,16,-11,15,82,16,-14,15,104,16,19,16,-135,16,76,16,-69,16,138,16,8,0,-85,16,115,0,-25,16,-51,0,18,0,35,1,44,0,79,1,51,0,54,1,37,0,-19,0,31,0,0,0,0,0,50,0,56,0,-57,16,100,0,125,16,-123,0,63,16,-76,0,50,16,-64,0,80,16,-88,0,127,16,138,0,-103,16,63,0,-57,16,-10,16,-31,16,-100,16,-21,16,86,16,-37,16,16,16,-69,16]"
CSI_DATA,6476,d8:b1:90:d9:de:f0,-42,9,-99,-36,44,104,461669957,127,0,106,0,"[-23,0,-72,15,49,1,-87,15,60,1,-101,15,17,1,-97,15,-44,0,-72,15,-107,0,-30,15,76,0,29,0,3,0,111,0,-66,15,-52,0,-103,15,21,1,-112,15,53,1,-104,15,39,1,-84,15,-28,0,0,0,0,0,-62,15,40,0,-85,15,-70,15,-120,15,96,15,104,15,34,15,94,15,14,15,113,15,43,15,-99,15,97,15,-44,15,-109,15,16,0,-59,15,94,0,-25,15,-79,0,1,0,-11,0,-4,15,3,1]"
CSI_DATA,6477,d8:b1:90:d9:de:f0,-42,9,-99,-38,44,104,461670088,107,0,106,0,"[52,15,122,15,-6,14,77,15,-26,14,83,15,0,15,113,15,66,15,-119,15,-128,15,-97,15,-26,15,-79,15,87,0,-74,15,-64,0,-93,15,28,1,-117,15,56,1,133,15,30,1,133,15,-37,0,-104,15,0,0,0,0,75,0,14,0,6,0,114,0,-39,15,-52,0,-56,15,16,1,-56,15,34,1,-47,15,-1,0,-38,15,-75,0,-37,15,116,0,-54,15,29,0,-91,15,-54,15,127,15,-128,15,70,15,98,15,36,15]"
CSI_DATA,6478,d8:b1:90:d9:de:f0,-42,9,-99,-36,44,104,461670233,107,0,106,0,"[-1,15,-3,0,-4,15,69,1,11,0,80,1,22,0,37,1,16,0,-30,0,-6,15,-102,0,-43,15,68,0,-103,15,-19,15,75,15,-102,15,9,15,104,15,-31,14,93,15,-20,14,109,15,42,15,-110,15,0,0,0,0,-30,15,-68,15,77,0,-79,15,-85,0,-103,15,-25,0,122,15,-5,0,107,15,-38,0,124,15,-97,0,-94,15,109,0,-41,15,63,0,21,0,27,0,94,0,7,0,-78,0,17,0,-10,0,51,0]"
CSI_DATA,6479,d8:b1:90:d9:de:f0,-43,11,-99,-35,44,104,461878235,277,0,106,0,"[94,14,-70,0,50,14,-11,0,59,14,18,0,95,14,0,0,-116,14,-44,0,-87,14,-113,0,-67,14,48,0,-72,14,-57,14,-92,14,84,14,-124,14,5,14,92,14,-16,13,85,14,9,14,114,14,68,14,0,0,0,0,2,0,-38,14,105,0,3,0,-40,0,20,0,34,0,15,0,52,0,-5,14,18,0,-19,14,-55,0,-22,14,114,0,-1,14,35,0,26,0,-30,14,82,0,-80,14,-92,0,-91,14,-27,0,-53,14]"
CSI_DATA,6480,d8:b1:90:d9:de:f0,-42,9,-99,-37,44,104,461878716,98,0,106,0,"[-49,15,14,15,-54,15,-61,14,-61,15,-81,14,-52,15,-46,14,-31,15,21,15,-5,15,96,15,39,0,-76,15,92,0,28,0,-109,0,-128,0,-62,0,-48,0,-43,0,-17,0,-60,0,-37,0,-110,0,-85,0,0,0,0,0,-7,15,33,0,-113,15,-27,15,52,15,-85,15,-17,14,-109,15,-31,14,-116,15,1,15,-106,15,75,15,-82,15,-102,15,-58,15,-9,15,-44,15,85,0,-43,15,-79,0,-48,15,-15,0,-73,15,-12,0]"
CSI_DATA,6481,d8:b1:90:d9:de:f0,-42,9,-99,-34,43,104,461878830,130,0,106,0,"[25,0,7,15,26,0,-72,14,-6,15,-90,14,-25,15,-54,14,-31,15,12,15,-13,15,83,15,32,0,-105,15,108,0,-26,15,-64,0,30,0,23,1,62,0,61,1,56,0,47,1,32,0,-28,0,18,0,0,0,0,0,45,0,36,0,-52,15,106,0,-120,15,-75,0,119,15,-1,0,126,15,25,1,-112,15,-4,0,-77,15,-73,0,-58,15,123,0,-60,15,34,0,-92,15,-50,15,120,15,-117,15,55,15,121,15,22,15]"
CSI_DATA,6482,d8:b1:90:d9:de:f0,-43,9,-99,-36,44,104,462087633,108,0,106,0,"[-54,0,100,0,12,1,-115,0,44,1,-118,0,15,1,115,0,-41,0,92,0,-113,0,67,0,47,0,65,0,-65,15,80,0,75,15,109,0,-8,14,-106,0,-46,14,-74,0,-25,14,-59,0,44,15,-89,0,0,0,0,0,-52,15,43,0,6,0,-61,15,47,0,91,15,61,0,13,15,50,0,-22,14,30,0,6,15,23,0,77,15,30,0,-102,15,46,0,-23,15,93,0,61,0,-109,0,-125,0,-35,0,-105,0,0,1]"
CSI_DATA,6483,d8:b1:90:d9:de:f0,-43,11,-99,-34,44,104,462296033,277,0,106,0,"[88,0,26,14,113,0,-32,13,98,0,-49,13,69,0,-16,13,50,0,39,14,40,0,114,14,46,0,-37,14,71,0,59,0,-118,0,-89,0,-71,0,-22,0,-36,0,-5,0,-35,0,-33,0,-82,0,-86,0,0,0,0,0,4,0,50,0,-99,14,34,0,44,14,42,0,-15,13,64,0,-28,13,78,0,18,14,76,0,89,14,55,0,-86,14,16,0,-23,14,-38,14,16,0,-116,14,36,0,42,14,23,0,-16,13,-19,14]"
CSI_DATA,6484,d8:b1:90:d9:de:f0,-43,9,-99,-37,45,104,462296496,101,0,106,0,"[22,13,35,0,-45,12,34,0,-56,12,40,0,-22,12,39,0,33,13,27,0,107,13,5,0,-44,13,-22,13,55,0,-63,13,-82,0,-106,13,-9,0,87,13,17,0,57,13,-1,0,70,13,-59,0,110,13,0,0,0,0,31,0,3,0,-27,13,90,0,-77,13,-55,0,-103,13,6,0,-107,13,18,0,-91,13,-22,0,-67,13,-90,0,-43,13,65,0,-30,13,-21,13,-24,13,-106,13,-34,13,42,13,-60,13,-12,12,-88,13]"
CSI_DATA,6485,d8:b1:90:d9:de:f0,-43,9,-99,-34,44,104,462296609,113,0,106,0,"[16,14,-42,14,-45,13,-46,14,-59,13,-18,14,-22,13,0,0,33,14,13,0,108,14,7,0,-53,14,-26,14,25,0,-89,14,88,0,67,14,118,0,0,13,112,0,-50,13,75,0,-39,13,39,0,21,14,0,0,0,0,34,0,-33,14,88,0,59,0,-91,0,-112,0,-27,0,-81,0,-4,0,-98,0,-29,0,105,0,-91,0,66,0,70,0,45,0,-6,14,46,0,-85,14,75,0,89,14,-111,0,75,14,-46,0,111,14]"
CSI_DATA,6486,d8:b1:90:d9:de:f0,-43,9,-99,-37,45,104,462296727,133,0,106,0,"[-47,0,-110,13,9,0,98,13,21,0,87,13,-11,0,101,13,-59,0,-102,13,114,0,-57,13,50,0,5,0,-22,13,81,0,-90,13,-66,0,100,13,1,0,87,13,35,0,108,13,23,0,-95,13,-34,0,0,0,0,0,-32,13,12,0,-22,13,-97,13,-24,13,38,13,-38,13,-28,12,-45,13,-38,12,-45,13,1,13,-26,13,75,13,0,13,-77,13,33,0,-1,13,82,0,69,0,-93,0,-100,0,-36,0,-76,0,-13,0]"
CSI_DATA,6487,d8:b1:90:d9:de:f0,-43,9,-99,-35,44,104,462296844,113,0,106,0,"[39,14,-93,14,-14,13,116,14,-31,13,116,14,1,14,-116,14,58,14,-88,14,-114,14,-69,14,-25,14,-49,14,84,0,-39,14,-54,0,-34,14,31,0,-34,14,62,0,-48,14,40,0,-52,14,-28,0,-40,14,0,0,0,0,31,0,25,0,-56,14,89,0,111,14,-100,0,69,14,-48,0,65,14,-34,0,92,14,-66,0,-109,14,122,0,-66,14,50,0,-33,14,-30,14,-8,14,-114,14,0,14,43,14,-13,14,-17,13,-51,14]"
CSI_DATA,6488,d8:b1:90:d9:de:f0,-42,9,-99,-38,44,104,462296971,133,0,106,0,"[25,15,-5,15,-44,14,-15,15,-59,14,-9,15,-21,14,-1,15,40,15,-2,15,126,15,-18,15,-48,15,-38,15,60,0,-80,15,-98,0,-129,15,-21,0,93,15,8,1,62,15,-16,0,72,15,-79,0,122,15,0,0,0,0,43,0,2,0,-10,15,114,0,-44,15,-52,0,-58,15,22,1,-54,15,34,1,-46,15,-11,0,-34,15,-92,0,-29,15,84,0,-41,15,-9,15,-73,15,-100,15,-120,15,85,15,104,15,39,15,68,15]"
CSI_DATA,6489,d8:b1:90:d9:de:f0,-43,9,-99,-34,44,104,462297115,254,0,106,0,"[19,0,-9,0,18,0,56,0,27,0,67,0,30,0,27,0,23,0,-30,0,1,0,-106,0,-27,14,48,0,-79,14,-46,14,104,14,101,14,51,14,41,14,12,14,19,14,15,14,39,14,69,14,90,14,0,0,0,0,-2,14,-42,14,106,0,-10,14,-36,0,3,0,28,0,0,0,49,0,-10,14,0,0,-15,14,-77,0,-8,14,81,0,13,0,0,0,42,0,-73,14,90,0,103,14,-92,0,80,14,-34,0,107,14]"
CSI_DATA,6490,d8:b1:90:d9:de:f0,-42,9,-99,-34,43,104,462297299,130,0,106,0,"[-68,0,-124,0,-12,0,-80,0,7,1,-78,0,-20,0,-110,0,-76,0,120,0,118,0,91,0,21,0,58,0,-92,15,39,0,52,15,30,0,-37,14,41,0,-74,14,63,0,-45,14,75,0,31,15,56,0,0,0,0,0,-40,15,-16,15,54,0,-105,15,119,0,78,15,-117,0,15,15,-124,0,-2,14,121,0,34,15,82,0,109,15,57,0,-74,15,41,0,20,0,48,0,114,0,78,0,-60,0,114,0,-9,0,-110,0]"
CSI_DATA,6491,d8:b1:90:d9:de:f0,-43,9,-99,-35,44,104,462297470,98,0,106,0,"[-63,0,118,14,-6,0,80,14,-3,0,64,14,-40,0,76,14,-87,0,108,14,106,0,-80,14,57,0,-4,14,9,0,93,0,-23,14,-51,0,-33,14,29,0,-23,14,68,0,-3,14,50,0,5,0,-22,0,0,0,0,0,-26,14,33,0,-82,14,-66,14,101,14,105,14,45,14,66,14,26,14,69,14,52,14,102,14,116,14,-99,14,-57,14,-59,14,21,0,-33,14,108,0,-30,14,-50,0,-45,14,0,0,-82,14,-6,0]"
CSI_DATA,6492,d8:b1:90:d9:de:f0,-40,11,-99,-36,42,104,462503975,100,0,114,0,"[30,-16,32,-16,35,-15,36,-15,39,-16,37,-15,36,-13,35,-12,32,-13,31,-13,30,-13,30,-15,30,-15,30,-16,30,-17,30,-18,31,-21,33,-22,33,-25,33,-25,32,-26,31,-27,30,-27,30,-28,27,-27,27,-27,26,-27,25,-26,0,0,23,-27,22,-27,22,-28,22,-31,22,-31,22,-32,20,-32,20,-32,18,-31,17,-32,16,-31,13,-30,12,-28,11,-28,10,-26,10,-27,8,-26,7,-26,7,-27,6,-27,6,-30,6,-30,6,-32,6,-32,7,-32,6,-31,7,-30,7,-26]"
CSI_DATA,6493,d8:b1:90:d9:de:f0,-45,11,-99,-37,46,104,462922729,277,0,106,0,"[0,12,-99,12,0,12,7,12,5,0,-44,11,17,0,-42,11,36,0,-5,11,44,0,60,12,43,0,-66,12,16,0,41,0,-33,12,-59,0,-89,12,35,0,73,12,86,0,53,12,87,0,67,12,37,0,0,0,0,0,-30,12,-53,0,36,0,94,0,-94,0,49,0,-30,0,21,0,-1,0,13,0,-20,0,17,0,-67,0,23,0,78,0,18,0,11,0,10,0,-59,12,-5,12,75,12,-31,12,10,12,-54,12,-14,11]"
CSI_DATA,6494,d8:b1:90:d9:de:f0,-45,9,-99,-38,46,104,462923183,130,0,106,0,"[100,0,44,0,-17,0,68,0,20,0,93,0,4,0,-101,0,-44,0,-98,0,-106,0,100,0,40,0,49,0,-26,12,-35,12,-72,12,68,12,-80,12,-38,11,-66,12,-101,11,-38,12,101,11,-10,12,-73,11,0,0,0,0,-39,12,57,12,-82,12,-96,12,68,12,-42,12,26,12,-13,12,8,12,-9,12,31,12,-19,12,81,12,-26,12,-72,12,-22,12,-8,12,-1,12,52,0,40,0,-104,0,95,0,-63,0,-68,0,-47,0]"
CSI_DATA,6495,d8:b1:90:d9:de:f0,-45,9,-99,-37,46,104,462923336,113,0,106,0,"[-33,12,92,0,-59,12,-17,0,-73,12,33,0,-78,12,25,0,-77,12,-8,0,-70,12,-71,0,-49,12,59,0,-9,12,-40,12,45,0,58,12,-104,0,-24,11,-72,0,-78,11,-61,0,-85,11,-76,0,-48,11,0,0,0,0,18,0,55,12,-47,12,-87,12,88,12,-33,12,32,12,12,0,9,12,31,0,22,12,29,0,67,12,18,0,-80,12,5,0,-16,12,-8,12,56,0,-16,12,-71,0,-24,12,-11,0,-35,12,13,0]"
CSI_DATA,6496,d8:b1:90:d9:de:f0,-45,9,-99,-39,47,104,462923498,98,0,106,0,"[-45,11,-83,11,92,11,37,11,58,11,1,11,66,11,4,11,93,11,30,11,-65,11,70,11,-17,11,-63,11,35,0,20,0,88,0,-79,0,-71,0,9,0,-48,0,60,0,-43,0,68,0,-58,0,31,0,0,0,0,0,-83,0,87,0,-97,0,0,0,87,0,-84,11,77,0,48,11,70,0,20,11,60,0,34,11,47,0,75,11,30,0,-67,11,11,0,-9,11,-13,11,54,0,-39,11,-73,0,-53,11,-14,0,-42,11]"
CSI_DATA,6497,d8:b1:90:d9:de:f0,-44,9,-99,-37,46,104,463132099,130,0,106,0,"[-38,12,37,0,-85,12,96,0,95,12,-93,0,96,12,103,0,-91,12,77,0,-50,12,61,0,18,0,62,0,99,0,93,0,-35,0,-58,0,10,0,6,0,16,0,49,0,-10,0,62,0,-58,0,37,0,0,0,0,0,-101,0,-80,0,-102,0,64,0,-89,0,4,0,-79,0,-36,12,-84,0,-48,12,95,0,-49,12,50,0,-44,12,-4,12,-52,12,-56,12,-78,12,98,12,89,12,56,12,33,12,26,12,-4,11,25,12]"
CSI_DATA,6498,d8:b1:90:d9:de:f0,-43,9,-99,-36,45,104,463158766,113,0,106,0,"[94,0,-13,13,-82,0,-65,13,-63,0,-87,13,-73,0,-82,13,-109,0,-65,13,63,0,-65,13,-5,13,-86,13,-81,13,91,13,86,13,15,13,50,13,-57,12,54,13,-97,12,75,13,-100,12,112,13,-55,12,0,0,0,0,-105,13,77,13,106,13,-94,13,76,13,-35,13,56,13,-2,13,63,13,18,0,92,13,31,0,-90,13,41,0,-40,13,67,0,0,0,104,0,37,0,-68,0,57,0,-4,0,73,0,34,0,89,0]"
CSI_DATA,6499,d8:b1:90:d9:de:f0,-45,9,-99,-35,47,104,463206894,124,0,106,0,"[42,0,13,0,39,0,-55,10,48,0,72,10,59,0,60,10,66,0,65,10,57,0,77,10,30,0,79,10,-3,10,50,10,-35,10,3,10,-48,10,-48,9,-39,10,83,9,-2,10,66,9,37,0,85,9,0,0,0,0,60,0,-8,9,43,0,27,10,6,0,57,10,-30,10,74,10,-55,10,85,10,-66,10,-78,10,-74,10,-68,10,-80,10,-52,10,77,10,-39,10,46,10,-28,10,2,10,-33,10,-30,9,-41,10,-39,9]"
CSI_DATA,6500,d8:b1:90:d9:de:f0,-47,11,-99,-33,48,104,463340526,277,0,106,0,"[65,0,-46,8,10,0,7,0,-45,8,46,0,56,8,59,0,29,8,52,0,20,8,42,0,23,8,40,0,32,8,58,0,42,8,-49,0,43,8,-2,0,23,8,38,0,-5,8,52,0,-31,8,32,0,0,0,0,0,-32,8,-45,0,-10,8,53,0,45,8,21,0,-35,8,1,0,28,0,10,0,68,0,33,0,-67,0,56,0,-70,0,67,0,-74,0,70,0,-68,0,62,0,-50,0,49,0,-23,0,32,0,0,0]"
CSI_DATA,6501,d8:b1:90:d9:de:f0,-47,9,-99,-34,48,104,463340980,108,0,106,0,"[-51,8,65,0,-14,8,-4,8,27,0,-63,8,66,0,61,8,-57,0,54,8,-48,0,57,8,-53,0,58,8,-68,0,44,8,51,0,13,8,21,0,-33,8,11,0,69,8,22,0,38,8,53,0,39,8,0,0,0,0,-58,0,-42,8,-51,0,7,8,73,0,72,8,26,0,-27,8,-29,8,11,0,-75,8,23,0,49,8,14,0,44,8,8,0,44,8,2,0,45,8,16,0,42,8,42,0,42,8,-73,0,44,8]"
CSI_DATA,6502,d8:b1:90:d9:de:f0,-46,9,-99,-35,47,104,463371581,120,0,106,0,"[-65,0,63,0,30,0,32,0,-44,10,-15,10,85,10,-60,10,72,10,77,10,74,10,59,10,77,10,46,10,68,10,56,10,42,10,84,10,0,10,-57,10,-54,9,-40,10,77,9,-50,10,69,9,-81,10,0,0,0,0,-58,9,46,10,-14,9,30,10,50,10,56,10,-57,10,-72,10,-6,10,-5,10,8,0,63,0,2,0,-64,0,-13,10,-44,0,-27,10,-32,0,-30,10,-24,0,-19,10,-13,0,13,0,-12,0,55,0]"
CSI_DATA,6503,d8:b1:90:d9:de:f0,-46,9,-99,-36,48,104,463371730,120,0,106,0,"[46,9,34,0,-44,9,2,0,33,0,-19,9,-72,0,-23,9,-35,0,-13,9,-22,0,2,0,-17,0,8,0,-16,0,-4,9,-20,0,-41,9,-17,0,64,9,3,0,21,9,29,0,-3,8,60,0,5,9,0,0,0,0,64,0,61,9,47,0,-57,9,-3,0,-23,9,-73,0,-1,9,10,0,-4,9,-49,9,-25,9,78,9,-55,9,67,9,-76,9,66,9,70,9,61,9,62,9,46,9,71,9,29,9,-68,9,10,9]"
CSI_DATA,6504,d8:b1:90:d9:de:f0,-49,11,-99,-35,50,104,463503951,100,0,228,0,"[0,12,0,12,0,10,0,8,2,5,3,2,4,0,60,36,6,-3,7,-4,8,-6,8,-6,9,-7,10,-8,10,-8,10,-8,11,-8,11,-7,11,-5,11,-3,11,-1,17,-28,10,3,10,5,9,7,9,9,9,11,9,12,0,0,9,12,9,12,9,11,9,10,9,8,8,7,-25,0,7,2,5,0,4,-2,3,-4,2,-6,0,-8,0,-8,0,-9,-1,-10,-2,-10,-2,-10,-3,-10,-3,-10,-45,7,-2,-10,-1,-10,0,-9,0,-8,2,-7,3,-5,4,-4,10,-3,7,-10,0,-15,-9,-14,-16,-5,-17,6,-8,15,10,15,13,8,14,-3,6,-11,-3,-11,-9,-3,-7,3,0,6,3,2,2,-2,-2,-4,-7,0,-3,8,5,11,23,4,13,-7,2,-15,-8,-13,-15,-2,-12,7,-3,13,0,0,10,4,9,-2,5,-6,1,-8,-2,-7,-7,-5,-2,3,-9,6,-2,12,6,11,12,3,10,-6,2,-11,-5,-9,-9,0,-6,5,0,7,5,3,4,-1,0,-4,-7,-12,-3,3,1,6,7,2,7,-4,1,-9,-5,-8,-9,-1]"
CSI_DATA,6505,d8:b1:90:d9:de:f0,-47,11,-99,-39,49,104,463549425,277,0,106,0,"[4,9,-32,9,67,9,-44,9,-20,9,-74,9,32,0,48,9,67,0,23,9,-77,0,0,8,-72,0,-14,8,64,0,-23,8,20,0,-11,8,-50,9,21,9,42,9,61,9,-11,8,-52,9,-42,8,-15,9,0,0,0,0,-71,8,22,0,-46,8,12,0,-9,8,-11,9,52,9,-45,9,-37,9,-76,9,23,0,61,9,66,0,50,9,-68,0,47,9,-55,0,45,9,-55,0,44,9,-77,0,45,9,34,0,49,9,-22,9]"
CSI_DATA,6506,d8:b1:90:d9:de:f0,-47,9,-99,-37,49,104,463549915,130,0,106,0,"[57,8,-35,0,-74,8,48,0,-61,8,-27,8,-46,8,52,8,-34,8,10,8,-31,8,-19,8,-26,8,-31,8,-32,8,-28,8,-55,8,-6,8,53,8,38,8,15,8,-55,8,-21,8,-7,8,-42,8,20,0,0,0,0,0,-65,8,26,0,-46,8,4,0,-6,8,-28,8,61,8,-56,8,-13,8,-72,8,52,0,-73,8,-50,0,-61,8,-21,0,-50,8,-6,0,-37,8,-5,0,-27,8,-19,0,-29,8,-53,0,-50,8,43,0]"
CSI_DATA,6507,d8:b1:90:d9:de:f0,-47,9,-99,-35,48,104,463758822,252,0,106,0,"[-9,8,-18,9,14,9,-26,9,40,9,-53,9,53,9,74,9,56,9,57,9,46,9,51,9,34,9,57,9,34,9,76,9,53,9,-45,9,-61,9,1,0,0,0,41,0,64,0,64,0,-42,0,71,0,0,0,0,0,13,0,69,0,25,0,69,0,16,0,-76,0,-3,0,-61,0,-28,0,-41,0,-55,0,-25,0,76,0,-22,0,61,0,-16,0,56,0,-17,0,58,0,-19,0,60,0,-33,0,64,0,-68,0,49,0]"
CSI_DATA,6508,d8:b1:90:d9:de:f0,-48,9,-99,-36,49,104,463758970,130,0,106,0,"[5,0,-41,8,-12,0,-28,8,-24,0,3,0,-24,0,32,0,-18,0,47,0,-8,0,48,0,0,0,39,0,-7,0,22,0,-38,0,-4,8,49,0,-26,8,-17,8,-35,8,63,8,-29,8,21,8,-11,8,0,0,0,0,-28,7,20,0,-35,7,21,0,-36,7,10,0,-25,7,-7,8,-14,7,-33,8,0,8,-59,8,16,8,70,8,25,8,62,8,29,8,59,8,27,8,64,8,31,8,-66,8,48,8,-38,8,-58,8]"
CSI_DATA,6509,d8:b1:90:d9:de:f0,-48,11,-99,-37,49,104,463967222,277,0,106,0,"[-72,8,-6,0,37,8,-12,0,10,8,-21,0,6,8,-33,0,22,8,-43,0,45,8,-61,0,-63,8,65,0,-13,8,35,0,46,0,-10,8,-45,0,-57,8,-11,0,43,8,1,0,19,8,-6,0,25,8,0,0,0,0,-38,0,-61,8,-41,0,-8,8,-42,0,51,0,-35,0,-45,0,-31,0,-13,0,-35,0,-15,0,-49,0,-39,0,-68,0,-67,0,58,0,45,0,30,0,8,0,-3,8,-22,8,-40,8,-46,8,-63,8]"
CSI_DATA,6510,d8:b1:90:d9:de:f0,-47,9,-99,-35,48,104,463967703,124,0,106,0,"[-37,0,37,9,1,0,55,9,23,0,64,9,22,0,75,9,1,0,77,9,-27,0,-69,9,-73,0,-58,9,22,0,-35,9,-49,9,6,0,42,9,57,0,1,9,-53,0,-6,8,-23,0,1,9,-26,0,0,0,0,0,47,9,69,0,47,9,11,0,39,9,-49,9,25,9,55,9,15,9,28,9,17,9,31,9,31,9,55,9,54,9,-69,9,-72,9,-33,9,-33,9,-1,9,11,0,21,0,56,0,34,0,-70,0]"
CSI_DATA,6511,d8:b1:90:d9:de:f0,-47,9,-99,-34,48,104,464176584,224,0,106,0,"[1,0,43,8,37,0,38,8,34,0,49,8,9,0,71,8,-32,0,-57,8,66,0,-41,8,8,0,-33,8,-60,8,-32,8,30,8,-34,8,-9,8,-42,8,-17,8,-45,8,12,8,-44,8,67,8,-36,8,0,0,0,0,40,0,-9,8,-50,0,1,0,2,0,11,0,26,0,16,0,16,0,15,0,-18,0,7,0,-63,0,-8,8,43,0,-26,8,3,0,-47,8,-31,8,-66,8,-59,8,72,8,-75,8,73,8,-73,8]"
CSI_DATA,6512,d8:b1:90:d9:de:f0,-39,11,-99,-38,41,104,464385020,277,0,106,0,"[166,0,-19,0,-140,0,5,1,-115,0,-44,0,-175,0,-119,0,119,0,-188,0,13,0,166,0,-107,22,178,0,160,22,-166,0,64,22,-100,0,44,22,-56,0,98,22,-44,0,187,22,-104,0,-98,22,146,0,0,0,0,0,0,0,-149,22,-28,22,76,22,-83,22,-17,20,-134,22,-37,20,-134,22,2,22,-86,22,101,22,-8,22,-178,22,86,0,-127,22,179,0,-86,22,-106,0,-112,22,-41,0,-154,22,-43,0,172,22,-134,0]"
CSI_DATA,6513,d8:b1:90:d9:de:f0,-40,9,-99,-36,41,104,464385501,101,0,106,0,"[-8,19,-127,21,-70,19,-98,21,-38,19,-69,21,56,21,-57,21,175,21,-76,21,-73,21,-117,21,38,0,176,21,146,0,93,21,-129,0,24,21,-100,0,-19,19,-152,0,-1,19,135,0,79,21,56,0,-152,21,0,0,0,0,-55,21,148,0,-80,21,-69,0,-55,21,42,1,-36,21,67,1,-31,21,12,1,-46,21,-97,0,-73,21,137,0,-122,21,18,0,177,21,-73,21,101,21,-135,21,33,21,-170,21,0,21,-162,21,38,21]"
CSI_DATA,6514,d8:b1:90:d9:de:f0,-40,9,-99,-38,42,104,464385597,130,0,106,0,"[-104,20,-4,18,-156,20,-40,18,-162,20,2,20,-118,20,74,20,-41,20,145,20,48,0,-130,20,157,0,-73,20,-61,0,-42,20,42,1,-24,20,86,1,-29,20,54,1,-45,20,-49,0,-50,20,153,0,-40,20,0,0,0,0,-136,20,42,0,86,20,122,0,16,20,-145,0,2,20,-117,0,40,20,-138,0,113,20,125,0,-150,20,32,0,-97,20,-72,20,-61,20,-165,20,-60,20,77,20,-80,20,4,20,-117,20,-1,18,-138,20]"
CSI_DATA,6515,d8:b1:90:d9:de:f0,-40,9,-99,-37,41,104,464385713,113,0,106,0,"[146,21,-52,0,149,21,11,1,-181,21,-7,0,-148,21,-95,0,-129,21,162,0,-138,21,43,0,-168,21,-81,21,145,21,165,21,88,21,71,21,52,21,36,21,59,21,79,21,116,21,180,21,-136,21,-82,21,0,0,0,0,136,0,79,0,-87,0,117,0,17,1,126,0,55,1,100,0,4,1,78,0,-106,0,74,0,129,0,88,0,11,0,127,0,-90,21,175,0,-161,21,-122,0,178,21,-52,0,-165,21,-13,0,-93,21]"
CSI_DATA,6516,d8:b1:90:d9:de:f0,-38,9,-99,-37,40,104,464410354,120,0,106,0,"[13,24,-106,24,-55,22,-104,24,-29,22,-86,24,71,24,-81,24,187,24,-106,24,-94,24,-150,24,37,0,203,24,168,0,125,24,-150,0,42,24,-94,0,9,24,-120,0,11,24,-202,0,101,24,112,0,-158,24,0,0,0,0,-75,24,137,0,-107,24,-107,0,-125,24,14,1,-123,24,57,1,-123,24,4,1,-127,24,-125,0,-132,24,143,0,-161,24,9,0,-195,24,-115,24,148,24,-207,24,81,24,153,24,45,24,151,24,70,24]"
CSI_DATA,6517,d8:b1:90:d9:de:f0,-38,9,-99,-37,40,104,464442626,254,0,106,0,"[127,0,-9,22,97,0,-91,22,50,0,-70,22,44,0,16,24,65,0,119,24,117,0,-194,24,-208,0,-102,24,-88,0,-32,24,19,1,16,0,81,1,21,0,71,1,-6,24,-34,0,-30,24,-197,0,-17,24,0,0,0,0,-84,24,92,0,-200,24,-207,0,150,24,-86,0,141,24,-19,0,172,24,-35,0,-194,24,-130,0,-158,24,169,0,-158,24,47,0,-189,24,-61,24,161,24,-145,24,76,24,-187,24,24,24,-166,24,40,24]"
CSI_DATA,6518,d8:b1:90:d9:de:f0,-39,9,-99,-38,41,104,464442792,130,0,106,0,"[22,1,-71,22,83,1,-134,22,53,1,-161,22,-29,0,-142,22,-112,0,-83,22,-169,0,5,0,181,0,118,0,173,0,-143,0,-191,0,-29,0,-158,0,17,1,-146,0,-1,0,-172,0,-86,0,122,0,169,0,0,0,0,0,-115,22,-14,22,113,22,-44,22,-5,20,-31,22,-59,20,1,0,-38,20,20,0,61,22,14,0,172,22,-26,22,-128,22,-86,22,-65,22,-169,22,-46,22,118,22,-61,22,34,22,-107,22,1,22,-158,22]"
CSI_DATA,6519,d8:b1:90:d9:de:f0,-38,11,-99,-37,40,104,464503745,100,0,114,0,"[-24,34,-27,35,-30,35,-32,37,-32,35,-34,35,-32,34,-29,34,-27,32,-27,32,-26,32,-24,34,-22,34,-24,37,-22,39,-22,40,-22,44,-21,44,-21,47,-19,47,-17,50,-17,52,-14,52,-14,52,-13,50,-13,48,-11,50,-9,45,0,0,-6,48,-8,47,-8,48,-4,50,-3,52,-3,52,-1,53,0,52,1,50,3,48,3,47,4,45,4,42,6,40,6,37,8,39,9,35,11,35,11,35,11,37,13,37,14,40,16,40,14,40,14,40,13,39,9,37,8,34]"
CSI_DATA,6520,d8:b1:90:d9:de:f0,-43,11,-99,-35,45,104,464802817,277,0,106,0,"[58,0,-6,12,39,0,-40,12,9,0,-35,12,-12,12,0,12,-18,12,54,12,-3,12,105,12,38,0,-74,12,103,0,-46,12,-47,0,-48,12,-4,0,-70,12,0,0,-88,12,-32,0,-92,12,-77,0,-58,12,0,0,0,0,-103,0,62,0,-61,0,-98,0,-5,0,-69,0,38,0,-73,0,38,0,108,0,-5,0,65,0,-69,0,48,0,94,0,51,0,47,0,79,0,25,0,-96,0,29,0,-51,0,58,0,-34,0,80,0]"
CSI_DATA,6521,d8:b1:90:d9:de:f0,-43,9,-99,-33,44,104,464803289,113,0,106,0,"[112,0,6,13,-116,0,-25,12,99,0,-24,12,79,0,12,13,65,0,70,13,58,0,-102,13,80,0,-34,13,112,0,34,0,-69,0,93,0,-33,0,-105,0,-17,0,-102,0,-43,0,114,0,-110,0,105,0,0,0,0,0,-27,13,-99,0,-83,13,-33,0,112,13,21,0,112,13,54,0,-104,13,49,0,-78,13,-6,0,-66,13,-81,0,-71,13,78,0,-92,13,22,0,99,13,-22,13,54,13,-43,13,30,13,-35,13,45,13]"
CSI_DATA,6522,d8:b1:90:d9:de:f0,-43,9,-99,-35,45,104,464803443,108,0,106,0,"[108,0,11,12,-104,0,-14,12,99,0,-14,12,78,0,14,12,59,0,65,12,59,0,-101,12,73,0,-35,12,106,0,26,0,-64,0,84,0,-25,0,-109,0,-12,0,-109,0,-38,0,96,0,-98,0,88,0,0,0,0,0,-9,12,-90,0,-61,12,-32,0,-85,12,27,0,-81,12,61,0,-61,12,50,0,-45,12,-1,0,-39,12,-69,0,-58,12,86,0,-84,12,36,0,93,12,4,0,53,12,-12,12,28,12,-3,12,44,12]"
CSI_DATA,6523,d8:b1:90:d9:de:f0,-41,9,-99,-35,43,104,464843964,98,0,106,0,"[-65,0,-136,16,-31,0,98,16,-50,0,58,16,-104,0,55,16,128,0,83,16,99,0,138,16,105,0,-67,16,-114,0,-4,16,-30,0,37,0,35,1,30,0,57,1,-11,16,23,1,-44,16,-49,0,-42,16,0,0,0,0,131,0,59,0,-122,0,-130,0,-66,0,-79,0,-9,0,-73,0,4,1,-115,0,-26,0,110,0,-90,0,71,0,119,0,69,0,59,0,90,0,33,0,-136,0,30,0,-78,0,61,0,-49,0,99,0]"
CSI_DATA,6524,d8:b1:90:d9:de:f0,-41,9,-99,-36,43,104,464862666,124,0,106,0,"[-112,0,-138,0,-83,0,-92,0,-58,0,-92,0,-66,0,-126,0,-104,0,129,0,122,0,116,0,52,0,142,0,-10,16,-89,0,-58,16,-2,0,-57,16,76,1,-24,16,109,1,12,0,80,1,29,0,-2,0,0,0,0,0,-43,16,-127,0,-127,16,117,0,76,16,131,0,32,16,-131,0,33,16,-115,0,70,16,-127,0,115,16,117,0,-140,16,60,0,-140,16,8,0,117,16,-42,16,70,16,-80,16,20,16,-79,16,8,16]"
CSI_DATA,6525,d8:b1:90:d9:de:f0,-38,9,-99,-35,39,104,465012197,130,0,106,0,"[133,0,127,25,171,0,46,25,152,0,25,25,122,0,74,25,105,0,148,25,136,0,-196,25,212,0,-107,25,-100,0,-34,25,53,1,8,0,160,1,-15,25,195,1,-65,25,133,1,-115,25,-3,0,-110,25,0,0,0,0,198,0,5,0,129,0,155,0,112,0,-167,0,114,0,-81,0,108,0,-57,0,84,0,-107,0,32,0,-169,0,-46,25,-215,0,-126,25,214,0,210,25,-205,0,133,25,-139,0,103,25,-67,0,171,25]"
CSI_DATA,6526,d8:b1:90:d9:de:f0,-43,9,-99,-37,45,104,465221113,144,0,106,0,"[-5,13,112,13,58,0,41,13,85,0,-1,12,76,0,0,13,65,0,34,13,44,0,98,13,34,0,-44,13,34,0,76,0,50,0,-23,0,88,0,88,0,-112,0,-83,0,-81,0,-89,0,-78,0,93,0,0,0,0,0,102,0,-89,0,36,0,51,0,-47,13,-26,13,110,13,-83,13,66,13,-104,13,62,13,-101,13,96,13,-77,13,-78,13,-52,13,-10,13,-33,13,79,0,-32,13,-58,0,-44,13,15,0,-86,13,35,0]"
CSI_DATA,6527,d8:b1:90:d9:de:f0,-42,11,-99,-37,43,104,465503981,100,0,228,0,"[-5,11,-5,16,-6,19,-9,23,-10,26,-11,26,-12,26,143,85,-12,24,-11,21,-9,20,-8,18,-5,17,-2,16,1,15,5,13,10,13,15,13,19,13,23,15,26,16,40,-68,28,17,27,17,25,18,21,17,19,16,16,13,0,0,10,6,6,2,4,-1,3,-6,2,-12,1,-17,4,0,1,-24,2,-25,3,-26,4,-25,3,-24,3,-21,2,-19,0,-16,-1,-13,-3,-11,-5,-9,-9,-8,-13,-6,139,17,-20,-5,-23,-8,-25,-9,-26,-11,-25,-13,-21,-15,-18,-15,-20,-9,-25,8,-15,23,4,26,20,15,21,-2,11,-15,-16,12,-10,-3,-5,6,4,6,10,-1,6,-12,-6,-16,-20,-8,-21,10,-9,25,12,26,28,10,27,-12,10,-27,15,-6,-23,-5,-16,12,1,17,15,6,13,-9,0,-17,0,0,-23,5,-13,24,8,28,27,17,31,-6,18,-27,-2,-51,-21,-18,-24,2,-12,15,0,15,6,6,4,-1,-2,-2,-4,4,1,9,10,8,15,-2,11,-15,-1,-20,-33,-21,-23,0,-16,16,-1,21,12,15,16,0,9,-10,-3,-10]"
CSI_DATA,6528,d8:b1:90:d9:de:f0,-42,11,-99,-36,43,104,465638412,277,0,106,0,"[-111,0,-68,16,-24,0,-94,16,-4,0,-115,16,-41,0,-124,16,-93,0,-96,16,135,0,-32,16,78,0,49,0,43,0,-118,0,25,0,2,1,41,0,107,1,89,0,-142,1,125,0,105,1,123,0,4,1,0,0,0,0,49,0,62,0,-47,16,-29,16,141,16,-94,16,58,16,-114,16,28,16,-106,16,65,16,-87,16,134,16,-68,16,-74,16,-71,16,3,0,-100,16,69,0,138,16,125,0,67,16,138,0,-6,15,81,0]"
CSI_DATA,6529,d8:b1:90:d9:de:f0,-41,9,-99,-39,43,104,465638884,311,0,106,0,"[128,0,-143,0,-133,0,-66,0,-94,0,-58,0,-103,0,-103,0,-141,0,-152,0,92,0,117,0,-9,18,100,0,-154,18,116,0,33,18,-146,0,-45,17,-75,0,-52,17,-6,0,14,18,18,1,111,18,-31,0,0,0,0,0,-28,18,84,0,-8,18,-58,18,-19,18,124,18,-57,18,42,18,-88,18,25,18,-91,18,72,18,-57,18,136,18,2,0,-112,18,78,0,-70,18,-143,0,-66,18,-45,0,-85,18,1,1,-141,18,-24,0]"
CSI_DATA,6530,d8:b1:90:d9:de:f0,-41,9,-99,-35,42,104,465639106,113,0,106,0,"[-48,18,-105,0,-89,18,-20,0,-80,18,14,1,-52,18,-12,0,-46,18,-80,0,-58,18,-155,0,-114,18,61,0,108,18,-22,18,-6,17,-94,18,-111,17,-111,18,151,17,-80,18,-143,17,-25,18,-40,17,20,0,0,0,0,0,-100,18,19,0,20,0,-53,18,106,0,-145,18,144,0,85,18,143,0,47,18,119,0,77,18,94,0,148,18,99,0,-86,18,124,0,-13,18,-122,0,56,0,-44,0,99,0,35,1,81,0,44,1]"
CSI_DATA,6531,d8:b1:90:d9:de:f0,-38,9,-99,-37,40,104,465690242,130,0,106,0,"[130,0,-156,0,187,0,-61,0,-172,0,-60,0,-172,0,-117,0,203,0,-179,0,112,0,200,0,0,0,203,0,-133,24,-156,0,168,24,-42,0,122,24,86,1,158,24,151,1,-161,24,141,1,-61,24,34,1,0,0,0,0,-17,24,174,0,-88,24,17,0,203,24,-81,24,110,24,-119,24,70,24,-110,24,97,24,-81,24,179,24,-73,24,-151,24,-101,24,-84,24,-163,24,-52,24,148,24,-71,24,27,24,-148,24,-52,22,164,24]"
CSI_DATA,6532,d8:b1:90:d9:de:f0,-42,11,-99,-36,43,104,466056209,277,0,106,0,"[-139,0,98,16,-111,0,22,16,-138,0,-14,15,105,0,4,16,78,0,54,16,75,0,117,16,107,0,-100,16,-105,0,-42,16,-12,0,-6,16,62,1,-5,16,86,1,-51,16,49,1,-88,16,-34,0,-94,16,0,0,0,0,57,0,-4,16,5,0,103,0,-13,16,-78,0,8,0,2,1,44,0,29,1,61,0,-7,0,51,0,-74,0,11,0,-126,0,-43,16,124,0,-115,16,122,0,103,16,-124,0,78,16,-65,0,127,16]"
CSI_DATA,6533,d8:b1:90:d9:de:f0,-41,9,-99,-36,43,104,466056672,98,0,106,0,"[54,16,-35,16,-26,15,-33,16,-48,15,-14,16,-19,15,1,0,44,16,-4,16,109,16,-34,16,-106,16,-94,16,-37,16,106,16,10,0,5,16,31,0,-78,15,14,0,-100,15,-6,16,-62,15,-16,16,16,16,0,0,0,0,12,0,-44,16,75,0,60,0,-122,0,-140,0,-54,0,-98,0,-32,0,-98,0,-58,0,-118,0,-118,0,136,0,100,0,121,0,17,0,124,0,-59,16,-130,0,-123,16,-71,0,140,16,-10,0,-105,16]"
CSI_DATA,6534,d8:b1:90:d9:de:f0,-42,9,-99,-38,44,104,466056813,140,0,106,0,"[52,15,43,0,-20,14,70,0,-33,14,98,0,3,15,101,0,54,15,79,0,99,15,27,0,-127,15,-45,15,-101,15,133,15,-93,15,31,15,-105,15,-45,14,-132,15,-61,14,128,15,-28,14,-119,15,47,15,0,0,0,0,-7,15,-46,15,86,0,15,0,-79,0,52,0,-1,0,59,0,24,1,50,0,-4,0,41,0,-67,0,38,0,-134,0,58,0,72,0,96,0,27,0,-113,0,5,0,-40,0,10,0,20,1,57,0]"
CSI_DATA,6535,d8:b1:90:d9:de:f0,-42,9,-99,-35,43,104,466056921,160,0,106,0,"[1,0,45,16,1,0,-29,15,-16,16,-45,15,-20,16,-16,15,-13,16,37,16,28,0,93,16,86,0,-125,16,-112,0,-76,16,-13,0,-41,16,62,1,-34,16,88,1,-47,16,59,1,-59,16,-19,0,-51,16,0,0,0,0,61,0,15,0,-20,16,99,0,-77,16,-86,0,-102,16,-14,0,-107,16,15,1,-97,16,-16,0,-85,16,-82,0,-88,16,129,0,-117,16,63,0,107,16,5,0,42,16,-30,16,-15,15,-35,16,-21,15]"
CSI_DATA,6536,d8:b1:90:d9:de:f0,-42,9,-99,-37,44,104,466057055,182,0,106,0,"[59,0,-51,0,81,0,12,1,102,0,24,1,99,0,-2,0,74,0,-52,0,34,0,-93,0,-36,15,-126,0,-127,15,118,0,39,15,122,0,-24,14,-123,0,-44,14,-108,0,-9,14,-97,0,56,15,-124,0,0,0,0,0,-59,15,7,0,-19,15,-94,15,2,0,69,15,-1,15,1,15,-17,15,-23,14,-26,15,6,15,-6,15,62,15,22,0,120,15,73,0,-102,15,-122,0,-74,15,-48,0,-68,15,-5,0,-101,15,-17,0]"
CSI_DATA,6537,d8:b1:90:d9:de:f0,-42,9,-99,-35,43,104,466057242,130,0,106,0,"[-130,0,93,16,-89,0,33,16,-94,0,11,16,-125,0,30,16,133,0,76,16,122,0,-135,16,-138,0,-62,16,-92,0,27,0,-28,0,103,0,29,1,-137,0,63,1,-133,0,44,1,106,0,-23,0,68,0,0,0,0,0,52,0,43,0,-57,16,82,0,128,16,-137,0,79,16,-80,0,73,16,-47,0,104,16,-65,0,135,16,-118,0,-127,16,90,0,-129,16,22,0,116,16,-44,16,59,16,-99,16,3,16,-104,16,-17,15]"
CSI_DATA,6538,d8:b1:90:d9:de:f0,-41,9,-99,-37,43,104,466057377,130,0,106,0,"[72,17,116,0,21,17,-121,0,38,17,-69,0,90,17,-63,0,139,17,-86,0,-135,17,-144,0,145,17,95,0,88,17,39,0,1,17,13,0,-63,16,30,0,-85,16,83,0,-42,16,127,0,48,17,127,0,0,0,0,0,-79,17,24,0,-70,17,-93,17,-98,17,109,17,136,17,50,17,87,17,49,17,87,17,97,17,123,17,144,17,-123,17,-130,17,-70,17,-139,17,-38,17,108,17,-32,17,40,17,-77,17,-6,16,-144,17]"
CSI_DATA,6539,d8:b1:90:d9:de:f0,-42,9,-99,-39,44,104,466057503,124,0,106,0,"[-8,16,-45,0,-3,16,29,1,23,0,46,1,37,0,13,1,25,0,-39,0,2,0,-90,0,-62,16,137,0,124,16,105,0,27,16,98,0,-44,15,114,0,-57,15,-139,0,-23,15,-121,0,61,16,137,0,0,0,0,0,-63,16,5,0,-26,16,-98,16,-11,16,77,16,-26,16,1,16,-54,16,-25,15,-61,16,13,16,-43,16,71,16,-1,16,123,16,56,0,-119,16,131,0,-105,16,-73,0,-122,16,-40,0,102,16,-68,0]"
CSI_DATA,6540,d8:b1:90:d9:de:f0,-42,9,-99,-37,44,104,466265598,108,0,106,0,"[-54,0,-18,15,27,1,-37,15,47,1,-58,15,8,1,-69,15,-57,0,-56,15,-130,0,-22,15,47,0,42,0,-32,15,128,0,-104,15,-32,0,128,15,53,1,-124,15,89,1,-78,15,66,1,-32,15,-9,0,0,0,0,0,14,0,23,0,0,0,-110,15,-43,15,42,15,-89,15,-14,14,-115,15,-12,14,-110,15,34,15,-72,15,108,15,-15,15,-85,15,55,0,-27,15,-121,0,9,0,-36,0,23,0,24,1,0,0,17,1]"
CSI_DATA,6541,d8:b1:90:d9:de:f0,-42,9,-99,-38,44,104,466265725,130,0,106,0,"[-93,0,-115,15,-25,0,114,15,-11,0,91,15,-54,0,103,15,-95,0,-135,15,128,0,-62,15,80,0,21,0,48,0,-135,0,29,0,-18,0,34,0,65,1,61,0,97,1,78,0,64,1,75,0,-24,0,0,0,0,0,12,0,26,0,-64,15,-78,15,122,15,117,15,52,15,79,15,31,15,83,15,68,15,116,15,-133,15,-113,15,-55,15,-86,15,32,0,-72,15,115,0,-84,15,-74,0,-115,15,-34,0,115,15,-62,0]"
CSI_DATA,6542,d8:b1:90:d9:de:f0,-40,11,-99,-37,41,104,466474007,277,0,106,0,"[79,0,110,21,101,0,2,21,69,0,-40,20,34,0,-17,20,17,0,20,21,42,0,87,21,90,0,145,21,-184,0,-181,21,-65,0,-154,21,33,1,-174,21,78,1,149,21,43,1,120,21,-66,0,143,21,0,0,0,0,103,0,-104,21,47,0,65,0,68,0,-158,0,117,0,-40,0,173,0,-5,0,-181,0,-49,0,167,0,-127,0,100,0,184,0,14,0,152,0,-85,21,173,0,-175,21,-127,0,167,21,-29,0,-139,21]"
CSI_DATA,6543,d8:b1:90:d9:de:f0,-40,9,-99,-36,41,104,466474452,130,0,106,0,"[-31,21,100,21,-31,21,-4,19,-49,21,-42,19,-55,21,-22,19,-38,21,38,21,-4,21,98,21,72,0,168,21,170,0,-129,21,-52,0,-79,21,53,1,-60,21,110,1,-67,21,93,1,-87,21,2,1,-84,21,0,0,0,0,107,0,-32,21,-16,21,66,0,-118,21,-175,0,-163,21,-67,0,-169,21,-8,0,-141,21,-28,0,-107,21,-103,0,-96,21,161,0,-108,21,57,0,-166,21,-48,21,108,21,-139,21,7,21,-163,21,-40,19]"
CSI_DATA,6544,d8:b1:90:d9:de:f0,-41,9,-99,-36,42,104,466474596,113,0,106,0,"[94,18,65,0,0,18,89,0,-31,17,114,0,-7,17,127,0,36,18,99,0,81,18,55,0,133,18,-20,18,-159,18,-129,18,-140,18,70,18,-146,18,-36,17,154,18,-78,17,139,18,-46,17,151,18,26,18,0,0,0,0,-57,18,-94,18,55,0,1,0,-123,0,57,0,-13,0,70,0,28,1,47,0,10,1,27,0,-62,0,17,0,-147,0,30,0,86,0,79,0,16,0,157,0,-35,18,-59,0,-23,18,32,1,41,0]"
CSI_DATA,6545,d8:b1:90:d9:de:f0,-39,11,-99,-34,41,104,466503650,100,0,114,0,"[16,30,14,33,14,38,13,40,10,41,9,38,8,38,8,36,8,36,8,36,8,34,8,34,9,33,10,34,10,37,10,38,12,38,12,41,13,41,14,41,14,41,14,42,16,42,16,42,16,41,16,40,16,38,16,38,0,0,14,37,16,38,14,38,17,40,18,40,17,40,18,40,18,38,18,38,18,36,18,34,17,33,18,32,17,30,17,29,16,26,17,26,17,25,18,26,18,28,20,29,20,30,21,32,20,30,18,30,17,30,14,30,12,29]"
CSI_DATA,6546,d8:b1:90:d9:de:f0,-42,9,-99,-39,44,104,466515815,98,0,106,0,"[-125,0,-139,16,-61,0,66,16,-63,0,13,16,-94,0,6,16,-135,0,30,16,121,0,80,16,119,0,-133,16,-125,0,-53,16,-63,0,29,0,2,1,75,0,54,1,78,0,63,1,45,0,-3,0,4,0,0,0,0,0,71,0,-22,16,-42,16,33,0,-134,16,117,0,100,16,-63,0,107,16,3,1,-127,16,1,1,-80,16,-45,0,-64,16,-121,0,-74,16,83,0,-119,16,11,0,77,16,-31,16,-3,15,-23,16,-29,15]"
CSI_DATA,6547,d8:b1:90:d9:de:f0,-43,9,-99,-40,45,104,466516915,98,0,106,0,"[44,0,-67,0,62,0,16,1,95,0,45,1,109,0,27,1,99,0,-13,0,70,0,-52,0,19,0,-100,0,-63,15,125,0,88,15,110,0,9,15,114,0,-31,14,-123,0,-16,14,-108,0,41,15,-122,0,0,0,0,0,-42,15,53,0,28,0,-46,15,77,0,100,15,86,0,5,15,67,0,-42,14,38,0,-26,14,20,0,32,15,31,0,98,15,53,0,-84,15,109,0,-22,15,-73,0,23,0,5,1,14,0,27,1]"
CSI_DATA,6548,d8:b1:90:d9:de:f0,-42,9,-99,-38,44,104,466683368,130,0,106,0,"[90,0,68,15,-132,0,0,15,-122,0,-33,14,-132,0,-23,14,123,0,29,15,114,0,94,15,118,0,-92,15,133,0,13,0,-106,0,130,0,-74,0,-43,0,-50,0,3,1,-51,0,-8,0,-84,0,-55,0,0,0,0,0,61,0,60,0,-46,15,-5,15,109,15,-50,15,19,15,-70,15,-19,14,-70,15,2,15,-64,15,67,15,-54,15,-129,15,-55,15,-42,15,-77,15,38,0,-123,15,108,0,81,15,-132,0,12,15,110,0]"
CSI_DATA,6549,d8:b1:90:d9:de:f0,-42,11,-99,-37,43,104,466891804,277,0,106,0,"[76,0,-110,0,109,0,-20,0,136,0,10,1,142,0,-10,0,115,0,-49,0,62,0,-98,0,-16,17,-142,0,-120,17,118,0,50,17,91,0,-50,16,87,0,-98,16,109,0,-85,16,125,0,2,17,120,0,0,0,0,0,-69,17,73,0,41,0,-19,17,129,0,-108,17,-106,0,92,17,-99,0,41,17,-122,0,61,17,137,0,117,17,114,0,-103,17,112,0,-16,17,142,0,69,0,-99,0,-139,0,-32,0,-101,0,11,1]"
CSI_DATA,6550,d8:b1:90:d9:de:f0,-42,9,-99,-39,44,104,466892240,130,0,106,0,"[69,0,101,16,112,0,15,16,124,0,-16,15,123,0,-3,15,117,0,55,16,112,0,126,16,113,0,-47,16,118,0,75,0,128,0,-75,0,-130,0,37,1,-131,0,82,1,-135,0,61,1,127,0,-2,0,0,0,0,0,65,0,56,0,10,0,-59,16,-57,16,100,16,-110,16,25,16,-130,16,4,16,-118,16,26,16,-78,16,79,16,-21,16,-134,16,50,0,-67,16,-138,0,-15,16,-42,0,26,0,38,1,30,0,59,1]"
CSI_DATA,6551,d8:b1:90:d9:de:f0,-42,9,-99,-38,44,104,466892384,124,0,106,0,"[-26,15,88,15,-50,15,2,15,-85,15,-27,14,-102,15,-3,14,-91,15,42,15,-58,15,96,15,8,0,-127,15,108,0,-91,15,-46,0,-82,15,46,1,-94,15,83,1,-122,15,55,1,114,15,-21,0,115,15,0,0,0,0,40,0,-77,15,-43,15,26,0,-99,15,-133,0,-116,15,-31,0,-94,15,10,1,-63,15,-7,0,-46,15,-69,0,-45,15,129,0,-75,15,51,0,-133,15,-8,15,49,15,-49,15,-26,14,-36,15,-47,14]"
CSI_DATA,6552,d8:b1:90:d9:de:f0,-42,9,-99,-37,43,104,466892515,113,0,106,0,"[-143,17,-147,0,95,17,-68,0,91,17,-17,0,127,17,-18,0,-131,17,-57,0,-116,17,-132,0,-116,17,73,0,139,17,-30,17,72,17,-137,17,0,17,94,17,-61,16,83,17,-73,16,124,17,-13,16,-101,17,0,0,0,0,-94,17,18,0,54,0,17,0,-112,0,-26,17,-24,0,-86,17,4,1,-137,17,-33,0,-144,17,-102,0,-118,17,136,0,-58,17,94,0,18,0,95,0,113,0,135,0,-85,0,-101,0,-28,0,-31,0]"
CSI_DATA,6553,d8:b1:90:d9:de:f0,-43,9,-99,-37,44,104,467101166,98,0,106,0,"[-93,0,-120,0,-28,0,-64,0,14,1,-62,0,13,1,-98,0,-18,0,121,0,-72,0,91,0,108,0,81,0,12,0,106,0,-79,15,-97,0,118,15,-22,0,108,15,29,1,-118,15,41,1,-66,15,-9,0,0,0,0,0,-5,15,74,0,-47,15,-44,15,-120,15,121,15,68,15,73,15,17,15,80,15,23,15,124,15,72,15,-92,15,-125,15,-61,15,-44,15,-59,15,33,0,-94,15,96,0,101,15,108,0,21,15,58,0]"
CSI_DATA,6554,d8:b1:90:d9:de:f0,-42,9,-99,-39,44,104,467130183,98,0,106,0,"[-56,0,-95,16,18,1,-139,16,32,1,92,16,-6,0,70,16,-67,0,87,16,-114,0,133,16,131,0,-74,16,125,0,21,0,-128,0,133,0,-80,0,-65,0,-30,0,-47,0,-14,0,-82,0,-52,0,130,0,0,0,0,0,56,0,18,0,-73,16,26,0,88,16,78,0,23,16,-135,0,20,16,-85,0,63,16,-73,0,125,16,-103,0,-105,16,111,0,-78,16,32,0,-95,16,-51,16,131,16,-124,16,58,16,124,16,10,16]"
CSI_DATA,6555,d8:b1:90:d9:de:f0,-41,9,-99,-39,43,104,467310074,130,0,106,0,"[-56,0,62,0,39,1,56,0,69,1,28,0,36,1,0,0,-35,0,-2,18,-116,0,15,0,105,0,66,0,7,0,145,0,-74,18,-64,0,-119,18,30,1,-119,18,75,1,-85,18,56,1,-50,18,-17,0,0,0,0,0,-20,18,55,0,-58,18,-73,18,-130,18,118,18,117,18,57,18,84,18,53,18,96,18,91,18,155,18,152,18,-80,18,-111,18,15,0,-84,18,122,0,-84,18,-86,0,-116,18,-25,0,133,18,-46,0]"
CSI_DATA,6556,d8:b1:90:d9:de:f0,-44,11,-99,-38,45,104,467504022,100,0,228,0,"[7,-3,9,-6,12,-10,15,-13,17,-15,18,-16,19,-16,117,69,18,-15,17,-14,16,-13,13,-12,10,-11,7,-10,4,-9,0,-9,-3,-9,-6,-9,-11,-9,-15,-9,-18,-10,33,-55,-22,-10,-21,-11,-20,-10,-17,-10,-16,-9,-13,-7,0,0,-6,-2,-2,0,0,2,2,6,6,10,8,14,93,0,11,20,11,22,9,22,9,22,8,20,7,18,7,16,5,12,5,9,5,5,6,2,6,0,7,-4,97,0,11,-10,13,-13,16,-14,16,-14,17,-13,16,-10,16,-7,9,16,20,6,20,-9,8,-20,-7,-18,-16,-6,-13,5,16,-5,4,6,4,-1,-1,-4,-7,0,-6,8,3,14,16,8,20,-6,11,-21,-8,-25,-24,-11,-26,7,-11,23,-13,12,18,8,15,-7,2,-13,-7,-6,-7,4,2,9,0,0,12,-9,1,-18,-14,-16,-23,-1,-18,15,-2,23,23,36,20,3,14,-9,2,-13,-4,-7,-3,0,0,0,1,-2,-1,-7,-9,-5,-13,2,-8,13,2,17,16,12,30,-10,14,-16,0,-20,-13,-13,-16,0,-9,10,1,10,6,2]"
CSI_DATA,6557,d8:b1:90:d9:de:f0,-41,11,-99,-37,42,104,467518500,277,0,106,0,"[-158,0,-125,0,-76,0,-53,0,-25,0,-53,0,-28,0,-99,0,-73,0,-142,0,-149,0,147,0,88,0,126,0,-32,19,134,0,-164,19,-160,0,77,19,-110,0,45,19,-58,0,80,19,-47,0,145,19,-95,0,0,0,0,0,-36,19,25,0,-18,19,-128,19,-41,19,63,19,-88,19,-33,18,-130,19,-54,18,-142,19,1,19,-114,19,89,19,-50,19,-155,19,31,0,-91,19,134,0,-57,19,-79,0,-58,19,-2,0,-95,19,-7,0]"
CSI_DATA,6558,d8:b1:90:d9:de:f0,-40,9,-99,-39,42,104,467518990,500,0,106,0,"[94,0,-85,0,150,0,15,1,-142,0,35,1,-129,0,-17,0,-142,0,-85,0,146,0,-150,0,60,0,155,0,-65,20,133,0,141,20,144,0,38,20,-159,0,-5,19,-108,0,30,20,-87,0,129,20,-127,0,0,0,0,0,-50,20,42,0,-21,20,-134,20,-57,20,71,20,-111,20,-30,19,-167,20,-52,19,171,20,13,20,-149,20,108,20,-78,20,-160,20,13,0,-97,20,129,0,-85,20,-98,0,-112,20,-32,0,174,20,-56,0]"
CSI_DATA,6559,d8:b1:90:d9:de:f0,-41,9,-99,-36,42,104,467519236,500,0,106,0,"[67,18,57,0,-31,17,70,0,-64,17,88,0,-39,17,86,0,18,18,66,0,93,18,26,0,-143,18,-33,18,-47,18,-124,18,46,0,89,18,118,0,0,18,146,0,-45,17,123,0,-27,17,89,0,37,18,0,0,0,0,37,0,-39,18,41,0,114,0,69,0,-60,0,103,0,32,1,124,0,50,1,115,0,10,1,81,0,-67,0,21,0,-159,0,-50,18,76,0,-144,18,5,0,73,18,-44,18,-8,17,-54,18,-36,17]"
CSI_DATA,6560,d8:b1:90:d9:de:f0,-40,9,-99,-35,41,104,467519482,500,0,106,0,"[-108,0,-142,20,-5,0,156,20,21,1,133,20,-15,0,139,20,-57,0,168,20,-124,0,-108,20,164,0,-15,20,104,0,111,0,52,0,-104,0,24,0,16,1,15,0,82,1,24,0,59,1,31,0,-28,0,0,0,0,0,-21,20,64,0,-101,20,-87,20,146,20,142,20,64,20,67,20,31,20,57,20,63,20,96,20,144,20,155,20,-112,20,-137,20,2,0,-102,20,120,0,-91,20,-100,0,-109,20,-20,0,-150,20,-15,0]"
CSI_DATA,6561,d8:b1:90:d9:de:f0,-39,9,-99,-38,41,104,467519719,108,0,106,0,"[-85,0,56,0,35,1,76,0,80,1,53,0,40,1,37,0,-20,0,32,0,-124,0,38,0,152,0,83,0,20,0,158,0,-106,22,-130,0,178,22,-40,0,149,22,16,1,175,22,5,1,-148,22,-77,0,0,0,0,0,-52,22,41,0,-43,22,-136,22,-77,22,79,22,-127,22,-28,20,-160,22,-53,20,-154,22,0,22,-115,22,104,22,-47,22,-179,22,47,0,-88,22,158,0,-29,22,-85,0,1,0,5,1,-13,22,29,1]"
CSI_DATA,6562,d8:b1:90:d9:de:f0,-40,9,-99,-39,42,104,467519846,130,0,106,0,"[-78,0,-45,20,38,1,-64,20,82,1,-94,20,48,1,-118,20,-28,0,-94,20,-101,0,-53,20,159,0,24,0,72,0,122,0,-1,20,-97,0,-41,20,24,1,-45,20,72,1,-26,20,60,1,-5,20,-35,0,0,0,0,0,-17,20,67,0,-93,20,-91,20,153,20,134,20,72,20,67,20,31,20,57,20,59,20,100,20,137,20,168,20,-118,20,-131,20,-12,20,-104,20,115,0,-107,20,-116,0,-133,20,-32,0,156,20,-53,0]"
CSI_DATA,6563,d8:b1:90:d9:de:f0,-40,9,-99,-34,41,104,467520017,113,0,106,0,"[86,0,81,20,101,0,-37,18,74,0,-80,18,38,0,-46,18,10,0,14,20,18,0,108,20,48,0,-125,20,124,0,6,0,-120,0,106,0,-24,0,-161,0,40,1,-156,0,42,1,138,0,-37,0,80,0,0,0,0,0,34,0,12,0,-126,20,41,0,72,20,98,0,-12,18,-160,0,-18,18,-104,0,46,20,-110,0,133,20,-162,0,-130,20,93,0,-70,20,-14,20,-48,20,-134,20,-58,20,80,20,-117,20,-6,18,153,20]"
CSI_DATA,6564,d8:b1:90:d9:de:f0,-41,9,-99,-39,43,104,467601456,130,0,106,0,"[44,0,-68,0,56,0,34,1,63,0,62,1,62,0,26,1,37,0,-39,0,0,0,-124,0,-61,18,94,0,-132,18,-14,18,91,18,-125,18,23,18,116,18,-17,17,86,18,-7,17,110,18,70,18,-141,18,0,0,0,0,-28,18,4,0,114,0,62,0,-72,0,91,0,20,1,107,0,47,1,103,0,-3,0,89,0,-96,0,77,0,110,0,72,0,7,0,81,0,-100,18,112,0,114,18,-154,0,62,18,-106,0,81,18]"
CSI_DATA,6565,d8:b1:90:d9:de:f0,-41,9,-99,-38,43,104,467727880,224,0,106,0,"[147,17,131,17,83,17,66,17,47,17,66,17,62,17,99,17,106,17,131,17,-123,17,-136,17,-27,17,-114,17,106,0,-116,17,-65,0,-140,17,36,1,133,17,64,1,87,17,32,1,78,17,-41,0,108,17,0,0,0,0,61,0,-64,17,-11,17,53,0,-64,17,-123,0,-71,17,-24,0,-60,17,11,1,-43,17,-21,0,-30,17,-92,0,-43,17,122,0,-76,17,23,0,-140,17,-60,17,70,17,-129,17,-19,16,-142,17,-62,16]"
CSI_DATA,6566,d8:b1:90:d9:de:f0,-41,9,-99,-36,42,104,467728043,98,0,106,0,"[-76,0,-8,18,13,1,-6,18,45,1,-20,18,13,1,-35,18,-45,0,-20,18,-120,0,20,0,119,0,85,0,41,0,-148,0,-35,18,-30,0,-74,18,66,1,-71,18,115,1,-56,18,98,1,-35,18,16,1,0,0,0,0,-3,18,100,0,-54,18,-33,18,-128,18,-144,18,129,18,104,18,101,18,79,18,119,18,99,18,-149,18,152,18,-67,18,-127,18,20,0,-99,18,127,0,-110,18,-80,0,-149,18,-18,0,118,18,-37,0]"
CSI_DATA,6567,d8:b1:90:d9:de:f0,-40,9,-99,-35,41,104,467764288,98,0,106,0,"[-102,0,-35,20,0,1,-60,20,31,1,-107,20,-5,0,-130,20,-68,0,-122,20,-129,0,-67,20,-164,0,23,0,-167,0,145,0,-133,0,-79,0,-63,0,12,1,-1,0,21,1,20,1,-34,0,-32,0,-135,0,0,0,0,0,115,0,50,0,-45,20,49,0,174,20,107,0,90,20,-175,0,71,20,-127,0,109,20,-127,0,168,20,172,0,-148,20,100,0,-138,20,10,0,163,20,-79,20,78,20,-142,20,-6,19,-155,20,-52,19]"
CSI_DATA,6568,d8:b1:90:d9:de:f0,-41,9,-99,-39,43,104,467936797,124,0,106,0,"[97,18,90,0,8,18,-156,0,-2,17,-116,0,33,18,-128,0,90,18,139,0,151,18,77,0,-94,18,-19,18,-35,18,-141,18,17,0,41,18,46,0,-57,17,36,0,-92,17,12,0,-68,17,-14,18,29,18,0,0,0,0,-55,18,-19,18,-41,18,130,0,-14,18,-45,0,26,0,35,1,46,0,50,1,39,0,-6,0,18,0,-94,0,-25,18,130,0,-80,18,39,0,-154,18,-37,18,68,18,-101,18,-13,17,-112,18,-29,17]"
CSI_DATA,6569,d8:b1:90:d9:de:f0,-42,11,-99,-36,43,104,468145197,277,0,106,0,"[-8,16,69,16,10,0,-6,15,4,0,-39,15,-4,16,-17,15,-5,16,30,16,13,0,90,16,61,0,-122,16,-139,0,-50,16,-32,0,4,0,63,1,23,0,111,1,3,0,92,1,-25,16,17,1,-43,16,0,0,0,0,98,0,4,0,3,0,84,0,-62,16,-108,0,-89,16,-24,0,-77,16,12,1,-58,16,-14,0,-48,16,-79,0,-59,16,132,0,-88,16,57,0,138,16,-6,16,61,16,-51,16,-15,15,-49,16,-31,15]"
CSI_DATA,6570,d8:b1:90:d9:de:f0,-41,9,-99,-38,43,104,468145686,113,0,106,0,"[-77,17,84,17,-80,17,-3,16,-109,17,-35,16,-117,17,0,17,-109,17,45,17,-72,17,106,17,0,0,-148,17,111,0,-121,17,-62,0,-123,17,26,1,-152,17,66,1,103,17,33,1,65,17,-45,0,93,17,0,0,0,0,95,0,-55,17,70,0,71,0,78,0,-120,0,117,0,-32,0,-149,0,-4,0,-150,0,-43,0,123,0,-106,0,59,0,143,0,-14,17,105,0,-102,17,109,0,110,17,144,0,68,17,-93,0,93,17]"
CSI_DATA,6571,d8:b1:90:d9:de:f0,-41,9,-99,-38,43,104,468176579,101,0,106,0,"[73,17,-114,17,-1,16,149,17,-39,16,-141,17,-27,16,-101,17,23,17,-70,17,102,17,-65,17,-121,17,-90,17,-29,17,143,17,48,0,47,17,82,0,-45,16,64,0,-85,16,22,0,-61,16,-5,17,15,17,0,0,0,0,23,0,-83,17,106,0,20,0,-92,0,77,0,-8,0,87,0,14,1,71,0,-10,0,46,0,-79,0,33,0,144,0,48,0,73,0,84,0,21,0,149,0,-4,17,-65,0,11,0,-4,0,70,0]"
CSI_DATA,6572,d8:b1:90:d9:de:f0,-41,9,-99,-36,42,104,468354540,130,0,106,0,"[110,0,88,18,137,0,-3,17,125,0,-41,17,91,0,-17,17,79,0,52,18,89,0,137,18,120,0,-79,18,-135,0,27,0,-44,0,128,0,40,1,-135,0,85,1,-138,0,65,1,142,0,-16,0,86,0,0,0,0,0,49,0,1,0,-96,18,25,0,99,18,75,0,30,18,124,0,21,18,156,0,64,18,134,0,132,18,86,0,-130,18,12,0,-93,18,-73,18,-89,18,147,18,-118,18,51,18,158,18,3,18,113,18]"
CSI_DATA,6573,d8:b1:90:d9:de:f0,-40,9,-99,-39,42,104,468381388,98,0,106,0,"[91,20,-94,20,-10,19,-100,20,-48,19,-45,20,-19,19,-12,20,52,20,-5,20,120,20,-13,20,-161,20,-87,20,-134,20,159,20,-130,20,38,20,-161,20,-60,19,113,20,-63,19,85,20,-6,19,119,20,102,20,0,0,0,0,-63,20,-54,20,74,0,-39,20,-145,0,-60,20,-75,0,-122,20,-67,0,-157,20,-105,0,-145,20,-170,0,-109,20,157,0,-41,20,156,0,46,0,-142,0,113,0,-64,0,157,0,21,1,135,0,39,1]"
CSI_DATA,6574,d8:b1:90:d9:de:f0,-37,11,-99,-35,39,104,468504051,100,0,114,0,"[27,36,27,41,27,44,24,48,22,48,19,48,17,50,17,46,13,44,15,44,13,43,12,43,13,41,13,43,13,46,13,48,15,50,13,51,15,51,17,53,15,53,15,55,15,53,15,53,13,53,13,53,13,51,13,51,0,0,12,50,12,50,10,51,10,51,10,51,10,55,10,53,10,51,10,50,10,50,10,48,10,48,10,44,10,43,10,41,8,39,8,36,8,36,10,39,8,41,10,41,8,44,8,46,6,46,5,46,3,44,0,43,-1,38]"
CSI_DATA,6575,d8:b1:90:d9:de:f0,-40,11,-99,-36,41,104,468562994,277,0,106,0,"[-134,21,-118,0,-173,21,-21,0,-155,21,11,1,-127,21,-18,0,-110,21,-91,0,-104,21,173,0,-141,21,53,0,148,21,-74,21,45,21,170,21,-48,19,107,21,-93,19,101,21,-77,19,162,21,0,21,-127,21,0,0,0,0,-87,21,-22,21,72,0,-35,21,-146,0,-79,21,-55,0,-134,21,-42,0,-168,21,-88,0,-156,21,-161,0,-104,21,139,0,-29,21,90,0,72,0,81,0,-173,0,104,0,-55,0,177,0,7,1,-113,0]"
CSI_DATA,6576,d8:b1:90:d9:de:f0,-39,9,-99,-38,41,104,468563475,98,0,106,0,"[-110,0,115,0,0,1,136,0,34,1,100,0,0,1,68,0,-83,0,59,0,-179,0,59,0,95,0,128,0,-11,22,-148,0,-88,22,-13,0,-113,22,110,1,-94,22,163,1,-23,22,119,1,29,0,13,1,0,0,0,0,11,0,100,0,-62,22,-46,22,-181,22,-163,22,104,22,175,22,61,22,-190,22,88,22,-145,22,172,22,-113,22,-103,22,-97,22,5,0,-122,22,107,0,-190,22,181,0,91,22,167,0,-19,20,91,0]"
CSI_DATA,6577,d8:b1:90:d9:de:f0,-39,9,-99,-36,40,104,468563580,321,0,106,0,"[123,23,-136,23,22,23,-169,23,-17,22,-148,23,17,23,-117,23,95,23,-99,23,193,23,-107,23,-101,23,-167,23,9,0,136,23,104,0,14,23,152,0,-96,22,131,0,-153,22,79,0,-118,22,19,0,-12,22,0,0,0,0,17,0,-128,23,90,0,31,0,196,0,153,0,-112,0,-196,0,-77,0,-196,0,-109,0,177,0,-185,0,136,0,115,0,125,0,3,0,147,0,-95,23,-194,0,-166,23,-91,0,-174,23,4,1,-98,23]"
CSI_DATA,6578,d8:b1:90:d9:de:f0,-39,9,-99,-38,41,104,468563793,321,0,106,0,"[118,22,133,0,37,22,-167,0,41,22,-115,0,107,22,-113,0,164,22,-173,0,-179,22,124,0,-161,22,1,0,190,22,-145,22,110,22,109,22,14,22,31,22,-56,20,37,22,-62,20,110,22,19,22,-173,22,0,0,0,0,-98,22,-11,22,76,0,-32,22,-166,0,-92,22,-83,0,-169,22,-73,0,160,22,-130,0,176,22,181,0,-146,22,131,0,-61,22,118,0,44,0,157,0,155,0,-142,0,-130,0,-44,0,-103,0,20,1]"
CSI_DATA,6579,d8:b1:90:d9:de:f0,-40,9,-99,-37,41,104,468563969,321,0,106,0,"[175,21,175,21,95,21,94,21,66,21,91,21,101,21,119,21,168,21,162,21,-103,21,-174,21,23,0,-142,21,183,0,-130,21,-24,0,-132,21,95,1,-154,21,142,1,-177,21,91,1,180,21,-14,0,-165,21,0,0,0,0,78,0,-55,21,-50,21,62,0,-154,21,173,0,157,21,-107,0,149,21,-74,0,180,21,-113,0,-151,21,170,0,-119,21,68,0,-100,21,-50,21,-111,21,-173,21,-154,21,78,21,152,21,7,21,93,21]"
CSI_DATA,6580,d8:b1:90:d9:de:f0,-39,9,-99,-39,41,104,468564182,321,0,106,0,"[106,23,98,0,3,23,146,0,-18,21,177,0,33,23,167,0,110,23,117,0,186,23,35,0,-127,23,-81,23,-50,23,160,23,1,0,-9,21,4,0,-140,21,-1,23,-181,21,-44,23,-135,21,-61,23,-21,21,0,0,0,0,-27,23,-90,23,36,0,75,0,137,0,-181,0,-175,0,-103,0,-141,0,-97,0,-166,0,-138,0,144,0,187,0,43,0,132,0,-75,23,92,0,186,23,80,0,50,23,103,0,-30,21,174,0,-7,21]"
CSI_DATA,6581,d8:b1:90:d9:de:f0,-40,9,-99,-37,41,104,468564359,98,0,106,0,"[149,0,135,21,-170,0,40,21,-173,0,4,21,170,0,46,21,142,0,113,21,127,0,-151,21,143,0,-20,21,-186,0,129,0,-119,0,-98,0,-56,0,0,1,-11,0,33,1,-10,0,-15,0,-71,0,-117,0,0,0,0,0,87,0,45,0,-77,21,-18,21,149,21,-47,21,31,21,-53,21,0,21,-33,21,52,21,-23,21,143,21,-27,21,-125,21,-53,21,-17,21,-109,21,68,0,173,21,126,0,63,21,133,0,-29,20,72,0]"
CSI_DATA,6582,d8:b1:90:d9:de:f0,-42,9,-99,-36,43,104,468772365,252,0,106,0,"[-88,0,-83,16,-14,0,-103,16,7,1,-131,16,-24,0,139,16,-76,0,-122,16,-121,0,-71,16,132,0,13,0,129,0,118,0,-126,0,-47,0,-61,0,34,1,3,1,47,1,32,1,-3,0,4,1,-85,0,0,0,0,0,126,0,51,0,-1,16,37,0,-114,16,65,0,100,16,122,0,86,16,-122,0,116,16,-125,0,-126,16,123,0,-96,16,66,0,-87,16,-5,16,-115,16,-79,16,112,16,-141,16,37,16,130,16,-5,15]"
CSI_DATA,6583,d8:b1:90:d9:de:f0,-42,9,-99,-36,43,104,468772530,98,0,106,0,"[-105,0,-123,16,-21,0,-139,16,11,1,133,16,-13,0,-140,16,-54,0,-105,16,-109,0,-48,16,117,0,38,0,66,0,-131,0,28,0,2,1,4,0,114,1,20,0,-125,1,39,0,141,1,50,0,70,1,0,0,0,0,28,0,126,0,-32,16,10,0,-105,16,-94,16,109,16,132,16,84,16,115,16,98,16,126,16,-140,16,-121,16,-66,16,-97,16,16,0,-77,16,104,0,-83,16,-88,0,-109,16,-34,0,131,16,-49,0]"
CSI_DATA,6584,d8:b1:90:d9:de:f0,-39,11,-99,-37,41,104,468980791,277,0,106,0,"[14,0,-79,0,23,0,21,1,69,0,55,1,81,0,15,1,81,0,-47,0,31,0,-122,0,-47,21,-174,0,-174,21,168,0,52,21,175,0,-45,20,-155,0,-84,20,-100,0,-39,20,-77,0,68,21,-119,0,0,0,0,0,-110,21,95,0,-93,21,-63,21,-120,21,174,21,-159,21,79,21,-186,21,49,21,-178,21,87,21,-139,21,143,21,-61,21,-178,21,17,0,-154,21,114,0,-183,21,-171,0,125,21,-141,0,52,21,-184,0]"
CSI_DATA,6585,d8:b1:90:d9:de:f0,-40,9,-99,-39,42,104,468981254,108,0,106,0,"[-97,0,-65,20,9,1,-80,20,42,1,-105,20,9,1,-109,20,-52,0,-79,20,-120,0,-20,20,156,0,67,0,93,0,-155,0,48,0,-15,0,24,0,111,1,41,0,146,1,60,0,120,1,68,0,24,1,0,0,0,0,2,0,129,0,-76,20,-1,20,164,20,-109,20,86,20,-167,20,52,20,168,20,86,20,-166,20,157,20,-141,20,-107,20,-130,20,-6,20,-142,20,90,0,-175,20,-166,0,116,20,-115,0,43,20,-145,0]"
CSI_DATA,6586,d8:b1:90:d9:de:f0,-40,9,-99,-37,42,104,468981363,98,0,106,0,"[81,0,-99,0,106,0,1,1,142,0,23,1,138,0,-1,0,103,0,-62,0,51,0,-117,0,-42,19,152,0,160,19,114,0,20,19,91,0,-93,18,86,0,-129,18,111,0,-98,18,125,0,-11,18,120,0,0,0,0,0,-110,19,18,0,-16,19,-75,19,67,0,145,19,106,0,55,19,112,0,23,19,103,0,51,19,91,0,123,19,103,0,-126,19,128,0,-34,19,-152,0,49,0,-73,0,120,0,5,1,145,0,34,1]"
CSI_DATA,6587,d8:b1:90:d9:de:f0,-40,9,-99,-35,41,104,468981522,98,0,106,0,"[-172,0,155,20,-93,0,76,20,-83,0,41,20,-118,0,54,20,-155,0,113,20,167,0,-156,20,166,0,-38,20,-161,0,97,0,-109,0,-123,0,-39,0,-28,0,1,1,12,1,16,1,-31,0,-43,0,-119,0,0,0,0,0,90,0,87,0,-63,20,59,0,145,20,56,0,45,20,71,0,9,20,98,0,49,20,91,0,122,20,46,0,-166,20,-1,20,-111,20,-85,20,-76,20,163,20,-68,20,57,20,-109,20,-19,19,-159,20]"
CSI_DATA,6588,d8:b1:90:d9:de:f0,-40,9,-99,-36,41,104,468981654,98,0,106,0,"[94,21,31,0,-18,19,53,0,-45,19,90,0,-12,19,110,0,62,21,84,0,139,21,38,0,-146,21,-57,21,-87,21,170,21,-62,21,24,21,-64,21,-105,19,-96,21,-148,19,-132,21,-110,19,-134,21,1,21,0,0,0,0,-28,21,-114,21,74,0,-4,21,-149,0,76,0,-52,0,101,0,-15,0,94,0,-48,0,73,0,-128,0,67,0,141,0,77,0,48,0,120,0,-33,21,-165,0,-94,21,-76,0,-91,21,26,1,-38,21]"
CSI_DATA,6589,d8:b1:90:d9:de:f0,-39,9,-99,-38,41,104,469036194,130,0,106,0,"[-185,22,-191,22,136,22,89,22,85,22,67,22,89,22,106,22,131,22,152,22,-178,22,190,22,-62,22,-184,22,80,0,170,22,-152,0,109,22,-50,0,16,22,-31,0,-46,20,-79,0,-58,20,-169,0,2,22,0,0,0,0,100,0,-157,22,95,0,13,0,140,0,157,0,-191,0,-131,0,-157,0,-106,0,-170,0,-131,0,155,0,-179,0,65,0,169,0,-26,22,152,0,-130,22,176,0,152,22,-145,0,110,22,-62,0,151,22]"
CSI_DATA,6590,d8:b1:90:d9:de:f0,-39,11,-99,-34,40,104,469398589,277,0,106,0,"[-25,22,-59,0,-13,22,19,1,20,0,32,1,56,0,-10,0,58,0,-70,0,10,0,-127,0,-61,22,-170,0,-169,22,-166,0,103,22,-133,0,40,22,-71,0,41,22,-14,0,97,22,-16,0,170,22,-83,0,0,0,0,0,-149,22,112,0,167,22,-5,22,89,22,-70,22,17,22,-92,22,-5,20,-89,22,29,22,-76,22,94,22,-68,22,160,22,-88,22,-181,22,-130,22,-169,22,-188,22,-176,22,119,22,176,22,76,22,128,22]"
CSI_DATA,6591,d8:b1:90:d9:de:f0,-40,9,-99,-35,41,104,469399070,98,0,106,0,"[-120,0,171,20,-80,0,115,20,-91,0,74,20,-141,0,78,20,157,0,109,20,144,0,168,20,166,0,-118,20,-111,0,-59,20,-6,0,-31,20,65,1,-53,20,86,1,-104,20,35,1,-146,20,-41,0,-146,20,0,0,0,0,157,0,-19,20,164,0,90,0,-146,0,-172,0,-93,0,-130,0,-63,0,-137,0,-75,0,-167,0,-126,0,156,0,170,0,149,0,124,0,166,0,96,0,-139,0,98,0,-76,0,135,0,-34,0,-164,0]"
CSI_DATA,6592,d8:b1:90:d9:de:f0,-39,9,-99,-37,41,104,469399210,98,0,106,0,"[159,0,106,21,178,0,40,21,148,0,0,21,110,0,23,21,79,0,66,21,84,0,127,21,127,0,178,21,-155,0,-175,21,-49,0,184,21,23,1,141,21,20,1,91,21,-33,0,72,21,-123,0,113,21,0,0,0,0,178,0,-113,21,-159,0,-5,21,-81,0,61,0,-10,0,84,0,7,1,65,0,-20,0,45,0,-78,0,40,0,-129,0,56,0,-165,0,95,0,-167,0,145,0,-136,0,-173,0,-82,0,-151,0,-49,0]"
CSI_DATA,6593,d8:b1:90:d9:de:f0,-42,11,-99,-37,44,104,469503937,100,0,228,0,"[-2,11,-1,15,-1,19,-2,23,-4,24,-6,25,-6,24,127,76,-8,22,-7,19,-6,16,-5,14,-3,13,0,12,4,11,7,11,11,12,14,13,18,15,20,17,22,19,36,-60,21,22,18,22,16,21,13,19,11,16,9,12,0,0,7,4,8,1,9,-3,10,-7,13,-10,16,-13,-82,0,19,-15,20,-14,21,-13,20,-11,18,-10,16,-10,13,-9,10,-8,8,-9,5,-10,3,-11,1,-13,0,-15,-6,15,-2,-19,-2,-21,0,-23,1,-23,2,-22,4,-20,5,-17,-22,2,-18,18,-3,27,14,22,23,6,18,-9,6,-16,-14,13,-9,0,-3,8,6,6,11,-2,6,-13,-6,-16,-18,-9,-22,7,-12,22,7,26,23,14,25,-5,13,-20,17,-1,-16,-8,-14,7,-1,13,11,7,15,-6,5,-18,0,0,-23,-5,-22,14,-7,26,13,24,26,10,25,-10,28,-37,-7,-20,-16,-8,-12,5,-2,10,6,5,5,-4,-2,-9,-10,-4,-12,6,-5,14,7,15,17,6,17,-8,7,-36,-6,-18,-17,-9,-17,5,-7,14,5,13,12,3,8,-6]"
CSI_DATA,6594,d8:b1:90:d9:de:f0,-48,11,-99,-38,50,104,470025285,277,0,106,0,"[-3,0,-20,7,39,0,12,0,44,0,41,0,19,0,59,0,-15,0,61,0,-47,0,40,0,-65,0,9,0,67,0,-39,7,-58,0,52,7,-43,0,20,7,-35,0,15,7,-40,0,25,7,-63,0,50,7,0,0,0,0,-4,7,-49,7,-52,7,-46,7,40,7,-45,7,13,7,-47,7,4,7,-43,7,11,7,-35,7,22,7,-23,7,31,7,-11,7,40,7,3,0,48,7,15,0,56,7,29,0,-59,7,41,0,-28,7]"
CSI_DATA,6595,d8:b1:90:d9:de:f0,-49,9,-99,-35,50,104,470025739,130,0,106,0,"[-7,6,-5,7,-40,6,-44,7,-39,6,50,7,-8,6,40,7,20,7,46,7,49,7,-56,7,61,7,-19,7,60,7,24,0,51,7,-55,0,33,7,-30,0,23,7,-18,0,30,7,-25,0,50,7,-45,0,0,0,0,0,0,0,38,0,48,0,32,0,-33,0,29,0,-5,0,27,0,5,0,20,0,-2,0,13,0,-16,0,2,0,-31,0,-7,7,-40,0,-18,7,-47,0,-30,7,-60,0,-41,7,42,0,-50,7,11,0]"
CSI_DATA,6596,d8:b1:90:d9:de:f0,-48,9,-99,-33,49,104,470025874,113,0,106,0,"[-31,0,33,7,21,0,29,7,41,0,51,7,30,0,-51,7,2,0,-29,7,-33,0,-21,7,59,0,-35,7,18,0,-66,7,-7,7,26,7,-22,7,-9,7,-27,7,-23,7,-23,7,-9,7,-24,7,29,7,0,0,0,0,-41,7,-31,7,-62,7,25,0,55,7,63,0,39,7,-39,0,35,7,-26,0,46,7,-30,0,-64,7,-36,0,-49,7,-41,0,-29,7,-45,0,-13,7,-44,0,2,0,-51,0,24,0,-65,0,39,0]"
CSI_DATA,6597,d8:b1:90:d9:de:f0,-49,9,-99,-35,50,104,470026001,98,0,106,0,"[-59,0,10,7,-13,0,-2,6,13,0,8,7,10,0,37,7,-11,0,-61,7,-42,0,-46,7,43,0,-47,7,1,0,59,7,-35,7,31,7,-58,7,3,7,57,7,-7,6,-61,7,2,7,-52,7,29,7,0,0,0,0,-37,7,-9,7,-45,7,37,0,-53,7,-43,0,-55,7,-16,0,-52,7,-3,0,-39,7,-5,0,-25,7,-17,0,-10,7,-30,0,1,0,-37,0,17,0,-43,0,30,0,-54,0,43,0,48,0,47,0]"
CSI_DATA,6598,d8:b1:90:d9:de:f0,-49,9,-99,-39,51,104,470026097,124,0,106,0,"[9,0,-14,7,46,0,20,0,48,0,54,0,19,0,-53,0,-16,0,-57,0,-47,0,49,0,52,0,17,0,40,0,-31,7,46,0,41,7,57,0,3,7,-56,0,-5,6,-59,0,6,7,47,0,30,7,0,0,0,0,-9,7,-37,7,-52,7,-7,7,37,7,10,0,9,7,24,0,1,7,33,0,8,7,39,0,27,7,42,0,41,7,49,0,60,7,53,0,-51,7,59,0,-33,7,61,0,-9,7,59,0,14,0]"
CSI_DATA,6599,d8:b1:90:d9:de:f0,-48,9,-99,-38,50,104,470234638,101,0,106,0,"[-22,0,-10,7,-6,0,24,0,3,0,46,0,3,0,55,0,-5,0,53,0,-16,0,35,0,-33,0,10,0,-61,0,-25,7,32,0,61,7,-19,7,16,7,-64,7,-13,7,34,7,-28,7,26,7,-18,7,0,0,0,0,40,7,9,7,-51,7,28,7,1,0,39,7,58,0,50,7,-35,0,59,7,-11,0,66,7,-12,0,-63,7,-24,0,-60,7,-48,0,-61,7,57,0,-56,7,13,0,-54,7,-33,7,-43,7,60,7]"
CSI_DATA,6600,d8:b1:90:d9:de:f0,-48,9,-99,-37,50,104,470234742,98,0,106,0,"[10,7,0,0,1,7,-33,7,-4,7,-60,7,-2,7,60,7,7,7,62,7,20,7,-56,7,38,7,-32,7,64,7,0,0,-27,7,53,0,21,0,-29,0,-65,0,12,0,-36,0,30,0,-27,0,27,0,0,0,0,0,-39,0,0,0,45,0,-14,0,-3,7,-21,0,-59,7,-37,0,28,7,-51,0,4,7,-61,0,4,7,59,0,15,7,53,0,38,7,51,0,-63,7,46,0,-23,7,41,0,26,0,28,0,-62,0]"
CSI_DATA,6601,d8:b1:90:d9:de:f0,-46,9,-99,-34,47,104,470443545,108,0,106,0,"[-14,0,-76,10,-40,0,-48,10,-62,0,6,0,-82,0,63,0,76,0,-61,0,74,0,-26,0,83,0,1,0,-76,0,16,0,-60,0,4,0,-40,0,-42,0,-25,0,64,0,-12,0,-1,10,-6,0,-56,10,0,0,0,0,-1,0,63,10,0,0,66,10,-7,0,-70,10,-21,0,-19,10,-47,0,42,0,-77,0,-75,0,58,0,-38,0,35,0,-20,0,19,0,-11,0,13,0,-10,0,16,0,-18,0,33,0,-51,0,55,0]"
CSI_DATA,6602,d8:b1:90:d9:de:f0,-43,11,-99,-36,45,104,470503734,100,0,114,0,"[8,23,7,25,5,26,3,29,1,30,0,30,0,28,-1,27,-1,25,-1,24,-1,24,-2,24,0,24,-1,24,0,25,-1,24,-1,27,-2,27,-1,29,-1,28,-2,29,-2,30,-2,29,-2,28,-2,27,-1,27,-1,26,-2,25,0,0,-2,25,-3,24,-3,26,-3,26,-4,27,-5,26,-4,26,-4,26,-4,24,-4,24,-2,24,-2,24,-2,21,-2,21,-2,19,-2,20,-1,18,-2,19,-2,19,-2,18,-2,20,-3,20,-3,21,-4,22,-5,21,-6,20,-7,19,-7,17]"
CSI_DATA,6603,d8:b1:90:d9:de:f0,-49,11,-99,-38,51,104,470651981,277,0,106,0,"[6,0,-35,0,-40,7,37,0,40,7,-6,7,18,7,-38,7,12,7,-59,7,19,7,56,7,26,7,-52,7,35,7,-25,7,47,7,26,0,51,7,-29,0,50,7,30,0,36,7,-54,0,26,7,-48,0,0,0,0,0,20,7,43,0,18,7,-5,0,34,7,-58,0,-55,7,3,0,-16,7,-48,7,19,0,44,7,42,0,35,7,52,0,39,7,46,0,47,7,29,0,50,7,0,7,54,7,-44,7,59,7,33,7]"
CSI_DATA,6604,d8:b1:90:d9:de:f0,-48,9,-99,-36,50,104,470652453,124,0,106,0,"[40,7,12,0,-45,7,-39,7,-2,7,42,7,26,0,14,7,40,0,7,7,47,0,10,7,32,0,20,7,4,0,38,7,-49,7,59,7,14,7,-43,7,-45,7,-27,7,42,7,-20,7,31,7,-18,7,0,0,0,0,53,7,-28,7,-28,7,-46,7,30,7,-52,7,-27,7,-47,7,38,0,-38,7,-47,0,-22,7,-30,0,-5,7,-27,0,0,0,-36,0,-3,7,-51,0,-16,7,54,0,-42,7,22,0,50,7,-16,7]"
CSI_DATA,6605,d8:b1:90:d9:de:f0,-48,9,-99,-35,49,104,470664395,130,0,106,0,"[63,8,-15,8,-15,8,-56,8,39,0,44,8,-69,0,21,8,-56,0,18,8,-62,0,22,8,54,0,31,8,14,0,45,8,-52,8,60,8,10,8,-58,8,-58,7,-44,8,36,7,-37,8,33,7,-39,8,0,0,0,0,-62,7,-36,8,-16,7,-46,8,49,8,-44,8,-12,8,-41,8,55,0,-31,8,-42,0,-18,8,-29,0,-6,8,-32,0,-4,8,-47,0,-12,8,-68,0,-28,8,40,0,-56,8,-8,8,48,8,-54,8]"
CSI_DATA,6606,d8:b1:90:d9:de:f0,-43,11,-99,-40,45,104,471069779,277,0,106,0,"[-123,0,121,15,-81,0,40,15,-75,0,15,15,-87,0,35,15,-118,0,94,15,103,0,-88,15,52,0,-2,15,-11,15,97,0,-83,15,-61,0,111,15,12,1,96,15,43,1,111,15,28,1,-96,15,-24,0,0,0,0,0,70,0,117,0,-99,0,55,0,-11,0,-2,15,33,1,-42,15,33,1,-46,15,-11,0,-34,15,-85,0,-10,15,85,0,18,0,0,0,43,0,-87,15,68,0,90,15,96,0,38,15,125,0,46,15]"
CSI_DATA,6607,d8:b1:90:d9:de:f0,-43,9,-99,-39,45,104,471070241,124,0,106,0,"[70,14,-79,14,-15,13,-101,14,-35,13,-112,14,2,14,-113,14,69,14,-108,14,-101,14,-83,14,-11,14,-35,14,81,0,38,0,-89,0,-115,0,-39,0,-37,0,-27,0,2,0,-44,0,-6,0,-75,0,-55,0,0,0,0,0,-98,0,10,0,-88,0,-89,14,-74,0,72,14,-55,0,27,14,-50,0,29,14,-69,0,81,14,-114,0,-100,14,75,0,-32,14,7,0,22,0,-69,14,69,0,94,14,108,0,45,14,-108,0,41,14]"
CSI_DATA,6608,d8:b1:90:d9:de:f0,-42,9,-99,-38,44,104,471070372,98,0,106,0,"[37,0,-59,0,73,0,29,1,80,0,48,1,49,0,14,1,18,0,-45,0,-6,15,-134,0,-16,15,29,0,-10,15,-97,15,12,0,50,15,54,0,-39,14,75,0,-83,14,73,0,-69,14,44,0,-2,14,0,0,0,0,-91,15,-132,15,86,15,-68,15,1,15,-28,15,-47,14,-8,15,-50,14,-12,15,14,15,-27,15,101,15,-32,15,-74,15,-30,15,21,0,-16,15,111,0,12,0,-69,0,46,0,-10,0,59,0,2,1]"
CSI_DATA,6609,d8:b1:90:d9:de:f0,-43,9,-99,-40,45,104,471070504,98,0,106,0,"[74,0,79,15,85,0,-12,14,94,0,-37,14,96,0,-1,14,94,0,67,15,73,0,-108,15,35,0,-12,15,-28,15,85,0,-109,15,-78,0,73,15,-17,0,34,15,4,1,41,15,-11,0,93,15,-54,0,0,0,0,0,19,0,-110,0,125,0,-127,0,-40,0,-124,0,13,1,-117,0,10,1,-111,0,-45,0,-122,0,-124,0,102,0,54,0,60,0,-19,15,9,0,-90,15,-45,15,99,15,-104,15,54,15,112,15,41,15]"
CSI_DATA,6610,d8:b1:90:d9:de:f0,-40,9,-99,-37,42,104,471279140,224,0,106,0,"[-106,0,102,19,-69,0,28,19,-95,0,1,19,-147,0,24,19,139,0,89,19,116,0,-158,19,126,0,-55,19,-156,0,49,0,-71,0,139,0,11,1,-150,0,57,1,-160,0,40,1,119,0,-63,0,64,0,0,0,0,0,28,0,42,0,-97,19,128,0,154,19,-101,0,128,19,-3,0,159,19,36,1,-120,19,-7,0,-69,19,-90,0,-62,19,145,0,-85,19,49,0,-156,19,-28,19,79,19,-68,19,-2,18,-47,19,-10,18]"
CSI_DATA,6611,d8:b1:90:d9:de:f0,-40,9,-99,-37,42,104,471300804,352,0,106,0,"[-99,0,111,19,-27,0,66,19,-14,0,55,19,-58,0,86,19,-102,0,133,19,-149,0,-111,19,149,0,-11,19,128,0,123,0,117,0,-75,0,129,0,28,1,149,0,69,1,158,0,33,1,115,0,-63,0,0,0,0,0,-29,19,58,0,-152,19,-32,19,50,19,-80,19,-41,18,-98,19,-66,18,-86,19,-11,18,-68,19,88,19,-54,19,-145,19,-59,19,-36,19,-82,19,54,0,-137,19,130,0,114,19,161,0,45,19,117,0]"
CSI_DATA,6612,d8:b1:90:d9:de:f0,-43,9,-99,-35,44,104,471488021,130,0,106,0,"[-47,0,-47,14,16,0,-59,14,36,0,-96,14,5,0,-114,14,-42,0,-120,14,-91,0,-91,14,114,0,-35,14,104,0,50,0,-121,0,-99,0,-73,0,-28,0,-14,0,-11,0,11,0,-43,0,-12,0,-103,0,0,0,0,0,94,0,64,0,2,0,86,0,-74,14,-104,0,-108,14,-43,0,-103,14,1,0,-70,14,-10,0,-39,14,-57,0,-33,14,-119,0,-47,14,65,0,-96,14,17,0,79,14,-9,14,6,14,6,0,-12,13]"
CSI_DATA,6613,d8:b1:90:d9:de:f0,-46,11,-99,-37,47,104,471503660,100,0,228,0,"[-8,-2,-10,-2,-13,-1,-16,0,-17,-1,-18,-1,-18,-3,90,53,-18,-5,-16,-6,-14,-6,-12,-5,-11,-5,-10,-4,-8,-2,-7,0,-6,3,-6,6,-7,9,-8,12,-10,14,25,-42,-13,16,-14,16,-15,13,-15,12,-15,9,-13,8,0,0,-9,5,-5,5,-3,5,0,5,1,7,4,8,51,0,5,13,6,15,5,16,4,16,3,15,2,13,2,12,1,10,1,8,2,6,2,4,3,2,5,1,71,0,10,0,13,1,15,2,16,3,16,5,14,7,12,8,-7,-13,-16,-8,-18,4,-13,16,0,20,12,13,16,1,-8,-13,0,-10,-6,-5,-7,2,-1,7,6,5,10,-2,6,-11,-4,-15,-16,-8,-18,4,-11,17,2,20,15,13,6,14,10,-11,0,-13,-8,-6,-8,2,0,7,6,3,0,0,2,-11,-8,-11,-16,-3,-16,8,-6,18,7,18,22,21,18,-3,10,-13,-1,-13,-8,-7,-8,0,-2,4,2,2,3,-2,0,-5,-6,-4,-9,2,-6,9,1,12,18,10,14,0,11,-8,2,-13,-5,-10,-9,-2,-6,3,0,5]"
CSI_DATA,6614,d8:b1:90:d9:de:f0,-43,11,-99,-37,44,104,471696475,277,0,106,0,"[-3,15,62,15,-8,15,-28,14,-42,15,-62,14,-71,15,-38,14,-78,15,15,15,-52,15,84,15,-5,15,-107,15,81,0,-39,15,-74,0,15,0,28,1,29,0,84,1,10,0,76,1,-27,15,7,1,-48,15,0,0,0,0,71,0,-12,15,-23,15,62,0,-95,15,-103,0,-120,15,-13,0,-109,15,27,1,-79,15,9,1,-48,15,-51,0,-40,15,-130,0,-53,15,52,0,-95,15,-22,15,102,15,-86,15,28,15,-111,15,-9,14]"
CSI_DATA,6615,d8:b1:90:d9:de:f0,-43,9,-99,-36,44,104,471696937,108,0,106,0,"[74,15,70,0,-16,14,105,0,-43,14,-123,0,-13,14,-119,0,34,15,119,0,98,15,80,0,-87,15,19,0,-11,15,-72,15,60,0,78,15,103,0,-12,14,109,0,-67,14,87,0,-68,14,57,0,-9,14,0,0,0,0,7,0,-59,15,9,0,65,0,33,0,-73,0,67,0,9,1,94,0,37,1,92,0,7,1,73,0,-58,0,33,0,127,0,-18,15,56,0,-86,15,-8,15,84,15,-60,15,15,15,-76,15,-17,14]"
CSI_DATA,6616,d8:b1:90:d9:de:f0,-42,9,-99,-35,43,104,471905827,98,0,106,0,"[-11,0,-23,16,65,1,-27,16,85,1,-44,16,42,1,-55,16,-30,0,-51,16,-116,0,-27,16,66,0,18,0,-35,16,95,0,-125,16,-80,0,98,16,5,1,87,16,55,1,122,16,52,1,-113,16,-16,0,0,0,0,0,-58,16,61,0,-80,16,-57,16,-116,16,119,16,127,16,57,16,112,16,47,16,130,16,85,16,-102,16,-136,16,-38,16,-80,16,35,0,-28,16,121,0,0,0,-65,0,5,0,7,1,-13,16,17,1]"
CSI_DATA,6617,d8:b1:90:d9:de:f0,-42,9,-99,-34,43,104,471905977,124,0,106,0,"[-65,0,-120,0,-12,0,-54,0,0,1,-39,0,-36,0,-57,0,-91,0,-105,0,109,0,104,0,12,0,44,0,-95,15,-31,15,66,15,-102,15,-22,14,109,15,-58,14,81,15,-40,14,94,15,29,15,131,15,0,0,0,0,-39,15,-55,15,81,0,-25,15,-76,0,2,0,-4,0,21,0,10,1,25,0,-34,0,28,0,-114,0,27,0,73,0,25,0,-23,15,24,0,-117,15,31,0,61,15,48,0,-7,14,77,0,-12,14]"
CSI_DATA,6618,d8:b1:90:d9:de:f0,-42,11,-99,-36,43,104,472114272,277,0,106,0,"[-3,16,29,16,11,0,-50,15,-1,16,-70,15,-7,16,-33,15,-7,16,31,16,6,0,114,16,51,0,-80,16,125,0,19,0,-67,0,106,0,16,1,-121,0,63,1,-106,0,68,1,-135,0,-7,0,106,0,0,0,0,0,81,0,49,0,-44,16,67,0,132,16,99,0,59,16,141,0,37,16,-115,0,74,16,-130,0,131,16,115,0,-104,16,52,0,-58,16,-23,16,-38,16,-114,16,-40,16,79,16,-78,16,10,16,-126,16]"
CSI_DATA,6619,d8:b1:90:d9:de:f0,-43,9,-99,-36,44,104,472114771,756,0,106,0,"[-42,0,82,0,21,1,108,0,50,1,100,0,27,1,73,0,-32,0,52,0,-105,0,44,0,61,0,65,0,-37,15,109,0,127,15,-75,0,69,15,1,1,64,15,43,1,97,15,45,1,-113,15,-2,0,0,0,0,0,-46,15,70,0,-57,15,-36,15,-97,15,119,15,110,15,63,15,87,15,52,15,92,15,79,15,-125,15,-128,15,-64,15,-87,15,8,0,-57,15,94,0,-58,15,-80,0,-85,15,-33,0,119,15,-49,0]"
CSI_DATA,6620,d8:b1:90:d9:de:f0,-42,9,-99,-35,43,104,472136239,756,0,106,0,"[-42,16,-29,0,-54,16,55,1,-33,16,83,1,1,0,51,1,16,0,-15,0,5,0,-97,0,-38,16,89,0,-116,16,-1,16,57,16,-74,16,-41,15,-100,16,-100,15,-81,16,-91,15,-41,16,-14,15,-9,16,0,0,0,0,-82,16,-11,16,16,0,-74,16,94,0,119,16,126,0,45,16,118,0,7,16,89,0,37,16,57,0,100,16,49,0,-97,16,58,0,-14,16,102,0,63,0,-101,0,123,0,-27,0,135,0,10,1]"
CSI_DATA,6621,d8:b1:90:d9:de:f0,-42,9,-99,-37,43,104,472176701,101,0,106,0,"[124,0,65,17,-130,0,-11,16,-140,0,-46,16,109,0,-27,16,72,0,26,17,58,0,109,17,66,0,-85,17,118,0,34,0,-92,0,131,0,-5,0,-98,0,61,1,-93,0,66,1,-138,0,1,1,100,0,0,0,0,0,86,0,30,0,-35,17,68,0,-142,17,131,0,97,17,-91,0,90,17,-51,0,131,17,-62,0,-115,17,-114,0,-73,17,103,0,-61,17,17,0,-80,17,-70,17,-129,17,142,17,98,17,99,17,40,17]"
CSI_DATA,6622,d8:b1:90:d9:de:f0,-42,9,-99,-36,43,104,472185130,266,0,106,0,"[-115,0,103,16,-38,0,51,16,-20,0,30,16,-53,0,44,16,-93,0,96,16,-142,0,-124,16,99,0,-25,16,69,0,96,0,48,0,-56,0,49,0,52,1,62,0,102,1,80,0,88,1,69,0,10,1,0,0,0,0,7,0,87,0,-71,16,-15,16,123,16,-98,16,47,16,141,16,15,16,136,16,42,16,-132,16,108,16,-99,16,-100,16,-72,16,-12,16,-59,16,83,0,-69,16,-107,0,-94,16,-47,0,-143,16,-51,0]"
CSI_DATA,6623,d8:b1:90:d9:de:f0,-42,9,-99,-36,44,104,472185390,246,0,106,0,"[115,15,-78,0,55,15,-24,0,47,15,6,1,71,15,-5,0,111,15,-56,0,-110,15,-122,0,-86,15,41,0,-79,15,-75,15,-89,15,61,15,-112,15,-36,14,116,15,-73,14,102,15,-54,14,120,15,14,15,0,0,0,0,-29,15,-77,15,65,0,-8,15,-86,0,44,0,-7,0,58,0,22,1,49,0,-5,0,33,0,-71,0,23,0,111,0,28,0,33,0,47,0,-46,15,87,0,-110,15,-109,0,117,15,-42,0,-113,15]"
CSI_DATA,6624,d8:b1:90:d9:de:f0,-42,9,-99,-36,44,104,472323616,130,0,106,0,"[-57,0,-56,15,25,1,-53,15,57,1,-60,15,28,1,-61,15,-23,0,-48,15,-95,0,-14,15,76,0,36,0,-22,15,105,0,-108,15,-63,0,86,15,13,1,65,15,57,1,85,15,51,1,121,15,-8,0,0,0,0,0,-43,15,62,0,-27,15,-60,15,-31,15,89,15,-42,15,11,15,-49,15,-13,14,-43,15,19,15,-23,15,86,15,8,0,-97,15,50,0,-28,15,112,0,37,0,-71,0,86,0,-8,0,104,0,11,1]"
CSI_DATA,6625,d8:b1:90:d9:de:f0,-42,9,-99,-36,43,104,472323751,113,0,106,0,"[-104,16,-86,0,117,16,-22,0,108,16,8,1,122,16,-12,0,-139,16,-68,0,-102,16,-143,0,-84,16,37,0,-77,16,-92,16,-81,16,56,16,-98,16,-53,15,-123,16,-99,15,-133,16,-74,15,-116,16,1,16,0,0,0,0,-20,16,-81,16,69,0,14,0,-118,0,90,0,-41,0,130,0,-19,0,133,0,-51,0,117,0,-118,0,87,0,84,0,69,0,-8,16,60,0,-103,16,74,0,90,16,105,0,42,16,-129,0,49,16]"
CSI_DATA,6626,d8:b1:90:d9:de:f0,-40,11,-99,-35,42,104,472504018,100,0,114,0,"[34,-1,37,1,40,4,41,4,41,4,40,6,37,6,37,7,35,4,35,4,33,3,34,3,34,3,34,2,34,1,36,1,37,0,39,0,40,-1,41,-2,40,-2,40,-3,39,-4,39,-4,39,-6,37,-7,36,-6,36,-6,0,0,35,-7,34,-7,35,-9,35,-9,35,-11,35,-11,34,-12,34,-13,33,-12,33,-13,30,-14,28,-14,25,-13,24,-14,23,-13,23,-13,22,-14,22,-14,22,-15,22,-17,22,-18,23,-18,23,-18,24,-18,24,-18,23,-17,23,-14,20,-13]"
CSI_DATA,6627,d8:b1:90:d9:de:f0,-42,11,-99,-36,43,104,472532069,277,0,106,0,"[30,16,-14,16,-46,15,-20,16,-67,15,7,0,-37,15,38,0,23,16,49,0,102,16,32,0,-111,16,-26,16,-47,16,-125,16,-16,16,42,16,-20,16,-59,15,-43,16,-105,15,-84,16,-78,15,-92,16,-3,15,0,0,0,0,-17,16,-107,16,84,0,-52,16,-95,0,-29,16,-13,0,-38,16,7,1,-61,16,-22,0,-80,16,-84,0,-65,16,136,0,-38,16,81,0,21,0,57,0,99,0,57,0,-98,0,98,0,-41,0,-130,0]"
CSI_DATA,6628,d8:b1:90:d9:de:f0,-42,9,-99,-38,44,104,472532550,756,0,106,0,"[-54,0,94,0,18,1,-134,0,45,1,-135,0,23,1,108,0,-38,0,80,0,-114,0,67,0,59,0,72,0,-59,15,94,0,96,15,-130,0,11,15,-68,0,-23,14,-34,0,9,15,-26,0,69,15,-66,0,0,0,0,0,-77,15,46,0,-43,15,-69,15,-34,15,86,15,-41,15,5,15,-52,15,-19,14,-61,15,10,15,-39,15,79,15,-15,15,-123,15,31,0,-54,15,98,0,1,0,-92,0,42,0,-15,0,49,0,5,1]"
CSI_DATA,6629,d8:b1:90:d9:de:f0,-42,9,-99,-35,43,104,472741431,113,0,106,0,"[20,0,43,16,34,0,-41,15,15,0,-77,15,-7,16,-50,15,-21,16,11,16,-7,16,92,16,38,0,-104,16,113,0,-16,16,-57,0,59,0,32,1,98,0,90,1,90,0,90,1,53,0,19,1,22,0,0,0,0,0,86,0,8,0,-20,16,68,0,-109,16,136,0,123,16,-70,0,114,16,-32,0,-136,16,-52,0,-100,16,-106,0,-77,16,98,0,-73,16,21,0,-95,16,-64,16,128,16,-138,16,76,16,105,16,27,16]"
CSI_DATA,6630,d8:b1:90:d9:de:f0,-42,9,-99,-38,44,104,472764484,98,0,106,0,"[103,0,-68,0,-134,0,13,1,-103,0,34,1,-91,0,0,1,-108,0,-49,0,106,0,-106,0,31,0,111,0,-82,15,78,0,66,15,67,0,-34,14,82,0,-79,14,114,0,-56,14,-129,0,21,15,131,0,0,0,0,0,-74,15,36,0,-2,15,-67,15,38,0,93,15,48,0,2,15,31,0,-31,14,13,0,-8,14,10,0,57,15,15,0,127,15,51,0,-70,15,104,0,-9,15,-88,0,38,0,-18,0,45,0,5,1]"
CSI_DATA,6631,d8:b1:90:d9:de:f0,-43,11,-99,-36,44,104,473158766,277,0,106,0,"[53,15,22,0,-28,14,5,0,-62,14,14,0,-39,14,11,0,19,15,10,0,88,15,-3,15,-84,15,-42,15,13,0,-96,15,109,0,76,15,-78,0,10,15,-50,0,-36,14,-73,0,-39,14,-115,0,11,15,0,0,0,0,47,0,-66,15,26,0,56,0,20,0,-87,0,31,0,-6,0,44,0,24,1,44,0,-3,0,28,0,-66,0,-4,15,119,0,-45,15,49,0,-99,15,-17,15,81,15,-71,15,14,15,-81,15,-8,14]"
CSI_DATA,6632,d8:b1:90:d9:de:f0,-42,9,-99,-38,44,104,473159246,756,0,106,0,"[-102,0,134,0,-41,0,-74,0,-8,0,-63,0,-18,0,-96,0,-56,0,-134,0,-130,0,106,0,49,0,84,0,-77,15,77,0,67,15,98,0,-27,14,-133,0,-65,14,-97,0,-43,14,-81,0,21,15,-105,0,0,0,0,0,-61,15,42,0,2,0,-65,15,42,0,91,15,49,0,4,15,42,0,-27,14,26,0,1,15,20,0,70,15,26,0,-121,15,54,0,-38,15,104,0,36,0,-96,0,100,0,-28,0,126,0,7,1]"
CSI_DATA,6633,d8:b1:90:d9:de:f0,-42,9,-99,-35,43,104,473159571,108,0,106,0,"[-80,0,-115,16,5,1,-134,16,30,1,122,16,6,1,126,16,-43,0,-133,16,-95,0,-83,16,122,0,-5,16,74,0,101,0,44,0,-51,0,39,0,57,1,52,0,111,1,76,0,92,1,69,0,19,1,0,0,0,0,9,0,95,0,-80,16,10,0,97,16,-59,16,19,16,-98,16,-14,15,-102,16,10,16,-82,16,74,16,-66,16,-128,16,-65,16,-44,16,-71,16,37,0,-114,16,109,0,105,16,-137,0,40,16,113,0]"
CSI_DATA,6634,d8:b1:90:d9:de:f0,-42,9,-99,-38,44,104,473159680,98,0,106,0,"[92,0,-77,0,126,0,4,1,-106,0,24,1,-97,0,-7,0,-120,0,-67,0,100,0,-121,0,14,0,94,0,-91,15,55,0,51,15,39,0,-54,14,52,0,-96,14,96,0,-76,14,128,0,-1,14,120,0,0,0,0,0,-68,15,32,0,9,0,-65,15,60,0,98,15,66,0,9,15,56,0,-26,14,33,0,0,15,19,0,70,15,27,0,-118,15,54,0,-41,15,105,0,34,0,-90,0,87,0,-14,0,98,0,15,1]"
CSI_DATA,6635,d8:b1:90:d9:de:f0,-43,9,-99,-36,44,104,473159794,130,0,106,0,"[-69,0,74,0,6,1,110,0,40,1,103,0,26,1,75,0,-20,0,45,0,-89,0,43,0,81,0,56,0,-26,15,99,0,-118,15,-87,0,79,15,-8,0,72,15,49,1,107,15,51,1,-101,15,3,1,0,0,0,0,-26,15,70,0,-39,15,-43,15,-85,15,106,15,125,15,43,15,91,15,30,15,92,15,62,15,-125,15,111,15,-71,15,-101,15,2,0,-62,15,82,0,-60,15,-88,0,-78,15,-32,0,-122,15,-47,0]"
CSI_DATA,6636,d8:b1:90:d9:de:f0,-42,9,-99,-34,43,104,473159929,130,0,106,0,"[67,15,81,0,-14,14,113,0,-33,14,-120,0,-1,14,-108,0,59,15,-128,0,118,15,99,0,-96,15,15,0,-57,15,-93,15,-44,15,49,15,-66,15,-59,14,-105,15,-100,14,131,15,-69,14,129,15,8,15,0,0,0,0,-40,15,-72,15,65,0,5,0,-85,0,39,0,4,1,39,0,33,1,13,0,4,1,-6,15,-67,0,-13,15,126,0,-1,15,48,0,43,0,-9,15,110,0,-47,15,-70,0,-37,15,6,1,12,0]"
CSI_DATA,6637,d8:b1:90:d9:de:f0,-42,9,-99,-38,44,104,473368136,320,0,106,0,"[84,15,96,0,-1,14,112,0,-34,14,-133,0,-11,14,-128,0,31,15,126,0,85,15,86,0,-135,15,12,0,-99,15,-81,15,-79,15,68,15,-84,15,-28,14,-106,15,-84,14,-127,15,-72,14,-121,15,6,15,0,0,0,0,-36,15,-81,15,72,0,-5,15,-90,0,41,0,2,1,55,0,45,1,41,0,18,1,22,0,-48,0,7,0,-121,0,12,0,70,0,43,0,7,0,98,0,-44,15,-95,0,-48,15,-25,0,-13,15]"
CSI_DATA,6638,d8:b1:90:d9:de:f0,-43,9,-99,-40,45,104,473368322,340,0,106,0,"[99,0,-87,0,118,0,-9,0,-110,0,18,1,-102,0,-6,0,-116,0,-43,0,97,0,-93,0,29,0,123,0,-70,15,98,0,75,15,93,0,-12,14,115,0,-56,14,-108,0,-38,14,-83,0,28,15,-98,0,0,0,0,0,-63,15,44,0,-13,15,-67,15,8,0,80,15,-3,15,-9,14,-28,15,-45,14,-48,15,-13,14,-44,15,51,15,-23,15,121,15,21,0,-73,15,91,0,-27,15,-86,0,-7,15,-22,0,-20,15,-8,0]"
CSI_DATA,6639,d8:b1:90:d9:de:f0,-45,11,-99,-40,47,104,473504011,100,0,228,0,"[0,7,0,10,3,13,3,15,3,18,3,19,3,20,98,58,0,19,0,18,0,16,0,14,0,11,0,9,3,7,4,5,7,3,11,1,14,0,17,0,20,0,27,-46,23,2,23,3,22,5,19,6,16,7,14,6,0,0,7,3,3,1,1,0,0,-3,-1,-8,-2,-11,-23,11,-1,-17,0,-19,0,-19,1,-19,2,-17,2,-15,2,-13,1,-11,0,-8,0,-6,-2,-4,-3,-3,-6,-2,-77,11,-11,-2,-14,-3,-15,-4,-15,-6,-15,-7,-13,-9,-10,-9,-15,7,-7,19,6,21,19,12,21,-2,12,-14,0,-16,-7,11,-10,0,-3,5,3,3,5,-3,0,-8,-8,-7,-14,1,-10,13,1,19,15,14,22,0,16,-15,1,-21,10,-13,-16,-1,-9,9,0,10,7,3,5,-5,-3,-8,0,0,-11,8,-2,16,10,15,20,4,19,-10,7,-19,-8,-34,-16,-8,-15,3,-7,10,0,8,3,3,1,0,-1,0,-1,4,2,7,8,4,11,-3,7,-11,0,-15,-20,-14,-16,-1,-13,9,-3,15,6,11,10,3,7,-3,0,-5]"
CSI_DATA,6640,d8:b1:90:d9:de:f0,-42,11,-99,-39,44,104,473785462,277,0,106,0,"[-77,0,111,0,-6,0,-109,0,21,1,-106,0,1,1,-122,0,-53,0,128,0,-130,0,97,0,45,0,87,0,-87,16,83,0,62,16,101,0,-40,15,130,0,-79,15,-127,0,-51,15,-119,0,29,16,124,0,0,0,0,0,-54,16,2,0,19,0,-91,16,89,0,77,16,114,0,0,16,119,0,-22,15,99,0,9,16,76,0,82,16,59,0,-106,16,55,0,-13,16,75,0,82,0,107,0,-106,0,-117,0,-55,0,-81,0]"
CSI_DATA,6641,d8:b1:90:d9:de:f0,-43,9,-99,-36,44,104,473785916,252,0,106,0,"[102,15,114,15,48,15,54,15,19,15,47,15,33,15,76,15,71,15,117,15,-117,15,-105,15,-31,15,-79,15,85,0,-71,15,-55,0,-79,15,34,1,-106,15,67,1,121,15,41,1,106,15,-34,0,123,15,0,0,0,0,52,0,-14,15,-15,15,92,0,-56,15,-64,0,-68,15,13,1,-54,15,40,1,-36,15,3,1,-24,15,-68,0,-28,15,107,0,-48,15,27,0,-87,15,-47,15,111,15,-114,15,51,15,113,15,20,15]"
CSI_DATA,6642,d8:b1:90:d9:de:f0,-42,9,-99,-35,43,104,473808337,130,0,106,0,"[-57,0,44,0,30,1,57,0,59,1,28,0,33,1,-6,16,-33,0,-19,16,-109,0,-9,16,86,0,43,0,7,0,134,0,-37,16,-33,0,-46,16,67,1,-17,16,114,1,31,0,92,1,51,0,2,1,0,0,0,0,6,0,67,0,-81,16,-10,16,92,16,-59,16,9,16,-65,16,-9,15,-44,16,26,16,-18,16,100,16,-6,16,-104,16,-18,16,-31,16,-57,16,19,0,-123,16,49,0,77,16,37,0,6,16,-17,16]"
CSI_DATA,6643,d8:b1:90:d9:de:f0,-43,11,-99,-37,45,104,474203259,277,0,106,0,"[-56,0,-77,13,4,0,-99,13,9,0,109,13,-26,0,104,13,-76,0,-106,13,-116,0,-59,13,73,0,11,0,58,0,106,0,66,0,-28,0,98,0,47,0,-92,0,62,0,-73,0,31,0,-92,0,-39,0,0,0,0,0,25,0,57,0,-67,13,22,0,73,13,13,0,8,13,31,0,-11,12,53,0,20,13,55,0,76,13,38,0,-110,13,2,0,-68,13,-44,13,-45,13,-108,13,-43,13,55,13,-73,13,6,13,115,13]"
CSI_DATA,6644,d8:b1:90:d9:de:f0,-43,9,-99,-34,44,104,474203749,124,0,106,0,"[-81,0,115,14,-33,0,74,14,-35,0,43,14,-74,0,47,14,119,0,80,14,89,0,-101,14,81,0,-22,14,106,0,80,0,-78,0,-71,0,-11,0,-22,0,33,0,-29,0,41,0,-82,0,-3,0,100,0,0,0,0,0,56,0,33,0,-43,14,61,0,115,14,113,0,71,14,-69,0,75,14,-36,0,107,14,-48,0,-99,14,-95,0,-81,14,85,0,-85,14,18,0,-116,14,-44,14,67,14,-90,14,7,14,-95,14,-16,13]"
CSI_DATA,6645,d8:b1:90:d9:de:f0,-42,9,-99,-38,44,104,474203862,124,0,106,0,"[119,0,84,15,-117,0,21,15,133,0,-12,14,93,0,10,15,61,0,60,15,45,0,-133,15,75,0,-48,15,-134,0,37,0,-39,0,101,0,43,1,126,0,96,1,99,0,88,1,48,0,11,1,8,0,0,0,0,0,77,0,5,0,-14,15,82,0,-69,15,-100,0,-86,15,-23,0,-73,15,10,1,-44,15,-20,0,-31,15,-82,0,-33,15,120,0,-69,15,55,0,-131,15,13,0,58,15,2,0,3,15,25,0,-3,14]"
CSI_DATA,6646,d8:b1:90:d9:de:f0,-43,9,-99,-35,44,104,474204029,756,0,106,0,"[-33,14,44,14,-22,14,-21,13,-28,14,-35,13,-22,14,-3,13,-11,14,48,14,13,0,118,14,60,0,-55,14,-116,0,25,0,-37,0,97,0,33,0,-108,0,67,0,-91,0,59,0,-116,0,-5,0,92,0,0,0,0,0,57,0,40,0,-53,14,48,0,95,14,66,0,29,14,89,0,4,14,100,0,31,14,87,0,79,14,51,0,-116,14,2,0,-71,14,-49,14,-43,14,-123,14,-28,14,50,14,-38,14,-2,13,-67,14]"
CSI_DATA,6647,d8:b1:90:d9:de:f0,-42,9,-99,-36,44,104,474204390,98,0,106,0,"[99,0,-60,0,-121,0,-11,0,-90,0,-8,0,-83,0,-54,0,-109,0,-103,0,92,0,118,0,13,0,103,0,-76,15,127,0,91,15,-72,0,47,15,-2,0,61,15,47,1,111,15,50,1,-90,15,-3,0,0,0,0,0,-38,15,80,0,-83,15,-13,15,99,15,-79,15,37,15,-103,15,9,15,-93,15,26,15,-71,15,74,15,-49,15,-120,15,-54,15,-66,15,-79,15,-33,15,117,15,-26,15,50,15,-47,15,-3,14,-106,15]"
CSI_DATA,6648,d8:b1:90:d9:de:f0,-43,9,-99,-34,44,104,474204494,101,0,106,0,"[35,14,-12,14,-27,13,-26,14,-48,13,-19,14,-17,13,-5,14,38,14,-4,14,106,14,-23,14,-58,14,-63,14,27,0,112,14,96,0,28,14,-105,0,-43,13,-105,0,-83,13,106,0,-69,13,71,0,-7,13,0,0,0,0,33,0,-62,14,59,0,45,0,100,0,-103,0,-99,0,-46,0,-80,0,-32,0,-94,0,-58,0,100,0,-98,0,45,0,108,0,-20,14,84,0,-94,14,79,0,69,14,95,0,23,14,-111,0,34,14]"
CSI_DATA,6649,d8:b1:90:d9:de:f0,-42,9,-99,-38,44,104,474412657,124,0,106,0,"[-72,0,-86,15,6,1,-98,15,27,1,-117,15,5,1,-117,15,-44,0,-95,15,-100,0,-57,15,112,0,19,0,64,0,118,0,31,0,-37,0,28,0,61,1,41,0,106,1,66,0,80,1,66,0,-1,0,0,0,0,0,10,0,73,0,-69,15,-19,15,104,15,-93,15,26,15,-128,15,-5,14,-127,15,18,15,-110,15,76,15,-86,15,-121,15,-76,15,-49,15,-81,15,28,0,-112,15,97,0,113,15,131,0,51,15,113,0]"
CSI_DATA,6650,d8:b1:90:d9:de:f0,-41,9,-99,-37,43,104,474412788,124,0,106,0,"[105,17,-140,17,42,17,91,17,12,17,84,17,30,17,112,17,72,17,-144,17,-143,17,-121,17,-48,17,-113,17,71,0,-128,17,-99,0,123,17,-9,0,70,17,15,1,28,17,-25,0,16,17,-95,0,64,17,0,0,0,0,56,0,-55,17,24,0,78,0,27,0,-91,0,45,0,-1,0,71,0,27,1,76,0,-2,0,60,0,-71,0,20,0,-142,0,-38,17,88,0,-114,17,46,0,90,17,27,0,25,17,38,0,10,17]"
CSI_DATA,6651,d8:b1:90:d9:de:f0,-42,11,-99,-34,43,104,474503702,100,0,114,0,"[-6,28,-8,30,-10,31,-12,32,-13,32,-13,31,-14,29,-14,28,-12,27,-13,26,-12,26,-12,26,-12,25,-12,26,-12,27,-12,28,-12,29,-12,31,-12,32,-12,32,-12,33,-11,33,-12,33,-10,34,-11,32,-11,31,-11,31,-10,29,0,0,-9,29,-9,29,-9,30,-10,30,-9,30,-9,30,-8,30,-8,31,-7,29,-6,28,-6,28,-5,27,-5,26,-4,25,-3,24,-3,23,-3,23,-2,22,-1,23,-1,23,-1,25,-1,25,-1,26,-2,25,-2,26,-3,25,-4,24,-5,22]"
CSI_DATA,6652,d8:b1:90:d9:de:f0,-43,11,-99,-35,44,104,474829955,277,0,106,0,"[-34,14,58,14,-38,14,-22,13,-55,14,-47,13,-56,14,-22,13,-49,14,26,14,-16,14,99,14,31,0,-74,14,107,0,10,0,-46,0,85,0,24,0,-110,0,69,0,-94,0,55,0,-118,0,0,0,95,0,0,0,0,0,55,0,27,0,-60,14,30,0,81,14,47,0,7,14,69,0,-12,13,81,0,16,14,73,0,76,14,46,0,-110,14,12,0,-49,14,-40,14,0,14,-102,14,30,0,71,14,43,0,12,14,18,0]"
CSI_DATA,6653,d8:b1:90:d9:de:f0,-42,9,-99,-37,44,104,474830409,130,0,106,0,"[-34,15,-54,0,-49,15,31,1,-30,15,62,1,-10,15,41,1,2,0,-28,0,-10,15,-101,0,-44,15,65,0,-108,15,-33,15,66,15,-121,15,-12,14,83,15,-59,14,82,15,-56,14,115,15,5,15,-101,15,0,0,0,0,-56,15,-24,15,66,0,-31,15,-86,0,-58,15,-16,0,-97,15,1,1,-120,15,-34,0,-116,15,-96,0,-81,15,111,0,-29,15,56,0,30,0,19,0,110,0,6,0,-68,0,20,0,-2,0,62,0]"
CSI_DATA,6654,d8:b1:90:d9:de:f0,-43,9,-99,-39,45,104,474830580,113,0,106,0,"[-76,0,81,0,0,0,112,0,34,0,105,0,14,0,77,0,-29,0,53,0,-104,0,48,0,59,0,57,0,-48,14,96,0,101,14,-93,0,34,14,-29,0,24,14,20,0,57,14,21,0,109,14,-23,0,0,0,0,0,-35,14,51,0,-24,14,-63,14,-34,14,80,14,-62,14,5,14,-81,14,-10,13,-79,14,19,14,-58,14,79,14,-17,14,-109,14,33,0,-55,14,99,0,-17,14,-68,0,2,0,-6,0,-5,14,5,0]"
CSI_DATA,6655,d8:b1:90:d9:de:f0,-42,9,-99,-37,44,104,474830743,224,0,106,0,"[61,15,69,0,-17,14,102,0,-34,14,-127,0,6,15,-117,0,58,15,-128,0,121,15,79,0,-86,15,2,0,-36,15,-115,15,-16,15,27,15,-20,15,-67,14,-53,15,-108,14,-85,15,-81,14,-87,15,-3,14,0,0,0,0,-14,15,-59,15,66,0,28,0,-100,0,87,0,-19,0,111,0,9,1,100,0,-18,0,76,0,-82,0,55,0,101,0,49,0,23,0,61,0,-50,15,97,0,-116,15,-101,0,120,15,-46,0,-111,15]"
CSI_DATA,6656,d8:b1:90:d9:de:f0,-43,9,-99,-36,44,104,475039308,124,0,106,0,"[-92,0,118,0,-30,0,-77,0,2,1,-67,0,-17,0,-83,0,-70,0,-113,0,118,0,110,0,22,0,77,0,-95,15,48,0,39,15,33,0,-59,14,15,0,-95,14,24,0,-72,14,27,0,-1,14,28,0,0,0,0,0,-40,15,8,0,78,0,-39,15,-74,0,-86,15,-6,0,127,15,8,1,114,15,-23,0,-126,15,-84,0,-90,15,108,0,-35,15,46,0,25,0,-9,15,102,0,-49,15,-74,0,-62,15,-9,0,-40,15]"
CSI_DATA,6657,d8:b1:90:d9:de:f0,-42,9,-99,-37,44,104,475084906,98,0,106,0,"[91,15,82,0,2,15,100,0,-29,14,130,0,0,15,-126,0,44,15,122,0,101,15,77,0,-95,15,7,0,-41,15,-102,15,-4,15,41,15,1,0,-62,14,-23,15,-111,14,-53,15,-94,14,-66,15,-18,14,0,0,0,0,-33,15,-59,15,38,0,46,0,130,0,129,0,-52,0,-87,0,-14,0,-91,0,-28,0,-121,0,-87,0,101,0,99,0,76,0,13,0,64,0,-72,15,77,0,103,15,116,0,59,15,-88,0,81,15]"
CSI_DATA,6658,d8:b1:90:d9:de:f0,-42,9,-99,-36,43,104,475093788,113,0,106,0,"[131,16,131,0,39,16,-118,0,6,16,-94,0,26,16,-112,0,65,16,140,0,125,16,84,0,-104,16,1,0,-51,16,-113,16,0,0,50,16,29,0,-51,15,32,0,-103,15,11,0,-90,15,-5,16,-4,15,0,0,0,0,0,0,-61,16,41,0,68,0,89,0,-100,0,141,0,-24,0,-123,0,-8,0,-136,0,-40,0,104,0,-105,0,42,0,122,0,-29,16,63,0,-114,16,20,0,78,16,-4,16,7,16,3,0,0,16]"
CSI_DATA,6659,d8:b1:90:d9:de:f0,-42,11,-99,-37,44,104,475456651,277,0,106,0,"[-86,0,109,0,-27,0,-92,0,2,1,-77,0,-11,0,-96,0,-56,0,-118,0,-126,0,125,0,51,0,116,0,-54,15,126,0,92,15,-116,0,1,15,-87,0,-34,14,-56,0,-20,14,-56,0,42,15,-86,0,0,0,0,0,-64,15,46,0,-10,15,-68,15,23,0,85,15,33,0,-9,14,26,0,-47,14,14,0,-27,14,5,0,37,15,20,0,113,15,48,0,-73,15,97,0,-5,15,-93,0,52,0,-30,0,79,0,-3,0]"
CSI_DATA,6660,d8:b1:90:d9:de:f0,-43,9,-99,-36,44,104,475457123,130,0,106,0,"[-94,15,-78,0,124,15,-5,0,-122,15,32,1,-91,15,17,1,-64,15,-27,0,-57,15,-95,0,-63,15,75,0,-107,15,-29,15,87,15,-117,15,16,15,81,15,-39,14,71,15,-49,14,107,15,7,15,-98,15,0,0,0,0,-61,15,-12,15,61,0,-21,15,-82,0,-56,15,-11,0,-111,15,6,1,95,15,-35,0,91,15,-94,0,120,15,107,0,-81,15,61,0,-13,15,44,0,69,0,54,0,-99,0,98,0,-39,0,-105,0]"
CSI_DATA,6661,d8:b1:90:d9:de:f0,-46,11,-99,-38,47,104,475503637,100,0,228,0,"[-7,0,-10,2,-11,3,-14,5,-17,5,-18,5,-19,5,92,55,-18,2,-16,2,-14,2,-12,2,-11,2,-8,2,-5,2,-2,4,0,5,2,9,5,11,6,14,7,16,26,-44,8,19,6,20,5,19,4,18,2,16,2,13,0,0,1,7,1,3,2,0,3,-2,5,-5,8,-8,-93,0,11,-11,13,-11,14,-11,14,-10,14,-8,12,-7,10,-5,8,-5,6,-4,4,-3,1,-3,0,-3,-3,-4,-40,11,-8,-6,-9,-8,-10,-11,-10,-12,-8,-13,-7,-13,-5,-12,-8,-13,-18,-5,-18,8,-8,18,5,19,14,9,14,-2,-13,-5,-2,-8,-5,0,-2,5,5,4,8,-2,4,-10,-5,-12,-15,-5,-17,7,-8,18,6,19,19,9,19,-5,17,2,-4,-14,-11,-5,-7,4,0,6,5,0,3,-6,0,0,-11,-3,-13,7,-5,16,7,17,17,7,18,-5,19,-26,-3,-17,-11,-8,-11,1,-5,5,0,5,1,0,-1,-1,-4,1,-2,6,2,8,9,5,12,-2,8,-11,-6,-20,-10,-11,-14,-1,-11,8,-2,11,4,8,6,1,2,-2]"
CSI_DATA,6662,d8:b1:90:d9:de:f0,-43,11,-99,-37,45,104,475874449,277,0,106,0,"[50,0,-46,0,77,0,34,0,107,0,50,0,-117,0,18,0,98,0,-40,0,55,0,-96,0,-4,13,69,0,-92,13,11,0,39,13,-28,13,-46,12,-49,13,-82,12,-39,13,-63,12,-17,13,4,13,-3,13,0,0,0,0,-39,13,-13,13,58,0,-61,13,-90,0,114,13,-44,0,63,13,-39,0,37,13,-68,0,55,13,-114,0,102,13,82,0,-71,13,52,0,1,0,38,0,82,0,44,0,-71,0,75,0,-9,0,110,0]"
CSI_DATA,6663,d8:b1:90:d9:de:f0,-43,9,-99,-36,44,104,475874912,98,0,106,0,"[-83,0,114,0,-1,0,-106,0,37,1,-125,0,21,1,95,0,-34,0,63,0,-111,0,42,0,53,0,48,0,-56,15,82,0,103,15,-114,0,39,15,-45,0,32,15,-5,0,69,15,2,1,126,15,-50,0,0,0,0,0,-30,15,29,0,-24,15,-87,15,-45,15,61,15,-79,15,-9,14,-109,15,-20,14,-111,15,24,15,-84,15,92,15,-45,15,-103,15,19,0,-44,15,96,0,-7,15,-74,0,6,0,-6,0,-18,15,3,1]"
CSI_DATA,6664,d8:b1:90:d9:de:f0,-43,9,-99,-37,45,104,475875026,108,0,106,0,"[-47,0,-50,13,27,0,-87,13,41,0,110,13,4,0,96,13,-55,0,116,13,-108,0,-79,13,71,0,-5,13,33,0,88,0,15,0,-40,0,25,0,48,0,53,0,80,0,77,0,50,0,77,0,-17,0,0,0,0,0,2,0,44,0,-80,13,-26,13,58,13,-73,13,-11,12,-87,13,-33,12,-67,13,-4,12,-44,13,58,13,-24,13,-104,13,-23,13,-28,13,-41,13,39,0,-80,13,96,0,95,13,116,0,29,13,87,0]"
CSI_DATA,6665,d8:b1:90:d9:de:f0,-43,9,-99,-38,45,104,475875161,124,0,106,0,"[9,0,-40,0,18,0,37,0,47,0,59,0,62,0,30,0,62,0,-29,0,37,0,-91,0,-18,14,84,0,-101,14,23,0,34,14,-18,14,-43,13,-27,14,-75,13,-12,14,-55,13,13,0,6,14,26,0,0,0,0,0,-50,14,-21,14,27,0,-88,14,91,0,82,14,114,0,11,14,104,0,-12,13,78,0,9,14,59,0,68,14,49,0,-101,14,58,0,-29,14,85,0,44,0,-105,0,109,0,-42,0,-111,0,-13,0]"
CSI_DATA,6666,d8:b1:90:d9:de:f0,-42,9,-99,-37,44,104,476083828,98,0,106,0,"[63,0,-75,0,79,0,7,1,116,0,33,1,-131,0,3,1,128,0,-48,0,86,0,-111,0,13,0,108,0,-96,15,79,0,52,15,90,0,-39,14,125,0,-74,14,-88,0,-37,14,-51,0,39,15,-69,0,0,0,0,0,-55,15,68,0,-22,15,-53,15,-22,15,91,15,-53,15,2,15,-96,15,-23,14,-117,15,11,15,-101,15,77,15,-58,15,-121,15,4,0,-72,15,86,0,-54,15,-87,0,-71,15,-34,0,-121,15,-47,0]"
CSI_DATA,6667,d8:b1:90:d9:de:f0,-43,11,-99,-35,44,104,476292246,277,0,106,0,"[-79,0,-76,14,0,0,-96,14,24,0,-113,14,0,0,-112,14,-40,0,-93,14,-99,0,-50,14,90,0,12,0,27,0,109,0,-21,14,-41,0,-51,14,45,0,-55,14,86,0,-36,14,70,0,-18,14,0,0,0,0,0,0,-18,14,49,0,-49,14,-59,14,-96,14,89,14,104,14,26,14,83,14,12,14,102,14,38,14,-103,14,89,14,-51,14,-110,14,18,0,-65,14,96,0,-37,14,-67,0,-24,14,-3,0,-37,14,6,0]"
CSI_DATA,6668,d8:b1:90:d9:de:f0,-42,9,-99,-37,44,104,476292718,101,0,106,0,"[115,0,-101,0,-115,0,-22,0,-81,0,-1,0,-87,0,-25,0,-113,0,-72,0,97,0,-123,0,16,0,99,0,-94,15,68,0,48,15,58,0,-44,14,65,0,-89,14,83,0,-63,14,101,0,13,15,92,0,0,0,0,0,-58,15,14,0,21,0,-78,15,83,0,86,15,117,0,10,15,115,0,-20,14,93,0,2,15,72,0,65,15,60,0,-115,15,69,0,-30,15,98,0,50,0,-111,0,127,0,-54,0,-103,0,-17,0]"
CSI_DATA,6669,d8:b1:90:d9:de:f0,-43,9,-99,-38,45,104,476292823,130,0,106,0,"[-78,14,75,14,-104,14,-1,13,103,14,-21,13,101,14,4,14,-116,14,50,14,-75,14,101,14,-1,14,-86,14,94,0,-51,14,-34,0,-32,14,50,0,-30,14,84,0,-56,14,66,0,-74,14,-3,0,-73,14,0,0,0,0,50,0,-6,14,-28,14,71,0,-95,14,-86,0,-119,14,-14,0,-114,14,19,0,-95,14,-5,0,-67,14,-65,0,-58,14,102,0,-66,14,29,0,-93,14,-51,14,103,14,-119,14,45,14,90,14,14,14]"
CSI_DATA,6670,d8:b1:90:d9:de:f0,-41,11,-99,-33,42,104,476503741,100,0,114,0,"[8,31,6,33,4,36,2,39,2,39,1,36,-1,36,-1,34,0,32,-2,31,-1,31,-2,31,-2,31,-2,32,-1,34,-2,35,-2,35,-1,36,-1,38,-2,38,-2,38,-1,39,-2,38,-1,39,-2,36,-2,36,-3,35,-2,34,0,0,-2,34,-2,33,-2,34,-3,35,-2,35,-3,36,-2,36,-3,35,-3,34,-2,33,-2,32,-2,31,-1,30,-2,28,-1,27,0,26,0,26,0,25,0,26,0,26,0,28,-1,30,-1,31,-1,30,-2,30,-4,28,-4,27,-5,24]"
CSI_DATA,6671,d8:b1:90:d9:de:f0,-43,9,-99,-36,44,104,476710497,98,0,106,0,"[-87,15,63,15,-111,15,-16,14,125,15,-34,14,119,15,-3,14,-113,15,55,15,-64,15,111,15,4,0,-77,15,105,0,-17,15,-43,0,30,0,47,1,51,0,89,1,42,0,72,1,16,0,-1,0,4,0,0,0,0,0,48,0,20,0,-59,15,70,0,106,15,-126,0,54,15,-71,0,47,15,-49,0,77,15,-72,0,123,15,-127,0,-95,15,66,0,-63,15,-13,15,-50,15,-96,15,-54,15,73,15,-75,15,11,15,-113,15]"
CSI_DATA,6672,d8:b1:90:d9:de:f0,-43,11,-99,-35,44,104,476918942,277,0,106,0,"[59,14,-60,14,-23,13,-77,14,-55,13,-61,14,-33,13,-36,14,23,14,-24,14,96,14,-30,14,-69,14,-53,14,24,0,-107,14,105,0,68,14,-90,0,2,14,-88,0,-31,13,-116,0,-19,13,87,0,41,14,0,0,0,0,23,0,-13,14,34,0,101,0,69,0,-45,0,107,0,12,0,-122,0,19,0,114,0,-20,0,80,0,-85,0,31,0,106,0,-34,14,58,0,-110,14,28,0,60,14,21,0,0,13,34,0,4,14]"
CSI_DATA,6673,d8:b1:90:d9:de:f0,-42,9,-99,-37,44,104,476919387,130,0,106,0,"[-58,15,61,15,-86,15,-19,14,-130,15,-39,14,125,15,-3,14,-125,15,52,15,-78,15,115,15,-3,15,-99,15,102,0,-63,15,-43,0,-49,15,41,1,-59,15,77,1,-86,15,42,1,-106,15,-38,0,-97,15,0,0,0,0,39,0,0,0,-34,15,109,0,-66,15,-49,0,-73,15,31,1,-56,15,49,1,-32,15,13,1,-22,15,-59,0,-30,15,117,0,-59,15,38,0,-116,15,-26,15,71,15,-74,15,14,15,-82,15,-9,14]"
CSI_DATA,6674,d8:b1:90:d9:de:f0,-43,9,-99,-39,45,104,476919558,124,0,106,0,"[52,14,-23,14,-34,13,-11,14,-59,13,19,0,-34,13,49,0,29,14,50,0,92,14,29,0,-86,14,-24,14,-26,14,-104,14,14,0,41,14,14,0,-43,13,-11,14,-72,13,-37,14,-43,13,-47,14,31,14,0,0,0,0,9,0,-19,14,86,0,60,0,-63,0,110,0,6,0,117,0,29,0,99,0,-1,0,69,0,-69,0,45,0,100,0,46,0,29,0,66,0,-41,14,106,0,-91,14,-81,0,-98,14,-19,0,-62,14]"
CSI_DATA,6675,d8:b1:90:d9:de:f0,-43,9,-99,-35,44,104,477128295,130,0,106,0,"[-101,0,109,14,-31,0,60,14,-17,0,32,14,-43,0,43,14,-84,0,82,14,112,0,-108,14,68,0,-23,14,28,0,85,0,-3,14,-46,0,-11,14,48,0,-3,14,99,0,18,0,84,0,25,0,14,0,0,0,0,0,-5,14,63,0,-53,14,-37,14,-109,14,118,14,82,14,65,14,60,14,56,14,79,14,85,14,-120,14,-117,14,-54,14,-73,14,13,0,-40,14,96,0,-13,14,-68,0,-2,14,-6,0,-22,14,2,0]"
CSI_DATA,6676,d8:b1:90:d9:de:f0,-43,9,-99,-35,44,104,477128457,113,0,106,0,"[-68,14,-48,0,-117,14,16,0,117,14,43,0,-117,14,28,0,-99,14,-27,0,-81,14,-98,0,-77,14,55,0,-87,14,-58,14,-106,14,66,14,112,14,-29,13,97,14,-68,13,93,14,-51,13,122,14,9,14,0,0,0,0,-21,14,-79,14,72,0,-15,14,-82,0,36,0,-13,0,66,0,5,0,70,0,-18,0,68,0,-78,0,59,0,95,0,54,0,17,0,58,0,-66,14,81,0,104,14,115,0,62,14,-90,0,66,14]"
CSI_DATA,6677,d8:b1:90:d9:de:f0,-42,11,-99,-37,44,104,477336740,277,0,106,0,"[-106,0,-124,0,-53,0,-49,0,-24,0,-36,0,-38,0,-61,0,-78,0,-103,0,119,0,122,0,27,0,82,0,-90,15,60,0,43,15,51,0,-54,14,60,0,-98,14,83,0,-81,14,98,0,-5,14,86,0,0,0,0,0,-73,15,12,0,17,0,-72,15,91,0,107,15,129,0,34,15,-125,0,9,15,121,0,38,15,95,0,103,15,79,0,-86,15,67,0,-1,15,81,0,86,0,109,0,-96,0,-109,0,-47,0,-76,0]"
CSI_DATA,6678,d8:b1:90:d9:de:f0,-43,9,-99,-38,45,104,477337221,98,0,106,0,"[-35,14,45,14,-37,14,-30,13,-57,14,-54,13,-67,14,-25,13,-63,14,30,14,-36,14,97,14,15,0,-74,14,99,0,-2,14,-40,0,57,0,43,0,78,0,89,0,70,0,81,0,37,0,18,0,7,0,0,0,0,0,61,0,2,0,-39,14,52,0,118,14,104,0,68,14,-80,0,63,14,-47,0,93,14,-62,0,-112,14,-115,0,-80,14,60,0,-65,14,-6,14,-67,14,-89,14,-92,14,78,14,106,14,37,14,69,14]"
CSI_DATA,6679,d8:b1:90:d9:de:f0,-46,11,-99,-38,47,104,477503967,100,0,228,0,"[-4,-6,-7,-7,-9,-8,-12,-10,-14,-11,-14,-13,-14,-14,92,55,-11,-14,-10,-14,-8,-12,-7,-11,-6,-8,-5,-6,-5,-3,-5,0,-5,2,-8,5,-8,8,-11,12,-13,13,26,-44,-16,14,-17,14,-17,11,-16,9,-14,7,-12,5,0,0,-6,2,-3,2,0,2,2,2,6,3,9,5,-71,0,13,8,14,10,13,11,12,11,11,11,9,10,8,8,6,6,5,5,4,2,3,0,3,-1,4,-4,50,0,6,-8,8,-10,10,-11,11,-11,12,-9,13,-7,11,-5,6,-14,-5,-18,-16,-11,-20,1,-14,14,-1,17,9,11,-1,-13,5,-5,-1,-5,-4,0,-1,5,5,6,11,0,8,-10,-1,-16,-13,-12,-20,0,-15,14,-1,21,12,15,2,17,11,-8,1,-11,-7,-5,-5,2,0,5,7,0,0,0,0,-12,-11,-11,-17,0,-14,12,-2,20,11,17,30,12,15,-7,5,-14,-3,-11,-8,-4,-5,1,0,2,0,-1,-1,-3,-5,-1,-7,3,-3,9,3,11,11,6,19,-9,8,-11,0,-14,-9,-8,-11,0,-6,5,0,6,3,2]"
CSI_DATA,6680,d8:b1:90:d9:de:f0,-42,11,-99,-36,44,104,477545638,277,0,106,0,"[-59,15,-65,0,-78,15,19,1,-62,15,50,1,-32,15,27,1,-20,15,-37,0,-27,15,-108,0,-61,15,61,0,-126,15,-30,15,40,15,-103,15,-43,14,115,15,-84,14,125,15,-73,14,-94,15,2,15,-52,15,0,0,0,0,-37,15,-13,15,77,0,-49,15,-82,0,-106,15,-30,0,93,15,-24,0,61,15,-62,0,79,15,-116,0,-126,15,105,0,-64,15,81,0,8,0,81,0,92,0,104,0,-92,0,-111,0,-47,0,-80,0]"
CSI_DATA,6681,d8:b1:90:d9:de:f0,-42,9,-99,-37,44,104,477546092,113,0,106,0,"[-8,15,58,15,-2,15,-31,14,-14,15,-59,14,-16,15,-25,14,-8,15,36,15,13,0,118,15,53,0,-52,15,114,0,58,0,-78,0,-101,0,-20,0,-22,0,13,1,-5,0,2,1,-38,0,-59,0,-93,0,0,0,0,0,20,0,25,0,-92,15,-22,15,58,15,-65,15,-17,14,-79,15,-37,14,-74,15,3,15,-66,15,78,15,-59,15,-96,15,-61,15,-9,15,-67,15,76,0,-89,15,-102,0,-125,15,-56,0,102,15,-65,0]"
CSI_DATA,6682,d8:b1:90:d9:de:f0,-42,9,-99,-39,44,104,477599129,130,0,106,0,"[-76,16,89,16,-95,16,-3,15,-122,16,-32,15,-129,16,-1,15,-109,16,50,16,-62,16,119,16,13,0,-95,16,123,0,-32,16,-34,0,10,0,67,1,28,0,109,1,18,0,82,1,-8,16,-4,0,-19,16,0,0,0,0,52,0,1,0,-62,16,67,0,124,16,-138,0,71,16,-73,0,63,16,-52,0,91,16,-76,0,137,16,-137,0,-104,16,74,0,-81,16,-13,16,-82,16,-103,16,-101,16,88,16,-137,16,39,16,107,16]"
CSI_DATA,6683,d8:b1:90:d9:de:f0,-43,9,-99,-38,45,104,477755036,98,0,106,0,"[-76,0,-69,14,7,0,-95,14,38,0,118,14,10,0,112,14,-34,0,-110,14,-92,0,-68,14,88,0,-1,14,31,0,85,0,-16,14,-50,0,-33,14,40,0,-31,14,87,0,-6,14,75,0,11,0,9,0,0,0,0,0,8,0,50,0,-31,14,-63,14,-92,14,85,14,93,14,26,14,65,14,16,14,78,14,50,14,-120,14,101,14,-67,14,-94,14,0,0,-54,14,84,0,-33,14,-74,0,-29,14,-11,0,-53,14,-9,0]"
CSI_DATA,6684,d8:b1:90:d9:de:f0,-42,9,-99,-36,43,104,477799259,120,0,106,0,"[139,0,-115,0,-113,0,-31,0,-87,0,-11,0,-100,0,-38,0,-139,0,-85,0,81,0,-136,0,-4,16,95,0,-126,16,43,0,31,16,2,0,-68,15,-12,16,-112,15,1,0,-89,15,15,0,-1,15,15,0,0,0,0,0,-54,16,-7,16,63,0,-70,16,-122,0,-141,16,-61,0,87,16,-49,0,71,16,-78,0,99,16,-127,0,-125,16,117,0,-49,16,77,0,35,0,59,0,127,0,58,0,-67,0,77,0,-2,0,109,0]"
CSI_DATA,6685,d8:b1:90:d9:de:f0,-42,9,-99,-37,44,104,477799471,120,0,106,0,"[-69,0,57,0,5,1,99,0,37,1,102,0,18,1,90,0,-38,0,78,0,-113,0,66,0,52,0,77,0,-56,15,109,0,88,15,-113,0,8,15,-59,0,-24,14,-27,0,2,15,-23,0,73,15,-67,0,0,0,0,0,-49,15,30,0,-4,15,-84,15,21,0,67,15,22,0,-12,14,13,0,-37,14,11,0,0,15,14,0,74,15,33,0,-108,15,73,0,-37,15,126,0,38,0,-72,0,91,0,-12,0,111,0,6,1]"
CSI_DATA,6686,d8:b1:90:d9:de:f0,-42,9,-99,-37,44,104,477824297,130,0,106,0,"[-75,15,68,15,-82,15,-20,14,-97,15,-50,14,-98,15,-29,14,-79,15,21,15,-47,15,89,15,11,0,-98,15,95,0,-14,15,-69,0,62,0,18,1,117,0,72,1,130,0,67,1,110,0,-5,0,74,0,0,0,0,0,53,0,14,0,-71,15,25,0,74,15,52,0,-4,14,87,0,-25,14,102,0,12,15,95,0,82,15,68,0,-115,15,25,0,-45,15,-29,15,7,0,-103,15,50,0,75,15,56,0,-2,14,22,0]"
CSI_DATA,6687,d8:b1:90:d9:de:f0,-43,11,-99,-35,44,104,478172335,277,0,106,0,"[-101,14,88,14,117,14,14,14,86,14,0,14,84,14,26,14,114,14,77,14,-87,14,-120,14,-7,14,-81,14,95,0,-52,14,-39,0,-48,14,55,0,-65,14,92,0,-98,14,69,0,123,14,-5,0,-115,14,0,0,0,0,67,0,-28,14,2,0,59,0,-39,14,-82,0,-47,14,-11,0,-34,14,18,0,-16,14,-10,0,-11,14,-75,0,-22,14,102,0,-55,14,32,0,-113,14,-29,14,63,14,-69,14,-3,13,-69,14,-25,13]"
CSI_DATA,6688,d8:b1:90:d9:de:f0,-42,9,-99,-37,44,104,478172815,124,0,106,0,"[-20,15,-61,0,-34,15,17,1,-11,15,51,1,16,0,22,1,24,0,-32,0,9,0,-103,0,-34,15,74,0,-113,15,-2,15,42,15,-57,15,-51,14,-73,15,-112,14,-44,15,-99,14,-2,15,-23,14,23,0,0,0,0,0,-76,15,9,0,14,0,-65,15,83,0,110,15,106,0,26,15,94,0,-13,14,67,0,17,15,40,0,84,15,39,0,-102,15,63,0,-25,15,115,0,41,0,-75,0,86,0,-2,0,87,0,22,1]"
CSI_DATA,6689,d8:b1:90:d9:de:f0,-43,9,-99,-35,44,104,478172982,756,0,106,0,"[-119,14,-99,0,81,14,-42,0,86,14,-7,0,118,14,-10,0,-91,14,-52,0,-66,14,-115,0,-67,14,44,0,-93,14,-53,14,91,14,101,14,18,14,39,14,-34,13,34,14,-42,13,81,14,0,14,-106,14,0,0,0,0,-68,14,-26,14,42,0,-44,14,-111,0,-101,14,-60,0,93,14,-57,0,57,14,-94,0,68,14,105,0,109,14,71,0,-77,14,61,0,0,0,83,0,76,0,-112,0,-108,0,-50,0,-80,0,-12,0]"
CSI_DATA,6690,d8:b1:90:d9:de:f0,-42,9,-99,-37,44,104,478173298,98,0,106,0,"[130,15,112,15,96,15,29,15,76,15,9,15,89,15,31,15,121,15,76,15,-83,15,125,15,-2,15,-85,15,108,0,-33,15,-38,0,4,0,56,1,19,0,109,1,18,0,95,1,-1,15,21,1,-12,15,0,0,0,0,77,0,13,0,-33,15,64,0,129,15,124,0,65,15,-86,0,47,15,-63,0,80,15,-84,0,124,15,119,0,-93,15,57,0,-58,15,-23,15,-39,15,-111,15,-37,15,63,15,-62,15,-2,14,-95,15]"
CSI_DATA,6691,d8:b1:90:d9:de:f0,-43,9,-99,-36,44,104,478381678,101,0,106,0,"[-60,0,121,0,-15,0,-80,0,3,1,-63,0,-21,0,-85,0,-68,0,-121,0,112,0,107,0,20,0,81,0,-88,15,61,0,45,15,62,0,-50,14,72,0,-102,14,88,0,-87,14,103,0,-23,14,89,0,0,0,0,0,-102,15,13,0,-19,15,-69,15,43,0,112,15,81,0,47,15,95,0,22,15,84,0,51,15,69,0,111,15,56,0,-77,15,58,0,-2,15,77,0,76,0,111,0,-108,0,-106,0,-61,0,-72,0]"
CSI_DATA,6692,d8:b1:90:d9:de:f0,-42,9,-99,-39,44,104,478381819,224,0,106,0,"[-38,0,47,0,34,1,87,0,58,1,89,0,35,1,76,0,-32,0,63,0,-110,0,54,0,63,0,73,0,-55,16,107,0,102,16,-116,0,5,16,-58,0,-29,15,-22,0,-5,15,-19,0,53,16,-70,0,0,0,0,0,-92,16,53,0,-57,16,-55,16,-38,16,109,16,-37,16,27,16,-38,16,2,16,-29,16,33,16,-15,16,100,16,9,0,-111,16,50,0,-37,16,111,0,30,0,-102,0,80,0,-29,0,99,0,-4,0]"
CSI_DATA,6693,d8:b1:90:d9:de:f0,-41,11,-99,-34,42,104,478503987,100,0,114,0,"[28,-19,32,-19,35,-16,38,-15,38,-16,38,-15,35,-13,35,-13,32,-11,32,-10,30,-11,30,-11,30,-11,30,-14,30,-15,32,-15,33,-16,34,-17,35,-20,35,-19,35,-21,35,-22,34,-21,33,-22,32,-21,30,-21,30,-21,29,-21,0,0,28,-20,27,-21,28,-22,28,-22,27,-24,28,-23,26,-24,27,-26,24,-24,24,-24,22,-24,20,-23,19,-22,17,-21,16,-21,15,-22,15,-21,14,-22,14,-22,14,-23,14,-24,15,-24,14,-26,14,-26,16,-26,16,-24,15,-23,15,-20]"
CSI_DATA,6694,d8:b1:90:d9:de:f0,-43,11,-99,-36,45,104,478590132,277,0,106,0,"[-40,0,29,0,33,0,46,0,61,0,32,0,39,0,16,0,-11,0,2,0,-84,0,0,13,60,0,24,0,-39,13,70,0,104,13,-86,0,46,13,-16,0,35,13,26,0,75,13,26,0,-100,13,-20,0,0,0,0,0,-21,13,33,0,-17,13,-74,13,-34,13,53,13,-65,13,-5,12,-88,13,-10,12,-89,13,28,13,-63,13,90,13,-23,13,-76,13,26,0,-22,13,92,0,16,0,-65,0,39,0,-8,0,26,0,2,0]"
CSI_DATA,6695,d8:b1:90:d9:de:f0,-43,9,-99,-38,45,104,478590604,98,0,106,0,"[-56,0,80,0,2,0,-106,0,27,0,-93,0,6,0,-101,0,-45,0,113,0,-119,0,90,0,29,0,61,0,-81,14,28,0,45,14,3,0,-51,13,-14,14,-91,13,-18,14,-70,13,-10,14,-1,13,-8,14,0,0,0,0,-40,14,-8,14,72,0,-35,14,-66,0,-63,14,-1,0,-84,14,12,0,-86,14,-23,0,-69,14,-85,0,-42,14,85,0,-5,14,11,0,35,0,-51,14,83,0,-110,14,-102,0,94,14,-60,0,104,14]"
CSI_DATA,6696,d8:b1:90:d9:de:f0,-42,9,-99,-37,44,104,478590736,130,0,106,0,"[-123,15,86,15,104,15,-3,14,87,15,-28,14,98,15,-3,14,-124,15,47,15,-74,15,115,15,-1,15,-75,15,92,0,11,0,-72,0,95,0,14,1,-104,0,55,1,-83,0,44,1,-97,0,-30,0,122,0,0,0,0,0,38,0,28,0,-90,15,2,0,58,15,-16,15,-15,14,-15,15,-32,14,-15,15,11,15,-17,15,90,15,-19,15,-90,15,-26,15,-1,15,-40,15,85,0,-61,15,-93,0,-92,15,-43,0,-127,15,-51,0]"
CSI_DATA,6697,d8:b1:90:d9:de:f0,-43,9,-99,-34,44,104,478590853,108,0,106,0,"[-83,14,-56,0,103,14,5,0,89,14,33,0,103,14,10,0,-111,14,-42,0,-87,14,-114,0,-59,14,34,0,-35,14,-78,14,-16,14,43,14,-15,14,-55,13,-21,14,-94,13,-29,14,-73,13,-30,14,-1,13,0,0,0,0,4,0,-41,14,44,0,67,0,94,0,-79,0,-107,0,-22,0,-100,0,-14,0,-118,0,-43,0,78,0,-101,0,26,0,83,0,-28,14,24,0,-95,14,-27,14,77,14,-67,14,19,14,-85,14,7,14]"
CSI_DATA,6698,d8:b1:90:d9:de:f0,-41,9,-99,-36,42,104,478635652,252,0,106,0,"[-33,0,-2,18,59,1,1,0,80,1,-40,18,35,1,-56,18,-35,0,-64,18,-125,0,-37,18,114,0,28,0,39,0,139,0,-5,18,-52,0,-16,18,64,1,20,0,120,1,67,0,96,1,80,0,1,1,0,0,0,0,5,0,104,0,-99,18,22,0,109,18,-31,18,17,18,-37,18,-16,17,-16,18,21,18,2,0,98,18,5,0,-142,18,-16,18,-65,18,-64,18,-15,18,-139,18,8,0,86,18,-13,18,16,18,-70,18]"
CSI_DATA,6699,d8:b1:90:d9:de:f0,-43,9,-99,-39,45,104,478799512,124,0,106,0,"[59,14,5,0,-24,13,-17,14,-59,13,-12,14,-35,13,-10,14,9,14,-8,14,88,14,-13,14,-68,14,-35,14,44,0,-82,14,-88,0,109,14,-6,0,56,14,24,0,16,14,1,0,10,14,-57,0,49,14,0,0,0,0,45,0,-44,14,-6,14,64,0,-44,14,-76,0,-59,14,1,0,-57,14,26,0,-47,14,-6,0,-39,14,-69,0,-38,14,99,0,-47,14,16,0,-75,14,-63,14,-117,14,107,14,86,14,68,14,53,14]"
CSI_DATA,6700,d8:b1:90:d9:de:f0,-42,11,-99,-38,44,104,479007929,277,0,106,0,"[39,15,75,0,-49,14,90,0,-76,14,111,0,-39,14,105,0,22,15,79,0,98,15,46,0,-83,15,-18,15,0,0,-110,15,92,0,59,15,-124,0,-19,14,-112,0,-52,14,-126,0,-32,14,106,0,41,15,0,0,0,0,50,0,-19,15,54,0,105,0,62,0,-56,0,78,0,12,1,83,0,23,1,67,0,-15,0,39,0,-84,0,-6,15,114,0,-52,15,41,0,-108,15,-27,15,99,15,-85,15,43,15,-105,15,27,15]"
CSI_DATA,6701,d8:b1:90:d9:de:f0,-43,9,-99,-36,44,104,479008410,124,0,106,0,"[-58,0,107,0,15,1,-106,0,47,1,-115,0,23,1,114,0,-37,0,86,0,-107,0,62,0,48,0,61,0,-66,15,74,0,78,15,106,0,2,15,-108,0,-25,14,-82,0,3,15,-82,0,70,15,-118,0,0,0,0,0,-47,15,-5,15,1,0,-106,15,29,0,50,15,33,0,-12,14,26,0,-26,14,17,0,16,15,19,0,86,15,33,0,-96,15,55,0,-22,15,93,0,52,0,-120,0,112,0,-67,0,-118,0,-52,0]"
CSI_DATA,6702,d8:b1:90:d9:de:f0,-42,9,-99,-34,43,104,479008568,98,0,106,0,"[97,0,46,15,-132,0,-36,14,126,0,-68,14,100,0,-47,14,76,0,20,15,57,0,100,15,63,0,-62,15,96,0,54,0,-128,0,-101,0,-74,0,-11,0,-39,0,10,1,-44,0,-20,0,-99,0,-87,0,0,0,0,0,6,0,52,0,-113,15,27,0,44,15,14,0,-24,14,19,0,-37,14,29,0,7,15,24,0,82,15,12,0,-116,15,-12,15,-38,15,-52,15,25,0,-109,15,78,0,97,15,95,0,38,15,77,0]"
CSI_DATA,6703,d8:b1:90:d9:de:f0,-41,9,-99,-37,43,104,479059661,130,0,106,0,"[-40,0,-2,17,43,1,17,0,76,1,3,0,43,1,-18,17,-13,0,-21,17,-88,0,-2,17,117,0,49,0,34,0,137,0,-35,17,-40,0,-63,17,62,1,-51,17,116,1,-17,17,108,1,4,0,28,1,0,0,0,0,-5,17,109,0,-81,17,0,0,129,17,-79,17,51,17,-118,17,12,17,-123,17,32,17,-100,17,95,17,-76,17,-125,17,-70,17,-46,17,-79,17,30,0,-118,17,100,0,112,17,122,0,43,17,81,0]"
CSI_DATA,6704,d8:b1:90:d9:de:f0,-42,9,-99,-37,44,104,479217282,98,0,106,0,"[11,0,48,15,38,0,-36,14,27,0,-71,14,10,0,-49,14,-2,15,6,15,9,0,76,15,43,0,-97,15,107,0,-1,15,-69,0,90,0,15,1,-117,0,75,1,-110,0,74,1,124,0,21,1,84,0,0,0,0,0,84,0,26,0,-34,15,45,0,118,15,83,0,51,15,-129,0,29,15,-95,0,56,15,-97,0,102,15,-130,0,-111,15,74,0,-68,15,9,0,-45,15,-71,15,-44,15,100,15,-75,15,32,15,-120,15]"
CSI_DATA,6705,d8:b1:90:d9:de:f0,-41,9,-99,-34,42,104,479224789,98,0,106,0,"[49,0,-48,0,26,0,48,1,34,0,85,1,30,0,54,1,23,0,-3,0,2,0,-85,0,-49,17,128,0,-140,17,24,0,52,17,-68,17,-39,16,-133,17,-99,16,-146,17,-104,16,-130,17,-28,16,-90,17,0,0,0,0,-104,17,-46,17,28,0,-72,17,-148,0,-104,17,-66,0,146,17,-28,0,115,17,-55,0,122,17,-110,0,-137,17,139,0,-72,17,90,0,1,0,60,0,91,0,48,0,-110,0,74,0,-30,0,121,0]"
CSI_DATA,6706,d8:b1:90:d9:de:f0,-45,11,-99,-36,46,104,479503993,100,0,228,0,"[9,-1,10,-3,12,-5,15,-7,17,-7,18,-7,19,-7,98,58,17,-4,16,-3,14,-2,12,-2,10,-2,7,-3,4,-3,1,-6,0,-7,-3,-11,-6,-14,-6,-16,-7,-19,27,-46,-5,-23,-3,-23,-3,-23,-2,-20,0,-18,0,-15,0,0,0,-9,0,-5,-2,-3,-4,0,-7,2,-11,3,76,11,-15,4,-16,4,-17,3,-16,3,-15,2,-14,1,-11,1,-8,0,-7,1,-4,2,-2,3,0,5,0,7,14,0,3,12,3,15,2,16,0,18,-1,18,-3,16,-4,13,13,11,20,0,17,-15,4,-23,-10,-19,-18,-7,-15,6,13,6,5,8,7,0,2,-6,-4,-5,-8,1,-5,10,4,13,15,7,18,-6,8,-17,-5,-20,-18,-11,-19,3,-17,-7,2,14,9,5,7,-3,-1,-6,-7,0,-5,7,0,0,13,7,17,-3,11,-16,-3,-21,-17,-15,-22,0,-29,18,-2,19,9,13,13,3,7,-4,1,-6,-2,-1,0,2,3,1,6,-2,2,-7,-3,-9,-11,-4,-12,3,-5,22,2,14,11,8,13,0,7,-7,0,-8,-4,-3,-3,2]"
CSI_DATA,6707,d8:b1:90:d9:de:f0,-43,11,-99,-38,45,104,479634626,277,0,106,0,"[-107,0,91,14,-54,0,48,14,-46,0,20,14,-80,0,24,14,-112,0,60,14,107,0,-118,14,92,0,-42,14,110,0,51,0,-93,0,-95,0,-40,0,-28,0,-2,0,-10,0,6,0,-38,0,-29,0,-94,0,0,0,0,0,58,0,51,0,-50,14,50,0,96,14,74,0,29,14,110,0,12,14,-103,0,39,14,-103,0,90,14,112,0,-108,14,67,0,-70,14,5,0,-61,14,-67,14,-82,14,97,14,-116,14,46,14,77,14]"
CSI_DATA,6708,d8:b1:90:d9:de:f0,-43,9,-99,-36,44,104,479635106,130,0,106,0,"[44,15,16,0,-28,14,21,0,-52,14,49,0,-23,14,69,0,31,15,70,0,95,15,45,0,-108,15,-16,15,-67,15,-106,15,-53,15,41,15,-68,15,-42,14,-110,15,-77,14,116,15,-49,14,117,15,26,15,0,0,0,0,-32,15,-71,15,66,0,-35,15,-87,0,-17,15,-13,0,-39,15,16,1,-71,15,-15,0,-87,15,-75,0,-77,15,124,0,-42,15,79,0,12,0,52,0,84,0,55,0,-91,0,100,0,-37,0,-101,0]"
CSI_DATA,6709,d8:b1:90:d9:de:f0,-43,9,-99,-38,45,104,479635259,113,0,106,0,"[69,14,-100,14,13,14,108,14,-19,13,-119,14,-13,13,-86,14,29,14,-59,14,89,14,-49,14,-74,14,-67,14,0,14,-119,14,61,0,39,14,89,0,-37,13,65,0,-83,13,28,0,-69,13,0,0,-14,13,0,0,0,0,7,0,-76,14,68,0,3,0,-90,0,57,0,-16,0,71,0,12,0,56,0,-1,0,32,0,-52,0,11,0,-115,0,15,0,61,0,41,0,13,0,89,0,-13,14,-78,0,0,0,-13,0,54,0]"
CSI_DATA,6710,d8:b1:90:d9:de:f0,-43,9,-99,-36,44,104,479844005,130,0,106,0,"[-7,15,24,15,-1,15,-48,14,-21,15,-65,14,-28,15,-30,14,-30,15,36,15,-12,15,110,15,33,0,-56,15,104,0,35,0,-62,0,114,0,20,1,-94,0,62,1,-92,0,58,1,-127,0,-4,0,90,0,0,0,0,0,58,0,46,0,-52,15,67,0,104,15,102,0,49,15,-113,0,38,15,-92,0,71,15,-106,0,124,15,108,0,-87,15,44,0,-46,15,-22,15,-23,15,-105,15,-25,15,65,15,-57,15,-1,14,-103,15]"
CSI_DATA,6711,d8:b1:90:d9:de:f0,-41,9,-99,-38,43,104,479859600,124,0,106,0,"[140,17,84,17,86,17,4,17,49,17,1,17,62,17,46,17,98,17,104,17,-127,17,-139,17,-24,17,-92,17,101,0,-62,17,-52,0,-60,17,49,1,-82,17,98,1,-112,17,71,1,-131,17,-17,0,-109,17,0,0,0,0,90,0,-9,17,15,0,112,0,-23,17,-87,0,-39,17,0,1,-38,17,26,1,-21,17,-11,0,-13,17,-90,0,-24,17,129,0,-49,17,38,0,-105,17,-40,17,120,17,-114,17,48,17,-134,17,7,17]"
CSI_DATA,6712,d8:b1:90:d9:de:f0,-41,9,-99,-35,42,104,479870025,113,0,106,0,"[-41,0,-74,18,51,1,-111,18,67,1,-152,18,8,1,135,18,-62,0,148,18,-135,0,-107,18,110,0,-22,18,63,0,102,0,55,0,-70,0,85,0,46,1,135,0,88,1,-140,0,56,1,155,0,-39,0,0,0,0,0,25,0,91,0,-105,18,40,0,88,18,33,0,-3,17,56,0,-28,17,91,0,19,18,103,0,99,18,88,0,-135,18,45,0,-68,18,-18,18,-29,18,-106,18,-11,18,103,18,-47,18,26,18,-111,18]"
CSI_DATA,6713,d8:b1:90:d9:de:f0,-42,11,-99,-35,43,104,480052423,277,0,106,0,"[30,0,28,16,43,0,-62,15,20,0,-89,15,-1,16,-59,15,-19,16,4,16,-9,16,88,16,23,0,-94,16,86,0,9,0,-101,0,110,0,-15,0,-106,0,44,1,-93,0,44,1,-125,0,-18,0,110,0,0,0,0,0,59,0,37,0,-69,16,58,0,98,16,101,0,30,16,-122,0,17,16,-92,0,58,16,-95,0,124,16,-134,0,-89,16,81,0,-34,16,6,0,-8,16,-86,16,-5,16,93,16,-38,16,17,16,-94,16]"
CSI_DATA,6714,d8:b1:90:d9:de:f0,-43,9,-99,-36,44,104,480052886,108,0,106,0,"[26,15,31,0,-57,14,16,0,-78,14,14,0,-53,14,12,0,9,15,3,0,84,15,-14,15,-81,15,-35,15,34,0,-71,15,-106,0,-112,15,-17,0,104,15,25,1,81,15,12,1,85,15,-41,0,119,15,0,0,0,0,64,0,-15,15,-12,15,76,0,-79,15,-87,0,-119,15,-23,0,127,15,-1,0,-113,15,-26,0,-87,15,-88,0,-59,15,95,0,-32,15,11,0,-16,15,-77,15,-12,15,86,15,-25,15,17,15,-58,15]"
CSI_DATA,6715,d8:b1:90:d9:de:f0,-43,9,-99,-36,44,104,480261785,101,0,106,0,"[-64,0,-100,15,2,1,-127,15,8,1,98,15,-32,0,90,15,-85,0,113,15,122,0,-93,15,84,0,-12,15,68,0,97,0,83,0,-49,0,-127,0,31,1,-79,0,59,1,-52,0,23,1,-71,0,-47,0,0,0,0,0,50,0,66,0,-57,15,42,0,95,15,52,0,26,15,83,0,6,15,114,0,41,15,118,0,95,15,94,0,-109,15,45,0,-73,15,-16,15,-66,15,-99,15,-88,15,75,15,112,15,24,15,57,15]"
CSI_DATA,6716,d8:b1:90:d9:de:f0,-43,9,-99,-34,44,104,480261925,130,0,106,0,"[-94,0,98,14,-41,0,53,14,-44,0,21,14,-84,0,25,14,110,0,63,14,83,0,-119,14,70,0,-36,14,87,0,61,0,-101,0,-85,0,-33,0,-30,0,20,0,-25,0,42,0,-67,0,-5,0,115,0,0,0,0,0,69,0,40,0,-32,14,59,0,-119,14,104,0,77,14,-78,0,70,14,-39,0,105,14,-53,0,-99,14,-100,0,-76,14,83,0,-70,14,12,0,-99,14,-54,14,90,14,-114,14,19,14,108,14,-16,13]"
CSI_DATA,6717,d8:b1:90:d9:de:f0,-42,9,-99,-36,44,104,480262042,98,0,106,0,"[-108,15,-71,0,91,15,-22,0,75,15,-5,0,92,15,-29,0,118,15,-76,0,-104,15,109,0,-81,15,17,0,-66,15,-97,15,-62,15,41,15,-67,15,-54,14,-78,15,-100,14,-87,15,-83,14,-77,15,-14,14,0,0,0,0,-5,15,-88,15,69,0,3,0,-106,0,81,0,-41,0,-124,0,-19,0,-112,0,-44,0,-123,0,-106,0,108,0,83,0,85,0,2,0,74,0,-86,15,80,0,84,15,107,0,26,15,-110,0,33,15]"
CSI_DATA,6718,d8:b1:90:d9:de:f0,-41,11,-99,-34,42,104,480504056,100,0,114,0,"[11,-32,14,-33,16,-34,19,-34,20,-34,20,-33,20,-32,19,-29,16,-29,16,-28,15,-27,15,-28,15,-27,15,-29,14,-30,14,-32,14,-33,14,-34,14,-35,13,-36,13,-38,11,-39,11,-38,10,-38,9,-35,9,-35,9,-34,8,-34,0,0,7,-34,7,-33,7,-34,7,-34,5,-35,5,-36,4,-35,4,-36,3,-34,2,-33,1,-32,1,-32,0,-29,-1,-28,-1,-27,-1,-26,-2,-24,-2,-24,-2,-26,-3,-27,-4,-28,-4,-28,-4,-30,-3,-29,-3,-29,-2,-29,-1,-28,0,-26]"
CSI_DATA,6719,d8:b1:90:d9:de:f0,-43,11,-99,-35,44,104,480679119,277,0,106,0,"[115,0,-79,0,-98,0,-4,0,-72,0,6,0,-76,0,-20,0,-100,0,-67,0,98,0,-118,0,25,0,80,0,-81,14,44,0,52,14,22,0,-44,13,25,0,-93,13,46,0,-80,13,74,0,-10,13,83,0,0,0,0,0,-79,14,27,0,6,0,-46,14,81,0,113,14,116,0,36,14,115,0,-2,13,86,0,10,14,65,0,67,14,45,0,-110,14,45,0,-29,14,70,0,54,0,122,0,-115,0,-56,0,-76,0,-8,0]"
CSI_DATA,6720,d8:b1:90:d9:de:f0,-42,9,-99,-37,44,104,480679582,212,0,106,0,"[-50,0,-26,15,38,1,-5,15,67,1,1,0,43,1,1,0,-21,0,11,0,-96,0,28,0,65,0,51,0,-48,15,83,0,86,15,124,0,-7,14,-98,0,-52,14,-77,0,-46,14,-82,0,8,15,-117,0,0,0,0,0,-74,15,32,0,17,0,-50,15,98,0,125,15,-111,0,54,15,-89,0,26,15,-97,0,49,15,128,0,104,15,91,0,-85,15,54,0,-4,15,26,0,93,0,11,0,-67,0,19,0,13,1,56,0]"
CSI_DATA,6721,d8:b1:90:d9:de:f0,-43,9,-99,-39,45,104,480679723,212,0,106,0,"[-62,0,-78,14,21,0,-76,14,50,0,-82,14,28,0,-67,14,-22,0,-49,14,-90,0,-19,14,79,0,27,0,-16,14,91,0,-114,14,-85,0,53,14,-29,0,19,14,5,0,24,14,0,0,67,14,-40,0,0,0,0,0,-60,14,56,0,-9,14,-48,14,40,0,95,14,68,0,16,14,77,0,-15,13,68,0,3,14,56,0,65,14,53,0,-113,14,49,0,-25,14,60,0,68,0,85,0,-91,0,-124,0,-24,0,-83,0]"
CSI_DATA,6722,d8:b1:90:d9:de:f0,-42,9,-99,-38,44,104,480679864,212,0,106,0,"[-96,0,-122,15,-14,0,118,15,12,1,109,15,-10,0,121,15,-54,0,-119,15,-116,0,-61,15,85,0,8,0,6,0,100,0,-74,15,-69,0,-128,15,15,1,117,15,66,1,129,15,58,1,-113,15,1,1,0,0,0,0,-39,15,75,0,-18,15,-49,15,-14,15,102,15,-22,15,12,15,-24,15,-22,14,-24,15,2,15,-14,15,66,15,1,0,-128,15,33,0,-39,15,83,0,42,0,-118,0,118,0,-55,0,-101,0,-11,0]"
CSI_DATA,6723,d8:b1:90:d9:de:f0,-42,9,-99,-38,44,104,480679996,212,0,106,0,"[-70,15,58,15,-84,15,-19,14,-116,15,-45,14,-127,15,-14,14,-116,15,42,15,-79,15,106,15,-6,15,-108,15,95,0,-68,15,-51,0,-49,15,45,1,-59,15,93,1,-94,15,75,1,-122,15,7,1,-123,15,0,0,0,0,92,0,-44,15,29,0,63,0,-7,15,-102,0,-7,15,-6,0,12,0,26,1,29,0,6,1,33,0,-60,0,15,0,-130,0,-28,15,68,0,-101,15,18,0,76,15,-7,15,-3,14,13,0,-22,14]"
CSI_DATA,6724,d8:b1:90:d9:de:f0,-43,9,-99,-36,44,104,480680145,212,0,106,0,"[98,0,69,15,-93,0,11,15,-75,0,-11,14,-89,0,9,15,-114,0,62,15,113,0,-126,15,84,0,-34,15,62,0,76,0,50,0,-57,0,45,0,47,1,57,0,92,1,59,0,85,1,50,0,21,1,0,0,0,0,5,0,89,0,-52,15,-16,15,-113,15,-112,15,83,15,82,15,57,15,57,15,74,15,71,15,122,15,113,15,-74,15,-104,15,2,0,-67,15,89,0,-37,15,-72,0,-24,15,5,1,-44,15,18,1]"
CSI_DATA,6725,d8:b1:90:d9:de:f0,-42,9,-99,-39,44,104,480680304,212,0,106,0,"[46,16,2,0,-35,15,-26,16,-68,15,-29,16,-44,15,-27,16,17,16,-29,16,99,16,-35,16,-81,16,-62,16,33,0,-105,16,-119,0,115,16,-26,0,61,16,16,1,23,16,3,1,23,16,-54,0,67,16,0,0,0,0,75,0,-59,16,19,0,57,0,-23,16,-104,0,-46,16,-11,0,-52,16,26,1,-47,16,3,1,-38,16,-63,0,-40,16,130,0,-53,16,37,0,-89,16,-52,16,129,16,138,16,65,16,86,16,17,16]"
CSI_DATA,6726,d8:b1:90:d9:de:f0,-43,9,-99,-36,44,104,480680481,212,0,106,0,"[-87,0,-128,15,-8,0,102,15,13,1,84,15,-16,0,94,15,-56,0,124,15,-105,0,-77,15,96,0,-3,15,38,0,96,0,-14,15,-46,0,-43,15,43,1,-38,15,96,1,-28,15,86,1,-20,15,31,1,0,0,0,0,-16,15,88,0,-46,15,-25,15,-96,15,-127,15,111,15,57,15,89,15,31,15,100,15,48,15,-122,15,95,15,-62,15,-109,15,3,0,-65,15,87,0,-33,15,-69,0,-23,15,3,1,-31,15,26,1]"
CSI_DATA,6727,d8:b1:90:d9:de:f0,-43,9,-99,-36,44,104,480680667,212,0,106,0,"[-102,15,79,15,122,15,0,15,98,15,-16,14,98,15,11,15,121,15,63,15,-86,15,119,15,-13,15,-71,15,89,0,-14,15,-49,0,28,0,49,1,44,0,98,1,33,0,88,1,2,0,28,1,-16,15,0,0,0,0,76,0,-15,15,-34,15,29,0,123,15,90,0,64,15,-102,0,52,15,-66,0,76,15,-69,0,125,15,-109,0,-85,15,85,0,-50,15,5,0,-31,15,-86,15,-41,15,72,15,-78,15,1,15,120,15]"
CSI_DATA,6728,d8:b1:90:d9:de:f0,-43,9,-99,-36,44,104,480681156,98,0,106,0,"[107,0,77,15,-95,0,17,15,-87,0,-14,14,-114,0,-1,14,111,0,44,15,88,0,112,15,75,0,-52,15,89,0,58,0,115,0,-86,0,-97,0,4,1,-56,0,40,1,-40,0,16,1,-65,0,-41,0,0,0,0,0,59,0,68,0,-49,15,21,0,95,15,-2,15,9,15,1,0,-28,14,19,0,-3,14,29,0,60,15,26,0,-128,15,9,0,-56,15,-33,15,7,0,-98,15,47,0,77,15,50,0,-3,14,9,0]"
CSI_DATA,6729,d8:b1:90:d9:de:f0,-42,9,-99,-38,44,104,480758700,125,0,106,0,"[-129,0,-81,0,-104,0,-9,0,-79,0,4,1,-86,0,-23,0,-115,0,-74,0,108,0,-123,0,25,0,104,0,-80,15,74,0,65,15,67,0,-38,14,77,0,-85,14,103,0,-73,14,-135,0,-1,14,124,0,0,0,0,0,-101,15,41,0,-37,15,-66,15,5,0,101,15,13,0,13,15,0,0,-22,14,-19,15,4,15,-20,15,67,15,-3,15,-131,15,36,0,-51,15,102,0,7,0,-80,0,51,0,-2,0,44,0,26,1]"
CSI_DATA,6730,d8:b1:90:d9:de:f0,-43,9,-99,-35,44,104,480759445,145,0,106,0,"[-82,0,-105,0,-34,0,-61,0,0,0,-60,0,-9,0,-99,0,-43,0,109,0,-105,0,79,0,62,0,69,0,-40,14,96,0,113,14,-100,0,45,14,-34,0,36,14,25,0,71,14,44,0,-120,14,7,0,0,0,0,0,-43,14,88,0,-64,14,-20,14,-113,14,-112,14,69,14,83,14,28,14,84,14,36,14,119,14,82,14,-84,14,-102,14,-55,14,-25,14,-52,14,49,0,-80,14,116,0,105,14,-113,0,29,14,88,0]"
CSI_DATA,6731,d8:b1:90:d9:de:f0,-42,11,-99,-38,44,104,481096916,277,0,106,0,"[95,15,115,0,25,15,-115,0,14,15,-82,0,56,15,-79,0,104,15,-110,0,-126,15,101,0,-100,15,13,0,-104,15,-94,15,131,15,65,15,69,15,-7,14,19,15,-14,14,-7,14,27,15,38,15,100,15,0,0,0,0,-67,15,-47,15,56,0,-38,15,-112,0,-64,15,-43,0,-106,15,-27,0,131,15,-60,0,-133,15,-110,0,-97,15,123,0,-36,15,103,0,31,0,113,0,111,0,-119,0,-84,0,-54,0,-56,0,-11,0]"
CSI_DATA,6732,d8:b1:90:d9:de:f0,-43,9,-99,-35,44,104,481097370,130,0,106,0,"[-57,0,-21,14,11,0,-32,14,26,0,-62,14,0,0,-83,14,-54,0,-83,14,-108,0,-46,14,92,0,16,0,65,0,114,0,72,0,-35,0,109,0,46,0,-88,0,67,0,-60,0,19,0,-69,0,-51,0,0,0,0,0,53,0,49,0,-49,14,27,0,93,14,41,0,29,14,73,0,16,14,105,0,47,14,110,0,95,14,80,0,-112,14,42,0,-96,14,-28,14,-112,14,-93,14,93,14,95,14,33,14,73,14,-7,13]"
CSI_DATA,6733,d8:b1:90:d9:de:f0,-42,9,-99,-38,44,104,481097478,242,0,106,0,"[-83,0,99,0,-32,0,-115,0,-9,0,-100,0,-28,0,-117,0,-78,0,124,0,115,0,109,0,25,0,97,0,-92,15,105,0,56,15,130,0,-29,14,-105,0,-59,14,-81,0,-32,14,-74,0,33,15,-111,0,0,0,0,0,-73,15,36,0,-8,15,-66,15,38,0,104,15,62,0,27,15,68,0,3,15,66,0,32,15,67,0,97,15,78,0,-103,15,104,0,-25,15,-120,0,46,0,-60,0,106,0,-1,0,-132,0,22,1]"
CSI_DATA,6734,d8:b1:90:d9:de:f0,-43,9,-99,-35,44,104,481097622,262,0,106,0,"[97,0,81,14,-98,0,32,14,-87,0,11,14,-106,0,26,14,114,0,72,14,97,0,-110,14,91,0,-23,14,100,0,81,0,121,0,-54,0,-90,0,20,0,-60,0,44,0,-57,0,21,0,-85,0,-36,0,0,0,0,0,35,0,61,0,-56,14,11,0,94,14,-27,14,25,14,-38,14,0,14,-38,14,21,14,-38,14,78,14,-43,14,-101,14,-61,14,-36,14,-94,14,20,0,102,14,70,0,38,14,84,0,-18,13,51,0]"
CSI_DATA,6735,d8:b1:90:d9:de:f0,-42,9,-99,-35,43,104,481306269,98,0,106,0,"[-111,16,61,16,-136,16,-25,15,114,16,-43,15,106,16,-10,15,133,16,41,16,-98,16,99,16,-25,16,-117,16,83,0,-68,16,-71,0,-40,16,37,1,-39,16,87,1,-53,16,74,1,-75,16,0,1,-66,16,0,0,0,0,93,0,-3,16,13,0,88,0,-53,16,-88,0,-82,16,-8,0,-83,16,22,1,-66,16,-2,0,-56,16,-64,0,-51,16,-136,0,-66,16,56,0,-111,16,-21,16,106,16,-92,16,34,16,-126,16,-3,15]"
CSI_DATA,6736,d8:b1:90:d9:de:f0,-45,11,-99,-38,47,104,481503972,100,0,228,0,"[-9,-1,-11,0,-14,1,-17,2,-19,3,-20,3,-20,3,92,55,-17,2,-15,2,-13,2,-11,2,-8,2,-5,2,-2,3,0,5,5,5,8,6,11,8,14,8,17,10,26,-44,19,11,18,11,17,11,16,10,14,8,11,7,0,0,7,3,5,0,2,-2,0,-5,0,-8,-1,-11,-7,11,-3,-15,-3,-16,-3,-16,-3,-15,-3,-14,-3,-12,-3,-10,-2,-7,-2,-5,-3,-2,-3,0,-5,3,-5,5,-71,11,-8,11,-9,12,-11,14,-12,14,-13,13,-13,11,-12,8,-6,-14,-17,-8,-20,5,-10,18,5,19,14,8,14,-3,-14,-7,-5,-7,-6,0,-1,6,6,4,8,-3,2,-11,-8,-11,-16,-2,-14,11,-1,19,13,14,19,1,12,-11,18,-4,-8,-8,-8,1,-1,5,4,1,2,-5,-4,-7,0,0,-11,9,0,17,12,14,20,2,17,-13,2,-20,-14,-30,-18,-2,-12,9,-1,12,5,7,5,0,0,-2,-2,0,0,4,5,4,8,0,6,-8,-1,-12,-10,-8,-20,9,-9,10,0,13,8,8,9,0,5,-5,-1,-5,-3,0]"
CSI_DATA,6737,d8:b1:90:d9:de:f0,-42,11,-99,-38,44,104,481514714,277,0,106,0,"[67,15,128,15,15,15,76,15,-9,14,80,15,13,15,113,15,68,15,-123,15,-128,15,-83,15,-30,15,-68,15,86,0,-80,15,-63,0,-116,15,16,1,106,15,50,1,70,15,22,1,55,15,-54,0,92,15,0,0,0,0,79,0,-31,15,52,0,77,0,45,0,-86,0,51,0,-12,0,69,0,9,1,69,0,-32,0,49,0,-99,0,11,0,100,0,-46,15,37,0,-130,15,-7,15,48,15,-30,15,-24,14,-4,15,-36,14]"
CSI_DATA,6738,d8:b1:90:d9:de:f0,-42,9,-99,-37,44,104,481515204,108,0,106,0,"[33,15,-27,15,-40,14,-54,15,-60,14,-49,15,-27,14,-40,15,40,15,-34,15,125,15,-27,15,-33,15,-38,15,89,0,-62,15,-47,0,-99,15,43,1,128,15,73,1,110,15,45,1,108,15,-18,0,-125,15,0,0,0,0,62,0,-7,15,-16,15,82,0,-84,15,-92,0,-117,15,-27,0,-124,15,-11,0,-109,15,-43,0,-81,15,-109,0,-55,15,69,0,-32,15,-21,15,-28,15,-118,15,-43,15,47,15,-84,15,-16,14,-125,15]"
CSI_DATA,6739,d8:b1:90:d9:de:f0,-42,9,-99,-39,44,104,481724057,224,0,106,0,"[45,0,-30,0,64,0,35,1,92,0,49,1,115,0,13,1,107,0,-56,0,64,0,-118,0,-5,16,101,0,-114,16,62,0,47,16,61,0,-43,15,94,0,-73,15,133,0,-35,15,-116,0,38,16,-136,0,0,0,0,0,-86,16,22,0,-69,16,-86,16,-87,16,93,16,-114,16,30,16,-138,16,31,16,-133,16,75,16,-91,16,138,16,-37,16,-89,16,40,0,-57,16,129,0,-65,16,-75,0,-99,16,-31,0,122,16,-67,0]"
CSI_DATA,6740,d8:b1:90:d9:de:f0,-42,9,-99,-37,44,104,481932965,130,0,106,0,"[118,15,61,15,99,15,17,15,80,15,9,15,82,15,39,15,102,15,76,15,-117,15,115,15,-51,15,129,15,37,0,125,15,127,0,91,15,-64,0,44,15,-42,0,-10,14,-67,0,-29,14,-120,0,0,15,0,0,0,0,72,0,-115,15,98,0,-15,15,-114,0,68,0,-46,0,113,0,-2,0,119,0,-12,0,88,0,-57,0,57,0,-127,0,46,0,72,0,57,0,13,0,108,0,-21,15,-80,0,-15,15,-8,0,38,0]"
CSI_DATA,6741,d8:b1:90:d9:de:f0,-42,9,-99,-36,43,104,481933073,113,0,106,0,"[-33,0,-79,16,20,1,-78,16,32,1,-90,16,7,1,-104,16,-39,0,-95,16,-85,0,-63,16,-130,0,-7,16,134,0,83,0,138,0,-92,0,-113,0,-8,0,-76,0,31,1,-51,0,4,1,-67,0,-56,0,0,0,0,0,103,0,107,0,-11,16,105,0,-109,16,-140,0,111,16,-89,0,102,16,-50,0,127,16,-48,0,-116,16,-86,0,-93,16,140,0,-85,16,67,0,-118,16,-6,16,100,16,-67,16,20,16,-78,16,-17,15]"
CSI_DATA,6742,d8:b1:90:d9:de:f0,-41,11,-99,-37,43,104,482141410,277,0,106,0,"[5,17,117,0,-40,16,-118,0,-17,16,-86,0,48,17,-105,0,123,17,145,0,-113,17,68,0,-65,17,-28,17,-36,17,-147,17,-32,17,31,17,-49,17,-43,16,-85,17,-55,16,-95,17,6,17,-70,17,109,17,0,0,0,0,60,0,32,0,-127,0,105,0,-19,0,146,0,50,1,140,0,53,1,115,0,-8,0,78,0,-103,0,55,0,86,0,57,0,-8,17,78,0,-86,17,128,0,-145,17,-101,0,140,17,-43,0,-102,17]"
CSI_DATA,6743,d8:b1:90:d9:de:f0,-40,9,-99,-36,42,104,482141882,124,0,106,0,"[-10,17,21,0,-81,17,32,0,-78,17,44,0,-8,17,31,0,78,18,17,0,-138,18,-17,18,-26,18,-67,18,95,0,-137,18,-114,0,120,18,-45,0,78,18,-37,0,69,18,-81,0,96,18,158,0,-143,18,0,0,0,0,-17,18,62,0,-90,18,-128,0,-138,18,-21,0,-159,18,46,1,-159,18,36,1,-134,18,-36,0,-105,18,-142,0,-86,18,70,0,-71,18,-35,18,-78,18,-146,18,-98,18,79,18,-122,18,30,18,-149,18]"
CSI_DATA,6744,d8:b1:90:d9:de:f0,-41,9,-99,-38,43,104,482173720,120,0,106,0,"[85,17,-105,0,38,17,-30,0,57,17,-4,0,109,17,-35,0,150,17,-92,0,-105,17,118,0,-84,17,14,0,-82,17,-116,17,-95,17,68,17,-131,17,-7,16,146,17,-16,16,136,17,42,17,-131,17,-150,17,0,0,0,0,15,0,66,0,136,0,-150,0,-53,0,-108,0,28,1,-97,0,34,1,-131,0,-24,0,128,0,-123,0,91,0,80,0,76,0,-15,17,77,0,-105,17,109,0,125,17,-148,0,105,17,-99,0,148,17]"
CSI_DATA,6745,d8:b1:90:d9:de:f0,-42,9,-99,-36,43,104,482173878,120,0,106,0,"[-24,0,-98,16,51,1,-118,16,58,1,-117,16,12,1,-88,16,-49,0,-47,16,-136,0,-5,16,59,0,51,0,-48,16,121,0,133,16,-109,0,63,16,-70,0,44,16,-59,0,79,16,-84,0,-123,16,-143,0,0,0,0,0,61,0,-10,16,-123,0,-103,16,-51,0,107,16,-5,0,65,16,-7,0,67,16,-56,0,118,16,-122,0,-94,16,103,0,-11,16,41,0,61,0,-14,16,141,0,-59,16,-70,0,-63,16,-30,0,-44,16]"
CSI_DATA,6746,d8:b1:90:d9:de:f0,-42,9,-99,-39,44,104,482176958,101,0,106,0,"[52,0,-13,0,65,0,67,1,61,0,77,1,38,0,28,1,11,0,-49,0,-17,16,137,0,-46,16,29,0,-71,16,-91,16,-87,16,70,16,-97,16,-15,15,-94,16,-37,15,-87,16,9,16,-69,16,105,16,0,0,0,0,-53,16,64,0,-41,16,-93,0,-37,16,19,1,-35,16,76,1,-39,16,67,1,-45,16,-6,0,-49,16,-107,0,-47,16,71,0,-44,16,-31,16,-45,16,-126,16,-44,16,70,16,-61,16,19,16,-71,16]"
CSI_DATA,6747,d8:b1:90:d9:de:f0,-44,9,-99,-37,45,104,482350763,98,0,106,0,"[-97,0,96,0,-43,0,-93,0,-40,0,-78,0,-81,0,-86,0,91,0,-115,0,29,0,67,0,-35,13,-6,13,-94,13,-106,13,101,13,22,13,87,13,-66,12,102,13,-101,12,-105,13,-78,12,-85,13,-15,12,0,0,0,0,-88,13,-73,13,-105,13,16,0,96,13,97,0,71,13,-96,0,68,13,-96,0,92,13,101,0,-96,13,47,0,-40,13,-2,13,28,0,-49,13,103,0,-87,13,-57,0,113,13,-10,0,80,13,-11,0]"
CSI_DATA,6748,d8:b1:90:d9:de:f0,-43,9,-99,-39,45,104,482350904,113,0,106,0,"[-71,0,53,0,-2,0,80,0,6,0,91,0,-37,0,93,0,-113,0,81,0,55,0,52,0,-40,14,0,0,110,14,-78,14,28,14,84,14,-19,13,0,14,-21,13,-22,13,6,14,-10,13,58,14,34,14,0,0,0,0,-115,14,-33,14,-100,14,68,0,-94,14,-89,0,-87,14,-38,0,-93,14,-40,0,-88,14,-86,0,-65,14,92,0,-35,14,13,0,7,0,-58,14,60,0,110,14,109,0,37,14,-106,0,-11,13,-122,0]"
CSI_DATA,6749,d8:b1:90:d9:de:f0,-39,11,-99,-35,41,104,482503979,100,0,114,0,"[12,35,12,39,12,42,10,43,8,43,6,43,6,41,6,41,8,38,9,37,9,37,10,35,12,34,13,34,15,35,16,37,19,38,17,39,20,41,23,39,23,39,24,39,26,38,26,38,26,35,26,34,26,32,27,31,0,0,28,30,26,30,27,31,30,30,30,30,31,30,32,28,32,27,32,26,34,23,32,21,30,19,30,17,30,15,27,15,27,15,27,12,27,10,30,10,30,10,31,9,32,10,35,9,35,9,35,9,34,9,31,12,28,10]"
CSI_DATA,6750,d8:b1:90:d9:de:f0,-46,11,-99,-34,47,104,482768106,277,0,106,0,"[-28,10,-47,10,65,0,-74,10,-37,0,68,10,-11,0,61,10,-12,0,71,10,-38,0,84,10,82,0,-78,10,6,0,-75,10,74,10,-73,10,-29,9,-76,10,66,9,-74,10,37,9,-84,10,50,9,81,10,0,0,0,0,-19,9,-56,10,60,10,-40,10,-24,10,-12,10,62,0,12,0,-54,0,32,0,-27,0,46,0,-35,0,39,0,-60,0,23,0,80,0,-6,10,44,0,-52,10,4,0,68,10,-37,10,19,10,-80,10]"
CSI_DATA,6751,d8:b1:90:d9:de:f0,-46,9,-99,-36,47,104,482768551,130,0,106,0,"[-24,10,-31,10,74,0,-59,10,-34,0,-76,10,0,0,-75,10,0,0,-61,10,-23,0,-49,10,-72,0,-55,10,44,0,-83,10,-34,10,46,10,76,10,-18,9,33,10,-75,9,29,10,71,9,60,10,77,9,0,0,0,0,-58,10,-2,9,-29,10,65,10,-14,10,-23,10,-4,10,63,0,-12,10,-55,0,-21,10,-31,0,-24,10,-42,0,-12,10,-67,0,13,0,85,0,55,0,59,0,-69,0,34,0,-12,0,12,0,15,0]"
CSI_DATA,6752,d8:b1:90:d9:de:f0,-46,9,-99,-35,47,104,482768668,120,0,106,0,"[-23,10,50,0,79,10,-22,10,33,10,-82,10,22,10,57,10,39,10,48,10,61,10,62,10,85,10,-70,10,-74,10,-2,10,-72,10,-83,0,85,10,14,0,57,10,76,0,29,10,-74,0,11,10,78,0,0,0,0,0,49,10,-33,0,84,10,79,0,-24,10,13,0,46,0,-38,10,-74,0,-67,10,-47,0,-71,10,-49,0,-58,10,-77,0,-48,10,61,0,-49,10,12,0,-66,10,-38,10,80,10,83,10,51,10,48,10]"
CSI_DATA,6753,d8:b1:90:d9:de:f0,-46,9,-99,-34,47,104,482788049,108,0,106,0,"[67,0,40,0,-8,10,-64,0,-61,10,-12,0,83,10,6,0,78,10,8,0,-83,10,-17,0,-48,10,-49,0,5,0,74,0,84,0,6,0,-4,0,-54,10,63,0,61,10,-65,0,34,10,-70,0,44,10,0,0,0,0,7,0,82,10,-43,0,-40,10,48,0,4,0,-29,10,57,0,76,10,-75,0,42,10,-64,0,44,10,-68,0,69,10,-77,0,-66,10,78,0,-14,10,70,0,48,0,57,0,-50,0,36,0,-1,0]"
CSI_DATA,6754,d8:b1:90:d9:de:f0,-48,9,-99,-38,50,104,482977504,124,0,106,0,"[4,7,-52,0,-4,7,40,0,-16,7,3,0,-20,7,-17,7,-15,7,-20,7,-3,7,-4,7,20,7,14,0,61,7,41,0,-10,7,-63,0,65,0,-43,0,-4,0,-37,0,42,0,-47,0,50,0,66,0,0,0,0,0,32,0,40,0,-9,0,46,0,-48,0,66,0,47,0,-47,0,20,0,-31,0,7,0,-27,0,7,0,-37,0,15,0,-55,0,26,0,58,0,38,0,29,0,53,0,-6,7,57,0,-45,7,49,0]"
CSI_DATA,6755,d8:b1:90:d9:de:f0,-47,11,-99,-34,48,104,483394802,277,0,106,0,"[-4,8,-65,8,15,8,72,8,38,8,54,8,55,8,38,8,63,8,29,8,58,8,36,8,53,8,52,8,54,8,-68,8,73,8,-14,8,-45,8,50,0,5,0,-44,0,61,0,-5,0,-55,0,8,0,0,0,0,0,-23,0,1,0,-29,0,2,0,-58,0,2,0,55,0,7,0,20,0,11,0,-8,8,7,0,-23,8,-2,0,-25,8,-15,0,-17,8,-30,0,-8,8,-45,0,5,0,-72,0,23,0,39,0,32,0]"
CSI_DATA,6756,d8:b1:90:d9:de:f0,-47,9,-99,-38,49,104,483395247,98,0,106,0,"[5,8,-66,8,32,8,64,8,61,8,41,8,-63,8,21,8,-51,8,13,8,-48,8,11,8,-54,8,24,8,-65,8,48,8,75,8,-55,8,63,8,12,0,61,8,-68,0,66,8,-11,0,70,8,19,0,0,0,0,0,74,8,26,0,65,8,14,0,44,8,-19,0,22,8,-61,0,2,8,43,0,0,8,7,0,7,8,-16,8,16,8,-24,8,31,8,-24,8,50,8,-17,8,72,8,0,0,-50,8,25,0,-7,8]"
CSI_DATA,6757,d8:b1:90:d9:de:f0,-47,9,-99,-35,49,104,483395406,130,0,106,0,"[20,0,14,0,-6,8,3,0,-41,8,-11,0,-67,8,-19,0,58,8,-28,0,54,8,-29,0,65,8,-30,0,-49,8,-38,0,-2,8,-51,0,59,0,60,0,-26,0,25,0,14,0,-9,8,29,0,-33,8,0,0,0,0,43,0,-52,8,34,0,-30,8,26,0,1,0,6,0,43,0,-13,0,-60,0,-38,0,-35,0,-60,0,-28,0,65,0,-32,0,57,0,-40,0,52,0,-56,0,50,0,55,0,45,0,20,0,36,0]"
CSI_DATA,6758,d8:b1:90:d9:de:f0,-47,9,-99,-32,47,104,483418871,281,0,106,0,"[15,0,-16,8,41,0,1,9,72,0,15,9,-64,0,30,9,-53,0,36,9,-53,0,41,9,-64,0,39,9,63,0,42,9,8,0,58,9,-56,9,-73,9,40,9,-33,9,-5,8,10,0,-25,8,37,0,0,0,0,0,-23,8,58,0,-20,8,42,0,-8,8,4,0,1,9,-45,9,17,9,73,9,34,9,47,9,51,9,41,9,61,9,52,9,73,9,65,9,78,9,-73,9,-71,9,-44,9,-54,9,-2,9,-30,9]"
CSI_DATA,6759,d8:b1:90:d9:de:f0,-49,11,-99,-37,51,104,483504067,100,0,228,0,"[-4,-10,-4,-10,-4,-11,-5,-10,-5,-9,-5,-8,-5,-7,57,34,-6,-6,-6,-5,-6,-5,-5,-5,-5,-5,-5,-5,-4,-5,-3,-5,-2,-5,0,-5,1,-5,3,-5,5,-5,16,-27,9,-3,11,-2,11,0,12,0,13,0,13,1,0,0,14,1,13,1,13,1,13,1,13,0,12,0,31,0,11,-1,10,-2,9,-3,8,-4,8,-5,7,-5,6,-5,5,-5,5,-5,5,-4,5,-4,5,-3,5,-2,57,0,4,0,4,0,3,1,2,2,1,4,0,5,0,5,-9,-2,-10,4,-6,11,1,14,10,11,15,1,12,-8,-3,-21,-7,-11,-12,-2,-10,6,-2,11,6,8,10,0,6,-7,-1,-9,-8,-5,-9,3,-3,10,5,9,11,2,17,-10,1,-11,-5,-8,-9,-2,-7,4,-3,6,0,6,0,0,5,1,5,0,5,-2,4,-5,0,-7,-5,-7,1,-3,-10,5,-4,11,4,11,11,5,11,-4,4,-10,-4,-9,-9,-3,-8,4,-2,8,4,6,8,0,5,-5,4,-9,-6,-5,-8,1,-4,7,2,8,6,4,6,-1,3,-5]"
CSI_DATA,6760,d8:b1:90:d9:de:f0,-50,11,-99,-38,52,104,483812600,277,0,106,0,"[45,6,26,6,51,6,-11,5,-48,6,-29,5,-42,6,-26,5,-37,6,-5,5,-33,6,22,6,-35,6,-47,6,-37,6,0,0,-43,6,-53,0,-48,6,-2,0,-51,6,22,0,-49,6,20,0,-45,6,-2,0,0,0,0,0,-42,6,37,0,-45,6,-16,6,-52,6,44,6,-49,6,10,6,-43,6,-3,5,-37,6,0,6,-29,6,18,6,-25,6,44,6,-24,6,-38,6,-28,6,-12,6,-32,6,15,0,-37,6,38,0,-37,6]"
CSI_DATA,6761,d8:b1:90:d9:de:f0,-51,9,-99,-36,52,104,483813081,310,0,106,0,"[-13,5,3,0,-44,5,22,0,41,5,29,0,38,5,20,0,49,5,0,0,-36,5,-20,0,-12,5,-50,0,19,0,15,0,-46,0,-24,5,-13,0,41,5,5,0,22,5,5,0,19,5,-10,0,35,5,0,0,0,0,-41,0,-12,5,40,0,35,0,25,0,-24,0,10,0,5,0,-1,5,16,0,-3,5,7,0,-3,5,-13,0,0,0,-36,0,8,0,41,0,17,0,17,0,29,0,-7,5,40,0,-29,5,41,0]"
CSI_DATA,6762,d8:b1:90:d9:de:f0,-50,9,-99,-39,52,104,483813302,290,0,106,0,"[43,6,18,6,39,6,-12,6,33,6,-20,6,27,6,-9,6,33,6,13,6,42,6,47,6,-49,6,-26,6,-16,6,13,0,30,0,52,0,-33,0,-34,0,1,0,-27,0,9,0,-37,0,-5,0,-52,0,0,0,0,0,51,0,46,0,8,0,-49,0,-23,6,-26,0,-45,6,-6,0,-49,6,2,0,-41,6,-3,0,-25,6,-19,0,-10,6,-42,0,5,0,44,0,16,0,16,0,27,0,-13,6,26,0,-42,6,19,0]"
CSI_DATA,6763,d8:b1:90:d9:de:f0,-50,9,-99,-39,52,104,483813489,252,0,106,0,"[-37,0,-26,0,-36,0,7,0,-35,0,22,0,-38,0,13,0,-42,0,-6,0,55,0,-36,0,47,0,35,0,33,0,-14,6,16,0,45,6,-4,6,-1,6,-22,6,-27,6,-27,6,-28,6,-18,6,-6,6,0,0,0,0,16,0,51,6,51,0,-22,6,-27,0,3,0,0,0,23,0,9,0,35,0,1,0,35,0,-17,0,25,0,-41,0,13,0,46,0,-2,6,24,0,-19,6,0,0,-37,6,-20,6,-50,6,-37,6]"
CSI_DATA,6764,d8:b1:90:d9:de:f0,-48,9,-99,-39,50,104,483858824,124,0,106,0,"[13,8,-62,0,-27,7,68,0,-49,7,55,0,-48,7,37,0,-33,7,20,0,-10,7,13,0,16,8,9,0,56,8,13,0,-33,8,19,0,18,0,31,0,55,0,39,0,-69,0,46,0,59,0,43,0,0,0,0,0,0,0,37,0,-55,8,37,0,27,8,38,0,-20,7,38,0,-48,7,38,0,-48,7,33,0,-24,7,35,0,3,8,34,0,30,8,37,0,56,8,40,0,-51,8,43,0,-22,8,43,0,2,0]"
CSI_DATA,6765,d8:b1:90:d9:de:f0,-41,11,-99,-37,43,104,484230397,277,0,106,0,"[1,17,-123,17,-50,16,-112,17,-35,16,-84,17,34,17,-71,17,116,17,-80,17,-94,17,-102,17,-10,17,142,17,71,0,64,17,118,0,-4,16,136,0,-45,16,115,0,-28,16,72,0,41,17,36,0,-137,17,0,0,0,0,32,0,110,0,81,0,-86,0,129,0,-10,0,-132,0,1,1,-144,0,-39,0,101,0,-107,0,23,0,118,0,-58,17,73,0,-142,17,48,0,72,17,58,0,17,17,91,0,16,17,136,0,79,17]"
CSI_DATA,6766,d8:b1:90:d9:de:f0,-42,9,-99,-36,43,104,484230860,101,0,106,0,"[-38,16,12,1,-35,16,65,1,-29,16,42,1,-43,16,-26,0,-62,16,-114,0,-96,16,79,0,-139,16,-17,16,95,16,-114,16,50,16,89,16,29,16,46,16,40,16,61,16,94,16,121,16,-105,16,-87,16,0,0,0,0,89,0,63,0,-94,0,115,0,-21,0,-136,0,3,1,-136,0,-31,0,134,0,-117,0,106,0,62,0,84,0,-34,16,74,0,-124,16,71,0,80,16,86,0,23,16,108,0,15,16,-143,0,76,16]"
CSI_DATA,6767,d8:b1:90:d9:de:f0,-41,9,-99,-36,43,104,484230956,108,0,106,0,"[70,16,62,16,8,16,62,16,4,16,99,16,59,16,-143,16,142,16,-126,16,-65,16,-120,16,24,0,135,16,113,0,78,16,-121,0,14,16,-106,0,-24,15,-141,0,-17,15,95,0,43,16,49,0,-134,16,0,0,0,0,31,0,107,0,85,0,-79,0,142,0,-14,0,-104,0,-10,0,-111,0,-52,0,124,0,-114,0,41,0,109,0,-42,16,85,0,-125,16,78,0,93,16,109,0,48,16,-123,0,67,16,-75,0,-143,16]"
CSI_DATA,6768,d8:b1:90:d9:de:f0,-41,9,-99,-39,43,104,484439768,130,0,106,0,"[-154,0,-24,0,-94,0,-14,0,-80,0,-57,0,-121,0,-117,0,130,0,154,0,48,0,145,0,-33,18,-148,0,-119,18,-94,0,139,18,-35,0,135,18,12,1,-138,18,8,1,-68,18,-55,0,-25,18,144,0,0,0,0,0,-50,18,-107,18,-121,18,102,18,108,18,48,18,41,18,44,18,44,18,95,18,96,18,152,18,-123,18,-124,18,-31,18,-122,18,44,0,-144,18,95,0,107,18,107,0,34,18,61,0,0,18,-11,18]"
CSI_DATA,6769,d8:b1:90:d9:de:f0,-40,9,-99,-37,42,104,484439912,113,0,106,0,"[-111,19,-7,18,-145,19,-40,18,-141,19,-10,18,-101,19,53,19,-32,19,119,19,49,0,-149,19,147,0,-98,19,-72,0,-62,19,16,1,-36,19,62,1,-25,19,37,1,-34,19,-49,0,-44,19,155,0,-25,19,0,0,0,0,-107,19,67,0,108,19,136,0,31,19,-121,0,10,19,-86,0,38,19,-98,0,99,19,156,0,163,19,71,0,-120,19,-38,19,-102,19,-132,19,-104,19,106,19,-132,19,37,19,-164,19,23,19,152,19]"
CSI_DATA,6770,d8:b1:90:d9:de:f0,-40,11,-99,-34,42,104,484503694,100,0,114,0,"[-20,22,-24,22,-27,22,-29,21,-30,19,-32,17,-29,15,-30,14,-29,13,-28,11,-28,10,-28,10,-29,10,-29,10,-30,10,-32,11,-33,11,-34,10,-36,10,-38,10,-38,10,-38,9,-38,9,-38,9,-36,7,-38,7,-36,5,-38,4,0,0,-36,3,-35,2,-38,1,-36,0,-39,0,-38,-1,-38,-1,-38,-1,-36,-2,-35,-3,-35,-3,-33,-3,-32,-4,-32,-4,-29,-4,-29,-4,-28,-4,-29,-4,-29,-5,-29,-7,-30,-8,-30,-9,-30,-10,-30,-13,-30,-14,-28,-16,-24,-16,-22,-17]"
CSI_DATA,6771,d8:b1:90:d9:de:f0,-40,11,-99,-36,42,104,484857093,277,0,106,0,"[-135,0,-86,0,-76,0,-50,0,-41,0,-80,0,-56,0,-139,0,-114,0,130,0,137,0,105,0,40,0,125,0,-47,18,-132,0,-115,18,-33,0,-129,18,67,1,-88,18,103,1,-33,18,74,1,3,0,-7,0,0,0,0,0,-56,18,142,0,-138,18,85,0,84,18,70,0,26,18,90,0,26,18,113,0,69,18,110,0,128,18,74,0,-147,18,21,0,-134,18,-50,18,-157,18,-119,18,114,18,140,18,40,18,134,18,11,18]"
CSI_DATA,6772,d8:b1:90:d9:de:f0,-40,9,-99,-32,41,104,484857583,113,0,106,0,"[-70,0,-133,0,-7,0,-123,0,16,1,-156,0,-10,0,108,0,-74,0,73,0,-146,0,69,0,101,0,113,0,49,0,-120,0,30,0,-8,0,57,0,73,1,109,0,91,1,157,0,55,1,151,0,-26,0,0,0,0,0,20,0,-157,0,-69,18,-146,0,-142,18,-108,0,144,18,-62,0,154,18,-36,0,-132,18,-66,0,-103,18,-130,0,-109,18,125,0,-134,18,71,0,123,18,40,0,45,18,39,0,0,18,86,0,20,18]"
CSI_DATA,6773,d8:b1:90:d9:de:f0,-42,9,-99,-36,43,104,485066491,130,0,106,0,"[99,0,136,16,-107,0,77,16,-81,0,39,16,-103,0,47,16,-140,0,90,16,109,0,-125,16,84,0,-17,16,71,0,114,0,83,0,-26,0,122,0,90,1,-120,0,142,1,-84,0,117,1,-90,0,31,1,0,0,0,0,98,0,99,0,2,0,5,0,-114,16,-67,16,77,16,-99,16,30,16,-98,16,50,16,-78,16,109,16,-62,16,-96,16,-52,16,-12,16,-68,16,80,0,-105,16,-125,0,115,16,-90,0,38,16,-121,0]"
CSI_DATA,6774,d8:b1:90:d9:de:f0,-41,11,-99,-37,42,104,485274891,277,0,106,0,"[-85,0,-130,19,-27,0,126,19,-45,0,76,19,-103,0,89,19,-155,0,136,19,155,0,-115,19,164,0,-22,19,-104,0,72,0,-5,0,142,0,71,1,154,0,107,1,111,0,71,1,49,0,-38,0,3,0,0,0,0,0,45,0,10,0,-68,19,104,0,-125,19,-121,0,-143,19,-34,0,-125,19,-5,0,-98,19,-40,0,-80,19,-108,0,-95,19,161,0,-128,19,106,0,142,19,73,0,73,19,75,0,34,19,111,0,63,19]"
CSI_DATA,6775,d8:b1:90:d9:de:f0,-41,9,-99,-39,43,104,485275390,224,0,106,0,"[-53,0,59,0,33,1,57,0,47,1,29,0,-1,0,9,0,-69,0,18,0,-149,0,57,0,81,0,123,0,12,0,-89,0,-35,18,20,1,-40,18,103,1,-9,18,123,1,29,0,74,1,47,0,-34,0,0,0,0,0,6,0,19,0,-66,18,-101,18,-151,18,123,18,92,18,81,18,66,18,83,18,99,18,113,18,-148,18,144,18,-70,18,-150,18,1,0,-149,18,73,0,138,18,133,0,92,18,-156,0,48,18,117,0]"
CSI_DATA,6776,d8:b1:90:d9:de:f0,-41,9,-99,-37,43,104,485275570,98,0,106,0,"[-128,0,-110,0,-56,0,-70,0,-28,0,-86,0,-55,0,-129,0,-109,0,136,0,101,0,127,0,8,0,140,0,-101,17,-105,0,105,17,-39,0,62,17,23,1,80,17,58,1,140,17,32,1,-91,17,-40,0,0,0,0,0,0,0,17,0,-13,17,-110,17,-43,17,75,17,-90,17,10,17,-112,17,1,17,-100,17,38,17,-65,17,91,17,-6,17,137,17,58,0,-128,17,124,0,-125,17,-99,0,-146,17,-68,0,117,17,-95,0]"
CSI_DATA,6777,d8:b1:90:d9:de:f0,-38,9,-99,-38,40,104,485322715,98,0,106,0,"[-109,0,109,0,-11,0,137,0,-5,0,130,0,-75,0,115,0,-182,0,124,0,115,0,154,0,-25,25,-214,0,-181,25,-125,0,124,25,-25,0,47,25,67,1,52,25,90,1,124,25,48,1,-199,25,-77,0,0,0,0,0,-33,25,63,0,23,0,-119,25,25,0,152,25,30,0,62,25,38,0,48,25,55,0,115,25,94,0,-201,25,146,0,-102,25,-213,0,-16,25,-110,0,53,0,-13,0,105,0,58,1,94,0,41,1]"
CSI_DATA,6778,d8:b1:90:d9:de:f0,-42,9,-99,-36,43,104,485484243,120,0,106,0,"[37,16,53,0,-28,15,79,0,-35,15,102,0,-2,15,99,0,37,16,78,0,69,16,33,0,100,16,-31,16,106,16,-117,16,94,16,83,16,75,16,29,16,59,16,21,16,63,16,62,16,112,16,130,16,0,0,0,0,-8,16,-37,16,104,0,-20,16,-80,0,-25,16,-11,0,-51,16,10,1,-74,16,-24,0,-68,16,-71,0,-39,16,-112,0,5,0,-134,0,58,0,-126,0,118,0,-100,0,-116,0,-62,0,-103,0,-48,0]"
CSI_DATA,6779,d8:b1:90:d9:de:f0,-42,9,-99,-39,44,104,485484365,120,0,106,0,"[42,0,33,16,28,0,-37,15,1,0,-51,15,-15,16,-19,15,-7,16,30,16,17,0,86,16,79,0,135,16,-126,0,-121,16,-35,0,-113,16,22,1,-122,16,37,1,130,16,-5,0,121,16,-88,0,-133,16,0,0,0,0,22,0,-5,16,-20,16,106,0,-31,16,-71,0,-14,16,6,1,9,0,23,1,15,0,-13,0,6,0,-71,0,-28,16,-123,0,-77,16,118,0,136,16,113,0,79,16,-136,0,63,16,-99,0,99,16]"
CSI_DATA,6780,d8:b1:90:d9:de:f0,-46,11,-99,-37,47,104,485503640,100,0,228,0,"[5,-8,6,-10,7,-13,8,-15,9,-16,10,-16,10,-16,90,53,10,-14,10,-13,8,-13,7,-12,6,-11,4,-11,2,-10,0,-11,-2,-12,-4,-12,-6,-13,-8,-14,-9,-15,25,-42,-10,-16,-9,-16,-8,-15,-6,-13,-5,-12,-4,-9,0,0,-2,-3,-2,-1,-3,2,-4,5,-5,8,-6,10,-73,10,-9,14,-10,14,-10,14,-10,13,-9,13,-8,11,-7,10,-5,9,-4,9,-2,9,0,9,0,10,1,10,20,0,4,13,4,14,3,15,3,16,1,15,0,13,0,10,11,6,14,-3,9,-13,-2,-16,-11,-8,-12,2,-5,9,13,-8,6,1,3,-5,-2,-6,-8,0,-6,8,2,12,12,8,16,-2,10,-16,-3,-19,-17,-12,-21,3,-11,16,-5,2,14,8,14,-5,4,-12,-7,-9,-12,0,-7,10,0,0,13,6,15,-6,5,-16,-7,-16,-16,-8,-16,5,-16,27,4,14,9,6,8,-1,3,-5,0,-3,0,1,2,2,5,-2,2,-7,-2,-9,-9,-5,-11,2,-7,11,5,26,11,9,13,-2,8,-10,-2,-12,-10,-6,-10,2,-4,8]"
CSI_DATA,6781,d8:b1:90:d9:de:f0,-40,11,-99,-36,41,104,485692688,277,0,106,0,"[14,0,146,21,16,0,22,21,-4,21,-26,19,-8,21,1,21,12,0,77,21,46,0,162,21,125,0,-98,21,-137,0,9,0,-12,0,110,0,84,1,172,0,127,1,-177,0,105,1,146,0,12,1,87,0,0,0,0,0,81,0,-16,21,-86,21,-31,21,114,21,-28,21,8,21,-8,21,-31,19,12,0,9,21,12,0,97,21,-9,21,-166,21,-56,21,-73,21,-118,21,14,0,149,21,80,0,49,21,77,0,-36,19,42,0]"
CSI_DATA,6782,d8:b1:90:d9:de:f0,-40,9,-99,-40,42,104,485693133,108,0,106,0,"[-158,0,-62,21,-49,0,-137,21,-26,0,165,21,-70,0,166,21,-132,0,-156,21,172,0,-73,21,131,0,40,0,105,0,-165,0,107,0,-8,0,144,0,104,1,-166,0,132,1,-131,0,73,1,-138,0,-43,0,0,0,0,0,97,0,21,0,-15,21,-115,21,-158,21,151,21,91,21,108,21,45,21,125,21,77,21,163,21,156,21,-149,21,-100,21,-122,21,12,0,-121,21,128,0,-156,21,-134,0,138,21,-81,0,55,21,-125,0]"
CSI_DATA,6783,d8:b1:90:d9:de:f0,-41,9,-99,-37,43,104,485902068,130,0,106,0,"[-133,17,-146,0,77,17,-92,0,55,17,-54,0,75,17,-57,0,108,17,-95,0,143,17,138,0,-139,17,42,0,144,17,-78,17,108,17,86,17,56,17,-2,16,10,17,-38,16,-10,16,-2,16,21,17,71,17,0,0,0,0,-95,17,-47,17,38,0,-10,17,-121,0,0,0,-20,0,-20,17,15,1,-55,17,-11,0,-65,17,-76,0,-51,17,-144,0,-13,17,86,0,51,0,47,0,137,0,38,0,-51,0,69,0,19,1,131,0]"
CSI_DATA,6784,d8:b1:90:d9:de:f0,-41,9,-99,-36,42,104,486110921,130,0,106,0,"[-115,0,139,0,-35,0,-147,0,0,1,158,0,-15,0,124,0,-76,0,96,0,-147,0,93,0,78,0,119,0,-27,18,-135,0,-114,18,-42,0,-157,18,60,1,-135,18,108,1,-83,18,86,1,-31,18,11,1,0,0,0,0,5,0,79,0,-45,18,-47,18,-138,18,-158,18,98,18,117,18,59,18,123,18,73,18,158,18,133,18,-122,18,-108,18,-99,18,-15,18,-112,18,71,0,-161,18,133,0,81,18,137,0,-5,17,74,0]"
CSI_DATA,6785,d8:b1:90:d9:de:f0,-41,11,-99,-38,43,104,486319384,277,0,106,0,"[-87,0,136,0,-11,0,-142,0,17,1,146,0,-5,0,114,0,-71,0,98,0,-136,0,98,0,84,0,137,0,8,0,-96,0,-60,17,-10,0,-83,17,82,1,-70,17,103,1,-23,17,76,1,15,0,-8,0,0,0,0,0,-10,17,79,0,-71,17,-32,17,134,17,-121,17,64,17,-148,17,29,17,-136,17,51,17,-108,17,115,17,-87,17,-117,17,-89,17,-45,17,-118,17,19,0,129,17,53,0,58,17,35,0,-15,16,-17,17]"
CSI_DATA,6786,d8:b1:90:d9:de:f0,-42,9,-99,-37,43,104,486319847,101,0,106,0,"[57,0,53,17,73,0,-27,16,63,0,-41,16,56,0,-3,16,65,0,61,17,79,0,140,17,122,0,-61,17,-108,0,35,0,-31,0,130,0,32,1,-103,0,66,1,-92,0,49,1,-121,0,-24,0,125,0,0,0,0,0,51,0,21,0,-79,17,6,0,95,17,9,0,12,17,26,0,-12,16,40,0,24,17,33,0,93,17,8,0,-130,17,-30,17,-58,17,-88,17,-10,17,132,17,20,0,43,17,13,0,-21,16,-25,17]"
CSI_DATA,6787,d8:b1:90:d9:de:f0,-41,9,-99,-38,43,104,486319943,98,0,106,0,"[-148,0,-106,0,-82,0,-60,0,-40,0,-77,0,-53,0,-117,0,-97,0,146,0,142,0,134,0,61,0,147,0,-28,17,-99,0,-96,17,-15,0,-116,17,70,1,-90,17,98,1,-33,17,68,1,7,0,-7,0,0,0,0,0,-3,17,71,0,-72,17,-27,17,125,17,-95,17,42,17,-111,17,14,17,-90,17,34,17,-58,17,98,17,-47,17,-141,17,-59,17,-77,17,-99,17,-35,17,137,17,-32,17,57,17,-77,17,-4,16,-137,17]"
CSI_DATA,6788,d8:b1:90:d9:de:f0,-41,9,-99,-36,42,104,486348626,98,0,106,0,"[-113,0,-158,0,-59,0,-100,0,-31,0,-98,0,-51,0,-129,0,-95,0,-147,0,-157,0,-156,0,86,0,-138,0,5,0,-86,0,-80,18,-10,0,-120,18,66,1,-117,18,100,1,-76,18,83,1,-30,18,1,1,0,0,0,0,-22,18,113,0,-78,18,-15,18,156,18,-98,18,78,18,-142,18,40,18,-147,18,52,18,-125,18,112,18,-104,18,-137,18,-110,18,-71,18,-129,18,-22,18,129,18,6,0,46,18,-11,18,-15,17,-70,18]"
CSI_DATA,6789,d8:b1:90:d9:de:f0,-38,11,-99,-35,40,104,486503989,100,0,114,0,"[-27,-32,-29,-36,-29,-38,-26,-41,-26,-43,-26,-43,-23,-41,-21,-41,-21,-38,-20,-36,-20,-33,-20,-35,-23,-33,-23,-35,-23,-35,-24,-35,-26,-36,-27,-40,-30,-41,-32,-40,-32,-41,-32,-41,-32,-40,-30,-38,-30,-38,-32,-36,-32,-35,-30,-32,0,0,-32,-32,-32,-32,-33,-33,-35,-32,-33,-33,-35,-33,-35,-32,-35,-32,-35,-30,-35,-29,-35,-26,-35,-26,-32,-23,-30,-21,-32,-21,-32,-20,-30,-16,-30,-16,-32,-18,-32,-18,-35,-20,-35,-20,-38,-21,-38,-21,-35,-21,-33,-21,-32,-23,-27,-21]"
CSI_DATA,6790,d8:b1:90:d9:de:f0,-42,11,-99,-37,43,104,486737182,277,0,106,0,"[-80,0,-57,17,11,1,-91,17,41,1,-121,17,16,1,-132,17,-36,0,-115,17,-81,0,-72,17,-132,0,4,0,124,0,103,0,112,0,-72,0,124,0,24,1,146,0,68,1,-122,0,41,1,-132,0,-43,0,0,0,0,0,66,0,36,0,-40,17,-49,17,125,17,-112,17,20,17,-129,17,-30,16,-106,17,-6,16,-70,17,62,17,-47,17,140,17,-41,17,-68,17,-69,17,6,0,-127,17,63,0,83,17,63,0,-4,16,8,0]"
CSI_DATA,6791,d8:b1:90:d9:de:f0,-43,9,-99,-38,44,104,486737635,130,0,106,0,"[68,15,-12,15,-19,14,-5,15,-50,14,26,0,-27,14,42,0,14,15,48,0,74,15,27,0,129,15,-24,15,-100,15,-108,15,-74,15,60,15,-78,15,-21,14,-105,15,-61,14,131,15,-39,14,131,15,34,15,0,0,0,0,-61,15,-30,15,44,0,48,0,-116,0,96,0,-15,0,99,0,31,1,66,0,13,1,27,0,-52,0,9,0,-127,0,15,0,74,0,44,0,16,0,113,0,-6,15,-72,0,20,0,-2,0,83,0]"
CSI_DATA,6792,d8:b1:90:d9:de:f0,-43,9,-99,-39,45,104,486737806,113,0,106,0,"[-104,0,120,0,-47,0,-65,0,-16,0,-44,0,-32,0,-55,0,-78,0,-74,0,111,0,-95,0,29,0,-113,0,-66,14,-124,0,71,14,116,0,-18,13,114,0,-61,13,115,0,-52,13,114,0,14,14,98,0,0,0,0,0,-43,14,43,0,57,0,-17,14,-100,0,-89,14,-37,0,96,14,-18,0,65,14,-42,0,74,14,-89,0,120,14,120,0,-70,14,83,0,2,0,62,0,87,0,64,0,-72,0,87,0,-3,0,120,0]"
CSI_DATA,6793,d8:b1:90:d9:de:f0,-41,9,-99,-38,43,104,486760978,120,0,106,0,"[73,17,-135,17,-20,16,147,17,-61,16,-130,17,-45,16,-86,17,-1,16,-61,17,73,17,-59,17,-148,17,-86,17,-68,17,149,17,-2,17,59,17,32,0,-32,16,20,0,-71,16,-19,17,-43,16,-52,17,33,17,0,0,0,0,-21,17,-40,17,62,0,78,0,-122,0,-143,0,-21,0,-120,0,23,1,149,0,8,1,104,0,-58,0,62,0,-143,0,45,0,72,0,71,0,0,0,125,0,-42,17,-89,0,-36,17,-11,0,29,0]"
CSI_DATA,6794,d8:b1:90:d9:de:f0,-39,9,-99,-37,41,104,486946552,130,0,106,0,"[59,21,-24,21,-37,20,-43,21,-61,20,-42,21,-18,20,-37,21,62,21,-45,21,157,21,-63,21,-95,21,-110,21,39,0,183,21,181,0,91,21,-100,0,4,21,-66,0,-34,20,-97,0,-27,20,-158,0,40,21,0,0,0,0,109,0,-69,21,74,0,100,0,74,0,-109,0,90,0,-2,0,107,0,31,1,98,0,-14,0,62,0,-101,0,-2,21,171,0,-79,21,74,0,-186,21,-10,21,68,21,-74,21,-40,20,-74,21,-71,20]"
CSI_DATA,6795,d8:b1:90:d9:de:f0,-39,9,-99,-38,41,104,486995013,124,0,106,0,"[-116,22,-56,0,-116,22,47,1,-61,22,82,1,-14,22,35,1,4,0,-41,0,-8,22,-133,0,-68,22,158,0,-181,22,85,0,58,22,47,0,-55,20,58,0,-104,20,101,0,-68,20,137,0,41,22,131,0,0,0,0,0,-125,22,22,0,-77,22,-133,22,-91,22,110,22,-125,22,11,22,-166,22,-5,20,-178,22,46,22,-142,22,134,22,-80,22,-175,22,13,0,-130,22,125,0,-137,22,-146,0,-190,22,-100,0,97,22,-146,0]"
CSI_DATA,6796,d8:b1:90:d9:de:f0,-40,9,-99,-35,41,104,486997047,108,0,106,0,"[109,0,-52,0,174,0,19,1,-120,0,8,1,-111,0,-54,0,-137,0,-122,0,146,0,-172,0,53,0,152,0,-68,20,174,0,167,20,-122,0,94,20,-39,0,98,20,24,1,152,20,28,1,-129,20,-37,0,0,0,0,0,-80,20,93,0,-134,20,-28,20,118,20,-124,20,26,20,-156,20,-12,19,-131,20,13,20,-93,20,87,20,-59,20,-166,20,-59,20,-82,20,-96,20,-16,20,-171,20,16,0,72,20,-17,20,-15,19,-102,20]"
CSI_DATA,6797,d8:b1:90:d9:de:f0,-41,9,-99,-35,42,104,487048573,113,0,106,0,"[92,0,-35,0,134,0,39,1,-141,0,53,1,-135,0,13,1,152,0,-39,0,110,0,-89,0,36,0,-118,0,-59,18,-124,0,149,18,-106,0,73,18,-73,0,48,18,-52,0,83,18,-50,0,149,18,-100,0,0,0,0,0,-73,18,36,0,-68,18,-99,18,-108,18,99,18,-155,18,29,18,114,18,18,18,117,18,57,18,-152,18,114,18,-89,18,154,18,-17,18,-135,18,68,0,-151,18,136,0,123,18,-149,0,58,18,125,0]"
CSI_DATA,6798,d8:b1:90:d9:de:f0,-45,9,-99,-37,46,104,487155460,98,0,106,0,"[-48,0,94,12,3,0,62,12,18,0,44,12,-1,0,48,12,-30,0,69,12,-60,0,-101,12,-85,0,-48,12,101,0,23,0,88,0,-103,0,85,0,-34,0,89,0,-2,0,91,0,-11,0,76,0,-53,0,0,0,0,0,-4,12,26,0,-81,12,-27,12,45,12,-63,12,-22,11,-77,12,-44,11,-67,12,-24,11,-50,12,24,12,-37,12,83,12,-33,12,-66,12,-46,12,-15,12,-77,12,26,0,91,12,45,0,53,12,31,0]"
CSI_DATA,6799,d8:b1:90:d9:de:f0,-45,11,-99,-37,46,104,487504022,100,0,228,0,"[3,6,6,8,9,9,12,11,13,13,15,14,14,15,101,60,13,14,12,13,11,13,9,11,8,8,7,7,5,4,4,0,3,-4,2,-8,2,-11,2,-16,2,-17,28,-48,4,-22,4,-22,4,-21,4,-19,4,-17,4,-13,0,0,1,-7,0,-4,-2,0,-5,2,-8,5,-11,8,62,12,-17,10,-17,11,-18,11,-18,10,-17,9,-15,8,-13,6,-10,5,-7,4,-4,4,0,4,2,4,5,4,58,0,12,6,14,8,16,10,17,12,16,13,13,14,10,13,-8,12,1,17,14,12,19,0,13,-12,1,-17,-8,-10,4,14,-4,5,2,4,4,-1,0,-6,-8,-4,-11,4,-4,14,8,16,20,7,20,-9,8,-22,-9,-22,-20,-8,-15,-13,-6,15,4,12,8,2,4,-4,-3,-2,-4,4,0,0,11,7,16,-4,10,-16,-4,-20,-18,-13,-22,3,-28,26,1,20,12,12,13,0,6,-6,0,-5,-1,0,2,1,5,-2,4,-8,-4,-11,-13,-6,-15,4,-8,15,13,24,15,11,18,-1,11,-13,0,-14,-8,-8,-7,0,-1,4]"
CSI_DATA,6800,d8:b1:90:d9:de:f0,-43,11,-99,-40,45,104,487572776,277,0,106,0,"[-128,0,94,15,-65,0,49,15,-39,0,30,15,-56,0,43,15,-86,0,82,15,-123,0,-114,15,90,0,-33,15,42,0,69,0,2,0,-72,0,-20,15,22,1,-35,15,74,1,-24,15,59,1,-18,15,0,1,0,0,0,0,-20,15,52,0,-50,15,-69,15,-94,15,82,15,-127,15,3,15,113,15,-20,14,126,15,7,15,-87,15,62,15,-36,15,-128,15,25,0,-66,15,105,0,-6,15,-64,0,39,0,10,1,52,0,33,1]"
CSI_DATA,6801,d8:b1:90:d9:de:f0,-42,9,-99,-37,44,104,487573266,98,0,106,0,"[130,0,87,15,-71,0,30,15,-57,0,2,15,-77,0,20,15,-107,0,62,15,113,0,121,15,84,0,-51,15,58,0,58,0,48,0,-79,0,49,0,18,1,62,0,72,1,77,0,60,1,68,0,-7,0,0,0,0,0,-4,15,57,0,-76,15,-42,15,102,15,-129,15,26,15,83,15,-3,14,73,15,19,15,97,15,81,15,-124,15,-101,15,-93,15,-13,15,-71,15,85,0,-65,15,-75,0,-82,15,-12,0,-128,15,-13,0]"
CSI_DATA,6802,d8:b1:90:d9:de:f0,-42,9,-99,-37,44,104,487573407,130,0,106,0,"[91,0,76,15,-131,0,-4,14,128,0,-41,14,101,0,-22,14,72,0,21,15,51,0,95,15,43,0,-74,15,56,0,46,0,88,0,-93,0,129,0,0,1,-89,0,34,1,-74,0,11,1,-97,0,-52,0,0,0,0,0,28,0,33,0,-83,15,-34,15,63,15,-74,15,-29,14,-81,15,-57,14,-69,15,-27,14,-47,15,46,15,-28,15,-127,15,-26,15,-31,15,-40,15,58,0,-78,15,-120,0,114,15,-82,0,49,15,-103,0]"
CSI_DATA,6803,d8:b1:90:d9:de:f0,-42,9,-99,-34,43,104,487573515,98,0,106,0,"[-123,0,-111,0,-79,0,-44,0,-49,0,-25,0,-55,0,-43,0,-92,0,-92,0,126,0,-134,0,38,0,91,0,-67,15,51,0,82,15,31,0,-22,14,27,0,-74,14,32,0,-63,14,54,0,5,15,57,0,0,0,0,0,-57,15,1,0,43,0,-80,15,133,0,104,15,-88,0,26,15,-81,0,-4,14,-111,0,16,15,119,0,85,15,84,0,-114,15,70,0,-20,15,74,0,82,0,104,0,-95,0,-115,0,-30,0,-76,0]"
CSI_DATA,6804,d8:b1:90:d9:de:f0,-42,9,-99,-36,43,104,487606253,130,0,106,0,"[76,16,107,0,4,16,-131,0,-6,15,-81,0,34,16,-67,0,90,16,-86,0,135,16,-138,0,-114,16,75,0,-116,16,-33,16,129,16,142,16,69,16,65,16,15,16,56,16,0,16,95,16,43,16,-127,16,0,0,0,0,-52,16,-30,16,75,0,-57,16,-105,0,-123,16,-51,0,85,16,-57,0,35,16,-102,0,42,16,126,0,86,16,94,0,-125,16,87,0,-46,16,116,0,31,0,-108,0,95,0,-39,0,106,0,-4,0]"
CSI_DATA,6805,d8:b1:90:d9:de:f0,-41,9,-99,-39,43,104,487782129,98,0,106,0,"[-57,0,107,0,25,1,139,0,53,1,127,0,17,1,101,0,-41,0,81,0,-140,0,73,0,70,0,88,0,-56,18,125,0,144,18,-132,0,55,18,-79,0,19,18,-46,0,52,18,-51,0,118,18,-110,0,0,0,0,0,-55,18,1,0,-29,18,-135,18,-22,18,53,18,-39,18,-31,17,-50,18,-51,17,-51,18,4,18,-26,18,91,18,7,0,-128,18,64,0,-42,18,144,0,22,0,-77,0,66,0,-11,0,75,0,8,1]"
CSI_DATA,6806,d8:b1:90:d9:de:f0,-40,11,-99,-38,42,104,487990574,277,0,106,0,"[74,20,-62,20,-33,18,-92,20,-70,18,-78,20,-38,18,-61,20,25,20,-54,20,118,20,-58,20,-121,20,-96,20,1,0,-164,20,121,0,92,20,-141,0,6,20,-118,0,-40,18,-153,0,-38,18,126,0,41,20,0,0,0,0,24,0,-54,20,20,0,104,0,50,0,-96,0,90,0,4,1,124,0,33,1,121,0,-17,0,96,0,-100,0,32,0,156,0,-38,20,80,0,-138,20,26,0,94,20,-1,20,12,20,21,0,-1,18]"
CSI_DATA,6807,d8:b1:90:d9:de:f0,-41,9,-99,-38,43,104,487991037,124,0,106,0,"[60,17,66,0,-35,16,92,0,-53,16,127,0,-15,16,135,0,42,17,127,0,104,17,68,0,-139,17,-4,17,-86,17,-121,17,-55,17,59,17,-60,17,-42,16,-89,17,-86,16,-115,17,-55,16,-108,17,26,17,0,0,0,0,-21,17,-46,17,83,0,49,0,-99,0,109,0,-2,0,128,0,30,1,112,0,0,1,77,0,-72,0,55,0,136,0,53,0,42,0,70,0,-35,17,118,0,-103,17,-102,0,-121,17,-32,0,-74,17]"
CSI_DATA,6808,d8:b1:90:d9:de:f0,-40,9,-99,-36,41,104,488199953,130,0,106,0,"[159,0,173,0,-131,0,-104,0,-88,0,-101,0,-101,0,-142,0,-156,0,172,0,115,0,139,0,-5,21,138,0,-148,21,-177,0,74,21,-103,0,-2,19,-5,0,7,21,59,1,79,21,69,1,170,21,5,1,0,0,0,0,-25,21,134,0,-15,21,-25,21,-46,21,-172,21,-98,21,96,21,-135,21,73,21,-132,21,110,21,-90,21,173,21,-21,21,-141,21,74,0,-107,21,179,0,-115,21,-80,0,-165,21,-26,0,107,21,-80,0]"
CSI_DATA,6809,d8:b1:90:d9:de:f0,-40,9,-99,-37,42,104,488200115,101,0,106,0,"[161,19,-129,19,90,19,142,19,46,19,152,19,68,19,-147,19,119,19,-126,19,-125,19,-108,19,-19,19,-132,19,94,0,120,19,-136,0,19,19,-86,0,-71,18,-120,0,-147,18,141,0,-136,18,68,0,-67,18,0,0,0,0,-24,19,-129,19,5,0,15,0,66,0,136,0,145,0,-124,0,-142,0,-114,0,-151,0,-139,0,130,0,147,0,49,0,126,0,-34,19,124,0,-120,19,-155,0,141,19,-69,0,145,19,11,1,-117,19]"
CSI_DATA,6810,d8:b1:90:d9:de:f0,-42,11,-99,-37,44,104,488408371,277,0,106,0,"[-96,15,-114,0,107,15,-71,0,94,15,-42,0,112,15,-47,0,-121,15,-85,0,-100,15,120,0,-100,15,34,0,-131,15,-71,15,73,15,88,15,-3,14,15,15,-60,14,8,15,-81,14,55,15,-49,14,122,15,0,0,0,0,123,15,-36,15,-28,15,-25,15,81,0,-55,15,-104,0,-96,15,-83,0,128,15,-101,0,125,15,124,0,-106,15,91,0,-45,15,76,0,26,0,91,0,111,0,-120,0,-71,0,-43,0,-37,0,20,1]"
CSI_DATA,6811,d8:b1:90:d9:de:f0,-42,9,-99,-36,43,104,488408861,98,0,106,0,"[141,0,127,0,-131,0,-66,0,-120,0,-33,0,-141,0,-44,0,111,0,-78,0,54,0,-129,0,-30,16,106,0,141,16,54,0,6,16,11,0,-100,15,-10,16,126,15,-3,16,130,15,16,0,-85,15,24,0,0,0,0,0,130,16,15,0,-35,16,-29,16,71,0,-79,16,-136,0,-135,16,-102,0,122,16,-115,0,138,16,140,0,-99,16,103,0,-33,16,70,0,47,0,56,0,142,0,61,0,-39,0,106,0,30,1,-124,0]"
CSI_DATA,6812,d8:b1:90:d9:de:f0,-42,9,-99,-37,44,104,488409011,108,0,106,0,"[106,15,68,0,25,15,57,0,-10,14,55,0,5,15,52,0,51,15,32,0,112,15,-4,15,-86,15,-63,15,-4,15,112,15,68,0,15,15,114,0,-77,14,126,0,-125,14,109,0,-124,14,84,0,-67,14,0,0,0,0,22,0,122,15,26,0,-28,15,50,0,86,0,81,0,-97,0,94,0,-62,0,88,0,-74,0,53,0,-114,0,10,0,100,0,-59,15,60,0,122,15,30,0,27,15,22,0,-47,14,39,0,-63,14]"
CSI_DATA,6813,d8:b1:90:d9:de:f0,-38,11,-99,-35,40,104,488504023,100,0,114,0,"[-32,26,-35,26,-38,26,-40,26,-43,26,-41,24,-40,24,-38,23,-35,23,-33,21,-32,23,-32,24,-32,24,-32,26,-32,29,-32,30,-32,32,-32,35,-33,36,-32,36,-30,38,-30,40,-29,38,-27,40,-26,40,-26,41,-24,40,-23,38,0,0,-21,40,-20,40,-20,41,-18,41,-16,44,-16,44,-15,43,-15,44,-12,43,-12,43,-10,43,-7,41,-6,40,-4,36,-3,36,-3,36,-1,35,0,35,0,36,0,36,1,40,3,40,3,41,3,43,1,43,1,41,0,40,0,36]"
CSI_DATA,6814,d8:b1:90:d9:de:f0,-40,11,-99,-39,42,104,488826169,277,0,106,0,"[83,20,-89,20,-8,19,-135,20,-42,19,-127,20,-1,19,-111,20,69,20,-97,20,172,20,-97,20,-57,20,-112,20,79,0,-170,20,-134,0,105,20,-35,0,35,20,-6,0,-24,19,-37,0,-20,19,-111,0,53,20,0,0,0,0,94,0,-87,20,71,0,68,0,61,0,-146,0,82,0,-42,0,90,0,-10,0,76,0,-48,0,46,0,-129,0,-12,20,146,0,-82,20,67,0,174,20,6,0,61,20,-31,20,-34,19,-23,20,-57,19]"
CSI_DATA,6815,d8:b1:90:d9:de:f0,-40,9,-99,-37,42,104,488826632,252,0,106,0,"[67,19,33,0,-34,18,59,0,-51,18,98,0,-2,18,119,0,80,19,99,0,159,19,47,0,-85,19,-44,19,-7,19,159,19,29,0,7,19,23,0,-114,18,-16,19,-163,18,-64,19,-130,18,-82,19,-32,18,0,0,0,0,-24,19,-97,19,69,0,19,0,-147,0,98,0,-49,0,126,0,-16,0,117,0,-49,0,88,0,-133,0,59,0,102,0,60,0,0,0,84,0,-97,19,149,0,156,19,-93,0,137,19,2,1,-132,19]"
CSI_DATA,6816,d8:b1:90:d9:de:f0,-41,9,-99,-35,42,104,488826824,224,0,106,0,"[-25,18,67,18,-51,18,-22,17,-85,18,-39,17,-105,18,1,18,-90,18,72,18,-45,18,150,18,37,0,-86,18,-154,0,-24,18,-15,0,12,0,102,1,-1,18,148,1,-36,18,111,1,-80,18,22,1,-102,18,0,0,0,0,92,0,-36,18,-2,18,66,0,-67,18,-134,0,-88,18,-42,0,-72,18,-12,0,-45,18,-42,0,-35,18,-117,0,-41,18,107,0,-78,18,14,0,-151,18,-61,18,63,18,-113,18,-26,17,-111,18,-66,17]"
CSI_DATA,6817,d8:b1:90:d9:de:f0,-41,9,-99,-36,42,104,488827023,98,0,106,0,"[79,18,-88,18,-7,17,-115,18,-41,17,-96,18,-2,17,-62,18,60,18,-42,18,151,18,-47,18,-71,18,-91,18,37,0,151,18,130,0,42,18,-161,0,-56,17,151,0,-114,17,98,0,-107,17,49,0,-30,17,0,0,0,0,27,0,-108,18,80,0,18,0,154,0,115,0,-88,0,-154,0,-49,0,-157,0,-75,0,134,0,-144,0,100,0,89,0,86,0,-1,18,95,0,-91,18,138,0,154,18,-100,0,129,18,-20,0,-135,18]"
CSI_DATA,6818,d8:b1:90:d9:de:f0,-40,9,-99,-37,41,104,488857728,124,0,106,0,"[154,21,-132,21,45,21,-183,21,-2,20,-165,21,29,21,-146,21,85,21,-125,21,170,21,-130,21,-109,21,-181,21,-4,21,100,21,81,0,0,21,125,0,-101,20,111,0,-143,20,62,0,-117,20,10,0,0,21,0,0,0,0,-13,21,-93,21,26,0,62,0,101,0,-175,0,180,0,-94,0,-154,0,-72,0,-167,0,-101,0,149,0,-145,0,71,0,-177,0,-13,21,181,0,-103,21,-161,0,-186,21,-106,0,164,21,-36,0,-168,21]"
CSI_DATA,6819,d8:b1:90:d9:de:f0,-40,9,-99,-37,42,104,489035539,130,0,106,0,"[116,19,36,0,15,19,59,0,-24,18,94,0,19,19,117,0,85,19,112,0,156,19,55,0,-107,19,-31,19,-58,19,-165,19,-46,19,18,19,-79,19,-103,18,-139,19,-154,18,142,19,-116,18,141,19,-14,18,0,0,0,0,-79,19,-98,19,53,0,-22,19,-142,0,14,0,-34,0,12,0,10,1,-14,19,-28,0,-32,19,-108,0,-27,19,141,0,9,0,66,0,73,0,24,0,-161,0,15,0,-47,0,40,0,44,1,117,0]"
CSI_DATA,6820,d8:b1:90:d9:de:f0,-40,9,-99,-34,41,104,489035701,113,0,106,0,"[-137,0,-105,20,-37,0,-141,20,-17,0,162,20,-57,0,154,20,-114,0,-161,20,-169,0,-93,20,129,0,9,0,125,0,149,0,157,0,-50,0,-124,0,50,1,-64,0,92,1,-25,0,37,1,-52,0,-56,0,0,0,0,0,101,0,96,0,-45,20,64,0,158,20,68,0,56,20,102,0,24,20,137,0,68,20,140,0,129,20,102,0,-149,20,42,0,-106,20,-48,20,-102,20,-153,20,-137,20,80,20,138,20,17,20,64,20]"
CSI_DATA,6821,d8:b1:90:d9:de:f0,-39,11,-99,-37,41,104,489452865,277,0,106,0,"[162,0,93,21,-164,0,21,21,-175,0,-1,20,157,0,36,21,136,0,101,21,146,0,-175,21,-177,0,-85,21,-91,0,8,0,8,1,79,0,98,1,104,0,132,1,87,0,93,1,49,0,-26,0,29,0,0,0,0,0,120,0,81,0,11,0,-183,0,-37,21,-77,0,-62,21,-7,0,-55,21,14,1,-47,21,-39,0,-61,21,-126,0,-91,21,165,0,-145,21,100,0,143,21,63,0,50,21,52,0,-4,20,72,0,2,21]"
CSI_DATA,6822,d8:b1:90:d9:de:f0,-40,9,-99,-36,41,104,489453355,98,0,106,0,"[165,0,113,21,-173,0,33,21,155,0,5,21,108,0,33,21,83,0,103,21,98,0,-170,21,149,0,-86,21,-110,0,-16,21,11,1,14,0,104,1,0,0,122,1,-60,21,62,1,-101,21,-48,0,-93,21,0,0,0,0,96,0,22,0,52,0,158,0,52,0,-88,0,86,0,-16,0,111,0,-14,0,107,0,-67,0,72,0,-142,0,5,0,159,0,-74,21,139,0,-158,21,152,0,131,21,-156,0,107,21,-91,0,166,21]"
CSI_DATA,6823,d8:b1:90:d9:de:f0,-40,9,-99,-37,42,104,489453478,98,0,106,0,"[-94,0,139,0,-18,0,155,0,10,1,124,0,-19,0,84,0,-77,0,62,0,-158,0,80,0,101,0,136,0,46,0,-91,0,29,0,22,1,47,0,107,1,99,0,119,1,136,0,50,1,133,0,-49,0,0,0,0,0,-10,19,110,0,-128,19,68,0,85,19,84,0,22,19,126,0,27,19,155,0,73,19,146,0,134,19,104,0,-152,19,33,0,-143,19,-41,19,158,19,-115,19,95,19,161,19,32,19,154,19,2,19]"
CSI_DATA,6824,d8:b1:90:d9:de:f0,-40,9,-99,-34,41,104,489453582,113,0,106,0,"[102,20,166,20,32,20,132,20,1,20,161,20,30,20,-130,20,94,20,-110,20,162,20,-117,20,-93,20,-165,20,-37,20,88,20,0,0,-22,18,-6,20,-108,18,-60,20,-120,18,-97,20,-64,18,-94,20,34,20,0,0,0,0,32,0,-133,20,148,0,-80,20,-80,0,-86,20,-18,0,-122,20,-18,0,-149,20,-64,0,-134,20,-129,0,-96,20,-169,0,-28,20,158,0,45,0,-157,0,117,0,-105,0,-166,0,-38,0,-154,0,-14,0]"
CSI_DATA,6825,d8:b1:90:d9:de:f0,-42,11,-99,-38,44,104,489503636,100,0,228,0,"[-10,5,-11,8,-14,10,-16,11,-20,13,-21,12,-21,11,131,78,-20,9,-18,7,-15,7,-13,7,-10,8,-7,9,-5,11,-3,14,-1,18,0,22,1,25,0,29,0,31,37,-62,-4,32,-5,30,-7,28,-6,25,-6,21,-5,16,0,0,0,9,2,7,6,5,10,4,14,3,18,4,-63,0,23,6,24,7,23,7,22,7,20,7,18,5,14,4,13,2,12,0,11,-2,11,-5,11,-7,13,-9,-120,0,16,-13,20,-14,22,-13,23,-12,23,-10,22,-7,19,-4,-20,-15,-28,0,-22,19,-5,28,12,24,22,8,18,-7,-14,-3,-6,-9,-9,1,-2,8,7,7,12,-3,7,-14,-6,-18,-19,-9,-23,6,-13,22,5,25,21,14,23,-4,8,14,-6,-16,-15,-4,-10,9,3,15,15,7,18,-9,0,0,-11,-22,-26,-9,-27,11,-12,27,8,29,24,15,47,1,13,-19,-2,-20,-12,-9,-10,3,-2,8,5,3,5,-5,-2,-9,-10,-5,-13,5,-7,14,4,16,16,10,34,-15,11,-16,-2,-20,-14,-10,-16,3,-8,12,5,12,11,4]"
CSI_DATA,6826,d8:b1:90:d9:de:f0,-40,11,-99,-37,42,104,489870662,277,0,106,0,"[-53,0,110,19,-14,0,62,19,-28,0,68,19,-79,0,128,19,-129,0,-116,19,152,0,-16,19,102,0,98,0,68,0,-99,0,33,0,18,1,15,0,76,1,15,0,69,1,18,0,-2,0,9,0,-132,0,0,0,0,0,-24,19,-76,19,-76,19,120,19,-119,19,20,19,-146,19,-22,18,-134,19,3,19,-85,19,77,19,-14,19,-161,19,64,0,-72,19,141,0,-5,19,-101,0,41,0,-23,0,68,0,16,1,58,0,-11,0]"
CSI_DATA,6827,d8:b1:90:d9:de:f0,-41,9,-99,-38,43,104,489871143,130,0,106,0,"[-14,16,-67,17,-74,16,-57,17,-59,16,-36,17,14,17,-38,17,97,17,-49,17,-109,17,-79,17,-15,17,-128,17,86,0,109,17,-137,0,40,17,-93,0,4,17,-104,0,2,17,150,0,52,17,86,0,146,17,0,0,0,0,-15,17,77,0,-33,17,-103,0,-36,17,-5,0,-22,17,41,1,-13,17,19,1,-17,17,-62,0,-38,17,140,0,-77,17,48,0,-122,17,-32,17,118,17,-95,17,54,17,-134,17,10,17,-122,17,26,17]"
CSI_DATA,6828,d8:b1:90:d9:de:f0,-41,9,-99,-35,42,104,489871287,108,0,106,0,"[-15,17,58,0,-68,17,119,0,-39,17,-156,0,29,18,146,0,107,18,100,0,149,18,30,0,-141,18,-66,18,-155,18,148,18,113,18,55,18,62,18,17,18,46,18,48,18,67,18,123,18,151,18,-102,18,0,0,0,0,72,0,-25,18,-114,0,-56,18,-26,0,-111,18,-6,0,148,18,-37,0,123,18,-107,0,-155,18,141,0,-80,18,117,0,8,0,122,0,85,0,-152,0,-151,0,-89,0,-117,0,-30,0,-135,0,-29,0]"
CSI_DATA,6829,d8:b1:90:d9:de:f0,-48,11,-99,-34,49,104,490079561,277,0,106,0,"[-45,7,40,7,-18,7,-11,7,14,0,-21,7,39,0,-3,7,39,0,23,7,28,0,47,7,-2,7,52,7,-39,7,35,7,-59,7,2,7,67,7,-31,7,-47,7,-41,7,-24,7,-20,7,-10,7,28,7,0,0,0,0,-28,7,-24,7,-53,7,26,0,53,7,48,0,26,7,64,0,15,7,61,0,23,7,56,0,40,7,52,0,50,7,57,0,58,7,65,0,55,7,-62,0,54,7,-58,0,63,7,-65,0,-49,7]"
CSI_DATA,6830,d8:b1:90:d9:de:f0,-49,9,-99,-35,50,104,490080024,124,0,106,0,"[37,7,-45,7,27,7,29,7,41,7,0,7,-59,7,1,7,-41,7,22,7,-39,7,46,7,-60,7,-54,7,31,7,-40,7,-7,6,-44,7,-33,6,-56,7,-28,6,55,7,-3,6,53,7,32,7,-59,7,0,0,0,0,-25,7,0,0,-11,7,48,0,-3,7,-33,0,-4,7,-8,0,-6,7,-1,0,-3,7,-9,0,3,0,-22,0,12,0,-28,0,24,0,-31,0,30,0,-29,0,36,0,-29,0,37,0,-38,0,33,0]"
CSI_DATA,6831,d8:b1:90:d9:de:f0,-49,9,-99,-35,50,104,490080146,214,0,106,0,"[-60,0,42,7,-6,0,51,7,18,0,-47,7,9,0,-20,7,-12,0,-6,7,-41,0,-12,7,-59,0,-37,7,60,0,49,7,-54,0,11,7,-32,0,-9,6,-15,0,-5,6,-18,0,20,7,-38,0,54,7,0,0,0,0,11,0,-16,7,-41,7,-10,7,40,7,-12,7,13,7,-22,7,6,7,-26,7,13,7,-24,7,26,7,-15,7,32,7,-4,7,33,7,4,0,28,7,12,0,26,7,15,0,36,7,16,0,59,7]"
CSI_DATA,6832,d8:b1:90:d9:de:f0,-49,9,-99,-35,50,104,490080291,214,0,106,0,"[30,7,-27,7,11,7,48,7,17,7,21,7,38,7,17,7,59,7,32,7,-57,7,60,7,53,7,-39,7,22,7,-14,7,-14,6,-2,7,-43,6,-6,7,-42,6,-17,7,-20,6,-25,7,15,7,-24,7,0,0,0,0,-22,7,10,0,7,0,48,0,32,0,-40,0,41,0,-16,0,44,0,-11,0,46,0,-19,0,48,0,-32,0,55,0,-46,0,-61,0,-52,0,-52,0,-55,0,-46,0,-57,0,-50,0,56,0,59,0]"
CSI_DATA,6833,d8:b1:90:d9:de:f0,-48,9,-99,-38,50,104,490080481,214,0,106,0,"[-31,0,9,0,4,0,48,0,4,0,-58,0,-16,0,-50,0,-40,0,-61,0,-57,0,50,0,-55,0,16,0,-32,0,-25,7,-3,0,-54,7,27,0,-64,7,35,0,-57,7,16,0,-39,7,-21,0,-25,7,0,0,0,0,16,0,-29,7,-31,7,-48,7,66,7,63,7,45,7,46,7,40,7,43,7,43,7,54,7,45,7,-62,7,46,7,-47,7,41,7,-33,7,35,7,-23,7,31,7,-15,7,40,7,-6,7,64,7]"
CSI_DATA,6834,d8:b1:90:d9:de:f0,-49,9,-99,-35,50,104,490080679,214,0,106,0,"[44,0,37,7,-33,0,23,7,-8,0,33,7,-7,0,54,7,-24,0,-55,7,-51,0,-50,7,46,0,59,7,18,0,24,7,7,0,-11,6,6,0,-42,6,16,0,-45,6,23,0,-21,6,18,0,21,7,0,0,0,0,-18,7,-28,7,-49,7,17,0,49,7,42,0,24,7,61,0,17,7,-58,0,26,7,-58,0,44,7,-57,0,61,7,-53,0,-52,7,-46,0,-46,7,-37,0,-40,7,-33,0,-28,7,-38,0,-14,7]"
CSI_DATA,6835,d8:b1:90:d9:de:f0,-49,9,-99,-37,51,104,490080824,214,0,106,0,"[27,6,1,0,-5,6,-30,6,-11,6,-54,6,6,6,55,6,25,6,-55,6,39,6,-34,6,43,6,-4,6,27,6,33,0,3,6,-53,0,-20,6,-41,0,-23,6,-44,0,-8,6,-58,0,19,6,40,0,0,0,0,0,-11,6,21,0,36,0,30,0,-41,0,36,0,-16,0,45,0,-9,0,45,0,-15,0,37,0,-20,0,21,0,-25,0,7,0,-25,0,-3,6,-28,0,-15,6,-27,0,-23,6,-37,0,-28,6,54,0]"
CSI_DATA,6836,d8:b1:90:d9:de:f0,-50,9,-99,-36,51,104,490080996,214,0,106,0,"[1,0,-21,0,-33,6,8,0,54,6,9,0,47,6,-6,0,-56,6,-31,0,-36,6,-46,0,-1,6,-49,0,34,0,-36,0,-49,0,-12,0,-28,0,9,0,-34,0,16,0,-49,0,2,0,45,0,-24,0,0,0,0,0,19,0,9,0,22,0,-37,6,23,0,35,6,28,0,12,6,27,0,7,6,21,0,12,6,9,0,22,6,-3,6,28,6,-18,6,32,6,-29,6,33,6,-37,6,36,6,-39,6,45,6,-37,6]"
CSI_DATA,6837,d8:b1:90:d9:de:f0,-49,9,-99,-37,51,104,490081159,214,0,106,0,"[55,6,47,6,-57,6,0,6,-45,6,-18,6,-29,6,-8,6,-21,6,13,6,-28,6,39,6,-51,6,-57,6,32,6,-38,6,-3,6,-29,6,-32,6,-33,6,-35,6,-37,6,-18,6,-36,6,17,6,-26,6,0,0,0,0,-22,6,11,0,12,0,45,0,41,0,-42,0,57,0,-23,0,-50,0,-20,0,-48,0,-31,0,-48,0,-51,0,-44,0,51,0,-39,0,38,0,-31,0,31,0,-28,0,21,0,-34,0,8,0,-55,0]"
CSI_DATA,6838,d8:b1:90:d9:de:f0,-48,9,-99,-41,50,104,490288950,101,0,106,0,"[-10,0,6,0,24,0,42,0,46,0,59,0,45,0,60,0,31,0,53,0,3,0,32,0,-30,0,10,0,63,0,-10,8,-8,8,-30,8,65,8,-41,8,10,8,-44,8,-19,8,-36,8,-8,8,-24,8,0,0,0,0,55,8,-32,8,-33,8,-64,8,17,0,48,8,60,0,8,8,-68,0,-20,8,-72,0,-24,8,60,0,-6,8,39,0,21,8,15,0,53,8,-8,8,-58,8,-29,8,-11,8,-37,8,36,0,-29,8]"
CSI_DATA,6839,d8:b1:90:d9:de:f0,-47,11,-99,-36,49,104,490497358,277,0,106,0,"[55,0,24,8,64,0,48,8,-60,0,71,8,-38,0,-59,8,-24,0,-56,8,-18,0,-65,8,-23,0,64,8,-38,0,44,8,69,0,33,8,12,0,28,8,-51,8,43,8,44,8,64,8,9,8,-59,8,0,0,0,0,-13,7,-29,8,-19,7,-30,8,-12,7,-41,8,8,8,-69,8,33,8,48,8,57,8,25,8,-69,8,16,8,-57,8,11,8,-55,8,11,8,-59,8,18,8,-66,8,33,8,66,8,69,8,70,8]"
CSI_DATA,6840,d8:b1:90:d9:de:f0,-48,9,-99,-33,49,104,490497803,98,0,106,0,"[45,0,14,7,61,0,38,7,-47,0,-62,7,-29,0,-42,7,-15,0,-29,7,-7,0,-21,7,-1,0,-26,7,-8,0,-37,7,-29,0,-54,7,-64,0,53,7,24,0,28,7,-14,7,10,7,-39,7,2,7,0,0,0,0,-62,7,-14,7,-49,7,-19,7,-21,7,-18,7,13,0,-9,7,55,0,5,7,-43,0,29,7,-26,0,53,7,-17,0,-58,7,-13,0,-47,7,-13,0,-43,7,-23,0,-46,7,-50,0,-51,7,38,0]"
CSI_DATA,6841,d8:b1:90:d9:de:f0,-47,11,-99,-34,48,104,490507734,100,0,114,0,"[14,8,14,11,14,13,14,14,12,15,11,15,10,15,9,14,9,14,8,14,8,13,7,13,7,13,7,14,8,14,8,16,8,16,7,17,7,17,7,17,7,18,7,18,7,18,6,18,5,17,5,17,5,17,4,17,0,0,4,17,2,17,2,17,2,17,1,18,1,18,1,18,0,17,0,17,0,16,0,16,0,16,0,14,0,14,0,13,0,13,0,13,-1,13,-1,13,-2,14,-1,14,-2,15,-3,15,-4,15,-5,14,-5,14,-6,13,-7,11]"
CSI_DATA,6842,d8:b1:90:d9:de:f0,-47,9,-99,-41,50,104,490514734,130,0,106,0,"[-65,0,16,8,-74,0,48,8,-63,0,-61,8,-44,0,-32,8,-28,0,-18,8,-16,0,-23,8,-6,0,-39,8,-8,0,-59,8,-35,0,61,8,58,0,37,8,-6,8,31,8,-72,8,37,8,32,8,55,8,0,0,0,0,-13,8,-59,8,-13,8,-57,8,2,8,-61,8,33,8,72,8,67,8,49,8,-50,8,30,8,-20,8,18,8,-5,8,8,8,-5,8,2,8,-7,8,-3,8,-22,8,1,8,-44,8,26,8,-64,8]"
CSI_DATA,6843,d8:b1:90:d9:de:f0,-44,11,-99,-37,46,104,490915156,277,0,106,0,"[41,0,-25,12,-79,0,-49,12,-33,0,-58,12,-30,0,-43,12,-61,0,-21,12,94,0,-16,12,19,0,-27,12,-76,12,-68,12,41,12,70,12,-22,11,-6,11,-46,11,-58,11,-30,11,-74,11,15,12,-59,11,0,0,0,0,84,12,71,12,103,12,-58,12,103,12,27,0,-101,12,94,0,-99,12,-86,0,-89,12,-92,0,-63,12,88,0,-21,12,49,0,34,0,18,0,101,0,-4,12,-31,0,-17,12,35,0,-33,12,55,0]"
CSI_DATA,6844,d8:b1:90:d9:de:f0,-45,9,-99,-35,46,104,490915637,168,0,106,0,"[-40,11,3,0,83,11,-39,11,43,11,-68,11,52,11,-80,11,85,11,-74,11,-69,11,-47,11,-13,11,6,0,33,0,90,0,72,0,0,0,84,0,87,0,80,0,-50,0,61,0,-37,0,39,0,-70,0,0,0,0,0,37,0,-13,0,59,0,-93,0,87,0,24,0,-84,0,-32,11,-72,0,-64,11,-84,0,-66,11,79,0,-48,11,30,0,-27,11,-24,11,-13,11,-93,11,-4,11,23,11,-7,11,-35,10,-1,11,-57,10]"
CSI_DATA,6845,d8:b1:90:d9:de:f0,-45,9,-99,-37,47,104,490915811,124,0,106,0,"[33,0,16,0,69,0,91,0,86,0,-54,0,75,0,-48,0,52,0,-69,0,34,0,71,0,16,0,3,0,17,0,-88,10,34,0,-5,10,64,0,-91,10,-93,0,51,10,-75,0,47,10,-77,0,91,10,0,0,0,0,39,0,15,10,-2,10,72,10,-63,10,-60,10,77,10,-16,10,53,10,6,0,63,10,13,0,-85,10,13,0,-38,10,13,0,17,0,21,0,84,0,39,0,-38,0,66,0,20,0,83,0,42,0]"
CSI_DATA,6846,d8:b1:90:d9:de:f0,-44,9,-99,-35,45,104,490954142,119,0,106,0,"[51,0,-70,12,-96,0,99,12,-66,0,73,12,-68,0,80,12,-98,0,-104,12,79,0,-58,12,13,0,2,0,-71,12,72,0,51,12,-76,0,-31,12,-8,0,-64,12,23,0,-63,12,23,0,-19,12,-12,0,0,0,0,0,-86,12,-86,0,0,12,86,0,88,0,35,0,-72,0,-11,12,-46,0,-36,12,-63,0,-43,12,-109,0,-37,12,55,0,-25,12,-20,12,-12,12,-100,12,10,0,40,12,32,0,-25,12,68,0,-36,12]"
CSI_DATA,6847,d8:b1:90:d9:de:f0,-45,9,-99,-36,46,104,490954264,139,0,106,0,"[33,0,70,0,47,0,-55,0,56,0,-19,0,46,0,-25,0,31,0,-60,0,14,0,88,0,-10,11,12,0,-36,11,-85,11,-57,11,11,11,-73,11,-78,11,-85,11,73,11,-90,11,77,11,-83,11,-81,11,0,0,0,0,-83,11,80,11,-76,11,-31,11,-65,11,58,0,-50,11,-76,0,-37,11,-45,0,-23,11,-56,0,-10,11,-97,0,0,0,48,0,13,0,-12,11,25,0,-85,11,27,0,38,11,19,0,-26,11,-9,11]"
CSI_DATA,6848,d8:b1:90:d9:de:f0,-44,9,-99,-35,45,104,490954494,119,0,106,0,"[-69,12,-65,12,-106,12,68,12,-109,12,21,12,-80,12,24,12,-46,12,57,12,-14,12,-103,12,8,0,-19,12,10,0,91,0,-10,12,-12,0,-43,12,84,0,-82,12,-86,0,-105,12,-83,0,-104,12,71,0,0,0,0,0,-30,12,-69,0,24,0,75,0,94,0,12,0,-67,0,-30,12,-38,0,-50,12,-56,0,-45,12,-100,0,-27,12,60,0,-16,12,-8,12,-19,12,-88,12,-31,12,52,12,-54,12,-14,12,-66,12,-38,12]"
CSI_DATA,6849,d8:b1:90:d9:de:f0,-45,9,-99,-35,46,104,490954625,139,0,106,0,"[-30,11,80,0,-87,11,-58,0,75,11,-37,0,68,11,-54,0,82,11,-97,0,-81,11,53,0,-19,11,0,11,71,0,-47,11,-21,0,-81,11,71,0,-91,11,-69,0,-82,11,-68,0,-60,11,88,0,-33,11,0,0,0,0,-60,0,-40,11,51,0,-55,11,-30,11,-85,11,-91,11,88,11,80,11,76,11,93,11,84,11,-74,11,-84,11,-40,11,-40,11,-6,11,13,0,18,0,82,0,40,0,-40,0,63,0,18,0,77,0]"
CSI_DATA,6850,d8:b1:90:d9:de:f0,-45,9,-99,-37,47,104,490954832,133,0,106,0,"[-76,10,-16,10,44,10,-61,10,18,10,-89,10,32,10,86,10,76,10,-91,10,-61,10,-67,10,-2,10,-16,10,59,0,56,0,-77,0,-37,0,-40,0,43,0,-40,0,-93,0,-52,0,-88,0,-81,0,64,0,0,0,0,0,72,0,-74,0,64,0,32,0,67,0,-53,10,72,0,71,10,74,0,46,10,67,0,56,10,49,0,-91,10,22,0,-47,10,-16,10,-2,10,-64,10,45,0,65,10,91,0,22,10,-51,0,17,10]"
CSI_DATA,6851,d8:b1:90:d9:de:f0,-45,9,-99,-35,46,104,490955039,113,0,106,0,"[27,0,-79,11,81,0,57,11,-87,0,30,11,-81,0,46,11,-94,0,87,11,72,0,-64,11,17,0,0,11,-64,11,59,0,40,11,-85,0,-50,10,-47,0,96,10,-45,0,94,10,-60,0,-66,10,-89,0,0,0,0,0,81,11,81,0,-31,11,69,0,59,0,71,0,-73,0,68,0,-43,0,69,0,-54,0,62,0,-98,0,44,0,54,0,17,0,1,0,-20,11,-56,11,-62,11,84,11,84,11,32,11,44,11,6,11]"
CSI_DATA,6852,d8:b1:90:d9:de:f0,-44,9,-99,-38,46,104,490955256,133,0,106,0,"[-51,12,75,0,90,12,-88,0,52,12,-68,0,52,12,-84,0,74,12,94,0,-91,12,49,0,-21,12,3,0,78,0,-48,12,-20,0,-84,12,74,0,-106,12,-83,0,101,12,-80,0,-98,12,88,0,-73,12,0,0,0,0,-84,0,-73,12,38,0,-65,12,-55,12,-79,12,84,12,-83,12,53,12,-82,12,61,12,-76,12,102,12,-55,12,-58,12,-21,12,-1,12,19,0,58,0,71,0,-93,0,-84,0,-40,0,-48,0,-4,0]"
CSI_DATA,6853,d8:b1:90:d9:de:f0,-45,9,-99,-36,46,104,490955489,113,0,106,0,"[-33,11,-69,11,-36,11,51,11,-36,11,14,11,-23,11,20,11,-5,11,57,11,3,0,-87,11,12,0,-9,11,10,0,92,0,-6,11,0,0,-26,11,89,0,-45,11,-63,0,-50,11,-66,0,-46,11,90,0,0,0,0,0,11,0,-54,0,49,0,69,0,89,0,-13,11,-84,0,-73,11,-75,0,100,11,-90,0,-98,11,78,0,-69,11,34,0,-37,11,-23,11,0,0,-81,11,39,0,55,11,82,0,7,11,-74,0,3,11]"
CSI_DATA,6854,d8:b1:90:d9:de:f0,-44,9,-99,-38,46,104,491124544,98,0,106,0,"[82,0,100,12,-70,0,46,12,-49,0,16,12,-58,0,33,12,-88,0,70,12,90,0,-91,12,40,0,-20,12,-21,12,62,0,-86,12,-56,0,79,12,18,0,58,12,58,0,71,12,59,0,105,12,20,0,0,0,0,0,4,0,104,0,58,0,17,0,101,0,-64,12,-84,0,85,12,-81,0,60,12,-103,0,72,12,75,0,-102,12,35,0,-47,12,-10,12,9,0,-48,12,78,0,-83,12,-63,0,-90,12,-3,0,-59,12]"
CSI_DATA,6855,d8:b1:90:d9:de:f0,-43,9,-99,-39,45,104,491170029,108,0,106,0,"[-88,0,38,0,-2,0,77,0,29,0,95,0,2,0,97,0,-52,0,86,0,119,0,65,0,25,0,31,0,-86,14,-18,14,47,14,-77,14,-43,13,119,14,-86,13,88,14,-76,13,102,14,-12,13,-110,14,0,0,0,0,-107,14,21,0,-16,14,95,0,65,0,-85,0,117,0,-39,0,-115,0,-34,0,108,0,-65,0,67,0,-121,0,19,0,60,0,-27,14,-13,14,-79,14,-90,14,119,14,89,14,70,14,45,14,46,14]"
CSI_DATA,6856,d8:b1:90:d9:de:f0,-42,9,-99,-36,43,104,491333398,352,0,106,0,"[42,16,15,0,-41,15,19,0,-59,15,26,0,-16,15,20,0,56,16,4,0,-139,16,-17,16,-32,16,-54,16,85,0,-95,16,-78,0,-135,16,5,1,117,16,31,1,98,16,-5,0,109,16,-88,0,-135,16,0,0,0,0,-25,16,-12,16,-132,16,70,0,63,16,-143,0,15,16,-93,0,13,16,-84,0,62,16,-123,0,129,16,97,0,-85,16,20,0,-21,16,-56,16,39,0,-139,16,89,0,62,16,95,0,-1,15,66,0]"
CSI_DATA,6857,d8:b1:90:d9:de:f0,-40,9,-99,-35,41,104,491378200,133,0,106,0,"[-60,20,-21,0,-65,20,60,1,-39,20,69,1,-16,20,13,1,-23,20,-61,0,-52,20,-152,0,-93,20,94,0,167,20,0,0,60,20,-85,20,-21,19,-123,20,-57,19,-112,20,-23,19,-75,20,80,20,-38,20,0,0,0,0,6,0,-31,20,157,0,-91,20,-86,0,-171,20,-28,0,94,20,-39,0,54,20,-97,0,90,20,-172,0,166,20,130,0,-87,20,100,0,17,0,108,0,129,0,148,0,-120,0,-135,0,-71,0,-87,0]"
CSI_DATA,6858,d8:b1:90:d9:de:f0,-41,9,-99,-36,42,104,491378451,133,0,106,0,"[159,18,-59,0,137,18,20,1,158,18,40,1,-132,18,-1,0,-104,18,-76,0,-91,18,-157,0,-115,18,64,0,154,18,-46,18,84,18,-143,18,12,18,122,18,-20,17,122,18,3,18,-156,18,85,18,-94,18,0,0,0,0,12,0,-30,18,153,0,-61,18,-46,0,-122,18,11,1,139,18,7,1,98,18,-57,0,114,18,-137,0,-152,18,127,0,-70,18,89,0,25,0,90,0,132,0,120,0,-95,0,-128,0,-56,0,-83,0]"
CSI_DATA,6859,d8:b1:90:d9:de:f0,-41,9,-99,-35,42,104,491378712,113,0,106,0,"[31,18,-111,18,-39,17,-140,18,-46,17,-134,18,11,18,-119,18,78,18,-107,18,-132,18,-99,18,-24,18,-101,18,103,0,-111,18,-78,0,-125,18,3,1,-146,18,41,1,154,18,2,1,-151,18,-95,0,-111,18,0,0,0,0,-12,18,13,0,-122,18,121,0,112,18,-101,0,66,18,-25,0,64,18,-3,0,106,18,-51,0,-149,18,-134,0,-96,18,73,0,-61,18,-26,18,-48,18,-136,18,-53,18,62,18,-81,18,2,18,-125,18]"
CSI_DATA,6860,d8:b1:90:d9:de:f0,-40,9,-99,-38,42,104,491378875,113,0,106,0,"[-41,0,-109,20,37,1,-141,20,48,1,-150,20,-4,0,-130,20,-80,0,-89,20,-162,0,-26,20,93,0,60,0,1,0,169,0,-82,20,-58,0,-134,20,26,1,-146,20,54,1,-112,20,16,1,-66,20,-88,0,0,0,0,0,-13,20,-9,20,-9,20,160,20,-37,20,20,20,-61,20,-65,18,-81,20,-72,18,-81,20,-2,18,-48,20,102,20,2,0,-133,20,61,0,-34,20,148,0,52,0,-93,0,120,0,-16,0,129,0,4,1]"
CSI_DATA,6861,d8:b1:90:d9:de:f0,-41,9,-99,-36,42,104,491386927,130,0,106,0,"[41,18,122,0,-26,17,157,0,-31,17,-149,0,22,18,153,0,85,18,109,0,154,18,39,0,-96,18,-46,18,-27,18,-158,18,32,0,51,18,55,0,-40,17,56,0,-66,17,35,0,-30,17,13,0,69,18,0,0,0,0,28,0,1,0,70,0,149,0,134,0,-56,0,-133,0,15,1,-109,0,12,1,-137,0,-45,0,125,0,-127,0,46,0,119,0,-41,18,59,0,-148,18,20,0,67,18,8,0,-6,17,39,0,2,18]"
CSI_DATA,6862,d8:b1:90:d9:de:f0,-40,9,-99,-37,42,104,491387376,113,0,106,0,"[63,19,-149,0,7,19,-106,0,7,19,-90,0,53,19,-115,0,99,19,156,0,154,19,76,0,-133,19,-25,19,-103,19,-155,19,-81,19,51,19,-79,19,-46,18,-81,19,-75,18,-82,19,-23,18,-68,19,72,19,0,0,0,0,49,0,-36,19,147,0,73,0,-66,0,152,0,14,1,-143,0,27,1,-152,0,-23,0,149,0,-107,0,110,0,114,0,91,0,6,0,93,0,-99,19,126,0,136,19,-147,0,103,19,-82,0,137,19]"
CSI_DATA,6863,d8:b1:90:d9:de:f0,-41,9,-99,-36,42,104,491395687,435,0,106,0,"[54,18,-139,0,5,18,-84,0,23,18,-54,0,81,18,-79,0,142,18,-132,0,-138,18,103,0,-105,18,-1,18,-107,18,-128,18,-130,18,69,18,158,18,-11,17,118,18,-25,17,113,18,26,18,-158,18,114,18,0,0,0,0,30,0,-26,18,-151,0,11,0,-23,0,15,0,59,1,-15,18,71,1,-52,18,3,1,-61,18,-98,0,-49,18,128,0,-2,18,47,0,60,0,-5,18,157,0,-22,18,-61,0,6,0,16,1,78,0]"
CSI_DATA,6864,d8:b1:90:d9:de:f0,-39,9,-99,-36,41,104,491423993,98,0,106,0,"[12,21,-108,21,-67,19,-97,21,-77,19,-55,21,-16,19,-9,21,67,21,1,0,162,21,-31,21,-115,21,-96,21,-49,21,158,21,-15,21,35,21,-32,21,-64,19,-69,21,-80,19,-100,21,-28,19,-96,21,91,21,0,0,0,0,50,0,-84,21,-166,0,-25,21,-35,0,-39,21,42,1,-80,21,31,1,-122,21,-35,0,-125,21,-132,0,-87,21,158,0,-19,21,117,0,69,0,118,0,165,0,161,0,-107,0,-129,0,-67,0,-80,0]"
CSI_DATA,6865,d8:b1:90:d9:de:f0,-40,9,-99,-37,42,104,491468844,98,0,106,0,"[-5,18,-38,19,-76,18,-11,19,-77,18,37,0,-18,18,69,0,67,19,69,0,139,19,33,0,-126,19,-45,19,-94,19,-151,19,-104,19,60,19,-149,19,-25,18,136,19,-33,18,116,19,20,19,161,19,110,19,0,0,0,0,9,0,-108,19,134,0,-133,19,-101,0,133,19,-66,0,67,19,-84,0,34,19,-147,0,63,19,128,0,136,19,107,0,-110,19,120,0,-25,19,-150,0,51,0,-71,0,90,0,14,1,71,0,15,1]"
CSI_DATA,6866,d8:b1:90:d9:de:f0,-44,11,-99,-38,46,104,491503636,100,0,228,0,"[-4,-12,-5,-14,-7,-16,-8,-19,-7,-21,-7,-21,-5,-21,104,62,-3,-20,-1,-18,-1,-15,0,-13,-1,-11,-2,-9,-4,-6,-6,-4,-9,-2,-12,0,-15,0,-18,0,-21,0,29,-49,-23,-4,-22,-5,-21,-6,-17,-6,-15,-6,-12,-5,0,0,-7,-1,-5,1,-4,5,-3,8,-4,11,-5,15,-41,12,-9,18,-10,18,-11,17,-11,16,-10,14,-10,12,-8,10,-6,8,-4,6,-1,5,0,5,3,6,5,7,79,0,9,10,10,13,10,15,8,17,6,18,4,16,1,14,10,-13,0,-20,-13,-16,-21,-3,-17,10,-5,17,7,14,9,-18,8,-7,-1,-9,-8,-3,-8,6,0,12,10,10,16,0,13,-14,0,-21,-15,-16,-23,-1,-17,13,-4,21,-12,13,15,3,10,-7,0,-9,-7,-2,-5,6,3,10,0,0,14,-6,6,-16,-7,-19,-18,-10,-21,5,-12,17,-5,37,13,12,15,0,7,-8,0,-7,-4,-1,0,4,5,4,8,-1,5,-9,-3,-12,-11,-8,-15,2,-11,12,7,27,10,13,16,2,12,-7,3,-12,-5,-8,-8,0,-3,5]"
CSI_DATA,6867,d8:b1:90:d9:de:f0,-43,11,-99,-38,45,104,491750751,277,0,106,0,"[80,0,-42,0,88,0,25,0,117,0,42,0,118,0,16,0,107,0,-34,0,74,0,-90,0,16,0,101,0,-72,14,51,0,58,14,25,0,-32,13,17,0,-77,13,45,0,-66,13,73,0,-6,13,81,0,0,0,0,0,-61,14,31,0,14,0,-46,14,73,0,104,14,91,0,23,14,79,0,-13,13,52,0,1,14,28,0,56,14,22,0,-109,14,37,0,-32,14,81,0,38,0,-93,0,99,0,-25,0,109,0,13,0]"
CSI_DATA,6868,d8:b1:90:d9:de:f0,-43,9,-99,-37,44,104,491751250,120,0,106,0,"[128,15,-77,0,57,15,-33,0,27,15,-24,0,42,15,-47,0,74,15,-89,0,111,15,108,0,-109,15,23,0,-61,15,-79,15,-18,15,65,15,11,0,-33,14,23,0,-90,14,11,0,-86,14,3,0,-17,14,0,0,0,0,2,0,-78,15,33,0,40,0,79,0,-112,0,120,0,-32,0,-121,0,-7,0,-131,0,-30,0,96,0,-88,0,46,0,109,0,-17,15,51,0,-95,15,0,0,76,15,-37,15,3,15,-51,15,-22,14]"
CSI_DATA,6869,d8:b1:90:d9:de:f0,-42,9,-99,-35,43,104,491764912,98,0,106,0,"[-93,16,-51,0,-128,16,17,1,-114,16,50,1,-78,16,29,1,-52,16,-23,0,-51,16,-93,0,-62,16,95,0,-116,16,1,0,74,16,-85,16,-11,15,-133,16,-68,15,-121,16,-69,15,-80,16,-5,15,-42,16,0,0,0,0,-77,16,-5,16,34,0,-62,16,117,0,134,16,-122,0,52,16,-133,0,11,16,112,0,23,16,70,0,79,16,54,0,-116,16,57,0,-37,16,102,0,44,0,-107,0,105,0,-30,0,119,0,9,1]"
CSI_DATA,6870,d8:b1:90:d9:de:f0,-42,9,-99,-38,44,104,491807272,113,0,106,0,"[27,15,52,0,-43,14,60,0,-61,14,78,0,-24,14,96,0,28,15,85,0,92,15,51,0,-115,15,-4,15,-58,15,-97,15,-20,15,63,15,-19,15,-31,14,-46,15,-79,14,-74,15,-70,14,-78,15,4,15,0,0,0,0,-15,15,-77,15,73,0,2,0,-91,0,42,0,-3,0,49,0,29,1,27,0,-1,0,5,0,-74,0,-6,15,116,0,6,0,43,0,45,0,-14,15,113,0,-51,15,-65,0,-38,15,11,1,25,0]"
CSI_DATA,6871,d8:b1:90:d9:de:f0,-42,9,-99,-37,44,104,491858914,124,0,106,0,"[82,15,-106,0,45,15,-53,0,54,15,-18,0,101,15,-14,0,-115,15,-49,0,-91,15,-109,0,-96,15,79,0,127,15,1,0,49,15,-67,15,-34,14,-89,15,-84,14,-69,15,-80,14,-22,15,-14,14,11,0,0,0,0,0,-101,15,-4,15,-41,15,-82,15,-17,15,90,15,-23,15,15,15,-52,15,-8,14,-69,15,21,15,-65,15,78,15,-29,15,-127,15,22,0,-91,15,96,0,-92,15,-95,0,-127,15,-58,0,76,15,-95,0]"
CSI_DATA,6872,d8:b1:90:d9:de:f0,-43,9,-99,-38,45,104,491883643,98,0,106,0,"[39,0,-45,0,44,0,16,0,67,0,45,0,92,0,18,0,97,0,-24,0,75,0,-72,0,26,0,-116,0,-60,14,101,0,85,14,110,0,10,14,-93,0,-18,13,-44,0,10,14,-12,0,70,14,-29,0,0,0,0,0,-56,14,84,0,-59,14,-16,14,-97,14,-107,14,89,14,78,14,43,14,68,14,43,14,101,14,78,14,-98,14,-109,14,-71,14,-46,14,-71,14,13,0,-106,14,56,0,72,14,54,0,4,14,6,0]"
CSI_DATA,6873,d8:b1:90:d9:de:f0,-43,9,-99,-35,44,104,491960139,119,0,106,0,"[-93,14,53,14,-123,14,-32,13,102,14,-52,13,98,14,-26,13,120,14,28,14,-91,14,88,14,-25,14,-91,14,60,0,-15,14,-83,0,43,0,16,0,84,0,75,0,92,0,80,0,65,0,17,0,34,0,0,0,0,0,75,0,-9,14,-39,14,9,0,93,14,46,0,18,14,93,0,-3,13,-118,0,33,14,-114,0,94,14,110,0,-88,14,68,0,-24,14,10,0,20,0,-66,14,52,0,91,14,43,0,11,14,0,14]"
CSI_DATA,6874,d8:b1:90:d9:de:f0,-43,9,-99,-36,44,104,491960243,139,0,106,0,"[-32,15,-38,0,-65,15,42,1,-68,15,79,1,-57,15,61,1,-46,15,2,1,-45,15,-64,0,-60,15,99,0,-85,15,-8,15,122,15,-125,15,73,15,35,15,41,15,-2,14,34,15,6,15,65,15,55,15,0,0,0,0,-63,15,-59,15,43,0,-10,15,-101,0,23,0,-16,0,34,0,19,1,27,0,4,1,16,0,-55,0,5,0,125,0,5,0,42,0,20,0,-42,15,58,0,-113,15,116,0,100,15,-81,0,121,15]"
CSI_DATA,6875,d8:b1:90:d9:de:f0,-43,9,-99,-37,45,104,491960396,119,0,106,0,"[74,13,-101,0,0,13,-63,0,-15,12,-41,0,7,13,-48,0,46,13,-78,0,90,13,110,0,-95,13,38,0,-51,13,-55,13,-20,13,66,13,-6,13,-30,12,-14,13,-79,12,-33,13,-76,12,-42,13,-22,12,0,0,0,0,-13,13,-74,13,36,0,19,0,106,0,105,0,-65,0,-83,0,-30,0,-72,0,-35,0,-97,0,-78,0,97,0,93,0,63,0,22,0,33,0,-63,13,22,0,85,13,35,0,26,13,73,0,23,13]"
CSI_DATA,6876,d8:b1:90:d9:de:f0,-44,9,-99,-37,45,104,491960554,139,0,106,0,"[-42,0,-55,13,44,0,-44,13,75,0,-36,13,58,0,-21,13,7,0,-5,13,-57,0,10,0,85,0,33,0,-22,13,55,0,95,13,79,0,-3,12,100,0,-59,12,108,0,-57,12,106,0,-7,12,87,0,0,0,0,0,-68,13,29,0,29,0,-16,13,-102,0,-64,13,-32,0,-103,13,-5,0,112,13,-22,0,-113,13,-75,0,-81,13,100,0,-44,13,32,0,0,0,-38,13,50,0,-108,13,108,0,89,13,-66,0,97,13]"
CSI_DATA,6877,d8:b1:90:d9:de:f0,-42,11,-99,-37,44,104,492168548,277,0,106,0,"[-20,0,26,0,51,1,50,0,79,1,40,0,56,1,22,0,3,1,13,0,-59,0,20,0,-130,0,61,0,58,0,127,0,0,0,-45,0,-27,15,44,1,-29,15,91,1,-2,15,89,1,12,0,21,1,0,0,0,0,0,0,99,0,-68,15,15,0,103,15,-49,15,28,15,-79,15,-11,14,-83,15,4,15,-62,15,61,15,-42,15,128,15,-44,15,-68,15,-58,15,-6,15,-113,15,31,0,84,15,36,0,17,15,-2,15]"
CSI_DATA,6878,d8:b1:90:d9:de:f0,-43,9,-99,-39,45,104,492169029,119,0,106,0,"[-51,14,34,14,-72,14,-36,13,-107,14,-54,13,119,14,-21,13,-121,14,30,14,-92,14,84,14,-28,14,-119,14,68,0,-96,14,-74,0,-104,14,9,0,107,14,34,0,62,14,1,0,34,14,-60,0,49,14,0,0,0,0,54,0,-67,14,36,0,39,0,61,0,-102,0,108,0,-33,0,-100,0,-18,0,-88,0,-50,0,-112,0,-106,0,89,0,97,0,20,0,68,0,-55,14,76,0,-122,14,116,0,94,14,-69,0,-123,14]"
CSI_DATA,6879,d8:b1:90:d9:de:f0,-42,9,-99,-35,43,104,492169196,139,0,106,0,"[106,0,58,16,138,0,-14,15,113,0,-53,15,79,0,-39,15,45,0,9,16,29,0,74,16,55,0,-118,16,122,0,-39,16,-57,0,22,0,39,1,44,0,94,1,17,0,86,1,-28,16,13,1,-57,16,0,0,0,0,87,0,-30,16,11,0,59,0,-30,16,-107,0,-23,16,-15,0,6,0,21,1,38,0,-7,0,50,0,-71,0,29,0,-139,0,-17,16,75,0,-93,16,41,0,95,16,41,0,34,16,90,0,40,16]"
CSI_DATA,6880,d8:b1:90:d9:de:f0,-43,9,-99,-36,44,104,492169322,119,0,106,0,"[-110,15,65,15,127,15,-7,14,111,15,-30,14,118,15,-11,14,-112,15,32,15,-67,15,83,15,3,0,-121,15,88,0,-71,15,-58,0,-31,15,36,1,-10,15,83,1,-12,15,73,1,-25,15,17,1,-26,15,0,0,0,0,87,0,-1,15,-11,15,53,0,-95,15,127,0,107,15,-65,0,94,15,-36,0,107,15,-48,0,-114,15,-94,0,-85,15,96,0,-70,15,23,0,-73,15,-61,15,-97,15,116,15,117,15,63,15,83,15]"
CSI_DATA,6881,d8:b1:90:d9:de:f0,-42,9,-99,-37,44,104,492169425,139,0,106,0,"[29,15,60,0,-40,14,74,0,-54,14,111,0,-24,14,128,0,27,15,120,0,80,15,98,0,122,15,36,0,-125,15,-58,15,117,15,96,15,75,15,18,15,25,15,-1,14,3,15,30,15,32,15,98,15,0,0,0,0,-85,15,-55,15,21,0,-64,15,122,0,-112,15,-86,0,88,15,-83,0,46,15,-117,0,45,15,100,0,81,15,78,0,-122,15,78,0,-54,15,110,0,10,0,-93,0,59,0,-22,0,55,0,3,1]"
CSI_DATA,6882,d8:b1:90:d9:de:f0,-43,9,-99,-35,44,104,492169578,133,0,106,0,"[86,14,-95,0,20,14,-58,0,2,14,-36,0,27,14,-45,0,65,14,-79,0,102,14,113,0,-115,14,34,0,-96,14,-66,14,-95,14,69,14,-105,14,-20,13,120,14,-63,13,104,14,-53,13,121,14,4,14,0,0,0,0,-35,14,-78,14,57,0,-10,14,-94,0,36,0,-14,0,51,0,22,0,49,0,1,0,36,0,-56,0,25,0,-121,0,30,0,54,0,50,0,-14,14,92,0,-70,14,-93,0,-90,14,-31,0,-63,14]"
CSI_DATA,6883,d8:b1:90:d9:de:f0,-42,9,-99,-35,43,104,492169740,113,0,106,0,"[-121,0,93,16,-49,0,43,16,-31,0,20,16,-63,0,31,16,-104,0,65,16,-135,0,136,16,119,0,-58,16,115,0,55,0,129,0,-102,0,-117,0,-7,0,-81,0,35,1,-57,0,19,1,-88,0,-49,0,0,0,0,0,59,0,75,0,-59,16,27,0,103,16,2,0,14,16,5,0,-27,15,22,0,4,16,34,0,69,16,29,0,138,16,6,0,-70,16,-37,16,-14,16,-101,16,26,0,92,16,30,0,20,16,-13,16]"
CSI_DATA,6884,d8:b1:90:d9:de:f0,-43,9,-99,-36,44,104,492169867,133,0,106,0,"[124,0,69,15,-80,0,22,15,-69,0,-9,14,-95,0,8,15,-124,0,41,15,109,0,112,15,101,0,-71,15,113,0,33,0,-108,0,-118,0,-67,0,-43,0,-25,0,-5,0,-4,0,-25,0,-38,0,-78,0,0,0,0,0,69,0,54,0,-47,15,30,0,106,15,28,0,20,15,50,0,-13,14,78,0,15,15,84,0,70,15,69,0,-124,15,35,0,-73,15,-16,15,-38,15,-88,15,-30,15,87,15,-47,15,25,15,-89,15]"
CSI_DATA,6885,d8:b1:90:d9:de:f0,-43,9,-99,-37,45,104,492169993,113,0,106,0,"[-74,0,95,13,-12,0,60,13,0,0,33,13,-26,0,41,13,-63,0,68,13,-102,0,-115,13,104,0,-43,13,98,0,49,0,107,0,-78,0,-104,0,2,0,-66,0,38,0,-45,0,22,0,-65,0,-37,0,0,0,0,0,53,0,60,0,-47,13,22,0,87,13,0,0,9,13,12,0,-23,12,37,0,-2,12,50,0,52,13,44,0,116,13,15,0,-66,13,-24,13,-26,13,-88,13,-8,13,68,13,-24,13,11,13,-66,13]"
CSI_DATA,6886,d8:b1:90:d9:de:f0,-42,9,-99,-39,44,104,492377937,101,0,106,0,"[38,0,45,16,46,0,-28,15,23,0,-61,15,-16,16,-38,15,-32,16,21,16,-17,16,86,16,33,0,-125,16,115,0,-76,16,-47,0,-44,16,46,1,-57,16,83,1,-100,16,62,1,-139,16,-9,0,133,16,0,0,0,0,87,0,-56,16,46,0,57,0,46,0,-112,0,81,0,-29,0,121,0,-4,0,-137,0,-37,0,124,0,-99,0,78,0,125,0,16,0,86,0,-69,16,83,0,127,16,119,0,86,16,-92,0,121,16]"
CSI_DATA,6887,d8:b1:90:d9:de:f0,-42,9,-99,-38,44,104,492378050,224,0,106,0,"[47,15,24,0,-36,14,24,0,-61,14,40,0,-24,14,47,0,27,15,38,0,96,15,12,0,-94,15,-39,15,-11,15,-116,15,63,0,58,15,104,0,-23,14,111,0,-81,14,85,0,-83,14,54,0,-18,14,0,0,0,0,20,0,-83,15,43,0,38,0,91,0,-128,0,-119,0,-55,0,-84,0,-33,0,-91,0,-62,0,-134,0,-117,0,77,0,103,0,5,0,62,0,-85,15,47,0,90,15,52,0,23,15,95,0,23,15]"
CSI_DATA,6888,d8:b1:90:d9:de:f0,-42,9,-99,-35,43,104,492378249,124,0,106,0,"[-86,16,-58,0,138,16,5,1,127,16,27,1,-135,16,10,1,-112,16,-45,0,-106,16,-112,0,-106,16,74,0,-131,16,-34,16,100,16,128,16,50,16,38,16,10,16,10,16,10,16,26,16,57,16,78,16,0,0,0,0,-70,16,-78,16,50,0,-55,16,-113,0,-49,16,-25,0,-61,16,10,1,-77,16,-7,0,-77,16,-69,0,-61,16,-131,0,-25,16,83,0,28,0,33,0,106,0,4,0,-85,0,8,0,-8,0,52,0]"
CSI_DATA,6889,d8:b1:90:d9:de:f0,-41,11,-99,-37,43,104,492504003,100,0,114,0,"[21,24,23,28,24,31,23,33,20,32,19,33,18,31,18,30,18,28,17,27,17,26,18,26,18,25,19,25,20,26,21,26,23,26,24,27,25,28,26,27,27,26,27,26,27,25,28,25,28,24,26,23,27,23,28,21,0,0,28,20,27,19,28,19,28,20,30,19,30,19,30,18,30,17,31,16,31,13,28,12,27,11,26,10,26,9,25,8,24,8,24,6,24,5,25,5,26,4,27,5,28,5,30,5,30,5,30,6,28,6,26,8,24,8]"
CSI_DATA,6890,d8:b1:90:d9:de:f0,-42,9,-99,-37,44,104,492586790,133,0,106,0,"[60,15,115,0,-2,14,-118,0,-11,14,-103,0,22,15,-115,0,73,15,121,0,-131,15,67,0,-79,15,-15,15,-28,15,-125,15,3,0,26,15,14,0,-71,14,0,0,-119,14,-28,15,-93,14,-36,15,-21,14,0,0,0,0,7,0,-84,15,74,0,5,0,-107,0,86,0,-40,0,128,0,-13,0,-131,0,-40,0,110,0,-98,0,81,0,87,0,59,0,0,0,60,0,-86,15,83,0,96,15,-129,0,51,15,-69,0,72,15]"
CSI_DATA,6891,d8:b1:90:d9:de:f0,-43,9,-99,-35,44,104,492586898,133,0,106,0,"[-14,14,34,14,-7,14,-33,13,-26,14,-45,13,-33,14,-18,13,-26,14,40,14,-2,14,102,14,39,0,-64,14,112,0,16,0,-43,0,85,0,36,0,-117,0,78,0,-124,0,65,0,101,0,9,0,72,0,0,0,0,0,73,0,34,0,-23,14,61,0,-121,14,108,0,72,14,-95,0,55,14,-71,0,79,14,-90,0,123,14,119,0,-87,14,61,0,-59,14,-16,14,-50,14,-100,14,-68,14,63,14,-111,14,3,14,90,14]"
CSI_DATA,6892,d8:b1:90:d9:de:f0,-42,9,-99,-37,44,104,492587042,113,0,106,0,"[32,15,-7,15,-38,14,-16,15,-58,14,0,0,-22,14,15,0,40,15,15,0,116,15,-3,15,-60,15,-49,15,29,0,-122,15,108,0,43,15,-115,0,-36,14,-116,0,-82,14,116,0,-82,14,77,0,-19,14,0,0,0,0,36,0,-77,15,66,0,36,0,120,0,129,0,-89,0,-75,0,-61,0,-62,0,-78,0,-92,0,-129,0,122,0,66,0,87,0,-9,15,59,0,-104,15,58,0,69,15,88,0,14,15,-120,0,29,15]"
CSI_DATA,6893,d8:b1:90:d9:de:f0,-42,9,-99,-35,43,104,492587151,113,0,106,0,"[-16,16,33,16,-1,16,-31,15,-7,16,-49,15,-15,16,-17,15,-11,16,44,16,15,0,114,16,64,0,-82,16,-137,0,4,0,-39,0,78,0,47,1,126,0,90,1,126,0,76,1,103,0,13,1,79,0,0,0,0,0,94,0,47,0,-9,16,92,0,-104,16,-133,0,115,16,-81,0,98,16,-59,0,118,16,-78,0,-128,16,-130,0,-99,16,79,0,-85,16,-2,16,-97,16,-90,16,-131,16,101,16,91,16,50,16,47,16]"
CSI_DATA,6894,d8:b1:90:d9:de:f0,-42,9,-99,-37,44,104,492587251,108,0,106,0,"[-131,15,69,15,94,15,10,15,64,15,6,15,75,15,45,15,117,15,95,15,-90,15,-114,15,-1,15,-77,15,110,0,-57,15,-31,0,-62,15,58,1,-89,15,93,1,-124,15,67,1,111,15,-6,0,127,15,0,0,0,0,84,0,-27,15,22,0,73,0,-4,15,-88,0,-5,15,-8,0,10,0,19,1,22,0,-13,0,21,0,-82,0,-5,15,108,0,-46,15,34,0,-119,15,-22,15,54,15,-55,15,-22,14,-44,15,-39,14]"
CSI_DATA,6895,d8:b1:90:d9:de:f0,-43,9,-99,-36,44,104,492795689,98,0,106,0,"[-44,15,-51,0,-88,15,31,1,-102,15,64,1,-98,15,42,1,-86,15,-12,0,-74,15,-89,0,-62,15,72,0,-49,15,-44,15,-47,15,82,15,-48,15,-20,14,-47,15,-77,14,-52,15,-65,14,-41,15,0,15,0,0,0,0,0,0,-55,15,45,0,54,0,90,0,-94,0,123,0,-22,0,-122,0,1,1,120,0,-21,0,78,0,-75,0,32,0,110,0,-21,15,48,0,-86,15,-18,15,103,15,-78,15,41,15,-110,15,12,15]"
CSI_DATA,6896,d8:b1:90:d9:de:f0,-43,11,-99,-35,44,104,493004143,277,0,106,0,"[-120,14,-93,0,68,14,-48,0,54,14,-25,0,79,14,-41,0,112,14,-79,0,-108,14,101,0,-93,14,16,0,-90,14,-90,14,-101,14,42,14,120,14,-42,13,88,14,-72,13,75,14,-47,13,102,14,19,14,0,0,0,0,-32,14,-61,14,68,0,-2,14,-80,0,38,0,-3,0,54,0,27,0,44,0,1,0,36,0,-59,0,30,0,111,0,37,0,37,0,64,0,-29,14,109,0,-88,14,-71,0,-110,14,-13,0,-79,14]"
CSI_DATA,6897,d8:b1:90:d9:de:f0,-42,9,-99,-37,44,104,493004606,130,0,106,0,"[-102,15,-81,0,114,15,-15,0,116,15,14,1,-119,15,-2,0,-90,15,-53,0,-76,15,-125,0,-82,15,45,0,-117,15,-64,15,82,15,90,15,14,15,30,15,-29,14,23,15,-37,14,61,15,13,15,119,15,0,0,0,0,-58,15,-37,15,64,0,-33,15,-86,0,-55,15,-12,0,-96,15,7,1,-127,15,-28,0,-130,15,-89,0,-97,15,118,0,-41,15,69,0,24,0,46,0,109,0,48,0,-59,0,93,0,-1,0,-117,0]"
CSI_DATA,6898,d8:b1:90:d9:de:f0,-43,9,-99,-35,44,104,493213495,341,0,106,0,"[57,14,-54,14,-4,13,-104,14,-30,13,-118,14,0,14,-110,14,50,14,-95,14,-122,14,-76,14,-27,14,-60,14,88,0,-46,14,-35,0,-42,14,59,0,-39,14,106,0,-47,14,87,0,-51,14,16,0,-41,14,0,0,0,0,62,0,4,0,-43,14,58,0,110,14,111,0,47,14,-95,0,25,14,-81,0,54,14,-108,0,102,14,95,0,-86,14,36,0,-33,14,-32,14,13,0,-105,14,52,0,61,14,62,0,-3,13,38,0]"
CSI_DATA,6899,d8:b1:90:d9:de:f0,-42,9,-99,-38,44,104,493213671,321,0,106,0,"[-66,0,42,0,9,1,83,0,39,1,93,0,13,1,81,0,-48,0,68,0,-131,0,58,0,34,0,56,0,-92,15,63,0,49,15,80,0,-49,14,108,0,-92,14,120,0,-65,14,129,0,8,15,106,0,0,0,0,0,-59,15,10,0,37,0,-77,15,119,0,117,15,-101,0,50,15,-94,0,30,15,-120,0,60,15,115,0,127,15,70,0,-69,15,41,0,18,0,16,0,112,0,8,0,-64,0,25,0,3,1,58,0]"
CSI_DATA,6900,d8:b1:90:d9:de:f0,-43,9,-99,-35,44,104,493213875,119,0,106,0,"[56,14,-40,14,-15,13,-80,14,-41,13,-84,14,-20,13,-74,14,40,14,-65,14,110,14,-51,14,-39,14,-52,14,76,0,-63,14,-51,0,-92,14,39,0,-122,14,74,0,106,14,52,0,99,14,-12,0,-123,14,0,0,0,0,57,0,-14,14,-17,14,72,0,-85,14,-88,0,-121,14,-19,0,122,14,0,0,-105,14,-31,0,-80,14,-98,0,-57,14,76,0,-45,14,-6,14,-38,14,-98,14,-49,14,67,14,-89,14,2,14,-118,14]"
CSI_DATA,6901,d8:b1:90:d9:de:f0,-42,9,-99,-34,43,104,493214006,139,0,106,0,"[31,0,-60,0,24,0,24,1,30,0,54,1,37,0,24,1,31,0,-37,0,3,0,-117,0,-33,15,57,0,-99,15,-55,15,93,15,113,15,24,15,36,15,-20,14,15,15,-15,14,45,15,37,15,96,15,0,0,0,0,-41,15,-43,15,82,0,-10,15,-70,0,6,0,10,1,3,0,31,1,-4,15,-8,0,-7,15,-86,0,-1,15,100,0,11,0,13,0,42,0,-70,15,91,0,130,15,-117,0,85,15,-63,0,106,15]"
CSI_DATA,6902,d8:b1:90:d9:de:f0,-42,9,-99,-39,44,104,493214114,119,0,106,0,"[-3,16,52,16,-2,16,-29,15,-31,16,-55,15,-61,16,-22,15,-62,16,41,16,-40,16,113,16,21,0,-89,16,118,0,-28,16,-37,0,3,0,64,1,-7,16,106,1,-47,16,87,1,-89,16,-4,0,-92,16,0,0,0,0,80,0,-19,16,22,0,91,0,-4,16,-81,0,3,0,1,1,30,0,25,1,49,0,-16,0,42,0,-93,0,14,0,114,0,-41,16,55,0,-121,16,13,0,66,16,1,0,-5,15,39,0,0,16]"
CSI_DATA,6903,d8:b1:90:d9:de:f0,-42,9,-99,-38,44,104,493214254,139,0,106,0,"[103,15,-132,15,52,15,77,15,24,15,64,15,37,15,91,15,85,15,131,15,-114,15,-101,15,-14,15,-63,15,103,0,-36,15,-34,0,-27,15,66,1,-37,15,108,1,-60,15,80,1,-80,15,2,1,-77,15,0,0,0,0,60,0,-6,15,-38,15,67,0,-122,15,-116,0,111,15,-46,0,108,15,-24,0,134,15,-50,0,-95,15,-117,0,-64,15,75,0,-44,15,-14,15,-42,15,-108,15,-58,15,68,15,-100,15,9,15,127,15]"
CSI_DATA,6904,d8:b1:90:d9:de:f0,-42,9,-99,-39,44,104,493214389,441,0,106,0,"[-52,0,8,0,27,1,44,0,55,1,42,0,25,1,40,0,-33,0,37,0,-116,0,42,0,63,0,64,0,-46,16,112,0,116,16,-106,0,33,16,-46,0,3,16,-3,0,20,16,-4,0,79,16,-63,0,0,0,0,0,-73,16,39,0,-44,16,-80,16,-22,16,86,16,-20,16,6,16,-26,16,-23,15,-21,16,14,16,-11,16,85,16,19,0,-111,16,54,0,-31,16,112,0,42,0,-93,0,102,0,-26,0,128,0,3,1]"
CSI_DATA,6905,d8:b1:90:d9:de:f0,-42,9,-99,-34,43,104,493214633,421,0,106,0,"[-90,15,76,15,-115,15,-8,14,131,15,-20,14,130,15,10,15,-117,15,68,15,-68,15,134,15,5,0,-63,15,113,0,2,0,-39,0,44,0,64,1,61,0,115,1,45,0,97,1,10,0,16,1,-3,15,0,0,0,0,59,0,4,0,-48,15,65,0,127,15,131,0,79,15,-74,0,76,15,-45,0,109,15,-67,0,-112,15,-128,0,-72,15,68,0,-42,15,-16,15,-41,15,-108,15,-60,15,67,15,-100,15,7,15,119,15]"
CSI_DATA,6906,d8:b1:90:d9:de:f0,-41,9,-99,-37,43,104,493277224,98,0,106,0,"[-131,17,76,17,136,17,-5,16,112,17,-18,16,114,17,20,17,138,17,76,17,-98,17,138,17,-11,17,-103,17,109,0,-68,17,-50,0,-53,17,51,1,-75,17,92,1,-106,17,72,1,-130,17,-16,0,-116,17,0,0,0,0,86,0,-2,17,25,0,109,0,-13,17,-81,0,-17,17,3,1,-3,17,30,1,11,0,-9,0,3,0,-84,0,-19,17,125,0,-61,17,50,0,-124,17,-16,17,87,17,-66,17,13,17,-69,17,-9,16]"
CSI_DATA,6907,d8:b1:90:d9:de:f0,-43,9,-99,-36,44,104,493422421,119,0,106,0,"[-51,0,-30,15,33,1,-9,15,61,1,-7,15,35,1,-5,15,-23,0,5,0,-98,0,23,0,66,0,51,0,-47,15,97,0,95,15,-104,0,17,15,-52,0,-22,14,-26,0,4,15,-27,0,60,15,-73,0,0,0,0,0,-51,15,33,0,14,0,-68,15,71,0,90,15,101,0,19,15,104,0,-7,14,93,0,22,15,77,0,86,15,59,0,-88,15,51,0,-3,15,53,0,84,0,66,0,-83,0,101,0,-22,0,-125,0]"
CSI_DATA,6908,d8:b1:90:d9:de:f0,-42,9,-99,-37,44,104,493422525,139,0,106,0,"[37,0,52,15,69,0,-23,14,59,0,-55,14,37,0,-34,14,16,0,15,15,28,0,88,15,61,0,-92,15,129,0,-5,15,-38,0,66,0,53,1,100,0,98,1,96,0,88,1,58,0,17,1,25,0,0,0,0,0,80,0,10,0,-25,15,71,0,-107,15,-114,0,114,15,-42,0,113,15,-11,0,-117,15,-30,0,-86,15,-87,0,-68,15,108,0,-69,15,28,0,-101,15,-46,15,109,15,-107,15,42,15,128,15,4,15]"
CSI_DATA,6909,d8:b1:90:d9:de:f0,-43,9,-99,-36,44,104,493422669,119,0,106,0,"[-120,15,-92,0,70,15,-42,0,48,15,-19,0,68,15,-39,0,101,15,-79,0,-118,15,104,0,-80,15,13,0,-48,15,-100,15,-24,15,31,15,-18,15,-62,14,-18,15,-106,14,-31,15,-85,14,-29,15,-14,14,0,0,0,0,2,0,-61,15,48,0,51,0,108,0,-111,0,-103,0,-42,0,-86,0,-27,0,-104,0,-52,0,105,0,-104,0,47,0,100,0,-19,15,48,0,-99,15,10,0,72,15,-17,15,5,15,-16,15,-12,14]"
CSI_DATA,6910,d8:b1:90:d9:de:f0,-42,9,-99,-37,44,104,493422782,139,0,106,0,"[48,15,-16,15,-29,14,-32,15,-61,14,-14,15,-40,14,11,0,16,15,21,0,84,15,5,0,-101,15,-42,15,-30,15,-124,15,16,0,27,15,28,0,-62,14,12,0,-107,14,-27,15,-85,14,-43,15,-11,14,0,0,0,0,-6,15,-78,15,78,0,2,0,-84,0,50,0,-8,0,67,0,19,1,52,0,-1,0,28,0,-64,0,14,0,123,0,17,0,52,0,47,0,-4,15,112,0,-37,15,-76,0,-30,15,-10,0,15,0]"
CSI_DATA,6911,d8:b1:90:d9:de:f0,-43,9,-99,-36,44,104,493422890,133,0,106,0,"[-112,15,83,15,115,15,3,15,98,15,-20,14,104,15,8,15,-124,15,57,15,-64,15,108,15,8,0,-84,15,110,0,-19,15,-38,0,34,0,58,1,63,0,99,1,63,0,83,1,42,0,10,1,30,0,0,0,0,0,53,0,14,0,-59,15,40,0,92,15,80,0,25,15,117,0,7,15,-119,0,38,15,123,0,91,15,87,0,-101,15,37,0,-46,15,-25,15,-1,15,-102,15,29,0,72,15,34,0,4,15,-1,15]"
CSI_DATA,6912,d8:b1:90:d9:de:f0,-43,9,-99,-35,44,104,493423033,113,0,106,0,"[78,14,104,0,-4,13,-124,0,-29,13,-109,0,-2,13,-120,0,41,14,102,0,95,14,54,0,-92,14,-14,14,-26,14,-110,14,26,0,34,14,59,0,-52,13,67,0,-93,13,48,0,-79,13,32,0,-14,13,0,0,0,0,25,0,-63,14,50,0,50,0,87,0,-98,0,-121,0,-32,0,-102,0,-11,0,-116,0,-42,0,90,0,-95,0,40,0,104,0,-23,14,56,0,-97,14,18,0,71,14,-4,14,5,14,0,0,-8,13]"
CSI_DATA,6913,d8:b1:90:d9:de:f0,-42,9,-99,-38,44,104,493423169,133,0,106,0,"[-10,15,52,15,13,0,-33,14,8,0,-63,14,3,0,-38,14,10,0,20,15,20,0,98,15,60,0,-78,15,119,0,21,0,-74,0,126,0,-3,0,-66,0,36,1,-44,0,30,1,-68,0,-29,0,-120,0,0,0,0,0,51,0,46,0,-68,15,31,0,83,15,28,0,1,15,37,0,-25,14,48,0,9,15,44,0,72,15,30,0,-121,15,-1,15,-45,15,-42,15,19,0,-104,15,74,0,88,15,86,0,25,15,63,0]"
CSI_DATA,6914,d8:b1:90:d9:de:f0,-43,9,-99,-35,44,104,493423322,113,0,106,0,"[-101,0,107,14,-34,0,72,14,-13,0,52,14,-36,0,58,14,-73,0,94,14,-115,0,-91,14,93,0,-9,14,61,0,99,0,43,0,-34,0,48,0,58,0,59,0,99,0,72,0,73,0,65,0,6,0,0,0,0,0,7,0,62,0,-61,14,-24,14,105,14,-99,14,44,14,108,14,19,14,101,14,39,14,116,14,92,14,-102,14,-80,14,-73,14,-7,14,-64,14,76,0,-73,14,-93,0,-97,14,-42,0,114,14,-48,0]"
CSI_DATA,6915,d8:b1:90:d9:de:f0,-45,11,-99,-36,46,104,493503631,100,0,228,0,"[3,7,6,8,9,9,12,11,15,12,15,13,16,13,98,58,15,12,14,11,12,9,11,7,8,6,7,3,5,0,3,-2,1,-6,0,-10,-2,-13,-3,-17,-3,-19,27,-46,-5,-22,-4,-22,-4,-22,-3,-20,-3,-17,-2,-14,0,0,-1,-7,-1,-3,-1,0,-2,4,-3,7,-3,11,-34,11,-4,17,-5,18,-6,19,-6,17,-5,15,-3,14,-3,11,-2,10,0,7,0,4,2,2,4,0,6,-2,73,0,11,-5,13,-7,15,-7,16,-7,16,-7,16,-5,14,-3,-9,14,2,20,16,15,21,0,15,-14,0,-17,-11,-11,3,14,-4,7,2,5,4,-1,-1,-5,-8,-2,-9,7,-1,15,11,13,19,0,16,-15,1,-21,-15,-16,-20,0,-18,-7,0,15,9,7,7,-3,0,-4,-5,0,-2,7,0,0,14,0,12,-11,0,-19,-15,-15,-21,-1,-16,15,-6,35,12,14,15,1,9,-7,0,-9,-3,-3,-1,0,1,0,1,-4,-3,-6,-9,-3,-10,4,-3,12,6,13,23,1,14,-5,6,-14,-4,-12,-10,-4,-7,3,-1,6,3,2]"
CSI_DATA,6916,d8:b1:90:d9:de:f0,-41,9,-99,-34,42,104,493516003,98,0,106,0,"[-14,17,-28,0,-20,17,61,1,1,0,80,1,15,0,41,1,14,0,-33,0,-2,17,-125,0,-41,17,68,0,-114,17,-47,17,105,17,144,17,29,17,72,17,-21,16,57,17,-9,16,87,17,58,17,139,17,0,0,0,0,-29,17,-66,17,102,0,-55,17,-85,0,-64,17,-4,0,-87,17,10,1,-98,17,-30,0,-82,17,-108,0,-58,17,112,0,-5,17,34,0,51,0,-32,17,130,0,-83,17,-83,0,-90,17,-9,0,-49,17]"
CSI_DATA,6917,d8:b1:90:d9:de:f0,-42,11,-99,-35,43,104,493839738,277,0,106,0,"[49,0,52,16,83,0,-21,15,80,0,-52,15,65,0,-31,15,50,0,26,16,45,0,102,16,74,0,-86,16,130,0,17,0,-66,0,114,0,14,1,-101,0,57,1,-86,0,61,1,-118,0,-3,0,114,0,0,0,0,0,70,0,49,0,-50,16,67,0,118,16,113,0,50,16,-117,0,30,16,-88,0,62,16,-98,0,117,16,135,0,-116,16,69,0,-86,16,-5,16,-79,16,-98,16,-97,16,91,16,136,16,34,16,92,16]"
CSI_DATA,6918,d8:b1:90:d9:de:f0,-43,9,-99,-36,44,104,493840182,252,0,106,0,"[-68,0,101,0,-10,0,-112,0,18,1,-112,0,3,1,111,0,-42,0,83,0,-105,0,69,0,69,0,78,0,-32,15,114,0,-123,15,-75,0,74,15,-5,0,72,15,45,1,109,15,48,1,-99,15,-2,0,0,0,0,0,-39,15,72,0,-61,15,-42,15,-109,15,119,15,88,15,62,15,58,15,54,15,64,15,87,15,110,15,-126,15,-83,15,-96,15,-11,15,-82,15,65,0,-92,15,-120,0,123,15,-84,0,61,15,-112,0]"
CSI_DATA,6919,d8:b1:90:d9:de:f0,-43,9,-99,-34,44,104,493840348,130,0,106,0,"[-32,14,-40,0,-46,14,25,0,-31,14,52,0,-6,14,28,0,1,0,-22,0,-6,14,-84,0,-45,14,83,0,-110,14,16,0,43,14,-37,14,-41,13,-55,14,-93,13,-39,14,-84,13,-5,14,-16,13,15,0,0,0,0,0,-77,14,-3,14,6,0,-67,14,64,0,89,14,85,0,17,14,81,0,-18,13,58,0,6,14,37,0,67,14,38,0,-112,14,57,0,-45,14,110,0,7,0,-64,0,43,0,0,0,46,0,15,0]"
CSI_DATA,6920,d8:b1:90:d9:de:f0,-43,9,-99,-36,44,104,493840456,113,0,106,0,"[90,15,122,15,36,15,78,15,3,15,77,15,14,15,113,15,50,15,-109,15,113,15,-86,15,-60,15,-82,15,41,0,-115,15,-120,0,83,15,-63,0,13,15,-58,0,-39,14,-96,0,-43,14,106,0,0,15,0,0,0,0,34,0,-75,15,61,0,38,0,113,0,-124,0,-79,0,-72,0,-46,0,-68,0,-53,0,-99,0,-98,0,115,0,98,0,87,0,21,0,78,0,-50,15,104,0,-113,15,-99,0,119,15,-38,0,-102,15]"
CSI_DATA,6921,d8:b1:90:d9:de:f0,-42,9,-99,-37,44,104,493840619,133,0,106,0,"[-31,0,15,0,41,1,30,0,65,1,14,0,37,1,-9,15,-13,0,-12,15,-78,0,4,0,112,0,50,0,53,0,128,0,8,0,-32,0,-9,15,55,1,19,0,102,1,46,0,89,1,53,0,15,1,0,0,0,0,1,0,100,0,-84,15,34,0,80,15,-9,15,4,15,-15,15,-30,14,-1,15,-3,14,8,0,59,15,11,0,128,15,-9,15,-84,15,-54,15,-46,15,-119,15,-32,15,61,15,-57,15,2,15,-104,15]"
CSI_DATA,6922,d8:b1:90:d9:de:f0,-43,9,-99,-36,44,104,493840745,133,0,106,0,"[-69,0,92,0,1,1,120,0,35,1,106,0,23,1,72,0,-30,0,46,0,-93,0,38,0,81,0,62,0,1,0,122,0,-65,15,-52,0,-95,15,40,1,-76,15,86,1,-37,15,81,1,2,0,18,1,0,0,0,0,-7,15,81,0,-76,15,-5,15,89,15,-62,15,12,15,-79,15,-21,14,-58,15,1,15,-36,15,64,15,-16,15,-125,15,-19,15,-60,15,-51,15,-9,15,-111,15,13,0,65,15,-4,15,-1,14,-58,15]"
CSI_DATA,6923,d8:b1:90:d9:de:f0,-42,9,-99,-35,43,104,493840898,113,0,106,0,"[71,0,-57,0,98,0,17,1,135,0,30,1,-119,0,-6,0,-135,0,-68,0,102,0,-122,0,22,0,107,0,-90,16,91,0,67,16,116,0,-15,15,-109,0,-34,15,-49,0,7,16,-25,0,78,16,-54,0,0,0,0,0,-56,16,66,0,-63,16,-58,16,-101,16,113,16,116,16,49,16,79,16,43,16,76,16,85,16,121,16,137,16,-100,16,-101,16,-18,16,-83,16,63,0,-104,16,135,0,118,16,-117,0,46,16,114,0]"
CSI_DATA,6924,d8:b1:90:d9:de:f0,-43,9,-99,-36,44,104,493841052,113,0,106,0,"[-62,0,88,0,-6,0,-119,0,20,1,-107,0,-3,0,-125,0,-48,0,112,0,-121,0,97,0,49,0,89,0,-62,15,99,0,84,15,126,0,-5,14,-95,0,-45,14,-67,0,-28,14,-59,0,31,15,-95,0,0,0,0,0,-76,15,29,0,-22,15,-74,15,14,0,82,15,28,0,2,15,26,0,-31,14,22,0,-2,14,23,0,63,15,36,0,-118,15,61,0,-45,15,109,0,25,0,-84,0,82,0,-24,0,109,0,1,1]"
CSI_DATA,6925,d8:b1:90:d9:de:f0,-43,9,-99,-34,44,104,494049108,108,0,106,0,"[8,0,32,14,16,0,-38,13,-3,14,-61,13,-25,14,-34,13,-28,14,16,14,-9,14,80,14,33,0,-92,14,116,0,-31,14,-25,0,15,0,59,0,23,0,101,0,-6,14,86,0,-38,14,19,0,-51,14,0,0,0,0,77,0,-13,14,2,0,59,0,-53,14,-101,0,-71,14,-26,0,-61,14,6,0,-41,14,-15,0,-26,14,-69,0,-37,14,110,0,-59,14,48,0,-104,14,-4,14,70,14,-44,14,10,14,-39,14,-8,13]"
CSI_DATA,6926,d8:b1:90:d9:de:f0,-43,9,-99,-37,45,104,494049217,124,0,106,0,"[72,0,50,13,-110,0,-8,12,-98,0,-29,12,-111,0,-7,12,101,0,42,13,92,0,110,13,77,0,-35,13,74,0,74,0,82,0,-44,0,95,0,45,0,-117,0,85,0,-113,0,68,0,101,0,9,0,0,0,0,0,27,0,66,0,-41,13,-19,13,-117,13,-93,13,57,13,96,13,32,13,78,13,55,13,93,13,107,13,-113,13,-66,13,-87,13,4,0,-66,13,80,0,-55,13,-74,0,-58,13,-12,0,-76,13,-8,0]"
CSI_DATA,6927,d8:b1:90:d9:de:f0,-43,11,-99,-36,44,104,494257535,277,0,106,0,"[-55,0,44,0,33,1,74,0,65,1,75,0,43,1,65,0,-12,0,57,0,-89,0,50,0,68,0,56,0,-49,15,70,0,88,15,94,0,-6,14,124,0,-47,14,-115,0,-21,14,-115,0,48,15,114,0,0,0,0,0,-22,15,13,0,70,0,-67,15,-104,0,107,15,-57,0,48,15,-50,0,31,15,-78,0,60,15,-121,0,121,15,90,0,-66,15,49,0,9,0,19,0,92,0,-5,15,-88,0,3,0,-25,0,18,0]"
CSI_DATA,6928,d8:b1:90:d9:de:f0,-42,9,-99,-38,44,104,494258025,101,0,106,0,"[-88,0,127,0,-8,0,-90,0,29,1,-90,0,14,1,-112,0,-40,0,121,0,-115,0,90,0,52,0,70,0,-70,15,56,0,69,15,63,0,-28,14,85,0,-66,14,102,0,-38,14,119,0,38,15,101,0,0,0,0,0,-12,15,11,0,80,0,-69,15,-109,0,110,15,-67,0,41,15,-69,0,24,15,-103,0,47,15,123,0,114,15,78,0,-83,15,47,0,3,0,32,0,94,0,36,0,-91,0,54,0,-31,0,81,0]"
CSI_DATA,6929,d8:b1:90:d9:de:f0,-42,9,-99,-34,43,104,494258157,113,0,106,0,"[-75,15,52,15,-91,15,-43,14,-108,15,-74,14,-111,15,-48,14,-86,15,12,15,-39,15,80,15,22,0,-106,15,105,0,-23,15,-60,0,57,0,25,1,113,0,66,1,131,0,48,1,116,0,-27,0,87,0,0,0,0,0,28,0,26,0,-97,15,34,0,52,15,62,0,-22,14,80,0,-43,14,91,0,-4,14,76,0,64,15,48,0,-131,15,8,0,-56,15,-40,15,7,0,-108,15,61,0,92,15,85,0,36,15,68,0]"
CSI_DATA,6930,d8:b1:90:d9:de:f0,-43,9,-99,-38,45,104,494466933,119,0,106,0,"[-68,0,-85,14,15,0,-88,14,48,0,-96,14,34,0,-94,14,-17,0,-72,14,-71,0,-40,14,90,0,14,0,10,0,93,0,-68,14,-55,0,110,14,32,0,96,14,76,0,119,14,73,0,-91,14,22,0,0,0,0,0,-18,14,81,0,-11,14,-35,14,-18,14,88,14,-37,14,13,14,-52,14,-13,13,-51,14,9,14,-33,14,67,14,-8,14,-112,14,34,0,-46,14,94,0,13,0,-81,0,63,0,-16,0,81,0,4,0]"
CSI_DATA,6931,d8:b1:90:d9:de:f0,-42,9,-99,-37,44,104,494467055,139,0,106,0,"[-9,15,-55,0,-57,15,26,1,-68,15,60,1,-62,15,47,1,-50,15,-4,0,-53,15,-81,0,-65,15,87,0,-94,15,-30,15,123,15,109,15,68,15,13,15,28,15,-36,14,15,15,-18,14,55,15,39,15,0,0,0,0,-72,15,-59,15,44,0,-3,15,-104,0,42,0,-17,0,59,0,21,1,61,0,-5,0,48,0,-66,0,42,0,117,0,39,0,31,0,51,0,-54,15,85,0,-127,15,-131,0,88,15,-78,0,98,15]"
CSI_DATA,6932,d8:b1:90:d9:de:f0,-43,9,-99,-39,45,104,494467171,119,0,106,0,"[-68,0,-64,14,18,0,-60,14,52,0,-67,14,33,0,-71,14,-14,0,-56,14,-75,0,-30,14,95,0,15,0,7,0,92,0,-73,14,-65,0,118,14,19,0,104,14,69,0,-120,14,69,0,-85,14,20,0,0,0,0,0,-18,14,78,0,-16,14,-36,14,-34,14,99,14,-62,14,23,14,-84,14,0,14,-82,14,20,14,-64,14,77,14,-24,14,-109,14,25,0,-48,14,92,0,2,0,-79,0,38,0,-14,0,42,0,4,0]"
CSI_DATA,6933,d8:b1:90:d9:de:f0,-43,9,-99,-40,45,104,494467338,139,0,106,0,"[-19,15,-46,0,-41,15,26,1,-25,15,61,1,5,0,44,1,25,0,-6,0,17,0,-67,0,-22,15,119,0,-100,15,56,0,47,15,11,0,-48,14,11,0,-98,14,49,0,-85,14,94,0,-16,14,106,0,0,0,0,0,-84,15,52,0,-22,15,-45,15,3,0,107,15,-9,15,24,15,-38,15,-9,14,-61,15,16,15,-60,15,75,15,-28,15,-122,15,20,0,-74,15,90,0,-51,15,-87,0,-58,15,-37,0,-98,15,-47,0]"
CSI_DATA,6934,d8:b1:90:d9:de:f0,-41,11,-99,-32,42,104,494503657,100,0,114,0,"[-15,26,-19,28,-21,26,-23,26,-26,26,-26,25,-26,23,-26,22,-24,20,-24,19,-23,17,-24,19,-24,19,-24,19,-24,20,-25,21,-26,21,-28,22,-30,23,-30,22,-31,23,-30,23,-29,22,-29,22,-30,21,-29,21,-29,20,-29,19,0,0,-28,17,-28,17,-29,19,-30,19,-30,19,-31,19,-30,19,-29,17,-29,16,-28,16,-26,16,-24,16,-23,15,-22,15,-22,14,-22,15,-21,14,-22,14,-22,14,-22,14,-22,14,-23,14,-23,15,-24,14,-25,13,-25,12,-24,10,-23,8]"
CSI_DATA,6935,d8:b1:90:d9:de:f0,-42,9,-99,-36,43,104,494534915,198,0,106,0,"[-32,16,-37,0,-29,16,47,1,14,0,79,1,48,0,37,1,53,0,-28,0,33,0,-108,0,-29,16,107,0,-124,16,60,0,43,16,33,0,-50,15,50,0,-86,15,97,0,-53,15,131,0,44,16,127,0,0,0,0,0,-76,16,17,0,-24,16,-99,16,-26,16,76,16,-54,16,1,16,-90,16,-11,15,-102,16,37,16,-81,16,108,16,-29,16,-116,16,28,0,-72,16,112,0,-58,16,-94,0,-69,16,-49,0,-123,16,-66,0]"
CSI_DATA,6936,d8:b1:90:d9:de:f0,-43,9,-99,-36,44,104,494535124,218,0,106,0,"[39,0,-29,0,40,0,48,1,51,0,66,1,54,0,38,1,39,0,-21,0,9,0,-86,0,-49,15,93,0,-128,15,13,0,40,15,-60,15,-39,14,-104,15,-74,14,-116,15,-55,14,-94,15,12,15,-71,15,0,0,0,0,-45,15,-45,15,61,0,-69,15,-94,0,-103,15,-35,0,117,15,-23,0,101,15,-52,0,123,15,-100,0,-92,15,105,0,-36,15,67,0,32,0,38,0,111,0,27,0,-72,0,37,0,-14,0,63,0]"
CSI_DATA,6937,d8:b1:90:d9:de:f0,-42,9,-99,-34,43,104,494540800,98,0,106,0,"[115,15,-79,0,70,15,-20,0,81,15,11,1,117,15,-1,0,-116,15,-45,0,-94,15,-109,0,-102,15,80,0,124,15,-10,15,52,15,-94,15,-24,14,134,15,-66,14,-135,15,-63,14,-97,15,1,15,-58,15,0,0,0,0,-90,15,-42,15,1,0,-102,15,63,0,94,15,91,0,29,15,85,0,2,15,64,0,28,15,45,0,88,15,47,0,-118,15,70,0,-56,15,122,0,-7,15,-83,0,24,0,-24,0,19,0,-7,0]"
CSI_DATA,6938,d8:b1:90:d9:de:f0,-43,9,-99,-35,44,104,494541881,119,0,106,0,"[119,14,-64,0,76,14,-6,0,78,14,25,0,111,14,10,0,-109,14,-34,0,-89,14,-104,0,-85,14,60,0,-116,14,-42,14,78,14,111,14,22,14,45,14,-21,13,31,14,-24,13,60,14,22,14,106,14,0,0,0,0,-53,14,-57,14,48,0,-66,14,-102,0,-92,14,-39,0,118,14,-27,0,92,14,-56,0,102,14,-105,0,-110,14,100,0,-54,14,71,0,8,0,66,0,87,0,81,0,-91,0,119,0,-44,0,-96,0]"
CSI_DATA,6939,d8:b1:90:d9:de:f0,-43,9,-99,-37,45,104,494542085,139,0,106,0,"[70,0,36,13,94,0,-29,12,77,0,-59,12,49,0,-37,12,30,0,14,13,35,0,78,13,61,0,-78,13,116,0,0,0,-34,0,66,0,33,0,100,0,76,0,93,0,69,0,62,0,11,0,37,0,0,0,0,0,68,0,25,0,-19,13,75,0,-84,13,-94,0,116,13,-35,0,-117,13,-11,0,-98,13,-30,0,-69,13,-80,0,-60,13,89,0,-63,13,25,0,-91,13,-35,13,90,13,-88,13,42,13,-109,13,14,13]"
CSI_DATA,6940,d8:b1:90:d9:de:f0,-43,9,-99,-35,44,104,494542294,119,0,106,0,"[-30,0,-50,14,41,0,-70,14,61,0,-100,14,22,0,-113,14,-34,0,-107,14,-92,0,-66,14,104,0,0,0,71,0,97,0,66,0,-43,0,86,0,44,0,123,0,70,0,-99,0,44,0,-110,0,-23,0,0,0,0,0,23,0,72,0,-69,14,36,0,78,14,26,0,8,14,45,0,-8,13,68,0,20,14,75,0,80,14,58,0,-111,14,24,0,-67,14,-28,14,-41,14,-95,14,-43,14,77,14,-71,14,25,14,-115,14]"
CSI_DATA,6941,d8:b1:90:d9:de:f0,-42,9,-99,-37,44,104,494542425,139,0,106,0,"[129,15,62,15,85,15,0,15,53,15,-4,14,49,15,36,15,81,15,80,15,-122,15,122,15,-39,15,-120,15,64,0,-124,15,-94,0,102,15,-16,0,52,15,1,1,8,15,-27,0,-1,14,-92,0,41,15,0,0,0,0,71,0,-59,15,79,0,46,0,114,0,-119,0,-108,0,-59,0,-83,0,-48,0,-91,0,-79,0,-130,0,-124,0,77,0,102,0,5,0,84,0,-64,15,96,0,129,15,-131,0,93,15,-82,0,116,15]"
CSI_DATA,6942,d8:b1:90:d9:de:f0,-43,9,-99,-35,44,104,494542591,133,0,106,0,"[-81,0,95,14,-31,0,46,14,-32,0,14,14,-73,0,21,14,-117,0,54,14,103,0,114,14,99,0,-58,14,121,0,37,0,-73,0,-124,0,-10,0,-70,0,34,0,-67,0,38,0,-103,0,-12,0,93,0,0,0,0,0,68,0,48,0,-26,14,82,0,-102,14,-114,0,107,14,-58,0,110,14,-27,0,-109,14,-43,0,-79,14,-95,0,-66,14,93,0,-69,14,28,0,-102,14,-32,14,92,14,-74,14,35,14,-86,14,11,14]"
CSI_DATA,6943,d8:b1:90:d9:de:f0,-43,9,-99,-37,45,104,494542834,113,0,106,0,"[76,13,97,13,21,13,60,13,-14,12,75,13,-10,12,-117,13,29,13,-81,13,92,13,-72,13,-67,13,-78,13,11,0,114,13,77,0,46,13,109,0,-29,12,91,0,-74,12,59,0,-64,12,30,0,-8,12,0,0,0,0,18,0,-75,13,77,0,0,0,-80,0,45,0,-15,0,57,0,3,0,51,0,-17,0,33,0,-71,0,17,0,107,0,22,0,54,0,48,0,15,0,98,0,0,0,-69,0,9,0,-16,0,51,0]"
CSI_DATA,6944,d8:b1:90:d9:de:f0,-43,9,-99,-34,44,104,494542970,133,0,106,0,"[-20,0,-53,14,45,0,-78,14,53,0,-116,14,15,0,105,14,-43,0,-120,14,-90,0,-86,14,111,0,-16,14,99,0,78,0,-120,0,-63,0,-68,0,4,0,-25,0,16,0,-6,0,-27,0,-35,0,-88,0,0,0,0,0,55,0,63,0,-40,14,71,0,113,14,110,0,73,14,-78,0,73,14,-45,0,108,14,-52,0,-94,14,-93,0,-74,14,87,0,-73,14,23,0,-102,14,-36,14,88,14,-83,14,25,14,-90,14,3,14]"
CSI_DATA,6945,d8:b1:90:d9:de:f0,-43,9,-99,-38,45,104,494543149,113,0,106,0,"[-32,0,-26,14,40,0,-23,14,64,0,-35,14,33,0,-40,14,-16,0,-33,14,-83,0,-11,14,89,0,37,0,14,0,109,0,-50,14,-40,0,-85,14,33,0,-98,14,76,0,-68,14,67,0,-42,14,8,0,0,0,0,0,-28,14,67,0,-63,14,-33,14,-103,14,119,14,92,14,62,14,70,14,52,14,84,14,74,14,-113,14,112,14,-55,14,-87,14,7,0,-65,14,83,0,-56,14,-84,0,-65,14,-36,0,-93,14,-35,0]"
CSI_DATA,6946,d8:b1:90:d9:de:f0,-43,9,-99,-35,44,104,494552825,130,0,106,0,"[21,0,-39,0,7,0,37,0,17,0,68,0,29,0,41,0,25,0,-14,0,4,0,-76,0,-39,14,89,0,-103,14,8,0,52,14,-65,14,-30,13,-110,14,-77,13,-115,14,-80,13,-89,14,-20,13,-61,14,0,0,0,0,-80,14,-20,14,26,0,-42,14,-123,0,-80,14,-61,0,122,14,-39,0,95,14,-62,0,102,14,-107,0,-108,14,98,0,-58,14,65,0,5,0,47,0,82,0,47,0,-88,0,72,0,-27,0,110,0]"
CSI_DATA,6947,d8:b1:90:d9:de:f0,-43,9,-99,-36,44,104,494675786,210,0,106,0,"[71,0,-67,0,90,0,12,1,-125,0,32,1,-111,0,2,1,-125,0,-51,0,96,0,-110,0,21,0,100,0,-77,15,72,0,60,15,81,0,-27,14,118,0,-60,14,-93,0,-30,14,-62,0,49,15,-77,0,0,0,0,0,-52,15,49,0,-23,15,-65,15,-25,15,84,15,-53,15,12,15,-89,15,-12,14,-99,15,22,15,-85,15,83,15,-39,15,-115,15,17,0,-70,15,94,0,-53,15,-83,0,-63,15,-37,0,-104,15,-44,0]"
CSI_DATA,6948,d8:b1:90:d9:de:f0,-43,9,-99,-37,45,104,494675927,230,0,106,0,"[-48,0,-31,13,28,0,-17,13,60,0,-22,13,40,0,-22,13,-11,0,-12,13,-74,0,8,0,78,0,44,0,-10,13,101,0,-101,13,-59,0,65,13,2,0,47,13,38,0,64,13,33,0,102,13,-15,0,0,0,0,0,-36,13,47,0,-17,13,-61,13,-8,13,68,13,-14,13,-1,12,-18,13,-24,12,-18,13,-1,12,-8,13,56,13,17,0,-110,13,50,0,-42,13,98,0,18,0,-76,0,70,0,-24,0,95,0,-6,0]"
CSI_DATA,6949,d8:b1:90:d9:de:f0,-42,9,-99,-38,44,104,494724798,98,0,106,0,"[60,0,-75,0,54,0,14,1,62,0,49,1,63,0,24,1,56,0,-23,0,19,0,-91,0,-34,15,108,0,-121,15,31,0,43,15,-38,15,-45,14,-75,15,-100,14,-79,15,-96,14,-58,15,-16,14,-30,15,0,0,0,0,-76,15,0,0,49,0,-44,15,-122,0,-95,15,-49,0,121,15,-31,0,91,15,-64,0,104,15,-114,0,-120,15,106,0,-54,15,70,0,14,0,57,0,101,0,63,0,-78,0,87,0,-27,0,128,0]"
CSI_DATA,6950,d8:b1:90:d9:de:f0,-43,11,-99,-36,44,104,494884231,277,0,106,0,"[-66,15,-70,0,-117,15,5,1,-128,15,38,1,-113,15,17,1,-90,15,-26,0,-79,15,-105,0,-66,15,63,0,-64,15,-60,15,-72,15,76,15,-79,15,-17,14,-105,15,-62,14,-104,15,-47,14,-78,15,21,15,0,0,0,0,-1,15,-37,15,71,0,55,0,-110,0,-116,0,-52,0,-70,0,-32,0,-59,0,-64,0,-82,0,-124,0,-127,0,59,0,87,0,-19,15,49,0,-99,15,20,0,70,15,-1,15,7,15,0,0,-4,14]"
CSI_DATA,6951,d8:b1:90:d9:de:f0,-43,9,-99,-38,45,104,494884712,124,0,106,0,"[-61,0,20,0,23,0,41,0,59,0,33,0,39,0,14,0,-8,0,6,0,-81,0,13,0,71,0,32,0,-29,14,69,0,111,14,-114,0,37,14,-57,0,17,14,-14,0,41,14,-16,0,92,14,-55,0,0,0,0,0,-24,14,24,0,13,0,-85,14,28,0,51,14,22,0,-20,13,13,0,-40,13,3,0,-4,13,2,0,66,14,17,0,-96,14,34,0,-16,14,75,0,57,0,-113,0,-116,0,-65,0,-84,0,-34,0]"
CSI_DATA,6952,d8:b1:90:d9:de:f0,-42,9,-99,-35,43,104,494916231,210,0,106,0,"[107,0,76,16,-139,0,-1,15,119,0,-42,15,73,0,-26,15,39,0,29,16,40,0,101,16,68,0,-86,16,-133,0,-9,16,-25,0,45,0,73,1,52,0,116,1,11,0,95,1,-40,16,13,1,-61,16,0,0,0,0,88,0,-13,16,21,0,80,0,-10,16,-91,0,-6,16,-11,0,22,0,16,1,41,0,-14,0,35,0,-79,0,8,0,-139,0,-42,16,90,0,-116,16,70,0,86,16,77,0,34,16,125,0,54,16]"
CSI_DATA,6953,d8:b1:90:d9:de:f0,-42,9,-99,-38,44,104,494916399,230,0,106,0,"[-55,15,60,15,-69,15,-28,14,-91,15,-47,14,-99,15,-20,14,-85,15,46,15,-43,15,115,15,28,0,-87,15,131,0,-12,15,-25,0,36,0,76,1,52,0,119,1,46,0,97,1,10,0,18,1,-7,15,0,0,0,0,74,0,4,0,-33,15,60,0,-128,15,131,0,85,15,-78,0,75,15,-56,0,103,15,-73,0,-131,15,-128,0,-97,15,76,0,-80,15,-1,15,-87,15,-88,15,-112,15,99,15,114,15,47,15,77,15]"
CSI_DATA,6954,d8:b1:90:d9:de:f0,-42,9,-99,-37,44,104,494960221,133,0,106,0,"[-111,0,-119,0,-44,0,-64,0,-2,0,-69,0,-4,0,-113,0,-44,0,111,0,-111,0,83,0,62,0,85,0,-37,15,119,0,-127,15,-74,0,83,15,2,1,85,15,60,1,130,15,59,1,-79,15,0,1,0,0,0,0,-17,15,63,0,-62,15,-52,15,128,15,121,15,52,15,73,15,13,15,79,15,27,15,118,15,79,15,-99,15,-115,15,-72,15,-39,15,-71,15,36,0,-104,15,93,0,93,15,109,0,29,15,65,0]"
CSI_DATA,6955,d8:b1:90:d9:de:f0,-43,9,-99,-36,44,104,494960382,133,0,106,0,"[70,15,71,0,-11,14,99,0,-32,14,123,0,-4,14,-128,0,50,15,103,0,110,15,60,0,-79,15,-11,15,-9,15,-109,15,40,0,40,15,67,0,-56,14,65,0,-94,14,35,0,-73,14,13,0,-4,14,0,0,0,0,0,0,-44,15,34,0,72,0,86,0,-76,0,-120,0,-14,0,-99,0,-5,0,-107,0,-36,0,110,0,-91,0,58,0,103,0,-16,15,56,0,-97,15,24,0,72,15,5,0,3,15,22,0,-5,14]"
CSI_DATA,6956,d8:b1:90:d9:de:f0,-42,9,-99,-37,44,104,494960562,113,0,106,0,"[-130,15,98,15,98,15,19,15,77,15,-2,14,85,15,26,15,117,15,63,15,-82,15,115,15,-5,15,-103,15,104,0,-68,15,-40,0,-38,15,51,1,-28,15,99,1,-38,15,80,1,-51,15,5,1,-46,15,0,0,0,0,62,0,2,0,-38,15,75,0,-123,15,-117,0,88,15,-47,0,78,15,-17,0,97,15,-42,0,-130,15,-99,0,-98,15,89,0,-78,15,11,0,-79,15,-76,15,-97,15,96,15,-129,15,44,15,98,15]"
CSI_DATA,6957,d8:b1:90:d9:de:f0,-43,9,-99,-36,44,104,494960707,113,0,106,0,"[111,15,-118,0,48,15,-62,0,40,15,-28,0,73,15,-35,0,113,15,-74,0,-103,15,119,0,-73,15,30,0,-57,15,-89,15,-68,15,47,15,-100,15,-44,14,125,15,-73,14,103,15,-37,14,118,15,35,15,0,0,0,0,-25,15,-36,15,67,0,41,0,-83,0,95,0,-2,0,108,0,25,1,94,0,-1,0,71,0,-65,0,52,0,112,0,45,0,29,0,54,0,-54,15,84,0,-128,15,-122,0,101,15,-56,0,126,15]"
CSI_DATA,6958,d8:b1:90:d9:de:f0,-43,11,-99,-35,44,104,495302028,277,0,106,0,"[122,14,87,14,61,14,32,14,23,14,28,14,25,14,64,14,63,14,106,14,121,14,-102,14,-38,14,-83,14,66,0,-88,14,-77,0,-116,14,-3,0,81,14,16,0,45,14,-18,0,36,14,-84,0,67,14,0,0,0,0,38,0,-33,14,12,0,78,0,18,0,-58,0,41,0,13,0,69,0,34,0,83,0,-1,0,67,0,-67,0,29,0,117,0,-23,14,64,0,-98,14,26,0,70,14,14,0,7,14,36,0,6,14]"
CSI_DATA,6959,d8:b1:90:d9:de:f0,-42,9,-99,-38,44,104,495302482,210,0,106,0,"[-96,0,124,0,-26,0,-80,0,-1,0,-66,0,-18,0,-90,0,-69,0,-122,0,120,0,123,0,24,0,94,0,-93,15,73,0,56,15,62,0,-39,14,60,0,-84,14,67,0,-67,14,65,0,11,15,48,0,0,0,0,0,-54,15,-4,15,55,0,-68,15,-121,0,134,15,-60,0,73,15,-36,0,56,15,-61,0,84,15,-110,0,-132,15,111,0,-64,15,70,0,11,0,42,0,98,0,28,0,-81,0,23,0,-13,0,54,0]"
CSI_DATA,6960,d8:b1:90:d9:de:f0,-43,9,-99,-35,44,104,495302668,230,0,106,0,"[-95,0,121,14,-26,0,73,14,-5,0,49,14,-34,0,62,14,-72,0,98,14,-113,0,-87,14,92,0,-6,14,50,0,96,0,20,0,-41,0,7,0,45,0,7,0,85,0,15,0,64,0,16,0,2,0,0,0,0,0,-9,14,49,0,-56,14,-60,14,-112,14,96,14,86,14,32,14,69,14,17,14,88,14,42,14,-111,14,90,14,-52,14,-107,14,13,0,-65,14,90,0,-33,14,-74,0,-19,14,-8,0,-20,14,-1,0]"
CSI_DATA,6961,d8:b1:90:d9:de:f0,-42,9,-99,-38,44,104,495318047,130,0,106,0,"[-94,0,-131,0,-14,0,-88,0,27,1,-104,0,19,1,118,0,-37,0,75,0,-106,0,59,0,70,0,68,0,-24,15,117,0,-119,15,-72,0,111,15,11,1,123,15,57,1,-101,15,50,1,-57,15,-18,0,0,0,0,0,-24,15,50,0,-72,15,-57,15,122,15,126,15,51,15,91,15,16,15,101,15,30,15,134,15,86,15,-91,15,-106,15,-74,15,-34,15,-69,15,43,0,-102,15,108,0,115,15,129,0,51,15,94,0]"
CSI_DATA,6962,d8:b1:90:d9:de:f0,-43,9,-99,-37,44,104,495343062,108,0,106,0,"[-36,15,-47,0,-51,15,36,1,-29,15,60,1,-1,15,42,1,5,0,-19,0,-8,15,-81,0,-51,15,102,0,-126,15,33,0,42,15,-21,15,-47,14,-44,15,-90,14,-34,15,-71,14,-4,15,2,15,8,0,0,0,0,0,-72,15,-9,15,14,0,-79,15,82,0,90,15,112,0,17,15,109,0,-14,14,84,0,6,15,59,0,63,15,49,0,129,15,64,0,-57,15,106,0,8,0,-97,0,56,0,-29,0,80,0,0,1]"
CSI_DATA,6963,d8:b1:90:d9:de:f0,-46,11,-99,-37,47,104,495504048,100,0,228,0,"[4,-6,3,-9,4,-13,4,-15,5,-17,7,-18,8,-18,90,53,8,-15,8,-13,8,-11,6,-10,5,-8,2,-7,0,-5,-2,-5,-5,-5,-8,-5,-12,-5,-15,-7,-17,-8,25,-42,-18,-10,-17,-11,-16,-12,-13,-12,-11,-11,-9,-9,0,0,-5,-5,-3,-2,-2,0,-2,4,-2,8,-3,10,-44,10,-5,15,-6,16,-8,16,-8,15,-8,13,-8,12,-6,10,-5,8,-3,6,-2,5,0,5,2,4,5,4,58,0,10,5,11,7,12,9,12,10,11,11,9,12,7,11,16,0,14,-12,4,-20,-9,-18,-18,-7,-16,6,-6,13,12,-6,8,2,4,-3,-2,-5,-7,0,-4,8,4,10,13,5,15,-5,7,-16,-6,-18,-17,-9,-19,4,-9,16,-15,7,12,8,10,-3,2,-8,-5,-4,-5,3,0,8,0,0,12,-2,8,-13,-2,-17,-15,-11,-18,1,-13,14,-5,32,10,13,14,2,9,-6,1,-8,-2,-4,-2,0,2,0,3,-2,1,-6,-5,-8,-10,-2,-10,5,-5,13,13,18,13,7,14,-3,8,-11,-1,-11,-7,-5,-7,1,-2,4]"
CSI_DATA,6964,d8:b1:90:d9:de:f0,-43,11,-99,-34,44,104,495510927,277,0,106,0,"[54,0,45,14,76,0,-22,13,66,0,-50,13,40,0,-32,13,32,0,24,14,39,0,92,14,64,0,-67,14,119,0,19,0,-45,0,93,0,25,0,-101,0,61,0,-100,0,53,0,116,0,-3,0,81,0,0,0,0,0,56,0,34,0,-48,14,60,0,102,14,103,0,42,14,-94,0,31,14,-68,0,55,14,-76,0,99,14,-117,0,-101,14,67,0,-78,14,3,0,-73,14,-74,14,-89,14,90,14,114,14,38,14,76,14]"
CSI_DATA,6965,d8:b1:90:d9:de:f0,-43,9,-99,-39,45,104,495511408,284,0,106,0,"[120,14,88,14,66,14,33,14,27,14,34,14,33,14,72,14,68,14,115,14,-119,14,-93,14,-37,14,-80,14,67,0,-92,14,-84,0,113,14,-22,0,58,14,-2,0,14,14,-39,0,-3,13,-107,0,37,14,0,0,0,0,45,0,-45,14,44,0,60,0,67,0,-87,0,110,0,-21,0,-102,0,-6,0,-100,0,-47,0,115,0,-102,0,63,0,100,0,0,0,67,0,-79,14,60,0,92,14,76,0,46,14,-118,0,59,14]"
CSI_DATA,6966,d8:b1:90:d9:de:f0,-44,9,-99,-37,45,104,495511582,304,0,106,0,"[-44,13,-47,0,-54,13,22,0,-29,13,52,0,3,0,30,0,11,0,-27,0,2,0,-88,0,-41,13,69,0,-109,13,11,0,34,13,-35,13,-47,12,-44,13,-84,12,-22,13,-66,12,13,0,-2,12,33,0,0,0,0,0,-60,13,0,0,12,0,-71,13,62,0,79,13,75,0,11,13,58,0,-19,12,33,0,0,13,14,0,56,13,16,0,-111,13,43,0,-47,13,95,0,6,0,-70,0,38,0,-11,0,34,0,11,0]"
CSI_DATA,6967,d8:b1:90:d9:de:f0,-42,9,-99,-36,43,104,495536442,198,0,106,0,"[89,0,74,16,132,0,-3,15,123,0,-35,15,92,0,-19,15,62,0,34,16,63,0,113,16,86,0,-83,16,142,0,19,0,-61,0,111,0,20,1,-124,0,76,1,-121,0,72,1,129,0,5,1,84,0,0,0,0,0,86,0,29,0,-35,16,70,0,-136,16,133,0,86,16,-84,0,77,16,-49,0,107,16,-56,0,-133,16,-109,0,-96,16,112,0,-77,16,28,0,-97,16,-57,16,142,16,-138,16,84,16,100,16,30,16]"
CSI_DATA,6968,d8:b1:90:d9:de:f0,-42,9,-99,-37,44,104,495536695,218,0,106,0,"[62,0,60,15,97,0,-18,14,82,0,-51,14,52,0,-33,14,29,0,22,15,31,0,90,15,66,0,-92,15,130,0,-12,15,-37,0,56,0,49,1,86,0,92,1,73,0,88,1,34,0,15,1,9,0,0,0,0,0,85,0,2,0,-9,15,75,0,-83,15,-109,0,-116,15,-31,0,-112,15,7,1,-81,15,-9,0,-54,15,-62,0,-48,15,129,0,-60,15,59,0,-107,15,-12,15,86,15,-64,15,19,15,-71,15,-11,14]"
CSI_DATA,6969,d8:b1:90:d9:de:f0,-43,9,-99,-34,44,104,495542930,119,0,106,0,"[50,14,-41,14,-22,13,-56,14,-56,13,-31,14,-34,13,-1,14,15,14,17,0,81,14,1,0,-97,14,-40,14,-38,14,-118,14,-4,14,26,14,-5,14,-61,13,-34,14,-98,13,-78,14,-76,13,-90,14,-6,13,0,0,0,0,-28,14,-73,14,63,0,-12,14,-78,0,15,0,4,0,6,0,32,0,-22,14,5,0,-48,14,-52,0,-48,14,-118,0,-28,14,71,0,16,0,39,0,87,0,45,0,-74,0,77,0,-19,0,-105,0]"
CSI_DATA,6970,d8:b1:90:d9:de:f0,-42,9,-99,-37,44,104,495543133,139,0,106,0,"[-111,0,-117,0,-52,0,-60,0,-8,0,-57,0,-10,0,-110,0,-39,0,109,0,-111,0,88,0,72,0,87,0,-24,15,130,0,-103,15,-55,0,127,15,27,1,-128,15,80,1,-75,15,88,1,-30,15,22,1,0,0,0,0,-1,15,90,0,-66,15,-14,15,107,15,-75,15,21,15,-104,15,-21,14,-86,15,-5,14,-44,15,58,15,-24,15,123,15,-19,15,-73,15,-38,15,-16,15,-100,15,8,0,82,15,-8,15,11,15,-63,15]"
CSI_DATA,6971,d8:b1:90:d9:de:f0,-43,9,-99,-39,45,104,495543313,119,0,106,0,"[113,0,-87,0,-109,0,-17,0,-90,0,3,0,-95,0,-22,0,-122,0,-59,0,68,0,-103,0,-1,14,103,0,-100,14,67,0,39,14,45,0,-44,13,43,0,-86,13,53,0,-70,13,68,0,-8,13,67,0,0,0,0,0,-78,14,5,0,14,0,-59,14,80,0,108,14,-123,0,36,14,-118,0,4,14,109,0,22,14,88,0,75,14,70,0,-103,14,63,0,-30,14,80,0,47,0,118,0,120,0,-86,0,-82,0,-48,0]"
CSI_DATA,6972,d8:b1:90:d9:de:f0,-44,9,-99,-36,45,104,495543489,139,0,106,0,"[-90,13,69,13,-111,13,2,13,95,13,-14,12,98,13,7,13,-107,13,46,13,-60,13,90,13,4,0,-96,13,94,0,-63,13,-32,0,-42,13,49,0,-40,13,86,0,-51,13,67,0,-65,13,11,0,-64,13,0,0,0,0,69,0,-9,13,-6,13,56,0,-66,13,-91,0,-100,13,-25,0,-105,13,3,0,-88,13,-7,0,-68,13,-62,0,-55,13,104,0,-57,13,35,0,-81,13,-37,13,104,13,-99,13,55,13,94,13,23,13]"
CSI_DATA,6973,d8:b1:90:d9:de:f0,-42,9,-99,-38,44,104,495565076,98,0,106,0,"[-100,0,-119,15,-23,0,102,15,-8,0,62,15,-40,0,60,15,-92,0,93,15,-134,0,-119,15,100,0,-26,15,88,0,84,0,100,0,-62,0,-133,0,33,1,-91,0,61,1,-69,0,33,1,-94,0,-39,0,0,0,0,0,49,0,48,0,-60,15,-7,15,90,15,-33,15,-4,14,-22,15,-39,14,0,0,-11,14,19,0,60,15,29,0,-135,15,5,0,-57,15,-29,15,2,0,-97,15,41,0,91,15,36,0,15,15,-12,15]"
CSI_DATA,6974,d8:b1:90:d9:de:f0,-42,9,-99,-34,43,104,495586573,120,0,106,0,"[-70,0,-94,15,18,1,-118,15,41,1,119,15,7,1,116,15,-44,0,-134,15,-100,0,-83,15,123,0,-6,15,96,0,100,0,90,0,-46,0,109,0,45,1,132,0,80,1,-113,0,57,1,-129,0,-24,0,0,0,0,0,30,0,63,0,-79,15,0,0,79,15,-32,15,-8,14,-36,15,-41,14,-11,15,-14,14,6,0,57,15,9,0,133,15,-9,15,-67,15,-43,15,-7,15,-108,15,33,0,83,15,27,0,19,15,-11,15]"
CSI_DATA,6975,d8:b1:90:d9:de:f0,-42,9,-99,-38,44,104,495720307,224,0,106,0,"[91,15,-128,15,18,15,98,15,-20,14,116,15,-6,14,-118,15,41,15,-80,15,117,15,-62,15,-59,15,-70,15,42,0,-118,15,134,0,81,15,-80,0,5,15,-82,0,-47,14,-122,0,-44,14,96,0,21,15,0,0,0,0,28,0,-56,15,55,0,58,0,110,0,-108,0,-100,0,-51,0,-62,0,-47,0,-70,0,-87,0,-113,0,132,0,90,0,91,0,12,0,68,0,-70,15,77,0,116,15,114,0,76,15,-96,0,98,15]"
CSI_DATA,6976,d8:b1:90:d9:de:f0,-42,11,-99,-37,44,104,495928725,277,0,106,0,"[8,0,41,15,23,0,-39,14,13,0,-64,14,-5,15,-29,14,-6,15,24,15,17,0,98,15,54,0,-80,15,125,0,11,0,-50,0,89,0,29,1,-126,0,72,1,-119,0,67,1,121,0,-1,0,87,0,0,0,0,0,67,0,44,0,-48,15,72,0,114,15,117,0,49,15,-101,0,26,15,-78,0,53,15,-96,0,101,15,122,0,-118,15,59,0,-84,15,-9,15,-74,15,-96,15,-84,15,78,15,-117,15,18,15,108,15]"
CSI_DATA,6977,d8:b1:90:d9:de:f0,-43,9,-99,-36,44,104,495929187,98,0,106,0,"[89,15,-125,15,35,15,72,15,12,15,60,15,34,15,79,15,86,15,110,15,-97,15,-102,15,-5,15,-70,15,107,0,-29,15,-32,0,0,0,56,1,26,0,99,1,30,0,84,1,25,0,11,1,24,0,0,0,0,0,56,0,21,0,-63,15,47,0,85,15,72,0,12,15,99,0,-15,14,107,0,13,15,89,0,74,15,53,0,-113,15,10,0,-46,15,-44,15,16,0,-108,15,71,0,73,15,95,0,11,15,77,0]"
CSI_DATA,6978,d8:b1:90:d9:de:f0,-43,9,-99,-38,45,104,495929328,124,0,106,0,"[36,0,52,14,42,0,-25,13,15,0,-52,13,-12,14,-22,13,-24,14,32,14,-14,14,102,14,29,0,-62,14,101,0,9,0,-44,0,65,0,36,0,82,0,84,0,61,0,72,0,23,0,8,0,-5,14,0,0,0,0,60,0,2,0,-33,14,61,0,-98,14,-102,0,114,14,-32,0,-119,14,1,0,-87,14,-17,0,-59,14,-73,0,-49,14,101,0,-55,14,27,0,-92,14,-41,14,85,14,-94,14,19,14,-110,14,-10,13]"
CSI_DATA,6979,d8:b1:90:d9:de:f0,-43,9,-99,-36,44,104,496138068,130,0,106,0,"[88,15,-121,15,19,15,92,15,-15,14,101,15,-2,14,-121,15,42,15,-82,15,114,15,-67,15,-55,15,-67,15,53,0,-91,15,-103,0,109,15,-36,0,45,15,-22,0,-3,14,-58,0,-9,14,-118,0,38,15,0,0,0,0,36,0,-49,15,40,0,65,0,66,0,-80,0,108,0,-11,0,-119,0,3,1,-115,0,-33,0,109,0,-96,0,61,0,101,0,-9,15,58,0,-93,15,40,0,74,15,49,0,9,15,83,0,11,15]"
CSI_DATA,6980,d8:b1:90:d9:de:f0,-42,9,-99,-36,43,104,496177359,101,0,106,0,"[-133,16,-89,0,117,16,-11,0,133,16,32,1,-112,16,13,1,-77,16,-35,0,-57,16,-117,0,-71,16,76,0,-125,16,-23,16,78,16,-115,16,1,16,122,16,-58,15,133,16,-58,15,-117,16,15,16,-69,16,0,0,0,0,-61,16,-35,16,53,0,-96,16,136,0,120,16,-108,0,41,16,-118,0,1,16,127,0,23,16,84,0,92,16,62,0,-113,16,66,0,-30,16,108,0,49,0,-111,0,116,0,-40,0,134,0,-3,0]"
CSI_DATA,6981,d8:b1:90:d9:de:f0,-42,9,-99,-35,43,104,496191488,130,0,106,0,"[102,0,68,16,-129,0,-7,15,-127,0,-44,15,127,0,-15,15,101,0,39,16,87,0,119,16,88,0,-59,16,109,0,61,0,-134,0,-94,0,-91,0,-6,0,-63,0,23,1,-62,0,1,1,-104,0,-62,0,0,0,0,0,17,0,59,0,-102,16,4,0,59,16,-21,16,-29,15,-27,16,-51,15,-18,16,-16,15,-9,16,61,16,-10,16,-135,16,-23,16,-44,16,-54,16,34,0,-109,16,105,0,97,16,134,0,33,16,109,0]"
CSI_DATA,6982,d8:b1:90:d9:de:f0,-42,9,-99,-37,44,104,496191954,113,0,106,0,"[16,0,46,15,26,0,-37,14,12,0,-65,14,-5,15,-37,14,-12,15,15,15,6,0,90,15,46,0,-95,15,113,0,-9,15,-61,0,67,0,15,1,110,0,62,1,119,0,56,1,95,0,-15,0,63,0,0,0,0,0,55,0,36,0,-61,15,71,0,103,15,124,0,43,15,-85,0,31,15,-54,0,68,15,-71,0,119,15,-119,0,-100,15,73,0,-68,15,0,0,-64,15,-86,15,-80,15,88,15,-117,15,28,15,103,15]"
CSI_DATA,6983,d8:b1:90:d9:de:f0,-41,11,-99,-34,42,104,496504065,100,0,114,0,"[-7,33,-9,35,-11,35,-14,36,-15,38,-16,35,-16,34,-16,32,-15,30,-15,29,-14,29,-14,29,-14,28,-14,29,-14,30,-14,32,-14,33,-15,35,-14,36,-14,36,-14,38,-13,38,-13,36,-13,36,-13,36,-11,36,-13,35,-11,34,0,0,-11,33,-10,33,-11,33,-11,35,-10,35,-11,35,-9,35,-11,35,-9,34,-9,34,-8,33,-7,32,-7,30,-5,29,-4,28,-4,27,-4,26,-3,26,-3,26,-3,27,-3,28,-4,29,-3,30,-4,30,-5,29,-5,28,-7,27,-8,24]"
CSI_DATA,6984,d8:b1:90:d9:de:f0,-42,11,-99,-37,44,104,496555421,277,0,106,0,"[120,0,90,15,-84,0,18,15,-77,0,-17,14,-106,0,-3,14,127,0,34,15,101,0,112,15,96,0,-67,15,103,0,40,0,122,0,-110,0,-110,0,-25,0,-84,0,11,1,-77,0,-4,0,-119,0,-66,0,0,0,0,0,8,0,50,0,-102,15,4,0,54,15,-16,15,-28,14,-21,15,-54,14,-12,15,-19,14,-6,15,53,15,-3,15,-126,15,-11,15,-49,15,-40,15,22,0,-92,15,85,0,99,15,114,0,43,15,93,0]"
CSI_DATA,6985,d8:b1:90:d9:de:f0,-43,9,-99,-36,44,104,496555875,284,0,106,0,"[67,15,77,0,-18,14,100,0,-45,14,116,0,-18,14,106,0,23,15,87,0,90,15,37,0,-91,15,-14,15,1,0,-89,15,90,0,90,15,-94,0,29,15,-67,0,-2,14,-81,0,13,15,-113,0,69,15,0,0,0,0,23,0,-12,15,-28,15,98,0,-60,15,-53,0,-83,15,23,1,-90,15,39,1,-82,15,3,1,-64,15,-65,0,-52,15,106,0,-38,15,17,0,-39,15,-75,15,-55,15,87,15,-67,15,20,15,-97,15]"
CSI_DATA,6986,d8:b1:90:d9:de:f0,-43,9,-99,-36,44,104,496556048,304,0,106,0,"[-39,15,-51,0,-59,15,40,1,-44,15,76,1,-16,15,51,1,0,0,-3,0,-5,15,-67,0,-40,15,107,0,-102,15,27,0,68,15,-49,15,-12,14,-82,15,-58,14,-87,15,-50,14,-58,15,17,15,-27,15,0,0,0,0,-44,15,-29,15,61,0,-81,15,-115,0,105,15,-71,0,39,15,-74,0,-2,14,-114,0,17,15,99,0,75,15,71,0,-102,15,60,0,-25,15,74,0,63,0,112,0,-113,0,-90,0,-72,0,-48,0]"
CSI_DATA,6987,d8:b1:90:d9:de:f0,-43,9,-99,-36,44,104,496556266,98,0,106,0,"[112,15,113,15,52,15,44,15,22,15,29,15,38,15,49,15,77,15,89,15,-115,15,-127,15,-31,15,-86,15,73,0,-46,15,-70,0,-13,15,22,1,15,0,63,1,14,0,49,1,7,0,-24,0,4,0,0,0,0,0,24,0,7,0,-90,15,46,0,57,15,78,0,-10,14,123,0,-24,14,-116,0,14,15,125,0,78,15,89,0,-107,15,43,0,-40,15,-16,15,21,0,-82,15,67,0,95,15,91,0,26,15,71,0]"
CSI_DATA,6988,d8:b1:90:d9:de:f0,-43,9,-99,-36,44,104,496612507,113,0,106,0,"[59,15,32,0,-26,14,42,0,-52,14,72,0,-22,14,88,0,30,15,82,0,93,15,51,0,-106,15,-16,15,-61,15,-110,15,-39,15,38,15,-54,15,-51,14,-74,15,-87,14,-105,15,-64,14,-110,15,14,15,0,0,0,0,-32,15,-55,15,63,0,10,0,-89,0,50,0,-8,0,61,0,24,1,42,0,1,1,21,0,-58,0,16,0,-125,0,21,0,67,0,55,0,17,0,117,0,-11,15,-63,0,-1,15,-3,0,43,0]"
CSI_DATA,6989,d8:b1:90:d9:de:f0,-43,9,-99,-37,45,104,496764800,108,0,106,0,"[-46,0,-42,13,29,0,-60,13,48,0,-86,13,17,0,-104,13,-39,0,-93,13,-96,0,-57,13,68,0,0,13,11,0,88,0,-26,13,-36,0,-27,13,49,0,-3,13,89,0,30,0,69,0,47,0,1,0,0,0,0,0,16,0,38,0,-46,13,-51,13,107,13,-116,13,37,13,88,13,10,13,98,13,27,13,-109,13,85,13,-73,13,-79,13,-51,13,-6,13,-50,13,69,0,-73,13,-98,0,-116,13,-60,0,67,13,-86,0]"
CSI_DATA,6990,d8:b1:90:d9:de:f0,-42,9,-99,-37,44,104,496808688,98,0,106,0,"[61,15,-39,15,-23,14,-69,15,-61,14,-62,15,-39,14,-48,15,14,15,-36,15,97,15,-30,15,-69,15,-53,15,41,0,-95,15,-116,0,106,15,-33,0,46,15,-7,0,3,15,-40,0,2,15,-100,0,53,15,0,0,0,0,30,0,-43,15,1,0,81,0,-15,15,-72,0,-6,15,8,1,3,0,26,1,7,0,-9,0,2,0,-80,0,-18,15,107,0,-57,15,23,0,-112,15,-40,15,82,15,-93,15,26,15,-114,15,2,15]"
CSI_DATA,6991,d8:b1:90:d9:de:f0,-42,9,-99,-37,44,104,496837361,98,0,106,0,"[-111,15,97,15,114,15,11,15,87,15,-18,14,88,15,5,15,127,15,54,15,-82,15,110,15,-5,15,-88,15,97,0,-31,15,-44,0,18,0,51,1,44,0,94,1,41,0,80,1,23,0,-2,0,10,0,0,0,0,0,44,0,2,0,-76,15,38,0,80,15,84,0,12,15,-131,0,-2,14,-113,0,32,15,127,0,99,15,87,0,-106,15,26,0,-48,15,-36,15,-1,15,-115,15,25,0,67,15,22,0,1,15,-2,15]"
CSI_DATA,6992,d8:b1:90:d9:de:f0,-42,9,-99,-38,44,104,496844651,130,0,106,0,"[-128,15,-104,0,80,15,-36,0,80,15,13,1,116,15,8,1,-110,15,-37,0,-79,15,-103,0,-69,15,65,0,-100,15,-44,15,104,15,117,15,28,15,51,15,-22,14,47,15,-31,14,94,15,27,15,-109,15,0,0,0,0,-43,15,-19,15,83,0,-30,15,-76,0,-73,15,-14,0,-128,15,-10,0,100,15,-58,0,106,15,-121,0,-120,15,99,0,-59,15,67,0,18,0,62,0,102,0,77,0,-83,0,132,0,-37,0,-97,0]"
CSI_DATA,6993,d8:b1:90:d9:de:f0,-43,11,-99,-38,45,104,496973218,277,0,106,0,"[-58,14,-73,0,-106,14,-13,0,-118,14,16,0,-110,14,5,0,-94,14,-40,0,-77,14,-103,0,-78,14,52,0,-93,14,-53,14,117,14,81,14,73,14,-5,13,47,14,-41,13,36,14,-12,13,66,14,53,14,0,0,0,0,-40,14,-39,14,61,0,18,0,-71,0,57,0,4,0,70,0,33,0,59,0,7,0,48,0,-57,0,38,0,107,0,44,0,30,0,64,0,-44,14,105,0,-107,14,-83,0,113,14,-23,0,-110,14]"
CSI_DATA,6994,d8:b1:90:d9:de:f0,-43,9,-99,-37,45,104,496973663,130,0,106,0,"[115,13,-110,13,63,13,61,13,24,13,50,13,30,13,72,13,58,13,108,13,114,13,-93,13,-38,13,-69,13,69,0,-67,13,-54,0,-85,13,31,0,115,13,55,0,73,13,25,0,55,13,-39,0,67,13,0,0,0,0,28,0,-44,13,-33,13,56,0,-64,13,-69,0,-61,13,13,0,-40,13,39,0,-18,13,13,0,-5,13,-53,0,-19,13,109,0,-47,13,33,0,-97,13,-33,13,65,13,-79,13,0,13,-88,13,-19,12]"
CSI_DATA,6995,d8:b1:90:d9:de:f0,-43,9,-99,-37,45,104,497182616,148,0,106,0,"[-56,13,67,13,-72,13,-17,12,-93,13,-41,12,-101,13,-17,12,-95,13,26,13,-55,13,86,13,0,0,-89,13,89,0,-33,13,-43,0,12,0,43,0,28,0,91,0,18,0,83,0,-9,13,22,0,-27,13,0,0,0,0,57,0,-9,13,-44,13,44,0,110,13,109,0,55,13,-59,0,50,13,-29,0,81,13,-43,0,116,13,-89,0,-83,13,80,0,-60,13,6,0,-61,13,-73,13,-83,13,77,13,111,13,28,13,69,13]"
CSI_DATA,6996,d8:b1:90:d9:de:f0,-45,11,-99,-40,47,104,497504042,100,0,228,0,"[6,3,9,3,12,2,15,1,18,1,19,2,19,2,98,58,18,3,17,3,15,2,13,1,11,0,8,0,6,-2,3,-5,1,-8,0,-11,-3,-15,-3,-18,-4,-20,27,-46,-3,-23,-3,-23,-2,-22,-1,-20,0,-17,0,-14,0,0,0,-7,0,-3,-2,0,-3,3,-6,6,-8,9,100,11,-11,12,-13,14,-14,14,-13,12,-12,11,-11,10,-9,9,-7,7,-4,7,-2,5,0,5,3,4,5,5,64,0,11,6,12,7,14,8,15,11,14,11,11,11,9,11,1,18,15,14,23,0,18,-14,3,-21,-10,-16,-15,-3,9,9,0,8,4,3,3,-3,-3,-5,-8,0,-7,9,2,14,14,9,19,-3,11,-17,-3,-22,-18,-12,-20,3,-15,-6,3,15,11,5,7,-3,0,-7,-7,0,-5,7,0,0,14,5,15,-7,7,-19,-8,-19,-20,-9,-20,7,-19,29,4,17,13,7,11,-2,4,-7,-1,-4,-1,0,2,1,4,-2,2,-7,-4,-8,-11,-3,-12,5,-5,13,13,20,14,7,15,-3,7,-13,-3,-12,-9,-4,-7,3,0,5]"
CSI_DATA,6997,d8:b1:90:d9:de:f0,-43,9,-99,-38,45,104,497600368,148,0,106,0,"[-84,0,110,0,-20,0,-74,0,13,0,-67,0,3,0,-92,0,-35,0,119,0,-99,0,100,0,61,0,81,0,-43,14,77,0,91,14,98,0,5,14,-119,0,-28,13,-94,0,-6,13,-86,0,50,14,-112,0,0,0,0,0,-38,14,14,0,20,0,-80,14,62,0,62,14,75,0,-12,13,68,0,-37,13,50,0,-11,13,35,0,50,14,29,0,-116,14,38,0,-37,14,66,0,40,0,108,0,112,0,-82,0,-88,0,-50,0]"
CSI_DATA,6998,d8:b1:90:d9:de:f0,-43,9,-99,-35,44,104,497600525,348,0,106,0,"[-59,0,-80,14,19,0,-99,14,47,0,-119,14,20,0,-117,14,-24,0,-97,14,-76,0,-56,14,119,0,5,0,64,0,91,0,19,0,-61,0,-9,14,23,0,-13,14,67,0,-2,14,51,0,0,0,-12,0,0,0,0,0,-18,14,47,0,-74,14,-53,14,106,14,108,14,53,14,58,14,26,14,48,14,46,14,75,14,96,14,117,14,-87,14,-90,14,-13,14,-63,14,65,0,-56,14,-99,0,-67,14,-44,0,-90,14,-40,0]"
CSI_DATA,6999,d8:b1:90:d9:de:f0,-43,9,-99,-35,44,104,497600750,368,0,106,0,"[-48,0,-37,14,36,0,-45,14,63,0,-65,14,40,0,-77,14,-5,0,-66,14,-67,0,-39,14,113,0,13,0,46,0,95,0,-11,14,-58,0,-38,14,25,0,-41,14,72,0,-21,14,57,0,-4,14,-8,0,0,0,0,0,-19,14,43,0,-67,14,-54,14,112,14,104,14,50,14,57,14,21,14,51,14,35,14,83,14,81,14,-119,14,-93,14,-81,14,-17,14,-56,14,64,0,-54,14,-101,0,-70,14,-48,0,-109,14,-49,0]"
CSI_DATA,7000,d8:b1:90:d9:de:f0,-43,9,-99,-37,44,104,497600943,120,0,106,0,"[-24,15,-51,0,-53,15,31,1,-51,15,64,1,-33,15,44,1,-30,15,3,1,-41,15,-66,0,-65,15,117,0,-127,15,30,0,63,15,-54,15,-4,14,-107,15,-47,14,-125,15,-40,14,-110,15,22,15,-80,15,0,0,0,0,-48,15,-46,15,66,0,-74,15,-99,0,-117,15,-31,0,97,15,-15,0,68,15,-48,0,83,15,-101,0,127,15,115,0,-75,15,81,0,-5,15,63,0,74,0,63,0,-107,0,92,0,-44,0,125,0]"
CSI_DATA,7001,d8:b1:90:d9:de:f0,-43,9,-99,-35,44,104,497601092,120,0,106,0,"[-46,14,52,14,-65,14,-30,13,-93,14,-56,13,-103,14,-30,13,-99,14,18,14,-61,14,76,14,-1,14,-110,14,83,0,-62,14,-58,0,-26,14,27,0,-18,14,71,0,-34,14,56,0,-59,14,-9,0,-61,14,0,0,0,0,51,0,1,0,-33,14,85,0,-92,14,-75,0,-114,14,4,0,-102,14,38,0,-72,14,13,0,-46,14,-51,0,-36,14,122,0,-44,14,42,0,-76,14,-34,14,117,14,-99,14,57,14,122,14,25,14]"
CSI_DATA,7002,d8:b1:90:d9:de:f0,-43,9,-99,-37,45,104,497601249,500,0,106,0,"[41,13,-1,13,-40,12,-3,13,-71,12,18,0,-47,12,32,0,3,13,40,0,61,13,23,0,-103,13,-20,13,-40,13,-88,13,8,0,55,13,29,0,-24,12,25,0,-70,12,-5,13,-59,12,-27,13,6,13,0,0,0,0,9,0,-46,13,76,0,42,0,-80,0,108,0,-11,0,-96,0,25,0,-108,0,4,0,88,0,-55,0,60,0,109,0,41,0,37,0,44,0,-37,13,68,0,-98,13,-114,0,107,13,-60,0,-101,13]"
CSI_DATA,7003,d8:b1:90:d9:de:f0,-43,9,-99,-35,44,104,497601513,500,0,106,0,"[23,0,49,14,26,0,-39,13,0,0,-71,13,-26,14,-49,13,-36,14,2,14,-23,14,67,14,22,0,-109,14,100,0,-44,14,-58,0,0,0,28,0,22,0,74,0,6,0,59,0,-23,14,-9,0,-34,14,0,0,0,0,46,0,3,0,-34,14,83,0,-90,14,-73,0,-107,14,3,0,-92,14,42,0,-59,14,13,0,-32,14,-53,0,-21,14,121,0,-40,14,46,0,-83,14,-20,14,101,14,-71,14,37,14,-88,14,11,14]"
CSI_DATA,7004,d8:b1:90:d9:de:f0,-42,9,-99,-38,44,104,497601804,500,0,106,0,"[-99,0,-133,0,-22,0,-82,0,20,1,-88,0,14,1,-132,0,-22,0,100,0,-88,0,79,0,94,0,78,0,-6,15,118,0,-100,15,-81,0,118,15,-4,0,112,15,50,1,-113,15,46,1,-61,15,-16,0,0,0,0,0,-22,15,50,0,-69,15,-69,15,123,15,114,15,45,15,68,15,5,15,79,15,18,15,126,15,75,15,-93,15,-122,15,-61,15,-34,15,-55,15,42,0,-81,15,111,0,132,15,-129,0,68,15,110,0]"
CSI_DATA,7005,d8:b1:90:d9:de:f0,-43,9,-99,-39,45,104,497602077,130,0,106,0,"[54,14,-48,14,-24,13,-84,14,-59,13,-90,14,-46,13,-78,14,14,14,-64,14,75,14,-65,14,-82,14,-78,14,18,0,-104,14,-120,0,103,14,-40,0,55,14,-9,0,34,14,-27,0,35,14,-80,0,79,14,0,0,0,0,46,0,-20,14,-3,14,89,0,-31,14,-50,0,-40,14,24,0,-33,14,51,0,-21,14,20,0,-21,14,-49,0,-26,14,-123,0,-44,14,46,0,-78,14,-34,14,122,14,-104,14,66,14,105,14,46,14]"
CSI_DATA,7006,d8:b1:90:d9:de:f0,-43,9,-99,-39,45,104,497809285,98,0,106,0,"[62,14,5,0,-29,13,-12,14,-68,13,-5,14,-51,13,4,0,-3,13,6,0,67,14,2,0,-95,14,-28,14,3,0,-82,14,102,0,89,14,-77,0,17,14,-54,0,-30,13,-81,0,-46,13,113,0,2,14,0,0,0,0,9,0,-60,14,-12,14,64,0,-11,14,-64,0,13,0,18,0,42,0,45,0,58,0,9,0,49,0,-62,0,27,0,109,0,-15,14,33,0,-78,14,-34,14,93,14,-85,14,21,14,-91,14,-1,13]"
CSI_DATA,7007,d8:b1:90:d9:de:f0,-42,11,-99,-37,44,104,498017712,277,0,106,0,"[114,15,110,15,49,15,47,15,16,15,39,15,26,15,67,15,74,15,115,15,-120,15,-104,15,-28,15,-53,15,88,0,-9,15,-47,0,18,0,54,1,29,0,101,1,16,0,73,1,-5,15,-7,0,-13,15,0,0,0,0,27,0,-10,15,-90,15,33,0,64,15,84,0,5,15,-129,0,1,15,-113,0,41,15,-129,0,109,15,92,0,-80,15,34,0,-16,15,-32,15,32,0,-107,15,71,0,76,15,79,0,12,15,48,0]"
CSI_DATA,7008,d8:b1:90:d9:de:f0,-42,9,-99,-37,44,104,498018174,98,0,106,0,"[119,15,111,15,58,15,41,15,26,15,26,15,39,15,59,15,80,15,103,15,-116,15,-119,15,-26,15,-75,15,91,0,-40,15,-49,0,-19,15,46,1,-19,15,86,1,-34,15,65,1,-51,15,-9,0,-48,15,0,0,0,0,40,0,1,0,-63,15,67,0,114,15,-124,0,71,15,-62,0,64,15,-42,0,99,15,-65,0,-117,15,-129,0,-75,15,60,0,-45,15,-23,15,-27,15,-110,15,-32,15,68,15,-54,15,12,15,-85,15]"
CSI_DATA,7009,d8:b1:90:d9:de:f0,-43,9,-99,-34,44,104,498018270,98,0,106,0,"[79,0,58,14,119,0,-16,13,114,0,-52,13,93,0,-31,13,72,0,20,14,54,0,96,14,51,0,-48,14,67,0,62,0,102,0,-65,0,-100,0,15,0,-72,0,47,0,-63,0,21,0,-95,0,-45,0,0,0,0,0,16,0,34,0,-85,14,-23,14,59,14,-65,14,-11,13,-79,14,-33,13,-67,14,4,14,-50,14,76,14,-39,14,-84,14,-34,14,-2,14,-44,14,75,0,-74,14,-92,0,-115,14,-63,0,79,14,-77,0]"
CSI_DATA,7010,d8:b1:90:d9:de:f0,-42,9,-99,-34,43,104,498227064,108,0,106,0,"[-120,15,65,15,116,15,-16,14,95,15,-32,14,109,15,-4,14,-121,15,43,15,-66,15,109,15,11,0,-92,15,117,0,-24,15,-43,0,37,0,49,1,84,0,92,1,93,0,76,1,85,0,2,1,64,0,0,0,0,0,48,0,37,0,-72,15,55,0,81,15,83,0,7,15,112,0,-12,14,124,0,15,15,108,0,79,15,75,0,-121,15,26,0,-52,15,-32,15,1,0,-102,15,44,0,86,15,58,0,22,15,37,0]"
CSI_DATA,7011,d8:b1:90:d9:de:f0,-42,9,-99,-36,43,104,498227218,101,0,106,0,"[-62,0,-116,16,8,1,122,16,11,1,83,16,-37,0,79,16,-87,0,102,16,-142,0,-124,16,112,0,-33,16,116,0,83,0,142,0,-90,0,-95,0,-8,0,-43,0,16,1,-25,0,-25,0,-66,0,-98,0,0,0,0,0,48,0,70,0,-78,16,72,0,105,16,105,0,38,16,-134,0,29,16,-97,0,74,16,-99,0,130,16,-139,0,-107,16,84,0,-79,16,6,0,-87,16,-74,16,-124,16,130,16,113,16,94,16,62,16]"
CSI_DATA,7012,d8:b1:90:d9:de:f0,-40,11,-99,-34,42,104,498504065,100,0,114,0,"[34,0,36,3,40,5,39,8,40,10,39,11,36,13,34,14,33,13,32,13,30,13,30,13,30,14,30,14,30,15,32,15,33,15,35,17,35,17,36,17,36,19,36,19,35,19,35,19,33,19,32,20,32,20,30,19,0,0,30,19,28,20,29,20,29,21,29,22,29,22,28,22,28,22,28,21,27,20,26,20,24,20,23,17,22,17,22,16,22,16,21,15,21,15,22,16,21,16,22,16,22,17,22,19,22,20,22,21,20,21,17,21,14,20]"
CSI_DATA,7013,d8:b1:90:d9:de:f0,-42,11,-99,-37,44,104,498644408,277,0,106,0,"[-120,15,54,15,98,15,-8,14,67,15,-14,14,68,15,29,15,103,15,83,15,-92,15,-126,15,-5,15,-87,15,106,0,-63,15,-40,0,-63,15,51,1,-85,15,88,1,-115,15,59,1,-127,15,-10,0,-113,15,0,0,0,0,90,0,-11,15,31,0,87,0,-1,15,-80,0,-8,15,-7,0,-3,15,17,1,2,0,-14,0,-1,15,-79,0,-18,15,116,0,-54,15,47,0,-108,15,-8,15,81,15,-51,15,19,15,-58,15,-4,14]"
CSI_DATA,7014,d8:b1:90:d9:de:f0,-42,9,-99,-36,43,104,498644862,130,0,106,0,"[-98,16,-44,0,-116,16,35,1,-96,16,66,1,-53,16,35,1,-26,16,-29,0,-32,16,-115,0,-58,16,69,0,-129,16,-31,16,63,16,-111,16,-28,15,133,16,-83,15,139,16,-77,15,-107,16,1,16,-66,16,0,0,0,0,-84,16,-43,16,25,0,-100,16,103,0,115,16,-139,0,51,16,-139,0,21,16,121,0,50,16,86,0,109,16,71,0,-100,16,72,0,-20,16,103,0,56,0,-126,0,123,0,-62,0,-134,0,-24,0]"
CSI_DATA,7015,d8:b1:90:d9:de:f0,-42,9,-99,-37,44,104,498644987,113,0,106,0,"[93,15,-90,0,47,15,-24,0,61,15,15,1,109,15,2,1,-103,15,-54,0,-74,15,-120,0,-69,15,44,0,-101,15,-64,15,100,15,100,15,28,15,33,15,-21,14,34,15,-25,14,74,15,26,15,-131,15,0,0,0,0,-59,15,-63,15,43,0,-80,15,-123,0,-119,15,-79,0,94,15,-67,0,67,15,-101,0,81,15,117,0,126,15,91,0,-71,15,75,0,-2,15,87,0,74,0,122,0,-119,0,-78,0,-85,0,-41,0]"
CSI_DATA,7016,d8:b1:90:d9:de:f0,-42,9,-99,-34,43,104,498645096,321,0,106,0,"[77,15,103,15,15,15,56,15,-18,14,63,15,1,15,106,15,49,15,-120,15,122,15,-97,15,-52,15,-97,15,56,0,-132,15,-114,0,78,15,-52,0,12,15,-41,0,-28,14,-74,0,-34,14,-127,0,22,15,0,0,0,0,81,0,-76,15,106,0,34,0,-117,0,118,0,-72,0,-96,0,-49,0,-86,0,-69,0,-113,0,-120,0,121,0,87,0,98,0,21,0,87,0,-57,15,109,0,-124,15,-118,0,111,15,-64,0,-132,15]"
CSI_DATA,7017,d8:b1:90:d9:de:f0,-42,9,-99,-37,44,104,498645273,98,0,106,0,"[-45,0,97,0,33,1,112,0,63,1,83,0,39,1,36,0,-26,0,13,0,-103,0,14,0,66,0,48,0,-13,15,122,0,-77,15,-43,0,-92,15,51,1,-74,15,95,1,-28,15,81,1,0,0,11,1,0,0,0,0,-18,15,87,0,-91,15,3,0,86,15,-47,15,16,15,-63,15,-5,14,-49,15,21,15,-29,15,85,15,-19,15,-114,15,-25,15,-50,15,-55,15,2,0,-113,15,30,0,77,15,19,0,7,15,-27,15]"
CSI_DATA,7018,d8:b1:90:d9:de:f0,-42,9,-99,-36,43,104,498645423,321,0,106,0,"[68,16,138,0,5,16,-85,0,14,16,-40,0,74,16,-34,0,140,16,-72,0,-104,16,135,0,-85,16,40,0,-106,16,-80,16,122,16,90,16,46,16,26,16,-13,15,29,16,-30,15,78,16,30,16,142,16,0,0,0,0,-70,16,-58,16,40,0,-90,16,132,0,136,16,-111,0,75,16,-109,0,42,16,141,0,60,16,99,0,116,16,76,0,-98,16,76,0,-24,16,112,0,51,0,-113,0,111,0,-44,0,130,0,-4,0]"
CSI_DATA,7019,d8:b1:90:d9:de:f0,-42,9,-99,-37,44,104,498645627,321,0,106,0,"[-25,15,24,15,-23,15,-51,14,-41,15,-72,14,-45,15,-36,14,-37,15,26,15,-5,15,104,15,41,0,-73,15,121,0,18,0,-53,0,100,0,19,1,-108,0,63,1,-96,0,50,1,-117,0,-12,0,115,0,0,0,0,0,57,0,63,0,-53,15,73,0,109,15,96,0,41,15,118,0,17,15,125,0,41,15,107,0,95,15,69,0,-112,15,18,0,-61,15,-37,15,-26,15,-115,15,1,0,73,15,-2,15,11,15,-31,15]"
CSI_DATA,7020,d8:b1:90:d9:de:f0,-41,9,-99,-36,43,104,498645795,321,0,106,0,"[92,0,41,16,130,0,-34,15,129,0,-61,15,96,0,-29,15,72,0,38,16,66,0,126,16,74,0,-51,16,108,0,74,0,-120,0,-94,0,-61,0,-11,0,-30,0,16,1,-26,0,-8,0,-81,0,-71,0,0,0,0,0,38,0,88,0,-86,16,54,0,94,16,43,0,13,16,44,0,-7,15,48,0,23,16,41,0,89,16,24,0,-126,16,-14,16,-56,16,-58,16,7,0,-123,16,56,0,85,16,69,0,21,16,39,0]"
CSI_DATA,7021,d8:b1:90:d9:de:f0,-42,9,-99,-37,44,104,498853787,252,0,106,0,"[77,15,-63,15,8,15,-107,15,-25,14,-102,15,-13,14,-75,15,39,15,-50,15,113,15,-47,15,-66,15,-72,15,30,0,-130,15,119,0,48,15,-98,0,-38,14,-104,0,-90,14,114,0,-86,14,67,0,-22,14,0,0,0,0,17,0,-83,15,55,0,30,0,119,0,123,0,-79,0,-93,0,-51,0,-87,0,-63,0,-116,0,-115,0,107,0,75,0,81,0,-3,15,74,0,-82,15,97,0,114,15,-113,0,89,15,-53,0,121,15]"
CSI_DATA,7022,d8:b1:90:d9:de:f0,-42,9,-99,-36,43,104,498853980,98,0,106,0,"[125,0,111,16,-104,0,50,16,-105,0,11,16,-141,0,23,16,103,0,63,16,84,0,142,16,84,0,-50,16,125,0,67,0,-85,0,-112,0,-3,0,-50,0,57,1,-52,0,66,1,-103,0,5,1,115,0,0,0,0,0,81,0,24,0,-48,16,52,0,136,16,112,0,79,16,-111,0,76,16,-75,0,118,16,-86,0,-123,16,-140,0,-86,16,74,0,-71,16,-8,16,-98,16,-92,16,133,16,121,16,70,16,89,16,22,16]"
CSI_DATA,7023,d8:b1:90:d9:de:f0,-42,11,-99,-36,44,104,499062205,277,0,106,0,"[-45,0,-46,15,32,1,-64,15,52,1,-88,15,19,1,-104,15,-50,0,-84,15,-112,0,-44,15,69,0,23,0,4,0,118,0,-39,15,-23,0,-44,15,77,1,-22,15,115,1,11,0,92,1,29,0,16,1,0,0,0,0,7,0,61,0,-51,15,-37,15,122,15,-112,15,59,15,107,15,33,15,109,15,52,15,-119,15,111,15,-87,15,-71,15,-63,15,7,0,-57,15,92,0,-78,15,-90,0,-122,15,-53,0,78,15,-82,0]"
CSI_DATA,7024,d8:b1:90:d9:de:f0,-42,9,-99,-37,44,104,499062659,113,0,106,0,"[84,15,125,15,32,15,72,15,2,15,71,15,17,15,97,15,60,15,-121,15,129,15,-97,15,-41,15,-91,15,71,0,-109,15,-80,0,106,15,-6,0,44,15,14,1,4,15,-23,0,-5,14,-91,0,40,15,0,0,0,0,58,0,-60,15,51,0,56,0,66,0,-100,0,93,0,-31,0,112,0,-15,0,115,0,-45,0,82,0,-101,0,32,0,106,0,-36,15,65,0,-116,15,49,0,64,15,52,0,10,15,91,0,17,15]"
CSI_DATA,7025,d8:b1:90:d9:de:f0,-43,9,-99,-36,44,104,499062822,124,0,106,0,"[106,0,74,15,-95,0,18,15,-85,0,1,15,-98,0,22,15,126,0,74,15,103,0,-107,15,72,0,-8,15,47,0,116,0,31,0,-19,0,26,0,84,1,34,0,115,1,41,0,84,1,32,0,17,1,0,0,0,0,-5,15,65,0,-45,15,-42,15,-102,15,110,15,113,15,50,15,105,15,38,15,127,15,58,15,-86,15,110,15,-25,15,-96,15,42,0,-41,15,117,0,2,0,-55,0,29,0,10,1,35,0,25,1]"
CSI_DATA,7026,d8:b1:90:d9:de:f0,-43,9,-99,-36,44,104,499271558,113,0,106,0,"[123,15,-75,0,71,15,-21,0,75,15,9,1,108,15,-6,0,-109,15,-50,0,-84,15,-118,0,-74,15,43,0,-94,15,-65,15,116,15,84,15,60,15,12,15,15,15,-5,14,5,15,34,15,45,15,91,15,0,0,0,0,-44,15,-58,15,59,0,-52,15,-96,0,-66,15,-35,0,-91,15,-22,0,-115,15,-56,0,-109,15,-113,0,-76,15,97,0,-23,15,55,0,40,0,37,0,116,0,42,0,-60,0,75,0,-9,0,121,0]"
CSI_DATA,7027,d8:b1:90:d9:de:f0,-42,9,-99,-35,43,104,499271658,148,0,106,0,"[-3,16,-34,0,-9,16,51,1,11,0,75,1,35,0,40,1,38,0,-27,0,17,0,-104,0,-35,16,87,0,-125,16,5,0,38,16,-54,16,-56,15,-78,16,-107,15,-57,16,-90,15,-18,16,-11,15,2,0,0,0,0,0,-80,16,-17,16,9,0,-89,16,85,0,112,16,113,0,41,16,107,0,17,16,87,0,47,16,63,0,111,16,62,0,-86,16,74,0,-7,16,117,0,66,0,-102,0,129,0,-38,0,-133,0,-3,0]"
CSI_DATA,7028,d8:b1:90:d9:de:f0,-43,9,-99,-36,44,104,499271787,224,0,106,0,"[-35,0,28,0,41,1,41,0,68,1,15,0,32,1,-9,15,-26,0,-17,15,-97,0,-6,15,76,0,40,0,-2,15,115,0,-63,15,-39,0,-81,15,46,1,-59,15,92,1,-25,15,77,1,1,0,11,1,0,0,0,0,-16,15,76,0,-78,15,-16,15,103,15,-76,15,39,15,-105,15,12,15,-96,15,40,15,-73,15,102,15,-54,15,-83,15,-53,15,-11,15,-65,15,54,0,-104,15,107,0,88,15,114,0,25,15,74,0]"
CSI_DATA,7029,d8:b1:90:d9:de:f0,-41,9,-99,-35,42,104,499330576,130,0,106,0,"[-100,18,68,18,-139,18,-15,17,119,18,-25,17,105,18,14,18,125,18,81,18,-136,18,140,18,-42,18,-128,18,75,0,-122,18,-110,0,-155,18,-13,0,97,18,7,1,36,18,-31,0,13,18,-111,0,50,18,0,0,0,0,63,0,-79,18,70,0,50,0,116,0,-139,0,-132,0,-70,0,-85,0,-58,0,-81,0,-95,0,-125,0,-156,0,116,0,114,0,30,0,92,0,-56,18,118,0,-138,18,-134,0,148,18,-56,0,-122,18]"
CSI_DATA,7030,d8:b1:90:d9:de:f0,-41,11,-99,-37,43,104,499480003,277,0,106,0,"[75,17,91,0,-25,16,122,0,-50,16,-138,0,-15,16,-125,0,39,17,-137,0,115,17,115,0,-106,17,40,0,-34,17,-72,17,13,0,94,17,30,0,-25,16,15,0,-94,16,-23,17,-85,16,-41,17,1,17,0,0,0,0,-10,17,-56,17,66,0,58,0,-122,0,-145,0,-32,0,-98,0,11,1,-108,0,-11,0,145,0,-79,0,90,0,130,0,49,0,28,0,35,0,-75,17,46,0,120,17,88,0,63,17,-139,0,75,17]"
CSI_DATA,7031,d8:b1:90:d9:de:f0,-42,9,-99,-37,44,104,499480502,98,0,106,0,"[-80,15,64,15,-88,15,-30,14,-98,15,-66,14,-97,15,-48,14,-77,15,5,15,-44,15,76,15,4,0,-100,15,71,0,5,0,-116,0,110,0,-42,0,-65,0,-2,0,-32,0,-7,0,-46,0,-55,0,-87,0,0,0,0,0,40,0,37,0,-78,15,-19,15,63,15,-59,15,-21,14,-80,15,-48,14,-83,15,-18,14,-71,15,56,15,-53,15,-122,15,-41,15,-27,15,-31,15,71,0,-40,15,-94,0,-55,15,-24,0,-91,15,-21,0]"
CSI_DATA,7032,d8:b1:90:d9:de:f0,-41,9,-99,-38,43,104,499501678,130,0,106,0,"[-120,0,-130,17,-26,0,135,17,4,1,101,17,-23,0,95,17,-71,0,122,17,-123,0,-128,17,133,0,-45,17,97,0,78,0,85,0,-92,0,105,0,26,1,141,0,80,1,-131,0,67,1,-146,0,-22,0,0,0,0,0,48,0,82,0,-62,17,0,0,105,17,-55,17,2,17,-67,17,-48,16,-48,17,-22,16,-27,17,53,17,-11,17,137,17,-19,17,-79,17,-57,17,-2,17,-120,17,59,0,101,17,74,0,15,17,28,0]"
CSI_DATA,7033,d8:b1:90:d9:de:f0,-45,11,-99,-40,47,104,499506837,100,0,228,0,"[0,7,3,9,6,10,8,12,11,13,11,15,11,15,98,58,11,15,11,14,10,12,8,11,8,8,7,6,7,3,7,0,7,-3,6,-7,6,-11,7,-15,7,-18,27,-46,9,-22,9,-21,10,-20,9,-19,8,-16,8,-14,0,0,4,-7,2,-5,0,-2,-3,0,-7,2,-10,4,86,11,-15,6,-17,7,-18,7,-17,7,-17,6,-15,6,-13,5,-10,4,-7,4,-5,4,-2,4,0,5,2,6,36,0,7,9,9,11,11,12,11,14,10,15,7,15,6,14,-11,12,0,19,15,16,23,3,18,-11,4,-19,-8,-14,0,13,-7,6,0,7,4,0,2,-4,-5,-5,-10,1,-6,11,5,15,17,8,19,-7,9,-19,-7,-20,-19,-8,-10,-13,-6,15,6,11,10,1,4,-7,-4,-6,-7,2,0,0,8,11,16,1,14,-12,1,-21,-14,-17,-22,-3,-30,18,-3,19,9,14,13,3,9,-5,1,-6,-1,-2,0,0,3,0,3,-5,-1,-8,-8,-7,-13,1,-9,11,6,24,11,11,16,0,11,-11,1,-14,-7,-8,-8,0,-3,4]"
CSI_DATA,7034,d8:b1:90:d9:de:f0,-42,9,-99,-39,44,104,499515991,108,0,106,0,"[-109,16,100,16,-126,16,25,16,121,16,0,16,117,16,26,16,130,16,67,16,-95,16,117,16,-23,16,-125,16,88,0,-113,16,-66,0,-122,16,23,1,121,16,55,1,66,16,27,1,44,16,-46,0,68,16,0,0,0,0,75,0,-74,16,46,0,47,0,45,0,-113,0,75,0,-26,0,101,0,5,1,109,0,-17,0,93,0,-76,0,43,0,-133,0,-19,16,100,0,-102,16,87,0,89,16,106,0,35,16,-129,0,49,16]"
CSI_DATA,7035,d8:b1:90:d9:de:f0,-41,9,-99,-37,43,104,499689382,98,0,106,0,"[18,17,-19,17,-72,16,-20,17,-94,16,8,0,-46,16,30,0,32,17,41,0,120,17,30,0,-77,17,-16,17,30,0,-95,17,118,0,94,17,-130,0,0,17,-131,0,-56,16,125,0,-64,16,81,0,16,17,0,0,0,0,53,0,-57,17,93,0,63,0,-140,0,-128,0,-76,0,-75,0,-41,0,-76,0,-63,0,-124,0,-123,0,115,0,85,0,72,0,-1,17,45,0,-105,17,43,0,91,17,73,0,31,17,136,0,50,17]"
CSI_DATA,7036,d8:b1:90:d9:de:f0,-42,9,-99,-34,43,104,499689505,98,0,106,0,"[59,0,25,15,65,0,-55,14,37,0,-77,14,1,0,-42,14,-12,15,27,15,-4,15,106,15,24,0,-64,15,84,0,38,0,-93,0,127,0,-9,0,-86,0,42,1,-97,0,34,1,-130,0,-24,0,100,0,0,0,0,0,48,0,43,0,-64,15,80,0,108,15,-132,0,64,15,-75,0,60,15,-52,0,96,15,-69,0,-116,15,-118,0,-73,15,81,0,-44,15,-6,15,-44,15,-97,15,-74,15,83,15,-121,15,24,15,93,15]"
CSI_DATA,7037,d8:b1:90:d9:de:f0,-42,9,-99,-34,43,104,499898245,124,0,106,0,"[90,0,39,15,117,0,-37,14,109,0,-67,14,82,0,-39,14,58,0,21,15,47,0,99,15,54,0,-70,15,88,0,44,0,-128,0,-109,0,-64,0,-28,0,-15,0,-8,0,-11,0,-31,0,-52,0,-88,0,0,0,0,0,43,0,66,0,-76,15,43,0,82,15,50,0,6,15,74,0,-16,14,92,0,18,15,88,0,86,15,66,0,-116,15,20,0,-51,15,-38,15,-2,15,-115,15,27,0,63,15,16,0,-8,14,-27,15]"
CSI_DATA,7038,d8:b1:90:d9:de:f0,-41,9,-99,-37,43,104,499898394,148,0,106,0,"[54,0,-27,0,66,0,61,1,92,0,83,1,106,0,40,1,94,0,-30,0,58,0,-110,0,-6,17,99,0,-108,17,15,0,61,17,-53,17,-45,16,-84,17,-99,16,-77,17,-87,16,-41,17,-9,16,-20,17,0,0,0,0,-80,17,-26,17,34,0,-92,17,127,0,121,17,-114,0,50,17,-114,0,21,17,-145,0,43,17,108,0,110,17,79,0,-99,17,68,0,-6,17,86,0,93,0,125,0,-105,0,-106,0,-56,0,-58,0]"
CSI_DATA,7039,d8:b1:90:d9:de:f0,-41,11,-99,-34,42,104,500106699,277,0,106,0,"[-84,0,101,17,-28,0,33,17,-49,0,-7,16,-106,0,8,17,144,0,55,17,99,0,133,17,89,0,-67,17,112,0,55,0,-124,0,-133,0,-46,0,-66,0,21,1,-49,0,43,1,-98,0,-19,0,135,0,0,0,0,0,85,0,54,0,-35,17,89,0,-135,17,-150,0,121,17,-79,0,120,17,-34,0,-140,17,-51,0,-93,17,-111,0,-70,17,109,0,-71,17,24,0,-116,17,-64,17,116,17,-133,17,29,17,-139,17,-13,16]"
CSI_DATA,7040,d8:b1:90:d9:de:f0,-42,9,-99,-35,43,104,500107143,130,0,106,0,"[-11,0,-38,16,62,1,-32,16,80,1,-42,16,45,1,-38,16,-19,0,-31,16,-94,0,-8,16,99,0,41,0,4,0,119,0,-89,16,-69,0,123,16,10,1,106,16,57,1,124,16,54,1,-116,16,-3,0,0,0,0,0,-63,16,79,0,-75,16,-38,16,-104,16,123,16,-139,16,45,16,122,16,22,16,137,16,50,16,-102,16,104,16,-43,16,-119,16,28,0,-66,16,110,0,-33,16,-75,0,-21,16,1,1,-39,16,8,1]"
CSI_DATA,7041,d8:b1:90:d9:de:f0,-42,9,-99,-37,44,104,500316096,101,0,106,0,"[-78,0,-89,0,-22,0,-36,0,1,1,-28,0,-8,0,-58,0,-61,0,-98,0,-128,0,-127,0,48,0,103,0,-63,15,83,0,80,15,78,0,-17,14,90,0,-54,14,100,0,-39,14,104,0,20,15,88,0,0,0,0,0,-73,15,1,0,0,0,-84,15,62,0,86,15,97,0,15,15,102,0,-14,14,85,0,9,15,69,0,68,15,57,0,-124,15,59,0,-44,15,80,0,46,0,114,0,125,0,-91,0,-87,0,-55,0]"
CSI_DATA,7042,d8:b1:90:d9:de:f0,-42,9,-99,-35,43,104,500316255,130,0,106,0,"[-8,0,39,0,70,1,30,0,91,1,-8,16,55,1,-40,16,-7,0,-57,16,-76,0,-42,16,137,0,9,0,87,0,98,0,65,0,-76,0,74,0,18,1,104,0,59,1,-139,0,31,1,137,0,-39,0,0,0,0,0,29,0,92,0,-73,16,69,0,95,16,74,0,22,16,107,0,9,16,-130,0,47,16,-119,0,106,16,136,0,-116,16,88,0,-80,16,22,0,-86,16,-55,16,-121,16,-133,16,97,16,106,16,43,16]"
CSI_DATA,7043,d8:b1:90:d9:de:f0,-42,9,-99,-37,44,104,500316363,98,0,106,0,"[113,0,-31,0,-110,0,42,1,-83,0,48,1,-88,0,14,1,-123,0,-38,0,92,0,-96,0,16,0,111,0,-83,15,61,0,64,15,33,0,-26,14,17,0,-72,14,20,0,-62,14,34,0,2,15,34,0,0,0,0,0,-78,15,-14,15,13,0,-82,15,91,0,100,15,-129,0,31,15,-120,0,-3,14,123,0,18,15,91,0,76,15,68,0,-118,15,61,0,-39,15,76,0,51,0,113,0,130,0,-98,0,-83,0,-59,0]"
CSI_DATA,7044,d8:b1:90:d9:de:f0,-41,11,-99,-33,42,104,500503962,100,0,114,0,"[-15,31,-19,31,-24,31,-26,30,-28,28,-27,26,-28,25,-27,20,-27,20,-26,19,-26,18,-27,18,-26,17,-27,17,-28,17,-30,17,-30,18,-32,17,-32,17,-34,18,-33,17,-34,17,-34,17,-33,16,-34,15,-32,13,-32,12,-33,11,0,0,-33,11,-33,9,-32,9,-33,10,-32,8,-33,9,-33,8,-34,8,-34,6,-33,6,-32,6,-28,5,-27,4,-26,5,-25,3,-24,4,-24,4,-24,3,-25,3,-26,3,-27,3,-28,2,-30,1,-28,0,-30,-2,-28,-3,-26,-4,-24,-5]"
CSI_DATA,7045,d8:b1:90:d9:de:f0,-43,11,-99,-37,44,104,500733395,277,0,106,0,"[-131,15,-103,0,47,15,-60,0,9,15,-36,0,15,15,-48,0,48,15,-81,0,97,15,127,0,-113,15,48,0,-55,15,-58,15,4,0,79,15,49,0,-24,14,67,0,-89,14,58,0,-94,14,42,0,-46,14,0,0,0,0,8,0,-100,15,15,0,23,0,31,0,-115,0,63,0,-21,0,86,0,16,1,87,0,1,1,67,0,-54,0,31,0,-129,0,-11,15,58,0,-76,15,-17,15,113,15,-88,15,32,15,-120,15,-10,14]"
CSI_DATA,7046,d8:b1:90:d9:de:f0,-43,9,-99,-38,45,104,500733876,98,0,106,0,"[-96,0,117,0,-47,0,-45,0,-17,0,-19,0,-25,0,-33,0,-52,0,-61,0,-106,0,-99,0,62,0,99,0,-39,14,63,0,80,14,31,0,-16,13,16,0,-81,13,28,0,-89,13,41,0,-38,13,48,0,0,0,0,0,-96,14,26,0,8,0,-19,14,104,0,-79,14,-70,0,95,14,-42,0,55,14,-62,0,62,14,-107,0,98,14,94,0,-84,14,53,0,-17,14,26,0,65,0,16,0,-84,0,34,0,-8,0,76,0]"
CSI_DATA,7047,d8:b1:90:d9:de:f0,-43,9,-99,-36,44,104,500942738,124,0,106,0,"[45,15,-126,0,-9,14,-85,0,-6,14,-59,0,35,15,-58,0,89,15,-94,0,-128,15,109,0,-96,15,28,0,-91,15,-76,15,-113,15,75,15,102,15,-4,14,56,15,-19,14,42,15,9,15,68,15,73,15,0,0,0,0,-44,15,-58,15,68,0,-44,15,-83,0,-63,15,-17,0,-107,15,-6,0,112,15,-45,0,112,15,-110,0,-117,15,100,0,-70,15,60,0,1,0,53,0,82,0,77,0,-93,0,-127,0,-43,0,-75,0]"
CSI_DATA,7048,d8:b1:90:d9:de:f0,-42,9,-99,-35,43,104,500942905,108,0,106,0,"[15,16,-78,16,-59,15,-90,16,-78,15,-66,16,-43,15,-33,16,18,16,-15,16,93,16,-14,16,-97,16,-52,16,-14,16,-127,16,55,0,49,16,77,0,-42,15,50,0,-93,15,7,0,-79,15,-18,16,-3,15,0,0,0,0,10,0,-77,16,90,0,10,0,-88,0,70,0,-5,0,79,0,30,1,50,0,3,1,18,0,-71,0,-2,16,129,0,9,0,54,0,41,0,-8,16,109,0,-45,16,-83,0,-19,16,-8,0,41,0]"
CSI_DATA,7049,d8:b1:90:d9:de:f0,-43,9,-99,-36,44,104,500943032,130,0,106,0,"[8,15,-53,15,-55,14,-60,15,-72,14,-33,15,-36,14,-4,15,16,15,13,0,92,15,0,0,-97,15,-39,15,-26,15,-115,15,22,0,46,15,32,0,-42,14,7,0,-86,14,-34,15,-69,14,-54,15,-1,14,0,0,0,0,-4,15,-71,15,82,0,-3,15,-76,0,34,0,6,1,29,0,29,1,-1,15,2,1,-30,15,-64,0,-36,15,118,0,-19,15,54,0,26,0,14,0,96,0,4,0,-73,0,38,0,-12,0,97,0]"
CSI_DATA,7050,d8:b1:90:d9:de:f0,-43,11,-99,-35,44,104,501151192,277,0,106,0,"[79,14,89,0,0,13,105,0,-32,13,-116,0,-16,13,-102,0,34,14,-110,0,84,14,99,0,-114,14,35,0,-67,14,-59,14,-45,14,76,14,-41,14,-27,13,-62,14,-83,13,-89,14,-75,13,-88,14,-24,13,0,0,0,0,-22,14,-103,14,60,0,-37,14,-92,0,10,0,-10,0,31,0,25,0,27,0,10,0,15,0,-44,0,7,0,-113,0,10,0,62,0,37,0,-2,14,88,0,-54,14,-86,0,-72,14,-17,0,-41,14]"
CSI_DATA,7051,d8:b1:90:d9:de:f0,-43,9,-99,-38,45,104,501151664,113,0,106,0,"[75,0,84,14,-118,0,12,14,112,0,-37,13,80,0,-36,13,40,0,0,14,25,0,60,14,26,0,-103,14,70,0,-4,14,-95,0,82,0,-13,0,-105,0,54,0,-103,0,70,0,101,0,31,0,56,0,0,0,0,0,96,0,14,0,-4,14,55,0,-91,14,117,0,104,14,-50,0,106,14,-7,0,-105,14,-7,0,-66,14,-58,0,-48,14,-119,0,-41,14,46,0,-66,14,-29,14,118,14,-99,14,44,14,110,14,-3,13]"
CSI_DATA,7052,d8:b1:90:d9:de:f0,-41,9,-99,-39,43,104,501360536,98,0,106,0,"[75,18,75,0,-13,17,92,0,-36,17,103,0,0,18,95,0,62,18,63,0,139,18,9,0,-81,18,-62,18,13,0,154,18,111,0,57,18,-144,0,-23,17,-129,0,-62,17,155,0,-37,17,106,0,41,18,0,0,0,0,-3,18,-28,18,-31,18,114,0,-41,18,-63,0,-40,18,29,1,-25,18,50,1,-24,18,-1,0,-30,18,-95,0,-46,18,122,0,-83,18,17,0,-133,18,-75,18,107,18,154,18,44,18,114,18,14,18]"
CSI_DATA,7053,d8:b1:90:d9:de:f0,-40,9,-99,-37,42,104,501360686,281,0,106,0,"[75,0,71,19,112,0,-20,18,114,0,-51,18,94,0,-11,18,89,0,64,19,85,0,-165,19,101,0,-42,19,134,0,102,0,-147,0,-86,0,-106,0,15,1,-77,0,50,1,-82,0,5,1,-137,0,-85,0,0,0,0,0,34,0,7,0,-101,19,-89,19,112,19,-161,19,18,19,130,19,-7,18,130,19,42,19,155,19,128,19,-132,19,-98,19,-102,19,16,0,-84,19,138,0,-98,19,-75,0,-133,19,-18,0,149,19,-41,0]"
CSI_DATA,7054,d8:b1:90:d9:de:f0,-46,11,-99,-41,48,104,501503990,100,0,228,0,"[2,0,5,3,7,6,9,8,11,10,12,11,13,11,90,53,12,9,11,8,10,6,8,5,6,2,4,1,1,0,-2,-2,-5,-3,-9,-5,-13,-5,-17,-5,-19,-6,25,-42,-22,-5,-22,-5,-21,-5,-19,-4,-17,-4,-14,-4,0,0,-8,-5,-5,-7,-2,-8,0,-9,2,-11,5,-13,67,0,8,-14,8,-15,7,-15,6,-14,5,-13,3,-11,2,-9,0,-6,0,-4,-1,-2,-2,1,-2,3,-4,6,-51,10,-4,12,-5,14,-5,16,-5,17,-5,17,-5,15,-5,13,-17,2,-13,15,0,21,16,14,21,0,13,-13,0,-15,5,1,-8,-2,-5,1,-3,1,-4,2,-3,6,1,10,9,8,14,-1,10,-13,-2,-17,-15,-10,-17,4,-8,13,-17,7,9,3,5,-2,0,-2,0,1,4,2,8,-2,0,0,-5,-13,-16,-6,-18,8,-6,20,10,19,21,6,25,-23,5,-18,-7,-15,-13,-5,-10,2,-6,6,-2,8,1,8,5,6,10,2,10,-5,4,-12,-5,-12,-13,-5,-17,16,-4,13,6,11,11,2,7,-5,0,-6,-3,-1,-1,2]"
CSI_DATA,7055,d8:b1:90:d9:de:f0,-45,11,-99,-41,47,104,501568990,277,0,106,0,"[-68,12,-2,12,53,12,-18,12,11,12,-38,12,21,12,-58,12,65,12,-66,12,-87,12,-52,12,-16,12,-15,12,53,0,57,0,-94,0,-56,0,-62,0,35,0,-68,0,95,0,-91,0,-100,0,85,0,71,0,0,0,0,0,80,0,-67,0,98,0,71,0,-73,0,5,0,-44,0,-35,12,-35,0,-48,12,-62,0,-33,12,100,0,-7,12,36,0,6,0,-31,12,13,0,96,12,5,0,21,12,-15,12,-42,11,-29,12,-51,11]"
CSI_DATA,7056,d8:b1:90:d9:de:f0,-44,9,-99,-38,46,104,501569470,113,0,106,0,"[5,0,74,0,0,0,-46,0,-10,12,-3,0,-26,12,-9,0,-39,12,-51,0,-34,12,100,0,-13,12,19,0,39,0,-73,12,-98,0,57,12,-18,0,-11,11,37,0,-29,11,50,0,-19,11,23,0,22,12,0,0,0,0,101,0,73,12,21,0,87,12,-63,12,85,12,97,12,84,12,81,12,83,12,105,12,101,12,-62,12,-82,12,-15,12,-37,12,31,0,21,0,75,0,88,0,-103,0,-50,0,-70,0,5,0,-63,0]"
CSI_DATA,7057,d8:b1:90:d9:de:f0,-44,9,-99,-35,45,104,501778351,130,0,106,0,"[-45,12,98,12,-60,12,19,12,-56,12,-4,12,-36,12,17,12,-19,12,76,12,-12,12,-70,12,-28,12,22,0,-72,12,-103,0,88,12,-12,0,22,12,40,0,-16,12,43,0,-17,12,7,0,28,12,-60,0,0,0,0,0,-37,12,77,0,56,0,43,0,-89,0,38,0,-37,0,48,0,-32,0,59,0,-73,0,64,0,85,0,44,0,24,0,9,0,-25,12,-43,12,-70,12,-109,12,-103,12,41,12,100,12,-6,12,97,12]"
CSI_DATA,7058,d8:b1:90:d9:de:f0,-43,9,-99,-36,45,104,501778495,98,0,106,0,"[85,13,11,0,10,13,31,0,-8,12,30,0,23,13,26,0,77,13,20,0,-73,13,27,0,13,0,51,0,109,0,101,0,-32,0,-61,0,21,0,-7,0,24,0,26,0,-2,0,12,0,-58,0,-38,0,0,0,0,0,90,0,16,0,64,0,-65,13,53,0,81,13,54,0,32,13,56,0,31,13,50,0,71,13,28,0,-96,13,-11,13,-35,13,-56,13,20,0,112,13,66,0,48,13,107,0,2,13,-98,0,2,13]"
CSI_DATA,7059,d8:b1:90:d9:de:f0,-47,9,-99,-36,48,104,501987268,130,0,106,0,"[47,0,-27,9,-32,0,-47,9,13,0,-54,9,19,0,-46,9,0,0,-32,9,-42,0,-23,9,63,0,-32,9,-6,9,-63,9,-74,9,47,9,32,9,-9,8,2,9,-54,8,11,9,-73,8,51,9,-60,8,0,0,0,0,-45,9,39,9,-17,9,-56,9,-5,9,21,0,-5,9,-71,0,-14,9,-32,0,-23,9,-29,0,-27,9,-47,0,-15,9,-78,0,6,0,51,0,47,0,23,0,-64,0,2,0,-17,0,-13,9,8,0]"
CSI_DATA,7060,d8:b1:90:d9:de:f0,-47,9,-99,-34,48,104,502007119,124,0,106,0,"[-51,8,33,0,64,8,-49,8,47,8,36,8,51,8,8,8,69,8,7,8,-61,8,27,8,-51,8,73,8,-47,8,-17,8,-59,8,72,0,67,8,4,0,36,8,60,0,15,8,-69,0,5,8,59,0,0,0,0,0,46,8,-19,0,70,8,74,0,-28,8,23,0,23,0,-25,8,64,0,-56,8,-65,0,-67,8,-66,0,-63,8,68,0,-60,8,41,0,-61,8,6,0,-70,8,-32,8,64,8,74,8,50,8,44,8]"
CSI_DATA,7061,d8:b1:90:d9:de:f0,-50,11,-99,-35,51,104,502195686,277,0,106,0,"[-42,0,-19,0,15,0,-19,0,-34,6,-23,0,40,6,-28,0,22,6,-33,0,20,6,-35,0,29,6,-34,0,-54,6,-26,0,-16,6,-10,0,35,0,7,0,-34,0,22,0,-9,0,29,0,-3,0,22,0,0,0,0,0,-19,0,20,0,53,0,-1,0,11,0,-17,0,-30,6,-45,0,51,6,37,0,34,6,14,0,33,6,1,0,38,6,-5,6,46,6,0,0,52,6,9,0,-50,6,29,0,-40,6,52,0,-26,6]"
CSI_DATA,7062,d8:b1:90:d9:de:f0,-49,9,-99,-38,51,104,502196131,101,0,106,0,"[8,7,30,0,26,7,-18,7,44,7,52,7,59,7,19,7,-54,7,5,7,-55,7,8,7,56,7,19,7,40,7,44,7,16,7,-35,7,-8,6,17,0,-28,6,-57,0,-37,6,-26,0,-33,6,-19,0,0,0,0,0,-14,6,-34,0,1,7,51,0,23,7,11,0,51,7,-29,7,-42,7,56,7,-21,7,39,7,-7,7,38,7,-4,7,43,7,-9,7,52,7,-22,7,-59,7,-41,7,-45,7,57,7,-30,7,42,7]"
CSI_DATA,7063,d8:b1:90:d9:de:f0,-49,9,-99,-35,50,104,502196226,266,0,106,0,"[49,7,33,7,-20,7,33,7,33,0,29,7,-55,0,25,7,-38,0,24,7,-43,0,19,7,-56,0,14,7,35,0,6,7,-15,7,0,7,51,7,-2,6,0,6,-2,6,-30,6,1,7,-30,6,19,7,0,0,0,0,-19,6,42,7,25,7,42,7,-54,7,43,7,-2,7,49,7,40,0,58,7,-59,0,-54,7,-53,0,-47,7,-55,0,-43,7,60,0,-47,7,45,0,-54,7,25,0,58,7,-1,7,44,7,-26,7]"
CSI_DATA,7064,d8:b1:90:d9:de:f0,-49,9,-99,-38,51,104,502196414,246,0,106,0,"[-31,7,-6,0,58,7,-49,0,24,7,33,0,0,7,7,0,-6,6,-3,7,-6,6,-3,7,0,7,9,0,18,7,38,0,46,7,-39,0,-35,7,6,0,0,7,43,0,25,0,-56,0,35,0,59,0,0,0,0,0,38,0,35,0,12,0,4,0,-17,7,-24,0,-51,7,58,0,47,7,20,0,36,7,-2,7,37,7,-14,7,44,7,-15,7,50,7,-6,7,58,7,8,0,-54,7,31,0,-42,7,56,0,-24,7]"
CSI_DATA,7065,d8:b1:90:d9:de:f0,-47,9,-99,-33,47,104,502405047,108,0,106,0,"[-19,0,79,9,-50,0,-41,9,-79,0,22,0,67,0,79,0,55,0,-43,0,52,0,-14,0,53,0,3,0,67,0,11,0,-70,0,-10,0,-41,0,-54,0,-6,0,47,0,16,0,-11,9,33,0,-46,9,0,0,0,0,38,0,-70,9,33,0,-53,9,4,0,-12,9,-38,0,44,0,73,0,-68,0,16,0,-29,0,-27,9,-12,0,-56,9,-10,0,-74,9,-14,0,-79,9,-25,0,-72,9,-40,0,-44,9,-62,0,-6,9]"
CSI_DATA,7066,d8:b1:90:d9:de:f0,-45,9,-99,-38,47,104,502449202,130,0,106,0,"[-11,0,41,0,-57,0,44,0,85,0,73,0,48,0,-92,0,31,0,-62,0,25,0,-41,0,39,0,-25,0,71,0,-15,0,-79,0,-35,0,-37,0,-78,0,1,0,45,0,17,0,-20,11,23,0,-68,11,0,0,0,0,2,0,64,11,-2,0,63,11,-12,0,89,11,-22,0,-55,11,-37,0,0,0,-54,0,50,0,-67,0,89,0,-74,0,-82,0,-80,0,-69,0,-70,0,-68,0,-53,0,-80,0,-49,0,73,0,-55,0]"
CSI_DATA,7067,d8:b1:90:d9:de:f0,-45,11,-99,-33,46,104,502504025,100,0,114,0,"[-14,16,-17,17,-18,17,-19,17,-19,16,-19,16,-19,15,-18,14,-16,14,-16,13,-15,13,-14,13,-14,14,-14,15,-14,16,-14,17,-14,18,-14,18,-14,19,-14,20,-13,20,-13,22,-12,21,-11,21,-11,20,-10,21,-10,20,-10,19,0,0,-8,20,-8,20,-8,20,-8,21,-7,21,-8,22,-6,22,-6,21,-5,20,-5,20,-4,20,-3,19,-2,18,-2,17,-2,16,-1,15,0,15,0,15,0,16,0,16,0,16,0,17,0,17,0,18,0,18,0,17,0,16,-1,15]"
CSI_DATA,7068,d8:b1:90:d9:de:f0,-48,11,-99,-39,50,104,502613483,277,0,106,0,"[63,0,33,8,-55,0,-68,8,-39,0,-35,8,-34,0,-15,8,-39,0,-11,8,-56,0,-21,8,61,0,-46,8,27,0,52,8,-12,8,5,8,-56,8,-41,7,48,8,-69,7,32,8,63,7,36,8,-56,7,0,0,0,0,65,8,-12,7,-30,8,25,8,14,0,55,8,51,0,-53,8,-63,0,-29,8,-60,0,-20,8,-68,0,-20,8,50,0,-26,8,28,0,-47,8,2,0,66,8,-30,8,33,8,-63,8,8,8,44,8]"
CSI_DATA,7069,d8:b1:90:d9:de:f0,-48,9,-99,-41,50,104,502613937,130,0,106,0,"[-52,8,-30,0,61,8,-74,0,41,8,31,0,32,8,5,0,42,8,-6,8,55,8,0,0,-74,8,25,0,-61,8,71,0,-54,8,-14,0,-43,8,49,0,-50,8,-59,0,-54,8,-47,0,-62,8,-71,0,0,0,0,0,70,8,6,0,64,8,-59,0,63,8,30,0,-72,8,-28,8,-56,8,-66,8,-43,8,70,8,-34,8,-68,8,-37,8,-51,8,-53,8,-27,8,68,8,-4,8,32,8,20,0,-2,8,43,0,-16,8]"
CSI_DATA,7070,d8:b1:90:d9:de:f0,-46,9,-99,-44,49,104,502664996,98,0,106,0,"[-33,10,-10,9,-7,10,-26,9,2,0,-34,9,-2,10,-18,9,-12,10,9,10,-19,10,57,10,-26,10,-67,10,-19,10,9,0,3,0,-82,0,40,0,-1,0,76,0,50,0,-75,0,63,0,-75,0,43,0,0,0,0,0,88,0,5,0,38,0,-2,0,-4,10,6,0,-38,10,7,0,-54,10,-2,0,-50,10,-23,0,-33,10,-53,0,-13,10,87,0,4,0,48,0,21,0,4,0,36,0,-46,10,41,0,84,10,27,0]"
CSI_DATA,7071,d8:b1:90:d9:de:f0,-47,9,-99,-36,48,104,502709589,224,0,106,0,"[56,0,20,0,39,0,30,0,13,0,46,0,-10,0,57,0,-32,0,54,0,-57,0,43,0,71,0,23,0,27,0,-5,9,-37,9,-37,9,47,9,-62,9,-22,8,-68,9,-70,8,-59,9,78,8,-49,9,0,0,0,0,-57,8,-11,9,-35,8,-18,9,-2,8,-29,9,35,9,-55,9,70,9,-79,9,-68,9,71,9,-55,9,77,9,-53,9,-67,9,-52,9,-38,9,-45,9,3,0,-29,9,55,0,8,0,-53,0,64,0]"
CSI_DATA,7072,d8:b1:90:d9:de:f0,-48,9,-99,-42,50,104,502732568,98,0,106,0,"[-57,8,1,0,67,8,-14,0,47,8,-29,0,46,8,-39,0,58,8,-50,0,-64,8,-66,0,-24,8,62,0,21,0,20,0,-75,0,-42,8,-35,0,36,8,-18,0,-23,8,-25,0,-59,8,-55,0,-60,8,0,0,0,0,64,0,-35,8,67,0,20,8,-63,0,64,8,-45,0,-42,8,-35,0,-16,8,-36,0,-5,8,-52,0,-5,8,70,0,-10,8,39,0,-18,8,-7,8,-24,8,-63,8,-24,8,36,8,-5,8,1,8]"
CSI_DATA,7073,d8:b1:90:d9:de:f0,-44,11,-99,-38,46,104,503031280,277,0,106,0,"[67,12,46,12,45,12,13,12,62,12,21,12,-106,12,58,12,-53,12,-106,12,2,0,-46,12,54,0,27,0,100,0,-104,0,-80,0,-30,0,-74,0,7,0,-80,0,5,0,-107,0,-41,0,70,0,98,0,0,0,0,0,15,0,-84,12,-5,12,47,12,-15,12,-10,11,-19,12,-31,11,-12,12,-1,11,0,0,69,12,3,0,-59,12,5,0,23,0,2,0,92,0,-1,12,-51,0,0,12,5,0,9,0,19,0,31,0]"
CSI_DATA,7074,d8:b1:90:d9:de:f0,-44,9,-99,-37,46,104,503031752,124,0,106,0,"[-1,0,88,0,33,0,-100,0,17,0,-97,0,-40,0,99,0,95,0,80,0,17,0,56,0,-64,12,20,0,63,12,-18,12,-1,11,-65,12,-34,11,-95,12,-26,11,-96,12,26,12,-78,12,103,12,-41,12,0,0,0,0,49,0,58,0,-85,0,-102,0,-34,0,-68,0,-20,0,-57,0,-46,0,-68,0,101,0,103,0,36,0,53,0,-26,12,5,0,-84,12,-42,12,73,12,-84,12,26,12,94,12,4,12,90,12,22,12]"
CSI_DATA,7075,d8:b1:90:d9:de:f0,-41,9,-99,-36,43,104,503240660,124,0,106,0,"[40,1,-1,16,62,1,-24,16,43,1,-41,16,8,1,-39,16,-32,0,-26,16,-60,0,-8,16,-85,0,29,0,-94,0,79,0,-89,0,133,0,-85,0,-118,0,-92,0,-108,0,-117,0,-126,0,103,0,138,0,0,0,0,0,-30,16,142,0,-93,16,-84,0,-127,16,-7,0,-123,16,39,1,-99,16,39,1,-72,16,-2,0,-62,16,-69,0,-74,16,-123,0,-105,16,125,0,140,16,118,0,105,16,136,0,106,16,-121,0,-135,16]"
CSI_DATA,7076,d8:b1:90:d9:de:f0,-42,9,-99,-32,43,104,503255037,320,0,106,0,"[-82,0,14,1,-50,0,-1,0,-47,0,-31,0,-54,0,-62,0,-80,0,-96,0,-108,0,-109,0,112,0,-114,0,81,0,-92,0,44,0,-62,0,22,0,-39,0,13,0,-34,0,6,0,-46,0,-21,15,-80,0,0,0,0,0,-89,15,-120,0,104,15,-93,0,63,15,-45,0,59,15,-11,0,86,15,1,1,117,15,-18,0,-106,15,-58,0,-93,15,-101,0,-103,15,122,0,-120,15,108,0,116,15,111,0,112,15,121,0,-116,15]"
CSI_DATA,7077,d8:b1:90:d9:de:f0,-43,9,-99,-33,44,104,503255295,340,0,106,0,"[-33,0,19,13,-53,0,-8,12,-84,0,-8,12,-117,0,11,13,95,0,38,13,83,0,66,13,88,0,94,13,113,0,-111,13,-86,0,-94,13,-58,0,-88,13,-48,0,-79,13,-59,0,-71,13,-79,0,-46,13,0,0,0,0,-81,0,26,0,-42,0,65,0,13,0,77,0,50,0,64,0,48,0,31,0,19,0,4,0,-33,0,-3,13,-67,0,5,0,-96,0,19,0,-95,0,43,0,-82,0,57,0,-72,0,44,0,-89,0]"
CSI_DATA,7078,d8:b1:90:d9:de:f0,-44,9,-99,-36,46,104,503281683,254,0,106,0,"[61,0,11,0,73,0,1,0,56,0,-12,11,23,0,-25,11,-22,0,-28,11,-65,0,-15,11,95,0,19,0,68,0,73,0,65,0,-67,0,73,0,-16,0,88,0,3,0,94,0,-5,0,73,0,-32,0,0,0,0,0,6,0,-51,0,-28,11,-19,0,-45,11,17,0,-39,11,37,0,-23,11,27,0,-7,11,-11,0,-7,11,-64,0,-21,11,96,0,-42,11,65,0,-73,11,54,0,-98,11,51,0,92,11,53,0,92,11]"
CSI_DATA,7079,d8:b1:90:d9:de:f0,-45,9,-99,-33,46,104,503281849,130,0,106,0,"[-2,10,53,0,10,0,64,0,26,0,49,0,40,0,16,0,38,0,-24,0,25,0,-64,0,-9,10,90,0,-60,10,68,0,65,10,70,0,21,10,85,0,6,10,-81,0,18,10,-80,0,41,10,90,0,0,0,0,0,46,10,26,0,16,10,2,0,-18,10,-6,10,-34,10,3,0,-25,10,20,0,16,10,26,0,59,10,21,0,-88,10,2,0,-70,10,-21,10,-61,10,-52,10,-65,10,-77,10,-72,10,-88,10,-69,10]"
CSI_DATA,7080,d8:b1:90:d9:de:f0,-43,9,-99,-36,45,104,503322867,130,0,106,0,"[-105,13,68,13,-81,13,21,13,-75,13,-2,12,-73,13,13,13,-62,13,52,13,-35,13,101,13,21,0,-73,13,-112,0,-37,13,-5,0,-21,13,84,0,-30,13,-113,0,-65,13,99,0,-96,13,41,0,-93,13,0,0,0,0,-101,0,-18,13,97,0,61,0,87,0,-88,0,96,0,-33,0,99,0,-22,0,89,0,-49,0,58,0,-97,0,14,0,90,0,-41,13,58,0,-106,13,51,0,57,13,64,0,16,13,90,0,19,13]"
CSI_DATA,7081,d8:b1:90:d9:de:f0,-44,9,-99,-35,45,104,503323404,113,0,106,0,"[68,12,-74,12,51,12,98,12,29,12,81,12,30,12,109,12,58,12,-77,12,-107,12,-55,12,-29,12,-54,12,62,0,-90,12,-75,0,63,12,-38,0,-20,12,-57,0,-81,12,-109,0,-89,12,63,0,-44,12,0,0,0,0,38,0,-102,12,89,0,-29,12,-63,0,11,0,-8,0,19,0,1,0,3,0,-28,0,-13,12,-86,0,-12,12,77,0,12,0,28,0,48,0,1,0,108,0,1,0,-44,0,20,0,1,0,64,0]"
CSI_DATA,7082,d8:b1:90:d9:de:f0,-44,11,-99,-37,45,104,503503942,100,0,228,0,"[1,-10,0,-11,0,-14,-1,-18,0,-20,0,-22,0,-22,113,67,2,-21,2,-19,3,-16,2,-14,0,-12,0,-11,-2,-9,-5,-8,-10,-7,-12,-7,-17,-9,-20,-10,-22,-11,32,-54,-23,-16,-22,-18,-20,-19,-17,-19,-14,-18,-11,-16,0,0,-7,-11,-5,-7,-5,-3,-5,0,-7,3,-9,8,-108,13,-12,11,-14,11,-15,11,-15,10,-15,9,-13,8,-12,7,-10,6,-8,6,-5,6,-3,8,-1,10,0,11,-3,13,0,16,0,19,0,21,-3,22,-5,22,-8,19,-9,16,18,-10,9,-22,-7,-26,-22,-15,-25,2,-17,16,-1,21,12,-10,13,0,6,-7,-3,-7,-8,0,-4,8,5,11,14,4,16,-8,6,-19,-9,-20,-22,-9,-22,7,-10,20,-18,5,15,8,12,-5,2,-11,-8,-6,-10,4,-2,13,0,0,19,0,17,-13,3,-24,-14,-22,-26,-8,-24,11,-22,33,7,23,18,11,17,-2,8,-11,0,-10,-4,-2,-2,2,3,2,6,-2,2,-8,-5,-10,-11,-3,-12,6,-5,28,4,15,13,8,15,-2,8,-11,-2,-11,-9,-5,-8,3]"
CSI_DATA,7083,d8:b1:90:d9:de:f0,-39,11,-99,-37,41,104,503657976,277,0,106,0,"[152,21,-37,21,40,21,-37,21,2,21,-15,21,43,21,-4,21,130,21,-20,21,-138,21,-49,21,-26,21,-133,21,97,0,127,21,-165,0,0,21,-111,0,-110,20,-114,0,-152,20,-183,0,-120,20,111,0,-26,20,0,0,0,0,-36,21,-101,21,-68,21,71,0,-61,21,-141,0,-40,21,-39,0,-24,21,-21,0,-23,21,-61,0,-45,21,-154,0,-88,21,123,0,-154,21,26,0,125,21,-46,21,18,21,-94,21,-66,20,-94,21,-79,20]"
CSI_DATA,7084,d8:b1:90:d9:de:f0,-39,9,-99,-39,41,104,503658475,252,0,106,0,"[103,0,177,23,163,0,64,23,175,0,35,23,170,0,84,23,152,0,192,23,133,0,-87,23,115,0,78,0,98,0,-140,0,84,0,47,1,83,0,183,1,76,0,-175,1,89,0,161,1,81,0,35,1,0,0,0,0,76,0,84,0,55,0,-93,23,40,0,137,23,20,0,41,23,23,0,18,23,38,0,72,23,73,0,178,23,113,0,-95,23,161,0,23,0,-169,0,150,0,-104,0,-127,0,-27,0,-76,0,-16,0]"
CSI_DATA,7085,d8:b1:90:d9:de:f0,-40,9,-99,-39,42,104,503867374,98,0,106,0,"[111,20,-35,20,19,20,-82,20,-16,19,-94,20,16,20,-90,20,83,20,-90,20,-170,20,-102,20,-54,20,-133,20,80,0,153,20,-130,0,68,20,-39,0,-4,19,-6,0,-61,19,-37,0,-60,19,-112,0,6,20,0,0,0,0,72,0,-111,20,30,0,41,0,6,0,-163,0,8,0,-53,0,15,0,-8,0,9,0,-39,0,-12,20,-113,0,-53,20,150,0,-111,20,67,0,159,20,-5,20,61,20,-53,20,-16,19,-69,20,-41,19]"
CSI_DATA,7086,d8:b1:90:d9:de:f0,-41,9,-99,-38,43,104,504076255,130,0,106,0,"[140,0,-147,17,-90,0,91,17,-85,0,48,17,-123,0,47,17,136,0,90,17,118,0,-141,17,121,0,-41,17,-140,0,66,0,-51,0,-137,0,39,1,-85,0,105,1,-102,0,111,1,139,0,33,1,66,0,0,0,0,0,97,0,-16,17,-38,17,22,0,-143,17,95,0,101,17,-131,0,96,17,-86,0,129,17,-104,0,-131,17,150,0,-110,17,82,0,-110,17,1,0,150,17,-72,17,79,17,-137,17,2,17,-150,17,-34,16]"
CSI_DATA,7087,d8:b1:90:d9:de:f0,-41,9,-99,-36,42,104,504083655,130,0,106,0,"[-142,0,135,0,-85,0,-110,0,-42,0,-99,0,-56,0,-124,0,-107,0,-149,0,151,0,142,0,47,0,144,0,-64,18,-137,0,139,18,-64,0,67,18,12,1,59,18,62,1,104,18,66,1,-140,18,-1,0,0,0,0,0,-35,18,101,0,-45,18,-42,18,-76,18,158,18,-130,18,76,18,158,18,57,18,-152,18,83,18,-112,18,135,18,-41,18,-149,18,32,0,-125,18,125,0,-134,18,-108,0,154,18,-74,0,85,18,-99,0]"
CSI_DATA,7088,d8:b1:90:d9:de:f0,-43,11,-99,-37,44,104,504284673,277,0,106,0,"[62,15,41,0,-17,14,77,0,-31,14,118,0,-9,14,-131,0,39,15,111,0,85,15,77,0,129,15,9,0,-108,15,-80,15,-99,15,78,15,-114,15,-8,14,123,15,-29,14,109,15,0,15,121,15,73,15,0,0,0,0,-36,15,-3,15,66,0,64,0,-79,0,104,0,3,1,104,0,30,1,83,0,4,1,59,0,-60,0,44,0,129,0,55,0,57,0,88,0,4,0,-115,0,-29,15,-40,0,-16,15,26,1,30,0]"
CSI_DATA,7089,d8:b1:90:d9:de:f0,-42,9,-99,-39,44,104,504285126,101,0,106,0,"[126,0,-98,0,-81,0,-44,0,-31,0,-49,0,-29,0,-88,0,-58,0,-124,0,-118,0,123,0,83,0,114,0,-13,16,-137,0,-103,16,-82,0,115,16,-21,0,113,16,23,1,-122,16,19,1,-61,16,-34,0,0,0,0,0,26,0,31,0,1,0,-98,16,-49,16,66,16,-121,16,1,16,112,16,0,16,111,16,44,16,-133,16,103,16,-64,16,-129,16,10,0,-110,16,89,0,-125,16,-114,0,104,16,-94,0,42,16,137,0]"
CSI_DATA,7090,d8:b1:90:d9:de:f0,-41,9,-99,-38,43,104,504285267,98,0,106,0,"[-93,0,-102,17,-5,0,-144,17,24,1,136,17,-3,0,-149,17,-38,0,-120,17,-101,0,-65,17,-148,0,17,0,96,0,127,0,39,0,-65,0,2,0,28,1,-17,17,77,1,-1,17,54,1,14,0,-28,0,0,0,0,0,27,0,33,0,-2,17,-110,17,-45,17,74,17,-83,17,-14,16,-101,17,-35,16,-91,17,2,17,-47,17,73,17,7,0,148,17,71,0,-84,17,-141,0,-32,17,-42,0,-4,17,20,1,-9,17,30,1]"
CSI_DATA,7091,d8:b1:90:d9:de:f0,-41,11,-99,-37,43,104,504503762,100,0,114,0,"[-18,-25,-19,-28,-19,-31,-18,-33,-17,-33,-16,-34,-13,-32,-13,-32,-13,-28,-12,-28,-13,-26,-12,-26,-15,-27,-15,-27,-16,-27,-17,-28,-18,-30,-19,-30,-20,-31,-21,-30,-21,-31,-21,-30,-20,-30,-23,-28,-20,-27,-20,-27,-21,-26,-21,-26,0,0,-21,-25,-20,-24,-23,-25,-23,-25,-24,-26,-23,-26,-24,-25,-24,-25,-25,-24,-24,-21,-24,-20,-24,-20,-24,-19,-23,-18,-21,-17,-23,-16,-21,-15,-23,-15,-23,-15,-23,-15,-25,-16,-25,-17,-25,-17,-26,-17,-26,-18,-26,-18,-21,-18,-20,-17]"
CSI_DATA,7092,d8:b1:90:d9:de:f0,-42,11,-99,-39,44,104,504702470,277,0,106,0,"[13,0,-94,0,31,0,-1,0,57,0,30,1,69,0,4,1,58,0,-55,0,19,0,-119,0,-52,16,89,0,124,16,16,0,-1,15,-30,16,-103,15,-44,16,133,15,-10,16,-119,15,32,0,-33,15,59,0,0,0,0,0,-58,16,59,0,57,0,9,0,-112,0,-59,16,-56,0,-130,16,-51,0,110,16,-87,0,122,16,-135,0,-106,16,106,0,-37,16,86,0,44,0,86,0,131,0,111,0,-66,0,-112,0,-15,0,-64,0]"
CSI_DATA,7093,d8:b1:90:d9:de:f0,-42,9,-99,-38,44,104,504702933,98,0,106,0,"[-27,15,-99,0,-42,15,-7,0,-20,15,29,1,0,0,11,1,1,0,-47,0,-19,15,-111,0,-69,15,79,0,115,15,5,0,7,15,-51,15,-86,14,-64,15,-130,14,-43,15,-104,14,4,0,-29,14,37,0,0,0,0,0,-67,15,46,0,47,0,-2,15,-123,0,-75,15,-74,0,123,15,-74,0,86,15,-105,0,102,15,126,0,-118,15,100,0,-56,15,96,0,15,0,117,0,96,0,-114,0,-104,0,-51,0,-78,0,-18,0]"
CSI_DATA,7094,d8:b1:90:d9:de:f0,-41,9,-99,-36,42,104,504911850,130,0,106,0,"[140,18,139,18,60,18,88,18,27,18,95,18,60,18,127,18,127,18,-158,18,-108,18,-138,18,3,0,-143,18,132,0,147,18,-67,0,93,18,5,1,33,18,3,1,-5,17,-59,0,2,18,-146,0,62,18,0,0,0,0,-1,18,-50,18,-45,18,81,0,-70,18,-119,0,-59,18,-41,0,-49,18,-23,0,-44,18,-65,0,-56,18,-143,0,-91,18,104,0,-140,18,32,0,113,18,-13,18,35,18,-40,18,-17,17,-22,18,-5,17]"
CSI_DATA,7095,d8:b1:90:d9:de:f0,-40,9,-99,-37,42,104,504911984,130,0,106,0,"[-71,0,64,0,29,1,73,0,51,1,49,0,9,1,34,0,-71,0,41,0,-155,0,73,0,80,0,145,0,-10,19,-90,0,-85,19,20,1,-123,19,114,1,-91,19,139,1,-51,19,94,1,-11,19,-9,0,0,0,0,0,23,0,47,0,-10,19,-93,19,-67,19,117,19,-120,19,60,19,-138,19,54,19,-112,19,86,19,-59,19,138,19,15,0,-152,19,99,0,-126,19,-147,0,-132,19,-71,0,-164,19,-38,0,123,19,-85,0]"
CSI_DATA,7096,d8:b1:90:d9:de:f0,-42,9,-99,-36,43,104,505120757,128,0,106,0,"[33,0,-59,0,40,0,13,1,61,0,34,1,79,0,3,1,76,0,-52,0,37,0,-105,0,-32,16,134,0,-136,16,106,0,33,16,113,0,-43,15,-135,0,-71,15,-84,0,-31,15,-52,0,41,16,-74,0,0,0,0,0,-95,16,74,0,-75,16,-29,16,-79,16,-131,16,-97,16,85,16,-120,16,56,16,-114,16,70,16,-79,16,100,16,-35,16,129,16,19,0,139,16,78,0,116,16,130,0,70,16,-138,0,20,16,111,0]"
CSI_DATA,7097,d8:b1:90:d9:de:f0,-41,9,-99,-34,42,104,505120870,108,0,106,0,"[76,0,-70,0,79,0,-3,0,99,0,21,1,104,0,-7,0,97,0,-54,0,51,0,-106,0,-21,17,-136,0,-125,17,-148,0,67,17,-127,0,-11,16,-89,0,-40,16,-47,0,-3,16,-30,0,60,17,-64,0,0,0,0,0,-112,17,93,0,-108,17,-10,17,-129,17,-106,17,146,17,118,17,133,17,89,17,144,17,93,17,-122,17,116,17,-78,17,135,17,-21,17,136,17,33,0,104,17,76,0,49,17,86,0,4,17,52,0]"
CSI_DATA,7098,d8:b1:90:d9:de:f0,-40,9,-99,-36,41,104,505160106,165,0,106,0,"[127,0,70,21,138,0,-28,19,97,0,-70,19,55,0,-45,19,18,0,16,21,26,0,90,21,73,0,156,21,165,0,-156,21,-86,0,-135,21,4,1,-152,21,19,1,172,21,-26,0,151,21,-125,0,175,21,0,0,0,0,91,0,-11,21,81,0,125,0,124,0,-104,0,-173,0,-40,0,-127,0,-38,0,-125,0,-87,0,-172,0,-155,0,120,0,169,0,40,0,162,0,-25,21,-163,0,-77,21,-100,0,-77,21,-25,0,-18,21]"
CSI_DATA,7099,d8:b1:90:d9:de:f0,-40,9,-99,-38,42,104,505160375,185,0,106,0,"[56,20,-104,20,-37,18,-126,20,-73,18,-113,20,-38,18,-84,20,24,20,-70,20,112,20,-76,20,-141,20,-116,20,-42,20,154,20,53,0,61,20,100,0,-20,18,102,0,-64,18,70,0,-38,18,32,0,50,20,0,0,0,0,52,0,-41,20,106,0,100,0,-158,0,-133,0,-80,0,-82,0,-45,0,-80,0,-72,0,-118,0,-146,0,-168,0,98,0,144,0,13,0,138,0,-80,20,158,0,-168,20,-134,0,144,20,-81,0,168,20]"
CSI_DATA,7100,d8:b1:90:d9:de:f0,-39,9,-99,-36,40,104,505329629,318,0,106,0,"[-163,0,-69,23,-49,0,-110,23,-31,0,-141,23,-80,0,-125,23,-158,0,-61,23,169,0,25,0,87,0,158,0,17,0,-77,0,-26,23,80,1,-42,23,-201,1,-11,23,-187,1,28,0,133,1,45,0,-4,0,0,0,0,0,7,0,58,0,-45,23,-101,23,-110,23,150,23,-158,23,85,23,-158,23,74,23,-107,23,120,23,-25,23,185,23,71,0,-158,23,180,0,-112,23,-112,0,-90,23,-3,0,-80,23,57,1,-114,23,28,1]"
CSI_DATA,7101,d8:b1:90:d9:de:f0,-38,9,-99,-37,40,104,505329806,338,0,106,0,"[177,24,-117,24,55,24,-148,24,8,24,-115,24,53,24,-61,24,141,24,-57,24,-174,24,-102,24,-78,24,-192,24,-14,24,81,24,3,0,-83,22,-35,24,-194,22,-123,24,-205,22,-179,24,-123,22,-168,24,37,24,0,0,0,0,-24,24,-81,24,132,0,9,0,-143,0,39,0,-44,0,30,0,-26,0,14,0,-88,0,17,0,-179,0,45,0,177,0,109,0,127,0,185,0,123,0,-135,0,154,0,-32,0,-203,0,11,1,-140,0]"
CSI_DATA,7102,d8:b1:90:d9:de:f0,-39,9,-99,-36,40,104,505330027,318,0,106,0,"[-71,23,153,23,-128,23,44,23,-171,23,33,23,-158,23,83,23,-96,23,166,23,0,0,-163,23,142,0,-103,23,-96,0,-53,23,71,1,-44,23,182,1,-66,23,193,1,-104,23,117,1,-134,23,-28,0,-122,23,0,0,0,0,45,0,-15,23,-95,23,98,0,-196,23,201,0,161,23,-129,0,156,23,-122,0,190,23,-183,0,-182,23,115,0,-166,23,11,0,-163,23,-101,23,-194,23,193,23,161,23,93,23,99,23,58,23,82,23]"
CSI_DATA,7103,d8:b1:90:d9:de:f0,-38,9,-99,-37,40,104,505330240,338,0,106,0,"[184,24,-125,24,88,24,-187,24,45,24,-189,24,92,24,-166,24,181,24,-154,24,-119,24,-159,24,13,0,-207,24,172,0,120,24,-106,0,27,24,-24,0,-63,22,-35,0,-88,22,-114,0,-45,22,203,0,63,24,0,0,0,0,63,0,-61,24,37,0,122,0,37,0,-140,0,44,0,-50,0,35,0,-35,0,6,0,-86,0,-47,24,-172,0,-120,24,168,0,-203,24,89,0,110,24,45,0,-1,22,26,0,-61,22,50,0,-44,22]"
CSI_DATA,7104,d8:b1:90:d9:de:f0,-47,11,-99,-34,48,104,505503942,100,0,228,0,"[-7,9,-7,11,-7,12,-7,13,-7,14,-8,14,-8,14,73,44,-7,13,-7,11,-5,9,-4,8,-3,7,-2,5,0,4,2,3,4,2,7,1,10,1,13,1,15,2,20,-35,17,3,17,4,16,4,15,5,14,4,13,4,0,0,10,1,8,0,8,-1,8,-3,7,-5,8,-7,-65,0,8,-9,8,-10,8,-9,7,-9,7,-8,5,-7,4,-6,3,-5,2,-4,0,-4,0,-3,-2,-3,-3,-4,-46,8,-6,-4,-7,-5,-8,-5,-8,-6,-8,-6,-7,-6,-6,-6,-13,5,-8,14,3,18,15,11,19,-1,12,-13,0,-16,-18,4,-12,1,-5,9,3,9,9,2,8,-7,0,-11,-10,-7,-13,2,-8,13,3,16,13,8,16,-2,8,-12,14,-10,-9,-5,-8,2,-1,5,2,2,3,-2,-1,-5,0,0,-8,4,-4,11,5,12,13,5,14,-5,6,-14,2,-23,-13,-6,-12,4,-4,10,4,8,7,1,4,-4,-1,-5,-5,-1,-5,4,0,7,5,5,8,-1,5,-7,-6,-13,-7,-5,-9,1,-5,7,1,7,5,4,5,-1,1,-4]"
CSI_DATA,7105,d8:b1:90:d9:de:f0,-46,11,-99,-35,47,104,505538065,277,0,106,0,"[27,10,-55,0,2,10,-26,0,15,10,-1,0,52,10,2,0,-77,10,-17,0,-48,10,-59,0,-32,10,58,0,-47,10,-11,10,85,10,-72,10,28,10,72,10,-11,9,79,10,-13,9,-70,10,19,10,-48,10,0,0,0,0,-66,10,-67,10,-43,10,57,10,-48,10,6,10,-70,10,-20,9,85,10,-9,9,84,10,30,10,-69,10,78,10,-35,10,-64,10,2,0,-48,10,41,0,-52,10,72,0,-71,10,83,0,84,10,70,0]"
CSI_DATA,7106,d8:b1:90:d9:de:f0,-45,9,-99,-37,47,104,505538510,147,0,106,0,"[66,10,30,10,52,10,-9,10,36,10,-15,10,38,10,10,10,57,10,45,10,92,10,88,10,-38,10,-67,10,37,0,-47,10,-64,0,-45,10,-1,0,-59,10,27,0,-77,10,16,0,-81,10,-18,0,-61,10,0,0,0,0,-91,0,24,0,-93,0,-93,0,-76,0,-36,0,-61,0,-3,0,-58,0,-9,0,-74,0,-40,0,78,0,-77,0,35,0,75,0,-8,10,53,0,-55,10,50,0,90,10,58,0,72,10,66,0,72,10]"
CSI_DATA,7107,d8:b1:90:d9:de:f0,-46,9,-99,-36,47,104,505538630,167,0,106,0,"[-31,0,-84,0,7,0,-55,0,26,0,-61,0,23,0,89,0,-9,0,58,0,-60,0,36,0,58,0,29,0,-22,10,43,0,88,10,78,0,41,10,-52,0,30,10,-19,0,53,10,-16,0,83,10,-50,0,0,0,0,0,-83,10,16,0,68,10,-43,10,24,10,-82,10,-11,9,86,10,-12,9,-79,10,16,10,-55,10,67,10,-38,10,-61,10,-31,10,-14,10,-41,10,26,0,-65,10,53,0,87,10,60,0,65,10,50,0]"
CSI_DATA,7108,d8:b1:90:d9:de:f0,-40,9,-99,-35,41,104,505747462,130,0,106,0,"[-76,0,135,20,-64,0,61,20,-116,0,32,20,174,0,63,20,129,0,126,20,133,0,-149,20,-175,0,-74,20,-93,0,-12,20,6,1,6,0,65,1,-21,20,50,1,-68,20,-27,0,-94,20,-130,0,-60,20,0,0,0,0,59,0,97,0,53,0,-122,0,108,0,-27,0,168,0,5,1,-166,0,-26,0,163,0,-91,0,97,0,-150,0,24,0,-172,0,-38,20,-161,0,-83,20,-111,0,-98,20,-41,0,-63,20,2,1,10,0]"
CSI_DATA,7109,d8:b1:90:d9:de:f0,-39,9,-99,-37,41,104,505747606,113,0,106,0,"[-168,21,31,21,129,21,4,21,94,21,47,21,110,21,116,21,167,21,168,21,-133,21,-183,21,-42,21,167,21,21,0,94,21,62,0,-2,20,50,0,-62,20,11,0,-65,20,-30,21,2,21,-24,21,122,21,0,0,0,0,117,0,-63,21,-125,0,-47,21,-23,0,-78,21,24,1,-129,21,-1,0,-161,21,-74,0,-139,21,-139,0,-88,21,-173,0,-15,21,-164,0,52,0,-117,0,107,0,-47,0,130,0,0,1,81,0,-24,0]"
CSI_DATA,7110,d8:b1:90:d9:de:f0,-40,9,-99,-34,41,104,505802542,98,0,106,0,"[-136,0,-60,0,-94,0,-40,0,-88,0,-66,0,-134,0,-106,0,138,0,-138,0,68,0,-153,0,-28,20,-134,0,-117,20,-85,0,149,20,-24,0,117,20,24,1,136,20,20,1,-162,20,-32,0,-116,20,-136,0,0,0,0,0,-108,20,-16,20,-165,20,-120,20,109,20,148,20,76,20,122,20,85,20,132,20,138,20,153,20,-125,20,-168,20,-52,20,158,20,14,0,128,20,61,0,73,20,74,0,16,20,37,0,-16,18,-6,20]"
CSI_DATA,7111,d8:b1:90:d9:de:f0,-41,9,-99,-37,43,104,506165242,124,0,106,0,"[-10,0,-48,17,42,1,-92,17,17,1,-115,17,-55,0,-98,17,-135,0,-51,17,91,0,15,0,26,0,110,0,-17,17,-75,0,-36,17,31,1,-24,17,95,1,10,0,85,1,48,0,11,1,45,0,-112,0,0,0,0,0,-32,17,-71,17,-102,17,128,17,118,17,69,17,75,17,65,17,83,17,100,17,-142,17,-139,17,-54,17,-92,17,43,0,-69,17,133,0,-70,17,-80,0,-94,17,-20,0,-133,17,-17,0,102,17,-85,0]"
CSI_DATA,7112,d8:b1:90:d9:de:f0,-41,9,-99,-38,43,104,506165346,130,0,106,0,"[58,17,147,17,-1,16,129,17,2,17,-149,17,61,17,-116,17,143,17,-99,17,-64,17,-99,17,43,0,-116,17,-147,0,134,17,-53,0,79,17,-17,0,35,17,-38,0,22,17,-105,0,58,17,117,0,146,17,0,0,0,0,5,0,68,0,-10,17,-109,0,3,0,-21,0,21,0,17,1,26,0,-9,0,8,0,-87,0,-30,17,123,0,-89,17,45,0,-150,17,-14,17,74,17,-48,17,0,17,-61,17,-32,16,-32,17,1,17]"
CSI_DATA,7113,d8:b1:90:d9:de:f0,-42,9,-99,-35,43,104,506165516,113,0,106,0,"[14,16,71,0,-28,15,109,0,-7,15,125,0,53,16,105,0,116,16,59,0,-103,16,-11,16,-61,16,-102,16,-32,16,65,16,-23,16,-29,15,-44,16,-86,15,-65,16,-76,15,-79,16,2,16,-64,16,110,16,0,0,0,0,63,0,32,0,138,0,112,0,-54,0,-129,0,-16,0,-128,0,-38,0,126,0,-106,0,98,0,79,0,82,0,-9,16,88,0,-88,16,114,0,127,16,-116,0,91,16,-58,0,99,16,-22,0,-121,16]"
CSI_DATA,7114,d8:b1:90:d9:de:f0,-41,9,-99,-38,43,104,506165679,214,0,106,0,"[-65,0,134,17,-32,0,79,17,-55,0,67,17,-114,0,109,17,140,0,-127,17,106,0,-29,17,102,0,80,0,122,0,-111,0,-140,0,-8,0,-108,0,36,1,-79,0,13,1,-97,0,-59,0,131,0,147,0,0,0,0,0,-65,17,-8,17,110,17,-30,17,19,17,-27,17,-21,16,-5,17,2,17,5,0,84,17,-7,17,-124,17,-36,17,-42,17,-91,17,16,0,-148,17,46,0,74,17,51,0,-3,16,19,0,-30,16,-38,17]"
CSI_DATA,7115,d8:b1:90:d9:de:f0,-41,9,-99,-35,42,104,506165860,214,0,106,0,"[-40,0,134,0,24,1,121,0,20,1,78,0,-41,0,48,0,-130,0,42,0,83,0,72,0,-20,18,125,0,-106,18,-96,0,145,18,-3,0,138,18,66,1,-125,18,74,1,-64,18,3,1,-25,18,-112,0,0,0,0,0,-26,18,-66,18,-85,18,130,18,154,18,57,18,105,18,47,18,111,18,89,18,-141,18,146,18,-55,18,-110,18,42,0,-85,18,133,0,-81,18,-100,0,-119,18,-42,0,140,18,-41,0,86,18,-116,0]"
CSI_DATA,7116,d8:b1:90:d9:de:f0,-42,9,-99,-36,43,104,506166041,192,0,106,0,"[-16,0,76,0,42,1,83,0,28,1,71,0,-43,0,68,0,-129,0,72,0,54,0,80,0,-57,16,104,0,125,16,134,0,25,16,-120,0,-26,15,-104,0,-29,15,-95,0,30,16,-124,0,130,16,100,0,0,0,0,0,48,0,-54,16,121,0,139,16,-109,0,81,16,-93,0,49,16,-100,0,66,16,-140,0,-143,16,104,0,-48,16,71,0,43,0,48,0,129,0,48,0,-68,0,56,0,2,1,79,0,21,1,97,0]"
CSI_DATA,7117,d8:b1:90:d9:de:f0,-41,9,-99,-35,42,104,506166169,212,0,106,0,"[-12,0,-68,18,41,1,-89,18,25,1,-91,18,-40,0,-58,18,-125,0,-14,18,99,0,46,0,3,0,127,0,-85,18,-88,0,150,18,-2,0,113,18,47,1,122,18,40,1,-145,18,-18,0,-84,18,-130,0,0,0,0,0,4,0,-77,18,29,0,111,18,30,0,13,18,30,0,-23,17,28,0,9,18,39,0,95,18,62,0,-108,18,91,0,-4,18,130,0,88,0,-130,0,-146,0,-73,0,-95,0,-35,0,-88,0,-50,0]"
CSI_DATA,7118,d8:b1:90:d9:de:f0,-45,9,-99,-36,47,104,506374104,101,0,106,0,"[2,0,-11,10,38,0,-9,10,32,0,-9,10,-5,0,-4,10,-55,0,7,0,68,0,31,0,9,0,64,0,-49,10,-70,0,82,10,-21,0,60,10,14,0,67,10,26,0,-81,10,-3,0,-40,10,-67,0,0,0,0,0,9,0,-41,10,5,0,53,10,-13,10,-4,9,-33,10,-29,9,-42,10,-12,9,-30,10,42,10,-4,10,-77,10,31,0,-24,10,70,0,12,0,-63,0,36,0,-23,0,44,0,-8,0,26,0,-32,0]"
CSI_DATA,7119,d8:b1:90:d9:de:f0,-48,11,-99,-36,50,104,506503982,100,0,114,0,"[-7,-19,-7,-21,-6,-23,-5,-24,-5,-24,-5,-24,-5,-22,-5,-22,-4,-19,-4,-19,-5,-18,-5,-17,-6,-16,-6,-15,-7,-15,-8,-16,-8,-16,-8,-16,-10,-17,-10,-16,-10,-14,-10,-14,-10,-13,-11,-13,-10,-11,-11,-11,-10,-10,-10,-8,0,0,-10,-7,-10,-7,-11,-7,-9,-5,-9,-5,-9,-5,-10,-5,-8,-3,-8,-2,-8,-2,-8,-1,-7,-1,-7,-1,-6,-1,-6,0,-5,0,-4,0,-4,0,-4,0,-3,1,-3,1,-3,0,-3,0,-4,1,-4,1,-3,0,-3,0,-3,0]"
CSI_DATA,7120,d8:b1:90:d9:de:f0,-44,11,-99,-33,45,104,506582558,277,0,106,0,"[4,12,92,0,23,12,75,0,28,12,43,0,18,12,8,0,8,12,4,0,2,12,8,0,2,12,33,0,21,12,58,0,85,12,77,0,-40,12,80,0,56,0,58,0,-76,0,13,0,-27,0,-30,12,0,0,0,0,8,0,-94,12,22,0,100,12,31,0,-89,12,31,0,-67,12,29,0,-32,12,22,0,-8,12,9,0,12,0,-10,0,13,0,-21,0,15,0,-36,0,4,0,-66,0,-12,12,94,0,-31,12,24,0]"
CSI_DATA,7121,d8:b1:90:d9:de:f0,-44,9,-99,-34,45,104,506583003,108,0,106,0,"[30,0,-15,11,28,0,1,12,53,0,23,12,79,0,31,12,89,0,26,12,79,0,11,12,53,0,3,12,15,0,15,12,-28,12,62,12,-66,12,-70,12,-74,12,37,0,-55,12,-84,0,-21,12,-21,0,0,0,0,0,37,0,33,0,58,0,46,0,48,0,47,0,27,0,50,0,0,12,43,0,-21,12,27,0,-31,12,5,0,-31,12,-6,0,-26,12,-21,0,-10,12,-37,0,9,0,-63,0,33,0,99,0,36,0]"
CSI_DATA,7122,d8:b1:90:d9:de:f0,-44,9,-99,-32,45,104,506583121,130,0,106,0,"[27,11,-74,0,43,11,-87,0,43,11,89,0,29,11,68,0,21,11,67,0,16,11,82,0,27,11,-97,0,61,11,-76,0,-81,11,-80,0,0,0,90,0,73,0,22,0,-87,0,-53,11,-67,0,87,11,0,0,0,0,-79,0,9,11,-83,0,-11,11,-76,0,-16,11,-65,0,-3,11,-52,0,22,11,-41,0,42,11,-44,0,59,11,-54,0,68,11,-67,0,74,11,-92,0,77,11,79,0,88,11,33,0,-92,11,-12,11]"
CSI_DATA,7123,d8:b1:90:d9:de:f0,-44,9,-99,-32,45,104,506583238,254,0,106,0,"[-19,0,-84,0,-41,0,-94,0,-73,0,-81,0,-91,0,-57,0,-83,0,-42,0,-65,0,-43,0,-46,0,-59,0,-38,0,-100,0,-65,0,41,0,77,0,-24,11,-9,11,-65,11,-100,11,-81,11,30,11,-65,11,0,0,0,0,-36,11,-27,11,-51,11,-11,11,-49,11,-21,11,-42,11,-42,11,-28,11,-64,11,-7,11,-80,11,9,11,-90,11,25,11,-80,11,30,11,-72,11,38,11,-59,11,60,11,-33,11,-100,11,-1,11,-30,11]"
CSI_DATA,7124,d8:b1:90:d9:de:f0,-44,9,-99,-37,46,104,506583440,130,0,106,0,"[6,12,-82,12,38,12,-94,12,79,12,85,12,-97,12,50,12,-89,12,23,12,-95,12,13,12,103,12,15,12,91,12,41,12,97,12,101,12,-90,12,-23,12,-47,12,68,0,5,0,-67,0,49,0,-22,0,0,0,0,0,92,0,19,0,90,0,31,0,62,0,38,0,17,0,43,0,-30,12,30,0,-69,12,11,0,-93,12,-13,0,103,12,-35,0,100,12,-49,0,-100,12,-62,0,-80,12,-77,0,-40,12,94,0,5,0]"
CSI_DATA,7125,d8:b1:90:d9:de:f0,-44,11,-99,-38,46,104,507000356,277,0,106,0,"[-72,12,-5,12,42,12,-4,12,-10,11,0,0,-5,11,0,0,31,12,-9,12,92,12,-9,12,-38,12,-2,12,66,0,19,0,-34,0,49,0,65,0,86,0,-91,0,-106,0,-86,0,-99,0,83,0,-106,0,0,0,0,0,-54,0,15,0,81,0,-42,12,5,0,-102,12,-56,12,68,12,-85,12,45,12,-81,12,58,12,-62,12,102,12,-35,12,-58,12,-8,12,8,0,15,0,81,0,42,0,-49,0,69,0,18,0,99,0]"
CSI_DATA,7126,d8:b1:90:d9:de:f0,-43,9,-99,-37,45,104,507000809,98,0,106,0,"[87,0,-7,13,-36,0,-10,13,20,0,0,0,12,0,22,0,-30,0,42,0,-95,0,38,0,47,0,12,0,-50,13,-46,13,93,13,95,13,29,13,0,13,13,13,-73,12,33,13,-95,12,86,13,-58,12,0,0,0,0,-91,13,95,13,-80,13,-41,13,-95,13,60,0,-117,13,-99,0,99,13,-68,0,101,13,-87,0,-109,13,104,0,-62,13,56,0,4,0,20,0,85,0,-5,13,-56,0,-19,13,22,0,-32,13,50,0]"
CSI_DATA,7127,d8:b1:90:d9:de:f0,-44,9,-99,-38,46,104,507000905,130,0,106,0,"[22,0,67,0,57,0,-55,0,67,0,-5,0,48,0,0,0,20,0,-34,0,4,0,-90,0,0,0,41,0,21,0,-66,12,69,0,43,12,-75,0,-47,11,-22,0,-79,11,0,0,-61,11,-7,0,-14,11,0,0,0,0,92,0,86,12,12,0,-90,12,-77,12,-68,12,71,12,-62,12,40,12,-65,12,53,12,-66,12,100,12,-58,12,-63,12,-31,12,-5,12,11,0,47,0,71,0,90,0,-71,0,-86,0,-7,0,-70,0]"
CSI_DATA,7128,d8:b1:90:d9:de:f0,-44,9,-99,-38,46,104,507001040,124,0,106,0,"[13,0,-74,12,42,0,47,12,53,0,-5,11,58,0,-5,11,54,0,33,12,42,0,93,12,25,0,-41,12,-4,12,59,0,-44,12,-39,0,-87,12,59,0,101,12,-100,0,97,12,-95,0,-103,12,70,0,0,0,0,0,-6,12,-63,0,34,0,60,0,84,0,-24,12,-93,0,-96,12,-80,0,85,12,-86,0,90,12,96,0,-93,12,49,0,-53,12,0,0,-3,12,-58,12,54,0,98,12,-99,0,50,12,-42,0,49,12]"
CSI_DATA,7129,d8:b1:90:d9:de:f0,-42,9,-99,-38,44,104,507209735,98,0,106,0,"[-73,0,-135,0,8,1,-105,0,33,1,-112,0,3,1,133,0,-66,0,110,0,126,0,82,0,23,0,62,0,-86,15,42,0,68,15,32,0,-15,14,34,0,-41,14,43,0,-5,14,64,0,81,15,76,0,0,0,0,0,47,0,83,0,-98,0,63,0,12,1,37,0,70,1,6,0,69,1,-14,15,4,1,-21,15,-87,0,-9,15,84,0,9,0,-4,15,39,0,-93,15,84,0,105,15,131,0,78,15,-87,0,111,15]"
CSI_DATA,7130,d8:b1:90:d9:de:f0,-41,9,-99,-36,42,104,507228437,130,0,106,0,"[81,0,36,18,89,0,-60,17,88,0,-75,17,73,0,-20,17,69,0,70,18,62,0,-140,18,56,0,-12,18,46,0,135,0,33,0,-46,0,32,0,51,1,30,0,78,1,41,0,22,1,45,0,-88,0,0,0,0,0,67,0,-51,18,69,0,124,18,61,0,-3,17,54,0,-73,17,55,0,-65,17,55,0,10,18,51,0,122,18,47,0,-86,18,50,0,28,0,61,0,140,0,75,0,-79,0,95,0,-20,0,117,0]"
CSI_DATA,7131,d8:b1:90:d9:de:f0,-43,11,-99,-36,44,104,507418153,277,0,106,0,"[-98,0,-92,0,-57,0,-34,0,-26,0,-27,0,-28,0,-59,0,-58,0,-103,0,-108,0,120,0,70,0,96,0,-32,15,104,0,119,15,-118,0,42,15,-68,0,23,15,-24,0,50,15,-13,0,98,15,-47,0,0,0,0,0,-78,15,54,0,-87,15,-44,15,-125,15,120,15,82,15,68,15,58,15,62,15,65,15,96,15,111,15,-115,15,-80,15,-85,15,-6,15,-66,15,71,0,-79,15,-111,0,-123,15,-77,0,75,15,-105,0]"
CSI_DATA,7132,d8:b1:90:d9:de:f0,-42,9,-99,-37,44,104,507418607,130,0,106,0,"[74,0,25,15,107,0,-29,14,100,0,-55,14,77,0,-44,14,51,0,5,15,41,0,64,15,64,0,-128,15,120,0,-49,15,-60,0,17,0,22,1,46,0,68,1,47,0,67,1,20,0,12,1,-3,15,0,0,0,0,114,0,31,0,52,0,102,0,12,0,-72,0,3,0,-5,0,19,0,18,1,32,0,-7,0,26,0,-68,0,2,0,130,0,-41,15,73,0,-115,15,39,0,69,15,27,0,12,15,64,0,11,15]"
CSI_DATA,7133,d8:b1:90:d9:de:f0,-46,11,-99,-37,47,104,507503931,100,0,228,0,"[-4,8,-3,10,-2,13,-1,16,-1,17,-1,18,-2,19,90,53,-4,18,-4,16,-5,15,-5,13,-4,12,-3,9,-2,8,0,5,2,5,5,3,9,3,12,2,16,3,25,-42,19,5,19,7,19,8,17,10,16,10,13,9,0,0,8,7,7,5,5,2,4,0,5,-4,5,-7,62,0,7,-12,8,-13,10,-13,10,-13,10,-11,10,-10,9,-8,8,-6,6,-5,4,-3,2,-2,0,-2,-2,-2,-35,10,-8,-5,-10,-8,-11,-10,-11,-12,-10,-13,-8,-14,-5,-13,-13,6,-7,16,5,19,17,11,21,-2,13,-13,0,-18,-13,8,-12,0,-5,7,2,8,7,0,5,-6,-3,-9,-11,-4,-13,7,-5,16,8,17,18,7,19,-7,9,-18,13,-14,-14,-8,-13,2,-5,9,2,7,5,0,0,-5,0,0,-9,3,-5,12,5,15,16,8,18,-4,12,-16,4,-30,-13,-13,-17,0,-11,9,-1,11,5,7,5,0,1,-2,-2,-1,-2,3,1,7,8,4,10,-2,8,-9,-6,-18,-9,-10,-13,-2,-11,6,-3,10,2,8,5,3,3,-1]"
CSI_DATA,7134,d8:b1:90:d9:de:f0,-44,11,-99,-36,45,104,507627052,277,0,106,0,"[-82,0,81,13,-24,0,35,13,-12,0,12,13,-36,0,32,13,-71,0,69,13,-114,0,-101,13,76,0,-28,13,37,0,68,0,0,13,-56,0,-19,13,24,0,-22,13,71,0,-8,13,65,0,1,0,6,0,0,0,0,0,1,0,51,0,-23,13,-50,13,-61,13,87,13,-96,13,21,13,108,13,0,13,-110,13,24,13,-82,13,74,13,-37,13,-92,13,11,0,-41,13,78,0,8,0,-70,0,40,0,-7,0,46,0,16,0]"
CSI_DATA,7135,d8:b1:90:d9:de:f0,-43,9,-99,-38,45,104,507627515,130,0,106,0,"[-53,0,-105,14,16,0,97,14,27,0,67,14,-4,0,71,14,-56,0,102,14,-105,0,-94,14,82,0,-21,14,30,0,73,0,-10,14,-59,0,-30,14,26,0,-20,14,72,0,-5,14,59,0,6,0,0,0,0,0,0,0,6,0,54,0,-30,14,-47,14,-82,14,100,14,105,14,45,14,77,14,31,14,87,14,57,14,-118,14,107,14,-61,14,-86,14,0,0,-46,14,84,0,-16,14,-70,0,-8,14,-4,0,-31,14,3,0]"
CSI_DATA,7136,d8:b1:90:d9:de:f0,-44,9,-99,-36,45,104,507836404,98,0,106,0,"[72,0,-33,0,104,0,30,0,-88,0,42,0,-76,0,4,0,-92,0,-51,0,95,0,-98,0,28,0,83,0,-62,13,59,0,63,13,61,0,-16,12,86,0,-49,12,-102,0,-31,12,-73,0,27,13,-81,0,0,0,0,0,-60,13,49,0,-22,13,-48,13,-16,13,81,13,-38,13,10,13,-66,13,-16,12,-82,13,8,13,-74,13,66,13,-45,13,-106,13,7,0,-59,13,74,0,-35,13,-74,0,-37,13,-16,0,-71,13,-19,0]"
CSI_DATA,7137,d8:b1:90:d9:de:f0,-43,9,-99,-37,45,104,507836554,124,0,106,0,"[115,13,-64,0,57,13,-13,0,44,13,8,0,63,13,-5,0,94,13,-52,0,-108,13,-110,0,-78,13,37,0,-53,13,-61,13,-37,13,59,13,-35,13,-33,12,-43,13,-80,12,-51,13,-70,12,-52,13,-11,12,0,0,0,0,-6,13,-76,13,50,0,22,0,112,0,105,0,-65,0,-74,0,-37,0,-58,0,-52,0,-77,0,-96,0,-113,0,78,0,84,0,9,0,55,0,-70,13,34,0,78,13,33,0,11,13,55,0,1,13]"
CSI_DATA,7138,d8:b1:90:d9:de:f0,-42,9,-99,-35,43,104,507852356,98,0,106,0,"[114,0,45,16,-116,0,-17,15,-107,0,-50,15,-131,0,-23,15,116,0,35,16,95,0,114,16,77,0,-58,16,75,0,58,0,93,0,-90,0,118,0,17,1,-137,0,65,1,-131,0,51,1,121,0,-17,0,0,0,0,0,15,0,95,0,-89,16,18,0,89,16,-34,16,16,16,-65,16,-10,15,-71,16,18,16,-67,16,95,16,-52,16,-107,16,-52,16,-20,16,-63,16,63,0,-92,16,-128,0,-139,16,-80,0,82,16,-98,0]"
CSI_DATA,7139,d8:b1:90:d9:de:f0,-42,9,-99,-38,44,104,507855330,124,0,106,0,"[-77,15,41,15,-103,15,-42,14,126,15,-51,14,115,15,-13,14,130,15,54,15,-102,15,126,15,-27,15,-83,15,78,0,-34,15,-65,0,-11,15,33,1,-22,15,81,1,-51,15,62,1,-86,15,-13,0,-94,15,0,0,0,0,82,0,-13,15,12,0,82,0,-23,15,-86,0,-31,15,-11,0,-12,15,14,1,8,0,-19,0,9,0,-90,0,-8,15,108,0,-44,15,36,0,-109,15,-26,15,79,15,-66,15,5,15,-56,15,-15,14]"
CSI_DATA,7140,d8:b1:90:d9:de:f0,-42,9,-99,-34,43,104,507862114,108,0,106,0,"[-3,15,18,15,5,0,-64,14,-7,15,-85,14,-19,15,-54,14,-22,15,15,15,-10,15,96,15,27,0,-75,15,84,0,28,0,-104,0,132,0,-25,0,-73,0,14,1,-48,0,20,1,-75,0,-36,0,-123,0,0,0,0,0,54,0,58,0,-67,15,51,0,93,15,65,0,23,15,82,0,-1,14,97,0,36,15,88,0,104,15,54,0,-105,15,11,0,-39,15,-45,15,10,0,-119,15,49,0,68,15,47,0,-2,14,13,0]"
CSI_DATA,7141,d8:b1:90:d9:de:f0,-43,9,-99,-36,44,104,508254193,130,0,106,0,"[106,0,-46,0,-119,0,23,1,-92,0,33,1,-92,0,-7,0,-114,0,-63,0,91,0,-124,0,12,0,81,0,-96,15,38,0,43,15,22,0,-50,14,32,0,-94,14,60,0,-74,14,90,0,-6,14,92,0,0,0,0,0,-83,15,9,0,-11,15,-72,15,38,0,92,15,54,0,20,15,44,0,-15,14,26,0,12,15,18,0,72,15,29,0,-105,15,53,0,-35,15,104,0,30,0,-82,0,83,0,-9,0,94,0,18,1]"
CSI_DATA,7142,d8:b1:90:d9:de:f0,-43,9,-99,-36,44,104,508254354,130,0,106,0,"[32,15,27,0,-49,14,15,0,-74,14,19,0,-42,14,16,0,22,15,16,0,105,15,-3,15,-55,15,-29,15,60,0,-71,15,-83,0,-122,15,8,1,87,15,45,1,59,15,25,1,60,15,-37,0,100,15,0,0,0,0,65,0,-25,15,-11,15,66,0,-75,15,-96,0,-112,15,-30,0,-126,15,-10,0,-113,15,-38,0,-89,15,-102,0,-68,15,78,0,-43,15,-5,15,-33,15,-92,15,-36,15,70,15,-62,15,-1,14,-96,15]"
CSI_DATA,7143,d8:b1:90:d9:de:f0,-43,9,-99,-37,44,104,508254516,113,0,106,0,"[95,0,-53,0,127,0,17,1,-102,0,25,1,-100,0,-11,0,-118,0,-69,0,97,0,129,0,18,0,82,0,-93,15,47,0,50,15,45,0,-43,14,65,0,-84,14,97,0,-56,14,129,0,16,15,126,0,0,0,0,0,-79,15,28,0,-26,15,-73,15,2,0,88,15,-2,15,9,15,-23,15,-17,14,-41,15,17,15,-34,15,83,15,-10,15,-112,15,34,0,-47,15,107,0,-1,15,-73,0,20,0,0,1,-2,15,9,1]"
CSI_DATA,7144,d8:b1:90:d9:de:f0,-42,9,-99,-34,43,104,508254679,101,0,106,0,"[67,15,120,15,12,15,72,15,-14,14,73,15,2,15,109,15,47,15,-117,15,121,15,-94,15,-59,15,-88,15,51,0,-112,15,-109,0,108,15,-33,0,46,15,-14,0,-5,14,-50,0,-12,14,-104,0,31,15,0,0,0,0,76,0,-73,15,82,0,43,0,114,0,-131,0,-113,0,-64,0,-92,0,-47,0,-100,0,-77,0,127,0,-123,0,67,0,109,0,-4,15,79,0,-84,15,84,0,105,15,116,0,55,15,-104,0,75,15]"
CSI_DATA,7145,d8:b1:90:d9:de:f0,-41,9,-99,-36,43,104,508279086,120,0,106,0,"[104,16,93,16,51,16,50,16,7,16,65,16,17,16,120,16,59,16,-112,16,134,16,-88,16,-65,16,-90,16,35,0,-138,16,120,0,60,16,-129,0,-34,15,135,0,-94,15,75,0,-88,15,22,0,-17,15,0,0,0,0,20,0,-123,16,94,0,-31,16,-93,0,14,0,-17,0,21,0,5,1,-8,16,-26,0,-32,16,-93,0,-31,16,124,0,-3,16,69,0,49,0,48,0,130,0,63,0,-68,0,121,0,-14,0,-94,0]"
CSI_DATA,7146,d8:b1:90:d9:de:f0,-41,11,-99,-34,42,104,508504067,100,0,114,0,"[-32,-3,-34,-5,-36,-8,-36,-9,-39,-9,-36,-10,-36,-11,-34,-10,-33,-9,-32,-9,-32,-8,-32,-8,-32,-8,-33,-7,-33,-5,-34,-5,-35,-4,-39,-5,-38,-4,-41,-4,-39,-3,-41,-2,-39,-2,-39,-1,-39,-2,-36,-1,-36,-1,-35,0,0,0,-35,0,-35,1,-35,1,-36,2,-35,2,-36,3,-36,3,-35,4,-34,4,-34,4,-32,5,-29,7,-28,7,-27,8,-27,8,-26,8,-26,9,-23,9,-24,10,-24,10,-24,10,-26,11,-27,11,-28,11,-28,11,-27,10,-27,8,-23,7]"
CSI_DATA,7147,d8:b1:90:d9:de:f0,-42,9,-99,-36,43,104,508672026,113,0,106,0,"[-65,16,-48,0,-103,16,37,1,-94,16,67,1,-72,16,44,1,-47,16,-21,0,-47,16,-105,0,-61,16,80,0,-107,16,-35,16,108,16,134,16,39,16,57,16,-10,15,37,16,-13,15,65,16,47,16,116,16,0,0,0,0,-54,16,-60,16,68,0,-53,16,-103,0,-65,16,-25,0,-90,16,-3,0,-108,16,-41,0,-103,16,-105,0,-75,16,118,0,-25,16,54,0,34,0,11,0,112,0,-13,16,-86,0,-7,16,-15,0,35,0]"
CSI_DATA,7148,d8:b1:90:d9:de:f0,-42,9,-99,-37,44,104,508672153,252,0,106,0,"[-45,15,-36,0,-69,15,36,1,-57,15,69,1,-33,15,40,1,-18,15,-12,0,-23,15,-94,0,-48,15,80,0,-102,15,-25,15,81,15,-116,15,12,15,83,15,-41,14,71,15,-38,14,98,15,12,15,-122,15,0,0,0,0,-63,15,-44,15,51,0,-58,15,-108,0,-80,15,-41,0,-119,15,-22,0,120,15,-54,0,130,15,-108,0,-99,15,100,0,-43,15,60,0,23,0,38,0,101,0,34,0,-76,0,60,0,-16,0,104,0]"
CSI_DATA,7149,d8:b1:90:d9:de:f0,-42,11,-99,-34,43,104,508880444,277,0,106,0,"[-129,0,-90,0,-91,0,-12,0,-77,0,2,1,-91,0,-27,0,-134,0,-68,0,77,0,-127,0,-5,15,83,0,-119,15,28,0,41,15,-21,15,-59,14,-51,15,-101,14,-59,15,-88,14,-47,15,-7,14,-32,15,0,0,0,0,-67,15,-32,15,44,0,-76,15,-114,0,-117,15,-44,0,113,15,-22,0,92,15,-59,0,116,15,-111,0,-104,15,103,0,-50,15,57,0,27,0,16,0,112,0,-6,15,-68,0,1,0,7,1,31,0]"
CSI_DATA,7150,d8:b1:90:d9:de:f0,-41,9,-99,-36,43,104,508880889,98,0,106,0,"[44,16,52,0,-40,15,59,0,-63,15,79,0,-26,15,83,0,37,16,63,0,115,16,30,0,-81,16,-32,16,5,0,-130,16,92,0,44,16,139,0,-47,15,-142,0,-93,15,118,0,-75,15,80,0,-5,15,0,0,0,0,48,0,-72,16,70,0,60,0,117,0,-111,0,-126,0,-38,0,-106,0,-23,0,-121,0,-56,0,123,0,-113,0,52,0,112,0,-22,16,61,0,-116,16,24,0,68,16,14,0,-6,15,33,0,-20,15]"
CSI_DATA,7151,d8:b1:90:d9:de:f0,-42,9,-99,-38,44,104,508881030,281,0,106,0,"[54,15,54,0,-22,14,68,0,-44,14,88,0,-10,14,90,0,48,15,78,0,116,15,38,0,-77,15,-25,15,-2,15,-119,15,57,0,40,15,95,0,-45,14,92,0,-93,14,66,0,-76,14,41,0,-8,14,0,0,0,0,31,0,-69,15,74,0,45,0,132,0,-126,0,-84,0,-66,0,-64,0,-57,0,-82,0,-85,0,-133,0,-133,0,69,0,95,0,-9,15,57,0,-95,15,45,0,79,15,61,0,18,15,93,0,19,15]"
CSI_DATA,7152,d8:b1:90:d9:de:f0,-41,9,-99,-37,43,104,508881239,130,0,106,0,"[54,17,-75,17,-23,16,-106,17,-54,16,-93,17,-25,16,-68,17,40,17,-50,17,124,17,-46,17,-62,17,-64,17,57,0,-116,17,-124,0,101,17,-45,0,24,17,-32,0,-18,16,-68,0,-18,16,-123,0,42,17,0,0,0,0,62,0,-54,17,57,0,77,0,77,0,-97,0,106,0,-16,0,127,0,3,1,121,0,-34,0,92,0,-105,0,40,0,122,0,-30,17,58,0,-121,17,15,0,75,17,-3,17,-4,16,13,0,-16,16]"
CSI_DATA,7153,d8:b1:90:d9:de:f0,-43,9,-99,-35,44,104,509298704,108,0,106,0,"[-95,0,105,14,-41,0,61,14,-38,0,29,14,-76,0,29,14,121,0,68,14,89,0,-120,14,75,0,-35,14,95,0,67,0,-101,0,-77,0,-30,0,-12,0,26,0,-10,0,46,0,-53,0,8,0,-117,0,0,0,0,0,86,0,41,0,-18,14,54,0,-112,14,96,0,82,14,-101,0,73,14,-58,0,104,14,-64,0,-100,14,-106,0,-73,14,79,0,-65,14,9,0,-81,14,-68,14,113,14,118,14,42,14,90,14,-1,13]"
CSI_DATA,7154,d8:b1:90:d9:de:f0,-45,11,-99,-39,47,104,509503933,100,0,228,0,"[-7,1,-10,4,-12,6,-15,7,-16,7,-18,6,-19,6,95,57,-17,3,-16,3,-14,2,-12,2,-10,1,-7,3,-4,3,-1,6,0,7,3,10,5,13,6,16,6,19,27,-45,6,22,3,22,3,20,1,19,0,16,0,13,0,0,0,6,0,3,3,0,5,-1,8,-3,10,-6,-64,0,15,-6,16,-6,16,-6,16,-4,15,-4,13,-3,11,-3,9,-3,6,-3,4,-3,2,-5,0,-6,0,-8,-6,11,-3,-13,-3,-14,-2,-16,-1,-17,0,-17,2,-16,3,-13,-11,-11,-19,-2,-17,11,-6,20,7,17,15,7,13,-4,-13,-4,-3,-7,-6,0,-1,5,5,4,9,-2,4,-10,-5,-13,-16,-6,-18,6,-9,18,5,20,17,11,18,-3,15,7,-3,-13,-10,-4,-6,4,1,6,7,0,6,-7,0,0,-13,-6,-16,4,-10,16,3,20,16,13,20,0,28,-20,1,-17,-8,-11,-11,-2,-6,4,0,4,1,0,0,-2,-5,0,-6,4,-1,9,6,9,12,3,12,-6,3,-24,-4,-14,-13,-6,-13,3,-6,10,3,9,7,2,4,-3]"
CSI_DATA,7155,d8:b1:90:d9:de:f0,-43,11,-99,-39,45,104,509716039,277,0,106,0,"[37,0,-54,0,53,0,26,0,86,0,43,0,100,0,15,0,88,0,-43,0,54,0,-105,0,-13,14,83,0,-106,14,32,0,34,14,8,0,-59,13,9,0,-97,13,38,0,-72,13,70,0,9,14,80,0,0,0,0,0,-41,14,24,0,34,0,-60,14,93,0,99,14,112,0,24,14,98,0,-6,13,68,0,17,14,48,0,83,14,42,0,-96,14,58,0,-26,14,100,0,43,0,-93,0,92,0,-30,0,102,0,-9,0]"
CSI_DATA,7156,d8:b1:90:d9:de:f0,-43,9,-99,-38,45,104,509716529,130,0,106,0,"[-100,0,-118,0,-39,0,-57,0,-12,0,-53,0,-23,0,-73,0,-70,0,-109,0,105,0,97,0,17,0,60,0,-96,14,33,0,27,14,21,0,-63,13,26,0,-99,13,41,0,-70,13,58,0,0,14,56,0,0,0,0,0,-33,14,19,0,65,0,-30,14,-87,0,-89,14,-34,0,101,14,-28,0,78,14,-57,0,96,14,-107,0,-101,14,84,0,-45,14,39,0,21,0,6,0,101,0,-10,14,-63,0,1,0,-3,0,31,0]"
CSI_DATA,7157,d8:b1:90:d9:de:f0,-43,9,-99,-36,44,104,509925427,224,0,106,0,"[-113,15,94,15,115,15,18,15,97,15,-2,14,108,15,25,15,-119,15,71,15,-65,15,-127,15,4,0,-58,15,102,0,14,0,-48,0,77,0,42,1,120,0,86,1,124,0,74,1,100,0,5,1,74,0,0,0,0,0,57,0,17,0,-63,15,22,0,79,15,29,0,0,15,48,0,-21,14,60,0,10,15,53,0,75,15,29,0,-111,15,-5,15,-35,15,-44,15,32,0,-96,15,95,0,94,15,125,0,34,15,105,0]"
CSI_DATA,7158,d8:b1:90:d9:de:f0,-43,11,-99,-36,44,104,510342735,277,0,106,0,"[-124,0,117,15,-43,0,65,15,-15,0,46,15,-32,0,64,15,-73,0,106,15,-122,0,-90,15,77,0,-9,15,9,0,93,0,-60,15,-60,0,-112,15,28,1,127,15,67,1,-116,15,56,1,-89,15,-10,0,0,0,0,0,-10,15,47,0,18,0,-72,15,42,0,69,15,50,0,-8,14,50,0,-29,14,45,0,9,15,42,0,84,15,44,0,-96,15,47,0,-9,15,57,0,81,0,79,0,-87,0,104,0,-27,0,127,0]"
CSI_DATA,7159,d8:b1:90:d9:de:f0,-43,9,-99,-36,44,104,510343171,101,0,106,0,"[-61,0,1,0,27,1,10,0,67,1,-13,15,44,1,-33,15,-13,0,-40,15,-82,0,-25,15,95,0,22,0,26,0,98,0,-34,15,-48,0,-56,15,43,1,-41,15,93,1,-6,15,81,1,21,0,8,1,0,0,0,0,10,0,61,0,-57,15,-42,15,115,15,-113,15,40,15,105,15,6,15,111,15,26,15,-112,15,83,15,-76,15,-100,15,-59,15,-21,15,-60,15,56,0,-92,15,120,0,111,15,-107,0,51,15,118,0]"
CSI_DATA,7160,d8:b1:90:d9:de:f0,-41,11,-99,-36,43,104,510503987,100,0,114,0,"[-22,22,-26,23,-29,22,-31,21,-31,22,-31,20,-30,19,-29,16,-28,16,-28,14,-26,15,-26,15,-26,14,-25,15,-26,16,-26,17,-28,19,-30,20,-30,21,-31,21,-30,22,-30,23,-30,22,-29,22,-29,21,-29,21,-28,20,-28,19,0,0,-26,20,-26,20,-26,20,-26,20,-26,21,-26,21,-25,21,-26,21,-25,20,-25,20,-23,20,-21,19,-20,17,-19,16,-17,17,-16,16,-16,16,-16,16,-15,17,-16,17,-16,19,-17,20,-17,20,-20,20,-20,19,-19,17,-20,16,-17,14]"
CSI_DATA,7161,d8:b1:90:d9:de:f0,-43,11,-99,-38,45,104,510551633,277,0,106,0,"[-96,14,-102,0,81,14,-44,0,67,14,-8,0,90,14,-20,0,-118,14,-51,0,-93,14,-116,0,-82,14,40,0,-90,14,-67,14,-116,14,70,14,91,14,-15,13,51,14,-48,13,31,14,-27,13,59,14,36,14,0,0,0,0,-61,14,-53,14,36,0,0,14,-102,0,33,0,-23,0,41,0,19,0,32,0,-2,0,21,0,-62,0,20,0,117,0,31,0,50,0,56,0,-7,14,105,0,-55,14,-69,0,-71,14,-7,0,-39,14]"
CSI_DATA,7162,d8:b1:90:d9:de:f0,-43,9,-99,-36,44,104,510552114,98,0,106,0,"[51,0,-80,0,60,0,8,1,90,0,42,1,106,0,11,1,98,0,-38,0,58,0,-96,0,-7,15,95,0,-106,15,50,0,29,15,21,0,-68,14,25,0,-115,14,56,0,-99,14,90,0,-20,14,92,0,0,0,0,0,-72,15,49,0,15,0,-43,15,76,0,120,15,102,0,34,15,101,0,-5,14,79,0,8,15,56,0,66,15,53,0,-119,15,69,0,-48,15,107,0,23,0,-81,0,83,0,-14,0,101,0,22,1]"
CSI_DATA,7163,d8:b1:90:d9:de:f0,-43,9,-99,-37,45,104,510552210,130,0,106,0,"[100,13,97,0,28,13,-99,0,11,13,-60,0,34,13,-52,0,78,13,-78,0,-115,13,109,0,-88,13,27,0,-80,13,-74,13,-98,13,46,13,95,13,-35,12,57,13,-63,12,33,13,-31,12,49,13,33,13,0,0,0,0,-66,13,-43,13,38,0,-3,13,-88,0,17,0,-3,0,9,0,23,0,-16,13,4,0,-28,13,-51,0,-27,13,-111,0,-5,13,69,0,38,0,27,0,102,0,7,0,-55,0,26,0,7,0,70,0]"
CSI_DATA,7164,d8:b1:90:d9:de:f0,-43,9,-99,-35,44,104,510552327,113,0,106,0,"[-95,0,91,0,-41,0,-94,0,-1,0,-83,0,-11,0,-102,0,-44,0,112,0,-106,0,92,0,62,0,95,0,-38,14,120,0,115,14,-71,0,46,14,-14,0,28,14,32,0,55,14,49,0,114,14,0,0,0,0,0,0,-36,14,85,0,-34,14,-29,14,-54,14,114,14,-89,14,38,14,-118,14,7,14,-121,14,34,14,-91,14,80,14,-47,14,118,14,11,0,-92,14,86,0,-84,14,-88,0,-97,14,-36,0,110,14,-48,0]"
CSI_DATA,7165,d8:b1:90:d9:de:f0,-42,9,-99,-38,44,104,510613511,130,0,106,0,"[-126,0,-102,0,-55,0,-37,0,-15,0,-37,0,-26,0,-76,0,-75,0,-120,0,122,0,112,0,25,0,87,0,-91,15,85,0,55,15,103,0,-31,14,-133,0,-59,14,-97,0,-22,14,-88,0,59,15,-120,0,0,0,0,0,-31,15,26,0,41,0,-85,15,79,0,80,15,91,0,1,15,83,0,-24,14,69,0,12,15,51,0,79,15,58,0,-113,15,76,0,-33,15,114,0,38,0,-101,0,101,0,-44,0,124,0,-25,0]"
CSI_DATA,7166,d8:b1:90:d9:de:f0,-42,9,-99,-37,44,104,510643964,108,0,106,0,"[21,0,46,15,21,0,-37,14,-13,15,-68,14,-45,15,-33,14,-61,15,21,15,-36,15,100,15,24,0,-97,15,116,0,-38,15,-36,0,-8,15,58,1,-23,15,98,1,-54,15,65,1,-89,15,-17,0,-84,15,0,0,0,0,73,0,-14,15,10,0,97,0,1,0,-61,0,9,0,15,1,30,0,31,1,51,0,-7,0,46,0,-76,0,16,0,122,0,-33,15,58,0,-107,15,28,0,64,15,20,0,5,15,54,0,-1,14]"
CSI_DATA,7167,d8:b1:90:d9:de:f0,-43,9,-99,-38,45,104,510668806,212,0,106,0,"[80,14,-94,14,5,14,97,14,-30,13,92,14,-9,13,111,14,39,14,-109,14,111,14,-90,14,-38,14,-82,14,64,0,-83,14,-61,0,-101,14,17,0,-116,14,48,0,110,14,28,0,104,14,-38,0,-113,14,0,0,0,0,28,0,-18,14,-62,14,58,0,111,14,-108,0,68,14,-47,0,57,14,-26,0,82,14,-50,0,116,14,-106,0,-98,14,71,0,-68,14,-1,14,-54,14,-79,14,-55,14,85,14,-71,14,30,14,-91,14]"
CSI_DATA,7168,d8:b1:90:d9:de:f0,-43,9,-99,-36,44,104,510673276,212,0,106,0,"[78,0,66,15,117,0,-21,14,112,0,-58,14,83,0,-34,14,76,0,19,15,67,0,94,15,80,0,-70,15,117,0,33,0,-90,0,-123,0,-45,0,-53,0,-12,0,-32,0,-18,0,-53,0,-73,0,-111,0,0,0,0,0,19,0,24,0,-96,15,-9,15,54,15,-24,15,-19,14,-22,15,-43,14,-14,15,-5,14,-12,15,63,15,-16,15,-126,15,-34,15,-55,15,-60,15,8,0,-103,15,66,0,96,15,90,0,48,15,70,0]"
CSI_DATA,7169,d8:b1:90:d9:de:f0,-42,9,-99,-38,44,104,510673903,212,0,106,0,"[-77,15,-61,0,-100,15,37,1,-79,15,77,1,-46,15,49,1,-25,15,-10,0,-32,15,-87,0,-61,15,92,0,-124,15,-5,15,56,15,-87,15,-23,14,-132,15,-63,14,-128,15,-51,14,-93,15,25,15,-51,15,0,0,0,0,-26,15,-8,15,98,0,-42,15,-68,0,-95,15,-11,0,121,15,-5,0,91,15,-44,0,101,15,-104,0,-123,15,118,0,-64,15,80,0,7,0,66,0,87,0,75,0,-102,0,104,0,-49,0,-127,0]"
CSI_DATA,7170,d8:b1:90:d9:de:f0,-43,9,-99,-36,44,104,510674134,212,0,106,0,"[-76,0,-104,15,-1,0,95,15,7,1,51,15,-31,0,48,15,-81,0,82,15,-127,0,-119,15,99,0,-33,15,96,0,68,0,117,0,-79,0,-102,0,-8,0,-68,0,17,1,-55,0,-15,0,-92,0,-91,0,0,0,0,0,17,0,24,0,-99,15,-10,15,57,15,-16,15,-19,14,2,0,-43,14,27,0,-6,14,36,0,63,15,31,0,-126,15,3,0,-69,15,-39,15,-24,15,-100,15,3,0,85,15,-7,15,29,15,-41,15]"
CSI_DATA,7171,d8:b1:90:d9:de:f0,-43,9,-99,-37,45,104,510674347,212,0,106,0,"[64,0,50,13,77,0,-35,12,44,0,-68,12,10,0,-50,12,-5,13,7,13,3,0,72,13,39,0,-85,13,107,0,-16,13,-38,0,34,0,37,0,55,0,70,0,31,0,47,0,0,0,-19,0,-22,13,0,0,0,0,20,0,0,13,-66,13,66,0,100,13,-96,0,79,13,-25,0,91,13,0,0,-111,13,-19,0,-78,13,-73,0,-64,13,99,0,-66,13,30,0,-89,13,-34,13,100,13,-88,13,50,13,-109,13,29,13]"
CSI_DATA,7172,d8:b1:90:d9:de:f0,-43,9,-99,-36,44,104,510674542,212,0,106,0,"[-59,0,-44,15,28,1,-82,15,42,1,126,15,7,1,105,15,-53,0,118,15,-103,0,-94,15,104,0,-22,15,87,0,85,0,94,0,-63,0,127,0,19,1,-90,0,30,1,-75,0,-10,0,-107,0,-85,0,0,0,0,0,16,0,20,0,-93,15,-8,15,51,15,-7,15,-21,14,18,0,-33,14,51,0,3,15,58,0,67,15,53,0,127,15,20,0,-76,15,-29,15,-42,15,-96,15,-31,15,89,15,-55,15,33,15,-96,15]"
CSI_DATA,7173,d8:b1:90:d9:de:f0,-43,9,-99,-39,45,104,510674800,212,0,106,0,"[44,14,32,0,-44,13,61,0,-68,13,92,0,-37,13,99,0,26,14,81,0,93,14,44,0,-82,14,-18,14,-9,14,-102,14,52,0,49,14,88,0,-30,13,89,0,-62,13,61,0,-46,13,29,0,24,14,0,0,0,0,-7,14,-16,14,-1,14,105,0,24,0,-37,0,54,0,25,0,75,0,36,0,68,0,0,0,48,0,-68,0,10,0,115,0,-33,14,49,0,-95,14,-4,14,88,14,-48,14,32,14,-59,14,20,14]"
CSI_DATA,7174,d8:b1:90:d9:de:f0,-43,9,-99,-36,44,104,510675067,212,0,106,0,"[49,15,-13,15,-39,14,-20,15,-77,14,-6,15,-48,14,7,0,7,15,6,0,77,15,-18,15,-95,15,-53,15,-4,15,-121,15,77,0,56,15,-124,0,-10,14,-112,0,-39,14,120,0,-26,14,83,0,42,15,0,0,0,0,11,0,-25,15,8,0,101,0,15,0,-53,0,37,0,23,1,49,0,42,1,45,0,5,1,24,0,-60,0,-11,15,-122,0,-51,15,68,0,-105,15,13,0,89,15,-32,15,36,15,-47,15,24,15]"
CSI_DATA,7175,d8:b1:90:d9:de:f0,-42,9,-99,-38,44,104,510675243,212,0,106,0,"[-59,0,-65,15,36,1,-97,15,59,1,-132,15,26,1,133,15,-38,0,-114,15,-97,0,-64,15,110,0,13,0,51,0,116,0,10,0,-44,0,-10,15,49,1,-2,15,84,1,13,0,55,1,19,0,-31,0,0,0,0,0,-4,15,27,0,-59,15,-86,15,-130,15,86,15,84,15,37,15,65,15,30,15,86,15,62,15,-128,15,113,15,-67,15,-116,15,7,0,-79,15,88,0,-63,15,-98,0,-61,15,-40,0,-83,15,-44,0]"
CSI_DATA,7176,d8:b1:90:d9:de:f0,-42,9,-99,-35,43,104,510750879,120,0,106,0,"[81,16,124,0,4,16,-116,0,-10,15,-87,0,18,16,-101,0,64,16,-134,0,117,16,85,0,-118,16,0,0,-83,16,-103,16,-57,16,58,16,-45,16,-34,15,-53,16,-69,15,-55,16,-42,15,-46,16,34,16,0,0,0,0,18,0,-51,16,100,0,52,0,-98,0,129,0,-30,0,-103,0,-13,0,-98,0,-43,0,-116,0,-111,0,127,0,92,0,104,0,8,0,90,0,-78,16,100,0,118,16,125,0,70,16,-114,0,77,16]"
CSI_DATA,7177,d8:b1:90:d9:de:f0,-42,9,-99,-37,44,104,510751001,120,0,106,0,"[53,0,41,15,66,0,-51,14,44,0,-86,14,17,0,-53,14,10,0,15,15,17,0,91,15,51,0,-77,15,110,0,14,0,-69,0,102,0,3,1,-110,0,43,1,-101,0,36,1,130,0,-39,0,85,0,0,0,0,0,23,0,22,0,-103,15,30,0,53,15,63,0,-12,14,104,0,-27,14,129,0,14,15,114,0,82,15,84,0,-118,15,26,0,-65,15,-32,15,-28,15,-114,15,-6,15,63,15,-26,15,-2,14,-63,15]"
CSI_DATA,7178,d8:b1:90:d9:de:f0,-44,9,-99,-36,45,104,510969894,113,0,106,0,"[25,13,0,0,-43,12,7,0,-61,12,33,0,-28,12,43,0,29,13,42,0,93,13,22,0,-66,13,-24,13,4,0,-92,13,65,0,52,13,101,0,-12,12,98,0,-49,12,78,0,-34,12,54,0,22,13,0,0,0,0,37,0,-32,13,68,0,63,0,106,0,-81,0,-81,0,-31,0,-67,0,-23,0,-82,0,-48,0,105,0,-95,0,49,0,96,0,-13,13,63,0,-88,13,45,0,60,13,52,0,4,13,76,0,3,13]"
CSI_DATA,7179,d8:b1:90:d9:de:f0,-43,9,-99,-35,44,104,510969994,98,0,106,0,"[64,14,113,0,4,14,-84,0,3,14,-55,0,47,14,-57,0,98,14,-89,0,-107,14,99,0,-69,14,18,0,-48,14,-88,14,-41,14,47,14,-61,14,-30,13,-92,14,-54,13,-104,14,-24,13,-87,14,36,14,0,0,0,0,17,0,-46,14,99,0,14,0,-58,0,55,0,7,0,65,0,26,0,52,0,-7,0,41,0,-70,0,33,0,103,0,43,0,28,0,65,0,-42,14,95,0,-110,14,-94,0,114,14,-30,0,-105,14]"
CSI_DATA,7180,d8:b1:90:d9:de:f0,-42,9,-99,-38,44,104,511009385,242,0,106,0,"[-133,0,104,15,-78,0,47,15,-81,0,14,15,-113,0,25,15,120,0,67,15,98,0,134,15,91,0,-47,15,116,0,59,0,-108,0,-106,0,-48,0,-33,0,0,1,-19,0,4,1,-49,0,-44,0,-109,0,0,0,0,0,62,0,61,0,-54,15,58,0,109,15,86,0,40,15,121,0,18,15,-124,0,45,15,-132,0,96,15,105,0,-131,15,49,0,-92,15,-13,15,-92,15,-96,15,-113,15,91,15,113,15,39,15,62,15]"
CSI_DATA,7181,d8:b1:90:d9:de:f0,-43,9,-99,-35,44,104,511009612,262,0,106,0,"[66,0,60,14,89,0,-7,13,72,0,-36,13,47,0,-12,13,27,0,33,14,30,0,103,14,57,0,-70,14,120,0,10,0,-44,0,73,0,31,0,104,0,79,0,97,0,73,0,59,0,12,0,25,0,0,0,0,0,71,0,19,0,-17,14,71,0,-90,14,-107,0,121,14,-42,0,121,14,-7,0,-100,14,-25,0,-76,14,-78,0,-68,14,104,0,-78,14,34,0,-119,14,-28,14,64,14,-73,14,1,14,-80,14,-26,13]"
CSI_DATA,7182,d8:b1:90:d9:de:f0,-43,11,-99,-34,44,104,511178329,277,0,106,0,"[76,14,111,0,17,14,-88,0,17,14,-58,0,50,14,-60,0,94,14,-89,0,-107,14,101,0,-85,14,25,0,-91,14,-73,14,118,14,72,14,67,14,3,14,18,14,-9,13,3,14,28,14,42,14,93,14,0,0,0,0,-43,14,-51,14,55,0,-47,14,-84,0,-70,14,-26,0,-112,14,-13,0,96,14,-46,0,101,14,-96,0,-108,14,107,0,-53,14,84,0,12,0,89,0,82,0,118,0,-87,0,-63,0,-56,0,-23,0]"
CSI_DATA,7183,d8:b1:90:d9:de:f0,-43,9,-99,-37,44,104,511178810,98,0,106,0,"[107,0,-82,0,-111,0,-22,0,-74,0,-19,0,-68,0,-65,0,-91,0,-111,0,113,0,113,0,33,0,90,0,-67,15,111,0,100,15,-101,0,42,15,-38,0,40,15,20,1,86,15,30,1,-114,15,-18,0,0,0,0,0,-37,15,71,0,-68,15,-43,15,-127,15,-127,15,68,15,87,15,32,15,90,15,45,15,124,15,92,15,-102,15,-108,15,-83,15,-37,15,-89,15,24,0,-127,15,69,0,69,15,73,0,4,15,21,0]"
CSI_DATA,7184,d8:b1:90:d9:de:f0,-42,9,-99,-37,44,104,511387727,130,0,106,0,"[73,15,-88,15,-6,14,-111,15,-41,14,-93,15,-23,14,-51,15,31,15,-27,15,101,15,-27,15,-83,15,-63,15,-7,15,-130,15,49,0,34,15,61,0,-58,14,37,0,-101,14,-7,15,-80,14,-31,15,0,15,0,0,0,0,2,0,-69,15,86,0,11,0,-79,0,56,0,1,1,63,0,25,1,45,0,-2,0,21,0,-64,0,10,0,-128,0,22,0,75,0,58,0,32,0,121,0,16,0,-65,0,41,0,-10,0,84,0]"
CSI_DATA,7185,d8:b1:90:d9:de:f0,-43,9,-99,-36,44,104,511387898,98,0,106,0,"[1,0,-52,0,-2,15,29,1,17,0,53,1,28,0,22,1,26,0,-34,0,2,0,-107,0,-41,15,67,0,-117,15,-29,15,54,15,-109,15,-22,14,101,15,-62,14,100,15,-56,14,-124,15,12,15,-84,15,0,0,0,0,-38,15,-17,15,76,0,-24,15,-70,0,-44,15,-3,0,-75,15,16,1,-95,15,-17,0,-88,15,-75,0,-59,15,119,0,-15,15,61,0,41,0,20,0,112,0,-3,15,-61,0,2,0,-2,0,36,0]"
CSI_DATA,7186,d8:b1:90:d9:de:f0,-42,9,-99,-37,44,104,511388048,352,0,106,0,"[60,0,60,15,68,0,-19,14,33,0,-53,14,-1,15,-26,14,-18,15,27,15,-10,15,100,15,39,0,-95,15,126,0,-38,15,-27,0,-15,15,60,1,-27,15,102,1,-71,15,67,1,-112,15,-18,0,-117,15,0,0,0,0,63,0,-23,15,23,0,85,0,18,0,-74,0,42,0,4,1,78,0,24,1,91,0,-16,0,79,0,-79,0,40,0,126,0,-19,15,92,0,-90,15,87,0,99,15,115,0,65,15,-97,0,92,15]"
CSI_DATA,7187,d8:b1:90:d9:de:f0,-43,9,-99,-38,45,104,511388237,130,0,106,0,"[57,0,-53,0,67,0,21,0,84,0,38,0,82,0,10,0,67,0,-36,0,33,0,-94,0,-28,14,86,0,-117,14,26,0,24,14,-19,14,-57,13,-39,14,-94,13,-33,14,-69,13,-8,14,-4,13,4,0,0,0,0,0,-54,14,-18,14,37,0,-69,14,-116,0,116,14,-70,0,59,14,-64,0,37,14,-84,0,56,14,-116,0,106,14,99,0,-68,14,84,0,0,0,87,0,75,0,108,0,-92,0,-96,0,-50,0,-68,0]"
CSI_DATA,7188,d8:b1:90:d9:de:f0,-45,11,-99,-39,47,104,511504038,100,0,228,0,"[-3,-5,-6,-6,-10,-6,-12,-7,-15,-9,-15,-10,-16,-10,95,57,-14,-10,-13,-10,-11,-8,-9,-6,-7,-5,-6,-2,-4,0,-3,4,-1,7,0,11,0,15,0,19,0,21,27,-45,-1,24,-2,23,-3,23,-3,20,-3,17,-3,13,0,0,-2,6,0,3,0,0,3,-3,5,-6,7,-10,-97,0,11,-13,12,-13,13,-13,12,-12,11,-11,10,-10,7,-9,6,-7,3,-6,0,-6,-1,-5,-3,-5,-6,-5,-78,11,-12,-5,-13,-6,-14,-7,-15,-9,-14,-10,-12,-10,-9,-9,6,-16,-6,-20,-18,-11,-21,3,-13,16,0,19,10,11,-3,-10,5,-6,-1,-4,-3,1,1,4,7,1,8,-6,1,-13,-10,-13,-18,-2,-15,12,-2,20,12,16,19,2,13,13,0,-13,-7,-6,-6,2,1,5,7,0,5,-8,0,0,-14,-6,-17,6,-9,18,6,21,20,12,22,-4,21,-28,-2,-18,-11,-10,-12,0,-6,5,0,4,0,0,-2,0,-3,3,0,7,6,7,11,1,10,-7,3,-14,-17,-18,-14,-4,-13,6,-4,13,5,10,9,2,5,-4,0,-5]"
CSI_DATA,7189,d8:b1:90:d9:de:f0,-42,11,-99,-34,43,104,511805026,277,0,106,0,"[-105,0,-134,15,-32,0,83,15,-23,0,46,15,-55,0,49,15,-101,0,83,15,127,0,-120,15,98,0,-27,15,90,0,90,0,110,0,-56,0,-129,0,36,1,-92,0,66,1,-76,0,33,1,-110,0,-42,0,0,0,0,0,29,0,57,0,-84,15,6,0,68,15,-19,15,-18,14,-21,15,-43,14,-4,15,-14,14,8,0,55,15,10,0,131,15,-6,15,-66,15,-43,15,-2,15,-113,15,41,0,81,15,43,0,9,15,4,0]"
CSI_DATA,7190,d8:b1:90:d9:de:f0,-43,9,-99,-35,44,104,511805506,98,0,106,0,"[-77,14,69,14,-118,14,0,14,92,14,-13,13,84,14,16,14,106,14,72,14,-93,14,119,14,-16,14,-92,14,85,0,-77,14,-53,0,-86,14,30,0,-124,14,54,0,88,14,16,0,68,14,-53,0,90,14,0,0,0,0,51,0,-29,14,11,0,72,0,4,0,-64,0,21,0,6,0,49,0,33,0,65,0,0,0,55,0,-60,0,25,0,123,0,-25,14,68,0,-98,14,35,0,74,14,26,0,12,14,50,0,11,14]"
CSI_DATA,7191,d8:b1:90:d9:de:f0,-43,9,-99,-36,44,104,512014423,98,0,106,0,"[-40,0,55,0,29,1,72,0,55,1,59,0,26,1,38,0,-21,0,29,0,-94,0,36,0,90,0,66,0,8,0,-126,0,-62,15,-50,0,-101,15,19,1,-107,15,62,1,-84,15,48,1,-57,15,-9,0,0,0,0,0,-41,15,61,0,-72,15,-41,15,-128,15,127,15,71,15,72,15,40,15,62,15,54,15,86,15,94,15,123,15,-100,15,-103,15,-33,15,-82,15,41,0,-89,15,115,0,-120,15,-94,0,94,15,-107,0]"
CSI_DATA,7192,d8:b1:90:d9:de:f0,-42,9,-99,-35,43,104,512014546,130,0,106,0,"[-82,16,-51,0,-112,16,25,1,-99,16,52,1,-75,16,34,1,-52,16,-28,0,-59,16,-99,0,-79,16,87,0,-138,16,-1,16,59,16,-87,16,-19,15,-136,16,-61,15,135,16,-52,15,-110,16,19,16,-74,16,0,0,0,0,-69,16,-37,16,45,0,-81,16,-130,0,133,16,-71,0,78,16,-62,0,44,16,-94,0,59,16,-137,0,104,16,109,0,-114,16,91,0,-37,16,102,0,47,0,129,0,124,0,-89,0,-105,0,-50,0]"
CSI_DATA,7193,d8:b1:90:d9:de:f0,-43,9,-99,-35,44,104,512014663,116,0,106,0,"[-25,0,30,0,45,0,32,0,68,0,9,0,36,0,-14,14,-11,0,-18,14,-79,0,3,0,102,0,46,0,36,0,-124,0,-13,14,-29,0,-30,14,46,0,-19,14,82,0,2,0,64,0,17,0,0,0,0,0,0,0,-15,14,75,0,-82,14,-19,14,80,14,-78,14,12,14,-108,14,-19,13,-104,14,-2,13,-81,14,48,14,-62,14,112,14,-55,14,-66,14,-65,14,0,0,-99,14,54,0,92,14,72,0,32,14,46,0]"
CSI_DATA,7194,d8:b1:90:d9:de:f0,-42,9,-99,-37,44,104,512014817,136,0,106,0,"[-49,0,101,0,15,1,-128,0,43,1,127,0,24,1,103,0,-31,0,83,0,-92,0,79,0,93,0,101,0,6,0,-114,0,-73,15,-46,0,-122,15,25,1,128,15,56,1,-106,15,44,1,-72,15,-15,0,0,0,0,0,-60,15,81,0,-93,15,-26,15,102,15,-111,15,50,15,101,15,19,15,89,15,32,15,112,15,78,15,-120,15,-120,15,-98,15,-54,15,-92,15,19,0,-114,15,83,0,107,15,113,0,52,15,96,0]"
CSI_DATA,7195,d8:b1:90:d9:de:f0,-43,9,-99,-36,44,104,512014925,116,0,106,0,"[49,15,89,0,-17,14,124,0,-21,14,-97,0,16,15,-93,0,69,15,-115,0,112,15,94,0,-112,15,20,0,-101,15,-78,15,-117,15,73,15,107,15,0,15,70,15,-21,14,57,15,13,15,84,15,72,15,0,0,0,0,-28,15,-63,15,74,0,-46,15,-80,0,-51,15,-10,0,-79,15,12,1,-109,15,-16,0,-119,15,-69,0,-99,15,-124,0,-56,15,90,0,-2,15,75,0,69,0,80,0,-108,0,114,0,-55,0,-93,0]"
CSI_DATA,7196,d8:b1:90:d9:de:f0,-42,9,-99,-35,43,104,512015052,136,0,106,0,"[65,16,122,0,0,16,-109,0,-1,15,-75,0,42,16,-76,0,87,16,-101,0,134,16,115,0,-115,16,29,0,-123,16,-75,16,126,16,102,16,80,16,27,16,38,16,-1,15,23,16,35,16,65,16,100,16,0,0,0,0,-46,16,-65,16,70,0,-68,16,-102,0,-97,16,-30,0,137,16,-13,0,100,16,-52,0,98,16,-106,0,130,16,122,0,-94,16,89,0,-25,16,90,0,54,0,118,0,136,0,-111,0,-93,0,-58,0]"
CSI_DATA,7197,d8:b1:90:d9:de:f0,-43,9,-99,-35,44,104,512015213,130,0,106,0,"[-37,0,-77,14,27,0,-118,14,28,0,94,14,-16,0,81,14,-65,0,97,14,-108,0,-97,14,110,0,-28,14,104,0,72,0,-116,0,-76,0,-68,0,-13,0,-25,0,0,0,-15,0,-34,0,-53,0,-90,0,0,0,0,0,46,0,58,0,-65,14,53,0,89,14,92,0,26,14,-109,0,13,14,-77,0,46,14,-75,0,97,14,-106,0,-115,14,90,0,-83,14,29,0,-90,14,-38,14,-121,14,-109,14,73,14,102,14,30,14]"
CSI_DATA,7198,d8:b1:90:d9:de:f0,-43,9,-99,-35,44,104,512015321,110,0,106,0,"[-66,0,119,0,-10,0,-79,0,15,0,-80,0,-3,0,-103,0,-53,0,119,0,-123,0,98,0,39,0,83,0,-72,14,87,0,63,14,102,0,-20,13,-122,0,-50,13,-102,0,-22,13,-99,0,34,14,115,0,0,0,0,0,-53,14,13,0,13,0,-80,14,73,0,78,14,98,0,3,14,99,0,-20,13,87,0,-1,13,74,0,55,14,64,0,-122,14,62,0,-42,14,76,0,36,0,107,0,117,0,-91,0,-83,0,-53,0]"
CSI_DATA,7199,d8:b1:90:d9:de:f0,-43,9,-99,-40,45,104,512015448,130,0,106,0,"[-42,15,-35,0,-43,15,42,1,-7,15,61,1,20,0,33,1,29,0,-22,0,17,0,-86,0,-31,15,111,0,-113,15,60,0,45,15,41,0,-38,14,49,0,-72,14,79,0,-44,14,115,0,28,15,110,0,0,0,0,0,-71,15,15,0,-28,15,-79,15,-21,15,73,15,-42,15,-3,14,-72,15,-30,14,-90,15,5,15,-82,15,65,15,-55,15,119,15,-1,15,-90,15,68,0,-70,15,-114,0,-80,15,-65,0,126,15,-73,0]"
CSI_DATA,7200,d8:b1:90:d9:de:f0,-44,11,-99,-36,45,104,512222823,277,0,106,0,"[53,13,-14,13,-16,12,-42,13,-53,12,-41,13,-35,12,-31,13,8,13,-18,13,72,13,-14,13,-73,13,-30,13,19,0,-65,13,-107,0,105,13,-39,0,41,13,-17,0,-6,12,-39,0,-22,12,-87,0,16,13,0,0,0,0,46,0,-57,13,24,0,46,0,25,0,-80,0,43,0,-7,0,60,0,20,0,65,0,-4,0,51,0,-65,0,16,0,98,0,-25,13,37,0,-90,13,-13,13,56,13,-47,13,-11,12,-46,13,-33,12]"
CSI_DATA,7201,d8:b1:90:d9:de:f0,-43,9,-99,-38,45,104,512223295,108,0,106,0,"[-95,0,-109,14,-25,0,99,14,-1,0,68,14,-28,0,64,14,-72,0,85,14,118,0,-112,14,71,0,-39,14,40,0,62,0,26,0,-58,0,43,0,35,0,76,0,81,0,110,0,66,0,114,0,0,0,0,0,0,0,33,0,68,0,-53,14,0,0,89,14,-47,14,10,14,-58,14,-20,13,-42,14,1,14,-20,14,62,14,-8,14,-106,14,-15,14,-30,14,-38,14,39,0,-88,14,95,0,81,14,106,0,6,14,63,0]"
CSI_DATA,7202,d8:b1:90:d9:de:f0,-42,9,-99,-34,43,104,512275158,98,0,106,0,"[51,15,93,0,-14,14,119,0,-29,14,-112,0,3,15,-97,0,56,15,-108,0,106,15,118,0,-130,15,46,0,-124,15,-47,15,116,15,110,15,68,15,36,15,16,15,19,15,0,15,51,15,34,15,114,15,0,0,0,0,-76,15,-63,15,37,0,-84,15,132,0,130,15,-88,0,61,15,-90,0,22,15,-124,0,26,15,97,0,72,15,78,0,-131,15,72,0,-51,15,105,0,15,0,-94,0,72,0,-18,0,81,0,22,1]"
CSI_DATA,7203,d8:b1:90:d9:de:f0,-42,9,-99,-35,43,104,512432167,130,0,106,0,"[-4,16,-58,0,-13,16,32,1,4,0,63,1,20,0,38,1,21,0,-23,0,-8,16,-93,0,-55,16,98,0,137,16,8,0,34,16,-70,16,-50,15,-117,16,-81,15,-113,16,-61,15,-88,16,8,16,-61,16,0,0,0,0,-49,16,-27,16,70,0,-56,16,-95,0,-106,16,-30,0,118,16,-14,0,102,16,-42,0,116,16,-95,0,-125,16,136,0,-58,16,89,0,11,0,66,0,101,0,67,0,-91,0,91,0,-25,0,129,0]"
CSI_DATA,7204,d8:b1:90:d9:de:f0,-43,9,-99,-36,44,104,512432292,130,0,106,0,"[-90,15,-71,0,-120,15,6,1,-112,15,38,1,-89,15,22,1,-68,15,-31,0,-64,15,-102,0,-80,15,65,0,-123,15,-39,15,72,15,124,15,13,15,59,15,-21,14,46,15,-10,14,78,15,39,15,123,15,0,0,0,0,-35,15,-38,15,81,0,-30,15,-64,0,-43,15,7,1,-68,15,25,1,-85,15,-6,0,-82,15,-66,0,-61,15,-124,0,-26,15,75,0,31,0,41,0,104,0,23,0,-73,0,31,0,-13,0,64,0]"
CSI_DATA,7205,d8:b1:90:d9:de:f0,-42,9,-99,-35,43,104,512432445,110,0,106,0,"[64,16,62,0,-27,15,88,0,-47,15,118,0,-16,15,128,0,44,16,104,0,106,16,63,0,-109,16,-16,16,-61,16,-125,16,-32,16,31,16,-31,16,-68,15,-46,16,-100,15,-73,16,-71,15,-65,16,11,16,0,0,0,0,0,0,-53,16,90,0,33,0,-91,0,103,0,-14,0,135,0,9,1,128,0,-11,0,111,0,-75,0,82,0,123,0,74,0,39,0,79,0,-42,16,115,0,-113,16,-109,0,136,16,-47,0,-115,16]"
CSI_DATA,7206,d8:b1:90:d9:de:f0,-43,9,-99,-36,44,104,512432563,110,0,106,0,"[-91,0,120,0,-20,0,-84,0,20,1,-88,0,3,1,-121,0,-44,0,102,0,-112,0,84,0,55,0,85,0,-47,15,116,0,108,15,-88,0,44,15,-31,0,32,15,9,1,68,15,13,1,124,15,-42,0,0,0,0,0,-38,15,36,0,-32,15,-82,15,-45,15,67,15,-77,15,-3,14,-107,15,-22,14,-105,15,15,15,-76,15,77,15,-32,15,-127,15,26,0,-81,15,99,0,-50,15,-78,0,-43,15,-19,0,-70,15,-23,0]"
CSI_DATA,7207,d8:b1:90:d9:de:f0,-41,11,-99,-35,43,104,512503697,100,0,114,0,"[-28,9,-30,7,-34,5,-34,3,-35,1,-35,-1,-32,-2,-32,-4,-29,-4,-29,-4,-28,-4,-28,-5,-29,-6,-28,-7,-28,-6,-30,-7,-32,-8,-33,-10,-34,-9,-34,-10,-33,-11,-33,-11,-32,-11,-32,-11,-32,-14,-30,-14,-30,-14,-29,-14,0,0,-27,-16,-27,-16,-28,-16,-28,-17,-27,-18,-27,-18,-27,-18,-27,-19,-26,-18,-26,-18,-25,-18,-21,-17,-21,-16,-20,-16,-20,-16,-19,-15,-18,-15,-18,-15,-18,-15,-19,-16,-20,-17,-19,-18,-19,-19,-18,-21,-17,-22,-16,-22,-14,-22,-10,-20]"
CSI_DATA,7208,d8:b1:90:d9:de:f0,-42,11,-99,-37,44,104,512849519,277,0,106,0,"[125,0,83,15,-85,0,30,15,-86,0,1,15,-110,0,12,15,121,0,50,15,90,0,114,15,85,0,-60,15,103,0,44,0,-109,0,-113,0,-53,0,-36,0,-3,0,-11,0,9,1,-42,0,-37,0,-99,0,0,0,0,0,62,0,52,0,-55,15,54,0,95,15,71,0,17,15,110,0,-1,14,-117,0,27,15,-117,0,83,15,115,0,-125,15,66,0,-80,15,-3,15,-63,15,-89,15,-74,15,80,15,-124,15,20,15,83,15]"
CSI_DATA,7209,d8:b1:90:d9:de:f0,-43,9,-99,-38,45,104,512849982,120,0,106,0,"[-73,0,-106,14,-13,0,99,14,-3,0,70,14,-41,0,68,14,-85,0,84,14,117,0,-101,14,88,0,-34,14,82,0,60,0,106,0,-81,0,-94,0,-12,0,-45,0,16,0,-18,0,-11,0,-48,0,-74,0,0,0,0,0,57,0,54,0,-52,14,45,0,92,14,62,0,21,14,101,0,1,14,-97,0,37,14,-96,0,90,14,117,0,-103,14,71,0,-70,14,6,0,-70,14,-67,14,-99,14,95,14,92,14,49,14,39,14]"
CSI_DATA,7210,d8:b1:90:d9:de:f0,-44,9,-99,-36,45,104,512850149,120,0,106,0,"[-53,0,64,0,3,0,84,0,32,0,70,0,16,0,42,0,-20,0,24,0,-83,0,19,0,78,0,42,0,10,0,101,0,-49,13,-47,0,-70,13,24,0,-57,13,72,0,-18,13,65,0,8,0,16,0,0,0,0,0,0,13,73,0,-64,13,-8,13,86,13,-58,13,12,13,-76,13,-20,12,-61,13,-5,12,-36,13,44,13,-16,13,109,13,-17,13,-57,13,-43,13,-7,13,-92,13,22,0,61,13,9,0,0,13,-41,13]"
CSI_DATA,7211,d8:b1:90:d9:de:f0,-43,9,-99,-38,45,104,512850280,130,0,106,0,"[34,0,49,14,47,0,-19,13,22,0,-47,13,-3,14,-21,13,-20,14,22,14,-10,14,85,14,25,0,-90,14,101,0,-30,14,-44,0,7,0,36,0,7,0,79,0,-20,14,69,0,-59,14,4,0,-75,14,0,0,0,0,71,0,-18,14,12,0,67,0,-16,14,-79,0,-10,14,0,0,18,0,31,0,41,0,4,0,43,0,-56,0,22,0,-113,0,-20,14,72,0,-88,14,39,0,68,14,34,0,7,14,74,0,10,14]"
CSI_DATA,7212,d8:b1:90:d9:de:f0,-44,9,-99,-36,45,104,512850388,98,0,106,0,"[-92,0,-100,0,-45,0,-62,0,-9,0,-68,0,-11,0,-101,0,-42,0,90,0,-97,0,66,0,59,0,65,0,-21,13,98,0,-98,13,-70,0,88,13,-3,0,91,13,49,0,-97,13,49,0,-51,13,7,0,0,0,0,0,-16,13,73,0,-59,13,-19,13,98,13,-86,13,26,13,112,13,-6,12,-104,13,4,13,-75,13,50,13,-42,13,111,13,-35,13,-51,13,-46,13,2,0,-91,13,38,0,67,13,31,0,-3,12,-19,13]"
CSI_DATA,7213,d8:b1:90:d9:de:f0,-42,9,-99,-38,44,104,512876114,130,0,106,0,"[44,0,41,15,34,0,-30,14,-2,15,-56,14,-29,15,-23,14,-32,15,36,15,-20,15,101,15,41,0,-115,15,121,0,-84,15,-48,0,-80,15,27,1,-109,15,45,1,127,15,11,1,102,15,-61,0,123,15,0,0,0,0,84,0,-22,15,77,0,83,0,102,0,-96,0,-123,0,-36,0,-85,0,-28,0,-86,0,-60,0,-119,0,-113,0,97,0,119,0,38,0,110,0,-34,15,134,0,-82,15,-85,0,-92,15,-28,0,-57,15]"
CSI_DATA,7214,d8:b1:90:d9:de:f0,-42,9,-99,-37,44,104,512876575,113,0,106,0,"[-73,0,-119,15,-14,0,95,15,-9,0,71,15,-46,0,73,15,-95,0,107,15,127,0,-94,15,100,0,-10,15,93,0,97,0,108,0,-58,0,-122,0,19,1,-90,0,44,1,-85,0,9,1,-119,0,-57,0,0,0,0,0,8,0,63,0,-98,15,31,0,62,15,17,0,-14,14,26,0,-34,14,42,0,-6,14,44,0,55,15,29,0,120,15,0,0,-82,15,-47,15,-46,15,-114,15,-22,15,67,15,-27,15,10,15,-68,15]"
CSI_DATA,7215,d8:b1:90:d9:de:f0,-43,9,-99,-35,44,104,513058890,116,0,106,0,"[107,0,-79,0,-99,0,-4,0,-76,0,10,0,-91,0,-17,0,120,0,-62,0,59,0,-116,0,-18,14,76,0,-124,14,22,0,21,14,-22,14,-60,13,-53,14,-97,13,-53,14,-71,13,-39,14,4,14,-27,14,0,0,0,0,-31,14,-6,14,82,0,-33,14,-65,0,-55,14,6,0,-82,14,25,0,-90,14,-6,0,-73,14,-67,0,-43,14,114,0,-2,14,56,0,46,0,0,14,108,0,-43,14,-67,0,-66,14,-15,0,-44,14]"
CSI_DATA,7216,d8:b1:90:d9:de:f0,-43,9,-99,-37,45,104,513059008,136,0,106,0,"[35,0,54,13,57,0,-26,12,55,0,-52,12,43,0,-27,12,38,0,27,13,48,0,101,13,67,0,-44,13,102,0,55,0,-90,0,-80,0,-46,0,-10,0,-22,0,14,0,-30,0,-9,0,-73,0,-67,0,0,0,0,0,19,0,32,0,-77,13,-23,13,66,13,-65,13,0,12,-88,13,-23,12,-89,13,10,13,-82,13,72,13,-70,13,-93,13,-65,13,-18,13,-70,13,55,0,-85,13,-106,0,-110,13,-57,0,90,13,-64,0]"
CSI_DATA,7217,d8:b1:90:d9:de:f0,-43,9,-99,-35,44,104,513059179,116,0,106,0,"[-118,14,84,14,79,14,13,14,53,14,3,14,65,14,32,14,107,14,79,14,-79,14,-120,14,8,0,-79,14,114,0,-40,14,-18,0,-17,14,67,0,-13,14,99,0,-19,14,69,0,-36,14,-6,0,-34,14,0,0,0,0,34,0,2,0,-68,14,52,0,85,14,108,0,34,14,-90,0,24,14,-70,0,48,14,-90,0,95,14,108,0,-108,14,46,0,-68,14,-19,14,-41,14,-102,14,-24,14,67,14,-43,14,8,14,-68,14]"
CSI_DATA,7218,d8:b1:90:d9:de:f0,-43,9,-99,-37,45,104,513059323,136,0,106,0,"[-116,13,-88,0,66,13,-30,0,58,13,-1,0,80,13,-17,0,-117,13,-61,0,-94,13,102,0,-81,13,15,0,-75,13,-89,13,-80,13,35,13,-104,13,-42,12,-117,13,-71,12,110,13,-37,12,-104,13,27,13,0,0,0,0,-9,13,-33,13,66,0,44,0,-82,0,101,0,-23,0,-99,0,-4,0,-95,0,-27,0,-111,0,-84,0,102,0,80,0,77,0,7,0,69,0,-67,13,77,0,94,13,99,0,45,13,-107,0,49,13]"
CSI_DATA,7219,d8:b1:90:d9:de:f0,-43,9,-99,-38,45,104,513059440,116,0,106,0,"[-13,14,-49,0,-3,14,29,0,34,0,50,0,63,0,19,0,63,0,-38,0,36,0,-95,0,-23,14,91,0,-115,14,59,0,28,14,60,0,-47,13,85,0,-59,13,-109,0,-19,13,-87,0,58,14,-101,0,0,0,0,0,-39,14,19,0,-16,14,-79,14,-17,14,56,14,-49,14,-3,13,-81,14,-14,13,-92,14,19,14,-73,14,77,14,-36,14,-118,14,16,0,-85,14,84,0,-77,14,-92,0,-96,14,-56,0,101,14,-79,0]"
CSI_DATA,7220,d8:b1:90:d9:de:f0,-43,9,-99,-37,45,104,513059540,136,0,106,0,"[-52,0,-22,13,28,0,-32,13,51,0,-57,13,22,0,-65,13,-31,0,-53,13,-95,0,-18,13,67,0,36,0,0,0,-117,0,-55,13,-24,0,-88,13,48,0,-83,13,77,0,-61,13,57,0,-42,13,-6,0,0,0,0,0,-11,13,33,0,-34,13,-71,13,-67,13,68,13,-105,13,11,13,115,13,-4,12,-110,13,22,13,-77,13,73,13,-29,13,-111,13,27,0,-66,13,98,0,-34,13,-63,0,-19,13,-10,0,-26,13,-3,0]"
CSI_DATA,7221,d8:b1:90:d9:de:f0,-43,9,-99,-36,44,104,513059657,116,0,106,0,"[-78,15,69,15,-117,15,-5,14,110,15,-18,14,112,15,17,15,-118,15,67,15,-64,15,125,15,11,0,-81,15,118,0,-36,15,-23,0,-5,15,55,1,-8,15,95,1,-27,15,61,1,-51,15,-17,0,-53,15,0,0,0,0,34,0,-2,15,-64,15,60,0,115,15,-123,0,74,15,-61,0,69,15,-35,0,101,15,-56,0,-121,15,-112,0,-88,15,70,0,-71,15,-2,15,-74,15,-83,15,-90,15,91,15,-127,15,50,15,96,15]"
CSI_DATA,7222,d8:b1:90:d9:de:f0,-42,9,-99,-37,44,104,513059802,136,0,106,0,"[100,15,-121,0,30,15,-68,0,20,15,-36,0,55,15,-43,0,107,15,-91,0,-125,15,102,0,-95,15,7,0,-82,15,-103,15,-94,15,32,15,-120,15,-52,14,117,15,-78,14,104,15,-39,14,-121,15,37,15,0,0,0,0,-11,15,-46,15,88,0,28,0,-71,0,73,0,0,1,94,0,20,1,93,0,-7,0,84,0,-74,0,71,0,112,0,68,0,37,0,79,0,-39,15,115,0,-106,15,-100,0,118,15,-47,0,-120,15]"
CSI_DATA,7223,d8:b1:90:d9:de:f0,-42,9,-99,-38,44,104,513127356,263,0,106,0,"[42,0,74,15,70,0,-12,14,57,0,-49,14,42,0,-18,14,32,0,38,15,34,0,116,15,61,0,-62,15,118,0,48,0,-79,0,-123,0,-15,0,-56,0,27,1,-41,0,18,1,-73,0,-44,0,-131,0,0,0,0,0,40,0,27,0,-81,15,4,0,75,15,-1,15,-7,14,11,0,-28,14,23,0,4,15,16,0,72,15,7,0,-129,15,-25,15,-49,15,-62,15,6,0,-123,15,55,0,69,15,60,0,8,15,31,0]"
CSI_DATA,7224,d8:b1:90:d9:de:f0,-43,9,-99,-38,45,104,513127598,98,0,106,0,"[-115,14,97,14,71,14,33,14,37,14,24,14,45,14,59,14,82,14,100,14,-94,14,-108,14,-9,14,-78,14,94,0,-67,14,-34,0,-73,14,45,0,-98,14,71,0,110,14,42,0,97,14,-29,0,118,14,0,0,0,0,36,0,-21,14,-32,14,69,0,-81,14,-84,0,-99,14,-9,0,-96,14,17,0,-82,14,-12,0,-65,14,-72,0,-65,14,96,0,-76,14,26,0,-108,14,-46,14,84,14,-107,14,31,14,106,14,9,14]"
CSI_DATA,7225,d8:b1:90:d9:de:f0,-43,9,-99,-39,45,104,513267779,224,0,106,0,"[-97,14,89,14,99,14,19,14,55,14,6,14,44,14,49,14,72,14,101,14,-116,14,-106,14,-34,14,-78,14,72,0,-71,14,-64,0,-101,14,11,0,96,14,26,0,44,14,-9,0,27,14,-82,0,60,14,0,0,0,0,27,0,-43,14,-3,14,75,0,5,0,-67,0,35,0,8,0,66,0,28,0,79,0,-6,0,66,0,-73,0,34,0,112,0,-21,14,59,0,-90,14,25,0,76,14,15,0,15,14,40,0,15,14]"
CSI_DATA,7226,d8:b1:90:d9:de:f0,-42,9,-99,-37,44,104,513298525,113,0,106,0,"[88,0,65,15,124,0,-20,14,112,0,-55,14,78,0,-33,14,59,0,26,15,50,0,96,15,63,0,-68,15,114,0,28,0,-76,0,123,0,0,1,-82,0,44,1,-83,0,41,1,-119,0,-27,0,94,0,0,0,0,0,44,0,28,0,-78,15,43,0,79,15,81,0,17,15,127,0,6,15,-108,0,42,15,-121,0,101,15,109,0,-115,15,51,0,-79,15,-20,15,-62,15,-100,15,-62,15,74,15,-104,15,14,15,116,15]"
CSI_DATA,7227,d8:b1:90:d9:de:f0,-42,9,-99,-36,44,104,513476669,108,0,106,0,"[121,15,-106,0,57,15,-32,0,56,15,9,1,90,15,6,1,-126,15,-37,0,-90,15,-103,0,-75,15,61,0,-80,15,-52,15,-113,15,89,15,93,15,1,15,55,15,-25,14,40,15,8,15,76,15,76,15,0,0,0,0,-27,15,-46,15,83,0,-13,15,-53,0,-7,15,21,1,-25,15,41,1,-48,15,2,1,-56,15,-71,0,-49,15,113,0,-15,15,43,0,30,0,-13,15,104,0,-49,15,-67,0,-39,15,6,1,2,0]"
CSI_DATA,7228,d8:b1:90:d9:de:f0,-43,9,-99,-34,44,104,513476832,98,0,106,0,"[64,0,67,14,88,0,-15,13,73,0,-52,13,43,0,-42,13,22,0,12,14,17,0,75,14,41,0,-81,14,91,0,14,0,-76,0,92,0,0,0,-96,0,41,0,-94,0,37,0,115,0,-16,0,71,0,0,0,0,0,42,0,23,0,-65,14,50,0,82,14,98,0,26,14,-96,0,24,14,-66,0,60,14,-76,0,113,14,-116,0,-82,14,68,0,-50,14,-3,14,-43,14,-85,14,-60,14,74,14,-102,14,17,14,91,14]"
CSI_DATA,7229,d8:b1:90:d9:de:f0,-45,11,-99,-38,47,104,513503645,100,0,228,0,"[1,8,4,10,5,12,8,14,9,16,9,17,8,17,92,55,8,15,7,14,6,12,5,10,5,8,5,5,5,2,5,-1,6,-4,7,-8,8,-11,10,-14,11,-17,26,-44,14,-18,14,-18,14,-17,13,-15,11,-13,10,-11,0,0,5,-6,2,-5,0,-3,-3,-2,-6,-1,-10,-1,63,11,-14,-1,-17,-1,-17,-1,-16,-1,-15,-1,-14,0,-11,0,-9,0,-7,1,-5,2,-3,4,-2,5,0,8,1,0,1,13,1,15,0,17,0,18,0,18,-2,17,-3,14,-11,12,0,19,13,15,20,3,17,-11,4,-17,-8,-12,-2,14,-6,5,1,6,5,0,2,-5,-5,-7,-11,0,-9,9,0,16,13,12,20,0,14,-14,0,-20,-13,-12,-3,-17,-8,11,2,10,7,2,3,-5,-4,-5,-8,2,0,0,5,14,16,6,18,-7,8,-19,-6,-20,-19,-10,-34,3,-10,16,2,17,11,8,9,-2,3,-5,-1,-2,0,1,2,2,5,-2,2,-8,-3,-9,-10,-5,-12,3,-5,23,3,14,12,8,13,-2,6,-10,-2,-10,-7,-2,-5,2]"
CSI_DATA,7230,d8:b1:90:d9:de:f0,-43,11,-99,-39,45,104,513685114,277,0,106,0,"[-54,14,-62,0,-107,14,-2,0,-122,14,25,0,-115,14,11,0,-101,14,-37,0,-87,14,-103,0,-84,14,55,0,-90,14,-51,14,-113,14,77,14,111,14,-16,13,88,14,-63,13,82,14,-46,13,106,14,9,14,0,0,0,0,-38,14,-74,14,51,0,1,0,-102,0,61,0,-25,0,98,0,7,0,102,0,-11,0,92,0,-70,0,73,0,103,0,57,0,26,0,61,0,-57,14,81,0,110,14,115,0,61,14,-88,0,67,14]"
CSI_DATA,7231,d8:b1:90:d9:de:f0,-42,9,-99,-38,44,104,513685595,130,0,106,0,"[-82,0,86,0,-22,0,-126,0,11,1,-113,0,-3,0,-129,0,-47,0,117,0,-117,0,95,0,58,0,87,0,-55,15,99,0,94,15,128,0,-4,14,-101,0,-44,14,-65,0,-25,14,-54,0,39,15,-82,0,0,0,0,0,-70,15,57,0,-11,15,-52,15,24,0,102,15,31,0,9,15,23,0,-28,14,12,0,2,15,6,0,65,15,22,0,-130,15,48,0,-47,15,101,0,25,0,-100,0,85,0,-28,0,103,0,6,1]"
CSI_DATA,7232,d8:b1:90:d9:de:f0,-42,11,-99,-39,44,104,514102911,277,0,106,0,"[122,16,119,16,67,16,50,16,25,16,37,16,26,16,69,16,62,16,114,16,126,16,-118,16,-58,16,-99,16,59,0,-99,16,-91,0,-134,16,0,1,89,16,31,1,37,16,0,1,14,16,-79,0,45,16,0,0,0,0,38,0,-76,16,6,0,58,0,8,0,-90,0,42,0,0,1,76,0,30,1,93,0,-8,0,80,0,-83,0,42,0,124,0,-19,16,58,0,-106,16,19,0,78,16,10,0,8,16,42,0,3,16]"
CSI_DATA,7233,d8:b1:90:d9:de:f0,-43,9,-99,-36,44,104,514103401,98,0,106,0,"[63,15,-65,15,-2,14,-120,15,-30,14,122,15,-10,14,127,15,40,15,-115,15,112,15,-96,15,-53,15,-90,15,58,0,-88,15,-74,0,-99,15,26,1,-116,15,74,1,127,15,63,1,119,15,-1,0,-115,15,0,0,0,0,64,0,-34,15,-26,15,45,0,-108,15,-127,0,101,15,-55,0,86,15,-26,0,105,15,-44,0,-114,15,-104,0,-81,15,85,0,-59,15,4,0,-50,15,-85,15,-57,15,84,15,-84,15,23,15,-116,15]"
CSI_DATA,7234,d8:b1:90:d9:de:f0,-42,9,-99,-35,43,104,514103533,98,0,106,0,"[100,0,-79,0,109,0,13,1,116,0,43,1,116,0,25,1,88,0,-25,0,39,0,-83,0,-25,16,113,0,-119,16,25,0,53,16,-54,16,-42,15,-117,16,-92,15,-136,16,-75,15,-119,16,-10,15,-92,16,0,0,0,0,-80,16,-17,16,52,0,-21,16,-94,0,-43,16,-8,0,-70,16,17,1,-85,16,-8,0,-74,16,-73,0,-54,16,131,0,-20,16,53,0,35,0,-10,16,104,0,-56,16,-89,0,-83,16,-18,0,-55,16]"
CSI_DATA,7235,d8:b1:90:d9:de:f0,-42,9,-99,-39,44,104,514154735,98,0,106,0,"[1,0,-89,0,-31,16,10,1,-21,16,59,1,-14,16,44,1,-14,16,-9,0,-21,16,-69,0,-63,16,123,0,-134,16,33,0,52,16,-46,16,-44,15,-101,16,-102,15,-106,16,-104,15,-81,16,-16,15,-37,16,0,0,0,0,-88,16,13,0,37,0,-16,16,-114,0,-56,16,-41,0,-117,16,-6,0,115,16,-44,0,122,16,-107,0,-121,16,128,0,-65,16,93,0,3,0,74,0,86,0,71,0,-110,0,115,0,-51,0,-130,0]"
CSI_DATA,7236,d8:b1:90:d9:de:f0,-42,9,-99,-35,43,104,514177825,101,0,106,0,"[44,16,-109,16,-8,15,136,16,-33,15,-128,16,-16,15,-90,16,34,16,-57,16,110,16,-50,16,-85,16,-78,16,3,0,136,16,70,0,34,16,94,0,-59,15,68,0,-121,15,18,0,-109,15,-17,16,-38,15,0,0,0,0,-8,16,-125,16,69,0,-45,16,-116,0,1,0,-40,0,5,0,-14,0,-7,16,-38,0,-22,16,-98,0,-18,16,122,0,4,0,74,0,54,0,53,0,128,0,59,0,-66,0,103,0,-15,0,-112,0]"
CSI_DATA,7237,d8:b1:90:d9:de:f0,-43,9,-99,-39,45,104,514312309,98,0,106,0,"[103,14,109,14,40,14,63,14,2,14,71,14,12,14,115,14,51,14,-95,14,122,14,-67,14,-38,14,-61,14,68,0,-88,14,-85,0,102,14,-26,0,41,14,-20,0,-10,13,-63,0,-17,13,123,0,29,14,0,0,0,0,31,0,-42,14,34,0,71,0,65,0,-79,0,111,0,-20,0,-106,0,-16,0,-112,0,-54,0,101,0,-107,0,47,0,91,0,-19,14,60,0,-92,14,58,0,81,14,79,0,41,14,116,0,53,14]"
CSI_DATA,7238,d8:b1:90:d9:de:f0,-41,11,-99,-33,42,104,514504023,100,0,114,0,"[-21,23,-25,23,-28,23,-31,23,-31,19,-32,19,-30,18,-30,17,-27,17,-27,17,-27,16,-26,16,-26,16,-26,17,-27,18,-28,20,-28,21,-28,20,-31,21,-30,23,-31,24,-30,25,-30,25,-30,24,-27,23,-26,23,-26,23,-26,23,0,0,-25,23,-25,21,-26,23,-25,24,-25,25,-26,26,-25,26,-24,26,-24,25,-21,25,-20,24,-20,25,-18,24,-18,24,-17,21,-15,21,-13,21,-13,21,-13,23,-15,24,-15,25,-16,25,-15,26,-16,26,-17,26,-17,25,-17,21,-17,20]"
CSI_DATA,7239,d8:b1:90:d9:de:f0,-43,11,-99,-35,44,104,514520709,277,0,106,0,"[-102,0,-93,0,-79,0,-36,0,-73,0,-24,0,-90,0,-49,0,120,0,-89,0,59,0,111,0,-20,14,71,0,118,14,34,0,11,14,13,0,-82,13,14,0,-115,13,24,0,-91,13,44,0,-21,13,40,0,0,0,0,0,-90,14,-8,14,-7,14,-70,14,55,0,109,14,99,0,59,14,108,0,47,14,103,0,77,14,91,0,-112,14,83,0,-51,14,84,0,25,0,105,0,99,0,-105,0,-84,0,-61,0,-49,0,-34,0]"
CSI_DATA,7240,d8:b1:90:d9:de:f0,-42,9,-99,-37,44,104,514521190,130,0,106,0,"[-36,0,32,0,25,1,62,0,39,1,63,0,5,1,45,0,-43,0,39,0,-125,0,41,0,50,0,68,0,-56,15,128,0,120,15,-58,0,62,15,12,1,49,15,58,1,81,15,59,1,127,15,-3,0,0,0,0,0,-67,15,79,0,-82,15,-36,15,-109,15,-128,15,123,15,71,15,113,15,54,15,-126,15,82,15,-78,15,122,15,-22,15,-103,15,47,0,-75,15,123,0,-72,15,-56,0,-84,15,-5,0,-120,15,-15,0]"
CSI_DATA,7241,d8:b1:90:d9:de:f0,-43,9,-99,-34,44,104,514521297,271,0,106,0,"[85,14,-95,0,33,14,-61,0,30,14,-43,0,59,14,-56,0,101,14,-95,0,-104,14,85,0,-73,14,0,14,-67,14,-107,14,-76,14,16,14,-103,14,-62,13,97,14,-84,13,86,14,-54,13,104,14,9,14,0,0,0,0,-21,14,-82,14,65,0,-43,14,-87,0,-17,14,-26,0,-17,14,-9,0,-19,14,-34,0,-12,14,-92,0,-3,14,89,0,31,0,35,0,77,0,-3,14,-101,0,-27,14,-30,0,-17,14,26,0,20,0]"
CSI_DATA,7242,d8:b1:90:d9:de:f0,-42,9,-99,-37,44,104,514521467,272,0,106,0,"[-102,15,-56,0,111,15,-7,0,113,15,12,1,-121,15,-9,0,-92,15,-65,0,-75,15,127,0,-79,15,29,0,-107,15,-79,15,96,15,77,15,26,15,11,15,-12,14,-4,14,-22,14,36,15,29,15,95,15,0,0,0,0,-66,15,-76,15,41,0,-75,15,-125,0,-97,15,-66,0,-123,15,-50,0,125,15,-78,0,-120,15,-122,0,-75,15,103,0,-18,15,75,0,46,0,72,0,128,0,86,0,-54,0,-131,0,-9,0,-90,0]"
CSI_DATA,7243,d8:b1:90:d9:de:f0,-42,11,-99,-38,44,104,514938506,277,0,106,0,"[-62,0,-11,15,34,1,2,0,70,1,-9,15,45,1,-16,15,-14,0,-12,15,-93,0,2,0,85,0,46,0,-16,15,114,0,-115,15,-70,0,84,15,3,1,64,15,42,1,91,15,41,1,-126,15,-30,0,0,0,0,0,-36,15,45,0,-16,15,-79,15,-11,15,72,15,-23,15,-6,14,-33,15,-34,14,-33,15,-1,14,-16,15,65,15,11,0,-131,15,51,0,-52,15,108,0,16,0,-94,0,80,0,-24,0,104,0,4,1]"
CSI_DATA,7244,d8:b1:90:d9:de:f0,-43,9,-99,-35,44,104,514938978,108,0,106,0,"[84,14,91,0,3,14,-121,0,-15,13,-95,0,7,14,-89,0,59,14,-122,0,106,14,87,0,-89,14,5,0,-50,14,-95,14,-25,14,38,14,-25,14,-54,13,-45,14,-89,13,-67,14,-65,13,-69,14,7,14,0,0,0,0,-8,14,-49,14,58,0,38,0,-110,0,116,0,-46,0,-98,0,-17,0,-95,0,-36,0,-114,0,-91,0,100,0,88,0,81,0,16,0,70,0,-68,14,79,0,102,14,104,0,56,14,-92,0,67,14]"
CSI_DATA,7245,d8:b1:90:d9:de:f0,-42,9,-99,-36,43,104,515147850,98,0,106,0,"[-112,0,100,16,-63,0,31,16,-77,0,-13,15,-129,0,-4,15,105,0,44,16,74,0,118,16,74,0,-75,16,112,0,33,0,-103,0,131,0,-17,0,-96,0,49,1,-100,0,56,1,142,0,-11,0,83,0,0,0,0,0,75,0,38,0,-34,16,95,0,-116,16,-113,0,134,16,-35,0,-140,16,8,1,-99,16,-21,0,-59,16,-83,0,-47,16,124,0,-60,16,44,0,-108,16,-25,16,102,16,-78,16,25,16,-79,16,-2,15]"
CSI_DATA,7246,d8:b1:90:d9:de:f0,-42,9,-99,-35,43,104,515147981,98,0,106,0,"[-93,16,-56,0,-127,16,22,1,-117,16,54,1,-91,16,31,1,-67,16,-30,0,-50,16,-115,0,-49,16,56,0,-76,16,-67,16,-123,16,88,16,109,16,-6,15,68,16,-37,15,61,16,-6,15,100,16,63,16,0,0,0,0,-25,16,-49,16,93,0,-4,16,-67,0,30,0,16,1,35,0,39,1,20,0,1,1,11,0,-75,0,8,0,121,0,11,0,31,0,42,0,-46,16,91,0,-118,16,-122,0,128,16,-54,0,-127,16]"
CSI_DATA,7247,d8:b1:90:d9:de:f0,-42,9,-99,-36,44,104,515148086,98,0,106,0,"[-109,0,92,15,-51,0,31,15,-48,0,0,15,-76,0,13,15,-124,0,57,15,100,0,127,15,71,0,-36,15,52,0,79,0,57,0,-59,0,78,0,41,1,105,0,78,1,119,0,52,1,105,0,-18,0,0,0,0,0,8,0,58,0,-81,15,-17,15,73,15,-73,15,0,15,-96,15,-24,14,-93,15,6,15,-72,15,71,15,-55,15,-108,15,-40,15,-25,15,-48,15,57,0,-73,15,-124,0,-121,15,-75,0,83,15,-92,0]"
CSI_DATA,7248,d8:b1:90:d9:de:f0,-42,11,-99,-34,43,104,515356303,277,0,106,0,"[58,15,-101,15,-11,14,-132,15,-39,14,-120,15,-10,14,-86,15,49,15,-56,15,129,15,-42,15,-44,15,-63,15,67,0,-110,15,-108,0,79,15,-50,0,1,15,-46,0,-46,14,-91,0,-48,14,122,0,11,15,0,0,0,0,57,0,-59,15,79,0,54,0,121,0,-118,0,-104,0,-61,0,-79,0,-56,0,-97,0,-93,0,119,0,134,0,54,0,97,0,-26,15,75,0,-113,15,85,0,76,15,117,0,32,15,-95,0,58,15]"
CSI_DATA,7249,d8:b1:90:d9:de:f0,-41,9,-99,-37,43,104,515356793,130,0,106,0,"[-88,17,62,17,-132,17,-13,16,117,17,-19,16,107,17,32,17,137,17,103,17,-101,17,-131,17,-4,17,-81,17,122,0,-68,17,-40,0,-87,17,53,1,-138,17,70,1,95,17,25,1,76,17,-56,0,112,17,0,0,0,0,75,0,-32,17,61,0,88,0,79,0,-92,0,116,0,-25,0,139,0,-15,0,131,0,-58,0,98,0,-129,0,42,0,112,0,-41,17,72,0,-131,17,66,0,72,17,94,0,16,17,-145,0,45,17]"
CSI_DATA,7250,d8:b1:90:d9:de:f0,-42,9,-99,-34,43,104,515356964,113,0,106,0,"[54,15,-87,15,-20,14,-105,15,-54,14,-76,15,-22,14,-37,15,41,15,-9,15,123,15,-9,15,-59,15,-49,15,24,0,-122,15,91,0,43,15,109,0,-52,14,73,0,-104,14,24,0,-87,14,-5,15,-12,14,0,0,0,0,21,0,-78,15,99,0,3,0,-80,0,54,0,-7,0,63,0,14,1,43,0,-19,0,23,0,-90,0,8,0,102,0,27,0,36,0,65,0,-13,15,134,0,-36,15,-49,0,-14,15,15,1,46,0]"
CSI_DATA,7251,d8:b1:90:d9:de:f0,-41,9,-99,-33,42,104,515357073,98,0,106,0,"[116,17,114,17,68,17,38,17,50,17,25,17,76,17,58,17,122,17,106,17,-95,17,-133,17,5,0,-85,17,131,0,-40,17,-26,0,-12,17,79,1,-5,17,127,1,-9,17,99,1,-28,17,8,1,-21,17,0,0,0,0,79,0,34,0,-26,17,108,0,-124,17,-115,0,117,17,-58,0,101,17,-43,0,127,17,-79,0,-136,17,-147,0,-101,17,58,0,-73,17,-33,17,-69,17,-130,17,-80,17,65,17,-114,17,2,17,145,17]"
CSI_DATA,7252,d8:b1:90:d9:de:f0,-45,11,-99,-37,46,104,515504001,100,0,228,0,"[-9,-3,-13,-2,-16,-2,-19,-2,-20,-3,-22,-4,-21,-5,101,60,-18,-5,-17,-6,-14,-5,-12,-4,-10,-3,-8,-1,-6,0,-4,4,-3,8,-1,11,0,15,-1,18,-2,21,28,-48,-4,23,-5,23,-6,22,-6,20,-6,17,-6,14,0,0,-3,8,0,6,2,4,5,2,9,1,12,0,-63,0,17,1,18,1,18,2,17,4,17,4,14,4,12,3,9,2,7,1,5,0,4,-2,2,-4,0,-7,11,0,0,-13,0,-15,2,-17,4,-18,6,-17,8,-15,8,-12,-4,-17,-17,-12,-22,2,-16,17,0,22,12,15,16,1,-10,-13,0,-9,-7,-3,-5,5,2,8,10,4,11,-6,3,-15,-10,-14,-20,-4,-17,11,-5,22,10,19,20,6,13,14,4,-14,-6,-9,-8,0,-2,6,6,4,8,-4,0,0,-8,-12,-17,-2,-16,12,-4,21,11,20,22,8,35,-7,8,-17,-4,-16,-11,-7,-9,2,-2,5,2,2,1,-2,-3,-3,-7,0,-5,8,0,12,9,8,14,0,12,-20,2,-15,-8,-13,-13,-3,-11,5,-3,8,3,5,4,0]"
CSI_DATA,7253,d8:b1:90:d9:de:f0,-42,11,-99,-36,44,104,515774101,277,0,106,0,"[14,0,27,15,17,0,-57,14,-4,15,-80,14,-23,15,-41,14,-30,15,19,15,-13,15,98,15,28,0,-75,15,102,0,22,0,-62,0,96,0,16,1,-114,0,65,1,-111,0,64,1,116,0,-3,0,80,0,0,0,0,0,55,0,43,0,-54,15,66,0,104,15,107,0,46,15,-103,0,32,15,-79,0,68,15,-94,0,118,15,115,0,-91,15,56,0,-53,15,-14,15,-38,15,-99,15,-41,15,71,15,-74,15,8,15,-120,15]"
CSI_DATA,7254,d8:b1:90:d9:de:f0,-42,9,-99,-37,44,104,515774591,113,0,106,0,"[-92,0,101,15,-29,0,51,15,-23,0,22,15,-61,0,25,15,-107,0,69,15,122,0,-129,15,95,0,-38,15,97,0,73,0,117,0,-72,0,-107,0,16,1,-69,0,39,1,-61,0,15,1,-97,0,-44,0,0,0,0,0,28,0,84,0,-77,15,55,0,80,15,52,0,12,15,63,0,-9,14,77,0,18,15,73,0,79,15,53,0,-124,15,12,0,-67,15,-42,15,-28,15,-114,15,-7,15,65,15,-24,15,-3,14,-67,15]"
CSI_DATA,7255,d8:b1:90:d9:de:f0,-43,11,-99,-35,44,104,516191898,277,0,106,0,"[-117,0,-86,0,-74,0,-13,0,-51,0,1,0,-58,0,-24,0,-94,0,-68,0,102,0,-109,0,27,0,95,0,-73,14,62,0,67,14,36,0,-28,13,39,0,-75,13,44,0,-67,13,61,0,0,14,57,0,0,0,0,0,-72,14,4,0,17,0,-59,14,95,0,116,14,-109,0,51,14,-98,0,20,14,-119,0,43,14,102,0,101,14,79,0,-87,14,72,0,-11,14,79,0,72,0,103,0,-93,0,-100,0,-44,0,-66,0]"
CSI_DATA,7256,d8:b1:90:d9:de:f0,-42,9,-99,-36,44,104,516192388,130,0,106,0,"[-15,15,-33,0,-18,15,53,1,5,0,82,1,22,0,53,1,24,0,-2,0,11,0,-76,0,-30,15,95,0,-102,15,11,0,62,15,-65,15,-17,14,-109,15,-72,14,-113,15,-72,14,-84,15,-13,14,-53,15,0,0,0,0,-69,15,-19,15,46,0,-52,15,-114,0,-100,15,-52,0,99,15,-40,0,65,15,-68,0,79,15,-118,0,125,15,98,0,-70,15,70,0,4,0,67,0,89,0,89,0,-78,0,-123,0,-22,0,-79,0]"
CSI_DATA,7257,d8:b1:90:d9:de:f0,-43,9,-99,-38,45,104,516192550,272,0,106,0,"[8,0,35,14,10,0,-43,13,-6,14,-72,13,-28,14,-50,13,-33,14,6,14,-16,14,69,14,26,0,-95,14,91,0,-23,14,-57,0,46,0,26,0,75,0,70,0,72,0,68,0,45,0,13,0,20,0,0,0,0,0,67,0,11,0,-32,14,52,0,-113,14,113,0,81,14,-68,0,73,14,-35,0,99,14,-47,0,-112,14,-92,0,-83,14,81,0,-71,14,11,0,-82,14,-67,14,-118,14,98,14,71,14,56,14,33,14]"
CSI_DATA,7258,d8:b1:90:d9:de:f0,-42,9,-99,-37,44,104,516192702,98,0,106,0,"[-45,0,-43,15,36,1,-66,15,57,1,-98,15,27,1,-115,15,-33,0,-108,15,-95,0,-72,15,104,0,-2,15,47,0,90,0,12,0,-60,0,8,0,39,1,27,0,86,1,59,0,73,1,67,0,3,1,0,0,0,0,13,0,69,0,-65,15,-13,15,100,15,-75,15,20,15,-97,15,-13,14,-90,15,10,15,-66,15,74,15,-46,15,-114,15,-41,15,-37,15,-58,15,37,0,-111,15,90,0,83,15,109,0,12,15,69,0]"
CSI_DATA,7259,d8:b1:90:d9:de:f0,-43,9,-99,-38,45,104,516192843,98,0,106,0,"[-39,0,-42,14,34,0,-63,14,54,0,-91,14,25,0,-107,14,-24,0,-100,14,-84,0,-70,14,98,0,-12,14,51,0,81,0,25,0,-54,0,29,0,37,0,50,0,79,0,79,0,60,0,84,0,-4,0,0,0,0,0,20,0,66,0,-63,14,-1,14,86,14,-50,14,11,14,-60,14,-18,13,-45,14,0,14,-24,14,59,14,-16,14,-115,14,-26,14,-46,14,-55,14,13,0,-105,14,54,0,65,14,50,0,-1,13,10,0]"
CSI_DATA,7260,d8:b1:90:d9:de:f0,-43,9,-99,-35,44,104,516192975,130,0,106,0,"[63,14,-113,14,0,14,94,14,-34,13,98,14,-21,13,-119,14,22,14,-93,14,83,14,-75,14,-83,14,-79,14,12,0,-114,14,107,0,78,14,-82,0,18,14,-68,0,-23,13,-95,0,-28,13,111,0,14,14,0,0,0,0,49,0,-62,14,63,0,37,0,103,0,-115,0,-99,0,-55,0,-74,0,-42,0,-80,0,-66,0,-118,0,-110,0,69,0,104,0,2,0,81,0,-76,14,87,0,99,14,118,0,57,14,-83,0,73,14]"
CSI_DATA,7261,d8:b1:90:d9:de:f0,-42,9,-99,-34,43,104,516193118,101,0,106,0,"[119,15,-93,0,60,15,-33,0,56,15,3,1,90,15,-3,0,131,15,-49,0,-114,15,-103,0,-99,15,73,0,-119,15,-23,15,101,15,132,15,44,15,58,15,0,15,39,15,-9,14,61,15,32,15,115,15,0,0,0,0,-68,15,-59,15,48,0,-68,15,-122,0,-102,15,-51,0,121,15,-36,0,94,15,-62,0,98,15,-116,0,-133,15,121,0,-74,15,91,0,-5,15,96,0,83,0,122,0,-108,0,-92,0,-60,0,-48,0]"
CSI_DATA,7262,d8:b1:90:d9:de:f0,-43,9,-99,-35,44,104,516401251,108,0,106,0,"[46,14,44,0,-38,13,35,0,-70,13,30,0,-45,13,29,0,9,14,19,0,90,14,1,0,-65,14,-15,14,49,0,-42,14,-75,0,-69,14,20,0,-98,14,73,0,-114,14,64,0,-112,14,1,0,-90,14,0,0,0,0,61,0,-27,14,-47,14,34,0,107,14,97,0,36,14,-107,0,7,14,-88,0,32,14,-106,0,89,14,101,0,-94,14,49,0,-27,14,-1,14,41,0,-71,14,104,0,98,14,-108,0,33,14,-122,0]"
CSI_DATA,7263,d8:b1:90:d9:de:f0,-41,11,-99,-35,43,104,516503742,100,0,114,0,"[4,29,2,31,-2,33,-4,34,-5,35,-6,34,-8,33,-8,31,-9,29,-10,28,-10,26,-10,27,-10,26,-11,27,-11,28,-13,28,-14,29,-15,31,-15,31,-16,31,-17,31,-17,32,-18,31,-18,30,-18,29,-18,28,-18,27,-18,26,0,0,-19,23,-19,25,-20,25,-21,25,-21,25,-23,23,-22,25,-23,23,-23,21,-22,21,-21,21,-21,20,-20,19,-20,18,-19,17,-18,17,-18,15,-18,15,-19,15,-20,15,-21,15,-22,15,-23,15,-25,14,-26,11,-26,10,-26,8,-23,6]"
CSI_DATA,7264,d8:b1:90:d9:de:f0,-44,11,-99,-38,46,104,516818594,277,0,106,0,"[46,0,-19,12,9,0,100,12,-6,12,38,12,-1,12,21,12,8,0,37,12,13,0,80,12,-11,12,-78,12,-72,12,-3,12,50,12,54,0,-55,11,88,0,84,11,87,0,55,11,52,0,80,11,8,0,0,0,0,0,-1,11,2,0,77,12,23,0,-71,12,83,0,-15,12,-77,0,6,0,-45,0,3,0,-40,0,4,0,-70,0,5,0,95,0,30,0,37,0,82,0,-12,12,-58,0,-59,12,10,0,-85,12,47,0]"
CSI_DATA,7265,d8:b1:90:d9:de:f0,-45,9,-99,-35,46,104,516819066,224,0,106,0,"[-28,11,24,0,47,0,84,0,93,0,-67,0,-94,0,-51,0,84,0,-59,0,59,0,-86,0,41,0,48,0,40,0,-39,11,71,0,54,11,-78,0,-37,10,-23,0,-87,10,14,0,-90,10,26,0,-49,10,0,0,0,0,-55,0,47,11,76,0,83,11,-12,11,-93,11,-84,11,-82,11,67,11,-87,11,64,11,-87,11,91,11,-73,11,-71,11,-44,11,-40,11,3,0,-14,11,71,0,-10,11,-43,0,-10,11,30,0,-11,11]"
CSI_DATA,7266,d8:b1:90:d9:de:f0,-45,9,-99,-34,46,104,516819265,130,0,106,0,"[-7,11,17,0,91,0,5,0,-32,0,5,0,-8,0,17,0,-26,0,34,0,-66,0,35,0,63,0,16,0,-7,11,-36,11,-76,11,65,11,75,11,-37,10,70,11,74,10,-95,11,37,10,-50,11,57,10,0,0,0,0,-24,11,-3,10,-27,11,72,11,-64,11,-35,11,85,11,31,0,53,11,68,0,44,11,65,0,64,11,47,0,-78,11,30,0,-21,11,26,0,50,0,38,0,-65,0,71,0,-2,0,-79,0,32,0]"
CSI_DATA,7267,d8:b1:90:d9:de:f0,-46,9,-99,-34,47,104,516858600,130,0,106,0,"[-74,10,-22,10,17,0,-46,10,-82,0,-59,10,-46,0,-58,10,-42,0,-43,10,-65,0,-30,10,56,0,-35,10,-16,10,-60,10,74,10,61,10,0,10,-3,9,-40,9,-58,9,-36,9,73,9,6,10,67,9,0,0,0,0,82,10,-22,9,-42,10,28,10,-18,10,-64,10,-4,10,10,0,-4,10,64,0,-12,10,-84,0,-13,10,80,0,-5,10,56,0,18,0,27,0,61,0,-2,10,-54,0,-24,10,0,0,-42,10,30,0]"
CSI_DATA,7268,d8:b1:90:d9:de:f0,-46,9,-99,-37,47,104,517027947,120,0,106,0,"[-14,0,38,0,-80,0,59,0,40,0,-86,0,-15,10,-50,0,-48,10,-21,0,-59,10,0,0,-59,10,13,0,-38,10,8,0,3,0,-26,0,67,0,-85,0,-52,0,20,0,-4,0,-54,10,25,0,77,10,0,0,0,0,31,0,29,10,21,0,40,10,-5,0,88,10,-50,0,-24,10,92,0,57,0,48,0,-60,0,18,0,-18,0,1,0,5,0,-3,10,11,0,4,0,9,0,28,0,-16,0,60,0,-78,0,81,0]"
CSI_DATA,7269,d8:b1:90:d9:de:f0,-45,9,-99,-34,46,104,517028060,120,0,106,0,"[56,0,34,11,73,0,-81,11,-95,0,3,0,-80,0,75,0,-73,0,-65,0,-74,0,-33,0,-66,0,-18,0,-65,0,-28,0,-59,0,-73,0,-49,0,43,0,-32,0,-44,11,-14,0,69,11,0,0,23,11,0,0,0,0,10,0,11,11,9,0,41,11,-18,0,-87,11,-66,0,-7,11,64,0,71,0,-7,11,-62,0,-65,11,-34,0,-95,11,-26,0,76,11,-26,0,74,11,-30,0,-92,11,-36,0,-35,11,-57,0,38,0]"
CSI_DATA,7270,d8:b1:90:d9:de:f0,-51,11,-99,-40,52,104,517503945,100,0,228,0,"[4,3,6,1,7,0,9,-1,9,-3,10,-4,11,-4,55,33,11,-5,10,-5,10,-4,8,-4,8,-4,7,-3,5,-2,4,0,3,0,0,3,0,4,-2,6,-3,7,15,-26,-6,9,-6,10,-7,10,-6,9,-6,9,-5,8,0,0,-3,6,-1,5,0,4,2,3,4,2,6,0,-35,0,9,0,10,-1,11,-2,11,-2,11,-3,10,-3,9,-2,8,-2,6,-1,5,-1,4,0,3,0,1,0,20,0,0,1,-2,2,-4,3,-4,3,-5,3,-6,2,-5,2,8,4,10,-2,7,-10,-1,-13,-9,-9,-12,0,-7,8,12,4,6,4,5,-2,0,-4,-4,-1,-3,3,1,6,7,2,8,-5,1,-11,-8,-9,-13,0,-10,9,0,14,3,18,12,0,7,-6,1,-8,-3,-4,-3,-2,-2,0,0,0,-4,0,-5,2,-3,7,2,8,9,5,10,-2,13,-9,-2,-10,-8,-4,-8,3,-2,6,3,4,4,0,0,-3,-2,-1,-3,2,0,4,5,2,6,-2,3,-7,-3,-7,-9,-3,-9,4,-3,9,3,8,7,4,6,-1,3,-4]"
CSI_DATA,7271,d8:b1:90:d9:de:f0,-42,9,-99,-36,44,104,517654670,98,0,106,0,"[19,0,-61,0,7,0,17,1,-5,15,32,1,-18,15,-9,0,-30,15,-79,0,-41,15,83,0,-45,15,-27,15,-41,15,94,15,-33,15,-35,14,-21,15,-122,14,-8,15,113,14,-3,15,-102,14,-3,15,-14,14,0,0,0,0,-30,15,-48,15,-40,15,74,0,-47,15,-82,0,-55,15,-25,0,-56,15,-27,0,-48,15,-77,0,-32,15,98,0,-16,15,16,0,7,0,-71,15,23,0,100,15,36,0,17,15,33,0,-35,14,5,0]"
CSI_DATA,7272,d8:b1:90:d9:de:f0,-42,9,-99,-36,44,104,517654793,108,0,106,0,"[65,15,-28,15,-17,14,-42,15,-31,14,-41,15,14,15,-36,15,92,15,-30,15,-73,15,-28,15,42,0,-18,15,-90,0,-2,15,38,1,14,0,122,1,20,0,-114,1,16,0,105,1,4,0,17,1,-4,15,0,0,0,0,38,0,-56,15,-74,15,-68,15,84,15,-74,15,30,15,-66,15,27,15,-55,15,81,15,-39,15,-97,15,-14,15,-9,15,5,0,77,0,24,0,-90,0,37,0,-9,0,42,0,43,1,26,0,26,1]"
CSI_DATA,7273,d8:b1:90:d9:de:f0,-43,9,-99,-38,45,104,517654911,130,0,106,0,"[102,0,-99,0,-99,0,-33,0,-90,0,-23,0,-112,0,-51,0,84,0,-108,0,27,0,71,0,-38,14,-12,14,-115,14,-103,14,56,14,45,14,2,14,-17,13,-17,13,-26,13,0,14,10,14,53,14,75,14,0,0,0,0,-62,14,8,0,8,0,84,0,71,0,-83,0,116,0,-53,0,-116,0,-65,0,101,0,-108,0,57,0,69,0,6,0,7,0,-42,14,-58,14,-99,14,119,14,89,14,67,14,36,14,53,14,21,14]"
CSI_DATA,7274,d8:b1:90:d9:de:f0,-43,9,-99,-38,45,104,517655082,130,0,106,0,"[-62,0,-8,14,8,0,0,0,21,0,2,0,-16,0,8,0,-82,0,20,0,71,0,32,0,-30,14,41,0,90,14,54,0,-24,13,67,0,-102,13,71,0,113,13,79,0,-90,13,76,0,-10,13,65,0,0,0,0,0,-32,14,47,0,73,0,20,0,-78,0,6,0,-23,0,-13,14,-25,0,-18,14,-75,0,-15,14,92,0,-4,14,8,0,11,0,-70,14,27,0,91,14,48,0,18,14,74,0,-11,13,109,0,10,14]"
CSI_DATA,7275,d8:b1:90:d9:de:f0,-43,9,-99,-38,45,104,517655226,113,0,106,0,"[91,14,-88,14,39,14,94,14,37,14,70,14,83,14,80,14,-95,14,116,14,-25,14,-69,14,35,0,14,0,96,0,118,0,-109,0,-9,0,-94,0,75,0,-107,0,107,0,105,0,80,0,72,0,4,0,0,0,0,0,50,0,38,0,58,0,-67,14,75,0,87,14,91,0,37,14,97,0,43,14,83,0,91,14,48,0,-76,14,3,0,-7,14,-51,14,50,0,-111,14,111,0,68,14,-84,0,41,14,-50,0,60,14]"
CSI_DATA,7276,d8:b1:90:d9:de:f0,-42,11,-99,-34,43,104,518071986,277,0,106,0,"[50,0,9,1,81,0,58,1,104,0,41,1,100,0,-21,0,67,0,-90,0,11,0,118,0,-59,15,55,0,113,15,3,0,18,15,-18,15,-47,14,-18,15,-49,14,9,0,2,15,31,0,102,15,21,0,0,0,0,0,36,0,-62,15,116,0,119,15,-111,0,42,15,-109,0,-10,14,132,0,-9,14,91,0,57,15,65,0,-124,15,63,0,-37,15,81,0,48,0,124,0,119,0,-86,0,-101,0,-41,0,-104,0,-33,0]"
CSI_DATA,7277,d8:b1:90:d9:de:f0,-40,11,-99,-36,42,104,518280885,277,0,106,0,"[55,18,148,0,13,18,-107,0,45,18,-56,0,101,18,-67,0,156,18,-120,0,-144,18,129,0,-148,18,39,0,115,18,-51,18,35,18,-120,18,-36,17,-142,18,-55,17,-100,18,-18,17,-60,18,78,18,-39,18,0,0,0,0,-28,18,-93,18,35,0,139,18,57,0,37,18,42,0,-18,17,17,0,-16,17,3,0,47,18,13,0,130,18,59,0,-119,18,124,0,-69,18,-114,0,-61,18,-35,0,-88,18,-2,0,-146,18,-49,0]"
CSI_DATA,7278,d8:b1:90:d9:de:f0,-40,9,-99,-37,42,104,518281366,113,0,106,0,"[-129,0,-91,0,-49,0,-60,0,-10,0,-97,0,-31,0,-154,0,-89,0,133,0,-159,0,124,0,91,0,156,0,27,0,-99,0,-11,19,-3,0,-5,19,71,1,27,0,75,1,55,0,23,1,55,0,-79,0,0,0,0,0,-71,19,111,0,150,19,76,0,45,19,107,0,6,19,145,0,25,19,-161,0,86,19,151,0,151,19,97,0,-149,19,28,0,-152,19,-50,19,134,19,-120,19,69,19,-160,19,-1,18,-143,19,-5,18]"
CSI_DATA,7279,d8:b1:90:d9:de:f0,-42,9,-99,-35,43,104,518490256,130,0,106,0,"[-86,0,21,0,17,1,14,0,52,1,-17,16,33,1,-40,16,-17,0,-49,16,-87,0,-28,16,131,0,27,0,70,0,119,0,22,0,-47,0,18,0,42,1,34,0,89,1,65,0,64,1,76,0,-10,0,0,0,0,0,9,0,56,0,-79,16,-38,16,101,16,-104,16,8,16,-128,16,-28,15,-113,16,-6,15,-81,16,58,16,-62,16,-136,16,-57,16,-53,16,-81,16,20,0,-133,16,75,0,74,16,81,0,2,16,45,0]"
CSI_DATA,7280,d8:b1:90:d9:de:f0,-42,9,-99,-37,44,104,518490409,272,0,106,0,"[103,0,-110,0,-87,0,-44,0,-36,0,-38,0,-29,0,-75,0,-61,0,-117,0,-119,0,115,0,61,0,110,0,-33,15,123,0,-131,15,-95,0,65,15,-36,0,42,15,8,1,79,15,11,1,-122,15,-36,0,0,0,0,0,-26,15,48,0,-28,15,-76,15,-65,15,75,15,-113,15,6,15,112,15,-9,14,114,15,27,15,-117,15,89,15,-64,15,-123,15,6,0,-91,15,90,0,-87,15,-91,0,-113,15,-37,0,100,15,-54,0]"
CSI_DATA,7281,d8:b1:90:d9:de:f0,-39,11,-99,-36,41,104,518503643,100,0,114,0,"[14,-35,16,-38,19,-38,22,-39,24,-40,22,-36,24,-38,22,-33,21,-33,21,-33,18,-32,21,-32,18,-32,16,-35,16,-36,16,-38,16,-39,18,-42,18,-43,15,-45,15,-43,15,-45,14,-45,12,-45,14,-43,11,-43,9,-42,9,-40,0,0,8,-39,8,-42,8,-40,7,-43,7,-43,7,-43,5,-43,5,-43,2,-40,2,-40,1,-39,0,-39,-1,-36,-1,-35,-2,-35,-2,-32,-4,-31,-4,-31,-4,-32,-5,-32,-5,-33,-5,-35,-7,-36,-7,-36,-5,-35,-5,-33,-2,-35,-1,-29]"
CSI_DATA,7282,d8:b1:90:d9:de:f0,-43,9,-99,-36,44,104,518699163,252,0,106,0,"[47,0,58,15,75,0,-30,14,75,0,-64,14,66,0,-47,14,57,0,6,15,52,0,80,15,54,0,-79,15,73,0,38,0,99,0,-94,0,127,0,4,1,-108,0,47,1,-110,0,22,1,117,0,-37,0,0,0,0,0,11,0,37,0,-77,15,-50,15,93,15,126,15,27,15,80,15,9,15,73,15,33,15,90,15,94,15,-127,15,-90,15,-88,15,-6,15,-53,15,83,0,-32,15,-79,0,-16,15,-14,0,-30,15,5,1]"
CSI_DATA,7283,d8:b1:90:d9:de:f0,-42,9,-99,-34,43,104,518724181,98,0,106,0,"[94,15,-104,0,28,15,-46,0,22,15,-5,0,58,15,-9,0,105,15,-46,0,-116,15,-106,0,-87,15,69,0,-86,15,-46,15,-112,15,99,15,114,15,3,15,72,15,-30,14,54,15,-4,14,85,15,65,15,0,0,0,0,-36,15,-72,15,84,0,-50,15,-69,0,-44,15,8,1,-70,15,29,1,-97,15,-9,0,-100,15,-76,0,-82,15,128,0,-39,15,66,0,21,0,26,0,98,0,6,0,-83,0,29,0,-13,0,75,0]"
CSI_DATA,7284,d8:b1:90:d9:de:f0,-42,11,-99,-35,43,104,518907581,277,0,106,0,"[-77,0,-116,16,5,1,113,16,16,1,81,16,-19,0,81,16,-69,0,116,16,-127,0,-100,16,98,0,-10,16,63,0,110,0,49,0,-43,0,55,0,59,1,79,0,100,1,99,0,77,1,89,0,-5,0,0,0,0,0,9,0,62,0,-81,16,-22,16,94,16,-92,16,8,16,-125,16,-25,15,-127,16,4,16,-104,16,70,16,-76,16,-130,16,-58,16,-43,16,-66,16,45,0,-97,16,126,0,127,16,-104,0,70,16,-124,0]"
CSI_DATA,7285,d8:b1:90:d9:de:f0,-42,9,-99,-36,43,104,518908080,124,0,106,0,"[-133,16,-81,0,95,16,-13,0,96,16,20,1,124,16,2,1,-130,16,-47,0,-108,16,-118,0,-108,16,68,0,-139,16,-43,16,95,16,126,16,37,16,46,16,-7,15,28,16,-10,15,57,16,44,16,115,16,0,0,0,0,-57,16,-67,16,70,0,-60,16,-96,0,-81,16,-17,0,-114,16,7,1,-143,16,-20,0,-138,16,-78,0,-106,16,-135,0,-52,16,100,0,12,0,72,0,96,0,69,0,-97,0,97,0,-30,0,-142,0]"
CSI_DATA,7286,d8:b1:90:d9:de:f0,-44,9,-99,-39,46,104,519116979,108,0,106,0,"[-98,12,48,12,84,12,-8,12,51,12,-14,12,50,12,18,12,81,12,71,12,-92,12,-104,12,-17,12,-71,12,76,0,-52,12,-43,0,-56,12,31,0,-80,12,54,0,-105,12,30,0,98,12,-30,0,-106,12,0,0,0,0,53,0,-17,12,4,0,64,0,-19,12,-75,0,-26,12,-12,0,-19,12,5,0,-15,12,-14,0,-16,12,-64,0,-31,12,103,0,-52,12,51,0,-97,12,3,0,66,12,-31,12,17,12,-35,12,1,12]"
CSI_DATA,7287,d8:b1:90:d9:de:f0,-42,11,-99,-37,44,104,519325379,277,0,106,0,"[64,15,123,0,-4,14,-103,0,-9,14,-82,0,24,15,-95,0,79,15,129,0,130,15,67,0,-90,15,-20,15,-52,15,129,15,-38,15,12,15,-43,15,-81,14,-51,15,-114,14,-72,15,-79,14,-65,15,1,15,0,0,0,0,10,0,-75,15,86,0,6,0,-95,0,71,0,-40,0,107,0,-25,0,108,0,-57,0,95,0,-123,0,82,0,68,0,68,0,-10,15,79,0,-86,15,104,0,108,15,-116,0,76,15,-65,0,93,15]"
CSI_DATA,7288,d8:b1:90:d9:de:f0,-42,9,-99,-35,43,104,519325851,98,0,106,0,"[55,0,38,16,68,0,-38,15,46,0,-58,15,23,0,-25,15,14,0,43,16,29,0,125,16,71,0,-62,16,-131,0,33,0,-35,0,109,0,44,1,-124,0,91,1,-133,0,70,1,111,0,1,1,76,0,0,0,0,0,66,0,41,0,-42,16,77,0,-136,16,133,0,92,16,-97,0,85,16,-81,0,112,16,-107,0,-124,16,118,0,-95,16,49,0,-76,16,-32,16,-85,16,-111,16,-121,16,88,16,114,16,46,16,76,16]"
CSI_DATA,7289,d8:b1:90:d9:de:f0,-46,11,-99,-35,47,104,519503944,100,0,228,0,"[-1,8,0,11,0,14,1,16,1,18,0,19,0,19,85,50,0,17,-1,16,-1,14,0,12,0,10,1,8,2,6,4,2,6,0,8,-1,11,-3,14,-5,17,-6,24,-40,19,-6,19,-5,17,-4,16,-3,14,-2,12,-2,0,0,6,-2,3,-2,0,-2,-2,-4,-4,-5,-7,-7,83,10,-10,-10,-11,-11,-11,-11,-10,-11,-9,-10,-8,-8,-6,-7,-6,-5,-5,-3,-4,-1,-4,0,-4,3,-4,5,-50,10,-6,10,-7,11,-8,13,-10,13,-11,12,-11,9,-11,7,-13,5,-8,14,3,17,15,11,17,-1,11,-12,0,-13,-8,12,-7,2,0,6,4,2,5,-4,0,-8,-9,-6,-13,2,-8,13,4,17,16,10,19,-4,11,-15,-3,-17,5,-15,-13,2,-4,8,3,6,5,0,0,-5,-6,-3,0,0,-2,12,7,12,16,4,15,-8,6,-17,-7,-17,-25,-15,-15,4,-6,12,2,10,6,3,4,-1,0,-1,-1,1,1,4,6,2,7,-4,3,-9,-4,-10,-11,-4,-17,13,-6,12,3,13,11,6,10,-2,4,-8,-2,-5,-4,0]"
CSI_DATA,7290,d8:b1:90:d9:de:f0,-42,9,-99,-35,43,104,519743639,98,0,106,0,"[42,0,51,16,69,0,-34,15,57,0,-69,15,30,0,-42,15,19,0,13,16,18,0,97,16,52,0,-85,16,112,0,16,0,-82,0,110,0,1,1,-106,0,54,1,-95,0,52,1,-126,0,-14,0,99,0,0,0,0,0,62,0,37,0,-66,16,57,0,104,16,101,0,39,16,-135,0,23,16,-103,0,63,16,-117,0,126,16,114,0,-103,16,56,0,-58,16,-17,16,-41,16,-105,16,-44,16,77,16,-77,16,13,16,-119,16]"
CSI_DATA,7291,d8:b1:90:d9:de:f0,-42,11,-99,-36,43,104,519952075,277,0,106,0,"[-24,16,37,16,-23,16,-37,15,-54,16,-66,15,-81,16,-38,15,-92,16,20,16,-74,16,95,16,-17,16,-122,16,77,0,-65,16,-79,0,-40,16,28,1,-53,16,84,1,-99,16,59,1,142,16,-19,0,136,16,0,0,0,0,93,0,-47,16,57,0,74,0,50,0,-98,0,85,0,-11,0,125,0,10,1,141,0,-25,0,125,0,-92,0,79,0,126,0,10,0,81,0,-75,16,70,0,118,16,93,0,66,16,-134,0,81,16]"
CSI_DATA,7292,d8:b1:90:d9:de:f0,-42,9,-99,-35,43,104,519952565,120,0,106,0,"[131,16,101,16,87,16,23,16,53,16,11,16,53,16,43,16,83,16,95,16,-133,16,-133,16,-47,16,-85,16,67,0,-49,16,-81,0,-38,16,30,1,-43,16,87,1,-85,16,73,1,-112,16,0,1,-106,16,0,0,0,0,75,0,-22,16,-5,16,73,0,-64,16,-93,0,-79,16,-6,0,-70,16,33,1,-52,16,3,1,-28,16,-65,0,-25,16,130,0,-38,16,40,0,-82,16,-40,16,129,16,-112,16,55,16,129,16,9,16]"
CSI_DATA,7293,d8:b1:90:d9:de:f0,-41,9,-99,-37,43,104,519952723,120,0,106,0,"[83,17,136,0,-3,16,-122,0,-24,16,-87,0,8,17,-85,0,69,17,-112,0,128,17,131,0,-98,17,45,0,-56,17,-75,17,-25,17,81,17,-30,17,-42,16,-61,17,-107,16,-100,17,-95,16,-101,17,-12,16,0,0,0,0,-24,17,-87,17,80,0,3,0,-99,0,65,0,-1,0,92,0,42,1,78,0,16,1,54,0,-58,0,28,0,145,0,26,0,51,0,42,0,-39,17,92,0,-112,17,-125,0,-145,17,-47,0,-106,17]"
CSI_DATA,7294,d8:b1:90:d9:de:f0,-42,9,-99,-36,44,104,520161418,130,0,106,0,"[-110,15,-100,0,87,15,-44,0,76,15,-16,0,101,15,-25,0,-119,15,-71,0,-98,15,114,0,-82,15,18,0,-91,15,-98,15,-124,15,36,15,89,15,-53,14,41,15,-73,14,19,15,-36,14,50,15,29,15,0,0,0,0,-64,15,-56,15,45,0,-8,15,-107,0,24,0,-27,0,23,0,3,1,12,0,-22,0,8,0,-83,0,9,0,103,0,33,0,37,0,72,0,-21,15,127,0,-59,15,-58,0,-64,15,6,1,-20,15]"
CSI_DATA,7295,d8:b1:90:d9:de:f0,-42,9,-99,-36,43,104,520161526,272,0,106,0,"[-108,16,109,16,-129,16,28,16,134,16,2,16,133,16,25,16,-124,16,78,16,-74,16,140,16,16,0,-95,16,136,0,-51,16,-15,0,-32,16,96,1,-40,16,138,1,-67,16,106,1,-96,16,21,1,-102,16,0,0,0,0,89,0,-42,16,-2,16,46,0,-78,16,-141,0,-113,16,-61,0,-111,16,-33,0,-95,16,-53,0,-76,16,-117,0,-69,16,96,0,-85,16,13,0,-122,16,-68,16,108,16,-134,16,39,16,130,16,7,16]"
CSI_DATA,7296,d8:b1:90:d9:de:f0,-42,9,-99,-37,44,104,520161696,113,0,106,0,"[110,15,-115,15,51,15,90,15,15,15,85,15,29,15,112,15,69,15,-115,15,-119,15,-88,15,-26,15,-82,15,90,0,-99,15,-57,0,120,15,19,1,62,15,41,1,9,15,2,1,-9,14,-69,0,25,15,0,0,0,0,43,0,-73,15,12,0,41,0,8,0,-111,0,24,0,-30,0,45,0,-5,0,51,0,-37,0,31,0,-95,0,1,0,107,0,-55,15,51,0,-129,15,17,0,52,15,7,0,-4,14,24,0,-8,14]"
CSI_DATA,7297,d8:b1:90:d9:de:f0,-42,9,-99,-37,44,104,520161832,98,0,106,0,"[-78,0,-95,15,1,1,-102,15,26,1,-123,15,-2,0,-114,15,-46,0,-90,15,-102,0,-50,15,107,0,26,0,66,0,-127,0,51,0,-6,0,52,0,88,1,74,0,-129,1,101,0,116,1,100,0,33,1,0,0,0,0,38,0,103,0,-48,15,20,0,121,15,-42,15,44,15,-71,15,12,15,-76,15,37,15,-65,15,93,15,-60,15,-106,15,-66,15,-37,15,-90,15,24,0,122,15,68,0,58,15,71,0,-6,14,33,0]"
CSI_DATA,7298,d8:b1:90:d9:de:f0,-43,11,-99,-36,44,104,520369872,277,0,106,0,"[-19,15,-47,0,-49,15,35,1,-53,15,71,1,-44,15,51,1,-35,15,1,1,-38,15,-65,0,-58,15,101,0,-98,15,-4,15,102,15,-112,15,46,15,58,15,12,15,25,15,9,15,41,15,47,15,81,15,0,0,0,0,-45,15,-61,15,65,0,-29,15,-81,0,-13,15,4,1,-14,15,34,1,-23,15,8,1,-27,15,-55,0,-17,15,-127,0,5,0,59,0,35,0,-15,15,89,0,-73,15,-105,0,-102,15,-44,0,-84,15]"
CSI_DATA,7299,d8:b1:90:d9:de:f0,-43,9,-99,-35,44,104,520370335,101,0,106,0,"[-49,14,-58,0,-76,14,23,0,-68,14,65,0,-41,14,55,0,-24,14,0,0,-20,14,-64,0,-35,14,93,0,-78,14,-3,14,102,14,-103,14,27,14,76,14,-24,13,59,14,-29,13,83,14,12,14,-120,14,0,0,0,0,-59,14,-26,14,55,0,-26,14,-79,0,-48,14,-9,0,-84,14,11,0,-112,14,-13,0,-115,14,-76,0,-95,14,108,0,-53,14,58,0,2,0,13,0,80,0,-5,14,-87,0,1,0,-17,0,41,0]"
CSI_DATA,7300,d8:b1:90:d9:de:f0,-42,9,-99,-35,43,104,520387984,108,0,106,0,"[61,0,-70,0,77,0,26,1,107,0,59,1,131,0,39,1,126,0,-25,0,88,0,-87,0,28,0,113,0,-69,16,45,0,81,16,-4,16,-32,15,-19,16,-93,15,1,0,-90,15,30,0,-14,15,45,0,0,0,0,0,-75,16,20,0,26,0,-58,16,107,0,122,16,-135,0,30,16,-135,0,-11,15,107,0,8,16,68,0,71,16,46,0,-127,16,44,0,-35,16,69,0,53,0,119,0,136,0,-90,0,-97,0,-40,0]"
CSI_DATA,7301,d8:b1:90:d9:de:f0,-41,11,-99,-35,43,104,520503999,100,0,114,0,"[-16,-26,-16,-29,-16,-32,-16,-33,-15,-33,-15,-32,-14,-31,-14,-30,-15,-29,-15,-28,-14,-27,-15,-26,-15,-26,-16,-27,-18,-26,-18,-27,-21,-27,-21,-28,-23,-28,-26,-27,-25,-27,-27,-26,-27,-25,-28,-23,-27,-22,-25,-22,-26,-21,-27,-19,0,0,-27,-17,-26,-18,-27,-17,-29,-17,-28,-16,-29,-15,-30,-14,-30,-13,-30,-11,-30,-10,-28,-8,-27,-7,-26,-6,-25,-4,-23,-4,-23,-3,-23,-1,-23,-1,-23,0,-23,1,-26,2,-26,2,-27,2,-27,2,-27,1,-26,2,-25,0,-22,0]"
CSI_DATA,7302,d8:b1:90:d9:de:f0,-43,11,-99,-36,44,104,520578771,277,0,106,0,"[-101,0,-116,0,-46,0,-39,0,-9,0,-23,0,-20,0,-52,0,-53,0,-98,0,-119,0,113,0,48,0,68,0,-64,15,30,0,60,15,10,0,-44,14,16,0,-102,14,33,0,-94,14,58,0,-22,14,61,0,0,0,0,0,-75,15,12,0,30,0,-58,15,111,0,123,15,-95,0,56,15,-84,0,25,15,-110,0,46,15,103,0,103,15,71,0,-84,15,43,0,-5,15,33,0,79,0,41,0,-88,0,70,0,-28,0,110,0]"
CSI_DATA,7303,d8:b1:90:d9:de:f0,-42,9,-99,-39,44,104,520579207,113,0,106,0,"[-69,0,75,0,22,1,115,0,66,1,101,0,46,1,69,0,-9,0,41,0,-92,0,29,0,78,0,37,0,-51,16,68,0,106,16,128,0,16,16,-81,0,-13,15,-26,0,15,16,-8,0,81,16,-49,0,0,0,0,0,-47,16,59,0,-11,16,-69,16,-10,16,86,16,-29,16,0,16,-45,16,-28,15,-52,16,14,16,-45,16,88,16,-23,16,-113,16,21,0,-33,16,89,0,27,0,-104,0,70,0,-35,0,87,0,-7,0]"
CSI_DATA,7304,d8:b1:90:d9:de:f0,-41,11,-99,-37,43,104,520996568,277,0,106,0,"[-85,0,116,0,3,1,-143,0,46,1,136,0,24,1,91,0,-40,0,55,0,-122,0,40,0,68,0,65,0,-47,17,124,0,-140,17,-77,0,102,17,25,1,106,17,79,1,-135,17,80,1,-73,17,-1,0,0,0,0,0,-20,17,58,0,-79,17,-71,17,135,17,127,17,60,17,79,17,20,17,86,17,45,17,138,17,114,17,-108,17,-101,17,-71,17,-5,17,-65,17,91,0,-99,17,-125,0,133,17,-95,0,60,17,-138,0]"
CSI_DATA,7305,d8:b1:90:d9:de:f0,-42,9,-99,-38,44,104,520997040,130,0,106,0,"[-39,15,-63,0,-65,15,16,1,-57,15,48,1,-47,15,21,1,-43,15,-36,0,-40,15,-119,0,-60,15,54,0,-101,15,-57,15,112,15,97,15,63,15,12,15,25,15,-15,14,27,15,10,15,73,15,70,15,0,0,0,0,-26,15,-52,15,92,0,-3,15,-63,0,24,0,20,1,30,0,36,1,26,0,-1,0,19,0,-76,0,18,0,109,0,32,0,18,0,55,0,-62,15,100,0,-133,15,-105,0,108,15,-49,0,124,15]"
CSI_DATA,7306,d8:b1:90:d9:de:f0,-41,9,-99,-37,43,104,520997157,120,0,106,0,"[-61,0,-40,17,33,1,-42,17,62,1,-62,17,26,1,-69,17,-40,0,-51,17,-120,0,-15,17,79,0,39,0,-16,17,129,0,-108,17,-58,0,120,17,33,1,120,17,81,1,140,17,65,1,-115,17,-13,0,0,0,0,0,-34,17,46,0,-49,17,-92,17,-79,17,78,17,-114,17,1,17,-129,17,-17,16,-112,17,20,17,-79,17,101,17,-26,17,-121,17,46,0,-48,17,130,0,6,0,-69,0,42,0,5,1,50,0,25,1]"
CSI_DATA,7307,d8:b1:90:d9:de:f0,-45,11,-99,-40,47,104,521503991,100,0,228,0,"[6,4,10,4,14,4,16,5,19,5,20,6,21,7,98,58,19,7,17,7,15,6,13,5,11,3,8,2,5,0,3,-3,0,-6,-2,-9,-3,-11,-6,-15,-7,-18,27,-46,-7,-20,-7,-21,-6,-20,-6,-19,-4,-16,-3,-13,0,0,-3,-7,-2,-3,-2,0,-3,4,-4,7,-5,11,-75,11,-7,15,-8,17,-9,17,-8,16,-7,15,-7,13,-5,11,-3,9,-2,7,0,4,1,3,3,1,5,0,74,0,11,-2,13,-3,15,-3,17,-2,17,0,15,0,14,1,-1,16,11,16,20,5,19,-9,7,-19,-7,-16,-13,-5,10,12,0,8,4,3,3,-3,-3,-6,-10,0,-8,10,1,15,15,11,20,-2,13,-18,-3,-23,-18,-15,-21,2,-20,-4,1,15,10,7,7,-2,0,-5,-4,0,-1,7,0,0,13,0,11,-11,0,-18,-14,-14,-21,0,-15,13,-8,34,11,14,15,2,10,-7,0,-8,-3,-3,-1,0,2,0,3,-3,-1,-7,-7,-5,-11,2,-7,10,1,14,20,8,15,0,10,-11,0,-14,-7,-8,-8,0,-3,4,1,3]"
CSI_DATA,7308,d8:b1:90:d9:de:f0,-43,9,-99,-37,44,104,521623763,130,0,106,0,"[115,15,120,15,64,15,47,15,43,15,21,15,54,15,41,15,89,15,74,15,-98,15,109,15,-16,15,-112,15,97,0,-76,15,-39,0,-45,15,53,1,-36,15,101,1,-46,15,84,1,-49,15,18,1,-41,15,0,0,0,0,67,0,-4,15,-40,15,53,0,130,15,116,0,72,15,-90,0,51,15,-73,0,75,15,-91,0,117,15,124,0,-94,15,56,0,-54,15,-13,15,-25,15,-94,15,-16,15,79,15,-17,15,16,15,-50,15]"
CSI_DATA,7309,d8:b1:90:d9:de:f0,-42,9,-99,-40,44,104,521832653,108,0,106,0,"[116,0,-114,0,-135,0,-35,0,-95,0,-17,0,-92,0,-48,0,-123,0,-98,0,112,0,141,0,19,0,113,0,-97,16,120,0,65,16,-124,0,-21,15,-59,0,-33,15,0,1,19,16,16,1,100,16,-22,0,0,0,0,0,-49,16,81,0,-41,16,-43,16,-81,16,118,16,-127,16,53,16,125,16,42,16,123,16,80,16,-127,16,136,16,-63,16,-105,16,14,0,-78,16,103,0,-88,16,-103,0,-132,16,-67,0,89,16,-100,0]"
CSI_DATA,7310,d8:b1:90:d9:de:f0,-43,11,-99,-35,44,104,522041062,277,0,106,0,"[-14,14,-39,0,-22,14,30,0,-7,14,42,0,5,0,12,0,1,0,-34,0,-20,14,-95,0,-66,14,82,0,106,14,13,0,13,14,-36,14,-68,13,-58,14,-113,13,-40,14,-101,13,-12,14,-33,13,7,0,0,0,0,0,-94,14,-7,14,-9,14,-65,14,66,0,118,14,97,0,57,14,102,0,27,14,88,0,47,14,71,0,102,14,68,0,-81,14,84,0,-13,14,-124,0,48,0,-66,0,103,0,-1,0,115,0,30,0]"
CSI_DATA,7311,d8:b1:90:d9:de:f0,-43,9,-99,-36,44,104,522041507,130,0,106,0,"[51,15,-49,15,-3,14,-72,15,-26,14,-60,15,-1,14,-46,15,45,15,-39,15,106,15,-50,15,-84,15,-92,15,-17,15,95,15,38,0,11,15,61,0,-68,14,52,0,-110,14,19,0,-94,14,-1,15,-34,14,0,0,0,0,16,0,-113,15,67,0,-27,15,-115,0,35,0,-49,0,69,0,-24,0,69,0,-45,0,64,0,-98,0,55,0,104,0,63,0,42,0,87,0,-7,15,-117,0,-32,15,-45,0,-27,15,17,1,22,0]"
CSI_DATA,7312,d8:b1:90:d9:de:f0,-42,9,-99,-34,43,104,522250441,98,0,106,0,"[74,15,-117,15,7,15,97,15,-18,14,90,15,5,15,108,15,55,15,-129,15,132,15,-96,15,-37,15,-69,15,86,0,-51,15,-50,0,-46,15,51,1,-52,15,100,1,-67,15,81,1,-78,15,9,1,-59,15,0,0,0,0,73,0,24,0,-21,15,100,0,-105,15,-93,0,115,15,-27,0,100,15,-11,0,120,15,-44,0,-114,15,-111,0,-80,15,80,0,-54,15,-8,15,-39,15,-102,15,-46,15,69,15,-65,15,-2,14,-102,15]"
CSI_DATA,7313,d8:b1:90:d9:de:f0,-43,9,-99,-36,44,104,522250582,101,0,106,0,"[67,15,-88,15,4,15,121,15,-27,14,117,15,-9,14,-119,15,41,15,-98,15,117,15,-79,15,-47,15,-62,15,70,0,-64,15,-67,0,-75,15,29,1,-96,15,73,1,-119,15,53,1,-119,15,-12,0,-98,15,0,0,0,0,78,0,5,0,-2,15,94,0,-55,15,-72,0,-90,15,-6,0,-104,15,12,1,-94,15,-19,0,-73,15,-83,0,-57,15,91,0,-55,15,8,0,-68,15,-80,15,-93,15,89,15,-125,15,34,15,93,15]"
CSI_DATA,7314,d8:b1:90:d9:de:f0,-42,9,-99,-34,43,104,522250714,98,0,106,0,"[77,0,-60,0,91,0,29,1,113,0,47,1,109,0,19,1,90,0,-38,0,59,0,-112,0,-9,15,81,0,-103,15,-9,15,60,15,-84,15,-31,14,-131,15,-77,14,124,15,-67,14,-118,15,3,15,-93,15,0,0,0,0,-50,15,-54,15,64,0,-77,15,-90,0,-108,15,-21,0,124,15,-2,0,112,15,-41,0,129,15,-102,0,-98,15,106,0,-44,15,47,0,26,0,-4,15,112,0,-33,15,-68,0,-25,15,8,1,6,0]"
CSI_DATA,7315,d8:b1:90:d9:de:f0,-42,11,-99,-34,43,104,522458992,277,0,106,0,"[72,0,-50,0,67,0,31,1,82,0,62,1,93,0,34,1,84,0,-15,0,45,0,-78,0,-13,15,131,0,-102,15,68,0,52,15,24,0,-45,14,12,0,-97,14,20,0,-88,14,47,0,-18,14,50,0,0,0,0,0,-108,15,6,0,-15,15,-80,15,42,0,98,15,79,0,22,15,77,0,-11,14,62,0,4,15,54,0,64,15,50,0,134,15,65,0,-62,15,112,0,4,0,-91,0,63,0,-25,0,81,0,4,1]"
CSI_DATA,7316,d8:b1:90:d9:de:f0,-42,9,-99,-37,44,104,522459464,130,0,106,0,"[-130,15,89,15,86,15,17,15,45,15,9,15,33,15,48,15,60,15,97,15,115,15,-123,15,-61,15,-91,15,52,0,-93,15,-97,0,-127,15,-15,0,77,15,7,1,20,15,-25,0,-3,14,-90,0,38,15,0,0,0,0,52,0,-68,15,45,0,43,0,76,0,-109,0,120,0,-36,0,-106,0,-15,0,-103,0,-51,0,-129,0,-110,0,80,0,108,0,12,0,77,0,-73,15,72,0,112,15,102,0,60,15,-101,0,83,15]"
CSI_DATA,7317,d8:b1:90:d9:de:f0,-43,9,-99,-34,44,104,522459617,272,0,106,0,"[50,0,46,14,72,0,-28,13,52,0,-64,13,18,0,-50,13,-3,14,4,14,-3,14,67,14,30,0,-98,14,93,0,-24,14,-55,0,36,0,37,0,54,0,85,0,33,0,77,0,-9,14,20,0,-34,14,0,0,0,0,79,0,-9,14,0,0,56,0,-53,14,-91,0,-65,14,-17,0,-49,14,20,0,-24,14,4,0,-6,14,-55,0,-10,14,-118,0,-38,14,58,0,-94,14,7,0,70,14,-19,14,2,14,-3,14,-9,13]"
CSI_DATA,7318,d8:b1:90:d9:de:f0,-42,9,-99,-37,44,104,522459769,113,0,106,0,"[-45,0,-1,15,36,1,1,0,69,1,-30,15,47,1,-62,15,-11,0,-74,15,-81,0,-55,15,109,0,-1,15,53,0,86,0,24,0,-56,0,38,0,43,1,79,0,93,1,125,0,71,1,130,0,-3,0,0,0,0,0,44,0,74,0,-60,15,23,0,90,15,7,0,7,15,25,0,-23,14,62,0,6,15,78,0,71,15,74,0,-123,15,43,0,-76,15,-12,15,-50,15,-91,15,-54,15,84,15,-103,15,26,15,98,15]"
CSI_DATA,7319,d8:b1:90:d9:de:f0,-41,11,-99,-34,43,104,522503670,100,0,114,0,"[-21,-22,-22,-26,-22,-29,-22,-30,-18,-30,-18,-31,-15,-29,-15,-30,-14,-28,-14,-26,-13,-26,-13,-25,-14,-25,-14,-25,-15,-25,-15,-27,-19,-28,-16,-29,-19,-31,-20,-29,-21,-31,-20,-30,-21,-29,-20,-30,-19,-26,-19,-27,-19,-26,-20,-26,0,0,-19,-25,-16,-24,-19,-26,-19,-25,-20,-26,-19,-25,-20,-24,-20,-24,-20,-24,-20,-21,-20,-21,-19,-20,-19,-18,-19,-16,-16,-15,-18,-16,-18,-14,-19,-14,-19,-14,-20,-14,-21,-14,-21,-15,-21,-15,-22,-16,-21,-18,-21,-18,-18,-18,-15,-16]"
CSI_DATA,7320,d8:b1:90:d9:de:f0,-42,9,-99,-37,44,104,522668221,124,0,106,0,"[100,15,-98,0,55,15,-39,0,66,15,-14,0,101,15,-30,0,-125,15,-82,0,-100,15,117,0,-106,15,25,0,-129,15,-77,15,82,15,94,15,28,15,34,15,-5,14,25,15,4,15,71,15,62,15,126,15,0,0,0,0,-26,15,-52,15,77,0,-59,15,-88,0,-82,15,-36,0,-112,15,-27,0,-124,15,-61,0,-107,15,-108,0,-64,15,118,0,-13,15,92,0,58,0,93,0,-130,0,108,0,-63,0,-111,0,-23,0,-74,0]"
CSI_DATA,7321,d8:b1:90:d9:de:f0,-43,9,-99,-38,45,104,522668388,130,0,106,0,"[31,14,-34,14,-37,13,-31,14,-51,13,-5,14,-17,13,12,0,39,14,12,0,102,14,-10,14,-78,14,-60,14,-20,14,101,14,15,0,14,14,19,0,-55,13,0,0,-81,13,-24,14,-56,13,-33,14,18,14,0,0,0,0,18,0,-51,14,88,0,16,0,-80,0,65,0,-20,0,81,0,-4,0,72,0,-35,0,60,0,-99,0,58,0,84,0,67,0,28,0,95,0,-16,14,-99,0,-46,14,-36,0,-37,14,16,0,-3,14]"
CSI_DATA,7322,d8:b1:90:d9:de:f0,-43,9,-99,-35,44,104,522877137,98,0,106,0,"[104,14,-93,0,36,14,-46,0,17,14,-32,0,41,14,-44,0,79,14,-90,0,-118,14,98,0,-65,14,15,0,-3,14,-88,14,50,0,49,14,84,0,-43,13,97,0,-86,13,87,0,-71,13,67,0,-7,13,0,0,0,0,38,0,-58,14,47,0,60,0,68,0,-81,0,82,0,-7,0,85,0,8,0,70,0,-23,0,39,0,-84,0,3,0,92,0,-40,14,18,0,-101,14,-52,14,83,14,-117,14,20,14,100,14,-2,13]"
CSI_DATA,7323,d8:b1:90:d9:de:f0,-42,9,-99,-35,43,104,522877260,113,0,106,0,"[113,16,112,16,71,16,34,16,54,16,15,16,68,16,40,16,111,16,86,16,-103,16,-135,16,-14,16,-73,16,92,0,-2,16,-63,0,58,0,38,1,95,0,88,1,111,0,76,1,94,0,-2,0,77,0,0,0,0,0,62,0,43,0,-63,16,57,0,98,16,80,0,23,16,101,0,0,16,110,0,34,16,89,0,101,16,51,0,-101,16,9,0,-20,16,-42,16,51,0,-111,16,116,0,90,16,-135,0,17,16,122,0]"
CSI_DATA,7324,d8:b1:90:d9:de:f0,-44,11,-99,-38,46,104,523085555,277,0,106,0,"[93,0,70,12,-57,0,23,12,-31,0,-3,11,-34,0,11,12,-53,0,46,12,-86,0,91,12,88,0,-59,12,40,0,17,0,-11,12,-107,0,-58,12,-30,0,-76,12,15,0,-74,12,11,0,-57,12,-35,0,0,0,0,0,0,0,24,0,29,0,-78,12,44,0,33,12,47,0,-38,11,45,0,-62,11,42,0,-33,11,27,0,29,12,29,0,102,12,22,0,-35,12,26,0,43,0,39,0,-90,0,64,0,-32,0,89,0]"
CSI_DATA,7325,d8:b1:90:d9:de:f0,-44,9,-99,-38,46,104,523086036,341,0,106,0,"[10,0,38,12,30,0,-33,11,13,0,-69,11,-5,12,-55,11,-21,12,-21,11,-20,12,31,12,-3,12,95,12,44,0,-47,12,-99,0,15,0,-31,0,54,0,19,0,60,0,26,0,41,0,-21,0,18,0,0,0,0,0,31,0,-2,12,-63,12,43,0,77,12,106,0,36,12,-40,0,36,12,-3,0,70,12,-10,0,-96,12,-50,0,-63,12,104,0,-40,12,37,0,-46,12,-35,12,-78,12,-106,12,94,12,68,12,53,12]"
CSI_DATA,7326,d8:b1:90:d9:de:f0,-45,9,-99,-38,46,104,523086212,321,0,106,0,"[-68,0,84,0,-15,0,-79,0,15,0,-63,0,10,0,-67,0,-20,0,-90,0,-66,0,95,0,84,0,70,0,-5,12,44,0,106,12,24,0,22,12,9,0,-23,11,14,0,-15,11,22,0,26,12,27,0,0,0,0,0,-15,12,16,0,79,0,-20,12,-42,0,-58,12,16,0,-104,12,26,0,89,12,2,0,88,12,-50,0,-100,12,100,0,-58,12,43,0,-7,12,-10,12,53,0,-47,12,-95,0,-61,12,-35,0,-42,12]"
CSI_DATA,7327,d8:b1:90:d9:de:f0,-43,9,-99,-40,45,104,523130765,441,0,106,0,"[60,15,-16,15,-13,14,-56,15,-54,14,-59,15,-49,14,-47,15,-14,14,-34,15,40,15,-44,15,100,15,-74,15,-89,15,-125,15,-22,15,51,15,25,0,-29,14,30,0,-77,14,12,0,-76,14,-10,15,-19,14,0,0,0,0,-23,15,-91,15,30,0,15,0,101,0,102,0,-79,0,-101,0,-37,0,-89,0,-34,0,-108,0,-69,0,113,0,127,0,91,0,61,0,84,0,-5,15,110,0,-64,15,-99,0,-95,15,-43,0,-67,15]"
CSI_DATA,7328,d8:b1:90:d9:de:f0,-44,9,-99,-37,45,104,523131099,421,0,106,0,"[86,0,74,13,-97,0,21,13,-88,0,-15,12,-106,0,-16,12,106,0,9,13,94,0,56,13,97,0,115,13,-104,0,-42,13,-49,0,31,0,14,0,79,0,57,0,88,0,62,0,62,0,18,0,29,0,0,0,0,0,83,0,-11,13,-22,13,17,0,-106,13,79,0,73,13,-88,0,65,13,-39,0,89,13,-37,0,-106,13,-70,0,-83,13,113,0,-77,13,53,0,-99,13,-7,13,90,13,-58,13,34,13,-77,13,4,13]"
CSI_DATA,7329,d8:b1:90:d9:de:f0,-42,9,-99,-39,44,104,523169971,108,0,106,0,"[104,16,116,0,21,16,-118,0,9,16,-74,0,37,16,-65,0,81,16,-91,0,117,16,-138,0,134,16,57,0,122,16,-40,16,78,16,135,16,18,16,64,16,-26,15,54,16,-34,15,97,16,18,16,-118,16,0,0,0,0,-75,16,-20,16,51,0,-32,16,-115,0,-78,16,-46,0,-131,16,-33,0,106,16,-62,0,113,16,-109,0,-130,16,137,0,-77,16,122,0,-8,16,138,0,57,0,-101,0,124,0,-43,0,-130,0,-15,0]"
CSI_DATA,7330,d8:b1:90:d9:de:f0,-42,9,-99,-35,43,104,523204559,130,0,106,0,"[21,0,54,16,30,0,-20,15,9,0,-44,15,-6,16,-14,15,-6,16,40,16,22,0,104,16,77,0,-107,16,-112,0,-51,16,-7,0,-9,16,71,1,-8,16,103,1,-38,16,78,1,-64,16,-2,0,-67,16,0,0,0,0,79,0,-7,16,0,0,68,0,-59,16,-122,0,-81,16,-47,0,-82,16,-13,0,-75,16,-37,0,-66,16,-93,0,-81,16,118,0,-110,16,63,0,116,16,13,0,41,16,-19,16,-15,15,-16,16,-22,15]"
CSI_DATA,7331,d8:b1:90:d9:de:f0,-42,9,-99,-36,43,104,523213256,98,0,106,0,"[54,16,-30,16,-19,15,-38,16,-48,15,-10,16,-15,15,19,0,42,16,25,0,102,16,-4,16,-130,16,-63,16,-97,16,126,16,-96,16,16,16,-122,16,-61,15,114,16,-77,15,84,16,-38,15,102,16,41,16,0,0,0,0,-57,16,-77,16,57,0,-48,16,-122,0,-59,16,-50,0,-90,16,-26,0,-122,16,-50,0,-122,16,-100,0,-97,16,-139,0,-47,16,133,0,16,0,-132,0,78,0,-81,0,140,0,-25,0,-129,0,11,1]"
CSI_DATA,7332,d8:b1:90:d9:de:f0,-41,11,-99,-37,43,104,523503353,277,0,106,0,"[-133,17,136,17,132,17,54,17,92,17,26,17,81,17,43,17,105,17,78,17,-147,17,109,17,-77,17,125,17,19,0,112,17,122,0,61,17,-95,0,2,17,-71,0,-43,16,-105,0,-49,16,138,0,0,17,0,0,0,0,57,0,-121,17,81,0,0,0,140,0,112,0,-90,0,-108,0,-49,0,-91,0,-46,0,-108,0,-87,0,146,0,145,0,123,0,73,0,124,0,-3,17,-132,0,-60,17,-70,0,-72,17,5,1,-33,17]"
CSI_DATA,7333,d8:b1:90:d9:de:f0,-41,9,-99,-38,43,104,523503969,130,0,106,0,"[92,0,123,17,140,0,38,17,128,0,-17,16,91,0,-22,16,55,0,19,17,45,0,78,17,73,0,150,17,144,0,-89,17,-45,0,-41,17,58,1,-47,17,111,1,-84,17,85,1,-130,17,-2,0,-141,17,0,0,0,0,98,0,-79,17,39,0,52,0,43,0,-117,0,71,0,-17,0,120,0,14,1,147,0,-19,0,135,0,-83,0,90,0,-142,0,19,0,123,0,-66,17,133,0,-147,17,-123,0,125,17,-36,0,-134,17]"
CSI_DATA,7334,d8:b1:90:d9:de:f0,-45,11,-99,-37,46,104,523504154,100,0,228,0,"[-4,-4,-7,-4,-10,-4,-13,-4,-15,-6,-17,-7,-17,-8,101,60,-15,-10,-14,-11,-13,-10,-11,-9,-9,-8,-8,-7,-8,-4,-8,-2,-9,0,-11,4,-13,6,-14,8,-17,9,28,-48,-21,9,-22,8,-22,6,-21,4,-19,1,-16,0,0,0,-10,0,-6,0,-3,1,0,4,1,6,4,9,50,0,5,15,4,17,3,18,1,18,0,17,0,17,0,14,0,12,0,10,0,8,2,6,4,5,6,4,83,0,12,4,13,7,15,8,15,11,15,13,12,13,8,14,2,-17,-9,-17,-19,-8,-20,6,-11,17,2,18,12,10,-3,-10,7,-7,-1,-6,-4,0,-2,4,4,5,9,0,8,-9,0,-15,-13,-12,-20,0,-16,14,-3,22,12,17,0,14,14,-9,2,-14,-8,-9,-9,0,-4,8,6,7,0,0,8,-11,-2,-17,-15,-11,-21,2,-15,17,0,23,18,31,20,4,16,-8,5,-14,-4,-11,-7,-4,-4,1,0,1,2,-2,-1,-4,-6,-4,-10,2,-8,9,0,14,19,17,17,2,14,-8,5,-15,-4,-13,-11,-5,-9,3,-2,7]"
CSI_DATA,7335,d8:b1:90:d9:de:f0,-42,9,-99,-34,43,104,523712705,252,0,106,0,"[-131,15,56,15,74,15,6,15,31,15,18,15,26,15,72,15,67,15,122,15,124,15,-121,15,-64,15,-113,15,21,0,121,15,100,0,55,15,-135,0,-12,14,122,0,-45,14,84,0,-30,14,44,0,38,15,0,0,0,0,56,0,-41,15,129,0,38,0,-57,0,83,0,10,1,90,0,24,1,65,0,-12,0,40,0,-82,0,30,0,117,0,41,0,57,0,85,0,25,0,-120,0,21,0,-42,0,51,0,11,1,102,0]"
CSI_DATA,7336,d8:b1:90:d9:de:f0,-41,9,-99,-36,42,104,523737484,224,0,106,0,"[-71,0,-76,18,2,1,-104,18,18,1,-135,18,-16,0,-139,18,-67,0,-122,18,-112,0,-69,18,-137,0,10,0,-138,0,115,0,-110,0,-100,0,-75,0,-28,0,-40,0,-15,0,-35,0,-56,0,-90,0,-130,0,0,0,0,0,44,0,78,0,-86,18,89,0,127,18,125,0,66,18,-146,0,57,18,-113,0,98,18,-130,0,147,18,138,0,-140,18,62,0,-133,18,-16,18,157,18,-99,18,93,18,159,18,25,18,144,18,-8,17]"
CSI_DATA,7337,d8:b1:90:d9:de:f0,-40,9,-99,-34,41,104,523774315,98,0,106,0,"[1,0,26,20,-24,20,-72,18,-70,20,-86,18,-84,20,-33,18,-73,20,42,20,-26,20,113,20,60,0,166,20,169,0,-148,20,-53,0,-154,20,30,1,166,20,54,1,144,20,12,1,137,20,-85,0,-154,20,0,0,0,0,109,0,5,0,93,0,138,0,108,0,-90,0,137,0,-18,0,149,0,-9,0,133,0,-58,0,89,0,-129,0,25,0,162,0,-56,20,129,0,-149,20,136,0,106,20,-165,0,61,20,-106,0,92,20]"
CSI_DATA,7338,d8:b1:90:d9:de:f0,-43,11,-99,-36,44,104,524130049,277,0,106,0,"[-48,15,-5,0,-43,15,31,1,-26,15,18,1,-22,15,-33,0,-41,15,-90,0,-71,15,101,0,-122,15,38,0,61,15,-10,15,-15,14,-33,15,-60,14,-33,15,-63,14,-12,15,-6,14,9,0,85,15,7,0,0,0,0,0,17,0,-67,15,79,0,109,15,114,0,41,15,118,0,-1,14,98,0,3,15,81,0,58,15,76,0,-121,15,87,0,-53,15,125,0,5,0,-78,0,42,0,-21,0,60,0,9,1,35,0,-13,0]"
CSI_DATA,7339,d8:b1:90:d9:de:f0,-42,9,-99,-34,43,104,524130512,130,0,106,0,"[-97,15,-12,0,-90,15,30,1,-69,15,19,1,-49,15,-28,0,-51,15,-101,0,-79,15,101,0,-133,15,36,0,59,15,-18,15,-30,14,-40,15,-84,14,-34,15,-73,14,-1,15,-8,14,23,0,91,15,20,0,0,0,0,0,-1,15,-74,15,55,0,97,15,70,0,9,15,52,0,-34,14,31,0,-16,14,18,0,45,15,32,0,122,15,73,0,-82,15,126,0,-32,15,-76,0,-15,15,-14,0,-29,15,14,1,-67,15,-28,0]"
CSI_DATA,7340,d8:b1:90:d9:de:f0,-41,9,-99,-34,42,104,524178123,101,0,106,0,"[-112,0,84,17,-97,0,23,17,-125,0,15,17,134,0,55,17,97,0,133,17,89,0,-80,17,96,0,27,0,137,0,134,0,-105,0,-79,0,-47,0,-30,0,-17,0,-55,0,-52,0,-116,0,-144,0,122,0,0,0,0,0,-76,17,58,0,106,17,93,0,21,17,-150,0,-3,16,-105,0,30,17,-98,0,101,17,-148,0,-133,17,85,0,-85,17,-10,17,-68,17,-103,17,-89,17,111,17,-135,17,40,17,120,17,22,17,87,17]"
CSI_DATA,7341,d8:b1:90:d9:de:f0,-40,9,-99,-38,42,104,524339428,98,0,106,0,"[18,20,-81,20,-56,18,-48,20,-48,18,-1,20,14,20,18,0,92,20,-4,20,160,20,-50,20,-121,20,-133,20,-92,20,108,20,-90,20,0,20,-113,20,-62,18,-154,20,-41,18,-157,20,40,20,-117,20,156,20,0,0,0,0,69,0,22,0,-137,0,61,0,-8,0,53,0,50,1,12,0,33,1,-21,20,-48,0,-22,20,-148,0,4,0,113,0,66,0,60,0,153,0,57,0,-90,0,88,0,-1,0,164,0,25,1,-122,0]"
CSI_DATA,7342,d8:b1:90:d9:de:f0,-39,11,-99,-35,41,104,524503997,100,0,114,0,"[31,13,32,16,35,20,34,23,32,24,31,24,28,24,28,24,27,24,27,23,26,23,26,23,27,23,27,21,27,23,28,24,30,24,30,27,31,28,32,27,34,27,34,28,34,27,32,28,32,27,31,27,31,26,31,24,0,0,31,27,30,27,30,28,31,30,31,28,32,30,32,28,32,30,31,28,32,27,30,26,30,26,28,23,27,21,26,21,26,20,24,20,24,19,26,20,27,20,28,23,28,24,30,26,30,27,28,27,26,27,23,28,19,26]"
CSI_DATA,7343,d8:b1:90:d9:de:f0,-48,11,-99,-39,50,104,524756745,277,0,106,0,"[1,0,12,0,-20,0,57,0,-33,0,-31,0,-40,0,-2,0,-45,0,12,0,-45,0,4,0,-49,0,-12,0,-59,0,-48,0,59,0,30,0,20,0,-38,8,-21,8,41,8,-57,8,4,8,57,8,-2,7,0,0,0,0,57,8,14,8,-41,8,38,8,12,0,55,8,-65,0,-68,8,-15,0,-59,8,14,0,-60,8,18,0,-62,8,3,0,-66,8,-22,0,66,8,-57,0,62,8,34,0,65,8,-21,8,-54,8,-63,8]"
CSI_DATA,7344,d8:b1:90:d9:de:f0,-48,9,-99,-38,50,104,524757208,108,0,106,0,"[56,0,29,7,-35,0,-63,7,4,0,-18,7,28,0,9,0,36,0,29,0,30,0,40,0,15,0,37,0,-19,0,17,0,65,0,-10,7,1,0,-51,7,-58,7,49,7,33,7,24,7,20,7,18,7,0,0,0,0,40,7,29,7,-52,7,47,7,9,0,-67,7,-60,0,-45,7,-2,0,-22,7,25,0,-4,7,29,0,-1,7,16,0,-2,7,-2,0,-10,7,-26,0,-28,7,-66,0,-47,7,18,0,-62,7,-35,7]"
CSI_DATA,7345,d8:b1:90:d9:de:f0,-45,9,-99,-40,47,104,524966106,130,0,106,0,"[-3,0,-77,11,-55,0,-30,11,95,0,38,0,55,0,-90,0,24,0,-33,0,3,0,11,0,-2,11,43,0,0,11,56,0,16,0,29,0,54,0,-37,0,92,0,77,0,-73,0,-10,11,-44,0,-74,11,0,0,0,0,-23,0,57,11,-15,0,64,11,-28,0,97,11,-57,0,-37,11,99,0,50,0,51,0,-81,0,3,0,-28,0,-24,11,0,0,-46,11,20,0,-54,11,36,0,-43,11,29,0,-15,11,-4,0,30,0]"
CSI_DATA,7346,d8:b1:90:d9:de:f0,-46,9,-99,-37,47,104,524966268,113,0,106,0,"[0,10,72,0,45,10,34,0,-92,10,-33,10,-54,10,87,10,-28,10,34,10,-17,10,-6,10,-11,10,-34,10,-16,10,-47,10,-36,10,-24,10,-65,10,37,10,-90,10,-66,10,67,10,17,0,48,10,88,0,0,0,0,0,29,10,-34,0,29,10,-35,0,35,10,-72,0,53,10,50,0,84,10,-28,10,-69,10,86,10,-33,10,31,10,-12,10,-2,10,1,0,-23,10,10,0,-34,10,-2,10,-30,10,-29,10,8,10,-56,10]"
CSI_DATA,7347,d8:b1:90:d9:de:f0,-46,9,-99,-43,49,104,524966431,161,0,106,0,"[-48,0,35,10,-73,0,87,10,-85,0,-12,10,-83,0,57,0,-81,0,-63,0,-74,0,-24,0,-61,0,2,0,-52,0,8,0,-46,0,-24,0,-51,0,86,0,-66,0,6,0,-88,0,-73,10,62,0,38,10,0,0,0,0,39,0,-30,9,41,0,-24,9,56,0,6,10,72,0,67,10,-81,0,-32,10,-66,0,39,0,-63,0,-77,0,-59,0,-44,0,-56,0,-18,0,-49,0,-6,0,-42,0,-18,0,-47,0,-61,0,-68,0]"
CSI_DATA,7348,d8:b1:90:d9:de:f0,-46,9,-99,-33,46,104,524966556,181,0,106,0,"[16,0,4,0,-41,0,19,0,77,0,63,0,18,0,-72,0,-21,10,-28,0,-40,10,5,0,-52,10,32,0,-48,10,41,0,-21,10,24,0,25,0,-27,0,77,0,84,0,-67,0,7,0,-32,0,-57,10,0,0,0,0,-3,0,61,10,-5,0,62,10,-18,0,-90,10,-47,0,-31,10,-87,0,43,0,57,0,-78,0,19,0,-29,0,-2,10,2,0,-15,10,23,0,-16,10,35,0,-6,10,33,0,24,0,-5,0,56,0]"
CSI_DATA,7349,d8:b1:90:d9:de:f0,-46,9,-99,-43,49,104,524966734,120,0,106,0,"[46,10,-36,0,71,10,-85,0,84,10,15,0,83,10,-55,10,74,10,68,10,63,10,31,10,46,10,11,10,30,10,6,10,32,10,37,10,43,10,-72,10,70,10,8,0,-74,10,87,0,-39,10,-30,0,0,0,0,0,2,0,37,0,2,0,30,0,-14,10,0,0,-43,10,-51,0,-81,10,57,0,61,10,-8,10,39,10,-58,10,24,10,83,10,12,10,65,10,2,10,61,10,-2,9,75,10,15,10,-60,10,59,10]"
CSI_DATA,7350,d8:b1:90:d9:de:f0,-43,11,-99,-39,45,104,525383441,277,0,106,0,"[-110,14,122,0,73,14,-62,0,41,14,-54,0,45,14,-96,0,71,14,100,0,-106,14,46,0,-22,14,3,0,101,0,-15,14,-28,0,-3,14,63,0,27,0,104,0,66,0,87,0,80,0,22,0,68,0,0,0,0,0,-106,0,-41,14,95,0,123,14,74,0,48,14,75,0,-5,13,84,0,-3,13,89,0,48,14,76,0,-122,14,45,0,-42,14,-1,14,26,0,-65,14,84,0,106,14,-113,0,59,14,-83,0,48,14]"
CSI_DATA,7351,d8:b1:90:d9:de:f0,-44,9,-99,-39,46,104,525383904,113,0,106,0,"[108,12,100,0,45,12,-69,0,15,12,-60,0,24,12,-95,0,58,12,83,0,-105,12,38,0,-23,12,2,0,82,0,-20,12,-25,0,-16,12,60,0,6,0,103,0,29,0,85,0,38,0,32,0,33,0,0,0,0,0,-101,0,-58,12,62,0,96,12,27,0,28,12,9,0,-17,12,17,0,-18,12,28,0,24,12,33,0,93,12,32,0,-57,12,11,0,21,0,-21,12,93,0,-64,12,-60,0,-96,12,-14,0,-98,12]"
CSI_DATA,7352,d8:b1:90:d9:de:f0,-44,11,-99,-37,46,104,525504039,100,0,228,0,"[0,-10,0,-13,0,-17,0,-20,0,-22,0,-22,0,-23,101,60,2,-19,2,-18,2,-16,1,-13,0,-11,0,-8,-2,-5,-5,-3,-8,0,-11,1,-14,2,-17,3,-21,3,28,-48,-23,2,-22,1,-22,0,-18,0,-16,-1,-13,-1,0,0,-5,0,0,0,1,3,4,5,8,8,9,12,-99,0,10,17,11,18,9,18,8,17,7,17,6,14,5,13,4,9,4,7,4,4,4,1,6,0,7,-3,86,0,12,-7,13,-8,16,-8,17,-7,17,-5,16,-2,13,0,17,-4,11,-17,-2,-21,-16,-14,-20,0,-12,12,0,14,10,-13,8,-1,0,-6,-5,-3,-6,5,0,11,11,8,16,-2,11,-15,-3,-21,-17,-13,-22,2,-14,16,0,21,-8,16,14,0,6,-8,-2,-7,-6,0,-1,7,7,5,0,0,7,-13,-4,-17,-17,-10,-21,4,-13,17,1,21,24,29,17,1,11,-8,1,-10,-4,-5,-2,0,0,0,2,-4,-2,-8,-8,-5,-12,2,-9,11,0,16,12,13,27,-3,15,-11,4,-17,-8,-13,-13,-4,-9,4,-1,7,4,3]"
CSI_DATA,7353,d8:b1:90:d9:de:f0,-42,9,-99,-33,43,104,525592793,98,0,106,0,"[20,15,73,0,-37,14,77,0,-42,14,86,0,-10,14,78,0,49,15,56,0,108,15,20,0,-84,15,-47,15,-24,15,129,15,24,0,28,15,53,0,-61,14,45,0,-100,14,25,0,-75,14,20,0,-6,14,0,0,0,0,62,0,-85,15,126,0,-6,15,-59,0,64,0,-10,0,94,0,-5,0,95,0,-42,0,85,0,-114,0,68,0,72,0,65,0,-11,15,83,0,-86,15,123,0,115,15,-81,0,96,15,-25,0,125,15]"
CSI_DATA,7354,d8:b1:90:d9:de:f0,-42,9,-99,-36,43,104,525592898,311,0,106,0,"[-17,0,-8,16,44,1,-1,16,52,1,-8,16,12,1,-19,16,-54,0,-13,16,-129,0,17,0,71,0,63,0,-12,16,-141,0,-85,16,-43,0,-120,16,40,1,-120,16,79,1,-88,16,70,1,-66,16,-5,0,0,0,0,0,-76,16,75,0,-135,16,-26,16,86,16,-100,16,33,16,-138,16,21,16,-136,16,63,16,-113,16,140,16,-89,16,-62,16,-79,16,23,0,-85,16,105,0,-118,16,-112,0,112,16,-84,0,54,16,-118,0]"
CSI_DATA,7355,d8:b1:90:d9:de:f0,-43,11,-99,-36,44,104,525801238,277,0,106,0,"[73,15,-89,15,2,15,113,15,-31,14,102,15,-3,14,115,15,54,15,-114,15,125,15,-88,15,-38,15,-57,15,70,0,-20,15,-57,0,17,0,33,1,43,0,79,1,48,0,74,1,34,0,9,1,19,0,0,0,0,0,55,0,-27,15,-66,15,-37,15,77,15,-35,15,-6,14,-24,15,-36,14,-13,15,-7,14,-5,15,63,15,-4,15,-102,15,-11,15,-18,15,-19,15,76,0,-43,15,-89,0,-74,15,-33,0,-120,15,-37,0]"
CSI_DATA,7356,d8:b1:90:d9:de:f0,-43,9,-99,-39,45,104,525801737,130,0,106,0,"[-39,0,13,0,40,0,40,0,68,0,50,0,43,0,50,0,-18,0,44,0,-90,0,49,0,63,0,56,0,-50,14,68,0,76,14,92,0,-19,13,116,0,-64,13,-120,0,-50,13,-108,0,12,14,121,0,0,0,0,0,-45,14,44,0,57,0,-24,14,-102,0,-96,14,-38,0,96,14,-22,0,64,14,-51,0,80,14,-99,0,-118,14,95,0,-60,14,43,0,8,0,0,0,91,0,-29,14,-72,0,-29,14,0,0,0,14]"
CSI_DATA,7357,d8:b1:90:d9:de:f0,-43,9,-99,-36,44,104,525801872,281,0,106,0,"[95,15,111,15,29,15,58,15,-8,14,59,15,-1,14,93,15,46,15,-125,15,107,15,-94,15,-60,15,-83,15,42,0,-97,15,-103,0,120,15,-22,0,68,15,-2,0,21,15,-35,0,8,15,-97,0,38,15,0,0,0,0,26,0,-63,15,4,0,60,0,19,0,-78,0,52,0,-1,0,85,0,22,1,101,0,-12,0,88,0,-78,0,49,0,118,0,-12,15,56,0,-93,15,26,0,73,15,23,0,10,15,56,0,12,15]"
CSI_DATA,7358,d8:b1:90:d9:de:f0,-42,9,-99,-38,44,104,526010582,108,0,106,0,"[117,15,54,15,83,15,-13,14,57,15,-22,14,60,15,12,15,87,15,66,15,-133,15,129,15,-54,15,-93,15,50,0,-44,15,-100,0,-21,15,10,1,-13,15,67,1,-24,15,65,1,-52,15,-1,0,-55,15,0,0,0,0,98,0,2,0,22,0,88,0,-38,15,-84,0,-62,15,-3,0,-55,15,30,1,-27,15,6,1,-11,15,-59,0,3,0,-135,0,-9,15,44,0,-47,15,-39,15,-106,15,-115,15,86,15,116,15,39,15]"
CSI_DATA,7359,d8:b1:90:d9:de:f0,-43,11,-99,-37,45,104,526219036,277,0,106,0,"[-51,0,92,0,8,0,-113,0,28,0,110,0,21,0,75,0,-25,0,52,0,-78,0,52,0,82,0,73,0,7,0,-107,0,-49,13,-34,0,-70,13,56,0,-53,13,100,0,-9,13,86,0,21,0,30,0,0,0,0,0,22,0,88,0,-31,13,11,0,116,13,-54,13,37,13,-71,13,0,13,-60,13,11,13,-38,13,55,13,-24,13,108,13,-25,13,-77,13,-57,13,-36,13,-112,13,-25,13,58,13,-52,13,-2,12,-105,13]"
CSI_DATA,7360,d8:b1:90:d9:de:f0,-43,9,-99,-40,45,104,526219517,130,0,106,0,"[90,15,108,15,54,15,50,15,35,15,38,15,51,15,61,15,92,15,94,15,-102,15,125,15,-21,15,-110,15,88,0,-95,15,-57,0,-104,15,29,1,-124,15,70,1,105,15,54,1,92,15,-5,0,111,15,0,0,0,0,80,0,-52,15,10,0,38,0,-37,15,-121,0,-62,15,-38,0,-65,15,1,1,-52,15,-14,0,-47,15,-70,0,-48,15,122,0,-71,15,52,0,-115,15,-10,15,77,15,-63,15,15,15,-81,15,-13,14]"
CSI_DATA,7361,d8:b1:90:d9:de:f0,-43,9,-99,-37,45,104,526219624,98,0,106,0,"[-42,0,-70,13,28,0,-71,13,44,0,-79,13,21,0,-77,13,-25,0,-62,13,-75,0,-28,13,102,0,28,0,48,0,114,0,4,0,-25,0,-19,13,56,0,-12,13,98,0,6,0,87,0,22,0,33,0,0,0,0,0,7,0,90,0,-37,13,0,0,-99,13,-83,13,76,13,97,13,43,13,82,13,49,13,97,13,88,13,-113,13,-88,13,-91,13,-24,13,-84,13,46,0,-98,13,115,0,99,13,-85,0,50,13,-102,0]"
CSI_DATA,7362,d8:b1:90:d9:de:f0,-43,9,-99,-35,44,104,526219738,101,0,106,0,"[-111,0,73,14,-57,0,31,14,-46,0,10,14,-69,0,31,14,-98,0,71,14,118,0,-118,14,105,0,-30,14,107,0,72,0,-117,0,-66,0,-83,0,14,0,-57,0,49,0,-37,0,26,0,-56,0,-34,0,0,0,0,0,66,0,69,0,-34,14,20,0,109,14,-11,14,24,14,-13,14,-13,13,0,0,3,14,10,0,56,14,4,0,113,14,-10,14,-72,14,-51,14,-23,14,-115,14,6,0,58,14,-3,14,-5,13,-41,14]"
CSI_DATA,7363,d8:b1:90:d9:de:f0,-42,9,-99,-35,43,104,526267776,98,0,106,0,"[9,16,-14,16,-58,15,-26,16,-69,15,-15,16,-34,15,-3,16,37,16,0,0,118,16,-11,16,-62,16,-42,16,45,0,-100,16,-133,0,104,16,-63,0,29,16,-41,0,-7,15,-64,0,1,16,-105,0,56,16,0,0,0,0,89,0,-51,16,91,0,58,0,113,0,-118,0,131,0,-46,0,137,0,-27,0,122,0,-58,0,86,0,-115,0,32,0,102,0,-31,16,42,0,-116,16,0,0,70,16,-21,16,-8,15,-14,16,-27,15]"
CSI_DATA,7364,d8:b1:90:d9:de:f0,-42,9,-99,-34,43,104,526280775,98,0,106,0,"[-16,15,-24,0,-27,15,26,1,-15,15,38,1,5,0,7,1,9,0,-56,0,-5,15,-127,0,-62,15,70,0,123,15,-2,15,14,15,-47,15,-80,14,-48,15,-122,14,-28,15,-105,14,13,0,-33,14,37,0,0,0,0,0,-123,15,5,0,-54,15,-78,15,-14,15,105,15,-3,15,37,15,-12,15,16,15,-24,15,48,15,-12,15,108,15,12,0,-98,15,62,0,-42,15,-131,0,-7,15,-42,0,1,0,24,1,-39,15,29,1]"
CSI_DATA,7365,d8:b1:90:d9:de:f0,-43,9,-99,-35,44,104,526428397,130,0,106,0,"[47,0,62,14,87,0,2,14,94,0,-19,13,78,0,5,14,69,0,59,14,71,0,-120,14,80,0,-29,14,122,0,72,0,-72,0,-76,0,-22,0,-9,0,10,0,7,0,9,0,-23,0,-39,0,-73,0,0,0,0,0,44,0,65,0,-62,14,37,0,86,14,31,0,16,14,35,0,-4,13,43,0,25,14,39,0,85,14,16,0,-101,14,-18,14,-38,14,-62,14,12,0,117,14,46,0,39,14,50,0,-27,13,11,0]"
CSI_DATA,7366,d8:b1:90:d9:de:f0,-41,11,-99,-35,43,104,526503733,100,0,114,0,"[30,1,33,3,35,6,35,9,34,11,33,13,30,15,30,14,28,14,28,15,27,15,26,15,26,15,26,15,26,16,27,17,28,19,28,20,29,21,29,21,29,21,29,22,29,22,28,22,27,22,25,22,25,22,23,22,0,0,22,23,20,23,20,25,20,25,20,25,19,26,20,26,19,26,18,26,18,23,18,23,16,22,16,21,14,20,13,19,13,19,11,18,13,19,13,19,14,20,14,21,13,22,13,22,11,23,11,23,9,25,6,22,4,21]"
CSI_DATA,7367,d8:b1:90:d9:de:f0,-43,11,-99,-35,44,104,526845732,277,0,106,0,"[-3,14,43,14,3,0,-19,13,-15,14,-41,13,-33,14,-10,13,-34,14,42,14,-7,14,104,14,43,0,-72,14,-113,0,-16,14,-4,0,15,0,80,0,7,0,117,0,-27,14,92,0,-66,14,13,0,-74,14,0,0,0,0,74,0,-13,14,12,0,76,0,-22,14,-82,0,-21,14,-11,0,-1,14,10,0,10,0,-21,0,8,0,-86,0,-14,14,97,0,-58,14,42,0,-121,14,2,0,48,14,-10,14,-13,13,14,0,-11,13]"
CSI_DATA,7368,d8:b1:90:d9:de:f0,-43,9,-99,-37,45,104,526846213,98,0,106,0,"[-61,13,-56,0,-107,13,-7,0,115,13,11,0,-106,13,-11,0,-90,13,-61,0,-80,13,107,0,-79,13,20,0,-96,13,-87,13,106,13,44,13,73,13,-33,12,49,13,-55,12,45,13,-31,12,81,13,27,13,0,0,0,0,-27,13,-68,13,68,0,-18,13,-77,0,11,0,-11,0,27,0,6,0,27,0,-23,0,25,0,-87,0,32,0,84,0,45,0,13,0,64,0,-49,13,106,0,-101,13,-77,0,106,13,-25,0,-102,13]"
CSI_DATA,7369,d8:b1:90:d9:de:f0,-42,9,-99,-36,43,104,526864464,130,0,106,0,"[-87,0,-74,16,0,1,-85,16,33,1,-103,16,8,1,-109,16,-38,0,-95,16,-98,0,-50,16,135,0,21,0,87,0,125,0,53,0,-46,0,48,0,61,1,65,0,107,1,90,0,86,1,90,0,4,1,0,0,0,0,24,0,96,0,-69,16,-1,16,106,16,-66,16,20,16,-99,16,-14,15,-92,16,6,16,-71,16,68,16,-52,16,-139,16,-51,16,-59,16,-71,16,13,0,-122,16,71,0,92,16,93,0,28,16,53,0]"
CSI_DATA,7370,d8:b1:90:d9:de:f0,-42,9,-99,-40,44,104,527055102,161,0,106,0,"[-52,0,52,0,35,1,87,0,71,1,84,0,47,1,74,0,-14,0,65,0,-93,0,56,0,89,0,71,0,-28,16,105,0,132,16,-132,0,38,16,-84,0,-6,15,-54,0,6,16,-54,0,68,16,-94,0,0,0,0,0,-68,16,30,0,-12,16,-86,16,31,0,77,16,46,0,-12,15,48,0,-47,15,42,0,-17,15,35,0,52,16,39,0,133,16,60,0,-63,16,99,0,24,0,-134,0,105,0,-71,0,-135,0,-37,0]"
CSI_DATA,7371,d8:b1:90:d9:de:f0,-42,9,-99,-36,43,104,527055245,181,0,106,0,"[-98,0,-133,16,-15,0,97,16,2,1,59,16,-35,0,59,16,-93,0,97,16,-142,0,-127,16,88,0,-33,16,43,0,80,0,11,0,-74,0,6,0,35,1,28,0,83,1,53,0,68,1,52,0,-5,0,0,0,0,0,2,0,59,0,-63,16,-54,16,136,16,138,16,57,16,87,16,21,16,81,16,38,16,107,16,96,16,-134,16,-109,16,-94,16,-29,16,-67,16,70,0,-54,16,-117,0,-66,16,-44,0,-102,16,-38,0]"
CSI_DATA,7372,d8:b1:90:d9:de:f0,-42,11,-99,-37,44,104,527263529,277,0,106,0,"[33,15,-73,15,-31,14,-93,15,-50,14,-84,15,-24,14,-55,15,41,15,-44,15,116,15,-42,15,-55,15,-64,15,42,0,-120,15,-130,0,69,15,-73,0,-9,14,-69,0,-58,14,-102,0,-52,14,112,0,4,15,0,0,0,0,67,0,-75,15,96,0,34,0,-119,0,119,0,-72,0,-91,0,-49,0,-86,0,-69,0,-114,0,-123,0,106,0,68,0,75,0,-6,15,62,0,-91,15,74,0,95,15,108,0,53,15,-97,0,75,15]"
CSI_DATA,7373,d8:b1:90:d9:de:f0,-43,9,-99,-36,44,104,527264010,98,0,106,0,"[-70,0,-122,0,-30,0,-67,0,-17,0,-58,0,-38,0,-81,0,-93,0,-115,0,95,0,108,0,4,0,67,0,-106,15,29,0,30,15,5,0,-64,14,-3,15,-110,14,0,0,-84,14,8,0,-15,14,5,0,0,0,0,0,-79,15,-27,15,24,0,-80,15,110,0,116,15,-91,0,72,15,-73,0,61,15,-95,0,92,15,123,0,-115,15,79,0,-49,15,40,0,26,0,21,0,107,0,10,0,-60,0,19,0,4,1,52,0]"
CSI_DATA,7374,d8:b1:90:d9:de:f0,-43,9,-99,-34,44,104,527264106,130,0,106,0,"[-50,14,-33,0,-85,14,24,0,-90,14,40,0,-81,14,13,0,-67,14,-49,0,-53,14,-119,0,-58,14,24,0,-68,14,-80,14,-92,14,44,14,-118,14,-42,13,105,14,-75,13,103,14,-50,13,-118,14,6,14,0,0,0,0,-4,14,-84,14,81,0,-16,14,-77,0,40,0,-15,0,67,0,0,0,73,0,-28,0,66,0,-90,0,51,0,76,0,47,0,-2,14,49,0,-83,14,60,0,81,14,92,0,32,14,-105,0,40,14]"
CSI_DATA,7375,d8:b1:90:d9:de:f0,-42,9,-99,-36,44,104,527264241,113,0,106,0,"[-59,15,37,15,-55,15,-32,14,-64,15,-48,14,-61,15,-15,14,-48,15,46,15,-14,15,115,15,35,0,-56,15,107,0,38,0,-60,0,124,0,12,1,-73,0,48,1,-62,0,38,1,-86,0,-19,0,-121,0,0,0,0,0,55,0,62,0,-60,15,59,0,94,15,67,0,25,15,86,0,6,15,90,0,38,15,77,0,98,15,49,0,-95,15,11,0,-29,15,-42,15,26,0,-106,15,68,0,74,15,82,0,8,15,50,0]"
CSI_DATA,7376,d8:b1:90:d9:de:f0,-42,9,-99,-37,44,104,527264350,224,0,106,0,"[116,0,-51,0,-109,0,1,1,-78,0,-4,0,-79,0,-51,0,-107,0,-101,0,99,0,111,0,12,0,80,0,-97,15,85,0,52,15,115,0,-18,14,-94,0,-29,14,-33,0,12,15,-21,0,72,15,-47,0,0,0,0,0,-82,15,59,0,-86,15,-41,15,-122,15,130,15,91,15,82,15,66,15,81,15,80,15,114,15,125,15,-100,15,-72,15,-73,15,3,0,-62,15,78,0,-87,15,-120,0,117,15,-98,0,53,15,126,0]"
CSI_DATA,7377,d8:b1:90:d9:de:f0,-43,9,-99,-36,44,104,527472882,98,0,106,0,"[75,15,112,0,1,15,-126,0,-15,14,-100,0,13,15,-96,0,57,15,-119,0,107,15,90,0,-108,15,12,0,-88,15,-88,15,-96,15,55,15,-127,15,-35,14,93,15,-67,14,68,15,-43,14,95,15,28,15,0,0,0,0,-45,15,-77,15,64,0,-42,15,-85,0,-39,15,-12,0,-51,15,11,1,-73,15,-21,0,-76,15,-80,0,-57,15,119,0,-22,15,69,0,35,0,44,0,109,0,40,0,-65,0,73,0,-8,0,119,0]"
CSI_DATA,7378,d8:b1:90:d9:de:f0,-46,11,-99,-37,47,104,527503680,100,0,228,0,"[-7,0,-9,2,-11,5,-13,6,-16,8,-17,8,-17,7,90,53,-16,5,-16,4,-13,3,-12,2,-9,2,-7,2,-5,4,-1,5,1,6,4,9,6,11,8,14,9,16,25,-42,9,19,8,19,7,19,5,18,3,16,2,13,0,0,1,7,1,3,1,0,2,-2,4,-6,6,-8,76,0,10,-12,11,-12,12,-12,12,-11,11,-10,10,-8,8,-7,6,-6,5,-5,2,-4,0,-4,-2,-4,-4,-5,-56,10,-8,-7,-10,-9,-10,-10,-10,-12,-9,-13,-7,-13,-5,-11,-10,-12,-18,-3,-17,10,-6,18,6,18,15,7,13,-4,-13,-3,-3,-7,-5,0,-1,4,5,3,7,-3,2,-10,-7,-12,-15,-4,-16,8,-5,18,8,18,18,7,17,-8,16,1,-5,-13,-10,-3,-6,5,1,5,6,0,2,-7,0,0,-13,-2,-13,8,-3,17,9,17,18,6,18,-7,16,-27,-5,-16,-12,-7,-10,2,-4,6,0,5,1,0,-1,0,-3,2,-2,6,3,8,9,4,10,-4,6,-11,-9,-19,-11,-8,-13,1,-8,9,0,10,6,5,6,-1,1,-4]"
CSI_DATA,7379,d8:b1:90:d9:de:f0,-43,9,-99,-36,44,104,527681771,130,0,106,0,"[63,15,121,0,9,15,-92,0,11,15,-64,0,55,15,-61,0,109,15,-103,0,-108,15,93,0,-70,15,1,0,-67,15,-108,15,-93,15,32,15,114,15,-46,14,72,15,-54,14,57,15,-12,14,89,15,54,15,0,0,0,0,-28,15,-60,15,71,0,-31,15,-81,0,-32,15,-20,0,-54,15,-5,0,-71,15,-37,0,-68,15,-95,0,-50,15,107,0,-10,15,57,0,46,0,30,0,115,0,21,0,-63,0,48,0,-4,0,95,0]"
CSI_DATA,7380,d8:b1:90:d9:de:f0,-42,9,-99,-37,44,104,527681933,113,0,106,0,"[-74,0,107,15,-18,0,66,15,-18,0,41,15,-59,0,56,15,-106,0,94,15,121,0,-100,15,100,0,-13,15,109,0,94,0,-121,0,-57,0,-80,0,12,1,-38,0,31,1,-28,0,1,1,-71,0,-62,0,0,0,0,0,40,0,83,0,-67,15,73,0,103,15,86,0,38,15,106,0,18,15,122,0,48,15,112,0,100,15,79,0,-117,15,27,0,-79,15,-29,15,-71,15,-104,15,-82,15,81,15,-110,15,30,15,108,15]"
CSI_DATA,7381,d8:b1:90:d9:de:f0,-42,9,-99,-35,43,104,527706966,500,0,106,0,"[76,16,121,0,1,16,133,0,-15,15,-128,0,17,16,-127,0,64,16,127,0,112,16,67,0,-121,16,-8,16,-95,16,-127,16,-91,16,31,16,-119,16,-66,15,123,16,-99,15,98,16,-67,15,121,16,6,16,0,0,0,0,-56,16,-90,16,45,0,-32,16,-121,0,2,0,-31,0,8,0,6,1,-2,16,-15,0,-10,16,-70,0,0,0,-137,0,22,0,82,0,66,0,41,0,130,0,14,0,-69,0,19,0,-3,0,67,0]"
CSI_DATA,7382,d8:b1:90:d9:de:f0,-43,9,-99,-37,44,104,527707865,500,0,106,0,"[-129,15,90,15,102,15,27,15,71,15,19,15,76,15,52,15,98,15,95,15,-112,15,-130,15,-36,15,-116,15,66,0,129,15,-99,0,83,15,-42,0,12,15,-32,0,-41,14,-80,0,-57,14,112,0,-12,14,0,0,0,0,31,0,-98,15,50,0,9,0,108,0,100,0,-98,0,-110,0,-56,0,-98,0,-58,0,-126,0,-97,0,104,0,107,0,86,0,44,0,86,0,-17,15,124,0,-57,15,-78,0,-61,15,-12,0,-15,15]"
CSI_DATA,7383,d8:b1:90:d9:de:f0,-42,9,-99,-35,43,104,527708128,500,0,106,0,"[-74,0,-101,16,-5,0,-128,16,2,1,111,16,-31,0,101,16,-86,0,123,16,-137,0,-111,16,119,0,-29,16,129,0,78,0,-100,0,-94,0,-25,0,-27,0,38,1,-26,0,62,1,-81,0,5,1,121,0,0,0,0,0,104,0,31,0,-11,16,61,0,-105,16,124,0,124,16,-79,0,125,16,-33,0,-117,16,-42,0,-80,16,-98,0,-70,16,123,0,-79,16,55,0,-126,16,-4,16,82,16,-38,16,7,16,-23,16,-9,15]"
CSI_DATA,7384,d8:b1:90:d9:de:f0,-42,9,-99,-36,43,104,527762802,98,0,106,0,"[-71,16,-62,0,-107,16,21,1,-92,16,56,1,-61,16,34,1,-40,16,-19,0,-40,16,-100,0,-66,16,93,0,-126,16,-15,16,69,16,-107,16,-15,15,120,16,-78,15,121,16,-72,15,-122,16,2,16,-76,16,0,0,0,0,-60,16,-12,16,70,0,-44,16,-99,0,-103,16,-38,0,115,16,-29,0,78,16,-68,0,93,16,-130,0,139,16,108,0,-78,16,76,0,3,0,76,0,90,0,96,0,-105,0,-143,0,-52,0,-95,0]"
CSI_DATA,7385,d8:b1:90:d9:de:f0,-43,9,-99,-36,44,104,528099623,130,0,106,0,"[-107,0,-92,0,-48,0,-38,0,-11,0,-44,0,-20,0,-86,0,-61,0,121,0,121,0,80,0,29,0,54,0,-85,15,53,0,49,15,82,0,-30,14,127,0,-58,14,-79,0,-21,14,-57,0,52,15,-82,0,0,0,0,0,-53,15,39,0,-11,15,-68,15,-2,15,88,15,-15,15,16,15,-33,15,-5,14,-42,15,32,15,-31,15,97,15,-4,15,-92,15,39,0,-26,15,104,0,17,0,-74,0,44,0,-12,0,36,0,3,1]"
CSI_DATA,7386,d8:b1:90:d9:de:f0,-43,11,-99,-36,44,104,528308023,277,0,106,0,"[59,15,58,0,-26,14,68,0,-53,14,89,0,-31,14,97,0,27,15,84,0,86,15,47,0,-103,15,-15,15,-26,15,-103,15,32,0,50,15,65,0,-42,14,68,0,-80,14,46,0,-63,14,33,0,0,15,0,0,0,0,22,0,-52,15,56,0,51,0,110,0,-102,0,-103,0,-46,0,-89,0,-32,0,-101,0,-56,0,109,0,-102,0,49,0,107,0,-14,15,66,0,-93,15,43,0,85,15,37,0,27,15,53,0,21,15]"
CSI_DATA,7387,d8:b1:90:d9:de:f0,-42,9,-99,-38,44,104,528308486,101,0,106,0,"[55,15,28,0,-36,14,29,0,-66,14,49,0,-45,14,66,0,12,15,63,0,83,15,37,0,-112,15,-23,15,-31,15,-109,15,29,0,49,15,61,0,-43,14,62,0,-93,14,33,0,-77,14,10,0,-5,14,0,0,0,0,13,0,-66,15,70,0,41,0,-126,0,131,0,-66,0,-83,0,-39,0,-79,0,-57,0,-108,0,-111,0,126,0,90,0,90,0,9,0,74,0,-74,15,80,0,117,15,106,0,67,15,-123,0,75,15]"
CSI_DATA,7388,d8:b1:90:d9:de:f0,-42,9,-99,-38,44,104,528332869,98,0,106,0,"[49,15,45,0,-42,14,55,0,-69,14,73,0,-38,14,78,0,26,15,59,0,104,15,31,0,-75,15,-26,15,19,0,-110,15,108,0,67,15,-102,0,-22,14,-85,0,-64,14,-110,0,-48,14,115,0,19,15,0,0,0,0,39,0,-45,15,32,0,76,0,47,0,-78,0,65,0,-4,0,72,0,14,1,60,0,-20,0,34,0,-88,0,-1,15,113,0,-54,15,41,0,-119,15,-22,15,76,15,-68,15,12,15,-81,15,-6,14]"
CSI_DATA,7389,d8:b1:90:d9:de:f0,-41,11,-99,-36,43,104,528504003,100,0,114,0,"[-14,-25,-14,-29,-15,-32,-14,-33,-13,-33,-13,-33,-12,-31,-12,-31,-12,-29,-12,-28,-13,-26,-13,-25,-14,-26,-14,-26,-15,-28,-19,-28,-20,-28,-20,-29,-21,-29,-23,-28,-24,-28,-24,-28,-25,-26,-25,-26,-24,-24,-24,-24,-24,-23,-25,-22,0,0,-25,-20,-24,-20,-25,-20,-28,-20,-29,-19,-29,-19,-30,-17,-30,-16,-30,-15,-29,-13,-29,-12,-26,-11,-26,-8,-25,-7,-24,-6,-23,-6,-23,-4,-23,-3,-25,-2,-25,-2,-26,-1,-26,-2,-29,-1,-29,-1,-29,-1,-28,-1,-25,-3,-23,-3]"
CSI_DATA,7390,d8:b1:90:d9:de:f0,-44,11,-99,-36,45,104,528725820,277,0,106,0,"[-110,13,102,13,77,13,32,13,53,13,17,13,57,13,37,13,90,13,72,13,-83,13,-113,13,-12,13,-65,13,85,0,-24,13,-34,0,5,0,49,0,17,0,89,0,10,0,67,0,-7,13,2,0,-12,13,0,0,0,0,36,0,-1,13,-64,13,34,0,73,13,82,0,15,13,-103,0,3,13,-86,0,30,13,-105,0,78,13,80,0,-99,13,32,0,-53,13,-30,13,-20,13,-100,13,1,0,55,13,4,0,-4,12,-21,13]"
CSI_DATA,7391,d8:b1:90:d9:de:f0,-43,9,-99,-38,45,104,528726283,98,0,106,0,"[-80,14,79,14,-114,14,0,14,94,14,-15,13,94,14,17,14,114,14,63,14,-77,14,118,14,-4,14,-67,14,97,0,-15,14,-33,0,16,0,53,0,22,0,94,0,1,0,74,0,-21,14,1,0,-33,14,0,0,0,0,33,0,-8,14,-69,14,46,0,89,14,114,0,45,14,-68,0,38,14,-45,0,69,14,-65,0,113,14,-115,0,-89,14,58,0,-57,14,-14,14,-49,14,-94,14,-55,14,62,14,-85,14,9,14,-120,14]"
CSI_DATA,7392,d8:b1:90:d9:de:f0,-43,9,-99,-35,44,104,528726424,252,0,106,0,"[-114,14,98,14,101,14,24,14,75,14,0,14,80,14,20,14,106,14,65,14,-86,14,113,14,-8,14,-93,14,93,0,-56,14,-38,0,-30,14,53,0,-27,14,92,0,-41,14,71,0,-58,14,-3,0,-54,14,0,0,0,0,52,0,3,0,-37,14,75,0,-113,14,-97,0,94,14,-36,0,84,14,-11,0,107,14,-37,0,-112,14,-96,0,-94,14,78,0,-79,14,2,0,-88,14,-80,14,-108,14,90,14,104,14,41,14,77,14]"
CSI_DATA,7393,d8:b1:90:d9:de:f0,-43,9,-99,-38,45,104,528935209,130,0,106,0,"[-52,0,43,0,27,0,69,0,57,0,67,0,35,0,51,0,-16,0,46,0,-87,0,47,0,67,0,67,0,-31,14,104,0,114,14,-92,0,42,14,-42,0,17,14,-18,0,34,14,-19,0,86,14,-67,0,0,0,0,0,-43,14,15,0,-5,14,-88,14,12,0,49,14,16,0,-21,13,10,0,-42,13,6,0,-8,13,15,0,60,14,31,0,-112,14,55,0,-40,14,97,0,28,0,-91,0,87,0,-39,0,114,0,-20,0]"
CSI_DATA,7394,d8:b1:90:d9:de:f0,-42,9,-99,-38,44,104,528945631,161,0,106,0,"[61,0,-55,0,82,0,32,1,111,0,55,1,119,0,16,1,103,0,-34,0,57,0,-98,0,-8,15,110,0,-111,15,52,0,43,15,18,0,-45,14,8,0,-84,14,23,0,-62,14,41,0,15,15,39,0,0,0,0,0,-50,15,-16,15,45,0,-96,15,111,0,87,15,-126,0,14,15,-128,0,-11,14,116,0,20,15,92,0,85,15,78,0,-105,15,76,0,-22,15,103,0,60,0,-122,0,-133,0,-74,0,-95,0,-40,0]"
CSI_DATA,7395,d8:b1:90:d9:de:f0,-43,9,-99,-36,44,104,528945837,181,0,106,0,"[80,15,-111,15,10,15,99,15,-25,14,100,15,-8,14,123,15,33,15,-101,15,102,15,-79,15,-69,15,-85,15,31,0,-112,15,-126,0,94,15,-58,0,44,15,-35,0,6,15,-65,0,5,15,-119,0,55,15,0,0,0,0,49,0,-24,15,45,0,83,0,64,0,-69,0,95,0,-1,0,117,0,12,1,112,0,-23,0,83,0,-78,0,35,0,119,0,-26,15,71,0,-103,15,44,0,74,15,41,0,18,15,60,0,11,15]"
CSI_DATA,7396,d8:b1:90:d9:de:f0,-43,9,-99,-36,44,104,529144080,130,0,106,0,"[69,15,61,0,-7,14,73,0,-27,14,100,0,-2,14,111,0,48,15,96,0,101,15,63,0,-116,15,-7,15,-94,15,-103,15,-96,15,47,15,-127,15,-34,14,101,15,-61,14,80,15,-26,14,96,15,40,15,0,0,0,0,-41,15,-74,15,62,0,-40,15,-89,0,-36,15,-11,0,-51,15,11,1,-78,15,-12,0,-87,15,-66,0,-70,15,-115,0,-38,15,98,0,19,0,81,0,91,0,90,0,-88,0,-121,0,-38,0,-78,0]"
CSI_DATA,7397,d8:b1:90:d9:de:f0,-43,11,-99,-35,44,104,529352516,277,0,106,0,"[105,14,-124,14,52,14,54,14,30,14,40,14,52,14,56,14,95,14,93,14,-91,14,-118,14,-7,14,-76,14,102,0,-26,14,-36,0,9,0,49,0,33,0,87,0,44,0,67,0,33,0,-9,0,29,0,0,0,0,0,30,0,10,0,-77,14,22,0,59,14,37,0,-13,13,53,0,-42,13,56,0,-10,13,44,0,54,14,21,0,-119,14,-15,14,-42,14,-45,14,34,0,-98,14,102,0,92,14,-107,0,36,14,-116,0]"
CSI_DATA,7398,d8:b1:90:d9:de:f0,-44,9,-99,-36,45,104,529353006,98,0,106,0,"[-24,13,57,13,-27,13,-18,12,-39,13,-48,12,-41,13,-19,12,-34,13,28,13,-2,13,90,13,40,0,-64,13,100,0,21,0,-55,0,99,0,4,0,-74,0,37,0,-59,0,22,0,-79,0,-30,0,112,0,0,0,0,0,32,0,20,0,-75,13,-9,13,49,13,-24,13,-24,12,-25,13,-47,12,-22,13,-16,12,-24,13,45,13,-25,13,-113,13,-38,13,-36,13,-57,13,31,0,-90,13,99,0,90,13,-82,0,45,13,-95,0]"
CSI_DATA,7399,d8:b1:90:d9:de:f0,-46,11,-99,-40,48,104,529504026,100,0,228,0,"[4,5,7,7,9,9,12,12,12,13,12,14,12,16,87,52,9,14,7,13,6,12,5,10,5,8,4,5,4,3,5,0,7,-2,8,-5,10,-8,12,-9,14,-10,24,-41,16,-11,16,-10,16,-8,14,-6,13,-4,10,-4,0,0,4,-2,1,-2,-2,-2,-5,-3,-8,-4,-10,-6,54,10,-14,-9,-14,-11,-13,-11,-12,-12,-12,-11,-9,-9,-8,-9,-7,-7,-6,-4,-5,-2,-5,0,-5,1,-5,3,-68,10,-7,7,-9,9,-11,9,-12,9,-12,8,-12,6,-12,4,-8,12,0,17,12,13,18,2,14,-9,3,-14,-5,-9,2,14,-4,4,1,4,4,-1,1,-6,-6,-7,-12,0,-9,9,0,16,12,13,19,1,15,-12,2,-19,-10,-14,0,-14,-10,8,0,10,7,4,5,-3,-1,-7,-7,-2,0,0,-1,13,9,12,16,2,15,-9,4,-17,-8,-16,-29,-14,-14,4,-5,11,2,9,5,2,2,-1,-1,0,-1,3,2,5,7,2,9,-3,4,-10,-3,-13,-12,-7,-22,8,-9,12,0,16,10,10,12,0,7,-7,0,-8,-4,-3]"
CSI_DATA,7400,d8:b1:90:d9:de:f0,-43,11,-99,-38,45,104,529561415,277,0,106,0,"[72,0,67,14,114,0,3,14,111,0,-27,13,90,0,-10,13,65,0,31,14,60,0,97,14,67,0,-61,14,103,0,35,0,-77,0,-114,0,-19,0,-48,0,21,0,-34,0,23,0,-66,0,-20,0,-112,0,0,0,0,0,61,0,37,0,-47,14,33,0,94,14,45,0,23,14,70,0,0,13,94,0,22,14,89,0,74,14,65,0,-120,14,25,0,-74,14,-29,14,-50,14,-102,14,-44,14,59,14,-69,14,-1,13,-110,14]"
CSI_DATA,7401,d8:b1:90:d9:de:f0,-43,9,-99,-36,44,104,529561869,98,0,106,0,"[101,15,-120,15,43,15,81,15,9,15,76,15,10,15,107,15,48,15,-118,15,110,15,-92,15,-58,15,-84,15,47,0,-111,15,-107,0,97,15,-37,0,33,15,-20,0,-12,14,-56,0,-15,14,-113,0,24,15,0,0,0,0,48,0,-67,15,43,0,46,0,71,0,-103,0,110,0,-32,0,-122,0,-15,0,-124,0,-40,0,107,0,-90,0,58,0,119,0,-9,15,82,0,-91,15,77,0,83,15,91,0,30,15,-118,0,39,15]"
CSI_DATA,7402,d8:b1:90:d9:de:f0,-43,9,-99,-35,44,104,529561983,98,0,106,0,"[-104,14,-94,0,78,14,-34,0,64,14,-5,0,77,14,-19,0,110,14,-68,0,-106,14,110,0,-79,14,18,0,-47,14,-90,14,-30,14,36,14,-26,14,-61,13,-29,14,-103,13,-40,14,-87,13,-34,14,-16,13,0,0,0,0,-7,14,-62,14,34,0,45,0,92,0,-105,0,-113,0,-37,0,-100,0,-15,0,-116,0,-34,0,89,0,-84,0,37,0,110,0,-27,14,57,0,-107,14,18,0,52,14,-9,14,-19,13,-11,14,-34,13]"
CSI_DATA,7403,d8:b1:90:d9:de:f0,-42,9,-99,-37,44,104,529606072,130,0,106,0,"[43,15,31,0,-39,14,50,0,-63,14,77,0,-24,14,92,0,32,15,80,0,102,15,40,0,-98,15,-26,15,-41,15,-120,15,-7,15,38,15,2,0,-46,14,-8,15,-84,14,-33,15,-57,14,-38,15,24,15,0,0,0,0,11,0,-42,15,91,0,49,0,-81,0,111,0,-8,0,-120,0,13,1,-125,0,-16,0,112,0,-81,0,84,0,112,0,66,0,30,0,74,0,-44,15,110,0,-104,15,-100,0,125,15,-45,0,-110,15]"
CSI_DATA,7404,d8:b1:90:d9:de:f0,-43,9,-99,-38,45,104,529606657,113,0,106,0,"[-34,0,-1,14,40,0,-16,14,57,0,-50,14,25,0,-71,14,-31,0,-68,14,-92,0,-42,14,88,0,17,0,45,0,103,0,30,0,-43,0,39,0,41,0,61,0,67,0,88,0,31,0,84,0,-37,0,0,0,0,0,0,14,38,0,-93,14,-13,14,49,14,-39,14,-19,13,-36,14,-34,13,-12,14,-5,13,4,0,56,14,8,0,118,14,-4,14,-60,14,-45,14,-16,14,-107,14,0,0,65,14,-15,14,7,14,-54,14]"
CSI_DATA,7405,d8:b1:90:d9:de:f0,-42,9,-99,-34,43,104,529625014,98,0,106,0,"[85,15,112,15,13,15,67,15,-32,14,92,15,-19,14,-131,15,30,15,-86,15,98,15,-62,15,-88,15,-82,15,-7,15,130,15,61,0,40,15,87,0,-44,14,61,0,-85,14,16,0,-73,14,-14,15,2,15,0,0,0,0,16,0,-80,15,98,0,-13,15,-76,0,30,0,4,1,30,0,30,1,1,0,2,1,-21,15,-62,0,-28,15,-128,0,-8,15,84,0,36,0,47,0,105,0,51,0,-79,0,96,0,-21,0,-118,0]"
CSI_DATA,7406,d8:b1:90:d9:de:f0,-42,11,-99,-37,44,104,529979212,277,0,106,0,"[73,15,66,0,-9,14,91,0,-33,14,116,0,-2,14,120,0,56,15,103,0,118,15,60,0,-76,15,-9,15,-6,15,-108,15,45,0,41,15,72,0,-52,14,60,0,-96,14,31,0,-79,14,12,0,-8,14,0,0,0,0,6,0,-58,15,48,0,54,0,103,0,-107,0,-104,0,-47,0,-81,0,-36,0,-92,0,-65,0,123,0,-116,0,60,0,98,0,-19,15,62,0,-109,15,44,0,60,15,49,0,-4,14,77,0,-3,14]"
CSI_DATA,7407,d8:b1:90:d9:de:f0,-43,9,-99,-38,45,104,529979684,130,0,106,0,"[117,0,101,14,-70,0,42,14,-67,0,8,14,-101,0,16,14,107,0,52,14,79,0,119,14,65,0,-37,14,70,0,68,0,99,0,-63,0,-96,0,14,0,-59,0,38,0,-44,0,6,0,-69,0,-52,0,0,0,0,0,39,0,47,0,-67,14,2,0,72,14,-13,14,-5,13,-4,14,-25,13,12,0,3,14,22,0,64,14,19,0,-112,14,-1,14,-42,14,-41,14,10,0,-103,14,45,0,57,14,44,0,-7,13,2,0]"
CSI_DATA,7408,d8:b1:90:d9:de:f0,-43,9,-99,-35,44,104,529979846,120,0,106,0,"[-124,14,-98,0,70,14,-42,0,67,14,-10,0,92,14,-17,0,-120,14,-63,0,-95,14,-123,0,-77,14,38,0,-89,14,-62,14,-118,14,76,14,88,14,-1,13,49,14,-21,13,39,14,4,14,72,14,63,14,0,0,0,0,-33,14,-58,14,68,0,-27,14,-73,0,-19,14,-3,0,-32,14,18,0,-50,14,-7,0,-51,14,-69,0,-38,14,113,0,-1,14,56,0,46,0,15,0,112,0,-6,14,-54,0,1,0,7,0,42,0]"
CSI_DATA,7409,d8:b1:90:d9:de:f0,-42,9,-99,-35,43,104,530022595,113,0,106,0,"[-40,0,27,0,40,1,53,0,70,1,41,0,42,1,22,0,-18,0,15,0,-88,0,19,0,102,0,59,0,4,0,126,0,-79,16,-58,0,-131,16,28,1,135,16,74,1,-115,16,76,1,-74,16,7,1,0,0,0,0,-32,16,81,0,-67,16,-38,16,-131,16,131,16,90,16,67,16,52,16,53,16,62,16,88,16,115,16,138,16,-95,16,-102,16,-15,16,-77,16,81,0,-82,16,-104,0,-115,16,-52,0,104,16,-70,0]"
CSI_DATA,7410,d8:b1:90:d9:de:f0,-43,9,-99,-36,44,104,530188556,108,0,106,0,"[-46,15,-59,0,-70,15,26,1,-63,15,60,1,-39,15,42,1,-26,15,-21,0,-31,15,-93,0,-50,15,68,0,-100,15,-34,15,83,15,121,15,10,15,59,15,-34,14,47,15,-37,14,79,15,11,15,127,15,0,0,0,0,-57,15,-25,15,60,0,-12,15,-79,0,-18,15,-3,0,-46,15,22,1,-74,15,-7,0,-80,15,-72,0,-63,15,117,0,-27,15,52,0,26,0,-3,15,98,0,-34,15,-73,0,-30,15,2,1,17,0]"
CSI_DATA,7411,d8:b1:90:d9:de:f0,-42,9,-99,-37,44,104,530188710,101,0,106,0,"[-113,15,-78,0,86,15,-14,0,80,15,12,1,106,15,2,1,-129,15,-48,0,-110,15,-118,0,-100,15,51,0,-113,15,-61,15,121,15,84,15,84,15,-7,14,50,15,-38,14,47,15,-15,14,83,15,43,15,0,0,0,0,-48,15,-64,15,62,0,-21,15,-88,0,12,0,-5,0,18,0,28,1,12,0,4,1,6,0,-59,0,7,0,-129,0,20,0,59,0,56,0,-6,15,111,0,-60,15,-78,0,-77,15,-13,0,-45,15]"
CSI_DATA,7412,d8:b1:90:d9:de:f0,-42,9,-99,-37,44,104,530223957,98,0,106,0,"[23,0,45,15,40,0,-37,14,24,0,-67,14,1,0,-47,14,-2,15,15,15,13,0,78,15,53,0,-100,15,117,0,-20,15,-54,0,55,0,37,1,92,0,71,1,96,0,59,1,68,0,-13,0,43,0,0,0,0,0,55,0,21,0,-50,15,65,0,120,15,128,0,64,15,-80,0,58,15,-51,0,88,15,-68,0,129,15,-117,0,-100,15,84,0,-83,15,10,0,-88,15,-71,15,-107,15,117,15,111,15,66,15,77,15]"
CSI_DATA,7413,d8:b1:90:d9:de:f0,-42,11,-99,-35,43,104,530397010,277,0,106,0,"[18,0,-55,0,18,0,26,1,47,0,50,1,63,0,20,1,59,0,-40,0,31,0,-110,0,-32,16,99,0,-122,16,43,0,40,16,-1,16,-53,15,-11,16,-100,15,10,0,-79,15,41,0,-5,15,51,0,0,0,0,0,-92,16,0,0,-7,16,-88,16,50,0,101,16,75,0,21,16,67,0,-10,15,50,0,13,16,39,0,69,16,41,0,-129,16,67,0,-56,16,119,0,9,0,-81,0,56,0,-10,0,64,0,20,1]"
CSI_DATA,7414,d8:b1:90:d9:de:f0,-42,9,-99,-37,44,104,530397464,130,0,106,0,"[-32,15,54,15,-36,15,-29,14,-51,15,-55,14,-57,15,-25,14,-41,15,38,15,-16,15,108,15,37,0,-65,15,112,0,26,0,-61,0,115,0,14,1,-85,0,51,1,-77,0,42,1,-101,0,-16,0,122,0,0,0,0,0,52,0,41,0,-63,15,27,0,81,15,22,0,8,15,37,0,-18,14,49,0,7,15,43,0,71,15,28,0,-125,15,-6,15,-44,15,-51,15,22,0,-111,15,80,0,80,15,95,0,6,15,64,0]"
CSI_DATA,7415,d8:b1:90:d9:de:f0,-43,9,-99,-38,45,104,530397616,98,0,106,0,"[-120,0,90,14,-66,0,36,14,-56,0,9,14,-80,0,20,14,-115,0,66,14,100,0,-109,14,72,0,-21,14,59,0,87,0,58,0,-36,0,72,0,55,0,95,0,86,0,101,0,61,0,89,0,1,0,0,0,0,0,8,0,67,0,-61,14,-18,14,100,14,-88,14,32,14,118,14,13,14,109,14,32,14,116,14,84,14,-96,14,-85,14,-81,14,-9,14,-68,14,74,0,-70,14,-83,0,-93,14,-27,0,108,14,-33,0]"
CSI_DATA,7416,d8:b1:90:d9:de:f0,-42,11,-99,-34,43,104,530504029,100,0,114,0,"[13,-26,16,-27,20,-27,23,-27,23,-25,24,-24,24,-22,24,-21,23,-20,23,-19,22,-19,22,-18,22,-19,22,-19,22,-20,24,-21,24,-21,25,-21,27,-22,26,-22,27,-23,28,-22,27,-22,27,-22,26,-21,26,-21,26,-20,26,-19,0,0,25,-16,24,-18,26,-19,26,-18,27,-20,28,-19,27,-19,27,-19,26,-18,26,-18,24,-18,23,-18,22,-16,22,-15,20,-14,20,-15,19,-14,20,-14,20,-14,21,-15,22,-15,23,-16,23,-15,24,-15,25,-15,26,-13,25,-11,24,-9]"
CSI_DATA,7417,d8:b1:90:d9:de:f0,-43,11,-99,-35,44,104,530814807,277,0,106,0,"[49,14,12,0,-38,13,14,0,-66,13,45,0,-37,13,70,0,23,14,70,0,92,14,40,0,-79,14,-7,14,-4,14,-90,14,45,0,51,14,66,0,-39,13,46,0,-90,13,10,0,-80,13,-9,14,-9,13,0,0,0,0,-1,14,-51,14,56,0,46,0,-119,0,-118,0,-49,0,-80,0,-13,0,-81,0,-34,0,-116,0,-88,0,89,0,88,0,61,0,10,0,52,0,-73,14,67,0,95,14,104,0,51,14,-89,0,77,14]"
CSI_DATA,7418,d8:b1:90:d9:de:f0,-44,9,-99,-36,45,104,530815261,130,0,106,0,"[-48,0,-20,13,32,0,-8,13,62,0,-16,13,40,0,-16,13,-9,0,-8,13,-76,0,8,0,70,0,40,0,-26,13,83,0,100,13,-91,0,27,13,-45,0,-5,12,-20,0,8,13,-24,0,56,13,-62,0,0,0,0,0,-40,13,32,0,16,0,-59,13,60,0,74,13,87,0,7,13,94,0,-14,12,87,0,13,13,70,0,72,13,56,0,-86,13,49,0,-7,13,57,0,71,0,77,0,-74,0,101,0,-19,0,-98,0]"
CSI_DATA,7419,d8:b1:90:d9:de:f0,-44,9,-99,-36,45,104,530815369,98,0,106,0,"[48,13,-22,13,-27,12,-29,13,-57,12,-10,13,-32,12,17,0,11,13,32,0,78,13,17,0,-81,13,-21,13,-14,13,-91,13,32,0,48,13,49,0,-32,12,28,0,-81,12,-7,13,-65,12,-30,13,-6,12,0,0,0,0,-8,13,-55,13,62,0,25,0,-89,0,83,0,-16,0,102,0,11,0,90,0,-8,0,60,0,-61,0,39,0,98,0,29,0,31,0,47,0,-27,13,86,0,-74,13,-75,0,-84,13,-16,0,-45,13]"
CSI_DATA,7420,d8:b1:90:d9:de:f0,-43,9,-99,-38,45,104,530815501,224,0,106,0,"[114,0,-85,0,-73,0,-22,0,-33,0,-20,0,-29,0,-57,0,-55,0,-106,0,-114,0,95,0,50,0,76,0,-51,14,81,0,89,14,118,0,16,14,-70,0,0,14,-16,0,38,14,0,0,100,14,-37,0,0,0,0,0,-33,14,48,0,-31,14,-60,14,-60,14,81,14,-106,14,16,14,100,14,8,14,100,14,44,14,-113,14,101,14,-60,14,-91,14,5,0,-59,14,82,0,-56,14,-81,0,-83,14,-36,0,114,14,-52,0]"
CSI_DATA,7421,d8:b1:90:d9:de:f0,-42,11,-99,-36,44,104,531232604,277,0,106,0,"[57,15,-13,15,-40,14,-28,15,-70,14,-26,15,-46,14,-26,15,18,15,-28,15,100,15,-36,15,-53,15,-49,15,72,0,-61,15,-57,0,-75,15,43,1,-87,15,80,1,-97,15,61,1,-89,15,-10,0,-64,15,0,0,0,0,33,0,-8,15,-80,15,31,0,66,15,77,0,-3,14,106,0,-23,14,107,0,10,15,81,0,77,15,46,0,-108,15,2,0,-25,15,-46,15,52,0,-97,15,127,0,102,15,-85,0,52,15,-94,0]"
CSI_DATA,7422,d8:b1:90:d9:de:f0,-43,9,-99,-38,45,104,531233058,130,0,106,0,"[61,0,-73,0,83,0,14,0,99,0,42,0,99,0,16,0,79,0,-28,0,33,0,-97,0,-16,14,70,0,-84,14,-22,14,84,14,-113,14,26,14,62,14,-8,13,32,14,0,14,46,14,53,14,90,14,0,0,0,0,-29,14,-24,14,71,0,33,0,-73,0,75,0,-1,0,103,0,15,0,115,0,-20,0,105,0,-88,0,84,0,76,0,65,0,-2,14,49,0,-87,14,45,0,66,14,50,0,6,14,61,0,0,14]"
CSI_DATA,7423,d8:b1:90:d9:de:f0,-43,9,-99,-35,44,104,531442002,352,0,106,0,"[58,14,47,0,-30,13,58,0,-54,13,76,0,-27,13,73,0,33,14,52,0,106,14,20,0,-51,14,-23,14,53,0,-82,14,-94,0,102,14,-14,0,54,14,3,0,29,14,-19,0,45,14,-71,0,94,14,0,0,0,0,24,0,-10,14,-45,14,78,0,-112,14,-80,0,99,14,-23,0,84,14,-13,0,100,14,-52,0,-117,14,-115,0,-90,14,56,0,-54,14,-22,14,-29,14,-105,14,-10,14,56,14,-10,14,-3,13,-31,14]"
CSI_DATA,7424,d8:b1:90:d9:de:f0,-43,9,-99,-36,44,104,531442245,98,0,106,0,"[103,15,127,0,37,15,-71,0,35,15,-31,0,69,15,-31,0,120,15,-69,0,-96,15,122,0,-73,15,31,0,-76,15,-76,15,-100,15,68,15,113,15,-11,14,74,15,-37,14,63,15,0,15,93,15,73,15,0,0,0,0,-17,15,-45,15,95,0,-16,15,-56,0,-9,15,16,1,-20,15,33,1,-43,15,-3,0,-47,15,-70,0,-32,15,116,0,3,0,57,0,49,0,14,0,118,0,-9,15,-62,0,1,0,-6,0,40,0]"
CSI_DATA,7425,d8:b1:90:d9:de:f0,-46,11,-99,-37,47,104,531503709,100,0,228,0,"[-2,-5,-6,-5,-9,-7,-11,-9,-13,-10,-13,-12,-13,-13,90,53,-12,-13,-10,-12,-9,-10,-8,-9,-7,-7,-6,-5,-5,-2,-5,1,-4,5,-4,8,-3,12,-5,15,-5,17,25,-42,-7,20,-8,19,-8,18,-8,16,-7,13,-7,11,0,0,-3,5,-1,2,1,0,4,-1,7,-4,10,-5,-62,0,15,-5,16,-6,16,-6,16,-5,15,-5,13,-4,11,-3,8,-2,6,-2,4,-2,2,-4,0,-4,-2,-5,-32,10,-7,-8,-8,-10,-9,-12,-8,-13,-8,-15,-5,-14,-3,-13,8,-13,-2,-18,-14,-13,-20,0,-14,11,-2,17,7,11,-3,-10,5,-4,-1,-4,-2,1,0,5,7,3,9,-4,4,-12,-7,-14,-17,-7,-18,8,-8,18,7,19,17,8,9,13,6,-13,-4,-10,-7,0,-2,5,4,3,7,-3,0,0,-9,-10,-16,0,-13,12,-1,18,13,16,19,2,29,-16,4,-16,-6,-13,-10,-4,-7,2,-1,4,0,1,-2,0,-4,1,-4,5,1,9,8,7,12,0,10,-10,-5,-21,-10,-12,-15,-2,-11,8,-2,12,5,8,6,0,2,-3]"
CSI_DATA,7426,d8:b1:90:d9:de:f0,-43,9,-99,-38,45,104,531650847,108,0,106,0,"[-118,14,-108,0,61,14,-50,0,52,14,-15,0,80,14,-19,0,111,14,-59,0,-99,14,-120,0,-81,14,33,0,-83,14,-75,14,-103,14,53,14,102,14,-32,13,64,14,-50,13,54,14,-22,13,77,14,40,14,0,0,0,0,-37,14,-39,14,58,0,13,0,-77,0,45,0,0,0,46,0,25,0,33,0,2,0,20,0,-58,0,15,0,112,0,24,0,37,0,54,0,-25,14,101,0,-79,14,-70,0,-88,14,-9,0,-57,14]"
CSI_DATA,7427,d8:b1:90:d9:de:f0,-44,9,-99,-36,45,104,531650947,98,0,106,0,"[-7,13,-60,0,-23,13,14,0,-6,13,48,0,9,0,32,0,13,0,-20,0,0,0,-82,0,-40,13,74,0,-104,13,-6,13,36,13,-69,13,-40,12,-106,13,-81,12,-102,13,-71,12,-70,13,-15,12,-37,13,0,0,0,0,-56,13,-2,13,50,0,-25,13,-83,0,-72,13,-28,0,106,13,-18,0,78,13,-48,0,86,13,-95,0,-108,13,95,0,-54,13,60,0,11,0,51,0,88,0,63,0,-65,0,101,0,-13,0,-89,0]"
CSI_DATA,7428,d8:b1:90:d9:de:f0,-42,11,-99,-37,44,104,532068199,277,0,106,0,"[-103,15,-64,0,120,15,2,1,-130,15,33,1,-102,15,19,1,-80,15,-29,0,-66,15,-97,0,-86,15,85,0,122,15,-3,15,43,15,-86,15,-30,14,-128,15,-73,14,-128,15,-66,14,-93,15,-1,14,-58,15,0,0,0,0,-68,15,-30,15,32,0,-79,15,116,0,112,15,-106,0,41,15,-106,0,10,15,127,0,23,15,88,0,77,15,73,0,-115,15,69,0,-39,15,108,0,34,0,-99,0,94,0,-36,0,112,0,0,1]"
CSI_DATA,7429,d8:b1:90:d9:de:f0,-43,9,-99,-36,44,104,532068635,130,0,106,0,"[-80,0,117,0,-20,0,-88,0,3,1,-82,0,-13,0,-105,0,-57,0,117,0,122,0,98,0,36,0,85,0,-83,15,84,0,60,15,100,0,-27,14,-128,0,-56,14,-107,0,-29,14,-97,0,35,15,-125,0,0,0,0,0,-51,15,21,0,23,0,-74,15,71,0,79,15,95,0,7,15,94,0,-16,14,75,0,7,15,63,0,74,15,51,0,-107,15,56,0,-22,15,80,0,59,0,121,0,-119,0,-89,0,-73,0,-54,0]"
CSI_DATA,7430,d8:b1:90:d9:de:f0,-42,9,-99,-37,44,104,532068806,113,0,106,0,"[-123,0,-93,0,-65,0,-43,0,-22,0,-44,0,-23,0,-87,0,-56,0,130,0,-121,0,104,0,59,0,100,0,-27,15,-127,0,-116,15,-60,0,104,15,14,1,116,15,65,1,-104,15,64,1,-56,15,1,1,0,0,0,0,-22,15,71,0,-82,15,-30,15,99,15,-96,15,19,15,-124,15,-14,14,-107,15,2,15,-75,15,61,15,-42,15,-127,15,-37,15,-59,15,-57,15,-4,15,-111,15,26,0,77,15,20,0,11,15,-32,15]"
CSI_DATA,7431,d8:b1:90:d9:de:f0,-43,9,-99,-36,44,104,532068960,120,0,106,0,"[-43,0,30,0,33,1,45,0,59,1,38,0,27,1,18,0,-25,0,7,0,-99,0,23,0,73,0,56,0,-24,15,114,0,-111,15,-67,0,94,15,6,1,84,15,49,1,117,15,43,1,-99,15,-14,0,0,0,0,0,-27,15,45,0,-32,15,-78,15,-58,15,72,15,-94,15,4,15,-120,15,-13,14,-119,15,23,15,-86,15,86,15,-41,15,-110,15,19,0,-54,15,94,0,-21,15,-72,0,1,0,-7,0,-7,15,3,1]"
CSI_DATA,7432,d8:b1:90:d9:de:f0,-43,9,-99,-39,45,104,532069064,120,0,106,0,"[119,14,84,14,83,14,17,14,61,14,5,14,68,14,32,14,102,14,74,14,-89,14,113,14,-11,14,-100,14,92,0,-77,14,-45,0,-70,14,42,0,-79,14,77,0,-102,14,50,0,-113,14,-16,0,-100,14,0,0,0,0,63,0,-7,14,-14,14,76,0,-66,14,-73,0,-89,14,-4,0,-83,14,23,0,-65,14,0,0,-51,14,-65,0,-48,14,110,0,-60,14,31,0,-91,14,-41,14,108,14,-109,14,53,14,106,14,23,14]"
CSI_DATA,7433,d8:b1:90:d9:de:f0,-42,9,-99,-37,44,104,532277570,124,0,106,0,"[-65,0,95,0,5,1,-123,0,31,1,-123,0,10,1,116,0,-46,0,85,0,-124,0,72,0,43,0,63,0,-75,15,75,0,69,15,102,0,-22,14,-130,0,-49,14,-95,0,-22,14,-91,0,44,15,-119,0,0,0,0,0,-47,15,12,0,17,0,-88,15,65,0,74,15,83,0,2,15,83,0,-17,14,68,0,20,15,54,0,88,15,53,0,-92,15,62,0,-5,15,92,0,76,0,-127,0,-112,0,-78,0,-68,0,-51,0]"
CSI_DATA,7434,d8:b1:90:d9:de:f0,-42,11,-99,-39,44,104,532485997,277,0,106,0,"[115,0,-61,0,-138,0,7,1,-111,0,18,1,-113,0,-21,0,-133,0,-70,0,89,0,-129,0,14,0,104,0,-101,16,77,0,57,16,75,0,-27,15,100,0,-71,15,137,0,-49,15,-118,0,28,16,-137,0,0,0,0,0,-90,16,26,0,-45,16,-81,16,-30,16,98,16,-37,16,19,16,-53,16,-10,15,-57,16,22,16,-40,16,83,16,-6,16,-125,16,43,0,-68,16,119,0,-33,16,-68,0,-19,16,-5,0,-41,16,7,1]"
CSI_DATA,7435,d8:b1:90:d9:de:f0,-42,9,-99,-37,44,104,532486478,113,0,106,0,"[-45,15,38,15,-43,15,-43,14,-52,15,-60,14,-55,15,-28,14,-46,15,29,15,-9,15,106,15,33,0,-69,15,107,0,27,0,-74,0,116,0,0,1,-82,0,45,1,-65,0,33,1,-86,0,-26,0,-123,0,0,0,0,0,47,0,51,0,-67,15,41,0,82,15,42,0,8,15,56,0,-18,14,60,0,12,15,51,0,80,15,31,0,-110,15,1,0,-33,15,-49,15,24,0,-111,15,76,0,75,15,101,0,12,15,76,0]"
CSI_DATA,7436,d8:b1:90:d9:de:f0,-43,9,-99,-34,44,104,532486622,98,0,106,0,"[56,14,101,0,-14,13,-119,0,-33,13,-103,0,-9,13,-108,0,46,14,102,0,99,14,59,0,-77,14,-11,14,-14,14,-101,14,40,0,38,14,71,0,-53,13,71,0,-90,13,53,0,-69,13,37,0,-11,13,0,0,0,0,29,0,-65,14,60,0,40,0,104,0,-103,0,-100,0,-45,0,-85,0,-28,0,-98,0,-50,0,99,0,-96,0,44,0,100,0,-21,14,56,0,-101,14,27,0,55,14,16,0,-13,13,27,0,-22,13]"
CSI_DATA,7437,d8:b1:90:d9:de:f0,-41,11,-99,-35,43,104,532503630,100,0,114,0,"[30,-1,33,1,37,4,37,6,37,7,35,8,33,8,33,10,31,8,30,9,29,9,28,9,29,8,29,8,29,9,31,9,32,9,33,10,34,10,34,10,34,10,35,9,34,10,34,9,33,10,32,9,32,10,31,9,0,0,30,9,29,9,30,9,30,9,30,10,30,10,31,9,31,9,30,9,30,8,29,7,27,7,26,6,25,6,23,5,23,5,22,4,23,4,25,4,25,4,26,4,26,5,27,5,27,6,27,7,26,8,23,8,21,9]"
CSI_DATA,7438,d8:b1:90:d9:de:f0,-42,11,-99,-35,43,104,532903794,277,0,106,0,"[-52,0,82,0,21,1,116,0,51,1,112,0,28,1,87,0,-32,0,70,0,-104,0,59,0,85,0,88,0,-10,16,-137,0,-105,16,-59,0,122,16,20,1,112,16,57,1,-137,16,52,1,-91,16,-13,0,0,0,0,0,-55,16,70,0,-82,16,-49,16,137,16,137,16,85,16,76,16,57,16,64,16,71,16,94,16,116,16,-137,16,-92,16,-109,16,-18,16,-80,16,66,0,-94,16,-131,0,-129,16,-88,0,95,16,-103,0]"
CSI_DATA,7439,d8:b1:90:d9:de:f0,-42,9,-99,-38,44,104,532904248,130,0,106,0,"[41,15,-33,15,-32,14,-63,15,-60,14,-65,15,-23,14,-60,15,33,15,-52,15,118,15,-52,15,-58,15,-74,15,57,0,-101,15,-100,0,118,15,-18,0,80,15,20,1,49,15,-2,0,50,15,-64,0,96,15,0,0,0,0,52,0,-23,15,-8,15,88,0,-51,15,-83,0,-75,15,-7,0,-81,15,21,1,-69,15,-9,0,-61,15,-82,0,-56,15,110,0,-59,15,26,0,-83,15,-59,15,-123,15,126,15,101,15,79,15,65,15]"
CSI_DATA,7440,d8:b1:90:d9:de:f0,-43,9,-99,-35,44,104,532904365,98,0,106,0,"[39,0,-35,0,34,0,42,0,40,0,60,0,39,0,31,0,26,0,-20,0,2,0,-90,0,-46,14,79,0,-110,14,-11,14,58,14,-95,14,-8,13,94,14,-45,13,74,14,-31,13,97,14,25,14,-118,14,0,0,0,0,-38,14,-41,14,71,0,-28,14,-69,0,-29,14,0,0,-37,14,26,0,-45,14,-3,0,-40,14,-60,0,-23,14,122,0,2,0,49,0,44,0,-8,14,98,0,-66,14,-86,0,-84,14,-26,0,-68,14]"
CSI_DATA,7441,d8:b1:90:d9:de:f0,-42,9,-99,-35,43,104,532951927,108,0,106,0,"[-11,0,-44,16,53,1,-67,16,55,1,-115,16,9,1,-134,16,-58,0,-129,16,-122,0,-94,16,113,0,-15,16,102,0,87,0,-139,0,-86,0,-77,0,-9,0,-26,0,-5,0,-2,0,-54,0,-44,0,-121,0,0,0,0,0,78,0,82,0,-17,16,121,0,-91,16,-86,0,-119,16,-31,0,-104,16,5,1,-68,16,-19,0,-43,16,-78,0,-41,16,137,0,-66,16,68,0,-129,16,25,0,70,16,4,0,1,16,39,0,-3,15]"
CSI_DATA,7442,d8:b1:90:d9:de:f0,-43,11,-99,-36,44,104,533321591,277,0,106,0,"[23,0,64,15,48,0,-13,14,41,0,-48,14,29,0,-25,14,4,0,25,15,9,0,98,15,49,0,-81,15,117,0,7,0,-48,0,89,0,35,1,123,0,96,1,122,0,99,1,82,0,43,1,31,0,0,0,0,0,88,0,-6,15,-28,15,26,0,-125,15,84,0,71,15,-107,0,58,15,-58,0,91,15,-59,0,-118,15,-101,0,-79,15,81,0,-56,15,9,0,-68,15,-76,15,-115,15,96,15,76,15,60,15,23,15]"
CSI_DATA,7443,d8:b1:90:d9:de:f0,-43,9,-99,-36,44,104,533322072,340,0,106,0,"[-72,15,-91,0,-125,15,-24,0,118,15,7,1,-123,15,-6,0,-95,15,-52,0,-76,15,-125,0,-62,15,40,0,-55,15,-82,15,-63,15,47,15,-90,15,-51,14,-117,15,-96,14,124,15,-77,14,-123,15,-6,14,0,0,0,0,-50,15,-63,15,20,0,36,0,104,0,119,0,-81,0,-86,0,-45,0,-76,0,-55,0,-101,0,-107,0,114,0,79,0,74,0,2,0,42,0,-92,15,26,0,69,15,30,0,-5,14,62,0,-5,14]"
CSI_DATA,7444,d8:b1:90:d9:de:f0,-43,9,-99,-37,45,104,533322311,320,0,106,0,"[-76,13,-86,0,104,13,-26,0,87,13,3,0,106,13,-9,0,-102,13,-49,0,-80,13,-114,0,-62,13,33,0,-57,13,-75,13,-63,13,44,13,-85,13,-52,12,-110,13,-97,12,105,13,-76,12,110,13,-10,12,0,0,0,0,-52,13,-64,13,18,0,26,0,104,0,98,0,-56,0,-91,0,-22,0,-89,0,-33,0,-108,0,-85,0,89,0,87,0,59,0,9,0,40,0,-77,13,40,0,70,13,64,0,11,13,104,0,14,13]"
CSI_DATA,7445,d8:b1:90:d9:de:f0,-43,9,-99,-36,44,104,533322488,98,0,106,0,"[23,0,74,15,50,0,-9,14,50,0,-41,14,30,0,-18,14,19,0,31,15,23,0,107,15,42,0,-55,15,86,0,53,0,-112,0,-96,0,-43,0,-20,0,8,1,5,1,22,1,-30,0,-15,0,-91,0,0,0,0,0,78,0,30,0,-36,15,-18,15,102,15,-40,15,14,15,-33,15,-22,14,-13,15,5,15,2,0,69,15,6,0,-108,15,-4,15,-27,15,-32,15,48,0,-82,15,114,0,100,15,-119,0,28,15,100,0]"
CSI_DATA,7446,d8:b1:90:d9:de:f0,-45,11,-99,-39,47,104,533503954,100,0,228,0,"[3,7,6,8,8,10,10,12,12,13,12,14,12,16,95,57,10,15,8,14,7,13,6,10,6,9,5,6,6,3,6,0,7,-3,9,-6,10,-10,13,-13,16,-14,27,-45,19,-14,20,-13,20,-12,19,-10,17,-7,15,-5,0,0,9,-2,5,-1,1,-1,-2,-2,-6,-3,-9,-4,89,11,-13,-7,-14,-9,-13,-10,-13,-11,-12,-10,-10,-10,-9,-8,-7,-6,-6,-4,-6,-2,-5,0,-5,2,-6,5,-74,11,-9,9,-10,10,-13,11,-14,10,-16,9,-16,6,-14,3,-8,15,3,20,16,13,23,0,16,-13,3,-19,-9,-13,-1,13,-7,6,0,6,5,1,3,-5,-4,-6,-10,0,-9,9,0,15,12,13,19,1,16,-13,1,-20,-11,-15,1,-17,-10,9,0,11,6,4,6,-3,-2,-7,-9,-1,0,0,0,15,11,13,20,1,17,-13,4,-23,-11,-20,-33,-13,-19,6,-8,16,3,13,8,6,6,0,2,-1,0,0,2,3,6,0,7,-4,3,-10,-4,-11,-12,-6,-21,10,-8,13,1,15,10,9,13,0,6,-6,0,-7,-4,-2]"
CSI_DATA,7447,d8:b1:90:d9:de:f0,-43,11,-99,-38,45,104,533530490,277,0,106,0,"[37,14,-50,14,-15,13,-84,14,-38,13,-80,14,-19,13,-59,14,34,14,-37,14,103,14,-35,14,-49,14,-50,14,51,0,-84,14,-92,0,91,14,-28,0,20,14,-20,0,-27,13,-44,0,-33,13,-92,0,7,14,0,0,0,0,68,0,-75,14,71,0,23,0,97,0,-120,0,-113,0,-65,0,-96,0,-49,0,-109,0,-72,0,93,0,-119,0,44,0,83,0,-23,14,47,0,-103,14,38,0,53,14,51,0,-6,13,87,0,0,13]"
CSI_DATA,7448,d8:b1:90:d9:de:f0,-42,9,-99,-36,44,104,533530971,130,0,106,0,"[89,15,-110,0,22,15,-77,0,13,15,-51,0,46,15,-56,0,99,15,-89,0,-110,15,113,0,-76,15,26,0,-63,15,-83,15,-84,15,55,15,-125,15,-34,14,84,15,-70,14,51,15,-46,14,78,15,27,15,0,0,0,0,-55,15,-92,15,50,0,-73,15,-104,0,-73,15,-37,0,-97,15,-16,0,-121,15,-52,0,-116,15,-111,0,-88,15,97,0,-42,15,51,0,24,0,34,0,108,0,42,0,-62,0,87,0,1,1,-113,0]"
CSI_DATA,7449,d8:b1:90:d9:de:f0,-43,9,-99,-34,44,104,533531097,113,0,106,0,"[48,14,71,0,-16,13,81,0,-30,13,107,0,2,14,118,0,55,14,101,0,117,14,69,0,-70,14,0,0,-31,14,-94,14,-16,14,34,14,-32,14,-60,13,-70,14,-100,13,-106,14,-77,13,-105,14,-10,13,0,0,0,0,-24,14,-96,14,63,0,-50,14,-84,0,-28,14,-17,0,-36,14,0,0,-57,14,-29,0,-62,14,-93,0,-50,14,94,0,-18,14,38,0,31,0,6,0,105,0,0,0,-51,0,35,0,10,0,90,0]"
CSI_DATA,7450,d8:b1:90:d9:de:f0,-43,9,-99,-35,44,104,533739852,252,0,106,0,"[-30,0,98,0,16,0,-114,0,21,0,-112,0,-17,0,112,0,-78,0,83,0,91,0,53,0,-4,14,23,0,-120,14,0,0,15,14,-14,14,-62,13,-16,14,-97,13,-14,14,-70,13,-2,14,2,14,-9,14,0,0,0,0,-54,14,-51,14,42,0,-91,14,122,0,116,14,-77,0,85,14,-68,0,86,14,-97,0,122,14,107,0,-69,14,61,0,-7,14,14,0,57,0,-27,14,-115,0,-53,14,-37,0,-56,14,16,0,-31,14]"
CSI_DATA,7451,d8:b1:90:d9:de:f0,-42,9,-99,-33,43,104,533740018,98,0,106,0,"[-40,15,-11,0,-64,15,51,1,-56,15,58,1,-45,15,16,1,-31,15,-65,0,-20,15,110,0,-25,15,-1,15,-38,15,-121,15,-65,15,20,15,-89,15,-64,14,-112,15,-87,14,-113,15,-58,14,-83,15,15,15,0,0,0,0,29,0,-68,15,109,0,4,0,-80,0,68,0,-30,0,102,0,-29,0,106,0,-72,0,93,0,115,0,71,0,37,0,55,0,-48,15,40,0,121,15,34,0,34,15,44,0,-22,14,76,0,-15,14]"
CSI_DATA,7452,d8:b1:90:d9:de:f0,-41,9,-99,-33,42,104,533754504,113,0,106,0,"[-42,0,-124,17,34,1,124,17,57,1,91,17,-11,0,64,17,-91,0,102,17,-142,0,-114,17,93,0,-38,17,12,0,72,0,-26,17,-58,0,-2,17,61,1,6,0,83,1,38,0,66,1,55,0,-8,0,0,0,0,0,-25,17,33,0,-114,17,-55,17,102,17,-130,17,-39,16,138,17,-56,16,-103,17,18,17,-64,17,97,17,-93,17,-143,17,-8,17,13,0,5,0,105,0,-78,17,-135,0,-115,17,-50,0,-131,17,-45,0]"
CSI_DATA,7453,d8:b1:90:d9:de:f0,-43,11,-99,-36,44,104,533948288,277,0,106,0,"[56,15,-80,15,-21,14,-106,15,-59,14,-92,15,-32,14,-63,15,14,15,-42,15,92,15,-38,15,-75,15,-52,15,27,0,-99,15,124,0,79,15,-76,0,5,15,-72,0,-50,14,-109,0,-53,14,93,0,-3,14,0,0,0,0,8,0,-66,15,13,0,57,0,49,0,-93,0,101,0,-23,0,-119,0,-10,0,-116,0,-44,0,116,0,-106,0,60,0,91,0,-5,15,44,0,-90,15,24,0,75,15,36,0,21,15,73,0,25,15]"
CSI_DATA,7454,d8:b1:90:d9:de:f0,-42,9,-99,-38,44,104,533948750,120,0,106,0,"[118,15,-104,0,46,15,-46,0,28,15,-23,0,48,15,-41,0,85,15,-93,0,133,15,109,0,-90,15,14,0,-45,15,-102,15,-3,15,40,15,23,0,-58,14,22,0,-105,14,13,0,-87,14,3,0,-21,14,0,0,0,0,-5,15,-63,15,16,0,57,0,54,0,-92,0,94,0,-19,0,113,0,4,1,103,0,-24,0,77,0,-88,0,32,0,109,0,-23,15,37,0,-96,15,-25,15,88,15,-72,15,22,15,-87,15,-7,14]"
CSI_DATA,7455,d8:b1:90:d9:de:f0,-43,9,-99,-35,44,104,534157676,130,0,106,0,"[55,0,-41,0,61,0,29,0,85,0,49,0,101,0,15,0,92,0,-41,0,59,0,-101,0,0,0,84,0,-93,14,27,0,43,14,-9,14,-52,13,-12,14,-94,13,17,0,-82,13,51,0,-19,13,68,0,0,0,0,0,-79,14,22,0,0,0,-54,14,58,0,98,14,71,0,17,14,58,0,-17,13,31,0,0,13,9,0,60,14,8,0,-117,14,32,0,-37,14,77,0,32,0,-98,0,86,0,-22,0,96,0,15,0]"
CSI_DATA,7456,d8:b1:90:d9:de:f0,-42,9,-99,-37,44,104,534157802,124,0,106,0,"[-52,0,93,0,4,1,-110,0,24,1,-93,0,-2,0,-102,0,-62,0,-129,0,127,0,104,0,31,0,79,0,-89,15,52,0,42,15,31,0,-59,14,20,0,-107,14,26,0,-97,14,30,0,-32,14,19,0,0,0,0,0,-83,15,-7,15,30,0,-51,15,-121,0,-104,15,-54,0,107,15,-26,0,86,15,-45,0,100,15,-96,0,-121,15,103,0,-57,15,48,0,10,0,-3,15,92,0,-45,15,-77,0,-49,15,1,1,-20,15]"
CSI_DATA,7457,d8:b1:90:d9:de:f0,-42,9,-99,-34,43,104,534157960,124,0,106,0,"[-28,0,63,0,41,1,93,0,63,1,84,0,37,1,57,0,-15,0,42,0,-85,0,38,0,93,0,62,0,-1,15,121,0,-88,15,-61,0,132,15,28,1,128,15,86,1,-108,15,88,1,-64,15,25,1,0,0,0,0,-29,15,105,0,-75,15,-10,15,122,15,-100,15,46,15,120,15,6,15,121,15,22,15,-120,15,74,15,-79,15,-123,15,-60,15,-39,15,-58,15,44,0,-86,15,123,0,126,15,-123,0,46,15,117,0]"
CSI_DATA,7458,d8:b1:90:d9:de:f0,-41,9,-99,-38,43,104,534178350,101,0,106,0,"[86,17,-122,17,15,17,117,17,-21,16,109,17,-7,16,136,17,34,17,-131,17,118,17,-110,17,-85,17,-97,17,42,0,-110,17,-128,0,-141,17,-27,0,111,17,11,1,72,17,-13,0,70,17,-79,0,106,17,0,0,0,0,65,0,-36,17,17,0,91,0,0,0,-80,0,9,0,15,1,24,0,45,1,36,0,10,1,28,0,-65,0,1,0,-150,0,-41,17,65,0,-108,17,-2,17,109,17,-61,17,28,17,-80,17,-3,16]"
CSI_DATA,7459,d8:b1:90:d9:de:f0,-42,9,-99,-36,43,104,534223731,124,0,106,0,"[-53,16,54,16,-48,16,-20,15,-66,16,-47,15,-72,16,-16,15,-72,16,31,16,-35,16,97,16,24,0,-125,16,118,0,-69,16,-48,0,-32,16,48,1,-26,16,99,1,-53,16,84,1,-88,16,1,1,-95,16,0,0,0,0,85,0,-31,16,2,0,69,0,-46,16,-104,0,-56,16,-17,0,-34,16,20,1,-11,16,-7,0,0,0,-78,0,-12,16,127,0,-50,16,50,0,-122,16,-6,16,75,16,-43,16,4,16,-31,16,-19,15]"
CSI_DATA,7460,d8:b1:90:d9:de:f0,-43,9,-99,-37,44,104,534223961,124,0,106,0,"[88,15,126,0,18,15,-113,0,-1,14,-86,0,21,15,-83,0,71,15,-107,0,111,15,108,0,-116,15,31,0,-111,15,-65,15,130,15,85,15,91,15,-3,14,49,15,-28,14,27,15,4,15,50,15,75,15,0,0,0,0,-66,15,-55,15,52,0,-38,15,-98,0,-55,15,-24,0,-92,15,-8,0,130,15,-43,0,125,15,-101,0,-112,15,108,0,-62,15,73,0,9,0,65,0,95,0,91,0,-86,0,-116,0,-41,0,-63,0]"
CSI_DATA,7461,d8:b1:90:d9:de:f0,-43,9,-99,-40,45,104,534224182,124,0,106,0,"[56,15,-45,15,-8,14,-90,15,-34,14,-101,15,-12,14,-92,15,36,15,-85,15,105,15,-76,15,-57,15,-76,15,56,0,-98,15,-86,0,124,15,5,1,86,15,41,1,56,15,18,1,48,15,-43,0,74,15,0,0,0,0,52,0,-46,15,-16,15,54,0,-65,15,-96,0,-82,15,-14,0,-72,15,21,1,-58,15,-8,0,-42,15,-74,0,-38,15,103,0,-50,15,17,0,-79,15,-70,15,125,15,106,15,66,15,67,15,27,15]"
CSI_DATA,7462,d8:b1:90:d9:de:f0,-43,9,-99,-34,44,104,534235189,124,0,106,0,"[118,0,-78,0,-111,0,-2,0,-106,0,23,0,114,0,7,0,85,0,-33,0,42,0,-92,0,-17,14,84,0,-100,14,5,0,55,14,-67,14,-15,13,111,14,-53,13,86,14,-50,13,95,14,1,14,-116,14,0,0,0,0,-59,14,-37,14,51,0,-20,14,-80,0,-4,14,0,0,-3,14,27,0,-14,14,0,0,-14,14,-64,0,-6,14,102,0,8,0,19,0,37,0,-58,14,76,0,105,14,-111,0,67,14,-53,0,79,14]"
CSI_DATA,7463,d8:b1:90:d9:de:f0,-43,9,-99,-36,44,104,534235401,124,0,106,0,"[-104,0,-103,0,-68,0,-30,0,-56,0,-6,0,-73,0,-29,0,-117,0,-68,0,85,0,-113,0,4,0,88,0,-100,15,26,0,45,15,-22,15,-48,14,-56,15,-96,14,-68,15,-91,14,-50,15,-19,14,-34,15,0,0,0,0,-70,15,-17,15,46,0,-35,15,-95,0,-65,15,-20,0,-100,15,5,1,-126,15,-31,0,-117,15,-93,0,-81,15,98,0,-34,15,31,0,25,0,-28,15,102,0,-72,15,-71,0,-76,15,10,1,-45,15]"
CSI_DATA,7464,d8:b1:90:d9:de:f0,-42,9,-99,-36,43,104,534249256,224,0,106,0,"[44,16,-65,16,-33,15,-86,16,-65,15,-70,16,-41,15,-35,16,19,16,-15,16,94,16,-16,16,-102,16,-48,16,-19,16,-117,16,57,0,65,16,89,0,-32,15,78,0,-84,15,35,0,-79,15,4,0,-11,15,0,0,0,0,15,0,-99,16,95,0,-3,16,-94,0,57,0,-13,0,77,0,21,1,57,0,-2,0,28,0,-74,0,5,0,131,0,12,0,51,0,41,0,-19,16,107,0,-60,16,-85,0,-49,16,-4,0,8,0]"
CSI_DATA,7465,d8:b1:90:d9:de:f0,-42,9,-99,-36,43,104,534262089,98,0,106,0,"[21,0,-47,0,22,0,47,1,50,0,78,1,78,0,43,1,85,0,-22,0,59,0,-100,0,5,0,102,0,-87,16,17,0,81,16,-46,16,-24,15,-62,16,-78,15,-47,16,-77,15,-5,16,-1,15,15,0,0,0,0,0,-71,16,-5,16,31,0,-84,16,102,0,104,16,132,0,22,16,120,0,-17,15,84,0,4,16,47,0,75,16,29,0,-125,16,32,0,-33,16,70,0,61,0,135,0,142,0,-72,0,-107,0,-17,0]"
CSI_DATA,7466,d8:b1:90:d9:de:f0,-42,9,-99,-36,43,104,534312579,98,0,106,0,"[51,0,63,16,76,0,-25,15,54,0,-67,15,29,0,-47,15,12,0,10,16,4,0,85,16,40,0,-111,16,109,0,-14,16,-76,0,66,0,21,1,109,0,80,1,99,0,75,1,57,0,-2,0,22,0,0,0,0,0,63,0,8,0,-51,16,61,0,138,16,142,0,89,16,-60,0,90,16,-16,0,132,16,-37,0,-109,16,-96,0,-88,16,109,0,-84,16,22,0,-111,16,-68,16,120,16,141,16,40,16,116,16,1,16]"
CSI_DATA,7467,d8:b1:90:d9:de:f0,-42,9,-99,-36,43,104,534342937,108,0,106,0,"[-89,0,-123,16,-12,0,138,16,1,1,120,16,-28,0,131,16,-80,0,-120,16,-135,0,-67,16,88,0,20,0,49,0,127,0,15,0,-38,0,10,0,68,1,29,0,115,1,53,0,92,1,52,0,3,1,0,0,0,0,3,0,78,0,-76,16,-23,16,129,16,-102,16,56,16,-143,16,26,16,136,16,59,16,-129,16,124,16,-99,16,-77,16,-85,16,7,0,-90,16,98,0,-122,16,-107,0,116,16,-70,0,54,16,-96,0]"
CSI_DATA,7468,d8:b1:90:d9:de:f0,-42,9,-99,-36,44,104,534373066,130,0,106,0,"[-45,0,50,0,20,1,83,0,39,1,78,0,1,1,70,0,-56,0,52,0,115,0,46,0,16,0,52,0,-102,15,72,0,43,15,104,0,-46,14,-126,0,-73,14,-93,0,-50,14,-92,0,23,15,-123,0,0,0,0,0,-62,15,13,0,8,0,-82,15,68,0,87,15,96,0,20,15,104,0,1,15,90,0,39,15,71,0,110,15,61,0,-68,15,63,0,20,0,78,0,107,0,115,0,-67,0,-102,0,-19,0,-71,0]"
CSI_DATA,7469,d8:b1:90:d9:de:f0,-43,9,-99,-34,44,104,534373751,113,0,106,0,"[68,14,106,0,6,14,-101,0,1,14,-82,0,37,14,-85,0,88,14,-118,0,-100,14,67,0,-48,14,-11,14,-6,14,-112,14,15,0,18,14,10,0,-71,13,-8,14,-106,13,-35,14,-82,13,-43,14,-7,13,0,0,0,0,3,0,-58,14,73,0,29,0,-93,0,96,0,-34,0,-111,0,-16,0,-114,0,-46,0,105,0,-111,0,79,0,59,0,58,0,-17,14,58,0,-99,14,79,0,66,14,117,0,33,14,-72,0,53,14]"
CSI_DATA,7470,d8:b1:90:d9:de:f0,-40,11,-99,-37,42,104,534504033,100,0,114,0,"[15,-31,19,-32,22,-32,23,-33,25,-32,25,-31,24,-31,24,-28,22,-28,20,-28,20,-27,20,-28,19,-27,19,-29,19,-31,20,-32,19,-33,19,-34,19,-37,19,-37,19,-38,18,-41,16,-40,16,-40,16,-38,15,-37,15,-36,14,-36,0,0,12,-36,12,-36,12,-38,11,-38,12,-40,11,-40,9,-40,9,-40,9,-37,9,-37,6,-37,6,-36,5,-33,3,-32,3,-29,2,-31,1,-28,1,-29,0,-29,0,-31,0,-32,0,-33,0,-34,0,-34,2,-34,2,-33,3,-32,5,-28]"
CSI_DATA,7471,d8:b1:90:d9:de:f0,-43,11,-99,-37,45,104,534574984,277,0,106,0,"[-64,0,97,13,-11,0,41,13,-16,0,10,13,-55,0,21,13,-99,0,58,13,75,0,115,13,36,0,-35,13,5,0,71,0,0,13,-51,0,11,0,35,0,34,0,71,0,60,0,48,0,62,0,-23,0,0,0,0,0,-9,13,34,0,-84,13,-40,13,75,13,-101,13,11,13,108,13,-9,12,-114,13,20,13,-88,13,85,13,-61,13,-80,13,-47,13,-1,13,-46,13,77,0,-61,13,-85,0,-93,13,-51,0,90,13,-62,0]"
CSI_DATA,7472,d8:b1:90:d9:de:f0,-43,9,-99,-35,44,104,534575483,98,0,106,0,"[121,0,-57,0,-91,0,15,0,-76,0,34,0,-87,0,3,0,120,0,-55,0,75,0,-117,0,10,0,51,0,-63,14,-34,14,99,14,-121,14,30,14,60,14,2,14,42,14,16,14,60,14,73,14,101,14,0,0,0,0,-8,14,-34,14,97,0,10,0,-54,0,46,0,5,0,70,0,18,0,78,0,-17,0,78,0,-90,0,68,0,81,0,57,0,-1,14,47,0,-93,14,50,0,72,14,55,0,12,14,68,0,8,14]"
CSI_DATA,7473,d8:b1:90:d9:de:f0,-43,9,-99,-37,45,104,534575587,287,0,106,0,"[-41,13,22,13,-46,13,-53,12,-57,13,-68,12,-56,13,-38,12,-46,13,21,13,-22,13,99,13,6,0,-50,13,48,0,50,0,95,0,-77,0,-97,0,-3,0,-72,0,27,0,-82,0,6,0,-117,0,-47,0,0,0,0,0,-3,13,33,0,-86,13,-36,13,69,13,-96,13,17,13,102,13,11,13,92,13,44,13,102,13,105,13,-100,13,-60,13,-72,13,13,0,-42,13,93,0,-22,13,-61,0,-10,13,-4,0,-9,13,7,0]"
CSI_DATA,7474,d8:b1:90:d9:de:f0,-43,11,-99,-37,45,104,534992781,277,0,106,0,"[58,13,-92,13,12,13,97,13,7,13,89,13,35,13,107,13,85,13,-99,13,-80,13,-71,13,6,0,-44,13,111,0,-22,13,-14,0,-11,13,67,0,-14,13,103,0,-20,13,87,0,-35,13,12,0,-31,13,0,0,0,0,58,0,14,0,-33,13,70,0,-111,13,-113,0,77,13,-63,0,73,13,-51,0,105,13,-78,0,-88,13,94,0,-44,13,29,0,-14,13,-44,13,11,0,106,13,16,0,20,13,-11,13,-38,12,-48,13]"
CSI_DATA,7475,d8:b1:90:d9:de:f0,-43,9,-99,-33,44,104,534993235,113,0,106,0,"[1,0,-25,0,-22,13,32,0,-26,13,42,0,-24,13,9,0,-26,13,-51,0,-37,13,-116,0,-61,13,27,0,-101,13,-66,13,84,13,67,13,38,13,-1,12,10,13,-20,12,15,13,-2,12,66,13,45,13,0,0,0,0,-28,13,-74,13,68,0,-44,13,-70,0,-28,13,-10,0,-28,13,4,0,-26,13,-34,0,-18,13,-99,0,-6,13,69,0,21,0,-4,13,57,0,-68,13,113,0,111,13,-55,0,93,13,2,0,-108,13]"
CSI_DATA,7476,d8:b1:90:d9:de:f0,-43,9,-99,-36,45,104,534993389,130,0,106,0,"[-105,13,-59,0,85,13,-14,0,84,13,-1,0,110,13,-27,0,-90,13,-71,0,-61,13,86,0,-47,13,1,0,-41,13,-106,13,-52,13,17,13,-75,13,-59,12,-101,13,-91,12,112,13,-60,12,-103,13,4,13,0,0,0,0,-7,13,-60,13,75,0,7,0,-70,0,48,0,-8,0,61,0,5,0,54,0,-32,0,36,0,-100,0,22,0,52,0,20,0,-28,13,33,0,-102,13,72,0,53,13,-103,0,32,13,-44,0,61,13]"
CSI_DATA,7477,d8:b1:90:d9:de:f0,-42,9,-99,-36,44,104,535202170,130,0,106,0,"[-101,15,59,15,-105,15,-16,14,-109,15,-41,14,-105,15,-17,14,-81,15,41,15,-37,15,106,15,22,0,-72,15,105,0,9,0,-57,0,94,0,23,1,-104,0,63,1,-87,0,49,1,-106,0,-9,0,122,0,0,0,0,0,60,0,57,0,-58,15,61,0,99,15,78,0,31,15,95,0,19,15,98,0,50,15,81,0,111,15,48,0,-74,15,3,0,-10,15,-55,15,45,0,127,15,82,0,48,15,96,0,-13,14,65,0]"
CSI_DATA,7478,d8:b1:90:d9:de:f0,-43,11,-99,-39,45,104,535410578,277,0,106,0,"[121,14,84,14,75,14,21,14,42,14,14,14,42,14,38,14,66,14,76,14,119,14,118,14,-59,14,-100,14,45,0,-88,14,-92,0,-94,14,1,0,-117,14,46,0,90,14,37,0,67,14,-19,0,80,14,0,0,0,0,87,0,-68,14,37,0,24,0,7,0,-117,0,7,0,-27,0,20,0,19,0,28,0,4,0,30,0,-42,0,8,0,-101,0,-34,14,90,0,-93,14,45,0,73,14,22,0,4,14,27,0,-20,13]"
CSI_DATA,7479,d8:b1:90:d9:de:f0,-42,9,-99,-37,44,104,535411023,98,0,106,0,"[-55,0,-59,15,25,1,-81,15,49,1,-121,15,21,1,125,15,-29,0,-126,15,-86,0,-99,15,122,0,-30,15,86,0,68,0,74,0,-78,0,80,0,25,1,117,0,77,1,-118,0,62,1,-118,0,6,1,0,0,0,0,68,0,107,0,-27,15,41,0,121,15,8,0,24,15,10,0,-16,14,25,0,-6,14,39,0,43,15,45,0,96,15,20,0,-106,15,-21,15,-65,15,-91,15,-48,15,84,15,-75,15,11,15,-127,15]"
CSI_DATA,7480,d8:b1:90:d9:de:f0,-45,11,-99,-35,46,104,535503951,100,0,228,0,"[-6,-10,-7,-10,-10,-12,-11,-13,-11,-15,-11,-16,-10,-16,95,57,-7,-16,-6,-15,-5,-13,-4,-11,-4,-9,-4,-7,-5,-5,-6,-3,-8,-1,-10,0,-13,1,-16,2,-20,1,27,-45,-22,0,-21,-1,-21,-3,-18,-4,-16,-5,-14,-5,0,0,-10,-3,-7,0,-6,1,-6,4,-6,6,-7,9,-87,11,-10,13,-11,13,-12,12,-11,11,-11,9,-10,8,-8,6,-6,6,-4,5,-2,5,0,6,1,7,3,9,37,0,3,14,3,16,2,18,0,19,-2,19,-3,16,-5,13,3,-15,-8,-16,-18,-8,-20,5,-11,16,2,19,13,11,5,-17,8,-10,-2,-10,-9,-3,-7,5,0,10,9,7,14,-1,9,-13,-2,-17,-14,-12,-20,0,-13,13,0,18,-10,13,14,0,7,-7,-1,-8,-6,-2,-4,6,3,9,0,0,13,-6,6,-16,-6,-18,-17,-10,-20,3,-13,16,-7,32,13,13,16,1,10,-8,0,-10,-5,-4,-4,1,0,5,6,2,6,-4,2,-9,-6,-10,-12,-3,-12,5,-2,24,4,13,11,6,12,-2,5,-8,-2,-8,-6,-2,-5,3]"
CSI_DATA,7481,d8:b1:90:d9:de:f0,-42,9,-99,-38,44,104,535619922,98,0,106,0,"[38,15,-26,15,-47,14,-36,15,-64,14,-37,15,-19,14,-38,15,52,15,-41,15,-126,15,-34,15,-20,15,-21,15,104,0,0,0,-48,0,25,0,40,1,50,0,73,1,60,0,37,1,51,0,-44,0,27,0,0,0,0,0,8,0,-57,15,-110,15,-98,15,60,15,-134,15,2,15,115,15,3,15,115,15,60,15,-133,15,-128,15,-93,15,-41,15,-48,15,44,0,4,0,129,0,49,0,-58,0,90,0,-6,0,105,0,-2,0]"
CSI_DATA,7482,d8:b1:90:d9:de:f0,-47,11,-99,-35,48,104,535828376,277,0,106,0,"[-15,9,57,0,22,0,-14,9,60,0,-64,9,-68,0,-78,9,-55,0,-71,9,-61,0,-58,9,64,0,-50,9,14,0,-71,9,-38,9,39,9,-75,9,-31,8,73,9,58,8,-53,9,24,8,-6,9,28,8,0,0,0,0,32,0,-64,8,34,0,-13,8,12,0,37,9,-14,9,74,9,-44,9,-47,9,-58,9,-33,9,-59,9,-19,9,-47,9,-1,9,-42,9,22,0,-39,9,62,0,-50,9,-47,0,-73,9,-4,0,73,9]"
CSI_DATA,7483,d8:b1:90:d9:de:f0,-46,9,-99,-32,47,104,535828848,130,0,106,0,"[-34,9,-56,9,-20,9,22,0,-15,9,-76,0,-17,9,-47,0,-25,9,-44,0,-19,9,-58,0,5,0,-76,0,53,0,66,0,-37,0,61,0,33,0,77,0,-73,0,-60,0,-54,0,-25,0,-77,0,1,0,0,0,0,0,8,0,-9,0,-23,0,-36,0,-53,0,76,0,-73,0,29,0,70,0,-13,9,58,0,-35,9,41,0,-43,9,18,0,-43,9,-8,9,-51,9,-46,9,-66,9,73,9,63,9,35,9,36,9,13,9]"
CSI_DATA,7484,d8:b1:90:d9:de:f0,-47,9,-99,-34,48,104,535828974,113,0,106,0,"[-11,8,-61,8,-27,8,12,0,-42,8,70,0,-54,8,-58,0,-60,8,-55,0,-51,8,-67,0,-22,8,75,0,23,0,-73,0,-61,0,-58,0,-2,0,-24,0,36,0,16,0,46,0,51,0,23,0,66,0,0,0,0,0,-38,0,35,0,-57,0,0,0,-74,0,-51,0,69,0,47,0,68,0,7,0,63,0,-18,8,48,0,-31,8,27,0,-38,8,4,0,-50,8,-26,8,-74,8,-59,8,44,8,62,8,11,8,44,8]"
CSI_DATA,7485,d8:b1:90:d9:de:f0,-45,9,-99,-37,47,104,536037728,130,0,106,0,"[61,10,88,0,83,10,35,0,86,10,-40,10,72,10,85,10,58,10,46,10,34,10,22,10,10,10,19,10,-4,10,40,10,0,10,-92,10,36,10,-14,10,-84,10,68,0,-15,10,-53,0,41,0,-11,0,0,0,0,0,-86,0,3,0,-84,0,-3,0,63,0,-21,0,-1,10,-48,0,-73,10,-78,0,48,10,83,0,10,10,60,0,-13,10,56,0,-22,10,50,0,-21,10,56,0,2,10,64,0,51,10,74,0,-54,10]"
CSI_DATA,7486,d8:b1:90:d9:de:f0,-47,11,-99,-39,49,104,536246173,277,0,106,0,"[63,9,-7,0,-72,9,-56,0,-78,9,31,0,61,9,-28,9,46,9,-71,9,27,9,59,9,9,9,50,9,-2,8,59,9,0,9,-61,9,24,9,0,0,60,9,66,0,-55,9,-30,0,-19,9,5,0,0,0,0,0,19,0,53,0,13,0,44,0,-9,9,24,0,-44,9,-15,0,71,9,-71,0,42,9,33,0,25,9,-11,9,19,9,-38,9,14,9,-57,9,12,9,-64,9,19,9,-53,9,41,9,-25,9,-72,9]"
CSI_DATA,7487,d8:b1:90:d9:de:f0,-47,9,-99,-42,50,104,536246654,113,0,106,0,"[-7,0,-65,0,-58,0,61,0,23,0,62,0,-35,8,-71,0,-75,8,-50,0,54,8,-24,0,53,8,2,0,64,8,19,0,-42,8,17,0,22,0,-13,0,-64,0,-63,0,-14,0,33,0,14,0,-17,8,0,0,0,0,41,0,75,8,29,0,-72,8,13,0,-50,8,-18,0,-8,8,-55,0,41,0,63,0,-65,0,32,0,-30,0,16,0,-13,0,5,0,-1,0,7,0,2,0,18,0,-5,0,38,0,-40,0,53,0]"
CSI_DATA,7488,d8:b1:90:d9:de:f0,-45,9,-99,-36,46,104,536278689,214,0,106,0,"[-101,0,-47,0,55,0,-75,0,-10,11,-79,0,-62,11,-66,0,-92,11,-41,0,100,11,-23,0,-92,11,1,0,-58,11,15,0,2,0,-14,0,71,0,-77,0,-72,0,38,0,-38,0,-54,11,-26,0,78,11,0,0,0,0,-49,0,0,11,-54,0,2,11,-54,0,32,11,-45,0,88,11,-31,0,-42,11,-16,0,16,0,-7,0,57,0,-5,0,68,0,-3,0,72,0,0,0,55,0,-13,0,23,0,-60,0,-21,11,69,0]"
CSI_DATA,7489,d8:b1:90:d9:de:f0,-45,9,-99,-34,46,104,536279442,214,0,106,0,"[13,11,5,0,56,11,-24,11,-91,11,-77,11,-62,11,63,11,-46,11,25,11,-41,11,2,11,-49,11,-11,10,-68,11,-3,10,-92,11,38,11,80,11,-77,11,67,11,15,0,65,11,-89,0,68,11,-30,0,0,0,0,0,83,11,22,0,71,11,15,0,60,11,-14,0,39,11,-80,0,25,11,39,0,17,11,-29,11,22,11,-77,11,23,11,87,11,29,11,76,11,32,11,77,11,38,11,-92,11,62,11,-43,11,-83,11]"
CSI_DATA,7490,d8:b1:90:d9:de:f0,-49,9,-99,-33,49,104,536455517,130,0,106,0,"[-9,0,39,0,-27,0,-50,0,-33,0,-17,0,-34,0,-5,0,-32,0,-12,0,-39,0,-31,0,-47,0,-64,0,56,0,19,0,6,0,-34,7,-54,7,47,7,13,7,23,7,-28,7,21,7,-37,7,31,7,0,0,0,0,2,7,-58,7,49,7,-63,7,-31,7,53,7,16,0,26,7,49,0,0,7,57,0,-8,7,48,0,-2,7,30,0,14,7,10,0,41,7,-9,7,-56,7,-20,7,-12,7,-22,7,34,0,-8,7]"
CSI_DATA,7491,d8:b1:90:d9:de:f0,-46,11,-99,-35,48,104,536503698,100,0,114,0,"[-5,19,-7,20,-10,20,-11,20,-13,20,-13,19,-13,17,-14,15,-12,15,-12,14,-12,13,-12,13,-12,12,-13,13,-13,13,-13,13,-14,14,-15,14,-15,14,-16,14,-16,14,-15,14,-15,14,-15,12,-15,12,-15,11,-15,11,-15,10,0,0,-15,10,-15,9,-15,9,-15,9,-16,8,-16,8,-15,7,-15,8,-15,7,-15,7,-14,6,-13,6,-12,6,-11,5,-11,4,-11,4,-10,4,-11,4,-11,4,-11,4,-11,4,-12,4,-11,4,-12,3,-12,2,-12,2,-11,1,-10,0]"
CSI_DATA,7492,d8:b1:90:d9:de:f0,-50,9,-99,-40,52,104,536504668,98,0,106,0,"[52,0,-17,0,15,0,2,0,-13,6,18,0,-24,6,20,0,-25,6,13,0,-17,6,-8,0,-2,6,-37,0,17,0,29,0,39,0,-33,6,54,0,12,6,56,0,-40,6,48,0,52,6,35,0,-55,6,0,0,0,0,15,0,-2,6,26,0,54,6,45,0,-7,6,-48,0,41,0,-33,0,-42,0,-27,0,-32,0,-31,0,-41,0,-46,0,55,0,49,0,31,0,25,0,5,0,-8,6,-22,6,-43,6,-40,6,37,6]"
CSI_DATA,7493,d8:b1:90:d9:de:f0,-48,9,-99,-34,49,104,536524474,98,0,106,0,"[-52,7,33,7,0,0,6,7,39,0,-10,7,58,0,-13,7,62,0,-6,7,49,0,10,7,17,0,31,7,-30,7,59,7,44,7,-39,7,-16,7,2,0,-57,7,40,0,61,7,59,0,-58,7,55,0,0,0,0,0,15,7,26,0,58,7,-10,7,-27,7,-48,7,16,0,48,7,45,0,24,7,53,0,23,7,43,0,38,7,21,0,58,7,-11,7,-54,7,-45,7,-29,7,52,7,1,0,19,7,32,0,13,7]"
CSI_DATA,7494,d8:b1:90:d9:de:f0,-43,11,-99,-37,45,104,536872869,277,0,106,0,"[-75,13,-88,0,-92,13,-38,0,-90,13,-44,0,-78,13,-93,0,-53,13,72,0,-24,13,-10,13,8,0,-105,13,62,0,22,13,-116,0,-55,12,-84,0,-109,12,-83,0,-110,12,-106,0,-65,12,78,0,11,13,0,0,0,0,-40,13,-66,13,-99,13,0,0,90,13,61,0,72,13,90,0,87,13,82,0,-101,13,55,0,-37,13,11,0,21,0,-25,13,85,0,-66,13,-89,0,-103,13,-37,0,88,13,-16,0,58,13,-53,0]"
CSI_DATA,7495,d8:b1:90:d9:de:f0,-43,9,-99,-39,45,104,536873323,130,0,106,0,"[-72,0,20,0,-14,0,15,0,-22,0,10,0,-72,0,9,0,95,0,17,0,1,0,28,0,-105,14,36,0,16,14,42,0,-89,13,52,0,90,13,55,0,99,13,59,0,-91,13,61,0,3,14,56,0,0,0,0,0,-27,14,79,0,68,0,76,0,-96,0,71,0,-59,0,61,0,-73,0,50,0,117,0,37,0,39,0,19,0,-37,14,1,0,-116,14,-9,14,58,14,-12,14,-13,13,-10,14,-52,13,6,0,-30,13]"
CSI_DATA,7496,d8:b1:90:d9:de:f0,-44,9,-99,-37,45,104,536873431,113,0,106,0,"[-110,13,-108,0,101,13,-62,0,112,13,-66,0,-97,13,-106,0,-64,13,61,0,-26,13,-13,13,22,0,-103,13,71,0,32,13,-112,0,-56,12,-90,0,-107,12,-92,0,-115,12,106,0,-66,12,65,0,6,13,0,0,0,0,-55,13,-58,13,-96,13,22,0,105,13,89,0,98,13,-110,0,113,13,-116,0,-83,13,80,0,-35,13,26,0,11,0,-33,13,55,0,-92,13,91,0,79,13,115,0,18,13,113,0,-15,12,68,0]"
CSI_DATA,7497,d8:b1:90:d9:de:f0,-43,9,-99,-37,45,104,536873585,130,0,106,0,"[9,0,-66,0,13,0,-16,0,10,0,-21,0,-4,13,-75,0,-13,13,79,0,-11,13,-8,13,7,0,-111,13,49,0,19,13,97,0,-76,12,-90,0,110,12,-71,0,-112,12,-89,0,-62,12,104,0,12,13,0,0,0,0,-37,13,-91,13,-106,13,-40,13,69,13,-13,13,48,13,2,0,66,13,3,0,-110,13,-2,13,-34,13,-1,13,39,0,7,0,114,0,23,0,-52,0,47,0,7,0,71,0,48,0,70,0,30,0]"
CSI_DATA,7498,d8:b1:90:d9:de:f0,-40,11,-99,-37,42,104,537290667,277,0,106,0,"[-3,18,-5,19,-57,18,27,0,-38,18,45,0,38,19,37,0,126,19,-6,19,-121,19,-73,19,-42,19,-161,19,10,0,68,19,54,0,-34,18,66,0,-86,18,37,0,-79,18,14,0,1,19,1,0,134,19,0,0,0,0,32,0,73,0,99,0,-126,0,-165,0,-46,0,-126,0,-18,0,-136,0,-40,0,133,0,-98,0,49,0,163,0,-45,19,120,0,-134,19,93,0,98,19,102,0,22,19,130,0,-1,18,161,0,57,19]"
CSI_DATA,7499,d8:b1:90:d9:de:f0,-41,9,-99,-36,42,104,537291166,108,0,106,0,"[80,0,8,18,75,0,-44,17,66,0,-16,17,69,0,57,18,83,0,157,18,95,0,-50,18,134,0,66,0,-151,0,-129,0,-110,0,-30,0,-91,0,26,1,-108,0,13,1,-143,0,-67,0,118,0,147,0,0,0,0,0,-37,18,-76,18,-123,18,139,18,124,18,64,18,95,18,33,18,122,18,52,18,-125,18,107,18,-35,18,-144,18,54,0,-88,18,149,0,-35,18,-78,0,-7,18,6,1,2,0,44,1,-13,18,7,1]"
CSI_DATA,7500,d8:b1:90:d9:de:f0,-40,9,-99,-37,42,104,537291319,130,0,106,0,"[-24,0,121,0,42,1,99,0,24,1,66,0,-45,0,44,0,-138,0,53,0,107,0,95,0,22,0,161,0,-49,19,-71,0,-94,19,24,1,-89,19,86,1,-54,19,71,1,-12,19,-6,0,7,0,-137,0,0,0,0,0,-40,19,-73,19,-119,19,146,19,129,19,79,19,75,19,63,19,81,19,93,19,145,19,145,19,-94,19,-141,19,3,0,-128,19,95,0,-136,19,-156,0,154,19,-102,0,91,19,-103,0,37,19,151,0]"
CSI_DATA,7501,d8:b1:90:d9:de:f0,-41,9,-99,-38,43,104,537291427,98,0,106,0,"[47,17,-134,0,36,17,-68,0,74,17,-60,0,128,17,-104,0,-142,17,120,0,-124,17,33,0,-134,17,-68,17,128,17,130,17,70,17,58,17,22,17,33,17,13,17,70,17,58,17,139,17,148,17,-86,17,0,0,0,0,83,0,7,0,-103,0,-8,17,-5,0,-43,17,27,1,-77,17,-3,0,-93,17,-71,0,-65,17,-147,0,-11,17,97,0,55,0,67,0,139,0,70,0,-80,0,103,0,-14,0,-150,0,2,1,-117,0]"
CSI_DATA,7502,d8:b1:90:d9:de:f0,-40,9,-99,-37,42,104,537291577,113,0,106,0,"[22,0,0,19,-20,19,-59,18,-55,19,-31,18,-51,19,45,19,-18,19,129,19,51,0,-132,19,145,0,-79,19,-76,0,-51,19,28,1,-54,19,84,1,-84,19,57,1,-114,19,-29,0,-128,19,-161,0,-91,19,0,0,0,0,-41,19,67,0,-107,19,-137,0,-124,19,-31,0,-106,19,19,1,-80,19,5,1,-59,19,-73,0,-71,19,154,0,-106,19,63,0,-164,19,-3,19,85,19,-45,19,1,19,-49,19,-40,18,-11,19,3,19]"
CSI_DATA,7503,d8:b1:90:d9:de:f0,-41,9,-99,-38,43,104,537291704,98,0,106,0,"[26,0,-3,16,-16,17,-48,16,-54,17,-22,16,-53,17,46,17,-22,17,120,17,43,0,-117,17,130,0,-73,17,-64,0,-54,17,27,1,-68,17,68,1,-99,17,46,1,-133,17,-39,0,-137,17,148,0,-96,17,0,0,0,0,-45,17,66,0,-84,17,-114,0,-87,17,-19,0,-62,17,32,1,-36,17,11,1,-24,17,-62,0,-45,17,146,0,-89,17,66,0,-149,17,11,0,73,17,-8,17,-3,16,2,0,-30,16,48,0,15,17]"
CSI_DATA,7504,d8:b1:90:d9:de:f0,-42,11,-99,-37,44,104,537503741,100,0,228,0,"[-8,-8,-12,-9,-15,-11,-18,-14,-18,-17,-18,-19,-17,-20,127,76,-13,-19,-11,-18,-10,-15,-9,-13,-9,-10,-9,-8,-11,-5,-12,-1,-15,2,-18,4,-21,6,-24,7,-27,7,36,-60,-29,5,-27,4,-26,2,-22,1,-19,0,-15,0,0,0,-8,3,-4,5,-1,9,1,13,2,16,2,20,8,0,1,25,0,27,-1,25,-1,24,-2,21,-2,19,-1,16,0,13,2,11,4,9,6,7,9,6,12,6,-125,0,18,8,20,10,21,12,20,14,18,16,15,15,11,15,10,-18,-4,-23,-18,-16,-24,0,-17,14,-3,20,9,12,-3,-20,6,-8,-4,-6,-9,2,-4,11,7,12,17,4,18,-10,6,-22,-12,-23,-25,-9,-25,12,-10,24,9,23,-8,16,17,-8,3,-15,-10,-9,-12,5,-3,14,11,13,0,0,15,-16,0,-24,-18,-20,-27,-3,-22,16,-5,26,15,46,21,6,16,-9,4,-13,-6,-8,-5,2,1,6,8,2,8,-6,1,-13,-10,-11,-18,-2,-15,11,-4,20,26,25,20,7,18,-8,7,-17,-6,-14,-12,-4,-8,6,1,9]"
CSI_DATA,7505,d8:b1:90:d9:de:f0,-41,9,-99,-34,42,104,537708909,130,0,106,0,"[85,17,47,0,-4,16,55,0,-32,16,92,0,-4,16,117,0,48,17,114,0,96,17,76,0,139,17,7,0,-152,17,-93,17,128,17,91,17,78,17,9,17,30,17,-20,16,11,17,17,17,51,17,86,17,0,0,0,0,-101,17,-105,17,21,0,-121,17,125,0,127,17,-115,0,67,17,-106,0,28,17,-137,0,36,17,124,0,86,17,105,0,150,17,110,0,-67,17,-149,0,5,0,-68,0,64,0,17,1,74,0,60,1]"
CSI_DATA,7506,d8:b1:90:d9:de:f0,-42,9,-99,-36,43,104,537709080,130,0,106,0,"[-95,16,-107,0,-136,16,-40,0,-124,16,5,1,-92,16,2,1,-61,16,-39,0,-56,16,-96,0,-86,16,125,0,134,16,61,0,39,16,21,0,-50,15,8,0,-94,15,38,0,-80,15,77,0,-13,15,90,0,0,0,0,0,-131,16,19,0,-89,16,-76,16,-74,16,108,16,-96,16,25,16,-124,16,1,16,-136,16,29,16,-118,16,85,16,-71,16,136,16,-5,16,-117,16,74,0,-122,16,-135,0,123,16,-93,0,57,16,-122,0]"
CSI_DATA,7507,d8:b1:90:d9:de:f0,-41,9,-99,-37,43,104,537752822,224,0,106,0,"[98,17,-21,17,11,17,-32,17,-32,16,11,0,-18,16,56,0,26,17,86,0,79,17,70,0,112,17,20,0,107,17,-57,17,61,17,-142,17,-10,16,112,17,-72,16,129,17,-86,16,-102,17,-28,16,-42,17,0,0,0,0,-128,17,-5,17,-47,17,-86,17,-17,17,112,17,-25,17,15,17,-65,17,-21,16,-97,17,3,17,-99,17,61,17,-70,17,113,17,-25,17,145,17,36,0,129,17,88,0,72,17,92,0,2,17,33,0]"
CSI_DATA,7508,d8:b1:90:d9:de:f0,-41,9,-99,-37,43,104,537764676,98,0,106,0,"[105,17,-2,17,24,17,-36,17,-19,16,-33,17,-13,16,-16,17,17,17,-1,17,73,17,-16,17,125,17,-63,17,-129,17,146,17,-92,17,46,17,-91,17,-48,16,-115,17,-93,16,-146,17,-77,16,-145,17,-6,16,0,0,0,0,-63,17,-127,17,43,0,-70,17,-137,0,-47,17,-41,0,-49,17,1,1,-70,17,-10,0,-79,17,-56,0,-68,17,-107,0,-36,17,-145,0,24,0,137,0,92,0,-137,0,-116,0,-95,0,-62,0,-38,0]"
CSI_DATA,7509,d8:b1:90:d9:de:f0,-43,11,-99,-43,46,104,538126261,277,0,106,0,"[-20,14,-70,0,-19,14,30,0,6,0,71,0,26,0,57,0,30,0,4,0,16,0,-53,0,-25,14,118,0,-88,14,34,0,75,14,-46,14,-9,13,-94,14,-51,13,-105,14,-46,13,-78,14,12,14,-36,14,0,0,0,0,-47,14,39,0,76,0,42,0,-55,0,25,0,22,0,-8,14,43,0,-35,14,10,0,-45,14,-53,0,-35,14,123,0,0,14,57,0,40,0,-1,14,106,0,-43,14,-62,0,-42,14,7,0,-4,14]"
CSI_DATA,7510,d8:b1:90:d9:de:f0,-43,9,-99,-40,45,104,538126724,281,0,106,0,"[9,0,-78,0,14,0,21,1,38,0,64,1,58,0,51,1,57,0,7,1,32,0,-53,0,-19,15,-119,0,-93,15,70,0,69,15,12,0,-18,14,-22,15,-65,14,-29,15,-58,14,-10,15,9,15,11,0,0,0,0,0,-48,15,25,0,67,0,-13,15,-87,0,-76,15,-23,0,125,15,-6,0,94,15,-36,0,102,15,-88,0,-117,15,122,0,-63,15,85,0,6,0,75,0,90,0,86,0,-83,0,114,0,-25,0,-102,0]"
CSI_DATA,7511,d8:b1:90:d9:de:f0,-41,9,-99,-36,42,104,538178462,101,0,106,0,"[-62,0,-104,18,28,1,-127,18,44,1,-151,18,0,1,-148,18,-65,0,-112,18,-151,0,-59,18,81,0,15,0,-13,18,130,0,-98,18,-76,0,-154,18,22,1,-159,18,60,1,-139,18,33,1,-104,18,-57,0,0,0,0,0,-64,18,26,0,-75,18,-110,18,-104,18,84,18,-128,18,8,18,-128,18,0,18,-98,18,46,18,-50,18,124,18,13,0,-122,18,81,0,-49,18,-153,0,12,0,-65,0,61,0,7,1,70,0,16,1]"
CSI_DATA,7512,d8:b1:90:d9:de:f0,-43,9,-99,-35,44,104,538335614,98,0,106,0,"[-80,0,116,14,-15,0,76,14,1,0,53,14,-28,0,59,14,-67,0,87,14,-103,0,-98,14,102,0,-23,14,70,0,73,0,45,0,-65,0,37,0,25,0,48,0,66,0,56,0,53,0,50,0,-4,0,0,0,0,0,1,0,56,0,-64,14,-35,14,102,14,-108,14,39,14,97,14,17,14,88,14,36,14,104,14,90,14,-107,14,-90,14,-78,14,-7,14,-60,14,73,0,-65,14,-88,0,-91,14,-28,0,-120,14,-32,0]"
CSI_DATA,7513,d8:b1:90:d9:de:f0,-42,9,-99,-38,44,104,538335719,130,0,106,0,"[57,15,83,0,-27,14,111,0,-50,14,128,0,-19,14,133,0,29,15,108,0,87,15,66,0,-115,15,-3,15,-51,15,-95,15,0,0,67,15,33,0,-28,14,28,0,-76,14,12,0,-66,14,2,0,7,15,0,0,0,0,14,0,-60,15,63,0,48,0,-135,0,-126,0,-77,0,-67,0,-51,0,-55,0,-69,0,-82,0,-121,0,-130,0,80,0,97,0,0,0,66,0,-93,15,52,0,81,15,62,0,14,15,94,0,12,15]"
CSI_DATA,7514,d8:b1:90:d9:de:f0,-40,11,-99,-35,42,104,538504017,100,0,114,0,"[20,-24,25,-24,30,-24,31,-22,34,-22,35,-20,34,-17,34,-15,30,-14,30,-13,29,-13,29,-12,30,-12,31,-12,31,-12,34,-13,34,-13,36,-12,39,-13,39,-13,37,-12,39,-12,37,-12,37,-12,36,-9,35,-8,36,-8,36,-7,0,0,34,-6,35,-6,36,-6,36,-4,35,-4,36,-3,36,-3,36,-3,35,-3,35,-3,33,-2,31,-2,30,-2,29,-2,28,-2,28,-1,26,-1,26,-1,28,-1,28,-1,30,-1,31,0,30,1,33,2,33,3,31,4,29,6,25,7]"
CSI_DATA,7515,d8:b1:90:d9:de:f0,-42,11,-99,-35,43,104,538544059,277,0,106,0,"[-117,16,81,16,113,16,18,16,80,16,14,16,80,16,53,16,118,16,106,16,-92,16,-138,16,-2,16,-111,16,103,0,-114,16,-64,0,134,16,11,1,83,16,23,1,42,16,-22,0,37,16,-95,0,80,16,0,0,0,0,55,0,-30,16,39,0,85,0,52,0,-80,0,77,0,-14,0,99,0,0,1,91,0,-37,0,61,0,-98,0,8,0,126,0,-64,16,90,0,133,16,79,0,50,16,95,0,-9,15,-139,0,15,16]"
CSI_DATA,7516,d8:b1:90:d9:de:f0,-41,9,-99,-38,43,104,538544549,108,0,106,0,"[-120,0,144,17,-66,0,76,17,-76,0,36,17,-116,0,45,17,140,0,90,17,112,0,-137,17,111,0,-41,17,-148,0,60,0,-73,0,-148,0,1,1,-97,0,54,1,-104,0,48,1,-149,0,-24,0,90,0,0,0,0,0,64,0,36,0,-57,17,89,0,-146,17,-149,0,114,17,-79,0,116,17,-45,0,-150,17,-70,0,-114,17,-130,0,-102,17,91,0,-115,17,15,0,139,17,-59,17,60,17,-108,17,-13,16,-111,17,-40,16]"
CSI_DATA,7517,d8:b1:90:d9:de:f0,-40,9,-99,-37,42,104,538562974,98,0,106,0,"[-76,0,-16,19,25,1,-27,19,46,1,-59,19,3,1,-71,19,-59,0,-55,19,-142,0,-14,19,110,0,64,0,41,0,-147,0,-5,19,-12,0,-7,19,85,1,12,0,121,1,49,0,82,1,57,0,-24,0,0,0,0,0,-9,19,57,0,-106,19,-58,19,126,19,-136,19,40,19,152,19,18,19,163,19,57,19,-139,19,143,19,-117,19,-93,19,-114,19,0,0,-130,19,91,0,150,19,-160,0,72,19,-151,0,-7,18,130,0]"
CSI_DATA,7518,d8:b1:90:d9:de:f0,-40,9,-99,-37,42,104,538571786,98,0,106,0,"[94,19,76,0,1,19,99,0,-25,18,119,0,15,19,108,0,77,19,72,0,147,19,15,0,-110,19,-75,19,-38,19,139,19,24,0,14,19,54,0,-86,18,57,0,-119,18,36,0,-81,18,20,0,22,19,0,0,0,0,15,0,-50,19,59,0,90,0,114,0,-117,0,159,0,-40,0,-161,0,-22,0,137,0,-58,0,77,0,-125,0,-2,19,147,0,-85,19,99,0,137,19,71,0,32,19,64,0,-36,18,89,0,-29,18]"
CSI_DATA,7519,d8:b1:90:d9:de:f0,-42,9,-99,-36,43,104,538753456,252,0,106,0,"[59,16,-109,16,-23,15,-143,16,-56,15,-125,16,-37,15,-90,16,14,16,-65,16,80,16,-58,16,-125,16,-84,16,-41,16,142,16,26,0,56,16,59,0,-22,15,56,0,-61,15,22,0,-51,15,-3,16,28,16,0,0,0,0,15,0,-52,16,89,0,43,0,-113,0,113,0,-33,0,-143,0,0,1,132,0,-24,0,103,0,-88,0,83,0,127,0,78,0,56,0,98,0,-4,16,-138,0,-47,16,-67,0,-40,16,-2,0,7,0]"
CSI_DATA,7520,d8:b1:90:d9:de:f0,-42,9,-99,-36,43,104,538769702,98,0,106,0,"[-40,0,58,0,44,1,53,0,75,1,17,0,49,1,-14,16,-1,0,-35,16,-69,0,-29,16,-125,0,19,0,116,0,98,0,100,0,-87,0,116,0,-8,0,-134,0,29,1,-106,0,-6,0,-123,0,-87,0,0,0,0,0,31,0,49,0,-92,16,28,0,83,16,46,0,5,16,92,0,-6,15,141,0,38,16,-132,0,98,16,127,0,-142,16,79,0,-112,16,8,0,-131,16,-63,16,111,16,-123,16,43,16,-138,16,7,16]"
CSI_DATA,7521,d8:b1:90:d9:de:f0,-44,11,-99,-38,46,104,538961856,277,0,106,0,"[99,0,-77,0,-81,0,-13,0,-44,0,2,0,-36,0,-17,0,-53,0,-62,0,-90,0,106,0,60,0,74,0,-23,12,47,0,84,12,48,0,0,12,64,0,-42,11,98,0,-29,11,-90,0,22,12,-91,0,0,0,0,0,-47,12,40,0,5,0,-47,12,32,0,72,12,31,0,-5,11,14,0,-33,11,-7,12,-16,11,-19,12,39,12,-9,12,105,12,21,0,-43,12,76,0,8,0,-67,0,39,0,-1,0,33,0,23,0]"
CSI_DATA,7522,d8:b1:90:d9:de:f0,-44,9,-99,-36,45,104,538962355,98,0,106,0,"[65,13,81,0,-13,12,98,0,-45,12,-110,0,-32,12,113,0,9,13,92,0,67,13,70,0,-100,13,17,0,-22,13,-53,13,55,0,88,13,-111,0,12,13,-89,0,-35,12,-103,0,-39,12,94,0,3,13,0,0,0,0,24,0,-57,13,12,0,53,0,5,0,-70,0,17,0,8,0,31,0,40,0,35,0,17,0,26,0,-42,0,8,0,-114,0,-26,13,40,0,-76,13,-29,13,84,13,-89,13,22,13,-111,13,-9,12]"
CSI_DATA,7523,d8:b1:90:d9:de:f0,-42,9,-99,-36,43,104,539171209,130,0,106,0,"[-103,0,-105,16,-15,0,-125,16,13,1,-132,16,-6,0,-121,16,-63,0,-94,16,-131,0,-52,16,68,0,11,0,-33,16,93,0,-131,16,-98,0,75,16,-14,0,43,16,26,1,66,16,23,1,112,16,-37,0,0,0,0,0,-63,16,46,0,-23,16,-81,16,4,0,74,16,15,0,-14,15,14,0,-40,15,12,0,2,16,15,0,80,16,23,0,-115,16,47,0,-8,16,81,0,92,0,131,0,-100,0,-93,0,-34,0,-52,0]"
CSI_DATA,7524,d8:b1:90:d9:de:f0,-42,11,-99,-37,44,104,539379654,277,0,106,0,"[50,15,99,0,-17,14,125,0,-25,14,-117,0,6,15,-119,0,64,15,111,0,117,15,60,0,-90,15,-17,15,-40,15,-112,15,-4,15,37,15,15,0,-52,14,4,0,-84,14,-8,15,-59,14,-1,15,6,15,0,0,0,0,38,0,-66,15,99,0,22,0,-93,0,99,0,-40,0,-126,0,-30,0,-120,0,-59,0,127,0,-122,0,100,0,67,0,83,0,-15,15,76,0,-104,15,88,0,80,15,123,0,30,15,-93,0,51,15]"
CSI_DATA,7525,d8:b1:90:d9:de:f0,-42,9,-99,-34,43,104,539380098,130,0,106,0,"[-41,0,-98,15,12,1,129,15,6,1,85,15,-40,0,78,15,-100,0,99,15,127,0,-120,15,111,0,-45,15,130,0,50,0,-82,0,134,0,-14,0,-88,0,40,1,-94,0,46,1,130,0,-13,0,82,0,0,0,0,0,86,0,58,0,11,0,118,0,-37,15,-75,0,-45,15,-7,0,-26,15,16,1,1,0,-22,0,5,0,-86,0,-16,15,117,0,-62,15,66,0,-134,15,45,0,57,15,56,0,6,15,109,0,23,15]"
CSI_DATA,7526,d8:b1:90:d9:de:f0,-42,9,-99,-36,44,104,539380215,113,0,106,0,"[36,15,87,0,-29,14,118,0,-37,14,-112,0,6,15,-110,0,60,15,120,0,114,15,67,0,-90,15,-6,15,-54,15,-108,15,-37,15,40,15,-43,15,-43,14,-72,15,-80,14,-90,15,-63,14,-73,15,11,15,0,0,0,0,14,0,-77,15,102,0,-14,15,-70,0,24,0,1,1,32,0,21,1,26,0,-19,0,19,0,-89,0,17,0,95,0,38,0,26,0,72,0,-35,15,126,0,-79,15,-53,0,-83,15,15,1,-37,15]"
CSI_DATA,7527,d8:b1:90:d9:de:f0,-45,11,-99,-38,47,104,539503967,100,0,228,0,"[-5,2,-6,5,-8,8,-11,10,-13,11,-14,12,-14,12,92,55,-13,11,-11,10,-10,9,-8,8,-5,7,-2,5,0,5,2,3,6,1,10,0,13,0,17,-2,20,-2,26,-44,22,-2,22,-2,20,-2,18,-2,16,-1,13,0,0,0,5,0,2,0,-2,0,-5,0,-9,0,-13,0,37,11,-17,-2,-18,-2,-18,-2,-17,-2,-16,-1,-14,-1,-11,0,-8,0,-5,0,-2,2,0,2,2,4,5,5,71,0,11,8,11,11,13,12,14,14,12,14,11,14,8,12,-8,-14,-18,-5,-17,8,-7,18,6,17,14,7,11,-4,-11,3,-2,-5,-2,0,2,2,5,-2,1,-8,-6,-8,-14,-1,-12,10,-1,19,13,15,20,1,14,-13,0,-19,9,-14,-13,0,-5,8,2,5,4,0,-1,-5,-8,-1,0,0,0,14,12,11,19,-1,13,-15,-1,-22,-16,-14,-36,0,-12,13,0,15,8,8,8,0,2,-2,0,0,2,1,5,0,5,-5,0,-10,-8,-8,-14,0,-11,10,7,23,10,11,15,1,10,-8,0,-11,-5,-5,-5,1,0,2]"
CSI_DATA,7528,d8:b1:90:d9:de:f0,-42,11,-99,-34,43,104,539588552,277,0,106,0,"[87,0,44,15,96,0,-20,14,62,0,-55,14,29,0,-21,14,2,0,39,15,0,0,118,15,39,0,-75,15,111,0,0,0,-55,0,54,0,28,1,65,0,78,1,34,0,64,1,-5,15,-3,0,-29,15,0,0,0,0,80,0,32,0,22,0,126,0,-3,15,-51,0,11,0,18,1,38,0,33,1,62,0,-9,0,51,0,-85,0,11,0,108,0,-39,15,52,0,-121,15,22,0,58,15,24,0,7,15,66,0,8,15]"
CSI_DATA,7529,d8:b1:90:d9:de:f0,-42,9,-99,-35,43,104,539589042,98,0,106,0,"[-56,16,32,16,-71,16,-37,15,-86,16,-47,15,-93,16,-14,15,-75,16,46,16,-35,16,117,16,25,0,-86,16,117,0,-9,16,-50,0,52,0,40,1,86,0,82,1,82,0,62,1,62,0,-6,0,47,0,0,0,0,0,64,0,63,0,-40,16,123,0,-128,16,-85,0,102,16,-27,0,105,16,-10,0,129,16,-43,0,-113,16,-112,0,-86,16,82,0,-74,16,-7,16,-85,16,-100,16,-116,16,88,16,121,16,38,16,80,16]"
CSI_DATA,7530,d8:b1:90:d9:de:f0,-42,9,-99,-35,43,104,539797896,113,0,106,0,"[33,16,73,0,-41,15,86,0,-59,15,106,0,-25,15,110,0,38,16,98,0,103,16,63,0,-91,16,9,0,-3,16,-74,16,68,0,95,16,118,0,-2,15,121,0,-65,15,95,0,-69,15,71,0,-9,15,0,0,0,0,43,0,-82,16,90,0,30,0,-130,0,130,0,-68,0,-89,0,-35,0,-81,0,-52,0,-116,0,-112,0,105,0,95,0,58,0,6,0,23,0,-95,16,13,0,77,16,37,0,5,16,79,0,7,16]"
CSI_DATA,7531,d8:b1:90:d9:de:f0,-42,9,-99,-39,44,104,539798014,98,0,106,0,"[-41,0,113,0,14,1,-122,0,40,1,-117,0,11,1,-137,0,-33,0,114,0,-112,0,88,0,76,0,78,0,-40,16,85,0,112,16,109,0,13,16,-136,0,-35,15,-98,0,-29,15,-85,0,25,16,-112,0,0,0,0,0,-112,16,28,0,-70,16,-82,16,-51,16,87,16,-54,16,4,16,-65,16,-27,15,-71,16,7,16,-59,16,82,16,-25,16,-116,16,20,0,-33,16,92,0,31,0,-92,0,78,0,-14,0,82,0,19,1]"
CSI_DATA,7532,d8:b1:90:d9:de:f0,-43,11,-99,-38,45,104,540006350,277,0,106,0,"[80,14,63,0,-5,13,75,0,-37,13,87,0,-21,13,85,0,16,14,67,0,65,14,33,0,-112,14,-20,14,-37,14,-99,14,27,0,50,14,71,0,-33,13,84,0,-77,13,64,0,-75,13,35,0,-16,13,0,0,0,0,-29,14,-67,14,-28,14,48,0,-16,14,-76,0,11,0,0,0,36,0,24,0,41,0,-7,0,29,0,-67,0,2,0,108,0,-38,14,39,0,-98,14,-16,14,73,14,-65,14,10,14,-73,14,-6,13]"
CSI_DATA,7533,d8:b1:90:d9:de:f0,-44,9,-99,-39,46,104,540006813,130,0,106,0,"[64,12,21,0,-12,12,14,0,-45,12,21,0,-32,12,24,0,4,12,19,0,58,12,5,0,-103,12,-35,12,-28,12,-96,12,36,0,47,12,81,0,-21,12,97,0,-67,12,71,0,-67,12,36,0,-19,12,0,0,0,0,-26,12,-66,12,-24,12,47,0,0,12,-71,0,32,0,0,0,59,0,19,0,68,0,-9,0,50,0,-63,0,22,0,99,0,-25,12,46,0,-89,12,6,0,59,12,-13,12,2,12,-1,12,-6,12]"
CSI_DATA,7534,d8:b1:90:d9:de:f0,-44,9,-99,-37,45,104,540006957,108,0,106,0,"[-17,13,-63,0,-37,13,16,0,-32,13,53,0,-21,13,43,0,-16,13,-1,0,-25,13,-58,0,-53,13,99,0,-103,13,9,0,55,13,-69,13,-18,12,107,13,-66,12,91,13,-69,12,-111,13,-18,12,-67,13,0,0,0,0,-66,13,24,0,47,0,31,0,-70,0,13,0,10,0,-19,13,32,0,-55,13,-4,0,-62,13,-67,0,-51,13,105,0,-20,13,46,0,31,0,2,0,99,0,-20,13,-59,0,-7,13,6,0,36,0]"
CSI_DATA,7535,d8:b1:90:d9:de:f0,-44,9,-99,-39,46,104,540007119,130,0,106,0,"[-48,12,71,12,-60,12,-6,12,-80,12,-33,12,-85,12,-20,12,-76,12,14,12,-43,12,60,12,4,0,-109,12,83,0,-57,12,-45,0,-17,12,38,0,0,12,83,0,-11,12,73,0,-35,12,13,0,-52,12,0,0,0,0,49,0,-51,12,-49,12,-1,12,87,12,64,0,40,12,-95,0,34,12,-56,0,65,12,-60,0,108,12,-98,0,-77,12,66,0,-54,12,0,0,-54,12,-72,12,-77,12,77,12,106,12,37,12,65,12]"
CSI_DATA,7536,d8:b1:90:d9:de:f0,-44,9,-99,-39,46,104,540007290,98,0,106,0,"[64,12,-58,12,3,12,-102,12,-31,12,109,12,-19,12,-102,12,14,12,-88,12,71,12,-77,12,-81,12,-89,12,6,0,105,12,92,0,60,12,-60,0,10,12,-35,0,-21,12,-57,0,-29,12,-105,0,6,12,0,0,0,0,10,0,-64,12,-12,12,40,0,-9,12,-77,0,9,0,-2,0,29,0,23,0,45,0,0,0,33,0,-57,0,12,0,107,0,-31,12,52,0,-94,12,12,0,58,12,-3,12,1,12,6,0,-2,12]"
CSI_DATA,7537,d8:b1:90:d9:de:f0,-43,9,-99,-38,45,104,540215693,101,0,106,0,"[51,14,84,14,0,13,47,14,-27,13,55,14,-17,13,89,14,22,14,-120,14,76,14,-92,14,-87,14,-84,14,-2,14,-99,14,88,0,100,14,-87,0,51,14,-62,0,8,14,-79,0,1,14,-120,0,41,14,0,0,0,0,63,0,-57,14,86,0,37,0,-108,0,118,0,-54,0,-76,0,-25,0,-72,0,-35,0,-105,0,-78,0,91,0,102,0,60,0,37,0,48,0,-33,14,62,0,-95,14,101,0,-120,14,-91,0,-101,14]"
CSI_DATA,7538,d8:b1:90:d9:de:f0,-43,11,-99,-37,45,104,540424147,277,0,106,0,"[-40,13,69,13,-14,13,-19,12,-5,13,-63,12,0,0,-47,12,7,0,-11,12,21,0,61,13,45,0,-96,13,78,0,11,0,-114,0,-107,0,-77,0,-16,0,-53,0,36,0,-45,0,34,0,-77,0,-11,0,0,0,0,0,55,0,53,0,-31,13,-28,13,-115,13,-102,13,44,13,79,13,16,13,64,13,32,13,80,13,86,13,-117,13,-82,13,-75,13,-7,13,-41,13,81,0,-15,13,-62,0,0,0,5,0,-9,13,27,0]"
CSI_DATA,7539,d8:b1:90:d9:de:f0,-44,9,-99,-39,46,104,540424601,98,0,106,0,"[90,12,89,0,12,12,99,0,-24,12,109,0,-18,12,105,0,16,12,88,0,59,12,52,0,-101,12,2,0,-30,12,-68,12,41,0,71,12,95,0,-5,12,-104,0,-52,12,107,0,-53,12,81,0,-11,12,0,0,0,0,15,0,-73,12,0,0,32,0,-3,12,-81,0,9,0,0,0,22,0,30,0,28,0,7,0,21,0,-50,0,5,0,107,0,-24,12,36,0,-64,12,-33,12,100,12,-96,12,42,12,91,12,12,12]"
CSI_DATA,7540,d8:b1:90:d9:de:f0,-41,11,-99,-36,43,104,540503981,100,0,114,0,"[-30,3,-33,1,-35,-2,-35,-3,-37,-4,-37,-4,-34,-5,-33,-6,-32,-5,-30,-5,-29,-5,-30,-5,-31,-5,-30,-4,-31,-4,-32,-4,-33,-4,-35,-4,-37,-4,-37,-4,-37,-3,-38,-2,-37,-2,-35,-1,-34,-2,-34,-2,-33,-2,-33,-2,0,0,-32,-1,-31,-1,-32,-2,-33,-1,-33,-1,-33,0,-33,0,-33,1,-32,1,-32,1,-32,2,-28,2,-26,2,-25,3,-25,3,-25,2,-24,3,-25,4,-25,5,-25,4,-26,5,-28,5,-28,4,-30,3,-30,3,-30,2,-28,1,-25,0]"
CSI_DATA,7541,d8:b1:90:d9:de:f0,-42,11,-99,-37,44,104,540633046,277,0,106,0,"[88,0,91,15,-129,0,15,15,-130,0,-20,14,102,0,-5,14,71,0,42,15,52,0,116,15,49,0,-47,15,74,0,63,0,123,0,-84,0,-81,0,-1,0,-30,0,26,1,-11,0,-7,0,-46,0,-76,0,0,0,0,0,54,0,47,0,-65,15,20,0,82,15,14,0,0,15,34,0,-26,14,63,0,16,15,74,0,93,15,60,0,-94,15,27,0,-19,15,-30,15,41,0,-109,15,72,0,57,15,64,0,-28,14,6,0]"
CSI_DATA,7542,d8:b1:90:d9:de:f0,-42,9,-99,-35,43,104,540633518,98,0,106,0,"[-76,0,28,0,9,1,74,0,39,1,86,0,16,1,79,0,-40,0,71,0,-122,0,69,0,54,0,64,0,-78,16,67,0,57,16,74,0,-51,15,88,0,-104,15,109,0,-83,15,104,0,-13,15,79,0,0,0,0,0,-81,16,7,0,30,0,-65,16,128,0,135,16,-82,0,76,16,-57,0,61,16,-80,0,88,16,-133,0,-133,16,94,0,-57,16,30,0,23,0,-14,16,119,0,-52,16,-54,0,-59,16,26,1,-25,16]"
CSI_DATA,7543,d8:b1:90:d9:de:f0,-42,9,-99,-37,44,104,540633632,130,0,106,0,"[-84,0,-67,15,1,1,-73,15,36,1,-86,15,12,1,-81,15,-41,0,-56,15,-111,0,-26,15,63,0,22,0,-32,15,88,0,127,15,-92,0,49,15,-23,0,23,15,11,1,40,15,5,1,82,15,-45,0,0,0,0,0,-54,15,48,0,-8,15,-69,15,29,0,85,15,43,0,7,15,48,0,-20,14,43,0,12,15,29,0,86,15,31,0,-91,15,36,0,2,0,57,0,101,0,92,0,-63,0,-125,0,-1,0,-82,0]"
CSI_DATA,7544,d8:b1:90:d9:de:f0,-42,9,-99,-35,43,104,540633767,98,0,106,0,"[-131,16,-119,0,68,16,-66,0,41,16,-43,0,64,16,-58,0,100,16,-106,0,-133,16,105,0,-80,16,18,0,-26,16,-101,16,27,0,49,16,59,0,-58,15,66,0,-112,15,59,0,-98,15,44,0,-21,15,0,0,0,0,23,0,-78,16,46,0,52,0,87,0,-103,0,119,0,-22,0,133,0,1,1,114,0,-30,0,80,0,-99,0,31,0,105,0,-32,16,23,0,-111,16,-43,16,74,16,-109,16,-7,15,-133,16,-37,15]"
CSI_DATA,7545,d8:b1:90:d9:de:f0,-42,9,-99,-37,44,104,540651237,98,0,106,0,"[7,0,-73,0,-10,15,13,1,-6,15,44,1,2,0,22,1,0,0,-32,0,-11,15,-113,0,-36,15,53,0,-76,15,-67,15,-131,15,76,15,82,15,-17,14,46,15,-53,14,48,15,-31,14,87,15,25,15,0,0,0,0,-42,15,-64,15,58,0,6,0,-96,0,61,0,-17,0,87,0,3,1,90,0,-27,0,79,0,-96,0,55,0,84,0,39,0,-15,15,31,0,-115,15,43,0,50,15,73,0,-12,14,111,0,-13,14]"
CSI_DATA,7546,d8:b1:90:d9:de:f0,-42,9,-99,-35,43,104,540682176,130,0,106,0,"[-127,16,-107,0,75,16,-64,0,49,16,-43,0,66,16,-62,0,107,16,-109,0,-126,16,97,0,-74,16,5,0,-16,16,-106,16,33,0,42,16,68,0,-65,15,78,0,-121,15,66,0,-113,15,51,0,-34,15,0,0,0,0,25,0,-93,16,50,0,33,0,80,0,-134,0,114,0,-53,0,125,0,-25,0,111,0,-58,0,73,0,-129,0,21,0,78,0,-39,16,7,0,-117,16,-57,16,73,16,-105,16,-6,15,-125,16,-32,15]"
CSI_DATA,7547,d8:b1:90:d9:de:f0,-42,9,-99,-34,43,104,540842434,212,0,106,0,"[-108,15,-82,0,111,15,-23,0,103,15,7,1,127,15,-6,0,-109,15,-48,0,-81,15,-117,0,-75,15,57,0,-84,15,-62,15,-124,15,87,15,95,15,-4,14,50,15,-45,14,36,15,-16,14,61,15,43,15,0,0,0,0,-51,15,-88,15,66,0,-54,15,-92,0,-46,15,-3,0,-56,15,23,1,-78,15,-8,0,-81,15,-79,0,-61,15,116,0,-27,15,44,0,32,0,-8,15,118,0,-45,15,-51,0,-30,15,34,1,22,0]"
CSI_DATA,7548,d8:b1:90:d9:de:f0,-41,9,-99,-38,43,104,540842620,212,0,106,0,"[137,0,-121,0,-117,0,-39,0,-80,0,-26,0,-84,0,-57,0,-115,0,-106,0,127,0,140,0,32,0,98,0,-86,17,72,0,76,17,70,0,-35,16,92,0,-89,16,135,0,-71,16,-142,0,7,17,142,0,0,0,0,0,-108,17,30,0,-41,17,-87,17,-8,17,98,17,-1,17,1,17,-21,17,-30,16,-32,17,3,17,-33,17,86,17,-7,17,-130,17,36,0,-43,17,118,0,30,0,-84,0,83,0,13,1,83,0,53,1]"
CSI_DATA,7549,d8:b1:90:d9:de:f0,-42,9,-99,-38,44,104,540842761,212,0,106,0,"[120,0,-96,0,-109,0,-27,0,-73,0,-13,0,-76,0,-47,0,-98,0,-92,0,114,0,127,0,31,0,87,0,-84,15,65,0,62,15,72,0,-33,14,99,0,-81,14,-135,0,-65,14,-108,0,6,15,-124,0,0,0,0,0,-94,15,36,0,-42,15,-75,15,-23,15,86,15,-29,15,-5,14,-44,15,-36,14,-56,15,3,15,-47,15,79,15,-21,15,-118,15,30,0,-44,15,111,0,11,0,-60,0,42,0,28,1,28,0,50,1]"
CSI_DATA,7550,d8:b1:90:d9:de:f0,-41,9,-99,-37,43,104,540842956,212,0,106,0,"[-102,17,-92,0,144,17,-8,0,-144,17,31,1,-113,17,21,1,-75,17,-38,0,-57,17,-108,0,-65,17,80,0,-109,17,-38,17,108,17,143,17,15,17,69,17,-42,16,55,17,-60,16,95,17,0,17,-142,17,0,0,0,0,-91,17,-60,17,33,0,-85,17,-143,0,-147,17,-77,0,86,17,-69,0,48,17,-108,0,60,17,129,0,116,17,84,0,-103,17,60,0,-5,17,69,0,103,0,114,0,-90,0,-98,0,-27,0,-30,0]"
CSI_DATA,7551,d8:b1:90:d9:de:f0,-42,9,-99,-35,43,104,540843133,212,0,106,0,"[39,0,67,16,54,0,-9,15,35,0,-44,15,5,0,-19,15,-9,16,28,16,-1,16,104,16,32,0,-89,16,109,0,3,0,-70,0,73,0,28,1,102,0,94,1,95,0,92,1,52,0,29,1,17,0,0,0,0,0,100,0,16,0,-2,16,85,0,-70,16,-101,0,-104,16,-18,0,-93,16,18,1,-64,16,-10,0,-38,16,-78,0,-27,16,117,0,-43,16,28,0,-97,16,-51,16,93,16,-113,16,6,16,-128,16,-43,15]"
CSI_DATA,7552,d8:b1:90:d9:de:f0,-41,9,-99,-34,42,104,540843292,212,0,106,0,"[70,17,-8,17,-21,16,-16,17,-54,16,9,0,-24,16,48,0,39,17,61,0,114,17,35,0,-104,17,-14,17,-20,17,-114,17,36,0,61,17,38,0,-55,16,8,0,-115,16,-39,17,-95,16,-52,17,-21,16,0,0,0,0,-5,17,-112,17,91,0,-20,17,-90,0,19,0,0,1,29,0,28,1,5,0,-3,0,-21,17,-80,0,-28,17,135,0,-11,17,46,0,34,0,-17,17,120,0,-49,17,-71,0,-39,17,26,1,43,0]"
CSI_DATA,7553,d8:b1:90:d9:de:f0,-42,9,-99,-35,43,104,540843433,212,0,106,0,"[-88,16,-81,0,134,16,-17,0,117,16,7,1,129,16,-14,0,-128,16,-65,0,-102,16,-138,0,-85,16,45,0,-74,16,-79,16,-70,16,74,16,-78,16,-39,15,-93,16,-92,15,-98,16,-82,15,-83,16,-14,15,0,0,0,0,8,0,-103,16,87,0,-10,16,-104,0,76,0,-31,0,129,0,-4,0,-135,0,-32,0,129,0,-94,0,99,0,97,0,70,0,2,0,51,0,-100,16,52,0,71,16,74,0,-2,15,114,0,-14,15]"
CSI_DATA,7554,d8:b1:90:d9:de:f0,-41,9,-99,-34,42,104,540843583,212,0,106,0,"[-96,17,89,17,-108,17,-2,16,-120,17,-32,16,-115,17,-7,16,-95,17,46,17,-47,17,116,17,20,0,-103,17,115,0,-8,17,-71,0,76,0,28,1,137,0,83,1,-144,0,80,1,146,0,2,1,118,0,0,0,0,0,91,0,64,0,-47,17,84,0,129,17,117,0,40,17,-152,0,8,17,-136,0,39,17,148,0,105,17,103,0,-124,17,52,0,-53,17,-27,17,2,0,-124,17,45,0,71,17,48,0,-23,16,3,0]"
CSI_DATA,7555,d8:b1:90:d9:de:f0,-42,9,-99,-35,43,104,540843723,212,0,106,0,"[-77,16,74,16,-78,16,-10,15,-95,16,-39,15,-97,16,-18,15,-73,16,44,16,-37,16,106,16,21,0,-90,16,103,0,-5,16,-73,0,76,0,21,1,136,0,73,1,-135,0,74,1,133,0,5,1,100,0,0,0,0,0,83,0,58,0,-35,16,78,0,123,16,107,0,51,16,-134,0,21,16,-113,0,53,16,-131,0,115,16,107,0,-109,16,49,0,-50,16,-26,16,-4,16,-117,16,21,0,55,16,5,0,-35,15,-39,16]"
CSI_DATA,7556,d8:b1:90:d9:de:f0,-43,11,-99,-35,44,104,541050843,277,0,106,0,"[112,14,-83,0,68,14,-34,0,69,14,-6,0,104,14,-6,0,-102,14,-50,0,-77,14,-110,0,-68,14,51,0,-86,14,-46,14,111,14,102,14,46,14,29,14,-5,13,18,14,-17,13,51,14,17,14,105,14,0,0,0,0,-77,14,-67,14,24,0,-88,14,112,0,116,14,-88,0,62,14,-88,0,34,14,-119,0,46,14,86,0,93,14,58,0,-91,14,51,0,-10,14,74,0,64,0,123,0,-112,0,-56,0,-81,0,-10,0]"
CSI_DATA,7557,d8:b1:90:d9:de:f0,-43,9,-99,-33,44,104,541051333,98,0,106,0,"[-79,13,-54,0,107,13,3,0,104,13,27,0,116,13,10,0,-92,13,-38,0,-65,13,-100,0,-53,13,44,0,-55,13,-65,13,-72,13,55,13,-98,13,-35,12,116,13,-77,12,99,13,-61,12,113,13,-4,12,0,0,0,0,-21,13,-88,13,68,0,-30,13,-68,0,12,0,2,0,34,0,26,0,32,0,0,0,19,0,-66,0,13,0,101,0,12,0,19,0,31,0,-58,13,70,0,108,13,-106,0,75,13,-43,0,94,13]"
CSI_DATA,7558,d8:b1:90:d9:de:f0,-43,9,-99,-34,44,104,541051447,242,0,106,0,"[27,0,-30,0,10,0,37,0,11,0,59,0,14,0,34,0,11,0,-17,0,-6,14,-83,0,-40,14,75,0,-93,14,-18,14,73,14,-105,14,3,14,72,14,-38,13,44,14,-38,13,63,14,11,14,100,14,0,0,0,0,-66,14,-80,14,42,0,-80,14,-100,0,-99,14,-28,0,-118,14,-8,0,108,14,-35,0,-120,14,-86,0,-86,14,97,0,-40,14,45,0,22,0,10,0,97,0,-14,14,-60,0,-3,14,11,0,30,0]"
CSI_DATA,7559,d8:b1:90:d9:de:f0,-42,9,-99,-33,43,104,541051627,262,0,106,0,"[36,15,52,0,-39,14,41,0,-60,14,45,0,-36,14,46,0,23,15,41,0,90,15,15,0,-91,15,-31,15,-2,15,-103,15,83,0,59,15,-126,0,-22,14,-108,0,-71,14,-129,0,-67,14,109,0,-8,14,0,0,0,0,68,0,-91,15,97,0,19,0,-118,0,121,0,-82,0,-75,0,-68,0,-56,0,-82,0,-80,0,-128,0,-121,0,67,0,95,0,-4,15,54,0,-94,15,40,0,69,15,46,0,0,15,76,0,-7,14]"
CSI_DATA,7560,d8:b1:90:d9:de:f0,-42,9,-99,-36,43,104,541260232,98,0,106,0,"[-112,0,126,0,-47,0,-81,0,-11,0,-70,0,-28,0,-90,0,-68,0,-126,0,-140,0,117,0,48,0,77,0,-83,16,44,0,63,16,29,0,-48,15,32,0,-104,15,47,0,-85,15,66,0,-14,15,57,0,0,0,0,0,-76,16,-4,16,37,0,-79,16,135,0,123,16,-93,0,51,16,-79,0,17,16,-108,0,40,16,134,0,103,16,90,0,-99,16,46,0,-5,16,23,0,95,0,13,0,-74,0,42,0,5,1,85,0]"
CSI_DATA,7561,d8:b1:90:d9:de:f0,-41,9,-99,-36,42,104,541260373,224,0,106,0,"[-128,0,140,0,-52,0,-95,0,-16,0,-80,0,-33,0,-104,0,-79,0,-148,0,-157,0,122,0,54,0,84,0,-84,18,54,0,84,18,42,0,-36,17,51,0,-104,17,71,0,-90,17,96,0,3,18,83,0,0,0,0,0,-80,18,3,0,30,0,-93,18,132,0,130,18,-137,0,41,18,-127,0,-1,17,-158,0,28,18,119,0,103,18,81,0,-119,18,50,0,-13,18,39,0,101,0,50,0,-95,0,99,0,-12,0,151,0]"
CSI_DATA,7562,d8:b1:90:d9:de:f0,-41,11,-99,-34,42,104,541468641,277,0,106,0,"[-9,17,-34,0,8,0,30,1,54,0,42,1,77,0,-3,0,77,0,-74,0,46,0,-142,0,-33,17,121,0,-135,17,102,0,49,17,142,0,-22,16,-109,0,-30,16,-54,0,29,17,-29,0,106,17,-68,0,0,0,0,0,-91,17,57,0,-122,17,-52,17,118,17,-135,17,53,17,135,17,23,17,143,17,42,17,-116,17,110,17,-83,17,-112,17,-82,17,-38,17,-104,17,17,0,123,17,38,0,30,17,-3,17,-43,16,-86,17]"
CSI_DATA,7563,d8:b1:90:d9:de:f0,-41,9,-99,-37,43,104,541469094,98,0,106,0,"[13,0,41,17,5,0,-31,16,-25,17,-43,16,-41,17,-1,16,-33,17,58,17,-4,17,142,17,57,0,-78,17,-135,0,-12,17,-17,0,30,0,66,1,45,0,109,1,16,0,88,1,-13,17,-3,0,-21,17,0,0,0,0,83,0,31,0,-3,17,122,0,-64,17,-80,0,-78,17,-2,0,-68,17,19,1,-53,17,-23,0,-39,17,-101,0,-53,17,108,0,-84,17,25,0,139,17,-48,17,49,17,-97,17,-26,16,-90,17,-54,16]"
CSI_DATA,7564,d8:b1:90:d9:de:f0,-44,11,-99,-36,45,104,541503648,100,0,228,0,"[-1,-8,-4,-11,-6,-15,-7,-17,-8,-19,-7,-21,-6,-21,110,65,-3,-18,-2,-16,-1,-15,-1,-11,-2,-8,-3,-6,-4,-2,-6,0,-8,5,-11,8,-14,10,-17,13,-20,14,31,-52,-24,13,-24,13,-23,10,-20,8,-19,7,-16,5,0,0,-8,2,-4,2,0,3,4,5,8,6,11,8,-84,0,14,12,16,14,14,14,13,14,12,13,9,11,8,9,6,6,4,3,3,0,3,-2,2,-5,4,-9,29,0,6,-16,8,-17,11,-19,14,-19,16,-17,16,-14,16,-10,16,-10,6,-21,-8,-20,-20,-9,-20,5,-9,16,3,14,5,-15,7,-3,0,-6,-6,0,-4,7,4,10,13,4,15,-8,6,-18,-9,-19,-21,-7,-21,9,-8,20,7,19,-7,21,13,-5,2,-8,-5,-4,-4,3,4,7,11,0,0,0,0,-18,-15,-16,-24,0,-20,16,-4,26,14,23,38,18,21,-8,7,-18,-5,-14,-9,-4,-6,2,0,2,1,-1,-2,-4,-8,-2,-9,4,-5,12,5,14,14,8,21,-16,9,-14,-1,-16,-10,-9,-11,0,-6,6,1,4,3,0]"
CSI_DATA,7565,d8:b1:90:d9:de:f0,-41,9,-99,-36,42,104,541678002,130,0,106,0,"[-25,18,-36,0,-30,18,50,1,0,0,76,1,21,0,31,1,31,0,-42,0,32,0,-143,0,-7,18,74,0,-88,18,-51,18,127,18,-148,18,31,18,109,18,-26,17,91,18,-30,17,129,18,41,18,-148,18,0,0,0,0,-60,18,-105,18,61,0,-153,18,-151,0,103,18,-88,0,39,18,-79,0,13,18,-123,0,40,18,137,0,110,18,89,0,-122,18,54,0,-21,18,56,0,95,0,88,0,-115,0,144,0,-44,0,-117,0]"
CSI_DATA,7566,d8:b1:90:d9:de:f0,-41,9,-99,-33,42,104,541678137,113,0,106,0,"[-106,17,43,17,-139,17,-28,16,127,17,-31,16,121,17,15,17,138,17,86,17,-103,17,-130,17,-25,17,-58,17,90,0,6,0,-75,0,46,0,33,1,47,0,91,1,26,0,78,1,-5,17,2,1,-16,17,0,0,0,0,103,0,60,0,27,0,-137,0,-25,17,-40,0,-42,17,43,1,-23,17,69,1,-3,17,23,1,0,0,-68,0,1,0,136,0,-33,17,43,0,-93,17,-41,17,123,17,-112,17,32,17,-133,17,-11,16]"
CSI_DATA,7567,d8:b1:90:d9:de:f0,-43,9,-99,-35,44,104,541886919,98,0,106,0,"[67,0,-42,0,53,0,24,0,53,0,51,0,53,0,33,0,45,0,-13,0,31,0,-77,0,-11,14,99,0,-73,14,13,0,83,14,-63,14,0,14,-112,14,-53,13,113,14,-54,13,-107,14,2,14,-72,14,0,0,0,0,-66,14,-34,14,52,0,-66,14,-98,0,-110,14,-35,0,93,14,-24,0,66,14,-60,0,79,14,-105,0,-122,14,93,0,-63,14,55,0,12,0,36,0,101,0,37,0,-57,0,76,0,2,0,114,0]"
CSI_DATA,7568,d8:b1:90:d9:de:f0,-43,11,-99,-38,45,104,542095337,277,0,106,0,"[39,14,24,0,-37,13,35,0,-55,13,68,0,-26,13,86,0,23,14,87,0,84,14,59,0,-100,14,2,0,-55,14,-95,14,-38,14,48,14,-41,14,-40,13,-79,14,-70,13,-106,14,-43,13,-109,14,26,14,0,0,0,0,-31,14,-46,14,53,0,16,0,-93,0,50,0,-19,0,52,0,6,0,34,0,-16,0,15,0,-65,0,11,0,118,0,17,0,56,0,53,0,15,0,103,0,-7,14,-66,0,7,0,-3,0,56,0]"
CSI_DATA,7569,d8:b1:90:d9:de:f0,-43,9,-99,-39,45,104,542095827,113,0,106,0,"[84,14,117,14,26,14,67,14,-7,13,69,14,-2,13,101,14,29,14,-104,14,88,14,-83,14,-86,14,-88,14,0,0,-124,14,85,0,58,14,-120,0,-12,13,-124,0,-53,13,87,0,-50,13,43,0,2,14,0,0,0,0,18,0,-70,14,58,0,22,0,122,0,96,0,-63,0,-112,0,-33,0,-115,0,-40,0,111,0,-84,0,87,0,108,0,75,0,46,0,80,0,-6,14,116,0,-47,14,-70,0,-52,14,-16,0,-10,14]"
CSI_DATA,7570,d8:b1:90:d9:de:f0,-39,9,-99,-38,41,104,542304716,101,0,106,0,"[145,22,-139,22,43,22,-178,22,-2,20,-161,22,31,22,-121,22,97,22,-95,22,-187,22,-98,22,-80,22,-145,22,23,0,140,22,112,0,13,22,145,0,-94,20,104,0,-148,20,38,0,-127,20,-10,22,-8,20,0,0,0,0,-2,22,-98,22,83,0,52,0,-185,0,161,0,-86,0,-179,0,-41,0,-188,0,-82,0,158,0,-164,0,130,0,115,0,134,0,19,0,166,0,-56,22,-136,0,-106,22,-23,0,-88,22,68,1,1,0]"
CSI_DATA,7571,d8:b1:90:d9:de:f0,-40,11,-99,-36,42,104,542504080,100,0,114,0,"[32,3,35,7,39,11,39,12,39,12,37,12,36,12,33,13,33,12,32,13,32,12,32,12,32,12,32,12,33,12,36,12,37,11,37,12,39,11,41,10,40,10,40,11,40,11,41,10,37,10,36,8,37,10,37,10,0,0,39,8,37,8,37,7,39,7,36,8,37,7,37,7,37,7,37,7,36,7,35,3,31,5,32,3,30,3,28,2,28,1,27,0,27,1,27,0,28,1,30,1,31,0,31,1,32,1,33,2,32,2,30,3,26,5]"
CSI_DATA,7572,d8:b1:90:d9:de:f0,-40,11,-99,-36,42,104,542513134,277,0,106,0,"[-40,0,69,0,25,1,78,0,40,1,54,0,11,1,25,0,-52,0,13,0,-118,0,36,0,133,0,93,0,89,0,-130,0,67,0,-22,0,81,0,62,1,123,0,81,1,143,0,39,1,122,0,-46,0,0,0,0,0,-5,18,113,0,-120,18,94,0,94,18,109,0,33,18,143,0,33,18,-158,0,67,18,151,0,123,18,107,0,157,18,49,0,-153,18,-18,18,147,18,-84,18,103,18,-135,18,51,18,-149,18,33,18]"
CSI_DATA,7573,d8:b1:90:d9:de:f0,-41,9,-99,-37,43,104,542513597,130,0,106,0,"[-33,0,71,0,34,1,92,0,54,1,87,0,15,1,68,0,-54,0,62,0,-127,0,70,0,73,0,110,0,-25,17,-115,0,-112,17,-26,0,139,17,50,1,136,17,76,1,-121,17,48,1,-83,17,-30,0,0,0,0,0,-84,17,50,0,-114,17,-73,17,120,17,123,17,73,17,76,17,60,17,75,17,93,17,105,17,-135,17,139,17,-55,17,-133,17,23,0,-127,17,101,0,-144,17,-125,0,123,17,-92,0,77,17,-120,0]"
CSI_DATA,7574,d8:b1:90:d9:de:f0,-41,9,-99,-36,43,104,542722505,98,0,106,0,"[21,0,-23,0,34,0,54,1,57,0,60,1,68,0,5,1,62,0,-66,0,21,0,140,0,-41,16,53,0,-132,16,-32,16,54,16,-96,16,-23,15,-118,16,-57,15,-108,16,-23,15,-79,16,72,16,-62,16,0,0,0,0,8,0,-96,16,122,0,123,16,-104,0,52,16,-85,0,-1,15,-98,0,-5,15,141,0,51,16,98,0,140,16,68,0,-53,16,54,0,34,0,70,0,120,0,102,0,-88,0,130,0,-52,0,-131,0]"
CSI_DATA,7575,d8:b1:90:d9:de:f0,-41,9,-99,-36,43,104,542722664,108,0,106,0,"[-31,0,-75,16,39,1,-97,16,42,1,-115,16,2,1,-109,16,-66,0,-81,16,-136,0,-37,16,83,0,42,0,17,0,-140,0,-26,16,-30,0,-40,16,56,1,-34,16,80,1,-19,16,35,1,-26,16,-54,0,0,0,0,0,-114,16,29,0,90,16,-49,16,0,16,-103,16,-51,15,-118,16,-43,15,-104,16,17,16,-79,16,112,16,-65,16,-79,16,-66,16,10,0,-80,16,90,0,-118,16,-134,0,115,16,-116,0,69,16,-138,0]"
CSI_DATA,7576,d8:b1:90:d9:de:f0,-42,9,-99,-34,43,104,542764679,98,0,106,0,"[-18,14,-52,15,-80,14,-32,15,-77,14,9,0,-25,14,38,0,43,15,42,0,120,15,19,0,-86,15,-33,15,-36,15,-120,15,-15,15,57,15,-24,15,-10,14,-48,15,-22,14,-58,15,23,15,-24,15,103,15,0,0,0,0,111,0,-50,15,-55,0,-47,15,30,1,-73,15,66,1,-118,15,39,1,126,15,-29,0,-132,15,-108,0,-90,15,108,0,-31,15,77,0,36,0,79,0,103,0,100,0,-106,0,-135,0,-94,0,-118,0]"
CSI_DATA,7577,d8:b1:90:d9:de:f0,-40,11,-99,-36,42,104,543139830,277,0,106,0,"[-21,18,-16,0,15,0,51,1,56,0,33,1,62,0,-32,0,28,0,-115,0,-30,18,140,0,-120,18,73,0,90,18,41,0,-20,17,41,0,-85,17,66,0,-67,17,99,0,13,18,118,0,139,18,84,0,0,0,0,0,44,0,-70,18,100,0,122,18,120,0,10,18,99,0,-45,17,66,0,-35,17,44,0,45,18,50,0,149,18,84,0,-80,18,139,0,-7,18,-101,0,41,0,-23,0,51,0,22,1,15,0,-17,0]"
CSI_DATA,7578,d8:b1:90:d9:de:f0,-41,9,-99,-38,43,104,543140320,124,0,106,0,"[41,0,-14,0,76,0,45,1,97,0,26,1,77,0,-36,0,35,0,-116,0,-27,17,114,0,-112,17,36,0,85,17,-32,17,-17,16,-78,17,-79,16,-92,17,-68,16,-68,17,-5,16,-29,17,114,17,-3,17,0,0,0,0,85,0,5,0,-86,0,-32,17,13,1,-72,17,51,1,-110,17,24,1,-120,17,-51,0,-87,17,-141,0,-27,17,82,0,48,0,23,0,122,0,-20,17,-92,0,-35,17,-14,0,-3,17,27,1,36,0]"
CSI_DATA,7579,d8:b1:90:d9:de:f0,-41,9,-99,-39,43,104,543140487,130,0,106,0,"[130,0,-41,0,-149,0,7,1,154,0,-3,0,107,0,-64,0,46,0,-135,0,-25,18,92,0,-101,18,-3,18,121,18,-111,18,50,18,105,18,14,18,50,18,22,18,50,18,73,18,110,18,-152,18,-117,18,0,0,0,0,42,0,90,0,136,0,-125,0,-101,0,-52,0,-69,0,-20,0,-94,0,-40,0,151,0,-94,0,61,0,141,0,-33,18,62,0,-113,18,-6,18,113,18,-67,18,36,18,-111,18,2,18,-119,18,22,18]"
CSI_DATA,7580,d8:b1:90:d9:de:f0,-41,9,-99,-39,43,104,543140658,98,0,106,0,"[-7,18,-19,0,24,0,42,1,53,0,25,1,52,0,-36,0,18,0,-121,0,-36,18,107,0,-118,18,31,0,92,18,-40,18,-8,17,-86,18,-73,17,-94,18,-69,17,-69,18,0,18,-28,18,118,18,0,0,0,0,0,0,85,0,0,0,-99,0,-51,18,-2,0,-111,18,29,1,154,18,1,1,149,18,-73,0,-127,18,-154,0,-57,18,94,0,30,0,47,0,117,0,31,0,-101,0,40,0,-22,0,81,0,11,1,114,0]"
CSI_DATA,7581,d8:b1:90:d9:de:f0,-51,11,-99,-39,53,104,543504047,100,0,228,0,"[-1,2,0,1,2,1,4,0,6,0,7,0,8,0,47,28,9,-1,9,-2,8,-2,8,-2,7,-2,6,-1,6,-1,5,0,4,0,2,2,1,3,0,5,0,6,13,-22,-1,10,-2,10,-3,11,-3,11,-3,11,-3,11,0,0,-2,10,-1,10,-1,8,-1,6,0,4,0,3,1,0,1,-1,1,-3,1,-5,1,-6,1,-7,1,-8,1,-8,0,-8,0,-8,0,-8,0,-8,0,-7,0,-7,11,0,1,-5,2,-4,3,-2,3,0,4,0,4,2,4,3,1,8,7,6,11,0,8,-8,0,-12,-8,-8,-10,0,2,5,0,7,4,3,4,0,1,-2,-1,0,0,1,2,0,3,-3,0,-6,-6,-5,-9,1,-6,9,2,11,8,14,10,-2,5,-8,-1,-9,-6,-5,-6,0,-3,3,0,0,0,3,0,4,3,4,7,1,8,-3,3,-9,-3,-9,-11,-4,-11,4,-4,11,4,10,9,3,8,-4,1,-7,-3,-5,-4,0,-1,1,0,1,0,0,-1,-1,-2,-5,-2,5,2,6,7,3,8,-3,3,-8,-3,-9,-8,-4]"
CSI_DATA,7582,d8:b1:90:d9:de:f0,-50,11,-99,-36,51,104,543557628,277,0,106,0,"[12,0,49,0,-40,6,54,0,34,6,-54,0,18,6,-53,0,18,6,-54,0,32,6,56,0,-56,6,-55,0,-12,6,-53,0,45,0,-49,0,-8,0,-48,0,42,0,-48,0,-45,0,-51,0,-46,0,56,0,0,0,0,0,27,0,45,0,-24,0,48,0,33,0,48,0,-28,6,46,0,33,6,43,0,3,6,36,0,-4,6,27,0,1,6,23,0,16,6,23,0,39,6,28,0,-41,6,37,0,1,0,47,0,46,0]"
CSI_DATA,7583,d8:b1:90:d9:de:f0,-50,9,-99,-36,51,104,543558109,98,0,106,0,"[30,0,-20,6,54,0,27,0,-45,0,-46,0,-43,0,-28,0,-47,0,-23,0,-56,0,-30,0,-56,0,-53,0,-50,0,21,0,-36,0,-26,6,-15,0,31,6,3,0,-8,6,16,0,-23,6,19,0,-17,6,0,0,0,0,-1,0,24,6,-30,0,-39,6,46,0,3,0,0,6,46,0,-46,6,-41,0,35,6,-32,0,20,6,-37,0,18,6,-47,0,30,6,54,0,50,6,49,0,-33,6,49,0,6,0,50,0,47,0]"
CSI_DATA,7584,d8:b1:90:d9:de:f0,-49,9,-99,-38,51,104,543558240,98,0,106,0,"[-36,7,-12,7,-8,7,53,7,14,0,15,7,29,0,1,7,35,0,3,7,28,0,14,7,9,0,29,7,-25,7,51,7,43,7,-48,7,-17,6,-26,7,58,6,-14,7,35,6,-11,7,41,6,-13,7,0,0,0,0,-29,6,-24,7,27,7,-34,7,-31,7,-36,7,38,0,-29,7,-26,0,-16,7,2,0,1,0,8,0,17,0,0,0,23,0,-15,0,20,0,-33,0,10,0,-57,0,-13,7,33,0,-47,7,1,0]"
CSI_DATA,7585,d8:b1:90:d9:de:f0,-48,9,-99,-36,49,104,543766989,310,0,106,0,"[17,8,12,0,-65,8,-12,8,-5,8,-52,8,39,0,56,8,68,0,31,8,-64,0,16,8,-67,0,5,8,56,0,2,8,10,0,19,8,-57,8,48,8,15,8,-57,8,-46,7,-23,8,60,7,-1,8,0,0,0,0,61,7,14,0,-62,7,6,0,-10,7,-7,8,55,8,-35,8,-12,8,-59,8,51,0,-71,8,-51,0,69,8,-33,0,-71,8,-30,0,-68,8,-41,0,-69,8,-69,0,-70,8,19,0,-69,8,-41,8]"
CSI_DATA,7586,d8:b1:90:d9:de:f0,-47,9,-99,-39,49,104,543767175,290,0,106,0,"[-35,0,61,0,45,0,52,0,-36,9,44,0,52,9,29,0,9,9,15,0,-12,8,-3,9,-21,8,-11,9,-12,8,-5,9,17,9,31,0,68,9,-70,0,-50,9,-4,0,-25,9,45,0,-20,9,70,0,0,0,0,0,-21,9,-60,0,-55,9,46,0,76,9,-7,0,-74,9,58,0,-55,9,-30,9,-20,9,58,9,15,0,25,9,41,0,12,9,57,0,22,9,57,0,30,9,38,0,49,9,-5,9,77,9,-59,9]"
CSI_DATA,7587,d8:b1:90:d9:de:f0,-47,9,-99,-40,50,104,543767353,252,0,106,0,"[15,8,30,0,-68,8,-9,8,-3,8,-53,8,51,0,58,8,-50,0,44,8,-27,0,38,8,-16,0,36,8,-29,0,38,8,-69,0,32,8,0,0,23,8,-66,8,7,8,23,8,-10,7,-3,7,-21,7,0,0,0,0,-10,7,-46,7,33,8,-30,7,-53,8,-7,7,8,0,50,8,55,0,-22,8,-62,0,41,0,-59,0,-55,0,-66,0,-29,0,65,0,-21,0,56,0,-28,0,56,0,-53,0,64,0,41,0,-71,0]"
CSI_DATA,7588,d8:b1:90:d9:de:f0,-47,9,-99,-35,48,104,543767546,98,0,106,0,"[15,0,22,9,31,0,-59,9,56,0,18,0,71,0,-72,0,74,0,-26,0,75,0,-6,0,73,0,4,0,-77,0,-4,0,-65,0,-54,0,-42,0,39,0,-6,0,-36,9,29,0,61,9,57,0,39,9,0,0,0,0,60,0,46,9,51,0,-77,9,6,0,-33,9,-60,0,20,0,14,0,63,0,-58,9,-76,0,46,9,76,0,25,9,66,0,17,9,50,0,27,9,45,0,53,9,49,0,-48,9,61,0,11,0]"
CSI_DATA,7589,d8:b1:90:d9:de:f0,-44,9,-99,-34,45,104,543975915,130,0,106,0,"[17,0,68,0,-25,12,-51,0,-63,12,-9,0,-83,12,-16,0,-78,12,-48,0,-48,12,-95,0,13,0,74,0,101,0,42,0,-2,0,31,0,91,0,43,0,-68,0,68,0,-68,0,93,0,87,0,-106,0,0,0,0,0,-63,0,53,0,76,0,11,0,16,0,-56,12,-26,12,103,12,-47,12,72,12,-46,12,78,12,-42,12,-101,12,-51,12,-51,12,-71,12,0,12,101,12,52,0,46,12,100,0,6,12,-74,0,1,12]"
CSI_DATA,7590,d8:b1:90:d9:de:f0,-45,9,-99,-35,46,104,543976068,113,0,106,0,"[-40,11,44,0,64,11,58,0,10,11,55,0,7,11,40,0,36,11,23,0,84,11,23,0,-47,11,48,0,23,0,98,0,92,0,-23,0,-62,0,52,0,-49,0,-94,0,-69,0,-79,0,87,0,84,0,0,0,0,0,45,0,-55,0,34,0,64,0,48,0,-18,11,64,0,-82,11,73,0,84,11,67,0,89,11,44,0,-85,11,5,0,-63,11,-43,11,-49,11,91,11,-45,11,24,11,-50,11,-27,10,-55,11,-39,10]"
CSI_DATA,7591,d8:b1:90:d9:de:f0,-44,11,-99,-40,46,104,544184324,277,0,106,0,"[-8,13,81,13,0,0,-17,12,2,0,-64,12,10,0,-53,12,23,0,-8,12,32,0,59,13,42,0,-76,13,52,0,35,0,62,0,-72,0,63,0,32,0,60,0,91,0,60,0,90,0,52,0,34,0,0,0,0,0,48,0,77,0,40,0,-34,13,41,0,82,13,38,0,0,13,37,0,-39,12,40,0,-16,12,41,0,40,13,38,0,-113,13,40,0,-36,13,40,0,49,0,37,0,-90,0,54,0,-14,0,73,0]"
CSI_DATA,7592,d8:b1:90:d9:de:f0,-44,9,-99,-40,46,104,544184769,108,0,106,0,"[-108,0,72,0,-16,0,-108,0,28,0,-101,0,26,0,-113,0,-19,0,96,0,-79,0,77,0,63,0,49,0,-45,13,19,0,66,13,-4,13,-37,12,-22,13,-89,12,-24,13,-86,12,-11,13,-36,12,3,0,0,0,0,0,-85,13,50,0,27,0,62,0,-86,0,66,0,-2,0,62,0,30,0,51,0,11,0,43,0,-44,0,36,0,-108,0,29,0,40,0,22,0,-47,13,24,0,94,13,32,0,17,13,59,0,0,13]"
CSI_DATA,7593,d8:b1:90:d9:de:f0,-44,9,-99,-36,45,104,544184913,101,0,106,0,"[25,0,86,13,51,0,-6,12,55,0,-55,12,50,0,-45,12,45,0,-1,12,42,0,65,13,47,0,-75,13,53,0,32,0,61,0,-73,0,73,0,31,0,81,0,85,0,90,0,79,0,84,0,24,0,0,0,0,0,62,0,64,0,31,0,-44,13,0,0,77,13,-27,13,-4,12,-45,13,-32,12,-48,13,-15,12,-29,13,38,13,-8,13,106,13,16,0,-50,13,53,0,25,0,101,0,100,0,-77,0,-73,0,-37,0]"
CSI_DATA,7594,d8:b1:90:d9:de:f0,-41,9,-99,-35,42,104,544393712,98,0,106,0,"[141,0,63,18,-121,0,-8,17,-112,0,-13,17,-130,0,50,18,152,0,129,18,116,0,-78,18,61,0,34,0,-6,18,-148,0,-77,18,-31,0,-121,18,40,1,-134,18,53,1,-119,18,6,1,-85,18,-101,0,0,0,0,0,53,0,-39,18,125,0,150,18,-132,0,40,18,-99,0,-20,17,-90,0,-12,17,-119,0,61,18,139,0,-145,18,88,0,-41,18,24,0,56,0,-33,18,-154,0,-83,18,-59,0,-96,18,2,1,-67,18]"
CSI_DATA,7595,d8:b1:90:d9:de:f0,-41,9,-99,-37,43,104,544393817,113,0,106,0,"[73,17,144,17,-1,16,121,17,-21,16,140,17,12,17,-121,17,90,17,-90,17,-115,17,-73,17,-4,17,-71,17,121,0,-90,17,-60,0,-124,17,13,1,128,17,19,1,109,17,-46,0,108,17,-139,0,-144,17,0,0,0,0,-46,17,19,0,-125,17,133,0,118,17,-40,0,115,17,28,1,139,17,33,1,-112,17,-18,0,-76,17,-112,0,-51,17,76,0,-55,17,-27,17,-78,17,-131,17,-120,17,80,17,114,17,45,17,85,17]"
CSI_DATA,7596,d8:b1:90:d9:de:f0,-40,11,-99,-34,41,104,544503988,100,0,114,0,"[-18,-32,-18,-37,-18,-41,-16,-42,-14,-42,-13,-42,-10,-41,-10,-40,-10,-37,-9,-37,-9,-34,-9,-34,-9,-36,-10,-36,-10,-38,-12,-38,-12,-38,-13,-40,-13,-41,-13,-41,-14,-42,-16,-42,-13,-41,-14,-40,-13,-38,-13,-38,-13,-37,-14,-38,0,0,-13,-36,-13,-36,-13,-37,-13,-36,-14,-36,-14,-37,-16,-38,-13,-37,-14,-36,-14,-34,-14,-34,-14,-32,-14,-30,-14,-28,-14,-26,-13,-26,-13,-25,-14,-25,-16,-26,-14,-28,-16,-28,-16,-29,-16,-30,-16,-30,-14,-30,-12,-32,-10,-29,-8,-29]"
CSI_DATA,7597,d8:b1:90:d9:de:f0,-43,9,-99,-34,44,104,544602602,98,0,106,0,"[-52,0,78,14,-25,0,53,14,-28,0,33,14,-62,0,25,14,-106,0,51,14,100,0,92,14,84,0,-81,14,99,0,0,14,-90,0,76,0,-17,0,-104,0,44,0,-109,0,64,0,98,0,33,0,59,0,0,0,0,0,-98,0,33,0,84,0,89,0,56,0,-79,0,60,0,-16,0,84,0,5,0,101,0,-23,0,94,0,-83,0,62,0,101,0,5,0,62,0,-68,14,53,0,93,14,84,0,47,14,-89,0,75,14]"
CSI_DATA,7598,d8:b1:90:d9:de:f0,-43,11,-99,-36,45,104,544811020,277,0,106,0,"[-19,0,21,0,35,0,24,0,52,0,1,0,28,0,-23,13,-22,0,-32,13,-82,0,-17,13,88,0,25,0,41,0,101,0,15,0,-28,0,27,0,52,0,58,0,90,0,99,0,76,0,112,0,17,0,0,0,0,0,51,0,94,0,-27,13,46,0,110,13,32,0,36,13,42,0,11,13,65,0,27,13,79,0,71,13,71,0,-110,13,43,0,-81,13,-4,13,-68,13,-73,13,-89,13,85,13,82,13,39,13,27,13]"
CSI_DATA,7599,d8:b1:90:d9:de:f0,-43,9,-99,-35,44,104,544811519,130,0,106,0,"[-98,14,-44,0,106,14,0,0,103,14,15,0,120,14,-1,0,-106,14,-48,0,-91,14,-110,0,-89,14,52,0,-107,14,-50,14,102,14,93,14,62,14,5,14,31,14,-25,13,25,14,-8,13,55,14,41,14,0,0,0,0,-80,14,-87,14,20,0,-58,14,123,0,-42,14,-46,0,-41,14,-11,0,-47,14,-23,0,-43,14,-64,0,-34,14,-115,0,-5,14,75,0,38,0,37,0,102,0,5,0,-67,0,7,0,2,0,48,0]"
CSI_DATA,7600,d8:b1:90:d9:de:f0,-43,9,-99,-37,45,104,544811662,98,0,106,0,"[-91,0,-82,0,-53,0,-30,0,-31,0,-24,0,-40,0,-55,0,-84,0,-90,0,100,0,111,0,20,0,82,0,-70,13,71,0,58,13,84,0,-30,12,108,0,-62,12,-94,0,-53,12,-77,0,4,13,-92,0,0,0,0,0,-92,13,54,0,-41,13,-30,13,-3,13,110,13,0,0,35,13,-3,13,0,12,-6,13,12,13,-8,13,64,13,8,0,115,13,41,0,-60,13,95,0,-11,13,-68,0,24,0,8,0,24,0,30,0]"
CSI_DATA,7601,d8:b1:90:d9:de:f0,-43,9,-99,-35,44,104,544811785,224,0,106,0,"[62,14,-120,0,1,14,-88,0,-6,13,-68,0,26,14,-70,0,68,14,-99,0,111,14,94,0,-100,14,16,0,-73,14,-90,14,-73,14,48,14,-89,14,-52,13,-118,14,-89,13,109,14,-68,13,120,14,-7,13,0,0,0,0,-49,14,-100,14,39,0,-36,14,-104,0,-2,14,-26,0,8,0,6,0,2,0,-6,0,-3,14,-57,0,-4,14,-116,0,3,0,66,0,39,0,10,0,96,0,-31,14,-72,0,-37,14,4,0,9,0]"
CSI_DATA,7602,d8:b1:90:d9:de:f0,-42,11,-99,-39,44,104,545437716,277,0,106,0,"[-89,0,-123,0,-22,0,-73,0,13,1,-79,0,-4,0,-119,0,-54,0,116,0,-128,0,80,0,50,0,70,0,-71,16,91,0,92,16,-137,0,11,16,-74,0,-11,15,-25,0,27,16,-6,0,101,16,-50,0,0,0,0,0,-44,16,61,0,-35,16,-69,16,-55,16,92,16,-91,16,9,16,-122,16,-3,15,-127,16,34,16,-100,16,103,16,-53,16,-114,16,19,0,-59,16,112,0,-39,16,-68,0,-47,16,-2,0,-95,16,-9,0]"
CSI_DATA,7603,d8:b1:90:d9:de:f0,-43,9,-99,-36,44,104,545438215,120,0,106,0,"[62,15,116,0,-10,14,-122,0,-28,14,-109,0,2,15,-125,0,50,15,96,0,112,15,54,0,-74,15,-13,15,-1,15,-103,15,63,0,55,15,110,0,-30,14,124,0,-68,14,105,0,-58,14,78,0,2,15,0,0,0,0,35,0,-63,15,35,0,56,0,50,0,-90,0,70,0,-17,0,82,0,8,1,75,0,-20,0,48,0,-78,0,7,0,115,0,-43,15,45,0,-111,15,-12,15,66,15,-57,15,-3,14,-63,15,-22,14]"
CSI_DATA,7604,d8:b1:90:d9:de:f0,-43,9,-99,-36,44,104,545438364,120,0,106,0,"[-123,0,87,15,-71,0,28,15,-68,0,-1,14,-101,0,20,15,121,0,67,15,80,0,-119,15,54,0,-26,15,31,0,89,0,28,0,-47,0,37,0,47,1,60,0,91,1,82,0,70,1,75,0,0,1,0,0,0,0,20,0,54,0,-50,15,-44,15,-124,15,-125,15,63,15,84,15,35,15,82,15,54,15,109,15,109,15,-105,15,-77,15,-69,15,6,0,-46,15,97,0,-40,15,-67,0,-56,15,-6,0,-94,15,-9,0]"
CSI_DATA,7605,d8:b1:90:d9:de:f0,-43,9,-99,-36,44,104,545438476,98,0,106,0,"[113,0,61,15,-93,0,8,15,-86,0,-14,14,-107,0,15,15,119,0,61,15,91,0,-122,15,69,0,-32,15,60,0,86,0,64,0,-52,0,77,0,37,1,96,0,79,1,109,0,58,1,96,0,-3,0,0,0,0,0,13,0,68,0,-62,15,-19,15,111,15,-91,15,42,15,125,15,15,15,118,15,39,15,-125,15,96,15,-94,15,-86,15,-74,15,-3,15,-63,15,87,0,-73,15,-83,0,-102,15,-34,0,112,15,-41,0]"
CSI_DATA,7606,d8:b1:90:d9:de:f0,-45,11,-99,-39,47,104,545503631,100,0,228,0,"[9,2,12,1,15,0,17,0,20,0,21,1,21,2,95,57,19,3,16,3,14,3,13,3,10,2,7,0,5,0,3,-3,0,-6,-1,-10,-2,-12,-3,-17,-3,-19,27,-45,-3,-23,-1,-23,0,-21,0,-20,1,-17,1,-14,0,0,0,-7,0,-4,-2,-1,-4,0,-6,3,-10,5,71,11,-14,6,-16,6,-16,6,-16,5,-15,3,-13,3,-10,2,-9,1,-6,2,-3,2,0,3,2,4,3,6,40,0,7,10,8,13,8,15,7,16,6,16,3,16,0,14,6,16,16,10,21,-3,13,-16,0,-20,-12,-13,-15,0,11,11,0,9,6,2,3,-4,-3,-6,-10,0,-8,9,0,14,13,11,19,0,14,-15,0,-21,-14,-16,-19,-1,-17,-10,0,14,7,8,7,0,0,-4,-4,0,-4,6,0,0,12,6,16,-4,10,-16,-3,-20,-17,-13,-21,1,-27,20,0,18,10,12,12,1,7,-5,0,-6,-1,-1,0,2,4,0,5,-4,0,-9,-6,-8,-12,-1,-10,7,2,22,6,13,13,5,12,-4,4,-9,-3,-7,-5,-1,-2,3]"
CSI_DATA,7607,d8:b1:90:d9:de:f0,-42,9,-99,-36,43,104,545647105,130,0,106,0,"[-38,16,40,16,-56,16,-47,15,-92,16,-70,15,-115,16,-33,15,-111,16,32,16,-75,16,105,16,-6,16,-108,16,97,0,-52,16,-61,0,-22,16,43,1,-30,16,89,1,-56,16,66,1,-95,16,-6,0,-97,16,0,0,0,0,76,0,-23,16,-1,16,78,0,-46,16,-92,0,-51,16,-1,0,-30,16,35,1,-1,16,8,1,7,0,-62,0,-1,16,-142,0,-38,16,62,0,-106,16,2,0,89,16,-47,16,8,16,-37,16,-20,15]"
CSI_DATA,7608,d8:b1:90:d9:de:f0,-42,9,-99,-36,43,104,546064902,124,0,106,0,"[39,0,-47,0,51,0,46,1,76,0,67,1,90,0,23,1,84,0,-34,0,47,0,-117,0,-16,16,90,0,-118,16,13,0,49,16,-46,16,-43,15,-70,16,-102,15,-59,16,-93,15,-24,16,-11,15,1,0,0,0,0,0,-72,16,-7,16,39,0,-74,16,126,0,-142,16,-111,0,72,16,-104,0,33,16,-135,0,57,16,107,0,117,16,76,0,-85,16,68,0,-5,16,80,0,90,0,124,0,-111,0,-106,0,-67,0,-58,0]"
CSI_DATA,7609,d8:b1:90:d9:de:f0,-43,11,-99,-35,44,104,546273311,277,0,106,0,"[96,0,66,14,-102,0,6,14,-95,0,-23,13,-115,0,-4,13,102,0,42,14,83,0,109,14,69,0,-45,14,69,0,65,0,85,0,-63,0,111,0,27,0,-110,0,61,0,-100,0,39,0,-117,0,-23,0,0,0,0,0,28,0,52,0,-62,14,-31,14,89,14,-92,14,12,14,-121,14,-16,13,-121,14,3,14,-106,14,65,14,-80,14,-110,14,-65,14,-30,14,-54,14,57,0,-67,14,-106,0,-98,14,-54,0,103,14,-63,0]"
CSI_DATA,7610,d8:b1:90:d9:de:f0,-42,9,-99,-38,44,104,546273755,130,0,106,0,"[134,0,-100,0,-87,0,-31,0,-56,0,-20,0,-61,0,-57,0,-91,0,-103,0,113,0,118,0,28,0,81,0,-87,15,51,0,59,15,46,0,-36,14,58,0,-81,14,85,0,-61,14,111,0,13,15,104,0,0,0,0,0,-49,15,25,0,40,0,-65,15,105,0,104,15,134,0,21,15,129,0,-16,14,99,0,9,15,70,0,75,15,48,0,-120,15,49,0,-29,15,77,0,56,0,128,0,-135,0,-86,0,-90,0,-41,0]"
CSI_DATA,7611,d8:b1:90:d9:de:f0,-42,9,-99,-38,44,104,546273917,101,0,106,0,"[113,15,104,15,70,15,32,15,44,15,16,15,57,15,42,15,94,15,84,15,-118,15,129,15,-25,15,-106,15,84,0,-83,15,-61,0,-80,15,30,1,-92,15,79,1,-111,15,64,1,-127,15,-13,0,-113,15,0,0,0,0,74,0,-21,15,-9,15,76,0,-63,15,-88,0,-95,15,-1,0,-91,15,31,1,-74,15,6,1,-57,15,-63,0,-54,15,-134,0,-64,15,50,0,-101,15,-30,15,111,15,-100,15,44,15,-133,15,13,15]"
CSI_DATA,7612,d8:b1:90:d9:de:f0,-42,9,-99,-36,43,104,546314375,130,0,106,0,"[-94,16,40,16,-113,16,-37,15,-126,16,-52,15,-130,16,-15,15,-100,16,47,16,-49,16,115,16,22,0,-99,16,121,0,-28,16,-53,0,37,0,40,1,76,0,84,1,76,0,63,1,67,0,-10,0,52,0,0,0,0,0,74,0,47,0,-44,16,93,0,141,16,-131,0,77,16,-83,0,59,16,-68,0,85,16,-93,0,134,16,142,0,-109,16,74,0,-74,16,-6,16,-57,16,-97,16,-58,16,94,16,-79,16,25,16,-120,16]"
CSI_DATA,7613,d8:b1:90:d9:de:f0,-41,9,-99,-34,42,104,546314871,113,0,106,0,"[16,17,-49,17,-64,16,-60,17,-90,16,-43,17,-49,16,-22,17,22,17,-3,17,116,17,-22,17,-91,17,-64,17,23,0,-133,17,124,0,79,17,-120,0,-8,16,-106,0,-55,16,-139,0,-48,16,121,0,20,17,0,0,0,0,61,0,-62,17,92,0,68,0,143,0,-120,0,-110,0,-52,0,-86,0,-39,0,-99,0,-77,0,-152,0,-134,0,79,0,112,0,-4,17,71,0,-103,17,58,0,97,17,72,0,28,17,111,0,29,17]"
CSI_DATA,7614,d8:b1:90:d9:de:f0,-41,11,-99,-33,42,104,546503824,100,0,114,0,"[-27,-17,-28,-21,-31,-25,-28,-27,-27,-28,-25,-28,-23,-30,-20,-28,-20,-26,-18,-27,-17,-26,-17,-27,-19,-25,-19,-26,-18,-28,-20,-28,-19,-30,-21,-32,-21,-32,-21,-33,-20,-33,-21,-34,-20,-34,-19,-34,-18,-33,-19,-31,-18,-32,-17,-30,0,0,-16,-30,-16,-30,-17,-30,-16,-31,-15,-31,-15,-31,-15,-32,-13,-32,-15,-32,-15,-30,-15,-27,-13,-27,-13,-25,-12,-24,-12,-23,-12,-23,-12,-21,-11,-20,-12,-23,-11,-21,-11,-23,-11,-25,-11,-25,-12,-26,-11,-27,-9,-27,-8,-25,-5,-24]"
CSI_DATA,7615,d8:b1:90:d9:de:f0,-43,11,-99,-37,44,104,546691108,277,0,106,0,"[23,0,40,15,33,0,-34,14,10,0,-61,14,-15,15,-36,14,-29,15,14,15,-20,15,91,15,22,0,-90,15,102,0,-6,15,-58,0,55,0,37,1,83,0,92,1,66,0,82,1,28,0,13,1,-8,15,0,0,0,0,67,0,5,0,-23,15,73,0,-100,15,-109,0,-129,15,-33,0,-120,15,1,1,-88,15,-21,0,-61,15,-81,0,-48,15,102,0,-60,15,27,0,-99,15,-46,15,98,15,-106,15,36,15,-124,15,-3,14]"
CSI_DATA,7616,d8:b1:90:d9:de:f0,-42,9,-99,-35,43,104,546691571,98,0,106,0,"[99,16,128,16,44,16,50,16,17,16,30,16,38,16,51,16,85,16,100,16,-125,16,-138,16,-29,16,-91,16,89,0,-52,16,-52,0,-25,16,58,1,-16,16,109,1,-27,16,98,1,-39,16,15,1,-33,16,0,0,0,0,73,0,9,0,-39,16,76,0,-135,16,-128,0,81,16,-71,0,66,16,-49,0,91,16,-74,0,133,16,-138,0,-104,16,67,0,-62,16,-10,16,-45,16,-106,16,-32,16,74,16,-50,16,3,16,-85,16]"
CSI_DATA,7617,d8:b1:90:d9:de:f0,-41,9,-99,-37,43,104,546735451,113,0,106,0,"[-138,0,-93,0,-105,0,-21,0,-83,0,-12,0,-93,0,-46,0,-131,0,-95,0,95,0,-137,0,5,0,116,0,-115,17,98,0,50,17,99,0,-51,16,125,0,-84,16,-132,0,-63,16,-124,0,19,17,139,0,0,0,0,0,-107,17,24,0,-47,17,-90,17,-19,17,94,17,-11,17,6,17,-12,17,-21,16,-13,17,9,17,-4,17,84,17,21,0,-145,17,66,0,-75,17,133,0,-19,17,-80,0,19,0,0,1,23,0,17,1]"
CSI_DATA,7618,d8:b1:90:d9:de:f0,-41,9,-99,-37,43,104,546760971,98,0,106,0,"[54,17,-50,17,-18,16,-85,17,-53,16,-83,17,-26,16,-66,17,27,17,-49,17,102,17,-57,17,-112,17,-98,17,-20,17,129,17,65,0,33,17,114,0,-58,16,118,0,-102,16,84,0,-91,16,47,0,-17,16,0,0,0,0,41,0,-113,17,92,0,13,0,-122,0,107,0,-49,0,-131,0,-19,0,-123,0,-30,0,-145,0,-86,0,120,0,132,0,103,0,54,0,102,0,-24,17,132,0,-97,17,-106,0,-128,17,-41,0,-100,17]"
CSI_DATA,7619,d8:b1:90:d9:de:f0,-42,9,-99,-36,43,104,546900461,108,0,106,0,"[-96,0,-136,0,-31,0,-79,0,4,1,-76,0,-6,0,-109,0,-49,0,136,0,-124,0,104,0,65,0,99,0,-50,16,125,0,122,16,-106,0,46,16,-41,0,23,16,6,1,59,16,21,1,126,16,-25,0,0,0,0,0,-58,16,71,0,-58,16,-60,16,-90,16,114,16,-134,16,34,16,120,16,14,16,122,16,50,16,-129,16,100,16,-74,16,-135,16,-1,16,-94,16,80,0,-87,16,-117,0,-105,16,-59,0,-143,16,-66,0]"
CSI_DATA,7620,d8:b1:90:d9:de:f0,-42,9,-99,-37,44,104,546900614,130,0,106,0,"[81,0,-56,0,111,0,18,1,-123,0,34,1,-109,0,3,1,-126,0,-55,0,93,0,-110,0,13,0,110,0,-93,15,82,0,52,15,85,0,-34,14,115,0,-64,14,-115,0,-29,14,-89,0,39,15,-100,0,0,0,0,0,-77,15,33,0,-28,15,-67,15,-18,15,83,15,-31,15,7,15,-53,15,-19,14,-69,15,7,15,-53,15,63,15,-22,15,123,15,27,0,-89,15,99,0,-54,15,-85,0,-43,15,-22,0,-72,15,-16,0]"
CSI_DATA,7621,d8:b1:90:d9:de:f0,-42,9,-99,-35,43,104,547109386,130,0,106,0,"[-92,16,-70,0,121,16,2,1,102,16,33,1,114,16,10,1,-133,16,-45,0,-100,16,-123,0,-65,16,54,0,-22,16,-76,16,5,0,67,16,25,0,-49,15,23,0,-110,15,15,0,-94,15,10,0,-18,15,0,0,0,0,8,0,-65,16,38,0,61,0,75,0,-92,0,111,0,-10,0,126,0,15,1,114,0,-18,0,80,0,-88,0,39,0,109,0,-9,16,28,0,-71,16,-50,16,135,16,-124,16,64,16,114,16,28,16]"
CSI_DATA,7622,d8:b1:90:d9:de:f0,-45,11,-99,-37,46,104,547503984,100,0,228,0,"[-9,0,-12,1,-14,3,-17,4,-18,6,-19,6,-20,6,101,60,-18,5,-16,4,-14,4,-13,4,-8,4,-6,4,-2,4,0,5,4,6,8,8,12,8,15,10,17,12,28,-48,20,13,19,13,18,14,16,13,14,12,12,9,0,0,7,5,4,2,3,-1,1,-4,0,-8,0,-12,-11,12,0,-17,0,-18,0,-18,0,-17,0,-16,0,-14,0,-12,0,-9,-1,-7,-2,-4,-4,-2,-5,0,-7,2,-80,12,-11,6,-13,8,-15,8,-17,8,-17,7,-16,5,-14,4,-10,-14,-20,-4,-20,9,-8,22,8,20,17,8,15,-6,-15,-6,-5,-8,-7,0,-2,6,6,4,8,-4,2,-12,-8,-12,-17,0,-14,13,-1,21,14,16,21,0,14,-13,20,-4,-9,-10,-11,1,-3,7,4,3,4,-4,-2,-8,0,0,-13,7,-4,17,9,17,21,6,20,-9,7,-21,-8,-35,-18,-8,-16,5,-5,12,4,8,5,2,1,-1,-1,0,-1,4,4,5,9,1,8,-6,2,-13,-7,-12,-23,0,-13,7,-4,14,6,12,10,3,8,-4,1,-6,-3,-2]"
CSI_DATA,7623,d8:b1:90:d9:de:f0,-43,11,-99,-35,44,104,547526703,277,0,106,0,"[110,0,-90,0,-99,0,-22,0,-65,0,-3,0,-57,0,-41,0,-80,0,-88,0,108,0,117,0,30,0,89,0,-79,14,91,0,58,14,120,0,-16,13,-73,0,-36,13,-16,0,4,14,6,0,68,14,-20,0,0,0,0,0,-50,14,74,0,-37,14,-41,14,-53,14,105,14,-94,14,35,14,121,14,18,14,116,14,48,14,-102,14,98,14,-53,14,-102,14,9,0,-73,14,83,0,-70,14,-85,0,-97,14,-43,0,105,14,-61,0]"
CSI_DATA,7624,d8:b1:90:d9:de:f0,-42,9,-99,-38,44,104,547527148,120,0,106,0,"[103,15,120,0,20,15,-128,0,-13,14,-112,0,7,15,-118,0,51,15,129,0,112,15,66,0,-101,15,-9,15,-42,15,-119,15,5,0,27,15,31,0,-69,14,32,0,-123,14,12,0,-108,14,5,0,-36,14,0,0,0,0,5,0,-93,15,60,0,24,0,119,0,124,0,-96,0,-77,0,-81,0,-57,0,-97,0,-77,0,126,0,-116,0,62,0,109,0,-10,15,72,0,-98,15,54,0,80,15,58,0,13,15,67,0,4,15]"
CSI_DATA,7625,d8:b1:90:d9:de:f0,-43,9,-99,-35,44,104,547527306,120,0,106,0,"[48,0,-65,0,37,0,19,0,45,0,50,0,46,0,29,0,38,0,-21,0,8,0,-87,0,-40,14,83,0,-118,14,3,0,35,14,-73,14,-39,13,-122,14,-93,13,115,14,-88,13,-108,14,-29,13,-74,14,0,0,0,0,-83,14,-30,14,32,0,-41,14,-111,0,-69,14,-39,0,-102,14,-14,0,-122,14,-38,0,-111,14,-87,0,-79,14,111,0,-31,14,64,0,30,0,34,0,102,0,20,0,-63,0,32,0,0,0,67,0]"
CSI_DATA,7626,d8:b1:90:d9:de:f0,-43,9,-99,-36,44,104,547736082,130,0,106,0,"[-53,0,54,0,19,1,97,0,48,1,99,0,20,1,89,0,-37,0,72,0,-116,0,62,0,45,0,66,0,-72,15,85,0,63,15,114,0,-24,14,-107,0,-56,14,-77,0,-36,14,-72,0,29,15,-108,0,0,0,0,0,-57,15,24,0,14,0,-71,15,71,0,95,15,98,0,22,15,104,0,-5,14,90,0,23,15,74,0,90,15,64,0,-87,15,62,0,-6,15,75,0,82,0,102,0,-90,0,-109,0,-41,0,-77,0]"
CSI_DATA,7627,d8:b1:90:d9:de:f0,-42,9,-99,-37,44,104,547736190,98,0,106,0,"[61,15,-97,15,-4,14,128,15,-36,14,-122,15,-21,14,-85,15,26,15,-61,15,95,15,-51,15,-80,15,-71,15,11,0,-131,15,87,0,47,15,122,0,-42,14,110,0,-94,14,66,0,-86,14,29,0,-19,14,0,0,0,0,13,0,-85,15,75,0,15,0,-102,0,83,0,-30,0,113,0,-1,0,104,0,-20,0,80,0,-78,0,56,0,119,0,55,0,44,0,71,0,-15,15,122,0,-55,15,-69,0,-52,15,-5,0,-7,15]"
CSI_DATA,7628,d8:b1:90:d9:de:f0,-42,9,-99,-37,43,104,547788117,98,0,106,0,"[112,0,-79,0,-146,0,-2,0,-108,0,12,1,-101,0,-24,0,-125,0,-79,0,112,0,-137,0,20,0,116,0,-97,17,93,0,75,17,112,0,-32,16,-145,0,-64,16,-101,0,-23,16,-70,0,65,17,-101,0,0,0,0,0,-51,17,51,0,-15,17,-77,17,-6,17,85,17,-32,17,-4,16,-64,17,-27,16,-83,17,6,17,-69,17,81,17,-38,17,-139,17,21,0,-72,17,107,0,-43,17,-97,0,-40,17,-28,0,-69,17,-31,0]"
CSI_DATA,7629,d8:b1:90:d9:de:f0,-42,9,-99,-36,43,104,547827801,130,0,106,0,"[-92,16,71,16,-133,16,-5,15,112,16,-13,15,93,16,37,16,113,16,96,16,-116,16,142,16,-30,16,-113,16,83,0,-125,16,-94,0,113,16,-23,0,37,16,-30,0,-30,15,-84,0,-51,15,123,0,3,16,0,0,0,0,26,0,-85,16,53,0,34,0,120,0,134,0,-93,0,-103,0,-47,0,-104,0,-57,0,-136,0,-107,0,106,0,114,0,90,0,44,0,98,0,-13,16,139,0,-58,16,-80,0,-58,16,-12,0,-1,16]"
CSI_DATA,7630,d8:b1:90:d9:de:f0,-42,11,-99,-36,43,104,548362298,277,0,106,0,"[138,0,105,16,-92,0,26,16,-85,0,-14,15,-123,0,-2,15,125,0,48,16,95,0,133,16,78,0,-42,16,94,0,81,0,121,0,-68,0,-121,0,26,1,-71,0,56,1,-63,0,19,1,-93,0,-66,0,0,0,0,0,43,0,39,0,-88,16,-25,16,84,16,-63,16,-5,15,-62,16,-31,15,-44,16,3,16,-34,16,79,16,-17,16,-117,16,-31,16,-33,16,-62,16,41,0,-105,16,107,0,114,16,130,0,57,16,102,0]"
CSI_DATA,7631,d8:b1:90:d9:de:f0,-42,9,-99,-36,44,104,548362752,101,0,106,0,"[66,15,-75,15,-22,14,-100,15,-60,14,-83,15,-43,14,-52,15,17,15,-29,15,91,15,-22,15,-71,15,-49,15,32,0,-106,15,121,0,66,15,-80,0,-16,14,-83,0,-60,14,-128,0,-55,14,75,0,6,15,0,0,0,0,4,0,-46,15,20,0,71,0,60,0,-70,0,112,0,-14,0,-115,0,-6,0,-116,0,-46,0,106,0,-101,0,53,0,104,0,-17,15,63,0,-98,15,47,0,79,15,54,0,31,15,89,0,39,15]"
CSI_DATA,7632,d8:b1:90:d9:de:f0,-42,9,-99,-35,43,104,548362874,108,0,106,0,"[102,0,77,16,-139,0,-17,15,125,0,-63,15,81,0,-45,15,49,0,17,16,35,0,101,16,59,0,-71,16,107,0,45,0,-85,0,-129,0,8,1,-77,0,63,1,-74,0,68,1,-127,0,-4,0,92,0,0,0,0,0,53,0,8,0,-81,16,26,0,80,16,77,0,15,16,135,0,7,16,-105,0,57,16,-110,0,119,16,122,0,-106,16,64,0,-63,16,-11,16,-51,16,-104,16,-62,16,89,16,-104,16,34,16,130,16]"
CSI_DATA,7633,d8:b1:90:d9:de:f0,-42,9,-99,-37,44,104,548362974,224,0,106,0,"[60,15,-45,15,-22,14,-86,15,-59,14,-88,15,-32,14,-81,15,30,15,-76,15,111,15,-66,15,-47,15,-66,15,75,0,-78,15,-62,0,-97,15,39,1,-117,15,79,1,-127,15,57,1,-127,15,-15,0,-101,15,0,0,0,0,45,0,-17,15,-58,15,54,0,112,15,125,0,55,15,-85,0,39,15,-71,0,62,15,-98,0,111,15,110,0,-102,15,46,0,-53,15,-26,15,-14,15,-104,15,15,0,81,15,18,0,19,15,3,0]"
CSI_DATA,7634,d8:b1:90:d9:de:f0,-42,9,-99,-38,44,104,548363164,98,0,106,0,"[14,0,-52,0,16,0,40,1,49,0,68,1,72,0,37,1,66,0,-27,0,41,0,-96,0,-23,15,102,0,-116,15,41,0,40,15,5,0,-57,14,-1,15,-99,14,25,0,-78,14,58,0,9,15,65,0,0,0,0,0,-60,15,11,0,24,0,-78,15,84,0,95,15,100,0,15,15,93,0,-16,14,65,0,19,15,45,0,83,15,45,0,-116,15,69,0,-43,15,116,0,20,0,-91,0,68,0,-33,0,75,0,-16,0]"
CSI_DATA,7635,d8:b1:90:d9:de:f0,-41,11,-99,-34,42,104,548504009,100,0,114,0,"[-30,10,-34,9,-38,7,-39,7,-39,7,-38,7,-36,5,-35,4,-33,7,-33,5,-32,7,-32,7,-32,7,-32,9,-33,10,-34,11,-34,13,-35,14,-36,15,-36,15,-36,16,-35,19,-36,19,-35,20,-34,19,-33,19,-32,20,-32,19,0,0,-29,20,-29,20,-29,21,-28,22,-28,23,-28,23,-27,24,-27,26,-24,24,-24,24,-22,24,-20,23,-19,23,-16,22,-16,21,-15,21,-13,22,-13,22,-13,22,-11,23,-11,26,-13,26,-11,27,-13,27,-13,27,-13,26,-13,23,-11,21]"
CSI_DATA,7636,d8:b1:90:d9:de:f0,-43,11,-99,-37,44,104,548780095,277,0,106,0,"[89,0,64,15,-131,0,-2,14,126,0,-37,14,98,0,-27,14,71,0,13,15,51,0,83,15,61,0,-91,15,110,0,6,0,-73,0,93,0,15,1,-112,0,76,1,-110,0,81,1,110,0,27,1,56,0,0,0,0,0,90,0,6,0,-16,15,56,0,-109,15,124,0,103,15,-61,0,108,15,-18,0,-118,15,-28,0,-79,15,-81,0,-49,15,112,0,-54,15,30,0,-84,15,-43,15,115,15,-111,15,41,15,130,15,-7,14]"
CSI_DATA,7637,d8:b1:90:d9:de:f0,-43,9,-99,-37,45,104,548780549,252,0,106,0,"[-80,13,-54,0,96,13,0,0,77,13,21,0,90,13,8,0,115,13,-32,0,-103,13,-99,0,-88,13,49,0,-82,13,-54,13,-94,13,66,13,-116,13,-27,12,98,13,-66,12,87,13,-57,12,107,13,-1,12,0,0,0,0,-33,13,-77,13,49,0,-5,13,-91,0,47,0,-22,0,78,0,11,0,83,0,-12,0,73,0,-64,0,58,0,102,0,47,0,25,0,51,0,-53,13,72,0,107,13,112,0,61,13,-74,0,72,13]"
CSI_DATA,7638,d8:b1:90:d9:de:f0,-43,9,-99,-36,44,104,548780733,130,0,106,0,"[-12,15,-48,0,-43,15,29,1,-50,15,61,1,-43,15,51,1,-39,15,-7,0,-39,15,-73,0,-62,15,89,0,-107,15,-14,15,85,15,-120,15,17,15,52,15,-22,14,22,15,-24,14,44,15,17,15,94,15,0,0,0,0,-72,15,-54,15,40,0,-32,15,-94,0,-27,15,-13,0,-38,15,17,1,-56,15,-4,0,-58,15,-65,0,-45,15,119,0,-19,15,52,0,32,0,-7,15,97,0,-51,15,-81,0,-58,15,-4,0,-21,15]"
CSI_DATA,7639,d8:b1:90:d9:de:f0,-43,9,-99,-37,45,104,548780886,113,0,106,0,"[72,13,107,0,-4,12,-107,0,-28,12,-93,0,-9,12,-92,0,30,13,115,0,83,13,77,0,-102,13,11,0,-53,13,-85,13,-15,13,42,13,-2,13,-54,12,-9,13,-100,12,-32,13,-90,12,-42,13,-30,12,0,0,0,0,-9,13,-83,13,48,0,9,0,-112,0,89,0,-49,0,-95,0,-20,0,-91,0,-32,0,-114,0,-81,0,92,0,90,0,67,0,17,0,54,0,-63,13,63,0,88,13,89,0,42,13,-95,0,52,13]"
CSI_DATA,7640,d8:b1:90:d9:de:f0,-42,9,-99,-37,44,104,548780994,98,0,106,0,"[-91,15,73,15,-97,15,-16,14,-114,15,-44,14,-118,15,-21,14,-99,15,32,15,-59,15,87,15,6,0,-111,15,95,0,-47,15,-49,0,5,0,48,1,25,0,103,1,22,0,97,1,-2,15,29,1,-13,15,0,0,0,0,94,0,-4,15,-13,15,53,0,-100,15,127,0,107,15,-69,0,94,15,-33,0,119,15,-52,0,-108,15,-100,0,-77,15,94,0,-60,15,15,0,-64,15,-71,15,-94,15,102,15,117,15,48,15,69,15]"
CSI_DATA,7641,d8:b1:90:d9:de:f0,-42,9,-99,-38,44,104,548812434,98,0,106,0,"[10,0,-81,0,-7,15,21,1,-5,15,64,1,-1,15,46,1,-9,15,-12,0,-16,15,-90,0,-45,15,79,0,-84,15,-38,15,131,15,106,15,79,15,11,15,54,15,-27,14,50,15,-5,14,93,15,62,15,0,0,0,0,-39,15,-26,15,58,0,61,0,-110,0,133,0,-38,0,-95,0,-13,0,-86,0,-45,0,-108,0,-111,0,128,0,76,0,90,0,-10,15,60,0,-105,15,40,0,63,15,28,0,1,15,46,0,-4,14]"
CSI_DATA,7642,d8:b1:90:d9:de:f0,-43,9,-99,-36,44,104,548989447,125,0,106,0,"[-68,0,94,0,16,1,124,0,55,1,97,0,41,1,51,0,-22,0,19,0,-88,0,20,0,85,0,51,0,9,0,111,0,-51,15,-55,0,-65,15,33,1,-45,15,70,1,-2,15,51,1,19,0,-29,0,0,0,0,0,-9,15,36,0,-90,15,-47,15,68,15,-99,15,-5,14,-104,15,-35,14,-79,15,-2,14,-45,15,65,15,-26,15,-117,15,-31,15,-49,15,-55,15,10,0,-113,15,44,0,74,15,36,0,10,15,-8,15]"
CSI_DATA,7643,d8:b1:90:d9:de:f0,-43,9,-99,-35,44,104,549198364,113,0,106,0,"[-29,14,-48,0,-54,14,29,0,-52,14,55,0,-47,14,28,0,-41,14,-25,0,-42,14,-99,0,-59,14,57,0,-92,14,-56,14,117,14,86,14,81,14,1,14,62,14,-22,13,65,14,-1,13,102,14,53,14,0,0,0,0,-14,14,-39,14,77,0,29,0,-74,0,86,0,-8,0,115,0,13,0,118,0,-15,0,103,0,-79,0,83,0,92,0,68,0,7,0,56,0,-80,14,58,0,81,14,77,0,27,14,112,0,26,14]"
CSI_DATA,7644,d8:b1:90:d9:de:f0,-43,11,-99,-36,44,104,549406791,277,0,106,0,"[-90,15,-91,0,124,15,-5,0,-117,15,34,1,-88,15,22,1,-62,15,-34,0,-50,15,-101,0,-59,15,59,0,-103,15,-47,15,86,15,115,15,13,15,52,15,-33,14,44,15,-39,14,88,15,15,15,-109,15,0,0,0,0,-53,15,-8,15,61,0,-3,15,-73,0,-18,15,-1,0,-58,15,19,1,-94,15,-15,0,-101,15,-81,0,-82,15,114,0,-42,15,61,0,20,0,23,0,100,0,9,0,-72,0,37,0,-3,0,84,0]"
CSI_DATA,7645,d8:b1:90:d9:de:f0,-43,9,-99,-36,44,104,549407272,98,0,106,0,"[-87,0,88,0,-12,0,-121,0,30,1,-123,0,20,1,100,0,-25,0,77,0,-96,0,69,0,75,0,83,0,-20,15,-124,0,-111,15,-50,0,95,15,25,1,93,15,67,1,-126,15,63,1,-81,15,5,1,0,0,0,0,-16,15,69,0,-36,15,-48,15,-88,15,103,15,114,15,38,15,80,15,28,15,78,15,56,15,115,15,102,15,-81,15,-111,15,-12,15,-82,15,68,0,-84,15,-105,0,-114,15,-62,0,95,15,-76,0]"
CSI_DATA,7646,d8:b1:90:d9:de:f0,-46,11,-99,-41,48,104,549503948,100,0,228,0,"[4,2,7,1,10,1,13,1,16,2,16,2,17,3,90,53,16,5,14,4,12,4,10,3,9,2,7,0,5,-1,3,-3,2,-6,0,-10,0,-13,0,-16,0,-18,25,-42,1,-21,2,-21,3,-20,4,-18,4,-16,4,-13,0,0,2,-6,1,-3,0,0,-2,2,-5,4,-8,6,87,10,-13,8,-14,8,-15,8,-15,7,-14,5,-12,5,-10,4,-8,4,-6,3,-4,3,-2,4,0,5,2,5,30,0,5,9,7,11,7,13,7,15,5,15,3,15,1,13,0,16,12,15,20,4,18,-9,7,-18,-5,-16,-13,-6,6,7,-3,6,2,4,2,-1,-2,-3,-7,0,-6,7,1,12,11,10,17,0,13,-13,0,-18,-12,-14,-17,0,-11,-10,0,13,8,7,7,-2,0,-5,-6,-2,-6,5,0,0,10,8,16,-2,10,-13,-1,-19,-14,-13,-20,0,-26,20,-2,17,8,12,11,3,8,-3,2,-5,0,-2,1,0,4,-1,3,-5,-2,-8,-8,-6,-11,0,-9,10,3,22,9,11,14,2,11,-7,2,-11,-5,-8,-7,-1,-3,3]"
CSI_DATA,7647,d8:b1:90:d9:de:f0,-44,11,-99,-39,46,104,549615690,277,0,106,0,"[61,0,-41,0,76,0,26,0,91,0,48,0,96,0,19,0,71,0,-21,0,37,0,-77,0,-17,12,84,0,-94,12,32,0,38,12,-23,12,-33,12,-40,12,-71,12,-47,12,-57,12,-27,12,3,12,-8,12,0,0,0,0,-45,12,-20,12,58,0,-49,12,-84,0,-96,12,-27,0,79,12,-19,0,58,12,-45,0,76,12,-91,0,-107,12,92,0,-45,12,59,0,9,0,35,0,85,0,32,0,-61,0,51,0,-6,0,81,0]"
CSI_DATA,7648,d8:b1:90:d9:de:f0,-43,9,-99,-37,45,104,549616153,130,0,106,0,"[1,0,-33,0,1,0,41,0,21,0,65,0,36,0,39,0,42,0,-13,0,11,0,-78,0,-31,13,88,0,-104,13,13,0,41,13,-41,13,-33,12,-70,13,-68,12,-66,13,-55,12,-41,13,1,13,-24,13,0,0,0,0,-43,13,-17,13,57,0,-59,13,-96,0,-115,13,-48,0,67,13,-44,0,42,13,-69,0,55,13,-111,0,98,13,87,0,-72,13,61,0,-2,13,62,0,77,0,86,0,-80,0,-116,0,-31,0,-77,0]"
CSI_DATA,7649,d8:b1:90:d9:de:f0,-42,9,-99,-37,44,104,549643879,108,0,106,0,"[-50,0,-46,15,37,1,-63,15,61,1,-101,15,24,1,-118,15,-39,0,-104,15,-104,0,-69,15,100,0,5,0,55,0,103,0,36,0,-44,0,51,0,49,1,78,0,91,1,110,0,72,1,102,0,-18,0,0,0,0,0,12,0,64,0,-87,15,0,0,72,15,-36,15,-13,14,-41,15,-45,14,-21,15,-11,14,-2,15,58,15,3,0,-130,15,-14,15,-62,15,-50,15,-6,15,-116,15,30,0,63,15,20,0,-8,14,-27,15]"
CSI_DATA,7650,d8:b1:90:d9:de:f0,-43,9,-99,-35,44,104,550242840,101,0,106,0,"[-61,14,-49,0,-95,14,30,0,-96,14,61,0,-80,14,38,0,-63,14,-15,0,-55,14,-89,0,-61,14,68,0,-84,14,-44,14,-118,14,91,14,89,14,3,14,62,14,-27,13,57,14,-6,13,92,14,55,14,0,0,0,0,-25,14,-40,14,70,0,23,0,-78,0,72,0,0,0,95,0,24,0,90,0,-4,0,71,0,-67,0,53,0,101,0,41,0,19,0,43,0,-65,14,61,0,101,14,93,0,52,14,-107,0,59,14]"
CSI_DATA,7651,d8:b1:90:d9:de:f0,-44,9,-99,-37,45,104,550242954,130,0,106,0,"[56,0,-49,0,71,0,28,0,88,0,50,0,87,0,30,0,76,0,-19,0,37,0,-80,0,-15,13,92,0,-91,13,17,0,55,13,-46,13,-16,12,-95,13,-56,12,-110,13,-46,12,-90,13,6,13,-64,13,0,0,0,0,-44,13,-19,13,61,0,-25,13,-67,0,-47,13,-2,0,-74,13,16,0,-89,13,-9,0,-88,13,-64,0,-68,13,102,0,-30,13,39,0,18,0,-7,13,79,0,-41,13,-78,0,-53,13,-20,0,-28,13]"
CSI_DATA,7652,d8:b1:90:d9:de:f0,-42,9,-99,-38,44,104,550285801,98,0,106,0,"[-8,15,40,15,-14,15,-37,14,-52,15,-60,14,-80,15,-26,14,-87,15,21,15,-56,15,93,15,2,0,-119,15,100,0,-85,15,-62,0,-69,15,24,1,-92,15,58,1,-133,15,24,1,112,15,-49,0,121,15,0,0,0,0,64,0,-27,15,31,0,84,0,42,0,-80,0,75,0,-3,0,111,0,6,1,120,0,-30,0,99,0,-94,0,50,0,116,0,-13,15,77,0,-94,15,74,0,95,15,101,0,55,15,-120,0,72,15]"
CSI_DATA,7653,d8:b1:90:d9:de:f0,-41,11,-99,-34,42,104,550503986,100,0,114,0,"[-1,-32,1,-35,3,-38,5,-39,7,-38,7,-38,9,-36,9,-34,8,-32,9,-30,8,-30,8,-29,8,-30,9,-32,8,-33,8,-34,8,-35,8,-35,8,-38,8,-38,8,-40,8,-40,8,-39,8,-39,8,-36,7,-35,8,-35,7,-34,0,0,7,-34,7,-33,8,-34,5,-34,7,-34,8,-35,7,-35,7,-35,7,-34,7,-32,4,-32,4,-30,3,-28,3,-28,2,-24,2,-26,2,-24,2,-24,2,-26,2,-26,2,-27,2,-29,2,-29,2,-28,4,-28,4,-28,5,-26,5,-23]"
CSI_DATA,7654,d8:b1:90:d9:de:f0,-44,11,-99,-36,45,104,550660183,277,0,106,0,"[-108,0,85,13,-60,0,13,13,-67,0,-25,12,-100,0,-18,12,88,0,21,13,64,0,87,13,57,0,-57,13,77,0,41,0,-107,0,-87,0,-57,0,-20,0,-19,0,-10,0,-11,0,-42,0,-45,0,-100,0,0,0,0,0,27,0,16,0,-78,13,-3,13,48,13,4,0,-15,12,32,0,-28,12,65,0,5,13,69,0,70,13,57,0,-94,13,21,0,-37,13,-27,13,1,0,-92,13,22,0,58,13,10,0,2,13,-31,13]"
CSI_DATA,7655,d8:b1:90:d9:de:f0,-43,9,-99,-39,45,104,550660628,214,0,106,0,"[-46,0,-34,14,45,0,-43,14,71,0,-56,14,42,0,-55,14,-11,0,-43,14,-88,0,-16,14,77,0,29,0,-21,14,92,0,-113,14,-88,0,68,14,-28,0,39,14,4,0,62,14,-4,0,110,14,-59,0,0,0,0,0,-16,14,24,0,28,0,-83,14,56,0,60,14,71,0,-8,13,68,0,-29,13,55,0,7,14,48,0,78,14,38,0,-90,14,43,0,-3,14,59,0,81,0,86,0,-87,0,120,0,-36,0,-101,0]"
CSI_DATA,7656,d8:b1:90:d9:de:f0,-43,9,-99,-36,44,104,550660764,214,0,106,0,"[49,15,-15,15,-45,14,-15,15,-75,14,17,0,-45,14,48,0,13,15,54,0,79,15,30,0,-102,15,-19,15,-40,15,-102,15,1,0,54,15,10,0,-35,14,-15,15,-71,14,-44,15,-53,14,-49,15,25,15,0,0,0,0,1,0,-46,15,80,0,31,0,-78,0,77,0,-5,0,88,0,21,1,70,0,-10,0,46,0,-77,0,25,0,107,0,32,0,35,0,53,0,-27,15,101,0,-72,15,-87,0,-80,15,-23,0,-38,15]"
CSI_DATA,7657,d8:b1:90:d9:de:f0,-43,9,-99,-35,44,104,550660954,214,0,106,0,"[97,0,70,14,-104,0,-8,13,-102,0,-41,13,119,0,-24,13,95,0,29,14,78,0,106,14,63,0,-45,14,66,0,66,0,77,0,-66,0,98,0,22,0,123,0,54,0,-120,0,29,0,102,0,-35,0,0,0,0,0,13,0,25,0,-68,14,-56,14,99,14,-124,14,36,14,89,14,17,14,88,14,44,14,107,14,103,14,-100,14,-70,14,-67,14,8,0,-40,14,93,0,-31,14,-68,0,-36,14,-14,0,-54,14,-10,0]"
CSI_DATA,7658,d8:b1:90:d9:de:f0,-43,9,-99,-36,44,104,550661108,214,0,106,0,"[-88,0,124,0,-9,0,-88,0,36,1,-100,0,31,1,110,0,-19,0,69,0,-84,0,48,0,84,0,65,0,-6,15,108,0,-88,15,-72,0,-124,15,10,1,-117,15,54,1,-75,15,48,1,-34,15,-19,0,0,0,0,0,-17,15,43,0,-66,15,-55,15,108,15,-125,15,40,15,102,15,7,15,115,15,29,15,-101,15,84,15,-64,15,-97,15,-52,15,-26,15,-58,15,45,0,-98,15,99,0,100,15,107,0,34,15,68,0]"
CSI_DATA,7659,d8:b1:90:d9:de:f0,-43,9,-99,-35,44,104,550661298,214,0,106,0,"[61,14,78,0,-21,13,116,0,-43,13,-102,0,-11,13,-100,0,44,14,122,0,104,14,77,0,-81,14,5,0,-20,14,-90,14,23,0,51,14,41,0,-35,13,38,0,-74,13,11,0,-55,13,-4,14,13,14,0,0,0,0,-3,14,-28,14,37,0,79,0,83,0,-74,0,-111,0,-19,0,-92,0,-15,0,-103,0,-55,0,103,0,-107,0,46,0,85,0,-22,14,40,0,-99,14,7,0,65,14,-9,14,3,14,5,0,0,13]"
CSI_DATA,7660,d8:b1:90:d9:de:f0,-44,9,-99,-36,45,104,550661460,214,0,106,0,"[-96,0,96,13,-34,0,35,13,-32,0,0,13,-59,0,11,13,-92,0,46,13,96,0,106,13,68,0,-37,13,57,0,65,0,62,0,-57,0,76,0,24,0,98,0,56,0,110,0,33,0,100,0,-31,0,0,0,0,0,14,0,26,0,-66,13,-45,13,81,13,-104,13,15,13,101,13,-8,12,110,13,18,13,-95,13,77,13,-65,13,-81,13,-47,13,-8,13,-41,13,70,0,-56,13,-81,0,-86,13,-47,0,101,13,-55,0]"
CSI_DATA,7661,d8:b1:90:d9:de:f0,-43,9,-99,-37,45,104,550661659,214,0,106,0,"[3,0,37,13,13,0,-44,12,-3,13,-75,12,-20,13,-47,12,-18,13,7,13,1,0,72,13,34,0,-83,13,98,0,-3,13,-57,0,66,0,9,0,-117,0,47,0,-114,0,36,0,101,0,-22,0,70,0,0,0,0,0,29,0,22,0,-75,13,35,0,66,13,62,0,10,13,97,0,-5,12,115,0,27,13,104,0,83,13,74,0,-96,13,24,0,-46,13,-29,13,-13,13,-98,13,5,0,62,13,0,0,4,13,-29,13]"
CSI_DATA,7662,d8:b1:90:d9:de:f0,-42,9,-99,-38,44,104,550869581,98,0,106,0,"[20,0,60,15,30,0,-30,14,5,0,-60,14,-15,15,-36,14,-29,15,29,15,-13,15,100,15,31,0,-88,15,111,0,-6,15,-56,0,57,0,37,1,90,0,83,1,79,0,72,1,39,0,1,1,11,0,0,0,0,0,61,0,7,0,-44,15,69,0,-133,15,-121,0,97,15,-50,0,104,15,-14,0,-129,15,-32,0,-93,15,-93,0,-66,15,100,0,-61,15,18,0,-86,15,-69,15,129,15,124,15,62,15,86,15,19,15]"
CSI_DATA,7663,d8:b1:90:d9:de:f0,-43,11,-99,-39,45,104,551077981,277,0,106,0,"[-47,0,4,0,41,0,1,0,69,0,-22,14,39,0,-35,14,-19,0,-39,14,-92,0,-16,14,76,0,29,0,-11,14,98,0,-80,14,-66,0,122,14,10,0,115,14,56,0,-106,14,51,0,-70,14,-16,0,0,0,0,0,-22,14,34,0,-36,14,-81,14,-68,14,61,14,-111,14,-3,13,108,14,-18,13,117,14,22,14,-95,14,88,14,-45,14,-97,14,19,0,-45,14,100,0,-8,14,-62,0,5,0,8,0,-10,14,17,0]"
CSI_DATA,7664,d8:b1:90:d9:de:f0,-43,9,-99,-36,44,104,551078435,119,0,106,0,"[-104,15,73,15,119,15,-2,14,88,15,-20,14,92,15,13,15,114,15,61,15,-90,15,108,15,-17,15,-102,15,85,0,-75,15,-57,0,-57,15,28,1,-66,15,64,1,-87,15,44,1,-102,15,-27,0,-91,15,0,0,0,0,62,0,0,0,-12,15,90,0,-61,15,-73,0,-79,15,3,1,-72,15,29,1,-55,15,2,1,-39,15,-66,0,-45,15,114,0,-60,15,38,0,-101,15,-35,15,92,15,-98,15,30,15,-121,15,0,15]"
CSI_DATA,7665,d8:b1:90:d9:de:f0,-43,9,-99,-37,45,104,551078547,139,0,106,0,"[-106,13,71,13,87,13,4,13,55,13,-5,12,62,13,23,13,88,13,69,13,-96,13,111,13,-21,13,-90,13,76,0,-74,13,-59,0,-72,13,20,0,-92,13,55,0,-111,13,34,0,103,13,-35,0,-112,13,0,0,0,0,50,0,-7,13,0,0,88,0,-34,13,-55,0,-36,13,18,0,-22,13,45,0,-2,13,10,0,-3,13,-57,0,-12,13,106,0,-48,13,43,0,-101,13,-17,13,66,13,-58,13,3,13,-64,13,-17,12]"
CSI_DATA,7666,d8:b1:90:d9:de:f0,-43,9,-99,-36,44,104,551078700,119,0,106,0,"[54,0,59,15,79,0,-21,14,64,0,-55,14,41,0,-35,14,27,0,19,15,28,0,87,15,57,0,-88,15,115,0,-4,15,-65,0,74,0,13,1,124,0,54,1,127,0,46,1,104,0,-20,0,64,0,0,0,0,0,51,0,32,0,-60,15,69,0,104,15,124,0,51,15,-78,0,45,15,-48,0,77,15,-64,0,126,15,-111,0,-93,15,81,0,-71,15,4,0,-75,15,-80,15,-103,15,97,15,106,15,50,15,66,15]"
CSI_DATA,7667,d8:b1:90:d9:de:f0,-43,9,-99,-37,45,104,551078840,139,0,106,0,"[-92,0,98,13,-39,0,44,13,-39,0,11,13,-72,0,15,13,-114,0,45,13,90,0,109,13,80,0,-51,13,92,0,50,0,-108,0,-89,0,-64,0,-23,0,-24,0,-5,0,-17,0,-37,0,-55,0,-92,0,0,0,0,0,26,0,44,0,-77,13,34,0,57,13,45,0,-8,12,81,0,-20,12,108,0,16,13,110,0,74,13,86,0,-104,13,38,0,-62,13,-20,13,-39,13,-94,13,-40,13,60,13,-69,13,6,13,-116,13]"
CSI_DATA,7668,d8:b1:90:d9:de:f0,-43,9,-99,-36,44,104,551078948,133,0,106,0,"[45,0,-56,0,63,0,30,1,96,0,52,1,109,0,20,1,101,0,-34,0,66,0,-100,0,0,0,101,0,-93,15,63,0,54,15,44,0,-35,14,48,0,-70,14,73,0,-49,14,96,0,28,15,93,0,0,0,0,0,-61,15,7,0,4,0,-91,15,40,0,64,15,45,0,-16,14,26,0,-41,14,0,0,-7,14,-3,15,61,15,10,0,-123,15,49,0,-53,15,106,0,2,0,-71,0,41,0,1,1,32,0,17,1]"
CSI_DATA,7669,d8:b1:90:d9:de:f0,-43,9,-99,-35,44,104,551079119,113,0,106,0,"[-89,0,-118,14,-16,0,78,14,0,0,56,14,-25,0,65,14,-68,0,107,14,-117,0,-87,14,77,0,-6,14,29,0,92,0,-16,14,-45,0,-42,14,38,0,-42,14,76,0,-30,14,61,0,-17,14,-8,0,0,0,0,0,-16,14,32,0,-39,14,-78,14,-72,14,65,14,-109,14,1,14,123,14,-13,13,-111,14,17,14,-75,14,78,14,-26,14,-103,14,30,0,-41,14,100,0,14,0,-69,0,63,0,-3,0,73,0,15,0]"
CSI_DATA,7670,d8:b1:90:d9:de:f0,-44,9,-99,-36,45,104,551079228,133,0,106,0,"[89,0,-67,0,-110,0,5,0,-89,0,25,0,-95,0,0,0,109,0,-40,0,60,0,-91,0,-1,13,77,0,-89,13,20,0,43,13,-32,13,-28,12,-67,13,-66,12,-73,13,-51,12,-60,13,6,13,-46,13,0,0,0,0,-34,13,-17,13,74,0,-31,13,-58,0,-56,13,7,0,-82,13,26,0,-95,13,-3,0,-85,13,-61,0,-59,13,104,0,-17,13,40,0,28,0,-12,13,91,0,-57,13,-65,0,-74,13,-8,0,-52,13]"
CSI_DATA,7671,d8:b1:90:d9:de:f0,-44,9,-99,-38,46,104,551079345,113,0,106,0,"[-93,0,96,12,-35,0,47,12,-23,0,21,12,-46,0,32,12,-79,0,68,12,100,0,-94,12,72,0,-18,12,41,0,72,0,25,0,-43,0,17,0,34,0,18,0,68,0,30,0,50,0,26,0,-5,0,0,0,0,0,-5,12,37,0,-53,12,-53,12,-106,12,84,12,64,12,35,12,48,12,24,12,63,12,47,12,-106,12,89,12,-53,12,-79,12,10,0,-43,12,83,0,-20,12,-54,0,-6,12,0,0,-18,12,13,0]"
CSI_DATA,7672,d8:b1:90:d9:de:f0,-43,9,-99,-36,44,104,551287333,130,0,106,0,"[58,15,-54,15,-21,14,-75,15,-51,14,-58,15,-23,14,-29,15,29,15,-17,15,109,15,-23,15,-60,15,-47,15,40,0,-104,15,127,0,80,15,-74,0,11,15,-75,0,-29,14,-102,0,-25,14,110,0,33,15,0,0,0,0,30,0,-35,15,33,0,84,0,54,0,-69,0,86,0,0,1,110,0,16,1,108,0,-20,0,80,0,-80,0,35,0,115,0,-25,15,57,0,-98,15,19,0,70,15,1,0,2,15,12,0,-9,14]"
CSI_DATA,7673,d8:b1:90:d9:de:f0,-43,9,-99,-37,45,104,551287477,113,0,106,0,"[-77,13,-63,0,-113,13,6,0,-103,13,41,0,-79,13,18,0,-55,13,-30,0,-44,13,-97,0,-57,13,51,0,-91,13,-44,13,85,13,98,13,29,13,40,13,-8,12,29,13,-11,12,57,13,33,13,107,13,0,0,0,0,-29,13,-33,13,77,0,-24,13,-56,0,-36,13,11,0,-62,13,28,0,-87,13,-3,0,-88,13,-66,0,-68,13,113,0,-28,13,57,0,21,0,16,0,93,0,0,13,-61,0,15,0,2,0,50,0]"
CSI_DATA,7674,d8:b1:90:d9:de:f0,-43,9,-99,-36,44,104,551331017,352,0,106,0,"[48,15,-32,15,-34,14,-39,15,-66,14,-13,15,-38,14,16,0,12,15,31,0,82,15,20,0,-101,15,-26,15,-40,15,-105,15,7,0,51,15,19,0,-30,14,-2,15,-73,14,-33,15,-53,14,-46,15,15,15,0,0,0,0,7,0,-56,15,91,0,21,0,-78,0,70,0,1,1,81,0,35,1,67,0,9,1,41,0,-53,0,22,0,127,0,30,0,60,0,53,0,0,0,107,0,-39,15,-73,0,-39,15,-8,0,9,0]"
CSI_DATA,7675,d8:b1:90:d9:de:f0,-43,9,-99,-36,44,104,551368788,133,0,106,0,"[58,15,-27,15,-19,14,-52,15,-55,14,-46,15,-39,14,-34,15,12,15,-32,15,82,15,-36,15,-92,15,-70,15,-7,15,127,15,79,0,50,15,-118,0,-18,14,-107,0,-55,14,-127,0,-38,14,91,0,22,15,0,0,0,0,34,0,-47,15,47,0,76,0,76,0,-73,0,110,0,-3,0,-128,0,11,1,119,0,-12,0,91,0,-69,0,39,0,-124,0,-23,15,83,0,-98,15,55,0,73,15,37,0,16,15,54,0,4,15]"
CSI_DATA,7676,d8:b1:90:d9:de:f0,-43,9,-99,-37,45,104,551368958,133,0,106,0,"[70,13,94,0,-4,12,-108,0,-21,12,-82,0,3,13,-80,0,52,13,-107,0,92,13,79,0,-105,13,5,0,-79,13,-88,13,-68,13,44,13,-79,13,-36,12,-99,13,-65,12,-108,13,-43,12,-94,13,24,13,0,0,0,0,-3,13,-44,13,77,0,20,0,-66,0,70,0,5,0,85,0,31,0,78,0,4,0,65,0,-56,0,49,0,113,0,51,0,42,0,65,0,-24,13,99,0,-80,13,-81,0,-107,13,-28,0,-84,13]"
CSI_DATA,7677,d8:b1:90:d9:de:f0,-43,9,-99,-37,45,104,551369219,113,0,106,0,"[-75,0,-79,13,0,0,-117,13,15,0,81,13,-14,0,77,13,-62,0,95,13,-111,0,-91,13,88,0,-17,13,67,0,78,0,70,0,-55,0,94,0,24,0,-112,0,56,0,-89,0,24,0,-104,0,-46,0,0,0,0,0,22,0,33,0,-78,13,-21,13,56,13,-46,13,-19,12,-44,13,-45,12,-21,13,-11,12,0,0,53,13,5,0,-117,13,-3,13,-49,13,-36,13,3,0,-93,13,40,0,73,13,41,0,8,13,8,0]"
CSI_DATA,7678,d8:b1:90:d9:de:f0,-43,9,-99,-35,44,104,551369382,113,0,106,0,"[85,0,-78,0,105,0,11,0,119,0,40,0,106,0,19,0,80,0,-30,0,34,0,-92,0,-25,14,87,0,-105,14,2,0,52,14,-69,14,-19,13,121,14,-50,13,97,14,-40,13,113,14,28,14,-101,14,0,0,0,0,-30,14,-23,14,85,0,3,0,-53,0,24,0,24,0,30,0,49,0,24,0,11,0,23,0,-57,0,28,0,115,0,38,0,33,0,55,0,-54,14,85,0,117,14,120,0,66,14,-82,0,68,14]"
CSI_DATA,7679,d8:b1:90:d9:de:f0,-42,11,-99,-37,44,104,551495778,277,0,106,0,"[-59,0,-42,15,27,1,-60,15,48,1,-103,15,19,1,-120,15,-38,0,-118,15,-101,0,-81,15,107,0,-11,15,69,0,95,0,63,0,-54,0,85,0,45,1,124,0,79,1,-108,0,48,1,-118,0,-30,0,0,0,0,0,39,0,52,0,-67,15,7,0,75,15,-11,15,-15,14,3,0,-45,14,38,0,-11,14,60,0,56,15,62,0,-130,15,39,0,-65,15,-14,15,-23,15,-94,15,-18,15,79,15,-51,15,8,15,-114,15]"
CSI_DATA,7680,d8:b1:90:d9:de:f0,-43,9,-99,-38,45,104,551496250,120,0,106,0,"[67,0,-64,0,77,0,16,0,93,0,42,0,89,0,19,0,75,0,-27,0,34,0,-83,0,-19,14,92,0,-101,14,25,0,45,14,-30,14,-34,13,-67,14,-73,13,-76,14,-66,13,-57,14,-8,13,-38,14,0,0,0,0,-56,14,-14,14,51,0,-40,14,-87,0,-75,14,-20,0,-116,14,1,0,103,14,-25,0,107,14,-74,0,-101,14,111,0,-53,14,63,0,4,0,27,0,84,0,12,0,-76,0,19,0,-6,0,53,0]"
CSI_DATA,7681,d8:b1:90:d9:de:f0,-43,9,-99,-38,45,104,551496399,120,0,106,0,"[-118,14,98,14,70,14,33,14,34,14,21,14,39,14,54,14,70,14,97,14,-107,14,-108,14,-28,14,-72,14,76,0,-51,14,-50,0,-46,14,35,0,-60,14,71,0,-89,14,50,0,-109,14,-12,0,-102,14,0,0,0,0,45,0,-26,14,-40,14,50,0,-101,14,-101,0,111,14,-24,0,114,14,7,0,-101,14,-8,0,-67,14,-62,0,-47,14,108,0,-37,14,28,0,-53,14,-58,14,-93,14,101,14,96,14,51,14,49,14]"
CSI_DATA,7682,d8:b1:90:d9:de:f0,-45,11,-99,-39,47,104,551511918,100,0,228,0,"[7,1,10,0,13,-2,16,-3,18,-3,19,-3,20,-4,95,57,18,-3,17,-3,15,-3,13,-3,10,-3,7,-4,5,-4,2,-6,0,-7,-5,-9,-7,-11,-10,-13,-13,-15,27,-45,-13,-16,-13,-16,-13,-16,-11,-16,-10,-13,-8,-11,0,0,-4,-6,-3,-3,-2,0,-1,4,0,8,0,12,-22,11,-1,16,-1,18,-2,19,-2,18,-2,16,-1,16,-1,13,0,11,0,9,0,6,3,4,4,2,6,0,76,0,10,-3,13,-3,15,-3,16,-3,17,-2,16,0,14,0,6,16,16,9,20,-4,12,-17,-2,-20,-13,-11,-14,1,13,5,3,8,6,0,2,-4,-5,-3,-8,3,-3,11,7,12,16,3,15,-11,3,-20,-12,-17,-21,-3,-16,12,-16,2,10,13,12,0,5,-7,-3,-6,-6,1,0,8,0,0,13,-2,8,-13,-3,-17,-16,-10,-20,3,-11,16,1,34,14,10,15,-1,7,-9,0,-9,-4,-3,-1,0,2,0,1,-3,-3,-6,-9,-3,-10,5,-5,12,5,13,23,6,16,-4,8,-13,-3,-15,-10,-7,-10,1,-4,6,2,5]"
CSI_DATA,7683,d8:b1:90:d9:de:f0,-43,9,-99,-38,45,104,551705140,113,0,106,0,"[118,0,-74,0,-66,0,-25,0,-25,0,-26,0,-28,0,-67,0,-59,0,-109,0,-118,0,95,0,40,0,80,0,-55,14,91,0,91,14,-107,0,28,14,-57,0,16,14,-15,0,52,14,-7,0,109,14,-46,0,0,0,0,0,-41,14,33,0,-43,14,-69,14,-75,14,78,14,119,14,20,14,90,14,14,14,92,14,50,14,-120,14,103,14,-66,14,-94,14,0,14,-65,14,78,0,-62,14,-90,0,-85,14,-47,0,105,14,-61,0]"
CSI_DATA,7684,d8:b1:90:d9:de:f0,-43,11,-99,-36,44,104,551913575,277,0,106,0,"[43,15,-3,15,-33,14,-21,15,-63,14,-10,15,-32,14,0,0,19,15,2,0,91,15,-13,15,-85,15,-51,15,1,0,-110,15,76,0,62,15,124,0,-11,14,-116,0,-54,14,119,0,-45,14,90,0,27,15,0,0,0,0,53,0,-49,15,81,0,60,0,116,0,-101,0,-105,0,-42,0,-89,0,-25,0,-111,0,-53,0,99,0,-101,0,44,0,110,0,-20,15,81,0,-101,15,63,0,77,15,64,0,17,15,85,0,17,15]"
CSI_DATA,7685,d8:b1:90:d9:de:f0,-43,9,-99,-38,45,104,551914029,224,0,106,0,"[28,0,-46,0,41,0,32,0,71,0,52,0,93,0,22,0,84,0,-38,0,54,0,-100,0,-5,14,78,0,-97,14,25,0,41,14,-6,14,-45,13,-5,14,-79,13,15,0,-54,13,43,0,13,14,52,0,0,0,0,0,-52,14,-4,14,26,0,-83,14,72,0,72,14,87,0,6,14,77,0,-14,13,54,0,12,14,40,0,73,14,40,0,-101,14,61,0,-30,14,101,0,34,0,-77,0,84,0,-17,0,101,0,3,0]"
CSI_DATA,7686,d8:b1:90:d9:de:f0,-42,9,-99,-37,44,104,551914192,130,0,106,0,"[-106,15,79,15,110,15,3,15,67,15,-6,14,64,15,34,15,92,15,90,15,-117,15,-112,15,-26,15,-83,15,82,0,-71,15,-61,0,-85,15,21,1,-126,15,48,1,97,15,13,1,74,15,-63,0,99,15,0,0,0,0,54,0,-18,15,24,0,96,0,21,0,-62,0,44,0,12,1,67,0,24,1,78,0,-17,0,58,0,-83,0,19,0,115,0,-37,15,60,0,-112,15,22,0,62,15,10,0,4,15,40,0,-2,14]"
CSI_DATA,7687,d8:b1:90:d9:de:f0,-43,9,-99,-38,45,104,551914318,98,0,106,0,"[-15,14,47,14,-26,14,-33,13,-59,14,-55,13,-81,14,-21,13,-83,14,33,14,-54,14,102,14,4,0,-79,14,93,0,-26,14,-43,0,0,14,41,0,-9,14,81,0,-33,14,54,0,-68,14,-16,0,-75,14,0,0,0,0,55,0,1,0,-10,14,89,0,-43,14,-60,0,-48,14,10,0,-27,14,32,0,-4,14,-1,0,-1,14,-68,0,-13,14,102,0,-49,14,40,0,-105,14,-7,14,64,14,-38,14,1,14,-33,14,-13,13]"
CSI_DATA,7688,d8:b1:90:d9:de:f0,-43,9,-99,-38,45,104,551914441,98,0,106,0,"[91,0,75,14,-103,0,3,14,-103,0,-25,13,118,0,-5,13,88,0,41,14,65,0,115,14,50,0,-37,14,45,0,77,0,53,0,-52,0,70,0,33,0,89,0,71,0,103,0,46,0,82,0,-24,0,0,0,0,0,0,0,33,0,-68,14,-50,14,99,14,118,14,43,14,77,14,27,14,74,14,56,14,94,14,112,14,-109,14,-62,14,-76,14,13,0,-45,14,92,0,-32,14,-61,0,-29,14,-7,0,-45,14,3,0]"
CSI_DATA,7689,d8:b1:90:d9:de:f0,-42,9,-99,-37,44,104,551967191,119,0,106,0,"[-117,15,-95,0,103,15,-22,0,120,15,17,1,-107,15,17,1,-74,15,-34,0,-47,15,-92,0,-64,15,83,0,-118,15,-2,15,59,15,-78,15,-27,14,-108,15,-74,14,-90,15,-54,14,-40,15,16,15,-4,15,0,0,0,0,-46,15,-9,15,46,0,-79,15,111,0,85,15,125,0,11,15,102,0,-18,14,66,0,7,15,39,0,67,15,43,0,-121,15,71,0,-50,15,126,0,5,0,-66,0,36,0,-1,0,18,0,11,1]"
CSI_DATA,7690,d8:b1:90:d9:de:f0,-43,9,-99,-38,45,104,551967577,139,0,106,0,"[53,0,62,14,84,0,-9,13,82,0,-39,13,64,0,-23,13,50,0,28,14,49,0,94,14,65,0,-65,14,102,0,33,0,-84,0,-118,0,-25,0,-55,0,6,0,-39,0,3,0,-67,0,-46,0,-115,0,0,0,0,0,22,0,28,0,-84,14,13,0,50,14,14,0,-16,13,33,0,-36,13,51,0,0,14,49,0,63,14,26,0,-113,14,-6,14,-54,14,-51,14,-8,14,-117,14,25,0,58,14,27,0,0,13,2,0]"
CSI_DATA,7691,d8:b1:90:d9:de:f0,-43,9,-99,-37,45,104,551968124,119,0,106,0,"[-57,0,34,0,22,0,43,0,55,0,22,0,35,0,-10,13,-19,0,-23,13,-81,0,-2,13,72,0,27,0,-4,13,95,0,-67,13,-50,0,-93,13,32,0,-75,13,76,0,-41,13,60,0,-11,13,0,0,0,0,0,0,3,0,28,0,-44,13,-73,13,-117,13,82,13,55,13,43,13,26,13,49,13,40,13,82,13,90,13,-109,13,-75,13,-76,13,-3,13,-62,13,72,0,-75,13,-91,0,-111,13,-50,0,82,13,-72,0]"
CSI_DATA,7692,d8:b1:90:d9:de:f0,-43,9,-99,-38,45,104,551968474,139,0,106,0,"[58,0,-64,0,85,0,8,0,-119,0,28,0,-107,0,-2,0,115,0,-55,0,77,0,-108,0,9,0,90,0,-84,14,59,0,52,14,58,0,-30,13,83,0,-57,13,111,0,-29,13,-107,0,43,14,-118,0,0,0,0,0,-36,14,12,0,4,0,-90,14,26,0,50,14,14,0,-20,13,-8,14,-38,13,-23,14,-4,13,-18,14,64,14,2,0,-112,14,47,0,-53,14,111,0,-14,14,-57,0,6,0,0,0,-8,14,2,0]"
CSI_DATA,7693,d8:b1:90:d9:de:f0,-43,9,-99,-35,44,104,552122964,119,0,106,0,"[121,0,-103,0,-95,0,-30,0,-73,0,-10,0,-71,0,-32,0,-103,0,-69,0,92,0,-112,0,16,0,92,0,-88,14,64,0,48,14,51,0,-44,13,62,0,-84,13,78,0,-67,13,96,0,4,14,81,0,0,0,0,0,-68,14,8,0,2,0,-73,14,58,0,84,14,84,0,12,14,87,0,-14,13,74,0,13,14,62,0,75,14,60,0,-97,14,77,0,-23,14,117,0,54,0,-80,0,117,0,-20,0,-100,0,9,0]"
CSI_DATA,7694,d8:b1:90:d9:de:f0,-43,9,-99,-37,45,104,552123104,139,0,106,0,"[29,0,-60,0,22,0,11,0,36,0,36,0,46,0,20,0,43,0,-29,0,20,0,-85,0,-24,13,81,0,-97,13,12,0,46,13,-44,13,-36,12,-70,13,-79,12,-67,13,-68,12,-42,13,-6,12,-17,13,0,0,0,0,-60,13,-15,13,34,0,-60,13,115,0,-117,13,-74,0,60,13,-65,0,38,13,-92,0,56,13,107,0,103,13,82,0,-64,13,70,0,9,0,80,0,87,0,110,0,-77,0,-77,0,-34,0,-42,0]"
CSI_DATA,7695,d8:b1:90:d9:de:f0,-43,9,-99,-35,44,104,552123221,119,0,106,0,"[-82,0,-84,14,0,0,-100,14,25,0,-122,14,0,0,121,14,-48,0,-112,14,-102,0,-66,14,95,0,0,0,49,0,101,0,23,0,-40,0,22,0,51,0,41,0,93,0,61,0,74,0,61,0,3,0,0,0,0,0,4,0,69,0,-75,14,-9,14,83,14,-66,14,11,14,-92,14,-13,13,-90,14,11,14,-73,14,75,14,-58,14,-103,14,-58,14,-27,14,-72,14,43,0,-115,14,104,0,69,14,-121,0,8,14,96,0]"
CSI_DATA,7696,d8:b1:90:d9:de:f0,-43,9,-99,-38,45,104,552123361,139,0,106,0,"[74,0,82,14,-107,0,16,14,-91,0,-11,13,-97,0,11,14,-118,0,61,14,92,0,-117,14,67,0,-25,14,37,0,84,0,15,0,-41,0,0,14,50,0,-4,14,94,0,0,0,77,0,0,0,8,0,0,0,0,0,-14,14,50,0,-37,14,-57,14,-68,14,78,14,-98,14,9,14,-104,14,-10,13,-84,14,16,14,-50,14,79,14,-6,14,-99,14,46,0,-33,14,111,0,33,0,-59,0,84,0,0,0,108,0,19,0]"
CSI_DATA,7697,d8:b1:90:d9:de:f0,-42,9,-99,-37,44,104,552123513,133,0,106,0,"[-76,0,-33,15,14,1,-16,15,53,1,-19,15,29,1,-17,15,-25,0,-5,15,-101,0,9,0,69,0,43,0,-43,15,90,0,100,15,-115,0,15,15,-64,0,-25,14,-42,0,-7,14,-44,0,47,15,-93,0,0,0,0,0,-52,15,30,0,17,0,-75,15,75,0,90,15,115,0,14,15,124,0,-4,14,117,0,26,15,96,0,98,15,78,0,-82,15,64,0,9,0,62,0,107,0,73,0,-60,0,99,0,7,1,130,0]"
CSI_DATA,7698,d8:b1:90:d9:de:f0,-43,9,-99,-34,44,104,552123621,113,0,106,0,"[-98,14,-87,0,81,14,-31,0,63,14,-4,0,81,14,-21,0,115,14,-61,0,-98,14,110,0,-68,14,23,0,-34,14,-85,14,-13,14,39,14,0,14,-52,13,-9,14,-98,13,-16,14,-81,13,-12,14,-14,13,0,0,0,0,5,0,-51,14,43,0,55,0,89,0,-85,0,-112,0,-22,0,-102,0,-5,0,119,0,-28,0,77,0,-84,0,18,0,98,0,-40,14,40,0,-113,14,-5,14,43,14,-43,14,-18,13,-59,14,-37,13]"
CSI_DATA,7699,d8:b1:90:d9:de:f0,-44,9,-99,-36,45,104,552123748,133,0,106,0,"[-86,13,-84,0,78,13,-34,0,64,13,-8,0,74,13,-30,0,97,13,-65,0,-92,13,101,0,-65,13,23,0,-39,13,-76,13,-19,13,42,13,-10,13,-37,12,-10,13,-85,12,-23,13,-74,12,-24,13,-11,12,0,0,0,0,4,0,-54,13,44,0,45,0,84,0,-92,0,-104,0,-31,0,-85,0,-14,0,-102,0,-40,0,81,0,-86,0,24,0,89,0,-35,13,47,0,-107,13,8,0,40,13,-16,13,-16,12,-10,13,-32,12]"
CSI_DATA,7700,d8:b1:90:d9:de:f0,-44,9,-99,-37,46,104,552123892,113,0,106,0,"[103,0,-87,0,-80,0,-18,0,-63,0,0,0,-73,0,-14,0,-101,0,-49,0,66,0,-96,0,4,0,67,0,-77,12,16,0,39,12,-32,12,-35,11,-56,12,-76,11,-65,12,-67,11,-48,12,-13,11,-32,12,0,0,0,0,-46,12,-14,12,50,0,-28,12,-69,0,-51,12,-8,0,-76,12,11,0,-90,12,-15,0,-77,12,-63,0,-48,12,87,0,-5,12,36,0,41,0,-9,12,103,0,-44,12,-36,0,-51,12,18,0,-33,12]"
CSI_DATA,7701,d8:b1:90:d9:de:f0,-42,11,-99,-34,43,104,552158217,100,0,114,0,"[-27,13,-30,12,-32,11,-33,10,-36,10,-34,9,-33,8,-32,7,-29,7,-29,6,-27,7,-28,7,-28,8,-28,9,-29,10,-29,11,-30,12,-32,13,-31,13,-32,14,-31,14,-31,16,-31,15,-30,16,-29,15,-28,16,-27,15,-27,15,0,0,-26,16,-26,16,-26,18,-25,19,-25,19,-26,20,-25,20,-25,21,-23,21,-23,21,-22,20,-20,20,-18,20,-16,19,-15,20,-14,19,-14,19,-13,19,-14,20,-14,20,-14,22,-14,22,-15,23,-14,23,-15,23,-15,22,-15,21,-14,18]"
CSI_DATA,7702,d8:b1:90:d9:de:f0,-42,9,-99,-37,44,104,552178842,101,0,106,0,"[-84,0,120,0,-17,0,-90,0,20,1,-88,0,-1,0,-113,0,-53,0,117,0,-128,0,92,0,39,0,86,0,-67,15,95,0,79,15,120,0,-8,14,-113,0,-38,14,-82,0,-13,14,-81,0,60,15,-123,0,0,0,0,0,-45,15,5,0,6,0,-103,15,48,0,60,15,59,0,-16,14,56,0,-38,14,45,0,1,15,40,0,72,15,48,0,-115,15,67,0,-31,15,114,0,43,0,-93,0,104,0,-39,0,-130,0,-12,0]"
CSI_DATA,7703,d8:b1:90:d9:de:f0,-42,9,-99,-37,44,104,552184735,98,0,106,0,"[-57,0,41,0,27,1,60,0,62,1,51,0,36,1,32,0,-23,0,17,0,-95,0,23,0,78,0,54,0,-22,15,107,0,-122,15,-86,0,88,15,-11,0,71,15,20,1,98,15,14,1,-111,15,-44,0,0,0,0,0,-31,15,29,0,-24,15,-94,15,-45,15,60,15,-67,15,-10,14,-87,15,-26,14,-86,15,11,15,-55,15,78,15,-14,15,-120,15,41,0,-58,15,118,0,-14,15,-66,0,14,0,0,1,10,0,8,1]"
CSI_DATA,7704,d8:b1:90:d9:de:f0,-43,9,-99,-35,44,104,552211854,98,0,106,0,"[-89,14,-87,0,97,14,-26,0,83,14,2,0,97,14,0,0,122,14,-37,0,-109,14,-100,0,-97,14,66,0,-102,14,-38,14,-121,14,94,14,100,14,0,14,69,14,-35,13,67,14,-17,13,95,14,37,14,0,0,0,0,-41,14,-58,14,56,0,-2,14,-86,0,42,0,-3,0,60,0,29,0,55,0,8,0,47,0,-49,0,38,0,-120,0,41,0,49,0,57,0,-22,14,98,0,-90,14,-91,0,120,14,-29,0,-104,14]"
CSI_DATA,7705,d8:b1:90:d9:de:f0,-42,9,-99,-37,44,104,552260662,98,0,106,0,"[4,0,75,15,34,0,-14,14,47,0,-51,14,46,0,-29,14,41,0,23,15,50,0,102,15,56,0,-58,15,72,0,67,0,90,0,-67,0,109,0,37,1,126,0,78,1,125,0,55,1,104,0,-10,0,0,0,0,0,25,0,39,0,-36,15,-74,15,-101,15,86,15,108,15,20,15,95,15,8,15,115,15,38,15,-100,15,92,15,-38,15,-100,15,29,0,-36,15,103,0,23,0,-75,0,71,0,-14,0,93,0,6,1]"
CSI_DATA,7706,d8:b1:90:d9:de:f0,-46,11,-99,-37,47,104,552504071,100,0,228,0,"[8,2,10,0,14,0,17,0,18,0,20,1,20,2,90,53,18,2,16,3,14,3,12,2,10,2,8,0,5,-1,4,-3,2,-6,0,-10,0,-13,0,-16,0,-18,25,-42,1,-21,2,-21,3,-20,3,-18,4,-16,3,-13,0,0,1,-7,0,-4,-2,-2,-5,0,-9,1,-12,2,48,10,-16,2,-17,2,-17,1,-17,0,-16,0,-13,0,-11,0,-9,0,-7,1,-5,2,-3,3,-1,5,0,8,-13,10,1,12,1,14,0,16,0,17,-2,17,-4,16,-5,13,5,15,16,9,19,-2,13,-15,0,-18,-10,-13,-13,0,11,10,0,8,5,2,4,-5,-2,-6,-9,0,-8,8,0,14,12,12,19,0,15,-13,2,-21,-13,-16,-18,-2,-13,-10,-2,14,7,8,8,0,2,-5,-5,-2,-7,5,0,0,9,10,16,0,13,-12,1,-19,-12,-16,-19,-3,-31,12,-4,16,6,13,10,3,7,-3,0,-5,-2,-1,0,2,4,2,7,-2,4,-8,-2,-10,-10,-6,-13,2,-7,21,2,15,10,9,13,0,8,-8,0,-9,-5,-4,-5,2]"
CSI_DATA,7707,d8:b1:90:d9:de:f0,-43,11,-99,-37,44,104,552540271,277,0,106,0,"[59,15,-16,15,-14,14,-52,15,-49,14,-50,15,-30,14,-44,15,14,15,-34,15,78,15,-40,15,-110,15,-77,15,-27,15,124,15,51,0,42,15,98,0,-32,14,113,0,-77,14,86,0,-68,14,52,0,-6,14,0,0,0,0,16,0,-69,15,54,0,45,0,104,0,-119,0,-100,0,-55,0,-69,0,-43,0,-75,0,-69,0,-120,0,-112,0,84,0,111,0,14,0,88,0,-65,15,89,0,120,15,113,0,79,15,-110,0,85,15]"
CSI_DATA,7708,d8:b1:90:d9:de:f0,-43,9,-99,-39,45,104,552540743,98,0,106,0,"[-110,0,-115,0,-55,0,-55,0,-17,0,-46,0,-20,0,-82,0,-47,0,-117,0,-107,0,100,0,62,0,91,0,-39,14,110,0,112,14,-91,0,45,14,-27,0,37,14,20,0,78,14,32,0,-107,14,-10,0,0,0,0,0,-15,14,60,0,-25,14,-58,14,-57,14,82,14,-114,14,18,14,89,14,9,14,86,14,48,14,119,14,105,14,-77,14,-100,14,-8,14,-72,14,65,0,-68,14,-108,0,-93,14,-67,0,104,14,-86,0]"
CSI_DATA,7709,d8:b1:90:d9:de:f0,-42,9,-99,-38,44,104,552540893,108,0,106,0,"[64,15,8,0,-23,14,2,0,-55,14,30,0,-31,14,58,0,20,15,64,0,88,15,39,0,-114,15,-20,15,-59,15,-112,15,-32,15,44,15,-41,15,-54,14,-74,15,-99,14,-115,15,-69,14,-117,15,12,15,0,0,0,0,-42,15,-51,15,64,0,20,0,-85,0,52,0,6,1,52,0,36,1,23,0,7,1,-5,15,-62,0,-15,15,-133,0,-7,15,66,0,34,0,19,0,102,0,-1,15,-88,0,16,0,-20,0,67,0]"
CSI_DATA,7710,d8:b1:90:d9:de:f0,-43,9,-99,-35,44,104,552541029,120,0,106,0,"[-88,14,78,14,-95,14,-7,13,-107,14,-34,13,-100,14,-19,13,-71,14,22,14,-34,14,71,14,23,0,-103,14,110,0,-34,14,-38,0,29,0,42,0,75,0,78,0,89,0,68,0,71,0,4,0,56,0,0,0,0,0,54,0,11,0,-55,14,21,0,77,14,41,0,5,14,68,0,-21,13,85,0,7,14,78,0,62,14,55,0,121,14,14,0,-66,14,-34,14,-9,14,-97,14,30,0,81,14,42,0,20,14,21,0]"
CSI_DATA,7711,d8:b1:90:d9:de:f0,-42,9,-99,-38,44,104,552541178,133,0,106,0,"[-128,0,-124,0,-87,0,-39,0,-66,0,-12,0,-75,0,-29,0,-115,0,-67,0,97,0,-110,0,12,0,117,0,-103,15,75,0,45,15,46,0,-52,14,38,0,-101,14,37,0,-82,14,52,0,-6,14,49,0,0,0,0,0,-63,15,14,0,47,0,-49,15,-123,0,-118,15,-61,0,87,15,-46,0,62,15,-72,0,76,15,-115,0,131,15,113,0,-77,15,80,0,1,0,57,0,88,0,55,0,-94,0,75,0,-28,0,105,0]"
CSI_DATA,7712,d8:b1:90:d9:de:f0,-43,9,-99,-39,45,104,552541349,133,0,106,0,"[-60,0,34,0,12,0,73,0,48,0,80,0,28,0,74,0,-22,0,62,0,-84,0,61,0,74,0,78,0,-24,14,112,0,114,14,-83,0,40,14,-31,0,12,14,1,0,39,14,2,0,90,14,-35,0,0,0,0,0,-36,14,46,0,3,0,-61,14,29,0,74,14,27,0,-5,13,13,0,-34,13,1,0,-12,13,3,0,51,14,27,0,-124,14,50,0,-52,14,97,0,17,0,-95,0,72,0,-34,0,94,0,-11,0]"
CSI_DATA,7713,d8:b1:90:d9:de:f0,-43,9,-99,-38,45,104,552541502,113,0,106,0,"[52,0,-69,0,57,0,12,0,77,0,40,0,78,0,20,0,66,0,-25,0,34,0,-79,0,-19,14,96,0,-100,14,31,0,42,14,-24,14,-39,13,-59,14,-84,13,-55,14,-70,13,-32,14,-13,13,-7,14,0,0,0,0,-56,14,7,0,54,0,-28,14,-90,0,-73,14,-28,0,118,14,-13,0,84,14,-41,0,93,14,-91,0,-114,14,102,0,-59,14,60,0,2,0,42,0,77,0,36,0,-84,0,55,0,-25,0,89,0]"
CSI_DATA,7714,d8:b1:90:d9:de:f0,-44,9,-99,-35,45,104,552541620,113,0,106,0,"[104,0,90,12,-57,0,38,12,-45,0,8,12,-66,0,18,12,-92,0,49,12,103,0,107,12,82,0,-38,12,82,0,57,0,91,0,-59,0,-103,0,22,0,-73,0,54,0,-60,0,29,0,-78,0,-31,0,0,0,0,0,36,0,36,0,-50,12,-24,12,75,12,-64,12,0,12,-76,12,-31,12,-64,12,-8,12,-48,12,46,12,-34,12,-107,12,-32,12,-38,12,-45,12,28,0,-78,12,87,0,95,12,109,0,44,12,92,0]"
CSI_DATA,7715,d8:b1:90:d9:de:f0,-42,9,-99,-38,44,104,552608370,130,0,106,0,"[62,15,48,0,-22,14,52,0,-50,14,76,0,-25,14,92,0,30,15,87,0,97,15,55,0,-104,15,-6,15,-45,15,-100,15,-6,15,47,15,5,0,-56,14,-25,15,-109,14,-59,15,-95,14,-76,15,-19,14,0,0,0,0,-37,15,-75,15,50,0,16,0,-118,0,78,0,-34,0,100,0,2,1,91,0,-19,0,66,0,-82,0,41,0,109,0,37,0,29,0,59,0,-38,15,109,0,-90,15,-87,0,-101,15,-21,0,-52,15]"
CSI_DATA,7716,d8:b1:90:d9:de:f0,-42,11,-99,-35,43,104,552958069,277,0,106,0,"[-103,16,-61,0,-135,16,19,1,-115,16,57,1,-69,16,39,1,-41,16,-21,0,-34,16,-97,0,-59,16,87,0,-116,16,-6,16,70,16,-87,16,-27,15,-129,16,-82,15,-118,16,-70,15,-75,16,3,16,-35,16,0,0,0,0,-70,16,-19,16,29,0,-90,16,103,0,101,16,130,0,32,16,117,0,-3,15,85,0,31,16,56,0,98,16,46,0,-103,16,67,0,-23,16,116,0,43,0,-95,0,93,0,-30,0,100,0,-6,0]"
CSI_DATA,7717,d8:b1:90:d9:de:f0,-42,9,-99,-37,44,104,552958523,98,0,106,0,"[-90,0,118,15,-24,0,59,15,-13,0,28,15,-48,0,33,15,-98,0,80,15,116,0,-120,15,71,0,-26,15,41,0,94,0,27,0,-41,0,41,0,58,1,60,0,97,1,87,0,71,1,84,0,-6,0,0,0,0,0,3,0,49,0,-78,15,-41,15,100,15,-116,15,28,15,116,15,6,15,122,15,32,15,-113,15,100,15,-80,15,-78,15,-59,15,7,0,-51,15,98,0,-58,15,-82,0,-91,15,-40,0,126,15,-53,0]"
CSI_DATA,7718,d8:b1:90:d9:de:f0,-42,9,-99,-34,43,104,552958628,98,0,106,0,"[55,15,98,0,-31,14,118,0,-55,14,-129,0,-19,14,-131,0,37,15,110,0,98,15,61,0,-101,15,-11,15,-34,15,-111,15,19,0,42,15,44,0,-55,14,44,0,-101,14,29,0,-85,14,19,0,-6,14,0,0,0,0,29,0,-65,15,85,0,43,0,-126,0,-130,0,-72,0,-76,0,-56,0,-66,0,-82,0,-87,0,132,0,-134,0,60,0,98,0,-20,15,68,0,-105,15,57,0,75,15,56,0,18,15,84,0,20,15]"
CSI_DATA,7719,d8:b1:90:d9:de:f0,-43,9,-99,-35,44,104,553167457,341,0,106,0,"[-22,14,67,14,-2,14,-23,13,-1,14,-56,13,0,0,-42,13,1,0,10,14,10,0,78,14,39,0,-82,14,90,0,20,0,-96,0,-122,0,-34,0,-37,0,5,0,-1,0,15,0,-21,0,-27,0,-74,0,0,0,0,0,69,0,44,0,-36,14,2,0,98,14,-36,14,13,14,-48,14,-21,13,-41,14,4,14,-30,14,71,14,-21,14,-110,14,-25,14,-29,14,-38,14,54,0,-68,14,-124,0,-113,14,-79,0,72,14,-96,0]"
CSI_DATA,7720,d8:b1:90:d9:de:f0,-43,9,-99,-35,44,104,553167660,321,0,106,0,"[-102,14,-77,0,76,14,-26,0,56,14,0,0,65,14,-16,0,92,14,-61,0,120,14,-119,0,-96,14,40,0,-75,14,-69,14,-67,14,55,14,-67,14,-50,13,-81,14,-97,13,-91,14,-84,13,-82,14,-21,13,0,0,0,0,-19,14,-85,14,48,0,6,0,-124,0,93,0,-58,0,-103,0,-30,0,-89,0,-47,0,-106,0,-98,0,112,0,81,0,81,0,7,0,61,0,-77,14,51,0,85,14,57,0,23,14,91,0,22,14]"
CSI_DATA,7721,d8:b1:90:d9:de:f0,-42,9,-99,-38,44,104,553167891,119,0,106,0,"[-64,0,-44,15,22,1,-28,15,63,1,-33,15,47,1,-32,15,-5,0,-18,15,-75,0,-3,15,109,0,47,0,15,0,115,0,-85,15,-63,0,116,15,21,1,87,15,67,1,102,15,62,1,-129,15,8,1,0,0,0,0,-46,15,87,0,-38,15,-34,15,-49,15,115,15,-70,15,24,15,-86,15,-6,14,-82,15,12,15,-61,15,74,15,-23,15,-129,15,27,0,-61,15,102,0,-3,15,-87,0,38,0,-15,0,42,0,8,1]"
CSI_DATA,7722,d8:b1:90:d9:de:f0,-42,9,-99,-37,44,104,553168004,139,0,106,0,"[-64,0,-25,15,24,1,-18,15,62,1,-33,15,46,1,-47,15,-12,0,-44,15,-81,0,-22,15,92,0,21,0,-8,15,98,0,-92,15,-61,0,107,15,29,1,102,15,83,1,-128,15,79,1,-87,15,26,1,0,0,0,0,-10,15,81,0,-12,15,-40,15,-43,15,100,15,-83,15,17,15,-109,15,-1,14,-114,15,24,15,-90,15,88,15,-45,15,-113,15,15,0,-46,15,92,0,0,0,-77,0,22,0,0,1,10,0,16,1]"
CSI_DATA,7723,d8:b1:90:d9:de:f0,-43,9,-99,-35,44,104,553168166,119,0,106,0,"[62,14,-7,14,-23,13,-31,14,-59,13,-18,14,-41,13,-1,14,7,14,1,0,75,14,-8,14,-87,14,-33,14,7,0,-93,14,102,0,78,14,-79,0,-2,13,-76,0,-57,13,-98,0,-58,13,104,0,-10,13,0,0,0,0,20,0,-79,14,11,0,33,0,34,0,-99,0,68,0,-25,0,94,0,0,0,97,0,-24,0,83,0,-83,0,37,0,104,0,-16,14,44,0,-85,14,5,0,74,14,-17,14,6,14,-5,14,-8,13]"
CSI_DATA,7724,d8:b1:90:d9:de:f0,-43,9,-99,-35,44,104,553168315,139,0,106,0,"[-63,0,-66,14,19,0,-69,14,52,0,-86,14,31,0,-89,14,-15,0,-76,14,-76,0,-46,14,102,0,16,0,35,0,105,0,-19,14,-34,0,-53,14,52,0,-54,14,102,0,-31,14,94,0,-10,14,41,0,0,0,0,0,-2,14,89,0,-45,14,-16,14,-105,14,-113,14,81,14,75,14,54,14,65,14,62,14,84,14,104,14,-122,14,-83,14,-86,14,-10,14,-58,14,73,0,-57,14,-90,0,-77,14,-37,0,-116,14,-42,0]"
CSI_DATA,7725,d8:b1:90:d9:de:f0,-43,9,-99,-39,45,104,553168441,441,0,106,0,"[-68,0,46,0,8,0,79,0,53,0,73,0,34,0,49,0,-7,0,29,0,-79,0,29,0,81,0,45,0,-17,14,89,0,-120,14,-91,0,67,14,-15,0,52,14,45,0,77,14,54,0,-119,14,8,0,0,0,0,0,-20,14,80,0,-15,14,-39,14,-43,14,102,14,-82,14,23,14,-111,14,0,14,-115,14,28,14,-96,14,89,14,-54,14,-101,14,2,0,-47,14,82,0,-15,14,-79,0,-4,14,-12,0,-24,14,-1,0]"
CSI_DATA,7726,d8:b1:90:d9:de:f0,-43,9,-99,-35,44,104,553168712,421,0,106,0,"[92,0,75,14,-98,0,12,14,-89,0,-21,13,-114,0,-15,13,103,0,26,14,85,0,91,14,76,0,-69,14,102,0,35,0,-100,0,-102,0,-39,0,-22,0,6,0,-1,0,21,0,-29,0,-13,0,-84,0,0,0,0,0,76,0,46,0,-37,14,32,0,97,14,37,0,18,14,67,0,-2,13,96,0,22,14,100,0,79,14,82,0,-113,14,42,0,-61,14,-13,14,-29,14,-90,14,-16,14,73,14,-42,14,9,14,-90,14]"
CSI_DATA,7727,d8:b1:90:d9:de:f0,-42,9,-99,-37,44,104,553376347,98,0,106,0,"[-7,0,18,0,69,1,9,0,79,1,-19,15,34,1,-39,15,-30,0,-32,15,-111,0,-4,15,79,0,50,0,9,0,-122,0,-44,15,-25,0,-73,15,50,1,-63,15,80,1,-42,15,55,1,-28,15,-17,0,0,0,0,0,-71,15,65,0,-129,15,-28,15,65,15,-98,15,11,15,-131,15,3,15,-131,15,36,15,-116,15,98,15,-93,15,-88,15,-84,15,-13,15,-85,15,58,0,-111,15,127,0,108,15,-102,0,59,15,-115,0]"
CSI_DATA,7728,d8:b1:90:d9:de:f0,-42,9,-99,-38,44,104,553406240,119,0,106,0,"[128,0,-105,0,-88,0,-25,0,-57,0,-7,0,-66,0,-34,0,-101,0,-82,0,102,0,-132,0,20,0,98,0,-96,15,64,0,52,15,43,0,-38,14,46,0,-75,14,57,0,-45,14,69,0,42,15,64,0,0,0,0,0,-8,15,0,0,94,0,-76,15,-93,0,117,15,-46,0,54,15,-45,0,31,15,-82,0,61,15,-130,0,126,15,97,0,-65,15,67,0,13,0,51,0,102,0,50,0,-82,0,72,0,-29,0,97,0]"
CSI_DATA,7729,d8:b1:90:d9:de:f0,-43,9,-99,-35,44,104,553406443,139,0,106,0,"[38,0,57,14,52,0,-31,13,36,0,-67,13,17,0,-41,13,7,0,18,14,17,0,90,14,48,0,-69,14,104,0,23,0,-74,0,105,0,-9,0,-85,0,24,0,-76,0,16,0,-108,0,-49,0,88,0,0,0,0,0,4,0,0,14,-118,14,-6,14,24,14,4,0,-42,13,28,0,-52,13,51,0,-4,13,52,0,70,14,32,0,-107,14,4,0,-38,14,-41,14,15,0,-104,14,57,0,77,14,65,0,22,14,38,0]"
CSI_DATA,7730,d8:b1:90:d9:de:f0,-42,9,-99,-37,44,104,553406632,119,0,106,0,"[101,15,124,0,29,15,-74,0,15,15,-34,0,50,15,-38,0,93,15,-73,0,-124,15,119,0,-90,15,28,0,-75,15,-84,15,-74,15,52,15,-98,15,-31,14,-127,15,-66,14,120,15,-36,14,-119,15,48,15,0,0,0,0,-6,15,-13,15,99,0,65,0,-58,0,114,0,18,1,-129,0,41,1,116,0,1,1,89,0,-76,0,65,0,101,0,55,0,13,0,60,0,-67,15,89,0,118,15,-130,0,85,15,-85,0,104,15]"
CSI_DATA,7731,d8:b1:90:d9:de:f0,-43,9,-99,-35,44,104,553406816,139,0,106,0,"[-63,14,-68,0,-85,14,17,0,-68,14,52,0,-38,14,37,0,-23,14,-22,0,-25,14,-91,0,-48,14,69,0,-100,14,-26,14,75,14,-111,14,2,14,88,14,-31,13,85,14,-22,13,-121,14,41,14,-76,14,0,0,0,0,-8,14,-2,14,109,0,-12,14,-27,0,-46,14,28,0,-85,14,29,0,-110,14,-16,0,-106,14,-84,0,-75,14,102,0,-30,14,46,0,30,0,11,0,102,0,-5,14,-68,0,6,0,-14,0,36,0]"
CSI_DATA,7732,d8:b1:90:d9:de:f0,-42,9,-99,-37,44,104,553407041,133,0,106,0,"[-127,15,-104,0,75,15,-24,0,83,15,22,1,122,15,13,1,-104,15,-34,0,-80,15,-108,0,-74,15,55,0,-97,15,-54,15,113,15,99,15,56,15,25,15,13,15,17,15,8,15,57,15,63,15,126,15,0,0,0,0,-11,15,-8,15,118,0,6,0,-26,0,-8,15,41,1,-39,15,52,1,-69,15,5,1,-71,15,-74,0,-53,15,119,0,-17,15,51,0,36,0,2,0,112,0,-21,15,-68,0,-15,15,-10,0,23,0]"
CSI_DATA,7733,d8:b1:90:d9:de:f0,-42,9,-99,-37,44,104,553407176,113,0,106,0,"[125,15,117,15,51,15,48,15,13,15,40,15,30,15,62,15,87,15,104,15,-115,15,-113,15,-17,15,-66,15,96,0,-23,15,-47,0,17,0,48,1,49,0,80,1,46,0,55,1,32,0,-28,0,17,0,0,0,0,0,1,0,-14,15,-120,15,-3,15,21,15,12,0,-41,14,33,0,-54,14,47,0,-6,14,37,0,78,15,20,0,-99,15,-4,15,-12,15,-39,15,71,0,-81,15,-123,0,-131,15,-83,0,83,15,-99,0]"
CSI_DATA,7734,d8:b1:90:d9:de:f0,-42,9,-99,-38,44,104,553407321,133,0,106,0,"[78,15,-62,15,-18,14,-77,15,-59,14,-46,15,-33,14,-16,15,21,15,3,0,96,15,-3,15,-83,15,-40,15,0,0,-112,15,70,0,62,15,104,0,-22,14,85,0,-73,14,47,0,-54,14,12,0,30,15,0,0,0,0,-1,15,-13,15,60,0,99,0,-131,0,-81,0,-59,0,-43,0,-26,0,-56,0,-51,0,-100,0,-109,0,113,0,84,0,78,0,-1,15,63,0,-81,15,73,0,115,15,110,0,77,15,-113,0,100,15]"
CSI_DATA,7735,d8:b1:90:d9:de:f0,-42,9,-99,-37,44,104,553407501,113,0,106,0,"[112,15,-128,15,31,15,75,15,-4,14,71,15,11,15,96,15,60,15,-127,15,-127,15,-93,15,-28,15,-60,15,91,0,-34,15,-45,0,-27,15,47,1,-33,15,82,1,-49,15,52,1,-67,15,-28,0,-58,15,0,0,0,0,-2,15,-18,15,-120,15,36,0,49,15,98,0,-8,14,-113,0,-11,14,-95,0,36,15,-115,0,104,15,97,0,-95,15,37,0,-29,15,-26,15,23,0,-102,15,62,0,82,15,66,0,24,15,42,0]"
CSI_DATA,7736,d8:b1:90:d9:de:f0,-42,9,-99,-36,43,104,553448427,98,0,106,0,"[-54,0,-21,16,29,1,-6,16,68,1,-23,16,43,1,-44,16,-10,0,-42,16,-83,0,-23,16,123,0,29,0,47,0,120,0,-13,16,-51,0,-46,16,59,1,-28,16,124,1,7,0,116,1,29,0,44,1,0,0,0,0,16,0,120,0,-60,16,14,0,127,16,-60,16,40,16,-98,16,-2,15,-95,16,13,16,-75,16,71,16,-47,16,-133,16,-37,16,-52,16,-57,16,22,0,-111,16,84,0,96,16,97,0,17,16,52,0]"
CSI_DATA,7737,d8:b1:90:d9:de:f0,-42,9,-99,-35,43,104,553478198,130,0,106,0,"[20,16,4,0,-56,15,11,0,-75,15,44,0,-30,15,71,0,30,16,80,0,110,16,50,0,-104,16,-10,16,-55,16,-111,16,-33,16,49,16,-54,16,-38,15,-94,16,-81,15,-133,16,-56,15,-124,16,33,16,0,0,0,0,-2,16,-89,16,111,0,-54,16,-68,0,-54,16,4,1,-82,16,17,1,-121,16,-33,0,-125,16,-99,0,-91,16,116,0,-38,16,74,0,25,0,64,0,111,0,82,0,-79,0,134,0,-32,0,-87,0]"
CSI_DATA,7738,d8:b1:90:d9:de:f0,-42,9,-99,-34,43,104,553479338,113,0,106,0,"[36,15,-50,15,-47,14,-54,15,-76,14,-26,15,-43,14,12,0,27,15,26,0,105,15,14,0,-68,15,-29,15,20,0,-110,15,90,0,56,15,112,0,-39,14,87,0,-84,14,46,0,-61,14,19,0,7,15,0,0,0,0,32,0,-44,15,97,0,55,0,-85,0,124,0,-18,0,-122,0,3,1,134,0,-25,0,102,0,-92,0,67,0,97,0,54,0,11,0,57,0,-72,15,93,0,127,15,-119,0,99,15,-48,0,-133,15]"
CSI_DATA,7739,d8:b1:90:d9:de:f0,-45,11,-99,-38,47,104,553503633,100,0,228,0,"[5,3,9,3,13,3,16,3,18,4,20,5,19,5,92,55,17,6,15,5,14,5,11,4,9,3,7,1,5,0,2,-2,0,-5,-1,-8,-2,-12,-4,-15,-5,-18,26,-44,-5,-20,-3,-20,-2,-20,-2,-18,0,-16,0,-12,0,0,0,-5,-1,-2,-2,1,-3,4,-5,7,-6,10,-86,11,-10,13,-11,14,-11,14,-11,13,-11,11,-8,10,-7,8,-5,7,-2,5,-1,4,1,3,3,2,6,2,76,0,11,2,14,2,15,3,16,5,15,5,13,6,11,6,-1,15,11,14,19,4,17,-9,5,-17,-6,-14,-12,-5,10,11,-1,7,4,2,2,-3,-3,-5,-8,0,-7,8,1,15,13,11,19,-2,13,-16,-1,-21,-15,-14,-19,0,-17,-6,0,14,8,6,6,-2,0,-5,-5,0,-2,7,0,0,13,2,13,-8,3,-17,-10,-16,-19,-5,-17,8,-15,30,6,15,12,5,10,-2,2,-6,-1,-3,0,0,2,0,4,-3,0,-8,-5,-7,-11,-1,-10,7,-2,14,17,14,14,3,12,-6,3,-12,-4,-9,-8,-2,-4,3,0,4]"
CSI_DATA,7740,d8:b1:90:d9:de:f0,-43,9,-99,-35,44,104,553507289,98,0,106,0,"[-76,0,-104,14,2,0,107,14,24,0,83,14,-6,0,83,14,-58,0,112,14,-109,0,-90,14,80,0,-11,14,29,0,91,0,-11,14,-46,0,-20,14,50,0,-18,14,87,0,6,0,66,0,18,0,-2,0,0,0,0,0,-6,14,44,0,-57,14,-58,14,-123,14,100,14,73,14,51,14,54,14,48,14,71,14,78,14,-122,14,122,14,-60,14,-86,14,14,0,-56,14,98,0,-40,14,-68,0,-41,14,-11,0,-66,14,-11,0]"
CSI_DATA,7741,d8:b1:90:d9:de:f0,-42,11,-99,-38,44,104,553793664,277,0,106,0,"[-61,0,21,0,23,1,37,0,56,1,27,0,29,1,21,0,-39,0,19,0,-120,0,24,0,45,0,45,0,-70,15,84,0,81,15,133,0,-8,14,-92,0,-34,14,-66,0,-9,14,-74,0,57,15,-120,0,0,0,0,0,-38,15,7,0,30,0,-95,15,91,0,76,15,121,0,7,15,126,0,-6,14,113,0,34,15,87,0,109,15,67,0,-80,15,60,0,13,0,61,0,108,0,72,0,-76,0,98,0,-14,0,126,0]"
CSI_DATA,7742,d8:b1:90:d9:de:f0,-42,9,-99,-38,44,104,553794100,230,0,106,0,"[25,0,-50,0,40,0,32,1,83,0,54,1,104,0,12,1,100,0,-48,0,69,0,-120,0,-2,15,92,0,-109,15,50,0,43,15,46,0,-46,14,72,0,-82,14,113,0,-45,14,-124,0,39,15,132,0,0,0,0,0,-61,15,14,0,-24,15,-102,15,-22,15,61,15,-46,15,-13,14,-77,15,-29,14,-86,15,18,15,-64,15,90,15,-24,15,-118,15,36,0,-68,15,116,0,-48,15,-66,0,-52,15,-14,0,-97,15,-25,0]"
CSI_DATA,7743,d8:b1:90:d9:de:f0,-43,9,-99,-35,44,104,553794294,250,0,106,0,"[-28,14,-45,0,-55,14,29,0,-52,14,57,0,-42,14,26,0,-34,14,-27,0,-39,14,-102,0,-61,14,56,0,-103,14,-49,14,93,14,94,14,45,14,20,14,15,14,0,13,21,14,22,14,65,14,72,14,0,0,0,0,-11,14,-52,14,96,0,-19,14,-52,0,2,0,18,0,8,0,36,0,5,0,0,0,7,0,-69,0,15,0,103,0,34,0,25,0,67,0,-42,14,114,0,-101,14,-77,0,117,14,-29,0,-112,14]"
CSI_DATA,7744,d8:b1:90:d9:de:f0,-43,9,-99,-35,44,104,553794495,252,0,106,0,"[-50,0,-22,14,31,0,-27,14,53,0,-54,14,18,0,-63,14,-36,0,-59,14,-106,0,-28,14,60,0,20,0,-20,14,98,0,-87,14,-55,0,122,14,18,0,-118,14,65,0,-96,14,55,0,-62,14,-11,0,0,0,0,0,-20,14,33,0,-40,14,-79,14,-80,14,71,14,-121,14,11,14,111,14,0,13,-121,14,34,14,-82,14,96,14,-26,14,-100,14,33,0,-46,14,109,0,-17,14,-54,0,-1,14,2,0,-7,14,12,0]"
CSI_DATA,7745,d8:b1:90:d9:de:f0,-42,9,-99,-37,44,104,553794679,98,0,106,0,"[-56,0,-58,15,24,1,-94,15,41,1,-123,15,1,1,128,15,-60,0,-117,15,-127,0,-68,15,67,0,2,0,2,0,110,0,-43,15,-34,0,-46,15,57,1,-26,15,97,1,6,0,79,1,21,0,-5,0,0,0,0,0,-12,15,37,0,-69,15,-68,15,117,15,110,15,52,15,69,15,27,15,74,15,53,15,108,15,117,15,-113,15,-66,15,-80,15,12,0,-59,15,101,0,-60,15,-69,0,-83,15,-21,0,-123,15,-33,0]"
CSI_DATA,7746,d8:b1:90:d9:de:f0,-43,9,-99,-36,44,104,554003061,108,0,106,0,"[-72,0,-124,15,0,1,94,15,20,1,81,15,-12,0,92,15,-63,0,125,15,-122,0,-72,15,66,0,0,0,-10,15,93,0,-84,15,-63,0,127,15,19,1,114,15,61,1,-125,15,43,1,-96,15,-26,0,0,0,0,0,-42,15,23,0,-31,15,-95,15,-40,15,56,15,-51,15,-14,14,-52,15,-30,14,-42,15,14,15,-21,15,85,15,9,0,-90,15,42,0,-8,15,85,0,66,0,-116,0,-124,0,-72,0,-87,0,-48,0]"
CSI_DATA,7747,d8:b1:90:d9:de:f0,-42,9,-99,-37,44,104,554003224,133,0,106,0,"[45,15,-71,15,-33,14,-90,15,-64,14,-75,15,-39,14,-36,15,16,15,-13,15,95,15,-12,15,-81,15,-42,15,15,0,-104,15,93,0,66,15,129,0,-16,14,119,0,-69,14,83,0,-62,14,48,0,7,15,0,0,0,0,42,0,-57,15,100,0,45,0,-87,0,112,0,-23,0,-119,0,-1,0,130,0,-27,0,98,0,-91,0,69,0,88,0,53,0,10,0,58,0,-61,15,94,0,-127,15,-114,0,116,15,-59,0,-117,15]"
CSI_DATA,7748,d8:b1:90:d9:de:f0,-43,9,-99,-34,44,104,554003350,133,0,106,0,"[100,14,80,14,45,14,32,14,6,14,34,14,9,14,74,14,50,14,-118,14,110,14,-79,14,-44,14,-65,14,59,0,-76,14,-79,0,-119,14,-10,0,64,14,0,0,17,14,-38,0,7,14,-99,0,49,14,0,0,0,0,55,0,-26,14,67,0,77,0,101,0,-74,0,-96,0,-28,0,-67,0,-31,0,-76,0,-69,0,118,0,118,0,57,0,75,0,-12,14,53,0,-91,14,55,0,78,14,81,0,42,14,-109,0,63,14]"
CSI_DATA,7749,d8:b1:90:d9:de:f0,-42,9,-99,-37,44,104,554003485,113,0,106,0,"[-56,0,99,0,19,1,125,0,54,1,103,0,31,1,64,0,-20,0,38,0,-99,0,22,0,79,0,50,0,-19,15,107,0,-96,15,-73,0,127,15,13,1,-131,15,65,1,-88,15,62,1,-48,15,-8,0,0,0,0,0,-44,15,60,0,-102,15,-37,15,78,15,-103,15,12,15,-127,15,-11,14,-111,15,16,15,-77,15,88,15,-48,15,-95,15,-41,15,-19,15,-55,15,49,0,-99,15,99,0,94,15,107,0,33,15,68,0]"
CSI_DATA,7750,d8:b1:90:d9:de:f0,-43,9,-99,-36,44,104,554003630,113,0,106,0,"[92,15,114,15,32,15,54,15,4,15,49,15,22,15,78,15,67,15,121,15,-123,15,-95,15,-27,15,-57,15,86,0,-29,15,-43,0,-17,15,48,1,-24,15,86,1,-47,15,61,1,-65,15,-14,0,-55,15,0,0,0,0,41,0,18,0,-53,15,90,0,-128,15,-92,0,95,15,-34,0,95,15,-13,0,126,15,-45,0,-95,15,-109,0,-64,15,62,0,-42,15,-17,15,-29,15,-103,15,-34,15,68,15,-65,15,13,15,-93,15]"
CSI_DATA,7751,d8:b1:90:d9:de:f0,-43,11,-99,-34,44,104,554211461,277,0,106,0,"[-40,0,7,0,11,0,15,0,22,0,0,0,-8,0,-16,14,-61,0,-14,14,119,0,3,0,58,0,59,0,7,0,-98,0,-14,14,1,0,-4,14,84,0,31,0,115,0,70,0,84,0,81,0,6,0,0,0,0,0,13,0,84,0,-69,14,23,0,81,14,-4,14,15,14,-3,14,0,13,13,0,21,14,17,0,74,14,2,0,-118,14,-23,14,-81,14,-70,14,-61,14,107,14,-67,14,36,14,-110,14,-1,13,89,14]"
CSI_DATA,7752,d8:b1:90:d9:de:f0,-42,9,-99,-36,44,104,554211933,101,0,106,0,"[49,15,65,0,-4,14,77,0,-9,14,99,0,25,15,104,0,84,15,91,0,-119,15,49,0,-85,15,-29,15,-77,15,-126,15,-107,15,27,15,93,15,-41,14,43,15,-59,14,11,15,-7,14,40,15,81,15,0,0,0,0,-65,15,-63,15,38,0,-70,15,-128,0,-106,15,-71,0,108,15,-64,0,73,15,-99,0,87,15,123,0,-125,15,104,0,-73,15,111,0,-11,15,-106,0,48,0,-46,0,85,0,20,1,75,0,35,1]"
CSI_DATA,7753,d8:b1:90:d9:de:f0,-42,9,-99,-36,43,104,554239879,130,0,106,0,"[127,0,-47,0,-124,0,38,1,-102,0,49,1,-113,0,14,1,140,0,-49,0,87,0,-133,0,11,0,68,0,-95,16,-23,16,81,16,-105,16,-12,15,124,16,-53,15,106,16,-31,15,130,16,42,16,-121,16,0,0,0,0,-25,16,-44,16,102,0,-42,16,-66,0,-47,16,12,1,-60,16,24,1,-65,16,-19,0,-56,16,-98,0,-39,16,103,0,-8,16,8,0,25,0,-74,16,80,0,140,16,-143,0,103,16,-83,0,120,16]"
CSI_DATA,7754,d8:b1:90:d9:de:f0,-41,9,-99,-37,43,104,554420841,119,0,106,0,"[-75,0,49,0,8,1,108,0,41,1,120,0,18,1,108,0,-39,0,92,0,-124,0,81,0,70,0,85,0,-63,17,106,0,95,17,144,0,-4,16,-112,0,-51,16,-86,0,-33,16,-77,0,40,17,-125,0,0,0,0,0,-69,17,27,0,2,0,-95,17,61,0,81,17,92,0,-10,16,97,0,-46,16,80,0,-8,16,69,0,70,17,61,0,-136,17,66,0,-38,17,102,0,65,0,-143,0,-137,0,-83,0,-80,0,-47,0]"
CSI_DATA,7755,d8:b1:90:d9:de:f0,-41,9,-99,-36,43,104,554420944,139,0,106,0,"[-132,0,124,16,-66,0,66,16,-62,0,25,16,-106,0,25,16,139,0,60,16,106,0,122,16,90,0,-70,16,125,0,35,0,-95,0,-143,0,-16,0,-83,0,46,1,-80,0,59,1,-122,0,-4,0,96,0,0,0,0,0,81,0,30,0,-50,16,80,0,-140,16,-131,0,96,16,-48,0,104,16,1,1,-140,16,-15,0,-90,16,-74,0,-74,16,132,0,-76,16,49,0,-122,16,-29,16,92,16,-87,16,10,16,-93,16,-16,15]"
CSI_DATA,7756,d8:b1:90:d9:de:f0,-42,9,-99,-37,44,104,554421106,119,0,106,0,"[89,15,116,0,25,15,-102,0,22,15,-60,0,63,15,-54,0,108,15,-74,0,-114,15,-131,0,-91,15,51,0,-111,15,-52,15,103,15,108,15,37,15,42,15,-25,14,40,15,-34,14,85,15,9,15,-112,15,0,0,0,0,-63,15,-33,15,53,0,-66,15,-119,0,127,15,-75,0,47,15,-84,0,7,15,-124,0,16,15,87,0,61,15,68,0,-122,15,71,0,-42,15,109,0,28,0,-78,0,81,0,-7,0,82,0,25,1]"
CSI_DATA,7757,d8:b1:90:d9:de:f0,-43,9,-99,-35,44,104,554421264,139,0,106,0,"[-56,0,27,0,12,0,61,0,40,0,66,0,19,0,58,0,-27,0,46,0,-92,0,49,0,75,0,68,0,-29,14,110,0,118,14,-86,0,43,14,-31,0,21,14,8,0,46,14,3,0,92,14,-40,0,0,0,0,0,-56,14,37,0,-33,14,-73,14,-24,14,64,14,-38,14,-17,13,-48,14,-41,13,-52,14,-12,13,-35,14,48,14,0,0,117,14,47,0,-62,14,110,0,-7,14,-62,0,34,0,5,0,37,0,24,0]"
CSI_DATA,7758,d8:b1:90:d9:de:f0,-42,9,-99,-36,43,104,554472479,98,0,106,0,"[-37,16,-52,0,-70,16,14,1,-63,16,39,1,-44,16,11,1,-26,16,-48,0,-29,16,-129,0,-52,16,58,0,-107,16,-47,16,92,16,-142,16,6,16,78,16,-59,15,72,16,-66,15,114,16,2,16,-113,16,0,0,0,0,-78,16,-48,16,43,0,-75,16,-138,0,-117,16,-74,0,115,16,-63,0,81,16,-103,0,106,16,135,0,-130,16,95,0,-53,16,69,0,26,0,74,0,123,0,107,0,-76,0,-123,0,-25,0,-71,0]"
CSI_DATA,7759,d8:b1:90:d9:de:f0,-40,11,-99,-35,42,104,554503678,100,0,114,0,"[13,-33,17,-34,19,-35,22,-35,23,-35,23,-34,23,-31,22,-30,20,-29,20,-28,19,-26,19,-26,19,-26,19,-28,19,-30,20,-31,19,-33,20,-33,20,-35,20,-35,19,-36,18,-36,18,-36,18,-36,18,-35,17,-34,18,-33,17,-33,0,0,15,-33,15,-31,15,-33,14,-33,14,-34,14,-34,14,-34,13,-35,13,-34,13,-33,11,-31,9,-30,9,-29,8,-28,7,-26,7,-26,6,-25,4,-25,4,-26,6,-28,4,-28,7,-30,6,-30,7,-30,8,-30,8,-29,9,-26,9,-23]"
CSI_DATA,7760,d8:b1:90:d9:de:f0,-43,9,-99,-35,44,104,554629703,119,0,106,0,"[25,0,44,14,69,0,-37,13,83,0,-69,13,75,0,-42,13,69,0,13,14,65,0,88,14,63,0,-62,14,70,0,52,0,77,0,-73,0,95,0,27,0,106,0,71,0,108,0,64,0,85,0,-2,0,0,0,0,0,10,0,60,0,-61,14,-37,14,118,14,121,14,63,14,66,14,39,14,46,14,66,14,69,14,123,14,119,14,-64,14,-83,14,7,0,-41,14,87,0,-3,14,-74,0,27,0,0,0,25,0,12,0]"
CSI_DATA,7761,d8:b1:90:d9:de:f0,-43,9,-99,-37,45,104,554629870,139,0,106,0,"[-54,0,-80,13,27,0,-84,13,56,0,-86,13,32,0,-83,13,-10,0,-64,13,-72,0,-29,13,86,0,14,0,-2,13,83,0,-97,13,-76,0,74,13,-8,0,44,13,22,0,61,13,15,0,94,13,-26,0,0,0,0,0,-40,13,41,0,-4,13,-65,13,18,0,65,13,27,0,-8,12,26,0,-31,12,17,0,-3,12,23,0,58,13,21,0,-101,13,36,0,-19,13,62,0,59,0,100,0,-94,0,-95,0,-46,0,-58,0]"
CSI_DATA,7762,d8:b1:90:d9:de:f0,-43,9,-99,-38,45,104,554630005,119,0,106,0,"[57,14,-86,14,-10,13,119,14,-47,13,-117,14,-34,13,-84,14,11,14,-56,14,77,14,-42,14,-81,14,-57,14,10,0,-98,14,92,0,75,14,-93,0,1,14,-90,0,-43,13,118,0,-48,13,73,0,0,14,0,0,0,0,29,0,-61,14,60,0,41,0,118,0,-115,0,-65,0,-68,0,-33,0,-69,0,-39,0,-103,0,-87,0,93,0,91,0,60,0,16,0,47,0,-60,14,65,0,113,14,115,0,81,14,-69,0,108,14]"
CSI_DATA,7763,d8:b1:90:d9:de:f0,-43,9,-99,-37,45,104,554630154,139,0,106,0,"[84,0,59,13,-93,0,0,13,-78,0,-25,12,-93,0,-10,12,-112,0,36,13,99,0,98,13,74,0,-46,13,58,0,64,0,49,0,-56,0,54,0,37,0,63,0,81,0,70,0,65,0,62,0,4,0,0,0,0,0,9,0,55,0,-53,13,-36,13,110,13,115,13,55,13,66,13,34,13,56,13,53,13,75,13,102,13,116,13,-72,13,-74,13,0,0,-42,13,84,0,-18,13,-66,0,-14,13,0,0,-29,13,8,0]"
CSI_DATA,7764,d8:b1:90:d9:de:f0,-43,9,-99,-36,44,104,554630280,133,0,106,0,"[-87,0,-113,15,-2,0,119,15,27,1,103,15,5,1,105,15,-42,0,-123,15,-98,0,-73,15,92,0,-7,15,24,0,84,0,-38,15,-70,0,-79,15,23,1,-92,15,75,1,-73,15,63,1,-50,15,2,1,0,0,0,0,-21,15,59,0,-38,15,-59,15,-69,15,89,15,-102,15,17,15,-123,15,-2,14,-116,15,27,15,-84,15,87,15,-40,15,-101,15,15,0,-37,15,86,0,14,0,-88,0,54,0,-16,0,62,0,5,1]"
CSI_DATA,7765,d8:b1:90:d9:de:f0,-43,9,-99,-35,44,104,554630433,113,0,106,0,"[-83,0,107,0,-13,0,-84,0,27,0,-81,0,16,0,-102,0,-34,0,108,0,-100,0,78,0,56,0,54,0,-57,14,38,0,66,14,50,0,-36,13,75,0,-76,13,104,0,-56,13,-122,0,16,14,115,0,0,0,0,0,-42,14,29,0,44,0,-49,14,112,0,101,14,-107,0,26,14,-109,0,-5,13,106,0,18,14,68,0,77,14,38,0,-94,14,24,0,-8,14,28,0,84,0,57,0,-77,0,104,0,-17,0,-97,0]"
CSI_DATA,7766,d8:b1:90:d9:de:f0,-43,9,-99,-39,45,104,554630560,133,0,106,0,"[-79,0,113,0,-18,0,-70,0,18,0,-56,0,9,0,-82,0,-41,0,-118,0,-105,0,105,0,48,0,78,0,-58,14,61,0,67,14,61,0,-32,13,82,0,-73,13,107,0,-59,13,116,0,6,14,102,0,0,0,0,0,-60,14,19,0,25,0,-61,14,88,0,90,14,116,0,17,14,123,0,-14,13,101,0,16,14,67,0,78,14,49,0,-96,14,40,0,-16,14,48,0,76,0,78,0,-89,0,-121,0,-31,0,-85,0]"
CSI_DATA,7767,d8:b1:90:d9:de:f0,-43,9,-99,-37,45,104,554630676,113,0,106,0,"[68,0,55,13,115,0,-11,12,-114,0,-44,12,99,0,-30,12,77,0,13,13,66,0,85,13,58,0,-61,13,72,0,44,0,102,0,-81,0,-98,0,4,0,-60,0,38,0,-54,0,21,0,-78,0,-36,0,0,0,0,0,35,0,45,0,-63,13,-7,13,71,13,-43,13,-7,12,-52,13,-33,12,-44,13,-4,12,-30,13,57,13,-16,13,-102,13,-15,13,-24,13,-33,13,48,0,-69,13,116,0,109,13,-83,0,54,13,-106,0]"
CSI_DATA,7768,d8:b1:90:d9:de:f0,-43,11,-99,-35,44,104,554838157,277,0,106,0,"[-47,14,-58,0,-80,14,12,0,-86,14,39,0,-69,14,18,0,-49,14,-34,0,-43,14,-109,0,-48,14,42,0,-69,14,-77,14,-106,14,56,14,94,14,-33,13,63,14,-54,13,49,14,-21,13,78,14,40,14,0,0,0,0,-32,14,-45,14,63,0,16,0,-76,0,62,0,-3,0,81,0,18,0,70,0,-13,0,52,0,-87,0,44,0,86,0,42,0,-3,14,54,0,-88,14,82,0,78,14,-117,0,35,14,-61,0,54,14]"
CSI_DATA,7769,d8:b1:90:d9:de:f0,-42,9,-99,-36,44,104,554838629,120,0,106,0,"[-1,15,47,15,28,0,-22,14,26,0,-49,14,18,0,-26,14,19,0,31,15,26,0,101,15,54,0,-66,15,107,0,31,0,-78,0,-128,0,-9,0,-59,0,30,1,-43,0,25,1,-69,0,-27,0,-116,0,0,0,0,0,54,0,48,0,-58,15,40,0,84,15,50,0,16,15,66,0,-6,14,77,0,24,15,69,0,84,15,47,0,-108,15,2,0,-47,15,-54,15,0,0,-128,15,34,0,40,15,27,0,-26,14,-10,15]"
CSI_DATA,7770,d8:b1:90:d9:de:f0,-43,9,-99,-38,45,104,554838751,120,0,106,0,"[-95,0,-115,0,-62,0,-57,0,-37,0,-47,0,-51,0,-66,0,-85,0,-102,0,96,0,102,0,15,0,73,0,-84,14,55,0,40,14,57,0,-42,13,70,0,-77,13,98,0,-53,13,113,0,7,14,100,0,0,0,0,0,-63,14,16,0,5,0,-69,14,54,0,86,14,76,0,19,14,76,0,0,14,66,0,24,14,48,0,84,14,50,0,-82,14,61,0,-4,14,99,0,67,0,-84,0,-110,0,-33,0,-84,0,3,0]"
CSI_DATA,7771,d8:b1:90:d9:de:f0,-43,9,-99,-35,44,104,555047501,98,0,106,0,"[78,14,109,14,29,14,63,14,-5,13,73,14,3,14,108,14,49,14,-97,14,109,14,-64,14,-46,14,-54,14,57,0,-74,14,-85,0,120,14,-17,0,57,14,-10,0,4,14,-53,0,-8,13,-109,0,28,14,0,0,0,0,54,0,-53,14,65,0,49,0,108,0,-107,0,-92,0,-62,0,-65,0,-64,0,-74,0,-102,0,-124,0,95,0,58,0,64,0,-21,14,44,0,-106,14,63,0,65,14,109,0,34,14,-71,0,71,14]"
CSI_DATA,7772,d8:b1:90:d9:de:f0,-43,9,-99,-36,44,104,555047606,133,0,106,0,"[-41,0,-27,15,38,1,-11,15,61,1,-9,15,29,1,-13,15,-27,0,-10,15,-103,0,4,0,65,0,30,0,-46,15,80,0,103,15,-126,0,29,15,-62,0,-3,14,-27,0,16,15,-26,0,70,15,-69,0,0,0,0,0,-70,15,27,0,-22,15,-76,15,5,0,77,15,9,0,6,15,7,0,-17,14,2,0,25,15,9,0,98,15,22,0,-80,15,46,0,4,0,83,0,86,0,-119,0,-95,0,-59,0,-58,0,-27,0]"
CSI_DATA,7773,d8:b1:90:d9:de:f0,-42,9,-99,-33,43,104,555047776,133,0,106,0,"[-45,0,90,0,17,1,121,0,49,1,108,0,26,1,74,0,-22,0,43,0,-96,0,29,0,78,0,48,0,-16,15,107,0,-101,15,-74,0,120,15,13,1,-129,15,77,1,-83,15,74,1,-45,15,9,1,0,0,0,0,-36,15,81,0,-95,15,-7,15,85,15,-69,15,16,15,-89,15,-10,14,-76,15,17,15,-46,15,88,15,-25,15,-92,15,-33,15,-16,15,-58,15,49,0,-117,15,88,0,60,15,78,0,-13,14,19,0]"
CSI_DATA,7774,d8:b1:90:d9:de:f0,-43,9,-99,-36,44,104,555047947,113,0,106,0,"[21,0,38,15,46,0,-32,14,47,0,-55,14,37,0,-29,14,26,0,28,15,26,0,103,15,41,0,-59,15,74,0,54,0,122,0,-93,0,-80,0,-7,0,-43,0,23,1,-43,0,-3,0,-80,0,-62,0,0,0,0,0,28,0,68,0,-74,15,26,0,74,15,3,0,3,15,2,0,-15,14,12,0,22,15,11,0,93,15,6,0,-81,15,-9,15,-1,15,-45,15,72,0,-101,15,-123,0,87,15,-98,0,21,15,-124,0]"
CSI_DATA,7775,d8:b1:90:d9:de:f0,-43,9,-99,-38,45,104,555048056,113,0,106,0,"[-50,0,68,0,7,0,113,0,32,0,111,0,9,0,99,0,-38,0,75,0,-107,0,55,0,44,0,46,0,-62,14,52,0,69,14,81,0,-19,13,111,0,-56,13,-102,0,-33,13,-92,0,28,14,-116,0,0,0,0,0,-61,14,15,0,-14,14,-75,14,26,0,72,14,41,0,4,14,33,0,-13,13,24,0,21,14,14,0,92,14,20,0,-76,14,41,0,4,0,81,0,83,0,-102,0,-95,0,-37,0,-67,0,-9,0]"
CSI_DATA,7776,d8:b1:90:d9:de:f0,-43,9,-99,-36,44,104,555048210,130,0,106,0,"[124,0,-75,0,-109,0,-6,0,-90,0,10,1,-98,0,-17,0,-122,0,-69,0,84,0,-127,0,11,0,66,0,-92,15,11,0,56,15,-27,15,-41,14,-49,15,-87,14,-39,15,-76,14,-10,15,-10,14,5,0,0,0,0,0,-66,15,-19,15,27,0,-78,15,111,0,117,15,-100,0,57,15,-100,0,33,15,124,0,59,15,85,0,119,15,54,0,-64,15,39,0,22,0,39,0,116,0,70,0,-56,0,117,0,2,1,-98,0]"
CSI_DATA,7777,d8:b1:90:d9:de:f0,-43,11,-99,-37,45,104,555255954,277,0,106,0,"[14,0,-54,0,0,13,17,0,10,0,43,0,15,0,22,0,9,0,-33,0,-9,13,-88,0,-51,13,67,0,-112,13,-10,13,36,13,-80,13,-39,12,110,13,-74,12,104,13,-66,12,-105,13,-9,12,-70,13,0,0,0,0,-58,13,-22,13,49,0,-35,13,-78,0,-66,13,-16,0,-102,13,0,0,111,13,-28,0,-113,13,-80,0,-82,13,103,0,-31,13,60,0,34,0,33,0,115,0,25,0,-38,0,55,0,22,0,91,0]"
CSI_DATA,7778,d8:b1:90:d9:de:f0,-43,9,-99,-36,44,104,555256435,140,0,106,0,"[-72,0,61,0,-6,0,103,0,22,1,101,0,5,1,85,0,-43,0,67,0,-110,0,59,0,60,0,74,0,-36,15,116,0,126,15,-74,0,70,15,-3,0,51,15,36,1,86,15,38,1,-117,15,-17,0,0,0,0,0,-33,15,65,0,-35,15,-54,15,-66,15,96,15,-99,15,23,15,-126,15,6,15,-125,15,39,15,-92,15,94,15,-40,15,-108,15,27,0,-66,15,113,0,-50,15,-56,0,-57,15,2,1,-98,15,-5,0]"
CSI_DATA,7779,d8:b1:90:d9:de:f0,-43,9,-99,-39,45,104,555256597,108,0,106,0,"[99,14,108,0,23,14,-110,0,-3,13,-98,0,16,14,-114,0,61,14,101,0,116,14,46,0,-68,14,-21,14,5,0,-110,14,78,0,39,14,-122,0,-33,13,-101,0,-69,13,-117,0,-64,13,102,0,2,14,0,0,0,0,24,0,-55,14,-4,14,66,0,-16,14,-70,0,-17,14,7,0,-17,14,32,0,-15,14,0,0,-20,14,-70,0,-32,14,95,0,-50,14,12,0,-85,14,-75,14,116,14,90,14,68,14,43,14,37,14]"
CSI_DATA,7780,d8:b1:90:d9:de:f0,-42,9,-99,-37,44,104,555273767,224,0,106,0,"[-53,0,-16,15,18,1,0,0,40,1,-7,15,14,1,-15,15,-43,0,-20,15,-116,0,-4,15,64,0,42,0,-28,15,109,0,-113,15,-55,0,109,15,30,1,100,15,87,1,-121,15,88,1,-81,15,27,1,0,0,0,0,-19,15,95,0,-44,15,-27,15,-87,15,130,15,126,15,62,15,97,15,44,15,100,15,75,15,-117,15,122,15,-61,15,-93,15,16,0,-58,15,107,0,-54,15,-63,0,-69,15,-4,0,-119,15,-6,0]"
CSI_DATA,7781,d8:b1:90:d9:de:f0,-43,9,-99,-37,45,104,555274954,259,0,106,0,"[-49,13,44,13,-33,13,-20,12,-36,13,-46,12,-32,13,-21,12,-20,13,35,13,-1,13,99,13,42,0,-52,13,95,0,34,0,-58,0,-108,0,2,0,-43,0,42,0,-20,0,45,0,-39,0,2,0,-83,0,0,0,0,0,75,0,49,0,-33,13,26,0,93,13,18,0,15,13,19,0,-13,12,29,0,6,13,30,0,65,13,14,0,-101,13,-5,13,-33,13,-45,13,27,0,-106,13,76,0,54,13,90,0,-12,12,64,0]"
CSI_DATA,7782,d8:b1:90:d9:de:f0,-43,9,-99,-35,44,104,555275191,279,0,106,0,"[-118,0,86,14,-51,0,57,14,-31,0,43,14,-52,0,59,14,-91,0,101,14,122,0,-87,14,83,0,-2,14,51,0,101,0,31,0,-28,0,23,0,66,0,35,0,113,0,50,0,102,0,45,0,37,0,0,0,0,0,7,0,98,0,-56,14,5,0,117,14,-76,14,54,14,121,14,25,14,102,14,45,14,113,14,100,14,-103,14,-80,14,-81,14,-1,14,-69,14,84,0,-74,14,-76,0,-102,14,-17,0,107,14,-26,0]"
CSI_DATA,7783,d8:b1:90:d9:de:f0,-43,9,-99,-38,45,104,555284409,259,0,106,0,"[-87,0,-98,0,-46,0,-53,0,-20,0,-54,0,-28,0,-87,0,-62,0,109,0,-116,0,78,0,40,0,61,0,-60,14,72,0,80,14,117,0,7,14,-67,0,-3,13,-9,0,26,14,10,0,86,14,-14,0,0,0,0,0,-54,14,80,0,-52,14,-19,14,-80,14,-118,14,113,14,66,14,80,14,53,14,82,14,84,14,116,14,-111,14,-67,14,-78,14,0,0,-58,14,77,0,-70,14,-90,0,-112,14,-55,0,65,14,-88,0]"
CSI_DATA,7784,d8:b1:90:d9:de:f0,-43,9,-99,-36,44,104,555284682,279,0,106,0,"[64,0,40,15,90,0,-20,14,73,0,-42,14,47,0,-22,14,19,0,26,15,11,0,98,15,37,0,-77,15,101,0,11,0,-62,0,82,0,33,1,112,0,97,1,97,0,101,1,44,0,38,1,0,0,0,0,0,0,110,0,-2,15,17,0,62,0,-45,15,-109,0,-64,15,-29,0,-47,15,8,1,-16,15,-13,0,-5,15,-72,0,-14,15,113,0,-47,15,41,0,-109,15,-7,15,58,15,-34,15,-16,14,-6,15,-39,14]"
CSI_DATA,7785,d8:b1:90:d9:de:f0,-45,11,-99,-35,46,104,555503951,100,0,228,0,"[-2,10,0,13,0,16,0,18,0,20,0,20,0,21,95,57,0,18,0,16,0,14,0,12,0,9,2,6,3,3,5,0,6,-3,9,-6,10,-10,13,-13,14,-13,27,-45,16,-15,16,-15,16,-13,13,-12,12,-10,10,-9,0,0,3,-6,0,-4,-3,-3,-7,-3,-10,-3,-13,-2,36,11,-18,-3,-20,-3,-20,-3,-18,-3,-17,-3,-15,-2,-12,-1,-9,0,-6,0,-5,2,-2,3,0,5,1,7,15,0,5,12,6,14,6,16,6,17,5,18,3,16,2,14,-16,5,-10,16,3,20,16,12,20,-1,10,-13,-1,-13,-9,14,-6,3,0,6,6,1,5,-6,-3,-10,-12,-5,-13,6,-5,17,9,18,20,6,19,-10,6,-20,-9,-17,0,-20,-12,6,-1,10,5,4,3,-3,-3,-4,-9,1,0,0,4,13,16,6,18,-6,9,-19,-6,-20,-19,-10,-36,2,-9,15,3,14,10,5,7,-3,0,-4,-3,0,0,4,6,4,9,-2,5,-10,-3,-13,-13,-6,-15,4,-4,23,4,16,13,8,14,-3,6,-10,-2,-10,-6,-2,-3,3]"
CSI_DATA,7786,d8:b1:90:d9:de:f0,-42,11,-99,-38,44,104,555673752,277,0,106,0,"[68,15,-129,15,-1,14,82,15,-24,14,76,15,3,15,94,15,59,15,130,15,131,15,-98,15,-47,15,-57,15,70,0,-18,15,-80,0,10,0,21,1,33,0,74,1,36,0,64,1,21,0,-18,0,12,0,0,0,0,0,38,0,9,0,-86,15,37,0,65,15,64,0,-10,14,98,0,-32,14,117,0,12,15,104,0,86,15,69,0,-112,15,32,0,-31,15,-16,15,43,0,-75,15,111,0,126,15,-127,0,56,15,123,0]"
CSI_DATA,7787,d8:b1:90:d9:de:f0,-42,9,-99,-38,44,104,555674233,119,0,106,0,"[73,15,130,0,-8,14,-113,0,-31,14,-97,0,-5,14,-108,0,43,15,129,0,102,15,77,0,-98,15,7,0,-24,15,-88,15,50,0,80,15,104,0,-13,14,124,0,-56,14,112,0,-43,14,88,0,26,15,0,0,0,0,41,0,-42,15,45,0,80,0,65,0,-72,0,85,0,8,1,91,0,31,1,82,0,0,1,57,0,-67,0,21,0,126,0,-27,15,50,0,-90,15,-23,15,109,15,-82,15,44,15,-116,15,13,15]"
CSI_DATA,7788,d8:b1:90:d9:de:f0,-43,9,-99,-35,44,104,555674391,139,0,106,0,"[38,0,-23,0,34,0,55,0,45,0,76,0,46,0,50,0,34,0,-8,0,16,0,-78,0,-19,14,82,0,-80,14,-11,14,98,14,-108,14,36,14,68,14,0,14,47,14,2,14,65,14,52,14,106,14,0,0,0,0,-20,14,-41,14,85,0,-16,14,-53,0,0,0,23,0,-3,14,45,0,-12,14,11,0,-12,14,-54,0,-7,14,117,0,11,0,35,0,35,0,-41,14,77,0,-112,14,-116,0,101,14,-58,0,114,14]"
CSI_DATA,7789,d8:b1:90:d9:de:f0,-42,9,-99,-34,43,104,555674561,119,0,106,0,"[-82,0,-116,0,-26,0,-48,0,-4,0,-38,0,-23,0,-60,0,-64,0,-98,0,133,0,130,0,46,0,87,0,-70,15,54,0,74,15,31,0,-27,14,26,0,-80,14,28,0,-65,14,40,0,6,15,36,0,0,0,0,0,-57,15,-13,15,47,0,-78,15,-134,0,109,15,-76,0,48,15,-62,0,24,15,-91,0,44,15,-131,0,108,15,93,0,-88,15,55,0,-7,15,41,0,86,0,39,0,-90,0,58,0,-20,0,95,0]"
CSI_DATA,7790,d8:b1:90:d9:de:f0,-43,9,-99,-35,44,104,555674674,139,0,106,0,"[-93,0,-79,0,-44,0,-15,0,-20,0,-7,0,-32,0,-40,0,-71,0,-84,0,116,0,122,0,35,0,79,0,-70,14,38,0,67,14,17,0,-28,13,8,0,-74,13,23,0,-56,13,33,0,7,14,30,0,0,0,0,0,-47,14,-12,14,48,0,-75,14,-115,0,101,14,-71,0,41,14,-61,0,16,14,-87,0,41,14,118,0,96,14,80,0,-86,14,49,0,-6,14,37,0,76,0,40,0,-82,0,70,0,-19,0,104,0]"
CSI_DATA,7791,d8:b1:90:d9:de:f0,-43,9,-99,-36,44,104,555883095,130,0,106,0,"[-49,15,-44,0,-81,15,29,1,-85,15,51,1,-77,15,17,1,-65,15,-40,0,-60,15,-120,0,-46,15,37,0,-38,15,-84,15,-31,15,51,15,-27,15,-39,14,-35,15,-75,14,-35,15,-49,14,-21,15,22,15,0,0,0,0,11,0,-24,15,50,0,89,0,86,0,-63,0,119,0,4,1,118,0,17,1,94,0,-17,0,56,0,-83,0,6,0,102,0,-46,15,30,0,-104,15,-41,15,87,15,-103,15,36,15,117,15,18,15]"
CSI_DATA,7792,d8:b1:90:d9:de:f0,-42,9,-99,-38,44,104,555883239,113,0,106,0,"[-46,15,-40,0,-52,15,42,1,-29,15,66,1,-1,15,32,1,19,0,-31,0,1,0,-111,0,-29,15,68,0,-96,15,-27,15,86,15,-108,15,3,15,117,15,-46,14,121,15,-38,14,-110,15,28,15,-66,15,0,0,0,0,-30,15,-22,15,90,0,-62,15,-85,0,-116,15,-31,0,95,15,-29,0,66,15,-75,0,82,15,-131,0,-135,15,93,0,-67,15,66,0,13,0,62,0,102,0,87,0,-83,0,127,0,-30,0,-98,0]"
CSI_DATA,7793,d8:b1:90:d9:de:f0,-42,11,-99,-39,44,104,556091549,277,0,106,0,"[-95,0,-121,0,-53,0,-58,0,-26,0,-50,0,-37,0,-69,0,-71,0,-103,0,-129,0,-137,0,66,0,128,0,-34,16,137,0,130,16,-114,0,39,16,-67,0,4,16,-29,0,20,16,-16,0,81,16,-52,0,0,0,0,0,-87,16,85,0,-67,16,-30,16,-76,16,134,16,-106,16,45,16,-129,16,11,16,-131,16,27,16,-107,16,76,16,-64,16,126,16,-4,16,-112,16,73,0,-98,16,-121,0,-107,16,-62,0,129,16,-56,0]"
CSI_DATA,7794,d8:b1:90:d9:de:f0,-42,9,-99,-38,44,104,556092012,98,0,106,0,"[10,0,-42,0,13,0,33,1,42,0,60,1,69,0,32,1,80,0,-24,0,48,0,-83,0,-5,15,122,0,-92,15,72,0,65,15,44,0,-30,14,48,0,-77,14,87,0,-62,14,120,0,2,15,123,0,0,0,0,0,-90,15,51,0,-31,15,-50,15,-8,15,109,15,-21,15,21,15,-42,15,-16,14,-61,15,3,15,-65,15,60,15,-39,15,121,15,10,0,-93,15,81,0,-64,15,-101,0,-64,15,-32,0,-95,15,-31,0]"
CSI_DATA,7795,d8:b1:90:d9:de:f0,-43,9,-99,-36,44,104,556132082,130,0,106,0,"[30,15,-72,15,-29,14,-107,15,-51,14,-105,15,-19,14,-86,15,35,15,-68,15,107,15,-60,15,-64,15,-82,15,29,0,126,15,120,0,57,15,-83,0,-7,14,-73,0,-48,14,-99,0,-51,14,113,0,6,15,0,0,0,0,48,0,-84,15,59,0,26,0,91,0,121,0,-126,0,-69,0,-99,0,-44,0,-107,0,-67,0,111,0,-112,0,60,0,112,0,-5,15,81,0,-82,15,77,0,90,15,99,0,42,15,-111,0,56,15]"
CSI_DATA,7796,d8:b1:90:d9:de:f0,-43,9,-99,-37,44,104,556178944,101,0,106,0,"[123,0,-72,0,-103,0,-1,0,-71,0,13,1,-73,0,-22,0,-90,0,-65,0,117,0,-115,0,44,0,112,0,-62,15,97,0,85,15,106,0,-6,14,-124,0,-45,14,-74,0,-25,14,-47,0,45,15,-67,0,0,0,0,0,-61,15,74,0,-22,15,-44,15,-17,15,106,15,-43,15,16,15,-80,15,-14,14,-95,15,15,15,-86,15,82,15,-48,15,-117,15,15,0,-59,15,93,0,-34,15,-76,0,-42,15,-12,0,-83,15,-17,0]"
CSI_DATA,7797,d8:b1:90:d9:de:f0,-43,9,-99,-35,44,104,556196720,98,0,106,0,"[-22,14,-49,0,-62,14,16,0,-67,14,42,0,-65,14,20,0,-62,14,-31,0,-54,14,-106,0,-63,14,49,0,-89,14,-64,14,118,14,69,14,78,14,-28,13,47,14,-65,13,38,14,-45,13,65,14,15,14,0,0,0,0,-68,14,-68,14,30,0,-6,14,-119,0,51,0,-41,0,81,0,-8,0,81,0,-23,0,69,0,-77,0,53,0,98,0,43,0,13,0,48,0,-69,14,75,0,91,14,116,0,47,14,-72,0,60,14]"
CSI_DATA,7798,d8:b1:90:d9:de:f0,-44,9,-99,-36,45,104,556300902,113,0,106,0,"[-18,0,19,0,39,0,32,0,57,0,18,0,32,0,7,0,-14,0,-4,13,-75,0,-2,13,78,0,22,0,-6,13,76,0,-80,13,-78,0,95,13,3,0,93,13,60,0,-107,13,70,0,-65,13,33,0,0,0,0,0,-19,13,108,0,-39,13,17,0,-79,13,-73,13,96,13,103,13,64,13,86,13,71,13,105,13,104,13,-91,13,-69,13,-67,13,-6,13,-55,13,63,0,-66,13,-97,0,-106,13,-59,0,63,13,-84,0]"
CSI_DATA,7799,d8:b1:90:d9:de:f0,-43,9,-99,-34,44,104,556301011,259,0,106,0,"[-63,14,-24,0,-94,14,36,0,-81,14,57,0,-60,14,35,0,-34,14,-10,0,-27,14,-76,0,-41,14,84,0,-84,14,-16,14,90,14,-108,14,15,14,64,14,-47,13,45,14,-62,13,73,14,-26,13,-118,14,0,0,0,0,-120,14,-33,14,-12,14,-48,14,83,0,-84,14,-92,0,116,14,-68,0,83,14,-89,0,86,14,115,0,118,14,83,0,-70,14,63,0,0,14,73,0,72,0,107,0,-92,0,-78,0,-49,0,-24,0]"
CSI_DATA,7800,d8:b1:90:d9:de:f0,-43,9,-99,-37,44,104,556301159,279,0,106,0,"[106,0,48,15,-119,0,-14,14,-130,0,-41,14,108,0,-23,14,76,0,21,15,51,0,91,15,52,0,-80,15,86,0,27,0,-112,0,-131,0,-38,0,-56,0,24,1,-30,0,53,1,-61,0,14,1,-122,0,0,0,0,0,117,0,43,0,6,0,52,0,-98,15,85,0,92,15,-127,0,72,15,-89,0,98,15,-88,0,-121,15,-124,0,-83,15,80,0,-61,15,8,0,-72,15,-78,15,-109,15,107,15,87,15,66,15,31,15]"
CSI_DATA,7801,d8:b1:90:d9:de:f0,-43,9,-99,-34,44,104,556301341,259,0,106,0,"[-87,0,71,14,-39,0,31,14,-39,0,0,14,-73,0,8,14,-115,0,42,14,86,0,100,14,65,0,-59,14,67,0,44,0,108,0,-87,0,-82,0,-6,0,-26,0,28,0,6,0,4,0,-10,0,-54,0,0,0,0,0,108,0,60,0,4,0,49,0,-93,14,64,0,72,14,95,0,48,14,-111,0,67,14,-109,0,110,14,107,0,-92,14,61,0,-64,14,0,0,-66,14,-76,14,-95,14,87,14,86,14,44,14,33,14]"
CSI_DATA,7802,d8:b1:90:d9:de:f0,-44,9,-99,-35,45,104,556301552,279,0,106,0,"[-8,12,10,12,18,0,-51,12,24,0,-69,12,24,0,-46,12,20,0,8,12,29,0,71,12,40,0,-65,12,69,0,31,0,108,0,-83,0,-72,0,-2,0,-42,0,40,0,-31,0,34,0,-54,0,-7,0,0,0,0,0,63,0,87,0,-20,12,38,0,-109,12,-4,12,42,12,-31,12,8,12,-39,12,23,12,-38,12,71,12,-37,12,-89,12,-38,12,-23,12,-53,12,48,0,-84,12,-106,0,97,12,-64,0,45,12,-77,0]"
CSI_DATA,7803,d8:b1:90:d9:de:f0,-41,11,-99,-32,42,104,556504036,100,0,114,0,"[20,-24,22,-25,23,-26,24,-26,26,-28,25,-25,25,-25,23,-23,21,-24,21,-24,19,-23,19,-24,17,-24,17,-25,17,-28,16,-29,15,-30,16,-32,15,-34,14,-34,14,-34,12,-37,12,-35,10,-35,10,-34,10,-33,8,-32,6,-33,0,0,4,-31,4,-32,3,-32,2,-33,2,-34,2,-34,0,-34,0,-34,-2,-32,-3,-32,-4,-31,-4,-30,-5,-28,-6,-25,-7,-25,-8,-23,-8,-23,-8,-22,-11,-23,-11,-23,-12,-23,-13,-24,-14,-24,-14,-25,-14,-24,-13,-24,-12,-24,-10,-21]"
CSI_DATA,7804,d8:b1:90:d9:de:f0,-43,9,-99,-37,45,104,556718717,98,0,106,0,"[104,0,-109,13,-55,0,74,13,-29,0,48,13,-40,0,66,13,-71,0,105,13,110,0,-77,13,45,0,-9,13,-39,13,72,0,107,13,-77,0,39,13,-10,0,4,13,17,0,22,13,14,0,68,13,-25,0,0,0,0,0,-6,13,79,0,77,0,10,0,-71,0,-60,13,-17,0,-110,13,-3,0,108,13,-33,0,-111,13,-83,0,-66,13,89,0,-25,13,15,0,21,0,-56,13,72,0,111,13,-108,0,69,13,-55,0,73,13]"
CSI_DATA,7805,d8:b1:90:d9:de:f0,-44,9,-99,-38,46,104,556718867,108,0,106,0,"[-10,12,-82,0,-31,12,-1,0,-37,12,33,0,-38,12,17,0,-36,12,-28,0,-35,12,-90,0,-29,12,37,0,-21,12,-69,12,-10,12,32,12,-3,12,-58,11,-5,12,-100,11,-14,12,-81,11,-19,12,-27,11,0,0,0,0,-47,12,-62,12,-54,12,41,0,-67,12,-73,0,-67,12,-3,0,-65,12,14,0,-60,12,-10,0,-53,12,-68,0,-43,12,75,0,-33,12,0,12,-21,12,-79,12,-14,12,55,12,-20,12,-5,11,-37,12]"
CSI_DATA,7806,d8:b1:90:d9:de:f0,-44,9,-99,-38,46,104,556718967,130,0,106,0,"[65,0,-90,0,79,0,-9,0,84,0,26,0,70,0,16,0,44,0,-31,0,15,0,-84,0,-26,12,47,0,-68,12,-43,12,103,12,70,12,69,12,-24,11,55,12,-58,11,61,12,-43,11,87,12,8,12,0,0,0,0,-62,12,-33,12,-14,12,56,0,21,0,-63,0,51,0,-2,0,60,0,15,0,47,0,-4,0,21,0,-59,0,-5,12,90,0,-41,12,21,0,-77,12,-51,12,101,12,93,12,68,12,44,12,52,12]"
CSI_DATA,7807,d8:b1:90:d9:de:f0,-44,9,-99,-38,46,104,556769643,98,0,106,0,"[29,0,-103,0,26,0,-17,0,29,0,22,0,29,0,12,0,16,0,-35,0,0,0,-95,0,-22,12,33,0,-47,12,-68,12,-74,12,36,12,-107,12,-56,11,90,12,-98,11,84,12,-90,11,105,12,-24,11,0,0,0,0,-73,12,-64,12,-34,12,36,0,5,0,-83,0,32,0,-15,0,41,0,6,0,28,0,-17,0,5,0,-74,0,-20,12,80,0,-48,12,13,0,-90,12,-58,12,89,12,86,12,50,12,36,12,31,12]"
CSI_DATA,7808,d8:b1:90:d9:de:f0,-46,11,-99,-33,47,104,556927144,277,0,106,0,"[58,9,-78,9,56,9,23,9,53,9,-7,9,51,9,-12,9,63,9,11,9,-77,9,41,9,-33,9,81,9,30,0,-40,9,-52,0,2,0,35,0,27,0,-75,0,37,0,-62,0,24,0,80,0,9,0,0,0,0,0,-24,0,-2,9,80,0,24,0,14,0,61,0,-35,9,-63,0,-62,9,-38,0,-64,9,-35,0,-55,9,-55,0,-40,9,81,0,-25,9,38,0,-18,9,-9,9,-22,9,-67,9,-42,9,46,9,-72,9]"
CSI_DATA,7809,d8:b1:90:d9:de:f0,-47,9,-99,-36,48,104,556927625,130,0,106,0,"[49,9,29,0,-4,8,2,0,-37,8,1,0,-39,8,11,0,-13,8,20,0,29,9,25,0,-74,9,9,0,-6,9,-29,9,65,0,71,9,-46,0,1,9,-31,0,-54,8,-52,0,76,8,75,0,-72,8,0,0,0,0,17,0,31,9,22,0,-61,9,45,0,9,0,-80,0,61,0,-53,0,-78,0,-46,0,79,0,-58,0,58,0,73,0,32,0,35,0,13,0,-15,9,4,0,-74,9,7,0,38,9,34,0,21,9]"
CSI_DATA,7810,d8:b1:90:d9:de:f0,-48,9,-99,-35,49,104,557136497,98,0,106,0,"[-21,8,-40,8,46,0,-1,8,-37,0,31,0,-5,0,49,0,-3,0,56,0,-12,0,47,0,-37,0,25,0,68,0,-13,8,31,0,59,8,-13,8,-18,7,-38,8,58,7,-45,8,27,7,-40,8,42,7,0,0,0,0,-39,8,-65,7,-6,8,4,8,6,0,60,8,10,0,2,0,0,0,65,0,-10,8,-39,0,-18,8,-32,0,-18,8,-34,0,-8,8,-55,0,12,0,63,0,43,0,32,0,-52,0,-6,8,-26,0]"
CSI_DATA,7811,d8:b1:90:d9:de:f0,-48,11,-99,-39,50,104,557504007,100,0,228,0,"[-8,12,-9,12,-9,11,-7,10,-6,10,-3,9,-1,9,67,40,2,9,4,9,5,9,6,9,6,10,7,10,7,11,7,10,6,10,4,10,3,10,1,9,-1,8,19,-32,-6,5,-9,3,-10,1,-13,0,-14,0,-15,-2,0,0,-17,-3,-17,-3,-17,-3,-18,-3,-17,-2,-15,0,-36,7,-13,2,-12,3,-10,6,-8,7,-7,9,-5,10,-3,10,-3,11,-2,11,-1,12,-1,12,-1,11,-1,11,-20,8,-2,10,-2,8,-3,6,-3,4,-4,1,-4,-1,-3,-3,8,3,10,0,10,-7,6,-13,-3,-15,-12,-10,-16,0,-12,20,-2,16,9,13,14,2,11,-8,1,-13,-8,-8,-11,1,-4,9,4,9,10,0,6,-8,-4,-12,-13,-3,-16,14,-2,15,10,12,15,1,12,-9,2,-14,-7,-10,0,0,-9,4,-4,7,0,7,2,6,3,4,7,3,-5,0,8,-7,1,-13,-8,-12,-14,-3,-12,8,-2,14,8,12,13,1,9,-8,0,-12,-8,-7,-10,2,-3,9,3,19,10,0,7,-8,-2,-11,-11,-5,-12,4,-4,12,3,10]"
CSI_DATA,7812,d8:b1:90:d9:de:f0,-47,11,-99,-35,48,104,557553840,277,0,106,0,"[1,9,30,9,29,9,47,9,72,9,43,9,-45,9,31,9,-23,9,19,9,-14,9,4,9,-25,9,0,9,-44,9,7,9,-64,9,41,9,70,9,-53,9,66,9,20,0,70,9,-63,0,-70,9,-12,0,0,0,0,0,-34,9,39,0,-30,9,49,0,-31,9,38,0,-45,9,7,0,-69,9,-29,0,61,9,-69,0,49,9,57,0,34,9,38,0,28,9,34,0,25,9,37,0,36,9,50,0,67,9,64,0,-30,9]"
CSI_DATA,7813,d8:b1:90:d9:de:f0,-47,9,-99,-39,49,104,557554339,130,0,106,0,"[-55,9,32,0,-47,9,0,0,-68,9,-43,0,58,9,-70,0,35,9,72,0,20,9,77,0,18,9,-63,0,34,9,-52,0,-77,9,-47,0,-9,9,-64,0,63,0,57,0,-39,0,6,0,-9,0,-38,9,0,0,0,0,10,0,38,9,7,0,33,9,6,0,39,9,-9,0,71,9,-23,0,-44,9,-31,0,1,0,-36,0,32,0,-39,0,52,0,-35,0,63,0,-25,0,60,0,-30,0,39,0,-45,0,8,0,63,0]"
CSI_DATA,7814,d8:b1:90:d9:de:f0,-47,9,-99,-37,49,104,557585029,98,0,106,0,"[49,8,-24,0,59,8,-62,0,49,8,45,0,32,8,15,0,19,8,5,0,10,8,9,0,10,8,26,0,27,8,49,0,70,8,-72,0,-10,8,-53,0,61,0,-48,0,-18,0,-57,0,18,0,69,0,0,0,0,0,64,0,28,0,59,0,26,0,40,0,37,0,9,0,54,0,-27,0,-68,0,-63,0,-45,0,57,0,-31,0,43,0,-23,0,43,0,-24,0,47,0,-31,0,57,0,-52,0,64,0,49,0,54,0]"
CSI_DATA,7815,d8:b1:90:d9:de:f0,-46,9,-99,-32,46,104,557637419,98,0,106,0,"[9,10,-75,0,26,10,66,0,30,10,12,0,24,10,-31,10,12,10,-56,10,1,10,-55,10,-3,9,-47,10,4,10,-21,10,43,10,16,0,-69,10,55,0,22,0,86,0,-70,0,-86,0,-12,0,88,0,0,0,0,0,39,0,60,0,43,0,54,0,12,0,63,0,-29,0,89,0,-73,0,-58,0,66,0,-30,0,39,0,-20,0,30,0,-11,0,34,0,-14,0,45,0,-21,0,59,0,-48,0,76,0,77,0,67,0]"
CSI_DATA,7816,d8:b1:90:d9:de:f0,-46,9,-99,-33,47,104,557637880,130,0,106,0,"[-75,0,-3,9,-75,0,34,9,-57,0,75,9,-29,0,-62,9,-12,0,-50,9,-1,0,-58,9,-5,0,-75,9,-28,0,75,9,-82,0,70,9,8,0,81,9,-72,9,-48,9,29,9,7,0,-4,9,55,0,0,0,0,0,-12,9,-44,0,-11,9,-39,0,4,9,-59,0,13,9,64,0,13,9,16,0,16,9,-23,9,16,9,-51,9,17,9,-55,9,14,9,-48,9,15,9,-31,9,32,9,-2,9,72,9,32,0,-33,9]"
CSI_DATA,7817,d8:b1:90:d9:de:f0,-48,11,-99,-35,49,104,557971637,277,0,106,0,"[-4,7,67,0,-18,7,38,0,-30,7,16,0,-26,7,6,0,-16,7,6,0,8,8,15,0,44,8,22,0,-40,8,26,0,33,0,17,0,-34,0,-5,8,21,0,-33,8,47,0,-64,8,42,0,62,8,0,0,0,0,-2,0,-52,8,-20,0,-15,8,-33,0,34,0,-35,0,-54,0,-38,0,-23,0,-40,0,-19,0,-51,0,-31,0,-64,0,-58,0,57,0,51,0,34,0,23,0,1,0,-7,8,-42,8,-31,8,61,8]"
CSI_DATA,7818,d8:b1:90:d9:de:f0,-48,9,-99,-36,49,104,557972091,98,0,106,0,"[-1,7,-63,0,-11,7,70,0,-16,7,67,0,-10,7,-70,0,7,8,-61,0,38,8,-59,0,-64,8,-69,0,-21,8,39,0,7,0,-23,8,18,0,46,8,-3,8,-16,7,-39,8,-46,7,-65,8,-41,7,0,0,0,0,64,8,12,8,-52,8,24,8,-17,8,23,8,12,0,5,8,24,0,-10,7,16,0,-11,7,-1,8,3,8,-13,8,30,8,-21,8,66,8,-18,8,-41,8,7,0,-2,8,46,0,20,0,-61,0]"
CSI_DATA,7819,d8:b1:90:d9:de:f0,-48,9,-99,-35,49,104,557972214,500,0,106,0,"[-17,7,-2,8,-20,7,-28,8,-23,7,-45,8,-16,7,-49,8,-11,7,-41,8,13,8,-25,8,43,8,-4,8,-42,8,14,0,29,0,21,0,-35,0,14,0,22,0,-12,8,50,0,-40,8,47,0,-57,8,0,0,0,0,-1,0,-48,8,-21,0,-15,8,-36,0,31,0,-33,0,-61,0,-30,0,-31,0,-31,0,-28,0,-36,0,-46,0,-50,0,67,0,66,0,39,0,38,0,12,0,-3,8,-7,8,-48,8,-18,8,54,8]"
CSI_DATA,7820,d8:b1:90:d9:de:f0,-48,9,-99,-36,49,104,557972487,500,0,106,0,"[-68,0,2,0,55,0,17,0,35,0,28,0,29,0,25,0,29,0,10,0,32,0,-12,0,32,0,-50,0,20,0,40,0,-11,8,-21,8,-59,8,65,8,33,8,26,8,-3,7,15,8,-12,7,25,8,0,0,0,0,16,8,59,8,53,8,50,8,-52,8,30,8,-14,8,3,8,7,0,-15,7,10,0,-13,7,5,0,5,8,-3,8,29,8,-8,8,63,8,-5,8,-43,8,6,0,-1,8,32,0,39,0,62,0]"
CSI_DATA,7821,d8:b1:90:d9:de:f0,-48,9,-99,-38,50,104,557972715,500,0,106,0,"[10,0,61,0,3,0,-53,0,-1,0,-36,0,-5,0,-35,0,-12,0,-49,0,-26,0,65,0,-50,0,38,0,41,0,11,0,-24,7,-11,7,38,7,-13,7,-20,7,-2,7,-49,7,22,0,-46,7,44,0,0,0,0,0,-7,7,41,0,14,7,9,0,23,7,-32,7,27,7,63,7,21,7,38,7,20,7,38,7,30,7,53,7,46,7,-57,7,-66,7,-33,7,-33,7,-15,7,6,0,-3,7,50,0,-3,7,-54,0]"
CSI_DATA,7822,d8:b1:90:d9:de:f0,-46,9,-99,-33,47,104,558180990,108,0,106,0,"[70,0,46,9,-48,0,18,9,-30,0,23,9,-46,0,51,9,-79,0,-80,9,40,0,-46,9,-24,9,-25,9,63,9,-9,9,-12,9,-9,9,-64,9,-10,9,-74,9,-14,9,-44,9,-21,9,18,9,-18,9,0,0,0,0,0,9,18,0,72,0,38,0,-37,0,61,0,-3,0,72,0,-6,0,66,0,-35,0,47,0,-74,0,14,0,53,0,-20,9,25,0,-61,9,1,0,64,9,-14,9,29,9,-31,9,16,9,-42,9]"
CSI_DATA,7823,d8:b1:90:d9:de:f0,-44,9,-99,-34,45,104,558218648,124,0,106,0,"[-90,0,-53,0,-74,0,0,0,-81,0,8,0,106,0,-20,0,61,0,-70,0,5,0,84,0,-58,12,15,0,84,12,-59,12,15,12,84,12,-31,11,27,12,-39,11,19,12,-4,11,47,12,63,12,90,12,0,0,0,0,8,0,-26,12,98,0,8,0,-36,0,31,0,5,0,41,0,-7,0,36,0,-57,0,26,0,86,0,13,0,19,0,5,0,-55,12,-1,12,94,12,6,0,38,12,18,0,9,12,36,0,29,12]"
CSI_DATA,7824,d8:b1:90:d9:de:f0,-43,9,-99,-36,45,104,558231599,124,0,106,0,"[-3,13,-13,0,-7,13,36,0,-3,13,36,0,1,0,-13,0,-4,13,-74,0,-29,13,71,0,-72,13,-8,13,92,13,-101,13,29,13,53,13,-23,12,17,13,-46,12,21,13,-21,12,61,13,50,13,-113,13,0,0,0,0,6,0,-35,13,107,0,-32,13,-46,0,-43,13,-7,0,-65,13,-18,0,-79,13,-76,0,-66,13,76,0,-34,13,13,0,5,0,-38,13,55,0,-77,13,-114,0,-94,13,-52,0,-87,13,-18,0,-44,13]"
CSI_DATA,7825,d8:b1:90:d9:de:f0,-44,9,-99,-34,45,104,558232425,130,0,106,0,"[31,12,-71,12,-9,11,-107,12,-3,11,97,12,39,12,-105,12,99,12,-83,12,-39,12,-68,12,49,0,-50,12,-59,0,-27,12,31,0,-9,12,95,0,-1,12,104,0,1,0,63,0,0,0,-21,0,6,0,0,0,0,0,10,0,32,0,-79,12,64,0,67,12,95,0,31,12,-103,0,38,12,-106,0,83,12,79,0,-69,12,37,0,-15,12,-5,12,36,0,-51,12,79,0,-102,12,-100,0,66,12,-95,0,32,12,90,0]"
CSI_DATA,7826,d8:b1:90:d9:de:f0,-44,9,-99,-34,45,104,558234943,113,0,106,0,"[-57,0,-104,0,-14,0,-78,0,-11,0,-88,0,-45,0,103,0,-106,0,71,0,37,0,44,0,-53,12,26,0,61,12,13,0,-31,11,17,0,-95,11,31,0,-98,11,42,0,-47,11,56,0,37,12,48,0,0,0,0,0,3,0,-18,12,79,0,-73,12,-82,0,86,12,-68,0,51,12,-92,0,51,12,79,0,88,12,35,0,-68,12,0,0,-1,12,-25,12,67,0,-37,12,-81,0,-30,12,-21,0,3,0,9,0,35,0]"
CSI_DATA,7827,d8:b1:90:d9:de:f0,-42,9,-99,-35,43,104,558278215,259,0,106,0,"[-86,0,103,16,-51,0,49,16,-73,0,40,16,-118,0,91,16,119,0,-119,16,82,0,-23,16,56,0,86,0,56,0,-64,0,66,0,45,1,82,0,110,1,114,0,107,1,112,0,42,1,87,0,-70,0,0,0,0,0,-23,16,-2,16,-112,16,-79,16,93,16,-124,16,50,16,-130,16,64,16,-107,16,128,16,-75,16,-64,16,-47,16,27,0,-34,16,110,0,-35,16,-86,0,-54,16,-27,0,-91,16,-17,0,-135,16,-59,0]"
CSI_DATA,7828,d8:b1:90:d9:de:f0,-42,9,-99,-36,44,104,558278479,279,0,106,0,"[-111,0,-65,0,-65,0,-26,0,-53,0,-44,0,-89,0,-90,0,107,0,118,0,22,0,80,0,-79,15,54,0,68,15,52,0,-38,14,62,0,-94,14,84,0,-99,14,114,0,-38,14,117,0,64,15,88,0,0,0,0,0,-4,15,-20,15,58,0,-109,15,87,0,76,15,93,0,35,15,75,0,43,15,51,0,109,15,36,0,-63,15,38,0,17,0,53,0,90,0,89,0,-98,0,-118,0,-48,0,-82,0,-50,0,-65,0]"
CSI_DATA,7829,d8:b1:90:d9:de:f0,-41,9,-99,-36,43,104,558287889,259,0,106,0,"[33,16,1,0,-21,15,16,0,-6,15,34,0,54,16,31,0,136,16,4,0,-59,16,-42,16,33,0,-111,16,123,0,79,16,-96,0,-10,15,-71,0,-77,15,-104,0,-96,15,134,0,-42,15,78,0,57,16,0,0,0,0,2,0,6,0,12,0,129,0,40,0,-70,0,66,0,-32,0,68,0,-56,0,44,0,-127,0,2,0,74,0,-56,16,3,0,-123,16,-61,16,83,16,-94,16,5,16,-104,16,-34,15,-80,16,-16,15]"
CSI_DATA,7830,d8:b1:90:d9:de:f0,-41,9,-99,-36,43,104,558288367,279,0,106,0,"[46,16,88,0,-10,15,95,0,-4,15,88,0,57,16,53,0,138,16,5,0,-60,16,-44,16,49,0,-105,16,-133,0,112,16,-25,0,48,16,34,1,12,16,39,1,15,16,-14,0,57,16,-103,0,135,16,0,0,0,0,-3,16,6,0,-84,16,105,0,-140,16,-116,0,121,16,-81,0,129,16,-103,0,-117,16,115,0,-69,16,31,0,-20,16,-54,16,21,0,-136,16,52,0,69,16,72,0,-4,15,59,0,-43,15,21,0]"
CSI_DATA,7831,d8:b1:90:d9:de:f0,-37,11,-99,-35,39,104,558503966,100,0,114,0,"[43,-8,48,-5,50,-3,53,-3,51,-1,51,-1,50,-3,48,-1,46,-3,46,-5,44,-5,44,-6,44,-8,44,-10,46,-13,48,-15,48,-17,50,-15,51,-19,51,-20,51,-24,50,-27,48,-29,50,-29,46,-27,44,-27,43,-29,44,-31,0,0,43,-32,41,-32,41,-34,39,-34,39,-36,38,-38,36,-39,38,-41,36,-39,34,-41,31,-39,29,-39,25,-38,24,-38,22,-36,20,-36,19,-36,19,-36,15,-38,17,-41,17,-43,19,-43,15,-46,17,-44,19,-44,17,-43,19,-39,17,-34]"
CSI_DATA,7832,d8:b1:90:d9:de:f0,-40,9,-99,-37,41,104,558598823,98,0,106,0,"[175,0,-77,0,-138,0,-39,0,-129,0,-66,0,-186,0,-119,0,104,0,-170,0,-2,21,168,0,-125,21,155,0,110,21,165,0,-4,20,184,0,-58,20,-155,0,-29,20,-130,0,72,21,-142,0,-162,21,167,0,0,0,0,0,107,0,-20,21,-174,0,-138,21,-117,0,123,21,-114,0,63,21,-142,0,72,21,-183,0,155,21,154,0,-106,21,148,0,14,0,162,0,125,0,-158,0,-158,0,-94,0,-97,0,-37,0,-101,0,-29,0]"
CSI_DATA,7833,d8:b1:90:d9:de:f0,-39,9,-99,-37,41,104,558598919,98,0,106,0,"[116,21,-136,0,82,21,-69,0,109,21,-71,0,149,21,-135,0,180,21,138,0,-183,21,29,0,183,21,-97,21,149,21,149,21,104,21,36,21,68,21,-10,20,69,21,21,21,104,21,111,21,-183,21,-146,21,0,0,0,0,58,0,72,0,-174,0,138,0,-56,0,171,0,-1,0,167,0,-18,0,154,0,-113,0,142,0,145,0,132,0,33,0,162,0,-66,21,-175,0,-146,21,-106,0,181,21,-30,0,-175,21,26,1,-94,21]"
CSI_DATA,7834,d8:b1:90:d9:de:f0,-39,9,-99,-37,40,104,558612970,124,0,106,0,"[-168,24,81,24,181,24,37,24,166,24,68,24,-203,24,130,24,-120,24,187,24,-9,24,-190,24,125,0,-181,24,-151,0,205,24,-35,0,166,24,13,1,120,24,-19,0,99,24,-127,0,125,24,148,0,-195,24,0,0,0,0,-84,24,61,0,-148,24,-181,0,-153,24,-47,0,-133,24,26,1,-107,24,4,1,-91,24,-97,0,-107,24,185,0,-150,24,71,0,203,24,-26,24,96,24,-83,24,-9,22,-96,24,-53,22,-58,24,-19,22]"
CSI_DATA,7835,d8:b1:90:d9:de:f0,-39,9,-99,-40,41,104,558646870,113,0,106,0,"[66,0,-66,0,90,0,6,1,99,0,-7,0,57,0,-80,0,-7,23,-158,0,-93,23,156,0,-194,23,74,0,80,23,3,0,-30,22,-58,23,-93,22,-88,23,-82,22,-68,23,9,23,-33,23,174,23,6,0,0,0,0,0,109,0,47,0,-126,0,22,0,-4,0,-6,23,50,1,-28,23,22,1,-23,23,-80,0,20,0,196,0,77,0,85,0,148,0,-4,23,-166,0,-64,23,-66,0,-99,23,26,1,-68,23,68,1,-1,23]"
CSI_DATA,7836,d8:b1:90:d9:de:f0,-39,9,-99,-38,41,104,558664655,252,0,106,0,"[-136,22,-70,0,-148,22,7,1,-128,22,2,1,-121,22,-70,0,-125,22,-167,0,-145,22,109,0,182,22,-4,22,100,22,-122,22,20,22,166,22,-20,20,121,22,-17,20,148,22,38,22,-158,22,164,22,-62,22,0,0,0,0,68,0,88,0,-152,0,116,0,-29,0,133,0,32,1,113,0,13,1,94,0,-82,0,91,0,179,0,104,0,62,0,139,0,-38,22,-191,0,-119,22,-113,0,-160,22,-28,0,-131,22,29,1,-52,22]"
CSI_DATA,7837,d8:b1:90:d9:de:f0,-40,9,-99,-36,41,104,558696421,98,0,106,0,"[-168,21,-79,0,-177,21,-11,0,-152,21,-15,0,-137,21,-77,0,-134,21,-169,0,-153,21,103,0,159,21,5,0,81,21,-90,21,2,21,-156,21,-43,19,-172,21,-22,19,-149,21,43,21,-88,21,177,21,-29,21,0,0,0,0,104,0,28,0,-101,0,5,0,5,1,-40,21,49,1,-72,21,29,1,-81,21,-49,0,-45,21,-145,0,18,0,149,0,94,0,103,0,179,0,94,0,-87,0,114,0,-5,0,161,0,12,1,-165,0]"
CSI_DATA,7838,d8:b1:90:d9:de:f0,-40,9,-99,-37,42,104,558730130,98,0,106,0,"[-25,0,-15,19,33,1,-32,19,20,1,-41,19,-45,0,-19,19,-134,0,23,0,110,0,76,0,16,0,152,0,-71,19,-89,0,-146,19,-2,0,154,19,42,1,-158,19,25,1,-108,19,-45,0,-47,19,-158,0,0,0,0,0,63,0,-90,19,90,0,101,19,102,0,-7,18,97,0,-47,18,95,0,-15,18,94,0,75,19,102,0,-141,19,130,0,-29,19,160,0,72,0,-119,0,154,0,-62,0,-115,0,-18,0,-110,0,-33,0]"
CSI_DATA,7839,d8:b1:90:d9:de:f0,-40,9,-99,-38,42,104,558778299,224,0,106,0,"[158,20,62,20,97,20,40,20,80,20,73,20,130,20,122,20,-141,20,157,20,-46,20,-158,20,50,0,-164,20,154,0,134,20,-102,0,89,20,-73,0,61,20,-102,0,57,20,161,0,102,20,70,0,-141,20,0,0,0,0,-45,20,113,0,-53,20,-81,0,-32,20,24,1,-1,20,78,1,22,0,50,1,10,0,-30,0,-24,20,-128,0,-82,20,126,0,-158,20,64,0,94,20,44,0,14,20,57,0,-5,18,93,0,48,20]"
CSI_DATA,7840,d8:b1:90:d9:de:f0,-40,11,-99,-33,41,104,559016131,277,0,106,0,"[38,19,132,0,-6,18,-154,0,7,19,-130,0,68,19,-147,0,132,19,129,0,-154,19,44,0,-138,19,-62,19,-154,19,152,19,134,19,40,19,90,19,-7,18,55,19,2,19,76,19,60,19,155,19,137,19,0,0,0,0,54,0,-110,19,-154,0,-133,19,-68,0,150,19,-38,0,108,19,-55,0,99,19,-108,0,147,19,161,0,-103,19,130,0,-11,19,128,0,73,0,163,0,154,0,-114,0,-119,0,-69,0,-111,0,-54,0]"
CSI_DATA,7841,d8:b1:90:d9:de:f0,-39,9,-99,-36,41,104,559016594,321,0,106,0,"[62,21,-156,21,-12,19,-163,21,-28,19,-125,21,26,21,-73,21,115,21,-59,21,-146,21,-83,21,-60,21,-148,21,11,0,108,21,50,0,-12,19,43,0,-98,19,-4,21,-96,19,-35,21,-29,19,-33,21,90,21,0,0,0,0,111,0,-80,21,-129,0,-21,21,-16,0,-21,21,31,1,-50,21,11,1,-80,21,-66,0,-67,21,-161,0,-22,21,131,0,46,0,98,0,127,0,98,0,-146,0,137,0,-67,0,-168,0,-48,0,-135,0]"
CSI_DATA,7842,d8:b1:90:d9:de:f0,-40,9,-99,-34,41,104,559016762,321,0,106,0,"[16,20,-1,20,-50,18,10,0,-48,18,28,0,18,20,26,0,106,20,-2,20,-141,20,-50,20,-42,20,-129,20,54,0,104,20,126,0,-2,18,160,0,-77,18,150,0,-81,18,118,0,-18,18,93,0,94,20,0,0,0,0,104,0,32,0,152,0,158,0,-128,0,-81,0,-96,0,-40,0,-104,0,-58,0,-166,0,-109,0,86,0,168,0,-9,20,122,0,-106,20,92,0,132,20,90,0,46,20,112,0,10,20,149,0,48,20]"
CSI_DATA,7843,d8:b1:90:d9:de:f0,-39,9,-99,-36,41,104,559016965,321,0,106,0,"[-36,21,-21,0,1,0,48,1,50,0,42,1,73,0,-26,0,53,0,-117,0,-4,21,175,0,-105,21,124,0,138,21,117,0,14,21,145,0,-48,19,-151,0,-29,19,-108,0,57,21,-117,0,159,21,179,0,0,0,0,0,-128,21,-39,21,-156,21,-166,21,118,21,110,21,66,21,100,21,62,21,131,21,115,21,-170,21,-159,21,-128,21,-60,21,-128,21,18,0,-161,21,79,0,134,21,97,0,50,21,62,0,-8,19,-7,21]"
CSI_DATA,7844,d8:b1:90:d9:de:f0,-40,9,-99,-37,42,104,559017142,321,0,106,0,"[25,0,20,19,-12,19,-42,18,-64,19,-36,18,-82,19,32,19,-64,19,104,19,-7,19,-156,19,82,0,-120,19,-128,0,-126,19,-28,0,164,19,23,1,102,19,-1,0,53,19,-79,0,69,19,-163,0,134,19,0,0,0,0,124,0,15,0,-159,0,124,0,-77,0,-138,0,-19,0,-136,0,-14,0,156,0,-72,0,114,0,-161,0,89,0,86,0,104,0,14,0,147,0,-19,19,-108,0,-18,19,-32,0,32,0,11,1,93,0]"
CSI_DATA,7845,d8:b1:90:d9:de:f0,-39,9,-99,-35,41,104,559017373,130,0,106,0,"[59,20,163,0,24,20,-130,0,56,20,-94,0,123,20,-115,0,-172,20,-167,0,-153,20,97,0,-174,20,5,0,104,20,-85,20,5,20,-146,20,-71,19,-145,20,-87,19,-100,20,-31,19,-52,20,78,20,-37,20,0,0,0,0,-83,20,-109,20,-27,20,124,20,-42,20,21,20,-72,20,-21,19,-94,20,0,20,-86,20,65,20,-45,20,144,20,24,0,-160,20,97,0,-137,20,164,0,-168,20,-130,0,123,20,-134,0,65,20,150,0]"
CSI_DATA,7846,d8:b1:90:d9:de:f0,-39,9,-99,-35,41,104,559049845,98,0,106,0,"[130,20,-105,0,102,20,-43,0,134,20,-31,0,-170,20,-71,0,-142,20,-146,0,-142,20,119,0,167,20,21,0,91,20,-60,20,-9,19,-119,20,-80,19,-124,20,-96,19,-91,20,-48,19,-64,20,61,20,-59,20,0,0,0,0,-78,20,-127,20,-20,20,119,20,0,0,30,20,0,0,-16,19,-5,20,-15,19,5,0,54,20,26,0,135,20,85,0,-150,20,142,0,-108,20,-124,0,-101,20,-49,0,-118,20,-17,0,-163,20,-60,0]"
CSI_DATA,7847,d8:b1:90:d9:de:f0,-39,9,-99,-36,41,104,559225475,124,0,106,0,"[-169,0,134,21,-135,0,59,21,-159,0,22,21,153,0,53,21,121,0,105,21,124,0,-179,21,175,0,-107,21,-91,0,-53,21,26,1,-38,21,96,1,-63,21,104,1,-120,21,42,1,-162,21,-69,0,-141,21,0,0,0,0,118,0,16,0,110,0,142,0,138,0,-120,0,-175,0,-60,0,-145,0,-66,0,-169,0,-120,0,134,0,-169,0,63,0,179,0,-1,21,-176,0,-50,21,-125,0,-80,21,-52,0,-53,21,0,1,19,0]"
CSI_DATA,7848,d8:b1:90:d9:de:f0,-40,11,-99,-34,41,104,559433928,277,0,106,0,"[77,0,92,20,97,0,34,20,78,0,10,20,44,0,32,20,26,0,89,20,52,0,150,20,116,0,-150,20,-125,0,-136,20,-9,0,-170,20,53,1,90,20,33,1,12,20,-50,0,-16,18,-145,0,33,20,0,0,0,0,82,0,-113,20,130,0,-12,20,-136,0,56,0,-66,0,70,0,-46,0,61,0,-76,0,45,0,-132,0,45,0,156,0,77,0,140,0,126,0,160,0,-152,0,-129,0,-105,0,-61,0,-98,0,-26,0]"
CSI_DATA,7849,d8:b1:90:d9:de:f0,-41,9,-99,-36,42,104,559434427,124,0,106,0,"[71,0,-101,0,66,0,-33,0,81,0,-18,0,81,0,-51,0,65,0,-103,0,5,0,-149,0,-76,18,138,0,129,18,135,0,13,18,-154,0,-54,17,-94,0,-61,17,-35,0,1,18,-10,0,96,18,-51,0,0,0,0,0,-86,18,78,0,-88,18,-46,18,-118,18,-149,18,-158,18,108,18,138,18,101,18,-158,18,132,18,-103,18,157,18,-37,18,-153,18,27,0,159,18,83,0,110,18,118,0,44,18,107,0,-11,17,47,0]"
CSI_DATA,7850,d8:b1:90:d9:de:f0,-45,11,-99,-36,46,104,559503991,100,0,228,0,"[0,9,0,11,2,12,3,15,4,16,5,17,4,18,98,58,3,16,3,15,3,14,4,11,4,10,5,8,7,6,9,3,11,1,14,0,17,0,20,-2,23,-2,27,-46,24,-2,24,0,23,0,20,1,19,2,15,1,0,0,8,0,6,-1,3,-3,1,-6,0,-8,-2,-11,-39,11,-3,-15,-3,-16,-3,-16,-2,-16,-3,-15,-3,-13,-3,-11,-3,-9,-4,-7,-6,-6,-7,-4,-9,-3,-11,-3,65,11,-15,-2,-17,-2,-18,-3,-19,-4,-18,-5,-16,-6,-13,-7,-15,10,-6,20,8,20,21,9,21,-6,10,-17,-3,-16,-7,10,-11,3,-2,7,4,4,6,-3,0,-7,-7,-6,-12,3,-7,13,4,16,15,9,19,-4,10,-16,-4,-17,9,-11,-13,5,-3,12,7,8,10,-2,3,-11,-7,-10,0,0,-12,12,0,19,15,15,23,1,18,-15,3,-23,-15,-31,-19,-3,-14,8,-3,13,5,7,6,0,1,-4,-3,-1,-3,3,0,7,7,4,10,-2,6,-10,-3,-13,-26,-9,-14,3,-7,11,3,13,11,6,11,-3,3,-9,-4,-7]"
CSI_DATA,7851,d8:b1:90:d9:de:f0,-40,11,-99,-35,41,104,559851726,277,0,106,0,"[-72,20,-107,0,-96,20,-9,0,-76,20,21,1,-53,20,-2,0,-48,20,-69,0,-59,20,-150,0,-126,20,115,0,126,20,34,0,-2,19,-21,20,-109,19,-31,20,-156,19,-4,20,-122,19,50,0,-15,19,76,0,0,0,0,0,-105,20,19,0,1,0,-83,20,75,0,145,20,100,0,48,20,91,0,2,20,67,0,37,20,60,0,113,20,78,0,-160,20,126,0,-87,20,-145,0,-31,20,-49,0,-8,20,21,1,-43,20,19,1]"
CSI_DATA,7852,d8:b1:90:d9:de:f0,-41,9,-99,-36,42,104,559852206,98,0,106,0,"[93,0,-115,0,140,0,-39,0,-133,0,-26,0,-129,0,-66,0,-159,0,-115,0,99,0,-154,0,7,0,158,0,-105,18,-134,0,108,18,-69,0,47,18,10,1,59,18,67,1,118,18,60,1,-125,18,2,1,0,0,0,0,-40,18,104,0,-60,18,-32,18,-139,18,-144,18,105,18,118,18,71,18,118,18,80,18,147,18,133,18,-137,18,-118,18,-122,18,-42,18,-142,18,18,0,128,18,60,0,51,18,49,0,-21,17,-11,18]"
CSI_DATA,7853,d8:b1:90:d9:de:f0,-40,9,-99,-39,42,104,559852320,130,0,106,0,"[-174,0,-175,0,-96,0,-116,0,-49,0,-127,0,-56,0,-172,0,-105,0,142,0,163,0,124,0,67,0,152,0,-32,20,-122,0,-109,20,-15,0,-131,20,93,1,-98,20,146,1,-28,20,119,1,27,0,21,1,0,0,0,0,8,0,113,0,-80,20,-12,20,145,20,-78,20,43,20,-96,20,5,20,-74,20,30,20,-45,20,102,20,-37,20,-164,20,-54,20,-101,20,-107,20,-69,20,155,20,-80,20,61,20,-131,20,2,20,153,20]"
CSI_DATA,7854,d8:b1:90:d9:de:f0,-42,9,-99,-36,43,104,560061069,120,0,106,0,"[76,16,-34,16,-14,15,-69,16,-47,15,-70,16,-21,15,-60,16,37,16,-52,16,123,16,-53,16,-59,16,-62,16,77,0,-86,16,-74,0,-129,16,29,1,116,16,77,1,84,16,54,1,75,16,-12,0,103,16,0,0,0,0,74,0,-68,16,-23,16,26,0,-99,16,124,0,138,16,-88,0,126,16,-63,0,142,16,-87,0,-115,16,129,0,-85,16,52,0,-62,16,-40,16,-59,16,-138,16,-69,16,42,16,-105,16,-24,15,139,16]"
CSI_DATA,7855,d8:b1:90:d9:de:f0,-41,9,-99,-37,43,104,560067450,98,0,106,0,"[-41,17,61,17,-47,17,-26,16,-84,17,-57,16,-107,17,-20,16,-106,17,34,17,-75,17,109,17,-6,17,-118,17,110,0,-72,17,-54,0,-64,17,54,1,-90,17,108,1,-143,17,79,1,103,17,-13,0,106,17,0,0,0,0,84,0,-81,17,32,0,38,0,20,0,-135,0,38,0,-42,0,69,0,-9,0,84,0,-47,0,60,0,-114,0,15,0,121,0,-55,17,77,0,-147,17,68,0,58,17,95,0,1,17,-135,0,26,17]"
CSI_DATA,7856,d8:b1:90:d9:de:f0,-42,9,-99,-37,44,104,560076053,98,0,106,0,"[-60,15,-81,0,-95,15,2,1,-86,15,42,1,-56,15,28,1,-37,15,-21,0,-33,15,-94,0,-43,15,73,0,-92,15,-36,15,98,15,128,15,18,15,55,15,-46,14,45,15,-59,14,78,15,-11,14,-120,15,0,0,0,0,-91,15,-10,15,30,0,-4,15,-115,0,-29,15,-39,0,-71,15,-15,0,-101,15,-52,0,-98,15,-111,0,-72,15,96,0,-25,15,55,0,47,0,37,0,-128,0,43,0,-41,0,80,0,25,1,-130,0]"
CSI_DATA,7857,d8:b1:90:d9:de:f0,-41,11,-99,-36,42,104,560269523,277,0,106,0,"[112,18,-154,18,23,18,123,18,-25,17,137,18,-11,17,-144,18,41,18,-105,18,119,18,-98,18,-119,18,-127,18,-21,18,125,18,57,0,28,18,99,0,-66,17,78,0,-110,17,31,0,-88,17,-5,18,-1,17,0,0,0,0,5,0,-88,18,79,0,30,0,-128,0,114,0,-40,0,140,0,-3,0,132,0,-26,0,103,0,-94,0,78,0,147,0,83,0,71,0,118,0,17,0,-139,0,-11,18,-51,0,6,0,22,1,71,0]"
CSI_DATA,7858,d8:b1:90:d9:de:f0,-41,9,-99,-39,43,104,560269968,101,0,106,0,"[117,0,96,18,-150,0,6,18,-150,0,-28,17,138,0,-4,17,118,0,57,18,110,0,135,18,127,0,-68,18,-149,0,47,0,-91,0,-145,0,-36,0,-59,0,4,1,-33,0,1,1,-64,0,-57,0,-130,0,0,0,0,0,57,0,35,0,-80,18,-3,18,97,18,-19,18,4,18,-9,18,-28,17,4,0,11,18,2,0,86,18,-6,18,-144,18,-42,18,-69,18,-91,18,-11,18,143,18,31,0,52,18,26,0,-17,17,-12,18]"
CSI_DATA,7859,d8:b1:90:d9:de:f0,-41,9,-99,-37,43,104,560270091,124,0,106,0,"[-131,0,-138,0,-60,0,-77,0,-18,0,-69,0,-35,0,-95,0,-90,0,-125,0,136,0,139,0,33,0,127,0,-78,17,136,0,95,17,-122,0,4,17,-87,0,-24,16,-55,0,3,17,-53,0,77,17,-93,0,0,0,0,0,-41,17,49,0,16,0,-78,17,54,0,101,17,58,0,9,17,49,0,-23,16,39,0,13,17,39,0,90,17,54,0,-135,17,95,0,-54,17,-133,0,10,0,-56,0,53,0,11,1,60,0,24,1]"
CSI_DATA,7860,d8:b1:90:d9:de:f0,-41,9,-99,-39,43,104,560270222,124,0,106,0,"[148,0,117,18,-108,0,37,18,-107,0,1,18,-136,0,19,18,146,0,70,18,127,0,150,18,128,0,-59,18,155,0,64,0,-112,0,-125,0,-56,0,-39,0,-15,0,-15,0,-11,0,-53,0,-59,0,-122,0,0,0,0,0,51,0,40,0,-88,18,1,0,95,18,-2,18,2,18,12,0,-24,17,34,0,12,18,35,0,88,18,19,0,-148,18,-22,18,-78,18,-78,18,-26,18,152,18,1,0,57,18,-6,18,-12,17,-58,18]"
CSI_DATA,7861,d8:b1:90:d9:de:f0,-39,11,-99,-35,41,104,560503742,100,0,114,0,"[32,5,35,9,38,12,39,13,41,15,39,15,37,15,37,15,34,13,34,13,32,13,32,10,34,10,34,10,35,9,37,9,39,8,41,9,42,8,43,6,43,6,43,5,43,6,43,5,43,5,41,2,42,4,42,4,0,0,42,2,41,2,41,1,42,0,42,0,42,0,42,-1,43,-2,42,-2,41,-4,39,-5,37,-5,35,-5,34,-6,31,-6,31,-6,30,-9,30,-9,30,-9,31,-9,32,-10,34,-12,34,-12,35,-13,37,-12,35,-10,32,-8,30,-6]"
CSI_DATA,7862,d8:b1:90:d9:de:f0,-41,9,-99,-37,43,104,560687774,124,0,106,0,"[-83,17,88,17,-116,17,3,17,144,17,-11,16,-146,17,23,17,-120,17,79,17,-54,17,140,17,30,0,-98,17,-144,0,-48,17,-16,0,-21,17,83,1,-17,17,127,1,-46,17,103,1,-69,17,12,1,-73,17,0,0,0,0,72,0,-8,17,-34,17,71,0,-116,17,-133,0,131,17,-58,0,124,17,-27,0,145,17,-60,0,-121,17,-129,0,-105,17,73,0,-103,17,-12,17,-133,17,-107,17,108,17,98,17,50,17,55,17,6,17]"
CSI_DATA,7863,d8:b1:90:d9:de:f0,-42,9,-99,-35,43,104,560687905,130,0,106,0,"[93,16,99,0,17,16,-134,0,7,16,-101,0,43,16,-113,0,87,16,130,0,-138,16,71,0,-95,16,-16,16,-67,16,-137,16,-63,16,21,16,-76,16,-71,15,-99,16,-106,15,-117,16,-74,15,-112,16,6,16,0,0,0,0,-17,16,-68,16,69,0,17,0,-106,0,80,0,-29,0,109,0,-2,0,107,0,-35,0,92,0,-106,0,78,0,98,0,78,0,13,0,94,0,-69,16,-135,0,-134,16,-64,0,124,16,2,1,-121,16]"
CSI_DATA,7864,d8:b1:90:d9:de:f0,-41,9,-99,-38,43,104,560688031,113,0,106,0,"[85,17,-15,17,-5,16,-15,17,-34,16,8,0,-3,16,23,0,60,17,19,0,139,17,-7,17,-79,17,-67,17,8,0,141,17,78,0,29,17,106,0,-67,16,99,0,-109,16,61,0,-85,16,29,0,-10,16,0,0,0,0,13,0,-71,17,59,0,52,0,128,0,-149,0,-109,0,-87,0,-90,0,-76,0,-109,0,-105,0,135,0,-147,0,55,0,118,0,-29,17,102,0,-127,17,115,0,84,17,-152,0,34,17,-95,0,57,17]"
CSI_DATA,7865,d8:b1:90:d9:de:f0,-39,9,-99,-36,41,104,560712316,98,0,106,0,"[-125,0,93,0,-18,0,125,0,28,1,97,0,2,1,53,0,-73,0,42,0,-156,0,43,0,93,0,104,0,2,0,-159,0,-76,21,-22,0,-94,21,100,1,-52,21,158,1,1,0,138,1,43,0,25,1,0,0,0,0,16,0,114,0,-81,21,-12,21,152,21,-96,21,46,21,-115,21,4,21,-100,21,42,21,-70,21,125,21,-48,21,-141,21,-69,21,-52,21,-115,21,18,0,151,21,56,0,31,21,15,0,-62,19,-73,21]"
CSI_DATA,7866,d8:b1:90:d9:de:f0,-42,9,-99,-38,44,104,560896700,108,0,106,0,"[119,15,-128,15,51,15,76,15,16,15,67,15,37,15,87,15,81,15,127,15,-115,15,-111,15,-24,15,-81,15,97,0,-65,15,-49,0,-65,15,47,1,-73,15,87,1,-97,15,67,1,-112,15,-11,0,-106,15,0,0,0,0,34,0,-40,15,-73,15,34,0,103,15,110,0,57,15,-90,0,49,15,-57,0,87,15,-79,0,-128,15,131,0,-82,15,50,0,-49,15,-36,15,-36,15,133,15,-42,15,34,15,-87,15,-31,14,132,15]"
CSI_DATA,7867,d8:b1:90:d9:de:f0,-40,11,-99,-36,41,104,561105118,277,0,106,0,"[-121,0,-93,21,-18,0,-152,21,-12,0,144,21,-55,0,132,21,-117,0,151,21,-158,0,-141,21,-173,0,-56,21,-148,0,67,0,-73,0,173,0,1,1,-128,0,50,1,-134,0,48,1,158,0,-42,0,91,0,0,0,0,0,53,0,-2,21,-98,21,39,0,134,21,131,0,69,21,-142,0,62,21,-90,0,111,21,-96,0,168,21,-156,0,-163,21,121,0,-151,21,28,0,156,21,-64,21,73,21,-122,21,-15,19,-131,21,-48,19]"
CSI_DATA,7868,d8:b1:90:d9:de:f0,-40,9,-99,-39,42,104,561105572,98,0,106,0,"[112,20,-80,20,-1,19,-94,20,-42,19,-74,20,-12,19,-50,20,56,20,-46,20,141,20,-61,20,-115,20,-112,20,-6,20,152,20,83,0,49,20,133,0,-42,19,141,0,-85,19,98,0,-67,19,43,0,28,20,0,0,0,0,-21,20,-46,20,-1,20,123,0,49,0,-89,0,108,0,5,1,148,0,23,1,137,0,-28,0,93,0,-111,0,24,0,163,0,-61,20,104,0,-175,20,69,0,59,20,71,0,-23,19,112,0,-10,19]"
CSI_DATA,7869,d8:b1:90:d9:de:f0,-41,9,-99,-40,43,104,561105668,98,0,106,0,"[39,0,86,18,36,0,-22,17,6,0,-56,17,-7,18,-23,17,-10,18,37,18,23,0,110,18,84,0,-130,18,-147,0,-49,18,-32,0,16,0,57,1,46,0,108,1,39,0,78,1,2,0,-16,0,-26,18,0,0,0,0,36,0,-26,18,-107,18,25,0,96,18,104,0,30,18,-143,0,16,18,-100,0,59,18,-117,0,122,18,147,0,-147,18,60,0,-114,18,-30,18,-115,18,-135,18,-143,18,80,18,124,18,17,18,71,18]"
CSI_DATA,7870,d8:b1:90:d9:de:f0,-42,11,-99,-40,44,104,561503996,100,0,228,0,"[-5,10,-5,14,-6,17,-8,20,-11,22,-12,22,-13,22,139,83,-13,19,-13,17,-11,15,-8,14,-6,13,-4,13,-1,13,3,14,6,15,10,17,13,21,14,24,16,25,39,-66,14,30,12,30,11,29,7,28,5,24,3,21,0,0,2,12,2,7,4,3,6,-1,10,-4,14,-7,-127,0,19,-11,21,-11,23,-10,22,-7,21,-7,19,-6,16,-6,13,-5,11,-6,8,-6,6,-8,4,-11,3,-14,38,0,2,-21,3,-24,5,-26,8,-28,12,-25,13,-22,14,-17,-23,-6,-25,12,-12,26,6,28,22,15,23,-2,12,-14,-15,6,-10,-5,-7,4,1,7,8,2,8,-7,-1,-15,-14,-12,-21,1,-16,17,0,25,19,19,26,1,19,-16,16,5,-15,-14,-17,2,-6,13,8,11,16,-1,10,-15,0,0,-21,-11,-26,7,-14,25,6,30,26,20,31,-2,38,-31,1,-28,-14,-17,-19,-3,-12,7,-1,8,3,3,1,-3,-5,-2,-7,3,-3,11,5,13,15,6,19,-5,13,-35,-3,-21,-15,-13,-20,1,-13,13,1,15,10,7,10,-3]"
CSI_DATA,7871,d8:b1:90:d9:de:f0,-39,11,-99,-37,41,104,561522915,277,0,106,0,"[-85,0,-91,21,-5,0,-117,21,5,1,-151,21,-36,0,-149,21,-91,0,-116,21,-143,0,-53,21,-175,0,43,0,-170,0,170,0,-138,0,-68,0,-91,0,15,1,-46,0,30,1,-42,0,-24,0,-90,0,-110,0,0,0,0,0,75,0,106,0,-72,21,95,0,165,21,122,0,69,21,173,0,46,21,-168,0,75,21,-173,0,138,21,154,0,181,21,77,0,-164,21,-18,21,178,21,-113,21,113,21,167,21,29,21,135,21,-30,20]"
CSI_DATA,7872,d8:b1:90:d9:de:f0,-40,9,-99,-35,41,104,561523369,124,0,106,0,"[-157,0,137,20,-120,0,49,20,-148,0,12,20,148,0,30,20,109,0,96,20,107,0,-174,20,146,0,-76,20,-129,0,10,0,-8,0,65,0,100,1,69,0,139,1,26,0,107,1,-38,20,0,1,-65,20,0,0,0,0,96,0,-8,20,6,0,100,0,-39,20,-113,0,-26,20,-12,0,9,0,26,1,41,0,-19,0,35,0,-102,0,-2,20,170,0,-75,20,115,0,170,20,96,0,68,20,126,0,4,20,-138,0,52,20]"
CSI_DATA,7873,d8:b1:90:d9:de:f0,-39,9,-99,-37,41,104,561523482,130,0,106,0,"[-167,0,145,21,-120,0,71,21,-143,0,30,21,184,0,53,21,152,0,109,21,142,0,184,21,174,0,-91,21,-113,0,-10,21,1,1,56,0,93,1,69,0,138,1,30,0,110,1,-23,21,8,1,-46,21,0,0,0,0,125,0,0,0,40,0,119,0,-5,21,-132,0,-2,21,-29,0,15,0,13,1,36,0,-23,0,33,0,-100,0,-11,21,-170,0,-77,21,145,0,-174,21,138,0,91,21,173,0,40,21,-122,0,85,21]"
CSI_DATA,7874,d8:b1:90:d9:de:f0,-39,9,-99,-35,40,104,561523608,124,0,106,0,"[-80,0,-63,23,9,1,-104,23,15,1,-157,23,-36,0,-172,23,-112,0,-133,23,-158,0,-80,23,-190,0,27,0,-169,0,146,0,-95,0,-124,0,-13,0,-52,0,40,1,-66,0,49,1,-130,0,-32,0,163,0,0,0,0,0,115,0,67,0,-35,23,130,0,-147,23,-170,0,195,23,-75,0,-184,23,-21,0,-143,23,-47,0,-101,23,-129,0,-104,23,183,0,-141,23,98,0,163,23,29,0,50,23,15,0,-43,21,78,0,-32,21]"
CSI_DATA,7875,d8:b1:90:d9:de:f0,-43,9,-99,-36,44,104,561732259,98,0,106,0,"[109,15,-128,15,53,15,55,15,29,15,33,15,39,15,53,15,75,15,87,15,-117,15,122,15,-38,15,-97,15,69,0,-62,15,-74,0,-34,15,20,1,-23,15,63,1,-20,15,51,1,-33,15,-16,0,-34,15,0,0,0,0,34,0,-7,15,-75,15,39,0,80,15,95,0,17,15,-111,0,4,15,-85,0,38,15,-99,0,91,15,108,0,-107,15,49,0,-53,15,-21,15,-11,15,-105,15,14,0,66,15,9,0,-3,14,-23,15]"
CSI_DATA,7876,d8:b1:90:d9:de:f0,-41,11,-99,-38,43,104,562149611,277,0,106,0,"[-24,17,99,17,-40,17,10,17,-71,17,-16,16,-85,17,8,17,-78,17,62,17,-33,17,125,17,41,0,-125,17,-147,0,-84,17,-21,0,-67,17,77,1,-83,17,118,1,-125,17,82,1,136,17,-3,0,127,17,0,0,0,0,60,0,-82,17,-27,17,29,0,-83,17,-150,0,-96,17,-49,0,-76,17,-8,0,-48,17,-26,0,-40,17,-92,0,-53,17,130,0,-97,17,52,0,129,17,-1,17,23,17,-30,17,-55,16,-13,17,-77,16]"
CSI_DATA,7877,d8:b1:90:d9:de:f0,-41,9,-99,-38,43,104,562150056,130,0,106,0,"[-106,0,-58,17,-11,0,-77,17,17,1,-95,17,-3,0,-96,17,-61,0,-62,17,-123,0,-15,17,105,0,59,0,21,0,-141,0,-53,17,-23,0,-98,17,73,1,-106,17,122,1,-86,17,110,1,-53,17,36,1,0,0,0,0,14,0,102,0,15,0,-43,17,-13,17,120,17,-46,17,24,17,-66,17,-5,16,-60,17,26,17,-28,17,93,17,15,0,-134,17,76,0,-57,17,-134,0,4,0,-32,0,53,0,54,1,54,0,77,1]"
CSI_DATA,7878,d8:b1:90:d9:de:f0,-41,9,-99,-37,42,104,562179122,101,0,106,0,"[-145,19,160,19,121,19,85,19,75,19,75,19,80,19,108,19,116,19,142,19,-145,19,164,19,-54,19,159,19,47,0,117,19,156,0,46,19,-117,0,-34,18,-120,0,-90,18,154,0,-90,18,79,0,-9,18,0,0,0,0,-3,19,-104,19,23,0,45,0,85,0,-163,0,156,0,-89,0,-136,0,-75,0,-143,0,-104,0,138,0,-151,0,63,0,152,0,-15,19,152,0,-99,19,-136,0,163,19,-67,0,155,19,9,1,-116,19]"
CSI_DATA,7879,d8:b1:90:d9:de:f0,-41,9,-99,-36,42,104,562184949,266,0,106,0,"[-78,18,118,18,-114,18,26,18,-153,18,0,18,-161,18,30,18,-140,18,75,18,-83,18,120,18,-1,18,137,18,110,0,128,18,-96,0,101,18,-20,0,46,18,-6,0,3,18,-49,0,-11,17,-143,0,42,18,0,0,0,0,31,0,-86,18,0,0,56,0,21,0,-134,0,60,0,-40,0,95,0,-13,0,99,0,-42,0,62,0,-103,0,10,0,-151,0,-64,18,139,0,-151,18,151,0,88,18,-130,0,52,18,-66,0,93,18]"
CSI_DATA,7880,d8:b1:90:d9:de:f0,-41,9,-99,-40,43,104,562185145,246,0,106,0,"[40,0,112,18,33,0,10,18,-5,18,-26,17,-33,18,-1,17,-32,18,50,18,-1,18,112,18,62,0,-152,18,-152,0,-118,18,-32,0,-112,18,59,1,-148,18,84,1,118,18,31,1,80,18,-76,0,96,18,0,0,0,0,22,0,-88,18,-41,18,50,0,-52,18,-135,0,-30,18,-32,0,5,0,-1,0,20,0,-36,0,16,0,-101,0,-23,18,156,0,-89,18,108,0,144,18,104,0,55,18,134,0,5,18,-123,0,44,18]"
CSI_DATA,7881,d8:b1:90:d9:de:f0,-41,9,-99,-39,43,104,562196900,108,0,106,0,"[-99,0,48,0,-2,0,59,0,35,1,35,0,13,1,4,0,-30,0,-1,18,-92,0,24,0,-146,0,83,0,125,0,-136,0,106,0,-23,0,127,0,57,1,-149,0,80,1,-117,0,40,1,-127,0,-56,0,0,0,0,0,61,0,41,0,-64,18,-22,18,122,18,-42,18,20,18,-28,18,-14,17,3,0,9,18,19,0,74,18,9,0,140,18,-28,18,-134,18,-80,18,-121,18,151,18,-143,18,64,18,124,18,19,18,64,18]"
CSI_DATA,7882,d8:b1:90:d9:de:f0,-40,9,-99,-39,42,104,562217075,124,0,106,0,"[-129,20,123,20,157,20,43,20,98,20,38,20,90,20,89,20,113,20,138,20,-170,20,171,20,-89,20,164,20,2,0,116,20,83,0,31,20,120,0,-60,19,94,0,-118,19,31,0,-96,19,-26,20,9,20,0,0,0,0,-19,20,-102,20,78,0,17,0,-144,0,85,0,-41,0,98,0,9,1,69,0,-17,0,35,0,-87,0,20,0,-163,0,38,0,134,0,87,0,116,0,168,0,134,0,-90,0,-161,0,-41,0,-96,0]"
CSI_DATA,7883,d8:b1:90:d9:de:f0,-40,9,-99,-38,42,104,562225437,124,0,106,0,"[-105,0,-96,20,-12,0,-126,20,16,1,-157,20,-14,0,-157,20,-66,0,-134,20,-118,0,-73,20,-157,0,16,0,165,0,133,0,-168,0,-72,0,-140,0,29,1,-110,0,69,1,-92,0,25,1,-129,0,-65,0,0,0,0,0,58,0,73,0,-76,20,16,0,122,20,-12,20,18,20,-9,20,-21,18,10,0,12,20,17,0,84,20,8,0,157,20,-28,20,-113,20,-86,20,-68,20,160,20,-60,20,64,20,-88,20,-16,18,-141,20]"
CSI_DATA,7884,d8:b1:90:d9:de:f0,-39,9,-99,-36,41,104,562279927,259,0,106,0,"[-166,21,163,21,152,21,70,21,115,21,48,21,129,21,73,21,173,21,117,21,-127,21,162,21,-18,21,-173,21,118,0,-179,21,-91,0,144,21,19,1,80,21,53,1,33,21,5,1,25,21,-88,0,76,21,0,0,0,0,91,0,-111,21,69,0,55,0,77,0,-156,0,104,0,-52,0,134,0,-19,0,134,0,-56,0,97,0,-128,0,26,0,166,0,-63,21,114,0,-180,21,98,0,60,21,114,0,-15,19,-168,0,0,21]"
CSI_DATA,7885,d8:b1:90:d9:de:f0,-40,9,-99,-37,42,104,562280384,279,0,106,0,"[-133,19,-150,0,137,19,-75,0,141,19,-31,0,-155,19,-38,0,-117,19,-82,0,-102,19,-163,0,-121,19,71,0,146,19,-42,19,46,19,-139,19,-60,18,145,19,-125,18,-161,19,-119,18,-94,19,-47,18,-32,19,0,0,0,0,-115,19,6,0,10,0,-53,19,117,0,-152,19,160,0,84,19,151,0,32,19,112,0,50,19,79,0,119,19,76,0,-116,19,101,0,-28,19,-158,0,55,0,-51,0,103,0,50,1,89,0,89,1]"
CSI_DATA,7886,d8:b1:90:d9:de:f0,-41,9,-99,-36,42,104,562358991,224,0,106,0,"[117,18,69,0,17,18,100,0,-7,17,134,0,18,18,144,0,84,18,125,0,147,18,70,0,-114,18,-21,18,-62,18,-148,18,-42,18,30,18,-55,18,-86,17,-91,18,-133,17,-130,18,-90,17,-133,18,1,18,0,0,0,0,-45,18,-69,18,62,0,37,0,-133,0,119,0,-30,0,147,0,10,1,133,0,-15,0,103,0,-93,0,80,0,137,0,73,0,39,0,94,0,-49,18,149,0,-128,18,-95,0,-152,18,-12,0,-105,18]"
CSI_DATA,7887,d8:b1:90:d9:de:f0,-40,9,-99,-35,41,104,562384150,98,0,106,0,"[-101,20,-109,0,-166,20,-15,0,174,20,26,1,-146,20,8,1,-120,20,-53,0,-104,20,-149,0,-108,20,83,0,-146,20,-61,20,129,20,142,20,45,20,41,20,-8,19,9,20,-15,19,54,20,46,20,131,20,0,0,0,0,-78,20,-69,20,90,0,-48,20,-107,0,-59,20,1,1,-86,20,34,1,-113,20,-8,0,-116,20,-93,0,-85,20,-175,0,-27,20,96,0,49,0,41,0,156,0,9,0,-74,0,32,0,20,1,85,0]"
CSI_DATA,7888,d8:b1:90:d9:de:f0,-40,11,-99,-37,42,104,562504001,100,0,114,0,"[-15,-33,-12,-37,-11,-40,-9,-42,-6,-44,-3,-41,-2,-41,0,-38,-1,-36,0,-36,0,-34,2,-34,1,-34,1,-34,2,-37,2,-38,2,-38,2,-41,3,-42,3,-42,5,-41,3,-42,3,-41,5,-41,6,-38,6,-38,6,-38,6,-36,0,0,7,-37,9,-37,9,-38,9,-37,10,-37,10,-37,10,-37,11,-37,11,-36,10,-34,10,-34,10,-32,10,-31,9,-29,9,-28,9,-28,9,-27,9,-25,9,-27,10,-28,11,-29,12,-31,12,-32,15,-29,16,-29,16,-28,18,-25,18,-22]"
CSI_DATA,7889,d8:b1:90:d9:de:f0,-42,11,-99,-37,44,104,563194105,277,0,106,0,"[93,15,115,0,27,15,-92,0,22,15,-53,0,58,15,-54,0,107,15,-97,0,-109,15,104,0,-65,15,13,0,-48,15,-100,15,-48,15,39,15,-66,15,-55,14,-93,15,-82,14,-111,15,-49,14,-100,15,27,15,0,0,0,0,-5,15,-40,15,89,0,34,0,-76,0,91,0,-4,0,112,0,14,1,100,0,-22,0,80,0,-98,0,60,0,82,0,54,0,-7,15,77,0,-91,15,116,0,102,15,-86,0,78,15,-19,0,117,15]"
CSI_DATA,7890,d8:b1:90:d9:de:f0,-42,9,-99,-39,44,104,563194595,130,0,106,0,"[89,16,107,0,2,16,-136,0,-23,15,-117,0,6,16,-136,0,63,16,101,0,128,16,54,0,-69,16,-23,16,17,0,-113,16,103,0,68,16,-110,0,-10,15,-82,0,-42,15,-99,0,-21,15,137,0,50,16,0,0,0,0,38,0,-23,16,-1,16,99,0,-30,16,-58,0,-44,16,11,1,-54,16,30,1,-53,16,-18,0,-54,16,-106,0,-63,16,81,0,-76,16,-16,16,-100,16,-116,16,-131,16,67,16,100,16,10,16,79,16]"
CSI_DATA,7891,d8:b1:90:d9:de:f0,-42,9,-99,-39,44,104,563194747,113,0,106,0,"[104,16,-118,16,23,16,101,16,-6,15,100,16,17,16,122,16,78,16,-125,16,-129,16,-89,16,-22,16,-54,16,100,0,-25,16,-47,0,-9,16,53,1,-7,16,95,1,-13,16,66,1,-31,16,-14,0,-33,16,0,0,0,0,34,0,-1,16,-87,16,37,0,81,16,88,0,17,16,125,0,5,16,-138,0,46,16,119,0,115,16,69,0,-93,16,8,0,-23,16,-59,16,40,0,135,16,86,0,46,16,88,0,-28,15,57,0]"
CSI_DATA,7892,d8:b1:90:d9:de:f0,-41,9,-99,-37,43,104,563194910,98,0,106,0,"[-81,0,90,0,16,1,120,0,49,1,107,0,21,1,81,0,-48,0,63,0,-144,0,48,0,33,0,46,0,-103,17,57,0,53,17,86,0,-47,16,115,0,-83,16,145,0,-50,16,-140,0,33,17,122,0,0,0,0,0,-28,17,17,0,79,0,-76,17,-128,0,127,17,-81,0,57,17,-73,0,38,17,-112,0,83,17,128,0,-136,17,81,0,-49,17,46,0,50,0,24,0,-137,0,21,0,-26,0,45,0,47,1,87,0]"
CSI_DATA,7893,d8:b1:90:d9:de:f0,-41,9,-99,-38,43,104,563217722,124,0,106,0,"[-60,0,-72,17,29,1,-112,17,42,1,149,17,-3,0,148,17,-73,0,-135,17,-143,0,-84,17,99,0,5,0,46,0,115,0,16,0,-61,0,16,0,34,1,29,0,77,1,58,0,51,1,59,0,-42,0,0,0,0,0,-22,17,42,0,-116,17,-51,17,86,17,-122,17,8,17,-150,17,-17,16,-137,17,24,17,-103,17,112,17,-83,17,-101,17,-70,17,-9,17,-83,17,87,0,-123,17,-134,0,117,17,-108,0,39,17,-141,0]"
CSI_DATA,7894,d8:b1:90:d9:de:f0,-41,9,-99,-38,43,104,563228153,124,0,106,0,"[149,0,79,17,-129,0,-11,16,147,0,-49,16,97,0,-16,16,60,0,49,17,47,0,135,17,72,0,-72,17,133,0,29,0,-80,0,118,0,-2,0,-146,0,40,1,150,0,32,1,108,0,-51,0,67,0,0,0,0,0,33,0,51,0,-83,17,111,0,139,17,-125,0,97,17,-58,0,104,17,-27,0,146,17,-58,0,-118,17,-129,0,-99,17,86,0,-98,17,4,0,-134,17,-83,17,109,17,146,17,35,17,127,17,-3,16]"
CSI_DATA,7895,d8:b1:90:d9:de:f0,-41,9,-99,-35,42,104,563235452,140,0,106,0,"[30,18,-33,18,-63,17,-25,18,-83,17,-1,18,-30,17,24,0,44,18,25,0,129,18,-8,18,-101,18,-75,18,-13,18,146,18,52,0,37,18,81,0,-48,17,84,0,-80,17,58,0,-53,17,45,0,40,18,0,0,0,0,67,0,-52,18,130,0,66,0,-99,0,143,0,-41,0,-117,0,-30,0,-110,0,-70,0,-134,0,-144,0,141,0,89,0,124,0,0,0,117,0,-91,18,149,0,148,18,-113,0,101,18,-61,0,122,18]"
CSI_DATA,7896,d8:b1:90:d9:de:f0,-41,9,-99,-37,43,104,563235791,160,0,106,0,"[30,17,-9,17,-56,16,4,0,-75,16,38,0,-27,16,58,0,43,17,53,0,118,17,15,0,-105,17,-51,17,-48,17,-143,17,-6,17,35,17,0,0,-45,16,-15,17,-77,16,-33,17,-46,16,-30,17,36,17,0,0,0,0,46,0,-69,17,136,0,10,0,-66,0,57,0,2,1,76,0,16,1,72,0,-18,0,63,0,-93,0,57,0,123,0,77,0,54,0,103,0,-8,17,-131,0,-50,17,-55,0,-57,17,8,1,-18,17]"
CSI_DATA,7897,d8:b1:90:d9:de:f0,-42,9,-99,-35,43,104,563236033,182,0,106,0,"[67,16,-135,0,21,16,-54,0,45,16,-9,0,103,16,-20,0,-124,16,-71,0,-88,16,131,0,-80,16,30,0,-111,16,-82,16,105,16,101,16,39,16,44,16,-4,15,47,16,0,16,97,16,63,16,-123,16,0,0,0,0,-9,16,-49,16,100,0,-75,16,-85,0,-128,16,-39,0,95,16,-45,0,70,16,-86,0,90,16,-139,0,-134,16,105,0,-62,16,92,0,17,0,109,0,99,0,-122,0,-103,0,-58,0,-76,0,-17,0]"
CSI_DATA,7898,d8:b1:90:d9:de:f0,-41,9,-99,-38,43,104,563254584,340,0,106,0,"[83,17,133,0,9,17,-121,0,5,17,-97,0,47,17,-108,0,96,17,-149,0,143,17,78,0,-121,17,-14,17,-106,17,-139,17,-109,17,51,17,-121,17,-45,16,-139,17,-74,16,-148,17,-39,16,-110,17,42,17,0,0,0,0,4,0,-71,17,109,0,-5,17,-90,0,48,0,-15,0,70,0,7,1,72,0,-35,0,72,0,-108,0,73,0,122,0,84,0,41,0,120,0,-19,17,-128,0,-68,17,-58,0,-86,17,1,1,-47,17]"
CSI_DATA,7899,d8:b1:90:d9:de:f0,-42,9,-99,-38,44,104,563254895,320,0,106,0,"[65,15,106,0,-2,14,-119,0,-5,14,-91,0,33,15,-95,0,83,15,-133,0,123,15,77,0,-115,15,-8,15,-104,15,-119,15,-111,15,46,15,133,15,-37,14,112,15,-55,14,108,15,-13,14,133,15,58,15,0,0,0,0,-4,15,-69,15,92,0,-13,15,-72,0,4,0,-3,0,10,0,13,1,4,0,-16,0,4,0,-78,0,20,0,126,0,45,0,69,0,94,0,32,0,-110,0,12,0,-34,0,25,0,15,1,63,0]"
CSI_DATA,7900,d8:b1:90:d9:de:f0,-44,11,-99,-38,46,104,563504024,100,0,228,0,"[-5,6,-5,10,-5,13,-6,16,-7,17,-9,19,-10,18,104,62,-10,16,-9,15,-8,12,-6,11,-5,10,-3,9,0,8,3,8,6,8,9,8,13,9,15,10,18,11,29,-49,19,14,18,15,16,15,14,15,12,13,9,11,0,0,5,5,4,2,3,0,2,-5,2,-9,3,-12,61,0,5,-16,7,-18,8,-18,8,-17,8,-15,7,-14,5,-12,4,-10,2,-9,0,-8,-2,-7,-5,-7,-7,-7,-75,12,-12,-10,-14,-11,-15,-13,-15,-15,-13,-16,-10,-16,-7,-15,-16,-4,-18,9,-9,20,6,21,17,10,18,-3,9,-11,-13,6,-7,-3,-5,4,2,5,7,0,5,-8,-3,-11,-13,-6,-16,5,-8,18,6,20,20,10,21,-5,10,-17,15,-5,-14,-7,-11,5,-1,10,7,5,8,-5,0,-11,0,0,-16,3,-11,15,2,21,17,15,24,0,16,-15,6,-37,-12,-15,-16,-3,-10,7,-2,9,3,5,2,0,-1,0,-4,3,-1,8,5,8,12,2,12,-7,4,-15,-17,-23,-15,-6,-15,5,-7,14,4,14,10,5,9,-4,0,-8]"
CSI_DATA,7901,d8:b1:90:d9:de:f0,-43,11,-99,-39,45,104,563611902,277,0,106,0,"[-115,0,-90,0,-53,0,-20,0,-27,0,-3,0,-40,0,-30,0,-79,0,-72,0,105,0,-118,0,26,0,84,0,-72,14,31,0,65,14,-17,14,-15,13,-46,14,-56,13,-54,14,-41,13,-39,14,26,14,-21,14,0,0,0,0,-18,14,8,0,100,0,3,0,-45,0,-5,14,25,0,-23,14,41,0,-32,14,0,0,-29,14,-70,0,-15,14,99,0,9,0,22,0,37,0,-51,14,77,0,-121,14,-120,0,92,14,-75,0,102,14]"
CSI_DATA,7902,d8:b1:90:d9:de:f0,-43,9,-99,-37,44,104,563612392,113,0,106,0,"[-123,15,-79,0,99,15,10,1,103,15,47,1,-130,15,26,1,-96,15,-22,0,-78,15,-104,0,-61,15,61,0,-60,15,-60,15,-74,15,80,15,-98,15,-9,14,-126,15,-44,14,124,15,-15,14,-119,15,56,15,0,0,0,0,-22,15,1,0,59,0,91,0,-118,0,-97,0,-48,0,-61,0,-24,0,-65,0,-53,0,-99,0,-115,0,119,0,75,0,74,0,-11,15,41,0,-94,15,24,0,78,15,23,0,17,15,44,0,15,15]"
CSI_DATA,7903,d8:b1:90:d9:de:f0,-43,9,-99,-38,44,104,563612501,98,0,106,0,"[103,15,119,15,36,15,50,15,3,15,34,15,21,15,60,15,65,15,95,15,-133,15,-135,15,-43,15,-104,15,67,0,-78,15,-80,0,-60,15,13,1,-51,15,56,1,-51,15,41,1,-62,15,-38,0,-52,15,0,0,0,0,24,0,-4,15,-83,15,61,0,99,15,124,0,39,15,-98,0,24,15,-76,0,57,15,-100,0,111,15,118,0,-105,15,51,0,-62,15,-19,15,-32,15,-103,15,-16,15,81,15,-19,15,23,15,-47,15]"
CSI_DATA,7904,d8:b1:90:d9:de:f0,-43,9,-99,-37,44,104,563612597,108,0,106,0,"[125,0,79,15,-99,0,-10,14,-109,0,-50,14,127,0,-33,14,96,0,24,15,71,0,97,15,60,0,-60,15,64,0,56,0,90,0,-85,0,125,0,7,1,-113,0,30,1,-102,0,-3,0,-127,0,-71,0,0,0,0,0,20,0,1,0,-72,15,-78,15,93,15,119,15,22,15,94,15,-2,14,108,15,28,15,-127,15,96,15,-89,15,-89,15,-63,15,0,0,-44,15,90,0,-43,15,-90,0,-60,15,-32,0,-103,15,-47,0]"
CSI_DATA,7905,d8:b1:90:d9:de:f0,-42,9,-99,-36,43,104,563665970,252,0,106,0,"[87,16,-40,16,11,16,-85,16,-29,15,-93,16,-15,15,-87,16,31,16,-79,16,90,16,-86,16,-109,16,-112,16,-13,16,123,16,95,0,46,16,-123,0,-24,15,-100,0,-68,15,-122,0,-66,15,122,0,-12,15,0,0,0,0,32,0,-107,16,31,0,25,0,44,0,-139,0,75,0,-50,0,96,0,-13,0,92,0,-26,0,65,0,-77,0,12,0,-126,0,-53,16,113,0,-136,16,85,0,53,16,83,0,-15,15,113,0,-16,15]"
CSI_DATA,7906,d8:b1:90:d9:de:f0,-43,9,-99,-36,44,104,563821264,130,0,106,0,"[119,0,84,0,-94,0,-92,0,-59,0,-57,0,-53,0,-63,0,-75,0,-88,0,-128,0,-110,0,54,0,125,0,-50,15,118,0,88,15,-126,0,-10,14,-99,0,-58,14,-69,0,-51,14,-53,0,1,15,-66,0,0,0,0,0,-90,15,88,0,-24,15,-10,15,31,0,-118,15,52,0,40,15,54,0,-10,14,41,0,-5,14,39,0,42,15,46,0,107,15,71,0,-76,15,115,0,-9,15,-69,0,50,0,7,1,75,0,46,1]"
CSI_DATA,7907,d8:b1:90:d9:de:f0,-40,9,-99,-37,42,104,563858389,98,0,106,0,"[-73,0,7,0,2,1,18,0,31,1,-11,19,7,1,-40,19,-50,0,-50,19,-117,0,-22,19,152,0,44,0,117,0,156,0,112,0,-46,0,154,0,60,1,-110,0,94,1,-76,0,59,1,-98,0,-27,0,0,0,0,0,111,0,151,0,-15,19,141,0,-117,19,-155,0,143,19,-103,0,125,19,-69,0,152,19,-82,0,-136,19,-126,0,-116,19,132,0,-119,19,55,0,-164,19,-18,19,91,19,-73,19,3,19,-84,19,-45,18]"
CSI_DATA,7908,d8:b1:90:d9:de:f0,-39,11,-99,-35,40,104,564029699,277,0,106,0,"[80,23,-66,23,-9,21,-78,23,-30,21,-46,23,-3,21,-23,23,53,23,-13,23,117,23,-44,23,160,23,-118,23,163,23,177,23,147,23,72,23,109,23,7,23,78,23,10,23,84,23,70,23,155,23,160,23,0,0,0,0,-30,23,-149,23,98,0,-186,23,194,0,130,23,-160,0,67,23,-167,0,43,23,189,0,80,23,161,0,147,23,158,0,-169,23,189,0,-103,23,-141,0,-58,23,-63,0,-49,23,-7,0,-72,23,-21,0]"
CSI_DATA,7909,d8:b1:90:d9:de:f0,-39,9,-99,-37,41,104,564030144,120,0,106,0,"[-81,0,-72,21,-10,0,-120,21,-8,0,-174,21,-56,0,174,21,-110,0,-174,21,-149,0,-125,21,-145,0,-43,21,-91,0,36,0,-2,0,88,0,75,1,91,0,97,1,53,0,42,1,-8,21,-61,0,-34,21,0,0,0,0,95,0,56,0,46,0,-186,0,56,0,-69,0,97,0,1,1,141,0,0,1,151,0,-61,0,113,0,-126,0,53,0,-171,0,-11,21,-175,0,-79,21,-143,0,-116,21,-81,0,-100,21,-14,0,-37,21]"
CSI_DATA,7910,d8:b1:90:d9:de:f0,-42,9,-99,-34,43,104,564239079,98,0,106,0,"[-5,0,-121,15,21,1,114,15,-3,0,110,15,-56,0,-132,15,-111,0,-77,15,115,0,-8,15,76,0,76,0,60,0,-94,0,55,0,-3,0,64,0,43,1,75,0,27,1,64,0,-37,0,20,0,-127,0,0,0,0,0,-120,15,-28,15,54,15,-82,15,-22,14,-104,15,-62,14,-101,15,-33,14,-85,15,37,15,-79,15,129,15,-81,15,-54,15,-102,15,14,0,130,15,66,0,80,15,92,0,31,15,85,0,-1,14,44,0]"
CSI_DATA,7911,d8:b1:90:d9:de:f0,-41,9,-99,-37,43,104,564239175,101,0,106,0,"[-106,0,-41,0,-68,0,-16,0,-63,0,-46,0,-103,0,-94,0,122,0,-136,0,38,0,120,0,-62,17,103,0,129,17,110,0,28,17,130,0,-15,16,-144,0,-1,16,-136,0,57,17,129,0,-146,17,54,0,0,0,0,0,-6,17,-124,17,12,0,49,17,15,0,-41,16,4,0,-81,16,0,0,-54,16,13,0,26,17,39,0,121,17,91,0,-97,17,146,0,-31,17,-79,0,2,0,-15,0,16,0,9,1,-6,17,-27,0]"
CSI_DATA,7912,d8:b1:90:d9:de:f0,-40,9,-99,-36,42,104,564266598,98,0,106,0,"[17,0,20,1,46,0,64,1,61,0,44,1,54,0,-23,0,15,0,-104,0,-49,18,152,0,-130,18,98,0,96,18,61,0,-1,17,40,0,-45,17,44,0,-23,17,55,0,50,18,52,0,-153,18,17,0,0,0,0,0,50,0,-110,18,133,0,99,18,157,0,1,18,156,0,-42,17,138,0,-25,17,119,0,54,18,110,0,157,18,130,0,-75,18,-157,0,1,0,-100,0,57,0,-35,0,85,0,3,1,75,0,-25,0]"
CSI_DATA,7913,d8:b1:90:d9:de:f0,-39,11,-99,-36,41,104,564503981,100,0,114,0,"[-31,15,-35,15,-39,14,-40,12,-43,12,-42,11,-39,9,-39,8,-36,8,-36,7,-35,7,-35,8,-35,8,-35,8,-36,9,-38,11,-39,12,-40,12,-42,14,-43,14,-40,14,-40,15,-40,14,-40,15,-42,14,-40,15,-40,15,-40,14,0,0,-40,14,-40,15,-40,15,-40,15,-40,15,-40,15,-40,15,-42,15,-40,15,-40,15,-38,16,-35,15,-33,15,-32,14,-31,14,-31,14,-29,14,-29,14,-29,14,-31,14,-32,15,-33,15,-33,14,-35,15,-36,14,-35,11,-33,9,-31,7]"
CSI_DATA,7914,d8:b1:90:d9:de:f0,-45,11,-99,-36,46,104,564656396,277,0,106,0,"[69,11,53,11,37,11,22,11,44,11,28,11,79,11,60,11,-66,11,90,11,-2,11,-67,11,63,0,-15,11,-59,0,27,0,3,0,72,0,40,0,95,0,38,0,94,0,-13,0,62,0,-90,0,26,0,0,0,0,0,-61,11,-42,11,59,11,-71,11,-3,11,-86,11,-28,11,-92,11,-2,11,-77,11,65,11,-61,11,-60,11,-43,11,8,0,-29,11,77,0,-18,11,-70,0,-8,11,-23,0,-5,11,-3,0,-12,11,-34,0]"
CSI_DATA,7915,d8:b1:90:d9:de:f0,-44,9,-99,-37,46,104,564656858,98,0,106,0,"[34,0,0,12,34,0,-49,11,27,0,-44,11,22,0,6,12,27,0,78,12,44,0,-53,12,61,0,35,0,89,0,-85,0,-89,0,-5,0,-69,0,32,0,-68,0,17,0,-84,0,-36,0,82,0,90,0,0,0,0,0,-28,12,-76,12,-94,12,66,12,63,12,21,12,38,12,17,12,52,12,40,12,-104,12,87,12,-40,12,-68,12,22,0,-22,12,82,0,11,0,-69,0,37,0,-22,0,53,0,-4,0,49,0,-31,0]"
CSI_DATA,7916,d8:b1:90:d9:de:f0,-43,9,-99,-37,45,104,564656963,130,0,106,0,"[103,13,-44,0,80,13,7,0,91,13,5,0,-112,13,-44,0,-88,13,-116,0,-63,13,34,0,-44,13,-60,13,-34,13,67,13,-34,13,-27,12,-44,13,-68,12,-50,13,-57,12,-58,13,4,13,-47,13,107,13,0,0,0,0,0,13,87,0,44,0,-51,0,81,0,12,0,105,0,28,0,101,0,-2,0,67,0,-71,0,19,0,85,0,-32,13,16,0,-80,13,-40,13,103,13,-87,13,56,13,116,13,33,13,-112,13,55,13]"
CSI_DATA,7917,d8:b1:90:d9:de:f0,-47,11,-99,-36,49,104,565074193,277,0,106,0,"[2,0,3,0,-25,8,-41,0,-67,8,59,0,43,8,24,0,17,8,6,0,2,8,-2,8,-8,7,5,0,-14,7,21,0,1,8,56,0,30,8,-45,0,69,8,-1,0,-35,8,30,0,-10,8,43,0,0,0,0,0,13,0,33,0,1,0,20,0,-19,8,-14,0,-51,8,-55,0,59,8,40,0,37,8,-1,8,30,8,-30,8,25,8,-45,8,24,8,-52,8,20,8,-50,8,19,8,-33,8,29,8,-3,8,51,8]"
CSI_DATA,7918,d8:b1:90:d9:de:f0,-47,9,-99,-39,49,104,565074692,108,0,106,0,"[66,0,17,9,71,0,75,9,-65,0,-25,9,-45,0,20,0,-27,0,48,0,-13,0,55,0,5,0,49,0,18,0,28,0,9,0,-14,9,-13,0,-72,9,-46,0,26,9,69,0,-16,8,45,0,-35,8,0,0,0,0,3,0,-27,8,14,0,-12,8,30,0,19,9,60,0,68,9,-66,0,-38,9,-44,0,4,0,-31,0,30,0,-27,0,45,0,-24,0,49,0,-17,0,41,0,-17,0,21,0,-34,0,-16,9,-64,0]"
CSI_DATA,7919,d8:b1:90:d9:de:f0,-46,9,-99,-34,47,104,565283581,98,0,106,0,"[68,10,83,10,-24,10,68,10,46,0,43,10,-81,0,22,10,-64,0,9,10,-70,0,10,10,78,0,17,10,34,0,44,10,-29,10,-74,10,67,10,-2,10,4,10,71,0,-36,9,-36,0,-46,9,-2,0,0,0,0,0,-16,9,-8,0,6,10,-51,0,42,10,54,0,74,10,-26,10,-64,10,66,10,-39,10,16,10,-24,10,-3,9,-20,10,2,10,-28,10,21,10,-40,10,53,10,-58,10,-61,10,-63,10,20,0,-51,10]"
CSI_DATA,7920,d8:b1:90:d9:de:f0,-43,11,-99,-36,44,104,565491990,277,0,106,0,"[13,0,101,15,34,0,5,15,26,0,-36,14,16,0,-21,14,10,0,37,15,14,0,113,15,41,0,-46,15,75,0,70,0,-128,0,-70,0,-68,0,21,1,-37,0,58,1,-23,0,23,1,-55,0,-52,0,0,0,0,0,82,0,16,0,-11,15,-65,15,-110,15,120,15,72,15,83,15,44,15,88,15,65,15,115,15,125,15,-104,15,-61,15,-66,15,26,0,-41,15,116,0,-33,15,-48,0,-38,15,15,1,-61,15,17,1]"
CSI_DATA,7921,d8:b1:90:d9:de:f0,-44,9,-99,-37,45,104,565492471,130,0,106,0,"[114,13,79,0,28,13,107,0,-7,12,-116,0,4,13,97,0,44,13,64,0,105,13,22,0,-51,13,-22,13,50,0,-77,13,-77,0,99,13,8,0,61,13,59,0,48,13,46,0,50,13,-15,0,82,13,0,0,0,0,38,0,-67,13,-60,13,-18,13,78,13,24,0,11,13,52,0,-11,12,63,0,20,13,48,0,84,13,17,0,-82,13,-11,13,-5,13,-45,13,77,0,-80,13,-82,0,-116,13,-33,0,81,13,-32,0]"
CSI_DATA,7922,d8:b1:90:d9:de:f0,-43,9,-99,-37,45,104,565492579,113,0,106,0,"[-88,0,-44,13,0,0,-57,13,33,0,-82,13,14,0,-82,13,-32,0,-65,13,-94,0,-38,13,71,0,21,0,-4,13,100,0,-70,13,-34,0,-114,13,50,0,-114,13,97,0,-88,13,90,0,-45,13,24,0,0,0,0,0,18,0,71,0,16,0,-47,13,0,0,77,13,-24,13,6,13,-48,13,-13,12,-50,13,16,13,-33,13,76,13,1,0,-95,13,47,0,-33,13,110,0,22,0,-48,0,64,0,14,0,66,0,30,0]"
CSI_DATA,7923,d8:b1:90:d9:de:f0,-46,11,-99,-40,48,104,565507569,100,0,228,0,"[-3,-1,-6,0,-9,2,-11,4,-14,5,-15,5,-16,6,87,52,-15,5,-14,4,-12,4,-11,4,-8,4,-5,4,-2,4,0,4,4,4,8,4,11,4,15,5,17,7,24,-41,21,7,20,8,19,9,17,9,15,8,12,7,0,0,6,5,2,4,0,2,-2,0,-6,-2,-8,-4,76,10,-12,-8,-13,-9,-12,-9,-12,-9,-11,-9,-10,-8,-8,-6,-7,-4,-5,-2,-4,0,-3,2,-2,4,-1,7,-13,10,0,12,0,14,0,16,-1,16,-2,16,-3,15,-4,13,-4,-15,-16,-9,-20,2,-13,16,1,20,13,12,15,0,-7,-2,0,-8,-3,-3,-2,1,2,0,2,-4,-2,-7,-9,-4,-12,4,-7,14,4,16,16,8,17,-4,8,-15,16,-7,-11,-6,-9,4,0,6,4,1,2,-4,-5,-4,0,0,-7,11,3,15,15,9,19,-4,11,-16,-3,-20,-26,-19,-19,2,-10,12,0,12,6,7,5,1,2,0,2,0,3,0,5,-1,4,-7,-1,-9,-8,-7,-12,0,-9,19,0,14,9,9,12,0,7,-7,0,-8,-4,-3,-3,1]"
CSI_DATA,7924,d8:b1:90:d9:de:f0,-43,9,-99,-39,45,104,565910259,224,0,106,0,"[60,14,-67,14,-11,13,-105,14,-45,13,-109,14,-29,13,-88,14,22,14,-64,14,96,14,-49,14,-56,14,-47,14,57,0,-61,14,-73,0,-97,14,18,0,112,14,53,0,77,14,30,0,63,14,-29,0,88,14,0,0,0,0,60,0,-40,14,-3,14,58,0,-45,14,-89,0,-63,14,-14,0,-62,14,9,0,-50,14,-17,0,-40,14,-79,0,-41,14,100,0,-53,14,23,0,-79,14,-58,14,-121,14,113,14,75,14,68,14,41,14]"
CSI_DATA,7925,d8:b1:90:d9:de:f0,-43,9,-99,-35,44,104,565910431,113,0,106,0,"[55,14,-85,14,-21,13,-121,14,-54,13,-99,14,-48,13,-57,14,3,14,-30,14,72,14,-10,14,-92,14,-38,14,-10,14,-99,14,57,0,56,14,77,0,-42,13,55,0,-98,13,7,0,-91,13,-22,14,-22,13,0,0,0,0,-3,14,-91,14,68,0,-14,14,-82,0,33,0,-8,0,35,0,21,0,12,0,-7,0,-5,14,-64,0,-14,14,121,0,-1,14,61,0,39,0,20,0,104,0,5,0,-61,0,34,0,0,0,87,0]"
CSI_DATA,7926,d8:b1:90:d9:de:f0,-42,11,-99,-37,44,104,566327585,277,0,106,0,"[33,15,40,0,-30,14,57,0,-44,14,87,0,-4,14,100,0,55,15,97,0,120,15,60,0,-84,15,-7,15,-52,15,-104,15,-41,15,46,15,-61,15,-42,14,-100,15,-80,14,128,15,-54,14,130,15,18,15,0,0,0,0,-26,15,-101,15,73,0,-60,15,-92,0,-53,15,-21,0,-72,15,-4,0,-96,15,-38,0,-99,15,-95,0,-69,15,117,0,-26,15,78,0,36,0,68,0,117,0,93,0,-61,0,-118,0,-12,0,-62,0]"
CSI_DATA,7927,d8:b1:90:d9:de:f0,-42,9,-99,-35,43,104,566328048,130,0,106,0,"[81,16,133,16,13,16,98,16,-26,15,122,16,-13,15,-106,16,41,16,-59,16,113,16,-42,16,-74,16,-63,16,23,0,-126,16,97,0,55,16,121,0,-43,15,94,0,-95,15,39,0,-79,15,6,0,-14,15,0,0,0,0,25,0,-102,16,101,0,-25,16,-77,0,14,0,-3,0,17,0,18,1,-5,16,-11,0,-26,16,-78,0,-23,16,129,0,2,0,71,0,53,0,40,0,133,0,46,0,-52,0,95,0,11,1,-115,0]"
CSI_DATA,7928,d8:b1:90:d9:de:f0,-42,9,-99,-36,44,104,566328183,130,0,106,0,"[127,0,72,15,-79,0,22,15,-76,0,0,15,-99,0,19,15,127,0,68,15,98,0,-121,15,81,0,-28,15,81,0,84,0,101,0,-60,0,-124,0,31,1,-100,0,58,1,-100,0,36,1,-126,0,-18,0,0,0,0,0,8,0,95,0,-82,15,47,0,74,15,10,0,4,15,-4,15,-17,14,-7,15,14,15,-11,15,76,15,-20,15,-116,15,-37,15,-40,15,-73,15,26,0,127,15,81,0,60,15,96,0,-11,14,67,0]"
CSI_DATA,7929,d8:b1:90:d9:de:f0,-43,9,-99,-35,44,104,566328309,101,0,106,0,"[-60,0,-94,14,4,0,-118,14,17,0,114,14,-16,0,117,14,-63,0,-105,14,-116,0,-57,14,81,0,10,0,34,0,104,0,2,0,-39,0,-2,14,45,0,4,0,84,0,21,0,70,0,21,0,7,0,0,0,0,0,-27,14,88,0,-92,14,9,0,86,14,-55,14,30,14,-92,14,10,14,-102,14,34,14,-91,14,94,14,-80,14,-82,14,-71,14,-12,14,-76,14,63,0,-105,14,-115,0,97,14,-79,0,44,14,-95,0]"
CSI_DATA,7930,d8:b1:90:d9:de:f0,-42,9,-99,-37,44,104,566328467,120,0,106,0,"[-112,15,59,15,126,15,-6,14,104,15,-16,14,112,15,21,15,-126,15,73,15,-74,15,126,15,3,0,-86,15,108,0,-47,15,-41,0,-25,15,47,1,-26,15,87,1,-46,15,71,1,-63,15,4,1,-57,15,0,0,0,0,99,0,15,0,25,0,96,0,-29,15,-84,0,-60,15,-17,0,-62,15,9,1,-53,15,-23,0,-50,15,-86,0,-56,15,102,0,-78,15,28,0,-122,15,-42,15,74,15,-102,15,8,15,-123,15,-20,14]"
CSI_DATA,7931,d8:b1:90:d9:de:f0,-42,9,-99,-39,44,104,566328580,120,0,106,0,"[-113,0,98,16,-76,0,40,16,-97,0,3,16,131,0,10,16,85,0,53,16,62,0,122,16,78,0,-77,16,135,0,3,0,-52,0,65,0,32,1,83,0,86,1,54,0,77,1,6,0,8,1,-22,16,0,0,0,0,117,0,10,0,67,0,93,0,50,0,-94,0,64,0,-27,0,89,0,-8,0,99,0,-42,0,85,0,-100,0,35,0,129,0,-22,16,102,0,-100,16,109,0,110,16,-126,0,82,16,-56,0,125,16]"
CSI_DATA,7932,d8:b1:90:d9:de:f0,-41,9,-99,-37,43,104,566369832,108,0,106,0,"[-105,0,79,17,-60,0,9,17,-76,0,-25,16,-130,0,-13,16,109,0,51,17,77,0,130,17,63,0,-54,17,84,0,68,0,142,0,-103,0,-73,0,-19,0,-18,0,-10,0,1,1,-55,0,-50,0,-122,0,0,0,0,0,56,0,71,0,-62,17,81,0,129,17,122,0,66,17,-122,0,66,17,-90,0,105,17,-100,0,-131,17,143,0,-85,17,66,0,-61,17,-18,17,-64,17,-117,17,-103,17,85,17,128,17,34,17,65,17]"
CSI_DATA,7933,d8:b1:90:d9:de:f0,-40,11,-99,-35,42,104,566504013,100,0,114,0,"[-31,12,-35,11,-39,8,-40,7,-41,4,-40,3,-37,2,-37,1,-35,1,-34,1,-33,1,-33,1,-33,0,-33,1,-33,1,-34,2,-37,2,-39,0,-41,0,-41,1,-40,1,-40,1,-40,2,-39,1,-39,1,-37,0,-36,0,-37,0,0,0,-35,0,-35,-1,-36,-1,-36,-1,-36,-1,-36,-1,-36,-1,-36,0,-35,-1,-35,-1,-34,-1,-31,0,-30,0,-29,0,-28,0,-28,0,-26,0,-28,0,-28,0,-29,0,-29,0,-30,0,-31,-1,-31,-2,-31,-3,-30,-4,-28,-6,-25,-7]"
CSI_DATA,7934,d8:b1:90:d9:de:f0,-42,11,-99,-37,44,104,566536484,277,0,106,0,"[106,0,62,15,-122,0,-7,14,-128,0,-42,14,99,0,-26,14,67,0,27,15,54,0,98,15,63,0,-71,15,102,0,36,0,-89,0,127,0,-10,0,-76,0,34,1,-67,0,42,1,-109,0,-10,0,101,0,0,0,0,0,62,0,27,0,-55,15,46,0,100,15,94,0,36,15,-114,0,26,15,-73,0,64,15,-73,0,116,15,-117,0,-102,15,86,0,-76,15,14,0,-78,15,-76,15,-107,15,109,15,95,15,61,15,53,15]"
CSI_DATA,7935,d8:b1:90:d9:de:f0,-42,9,-99,-36,43,104,566536938,214,0,106,0,"[42,16,22,0,-40,15,4,0,-66,15,2,0,-40,15,0,0,20,16,1,0,104,16,-17,16,-87,16,-57,16,26,0,-113,16,-140,0,103,16,-57,0,39,16,-19,0,7,16,-43,0,14,16,-94,0,65,16,0,0,0,0,58,0,-44,16,17,0,80,0,-16,16,-84,0,-26,16,3,1,-24,16,34,1,-19,16,6,1,-28,16,-60,0,-34,16,139,0,-60,16,43,0,-105,16,-40,16,123,16,-123,16,63,16,122,16,25,16]"
CSI_DATA,7936,d8:b1:90:d9:de:f0,-42,9,-99,-37,44,104,566537127,214,0,106,0,"[-49,0,66,0,20,1,104,0,48,1,113,0,18,1,98,0,-29,0,82,0,-111,0,68,0,57,0,74,0,-57,15,91,0,88,15,122,0,1,15,-111,0,-45,14,-82,0,-27,14,-77,0,31,15,-110,0,0,0,0,0,-65,15,27,0,5,0,-76,15,56,0,87,15,85,0,4,15,88,0,-28,14,76,0,0,15,61,0,65,15,54,0,-118,15,61,0,-33,15,89,0,52,0,-128,0,-130,0,-80,0,-85,0,-47,0]"
CSI_DATA,7937,d8:b1:90:d9:de:f0,-43,11,-99,-35,44,104,566954281,277,0,106,0,"[-86,0,100,14,-20,0,66,14,-3,0,53,14,-30,0,70,14,-73,0,111,14,123,0,-78,14,68,0,3,0,12,0,113,0,-31,14,-22,0,-54,14,69,0,-55,14,110,0,-40,14,94,0,-30,14,28,0,0,0,0,0,-37,14,83,0,-71,14,-16,14,-112,14,-112,14,96,14,79,14,90,14,65,14,109,14,86,14,-91,14,-118,14,-32,14,-73,14,36,0,-34,14,117,0,-3,14,-50,0,13,0,16,0,-2,14,28,0]"
CSI_DATA,7938,d8:b1:90:d9:de:f0,-42,9,-99,-36,44,104,566954744,130,0,106,0,"[95,0,-42,0,127,0,22,1,-96,0,22,1,-89,0,-26,0,-107,0,-79,0,95,0,122,0,14,0,85,0,-91,15,83,0,53,15,113,0,-18,14,-87,0,-34,14,-26,0,5,15,3,1,75,15,-30,0,0,0,0,0,-79,15,81,0,-90,15,-20,15,-125,15,-101,15,81,15,110,15,58,15,110,15,75,15,-114,15,124,15,-77,15,-67,15,-59,15,3,0,-62,15,70,0,-99,15,121,0,88,15,-128,0,19,15,70,0]"
CSI_DATA,7939,d8:b1:90:d9:de:f0,-43,9,-99,-35,44,104,566954870,130,0,106,0,"[-56,0,102,0,0,0,-98,0,22,0,-96,0,0,0,-122,0,-50,0,95,0,121,0,71,0,29,0,59,0,-88,14,65,0,42,14,97,0,-38,13,-111,0,-67,13,-81,0,-41,13,-64,0,21,14,-88,0,0,0,0,0,-84,14,29,0,-37,14,-64,14,-5,14,96,14,0,0,28,14,-8,14,8,14,-12,14,36,14,-4,14,100,14,15,0,-78,14,49,0,-10,14,102,0,59,0,-81,0,112,0,-16,0,120,0,15,0]"
CSI_DATA,7940,d8:b1:90:d9:de:f0,-42,11,-99,-34,43,104,567372079,277,0,106,0,"[123,15,-80,0,61,15,-36,0,47,15,-21,0,69,15,-38,0,103,15,-86,0,-129,15,115,0,-101,15,22,0,-86,15,-98,15,-81,15,49,15,-96,15,-55,14,-105,15,-102,14,-118,15,-80,14,-106,15,-4,14,0,0,0,0,-9,15,-99,15,80,0,-19,15,-88,0,42,0,-14,0,75,0,10,1,75,0,-18,0,63,0,-85,0,49,0,110,0,45,0,26,0,63,0,-57,15,99,0,-128,15,-112,0,103,15,-51,0,122,15]"
CSI_DATA,7941,d8:b1:90:d9:de:f0,-42,9,-99,-37,44,104,567372550,98,0,106,0,"[120,0,77,15,-100,0,11,15,-104,0,-18,14,121,0,-5,14,87,0,45,15,62,0,121,15,60,0,-43,15,84,0,73,0,-130,0,-80,0,-61,0,-5,0,-10,0,14,1,2,1,-24,0,-37,0,-91,0,0,0,0,0,52,0,50,0,-61,15,32,0,84,15,45,0,11,15,81,0,-3,14,111,0,37,15,113,0,101,15,88,0,-93,15,42,0,-38,15,-24,15,-8,15,-107,15,1,0,64,15,-32,15,-3,14,-88,15]"
CSI_DATA,7942,d8:b1:90:d9:de:f0,-42,9,-99,-34,43,104,567372691,98,0,106,0,"[111,0,61,15,-111,0,4,15,-108,0,-21,14,-134,0,-5,14,105,0,50,15,83,0,121,15,86,0,-50,15,111,0,56,0,-105,0,-99,0,-42,0,-20,0,-2,0,2,1,8,1,-28,0,-33,0,-87,0,0,0,0,0,66,0,73,0,-55,15,67,0,105,15,80,0,31,15,109,0,13,15,-134,0,44,15,130,0,100,15,97,0,-112,15,44,0,-65,15,-24,15,-42,15,-108,15,-43,15,69,15,-80,15,10,15,-130,15]"
CSI_DATA,7943,d8:b1:90:d9:de:f0,-45,11,-99,-38,47,104,567503980,100,0,228,0,"[8,-2,9,-4,11,-6,12,-8,14,-10,14,-11,15,-11,92,55,14,-10,13,-9,11,-8,9,-7,7,-6,5,-5,1,-5,-1,-5,-5,-5,-8,-5,-12,-5,-15,-6,-19,-7,26,-44,-20,-8,-20,-8,-19,-9,-17,-9,-14,-8,-12,-7,0,0,-7,-4,-4,-1,-2,0,0,3,1,6,2,10,33,0,4,14,4,16,4,16,3,16,4,14,3,13,3,11,2,8,3,6,4,4,5,2,5,0,7,-2,87,0,10,-5,12,-8,14,-8,15,-7,16,-6,14,-5,13,-3,12,9,18,-1,14,-14,0,-21,-12,-16,-17,-2,-12,9,14,1,6,6,6,-1,0,-5,-5,-2,-5,5,0,10,11,8,15,-2,9,-15,-4,-18,-17,-10,-18,4,-9,15,-16,8,12,6,9,-4,0,-8,-5,-2,-4,5,3,8,0,0,11,-8,2,-16,-11,-14,-20,-2,-17,11,-4,20,14,29,17,5,14,-7,4,-11,-3,-8,-5,-2,-1,1,0,0,0,-4,-4,-4,-8,0,-6,7,0,11,9,9,23,-3,11,-9,1,-14,-8,-11,-11,-2,-8,6,0,7,5,2]"
CSI_DATA,7944,d8:b1:90:d9:de:f0,-43,11,-99,-38,45,104,567580977,277,0,106,0,"[92,0,77,14,-85,0,25,14,-69,0,6,14,-86,0,15,14,-112,0,55,14,115,0,118,14,89,0,-40,14,73,0,73,0,71,0,-57,0,89,0,40,0,102,0,83,0,107,0,52,0,88,0,-3,0,0,0,0,0,16,0,62,0,-51,14,-23,14,102,14,-101,14,43,14,97,14,17,14,89,14,37,14,106,14,90,14,-108,14,-87,14,-81,14,-6,14,-60,14,72,0,-58,14,-83,0,-62,14,-19,0,-94,14,-16,0]"
CSI_DATA,7945,d8:b1:90:d9:de:f0,-43,9,-99,-36,44,104,567581449,98,0,106,0,"[-65,15,-71,0,-105,15,4,1,-108,15,39,1,-92,15,30,1,-72,15,-33,0,-62,15,-94,0,-69,15,61,0,-98,15,-45,15,111,15,102,15,53,15,16,15,17,15,-9,14,9,15,19,15,50,15,79,15,0,0,0,0,-50,15,-45,15,61,0,-5,15,-72,0,18,0,7,1,7,0,36,1,-9,15,6,1,-20,15,-65,0,-17,15,122,0,1,0,45,0,40,0,-23,15,96,0,-78,15,-91,0,-93,15,-13,0,-60,15]"
CSI_DATA,7946,d8:b1:90:d9:de:f0,-42,9,-99,-38,44,104,567790366,130,0,106,0,"[11,0,67,15,41,0,-19,14,49,0,-58,14,41,0,-37,14,42,0,24,15,49,0,100,15,74,0,-72,15,115,0,38,0,-102,0,-114,0,-46,0,-27,0,-20,0,6,1,-18,0,-12,0,-70,0,-75,0,0,0,0,0,44,0,49,0,-73,15,-12,15,77,15,-51,15,-6,14,-70,15,-34,14,-69,15,-3,14,-60,15,69,15,-49,15,-123,15,-48,15,-34,15,-60,15,54,0,-92,15,134,0,-134,15,-81,0,84,15,-95,0]"
CSI_DATA,7947,d8:b1:90:d9:de:f0,-43,9,-99,-35,44,104,567790492,108,0,106,0,"[106,0,88,14,-77,0,36,14,-59,0,8,14,-72,0,26,14,-103,0,67,14,116,0,-114,14,96,0,-28,14,72,0,79,0,68,0,-51,0,79,0,43,0,91,0,87,0,104,0,68,0,93,0,-1,0,0,0,0,0,17,0,55,0,-56,14,-37,14,107,14,-120,14,42,14,81,14,14,14,73,14,34,14,97,14,94,14,-119,14,-85,14,-85,14,-6,14,-66,14,77,0,-62,14,-83,0,-69,14,-27,0,-101,14,-24,0]"
CSI_DATA,7948,d8:b1:90:d9:de:f0,-43,9,-99,-37,45,104,567790627,98,0,106,0,"[46,0,-63,0,44,0,15,0,55,0,44,0,56,0,27,0,39,0,-24,0,14,0,-77,0,-34,13,84,0,-103,13,10,0,44,13,-64,13,-33,12,-109,13,-67,12,113,13,-60,12,-100,13,-2,12,-69,13,0,0,0,0,-50,13,-18,13,59,0,-21,13,-66,0,-44,13,1,0,-71,13,21,0,-90,13,-7,0,-86,13,-62,0,-61,13,115,0,-22,13,57,0,24,0,6,0,93,0,-24,13,-68,0,-26,13,-4,0,-1,13]"
CSI_DATA,7949,d8:b1:90:d9:de:f0,-43,9,-99,-35,44,104,567790786,130,0,106,0,"[-67,0,-65,14,13,0,-72,14,43,0,-85,14,20,0,-80,14,-27,0,-68,14,-88,0,-34,14,96,0,24,0,22,0,109,0,-38,14,-39,0,-73,14,42,0,-83,14,90,0,-59,14,78,0,-31,14,14,0,0,0,0,0,-8,14,57,0,-34,14,-62,14,-77,14,83,14,-122,14,14,14,96,14,0,13,103,14,31,14,-103,14,82,14,-51,14,-110,14,12,0,-62,14,91,0,-33,14,-70,0,-22,14,-8,0,-36,14,0,0]"
CSI_DATA,7950,d8:b1:90:d9:de:f0,-43,9,-99,-35,44,104,567790930,113,0,106,0,"[25,0,68,14,41,0,-20,13,28,0,-54,13,10,0,-34,13,0,0,24,14,6,0,92,14,34,0,-68,14,90,0,26,0,-79,0,116,0,-2,0,-78,0,46,0,-65,0,51,0,-105,0,-3,0,90,0,0,0,0,0,47,0,4,0,-72,14,0,0,60,14,18,0,-10,13,55,0,-30,13,91,0,4,14,97,0,75,14,77,0,-102,14,37,0,-41,14,-18,14,3,0,-93,14,33,0,74,14,21,0,4,14,-23,14]"
CSI_DATA,7951,d8:b1:90:d9:de:f0,-43,9,-99,-36,44,104,567999273,130,0,106,0,"[-82,15,-80,0,121,15,-26,0,107,15,-1,0,121,15,-9,0,-113,15,-52,0,-98,15,-111,0,-103,15,63,0,121,15,-37,15,70,15,122,15,6,15,53,15,-26,14,29,15,-33,14,63,15,15,15,117,15,0,0,0,0,-65,15,-47,15,52,0,-47,15,-96,0,-70,15,-20,0,-103,15,1,1,124,15,-28,0,125,15,-77,0,-99,15,127,0,-54,15,86,0,10,0,66,0,91,0,73,0,-82,0,108,0,-26,0,-108,0]"
CSI_DATA,7952,d8:b1:90:d9:de:f0,-43,9,-99,-39,45,104,567999417,113,0,106,0,"[110,0,-107,0,-94,0,-45,0,-59,0,-31,0,-55,0,-46,0,-92,0,-93,0,112,0,111,0,25,0,90,0,-75,14,90,0,60,14,120,0,-22,13,-80,0,-42,13,-43,0,0,13,-24,0,68,14,-47,0,0,0,0,0,-36,14,46,0,-14,14,-62,14,-8,14,67,14,-39,14,-6,13,-72,14,-25,13,-89,14,4,14,-75,14,69,14,-42,14,-115,14,20,0,-64,14,100,0,-31,14,-65,0,-25,14,0,0,-62,14,0,0]"
CSI_DATA,7953,d8:b1:90:d9:de:f0,-43,11,-99,-38,45,104,568207673,277,0,106,0,"[-81,0,103,0,-26,0,-80,0,0,0,-72,0,-21,0,-88,0,-64,0,-116,0,109,0,96,0,24,0,81,0,-85,14,68,0,44,14,73,0,-39,13,84,0,-80,13,104,0,-62,13,117,0,9,14,100,0,0,0,0,0,-45,14,23,0,38,0,-53,14,106,0,112,14,-95,0,44,14,-88,0,20,14,-110,0,45,14,98,0,104,14,74,0,-69,14,56,0,5,0,57,0,85,0,73,0,-80,0,104,0,-31,0,-107,0]"
CSI_DATA,7954,d8:b1:90:d9:de:f0,-43,9,-99,-36,44,104,568208154,101,0,106,0,"[-74,0,-95,15,-1,0,-128,15,17,1,103,15,-16,0,103,15,-66,0,-128,15,-120,0,-71,15,86,0,9,0,36,0,113,0,7,0,-31,0,3,0,62,1,21,0,106,1,47,0,81,1,54,0,4,1,0,0,0,0,17,0,50,0,-49,15,-53,15,127,15,122,15,60,15,80,15,31,15,78,15,56,15,107,15,112,15,-109,15,-76,15,-74,15,6,0,-60,15,84,0,-68,15,-91,0,-91,15,-40,0,127,15,-51,0]"
CSI_DATA,7955,d8:b1:90:d9:de:f0,-43,9,-99,-37,45,104,568208313,113,0,106,0,"[-90,13,66,13,114,13,-6,12,86,13,-19,12,88,13,9,13,116,13,53,13,-74,13,102,13,-3,13,-83,13,99,0,-43,13,-25,0,-23,13,63,0,-28,13,98,0,-50,13,71,0,-74,13,0,0,-79,13,0,0,0,0,48,0,-18,13,-38,13,49,0,-106,13,-100,0,100,13,-33,0,106,13,-5,0,-100,13,-26,0,-75,13,-79,0,-62,13,84,0,-58,13,9,0,-75,13,-66,13,-113,13,98,13,66,13,65,13,34,13]"
CSI_DATA,7956,d8:b1:90:d9:de:f0,-43,9,-99,-36,44,104,568268041,98,0,106,0,"[-82,0,-101,15,-13,0,118,15,-3,0,74,15,-36,0,63,15,-84,0,85,15,-124,0,-122,15,106,0,-45,15,115,0,55,0,-101,0,-105,0,-45,0,-34,0,3,1,-30,0,15,1,-68,0,-28,0,127,0,0,0,0,0,55,0,28,0,-57,15,48,0,98,15,99,0,43,15,-92,0,42,15,-51,0,81,15,-54,0,-123,15,-90,0,-91,15,104,0,-78,15,30,0,-98,15,-46,15,106,15,-108,15,47,15,127,15,9,15]"
CSI_DATA,7957,d8:b1:90:d9:de:f0,-42,9,-99,-37,44,104,568274273,98,0,106,0,"[-61,0,-34,15,26,1,-24,15,58,1,-34,15,37,1,-43,15,-18,0,-31,15,-81,0,-13,15,107,0,38,0,25,0,114,0,-47,15,-53,0,-87,15,33,1,-95,15,78,1,-73,15,72,1,-43,15,0,1,0,0,0,0,-11,15,63,0,-44,15,-60,15,-90,15,95,15,122,15,27,15,89,15,11,15,98,15,44,15,-122,15,96,15,-62,15,-118,15,6,0,-76,15,90,0,-52,15,-81,0,-47,15,-21,0,-79,15,-18,0]"
CSI_DATA,7958,d8:b1:90:d9:de:f0,-43,9,-99,-36,44,104,568417053,113,0,106,0,"[104,0,91,15,-98,0,28,15,-99,0,-9,14,127,0,-3,14,93,0,37,15,72,0,98,15,76,0,-73,15,118,0,24,0,-71,0,118,0,3,1,-91,0,63,1,-91,0,74,1,120,0,19,1,65,0,0,0,0,0,77,0,10,0,-35,15,40,0,-128,15,92,0,76,15,-96,0,70,15,-48,0,105,15,-56,0,-106,15,-102,0,-81,15,88,0,-71,15,22,0,-89,15,-57,15,122,15,-121,15,61,15,109,15,23,15]"
CSI_DATA,7959,d8:b1:90:d9:de:f0,-42,11,-99,-36,44,104,568503751,100,0,114,0,"[27,6,29,8,31,10,32,11,32,12,32,12,29,12,28,12,27,11,27,10,26,9,27,9,27,8,28,8,28,7,30,7,31,6,32,7,34,6,34,5,34,4,34,3,34,2,34,1,33,1,32,2,32,1,30,0,0,0,30,-1,30,-1,31,-2,30,-3,30,-3,30,-4,29,-4,30,-6,29,-6,29,-7,27,-7,25,-7,24,-8,23,-9,22,-8,21,-9,20,-10,21,-10,20,-11,20,-11,21,-12,21,-13,22,-13,22,-13,23,-13,22,-12,21,-11,20,-9]"
CSI_DATA,7960,d8:b1:90:d9:de:f0,-43,11,-99,-39,45,104,568625471,277,0,106,0,"[63,14,-2,14,-28,13,-15,14,-69,13,1,0,-53,13,19,0,-3,13,27,0,62,14,12,0,-102,14,-16,14,-4,14,-82,14,81,0,81,14,-105,0,-4,13,-100,0,-56,13,-123,0,-57,13,79,0,-5,13,0,0,0,0,-2,14,-67,14,-1,14,58,0,23,0,-70,0,64,0,8,0,95,0,30,0,101,0,0,0,85,0,-67,0,47,0,120,0,-1,14,54,0,-73,14,2,0,90,14,-27,14,17,14,-25,14,-2,13]"
CSI_DATA,7961,d8:b1:90:d9:de:f0,-42,9,-99,-37,44,104,568625942,98,0,106,0,"[49,0,75,15,102,0,-15,14,120,0,-48,14,113,0,-37,14,104,0,18,15,93,0,93,15,77,0,-67,15,63,0,58,0,52,0,-66,0,48,0,47,1,46,0,94,1,48,0,82,1,41,0,16,1,0,0,0,0,25,0,56,0,-10,15,-63,15,-54,15,74,15,-90,15,-8,14,-101,15,-28,14,-93,15,-5,14,-63,15,62,15,-30,15,-130,15,17,0,-49,15,76,0,30,0,-123,0,101,0,-60,0,-115,0,-30,0]"
CSI_DATA,7962,d8:b1:90:d9:de:f0,-42,9,-99,-38,44,104,568626074,130,0,106,0,"[129,15,114,15,77,15,31,15,36,15,9,15,33,15,41,15,61,15,90,15,118,15,130,15,-65,15,-108,15,49,0,-93,15,-98,0,-106,15,4,1,132,15,49,1,92,15,25,1,68,15,-50,0,93,15,0,0,0,0,48,0,-56,15,-5,15,59,0,-34,15,-87,0,-33,15,3,1,-12,15,43,1,11,0,13,1,13,0,-54,0,3,0,-128,0,-30,15,63,0,-91,15,2,0,102,15,-48,15,24,15,-57,15,1,15]"
CSI_DATA,7963,d8:b1:90:d9:de:f0,-42,9,-99,-38,44,104,568665803,252,0,106,0,"[77,15,-92,15,21,15,-134,15,-6,14,-129,15,13,15,-97,15,64,15,-76,15,-133,15,-67,15,-44,15,-88,15,51,0,128,15,-134,0,45,15,-97,0,-42,14,-103,0,-87,14,119,0,-84,14,69,0,-12,14,0,0,0,0,26,0,-87,15,58,0,23,0,122,0,111,0,-92,0,-110,0,-66,0,-97,0,-84,0,-115,0,-132,0,128,0,77,0,114,0,14,0,116,0,-49,15,-122,0,-104,15,-73,0,-119,15,-13,0,-86,15]"
CSI_DATA,7964,d8:b1:90:d9:de:f0,-42,9,-99,-35,43,104,568688326,130,0,106,0,"[26,0,-63,0,20,0,32,1,41,0,63,1,52,0,39,1,49,0,-15,0,27,0,-86,0,-30,16,119,0,-124,16,47,0,38,16,-9,16,-50,15,-37,16,-101,15,-31,16,-93,15,-4,16,-14,15,20,0,0,0,0,0,-78,16,2,0,37,0,-66,16,127,0,131,16,-95,0,53,16,-89,0,13,16,-118,0,27,16,122,0,80,16,100,0,-126,16,88,0,-46,16,105,0,41,0,-127,0,121,0,-74,0,-115,0,-31,0]"
CSI_DATA,7965,d8:b1:90:d9:de:f0,-43,9,-99,-35,44,104,568834814,98,0,106,0,"[32,0,-73,0,16,0,11,0,20,0,47,0,20,0,34,0,9,0,-14,0,-14,14,-78,0,-56,14,91,0,-116,14,0,0,53,14,-92,14,-11,13,90,14,-46,13,63,14,-40,13,78,14,9,14,116,14,0,0,0,0,-61,14,-22,14,53,0,0,0,-80,0,13,0,0,0,15,0,34,0,7,0,10,0,4,0,-49,0,11,0,-123,0,23,0,51,0,53,0,-18,14,101,0,-79,14,-91,0,-109,14,-38,0,-97,14]"
CSI_DATA,7966,d8:b1:90:d9:de:f0,-42,9,-99,-34,43,104,568860479,120,0,106,0,"[85,15,-103,0,9,15,-65,0,-6,14,-44,0,20,15,-60,0,63,15,-101,0,118,15,105,0,-104,15,15,0,-58,15,-95,15,-24,15,50,15,-6,15,-47,14,-7,15,-98,14,-19,15,-83,14,-14,15,-10,14,0,0,0,0,28,0,-79,15,87,0,22,0,-113,0,108,0,-59,0,-109,0,-43,0,-96,0,-73,0,-113,0,-135,0,123,0,64,0,86,0,-15,15,64,0,-102,15,59,0,82,15,68,0,27,15,90,0,24,15]"
CSI_DATA,7967,d8:b1:90:d9:de:f0,-42,11,-99,-38,44,104,569252167,277,0,106,0,"[124,15,119,15,73,15,55,15,36,15,43,15,42,15,74,15,77,15,118,15,-132,15,-117,15,-43,15,-101,15,69,0,-104,15,-85,0,-135,15,-7,0,91,15,23,1,51,15,-8,0,42,15,-76,0,76,15,0,0,0,0,55,0,-45,15,23,0,75,0,26,0,-81,0,42,0,1,1,61,0,24,1,68,0,-6,0,51,0,-70,0,16,0,-135,0,-37,15,76,0,-114,15,41,0,66,15,26,0,2,15,47,0,-1,14]"
CSI_DATA,7968,d8:b1:90:d9:de:f0,-43,9,-99,-36,44,104,569252648,108,0,106,0,"[-83,15,-76,0,123,15,-6,0,118,15,25,1,-117,15,9,1,-98,15,-39,0,-81,15,-121,0,-72,15,39,0,-69,15,-79,15,-89,15,53,15,-111,15,-36,14,126,15,-76,14,122,15,-51,14,-111,15,15,15,0,0,0,0,-20,15,-42,15,61,0,47,0,-106,0,119,0,-39,0,-92,0,-18,0,-83,0,-43,0,-101,0,-102,0,120,0,78,0,86,0,-4,15,61,0,-95,15,55,0,66,15,65,0,7,15,85,0,4,15]"
CSI_DATA,7969,d8:b1:90:d9:de:f0,-42,9,-99,-36,43,104,569268114,98,0,106,0,"[-76,16,-81,0,-114,16,-5,0,-102,16,38,1,-72,16,21,1,-44,16,-25,0,-44,16,-105,0,-71,16,99,0,-134,16,6,0,59,16,-72,16,-24,15,-116,16,-78,15,-106,16,-70,15,-74,16,1,16,-38,16,0,0,0,0,-67,16,-20,16,42,0,-85,16,127,0,123,16,-116,0,38,16,-117,0,5,16,135,0,22,16,100,0,85,16,83,0,-122,16,88,0,-41,16,129,0,33,0,-92,0,95,0,-29,0,112,0,1,1]"
CSI_DATA,7970,d8:b1:90:d9:de:f0,-42,9,-99,-34,43,104,569284153,130,0,106,0,"[-126,0,-121,0,-80,0,-47,0,-50,0,-29,0,-56,0,-48,0,-96,0,-87,0,108,0,-126,0,21,0,105,0,-91,15,81,0,50,15,64,0,-47,14,69,0,-92,14,84,0,-63,14,90,0,11,15,72,0,0,0,0,0,-52,15,-2,15,45,0,-84,15,122,0,93,15,-101,0,20,15,-95,0,1,15,-108,0,30,15,130,0,93,15,106,0,-95,15,87,0,-9,15,94,0,79,0,115,0,-103,0,-124,0,-49,0,-93,0]"
CSI_DATA,7971,d8:b1:90:d9:de:f0,-42,9,-99,-39,44,104,569290868,224,0,106,0,"[87,16,-94,16,5,16,-136,16,-38,15,-126,16,-20,15,-99,16,35,16,-74,16,105,16,-61,16,-79,16,-79,16,22,0,-124,16,122,0,79,16,-99,0,2,16,-87,0,-40,15,-121,0,-37,15,105,0,32,16,0,0,0,0,37,0,-45,16,56,0,82,0,101,0,-86,0,-127,0,-18,0,-97,0,-9,0,-111,0,-47,0,125,0,-104,0,64,0,125,0,-6,16,89,0,-91,16,79,0,104,16,91,0,51,16,130,0,58,16]"
CSI_DATA,7972,d8:b1:90:d9:de:f0,-43,9,-99,-36,44,104,569291511,98,0,106,0,"[-81,0,99,0,-2,0,126,0,40,1,103,0,24,1,67,0,-24,0,43,0,-91,0,33,0,79,0,55,0,-4,15,119,0,-70,15,-49,0,-101,15,37,1,-77,15,79,1,-36,15,61,1,-2,15,-7,0,0,0,0,0,-16,15,46,0,-80,15,-48,15,89,15,-119,15,15,15,118,15,-17,14,-117,15,7,15,-85,15,69,15,-56,15,-119,15,-55,15,-44,15,-68,15,19,0,-109,15,61,0,83,15,64,0,19,15,25,0]"
CSI_DATA,7973,d8:b1:90:d9:de:f0,-43,9,-99,-38,45,104,569461564,130,0,106,0,"[37,0,57,14,59,0,-21,13,48,0,-54,13,22,0,-35,13,4,0,8,14,14,0,79,14,33,0,-84,14,92,0,11,0,-73,0,93,0,3,0,-101,0,54,0,-100,0,55,0,105,0,0,0,60,0,0,0,0,0,48,0,3,0,-62,14,20,0,76,14,60,0,12,14,113,0,2,14,-95,0,38,14,-94,0,91,14,113,0,-98,14,56,0,-60,14,-10,14,-43,14,-89,14,-47,14,71,14,-78,14,16,14,-120,14]"
CSI_DATA,7974,d8:b1:90:d9:de:f0,-45,11,-99,-38,47,104,569503674,100,0,228,0,"[2,5,5,7,8,9,10,11,11,14,12,14,11,15,92,55,10,15,9,14,8,12,7,11,6,8,5,5,5,2,4,0,4,-4,4,-8,5,-11,5,-15,5,-17,26,-44,8,-20,8,-19,8,-18,8,-16,7,-14,6,-11,0,0,2,-5,0,-2,-2,0,-5,2,-8,5,-11,6,64,11,-15,8,-17,8,-17,8,-16,7,-15,6,-13,5,-11,4,-8,3,-5,3,-2,2,0,3,2,3,5,4,67,0,10,6,11,8,13,8,13,10,12,11,10,11,8,10,-11,11,0,18,12,16,20,4,17,-8,5,-16,-5,-12,2,12,-5,3,0,3,3,-1,0,-5,-7,-4,-11,3,-5,13,5,16,17,8,20,-5,10,-19,-5,-20,-17,-9,-10,-14,-7,12,3,10,7,2,2,-4,-4,-2,-5,4,0,0,9,8,15,0,11,-13,0,-19,-14,-14,-19,0,-27,19,-1,16,8,11,10,2,5,-3,0,-2,0,0,2,1,5,-1,3,-7,-2,-10,-10,-6,-13,2,-8,11,10,20,11,9,14,0,9,-10,0,-11,-5,-5,-5,1,0,3]"
CSI_DATA,7975,d8:b1:90:d9:de:f0,-42,9,-99,-35,43,104,569512478,98,0,106,0,"[-114,16,-98,0,99,16,-18,0,80,16,11,1,102,16,-13,0,135,16,-65,0,-113,16,133,0,-88,16,34,0,-58,16,-91,16,-35,16,54,16,-32,16,-39,15,-33,16,-86,15,-42,16,-71,15,-32,16,17,16,0,0,0,0,5,0,-34,16,55,0,89,0,103,0,-86,0,-131,0,-14,0,-118,0,2,1,136,0,-31,0,79,0,-99,0,23,0,109,0,-41,16,44,0,-119,16,-16,16,77,16,-65,16,16,16,-90,16,-3,15]"
CSI_DATA,7976,d8:b1:90:d9:de:f0,-43,11,-99,-36,44,104,570296660,277,0,106,0,"[-55,15,62,15,-56,15,-25,14,-66,15,-58,14,-63,15,-36,14,-43,15,23,15,-16,15,94,15,31,0,-72,15,97,0,32,0,-83,0,-127,0,-14,0,-49,0,18,1,-20,0,12,1,-42,0,-42,0,-90,0,0,0,0,0,45,0,31,0,-69,15,-17,15,75,15,-56,15,0,15,-78,15,-21,14,-77,15,11,15,-73,15,81,15,-65,15,-98,15,-57,15,-7,15,-64,15,81,0,-84,15,-93,0,-117,15,-41,0,102,15,-43,0]"
CSI_DATA,7977,d8:b1:90:d9:de:f0,-43,9,-99,-39,45,104,570297114,130,0,106,0,"[56,14,40,0,-30,13,34,0,-60,13,42,0,-36,13,41,0,20,14,33,0,83,14,10,0,-80,14,-36,14,12,0,-101,14,105,0,68,14,-79,0,-1,13,-60,0,-40,13,-82,0,-32,13,-121,0,19,14,0,0,0,0,36,0,-46,14,10,0,64,0,0,0,-71,0,5,0,0,0,11,0,26,0,14,0,-1,0,0,0,-67,0,-25,14,107,0,-61,14,34,0,-108,14,-31,14,76,14,-90,14,19,14,-115,14,-1,13]"
CSI_DATA,7978,d8:b1:90:d9:de:f0,-43,9,-99,-35,44,104,570297267,113,0,106,0,"[-123,14,104,14,75,14,33,14,42,14,19,14,50,14,43,14,80,14,92,14,-105,14,-113,14,-21,14,-66,14,86,0,-28,14,-38,0,-4,14,52,0,-6,14,98,0,-23,14,76,0,-46,14,8,0,-52,14,0,0,0,0,45,0,-21,14,-57,14,39,0,104,14,108,0,53,14,-81,0,47,14,-54,0,77,14,-71,0,122,14,-122,0,-82,14,59,0,-49,14,-16,14,-34,14,-100,14,-41,14,62,14,-64,14,2,14,-104,14]"
CSI_DATA,7979,d8:b1:90:d9:de:f0,-42,9,-99,-37,44,104,570297430,101,0,106,0,"[-97,0,118,0,-22,0,-87,0,21,1,-83,0,6,1,-115,0,-45,0,104,0,-119,0,78,0,42,0,58,0,-79,15,57,0,59,15,75,0,-40,14,109,0,-73,14,-111,0,-47,14,-90,0,31,15,-114,0,0,0,0,0,-41,15,39,0,42,0,-59,15,100,0,97,15,121,0,17,15,114,0,-16,14,87,0,17,15,60,0,87,15,52,0,-94,15,55,0,-8,15,80,0,79,0,125,0,-104,0,-80,0,-58,0,-44,0]"
CSI_DATA,7980,d8:b1:90:d9:de:f0,-43,9,-99,-35,44,104,570297526,130,0,106,0,"[-62,14,-72,0,-95,14,13,0,-86,14,45,0,-65,14,32,0,-42,14,-21,0,-30,14,-95,0,-41,14,56,0,-71,14,-54,14,121,14,87,14,60,14,9,14,17,14,-14,13,4,14,22,14,43,14,88,14,0,0,0,0,-43,14,-22,14,66,0,16,0,-68,0,37,0,10,0,28,0,32,0,6,0,-3,0,-6,14,-72,0,-5,14,106,0,10,0,26,0,47,0,-39,14,100,0,-94,14,-87,0,-106,14,-16,0,-75,14]"
CSI_DATA,7981,d8:b1:90:d9:de:f0,-43,9,-99,-35,44,104,570297643,113,0,106,0,"[-52,0,9,0,31,0,30,0,66,0,21,0,35,0,8,0,-13,0,1,0,-89,0,15,0,74,0,44,0,-23,14,101,0,-108,14,-72,0,71,14,-5,0,54,14,41,0,79,14,42,0,-115,14,-14,0,0,0,0,0,-30,14,54,0,-20,14,-67,14,-30,14,74,14,-50,14,-2,13,-67,14,-26,13,-66,14,9,14,-42,14,71,14,-6,14,-112,14,43,0,-51,14,111,0,-8,14,-58,0,16,0,4,0,19,0,16,0]"
CSI_DATA,7982,d8:b1:90:d9:de:f0,-41,11,-99,-34,42,104,570504038,100,0,114,0,"[-8,32,-10,34,-13,35,-15,36,-15,35,-16,34,-16,32,-14,32,-14,29,-14,29,-13,29,-13,29,-11,29,-10,30,-11,32,-9,34,-10,35,-10,35,-10,38,-9,36,-8,39,-9,38,-9,39,-8,39,-7,36,-5,36,-4,36,-5,35,0,0,-4,36,-3,35,-4,35,-3,35,-1,36,-2,35,-1,36,-1,39,0,36,1,35,2,34,3,33,3,30,3,30,4,28,3,28,4,26,5,27,5,27,5,28,7,29,7,30,8,30,8,30,8,30,5,32,3,29,2,27]"
CSI_DATA,7983,d8:b1:90:d9:de:f0,-42,11,-99,-37,44,104,570714457,277,0,106,0,"[-18,15,49,15,-40,15,-29,14,-85,15,-52,14,-108,15,-16,14,-104,15,58,15,-63,15,126,15,13,0,-95,15,117,0,-65,15,-26,0,-81,15,57,1,-120,15,78,1,95,15,30,1,59,15,-55,0,76,15,0,0,0,0,54,0,-43,15,33,0,72,0,41,0,-81,0,75,0,-15,0,112,0,-1,0,124,0,-33,0,96,0,-91,0,52,0,114,0,-10,15,84,0,-85,15,85,0,110,15,112,0,74,15,-103,0,97,15]"
CSI_DATA,7984,d8:b1:90:d9:de:f0,-43,9,-99,-39,45,104,570714911,98,0,106,0,"[2,0,-49,0,-1,14,28,0,14,0,52,0,22,0,24,0,16,0,-35,0,-5,14,-102,0,-56,14,66,0,117,14,-11,14,25,14,-79,14,-49,13,-119,14,-86,13,-118,14,-68,13,-92,14,-2,13,-60,14,0,0,0,0,-59,14,-24,14,52,0,-46,14,-99,0,-81,14,-38,0,-117,14,-21,0,112,14,-41,0,-122,14,-90,0,-87,14,116,0,-35,14,80,0,23,0,60,0,95,0,55,0,-79,0,78,0,-25,0,106,0]"
CSI_DATA,7985,d8:b1:90:d9:de:f0,-43,9,-99,-37,45,104,570715070,108,0,106,0,"[-48,0,-17,13,26,0,-21,13,46,0,-40,13,14,0,-52,13,-32,0,-40,13,-96,0,-9,13,73,0,44,0,5,0,-110,0,-41,13,-17,0,-66,13,58,0,-55,13,99,0,-33,13,82,0,-13,13,12,0,0,0,0,0,-11,13,59,0,-55,13,-40,13,-103,13,111,13,77,13,66,13,56,13,51,13,76,13,72,13,-117,13,108,13,-58,13,-99,13,1,0,-80,13,68,0,-79,13,-94,0,-97,13,-55,0,105,13,-64,0]"
CSI_DATA,7986,d8:b1:90:d9:de:f0,-43,9,-99,-35,44,104,570715197,98,0,106,0,"[-51,0,-11,14,28,0,-14,14,51,0,-38,14,21,0,-52,14,-38,0,-43,14,-100,0,-10,14,74,0,47,0,9,0,-116,0,-39,14,-16,0,-58,14,68,0,-45,14,106,0,-21,14,84,0,-1,14,9,0,0,0,0,0,-6,14,62,0,-56,14,-36,14,-122,14,-119,14,71,14,82,14,48,14,74,14,68,14,92,14,114,14,-121,14,-75,14,-97,14,-9,14,-81,14,61,0,-94,14,-117,0,-121,14,-77,0,87,14,-92,0]"
CSI_DATA,7987,d8:b1:90:d9:de:f0,-43,9,-99,-35,44,104,570715338,113,0,106,0,"[-47,0,12,0,35,0,13,0,64,0,-8,14,30,0,-33,14,-34,0,-36,14,-101,0,-7,14,69,0,43,0,-6,14,-123,0,-61,14,-18,0,-74,14,68,0,-60,14,106,0,-22,14,93,0,3,0,16,0,0,0,0,0,-3,14,61,0,-56,14,-42,14,123,14,-120,14,60,14,83,14,32,14,80,14,46,14,108,14,102,14,-109,14,-84,14,-87,14,-15,14,-76,14,59,0,-90,14,-121,0,122,14,-82,0,77,14,-103,0]"
CSI_DATA,7988,d8:b1:90:d9:de:f0,-43,9,-99,-37,45,104,570715438,113,0,106,0,"[-62,0,-77,13,6,0,-113,13,17,0,89,13,-15,0,83,13,-70,0,108,13,116,0,-76,13,78,0,2,0,57,0,106,0,57,0,-18,0,90,0,67,0,-115,0,88,0,-92,0,48,0,-103,0,-20,0,0,0,0,0,25,0,49,0,-66,13,-6,13,70,13,-36,13,3,13,-41,13,-18,12,-25,13,1,13,-11,13,60,13,-12,13,-113,13,-23,13,-52,13,-51,13,0,13,-100,13,32,0,66,13,35,0,11,13,0,0]"
CSI_DATA,7989,d8:b1:90:d9:de:f0,-43,9,-99,-35,44,104,570923846,130,0,106,0,"[-94,0,109,14,-23,0,73,14,-5,0,57,14,-27,0,68,14,-68,0,107,14,-109,0,-82,14,96,0,0,14,52,0,105,0,19,0,-31,0,4,0,67,0,11,0,104,0,24,0,83,0,25,0,14,0,0,0,0,0,-7,14,67,0,-51,14,-32,14,-110,14,118,14,90,14,62,14,70,14,43,14,80,14,62,14,-117,14,103,14,-55,14,-103,14,11,0,-68,14,89,0,-43,14,-72,0,-34,14,-13,0,-47,14,-4,0]"
CSI_DATA,7990,d8:b1:90:d9:de:f0,-42,9,-99,-35,43,104,570965601,130,0,106,0,"[107,16,-135,0,34,16,-89,0,19,16,-54,0,47,16,-56,0,97,16,-85,0,-134,16,130,0,-106,16,42,0,-88,16,-76,16,-98,16,78,16,-126,16,-21,15,117,16,-70,15,92,16,-44,15,112,16,29,16,0,0,0,0,-51,16,-68,16,68,0,-11,16,-91,0,22,0,4,1,20,0,38,1,-1,16,11,1,-23,16,-61,0,-25,16,136,0,-16,16,54,0,29,0,-4,16,93,0,-51,16,-93,0,-52,16,-21,0,-8,16]"
CSI_DATA,7991,d8:b1:90:d9:de:f0,-42,9,-99,-39,44,104,570995899,212,0,106,0,"[-52,0,61,0,28,1,80,0,64,1,51,0,42,1,15,0,-8,0,-8,16,-86,0,-3,16,124,0,42,0,57,0,125,0,15,0,-45,0,9,0,50,1,37,0,100,1,83,0,73,1,103,0,-7,0,0,0,0,0,29,0,88,0,-75,16,10,0,86,16,-13,16,-6,15,-4,16,-37,15,38,0,-7,15,73,0,55,16,77,0,137,16,52,0,-82,16,1,0,-44,16,-73,16,-43,16,113,16,-83,16,49,16,133,16]"
CSI_DATA,7992,d8:b1:90:d9:de:f0,-43,9,-99,-36,44,104,570998725,212,0,106,0,"[51,15,-69,15,-19,14,-102,15,-51,14,-91,15,-32,14,-68,15,14,15,-54,15,84,15,-54,15,-92,15,-77,15,-1,15,-126,15,80,0,57,15,-121,0,-13,14,-112,0,-56,14,121,0,-49,14,90,0,4,15,0,0,0,0,35,0,-66,15,57,0,42,0,102,0,-112,0,-99,0,-48,0,-67,0,-31,0,-73,0,-57,0,-106,0,-105,0,97,0,107,0,30,0,74,0,-48,15,66,0,122,15,80,0,66,15,119,0,68,15]"
CSI_DATA,7993,d8:b1:90:d9:de:f0,-43,9,-99,-37,45,104,570998982,212,0,106,0,"[90,13,-92,0,32,13,-43,0,30,13,-11,0,61,13,-13,0,98,13,-48,0,-116,13,-104,0,-99,13,54,0,-109,13,-46,13,89,13,96,13,41,13,26,13,2,13,9,13,-3,12,35,13,33,13,85,13,0,0,0,0,-52,13,-51,13,53,0,-39,13,-79,0,-56,13,-9,0,-93,13,12,0,110,13,-16,0,104,13,-67,0,-108,13,-116,0,-71,13,71,0,-14,13,52,0,59,0,53,0,-99,0,84,0,-41,0,-104,0]"
CSI_DATA,7994,d8:b1:90:d9:de:f0,-43,9,-99,-35,44,104,570999186,212,0,106,0,"[-48,0,-73,14,25,0,-100,14,43,0,114,14,14,0,106,14,-37,0,123,14,-87,0,-85,14,113,0,-16,14,92,0,82,0,97,0,-61,0,113,0,31,0,-95,0,56,0,-74,0,31,0,-91,0,-34,0,0,0,0,0,38,0,64,0,-67,14,29,0,73,14,10,0,-8,13,32,0,-37,13,64,0,-11,13,80,0,52,14,75,0,115,14,46,0,-78,14,-2,14,-40,14,-69,14,-29,14,97,14,-55,14,31,14,-102,14]"
CSI_DATA,7995,d8:b1:90:d9:de:f0,-43,9,-99,-37,45,104,570999336,212,0,106,0,"[-101,13,-58,0,98,13,3,0,111,13,39,0,-97,13,29,0,-73,13,-16,0,-61,13,-73,0,-74,13,82,0,115,13,5,0,48,13,-68,13,-22,12,-111,13,-70,12,-110,13,-66,12,-80,13,-13,12,-43,13,0,0,0,0,-70,13,-17,13,24,0,-59,13,103,0,105,13,-91,0,37,13,-92,0,-4,12,111,0,5,13,71,0,48,13,49,0,110,13,49,0,-55,13,74,0,12,0,-107,0,70,0,-43,0,88,0,-10,0]"
CSI_DATA,7996,d8:b1:90:d9:de:f0,-43,9,-99,-36,44,104,571000562,212,0,106,0,"[-23,15,-41,0,-41,15,34,1,-26,15,63,1,-10,15,43,1,-4,15,-10,0,-20,15,-78,0,-61,15,104,0,-124,15,24,0,47,15,-43,15,-32,14,-91,15,-76,14,-96,15,-67,14,-75,15,-4,14,-50,15,0,0,0,0,-74,15,-22,15,35,0,-65,15,-127,0,-121,15,-66,0,76,15,-50,0,43,15,-77,0,50,15,-123,0,92,15,95,0,-110,15,71,0,-35,15,68,0,44,0,91,0,124,0,-121,0,-76,0,-79,0]"
CSI_DATA,7997,d8:b1:90:d9:de:f0,-43,9,-99,-37,45,104,571000829,212,0,106,0,"[93,13,-86,0,41,13,-38,0,35,13,-5,0,62,13,-15,0,91,13,-50,0,-109,13,-105,0,-99,13,51,0,-110,13,-44,13,89,13,94,13,46,13,26,13,14,13,-2,12,3,13,22,13,36,13,77,13,0,0,0,0,-47,13,-51,13,55,0,-38,13,-77,0,-45,13,-1,0,-75,13,25,0,-104,13,-4,0,-114,13,-56,0,-97,13,-114,0,-61,13,71,0,-9,13,44,0,61,0,42,0,-93,0,67,0,-35,0,110,0]"
CSI_DATA,7998,d8:b1:90:d9:de:f0,-43,9,-99,-36,44,104,571001087,212,0,106,0,"[-94,0,-118,0,-36,0,-67,0,1,1,-67,0,-9,0,-97,0,-47,0,126,0,-105,0,101,0,71,0,97,0,-29,15,123,0,-121,15,-83,0,72,15,-21,0,57,15,22,1,88,15,28,1,-117,15,-18,0,0,0,0,0,-42,15,63,0,-52,15,-44,15,-93,15,108,15,108,15,46,15,72,15,32,15,68,15,64,15,100,15,113,15,-100,15,-100,15,-33,15,-70,15,48,0,-68,15,124,0,-95,15,-88,0,112,15,-98,0]"
CSI_DATA,7999,d8:b1:90:d9:de:f0,-43,9,-99,-37,45,104,571001300,212,0,106,0,"[-42,0,61,0,29,0,81,0,61,0,62,0,44,0,30,0,-9,0,11,0,-63,0,22,0,99,0,52,0,28,0,113,0,-21,13,-34,0,-43,13,50,0,-24,13,86,0,4,0,71,0,21,0,11,0,0,0,0,0,0,0,72,0,-64,13,-11,13,77,13,-65,13,5,13,-82,13,-30,12,-70,13,-16,12,-44,13,37,13,-22,13,99,13,-17,13,-68,13,-32,13,-11,13,-74,13,31,0,93,13,35,0,27,13,-3,13]"
CSI_DATA,8000,d8:b1:90:d9:de:f0,-43,9,-99,-36,44,104,571009108,242,0,106,0,"[42,15,33,0,-32,14,42,0,-56,14,71,0,-23,14,88,0,26,15,85,0,82,15,52,0,-121,15,-4,15,-85,15,-98,15,-70,15,56,15,-84,15,-32,14,-116,15,-67,14,112,15,-43,14,116,15,29,15,0,0,0,0,-34,15,-69,15,67,0,-21,15,-82,0,-5,15,3,1,-20,15,34,1,-57,15,9,1,-77,15,-53,0,-75,15,-121,0,-47,15,76,0,1,0,46,0,70,0,38,0,-105,0,70,0,-41,0,121,0]"
CSI_DATA,8001,d8:b1:90:d9:de:f0,-42,9,-99,-35,43,104,571009350,262,0,106,0,"[-105,16,-73,0,-139,16,3,1,-121,16,39,1,-82,16,28,1,-51,16,-19,0,-53,16,-90,0,-74,16,102,0,-138,16,21,0,43,16,-44,16,-47,15,-80,16,-97,15,-55,16,-82,15,-18,16,-16,15,8,0,0,0,0,0,-87,16,3,0,5,0,-82,16,68,0,95,16,80,0,3,16,62,0,-33,15,32,0,-13,15,2,0,46,16,0,0,122,16,28,0,-78,16,85,0,-19,16,-110,0,16,0,-31,0,13,0,-5,0]"
CSI_DATA,8002,d8:b1:90:d9:de:f0,-43,11,-99,-35,44,104,571341154,277,0,106,0,"[-54,0,-95,14,4,0,112,14,11,0,77,14,-30,0,69,14,-79,0,93,14,-123,0,-102,14,96,0,-24,14,99,0,71,0,-121,0,-74,0,-78,0,-5,0,-37,0,4,0,-22,0,-32,0,-49,0,-91,0,0,0,0,0,44,0,53,0,-63,14,47,0,85,14,73,0,23,14,119,0,15,14,-93,0,43,14,-84,0,97,14,-110,0,-106,14,91,0,-76,14,24,0,-73,14,-48,14,-102,14,-121,14,100,14,82,14,51,14]"
CSI_DATA,8003,d8:b1:90:d9:de:f0,-43,9,-99,-38,45,104,571341634,98,0,106,0,"[61,14,-99,14,-8,13,103,14,-36,13,112,14,-13,13,-106,14,37,14,-82,14,107,14,-62,14,-44,14,-64,14,57,0,-84,14,-78,0,116,14,-6,0,74,14,14,0,38,14,-11,0,34,14,-65,0,69,14,0,0,0,0,42,0,-29,14,1,0,71,0,-21,14,-66,0,-16,14,7,0,-9,14,38,0,2,0,14,0,8,0,-48,0,-5,14,-115,0,-32,14,53,0,-75,14,-14,14,105,14,-70,14,42,14,-94,14,8,14]"
CSI_DATA,8004,d8:b1:90:d9:de:f0,-43,9,-99,-34,44,104,571341766,98,0,106,0,"[37,0,-33,0,37,0,41,0,54,0,63,0,58,0,34,0,46,0,-19,0,15,0,-81,0,-35,14,91,0,-118,14,20,0,33,14,-38,14,-46,13,-77,14,-80,13,-82,14,-64,13,-62,14,-6,13,-42,14,0,0,0,0,-60,14,-33,14,42,0,-67,14,-101,0,-112,14,-38,0,84,14,-24,0,60,14,-50,0,68,14,-89,0,112,14,114,0,-78,14,74,0,-11,14,54,0,65,0,52,0,-95,0,76,0,-32,0,109,0]"
CSI_DATA,8005,d8:b1:90:d9:de:f0,-42,9,-99,-37,44,104,571341862,98,0,106,0,"[60,15,109,0,-18,14,-123,0,-32,14,-99,0,-3,14,-106,0,48,15,125,0,104,15,74,0,-109,15,-8,15,-68,15,-110,15,-39,15,36,15,-33,15,-59,14,-37,15,-96,14,-55,15,-74,14,-47,15,-2,14,0,0,0,0,8,0,-76,15,86,0,17,0,-87,0,90,0,-18,0,-130,0,7,1,-123,0,-11,0,123,0,-65,0,93,0,125,0,76,0,46,0,68,0,-41,15,85,0,-120,15,120,0,89,15,-91,0,94,15]"
CSI_DATA,8006,d8:b1:90:d9:de:f0,-45,11,-99,-39,47,104,571504003,100,0,228,0,"[8,-3,10,-6,10,-10,12,-11,13,-13,14,-14,15,-15,95,57,13,-13,12,-13,10,-11,8,-10,6,-9,3,-7,0,-6,-2,-4,-6,-3,-10,-2,-13,0,-17,0,-20,0,27,-45,-23,1,-23,0,-23,0,-20,0,-18,0,-15,0,0,0,-9,0,-5,0,-1,1,2,3,5,5,9,6,-93,0,13,10,14,11,14,11,13,11,13,10,11,9,10,8,7,6,6,3,4,1,3,0,1,-3,0,-6,5,0,0,-12,0,-14,0,-16,0,-17,2,-17,3,-16,4,-13,13,10,20,-2,13,-15,0,-21,-14,-15,-18,0,-11,10,15,-2,7,5,6,-3,-1,-5,-6,0,-4,7,4,10,13,3,14,-8,4,-18,-11,-18,-21,-3,-18,12,-3,20,-11,16,15,2,8,-7,0,-8,-5,0,-1,5,6,4,0,0,4,-13,-7,-14,-18,-5,-18,10,-6,20,10,20,32,16,18,-7,6,-16,-4,-13,-9,-4,-6,2,0,2,0,0,-3,-2,-6,0,-6,6,0,10,9,9,14,0,10,-19,1,-15,-9,-12,-13,-2,-9,6,-1,8,3,3,3,0]"
CSI_DATA,8007,d8:b1:90:d9:de:f0,-43,11,-99,-36,44,104,571550052,277,0,106,0,"[32,15,-19,15,-41,14,-30,15,-66,14,-14,15,-38,14,4,0,17,15,10,0,89,15,-6,15,-86,15,-51,15,-6,15,-125,15,57,0,35,15,91,0,-50,14,86,0,-97,14,49,0,-89,14,23,0,-23,14,0,0,0,0,8,0,-79,15,57,0,28,0,127,0,113,0,-63,0,-92,0,-32,0,-88,0,-45,0,-117,0,-96,0,103,0,94,0,77,0,21,0,70,0,-57,15,90,0,-122,15,-126,0,99,15,-70,0,123,15]"
CSI_DATA,8008,d8:b1:90:d9:de:f0,-42,9,-99,-35,43,104,571550515,352,0,106,0,"[6,0,29,16,8,0,-51,15,-17,16,-76,15,-46,16,-39,15,-55,16,26,16,-20,16,95,16,37,0,-101,16,127,0,-32,16,-30,0,6,0,67,1,9,0,118,1,-22,16,98,1,-65,16,11,1,-75,16,0,0,0,0,82,0,-27,16,-2,16,70,0,-47,16,-101,0,-61,16,-13,0,-44,16,21,1,-19,16,-6,0,-7,16,-77,0,-17,16,128,0,-51,16,56,0,-113,16,3,0,82,16,-30,16,13,16,-23,16,1,16]"
CSI_DATA,8009,d8:b1:90:d9:de:f0,-42,9,-99,-36,43,104,571573891,435,0,106,0,"[75,16,-141,16,2,16,107,16,-29,15,127,16,-6,15,-120,16,43,16,-89,16,126,16,-74,16,-69,16,-90,16,32,0,-139,16,127,0,66,16,-109,0,-17,15,-109,0,-72,15,132,0,-74,15,81,0,3,16,0,0,0,0,40,0,-77,16,90,0,40,0,-120,0,125,0,-46,0,-117,0,-14,0,-121,0,-32,0,132,0,-94,0,88,0,108,0,68,0,28,0,70,0,-50,16,109,0,-112,16,-109,0,-131,16,-42,0,-92,16]"
CSI_DATA,8010,d8:b1:90:d9:de:f0,-43,9,-99,-35,44,104,571759432,130,0,106,0,"[-43,14,-42,0,-65,14,31,0,-52,14,53,0,-29,14,30,0,-21,14,-30,0,-27,14,-99,0,-53,14,55,0,-109,14,-37,14,68,14,-120,14,-8,13,73,14,-49,13,68,14,-49,13,102,14,11,14,-98,14,0,0,0,0,-55,14,-27,14,56,0,-31,14,-86,0,-61,14,-24,0,-101,14,-10,0,119,14,-43,0,-120,14,-101,0,-89,14,97,0,-39,14,58,0,27,0,34,0,106,0,34,0,-64,0,67,0,-2,0,106,0]"
CSI_DATA,8011,d8:b1:90:d9:de:f0,-42,9,-99,-38,44,104,571759540,130,0,106,0,"[121,15,94,15,75,15,29,15,41,15,25,15,56,15,55,15,92,15,112,15,-110,15,-114,15,-19,15,-87,15,98,0,-73,15,-44,0,-86,15,46,1,-119,15,76,1,115,15,44,1,93,15,-33,0,117,15,0,0,0,0,58,0,-36,15,-3,15,75,0,-33,15,-86,0,-36,15,-4,0,-24,15,22,1,-7,15,-8,0,-2,15,-79,0,-20,15,113,0,-55,15,36,0,-116,15,-28,15,76,15,-68,15,5,15,-75,15,-14,14]"
CSI_DATA,8012,d8:b1:90:d9:de:f0,-41,9,-99,-37,43,104,571774422,98,0,106,0,"[81,17,-137,17,23,17,92,17,-2,16,83,17,24,17,106,17,80,17,140,17,-139,17,-118,17,-33,17,-98,17,97,0,-88,17,-62,0,-92,17,43,1,-116,17,90,1,-131,17,71,1,-144,17,-9,0,-120,17,0,0,0,0,83,0,-16,17,-4,17,85,0,-77,17,-107,0,-114,17,-23,0,-122,17,9,1,-102,17,-24,0,-78,17,-100,0,-68,17,115,0,-69,17,20,0,-94,17,-80,17,-136,17,125,17,97,17,76,17,58,17]"
CSI_DATA,8013,d8:b1:90:d9:de:f0,-42,11,-99,-34,43,104,571967850,277,0,106,0,"[4,0,-38,0,-7,15,30,1,6,0,51,1,18,0,22,1,21,0,-29,0,2,0,-102,0,-49,15,97,0,-134,15,26,0,34,15,-32,15,-58,14,-52,15,-113,14,-43,15,-104,14,-4,15,-26,14,23,0,0,0,0,0,-95,15,2,0,-1,15,-82,15,65,0,101,15,93,0,24,15,83,0,-14,14,54,0,10,15,36,0,77,15,34,0,-111,15,60,0,-34,15,116,0,30,0,-74,0,79,0,-2,0,81,0,28,1]"
CSI_DATA,8014,d8:b1:90:d9:de:f0,-42,9,-99,-37,44,104,571968331,108,0,106,0,"[-86,0,-121,15,-14,0,111,15,3,1,97,15,-23,0,117,15,-71,0,-116,15,-125,0,-64,15,78,0,14,0,18,0,115,0,-29,15,-36,0,-55,15,55,1,-56,15,109,1,-34,15,95,1,-14,15,23,1,0,0,0,0,-14,15,73,0,-48,15,-42,15,-94,15,114,15,117,15,50,15,90,15,31,15,104,15,65,15,-114,15,120,15,-48,15,-88,15,25,0,-46,15,111,0,-11,15,-54,0,-3,15,12,1,-28,15,18,1]"
CSI_DATA,8015,d8:b1:90:d9:de:f0,-42,11,-99,-38,44,104,572385647,277,0,106,0,"[46,15,32,0,-31,14,11,0,-61,14,12,0,-38,14,7,0,15,15,0,0,93,15,-20,15,-91,15,-56,15,16,0,-115,15,127,0,84,15,-63,0,22,15,-31,0,-22,14,-43,0,-22,14,-87,0,23,15,0,0,0,0,67,0,-69,15,28,0,52,0,8,0,-103,0,6,0,-11,0,10,0,25,1,11,0,0,1,5,0,-65,0,-14,15,126,0,-43,15,40,0,-94,15,-34,15,100,15,-103,15,34,15,-131,15,-3,14]"
CSI_DATA,8016,d8:b1:90:d9:de:f0,-42,9,-99,-37,44,104,572386128,101,0,106,0,"[-123,15,-82,0,84,15,-18,0,75,15,13,1,106,15,-2,0,-118,15,-45,0,-94,15,-119,0,-72,15,48,0,-69,15,-72,15,-84,15,66,15,-119,15,-33,14,101,15,-79,14,79,15,-57,14,101,15,14,15,0,0,0,0,-54,15,-64,15,52,0,8,0,-99,0,56,0,-8,0,69,0,30,1,56,0,5,1,38,0,-63,0,17,0,117,0,11,0,26,0,32,0,-55,15,78,0,-128,15,-113,0,103,15,-44,0,-122,15]"
CSI_DATA,8017,d8:b1:90:d9:de:f0,-42,9,-99,-38,44,104,572386287,98,0,106,0,"[-72,0,104,0,-8,0,-110,0,20,1,-103,0,4,1,-126,0,-46,0,117,0,-117,0,96,0,58,0,88,0,-56,15,98,0,88,15,127,0,0,15,-104,0,-34,14,-61,0,-20,14,-54,0,39,15,-80,0,0,0,0,0,-76,15,54,0,-25,15,-57,15,4,0,100,15,4,0,13,15,-6,15,-24,14,-18,15,4,15,-15,15,68,15,0,0,-127,15,38,0,-43,15,96,0,25,0,-92,0,78,0,-19,0,88,0,15,1]"
CSI_DATA,8018,d8:b1:90:d9:de:f0,-42,9,-99,-38,44,104,572386428,124,0,106,0,"[-104,0,-132,0,-43,0,-69,0,-8,0,-64,0,-22,0,-94,0,-63,0,134,0,-127,0,94,0,51,0,69,0,-70,15,68,0,73,15,91,0,-21,14,129,0,-59,14,-93,0,-32,14,-64,0,44,15,-81,0,0,0,0,0,-60,15,57,0,-2,15,-50,15,39,0,102,15,29,0,10,15,2,0,-26,14,-21,15,4,15,-28,15,75,15,-9,15,-116,15,26,0,-34,15,87,0,34,0,-97,0,90,0,-12,0,86,0,19,1]"
CSI_DATA,8019,d8:b1:90:d9:de:f0,-42,9,-99,-38,44,104,572386541,98,0,106,0,"[-96,0,-127,0,-45,0,-63,0,-16,0,-52,0,-28,0,-80,0,-70,0,-118,0,133,0,119,0,46,0,97,0,-68,15,92,0,78,15,105,0,-18,14,-133,0,-61,14,-91,0,-39,14,-70,0,25,15,-94,0,0,0,0,0,-78,15,57,0,-21,15,-55,15,9,0,100,15,9,0,11,15,-2,15,-25,14,-19,15,3,15,-18,15,69,15,-3,15,-123,15,38,0,-44,15,102,0,13,0,-84,0,59,0,-5,0,58,0,21,1]"
CSI_DATA,8020,d8:b1:90:d9:de:f0,-41,11,-99,-35,43,104,572503967,100,0,114,0,"[-27,-16,-28,-19,-29,-22,-28,-25,-27,-26,-26,-27,-22,-27,-22,-26,-21,-23,-21,-25,-20,-22,-19,-23,-19,-23,-19,-23,-20,-23,-21,-25,-21,-26,-22,-27,-22,-28,-22,-27,-23,-28,-25,-28,-23,-28,-23,-26,-22,-27,-20,-27,-20,-26,-21,-25,0,0,-20,-25,-20,-25,-20,-25,-20,-26,-20,-26,-20,-26,-21,-25,-20,-25,-20,-22,-20,-22,-18,-22,-18,-21,-17,-19,-17,-18,-16,-18,-16,-17,-16,-16,-17,-16,-17,-16,-17,-16,-18,-17,-18,-18,-18,-19,-18,-20,-17,-20,-16,-20,-15,-20,-11,-19]"
CSI_DATA,8021,d8:b1:90:d9:de:f0,-42,9,-99,-34,43,104,572595045,130,0,106,0,"[108,15,97,15,67,15,23,15,54,15,1,15,76,15,25,15,117,15,72,15,-90,15,127,15,-2,15,-88,15,110,0,-26,15,-45,0,28,0,52,1,62,0,99,1,80,0,84,1,64,0,13,1,51,0,0,0,0,0,68,0,37,0,-51,15,52,0,106,15,86,0,26,15,114,0,0,15,128,0,27,15,115,0,85,15,77,0,-116,15,33,0,-46,15,-24,15,13,0,-98,15,63,0,88,15,83,0,15,15,60,0]"
CSI_DATA,8022,d8:b1:90:d9:de:f0,-42,9,-99,-35,43,104,572595197,113,0,106,0,"[-23,0,-6,16,51,1,-4,16,70,1,-28,16,43,1,-51,16,-20,0,-53,16,-91,0,-32,16,110,0,27,0,44,0,118,0,2,0,-39,0,0,0,62,1,25,0,107,1,54,0,88,1,67,0,13,1,0,0,0,0,8,0,99,0,-86,16,28,0,89,16,-14,16,5,16,-26,16,-20,15,-7,16,7,16,9,0,70,16,15,0,-135,16,-1,16,-67,16,-41,16,-13,16,-110,16,19,0,83,16,2,0,4,16,-51,16]"
CSI_DATA,8023,d8:b1:90:d9:de:f0,-42,9,-99,-36,44,104,572595297,98,0,106,0,"[-39,0,-101,15,26,1,124,15,32,1,93,15,-7,0,90,15,-64,0,108,15,-119,0,-101,15,97,0,-17,15,81,0,85,0,97,0,-63,0,-126,0,22,1,-83,0,55,1,-56,0,23,1,-77,0,-50,0,0,0,0,0,47,0,79,0,-60,15,59,0,91,15,63,0,23,15,93,0,3,15,-128,0,41,15,-124,0,97,15,101,0,-104,15,64,0,-67,15,-6,15,-61,15,-85,15,-79,15,91,15,122,15,38,15,71,15]"
CSI_DATA,8024,d8:b1:90:d9:de:f0,-42,11,-99,-35,43,104,572803445,277,0,106,0,"[31,0,-23,0,37,0,49,1,51,0,59,1,54,0,17,1,42,0,-43,0,5,0,-127,0,-47,16,65,0,-129,16,-27,16,56,16,-113,16,-15,15,115,16,-57,15,107,16,-43,15,129,16,23,16,-117,16,0,0,0,0,-46,16,-64,16,71,0,-70,16,-104,0,-91,16,-34,0,-117,16,-13,0,-128,16,-41,0,-111,16,-98,0,-78,16,115,0,-21,16,55,0,35,0,6,0,114,0,-23,16,-75,0,-23,16,-7,0,10,0]"
CSI_DATA,8025,d8:b1:90:d9:de:f0,-42,9,-99,-35,43,104,572803934,98,0,106,0,"[104,16,77,16,40,16,42,16,1,16,67,16,14,16,123,16,53,16,-110,16,130,16,-82,16,-56,16,-90,16,31,0,129,16,107,0,47,16,-138,0,-34,15,111,0,-91,15,68,0,-78,15,28,0,-9,15,0,0,0,0,31,0,-102,16,111,0,-25,16,-79,0,14,0,-3,0,16,0,17,1,-4,16,-13,0,-25,16,-78,0,-30,16,136,0,-3,16,78,0,42,0,53,0,111,0,62,0,-79,0,102,0,-21,0,-109,0]"
CSI_DATA,8026,d8:b1:90:d9:de:f0,-42,9,-99,-34,43,104,572804093,224,0,106,0,"[96,0,-32,0,129,0,33,1,-112,0,37,1,-115,0,-7,0,121,0,-68,0,68,0,131,0,-14,15,79,0,-128,15,36,0,23,15,14,0,-64,14,13,0,-100,14,37,0,-79,14,59,0,-2,14,55,0,0,0,0,0,-79,15,-15,15,2,0,-103,15,61,0,85,15,85,0,15,15,86,0,-10,14,68,0,19,15,52,0,85,15,48,0,-106,15,59,0,-28,15,101,0,52,0,-108,0,121,0,-41,0,-121,0,-4,0]"
CSI_DATA,8027,d8:b1:90:d9:de:f0,-42,9,-99,-35,43,104,572865877,120,0,106,0,"[-109,0,-130,0,-64,0,-67,0,-27,0,-56,0,-27,0,-91,0,-53,0,-131,0,-104,0,121,0,95,0,116,0,-1,16,-127,0,-88,16,-63,0,134,16,20,1,137,16,83,1,-97,16,93,1,-45,16,39,1,0,0,0,0,0,0,125,0,-56,16,18,0,137,16,-68,16,40,16,-104,16,-17,15,-93,16,-13,15,-54,16,40,16,-23,16,109,16,-13,16,-94,16,-33,16,-38,16,-93,16,-8,16,95,16,-32,16,14,16,-99,16]"
CSI_DATA,8028,d8:b1:90:d9:de:f0,-42,9,-99,-34,43,104,573012815,113,0,106,0,"[-64,0,123,0,-23,0,-90,0,5,1,-84,0,-2,0,-103,0,-46,0,132,0,-103,0,112,0,80,0,106,0,-19,15,130,0,-123,15,-79,0,69,15,-15,0,47,15,38,1,69,15,46,1,119,15,3,1,0,0,0,0,-64,15,113,0,-82,15,0,0,-127,15,-100,15,90,15,95,15,56,15,75,15,54,15,95,15,93,15,-130,15,-118,15,-96,15,-43,15,-76,15,43,0,-93,15,123,0,130,15,-100,0,62,15,-127,0]"
CSI_DATA,8029,d8:b1:90:d9:de:f0,-42,11,-99,-37,44,104,573430140,277,0,106,0,"[-60,0,-109,15,13,1,-126,15,33,1,110,15,8,1,108,15,-49,0,130,15,-100,0,-92,15,117,0,-11,15,86,0,87,0,85,0,-51,0,106,0,42,1,-129,0,79,1,-108,0,55,1,-124,0,-17,0,0,0,0,0,26,0,96,0,-73,15,50,0,82,15,28,0,6,15,31,0,-22,14,46,0,5,15,54,0,64,15,39,0,127,15,8,0,-83,15,-39,15,-41,15,-111,15,-19,15,74,15,-39,15,1,15,-80,15]"
CSI_DATA,8030,d8:b1:90:d9:de:f0,-43,9,-99,-36,44,104,573430603,130,0,106,0,"[-96,0,121,15,-23,0,92,15,4,1,75,15,-22,0,84,15,-63,0,116,15,-113,0,-82,15,91,0,-6,15,34,0,100,0,-5,15,-44,0,-25,15,52,1,-30,15,98,1,-9,15,83,1,-3,15,16,1,0,0,0,0,-22,15,73,0,-63,15,-36,15,-118,15,123,15,94,15,57,15,76,15,41,15,93,15,61,15,-112,15,102,15,-55,15,-107,15,12,0,-66,15,93,0,-36,15,-76,0,-21,15,-6,0,-29,15,15,1]"
CSI_DATA,8031,d8:b1:90:d9:de:f0,-42,9,-99,-37,44,104,573430747,108,0,106,0,"[-97,0,110,15,-38,0,67,15,-28,0,32,15,-61,0,37,15,-106,0,63,15,113,0,120,15,98,0,-59,15,118,0,46,0,-93,0,-122,0,-25,0,-55,0,21,1,-33,0,39,1,-78,0,-9,0,122,0,0,0,0,0,82,0,59,0,-23,15,89,0,-114,15,-123,0,94,15,-63,0,95,15,-26,0,128,15,-36,0,-98,15,-87,0,-77,15,112,0,-73,15,41,0,-108,15,-31,15,98,15,-88,15,28,15,-101,15,-9,14]"
CSI_DATA,8032,d8:b1:90:d9:de:f0,-43,9,-99,-39,45,104,573430892,98,0,106,0,"[103,14,93,14,58,14,40,14,20,14,39,14,22,14,80,14,54,14,-120,14,107,14,-91,14,-60,14,-84,14,33,0,-110,14,121,0,77,14,-77,0,8,14,-80,0,-43,13,-120,0,-49,13,77,0,0,13,0,0,0,0,37,0,-75,14,79,0,17,0,-104,0,86,0,-42,0,117,0,-10,0,110,0,-26,0,85,0,-74,0,60,0,111,0,53,0,51,0,65,0,-7,14,107,0,-47,14,-75,0,-46,14,-7,0,-1,14]"
CSI_DATA,8033,d8:b1:90:d9:de:f0,-46,11,-99,-37,47,104,573503677,100,0,228,0,"[5,-5,5,-8,7,-11,8,-14,9,-16,10,-16,11,-16,90,53,11,-13,11,-12,10,-10,8,-8,6,-7,4,-5,1,-5,-1,-4,-5,-3,-8,-4,-12,-4,-15,-5,-17,-7,25,-42,-18,-8,-18,-9,-16,-10,-13,-10,-12,-9,-9,-8,0,0,-5,-2,-2,0,-1,2,0,5,0,9,0,12,8,0,0,16,-1,18,-2,18,-3,16,-2,15,-3,13,-2,11,-2,8,0,6,0,5,2,2,3,1,6,0,75,0,11,-2,13,-1,15,0,16,0,16,1,15,3,12,4,15,5,17,-6,10,-17,-4,-19,-14,-11,-16,1,-8,10,13,-5,6,3,3,-2,-1,-4,-6,0,-4,8,4,10,13,5,16,-5,8,-16,-5,-19,-17,-10,-19,4,-10,16,-16,8,11,8,10,-2,2,-7,-4,-2,-3,3,2,6,0,0,11,-6,4,-15,-8,-15,-17,-6,-17,7,-8,17,5,32,14,8,13,-2,5,-8,-1,-6,-3,-1,0,1,3,0,2,-5,-2,-7,-8,-4,-10,2,-7,10,2,13,20,8,15,0,10,-9,1,-12,-6,-8,-8,0,-4,4,0,3]"
CSI_DATA,8034,d8:b1:90:d9:de:f0,-42,9,-99,-37,44,104,573639520,98,0,106,0,"[47,0,-36,0,57,0,40,1,84,0,57,1,94,0,24,1,77,0,-32,0,43,0,-98,0,-18,15,96,0,-114,15,36,0,37,15,-6,15,-57,14,-21,15,-101,14,-1,15,-89,14,22,0,-19,14,26,0,0,0,0,0,-86,15,-7,15,2,0,-79,15,73,0,103,15,106,0,27,15,110,0,-8,14,94,0,14,15,66,0,69,15,56,0,-121,15,59,0,-42,15,92,0,40,0,-115,0,112,0,-43,0,-119,0,-2,0]"
CSI_DATA,8035,d8:b1:90:d9:de:f0,-43,9,-99,-35,44,104,573639616,290,0,106,0,"[55,14,99,0,-7,13,118,0,-22,13,-105,0,3,14,-102,0,52,14,123,0,103,14,79,0,-97,14,8,0,-66,14,-90,14,-51,14,48,14,-58,14,-46,13,-83,14,-80,13,-102,14,-56,13,-98,14,1,14,0,0,0,0,-13,14,-83,14,68,0,-24,14,-83,0,19,0,-10,0,33,0,17,0,23,0,3,0,10,0,-49,0,5,0,-121,0,13,0,59,0,42,0,-2,14,95,0,-49,14,-81,0,-55,14,-13,0,-20,14]"
CSI_DATA,8036,d8:b1:90:d9:de:f0,-42,9,-99,-37,44,104,573639803,310,0,106,0,"[69,0,-40,0,88,0,31,1,118,0,47,1,126,0,18,1,103,0,-45,0,73,0,-106,0,-4,15,99,0,-103,15,55,0,41,15,36,0,-55,14,44,0,-94,14,71,0,-72,14,99,0,-1,14,98,0,0,0,0,0,-87,15,15,0,-20,15,-75,15,25,0,86,15,34,0,4,15,18,0,-26,14,-1,15,-5,14,-7,15,59,15,6,0,127,15,40,0,-60,15,99,0,2,0,-81,0,42,0,-2,0,38,0,23,1]"
CSI_DATA,8037,d8:b1:90:d9:de:f0,-41,9,-99,-37,43,104,573670041,252,0,106,0,"[72,17,137,0,-6,16,-130,0,-21,16,-108,0,16,17,-115,0,63,17,146,0,129,17,79,0,-112,17,-4,17,-61,17,-127,17,-27,17,43,17,-16,17,-60,16,-24,17,-110,16,-46,17,-78,16,-48,17,10,17,0,0,0,0,17,0,-84,17,97,0,39,0,-103,0,124,0,-31,0,-123,0,-5,0,-120,0,-34,0,-144,0,-109,0,116,0,105,0,88,0,10,0,77,0,-83,17,92,0,115,17,124,0,63,17,-121,0,71,17]"
CSI_DATA,8038,d8:b1:90:d9:de:f0,-42,11,-99,-37,44,104,574265735,277,0,106,0,"[97,0,-54,0,96,0,30,1,103,0,64,1,98,0,42,1,72,0,-7,0,40,0,-72,0,-20,15,117,0,-102,15,36,0,63,15,-46,15,-24,14,-101,15,-77,14,-123,15,-74,14,-116,15,-4,14,-89,15,0,0,0,0,-71,15,-47,15,50,0,-60,15,-94,0,-87,15,-16,0,-118,15,14,1,125,15,-15,0,-127,15,-78,0,-97,15,118,0,-43,15,56,0,16,0,4,0,93,0,-31,15,-84,0,-31,15,-8,0,-4,15]"
CSI_DATA,8039,d8:b1:90:d9:de:f0,-43,9,-99,-36,44,104,574266180,130,0,106,0,"[92,15,-127,15,34,15,61,15,-2,14,53,15,8,15,78,15,50,15,119,15,111,15,-101,15,-58,15,-75,15,54,0,-66,15,-76,0,-77,15,12,1,-109,15,55,1,113,15,37,1,92,15,-31,0,108,15,0,0,0,0,59,0,-32,15,-11,15,66,0,-50,15,-82,0,-61,15,3,1,-44,15,40,1,-21,15,9,1,-6,15,-59,0,-10,15,120,0,-24,15,35,0,-67,15,-46,15,125,15,-115,15,52,15,114,15,13,15]"
CSI_DATA,8040,d8:b1:90:d9:de:f0,-43,9,-99,-36,44,104,574266351,101,0,106,0,"[-63,15,-60,0,-115,15,13,1,121,15,45,1,-126,15,19,1,-109,15,-33,0,-89,15,-108,0,-62,15,51,0,-32,15,-64,15,-5,15,67,15,11,0,-36,14,15,0,-94,14,6,0,-83,14,2,0,-12,14,0,0,0,0,-1,15,-56,15,12,0,65,0,33,0,-72,0,61,0,11,1,72,0,37,1,67,0,3,1,49,0,-65,0,22,0,108,0,-11,15,24,0,-51,15,-59,15,-107,15,113,15,92,15,64,15,61,15]"
CSI_DATA,8041,d8:b1:90:d9:de:f0,-41,11,-99,-34,42,104,574503955,100,0,114,0,"[-23,24,-28,24,-30,23,-32,23,-34,22,-34,20,-33,19,-32,17,-29,17,-30,16,-28,15,-29,16,-28,15,-29,16,-29,17,-30,17,-30,19,-32,20,-33,20,-34,20,-33,21,-32,22,-33,21,-32,21,-32,20,-30,20,-29,19,-29,19,0,0,-28,19,-28,19,-28,17,-29,20,-28,21,-29,21,-29,21,-27,21,-27,20,-27,20,-24,19,-23,20,-22,17,-20,17,-20,17,-19,17,-19,17,-19,17,-19,19,-19,17,-20,20,-20,20,-21,21,-22,20,-22,19,-22,17,-22,16,-21,13]"
CSI_DATA,8042,d8:b1:90:d9:de:f0,-43,9,-99,-36,44,104,574684004,98,0,106,0,"[-39,15,-60,0,-88,15,14,1,-104,15,42,1,-93,15,19,1,-85,15,-32,0,-75,15,-112,0,-61,15,47,0,-55,15,-76,15,-55,15,57,15,-58,15,-50,14,-72,15,-100,14,-76,15,-87,14,-65,15,-19,14,0,0,0,0,-23,15,-65,15,31,0,45,0,90,0,-106,0,-112,0,-36,0,-94,0,-14,0,-109,0,-43,0,105,0,-97,0,49,0,95,0,-19,15,34,0,-95,15,-19,15,69,15,-63,15,-1,14,-77,15,-28,14]"
CSI_DATA,8043,d8:b1:90:d9:de:f0,-42,9,-99,-37,44,104,574684118,98,0,106,0,"[90,15,130,0,17,15,-101,0,-2,14,-74,0,28,15,-73,0,76,15,-97,0,125,15,111,0,-97,15,28,0,-80,15,-78,15,-80,15,60,15,-103,15,-36,14,114,15,-73,14,88,15,-51,14,103,15,18,15,0,0,0,0,-50,15,-63,15,57,0,-10,15,-93,0,14,0,-3,0,7,0,29,1,-15,15,2,1,-29,15,-62,0,-36,15,121,0,-9,15,49,0,34,0,-1,15,106,0,-29,15,-63,0,-17,15,6,1,40,0]"
CSI_DATA,8044,d8:b1:90:d9:de:f0,-42,9,-99,-36,43,104,574715809,108,0,106,0,"[134,0,-100,0,-106,0,-34,0,-65,0,-29,0,-59,0,-72,0,-93,0,-124,0,131,0,115,0,38,0,93,0,-81,16,105,0,83,16,-135,0,7,16,-67,0,3,16,-3,0,52,16,19,1,130,16,-24,0,0,0,0,0,-38,16,68,0,-44,16,-57,16,-85,16,114,16,134,16,44,16,89,16,39,16,86,16,74,16,124,16,131,16,-93,16,-108,16,-7,16,-85,16,81,0,-103,16,-123,0,130,16,-89,0,58,16,-129,0]"
CSI_DATA,8045,d8:b1:90:d9:de:f0,-43,11,-99,-35,44,104,575101330,277,0,106,0,"[-24,14,-32,0,-30,14,42,0,-9,14,65,0,10,0,39,0,17,0,-16,0,2,0,-81,0,-38,14,100,0,-108,14,31,0,48,14,-22,14,-31,13,-45,14,-69,13,-35,14,-57,13,-4,14,7,14,14,0,0,0,0,0,-57,14,-8,14,29,0,-68,14,102,0,101,14,-110,0,30,14,-116,0,-8,13,103,0,5,14,79,0,57,14,65,0,-122,14,68,0,-53,14,101,0,18,0,-95,0,75,0,-33,0,99,0,-1,0]"
CSI_DATA,8046,d8:b1:90:d9:de:f0,-43,9,-99,-38,45,104,575101811,130,0,106,0,"[-75,0,119,14,-7,0,75,14,2,0,53,14,-26,0,67,14,-67,0,101,14,-110,0,-85,14,84,0,-7,14,40,0,86,0,7,0,-50,0,-12,14,35,0,-8,14,72,0,3,0,59,0,9,0,-7,0,0,0,0,0,-3,14,43,0,-42,14,-58,14,-91,14,84,14,102,14,25,14,80,14,4,14,93,14,32,14,-109,14,82,14,-59,14,-113,14,5,0,-67,14,83,0,-33,14,-78,0,-14,14,-9,0,-19,14,5,0]"
CSI_DATA,8047,d8:b1:90:d9:de:f0,-43,9,-99,-38,45,104,575101946,113,0,106,0,"[33,14,-39,14,-39,13,-39,14,-64,13,-6,14,-35,13,23,0,12,14,33,0,76,14,20,0,-101,14,-24,14,-47,14,-102,14,-15,14,36,14,-15,14,-39,13,-45,14,-72,13,-76,14,-46,13,-82,14,11,14,0,0,0,0,-11,14,-60,14,77,0,0,0,-62,0,25,0,12,0,16,0,38,0,-11,14,18,0,-33,14,-38,0,-39,14,-103,0,-19,14,79,0,23,0,43,0,84,0,33,0,-73,0,63,0,-19,0,111,0]"
CSI_DATA,8048,d8:b1:90:d9:de:f0,-43,9,-99,-36,44,104,575310728,98,0,106,0,"[2,0,-58,0,-10,15,18,1,5,0,47,1,19,0,25,1,21,0,-25,0,8,0,-88,0,-38,15,102,0,-109,15,26,0,51,15,-30,15,-34,14,-55,15,-84,14,-58,15,-79,14,-20,15,-20,14,7,0,0,0,0,0,-70,15,6,0,39,0,-52,15,-121,0,125,15,-72,0,42,15,-69,0,-16,14,-110,0,-10,14,106,0,45,15,76,0,113,15,69,0,-64,15,94,0,23,0,-112,0,100,0,-35,0,-126,0,6,1]"
CSI_DATA,8049,d8:b1:90:d9:de:f0,-42,9,-99,-39,44,104,575352847,113,0,106,0,"[75,0,51,16,92,0,-19,15,67,0,-47,15,31,0,-21,15,3,0,29,16,15,0,104,16,52,0,-102,16,135,0,-40,16,-33,0,-4,16,55,1,-8,16,104,1,-54,16,87,1,-101,16,3,1,-116,16,0,0,0,0,92,0,-49,16,40,0,61,0,30,0,-113,0,53,0,-26,0,89,0,-1,0,109,0,-30,0,98,0,-90,0,58,0,130,0,0,0,92,0,-73,16,95,0,128,16,131,0,97,16,-88,0,130,16]"
CSI_DATA,8050,d8:b1:90:d9:de:f0,-45,11,-99,-38,47,104,575503999,100,0,228,0,"[-2,8,-1,11,0,13,0,16,0,17,-1,18,-1,19,92,55,-3,17,-3,15,-3,14,-3,12,-2,10,-1,9,0,8,3,6,6,5,9,5,12,5,15,6,17,6,26,-44,19,9,18,10,17,11,15,12,13,11,10,10,0,0,5,6,4,2,3,0,2,-3,2,-6,4,-10,61,0,6,-14,8,-15,10,-14,10,-14,10,-12,9,-11,8,-9,6,-8,5,-6,2,-5,1,-5,0,-5,-3,-6,-32,11,-7,-8,-8,-11,-8,-13,-7,-14,-5,-15,-3,-14,-1,-13,-15,4,-10,15,2,20,14,13,19,0,13,-11,2,-14,-11,9,-8,0,-3,5,3,5,6,-1,3,-8,-5,-9,-13,-2,-13,8,-4,17,9,17,19,5,19,-8,7,-18,12,-8,-14,-5,-11,5,-2,10,5,5,7,-2,0,-8,0,0,-13,2,-9,13,2,17,15,12,20,0,15,-14,8,-32,-10,-15,-14,-3,-11,5,-3,8,2,5,2,0,0,0,-3,1,-2,5,3,8,9,4,11,-3,8,-11,-6,-22,-10,-10,-14,0,-11,8,-2,11,5,8,8,1,4,-3]"
CSI_DATA,8051,d8:b1:90:d9:de:f0,-43,11,-99,-35,44,104,575519127,277,0,106,0,"[117,0,-69,0,-74,0,-27,0,-44,0,-34,0,-50,0,-74,0,-85,0,-110,0,105,0,108,0,33,0,105,0,-56,14,-116,0,111,14,-72,0,64,14,-18,0,61,14,23,0,98,14,18,0,-105,14,-34,0,0,0,0,0,-43,14,41,0,-70,14,-65,14,120,14,98,14,57,14,55,14,20,14,55,14,29,14,93,14,71,14,-110,14,-108,14,-79,14,-37,14,-76,14,32,0,-102,14,92,0,86,14,102,0,27,14,67,0]"
CSI_DATA,8052,d8:b1:90:d9:de:f0,-42,9,-99,-38,44,104,575519617,98,0,106,0,"[52,15,67,0,-9,14,106,0,-7,14,-122,0,31,15,-106,0,90,15,-132,0,132,15,90,0,-114,15,12,0,-120,15,-80,15,101,15,97,15,43,15,45,15,-1,14,42,15,-9,14,92,15,43,15,-118,15,0,0,0,0,-43,15,-45,15,62,0,-83,15,-123,0,115,15,-86,0,42,15,-99,0,1,15,126,0,11,15,81,0,65,15,57,0,-133,15,64,0,-59,15,114,0,10,0,-80,0,50,0,-9,0,38,0,11,1]"
CSI_DATA,8053,d8:b1:90:d9:de:f0,-42,9,-99,-37,44,104,575728471,130,0,106,0,"[79,15,-74,15,12,15,-119,15,-15,14,-129,15,3,15,-113,15,54,15,-94,15,129,15,-78,15,-40,15,-76,15,74,0,-77,15,-68,0,-96,15,27,1,-125,15,71,1,111,15,53,1,100,15,-17,0,124,15,0,0,0,0,60,0,-23,15,-20,15,67,0,-83,15,-91,0,-113,15,-12,0,-116,15,22,1,-93,15,-6,0,-66,15,-75,0,-47,15,102,0,-44,15,10,0,-65,15,-86,15,-104,15,87,15,107,15,31,15,63,15]"
CSI_DATA,8054,d8:b1:90:d9:de:f0,-43,11,-99,-39,45,104,576145823,277,0,106,0,"[-12,14,-44,0,-28,14,29,0,-22,14,50,0,-12,14,20,0,-18,14,-31,0,-36,14,-101,0,-66,14,66,0,-120,14,-25,14,62,14,-109,14,11,14,79,14,-13,13,68,14,-2,13,90,14,60,14,-115,14,0,0,0,0,-11,14,-24,14,97,0,-2,14,-44,0,11,0,27,0,7,0,53,0,-6,14,15,0,-2,14,-55,0,4,0,122,0,24,0,48,0,57,0,-18,14,107,0,-73,14,-79,0,-98,14,-24,0,-73,14]"
CSI_DATA,8055,d8:b1:90:d9:de:f0,-42,9,-99,-37,44,104,576146295,108,0,106,0,"[-20,15,49,15,-23,15,-32,14,-34,15,-60,14,-47,15,-22,14,-40,15,33,15,-1,15,100,15,49,0,-91,15,129,0,-17,15,-38,0,45,0,37,1,69,0,69,1,78,0,54,1,52,0,-26,0,26,0,0,0,0,0,34,0,15,0,-89,15,50,0,78,15,103,0,15,15,-112,0,0,15,-85,0,37,15,-99,0,90,15,115,0,-123,15,55,0,-80,15,-11,15,-63,15,-98,15,-61,15,76,15,-84,15,15,15,-120,15]"
CSI_DATA,8056,d8:b1:90:d9:de:f0,-43,9,-99,-36,44,104,576146413,130,0,106,0,"[94,15,-126,0,41,15,-65,0,42,15,-29,0,80,15,-42,0,118,15,-81,0,-96,15,109,0,-75,15,18,0,-76,15,-94,15,-96,15,52,15,-125,15,-20,14,100,15,-40,14,83,15,-2,14,110,15,70,15,0,0,0,0,-9,15,-11,15,97,0,48,0,-61,0,85,0,23,1,85,0,48,1,63,0,15,1,39,0,-55,0,20,0,114,0,26,0,32,0,47,0,-44,15,96,0,-101,15,-91,0,-116,15,-27,0,-79,15]"
CSI_DATA,8057,d8:b1:90:d9:de:f0,-42,9,-99,-35,43,104,576179535,101,0,106,0,"[138,0,100,16,-70,0,35,16,-63,0,-5,15,-91,0,2,16,-125,0,45,16,117,0,112,16,101,0,-70,16,109,0,47,0,136,0,-104,0,-99,0,-4,0,-59,0,26,1,-50,0,5,1,-87,0,-66,0,0,0,0,0,41,0,61,0,-80,16,10,0,69,16,-8,16,-23,15,-1,16,-61,15,21,0,-34,15,39,0,35,16,43,0,117,16,22,0,-77,16,-14,16,-6,16,-79,16,51,0,109,16,59,0,27,16,19,0]"
CSI_DATA,8058,d8:b1:90:d9:de:f0,-43,9,-99,-36,44,104,576355185,98,0,106,0,"[-101,15,-60,0,-124,15,6,1,-104,15,26,1,-83,15,4,1,-65,15,-46,0,-68,15,-105,0,-99,15,81,0,96,15,10,0,19,15,-42,15,-49,14,-67,15,-73,14,-56,15,-44,14,-26,15,29,15,-8,15,0,0,0,0,-44,15,-31,15,39,0,-96,15,110,0,83,15,-117,0,16,15,-120,0,-16,14,110,0,4,15,87,0,55,15,82,0,119,15,92,0,-70,15,-127,0,-11,15,-72,0,34,0,-10,0,37,0,7,1]"
CSI_DATA,8059,d8:b1:90:d9:de:f0,-43,9,-99,-35,44,104,576355290,224,0,106,0,"[-73,0,-122,14,-33,0,66,14,-46,0,34,14,-84,0,39,14,118,0,83,14,97,0,-109,14,99,0,-31,14,-120,0,61,0,-60,0,-113,0,3,0,-76,0,30,0,-85,0,22,0,114,0,-37,0,65,0,0,0,0,0,19,0,24,0,-81,14,60,0,76,14,113,0,39,14,-72,0,42,14,-33,0,83,14,-36,0,-124,14,-82,0,-93,14,103,0,-87,14,39,0,-108,14,-35,14,94,14,-93,14,28,14,-107,14,3,14]"
CSI_DATA,8060,d8:b1:90:d9:de:f0,-40,11,-99,-34,42,104,576503961,100,0,114,0,"[-17,-26,-17,-29,-19,-32,-17,-34,-16,-35,-15,-35,-14,-33,-14,-32,-14,-30,-13,-29,-14,-29,-13,-28,-14,-28,-14,-28,-15,-28,-16,-29,-19,-33,-20,-34,-21,-34,-22,-33,-22,-33,-23,-33,-23,-32,-23,-32,-23,-30,-22,-30,-22,-29,-22,-27,0,0,-22,-27,-22,-27,-23,-27,-24,-27,-24,-28,-26,-28,-26,-27,-26,-26,-26,-24,-26,-22,-24,-21,-24,-21,-23,-19,-23,-17,-22,-16,-22,-15,-21,-14,-22,-13,-22,-13,-23,-13,-24,-13,-26,-14,-26,-15,-26,-15,-26,-15,-24,-15,-22,-16,-20,-16]"
CSI_DATA,8061,d8:b1:90:d9:de:f0,-43,11,-99,-38,45,104,576563621,277,0,106,0,"[-41,14,59,14,-35,14,-15,13,-43,14,-39,13,-42,14,-20,13,-30,14,19,14,-6,14,77,14,43,0,-101,14,115,0,-38,14,-36,0,17,0,45,0,53,0,87,0,58,0,84,0,40,0,22,0,17,0,0,0,0,0,75,0,5,0,-33,14,44,0,111,14,95,0,48,14,-86,0,27,14,-48,0,53,14,-53,0,98,14,-94,0,-101,14,92,0,-75,14,23,0,-65,14,-55,14,-78,14,102,14,-119,14,50,14,84,14]"
CSI_DATA,8062,d8:b1:90:d9:de:f0,-43,9,-99,-36,44,104,576564102,130,0,106,0,"[-86,15,80,15,-106,15,5,15,-125,15,-20,14,125,15,5,15,-114,15,50,15,-64,15,95,15,1,0,-118,15,95,0,-84,15,-53,0,-68,15,34,1,-82,15,79,1,-103,15,64,1,-127,15,-5,0,-120,15,0,0,0,0,70,0,-35,15,0,0,61,0,-44,15,-92,0,-58,15,-1,0,-43,15,42,1,-21,15,20,1,-8,15,-43,0,-7,15,-113,0,-36,15,71,0,-91,15,8,0,93,15,-38,15,23,15,-50,15,-3,14]"
CSI_DATA,8063,d8:b1:90:d9:de:f0,-43,9,-99,-38,45,104,576564264,98,0,106,0,"[43,0,-57,0,48,0,10,0,68,0,31,0,78,0,15,0,67,0,-31,0,40,0,-82,0,-19,14,110,0,-101,14,67,0,38,14,39,0,-50,13,39,0,-84,13,59,0,-64,13,82,0,-1,13,86,0,0,0,0,0,-66,14,28,0,6,0,-51,14,60,0,90,14,74,0,11,14,63,0,-28,13,36,0,-16,13,18,0,33,14,16,0,105,14,38,0,-67,14,87,0,-7,14,-84,0,34,0,-21,0,40,0,7,0]"
CSI_DATA,8064,d8:b1:90:d9:de:f0,-40,11,-99,-36,41,104,576981418,277,0,106,0,"[-5,21,-73,19,-83,21,-87,19,-114,21,-28,19,-91,21,40,21,-52,21,86,21,-14,21,105,21,35,0,88,21,57,0,64,21,67,0,57,21,59,0,86,21,59,0,156,21,79,0,-100,21,121,0,14,0,0,0,0,0,-76,0,124,0,33,1,129,0,98,1,110,0,118,1,74,0,77,1,46,0,-9,0,45,0,-88,0,64,0,-142,0,94,0,-162,0,132,0,-153,0,162,0,-137,0,168,0,-148,0,131,0,159,0]"
CSI_DATA,8065,d8:b1:90:d9:de:f0,-40,9,-99,-37,42,104,576981908,98,0,106,0,"[63,1,-99,19,42,1,147,19,-27,0,124,19,-88,0,154,19,-120,0,-124,19,-117,0,-85,19,-91,0,-55,19,-55,0,-46,19,-36,0,-62,19,-68,0,-72,19,-145,0,-47,19,95,0,9,0,29,0,95,0,0,0,0,0,45,0,-38,0,104,0,46,1,-152,0,88,1,-108,0,59,1,-103,0,-3,0,-146,0,-69,0,121,0,-117,0,69,0,-128,0,31,0,-111,0,25,0,-85,0,45,0,-73,0,77,0,-104,0,69,0]"
CSI_DATA,8066,d8:b1:90:d9:de:f0,-41,9,-99,-35,42,104,576982004,130,0,106,0,"[-128,0,24,1,-56,0,-18,0,-51,0,-88,0,-92,0,-135,0,-143,0,-154,0,130,0,-144,0,113,0,-112,0,123,0,-74,0,134,0,-63,0,132,0,-95,0,97,0,152,0,22,0,90,0,-77,18,59,0,0,0,0,0,64,18,124,0,9,18,-107,0,1,18,-31,0,36,18,13,1,95,18,-6,0,136,18,-59,0,-151,18,-121,0,150,18,130,0,134,18,102,0,110,18,108,0,102,18,129,0,138,18,140,0,-112,18]"
CSI_DATA,8067,d8:b1:90:d9:de:f0,-39,11,-99,-37,41,104,577399216,277,0,106,0,"[45,1,107,0,97,1,29,0,59,1,-36,21,-8,0,-53,21,-61,0,-46,21,-97,0,0,0,-98,0,37,0,-72,0,82,0,-46,0,104,0,-43,0,97,0,-84,0,78,0,-170,0,68,0,85,0,90,0,0,0,0,0,-31,21,-139,0,-50,21,-23,0,-11,21,71,1,45,0,101,1,78,0,66,1,84,0,-15,0,49,0,-91,0,4,0,-142,0,-39,21,-151,0,-72,21,-125,0,-77,21,-90,0,-46,21,-81,0,0,0]"
CSI_DATA,8068,d8:b1:90:d9:de:f0,-40,9,-99,-34,41,104,577399669,130,0,106,0,"[-1,18,121,20,-61,18,157,20,-40,18,-138,20,24,20,-110,20,97,20,-118,20,150,20,-150,20,-146,20,145,20,-121,20,81,20,-101,20,34,20,-92,20,32,20,-78,20,76,20,-37,20,156,20,38,0,-105,20,0,0,0,0,-109,0,6,0,1,1,9,0,73,1,-9,20,100,1,-44,20,68,1,-57,20,-9,0,-36,20,-90,0,-1,20,-150,0,60,0,161,0,116,0,162,0,165,0,-158,0,-133,0,-140,0,-144,0,-158,0]"
CSI_DATA,8069,d8:b1:90:d9:de:f0,-39,9,-99,-36,41,104,577399840,113,0,106,0,"[-55,19,74,0,-80,19,139,0,-40,19,161,0,19,21,134,0,64,21,87,0,96,21,25,0,90,21,-39,21,64,21,-91,21,53,21,-134,21,62,21,-151,21,108,21,-142,21,-170,21,-129,21,-45,21,-115,21,0,0,0,0,141,0,176,21,-127,0,96,21,-94,0,24,21,-87,0,-16,19,-111,0,-4,19,-149,0,64,21,-177,0,151,21,-176,0,-132,21,-156,0,-77,21,-110,0,-39,21,-74,0,-38,21,-73,0,-43,21,-127,0]"
CSI_DATA,8070,d8:b1:90:d9:de:f0,-43,11,-99,-32,44,104,577504453,100,0,228,0,"[-12,-12,-14,-16,-15,-19,-14,-21,-14,-23,-12,-23,-12,-23,110,65,-9,-19,-8,-17,-8,-16,-9,-13,-10,-12,-11,-10,-13,-8,-14,-8,-16,-7,-17,-6,-19,-5,-20,-5,-20,-4,31,-52,-17,-3,-15,-2,-13,-1,-10,0,-7,0,-4,4,0,0,0,9,0,13,1,16,1,19,1,22,0,24,5,0,0,27,0,26,-1,25,0,24,0,20,0,18,0,16,2,14,3,12,6,10,7,9,8,8,10,9,112,0,13,10,13,11,13,11,11,11,9,11,7,9,5,7,12,-6,4,-12,-5,-10,-10,-2,-8,6,1,8,8,2,-2,-27,0,-11,-10,-7,-14,4,-8,15,6,18,19,8,22,-7,11,-21,-7,-24,-23,-12,-24,8,-11,22,8,23,1,4,17,-9,3,-18,-12,-13,-17,1,-10,15,5,17,0,0,17,-7,8,-17,-6,-17,-16,-8,-16,5,-6,13,5,37,8,2,4,-4,-3,-3,-6,3,0,9,8,8,14,0,11,-11,0,-17,-12,-13,-19,-1,-16,13,-3,20,24,27,20,4,16,-10,2,-17,-9,-11,-14,0,-8,9,1,11]"
CSI_DATA,8071,d8:b1:90:d9:de:f0,-41,11,-99,-35,42,104,577608114,277,0,106,0,"[84,0,48,1,-144,0,63,1,-105,0,7,1,-121,0,-58,0,-152,0,-107,0,108,0,-121,0,66,0,-110,0,20,0,-73,0,11,0,-47,0,7,0,-45,0,19,0,-89,0,3,0,138,0,-40,18,48,0,0,0,0,0,100,18,-64,18,-3,17,-57,18,-81,17,-33,18,-106,17,25,0,-69,17,59,0,12,18,61,0,90,18,23,0,133,18,-15,18,154,18,-69,18,130,18,-102,18,107,18,-122,18,96,18,-88,18,135,18]"
CSI_DATA,8072,d8:b1:90:d9:de:f0,-40,9,-99,-36,42,104,577608568,98,0,106,0,"[-49,18,-47,17,-99,18,-78,17,-122,18,-46,17,-104,18,12,18,-60,18,74,18,2,0,100,18,71,0,118,18,142,0,118,18,-127,0,107,18,-113,0,115,18,-143,0,-159,18,129,0,-89,18,76,0,8,0,0,0,0,0,33,0,-109,0,52,0,2,1,86,0,73,1,112,0,88,1,101,0,49,1,65,0,-18,0,12,0,-95,0,-45,18,-139,0,-109,18,147,0,157,18,144,0,124,18,151,0,128,18,-159,0,-140,18]"
CSI_DATA,8073,d8:b1:90:d9:de:f0,-41,9,-99,-34,42,104,577608682,108,0,106,0,"[106,17,-5,16,42,17,-9,16,34,17,29,17,74,17,77,17,140,17,105,17,-106,17,114,17,-46,17,96,17,11,0,67,17,52,0,41,17,60,0,45,17,64,0,91,17,49,0,-128,17,54,0,-21,17,0,0,0,0,130,0,-133,0,-105,0,-54,0,-39,0,-11,0,-8,0,-14,0,-26,0,-46,0,-85,0,-90,0,133,0,-124,0,60,0,-139,0,0,0,-125,0,-45,17,-102,0,-66,17,-78,0,-52,17,-74,0,-27,17]"
CSI_DATA,8074,d8:b1:90:d9:de:f0,-39,9,-99,-36,41,104,577663784,130,0,106,0,"[-56,19,118,0,-64,19,-166,0,-7,19,-144,0,59,21,-169,0,110,21,132,0,121,21,72,0,115,21,11,0,81,21,-45,21,50,21,-86,21,52,21,-86,21,117,21,-70,21,-139,21,-69,21,-21,21,-86,21,0,0,0,0,151,0,148,21,-153,0,46,21,-144,0,-50,19,-173,0,-77,19,151,0,-36,19,128,0,43,21,132,0,139,21,161,0,-148,21,-163,0,-98,21,-121,0,-80,21,-88,0,-81,21,-98,0,-101,21,-163,0]"
CSI_DATA,8075,d8:b1:90:d9:de:f0,-40,9,-99,-37,42,104,577817476,113,0,106,0,"[-60,18,-85,19,-102,18,-36,19,-76,18,-1,19,-15,18,7,0,40,19,-3,19,80,19,-38,19,95,19,-85,19,102,19,-138,19,102,19,154,19,119,19,139,19,164,19,145,19,-103,19,-164,19,-16,19,-147,19,0,0,0,0,137,0,132,19,-124,0,80,19,-89,0,15,19,-93,0,-19,18,-117,0,-11,18,-158,0,40,19,147,0,115,19,149,0,-147,19,160,0,-95,19,-137,0,-62,19,-102,0,-53,19,-94,0,-55,19,-128,0]"
CSI_DATA,8076,d8:b1:90:d9:de:f0,-40,11,-99,-34,41,104,578025912,277,0,106,0,"[72,20,21,20,16,20,34,20,17,20,81,20,73,20,125,20,153,20,152,20,-110,20,153,20,-32,20,122,20,38,0,76,20,81,0,26,20,94,0,21,20,90,0,70,20,69,0,161,20,69,0,-64,20,0,0,0,0,145,0,160,0,-120,0,-98,0,-40,0,-50,0,-6,0,-49,0,-37,0,-86,0,-109,0,-128,0,140,0,-161,0,52,0,-165,0,-22,20,-150,0,-74,20,-110,0,-92,20,-62,0,-61,20,-52,0,-17,20]"
CSI_DATA,8077,d8:b1:90:d9:de:f0,-39,9,-99,-35,41,104,578026393,98,0,106,0,"[-64,19,68,0,-90,19,124,0,-52,19,148,0,9,20,129,0,76,20,75,0,109,20,13,0,122,20,-61,20,108,20,-138,20,86,20,146,20,78,20,133,20,118,20,153,20,-155,20,-157,20,-38,20,-119,20,0,0,0,0,172,0,-123,20,-78,0,164,20,-12,0,94,20,-15,0,59,20,-50,0,76,20,-101,0,138,20,-142,0,-126,20,-159,0,-42,20,-146,0,24,0,-105,0,72,0,-68,0,94,0,-52,0,63,0,-109,0]"
CSI_DATA,8078,d8:b1:90:d9:de:f0,-40,9,-99,-36,42,104,578073373,130,0,106,0,"[-71,17,95,0,-84,17,-153,0,-25,17,-123,0,36,18,-153,0,88,18,118,0,113,18,62,0,115,18,-3,18,89,18,-60,18,61,18,-99,18,60,18,-114,18,104,18,-99,18,-137,18,-88,18,-40,18,-89,18,0,0,0,0,134,0,138,18,-137,0,46,18,-117,0,-26,17,-142,0,-56,17,142,0,-31,17,115,0,42,18,101,0,133,18,120,0,-122,18,-161,0,-65,18,-114,0,-46,18,-75,0,-52,18,-79,0,-79,18,-139,0]"
CSI_DATA,8079,d8:b1:90:d9:de:f0,-40,9,-99,-35,41,104,578103142,98,0,106,0,"[-148,0,-28,19,148,0,-90,19,78,0,-76,19,38,0,-4,19,39,0,56,20,68,0,115,20,116,0,145,20,168,0,144,20,-139,0,133,20,-141,0,124,20,-168,0,157,20,126,0,-124,20,82,0,-12,20,0,0,0,0,133,0,-170,0,-130,0,-86,0,-32,0,-57,0,21,1,-83,0,13,1,-138,0,-57,0,159,0,-144,0,122,0,130,0,130,0,82,0,157,0,65,0,-145,0,80,0,-109,0,111,0,-122,0,115,0]"
CSI_DATA,8080,d8:b1:90:d9:de:f0,-40,9,-99,-37,42,104,578235255,101,0,106,0,"[27,19,-79,0,49,19,-7,0,111,19,-5,0,155,19,-45,0,-149,19,-110,0,-155,19,-159,0,142,19,128,0,101,19,101,0,63,19,84,0,47,19,75,0,77,19,62,0,130,19,20,0,-141,19,-42,19,0,0,0,0,-115,19,136,19,-149,19,49,19,121,19,-6,18,86,19,-1,18,82,19,38,19,121,19,101,19,-142,19,150,19,-72,19,-164,19,-18,19,152,19,16,0,117,19,19,0,77,19,-5,19,60,19,-31,19]"
CSI_DATA,8081,d8:b1:90:d9:de:f0,-40,9,-99,-35,41,104,578444172,98,0,106,0,"[48,1,-127,20,67,1,150,20,15,1,123,20,-52,0,148,20,-94,0,-149,20,-122,0,-79,20,-112,0,-12,20,-76,0,49,0,-45,0,89,0,-39,0,93,0,-85,0,75,0,172,0,54,0,45,0,63,0,0,0,0,0,-157,20,-172,0,130,20,-72,0,111,20,24,1,135,20,69,1,-167,20,43,1,-133,20,-38,0,-123,20,-137,0,-138,20,130,0,-172,20,74,0,126,20,45,0,85,20,54,0,91,20,79,0,157,20]"
CSI_DATA,8082,d8:b1:90:d9:de:f0,-37,11,-99,-35,39,104,578503715,100,0,114,0,"[-36,-27,-38,-32,-38,-36,-36,-38,-34,-44,-32,-43,-31,-43,-27,-41,-27,-39,-25,-39,-24,-38,-25,-38,-24,-39,-24,-38,-25,-41,-25,-41,-25,-41,-27,-46,-27,-46,-29,-46,-29,-46,-29,-48,-29,-48,-29,-46,-27,-48,-25,-48,-25,-46,-27,-44,0,0,-24,-43,-24,-46,-24,-44,-25,-46,-24,-48,-25,-46,-25,-48,-25,-48,-24,-44,-25,-44,-24,-43,-22,-41,-22,-38,-20,-36,-20,-36,-19,-34,-20,-32,-19,-32,-20,-34,-22,-34,-22,-36,-20,-38,-22,-39,-20,-41,-17,-39,-15,-38,-12,-39,-8,-34]"
CSI_DATA,8083,d8:b1:90:d9:de:f0,-41,11,-99,-33,42,104,578861506,277,0,106,0,"[136,17,17,1,-120,17,70,1,-69,17,65,1,-34,17,27,1,-27,17,-17,0,-20,17,-41,0,-41,17,-55,0,-69,17,-51,0,-92,17,-46,0,-90,17,-58,0,-87,17,-94,0,-92,17,143,0,-112,17,71,0,0,0,0,0,81,17,-8,17,-5,16,4,0,-56,16,42,0,-66,16,84,0,-27,16,115,0,35,17,102,0,98,17,68,0,122,17,20,0,122,17,-13,17,95,17,-34,17,69,17,-31,17,70,17,3,0,120,17]"
CSI_DATA,8084,d8:b1:90:d9:de:f0,-42,9,-99,-34,43,104,578861951,252,0,106,0,"[-34,14,-99,15,-72,14,-73,15,-56,14,-51,15,-10,14,-40,15,19,15,-45,15,58,15,-73,15,78,15,-102,15,90,15,124,15,101,15,97,15,127,15,91,15,-113,15,104,15,-57,15,133,15,19,0,-113,15,0,0,0,0,-106,0,-117,15,-38,0,120,15,-11,0,74,15,-5,0,39,15,-38,0,52,15,-84,0,101,15,-116,0,-98,15,-128,0,-38,15,-120,0,11,0,-90,0,38,0,-57,0,44,0,-59,0,28,0,-104,0]"
CSI_DATA,8085,d8:b1:90:d9:de:f0,-41,9,-99,-36,43,104,578862126,98,0,106,0,"[-98,0,-5,0,-47,0,-4,0,-37,0,-34,0,-67,0,-61,0,-107,0,-83,0,-138,0,-87,0,104,0,-75,0,80,0,-52,0,46,0,-29,0,25,0,-34,0,-2,16,-72,0,-39,16,-129,0,-88,16,97,0,0,0,0,0,80,16,25,0,0,16,24,0,-62,15,48,0,-72,15,66,0,-34,15,67,0,21,16,46,0,85,16,16,0,121,16,-37,16,135,16,-80,16,129,16,-118,16,113,16,-138,16,100,16,-125,16,138,16]"
CSI_DATA,8086,d8:b1:90:d9:de:f0,-42,9,-99,-34,43,104,578862258,130,0,106,0,"[-127,0,-16,14,121,0,-56,14,88,0,-48,14,74,0,-7,14,72,0,33,15,84,0,63,15,109,0,83,15,-121,0,94,15,-88,0,103,15,-86,0,127,15,-109,0,-110,15,134,0,-55,15,111,0,14,0,0,0,0,0,123,0,-111,0,-99,0,-55,0,-51,0,-18,0,-21,0,-31,0,-30,0,-70,0,-81,0,-112,0,121,0,130,0,61,0,131,0,14,0,-118,0,-5,15,-86,0,-1,15,-52,0,25,0,-56,0,42,0]"
CSI_DATA,8087,d8:b1:90:d9:de:f0,-40,9,-99,-37,42,104,578888814,108,0,106,0,"[-104,18,-71,19,-132,18,-7,19,-88,18,41,0,-5,18,41,0,66,19,10,0,112,19,-33,19,143,19,-93,19,146,19,-158,19,149,19,124,19,163,19,115,19,-125,19,146,19,-54,19,-141,19,34,0,-101,19,0,0,0,0,-114,0,-110,19,-16,0,-147,19,37,1,112,19,33,1,72,19,-20,0,76,19,-93,0,121,19,-161,0,-137,19,136,0,-54,19,126,0,23,0,151,0,82,0,-141,0,117,0,-110,0,108,0,-133,0]"
CSI_DATA,8088,d8:b1:90:d9:de:f0,-40,9,-99,-36,42,104,579070868,98,0,106,0,"[89,18,-90,0,86,18,-13,0,120,18,18,1,-161,18,12,1,-128,18,-18,0,-112,18,-40,0,-120,18,-59,0,-142,18,-67,0,154,18,-73,0,151,18,-89,0,159,18,-123,0,-143,18,143,0,-127,18,70,0,0,0,0,0,-153,18,-67,18,95,18,-132,18,18,18,-159,18,-30,17,-154,18,-42,17,-122,18,-20,17,-90,18,41,18,-69,18,88,18,-65,18,124,18,-76,18,134,18,-108,18,128,18,-130,18,117,18,-122,18,135,18]"
CSI_DATA,8089,d8:b1:90:d9:de:f0,-41,11,-99,-34,42,104,579279304,277,0,106,0,"[53,0,43,1,84,0,70,1,99,0,48,1,85,0,-1,0,62,0,-36,0,28,0,-70,0,-19,17,-89,0,-82,17,-91,0,-137,17,-87,0,136,17,-98,0,125,17,-125,0,143,17,131,0,-144,17,52,0,0,0,0,0,142,17,-111,17,86,17,111,17,32,17,64,17,-17,16,54,17,-19,16,85,17,28,17,130,17,109,17,-136,17,-114,17,-130,17,-48,17,-142,17,0,0,118,17,19,0,72,17,8,0,52,17,-14,17]"
CSI_DATA,8090,d8:b1:90:d9:de:f0,-40,9,-99,-36,42,104,579279758,98,0,106,0,"[42,1,6,0,70,1,-33,18,54,1,-60,18,0,1,-62,18,-37,0,-44,18,-78,0,-18,18,-96,0,25,0,-98,0,86,0,-93,0,130,0,-107,0,158,0,-128,0,-151,0,144,0,157,0,70,0,151,0,0,0,0,0,-85,18,-138,0,-153,18,-61,0,142,18,6,1,138,18,61,1,-143,18,56,1,-100,18,-1,0,-84,18,-86,0,-93,18,158,0,-122,18,99,0,147,18,71,0,93,18,70,0,89,18,95,0,118,18]"
CSI_DATA,8091,d8:b1:90:d9:de:f0,-41,9,-99,-34,42,104,579279863,98,0,106,0,"[-10,16,146,17,-57,16,-130,17,-49,16,-97,17,-3,16,-70,17,39,17,-64,17,86,17,-82,17,123,17,-111,17,144,17,140,17,-143,17,98,17,-131,17,73,17,-114,17,78,17,-78,17,114,17,-15,17,-150,17,0,0,0,0,148,0,-131,17,-68,0,131,17,-21,0,67,17,-10,0,13,17,-52,0,-3,16,-116,0,42,17,139,0,120,17,118,0,-104,17,135,0,-40,17,-121,0,-3,17,-67,0,10,0,-46,0,-14,17,-82,0]"
CSI_DATA,8092,d8:b1:90:d9:de:f0,-43,11,-99,-33,44,104,579503749,100,0,228,0,"[-16,6,-21,5,-24,4,-27,2,-28,0,-28,0,-27,-3,113,67,-23,-4,-22,-5,-21,-5,-19,-4,-19,-4,-18,-3,-19,-3,-19,-1,-19,0,-19,0,-19,0,-19,0,-18,0,32,-54,-15,0,-13,1,-11,1,-8,1,-6,3,-3,4,0,0,0,9,0,12,1,14,2,18,1,21,0,23,6,0,-1,26,-2,26,-3,25,-4,23,-4,22,-4,21,-3,18,-2,17,-1,16,0,15,0,15,0,15,0,16,11,0,0,17,0,18,-1,17,-2,15,-3,13,-3,10,-3,6,0,-11,-7,-8,-10,0,-5,7,2,9,9,2,7,-6,-27,-15,-11,-7,-12,3,-7,13,4,17,16,10,21,-4,12,-19,-3,-23,-21,-15,-27,3,-18,22,1,27,20,18,9,0,16,-18,-2,-22,-17,-13,-21,3,-11,16,4,19,0,0,18,-4,10,-15,-3,-17,-13,-9,-15,2,-7,11,2,35,7,3,4,-3,-1,-4,-5,1,-2,8,6,9,12,3,13,-7,5,-15,-6,-16,-17,-8,-19,5,-11,17,4,37,16,13,22,-1,14,-14,0,-19,-12,-12,-16,0,-10,11]"
CSI_DATA,8093,d8:b1:90:d9:de:f0,-41,11,-99,-37,43,104,579697101,277,0,106,0,"[88,0,42,1,131,0,50,1,139,0,15,1,115,0,-32,0,75,0,-64,0,26,0,-83,0,-26,17,-77,0,-77,17,-55,0,-109,17,-35,0,-118,17,-35,0,-110,17,-77,0,-107,17,-144,0,-114,17,65,0,0,0,0,0,108,17,-80,17,39,17,-118,17,-19,16,-132,17,-43,16,-123,17,-8,16,-105,17,54,17,-95,17,133,17,-106,17,-103,17,-132,17,-73,17,117,17,-70,17,70,17,-91,17,42,17,-121,17,57,17,-118,17]"
CSI_DATA,8094,d8:b1:90:d9:de:f0,-42,9,-99,-35,43,104,579697546,98,0,106,0,"[22,16,54,16,-21,15,80,16,-10,15,124,16,39,16,-123,16,85,16,-116,16,128,16,-130,16,-117,16,114,16,-104,16,66,16,-105,16,33,16,-102,16,34,16,-86,16,67,16,-50,16,126,16,19,0,-103,16,0,0,0,0,-101,0,-81,16,-28,0,-122,16,10,1,113,16,5,1,77,16,-40,0,79,16,-90,0,128,16,-124,0,-82,16,-126,0,-23,16,-102,0,19,0,-58,0,39,0,-19,0,20,0,-21,0,-23,16,-89,0]"
CSI_DATA,8095,d8:b1:90:d9:de:f0,-40,9,-99,-34,41,104,579712318,130,0,106,0,"[38,0,-88,18,-46,20,-102,18,-97,20,-49,18,-105,20,24,20,-86,20,77,20,-41,20,94,20,-13,20,86,20,13,0,53,20,24,0,30,20,14,0,36,20,9,0,77,20,29,0,145,20,84,0,-126,20,0,0,0,0,-112,0,-104,20,-38,0,-150,20,-12,0,121,20,-28,0,69,20,-85,0,68,20,-140,0,116,20,166,0,-157,20,165,0,-100,20,-152,0,-73,20,-113,0,-74,20,-84,0,-109,20,-110,0,-140,20,160,0]"
CSI_DATA,8096,d8:b1:90:d9:de:f0,-40,9,-99,-36,42,104,579712869,113,0,106,0,"[-47,17,147,18,-80,17,-130,18,-45,17,-89,18,21,18,-64,18,84,18,-79,18,130,18,-112,18,154,18,-159,18,158,18,105,18,158,18,65,18,-152,18,73,18,-125,18,108,18,-62,18,153,18,28,0,-132,18,0,0,0,0,-124,0,-140,18,-50,0,133,18,-28,0,79,18,-35,0,50,18,-75,0,65,18,-122,0,127,18,-151,0,-117,18,-149,0,-42,18,-137,0,0,0,-98,0,20,0,-52,0,25,0,-59,0,-5,18,-119,0]"
CSI_DATA,8097,d8:b1:90:d9:de:f0,-40,9,-99,-38,42,104,579723663,98,0,106,0,"[-70,18,-154,20,-110,18,-68,20,-66,18,-4,20,12,20,16,0,69,20,5,0,109,20,-25,20,114,20,-68,20,97,20,-108,20,81,20,-124,20,86,20,-117,20,137,20,-106,20,-130,20,-108,20,-37,20,-134,20,0,0,0,0,29,0,70,20,28,0,-17,18,-25,20,-80,18,-74,20,-89,18,-106,20,-34,18,-92,20,49,20,-46,20,117,20,1,0,153,20,45,0,148,20,74,0,121,20,66,0,86,20,29,0,89,20,5,0]"
CSI_DATA,8098,d8:b1:90:d9:de:f0,-43,9,-99,-37,45,104,579906481,224,0,106,0,"[72,0,-32,12,54,0,-73,12,31,0,-70,12,11,0,-32,12,11,0,12,13,28,0,51,13,56,0,86,13,101,0,115,13,-79,0,-97,13,-49,0,-81,13,-41,0,-71,13,-60,0,-53,13,-96,0,-16,13,0,0,0,0,63,0,88,0,62,0,-71,0,71,0,-7,0,99,0,30,0,109,0,27,0,102,0,-12,0,71,0,-64,0,24,0,-94,0,-20,13,-117,0,-69,13,-114,0,-109,13,-89,0,-117,13,-62,0,-86,13]"
CSI_DATA,8099,d8:b1:90:d9:de:f0,-43,9,-99,-38,45,104,579906635,120,0,106,0,"[-11,0,71,14,1,0,27,14,-22,0,18,14,-56,0,37,14,-82,0,70,14,-94,0,113,14,-95,0,-83,14,-76,0,-32,14,-52,0,13,0,-33,0,46,0,-33,0,63,0,-58,0,68,0,-114,0,75,0,0,0,0,0,18,0,-119,0,-26,14,-64,0,-52,14,-2,0,-57,14,38,0,-46,14,43,0,-33,14,3,0,-34,14,-54,0,-49,14,-107,0,-84,14,97,0,114,14,79,0,67,14,76,0,49,14,99,0,74,14]"
CSI_DATA,8100,d8:b1:90:d9:de:f0,-42,9,-99,-37,44,104,579906738,120,0,106,0,"[-32,14,-74,15,-79,14,-54,15,-71,14,-24,15,-39,14,-10,15,14,15,-12,15,50,15,-28,15,87,15,-63,15,113,15,-115,15,-129,15,90,15,-121,15,53,15,-104,15,47,15,-79,15,63,15,-34,15,99,15,0,0,0,0,74,0,-102,15,-106,0,-112,15,-39,0,118,15,-8,0,93,15,-12,0,83,15,-45,0,96,15,-91,0,-123,15,-111,0,-65,15,-122,0,-16,15,-100,0,36,0,-69,0,68,0,-33,0,66,0,-47,0]"
CSI_DATA,8101,d8:b1:90:d9:de:f0,-49,11,-99,-38,51,104,580323797,277,0,106,0,"[-60,7,35,0,-52,7,35,0,-50,7,8,0,-54,7,-24,0,-57,7,-54,0,53,7,40,0,40,7,19,0,31,7,1,0,23,7,-8,7,27,7,-4,7,40,7,6,0,-60,7,24,0,-29,7,42,0,0,0,0,0,26,0,-23,0,49,0,-1,0,-52,0,18,0,-40,0,27,0,-43,0,23,0,-58,0,4,0,40,0,-20,0,16,0,-44,0,-9,7,58,0,-37,7,45,0,52,7,40,0,25,7,43,0,22,7]"
CSI_DATA,8102,d8:b1:90:d9:de:f0,-50,9,-99,-38,51,104,580324251,113,0,106,0,"[18,0,-28,0,21,0,-41,0,0,0,-51,0,-27,0,-57,0,-53,0,-56,0,44,0,-51,0,25,0,-43,0,12,0,-34,0,4,0,-27,0,7,0,-32,0,19,0,-46,0,36,0,54,0,53,0,29,0,0,0,0,0,-26,0,-33,7,-8,0,-59,7,4,0,35,7,7,0,19,7,0,0,20,7,-13,0,35,7,-32,0,57,7,-45,0,-37,7,-55,0,-13,7,-59,0,13,0,-53,0,41,0,-41,0,59,0,-27,0]"
CSI_DATA,8103,d8:b1:90:d9:de:f0,-50,9,-99,-37,51,104,580324387,101,0,106,0,"[-41,6,40,0,-35,6,48,0,-16,6,42,0,5,6,22,0,24,6,2,0,38,6,-15,6,42,6,-34,6,45,6,-51,6,47,6,56,6,50,6,-55,6,55,6,-38,6,-57,6,-11,6,-47,6,19,0,0,0,0,0,-22,6,-28,0,-13,6,2,0,-4,6,30,0,4,0,44,0,8,0,38,0,5,0,20,0,-2,6,-5,0,-12,6,-34,0,-27,6,-58,0,-49,6,43,0,44,6,31,0,23,6,33,0,20,6]"
CSI_DATA,8104,d8:b1:90:d9:de:f0,-50,9,-99,-40,52,104,580324492,98,0,106,0,"[40,0,35,0,37,0,22,0,16,0,19,0,-11,0,23,0,-36,0,32,0,-55,0,46,0,46,0,-54,0,36,0,-38,0,31,0,-29,0,36,0,-35,0,41,0,-54,0,47,0,33,0,52,0,2,0,0,0,0,0,56,0,43,6,-54,0,11,6,56,0,-19,6,48,0,-35,6,41,0,-32,6,37,0,-12,6,33,0,16,6,36,0,46,6,41,0,-41,6,53,0,-19,6,-40,0,0,0,-17,0,7,0,-8,0]"
CSI_DATA,8105,d8:b1:90:d9:de:f0,-50,9,-99,-38,51,104,580324615,108,0,106,0,"[36,7,20,0,48,7,22,0,58,7,3,0,-59,7,-25,0,-60,7,-50,0,56,7,50,0,47,7,35,0,36,7,21,0,30,7,14,0,36,7,17,0,52,7,25,0,-41,7,38,0,-9,7,48,0,0,0,0,0,-60,0,-47,0,-28,0,-41,0,-3,0,-35,0,14,0,-38,0,14,0,-45,0,0,0,-56,0,-29,0,60,0,-57,0,53,0,38,0,54,0,13,0,-56,0,-7,7,-40,0,-15,7,-23,0,-3,7]"
CSI_DATA,8106,d8:b1:90:d9:de:f0,-48,11,-99,-37,50,104,580504015,100,0,114,0,"[-2,14,-4,14,-5,14,-6,15,-8,15,-8,14,-8,13,-8,12,-8,12,-8,12,-8,11,-8,11,-8,12,-8,12,-8,12,-9,12,-8,14,-9,14,-9,14,-9,14,-9,15,-8,15,-9,14,-8,14,-8,14,-8,14,-8,13,-7,13,0,0,-7,13,-7,13,-7,13,-6,13,-7,13,-7,13,-6,13,-5,13,-5,12,-5,12,-5,12,-4,11,-4,11,-3,11,-4,10,-3,10,-3,10,-3,10,-3,10,-2,10,-3,11,-3,11,-3,12,-4,12,-5,12,-5,12,-6,11,-6,10]"
CSI_DATA,8107,d8:b1:90:d9:de:f0,-46,11,-99,-37,48,104,580532696,277,0,106,0,"[-39,9,-14,9,-29,9,18,0,9,9,28,0,51,9,18,0,81,9,-7,9,-70,9,-33,9,-66,9,-62,9,-74,9,77,9,-77,9,59,9,-72,9,53,9,-44,9,57,9,-8,9,52,9,23,0,41,9,0,0,0,0,47,0,-31,9,37,0,-65,9,10,0,82,9,-22,9,-66,9,-40,9,-18,9,-33,9,46,9,-5,9,-65,9,35,0,-33,9,77,0,-22,9,-48,0,-34,9,-27,0,-61,9,-38,0,74,9,-78,0]"
CSI_DATA,8108,d8:b1:90:d9:de:f0,-47,9,-99,-35,48,104,580533168,98,0,106,0,"[7,0,53,9,-11,0,43,9,-44,0,64,9,-70,0,-57,9,73,0,-17,9,69,0,18,0,71,0,52,0,77,0,-77,0,-77,0,-57,0,65,0,-52,0,34,0,-55,0,-7,9,-55,0,-57,9,-54,0,0,0,0,0,34,9,-14,0,15,9,19,0,22,9,42,0,44,9,36,0,75,9,4,0,-52,9,-52,0,-38,9,42,0,-40,9,-12,9,-55,9,-55,9,74,9,70,9,46,9,55,9,29,9,74,9,52,9]"
CSI_DATA,8109,d8:b1:90:d9:de:f0,-45,9,-99,-34,46,104,580555800,98,0,106,0,"[-54,10,-86,0,-19,10,-55,0,35,11,-69,0,72,11,83,0,89,11,40,0,81,11,2,0,65,11,-22,11,47,11,-37,11,45,11,-41,11,64,11,-45,11,-87,11,-58,11,-38,11,-85,11,0,0,70,11,0,0,0,0,-5,11,-33,10,-23,11,-72,10,-68,11,-92,10,95,11,-63,10,87,11,-5,10,-77,11,56,11,-30,11,-83,11,20,0,-57,11,66,0,-59,11,-91,0,-81,11,-82,0,77,11,89,0,57,11,44,0]"
CSI_DATA,8110,d8:b1:90:d9:de:f0,-41,9,-99,-36,43,104,580742066,214,0,106,0,"[126,16,19,1,-126,16,65,1,-75,16,51,1,-48,16,-3,0,-41,16,-57,0,-58,16,-109,0,-94,16,-142,0,138,16,118,0,92,16,103,0,66,16,86,0,63,16,77,0,85,16,41,0,109,16,-8,16,0,0,0,0,118,16,-131,16,80,16,103,16,31,16,66,16,-8,15,60,16,-12,15,93,16,31,16,-139,16,98,16,-97,16,-108,16,-79,16,-40,16,-92,16,11,0,-134,16,31,0,94,16,17,0,56,16,-21,16]"
CSI_DATA,8111,d8:b1:90:d9:de:f0,-41,9,-99,-34,42,104,580742220,214,0,106,0,"[-20,16,-143,0,-20,16,-80,0,32,17,-60,0,86,17,-89,0,127,17,-139,0,142,17,110,0,129,17,57,0,96,17,5,0,54,17,-33,17,40,17,-49,17,47,17,-59,17,89,17,-73,17,143,17,-98,17,0,0,0,0,-89,17,101,17,-90,17,23,17,-117,17,-35,16,-152,17,-55,16,128,17,-22,16,135,17,49,17,-123,17,123,17,-58,17,-130,17,14,0,-105,17,82,0,-124,17,131,0,127,17,131,0,77,17,83,0]"
CSI_DATA,8112,d8:b1:90:d9:de:f0,-40,9,-99,-36,42,104,580742392,214,0,106,0,"[1,0,54,1,57,0,81,1,94,0,50,1,101,0,-10,0,79,0,-71,0,40,0,-103,0,-11,18,-120,0,-71,18,-104,0,-124,18,-86,0,-158,18,-75,0,154,18,-99,0,158,18,-143,0,159,18,119,0,0,0,0,0,88,18,42,0,18,18,1,0,-59,17,8,0,-80,17,36,0,-49,17,69,0,10,18,83,0,93,18,59,0,158,18,17,0,-127,18,-42,18,-120,18,-110,18,-146,18,157,18,129,18,137,18,109,18]"
CSI_DATA,8113,d8:b1:90:d9:de:f0,-41,9,-99,-34,42,104,580742573,214,0,106,0,"[-28,16,139,0,-22,16,-93,0,28,17,-70,0,91,17,-85,0,133,17,-133,0,141,17,118,0,134,17,65,0,96,17,23,0,53,17,-5,17,32,17,-21,17,42,17,-21,17,80,17,-35,17,127,17,-72,17,0,0,0,0,-121,17,129,17,-147,17,49,17,109,17,0,17,60,17,-1,16,47,17,42,17,70,17,104,17,131,17,-135,17,-98,17,-104,17,-23,17,-110,17,28,0,-147,17,53,0,91,17,35,0,43,17,-20,17]"
CSI_DATA,8114,d8:b1:90:d9:de:f0,-40,9,-99,-36,42,104,580742754,214,0,106,0,"[56,18,49,18,-8,17,78,18,-13,17,138,18,26,18,-135,18,79,18,-110,18,130,18,-117,18,-146,18,-143,18,-124,18,132,18,-110,18,79,18,-98,18,55,18,-90,18,60,18,-60,18,79,18,-2,18,109,18,0,0,0,0,95,0,114,18,152,0,47,18,-152,0,-13,17,-161,0,-56,17,117,0,-47,17,74,0,8,18,44,0,88,18,54,0,-158,18,88,0,-101,18,144,0,-70,18,-114,0,-81,18,-81,0,-117,18,-114,0]"
CSI_DATA,8115,d8:b1:90:d9:de:f0,-41,9,-99,-33,42,104,580742926,214,0,106,0,"[-55,16,91,0,-54,16,-130,0,-5,16,-91,0,65,17,-97,0,115,17,-135,0,132,17,107,0,123,17,61,0,86,17,19,0,36,17,-6,17,24,17,-16,17,34,17,-8,17,69,17,-23,17,113,17,-60,17,0,0,0,0,-139,17,130,17,118,17,61,17,55,17,28,17,3,17,35,17,-4,16,80,17,30,17,139,17,97,17,-95,17,-124,17,-80,17,-51,17,-91,17,-12,17,-144,17,-12,17,76,17,-43,17,39,17,-97,17]"
CSI_DATA,8116,d8:b1:90:d9:de:f0,-40,9,-99,-36,42,104,580743098,214,0,106,0,"[-103,18,42,1,-40,18,89,1,21,0,65,1,44,0,2,1,40,0,-57,0,21,0,-101,0,-26,18,-119,0,-75,18,-110,0,-124,18,-85,0,-142,18,-71,0,-146,18,-85,0,-142,18,-117,0,-151,18,140,0,0,0,0,0,103,18,83,0,22,18,83,0,-33,17,120,0,-54,17,-156,0,-13,17,-123,0,65,18,-132,0,140,18,151,0,-139,18,84,0,-128,18,23,0,-159,18,-33,18,107,18,-59,18,55,18,-36,18,64,18]"
CSI_DATA,8117,d8:b1:90:d9:de:f0,-40,11,-99,-38,42,104,581368291,277,0,106,0,"[81,0,8,20,72,0,-66,18,54,0,-73,18,42,0,-12,18,56,0,49,20,85,0,130,20,133,0,-126,20,-132,0,-44,20,-53,0,29,0,-8,0,73,0,-2,0,80,0,-52,0,58,0,-158,0,28,0,0,0,0,0,-89,20,13,0,101,20,49,0,-5,18,98,0,-74,18,154,0,-64,18,-161,0,8,20,156,0,105,20,97,0,-161,20,12,0,-100,20,-73,20,-69,20,166,20,-68,20,65,20,-104,20,18,20,-148,20]"
CSI_DATA,8118,d8:b1:90:d9:de:f0,-40,9,-99,-36,41,104,581368736,130,0,106,0,"[168,0,-38,0,-122,0,4,1,-97,0,-12,0,-120,0,-70,0,-173,0,-114,0,101,0,-151,0,7,0,-169,0,-105,21,-163,0,152,21,-141,0,88,21,-121,0,83,21,-111,0,142,21,-144,0,-127,21,142,0,0,0,0,0,39,0,-83,21,79,0,115,21,77,0,-24,19,48,0,-113,19,12,0,-111,19,-9,21,-24,19,0,0,96,21,43,0,-158,21,107,0,-63,21,-161,0,-8,21,-59,0,15,0,4,1,-9,21,-21,0]"
CSI_DATA,8119,d8:b1:90:d9:de:f0,-39,9,-99,-37,41,104,581368861,98,0,106,0,"[34,0,-4,0,71,0,71,1,94,0,71,1,88,0,21,1,58,0,-50,0,-7,21,-114,0,-85,21,-165,0,-186,21,162,0,75,21,135,0,7,21,119,0,-2,20,111,0,58,21,100,0,173,21,63,0,0,0,0,0,31,0,-82,21,132,0,151,21,183,0,27,21,-178,0,-53,20,164,0,-69,20,130,0,-4,20,103,0,101,21,116,0,-145,21,145,0,-43,21,-157,0,46,0,-72,0,106,0,-11,0,101,0,-17,0]"
CSI_DATA,8120,d8:b1:90:d9:de:f0,-43,11,-99,-33,44,104,581503953,100,0,228,0,"[-5,-19,-4,-23,-2,-27,0,-30,1,-30,4,-29,5,-26,113,67,5,-21,3,-18,1,-16,0,-13,0,-12,-3,-11,-6,-11,-9,-11,-11,-11,-12,-12,-14,-13,-15,-13,-15,-14,32,-54,-11,-12,-9,-11,-6,-8,-4,-5,-2,-1,-1,2,0,0,0,11,-1,15,-3,19,-5,22,-8,25,-10,27,73,13,-13,26,-13,24,-14,22,-13,19,-11,16,-9,14,-6,12,-3,11,0,10,2,10,4,11,7,11,8,12,61,0,10,16,8,17,6,18,4,17,1,14,0,11,0,7,13,2,11,-6,3,-11,-4,-7,-6,0,0,5,6,2,12,-30,0,-11,-10,-11,-17,0,-15,12,-3,22,13,20,25,6,23,-12,8,-26,-11,-24,-23,-9,-22,10,-6,21,-2,1,16,0,9,-11,-5,-13,-14,-3,-13,10,-1,18,0,0,19,1,15,-12,3,-20,-10,-16,-16,-4,-12,5,-16,36,1,5,1,0,-3,0,-6,5,0,11,8,11,16,3,17,-8,7,-19,-6,-21,-19,-11,-22,4,-12,18,11,35,15,12,18,0,10,-11,-2,-11,-10,-3,-8,6,0,10]"
CSI_DATA,8121,d8:b1:90:d9:de:f0,-41,11,-99,-34,42,104,581786088,277,0,106,0,"[19,17,-23,16,-16,16,3,17,11,17,52,17,80,17,98,17,-150,17,124,17,-78,17,135,17,-15,17,133,17,42,0,118,17,87,0,118,17,95,0,142,17,87,0,-102,17,59,0,-11,17,41,0,95,0,0,0,0,0,59,0,-19,0,93,0,67,1,134,0,109,1,-148,0,108,1,148,0,46,1,102,0,-36,0,40,0,-118,0,-24,17,130,0,-79,17,91,0,-131,17,83,0,144,17,86,0,-140,17,90,0,-84,17]"
CSI_DATA,8122,d8:b1:90:d9:de:f0,-41,9,-99,-35,42,104,581786587,98,0,106,0,"[-141,0,106,1,-88,0,84,1,-90,0,14,1,-140,0,-48,0,108,0,-97,0,45,0,-130,0,-18,18,-130,0,-79,18,-121,0,-113,18,-124,0,-116,18,-151,0,-95,18,100,0,-61,18,8,0,-36,18,-92,18,0,0,0,0,-75,18,18,18,-117,18,-62,17,136,18,-110,17,105,18,-100,17,117,18,-29,17,-146,18,57,18,-70,18,132,18,-1,18,-138,18,66,0,-113,18,114,0,-118,18,136,0,-134,18,114,0,-140,18,59,0]"
CSI_DATA,8123,d8:b1:90:d9:de:f0,-40,9,-99,-34,41,104,581786710,108,0,106,0,"[-148,18,73,0,-145,18,141,0,-68,18,153,0,14,20,121,0,85,20,65,0,128,20,5,0,148,20,-61,20,156,20,-128,20,166,20,-162,20,-148,20,-161,20,-88,20,-129,20,0,0,-73,20,110,0,-29,20,0,0,0,0,-12,0,-26,20,85,1,-72,20,142,1,-132,20,129,1,-169,20,57,1,-164,20,-42,0,-116,20,-134,0,-53,20,149,0,17,0,117,0,85,0,121,0,137,0,134,0,165,0,140,0,138,0,101,0]"
CSI_DATA,8124,d8:b1:90:d9:de:f0,-41,9,-99,-35,42,104,581786837,120,0,106,0,"[-144,17,24,0,-146,17,94,0,-78,17,110,0,6,18,90,0,77,18,41,0,119,18,-8,18,141,18,-64,18,150,18,-119,18,-152,18,155,18,-129,18,-150,18,-80,18,-112,18,2,0,-59,18,107,0,-26,18,0,0,0,0,-3,0,-20,18,91,1,-64,18,132,1,-119,18,113,1,154,18,47,1,148,18,-46,0,-123,18,-128,0,-59,18,134,0,8,0,112,0,69,0,116,0,116,0,133,0,141,0,135,0,114,0,95,0]"
CSI_DATA,8125,d8:b1:90:d9:de:f0,-41,9,-99,-37,43,104,581786995,120,0,106,0,"[-139,17,110,1,-77,17,135,1,-32,17,84,1,-20,17,0,1,-31,17,-65,0,-68,17,-122,0,-107,17,135,0,139,17,108,0,110,17,94,0,129,17,72,0,-123,17,38,0,-57,17,-20,17,-1,17,-102,17,0,0,0,0,56,0,4,17,33,0,-83,16,-9,17,-131,16,-50,17,-136,16,-65,17,-70,16,-56,17,19,17,-13,17,109,17,33,0,-127,17,83,0,-86,17,125,0,-85,17,-144,0,-95,17,128,0,-100,17,72,0]"
CSI_DATA,8126,d8:b1:90:d9:de:f0,-42,11,-99,-37,44,104,582203885,277,0,106,0,"[83,0,-21,14,42,0,-52,14,10,0,-41,14,2,0,-9,14,2,0,19,15,10,0,31,15,20,0,27,15,32,0,15,15,28,0,7,15,10,0,29,15,5,0,86,15,6,0,-99,15,41,0,-23,15,0,0,0,0,-101,0,68,0,-19,0,69,0,40,1,43,0,56,1,7,0,24,1,-15,15,-22,0,-22,15,-72,0,6,0,-92,0,33,0,-92,0,57,0,-65,0,69,0,-43,0,49,0,-52,0,-1,15,-118,0]"
CSI_DATA,8127,d8:b1:90:d9:de:f0,-42,9,-99,-39,44,104,582204339,130,0,106,0,"[118,16,-11,0,133,16,20,1,-127,16,13,1,-123,16,-23,0,-129,16,-54,0,125,16,-90,0,101,16,-106,0,74,16,-110,0,58,16,-121,0,76,16,131,0,125,16,97,0,-94,16,40,0,-40,16,-26,16,0,0,0,0,22,0,94,16,20,0,11,16,4,0,-39,15,-13,16,-57,15,-9,16,-26,15,11,0,26,16,42,0,77,16,79,0,110,16,118,0,126,16,-134,0,113,16,-130,0,91,16,117,0,94,16,57,0]"
CSI_DATA,8128,d8:b1:90:d9:de:f0,-42,9,-99,-38,44,104,582204510,113,0,106,0,"[76,0,29,1,109,0,44,1,117,0,22,1,94,0,-7,0,62,0,-31,0,29,0,-40,0,2,0,-24,0,-26,15,-10,0,-38,15,-5,0,-37,15,-27,0,-31,15,-85,0,-32,15,105,0,-49,15,13,0,0,0,0,0,-131,15,-132,15,72,15,93,15,15,15,68,15,-4,14,85,15,19,15,104,15,73,15,120,15,-127,15,127,15,-78,15,114,15,-46,15,88,15,-46,15,52,15,-61,15,37,15,-93,15,64,15,-94,15]"
CSI_DATA,8129,d8:b1:90:d9:de:f0,-41,9,-99,-37,43,104,582204655,101,0,106,0,"[8,1,-145,17,20,1,117,17,-2,0,113,17,-25,0,138,17,-49,0,-121,17,-48,0,-93,17,-35,0,-66,17,-18,0,-42,17,-5,0,-25,17,-28,0,-16,17,-91,0,-5,17,123,0,16,0,32,0,54,0,0,0,0,0,-86,17,-122,0,-117,17,-34,0,-122,17,23,1,-103,17,45,1,-95,17,17,1,-97,17,-40,0,-107,17,-102,0,-135,17,-147,0,127,17,124,0,99,17,131,0,90,17,143,0,120,17,-133,0,-103,17]"
CSI_DATA,8130,d8:b1:90:d9:de:f0,-42,9,-99,-38,44,104,582204769,98,0,106,0,"[-70,0,37,15,-81,0,-2,14,-100,0,2,15,-117,0,36,15,-123,0,66,15,-109,0,94,15,-90,0,106,15,-66,0,117,15,-48,0,122,15,-69,0,-131,15,-118,0,-93,15,100,0,-39,15,50,0,27,0,0,0,0,0,9,0,-90,0,23,0,-10,0,49,0,36,1,76,0,47,1,73,0,20,1,49,0,-27,0,7,0,-70,0,-31,15,-90,0,-64,15,-94,0,-80,15,-75,0,-80,15,-54,0,-46,15,-61,0,-5,15]"
CSI_DATA,8131,d8:b1:90:d9:de:f0,-42,9,-99,-35,43,104,582413247,98,0,106,0,"[-95,15,-10,16,-117,15,34,0,-71,15,55,0,-4,15,38,0,63,16,0,0,98,16,-49,16,119,16,-109,16,131,16,113,16,136,16,70,16,-130,16,71,16,-94,16,102,16,-33,16,-124,16,47,0,-73,16,0,0,0,0,-59,0,-23,16,22,1,-28,16,70,1,-57,16,73,1,-68,16,38,1,-65,16,-33,0,-33,16,-104,0,11,0,128,0,62,0,99,0,110,0,95,0,-121,0,103,0,-87,0,116,0,-92,0,102,0]"
CSI_DATA,8132,d8:b1:90:d9:de:f0,-39,11,-99,-36,41,104,582503716,100,0,114,0,"[-18,-32,-18,-38,-18,-40,-16,-42,-15,-42,-15,-42,-12,-40,-12,-38,-14,-36,-12,-35,-14,-33,-14,-33,-15,-35,-15,-35,-16,-36,-18,-36,-18,-36,-19,-38,-22,-39,-24,-38,-25,-38,-26,-38,-26,-38,-26,-36,-26,-35,-26,-35,-26,-33,-28,-32,0,0,-28,-32,-28,-31,-29,-31,-31,-32,-32,-32,-32,-31,-33,-31,-32,-29,-32,-28,-33,-25,-32,-24,-31,-22,-31,-22,-29,-19,-29,-18,-28,-16,-28,-15,-29,-14,-31,-14,-31,-14,-32,-14,-33,-15,-35,-15,-36,-16,-35,-16,-33,-18,-31,-18,-26,-16]"
CSI_DATA,8133,d8:b1:90:d9:de:f0,-40,9,-99,-34,41,104,582622164,113,0,106,0,"[117,20,24,1,149,20,96,1,-136,20,94,1,-93,20,42,1,-74,20,-28,0,-82,20,-78,0,-112,20,-121,0,-160,20,-148,0,130,20,-168,0,110,20,160,0,124,20,124,0,160,20,73,0,-134,20,-5,20,0,0,0,0,-134,20,-166,20,169,20,77,20,100,20,17,20,49,20,13,20,40,20,52,20,73,20,110,20,142,20,166,20,-126,20,-156,20,-74,20,-154,20,-28,20,160,20,-4,20,130,20,-17,20,114,20,-29,20]"
CSI_DATA,8134,d8:b1:90:d9:de:f0,-41,9,-99,-35,42,104,582622291,98,0,106,0,"[77,18,7,1,107,18,70,1,154,18,74,1,-107,18,33,1,-80,18,-22,0,-90,18,-79,0,-111,18,-112,0,-155,18,-143,0,113,18,154,0,102,18,134,0,114,18,110,0,146,18,62,0,-132,18,-8,18,0,0,0,0,-121,18,152,18,151,18,66,18,91,18,19,18,35,18,13,18,23,18,53,18,53,18,110,18,119,18,151,18,-130,18,-135,18,-73,18,-136,18,-36,18,151,18,-19,18,122,18,-26,18,112,18,-36,18]"
CSI_DATA,8135,d8:b1:90:d9:de:f0,-40,11,-99,-36,42,104,582830582,277,0,106,0,"[91,1,-17,18,114,1,-115,18,66,1,147,18,-21,0,127,18,-75,0,158,18,-109,0,-118,18,-112,0,-73,18,-93,0,-41,18,-64,0,-11,18,-64,0,-5,18,-94,0,-7,18,-149,0,20,0,104,0,71,0,0,0,0,0,73,0,-99,0,100,0,-16,0,-144,0,22,1,-90,0,21,1,-69,0,-31,0,-101,0,-99,0,-152,0,-158,0,101,0,138,0,51,0,142,0,26,0,-157,0,18,0,-119,0,30,0,-109,0,45,0]"
CSI_DATA,8136,d8:b1:90:d9:de:f0,-41,9,-99,-35,42,104,582831053,98,0,106,0,"[-18,18,88,1,46,0,129,1,89,0,90,1,95,0,20,1,73,0,-41,0,29,0,-84,0,-26,18,-106,0,-84,18,-118,0,-136,18,-116,0,-149,18,-122,0,-148,18,-155,0,-121,18,86,0,-102,18,0,0,0,0,0,0,-133,18,138,18,118,18,62,18,50,18,28,18,13,18,33,18,20,18,70,18,74,18,122,18,148,18,-146,18,-95,18,-132,18,-33,18,-130,18,12,0,154,18,39,0,123,18,33,0,111,18,17,0]"
CSI_DATA,8137,d8:b1:90:d9:de:f0,-39,9,-99,-35,41,104,582845348,130,0,106,0,"[109,0,75,1,-157,0,97,1,-116,0,56,1,-118,0,-21,0,-153,0,-78,0,149,0,-118,0,94,0,-123,0,38,0,-107,0,-15,20,-87,0,-45,20,-76,0,-67,20,-102,0,-79,20,-161,0,-101,20,107,0,0,0,0,0,113,20,12,0,16,20,-21,20,-69,19,4,0,-111,19,39,0,-85,19,76,0,-4,19,83,0,83,20,63,0,152,20,16,0,-163,20,-32,20,-159,20,-93,20,170,20,-137,20,148,20,-139,20,160,20]"
CSI_DATA,8138,d8:b1:90:d9:de:f0,-40,9,-99,-35,41,104,582875781,752,0,106,0,"[-102,20,-80,19,146,20,-72,19,104,20,4,20,118,20,82,20,163,20,129,20,-144,20,142,20,-100,20,119,20,-100,20,80,20,-98,20,46,20,-111,20,48,20,-107,20,85,20,-67,20,145,20,10,0,-153,20,0,0,0,0,149,0,-166,20,-133,0,104,20,-127,0,15,20,-157,0,-34,19,129,0,-31,19,80,0,32,20,54,0,108,20,74,0,-174,20,109,0,-148,20,157,0,-155,20,-172,0,155,20,153,0,124,20,86,0]"
CSI_DATA,8139,d8:b1:90:d9:de:f0,-40,9,-99,-35,42,104,583039970,124,0,106,0,"[124,0,78,1,-113,0,78,1,-80,0,26,1,-86,0,-42,0,-114,0,-89,0,155,0,-121,0,113,0,-127,0,75,0,-110,0,40,0,-100,0,6,0,-99,0,-25,18,-128,0,-61,18,145,0,-108,18,105,0,0,0,0,0,77,18,96,0,7,18,113,0,-44,17,-148,0,-45,17,-101,0,-2,17,-89,0,57,18,-108,0,116,18,155,0,150,18,101,0,-150,18,56,0,149,18,18,0,130,18,2,0,125,18,3,0,155,18]"
CSI_DATA,8140,d8:b1:90:d9:de:f0,-39,9,-99,-34,41,104,583040083,752,0,106,0,"[118,0,94,1,-141,0,97,1,-102,0,44,1,-113,0,-32,0,-140,0,-86,0,165,0,-124,0,122,0,-130,0,84,0,-116,0,40,0,-102,0,8,0,-102,0,-29,20,-130,0,-64,20,168,0,-113,20,118,0,0,0,0,0,94,20,116,0,6,20,137,0,-38,18,-152,0,-41,18,-101,0,12,20,-76,0,81,20,-101,0,140,20,-154,0,169,20,117,0,-161,20,69,0,164,20,32,0,137,20,16,0,132,20,24,0,165,20]"
CSI_DATA,8141,d8:b1:90:d9:de:f0,-39,9,-99,-36,41,104,583060287,341,0,106,0,"[-134,21,94,1,-90,21,135,1,-42,21,105,1,-24,21,33,1,-35,21,-45,0,-63,21,-97,0,-105,21,-138,0,-163,21,-168,0,141,21,162,0,117,21,134,0,127,21,86,0,155,21,19,0,-162,21,-64,21,0,0,0,0,-163,21,137,21,166,21,43,21,115,21,-15,19,81,21,-25,19,84,21,8,21,129,21,76,21,-166,21,137,21,-96,21,175,21,-31,21,-168,21,32,0,-172,21,77,0,172,21,88,0,153,21,83,0]"
CSI_DATA,8142,d8:b1:90:d9:de:f0,-40,9,-99,-33,41,104,583060598,321,0,106,0,"[-114,19,101,1,-57,19,141,1,-5,19,111,1,11,0,33,1,-1,19,-32,0,-28,19,-89,0,-68,19,-116,0,-120,19,-141,0,158,19,-151,0,138,19,154,0,138,19,115,0,147,19,54,0,-164,19,-23,19,0,0,0,0,128,19,156,19,72,19,94,19,19,19,58,19,-22,18,64,19,-19,18,103,19,33,19,150,19,111,19,-137,19,-143,19,-126,19,-79,19,-126,19,-38,19,-152,19,-3,19,142,19,-1,19,129,19,-3,19]"
CSI_DATA,8143,d8:b1:90:d9:de:f0,-40,9,-99,-35,42,104,583061757,108,0,106,0,"[103,0,85,1,-118,0,83,1,-79,0,19,1,-88,0,-53,0,-122,0,-107,0,151,0,-130,0,105,0,-130,0,73,0,-106,0,46,0,-84,0,33,0,-80,0,12,0,-94,0,-24,18,-132,0,-80,18,143,0,0,0,0,0,114,18,148,0,50,18,-112,0,30,18,-45,0,41,18,8,1,90,18,18,1,154,18,-24,0,-110,18,-92,0,-91,18,154,0,-99,18,102,0,-130,18,73,0,148,18,67,0,136,18,77,0,-154,18]"
CSI_DATA,8144,d8:b1:90:d9:de:f0,-39,9,-99,-37,41,104,583248842,441,0,106,0,"[93,21,5,21,17,21,18,21,7,21,77,21,46,21,136,21,113,21,177,21,178,21,-181,21,-123,21,173,21,-66,21,141,21,-17,21,97,21,27,0,71,21,53,0,91,21,85,0,145,21,125,0,-146,21,0,0,0,0,-116,0,-69,21,-5,0,-55,21,88,1,-95,21,106,1,-129,21,63,1,-148,21,-20,0,-138,21,-116,0,-97,21,-181,0,-36,21,155,0,34,0,158,0,104,0,-186,0,151,0,-167,0,158,0,-180,0]"
CSI_DATA,8145,d8:b1:90:d9:de:f0,-40,9,-99,-34,41,104,583249068,421,0,106,0,"[66,20,-2,18,-16,18,16,20,-22,18,85,20,25,20,149,20,89,20,-152,20,150,20,-145,20,-122,20,-164,20,-73,20,138,20,-29,20,90,20,-5,20,58,20,8,0,72,20,30,0,122,20,77,0,-146,20,0,0,0,0,-96,0,-97,20,-1,0,-114,20,69,1,-162,20,80,1,118,20,18,1,88,20,-72,0,120,20,-153,0,-154,20,140,0,-74,20,138,0,2,0,166,0,66,0,-132,0,97,0,-101,0,81,0,-130,0]"
CSI_DATA,8146,d8:b1:90:d9:de:f0,-39,9,-99,-33,40,104,583269347,98,0,106,0,"[18,0,-97,20,-69,21,-122,20,-133,21,-72,20,-139,21,15,21,-109,21,85,21,-61,21,127,21,0,0,122,21,53,0,85,21,97,0,50,21,100,0,23,21,88,0,45,21,79,0,116,21,100,0,-157,21,0,0,0,0,-122,0,-85,21,-17,0,-95,21,58,1,-162,21,53,1,141,21,-7,0,106,21,-100,0,136,21,-174,0,-170,21,164,0,-79,21,175,0,-11,21,-146,0,29,0,-90,0,30,0,-68,0,-14,21,-114,0]"
CSI_DATA,8147,d8:b1:90:d9:de:f0,-40,9,-99,-34,41,104,583306426,224,0,106,0,"[2,0,46,1,73,0,73,1,114,0,30,1,113,0,-32,0,85,0,-74,0,56,0,-82,0,14,0,-66,0,2,0,-17,0,-5,20,28,1,28,0,28,1,45,0,-20,0,38,0,-109,0,-12,20,137,0,0,0,0,0,150,20,68,0,46,20,109,0,-5,18,-157,0,-4,18,-94,0,54,20,-70,0,126,20,-108,0,-169,20,165,0,-170,20,94,0,144,20,57,0,92,20,46,0,50,20,76,0,58,20,144,0,144,20]"
CSI_DATA,8148,d8:b1:90:d9:de:f0,-42,11,-99,-35,43,104,583457278,277,0,106,0,"[-20,0,-81,0,22,1,-113,0,3,1,126,0,-34,0,103,0,-68,0,99,0,-99,0,127,0,-114,0,-128,0,-110,0,-81,0,-91,0,-66,0,-97,0,-74,0,-125,0,-110,0,97,0,127,0,16,0,100,0,0,0,0,0,-129,16,121,0,99,16,-98,0,74,16,-39,0,88,16,-1,0,121,16,-19,0,-127,16,-66,0,-124,16,-127,0,-127,16,111,0,117,16,80,0,86,16,86,0,63,16,113,0,82,16,-137,0,-133,16]"
CSI_DATA,8149,d8:b1:90:d9:de:f0,-41,9,-99,-35,42,104,583457872,752,0,106,0,"[-45,0,53,18,-81,0,-4,17,-134,0,-6,17,135,0,37,18,132,0,78,18,140,0,107,18,-143,0,118,18,-106,0,101,18,-81,0,79,18,-107,0,77,18,-144,0,111,18,125,0,-143,18,106,0,-46,18,0,0,0,0,-140,0,95,0,-53,0,139,0,23,1,127,0,57,1,95,0,33,1,52,0,-24,0,36,0,-91,0,45,0,-128,0,81,0,-141,0,111,0,-118,0,140,0,-73,0,144,0,-56,0,95,0,-100,0]"
CSI_DATA,8150,d8:b1:90:d9:de:f0,-43,11,-99,-34,44,104,583503646,100,0,228,0,"[11,14,12,17,13,20,13,23,12,25,10,25,9,25,117,69,5,23,5,21,4,20,4,18,4,16,5,16,6,15,6,13,8,13,10,12,11,11,12,11,13,10,33,-55,13,8,12,6,11,5,10,3,9,1,8,0,0,0,8,-6,8,-10,10,-13,12,-16,15,-16,16,-18,-34,0,21,-19,22,-18,22,-16,21,-14,19,-12,17,-10,16,-9,13,-8,10,-8,8,-8,6,-9,5,-10,3,-11,51,0,3,-15,4,-15,4,-15,4,-14,4,-12,4,-9,3,-7,-9,6,0,12,7,9,12,0,7,-9,-2,-12,-11,-5,-3,31,-2,14,8,11,16,0,13,-12,0,-19,-15,-15,-23,0,-18,16,-1,26,17,21,27,3,23,-16,4,-26,0,-12,-22,-3,-16,12,0,18,12,11,16,-1,7,-13,0,0,-14,-5,-14,7,-4,15,7,14,14,3,11,-6,22,-31,-5,-6,-6,1,0,7,7,3,9,-5,1,-12,-8,-12,-16,-2,-16,10,-5,19,9,19,20,9,22,-7,16,-33,-3,-22,-16,-13,-19,1,-10,13,1,15,11,7,10,-2]"
CSI_DATA,8151,d8:b1:90:d9:de:f0,-41,9,-99,-35,42,104,583666648,98,0,106,0,"[33,1,152,18,37,1,69,18,-24,0,37,18,-90,0,62,18,-140,0,112,18,154,0,-145,18,-149,0,-86,18,-111,0,-29,18,-59,0,1,0,-37,0,7,0,-62,0,3,0,-128,0,8,0,102,0,42,0,0,0,0,0,-3,18,-117,0,-2,18,-8,0,36,0,73,1,96,0,95,1,129,0,52,1,124,0,-31,0,80,0,-114,0,15,0,155,0,-51,18,143,0,-101,18,-148,0,-130,18,-105,0,-102,18,-66,0,-44,18]"
CSI_DATA,8152,d8:b1:90:d9:de:f0,-40,9,-99,-38,42,104,583666753,130,0,106,0,"[-69,18,-20,20,-108,18,58,0,-60,18,122,0,14,20,133,0,81,20,106,0,128,20,60,0,145,20,-4,20,129,20,-70,20,98,20,-116,20,78,20,-129,20,98,20,-112,20,162,20,-85,20,-74,20,-82,20,0,0,0,0,90,0,152,20,130,0,44,20,122,0,-53,18,74,0,-102,18,20,0,-74,18,-9,20,16,20,1,0,114,20,44,0,-156,20,104,0,-122,20,169,0,-125,20,-130,0,-161,20,-148,0,132,20,121,0]"
CSI_DATA,8153,d8:b1:90:d9:de:f0,-41,9,-99,-35,42,104,583666870,98,0,106,0,"[41,0,69,1,119,0,92,1,-144,0,50,1,-143,0,-26,0,144,0,-90,0,92,0,-121,0,37,0,-129,0,-26,18,-107,0,-64,18,-67,0,-73,18,-47,0,-57,18,-69,0,-44,18,-132,0,-59,18,94,0,0,0,0,0,119,18,-42,18,13,18,-55,18,-73,17,-30,18,-106,17,30,0,-67,17,84,0,15,18,91,0,103,18,56,0,-155,18,-1,18,-139,18,-59,18,155,18,-114,18,111,18,-143,18,73,18,-117,18,95,18]"
CSI_DATA,8154,d8:b1:90:d9:de:f0,-40,11,-99,-36,42,104,583875075,277,0,106,0,"[32,0,56,1,103,0,76,1,146,0,26,1,137,0,-31,0,112,0,-79,0,74,0,-104,0,27,0,-94,0,-12,18,-61,0,-28,18,-33,0,-37,18,-25,0,-30,18,-51,0,-31,18,-122,0,-66,18,115,0,0,0,0,0,120,18,25,0,23,18,44,0,-47,17,88,0,-64,17,140,0,-13,17,-157,0,65,18,144,0,125,18,91,0,156,18,36,0,142,18,-25,18,98,18,-55,18,54,18,-50,18,35,18,2,0,89,18]"
CSI_DATA,8155,d8:b1:90:d9:de:f0,-41,9,-99,-34,42,104,583875520,252,0,106,0,"[-53,16,87,0,-68,16,141,0,-27,16,-149,0,29,17,131,0,67,17,85,0,95,17,30,0,99,17,-27,17,84,17,-90,17,71,17,-136,17,71,17,-152,17,103,17,-134,17,-134,17,-109,17,-38,17,-95,17,0,0,0,0,-152,0,-127,17,-74,0,116,17,-33,0,53,17,-38,0,14,17,-77,0,24,17,-123,0,90,17,147,0,-129,17,146,0,-57,17,-140,0,8,0,-95,0,46,0,-46,0,59,0,-33,0,27,0,-84,0]"
CSI_DATA,8156,d8:b1:90:d9:de:f0,-40,9,-99,-37,42,104,583889501,124,0,106,0,"[16,0,-67,18,-24,19,-103,18,-55,19,-76,18,-49,19,-16,18,-32,19,31,19,10,0,73,19,62,0,89,19,117,0,93,19,-161,0,99,19,-137,0,110,19,-139,0,142,19,-163,0,-125,19,136,0,-29,19,0,0,0,0,154,0,133,0,-125,0,-104,0,-59,0,-54,0,-19,0,-45,0,-36,0,-75,0,-90,0,-115,0,163,0,-152,0,90,0,-160,0,29,0,-146,0,-2,19,-98,0,-3,19,-58,0,15,0,-58,0,41,0]"
CSI_DATA,8157,d8:b1:90:d9:de:f0,-41,9,-99,-36,43,104,584084428,752,0,106,0,"[34,0,53,1,86,0,68,1,108,0,34,1,107,0,-16,0,81,0,-56,0,47,0,-78,0,4,0,-79,0,-32,16,-69,0,-69,16,-44,0,-80,16,-46,0,-80,16,-74,0,-79,16,-133,0,-93,16,86,0,0,0,0,0,107,16,-35,16,21,16,-59,16,-51,15,-48,16,-79,15,-15,16,-52,15,13,0,7,16,17,0,80,16,-2,16,127,16,-42,16,-136,16,-87,16,135,16,-132,16,99,16,129,16,74,16,-142,16,93,16]"
CSI_DATA,8158,d8:b1:90:d9:de:f0,-41,11,-99,-37,43,104,584292872,277,0,106,0,"[-99,0,10,17,-105,0,-36,16,-132,0,-32,16,130,0,13,17,113,0,76,17,124,0,132,17,-147,0,-107,17,-103,0,-49,17,-55,0,-3,17,-35,0,15,0,-51,0,21,0,-114,0,30,0,97,0,48,0,0,0,0,0,-60,17,-135,0,-116,17,-46,0,-133,17,35,1,-114,17,76,1,-91,17,64,1,-70,17,-10,0,-71,17,-102,0,-99,17,116,0,-133,17,64,0,105,17,33,0,53,17,26,0,38,17,50,0,95,17]"
CSI_DATA,8159,d8:b1:90:d9:de:f0,-41,9,-99,-35,42,104,584293317,101,0,106,0,"[-12,18,47,1,30,0,83,1,63,0,58,1,64,0,6,1,41,0,-56,0,6,0,-101,0,-51,18,-132,0,-119,18,-138,0,130,18,-136,0,102,18,-134,0,113,18,-150,0,-155,18,119,0,-108,18,37,0,0,0,0,0,-86,18,152,18,-134,18,53,18,119,18,-11,17,67,18,-22,17,58,18,19,18,102,18,84,18,-134,18,140,18,-52,18,-149,18,17,0,-154,18,73,0,117,18,96,0,69,18,66,0,44,18,14,0]"
CSI_DATA,8160,d8:b1:90:d9:de:f0,-41,9,-99,-36,43,104,584293467,98,0,106,0,"[69,16,32,16,15,16,34,16,6,16,69,16,39,16,112,16,90,16,142,16,142,16,-139,16,-88,16,133,16,-38,16,89,16,2,0,43,16,15,0,24,16,14,0,44,16,17,0,106,16,43,0,-100,16,0,0,0,0,-123,0,37,0,-28,0,63,0,58,1,58,0,94,1,26,0,70,1,-6,16,2,1,-13,16,-78,0,6,0,-142,0,51,0,109,0,102,0,104,0,-123,0,126,0,-80,0,-123,0,-87,0,-125,0]"
CSI_DATA,8161,d8:b1:90:d9:de:f0,-42,9,-99,-35,43,104,584502216,108,0,106,0,"[-33,15,118,0,-29,15,-112,0,7,16,-100,0,42,16,-117,0,73,16,134,0,90,16,104,0,80,16,74,0,57,16,39,0,38,16,17,0,33,16,6,0,62,16,-3,16,111,16,-19,16,-107,16,-59,16,0,0,0,0,-32,16,103,16,-47,16,21,16,-83,16,-35,15,-122,16,-52,15,-137,16,-18,15,-124,16,40,16,-78,16,92,16,-22,16,118,16,21,0,117,16,53,0,86,16,54,0,52,16,22,0,42,16,-9,16]"
CSI_DATA,8162,d8:b1:90:d9:de:f0,-41,9,-99,-37,43,104,584502370,130,0,106,0,"[-48,16,-90,17,-81,16,-46,17,-62,16,-10,17,-16,16,2,0,27,17,2,0,55,17,-21,17,68,17,-48,17,61,17,-87,17,57,17,-118,17,68,17,-135,17,97,17,-123,17,-144,17,-117,17,-71,17,-118,17,0,0,0,0,40,0,102,17,75,0,26,17,75,0,-43,16,45,0,-73,16,19,0,-53,16,11,0,4,17,20,0,73,17,55,0,116,17,93,0,138,17,127,0,124,17,146,0,95,17,129,0,81,17,78,0]"
CSI_DATA,8163,d8:b1:90:d9:de:f0,-41,9,-99,-35,43,104,584502487,113,0,106,0,"[-33,16,47,1,17,0,70,1,52,0,43,1,56,0,-1,0,43,0,-35,0,22,0,-62,0,-9,16,-69,0,-41,16,-53,0,-66,16,-42,0,-71,16,-44,0,-73,16,-74,0,-69,16,-125,0,-85,16,88,0,0,0,0,0,94,16,-6,16,16,16,-15,16,-44,15,8,0,-73,15,43,0,-37,15,73,0,18,16,67,0,80,16,43,0,115,16,1,0,119,16,-43,16,94,16,-77,16,57,16,-82,16,45,16,-49,16,86,16]"
CSI_DATA,8164,d8:b1:90:d9:de:f0,-39,11,-99,-35,41,104,584516947,100,0,114,0,"[-2,37,-5,39,-6,42,-8,42,-9,42,-9,41,-10,41,-9,38,-5,37,-6,37,-4,35,-4,35,-4,35,-2,37,-2,38,0,39,1,41,1,42,2,43,5,43,4,43,8,45,8,43,9,43,9,41,9,41,10,41,12,39,0,0,13,38,13,37,15,38,16,39,17,39,17,38,20,38,20,39,23,37,21,35,21,32,21,32,21,30,23,27,21,26,21,24,21,23,23,23,24,23,26,21,27,23,28,24,30,24,28,24,28,26,27,24,24,26,21,24]"
CSI_DATA,8165,d8:b1:90:d9:de:f0,-39,9,-99,-33,40,104,584545067,98,0,106,0,"[13,0,-85,20,-37,21,-130,20,-77,21,-97,20,-75,21,-10,20,-45,21,61,21,15,0,129,21,82,0,180,21,171,0,-171,21,-114,0,-155,21,-84,0,-149,21,-111,0,-127,21,-177,0,-72,21,100,0,15,0,0,0,0,0,2,0,-139,0,-7,21,4,1,34,0,95,1,74,0,132,1,87,0,82,1,62,0,-15,0,14,0,-126,0,-63,21,174,0,-130,21,126,0,164,21,113,0,103,21,127,0,103,21,154,0,177,21]"
CSI_DATA,8166,d8:b1:90:d9:de:f0,-40,9,-99,-37,42,104,584711151,98,0,106,0,"[-154,0,-3,18,155,0,-59,18,116,0,-55,18,84,0,-9,18,71,0,40,19,97,0,101,19,128,0,137,19,-151,0,-164,19,-95,0,-139,19,-75,0,-129,19,-86,0,-112,19,-130,0,-67,19,133,0,-2,19,0,0,0,0,77,0,161,0,86,0,-55,0,145,0,15,1,-139,0,45,1,-125,0,16,1,-151,0,-44,0,123,0,-107,0,53,0,-141,0,-6,19,-154,0,-58,19,-130,0,-81,19,-91,0,-75,19,-69,0,-28,19]"
CSI_DATA,8167,d8:b1:90:d9:de:f0,-40,9,-99,-35,41,104,584746097,98,0,106,0,"[-116,20,-68,19,168,20,-72,19,152,20,-21,19,-168,20,43,20,-120,20,94,20,-68,20,118,20,-12,20,116,20,48,0,89,20,101,0,65,20,109,0,67,20,112,0,113,20,104,0,-163,20,116,0,-54,20,0,0,0,0,-138,0,105,0,-38,0,153,0,42,1,160,0,79,1,131,0,39,1,100,0,-42,0,82,0,-131,0,83,0,145,0,126,0,102,0,164,0,90,0,-129,0,107,0,-89,0,133,0,-97,0,130,0]"
CSI_DATA,8168,d8:b1:90:d9:de:f0,-40,11,-99,-37,42,104,584919568,277,0,106,0,"[-84,0,-7,0,-25,0,-20,0,-23,0,-71,0,-59,0,-117,0,-112,0,-143,0,-158,0,-142,0,128,0,-120,0,97,0,-80,0,77,0,-42,0,64,0,-32,0,37,0,-67,0,3,0,-116,0,-55,19,149,0,0,0,0,0,132,19,107,0,44,19,129,0,-9,18,-154,0,-18,18,-120,0,22,19,-117,0,81,19,-154,0,132,19,117,0,146,19,53,0,142,19,3,0,108,19,-32,19,72,19,-42,19,62,19,-16,19,108,19]"
CSI_DATA,8169,d8:b1:90:d9:de:f0,-41,9,-99,-35,42,104,584920022,113,0,106,0,"[39,1,148,18,20,1,74,18,-33,0,53,18,-92,0,81,18,-128,0,122,18,-140,0,-148,18,-119,0,-114,18,-85,0,-84,18,-56,0,-70,18,-55,0,-67,18,-77,0,-56,18,-133,0,-24,18,130,0,36,0,0,0,0,0,101,0,-133,0,150,0,-55,0,-97,0,-18,0,-48,0,-25,0,-45,0,-72,0,-88,0,-132,0,-155,0,144,0,90,0,136,0,51,0,-155,0,36,0,-110,0,52,0,-73,0,89,0,-80,0,105,0]"
CSI_DATA,8170,d8:b1:90:d9:de:f0,-40,11,-99,-36,42,104,585337366,277,0,106,0,"[33,18,-65,0,27,18,-10,0,60,18,-3,0,98,18,-51,0,132,18,-117,0,140,18,146,0,130,18,80,0,101,18,12,0,69,18,-41,18,57,18,-69,18,89,18,-70,18,156,18,-60,18,-60,18,-62,18,0,0,0,0,149,0,-129,18,-88,0,109,18,-33,0,32,18,-41,0,-16,17,-75,0,-15,17,-130,0,49,18,146,0,143,18,135,0,-86,18,148,0,-11,18,-132,0,47,0,-90,0,71,0,-67,0,54,0,-117,0]"
CSI_DATA,8171,d8:b1:90:d9:de:f0,-40,9,-99,-38,42,104,585337811,752,0,106,0,"[49,0,-44,18,14,0,-88,18,-10,20,-72,18,-16,20,-17,18,5,0,46,20,37,0,93,20,93,0,130,20,156,0,150,20,-122,0,166,20,-98,0,-169,20,-110,0,-136,20,-160,0,-88,20,113,0,-5,20,0,0,0,0,60,0,-154,0,70,0,-38,0,118,0,49,1,158,0,77,1,-169,0,45,1,149,0,-33,0,92,0,-113,0,22,0,-162,0,-46,20,160,0,-116,20,-170,0,-156,20,-142,0,-150,20,-117,0,-106,20]"
CSI_DATA,8172,d8:b1:90:d9:de:f0,-39,9,-99,-35,41,104,585338159,130,0,106,0,"[-69,0,-42,0,-2,0,-43,0,5,1,-87,0,-37,0,-135,0,-101,0,-164,0,-157,0,-171,0,134,0,-145,0,78,0,-98,0,38,0,-50,0,19,0,-31,0,10,0,-61,0,-10,20,-139,0,-52,20,112,0,0,0,0,0,146,20,-37,20,19,20,-67,20,-80,19,-53,20,-124,19,-13,20,-96,19,20,0,-12,19,30,0,89,20,5,0,161,20,-42,20,-142,20,-105,20,-141,20,-171,20,-163,20,126,20,157,20,135,20,170,20]"
CSI_DATA,8173,d8:b1:90:d9:de:f0,-43,11,-99,-36,45,104,585504005,100,0,228,0,"[3,-18,5,-22,8,-24,10,-24,12,-24,14,-23,14,-21,110,65,13,-17,12,-16,11,-15,9,-14,8,-13,7,-14,6,-14,4,-16,2,-16,1,-16,0,-17,0,-18,0,-17,31,-52,0,-16,0,-14,-1,-12,-3,-9,-4,-7,-6,-5,0,0,-11,-1,-14,-1,-17,-1,-20,-1,-23,-2,-25,-3,-32,12,-26,-6,-26,-8,-24,-8,-22,-8,-20,-8,-16,-7,-15,-5,-14,-3,-12,-2,-11,0,-11,0,-11,2,-12,4,84,13,-15,5,-16,4,-16,3,-16,2,-13,0,-10,0,-8,0,10,2,9,-5,1,-10,-7,-8,-11,0,-6,8,4,10,25,-16,11,-8,1,-15,-10,-13,-18,-1,-16,12,-3,21,13,19,24,5,22,-13,6,-26,-13,-23,-24,-7,-21,11,-6,4,11,17,19,2,13,-12,0,-16,-13,-9,-16,3,0,0,5,16,16,8,16,-5,8,-14,-3,-15,-11,-7,-37,-1,-1,8,5,4,5,-3,0,-8,-9,-4,-12,5,-6,14,5,16,16,8,18,-5,11,-16,-2,-21,-16,-14,-35,5,-15,14,-2,19,11,14,16,1,9,-9,0,-11,-8,-6]"
CSI_DATA,8174,d8:b1:90:d9:de:f0,-40,11,-99,-37,42,104,585546264,277,0,106,0,"[-63,19,-82,18,-133,19,-98,18,-164,19,-57,18,-154,19,14,19,-124,19,67,19,-75,19,101,19,-28,19,103,19,32,0,91,19,76,0,76,19,94,0,75,19,91,0,106,19,86,0,-160,19,98,0,-66,19,0,0,0,0,-136,0,91,0,-34,0,132,0,37,1,138,0,80,1,106,0,63,1,64,0,-10,0,42,0,-99,0,49,0,160,0,80,0,123,0,121,0,114,0,-159,0,128,0,-119,0,155,0,-126,0,149,0]"
CSI_DATA,8175,d8:b1:90:d9:de:f0,-40,9,-99,-34,41,104,585546736,98,0,106,0,"[157,20,48,1,-132,20,109,1,-70,20,89,1,-37,20,28,1,-29,20,-42,0,-52,20,-88,0,-94,20,-117,0,-153,20,-129,0,137,20,-122,0,124,20,-120,0,145,20,-145,0,-165,20,141,0,-134,20,42,0,0,0,0,0,162,20,-136,20,80,20,140,20,-12,18,124,20,-56,18,153,20,-44,18,-140,20,21,20,-96,20,109,20,-84,20,-154,20,-108,20,-110,20,-145,20,-102,20,142,20,-118,20,100,20,-156,20,102,20,-166,20]"
CSI_DATA,8176,d8:b1:90:d9:de:f0,-40,9,-99,-35,41,104,585559584,311,0,106,0,"[76,20,-23,0,105,20,41,1,159,20,43,1,-150,20,-5,0,-134,20,-67,0,-134,20,-129,0,-164,20,166,0,134,20,126,0,85,20,98,0,71,20,78,0,96,20,54,0,157,20,15,0,-115,20,-38,20,0,0,0,0,-26,20,141,20,-21,20,27,20,-64,20,-60,19,-101,20,-90,19,-123,20,-49,19,-112,20,23,20,-60,20,102,20,-1,20,157,20,63,0,-170,20,124,0,174,20,160,0,142,20,149,0,116,20,98,0]"
CSI_DATA,8177,d8:b1:90:d9:de:f0,-40,9,-99,-34,41,104,585755608,98,0,106,0,"[129,20,-33,18,52,20,-17,18,45,20,38,20,88,20,102,20,148,20,144,20,-120,20,153,20,-53,20,133,20,1,0,100,20,33,0,66,20,48,0,58,20,48,0,97,20,49,0,-154,20,85,0,-54,20,0,0,0,0,-106,0,101,0,2,1,133,0,85,1,125,0,118,1,84,0,74,1,46,0,-17,0,29,0,-124,0,49,0,141,0,89,0,98,0,145,0,88,0,-132,0,109,0,-92,0,133,0,-102,0,128,0]"
CSI_DATA,8178,d8:b1:90:d9:de:f0,-40,11,-99,-36,42,104,585964062,277,0,106,0,"[-7,0,-47,0,40,1,-56,0,25,1,-101,0,-40,0,-137,0,-124,0,-153,0,130,0,-156,0,51,0,-139,0,-17,18,-108,0,-83,18,-75,0,-113,18,-73,0,-114,18,-112,0,-101,18,130,0,-93,18,28,0,0,0,0,0,-122,18,134,18,144,18,36,18,91,18,-22,17,61,18,-37,17,69,18,6,18,129,18,69,18,-109,18,133,18,-25,18,-158,18,61,0,-142,18,127,0,-153,18,-146,0,144,18,-157,0,118,18,113,0]"
CSI_DATA,8179,d8:b1:90:d9:de:f0,-40,9,-99,-33,41,104,585964534,108,0,106,0,"[-11,18,89,19,-63,18,114,19,-42,18,154,19,19,19,-147,19,98,19,-141,19,-161,19,-149,19,-90,19,145,19,-37,19,95,19,10,0,57,19,40,0,45,19,57,0,81,19,67,0,158,19,98,0,-75,19,0,0,0,0,-128,0,107,0,-36,0,163,0,40,1,-139,0,73,1,-143,0,42,1,161,0,-36,0,136,0,-134,0,123,0,104,0,130,0,37,0,163,0,-11,19,-116,0,-31,19,-71,0,-11,19,-59,0,6,0]"
CSI_DATA,8180,d8:b1:90:d9:de:f0,-39,9,-99,-36,41,104,585964670,120,0,106,0,"[77,1,-96,21,93,1,-153,21,53,1,-169,21,-15,0,-148,21,-84,0,-98,21,-124,0,-21,21,-139,0,53,0,-138,0,132,0,-137,0,-158,0,-152,0,-124,0,170,0,-146,0,98,0,175,0,0,0,125,0,0,0,0,0,155,21,120,0,39,21,139,0,-39,19,-158,0,-52,19,-124,0,-12,19,-137,0,55,21,172,0,127,21,98,0,173,21,14,0,-169,21,-64,21,172,21,-132,21,139,21,-175,21,128,21,-177,21,155,21]"
CSI_DATA,8181,d8:b1:90:d9:de:f0,-40,9,-99,-34,41,104,585964809,120,0,106,0,"[57,1,162,0,105,1,117,0,78,1,77,0,-2,0,53,0,-82,0,62,0,-150,0,94,0,138,0,146,0,96,0,-121,0,76,0,-65,0,61,0,-50,0,49,0,-81,0,17,0,-154,0,-49,20,100,0,0,0,0,0,105,20,-25,20,-8,18,-40,20,-92,18,-17,20,-120,18,18,0,-80,18,42,0,16,20,38,0,118,20,-2,20,-146,20,-58,20,-100,20,-126,20,-92,20,140,20,-110,20,88,20,-148,20,98,20,-142,20]"
CSI_DATA,8182,d8:b1:90:d9:de:f0,-40,9,-99,-35,41,104,585994112,130,0,106,0,"[-65,0,-69,0,0,1,-64,0,13,1,-98,0,-32,0,-149,0,-82,0,-167,0,-155,0,-174,0,135,0,-152,0,79,0,-108,0,26,0,-68,0,-8,20,-53,0,-20,20,-74,0,-37,20,-129,0,-74,20,109,0,0,0,0,0,152,20,-52,20,43,20,-107,20,-42,19,-115,20,-100,19,-102,20,-86,19,-75,20,0,20,-69,20,98,20,-74,20,-172,20,-109,20,-118,20,-150,20,-96,20,138,20,-104,20,89,20,-119,20,86,20,-120,20]"
CSI_DATA,8183,d8:b1:90:d9:de:f0,-41,9,-99,-34,42,104,586173441,130,0,106,0,"[-33,0,-49,0,28,1,-71,0,26,1,-129,0,-19,0,134,0,-72,0,114,0,-129,0,112,0,128,0,144,0,96,0,-114,0,65,0,-67,0,57,0,-53,0,52,0,-72,0,27,0,-128,0,-27,17,111,0,0,0,0,0,111,17,36,0,19,17,52,0,-42,16,93,0,-59,16,137,0,-15,16,-150,0,47,17,127,0,109,17,74,0,143,17,3,0,137,17,-54,17,108,17,-92,17,64,17,-103,17,54,17,-71,17,96,17]"
CSI_DATA,8184,d8:b1:90:d9:de:f0,-41,11,-99,-33,42,104,586381859,277,0,106,0,"[-112,0,-9,16,140,0,-61,16,88,0,-49,16,49,0,2,17,42,0,62,17,66,0,106,17,106,0,132,17,-135,0,143,17,-88,0,124,17,-85,0,115,17,-115,0,130,17,133,0,-113,17,106,0,-32,17,0,0,0,0,137,0,138,0,-81,0,-95,0,0,1,-84,0,45,1,-114,0,30,1,135,0,-28,0,94,0,-118,0,84,0,114,0,106,0,72,0,-146,0,75,0,-92,0,107,0,-54,0,-145,0,-68,0,-137,0]"
CSI_DATA,8185,d8:b1:90:d9:de:f0,-41,9,-99,-33,42,104,586382331,101,0,106,0,"[-53,0,-25,0,-5,0,-36,0,-12,0,-76,0,-57,0,-115,0,-124,0,-131,0,109,0,-135,0,47,0,-107,0,-10,17,-72,0,-51,17,-36,0,-64,17,-27,0,-68,17,-60,0,-60,17,-131,0,-71,17,68,0,0,0,0,0,131,17,-108,17,49,17,122,17,-25,16,101,17,-54,16,113,17,-26,16,145,17,42,17,-118,17,132,17,-107,17,-71,17,-125,17,-13,17,133,17,26,0,79,17,26,0,27,17,-10,17,17,17,-42,17]"
CSI_DATA,8186,d8:b1:90:d9:de:f0,-40,9,-99,-34,41,104,586408402,98,0,106,0,"[25,1,146,0,85,1,114,0,70,1,73,0,13,1,48,0,-42,0,37,0,-104,0,54,0,-153,0,98,0,161,0,162,0,137,0,-118,0,125,0,-84,0,106,0,-82,0,74,0,-121,0,6,0,160,0,0,0,0,0,-170,20,118,0,61,20,152,0,-9,18,-134,0,-32,18,-77,0,9,20,-57,0,85,20,-96,0,152,20,165,0,-164,20,81,0,-170,20,5,0,129,20,-52,20,72,20,-77,20,40,20,-49,20,74,20]"
CSI_DATA,8187,d8:b1:90:d9:de:f0,-38,11,-99,-35,40,104,586504039,100,0,114,0,"[21,35,21,41,21,44,18,46,16,47,15,46,13,46,13,43,13,40,13,40,13,38,12,38,13,36,15,38,15,40,18,40,18,41,18,43,18,43,21,44,21,44,23,46,23,44,23,44,23,43,21,41,21,41,23,40,0,0,24,38,23,38,23,40,26,40,24,40,26,41,26,41,26,40,26,38,27,36,26,33,26,33,26,32,24,30,24,29,24,27,24,26,24,26,26,26,26,27,29,27,27,29,29,30,29,32,29,32,26,32,23,32,20,30]"
CSI_DATA,8188,d8:b1:90:d9:de:f0,-40,9,-99,-33,41,104,586800102,98,0,106,0,"[47,1,-147,19,42,1,95,19,-15,0,67,19,-86,0,75,19,-139,0,107,19,-164,0,151,19,-156,0,-130,19,-120,0,-88,19,-79,0,-67,19,-50,0,-58,19,-51,0,-55,19,-93,0,-40,19,-139,0,0,0,0,0,0,0,-155,0,133,0,-101,0,-126,0,-16,0,-90,0,45,1,-114,0,49,1,152,0,-5,0,81,0,-95,0,53,0,158,0,55,0,102,0,99,0,94,0,164,0,123,0,-111,0,-151,0,-106,0,-129,0]"
CSI_DATA,8189,d8:b1:90:d9:de:f0,-39,9,-99,-34,40,104,586810771,224,0,106,0,"[31,22,79,22,-40,20,100,22,-52,20,161,22,-13,20,-164,22,44,22,-124,22,116,22,-116,22,169,22,-134,22,-169,22,-184,22,-119,22,148,22,-83,22,112,22,-50,22,110,22,-10,22,134,22,49,0,184,22,0,0,0,0,-190,0,190,22,-91,0,163,22,-22,0,101,22,-17,0,47,22,-56,0,29,22,-121,0,64,22,-187,0,133,22,160,0,-155,22,161,0,-77,22,-190,0,-16,22,-137,0,13,0,-106,0,11,0,-122,0]"
CSI_DATA,8190,d8:b1:90:d9:de:f0,-41,11,-99,-35,42,104,587008555,277,0,106,0,"[-145,0,28,1,-86,0,40,1,-63,0,6,1,-84,0,-45,0,-119,0,-88,0,148,0,-108,0,100,0,-101,0,52,0,-79,0,8,0,-51,0,-13,18,-50,0,-22,18,-70,0,-45,18,-128,0,-83,18,113,0,0,0,0,0,106,18,0,0,14,18,-14,18,-55,17,-2,18,-90,17,31,0,-69,17,52,0,-6,17,50,0,68,18,26,0,119,18,-19,18,145,18,-62,18,136,18,-103,18,114,18,-128,18,103,18,-112,18,135,18]"
CSI_DATA,8191,d8:b1:90:d9:de:f0,-40,9,-99,-34,41,104,587009036,130,0,106,0,"[57,1,46,0,105,1,-8,20,84,1,-52,20,24,1,-76,20,-29,0,-73,20,-69,0,-36,20,-90,0,4,0,-84,0,53,0,-65,0,101,0,-73,0,116,0,-102,0,114,0,-162,0,108,0,88,0,117,0,0,0,0,0,-37,20,-129,0,-86,20,-33,0,-69,20,50,1,-37,20,90,1,-2,20,70,1,10,0,4,1,-4,20,-76,0,-42,20,-129,0,-77,20,-162,0,-118,20,-152,0,-138,20,-122,0,-121,20,-110,0,-65,20]"
CSI_DATA,8192,d8:b1:90:d9:de:f0,-40,9,-99,-35,42,104,587009189,113,0,106,0,"[118,0,47,1,-130,0,63,1,-97,0,31,1,-102,0,-34,0,-128,0,-84,0,145,0,-112,0,106,0,-107,0,64,0,-91,0,33,0,-61,0,24,0,-56,0,14,0,-74,0,-8,18,-124,0,-48,18,125,0,0,0,0,0,114,18,66,0,20,18,83,0,-26,17,125,0,-46,17,-136,0,-17,17,-100,0,55,18,-125,0,112,18,132,0,139,18,77,0,140,18,31,0,108,18,13,0,75,18,9,0,77,18,41,0,136,18]"
CSI_DATA,8193,d8:b1:90:d9:de:f0,-41,9,-99,-34,42,104,587009307,130,0,106,0,"[-60,0,28,17,-89,0,-45,16,-147,0,-55,16,103,0,-16,16,74,0,26,17,77,0,74,17,96,0,105,17,134,0,121,17,-129,0,135,17,-120,0,139,17,-140,0,147,17,133,0,-105,17,109,0,-30,17,0,0,0,0,-152,0,130,0,-76,0,-118,0,0,1,-108,0,60,1,-133,0,58,1,121,0,-3,0,74,0,-80,0,59,0,-140,0,74,0,133,0,108,0,137,0,142,0,-141,0,-139,0,-118,0,139,0,-137,0]"
CSI_DATA,8194,d8:b1:90:d9:de:f0,-41,9,-99,-36,42,104,587217935,98,0,106,0,"[-149,18,-16,17,104,18,-16,17,91,18,27,18,124,18,80,18,-139,18,113,18,-85,18,123,18,-26,18,99,18,26,0,66,18,57,0,32,18,60,0,22,18,50,0,55,18,42,0,134,18,59,0,-86,18,0,0,0,0,-153,0,89,0,-59,0,134,0,28,1,144,0,66,1,118,0,46,1,83,0,-28,0,60,0,-128,0,61,0,119,0,95,0,70,0,149,0,57,0,-105,0,81,0,-49,0,130,0,-46,0,148,0]"
CSI_DATA,8195,d8:b1:90:d9:de:f0,-41,9,-99,-38,43,104,587218085,752,0,106,0,"[19,1,134,0,70,1,96,0,47,1,48,0,-13,0,36,0,-72,0,45,0,-117,0,73,0,-147,0,124,0,-150,0,-114,0,-142,0,-67,0,-135,0,-60,0,150,0,-95,0,108,0,146,0,27,0,92,0,0,0,0,0,134,17,62,0,34,17,103,0,-19,16,-146,0,-24,16,-90,0,20,17,-82,0,93,17,-118,0,148,17,108,0,-140,17,29,0,-148,17,-36,17,110,17,-86,17,49,17,-99,17,16,17,-57,17,60,17]"
CSI_DATA,8196,d8:b1:90:d9:de:f0,-38,9,-99,-36,40,104,587234782,108,0,106,0,"[-17,22,-144,23,-83,22,-125,23,-68,22,-87,23,11,23,-71,23,96,23,-74,23,179,23,-115,23,-161,23,-177,23,-96,23,137,23,-57,23,53,23,-41,23,1,23,-26,23,20,23,-14,23,103,23,26,0,-174,23,0,0,0,0,-193,0,-11,23,-64,0,52,0,61,1,64,0,114,1,38,0,79,1,9,0,-26,0,-4,23,-155,0,26,0,147,0,79,0,74,0,166,0,38,0,-139,0,45,0,-50,0,99,0,-17,0,136,0]"
CSI_DATA,8197,d8:b1:90:d9:de:f0,-40,9,-99,-34,41,104,587284098,113,0,106,0,"[-17,18,120,20,-70,18,154,20,-56,18,-138,20,2,20,-105,20,72,20,-109,20,126,20,-126,20,-168,20,-168,20,-141,20,126,20,-122,20,84,20,-97,20,77,20,-64,20,106,20,-1,20,164,20,77,0,-114,20,0,0,0,0,-85,0,-77,20,13,1,-113,20,68,1,-168,20,66,1,145,20,22,1,156,20,-50,0,-132,20,-128,0,-70,20,-153,0,0,0,-156,0,70,0,-126,0,112,0,-90,0,130,0,-76,0,100,0,-130,0]"
CSI_DATA,8198,d8:b1:90:d9:de:f0,-44,11,-99,-32,45,104,587503965,100,0,228,0,"[-3,-17,-2,-21,-1,-23,0,-24,1,-25,3,-24,3,-23,98,58,3,-19,3,-19,3,-17,2,-15,1,-15,0,-14,0,-14,0,-13,-2,-14,-3,-13,-3,-12,-3,-12,-4,-11,27,-46,-5,-7,-5,-5,-5,-3,-6,-1,-7,0,-7,2,0,0,-11,7,-12,8,-14,9,-16,11,-18,11,-20,11,-5,11,-22,11,-21,10,-21,8,-19,7,-18,6,-15,6,-13,6,-11,6,-10,6,-7,7,-7,7,-6,8,-6,9,-57,11,-6,11,-6,11,-6,10,-6,9,-5,7,-3,5,-2,3,7,0,3,-5,-3,-6,-7,0,-6,7,2,10,10,6,16,-26,6,-13,-5,-15,-15,-7,-16,5,-7,16,6,19,19,10,21,-6,11,-19,-6,-23,-20,-11,-23,6,-10,20,1,11,18,8,17,-7,5,-16,-7,-13,-14,-3,-11,8,0,0,8,9,11,0,7,-8,-1,-11,-7,-5,-7,2,-23,18,4,3,5,-3,0,-7,-8,-5,-10,3,-5,11,5,13,14,7,15,-4,8,-15,-3,-17,-15,-10,-19,2,-18,25,1,18,12,11,16,0,9,-10,-1,-12,-9,-6,-9,2]"
CSI_DATA,8199,d8:b1:90:d9:de:f0,-41,11,-99,-38,43,104,587635251,277,0,106,0,"[70,1,35,0,85,1,-45,17,40,1,-84,17,-16,0,-90,17,-55,0,-66,17,-62,0,-40,17,-54,0,-21,17,-32,0,-11,17,-16,0,-8,17,-32,0,-32,17,-82,0,-21,17,146,0,0,0,77,0,52,0,0,0,0,0,54,0,-98,0,82,0,-20,0,-148,0,24,1,-101,0,20,1,-80,0,-32,0,-108,0,-95,0,136,0,-135,0,90,0,-147,0,59,0,-131,0,53,0,-93,0,79,0,-76,0,118,0,-89,0,127,0]"
CSI_DATA,8200,d8:b1:90:d9:de:f0,-40,9,-99,-37,42,104,587635714,98,0,106,0,"[27,1,159,19,23,1,104,19,-22,0,107,19,-62,0,149,19,-86,0,-136,19,-85,0,-86,19,-68,0,-46,19,-34,0,-14,19,-11,0,7,0,-29,0,14,0,-89,0,28,0,164,0,49,0,64,0,88,0,0,0,0,0,-49,19,-120,0,-89,19,-23,0,-88,19,44,1,-68,19,73,1,-55,19,44,1,-45,19,-22,0,-67,19,-101,0,-98,19,-158,0,-143,19,141,0,143,19,138,0,117,19,160,0,136,19,-154,0,-134,19]"
CSI_DATA,8201,d8:b1:90:d9:de:f0,-41,9,-99,-35,42,104,587635837,130,0,106,0,"[41,0,78,1,105,0,81,1,121,0,36,1,95,0,-24,0,57,0,-58,0,14,0,-73,0,-26,18,-62,0,-61,18,-40,0,-74,18,-25,0,-69,18,-46,0,-59,18,-99,0,-51,18,125,0,-74,18,26,0,0,0,0,0,133,18,-123,18,46,18,144,18,-20,17,133,18,-55,17,-155,18,-30,17,-121,18,33,18,-96,18,112,18,-96,18,-136,18,-117,18,-101,18,-154,18,-96,18,113,18,-121,18,88,18,-149,18,108,18,-141,18]"
CSI_DATA,8202,d8:b1:90:d9:de:f0,-39,9,-99,-37,41,104,587692919,130,0,106,0,"[-34,20,-145,21,-106,20,-61,21,-84,20,14,0,-10,20,45,0,61,21,33,0,106,21,-1,21,107,21,-59,21,91,21,-101,21,59,21,-130,21,55,21,-130,21,87,21,-104,21,171,21,-84,21,-87,21,-82,21,0,0,0,0,75,0,183,21,122,0,65,21,111,0,-31,20,72,0,-79,20,34,0,-61,20,5,0,14,21,15,0,106,21,52,0,170,21,106,0,-171,21,162,0,180,21,-178,0,136,21,173,0,95,21,104,0]"
CSI_DATA,8203,d8:b1:90:d9:de:f0,-40,9,-99,-35,41,104,587721782,98,0,106,0,"[-90,20,-61,19,-155,20,-75,19,164,20,-28,19,-167,20,30,20,-123,20,78,20,-68,20,94,20,-6,20,78,20,43,0,41,20,72,0,1,20,85,0,-13,19,75,0,20,20,72,0,90,20,98,0,-161,20,0,0,0,0,-159,0,-23,20,-59,0,-5,20,19,1,-10,20,46,1,-32,20,13,1,-46,20,-52,0,-31,20,-118,0,-1,20,-170,0,49,0,167,0,108,0,-163,0,160,0,-122,0,-160,0,-89,0,174,0,-98,0]"
CSI_DATA,8204,d8:b1:90:d9:de:f0,-40,9,-99,-34,41,104,587759825,98,0,106,0,"[-65,18,36,0,-86,18,88,0,-48,18,96,0,12,20,78,0,62,20,25,0,88,20,-24,20,93,20,-90,20,74,20,-142,20,64,20,153,20,73,20,150,20,128,20,165,20,-129,20,-145,20,-17,20,-128,20,0,0,0,0,165,0,-160,20,-93,0,118,20,-48,0,60,20,-49,0,37,20,-78,0,56,20,-120,0,118,20,-153,0,-137,20,-156,0,-58,20,-140,0,0,0,-96,0,46,0,-53,0,64,0,-37,0,40,0,-82,0]"
CSI_DATA,8205,d8:b1:90:d9:de:f0,-40,11,-99,-37,42,104,588053049,277,0,106,0,"[-34,19,-32,18,-98,19,-47,18,-129,19,-10,18,-132,19,36,19,-114,19,71,19,-93,19,82,19,-66,19,76,19,-44,19,51,19,-40,19,27,19,-41,19,19,19,-34,19,46,19,-22,19,103,19,14,0,161,19,0,0,0,0,150,0,-124,19,-102,0,-154,19,-44,0,112,19,-42,0,60,19,-86,0,36,19,-143,0,69,19,147,0,134,19,138,0,-141,19,-156,0,-98,19,-103,0,-98,19,-60,0,-130,19,-63,0,132,19,-143,0]"
CSI_DATA,8206,d8:b1:90:d9:de:f0,-40,9,-99,-35,41,104,588053512,500,0,106,0,"[-142,20,-4,19,170,20,-12,19,167,20,10,20,-153,20,56,20,-118,20,79,20,-65,20,94,20,-21,20,76,20,24,0,50,20,68,0,30,20,93,0,32,20,101,0,65,20,97,0,134,20,111,0,-135,20,0,0,0,0,-144,0,6,0,-65,0,76,0,12,1,98,0,57,1,94,0,48,1,75,0,-17,0,61,0,-97,0,74,0,-174,0,104,0,131,0,156,0,129,0,-123,0,160,0,-64,0,-149,0,-61,0,-133,0]"
CSI_DATA,8207,d8:b1:90:d9:de:f0,-40,9,-99,-37,42,104,588053775,500,0,106,0,"[29,1,29,0,53,1,-1,19,32,1,-25,19,-9,0,-19,19,-58,0,2,0,-77,0,31,0,-84,0,75,0,-80,0,123,0,-67,0,-163,0,-69,0,-151,0,-103,0,-154,0,-165,0,159,0,91,0,145,0,0,0,0,0,-67,19,-150,0,-132,19,-89,0,158,19,-15,0,156,19,23,1,-154,19,16,1,-126,19,-37,0,-111,19,-114,0,-128,19,155,0,161,19,103,0,101,19,88,0,46,19,107,0,37,19,156,0,102,19]"
CSI_DATA,8208,d8:b1:90:d9:de:f0,-40,9,-99,-35,41,104,588054021,500,0,106,0,"[63,20,101,20,13,20,116,20,23,20,150,20,57,20,-166,20,102,20,-163,20,141,20,172,20,171,20,145,20,-160,20,97,20,-153,20,54,20,-148,20,46,20,-124,20,69,20,-85,20,120,20,-13,20,172,20,0,0,0,0,150,0,-137,20,-107,0,-167,20,-49,0,123,20,-28,0,75,20,-60,0,68,20,-109,0,108,20,-157,0,-168,20,-161,0,-97,20,-142,0,-41,20,-87,0,-5,20,-23,0,-9,20,1,1,-60,20,-60,0]"
CSI_DATA,8209,d8:b1:90:d9:de:f0,-37,9,-99,-37,39,104,588262446,101,0,106,0,"[-64,27,-29,25,-137,27,-64,25,-173,27,-18,25,-133,27,56,27,-76,27,117,27,1,0,148,27,91,0,146,27,186,0,100,27,-219,0,64,27,-215,0,58,27,197,0,89,27,128,0,184,27,58,0,-122,27,0,0,0,0,49,0,219,0,124,0,-86,0,215,0,20,1,-170,0,43,1,-155,0,-5,0,-214,0,-102,0,151,0,-179,0,32,0,-217,0,-73,27,-210,0,-151,27,-135,0,-173,27,-45,0,-118,27,3,1,-1,27]"
CSI_DATA,8210,d8:b1:90:d9:de:f0,-39,11,-99,-36,41,104,588470846,277,0,106,0,"[-156,0,8,21,-151,0,-49,19,-176,0,-38,19,146,0,33,21,139,0,137,21,142,0,-117,21,166,0,1,0,-138,0,115,0,-84,0,-153,0,-50,0,-104,0,-73,0,-120,0,-134,0,175,0,105,0,98,0,0,0,0,0,-166,21,43,0,46,21,43,0,-69,19,86,0,-98,19,115,0,-53,19,131,0,52,21,96,0,166,21,38,0,-94,21,-40,21,-33,21,-128,21,1,0,137,21,-1,21,59,21,-43,21,36,21,-79,21]"
CSI_DATA,8211,d8:b1:90:d9:de:f0,-40,9,-99,-37,42,104,588471300,130,0,106,0,"[73,19,55,19,9,19,40,19,5,19,82,19,64,19,133,19,152,19,-158,19,-86,19,-142,19,20,0,-152,19,125,0,145,19,-119,0,104,19,-84,0,72,19,-107,0,75,19,-163,0,130,19,101,0,-91,19,0,0,0,0,38,0,164,0,66,0,-37,0,116,0,50,1,160,0,71,1,-161,0,28,1,138,0,-66,0,69,0,-164,0,-15,19,94,0,-104,19,54,0,136,19,51,0,67,19,79,0,63,19,123,0,129,19]"
CSI_DATA,8212,d8:b1:90:d9:de:f0,-41,9,-99,-35,42,104,588492517,98,0,106,0,"[7,1,95,18,22,1,42,18,-13,0,40,18,-78,0,85,18,-125,0,154,18,149,0,-68,18,133,0,25,0,138,0,125,0,149,0,-103,0,-155,0,-63,0,136,0,-77,0,94,0,-139,0,14,0,94,0,0,0,0,0,121,18,1,0,-3,17,-18,18,-95,17,7,0,-130,17,33,0,-86,17,52,0,9,18,39,0,119,18,12,0,-100,18,-33,18,-30,18,-95,18,2,0,148,18,9,0,84,18,-13,18,70,18,-42,18]"
CSI_DATA,8213,d8:b1:90:d9:de:f0,-40,11,-99,-36,42,104,588503654,100,0,114,0,"[30,10,32,12,35,13,35,15,36,16,36,16,33,16,33,15,31,13,31,13,30,11,31,10,32,10,32,7,33,6,36,3,36,5,37,3,40,3,40,1,40,0,40,-1,40,-1,40,-3,37,-3,37,-5,36,-6,39,-6,0,0,36,-8,35,-11,36,-11,36,-12,36,-13,37,-15,36,-16,35,-16,33,-17,32,-18,31,-18,27,-20,26,-20,25,-20,23,-20,22,-20,21,-20,20,-21,20,-22,20,-23,20,-25,20,-26,20,-26,21,-27,21,-27,21,-26,20,-25,20,-21]"
CSI_DATA,8214,d8:b1:90:d9:de:f0,-41,9,-99,-35,42,104,588680199,98,0,106,0,"[-52,0,-45,0,26,1,-24,0,47,1,-56,0,4,1,-107,0,-59,0,155,0,-144,0,114,0,69,0,92,0,-35,18,81,0,-143,18,89,0,95,18,92,0,84,18,94,0,125,18,73,0,-103,18,28,0,0,0,0,0,67,0,-121,18,136,0,67,18,-140,0,-31,17,-138,0,-100,17,141,0,-92,17,96,0,-24,17,62,0,85,18,42,0,-119,18,47,0,-15,18,73,0,75,0,117,0,151,0,-154,0,-144,0,-143,0]"
CSI_DATA,8215,d8:b1:90:d9:de:f0,-40,9,-99,-36,42,104,588680349,108,0,106,0,"[-60,17,-15,18,-129,17,22,0,-127,17,56,0,-67,17,67,0,23,18,52,0,99,18,25,0,-134,18,-25,18,-52,18,-93,18,21,0,152,18,71,0,95,18,85,0,98,18,78,0,144,18,66,0,-90,18,0,0,0,0,70,0,132,0,109,0,-64,0,-151,0,37,1,-107,0,69,1,-101,0,42,1,-129,0,-21,0,133,0,-115,0,60,0,137,0,-17,18,70,0,-105,18,30,0,140,18,16,0,95,18,30,0,120,18]"
CSI_DATA,8216,d8:b1:90:d9:de:f0,-41,9,-99,-35,42,104,588680511,252,0,106,0,"[63,1,-36,18,124,1,-97,18,107,1,-138,18,41,1,-146,18,-47,0,-117,18,-114,0,-73,18,119,0,-8,18,50,0,78,0,-1,18,-143,0,-24,18,-77,0,-28,18,-63,0,-19,18,-113,0,-24,18,110,0,0,0,0,0,-85,18,-118,18,151,18,90,18,58,18,12,18,1,18,-3,17,-13,17,36,18,34,18,106,18,119,18,-138,18,-100,18,-83,18,-3,18,-47,18,95,0,-50,18,-141,0,-68,18,-103,0,-111,18,-141,0]"
CSI_DATA,8217,d8:b1:90:d9:de:f0,-48,9,-99,-37,49,104,588889133,98,0,106,0,"[28,8,-71,8,19,8,43,8,23,8,35,8,43,8,50,8,70,8,-74,8,-45,8,-39,8,-9,8,1,0,34,0,49,0,-68,0,-49,0,-32,0,-8,0,-16,0,17,0,-18,0,19,0,-49,0,2,0,0,0,0,0,15,0,-34,0,-35,8,-45,0,63,8,-59,0,32,8,-68,0,27,8,69,0,53,8,56,0,-54,8,39,0,-8,8,26,0,40,0,10,0,-58,0,-5,8,-13,0,-27,8,14,0,-50,8,10,0]"
CSI_DATA,8218,d8:b1:90:d9:de:f0,-47,11,-99,-38,49,104,589306441,277,0,106,0,"[-56,8,66,0,-44,8,-64,0,-14,8,-67,0,10,8,63,0,28,8,37,0,33,8,11,0,26,8,-9,8,16,8,-22,8,14,8,-30,8,32,8,-29,8,69,8,-30,8,-33,8,-37,8,7,0,-53,8,0,0,0,0,66,0,33,8,-75,0,0,8,75,0,-29,8,59,0,-32,8,45,0,-11,8,36,0,25,8,39,0,65,8,53,0,-55,8,70,0,-39,8,-63,0,-37,8,-57,0,-45,8,-73,0,-54,8,44,0]"
CSI_DATA,8219,d8:b1:90:d9:de:f0,-47,9,-99,-35,48,104,589306895,321,0,106,0,"[9,0,68,0,40,0,63,0,44,0,30,0,30,0,-5,0,11,0,-25,0,-15,9,-32,0,-34,9,-28,0,-50,9,-17,0,-53,9,-14,0,-45,9,-31,0,-40,9,-67,0,-45,9,41,0,-61,9,-4,9,0,0,0,0,30,9,-60,9,-10,8,-65,9,-34,8,-56,9,-41,8,-36,9,-16,8,-22,9,26,9,-17,9,68,9,-28,9,-62,9,-46,9,-50,9,-68,9,-58,9,69,9,-74,9,66,9,76,9,-71,9,-61,9]"
CSI_DATA,8220,d8:b1:90:d9:de:f0,-47,9,-99,-38,49,104,589307063,321,0,106,0,"[7,8,5,0,32,8,26,0,62,8,7,0,75,8,-25,0,-75,8,-60,0,63,8,73,0,44,8,67,0,29,8,65,0,25,8,66,0,39,8,66,0,70,8,44,0,-52,8,7,0,-36,8,-39,8,0,0,0,0,-55,8,27,8,64,8,1,8,35,8,-2,8,19,8,16,8,27,8,45,8,60,8,74,8,-51,8,-64,8,-19,8,-67,8,1,0,71,8,3,0,48,8,-9,8,36,8,-34,8,48,8,-39,8]"
CSI_DATA,8221,d8:b1:90:d9:de:f0,-47,9,-99,-39,49,104,589307239,321,0,106,0,"[-34,0,-25,8,-62,0,-39,8,68,0,-18,8,58,0,17,9,66,0,45,9,-77,0,62,9,-58,0,68,9,-40,0,62,9,-37,0,60,9,-50,0,68,9,-74,0,-61,9,64,0,-18,9,57,0,28,0,0,0,0,0,-60,0,-55,0,-25,0,-40,0,1,0,-41,0,13,0,-59,0,-3,0,72,0,-42,0,57,0,72,0,52,0,44,0,62,0,28,0,-76,0,31,0,-55,0,48,0,-45,0,65,0,-66,0,55,0]"
CSI_DATA,8222,d8:b1:90:d9:de:f0,-46,9,-99,-38,48,104,589307452,321,0,106,0,"[30,0,-60,9,-2,10,-64,9,-15,10,-32,9,-9,10,4,10,5,0,28,10,21,0,35,10,40,0,34,10,52,0,22,10,60,0,15,10,48,0,30,10,48,0,65,10,53,0,-59,10,74,0,-16,10,0,0,0,0,-34,0,24,0,14,0,19,0,35,0,0,0,34,0,-20,10,7,0,-31,10,-34,0,-26,10,-68,0,-4,10,-84,0,23,0,84,0,42,0,-74,0,56,0,-59,0,52,0,-59,0,28,0,78,0]"
CSI_DATA,8223,d8:b1:90:d9:de:f0,-47,9,-99,-35,48,104,589307665,752,0,106,0,"[-45,9,-56,8,-76,9,-43,8,75,9,-12,8,-65,9,17,9,-48,9,35,9,-25,9,34,9,-15,9,23,9,-9,9,12,9,-13,9,6,9,-12,9,24,9,-4,9,52,9,20,0,-66,9,54,0,-39,9,0,0,0,0,-28,0,-41,9,0,0,-66,9,12,0,63,9,-1,0,44,9,-26,0,48,9,-56,0,71,9,-77,0,-52,9,76,0,-25,9,-72,0,-7,9,-53,0,-7,9,-45,0,-20,9,-59,0,-37,9,58,0]"
CSI_DATA,8224,d8:b1:90:d9:de:f0,-46,9,-99,-37,48,104,589307995,98,0,106,0,"[-11,9,-9,0,18,9,14,0,53,9,2,0,72,9,-25,0,80,9,-51,0,71,9,-66,0,58,9,-67,0,45,9,-61,0,40,9,-57,0,59,9,-63,0,78,9,75,0,-72,9,35,0,-74,9,-14,9,0,0,0,0,40,9,-68,9,-3,9,-74,9,-33,9,-56,9,-39,9,-30,9,-15,9,-9,9,25,9,-2,9,63,9,-12,9,-80,9,-35,9,-79,9,-51,9,72,9,-64,9,56,9,-58,9,56,9,-33,9,-77,9]"
CSI_DATA,8225,d8:b1:90:d9:de:f0,-46,9,-99,-35,48,104,589308145,130,0,106,0,"[-41,8,51,9,-48,8,72,9,-19,8,-68,9,17,9,-69,9,50,9,-77,9,71,9,61,9,-71,9,42,9,-64,9,21,9,-61,9,14,9,-49,9,31,9,-23,9,61,9,9,0,-60,9,55,0,-30,9,0,0,0,0,-17,0,-11,9,20,0,-23,9,40,0,-40,9,39,0,-49,9,9,0,-47,9,-28,0,-28,9,-64,0,0,9,74,0,28,0,69,0,54,0,-78,0,73,0,-68,0,76,0,-61,0,54,0,64,0]"
CSI_DATA,8226,d8:b1:90:d9:de:f0,-47,9,-99,-37,49,104,589308307,293,0,106,0,"[5,0,-1,0,17,0,-17,0,-1,0,-39,0,-35,0,-53,0,-67,0,-54,0,57,0,-42,0,39,0,-28,0,34,0,-12,0,27,0,-6,0,20,0,-21,0,4,0,-54,0,-20,8,53,0,-56,8,19,0,0,0,0,0,16,8,-8,8,-21,8,-5,8,-41,8,9,0,-38,8,22,0,-13,8,23,0,23,8,15,0,60,8,-6,8,-67,8,-33,8,-61,8,-54,8,-68,8,-73,8,68,8,71,8,65,8,-59,8,-57,8]"
CSI_DATA,8227,d8:b1:90:d9:de:f0,-43,11,-99,-35,45,104,589504009,100,0,228,0,"[-12,-11,-13,-14,-15,-19,-16,-21,-14,-23,-12,-24,-11,-23,107,64,-8,-19,-7,-18,-7,-15,-6,-13,-7,-11,-8,-9,-10,-7,-12,-6,-14,-4,-15,-2,-18,-2,-18,0,-19,0,30,-51,-18,0,-15,0,-12,0,-10,0,-6,0,-4,3,0,0,0,6,3,9,5,12,6,16,7,19,7,21,71,0,6,25,6,25,4,23,4,22,4,19,3,17,4,15,5,12,5,10,6,8,7,6,8,6,11,5,-104,0,13,5,13,6,13,6,12,6,11,6,8,6,6,5,10,-7,3,-13,-6,-12,-12,-3,-8,6,0,8,7,3,-3,-27,-1,-9,-10,-5,-12,5,-6,14,7,16,19,7,20,-7,9,-21,-9,-24,-23,-10,-24,8,-10,21,7,21,0,6,16,-8,2,-16,-10,-10,-14,2,-6,13,6,14,0,0,13,-8,4,-17,-9,-14,-16,-4,-12,7,-3,13,12,33,7,2,3,-3,-1,-2,-2,3,2,6,9,3,12,-5,5,-13,-6,-14,-15,-7,-17,5,-10,16,3,19,28,17,19,-1,12,-14,-1,-17,-12,-9,-12,2,-5,10,4,8]"
CSI_DATA,8228,d8:b1:90:d9:de:f0,-39,11,-99,-35,40,104,589724238,277,0,106,0,"[-23,0,89,23,-53,0,-1,21,-129,0,-10,21,-192,0,46,23,167,0,127,23,167,0,-195,23,-190,0,-129,23,-126,0,-78,23,-69,0,-60,23,-60,0,-67,23,-106,0,-61,23,190,0,-38,23,80,0,27,0,0,0,0,0,-41,23,-143,0,-43,23,0,1,13,0,101,1,81,0,132,1,123,0,76,1,118,0,-23,0,63,0,-129,0,-7,23,-187,0,-80,23,186,0,-147,23,-189,0,-169,23,-144,0,-135,23,-117,0,-67,23]"
CSI_DATA,8229,d8:b1:90:d9:de:f0,-38,9,-99,-36,40,104,589724692,113,0,106,0,"[126,23,-11,22,25,23,12,23,1,23,90,23,47,23,171,23,118,23,-188,23,190,23,-191,23,-156,23,185,23,-122,23,136,23,-96,23,82,23,-93,23,69,23,-88,23,109,23,-55,23,201,23,23,0,-101,23,0,0,0,0,-147,0,-38,23,-9,0,-68,23,82,1,-148,23,95,1,174,23,39,1,141,23,-60,0,177,23,-144,0,-158,23,-182,0,-76,23,-179,0,-9,23,-139,0,28,0,-103,0,38,0,-91,0,7,0,-163,0]"
CSI_DATA,8230,d8:b1:90:d9:de:f0,-38,9,-99,-38,40,104,589771481,98,0,106,0,"[-41,23,-184,25,-104,23,-104,25,-62,23,-26,25,36,25,-1,25,110,25,-21,25,159,25,-75,25,176,25,-141,25,142,25,-208,25,102,25,176,25,90,25,199,25,129,25,-169,25,-198,25,-112,25,-48,25,-88,25,0,0,0,0,189,0,-204,25,-169,0,90,25,-172,0,-15,23,203,0,-77,23,139,0,-52,23,107,0,55,25,110,0,159,25,152,0,-198,25,204,0,-172,25,-172,0,-194,25,-152,0,184,25,-208,0,149,25,117,0]"
CSI_DATA,8231,d8:b1:90:d9:de:f0,-38,9,-99,-35,39,104,589782752,120,0,106,0,"[-57,0,-86,0,24,1,-134,0,6,1,-207,0,-77,0,186,0,-157,0,179,0,209,0,207,0,169,0,-169,0,162,0,-91,0,171,0,-39,0,169,0,-51,0,150,0,-129,0,77,0,212,0,-36,25,115,0,0,0,0,0,138,25,70,0,10,25,134,0,-65,24,207,0,-67,24,-171,0,0,25,-177,0,89,25,207,0,148,25,114,0,169,25,32,0,155,25,-32,25,100,25,-58,25,58,25,-43,25,72,25,6,0,174,25]"
CSI_DATA,8232,d8:b1:90:d9:de:f0,-38,9,-99,-37,40,104,589783531,120,0,106,0,"[22,1,-182,0,91,1,151,0,53,1,73,0,-32,0,35,0,-109,0,45,0,-148,0,91,0,-159,0,148,0,-125,0,207,0,-86,0,-177,0,-75,0,-208,0,-132,0,148,0,181,0,104,0,40,0,97,0,0,0,0,0,-153,24,-164,0,-192,24,-26,0,-151,24,75,1,-86,24,110,1,-29,24,65,1,-16,24,-42,0,-50,24,-140,0,-104,24,-181,0,-148,24,-182,0,-185,24,-150,0,-177,24,-104,0,-112,24,-91,0,-37,24]"
CSI_DATA,8233,d8:b1:90:d9:de:f0,-40,11,-99,-36,42,104,590142036,277,0,106,0,"[-18,18,-88,17,-100,18,-109,17,-147,18,-61,17,-146,18,12,18,-113,18,69,18,-67,18,107,18,-10,18,115,18,41,0,90,18,75,0,70,18,81,0,74,18,73,0,115,18,62,0,-125,18,78,0,-33,18,0,0,0,0,-123,0,112,0,-27,0,143,0,54,1,138,0,88,1,105,0,52,1,59,0,-23,0,39,0,-104,0,54,0,156,0,81,0,125,0,120,0,128,0,-156,0,142,0,-137,0,158,0,-158,0,129,0]"
CSI_DATA,8234,d8:b1:90:d9:de:f0,-40,9,-99,-34,41,104,590142481,130,0,106,0,"[-136,0,34,1,-46,0,24,1,-18,0,-46,0,-53,0,-124,0,-112,0,-166,0,169,0,164,0,117,0,-152,0,85,0,-108,0,74,0,-60,0,77,0,-56,0,70,0,-100,0,37,0,-168,0,-42,20,100,0,0,0,0,0,112,20,65,0,9,20,116,0,-30,18,-149,0,-22,18,-96,0,36,20,-86,0,104,20,-134,0,158,20,134,0,162,20,68,0,152,20,20,0,113,20,-2,20,84,20,2,0,88,20,32,0,149,20]"
CSI_DATA,8235,d8:b1:90:d9:de:f0,-41,9,-99,-35,42,104,590142597,108,0,106,0,"[12,1,83,18,-20,0,-2,17,-95,0,-20,17,152,0,20,18,125,0,78,18,121,0,136,18,149,0,-130,18,-112,0,-111,18,-70,0,-114,18,-70,0,-117,18,-105,0,-103,18,145,0,-56,18,92,0,19,0,0,0,0,0,103,0,-116,0,-140,0,-39,0,-64,0,-13,0,-14,0,-26,0,-19,0,-89,0,-77,0,-149,0,-152,0,135,0,100,0,134,0,57,0,-150,0,47,0,-110,0,68,0,-84,0,96,0,-99,0,92,0]"
CSI_DATA,8236,d8:b1:90:d9:de:f0,-39,9,-99,-36,41,104,590179934,101,0,106,0,"[21,1,129,21,25,1,73,21,-25,0,66,21,-80,0,117,21,-125,0,-176,21,-139,0,-117,21,-132,0,-45,21,-103,0,22,0,-76,0,81,0,-80,0,103,0,-139,0,105,0,132,0,103,0,19,0,108,0,0,0,0,0,-163,21,-152,0,117,21,-66,0,87,21,14,1,104,21,39,1,141,21,5,1,-180,21,-73,0,-159,21,-175,0,-172,21,96,0,168,21,29,0,129,21,-16,21,98,21,-36,21,96,21,-18,21,152,21]"
CSI_DATA,8237,d8:b1:90:d9:de:f0,-39,9,-99,-34,40,104,590223504,98,0,106,0,"[38,0,-119,20,-53,22,-146,20,-109,22,-83,20,-107,22,14,22,-76,22,89,22,-8,22,145,22,64,0,164,22,142,0,139,22,-187,0,118,22,-184,0,118,22,172,0,161,22,143,0,-133,22,136,0,-8,22,0,0,0,0,-140,0,179,0,-38,0,-145,0,46,1,-146,0,85,1,-185,0,40,1,148,0,-55,0,115,0,-164,0,112,0,134,0,142,0,82,0,187,0,68,0,-140,0,89,0,-94,0,106,0,-112,0,107,0]"
CSI_DATA,8238,d8:b1:90:d9:de:f0,-40,9,-99,-33,41,104,590351424,224,0,106,0,"[-88,18,-95,19,-116,18,-40,19,-71,18,-2,19,1,19,-3,19,58,19,-32,19,108,19,-69,19,133,19,-129,19,142,19,143,19,143,19,98,19,-164,19,101,19,-123,19,121,19,-46,19,161,19,46,0,-143,19,0,0,0,0,-102,0,-149,19,-29,0,126,19,2,1,82,19,2,1,54,19,-34,0,82,19,-90,0,142,19,-133,0,-106,19,-149,0,-32,19,-141,0,27,0,-107,0,71,0,-79,0,85,0,-77,0,67,0,-129,0]"
CSI_DATA,8239,d8:b1:90:d9:de:f0,-38,11,-99,-37,40,104,590503993,100,0,114,0,"[9,40,6,45,6,48,3,50,0,53,-3,53,-3,50,-3,48,-3,44,-4,44,-3,40,-3,42,-4,42,-3,44,-4,45,-3,47,-3,50,-3,50,-4,55,-3,52,-4,53,-3,53,-4,53,-3,53,-3,50,-3,50,-1,48,-3,48,0,0,-3,50,-3,48,-4,52,-4,48,-3,52,-3,52,-3,52,-4,53,-1,50,-1,48,-1,47,-1,45,0,44,0,40,0,39,0,39,0,35,1,37,1,39,0,39,0,42,0,44,0,44,-1,44,-1,44,-4,44,-8,40,-9,35]"
CSI_DATA,8240,d8:b1:90:d9:de:f0,-41,11,-99,-35,42,104,590768732,277,0,106,0,"[50,0,-66,17,-2,18,-110,17,-41,18,-80,17,-51,18,-15,17,-33,18,46,18,8,0,95,18,63,0,134,18,130,0,139,18,-117,0,140,18,-99,0,144,18,-117,0,-140,18,-154,0,-92,18,117,0,-11,18,0,0,0,0,86,0,-144,0,123,0,-47,0,-141,0,8,1,-99,0,26,1,-100,0,-12,0,-140,0,-72,0,105,0,-129,0,40,0,-156,0,-25,18,155,0,-78,18,-141,0,-108,18,-110,0,-99,18,-85,0,-63,18]"
CSI_DATA,8241,d8:b1:90:d9:de:f0,-41,9,-99,-36,42,104,590769177,98,0,106,0,"[120,0,45,1,-128,0,59,1,-98,0,13,1,-120,0,-54,0,-159,0,-96,0,103,0,-125,0,41,0,-123,0,-17,18,-95,0,-66,18,-64,0,-88,18,-50,0,-83,18,-79,0,-81,18,-134,0,-93,18,98,0,0,0,0,0,128,18,-52,18,36,18,-90,18,-36,17,-98,18,-76,17,-76,18,-56,17,-46,18,17,18,-30,18,103,18,-40,18,-146,18,-73,18,-105,18,-114,18,-95,18,148,18,-109,18,104,18,-133,18,104,18,-138,18]"
CSI_DATA,8242,d8:b1:90:d9:de:f0,-40,9,-99,-34,41,104,590769335,130,0,106,0,"[48,1,-162,20,54,1,93,20,4,1,62,20,-65,0,89,20,-117,0,142,20,-137,0,-133,20,-128,0,-68,20,-89,0,-13,20,-46,0,41,0,-24,0,49,0,-56,0,52,0,-125,0,56,0,116,0,82,0,0,0,0,0,-12,20,-130,0,-40,20,-25,0,-21,20,66,1,12,0,94,1,38,0,65,1,44,0,-16,0,10,0,-104,0,-46,20,-166,0,-100,20,148,0,-161,20,153,0,138,20,-160,0,152,20,-132,0,-138,20]"
CSI_DATA,8243,d8:b1:90:d9:de:f0,-39,11,-99,-36,41,104,591395428,277,0,106,0,"[-43,0,62,21,-88,0,-21,19,-166,0,-31,19,137,0,26,21,113,0,81,21,121,0,144,21,156,0,-175,21,-149,0,-168,21,-107,0,-170,21,-101,0,-176,21,-137,0,-153,21,170,0,-91,21,121,0,-7,21,0,0,0,0,161,0,169,0,-121,0,-108,0,-33,0,-83,0,24,1,-107,0,15,1,-165,0,-42,0,142,0,-127,0,114,0,144,0,121,0,108,0,152,0,91,0,-153,0,110,0,-114,0,138,0,-122,0,149,0]"
CSI_DATA,8244,d8:b1:90:d9:de:f0,-40,9,-99,-36,42,104,591395873,352,0,106,0,"[33,1,-125,0,90,1,-159,0,73,1,117,0,6,1,89,0,-62,0,93,0,-123,0,112,0,149,0,157,0,114,0,-108,0,91,0,-64,0,70,0,-57,0,44,0,-89,0,0,0,-157,0,-64,18,94,0,0,0,0,0,93,18,-10,18,-3,17,-21,18,-74,17,-13,18,-103,17,10,0,-75,17,22,0,5,18,10,0,90,18,-18,18,148,18,-56,18,-127,18,-108,18,-113,18,158,18,-118,18,114,18,-134,18,113,18,-122,18]"
CSI_DATA,8245,d8:b1:90:d9:de:f0,-39,9,-99,-37,41,104,591407755,108,0,106,0,"[-11,20,-130,0,-17,20,-63,0,29,21,-59,0,88,21,-100,0,133,21,-157,0,146,21,146,0,133,21,85,0,100,21,15,0,68,21,-37,21,58,21,-59,21,106,21,-77,21,184,21,-87,21,-78,21,-101,21,0,0,0,0,82,0,136,21,148,0,39,21,162,0,-50,20,141,0,-88,20,106,0,-66,20,81,0,11,21,84,0,116,21,114,0,-165,21,154,0,-110,21,-154,0,-74,21,-107,0,-71,21,-100,0,-91,21,-155,0]"
CSI_DATA,8246,d8:b1:90:d9:de:f0,-43,11,-99,-33,44,104,591503982,100,0,228,0,"[0,20,-1,22,-4,25,-8,26,-9,26,-11,24,-11,22,113,67,-11,17,-10,15,-8,13,-6,13,-4,13,-2,13,0,13,0,14,1,16,3,17,4,18,4,19,4,18,32,-54,4,16,4,14,4,12,5,9,7,7,8,5,0,0,14,1,17,1,20,1,23,2,25,3,27,5,54,0,27,9,26,10,24,10,21,10,18,9,15,7,13,5,11,3,11,0,10,-1,11,-3,11,-5,12,-7,-101,0,15,-7,17,-7,17,-6,16,-4,15,-2,11,-1,9,0,-11,0,-8,10,1,12,10,7,11,-3,4,-11,-7,-11,-25,19,-11,11,0,17,12,13,20,0,15,-15,1,-22,-15,-19,-25,-3,-22,14,-5,25,13,22,23,4,18,-11,7,-1,-12,-13,-16,0,-9,13,4,15,15,5,15,-7,0,0,-9,-16,-18,-5,-16,8,-5,17,7,14,13,3,38,0,0,-10,-8,-3,-8,6,1,11,11,7,15,-4,8,-15,-4,-18,-16,-11,-21,3,-13,16,0,21,14,16,34,-5,15,-11,2,-17,-9,-12,-13,0,-7,8,2,10,9,4]"
CSI_DATA,8247,d8:b1:90:d9:de:f0,-40,11,-99,-37,42,104,591813225,277,0,106,0,"[-77,19,-53,18,-160,19,-63,18,114,19,-16,18,116,19,53,19,141,19,101,19,-155,19,138,19,-116,19,126,19,-84,19,91,19,-64,19,60,19,-66,19,58,19,-62,19,85,19,-38,19,139,19,15,0,-130,19,0,0,0,0,-154,0,-107,19,-71,0,-158,19,-25,0,101,19,-32,0,38,19,-90,0,15,19,-151,0,53,19,141,0,123,19,134,0,-143,19,154,0,-107,19,-137,0,-97,19,-104,0,-117,19,-125,0,-150,19,152,0]"
CSI_DATA,8248,d8:b1:90:d9:de:f0,-40,9,-99,-35,41,104,591813697,130,0,106,0,"[57,1,-49,20,87,1,-100,20,61,1,-134,20,2,1,-130,20,-50,0,-108,20,-86,0,-46,20,-102,0,6,0,-90,0,75,0,-74,0,126,0,-82,0,156,0,-123,0,153,0,161,0,134,0,64,0,126,0,0,0,0,0,-112,20,-166,0,159,20,-97,0,111,20,-16,0,111,20,31,1,141,20,12,1,171,20,-48,0,-163,20,-130,0,-160,20,152,0,166,20,86,0,124,20,56,0,83,20,52,0,86,20,60,0,129,20]"
CSI_DATA,8249,d8:b1:90:d9:de:f0,-40,9,-99,-38,42,104,591813868,113,0,106,0,"[-28,0,80,20,-44,0,6,20,-102,0,-12,18,-153,0,30,20,160,0,85,20,153,0,148,20,-165,0,-142,20,-118,0,-101,20,-74,0,-76,20,-70,0,-61,20,-89,0,-48,20,-162,0,-12,20,100,0,40,0,0,0,0,0,6,0,-132,0,6,0,-21,0,44,0,57,1,81,0,88,1,108,0,54,1,93,0,-18,0,56,0,-97,0,2,0,-148,0,-57,20,-168,0,-106,20,-154,0,-136,20,-121,0,-116,20,-105,0,-68,20]"
CSI_DATA,8250,d8:b1:90:d9:de:f0,-40,9,-99,-35,41,104,591813968,98,0,106,0,"[142,0,-34,19,101,0,-96,19,48,0,-86,19,23,0,-28,19,31,0,30,20,50,0,87,20,98,0,119,20,160,0,129,20,-131,0,138,20,-118,0,146,20,-129,0,-172,20,-167,0,-111,20,137,0,-21,20,0,0,0,0,145,0,155,0,-152,0,-94,0,-78,0,-39,0,-35,0,-27,0,-38,0,-67,0,-85,0,-120,0,-160,0,-157,0,115,0,-166,0,61,0,-153,0,20,0,-118,0,15,0,-79,0,32,0,-74,0,46,0]"
CSI_DATA,8251,d8:b1:90:d9:de:f0,-41,9,-99,-35,42,104,592022578,98,0,106,0,"[23,18,-66,0,56,18,12,1,121,18,24,1,-123,18,-13,0,-95,18,-68,0,-103,18,-119,0,-129,18,-154,0,139,18,146,0,101,18,139,0,101,18,143,0,129,18,127,0,-144,18,77,0,-117,18,-1,18,0,0,0,0,149,18,154,18,78,18,94,18,-8,17,94,18,-56,17,124,18,-47,17,-133,18,17,18,-91,18,97,18,-73,18,-148,18,-88,18,-110,18,-121,18,-105,18,144,18,-130,18,106,18,-156,18,112,18,154,18]"
CSI_DATA,8252,d8:b1:90:d9:de:f0,-40,9,-99,-34,41,104,592058133,113,0,106,0,"[148,0,32,1,-130,0,52,1,-112,0,13,1,-138,0,-41,0,157,0,-85,0,105,0,-100,0,45,0,-105,0,-17,20,-84,0,-66,20,-56,0,-90,20,-54,0,-97,20,-96,0,-101,20,-170,0,-109,20,64,0,0,0,0,0,142,20,-101,20,45,20,-162,20,-42,18,157,20,-86,18,169,20,-64,18,-141,20,12,20,-113,20,105,20,-105,20,-158,20,-121,20,-101,20,-154,20,-69,20,130,20,-65,20,89,20,-86,20,81,20,-88,20]"
CSI_DATA,8253,d8:b1:90:d9:de:f0,-41,11,-99,-35,42,104,592231023,277,0,106,0,"[-150,18,-35,17,89,18,-40,17,64,18,11,18,92,18,64,18,144,18,110,18,-116,18,134,18,-56,18,129,18,-4,18,101,18,36,0,72,18,56,0,64,18,63,0,96,18,67,0,-146,18,89,0,-61,18,0,0,0,0,-101,0,74,0,-3,0,100,0,81,1,99,0,117,1,70,0,80,1,33,0,3,1,14,0,-86,0,26,0,-155,0,61,0,116,0,110,0,103,0,-149,0,114,0,-110,0,138,0,-113,0,128,0]"
CSI_DATA,8254,d8:b1:90:d9:de:f0,-40,9,-99,-37,42,104,592231503,101,0,106,0,"[-72,18,-54,19,-112,18,18,0,-75,18,75,0,-9,18,91,0,58,19,77,0,106,19,36,0,128,19,-16,19,126,19,-76,19,108,19,-120,19,107,19,-138,19,132,19,-128,19,-132,19,-111,19,-33,19,-108,19,0,0,0,0,128,0,128,19,164,0,23,19,164,0,-59,18,123,0,-104,18,76,0,-79,18,44,0,1,19,44,0,95,19,71,0,-158,19,116,0,-123,19,-158,0,-112,19,-123,0,-130,19,-128,0,-155,19,146,0]"
CSI_DATA,8255,d8:b1:90:d9:de:f0,-40,9,-99,-35,41,104,592231626,266,0,106,0,"[144,0,-42,19,82,0,-100,19,24,0,-79,19,-8,20,-17,19,-5,20,56,20,24,0,108,20,80,0,137,20,137,0,148,20,-164,0,134,20,-142,0,133,20,-157,0,166,20,160,0,-124,20,137,0,-26,20,0,0,0,0,-152,0,139,0,-59,0,-146,0,39,1,-129,0,80,1,-157,0,64,1,137,0,-13,0,100,0,-113,0,90,0,164,0,98,0,116,0,144,0,100,0,-149,0,116,0,-111,0,142,0,-108,0,141,0]"
CSI_DATA,8256,d8:b1:90:d9:de:f0,-40,9,-99,-36,42,104,592231787,246,0,106,0,"[-22,17,-140,0,-13,17,-60,0,46,18,-28,0,112,18,-59,0,159,18,-107,0,-153,18,156,0,149,18,108,0,109,18,71,0,64,18,45,0,54,18,42,0,83,18,39,0,140,18,10,0,-115,18,-50,18,0,0,0,0,-80,18,103,18,-115,18,6,18,140,18,-41,17,83,18,-36,17,65,18,13,18,103,18,86,18,-153,18,144,18,-71,18,-159,18,-18,18,156,18,15,0,119,18,18,0,78,18,-6,18,65,18,-36,18]"
CSI_DATA,8257,d8:b1:90:d9:de:f0,-40,9,-99,-36,42,104,592440420,98,0,106,0,"[154,18,-20,17,75,18,-28,17,56,18,21,18,86,18,78,18,143,18,118,18,-114,18,132,18,-56,18,115,18,0,0,80,18,36,0,49,18,52,0,36,18,49,0,76,18,49,0,151,18,71,0,-71,18,0,0,0,0,-113,0,64,0,-30,0,110,0,59,1,115,0,93,1,89,0,61,1,56,0,-12,0,42,0,-104,0,50,0,143,0,78,0,99,0,130,0,83,0,-137,0,98,0,-95,0,123,0,-93,0,123,0]"
CSI_DATA,8258,d8:b1:90:d9:de:f0,-40,9,-99,-35,41,104,592440543,98,0,106,0,"[43,1,-105,20,61,1,-175,20,19,1,148,20,-41,0,161,20,-82,0,-144,20,-112,0,-86,20,-111,0,-21,20,-78,0,30,0,-61,0,80,0,-59,0,96,0,-101,0,102,0,171,0,96,0,71,0,107,0,0,0,0,0,-83,20,-139,0,-139,20,-53,0,-153,20,30,1,-144,20,71,1,-112,20,43,1,-93,20,-24,0,-91,20,-105,0,-112,20,164,0,-145,20,113,0,150,20,91,0,105,20,93,0,109,20,113,0,150,20]"
CSI_DATA,8259,d8:b1:90:d9:de:f0,-40,9,-99,-37,42,104,592440675,130,0,106,0,"[63,19,37,19,-16,18,66,19,-25,18,121,19,11,19,-154,19,77,19,-125,19,145,19,-139,19,-137,19,160,19,-104,19,110,19,-90,19,64,19,-84,19,57,19,-68,19,98,19,-32,19,-165,19,40,0,-91,19,0,0,0,0,-112,0,-18,19,-7,0,-33,19,66,1,-91,19,82,1,-138,19,40,1,-150,19,-32,0,-130,19,-107,0,-79,19,-154,0,-16,19,-165,0,45,0,-146,0,94,0,-114,0,114,0,-98,0,103,0,-130,0]"
CSI_DATA,8260,d8:b1:90:d9:de:f0,-38,11,-99,-36,40,104,592503662,100,0,114,0,"[6,-42,7,-45,11,-45,14,-47,19,-47,20,-47,19,-44,19,-42,19,-38,19,-38,19,-36,19,-38,17,-38,19,-39,19,-41,19,-41,20,-42,22,-44,22,-47,22,-47,22,-49,23,-47,22,-47,22,-45,22,-45,20,-45,20,-45,20,-42,0,0,22,-42,22,-42,22,-42,22,-44,23,-45,25,-44,23,-44,23,-44,22,-42,22,-42,20,-41,19,-41,17,-38,17,-36,17,-34,15,-34,14,-33,15,-33,15,-33,17,-33,17,-36,19,-38,19,-39,19,-39,20,-36,22,-36,23,-33,23,-28]"
CSI_DATA,8261,d8:b1:90:d9:de:f0,-39,11,-99,-37,41,104,592857719,277,0,106,0,"[-183,21,-17,20,120,21,-31,20,98,21,10,21,122,21,74,21,170,21,117,21,-133,21,143,21,-71,21,130,21,-4,21,94,21,55,0,62,21,72,0,47,21,82,0,87,21,79,0,168,21,98,0,-104,21,0,0,0,0,-135,0,43,0,-36,0,98,0,56,1,101,0,97,1,74,0,58,1,37,0,-24,0,23,0,-120,0,50,0,165,0,90,0,122,0,149,0,109,0,-162,0,127,0,-107,0,158,0,-111,0,162,0]"
CSI_DATA,8262,d8:b1:90:d9:de:f0,-40,9,-99,-37,42,104,592858172,98,0,106,0,"[-33,18,156,0,-44,18,-93,0,3,19,-64,0,66,19,-86,0,117,19,-132,0,136,19,145,0,126,19,85,0,91,19,36,0,46,19,1,0,33,19,-11,19,71,19,-15,19,136,19,-31,19,-114,19,-68,19,0,0,0,0,-14,19,115,19,-7,19,7,19,-42,19,-72,18,-88,19,-90,18,-110,19,-46,18,-104,19,32,19,-58,19,107,19,5,0,158,19,66,0,-156,19,121,0,154,19,146,0,111,19,129,0,85,19,76,0]"
CSI_DATA,8263,d8:b1:90:d9:de:f0,-40,9,-99,-36,42,104,592858295,108,0,106,0,"[-61,18,-62,17,-134,18,-89,17,140,18,-41,17,137,18,26,18,-154,18,89,18,-104,18,115,18,-52,18,122,18,10,0,94,18,47,0,59,18,50,0,46,18,44,0,78,18,35,0,153,18,65,0,-86,18,0,0,0,0,-109,0,42,0,-11,0,52,0,76,1,18,0,101,1,-37,18,57,1,-80,18,-27,0,-79,18,-110,0,-37,18,159,0,13,0,142,0,76,0,-159,0,129,0,-118,0,154,0,-88,0,130,0,-109,0]"
CSI_DATA,8264,d8:b1:90:d9:de:f0,-41,9,-99,-34,42,104,592858404,98,0,106,0,"[66,1,41,0,112,1,-28,17,80,1,-90,17,16,1,-110,17,-51,0,-92,17,-87,0,-58,17,-106,0,-5,17,-99,0,45,0,-73,0,90,0,-62,0,98,0,-85,0,82,0,-150,0,71,0,66,0,78,0,0,0,0,0,-72,17,-112,0,-97,17,-13,0,-76,17,67,1,-21,17,93,1,16,0,66,1,29,0,-11,0,14,0,-98,0,-35,17,144,0,-87,17,123,0,-137,17,136,0,136,17,-133,0,-149,17,-99,0,-89,17]"
CSI_DATA,8265,d8:b1:90:d9:de:f0,-40,11,-99,-37,42,104,593275516,277,0,106,0,"[-50,18,126,0,-57,18,-132,0,-10,18,-101,0,50,19,-119,0,101,19,-161,0,116,19,110,0,107,19,59,0,66,19,16,0,23,19,-15,19,12,19,-23,19,58,19,-18,19,128,19,-31,19,-111,19,-69,19,0,0,0,0,-16,19,121,19,-11,19,10,19,-50,19,-66,18,-93,19,-84,18,-120,19,-41,18,-108,19,34,19,-63,19,108,19,1,0,155,19,58,0,161,19,106,0,141,19,126,0,101,19,101,0,82,19,51,0]"
CSI_DATA,8266,d8:b1:90:d9:de:f0,-41,9,-99,-35,42,104,593276006,130,0,106,0,"[-59,17,116,0,-75,17,-141,0,-35,17,-125,0,22,18,151,0,73,18,101,0,99,18,37,0,110,18,-34,18,99,18,-102,18,85,18,151,18,92,18,135,18,127,18,150,18,-116,18,-129,18,-17,18,-102,18,0,0,0,0,-124,0,-94,18,-30,0,-141,18,24,1,125,18,31,1,91,18,-2,0,101,18,-64,0,152,18,-125,0,-88,18,-156,0,-7,18,145,0,64,0,-150,0,122,0,-116,0,155,0,-102,0,141,0,-133,0]"
CSI_DATA,8267,d8:b1:90:d9:de:f0,-41,9,-99,-37,43,104,593276177,320,0,106,0,"[107,17,20,1,132,17,71,1,-123,17,55,1,-103,17,-5,0,-105,17,-66,0,-118,17,-128,0,139,17,120,0,84,17,79,0,42,17,47,0,35,17,31,0,60,17,17,0,130,17,-10,17,-80,17,-50,17,0,0,0,0,39,0,100,17,70,0,9,17,72,0,-61,16,57,0,-90,16,38,0,-63,16,31,0,17,17,45,0,103,17,81,0,-123,17,125,0,-72,17,-110,0,-54,17,-69,0,-60,17,-73,0,-79,17,-124,0]"
CSI_DATA,8268,d8:b1:90:d9:de:f0,-41,9,-99,-35,42,104,593276390,340,0,106,0,"[-12,18,79,1,42,0,113,1,73,0,79,1,66,0,9,1,34,0,-53,0,-12,18,-99,0,-75,18,-117,0,-141,18,-124,0,114,18,-121,0,106,18,-121,0,124,18,-145,0,-144,18,102,0,-103,18,7,0,0,0,0,0,-88,18,116,18,-130,18,20,18,132,18,-31,17,92,18,-37,17,92,18,2,18,140,18,72,18,-94,18,132,18,-19,18,-151,18,46,0,-148,18,100,0,135,18,132,0,97,18,106,0,80,18,58,0]"
CSI_DATA,8269,d8:b1:90:d9:de:f0,-39,9,-99,-35,41,104,593484860,128,0,106,0,"[-39,19,-172,0,-38,19,-87,0,19,20,-57,0,96,20,-94,0,145,20,-152,0,160,20,124,0,135,20,65,0,83,20,15,0,27,20,-15,20,19,20,-9,20,57,20,-4,20,139,20,-13,20,-105,20,-63,20,0,0,0,0,0,0,115,20,9,0,-8,19,-43,20,-89,19,-98,20,-105,19,-130,20,-56,19,-116,20,38,20,-59,20,126,20,8,0,-174,20,74,0,-156,20,133,0,168,20,156,0,116,20,130,0,96,20,68,0]"
CSI_DATA,8270,d8:b1:90:d9:de:f0,-43,11,-99,-32,44,104,593503660,100,0,228,0,"[11,15,12,19,12,22,11,24,10,25,8,25,8,24,110,65,6,21,6,18,6,16,7,15,8,12,8,11,10,10,11,8,13,8,15,8,16,8,17,7,17,7,31,-52,15,5,13,4,11,2,8,0,7,-1,5,-5,0,0,3,-10,2,-14,2,-16,3,-20,4,-23,6,-24,72,0,8,-25,9,-24,9,-23,8,-21,8,-18,6,-16,4,-14,2,-12,0,-10,-2,-9,-3,-9,-5,-9,-7,-10,-85,13,-9,-12,-9,-13,-8,-14,-7,-13,-5,-12,-3,-9,-2,-7,-10,5,-3,11,5,9,10,0,7,-8,-2,-9,-9,-3,-2,31,0,14,11,10,16,-1,11,-15,-2,-19,-17,-14,-24,2,-16,19,1,25,19,17,25,-1,16,-18,-2,-23,0,-6,-18,4,-7,16,8,14,16,2,12,-11,0,-16,0,0,-17,2,-10,14,2,16,13,10,15,-1,8,-10,5,-35,-7,-2,-3,4,3,4,8,-2,3,-9,-7,-11,-14,-4,-15,7,-6,17,7,17,17,8,19,-6,10,-17,-13,-31,-16,-10,-16,3,-8,12,3,12,10,3,8,-5,0,-9]"
CSI_DATA,8271,d8:b1:90:d9:de:f0,-40,9,-99,-36,42,104,593693776,98,0,106,0,"[101,0,67,1,-147,0,81,1,-118,0,32,1,-139,0,-41,0,132,0,-96,0,67,0,-120,0,-2,18,-122,0,-69,18,-95,0,-115,18,-61,0,-127,18,-55,0,-107,18,-94,0,-88,18,147,0,-89,18,41,0,0,0,0,0,146,18,-147,18,56,18,114,18,-22,17,93,18,-60,17,124,18,-30,17,-156,18,46,18,-122,18,144,18,-109,18,-101,18,-123,18,-42,18,-161,18,-16,18,112,18,-20,18,66,18,-50,18,67,18,-67,18]"
CSI_DATA,8272,d8:b1:90:d9:de:f0,-40,9,-99,-34,41,104,593693908,98,0,106,0,"[-89,0,14,20,-109,0,-52,18,-166,0,-46,18,142,0,13,20,126,0,89,20,141,0,150,20,-157,0,-132,20,-101,0,-98,20,-37,0,-73,20,-26,0,-65,20,-64,0,-41,20,-138,0,-5,20,120,0,50,0,0,0,0,0,36,0,-114,0,38,0,0,1,72,0,78,1,105,0,90,1,120,0,44,1,93,0,-36,0,45,0,-114,0,-25,20,-160,0,-93,20,157,0,-148,20,-170,0,158,20,-141,0,-164,20,-116,0,-109,20]"
CSI_DATA,8273,d8:b1:90:d9:de:f0,-40,9,-99,-36,42,104,593694067,252,0,106,0,"[-5,17,78,18,-70,17,115,18,-59,17,-135,18,-3,17,-96,18,74,18,-86,18,133,18,-101,18,-137,18,-148,18,-110,18,112,18,-100,18,61,18,-100,18,50,18,-96,18,85,18,-50,18,156,18,25,0,-95,18,0,0,0,0,-94,0,-37,18,5,1,-78,18,69,1,-134,18,71,1,134,18,13,1,125,18,-65,0,-156,18,-133,0,-89,18,156,0,-15,18,156,0,55,0,-130,0,99,0,-95,0,118,0,-70,0,83,0,-119,0]"
CSI_DATA,8274,d8:b1:90:d9:de:f0,-41,11,-99,-34,42,104,593902212,277,0,106,0,"[-143,17,17,1,-103,17,74,1,-49,17,71,1,-14,17,17,1,-13,17,-33,0,-38,17,-82,0,-73,17,-112,0,-124,17,-109,0,134,17,-102,0,127,17,-102,0,147,17,-122,0,-120,17,128,0,-102,17,43,0,0,0,0,0,-142,17,-124,17,83,17,112,17,3,17,101,17,-51,16,122,17,-42,16,-133,17,14,17,-93,17,93,17,-70,17,-136,17,-87,17,-90,17,-117,17,-77,17,135,17,-95,17,93,17,-127,17,98,17,-136,17]"
CSI_DATA,8275,d8:b1:90:d9:de:f0,-40,9,-99,-36,42,104,593902657,165,0,106,0,"[-51,17,13,0,-93,17,51,0,-70,17,71,0,-10,17,60,0,44,18,32,0,90,18,-13,18,117,18,-74,18,133,18,-146,18,143,18,117,18,154,18,98,18,-139,18,109,18,-81,18,153,18,2,0,-114,18,0,0,0,0,-125,0,-46,18,-15,0,-59,18,49,1,-83,18,81,1,-115,18,54,1,-124,18,-18,0,-98,18,-101,0,-42,18,158,0,20,0,130,0,80,0,132,0,148,0,146,0,-123,0,-158,0,-129,0,154,0]"
CSI_DATA,8276,d8:b1:90:d9:de:f0,-40,9,-99,-34,41,104,593902773,185,0,106,0,"[-46,18,78,0,-76,18,161,0,-28,18,-128,0,44,20,-121,0,93,20,-146,0,121,20,142,0,117,20,102,0,82,20,74,0,52,20,49,0,46,20,50,0,70,20,49,0,134,20,24,0,-125,20,-41,20,0,0,0,0,-76,20,148,20,-114,20,40,20,146,20,-14,18,78,20,-18,18,60,20,29,20,94,20,105,20,158,20,169,20,-113,20,-156,20,-62,20,-166,20,-40,20,133,20,-46,20,89,20,-81,20,86,20,-106,20]"
CSI_DATA,8277,d8:b1:90:d9:de:f0,-41,9,-99,-35,42,104,593902906,224,0,106,0,"[30,1,130,0,85,1,75,0,75,1,11,0,24,1,-20,18,-33,0,-31,18,-72,0,-17,18,-85,0,13,0,-78,0,59,0,-61,0,94,0,-53,0,96,0,-83,0,81,0,-144,0,66,0,84,0,77,0,0,0,0,0,-22,18,-114,0,-33,18,-17,0,3,0,62,1,63,0,91,1,116,0,57,1,124,0,-22,0,90,0,-99,0,37,0,-140,0,-9,18,-149,0,-48,18,-123,0,-53,18,-84,0,-15,18,-70,0,28,0]"
CSI_DATA,8278,d8:b1:90:d9:de:f0,-40,9,-99,-34,41,104,593903051,98,0,106,0,"[-5,18,153,20,-66,18,164,20,-58,18,-141,20,-8,18,-116,20,56,20,-121,20,112,20,-130,20,166,20,165,20,-138,20,112,20,-104,20,60,20,-82,20,44,20,-53,20,73,20,-12,20,138,20,53,0,-121,20,0,0,0,0,-129,0,-12,20,-21,0,8,0,62,1,-4,20,105,1,-21,20,72,1,-40,20,-5,0,-26,20,-88,0,2,0,-150,0,50,0,148,0,104,0,132,0,164,0,142,0,-130,0,165,0,-130,0,153,0]"
CSI_DATA,8279,d8:b1:90:d9:de:f0,-40,9,-99,-36,42,104,594111565,130,0,106,0,"[12,1,118,18,22,1,64,18,-16,0,61,18,-66,0,100,18,-107,0,-151,18,-129,0,-75,18,-135,0,8,0,-120,0,96,0,-105,0,-158,0,-107,0,-130,0,-146,0,-142,0,109,0,134,0,7,0,93,0,0,0,0,0,119,18,52,0,12,18,73,0,-70,17,108,0,-84,17,128,0,-41,17,122,0,37,18,84,0,120,18,26,0,-133,18,-41,18,-96,18,-114,18,-83,18,143,18,-89,18,93,18,-108,18,90,18,-108,18]"
CSI_DATA,8280,d8:b1:90:d9:de:f0,-40,9,-99,-33,41,104,594111718,113,0,106,0,"[-59,19,66,1,15,0,112,1,71,0,79,1,93,0,11,1,79,0,-59,0,25,0,-102,0,-34,19,-121,0,-102,19,-103,0,-147,19,-72,0,-154,19,-59,0,-138,19,-85,0,-111,19,-155,0,-107,19,67,0,0,0,0,0,130,19,-88,19,31,19,-130,19,-64,18,-120,19,-102,18,-81,19,-60,18,-36,19,16,19,-15,19,110,19,-24,19,-151,19,-63,19,-116,19,-114,19,-117,19,158,19,-146,19,123,19,149,19,130,19,158,19]"
CSI_DATA,8281,d8:b1:90:d9:de:f0,-40,9,-99,-36,42,104,594111844,318,0,106,0,"[27,1,-130,0,83,1,-158,0,64,1,127,0,-1,0,100,0,-81,0,98,0,-152,0,114,0,96,0,-161,0,37,0,-101,0,0,0,-44,0,-21,18,-35,0,-28,18,-70,0,-36,18,-151,0,-67,18,67,0,0,0,0,0,142,18,-118,18,55,18,139,18,-20,17,107,18,-51,17,119,18,-20,17,152,18,54,18,-140,18,158,18,-118,18,-70,18,-125,18,6,0,-144,18,59,0,138,18,83,0,88,18,62,0,74,18,25,0]"
CSI_DATA,8282,d8:b1:90:d9:de:f0,-41,9,-99,-33,42,104,594112030,338,0,106,0,"[24,1,105,17,32,1,40,17,-8,0,36,17,-60,0,76,17,-100,0,136,17,-118,0,-92,17,-118,0,-13,17,-94,0,61,0,-65,0,114,0,-64,0,138,0,-98,0,130,0,128,0,106,0,30,0,88,0,0,0,0,0,123,17,109,0,40,17,-128,0,-10,16,-75,0,-18,16,-43,0,21,17,-55,0,83,17,-109,0,136,17,103,0,-131,17,26,0,-128,17,-45,17,-147,17,-107,17,113,17,-139,17,87,17,-129,17,120,17]"
CSI_DATA,8283,d8:b1:90:d9:de:f0,-41,9,-99,-35,42,104,594112215,318,0,106,0,"[-149,0,-40,17,139,0,-92,17,92,0,-79,17,75,0,-18,17,77,0,58,18,100,0,121,18,143,0,-129,18,-111,0,-89,18,-55,0,-59,18,-37,0,-34,18,-75,0,-19,18,-143,0,8,0,91,0,57,0,0,0,0,0,-40,18,-106,0,-73,18,-6,0,-80,18,72,1,-61,18,94,1,-44,18,59,1,-37,18,-19,0,-51,18,-111,0,-86,18,127,0,-134,18,68,0,127,18,44,0,80,18,42,0,74,18,59,0,132,18]"
CSI_DATA,8284,d8:b1:90:d9:de:f0,-41,9,-99,-34,42,104,594112401,338,0,106,0,"[101,17,-11,16,32,17,-7,16,22,17,34,17,62,17,98,17,118,17,133,17,-109,17,143,17,-46,17,134,17,23,0,95,17,70,0,59,17,86,0,49,17,73,0,78,17,70,0,-152,17,72,0,-57,17,0,0,0,0,-146,0,128,0,-61,0,-116,0,7,1,-91,0,47,1,-112,0,26,1,-148,0,-47,0,117,0,-141,0,102,0,78,0,108,0,17,0,136,0,-19,17,-122,0,-32,17,-74,0,-13,17,-65,0,20,0]"
CSI_DATA,8285,d8:b1:90:d9:de:f0,-41,9,-99,-38,43,104,594320481,258,0,106,0,"[22,0,64,1,101,0,74,1,146,0,22,1,140,0,-45,0,106,0,-89,0,72,0,-96,0,43,0,-76,0,34,0,-36,0,38,0,-4,0,58,0,-17,0,65,0,-71,0,35,0,-135,0,-36,17,109,0,0,0,0,0,117,17,101,0,54,17,-142,0,36,17,-77,0,60,17,-35,0,101,17,-34,0,137,17,-82,0,-140,17,-139,0,-150,17,124,0,134,17,108,0,106,17,117,0,91,17,149,0,122,17,-125,0,-115,17]"
CSI_DATA,8286,d8:b1:90:d9:de:f0,-38,11,-99,-35,40,104,594503955,100,0,114,0,"[-38,13,-44,12,-49,10,-50,7,-50,6,-49,4,-47,3,-44,3,-44,3,-44,4,-43,3,-43,3,-43,3,-43,4,-43,4,-46,6,-47,6,-49,6,-49,6,-50,6,-49,7,-50,9,-50,9,-50,10,-49,9,-47,7,-47,9,-47,9,0,0,-49,9,-46,9,-46,7,-46,9,-44,9,-46,10,-46,12,-46,12,-46,12,-44,12,-41,12,-38,12,-38,12,-35,12,-33,10,-32,10,-32,12,-30,12,-32,13,-33,15,-35,15,-36,15,-36,13,-35,12,-38,12,-36,10,-33,9,-32,6]"
CSI_DATA,8287,d8:b1:90:d9:de:f0,-41,11,-99,-35,42,104,594528908,277,0,106,0,"[80,1,-12,18,103,1,-83,18,51,1,-114,18,-20,0,-113,18,-70,0,-75,18,-95,0,-22,18,-99,0,31,0,-69,0,81,0,-44,0,114,0,-42,0,111,0,-85,0,94,0,148,0,81,0,55,0,96,0,0,0,0,0,-78,18,-94,0,-108,18,-7,0,-94,18,53,1,-62,18,79,1,-26,18,47,1,-19,18,-31,0,-41,18,-113,0,-81,18,145,0,-119,18,122,0,149,18,127,0,125,18,145,0,143,18,-150,0,-114,18]"
CSI_DATA,8288,d8:b1:90:d9:de:f0,-40,9,-99,-37,42,104,594529389,113,0,106,0,"[63,1,-137,19,55,1,107,19,-10,0,76,19,-79,0,107,19,-121,0,155,19,-129,0,-121,19,-111,0,-75,19,-55,0,-45,19,-11,0,-34,19,-14,0,-45,19,-63,0,-38,19,-137,0,-12,19,110,0,58,0,0,0,0,0,75,0,-106,0,114,0,-7,0,-160,0,34,1,-107,0,31,1,-103,0,-25,0,-139,0,-94,0,121,0,-143,0,58,0,-158,0,9,0,-146,0,-14,19,-111,0,-6,19,-75,0,25,0,-76,0,46,0]"
CSI_DATA,8289,d8:b1:90:d9:de:f0,-41,11,-99,-34,42,104,594946706,277,0,106,0,"[-140,0,14,1,-91,0,23,1,-83,0,-4,0,-124,0,-55,0,134,0,-84,0,66,0,-110,0,-1,17,-108,0,-71,17,-89,0,-118,17,-72,0,-140,17,-80,0,-134,17,-110,0,-105,17,118,0,-82,17,23,0,0,0,0,0,-87,17,115,17,-133,17,20,17,124,17,-35,16,87,17,-53,16,97,17,-17,16,146,17,40,17,-85,17,105,17,-15,17,142,17,55,0,-141,17,112,0,144,17,149,0,117,17,141,0,111,17,99,0]"
CSI_DATA,8290,d8:b1:90:d9:de:f0,-40,9,-99,-36,42,104,594947195,130,0,106,0,"[31,18,-88,0,36,18,-27,0,75,18,-25,0,119,18,-70,0,148,18,-124,0,151,18,124,0,129,18,67,0,84,18,8,0,46,18,-26,18,45,18,-39,18,81,18,-40,18,159,18,-37,18,-55,18,-66,18,0,0,0,0,123,0,144,18,-144,0,47,18,-127,0,-36,17,-144,0,-83,17,137,0,-55,17,104,0,25,18,103,0,124,18,114,0,-115,18,153,0,-54,18,-117,0,-23,18,-71,0,-27,18,-74,0,-47,18,-129,0]"
CSI_DATA,8291,d8:b1:90:d9:de:f0,-40,9,-99,-34,41,104,594947348,192,0,106,0,"[-32,18,-116,20,-80,18,-90,20,-61,18,-56,20,2,20,-42,20,62,20,-49,20,121,20,-88,20,160,20,-142,20,-157,20,140,20,-146,20,78,20,-134,20,66,20,-106,20,88,20,-56,20,154,20,25,0,-114,20,0,0,0,0,-124,0,-44,20,-12,0,-53,20,65,1,-96,20,88,1,-126,20,53,1,-133,20,-28,0,-105,20,-101,0,-49,20,-157,0,18,0,162,0,80,0,-166,0,141,0,-144,0,-161,0,-132,0,-168,0,-156,0]"
CSI_DATA,8292,d8:b1:90:d9:de:f0,-39,9,-99,-36,41,104,594947503,212,0,106,0,"[1,21,163,21,-59,19,-166,21,-48,19,-129,21,14,21,-93,21,76,21,-97,21,149,21,-128,21,-165,21,-179,21,-137,21,114,21,-122,21,64,21,-110,21,46,21,-81,21,87,21,-36,21,165,21,32,0,-111,21,0,0,0,0,-128,0,-36,21,-12,0,-24,21,80,1,-73,21,101,1,-108,21,53,1,-120,21,-22,0,-94,21,-108,0,-36,21,-168,0,26,0,169,0,90,0,-177,0,155,0,-148,0,-172,0,-135,0,-179,0,-162,0]"
CSI_DATA,8293,d8:b1:90:d9:de:f0,-40,11,-99,-36,42,104,595364503,277,0,106,0,"[71,1,32,0,114,1,-23,18,78,1,-59,18,8,1,-60,18,-59,0,-26,18,-95,0,18,0,-118,0,80,0,-119,0,142,0,-114,0,-133,0,-120,0,-117,0,-152,0,-140,0,98,0,133,0,2,0,91,0,0,0,0,0,125,18,110,0,37,18,149,0,-26,17,-113,0,-22,17,-76,0,18,18,-81,0,80,18,-134,0,134,18,117,0,154,18,42,0,148,18,-21,18,119,18,-66,18,89,18,-84,18,76,18,-69,18,127,18]"
CSI_DATA,8294,d8:b1:90:d9:de:f0,-40,9,-99,-34,41,104,595364966,98,0,106,0,"[-41,0,-58,0,26,1,-78,0,22,1,-132,0,-38,0,162,0,-97,0,144,0,-168,0,154,0,129,0,-142,0,92,0,-81,0,77,0,-37,0,81,0,-32,0,64,0,-62,0,33,0,-144,0,-40,20,109,0,0,0,0,0,110,20,36,0,8,20,50,0,-65,18,94,0,-86,18,136,0,-41,18,157,0,42,20,122,0,113,20,61,0,158,20,-2,20,-170,20,-64,20,142,20,-122,20,105,20,-141,20,88,20,-118,20,121,20]"
CSI_DATA,8295,d8:b1:90:d9:de:f0,-43,11,-99,-32,44,104,595504005,100,0,228,0,"[18,2,21,6,23,8,24,12,23,15,21,16,18,16,110,65,15,16,13,14,11,12,11,11,10,9,11,8,12,7,14,7,15,7,16,6,17,7,17,7,16,7,31,-52,15,6,12,5,11,3,8,1,8,0,7,-3,0,0,8,-8,9,-11,12,-13,14,-15,16,-16,19,-16,-21,0,22,-15,22,-13,22,-11,20,-8,18,-8,16,-7,14,-6,12,-6,10,-7,8,-8,8,-8,8,-10,8,-11,84,0,9,-13,10,-13,11,-11,11,-10,10,-8,9,-6,7,-4,-3,10,5,10,11,3,8,-6,0,-10,-8,-7,-10,2,12,28,6,12,14,4,15,-8,6,-17,-8,-18,-20,-8,-22,7,-12,21,5,24,20,15,24,-3,15,-18,-2,-23,0,-5,-19,3,-9,15,6,16,16,5,15,-8,4,-16,0,0,-16,-4,-15,8,-5,16,7,15,14,5,12,-5,24,-26,-5,-7,-7,1,0,7,7,5,10,-2,6,-12,-4,-14,-14,-8,-17,3,-11,15,1,19,14,14,20,0,24,-24,3,-19,-9,-16,-16,-4,-12,8,-2,13,7,9,10,0]"
CSI_DATA,8296,d8:b1:90:d9:de:f0,-41,11,-99,-34,42,104,595573402,277,0,106,0,"[40,1,148,0,98,1,83,0,74,1,15,0,9,1,-19,17,-43,0,-29,17,-85,0,13,0,-103,0,46,0,-96,0,103,0,-78,0,125,0,-80,0,128,0,-101,0,105,0,127,0,87,0,42,0,90,0,0,0,0,0,-87,17,-108,0,-110,17,-20,0,-97,17,55,1,-46,17,97,1,-8,17,65,1,11,0,-10,0,0,0,-95,0,-30,17,-144,0,-82,17,131,0,-112,17,149,0,-140,17,-128,0,-123,17,-103,0,-73,17]"
CSI_DATA,8297,d8:b1:90:d9:de:f0,-41,9,-99,-36,42,104,595573882,130,0,106,0,"[127,18,-15,17,60,18,-16,17,50,18,28,18,96,18,84,18,146,18,115,18,-107,18,124,18,-47,18,113,18,8,0,83,18,52,0,56,18,70,0,57,18,71,0,94,18,78,0,-148,18,95,0,-50,18,0,0,0,0,-132,0,117,0,-49,0,-149,0,13,1,-129,0,51,1,-138,0,28,1,-161,0,-42,0,137,0,-128,0,115,0,114,0,125,0,52,0,148,0,21,0,-125,0,8,0,-80,0,21,0,-79,0,36,0]"
CSI_DATA,8298,d8:b1:90:d9:de:f0,-40,9,-99,-36,42,104,595782790,108,0,106,0,"[-75,18,-55,17,153,18,-69,17,109,18,-11,17,114,18,60,18,157,18,110,18,-114,18,130,18,-61,18,118,18,-21,18,83,18,-12,18,47,18,-7,18,45,18,-11,18,88,18,3,0,-159,18,57,0,-81,18,0,0,0,0,-100,0,-11,18,0,1,-36,18,67,1,-93,18,75,1,-148,18,20,1,147,18,-56,0,-151,18,-122,0,-96,18,-159,0,-39,18,-154,0,18,0,-123,0,51,0,-84,0,57,0,-73,0,22,0,-123,0]"
CSI_DATA,8299,d8:b1:90:d9:de:f0,-40,11,-99,-35,41,104,595991199,277,0,106,0,"[13,0,-72,19,-32,20,-105,19,-65,20,-75,19,-53,20,-8,19,-23,20,59,20,26,0,111,20,93,0,135,20,168,0,138,20,-115,0,137,20,-98,0,149,20,-108,0,-172,20,-150,0,-109,20,149,0,-13,20,0,0,0,0,120,0,-168,0,160,0,-67,0,-144,0,0,1,-108,0,26,1,-113,0,-6,0,-159,0,-68,0,116,0,-124,0,38,0,-155,0,-35,20,-166,0,-97,20,-135,0,-127,20,-89,0,-111,20,-67,0,-59,20]"
CSI_DATA,8300,d8:b1:90:d9:de:f0,-40,9,-99,-36,42,104,595991680,98,0,106,0,"[-2,17,113,18,-57,17,147,18,-46,17,-130,18,7,18,-91,18,71,18,-86,18,127,18,-104,18,-149,18,-149,18,-122,18,112,18,-110,18,65,18,-96,18,49,18,-88,18,74,18,-49,18,129,18,16,0,-140,18,0,0,0,0,-134,0,-80,18,-41,0,-99,18,23,1,-137,18,41,1,140,18,7,1,130,18,-54,0,-156,18,-110,0,-98,18,-144,0,-36,18,-153,0,30,0,-127,0,74,0,-81,0,99,0,-61,0,78,0,-89,0]"
CSI_DATA,8301,d8:b1:90:d9:de:f0,-39,9,-99,-36,41,104,596009399,120,0,106,0,"[73,0,-77,19,14,0,-117,19,-29,21,-77,19,-39,21,-9,19,-21,21,49,21,21,0,97,21,70,0,114,21,128,0,111,21,176,0,118,21,-161,0,128,21,-165,0,170,21,-179,0,-120,21,168,0,-25,21,0,0,0,0,-139,0,111,0,-72,0,-170,0,2,1,-144,0,39,1,-146,0,18,1,179,0,-43,0,148,0,-128,0,132,0,155,0,138,0,101,0,169,0,77,0,-139,0,72,0,-93,0,94,0,-83,0,108,0]"
CSI_DATA,8302,d8:b1:90:d9:de:f0,-40,9,-99,-37,42,104,596200552,130,0,106,0,"[-23,0,79,19,-32,0,20,19,-77,0,23,19,-123,0,73,19,-143,0,138,19,-145,0,-123,19,-121,0,-57,19,-80,0,2,0,-40,0,42,0,-37,0,58,0,-81,0,63,0,-160,0,62,0,67,0,89,0,0,0,0,0,-102,19,-132,0,-160,19,-46,0,147,19,28,1,158,19,64,1,-150,19,34,1,-124,19,-44,0,-121,19,-136,0,-134,19,114,0,158,19,51,0,114,19,18,0,69,19,10,0,63,19,33,0,119,19]"
CSI_DATA,8303,d8:b1:90:d9:de:f0,-40,9,-99,-35,41,104,596200695,101,0,106,0,"[-26,0,98,20,-59,0,2,20,-130,0,-13,19,153,0,28,20,120,0,91,20,124,0,142,20,167,0,174,20,-142,0,-171,20,-100,0,164,20,-101,0,153,20,-129,0,168,20,-170,0,-131,20,139,0,-38,20,0,0,0,0,-153,0,115,0,-49,0,164,0,35,1,155,0,76,1,111,0,60,1,56,0,-19,0,28,0,-108,0,26,0,-164,0,57,0,166,0,102,0,-164,0,142,0,-129,0,161,0,-98,0,130,0,-127,0]"
CSI_DATA,8304,d8:b1:90:d9:de:f0,-40,11,-99,-36,42,104,596408996,277,0,106,0,"[12,1,98,18,-13,0,27,18,-70,0,20,18,-125,0,61,18,-147,0,122,18,-149,0,-138,18,-124,0,-86,18,-74,0,-52,18,-35,0,-36,18,-39,0,-28,18,-84,0,-17,18,-159,0,13,0,90,0,66,0,0,0,0,0,6,0,-90,0,11,0,12,1,42,0,74,1,83,0,94,1,100,0,50,1,89,0,-28,0,40,0,-105,0,-15,18,-157,0,-71,18,149,0,-120,18,-159,0,-152,18,-132,0,-133,18,-110,0,-90,18]"
CSI_DATA,8305,d8:b1:90:d9:de:f0,-40,9,-99,-34,41,104,596409468,98,0,106,0,"[40,20,-56,0,61,20,22,1,125,20,29,1,-160,20,-20,0,-130,20,-89,0,-146,20,-137,0,165,20,166,0,121,20,146,0,78,20,134,0,76,20,133,0,106,20,106,0,160,20,53,0,-118,20,-32,20,0,0,0,0,-133,20,138,20,161,20,45,20,81,20,6,20,34,20,18,20,36,20,64,20,92,20,129,20,166,20,-168,20,-106,20,-161,20,-53,20,162,20,-25,20,126,20,-24,20,96,20,-41,20,85,20,-54,20]"
CSI_DATA,8306,d8:b1:90:d9:de:f0,-39,9,-99,-36,41,104,596424870,130,0,106,0,"[138,0,-62,19,74,0,-121,19,12,0,-100,19,-7,21,-24,19,9,0,48,21,28,0,94,21,86,0,115,21,134,0,111,21,-179,0,97,21,-175,0,104,21,165,0,152,21,144,0,-124,21,131,0,-15,21,0,0,0,0,-151,0,149,0,-53,0,-155,0,29,1,-138,0,60,1,-163,0,42,1,158,0,-28,0,121,0,-118,0,108,0,175,0,131,0,135,0,156,0,115,0,-155,0,121,0,-124,0,144,0,-139,0,125,0]"
CSI_DATA,8307,d8:b1:90:d9:de:f0,-40,9,-99,-35,41,104,596425406,113,0,106,0,"[94,0,-65,19,5,0,-119,19,-61,20,-75,19,-87,20,-1,19,-65,20,67,20,-23,20,102,20,30,0,112,20,72,0,90,20,94,0,52,20,86,0,49,20,68,0,97,20,67,0,-168,20,94,0,-63,20,0,0,0,0,-107,0,49,0,6,1,42,0,83,1,-10,20,100,1,-67,20,52,1,-101,20,-34,0,-94,20,-115,0,-53,20,-155,0,-8,20,-164,0,42,0,-141,0,78,0,-109,0,89,0,-94,0,60,0,-139,0]"
CSI_DATA,8308,d8:b1:90:d9:de:f0,-39,11,-99,-36,41,104,596504004,100,0,114,0,"[-36,-1,-40,-2,-42,-5,-43,-7,-45,-8,-45,-8,-42,-7,-42,-7,-38,-5,-38,-5,-36,-5,-36,-2,-38,-2,-38,-1,-39,0,-40,1,-43,1,-42,1,-46,2,-45,5,-48,7,-46,7,-45,8,-45,9,-42,9,-42,9,-42,11,-42,11,0,0,-40,12,-38,12,-40,14,-39,15,-39,18,-40,19,-39,19,-38,21,-38,19,-36,19,-35,21,-32,22,-31,21,-28,22,-26,21,-25,21,-24,21,-24,22,-24,24,-24,24,-24,25,-24,26,-22,26,-25,28,-25,28,-25,28,-24,24,-22,21]"
CSI_DATA,8309,d8:b1:90:d9:de:f0,-41,11,-99,-35,42,104,596617895,277,0,106,0,"[46,1,-111,18,57,1,149,18,14,1,139,18,-36,0,-144,18,-78,0,-100,18,-91,0,-35,18,-91,0,24,0,-66,0,85,0,-51,0,122,0,-58,0,132,0,-111,0,117,0,121,0,101,0,19,0,96,0,0,0,0,0,154,18,151,0,88,18,-103,0,51,18,-44,0,48,18,-15,0,70,18,-41,0,110,18,-95,0,134,18,143,0,146,18,74,0,134,18,20,0,114,18,-15,18,84,18,-35,18,81,18,-34,18,122,18]"
CSI_DATA,8310,d8:b1:90:d9:de:f0,-40,9,-99,-36,42,104,596618358,214,0,106,0,"[31,1,-152,0,84,1,128,0,61,1,81,0,0,1,64,0,-66,0,78,0,-114,0,101,0,-149,0,154,0,-158,0,-108,0,-161,0,-67,0,152,0,-65,0,118,0,-105,0,61,0,157,0,-27,18,104,0,0,0,0,0,104,18,78,0,18,18,114,0,-41,17,154,0,-52,17,-137,0,-15,17,-132,0,44,18,149,0,101,18,91,0,134,18,33,0,139,18,-25,18,123,18,-66,18,100,18,-86,18,88,18,-71,18,129,18]"
CSI_DATA,8311,d8:b1:90:d9:de:f0,-40,9,-99,-35,41,104,596618521,214,0,106,0,"[-59,19,-59,20,-91,19,1,0,-52,19,39,0,12,20,41,0,71,20,10,0,115,20,-45,20,126,20,-109,20,109,20,174,20,87,20,134,20,96,20,137,20,135,20,161,20,-133,20,-153,20,-20,20,-130,20,0,0,0,0,170,0,-168,20,-112,0,101,20,-79,0,39,20,-78,0,-1,19,-113,0,19,20,-152,0,83,20,171,0,161,20,170,0,-116,20,-159,0,-54,20,-124,0,-27,20,-83,0,-19,20,-79,0,-37,20,-129,0]"
CSI_DATA,8312,d8:b1:90:d9:de:f0,-40,9,-99,-36,42,104,596618666,98,0,106,0,"[-55,18,69,1,8,0,107,1,46,0,70,1,51,0,3,1,28,0,-62,0,-16,18,-93,0,-73,18,-96,0,-129,18,-88,0,157,18,-66,0,-159,18,-71,0,-134,18,-114,0,-107,18,125,0,-100,18,25,0,0,0,0,0,146,18,-148,18,66,18,115,18,-8,17,95,18,-42,17,118,18,-22,17,153,18,37,18,-135,18,122,18,-122,18,-138,18,-135,18,-98,18,-156,18,-74,18,128,18,-75,18,94,18,-93,18,95,18,-93,18]"
CSI_DATA,8313,d8:b1:90:d9:de:f0,-40,11,-99,-35,41,104,597035692,277,0,106,0,"[-42,19,-134,20,-85,19,-101,20,-64,19,-68,20,-6,19,-54,20,59,20,-71,20,107,20,-105,20,153,20,-156,20,163,20,134,20,172,20,80,20,-167,20,71,20,-122,20,104,20,-63,20,157,20,27,0,-134,20,0,0,0,0,-145,0,-82,20,-30,0,-112,20,35,1,-157,20,53,1,171,20,19,1,167,20,-41,0,-145,20,-101,0,-87,20,-139,0,-15,20,-152,0,38,0,-139,0,96,0,-118,0,127,0,-104,0,118,0,-142,0]"
CSI_DATA,8314,d8:b1:90:d9:de:f0,-40,9,-99,-36,42,104,597036173,113,0,106,0,"[-12,17,-119,0,-6,17,-52,0,49,18,-39,0,103,18,-71,0,135,18,-139,0,133,18,130,0,112,18,81,0,73,18,41,0,30,18,20,0,21,18,21,0,69,18,18,0,142,18,-5,18,-91,18,-59,18,0,0,0,0,0,0,99,18,5,0,1,18,-33,18,-76,17,-74,18,-89,17,-96,18,-54,17,-80,18,26,18,-41,18,103,18,12,0,146,18,69,0,-161,18,115,0,147,18,142,0,119,18,130,0,91,18,76,0]"
CSI_DATA,8315,d8:b1:90:d9:de:f0,-40,9,-99,-34,41,104,597036318,130,0,106,0,"[-80,0,-28,0,-14,0,-45,0,-9,0,-96,0,-53,0,-140,0,-108,0,-162,0,-169,0,-156,0,129,0,-122,0,101,0,-69,0,85,0,-29,0,73,0,-25,0,56,0,-65,0,18,0,-133,0,-49,20,134,0,0,0,0,0,129,20,70,0,25,20,94,0,-46,18,134,0,-65,18,-164,0,-22,18,-157,0,40,20,156,0,101,20,98,0,140,20,42,0,149,20,-18,20,121,20,-61,20,86,20,-80,20,74,20,-61,20,110,20]"
CSI_DATA,8316,d8:b1:90:d9:de:f0,-40,9,-99,-36,42,104,597036426,98,0,106,0,"[-59,17,-22,18,-90,17,35,0,-56,17,74,0,5,18,78,0,61,18,50,0,85,18,12,0,95,18,-36,18,79,18,-93,18,57,18,-119,18,56,18,-124,18,99,18,-114,18,-154,18,-103,18,-64,18,-109,18,0,0,0,0,81,0,115,18,118,0,35,18,120,0,-40,17,93,0,-69,17,60,0,-52,17,41,0,15,18,52,0,96,18,75,0,153,18,114,0,-132,18,-161,0,-130,18,-130,0,-147,18,-137,0,152,18,133,0]"
CSI_DATA,8317,d8:b1:90:d9:de:f0,-41,9,-99,-33,42,104,597036549,108,0,106,0,"[128,0,-39,16,79,0,-86,16,34,0,-65,16,12,0,-10,16,23,0,43,17,49,0,77,17,93,0,97,17,136,0,94,17,-120,0,84,17,-117,0,81,17,-135,0,115,17,130,0,-116,17,114,0,-38,17,0,0,0,0,-121,0,117,0,-53,0,-128,0,19,1,-117,0,56,1,-133,0,41,1,125,0,-19,0,94,0,-90,0,81,0,146,0,99,0,108,0,127,0,95,0,-127,0,108,0,-95,0,131,0,-97,0,128,0]"
CSI_DATA,8318,d8:b1:90:d9:de:f0,-40,9,-99,-36,42,104,597245063,130,0,106,0,"[130,18,-13,17,65,18,-13,17,60,18,25,18,99,18,86,18,157,18,124,18,-85,18,130,18,-25,18,118,18,40,0,79,18,84,0,42,18,93,0,37,18,81,0,83,18,71,0,157,18,84,0,-54,18,0,0,0,0,-153,0,128,0,-71,0,-127,0,-1,0,-107,0,39,1,-120,0,16,1,-149,0,-50,0,143,0,-144,0,133,0,96,0,143,0,46,0,-154,0,12,0,-112,0,6,0,-67,0,26,0,-67,0,47,0]"
CSI_DATA,8319,d8:b1:90:d9:de:f0,-40,9,-99,-35,41,104,597245180,98,0,106,0,"[39,20,-69,0,54,20,2,1,108,20,-2,0,159,20,-56,0,-170,20,-129,0,174,20,139,0,135,20,76,0,75,20,26,0,34,20,-5,20,24,20,-16,20,64,20,-20,20,155,20,-32,20,-86,20,-71,20,0,0,0,0,68,0,135,20,112,0,28,20,112,0,-57,19,93,0,-90,19,72,0,-56,19,64,0,30,20,79,0,123,20,111,0,-150,20,157,0,-105,20,-131,0,-86,20,-90,0,-98,20,-94,0,-120,20,-159,0]"
CSI_DATA,8320,d8:b1:90:d9:de:f0,-40,9,-99,-36,41,104,597272969,98,0,106,0,"[43,21,87,21,-29,19,110,21,-26,19,168,21,29,21,-145,21,96,21,-128,21,162,21,-137,21,-145,21,179,21,-117,21,115,21,-107,21,63,21,-101,21,46,21,-83,21,84,21,-52,21,162,21,18,0,-117,21,0,0,0,0,-146,0,-60,21,-38,0,-76,21,50,1,-129,21,64,1,-173,21,16,1,166,21,-57,0,-166,21,-127,0,-103,21,-173,0,-33,21,-175,0,35,0,-141,0,86,0,-97,0,97,0,-79,0,66,0,-122,0]"
CSI_DATA,8321,d8:b1:90:d9:de:f0,-39,9,-99,-36,41,104,597325410,224,0,106,0,"[-43,21,-73,19,-121,21,-98,19,-161,21,-49,19,-145,21,32,21,-107,21,91,21,-52,21,128,21,19,0,131,21,83,0,104,21,129,0,74,21,135,0,67,21,125,0,96,21,103,0,-176,21,100,0,-67,21,0,0,0,0,-149,0,108,0,-46,0,163,0,42,1,170,0,81,1,148,0,55,1,97,0,-29,0,74,0,-125,0,74,0,158,0,104,0,114,0,149,0,105,0,-146,0,125,0,-107,0,161,0,-115,0,161,0]"
CSI_DATA,8322,d8:b1:90:d9:de:f0,-39,9,-99,-36,41,104,597339533,98,0,106,0,"[-115,0,7,21,-163,0,-69,19,118,0,-60,19,70,0,1,21,60,0,76,21,81,0,129,21,125,0,169,21,-165,0,-180,21,-114,0,169,21,-110,0,155,21,-142,0,175,21,162,0,-122,21,120,0,-21,21,0,0,0,0,155,0,175,0,-113,0,-113,0,-16,0,-84,0,36,1,-115,0,22,1,-180,0,-50,0,134,0,-142,0,110,0,145,0,129,0,96,0,165,0,88,0,-141,0,108,0,-101,0,153,0,-113,0,159,0]"
CSI_DATA,8323,d8:b1:90:d9:de:f0,-40,9,-99,-37,42,104,597352369,98,0,106,0,"[-36,0,-60,0,34,1,-86,0,29,1,-143,0,-22,0,145,0,-93,0,130,0,-154,0,136,0,124,0,-158,0,88,0,-103,0,69,0,-57,0,62,0,-46,0,46,0,-79,0,12,0,-149,0,-44,19,104,0,0,0,0,0,107,19,7,0,1,19,25,0,-73,18,55,0,-89,18,97,0,-50,18,112,0,24,19,94,0,101,19,46,0,151,19,-9,19,-161,19,-73,19,155,19,-125,19,124,19,-155,19,102,19,-136,19,132,19]"
CSI_DATA,8324,d8:b1:90:d9:de:f0,-43,11,-99,-36,45,104,597503978,100,0,228,0,"[-5,-17,-4,-21,-3,-24,0,-26,0,-27,2,-25,4,-24,110,65,4,-20,3,-18,2,-16,0,-16,0,-14,-1,-14,-3,-13,-5,-13,-7,-13,-8,-15,-8,-15,-10,-16,-9,-15,31,-52,-8,-12,-8,-10,-7,-8,-6,-5,-6,-1,-6,1,0,0,-8,7,-10,10,-12,11,-16,14,-17,15,-20,15,-17,12,-23,14,-23,13,-23,11,-20,9,-17,8,-16,8,-13,8,-10,8,-8,8,-6,8,-5,10,-4,12,-3,13,-60,13,-4,16,-5,16,-6,15,-6,14,-6,11,-6,8,-3,6,11,0,8,-8,0,-10,-8,-5,-8,4,0,8,7,6,15,-26,4,-12,-6,-13,-16,-5,-16,8,-6,18,8,19,22,8,23,-8,10,-22,-7,-24,-21,-11,-23,7,-9,19,-1,5,17,6,15,-8,0,-16,-11,-10,-16,2,-8,14,0,0,15,8,17,-4,8,-14,-3,-15,-11,-8,-11,2,-26,24,3,5,5,-1,0,-6,-8,-3,-9,4,-3,12,8,13,16,5,16,-8,8,-17,-6,-18,-17,-9,-20,5,-15,32,2,19,14,10,16,-2,7,-12,-4,-12,-11,-4,-9,5]"
CSI_DATA,8325,d8:b1:90:d9:de:f0,-40,11,-99,-34,41,104,597871287,277,0,106,0,"[129,0,58,1,-121,0,61,1,-81,0,-2,0,-101,0,-77,0,-153,0,-136,0,133,0,-154,0,70,0,-141,0,25,0,-92,0,1,0,-45,0,9,0,-25,0,18,0,-72,0,8,0,-152,0,-41,20,100,0,0,0,0,0,114,20,-1,20,1,20,24,0,-76,18,74,0,-89,18,144,0,-42,18,-160,0,46,20,169,0,129,20,117,0,-169,20,41,0,-166,20,-16,20,145,20,-65,20,101,20,-89,20,74,20,-46,20,118,20]"
CSI_DATA,8326,d8:b1:90:d9:de:f0,-41,9,-99,-36,42,104,597871732,130,0,106,0,"[12,18,-91,0,13,18,-35,0,59,18,-33,0,105,18,-76,0,140,18,-135,0,138,18,109,0,125,18,45,0,89,18,-22,18,56,18,-70,18,52,18,-90,18,85,18,-88,18,159,18,-78,18,-59,18,-79,18,0,0,0,0,132,0,-161,18,-113,0,98,18,-76,0,23,18,-74,0,-22,17,-100,0,-2,17,-144,0,62,18,149,0,147,18,137,0,-90,18,151,0,-20,18,-138,0,26,0,-95,0,54,0,-81,0,49,0,-115,0]"
CSI_DATA,8327,d8:b1:90:d9:de:f0,-40,9,-99,-34,41,104,597871885,98,0,106,0,"[-46,18,-144,20,-92,18,-100,20,-72,18,-58,20,-8,18,-40,20,66,20,-52,20,134,20,-89,20,-156,20,-146,20,-122,20,124,20,-110,20,68,20,-94,20,49,20,-81,20,82,20,-34,20,156,20,30,0,-109,20,0,0,0,0,-120,0,6,0,-10,0,17,0,76,1,1,0,113,1,-30,20,76,1,-44,20,0,1,-37,20,-92,0,-4,20,168,0,46,0,122,0,105,0,110,0,-170,0,128,0,-120,0,148,0,-120,0,142,0]"
CSI_DATA,8328,d8:b1:90:d9:de:f0,-40,9,-99,-35,42,104,597872044,192,0,106,0,"[-134,18,42,1,-103,18,95,1,-57,18,81,1,-39,18,18,1,-45,18,-58,0,-81,18,-111,0,-130,18,155,0,119,18,128,0,58,18,114,0,44,18,112,0,78,18,86,0,143,18,42,0,-97,18,-20,18,0,0,0,0,-24,18,114,18,-14,18,4,18,-48,18,-78,17,-81,18,-102,17,-96,18,-66,17,-84,18,3,18,-45,18,89,18,17,0,140,18,78,0,-138,18,136,0,-135,18,-132,0,-148,18,-130,0,136,18,129,0]"
CSI_DATA,8329,d8:b1:90:d9:de:f0,-40,9,-99,-36,42,104,597872181,212,0,106,0,"[30,18,71,18,-27,17,85,18,-28,17,127,18,21,18,-157,18,93,18,-142,18,156,18,-152,18,-108,18,134,18,-65,18,81,18,-33,18,26,18,-12,18,15,18,-5,18,54,18,21,0,132,18,59,0,-110,18,0,0,0,0,-112,0,11,0,-12,0,45,0,70,1,41,0,101,1,23,0,74,1,0,0,5,1,0,0,-81,0,21,0,-148,0,62,0,124,0,115,0,110,0,-154,0,117,0,-108,0,134,0,-101,0,132,0]"
CSI_DATA,8330,d8:b1:90:d9:de:f0,-39,9,-99,-37,41,104,597938703,130,0,106,0,"[120,21,-11,20,40,21,0,21,27,21,62,21,72,21,126,21,143,21,164,21,-157,21,162,21,-97,21,127,21,-53,21,72,21,-17,21,20,21,-10,21,10,21,-8,21,68,21,20,0,161,21,63,0,-113,21,0,0,0,0,-123,0,-17,21,-13,0,7,0,81,1,-24,21,95,1,-59,21,45,1,-79,21,-23,0,-58,21,-101,0,-14,21,-159,0,45,0,-178,0,110,0,-165,0,152,0,-139,0,181,0,-123,0,159,0,-161,0]"
CSI_DATA,8331,d8:b1:90:d9:de:f0,-39,9,-99,-37,41,104,597963978,98,0,106,0,"[85,1,42,0,127,1,-15,21,88,1,-62,21,15,1,-59,21,-39,0,-39,21,-90,0,-1,21,-110,0,53,0,-107,0,113,0,-101,0,167,0,-113,0,180,0,-167,0,173,0,126,0,157,0,18,0,141,0,0,0,0,0,-155,21,-161,0,133,21,-81,0,100,21,-4,0,106,21,37,1,139,21,31,1,183,21,-34,0,-155,21,-123,0,-157,21,171,0,-173,21,110,0,151,21,66,0,114,21,56,0,107,21,68,0,149,21]"
CSI_DATA,8332,d8:b1:90:d9:de:f0,-40,11,-99,-36,42,104,598289085,277,0,106,0,"[49,0,66,1,105,0,90,1,129,0,49,1,105,0,-26,0,55,0,-78,0,-11,18,-123,0,-84,18,-134,0,-161,18,-118,0,110,18,-112,0,99,18,-117,0,133,18,-146,0,-133,18,105,0,-79,18,3,0,0,0,0,0,-50,18,115,18,-75,18,10,18,-114,18,-51,17,-140,18,-67,17,-138,18,-30,17,-99,18,44,18,-36,18,114,18,32,0,-156,18,100,0,-133,18,-161,0,-140,18,-124,0,151,18,-138,0,139,18,128,0]"
CSI_DATA,8333,d8:b1:90:d9:de:f0,-41,9,-99,-35,42,104,598289565,101,0,106,0,"[24,1,-136,0,79,1,141,0,57,1,101,0,-9,0,72,0,-80,0,74,0,-138,0,112,0,130,0,-149,0,103,0,-88,0,91,0,-37,0,94,0,-30,0,80,0,-70,0,50,0,-146,0,-22,18,85,0,0,0,0,0,100,18,-3,18,-2,17,-7,18,-67,17,25,0,-85,17,59,0,-46,17,73,0,33,18,55,0,114,18,2,0,-148,18,-55,18,-122,18,-111,18,-133,18,148,18,-156,18,112,18,134,18,123,18,150,18]"
CSI_DATA,8334,d8:b1:90:d9:de:f0,-41,9,-99,-37,43,104,598289670,98,0,106,0,"[77,17,-2,16,8,17,8,17,2,17,65,17,54,17,114,17,124,17,146,17,-106,17,146,17,-43,17,110,17,5,0,62,17,24,0,12,17,21,0,-1,16,15,0,43,17,12,0,125,17,42,0,-64,17,0,0,0,0,-112,0,91,0,-8,0,116,0,61,1,115,0,85,1,79,0,57,1,46,0,-30,0,35,0,-122,0,49,0,109,0,87,0,70,0,138,0,57,0,-98,0,75,0,-57,0,118,0,-64,0,118,0]"
CSI_DATA,8335,d8:b1:90:d9:de:f0,-39,9,-99,-35,41,104,598498482,108,0,106,0,"[49,1,167,0,104,1,104,0,78,1,42,0,10,1,20,0,-52,0,19,0,-94,0,52,0,-116,0,90,0,-111,0,145,0,-105,0,-167,0,-115,0,-155,0,-155,0,-172,0,124,0,160,0,35,0,149,0,0,0,0,0,-98,20,-126,0,-157,20,-42,0,-168,20,38,1,-144,20,83,1,-104,20,68,1,-60,20,-2,0,-50,20,-87,0,-71,20,-161,0,-107,20,135,0,-157,20,124,0,144,20,137,0,137,20,164,0,-167,20]"
CSI_DATA,8336,d8:b1:90:d9:de:f0,-40,9,-99,-36,42,104,598498618,120,0,106,0,"[-55,17,137,0,-47,17,-105,0,7,18,-79,0,71,18,-98,0,115,18,-139,0,122,18,132,0,108,18,99,0,78,18,64,0,51,18,47,0,50,18,37,0,80,18,21,0,138,18,-12,18,-128,18,-66,18,0,0,0,0,-91,18,108,18,-118,18,26,18,146,18,-32,17,100,18,-35,17,83,18,6,18,104,18,71,18,-161,18,134,18,-98,18,-153,18,-40,18,-153,18,0,0,140,18,17,0,98,18,0,0,76,18,-32,18]"
CSI_DATA,8337,d8:b1:90:d9:de:f0,-41,9,-99,-35,42,104,598498758,98,0,106,0,"[-68,17,-101,18,-103,17,-31,18,-70,17,34,0,-6,17,46,0,46,18,42,0,79,18,15,0,89,18,-15,18,79,18,-56,18,68,18,-81,18,79,18,-90,18,113,18,-89,18,-133,18,-85,18,-61,18,-108,18,0,0,0,0,31,0,90,18,40,0,8,18,20,0,-66,17,-26,18,-95,17,-64,18,-62,17,-79,18,1,18,-66,18,74,18,-23,18,135,18,20,0,-152,18,67,0,154,18,94,0,128,18,84,0,107,18,48,0]"
CSI_DATA,8338,d8:b1:90:d9:de:f0,-38,11,-99,-35,40,104,598513689,100,0,114,0,"[-18,36,-23,38,-26,38,-27,40,-30,40,-30,38,-29,36,-29,33,-27,32,-26,32,-24,32,-24,32,-24,32,-24,33,-24,36,-26,36,-26,40,-26,40,-27,44,-26,43,-26,44,-26,46,-24,44,-23,46,-24,44,-23,44,-21,43,-20,41,0,0,-20,41,-20,43,-18,43,-18,44,-20,46,-18,46,-15,47,-16,46,-15,44,-13,43,-12,43,-12,43,-10,40,-9,38,-7,36,-7,36,-6,35,-6,35,-4,36,-4,35,-4,38,-4,40,-4,41,-6,40,-7,38,-7,38,-9,35,-9,32]"
CSI_DATA,8339,d8:b1:90:d9:de:f0,-41,9,-99,-34,42,104,598707336,124,0,106,0,"[-48,0,20,17,-71,0,-38,16,-118,0,-33,16,-152,0,11,17,135,0,67,17,146,0,117,17,-133,0,-140,17,-93,0,-109,17,-52,0,-77,17,-47,0,-59,17,-78,0,-36,17,-137,0,1,0,99,0,54,0,0,0,0,0,24,0,-102,0,15,0,-7,0,41,0,67,1,67,0,92,1,87,0,66,1,82,0,11,1,53,0,-60,0,5,0,-117,0,-42,17,-148,0,-87,17,149,0,-127,17,-144,0,-134,17,-131,0,-103,17]"
CSI_DATA,8340,d8:b1:90:d9:de:f0,-40,9,-99,-36,42,104,598762205,98,0,106,0,"[-6,0,88,18,-31,0,21,18,-90,0,15,18,-137,0,56,18,-154,0,114,18,-148,0,-156,18,-119,0,-118,18,-76,0,-96,18,-50,0,-89,18,-55,0,-80,18,-98,0,-60,18,158,0,-13,18,96,0,57,0,0,0,0,0,56,0,-103,0,75,0,-11,0,124,0,49,1,-161,0,60,1,-149,0,25,1,149,0,-40,0,103,0,-98,0,52,0,-134,0,-1,18,-144,0,-35,18,-127,0,-52,18,-108,0,-45,18,-104,0,-26,18]"
CSI_DATA,8341,d8:b1:90:d9:de:f0,-40,9,-99,-36,42,104,598812333,130,0,106,0,"[-16,18,78,1,47,0,101,1,79,0,62,1,70,0,-8,0,37,0,-56,0,-11,18,-89,0,-65,18,-95,0,-119,18,-80,0,-152,18,-62,0,-156,18,-69,0,-138,18,-109,0,-117,18,132,0,-110,18,39,0,0,0,0,0,152,18,-138,18,80,18,119,18,12,18,96,18,-25,17,103,18,-10,17,137,18,47,18,-151,18,129,18,-135,18,-125,18,-135,18,-76,18,-161,18,-51,18,123,18,-51,18,88,18,-70,18,90,18,-75,18]"
CSI_DATA,8342,d8:b1:90:d9:de:f0,-40,9,-99,-34,41,104,598812849,113,0,106,0,"[54,0,-68,18,-4,20,-102,18,-48,20,-65,18,-49,20,0,20,-26,20,53,20,18,0,88,20,69,0,90,20,117,0,68,20,157,0,48,20,157,0,52,20,138,0,96,20,120,0,-170,20,130,0,-66,20,0,0,0,0,-130,0,77,0,-37,0,118,0,32,1,125,0,68,1,100,0,42,1,69,0,-18,0,58,0,-97,0,62,0,-157,0,90,0,150,0,125,0,150,0,-169,0,-169,0,-142,0,-160,0,-152,0,166,0]"
CSI_DATA,8343,d8:b1:90:d9:de:f0,-41,9,-99,-35,42,104,599334068,98,0,106,0,"[-103,0,-19,17,-136,0,-69,17,134,0,-46,17,107,0,13,18,107,0,86,18,134,0,139,18,-135,0,-127,18,-77,0,-96,18,-31,0,-81,18,-31,0,-74,18,-80,0,-55,18,-152,0,-14,18,81,0,48,0,0,0,0,0,-17,18,-96,0,-29,18,2,1,-12,18,74,1,19,0,94,1,29,0,57,1,23,0,-12,0,-13,18,-92,0,-56,18,-155,0,-106,18,124,0,154,18,118,0,117,18,130,0,122,18,150,0,-135,18]"
CSI_DATA,8344,d8:b1:90:d9:de:f0,-40,9,-99,-37,42,104,599334164,113,0,106,0,"[63,1,114,0,103,1,67,0,68,1,31,0,7,1,24,0,-59,0,40,0,-108,0,88,0,-136,0,142,0,-147,0,-132,0,-156,0,-93,0,159,0,-86,0,120,0,-115,0,58,0,163,0,-33,19,110,0,0,0,0,0,114,19,68,0,18,19,97,0,-46,18,133,0,-64,18,158,0,-31,18,152,0,31,19,119,0,97,19,68,0,141,19,10,0,159,19,-50,19,147,19,-101,19,129,19,-125,19,116,19,-120,19,152,19]"
CSI_DATA,8345,d8:b1:90:d9:de:f0,-43,11,-99,-34,44,104,599503967,100,0,228,0,"[5,18,5,23,3,27,1,29,0,30,-2,29,-3,27,117,69,-4,23,-4,21,-3,19,-2,17,-1,16,0,16,1,16,2,16,4,16,6,16,7,17,7,17,7,16,33,-55,7,15,6,13,6,10,6,7,6,4,7,1,0,0,11,-3,13,-6,16,-7,19,-9,22,-9,25,-10,31,0,28,-7,29,-6,27,-4,25,-2,22,-1,19,-1,16,-2,14,-2,12,-3,11,-5,10,-6,9,-8,8,-10,108,0,11,-12,11,-12,12,-11,12,-10,11,-8,9,-5,6,-3,-11,0,-7,9,1,11,9,5,9,-4,0,-10,-8,-7,-16,29,-6,13,5,15,16,7,18,-6,9,-19,-6,-22,-22,-12,-25,6,-15,24,5,27,23,16,27,-4,15,-21,1,-7,-19,-11,-19,6,-6,17,8,16,16,2,14,-11,0,0,-11,-13,-17,0,-13,13,0,16,10,12,13,0,35,-16,-1,-8,-5,-1,-2,5,5,6,10,-1,7,-10,-1,-16,-14,-10,-18,1,-14,15,0,21,14,16,21,3,28,-23,5,-20,-8,-17,-17,-5,-14,6,-3,13,6,10,10,0]"
CSI_DATA,8346,d8:b1:90:d9:de:f0,-40,11,-99,-34,41,104,599542477,277,0,106,0,"[149,20,-40,18,76,20,-38,18,61,20,10,20,84,20,66,20,126,20,104,20,-162,20,116,20,-117,20,109,20,-81,20,86,20,-40,20,70,20,-20,20,78,20,16,0,120,20,50,0,-154,20,94,0,-73,20,0,0,0,0,-93,0,-1,20,4,1,18,0,89,1,-10,20,120,1,-45,20,80,1,-80,20,8,1,-77,20,-81,0,-49,20,-145,0,-5,20,156,0,42,0,150,0,97,0,160,0,138,0,-169,0,148,0,152,0]"
CSI_DATA,8347,d8:b1:90:d9:de:f0,-41,9,-99,-35,42,104,599751865,130,0,106,0,"[69,1,-58,18,91,1,-118,18,50,1,-155,18,-17,0,-143,18,-69,0,-100,18,-102,0,-56,18,-122,0,7,0,-111,0,69,0,-91,0,123,0,-86,0,148,0,-119,0,144,0,136,0,130,0,50,0,127,0,0,0,0,0,-111,18,-133,0,144,18,-56,0,116,18,15,1,129,18,53,1,-144,18,39,1,-105,18,-28,0,-89,18,-123,0,-105,18,114,0,-138,18,55,0,124,18,18,0,74,18,8,0,56,18,40,0,105,18]"
CSI_DATA,8348,d8:b1:90:d9:de:f0,-40,11,-99,-37,42,104,599960274,277,0,106,0,"[-75,18,106,0,-94,18,164,0,-46,18,-152,0,19,19,137,0,75,19,82,0,108,19,18,0,116,19,-54,19,115,19,-128,19,108,19,152,19,124,19,141,19,-156,19,159,19,-76,19,-126,19,29,0,-82,19,0,0,0,0,-84,0,-59,19,18,1,-93,19,76,1,-129,19,88,1,-154,19,44,1,-150,19,-36,0,-103,19,-114,0,-41,19,160,0,22,0,132,0,86,0,126,0,149,0,133,0,-146,0,137,0,-150,0,111,0]"
CSI_DATA,8349,d8:b1:90:d9:de:f0,-40,9,-99,-35,41,104,599960710,108,0,106,0,"[-93,19,30,0,-116,19,98,0,-65,19,127,0,10,20,108,0,71,20,59,0,112,20,1,0,131,20,-69,20,122,20,-141,20,119,20,159,20,134,20,150,20,-174,20,-171,20,-89,20,-124,20,19,0,-90,20,0,0,0,0,-97,0,-94,20,-2,0,-144,20,49,1,152,20,50,1,112,20,2,1,116,20,-72,0,166,20,-138,0,-102,20,172,0,-20,20,156,0,49,0,174,0,105,0,-153,0,139,0,-148,0,127,0,161,0]"
CSI_DATA,8350,d8:b1:90:d9:de:f0,-40,9,-99,-36,42,104,600012681,98,0,106,0,"[-69,0,-17,17,-86,0,-70,17,-130,0,-57,17,-156,0,11,18,154,0,80,18,157,0,154,18,-137,0,-104,18,-90,0,-50,18,-60,0,-1,18,-64,0,23,0,-117,0,39,0,125,0,54,0,18,0,75,0,0,0,0,0,-149,18,-146,0,90,18,-66,0,61,18,-1,0,69,18,25,1,109,18,1,1,149,18,-76,0,-138,18,151,0,-130,18,61,0,-138,18,-11,18,158,18,-66,18,128,18,-101,18,129,18,-89,18,-152,18]"
CSI_DATA,8351,d8:b1:90:d9:de:f0,-40,11,-99,-34,41,104,600378072,277,0,106,0,"[-44,18,-110,20,-114,18,-61,20,-98,18,-10,20,-37,18,10,0,26,20,-4,20,89,20,-37,20,134,20,-92,20,157,20,-165,20,168,20,120,20,-165,20,101,20,-148,20,129,20,-102,20,-148,20,-16,20,-72,20,0,0,0,0,-140,0,36,0,-9,0,34,0,78,1,-1,20,129,1,-45,20,93,1,-69,20,12,1,-64,20,-80,0,-32,20,-150,0,18,0,153,0,76,0,146,0,132,0,158,0,-166,0,-165,0,168,0,154,0]"
CSI_DATA,8352,d8:b1:90:d9:de:f0,-41,9,-99,-36,42,104,600378534,101,0,106,0,"[135,18,7,18,54,18,-1,17,23,18,45,18,45,18,103,18,94,18,142,18,154,18,156,18,-110,18,138,18,-61,18,103,18,-28,18,64,18,-12,18,52,18,-17,18,81,18,-11,18,156,18,17,0,-70,18,0,0,0,0,153,0,99,0,-56,0,140,0,40,1,147,0,95,1,115,0,84,1,75,0,13,1,47,0,-75,0,42,0,-148,0,60,0,120,0,103,0,107,0,146,0,117,0,-137,0,130,0,-144,0,128,0]"
CSI_DATA,8353,d8:b1:90:d9:de:f0,-40,9,-99,-38,42,104,600378657,98,0,106,0,"[30,1,-124,20,56,1,130,20,12,1,88,20,-50,0,101,20,-108,0,144,20,-130,0,-138,20,-126,0,-78,20,-102,0,-16,20,-68,0,18,0,-53,0,32,0,-85,0,24,0,-166,0,9,0,66,0,24,0,0,0,0,0,-132,20,150,0,153,20,-84,0,129,20,25,1,164,20,88,1,-122,20,80,1,-82,20,4,1,-68,20,-89,0,-78,20,-166,0,-122,20,118,0,169,20,97,0,136,20,106,0,137,20,133,0,-136,20]"
CSI_DATA,8354,d8:b1:90:d9:de:f0,-41,9,-99,-36,42,104,600378807,98,0,106,0,"[125,18,-10,0,153,18,71,1,-103,18,79,1,-61,18,27,1,-46,18,-33,0,-60,18,-86,0,-98,18,-129,0,-154,18,-156,0,119,18,-158,0,105,18,-159,0,132,18,152,0,-128,18,104,0,-61,18,26,0,0,0,0,0,-17,18,139,18,-44,18,23,18,-114,18,-54,17,148,18,-73,17,115,18,-31,17,130,18,46,18,-135,18,117,18,-73,18,156,18,-13,18,-158,18,33,0,140,18,50,0,109,18,22,0,98,18,-10,18]"
CSI_DATA,8355,d8:b1:90:d9:de:f0,-40,9,-99,-37,42,104,600378966,130,0,106,0,"[3,1,-134,0,81,1,163,0,90,1,101,0,37,1,59,0,-20,0,46,0,-77,0,54,0,-114,0,97,0,-129,0,145,0,-139,0,-137,0,-142,0,-132,0,-163,0,-151,0,117,0,123,0,29,0,71,0,0,0,0,0,141,19,49,0,31,19,102,0,-33,18,-160,0,-46,18,-91,0,-7,18,-59,0,63,19,-89,0,129,19,-152,0,156,19,107,0,164,19,54,0,132,19,15,0,103,19,7,0,107,19,24,0,159,19]"
CSI_DATA,8356,d8:b1:90:d9:de:f0,-39,11,-99,-33,40,104,600503964,100,0,114,0,"[37,-14,43,-11,47,-10,47,-8,49,-7,47,-5,45,-4,43,-2,42,-2,42,-2,39,-1,39,-2,40,-2,40,-4,40,-4,43,-5,43,-4,45,-4,47,-5,47,-5,47,-7,47,-5,47,-7,47,-7,46,-5,45,-5,45,-5,43,-5,0,0,43,-4,43,-4,45,-5,43,-5,43,-4,46,-5,45,-4,43,-4,43,-4,42,-4,40,-5,39,-5,37,-5,36,-5,34,-4,31,-4,31,-5,31,-5,33,-5,33,-4,34,-4,37,-4,36,-2,37,-2,39,0,37,1,33,2,30,4]"
CSI_DATA,8357,d8:b1:90:d9:de:f0,-41,9,-99,-36,43,104,600587415,98,0,106,0,"[-68,15,121,0,-74,15,-113,0,-26,15,-103,0,26,16,-134,0,77,16,93,0,98,16,41,0,109,16,-30,16,103,16,-94,16,87,16,135,16,95,16,121,16,131,16,134,16,-90,16,-117,16,-11,16,-84,16,0,0,0,0,-107,0,-66,16,-17,0,-97,16,46,1,-134,16,58,1,127,16,29,1,129,16,-24,0,-122,16,-89,0,-66,16,-123,0,-1,16,140,0,58,0,-141,0,111,0,-127,0,-142,0,-111,0,140,0,-133,0]"
CSI_DATA,8358,d8:b1:90:d9:de:f0,-39,9,-99,-36,41,104,600615984,98,0,106,0,"[117,21,14,21,31,21,22,21,12,21,88,21,48,21,148,21,103,21,-177,21,163,21,-173,21,-139,21,163,21,-100,21,110,21,-76,21,64,21,-69,21,53,21,-55,21,88,21,-26,21,153,21,43,0,-127,21,0,0,0,0,-145,0,-46,21,-29,0,-66,21,42,1,-113,21,60,1,-168,21,24,1,175,21,-46,0,-158,21,-118,0,-101,21,-155,0,-38,21,-158,0,19,0,-131,0,62,0,-91,0,77,0,-73,0,56,0,-120,0]"
CSI_DATA,8359,d8:b1:90:d9:de:f0,-39,9,-99,-35,40,104,600650568,98,0,106,0,"[100,23,-107,0,97,23,-29,0,135,23,-21,0,175,23,-60,0,-194,23,-120,0,190,23,-181,0,157,23,150,0,104,23,112,0,53,23,84,0,30,23,66,0,66,23,49,0,132,23,15,0,-163,23,-43,23,0,0,0,0,-47,23,190,23,-27,23,53,23,-60,23,-44,21,-86,23,-89,21,-104,23,-64,21,-93,23,16,23,-47,23,106,23,13,0,161,23,80,0,177,23,146,0,167,23,178,0,132,23,174,0,101,23,115,0]"
CSI_DATA,8360,d8:b1:90:d9:de:f0,-40,9,-99,-34,41,104,600796350,125,0,106,0,"[-45,0,-62,0,34,1,-96,0,36,1,-164,0,-20,0,121,0,-96,0,96,0,-162,0,105,0,121,0,149,0,84,0,-126,0,74,0,-57,0,85,0,-40,0,88,0,-85,0,56,0,-164,0,-13,20,89,0,0,0,0,0,114,20,13,0,-10,18,61,0,-80,18,133,0,-80,18,-136,0,-10,18,-110,0,88,20,-145,0,169,20,120,0,-137,20,30,0,-138,20,-49,20,157,20,-106,20,98,20,-126,20,69,20,-81,20,110,20]"
CSI_DATA,8361,d8:b1:90:d9:de:f0,-41,9,-99,-36,42,104,600796454,145,0,106,0,"[-28,17,148,18,-80,17,-148,18,-60,17,-115,18,5,18,-93,18,83,18,-94,18,159,18,-119,18,-88,18,-154,18,-27,18,118,18,26,0,73,18,52,0,60,18,54,0,94,18,51,0,-149,18,60,0,-39,18,0,0,0,0,134,0,-139,0,-114,0,-55,0,-54,0,-5,0,-13,0,-7,0,-35,0,-45,0,-105,0,-99,0,123,0,-161,0,27,0,134,0,-56,18,122,0,-123,18,143,0,154,18,-146,0,159,18,-128,0,-103,18]"
CSI_DATA,8362,d8:b1:90:d9:de:f0,-38,9,-99,-36,40,104,600829842,224,0,106,0,"[-150,0,6,23,-163,0,-77,22,198,0,-82,22,155,0,-19,22,139,0,64,23,144,0,163,23,183,0,-156,23,-163,0,-74,23,-99,0,-4,23,-72,0,36,0,-91,0,53,0,-172,0,58,0,104,0,68,0,0,0,0,0,-145,23,164,0,156,23,-129,0,88,23,-26,0,83,23,39,1,123,23,33,1,180,23,-47,0,-177,23,-164,0,-150,23,131,0,-164,23,22,0,190,23,-55,23,131,23,-99,23,99,23,-93,23,134,23]"
CSI_DATA,8363,d8:b1:90:d9:de:f0,-40,11,-99,-36,42,104,601213666,277,0,106,0,"[8,1,137,0,60,1,84,0,46,1,26,0,-1,0,0,0,-45,0,-2,18,-66,0,22,0,-62,0,49,0,-31,0,70,0,5,1,75,0,7,1,56,0,-32,0,30,0,-96,0,28,0,142,0,49,0,0,0,0,0,64,0,-153,0,78,0,-62,0,127,0,-16,0,-146,0,-5,0,-133,0,-39,0,-153,0,-88,0,123,0,-123,0,81,0,-124,0,66,0,-107,0,75,0,-71,0,117,0,-44,0,-161,0,-70,0,-146,0]"
CSI_DATA,8364,d8:b1:90:d9:de:f0,-41,9,-99,-35,42,104,601214111,262,0,106,0,"[-48,18,24,1,-8,18,59,1,14,0,37,1,18,0,-12,0,-1,18,-42,0,-40,18,-73,0,-84,18,-75,0,-138,18,-58,0,146,18,-42,0,145,18,-44,0,-145,18,-70,0,-114,18,-140,0,-102,18,85,0,0,0,0,0,-145,18,-84,18,105,18,-146,18,45,18,139,18,4,18,136,18,23,18,-155,18,70,18,-138,18,136,18,-140,18,-123,18,152,18,-95,18,119,18,-95,18,78,18,-122,18,47,18,-154,18,64,18,150,18]"
CSI_DATA,8365,d8:b1:90:d9:de:f0,-40,9,-99,-36,42,104,601214281,242,0,106,0,"[33,0,30,1,81,0,54,1,108,0,27,1,94,0,-20,0,65,0,-52,0,21,0,-71,0,-21,18,-57,0,-60,18,-26,0,-89,18,-2,0,-98,18,-7,0,-75,18,-39,0,-73,18,-112,0,-90,18,124,0,0,0,0,0,142,18,-17,18,59,18,-50,18,-3,17,-59,18,-33,17,-45,18,-15,17,-36,18,40,18,-46,18,94,18,-62,18,138,18,-104,18,154,18,-140,18,132,18,147,18,99,18,125,18,79,18,152,18,99,18]"
CSI_DATA,8366,d8:b1:90:d9:de:f0,-41,9,-99,-34,42,104,601214425,98,0,106,0,"[21,1,109,0,61,1,74,0,43,1,38,0,-5,0,27,0,-49,0,39,0,-77,0,67,0,-87,0,114,0,-70,0,-143,0,-52,0,-109,0,-53,0,-109,0,-76,0,-140,0,-136,0,130,0,84,0,112,0,0,0,0,0,-78,17,-146,0,-131,17,-83,0,148,17,-21,0,-142,17,10,1,-123,17,-2,0,-106,17,-58,0,-114,17,-116,0,-141,17,135,0,133,17,110,0,86,17,123,0,61,17,-147,0,86,17,-114,0,-150,17]"
CSI_DATA,8367,d8:b1:90:d9:de:f0,-40,9,-99,-36,42,104,601214584,212,0,106,0,"[110,0,-15,17,64,0,-52,17,30,0,-37,17,16,0,8,18,31,0,54,18,62,0,84,18,109,0,83,18,159,0,62,18,-132,0,31,18,-140,0,26,18,152,0,65,18,117,0,134,18,104,0,-99,18,0,0,0,0,-151,0,59,0,-76,0,109,0,1,1,120,0,32,1,107,0,6,1,78,0,-46,0,69,0,-112,0,86,0,-156,0,120,0,153,0,158,0,-147,0,-122,0,-108,0,-104,0,-76,0,-137,0,-93,0]"
CSI_DATA,8368,d8:b1:90:d9:de:f0,-40,9,-99,-35,41,104,601214779,212,0,106,0,"[27,1,-1,20,60,1,-56,20,32,1,-91,20,-9,0,-90,20,-59,0,-68,20,-74,0,-32,20,-61,0,8,0,-30,0,45,0,5,1,63,0,13,1,59,0,-34,0,50,0,-107,0,49,0,139,0,75,0,0,0,0,0,37,0,-164,0,17,0,-64,0,45,0,9,1,75,0,28,1,80,0,2,1,63,0,-48,0,21,0,-101,0,-19,20,-123,0,-57,20,-111,0,-82,20,-78,0,-78,20,-41,0,-30,20,-27,0,21,0]"
CSI_DATA,8369,d8:b1:90:d9:de:f0,-40,9,-99,-37,42,104,601214910,212,0,106,0,"[-165,19,3,19,98,19,3,19,76,19,53,19,94,19,104,19,139,19,129,19,-156,19,124,19,-129,19,97,19,-119,19,49,19,-129,19,12,19,-141,19,18,19,-137,19,72,19,-98,19,138,19,-25,19,-136,19,0,0,0,0,146,0,-104,19,-104,0,-152,19,-58,0,112,19,-66,0,66,19,-99,0,68,19,-137,0,115,19,-160,0,-155,19,-149,0,-110,19,-116,0,-85,19,-76,0,-98,19,-51,0,-128,19,-76,0,149,19,-159,0]"
CSI_DATA,8370,d8:b1:90:d9:de:f0,-41,9,-99,-35,42,104,601215105,212,0,106,0,"[-72,0,66,18,-100,0,6,18,-150,0,-1,17,125,0,33,18,111,0,74,18,123,0,105,18,151,0,113,18,-113,0,108,18,-84,0,83,18,-102,0,69,18,-138,0,91,18,119,0,151,18,100,0,-80,18,0,0,0,0,150,0,75,0,-88,0,124,0,-13,0,124,0,24,1,101,0,6,1,63,0,-41,0,48,0,-101,0,67,0,-133,0,95,0,-140,0,122,0,-108,0,152,0,-66,0,155,0,-42,0,103,0,-75,0]"
CSI_DATA,8371,d8:b1:90:d9:de:f0,-40,9,-99,-36,42,104,601215300,212,0,106,0,"[-23,0,-135,0,36,1,152,0,31,1,96,0,-11,0,67,0,-55,0,62,0,-81,0,79,0,-84,0,109,0,-67,0,146,0,-37,0,-154,0,-27,0,154,0,-62,0,120,0,-122,0,95,0,113,0,93,0,0,0,0,0,-10,18,-139,0,-26,18,-51,0,-8,18,7,1,27,0,33,1,52,0,12,1,52,0,-45,0,15,0,-95,0,-20,18,-110,0,-46,18,-103,0,-61,18,-69,0,-44,18,-30,0,7,0,-22,0,57,0]"
CSI_DATA,8372,d8:b1:90:d9:de:f0,-40,9,-99,-36,42,104,601216519,98,0,106,0,"[30,18,125,18,-21,17,149,18,-12,17,-132,18,23,18,-107,18,74,18,-113,18,105,18,-127,18,122,18,148,18,118,18,107,18,105,18,71,18,101,18,73,18,129,18,105,18,-139,18,152,18,-57,18,-137,18,0,0,0,0,105,0,-147,18,-153,0,113,18,-120,0,55,18,-118,0,21,18,-144,0,31,18,151,0,83,18,146,0,144,18,-158,0,-128,18,-124,0,-110,18,-81,0,-109,18,-60,0,-138,18,-84,0,142,18,-151,0]"
CSI_DATA,8373,d8:b1:90:d9:de:f0,-42,9,-99,-33,43,104,601423046,120,0,106,0,"[5,15,-82,0,17,15,-17,0,64,15,7,1,118,15,-11,0,-106,15,-57,0,-95,15,-97,0,-116,15,128,0,108,15,106,0,63,15,103,0,45,15,106,0,52,15,106,0,83,15,87,0,113,15,40,0,0,0,0,0,110,15,-68,15,55,15,-112,15,-4,14,-124,15,-40,14,-103,15,-32,14,-69,15,15,15,-40,15,81,15,-32,15,125,15,-53,15,-113,15,-84,15,-124,15,-129,15,111,15,113,15,78,15,126,15,85,15]"
CSI_DATA,8374,d8:b1:90:d9:de:f0,-43,9,-99,-35,44,104,601423159,120,0,106,0,"[0,13,-96,0,3,14,-34,0,50,14,-4,0,103,14,-22,0,-102,14,-56,0,-95,14,-94,0,-106,14,121,0,104,14,97,0,60,14,91,0,43,14,101,0,55,14,102,0,82,14,86,0,111,14,45,0,0,0,0,0,103,14,-58,14,52,14,-98,14,-1,13,-108,14,-38,13,-77,14,-33,13,-44,14,13,14,-18,14,73,14,-18,14,116,14,-43,14,-115,14,-73,14,123,14,-107,14,91,14,120,14,65,14,-111,14,70,14]"
CSI_DATA,8375,d8:b1:90:d9:de:f0,-42,9,-99,-33,43,104,601423281,98,0,106,0,"[61,0,-46,14,3,0,-84,14,-55,15,-64,14,-76,15,-8,14,-78,15,36,15,-56,15,81,15,-18,15,88,15,24,0,73,15,52,0,47,15,61,0,30,15,54,0,32,15,46,0,67,15,54,0,115,15,0,0,0,0,-117,0,-82,15,-52,0,-100,15,-7,0,121,15,-3,0,72,15,-39,0,55,15,-95,0,76,15,127,0,122,15,115,0,-86,15,-131,0,-49,15,-90,0,-37,15,-50,0,-54,15,-56,0,-93,15,-92,0]"
CSI_DATA,8376,d8:b1:90:d9:de:f0,-46,11,-99,-33,47,104,601503726,100,0,228,0,"[-14,-5,-15,-8,-16,-9,-16,-11,-16,-12,-15,-12,-14,-12,80,48,-12,-11,-11,-11,-10,-9,-9,-9,-9,-8,-9,-7,-9,-5,-9,-4,-10,-3,-11,-2,-11,-1,-12,0,-12,0,22,-38,-11,1,-11,1,-10,1,-8,2,-7,3,-6,5,0,0,-5,7,-4,9,-3,11,-4,13,-5,14,-6,16,-64,9,-8,17,-8,16,-9,15,-8,14,-7,12,-7,11,-5,9,-4,9,-2,8,0,7,0,7,1,8,2,9,25,0,3,11,3,11,2,12,1,12,0,11,0,9,0,7,1,-8,-5,-7,-9,0,-7,7,0,11,9,7,11,-1,-6,-22,-3,-11,-11,-5,-12,4,-5,12,6,13,14,5,15,-7,6,-16,-7,-16,-18,-8,-18,6,-8,16,6,16,3,8,14,-5,4,-13,-7,-10,-11,-1,-7,7,1,11,0,0,11,-2,5,-10,-3,-11,-11,-5,-11,3,-4,10,-2,26,8,2,5,-5,-1,-6,-6,-2,-5,5,0,9,8,6,11,-1,7,-9,0,-12,-9,-9,-14,0,-11,9,0,24,7,11,12,2,10,-6,1,-9,-5,-7,-8,0,-4,5]"
CSI_DATA,8377,d8:b1:90:d9:de:f0,-44,9,-99,-37,46,104,601631953,98,0,106,0,"[-36,11,-77,12,-77,11,-44,12,-72,11,-5,12,-41,11,24,0,4,12,37,0,41,12,34,0,72,12,11,0,91,12,-25,12,101,12,-66,12,-103,12,-95,12,-96,12,-104,12,-76,12,-100,12,-40,12,-90,12,0,0,0,0,47,0,89,12,80,0,41,12,94,0,-11,11,78,0,-42,11,47,0,-44,11,21,0,-4,11,13,0,48,12,26,0,94,12,50,0,-88,12,84,0,-82,12,-102,0,-94,12,101,0,94,12,67,0]"
CSI_DATA,8378,d8:b1:90:d9:de:f0,-44,9,-99,-35,45,104,601632085,113,0,106,0,"[76,0,31,0,-98,0,49,0,-67,0,25,0,-58,0,-14,0,-75,0,-59,0,-98,0,-84,0,90,0,-97,0,52,0,-90,0,12,0,-74,0,-19,12,-58,0,-30,12,-64,0,-41,12,-80,0,-57,12,106,0,0,0,0,0,96,12,54,0,41,12,57,0,-12,12,81,0,-26,12,108,0,-10,12,-93,0,32,12,-99,0,77,12,98,0,104,12,58,0,107,12,20,0,92,12,-5,12,69,12,-15,12,55,12,-4,12,81,12]"
CSI_DATA,8379,d8:b1:90:d9:de:f0,-51,11,-99,-37,53,104,601840362,277,0,106,0,"[-26,5,-8,5,-2,5,-39,5,6,0,18,5,7,0,-6,5,0,0,-24,5,-11,5,-31,5,-24,5,-35,5,-37,5,-27,5,46,5,0,5,40,5,41,5,43,5,-3,5,-39,5,35,0,-27,5,-34,0,0,0,0,0,-16,5,-29,0,-24,5,44,0,-41,5,13,0,31,5,-25,5,11,5,36,5,0,5,13,5,0,5,5,5,9,5,6,5,22,5,13,5,35,5,22,5,-36,5,35,5,-10,5,-41,5,9,0]"
CSI_DATA,8380,d8:b1:90:d9:de:f0,-51,9,-99,-33,52,104,601840861,98,0,106,0,"[17,0,-11,5,23,0,30,0,33,0,-27,0,-46,0,-2,0,-36,0,12,0,-28,0,17,0,-22,0,21,0,-14,0,11,0,-16,0,-14,0,-22,0,42,0,-31,0,0,0,-44,0,-36,5,39,0,37,5,0,0,0,0,30,0,39,5,31,0,-31,5,35,0,8,0,37,0,-38,0,34,0,0,0,25,0,25,0,16,0,32,0,6,0,26,0,-5,5,14,0,-13,5,-2,0,-20,5,-29,0,-23,5,33,0,-21,5]"
CSI_DATA,8381,d8:b1:90:d9:de:f0,-46,9,-99,-35,47,104,602049724,130,0,106,0,"[17,0,-44,0,25,0,-56,0,2,0,-73,0,-37,0,83,0,-78,0,64,0,53,0,58,0,4,0,55,0,-47,10,55,0,74,10,59,0,33,10,59,0,6,10,55,0,-4,9,42,0,0,10,17,0,0,0,0,0,4,10,-41,10,-12,9,-79,10,-26,9,74,10,-33,9,72,10,-18,9,85,10,23,10,-59,10,80,10,-32,10,-34,10,-15,10,23,0,-15,10,76,0,-36,10,-58,0,-68,10,-52,0,77,10,-78,0]"
CSI_DATA,8382,d8:b1:90:d9:de:f0,-44,9,-99,-37,46,104,602059890,98,0,106,0,"[67,0,11,0,63,0,-35,12,22,0,-60,12,-33,0,-63,12,-77,0,-49,12,98,0,-18,12,79,0,19,0,74,0,63,0,83,0,-94,0,90,0,-58,0,-102,0,-39,0,-94,0,-26,0,100,0,-27,0,0,0,0,0,96,0,-18,0,-104,0,17,0,-78,0,25,0,-60,0,13,0,-49,0,-19,0,-67,0,-79,0,101,0,74,0,43,0,44,0,-9,12,41,0,-61,12,67,0,-89,12,-90,0,-79,12,-48,0,-35,12]"
CSI_DATA,8383,d8:b1:90:d9:de:f0,-40,11,-99,-34,41,104,602258160,277,0,106,0,"[18,1,-154,20,49,1,126,20,5,1,106,20,-50,0,137,20,-96,0,-156,20,-124,0,-84,20,-124,0,-9,20,-97,0,80,0,-62,0,146,0,-38,0,-154,0,-53,0,-150,0,-109,0,158,0,140,0,141,0,0,0,0,0,-56,20,-162,0,-133,20,-100,0,142,20,-32,0,130,20,25,1,158,20,21,1,-137,20,-38,0,-110,20,-129,0,-108,20,129,0,-133,20,46,0,156,20,-14,20,96,20,-37,20,49,20,-20,20,69,20]"
CSI_DATA,8384,d8:b1:90:d9:de:f0,-39,9,-99,-36,41,104,602258650,101,0,106,0,"[-117,0,-35,0,-36,0,-26,0,-15,0,-73,0,-57,0,-131,0,-120,0,-168,0,168,0,179,0,94,0,-148,0,29,0,-87,0,-15,21,-22,0,-38,21,16,1,-35,21,4,1,-33,21,-52,0,-53,21,-146,0,0,0,0,0,-180,21,67,0,69,21,29,0,-29,19,28,0,-79,19,60,0,-56,19,97,0,18,21,103,0,105,21,67,0,-180,21,8,0,-138,21,-63,21,-135,21,-142,21,-169,21,153,21,145,21,142,21,127,21]"
CSI_DATA,8385,d8:b1:90:d9:de:f0,-38,9,-99,-37,40,104,602467512,98,0,106,0,"[-189,0,-109,0,-106,0,-71,0,-78,0,-101,0,-115,0,-154,0,-174,0,-199,0,148,0,207,0,45,0,-202,0,-78,24,-153,0,-184,24,-83,0,182,24,-13,0,187,24,3,1,-168,24,-39,0,-114,24,-153,0,0,0,0,0,-101,24,-35,24,-163,24,-190,24,154,24,107,24,63,24,55,24,27,24,91,24,73,24,159,24,177,24,-190,24,-114,24,-159,24,8,0,-168,24,123,0,192,24,-208,0,91,24,200,0,-3,22,119,0]"
CSI_DATA,8386,d8:b1:90:d9:de:f0,-37,11,-99,-36,39,104,602503688,100,0,114,0,"[0,44,-1,48,-1,49,-5,51,-8,53,-8,49,-8,49,-8,46,-7,46,-7,44,-5,42,-5,44,-3,44,-3,46,-1,49,0,51,0,51,0,55,1,55,3,56,1,56,5,60,5,58,7,58,7,56,7,55,8,53,10,53,0,0,12,53,10,53,12,55,14,56,14,56,14,58,16,58,16,56,17,55,19,53,19,51,19,49,21,46,19,42,19,42,19,40,21,39,19,37,21,39,23,40,24,42,24,44,24,46,26,46,23,46,23,44,17,46,14,40]"
CSI_DATA,8387,d8:b1:90:d9:de:f0,-39,9,-99,-36,40,104,602507589,130,0,106,0,"[-125,23,-77,0,-144,23,14,1,-125,23,34,1,-110,23,-12,0,-110,23,-79,0,-136,23,-163,0,-180,23,156,0,145,23,69,0,49,23,-12,23,-17,22,-60,23,-26,22,-69,23,17,23,-47,23,134,23,-38,23,0,0,0,0,28,0,-53,23,179,0,-129,23,-106,0,191,23,-41,0,109,23,-38,0,71,23,-93,0,115,23,-160,0,-198,23,-201,0,-98,23,187,0,17,0,-191,0,131,0,-137,0,-175,0,-64,0,-148,0,-41,0]"
CSI_DATA,8388,d8:b1:90:d9:de:f0,-38,9,-99,-37,40,104,602508052,113,0,106,0,"[-117,24,75,24,-202,24,9,24,154,24,29,24,140,24,89,24,169,24,158,24,-185,24,187,24,-123,24,176,24,-48,24,112,24,3,0,27,24,4,0,-44,22,-26,24,-47,22,-73,24,19,24,-81,24,135,24,0,0,0,0,66,0,-75,24,-195,0,-14,24,-34,0,-48,24,52,1,-117,24,50,1,-194,24,-29,0,197,24,-127,0,-181,24,-189,0,-102,24,-207,0,-17,24,-154,0,66,0,-58,0,102,0,22,1,71,0,11,1]"
CSI_DATA,8389,d8:b1:90:d9:de:f0,-40,9,-99,-37,41,104,602676402,108,0,106,0,"[-146,21,33,21,148,21,-8,20,116,21,20,21,149,21,82,21,-162,21,142,21,-74,21,175,21,26,0,-181,21,145,0,177,21,-116,0,141,21,-69,0,109,21,-75,0,103,21,-148,0,129,21,129,0,-159,21,0,0,0,0,-24,21,79,0,-59,21,-129,0,-52,21,-2,0,-21,21,78,1,5,0,74,1,11,0,-1,0,-11,21,-110,0,-68,21,170,0,-136,21,94,0,135,21,47,0,33,21,39,0,-17,20,87,0,20,21]"
CSI_DATA,8390,d8:b1:90:d9:de:f0,-39,9,-99,-37,41,104,602676565,98,0,106,0,"[-130,0,-84,0,-45,0,-61,0,-29,0,-90,0,-72,0,-138,0,-148,0,-168,0,138,0,-178,0,33,0,-158,0,-69,21,-114,0,-154,21,-53,0,178,21,-10,0,173,21,-18,0,-146,21,-71,0,-93,21,-183,0,0,0,0,0,-29,21,-84,21,-50,21,133,21,-98,21,7,21,-139,21,-58,20,-162,21,-52,20,-139,21,11,21,-75,21,98,21,-1,21,159,21,88,0,-173,21,-173,0,-171,21,-91,0,164,21,-61,0,109,21,-116,0]"
CSI_DATA,8391,d8:b1:90:d9:de:f0,-40,9,-99,-39,42,104,602702706,130,0,106,0,"[133,20,54,20,39,20,30,20,13,20,76,20,45,20,126,20,96,20,159,20,159,20,-171,20,-119,20,164,20,-52,20,118,20,15,0,64,20,43,0,30,20,38,0,24,20,16,0,74,20,6,0,-170,20,0,0,0,0,68,0,65,0,160,0,168,0,-83,0,-113,0,6,1,-104,0,38,1,-134,0,-5,0,161,0,-87,0,116,0,166,0,109,0,78,0,130,0,17,0,-163,0,-6,20,-79,0,17,0,-27,0,82,0]"
CSI_DATA,8392,d8:b1:90:d9:de:f0,-39,11,-99,-36,41,104,602884856,277,0,106,0,"[-15,19,21,0,-76,19,84,0,-46,19,132,0,38,21,134,0,125,21,91,0,-162,21,21,0,-101,21,-81,21,-80,21,156,21,-84,21,46,21,-115,21,-29,19,-139,21,-14,19,-134,21,70,21,-83,21,-176,21,0,0,0,0,141,0,-19,21,-79,0,19,0,59,1,-5,21,107,1,-50,21,77,1,-94,21,-24,0,-94,21,-148,0,-59,21,114,0,11,0,46,0,107,0,22,0,-139,0,40,0,-42,0,107,0,7,1,159,0]"
CSI_DATA,8393,d8:b1:90:d9:de:f0,-39,9,-99,-35,40,104,602885337,98,0,106,0,"[-143,0,-73,0,-75,0,-38,0,-75,0,-69,0,-126,0,-127,0,166,0,-195,0,61,0,155,0,-72,23,117,0,177,23,97,0,49,23,97,0,-33,21,103,0,-24,21,100,0,61,23,83,0,192,23,32,0,0,0,0,0,56,0,-133,23,167,0,132,23,-152,0,13,23,-141,0,-43,21,-164,0,-26,21,177,0,67,23,130,0,-190,23,98,0,-60,23,97,0,78,0,124,0,-189,0,174,0,-92,0,-153,0,-58,0,-140,0]"
CSI_DATA,8394,d8:b1:90:d9:de:f0,-38,9,-99,-34,39,104,602922108,113,0,106,0,"[-87,25,0,1,-31,25,70,1,15,0,38,1,33,0,-55,0,-3,25,-157,0,-87,25,188,0,-193,25,127,0,104,25,102,0,-16,23,119,0,-70,23,166,0,-35,23,189,0,83,25,179,0,-191,25,100,0,0,0,0,0,8,0,-137,25,47,0,107,25,3,0,-40,23,-45,25,-92,23,-85,25,-57,23,-75,25,57,25,-23,25,179,25,65,0,-157,25,174,0,-104,25,-134,0,-107,25,-41,0,-166,25,-20,0,182,25,-124,0]"
CSI_DATA,8395,d8:b1:90:d9:de:f0,-39,11,-99,-36,41,104,603302653,277,0,106,0,"[5,0,-98,19,-70,21,-127,19,-111,21,-69,19,-94,21,22,21,-49,21,104,21,19,0,162,21,104,0,-170,21,-170,0,-172,21,-113,0,-177,21,-104,0,175,21,-145,0,-161,21,135,0,-91,21,57,0,11,0,0,0,0,0,14,0,-87,0,40,0,45,1,107,0,120,1,163,0,129,1,-177,0,63,1,145,0,-48,0,70,0,-152,0,-9,21,135,0,-104,21,113,0,176,21,129,0,127,21,168,0,141,21,-155,0,-139,21]"
CSI_DATA,8396,d8:b1:90:d9:de:f0,-39,9,-99,-37,41,104,603303116,130,0,106,0,"[-24,0,56,21,-68,0,-26,20,-136,0,-21,20,181,0,42,21,154,0,130,21,162,0,-159,21,-170,0,-88,21,-107,0,-39,21,-53,0,-8,21,-45,0,-2,21,-104,0,-11,21,165,0,10,0,55,0,63,0,0,0,0,0,-103,21,-117,0,-127,21,13,1,-113,21,122,1,-53,21,146,1,-10,21,88,1,5,0,-8,0,-11,21,-120,0,-66,21,152,0,-139,21,98,0,159,21,82,0,107,21,110,0,111,21,148,0,-186,21]"
CSI_DATA,8397,d8:b1:90:d9:de:f0,-43,11,-99,-36,45,104,603503985,100,0,228,0,"[7,-14,8,-16,10,-18,12,-19,13,-19,14,-18,14,-18,110,65,13,-16,11,-15,10,-15,8,-15,8,-15,7,-16,6,-16,4,-17,4,-18,3,-20,3,-20,2,-22,2,-21,31,-52,1,-18,1,-16,0,-15,0,-12,-1,-9,-3,-8,0,0,-8,-4,-11,-3,-15,-3,-17,-3,-20,-3,-22,-3,-8,12,-24,-5,-24,-6,-24,-7,-22,-7,-20,-6,-17,-5,-16,-3,-15,-1,-13,0,-13,0,-12,2,-12,4,-13,6,79,13,-16,8,-16,7,-16,6,-16,6,-16,4,-13,2,-10,2,12,8,15,-3,8,-12,-3,-13,-11,-6,-10,5,0,10,21,-10,10,-2,5,-11,-6,-12,-15,-5,-15,8,-5,17,10,17,20,6,20,-11,6,-24,-11,-21,-24,-6,-19,12,0,0,13,16,20,0,14,-15,-1,-19,-16,-11,-19,4,0,0,4,19,17,10,19,-5,9,-16,-3,-17,-14,-8,-36,0,-3,10,5,8,8,0,1,-8,-7,-6,-11,2,-6,11,4,14,14,8,16,-4,9,-15,-3,-19,-16,-12,-34,8,-13,15,0,19,13,11,16,0,8,-10,-3,-12,-10,-4]"
CSI_DATA,8398,d8:b1:90:d9:de:f0,-42,11,-99,-34,43,104,603720450,277,0,106,0,"[15,0,-105,14,-58,15,-106,14,-106,15,-63,14,-112,15,3,15,-94,15,59,15,-72,15,96,15,-41,15,106,15,-18,15,113,15,15,0,122,15,44,0,-129,15,85,0,-99,15,131,0,-65,15,-96,0,-45,15,0,0,0,0,2,1,-87,15,44,1,-122,15,61,1,93,15,34,1,66,15,-19,0,58,15,-69,0,92,15,-120,0,-132,15,124,0,-80,15,117,0,-45,15,134,0,-18,15,-127,0,-6,15,-128,0,2,0,121,0]"
CSI_DATA,8399,d8:b1:90:d9:de:f0,-41,9,-99,-35,43,104,603720940,130,0,106,0,"[-8,16,-101,15,-58,16,-106,15,-70,16,-59,15,-62,16,-3,15,-38,16,47,16,-1,16,79,16,34,0,100,16,77,0,122,16,109,0,-135,16,127,0,-94,16,-134,0,-39,16,-123,0,22,0,-110,0,91,0,0,0,0,0,-50,0,-101,0,-5,0,-66,0,32,1,-62,0,37,1,-70,0,-3,0,-97,0,-64,0,-128,0,-133,0,134,0,87,0,126,0,42,0,133,0,6,0,-130,0,-17,16,-115,0,-31,16,-119,0,-46,16]"
CSI_DATA,8400,d8:b1:90:d9:de:f0,-42,9,-99,-33,43,104,603721084,113,0,106,0,"[-84,14,-121,15,-107,14,-75,15,-73,14,-41,15,-23,14,-24,15,36,15,-26,15,76,15,-45,15,108,15,-69,15,-126,15,-99,15,-91,15,-119,15,-45,15,130,15,8,0,-127,15,69,0,-128,15,-130,0,-130,15,0,0,0,0,-38,0,96,15,2,1,57,15,16,1,19,15,3,1,7,15,-29,0,36,15,-71,0,81,15,-104,0,-124,15,-129,0,-73,15,128,0,-24,15,-129,0,9,0,-122,0,40,0,-130,0,52,0,108,0]"
CSI_DATA,8401,d8:b1:90:d9:de:f0,-41,9,-99,-32,42,104,603721202,310,0,106,0,"[89,0,104,1,-142,0,100,1,-131,0,47,1,136,0,-17,0,100,0,-65,0,66,0,-95,0,31,0,-109,0,-13,16,-124,0,-49,16,-138,0,-83,16,115,0,-117,16,69,0,130,16,14,0,96,16,-34,16,0,0,0,0,-7,15,-94,16,-63,15,-99,16,-96,15,-88,16,-93,15,-66,16,-57,15,-48,16,12,16,-37,16,89,16,-48,16,-142,16,-65,16,-99,16,-87,16,-76,16,-120,16,-60,16,-143,16,-46,16,-143,16,-21,16]"
CSI_DATA,8402,d8:b1:90:d9:de:f0,-41,9,-99,-34,42,104,603721370,290,0,106,0,"[116,17,65,1,-137,17,95,1,-95,17,65,1,-76,17,3,1,-71,17,-47,0,-83,17,-102,0,-106,17,-135,0,-135,17,139,0,143,17,103,0,137,17,57,0,134,17,-4,17,130,17,-70,17,137,17,-142,17,0,0,0,0,92,17,76,17,49,17,32,17,14,17,26,17,-1,16,30,17,28,17,60,17,89,17,101,17,148,17,140,17,-95,17,-147,17,-46,17,-144,17,-7,17,143,17,14,0,129,17,33,0,135,17,47,0]"
CSI_DATA,8403,d8:b1:90:d9:de:f0,-41,9,-99,-35,43,104,603721539,252,0,106,0,"[22,16,2,1,58,16,44,1,115,16,28,1,-129,16,-19,0,-114,16,-69,0,-112,16,-109,0,-121,16,131,0,-139,16,97,0,118,16,64,0,119,16,18,0,128,16,-37,16,137,16,-93,16,-129,16,129,16,0,0,0,0,121,16,37,16,77,16,-4,15,45,16,-11,15,29,16,-5,15,49,16,33,16,98,16,78,16,-127,16,122,16,-77,16,-138,16,-31,16,-136,16,2,0,131,16,27,0,124,16,35,0,125,16,50,0]"
CSI_DATA,8404,d8:b1:90:d9:de:f0,-41,11,-99,-36,42,104,604138248,277,0,106,0,"[-30,0,55,18,-52,0,-2,17,-98,0,5,18,-120,0,47,18,-130,0,93,18,-123,0,132,18,-99,0,154,18,-69,0,-159,18,-55,0,-144,18,-85,0,-122,18,-148,0,-84,18,101,0,-15,18,40,0,61,0,0,0,0,0,3,0,-94,0,5,0,-13,0,30,0,41,1,40,0,50,1,37,0,20,1,13,0,-30,0,-20,18,-78,0,-62,18,-108,0,-95,18,-119,0,-112,18,-109,0,-114,18,-98,0,-89,18,-105,0,-45,18]"
CSI_DATA,8405,d8:b1:90:d9:de:f0,-41,9,-99,-37,43,104,604138720,108,0,106,0,"[81,17,10,1,124,17,64,1,-123,17,49,1,-103,17,3,1,-99,17,-41,0,-122,17,-71,0,-143,17,-80,0,121,17,-75,0,113,17,-68,0,140,17,-88,0,-110,17,-145,0,-71,17,63,0,-56,17,-33,17,0,0,0,0,-109,17,103,17,132,17,47,17,76,17,21,17,51,17,35,17,70,17,69,17,113,17,94,17,-121,17,112,17,-86,17,106,17,-61,17,95,17,-61,17,76,17,-72,17,68,17,-88,17,91,17,-90,17]"
CSI_DATA,8406,d8:b1:90:d9:de:f0,-41,9,-99,-34,42,104,604138856,113,0,106,0,"[-86,17,-65,16,-147,17,-68,16,133,17,-28,16,-152,17,17,17,-127,17,49,17,-90,17,57,17,-68,17,43,17,-47,17,15,17,-45,17,5,17,-47,17,36,17,-26,17,102,17,11,0,-118,17,77,0,-47,17,0,0,0,0,-78,0,16,0,0,1,3,0,43,1,-20,17,57,1,-45,17,23,1,-45,17,-23,0,-27,17,-68,0,10,0,-95,0,42,0,-98,0,66,0,-83,0,83,0,-67,0,77,0,-79,0,47,0,-136,0]"
CSI_DATA,8407,d8:b1:90:d9:de:f0,-40,9,-99,-37,42,104,604138974,130,0,106,0,"[84,19,-3,0,125,19,58,1,-159,19,50,1,-123,19,3,1,-119,19,-50,0,-146,19,-79,0,159,19,-90,0,132,19,-86,0,124,19,-76,0,151,19,-97,0,-142,19,-160,0,-112,19,82,0,-97,19,-29,19,0,0,0,0,-156,19,156,19,101,19,95,19,37,19,84,19,19,19,94,19,41,19,114,19,94,19,137,19,159,19,146,19,-137,19,142,19,-115,19,126,19,-115,19,103,19,-133,19,101,19,-142,19,125,19,-119,19]"
CSI_DATA,8408,d8:b1:90:d9:de:f0,-41,9,-99,-35,42,104,604139081,98,0,106,0,"[-83,18,-58,17,-150,18,-63,17,133,18,-20,17,152,18,28,18,-132,18,62,18,-102,18,68,18,-81,18,56,18,-68,18,30,18,-66,18,20,18,-66,18,51,18,-45,18,119,18,-2,18,-118,18,69,0,-52,18,0,0,0,0,-85,0,-20,18,-7,0,-41,18,31,1,-77,18,34,1,-105,18,0,1,-110,18,-46,0,-81,18,-83,0,-42,18,-99,0,-3,18,-96,0,17,0,-79,0,28,0,-64,0,15,0,-81,0,-12,18,-149,0]"
CSI_DATA,8409,d8:b1:90:d9:de:f0,-41,9,-99,-34,42,104,604139231,98,0,106,0,"[0,1,-74,0,59,1,-128,0,49,1,115,0,2,1,86,0,-43,0,84,0,-65,0,91,0,-72,0,117,0,-62,0,131,0,-53,0,135,0,-74,0,111,0,-134,0,76,0,82,0,58,0,-13,17,65,0,0,0,0,0,-152,17,-135,0,133,17,-54,0,133,17,1,1,-146,17,24,1,-118,17,4,1,-104,17,-52,0,-103,17,-108,0,-118,17,-140,0,-137,17,-152,0,147,17,-136,0,150,17,-118,0,-109,17,-112,0,-54,17]"
CSI_DATA,8410,d8:b1:90:d9:de:f0,-41,9,-99,-36,42,104,604139381,98,0,106,0,"[-76,17,49,0,-83,17,133,0,-28,17,-148,0,31,18,-154,0,69,18,135,0,73,18,107,0,64,18,91,0,44,18,86,0,32,18,96,0,67,18,107,0,143,18,81,0,-93,18,26,0,-32,18,-56,18,0,0,0,0,-36,18,88,18,-80,18,12,18,-140,18,-21,17,146,18,-11,17,147,18,31,18,-139,18,75,18,-93,18,109,18,-64,18,114,18,-42,18,103,18,-45,18,85,18,-69,18,79,18,-98,18,103,18,-98,18]"
CSI_DATA,8411,d8:b1:90:d9:de:f0,-39,9,-99,-36,41,104,604180305,101,0,106,0,"[-105,21,-86,19,166,21,-98,19,117,21,-45,19,118,21,26,21,145,21,88,21,177,21,115,21,-144,21,121,21,-115,21,107,21,-87,21,88,21,-64,21,94,21,-31,21,132,21,9,0,-173,21,72,0,-114,21,0,0,0,0,-134,0,-124,21,-40,0,-155,21,14,1,124,21,4,1,70,21,-48,0,50,21,-115,0,76,21,-172,0,135,21,165,0,-158,21,170,0,-113,21,-166,0,-90,21,-144,0,-93,21,-146,0,-107,21,159,0]"
CSI_DATA,8412,d8:b1:90:d9:de:f0,-41,9,-99,-38,43,104,604347591,130,0,106,0,"[85,1,-61,17,97,1,-114,17,48,1,-124,17,-8,0,-99,17,-45,0,-55,17,-58,0,-2,17,-53,0,42,0,-26,0,83,0,-13,0,106,0,-33,0,91,0,-102,0,68,0,110,0,43,0,1,0,51,0,0,0,0,0,124,17,140,0,65,17,-103,0,47,17,-45,0,59,17,-20,0,87,17,-43,0,120,17,-108,0,134,17,122,0,131,17,64,0,117,17,30,0,91,17,10,0,72,17,17,0,91,17,35,0,-147,17]"
CSI_DATA,8413,d8:b1:90:d9:de:f0,-41,9,-99,-35,42,104,604347699,224,0,106,0,"[116,18,39,1,-154,18,84,1,-113,18,58,1,-99,18,-7,0,-106,18,-67,0,-138,18,-112,0,130,18,-128,0,81,18,-134,0,62,18,-124,0,86,18,-133,0,146,18,140,0,-91,18,68,0,-33,18,-26,18,0,0,0,0,-2,18,88,18,-31,18,-9,17,-73,18,-56,17,-103,18,-64,17,-101,18,-22,17,-74,18,39,18,-18,18,101,18,28,0,128,18,68,0,136,18,101,0,118,18,102,0,96,18,68,0,102,18,19,0]"
CSI_DATA,8414,d8:b1:90:d9:de:f0,-38,11,-99,-36,40,104,604503947,100,0,114,0,"[-36,-26,-38,-31,-39,-34,-36,-36,-36,-39,-34,-39,-31,-39,-30,-38,-30,-34,-26,-34,-26,-33,-26,-33,-26,-34,-26,-34,-28,-36,-31,-36,-31,-38,-33,-41,-34,-41,-36,-41,-34,-41,-36,-41,-34,-41,-36,-39,-34,-39,-33,-38,-33,-38,-33,-36,0,0,-33,-34,-33,-36,-31,-36,-33,-36,-33,-36,-33,-36,-33,-36,-31,-36,-31,-33,-31,-31,-30,-30,-28,-28,-28,-26,-26,-25,-26,-25,-26,-23,-26,-22,-26,-20,-28,-22,-28,-22,-30,-23,-28,-23,-30,-26,-30,-26,-30,-25,-26,-26,-25,-26,-20,-25]"
CSI_DATA,8415,d8:b1:90:d9:de:f0,-40,11,-99,-37,42,104,604973843,277,0,106,0,"[-97,0,-24,0,-32,0,-50,0,-34,0,-103,0,-69,0,-145,0,-120,0,-160,0,-161,0,-141,0,150,0,-106,0,155,0,-50,0,-163,0,-14,0,-150,0,-22,0,-160,0,-72,0,128,0,-137,0,41,0,134,0,0,0,0,0,-136,19,126,0,110,19,-139,0,73,19,-59,0,93,19,-9,0,139,19,-9,0,-137,19,-60,0,-112,19,-139,0,-124,19,119,0,-163,19,77,0,110,19,71,0,63,19,102,0,69,19,160,0,150,19]"
CSI_DATA,8416,d8:b1:90:d9:de:f0,-41,9,-99,-35,42,104,604974297,130,0,106,0,"[-101,18,-41,17,-148,18,-46,17,-152,18,-13,17,-112,18,35,18,-58,18,73,18,-3,18,81,18,53,0,67,18,108,0,47,18,148,0,13,18,143,0,11,18,124,0,61,18,92,0,135,18,83,0,-70,18,0,0,0,0,118,0,128,0,-127,0,-102,0,-57,0,-57,0,-18,0,-58,0,-30,0,-91,0,-88,0,-138,0,135,0,136,0,61,0,135,0,-7,18,-152,0,-56,18,-99,0,-62,18,-45,0,-20,18,-19,0,31,0]"
CSI_DATA,8417,d8:b1:90:d9:de:f0,-40,9,-99,-37,42,104,604974449,113,0,106,0,"[-88,0,34,19,-106,0,-10,18,-137,0,7,19,-156,0,68,19,-156,0,130,19,-128,0,-146,19,-84,0,-106,19,-29,0,-81,19,19,1,-64,19,19,1,-58,19,-22,0,-42,19,-103,0,-9,19,129,0,40,0,0,0,0,0,5,0,-149,0,-19,19,-41,0,-7,19,41,1,6,0,69,1,14,0,40,1,5,0,-33,0,-20,19,-115,0,-67,19,158,0,-126,19,116,0,139,19,123,0,89,19,147,0,91,19,-149,0,160,19]"
CSI_DATA,8418,d8:b1:90:d9:de:f0,-41,9,-99,-38,43,104,604974567,98,0,106,0,"[-51,16,-23,17,-74,16,13,0,-40,16,27,0,13,17,13,0,57,17,-16,17,82,17,-68,17,84,17,-118,17,78,17,130,17,59,17,87,17,64,17,91,17,99,17,118,17,-140,17,-146,17,-51,17,-115,17,0,0,0,0,135,0,-112,17,-87,0,147,17,-35,0,90,17,-33,0,57,17,-65,0,58,17,-114,0,104,17,-146,0,-122,17,143,0,-49,17,-146,0,9,0,-102,0,51,0,-47,0,62,0,-28,0,34,0,-70,0]"
CSI_DATA,8419,d8:b1:90:d9:de:f0,-40,9,-99,-36,42,104,605183204,130,0,106,0,"[-16,17,132,18,-70,17,-147,18,-60,17,-99,18,-21,17,-57,18,26,18,-46,18,74,18,-52,18,107,18,-80,18,125,18,-123,18,132,18,159,18,139,18,138,18,-157,18,142,18,-114,18,-153,18,-45,18,-137,18,0,0,0,0,108,0,156,18,-151,0,85,18,-125,0,-1,17,-142,0,-61,17,128,0,-60,17,80,0,-5,17,64,0,78,18,62,0,142,18,104,0,-129,18,152,0,-119,18,-133,0,-140,18,-147,0,154,18,122,0]"
CSI_DATA,8420,d8:b1:90:d9:de:f0,-40,9,-99,-34,41,104,605183375,98,0,106,0,"[-61,18,86,0,-77,18,154,0,-36,18,-153,0,21,20,-150,0,72,20,168,0,98,20,129,0,102,20,93,0,82,20,54,0,57,20,10,0,52,20,-13,20,70,20,-24,20,118,20,-44,20,-152,20,-74,20,0,0,0,0,-82,20,144,20,-82,20,48,20,-132,20,-26,18,160,20,-54,18,134,20,-17,18,145,20,49,20,-158,20,113,20,-94,20,153,20,-38,20,160,20,-4,20,132,20,8,0,93,20,-18,20,77,20,-49,20]"
CSI_DATA,8421,d8:b1:90:d9:de:f0,-39,9,-99,-37,41,104,605207717,113,0,106,0,"[-158,0,-33,20,-184,0,-82,20,145,0,-66,20,111,0,-7,20,110,0,59,21,138,0,109,21,165,0,157,21,-149,0,-181,21,-97,0,-154,21,-71,0,-129,21,-88,0,-81,21,-125,0,-30,21,-181,0,45,0,0,0,0,0,154,0,184,0,165,0,-68,0,-148,0,5,1,-116,0,26,1,-111,0,-5,0,-142,0,-69,0,157,0,-138,0,88,0,-167,0,18,0,-178,0,-40,21,-155,0,-72,21,-114,0,-65,21,-88,0,-37,21]"
CSI_DATA,8422,d8:b1:90:d9:de:f0,-40,11,-99,-36,42,104,605391640,277,0,106,0,"[-140,18,-35,17,127,18,-47,17,117,18,-10,17,144,18,32,18,-122,18,73,18,-81,18,90,18,-21,18,81,18,26,0,61,18,71,0,37,18,90,0,41,18,98,0,88,18,93,0,159,18,108,0,-65,18,0,0,0,0,-140,0,94,0,-57,0,147,0,20,1,-151,0,45,1,159,0,22,1,128,0,-42,0,103,0,-134,0,95,0,110,0,124,0,56,0,158,0,25,0,-104,0,35,0,-55,0,74,0,-46,0,94,0]"
CSI_DATA,8423,d8:b1:90:d9:de:f0,-41,9,-99,-38,43,104,605392094,108,0,106,0,"[-39,16,141,0,-42,16,-96,0,4,17,-80,0,57,17,-104,0,95,17,-149,0,104,17,110,0,96,17,64,0,70,17,30,0,46,17,0,0,42,17,-9,17,82,17,-11,17,148,17,-23,17,-72,17,-54,17,0,0,0,0,38,0,114,17,57,0,15,17,35,0,-60,16,-5,17,-85,16,-40,17,-52,16,-42,17,29,17,-14,17,112,17,36,0,-130,17,98,0,-112,17,-146,0,-128,17,-114,0,135,17,-137,0,96,17,93,0]"
CSI_DATA,8424,d8:b1:90:d9:de:f0,-43,11,-99,-35,45,104,605504015,100,0,228,0,"[16,-9,19,-9,22,-10,24,-10,25,-9,25,-8,24,-6,107,64,20,-6,18,-5,16,-4,14,-4,12,-5,10,-6,7,-6,6,-9,4,-11,3,-12,1,-14,0,-16,0,-17,30,-51,-1,-16,-2,-16,-2,-14,-3,-12,-4,-11,-6,-8,0,0,-9,-5,-12,-3,-15,-2,-18,-1,-20,-1,-23,-1,-27,12,-25,-2,-25,-3,-24,-4,-21,-4,-19,-4,-17,-3,-13,-1,-11,0,-8,0,-6,3,-6,5,-5,7,-5,10,-62,12,-6,13,-7,14,-8,15,-9,14,-9,12,-8,9,-6,6,8,8,12,0,8,-10,-1,-13,-12,-7,-12,4,-5,12,29,6,13,1,11,-10,0,-16,-12,-11,-19,1,-12,16,2,22,19,13,25,-2,15,-19,-2,-25,-19,-14,-22,2,-12,0,4,17,13,6,11,-6,0,-12,-9,-6,-11,4,0,0,7,12,16,2,13,-9,2,-17,-10,-13,-15,-2,-35,6,0,12,7,6,7,-3,0,-8,-8,-4,-8,5,-1,12,9,11,16,1,13,-11,3,-19,-10,-16,-19,-5,-23,21,-6,18,6,16,14,6,11,-5,2,-9,-6,-6,-7,2]"
CSI_DATA,8425,d8:b1:90:d9:de:f0,-39,9,-99,-35,41,104,605600984,130,0,106,0,"[-64,20,-53,19,-118,20,-71,19,-139,20,-30,19,-118,20,39,20,-65,20,94,20,-4,20,134,20,76,0,152,20,163,0,138,20,-113,0,129,20,-91,0,119,20,-104,0,137,20,-146,0,-149,20,164,0,-61,20,0,0,0,0,148,0,152,0,-166,0,-94,0,-104,0,-30,0,-60,0,-17,0,-63,0,-56,0,-118,0,-112,0,148,0,-171,0,43,0,155,0,-41,20,155,0,-116,20,-152,0,-172,20,-83,0,-153,20,-38,0,-87,20]"
CSI_DATA,8426,d8:b1:90:d9:de:f0,-39,11,-99,-37,41,104,606018336,277,0,106,0,"[-29,20,81,0,-55,20,133,0,-17,20,151,0,43,21,119,0,94,21,75,0,120,21,17,0,113,21,-45,21,95,21,-116,21,82,21,-168,21,81,21,-180,21,123,21,-164,21,-173,21,-127,21,-55,21,-98,21,0,0,0,0,180,0,-149,21,-90,0,158,21,-30,0,75,21,-34,0,27,21,-79,0,29,21,-145,0,98,21,184,0,-168,21,180,0,-62,21,-167,0,21,0,-97,0,66,0,-24,0,74,0,-2,0,17,0,-66,0]"
CSI_DATA,8427,d8:b1:90:d9:de:f0,-40,9,-99,-38,42,104,606018790,98,0,106,0,"[41,0,36,1,102,0,56,1,129,0,21,1,122,0,-36,0,89,0,-82,0,38,0,-105,0,-16,20,-108,0,-69,20,-84,0,-102,20,-54,0,-108,20,-58,0,-97,20,-97,0,-69,20,162,0,-72,20,54,0,0,0,0,0,-153,20,-138,20,85,20,137,20,-10,18,116,20,-60,18,138,20,-41,18,-150,20,32,20,-113,20,129,20,-106,20,-138,20,-128,20,-84,20,164,20,-70,20,98,20,-102,20,45,20,-157,20,49,20,161,20]"
CSI_DATA,8428,d8:b1:90:d9:de:f0,-41,9,-99,-36,42,104,606018904,130,0,106,0,"[-144,0,-10,0,-76,0,-16,0,-62,0,-62,0,-91,0,-112,0,-147,0,-138,0,128,0,-138,0,80,0,-113,0,52,0,-76,0,33,0,-41,0,27,0,-35,0,27,0,-75,0,7,0,-153,0,-33,18,81,0,0,0,0,0,128,18,-45,18,11,18,-49,18,-71,17,-22,18,-104,17,25,0,-69,17,59,0,12,18,49,0,99,18,20,0,151,18,-37,18,-157,18,-104,18,139,18,-159,18,94,18,137,18,49,18,-152,18,76,18]"
CSI_DATA,8429,d8:b1:90:d9:de:f0,-40,9,-99,-38,42,104,606019057,113,0,106,0,"[149,20,-21,0,-154,20,36,1,-104,20,26,1,-76,20,-30,0,-76,20,-92,0,-105,20,-134,0,-152,20,-168,0,140,20,166,0,92,20,-166,0,92,20,-161,0,125,20,160,0,-158,20,108,0,-97,20,17,0,0,0,0,0,-89,20,160,20,-144,20,50,20,113,20,-4,18,57,20,-1,18,48,20,52,20,106,20,122,20,-146,20,-164,20,-72,20,-160,20,-5,20,152,20,28,0,86,20,14,0,28,20,-44,20,6,20,-98,20]"
CSI_DATA,8430,d8:b1:90:d9:de:f0,-40,9,-99,-36,42,104,606079622,130,0,106,0,"[-148,18,7,1,-100,18,54,1,-57,18,40,1,-36,18,-18,0,-36,18,-71,0,-62,18,-125,0,-113,18,-152,0,140,18,159,0,80,18,-151,0,64,18,-132,0,76,18,-142,0,115,18,143,0,159,18,73,0,0,0,0,0,-159,18,-93,18,101,18,149,18,23,18,123,18,-25,17,132,18,-13,17,-149,18,42,18,-103,18,130,18,-88,18,-110,18,-104,18,-50,18,-152,18,-36,18,95,18,-65,18,26,18,-124,18,17,18,153,18]"
CSI_DATA,8431,d8:b1:90:d9:de:f0,-41,9,-99,-34,42,104,606227716,98,0,106,0,"[-74,17,-52,16,-127,17,-65,16,-144,17,-27,16,-127,17,32,17,-82,17,77,17,-30,17,99,17,28,0,111,17,86,0,103,17,141,0,96,17,150,0,96,17,135,0,127,17,104,0,-110,17,77,0,-19,17,0,0,0,0,85,0,-122,0,133,0,-28,0,-106,0,21,1,-67,0,28,1,-70,0,-10,0,-124,0,-70,0,110,0,-124,0,23,0,-141,0,-41,17,-148,0,-91,17,-106,0,-118,17,-60,0,-95,17,-38,0,-32,17]"
CSI_DATA,8432,d8:b1:90:d9:de:f0,-40,9,-99,-36,42,104,606227857,130,0,106,0,"[-51,18,-54,17,-110,18,-74,17,-132,18,-35,17,-114,18,25,18,-78,18,75,18,-18,18,108,18,41,0,119,18,98,0,110,18,149,0,105,18,-159,0,108,18,144,0,133,18,113,0,-119,18,83,0,-18,18,0,0,0,0,93,0,-132,0,147,0,-37,0,-100,0,15,1,-57,0,15,1,-60,0,-22,0,-114,0,-81,0,127,0,-138,0,37,0,-154,0,-31,18,-148,0,-83,18,-104,0,-98,18,-49,0,-74,18,-31,0,-12,18]"
CSI_DATA,8433,d8:b1:90:d9:de:f0,-41,9,-99,-35,42,104,606227973,101,0,106,0,"[-39,17,97,0,-50,17,-155,0,-6,17,-138,0,55,18,155,0,101,18,105,0,127,18,51,0,124,18,-8,18,100,18,-72,18,75,18,-116,18,70,18,-122,18,107,18,-105,18,-135,18,-73,18,-39,18,-58,18,0,0,0,0,-145,0,-118,18,-68,0,118,18,-35,0,30,18,-52,0,-19,17,-102,0,-4,17,155,0,62,18,124,0,-155,18,133,0,-68,18,-144,0,1,0,-89,0,36,0,-30,0,34,0,-11,0,-19,18,-75,0]"
CSI_DATA,8434,d8:b1:90:d9:de:f0,-41,9,-99,-36,42,104,606228087,98,0,106,0,"[54,18,-76,0,62,18,-17,0,110,18,-20,0,148,18,-65,0,-151,18,-128,0,-159,18,137,0,138,18,81,0,94,18,35,0,51,18,10,0,40,18,1,0,80,18,-7,18,148,18,-18,18,-78,18,-51,18,0,0,0,0,59,0,125,18,89,0,26,18,88,0,-64,17,56,0,-96,17,23,0,-66,17,11,0,20,18,41,0,117,18,76,0,-140,18,143,0,-96,18,-112,0,-96,18,-66,0,-128,18,-74,0,144,18,-147,0]"
CSI_DATA,8435,d8:b1:90:d9:de:f0,-40,11,-99,-32,41,104,606436133,277,0,106,0,"[8,1,133,18,-3,0,55,18,-64,0,22,18,-123,0,37,18,153,0,69,18,127,0,108,18,138,0,144,18,-153,0,-149,18,-113,0,-135,18,-91,0,-123,18,-88,0,-112,18,-103,0,-90,18,-128,0,-40,18,0,0,0,0,-109,0,56,0,-35,0,91,0,42,1,94,0,94,1,62,0,79,1,7,0,16,1,-32,18,-62,0,-41,18,-128,0,-12,18,158,0,31,0,-153,0,81,0,-115,0,114,0,-76,0,98,0,-84,0]"
CSI_DATA,8436,d8:b1:90:d9:de:f0,-41,9,-99,-34,42,104,606436587,130,0,106,0,"[-62,16,29,0,-93,16,77,0,-65,16,106,0,-7,16,108,0,43,17,96,0,86,17,62,0,105,17,17,0,116,17,-39,17,108,17,-97,17,114,17,-133,17,130,17,-148,17,-137,17,150,17,-76,17,146,17,0,0,0,0,51,0,103,17,104,0,26,17,117,0,-32,16,105,0,-80,16,72,0,-80,16,42,0,-19,16,33,0,62,17,52,0,140,17,86,0,-112,17,142,0,-85,17,-104,0,-87,17,-89,0,-109,17,-122,0]"
CSI_DATA,8437,d8:b1:90:d9:de:f0,-41,9,-99,-37,43,104,606436758,113,0,106,0,"[45,17,-51,0,60,17,6,1,101,17,19,1,-145,17,-13,0,-112,17,-62,0,-107,17,-115,0,-124,17,138,0,143,17,91,0,100,17,58,0,73,17,34,0,71,17,23,0,95,17,-1,17,143,17,-38,17,0,0,0,0,-103,17,130,17,-125,17,45,17,127,17,-13,16,79,17,-30,16,57,17,-3,16,80,17,70,17,139,17,137,17,-88,17,-124,17,-21,17,-123,17,27,0,139,17,55,0,92,17,42,0,56,17,5,0]"
CSI_DATA,8438,d8:b1:90:d9:de:f0,-41,11,-99,-35,43,104,606503704,100,0,114,0,"[-17,-23,-16,-27,-16,-30,-14,-32,-10,-32,-9,-32,-7,-32,-6,-30,-5,-28,-5,-28,-4,-27,-3,-27,-3,-27,-2,-28,-2,-29,-2,-30,-2,-32,-2,-32,-2,-34,-2,-33,-1,-35,-2,-35,-1,-35,-1,-34,0,-33,1,-33,1,-33,1,-31,0,0,2,-30,2,-30,3,-31,3,-32,3,-33,4,-33,3,-33,4,-33,4,-31,4,-31,3,-30,4,-31,4,-29,4,-28,3,-27,4,-26,4,-25,3,-25,4,-26,4,-27,5,-29,7,-30,7,-30,9,-30,11,-30,13,-29,14,-27,14,-22]"
CSI_DATA,8439,d8:b1:90:d9:de:f0,-39,11,-99,-37,41,104,606853931,277,0,106,0,"[23,21,154,21,-37,20,183,21,-20,20,-143,21,37,21,-123,21,91,21,-132,21,132,21,-161,21,157,21,151,21,152,21,90,21,151,21,45,21,149,21,55,21,173,21,95,21,-136,21,162,21,-37,21,-143,21,0,0,0,0,168,0,-94,21,-88,0,-126,21,-14,0,-180,21,10,1,145,21,-23,0,135,21,-74,0,173,21,-122,0,-127,21,-145,0,-52,21,-136,0,8,0,-93,0,47,0,-36,0,56,0,-15,0,18,0,-65,0]"
CSI_DATA,8440,d8:b1:90:d9:de:f0,-40,9,-99,-34,41,104,606854430,130,0,106,0,"[149,0,6,1,-114,0,10,1,-93,0,-36,0,-122,0,-90,0,-160,0,-116,0,129,0,-109,0,100,0,-70,0,85,0,-28,0,86,0,0,1,94,0,-6,0,90,0,-54,0,66,0,-129,0,-1,20,130,0,0,0,0,0,162,20,42,0,58,20,58,0,-14,18,96,0,-45,18,145,0,-20,18,165,0,37,20,146,0,100,20,101,0,130,20,45,0,129,20,-8,20,82,20,-40,20,34,20,-36,20,21,20,4,0,72,20]"
CSI_DATA,8441,d8:b1:90:d9:de:f0,-40,9,-99,-36,42,104,606854574,108,0,106,0,"[33,1,-3,18,62,1,-73,18,23,1,-112,18,-23,0,-104,18,-64,0,-75,18,-71,0,-40,18,-55,0,-5,18,-20,0,18,0,6,1,27,0,8,1,16,0,-36,0,3,0,-120,0,2,0,110,0,35,0,0,0,0,0,-5,18,-153,0,-26,18,-59,0,-2,18,28,1,37,0,61,1,64,0,40,1,64,0,-20,0,41,0,-79,0,-10,18,-120,0,-55,18,-124,0,-91,18,-95,0,-96,18,-47,0,-60,18,-25,0,2,0]"
CSI_DATA,8442,d8:b1:90:d9:de:f0,-40,9,-99,-35,41,104,606854673,130,0,106,0,"[-4,0,-153,20,-4,0,115,20,-50,0,91,20,-107,0,123,20,-135,0,157,20,-124,0,-145,20,-100,0,-124,20,-54,0,-115,20,-21,0,-122,20,-32,0,-135,20,-78,0,-131,20,-152,0,-97,20,120,0,-20,20,0,0,0,0,72,0,159,0,104,0,-83,0,168,0,-24,0,-123,0,-10,0,-101,0,-37,0,-133,0,-98,0,156,0,-146,0,97,0,-157,0,54,0,-145,0,37,0,-93,0,59,0,-46,0,105,0,-43,0,142,0]"
CSI_DATA,8443,d8:b1:90:d9:de:f0,-39,9,-99,-36,41,104,606889328,98,0,106,0,"[-129,0,-53,0,-48,0,-55,0,-26,0,-97,0,-60,0,-141,0,-107,0,-168,0,-158,0,-161,0,177,0,-118,0,162,0,-63,0,168,0,-29,0,176,0,-26,0,170,0,-56,0,141,0,-132,0,63,0,144,0,0,0,0,0,-129,21,66,0,111,21,88,0,29,21,141,0,-2,19,-162,0,16,21,-129,0,81,21,-152,0,134,21,145,0,161,21,88,0,151,21,28,0,94,21,1,0,40,21,5,0,24,21,50,0,83,21]"
CSI_DATA,8444,d8:b1:90:d9:de:f0,-39,9,-99,-35,40,104,606915008,130,0,106,0,"[-69,0,126,23,-73,0,36,23,-133,0,9,23,-197,0,44,23,169,0,93,23,167,0,150,23,-192,0,-195,23,-127,0,-178,23,-52,0,-178,23,-32,0,195,23,-53,0,-195,23,-117,0,-169,23,-187,0,-98,23,0,0,0,0,155,0,78,0,-184,0,-197,0,-93,0,-144,0,-20,0,-135,0,-9,0,-186,0,-60,0,147,0,-147,0,118,0,169,0,126,0,113,0,169,0,95,0,-157,0,127,0,-90,0,190,0,-78,0,-164,0]"
CSI_DATA,8445,d8:b1:90:d9:de:f0,-41,9,-99,-36,42,104,607063310,120,0,106,0,"[60,1,108,0,88,1,52,0,47,1,25,0,-12,0,30,0,-69,0,57,0,-93,0,94,0,-99,0,144,0,-93,0,-132,0,-74,0,-107,0,-85,0,-127,0,-137,0,158,0,108,0,103,0,10,0,65,0,0,0,0,0,135,18,67,0,46,18,113,0,-6,17,-157,0,-13,17,-125,0,21,18,-129,0,74,18,153,0,117,18,79,0,134,18,23,0,120,18,-28,18,85,18,-64,18,47,18,-67,18,35,18,-27,18,89,18]"
CSI_DATA,8446,d8:b1:90:d9:de:f0,-37,11,-99,-39,39,104,607480627,277,0,106,0,"[-19,0,242,29,-9,0,145,29,-75,0,131,29,-143,0,176,29,-182,0,-232,29,-178,0,-145,29,-141,0,-67,29,-63,0,-9,29,1,1,21,0,15,1,15,0,-44,0,-7,29,-178,0,-19,29,143,0,17,0,0,0,0,0,-127,29,205,0,-197,29,-127,0,-213,29,11,1,-174,29,83,1,-126,29,65,1,-108,29,-38,0,-116,29,-166,0,-162,29,230,0,-246,29,178,0,157,29,178,0,91,29,226,0,108,29,-207,0,236,29]"
CSI_DATA,8447,d8:b1:90:d9:de:f0,-38,9,-99,-36,39,104,607481072,130,0,106,0,"[179,26,-46,0,-222,26,42,1,-158,26,26,1,-110,26,-46,0,-112,26,-115,0,-161,26,-179,0,-215,26,-211,0,156,26,-211,0,99,26,-195,0,106,26,-176,0,156,26,-184,0,-200,26,202,0,-108,26,76,0,0,0,0,0,-62,26,-215,26,-120,26,96,26,-225,26,3,26,145,26,-10,24,122,26,46,26,172,26,135,26,-186,26,195,26,-87,26,211,26,-10,26,188,26,21,0,117,26,8,0,42,26,-56,26,23,26,-140,26]"
CSI_DATA,8448,d8:b1:90:d9:de:f0,-41,11,-99,-32,42,104,607503640,100,0,228,0,"[-15,-15,-17,-21,-19,-25,-17,-28,-15,-30,-13,-29,-12,-29,139,83,-8,-23,-7,-21,-7,-17,-8,-14,-11,-11,-12,-8,-14,-6,-17,-4,-20,-3,-22,-2,-24,-1,-25,-2,-25,-1,39,-66,-23,-2,-20,-1,-16,-1,-12,0,-8,1,-4,4,0,0,3,10,5,15,6,20,7,24,6,29,6,31,37,0,3,34,2,34,1,31,1,29,1,24,1,20,2,16,4,13,7,10,10,7,12,6,16,6,19,6,-84,0,23,8,23,11,23,13,20,14,16,14,12,12,7,10,14,-6,5,-15,-5,-13,-12,-3,-8,6,1,8,8,2,-2,-35,-3,-13,-14,-6,-17,7,-8,21,8,23,24,11,26,-8,13,-26,-8,-29,-26,-15,-29,8,-13,24,7,24,-3,6,16,-10,1,-17,-14,-10,-17,7,-5,20,12,19,0,0,21,-14,5,-25,-13,-22,-23,-6,-21,11,-6,19,12,48,11,3,4,-4,-4,-2,-4,5,3,11,14,7,19,-5,12,-19,-4,-23,-20,-15,-26,2,-19,20,-1,28,39,28,24,2,17,-13,1,-19,-12,-10,-13,3,-4,12,8,11]"
CSI_DATA,8449,d8:b1:90:d9:de:f0,-43,9,-99,-36,44,104,607690025,130,0,106,0,"[91,15,47,15,54,15,17,15,60,15,25,15,91,15,56,15,-110,15,101,15,-47,15,-115,15,23,0,-71,15,99,0,-23,15,-87,0,15,0,-40,0,39,0,-43,0,36,0,-91,0,8,0,87,0,-27,15,0,0,0,0,-113,15,-103,15,39,15,127,15,-58,14,108,15,-100,14,115,15,-75,14,-115,15,-3,14,-90,15,93,15,-65,15,-63,15,-47,15,33,0,-44,15,121,0,-54,15,-73,0,-80,15,-50,0,-124,15,-104,0]"
CSI_DATA,8450,d8:b1:90:d9:de:f0,-43,9,-99,-37,45,104,607690195,130,0,106,0,"[-9,12,-63,13,-55,12,-60,13,-50,12,-51,13,-4,12,-51,13,57,13,-52,13,-107,13,-54,13,-29,13,-67,13,54,0,-81,13,-110,0,-96,13,-66,0,-105,13,-69,0,-107,13,-114,0,-97,13,40,0,-70,13,0,0,0,0,97,13,5,0,0,13,58,0,-65,12,110,0,-90,12,-88,0,-67,12,-88,0,0,13,114,0,83,13,68,0,-77,13,11,0,-12,13,-48,13,29,0,116,13,53,0,54,13,33,0,15,13,-14,13]"
CSI_DATA,8451,d8:b1:90:d9:de:f0,-41,9,-99,-35,42,104,607898896,224,0,106,0,"[-41,17,-91,18,-113,17,-59,18,-103,17,-17,18,-40,17,8,0,47,18,1,0,128,18,-26,18,-112,18,-89,18,-55,18,141,18,-18,18,51,18,-8,18,-8,17,-14,18,0,18,-28,18,61,18,-19,18,-150,18,0,0,0,0,107,0,47,0,-102,0,125,0,15,1,-148,0,77,1,145,0,69,1,101,0,-2,0,57,0,-111,0,42,0,105,0,55,0,22,0,96,0,-36,18,-152,0,-57,18,-84,0,-26,18,-41,0,20,0]"
CSI_DATA,8452,d8:b1:90:d9:de:f0,-47,11,-99,-34,48,104,608316222,277,0,106,0,"[-28,0,-47,8,11,0,-58,8,11,0,-69,8,-20,0,-62,8,-66,0,-45,8,36,0,-17,8,-17,8,20,0,-73,8,67,0,29,8,-35,0,-1,8,2,0,-2,8,16,0,11,8,1,0,36,8,-36,0,0,0,0,0,-67,8,6,0,-63,8,-53,8,-61,8,48,8,-64,8,21,8,-65,8,25,8,-54,8,56,8,-37,8,-47,8,-13,8,0,8,10,0,44,0,43,0,-67,0,-73,0,-30,0,-44,0,-19,0,-37,0]"
CSI_DATA,8453,d8:b1:90:d9:de:f0,-47,9,-99,-34,48,104,608316667,108,0,106,0,"[-72,0,-52,0,-51,0,-14,0,-48,0,-13,0,-70,0,-36,0,57,0,75,0,27,0,25,0,-7,8,-29,8,-41,8,60,8,-74,8,0,8,60,8,-45,8,61,8,-63,8,-75,8,-43,8,-41,8,1,8,0,0,0,0,33,0,-48,8,-74,0,-3,8,-42,0,42,0,-22,0,67,0,-27,0,69,0,-55,0,52,0,58,0,19,0,20,0,-14,8,-16,8,-52,8,-50,8,64,8,67,8,33,8,39,8,20,8,44,8]"
CSI_DATA,8454,d8:b1:90:d9:de:f0,-47,9,-99,-34,48,104,608316811,101,0,106,0,"[-23,0,35,0,13,0,45,0,17,0,32,0,-11,0,16,0,-60,0,3,0,39,0,2,0,-29,8,6,0,55,8,21,0,-11,8,48,0,-51,8,75,0,-56,8,-60,0,-38,8,-61,0,1,8,64,0,0,0,0,0,-71,8,-11,8,-55,8,-67,8,-45,8,42,8,-45,8,17,8,-48,8,20,8,-45,8,57,8,-35,8,-45,8,-17,8,2,0,6,0,49,0,39,0,-60,0,-72,0,-28,0,-42,0,-17,0,-30,0]"
CSI_DATA,8455,d8:b1:90:d9:de:f0,-48,9,-99,-36,49,104,608316943,98,0,106,0,"[-36,8,26,8,-46,8,-7,7,-59,8,-6,7,-59,8,26,8,-47,8,70,8,-21,8,-28,8,19,0,17,0,69,0,62,0,-18,0,-43,0,24,0,-29,0,42,0,-36,0,30,0,-53,0,-8,0,68,0,0,0,0,0,38,0,59,0,-16,8,-69,0,-55,8,-48,0,-70,8,-31,0,-64,8,-31,0,-39,8,-53,0,-10,8,56,0,14,0,8,0,29,0,-34,8,39,0,56,8,37,0,7,8,21,0,-14,7,-2,8]"
CSI_DATA,8456,d8:b1:90:d9:de:f0,-47,9,-99,-38,49,104,608340341,130,0,106,0,"[-4,0,9,0,23,0,19,0,22,0,12,0,-5,0,4,0,-51,0,0,0,53,0,2,0,-8,8,9,0,-70,8,26,0,17,8,53,0,-30,8,-73,0,-49,8,-56,0,-46,8,-55,0,-25,8,72,0,0,0,0,0,32,8,23,0,34,8,-20,8,39,8,-55,8,44,8,71,8,53,8,68,8,64,8,-61,8,-67,8,-27,8,-41,8,7,0,-9,8,46,0,30,0,-70,0,-75,0,-43,0,-31,0,-36,0,-8,0]"
CSI_DATA,8457,d8:b1:90:d9:de:f0,-48,9,-99,-40,50,104,608340754,113,0,106,0,"[25,0,7,8,37,0,-17,7,29,0,-17,7,15,0,9,8,4,0,46,8,1,0,-45,8,9,0,7,0,25,0,69,0,50,0,-16,0,-64,0,29,0,-44,0,48,0,-40,0,41,0,-48,0,9,0,0,0,0,0,49,0,-22,0,3,0,-34,0,-34,8,-33,0,-53,8,-33,0,-54,8,-33,0,-33,8,-47,0,-5,8,69,0,22,0,32,0,45,0,-5,8,65,0,-54,8,-70,0,37,8,58,0,-3,7,29,0]"
CSI_DATA,8458,d8:b1:90:d9:de:f0,-46,11,-99,-36,48,104,608504016,100,0,114,0,"[19,1,21,2,22,4,22,5,22,5,21,6,20,6,18,6,18,6,17,6,17,5,16,5,17,5,17,5,17,3,18,3,18,4,19,4,19,4,20,3,20,3,20,3,20,3,20,2,19,2,18,1,18,1,18,1,0,0,17,1,17,1,18,1,18,0,18,0,18,0,18,0,17,0,17,0,17,-1,16,-1,15,-1,14,-1,13,-1,13,-1,13,-2,13,-2,13,-3,13,-3,13,-3,13,-3,14,-3,15,-3,15,-3,15,-3,15,-2,14,-1,13,-1]"
CSI_DATA,8459,d8:b1:90:d9:de:f0,-53,11,-99,-37,54,104,608734019,277,0,106,0,"[10,0,-41,0,6,0,-30,0,-5,0,-28,0,-22,0,-34,0,-38,0,36,0,30,0,21,0,20,0,2,0,12,0,-19,4,9,0,40,4,10,0,18,4,16,0,6,4,27,0,3,4,40,0,12,4,0,0,0,0,-11,0,27,4,10,0,-41,4,27,0,-30,4,32,0,-21,4,27,0,-17,4,7,0,-16,4,-16,0,-19,4,-41,0,-23,4,18,0,-28,4,-3,4,-33,4,-22,4,-35,4,-31,4,-33,4,-28,4]"
CSI_DATA,8460,d8:b1:90:d9:de:f0,-53,9,-99,-37,54,104,608734464,98,0,106,0,"[-17,4,27,0,-19,4,20,0,-9,4,12,0,6,4,8,0,27,4,6,0,-38,4,9,0,-17,4,14,0,5,0,24,0,24,0,37,0,40,0,-29,0,-37,0,-16,0,-39,0,-8,0,32,0,-5,0,0,0,0,0,6,0,12,0,-13,4,18,0,-29,4,28,0,-40,4,31,0,-38,4,22,0,-27,4,7,0,-12,4,-12,0,3,0,-33,0,18,0,31,0,31,0,13,0,-41,0,-1,4,-38,0,-12,4,41,0]"
CSI_DATA,8461,d8:b1:90:d9:de:f0,-53,9,-99,-37,54,104,608734569,252,0,106,0,"[23,0,16,0,21,0,25,0,8,0,29,0,-10,0,29,0,-28,0,21,0,35,0,12,0,18,0,0,0,0,4,-17,4,-15,4,-39,4,-26,4,23,4,-27,4,8,4,-21,4,0,4,-9,4,-1,4,0,0,0,0,21,0,-8,4,-36,0,-10,4,-18,0,-12,4,-9,0,-11,4,-13,0,-3,4,-27,0,9,4,35,0,23,4,14,0,40,4,-3,4,-29,4,-23,4,-16,4,-39,4,-3,4,38,4,5,0,40,4]"
CSI_DATA,8462,d8:b1:90:d9:de:f0,-50,9,-99,-37,51,104,608758222,113,0,106,0,"[-2,6,-17,0,-4,6,-13,0,6,6,-24,0,30,6,-42,0,-57,6,53,0,-31,6,31,0,-3,6,8,0,26,0,-11,6,57,0,-27,6,-37,0,-37,6,-25,0,-31,6,-22,0,-15,6,-28,0,9,0,0,0,0,0,-17,0,-45,0,-17,0,-9,0,-4,0,13,0,0,0,17,0,-5,0,5,0,-17,0,-23,0,-40,0,-57,0,53,0,25,0,29,0,-4,6,4,0,-28,6,-20,6,-44,6,-37,6,-43,6,-36,6]"
CSI_DATA,8463,d8:b1:90:d9:de:f0,-42,11,-99,-35,43,104,609151816,277,0,106,0,"[-17,16,-42,15,-93,16,-88,15,131,16,-63,15,121,16,5,16,-133,16,66,16,-76,16,99,16,-16,16,102,16,39,0,74,16,88,0,32,16,89,0,6,16,67,0,16,16,39,0,73,16,35,0,-118,16,0,0,0,0,111,0,47,0,-83,0,98,0,2,1,104,0,51,1,82,0,44,1,45,0,-8,0,29,0,-74,0,23,0,-131,0,50,0,110,0,77,0,103,0,122,0,116,0,-123,0,134,0,-118,0,136,0]"
CSI_DATA,8464,d8:b1:90:d9:de:f0,-41,9,-99,-37,43,104,609152279,130,0,106,0,"[68,17,39,17,-3,16,18,17,-17,16,57,17,26,17,103,17,91,17,132,17,-128,17,137,17,-47,17,118,17,30,0,75,17,93,0,26,17,118,0,2,17,116,0,13,17,94,0,79,17,77,0,-115,17,0,0,0,0,93,0,84,0,145,0,-113,0,-94,0,-50,0,-62,0,-24,0,-66,0,-40,0,-114,0,-78,0,118,0,-122,0,49,0,-144,0,-15,17,139,0,-69,17,-138,0,-108,17,-114,0,-120,17,-101,0,-93,17]"
CSI_DATA,8465,d8:b1:90:d9:de:f0,-39,11,-99,-37,41,104,609360715,277,0,106,0,"[53,0,-106,20,-10,21,-136,20,-49,21,-85,20,-33,21,-2,20,11,0,50,21,59,0,93,21,119,0,107,21,170,0,103,21,-161,0,109,21,-165,0,138,21,170,0,-175,21,129,0,-71,21,88,0,46,0,0,0,0,0,110,0,-104,0,159,0,-4,0,-154,0,49,1,-120,0,58,1,-132,0,15,1,178,0,-45,0,113,0,-106,0,36,0,-132,0,-18,21,-141,0,-56,21,-129,0,-74,21,-114,0,-58,21,-123,0,-30,21]"
CSI_DATA,8466,d8:b1:90:d9:de:f0,-39,9,-99,-37,41,104,609361196,98,0,106,0,"[-78,20,184,21,-127,20,-123,21,-88,20,-63,21,-10,20,-47,21,62,21,-66,21,101,21,-100,21,122,21,-151,21,126,21,173,21,123,21,146,21,149,21,154,21,-162,21,-170,21,-71,21,-114,21,43,0,-84,21,0,0,0,0,-98,0,-117,21,-13,0,-186,21,40,1,122,21,31,1,72,21,-15,0,72,21,-81,0,129,21,-133,0,-159,21,-154,0,-95,21,-145,0,-43,21,-125,0,-13,21,-109,0,-5,21,-122,0,-31,21,167,0]"
CSI_DATA,8467,d8:b1:90:d9:de:f0,-38,9,-99,-36,40,104,609361319,98,0,106,0,"[-91,0,-12,22,-148,0,-82,22,185,0,-58,22,145,0,17,23,148,0,91,23,174,0,152,23,-191,0,175,23,-129,0,182,23,-99,0,190,23,-128,0,-202,23,-187,0,-145,23,142,0,-53,23,74,0,63,0,0,0,0,0,80,0,-110,0,129,0,6,1,-198,0,71,1,-145,0,66,1,-141,0,7,1,-188,0,-63,0,142,0,-126,0,68,0,-153,0,14,0,-153,0,-15,23,-134,0,-20,23,-115,0,3,0,-126,0,25,0]"
CSI_DATA,8468,d8:b1:90:d9:de:f0,-39,9,-99,-34,40,104,609361469,98,0,106,0,"[89,0,97,1,175,0,92,1,-176,0,29,1,181,0,-44,0,134,0,-86,0,74,0,-104,0,31,0,-91,0,-7,22,-58,0,-20,22,-47,0,-20,22,-70,0,-22,22,-146,0,-37,22,133,0,-92,22,23,0,0,0,0,0,110,22,-110,22,5,22,-130,22,-88,20,-107,22,-119,20,-62,22,-77,20,-25,22,0,22,-19,22,83,22,-40,22,151,22,-68,22,185,22,-113,22,181,22,-145,22,163,22,-154,22,169,22,-133,22,-161,22]"
CSI_DATA,8469,d8:b1:90:d9:de:f0,-42,11,-99,-32,43,104,609504026,100,0,228,0,"[-21,10,-25,8,-28,6,-29,4,-31,2,-28,0,-28,-2,124,74,-22,-2,-20,-2,-19,0,-17,0,-17,2,-16,3,-17,5,-17,6,-18,7,-19,8,-20,9,-20,9,-19,8,35,-59,-16,7,-13,8,-11,8,-8,8,-5,9,-3,12,0,0,0,16,1,21,1,23,0,27,-2,28,-4,31,-60,15,-8,31,-9,29,-10,27,-10,24,-9,21,-8,18,-5,16,-3,15,-1,14,1,14,2,13,3,15,5,16,40,0,4,19,3,19,2,19,0,17,-1,15,0,12,0,9,-6,-12,-13,-4,-11,7,-1,13,10,10,14,-2,8,-13,-30,-19,-16,-9,-18,6,-10,19,7,22,20,12,24,-6,15,-21,-4,-26,-22,-16,-27,2,-17,20,2,26,19,15,5,5,11,-18,-6,-19,-19,-7,-17,10,-4,19,11,17,0,0,17,-11,5,-20,-10,-17,-18,-5,-15,8,-3,14,2,41,10,-1,3,-10,-9,-7,-14,3,-8,15,6,18,18,10,22,-5,14,-18,-2,-24,-18,-17,-24,-2,-20,15,0,41,12,19,20,5,17,-9,3,-16,-9,-12,-13,-1,-8,9]"
CSI_DATA,8470,d8:b1:90:d9:de:f0,-40,9,-99,-37,42,104,609570059,108,0,106,0,"[45,19,-69,0,90,19,-27,0,142,19,-41,0,-160,19,-93,0,-154,19,-132,0,154,19,-160,0,123,19,160,0,85,19,-163,0,67,19,-150,0,84,19,-154,0,121,19,141,0,158,19,73,0,-161,19,-7,19,0,0,0,0,99,19,-136,19,18,19,-163,19,-44,18,-155,19,-72,18,-112,19,-33,18,-69,19,44,19,-51,19,117,19,-71,19,164,19,-104,19,-151,19,-146,19,156,19,149,19,116,19,138,19,98,19,-154,19,130,19]"
CSI_DATA,8471,d8:b1:90:d9:de:f0,-39,9,-99,-36,41,104,609987865,130,0,106,0,"[50,0,-52,19,-12,21,-96,19,-62,21,-56,19,-53,21,16,21,-11,21,76,21,32,0,111,21,103,0,131,21,165,0,110,21,-144,0,84,21,-132,0,79,21,-156,0,113,21,169,0,-173,21,144,0,-60,21,0,0,0,0,-168,0,131,0,-80,0,-158,0,-7,0,-132,0,29,1,-139,0,2,1,-173,0,-79,0,151,0,-166,0,139,0,124,0,158,0,72,0,-161,0,48,0,-103,0,64,0,-60,0,111,0,-57,0,120,0]"
CSI_DATA,8472,d8:b1:90:d9:de:f0,-39,9,-99,-34,40,104,609988018,98,0,106,0,"[11,1,185,22,11,1,107,22,-43,0,92,22,-103,0,128,22,-145,0,-182,22,-143,0,-122,22,-112,0,-61,22,-58,0,-22,22,-2,0,8,0,8,1,8,0,-46,0,14,0,-130,0,34,0,143,0,82,0,0,0,0,0,34,0,-145,0,22,0,-20,0,58,0,62,1,86,0,79,1,103,0,35,1,79,0,-43,0,20,0,-121,0,-43,22,-164,0,-101,22,-175,0,-158,22,-151,0,-185,22,-109,0,-149,22,-79,0,-85,22]"
CSI_DATA,8473,d8:b1:90:d9:de:f0,-40,11,-99,-37,42,104,610196310,277,0,106,0,"[66,0,-77,18,-19,19,-114,18,-84,19,-71,18,-91,19,7,19,-63,19,73,19,-29,19,104,19,27,0,104,19,71,0,77,19,90,0,46,19,81,0,38,19,66,0,73,19,55,0,151,19,77,0,-89,19,0,0,0,0,-104,0,27,0,0,1,18,0,71,1,-25,19,77,1,-85,19,34,1,-125,19,-46,0,-119,19,-123,0,-72,19,-165,0,-11,19,163,0,40,0,-126,0,80,0,-84,0,79,0,-67,0,31,0,-124,0]"
CSI_DATA,8474,d8:b1:90:d9:de:f0,-40,9,-99,-35,41,104,610196764,101,0,106,0,"[-131,20,69,1,-83,20,118,1,-43,20,85,1,-31,20,1,1,-50,20,-65,0,-104,20,-131,0,-164,20,-167,0,120,20,166,0,72,20,159,0,59,20,141,0,86,20,118,0,146,20,59,0,-122,20,-31,20,0,0,0,0,-71,20,130,20,-76,20,15,20,-120,20,-57,19,-150,20,-75,19,-152,20,-39,19,-111,20,42,20,-52,20,120,20,10,0,171,20,85,0,-157,20,144,0,168,20,-175,0,134,20,167,0,120,20,109,0]"
CSI_DATA,8475,d8:b1:90:d9:de:f0,-40,9,-99,-35,41,104,610251387,98,0,106,0,"[-93,20,78,1,-41,20,107,1,-9,20,63,1,-16,20,-15,0,-43,20,-76,0,-96,20,-122,0,-155,20,-138,0,135,20,-135,0,82,20,-138,0,82,20,-142,0,119,20,164,0,167,20,89,0,-131,20,-16,20,0,0,0,0,-134,20,155,20,-175,20,53,20,119,20,5,20,96,20,5,20,115,20,38,20,170,20,91,20,-107,20,134,20,-20,20,144,20,30,0,135,20,65,0,98,20,78,0,57,20,46,0,52,20,2,0]"
CSI_DATA,8476,d8:b1:90:d9:de:f0,-39,9,-99,-33,40,104,610265435,98,0,106,0,"[-110,0,30,1,-39,0,-1,0,-42,0,-68,0,-103,0,-135,0,-174,0,-162,0,117,0,-155,0,69,0,-110,0,30,0,-55,0,17,0,-14,0,13,0,-13,0,11,0,-63,0,-17,21,-151,0,-85,21,117,0,0,0,0,0,104,21,26,0,-5,20,40,0,-68,20,81,0,-69,20,117,0,-20,20,120,0,58,21,85,0,135,21,17,0,175,21,-47,21,175,21,-109,21,135,21,-157,21,84,21,-162,21,78,21,-122,21,129,21]"
CSI_DATA,8477,d8:b1:90:d9:de:f0,-38,11,-99,-36,40,104,610504037,100,0,114,0,"[41,-15,45,-12,50,-11,52,-11,53,-7,52,-7,49,-6,47,-4,44,-6,44,-6,42,-7,42,-7,41,-7,41,-9,42,-12,44,-12,47,-14,47,-14,49,-17,49,-19,49,-19,49,-20,47,-22,47,-23,45,-22,44,-22,44,-20,41,-22,0,0,42,-23,41,-23,42,-25,41,-26,41,-26,41,-28,39,-30,41,-30,39,-30,38,-30,34,-30,33,-28,31,-28,30,-28,26,-26,25,-26,23,-26,23,-26,23,-28,25,-30,25,-31,25,-33,25,-33,26,-31,28,-31,28,-31,28,-28,25,-23]"
CSI_DATA,8478,d8:b1:90:d9:de:f0,-40,11,-99,-36,42,104,610614107,277,0,106,0,"[-59,17,-71,18,-94,17,-27,18,-69,17,5,0,-17,17,11,0,47,18,-2,18,90,18,-45,18,127,18,-96,18,140,18,-158,18,147,18,107,18,159,18,84,18,-133,18,99,18,-80,18,140,18,-3,18,-142,18,0,0,0,0,-151,0,-105,18,-54,0,-137,18,5,1,139,18,26,1,104,18,-5,0,107,18,-60,0,148,18,-113,0,-110,18,-147,0,-45,18,-149,0,22,0,-127,0,73,0,-96,0,96,0,-80,0,93,0,-112,0]"
CSI_DATA,8479,d8:b1:90:d9:de:f0,-41,9,-99,-35,42,104,610614588,98,0,106,0,"[79,18,-19,0,107,18,46,1,-152,18,44,1,-116,18,-2,0,-88,18,-64,0,-102,18,-119,0,-135,18,152,0,122,18,119,0,77,18,106,0,62,18,100,0,88,18,83,0,138,18,48,0,-116,18,-14,18,0,0,0,0,-59,18,130,18,-89,18,35,18,-143,18,-29,17,124,18,-41,17,108,18,-2,17,136,18,67,18,-116,18,125,18,-50,18,155,18,8,0,151,18,52,0,128,18,69,0,86,18,45,0,68,18,4,0]"
CSI_DATA,8480,d8:b1:90:d9:de:f0,-40,9,-99,-37,42,104,610614684,98,0,106,0,"[-37,18,-164,19,-95,18,-115,19,-80,18,-59,19,-23,18,-29,19,55,19,-32,19,98,19,-45,19,134,19,-97,19,154,19,-161,19,149,19,117,19,146,19,106,19,-155,19,125,19,-108,19,-156,19,-19,19,-117,19,0,0,0,0,-164,0,-126,19,-77,0,146,19,-28,0,68,19,-40,0,20,19,-91,0,15,19,-154,0,62,19,142,0,147,19,139,0,-107,19,163,0,-51,19,-120,0,-11,19,-77,0,-14,19,-67,0,-54,19,-125,0]"
CSI_DATA,8481,d8:b1:90:d9:de:f0,-40,9,-99,-37,42,104,610823451,130,0,106,0,"[63,1,38,0,110,1,-9,19,77,1,-46,19,18,1,-47,19,-42,0,-24,19,-93,0,12,0,-130,0,73,0,-150,0,141,0,-156,0,-137,0,163,0,-110,0,132,0,-124,0,77,0,159,0,-2,19,106,0,0,0,0,0,121,19,58,0,15,19,82,0,-68,18,124,0,-93,18,-163,0,-54,18,-149,0,25,19,154,0,107,19,95,0,161,19,25,0,-145,19,-50,19,-155,19,-119,19,147,19,-165,19,121,19,-155,19,142,19]"
CSI_DATA,8482,d8:b1:90:d9:de:f0,-41,9,-99,-36,42,104,610823577,113,0,106,0,"[-16,0,-91,0,45,1,-108,0,49,1,-159,0,-5,0,129,0,-60,0,109,0,-124,0,114,0,148,0,139,0,109,0,-133,0,70,0,-95,0,49,0,-83,0,31,0,-108,0,-2,18,152,0,-50,18,74,0,0,0,0,0,119,18,-45,18,8,18,-65,18,-67,17,-61,18,-110,17,-28,18,-88,17,6,0,-13,17,13,0,80,18,1,0,153,18,-35,18,-117,18,-86,18,-103,18,-146,18,-113,18,127,18,-130,18,127,18,-127,18]"
CSI_DATA,8483,d8:b1:90:d9:de:f0,-40,9,-99,-37,42,104,610823695,168,0,106,0,"[-2,19,-66,18,-59,19,-102,18,-95,19,-72,18,-94,19,-6,18,-75,19,50,19,-23,19,98,19,34,0,119,19,101,0,123,19,158,0,117,19,-150,0,121,19,-163,0,155,19,136,0,-112,19,103,0,-22,19,0,0,0,0,114,0,-151,0,-165,0,-47,0,-91,0,12,1,-36,0,18,1,-33,0,-24,0,-80,0,-97,0,-163,0,-151,0,86,0,147,0,3,0,152,0,-47,19,-141,0,-76,19,-93,0,-60,19,-77,0,-19,19]"
CSI_DATA,8484,d8:b1:90:d9:de:f0,-39,9,-99,-35,41,104,610855882,214,0,106,0,"[26,20,53,20,-45,19,98,20,-50,19,172,20,1,20,-119,20,59,20,-91,20,124,20,-97,20,168,20,-127,20,-161,20,163,20,-153,20,115,20,-146,20,109,20,-127,20,131,20,-75,20,-172,20,21,0,-130,20,0,0,0,0,-155,0,-148,20,-69,0,118,20,-41,0,31,20,-63,0,-32,19,-130,0,-26,19,161,0,38,20,124,0,123,20,129,0,-138,20,156,0,-80,20,-141,0,-61,20,-94,0,-76,20,-104,0,-104,20,-157,0]"
CSI_DATA,8485,d8:b1:90:d9:de:f0,-40,9,-99,-36,42,104,610859337,214,0,106,0,"[-23,17,109,18,-85,17,-161,18,-73,17,-96,18,-13,17,-56,18,54,18,-49,18,107,18,-67,18,154,18,-109,18,-149,18,158,18,-146,18,112,18,-132,18,99,18,-105,18,128,18,-52,18,-156,18,25,0,-115,18,0,0,0,0,-117,0,-120,18,-36,0,138,18,1,1,65,18,-7,0,15,18,-62,0,18,18,-120,0,74,18,152,0,153,18,144,0,-94,18,158,0,-31,18,-125,0,2,0,-84,0,6,0,-74,0,-13,18,-125,0]"
CSI_DATA,8486,d8:b1:90:d9:de:f0,-41,9,-99,-35,42,104,610860050,214,0,106,0,"[13,1,97,18,13,1,41,18,-31,0,36,18,-80,0,81,18,-122,0,143,18,-138,0,-101,18,-129,0,-36,18,-106,0,28,0,-86,0,84,0,-90,0,111,0,-123,0,108,0,118,0,99,0,20,0,100,0,0,0,0,0,141,18,-152,0,72,18,-90,0,31,18,-26,0,41,18,6,1,75,18,-9,0,122,18,-80,0,-149,18,143,0,-138,18,58,0,-144,18,-11,18,136,18,-63,18,96,18,-94,18,86,18,-85,18,122,18]"
CSI_DATA,8487,d8:b1:90:d9:de:f0,-40,9,-99,-37,42,104,610860230,214,0,106,0,"[3,1,-86,0,60,1,-117,0,47,1,-165,0,-16,0,123,0,-89,0,116,0,-159,0,133,0,103,0,163,0,57,0,-116,0,16,0,-71,0,-5,19,-64,0,-15,19,-95,0,-40,19,160,0,-85,19,66,0,0,0,0,0,102,19,-81,19,-6,18,-112,19,-80,18,-108,19,-111,18,-80,19,-75,18,-51,19,16,19,-46,19,117,19,-53,19,-128,19,-93,19,-69,19,-142,19,-42,19,133,19,-42,19,84,19,-58,19,76,19,-69,19]"
CSI_DATA,8488,d8:b1:90:d9:de:f0,-40,9,-99,-35,41,104,610860501,214,0,106,0,"[30,1,135,20,28,1,68,20,-20,0,60,20,-80,0,97,20,-124,0,153,20,-142,0,-124,20,-134,0,-61,20,-105,0,12,0,-82,0,60,0,-86,0,89,0,-123,0,101,0,148,0,107,0,48,0,116,0,0,0,0,0,-116,20,-127,0,168,20,-34,0,148,20,43,1,164,20,85,1,-155,20,52,1,-122,20,-27,0,-115,20,-129,0,-129,20,133,0,-164,20,69,0,131,20,30,0,93,20,20,0,85,20,35,0,134,20]"
CSI_DATA,8489,d8:b1:90:d9:de:f0,-40,9,-99,-36,42,104,610860754,214,0,106,0,"[83,1,44,0,118,1,-15,18,80,1,-56,18,7,1,-59,18,-50,0,-39,18,-103,0,2,0,-127,0,55,0,-138,0,118,0,-138,0,-153,0,-153,0,-137,0,138,0,-144,0,75,0,149,0,-15,18,122,0,0,0,0,0,122,18,134,0,40,18,-122,0,6,18,-64,0,3,18,-20,0,44,18,-26,0,105,18,-88,0,156,18,153,0,-151,18,73,0,-156,18,7,0,130,18,-36,18,89,18,-59,18,81,18,-41,18,123,18]"
CSI_DATA,8490,d8:b1:90:d9:de:f0,-40,9,-99,-35,41,104,610860917,214,0,106,0,"[-83,19,38,0,-105,19,108,0,-63,19,141,0,13,20,134,0,67,20,107,0,115,20,48,0,133,20,-13,20,119,20,-78,20,111,20,-129,20,115,20,-155,20,153,20,-149,20,-120,20,-134,20,-24,20,-126,20,0,0,0,0,145,0,146,20,-131,0,60,20,-111,0,-20,19,-124,0,-64,19,-170,0,-45,19,135,0,34,20,116,0,124,20,130,0,-133,20,161,0,-72,20,-138,0,-42,20,-91,0,-35,20,-91,0,-56,20,-138,0]"
CSI_DATA,8491,d8:b1:90:d9:de:f0,-40,9,-99,-35,41,104,610919717,108,0,106,0,"[113,0,-52,19,60,0,-102,19,8,0,-75,19,-19,20,-16,19,-12,20,48,20,19,0,90,20,67,0,113,20,120,0,115,20,168,0,107,20,-168,0,112,20,166,0,150,20,148,0,-133,20,138,0,-39,20,0,0,0,0,-152,0,118,0,-64,0,-174,0,15,1,-160,0,53,1,167,0,32,1,129,0,-30,0,100,0,-115,0,91,0,166,0,116,0,127,0,152,0,115,0,-155,0,126,0,-115,0,149,0,-119,0,144,0]"
CSI_DATA,8492,d8:b1:90:d9:de:f0,-40,9,-99,-37,42,104,610958361,119,0,106,0,"[-76,18,59,0,-89,18,138,0,-38,18,-154,0,31,19,-164,0,90,19,134,0,120,19,75,0,124,19,20,0,102,19,-38,19,73,19,-76,19,68,19,-89,19,103,19,-85,19,-163,19,-81,19,-68,19,-95,19,0,0,0,0,71,0,108,19,103,0,12,19,93,0,-72,18,47,0,-107,18,10,0,-79,18,-5,19,-1,18,9,0,93,19,49,0,163,19,103,0,-130,19,158,0,-132,19,-136,0,-159,19,-145,0,145,19,129,0]"
CSI_DATA,8493,d8:b1:90:d9:de:f0,-41,9,-99,-35,42,104,610958555,139,0,106,0,"[9,0,-64,17,-63,18,-90,17,-105,18,-51,17,-111,18,15,18,-94,18,72,18,-47,18,108,18,-2,18,116,18,61,0,99,18,92,0,79,18,105,0,77,18,101,0,105,18,85,0,-145,18,97,0,-62,18,0,0,0,0,-112,0,75,0,-22,0,101,0,58,1,90,0,100,1,52,0,67,1,11,0,-3,0,-8,18,-89,0,6,0,-151,0,37,0,125,0,88,0,133,0,141,0,-152,0,-143,0,-127,0,-151,0,-135,0]"
CSI_DATA,8494,d8:b1:90:d9:de:f0,-41,9,-99,-36,43,104,610958748,119,0,106,0,"[44,1,125,0,98,1,66,0,75,1,8,0,16,1,-17,16,-48,0,-12,16,-87,0,7,0,-113,0,49,0,-114,0,100,0,-99,0,142,0,-98,0,-139,0,-116,0,134,0,115,0,111,0,37,0,104,0,0,0,0,0,-107,16,-116,0,140,16,-31,0,140,16,44,1,-113,16,81,1,-62,16,68,1,-31,16,-2,0,-31,16,-83,0,-52,16,-141,0,-93,16,111,0,-142,16,109,0,111,16,126,0,121,16,-124,0,-112,16]"
CSI_DATA,8495,d8:b1:90:d9:de:f0,-41,9,-99,-34,42,104,610958906,139,0,106,0,"[-27,0,43,17,-61,0,-33,16,-133,0,-42,16,114,0,-1,16,90,0,65,17,93,0,112,17,125,0,-147,17,-134,0,-127,17,-89,0,-128,17,-79,0,-130,17,-104,0,-118,17,-149,0,-76,17,112,0,2,0,0,0,0,0,131,0,-135,0,-102,0,-65,0,-17,0,-42,0,32,1,-67,0,35,1,-124,0,-23,0,128,0,-104,0,97,0,133,0,97,0,84,0,129,0,71,0,-124,0,86,0,-89,0,121,0,-87,0,127,0]"
CSI_DATA,8496,d8:b1:90:d9:de:f0,-40,9,-99,-33,41,104,610959104,133,0,106,0,"[129,19,-20,18,72,19,-24,18,67,19,22,19,111,19,75,19,-161,19,110,19,-90,19,125,19,-22,19,125,19,49,0,102,19,103,0,89,19,136,0,86,19,137,0,124,19,123,0,-125,19,114,0,-29,19,0,0,0,0,164,0,159,0,-115,0,-84,0,-47,0,-27,0,-12,0,-18,0,-31,0,-57,0,-97,0,-106,0,147,0,-152,0,69,0,160,0,-7,19,164,0,-66,19,-133,0,-99,19,-98,0,-94,19,-82,0,-57,19]"
CSI_DATA,8497,d8:b1:90:d9:de:f0,-41,9,-99,-35,42,104,610959257,113,0,106,0,"[-86,0,11,18,-107,0,-42,17,-150,0,-33,17,133,0,23,18,121,0,85,18,130,0,151,18,-150,0,-108,18,-103,0,-55,18,-66,0,-17,18,-55,0,4,0,-83,0,26,0,-149,0,47,0,79,0,81,0,0,0,0,0,-53,18,-107,0,-96,18,-20,0,-106,18,59,1,-91,18,91,1,-72,18,63,1,-63,18,-8,0,-66,18,-100,0,-92,18,134,0,-130,18,80,0,130,18,52,0,81,18,44,0,75,18,59,0,121,18]"
CSI_DATA,8498,d8:b1:90:d9:de:f0,-40,9,-99,-37,42,104,610959510,133,0,106,0,"[51,1,-126,19,58,1,141,19,14,1,123,19,-45,0,142,19,-91,0,-134,19,-120,0,-72,19,-126,0,-2,19,-107,0,63,0,-88,0,114,0,-89,0,138,0,-128,0,138,0,134,0,120,0,41,0,111,0,0,0,0,0,-145,19,-155,0,108,19,-86,0,68,19,-9,0,71,19,27,1,111,19,9,1,152,19,-54,0,-145,19,-142,0,-139,19,106,0,-161,19,34,0,124,19,-10,19,81,19,-27,19,68,19,-12,19,110,19]"
CSI_DATA,8499,d8:b1:90:d9:de:f0,-41,9,-99,-35,42,104,610959654,113,0,106,0,"[44,0,-61,17,-9,18,-96,17,-48,18,-66,17,-50,18,-4,17,-30,18,57,18,13,0,106,18,68,0,128,18,129,0,140,18,-133,0,140,18,-116,0,148,18,-123,0,-135,18,150,0,-79,18,114,0,3,0,0,0,0,0,110,0,-130,0,151,0,-44,0,-103,0,11,1,-62,0,20,1,-68,0,-17,0,-112,0,-77,0,130,0,-129,0,57,0,-156,0,-7,18,152,0,-59,18,-132,0,-83,18,-94,0,-73,18,-75,0,-37,18]"
CSI_DATA,8500,d8:b1:90:d9:de:f0,-40,9,-99,-36,42,104,610984331,98,0,106,0,"[21,18,75,18,-45,17,124,18,-41,17,-132,18,15,18,-85,18,70,18,-73,18,114,18,-86,18,140,18,-120,18,139,18,156,18,135,18,123,18,137,18,120,18,-161,18,152,18,-104,18,-132,18,-21,18,-114,18,0,0,0,0,139,0,135,18,-132,0,52,18,-132,0,-25,17,147,0,-76,17,93,0,-64,17,47,0,3,18,39,0,90,18,64,0,-159,18,103,0,-122,18,153,0,-125,18,-137,0,-154,18,-153,0,137,18,109,0]"
CSI_DATA,8501,d8:b1:90:d9:de:f0,-40,9,-99,-34,41,104,611241302,120,0,106,0,"[-136,0,14,1,-74,0,10,1,-72,0,-32,0,-105,0,-86,0,169,0,-118,0,110,0,-133,0,46,0,-109,0,-6,20,-76,0,-48,20,-42,0,-62,20,-41,0,-65,20,-82,0,-76,20,-162,0,-108,20,77,0,0,0,0,0,101,20,-78,20,5,20,-114,20,-70,18,-112,20,-97,18,-82,20,-60,18,-56,20,21,20,-49,20,120,20,-62,20,-149,20,-109,20,-101,20,-154,20,-93,20,126,20,-105,20,85,20,-133,20,90,20,-128,20]"
CSI_DATA,8502,d8:b1:90:d9:de:f0,-40,9,-99,-36,42,104,611241442,113,0,106,0,"[-35,18,56,1,16,0,86,1,45,0,55,1,41,0,-1,0,17,0,-57,0,-25,18,-99,0,-81,18,-119,0,-140,18,-118,0,138,18,-109,0,128,18,-120,0,134,18,-153,0,-151,18,100,0,-128,18,12,0,0,0,0,0,-159,18,154,18,100,18,81,18,37,18,44,18,6,18,49,18,20,18,86,18,81,18,132,18,-159,18,-158,18,-85,18,-151,18,-23,18,152,18,12,0,104,18,16,0,61,18,-8,18,57,18,-30,18]"
CSI_DATA,8503,d8:b1:90:d9:de:f0,-40,11,-99,-34,41,104,611449702,277,0,106,0,"[14,1,-156,0,98,1,138,0,86,1,66,0,32,1,28,0,-36,0,18,0,-92,0,33,0,-140,0,80,0,-156,0,137,0,-158,0,-148,0,-161,0,-126,0,161,0,-146,0,113,0,156,0,16,0,118,0,0,0,0,0,161,20,126,0,84,20,-137,0,33,20,-49,0,44,20,17,1,93,20,21,1,161,20,-36,0,-125,20,-120,0,-114,20,141,0,-138,20,76,0,156,20,29,0,106,20,26,0,86,20,58,0,136,20]"
CSI_DATA,8504,d8:b1:90:d9:de:f0,-39,9,-99,-36,41,104,611450183,224,0,106,0,"[25,1,-152,21,39,1,117,21,-11,0,69,21,-83,0,74,21,-144,0,118,21,-172,0,166,21,-169,0,-144,21,-134,0,-96,21,-87,0,-66,21,-73,0,-59,21,-101,0,-39,21,-158,0,-18,21,127,0,42,0,0,0,0,0,74,0,-156,0,100,0,-33,0,179,0,35,1,-110,0,46,1,-77,0,-2,0,-96,0,-88,0,-162,0,-162,0,122,0,166,0,66,0,163,0,18,0,-165,0,1,0,-118,0,25,0,-100,0,52,0]"
CSI_DATA,8505,d8:b1:90:d9:de:f0,-40,9,-99,-37,42,104,611450355,352,0,106,0,"[-31,18,-164,19,-90,18,-142,19,-84,18,-107,19,-28,18,-80,19,27,19,-86,19,97,19,-102,19,152,19,-139,19,-130,19,141,19,-88,19,93,19,-49,19,75,19,-20,19,99,19,18,0,155,19,62,0,-97,19,0,0,0,0,-115,0,29,0,-14,0,82,0,71,1,93,0,120,1,84,0,95,1,67,0,24,1,58,0,-62,0,54,0,-151,0,77,0,115,0,116,0,73,0,163,0,57,0,-115,0,55,0,-101,0,58,0]"
CSI_DATA,8506,d8:b1:90:d9:de:f0,-41,9,-99,-35,42,104,611450553,133,0,106,0,"[-31,17,-134,18,-88,17,-110,18,-79,17,-77,18,-31,17,-59,18,28,18,-59,18,84,18,-73,18,127,18,-114,18,-141,18,144,18,-108,18,105,18,-78,18,80,18,-44,18,95,18,-8,18,146,18,50,0,-101,18,0,0,0,0,-108,0,4,0,-9,0,14,0,74,1,18,0,116,1,2,0,91,1,-23,18,24,1,-25,18,-55,0,-4,18,-132,0,26,0,128,0,78,0,106,0,135,0,107,0,-132,0,113,0,-121,0,106,0]"
CSI_DATA,8507,d8:b1:90:d9:de:f0,-40,9,-99,-33,41,104,611450661,133,0,106,0,"[34,1,164,19,57,1,102,19,22,1,77,19,-34,0,103,19,-82,0,149,19,-107,0,-126,19,-116,0,-67,19,-103,0,2,0,-88,0,64,0,-89,0,95,0,-124,0,108,0,143,0,110,0,49,0,111,0,0,0,0,0,-142,19,164,0,102,19,-86,0,60,19,-14,0,58,19,32,1,88,19,34,1,137,19,-25,0,-154,19,-114,0,-143,19,134,0,-149,19,64,0,149,19,6,0,112,19,-25,19,93,19,-19,19,129,19]"
CSI_DATA,8508,d8:b1:90:d9:de:f0,-40,9,-99,-36,42,104,611450813,113,0,106,0,"[-35,0,-73,0,36,1,-85,0,41,1,-127,0,-1,0,148,0,-57,0,119,0,-123,0,127,0,143,0,149,0,89,0,-135,0,51,0,-89,0,27,0,-70,0,10,0,-94,0,-12,18,-152,0,-55,18,88,0,0,0,0,0,120,18,-37,18,11,18,-70,18,-69,17,-57,18,-113,17,-26,18,-95,17,0,0,-17,17,13,0,74,18,-1,18,149,18,-33,18,-119,18,-78,18,-101,18,-134,18,-104,18,133,18,-115,18,117,18,-119,18]"
CSI_DATA,8509,d8:b1:90:d9:de:f0,-40,9,-99,-34,41,104,611450949,113,0,106,0,"[-64,18,9,0,-106,18,72,0,-85,18,114,0,-17,18,121,0,48,20,98,0,101,20,45,0,125,20,-13,20,126,20,-80,20,122,20,-140,20,128,20,-165,20,156,20,-161,20,-125,20,-137,20,-30,20,-109,20,0,0,0,0,-164,0,-125,20,-60,0,144,20,-17,0,70,20,-10,0,10,20,-49,0,-1,18,-108,0,53,20,-168,0,133,20,140,0,-116,20,145,0,-44,20,-154,0,14,0,-106,0,42,0,-94,0,36,0,-128,0]"
CSI_DATA,8510,d8:b1:90:d9:de:f0,-40,9,-99,-34,41,104,611495735,130,0,106,0,"[-74,18,1,0,-106,18,58,0,-68,18,90,0,2,20,82,0,66,20,57,0,113,20,5,0,138,20,-58,20,148,20,-129,20,136,20,156,20,148,20,132,20,-156,20,132,20,-93,20,166,20,5,0,-140,20,0,0,0,0,-160,0,-146,20,-64,0,122,20,-14,0,50,20,-8,0,10,20,-58,0,22,20,-122,0,81,20,168,0,-169,20,146,0,-88,20,154,0,-8,20,-142,0,48,0,-101,0,73,0,-81,0,57,0,-114,0]"
CSI_DATA,8511,d8:b1:90:d9:de:f0,-43,11,-99,-36,45,104,611503635,100,0,228,0,"[-11,16,-15,17,-18,18,-20,17,-22,16,-22,15,-21,13,110,65,-18,10,-16,9,-14,8,-12,8,-10,9,-8,10,-7,10,-5,12,-4,14,-2,16,-2,16,-1,17,0,16,31,-52,0,15,0,13,1,10,3,8,5,6,7,3,0,0,13,0,16,0,18,0,22,0,24,0,27,1,69,0,28,4,27,5,25,5,23,6,20,6,16,4,14,2,11,0,9,0,8,-2,8,-5,8,-7,8,-8,90,0,9,-11,10,-12,11,-11,11,-10,11,-8,8,-6,6,-4,-8,-7,-10,0,-5,9,3,9,9,2,8,-7,0,-11,-31,5,-13,4,-6,14,7,16,17,8,19,-8,8,-21,-8,-22,-23,-11,-24,8,-12,23,8,24,22,11,21,-7,8,-2,-8,-16,-16,-3,-11,9,0,14,12,8,14,-4,0,0,-6,-14,-16,-6,-15,7,-4,15,6,13,12,3,37,-1,0,-8,-6,-1,-4,6,4,8,12,2,11,-8,2,-16,-10,-15,-19,-4,-17,10,-7,19,8,19,19,9,28,-16,10,-16,-3,-17,-13,-8,-12,3,-3,9,5,7,8,0]"
CSI_DATA,8512,d8:b1:90:d9:de:f0,-40,9,-99,-36,42,104,611505181,98,0,106,0,"[-118,18,60,1,-76,18,94,1,-37,18,67,1,-21,18,7,1,-37,18,-60,0,-75,18,-119,0,-117,18,-161,0,140,18,134,0,89,18,117,0,71,18,93,0,101,18,73,0,153,18,17,0,-108,18,-56,18,0,0,0,0,-50,18,94,18,-59,18,-11,17,-100,18,-85,17,-135,18,-93,17,-138,18,-46,17,-115,18,28,18,-61,18,110,18,5,0,-156,18,78,0,-124,18,135,0,-129,18,-140,0,-152,18,-138,0,146,18,132,0]"
CSI_DATA,8513,d8:b1:90:d9:de:f0,-41,11,-99,-35,42,104,612076398,277,0,106,0,"[-72,0,1,1,2,1,-15,0,17,1,-75,0,-20,0,-136,0,-77,0,138,0,-140,0,125,0,113,0,143,0,68,0,-135,0,22,0,-105,0,-6,18,-96,0,-14,18,-121,0,-42,18,138,0,-88,18,66,0,0,0,0,0,78,18,-29,18,-14,17,-37,18,-89,17,-11,18,-118,17,35,0,-77,17,66,0,3,18,66,0,99,18,41,0,-145,18,-14,18,-105,18,-70,18,-97,18,-130,18,-118,18,130,18,-139,18,130,18,-140,18]"
CSI_DATA,8514,d8:b1:90:d9:de:f0,-40,9,-99,-36,42,104,612076861,98,0,106,0,"[-91,18,85,1,-12,18,134,1,54,0,100,1,83,0,21,1,75,0,-42,0,42,0,-100,0,-5,18,-132,0,-67,18,-139,0,-120,18,-135,0,-142,18,-144,0,-137,18,151,0,-119,18,91,0,-114,18,11,0,0,0,0,0,130,18,-152,18,41,18,117,18,-44,17,112,18,-95,17,148,18,-75,17,-110,18,-1,17,-62,18,95,18,-46,18,-137,18,-69,18,-76,18,-107,18,-54,18,156,18,-59,18,101,18,-93,18,98,18,-103,18]"
CSI_DATA,8515,d8:b1:90:d9:de:f0,-40,9,-99,-36,42,104,612076984,119,0,106,0,"[-40,17,134,18,-110,17,-132,18,-98,17,-64,18,-33,17,-12,18,41,18,-1,18,95,18,-20,18,139,18,-56,18,-159,18,-108,18,-149,18,-161,18,-146,18,144,18,-117,18,154,18,-67,18,-142,18,10,0,-118,18,0,0,0,0,-149,0,151,18,-76,0,79,18,-61,0,-1,17,-94,0,-49,17,-152,0,-47,17,112,0,25,18,79,0,115,18,94,0,-120,18,127,0,-66,18,-147,0,-35,18,-100,0,-31,18,-80,0,-61,18,-129,0]"
CSI_DATA,8516,d8:b1:90:d9:de:f0,-41,9,-99,-35,42,104,612077151,139,0,106,0,"[-62,17,-110,18,-111,17,-75,18,-89,17,-42,18,-22,17,-31,18,48,18,-37,18,116,18,-66,18,-136,18,-102,18,-89,18,152,18,-42,18,101,18,-11,18,85,18,17,0,110,18,44,0,-143,18,89,0,-67,18,0,0,0,0,-94,0,75,0,-7,0,127,0,62,1,140,0,94,1,129,0,66,1,103,0,-17,0,83,0,-116,0,74,0,97,0,92,0,29,0,123,0,-26,18,-146,0,-59,18,-100,0,-55,18,-75,0,-29,18]"
CSI_DATA,8517,d8:b1:90:d9:de:f0,-40,9,-99,-37,42,104,612077268,119,0,106,0,"[-62,19,84,1,-12,19,123,1,23,0,93,1,28,0,23,1,7,0,-53,0,-32,19,-116,0,-88,19,164,0,-152,19,124,0,115,19,89,0,93,19,64,0,115,19,28,0,-152,19,-12,19,-79,19,-68,19,0,0,0,0,24,0,89,19,60,0,-14,18,44,0,-101,18,28,0,-126,18,12,0,-81,18,3,0,7,19,24,0,112,19,64,0,-124,19,119,0,-59,19,-145,0,-16,19,-93,0,-5,19,-67,0,-19,19,-112,0]"
CSI_DATA,8518,d8:b1:90:d9:de:f0,-40,9,-99,-35,41,104,612077408,139,0,106,0,"[-46,19,170,20,-118,19,-102,20,-101,19,-23,20,-32,19,26,0,42,20,37,0,104,20,10,0,139,20,-30,20,148,20,-82,20,146,20,-130,20,150,20,-155,20,-172,20,-152,20,-113,20,-135,20,-28,20,-127,20,0,0,0,0,101,0,111,20,146,0,16,20,130,0,-80,19,74,0,-122,19,10,0,-89,19,-24,20,-1,19,-15,20,102,20,21,0,-167,20,82,0,-124,20,144,0,-126,20,-163,0,-161,20,-171,0,157,20,133,0]"
CSI_DATA,8519,d8:b1:90:d9:de:f0,-40,9,-99,-37,42,104,612077542,98,0,106,0,"[-159,0,-49,18,134,0,-102,18,82,0,-88,18,63,0,-18,18,58,0,57,19,77,0,130,19,112,0,-142,19,-160,0,-93,19,-106,0,-51,19,-86,0,-20,19,-111,0,2,0,154,0,34,0,75,0,82,0,0,0,0,0,-49,19,-91,0,-76,19,14,1,-84,19,91,1,-50,19,125,1,-22,19,89,1,-11,19,-1,0,-27,19,-112,0,-67,19,125,0,-115,19,62,0,147,19,23,0,90,19,16,0,73,19,38,0,121,19]"
CSI_DATA,8520,d8:b1:90:d9:de:f0,-39,9,-99,-34,40,104,612109930,124,0,106,0,"[-31,22,-103,20,-131,22,-127,20,-181,22,-64,20,-182,22,34,22,-140,22,101,22,-80,22,142,22,-11,22,152,22,55,0,130,22,106,0,95,22,113,0,92,22,113,0,136,22,106,0,-161,22,133,0,-47,22,0,0,0,0,-106,0,89,0,10,1,116,0,107,1,85,0,137,1,29,0,77,1,-13,22,-23,0,-26,22,-131,0,1,0,178,0,55,0,137,0,118,0,140,0,185,0,166,0,-155,0,-184,0,-161,0,185,0]"
CSI_DATA,8521,d8:b1:90:d9:de:f0,-39,9,-99,-36,41,104,612114511,119,0,106,0,"[32,0,-100,19,-26,21,-138,19,-55,21,-93,19,-57,21,-21,19,-24,21,70,21,32,0,129,21,100,0,168,21,176,0,-170,21,-122,0,-156,21,-100,0,-145,21,-129,0,-96,21,166,0,-29,21,97,0,64,0,0,0,0,0,60,0,-103,0,60,0,26,1,118,0,111,1,144,0,113,1,145,0,56,1,113,0,-33,0,43,0,-125,0,-28,21,168,0,-103,21,135,0,-180,21,135,0,138,21,149,0,132,21,166,0,-179,21]"
CSI_DATA,8522,d8:b1:90:d9:de:f0,-40,9,-99,-33,41,104,612114759,139,0,106,0,"[79,0,95,1,151,0,114,1,-152,0,58,1,164,0,-14,0,110,0,-85,0,47,0,-121,0,-23,19,-133,0,-94,19,-130,0,-150,19,-117,0,160,19,-125,0,-156,19,-164,0,-133,19,86,0,-112,19,-12,19,0,0,0,0,-156,19,119,19,110,19,36,19,40,19,-5,18,5,19,10,19,23,19,55,19,93,19,116,19,-149,19,-164,19,-60,19,-149,19,14,0,-159,19,69,0,139,19,102,0,107,19,91,0,90,19,58,0]"
CSI_DATA,8523,d8:b1:90:d9:de:f0,-40,9,-99,-35,42,104,612114912,119,0,106,0,"[-13,17,-70,0,9,18,-4,0,66,18,-2,0,121,18,-45,0,-152,18,-113,0,-156,18,132,0,140,18,66,0,105,18,14,0,67,18,-23,18,62,18,-41,18,107,18,-50,18,-133,18,-63,18,-44,18,-99,18,0,0,0,0,91,0,86,18,117,0,-8,17,111,0,-88,17,77,0,-106,17,55,0,-63,17,44,0,15,18,50,0,112,18,79,0,-128,18,130,0,-73,18,-132,0,-53,18,-89,0,-53,18,-80,0,-66,18,-129,0]"
CSI_DATA,8524,d8:b1:90:d9:de:f0,-40,9,-99,-37,42,104,612115061,139,0,106,0,"[-79,0,6,19,-119,0,-58,18,152,0,-47,18,112,0,9,19,99,0,93,19,119,0,158,19,159,0,-112,19,-120,0,-73,19,-63,0,-51,19,-54,0,-34,19,-91,0,-20,19,-163,0,19,0,95,0,80,0,0,0,0,0,10,0,-86,0,15,0,22,1,50,0,98,1,91,0,103,1,101,0,51,1,81,0,-29,0,32,0,-119,0,-27,19,154,0,-101,19,123,0,-161,19,126,0,129,19,151,0,132,19,-155,0,-147,19]"
CSI_DATA,8525,d8:b1:90:d9:de:f0,-41,9,-99,-35,42,104,612115277,133,0,106,0,"[-39,17,141,18,-94,17,-123,18,-70,17,-67,18,-4,17,-37,18,72,18,-44,18,124,18,-69,18,-141,18,-118,18,-118,18,140,18,-113,18,89,18,-108,18,75,18,-81,18,102,18,-34,18,-156,18,46,0,-105,18,0,0,0,0,-91,0,-85,18,1,1,-128,18,44,1,122,18,36,1,85,18,-12,0,81,18,-85,0,133,18,-149,0,-107,18,139,0,-35,18,146,0,34,0,-139,0,86,0,-101,0,110,0,-78,0,91,0,-116,0]"
CSI_DATA,8526,d8:b1:90:d9:de:f0,-40,9,-99,-36,42,104,612115519,113,0,106,0,"[47,18,-15,0,86,18,47,1,148,18,42,1,-125,18,-16,0,-108,18,-78,0,-120,18,-144,0,-151,18,129,0,114,18,98,0,73,18,80,0,62,18,64,0,93,18,42,0,152,18,1,0,-109,18,-66,18,0,0,0,0,-81,18,86,18,-110,18,-7,17,-161,18,-60,17,117,18,-65,17,114,18,-10,17,152,18,64,18,-105,18,128,18,-32,18,-159,18,36,0,-154,18,84,0,139,18,101,0,101,18,91,0,86,18,55,0]"
CSI_DATA,8527,d8:b1:90:d9:de:f0,-39,9,-99,-35,41,104,612115673,133,0,106,0,"[-86,19,69,0,-105,19,145,0,-52,19,-164,0,28,20,174,0,97,20,134,0,126,20,75,0,130,20,15,0,108,20,-43,20,78,20,-91,20,74,20,-104,20,118,20,-107,20,-161,20,-108,20,-54,20,-126,20,0,0,0,0,61,0,94,20,96,0,-13,19,67,0,-97,19,26,0,-115,19,-4,20,-75,19,-13,20,10,20,12,0,116,20,61,0,-168,20,113,0,-133,20,-175,0,-134,20,-135,0,-153,20,-139,0,174,20,159,0]"
CSI_DATA,8528,d8:b1:90:d9:de:f0,-40,9,-99,-37,42,104,612115835,113,0,106,0,"[86,1,47,0,117,1,-24,19,71,1,-89,19,-12,0,-91,19,-81,0,-71,19,-125,0,-24,19,-137,0,31,0,-123,0,94,0,-102,0,141,0,-101,0,149,0,-130,0,129,0,128,0,110,0,42,0,116,0,0,0,0,0,-110,19,-99,0,-141,19,0,1,-132,19,75,1,-81,19,110,1,-31,19,72,1,-5,19,-18,0,-19,19,-117,0,-63,19,139,0,-119,19,99,0,158,19,101,0,112,19,125,0,124,19,163,0,-151,19]"
CSI_DATA,8529,d8:b1:90:d9:de:f0,-38,9,-99,-35,40,104,612180554,101,0,106,0,"[47,1,130,0,106,1,55,0,87,1,-16,23,16,1,-55,23,-55,0,-55,23,-101,0,-24,23,-129,0,24,0,-118,0,78,0,-86,0,127,0,-69,0,144,0,-100,0,135,0,-164,0,126,0,130,0,127,0,0,0,0,0,6,0,-153,0,-16,23,-35,0,21,0,64,1,75,0,101,1,113,0,63,1,127,0,-20,0,87,0,-112,0,33,0,-164,0,-23,23,-177,0,-75,23,-149,0,-89,23,-106,0,-61,23,-72,0,-7,23]"
CSI_DATA,8530,d8:b1:90:d9:de:f0,-39,9,-99,-36,41,104,612214579,98,0,106,0,"[-76,19,7,0,-114,19,84,0,-74,19,134,0,-1,19,142,0,66,21,111,0,108,21,60,0,127,21,-1,21,110,21,-64,21,88,21,-121,21,79,21,-144,21,107,21,-138,21,176,21,-121,21,-80,21,-111,21,0,0,0,0,90,0,165,21,158,0,62,21,169,0,-42,19,144,0,-94,19,94,0,-83,19,59,0,-2,19,49,0,94,21,77,0,-176,21,122,0,-125,21,-176,0,-107,21,-127,0,-121,21,-120,0,-152,21,-173,0]"
CSI_DATA,8531,d8:b1:90:d9:de:f0,-40,9,-99,-35,41,104,612258994,130,0,106,0,"[28,20,-46,0,52,20,23,1,111,20,23,1,157,20,-31,0,-170,20,-96,0,-171,20,-163,0,149,20,138,0,105,20,97,0,65,20,71,0,67,20,48,0,98,20,16,0,172,20,-23,20,-93,20,-90,20,0,0,0,0,-27,20,91,20,-32,20,-17,19,-71,20,-91,19,-107,20,-105,19,-124,20,-59,19,-102,20,34,20,-53,20,119,20,15,0,-175,20,80,0,-148,20,144,0,-160,20,-174,0,164,20,168,0,144,20,123,0]"
CSI_DATA,8532,d8:b1:90:d9:de:f0,-40,9,-99,-36,42,104,612294599,98,0,106,0,"[-23,17,96,18,-94,17,154,18,-91,17,-90,18,-31,17,-42,18,39,18,-33,18,96,18,-50,18,128,18,-96,18,139,18,-147,18,133,18,133,18,140,18,123,18,-156,18,148,18,-96,18,-142,18,-11,18,-120,18,0,0,0,0,153,0,149,18,-112,0,71,18,-96,0,-7,17,-124,0,-49,17,149,0,-31,17,105,0,37,18,86,0,122,18,98,0,-128,18,132,0,-79,18,-138,0,-62,18,-95,0,-78,18,-98,0,-105,18,-151,0]"
CSI_DATA,8533,d8:b1:90:d9:de:f0,-39,9,-99,-37,41,104,612310714,108,0,106,0,"[78,1,-126,21,101,1,174,21,52,1,151,21,-14,0,181,21,-71,0,-143,21,-109,0,-71,21,-123,0,-4,21,-109,0,74,0,-104,0,139,0,-116,0,173,0,-164,0,171,0,126,0,151,0,20,0,129,0,0,0,0,0,184,21,167,0,88,21,-155,0,29,21,-90,0,13,21,-55,0,47,21,-69,0,106,21,-135,0,158,21,152,0,-183,21,69,0,-180,21,-10,21,165,21,-75,21,130,21,-113,21,116,21,-110,21,148,21]"
CSI_DATA,8534,d8:b1:90:d9:de:f0,-38,11,-99,-37,40,104,612503825,100,0,114,0,"[-14,39,-19,42,-21,44,-22,44,-26,47,-26,44,-26,42,-24,40,-21,39,-21,37,-19,37,-19,37,-19,39,-17,39,-19,42,-16,44,-16,45,-17,47,-16,48,-14,48,-14,52,-13,53,-11,53,-9,53,-9,52,-8,50,-8,50,-6,48,0,0,-4,48,-3,48,-3,50,-1,52,-1,52,0,52,1,52,1,52,4,48,4,48,4,47,6,45,8,44,8,40,9,39,9,37,9,35,11,35,11,37,13,37,14,39,14,40,16,40,14,42,14,40,13,40,9,39,8,37]"
CSI_DATA,8535,d8:b1:90:d9:de:f0,-39,11,-99,-36,41,104,612703094,277,0,106,0,"[50,0,72,1,122,0,103,1,156,0,59,1,134,0,-12,0,96,0,-74,0,39,0,-121,0,-26,21,-138,0,-103,21,-129,0,-163,21,-125,0,176,21,-134,0,-165,21,-172,0,-128,21,117,0,-103,21,2,0,0,0,0,0,-120,21,129,21,170,21,32,21,110,21,-29,19,49,21,-32,19,48,21,22,21,104,21,98,21,-166,21,163,21,-69,21,-165,21,9,0,-165,21,72,0,168,21,110,0,124,21,90,0,111,21,45,0]"
CSI_DATA,8536,d8:b1:90:d9:de:f0,-39,9,-99,-35,41,104,612703557,98,0,106,0,"[53,20,-35,0,76,20,38,1,145,20,43,1,-153,20,-6,0,-131,20,-75,0,-138,20,-134,0,-159,20,157,0,138,20,120,0,83,20,89,0,79,20,74,0,122,20,57,0,-153,20,6,0,-78,20,-59,20,0,0,0,0,9,0,96,20,2,0,-23,19,-49,20,-113,19,-107,20,-137,19,-134,20,-83,19,-116,20,8,20,-71,20,98,20,-4,20,155,20,59,0,-160,20,113,0,-163,20,153,0,167,20,146,0,144,20,96,0]"
CSI_DATA,8537,d8:b1:90:d9:de:f0,-39,9,-99,-38,41,104,612703671,133,0,106,0,"[-113,22,53,1,-52,22,113,1,8,0,86,1,20,0,14,1,4,0,-65,0,-31,22,-121,0,-91,22,-154,0,-157,22,-161,0,163,22,-163,0,149,22,-163,0,167,22,178,0,-163,22,101,0,-115,22,-2,22,0,0,0,0,-148,22,166,22,166,22,52,22,77,22,-2,20,26,22,7,22,22,22,70,22,85,22,145,22,179,22,-181,22,-109,22,-164,22,-32,22,-179,22,17,0,158,22,37,0,109,22,5,0,94,22,-19,22]"
CSI_DATA,8538,d8:b1:90:d9:de:f0,-40,9,-99,-35,41,104,612703815,133,0,106,0,"[-32,0,-79,0,46,1,-111,0,46,1,-171,0,-5,0,124,0,-74,0,107,0,-134,0,120,0,163,0,150,0,127,0,-137,0,115,0,-89,0,104,0,-79,0,79,0,-115,0,35,0,172,0,-43,20,105,0,0,0,0,0,108,20,52,0,-2,19,91,0,-71,19,156,0,-83,19,-137,0,-26,19,-116,0,59,20,-149,0,135,20,126,0,-174,20,57,0,-168,20,-13,20,160,20,-68,20,118,20,-98,20,100,20,-72,20,142,20]"
CSI_DATA,8539,d8:b1:90:d9:de:f0,-39,9,-99,-34,40,104,612703923,113,0,106,0,"[-71,20,76,0,-100,20,161,0,-49,20,-176,0,35,22,187,0,97,22,154,0,128,22,94,0,136,22,29,0,110,22,-32,22,82,22,-83,22,77,22,-92,22,115,22,-91,22,-179,22,-86,22,-58,22,-100,22,0,0,0,0,103,0,131,22,148,0,8,22,142,0,-88,20,92,0,-137,20,35,0,-101,20,5,0,-1,20,20,0,113,22,65,0,-185,22,116,0,-139,22,187,0,-130,22,-149,0,-152,22,-157,0,-185,22,163,0]"
CSI_DATA,8540,d8:b1:90:d9:de:f0,-40,9,-99,-35,41,104,612704086,113,0,106,0,"[43,1,-144,20,46,1,116,20,-15,0,85,20,-78,0,100,20,-129,0,152,20,-146,0,-141,20,-141,0,-82,20,-102,0,-35,20,-63,0,2,0,-59,0,9,0,-101,0,9,0,168,0,28,0,83,0,74,0,0,0,0,0,-20,20,-101,0,-23,20,10,1,28,0,104,1,85,0,123,1,124,0,67,1,116,0,-19,0,79,0,-105,0,10,0,-168,0,-56,20,160,0,-107,20,174,0,-138,20,-139,0,-120,20,-116,0,-74,20]"
CSI_DATA,8541,d8:b1:90:d9:de:f0,-39,9,-99,-34,40,104,612765613,98,0,106,0,"[-109,22,74,1,-53,22,128,1,1,0,95,1,7,0,13,1,-16,22,-61,0,-52,22,-119,0,-118,22,-161,0,-187,22,-179,0,134,22,-191,0,115,22,175,0,139,22,136,0,182,22,58,0,-136,22,-43,22,0,0,0,0,-130,22,140,22,-172,22,32,22,149,22,-35,20,107,22,-40,20,122,22,5,22,176,22,83,22,-130,22,157,22,-40,22,-191,22,29,0,-187,22,95,0,167,22,130,0,133,22,113,0,113,22,79,0]"
CSI_DATA,8542,d8:b1:90:d9:de:f0,-40,11,-99,-35,41,104,613120892,277,0,106,0,"[134,20,4,1,156,20,65,1,-153,20,61,1,-122,20,5,1,-111,20,-60,0,-127,20,-129,0,-159,20,168,0,141,20,131,0,87,20,91,0,72,20,68,0,90,20,35,0,153,20,-1,20,-113,20,-57,20,0,0,0,0,-26,20,124,20,-10,20,6,20,-38,20,-74,19,-64,20,-108,19,-85,20,-76,19,-75,20,2,20,-35,20,97,20,23,0,167,20,83,0,-149,20,152,0,-148,20,-152,0,-166,20,-152,0,164,20,149,0]"
CSI_DATA,8543,d8:b1:90:d9:de:f0,-40,9,-99,-36,42,104,613121390,341,0,106,0,"[37,1,-144,18,42,1,96,18,-8,0,69,18,-70,0,89,18,-117,0,137,18,-138,0,-125,18,-132,0,-67,18,-96,0,-10,18,-64,0,27,0,-52,0,40,0,-83,0,40,0,-149,0,45,0,85,0,73,0,0,0,0,0,-49,18,-112,0,-71,18,-8,0,-57,18,78,1,-10,18,118,1,31,0,85,1,45,0,-3,0,20,0,-98,0,-27,18,153,0,-93,18,114,0,-151,18,119,0,129,18,151,0,139,18,-132,0,-124,18]"
CSI_DATA,8544,d8:b1:90:d9:de:f0,-40,9,-99,-34,41,104,613121575,321,0,106,0,"[-114,0,8,20,-142,0,-57,18,142,0,-57,18,102,0,-8,18,81,0,58,20,96,0,114,20,130,0,156,20,-148,0,-153,20,-92,0,-138,20,-74,0,-137,20,-94,0,-114,20,-146,0,-64,20,138,0,6,0,0,0,0,0,121,0,-165,0,162,0,-54,0,-102,0,5,1,-56,0,1,1,-49,0,-53,0,-90,0,-116,0,-165,0,-164,0,93,0,157,0,24,0,164,0,-16,20,-134,0,-34,20,-85,0,-8,20,-61,0,29,0]"
CSI_DATA,8545,d8:b1:90:d9:de:f0,-40,9,-99,-36,42,104,613330262,119,0,106,0,"[-62,17,-52,18,-100,17,-10,18,-71,17,22,0,-11,17,30,0,54,18,2,0,101,18,-35,18,135,18,-93,18,156,18,-158,18,-154,18,104,18,-138,18,85,18,-117,18,105,18,-60,18,152,18,16,0,-113,18,0,0,0,0,-120,0,-45,18,-17,0,-57,18,54,1,-95,18,76,1,-129,18,39,1,-134,18,-26,0,-105,18,-107,0,-51,18,159,0,15,0,134,0,83,0,142,0,146,0,-152,0,-129,0,-130,0,-133,0,-140,0]"
CSI_DATA,8546,d8:b1:90:d9:de:f0,-41,9,-99,-34,42,104,613330402,139,0,106,0,"[33,17,57,17,-22,16,71,17,-22,16,106,17,29,17,144,17,84,17,-135,17,146,17,-137,17,-110,17,136,17,-57,17,95,17,-14,17,55,17,-1,17,47,17,16,0,72,17,34,0,133,17,64,0,-90,17,0,0,0,0,-118,0,47,0,-24,0,93,0,49,1,92,0,90,1,73,0,68,1,48,0,-5,0,33,0,-96,0,47,0,129,0,80,0,82,0,122,0,62,0,-121,0,66,0,-74,0,93,0,-70,0,101,0]"
CSI_DATA,8547,d8:b1:90:d9:de:f0,-41,9,-99,-35,42,104,613330564,119,0,106,0,"[-90,0,-13,0,-29,0,-15,0,-33,0,-51,0,-69,0,-94,0,-129,0,-121,0,132,0,-132,0,64,0,-116,0,13,0,-77,0,-31,18,-46,0,-50,18,-33,0,-70,18,-73,0,-75,18,-134,0,-89,18,90,0,0,0,0,0,121,18,-55,18,31,18,-110,18,-39,17,-124,18,-75,17,-116,18,-56,17,-84,18,13,18,-63,18,102,18,-69,18,-129,18,-92,18,-84,18,-138,18,-50,18,114,18,-55,18,64,18,-85,18,58,18,-92,18]"
CSI_DATA,8548,d8:b1:90:d9:de:f0,-41,9,-99,-34,42,104,613330704,139,0,106,0,"[9,0,64,1,74,0,91,1,104,0,58,1,103,0,-2,0,73,0,-61,0,21,0,-93,0,-38,17,-115,0,-98,17,-110,0,-146,17,-95,0,137,17,-93,0,148,17,-122,0,-123,17,124,0,-101,17,32,0,0,0,0,0,-121,17,-146,17,117,17,74,17,43,17,26,17,-2,16,29,17,4,17,73,17,64,17,129,17,144,17,-135,17,-83,17,-124,17,-14,17,-144,17,28,0,111,17,38,0,62,17,14,0,43,17,-24,17]"
CSI_DATA,8549,d8:b1:90:d9:de:f0,-41,9,-99,-35,42,104,613330875,441,0,106,0,"[-85,0,-17,0,-22,0,-22,0,-12,0,-66,0,-52,0,-116,0,-110,0,-148,0,149,0,-149,0,94,0,-127,0,42,0,-88,0,9,0,-45,0,-3,18,-33,0,-15,18,-64,0,-26,18,-122,0,-73,18,111,0,0,0,0,0,113,18,-12,18,14,18,-29,18,-66,17,-17,18,-94,17,12,0,-66,17,34,0,9,18,34,0,95,18,4,0,152,18,-46,18,-123,18,-97,18,-124,18,154,18,-151,18,110,18,132,18,116,18,138,18]"
CSI_DATA,8550,d8:b1:90:d9:de:f0,-40,9,-99,-34,41,104,613331137,421,0,106,0,"[14,20,94,20,-46,18,129,20,-46,18,-160,20,6,20,-116,20,70,20,-102,20,130,20,-121,20,-162,20,-161,20,-138,20,122,20,-118,20,66,20,-108,20,54,20,-98,20,80,20,-54,20,136,20,17,0,-142,20,0,0,0,0,-142,0,-84,20,-38,0,-114,20,28,1,169,20,38,1,117,20,-5,0,106,20,-68,0,149,20,-140,0,-132,20,-166,0,-48,20,-168,0,24,0,-129,0,72,0,-77,0,92,0,-56,0,72,0,-94,0]"
CSI_DATA,8551,d8:b1:90:d9:de:f0,-41,9,-99,-35,42,104,613331367,130,0,106,0,"[-41,18,58,1,24,0,94,1,68,0,62,1,78,0,0,1,57,0,-52,0,22,0,-95,0,-31,18,-112,0,-91,18,-95,0,-129,18,-78,0,-149,18,-77,0,-140,18,-103,0,-119,18,146,0,-112,18,68,0,0,0,0,0,133,18,-92,18,50,18,-139,18,-31,17,-156,18,-73,17,-129,18,-53,17,-88,18,13,18,-58,18,97,18,-55,18,-143,18,-75,18,-97,18,-123,18,-90,18,134,18,-113,18,86,18,-151,18,94,18,-156,18]"
CSI_DATA,8552,d8:b1:90:d9:de:f0,-41,9,-99,-33,42,104,613331502,113,0,106,0,"[-77,17,-46,16,145,17,-62,16,114,17,-18,16,125,17,43,17,-137,17,86,17,-92,17,107,17,-40,17,102,17,2,0,78,17,31,0,50,17,42,0,41,17,42,0,61,17,46,0,115,17,66,0,-99,17,0,0,0,0,-103,0,8,0,-11,0,16,0,58,1,-6,17,91,1,-49,17,56,1,-80,17,-18,0,-76,17,-95,0,-45,17,-143,0,5,0,136,0,61,0,-140,0,112,0,-99,0,133,0,-70,0,116,0,-94,0]"
CSI_DATA,8553,d8:b1:90:d9:de:f0,-40,9,-99,-35,41,104,613391490,119,0,106,0,"[68,20,-64,0,89,20,8,1,131,20,20,1,-167,20,-21,0,-138,20,-78,0,-150,20,-141,0,170,20,170,0,123,20,139,0,72,20,120,0,56,20,108,0,86,20,91,0,137,20,48,0,-141,20,-24,20,0,0,0,0,-86,20,163,20,-108,20,43,20,-167,20,-24,19,130,20,-41,19,116,20,-6,19,142,20,67,20,-141,20,134,20,-64,20,163,20,-1,20,166,20,46,0,129,20,64,0,79,20,42,0,64,20,-1,20]"
CSI_DATA,8554,d8:b1:90:d9:de:f0,-40,9,-99,-36,42,104,613391666,139,0,106,0,"[20,1,-132,18,28,1,115,18,-12,0,84,18,-65,0,100,18,-108,0,139,18,-122,0,-135,18,-117,0,-83,18,-90,0,-47,18,-54,0,-13,18,-39,0,-7,18,-66,0,1,0,-130,0,17,0,114,0,52,0,0,0,0,0,22,0,-125,0,17,0,-27,0,55,0,51,1,99,0,83,1,127,0,47,1,113,0,-25,0,78,0,-100,0,20,0,-147,0,-35,18,-158,0,-84,18,-133,0,-107,18,-96,0,-88,18,-73,0,-41,18]"
CSI_DATA,8555,d8:b1:90:d9:de:f0,-40,9,-99,-35,41,104,613391828,119,0,106,0,"[-41,19,46,0,-75,19,120,0,-34,19,164,0,24,20,171,0,83,20,141,0,111,20,100,0,108,20,52,0,80,20,-1,20,48,20,-38,20,41,20,-45,20,76,20,-48,20,144,20,-50,20,-112,20,-80,20,0,0,0,0,5,0,145,20,23,0,35,20,-8,20,-61,19,-60,20,-93,19,-89,20,-56,19,-96,20,19,20,-60,20,101,20,-4,20,155,20,53,0,172,20,102,0,152,20,131,0,112,20,105,0,82,20,53,0]"
CSI_DATA,8556,d8:b1:90:d9:de:f0,-40,9,-99,-36,42,104,613391978,139,0,106,0,"[-88,0,35,18,-123,0,-32,17,146,0,-37,17,99,0,0,18,75,0,51,18,88,0,100,18,117,0,127,18,-156,0,146,18,-114,0,144,18,-105,0,144,18,-125,0,-159,18,152,0,-109,18,124,0,-37,18,0,0,0,0,146,0,133,0,-112,0,-120,0,-25,0,-89,0,31,1,-105,0,27,1,-159,0,-23,0,118,0,-100,0,95,0,149,0,101,0,101,0,133,0,93,0,-143,0,114,0,-101,0,140,0,-103,0,151,0]"
CSI_DATA,8557,d8:b1:90:d9:de:f0,-41,9,-99,-34,42,104,613392219,133,0,106,0,"[-111,0,14,17,149,0,-54,16,91,0,-53,16,49,0,-10,16,36,0,35,17,46,0,82,17,83,0,108,17,123,0,108,17,-143,0,102,17,-133,0,102,17,-152,0,120,17,121,0,-133,17,105,0,-59,17,0,0,0,0,-135,0,86,0,-52,0,129,0,26,1,131,0,78,1,101,0,62,1,49,0,2,1,19,0,-79,0,16,0,-137,0,41,0,134,0,83,0,143,0,130,0,-127,0,-148,0,-103,0,139,0,-112,0]"
CSI_DATA,8558,d8:b1:90:d9:de:f0,-40,9,-99,-36,42,104,613392381,113,0,106,0,"[33,18,-98,0,59,18,-13,0,118,18,10,1,-148,18,-13,0,-115,18,-67,0,-108,18,-108,0,-139,18,-144,0,143,18,-158,0,107,18,-157,0,95,18,-152,0,123,18,153,0,-154,18,109,0,-122,18,40,0,0,0,0,0,-148,18,-122,18,91,18,140,18,-1,17,117,18,-55,17,151,18,-47,17,-112,18,8,18,-67,18,88,18,-49,18,157,18,-69,18,-129,18,-107,18,-134,18,-154,18,-161,18,135,18,122,18,157,18,132,18]"
CSI_DATA,8559,d8:b1:90:d9:de:f0,-40,9,-99,-34,41,104,613392517,133,0,106,0,"[62,0,-38,18,-4,20,-90,18,-61,20,-68,18,-94,20,-8,18,-88,20,56,20,-54,20,82,20,-14,20,92,20,21,0,74,20,50,0,45,20,58,0,37,20,45,0,65,20,48,0,126,20,78,0,-134,20,0,0,0,0,-138,0,-50,20,-33,0,-58,20,37,1,-116,20,46,1,169,20,6,1,136,20,-64,0,152,20,-130,0,-141,20,-162,0,-82,20,-156,0,-37,20,-118,0,-2,20,-76,0,-5,20,-62,0,-40,20,-117,0]"
CSI_DATA,8560,d8:b1:90:d9:de:f0,-40,9,-99,-36,42,104,613392777,113,0,106,0,"[-44,0,-85,0,18,1,-96,0,23,1,-130,0,-21,0,151,0,-76,0,139,0,-135,0,146,0,137,0,-142,0,95,0,-98,0,61,0,-56,0,41,0,-45,0,21,0,-73,0,-5,18,-130,0,-55,18,114,0,0,0,0,0,123,18,2,0,27,18,-21,18,-57,17,-10,18,-91,17,12,0,-64,17,26,0,0,18,21,0,84,18,-1,18,148,18,-44,18,-134,18,-96,18,-130,18,-157,18,-149,18,120,18,154,18,124,18,-153,18]"
CSI_DATA,8561,d8:b1:90:d9:de:f0,-43,11,-99,-35,45,104,613504037,100,0,228,0,"[0,17,0,21,-2,23,-4,25,-6,25,-7,25,-7,22,107,64,-7,19,-6,17,-5,15,-4,14,-3,13,-1,13,0,13,2,13,4,14,5,15,6,15,6,16,7,16,30,-51,6,12,6,11,6,9,6,6,6,4,7,0,0,0,11,-3,12,-5,15,-7,18,-8,20,-8,23,-9,35,0,25,-7,25,-6,24,-5,22,-4,19,-3,17,-3,14,-3,12,-4,10,-6,8,-6,6,-8,6,-10,6,-12,73,0,6,-13,8,-14,9,-13,9,-12,9,-10,8,-7,6,-6,-11,0,-8,7,0,11,7,6,9,-2,3,-9,-6,-8,-19,21,-7,10,3,14,13,8,17,-3,11,-16,-4,-20,-18,-12,-23,2,-15,19,1,25,18,15,24,-1,13,-17,3,-5,-16,-9,-16,5,-5,15,7,12,15,1,12,-11,0,0,-12,-11,-17,0,-11,12,1,16,11,9,12,-1,31,-18,-3,-8,-6,0,-2,6,5,6,10,0,6,-10,-2,-14,-12,-9,-17,2,-12,14,0,19,13,13,20,0,22,-25,2,-19,-10,-14,-16,-2,-11,8,0,12,8,6,9,-2]"
CSI_DATA,8562,d8:b1:90:d9:de:f0,-40,11,-99,-35,41,104,613747588,277,0,106,0,"[54,0,59,1,145,0,74,1,-153,0,19,1,-166,0,-54,0,141,0,-111,0,101,0,-137,0,59,0,-112,0,28,0,-75,0,19,0,-41,0,28,0,-41,0,28,0,-89,0,4,0,-172,0,-50,20,101,0,0,0,0,0,111,20,65,0,13,20,102,0,-39,19,166,0,-32,19,-129,0,15,20,-104,0,87,20,-135,0,150,20,156,0,168,20,86,0,163,20,43,0,119,20,17,0,85,20,27,0,87,20,67,0,146,20]"
CSI_DATA,8563,d8:b1:90:d9:de:f0,-40,9,-99,-36,42,104,613748033,113,0,106,0,"[-40,17,-159,0,-40,17,-96,0,10,18,-89,0,69,18,-134,0,104,18,139,0,113,18,70,0,101,18,15,0,61,18,-50,18,31,18,-83,18,32,18,-91,18,84,18,-83,18,-152,18,-70,18,-46,18,-88,18,0,0,0,0,125,0,125,18,-138,0,39,18,-115,0,-23,17,-133,0,-64,17,156,0,-40,17,120,0,36,18,120,0,127,18,134,0,-122,18,-152,0,-64,18,-109,0,-37,18,-65,0,-35,18,-64,0,-57,18,-118,0]"
CSI_DATA,8564,d8:b1:90:d9:de:f0,-40,9,-99,-34,41,104,613748141,252,0,106,0,"[-72,20,-69,18,-134,20,-81,18,-154,20,-34,18,-136,20,29,20,-90,20,70,20,-30,20,92,20,30,0,100,20,92,0,72,20,138,0,54,20,149,0,65,20,129,0,108,20,113,0,-137,20,113,0,-37,20,0,0,0,0,-153,0,161,0,-80,0,-112,0,-10,0,-81,0,29,1,-85,0,6,1,-125,0,-60,0,-153,0,-144,0,168,0,117,0,-166,0,61,0,-153,0,28,0,-114,0,13,0,-78,0,28,0,-72,0,45,0]"
CSI_DATA,8565,d8:b1:90:d9:de:f0,-39,9,-99,-37,41,104,613748325,108,0,106,0,"[-161,21,-43,20,139,21,-50,20,120,21,2,21,157,21,69,21,-155,21,113,21,-88,21,123,21,-27,21,106,21,27,0,62,21,66,0,30,21,74,0,33,21,77,0,93,21,79,0,-177,21,98,0,-68,21,0,0,0,0,-125,0,84,0,-30,0,142,0,62,1,148,0,90,1,122,0,58,1,97,0,-20,0,88,0,-114,0,93,0,180,0,123,0,136,0,167,0,120,0,-152,0,126,0,-111,0,148,0,-113,0,143,0]"
CSI_DATA,8566,d8:b1:90:d9:de:f0,-39,9,-99,-36,41,104,613774443,98,0,106,0,"[152,0,-70,19,84,0,-117,19,24,0,-90,19,2,0,-24,19,9,0,28,21,43,0,77,21,74,0,81,21,114,0,72,21,142,0,83,21,142,0,101,21,135,0,158,21,127,0,-114,21,131,0,-22,21,0,0,0,0,-113,0,103,0,-39,0,153,0,49,1,155,0,86,1,129,0,62,1,91,0,1,1,66,0,-77,0,62,0,-149,0,69,0,166,0,98,0,153,0,144,0,156,0,175,0,162,0,177,0,151,0]"
CSI_DATA,8567,d8:b1:90:d9:de:f0,-39,9,-99,-37,41,104,613817856,133,0,106,0,"[56,21,-77,0,59,21,-13,0,110,21,-14,0,152,21,-68,0,183,21,-143,0,180,21,155,0,151,21,84,0,100,21,20,0,47,21,-30,21,39,21,-50,21,74,21,-59,21,155,21,-66,21,-109,21,-94,21,0,0,0,0,62,0,146,21,125,0,37,21,145,0,-53,20,130,0,-85,20,95,0,-61,20,82,0,24,21,90,0,125,21,127,0,-155,21,177,0,-94,21,-126,0,-66,21,-63,0,-72,21,-56,0,-109,21,-120,0]"
CSI_DATA,8568,d8:b1:90:d9:de:f0,-40,9,-99,-34,41,104,613818107,133,0,106,0,"[-21,18,-169,20,-74,18,-132,20,-62,18,-88,20,4,20,-58,20,73,20,-66,20,138,20,-92,20,-157,20,-145,20,-130,20,134,20,-110,20,80,20,-101,20,58,20,-86,20,78,20,-48,20,133,20,26,0,-137,20,0,0,0,0,-129,0,-58,20,-18,0,-74,20,49,1,-106,20,78,1,-142,20,46,1,-164,20,-34,0,-129,20,-113,0,-68,20,-161,0,-1,20,166,0,69,0,-153,0,134,0,-110,0,-170,0,-81,0,154,0,-108,0]"
CSI_DATA,8569,d8:b1:90:d9:de:f0,-41,9,-99,-36,42,104,613818242,113,0,106,0,"[44,1,66,0,83,1,16,0,55,1,-21,18,-5,0,-26,18,-67,0,-12,18,-114,0,28,0,-140,0,85,0,-148,0,153,0,-144,0,-119,0,-144,0,-99,0,154,0,-110,0,99,0,-154,0,16,0,125,0,0,0,0,0,159,18,119,0,65,18,-153,0,13,18,-95,0,2,18,-56,0,41,18,-59,0,99,18,-104,0,143,18,140,0,-158,18,67,0,152,18,0,0,107,18,-44,18,62,18,-56,18,39,18,-30,18,83,18]"
CSI_DATA,8570,d8:b1:90:d9:de:f0,-40,9,-99,-35,42,104,613818369,113,0,106,0,"[39,1,130,0,92,1,80,0,70,1,30,0,2,1,9,0,-59,0,24,0,-113,0,51,0,-154,0,112,0,151,0,-138,0,150,0,-83,0,150,0,-66,0,141,0,-80,0,94,0,-130,0,12,0,128,0,0,0,0,0,136,18,107,0,45,18,152,0,-7,17,-100,0,-14,17,-57,0,25,18,-46,0,91,18,-103,0,145,18,133,0,-150,18,58,0,146,18,-8,18,97,18,-56,18,47,18,-70,18,20,18,-35,18,69,18]"
CSI_DATA,8571,d8:b1:90:d9:de:f0,-40,9,-99,-36,42,104,613884886,130,0,106,0,"[-8,0,-79,0,56,1,-113,0,56,1,154,0,12,1,109,0,-49,0,89,0,-105,0,96,0,-147,0,124,0,146,0,-156,0,125,0,-113,0,109,0,-99,0,84,0,-112,0,37,0,-147,0,-27,18,134,0,0,0,0,0,135,18,124,0,54,18,-153,0,8,18,-98,0,10,18,-54,0,47,18,-44,0,109,18,-84,0,-159,18,-147,0,-132,18,98,0,-138,18,37,0,147,18,-10,18,104,18,-31,18,81,18,-16,18,105,18]"
CSI_DATA,8572,d8:b1:90:d9:de:f0,-41,11,-99,-35,42,104,614165385,277,0,106,0,"[-117,0,-14,17,135,0,-80,17,63,0,-72,17,19,0,-17,17,13,0,46,18,25,0,94,18,70,0,122,18,118,0,122,18,-150,0,102,18,-143,0,94,18,149,0,110,18,124,0,-150,18,117,0,-69,18,0,0,0,0,-124,0,67,0,-33,0,95,0,50,1,83,0,86,1,35,0,61,1,-13,18,-9,0,-33,18,-90,0,-23,18,-140,0,17,0,149,0,63,0,-149,0,105,0,-111,0,122,0,-80,0,95,0,-108,0]"
CSI_DATA,8573,d8:b1:90:d9:de:f0,-41,9,-99,-37,43,104,614165857,120,0,106,0,"[-90,0,-2,0,-26,0,-6,0,-19,0,-50,0,-53,0,-100,0,-114,0,-133,0,121,0,-137,0,58,0,-122,0,5,0,-84,0,-34,17,-45,0,-48,17,-27,0,-50,17,-55,0,-56,17,-116,0,-78,17,93,0,0,0,0,0,116,17,-51,17,27,17,-86,17,-50,16,-91,17,-85,16,-73,17,-63,16,-47,17,8,17,-33,17,94,17,-40,17,-133,17,-70,17,-90,17,-117,17,-71,17,124,17,-83,17,80,17,-108,17,75,17,-117,17]"
CSI_DATA,8574,d8:b1:90:d9:de:f0,-41,9,-99,-35,42,104,614165988,120,0,106,0,"[-29,0,72,18,-35,0,12,18,-85,0,6,18,-132,0,53,18,152,0,112,18,152,0,-136,18,-135,0,-74,18,-86,0,-22,18,-36,0,13,0,-18,0,28,0,-45,0,23,0,-108,0,30,0,116,0,62,0,0,0,0,0,-7,18,-117,0,-34,18,-19,0,-33,18,59,1,-2,18,95,1,30,0,61,1,31,0,-17,0,3,0,-107,0,-44,18,145,0,-107,18,108,0,144,18,105,0,99,18,129,0,105,18,-143,0,-146,18]"
CSI_DATA,8575,d8:b1:90:d9:de:f0,-40,9,-99,-34,41,104,614180772,101,0,106,0,"[-130,20,-49,18,125,20,-52,18,82,20,9,20,104,20,86,20,156,20,137,20,-134,20,153,20,-82,20,128,20,-53,20,70,20,-42,20,18,20,-64,20,13,20,-66,20,56,20,-46,20,137,20,18,0,-118,20,0,0,0,0,-137,0,-77,20,-33,0,-120,20,18,1,144,20,17,1,85,20,-40,0,68,20,-110,0,108,20,-158,0,-161,20,-164,0,-92,20,-145,0,-50,20,-98,0,-32,20,-64,0,-48,20,-72,0,-100,20,-144,0]"
CSI_DATA,8576,d8:b1:90:d9:de:f0,-41,9,-99,-34,42,104,614374738,98,0,106,0,"[17,17,-57,0,57,17,17,1,127,17,19,1,-123,17,-27,0,-102,17,-89,0,-116,17,-142,0,146,17,125,0,87,17,114,0,49,17,122,0,52,17,130,0,91,17,128,0,-144,17,84,0,-97,17,1,0,0,0,0,0,-103,17,129,17,143,17,54,17,71,17,19,17,20,17,35,17,22,17,86,17,71,17,136,17,139,17,-136,17,-101,17,-137,17,-57,17,147,17,-48,17,104,17,-66,17,70,17,-96,17,74,17,-114,17]"
CSI_DATA,8577,d8:b1:90:d9:de:f0,-40,9,-99,-35,41,104,614400136,119,0,106,0,"[64,1,65,0,101,1,-15,20,65,1,-64,20,-5,0,-85,20,-72,0,-64,20,-108,0,-15,20,-112,0,35,0,-79,0,80,0,-45,0,109,0,-45,0,96,0,-98,0,80,0,170,0,71,0,69,0,98,0,0,0,0,0,-39,20,-116,0,-59,20,-9,0,-15,20,71,1,24,0,87,1,59,0,50,1,60,0,-17,0,26,0,-86,0,-17,20,-130,0,-54,20,-150,0,-90,20,-130,0,-101,20,-105,0,-79,20,-101,0,-37,20]"
CSI_DATA,8578,d8:b1:90:d9:de:f0,-40,9,-99,-36,42,104,614400547,139,0,106,0,"[51,1,-124,18,41,1,113,18,-22,0,71,18,-96,0,94,18,-140,0,139,18,-147,0,-137,18,-124,0,-107,18,-81,0,-89,18,-46,0,-89,18,-54,0,-99,18,-100,0,-95,18,157,0,-54,18,110,0,23,0,0,0,0,0,123,0,-128,0,-127,0,-56,0,-51,0,-41,0,5,1,-71,0,0,1,-123,0,-47,0,151,0,-117,0,123,0,149,0,129,0,113,0,146,0,117,0,-143,0,134,0,-118,0,-159,0,-139,0,151,0]"
CSI_DATA,8579,d8:b1:90:d9:de:f0,-41,9,-99,-38,43,104,614400990,119,0,106,0,"[-66,16,65,0,-79,16,124,0,-34,16,-147,0,32,17,128,0,77,17,90,0,104,17,33,0,103,17,-26,17,74,17,-83,17,53,17,-116,17,55,17,-124,17,97,17,-104,17,-131,17,-89,17,-33,17,-93,17,0,0,0,0,136,0,130,17,-117,0,54,17,-98,0,-4,16,-111,0,-41,16,-137,0,-23,16,133,0,42,17,123,0,122,17,136,0,-111,17,-143,0,-65,17,-106,0,-46,17,-73,0,-46,17,-77,0,-61,17,-127,0]"
CSI_DATA,8580,d8:b1:90:d9:de:f0,-40,9,-99,-36,42,104,614401335,139,0,106,0,"[76,1,70,0,112,1,0,0,67,1,-46,18,-2,0,-52,18,-70,0,-26,18,-107,0,25,0,-119,0,83,0,-104,0,139,0,-88,0,-142,0,-84,0,-139,0,-120,0,149,0,119,0,109,0,21,0,96,0,0,0,0,0,-159,18,-152,0,99,18,-75,0,75,18,2,1,101,18,35,1,142,18,11,1,-142,18,-50,0,-130,18,-127,0,-144,18,120,0,149,18,76,0,110,18,61,0,80,18,62,0,83,18,85,0,142,18]"
CSI_DATA,8581,d8:b1:90:d9:de:f0,-38,11,-99,-33,39,104,614504091,100,0,114,0,"[-34,-22,-37,-26,-39,-29,-39,-30,-39,-32,-37,-30,-34,-30,-35,-30,-35,-27,-34,-27,-32,-24,-34,-24,-35,-24,-35,-22,-37,-22,-40,-22,-42,-22,-44,-22,-45,-22,-47,-19,-48,-19,-50,-19,-50,-17,-50,-14,-47,-14,-47,-14,-47,-13,-50,-11,0,0,-48,-9,-47,-9,-48,-8,-50,-6,-50,-4,-50,-4,-52,-3,-50,-1,-50,0,-48,1,-47,3,-44,3,-42,6,-40,6,-39,6,-39,6,-35,9,-37,9,-37,11,-39,13,-39,14,-40,14,-40,14,-44,14,-42,14,-42,14,-39,11,-35,8]"
CSI_DATA,8582,d8:b1:90:d9:de:f0,-41,11,-99,-35,42,104,614583182,277,0,106,0,"[-24,17,134,18,-86,17,-108,18,-66,17,-42,18,-6,17,-1,18,58,18,-7,18,92,18,-39,18,101,18,-81,18,86,18,-114,18,57,18,-140,18,51,18,-127,18,80,18,-100,18,155,18,-78,18,-68,18,-88,18,0,0,0,0,42,0,105,18,57,0,9,18,11,0,-69,17,-37,18,-88,17,-79,18,-59,17,-80,18,18,18,-57,18,90,18,-14,18,127,18,22,0,140,18,52,0,117,18,56,0,84,18,30,0,68,18,-11,18]"
CSI_DATA,8583,d8:b1:90:d9:de:f0,-40,9,-99,-37,42,104,614583663,119,0,106,0,"[-36,19,71,1,16,0,104,1,53,0,67,1,46,0,0,1,15,0,-63,0,-31,19,-99,0,-90,19,-112,0,-149,19,-111,0,136,19,-98,0,126,19,-99,0,145,19,-139,0,-149,19,117,0,-114,19,16,0,0,0,0,0,-143,19,163,19,128,19,76,19,64,19,32,19,25,19,37,19,37,19,64,19,94,19,110,19,-160,19,155,19,-91,19,158,19,-37,19,154,19,5,0,116,19,18,0,84,19,-2,19,73,19,-24,19]"
CSI_DATA,8584,d8:b1:90:d9:de:f0,-39,9,-99,-36,41,104,614583785,139,0,106,0,"[67,21,46,21,2,21,67,21,2,21,120,21,64,21,166,21,120,21,-175,21,-165,21,175,21,-122,21,134,21,-86,21,70,21,-60,21,28,21,-50,21,25,21,-38,21,73,21,-1,21,155,21,56,0,-118,21,0,0,0,0,-122,0,-28,21,-15,0,-12,21,64,1,-39,21,91,1,-79,21,55,1,-91,21,-16,0,-79,21,-96,0,-32,21,-152,0,26,0,179,0,80,0,-169,0,129,0,-137,0,168,0,-128,0,152,0,-152,0]"
CSI_DATA,8585,d8:b1:90:d9:de:f0,-40,9,-99,-37,42,104,614583938,119,0,106,0,"[-152,0,-29,18,136,0,-81,18,85,0,-63,18,63,0,1,19,60,0,69,19,101,0,121,19,149,0,143,19,-126,0,158,19,-82,0,159,19,-77,0,159,19,-108,0,-147,19,-163,0,-84,19,116,0,5,0,0,0,0,0,115,0,-142,0,161,0,-46,0,-111,0,2,1,-64,0,1,1,-68,0,-31,0,-115,0,-88,0,146,0,-133,0,76,0,-158,0,24,0,-149,0,-10,19,-114,0,-20,19,-81,0,-6,19,-69,0,23,0]"
CSI_DATA,8586,d8:b1:90:d9:de:f0,-41,9,-99,-35,42,104,614584042,139,0,106,0,"[-59,17,46,0,-78,17,114,0,-34,17,139,0,25,18,132,0,73,18,91,0,96,18,39,0,88,18,-12,18,63,18,-62,18,37,18,-90,18,41,18,-94,18,77,18,-89,18,152,18,-79,18,-67,18,-90,18,0,0,0,0,72,0,114,18,114,0,29,18,114,0,-46,17,92,0,-79,17,66,0,-57,17,45,0,9,18,56,0,89,18,77,0,148,18,118,0,-130,18,-154,0,-125,18,-121,0,-138,18,-127,0,155,18,136,0]"
CSI_DATA,8587,d8:b1:90:d9:de:f0,-40,9,-99,-37,42,104,614584186,133,0,106,0,"[-121,19,46,1,-64,19,91,1,-15,19,68,1,-2,19,2,1,-18,19,-60,0,-51,19,-104,0,-108,19,-120,0,-163,19,-111,0,133,19,-98,0,126,19,-97,0,154,19,-136,0,-139,19,132,0,-117,19,32,0,0,0,0,0,161,19,-143,19,88,19,117,19,15,19,90,19,-27,18,103,19,-20,18,142,19,38,19,-146,19,120,19,-126,19,-143,19,-133,19,-97,19,-155,19,-73,19,130,19,-85,19,94,19,-110,19,101,19,-115,19]"
CSI_DATA,8588,d8:b1:90:d9:de:f0,-41,9,-99,-35,42,104,614584294,113,0,106,0,"[146,18,-18,17,79,18,-15,17,62,18,36,18,92,18,89,18,144,18,119,18,-124,18,123,18,-77,18,105,18,-46,18,61,18,-28,18,18,18,-29,18,20,18,-25,18,64,18,-3,18,135,18,48,0,-105,18,0,0,0,0,-103,0,-25,18,-9,0,-42,18,55,1,-74,18,70,1,-119,18,30,1,-143,18,-35,0,-127,18,-96,0,-79,18,-128,0,-23,18,-138,0,19,0,-122,0,62,0,-89,0,78,0,-77,0,51,0,-114,0]"
CSI_DATA,8589,d8:b1:90:d9:de:f0,-40,9,-99,-37,42,104,614584421,133,0,106,0,"[-128,19,-47,18,121,19,-53,18,98,19,2,19,121,19,72,19,-160,19,107,19,-106,19,119,19,-58,19,99,19,-25,19,57,19,-6,19,29,19,1,0,23,19,-2,19,66,19,11,0,145,19,58,0,-99,19,0,0,0,0,-102,0,-32,19,-14,0,-32,19,62,1,-64,19,76,1,-107,19,40,1,-143,19,-32,0,-123,19,-98,0,-85,19,-146,0,-27,19,-149,0,25,0,-126,0,62,0,-89,0,76,0,-79,0,53,0,-116,0]"
CSI_DATA,8590,d8:b1:90:d9:de:f0,-39,9,-99,-36,41,104,614584555,113,0,106,0,"[-128,0,0,1,-48,0,-15,0,-32,0,-79,0,-70,0,-146,0,-131,0,-179,0,170,0,-166,0,131,0,-138,0,107,0,-80,0,101,0,-40,0,108,0,-43,0,100,0,-88,0,59,0,-156,0,-28,21,129,0,0,0,0,0,146,21,100,0,40,21,146,0,-5,19,-142,0,-1,19,-86,0,45,21,-72,0,110,21,-122,0,162,21,173,0,179,21,103,0,170,21,50,0,129,21,25,0,84,21,28,0,87,21,56,0,141,21]"
CSI_DATA,8591,d8:b1:90:d9:de:f0,-39,9,-99,-36,41,104,614648046,130,0,106,0,"[159,0,-29,19,118,0,-86,19,64,0,-66,19,53,0,0,21,62,0,69,21,84,0,115,21,139,0,144,21,-159,0,149,21,-108,0,155,21,-105,0,153,21,-137,0,-161,21,169,0,-91,21,117,0,7,0,0,0,0,0,132,0,-165,0,177,0,-63,0,-118,0,-9,0,-81,0,-7,0,-84,0,-48,0,-131,0,-105,0,152,0,-146,0,77,0,-163,0,25,0,-158,0,-19,21,-124,0,-31,21,-87,0,-8,21,-76,0,19,0]"
CSI_DATA,8592,d8:b1:90:d9:de:f0,-40,11,-99,-34,41,104,615000980,277,0,106,0,"[89,20,6,20,5,20,45,20,-2,18,113,20,41,20,-164,20,96,20,-138,20,138,20,-142,20,-164,20,-169,20,-156,20,126,20,-161,20,82,20,-162,20,86,20,-146,20,116,20,-93,20,156,20,-5,20,-149,20,0,0,0,0,137,0,148,20,-148,0,65,20,-145,0,-16,18,166,0,-54,18,121,0,-40,18,80,0,26,20,68,0,106,20,90,0,164,20,125,0,-141,20,-170,0,-145,20,-140,0,169,20,-152,0,137,20,126,0]"
CSI_DATA,8593,d8:b1:90:d9:de:f0,-41,9,-99,-35,42,104,615001443,224,0,106,0,"[30,18,51,18,-25,17,73,18,-13,17,119,18,40,18,-154,18,108,18,-143,18,-145,18,-156,18,-90,18,122,18,-51,18,79,18,-29,18,35,18,-19,18,28,18,-4,18,63,18,23,0,129,18,73,0,-103,18,0,0,0,0,-91,0,-3,18,6,1,2,0,69,1,-9,18,88,1,-30,18,53,1,-46,18,-15,0,-35,18,-100,0,1,0,-154,0,45,0,129,0,101,0,128,0,-150,0,150,0,-110,0,-134,0,-112,0,-148,0]"
CSI_DATA,8594,d8:b1:90:d9:de:f0,-40,9,-99,-33,41,104,615001606,133,0,106,0,"[16,1,-146,0,59,1,154,0,40,1,120,0,-14,0,98,0,-81,0,99,0,-138,0,129,0,154,0,-151,0,137,0,-94,0,120,0,-41,0,108,0,-36,0,77,0,-63,0,31,0,-116,0,-46,19,158,0,0,0,0,0,129,19,99,0,31,19,121,0,-25,18,164,0,-49,18,-147,0,-12,18,-147,0,40,19,143,0,103,19,86,0,136,19,12,0,151,19,-44,19,130,19,-99,19,94,19,-130,19,80,19,-123,19,104,19]"
CSI_DATA,8595,d8:b1:90:d9:de:f0,-41,9,-99,-35,42,104,615001749,133,0,106,0,"[17,1,111,18,3,1,47,18,-50,0,44,18,-100,0,79,18,-130,0,141,18,-130,0,-111,18,-108,0,-61,18,-68,0,-15,18,-34,0,8,0,-26,0,17,0,-63,0,23,0,-130,0,39,0,92,0,83,0,0,0,0,0,-6,18,-92,0,-14,18,-1,0,1,0,70,1,31,0,90,1,53,0,58,1,42,0,-18,0,9,0,-96,0,-39,18,-151,0,-96,18,135,0,-152,18,144,0,125,18,-141,0,133,18,-111,0,-127,18]"
CSI_DATA,8596,d8:b1:90:d9:de:f0,-40,9,-99,-33,41,104,615001857,113,0,106,0,"[-97,19,66,1,-45,19,110,1,-1,19,81,1,3,0,10,1,-15,19,-55,0,-45,19,-93,0,-101,19,-117,0,-159,19,-114,0,124,19,-112,0,110,19,-117,0,126,19,-155,0,152,19,110,0,-147,19,12,0,0,0,0,0,152,19,-154,19,79,19,106,19,23,19,71,19,-15,18,81,19,0,19,108,19,59,19,149,19,142,19,-150,19,-123,19,-163,19,-66,19,154,19,-31,19,110,19,-24,19,66,19,-53,19,55,19,-68,19]"
CSI_DATA,8597,d8:b1:90:d9:de:f0,-41,9,-99,-35,42,104,615001993,113,0,106,0,"[133,18,-29,17,66,18,-17,17,59,18,31,18,95,18,94,18,146,18,128,18,-108,18,133,18,-61,18,107,18,-15,18,67,18,0,0,30,18,12,0,26,18,14,0,61,18,34,0,130,18,73,0,-106,18,0,0,0,0,-90,0,-14,18,4,1,-19,18,64,1,-44,18,90,1,-85,18,51,1,-106,18,-26,0,-96,18,-101,0,-45,18,-148,0,11,0,155,0,66,0,-140,0,117,0,-105,0,148,0,-80,0,123,0,-100,0]"
CSI_DATA,8598,d8:b1:90:d9:de:f0,-40,9,-99,-36,42,104,615210332,98,0,106,0,"[-1,17,105,18,-64,17,153,18,-56,17,-105,18,5,18,-61,18,66,18,-52,18,115,18,-89,18,137,18,-125,18,135,18,139,18,118,18,103,18,113,18,107,18,138,18,148,18,-120,18,-127,18,-22,18,-109,18,0,0,0,0,151,0,151,18,-115,0,73,18,-114,0,-7,17,-144,0,-49,17,137,0,-33,17,104,0,31,18,93,0,112,18,110,0,-148,18,140,0,-110,18,-137,0,-112,18,-114,0,-135,18,-127,0,-153,18,135,0]"
CSI_DATA,8599,d8:b1:90:d9:de:f0,-43,11,-99,-32,44,104,615503966,100,0,228,0,"[14,-12,17,-12,22,-12,24,-12,25,-9,25,-8,25,-6,110,65,21,-3,20,-2,18,-3,16,-3,16,-5,14,-6,14,-8,14,-8,14,-9,15,-11,15,-12,16,-12,15,-12,31,-52,13,-9,11,-9,8,-8,6,-8,3,-7,0,-8,0,0,-5,-9,-8,-12,-9,-14,-10,-17,-11,-20,-11,-22,-106,13,-9,-25,-8,-26,-6,-24,-5,-23,-4,-20,-3,-18,-3,-16,-4,-14,-5,-11,-6,-10,-7,-9,-8,-8,-10,-9,-104,13,-11,-11,-10,-12,-10,-13,-8,-12,-6,-11,-4,-9,-2,-7,7,10,13,2,9,-7,1,-11,-8,-8,-9,1,-4,9,29,5,12,2,11,-8,0,-16,-12,-14,-20,-1,-17,13,-4,23,13,21,25,6,24,-12,8,-25,-11,-22,-23,-8,-4,-1,-4,20,11,16,18,0,12,-13,-1,-18,-14,-11,0,0,-10,15,2,18,14,10,17,-1,9,-12,-1,-14,-20,-32,-8,2,0,7,6,3,7,-6,-1,-11,-10,-7,-15,1,-9,13,0,18,14,13,20,0,16,-13,4,-21,-22,-28,-19,-6,-17,8,-7,16,7,14,13,4,10,-6,1,-10]"
CSI_DATA,8600,d8:b1:90:d9:de:f0,-40,9,-99,-37,42,104,615628121,130,0,106,0,"[40,1,138,0,94,1,77,0,77,1,19,0,7,1,-5,19,-50,0,2,0,-101,0,31,0,-114,0,82,0,-108,0,132,0,-86,0,-163,0,-81,0,-165,0,-116,0,146,0,150,0,108,0,54,0,101,0,0,0,0,0,-116,19,-141,0,164,19,-54,0,159,19,32,1,-141,19,79,1,-89,19,67,1,-53,19,-6,0,-47,19,-91,0,-73,19,-159,0,-108,19,132,0,-163,19,129,0,139,19,158,0,156,19,-145,0,-115,19]"
CSI_DATA,8601,d8:b1:90:d9:de:f0,-41,9,-99,-35,42,104,615628229,113,0,106,0,"[-22,17,-152,0,-15,17,-74,0,39,18,-46,0,101,18,-68,0,139,18,-119,0,143,18,143,0,122,18,105,0,80,18,79,0,37,18,70,0,37,18,75,0,77,18,74,0,145,18,39,0,-101,18,-20,18,0,0,0,0,-64,18,117,18,-99,18,25,18,140,18,-25,17,85,18,-23,17,68,18,25,18,97,18,90,18,154,18,144,18,-85,18,-156,18,-37,18,151,18,-13,18,116,18,-14,18,78,18,-48,18,75,18,-72,18]"
CSI_DATA,8602,d8:b1:90:d9:de:f0,-40,9,-99,-37,42,104,615628373,119,0,106,0,"[-137,0,10,1,-49,0,-3,0,-27,0,-64,0,-58,0,-134,0,-107,0,-165,0,-160,0,161,0,128,0,-139,0,108,0,-90,0,112,0,-55,0,119,0,-57,0,108,0,-90,0,71,0,-158,0,-9,19,114,0,0,0,0,0,136,19,101,0,49,19,164,0,14,19,-90,0,19,19,-24,0,73,19,-14,0,138,19,-62,0,-150,19,-138,0,-133,19,128,0,-155,19,81,0,129,19,62,0,91,19,79,0,101,19,110,0,161,19]"
CSI_DATA,8603,d8:b1:90:d9:de:f0,-40,9,-99,-35,41,104,615628522,139,0,106,0,"[72,20,60,20,-4,19,93,20,-13,19,156,20,23,20,-139,20,78,20,-118,20,129,20,-129,20,157,20,-167,20,160,20,127,20,149,20,90,20,148,20,89,20,166,20,124,20,-127,20,-175,20,-35,20,-142,20,0,0,0,0,135,0,-174,20,-153,0,83,20,-141,0,-8,19,-167,0,-57,19,131,0,-41,19,90,0,19,20,75,0,96,20,97,0,168,20,130,0,-146,20,174,0,-149,20,-146,0,-172,20,-164,0,152,20,129,0]"
CSI_DATA,8604,d8:b1:90:d9:de:f0,-40,9,-99,-36,42,104,615628684,119,0,106,0,"[154,0,20,1,-85,0,10,1,-55,0,-45,0,-73,0,-110,0,-118,0,-147,0,-161,0,-149,0,120,0,-124,0,105,0,-83,0,113,0,-46,0,117,0,-47,0,110,0,-84,0,70,0,-143,0,1,0,128,0,0,0,0,0,158,18,134,0,86,18,-120,0,60,18,-41,0,79,18,15,1,134,18,12,1,-134,18,-37,0,-108,18,-110,0,-109,18,153,0,-139,18,110,0,144,18,108,0,113,18,130,0,130,18,-159,0,-134,18]"
CSI_DATA,8605,d8:b1:90:d9:de:f0,-40,9,-99,-36,42,104,615628788,139,0,106,0,"[-117,0,-3,17,147,0,-75,17,74,0,-67,17,27,0,-12,17,26,0,49,18,41,0,84,18,84,0,105,18,122,0,93,18,154,0,66,18,147,0,57,18,117,0,88,18,90,0,158,18,96,0,-74,18,0,0,0,0,-112,0,54,0,-8,0,69,0,71,1,28,0,100,1,-28,18,60,1,-75,18,-11,0,-83,18,-93,0,-61,18,-134,0,-16,18,-142,0,27,0,-124,0,59,0,-85,0,69,0,-67,0,30,0,-115,0]"
CSI_DATA,8606,d8:b1:90:d9:de:f0,-41,11,-99,-34,42,104,615836574,277,0,106,0,"[-60,16,71,0,-66,16,-149,0,-10,16,-106,0,52,17,-110,0,99,17,-149,0,118,17,121,0,109,17,83,0,83,17,59,0,53,17,42,0,57,17,40,0,87,17,36,0,144,17,5,0,-106,17,-48,17,0,0,0,0,-84,17,105,17,-129,17,20,17,101,17,-17,16,46,17,-5,16,27,17,53,17,68,17,117,17,129,17,-135,17,-108,17,-127,17,-60,17,-142,17,-51,17,124,17,-53,17,86,17,-86,17,90,17,-97,17]"
CSI_DATA,8607,d8:b1:90:d9:de:f0,-41,9,-99,-35,42,104,615837028,98,0,106,0,"[58,1,129,0,107,1,89,0,85,1,48,0,15,1,33,0,-46,0,46,0,-94,0,72,0,-134,0,122,0,-148,0,-140,0,149,0,-100,0,130,0,-88,0,99,0,-110,0,44,0,-150,0,-39,18,116,0,0,0,0,0,94,18,81,0,2,18,116,0,-48,17,150,0,-61,17,-132,0,-26,17,-122,0,37,18,149,0,103,18,91,0,139,18,30,0,151,18,-33,18,136,18,-81,18,108,18,-118,18,97,18,-107,18,129,18]"
CSI_DATA,8608,d8:b1:90:d9:de:f0,-41,9,-99,-34,42,104,615837133,120,0,106,0,"[47,17,32,17,-10,16,54,17,-8,16,104,17,34,17,147,17,96,17,-139,17,-149,17,-144,17,-96,17,128,17,-64,17,84,17,-39,17,47,17,-28,17,43,17,-16,17,80,17,13,0,146,17,65,0,-79,17,0,0,0,0,-90,0,15,0,11,1,21,0,80,1,-5,17,103,1,-40,17,62,1,-59,17,-9,0,-52,17,-91,0,-13,17,-149,0,33,0,123,0,85,0,123,0,141,0,142,0,-129,0,-134,0,-130,0,-152,0]"
CSI_DATA,8609,d8:b1:90:d9:de:f0,-41,9,-99,-36,43,104,615837237,120,0,106,0,"[-68,16,57,1,-16,16,95,1,24,0,63,1,31,0,3,1,10,0,-52,0,-21,16,-86,0,-71,16,-109,0,-120,16,-112,0,125,16,-111,0,113,16,-118,0,133,16,140,0,-122,16,78,0,-100,16,2,0,0,0,0,0,-121,16,118,16,109,16,53,16,49,16,14,16,12,16,25,16,20,16,62,16,72,16,114,16,139,16,-136,16,-79,16,-129,16,-19,16,-139,16,13,0,114,16,29,0,77,16,7,0,63,16,-12,16]"
CSI_DATA,8610,d8:b1:90:d9:de:f0,-40,9,-99,-36,42,104,616045954,113,0,106,0,"[-96,0,-6,0,-13,0,-30,0,3,1,-96,0,-25,0,-157,0,-86,0,135,0,-138,0,139,0,143,0,-151,0,127,0,-100,0,135,0,-62,0,140,0,-66,0,122,0,-108,0,71,0,147,0,-11,18,93,0,0,0,0,0,113,18,98,0,30,18,-151,0,0,18,-64,0,17,18,-8,0,75,18,-6,0,134,18,-59,0,-148,18,-138,0,-142,18,122,0,-158,18,73,0,123,18,57,0,93,18,70,0,101,18,94,0,-161,18]"
CSI_DATA,8611,d8:b1:90:d9:de:f0,-40,9,-99,-35,41,104,616046081,98,0,106,0,"[-161,0,-1,0,-74,0,-2,0,-50,0,-64,0,-74,0,-124,0,-120,0,-168,0,-171,0,-164,0,134,0,-148,0,111,0,-94,0,108,0,-48,0,111,0,-48,0,102,0,-101,0,56,0,-160,0,-30,20,126,0,0,0,0,0,145,20,105,0,48,20,174,0,10,20,-90,0,28,20,-34,0,82,20,-37,0,145,20,-89,0,-167,20,-163,0,-164,20,126,0,166,20,79,0,134,20,64,0,102,20,71,0,107,20,97,0,167,20]"
CSI_DATA,8612,d8:b1:90:d9:de:f0,-40,11,-99,-34,41,104,616254372,277,0,106,0,"[80,20,40,20,8,20,66,20,-6,18,126,20,30,20,-158,20,81,20,-130,20,134,20,-128,20,-170,20,-166,20,-160,20,114,20,-165,20,68,20,169,20,66,20,-154,20,88,20,-117,20,134,20,-33,20,-166,20,0,0,0,0,114,0,160,20,-156,0,76,20,-145,0,-14,18,166,0,-66,18,117,0,-52,18,72,0,12,20,65,0,96,20,88,0,166,20,124,0,-138,20,-157,0,-141,20,-124,0,166,20,-145,0,124,20,134,0]"
CSI_DATA,8613,d8:b1:90:d9:de:f0,-40,9,-99,-36,42,104,616254808,130,0,106,0,"[-54,17,-12,18,-90,17,30,0,-62,17,59,0,-5,17,54,0,55,18,25,0,90,18,-12,18,118,18,-69,18,123,18,-133,18,120,18,134,18,134,18,110,18,-156,18,122,18,-98,18,149,18,-16,18,-143,18,0,0,0,0,-159,0,-138,18,-76,0,138,18,-22,0,90,18,-13,0,56,18,-45,0,55,18,-94,0,104,18,-142,0,-143,18,-152,0,-70,18,-148,0,-6,18,-120,0,40,0,-80,0,66,0,-61,0,51,0,-99,0]"
CSI_DATA,8614,d8:b1:90:d9:de:f0,-40,9,-99,-35,41,104,616254970,101,0,106,0,"[45,1,96,0,89,1,61,0,71,1,26,0,4,1,10,0,-52,0,23,0,-108,0,64,0,-139,0,112,0,-155,0,-171,0,-166,0,-115,0,170,0,-96,0,145,0,-108,0,90,0,-144,0,-1,20,161,0,0,0,0,0,174,20,131,0,68,20,174,0,16,20,-123,0,-5,19,-82,0,24,20,-85,0,82,20,-130,0,139,20,145,0,163,20,65,0,164,20,0,0,131,20,-49,20,86,20,-76,20,68,20,-60,20,107,20]"
CSI_DATA,8615,d8:b1:90:d9:de:f0,-40,9,-99,-36,42,104,616255084,98,0,106,0,"[54,1,-33,18,83,1,-83,18,47,1,-110,18,-10,0,-99,18,-60,0,-75,18,-95,0,-27,18,-108,0,23,0,-98,0,89,0,-81,0,139,0,-90,0,157,0,-118,0,149,0,142,0,139,0,57,0,134,0,0,0,0,0,-112,18,-139,0,149,18,-67,0,118,18,-5,0,125,18,35,1,157,18,25,1,-132,18,-33,0,-119,18,-118,0,-125,18,130,0,-154,18,78,0,122,18,50,0,73,18,49,0,67,18,70,0,112,18]"
CSI_DATA,8616,d8:b1:90:d9:de:f0,-40,9,-99,-36,42,104,616463733,130,0,106,0,"[80,0,-44,17,13,0,-90,17,-33,18,-62,17,-50,18,-3,17,-35,18,61,18,1,0,96,18,56,0,108,18,115,0,95,18,148,0,64,18,154,0,51,18,133,0,84,18,108,0,151,18,104,0,-83,18,0,0,0,0,-132,0,73,0,-42,0,109,0,47,1,108,0,81,1,79,0,56,1,33,0,-8,0,12,0,-94,0,26,0,-153,0,56,0,139,0,103,0,144,0,157,0,-144,0,-135,0,-107,0,-154,0,-122,0]"
CSI_DATA,8617,d8:b1:90:d9:de:f0,-40,9,-99,-35,41,104,616483694,108,0,106,0,"[-54,20,64,1,23,0,102,1,83,0,67,1,98,0,-4,0,93,0,-65,0,50,0,-104,0,6,0,-109,0,-38,20,-85,0,-72,20,-57,0,-83,20,-54,0,-75,20,-83,0,-74,20,-141,0,-102,20,126,0,0,0,0,0,126,20,31,0,23,20,41,0,-49,19,87,0,-72,19,148,0,-27,19,-174,0,43,20,167,0,120,20,119,0,157,20,57,0,163,20,2,0,124,20,-31,20,75,20,-35,20,64,20,1,0,108,20]"
CSI_DATA,8618,d8:b1:90:d9:de:f0,-40,9,-99,-36,42,104,616484173,98,0,106,0,"[-47,18,75,1,3,0,108,1,40,0,75,1,41,0,7,1,12,0,-51,0,-26,18,-98,0,-89,18,-129,0,-149,18,-135,0,117,18,-134,0,93,18,-143,0,108,18,154,0,146,18,93,0,-139,18,10,0,0,0,0,0,-125,18,144,18,148,18,59,18,95,18,5,18,54,18,-6,17,55,18,31,18,110,18,88,18,-133,18,144,18,-61,18,-156,18,11,0,158,18,62,0,122,18,89,0,75,18,64,0,49,18,20,0]"
CSI_DATA,8619,d8:b1:90:d9:de:f0,-38,11,-99,-35,40,104,616503658,100,0,114,0,"[36,15,40,20,41,23,41,23,41,26,40,24,40,23,38,23,36,21,36,20,35,18,36,16,36,16,38,15,40,13,41,13,44,12,46,13,47,12,50,10,49,7,50,7,50,4,50,3,49,3,47,3,46,1,47,0,0,0,44,-3,46,-3,46,-4,46,-6,46,-6,47,-9,46,-10,46,-12,44,-13,44,-15,43,-15,38,-15,36,-16,33,-18,33,-16,32,-18,29,-20,29,-20,29,-21,29,-23,30,-24,30,-24,30,-26,32,-26,32,-26,32,-24,30,-21,27,-20]"
CSI_DATA,8620,d8:b1:90:d9:de:f0,-40,11,-99,-36,42,104,616881068,277,0,106,0,"[51,0,70,1,128,0,88,1,-154,0,40,1,158,0,-25,0,117,0,-78,0,67,0,-95,0,13,0,-91,0,-30,18,-62,0,-56,18,-35,0,-59,18,-40,0,-45,18,-96,0,-46,18,143,0,-80,18,42,0,0,0,0,0,109,18,-100,18,10,18,-118,18,-78,17,-115,18,-104,17,-67,18,-66,17,-35,18,2,18,-23,18,89,18,-31,18,152,18,-62,18,-135,18,-112,18,-130,18,-156,18,-146,18,134,18,156,18,142,18,-146,18]"
CSI_DATA,8621,d8:b1:90:d9:de:f0,-40,9,-99,-35,41,104,616881558,98,0,106,0,"[-65,19,61,0,-87,19,153,0,-28,19,-150,0,46,20,-157,0,100,20,152,0,118,20,97,0,107,20,53,0,69,20,17,0,31,20,-4,20,37,20,8,0,94,20,13,0,-168,20,-9,20,-67,20,-67,20,0,0,0,0,12,0,108,20,0,0,-10,19,-61,20,-89,19,-123,20,-97,19,-149,20,-46,19,-135,20,37,20,-89,20,116,20,-24,20,155,20,31,0,164,20,69,0,139,20,80,0,104,20,56,0,91,20,12,0]"
CSI_DATA,8622,d8:b1:90:d9:de:f0,-40,9,-99,-35,41,104,616932896,130,0,106,0,"[-46,0,75,20,-43,0,23,20,-82,0,16,20,-127,0,61,20,-144,0,115,20,-150,0,-164,20,-130,0,-118,20,-80,0,-65,20,-45,0,-17,20,-48,0,6,0,-89,0,23,0,-157,0,48,0,96,0,89,0,0,0,0,0,-53,20,-130,0,-102,20,-24,0,-109,20,43,1,-96,20,93,1,-74,20,72,1,-67,20,-2,0,-78,20,-94,0,-108,20,-167,0,-149,20,129,0,156,20,107,0,107,20,101,0,109,20,112,0,150,20]"
CSI_DATA,8623,d8:b1:90:d9:de:f0,-40,9,-99,-34,41,104,617090457,130,0,106,0,"[5,1,-137,0,70,1,-162,0,53,1,133,0,-5,0,104,0,-69,0,109,0,-125,0,126,0,168,0,-170,0,150,0,-116,0,132,0,-65,0,124,0,-65,0,93,0,-101,0,32,0,-165,0,-45,20,104,0,0,0,0,0,109,20,34,0,-2,18,60,0,-66,18,97,0,-85,18,126,0,-46,18,133,0,24,20,102,0,93,20,50,0,138,20,-12,20,157,20,-66,20,148,20,-118,20,126,20,-149,20,116,20,-138,20,153,20]"
CSI_DATA,8624,d8:b1:90:d9:de:f0,-41,9,-99,-36,42,104,617090627,98,0,106,0,"[65,1,-21,18,85,1,-84,18,41,1,-118,18,-22,0,-104,18,-71,0,-73,18,-105,0,-21,18,-108,0,35,0,-86,0,94,0,-66,0,130,0,-71,0,135,0,-113,0,112,0,125,0,85,0,25,0,84,0,0,0,0,0,-151,18,-151,0,110,18,-70,0,89,18,7,1,110,18,46,1,156,18,21,1,-130,18,-46,0,-118,18,-129,0,-132,18,115,0,159,18,57,0,115,18,40,0,76,18,45,0,80,18,69,0,137,18]"
CSI_DATA,8625,d8:b1:90:d9:de:f0,-43,11,-99,-32,44,104,617503948,100,0,228,0,"[-17,-8,-20,-9,-22,-13,-23,-15,-22,-16,-21,-16,-20,-17,110,65,-16,-14,-15,-13,-14,-11,-14,-8,-13,-6,-14,-5,-15,-3,-15,0,-16,1,-16,2,-16,4,-17,5,-16,5,31,-52,-15,6,-12,6,-9,6,-6,6,-2,6,0,7,0,0,6,9,8,11,11,14,13,16,15,18,16,20,-65,0,15,23,15,23,13,22,11,20,11,17,9,15,9,12,9,9,9,7,9,5,10,1,11,0,13,0,-84,0,16,-1,16,0,16,0,16,0,13,1,10,1,7,0,6,-8,-1,-11,-9,-5,-8,4,-2,9,7,6,8,-3,-15,-26,-8,-9,-15,0,-11,11,0,18,15,15,22,0,16,-16,0,-24,-17,-19,-26,0,-18,18,0,25,16,16,5,4,11,-16,-5,-16,-16,-5,-13,9,0,16,12,11,0,0,10,-13,-2,-17,-14,-9,-16,3,-8,12,2,12,24,27,6,-3,-1,-5,-6,0,-1,8,7,8,13,1,12,-9,2,-17,-11,-15,-19,-3,-16,11,-5,20,9,19,34,6,18,-8,7,-17,-8,-15,-14,-3,-10,7,0,11,8,6]"
CSI_DATA,8626,d8:b1:90:d9:de:f0,-40,11,-99,-36,42,104,617507764,277,0,106,0,"[-120,18,47,1,-94,18,99,1,-57,18,80,1,-45,18,16,1,-56,18,-50,0,-89,18,-107,0,-134,18,-152,0,128,18,138,0,74,18,122,0,62,18,104,0,91,18,74,0,153,18,27,0,-98,18,-41,18,0,0,0,0,-5,18,101,18,3,0,-5,17,-12,18,-76,17,-33,18,-105,17,-41,18,-76,17,-35,18,3,18,2,0,91,18,51,0,149,18,105,0,-130,18,-158,0,-120,18,-119,0,-129,18,-122,0,-148,18,149,0]"
CSI_DATA,8627,d8:b1:90:d9:de:f0,-41,9,-99,-34,42,104,617508236,98,0,106,0,"[19,1,128,17,21,1,60,17,-26,0,48,17,-77,0,77,17,-116,0,136,17,-129,0,-110,17,-110,0,-49,17,-76,0,5,0,-41,0,33,0,-32,0,43,0,-67,0,47,0,-146,0,41,0,59,0,60,0,0,0,0,0,-91,17,-115,0,-127,17,-19,0,-136,17,59,1,-111,17,92,1,-73,17,64,1,-54,17,-8,0,-58,17,-96,0,-82,17,135,0,-128,17,90,0,118,17,71,0,78,17,84,0,82,17,116,0,140,17]"
CSI_DATA,8628,d8:b1:90:d9:de:f0,-41,9,-99,-36,42,104,617508341,98,0,106,0,"[-52,17,22,0,-85,17,71,0,-49,17,104,0,11,18,94,0,57,18,65,0,101,18,18,0,112,18,-36,18,104,18,-104,18,94,18,-149,18,91,18,158,18,125,18,-153,18,-133,18,-123,18,-39,18,-105,18,0,0,0,0,147,0,-159,18,-104,0,103,18,-66,0,32,18,-71,0,-11,17,-114,0,1,18,-157,0,59,18,139,0,142,18,137,0,-99,18,157,0,-41,18,-117,0,-6,18,-74,0,-1,18,-69,0,-28,18,-119,0]"
CSI_DATA,8629,d8:b1:90:d9:de:f0,-40,9,-99,-36,42,104,617717108,130,0,106,0,"[-69,0,40,18,-104,0,-28,17,154,0,-28,17,112,0,15,18,98,0,75,18,108,0,120,18,149,0,156,18,-128,0,-158,18,-89,0,157,18,-88,0,153,18,-120,0,-147,18,147,0,-88,18,108,0,-3,18,0,0,0,0,135,0,-148,0,-114,0,-81,0,-37,0,-52,0,6,1,-74,0,0,1,-123,0,-56,0,157,0,-132,0,129,0,128,0,132,0,84,0,157,0,74,0,-123,0,84,0,-90,0,113,0,-101,0,110,0]"
CSI_DATA,8630,d8:b1:90:d9:de:f0,-39,9,-99,-34,40,104,617761557,98,0,106,0,"[-71,0,-50,0,7,1,-83,0,16,1,-151,0,-41,0,179,0,-98,0,163,0,-161,0,166,0,181,0,-175,0,163,0,-122,0,155,0,-79,0,145,0,-82,0,122,0,-121,0,62,0,-187,0,-37,22,127,0,0,0,0,0,142,22,115,0,37,22,175,0,-11,20,-142,0,-19,20,-91,0,31,22,-82,0,100,22,-133,0,154,22,178,0,173,22,103,0,164,22,52,0,134,22,22,0,98,22,11,0,110,22,32,0,164,22]"
CSI_DATA,8631,d8:b1:90:d9:de:f0,-41,11,-99,-37,43,104,617925561,277,0,106,0,"[144,17,-16,16,87,17,-26,16,73,17,9,17,106,17,58,17,-138,17,93,17,-80,17,105,17,-20,17,95,17,30,0,64,17,71,0,31,17,71,0,27,17,60,0,72,17,42,0,-140,17,46,0,-38,17,0,0,0,0,139,0,-147,0,-79,0,-78,0,-3,0,-53,0,31,1,-66,0,12,1,-103,0,-53,0,-137,0,-136,0,136,0,87,0,143,0,33,0,-135,0,3,0,-93,0,1,0,-64,0,16,0,-66,0,31,0]"
CSI_DATA,8632,d8:b1:90:d9:de:f0,-41,9,-99,-35,42,104,617926042,108,0,106,0,"[-46,17,-88,18,-95,17,-34,18,-68,17,12,0,-4,17,25,0,61,18,4,0,100,18,-33,18,119,18,-95,18,118,18,-151,18,103,18,119,18,99,18,119,18,122,18,-152,18,-117,18,-97,18,-17,18,-63,18,0,0,0,0,-111,0,-84,18,-24,0,-146,18,19,1,92,18,7,1,44,18,-42,0,47,18,-97,0,105,18,-141,0,-134,18,-152,0,-62,18,-136,0,-6,18,-100,0,23,0,-70,0,25,0,-69,0,-1,18,-134,0]"
CSI_DATA,8633,d8:b1:90:d9:de:f0,-41,9,-99,-37,43,104,617926142,130,0,106,0,"[-41,16,79,0,-62,16,143,0,-21,16,-120,0,41,17,-140,0,81,17,117,0,105,17,66,0,98,17,16,0,66,17,-35,17,33,17,-61,17,34,17,-57,17,71,17,-45,17,-144,17,-30,17,-43,17,-42,17,0,0,0,0,120,0,130,17,-132,0,32,17,-131,0,-33,16,130,0,-77,16,91,0,-58,16,62,0,16,17,72,0,101,17,93,0,-137,17,129,0,-98,17,-120,0,-91,17,-90,0,-103,17,-109,0,-129,17,125,0]"
CSI_DATA,8634,d8:b1:90:d9:de:f0,-42,9,-99,-35,43,104,617926295,113,0,106,0,"[67,16,32,16,3,16,47,16,-4,15,99,16,33,16,-136,16,83,16,-116,16,130,16,-126,16,-106,16,125,16,-81,16,74,16,-79,16,37,16,-82,16,34,16,-82,16,81,16,-49,16,-126,16,13,0,-56,16,0,0,0,0,-89,0,8,0,5,1,-11,16,67,1,-61,16,78,1,-107,16,34,1,-124,16,-31,0,-102,16,-92,0,-57,16,-119,0,-5,16,-129,0,43,0,-110,0,75,0,-82,0,87,0,-75,0,64,0,-118,0]"
CSI_DATA,8635,d8:b1:90:d9:de:f0,-40,9,-99,-35,41,104,618134932,500,0,106,0,"[107,20,-19,0,157,20,63,1,-116,20,57,1,-67,20,2,1,-50,20,-63,0,-69,20,-115,0,-111,20,-145,0,-164,20,-146,0,141,20,-134,0,138,20,-126,0,-172,20,-152,0,-131,20,130,0,-109,20,27,0,0,0,0,0,168,20,-152,20,64,20,144,20,-28,19,142,20,-80,19,-166,20,-60,19,-105,20,17,20,-65,20,105,20,-57,20,172,20,-82,20,-138,20,-122,20,-139,20,-170,20,-168,20,152,20,157,20,170,20,-174,20]"
CSI_DATA,8636,d8:b1:90:d9:de:f0,-40,9,-99,-36,42,104,618135223,500,0,106,0,"[-45,17,-135,18,-104,17,-96,18,-79,17,-51,18,-13,17,-33,18,65,18,-45,18,120,18,-84,18,-153,18,-139,18,-124,18,119,18,-109,18,61,18,-107,18,50,18,-85,18,86,18,-42,18,159,18,35,0,-81,18,0,0,0,0,-93,0,18,0,18,1,16,0,95,1,-18,18,114,1,-52,18,76,1,-64,18,-11,0,-45,18,-101,0,-5,18,156,0,54,0,122,0,110,0,118,0,-151,0,129,0,-107,0,149,0,-112,0,137,0]"
CSI_DATA,8637,d8:b1:90:d9:de:f0,-40,9,-99,-35,41,104,618135460,500,0,106,0,"[108,0,-37,19,67,0,-87,19,24,0,-67,19,9,0,-4,19,28,0,64,20,67,0,122,20,126,0,159,20,-150,0,-175,20,-87,0,-170,20,-75,0,-159,20,-109,0,-126,20,-171,0,-60,20,113,0,23,0,0,0,0,0,61,0,-135,0,76,0,-17,0,131,0,64,1,170,0,76,1,163,0,28,1,130,0,-35,0,68,0,-108,0,-2,20,-152,0,-68,20,174,0,-122,20,-168,0,-164,20,-146,0,-157,20,-130,0,-111,20]"
CSI_DATA,8638,d8:b1:90:d9:de:f0,-39,9,-99,-37,41,104,618180698,101,0,106,0,"[-146,0,17,1,-63,0,13,1,-50,0,-43,0,-84,0,-111,0,-148,0,-155,0,151,0,-164,0,85,0,-145,0,30,0,-98,0,-5,21,-55,0,-20,21,-42,0,-36,21,-97,0,-52,21,-178,0,-93,21,95,0,0,0,0,0,109,21,-4,21,10,21,-34,21,-87,20,-8,21,-107,20,26,0,-58,20,52,0,24,21,49,0,114,21,7,0,180,21,-46,21,-158,21,-106,21,-164,21,-167,21,184,21,171,21,161,21,177,21,-186,21]"
CSI_DATA,8639,d8:b1:90:d9:de:f0,-40,11,-99,-37,42,104,618343359,277,0,106,0,"[-10,18,107,19,-76,18,-156,19,-60,18,-79,19,-6,18,-32,19,62,19,-22,19,108,19,-42,19,126,19,-90,19,114,19,-141,19,81,19,156,19,69,19,164,19,103,19,-145,19,-163,19,-117,19,-68,19,-120,19,0,0,0,0,32,0,101,19,32,0,3,19,-5,19,-68,18,-62,19,-81,18,-91,19,-29,18,-89,19,49,19,-49,19,119,19,2,0,155,19,50,0,150,19,85,0,119,19,81,0,73,19,40,0,58,19,-3,19]"
CSI_DATA,8640,d8:b1:90:d9:de:f0,-41,9,-99,-35,42,104,618343822,113,0,106,0,"[-77,17,-67,18,-114,17,-4,18,-72,17,41,0,0,18,46,0,64,18,26,0,108,18,-20,18,132,18,-79,18,133,18,-145,18,117,18,122,18,118,18,114,18,141,18,135,18,-105,18,-133,18,-3,18,-111,18,0,0,0,0,-138,0,-143,18,-69,0,101,18,-42,0,35,18,-58,0,-1,17,-103,0,18,18,-152,0,89,18,134,0,-136,18,136,0,-62,18,-148,0,-8,18,-97,0,20,0,-62,0,23,0,-50,0,-7,18,-101,0]"
CSI_DATA,8641,d8:b1:90:d9:de:f0,-38,11,-99,-35,40,104,618503972,100,0,114,0,"[-20,-35,-20,-41,-20,-44,-18,-47,-15,-49,-13,-47,-10,-46,-10,-44,-10,-41,-9,-41,-9,-40,-7,-40,-9,-38,-7,-40,-9,-43,-9,-44,-10,-44,-10,-46,-12,-47,-12,-46,-12,-49,-12,-49,-12,-49,-12,-49,-10,-46,-10,-47,-10,-44,-10,-44,0,0,-10,-44,-9,-44,-10,-46,-10,-46,-10,-47,-10,-47,-10,-47,-9,-46,-10,-44,-10,-43,-10,-41,-9,-40,-10,-36,-10,-35,-9,-33,-10,-35,-9,-32,-10,-32,-12,-33,-10,-33,-10,-35,-10,-36,-10,-38,-9,-36,-7,-36,-6,-36,-4,-35,-1,-32]"
CSI_DATA,8642,d8:b1:90:d9:de:f0,-40,11,-99,-36,42,104,618552257,277,0,106,0,"[79,1,26,0,112,1,-47,18,67,1,-99,18,0,1,-109,18,-56,0,-88,18,-91,0,-42,18,-100,0,11,0,-79,0,57,0,-54,0,86,0,-52,0,91,0,-94,0,81,0,153,0,69,0,61,0,84,0,0,0,0,0,-74,18,-114,0,-95,18,-21,0,-80,18,57,1,-40,18,89,1,-5,18,56,1,7,0,-20,0,-10,18,-98,0,-47,18,-152,0,-91,18,143,0,-135,18,147,0,-159,18,-146,0,-144,18,-125,0,-91,18]"
CSI_DATA,8643,d8:b1:90:d9:de:f0,-40,9,-99,-34,41,104,618552729,224,0,106,0,"[84,20,14,20,0,20,45,20,-13,18,117,20,21,20,-164,20,85,20,-129,20,136,20,-137,20,-165,20,168,20,-153,20,114,20,-161,20,72,20,-170,20,72,20,-152,20,102,20,-98,20,164,20,-6,20,-128,20,0,0,0,0,158,0,-153,20,-108,0,114,20,-88,0,13,20,-118,0,-29,18,169,0,-16,18,118,0,45,20,101,0,126,20,114,0,-148,20,149,0,-105,20,-141,0,-100,20,-112,0,-124,20,-124,0,-158,20,156,0]"
CSI_DATA,8644,d8:b1:90:d9:de:f0,-40,9,-99,-38,42,104,618761655,130,0,106,0,"[128,0,53,1,-130,0,64,1,-106,0,10,1,-129,0,-58,0,157,0,-109,0,100,0,-133,0,29,0,-121,0,-26,20,-85,0,-65,20,-40,0,-65,20,-29,0,-60,20,-65,0,-49,20,-145,0,-64,20,84,0,0,0,0,0,142,20,-74,20,33,20,-113,20,-57,18,-102,20,-92,18,-61,20,-58,18,-17,20,26,20,-1,20,122,20,-20,20,-152,20,-65,20,-118,20,-121,20,-110,20,158,20,-142,20,118,20,164,20,134,20,-169,20]"
CSI_DATA,8645,d8:b1:90:d9:de:f0,-41,9,-99,-35,42,104,618761790,252,0,106,0,"[96,18,-2,17,23,18,14,18,3,18,75,18,40,18,130,18,105,18,-155,18,-151,18,-146,18,-95,18,130,18,-61,18,79,18,-45,18,34,18,-40,18,20,18,-46,18,59,18,-22,18,132,18,31,0,-101,18,0,0,0,0,-113,0,1,0,-15,0,-19,18,64,1,-57,18,83,1,-111,18,37,1,-128,18,-37,0,-113,18,-111,0,-68,18,-155,0,-9,18,141,0,58,0,-145,0,102,0,-107,0,123,0,-84,0,94,0,-114,0]"
CSI_DATA,8646,d8:b1:90:d9:de:f0,-41,11,-99,-35,42,104,619178954,277,0,106,0,"[-55,18,-72,17,-106,18,-97,17,-138,18,-53,17,-121,18,17,18,-79,18,74,18,-29,18,108,18,31,0,123,18,95,0,118,18,149,0,107,18,-144,0,108,18,-156,0,140,18,127,0,-108,18,110,0,-8,18,0,0,0,0,-156,0,-140,0,-88,0,-73,0,-25,0,-44,0,7,1,-58,0,-3,0,-100,0,-81,0,-152,0,141,0,128,0,66,0,125,0,-2,18,143,0,-42,18,-125,0,-56,18,-79,0,-35,18,-69,0,-2,18]"
CSI_DATA,8647,d8:b1:90:d9:de:f0,-40,9,-99,-36,42,104,619179425,130,0,106,0,"[20,0,73,1,85,0,101,1,122,0,54,1,113,0,-20,0,79,0,-76,0,28,0,-113,0,-32,18,-124,0,-100,18,-112,0,-148,18,-88,0,-154,18,-85,0,-144,18,-114,0,-125,18,138,0,-118,18,45,0,0,0,0,0,120,18,-122,18,31,18,152,18,-39,17,143,18,-75,17,-147,18,-44,17,-101,18,41,18,-70,18,139,18,-66,18,-110,18,-91,18,-56,18,-142,18,-40,18,119,18,-51,18,71,18,-89,18,73,18,-98,18]"
CSI_DATA,8648,d8:b1:90:d9:de:f0,-40,9,-99,-36,42,104,619388351,108,0,106,0,"[-112,18,60,1,-76,18,103,1,-45,18,80,1,-35,18,21,1,-42,18,-46,0,-75,18,-101,0,-117,18,-142,0,139,18,146,0,88,18,127,0,71,18,109,0,98,18,79,0,156,18,30,0,-101,18,-39,18,0,0,0,0,-26,18,98,18,-22,18,-6,17,-49,18,-81,17,-81,18,-105,17,-95,18,-74,17,-83,18,7,18,-32,18,94,18,28,0,153,18,86,0,-130,18,147,0,-123,18,-129,0,-139,18,-128,0,-154,18,144,0]"
CSI_DATA,8649,d8:b1:90:d9:de:f0,-40,9,-99,-35,41,104,619388505,321,0,106,0,"[19,20,-98,0,24,20,-39,0,67,20,-39,0,111,20,-75,0,137,20,-144,0,145,20,139,0,129,20,71,0,89,20,8,0,50,20,-38,20,41,20,-65,20,82,20,-72,20,167,20,-79,20,-83,20,-100,20,0,0,0,0,83,0,134,20,145,0,38,20,160,0,-53,19,148,0,-83,19,118,0,-50,19,93,0,24,20,91,0,126,20,113,0,-139,20,157,0,-78,20,-134,0,-41,20,-86,0,-31,20,-78,0,-53,20,-130,0]"
CSI_DATA,8650,d8:b1:90:d9:de:f0,-40,9,-99,-36,42,104,619388700,321,0,106,0,"[23,18,85,18,-37,17,103,18,-33,17,144,18,13,18,-139,18,84,18,-124,18,142,18,-138,18,-127,18,149,18,-81,18,105,18,-55,18,54,18,-42,18,44,18,-23,18,75,18,8,0,139,18,61,0,-105,18,0,0,0,0,-103,0,1,0,0,1,8,0,80,1,-15,18,101,1,-46,18,70,1,-66,18,-13,0,-56,18,-105,0,-17,18,159,0,32,0,128,0,95,0,127,0,151,0,140,0,-127,0,-156,0,-128,0,148,0]"
CSI_DATA,8651,d8:b1:90:d9:de:f0,-41,9,-99,-35,42,104,619388868,321,0,106,0,"[-47,18,-63,17,-116,18,-89,17,-148,18,-48,17,-138,18,18,18,-103,18,74,18,-51,18,107,18,9,0,113,18,70,0,102,18,113,0,81,18,128,0,81,18,116,0,106,18,95,0,-134,18,89,0,-39,18,0,0,0,0,-151,0,148,0,-62,0,-103,0,15,1,-89,0,62,1,-110,0,50,1,-155,0,-28,0,116,0,-118,0,91,0,110,0,101,0,48,0,130,0,20,0,-127,0,24,0,-77,0,45,0,-70,0,67,0]"
CSI_DATA,8652,d8:b1:90:d9:de:f0,-41,9,-99,-37,43,104,619389036,321,0,106,0,"[-91,0,0,17,-120,0,-60,16,121,0,-54,16,86,0,-3,16,71,0,58,17,88,0,112,17,123,0,-140,17,-125,0,-115,17,-75,0,-101,17,-68,0,-99,17,-91,0,-87,17,-144,0,-46,17,92,0,21,0,0,0,0,0,43,0,-99,0,77,0,0,1,132,0,55,1,-116,0,58,1,-97,0,15,1,-124,0,-60,0,110,0,-123,0,36,0,137,0,-19,17,135,0,-72,17,-135,0,-95,17,-94,0,-73,17,-76,0,-32,17]"
CSI_DATA,8653,d8:b1:90:d9:de:f0,-43,11,-99,-33,44,104,619503975,100,0,228,0,"[10,-16,14,-18,18,-19,21,-19,22,-18,23,-16,23,-13,113,67,21,-10,19,-8,17,-8,15,-7,13,-8,11,-8,10,-9,9,-11,7,-13,7,-14,6,-16,6,-16,5,-17,32,-54,4,-15,3,-13,2,-11,0,-9,-1,-7,-5,-6,0,0,-11,-4,-14,-5,-18,-6,-21,-8,-22,-10,-24,-11,-13,12,-24,-16,-22,-17,-21,-17,-18,-16,-15,-15,-12,-12,-11,-10,-10,-7,-9,-4,-9,-2,-10,0,-10,1,-11,2,99,13,-15,3,-16,2,-17,1,-16,0,-13,0,-11,0,-8,0,9,7,11,0,5,-8,-2,-10,-10,-3,-8,6,0,11,33,-4,13,-2,6,-13,-5,-16,-17,-9,-21,6,-11,20,4,24,22,15,27,-3,18,-22,-1,-27,-20,-17,-23,0,-9,0,2,20,15,9,14,-5,4,-14,-9,-11,-15,0,0,0,0,16,13,11,17,0,11,-12,0,-15,-9,-9,-36,-12,-3,7,4,5,6,-2,0,-9,-9,-8,-13,1,-10,12,1,18,14,13,21,0,17,-13,3,-22,-11,-19,-33,-2,-18,8,-8,17,5,15,12,5,10,-4,0,-9,-6,-5]"
CSI_DATA,8654,d8:b1:90:d9:de:f0,-41,11,-99,-38,43,104,619596751,277,0,106,0,"[-42,0,52,17,-57,0,-4,16,-104,0,-2,16,-144,0,40,17,143,0,98,17,144,0,-152,17,-131,0,-99,17,-91,0,-60,17,-48,0,-29,17,-34,0,-17,17,-65,0,-5,17,-130,0,14,0,97,0,52,0,0,0,0,0,16,0,-101,0,0,0,-8,0,29,0,64,1,61,0,85,1,82,0,45,1,70,0,-38,0,29,0,-116,0,-30,17,136,0,-92,17,116,0,-150,17,125,0,121,17,-149,0,135,17,-117,0,-112,17]"
CSI_DATA,8655,d8:b1:90:d9:de:f0,-40,9,-99,-35,42,104,619597223,130,0,106,0,"[25,18,-53,0,53,18,11,1,113,18,18,1,-154,18,-25,0,-132,18,-83,0,-138,18,-144,0,146,18,122,0,97,18,94,0,50,18,72,0,39,18,69,0,67,18,61,0,125,18,29,0,-123,18,-35,18,0,0,0,0,-75,18,114,18,-100,18,17,18,149,18,-39,17,100,18,-41,17,90,18,9,18,132,18,83,18,-116,18,144,18,-33,18,-143,18,29,0,-150,18,70,0,119,18,79,0,67,18,48,0,50,18,0,0]"
CSI_DATA,8656,d8:b1:90:d9:de:f0,-39,9,-99,-35,41,104,619630877,98,0,106,0,"[34,1,-118,0,109,1,164,0,98,1,78,0,34,1,28,0,-32,0,16,0,-93,0,28,0,-135,0,71,0,-138,0,126,0,-139,0,-172,0,-134,0,-157,0,-155,0,-172,0,130,0,152,0,46,0,127,0,0,0,0,0,-107,20,-135,0,-156,20,-45,0,-149,20,50,1,-109,20,98,1,-42,20,80,1,-9,20,0,1,-2,20,-87,0,-35,20,-171,0,-82,20,141,0,-135,20,141,0,174,20,168,0,-160,20,-150,0,-111,20]"
CSI_DATA,8657,d8:b1:90:d9:de:f0,-40,11,-99,-34,41,104,620014548,277,0,106,0,"[-100,20,58,1,-49,20,100,1,4,0,74,1,9,0,0,1,-1,20,-61,0,-42,20,-116,0,-96,20,-144,0,169,20,-153,0,117,20,-144,0,102,20,-153,0,126,20,168,0,164,20,109,0,-142,20,12,0,0,0,0,0,-144,20,162,20,141,20,82,20,70,20,32,20,25,20,32,20,37,20,73,20,96,20,126,20,-154,20,169,20,-85,20,-160,20,-10,20,168,20,22,0,120,20,29,0,70,20,5,0,56,20,-29,20]"
CSI_DATA,8658,d8:b1:90:d9:de:f0,-41,9,-99,-35,42,104,620015011,130,0,106,0,"[-45,17,128,0,-51,17,-114,0,4,18,-88,0,64,18,-107,0,113,18,-150,0,127,18,112,0,119,18,58,0,79,18,8,0,39,18,-23,18,30,18,-26,18,61,18,-29,18,130,18,-34,18,-101,18,-68,18,0,0,0,0,-11,18,103,18,-4,18,6,18,-39,18,-63,17,-81,18,-83,17,-108,18,-42,17,-99,18,31,18,-58,18,102,18,2,0,143,18,58,0,151,18,103,0,134,18,132,0,100,18,101,0,70,18,53,0]"
CSI_DATA,8659,d8:b1:90:d9:de:f0,-41,9,-99,-37,43,104,620223910,120,0,106,0,"[-121,17,41,1,-93,17,83,1,-56,17,64,1,-38,17,15,1,-45,17,-49,0,-70,17,-99,0,-115,17,-140,0,121,17,124,0,65,17,107,0,48,17,94,0,72,17,71,0,122,17,30,0,-114,17,-39,17,0,0,0,0,-49,17,99,17,-49,17,2,17,-83,17,-66,16,-117,17,-88,16,-118,17,-48,16,-98,17,12,17,-49,17,80,17,10,0,128,17,70,0,-146,17,123,0,-146,17,-128,0,130,17,-130,0,105,17,121,0]"
CSI_DATA,8660,d8:b1:90:d9:de:f0,-40,9,-99,-36,42,104,620224077,120,0,106,0,"[-61,17,30,0,-91,17,85,0,-56,17,110,0,6,18,110,0,71,18,78,0,99,18,21,0,118,18,-39,18,123,18,-103,18,112,18,-157,18,108,18,139,18,137,18,156,18,-115,18,-137,18,-25,18,-113,18,0,0,0,0,158,0,-156,18,-84,0,113,18,-39,0,32,18,-51,0,1,18,-86,0,12,18,-132,0,73,18,154,0,156,18,149,0,-86,18,-156,0,-20,18,-112,0,21,0,-73,0,37,0,-49,0,28,0,-96,0]"
CSI_DATA,8661,d8:b1:90:d9:de:f0,-40,9,-99,-34,41,104,620224208,101,0,106,0,"[76,0,53,1,134,0,77,1,160,0,45,1,142,0,-17,0,101,0,-70,0,50,0,-105,0,-18,20,-112,0,-77,20,-100,0,-132,20,-84,0,-157,20,-88,0,-161,20,-120,0,-153,20,154,0,-144,20,52,0,0,0,0,0,142,20,-116,20,60,20,154,20,-9,18,118,20,-48,18,120,20,-33,18,145,20,41,20,-161,20,132,20,-141,20,-136,20,-144,20,-72,20,-168,20,-40,20,121,20,-26,20,72,20,-40,20,62,20,-58,20]"
CSI_DATA,8662,d8:b1:90:d9:de:f0,-39,9,-99,-34,40,104,620259567,98,0,106,0,"[-83,22,-59,20,-154,22,-76,20,190,22,-25,20,-172,22,43,22,-136,22,92,22,-77,22,127,22,-11,22,125,22,41,0,103,22,97,0,82,22,124,0,79,22,122,0,112,22,127,0,-187,22,151,0,-79,22,0,0,0,0,-124,0,73,0,-14,0,106,0,70,1,112,0,113,1,79,0,77,1,47,0,-4,0,40,0,-101,0,44,0,-179,0,82,0,149,0,139,0,148,0,-188,0,158,0,-136,0,181,0,-143,0,176,0]"
CSI_DATA,8663,d8:b1:90:d9:de:f0,-39,9,-99,-36,41,104,620271750,130,0,106,0,"[-4,19,-138,0,15,21,-56,0,72,21,-36,0,138,21,-66,0,179,21,-113,0,-173,21,-179,0,166,21,138,0,118,21,105,0,80,21,79,0,72,21,76,0,97,21,57,0,156,21,24,0,-129,21,-50,21,0,0,0,0,-110,21,144,21,-141,21,32,21,138,21,-25,19,77,21,-26,19,62,21,31,21,96,21,111,21,172,21,163,21,-107,21,-169,21,-40,21,-179,21,-11,21,139,21,-8,21,86,21,-33,21,81,21,-60,21]"
CSI_DATA,8664,d8:b1:90:d9:de:f0,-40,9,-99,-33,41,104,620272177,113,0,106,0,"[124,0,42,1,-123,0,40,1,-86,0,-19,0,-88,0,-84,0,-129,0,-132,0,158,0,-154,0,111,0,-146,0,79,0,-107,0,60,0,-67,0,55,0,-60,0,53,0,-89,0,22,0,-147,0,-38,19,125,0,0,0,0,0,129,19,106,0,42,19,163,0,-2,18,-82,0,7,19,-18,0,79,19,-1,0,141,19,-45,0,-139,19,-119,0,-130,19,139,0,-151,19,86,0,134,19,64,0,94,19,76,0,97,19,111,0,147,19]"
CSI_DATA,8665,d8:b1:90:d9:de:f0,-38,11,-99,-36,40,104,620504059,100,0,114,0,"[-9,-41,-9,-45,-7,-49,-6,-50,-4,-50,-4,-49,-3,-47,-3,-45,-6,-45,-4,-44,-6,-41,-6,-41,-9,-42,-11,-41,-12,-44,-14,-44,-15,-45,-17,-45,-20,-47,-22,-45,-20,-47,-23,-45,-25,-45,-25,-44,-25,-41,-26,-41,-26,-39,-30,-38,0,0,-30,-36,-28,-34,-31,-34,-33,-34,-33,-36,-34,-34,-36,-33,-38,-33,-38,-30,-38,-26,-38,-25,-36,-23,-36,-20,-34,-19,-33,-17,-33,-15,-33,-12,-34,-12,-36,-12,-36,-11,-38,-11,-39,-12,-41,-12,-42,-12,-41,-11,-41,-12,-38,-14,-33,-12]"
CSI_DATA,8666,d8:b1:90:d9:de:f0,-41,9,-99,-35,42,104,620641707,98,0,106,0,"[-89,18,-77,17,-149,18,-81,17,141,18,-33,17,-146,18,29,18,-105,18,74,18,-47,18,105,18,12,0,112,18,75,0,99,18,118,0,79,18,140,0,91,18,129,0,127,18,111,0,-114,18,105,0,-26,18,0,0,0,0,-151,0,154,0,-83,0,-91,0,-13,0,-58,0,31,1,-61,0,14,1,-107,0,-47,0,-148,0,-132,0,132,0,103,0,125,0,37,0,141,0,-3,18,-130,0,-15,18,-91,0,-1,18,-81,0,22,0]"
CSI_DATA,8667,d8:b1:90:d9:de:f0,-40,9,-99,-35,41,104,620656706,108,0,106,0,"[-16,19,96,20,-78,19,126,20,-56,19,171,20,16,20,-142,20,94,20,-134,20,171,20,-150,20,-118,20,157,20,-63,20,101,20,-19,20,53,20,2,0,50,20,21,0,96,20,49,0,-175,20,97,0,-67,20,0,0,0,0,-118,0,93,0,-13,0,139,0,63,1,149,0,94,1,137,0,57,1,119,0,-21,0,108,0,-124,0,109,0,139,0,134,0,78,0,164,0,41,0,-137,0,23,0,-85,0,34,0,-91,0,43,0]"
CSI_DATA,8668,d8:b1:90:d9:de:f0,-39,9,-99,-37,41,104,620692548,130,0,106,0,"[-84,20,56,0,-116,20,142,0,-69,20,-177,0,7,21,-180,0,79,21,154,0,117,21,95,0,129,21,26,0,110,21,-45,21,81,21,-97,21,81,21,-114,21,122,21,-111,21,-170,21,-94,21,-58,21,-101,21,0,0,0,0,125,0,170,21,-181,0,66,21,-165,0,-33,20,181,0,-79,20,148,0,-61,20,114,0,8,21,98,0,106,21,117,0,184,21,151,0,-127,21,-173,0,-103,21,-130,0,-100,21,-122,0,-119,21,-178,0]"
CSI_DATA,8669,d8:b1:90:d9:de:f0,-40,9,-99,-34,41,104,620692691,113,0,106,0,"[-164,20,49,1,-104,20,118,1,-42,20,109,1,-1,20,38,1,-5,20,-36,0,-25,20,-96,0,-74,20,-136,0,-137,20,-146,0,146,20,-152,0,134,20,-154,0,156,20,157,0,-141,20,98,0,-105,20,4,0,0,0,0,0,-124,20,162,20,157,20,58,20,73,20,12,20,24,20,22,20,20,20,69,20,69,20,128,20,144,20,169,20,-126,20,-154,20,-62,20,-164,20,-22,20,142,20,-9,20,102,20,-26,20,90,20,-46,20]"
CSI_DATA,8670,d8:b1:90:d9:de:f0,-40,11,-99,-37,42,104,621059042,277,0,106,0,"[102,1,6,0,132,1,-62,19,86,1,-98,19,6,1,-95,19,-64,0,-51,19,-112,0,-1,19,-145,0,63,0,-150,0,128,0,-152,0,-150,0,-160,0,-136,0,130,0,-164,0,60,0,112,0,-36,19,64,0,0,0,0,0,88,19,71,0,-20,18,99,0,-76,18,-165,0,-71,18,-128,0,-20,18,-130,0,55,19,146,0,130,19,81,0,164,19,3,0,-152,19,-59,19,163,19,-114,19,142,19,-141,19,130,19,-129,19,-155,19]"
CSI_DATA,8671,d8:b1:90:d9:de:f0,-40,9,-99,-35,41,104,621059523,98,0,106,0,"[-24,0,49,20,-53,0,-28,19,-124,0,-19,19,170,0,31,20,145,0,116,20,153,0,-164,20,-166,0,-101,20,-112,0,-56,20,-61,0,-27,20,-54,0,-26,20,-104,0,-17,20,166,0,10,0,59,0,67,0,0,0,0,0,-43,20,-101,0,-60,20,17,1,-15,20,105,1,32,0,116,1,61,0,60,1,46,0,-38,0,1,0,-130,0,-57,20,156,0,-123,20,134,0,172,20,138,0,137,20,159,0,152,20,-171,0,-133,20]"
CSI_DATA,8672,d8:b1:90:d9:de:f0,-39,9,-99,-37,41,104,621059681,130,0,106,0,"[40,21,30,21,-34,20,75,21,-29,20,142,21,33,21,-170,21,110,21,-148,21,-183,21,-155,21,-125,21,174,21,-87,21,113,21,-61,21,68,21,-47,21,59,21,-33,21,110,21,2,0,-168,21,68,0,-74,21,0,0,0,0,-97,0,-4,21,18,1,4,0,103,1,-50,21,114,1,-98,21,55,1,-119,21,-37,0,-94,21,-127,0,-42,21,183,0,33,0,165,0,98,0,180,0,157,0,-158,0,180,0,-148,0,162,0,183,0]"
CSI_DATA,8673,d8:b1:90:d9:de:f0,-40,9,-99,-34,41,104,621268412,98,0,106,0,"[-136,0,2,1,-64,0,-17,0,-57,0,-80,0,-94,0,-140,0,-144,0,-162,0,133,0,-153,0,89,0,-125,0,70,0,-69,0,70,0,-28,0,70,0,-30,0,66,0,-66,0,36,0,-136,0,-38,20,141,0,0,0,0,0,130,20,104,0,40,20,150,0,-4,18,-125,0,-9,18,-69,0,41,20,-62,0,102,20,-110,0,148,20,165,0,169,20,98,0,150,20,45,0,105,20,24,0,61,20,40,0,62,20,66,0,124,20]"
CSI_DATA,8674,d8:b1:90:d9:de:f0,-42,11,-99,-34,44,104,621503967,100,0,228,0,"[-19,-1,-23,-3,-25,-6,-25,-8,-25,-11,-23,-12,-22,-13,117,69,-18,-12,-16,-11,-16,-10,-15,-9,-15,-8,-16,-7,-16,-6,-17,-6,-18,-5,-19,-5,-20,-5,-20,-5,-19,-5,33,-55,-16,-4,-16,-3,-14,-2,-11,0,-10,1,-8,3,0,0,-9,9,-9,12,-11,14,-14,16,-15,17,-16,19,59,14,-20,18,-21,17,-21,15,-19,13,-17,12,-16,11,-14,10,-12,9,-9,9,-9,11,-7,11,-7,13,-7,14,-82,14,-9,16,-11,16,-12,14,-12,12,-11,10,-9,7,-7,5,1,-13,-7,-11,-13,-1,-9,8,0,13,10,7,12,-3,-15,-26,-7,-13,-16,-4,-15,8,-4,18,9,17,20,6,21,-9,9,-22,-9,-23,-24,-10,-24,9,-11,23,8,23,2,5,20,-8,6,-20,-10,-18,-19,-3,-16,12,-2,19,0,0,19,3,16,-12,3,-18,-10,-16,-16,-3,-12,8,-21,32,7,7,8,-2,1,-9,-7,-5,-11,2,-5,12,5,15,16,8,17,-4,10,-16,-3,-19,-16,-13,-21,0,-23,30,0,20,12,15,18,1,12,-10,0,-15,-10,-9,-13,0]"
CSI_DATA,8675,d8:b1:90:d9:de:f0,-40,9,-99,-33,41,104,621686228,98,0,106,0,"[101,0,-12,18,68,0,-53,18,40,0,-42,18,28,0,-7,18,23,0,28,19,38,0,42,19,60,0,50,19,90,0,44,19,123,0,25,19,126,0,34,19,125,0,73,19,117,0,128,19,129,0,-124,19,0,0,0,0,-134,0,-7,19,-55,0,12,0,20,1,20,0,54,1,-2,19,42,1,-20,19,-2,0,-25,19,-59,0,-5,19,-95,0,24,0,-110,0,55,0,-94,0,84,0,-68,0,89,0,-50,0,62,0,-93,0]"
CSI_DATA,8676,d8:b1:90:d9:de:f0,-39,9,-99,-37,41,104,621895117,130,0,106,0,"[-52,20,-158,0,-31,20,-69,0,47,21,-61,0,114,21,-111,0,152,21,-181,0,146,21,122,0,117,21,72,0,66,21,42,0,27,21,29,0,46,21,42,0,119,21,43,0,-136,21,20,0,-24,21,-45,21,0,0,0,0,98,0,116,21,110,0,-4,20,69,0,-98,20,15,0,-119,20,-23,21,-71,20,-20,21,24,21,15,0,114,21,72,0,170,21,126,0,-181,21,173,0,178,21,-183,0,149,21,157,0,132,21,81,0]"
CSI_DATA,8677,d8:b1:90:d9:de:f0,-39,9,-99,-35,40,104,621895279,224,0,106,0,"[72,1,-124,23,76,1,184,23,12,1,158,23,-63,0,194,23,-113,0,-147,23,-127,0,-81,23,-106,0,-24,23,-61,0,13,0,-32,0,40,0,-44,0,35,0,-112,0,24,0,175,0,32,0,55,0,73,0,0,0,0,0,-98,23,-138,0,-129,23,-18,0,-110,23,70,1,-67,23,107,1,-29,23,72,1,-21,23,-20,0,-47,23,-117,0,-100,23,-183,0,-143,23,184,0,194,23,195,0,177,23,-174,0,-187,23,-160,0,-118,23]"
CSI_DATA,8678,d8:b1:90:d9:de:f0,-39,9,-99,-36,41,104,621895442,124,0,106,0,"[-57,19,172,0,-45,19,-101,0,21,21,-81,0,94,21,-125,0,139,21,175,0,134,21,110,0,108,21,64,0,66,21,36,0,29,21,26,0,40,21,42,0,105,21,39,0,-153,21,12,0,-53,21,-50,21,0,0,0,0,39,0,105,21,33,0,-16,19,-12,21,-87,19,-69,21,-100,19,-100,21,-56,19,-88,21,32,21,-33,21,113,21,26,0,156,21,74,0,163,21,117,0,137,21,124,0,104,21,88,0,94,21,32,0]"
CSI_DATA,8679,d8:b1:90:d9:de:f0,-40,11,-99,-36,41,104,622103535,277,0,106,0,"[-32,19,-159,0,-11,19,-56,0,66,21,-22,0,142,21,-67,0,-180,21,-135,0,-173,21,158,0,149,21,100,0,87,21,74,0,32,21,74,0,19,21,94,0,67,21,101,0,158,21,77,0,-101,21,4,0,0,0,0,0,-31,21,170,21,-69,21,52,21,-138,21,-22,19,165,21,-28,19,148,21,21,21,177,21,96,21,-120,21,155,21,-55,21,-180,21,1,0,168,21,33,0,120,21,26,0,79,21,-21,21,70,21,-57,21]"
CSI_DATA,8680,d8:b1:90:d9:de:f0,-40,9,-99,-36,42,104,622104016,108,0,106,0,"[21,1,-104,0,86,1,-142,0,69,1,132,0,2,1,100,0,-76,0,96,0,-152,0,127,0,118,0,-135,0,75,0,-76,0,57,0,-27,0,49,0,-12,0,44,0,-47,0,23,0,-128,0,-27,18,89,0,0,0,0,0,143,18,-61,18,45,18,-98,18,-39,17,-101,18,-67,17,-85,18,-42,17,-70,18,33,18,-70,18,119,18,-84,18,-132,18,-108,18,-84,18,-153,18,-67,18,114,18,-75,18,76,18,-90,18,76,18,-93,18]"
CSI_DATA,8681,d8:b1:90:d9:de:f0,-40,9,-99,-35,41,104,622104125,98,0,106,0,"[38,20,-54,0,53,20,19,1,112,20,10,1,161,20,-52,0,-172,20,-131,0,168,20,131,0,129,20,61,0,67,20,0,0,16,20,-30,20,-4,19,-37,20,35,20,-37,20,130,20,-34,20,-98,20,-54,20,0,0,0,0,87,0,-172,20,153,0,76,20,172,0,-6,19,167,0,-41,19,145,0,-15,19,119,0,65,20,122,0,157,20,139,0,-109,20,-168,0,-57,20,-112,0,-26,20,-69,0,-23,20,-64,0,-46,20,-122,0]"
CSI_DATA,8682,d8:b1:90:d9:de:f0,-44,9,-99,-37,46,104,622312906,101,0,106,0,"[-27,11,68,12,-76,11,89,12,-67,11,-80,12,-11,11,-54,12,54,12,-50,12,-89,12,-64,12,-30,12,-98,12,21,0,62,12,49,0,13,12,55,0,-4,11,43,0,12,12,19,0,66,12,10,0,-62,12,0,0,0,0,47,0,102,0,93,0,-38,0,-70,0,-2,0,-39,0,-2,0,-41,0,-35,0,-80,0,-83,0,67,0,85,0,6,0,61,0,-49,12,57,0,-98,12,71,0,77,12,98,0,85,12,-88,0,-83,12]"
CSI_DATA,8683,d8:b1:90:d9:de:f0,-44,9,-99,-38,46,104,622313002,266,0,106,0,"[76,0,-47,11,50,0,-90,11,18,0,-69,11,10,0,-14,11,21,0,45,12,50,0,104,12,95,0,-63,12,-62,0,-24,12,-15,0,-4,12,9,0,2,0,-8,0,-2,12,-66,0,-3,12,71,0,8,0,0,0,0,0,-67,12,81,0,92,12,-73,0,67,12,-15,0,69,12,10,0,93,12,-5,0,-90,12,-55,0,-72,12,92,0,-68,12,27,0,-79,12,-26,12,-106,12,-68,12,79,12,-90,12,60,12,-81,12,79,12]"
CSI_DATA,8684,d8:b1:90:d9:de:f0,-43,9,-99,-37,45,104,622313172,246,0,106,0,"[25,0,-63,12,-12,13,-101,12,-41,13,-73,12,-40,13,-13,12,-21,13,49,13,27,0,108,13,84,0,-92,13,-77,0,-71,13,-15,0,-60,13,6,0,-64,13,-12,0,-64,13,-77,0,-54,13,77,0,-15,13,0,0,0,0,-39,13,107,0,-77,13,-42,0,-80,13,24,0,-61,13,51,0,-44,13,26,0,-28,13,-37,0,-37,13,-114,0,-58,13,56,0,-92,13,6,0,95,13,-22,13,54,13,-27,13,40,13,-11,13,74,13]"
CSI_DATA,8685,d8:b1:90:d9:de:f0,-46,11,-99,-34,47,104,622503976,100,0,114,0,"[-18,8,-21,7,-23,6,-24,5,-24,4,-24,3,-22,2,-22,0,-20,1,-20,1,-19,0,-19,0,-19,0,-18,1,-19,2,-20,2,-20,1,-21,0,-22,1,-22,1,-22,1,-22,2,-22,1,-21,2,-20,1,-20,1,-20,1,-20,0,0,0,-19,0,-19,0,-20,0,-20,0,-20,0,-20,0,-20,0,-19,0,-18,0,-18,0,-18,0,-16,0,-15,0,-14,0,-14,0,-14,0,-13,0,-13,0,-14,0,-14,0,-14,0,-15,0,-15,0,-14,-2,-14,-2,-14,-3,-12,-4,-12,-4]"
CSI_DATA,8686,d8:b1:90:d9:de:f0,-46,11,-99,-33,47,104,622730231,277,0,106,0,"[76,9,-23,9,55,9,-27,9,51,9,-6,9,64,9,20,9,-81,9,48,9,-53,9,67,9,-22,9,77,9,16,0,-82,9,60,0,81,9,-66,0,81,9,-38,0,82,9,-23,0,-77,9,-21,0,-59,9,0,0,0,0,-9,0,-33,9,12,0,-12,9,37,0,-1,9,51,0,3,0,41,0,-1,9,13,0,-7,9,-30,0,-12,9,-72,0,-8,9,51,0,7,0,24,0,38,0,5,0,76,0,5,0,-58,0,21,0]"
CSI_DATA,8687,d8:b1:90:d9:de:f0,-47,9,-99,-34,48,104,622730730,98,0,106,0,"[-26,8,38,0,-2,8,54,0,19,0,41,0,27,0,9,0,23,0,-24,0,14,0,-54,0,-10,8,74,0,-41,8,58,0,72,8,50,0,40,8,42,0,17,8,40,0,4,8,36,0,7,8,22,0,0,0,0,0,10,8,-2,8,-13,8,-15,8,-29,8,-26,8,-46,8,-25,8,-43,8,-15,8,-14,8,2,0,29,8,14,0,72,8,10,0,-42,8,-4,8,-14,8,-35,8,-3,8,-75,8,-16,8,44,8,-38,8]"
CSI_DATA,8688,d8:b1:90:d9:de:f0,-47,9,-99,-36,49,104,622730844,98,0,106,0,"[51,0,24,0,-68,0,29,0,-55,0,8,0,-55,0,-20,0,-70,0,-46,0,52,0,-64,0,24,0,68,0,-9,8,68,0,-46,8,-69,0,67,8,-57,0,48,8,-49,0,43,8,-52,0,41,8,-61,0,0,0,0,0,25,8,69,0,8,8,60,0,-17,7,65,0,-28,7,-69,0,-14,7,-63,0,11,8,-62,0,48,8,-71,0,-60,8,49,0,-37,8,18,0,-29,8,-19,8,-39,8,-54,8,-64,8,68,8,60,8]"
CSI_DATA,8689,d8:b1:90:d9:de:f0,-48,9,-99,-35,49,104,622730994,130,0,106,0,"[-5,7,42,8,-29,7,56,8,-25,7,-58,8,-3,7,-33,8,24,8,-20,8,51,8,-21,8,-59,8,-27,8,-35,8,-48,8,-10,8,63,8,6,0,36,8,14,0,19,8,20,0,12,8,21,0,14,8,0,0,0,0,37,0,7,8,56,0,0,8,67,0,-14,7,63,0,-27,7,46,0,-26,7,26,0,-7,7,7,0,25,8,1,0,63,8,6,0,-38,8,27,0,-7,8,60,0,8,0,-50,0,4,0,-43,0]"
CSI_DATA,8690,d8:b1:90:d9:de:f0,-47,9,-99,-37,49,104,622731111,113,0,106,0,"[64,8,20,0,-62,8,39,0,-37,8,32,0,-14,8,6,0,-4,8,-23,0,-8,8,-52,0,-21,8,67,0,-45,8,45,0,68,8,26,0,41,8,15,0,17,8,9,0,8,8,5,0,8,8,0,0,0,0,0,0,5,8,-12,8,-7,8,-27,8,-29,8,-31,8,-43,8,-27,8,-38,8,-10,8,-12,8,8,0,27,8,18,0,70,8,20,0,-39,8,4,0,-16,8,-24,8,-9,8,-62,8,-21,8,53,8,-41,8]"
CSI_DATA,8691,d8:b1:90:d9:de:f0,-46,11,-99,-37,48,104,623148029,277,0,106,0,"[-40,9,-6,0,-73,9,13,0,79,9,32,0,-79,9,33,0,-55,9,16,0,-27,9,-12,0,-2,9,-56,0,16,0,46,0,19,0,-37,9,9,0,53,9,-14,9,-1,9,-33,9,-19,9,-39,9,-7,9,0,0,0,0,7,0,47,9,61,0,57,9,-42,0,57,9,2,0,44,9,14,0,27,9,-4,0,22,9,-48,0,36,9,67,0,66,9,24,0,-59,9,-11,9,-9,9,-34,9,48,0,-31,9,-68,0,-12,9]"
CSI_DATA,8692,d8:b1:90:d9:de:f0,-46,9,-99,-36,47,104,623148528,113,0,106,0,"[-63,0,52,10,-21,0,43,10,-4,0,30,10,-20,0,21,10,-49,0,20,10,-87,0,41,10,46,0,70,10,4,0,-52,10,-24,10,25,0,-33,10,-69,0,-21,10,-5,0,-2,10,22,0,6,0,6,0,0,0,0,0,-20,10,-55,0,-79,10,-76,0,41,10,-72,0,-7,9,-58,0,-16,9,-38,0,8,10,-33,0,58,10,-46,0,-72,10,-72,0,-24,10,66,0,9,0,10,0,24,0,-51,10,15,0,75,10,-9,10]"
CSI_DATA,8693,d8:b1:90:d9:de:f0,-46,9,-99,-35,47,104,623148627,98,0,106,0,"[61,10,74,10,61,10,17,10,55,10,-12,9,56,10,-15,9,63,10,10,10,74,10,45,10,-83,10,-80,10,-49,10,-17,10,0,0,48,0,48,0,-62,0,-81,0,-26,0,-57,0,-17,0,-70,0,-28,0,0,0,0,0,23,0,-69,0,-44,10,-72,0,51,10,-69,0,-4,9,-59,0,-26,9,-50,0,-11,9,-51,0,33,10,-66,0,85,10,86,0,-37,10,57,0,15,0,17,0,58,0,-29,10,83,0,-73,10,81,0]"
CSI_DATA,8694,d8:b1:90:d9:de:f0,-44,9,-99,-35,45,104,623357390,340,0,106,0,"[-22,12,-47,12,-43,12,-101,12,-56,12,-90,12,-51,12,-45,12,-40,12,22,12,-19,12,96,12,7,0,-48,12,39,0,38,0,70,0,-107,0,94,0,-55,0,96,0,-45,0,79,0,-80,0,43,0,84,0,0,0,0,0,-60,12,-58,12,96,12,101,12,32,12,47,12,-3,12,32,12,0,12,45,12,38,12,85,12,93,12,-83,12,-67,12,-36,12,-1,12,6,0,58,0,34,0,-108,0,50,0,-70,0,42,0,-78,0]"
CSI_DATA,8695,d8:b1:90:d9:de:f0,-44,9,-99,-36,46,104,623357584,320,0,106,0,"[46,0,7,0,100,0,-3,11,95,0,-17,11,47,0,-17,11,-14,0,-14,11,-84,0,-7,11,46,0,11,0,-33,11,33,0,96,11,57,0,47,11,75,0,38,11,77,0,68,11,63,0,-80,11,37,0,0,0,0,0,48,0,-54,11,-92,0,84,11,-46,0,30,11,-28,0,-3,11,-42,0,-5,11,-84,0,30,11,73,0,84,11,35,0,-63,11,-2,11,-5,11,-26,11,52,0,-37,11,-96,0,-26,11,-62,0,-3,11]"
CSI_DATA,8696,d8:b1:90:d9:de:f0,-44,9,-99,-34,45,104,623357779,98,0,106,0,"[83,0,47,0,-95,0,92,0,-79,0,79,0,-86,0,28,0,99,0,-36,0,55,0,-97,0,10,0,46,0,-49,12,-22,12,-107,12,-79,12,63,12,97,12,55,12,95,12,83,12,-90,12,-74,12,-55,12,0,0,0,0,79,0,20,0,-44,0,43,0,37,0,51,0,76,0,42,0,65,0,24,0,11,0,5,0,-64,0,-3,12,76,0,-7,12,1,0,-5,12,-66,12,11,0,95,12,36,0,72,12,65,0,98,12]"
CSI_DATA,8697,d8:b1:90:d9:de:f0,-43,9,-99,-36,45,104,623357911,124,0,106,0,"[-40,0,8,13,-16,0,-49,12,-37,0,-59,12,-77,0,-19,12,108,0,41,13,79,0,113,13,47,0,-36,13,22,0,55,0,2,0,-88,0,-7,13,-29,0,-4,13,-20,0,-3,13,-57,0,-8,13,98,0,0,0,0,0,-37,13,-77,13,-77,13,61,13,106,13,-7,12,73,13,-36,12,67,13,-24,12,91,13,28,13,-98,13,99,13,-49,13,-64,13,0,13,-9,13,55,0,38,0,109,0,67,0,-83,0,65,0,-83,0]"
CSI_DATA,8698,d8:b1:90:d9:de:f0,-39,9,-99,-36,41,104,623417794,130,0,106,0,"[-5,19,-169,21,-94,19,-153,21,-100,19,-100,21,-28,19,-57,21,74,21,-50,21,-172,21,-53,21,-55,21,-104,21,57,0,168,21,146,0,79,21,-175,0,8,21,175,0,-4,19,118,0,55,21,62,0,169,21,0,0,0,0,63,0,87,0,113,0,-124,0,-156,0,-11,0,-91,0,21,1,-73,0,-24,0,-104,0,-110,0,172,0,155,0,57,0,81,0,-53,21,45,0,-175,21,48,0,94,21,86,0,62,21,158,0,114,21]"
CSI_DATA,8699,d8:b1:90:d9:de:f0,-39,9,-99,-38,41,104,623438682,108,0,106,0,"[34,1,74,0,119,1,43,0,106,1,10,0,25,1,-1,22,-73,0,17,0,-176,0,67,0,106,0,137,0,10,0,-146,0,-71,22,-59,0,-107,22,1,1,-109,22,-1,0,-86,22,-79,0,-58,22,173,0,0,0,0,0,-53,22,-125,22,-101,22,100,22,-179,22,-11,20,154,22,-53,20,154,22,-29,20,-185,22,53,22,-107,22,154,22,-11,22,-142,22,85,0,-76,22,-185,0,-56,22,-88,0,-59,22,-52,0,-86,22,-95,0]"
CSI_DATA,8700,d8:b1:90:d9:de:f0,-42,11,-99,-38,44,104,623504025,100,0,228,0,"[12,12,15,18,18,22,20,24,20,26,19,27,18,26,131,78,15,22,14,19,13,15,12,12,11,9,11,5,10,1,11,-2,10,-6,11,-9,11,-13,10,-16,10,-19,37,-62,8,-19,8,-18,6,-15,5,-11,3,-8,1,-5,0,0,-5,3,-8,7,-11,10,-14,13,-18,16,-21,19,31,15,-24,21,-25,21,-24,21,-22,19,-20,16,-16,14,-12,12,-9,10,-5,8,-1,7,2,6,6,6,9,5,113,0,16,7,19,7,19,8,19,9,16,10,12,9,9,8,-14,4,-7,13,5,14,12,6,10,-4,1,-7,-5,-2,14,29,5,5,11,-1,7,-12,-5,-18,-19,-9,-23,7,-11,25,10,28,28,13,30,-11,11,-29,-12,-27,-26,-8,-11,-7,-3,20,11,11,12,-3,2,-10,-9,-6,-11,6,0,0,11,13,20,-1,14,-15,-1,-22,-15,-14,-20,0,-34,32,0,12,6,5,3,0,-1,1,-1,5,6,8,13,2,13,-10,3,-20,-11,-19,-22,-5,-21,12,-7,24,25,28,23,8,21,-8,7,-19,-6,-14,-11,-3,-6,5,3,5]"
CSI_DATA,8701,d8:b1:90:d9:de:f0,-38,11,-99,-38,40,104,623774725,277,0,106,0,"[-139,0,83,25,-154,0,10,25,-213,0,16,25,167,0,95,25,159,0,201,25,182,0,-130,25,-171,0,-35,25,-68,0,31,0,30,1,57,0,83,1,41,0,57,1,1,0,-58,0,-23,25,213,0,-15,25,0,0,0,0,-41,25,167,0,-115,25,-112,0,-122,25,16,1,-75,25,65,1,-30,25,30,1,-10,25,-94,0,-45,25,201,0,-115,25,99,0,208,25,45,0,92,25,45,0,10,25,94,0,15,25,191,0,127,25]"
CSI_DATA,8702,d8:b1:90:d9:de:f0,-38,9,-99,-35,39,104,623775179,252,0,106,0,"[76,25,155,25,-10,24,174,25,-1,24,-207,25,74,25,-155,25,167,25,-155,25,-179,25,-196,25,-108,25,169,25,-70,25,58,25,-55,25,-41,24,-81,25,-84,24,-117,25,-48,24,-117,25,67,25,-58,25,217,25,0,0,0,0,181,0,-51,25,-103,0,-31,25,17,1,-86,25,55,1,-141,25,3,1,-165,25,-100,0,-133,25,-205,0,-50,25,188,0,51,0,188,0,158,0,-196,0,-195,0,-105,0,-157,0,-39,0,-200,0,-57,0]"
CSI_DATA,8703,d8:b1:90:d9:de:f0,-35,9,-99,-36,37,104,623820896,98,0,106,0,"[221,33,91,33,129,33,78,33,125,33,145,33,214,33,217,33,-235,33,257,33,-102,33,246,33,29,0,188,33,147,0,85,33,239,0,-8,31,250,0,-58,31,219,0,-13,31,152,0,120,33,111,0,-248,33,0,0,0,0,158,0,129,0,277,0,-257,0,-163,0,-156,0,-89,0,-132,0,-111,0,-179,0,-210,0,-250,0,203,0,270,0,44,0,277,0,-82,33,-264,0,-181,33,-154,0,-219,33,-38,0,-158,33,42,2,-24,33]"
CSI_DATA,8704,d8:b1:90:d9:de:f0,-36,9,-99,-37,38,104,623821091,98,0,106,0,"[-162,0,121,30,-176,0,26,30,-238,0,39,30,244,0,125,30,229,0,246,30,-260,0,-172,30,-180,0,-69,30,-61,0,10,0,55,2,55,0,102,2,45,0,36,2,22,0,-98,0,-2,30,258,0,20,0,0,0,0,0,-65,30,186,0,-182,30,-186,0,-227,30,-39,0,-215,30,32,2,-178,30,10,2,-145,30,-100,0,-154,30,-250,0,-211,30,149,0,229,30,57,0,110,30,8,0,-2,28,36,0,-45,28,127,0,65,30]"
CSI_DATA,8705,d8:b1:90:d9:de:f0,-38,11,-99,-34,39,104,624192522,277,0,106,0,"[157,0,41,25,127,0,-47,23,73,0,-41,23,57,0,26,25,73,0,104,25,124,0,174,25,206,0,-204,25,-119,0,-181,25,-21,0,-184,25,30,1,-199,25,16,1,-213,25,-70,0,-188,25,-184,0,-117,25,0,0,0,0,87,0,94,0,72,0,-172,0,95,0,-50,0,127,0,15,1,146,0,8,1,117,0,-70,0,58,0,-156,0,-28,25,-213,0,-124,25,203,0,206,25,-194,0,132,25,-130,0,137,25,-50,0,-203,25]"
CSI_DATA,8706,d8:b1:90:d9:de:f0,-38,9,-99,-36,39,104,624192994,101,0,106,0,"[-170,26,-58,0,-122,26,37,1,-67,26,35,1,-44,26,-40,0,-40,26,-108,0,-104,26,-179,0,-186,26,-213,0,156,26,-216,0,64,26,-183,0,24,26,-147,0,51,26,-138,0,144,26,-176,0,-216,26,186,0,0,0,0,0,-119,26,-67,26,-147,26,225,26,224,26,122,26,158,26,74,26,140,26,99,26,179,26,167,26,-184,26,222,26,-81,26,-220,26,14,0,211,26,78,0,128,26,88,0,23,26,42,0,-42,24,-56,26]"
CSI_DATA,8707,d8:b1:90:d9:de:f0,-37,9,-99,-35,38,104,624193144,130,0,106,0,"[-155,29,54,29,236,29,9,29,191,29,54,29,205,29,131,29,-221,29,188,29,-131,29,203,29,-38,29,160,29,48,0,73,29,94,0,-19,27,83,0,-85,27,56,0,-62,27,9,0,38,29,3,0,184,29,0,0,0,0,151,0,-58,29,-209,0,31,0,-46,0,46,0,25,1,17,0,15,1,-25,29,-62,0,-29,29,-164,0,9,0,240,0,81,0,201,0,174,0,232,0,-205,0,-184,0,-122,0,-85,0,-126,0,-52,0]"
CSI_DATA,8708,d8:b1:90:d9:de:f0,-37,9,-99,-35,39,104,624401866,98,0,106,0,"[6,1,41,0,60,1,-32,25,20,1,-101,25,-46,0,-101,25,-124,0,-79,25,-150,0,-25,25,-136,0,39,0,-84,0,115,0,-6,0,167,0,50,1,146,0,27,1,101,0,-50,0,46,0,-181,0,36,0,0,0,0,0,70,0,169,0,38,0,-127,0,74,0,-3,0,146,0,34,1,196,0,-1,0,190,0,-101,0,117,0,-184,0,17,0,215,0,-69,25,-193,0,-131,25,-117,0,-129,25,-8,0,-31,25,65,1,91,0]"
CSI_DATA,8709,d8:b1:90:d9:de:f0,-38,9,-99,-36,40,104,624401971,98,0,106,0,"[39,23,201,0,9,23,-147,0,42,23,-145,0,98,23,-190,0,136,23,147,0,137,23,63,0,123,23,-23,23,80,23,-117,23,28,23,-194,23,-1,22,183,23,30,23,196,23,95,23,-175,23,-190,23,-142,23,0,0,0,0,63,0,-152,23,190,0,183,23,-133,0,107,23,-104,0,57,23,-123,0,57,23,-167,0,131,23,196,0,-160,23,199,0,-61,23,-171,0,28,0,-103,0,104,0,-14,0,136,0,53,1,103,0,7,1]"
CSI_DATA,8710,d8:b1:90:d9:de:f0,-38,9,-99,-35,39,104,624402111,120,0,106,0,"[89,25,176,25,6,25,215,25,1,25,-157,25,50,25,-105,25,117,25,-93,25,165,25,-120,25,184,25,-186,25,162,25,186,25,122,25,115,25,76,25,110,25,63,25,165,25,119,25,-210,25,-221,25,-167,25,0,0,0,0,-10,25,-195,25,58,0,136,25,67,0,19,25,19,0,-41,24,-27,25,-24,24,-44,25,55,25,-19,25,143,25,50,0,207,25,131,0,214,25,190,0,152,25,214,0,55,25,157,0,-19,24,27,0]"
CSI_DATA,8711,d8:b1:90:d9:de:f0,-38,9,-99,-37,40,104,624402233,120,0,106,0,"[156,0,19,24,135,0,-42,22,92,0,-27,22,88,0,44,24,106,0,127,24,143,0,184,24,-197,0,-187,24,-112,0,-154,24,-26,0,-137,24,17,1,-138,24,0,1,-143,24,-75,0,-115,24,-181,0,-50,24,0,0,0,0,81,0,153,0,63,0,-132,0,63,0,-14,0,92,0,35,1,114,0,21,1,86,0,-65,0,26,0,-153,0,-58,24,202,0,-159,24,177,0,156,24,200,0,86,24,-158,0,101,24,-66,0,194,24]"
CSI_DATA,8712,d8:b1:90:d9:de:f0,-39,11,-99,-35,41,104,624503697,100,0,114,0,"[-10,-34,-10,-38,-10,-39,-8,-41,-8,-42,-6,-41,-5,-39,-6,-38,-6,-35,-6,-35,-8,-34,-8,-34,-9,-34,-10,-34,-12,-35,-13,-35,-15,-35,-16,-37,-17,-38,-20,-38,-20,-38,-21,-38,-20,-37,-23,-37,-23,-35,-23,-35,-24,-32,-26,-32,0,0,-26,-31,-26,-30,-28,-30,-28,-31,-30,-30,-30,-31,-31,-28,-31,-28,-32,-26,-32,-24,-32,-23,-31,-21,-30,-19,-28,-17,-30,-16,-28,-16,-28,-15,-30,-13,-31,-13,-31,-12,-32,-12,-34,-13,-37,-13,-37,-13,-35,-12,-34,-15,-31,-16,-28,-15]"
CSI_DATA,8713,d8:b1:90:d9:de:f0,-38,9,-99,-38,40,104,624610809,98,0,106,0,"[-193,0,58,25,-193,0,-18,23,199,0,-6,23,181,0,73,25,184,0,174,25,-213,0,-169,25,-157,0,-68,25,-78,0,16,0,5,1,80,0,41,1,102,0,1,1,102,0,-92,0,78,0,181,0,65,0,0,0,0,0,-122,25,109,0,169,25,184,0,62,25,-167,0,28,25,-117,0,50,25,-122,0,124,25,-198,0,189,25,122,0,-208,25,6,0,-203,25,-104,25,199,25,-214,25,149,25,146,25,78,25,149,25,94,25]"
CSI_DATA,8714,d8:b1:90:d9:de:f0,-41,9,-99,-35,42,104,625028598,108,0,106,0,"[19,18,-124,0,19,18,-64,0,62,18,-56,0,101,18,-96,0,128,18,-135,0,129,18,130,0,111,18,86,0,70,18,50,0,30,18,17,0,14,18,11,0,35,18,7,0,94,18,-4,18,-136,18,-33,18,0,0,0,0,-24,18,-155,18,-3,18,42,18,-29,18,-36,17,-68,18,-79,17,-96,18,-57,17,-96,18,17,18,-56,18,96,18,7,0,140,18,68,0,145,18,128,0,116,18,152,0,59,18,119,0,12,18,36,0]"
CSI_DATA,8715,d8:b1:90:d9:de:f0,-40,9,-99,-34,41,104,625042342,130,0,106,0,"[162,20,4,20,101,20,2,20,86,20,46,20,117,20,98,20,165,20,134,20,-128,20,145,20,-78,20,120,20,-33,20,82,20,-4,20,37,20,5,0,18,20,8,0,48,20,12,0,105,20,42,0,-145,20,0,0,0,0,-165,0,-29,20,-50,0,-10,20,41,1,-42,20,76,1,-86,20,46,1,-122,20,-28,0,-122,20,-114,0,-73,20,-160,0,-5,20,-170,0,64,0,-128,0,124,0,-65,0,150,0,-13,0,98,0,-46,0]"
CSI_DATA,8716,d8:b1:90:d9:de:f0,-41,9,-99,-35,42,104,625042879,113,0,106,0,"[136,18,0,18,66,18,4,18,48,18,58,18,73,18,113,18,121,18,148,18,-151,18,149,18,-114,18,130,18,-89,18,89,18,-72,18,41,18,-77,18,28,18,-85,18,53,18,-66,18,100,18,-3,18,-145,18,0,0,0,0,144,0,-90,18,-73,0,-127,18,-18,0,112,18,-15,0,51,18,-56,0,25,18,-118,0,64,18,140,0,135,18,136,0,-102,18,-150,0,-53,18,-89,0,-37,18,-31,0,-63,18,-20,0,-121,18,-101,0]"
CSI_DATA,8717,d8:b1:90:d9:de:f0,-41,11,-99,-33,42,104,625445914,277,0,106,0,"[-100,0,21,1,-43,0,11,1,-33,0,-31,0,-61,0,-80,0,-103,0,-109,0,146,0,-118,0,109,0,-109,0,75,0,-88,0,41,0,-76,0,21,0,-83,0,1,0,-122,0,-27,17,108,0,-72,17,42,0,0,0,0,0,84,17,-64,17,-9,16,-79,17,-80,16,-62,17,-114,16,-23,17,-86,16,11,0,-11,16,18,0,72,17,2,0,135,17,-41,17,-124,17,-92,17,-125,17,-142,17,145,17,112,17,115,17,128,17,123,17]"
CSI_DATA,8718,d8:b1:90:d9:de:f0,-41,9,-99,-33,42,104,625446395,224,0,106,0,"[71,1,64,0,106,1,4,0,77,1,-42,17,24,1,-57,17,-30,0,-56,17,-57,0,-30,17,-79,0,-4,17,-87,0,30,0,-86,0,60,0,-108,0,70,0,145,0,68,0,81,0,69,0,0,0,83,0,0,0,0,0,-136,17,-123,0,117,17,-40,0,117,17,36,1,-140,17,81,1,-98,17,70,1,-64,17,9,1,-55,17,-71,0,-73,17,-137,0,-105,17,117,0,-147,17,109,0,113,17,125,0,121,17,-137,0,-110,17]"
CSI_DATA,8719,d8:b1:90:d9:de:f0,-41,9,-99,-32,42,104,625460749,113,0,106,0,"[38,16,23,16,-8,15,35,16,-2,15,65,16,29,16,103,16,76,16,120,16,126,16,130,16,-114,16,124,16,-62,16,112,16,-14,16,102,16,22,0,114,16,57,0,-143,16,79,0,-89,16,108,0,-22,16,0,0,0,0,-97,0,102,0,-28,0,-134,0,37,1,-111,0,66,1,-113,0,48,1,-133,0,-11,0,126,0,-93,0,109,0,122,0,112,0,60,0,130,0,22,0,-115,0,10,0,-79,0,19,0,-71,0,37,0]"
CSI_DATA,8720,d8:b1:90:d9:de:f0,-43,11,-99,-30,44,104,625503664,100,0,228,0,"[-10,-14,-11,-17,-12,-20,-12,-21,-10,-23,-10,-23,-9,-23,104,62,-6,-20,-5,-17,-5,-15,-5,-13,-5,-10,-6,-10,-8,-7,-10,-5,-10,-3,-12,-1,-14,0,-15,0,-15,1,29,-49,-15,3,-13,4,-12,4,-10,5,-8,6,-5,7,0,0,-1,10,0,14,1,16,2,20,3,22,3,24,49,0,1,26,1,26,0,25,0,23,0,21,0,18,0,15,1,11,3,9,5,7,6,5,9,4,10,4,-93,0,15,4,15,5,16,5,15,6,13,6,10,5,7,5,6,-6,0,-10,-8,-6,-10,2,-5,10,5,10,10,2,1,-30,0,-13,-11,-8,-15,3,-9,15,5,18,18,10,21,-5,11,-20,-5,-24,-21,-12,-24,6,-11,20,5,21,0,11,15,-6,4,-14,-8,-10,-12,0,-5,10,5,10,0,0,11,-9,0,-15,-10,-11,-15,0,-10,10,0,14,12,34,10,-2,2,-8,-5,-5,-7,4,0,10,10,8,15,-1,10,-13,-1,-18,-15,-12,-20,0,-15,15,0,21,26,21,20,2,15,-11,2,-16,-8,-10,-11,0,-5,8,3,7]"
CSI_DATA,8721,d8:b1:90:d9:de:f0,-42,9,-99,-35,43,104,625655294,98,0,106,0,"[-44,0,-3,15,-95,0,-47,15,127,0,-31,15,87,0,7,16,71,0,51,16,68,0,79,16,82,0,92,16,103,0,107,16,118,0,117,16,123,0,-135,16,124,0,-109,16,125,0,-59,16,133,0,-5,16,0,0,0,0,-66,0,73,0,1,1,85,0,58,1,66,0,87,1,18,0,65,1,-26,16,-3,0,-44,16,-78,0,-33,16,-125,0,2,0,137,0,43,0,-119,0,81,0,-80,0,94,0,-54,0,64,0,-81,0]"
CSI_DATA,8722,d8:b1:90:d9:de:f0,-42,9,-99,-33,43,104,625655453,98,0,106,0,"[-4,14,48,15,-46,14,102,15,-30,14,-101,15,3,15,-74,15,45,15,-58,15,69,15,-56,15,85,15,-72,15,91,15,-86,15,97,15,-101,15,116,15,-103,15,-109,15,-109,15,-66,15,-112,15,-18,15,-127,15,0,0,0,0,41,0,61,15,42,0,-4,14,14,0,-61,14,-26,15,-80,14,-65,15,-48,14,-78,15,14,15,-59,15,78,15,-23,15,114,15,16,0,123,15,48,0,99,15,48,0,59,15,12,0,40,15,-28,15]"
CSI_DATA,8723,d8:b1:90:d9:de:f0,-39,11,-99,-34,40,104,625863712,277,0,106,0,"[47,1,-16,22,83,1,-92,22,40,1,-130,22,-28,0,-134,22,-89,0,-95,22,-136,0,-47,22,-152,0,19,0,-142,0,92,0,-128,0,155,0,-110,0,190,0,-136,0,188,0,188,0,166,0,92,0,145,0,0,0,0,0,-89,22,-173,0,-175,22,-83,0,173,22,20,1,188,22,77,1,-130,22,68,1,-85,22,-10,0,-74,22,-116,0,-100,22,160,0,-163,22,95,0,134,22,62,0,52,22,70,0,26,22,133,0,80,22]"
CSI_DATA,8724,d8:b1:90:d9:de:f0,-39,9,-99,-36,41,104,625864183,130,0,106,0,"[-111,21,38,1,-76,21,86,1,-46,21,59,1,-45,21,-9,0,-57,21,-88,0,-87,21,-159,0,-145,21,139,0,152,21,84,0,87,21,39,0,60,21,8,0,83,21,-19,21,152,21,-40,21,-114,21,-73,21,0,0,0,0,66,0,152,21,129,0,55,21,177,0,-40,19,172,0,-90,19,145,0,-70,19,114,0,19,21,100,0,137,21,117,0,-110,21,156,0,-15,21,-138,0,60,0,-59,0,93,0,-9,0,67,0,-40,0]"
CSI_DATA,8725,d8:b1:90:d9:de:f0,-41,11,-99,-36,43,104,626281509,277,0,106,0,"[-75,0,-25,0,-25,0,-42,0,-25,0,-78,0,-56,0,-111,0,-104,0,-127,0,-138,0,-120,0,120,0,-97,0,105,0,-65,0,90,0,-40,0,81,0,-42,0,67,0,-76,0,37,0,-136,0,-20,16,89,0,0,0,0,0,116,16,21,0,23,16,37,0,-42,15,72,0,-65,15,120,0,-33,15,133,0,26,16,117,0,93,16,76,0,122,16,19,0,127,16,-34,16,96,16,-75,16,50,16,-84,16,26,16,-49,16,69,16]"
CSI_DATA,8726,d8:b1:90:d9:de:f0,-41,9,-99,-37,43,104,626282008,101,0,106,0,"[-30,17,-60,16,-87,17,-76,16,-120,17,-40,16,-113,17,5,17,-90,17,41,17,-71,17,60,17,-35,17,58,17,-13,17,43,17,4,0,30,17,10,0,33,17,15,0,71,17,25,0,137,17,56,0,-86,17,0,0,0,0,-110,0,13,0,-23,0,11,0,48,1,-11,17,76,1,-48,17,56,1,-83,17,-9,0,-79,17,-77,0,-56,17,-116,0,-10,17,-118,0,35,0,-93,0,75,0,-57,0,80,0,-34,0,36,0,-79,0]"
CSI_DATA,8727,d8:b1:90:d9:de:f0,-42,9,-99,-35,43,104,626282149,130,0,106,0,"[21,0,-50,15,-32,16,-70,15,-61,16,-45,15,-74,16,-2,15,-59,16,39,16,-37,16,56,16,-11,16,52,16,14,0,41,16,28,0,22,16,29,0,31,16,28,0,75,16,30,0,133,16,57,0,-76,16,0,0,0,0,-107,0,17,0,-26,0,27,0,46,1,-1,16,73,1,-45,16,47,1,-71,16,-4,0,-78,16,-68,0,-52,16,-104,0,-10,16,-115,0,26,0,-88,0,58,0,-46,0,63,0,-32,0,30,0,-77,0]"
CSI_DATA,8728,d8:b1:90:d9:de:f0,-41,9,-99,-37,43,104,626282266,108,0,106,0,"[-43,16,41,0,-49,16,103,0,-12,16,133,0,28,17,125,0,61,17,109,0,77,17,72,0,65,17,48,0,41,17,27,0,20,17,19,0,28,17,16,0,62,17,15,0,123,17,-2,17,-106,17,-46,17,0,0,0,0,-38,17,122,17,-51,17,35,17,-99,17,-27,16,145,17,-47,16,128,17,-11,16,140,17,46,17,-114,17,101,17,-61,17,128,17,-11,17,124,17,8,0,85,17,-1,17,39,17,-41,17,35,17,-81,17]"
CSI_DATA,8729,d8:b1:90:d9:de:f0,-39,11,-99,-33,40,104,626503734,100,0,114,0,"[-5,40,-10,43,-13,45,-15,45,-20,45,-21,43,-20,42,-21,39,-20,36,-20,34,-20,33,-20,34,-21,33,-21,33,-21,36,-21,37,-23,37,-24,39,-26,40,-26,40,-26,42,-26,42,-26,42,-27,40,-26,39,-26,37,-26,36,-26,34,0,0,-24,34,-27,34,-27,34,-27,34,-29,36,-29,34,-29,36,-30,34,-29,33,-27,33,-27,31,-26,30,-24,29,-23,27,-23,26,-23,26,-21,26,-23,26,-23,26,-24,26,-24,27,-27,27,-27,27,-30,26,-30,24,-30,21,-31,20,-29,15]"
CSI_DATA,8730,d8:b1:90:d9:de:f0,-40,11,-99,-36,42,104,626699306,277,0,106,0,"[-120,18,35,1,-71,18,83,1,-25,18,56,1,-2,18,0,1,-16,18,-49,0,-42,18,-85,0,-88,18,-108,0,-146,18,-104,0,133,18,-86,0,117,18,-74,0,132,18,-86,0,-151,18,-135,0,-120,18,108,0,0,0,0,0,-151,18,-67,18,99,18,-133,18,20,18,154,18,-40,17,-149,18,-41,17,-107,18,21,18,-65,18,108,18,-46,18,-144,18,-70,18,-96,18,-122,18,-89,18,130,18,-120,18,75,18,133,18,69,18,107,18]"
CSI_DATA,8731,d8:b1:90:d9:de:f0,-40,9,-99,-36,42,104,626699778,130,0,106,0,"[-17,17,156,18,-60,17,-146,18,-40,17,-122,18,17,18,-110,18,85,18,-117,18,140,18,-140,18,-127,18,127,18,-84,18,74,18,-51,18,18,18,-32,18,-2,17,-13,18,20,18,1,0,85,18,37,0,-151,18,0,0,0,0,157,0,10,0,-70,0,66,0,23,1,91,0,71,1,88,0,57,1,62,0,-11,0,49,0,-108,0,55,0,132,0,74,0,62,0,133,0,30,0,-114,0,32,0,-40,0,76,0,-10,0,119,0]"
CSI_DATA,8732,d8:b1:90:d9:de:f0,-40,9,-99,-34,41,104,626699940,98,0,106,0,"[-126,20,29,1,-65,20,77,1,-12,20,56,1,20,0,6,1,12,0,-52,0,-18,20,-82,0,-61,20,-90,0,-109,20,-69,0,-146,20,-37,0,-146,20,-12,0,-118,20,-34,0,-94,20,-96,0,-88,20,160,0,0,0,0,0,-168,20,17,0,73,20,-10,20,-26,18,20,0,-65,18,64,0,-34,18,108,0,32,20,120,0,113,20,88,0,162,20,32,0,-169,20,-32,20,132,20,-86,20,65,20,-96,20,13,20,-57,20,44,20]"
CSI_DATA,8733,d8:b1:90:d9:de:f0,-41,9,-99,-36,42,104,626700063,98,0,106,0,"[15,18,-123,0,8,18,-74,0,39,18,-79,0,83,18,-115,0,105,18,147,0,108,18,91,0,93,18,27,0,64,18,-28,18,26,18,-79,18,21,18,-104,18,47,18,-110,18,103,18,-104,18,-128,18,-108,18,0,0,0,0,51,0,-151,18,128,0,99,18,-154,0,35,18,-140,0,-12,17,-159,0,-10,17,132,0,46,18,113,0,134,18,120,0,-109,18,147,0,-42,18,-117,0,3,0,-54,0,18,0,-15,0,-13,18,-57,0]"
CSI_DATA,8734,d8:b1:90:d9:de:f0,-40,9,-99,-34,41,104,626700195,98,0,106,0,"[24,1,154,0,62,1,136,0,46,1,106,0,-9,0,93,0,-70,0,102,0,-125,0,138,0,169,0,-156,0,144,0,-86,0,122,0,-26,0,102,0,0,1,80,0,-25,0,49,0,-81,0,-9,20,-156,0,0,0,0,0,-158,20,69,0,74,20,46,0,-20,18,57,0,-61,18,78,0,-44,18,92,0,20,20,76,0,97,20,41,0,160,20,-21,20,-144,20,-93,20,-146,20,-168,20,157,20,109,20,112,20,104,20,98,20]"
CSI_DATA,8735,d8:b1:90:d9:de:f0,-39,9,-99,-37,41,104,626700345,214,0,106,0,"[-31,20,120,0,-52,20,168,0,-17,20,180,0,39,21,149,0,84,21,110,0,106,21,42,0,98,21,-21,21,77,21,-100,21,50,21,-154,21,43,21,-186,21,71,21,-181,21,139,21,-165,21,-138,21,-141,21,0,0,0,0,68,0,-177,21,167,0,135,21,-151,0,53,21,-136,0,-2,20,-162,0,-5,20,165,0,58,21,138,0,149,21,141,0,-122,21,175,0,-45,21,-126,0,2,0,-50,0,11,0,-18,0,-27,21,-63,0]"
CSI_DATA,8736,d8:b1:90:d9:de:f0,-40,9,-99,-34,41,104,626700499,214,0,106,0,"[-16,18,-170,20,-72,18,-144,20,-52,18,-110,20,5,20,-93,20,69,20,-96,20,117,20,-128,20,157,20,165,20,-160,20,105,20,-146,20,50,20,-134,20,20,20,-121,20,38,20,-82,20,82,20,-14,20,162,20,0,0,0,0,148,0,-90,20,-82,0,-102,20,2,1,-134,20,29,1,-168,20,16,1,154,20,-53,0,-156,20,-126,0,-106,20,-166,0,-26,20,162,0,42,0,-146,0,116,0,-94,0,161,0,-38,0,146,0,-52,0]"
CSI_DATA,8737,d8:b1:90:d9:de:f0,-39,9,-99,-36,41,104,627117567,130,0,106,0,"[-22,19,110,0,-52,19,169,0,-15,19,-172,0,46,21,163,0,90,21,125,0,121,21,56,0,125,21,-14,21,98,21,-90,21,74,21,-148,21,72,21,-168,21,107,21,-166,21,176,21,-138,21,-66,21,-114,21,0,0,0,0,138,0,-166,21,-127,0,124,21,-80,0,32,21,-79,0,-16,19,-120,0,-8,19,-176,0,69,21,152,0,166,21,146,0,-103,21,163,0,-19,21,-142,0,38,0,-81,0,57,0,-59,0,29,0,-97,0]"
CSI_DATA,8738,d8:b1:90:d9:de:f0,-41,11,-99,-35,42,104,627326002,277,0,106,0,"[116,0,-33,17,72,0,-72,17,46,0,-45,17,40,0,8,18,67,0,56,18,96,0,78,18,143,0,85,18,-124,0,72,18,-107,0,57,18,-122,0,69,18,151,0,110,18,117,0,-122,18,92,0,-20,18,0,0,0,0,134,0,-154,0,-121,0,-78,0,-57,0,-48,0,-34,0,-53,0,-41,0,-90,0,-99,0,-125,0,144,0,-143,0,91,0,-141,0,50,0,-116,0,41,0,-83,0,48,0,-52,0,83,0,-66,0,90,0]"
CSI_DATA,8739,d8:b1:90:d9:de:f0,-41,9,-99,-37,43,104,627326492,98,0,106,0,"[50,1,27,0,70,1,-28,17,34,1,-56,17,-16,0,-54,17,-55,0,-27,17,-62,0,15,0,-51,0,48,0,-19,0,79,0,9,1,86,0,5,1,58,0,-56,0,33,0,-143,0,21,0,56,0,50,0,0,0,0,0,-64,17,-106,0,-79,17,-18,0,-49,17,51,1,-11,17,66,1,11,0,30,1,8,0,-34,0,-25,17,-100,0,-64,17,-131,0,-106,17,-136,0,-133,17,-114,0,-136,17,-76,0,-93,17,-56,0,-28,17]"
CSI_DATA,8740,d8:b1:90:d9:de:f0,-41,9,-99,-35,42,104,627326615,98,0,106,0,"[-132,18,19,1,-79,18,62,1,-40,18,40,1,-23,18,-6,0,-39,18,-52,0,-75,18,-75,0,-114,18,-74,0,-143,18,-42,0,-154,18,-23,0,-132,18,-23,0,-96,18,-80,0,-73,18,144,0,-81,18,46,0,0,0,0,0,132,18,-99,18,47,18,-129,18,-25,17,-116,18,-53,17,-88,18,-23,17,-68,18,35,18,-58,18,101,18,-68,18,140,18,-95,18,151,18,-129,18,134,18,155,18,105,18,151,18,89,18,-134,18,128,18]"
CSI_DATA,8741,d8:b1:90:d9:de:f0,-42,11,-99,-33,44,104,627503975,100,0,228,0,"[0,-21,2,-24,6,-26,10,-27,12,-26,14,-23,16,-22,113,67,14,-16,13,-14,11,-13,10,-12,9,-12,7,-13,6,-13,5,-15,4,-16,3,-18,4,-19,4,-20,4,-18,32,-54,4,-16,3,-15,2,-12,0,-11,-1,-9,-4,-9,0,0,-10,-9,-12,-11,-14,-11,-16,-14,-18,-17,-18,-19,43,13,-16,-23,-14,-23,-12,-22,-10,-22,-9,-20,-7,-17,-6,-14,-6,-11,-6,-10,-7,-8,-9,-7,-10,-6,-11,-6,110,13,-14,-8,-14,-9,-13,-11,-11,-11,-10,-11,-7,-9,-5,-7,12,1,10,-8,0,-11,-8,-8,-11,0,-5,10,5,11,28,-15,11,-8,2,-16,-10,-15,-20,-4,-20,11,-8,22,10,22,23,11,26,-7,14,-23,-5,-25,-21,-13,-22,4,-7,0,5,19,17,7,15,-7,4,-17,-9,-13,-17,-1,0,0,-2,18,11,14,18,3,14,-10,3,-16,-7,-11,-30,-23,-7,7,2,8,9,1,5,-7,-2,-11,-12,-7,-15,4,-9,15,3,19,16,11,21,-1,15,-14,2,-22,-25,-23,-20,-5,-17,8,-6,16,6,13,11,3,9,-6,0,-10]"
CSI_DATA,8742,d8:b1:90:d9:de:f0,-40,11,-99,-34,41,104,627534901,277,0,106,0,"[-96,0,2,1,-13,0,-25,0,13,1,-96,0,-25,0,-166,0,-76,0,132,0,-129,0,128,0,-165,0,149,0,150,0,-152,0,148,0,-122,0,138,0,-109,0,124,0,-121,0,80,0,-157,0,4,0,153,0,0,0,0,0,-149,20,-149,0,133,20,-64,0,120,20,22,1,156,20,84,1,-121,20,80,1,-61,20,10,1,-40,20,-80,0,-41,20,-157,0,-80,20,130,0,-130,20,129,0,168,20,145,0,169,20,168,0,-130,20]"
CSI_DATA,8743,d8:b1:90:d9:de:f0,-40,9,-99,-33,41,104,627535346,130,0,106,0,"[-76,18,62,0,-99,18,114,0,-59,18,137,0,0,19,126,0,57,19,94,0,91,19,44,0,108,19,-11,19,104,19,-86,19,91,19,-145,19,97,19,160,19,138,19,156,19,-129,19,-149,19,-47,19,-139,19,0,0,0,0,133,0,137,19,-117,0,73,19,-75,0,-1,18,-79,0,-41,18,-121,0,-34,18,159,0,19,19,134,0,107,19,128,0,-137,19,145,0,-64,19,-146,0,-12,19,-103,0,12,0,-80,0,5,0,-110,0]"
CSI_DATA,8744,d8:b1:90:d9:de:f0,-39,9,-99,-36,41,104,627535454,113,0,106,0,"[-142,0,1,21,-165,0,-53,19,155,0,-43,19,128,0,19,21,120,0,74,21,135,0,139,21,172,0,-175,21,-129,0,-135,21,-80,0,-104,21,-59,0,-77,21,-73,0,-45,21,-122,0,-4,21,169,0,62,0,0,0,0,0,103,0,-139,0,101,0,-31,0,134,0,48,1,166,0,77,1,176,0,46,1,158,0,-31,0,100,0,-107,0,33,0,-162,0,-35,21,169,0,-100,21,176,0,-146,21,-161,0,-153,21,-141,0,-129,21]"
CSI_DATA,8745,d8:b1:90:d9:de:f0,-40,9,-99,-37,42,104,627744263,108,0,106,0,"[24,1,142,19,10,1,64,19,-49,0,36,19,-97,0,55,19,-133,0,95,19,-147,0,121,19,-137,0,145,19,-116,0,159,19,-94,0,-158,19,-111,0,-146,19,-151,0,-114,19,132,0,-46,19,97,0,34,0,0,0,0,0,120,0,-124,0,-145,0,-58,0,-66,0,-25,0,-16,0,-46,0,-14,0,-95,0,-50,0,-146,0,-111,0,145,0,161,0,139,0,119,0,150,0,103,0,-156,0,103,0,-136,0,123,0,-141,0,116,0]"
CSI_DATA,8746,d8:b1:90:d9:de:f0,-40,9,-99,-35,41,104,627744380,98,0,106,0,"[-24,19,-175,20,-83,19,-123,20,-69,19,-71,20,-23,19,-38,20,26,20,-28,20,52,20,-38,20,64,20,-59,20,64,20,-85,20,64,20,-113,20,83,20,-107,20,133,20,-107,20,-142,20,-104,20,-46,20,-118,20,0,0,0,0,46,0,115,20,82,0,19,20,49,0,-57,19,6,0,-87,19,-31,20,-67,19,-42,20,1,20,-27,20,69,20,10,0,123,20,31,0,145,20,67,0,142,20,80,0,129,20,71,0,122,20,42,0]"
CSI_DATA,8747,d8:b1:90:d9:de:f0,-40,9,-99,-36,42,104,627744539,130,0,106,0,"[-143,18,36,1,-78,18,89,1,-20,18,67,1,8,0,17,1,8,0,-25,0,-6,18,-52,0,-31,18,-62,0,-54,18,-52,0,-62,18,-42,0,-64,18,-59,0,-62,18,-107,0,-65,18,142,0,-99,18,64,0,0,0,0,0,96,18,-21,18,-1,17,-16,18,-69,17,23,0,-91,17,73,0,-50,17,110,0,15,18,107,0,81,18,83,0,124,18,49,0,135,18,10,0,122,18,-18,18,100,18,-26,18,91,18,-3,18,135,18]"
CSI_DATA,8748,d8:b1:90:d9:de:f0,-40,9,-99,-35,41,104,627766446,98,0,106,0,"[-13,19,141,20,-76,19,-152,20,-64,19,-80,20,-13,19,-52,20,23,20,-38,20,42,20,-35,20,39,20,-41,20,19,20,-52,20,10,20,-57,20,37,20,-39,20,91,20,-28,20,166,20,-41,20,-101,20,-86,20,0,0,0,0,-48,20,123,20,-69,20,35,20,-133,20,-21,19,164,20,-30,19,131,20,9,20,145,20,72,20,-170,20,127,20,-130,20,146,20,-104,20,150,20,-101,20,133,20,-120,20,122,20,-141,20,142,20,-141,20]"
CSI_DATA,8749,d8:b1:90:d9:de:f0,-41,11,-99,-35,42,104,627952698,277,0,106,0,"[6,1,-79,0,63,1,-139,0,51,1,111,0,2,1,72,0,-45,0,63,0,-67,0,69,0,-68,0,85,0,-63,0,100,0,-63,0,106,0,-83,0,97,0,-132,0,88,0,111,0,89,0,44,0,119,0,0,0,0,0,-17,18,-70,0,-7,18,2,1,28,0,51,1,72,0,62,1,99,0,33,1,99,0,-25,0,77,0,-80,0,44,0,-107,0,20,0,-121,0,9,0,-112,0,14,0,-99,0,24,0,-105,0,31,0]"
CSI_DATA,8750,d8:b1:90:d9:de:f0,-40,9,-99,-37,42,104,627953143,113,0,106,0,"[-124,19,68,1,-75,19,99,1,-45,19,68,1,-36,19,9,1,-60,19,-40,0,-90,19,-71,0,-129,19,-89,0,-164,19,-84,0,142,19,-90,0,145,19,-129,0,161,19,138,0,-147,19,59,0,-130,19,-37,19,0,0,0,0,151,19,158,19,114,19,84,19,50,19,49,19,33,19,41,19,57,19,66,19,103,19,97,19,-165,19,124,19,-116,19,133,19,-71,19,133,19,-47,19,116,19,-32,19,99,19,-29,19,104,19,-24,19]"
CSI_DATA,8751,d8:b1:90:d9:de:f0,-40,11,-99,-34,41,104,628370496,277,0,106,0,"[-80,18,28,0,-110,18,96,0,-58,18,129,0,10,20,112,0,78,20,69,0,114,20,16,0,118,20,-54,20,110,20,-128,20,89,20,-170,20,82,20,150,20,116,20,161,20,-153,20,-149,20,-57,20,-126,20,0,0,0,0,138,0,158,20,-136,0,88,20,-88,0,9,20,-101,0,-26,18,-146,0,-13,18,148,0,62,20,117,0,160,20,120,0,-97,20,164,0,-17,20,-114,0,22,0,-56,0,26,0,-22,0,-14,20,-77,0]"
CSI_DATA,8752,d8:b1:90:d9:de:f0,-39,9,-99,-36,41,104,628370968,101,0,106,0,"[72,1,-33,21,98,1,-105,21,52,1,-148,21,-19,0,-137,21,-80,0,-103,21,-111,0,-45,21,-110,0,11,0,-90,0,73,0,-64,0,120,0,-52,0,132,0,-90,0,127,0,-159,0,120,0,97,0,124,0,0,0,0,0,-50,21,-134,0,-97,21,-32,0,-100,21,43,1,-66,21,83,1,-29,21,57,1,-16,21,-25,0,-29,21,-121,0,-73,21,165,0,-132,21,125,0,158,21,118,0,105,21,145,0,105,21,-172,0,166,21]"
CSI_DATA,8753,d8:b1:90:d9:de:f0,-40,9,-99,-37,42,104,628371082,130,0,106,0,"[47,1,154,19,38,1,80,19,-23,0,55,19,-98,0,94,19,-125,0,139,19,-138,0,-129,19,-120,0,-79,19,-76,0,-42,19,-34,0,-5,19,-29,0,2,0,-55,0,-7,19,-121,0,22,0,130,0,68,0,0,0,0,0,41,0,-108,0,50,0,-12,0,89,0,46,1,138,0,68,1,161,0,33,1,133,0,-47,0,82,0,-125,0,11,0,-165,0,-53,19,154,0,-106,19,-147,0,-139,19,-95,0,-119,19,-67,0,-60,19]"
CSI_DATA,8754,d8:b1:90:d9:de:f0,-40,9,-99,-36,42,104,628371189,98,0,106,0,"[-95,18,55,1,-23,18,100,1,30,0,65,1,44,0,1,1,23,0,-69,0,-11,18,-105,0,-71,18,-122,0,-127,18,-113,0,154,18,-90,0,146,18,-76,0,-156,18,-105,0,-128,18,151,0,-112,18,66,0,0,0,0,0,135,18,-93,18,49,18,-137,18,-31,17,-143,18,-69,17,-112,18,-45,17,-61,18,28,18,-32,18,119,18,-36,18,-130,18,-66,18,-93,18,-123,18,-84,18,134,18,-113,18,84,18,154,18,84,18,146,18]"
CSI_DATA,8755,d8:b1:90:d9:de:f0,-39,11,-99,-36,41,104,628504016,100,0,114,0,"[32,-21,38,-21,43,-18,45,-16,45,-14,43,-12,42,-9,40,-8,40,-7,40,-5,39,-5,38,-4,38,-4,39,-4,40,-4,42,-4,43,-2,43,-2,45,-2,46,-2,46,-2,48,-2,46,-1,46,0,43,1,40,1,42,1,43,2,0,0,43,2,42,2,43,2,42,4,42,4,43,5,42,5,42,7,42,7,40,7,39,5,36,5,35,5,33,5,32,5,32,4,31,5,31,5,32,5,33,7,33,8,35,9,35,9,35,11,35,12,33,15,29,15,25,15]"
CSI_DATA,8756,d8:b1:90:d9:de:f0,-41,11,-99,-35,42,104,628788293,277,0,106,0,"[46,1,-81,18,66,1,-121,18,36,1,-139,18,-13,0,-127,18,-52,0,-95,18,-80,0,-62,18,-92,0,-19,18,-88,0,36,0,-84,0,77,0,-100,0,113,0,-139,0,132,0,123,0,138,0,42,0,152,0,0,0,0,0,-68,18,-83,0,-111,18,-12,0,-132,18,58,1,-119,18,89,1,-84,18,73,1,-62,18,7,1,-59,18,-77,0,-73,18,-145,0,-103,18,112,0,-152,18,81,0,118,18,77,0,112,18,89,0,138,18]"
CSI_DATA,8757,d8:b1:90:d9:de:f0,-40,9,-99,-33,41,104,628788774,98,0,106,0,"[163,0,-25,18,132,0,-67,18,94,0,-58,18,71,0,-11,18,58,0,31,19,77,0,80,19,103,0,108,19,145,0,123,19,-146,0,145,19,-130,0,-160,19,-128,0,-117,19,-136,0,-59,19,-147,0,15,0,0,0,0,0,-117,0,137,0,-57,0,-126,0,7,1,-104,0,51,1,-107,0,40,1,-141,0,-10,0,151,0,-85,0,123,0,-156,0,116,0,115,0,128,0,86,0,-164,0,72,0,-123,0,67,0,-115,0,68,0]"
CSI_DATA,8758,d8:b1:90:d9:de:f0,-40,9,-99,-35,42,104,628788897,252,0,106,0,"[-45,0,-41,0,15,1,-63,0,19,1,-112,0,-18,0,155,0,-58,0,130,0,-103,0,125,0,-138,0,138,0,143,0,-146,0,117,0,-117,0,91,0,-105,0,57,0,-117,0,9,0,-140,0,-55,18,148,0,0,0,0,0,116,18,152,0,45,18,-108,0,15,18,-50,0,23,18,4,1,62,18,14,1,127,18,-31,0,-138,18,-105,0,-122,18,134,0,-128,18,79,0,154,18,50,0,118,18,30,0,108,18,39,0,140,18]"
CSI_DATA,8759,d8:b1:90:d9:de:f0,-41,9,-99,-37,43,104,628789108,98,0,106,0,"[129,0,35,1,-103,0,35,1,-79,0,-3,0,-92,0,-53,0,-118,0,-94,0,142,0,-114,0,109,0,-116,0,75,0,-101,0,43,0,-87,0,18,0,-84,0,-11,17,-105,0,-43,17,-144,0,-81,17,107,0,0,0,0,0,81,17,102,0,17,17,117,0,-42,16,-120,0,-42,16,-81,0,1,17,-61,0,62,17,-78,0,122,17,-128,0,-136,17,108,0,-133,17,53,0,138,17,16,0,112,17,1,0,100,17,2,0,130,17]"
CSI_DATA,8760,d8:b1:90:d9:de:f0,-40,9,-99,-34,41,104,628997691,224,0,106,0,"[-90,20,-62,18,-142,20,-65,18,-142,20,-17,18,-104,20,36,20,-48,20,73,20,-1,20,82,20,52,0,76,20,98,0,46,20,125,0,36,20,118,0,53,20,102,0,120,20,90,0,-120,20,104,0,-6,20,0,0,0,0,-136,0,-157,0,-52,0,-94,0,21,1,-80,0,48,1,-100,0,22,1,-138,0,-54,0,-168,0,-153,0,164,0,118,0,-160,0,74,0,-132,0,54,0,-93,0,61,0,-64,0,89,0,-81,0,84,0]"
CSI_DATA,8761,d8:b1:90:d9:de:f0,-40,9,-99,-34,41,104,628997881,130,0,106,0,"[-42,20,64,1,2,0,82,1,22,0,42,1,9,0,-21,0,-33,20,-72,0,-72,20,-98,0,-126,20,-101,0,-165,20,-85,0,137,20,-85,0,154,20,-98,0,-153,20,-153,0,-125,20,100,0,-108,20,-13,20,0,0,0,0,-169,20,129,20,100,20,54,20,32,20,34,20,4,20,50,20,20,20,89,20,89,20,129,20,-169,20,154,20,-89,20,144,20,-48,20,128,20,-26,20,88,20,-34,20,60,20,-58,20,81,20,-65,20]"
CSI_DATA,8762,d8:b1:90:d9:de:f0,-39,9,-99,-35,40,104,629008719,108,0,106,0,"[60,0,69,1,147,0,67,1,181,0,10,1,164,0,-63,0,124,0,-104,0,76,0,-112,0,47,0,-84,0,38,0,-41,0,47,0,-15,0,58,0,-43,0,53,0,-127,0,4,0,157,0,-66,23,66,0,0,0,0,0,107,23,41,0,-4,21,78,0,-70,21,167,0,-61,21,-166,0,12,23,-146,0,81,23,-184,0,141,23,147,0,157,23,78,0,135,23,40,0,104,23,32,0,80,23,60,0,109,23,107,0,-187,23]"
CSI_DATA,8763,d8:b1:90:d9:de:f0,-38,11,-99,-35,39,104,629414989,277,0,106,0,"[31,25,-200,25,-48,24,-190,25,-29,24,-160,25,58,25,-152,25,169,25,-169,25,-167,25,-217,25,-60,25,158,25,32,0,63,25,119,0,-22,24,150,0,-69,24,138,0,-44,24,93,0,65,25,46,0,-214,25,0,0,0,0,-1,25,108,0,34,0,-139,0,76,0,-5,0,117,0,63,1,122,0,53,1,81,0,-36,0,20,0,-145,0,-74,25,202,0,-179,25,136,0,148,25,103,0,38,25,98,0,-10,24,143,0,53,25]"
CSI_DATA,8764,d8:b1:90:d9:de:f0,-38,9,-99,-38,40,104,629415434,187,0,106,0,"[5,1,43,0,70,1,-18,25,36,1,-48,25,-48,0,-35,25,-139,0,16,0,211,0,99,0,162,0,213,0,139,0,-97,0,139,0,6,1,157,0,55,1,169,0,16,1,176,0,-94,0,127,0,176,0,0,0,0,0,-53,25,-120,25,-196,25,193,25,105,25,127,25,21,25,124,25,13,25,164,25,90,25,-206,25,-204,25,-169,25,-85,25,-164,25,26,0,-191,25,125,0,157,25,174,0,65,25,146,0,-11,23,48,0]"
CSI_DATA,8765,d8:b1:90:d9:de:f0,-42,11,-99,-37,44,104,629504021,100,0,228,0,"[-10,10,-14,13,-18,15,-21,16,-22,16,-23,15,-23,15,127,76,-19,12,-16,11,-12,10,-9,10,-6,10,-2,10,2,11,6,12,10,13,13,14,17,15,19,16,21,18,36,-60,20,17,18,15,15,15,12,12,9,9,6,5,0,0,0,-2,-2,-7,-4,-11,-6,-16,-7,-20,-7,-24,-79,15,-7,-28,-7,-28,-6,-27,-5,-25,-5,-22,-4,-18,-5,-14,-5,-10,-6,-6,-7,-3,-9,1,-10,4,-12,7,121,15,-18,12,-20,12,-22,12,-23,11,-21,9,-19,6,-16,3,-6,-18,-18,-10,-20,4,-10,15,3,15,10,6,7,-2,-22,8,-4,1,0,8,8,7,14,-2,10,-15,-4,-20,-19,-13,-24,5,-15,22,5,27,22,14,24,-5,11,-20,14,-1,-15,-4,-9,9,5,11,13,0,8,-12,-6,-16,0,0,-20,11,-7,23,12,23,24,8,23,-10,9,-22,-15,-47,-16,-7,-11,4,-2,6,1,2,-2,-2,-8,1,-7,9,1,15,13,12,20,1,16,-15,2,-22,-15,-18,-39,6,-18,13,-4,20,10,15,14,2,7,-8,-3,-8,-7,1]"
CSI_DATA,8766,d8:b1:90:d9:de:f0,-39,11,-99,-36,40,104,629832787,277,0,106,0,"[11,0,-66,0,33,0,11,1,53,0,15,1,41,0,-41,0,6,0,-110,0,-55,23,-188,0,-153,23,150,0,131,23,85,0,7,23,52,0,-74,22,38,0,-101,22,41,0,-33,22,55,0,90,23,41,0,0,0,0,0,-25,23,-57,23,93,0,-171,23,183,0,120,23,-187,0,23,23,-193,0,7,23,174,0,66,23,147,0,180,23,139,0,-101,23,167,0,23,0,-158,0,131,0,-60,0,-199,0,31,1,199,0,47,1]"
CSI_DATA,8767,d8:b1:90:d9:de:f0,-39,9,-99,-35,40,104,629833250,98,0,106,0,"[189,23,-141,0,153,23,-67,0,170,23,-52,0,195,23,-92,0,-175,23,-157,0,-186,23,149,0,180,23,47,0,109,23,-56,23,21,23,-150,23,-36,21,-190,23,-56,21,-184,23,-7,21,-138,23,93,23,-97,23,0,0,0,0,-12,23,-66,23,140,0,-123,23,-138,0,-195,23,-76,0,127,23,-80,0,98,23,-130,0,137,23,-187,0,-167,23,177,0,-60,23,174,0,52,0,-169,0,161,0,-84,0,-149,0,0,1,-143,0,36,1]"
CSI_DATA,8768,d8:b1:90:d9:de:f0,-39,9,-99,-37,41,104,629833400,130,0,106,0,"[-29,21,65,21,-62,21,1,21,-88,21,-5,20,-81,21,40,21,-42,21,94,21,15,0,155,21,107,0,-181,21,-148,0,-162,21,-37,0,-171,21,34,1,-184,21,43,1,165,21,-17,0,173,21,-110,0,-152,21,0,0,0,0,56,0,29,0,10,0,174,0,-1,21,-63,0,13,0,26,1,34,0,34,1,34,0,-23,0,7,0,-116,0,-47,21,170,0,-136,21,103,0,125,21,82,0,11,21,113,0,-37,20,175,0,7,21]"
CSI_DATA,8769,d8:b1:90:d9:de:f0,-39,9,-99,-35,40,104,629833543,113,0,106,0,"[76,23,-86,23,-7,21,-80,23,-18,21,-53,23,38,23,-38,23,103,23,-52,23,181,23,-87,23,-146,23,-166,23,-89,23,118,23,-55,23,13,23,-52,23,-70,21,-66,23,-92,21,-90,23,-27,21,-75,23,95,23,0,0,0,0,56,0,-58,23,181,0,35,0,-73,0,87,0,18,1,86,0,44,1,60,0,-26,0,38,0,-130,0,44,0,155,0,86,0,72,0,161,0,30,0,-123,0,33,0,-3,0,100,0,66,1,175,0]"
CSI_DATA,8770,d8:b1:90:d9:de:f0,-45,9,-99,-34,46,104,630042148,98,0,106,0,"[67,0,-59,10,24,0,-78,10,-5,11,-54,10,-20,11,-8,10,-20,11,33,11,-1,11,69,11,20,0,-93,11,53,0,-76,11,84,0,-58,11,-89,0,-47,11,-89,0,-29,11,92,0,-1,11,80,0,43,0,0,0,0,0,-95,0,-59,0,-60,0,-13,0,-12,0,4,0,23,0,-6,0,24,0,-47,0,-7,0,-95,0,-62,0,55,0,67,0,37,0,14,0,41,0,-26,11,69,0,-44,11,-83,0,-32,11,-57,0,-1,11]"
CSI_DATA,8771,d8:b1:90:d9:de:f0,-47,9,-99,-36,49,104,630251065,101,0,106,0,"[55,0,39,0,42,0,15,0,16,0,-10,0,-14,8,-30,0,-33,8,-43,0,-44,8,-53,0,-46,8,-61,0,-38,8,68,0,-18,8,42,0,14,0,11,0,51,0,-27,8,-61,0,-66,8,-32,0,43,8,0,0,0,0,0,0,-10,7,12,0,-26,7,11,0,-32,7,1,0,-21,7,-16,0,12,8,-41,0,55,8,-64,0,-44,8,62,0,-7,8,53,0,21,0,53,0,41,0,58,0,47,0,57,0,35,0,38,0]"
CSI_DATA,8772,d8:b1:90:d9:de:f0,-47,9,-99,-35,48,104,630251197,113,0,106,0,"[30,0,-58,0,16,0,74,0,-13,0,63,0,-44,0,64,0,-60,0,65,0,-70,0,65,0,-77,0,55,0,69,0,41,0,42,0,17,0,4,0,-10,9,-48,9,-33,9,50,9,-44,9,7,9,-46,9,0,0,0,0,-57,8,-6,9,68,8,18,0,66,8,45,0,-73,8,63,0,-35,8,66,0,14,9,50,0,54,9,27,0,-75,9,3,0,-63,9,-17,9,-63,9,-31,9,-66,9,-35,9,-63,9,-17,9,-31,9]"
CSI_DATA,8773,d8:b1:90:d9:de:f0,-54,11,-99,-36,55,104,630459483,277,0,106,0,"[18,4,31,4,9,4,-1,3,8,4,-18,3,14,4,-18,3,24,4,-5,3,-33,4,10,4,-21,4,34,4,-9,4,-6,4,0,4,29,0,7,0,-10,0,7,0,7,0,6,0,9,0,1,0,-4,0,0,0,0,0,-10,4,23,0,-22,4,-10,4,-32,4,31,4,32,4,7,4,31,4,-2,3,33,4,1,4,-32,4,14,4,-26,4,33,4,-23,4,-20,4,-17,4,-1,4,-12,4,16,0,-4,4,29,0,2,0]"
CSI_DATA,8774,d8:b1:90:d9:de:f0,-53,9,-99,-38,55,104,630459964,108,0,106,0,"[8,4,22,0,-25,4,14,0,35,4,10,0,-37,4,8,0,-21,4,6,0,3,4,3,0,31,4,3,0,-8,4,6,0,32,0,8,0,-11,0,11,0,8,0,14,0,11,0,14,0,-4,0,13,0,0,0,0,0,22,0,13,0,-14,4,18,0,30,4,24,0,4,4,29,0,-5,4,32,0,0,4,32,0,15,4,29,0,37,4,26,0,-20,4,22,0,0,0,17,0,20,0,10,0,32,0,0,0,33,0]"
CSI_DATA,8775,d8:b1:90:d9:de:f0,-49,11,-99,-36,51,104,630503657,100,0,114,0,"[-15,7,-16,6,-17,6,-18,6,-17,5,-17,5,-16,5,-15,5,-14,5,-13,4,-13,4,-12,5,-13,5,-12,5,-12,6,-12,7,-12,8,-12,8,-12,9,-12,9,-12,9,-11,10,-11,10,-10,10,-10,9,-9,9,-9,9,-9,9,0,0,-8,10,-8,9,-8,10,-7,10,-6,10,-6,10,-6,10,-6,10,-5,9,-5,9,-4,9,-4,8,-3,8,-3,7,-3,7,-2,7,-2,7,-2,6,-1,6,-2,6,-2,6,-1,6,-1,6,-2,6,-2,5,-2,5,-2,4,-2,4]"
CSI_DATA,8776,d8:b1:90:d9:de:f0,-42,9,-99,-34,43,104,630668871,130,0,106,0,"[111,15,-50,14,58,15,-48,14,55,15,-12,14,81,15,32,15,133,15,65,15,-93,15,70,15,-50,15,57,15,-19,15,45,15,3,0,30,15,14,0,43,15,24,0,94,15,44,0,-106,15,75,0,-26,15,0,0,0,0,-91,0,87,0,-18,0,119,0,40,1,123,0,58,1,105,0,38,1,88,0,-21,0,81,0,-93,0,76,0,131,0,96,0,96,0,117,0,83,0,-124,0,84,0,-105,0,93,0,-115,0,74,0]"
CSI_DATA,8777,d8:b1:90:d9:de:f0,-39,11,-99,-35,41,104,630877280,277,0,106,0,"[-89,19,-120,20,-124,19,-42,20,-74,19,-1,20,2,20,17,0,69,20,-16,20,108,20,-64,20,131,20,-120,20,123,20,174,20,115,20,142,20,133,20,137,20,-171,20,167,20,-89,20,-155,20,9,0,-137,20,0,0,0,0,-168,0,137,20,-108,0,72,20,-89,0,-15,19,-112,0,-35,19,-161,0,-9,19,150,0,71,20,138,0,155,20,141,0,-122,20,-166,0,-75,20,-129,0,-53,20,-94,0,-54,20,-100,0,-72,20,-159,0]"
CSI_DATA,8778,d8:b1:90:d9:de:f0,-39,9,-99,-38,41,104,630877770,98,0,106,0,"[34,0,-101,20,-52,22,-127,20,-101,22,-70,20,-107,22,17,22,-67,22,85,22,-13,22,118,22,43,0,115,22,83,0,91,22,118,0,70,22,118,0,68,22,116,0,128,22,107,0,-167,22,130,0,-55,22,0,0,0,0,-88,0,38,0,10,1,65,0,97,1,20,0,104,1,-31,22,53,1,-62,22,-38,0,-56,22,-128,0,-14,22,-178,0,38,0,187,0,89,0,-179,0,137,0,-145,0,149,0,-137,0,133,0,-184,0]"
CSI_DATA,8779,d8:b1:90:d9:de:f0,-39,9,-99,-36,41,104,631086633,262,0,106,0,"[-155,0,-31,19,144,0,-88,19,77,0,-59,19,45,0,18,21,48,0,98,21,90,0,170,21,149,0,-142,21,-139,0,-129,21,-80,0,-127,21,-69,0,-127,21,-103,0,-110,21,-173,0,-56,21,114,0,36,0,0,0,0,0,96,0,-121,0,137,0,-12,0,-148,0,46,1,-103,0,40,1,-111,0,-15,0,-169,0,-91,0,110,0,-153,0,28,0,-176,0,-46,21,-173,0,-94,21,-132,0,-113,21,-86,0,-86,21,-70,0,-36,21]"
CSI_DATA,8780,d8:b1:90:d9:de:f0,-40,9,-99,-37,42,104,631086821,242,0,106,0,"[-80,18,-51,19,-108,18,32,0,-55,18,80,0,22,19,85,0,90,19,59,0,139,19,-6,19,152,19,-76,19,141,19,-143,19,112,19,146,19,107,19,138,19,133,19,-161,19,-120,19,-126,19,-15,19,-112,19,0,0,0,0,-165,0,145,19,-107,0,59,19,-98,0,-28,18,-129,0,-64,18,155,0,-32,18,123,0,51,19,111,0,147,19,126,0,-108,19,-158,0,-55,19,-103,0,-45,19,-62,0,-60,19,-63,0,-85,19,-125,0]"
CSI_DATA,8781,d8:b1:90:d9:de:f0,-40,9,-99,-36,42,104,631086982,98,0,106,0,"[49,1,-152,0,105,1,98,0,70,1,25,0,-5,0,-6,18,-89,0,3,0,-142,0,39,0,142,0,99,0,139,0,-154,0,157,0,-108,0,-148,0,-107,0,152,0,-137,0,91,0,125,0,-8,18,93,0,0,0,0,0,119,18,127,0,46,18,-107,0,23,18,-21,0,56,18,23,1,124,18,13,1,-138,18,-65,0,-115,18,158,0,-119,18,85,0,-161,18,35,0,104,18,10,0,59,18,26,0,60,18,75,0,129,18]"
CSI_DATA,8782,d8:b1:90:d9:de:f0,-40,9,-99,-36,42,104,631295531,98,0,106,0,"[98,18,0,1,125,18,50,1,-143,18,28,1,-114,18,-37,0,-115,18,-112,0,-137,18,138,0,140,18,80,0,75,18,31,0,31,18,6,0,27,18,-12,18,67,18,-18,18,148,18,-37,18,-81,18,-81,18,0,0,0,0,55,0,108,18,95,0,23,18,107,0,-45,17,94,0,-69,17,83,0,-26,17,85,0,50,18,100,0,139,18,130,0,-110,18,-151,0,-56,18,-96,0,-33,18,-52,0,-32,18,-56,0,-50,18,-105,0]"
CSI_DATA,8783,d8:b1:90:d9:de:f0,-40,9,-99,-34,41,104,631331750,130,0,106,0,"[85,1,-10,20,102,1,-85,20,49,1,-122,20,-21,0,-113,20,-77,0,-82,20,-109,0,-22,20,-101,0,26,0,-76,0,82,0,-54,0,110,0,-60,0,118,0,-98,0,116,0,162,0,112,0,76,0,124,0,0,0,0,0,-42,20,-116,0,-81,20,-28,0,-80,20,40,1,-64,20,65,1,-40,20,40,1,-38,20,-24,0,-58,20,-97,0,-84,20,-153,0,-128,20,156,0,164,20,160,0,138,20,-156,0,145,20,-142,0,-146,20]"
CSI_DATA,8784,d8:b1:90:d9:de:f0,-40,9,-99,-33,41,104,631336178,212,0,106,0,"[45,0,94,1,133,0,107,1,-155,0,45,1,-165,0,-34,0,133,0,-89,0,75,0,-110,0,29,0,-93,0,-5,19,-55,0,-22,19,-29,0,-28,19,-27,0,-22,19,-67,0,-41,19,-137,0,-84,19,121,0,0,0,0,0,110,19,68,0,18,19,76,0,-37,18,117,0,-42,18,161,0,-6,18,-156,0,57,19,151,0,110,19,99,0,136,19,46,0,130,19,0,0,98,19,-24,19,58,19,-27,19,50,19,1,0,98,19]"
CSI_DATA,8785,d8:b1:90:d9:de:f0,-39,9,-99,-36,41,104,631338966,212,0,106,0,"[-48,19,152,21,-101,19,-153,21,-73,19,-100,21,7,21,-72,21,86,21,-90,21,145,21,-122,21,-175,21,-179,21,-161,21,125,21,-151,21,69,21,-131,21,67,21,-101,21,103,21,-39,21,149,21,48,0,-149,21,0,0,0,0,-141,0,-113,21,-43,0,-139,21,9,1,-176,21,25,1,168,21,-2,0,169,21,-63,0,-138,21,-121,0,-79,21,-149,0,-11,21,-155,0,46,0,-127,0,97,0,-94,0,122,0,-80,0,104,0,-120,0]"
CSI_DATA,8786,d8:b1:90:d9:de:f0,-40,9,-99,-34,41,104,631339790,212,0,106,0,"[-50,20,89,1,30,0,116,1,82,0,64,1,85,0,-12,0,57,0,-78,0,13,0,-105,0,-38,20,-105,0,-90,20,-82,0,-121,20,-60,0,-121,20,-61,0,-116,20,-96,0,-108,20,-168,0,-124,20,80,0,0,0,0,0,106,20,-32,20,22,20,-53,20,-45,18,-40,20,-70,18,-12,20,-40,18,12,0,28,20,6,0,97,20,-18,20,144,20,-56,20,169,20,-97,20,149,20,-141,20,124,20,-162,20,100,20,-142,20,122,20]"
CSI_DATA,8787,d8:b1:90:d9:de:f0,-41,9,-99,-35,42,104,631340066,212,0,106,0,"[30,0,-95,17,-64,18,-110,17,-121,18,-52,17,-111,18,26,18,-77,18,84,18,-41,18,113,18,15,0,100,18,57,0,68,18,73,0,33,18,66,0,35,18,56,0,72,18,57,0,143,18,86,0,-95,18,0,0,0,0,-91,0,-6,18,-7,0,-19,18,51,1,-51,18,67,1,-90,18,24,1,-116,18,-45,0,-106,18,-107,0,-61,18,-139,0,-7,18,-138,0,37,0,-107,0,77,0,-63,0,80,0,-47,0,29,0,-91,0]"
CSI_DATA,8788,d8:b1:90:d9:de:f0,-40,9,-99,-37,42,104,631340225,212,0,106,0,"[-88,18,-42,19,-117,18,45,0,-60,18,103,0,18,19,103,0,79,19,80,0,104,19,33,0,95,19,-9,19,64,19,-54,19,29,19,-76,19,31,19,-71,19,69,19,-59,19,137,19,-67,19,-114,19,-102,19,0,0,0,0,-47,19,108,19,-53,19,20,19,-93,19,-36,18,-138,19,-46,18,-154,19,-10,18,-136,19,59,19,-85,19,112,19,-34,19,137,19,10,0,134,19,34,0,99,19,31,0,59,19,3,0,49,19,-36,19]"
CSI_DATA,8789,d8:b1:90:d9:de:f0,-41,9,-99,-35,42,104,631340438,212,0,106,0,"[-13,18,105,1,48,0,119,1,83,0,70,1,63,0,-6,0,25,0,-68,0,-35,18,-114,0,-97,18,-124,0,149,18,-124,0,105,18,-121,0,96,18,-139,0,118,18,149,0,155,18,73,0,-124,18,-13,18,0,0,0,0,-107,18,118,18,-143,18,37,18,133,18,-11,17,112,18,-20,17,132,18,2,18,-130,18,53,18,-70,18,106,18,-2,18,138,18,59,0,146,18,107,0,117,18,134,0,88,18,125,0,79,18,81,0]"
CSI_DATA,8790,d8:b1:90:d9:de:f0,-41,9,-99,-37,43,104,631340642,212,0,106,0,"[-101,0,-42,16,144,0,-85,16,94,0,-56,16,75,0,6,17,81,0,79,17,110,0,132,17,-137,0,-123,17,-85,0,-101,17,-41,0,-86,17,-41,0,-77,17,-68,0,-49,17,-131,0,-11,17,100,0,54,0,0,0,0,0,41,0,-98,0,41,0,-12,0,60,0,49,1,73,0,64,1,73,0,34,1,48,0,-26,0,10,0,-87,0,-40,17,-133,0,-92,17,143,0,-145,17,-144,0,122,17,-124,0,129,17,-107,0,-120,17]"
CSI_DATA,8791,d8:b1:90:d9:de:f0,-41,9,-99,-35,42,104,631340810,212,0,106,0,"[83,1,-121,18,77,1,119,18,18,1,103,18,-51,0,140,18,-96,0,-119,18,-111,0,-48,18,-103,0,6,0,-73,0,61,0,-50,0,99,0,-51,0,107,0,-97,0,97,0,141,0,92,0,52,0,103,0,0,0,0,0,-96,18,-112,0,-143,18,-41,0,152,18,18,1,-145,18,45,1,-128,18,23,1,-110,18,-47,0,-110,18,-128,0,-128,18,117,0,148,18,72,0,101,18,57,0,58,18,59,0,62,18,81,0,117,18]"
CSI_DATA,8792,d8:b1:90:d9:de:f0,-41,9,-99,-37,43,104,631341040,212,0,106,0,"[11,17,32,17,-48,16,76,17,-34,16,137,17,23,17,-118,17,90,17,-110,17,145,17,-127,17,-106,17,127,17,-85,17,78,17,-73,17,36,17,-66,17,36,17,-48,17,70,17,-12,17,131,17,53,0,-106,17,0,0,0,0,-95,0,-51,17,-13,0,-65,17,38,1,-98,17,51,1,-122,17,16,1,-121,17,-38,0,-92,17,-95,0,-47,17,-124,0,8,0,-135,0,60,0,-117,0,98,0,-86,0,121,0,-64,0,102,0,-97,0]"
CSI_DATA,8793,d8:b1:90:d9:de:f0,-41,9,-99,-35,42,104,631371768,352,0,106,0,"[80,0,-74,17,30,0,-100,17,2,0,-57,17,7,0,12,18,31,0,69,18,78,0,114,18,130,0,125,18,-122,0,132,18,-83,0,138,18,-81,0,145,18,-102,0,-130,18,-149,0,-69,18,117,0,9,0,0,0,0,0,103,0,-135,0,117,0,-56,0,151,0,4,1,-139,0,20,1,-148,0,-4,0,129,0,-51,0,66,0,-95,0,8,0,-121,0,-42,18,-125,0,-84,18,-100,0,-99,18,-73,0,-80,18,-66,0,-46,18]"
CSI_DATA,8794,d8:b1:90:d9:de:f0,-44,11,-99,-36,46,104,631503970,100,0,228,0,"[18,1,21,3,24,6,25,8,24,10,23,11,21,12,98,58,16,10,15,9,14,7,12,6,12,3,12,1,12,0,13,-1,13,-3,15,-4,15,-5,15,-7,15,-6,27,-46,13,-6,11,-5,9,-4,5,-3,3,-4,0,-4,0,0,-5,-7,-8,-9,-11,-11,-12,-14,-13,-15,-14,-18,76,11,-13,-21,-12,-22,-11,-20,-10,-19,-9,-17,-7,-15,-7,-12,-7,-9,-7,-7,-7,-5,-8,-3,-10,-3,-11,-2,84,11,-14,-1,-14,-2,-14,-3,-13,-3,-11,-3,-7,-3,-5,-3,-3,9,4,9,8,3,6,-4,0,-7,-7,-3,-6,5,19,21,9,7,13,-3,7,-13,-3,-16,-15,-10,-20,3,-13,17,3,23,18,15,23,-2,15,-18,-1,-22,-16,-12,-3,-3,-8,14,5,14,14,3,11,-8,0,-14,-11,-9,0,0,-9,12,2,15,13,9,15,-2,7,-10,-2,-11,-22,-25,-6,2,0,4,3,0,1,-6,-5,-7,-11,0,-11,8,-2,15,9,14,17,3,16,-8,6,-18,-7,-19,-30,-10,-19,5,-8,15,3,15,12,6,11,-3,2,-10,-5,-7]"
CSI_DATA,8795,d8:b1:90:d9:de:f0,-40,11,-99,-37,42,104,631921774,277,0,106,0,"[16,1,120,19,18,1,45,19,-34,0,32,19,-93,0,72,19,-132,0,130,19,-134,0,-141,19,-116,0,-88,19,-82,0,-41,19,-42,0,-1,19,-37,0,11,0,-79,0,18,0,-151,0,36,0,88,0,72,0,0,0,0,0,-34,19,-103,0,-60,19,-1,0,-51,19,73,1,-14,19,101,1,6,0,76,1,3,0,-7,0,-25,19,-94,0,-67,19,-149,0,-116,19,151,0,161,19,152,0,132,19,164,0,138,19,-142,0,-136,19]"
CSI_DATA,8796,d8:b1:90:d9:de:f0,-39,9,-99,-36,41,104,631922218,98,0,106,0,"[166,21,22,1,-144,21,84,1,-87,21,74,1,-52,21,11,1,-46,21,-56,0,-73,21,-117,0,-124,21,-142,0,179,21,-152,0,129,21,-149,0,117,21,-151,0,144,21,-179,0,-170,21,115,0,-128,21,14,0,0,0,0,0,-153,21,-180,21,132,21,97,21,55,21,53,21,2,21,67,21,11,21,115,21,76,21,165,21,158,21,-165,21,-127,21,-163,21,-72,21,165,21,-50,21,121,21,-56,21,79,21,-86,21,86,21,-103,21]"
CSI_DATA,8797,d8:b1:90:d9:de:f0,-39,9,-99,-33,40,104,631922332,108,0,106,0,"[-4,21,69,1,65,0,104,1,114,0,62,1,116,0,-7,0,88,0,-66,0,45,0,-98,0,-18,21,-100,0,-72,21,-75,0,-119,21,-59,0,-138,21,-59,0,-122,21,-93,0,-117,21,-173,0,-129,21,87,0,0,0,0,0,130,21,-62,21,27,21,-97,21,-61,20,-97,21,-95,20,-62,21,-63,20,-31,21,10,21,-29,21,94,21,-45,21,162,21,-84,21,-177,21,-136,21,-183,21,-181,21,165,21,159,21,145,21,174,21,164,21]"
CSI_DATA,8798,d8:b1:90:d9:de:f0,-39,9,-99,-36,41,104,632131135,98,0,106,0,"[168,21,48,1,-151,21,97,1,-91,21,70,1,-62,21,-8,0,-60,21,-84,0,-97,21,-172,0,-151,21,135,0,137,21,97,0,67,21,69,0,52,21,57,0,83,21,38,0,155,21,-4,21,-122,21,-80,21,0,0,0,0,-40,21,93,21,-42,21,-32,19,-90,21,-108,19,-137,21,-125,19,-149,21,-64,19,-122,21,32,21,-59,21,135,21,25,0,-158,21,105,0,-122,21,-180,0,-131,21,-122,0,-168,21,-128,0,168,21,176,0]"
CSI_DATA,8799,d8:b1:90:d9:de:f0,-39,9,-99,-37,41,104,632181086,101,0,106,0,"[24,0,-42,20,-46,21,-85,20,-101,21,-52,20,-109,21,11,21,-100,21,59,21,-63,21,93,21,-23,21,91,21,11,0,66,21,36,0,47,21,46,0,47,21,52,0,90,21,50,0,161,21,81,0,-113,21,0,0,0,0,-139,0,-18,21,-40,0,-11,21,46,1,-42,21,78,1,-87,21,45,1,-119,21,-27,0,-109,21,-94,0,-69,21,-135,0,-27,21,-141,0,26,0,-107,0,49,0,-68,0,45,0,-66,0,5,0,-126,0]"
CSI_DATA,8800,d8:b1:90:d9:de:f0,-39,9,-99,-36,41,104,632202543,130,0,106,0,"[-155,0,4,1,-57,0,-2,0,-14,0,-62,0,-29,0,-132,0,-66,0,179,0,-114,0,153,0,-162,0,163,0,177,0,-163,0,155,0,-125,0,142,0,-114,0,125,0,-141,0,80,0,170,0,0,0,121,0,0,0,0,0,176,21,122,0,81,21,-165,0,42,21,-70,0,52,21,2,1,115,21,25,1,-179,21,-21,0,-131,21,-94,0,-124,21,-166,0,-144,21,148,0,-180,21,134,0,153,21,142,0,165,21,166,0,-139,21]"
CSI_DATA,8801,d8:b1:90:d9:de:f0,-40,9,-99,-34,41,104,632202994,113,0,106,0,"[25,1,164,0,84,1,126,0,80,1,82,0,32,1,48,0,-32,0,40,0,-90,0,68,0,-136,0,104,0,-165,0,168,0,148,0,-120,0,134,0,-101,0,110,0,-128,0,62,0,157,0,-14,20,97,0,0,0,0,0,132,20,24,0,20,20,32,0,-70,18,80,0,-98,18,129,0,-60,18,153,0,4,20,129,0,81,20,84,0,134,20,17,0,166,20,-38,20,158,20,-90,20,137,20,-129,20,124,20,-124,20,152,20]"
CSI_DATA,8802,d8:b1:90:d9:de:f0,-38,11,-99,-34,39,104,632503973,100,0,114,0,"[-40,20,-47,16,-52,15,-53,11,-53,10,-53,6,-50,3,-50,0,-47,0,-47,-1,-43,-1,-43,-3,-43,-3,-43,-3,-45,-5,-47,-5,-50,-6,-52,-8,-53,-10,-53,-8,-55,-11,-53,-11,-53,-11,-53,-13,-50,-15,-48,-15,-48,-15,-48,-16,0,0,-47,-16,-45,-20,-47,-20,-45,-20,-45,-23,-47,-23,-47,-23,-45,-25,-43,-25,-43,-25,-40,-23,-38,-23,-36,-23,-35,-21,-33,-21,-31,-21,-30,-20,-31,-21,-31,-21,-33,-23,-33,-25,-33,-28,-31,-28,-30,-30,-30,-33,-26,-33,-21,-33,-18,-31]"
CSI_DATA,8803,d8:b1:90:d9:de:f0,-41,11,-99,-35,42,104,632548470,277,0,106,0,"[28,1,-103,18,45,1,136,18,6,1,99,18,-40,0,96,18,-85,0,121,18,-114,0,138,18,-112,0,-146,18,-103,0,-121,18,-81,0,-102,18,-78,0,-91,18,-94,0,-75,18,-135,0,-45,18,125,0,12,0,0,0,0,0,117,0,-154,0,-135,0,-86,0,-64,0,-46,0,-11,0,-61,0,6,1,-116,0,-39,0,138,0,-108,0,102,0,143,0,101,0,108,0,128,0,103,0,-139,0,123,0,-113,0,-146,0,-127,0,-152,0]"
CSI_DATA,8804,d8:b1:90:d9:de:f0,-40,9,-99,-37,42,104,632548915,224,0,106,0,"[-34,18,64,0,-58,18,138,0,-24,18,-143,0,33,19,-125,0,90,19,-138,0,111,19,-160,0,116,19,151,0,98,19,128,0,71,19,111,0,62,19,110,0,90,19,101,0,132,19,69,0,-146,19,7,0,0,0,0,0,-161,19,-116,19,104,19,141,19,10,19,125,19,-45,18,-163,19,-42,18,-103,19,12,19,-54,19,86,19,-40,19,147,19,-55,19,-154,19,-94,19,160,19,-130,19,124,19,-149,19,93,19,-125,19,114,19]"
CSI_DATA,8805,d8:b1:90:d9:de:f0,-40,9,-99,-34,41,104,632757831,113,0,106,0,"[97,1,114,0,133,1,68,0,84,1,36,0,4,1,26,0,-74,0,49,0,-134,0,97,0,153,0,150,0,120,0,-128,0,92,0,-77,0,66,0,-62,0,34,0,-101,0,-12,20,166,0,-88,20,90,0,0,0,0,0,66,20,-9,20,-38,18,-14,20,-110,18,4,0,-122,18,32,0,-72,18,36,0,25,20,16,0,126,20,-24,20,-138,20,-80,20,-90,20,-145,20,-74,20,140,20,-77,20,89,20,-90,20,81,20,-89,20]"
CSI_DATA,8806,d8:b1:90:d9:de:f0,-39,11,-99,-37,41,104,632966267,277,0,106,0,"[53,21,-87,0,55,21,-14,0,111,21,-8,0,154,21,-56,0,-186,21,-126,0,183,21,-184,0,151,21,122,0,103,21,74,0,52,21,36,0,42,21,23,0,71,21,5,0,157,21,-15,21,-111,21,-56,21,0,0,0,0,23,0,141,21,49,0,18,21,33,0,-85,20,0,0,-119,20,-30,21,-87,20,-34,21,7,21,-4,21,109,21,47,0,178,21,114,0,-149,21,184,0,-152,21,-146,0,-173,21,-152,0,162,21,148,0]"
CSI_DATA,8807,d8:b1:90:d9:de:f0,-40,9,-99,-34,41,104,632966721,98,0,106,0,"[-126,0,0,1,-41,0,-5,0,-20,0,-60,0,-48,0,-121,0,-108,0,-158,0,-165,0,-165,0,122,0,-140,0,88,0,-104,0,62,0,-64,0,53,0,-54,0,41,0,-93,0,17,0,-165,0,-44,20,96,0,0,0,0,0,116,20,0,0,0,20,10,0,-80,18,57,0,-101,18,110,0,-62,18,142,0,14,20,130,0,102,20,85,0,150,20,26,0,169,20,-36,20,148,20,-85,20,112,20,-108,20,93,20,-90,20,133,20]"
CSI_DATA,8808,d8:b1:90:d9:de:f0,-40,9,-99,-36,42,104,633175665,130,0,106,0,"[128,18,44,1,-156,18,85,1,-105,18,56,1,-84,18,-15,0,-93,18,-75,0,-120,18,-139,0,-161,18,135,0,104,18,105,0,62,18,81,0,65,18,59,0,96,18,36,0,-151,18,-6,18,-78,18,-71,18,0,0,0,0,1,0,81,18,10,0,-8,17,-16,18,-81,17,-40,18,-101,17,-56,18,-51,17,-37,18,28,18,-2,18,113,18,50,0,-142,18,105,0,-99,18,-159,0,-91,18,-119,0,-109,18,-119,0,-119,18,152,0]"
CSI_DATA,8809,d8:b1:90:d9:de:f0,-39,9,-99,-35,40,104,633228657,108,0,106,0,"[52,0,-69,21,-20,23,-130,21,-75,23,-104,21,-90,23,-23,21,-70,23,50,23,-21,23,104,23,38,0,133,23,112,0,132,23,174,0,124,23,-194,0,121,23,195,0,161,23,167,0,-152,23,138,0,-40,23,0,0,0,0,-195,0,153,0,-115,0,-143,0,-18,0,-107,0,29,1,-113,0,18,1,-160,0,-53,0,184,0,-152,0,157,0,157,0,153,0,92,0,181,0,56,0,-157,0,47,0,-107,0,70,0,-98,0,87,0]"
CSI_DATA,8810,d8:b1:90:d9:de:f0,-40,9,-99,-35,42,104,633384509,98,0,106,0,"[-58,17,-154,18,-118,17,-88,18,-101,17,-26,18,-35,17,8,0,37,18,1,0,86,18,-19,18,116,18,-68,18,122,18,-118,18,111,18,152,18,112,18,149,18,154,18,-145,18,-96,18,-111,18,-9,18,-96,18,0,0,0,0,-150,0,140,18,-94,0,56,18,-80,0,-24,17,-117,0,-64,17,139,0,-52,17,92,0,22,18,73,0,116,18,92,0,-128,18,124,0,-75,18,-136,0,-56,18,-97,0,-66,18,-102,0,-95,18,-154,0]"
CSI_DATA,8811,d8:b1:90:d9:de:f0,-43,11,-99,-36,45,104,633503930,100,0,228,0,"[-2,18,-5,22,-7,24,-8,25,-10,26,-11,24,-12,24,110,65,-11,19,-9,17,-8,16,-6,16,-4,15,-2,14,0,14,1,14,3,15,5,15,6,15,8,15,8,13,31,-52,8,11,8,8,8,7,8,3,8,0,8,-1,0,0,9,-8,11,-11,13,-13,16,-16,17,-16,20,-18,0,0,22,-17,22,-16,22,-16,19,-15,16,-12,14,-11,11,-10,8,-9,6,-9,3,-9,1,-10,0,-11,-1,-12,-10,13,-3,-14,-3,-15,-3,-16,-2,-15,-1,-13,-1,-10,-1,-8,-9,-3,-8,5,-1,9,6,7,9,-1,4,-8,-6,-8,-24,22,-8,10,2,16,14,10,18,-3,11,-17,-4,-22,-19,-14,-24,4,-16,21,4,26,22,16,25,-3,13,-20,3,-8,-17,-9,-16,7,-3,16,9,11,15,0,8,-12,0,0,-14,-7,-14,5,-6,14,6,13,13,4,9,-6,22,-27,-7,-4,-6,3,2,8,9,2,9,-7,0,-14,-10,-12,-18,0,-15,12,-2,20,12,16,21,4,17,-11,2,-33,-9,-17,-18,-5,-15,8,-2,14,7,9,10,0,5,-8]"
CSI_DATA,8812,d8:b1:90:d9:de:f0,-40,11,-99,-34,41,104,633801862,277,0,106,0,"[-80,20,53,1,-25,20,94,1,16,0,66,1,26,0,0,1,4,0,-61,0,-29,20,-105,0,-96,20,-117,0,-146,20,-109,0,144,20,-94,0,142,20,-94,0,161,20,-125,0,-145,20,141,0,-121,20,40,0,0,0,0,0,164,20,-140,20,85,20,129,20,9,20,104,20,-29,18,118,20,-12,18,158,20,52,20,-148,20,136,20,-132,20,-128,20,-153,20,-84,20,164,20,-69,20,110,20,-76,20,72,20,-108,20,84,20,-117,20]"
CSI_DATA,8813,d8:b1:90:d9:de:f0,-41,9,-99,-35,42,104,633802325,310,0,106,0,"[-40,17,-154,0,-30,17,-72,0,35,18,-46,0,99,18,-80,0,139,18,-125,0,144,18,128,0,114,18,83,0,67,18,55,0,24,18,46,0,24,18,61,0,68,18,67,0,143,18,36,0,-94,18,-30,18,0,0,0,0,-36,18,99,18,-85,18,2,18,-148,18,-45,17,105,18,-39,17,92,18,11,18,129,18,83,18,-119,18,135,18,-45,18,149,18,3,0,135,18,25,0,91,18,17,0,46,18,-20,18,48,18,-58,18]"
CSI_DATA,8814,d8:b1:90:d9:de:f0,-41,9,-99,-33,42,104,633802511,290,0,106,0,"[-41,17,62,1,31,0,95,1,87,0,58,1,93,0,-10,0,69,0,-65,0,35,0,-94,0,-13,17,-95,0,-55,17,-66,0,-79,17,-34,0,-68,17,-23,0,-46,17,-60,0,-34,17,-136,0,-62,17,69,0,0,0,0,0,93,17,-40,17,-1,16,-40,17,-66,16,0,0,-87,16,50,0,-43,16,87,0,31,17,85,0,98,17,45,0,131,17,-9,17,132,17,-54,17,106,17,-88,17,65,17,-93,17,48,17,-49,17,98,17]"
CSI_DATA,8815,d8:b1:90:d9:de:f0,-41,9,-99,-36,42,104,633802697,252,0,106,0,"[-134,0,-10,17,159,0,-59,17,120,0,-37,17,101,0,23,18,99,0,93,18,134,0,-161,18,-138,0,-109,18,-81,0,-71,18,-33,0,-50,18,-28,0,-37,18,-69,0,-21,18,-148,0,2,0,78,0,54,0,0,0,0,0,-54,18,-113,0,-91,18,-23,0,-93,18,56,1,-78,18,83,1,-65,18,47,1,-61,18,-36,0,-83,18,-125,0,-110,18,127,0,-158,18,76,0,109,18,59,0,70,18,65,0,69,18,80,0,128,18]"
CSI_DATA,8816,d8:b1:90:d9:de:f0,-40,9,-99,-38,42,104,633802908,130,0,106,0,"[-28,0,-93,0,49,1,-142,0,46,1,118,0,-5,0,74,0,-69,0,60,0,-109,0,73,0,-132,0,113,0,-126,0,160,0,-101,0,-150,0,-89,0,-157,0,-118,0,153,0,153,0,116,0,58,0,100,0,0,0,0,0,-88,20,-140,0,-114,20,-32,0,-97,20,56,1,-44,20,89,1,2,0,60,1,22,0,-17,0,5,0,-98,0,-33,20,-146,0,-76,20,-160,0,-114,20,-133,0,-117,20,-98,0,-73,20,-77,0,-24,20]"
CSI_DATA,8817,d8:b1:90:d9:de:f0,-40,9,-99,-36,42,104,634011214,98,0,106,0,"[16,1,-151,0,66,1,138,0,52,1,100,0,-2,0,76,0,-62,0,79,0,-117,0,109,0,-153,0,157,0,156,0,-113,0,147,0,-70,0,137,0,-61,0,114,0,-91,0,65,0,-147,0,-16,18,118,0,0,0,0,0,118,18,81,0,23,18,112,0,-35,17,158,0,-46,17,-128,0,-7,17,-120,0,57,18,159,0,115,18,96,0,146,18,33,0,148,18,-26,18,123,18,-71,18,89,18,-86,18,80,18,-71,18,117,18]"
CSI_DATA,8818,d8:b1:90:d9:de:f0,-41,11,-99,-34,42,104,634219659,277,0,106,0,"[26,1,-105,0,87,1,142,0,68,1,74,0,10,1,42,0,-55,0,41,0,-99,0,66,0,-129,0,109,0,-130,0,-140,0,-118,0,-103,0,-112,0,-110,0,-146,0,-147,0,90,0,106,0,-2,17,77,0,0,0,0,0,115,17,125,0,54,17,-97,0,32,17,-14,0,61,17,26,1,118,17,15,1,-135,17,-45,0,-115,17,-125,0,-117,17,106,0,-150,17,65,0,110,17,49,0,82,17,64,0,95,17,96,0,-148,17]"
CSI_DATA,8819,d8:b1:90:d9:de:f0,-40,9,-99,-36,42,104,634220140,101,0,106,0,"[-55,18,-81,17,-113,18,-99,17,-124,18,-54,17,-98,18,8,18,-51,18,61,18,8,0,105,18,78,0,118,18,146,0,115,18,-128,0,110,18,-125,0,125,18,-144,0,-151,18,127,0,-75,18,79,0,21,0,0,0,0,0,57,0,-89,0,81,0,10,1,123,0,70,1,144,0,89,1,144,0,42,1,105,0,-32,0,41,0,-103,0,-22,18,-156,0,-84,18,139,0,-147,18,146,0,142,18,-158,0,156,18,-149,0,-123,18]"
CSI_DATA,8820,d8:b1:90:d9:de:f0,-41,9,-99,-35,42,104,634429030,98,0,106,0,"[-125,0,39,1,-50,0,28,1,-31,0,-34,0,-68,0,-97,0,-125,0,-132,0,124,0,-149,0,70,0,-122,0,28,0,-83,0,0,0,-52,0,-6,18,-48,0,-8,18,-89,0,-29,18,149,0,-77,18,69,0,0,0,0,0,75,18,-34,18,-22,17,-29,18,-85,17,0,0,-106,17,44,0,-61,17,68,0,19,18,57,0,103,18,19,0,155,18,-34,18,-136,18,-91,18,-148,18,-141,18,133,18,144,18,116,18,-149,18,144,18]"
CSI_DATA,8821,d8:b1:90:d9:de:f0,-38,11,-99,-35,40,104,634503717,100,0,114,0,"[20,36,18,40,18,43,15,46,13,47,10,47,9,46,9,44,7,41,6,40,6,40,6,40,6,38,6,40,6,41,7,43,7,46,7,47,7,50,7,49,7,50,7,52,6,50,6,50,6,47,4,47,4,46,4,46,0,0,4,44,3,46,3,47,3,47,4,47,3,47,1,47,1,49,3,47,3,44,3,44,3,41,3,40,3,38,4,36,3,35,3,33,4,33,4,35,1,36,3,38,1,40,1,41,1,40,0,40,-3,38,-4,36,-6,33]"
CSI_DATA,8822,d8:b1:90:d9:de:f0,-41,9,-99,-35,42,104,634637937,130,0,106,0,"[23,0,-31,17,-7,18,-80,17,-34,18,-61,17,-34,18,-6,17,-6,18,48,18,37,0,95,18,97,0,130,18,-146,0,139,18,-79,0,144,18,-59,0,146,18,-83,0,-145,18,-138,0,-96,18,108,0,-19,18,0,0,0,0,48,0,-139,0,53,0,-34,0,89,0,45,1,117,0,67,1,124,0,37,1,94,0,-28,0,41,0,-99,0,-19,18,-143,0,-84,18,150,0,-145,18,-152,0,134,18,-129,0,136,18,-105,0,-122,18]"
CSI_DATA,8823,d8:b1:90:d9:de:f0,-40,9,-99,-37,42,104,634638054,113,0,106,0,"[-37,18,23,0,-80,18,68,0,-59,18,95,0,0,19,90,0,57,19,49,0,98,19,-2,19,121,19,-77,19,116,19,-146,19,106,19,119,19,107,19,99,19,128,19,115,19,-142,19,-161,19,-47,19,-116,19,0,0,0,0,-156,0,-88,19,-47,0,-129,19,20,1,147,19,40,1,115,19,6,1,108,19,-58,0,160,19,-123,0,-99,19,-152,0,-23,19,-159,0,45,0,-128,0,110,0,-86,0,132,0,-63,0,117,0,-97,0]"
CSI_DATA,8824,d8:b1:90:d9:de:f0,-40,9,-99,-36,41,104,634638163,108,0,106,0,"[28,1,-35,21,60,1,-120,21,19,1,-177,21,-49,0,173,21,-103,0,-169,21,-131,0,-122,21,-124,0,-81,21,-81,0,-49,21,-35,0,-33,21,-24,0,-52,21,-56,0,-64,21,-129,0,-50,21,141,0,5,0,0,0,0,0,86,0,175,0,131,0,-76,0,-135,0,-24,0,-67,0,-22,0,-43,0,-86,0,-83,0,-153,0,-153,0,158,0,141,0,149,0,97,0,177,0,96,0,-139,0,124,0,-98,0,170,0,-113,0,-175,0]"
CSI_DATA,8825,d8:b1:90:d9:de:f0,-40,9,-99,-34,41,104,634683628,98,0,106,0,"[128,20,24,1,-162,20,88,1,-101,20,73,1,-69,20,0,1,-66,20,-61,0,-96,20,-118,0,-130,20,-149,0,154,20,-158,0,108,20,-165,0,108,20,164,0,142,20,128,0,-152,20,48,0,-113,20,-41,20,0,0,0,0,-133,20,130,20,152,20,34,20,88,20,-2,18,40,20,0,20,48,20,48,20,100,20,109,20,-166,20,162,20,-88,20,-169,20,-32,20,165,20,6,0,134,20,24,0,97,20,6,0,92,20,-10,20]"
CSI_DATA,8826,d8:b1:90:d9:de:f0,-41,9,-99,-35,42,104,634846809,98,0,106,0,"[51,1,134,0,97,1,81,0,73,1,28,0,7,1,4,0,-56,0,15,0,-105,0,48,0,-132,0,99,0,-139,0,155,0,-133,0,-116,0,-139,0,-107,0,154,0,-129,0,94,0,144,0,2,0,114,0,0,0,0,0,133,18,138,0,59,18,-107,0,30,18,-39,0,41,18,11,1,89,18,4,1,145,18,-56,0,-132,18,-143,0,-124,18,91,0,-151,18,33,0,112,18,3,0,63,18,0,0,56,18,28,0,102,18]"
CSI_DATA,8827,d8:b1:90:d9:de:f0,-40,11,-99,-36,42,104,635055254,277,0,106,0,"[-31,17,-147,18,-85,17,-88,18,-59,17,-30,18,0,18,0,0,55,18,-1,18,99,18,-35,18,120,18,-79,18,114,18,-134,18,98,18,149,18,94,18,147,18,115,18,-146,18,-138,18,-117,18,-46,18,-107,18,0,0,0,0,120,0,140,18,-156,0,50,18,-153,0,-31,17,132,0,-81,17,86,0,-57,17,51,0,18,18,54,0,100,18,76,0,-159,18,127,0,-125,18,-149,0,-128,18,-118,0,-159,18,-132,0,130,18,124,0]"
CSI_DATA,8828,d8:b1:90:d9:de:f0,-40,9,-99,-35,41,104,635055699,113,0,106,0,"[52,1,-46,20,72,1,-139,20,16,1,161,20,-57,0,161,20,-109,0,-157,20,-130,0,-105,20,-124,0,-56,20,-83,0,-24,20,-39,0,-9,20,-31,0,-23,20,-74,0,-20,20,-149,0,-2,20,111,0,45,0,0,0,0,0,68,0,-141,0,96,0,-27,0,-170,0,35,1,-113,0,34,1,-96,0,-24,0,-123,0,-105,0,161,0,-163,0,93,0,170,0,43,0,-163,0,20,0,-119,0,37,0,-71,0,82,0,-68,0,107,0]"
CSI_DATA,8829,d8:b1:90:d9:de:f0,-40,9,-99,-37,42,104,635264643,98,0,106,0,"[107,0,54,1,-146,0,60,1,-119,0,11,1,-141,0,-50,0,151,0,-95,0,97,0,-110,0,44,0,-102,0,3,0,-68,0,-23,19,-31,0,-24,19,-32,0,-18,19,-85,0,-25,19,163,0,-67,19,69,0,0,0,0,0,114,19,-58,19,3,19,-71,19,-76,18,-47,19,-106,18,0,0,-67,18,31,0,3,19,33,0,93,19,9,0,145,19,-38,19,-156,19,-90,19,160,19,-137,19,130,19,-161,19,114,19,-141,19,142,19]"
CSI_DATA,8830,d8:b1:90:d9:de:f0,-40,9,-99,-33,41,104,635473550,130,0,106,0,"[0,1,120,19,2,1,67,19,-41,0,67,19,-89,0,115,19,-116,0,-158,19,-121,0,-88,19,-102,0,-23,19,-60,0,44,0,-29,0,95,0,-31,0,106,0,-66,0,98,0,-151,0,85,0,72,0,99,0,0,0,0,0,-123,19,-158,0,133,19,-86,0,94,19,-20,0,91,19,22,1,117,19,-1,0,146,19,-66,0,-163,19,-152,0,160,19,93,0,142,19,25,0,99,19,-11,19,55,19,-25,19,47,19,-9,19,91,19]"
CSI_DATA,8831,d8:b1:90:d9:de:f0,-39,9,-99,-36,41,104,635473676,98,0,106,0,"[57,1,-19,21,93,1,-66,21,52,1,-88,21,-11,0,-74,21,-79,0,-31,21,-113,0,25,0,-128,0,103,0,-128,0,179,0,-117,0,-118,0,-117,0,-100,0,-156,0,-128,0,131,0,175,0,22,0,131,0,0,0,0,0,170,21,110,0,60,21,148,0,-15,19,-158,0,-26,19,-128,0,7,21,-139,0,69,21,179,0,124,21,100,0,153,21,15,0,156,21,-52,21,128,21,-114,21,94,21,-144,21,69,21,-121,21,111,21]"
CSI_DATA,8832,d8:b1:90:d9:de:f0,-43,11,-99,-33,44,104,635503637,100,0,228,0,"[-18,9,-22,9,-27,8,-28,7,-30,5,-30,2,-28,0,113,67,-22,0,-21,0,-19,0,-17,1,-17,3,-15,4,-14,6,-14,8,-14,10,-15,11,-15,11,-15,13,-14,12,32,-54,-11,11,-10,10,-7,9,-3,7,0,7,1,8,0,0,9,9,11,10,14,12,15,15,17,17,17,20,-40,0,16,22,15,22,13,22,11,20,11,18,10,15,9,12,9,10,9,8,9,5,11,3,11,2,12,2,-92,0,16,2,16,3,16,4,14,4,11,4,9,4,6,3,-3,-12,-11,-6,-11,2,-3,10,5,8,10,0,4,-10,-31,-11,-13,-3,-13,9,-2,18,11,17,22,3,20,-13,6,-24,-13,-23,-26,-9,-25,11,-9,25,11,23,22,7,6,1,3,-20,-11,-14,-18,0,-11,13,3,17,16,8,0,0,7,-16,-6,-16,-16,-7,-16,6,-6,13,4,12,28,24,6,-5,-1,-6,-7,0,-3,9,6,10,12,2,13,-9,3,-16,-10,-16,-19,-5,-19,8,-8,19,6,20,33,12,20,-4,11,-15,-3,-16,-12,-7,-11,3,-3,11,5,8]"
CSI_DATA,8833,d8:b1:90:d9:de:f0,-40,11,-99,-36,42,104,635890849,277,0,106,0,"[-32,0,-22,0,42,1,-65,0,33,1,-138,0,-16,0,130,0,-86,0,114,0,-133,0,129,0,-158,0,-158,0,147,0,-103,0,152,0,-76,0,151,0,-81,0,125,0,-122,0,67,0,147,0,-23,18,110,0,0,0,0,0,120,18,137,0,52,18,-117,0,26,18,-42,0,50,18,0,1,100,18,-1,0,157,18,-59,0,-135,18,-140,0,-133,18,122,0,-154,18,78,0,128,18,54,0,94,18,56,0,91,18,84,0,148,18]"
CSI_DATA,8834,d8:b1:90:d9:de:f0,-40,9,-99,-35,41,104,635891302,224,0,106,0,"[28,1,146,20,1,1,56,20,-71,0,31,20,-137,0,68,20,-175,0,120,20,174,0,171,20,-145,0,-152,20,-105,0,-142,20,-69,0,-139,20,-85,0,-139,20,-122,0,-116,20,174,0,-54,20,129,0,30,0,0,0,0,0,166,0,-172,0,-120,0,-91,0,-35,0,-69,0,15,1,-93,0,10,1,-148,0,-45,0,153,0,-116,0,123,0,170,0,123,0,126,0,145,0,113,0,-168,0,127,0,-141,0,146,0,-150,0,145,0]"
CSI_DATA,8835,d8:b1:90:d9:de:f0,-40,9,-99,-36,42,104,636100201,108,0,106,0,"[-69,0,-8,0,10,1,-36,0,13,1,-104,0,-42,0,-158,0,-112,0,137,0,148,0,151,0,105,0,-127,0,84,0,-74,0,84,0,-28,0,86,0,-36,0,78,0,-85,0,37,0,156,0,-44,18,80,0,0,0,0,0,79,18,40,0,-18,17,80,0,-70,17,133,0,-67,17,-142,0,-18,17,-128,0,56,18,153,0,119,18,91,0,143,18,23,0,144,18,-27,18,117,18,-66,18,83,18,-75,18,74,18,-54,18,124,18]"
CSI_DATA,8836,d8:b1:90:d9:de:f0,-40,9,-99,-34,41,104,636126461,130,0,106,0,"[-17,20,72,1,69,0,105,1,128,0,61,1,146,0,-18,0,126,0,-85,0,78,0,-109,0,32,0,-110,0,-8,20,-77,0,-25,20,-38,0,-9,20,-30,0,1,0,-74,0,-12,20,-157,0,-60,20,100,0,0,0,0,0,110,20,38,0,0,20,76,0,-52,18,154,0,-46,18,-118,0,9,20,-92,0,89,20,-125,0,150,20,149,0,-170,20,88,0,161,20,44,0,124,20,22,0,88,20,28,0,81,20,61,0,141,20]"
CSI_DATA,8837,d8:b1:90:d9:de:f0,-40,11,-99,-34,41,104,636308646,277,0,106,0,"[72,20,50,20,-2,18,73,20,-10,18,134,20,36,20,-154,20,92,20,-124,20,148,20,-137,20,-154,20,168,20,-137,20,112,20,-133,20,58,20,-140,20,60,20,-126,20,90,20,-85,20,141,20,2,0,-148,20,0,0,0,0,168,0,-144,20,-88,0,137,20,-58,0,57,20,-69,0,8,20,-116,0,10,20,-170,0,64,20,144,0,144,20,146,0,-125,20,168,0,-76,20,-125,0,-60,20,-76,0,-72,20,-74,0,-102,20,-133,0]"
CSI_DATA,8838,d8:b1:90:d9:de:f0,-41,9,-99,-35,42,104,636309136,101,0,106,0,"[106,18,-15,17,50,18,-13,17,47,18,26,18,91,18,80,18,146,18,112,18,-92,18,122,18,-31,18,108,18,34,0,79,18,80,0,46,18,92,0,44,18,94,0,75,18,86,0,152,18,94,0,-62,18,0,0,0,0,-132,0,123,0,-55,0,-122,0,11,1,-97,0,46,1,-106,0,26,1,-135,0,-44,0,144,0,-134,0,128,0,92,0,136,0,33,0,-152,0,-6,18,-105,0,-20,18,-58,0,-2,18,-47,0,26,0]"
CSI_DATA,8839,d8:b1:90:d9:de:f0,-40,9,-99,-34,41,104,636309259,120,0,106,0,"[-128,0,-8,0,-38,0,-29,0,-16,0,-96,0,-49,0,168,0,-94,0,134,0,-150,0,140,0,152,0,164,0,142,0,-121,0,153,0,-76,0,162,0,-78,0,160,0,-113,0,113,0,-154,0,26,0,145,0,0,0,0,0,-124,20,-161,0,158,20,-68,0,165,20,16,1,-137,20,66,1,-88,20,52,1,-52,20,-21,0,-41,20,-105,0,-73,20,-162,0,-109,20,142,0,-154,20,160,0,161,20,-145,0,-160,20,-109,0,-92,20]"
CSI_DATA,8840,d8:b1:90:d9:de:f0,-40,9,-99,-35,42,104,636309399,120,0,106,0,"[37,1,148,0,91,1,111,0,69,1,70,0,8,1,50,0,-66,0,56,0,-117,0,85,0,150,0,139,0,127,0,-113,0,119,0,-55,0,113,0,-45,0,90,0,-77,0,46,0,-139,0,-28,18,110,0,0,0,0,0,103,18,42,0,1,18,56,0,-67,17,94,0,-83,17,125,0,-46,17,136,0,26,18,107,0,106,18,53,0,146,18,-9,18,-145,18,-72,18,-156,18,-130,18,125,18,144,18,96,18,152,18,119,18]"
CSI_DATA,8841,d8:b1:90:d9:de:f0,-40,9,-99,-34,41,104,636309530,130,0,106,0,"[116,0,-48,18,81,0,-94,18,38,0,-72,18,32,0,-6,18,45,0,50,20,73,0,112,20,126,0,144,20,-150,0,161,20,-97,0,-166,20,-82,0,-153,20,-100,0,-122,20,-150,0,-66,20,129,0,21,0,0,0,0,0,105,0,-144,0,125,0,-36,0,169,0,28,1,-140,0,48,1,-136,0,12,1,168,0,-54,0,102,0,-113,0,29,0,-153,0,-32,20,-161,0,-90,20,-137,0,-120,20,-102,0,-108,20,-85,0,-70,20]"
CSI_DATA,8842,d8:b1:90:d9:de:f0,-41,9,-99,-35,42,104,636309646,98,0,106,0,"[-53,17,-73,18,-91,17,-25,18,-67,17,14,0,-6,17,24,0,48,18,6,0,96,18,-37,18,122,18,-88,18,124,18,-151,18,122,18,117,18,134,18,102,18,-150,18,122,18,-91,18,-151,18,-4,18,-122,18,0,0,0,0,-144,0,-129,18,-59,0,141,18,-14,0,90,18,-8,0,47,18,-42,0,56,18,-88,0,101,18,-132,0,-141,18,-148,0,-73,18,-143,0,-11,18,-114,0,28,0,-74,0,47,0,-62,0,35,0,-99,0]"
CSI_DATA,8843,d8:b1:90:d9:de:f0,-39,9,-99,-34,40,104,636344966,120,0,106,0,"[-38,0,86,22,-64,0,10,22,-128,0,5,22,-181,0,59,22,185,0,136,22,-179,0,-185,22,-136,0,-140,22,-70,0,-118,22,-19,0,-119,22,-23,0,-121,22,-88,0,-101,22,-184,0,-49,22,106,0,41,0,0,0,0,0,50,0,-137,0,73,0,-14,0,137,0,67,1,179,0,76,1,185,0,19,1,149,0,-49,0,85,0,-112,0,22,0,-148,0,-34,22,-151,0,-73,22,-125,0,-83,22,-98,0,-55,22,-92,0,-16,22]"
CSI_DATA,8844,d8:b1:90:d9:de:f0,-38,11,-99,-35,40,104,636504024,100,0,114,0,"[3,40,1,44,1,47,-1,49,-3,50,-1,49,-4,47,-3,46,-1,44,-3,41,-1,41,0,41,1,41,3,41,3,44,6,44,6,44,9,46,9,49,10,47,12,50,12,52,12,49,13,49,13,46,16,44,16,43,16,44,0,0,18,41,20,41,20,43,23,41,24,43,24,43,24,41,24,41,27,38,27,36,29,33,27,32,27,29,27,27,27,26,27,24,27,23,29,21,29,23,29,21,30,21,32,23,33,23,35,23,35,21,32,23,30,23,26,21]"
CSI_DATA,8845,d8:b1:90:d9:de:f0,-40,11,-99,-37,42,104,636517545,277,0,106,0,"[25,0,-79,18,-33,19,-115,18,-71,19,-73,18,-69,19,-1,18,-36,19,57,19,12,0,91,19,72,0,103,19,121,0,89,19,164,0,79,19,163,0,89,19,150,0,133,19,121,0,-116,19,101,0,-15,19,0,0,0,0,-163,0,156,0,-103,0,-94,0,-31,0,-67,0,-1,0,-66,0,-14,0,-102,0,-69,0,-138,0,-146,0,163,0,120,0,158,0,66,0,-160,0,29,0,-125,0,23,0,-93,0,36,0,-89,0,47,0]"
CSI_DATA,8846,d8:b1:90:d9:de:f0,-41,9,-99,-35,42,104,636518008,124,0,106,0,"[73,1,58,0,110,1,-14,18,62,1,-59,18,-7,0,-66,18,-64,0,-40,18,-99,0,6,0,-102,0,58,0,-81,0,108,0,-58,0,139,0,-58,0,129,0,-97,0,105,0,136,0,84,0,37,0,89,0,0,0,0,0,-122,18,-132,0,150,18,-45,0,148,18,29,1,-138,18,69,1,-97,18,51,1,-69,18,-19,0,-66,18,-100,0,-90,18,148,0,-122,18,111,0,145,18,103,0,111,18,122,0,124,18,149,0,-133,18]"
CSI_DATA,8847,d8:b1:90:d9:de:f0,-40,11,-99,-37,42,104,636935342,277,0,106,0,"[134,19,40,1,-146,19,94,1,-88,19,75,1,-54,19,5,1,-57,19,-71,0,-93,19,-132,0,-142,19,149,0,124,19,132,0,63,19,132,0,54,19,132,0,91,19,112,0,152,19,58,0,-123,19,-25,19,0,0,0,0,-77,19,116,19,-124,19,14,19,155,19,-38,18,116,19,-44,18,114,19,0,19,154,19,62,19,-112,19,125,19,-36,19,154,19,27,0,158,19,77,0,132,19,102,0,91,19,86,0,68,19,37,0]"
CSI_DATA,8848,d8:b1:90:d9:de:f0,-40,9,-99,-36,42,104,636935805,98,0,106,0,"[-75,17,62,0,-96,17,139,0,-40,17,-143,0,35,18,-159,0,89,18,119,0,117,18,67,0,113,18,6,0,86,18,-49,18,50,18,-83,18,45,18,-84,18,74,18,-83,18,144,18,-83,18,-84,18,-99,18,0,0,0,0,40,0,99,18,61,0,5,18,49,0,-67,17,16,0,-95,17,-12,18,-69,17,-22,18,11,18,0,0,96,18,41,0,149,18,89,0,-139,18,147,0,-147,18,-143,0,149,18,-156,0,113,18,117,0]"
CSI_DATA,8849,d8:b1:90:d9:de:f0,-39,9,-99,-36,41,104,636951643,130,0,106,0,"[-158,21,46,1,-86,21,103,1,-16,21,74,1,11,0,-1,0,-1,21,-74,0,-36,21,-118,0,-90,21,-137,0,-152,21,-127,0,166,21,-104,0,166,21,-100,0,-168,21,-142,0,-146,21,148,0,-137,21,40,0,0,0,0,0,135,21,-117,21,38,21,-166,21,-49,19,-159,21,-86,19,-125,21,-57,19,-83,21,15,21,-53,21,107,21,-59,21,173,21,-90,21,-156,21,-131,21,-148,21,-179,21,-166,21,146,21,161,21,155,21,170,21]"
CSI_DATA,8850,d8:b1:90:d9:de:f0,-40,9,-99,-35,41,104,637001333,130,0,106,0,"[-167,20,-38,19,109,20,-45,19,91,20,13,20,127,20,79,20,-161,20,118,20,-94,20,141,20,-27,20,120,20,27,0,75,20,71,0,41,20,82,0,31,20,79,0,82,20,75,0,174,20,91,0,-74,20,0,0,0,0,-118,0,75,0,-27,0,122,0,60,1,129,0,87,1,107,0,52,1,75,0,-26,0,59,0,-111,0,74,0,159,0,115,0,119,0,161,0,105,0,-135,0,119,0,-93,0,149,0,-108,0,141,0]"
CSI_DATA,8851,d8:b1:90:d9:de:f0,-40,9,-99,-36,42,104,637001763,113,0,106,0,"[-55,18,66,1,13,0,101,1,56,0,66,1,69,0,-7,0,42,0,-66,0,0,0,-107,0,-56,18,-118,0,-117,18,-108,0,-159,18,-84,0,-158,18,-75,0,-137,18,-110,0,-109,18,137,0,-104,18,40,0,0,0,0,0,135,18,-127,18,52,18,142,18,-26,17,137,18,-62,17,-159,18,-36,17,-118,18,28,18,-94,18,113,18,-89,18,-140,18,-110,18,-101,18,-147,18,-91,18,124,18,-107,18,90,18,-135,18,100,18,-130,18]"
CSI_DATA,8852,d8:b1:90:d9:de:f0,-40,9,-99,-37,42,104,637144722,130,0,106,0,"[102,19,0,19,36,19,3,19,33,19,54,19,84,19,98,19,152,19,130,19,-120,19,137,19,-60,19,111,19,-3,19,77,19,36,0,44,19,47,0,41,19,50,0,89,19,67,0,-164,19,97,0,-60,19,0,0,0,0,-108,0,99,0,-15,0,138,0,51,1,152,0,84,1,134,0,53,1,115,0,-16,0,94,0,-110,0,97,0,145,0,124,0,94,0,154,0,63,0,-128,0,57,0,-88,0,75,0,-88,0,76,0]"
CSI_DATA,8853,d8:b1:90:d9:de:f0,-39,9,-99,-36,41,104,637144839,113,0,106,0,"[63,21,-50,0,90,21,12,1,142,21,9,1,-175,21,-53,0,-166,21,-117,0,177,21,163,0,142,21,105,0,81,21,72,0,39,21,43,0,39,21,26,0,84,21,9,0,165,21,-28,21,-90,21,-87,21,0,0,0,0,21,0,113,21,50,0,0,21,32,0,-79,19,11,0,-117,19,-1,21,-80,19,11,0,8,21,31,0,103,21,74,0,169,21,131,0,-146,21,-177,0,-138,21,-134,0,-155,21,-137,0,-158,21,175,0]"
CSI_DATA,8854,d8:b1:90:d9:de:f0,-43,11,-99,-35,45,104,637503945,100,0,228,0,"[11,-18,15,-19,19,-19,22,-17,25,-15,25,-12,25,-9,107,64,21,-6,19,-5,17,-5,15,-5,14,-5,13,-6,13,-7,13,-9,12,-10,13,-11,13,-12,14,-12,13,-11,30,-51,11,-9,8,-8,6,-7,4,-6,0,-6,-1,-8,0,0,-6,-12,-7,-14,-7,-17,-7,-21,-7,-22,-6,-25,-94,12,-3,-26,-2,-25,0,-24,0,-22,0,-19,0,-17,0,-14,-1,-13,-1,-12,-3,-12,-5,-10,-6,-11,-6,-11,-78,12,-6,-12,-6,-13,-5,-13,-4,-12,-2,-11,-2,-9,-1,-6,8,6,11,0,6,-7,-2,-9,-9,-3,-7,6,0,11,32,0,14,0,10,-12,-1,-18,-14,-13,-22,0,-18,14,-3,24,14,20,25,6,23,-12,7,-24,-11,-22,-21,-7,-6,-1,-4,19,10,14,18,1,12,-12,0,-17,-12,-11,0,0,-12,12,0,17,11,11,14,0,9,-9,0,-11,-12,-32,-6,3,0,6,7,2,8,-6,1,-12,-9,-11,-15,-2,-14,9,-4,17,8,17,18,6,19,-6,10,-17,-10,-31,-14,-11,-19,1,-10,12,1,14,10,7,12,-2,5,-9]"
CSI_DATA,8855,d8:b1:90:d9:de:f0,-40,11,-99,-37,42,104,637562038,277,0,106,0,"[-2,0,86,19,-5,0,25,19,-49,0,22,19,-99,0,68,19,-130,0,138,19,-134,0,-125,19,-116,0,-53,19,-82,0,11,0,-50,0,62,0,-50,0,89,0,-91,0,89,0,158,0,88,0,58,0,99,0,0,0,0,0,-126,19,-139,0,133,19,-68,0,99,19,2,1,102,19,41,1,130,19,19,1,159,19,-53,0,-146,19,-143,0,-155,19,103,0,163,19,34,0,128,19,-9,19,88,19,-29,19,77,19,-18,19,123,19]"
CSI_DATA,8856,d8:b1:90:d9:de:f0,-39,9,-99,-36,41,104,637562483,108,0,106,0,"[-48,19,151,0,-59,19,-137,0,-14,19,-120,0,48,21,-152,0,101,21,159,0,125,21,91,0,121,21,15,0,103,21,-48,21,74,21,-96,21,69,21,-124,21,113,21,-124,21,-170,21,-114,21,-59,21,-115,21,0,0,0,0,118,0,162,21,-162,0,72,21,-129,0,-8,19,-141,0,-50,19,-172,0,-31,19,149,0,38,21,128,0,138,21,135,0,-137,21,172,0,-76,21,-142,0,-35,21,-97,0,-29,21,-90,0,-50,21,-145,0]"
CSI_DATA,8857,d8:b1:90:d9:de:f0,-40,9,-99,-34,41,104,637562592,113,0,106,0,"[-32,20,-73,18,-104,20,-101,18,-141,20,-56,18,-132,20,16,20,-93,20,82,20,-33,20,121,20,37,0,130,20,112,0,120,20,156,0,100,20,-165,0,94,20,157,0,124,20,122,0,-141,20,102,0,-40,20,0,0,0,0,157,0,169,0,-106,0,-97,0,-26,0,-56,0,17,1,-70,0,8,1,-113,0,-60,0,169,0,-156,0,142,0,104,0,132,0,32,0,158,0,-5,20,-132,0,-12,20,-85,0,14,0,-72,0,46,0]"
CSI_DATA,8858,d8:b1:90:d9:de:f0,-41,9,-99,-35,42,104,637562737,98,0,106,0,"[-74,17,11,0,-105,17,72,0,-69,17,114,0,0,18,105,0,66,18,74,0,102,18,26,0,119,18,-35,18,110,18,-97,18,84,18,-151,18,83,18,150,18,112,18,-145,18,-134,18,-110,18,-42,18,-99,18,0,0,0,0,144,0,-149,18,-92,0,79,18,-66,0,11,18,-79,0,-39,17,-125,0,-31,17,141,0,35,18,113,0,128,18,119,0,-110,18,143,0,-52,18,-123,0,-15,18,-77,0,-14,18,-68,0,-44,18,-122,0]"
CSI_DATA,8859,d8:b1:90:d9:de:f0,-40,9,-99,-34,41,104,637562860,113,0,106,0,"[128,0,-62,18,64,0,-108,18,9,0,-78,18,-14,20,-6,18,-1,20,62,20,40,0,121,20,97,0,152,20,-166,0,158,20,-114,0,146,20,-108,0,148,20,-141,0,166,20,148,0,-109,20,110,0,-16,20,0,0,0,0,122,0,-146,0,-157,0,-53,0,-82,0,-12,0,-25,0,-20,0,-30,0,-77,0,-84,0,-137,0,-168,0,158,0,86,0,146,0,21,0,164,0,-18,20,-133,0,-25,20,-84,0,0,0,-70,0,40,0]"
CSI_DATA,8860,d8:b1:90:d9:de:f0,-41,9,-99,-35,42,104,637771391,130,0,106,0,"[64,18,-15,0,112,18,53,1,-133,18,48,1,-84,18,-7,0,-68,18,-72,0,-96,18,-127,0,-134,18,152,0,124,18,145,0,85,18,144,0,85,18,150,0,121,18,135,0,-146,18,75,0,-102,18,-13,18,0,0,0,0,-130,18,121,18,114,18,46,18,31,18,26,18,-18,17,50,18,-9,17,96,18,52,18,148,18,128,18,-132,18,-112,18,-136,18,-62,18,154,18,-46,18,110,18,-56,18,70,18,-78,18,67,18,-96,18]"
CSI_DATA,8861,d8:b1:90:d9:de:f0,-40,9,-99,-34,41,104,637771526,130,0,106,0,"[137,0,-58,18,58,0,-110,18,-8,20,-78,18,-29,20,-2,18,-22,20,68,20,17,0,118,20,72,0,124,20,133,0,106,20,166,0,89,20,164,0,85,20,132,0,120,20,112,0,-144,20,112,0,-38,20,0,0,0,0,-124,0,126,0,-18,0,154,0,66,1,149,0,101,1,94,0,72,1,49,0,-6,0,30,0,-94,0,34,0,-165,0,74,0,142,0,117,0,150,0,-168,0,-154,0,-134,0,-128,0,-157,0,-142,0]"
CSI_DATA,8862,d8:b1:90:d9:de:f0,-40,11,-99,-37,42,104,637979836,277,0,106,0,"[57,0,-81,18,2,0,-132,18,-38,19,-101,18,-46,19,-29,18,-27,19,50,19,12,0,110,19,79,0,156,19,154,0,-147,19,-103,0,-129,19,-71,0,-124,19,-88,0,-112,19,-146,0,-66,19,121,0,7,0,0,0,0,0,53,0,-128,0,60,0,-22,0,89,0,59,1,132,0,79,1,149,0,41,1,124,0,-44,0,69,0,-130,0,-5,19,142,0,-79,19,111,0,-149,19,108,0,124,19,130,0,120,19,-163,0,-158,19]"
CSI_DATA,8863,d8:b1:90:d9:de:f0,-40,9,-99,-35,41,104,637980272,130,0,106,0,"[-160,0,-32,19,157,0,-97,19,104,0,-89,19,69,0,-26,19,60,0,45,20,85,0,118,20,124,0,-175,20,-159,0,-137,20,-94,0,-108,20,-65,0,-93,20,-80,0,-71,20,-137,0,-32,20,134,0,32,0,0,0,0,0,63,0,-153,0,67,0,-32,0,108,0,46,1,145,0,74,1,157,0,31,1,137,0,-43,0,83,0,-124,0,13,0,167,0,-57,20,141,0,-124,20,150,0,172,20,-172,0,172,20,-144,0,-134,20]"
CSI_DATA,8864,d8:b1:90:d9:de:f0,-40,9,-99,-36,42,104,637980442,98,0,106,0,"[-73,18,-69,17,-148,18,-95,17,138,18,-55,17,140,18,16,18,-139,18,75,18,-80,18,113,18,-12,18,122,18,54,0,109,18,107,0,86,18,133,0,83,18,132,0,108,18,117,0,-151,18,115,0,-65,18,0,0,0,0,-144,0,101,0,-67,0,-156,0,12,1,-134,0,51,1,-149,0,36,1,137,0,-25,0,107,0,-117,0,84,0,129,0,90,0,59,0,119,0,27,0,-149,0,20,0,-96,0,39,0,-75,0,60,0]"
CSI_DATA,8865,d8:b1:90:d9:de:f0,-39,9,-99,-36,41,104,638189188,98,0,106,0,"[67,0,76,1,149,0,91,1,-172,0,39,1,-180,0,-22,0,146,0,-81,0,100,0,-104,0,55,0,-100,0,15,0,-73,0,-14,21,-50,0,-29,21,-55,0,-52,21,-104,0,-76,21,-180,0,-115,21,96,0,0,0,0,0,104,21,36,0,5,21,35,0,-76,19,76,0,-84,19,113,0,-43,19,132,0,26,21,122,0,101,21,87,0,153,21,35,0,169,21,-18,21,159,21,-67,21,137,21,-91,21,111,21,-90,21,142,21]"
CSI_DATA,8866,d8:b1:90:d9:de:f0,-40,9,-99,-33,41,104,638189338,101,0,106,0,"[9,19,62,19,-57,18,106,19,-51,18,-160,19,1,19,-114,19,50,19,-91,19,97,19,-106,19,124,19,-136,19,136,19,151,19,142,19,119,19,158,19,121,19,-137,19,143,19,-73,19,-159,19,5,0,-146,19,0,0,0,0,152,0,128,19,-128,0,55,19,-115,0,-10,18,-134,0,-58,18,151,0,-42,18,111,0,16,19,93,0,91,19,98,0,158,19,124,0,-124,19,159,0,-107,19,-134,0,-112,19,-130,0,-126,19,163,0]"
CSI_DATA,8867,d8:b1:90:d9:de:f0,-37,11,-99,-35,39,104,638504036,100,0,114,0,"[-41,-15,-44,-20,-48,-25,-46,-29,-46,-31,-44,-32,-41,-32,-39,-31,-36,-29,-36,-31,-32,-29,-34,-29,-36,-29,-34,-27,-34,-29,-38,-31,-39,-31,-41,-34,-43,-34,-44,-34,-43,-34,-43,-34,-43,-36,-43,-34,-43,-36,-41,-34,-41,-34,-39,-32,0,0,-39,-32,-38,-32,-39,-32,-41,-34,-41,-34,-41,-34,-41,-34,-39,-34,-39,-31,-39,-31,-38,-29,-36,-27,-34,-25,-34,-24,-34,-24,-32,-24,-31,-22,-32,-22,-34,-22,-34,-24,-36,-24,-36,-25,-36,-27,-36,-27,-36,-29,-32,-29,-29,-29,-25,-27]"
CSI_DATA,8868,d8:b1:90:d9:de:f0,-40,9,-99,-34,41,104,638606985,98,0,106,0,"[54,1,93,0,104,1,16,0,66,1,-48,20,-9,0,-66,20,-81,0,-46,20,-117,0,-2,20,-122,0,58,0,-97,0,121,0,-56,0,157,0,-38,0,150,0,-77,0,114,0,-156,0,85,0,85,0,92,0,0,0,0,0,-61,20,-125,0,-90,20,-20,0,-72,20,73,1,-17,20,98,1,28,0,58,1,38,0,-17,0,16,0,-98,0,-28,20,-156,0,-86,20,164,0,-134,20,-162,0,-160,20,-128,0,-133,20,-93,0,-74,20]"
CSI_DATA,8869,d8:b1:90:d9:de:f0,-39,9,-99,-37,41,104,638607144,130,0,106,0,"[98,0,-55,20,14,0,-107,20,-61,21,-68,20,-78,21,14,21,-61,21,88,21,-11,21,135,21,53,0,132,21,120,0,90,21,149,0,47,21,141,0,26,21,111,0,65,21,79,0,154,21,87,0,-103,21,0,0,0,0,-123,0,31,0,-21,0,50,0,81,1,17,0,109,1,-46,21,59,1,-85,21,-24,0,-90,21,-111,0,-53,21,-168,0,0,0,-180,0,59,0,-151,0,110,0,-106,0,125,0,-81,0,87,0,-116,0]"
CSI_DATA,8870,d8:b1:90:d9:de:f0,-40,9,-99,-34,41,104,638607252,130,0,106,0,"[-114,0,2,1,-18,0,-20,0,5,1,-101,0,-41,0,166,0,-108,0,132,0,-165,0,142,0,130,0,-158,0,118,0,-98,0,130,0,-49,0,154,0,-48,0,154,0,-90,0,110,0,-157,0,13,0,126,0,0,0,0,0,162,20,145,0,86,20,-108,0,72,20,-24,0,101,20,33,1,160,20,37,1,-122,20,-38,0,-94,20,-126,0,-108,20,149,0,-149,20,109,0,144,20,105,0,104,20,130,0,118,20,-166,0,-153,20]"
CSI_DATA,8871,d8:b1:90:d9:de:f0,-39,9,-99,-35,41,104,638626008,124,0,106,0,"[-45,20,-69,19,-126,20,-98,19,-161,20,-59,19,-167,20,13,20,-127,20,83,20,-69,20,111,20,-2,20,112,20,56,0,91,20,108,0,57,20,119,0,39,20,111,0,80,20,108,0,155,20,118,0,-94,20,0,0,0,0,-122,0,30,0,-26,0,82,0,75,1,68,0,101,1,37,0,68,1,5,0,-2,0,-4,20,-87,0,15,0,-155,0,52,0,164,0,100,0,159,0,155,0,-171,0,-160,0,-144,0,-156,0,-155,0]"
CSI_DATA,8872,d8:b1:90:d9:de:f0,-40,9,-99,-38,42,104,638815929,252,0,106,0,"[2,1,-110,0,58,1,-144,0,44,1,142,0,-24,0,102,0,-96,0,96,0,-160,0,118,0,133,0,162,0,97,0,-113,0,76,0,-57,0,70,0,-44,0,49,0,-82,0,14,0,-146,0,-53,20,118,0,0,0,0,0,104,20,66,0,2,20,66,0,-66,18,104,0,-80,18,144,0,-34,18,154,0,44,20,130,0,118,20,68,0,166,20,-2,20,-160,20,-69,20,-169,20,-130,20,141,20,-168,20,109,20,-164,20,136,20]"
CSI_DATA,8873,d8:b1:90:d9:de:f0,-40,9,-99,-36,42,104,638816104,98,0,106,0,"[-86,18,-52,17,-154,18,-66,17,142,18,-16,17,-161,18,51,18,-113,18,99,18,-57,18,124,18,7,0,124,18,65,0,100,18,107,0,71,18,118,0,67,18,115,0,99,18,110,0,-153,18,118,0,-64,18,0,0,0,0,-108,0,85,0,-23,0,124,0,47,1,138,0,83,1,118,0,56,1,85,0,-20,0,61,0,-107,0,62,0,144,0,88,0,94,0,128,0,71,0,-138,0,79,0,-91,0,107,0,-84,0,113,0]"
CSI_DATA,8874,d8:b1:90:d9:de:f0,-40,9,-99,-37,42,104,638816227,108,0,106,0,"[60,1,54,0,94,1,-2,19,58,1,-37,19,-3,0,-49,19,-73,0,-24,19,-110,0,25,0,-130,0,82,0,-132,0,150,0,-117,0,-136,0,-116,0,-117,0,-146,0,-130,0,119,0,-158,0,28,0,155,0,0,0,0,0,-134,19,-138,0,126,19,-68,0,102,19,5,1,107,19,33,1,143,19,16,1,-149,19,-47,0,-132,19,-138,0,-133,19,124,0,-164,19,66,0,117,19,37,0,73,19,24,0,57,19,46,0,101,19]"
CSI_DATA,8875,d8:b1:90:d9:de:f0,-40,11,-99,-35,41,104,639024329,277,0,106,0,"[-41,20,43,1,16,0,90,1,63,0,59,1,65,0,-1,0,53,0,-56,0,6,0,-96,0,-45,20,-107,0,-112,20,-89,0,-156,20,-72,0,-167,20,-69,0,-153,20,-101,0,-130,20,172,0,-127,20,64,0,0,0,0,0,137,20,-101,20,46,20,-146,20,-38,19,-164,20,-79,19,-141,20,-48,19,-104,20,16,20,-83,20,100,20,-82,20,171,20,-104,20,-134,20,-145,20,-124,20,157,20,-138,20,123,20,-155,20,130,20,-152,20]"
CSI_DATA,8876,d8:b1:90:d9:de:f0,-40,9,-99,-37,42,104,639024774,98,0,106,0,"[-117,19,-31,18,129,19,-38,18,86,19,14,19,99,19,76,19,143,19,130,19,-141,19,147,19,-89,19,129,19,-50,19,82,19,-41,19,41,19,-42,19,29,19,-42,19,72,19,-20,19,151,19,36,0,-103,19,0,0,0,0,-114,0,-53,19,-18,0,-86,19,54,1,-147,19,54,1,126,19,-3,0,103,19,-72,0,128,19,-132,0,-139,19,-163,0,-79,19,-152,0,-25,19,-121,0,7,0,-85,0,9,0,-82,0,-29,19,-134,0]"
CSI_DATA,8877,d8:b1:90:d9:de:f0,-40,9,-99,-37,42,104,639233709,98,0,106,0,"[76,1,47,0,120,1,-16,19,86,1,-60,19,14,1,-63,19,-44,0,-42,19,-93,0,-7,19,-112,0,46,0,-115,0,106,0,-110,0,147,0,-126,0,158,0,-165,0,142,0,97,0,115,0,-2,19,95,0,0,0,0,0,124,19,130,0,44,19,-126,0,5,19,-59,0,10,19,-5,0,57,19,-6,0,126,19,-63,0,-156,19,-151,0,-142,19,106,0,-147,19,34,0,149,19,-11,19,112,19,-28,19,107,19,-7,19,158,19]"
CSI_DATA,8878,d8:b1:90:d9:de:f0,-39,9,-99,-36,41,104,639276583,98,0,106,0,"[-31,21,90,1,28,0,122,1,62,0,87,1,50,0,7,1,12,0,-56,0,-29,21,-96,0,-86,21,-108,0,-148,21,-107,0,166,21,-107,0,155,21,-120,0,166,21,-173,0,-175,21,104,0,-146,21,-2,21,0,0,0,0,156,21,-176,21,94,21,94,21,26,21,59,21,1,21,60,21,18,21,94,21,86,21,144,21,175,21,179,21,-107,21,177,21,-48,21,165,21,-9,21,124,21,7,0,88,21,-9,21,83,21,-15,21]"
CSI_DATA,8879,d8:b1:90:d9:de:f0,-41,11,-99,-34,42,104,639442126,277,0,106,0,"[43,1,-146,0,90,1,112,0,71,1,67,0,22,1,41,0,-39,0,36,0,-84,0,55,0,-120,0,92,0,-139,0,139,0,-152,0,-118,0,146,0,-101,0,118,0,-103,0,65,0,-136,0,-1,17,136,0,0,0,0,0,-148,17,142,0,77,17,-108,0,33,17,-39,0,41,17,1,1,82,17,2,1,135,17,-43,0,-130,17,-120,0,-125,17,105,0,-144,17,51,0,115,17,9,0,71,17,2,0,47,17,30,0,87,17]"
CSI_DATA,8880,d8:b1:90:d9:de:f0,-40,9,-99,-36,42,104,639442571,130,0,106,0,"[-81,17,-7,18,-103,17,67,0,-60,17,112,0,3,18,123,0,65,18,101,0,95,18,67,0,110,18,22,0,95,18,-30,18,74,18,-73,18,70,18,-90,18,100,18,-86,18,-161,18,-85,18,-91,18,-105,18,0,0,0,0,17,0,101,18,32,0,8,18,8,0,-73,17,-46,18,-99,17,-86,18,-56,17,-91,18,17,18,-59,18,96,18,-2,18,151,18,56,0,-153,18,108,0,154,18,139,0,118,18,123,0,79,18,64,0]"
CSI_DATA,8881,d8:b1:90:d9:de:f0,-41,9,-99,-34,42,104,639442724,113,0,106,0,"[128,17,-40,16,53,17,-23,16,32,17,39,17,51,17,97,17,98,17,137,17,136,17,149,17,-118,17,141,17,-86,17,109,17,-64,17,72,17,-49,17,59,17,-45,17,79,17,-9,17,125,17,36,0,-131,17,0,0,0,0,-116,0,-102,17,-45,0,-148,17,8,1,95,17,-3,0,43,17,-52,0,29,17,-116,0,66,17,137,0,133,17,122,0,-104,17,142,0,-46,17,-120,0,-21,17,-70,0,-15,17,-51,0,-54,17,-99,0]"
CSI_DATA,8882,d8:b1:90:d9:de:f0,-41,9,-99,-36,43,104,639442833,120,0,106,0,"[63,1,-71,16,70,1,-143,16,24,1,107,16,-35,0,112,16,-89,0,141,16,-111,0,-106,16,-109,0,-70,16,-90,0,-35,16,-60,0,-6,16,-53,0,3,0,-76,0,10,0,-121,0,24,0,112,0,62,0,0,0,0,0,65,0,-103,0,85,0,-15,0,140,0,30,1,-94,0,33,1,-70,0,-7,0,-96,0,-75,0,139,0,-132,0,75,0,132,0,24,0,135,0,-12,16,-115,0,-12,16,-69,0,15,0,-50,0,53,0]"
CSI_DATA,8883,d8:b1:90:d9:de:f0,-41,9,-99,-34,42,104,639442955,224,0,106,0,"[74,17,3,1,127,17,66,1,-108,17,65,1,-62,17,13,1,-48,17,-41,0,-51,17,-91,0,-79,17,-116,0,-123,17,-127,0,141,17,-125,0,129,17,-134,0,137,17,-149,0,-143,17,111,0,-133,17,40,0,0,0,0,0,109,17,-90,17,28,17,-125,17,-48,16,-120,17,-90,16,-77,17,-73,16,-28,17,-4,16,3,0,78,17,3,0,149,17,-28,17,-128,17,-76,17,-136,17,-129,17,131,17,146,17,92,17,-140,17,104,17]"
CSI_DATA,8884,d8:b1:90:d9:de:f0,-40,9,-99,-36,42,104,639443145,130,0,106,0,"[13,1,104,18,-16,0,22,18,-78,0,6,18,-144,0,26,18,138,0,74,18,129,0,120,18,142,0,157,18,-142,0,-140,18,-110,0,-132,18,-96,0,-124,18,-112,0,-104,18,-146,0,-62,18,151,0,-2,18,0,0,0,0,-139,0,130,0,-70,0,-135,0,13,1,-123,0,59,1,-159,0,51,1,107,0,-7,0,62,0,-90,0,51,0,-152,0,59,0,129,0,99,0,132,0,146,0,158,0,-140,0,-129,0,-149,0,-134,0]"
CSI_DATA,8885,d8:b1:90:d9:de:f0,-40,9,-99,-35,41,104,639443289,113,0,106,0,"[-48,20,-82,19,-142,20,-91,19,156,20,-34,19,145,20,35,20,172,20,96,20,-139,20,126,20,-98,20,129,20,-65,20,108,20,-39,20,80,20,-30,20,65,20,-13,20,90,20,9,0,141,20,56,0,-142,20,0,0,0,0,-157,0,-146,20,-75,0,164,20,-28,0,83,20,-42,0,26,20,-102,0,8,20,-172,0,50,20,134,0,124,20,118,0,-157,20,150,0,-104,20,-153,0,-87,20,-112,0,-104,20,-109,0,-146,20,-166,0]"
CSI_DATA,8886,d8:b1:90:d9:de:f0,-43,11,-99,-32,44,104,639503639,100,0,228,0,"[14,13,16,16,16,19,16,22,16,23,14,23,12,23,110,65,10,19,9,17,9,15,9,13,9,10,10,8,12,7,12,6,14,4,16,2,16,1,17,0,17,0,31,-52,16,0,14,0,12,-1,9,-2,7,-4,5,-7,0,0,0,-11,0,-15,0,-17,-1,-20,-1,-23,-1,-25,-23,13,0,-27,0,-26,1,-24,2,-23,1,-20,0,-17,0,-15,0,-11,-2,-9,-4,-8,-6,-7,-8,-7,-10,-6,112,13,-14,-7,-14,-8,-14,-9,-13,-9,-11,-8,-8,-8,-6,-6,-7,8,0,12,9,8,11,-2,5,-10,-6,-9,-11,0,2,31,2,13,13,7,16,-5,8,-16,-7,-19,-20,-9,-22,8,-10,22,8,24,23,12,24,-8,11,-22,-8,-22,-1,-8,-16,8,-2,16,10,11,15,-1,8,-13,-5,-14,0,0,-15,8,-4,16,8,14,16,4,12,-8,2,-13,-8,-36,-8,0,-2,6,6,4,8,-3,0,-11,-9,-9,-15,0,-11,12,0,18,13,15,20,1,16,-12,3,-21,-23,-24,-19,-5,-16,8,-4,16,7,11,11,0,7,-7,-2,-8]"
CSI_DATA,8887,d8:b1:90:d9:de:f0,-41,9,-99,-35,42,104,639651497,98,0,106,0,"[26,18,95,18,-31,17,112,18,-25,17,-151,18,25,18,-122,18,94,18,-110,18,152,18,-125,18,-107,18,143,18,-68,18,89,18,-51,18,33,18,-40,18,14,18,-31,18,46,18,-8,18,111,18,48,0,-127,18,0,0,0,0,-111,0,-19,18,-12,0,-20,18,58,1,-36,18,79,1,-70,18,51,1,-81,18,-22,0,-66,18,-101,0,-22,18,-151,0,35,0,136,0,100,0,146,0,-154,0,-139,0,-106,0,-106,0,-117,0,-121,0]"
CSI_DATA,8888,d8:b1:90:d9:de:f0,-41,9,-99,-36,42,104,639860405,98,0,106,0,"[-138,18,55,1,-101,18,103,1,-61,18,78,1,-44,18,-2,0,-55,18,-73,0,-100,18,-148,0,-156,18,120,0,95,18,84,0,44,18,65,0,36,18,54,0,75,18,47,0,-158,18,18,0,-54,18,-28,18,0,0,0,0,103,0,119,18,142,0,12,18,144,0,-66,17,114,0,-101,17,89,0,-61,17,70,0,35,18,79,0,143,18,104,0,-94,18,146,0,-28,18,-122,0,-1,18,-75,0,3,0,-79,0,-11,18,-138,0]"
CSI_DATA,8889,d8:b1:90:d9:de:f0,-40,9,-99,-37,42,104,639860509,113,0,106,0,"[-1,0,71,19,-6,0,7,19,-50,0,3,19,-101,0,69,19,-134,0,138,19,-137,0,-116,19,-116,0,-45,19,-77,0,24,0,-41,0,72,0,-49,0,93,0,-95,0,82,0,146,0,73,0,33,0,75,0,0,0,0,0,143,19,154,0,67,19,-102,0,19,19,-45,0,25,19,-3,0,62,19,-24,0,114,19,-99,0,159,19,138,0,-159,19,50,0,-161,19,-24,19,138,19,-76,19,104,19,-103,19,99,19,-84,19,146,19]"
CSI_DATA,8890,d8:b1:90:d9:de:f0,-40,9,-99,-35,41,104,639860636,113,0,106,0,"[-15,0,-83,0,64,1,-133,0,65,1,138,0,0,1,86,0,-61,0,71,0,-115,0,90,0,-152,0,133,0,-149,0,-161,0,-133,0,-116,0,-123,0,-126,0,-142,0,-160,0,138,0,144,0,27,0,115,0,0,0,0,0,-150,20,-171,0,135,20,-64,0,148,20,34,1,-159,20,85,1,-102,20,61,1,-64,20,-28,0,-52,20,-120,0,-87,20,160,0,-127,20,126,0,170,20,135,0,145,20,166,0,170,20,-159,0,-115,20]"
CSI_DATA,8891,d8:b1:90:d9:de:f0,-40,11,-99,-36,42,104,640277721,277,0,106,0,"[158,18,-39,17,81,18,-41,17,54,18,7,18,78,18,74,18,133,18,119,18,-142,18,146,18,-73,18,138,18,-26,18,107,18,11,0,70,18,28,0,57,18,27,0,94,18,39,0,159,18,76,0,-74,18,0,0,0,0,-99,0,51,0,13,1,46,0,90,1,15,0,110,1,-37,18,59,1,-74,18,-28,0,-74,18,-124,0,-36,18,138,0,22,0,113,0,83,0,120,0,140,0,154,0,-144,0,-135,0,153,0,-159,0]"
CSI_DATA,8892,d8:b1:90:d9:de:f0,-40,9,-99,-37,42,104,640278175,130,0,106,0,"[-81,18,32,0,-104,18,112,0,-59,18,163,0,3,19,-160,0,66,19,139,0,104,19,95,0,119,19,41,0,102,19,-3,19,80,19,-51,19,72,19,-69,19,106,19,-66,19,-152,19,-69,19,-68,19,-91,19,0,0,0,0,38,0,97,19,44,0,-7,18,5,0,-93,18,-50,19,-110,18,-94,19,-57,18,-91,19,29,19,-62,19,115,19,1,0,-158,19,62,0,-141,19,114,0,-155,19,133,0,141,19,119,0,121,19,72,0]"
CSI_DATA,8893,d8:b1:90:d9:de:f0,-39,9,-99,-36,41,104,640278292,130,0,106,0,"[113,0,69,1,-161,0,87,1,-111,0,32,1,-124,0,-46,0,-163,0,-104,0,153,0,-141,0,93,0,-142,0,40,0,-111,0,4,0,-74,0,-5,21,-69,0,-12,21,-103,0,-32,21,-172,0,-80,21,104,0,0,0,0,0,108,21,19,0,-14,19,49,0,-74,19,108,0,-86,19,176,0,-22,19,-152,0,72,21,-175,0,156,21,121,0,-169,21,42,0,-161,21,-19,21,165,21,-69,21,117,21,-84,21,103,21,-46,21,152,21]"
CSI_DATA,8894,d8:b1:90:d9:de:f0,-40,9,-99,-33,41,104,640278427,98,0,106,0,"[129,19,-27,18,41,19,-18,18,18,19,45,19,34,19,108,19,86,19,161,19,134,19,-151,19,-142,19,-163,19,-104,19,125,19,-86,19,88,19,-81,19,76,19,-60,19,106,19,-27,19,161,19,41,0,-115,19,0,0,0,0,-111,0,-97,19,-27,0,-163,19,16,1,89,19,-9,0,27,19,-73,0,22,19,-150,0,72,19,132,0,152,19,123,0,-102,19,147,0,-46,19,-139,0,-15,19,-99,0,-23,19,-98,0,-58,19,-155,0]"
CSI_DATA,8895,d8:b1:90:d9:de:f0,-40,9,-99,-36,42,104,640278532,101,0,106,0,"[56,1,104,0,104,1,71,0,83,1,37,0,18,1,30,0,-47,0,42,0,-110,0,67,0,158,0,120,0,118,0,-143,0,89,0,-90,0,65,0,-71,0,41,0,-95,0,1,0,-161,0,-60,18,88,0,0,0,0,0,90,18,-26,18,-10,17,-42,18,-88,17,-27,18,-114,17,-2,18,-67,17,17,0,22,18,13,0,119,18,-13,18,-123,18,-61,18,-70,18,-115,18,-50,18,144,18,-55,18,99,18,-75,18,99,18,-75,18]"
CSI_DATA,8896,d8:b1:90:d9:de:f0,-40,9,-99,-33,41,104,640278645,108,0,106,0,"[81,1,-31,19,114,1,-75,19,85,1,-97,19,29,1,-82,19,-37,0,-50,19,-86,0,-7,19,-117,0,55,0,-136,0,125,0,-149,0,-141,0,154,0,-116,0,117,0,-130,0,51,0,161,0,-27,19,120,0,0,0,0,0,106,19,80,0,5,19,106,0,-67,18,142,0,-79,18,-161,0,-34,18,-155,0,37,19,137,0,117,19,75,0,-161,19,1,0,-132,19,-75,19,-136,19,-138,19,-152,19,151,19,160,19,161,19,-142,19]"
CSI_DATA,8897,d8:b1:90:d9:de:f0,-39,9,-99,-38,41,104,640352421,120,0,106,0,"[-50,20,-151,22,-122,20,-101,22,-104,20,-46,22,-26,20,-19,22,50,22,-28,22,130,22,-64,22,175,22,-128,22,-178,22,182,22,-146,22,122,22,-130,22,101,22,-104,22,136,22,-61,22,-161,22,17,0,-67,22,0,0,0,0,-140,0,40,0,-17,0,71,0,94,1,58,0,136,1,23,0,107,1,-13,22,20,1,-17,22,-79,0,4,0,-182,0,50,0,145,0,103,0,110,0,169,0,112,0,-161,0,118,0,-155,0,113,0]"
CSI_DATA,8898,d8:b1:90:d9:de:f0,-39,9,-99,-36,41,104,640404132,130,0,106,0,"[5,21,-168,21,-45,19,-146,21,-42,19,-117,21,7,21,-98,21,55,21,-104,21,97,21,-114,21,127,21,-163,21,135,21,149,21,145,21,110,21,156,21,98,21,-162,21,113,21,-107,21,158,21,-18,21,-155,21,0,0,0,0,166,0,-161,21,-103,0,158,21,-48,0,103,21,-28,0,73,21,-59,0,72,21,-103,0,118,21,-135,0,-173,21,-144,0,-107,21,-128,0,-64,21,-91,0,-26,21,-64,0,-31,21,-72,0,-53,21,-129,0]"
CSI_DATA,8899,d8:b1:90:d9:de:f0,-40,9,-99,-38,42,104,640404585,113,0,106,0,"[-20,18,-104,20,-68,18,-58,20,-54,18,-14,20,-1,18,8,0,53,20,-2,20,85,20,-28,20,94,20,-70,20,88,20,-120,20,68,20,-152,20,65,20,-156,20,102,20,-136,20,-169,20,-113,20,-73,20,-113,20,0,0,0,0,78,0,137,20,124,0,53,20,126,0,-28,18,94,0,-64,18,65,0,-45,18,45,0,22,20,60,0,98,20,92,0,149,20,129,0,-168,20,-169,0,160,20,-153,0,132,20,158,0,106,20,102,0]"
CSI_DATA,8900,d8:b1:90:d9:de:f0,-40,9,-99,-35,42,104,640404866,133,0,106,0,"[-29,18,-29,17,-90,18,-58,17,-123,18,-26,17,-125,18,20,18,-111,18,62,18,-70,18,78,18,-35,18,74,18,-8,18,42,18,12,0,19,18,14,0,14,18,12,0,52,18,24,0,124,18,51,0,-118,18,0,0,0,0,-117,0,-48,18,-26,0,-50,18,41,1,-86,18,57,1,-130,18,20,1,-152,18,-37,0,-136,18,-89,0,-89,18,-117,0,-44,18,-108,0,0,0,-80,0,17,0,-50,0,8,0,-52,0,-24,18,-105,0]"
CSI_DATA,8901,d8:b1:90:d9:de:f0,-40,9,-99,-37,42,104,640405314,113,0,106,0,"[24,1,110,0,77,1,47,0,57,1,-5,19,10,1,-36,19,-47,0,-37,19,-71,0,-12,19,-76,0,20,0,-57,0,59,0,-23,0,77,0,-18,0,62,0,-60,0,45,0,-134,0,45,0,114,0,72,0,0,0,0,0,29,0,-119,0,40,0,-18,0,101,0,49,1,154,0,55,1,-151,0,12,1,163,0,-54,0,111,0,-112,0,63,0,-129,0,29,0,-114,0,20,0,-81,0,38,0,-51,0,82,0,-54,0,103,0]"
CSI_DATA,8902,d8:b1:90:d9:de:f0,-39,9,-99,-35,41,104,640405486,133,0,106,0,"[-50,0,115,20,-63,0,37,20,-116,0,21,20,-168,0,38,20,155,0,85,20,150,0,113,20,174,0,134,20,-135,0,138,20,-100,0,123,20,-105,0,111,20,-135,0,135,20,-171,0,-159,20,155,0,-71,20,0,0,0,0,-133,0,67,0,-41,0,100,0,39,1,87,0,75,1,49,0,50,1,9,0,-13,0,-6,20,-85,0,8,0,-122,0,38,0,-124,0,71,0,-104,0,98,0,-69,0,97,0,-53,0,53,0,-108,0]"
CSI_DATA,8903,d8:b1:90:d9:de:f0,-39,9,-99,-38,41,104,640405892,127,0,106,0,"[-127,0,-64,0,-38,0,-92,0,-16,0,-158,0,-41,0,164,0,-80,0,130,0,-119,0,136,0,-134,0,161,0,-118,0,-187,0,-92,0,-166,0,-86,0,-172,0,-107,0,172,0,-178,0,148,0,110,0,139,0,0,0,0,0,8,0,-140,0,4,0,-37,0,49,0,40,1,113,0,67,1,146,0,23,1,142,0,-52,0,106,0,-116,0,65,0,-146,0,29,0,-134,0,28,0,-100,0,59,0,-68,0,106,0,-79,0,127,0]"
CSI_DATA,8904,d8:b1:90:d9:de:f0,-39,9,-99,-35,41,104,640406149,107,0,106,0,"[94,0,-26,19,59,0,-64,19,30,0,-52,19,24,0,1,20,38,0,41,20,68,0,83,20,113,0,100,20,-175,0,91,20,-130,0,83,20,-122,0,94,20,-134,0,137,20,-164,0,-145,20,164,0,-52,20,0,0,0,0,-157,0,118,0,-86,0,-160,0,-20,0,-131,0,10,1,-122,0,-10,0,-144,0,-63,0,-166,0,-139,0,172,0,153,0,-170,0,107,0,-149,0,93,0,-102,0,101,0,-67,0,122,0,-80,0,119,0]"
CSI_DATA,8905,d8:b1:90:d9:de:f0,-39,9,-99,-37,41,104,640406348,127,0,106,0,"[-56,21,-39,20,-114,21,-74,20,-136,21,-40,20,-132,21,15,21,-101,21,61,21,-49,21,81,21,-7,21,75,21,43,0,45,21,82,0,23,21,95,0,8,21,94,0,63,21,95,0,145,21,114,0,-126,21,0,0,0,0,-122,0,-10,21,-29,0,30,0,58,1,24,0,84,1,-7,21,53,1,-21,21,-15,0,-10,21,-90,0,23,0,-135,0,69,0,-151,0,120,0,-133,0,162,0,-103,0,175,0,-93,0,159,0,-133,0]"
CSI_DATA,8906,d8:b1:90:d9:de:f0,-39,9,-99,-35,41,104,640406605,107,0,106,0,"[-2,19,-148,20,-50,19,-118,20,-38,19,-76,20,0,20,-54,20,49,20,-57,20,85,20,-82,20,100,20,-122,20,89,20,-171,20,86,20,141,20,91,20,135,20,120,20,150,20,-163,20,-170,20,-71,20,-149,20,0,0,0,0,78,0,134,20,134,0,59,20,149,0,-17,19,141,0,-59,19,108,0,-39,19,89,0,27,20,97,0,98,20,122,0,150,20,159,0,-170,20,-153,0,172,20,-133,0,149,20,-152,0,133,20,146,0]"
CSI_DATA,8907,d8:b1:90:d9:de:f0,-38,11,-99,-35,40,104,640503763,100,0,114,0,"[24,35,24,40,24,44,21,46,20,49,16,47,13,46,15,44,13,41,13,40,13,36,12,38,13,40,13,40,13,40,15,43,15,43,16,46,16,46,18,46,18,49,18,49,18,49,20,47,18,44,18,46,18,43,18,43,0,0,16,40,16,41,16,41,18,44,18,44,18,44,20,44,20,44,20,41,20,41,20,41,18,38,18,35,16,33,18,32,16,32,16,30,18,30,18,30,20,30,20,32,20,33,20,35,20,36,16,35,15,35,12,35,9,32]"
CSI_DATA,8908,d8:b1:90:d9:de:f0,-40,11,-99,-33,41,104,640904417,277,0,106,0,"[-139,19,-62,18,95,19,-57,18,58,19,7,19,77,19,93,19,129,19,143,19,-146,19,160,19,-86,19,152,19,-41,19,115,19,-16,19,67,19,-12,19,57,19,-23,19,85,19,1,0,147,19,55,0,-110,19,0,0,0,0,-95,0,-54,19,7,1,-91,19,58,1,-161,19,53,1,104,19,1,1,88,19,-80,0,124,19,-146,0,-139,19,-165,0,-66,19,-159,0,-12,19,-120,0,15,0,-80,0,20,0,-68,0,-11,19,-126,0]"
CSI_DATA,8909,d8:b1:90:d9:de:f0,-40,9,-99,-36,42,104,640904898,127,0,106,0,"[-21,17,-109,0,-13,17,-39,0,42,18,-26,0,100,18,-66,0,139,18,-134,0,156,18,125,0,146,18,49,0,120,18,-12,18,89,18,-65,18,79,18,-86,18,109,18,-85,18,-138,18,-75,18,-40,18,-83,18,0,0,0,0,142,0,142,18,-119,0,56,18,-90,0,-23,17,-110,0,-57,17,-151,0,-36,17,134,0,40,18,112,0,135,18,122,0,-104,18,152,0,-39,18,-122,0,1,0,-81,0,12,0,-70,0,-12,18,-125,0]"
CSI_DATA,8910,d8:b1:90:d9:de:f0,-40,9,-99,-37,42,104,640905020,127,0,106,0,"[114,0,-77,18,60,0,-125,18,12,0,-97,18,-6,19,-28,18,5,0,44,19,49,0,104,19,94,0,152,19,155,0,-154,19,-115,0,-130,19,-91,0,-119,19,-114,0,-91,19,161,0,-36,19,98,0,45,0,0,0,0,0,47,0,-101,0,64,0,11,1,115,0,82,1,152,0,93,1,151,0,53,1,119,0,-15,0,69,0,-94,0,-3,19,-151,0,-67,19,163,0,-123,19,-160,0,-156,19,-139,0,-155,19,-130,0,-110,19]"
CSI_DATA,8911,d8:b1:90:d9:de:f0,-40,9,-99,-35,42,104,640905151,107,0,106,0,"[-70,17,-86,18,-117,17,-34,18,-91,17,17,0,-26,17,28,0,45,18,6,0,95,18,-20,18,138,18,-75,18,-155,18,-132,18,-143,18,122,18,-134,18,101,18,-106,18,122,18,-51,18,-148,18,26,0,-99,18,0,0,0,0,-102,0,-74,18,-6,0,-107,18,56,1,149,18,64,1,117,18,23,1,113,18,-40,0,154,18,-106,0,-102,18,-140,0,-30,18,-151,0,28,0,-134,0,80,0,-107,0,110,0,-95,0,101,0,-132,0]"
CSI_DATA,8912,d8:b1:90:d9:de:f0,-40,9,-99,-33,41,104,640905278,107,0,106,0,"[-54,18,143,19,-107,18,-142,19,-88,18,-86,19,-24,18,-47,19,47,19,-44,19,108,19,-76,19,161,19,-114,19,-134,19,156,19,-116,19,102,19,-98,19,85,19,-80,19,111,19,-31,19,-163,19,49,0,-106,19,0,0,0,0,-97,0,-47,19,12,1,-64,19,77,1,-119,19,93,1,-164,19,50,1,156,19,-24,0,-137,19,-98,0,-85,19,-143,0,-15,19,-163,0,47,0,-147,0,95,0,-120,0,129,0,-111,0,124,0,-145,0]"
CSI_DATA,8913,d8:b1:90:d9:de:f0,-41,9,-99,-35,42,104,640905423,130,0,106,0,"[136,18,36,1,-129,18,94,1,-74,18,83,1,-47,18,23,1,-40,18,-48,0,-61,18,-105,0,-105,18,-150,0,-156,18,132,0,103,18,122,0,86,18,110,0,107,18,80,0,-152,18,35,0,-96,18,-36,18,0,0,0,0,-67,18,105,18,-91,18,2,18,-154,18,-63,17,118,18,-69,17,114,18,-26,17,144,18,44,18,-103,18,110,18,-44,18,140,18,22,0,152,18,73,0,130,18,89,0,99,18,78,0,86,18,45,0]"
CSI_DATA,8914,d8:b1:90:d9:de:f0,-41,9,-99,-35,42,104,641113779,130,0,106,0,"[84,1,-36,18,111,1,-107,18,69,1,-148,18,-6,0,-145,18,-64,0,-116,18,-102,0,-68,18,-121,0,-12,18,-116,0,50,0,-95,0,103,0,-91,0,123,0,-116,0,128,0,141,0,117,0,57,0,118,0,0,0,0,0,-95,18,-116,0,-145,18,-31,0,-151,18,34,1,-129,18,70,1,-99,18,55,1,-70,18,-19,0,-73,18,-101,0,-102,18,144,0,-134,18,101,0,128,18,84,0,88,18,91,0,88,18,117,0,141,18]"
CSI_DATA,8915,d8:b1:90:d9:de:f0,-41,11,-99,-35,42,104,641322215,277,0,106,0,"[-37,17,-133,0,-19,17,-53,0,47,18,-34,0,103,18,-73,0,144,18,-130,0,145,18,124,0,117,18,81,0,68,18,48,0,23,18,37,0,20,18,52,0,64,18,55,0,143,18,33,0,-89,18,-24,18,0,0,0,0,-20,18,112,18,-42,18,12,18,-101,18,-51,17,-156,18,-46,17,139,18,4,18,-148,18,80,18,-83,18,143,18,-15,18,-148,18,42,0,-155,18,75,0,118,18,75,0,68,18,34,0,48,18,-22,18]"
CSI_DATA,8916,d8:b1:90:d9:de:f0,-40,9,-99,-36,42,104,641322677,98,0,106,0,"[2,18,-64,0,11,18,-10,0,59,18,-18,0,100,18,-79,0,127,18,-153,0,127,18,101,0,107,18,27,0,66,18,-37,18,27,18,-79,18,28,18,-91,18,73,18,-91,18,158,18,-83,18,-57,18,-84,18,0,0,0,0,143,0,-152,18,-101,0,94,18,-61,0,28,18,-61,0,-2,17,-98,0,20,18,-144,0,93,18,148,0,-130,18,147,0,-46,18,-159,0,21,0,-119,0,71,0,-73,0,90,0,-52,0,59,0,-101,0]"
CSI_DATA,8917,d8:b1:90:d9:de:f0,-42,11,-99,-33,43,104,641503999,100,0,228,0,"[11,21,10,26,8,30,5,33,1,32,-2,31,-4,29,127,76,-4,23,-5,21,-4,19,-3,18,-2,16,-1,16,1,16,2,17,4,18,5,17,5,18,5,18,6,17,36,-60,6,15,5,13,7,11,7,9,9,7,10,5,0,0,16,3,18,3,21,4,24,5,26,6,28,7,42,1,28,12,27,13,25,14,22,14,20,13,18,11,16,10,14,8,13,6,13,5,14,3,14,2,16,1,-90,0,18,2,18,3,17,4,16,5,14,6,10,6,8,5,-10,5,-3,12,8,10,13,1,9,-10,-2,-14,-13,-7,-19,32,-7,17,7,19,19,10,22,-6,13,-21,-4,-25,-21,-16,-28,2,-20,22,1,29,20,21,27,1,19,-17,5,-7,-16,-15,-20,2,-11,15,4,18,16,9,18,-6,0,0,-7,-17,-17,-7,-17,7,-8,16,5,15,13,6,40,5,1,-10,-8,-5,-9,4,-1,11,10,10,16,-1,12,-13,0,-19,-14,-15,-21,-2,-18,12,-5,22,10,21,39,10,22,-8,10,-19,-5,-20,-16,-9,-16,5,-6,13,5,12]"
CSI_DATA,8918,d8:b1:90:d9:de:f0,-39,11,-99,-36,41,104,641531113,277,0,106,0,"[-8,19,-100,0,35,21,-9,0,114,21,2,1,-179,21,-35,0,-148,21,-90,0,-151,21,-137,0,-173,21,-162,0,158,21,-169,0,129,21,-173,0,129,21,177,0,156,21,153,0,-163,21,88,0,-142,21,7,0,0,0,0,0,163,21,-144,21,80,21,168,21,-14,19,166,21,-60,19,-158,21,-45,19,-100,21,22,21,-69,21,101,21,-52,21,165,21,-73,21,-169,21,-113,21,177,21,-149,21,142,21,-169,21,118,21,-142,21,144,21]"
CSI_DATA,8919,d8:b1:90:d9:de:f0,-40,9,-99,-37,42,104,641531603,113,0,106,0,"[-50,18,129,19,-101,18,-160,19,-75,18,-111,19,-10,18,-90,19,59,19,-93,19,107,19,-117,19,151,19,-159,19,-154,19,128,19,-138,19,86,19,-119,19,81,19,-81,19,101,19,-31,19,152,19,41,0,-120,19,0,0,0,0,-114,0,-75,19,-16,0,-99,19,50,1,-137,19,66,1,159,19,31,1,147,19,-46,0,-147,19,-112,0,-90,19,-149,0,-25,19,-150,0,37,0,-125,0,85,0,-93,0,111,0,-68,0,86,0,-110,0]"
CSI_DATA,8920,d8:b1:90:d9:de:f0,-39,9,-99,-36,41,104,641531721,133,0,106,0,"[-5,21,91,1,62,0,117,1,97,0,69,1,90,0,-1,0,49,0,-63,0,7,0,-98,0,-50,21,-113,0,-108,21,-110,0,-152,21,-101,0,-172,21,-110,0,-163,21,-159,0,-138,21,124,0,-125,21,26,0,0,0,0,0,172,21,-145,21,98,21,132,21,19,21,100,21,-22,19,111,21,-8,19,158,21,62,21,-162,21,151,21,-141,21,-129,21,-148,21,-74,21,177,21,-49,21,125,21,-50,21,83,21,-88,21,80,21,-103,21]"
CSI_DATA,8921,d8:b1:90:d9:de:f0,-39,9,-99,-34,40,104,641531838,113,0,106,0,"[91,1,-38,22,112,1,-98,22,68,1,-122,22,-1,0,-113,22,-64,0,-76,22,-95,0,-20,22,-101,0,34,0,-92,0,88,0,-86,0,145,0,-94,0,161,0,-143,0,163,0,163,0,157,0,62,0,148,0,0,0,0,0,-101,22,-148,0,-175,22,-64,0,187,22,19,1,-179,22,53,1,-149,22,31,1,-124,22,-40,0,-118,22,-133,0,-143,22,170,0,-179,22,125,0,146,22,109,0,104,22,115,0,104,22,137,0,164,22]"
CSI_DATA,8922,d8:b1:90:d9:de:f0,-39,9,-99,-36,41,104,641531938,133,0,106,0,"[60,1,-170,21,52,1,114,21,-5,0,100,21,-66,0,135,21,-114,0,-175,21,-125,0,-117,21,-113,0,-66,21,-83,0,-21,21,-57,0,16,0,-59,0,33,0,-110,0,40,0,173,0,56,0,91,0,94,0,0,0,0,0,-28,21,-121,0,-49,21,-16,0,-36,21,73,1,7,0,96,1,35,0,57,1,36,0,-19,0,8,0,-104,0,-46,21,-166,0,-105,21,168,0,-158,21,177,0,169,21,-144,0,-169,21,-117,0,-104,21]"
CSI_DATA,8923,d8:b1:90:d9:de:f0,-39,9,-99,-38,41,104,641532073,113,0,106,0,"[-4,20,-100,0,11,22,-31,0,71,22,-31,0,130,22,-82,0,157,22,-142,0,160,22,-191,0,146,22,139,0,104,22,97,0,59,22,61,0,56,22,53,0,91,22,23,0,160,22,-19,22,-137,22,-74,22,0,0,0,0,-79,22,142,22,-86,22,25,22,-130,22,-38,20,-170,22,-56,20,-184,22,-17,20,-160,22,64,22,-97,22,134,22,-19,22,166,22,31,0,167,22,80,0,134,22,103,0,101,22,74,0,79,22,22,0]"
CSI_DATA,8924,d8:b1:90:d9:de:f0,-39,9,-99,-35,41,104,641532235,133,0,106,0,"[2,1,89,20,-24,0,19,20,-85,0,15,20,-134,0,67,20,-161,0,118,20,-163,0,168,20,-138,0,-138,20,-101,0,-112,20,-57,0,-85,20,-59,0,-76,20,-90,0,-52,20,-153,0,-5,20,138,0,52,0,0,0,0,0,104,0,-135,0,122,0,-37,0,-171,0,17,1,-129,0,26,1,-127,0,-10,0,-153,0,-82,0,134,0,-138,0,57,0,-159,0,8,0,-152,0,-28,20,-118,0,-37,20,-72,0,-1,20,-65,0,30,0]"
CSI_DATA,8925,d8:b1:90:d9:de:f0,-39,9,-99,-34,40,104,641532343,113,0,106,0,"[-59,22,89,1,8,0,124,1,52,0,80,1,58,0,4,1,38,0,-55,0,-2,22,-94,0,-53,22,-103,0,-104,22,-89,0,-145,22,-80,0,-158,22,-92,0,-158,22,-133,0,-145,22,178,0,-146,22,77,0,0,0,0,0,133,22,-70,22,38,22,-113,22,-53,20,-113,22,-80,20,-86,22,-58,20,-47,22,16,22,-32,22,109,22,-44,22,172,22,-82,22,-172,22,-124,22,-187,22,-184,22,164,22,170,22,140,22,179,22,157,22]"
CSI_DATA,8926,d8:b1:90:d9:de:f0,-39,9,-99,-35,41,104,641532488,133,0,106,0,"[74,1,111,0,113,1,41,0,75,1,-13,20,8,1,-28,20,-50,0,-12,20,-87,0,21,0,-105,0,61,0,-94,0,111,0,-83,0,146,0,-89,0,152,0,-133,0,145,0,153,0,134,0,67,0,137,0,0,0,0,0,-72,20,-120,0,-108,20,-31,0,-101,20,45,1,-64,20,83,1,-28,20,56,1,-16,20,-17,0,-26,20,-102,0,-61,20,-157,0,-109,20,168,0,-156,20,-172,0,167,20,-138,0,-160,20,-113,0,-101,20]"
CSI_DATA,8927,d8:b1:90:d9:de:f0,-39,9,-99,-35,41,104,641608641,108,0,106,0,"[-107,20,-111,19,168,20,-122,19,153,20,-60,19,-171,20,12,20,-100,20,93,20,-31,20,115,20,43,0,144,20,112,0,142,20,171,0,134,20,-156,0,146,20,174,0,-142,20,138,0,-57,20,97,0,43,0,0,0,0,0,120,0,-112,0,157,0,0,1,-116,0,71,1,-98,0,63,1,-111,0,4,1,-167,0,-71,0,100,0,-148,0,23,0,170,0,-60,20,157,0,-129,20,167,0,-164,20,-160,0,-172,20,-133,0,-126,20]"
CSI_DATA,8928,d8:b1:90:d9:de:f0,-46,11,-99,-37,48,104,641948911,277,0,106,0,"[11,0,-71,9,-2,9,72,9,-13,9,-78,9,-16,9,-37,9,-11,9,13,9,-1,9,62,9,13,0,-55,9,33,0,-5,9,55,0,36,0,67,0,64,0,62,0,74,0,40,0,64,0,-1,9,42,0,0,0,0,0,61,9,13,0,-4,9,20,0,-52,9,38,0,-69,9,58,0,-47,9,72,0,5,9,74,0,71,9,61,0,-35,9,38,0,11,0,9,0,45,0,-31,9,58,0,-74,9,42,0,66,9,6,0]"
CSI_DATA,8929,d8:b1:90:d9:de:f0,-47,9,-99,-34,48,104,641949410,130,0,106,0,"[51,0,57,0,54,0,-72,0,45,0,66,0,30,0,30,0,11,0,-14,0,-2,8,-56,0,-16,8,48,0,-27,8,-1,8,-32,8,-47,8,-32,8,74,8,-19,8,67,8,-1,8,-67,8,23,0,-30,8,0,0,0,0,-70,0,57,0,-30,0,-51,0,1,0,-20,0,16,0,-9,0,6,0,-23,0,-24,0,-54,0,-64,0,55,0,48,0,19,0,6,0,-12,8,-34,8,-36,8,-69,8,-47,8,62,8,-36,8,75,8]"
CSI_DATA,8930,d8:b1:90:d9:de:f0,-46,9,-99,-37,48,104,641949526,113,0,106,0,"[53,0,-75,9,76,0,-79,9,64,0,-69,9,25,0,-51,9,-16,0,-33,9,-63,0,-6,9,56,0,13,0,3,0,33,0,-45,9,47,0,-77,9,48,0,77,9,39,0,-74,9,16,0,-39,9,-17,9,0,0,0,0,44,0,68,9,-81,0,18,9,-57,0,-23,9,-51,0,-48,9,-61,0,-35,9,77,0,5,9,41,0,59,9,10,0,-52,9,-14,9,-3,9,-29,9,46,0,-29,9,-79,0,-14,9,-60,0,12,0]"
CSI_DATA,8931,d8:b1:90:d9:de:f0,-47,9,-99,-34,48,104,641949662,127,0,106,0,"[39,8,33,0,31,8,53,0,36,8,40,0,52,8,7,0,69,8,-41,0,-67,8,70,0,-43,8,26,0,-20,8,-17,8,3,0,-56,8,22,0,72,8,34,0,72,8,39,0,-54,8,38,0,-10,8,0,0,0,0,36,0,-58,0,46,0,0,0,60,0,42,0,68,0,58,0,71,0,41,0,59,0,0,0,48,0,-58,0,31,0,41,0,11,0,-7,8,-13,8,-47,8,-39,8,-73,8,-63,8,-72,8,-67,8]"
CSI_DATA,8932,d8:b1:90:d9:de:f0,-46,9,-99,-37,48,104,641949811,127,0,106,0,"[-75,0,-49,9,-68,0,-72,9,-71,0,-55,9,-81,0,-16,9,74,0,32,9,59,0,79,9,43,0,-36,9,27,0,15,0,11,0,62,0,-3,9,-72,0,-19,9,-70,0,-27,9,70,0,-35,9,20,0,0,0,0,0,-60,9,78,9,79,9,20,9,52,9,-22,9,38,9,-38,9,35,9,-17,9,56,9,28,9,-77,9,-83,9,-44,9,-31,9,-10,9,12,0,28,0,46,0,66,0,61,0,-72,0,50,0,-79,0]"
CSI_DATA,8933,d8:b1:90:d9:de:f0,-47,9,-99,-34,48,104,641949915,107,0,106,0,"[-66,8,30,0,66,8,36,0,-72,8,35,0,-33,8,24,0,12,8,8,0,55,8,0,0,-49,8,-13,8,-2,8,-25,8,41,0,-36,8,71,0,-39,8,-72,0,-32,8,67,0,-10,8,36,0,18,0,0,0,0,0,-35,8,-54,0,-62,8,-4,0,70,8,33,0,70,8,51,0,-67,8,43,0,-43,8,4,0,-17,8,-48,0,3,0,50,0,14,0,2,0,16,0,-45,8,8,0,69,8,-14,8,56,8,-33,8]"
CSI_DATA,8934,d8:b1:90:d9:de:f0,-47,9,-99,-37,49,104,641950060,107,0,106,0,"[16,0,60,0,21,0,-71,0,22,0,64,0,13,0,28,0,2,0,-10,0,-9,8,-55,0,-20,8,47,0,-31,8,1,0,-41,8,-43,8,-39,8,-73,8,-32,8,66,8,-11,8,-67,8,16,0,-39,8,0,0,0,0,-54,0,23,0,-6,0,49,0,32,0,64,0,56,0,70,0,42,0,56,0,6,0,39,0,-45,0,13,0,48,0,-2,8,-1,8,-13,8,-45,8,-11,8,67,8,4,0,56,8,21,0,-68,8]"
CSI_DATA,8935,d8:b1:90:d9:de:f0,-48,9,-99,-35,49,104,641994863,98,0,106,0,"[6,8,-25,0,-16,7,-9,0,-19,7,-5,0,-4,7,-14,0,16,8,-30,0,38,8,-46,0,65,8,-64,0,-47,8,55,0,-15,8,31,0,16,0,8,0,39,0,-6,8,52,0,-6,8,52,0,8,0,0,0,0,0,55,0,61,0,62,0,-33,0,-65,0,2,0,-55,0,27,0,-52,0,32,0,-54,0,14,0,-63,0,-18,0,62,0,-52,0,49,0,52,0,28,0,24,0,3,0,3,0,-18,8,-4,8,-28,8]"
CSI_DATA,8936,d8:b1:90:d9:de:f0,-49,9,-99,-36,50,104,642017068,98,0,106,0,"[-53,7,6,7,-43,7,-31,7,-34,7,-49,7,-34,7,-46,7,-34,7,-30,7,-29,7,-7,7,-36,7,17,7,-46,7,53,7,-53,7,-28,7,-59,7,16,0,-63,7,48,0,-64,7,61,0,63,7,48,0,0,0,0,0,61,7,-4,7,49,7,-45,7,36,7,42,7,26,7,9,7,28,7,-6,7,37,7,-4,7,48,7,16,7,62,7,44,7,-51,7,-56,7,-40,7,-29,7,-23,7,-3,7,-9,7,12,0,2,0]"
CSI_DATA,8937,d8:b1:90:d9:de:f0,-47,11,-99,-37,49,104,642366708,277,0,106,0,"[-34,0,-8,0,-47,0,-19,0,72,0,-24,0,48,0,-24,0,32,0,-24,0,26,0,-24,0,26,0,-27,0,26,0,-39,0,21,0,-71,0,10,0,25,0,-8,8,-30,8,-35,8,68,8,-64,8,37,8,0,0,0,0,26,8,-6,8,16,8,-13,8,14,8,-23,8,22,8,-22,8,39,8,-8,8,67,8,8,8,-50,8,26,8,-30,8,43,8,-6,8,56,8,8,0,67,8,21,0,-74,8,24,0,-63,8,16,0]"
CSI_DATA,8938,d8:b1:90:d9:de:f0,-47,9,-99,-35,48,104,642367162,101,0,106,0,"[29,0,-36,9,11,0,-33,9,-6,0,-14,9,-12,0,7,0,-20,0,23,0,-19,0,22,0,-25,0,20,0,-38,0,14,0,-68,0,7,0,34,0,-2,9,-28,9,4,0,67,9,22,0,24,9,42,0,0,0,0,0,-19,8,-68,0,-38,8,-42,0,-42,8,-29,0,-37,8,-37,0,-19,8,-56,0,1,9,73,0,25,9,52,0,41,9,26,0,57,9,10,0,66,9,-7,9,74,9,-22,9,-71,9,-22,9,-48,9]"
CSI_DATA,8939,d8:b1:90:d9:de:f0,-47,9,-99,-36,49,104,642367294,113,0,106,0,"[30,8,10,8,37,8,21,8,61,8,29,8,-60,8,26,8,-47,8,26,8,-47,8,27,8,-47,8,33,8,-46,8,47,8,-38,8,-66,8,-19,8,-21,8,16,0,22,0,60,0,59,0,-42,0,-64,0,0,0,0,0,19,0,-53,0,47,0,-55,0,55,0,-57,0,46,0,-60,0,24,0,-65,0,-2,0,-71,0,-35,0,68,0,-60,0,64,0,63,0,65,0,44,0,66,0,30,0,69,0,26,0,62,0,16,0]"
CSI_DATA,8940,d8:b1:90:d9:de:f0,-48,9,-99,-34,49,104,642367430,98,0,106,0,"[26,0,38,0,13,0,32,0,-7,0,39,0,-23,0,51,0,-30,0,57,0,-33,0,60,0,-33,0,54,0,-41,0,43,0,67,0,25,0,26,0,6,0,-27,7,-5,7,55,7,-9,7,17,7,4,0,0,0,0,0,-41,7,42,0,-52,7,58,0,-56,7,-67,0,-49,7,-66,0,-35,7,57,0,-8,7,40,0,16,7,26,0,37,7,10,0,50,7,-2,7,60,7,-13,7,66,7,-23,7,-58,7,-22,7,-38,7]"
CSI_DATA,8941,d8:b1:90:d9:de:f0,-41,11,-99,-35,43,104,642504017,100,0,114,0,"[26,-9,29,-8,30,-6,31,-6,32,-5,31,-5,31,-6,29,-4,28,-5,27,-5,26,-5,27,-6,26,-7,26,-8,27,-10,27,-10,30,-13,31,-13,31,-14,31,-16,30,-16,30,-18,30,-18,30,-18,29,-19,27,-19,27,-19,26,-19,0,0,25,-20,25,-20,23,-21,25,-23,23,-23,23,-25,22,-26,22,-27,21,-26,20,-26,17,-27,16,-25,14,-23,13,-23,11,-22,10,-22,9,-22,9,-21,9,-23,8,-25,8,-26,9,-28,8,-29,8,-28,9,-28,8,-27,9,-26,9,-22]"
CSI_DATA,8942,d8:b1:90:d9:de:f0,-44,11,-99,-35,45,104,642575607,277,0,106,0,"[-96,12,-45,12,85,12,-45,12,75,12,-15,12,89,12,30,12,-104,12,58,12,-69,12,82,12,-39,12,86,12,-12,12,88,12,20,0,95,12,38,0,-107,12,51,0,-75,12,64,0,-26,12,80,0,22,0,0,0,0,0,-88,0,-99,0,-42,0,-57,0,-2,0,-40,0,35,0,-38,0,40,0,-56,0,15,0,-88,0,-32,0,103,0,-90,0,83,0,89,0,74,0,55,0,89,0,30,0,108,0,23,0,-101,0,31,0]"
CSI_DATA,8943,d8:b1:90:d9:de:f0,-44,9,-99,-35,45,104,642576097,113,0,106,0,"[51,0,-75,12,52,0,102,12,19,0,83,12,-24,0,99,12,-57,0,-98,12,-76,0,-69,12,-84,0,-38,12,-83,0,-7,12,-80,0,17,0,-96,0,39,0,96,0,54,0,51,0,68,0,2,0,90,0,0,0,0,0,-78,12,-58,0,-103,12,0,0,-110,12,49,0,-100,12,84,0,-69,12,85,0,-42,12,44,0,-20,12,-12,0,-21,12,-70,0,-39,12,108,0,-68,12,82,0,-100,12,73,0,108,12,83,0,-89,12]"
CSI_DATA,8944,d8:b1:90:d9:de:f0,-44,9,-99,-34,45,104,642576214,133,0,106,0,"[15,12,26,12,-25,11,47,12,-25,11,90,12,4,12,-95,12,44,12,-80,12,72,12,-71,12,102,12,-82,12,-91,12,-95,12,-64,12,105,12,-38,12,-105,12,-10,12,-90,12,25,0,-67,12,74,0,-41,12,0,0,0,0,-39,0,-26,12,18,0,-42,12,65,0,-68,12,84,0,-102,12,62,0,85,12,16,0,84,12,-39,0,99,12,-84,0,-82,12,105,0,-48,12,101,0,-11,12,-103,0,14,0,-95,0,15,0,-106,0]"
CSI_DATA,8945,d8:b1:90:d9:de:f0,-44,9,-99,-35,45,104,642576349,113,0,106,0,"[10,0,-64,0,47,0,-93,0,38,0,91,0,4,0,62,0,-34,0,52,0,-65,0,58,0,-95,0,71,0,108,0,89,0,83,0,105,0,63,0,109,0,31,0,103,0,-12,12,85,0,-58,12,71,0,0,0,0,0,61,12,85,0,6,12,107,0,-28,12,-71,0,-36,12,-38,0,-12,12,-18,0,31,12,-35,0,81,12,-64,0,109,12,-107,0,-96,12,71,0,-103,12,41,0,100,12,16,0,87,12,17,0,107,12]"
CSI_DATA,8946,d8:b1:90:d9:de:f0,-44,9,-99,-34,45,104,642576467,133,0,106,0,"[26,0,-53,11,-18,12,-70,11,-50,12,-44,11,-54,12,-1,11,-49,12,34,12,-32,12,64,12,-9,12,79,12,15,0,83,12,39,0,92,12,52,0,-106,12,64,0,-75,12,68,0,-33,12,84,0,11,0,0,0,0,0,-70,0,93,0,-14,0,-98,0,38,0,-90,0,78,0,-103,0,77,0,78,0,42,0,42,0,-10,0,20,0,-62,0,15,0,-106,0,25,0,85,0,52,0,81,0,80,0,90,0,89,0,89,0]"
CSI_DATA,8947,d8:b1:90:d9:de:f0,-44,9,-99,-35,45,104,642576611,113,0,106,0,"[4,12,59,12,-37,12,91,12,-31,12,-94,12,0,12,-68,12,38,12,-51,12,70,12,-53,12,96,12,-65,12,-109,12,-90,12,-93,12,-106,12,-72,12,-110,12,-39,12,-103,12,-3,12,-95,12,47,0,-86,12,0,0,0,0,-83,0,-103,12,-32,0,80,12,-6,0,34,12,-4,0,-6,12,-29,0,-15,12,-82,0,0,12,103,0,42,12,78,0,89,12,75,0,-90,12,90,0,-63,12,-106,0,-47,12,-95,0,-51,12,106,0]"
CSI_DATA,8948,d8:b1:90:d9:de:f0,-44,9,-99,-34,45,104,642576729,133,0,106,0,"[-31,12,54,0,21,0,74,0,56,0,45,0,68,0,0,0,59,0,-40,0,41,0,-64,0,20,0,-79,0,-8,12,-84,0,-26,12,-89,0,-41,12,-104,0,-52,12,84,0,-66,12,42,0,-84,12,0,12,0,0,0,0,54,12,-69,12,-5,11,-80,12,-59,11,-69,12,-95,11,-41,12,-92,11,-5,12,-45,11,21,0,15,12,30,0,63,12,26,0,101,12,5,0,-100,12,-26,12,-101,12,-52,12,101,12,-54,12,-107,12]"
CSI_DATA,8949,d8:b1:90:d9:de:f0,-43,9,-99,-36,45,104,642576873,113,0,106,0,"[0,0,54,13,-6,0,24,13,-29,0,25,13,-58,0,57,13,-80,0,100,13,-90,0,-90,13,-93,0,-47,13,-91,0,-9,13,-92,0,23,0,-113,0,49,0,79,0,66,0,30,0,77,0,-29,13,83,0,0,0,0,0,84,13,107,0,25,13,-84,0,-17,12,-48,0,-35,12,-30,0,-21,12,-26,0,15,13,-51,0,61,13,-93,0,98,13,88,0,-109,13,40,0,-107,13,-5,13,112,13,-40,13,102,13,-52,13,113,13]"
CSI_DATA,8950,d8:b1:90:d9:de:f0,-44,9,-99,-37,46,104,642577000,133,0,106,0,"[40,0,103,12,41,0,67,12,20,0,67,12,-19,0,90,12,-49,0,-88,12,-67,0,-53,12,-75,0,-15,12,-79,0,15,0,-89,0,49,0,99,0,68,0,60,0,76,0,13,0,75,0,-42,12,71,0,0,0,0,0,61,12,86,0,-2,11,100,0,-40,11,-76,0,-60,11,-58,0,-49,11,-56,0,-9,11,-72,0,39,12,-103,0,72,12,64,0,103,12,30,0,-98,12,-13,12,-102,12,-49,12,98,12,-62,12,-100,12]"
CSI_DATA,8951,d8:b1:90:d9:de:f0,-40,9,-99,-36,41,104,642784950,98,0,106,0,"[117,21,-118,0,107,21,-42,0,145,21,-7,0,-163,21,-31,0,-141,21,-87,0,-131,21,-141,0,-168,21,163,0,127,21,122,0,52,21,94,0,-2,19,96,0,-1,19,107,0,52,21,105,0,132,21,83,0,0,0,0,0,-135,21,-84,21,-121,21,158,21,-179,21,53,21,120,21,12,21,79,21,39,21,88,21,105,21,153,21,177,21,-120,21,-152,21,-31,21,-158,21,35,0,148,21,67,0,60,21,28,0,-7,19,-40,21]"
CSI_DATA,8952,d8:b1:90:d9:de:f0,-40,9,-99,-36,41,104,642993858,127,0,106,0,"[22,21,-59,21,-70,19,-21,21,-80,19,39,0,-26,19,67,0,52,21,63,0,118,21,29,0,179,21,-40,21,-145,21,-138,21,-138,21,115,21,-155,21,39,21,-180,21,32,21,177,21,88,21,-144,21,-177,21,0,0,0,0,73,0,-33,21,-138,0,0,0,11,1,-32,21,87,1,-101,21,88,1,-166,21,7,1,-176,21,-100,0,-141,21,-180,0,-66,21,129,0,31,0,131,0,142,0,177,0,-120,0,-97,0,-83,0,-55,0]"
CSI_DATA,8953,d8:b1:90:d9:de:f0,-39,9,-99,-37,41,104,642993962,127,0,106,0,"[161,0,-52,0,-132,0,1,1,-81,0,-18,0,-91,0,-77,0,-127,0,-135,0,173,0,-170,0,88,0,-173,0,-8,21,-143,0,-101,21,-91,0,-157,21,-37,0,-157,21,-23,0,-113,21,-56,0,-75,21,-148,0,0,0,0,0,-90,21,-27,21,-164,21,-162,21,94,21,111,21,-1,20,84,21,-40,20,113,21,-8,20,175,21,77,21,-139,21,-183,21,-122,21,-79,21,-141,21,-1,21,164,21,39,0,69,21,24,0,-7,20,-47,21]"
CSI_DATA,8954,d8:b1:90:d9:de:f0,-39,9,-99,-36,40,104,642994075,107,0,106,0,"[136,0,-49,0,-185,0,17,1,-133,0,6,1,-136,0,-61,0,-171,0,-129,0,160,0,-171,0,72,0,-183,0,-33,23,-158,0,-134,23,-104,0,-188,23,-57,0,-190,23,-30,0,-148,23,-57,0,-103,23,-164,0,0,0,0,0,-87,23,-34,23,-175,23,-183,23,114,23,126,23,1,23,87,23,-52,22,125,23,-6,22,191,23,95,23,-150,23,-193,23,-131,23,-88,23,-145,23,-3,23,179,23,39,0,68,23,14,0,-7,22,-69,23]"
CSI_DATA,8955,d8:b1:90:d9:de:f0,-39,9,-99,-38,41,104,642994175,107,0,106,0,"[-151,0,-104,0,-46,0,-85,0,-4,0,-121,0,-28,0,-182,0,-79,0,149,0,-158,0,136,0,137,0,155,0,52,0,-166,0,-13,22,-82,0,-38,22,-10,0,-25,22,11,1,13,0,-32,0,20,0,-139,0,0,0,0,0,-85,22,-8,22,163,22,-95,22,19,22,-131,22,-97,20,-107,22,-119,20,-44,22,-55,20,7,0,59,22,22,0,178,22,-14,22,-125,22,-82,22,-85,22,-190,22,-104,22,85,22,-172,22,28,22,140,22]"
CSI_DATA,8956,d8:b1:90:d9:de:f0,-39,9,-99,-36,40,104,642994328,224,0,106,0,"[-20,23,-25,0,25,0,63,1,85,0,68,1,109,0,11,1,106,0,-60,0,66,0,-117,0,-1,23,-164,0,-104,23,-183,0,193,23,-158,0,133,23,-131,0,123,23,-109,0,169,23,-129,0,-171,23,188,0,0,0,0,0,-80,23,-52,23,-136,23,201,23,180,23,80,23,85,23,26,23,33,23,44,23,53,23,118,23,133,23,199,23,-172,23,-171,23,-76,23,-169,23,15,0,174,23,68,0,87,23,52,0,3,23,-26,23]"
CSI_DATA,8957,d8:b1:90:d9:de:f0,-41,11,-99,-37,43,104,643202303,277,0,106,0,"[-27,16,58,0,-66,16,122,0,-45,16,-128,0,12,17,-127,0,77,17,140,0,127,17,92,0,135,17,25,0,131,17,-47,17,103,17,-109,17,81,17,-147,17,78,17,-140,17,109,17,-105,17,-105,17,-66,17,0,0,0,0,103,0,-64,17,-93,0,-144,17,-28,0,72,17,-31,0,-3,16,-73,0,-33,16,-142,0,6,17,103,0,90,17,80,0,-120,17,100,0,-40,17,-137,0,9,0,-71,0,24,0,-33,0,-8,17,-68,0]"
CSI_DATA,8958,d8:b1:90:d9:de:f0,-41,9,-99,-36,42,104,643202775,108,0,106,0,"[119,0,-10,17,112,0,-67,17,85,0,-66,17,74,0,-6,17,74,0,51,18,89,0,132,18,123,0,-113,18,-142,0,-42,18,-79,0,26,0,-45,0,65,0,-47,0,74,0,-95,0,65,0,120,0,50,0,0,0,0,0,-105,18,67,0,93,18,134,0,15,18,-120,0,-26,17,-61,0,-5,17,-49,0,57,18,-96,0,132,18,156,0,-143,18,62,0,-110,18,-28,18,-124,18,-115,18,-156,18,134,18,127,18,118,18,117,18]"
CSI_DATA,8959,d8:b1:90:d9:de:f0,-41,9,-99,-37,43,104,643202874,98,0,106,0,"[-2,17,-30,16,-32,17,-83,16,-51,17,-76,16,-48,17,-25,16,-27,17,38,17,10,0,97,17,64,0,-143,17,135,0,-102,17,-83,0,-62,17,-36,0,-43,17,-39,0,-38,17,-90,0,-30,17,120,0,-6,17,0,0,0,0,-66,17,103,0,-143,17,-97,0,106,17,-4,0,105,17,55,1,132,17,65,1,-124,17,4,1,-94,17,-87,0,-90,17,109,0,-107,17,30,0,142,17,-42,17,86,17,-84,17,47,17,-80,17,63,17]"
CSI_DATA,8960,d8:b1:90:d9:de:f0,-39,9,-99,-35,40,104,643411646,130,0,106,0,"[-138,23,-27,0,-97,23,52,1,-46,23,40,1,-30,23,-29,0,-38,23,-115,0,-98,23,-190,0,-180,23,146,0,93,23,109,0,-15,21,106,0,-56,21,135,0,-23,21,167,0,86,23,172,0,-169,23,126,0,0,0,0,0,95,0,-61,23,166,0,174,23,187,0,26,23,157,0,-63,21,104,0,-52,21,64,0,30,23,64,0,155,23,106,0,-130,23,172,0,-40,23,-120,0,4,0,-10,0,-3,23,43,1,-72,23,-21,0]"
CSI_DATA,8961,d8:b1:90:d9:de:f0,-39,9,-99,-38,41,104,643449956,113,0,106,0,"[-14,20,83,0,-67,20,157,0,-37,20,-190,0,28,22,172,0,85,22,118,0,134,22,43,0,146,22,-49,22,134,22,-152,22,119,22,151,22,101,22,106,22,100,22,137,22,137,22,-158,22,-160,22,-44,22,0,0,0,0,103,0,121,0,-118,0,175,0,28,1,172,0,104,1,133,0,94,1,83,0,2,1,53,0,-116,0,50,0,152,0,85,0,68,0,151,0,19,0,-151,0,13,0,-62,0,61,0,-17,0,122,0]"
CSI_DATA,8962,d8:b1:90:d9:de:f0,-40,9,-99,-37,41,104,643450246,133,0,106,0,"[-184,0,27,21,-183,0,-46,20,167,0,-36,20,159,0,39,21,155,0,130,21,168,0,-133,21,-164,0,-27,21,-125,0,85,0,-82,0,183,0,-62,0,-135,0,-75,0,-149,0,-122,0,152,0,159,0,50,0,0,0,0,0,-56,21,-178,21,-186,21,101,21,81,21,39,21,14,21,21,21,27,21,55,21,106,21,117,21,-157,21,184,21,-33,21,-138,21,84,0,-107,21,-178,0,-107,21,-82,0,-138,21,-56,0,-180,21,-117,0]"
CSI_DATA,8963,d8:b1:90:d9:de:f0,-40,9,-99,-39,42,104,643450789,113,0,106,0,"[-13,19,76,0,-60,19,134,0,-39,19,152,0,24,20,130,0,86,20,71,0,142,20,-10,20,-168,20,-105,20,-139,20,148,20,-119,20,56,20,-113,20,13,20,-124,20,32,20,-120,20,111,20,-102,20,-113,20,0,0,0,0,-30,20,172,0,42,0,-49,0,133,0,35,1,-157,0,71,1,-153,0,39,1,155,0,-37,0,87,0,-135,0,-2,20,139,0,-94,20,86,0,157,20,68,0,61,20,79,0,35,20,113,0,93,20]"
CSI_DATA,8964,d8:b1:90:d9:de:f0,-40,9,-99,-36,41,104,643451041,133,0,106,0,"[172,21,35,21,108,21,-1,19,98,21,26,21,148,21,69,21,-148,21,111,21,-62,21,138,21,31,0,145,21,137,0,138,21,-132,0,128,21,-96,0,115,21,-113,0,127,21,172,0,159,21,63,0,-134,21,0,0,0,0,-156,21,60,0,122,21,-177,0,76,21,-63,0,66,21,7,1,98,21,5,1,153,21,-69,0,-166,21,-179,0,-139,21,76,0,-142,21,-29,21,-176,21,-122,21,129,21,175,21,81,21,173,21,81,21]"
CSI_DATA,8965,d8:b1:90:d9:de:f0,-40,9,-99,-38,41,104,643453182,113,0,106,0,"[-46,22,8,1,-13,22,76,1,4,0,59,1,1,0,-2,0,-23,22,-80,0,-85,22,-161,0,-161,22,154,0,121,22,100,0,34,22,47,0,-10,20,37,0,13,22,41,0,100,22,58,0,-140,22,62,0,0,0,0,0,158,0,16,0,-77,0,-55,22,19,1,-133,22,62,1,184,22,26,1,167,22,-53,0,-181,22,-142,0,-101,22,160,0,0,0,112,0,98,0,104,0,-178,0,124,0,-88,0,172,0,-67,0,-173,0]"
CSI_DATA,8966,d8:b1:90:d9:de:f0,-40,9,-99,-37,41,104,643453474,133,0,106,0,"[30,21,-165,0,-13,20,-113,0,-2,20,-125,0,49,21,183,0,103,21,93,0,151,21,-2,21,-167,21,-111,21,-119,21,145,21,-66,21,37,21,-39,21,-10,20,-30,21,8,21,-46,21,88,21,-59,21,-151,21,0,0,0,0,-119,21,149,0,-139,21,-74,0,-142,21,50,1,-133,21,101,1,-129,21,75,1,-120,21,-27,0,-111,21,-161,0,-117,21,75,0,-127,21,-42,21,-158,21,-155,21,171,21,126,21,127,21,104,21,117,21]"
CSI_DATA,8967,d8:b1:90:d9:de:f0,-40,9,-99,-40,42,104,643454288,113,0,106,0,"[-40,0,155,21,-4,0,93,21,-22,0,96,21,-66,0,148,21,-108,0,-128,21,-141,0,-39,21,-166,0,67,0,-179,0,-179,0,170,0,-74,0,170,0,-29,0,155,0,-46,0,138,0,-131,0,105,0,110,0,0,0,0,0,7,0,-172,21,-69,21,62,21,-145,21,-36,19,166,21,-73,19,166,21,-43,19,-146,21,32,21,-70,21,132,21,22,0,-148,21,110,0,-81,21,-151,0,-42,21,-60,0,-33,21,-19,0,-64,21,-74,0]"
CSI_DATA,8968,d8:b1:90:d9:de:f0,-41,9,-99,-38,42,104,643454608,133,0,106,0,"[82,20,-84,0,66,20,-14,0,90,20,-10,0,124,20,-66,0,142,20,-149,0,149,20,106,0,140,20,8,0,109,20,-88,20,81,20,166,20,66,20,124,20,78,20,145,20,126,20,-130,20,-141,20,-38,20,0,0,0,0,56,0,168,0,-152,0,-104,0,-46,0,-61,0,17,1,-58,0,6,1,-86,0,-66,0,-130,0,168,0,160,0,65,0,134,0,-36,20,133,0,-133,20,158,0,142,20,-137,0,136,20,-92,0,-137,20]"
CSI_DATA,8969,d8:b1:90:d9:de:f0,-40,9,-99,-40,42,104,643455320,127,0,106,0,"[2,1,118,0,74,1,84,0,69,1,50,0,0,1,40,0,-84,0,55,0,-162,0,94,0,125,0,163,0,64,0,-117,0,26,0,-32,0,16,0,9,1,26,0,-12,0,57,0,-97,0,72,0,129,0,0,0,0,0,33,0,-168,21,-35,21,52,21,-120,21,-48,19,173,21,-74,19,149,21,-35,19,-175,21,52,21,-103,21,149,21,-12,21,-144,21,88,0,-105,21,-172,0,-103,21,-93,0,-135,21,-74,0,162,21,-153,0]"
CSI_DATA,8970,d8:b1:90:d9:de:f0,-39,9,-99,-38,41,104,643455605,107,0,106,0,"[-5,0,-146,22,34,1,151,22,-2,0,131,22,-67,0,161,22,-125,0,-145,22,-157,0,-67,22,-164,0,41,0,-149,0,145,0,-110,0,-143,0,-77,0,-112,0,-94,0,-143,0,-127,0,149,0,155,0,32,0,0,0,0,0,-109,22,-137,22,104,22,-176,22,-40,20,-164,22,-112,20,-122,22,-92,20,-68,22,8,22,-37,22,143,22,-41,22,-128,22,-77,22,-40,22,-145,22,22,0,149,22,32,0,58,22,-20,22,4,22,-95,22]"
CSI_DATA,8971,d8:b1:90:d9:de:f0,-43,11,-99,-35,45,104,643504280,100,0,228,0,"[-19,0,-23,0,-26,-2,-28,-6,-27,-6,-26,-8,-24,-9,107,64,-19,-7,-16,-6,-13,-5,-12,-2,-10,0,-9,1,-7,4,-6,6,-6,9,-6,12,-6,13,-6,14,-6,13,30,-51,-6,12,-5,9,-4,6,-2,2,0,0,1,-3,0,0,8,-8,11,-11,15,-12,19,-13,22,-14,25,-14,39,0,26,-12,26,-12,25,-10,21,-7,19,-6,15,-6,11,-5,7,-5,4,-5,1,-6,0,-7,-3,-9,-5,-10,-55,12,-6,-13,-6,-14,-6,-15,-4,-15,-1,-13,0,-10,0,-6,5,-7,0,-9,-6,-4,-5,0,0,3,2,0,0,-6,-29,-13,-12,1,-9,11,1,17,13,12,21,0,17,-15,0,-24,-17,-19,-25,-2,-19,16,-2,25,14,18,19,1,5,0,-1,-14,-10,-5,-7,6,1,9,11,4,11,-6,0,0,-9,-12,-15,-2,-12,8,-3,13,6,11,9,3,32,-15,2,-2,2,0,5,0,8,-4,5,-11,-4,-14,-15,-10,-19,2,-13,16,0,21,15,16,21,1,17,-13,-3,-33,-11,-16,-16,-4,-12,7,-1,11,6,5,6,-3,0,-6]"
CSI_DATA,8972,d8:b1:90:d9:de:f0,-42,11,-99,-37,44,104,643828999,277,0,106,0,"[-89,14,-62,15,-106,14,-18,15,-65,14,13,0,-1,14,15,0,58,15,-2,15,100,15,-30,15,-130,15,-74,15,-114,15,-116,15,-97,15,102,15,-82,15,97,15,-43,15,103,15,12,0,-130,15,85,0,-113,15,0,0,0,0,-48,0,126,15,11,1,76,15,18,1,21,15,0,1,-4,14,-52,0,16,15,-111,0,77,15,106,0,-108,15,96,0,-41,15,100,0,15,0,127,0,56,0,-110,0,71,0,-104,0,56,0,119,0]"
CSI_DATA,8973,d8:b1:90:d9:de:f0,-42,9,-99,-34,43,104,643829444,252,0,106,0,"[101,1,20,0,111,1,-37,15,66,1,-69,15,0,1,-68,15,-54,0,-46,15,-96,0,-7,15,-112,0,34,0,-119,0,81,0,-130,0,119,0,122,0,-130,0,88,0,-132,0,32,0,-128,0,-34,15,-115,0,0,0,0,0,-134,15,-38,0,114,15,29,1,124,15,79,1,-112,15,97,1,-67,15,63,1,-45,15,-16,0,-38,15,-100,0,-62,15,100,0,-92,15,56,0,-133,15,37,0,102,15,38,0,112,15,43,0,-129,15]"
CSI_DATA,8974,d8:b1:90:d9:de:f0,-42,9,-99,-32,43,104,643829646,98,0,106,0,"[-35,15,-93,14,-92,15,-94,14,-113,15,-48,14,-102,15,16,15,-77,15,63,15,-42,15,94,15,0,0,106,15,39,0,104,15,83,0,100,15,98,0,111,15,106,0,-115,15,119,0,-66,15,-112,0,-9,15,0,0,0,0,-10,0,58,0,62,1,62,0,100,1,32,0,107,1,-11,15,62,1,-40,15,-19,0,-45,15,-95,0,-17,15,106,0,23,0,83,0,61,0,79,0,102,0,91,0,-128,0,100,0,123,0,79,0]"
CSI_DATA,8975,d8:b1:90:d9:de:f0,-40,9,-99,-33,41,104,643867655,127,0,106,0,"[-45,0,42,19,-95,0,-25,18,-163,0,-22,18,111,0,31,19,86,0,93,19,98,0,151,19,139,0,-143,19,-130,0,-133,19,-82,0,-147,19,-72,0,-154,19,-82,0,-143,19,-117,0,-99,19,-137,0,-27,19,0,0,0,0,-64,0,77,0,28,1,91,0,103,1,62,0,120,1,5,0,67,1,-49,19,-31,0,-63,19,-121,0,-32,19,150,0,14,0,134,0,77,0,164,0,123,0,-124,0,139,0,-102,0,112,0,-129,0]"
CSI_DATA,8976,d8:b1:90:d9:de:f0,-41,9,-99,-34,42,104,643867858,127,0,106,0,"[67,17,-16,0,84,17,21,1,125,17,7,1,-144,17,-49,0,-131,17,-112,0,-136,17,129,0,141,17,71,0,87,17,22,0,47,17,-28,17,28,17,-45,17,59,17,-61,17,116,17,-86,17,-117,17,-127,17,0,0,0,0,-39,17,49,17,-29,17,-35,16,-47,17,-91,16,-79,17,-98,16,-85,17,-47,16,-67,17,32,17,-22,17,116,17,41,0,-134,17,101,0,-103,17,-148,0,-99,17,-106,0,-111,17,-109,0,-131,17,-146,0]"
CSI_DATA,8977,d8:b1:90:d9:de:f0,-41,9,-99,-32,42,104,643868025,107,0,106,0,"[-28,15,130,16,-63,15,-129,16,-38,15,-89,16,21,16,-71,16,88,16,-71,16,138,16,-94,16,-99,16,-132,16,-72,16,102,16,-48,16,52,16,-30,16,35,16,-19,16,51,16,17,0,87,16,80,0,139,16,0,0,0,0,-69,0,-111,16,7,1,-141,16,41,1,113,16,38,1,85,16,-7,0,89,16,-72,0,138,16,-134,0,-85,16,126,0,-12,16,126,0,47,0,-141,0,94,0,-114,0,122,0,-102,0,112,0,-126,0]"
CSI_DATA,8978,d8:b1:90:d9:de:f0,-41,9,-99,-34,42,104,643868161,107,0,106,0,"[58,1,-41,17,70,1,-84,17,29,1,-103,17,-33,0,-90,17,-80,0,-53,17,-117,0,-3,17,-130,0,57,0,-123,0,123,0,-109,0,-125,0,-109,0,-103,0,-128,0,-104,0,115,0,-118,0,42,0,-129,0,0,0,0,0,-99,17,-66,0,-137,17,-3,0,-150,17,60,1,-124,17,77,1,-95,17,40,1,-73,17,-40,0,-68,17,-131,0,-93,17,97,0,-135,17,45,0,115,17,24,0,72,17,28,0,68,17,43,0,111,17]"
CSI_DATA,8979,d8:b1:90:d9:de:f0,-39,11,-99,-36,41,104,644246796,277,0,106,0,"[161,21,-1,0,-145,21,79,1,-66,21,79,1,-7,21,15,1,4,0,-64,0,-15,21,-121,0,-66,21,-162,0,-137,21,-168,0,155,21,-145,0,128,21,-115,0,145,21,-115,0,-176,21,-153,0,-151,21,127,0,0,0,0,0,153,21,-36,21,45,21,-79,21,-57,19,-66,21,-103,19,-12,21,-87,19,46,0,-1,19,76,0,105,21,66,0,-180,21,21,0,-144,21,-43,21,-153,21,-120,21,161,21,-169,21,103,21,-163,21,97,21]"
CSI_DATA,8980,d8:b1:90:d9:de:f0,-39,9,-99,-34,40,104,644247250,130,0,106,0,"[41,1,-97,22,73,1,-161,22,38,1,185,22,-29,0,-184,22,-98,0,-134,22,-143,0,-76,22,-160,0,10,0,-151,0,103,0,-130,0,-191,0,-107,0,-148,0,-127,0,-152,0,-179,0,-184,0,109,0,173,0,0,0,0,0,-106,22,-185,0,176,22,-115,0,112,22,-25,0,110,22,28,1,154,22,32,1,-173,22,-29,0,-131,22,-137,0,-124,22,140,0,-149,22,47,0,175,22,-25,22,104,22,-61,22,58,22,-41,22,79,22]"
CSI_DATA,8981,d8:b1:90:d9:de:f0,-39,9,-99,-36,41,104,644247358,113,0,106,0,"[128,21,-11,0,149,21,62,1,-152,21,64,1,-107,21,7,1,-97,21,-73,0,-105,21,-144,0,-146,21,146,0,151,21,101,0,76,21,59,0,38,21,42,0,48,21,32,0,103,21,9,0,-176,21,-45,21,0,0,0,0,-69,21,159,21,-59,21,38,21,-90,21,-57,19,-128,21,-93,19,-158,21,-62,19,-141,21,15,21,-105,21,104,21,-28,21,175,21,45,0,-142,21,127,0,-139,21,-163,0,-168,21,-152,0,155,21,173,0]"
CSI_DATA,8982,d8:b1:90:d9:de:f0,-39,9,-99,-36,41,104,644247485,101,0,106,0,"[79,21,-55,0,90,21,11,1,141,21,18,1,-169,21,-29,0,-144,21,-93,0,-145,21,-162,0,-173,21,128,0,138,21,70,0,74,21,25,0,42,21,2,0,40,21,-12,21,104,21,-25,21,-176,21,-67,21,0,0,0,0,-60,21,155,21,-40,21,39,21,-59,21,-49,19,-91,21,-96,19,-122,21,-69,19,-121,21,11,21,-80,21,107,21,-18,21,179,21,53,0,-142,21,134,0,-141,21,-165,0,-166,21,-146,0,161,21,177,0]"
CSI_DATA,8983,d8:b1:90:d9:de:f0,-39,9,-99,-35,41,104,644456140,108,0,106,0,"[-50,19,85,0,-67,19,152,0,-15,19,-175,0,43,20,150,0,90,20,98,0,102,20,39,0,89,20,-26,20,43,20,-76,20,1,20,-115,20,-13,19,-118,20,21,20,-97,20,104,20,-86,20,-139,20,-98,20,0,0,0,0,15,0,149,20,61,0,43,20,56,0,-38,19,30,0,-74,19,9,0,-43,19,5,0,30,20,27,0,116,20,75,0,-175,20,134,0,-145,20,-155,0,-149,20,-112,0,168,20,-116,0,135,20,168,0]"
CSI_DATA,8984,d8:b1:90:d9:de:f0,-38,11,-99,-35,40,104,644503701,100,0,114,0,"[-4,-41,-3,-46,1,-49,6,-49,7,-52,10,-50,12,-47,12,-44,12,-40,15,-40,13,-38,13,-38,13,-38,12,-40,13,-41,13,-43,16,-43,16,-44,18,-47,20,-46,18,-47,20,-49,21,-47,21,-47,21,-44,20,-44,20,-44,21,-43,0,0,23,-40,23,-41,24,-41,24,-43,23,-43,26,-41,26,-41,27,-40,26,-38,24,-38,23,-36,23,-36,21,-35,21,-33,20,-32,18,-30,20,-29,18,-29,20,-30,21,-29,21,-30,24,-30,23,-32,24,-32,27,-30,29,-27,29,-24,27,-23]"
CSI_DATA,8985,d8:b1:90:d9:de:f0,-40,11,-99,-37,42,104,644664593,277,0,106,0,"[38,0,-77,18,-36,19,-114,18,-84,19,-82,18,-90,19,-14,18,-85,19,25,19,-44,19,60,19,-12,19,64,19,22,0,54,19,34,0,50,19,46,0,69,19,53,0,123,19,67,0,-124,19,101,0,-45,19,0,0,0,0,-88,0,44,0,-7,0,59,0,66,1,42,0,94,1,11,0,63,1,-14,19,-1,0,-22,19,-67,0,-2,19,-121,0,15,0,-145,0,57,0,-143,0,86,0,-129,0,101,0,-134,0,89,0,160,0]"
CSI_DATA,8986,d8:b1:90:d9:de:f0,-39,9,-99,-36,41,104,644665092,113,0,106,0,"[0,21,-115,0,22,21,-25,0,90,21,4,1,155,21,-31,0,-169,21,-77,0,-162,21,-114,0,-177,21,-142,0,153,21,-155,0,129,21,-152,0,145,21,-162,0,175,21,149,0,-142,21,73,0,-114,21,-19,21,0,0,0,0,172,21,-165,21,90,21,135,21,1,21,128,21,-42,19,161,21,-31,19,-156,21,26,21,-113,21,104,21,-96,21,156,21,-104,21,-170,21,-120,21,-165,21,-152,21,-177,21,-166,21,175,21,-148,21,-156,21]"
CSI_DATA,8987,d8:b1:90:d9:de:f0,-40,9,-99,-37,42,104,644665219,133,0,106,0,"[-58,18,143,0,-54,18,-95,0,7,19,-51,0,77,19,-68,0,121,19,-101,0,134,19,-137,0,129,19,-163,0,112,19,154,0,94,19,142,0,103,19,136,0,145,19,106,0,-137,19,41,0,-102,19,-36,19,0,0,0,0,-152,19,141,19,110,19,80,19,31,19,66,19,-11,18,97,19,-15,18,149,19,33,19,-137,19,97,19,-107,19,156,19,-111,19,-146,19,-126,19,-141,19,-150,19,-150,19,-164,19,-158,19,-150,19,-134,19]"
CSI_DATA,8988,d8:b1:90:d9:de:f0,-40,9,-99,-36,42,104,644665390,113,0,106,0,"[-100,0,11,1,-37,0,12,1,-32,0,-32,0,-71,0,-71,0,-122,0,-104,0,149,0,-108,0,107,0,-94,0,61,0,-70,0,33,0,-57,0,12,0,-75,0,-11,18,-125,0,-37,18,115,0,-83,18,31,0,0,0,0,0,107,18,-94,18,22,18,-133,18,-44,17,-140,18,-74,17,-132,18,-51,17,-107,18,15,18,-91,18,94,18,-96,18,156,18,-109,18,-118,18,-135,18,-99,18,152,18,-88,18,127,18,-93,18,134,18,-76,18]"
CSI_DATA,8989,d8:b1:90:d9:de:f0,-40,9,-99,-37,42,104,644665508,133,0,106,0,"[-141,0,-34,18,156,0,-82,18,119,0,-73,18,101,0,-18,18,99,0,34,19,126,0,89,19,160,0,119,19,-132,0,142,19,-102,0,-165,19,-103,0,-134,19,-136,0,-86,19,142,0,-14,19,91,0,60,0,0,0,0,0,58,0,-99,0,69,0,-11,0,104,0,54,1,117,0,72,1,114,0,45,1,86,0,-11,0,45,0,-77,0,-2,19,-123,0,-44,19,-145,0,-88,19,-145,0,-115,19,-138,0,-114,19,-142,0,-89,19]"
CSI_DATA,8990,d8:b1:90:d9:de:f0,-41,9,-99,-35,42,104,644665625,254,0,106,0,"[-41,17,-155,18,-85,17,-125,18,-73,17,-86,18,-15,17,-73,18,30,18,-72,18,77,18,-94,18,100,18,-127,18,119,18,144,18,132,18,112,18,-144,18,114,18,-102,18,141,18,-37,18,-135,18,48,0,-100,18,0,0,0,0,-97,0,-83,18,-20,0,-110,18,26,1,-144,18,44,1,141,18,18,1,143,18,-34,0,-135,18,-84,0,-84,18,-113,0,-34,18,-133,0,12,0,-128,0,44,0,-113,0,67,0,-121,0,66,0,-156,0]"
CSI_DATA,8991,d8:b1:90:d9:de:f0,-40,9,-99,-37,42,104,644665818,130,0,106,0,"[53,1,-160,19,59,1,110,19,20,1,98,19,-33,0,117,19,-72,0,155,19,-89,0,-126,19,-84,0,-88,19,-60,0,-45,19,-55,0,-10,19,-72,0,10,0,-121,0,34,0,136,0,55,0,47,0,103,0,0,0,0,0,-54,19,-94,0,-88,19,-10,0,-89,19,57,1,-71,19,77,1,-44,19,60,1,-38,19,-7,0,-59,19,-80,0,-73,19,-137,0,-108,19,158,0,-146,19,143,0,159,19,146,0,-161,19,143,0,-124,19]"
CSI_DATA,8992,d8:b1:90:d9:de:f0,-40,9,-99,-37,42,104,645082836,130,0,106,0,"[-54,0,41,19,-95,0,-25,18,-161,0,-18,18,137,0,42,19,129,0,94,19,156,0,138,19,-137,0,150,19,-85,0,142,19,-57,0,125,19,-77,0,120,19,-129,0,149,19,146,0,-112,19,106,0,-14,19,0,0,0,0,134,0,-165,0,-133,0,-93,0,-66,0,-67,0,-22,0,-80,0,-27,0,-120,0,-84,0,-161,0,-151,0,147,0,119,0,147,0,77,0,-160,0,62,0,-117,0,77,0,-82,0,112,0,-85,0,126,0]"
CSI_DATA,8993,d8:b1:90:d9:de:f0,-40,9,-99,-35,41,104,645083007,98,0,106,0,"[85,0,-60,19,6,0,-101,19,-42,20,-54,19,-42,20,20,20,-15,20,69,20,26,0,90,20,75,0,65,20,119,0,31,20,131,0,5,20,112,0,1,20,85,0,54,20,68,0,152,20,78,0,-89,20,0,0,0,0,-119,0,28,0,-30,0,53,0,49,1,32,0,69,1,-6,20,35,1,-43,20,-38,0,-42,20,-112,0,-2,20,-157,0,39,0,-171,0,87,0,-146,0,135,0,-109,0,152,0,-79,0,118,0,-102,0]"
CSI_DATA,8994,d8:b1:90:d9:de:f0,-41,11,-99,-35,42,104,645291289,277,0,106,0,"[-33,17,118,18,-89,17,-122,18,-66,17,-50,18,1,18,-20,18,67,18,-26,18,103,18,-61,18,110,18,-110,18,85,18,-152,18,57,18,135,18,45,18,150,18,83,18,-121,18,-155,18,-86,18,-57,18,-89,18,0,0,0,0,77,0,113,18,95,0,20,18,70,0,-53,17,14,0,-70,17,-22,18,-28,17,-25,18,51,18,0,0,129,18,52,0,-141,18,103,0,-133,18,141,0,152,18,154,0,107,18,121,0,81,18,57,0]"
CSI_DATA,8995,d8:b1:90:d9:de:f0,-41,9,-99,-35,42,104,645291752,98,0,106,0,"[-64,17,-125,18,-103,17,-74,18,-70,17,-34,18,-3,17,-20,18,72,18,-45,18,118,18,-94,18,148,18,-154,18,150,18,96,18,141,18,48,18,145,18,45,18,-139,18,97,18,-79,18,-156,18,14,0,-96,18,0,0,0,0,-110,0,-59,18,-17,0,-91,18,34,1,-136,18,35,1,144,18,-12,0,152,18,-75,0,-116,18,-136,0,-46,18,148,0,18,0,144,0,85,0,-149,0,130,0,-112,0,154,0,-90,0,141,0,-118,0]"
CSI_DATA,8996,d8:b1:90:d9:de:f0,-40,9,-99,-34,41,104,645291866,130,0,106,0,"[-94,18,26,0,-117,18,94,0,-58,18,126,0,14,20,106,0,76,20,50,0,98,20,-9,20,109,20,-84,20,82,20,-149,20,48,20,149,20,50,20,152,20,98,20,-156,20,-153,20,-121,20,-32,20,-104,20,0,0,0,0,169,0,-150,20,-100,0,106,20,-68,0,33,20,-85,0,0,20,-128,0,33,20,169,0,113,20,142,0,-132,20,153,0,-56,20,-158,0,8,0,-112,0,40,0,-64,0,48,0,-50,0,8,0,-110,0]"
CSI_DATA,8997,d8:b1:90:d9:de:f0,-43,11,-99,-35,45,104,645503742,100,0,228,0,"[-15,11,-19,12,-22,12,-24,11,-25,10,-24,9,-23,7,107,64,-19,6,-17,6,-14,7,-12,8,-11,9,-9,11,-8,12,-7,15,-6,17,-6,19,-6,19,-6,20,-5,19,30,-51,-4,17,-3,14,-1,12,0,10,1,7,4,6,0,0,10,2,12,1,15,0,19,0,20,1,23,1,34,0,24,2,24,2,23,2,20,2,19,2,16,0,13,0,12,-1,10,-3,8,-4,7,-6,6,-8,7,-9,70,0,8,-12,9,-12,10,-12,10,-12,9,-9,7,-6,6,-5,-6,-12,-12,-5,-11,5,-3,10,6,7,8,-1,2,-9,-27,0,-12,0,-9,11,2,16,14,11,19,-3,12,-18,-3,-22,-19,-13,-24,3,-13,19,4,23,19,12,19,-6,2,0,-9,-16,-18,-2,-12,12,1,18,14,10,17,-4,0,0,-5,-18,-17,-8,-17,6,-7,16,5,15,12,6,35,0,2,-7,-5,-4,-4,2,1,6,8,2,7,-6,0,-12,-9,-11,-15,-1,-12,10,-2,17,10,14,18,4,24,-20,4,-16,-7,-13,-13,-3,-10,6,0,10,7,6,7,-2]"
CSI_DATA,8998,d8:b1:90:d9:de:f0,-41,11,-99,-35,42,104,645709087,277,0,106,0,"[55,1,92,0,89,1,37,0,57,1,-6,18,0,1,-13,18,-44,0,1,0,-77,0,34,0,-79,0,75,0,-58,0,124,0,-51,0,-155,0,-47,0,155,0,-75,0,135,0,-141,0,107,0,78,0,96,0,0,0,0,0,-74,18,-146,0,-130,18,-68,0,-143,18,9,1,-122,18,62,1,-73,18,52,1,-40,18,-7,0,-36,18,-89,0,-59,18,148,0,-99,18,103,0,154,18,89,0,99,18,111,0,100,18,150,0,145,18]"
CSI_DATA,8999,d8:b1:90:d9:de:f0,-40,9,-99,-34,41,104,645709541,311,0,106,0,"[-96,0,21,20,-141,0,-50,18,137,0,-46,18,97,0,8,20,90,0,73,20,106,0,102,20,152,0,120,20,-146,0,117,20,-109,0,98,20,-110,0,81,20,-148,0,114,20,152,0,-166,20,118,0,-72,20,0,0,0,0,164,0,90,0,-81,0,153,0,10,1,166,0,60,1,133,0,48,1,84,0,-13,0,40,0,-105,0,29,0,166,0,52,0,125,0,97,0,118,0,161,0,148,0,-132,0,-138,0,-134,0,-128,0]"
CSI_DATA,9000,d8:b1:90:d9:de:f0,-40,9,-99,-35,41,104,645709718,130,0,106,0,"[123,20,-2,0,174,20,64,1,-116,20,49,1,-80,20,-4,0,-80,20,-57,0,-97,20,-93,0,-138,20,-100,0,168,20,-91,0,139,20,-74,0,145,20,-63,0,166,20,-89,0,-149,20,-152,0,-131,20,100,0,0,0,0,0,144,20,-43,20,59,20,-85,20,-30,19,-82,20,-76,19,-50,20,-56,19,1,0,13,20,27,0,97,20,20,0,167,20,-15,20,-157,20,-72,20,-167,20,-127,20,145,20,-167,20,96,20,-149,20,101,20]"
CSI_DATA,9001,d8:b1:90:d9:de:f0,-40,9,-99,-36,42,104,645918475,108,0,106,0,"[52,0,-50,17,7,0,-81,17,-25,18,-52,17,-26,18,11,18,-1,18,67,18,36,0,108,18,95,0,124,18,157,0,132,18,-110,0,119,18,-98,0,120,18,-115,0,144,18,-153,0,-125,18,124,0,-41,18,0,0,0,0,118,0,146,0,-156,0,-80,0,-88,0,-28,0,-35,0,-22,0,-30,0,-64,0,-76,0,-129,0,-161,0,140,0,73,0,124,0,-5,18,134,0,-57,18,-132,0,-79,18,-66,0,-45,18,-26,0,11,0]"
CSI_DATA,9002,d8:b1:90:d9:de:f0,-41,9,-99,-38,43,104,645918629,120,0,106,0,"[-19,0,95,17,-30,0,42,17,-74,0,38,17,-110,0,77,17,-134,0,130,17,-139,0,-125,17,-116,0,-79,17,-74,0,-36,17,-33,0,-7,17,-20,0,1,0,-42,0,8,0,-108,0,13,0,118,0,46,0,0,0,0,0,0,0,-129,0,-14,17,-32,0,-4,17,51,1,33,0,85,1,67,0,57,1,76,0,-21,0,42,0,-104,0,-15,17,135,0,-79,17,104,0,-149,17,112,0,103,17,149,0,112,17,-102,0,-129,17]"
CSI_DATA,9003,d8:b1:90:d9:de:f0,-39,9,-99,-36,41,104,645975586,130,0,106,0,"[64,0,-46,19,15,0,-84,19,-29,21,-55,19,-25,21,5,21,1,0,63,21,39,0,87,21,90,0,87,21,146,0,63,21,-168,0,38,21,-168,0,21,21,156,0,56,21,122,0,134,21,111,0,-114,21,0,0,0,0,-179,0,67,0,-79,0,125,0,11,1,139,0,60,1,110,0,40,1,70,0,-32,0,45,0,-124,0,46,0,168,0,91,0,129,0,144,0,137,0,-151,0,176,0,-103,0,-125,0,-121,0,-118,0]"
CSI_DATA,9004,d8:b1:90:d9:de:f0,-41,9,-99,-33,42,104,646127383,98,0,106,0,"[-39,17,-72,16,-98,17,-84,16,-128,17,-51,16,-128,17,4,17,-116,17,45,17,-88,17,81,17,-58,17,95,17,-18,17,103,17,20,0,107,17,50,0,121,17,76,0,145,17,101,0,-105,17,128,0,-51,17,0,0,0,0,-64,0,38,0,25,1,41,0,81,1,31,0,121,1,-11,17,98,1,-51,17,23,1,-62,17,-55,0,-42,17,-118,0,-4,17,-146,0,42,0,-136,0,92,0,-105,0,117,0,-91,0,98,0,-120,0]"
CSI_DATA,9005,d8:b1:90:d9:de:f0,-38,9,-99,-35,40,104,646181469,101,0,106,0,"[-100,0,15,23,-130,0,-53,21,-197,0,-56,21,147,0,3,23,121,0,75,23,121,0,158,23,152,0,-170,23,-183,0,-118,23,-118,0,-66,23,-80,0,-30,23,-73,0,-10,23,-110,0,36,0,-178,0,92,0,0,0,0,0,153,0,-161,0,170,0,-35,0,-177,0,36,1,-129,0,64,1,-109,0,21,1,-140,0,-63,0,186,0,-150,0,84,0,183,0,-12,23,164,0,-87,23,-197,0,-152,23,-140,0,-152,23,-100,0,-110,23]"
CSI_DATA,9006,d8:b1:90:d9:de:f0,-39,9,-99,-34,40,104,646194959,130,0,106,0,"[20,1,-175,22,31,1,137,22,-23,0,106,22,-85,0,136,22,-145,0,188,22,-179,0,-124,22,-176,0,-46,22,-151,0,31,0,-110,0,103,0,-86,0,142,0,-100,0,154,0,-151,0,154,0,139,0,154,0,0,0,0,0,-13,22,-142,0,-65,22,-34,0,-82,22,61,1,-56,22,109,1,-20,22,83,1,1,0,-4,0,-4,22,-118,0,-46,22,167,0,-118,22,103,0,172,22,79,0,88,22,106,0,67,22,158,0,116,22]"
CSI_DATA,9007,d8:b1:90:d9:de:f0,-40,9,-99,-37,42,104,646239614,98,0,106,0,"[-76,0,-46,0,-15,0,-62,0,-19,0,-110,0,-68,0,-155,0,-133,0,158,0,132,0,-156,0,75,0,-120,0,33,0,-58,0,15,0,-1,0,19,0,18,1,24,0,-16,0,12,0,-95,0,-31,19,145,0,0,0,0,0,142,19,12,0,34,19,-1,19,-54,18,20,0,-80,18,60,0,-41,18,82,0,32,19,69,0,116,19,24,0,-158,19,-33,19,-139,19,-111,19,-160,19,149,19,128,19,104,19,76,19,121,19,80,19]"
CSI_DATA,9008,d8:b1:90:d9:de:f0,-39,9,-99,-38,41,104,646248232,98,0,106,0,"[68,22,103,22,-2,20,133,22,-7,20,-191,22,43,22,-140,22,112,22,-124,22,164,22,-146,22,-178,22,190,22,-173,22,124,22,-184,22,61,22,176,22,47,22,188,22,89,22,-151,22,157,22,-61,22,-149,22,0,0,0,0,130,0,-155,22,-145,0,166,22,-95,0,65,22,-109,0,5,22,-170,0,5,22,160,0,70,22,130,0,163,22,145,0,-136,22,-187,0,-86,22,-112,0,-65,22,-53,0,-100,22,-38,0,-169,22,-128,0]"
CSI_DATA,9009,d8:b1:90:d9:de:f0,-38,11,-99,-36,40,104,646503961,100,0,114,0,"[36,20,38,26,38,31,36,34,36,38,33,38,30,38,28,38,25,34,23,36,22,34,20,36,22,36,22,38,22,39,22,41,22,42,23,42,25,45,23,45,22,45,22,47,19,47,19,47,17,47,17,47,17,45,15,45,0,0,14,47,12,45,12,47,11,49,9,50,7,49,7,50,6,50,6,49,6,47,6,45,4,42,4,41,3,39,3,38,4,39,3,38,1,38,0,38,0,38,-1,41,-3,42,-4,44,-6,42,-9,41,-11,41,-12,38,-14,33]"
CSI_DATA,9010,d8:b1:90:d9:de:f0,-40,11,-99,-34,41,104,646544682,277,0,106,0,"[-5,20,50,1,70,0,84,1,122,0,46,1,146,0,-20,0,128,0,-85,0,92,0,-117,0,40,0,-128,0,-9,20,-106,0,-52,20,-60,0,-61,20,-32,0,-50,20,-44,0,-46,20,-97,0,-78,20,-169,0,0,0,0,0,149,20,98,0,46,20,120,0,-18,18,-146,0,-22,18,-86,0,34,20,-58,0,109,20,-90,0,-168,20,-158,0,-144,20,109,0,-165,20,45,0,117,20,12,0,50,20,16,0,20,20,69,0,72,20]"
CSI_DATA,9011,d8:b1:90:d9:de:f0,-40,9,-99,-36,42,104,646545136,224,0,106,0,"[35,1,45,0,71,1,1,0,50,1,-32,18,-5,0,-44,18,-62,0,-27,18,-110,0,10,0,-147,0,65,0,-159,0,134,0,157,0,-122,0,159,0,-84,0,149,0,-89,0,105,0,-122,0,36,0,-158,0,0,0,0,0,-135,18,143,0,101,18,-135,0,44,18,-66,0,36,18,-21,0,73,18,-18,0,130,18,-70,0,-140,18,-147,0,-129,18,83,0,-143,18,2,0,125,18,-54,18,59,18,-80,18,17,18,-55,18,42,18]"
CSI_DATA,9012,d8:b1:90:d9:de:f0,-40,9,-99,-35,41,104,646545325,130,0,106,0,"[50,20,108,20,-10,19,122,20,-16,19,170,20,27,20,-135,20,89,20,-118,20,153,20,-122,20,-135,20,-159,20,-90,20,131,20,-48,20,69,20,-39,20,34,20,-30,20,46,20,-9,20,105,20,32,0,-170,20,0,0,0,0,-156,0,-101,20,-54,0,-87,20,42,1,-139,20,60,1,168,20,19,1,149,20,-56,0,174,20,-131,0,-119,20,161,0,-30,20,150,0,53,0,-166,0,135,0,-101,0,-174,0,-53,0,163,0,-60,0]"
CSI_DATA,9013,d8:b1:90:d9:de:f0,-40,9,-99,-36,42,104,646545496,113,0,106,0,"[-23,17,-114,18,-70,17,-78,18,-57,17,-33,18,2,18,-8,18,59,18,-5,18,112,18,-35,18,152,18,-76,18,-147,18,-143,18,-144,18,110,18,-149,18,81,18,-143,18,85,18,-113,18,122,18,-42,18,-159,18,0,0,0,0,128,0,-154,18,-107,0,114,18,-65,0,45,18,-71,0,-8,17,-119,0,-12,17,148,0,42,18,113,0,128,18,115,0,-100,18,140,0,-35,18,-114,0,10,0,-47,0,17,0,-16,0,-22,18,-54,0]"
CSI_DATA,9014,d8:b1:90:d9:de:f0,-40,9,-99,-35,41,104,646754025,254,0,106,0,"[139,0,10,1,-138,0,19,1,-118,0,-37,0,-148,0,-98,0,148,0,-144,0,93,0,-153,0,30,0,-131,0,-20,20,-80,0,-52,20,-30,0,-45,20,-9,0,-41,20,-41,0,-45,20,-112,0,-75,20,142,0,0,0,0,0,133,20,27,0,23,20,31,0,-48,19,65,0,-68,19,109,0,-23,19,127,0,59,20,108,0,137,20,48,0,-174,20,-23,20,-170,20,-90,20,138,20,-152,20,75,20,166,20,24,20,-146,20,48,20]"
CSI_DATA,9015,d8:b1:90:d9:de:f0,-40,9,-99,-37,42,104,646754182,130,0,106,0,"[-37,0,-101,0,27,1,-151,0,14,1,119,0,-44,0,76,0,-110,0,73,0,163,0,102,0,121,0,154,0,116,0,-106,0,130,0,-51,0,150,0,-41,0,151,0,-80,0,112,0,-141,0,32,0,136,0,0,0,0,0,-160,19,139,0,93,19,-124,0,67,19,-45,0,89,19,10,1,147,19,-1,0,-129,19,-72,0,-102,19,-160,0,-125,19,77,0,158,19,25,0,81,19,11,0,11,19,47,0,3,19,112,0,77,19]"
CSI_DATA,9016,d8:b1:90:d9:de:f0,-40,11,-99,-38,42,104,646962479,277,0,106,0,"[-160,0,-1,0,-85,0,4,1,-48,0,-45,0,-61,0,-105,0,-112,0,-169,0,-164,0,146,0,112,0,154,0,54,0,-154,0,4,0,-101,0,-13,20,-62,0,-25,20,-69,0,-32,20,-116,0,-57,20,154,0,0,0,0,0,133,20,112,0,44,20,118,0,-38,18,-160,0,-42,18,-104,0,10,20,-78,0,90,20,-101,0,166,20,-168,0,-141,20,90,0,-144,20,13,0,154,20,-45,20,98,20,-68,20,57,20,-40,20,92,20]"
CSI_DATA,9017,d8:b1:90:d9:de:f0,-40,9,-99,-35,42,104,646962969,98,0,106,0,"[-42,18,53,1,-4,18,102,1,25,0,86,1,44,0,31,1,35,0,-45,0,-2,18,-105,0,-56,18,-154,0,-124,18,112,0,118,18,84,0,73,18,70,0,72,18,51,0,112,18,14,0,-139,18,-41,18,0,0,0,0,-68,18,112,18,-62,18,2,18,-105,18,-80,17,-134,18,-102,17,-145,18,-70,17,-129,18,9,18,-78,18,101,18,-12,18,-148,18,59,0,-105,18,141,0,-97,18,-111,0,-118,18,-90,0,-145,18,-136,0]"
CSI_DATA,9018,d8:b1:90:d9:de:f0,-41,9,-99,-36,43,104,647171850,98,0,106,0,"[-23,16,77,1,22,0,105,1,61,0,79,1,62,0,26,1,54,0,-20,0,29,0,-61,0,-3,16,-79,0,-43,16,-97,0,-83,16,-117,0,-105,16,-143,0,-109,16,103,0,-116,16,48,0,-113,16,-25,16,0,0,0,0,133,16,125,16,74,16,66,16,22,16,32,16,-17,15,39,16,-12,15,70,16,35,16,116,16,103,16,-132,16,-112,16,-117,16,-53,16,-123,16,-15,16,131,16,4,0,95,16,-5,16,83,16,-20,16]"
CSI_DATA,9019,d8:b1:90:d9:de:f0,-41,9,-99,-35,42,104,647171999,98,0,106,0,"[114,18,-26,17,47,18,-25,17,33,18,19,18,57,18,68,18,101,18,106,18,145,18,129,18,-124,18,125,18,-81,18,111,18,-42,18,100,18,-6,18,108,18,26,0,140,18,66,0,-121,18,113,0,-55,18,0,0,0,0,-73,0,24,0,18,1,36,0,83,1,19,0,116,1,-12,18,89,1,-35,18,14,1,-41,18,-67,0,-20,18,-133,0,13,0,141,0,62,0,130,0,117,0,145,0,-155,0,-149,0,155,0,146,0]"
CSI_DATA,9020,d8:b1:90:d9:de:f0,-40,11,-99,-36,42,104,647380276,277,0,106,0,"[-45,17,-79,18,-83,17,-45,18,-55,17,-18,18,-3,17,-17,18,51,18,-30,18,93,18,-52,18,127,18,-101,18,147,18,-156,18,-161,18,108,18,-146,18,73,18,-118,18,67,18,-79,18,84,18,-16,18,119,18,0,0,0,0,128,0,137,18,-120,0,93,18,-70,0,50,18,-54,0,13,18,-84,0,16,18,-130,0,67,18,148,0,144,18,137,0,-98,18,156,0,-30,18,-119,0,17,0,-67,0,40,0,-37,0,18,0,-67,0]"
CSI_DATA,9021,d8:b1:90:d9:de:f0,-40,9,-99,-34,41,104,647380739,108,0,106,0,"[-57,20,-61,18,-105,20,-82,18,-130,20,-48,18,-125,20,14,20,-102,20,56,20,-52,20,94,20,-4,20,100,20,53,0,84,20,113,0,72,20,146,0,61,20,162,0,81,20,157,0,128,20,158,0,-141,20,0,0,0,0,-96,0,-37,20,-24,0,10,0,57,1,16,0,94,1,-9,20,66,1,-41,20,-2,0,-49,20,-85,0,-24,20,-156,0,24,0,149,0,86,0,153,0,152,0,-149,0,-140,0,-113,0,-138,0,-106,0]"
CSI_DATA,9022,d8:b1:90:d9:de:f0,-43,11,-99,-31,44,104,647503971,100,0,228,0,"[16,-9,19,-8,24,-7,26,-5,27,-2,26,0,25,1,107,64,20,3,19,4,16,3,15,2,14,0,14,0,14,-1,14,-3,15,-4,16,-6,17,-6,17,-6,17,-6,30,-51,14,-4,12,-5,11,-4,7,-4,6,-5,3,-6,0,0,0,-11,-1,-13,-2,-16,-2,-20,0,-22,0,-24,-6,12,4,-25,5,-25,6,-24,6,-21,6,-19,6,-16,5,-13,3,-12,1,-11,0,-10,-1,-9,-2,-10,-4,-11,-55,12,-6,-13,-5,-15,-5,-16,-3,-15,-1,-13,0,-12,0,-9,4,12,11,6,11,-2,5,-9,-4,-8,-8,-1,-6,6,26,13,11,5,12,-6,6,-14,-6,-16,-18,-7,-20,6,-12,19,4,23,19,14,25,-1,17,-18,0,-24,-16,-15,-4,-5,-11,14,2,16,13,7,14,-6,4,-14,-7,-13,0,0,-13,8,-3,16,8,13,15,4,12,-7,3,-12,-3,-34,-8,0,-4,6,4,6,8,-1,4,-9,-5,-11,-13,-5,-14,6,-7,15,5,18,16,11,19,-1,14,-14,-4,-33,-12,-15,-19,-2,-14,9,-1,14,7,10,11,0,6,-7]"
CSI_DATA,9023,d8:b1:90:d9:de:f0,-42,9,-99,-34,43,104,647589620,130,0,106,0,"[60,15,1,15,1,15,36,15,-2,14,88,15,21,15,126,15,62,15,-123,15,90,15,-121,15,105,15,133,15,110,15,113,15,116,15,99,15,130,15,114,15,-104,15,-131,15,-49,15,-96,15,20,0,-84,15,0,0,0,0,-122,0,-128,15,-77,0,77,15,-63,0,6,15,-93,0,-31,14,132,0,-19,14,99,0,25,15,82,0,87,15,97,0,-131,15,122,0,-104,15,-115,0,-114,15,-104,0,133,15,-130,0,113,15,81,0]"
CSI_DATA,9024,d8:b1:90:d9:de:f0,-40,11,-99,-36,42,104,647798074,277,0,106,0,"[-3,0,-73,0,57,1,-132,0,55,1,112,0,8,1,71,0,-59,0,51,0,-100,0,54,0,-124,0,88,0,-127,0,120,0,-124,0,152,0,-135,0,156,0,157,0,146,0,96,0,134,0,27,0,142,0,0,0,0,0,-84,18,-98,0,-95,18,-6,0,-83,18,69,1,-36,18,98,1,10,0,70,1,28,0,5,1,18,0,-71,0,-17,18,-120,0,-56,18,-147,0,-96,18,-134,0,-112,18,-105,0,-85,18,-83,0,-47,18]"
CSI_DATA,9025,d8:b1:90:d9:de:f0,-40,9,-99,-35,41,104,647798528,130,0,106,0,"[1,0,-82,19,-57,20,-108,19,-93,20,-68,19,-83,20,-1,19,-52,20,60,20,-6,20,98,20,46,0,120,20,104,0,123,20,153,0,120,20,172,0,145,20,172,0,-159,20,168,0,-82,20,157,0,9,0,0,0,0,0,-159,0,171,0,-90,0,-105,0,-34,0,-69,0,-1,0,-67,0,-20,0,-91,0,-78,0,-127,0,-161,0,-160,0,118,0,-168,0,54,0,-159,0,13,0,-126,0,-5,20,-83,0,-1,20,-76,0,12,0]"
CSI_DATA,9026,d8:b1:90:d9:de:f0,-40,9,-99,-36,42,104,647798698,98,0,106,0,"[-159,18,-46,17,100,18,-45,17,84,18,7,18,117,18,66,18,-159,18,107,18,-105,18,119,18,-59,18,112,18,-12,18,96,18,33,0,79,18,52,0,88,18,67,0,119,18,90,0,-138,18,127,0,-62,18,0,0,0,0,-81,0,54,0,1,1,74,0,59,1,73,0,91,1,52,0,69,1,32,0,-3,0,31,0,-80,0,42,0,-147,0,78,0,138,0,115,0,129,0,-158,0,135,0,-119,0,147,0,-117,0,138,0]"
CSI_DATA,9027,d8:b1:90:d9:de:f0,-39,9,-99,-35,40,104,648216361,130,0,106,0,"[-163,0,24,1,-110,0,1,1,-132,0,-53,0,-195,0,-101,0,115,0,-124,0,50,0,-124,0,-18,23,-101,0,-70,23,-67,0,-100,23,-53,0,-106,23,-81,0,-103,23,-161,0,-100,23,109,0,-118,23,-13,23,0,0,0,0,172,23,167,23,78,23,101,23,0,23,64,23,-21,21,72,23,27,23,127,23,117,23,158,23,-166,23,189,23,-72,23,184,23,3,0,149,23,47,0,95,23,49,0,49,23,4,0,47,23,-36,23]"
CSI_DATA,9028,d8:b1:90:d9:de:f0,-39,9,-99,-35,40,104,648216532,500,0,106,0,"[10,1,-121,0,46,1,-163,0,-4,0,184,0,-89,0,163,0,-178,0,170,0,160,0,-180,0,118,0,-129,0,87,0,-72,0,67,0,-41,0,60,0,-60,0,38,0,-133,0,-18,23,155,0,-104,23,50,0,0,0,0,0,73,23,-75,23,-50,21,-75,23,-120,21,-53,23,-127,21,-7,23,-63,21,12,0,46,23,-9,23,160,23,-60,23,-157,23,-127,23,-129,23,192,23,-140,23,118,23,-175,23,75,23,175,23,106,23,189,23]"
CSI_DATA,9029,d8:b1:90:d9:de:f0,-38,9,-99,-37,40,104,648216796,500,0,106,0,"[-75,22,143,0,-65,22,194,0,4,24,192,0,68,24,141,0,106,24,83,0,120,24,8,0,106,24,-48,24,73,24,-109,24,60,24,-145,24,86,24,-141,24,166,24,-133,24,-130,24,-125,24,4,0,-132,24,0,0,0,0,200,0,151,24,-140,0,58,24,-123,0,-32,22,-140,0,-65,22,-190,0,-17,22,194,0,81,24,189,0,199,24,-207,0,-120,24,-163,0,-57,24,-97,0,-37,24,-47,0,-50,24,-57,0,-91,24,-146,0]"
CSI_DATA,9030,d8:b1:90:d9:de:f0,-39,9,-99,-38,41,104,648217078,500,0,106,0,"[-74,20,-121,22,-98,20,-52,22,-46,20,-22,22,32,22,-22,22,101,22,-64,22,131,22,-112,22,149,22,-172,22,143,22,167,22,133,22,134,22,155,22,146,22,-163,22,-190,22,-67,22,-143,22,46,0,-115,22,0,0,0,0,-116,0,-176,22,-32,0,142,22,2,1,61,22,-19,0,26,22,-74,0,50,22,-131,0,133,22,-178,0,-151,22,-172,0,-67,22,-142,0,-1,22,-91,0,26,0,-46,0,14,0,-37,0,-31,22,-136,0]"
CSI_DATA,9031,d8:b1:90:d9:de:f0,-39,9,-99,-37,41,104,648217305,101,0,106,0,"[-66,20,129,0,-43,20,-175,0,23,21,-167,0,88,21,162,0,122,21,93,0,125,21,36,0,103,21,-11,21,62,21,-43,21,34,21,-59,21,53,21,-47,21,127,21,-46,21,-136,21,-55,21,-26,21,-101,21,0,0,0,0,104,0,85,21,113,0,-26,20,75,0,-111,20,30,0,-122,20,-5,21,-63,20,0,0,37,21,36,0,136,21,100,0,-174,21,164,0,-154,21,-146,0,-175,21,-120,0,139,21,-171,0,100,21,104,0]"
CSI_DATA,9032,d8:b1:90:d9:de:f0,-37,9,-99,-36,38,104,648257263,130,0,106,0,"[69,0,49,1,157,0,65,1,181,0,0,1,133,0,-81,0,51,0,-137,0,-25,29,-155,0,-111,29,-133,0,-187,29,-87,0,-225,29,-43,0,-207,29,-47,0,-151,29,-127,0,-77,29,241,0,-29,29,59,0,0,0,0,0,-83,29,225,29,-185,29,67,29,221,29,-19,27,155,29,-21,27,163,29,35,29,247,29,125,29,-147,29,197,29,-31,29,207,29,61,0,187,29,129,0,101,29,145,0,17,29,57,0,-21,27,-57,29]"
CSI_DATA,9033,d8:b1:90:d9:de:f0,-41,11,-99,-34,42,104,648504020,100,0,114,0,"[-1,28,-3,30,-5,32,-7,32,-9,34,-9,32,-11,32,-9,30,-10,28,-11,27,-10,26,-10,27,-10,27,-10,28,-10,29,-10,30,-11,32,-11,33,-11,34,-13,35,-10,35,-11,38,-13,36,-11,36,-11,35,-11,35,-10,34,-11,32,0,0,-10,32,-11,34,-13,33,-14,34,-13,35,-14,36,-14,36,-14,36,-13,35,-13,35,-13,34,-10,33,-11,32,-10,30,-10,29,-9,27,-9,27,-8,27,-9,28,-10,27,-10,28,-11,29,-11,32,-14,32,-15,30,-16,28,-17,26,-16,22]"
CSI_DATA,9034,d8:b1:90:d9:de:f0,-39,11,-99,-39,41,104,648633668,277,0,106,0,"[-35,0,192,23,-1,0,115,23,-26,0,90,23,-75,0,126,23,-118,0,195,23,-146,0,-120,23,-146,0,-23,23,-127,0,73,0,-100,0,170,0,-86,0,-175,0,-104,0,-175,0,-161,0,161,0,143,0,89,0,0,0,0,0,-126,23,-49,23,104,23,-73,23,-36,21,-61,23,-123,21,-30,23,-115,21,6,0,-40,21,15,0,81,23,0,0,186,23,-50,23,-115,23,-121,23,-63,23,174,23,-49,23,67,23,-93,23,10,23,-152,23]"
CSI_DATA,9035,d8:b1:90:d9:de:f0,-38,9,-99,-37,40,104,648634158,98,0,106,0,"[119,0,0,1,205,0,48,1,-176,0,22,1,-190,0,-45,0,172,0,-104,0,92,0,-140,0,4,0,-153,0,-94,24,-141,0,-189,24,-117,0,187,24,-96,0,199,24,-104,0,-156,24,-164,0,-81,24,148,0,0,0,0,0,37,0,-137,24,40,0,107,24,-17,24,-44,22,-70,24,-122,22,-119,24,-104,22,-122,24,-17,22,-86,24,97,24,-11,24,199,24,84,0,-153,24,202,0,-140,24,-110,0,-176,24,-76,0,179,24,-150,0]"
CSI_DATA,9036,d8:b1:90:d9:de:f0,-38,9,-99,-36,39,104,648634299,108,0,106,0,"[80,0,3,1,170,0,58,1,220,0,37,1,213,0,-37,0,167,0,-106,0,74,0,-145,0,-17,26,-172,0,-120,26,-154,0,-224,26,-124,0,183,26,-108,0,206,26,-115,0,-183,26,-177,0,-90,26,158,0,0,0,0,0,33,0,-135,26,32,0,119,26,-39,26,-42,24,-113,26,-124,24,-158,26,-103,24,-151,26,-17,24,-113,26,110,26,-21,26,213,26,83,0,-172,26,206,0,-168,26,-140,0,-224,26,-104,0,165,26,-199,0]"
CSI_DATA,9037,d8:b1:90:d9:de:f0,-42,9,-99,-36,43,104,648843012,98,0,106,0,"[60,16,-33,0,16,16,11,1,21,16,6,1,58,16,-53,0,104,16,-125,0,-126,16,80,0,-66,16,-6,16,4,0,-107,16,79,0,92,16,126,0,37,16,-142,0,30,16,125,0,68,16,77,0,-131,16,0,0,0,0,-38,16,61,0,-97,16,-104,0,-131,16,-16,0,140,16,35,1,-133,16,26,1,-97,16,-42,0,-56,16,-142,0,-20,16,47,0,16,0,-47,16,37,0,-141,16,43,0,58,16,17,0,16,16,-25,16]"
CSI_DATA,9038,d8:b1:90:d9:de:f0,-47,11,-99,-38,49,104,649051466,277,0,106,0,"[-24,8,-60,8,-57,8,-59,8,-55,8,-45,8,-30,8,-32,8,11,8,-25,8,54,8,-20,8,-50,8,-20,8,2,0,-26,8,58,0,-33,8,-50,0,-39,8,-24,0,-39,8,-15,0,-26,8,-24,0,-3,8,0,0,0,0,-53,0,50,0,-58,0,-57,0,-58,0,-15,0,-63,0,13,0,-67,0,18,0,75,0,2,0,66,0,-35,0,53,0,-73,0,35,0,36,0,7,0,-5,8,-26,8,-38,8,-61,8,-63,8,64,8]"
CSI_DATA,9039,d8:b1:90:d9:de:f0,-46,9,-99,-40,49,104,649051929,130,0,106,0,"[6,0,-42,8,-8,9,-73,8,-24,9,-70,8,-34,9,-37,8,-32,9,6,9,-21,9,54,9,-2,9,-60,9,27,0,-13,9,61,0,36,0,-65,0,76,0,-50,0,-59,0,-58,0,-52,0,-80,0,-54,0,0,0,0,0,25,0,-43,0,-24,9,-21,0,-58,9,11,0,-80,9,29,0,79,9,31,0,-66,9,13,0,-41,9,-20,0,-18,9,-61,0,0,9,51,0,8,0,3,0,4,0,-51,9,-10,9,66,9,-35,9]"
CSI_DATA,9040,d8:b1:90:d9:de:f0,-47,9,-99,-38,49,104,649052073,113,0,106,0,"[-11,8,61,8,-44,8,61,8,-46,8,-72,8,-23,8,-51,8,13,8,-33,8,55,8,-23,8,-50,8,-21,8,2,0,-25,8,54,0,-36,8,-53,0,-48,8,-26,0,-53,8,-22,0,-49,8,-28,0,-29,8,0,0,0,0,-42,0,25,0,-38,0,64,0,-24,0,-50,0,-13,0,-23,0,-11,0,-23,0,-22,0,-40,0,-42,0,-75,0,-70,0,44,0,47,0,13,0,4,0,-8,8,-42,8,-21,8,64,8,-20,8,42,8]"
CSI_DATA,9041,d8:b1:90:d9:de:f0,-49,9,-99,-40,51,104,649260845,98,0,106,0,"[27,7,-32,7,27,7,-54,7,34,7,-63,7,40,7,-57,7,49,7,-43,7,52,7,-21,7,51,7,10,0,45,7,47,0,37,7,-43,0,35,7,-1,0,36,7,17,0,39,7,20,0,42,7,1,0,0,0,0,0,38,7,-32,0,31,7,61,0,19,7,34,0,10,7,7,0,10,7,-11,7,15,7,-20,7,23,7,-15,7,28,7,-6,7,33,7,14,0,38,7,35,0,43,7,59,0,54,7,-45,0,-51,7]"
CSI_DATA,9042,d8:b1:90:d9:de:f0,-49,9,-99,-37,50,104,649260977,98,0,106,0,"[22,0,-11,0,2,0,-5,0,-11,7,-11,0,-12,7,-23,0,-2,7,-39,0,16,0,-54,0,42,0,61,0,-53,0,50,0,-12,0,37,0,23,0,23,0,44,0,16,0,47,0,12,0,30,0,12,0,0,0,0,0,8,0,33,0,-16,0,61,0,-36,0,-44,0,-56,0,-28,0,59,0,-19,0,53,0,-22,0,47,0,-30,0,51,0,-44,0,63,0,-57,0,-54,0,58,0,-34,0,41,0,-19,0,17,0,-20,0]"
CSI_DATA,9043,d8:b1:90:d9:de:f0,-50,9,-99,-34,51,104,649316687,124,0,106,0,"[50,0,18,6,-52,0,25,6,52,0,35,6,43,0,42,6,28,0,43,6,14,0,37,6,0,6,24,6,-15,6,7,6,-28,6,-9,5,-35,6,-21,5,-33,6,-21,5,-27,6,-15,5,-17,6,2,6,0,0,0,0,0,6,18,6,17,0,26,6,30,0,22,6,40,0,21,6,45,0,19,6,49,0,16,6,48,0,16,6,45,0,16,6,48,0,15,6,48,0,9,6,50,0,10,6,51,0,17,6,46,0]"
CSI_DATA,9044,d8:b1:90:d9:de:f0,-50,9,-99,-36,52,104,649330085,113,0,106,0,"[36,5,37,5,50,5,34,5,-41,5,39,5,-35,5,44,5,-38,5,-48,5,-47,5,-43,5,39,5,-38,5,19,5,-38,5,0,5,-41,5,-14,5,-41,5,-17,5,-44,5,-9,5,-43,5,4,5,-37,5,0,0,0,0,18,5,-48,5,37,5,44,5,46,5,30,5,-47,5,19,5,-40,5,14,5,-36,5,8,5,-30,5,7,5,-25,5,9,5,-23,5,5,5,-25,5,5,5,-25,5,5,5,-23,5,11,5,-23,5]"
CSI_DATA,9045,d8:b1:90:d9:de:f0,-53,11,-99,-39,55,104,649469263,277,0,106,0,"[4,0,7,0,-6,4,-4,0,-12,4,-21,0,-11,4,-38,0,0,4,24,0,13,0,13,0,31,0,5,0,-22,0,1,0,0,0,7,0,19,0,14,0,25,0,28,0,21,0,-38,0,9,0,-31,0,0,0,0,0,-2,0,-14,0,-19,0,-3,0,-25,0,0,0,-29,0,-4,0,-32,0,-16,0,-33,0,-29,0,-31,0,35,0,-29,0,22,0,-26,0,14,0,-22,0,9,0,-19,0,6,0,-22,0,12,0,-27,0]"
CSI_DATA,9046,d8:b1:90:d9:de:f0,-54,9,-99,-36,55,104,649469753,321,0,106,0,"[-7,3,-9,4,6,4,-14,4,22,4,-17,4,-35,4,-13,4,-21,4,-2,4,-13,4,11,0,-6,4,29,0,-1,4,-21,0,-3,4,0,0,-10,4,19,0,-21,4,25,0,-30,4,21,0,-35,4,11,0,0,0,0,0,24,4,6,0,18,4,-4,0,10,4,-9,0,15,4,-15,0,26,4,-19,0,-32,4,-20,0,-18,4,-21,0,-4,4,-23,0,3,0,-21,0,12,0,-19,0,15,0,-17,0,12,0,-18,0,6,0]"
CSI_DATA,9047,d8:b1:90:d9:de:f0,-54,9,-99,-38,55,104,649469966,321,0,106,0,"[-4,4,11,0,5,4,2,0,20,4,-3,4,34,4,-2,4,-23,4,3,0,-9,4,16,0,3,0,32,0,15,0,-23,0,21,0,-2,0,25,0,20,0,20,0,28,0,9,0,29,0,0,4,20,0,0,0,0,0,-11,4,20,0,-23,4,11,0,-28,4,13,0,-25,4,4,0,-15,4,-2,0,-5,4,-11,0,7,0,-20,0,20,0,-27,0,30,0,-31,0,-36,0,-35,0,-33,0,-35,0,-36,0,-34,0,33,0]"
CSI_DATA,9048,d8:b1:90:d9:de:f0,-54,9,-99,-37,55,104,649470161,321,0,106,0,"[-18,4,-11,4,-6,4,0,4,2,0,14,4,3,0,32,4,0,0,-21,4,-9,4,-5,4,-24,4,13,0,33,4,27,0,12,4,-34,0,-7,4,-25,0,-21,4,-29,0,-24,4,35,0,-17,4,23,0,0,0,0,0,-22,4,14,0,-15,4,-1,4,-18,4,-7,4,-6,4,-6,4,3,4,0,0,15,4,12,0,28,4,21,0,-35,4,31,0,-29,4,-33,0,-22,4,-26,0,-21,4,-20,0,-21,4,-22,0,-24,4]"
CSI_DATA,9049,d8:b1:90:d9:de:f0,-54,9,-99,-39,56,104,649470329,321,0,106,0,"[-20,0,11,4,-20,0,25,4,-26,0,-30,4,32,0,-21,4,16,0,-14,4,-3,4,-11,4,-23,4,-12,4,22,4,-12,4,3,4,-19,4,-15,3,-27,4,-22,3,33,4,-19,3,26,4,-7,3,24,4,0,0,0,0,-4,3,15,4,9,4,11,4,13,4,7,4,17,4,13,4,18,4,26,4,19,4,-28,4,21,4,-12,4,24,4,3,0,24,4,13,0,24,4,24,0,24,4,28,0,26,4,25,0,27,4]"
CSI_DATA,9050,d8:b1:90:d9:de:f0,-56,11,-99,-44,58,104,649503636,100,0,228,0,"[-3,4,-3,4,-2,5,-2,5,-1,4,-1,4,0,4,31,18,0,3,0,2,0,1,0,1,0,0,0,0,0,-1,0,-2,-1,-3,-1,-4,-1,-5,-1,-6,-2,-6,8,-14,-2,-7,-2,-7,-3,-7,-3,-7,-3,-6,-3,-6,0,0,-3,-5,-3,-5,-3,-4,-3,-4,-3,-3,-3,-3,13,3,-3,-3,-3,-2,-3,-2,-2,-2,-2,-2,-1,-2,-1,-2,0,-2,0,-2,0,-2,1,-2,1,-2,2,-3,23,0,2,-2,2,-3,2,-2,2,-2,2,-2,1,-2,1,-2,-5,7,1,10,8,7,11,0,7,-7,0,-10,-6,-6,-8,4,-4,5,1,6,5,3,5,-1,1,-4,-2,-3,-4,0,-2,3,0,4,3,2,3,0,1,-2,0,-2,-3,-8,-1,0,0,0,-1,0,-1,0,-1,2,0,3,0,0,4,0,2,-4,-1,-5,-4,-3,-5,1,-3,5,-2,2,5,3,5,-1,2,-4,-2,-4,-4,-1,-3,2,0,4,2,3,4,0,2,-2,0,-4,-2,-3,-4,0,-1,-1,-1,3,0,4,2,3,4,1,4,-1,2,-3,0,-3]"
CSI_DATA,9051,d8:b1:90:d9:de:f0,-46,9,-99,-39,48,104,649678643,130,0,106,0,"[-35,0,8,10,-43,0,-26,9,-71,0,-33,9,76,0,-14,9,55,0,18,10,55,0,55,10,63,0,86,10,-86,0,-61,10,-55,0,-42,10,-37,0,-36,10,-42,0,-34,10,-70,0,-22,10,74,0,0,0,0,0,0,0,26,0,-85,0,41,0,-26,0,71,0,13,0,-70,0,20,0,-53,0,-4,0,-63,0,-48,0,79,0,-88,0,37,0,67,0,-2,10,66,0,-27,10,87,0,-37,10,-61,0,-19,10,-50,0,11,0]"
CSI_DATA,9052,d8:b1:90:d9:de:f0,-41,11,-99,-38,43,104,649887061,277,0,106,0,"[-53,16,41,0,-84,16,120,0,-46,16,-139,0,17,17,-136,0,70,17,139,0,93,17,83,0,91,17,28,0,61,17,-17,17,26,17,-45,17,16,17,-49,17,41,17,-34,17,117,17,-19,17,-97,17,-29,17,0,0,0,0,62,0,-139,17,106,0,65,17,112,0,-22,16,80,0,-74,16,41,0,-66,16,17,0,-8,16,19,0,64,17,40,0,124,17,80,0,-140,17,122,0,-137,17,-150,0,150,17,-147,0,140,17,115,0]"
CSI_DATA,9053,d8:b1:90:d9:de:f0,-41,9,-99,-37,43,104,649887523,120,0,106,0,"[-62,16,-18,17,-109,16,30,0,-87,16,64,0,-28,16,66,0,39,17,30,0,79,17,-13,17,113,17,-78,17,127,17,-145,17,128,17,86,17,129,17,65,17,146,17,93,17,-105,17,-139,17,-34,17,-70,17,0,0,0,0,-147,0,33,0,-38,0,50,0,48,1,42,0,85,1,17,0,69,1,-2,17,9,1,-1,17,-70,0,16,0,-133,0,57,0,118,0,100,0,90,0,146,0,83,0,-107,0,93,0,-92,0,93,0]"
CSI_DATA,9054,d8:b1:90:d9:de:f0,-41,9,-99,-38,43,104,649887672,120,0,106,0,"[53,1,-30,17,98,1,-85,17,73,1,-109,17,14,1,-102,17,-43,0,-61,17,-78,0,-10,17,-99,0,58,0,-104,0,128,0,-98,0,-120,0,-102,0,-97,0,-130,0,-115,0,122,0,143,0,40,0,92,0,0,0,0,0,-152,17,23,0,45,17,28,0,-35,16,47,0,-70,16,71,0,-55,16,82,0,3,17,66,0,73,17,26,0,125,17,-13,17,-144,17,-67,17,-133,17,-118,17,-136,17,140,17,-144,17,129,17,-130,17]"
CSI_DATA,9055,d8:b1:90:d9:de:f0,-40,9,-99,-37,42,104,649887776,120,0,106,0,"[88,19,25,19,15,19,15,19,3,19,50,19,49,19,102,19,115,19,136,19,-142,19,133,19,-75,19,110,19,-10,19,69,19,38,0,23,19,55,0,11,19,57,0,49,19,50,0,121,19,54,0,-95,19,0,0,0,0,117,0,108,0,-136,0,-121,0,-58,0,-75,0,-9,0,-60,0,-16,0,-80,0,-68,0,-119,0,-151,0,-152,0,108,0,-164,0,41,0,-160,0,-6,19,-133,0,-40,19,-99,0,-45,19,-86,0,-24,19]"
CSI_DATA,9056,d8:b1:90:d9:de:f0,-41,9,-99,-34,42,104,649887925,224,0,106,0,"[-62,0,-39,0,7,1,-35,0,13,1,-73,0,-27,0,-111,0,-89,0,-140,0,-150,0,-136,0,93,0,-109,0,39,0,-65,0,0,0,-19,0,-11,17,-9,0,-19,17,-42,0,-15,17,-114,0,-32,17,89,0,0,0,0,0,-123,17,-89,17,97,17,148,17,15,17,112,17,-32,16,109,17,-23,16,134,17,27,17,-139,17,105,17,-124,17,-133,17,-124,17,-79,17,-142,17,-33,17,125,17,-14,17,90,17,-16,17,74,17,-28,17]"
CSI_DATA,9057,d8:b1:90:d9:de:f0,-38,9,-99,-35,40,104,650096431,108,0,106,0,"[-167,0,66,1,-72,0,18,1,-67,0,-67,0,-110,0,-138,0,-178,0,-170,0,172,0,-169,0,129,0,-135,0,120,0,-87,0,123,0,-64,0,118,0,-78,0,84,0,-130,0,9,0,194,0,-83,23,138,0,0,0,0,0,129,23,-184,0,56,23,-98,0,38,23,4,1,95,23,43,1,167,23,26,1,-158,23,-52,0,-137,23,-152,0,-152,23,169,0,-192,23,129,0,157,23,127,0,135,23,146,0,155,23,186,0,-166,23]"
CSI_DATA,9058,d8:b1:90:d9:de:f0,-39,9,-99,-37,41,104,650096594,124,0,106,0,"[173,21,-63,20,72,21,-17,20,63,21,69,21,103,21,146,21,167,21,181,21,-146,21,170,21,-120,21,132,21,-119,21,98,21,-125,21,74,21,-125,21,93,21,-94,21,143,21,-24,21,-170,21,69,0,-136,21,0,0,0,0,-135,0,152,21,-79,0,62,21,-95,0,-37,20,-155,0,-75,20,154,0,-47,20,107,0,37,21,90,0,129,21,111,0,-175,21,154,0,-142,21,-177,0,-159,21,-162,0,-184,21,-186,0,164,21,119,0]"
CSI_DATA,9059,d8:b1:90:d9:de:f0,-40,9,-99,-36,42,104,650305321,101,0,106,0,"[-27,0,70,18,-42,0,15,18,-93,0,20,18,-132,0,73,18,-151,0,127,18,-139,0,-134,18,-112,0,-90,18,-64,0,-54,18,-22,0,-21,18,-17,0,-13,18,-50,0,2,0,-114,0,30,0,127,0,79,0,0,0,0,0,45,0,-107,0,31,0,-16,0,49,0,49,1,70,0,66,1,74,0,40,1,51,0,-30,0,11,0,-94,0,-49,18,-138,0,-98,18,-152,0,-143,18,-142,0,146,18,-119,0,154,18,-107,0,-124,18]"
CSI_DATA,9060,d8:b1:90:d9:de:f0,-41,9,-99,-33,42,104,650305480,98,0,106,0,"[113,17,-20,16,49,17,-6,16,43,17,43,17,83,17,97,17,138,17,121,17,-101,17,116,17,-46,17,92,17,-11,17,50,17,9,0,11,17,12,0,9,17,21,0,42,17,38,0,107,17,81,0,-113,17,0,0,0,0,-85,0,-18,17,0,1,-13,17,56,1,-33,17,79,1,-56,17,47,1,-61,17,-18,0,-47,17,-87,0,-4,17,-124,0,40,0,-142,0,91,0,-131,0,136,0,-103,0,-132,0,-85,0,-145,0,-114,0]"
CSI_DATA,9061,d8:b1:90:d9:de:f0,-41,9,-99,-35,43,104,650305612,98,0,106,0,"[74,16,-3,0,107,16,45,1,-117,16,32,1,-90,16,-18,0,-88,16,-80,0,-112,16,-124,0,128,16,127,0,78,16,114,0,37,16,107,0,34,16,109,0,63,16,94,0,109,16,47,0,-128,16,-19,16,0,0,0,0,-106,16,112,16,135,16,39,16,87,16,7,16,57,16,7,16,66,16,39,16,111,16,79,16,-109,16,115,16,-49,16,122,16,-5,16,110,16,19,0,79,16,30,0,44,16,10,0,38,16,-15,16]"
CSI_DATA,9062,d8:b1:90:d9:de:f0,-38,11,-99,-33,39,104,650503981,100,0,114,0,"[35,-26,39,-24,42,-24,47,-24,47,-22,45,-22,44,-22,42,-21,39,-19,37,-19,37,-19,35,-21,35,-21,37,-22,37,-26,37,-29,40,-30,39,-32,40,-35,39,-35,40,-39,39,-39,37,-39,37,-40,35,-37,34,-39,32,-39,30,-37,0,0,29,-39,29,-39,29,-40,29,-42,27,-44,27,-45,26,-45,26,-45,22,-45,21,-44,19,-44,16,-42,14,-40,13,-40,11,-37,9,-37,8,-35,8,-37,6,-37,8,-39,6,-40,8,-42,6,-42,6,-44,8,-42,8,-42,9,-39,9,-35]"
CSI_DATA,9063,d8:b1:90:d9:de:f0,-40,11,-99,-34,41,104,650513757,277,0,106,0,"[124,0,65,1,-144,0,64,1,-129,0,6,1,-162,0,-60,0,128,0,-106,0,58,0,-114,0,-5,20,-98,0,-53,20,-70,0,-92,20,-38,0,-97,20,-41,0,-96,20,-88,0,-101,20,-169,0,-128,20,74,0,0,0,0,0,101,20,-62,20,6,20,-104,20,-70,18,-98,20,-94,18,-72,20,-60,18,-50,20,17,20,-44,20,110,20,-58,20,-165,20,-93,20,-120,20,-138,20,-117,20,145,20,-136,20,105,20,-160,20,106,20,-160,20]"
CSI_DATA,9064,d8:b1:90:d9:de:f0,-40,9,-99,-34,41,104,650514237,130,0,106,0,"[-56,20,76,1,17,0,105,1,64,0,56,1,65,0,-20,0,32,0,-88,0,-18,20,-116,0,-80,20,-118,0,-138,20,-96,0,169,20,-72,0,169,20,-68,0,-144,20,-109,0,-122,20,158,0,-132,20,60,0,0,0,0,0,106,20,-94,20,16,20,-128,20,-60,18,-125,20,-89,18,-85,20,-54,18,-42,20,26,20,-28,20,121,20,-40,20,-158,20,-78,20,-121,20,-134,20,-125,20,149,20,-162,20,110,20,140,20,129,20,146,20]"
CSI_DATA,9065,d8:b1:90:d9:de:f0,-40,9,-99,-33,41,104,650514381,98,0,106,0,"[-10,0,-69,0,51,1,-115,0,36,1,146,0,-27,0,111,0,-95,0,104,0,-146,0,125,0,150,0,-152,0,149,0,-98,0,152,0,-51,0,151,0,-51,0,134,0,-89,0,80,0,-138,0,-7,19,159,0,0,0,0,0,152,19,-160,0,89,19,-91,0,60,19,-25,0,80,19,12,1,125,19,5,1,-159,19,-62,0,-129,19,-141,0,-142,19,114,0,159,19,59,0,111,19,45,0,63,19,64,0,63,19,107,0,128,19]"
CSI_DATA,9066,d8:b1:90:d9:de:f0,-40,9,-99,-34,41,104,650723136,98,0,106,0,"[-18,20,-80,18,-62,20,-114,18,-84,20,-69,18,-64,20,4,20,-26,20,68,20,38,0,116,20,106,0,145,20,-160,0,153,20,-98,0,161,20,-77,0,168,20,-106,0,-141,20,-162,0,-70,20,105,0,18,0,0,0,0,0,48,0,-124,0,50,0,0,1,93,0,74,1,120,0,96,1,122,0,57,1,88,0,-28,0,30,0,-116,0,-41,20,-170,0,-106,20,136,0,164,20,136,0,117,20,153,0,124,20,-168,0,-156,20]"
CSI_DATA,9067,d8:b1:90:d9:de:f0,-40,11,-99,-37,42,104,651140453,277,0,106,0,"[24,19,-58,0,47,19,-5,0,97,19,-6,0,139,19,-57,0,159,19,-115,0,151,19,147,0,136,19,93,0,91,19,42,0,53,19,10,0,45,19,-12,19,80,19,-27,19,147,19,-46,19,-103,19,-90,19,0,0,0,0,14,0,106,19,31,0,3,19,31,0,-67,18,9,0,-94,18,-9,19,-59,18,-2,19,12,19,20,0,97,19,62,0,163,19,121,0,-136,19,-152,0,-128,19,-115,0,-146,19,-117,0,-161,19,159,0]"
CSI_DATA,9068,d8:b1:90:d9:de:f0,-41,9,-99,-35,42,104,651140916,1193,0,106,0,"[22,18,48,18,-42,17,81,18,-39,17,140,18,14,18,-128,18,80,18,-111,18,133,18,-116,18,-135,18,-150,18,-103,18,113,18,-90,18,66,18,-85,18,57,18,-62,18,86,18,-29,18,149,18,34,0,-108,18,0,0,0,0,-102,0,-63,18,-11,0,-95,18,48,1,-148,18,55,1,117,18,3,1,102,18,-67,0,135,18,-127,0,-108,18,-155,0,-45,18,-151,0,14,0,-121,0,63,0,-77,0,77,0,-59,0,45,0,-107,0]"
CSI_DATA,9069,d8:b1:90:d9:de:f0,-40,9,-99,-32,41,104,651141393,124,0,106,0,"[-80,0,1,18,-120,0,-64,17,133,0,-56,17,86,0,5,18,79,0,61,18,91,0,114,18,128,0,148,18,-140,0,-159,18,-98,0,-156,18,-90,0,-154,18,-112,0,-138,18,-153,0,-88,18,134,0,-7,18,0,0,0,0,-154,0,-161,0,-86,0,-91,0,-21,0,-74,0,32,1,-91,0,26,1,-142,0,-36,0,129,0,-125,0,104,0,127,0,122,0,84,0,149,0,69,0,-123,0,85,0,-81,0,115,0,-88,0,125,0]"
CSI_DATA,9070,d8:b1:90:d9:de:f0,-40,9,-99,-36,42,104,651349841,98,0,106,0,"[17,0,-64,17,-55,18,-89,17,-105,18,-50,17,-112,18,20,18,-81,18,76,18,-42,18,108,18,7,0,108,18,49,0,89,18,83,0,64,18,88,0,54,18,80,0,85,18,75,0,153,18,91,0,-90,18,0,0,0,0,-86,0,8,0,3,1,13,0,75,1,-15,18,91,1,-67,18,50,1,-107,18,-30,0,-95,18,-107,0,-57,18,-157,0,-1,18,159,0,57,0,-133,0,100,0,-93,0,117,0,-67,0,93,0,-103,0]"
CSI_DATA,9071,d8:b1:90:d9:de:f0,-40,9,-99,-34,41,104,651349982,1187,0,106,0,"[117,0,-44,18,52,0,-89,18,2,0,-62,18,-20,20,0,20,-12,20,60,20,21,0,94,20,66,0,112,20,120,0,98,20,158,0,77,20,164,0,73,20,149,0,106,20,137,0,-170,20,144,0,-81,20,0,0,0,0,-102,0,37,0,-2,0,53,0,70,1,30,0,97,1,-8,20,60,1,-41,20,-22,0,-42,20,-100,0,-16,20,-153,0,30,0,-165,0,81,0,-150,0,133,0,-106,0,158,0,-81,0,130,0,-106,0]"
CSI_DATA,9072,d8:b1:90:d9:de:f0,-40,9,-99,-36,42,104,651350505,98,0,106,0,"[124,18,-10,17,71,18,-7,17,69,18,37,18,108,18,81,18,-156,18,114,18,-93,18,125,18,-36,18,108,18,23,0,78,18,59,0,51,18,89,0,52,18,91,0,90,18,100,0,-156,18,119,0,-69,18,0,0,0,0,-113,0,90,0,-26,0,132,0,42,1,159,0,70,1,147,0,40,1,125,0,-32,0,105,0,-127,0,103,0,123,0,118,0,62,0,158,0,37,0,-110,0,31,0,-66,0,54,0,-59,0,66,0]"
CSI_DATA,9073,d8:b1:90:d9:de:f0,-41,9,-99,-34,42,104,651350628,130,0,106,0,"[60,1,-21,17,82,1,-74,17,41,1,-95,17,-15,0,-84,17,-61,0,-46,17,-91,0,2,0,-108,0,57,0,-99,0,118,0,-92,0,-142,0,-102,0,-123,0,-141,0,-135,0,105,0,141,0,14,0,127,0,0,0,0,0,149,17,-149,0,80,17,-96,0,42,17,-36,0,40,17,-4,0,74,17,-23,0,115,17,-83,0,147,17,144,0,-147,17,74,0,139,17,9,0,102,17,-30,17,60,17,-43,17,47,17,-32,17,87,17]"
CSI_DATA,9074,d8:b1:90:d9:de:f0,-40,9,-99,-36,42,104,651350763,113,0,106,0,"[-52,17,81,0,-67,17,137,0,-22,17,151,0,32,18,135,0,74,18,94,0,104,18,37,0,104,18,-20,18,86,18,-85,18,70,18,-123,18,76,18,-140,18,115,18,-135,18,-135,18,-125,18,-49,18,-127,18,0,0,0,0,117,0,122,18,-146,0,52,18,-122,0,-17,17,-130,0,-55,17,157,0,-28,17,124,0,42,18,118,0,134,18,124,0,-119,18,-158,0,-57,18,-107,0,-33,18,-64,0,-27,18,-56,0,-51,18,-104,0]"
CSI_DATA,9075,d8:b1:90:d9:de:f0,-42,11,-99,-35,44,104,651503950,100,0,228,0,"[9,17,8,22,7,25,5,28,3,29,0,28,0,27,120,71,-1,24,-1,22,-2,19,-1,19,0,17,0,17,1,17,2,17,3,18,4,19,5,19,5,20,5,19,34,-57,4,16,4,14,4,11,5,8,5,6,7,4,0,0,13,0,16,0,18,0,22,0,25,1,27,1,44,0,28,6,27,7,26,8,23,8,20,7,18,6,15,4,14,3,13,1,13,0,13,0,13,-2,14,-2,-82,0,17,-2,18,-1,18,0,17,0,15,1,11,2,8,1,-12,3,-5,11,4,11,10,3,9,-6,0,-11,-9,-7,-14,30,-5,13,5,15,16,6,18,-6,9,-19,-6,-22,-21,-13,-26,4,-16,22,3,28,21,17,27,-1,16,-19,2,-5,-17,-13,-20,4,-9,17,6,18,17,6,17,-8,0,0,-8,-17,-18,-6,-17,7,-6,17,6,15,13,5,38,0,0,-9,-6,-3,-6,3,0,9,9,6,13,-3,7,-13,-3,-17,-15,-9,-20,1,-13,15,0,21,14,16,37,0,16,-10,3,-18,-8,-14,-14,-2,-10,8,0,12,8,7]"
CSI_DATA,9076,d8:b1:90:d9:de:f0,-40,11,-99,-38,42,104,651558250,277,0,106,0,"[-16,18,128,20,-73,18,-153,20,-54,18,-86,20,4,20,-45,20,68,20,-46,20,113,20,-64,20,141,20,-106,20,134,20,-153,20,124,20,150,20,126,20,152,20,157,20,-165,20,-112,20,-134,20,-26,20,-125,20,0,0,0,0,120,0,118,20,158,0,28,20,145,0,-62,18,100,0,-97,18,41,0,-65,18,14,0,12,20,18,0,101,20,49,0,168,20,98,0,-141,20,149,0,-145,20,-164,0,166,20,154,0,136,20,104,0]"
CSI_DATA,9077,d8:b1:90:d9:de:f0,-39,9,-99,-36,41,104,651558695,352,0,106,0,"[-159,0,26,1,-72,0,4,1,-48,0,-69,0,-79,0,-145,0,-135,0,176,0,176,0,175,0,142,0,-161,0,125,0,-111,0,129,0,-64,0,138,0,-70,0,127,0,-110,0,79,0,-166,0,-7,21,145,0,0,0,0,0,-170,21,-165,0,128,21,-70,0,131,21,21,1,-176,21,69,1,-111,21,50,1,-59,21,-25,0,-52,21,-120,0,-83,21,169,0,-125,21,135,0,-176,21,142,0,153,21,-177,0,176,21,-135,0,-114,21]"
CSI_DATA,9078,d8:b1:90:d9:de:f0,-40,9,-99,-36,42,104,651767639,113,0,106,0,"[-28,0,70,18,-52,0,3,18,-107,0,1,18,-151,0,45,18,148,0,114,18,156,0,-146,18,-129,0,-98,18,-81,0,-65,18,-36,0,-50,18,-30,0,-45,18,-66,0,-27,18,-138,0,6,0,108,0,65,0,0,0,0,0,42,0,-98,0,55,0,-2,0,94,0,60,1,125,0,66,1,130,0,23,1,99,0,-45,0,46,0,-112,0,-17,18,-148,0,-71,18,-151,0,-119,18,-127,0,-137,18,-98,0,-113,18,-83,0,-66,18]"
CSI_DATA,9079,d8:b1:90:d9:de:f0,-41,11,-99,-35,42,104,652184946,277,0,106,0,"[-11,18,-69,17,-94,18,-86,17,-140,18,-45,17,-141,18,26,18,-114,18,80,18,-69,18,116,18,-20,18,111,18,18,0,89,18,47,0,64,18,52,0,63,18,48,0,94,18,52,0,-150,18,85,0,-73,18,0,0,0,0,-84,0,22,0,13,1,13,0,74,1,-34,18,92,1,-88,18,45,1,-118,18,-34,0,-113,18,-112,0,-70,18,154,0,-3,18,144,0,42,0,-141,0,89,0,-96,0,105,0,-86,0,77,0,-118,0]"
CSI_DATA,9080,d8:b1:90:d9:de:f0,-40,9,-99,-36,42,104,652185436,98,0,106,0,"[-108,0,-13,17,-130,0,-65,17,146,0,-52,17,120,0,10,18,115,0,74,18,129,0,140,18,-153,0,-123,18,-105,0,-83,18,-61,0,-49,18,-56,0,-25,18,-88,0,0,0,-158,0,32,0,78,0,83,0,0,0,0,0,-33,18,-89,0,-56,18,8,1,-54,18,84,1,-33,18,112,1,-17,18,70,1,-16,18,-13,0,-42,18,-108,0,-78,18,143,0,-132,18,94,0,129,18,71,0,89,18,80,0,88,18,95,0,138,18]"
CSI_DATA,9081,d8:b1:90:d9:de:f0,-41,9,-99,-34,42,104,652185541,130,0,106,0,"[-51,16,144,0,-59,16,-104,0,-15,16,-91,0,39,17,-123,0,84,17,134,0,108,17,68,0,102,17,10,0,82,17,-47,17,74,17,-91,17,80,17,-112,17,112,17,-114,17,-118,17,-106,17,-21,17,-112,17,0,0,0,0,147,0,130,17,-92,0,54,17,-65,0,-5,16,-77,0,-36,16,-105,0,-10,16,-143,0,57,17,134,0,139,17,133,0,-82,17,150,0,-15,17,-111,0,20,0,-68,0,34,0,-62,0,23,0,-105,0]"
CSI_DATA,9082,d8:b1:90:d9:de:f0,-40,9,-99,-36,42,104,652185694,101,0,106,0,"[42,18,35,18,-13,17,56,18,-12,17,109,18,39,18,147,18,99,18,-158,18,-157,18,-159,18,-98,18,135,18,-52,18,94,18,-18,18,55,18,5,0,52,18,20,0,86,18,44,0,159,18,89,0,-79,18,0,0,0,0,-88,0,49,0,5,1,61,0,83,1,59,0,114,1,36,0,71,1,7,0,-10,0,16,0,-100,0,33,0,149,0,75,0,100,0,129,0,89,0,-137,0,98,0,-93,0,115,0,-98,0,110,0]"
CSI_DATA,9083,d8:b1:90:d9:de:f0,-40,9,-99,-34,41,104,652394299,266,0,106,0,"[-33,0,-57,0,49,1,-94,0,57,1,-162,0,2,1,122,0,-69,0,88,0,-145,0,98,0,133,0,133,0,82,0,-146,0,60,0,-93,0,49,0,-66,0,48,0,-85,0,20,0,-150,0,-40,20,113,0,0,0,0,0,114,20,22,0,1,20,40,0,-73,18,93,0,-97,18,153,0,-45,18,-157,0,52,20,162,0,142,20,102,0,-140,20,22,0,-122,20,-57,20,-149,20,-121,20,141,20,-160,20,113,20,-144,20,126,20]"
CSI_DATA,9084,d8:b1:90:d9:de:f0,-39,9,-99,-36,41,104,652394514,246,0,106,0,"[42,1,175,21,52,1,79,21,-19,0,36,21,-98,0,67,21,-156,0,128,21,168,0,-169,21,179,0,-90,21,-137,0,-26,21,-79,0,26,0,-55,0,35,0,-80,0,32,0,-149,0,40,0,108,0,76,0,0,0,0,0,-31,21,-129,0,-42,21,5,1,-4,21,97,1,57,0,129,1,105,0,81,1,110,0,-25,0,67,0,-132,0,-2,21,161,0,-77,21,127,0,-155,21,142,0,155,21,-179,0,177,21,-128,0,-113,21]"
CSI_DATA,9085,d8:b1:90:d9:de:f0,-38,11,-99,-36,40,104,652504001,100,0,114,0,"[11,-41,15,-42,17,-45,22,-45,25,-47,25,-44,25,-42,23,-39,22,-38,23,-38,22,-36,22,-36,20,-36,20,-38,22,-39,20,-41,22,-44,22,-45,23,-47,23,-47,20,-47,22,-49,22,-47,20,-47,20,-45,19,-45,19,-44,19,-42,0,0,19,-44,19,-45,20,-44,19,-45,19,-47,20,-47,19,-47,19,-49,17,-45,15,-44,15,-44,14,-41,12,-41,12,-38,11,-38,7,-36,9,-34,7,-34,7,-36,9,-36,9,-36,9,-38,9,-39,11,-41,12,-39,14,-38,14,-36,15,-33]"
CSI_DATA,9086,d8:b1:90:d9:de:f0,-40,9,-99,-34,41,104,652603206,124,0,106,0,"[42,0,-90,18,-42,20,-126,18,-101,20,-84,18,-108,20,4,20,-88,20,77,20,-42,20,121,20,17,0,130,20,82,0,113,20,126,0,85,20,129,0,80,20,110,0,112,20,94,0,-154,20,112,0,-56,20,0,0,0,0,-102,0,94,0,4,1,114,0,80,1,89,0,112,1,32,0,72,1,-20,20,-24,0,-33,20,-124,0,-5,20,149,0,46,0,118,0,101,0,128,0,158,0,162,0,-144,0,-150,0,-166,0,-162,0]"
CSI_DATA,9087,d8:b1:90:d9:de:f0,-40,11,-99,-35,42,104,652811642,277,0,106,0,"[-14,17,99,18,-77,17,148,18,-64,17,-106,18,-4,17,-67,18,57,18,-53,18,108,18,-77,18,141,18,-117,18,148,18,143,18,146,18,101,18,143,18,96,18,-145,18,121,18,-90,18,-149,18,-2,18,-113,18,0,0,0,0,-155,0,145,18,-89,0,74,18,-74,0,-1,17,-103,0,-40,17,-155,0,-24,17,112,0,42,18,101,0,132,18,116,0,-110,18,150,0,-72,18,-111,0,-64,18,-79,0,-85,18,-84,0,-116,18,-148,0]"
CSI_DATA,9088,d8:b1:90:d9:de:f0,-40,9,-99,-34,41,104,652812141,108,0,106,0,"[-34,20,77,1,56,0,106,1,118,0,56,1,129,0,-21,0,105,0,-81,0,61,0,-116,0,5,0,-113,0,-34,20,-81,0,-54,20,-48,0,-58,20,-44,0,-41,20,-76,0,-50,20,-156,0,-88,20,104,0,0,0,0,0,97,20,16,0,-2,18,52,0,-65,18,112,0,-65,18,169,0,-10,18,-152,0,70,20,162,0,141,20,105,0,166,20,42,0,156,20,-12,20,117,20,-34,20,72,20,-32,20,65,20,4,0,120,20]"
CSI_DATA,9089,d8:b1:90:d9:de:f0,-41,9,-99,-35,42,104,652812277,130,0,106,0,"[-68,17,81,0,-79,17,132,0,-41,17,146,0,18,18,122,0,67,18,75,0,99,18,19,0,112,18,-46,18,102,18,-114,18,89,18,150,18,105,18,130,18,148,18,143,18,-96,18,-140,18,-3,18,-119,18,0,0,0,0,-133,0,-140,18,-50,0,124,18,-8,0,79,18,-2,0,57,18,-41,0,73,18,-89,0,127,18,-130,0,-106,18,-151,0,-28,18,-150,0,35,0,-119,0,86,0,-89,0,110,0,-79,0,92,0,-116,0]"
CSI_DATA,9090,d8:b1:90:d9:de:f0,-41,11,-99,-36,42,104,653229439,277,0,106,0,"[31,18,79,18,-30,17,99,18,-28,17,142,18,23,18,-139,18,84,18,-124,18,143,18,-134,18,-134,18,151,18,-96,18,101,18,-79,18,54,18,-74,18,44,18,-62,18,69,18,-39,18,137,18,22,0,-107,18,0,0,0,0,-123,0,-12,18,-13,0,-17,18,57,1,-50,18,85,1,-98,18,52,1,-123,18,-27,0,-112,18,-110,0,-59,18,-161,0,1,0,146,0,62,0,-157,0,118,0,-122,0,148,0,-94,0,124,0,-125,0]"
CSI_DATA,9091,d8:b1:90:d9:de:f0,-40,9,-99,-38,42,104,653229929,281,0,106,0,"[10,1,165,20,17,1,92,20,-30,0,68,20,-80,0,98,20,-124,0,145,20,-141,0,-150,20,-122,0,-97,20,-88,0,-58,20,-45,0,-29,20,-37,0,-18,20,-69,0,-8,20,-136,0,10,0,112,0,52,0,0,0,0,0,14,0,-141,0,17,0,-26,0,46,0,58,1,92,0,84,1,120,0,54,1,114,0,-26,0,73,0,-104,0,13,0,-152,0,-42,20,-166,0,-89,20,-144,0,-112,20,-110,0,-80,20,-86,0,-34,20]"
CSI_DATA,9092,d8:b1:90:d9:de:f0,-39,9,-99,-37,41,104,653253619,340,0,106,0,"[30,1,-142,0,104,1,171,0,97,1,94,0,21,1,47,0,-52,0,42,0,-114,0,65,0,-146,0,111,0,-151,0,178,0,-138,0,-136,0,-130,0,-135,0,-161,0,-165,0,142,0,167,0,37,0,135,0,0,0,0,0,-151,21,-162,0,149,21,-62,0,145,21,31,1,-184,21,87,1,-125,21,62,1,-81,21,-14,0,-74,21,-122,0,-103,21,173,0,-143,21,127,0,171,21,120,0,130,21,151,0,146,21,183,0,-155,21]"
CSI_DATA,9093,d8:b1:90:d9:de:f0,-39,9,-99,-35,41,104,653253876,320,0,106,0,"[63,1,-107,20,74,1,153,20,21,1,107,20,-57,0,122,20,-118,0,160,20,-146,0,-137,20,-131,0,-87,20,-90,0,-50,20,-50,0,-24,20,-42,0,-27,20,-76,0,-28,20,-138,0,-6,20,129,0,54,0,0,0,0,0,78,0,-130,0,119,0,-19,0,-160,0,34,1,-100,0,23,1,-76,0,-28,0,-109,0,-104,0,167,0,-167,0,86,0,161,0,35,0,170,0,5,0,-130,0,13,0,-83,0,46,0,-89,0,76,0]"
CSI_DATA,9094,d8:b1:90:d9:de:f0,-40,9,-99,-36,42,104,653260212,98,0,106,0,"[74,1,54,0,109,1,11,0,78,1,-22,18,13,1,-27,18,-50,0,-2,18,-99,0,41,0,-133,0,101,0,-142,0,-152,0,-147,0,-100,0,159,0,-80,0,132,0,-104,0,70,0,-148,0,-12,18,129,0,0,0,0,0,132,18,108,0,35,18,133,0,-25,17,-146,0,-35,17,-117,0,3,18,-120,0,64,18,154,0,122,18,93,0,153,18,22,0,159,18,-41,18,143,18,-94,18,113,18,-124,18,96,18,-115,18,130,18]"
CSI_DATA,9095,d8:b1:90:d9:de:f0,-40,9,-99,-35,42,104,653438828,224,0,106,0,"[130,18,-24,17,39,18,-9,17,12,18,59,18,36,18,119,18,92,18,-152,18,133,18,-141,18,-133,18,144,18,-112,18,102,18,-111,18,63,18,-112,18,58,18,-103,18,94,18,-61,18,145,18,12,0,-121,18,0,0,0,0,-132,0,-121,18,-61,0,118,18,-31,0,35,18,-59,0,-13,17,-114,0,-18,17,143,0,36,18,107,0,112,18,111,0,-135,18,139,0,-89,18,-125,0,-78,18,-89,0,-95,18,-96,0,-135,18,154,0]"
CSI_DATA,9096,d8:b1:90:d9:de:f0,-44,11,-99,-33,45,104,653503736,100,0,228,0,"[9,13,11,17,11,20,11,22,9,22,8,22,7,22,101,60,5,18,5,17,6,14,6,13,7,11,8,10,10,10,11,9,13,8,14,8,15,7,15,6,15,7,28,-48,13,5,11,4,10,2,7,0,5,-1,4,-4,0,0,2,-10,2,-13,2,-16,3,-19,4,-22,5,-23,42,0,7,-25,8,-24,8,-22,8,-20,6,-17,4,-16,4,-14,1,-12,0,-10,-1,-10,-4,-10,-4,-10,-6,-11,-77,12,-8,-12,-8,-13,-8,-13,-6,-13,-4,-11,-3,-8,-2,-6,-9,4,-4,10,4,8,9,1,6,-6,-2,-8,-8,-2,-1,27,0,11,10,8,14,-2,9,-13,-2,-17,-15,-12,-21,2,-14,17,2,23,18,14,23,-2,14,-17,-3,-21,-1,-4,-17,4,-5,15,8,13,15,1,11,-10,0,-15,0,0,-16,1,-9,13,1,16,11,9,13,-1,6,-8,4,-34,-6,-1,-2,4,4,4,7,-3,3,-9,-6,-11,-14,-4,-14,8,-5,17,7,17,17,8,19,-5,9,-17,-12,-31,-16,-10,-17,3,-8,13,4,13,11,4,9,-4,1,-9]"
CSI_DATA,9097,d8:b1:90:d9:de:f0,-40,11,-99,-35,41,104,653856136,277,0,106,0,"[-10,0,-100,0,54,1,-127,0,43,1,172,0,-21,0,135,0,-80,0,126,0,-149,0,138,0,153,0,-168,0,118,0,-107,0,94,0,-61,0,85,0,-52,0,75,0,-82,0,38,0,-157,0,-32,20,101,0,0,0,0,0,126,20,0,0,5,20,4,0,-69,19,32,0,-98,19,78,0,-63,19,107,0,23,20,83,0,113,20,34,0,172,20,-28,20,-150,20,-94,20,-170,20,-156,20,148,20,159,20,126,20,-167,20,150,20]"
CSI_DATA,9098,d8:b1:90:d9:de:f0,-41,9,-99,-35,42,104,653856580,130,0,106,0,"[14,18,74,18,-50,17,103,18,-51,17,-151,18,2,18,-114,18,69,18,-100,18,117,18,-106,18,-152,18,-144,18,-125,18,108,18,-123,18,59,18,-125,18,55,18,-101,18,88,18,-64,18,155,18,7,0,-96,18,0,0,0,0,-113,0,-52,18,-15,0,-95,18,45,1,-151,18,51,1,107,18,4,1,94,18,-67,0,125,18,-125,0,-118,18,-149,0,-50,18,-144,0,8,0,-111,0,53,0,-72,0,64,0,-57,0,29,0,-111,0]"
CSI_DATA,9099,d8:b1:90:d9:de:f0,-41,9,-99,-37,43,104,653856706,113,0,106,0,"[-81,17,-55,16,142,17,-72,16,114,17,-30,16,124,17,32,17,-133,17,84,17,-86,17,100,17,-34,17,95,17,12,0,71,17,39,0,39,17,39,0,30,17,35,0,63,17,30,0,136,17,57,0,-69,17,0,0,0,0,-108,0,60,0,-10,0,80,0,71,1,56,0,102,1,16,0,72,1,-24,17,-6,0,-31,17,-88,0,-4,17,-144,0,38,0,129,0,85,0,140,0,138,0,-127,0,-135,0,-98,0,143,0,-124,0]"
CSI_DATA,9100,d8:b1:90:d9:de:f0,-41,9,-99,-36,42,104,653856860,98,0,106,0,"[-98,0,5,18,-143,0,-62,17,109,0,-60,17,71,0,0,18,62,0,60,18,83,0,113,18,123,0,149,18,-149,0,157,18,-100,0,158,18,-94,0,154,18,-129,0,-157,18,138,0,-100,18,90,0,-12,18,0,0,0,0,110,0,-146,0,-147,0,-57,0,-67,0,-23,0,-12,0,-40,0,-6,0,-94,0,-66,0,-152,0,-148,0,128,0,100,0,129,0,47,0,156,0,30,0,-119,0,41,0,-78,0,74,0,-79,0,91,0]"
CSI_DATA,9101,d8:b1:90:d9:de:f0,-41,9,-99,-37,43,104,653857019,252,0,106,0,"[41,17,34,17,-30,16,68,17,-36,16,127,17,2,17,-115,17,62,17,-98,17,110,17,-102,17,-146,17,-140,17,-131,17,109,17,-133,17,70,17,-138,17,64,17,-125,17,100,17,-83,17,-139,17,-3,17,-92,17,0,0,0,0,-117,0,-85,17,-39,0,146,17,-4,0,70,17,-18,0,16,17,-70,0,10,17,-128,0,56,17,129,0,128,17,127,0,-93,17,-143,0,-51,17,-98,0,-30,17,-60,0,-40,17,-66,0,-76,17,-125,0]"
CSI_DATA,9102,d8:b1:90:d9:de:f0,-40,9,-99,-36,42,104,654065497,98,0,106,0,"[-49,17,70,0,-61,17,154,0,-12,17,-130,0,55,18,-140,0,107,18,138,0,123,18,94,0,113,18,44,0,78,18,3,0,37,18,-11,18,31,18,-1,18,71,18,2,0,151,18,-3,18,-86,18,-46,18,0,0,0,0,1,0,114,18,-6,18,8,18,-62,18,-69,17,-119,18,-81,17,-154,18,-30,17,-142,18,51,18,-88,18,123,18,-31,18,159,18,26,0,156,18,66,0,125,18,71,0,80,18,35,0,61,18,-7,18]"
CSI_DATA,9103,d8:b1:90:d9:de:f0,-40,9,-99,-35,41,104,654108857,113,0,106,0,"[59,1,13,0,89,1,-80,20,39,1,-146,20,-39,0,-155,20,-90,0,-130,20,-124,0,-85,20,-118,0,-42,20,-78,0,-10,20,-43,0,2,0,-46,0,-5,20,-83,0,-9,20,-166,0,8,0,101,0,63,0,0,0,0,0,57,0,-120,0,100,0,-21,0,170,0,31,1,-116,0,34,1,-98,0,-24,0,-126,0,-101,0,163,0,-153,0,97,0,170,0,52,0,-160,0,30,0,-118,0,52,0,-78,0,93,0,-87,0,113,0]"
CSI_DATA,9104,d8:b1:90:d9:de:f0,-40,11,-99,-36,42,104,654273933,277,0,106,0,"[-75,0,32,18,-115,0,-37,17,134,0,-44,17,86,0,8,18,71,0,70,18,83,0,122,18,129,0,144,18,-137,0,148,18,-96,0,135,18,-94,0,124,18,-132,0,137,18,148,0,-127,18,119,0,-40,18,0,0,0,0,-161,0,132,0,-74,0,-139,0,7,1,-128,0,56,1,-158,0,41,1,113,0,-22,0,75,0,-105,0,59,0,152,0,84,0,113,0,123,0,115,0,-147,0,144,0,-114,0,-134,0,-133,0,-140,0]"
CSI_DATA,9105,d8:b1:90:d9:de:f0,-40,9,-99,-35,41,104,654274378,101,0,106,0,"[-87,0,-41,0,-26,0,-45,0,-27,0,-83,0,-79,0,-130,0,-142,0,-156,0,133,0,-153,0,69,0,-122,0,10,0,-72,0,-37,20,-31,0,-46,20,-26,0,-52,20,-63,0,-60,20,-144,0,-89,20,96,0,0,0,0,0,142,20,-68,20,45,20,-127,20,-34,19,-141,20,-74,19,-129,20,-42,19,-107,20,34,20,-90,20,129,20,-97,20,-139,20,-123,20,-83,20,-161,20,-56,20,131,20,-57,20,79,20,-75,20,69,20,-91,20]"
CSI_DATA,9106,d8:b1:90:d9:de:f0,-40,9,-99,-36,42,104,654274528,108,0,106,0,"[-42,17,-122,18,-90,17,-86,18,-70,17,-46,18,-8,17,-31,18,51,18,-47,18,105,18,-71,18,144,18,-124,18,156,18,135,18,-153,18,83,18,-144,18,66,18,-117,18,95,18,-67,18,151,18,15,0,-113,18,0,0,0,0,-120,0,-51,18,-23,0,-80,18,46,1,-112,18,65,1,-152,18,30,1,-157,18,-33,0,-129,18,-100,0,-71,18,-143,0,-7,18,-159,0,52,0,-146,0,110,0,-115,0,144,0,-94,0,122,0,-120,0]"
CSI_DATA,9107,d8:b1:90:d9:de:f0,-40,9,-99,-34,41,104,654274646,98,0,106,0,"[88,0,49,1,141,0,78,1,164,0,44,1,140,0,-12,0,90,0,-68,0,46,0,-96,0,-17,20,-94,0,-81,20,-85,0,-140,20,-60,0,-157,20,-58,0,-154,20,-104,0,-137,20,166,0,-125,20,53,0,0,0,0,0,162,20,-124,20,81,20,142,20,13,20,104,20,-16,18,102,20,-6,18,136,20,57,20,169,20,145,20,-148,20,-118,20,-158,20,-64,20,160,20,-21,20,114,20,-9,20,74,20,-36,20,65,20,-48,20]"
CSI_DATA,9108,d8:b1:90:d9:de:f0,-41,9,-99,-36,42,104,654274796,98,0,106,0,"[64,18,41,18,1,18,50,18,-1,17,96,18,47,18,147,18,107,18,-153,18,-152,18,-159,18,-101,18,128,18,-60,18,81,18,-31,18,44,18,-20,18,30,18,-17,18,61,18,3,0,132,18,44,0,-104,18,0,0,0,0,-112,0,-7,18,-15,0,15,0,56,1,-3,18,83,1,-40,18,55,1,-64,18,-23,0,-56,18,-103,0,-20,18,-159,0,40,0,139,0,94,0,147,0,144,0,-152,0,-135,0,-125,0,-144,0,-140,0]"
CSI_DATA,9109,d8:b1:90:d9:de:f0,-40,9,-99,-37,42,104,654483312,98,0,106,0,"[59,0,-71,18,0,0,-108,18,-38,19,-72,18,-40,19,-9,18,-18,19,53,19,18,0,95,19,76,0,106,19,136,0,99,19,-151,0,89,19,-146,0,93,19,-159,0,137,19,145,0,-125,19,129,0,-25,19,0,0,0,0,-158,0,145,0,-79,0,-119,0,-6,0,-86,0,28,1,-99,0,10,1,-138,0,-47,0,156,0,-130,0,141,0,129,0,142,0,75,0,-161,0,50,0,-117,0,50,0,-77,0,75,0,-80,0,82,0]"
CSI_DATA,9110,d8:b1:90:d9:de:f0,-41,9,-99,-35,42,104,654483408,124,0,106,0,"[75,1,11,0,99,1,-52,18,58,1,-96,18,-12,0,-89,18,-67,0,-55,18,-102,0,-9,18,-106,0,47,0,-84,0,97,0,-64,0,133,0,-66,0,136,0,-99,0,121,0,139,0,96,0,44,0,96,0,0,0,0,0,-113,18,-123,0,149,18,-40,0,139,18,36,1,-143,18,74,1,-101,18,51,1,-73,18,-20,0,-67,18,-110,0,-94,18,130,0,-139,18,86,0,119,18,78,0,84,18,96,0,91,18,130,0,152,18]"
CSI_DATA,9111,d8:b1:90:d9:de:f0,-38,11,-99,-35,40,104,654503645,100,0,114,0,"[7,-38,12,-41,16,-43,18,-44,21,-43,23,-43,23,-40,23,-38,20,-35,20,-33,20,-32,20,-32,21,-32,21,-33,23,-36,23,-38,24,-40,26,-40,27,-43,27,-41,27,-44,27,-44,27,-44,26,-44,26,-40,26,-40,26,-40,27,-38,0,0,26,-38,26,-36,27,-38,27,-38,27,-41,30,-41,27,-41,29,-41,29,-38,26,-36,26,-36,24,-36,24,-33,21,-33,21,-29,21,-30,20,-29,21,-29,21,-30,21,-32,23,-32,24,-33,24,-35,26,-32,27,-30,29,-30,29,-26,29,-23]"
CSI_DATA,9112,d8:b1:90:d9:de:f0,-40,11,-99,-37,42,104,654900629,277,0,106,0,"[-6,0,128,19,-25,0,42,19,-93,0,18,19,-161,0,54,19,137,0,114,19,138,0,-161,19,-155,0,-124,19,-101,0,-102,19,-55,0,-107,19,-47,0,-125,19,-86,0,-130,19,-154,0,-91,19,119,0,-7,19,0,0,0,0,125,0,-147,0,-136,0,-67,0,-45,0,-41,0,16,1,-72,0,19,1,-130,0,-49,0,143,0,-132,0,111,0,126,0,121,0,89,0,158,0,88,0,-120,0,116,0,-86,0,158,0,-104,0,158,0]"
CSI_DATA,9113,d8:b1:90:d9:de:f0,-40,9,-99,-35,41,104,654901074,120,0,106,0,"[131,0,32,1,-161,0,53,1,-141,0,6,1,-172,0,-46,0,119,0,-107,0,57,0,-123,0,-17,20,-119,0,-97,20,-91,0,-157,20,-54,0,-170,20,-42,0,-150,20,-89,0,-123,20,-175,0,-109,20,61,0,0,0,0,0,-172,20,-149,20,94,20,118,20,9,20,78,20,-28,19,87,20,-1,19,126,20,69,20,167,20,163,20,-159,20,-96,20,-174,20,-32,20,150,20,6,0,102,20,17,0,60,20,-16,20,46,20,-39,20]"
CSI_DATA,9114,d8:b1:90:d9:de:f0,-40,9,-99,-37,42,104,654901232,120,0,106,0,"[50,1,86,0,95,1,49,0,68,1,3,0,3,1,-3,19,-64,0,19,0,-110,0,51,0,-149,0,112,0,-158,0,-156,0,-154,0,-93,0,-155,0,-82,0,151,0,-111,0,91,0,164,0,2,0,104,0,0,0,0,0,123,19,79,0,19,19,124,0,-45,18,-156,0,-50,18,-115,0,-5,18,-102,0,62,19,-151,0,126,19,104,0,146,19,32,0,146,19,-29,19,120,19,-77,19,85,19,-98,19,68,19,-68,19,119,19]"
CSI_DATA,9115,d8:b1:90:d9:de:f0,-41,9,-99,-35,42,104,654901390,124,0,106,0,"[-42,0,64,18,-56,0,2,18,-105,0,1,18,-149,0,44,18,143,0,108,18,149,0,-145,18,-134,0,-92,18,-84,0,-52,18,-34,0,-31,18,-24,0,-29,18,-63,0,-24,18,-140,0,-7,18,86,0,45,0,0,0,0,0,-20,18,-108,0,-34,18,-2,0,-6,18,77,1,30,0,99,1,56,0,64,1,47,0,-12,0,11,0,-91,0,-42,18,-139,0,-94,18,149,0,-140,18,155,0,139,18,-132,0,155,18,-112,0,-99,18]"
CSI_DATA,9116,d8:b1:90:d9:de:f0,-40,9,-99,-36,42,104,654901556,124,0,106,0,"[-13,0,-98,0,46,1,-123,0,37,1,146,0,-18,0,114,0,-86,0,99,0,-144,0,120,0,135,0,-156,0,103,0,-95,0,93,0,-41,0,99,0,-27,0,88,0,-61,0,57,0,-130,0,-16,18,115,0,0,0,0,0,108,18,51,0,5,18,80,0,-56,17,122,0,-66,17,-151,0,-23,17,-138,0,50,18,153,0,115,18,89,0,144,18,13,0,144,18,-45,18,119,18,-93,18,79,18,-113,18,60,18,-78,18,105,18]"
CSI_DATA,9117,d8:b1:90:d9:de:f0,-41,9,-99,-36,42,104,654901723,124,0,106,0,"[-154,18,22,1,-104,18,76,1,-44,18,55,1,-17,18,-11,0,-22,18,-80,0,-60,18,-133,0,-113,18,159,0,140,18,156,0,93,18,-152,0,88,18,-134,0,128,18,-149,0,-135,18,115,0,-88,18,20,0,0,0,0,0,-98,18,132,18,153,18,44,18,74,18,10,18,18,18,26,18,20,18,81,18,83,18,138,18,-158,18,-140,18,-83,18,-143,18,-25,18,153,18,-3,18,103,18,-11,18,61,18,-50,18,59,18,-78,18]"
CSI_DATA,9118,d8:b1:90:d9:de:f0,-40,9,-99,-37,42,104,654901827,124,0,106,0,"[53,1,-60,19,72,1,-132,19,31,1,-163,19,-34,0,-152,19,-91,0,-120,19,-119,0,-62,19,-115,0,-7,19,-82,0,51,0,-46,0,89,0,-37,0,88,0,-76,0,71,0,-155,0,57,0,76,0,77,0,0,0,0,0,-80,19,-124,0,-119,19,-20,0,-108,19,64,1,-67,19,104,1,-24,19,73,1,-5,19,-1,0,-28,19,-93,0,-67,19,-154,0,-120,19,145,0,164,19,150,0,136,19,-149,0,155,19,-128,0,-111,19]"
CSI_DATA,9119,d8:b1:90:d9:de:f0,-41,9,-99,-35,42,104,654901949,124,0,106,0,"[63,18,-48,0,90,18,14,1,145,18,15,1,-119,18,-34,0,-105,18,-83,0,-117,18,-144,0,-148,18,132,0,96,18,108,0,51,18,114,0,53,18,121,0,83,18,107,0,146,18,70,0,-101,18,-8,18,0,0,0,0,-70,18,116,18,-118,18,22,18,129,18,-19,17,68,18,-34,17,63,18,20,18,103,18,90,18,-133,18,135,18,-73,18,149,18,-22,18,139,18,9,0,103,18,7,0,61,18,-29,18,64,18,-55,18]"
CSI_DATA,9120,d8:b1:90:d9:de:f0,-40,9,-99,-37,42,104,654902089,124,0,106,0,"[-54,18,12,0,-81,18,84,0,-32,18,130,0,38,19,130,0,89,19,95,0,117,19,42,0,120,19,-14,19,88,19,-67,19,54,19,-102,19,41,19,-101,19,66,19,-77,19,142,19,-62,19,-85,19,-76,19,0,0,0,0,58,0,115,19,84,0,12,19,59,0,-66,18,7,0,-104,18,-32,19,-68,18,-40,19,19,19,-5,19,106,19,40,0,163,19,97,0,-152,19,145,0,158,19,-165,0,120,19,139,0,98,19,77,0]"
CSI_DATA,9121,d8:b1:90:d9:de:f0,-40,9,-99,-36,42,104,655109999,98,0,106,0,"[-41,17,109,0,-51,17,-144,0,-8,17,-117,0,52,18,-137,0,101,18,137,0,119,18,80,0,105,18,21,0,74,18,-28,18,39,18,-59,18,32,18,-61,18,71,18,-52,18,152,18,-51,18,-73,18,-73,18,0,0,0,0,69,0,120,18,101,0,18,18,94,0,-64,17,61,0,-99,17,26,0,-64,17,15,0,7,18,35,0,93,18,73,0,158,18,122,0,-130,18,-149,0,-134,18,-122,0,-158,18,-138,0,138,18,124,0]"
CSI_DATA,9122,d8:b1:90:d9:de:f0,-40,11,-99,-34,41,104,655318426,277,0,106,0,"[-65,20,53,1,-13,20,97,1,29,0,74,1,38,0,6,1,21,0,-54,0,-18,20,-97,0,-74,20,-117,0,-138,20,-109,0,157,20,-93,0,142,20,-90,0,160,20,-120,0,-157,20,157,0,-136,20,60,0,0,0,0,0,152,20,-114,20,72,20,158,20,0,20,138,20,-41,18,145,20,-26,18,-154,20,37,20,-120,20,128,20,-108,20,-146,20,-122,20,-96,20,-153,20,-77,20,134,20,-90,20,92,20,-118,20,96,20,-122,20]"
CSI_DATA,9123,d8:b1:90:d9:de:f0,-40,9,-99,-36,42,104,655318916,130,0,106,0,"[-17,17,142,18,-79,17,-125,18,-66,17,-61,18,-5,17,-18,18,57,18,-15,18,108,18,-47,18,133,18,-91,18,124,18,-146,18,110,18,135,18,98,18,135,18,127,18,-161,18,-137,18,-122,18,-49,18,-100,18,0,0,0,0,110,0,147,18,-153,0,65,18,-157,0,-20,17,129,0,-62,17,79,0,-49,17,47,0,20,18,42,0,104,18,71,0,-149,18,114,0,-120,18,-161,0,-125,18,-128,0,-157,18,-143,0,138,18,114,0]"
CSI_DATA,9124,d8:b1:90:d9:de:f0,-41,9,-99,-34,42,104,655319051,98,0,106,0,"[-93,0,-1,16,-112,0,-52,16,150,0,-36,16,125,0,22,17,124,0,91,17,140,0,-147,17,-130,0,-84,17,-73,0,-30,17,-24,0,4,0,-13,0,21,0,-52,0,26,0,-130,0,39,0,76,0,64,0,0,0,0,0,-89,17,-128,0,-142,17,-43,0,136,17,33,1,144,17,66,1,-130,17,35,1,-110,17,-38,0,-103,17,-129,0,-118,17,95,0,-149,17,26,0,103,17,-10,17,60,17,-22,17,47,17,4,0,95,17]"
CSI_DATA,9125,d8:b1:90:d9:de:f0,-41,9,-99,-33,42,104,655319156,98,0,106,0,"[-39,16,137,0,-56,16,-107,0,-19,16,-101,0,36,17,-135,0,73,17,105,0,99,17,47,0,97,17,-20,17,83,17,-92,17,69,17,-144,17,70,17,130,17,100,17,133,17,-133,17,-132,17,-35,17,-105,17,0,0,0,0,-139,0,-117,17,-47,0,136,17,2,1,85,17,17,1,53,17,-16,0,58,17,-76,0,115,17,-120,0,-103,17,-147,0,-28,17,143,0,36,0,-125,0,92,0,-88,0,127,0,-75,0,112,0,-103,0]"
CSI_DATA,9126,d8:b1:90:d9:de:f0,-40,9,-99,-35,42,104,655319297,98,0,106,0,"[-69,17,34,0,-101,17,85,0,-64,17,110,0,-1,17,99,0,63,18,50,0,97,18,-4,18,122,18,-77,18,118,18,-144,18,107,18,103,18,118,18,84,18,141,18,111,18,-111,18,149,18,-11,18,-116,18,0,0,0,0,-121,0,-83,18,-22,0,-124,18,39,1,148,18,44,1,113,18,13,1,116,18,-51,0,-144,18,-117,0,-78,18,-151,0,-3,18,145,0,66,0,-146,0,124,0,-111,0,-151,0,-89,0,146,0,-118,0]"
CSI_DATA,9127,d8:b1:90:d9:de:f0,-40,9,-99,-34,41,104,655319393,98,0,106,0,"[5,1,134,20,-10,0,50,20,-80,0,24,20,-142,0,52,20,164,0,104,20,150,0,149,20,-157,0,-153,20,-108,0,-137,20,-62,0,-141,20,-60,0,-150,20,-88,0,-138,20,-152,0,-102,20,137,0,-22,20,0,0,0,0,157,0,146,0,-109,0,-122,0,-13,0,-96,0,45,1,-125,0,32,1,148,0,-24,0,94,0,-106,0,74,0,161,0,92,0,122,0,132,0,128,0,-158,0,160,0,-125,0,-136,0,-154,0,-148,0]"
CSI_DATA,9128,d8:b1:90:d9:de:f0,-43,11,-99,-32,44,104,655504012,100,0,228,0,"[-15,12,-19,12,-24,11,-25,9,-27,7,-26,5,-26,2,110,65,-22,0,-20,0,-19,0,-17,0,-16,1,-16,2,-16,4,-15,5,-16,6,-16,7,-16,8,-16,8,-15,8,31,-52,-13,6,-10,6,-8,5,-4,5,-2,6,0,7,0,0,5,10,6,14,7,16,8,19,8,23,6,24,57,0,3,27,2,26,0,25,0,24,0,21,0,18,0,16,0,14,1,11,2,10,4,10,5,9,6,10,65,0,7,12,7,13,6,13,5,12,3,11,2,8,1,6,-4,-10,-9,-4,-8,3,-1,8,6,6,8,-1,3,-9,-30,-8,-13,-2,-12,8,-2,16,10,16,20,4,19,-10,7,-22,-10,-23,-24,-10,-24,8,-12,23,7,24,21,11,8,0,8,-18,-8,-17,-17,-5,-15,9,-2,16,10,13,0,0,13,-10,1,-16,-9,-12,-14,-1,-10,8,0,11,11,32,6,-1,0,-6,-6,-2,-7,5,0,11,9,9,16,0,13,-10,2,-17,-10,-16,-19,-6,-18,8,-8,19,12,32,16,11,18,-2,9,-13,-2,-15,-10,-7,-10,2,-4,8]"
CSI_DATA,9129,d8:b1:90:d9:de:f0,-41,11,-99,-36,42,104,655736224,277,0,106,0,"[-36,18,64,1,11,0,94,1,36,0,64,1,28,0,-1,0,1,0,-61,0,-41,18,-103,0,-96,18,-133,0,-156,18,-137,0,110,18,-142,0,101,18,-157,0,122,18,133,0,-161,18,71,0,-118,18,-8,18,0,0,0,0,-98,18,123,18,-122,18,28,18,-158,18,-25,17,133,18,-39,17,129,18,-6,17,-147,18,54,18,-83,18,114,18,-10,18,144,18,46,0,159,18,96,0,139,18,134,0,114,18,127,0,99,18,88,0]"
CSI_DATA,9130,d8:b1:90:d9:de:f0,-41,9,-99,-35,42,104,655736687,108,0,106,0,"[-72,17,67,0,-84,17,133,0,-39,17,-156,0,26,18,141,0,75,18,99,0,101,18,41,0,102,18,-13,18,79,18,-74,18,55,18,-112,18,56,18,-122,18,100,18,-105,18,-143,18,-92,18,-44,18,-99,18,0,0,0,0,117,0,125,18,-143,0,47,18,-129,0,-33,17,-152,0,-61,17,130,0,-36,17,106,0,33,18,99,0,117,18,113,0,-122,18,152,0,-74,18,-111,0,-56,18,-70,0,-62,18,-64,0,-88,18,-122,0]"
CSI_DATA,9131,d8:b1:90:d9:de:f0,-41,11,-99,-35,42,104,656154021,277,0,106,0,"[40,18,-42,0,75,18,31,1,139,18,37,1,-121,18,-3,0,-97,18,-67,0,-102,18,-114,0,-144,18,-145,0,128,18,150,0,89,18,152,0,83,18,-151,0,110,18,140,0,-155,18,91,0,-116,18,17,0,0,0,0,0,-141,18,-151,18,100,18,96,18,14,18,72,18,-23,17,97,18,-20,17,154,18,36,18,-116,18,112,18,-96,18,-136,18,-102,18,-92,18,-135,18,-86,18,129,18,-106,18,95,18,-143,18,103,18,-149,18]"
CSI_DATA,9132,d8:b1:90:d9:de:f0,-40,9,-99,-34,41,104,656154466,98,0,106,0,"[98,20,8,20,42,20,10,20,42,20,49,20,85,20,98,20,142,20,126,20,-125,20,134,20,-58,20,117,20,2,0,81,20,50,0,44,20,73,0,45,20,80,0,82,20,85,0,166,20,102,0,-78,20,0,0,0,0,-144,0,92,0,-58,0,154,0,21,1,-161,0,52,1,-165,0,18,1,154,0,-46,0,140,0,-133,0,132,0,129,0,141,0,64,0,164,0,29,0,-128,0,17,0,-78,0,24,0,-69,0,44,0]"
CSI_DATA,9133,d8:b1:90:d9:de:f0,-41,9,-99,-36,42,104,656154607,130,0,106,0,"[-137,18,-40,17,115,18,-47,17,98,18,-1,17,132,18,64,18,-137,18,98,18,-71,18,123,18,-5,18,119,18,59,0,86,18,103,0,62,18,118,0,61,18,109,0,89,18,95,0,-154,18,94,0,-56,18,0,0,0,0,-153,0,127,0,-74,0,-133,0,-10,0,-103,0,31,1,-108,0,15,1,-147,0,-59,0,142,0,-144,0,119,0,95,0,124,0,33,0,153,0,-2,18,-120,0,-8,18,-73,0,12,0,-60,0,42,0]"
CSI_DATA,9134,d8:b1:90:d9:de:f0,-41,9,-99,-37,43,104,656154751,113,0,106,0,"[-66,16,-45,17,-101,16,2,0,-73,16,40,0,-12,16,40,0,51,17,21,0,93,17,-19,17,117,17,-77,17,123,17,-140,17,116,17,106,17,121,17,93,17,142,17,109,17,-94,17,-143,17,-10,17,-108,17,0,0,0,0,-124,0,-97,17,-42,0,-144,17,6,1,97,17,9,1,61,17,-26,0,62,17,-78,0,110,17,-128,0,-118,17,143,0,-48,17,-146,0,16,0,-113,0,61,0,-73,0,80,0,-56,0,65,0,-90,0]"
CSI_DATA,9135,d8:b1:90:d9:de:f0,-40,9,-99,-35,41,104,656181745,101,0,106,0,"[39,1,149,0,97,1,115,0,74,1,74,0,6,1,64,0,-68,0,72,0,-129,0,101,0,172,0,161,0,142,0,-124,0,126,0,-71,0,108,0,-49,0,80,0,-76,0,32,0,-138,0,-43,20,129,0,0,0,0,0,127,20,37,0,17,20,39,0,-64,19,56,0,-93,19,83,0,-54,19,90,0,23,20,69,0,108,20,21,0,164,20,-35,20,-156,20,-100,20,-156,20,-167,20,172,20,144,20,145,20,152,20,170,20]"
CSI_DATA,9136,d8:b1:90:d9:de:f0,-40,9,-99,-35,41,104,656230098,130,0,106,0,"[-123,0,-9,0,-35,0,-38,0,-13,0,-105,0,-52,0,-167,0,-118,0,150,0,-164,0,149,0,144,0,-164,0,134,0,-119,0,133,0,-72,0,141,0,-65,0,116,0,-107,0,68,0,-163,0,-1,20,131,0,0,0,0,0,-163,20,166,0,109,20,-124,0,78,20,-30,0,102,20,13,1,161,20,6,1,-138,20,-48,0,-113,20,-126,0,-127,20,156,0,-160,20,109,0,135,20,108,0,104,20,138,0,116,20,-166,0,-163,20]"
CSI_DATA,9137,d8:b1:90:d9:de:f0,-38,11,-99,-35,40,104,656504043,100,0,114,0,"[-36,15,-43,13,-47,10,-49,9,-49,7,-49,7,-46,6,-46,3,-43,3,-43,3,-41,3,-40,3,-40,4,-43,4,-43,7,-44,7,-46,7,-46,6,-49,9,-49,9,-49,9,-49,9,-49,10,-49,9,-47,9,-44,9,-46,7,-47,9,0,0,-47,9,-46,7,-47,10,-44,10,-46,9,-47,10,-47,10,-47,10,-46,9,-46,9,-41,12,-40,10,-40,12,-38,10,-35,10,-33,10,-30,12,-32,10,-32,10,-35,10,-35,12,-36,12,-36,12,-38,12,-40,9,-38,9,-35,6,-32,4]"
CSI_DATA,9138,d8:b1:90:d9:de:f0,-41,11,-99,-34,42,104,656571818,277,0,106,0,"[-45,16,-152,17,-95,16,-104,17,-74,16,-49,17,-19,16,-23,17,48,17,-29,17,87,17,-51,17,116,17,-96,17,120,17,-147,17,121,17,110,17,125,17,101,17,-144,17,129,17,-87,17,-142,17,-3,17,-121,17,0,0,0,0,-146,0,150,17,-74,0,93,17,-48,0,21,17,-58,0,-19,16,-106,0,-14,16,150,0,36,17,122,0,112,17,127,0,-120,17,144,0,-70,17,-120,0,-39,17,-79,0,-35,17,-71,0,-62,17,-116,0]"
CSI_DATA,9139,d8:b1:90:d9:de:f0,-40,9,-99,-36,42,104,656572299,113,0,106,0,"[-76,17,-2,18,-105,17,80,0,-56,17,132,0,11,18,132,0,75,18,105,0,103,18,61,0,100,18,13,0,83,18,-27,18,52,18,-54,18,50,18,-56,18,90,18,-57,18,-161,18,-65,18,-80,18,-91,18,0,0,0,0,6,0,91,18,11,0,-2,17,-25,18,-80,17,-70,18,-98,17,-99,18,-60,17,-100,18,20,18,-65,18,98,18,-21,18,140,18,33,0,159,18,80,0,143,18,95,0,107,18,74,0,80,18,31,0]"
CSI_DATA,9140,d8:b1:90:d9:de:f0,-40,11,-99,-35,41,104,656989616,277,0,106,0,"[-52,20,-64,19,-118,20,-87,19,-142,20,-48,19,-122,20,19,20,-78,20,78,20,-23,20,108,20,42,0,104,20,101,0,78,20,148,0,57,20,153,0,61,20,146,0,116,20,130,0,-156,20,126,0,-39,20,0,0,0,0,-150,0,138,0,-69,0,-145,0,9,1,-116,0,39,1,-122,0,21,1,-150,0,-46,0,166,0,-134,0,150,0,139,0,160,0,90,0,-164,0,56,0,-120,0,52,0,-86,0,72,0,-86,0,75,0]"
CSI_DATA,9141,d8:b1:90:d9:de:f0,-40,9,-99,-37,42,104,656990070,214,0,106,0,"[-25,18,132,19,-89,18,-139,19,-66,18,-77,19,5,19,-41,19,73,19,-49,19,123,19,-80,19,150,19,-129,19,149,19,138,19,136,19,101,19,141,19,107,19,-164,19,151,19,-101,19,-133,19,2,0,-103,19,0,0,0,0,-126,0,-128,19,-49,0,130,19,-24,0,58,19,-37,0,3,19,-81,0,5,19,-138,0,71,19,158,0,150,19,156,0,-112,19,-158,0,-59,19,-119,0,-38,19,-77,0,-44,19,-88,0,-68,19,-152,0]"
CSI_DATA,9142,d8:b1:90:d9:de:f0,-41,9,-99,-35,42,104,656990242,214,0,106,0,"[-25,17,-135,0,-8,17,-53,0,53,18,-36,0,117,18,-70,0,-156,18,-124,0,150,18,127,0,116,18,86,0,73,18,61,0,36,18,53,0,40,18,59,0,85,18,53,0,-152,18,19,0,-78,18,-47,18,0,0,0,0,-31,18,94,18,-55,18,0,18,-113,18,-59,17,152,18,-64,17,138,18,-22,17,-148,18,45,18,-97,18,102,18,-47,18,134,18,7,0,139,18,36,0,113,18,40,0,79,18,23,0,74,18,-7,18]"
CSI_DATA,9143,d8:b1:90:d9:de:f0,-40,9,-99,-36,42,104,656990396,130,0,106,0,"[-45,17,-115,18,-90,17,-51,18,-60,17,5,0,8,18,16,0,60,18,2,0,101,18,-30,18,113,18,-76,18,95,18,-137,18,76,18,-158,18,76,18,-159,18,118,18,-138,18,-133,18,-112,18,-40,18,-114,18,0,0,0,0,110,0,118,18,139,0,36,18,152,0,-39,17,122,0,-76,17,85,0,-52,17,61,0,15,18,64,0,88,18,80,0,146,18,120,0,-142,18,-157,0,-144,18,-135,0,-161,18,-156,0,140,18,117,0]"
CSI_DATA,9144,d8:b1:90:d9:de:f0,-40,9,-99,-35,41,104,656990521,224,0,106,0,"[108,20,9,20,21,20,39,20,13,20,105,20,57,20,167,20,112,20,-160,20,174,20,-167,20,-135,20,145,20,-124,20,93,20,-123,20,49,20,-124,20,60,20,-111,20,96,20,-60,20,156,20,32,0,-130,20,0,0,0,0,-144,0,-123,20,-56,0,166,20,-16,0,94,20,-17,0,42,20,-65,0,41,20,-122,0,94,20,-167,0,164,20,170,0,-122,20,-160,0,-75,20,-122,0,-57,20,-86,0,-64,20,-94,0,-85,20,-148,0]"
CSI_DATA,9145,d8:b1:90:d9:de:f0,-40,9,-99,-33,41,104,657198959,130,0,106,0,"[19,19,106,19,-40,18,120,19,-33,18,-158,19,33,19,-125,19,108,19,-110,19,-145,19,-129,19,-76,19,156,19,-12,19,90,19,19,0,31,19,28,0,12,19,20,0,41,19,28,0,129,19,62,0,-95,19,0,0,0,0,-124,0,88,0,-22,0,137,0,64,1,154,0,102,1,125,0,67,1,97,0,-25,0,79,0,-134,0,86,0,107,0,115,0,34,0,-165,0,3,0,-98,0,6,0,-38,0,34,0,-24,0,69,0]"
CSI_DATA,9146,d8:b1:90:d9:de:f0,-39,9,-99,-37,41,104,657234445,98,0,106,0,"[36,0,-82,20,-58,21,-117,20,-130,21,-68,20,-143,21,13,21,-129,21,72,21,-88,21,103,21,-52,21,100,21,-31,21,68,21,-5,21,45,21,-2,21,47,21,-2,21,91,21,29,0,167,21,85,0,-129,21,0,0,0,0,-127,0,-129,21,-45,0,-162,21,7,1,125,21,-1,0,58,21,-62,0,37,21,-132,0,77,21,178,0,141,21,157,0,-162,21,168,0,-113,21,-173,0,-90,21,-136,0,-98,21,-135,0,-116,21,-178,0]"
CSI_DATA,9147,d8:b1:90:d9:de:f0,-40,11,-99,-33,41,104,657407413,277,0,106,0,"[71,1,-60,19,88,1,-146,19,25,1,133,19,-51,0,138,19,-110,0,-165,19,-145,0,-119,19,-149,0,-62,19,-115,0,-14,19,-66,0,24,0,-46,0,24,0,-58,0,24,0,-116,0,33,0,137,0,72,0,0,0,0,0,103,0,-120,0,136,0,-22,0,-114,0,25,1,-46,0,22,1,-29,0,-44,0,-66,0,-133,0,-145,0,141,0,106,0,126,0,46,0,145,0,10,0,-136,0,14,0,-85,0,58,0,-63,0,94,0]"
CSI_DATA,9148,d8:b1:90:d9:de:f0,-41,9,-99,-34,42,104,657407903,98,0,106,0,"[55,1,139,0,101,1,99,0,85,1,57,0,23,1,34,0,-46,0,30,0,-105,0,51,0,150,0,87,0,114,0,146,0,91,0,-102,0,76,0,-73,0,47,0,-80,0,13,0,-122,0,-47,17,128,0,0,0,0,0,101,17,96,0,4,17,114,0,-57,16,-148,0,-68,16,-111,0,-27,16,-93,0,47,17,-128,0,116,17,111,0,-144,17,43,0,-134,17,-24,17,-147,17,-86,17,127,17,-124,17,95,17,-118,17,115,17]"
CSI_DATA,9149,d8:b1:90:d9:de:f0,-43,11,-99,-35,45,104,657503942,100,0,228,0,"[-7,17,-11,20,-13,21,-17,21,-19,19,-20,18,-19,15,107,64,-18,12,-16,10,-14,9,-12,9,-11,10,-10,10,-8,11,-7,12,-6,13,-6,14,-6,16,-6,17,-5,16,30,-51,-4,13,-3,12,-1,10,0,8,2,6,5,6,0,0,10,4,12,5,16,5,19,6,21,8,22,10,13,0,22,12,21,13,20,13,19,12,16,12,14,10,12,8,11,6,10,5,10,3,10,1,11,0,12,0,-89,0,13,0,14,0,14,0,13,0,11,1,9,1,6,0,-8,-5,-10,2,-4,9,4,9,9,1,6,-6,-1,-10,-30,8,-12,5,-5,13,7,15,17,6,19,-7,9,-19,-7,-21,-21,-11,-25,6,-13,21,5,25,20,13,23,-5,6,-2,-6,-19,-16,-7,-14,7,-4,15,9,12,16,0,0,0,0,-16,-11,-11,-15,0,-11,10,0,14,8,8,32,11,3,-6,-3,-4,-6,2,0,7,8,6,12,-1,8,-11,-2,-15,-12,-11,-18,0,-13,13,-1,19,12,16,32,3,16,-9,6,-17,-6,-15,-13,-4,-11,6,-1,11,6,7]"
CSI_DATA,9150,d8:b1:90:d9:de:f0,-40,9,-99,-36,42,104,657616766,130,0,106,0,"[-5,0,46,18,-54,0,-30,17,-128,0,-31,17,137,0,22,18,112,0,86,18,123,0,148,18,149,0,-135,18,-129,0,-107,18,-94,0,-95,18,-100,0,-84,18,-135,0,-55,18,135,0,3,0,91,0,76,0,0,0,0,0,89,0,-79,0,135,0,1,1,-120,0,44,1,-74,0,31,1,-81,0,-13,0,-117,0,-79,0,137,0,-142,0,71,0,-161,0,12,0,-161,0,-20,18,-134,0,-40,18,-95,0,-23,18,-80,0,0,0]"
CSI_DATA,9151,d8:b1:90:d9:de:f0,-40,11,-99,-36,42,104,657825210,277,0,106,0,"[-66,18,-57,17,-139,18,-73,17,154,18,-26,17,-157,18,35,18,-108,18,81,18,-71,18,101,18,-22,18,93,18,11,0,69,18,46,0,46,18,55,0,44,18,60,0,93,18,70,0,-159,18,94,0,-85,18,0,0,0,0,-90,0,6,0,-6,0,33,0,71,1,17,0,88,1,-15,18,64,1,-47,18,-1,0,-47,18,-79,0,-25,18,-129,0,20,0,-152,0,69,0,-151,0,114,0,-123,0,146,0,-99,0,135,0,-124,0]"
CSI_DATA,9152,d8:b1:90:d9:de:f0,-41,9,-99,-34,42,104,657825691,98,0,106,0,"[109,17,-22,16,32,17,0,17,14,17,67,17,49,17,123,17,98,17,-148,17,142,17,-147,17,-128,17,133,17,-111,17,91,17,-111,17,60,17,-109,17,65,17,-93,17,101,17,-48,17,-149,17,19,0,-106,17,0,0,0,0,-117,0,-115,17,-42,0,130,17,-13,0,55,17,-24,0,4,17,-77,0,-1,16,-133,0,38,17,136,0,106,17,124,0,-134,17,141,0,-86,17,-121,0,-70,17,-79,0,-80,17,-84,0,-106,17,-130,0]"
CSI_DATA,9153,d8:b1:90:d9:de:f0,-40,9,-99,-37,42,104,657825823,130,0,106,0,"[98,19,6,1,156,19,73,1,-99,19,58,1,-46,19,1,1,-42,19,-68,0,-60,19,-110,0,-99,19,-120,0,-142,19,-120,0,156,19,-107,0,-164,19,-102,0,-138,19,-136,0,-106,19,125,0,-104,19,31,0,0,0,0,0,126,19,-117,19,28,19,-150,19,-62,18,-126,19,-99,18,-72,19,-75,18,-16,19,-5,18,7,0,85,19,-5,19,141,19,-40,19,-160,19,-77,19,163,19,-123,19,128,19,-150,19,97,19,-125,19,119,19]"
CSI_DATA,9154,d8:b1:90:d9:de:f0,-39,9,-99,-36,41,104,657825949,98,0,106,0,"[-57,19,120,0,-46,19,-137,0,26,21,-94,0,97,21,-117,0,142,21,-165,0,155,21,151,0,135,21,105,0,97,21,90,0,63,21,87,0,63,21,90,0,113,21,79,0,177,21,33,0,-115,21,-39,21,0,0,0,0,-113,21,151,21,-179,21,56,21,87,21,5,21,24,21,29,21,15,21,88,21,57,21,163,21,135,21,-148,21,-151,21,-141,21,-101,21,-168,21,-86,21,146,21,-101,21,114,21,-145,21,108,21,-155,21]"
CSI_DATA,9155,d8:b1:90:d9:de:f0,-40,11,-99,-36,42,104,658243008,277,0,106,0,"[88,18,8,18,25,18,12,18,17,18,50,18,55,18,100,18,112,18,133,18,-153,18,144,18,-94,18,127,18,-31,18,98,18,16,0,61,18,51,0,45,18,61,0,70,18,67,0,135,18,85,0,-105,18,0,0,0,0,-105,0,28,0,-17,0,69,0,67,1,86,0,101,1,57,0,76,1,27,0,0,1,10,0,-91,0,23,0,153,0,57,0,101,0,113,0,80,0,-152,0,81,0,-104,0,110,0,-90,0,117,0]"
CSI_DATA,9156,d8:b1:90:d9:de:f0,-40,9,-99,-34,41,104,658243507,101,0,106,0,"[-137,20,46,1,-96,20,96,1,-50,20,82,1,-25,20,34,1,-28,20,-29,0,-50,20,-80,0,-96,20,-120,0,-156,20,-136,0,133,20,-148,0,106,20,-160,0,112,20,149,0,140,20,96,0,-161,20,8,0,0,0,0,0,-166,20,-156,20,122,20,102,20,45,20,54,20,4,20,46,20,8,20,88,20,56,20,137,20,134,20,-162,20,-124,20,-149,20,-61,20,-161,20,-20,20,138,20,-2,20,97,20,-12,20,76,20,-34,20]"
CSI_DATA,9157,d8:b1:90:d9:de:f0,-39,9,-99,-36,41,104,658270288,98,0,106,0,"[-98,19,-43,21,-131,19,15,0,-81,19,52,0,-12,19,52,0,52,21,16,0,97,21,-25,21,128,21,-87,21,128,21,-146,21,135,21,158,21,156,21,141,21,-156,21,162,21,-70,21,-169,21,35,0,-144,21,0,0,0,0,-138,0,-169,21,-56,0,125,21,-14,0,55,21,-19,0,29,21,-64,0,52,21,-117,0,120,21,-159,0,-161,21,-176,0,-74,21,-172,0,-11,21,-142,0,35,0,-110,0,62,0,-103,0,53,0,-145,0]"
CSI_DATA,9158,d8:b1:90:d9:de:f0,-40,9,-99,-35,42,104,658452360,98,0,106,0,"[-46,18,-48,17,-118,18,-74,17,152,18,-36,17,150,18,31,18,-143,18,80,18,-89,18,102,18,-47,18,102,18,-3,18,69,18,24,0,36,18,36,0,28,18,28,0,57,18,35,0,121,18,66,0,-112,18,0,0,0,0,-103,0,-47,18,-23,0,-44,18,45,1,-77,18,63,1,-130,18,29,1,-150,18,-37,0,-138,18,-99,0,-95,18,-140,0,-44,18,-141,0,11,0,-119,0,45,0,-79,0,59,0,-62,0,46,0,-94,0]"
CSI_DATA,9159,d8:b1:90:d9:de:f0,-41,9,-99,-33,42,104,658452465,108,0,106,0,"[138,17,16,1,-109,17,78,1,-50,17,70,1,-12,17,21,1,-6,17,-42,0,-35,17,-76,0,-73,17,-100,0,-118,17,-97,0,137,17,-85,0,129,17,-75,0,-139,17,-95,0,-117,17,139,0,-115,17,63,0,0,0,0,0,109,17,-69,17,28,17,-99,17,-43,16,-88,17,-75,16,-53,17,-54,16,-25,17,1,17,-10,17,73,17,-12,17,127,17,-39,17,-144,17,-81,17,-146,17,-118,17,122,17,-147,17,101,17,-145,17,109,17]"
CSI_DATA,9160,d8:b1:90:d9:de:f0,-38,11,-99,-33,39,104,658503663,100,0,114,0,"[-6,-44,-3,-48,1,-50,4,-52,9,-52,11,-50,14,-48,16,-45,16,-44,16,-40,16,-39,17,-39,17,-39,17,-40,19,-42,19,-42,22,-44,24,-45,26,-47,29,-45,29,-47,29,-47,29,-44,29,-45,30,-42,30,-42,30,-40,30,-37,0,0,30,-35,32,-35,34,-35,35,-35,37,-37,39,-37,37,-35,37,-34,37,-32,37,-30,35,-30,35,-30,32,-27,32,-26,30,-24,30,-22,30,-22,30,-22,30,-21,32,-22,34,-21,37,-22,39,-22,40,-19,40,-17,39,-14,39,-11,35,-6]"
CSI_DATA,9161,d8:b1:90:d9:de:f0,-40,9,-99,-34,41,104,658661250,130,0,106,0,"[-25,0,5,20,-69,0,-57,18,-138,0,-44,18,160,0,21,20,132,0,97,20,145,0,-168,20,-165,0,-112,20,-116,0,-62,20,-82,0,-25,20,-86,0,-5,20,-136,0,17,0,126,0,57,0,48,0,120,0,0,0,0,0,-42,20,-46,0,-53,20,49,1,-32,20,120,1,5,0,128,1,22,0,72,1,20,0,-13,0,-16,20,-112,0,-64,20,152,0,-114,20,104,0,169,20,88,0,130,20,93,0,128,20,101,0,168,20]"
CSI_DATA,9162,d8:b1:90:d9:de:f0,-39,9,-99,-33,40,104,658661358,113,0,106,0,"[24,0,127,1,114,0,146,1,161,0,78,1,142,0,-5,0,91,0,-85,0,29,0,-126,0,-46,21,-151,0,-113,21,-142,0,-161,21,-133,0,-178,21,-152,0,-159,21,165,0,-148,21,71,0,-135,21,-47,21,0,0,0,0,165,21,130,21,68,21,61,21,-4,20,34,21,-31,20,58,21,2,21,104,21,90,21,161,21,-186,21,-168,21,-95,21,-159,21,-18,21,-173,21,30,0,158,21,50,0,123,21,45,0,114,21,30,0]"
CSI_DATA,9163,d8:b1:90:d9:de:f0,-39,9,-99,-35,41,104,658700069,252,0,106,0,"[85,20,16,20,4,20,49,20,-12,19,122,20,26,20,-167,20,78,20,-142,20,122,20,-137,20,161,20,-163,20,168,20,142,20,167,20,100,20,166,20,93,20,-170,20,111,20,-123,20,155,20,-46,20,-163,20,0,0,0,0,83,0,144,20,145,0,67,20,152,0,-20,19,130,0,-63,19,69,0,-53,19,37,0,8,20,27,0,82,20,54,0,148,20,94,0,-170,20,145,0,172,20,-175,0,134,20,146,0,93,20,90,0]"
CSI_DATA,9164,d8:b1:90:d9:de:f0,-40,11,-99,-34,41,104,658869704,277,0,106,0,"[-60,0,-40,0,24,1,-84,0,33,1,-165,0,-14,0,112,0,-69,0,78,0,-124,0,93,0,-145,0,122,0,-142,0,169,0,-132,0,-134,0,-124,0,-137,0,-140,0,-161,0,141,0,157,0,52,0,144,0,0,0,0,0,-53,20,-96,0,-70,20,-1,0,-36,20,65,1,18,0,93,1,62,0,64,1,74,0,-20,0,57,0,-93,0,8,0,-148,0,-33,20,-162,0,-65,20,-140,0,-81,20,-102,0,-61,20,-85,0,-20,20]"
CSI_DATA,9165,d8:b1:90:d9:de:f0,-41,9,-99,-34,42,104,658870176,98,0,106,0,"[-71,16,-7,17,-93,16,49,0,-62,16,85,0,4,17,91,0,53,17,58,0,87,17,11,0,103,17,-43,17,90,17,-97,17,80,17,-143,17,83,17,149,17,116,17,-146,17,-120,17,-134,17,-34,17,-134,17,0,0,0,0,104,0,96,17,-146,0,29,17,-139,0,-29,16,-152,0,-62,16,127,0,-40,16,106,0,21,17,97,0,95,17,116,0,-134,17,140,0,-90,17,-124,0,-65,17,-83,0,-59,17,-76,0,-67,17,-111,0]"
CSI_DATA,9166,d8:b1:90:d9:de:f0,-40,9,-99,-34,41,104,658882655,113,0,106,0,"[-86,18,105,0,-85,18,-142,0,-13,18,-106,0,68,20,-122,0,117,20,-160,0,136,20,120,0,126,20,78,0,89,20,40,0,61,20,28,0,69,20,20,0,106,20,10,0,-165,20,-24,20,-90,20,-88,20,0,0,0,0,-69,20,90,20,-98,20,-6,18,-168,20,-53,18,117,20,-42,18,105,20,14,20,140,20,92,20,-137,20,149,20,-72,20,-168,20,-18,20,165,20,10,0,133,20,14,0,101,20,-9,20,96,20,-29,20]"
CSI_DATA,9167,d8:b1:90:d9:de:f0,-40,9,-99,-35,41,104,659079065,120,0,106,0,"[-98,19,15,0,-120,19,80,0,-67,19,98,0,8,20,78,0,69,20,19,0,115,20,-41,20,134,20,-111,20,137,20,171,20,141,20,131,20,161,20,131,20,-127,20,-175,20,-43,20,-111,20,57,0,-49,20,0,0,0,0,-68,0,-6,20,37,1,-15,20,109,1,-38,20,123,1,-64,20,75,1,-61,20,-13,0,-28,20,-104,0,19,0,-171,0,78,0,142,0,139,0,130,0,-157,0,131,0,-123,0,134,0,-142,0,108,0]"
CSI_DATA,9168,d8:b1:90:d9:de:f0,-39,9,-99,-37,41,104,659079169,120,0,106,0,"[95,21,0,1,164,21,81,1,-122,21,65,1,-74,21,-5,0,-75,21,-87,0,-98,21,-125,0,-142,21,-149,0,184,21,-138,0,154,21,-123,0,171,21,-125,0,-162,21,-181,0,-126,21,98,0,-101,21,-20,21,0,0,0,0,154,21,-174,21,50,21,136,21,-52,20,145,21,-81,20,-183,21,-52,20,-126,21,26,21,-93,21,116,21,-79,21,178,21,-110,21,-159,21,-146,21,-159,21,181,21,-181,21,162,21,168,21,-183,21,-168,21]"
CSI_DATA,9169,d8:b1:90:d9:de:f0,-41,11,-99,-34,42,104,659287501,277,0,106,0,"[39,1,128,0,89,1,80,0,70,1,36,0,21,1,7,0,-35,0,3,0,-66,0,30,0,-87,0,61,0,-85,0,109,0,-72,0,147,0,-74,0,-150,0,-109,0,140,0,142,0,120,0,61,0,112,0,0,0,0,0,-72,17,-114,0,-120,17,-35,0,-118,17,34,1,-86,17,80,1,-49,17,65,1,-23,17,0,1,-33,17,-77,0,-62,17,-130,0,-102,17,149,0,-141,17,147,0,133,17,-133,0,143,17,-109,0,-110,17]"
CSI_DATA,9170,d8:b1:90:d9:de:f0,-40,9,-99,-33,41,104,659287955,130,0,106,0,"[-10,0,101,19,-36,0,24,19,-94,0,5,19,-147,0,32,19,152,0,84,19,146,0,125,19,-155,0,158,19,-123,0,-164,19,-88,0,-165,19,-81,0,164,19,-104,0,-142,19,-151,0,-94,19,141,0,-23,19,0,0,0,0,-160,0,133,0,-82,0,-138,0,1,1,-123,0,47,1,-145,0,41,1,134,0,-15,0,97,0,-93,0,75,0,-155,0,88,0,142,0,123,0,142,0,-155,0,-155,0,-133,0,-128,0,-147,0,-145,0]"
CSI_DATA,9171,d8:b1:90:d9:de:f0,-41,9,-99,-34,42,104,659288117,98,0,106,0,"[-60,16,57,0,-66,16,134,0,-23,16,-124,0,39,17,-123,0,84,17,-152,0,103,17,121,0,99,17,85,0,68,17,65,0,39,17,54,0,39,17,54,0,68,17,48,0,121,17,23,0,-133,17,-30,17,0,0,0,0,-108,17,130,17,144,17,57,17,74,17,23,17,17,17,35,17,11,17,82,17,47,17,137,17,108,17,-124,17,-135,17,-125,17,-93,17,-142,17,-84,17,120,17,-105,17,86,17,-142,17,98,17,-141,17]"
CSI_DATA,9172,d8:b1:90:d9:de:f0,-41,9,-99,-36,43,104,659288222,98,0,106,0,"[28,1,127,0,72,1,71,0,57,1,15,0,12,1,-14,16,-38,0,-20,16,-68,0,-4,16,-76,0,23,0,-68,0,56,0,-48,0,76,0,-44,0,76,0,-74,0,72,0,-131,0,62,0,93,0,76,0,0,0,0,0,20,0,-102,0,28,0,-19,0,70,0,49,1,121,0,62,1,-134,0,20,1,-133,0,-47,0,112,0,-99,0,66,0,-131,0,24,0,-124,0,1,0,-94,0,10,0,-62,0,42,0,-57,0,65,0]"
CSI_DATA,9173,d8:b1:90:d9:de:f0,-40,9,-99,-35,41,104,659496890,98,0,106,0,"[-2,19,-134,0,-4,19,-42,0,56,20,-9,0,119,20,-39,0,168,20,-98,0,-163,20,-157,0,174,20,127,0,131,20,67,0,83,20,28,0,64,20,10,0,87,20,15,0,157,20,4,0,-97,20,-32,20,0,0,0,0,42,0,149,20,57,0,21,20,35,0,-76,19,-21,20,-126,19,-76,20,-93,19,-89,20,0,20,-61,20,105,20,-4,20,-172,20,63,0,-131,20,134,0,-137,20,-172,0,-166,20,167,0,141,20,105,0]"
CSI_DATA,9174,d8:b1:90:d9:de:f0,-39,9,-99,-36,41,104,659497013,140,0,106,0,"[-60,21,-52,19,-145,21,-94,19,172,21,-59,19,166,21,8,21,-159,21,74,21,-110,21,113,21,-40,21,121,21,24,0,104,21,84,0,74,21,108,0,63,21,101,0,84,21,96,0,156,21,96,0,-97,21,0,0,0,0,-173,0,80,0,-63,0,139,0,48,1,155,0,103,1,122,0,87,1,79,0,11,1,45,0,-91,0,35,0,-176,0,62,0,125,0,107,0,107,0,172,0,117,0,-134,0,148,0,-125,0,156,0]"
CSI_DATA,9175,d8:b1:90:d9:de:f0,-40,9,-99,-38,42,104,659497166,160,0,106,0,"[21,1,-150,20,30,1,105,20,-14,0,68,20,-81,0,84,20,-128,0,120,20,-153,0,-156,20,-145,0,-100,20,-106,0,-46,20,-73,0,-10,20,-57,0,10,0,-77,0,10,0,-142,0,18,0,114,0,48,0,0,0,0,0,-5,20,-145,0,-29,20,-32,0,0,0,60,1,46,0,104,1,89,0,72,1,101,0,-5,0,70,0,-94,0,17,0,-168,0,-46,20,142,0,-106,20,152,0,-142,20,-148,0,-137,20,-129,0,-88,20]"
CSI_DATA,9176,d8:b1:90:d9:de:f0,-40,9,-99,-37,42,104,659497326,182,0,106,0,"[59,19,-47,0,50,19,12,1,75,19,15,1,112,19,-37,0,146,19,-99,0,149,19,159,0,141,19,84,0,116,19,5,0,89,19,-64,19,84,19,-98,19,111,19,-116,19,-156,19,-99,19,-54,19,-81,19,0,0,0,0,-165,0,-102,19,-51,0,-145,19,16,1,132,19,42,1,95,19,20,1,86,19,-54,0,132,19,-123,0,-120,19,160,0,-38,19,136,0,33,0,137,0,114,0,154,0,164,0,-156,0,-156,0,164,0]"
CSI_DATA,9177,d8:b1:90:d9:de:f0,-43,11,-99,-34,44,104,659516953,100,0,228,0,"[-4,-16,-4,-20,-3,-24,0,-27,0,-28,1,-28,3,-27,117,69,5,-23,5,-21,5,-19,4,-17,3,-16,1,-16,0,-16,0,-16,-1,-17,-3,-17,-4,-18,-4,-19,-5,-17,33,-55,-4,-16,-3,-14,-3,-12,-3,-10,-3,-6,-4,-3,0,0,-8,1,-10,4,-13,6,-16,7,-20,7,-23,7,-9,13,-26,5,-27,4,-27,1,-24,1,-22,0,-20,0,-17,0,-16,1,-13,2,-12,3,-11,4,-11,6,-11,7,118,14,-13,9,-14,8,-14,8,-14,7,-13,4,-11,2,-8,0,13,0,10,-9,0,-12,-8,-8,-10,1,-4,8,4,7,16,-26,6,-10,-3,-12,-14,-6,-16,5,-9,17,5,20,20,12,24,-5,15,-22,-4,-27,-22,-16,-28,3,-16,21,0,7,18,14,20,-3,9,-16,-6,-17,-16,-5,-16,8,0,0,9,14,17,3,15,-9,4,-16,-7,-15,-13,-4,-35,12,-1,7,3,3,2,-2,-2,-4,-8,0,-5,8,1,13,12,10,16,0,13,-13,1,-20,-13,-16,-21,-4,-32,19,-7,20,7,18,17,8,16,-5,5,-14,-5,-12,-11,-3]"
CSI_DATA,9178,d8:b1:90:d9:de:f0,-40,9,-99,-35,41,104,659547671,128,0,106,0,"[48,1,-16,20,86,1,-65,20,65,1,-102,20,0,1,-98,20,-46,0,-75,20,-80,0,-35,20,-89,0,15,0,-69,0,64,0,-54,0,111,0,-61,0,118,0,-101,0,112,0,-174,0,96,0,67,0,96,0,0,0,0,0,-115,20,-163,0,163,20,-74,0,146,20,6,1,161,20,57,1,-152,20,54,1,-122,20,-19,0,-108,20,-104,0,-133,20,171,0,-160,20,122,0,141,20,105,0,100,20,119,0,111,20,142,0,171,20]"
CSI_DATA,9179,d8:b1:90:d9:de:f0,-40,9,-99,-36,42,104,659705753,165,0,106,0,"[-45,17,-122,18,-98,17,-65,18,-73,17,-12,18,-11,17,15,0,36,18,10,0,84,18,-17,18,108,18,-60,18,103,18,-108,18,99,18,-140,18,108,18,-143,18,146,18,-129,18,-107,18,-108,18,-16,18,-101,18,0,0,0,0,138,0,127,18,-137,0,52,18,-133,0,-18,17,-156,0,-66,17,120,0,-45,17,88,0,25,18,83,0,107,18,96,0,-152,18,129,0,-115,18,-154,0,-103,18,-129,0,-115,18,-137,0,-127,18,140,0]"
CSI_DATA,9180,d8:b1:90:d9:de:f0,-40,9,-99,-35,41,104,659705878,185,0,106,0,"[-54,20,-60,19,-137,20,-83,19,164,20,-41,19,163,20,28,20,-155,20,89,20,-107,20,115,20,-56,20,111,20,-16,20,82,20,15,0,54,20,26,0,57,20,30,0,107,20,46,0,-163,20,86,0,-69,20,0,0,0,0,-104,0,8,0,-2,0,12,0,80,1,-28,20,96,1,-78,20,52,1,-101,20,-23,0,-91,20,-98,0,-54,20,-145,0,-5,20,-160,0,46,0,-148,0,82,0,-124,0,101,0,-120,0,83,0,-161,0]"
CSI_DATA,9181,d8:b1:90:d9:de:f0,-41,11,-99,-37,43,104,659914197,277,0,106,0,"[50,1,95,0,84,1,45,0,48,1,1,0,-8,0,-3,17,-64,0,10,0,-94,0,46,0,-105,0,95,0,-95,0,143,0,-71,0,-125,0,-73,0,-125,0,-101,0,142,0,125,0,114,0,35,0,106,0,0,0,0,0,-120,17,-129,0,138,17,-42,0,130,17,30,1,-133,17,61,1,-94,17,30,1,-65,17,-42,0,-69,17,-121,0,-87,17,117,0,-137,17,79,0,109,17,86,0,78,17,113,0,98,17,-145,0,-132,17]"
CSI_DATA,9182,d8:b1:90:d9:de:f0,-40,9,-99,-36,42,104,659914678,108,0,106,0,"[61,1,-33,18,65,1,-109,18,10,1,-143,18,-47,0,-130,18,-89,0,-98,18,-109,0,-50,18,-93,0,-3,18,-47,0,26,0,-11,0,36,0,-13,0,20,0,-56,0,15,0,-138,0,17,0,94,0,62,0,0,0,0,0,25,0,-112,0,46,0,-13,0,112,0,49,1,-157,0,50,1,-144,0,-8,0,151,0,-85,0,91,0,-142,0,26,0,154,0,-27,18,-152,0,-50,18,-104,0,-39,18,-59,0,11,0,-57,0,50,0]"
CSI_DATA,9183,d8:b1:90:d9:de:f0,-41,9,-99,-37,43,104,659914841,124,0,106,0,"[-61,16,25,0,-71,16,95,0,-21,16,135,0,39,17,124,0,84,17,94,0,98,17,55,0,87,17,18,0,49,17,-11,17,21,17,-16,17,16,17,-10,17,56,17,3,0,128,17,-8,17,-88,17,-50,17,0,0,0,0,-35,17,95,17,-79,17,13,17,-133,17,-39,16,107,17,-32,16,90,17,24,17,124,17,99,17,-109,17,145,17,-50,17,-135,17,0,0,137,17,16,0,92,17,-4,17,53,17,-56,17,53,17,-85,17]"
CSI_DATA,9184,d8:b1:90:d9:de:f0,-42,9,-99,-34,43,104,659914999,318,0,106,0,"[-41,0,-20,0,-6,0,-28,0,-21,0,-62,0,-68,0,-98,0,-127,0,-105,0,90,0,-103,0,38,0,-77,0,-2,15,-40,0,-34,15,-11,0,-42,15,-14,0,-47,15,-47,0,-49,15,-121,0,-75,15,62,0,0,0,0,0,86,15,-75,15,15,15,-119,15,-40,14,-130,15,-65,14,-115,15,-34,14,-87,15,34,15,-76,15,116,15,-80,15,-84,15,-105,15,-41,15,129,15,-18,15,80,15,-23,15,41,15,-48,15,45,15,-60,15]"
CSI_DATA,9185,d8:b1:90:d9:de:f0,-41,9,-99,-36,43,104,659915221,338,0,106,0,"[-61,15,57,0,-74,15,102,0,-33,15,112,0,17,16,93,0,61,16,49,0,85,16,-4,16,90,16,-62,16,75,16,-117,16,56,16,131,16,63,16,123,16,99,16,142,16,-116,16,-117,16,-23,16,-105,16,0,0,0,0,-140,0,-138,16,-71,0,88,16,-39,0,30,16,-47,0,1,16,-84,0,20,16,-120,0,85,16,135,0,-123,16,134,0,-52,16,-133,0,5,0,-89,0,40,0,-49,0,46,0,-44,0,19,0,-93,0]"
CSI_DATA,9186,d8:b1:90:d9:de:f0,-42,9,-99,-34,43,104,659915433,318,0,106,0,"[-61,14,-45,15,-90,14,-11,15,-50,14,14,0,5,15,4,0,52,15,-16,15,83,15,-52,15,101,15,-102,15,102,15,115,15,99,15,81,15,101,15,76,15,129,15,93,15,-88,15,-133,15,-3,15,-99,15,0,0,0,0,-106,0,-106,15,-39,0,115,15,1,1,74,15,-1,0,37,15,-42,0,46,15,-97,0,97,15,-132,0,-96,15,126,0,-32,15,-123,0,20,0,-87,0,55,0,-48,0,58,0,-42,0,27,0,-87,0]"
CSI_DATA,9187,d8:b1:90:d9:de:f0,-41,9,-99,-36,43,104,659915601,338,0,106,0,"[122,16,-26,15,72,16,-16,15,68,16,21,16,103,16,72,16,-134,16,100,16,-76,16,99,16,-24,16,84,16,11,0,43,16,38,0,13,16,39,0,12,16,31,0,56,16,43,0,124,16,74,0,-77,16,0,0,0,0,-86,0,44,0,1,1,66,0,63,1,50,0,88,1,16,0,49,1,-1,16,-23,0,3,0,-107,0,28,0,131,0,71,0,99,0,118,0,107,0,-118,0,135,0,-88,0,-127,0,-102,0,-141,0]"
CSI_DATA,9188,d8:b1:90:d9:de:f0,-39,9,-99,-37,41,104,659972016,130,0,106,0,"[-91,20,173,0,-84,20,-114,0,-15,20,-90,0,69,21,-129,0,120,21,183,0,141,21,98,0,135,21,34,0,94,21,-34,21,52,21,-81,21,53,21,-91,21,100,21,-90,21,-183,21,-95,21,-66,21,-122,21,0,0,0,0,77,0,111,21,126,0,4,21,114,0,-81,20,79,0,-111,20,56,0,-68,20,46,0,21,21,63,0,122,21,109,0,-175,21,157,0,-132,21,-157,0,-125,21,-119,0,-141,21,-126,0,-159,21,181,0]"
CSI_DATA,9189,d8:b1:90:d9:de:f0,-40,9,-99,-36,41,104,660020452,147,0,106,0,"[148,0,33,1,-152,0,42,1,-144,0,4,1,-173,0,-52,0,144,0,-84,0,74,0,-104,0,19,0,-88,0,-42,21,-52,0,-84,21,-32,0,-98,21,-38,0,-93,21,-72,0,-81,21,-163,0,-88,21,81,0,0,0,0,0,-173,21,-113,21,97,21,172,21,14,21,144,21,-29,19,145,21,-11,19,170,21,60,21,-169,21,146,21,-161,21,-132,21,-172,21,-81,21,162,21,-69,21,107,21,-74,21,67,21,-91,21,76,21,-107,21]"
CSI_DATA,9190,d8:b1:90:d9:de:f0,-40,9,-99,-37,42,104,660020582,167,0,106,0,"[44,1,99,0,80,1,60,0,59,1,27,0,3,1,22,0,-44,0,41,0,-93,0,71,0,-117,0,123,0,-117,0,-146,0,-121,0,-104,0,-129,0,-90,0,-158,0,-120,0,106,0,151,0,27,0,103,0,0,0,0,0,159,19,93,0,62,19,116,0,-11,18,-165,0,-24,18,-125,0,11,19,-121,0,62,19,-161,0,107,19,108,0,133,19,40,0,128,19,-20,19,95,19,-57,19,63,19,-68,19,57,19,-33,19,107,19]"
CSI_DATA,9191,d8:b1:90:d9:de:f0,-40,11,-99,-34,41,104,660331995,277,0,106,0,"[152,20,-45,18,74,20,-36,18,57,20,24,20,96,20,94,20,149,20,142,20,-112,20,165,20,-45,20,153,20,22,0,112,20,66,0,76,20,80,0,69,20,64,0,110,20,54,0,-144,20,72,0,-40,20,0,0,0,0,-153,0,154,0,-41,0,-134,0,46,1,-128,0,101,1,-165,0,70,1,124,0,-4,0,81,0,-113,0,70,0,132,0,85,0,65,0,126,0,36,0,-162,0,40,0,-113,0,64,0,-113,0,80,0]"
CSI_DATA,9192,d8:b1:90:d9:de:f0,-40,9,-99,-35,41,104,660332449,101,0,106,0,"[-60,19,-130,20,-112,19,-69,20,-79,19,-17,20,-13,19,10,0,60,20,-4,20,122,20,-35,20,157,20,-98,20,168,20,-164,20,163,20,131,20,163,20,118,20,-157,20,142,20,-97,20,-156,20,0,0,-111,20,0,0,0,0,-146,0,-118,20,-50,0,166,20,2,1,68,20,-8,0,19,20,-69,0,17,20,-139,0,75,20,157,0,160,20,141,0,-107,20,153,0,-34,20,-153,0,9,0,-115,0,21,0,-101,0,-1,20,-152,0]"
CSI_DATA,9193,d8:b1:90:d9:de:f0,-40,9,-99,-36,42,104,660332553,98,0,106,0,"[-91,0,7,1,-16,0,-11,0,-10,0,-75,0,-44,0,-137,0,-105,0,152,0,146,0,151,0,94,0,-148,0,52,0,-103,0,27,0,-64,0,23,0,-54,0,16,0,-85,0,2,0,-157,0,-50,18,81,0,0,0,0,0,99,18,-7,18,-12,17,-2,18,-86,17,50,0,-110,17,105,0,-61,17,137,0,21,18,124,0,108,18,79,0,-156,18,17,0,-135,18,-45,18,-153,18,-96,18,140,18,-122,18,125,18,-113,18,152,18]"
CSI_DATA,9194,d8:b1:90:d9:de:f0,-38,11,-99,-36,40,104,660504025,100,0,114,0,"[30,-28,36,-28,38,-26,41,-28,42,-25,41,-25,39,-23,38,-23,36,-22,34,-23,34,-22,33,-22,34,-23,34,-25,34,-28,36,-30,36,-31,38,-30,39,-33,38,-34,36,-36,36,-38,34,-39,34,-39,33,-38,33,-38,30,-38,31,-36,0,0,28,-38,30,-38,30,-39,28,-38,26,-41,28,-42,25,-42,26,-45,25,-42,23,-44,22,-42,19,-41,17,-39,15,-38,15,-36,14,-36,12,-34,12,-36,12,-38,11,-38,11,-39,12,-41,11,-42,14,-41,14,-39,14,-39,15,-36,15,-31]"
CSI_DATA,9195,d8:b1:90:d9:de:f0,-40,11,-99,-36,42,104,660540893,277,0,106,0,"[-50,17,46,0,-88,17,113,0,-52,17,156,0,5,18,158,0,57,18,132,0,86,18,90,0,94,18,35,0,79,18,-16,18,55,18,-55,18,51,18,-70,18,86,18,-64,18,-161,18,-62,18,-70,18,-74,18,0,0,0,0,91,0,144,18,139,0,49,18,146,0,-40,17,122,0,-86,17,85,0,-75,17,59,0,-7,17,60,0,73,18,78,0,142,18,113,0,-143,18,157,0,-133,18,-135,0,-143,18,-148,0,158,18,123,0]"
CSI_DATA,9196,d8:b1:90:d9:de:f0,-40,9,-99,-35,41,104,660541383,224,0,106,0,"[1,1,170,20,10,1,75,20,-38,0,35,20,-109,0,57,20,-153,0,101,20,-172,0,157,20,-152,0,-148,20,-107,0,-115,20,-67,0,-100,20,-60,0,-96,20,-93,0,-82,20,-160,0,-48,20,107,0,20,0,0,0,0,0,50,0,-155,0,83,0,-31,0,150,0,39,1,-139,0,53,1,-118,0,15,1,-139,0,-57,0,156,0,-127,0,94,0,-160,0,41,0,-153,0,8,0,-124,0,2,0,-89,0,31,0,-90,0,57,0]"
CSI_DATA,9197,d8:b1:90:d9:de:f0,-41,9,-99,-35,42,104,660750264,98,0,106,0,"[134,0,50,1,-128,0,61,1,-111,0,24,1,-144,0,-35,0,113,0,-78,0,56,0,-108,0,-14,18,-113,0,-92,18,-96,0,-151,18,-78,0,144,18,-79,0,152,18,-116,0,-121,18,128,0,-92,18,29,0,0,0,0,0,-89,18,132,18,-132,18,37,18,134,18,-31,17,99,18,-47,17,105,18,-15,17,144,18,44,18,-100,18,101,18,-26,18,141,18,39,0,-154,18,100,0,146,18,141,0,123,18,136,0,107,18,94,0]"
CSI_DATA,9198,d8:b1:90:d9:de:f0,-40,9,-99,-34,41,104,660750387,192,0,106,0,"[-72,18,-50,20,-116,18,-6,20,-82,18,29,0,-13,18,32,0,53,20,1,0,112,20,-44,20,149,20,-110,20,165,20,146,20,-164,20,81,20,-157,20,58,20,-126,20,90,20,-74,20,162,20,4,0,-100,20,0,0,0,0,-129,0,-26,20,-17,0,-21,20,81,1,-48,20,108,1,-77,20,69,1,-85,20,-4,0,-69,20,-92,0,-22,20,-158,0,36,0,148,0,102,0,138,0,169,0,149,0,-121,0,-170,0,-122,0,158,0]"
CSI_DATA,9199,d8:b1:90:d9:de:f0,-41,9,-99,-36,42,104,660750578,212,0,106,0,"[44,1,120,0,93,1,81,0,69,1,41,0,3,1,23,0,-64,0,36,0,-127,0,73,0,156,0,125,0,130,0,-125,0,118,0,-76,0,113,0,-61,0,94,0,-88,0,57,0,-151,0,-17,18,96,0,0,0,0,0,118,18,3,0,13,18,2,0,-59,17,25,0,-96,17,61,0,-64,17,75,0,11,18,57,0,94,18,20,0,153,18,-31,18,-132,18,-86,18,-130,18,-146,18,-148,18,130,18,159,18,135,18,-151,18]"
CSI_DATA,9200,d8:b1:90:d9:de:f0,-41,11,-99,-37,43,104,660958691,277,0,106,0,"[17,1,-76,0,77,1,-128,0,63,1,101,0,8,1,58,0,-55,0,43,0,-105,0,69,0,-136,0,106,0,-143,0,-140,0,-129,0,-99,0,-124,0,-98,0,-140,0,-123,0,98,0,131,0,19,0,107,0,0,0,0,0,-128,17,-136,0,117,17,-56,0,117,17,21,1,-140,17,63,1,-85,17,41,1,-48,17,-26,0,-42,17,-109,0,-66,17,122,0,-110,17,87,0,140,17,91,0,110,17,116,0,124,17,145,0,-114,17]"
CSI_DATA,9201,d8:b1:90:d9:de:f0,-41,9,-99,-34,42,104,660959136,130,0,106,0,"[-26,16,-80,0,-15,16,-20,0,34,17,-22,0,85,17,-67,0,111,17,-134,0,124,17,104,0,105,17,35,0,73,17,-21,17,46,17,-66,17,41,17,-85,17,79,17,-90,17,-152,17,-90,17,-54,17,-101,17,0,0,0,0,108,0,121,17,-137,0,35,17,-120,0,-32,16,-129,0,-67,16,140,0,-36,16,111,0,36,17,96,0,131,17,112,0,-93,17,144,0,-34,17,-115,0,0,0,-74,0,10,0,-70,0,-9,17,-120,0]"
CSI_DATA,9202,d8:b1:90:d9:de:f0,-40,9,-99,-33,41,104,660959253,113,0,106,0,"[-72,0,2,1,-15,0,-5,0,-24,0,-53,0,-75,0,-107,0,-138,0,-141,0,114,0,-138,0,47,0,-117,0,-19,19,-73,0,-60,19,-33,0,-77,19,-29,0,-81,19,-66,0,-81,19,-143,0,-103,19,81,0,0,0,0,0,119,19,-77,19,24,19,-133,19,-49,18,-142,19,-84,18,-120,19,-49,18,-91,19,37,19,-68,19,138,19,-77,19,-107,19,-107,19,-55,19,-151,19,-28,19,121,19,-29,19,75,19,-50,19,72,19,-66,19]"
CSI_DATA,9203,d8:b1:90:d9:de:f0,-40,9,-99,-36,42,104,661009439,262,0,106,0,"[-6,0,45,18,-52,0,-30,17,-127,0,-30,17,135,0,21,18,112,0,79,18,120,0,137,18,152,0,-151,18,-115,0,-142,18,-76,0,-146,18,-83,0,-144,18,-117,0,-128,18,156,0,-71,18,114,0,8,0,0,0,0,0,142,0,-146,0,-98,0,-76,0,-15,0,-62,0,37,1,-94,0,22,1,-154,0,-37,0,115,0,-124,0,94,0,128,0,107,0,84,0,137,0,83,0,-142,0,101,0,-107,0,132,0,-123,0,132,0]"
CSI_DATA,9204,d8:b1:90:d9:de:f0,-41,9,-99,-33,42,104,661009708,242,0,106,0,"[-57,17,-93,16,-108,17,-100,16,-122,17,-56,16,-98,17,6,17,-56,17,54,17,2,0,91,17,60,0,107,17,121,0,99,17,-124,0,101,17,-112,0,117,17,-130,0,-139,17,132,0,-76,17,102,0,17,0,0,0,0,0,100,0,-100,0,132,0,-20,0,-109,0,31,1,-83,0,36,1,-94,0,-5,0,-140,0,-56,0,86,0,-113,0,16,0,-142,0,-46,17,137,0,-93,17,-142,0,-123,17,-113,0,-114,17,-102,0,-73,17]"
CSI_DATA,9205,d8:b1:90:d9:de:f0,-41,11,-99,-35,42,104,661376488,277,0,106,0,"[-62,0,-25,0,6,1,-34,0,14,1,-83,0,-15,0,-133,0,-81,0,-156,0,-136,0,-155,0,117,0,-134,0,73,0,-94,0,42,0,-47,0,30,0,-31,0,14,0,-63,0,-8,18,-130,0,-53,18,111,0,0,0,0,0,128,18,-6,18,28,18,-24,18,-46,17,-17,18,-79,17,3,0,-58,17,19,0,-3,17,7,0,67,18,-13,18,123,18,-50,18,151,18,-97,18,155,18,-149,18,149,18,124,18,124,18,124,18,138,18]"
CSI_DATA,9206,d8:b1:90:d9:de:f0,-40,9,-99,-37,42,104,661376987,108,0,106,0,"[-99,0,6,19,-125,0,-67,18,145,0,-72,18,99,0,-23,18,86,0,37,19,99,0,86,19,136,0,130,19,-149,0,147,19,-95,0,-164,19,-81,0,-158,19,-103,0,-129,19,-141,0,-80,19,137,0,-2,19,0,0,0,0,119,0,156,0,155,0,-79,0,-123,0,-20,0,-86,0,0,1,-81,0,-28,0,-114,0,-69,0,163,0,-115,0,102,0,-132,0,51,0,-129,0,16,0,-102,0,0,0,-69,0,16,0,-54,0,34,0]"
CSI_DATA,9207,d8:b1:90:d9:de:f0,-41,9,-99,-35,42,104,661377150,98,0,106,0,"[69,18,-24,0,103,18,50,1,-145,18,56,1,-97,18,12,1,-81,18,-47,0,-88,18,-99,0,-121,18,-135,0,136,18,152,0,91,18,152,0,77,18,150,0,103,18,128,0,149,18,85,0,-118,18,14,0,0,0,0,0,-106,18,-154,18,-151,18,80,18,100,18,26,18,52,18,20,18,46,18,56,18,83,18,100,18,144,18,140,18,-110,18,149,18,-59,18,138,18,-31,18,102,18,-23,18,67,18,-57,18,55,18,-74,18]"
CSI_DATA,9208,d8:b1:90:d9:de:f0,-41,9,-99,-37,43,104,661377264,113,0,106,0,"[127,17,19,1,-118,17,80,1,-60,17,77,1,-21,17,27,1,-18,17,-32,0,-32,17,-79,0,-77,17,-103,0,-123,17,-109,0,131,17,-106,0,121,17,-105,0,133,17,-128,0,-130,17,120,0,-108,17,43,0,0,0,0,0,-139,17,-108,17,93,17,128,17,21,17,95,17,-19,16,105,17,-18,16,136,17,20,17,-128,17,87,17,-106,17,-147,17,-110,17,-107,17,-132,17,-98,17,121,17,-105,17,86,17,-127,17,85,17,-132,17]"
CSI_DATA,9209,d8:b1:90:d9:de:f0,-43,11,-99,-36,45,104,661503969,100,0,228,0,"[0,-17,0,-21,2,-24,5,-25,7,-24,8,-24,8,-22,110,65,8,-19,8,-17,8,-16,6,-15,4,-15,3,-16,2,-16,1,-16,0,-17,0,-18,0,-19,0,-19,0,-18,31,-52,0,-16,0,-13,-1,-11,-2,-8,-4,-6,-6,-3,0,0,-10,0,-14,0,-16,0,-19,0,-22,0,-24,0,-35,12,-25,-3,-25,-4,-24,-4,-22,-5,-20,-4,-18,-4,-16,-2,-15,0,-14,0,-12,1,-13,3,-13,4,-14,5,77,13,-16,6,-16,5,-16,4,-16,3,-14,1,-10,0,-8,0,11,2,10,-6,2,-10,-6,-8,-8,0,-4,8,4,8,20,-20,8,-9,0,-14,-12,-9,-17,0,-13,14,0,21,16,16,24,0,18,-16,1,-24,-16,-19,-24,-2,-16,15,-1,4,15,15,20,-1,10,-15,-4,-18,-16,-8,-16,6,0,0,6,17,16,7,16,-6,7,-15,-5,-15,-11,-6,-35,1,-1,8,5,3,5,-4,-2,-8,-9,-4,-11,6,-4,14,7,15,16,6,17,-6,9,-17,-4,-19,-16,-12,-35,8,-12,15,1,18,13,11,16,-1,8,-12,-3,-13,-11,-5]"
CSI_DATA,9210,d8:b1:90:d9:de:f0,-40,9,-99,-37,42,104,661585859,98,0,106,0,"[41,1,141,0,75,1,79,0,40,1,28,0,-25,0,15,0,-84,0,33,0,-120,0,76,0,-125,0,129,0,-110,0,-145,0,-84,0,-114,0,-88,0,-121,0,-132,0,-150,0,120,0,151,0,29,0,146,0,0,0,0,0,-115,19,-102,0,-158,19,-25,0,-160,19,49,1,-129,19,75,1,-94,19,34,1,-80,19,-34,0,-94,19,-116,0,-125,19,160,0,158,19,124,0,115,19,132,0,85,19,159,0,104,19,-145,0,-165,19]"
CSI_DATA,9211,d8:b1:90:d9:de:f0,-40,9,-99,-35,42,104,661586009,212,0,106,0,"[-64,17,26,0,-80,17,96,0,-26,17,134,0,39,18,117,0,90,18,69,0,101,18,30,0,81,18,-18,18,52,18,-46,18,26,18,-72,18,23,18,-66,18,64,18,-53,18,135,18,-68,18,-90,18,-105,18,0,0,0,0,-13,18,63,18,-23,18,-25,17,-57,18,-74,17,-101,18,-70,17,-118,18,-36,17,-89,18,41,18,-42,18,108,18,20,0,133,18,66,0,128,18,97,0,91,18,106,0,58,18,68,0,44,18,26,0]"
CSI_DATA,9212,d8:b1:90:d9:de:f0,-41,9,-99,-34,42,104,661586176,212,0,106,0,"[79,17,17,17,15,17,55,17,15,17,125,17,68,17,-135,17,127,17,-125,17,-136,17,-140,17,-109,17,121,17,-105,17,70,17,-121,17,33,17,-128,17,45,17,-114,17,87,17,-62,17,139,17,19,0,-129,17,0,0,0,0,-130,0,149,17,-74,0,76,17,-67,0,16,17,-92,0,-20,16,-142,0,-8,16,124,0,64,17,110,0,142,17,133,0,-104,17,-134,0,-74,17,-87,0,-77,17,-53,0,-102,17,-76,0,-144,17,-142,0]"
CSI_DATA,9213,d8:b1:90:d9:de:f0,-40,9,-99,-36,42,104,661586335,212,0,106,0,"[-40,17,135,0,-18,17,-105,0,51,18,-85,0,118,18,-125,0,144,18,144,0,139,18,91,0,101,18,56,0,52,18,42,0,17,18,54,0,27,18,64,0,71,18,71,0,138,18,26,0,-124,18,-51,18,0,0,0,0,-125,18,104,18,128,18,41,18,61,18,17,18,18,18,46,18,28,18,98,18,93,18,153,18,-152,18,-140,18,-84,18,-152,18,-46,18,132,18,-50,18,78,18,-83,18,44,18,-122,18,64,18,-132,18]"
CSI_DATA,9214,d8:b1:90:d9:de:f0,-40,9,-99,-37,42,104,661586503,212,0,106,0,"[5,19,94,19,-54,18,158,19,-33,18,-102,19,29,19,-68,19,94,19,-72,19,128,19,-95,19,136,19,-147,19,117,19,137,19,93,19,111,19,88,19,126,19,125,19,160,19,-132,19,-143,19,-47,19,-141,19,0,0,0,0,73,0,76,19,89,0,-7,18,64,0,-80,18,16,0,-93,18,-19,19,-50,18,-23,19,25,19,6,0,98,19,53,0,141,19,101,0,141,19,134,0,119,19,139,0,75,19,99,0,51,19,53,0]"
CSI_DATA,9215,d8:b1:90:d9:de:f0,-40,9,-99,-35,42,104,661586662,212,0,106,0,"[18,18,-75,0,64,18,-7,0,144,18,-2,0,-123,18,-52,0,-116,18,-108,0,-130,18,-146,0,136,18,149,0,94,18,-146,0,70,18,-130,0,77,18,-127,0,123,18,-139,0,-155,18,105,0,-144,18,23,0,0,0,0,0,92,18,-106,18,9,18,-121,18,-68,17,-106,18,-84,17,-56,18,-45,17,-19,18,22,18,-13,18,91,18,-25,18,135,18,-61,18,148,18,-111,18,116,18,-138,18,78,18,-148,18,58,18,-107,18,92,18]"
CSI_DATA,9216,d8:b1:90:d9:de:f0,-40,9,-99,-38,42,104,661586857,212,0,106,0,"[104,20,16,20,26,20,65,20,20,20,149,20,69,20,-141,20,125,20,-124,20,165,20,-138,20,-161,20,156,20,166,20,113,20,142,20,90,20,134,20,102,20,156,20,142,20,-114,20,-157,20,-28,20,-142,20,0,0,0,0,88,0,96,20,100,0,12,20,72,0,-72,18,17,0,-82,18,-21,20,-38,18,-25,20,37,20,-5,20,110,20,40,0,146,20,88,0,150,20,114,0,112,20,106,0,72,20,62,0,52,20,14,0]"
CSI_DATA,9217,d8:b1:90:d9:de:f0,-40,9,-99,-35,42,104,661587052,212,0,106,0,"[-132,18,-36,17,122,18,-30,17,121,18,14,18,-156,18,69,18,-97,18,102,18,-39,18,105,18,18,0,81,18,63,0,51,18,91,0,28,18,99,0,33,18,100,0,79,18,105,0,-154,18,132,0,-63,18,0,0,0,0,-79,0,68,0,-1,0,102,0,64,1,107,0,77,1,96,0,39,1,80,0,-33,0,75,0,-117,0,95,0,136,0,125,0,97,0,-141,0,89,0,-92,0,102,0,-58,0,119,0,-63,0,110,0]"
CSI_DATA,9218,d8:b1:90:d9:de:f0,-40,9,-99,-33,41,104,661587202,212,0,106,0,"[-71,0,-24,0,-15,0,-47,0,-27,0,-101,0,-85,0,-143,0,-152,0,-151,0,123,0,-139,0,72,0,-99,0,44,0,-49,0,27,0,-9,0,16,0,-14,0,1,0,-63,0,-38,19,-134,0,-101,19,117,0,0,0,0,0,69,19,38,0,-23,18,47,0,-75,18,71,0,-86,18,97,0,-42,18,101,0,31,19,62,0,101,19,7,0,141,19,-53,19,146,19,-108,19,132,19,-156,19,103,19,145,19,86,19,-164,19,124,19]"
CSI_DATA,9219,d8:b1:90:d9:de:f0,-39,9,-99,-34,40,104,661794766,130,0,106,0,"[103,22,-11,20,23,22,28,22,29,22,103,22,80,22,164,22,152,22,-191,22,-176,22,172,22,-140,22,134,22,-134,22,85,22,-142,22,50,22,-142,22,67,22,-103,22,124,22,-38,22,184,22,74,0,-143,22,0,0,0,0,-134,0,175,22,-58,0,97,22,-49,0,2,22,-94,0,-26,20,-155,0,-7,20,178,0,80,22,158,0,178,22,181,0,-140,22,-166,0,-104,22,-122,0,-106,22,-98,0,-128,22,-124,0,-158,22,184,0]"
CSI_DATA,9220,d8:b1:90:d9:de:f0,-39,9,-99,-34,40,104,661807534,98,0,106,0,"[152,0,-68,20,98,0,-106,20,52,0,-65,20,49,0,14,22,74,0,88,22,116,0,131,22,176,0,152,22,-149,0,146,22,-112,0,142,22,-121,0,148,22,-158,0,-164,22,178,0,-73,22,139,0,47,0,0,0,0,0,-184,0,-148,0,-112,0,-61,0,-35,0,-34,0,-11,0,-50,0,-46,0,-94,0,-115,0,-142,0,172,0,-167,0,94,0,-164,0,52,0,-140,0,19,0,-101,0,19,0,-77,0,41,0,-91,0,37,0]"
CSI_DATA,9221,d8:b1:90:d9:de:f0,-41,11,-99,-36,42,104,662212083,277,0,106,0,"[147,0,27,1,-112,0,41,1,-90,0,2,1,-119,0,-49,0,151,0,-93,0,91,0,-114,0,35,0,-100,0,-22,18,-78,0,-74,18,-45,0,-86,18,-44,0,-81,18,-80,0,-62,18,-156,0,-61,18,65,0,0,0,0,0,-124,18,-133,18,115,18,105,18,39,18,62,18,-11,17,65,18,-12,17,99,18,42,18,142,18,123,18,-148,18,-119,18,-148,18,-57,18,-161,18,-17,18,125,18,5,0,86,18,-13,18,74,18,-33,18]"
CSI_DATA,9222,d8:b1:90:d9:de:f0,-40,9,-99,-38,42,104,662212546,128,0,106,0,"[-10,18,-160,0,-12,18,-86,0,37,20,-61,0,89,20,-92,0,128,20,-149,0,142,20,138,0,117,20,80,0,82,20,34,0,40,20,0,0,36,20,-6,20,73,20,-6,20,153,20,-9,20,-93,20,-37,20,0,0,0,0,77,0,166,20,116,0,56,20,116,0,-45,18,88,0,-96,18,50,0,-76,18,28,0,-9,18,32,0,77,20,65,0,150,20,108,0,-141,20,162,0,-130,20,-134,0,-140,20,-141,0,-168,20,149,0]"
CSI_DATA,9223,d8:b1:90:d9:de:f0,-40,9,-99,-36,41,104,662212659,101,0,106,0,"[-31,19,117,0,-64,19,-176,0,-21,19,-142,0,42,21,-161,0,98,21,153,0,117,21,96,0,115,21,40,0,86,21,-19,21,42,21,-72,21,29,21,-80,21,72,21,-72,21,146,21,-62,21,-98,21,-73,21,0,0,0,0,83,0,-173,21,146,0,69,21,158,0,-26,19,132,0,-81,19,97,0,-70,19,67,0,4,21,66,0,101,21,98,0,172,21,135,0,-144,21,-172,0,-120,21,-122,0,-127,21,-121,0,-156,21,-179,0]"
CSI_DATA,9224,d8:b1:90:d9:de:f0,-42,9,-99,-34,43,104,662421418,130,0,106,0,"[-31,0,75,15,-34,0,10,15,-74,0,-2,14,-116,0,29,15,131,0,70,15,127,0,121,15,-118,0,-103,15,-77,0,-72,15,-31,0,-54,15,-12,0,-46,15,-23,0,-47,15,-67,0,-37,15,133,0,8,0,0,0,0,0,49,0,-133,0,61,0,-45,0,88,0,10,1,129,0,34,1,-121,0,13,1,130,0,-50,0,84,0,-109,0,26,0,132,0,-24,15,126,0,-69,15,-116,0,-92,15,-73,0,-76,15,-50,0,-40,15]"
CSI_DATA,9225,d8:b1:90:d9:de:f0,-41,9,-99,-36,43,104,662421588,98,0,106,0,"[122,0,-8,15,88,0,-63,15,41,0,-65,15,16,0,-20,15,22,0,33,16,41,0,76,16,86,0,100,16,138,0,100,16,-94,0,93,16,-80,0,87,16,-93,0,95,16,-124,0,139,16,127,0,-72,16,0,0,0,0,133,0,77,0,-96,0,-139,0,-26,0,-108,0,17,1,-109,0,13,1,-142,0,-35,0,113,0,-103,0,90,0,120,0,99,0,75,0,126,0,51,0,-111,0,61,0,-70,0,86,0,-58,0,104,0]"
CSI_DATA,9226,d8:b1:90:d9:de:f0,-41,9,-99,-36,43,104,662474731,98,0,106,0,"[79,0,-21,15,33,0,-76,15,-19,16,-68,15,-47,16,-17,15,-44,16,30,16,-19,16,69,16,22,0,80,16,63,0,67,16,102,0,41,16,107,0,26,16,99,0,37,16,79,0,83,16,81,0,-127,16,0,0,0,0,-139,0,-14,16,-57,0,8,0,12,1,-4,16,46,1,-33,16,31,1,-62,16,-20,0,-66,16,-80,0,-51,16,-121,0,-16,16,-138,0,17,0,-126,0,51,0,-103,0,74,0,-85,0,66,0,-98,0]"
CSI_DATA,9227,d8:b1:90:d9:de:f0,-41,11,-99,-33,42,104,662503666,100,0,114,0,"[23,-23,26,-24,30,-23,31,-21,33,-20,33,-19,32,-18,31,-16,30,-16,30,-16,28,-15,28,-15,27,-13,27,-16,28,-16,30,-18,31,-18,33,-18,33,-19,33,-19,33,-20,33,-20,33,-20,32,-20,32,-20,31,-19,31,-18,30,-18,0,0,28,-18,30,-18,31,-18,31,-19,31,-19,32,-19,31,-19,31,-20,30,-19,28,-19,27,-18,25,-18,24,-17,23,-17,23,-16,21,-16,20,-15,20,-15,21,-16,21,-16,21,-17,23,-18,24,-17,24,-17,25,-16,25,-15,25,-12,23,-10]"
CSI_DATA,9228,d8:b1:90:d9:de:f0,-47,9,-99,-37,49,104,662630361,108,0,106,0,"[35,0,12,0,54,0,-4,8,43,0,-25,8,14,0,-37,8,-17,0,-35,8,-45,0,-25,8,-66,0,-1,8,69,0,32,0,71,0,65,0,-73,0,-60,0,-72,0,-52,0,62,0,-56,0,32,0,-61,0,0,0,0,0,-19,8,-35,0,-36,8,2,0,-30,8,38,0,-7,8,50,0,17,0,34,0,29,0,-12,0,18,0,-59,0,-5,8,53,0,-37,8,36,0,-68,8,40,0,60,8,56,0,67,8,73,0,-57,8]"
CSI_DATA,9229,d8:b1:90:d9:de:f0,-52,9,-99,-36,53,104,662839242,98,0,106,0,"[-20,5,-23,4,0,0,-34,4,15,0,-27,4,22,0,-11,4,21,0,14,5,13,0,36,5,-4,5,-27,5,-26,5,-1,5,35,5,17,0,5,5,36,0,-10,4,40,0,-12,4,33,0,1,5,19,0,0,0,0,0,21,5,-16,5,44,5,-44,5,-34,5,21,5,-20,5,12,5,-16,5,16,5,-20,5,31,5,-28,5,-38,5,-37,5,-16,5,40,5,1,0,28,5,20,0,15,5,34,0,7,5,39,0,14,5]"
CSI_DATA,9230,d8:b1:90:d9:de:f0,-53,9,-99,-37,54,104,662839338,98,0,106,0,"[20,0,-24,4,31,0,-6,4,25,0,7,0,9,0,14,0,-11,0,16,0,-34,0,5,0,25,0,-5,4,-1,4,-27,4,-21,4,32,4,-40,4,5,4,39,4,-10,4,-38,4,-11,4,-27,4,0,4,0,0,0,0,8,0,15,4,34,0,35,4,-26,0,-38,4,-13,0,-28,4,-17,0,-26,4,-32,0,-27,4,30,0,-32,4,9,0,-37,4,-9,4,36,4,-27,4,26,4,41,4,17,4,34,4,13,4,38,4]"
CSI_DATA,9231,d8:b1:90:d9:de:f0,-46,11,-99,-33,47,104,663256576,277,0,106,0,"[62,0,22,0,77,0,25,0,81,0,11,0,78,0,-13,0,74,0,-32,0,64,0,-58,0,57,0,-79,0,40,0,59,0,8,0,27,0,-25,9,-1,9,-68,9,-27,9,61,9,-48,9,38,9,-66,9,0,0,0,0,2,9,-81,9,-27,9,68,9,-50,9,66,9,-68,9,67,9,-71,9,79,9,-43,9,-64,9,-6,9,-35,9,36,9,-21,9,75,9,-11,9,-58,9,-12,9,-29,9,-22,9,-5,9,-31,9,11,0]"
CSI_DATA,9232,d8:b1:90:d9:de:f0,-47,9,-99,-34,48,104,663257021,130,0,106,0,"[-29,8,-16,8,-32,8,-17,8,-22,8,-21,8,-4,8,-26,8,18,8,-26,8,38,8,-25,8,61,8,-22,8,-57,8,-19,8,-17,8,-12,8,27,0,-5,8,70,0,4,0,-47,0,14,0,-23,0,28,0,0,0,0,0,4,0,61,0,27,0,-67,0,44,0,-47,0,52,0,-33,0,43,0,-32,0,19,0,-46,0,-14,0,-67,0,-50,0,64,0,70,0,44,0,39,0,36,0,8,0,28,0,-14,8,20,0,-28,8]"
CSI_DATA,9233,d8:b1:90:d9:de:f0,-47,9,-99,-32,48,104,663257147,113,0,106,0,"[32,8,15,8,32,8,10,8,41,8,14,8,55,8,25,8,65,8,40,8,-62,8,54,8,-50,8,71,8,-31,8,-50,8,-5,8,-19,8,20,0,12,0,44,0,46,0,66,0,-69,0,-69,0,-48,0,0,0,0,0,-64,0,-3,0,-63,0,24,0,-66,0,46,0,-64,0,62,0,-66,0,56,0,70,0,33,0,56,0,-1,0,41,0,-38,0,25,0,-71,0,7,0,49,0,-10,8,26,0,-24,8,9,0,-27,8]"
CSI_DATA,9234,d8:b1:90:d9:de:f0,-45,9,-99,-33,46,104,663305148,124,0,106,0,"[31,0,69,10,25,0,42,10,3,0,37,10,-23,0,50,10,-48,0,60,10,-75,0,77,10,90,0,-88,10,66,0,-62,10,38,0,-26,10,12,0,18,0,-8,10,67,0,-26,10,-81,0,-39,10,-59,0,0,0,0,0,-58,10,-22,0,-80,10,7,0,89,10,34,0,80,10,59,0,-92,10,63,0,-66,10,45,0,-40,10,10,0,-13,10,-34,0,0,0,-79,0,-4,10,65,0,-18,10,26,0,-37,10,0,10,-48,10]"
CSI_DATA,9235,d8:b1:90:d9:de:f0,-45,11,-99,-35,46,104,663465663,277,0,106,0,"[87,0,-40,10,58,0,-67,10,19,0,-56,10,-4,11,-17,10,-20,11,31,11,-23,11,83,11,-5,11,-64,11,28,0,-21,11,81,0,16,0,-74,0,37,0,-44,0,50,0,-35,0,58,0,-49,0,74,0,0,0,0,0,-48,0,-78,0,-16,0,-47,0,16,0,-29,0,40,0,-37,0,38,0,-69,0,11,0,81,0,-44,0,45,0,94,0,27,0,41,0,22,0,0,11,45,0,-29,11,71,0,-36,11,94,0,-36,11]"
CSI_DATA,9236,d8:b1:90:d9:de:f0,-45,9,-99,-37,47,104,663466117,98,0,106,0,"[-45,10,-56,10,-68,10,-43,10,-57,10,-23,10,-18,10,-8,10,27,10,3,0,75,10,1,0,-56,10,-8,10,-5,10,-32,10,50,0,-62,10,91,0,-84,10,-69,0,90,10,-53,0,-86,10,-43,0,-58,10,0,0,0,0,-12,0,5,0,32,0,32,0,69,0,43,0,83,0,38,0,68,0,26,0,25,0,12,0,-36,0,2,0,87,0,7,0,36,0,17,0,-5,10,39,0,-37,10,69,0,-49,10,86,0,-47,10]"
CSI_DATA,9237,d8:b1:90:d9:de:f0,-45,9,-99,-34,46,104,663498618,98,0,106,0,"[68,11,-47,10,56,11,-64,10,59,11,-50,10,76,11,-20,10,92,11,20,11,-76,11,60,11,-43,11,-87,11,-4,11,-41,11,40,0,2,0,80,0,44,0,-83,0,80,0,-74,0,-86,0,-92,0,-67,0,0,0,0,0,46,0,-25,0,24,0,19,0,6,0,50,0,-5,11,69,0,-3,11,62,0,4,0,23,0,5,0,-32,0,5,0,-84,0,1,0,57,0,-14,11,14,0,-32,11,-23,11,-47,11,-45,11,-50,11]"
CSI_DATA,9238,d8:b1:90:d9:de:f0,-48,11,-99,-35,49,104,663503817,100,0,228,0,"[-8,-9,-9,-11,-9,-12,-9,-13,-9,-14,-8,-14,-8,-15,67,40,-5,-14,-4,-13,-3,-12,-2,-10,-1,-9,-1,-8,-1,-6,0,-4,0,-2,0,0,-1,1,-1,3,-2,4,19,-32,-3,7,-3,8,-3,9,-3,9,-3,9,-2,9,0,0,-1,10,-1,11,0,12,0,13,0,14,0,15,20,0,0,16,0,16,-1,16,-2,15,-2,13,-2,11,-3,9,-3,8,-2,6,-2,4,-1,3,-1,2,0,1,3,0,2,0,3,-1,3,-1,3,-1,3,-1,3,-1,3,-1,-3,-6,-8,-3,-10,2,-7,9,1,12,9,8,12,-1,1,-24,-1,-12,-9,-6,-11,2,-6,10,3,12,12,6,14,-4,6,-14,-5,-15,-14,-8,-16,4,-9,14,2,16,8,16,13,-1,7,-7,0,-8,-4,-4,-3,0,0,1,0,0,0,-2,-2,-2,-5,0,-4,4,0,7,6,5,8,15,4,-6,-2,-8,-7,-3,-7,3,-1,8,6,7,9,0,7,-7,0,-10,-7,-8,-12,-1,-9,7,-2,13,7,11,12,4,12,-4,5,-9,-1,-9,-6,-4,-5,0,-2,2]"
CSI_DATA,9239,d8:b1:90:d9:de:f0,-46,9,-99,-38,48,104,663674828,310,0,106,0,"[-17,9,28,0,-50,9,11,0,-55,9,4,0,-32,9,4,0,5,10,10,0,56,10,12,0,-56,10,11,0,13,0,8,0,-80,0,-2,10,-18,0,-16,10,19,0,-21,10,21,0,-19,10,-1,0,-2,10,0,0,0,0,-66,0,68,0,79,0,-44,0,61,0,7,0,50,0,44,0,46,0,47,0,44,0,15,0,36,0,-32,0,32,0,79,0,19,0,28,0,3,0,-20,10,-18,10,-63,10,-36,10,80,10,-45,10]"
CSI_DATA,9240,d8:b1:90:d9:de:f0,-46,9,-99,-36,47,104,663675040,290,0,106,0,"[-4,9,58,0,-46,9,49,0,-56,9,48,0,-33,9,48,0,9,10,40,0,60,10,31,0,-59,10,17,0,12,0,-8,10,89,0,-43,10,-33,0,-79,10,-2,0,81,10,2,0,82,10,-14,0,-63,10,0,0,0,0,-62,0,25,0,-63,0,-86,0,-54,0,-27,0,-48,0,12,0,-53,0,14,0,-67,0,-13,0,89,0,-62,0,59,0,70,0,27,0,22,0,-14,10,-19,10,-55,10,-48,10,-88,10,-65,10,80,10]"
CSI_DATA,9241,d8:b1:90:d9:de:f0,-46,9,-99,-37,48,104,663675209,113,0,106,0,"[-7,9,-44,9,-37,9,-64,9,-43,9,-68,9,-27,9,-55,9,9,9,-40,9,51,9,-27,9,-54,9,-9,9,16,0,1,0,-71,0,5,0,-8,0,2,0,23,0,-5,9,24,0,-1,9,1,0,13,0,0,0,0,0,-73,0,68,0,66,0,-43,0,50,0,9,0,40,0,47,0,39,0,46,0,38,0,19,0,37,0,-33,0,31,0,81,0,16,0,26,0,-6,9,-20,9,-33,9,-59,9,-54,9,81,9,-68,9]"
CSI_DATA,9242,d8:b1:90:d9:de:f0,-46,9,-99,-38,48,104,663704733,252,0,106,0,"[2,0,80,0,17,0,-49,0,10,0,-33,0,-14,0,-40,0,-44,0,-60,0,-78,0,74,0,59,0,28,0,18,0,-26,10,-20,10,80,10,-54,10,24,10,-69,10,-10,9,-61,10,-21,9,-32,10,3,10,0,0,0,0,53,0,65,10,-54,0,-74,10,0,0,-46,10,41,0,-20,10,52,0,-7,10,24,0,-3,10,-25,0,-12,10,-73,0,-22,10,42,0,-38,10,-12,10,-50,10,-64,10,-62,10,65,10,-61,10,55,10]"
CSI_DATA,9243,d8:b1:90:d9:de:f0,-44,9,-99,-36,46,104,663883726,98,0,106,0,"[-64,11,7,11,-80,11,-50,11,-71,11,-57,11,-45,11,-22,11,-22,11,36,11,-3,11,-96,11,4,0,-16,11,-6,11,74,0,-30,11,-38,0,-58,11,19,0,-77,11,34,0,-81,11,9,0,-66,11,-50,0,0,0,0,0,27,0,15,0,90,0,-58,11,-50,0,88,11,-7,0,50,11,5,0,52,11,-18,0,80,11,-72,0,-87,11,69,0,-55,11,1,0,-28,11,-71,11,-7,11,65,11,11,0,19,11,30,0,16,11]"
CSI_DATA,9244,d8:b1:90:d9:de:f0,-45,9,-99,-38,47,104,663902463,224,0,106,0,"[-20,0,-83,0,28,0,-59,0,30,0,-57,0,-5,0,-74,0,-53,0,95,0,74,0,62,0,12,0,26,0,-62,11,-23,11,61,11,-74,11,17,11,77,11,0,11,59,11,17,11,71,11,62,11,-81,11,0,0,0,0,-23,11,31,0,45,0,90,0,-91,0,-51,0,-47,0,-14,0,-36,0,-14,0,-56,0,-45,0,-90,0,-94,0,60,0,41,0,22,0,-11,11,-19,11,-60,11,-68,11,86,11,85,11,68,11,63,11]"
CSI_DATA,9245,d8:b1:90:d9:de:f0,-39,11,-99,-36,40,104,664092171,277,0,106,0,"[-66,0,-163,0,12,1,-112,0,-1,0,-120,0,-88,0,-147,0,194,0,-196,0,66,0,150,0,-85,23,93,0,155,23,19,0,9,23,-58,23,-85,22,-117,23,-85,22,-136,23,-11,22,-114,23,125,23,-74,23,0,0,0,0,55,0,44,0,-180,0,99,0,-36,0,150,0,36,1,174,0,25,1,167,0,-68,0,136,0,199,0,99,0,50,0,58,0,-90,23,25,0,174,23,-3,23,44,23,-14,23,-33,22,12,0,-3,22]"
CSI_DATA,9246,d8:b1:90:d9:de:f0,-39,9,-99,-36,40,104,664092643,108,0,106,0,"[-77,0,163,23,-26,0,74,23,-63,0,44,23,-129,0,95,23,-193,0,182,23,166,0,-101,23,148,0,42,0,160,0,-199,0,198,0,-49,0,-161,0,42,1,-136,0,30,1,-150,0,-57,0,187,0,-180,0,0,0,0,0,-50,23,-20,23,190,23,-87,23,36,23,-115,23,-50,22,-99,23,-49,22,-55,23,36,23,-28,23,172,23,-20,23,-104,23,-47,23,30,0,-95,23,129,0,-188,23,196,0,109,23,185,0,17,23,98,0]"
CSI_DATA,9247,d8:b1:90:d9:de:f0,-39,9,-99,-38,41,104,664092761,130,0,106,0,"[49,22,175,22,-46,20,179,22,-56,20,-161,22,14,22,-115,22,113,22,-89,22,-142,22,-98,22,-17,22,-145,22,112,0,169,22,-166,0,77,22,-115,0,5,22,-124,0,-19,20,181,0,26,22,101,0,130,22,0,0,0,0,10,0,47,0,13,0,-158,0,67,0,-20,0,122,0,44,1,148,0,19,1,146,0,-68,0,92,0,-185,0,7,0,94,0,-92,22,14,0,169,22,-17,22,46,22,-10,22,-13,20,35,0,13,22]"
