CSI_DATA,121314,d8:b1:90:d9:de:f0,-38,11,-99,-36,39,104,-1713488463,277,0,106,0,"[90,16,-132,16,-8,15,-136,16,-56,15,-94,16,-62,15,-30,16,-39,15,17,0,2,16,44,0,41,16,48,0,76,16,17,0,114,16,-28,16,126,16,-86,16,133,16,-126,16,129,16,140,16,139,16,-134,16,0,0,0,0,-77,16,-112,16,-7,16,-115,16,65,0,125,16,117,0,62,16,132,0,-4,15,113,0,-37,15,78,0,-34,15,41,0,-14,15,14,0,11,16,0,0,40,16,19,0,66,16,39,0,81,16,51,0]"
CSI_DATA,121315,d8:b1:90:d9:de:f0,-37,9,-99,-37,39,104,-1713488009,98,0,106,0,"[-75,0,100,0,19,1,125,0,68,1,101,0,66,1,64,0,47,1,34,0,3,1,23,0,-35,0,25,0,-85,0,63,0,-146,0,121,0,99,0,-114,0,63,0,-71,0,40,0,-54,0,26,0,-77,0,0,0,0,0,-13,17,-135,0,-86,17,98,0,114,17,54,0,30,17,23,0,-31,16,15,0,-58,16,21,0,-54,16,30,0,-23,16,34,0,13,17,31,0,40,17,17,0,69,17,-20,17,91,17,-63,17,102,17]"
CSI_DATA,121316,d8:b1:90:d9:de:f0,-38,9,-99,-34,39,104,-1713487895,130,0,106,0,"[-40,15,48,15,-75,15,-26,14,-116,15,-55,14,119,15,-33,14,110,15,1,15,122,15,34,15,-122,15,65,15,-73,15,82,15,-4,15,94,15,66,0,96,15,121,0,103,15,-128,0,106,15,-126,0,118,15,0,0,0,0,124,0,-68,15,120,0,3,0,-129,0,92,0,-94,0,-101,0,-55,0,-56,0,-28,0,-42,0,-27,0,-56,0,-39,0,-80,0,-62,0,-103,0,-96,0,-118,0,-134,0,-114,0,95,0,-95,0,68,0]"
CSI_DATA,121317,d8:b1:90:d9:de:f0,-40,11,-99,-36,42,104,-1713308746,100,0,228,0,"[-5,-7,-7,-8,-10,-11,-11,-14,-12,-16,-11,-19,-11,-20,86,35,-7,-21,-6,-20,-4,-19,-3,-19,-3,-18,-3,-16,-2,-15,-2,-14,-3,-12,-4,-11,-6,-9,-7,-8,-9,-7,-27,-23,-11,-4,-12,-3,-13,-3,-12,-3,-12,-3,-11,-2,0,0,-9,-1,-7,0,-7,1,-6,3,-6,7,-5,9,-65,11,-6,15,-6,17,-7,19,-9,19,-9,19,-10,19,-11,17,-11,17,-11,16,-11,15,-10,14,-10,13,-9,12,94,11,-7,11,-6,11,-4,12,-3,11,-3,11,-3,11,-3,10,7,-6,0,-11,-7,-11,-12,-2,-11,7,-3,11,6,9,0,-20,6,-6,-1,-7,-7,-1,-5,6,1,10,11,7,15,-3,10,-14,-3,-19,-17,-13,-23,2,-17,19,0,27,7,13,25,0,18,-15,1,-21,-11,-15,-16,0,-10,10,0,0,10,6,11,-3,3,-11,-7,-10,-13,0,-9,10,-5,27,11,9,13,0,7,-9,0,-11,-7,-4,-6,1,0,4,3,2,3,-3,0,-7,-8,-5,-11,3,-7,12,-4,29,15,12,23,-1,17,-15,3,-23,-12,-19,-21,-7,-18,7]"
CSI_DATA,121318,d8:b1:90:d9:de:f0,-37,11,-99,-35,38,104,-1713279563,277,0,106,0,"[154,0,-106,0,-66,0,-61,0,12,1,-83,0,37,1,-141,0,25,1,106,0,-8,0,75,0,-44,0,57,0,-89,0,64,0,-146,0,108,0,130,0,-149,0,108,0,-108,0,95,0,-90,0,85,0,-116,0,0,0,0,0,47,0,149,0,-42,18,114,0,-138,18,135,0,91,18,-140,0,44,18,-89,0,39,18,-51,0,78,18,-30,0,124,18,-33,0,-154,18,-53,0,-123,18,-75,0,-128,18,-110,0,-150,18,-138,0,-151,18]"
CSI_DATA,121319,d8:b1:90:d9:de:f0,-37,9,-99,-36,39,104,-1713279082,101,0,106,0,"[-58,16,-56,0,-59,16,23,1,-31,16,68,1,7,0,62,1,33,0,38,1,23,0,-2,0,16,0,-37,0,-15,16,-76,0,-75,16,-120,0,-134,16,123,0,106,16,97,0,88,16,72,0,88,16,52,0,0,0,0,0,-130,16,-6,16,-89,16,-76,16,-65,16,125,16,-51,16,33,16,-53,16,-22,15,-58,16,-56,15,-71,16,-44,15,-77,16,-19,15,-68,16,24,16,-54,16,44,16,-20,16,69,16,26,0,84,16,49,0]"
CSI_DATA,121320,d8:b1:90:d9:de:f0,-38,9,-99,-35,39,104,-1713070210,130,0,106,0,"[117,0,75,16,-134,0,-6,15,133,0,-52,15,103,0,-52,15,79,0,-38,15,63,0,-2,15,64,0,39,16,91,0,89,16,124,0,-127,16,-111,0,-62,16,-81,0,-10,16,-68,0,13,0,-78,0,25,0,0,0,0,0,118,0,66,0,46,0,103,0,-22,16,-109,0,-80,16,-41,0,-107,16,15,1,-109,16,42,1,-105,16,37,1,-87,16,16,1,-80,16,-20,0,-88,16,-51,0,-105,16,-87,0,-129,16,-124,0,133,16]"
CSI_DATA,121321,d8:b1:90:d9:de:f0,-38,9,-99,-36,40,104,-1713070039,224,0,106,0,"[-109,15,-68,0,121,15,5,1,-120,15,49,1,-91,15,46,1,-66,15,37,1,-53,15,-1,0,-52,15,-37,0,-69,15,-82,0,-110,15,118,0,110,15,69,0,73,15,32,0,60,15,7,0,72,15,-11,15,0,0,0,0,-110,15,-48,15,-57,15,-95,15,-9,15,101,15,31,0,31,15,54,0,-33,14,51,0,-50,14,39,0,-45,14,31,0,-16,14,24,0,12,15,37,0,37,15,53,0,62,15,86,0,91,15,103,0]"
CSI_DATA,121322,d8:b1:90:d9:de:f0,-38,9,-99,-34,39,104,-1713069867,228,0,106,0,"[-70,15,52,15,-112,15,-19,14,111,15,-39,14,85,15,-16,14,77,15,21,15,98,15,52,15,128,15,79,15,-92,15,91,15,-23,15,94,15,49,0,91,15,105,0,88,15,128,0,85,15,134,0,100,15,0,0,0,0,118,0,-91,15,122,0,-9,15,-118,0,80,0,-76,0,-118,0,-32,0,-70,0,-5,0,-63,0,-8,0,-77,0,-23,0,-104,0,-49,0,-127,0,-80,0,-133,0,-118,0,-128,0,108,0,-106,0,81,0]"
CSI_DATA,121323,d8:b1:90:d9:de:f0,-37,9,-99,-34,38,104,-1713069727,248,0,106,0,"[-59,0,9,0,33,1,-8,17,77,1,-57,17,61,1,-98,17,17,1,-115,17,-22,0,-115,17,-58,0,-86,17,-85,0,-41,17,-111,0,34,0,-122,0,104,0,-135,0,-141,0,-139,0,-117,0,144,0,-121,0,0,0,0,0,66,0,144,0,-10,17,129,0,-110,17,147,0,105,17,-124,0,48,17,-89,0,29,17,-65,0,51,17,-54,0,80,17,-65,0,109,17,-86,0,128,17,-122,0,127,17,139,0,108,17,91,0,99,17]"
CSI_DATA,121324,d8:b1:90:d9:de:f0,-38,9,-99,-35,39,104,-1713069556,108,0,106,0,"[42,16,16,0,-39,15,51,0,-64,15,102,0,-44,15,-135,0,-1,15,-117,0,32,16,-124,0,66,16,133,0,91,16,91,0,102,16,20,0,103,16,-46,16,101,16,-93,16,102,16,-116,16,116,16,-116,16,0,0,0,0,-81,16,-106,16,-11,16,-119,16,71,0,119,16,134,0,66,16,-109,0,9,16,-105,0,-19,15,-133,0,-17,15,115,0,-1,15,95,0,22,16,85,0,49,16,94,0,83,16,121,0,115,16,133,0]"
CSI_DATA,121325,d8:b1:90:d9:de:f0,-37,9,-99,-37,39,104,-1712861310,98,0,106,0,"[60,0,-61,0,117,0,11,1,-106,0,26,1,-62,0,-13,0,-47,0,-66,0,-60,0,-116,0,-77,0,-147,0,-120,0,140,0,105,0,-128,0,63,0,-97,0,30,0,-70,0,19,0,-58,0,20,0,-78,0,0,0,0,0,-2,17,-130,0,-69,17,114,0,144,17,107,0,68,17,118,0,11,17,-136,0,1,17,-100,0,28,17,-76,0,62,17,-83,0,102,17,-84,0,132,17,-99,0,135,17,-129,0,123,17,137,0,123,17]"
CSI_DATA,121326,d8:b1:90:d9:de:f0,-37,9,-99,-34,38,104,-1712861215,128,0,106,0,"[59,17,-3,17,-34,16,41,0,-59,16,115,0,-27,16,-129,0,24,17,-99,0,79,17,-93,0,124,17,-116,0,135,17,146,0,125,17,83,0,101,17,27,0,74,17,-14,17,66,17,-16,17,77,17,-9,17,0,0,0,0,149,17,-29,17,-98,17,-78,17,-73,17,131,17,-78,17,49,17,-114,17,-15,16,143,17,-26,16,118,17,3,17,98,17,46,17,99,17,95,17,120,17,122,17,149,17,130,17,-125,17,125,17,-109,17]"
CSI_DATA,121327,d8:b1:90:d9:de:f0,-38,9,-99,-35,39,104,-1712861111,98,0,106,0,"[-125,0,104,16,-86,0,30,16,-87,0,-18,15,-124,0,-28,15,127,0,-13,15,112,0,18,16,106,0,61,16,118,0,113,16,-128,0,-101,16,-99,0,-33,16,-74,0,15,0,-68,0,42,0,-80,0,55,0,0,0,0,0,115,0,82,0,39,0,109,0,-30,16,-111,0,-91,16,-47,0,-125,16,4,1,-136,16,30,1,-123,16,26,1,-111,16,5,1,-95,16,-28,0,-93,16,-63,0,-112,16,-100,0,135,16,-137,0,123,16]"
CSI_DATA,121328,d8:b1:90:d9:de:f0,-37,9,-99,-38,39,104,-1712860997,98,0,106,0,"[65,17,-29,17,-34,16,-23,17,-80,16,9,0,-67,16,54,0,-35,16,71,0,3,17,62,0,45,17,43,0,78,17,0,0,117,17,-66,17,147,17,-136,17,-123,17,108,17,-106,17,86,17,-82,17,105,17,0,0,0,0,-29,17,149,17,62,0,-106,17,-142,0,-101,17,-45,0,-89,17,17,1,-96,17,41,1,-114,17,30,1,-120,17,3,1,-122,17,-28,0,-118,17,-64,0,-82,17,-80,0,-43,17,-83,0,8,0,-91,0]"
CSI_DATA,121329,d8:b1:90:d9:de:f0,-37,11,-99,-38,39,104,-1712652865,277,0,106,0,"[140,17,115,17,70,17,64,17,10,17,72,17,-3,16,112,17,-5,16,149,17,28,17,-124,17,58,17,-108,17,99,17,-117,17,-137,17,149,17,-87,17,112,17,-45,17,82,17,-24,17,74,17,-8,17,96,17,0,0,0,0,30,0,146,17,92,0,-96,17,-124,0,-72,17,-43,0,-54,17,20,1,-60,17,41,1,-77,17,34,1,-93,17,-3,0,-93,17,-32,0,-99,17,-53,0,-89,17,-70,0,-62,17,-76,0,-22,17,-87,0]"
CSI_DATA,121330,d8:b1:90:d9:de:f0,-38,9,-99,-35,39,104,-1712652366,130,0,106,0,"[-15,16,-45,0,18,0,32,1,85,0,58,1,131,0,33,1,-113,0,-3,0,-117,0,-49,0,-126,0,-87,0,109,0,-106,0,50,0,-111,0,-14,16,-98,0,-50,16,-80,0,-62,16,-71,0,-55,16,-83,0,0,0,0,0,-63,16,126,0,-97,16,67,0,109,16,14,0,29,16,-4,16,-35,15,2,0,-56,15,33,0,-43,15,64,0,-3,15,89,0,33,16,94,0,58,16,93,0,75,16,68,0,83,16,37,0,87,16]"
CSI_DATA,121331,d8:b1:90:d9:de:f0,-37,9,-99,-37,39,104,-1712652222,98,0,106,0,"[98,0,-77,0,-127,0,-6,0,-50,0,-10,0,-16,0,-60,0,-6,0,-117,0,-30,0,130,0,-63,0,105,0,-108,0,108,0,127,0,138,0,79,0,-103,0,56,0,-63,0,55,0,-46,0,56,0,-71,0,0,0,0,0,32,0,-131,0,-39,17,124,0,-132,17,125,0,84,17,-147,0,30,17,-98,0,27,17,-58,0,66,17,-38,0,116,17,-43,0,-145,17,-63,0,-130,17,-81,0,-129,17,-117,0,-147,17,-145,0,136,17]"
CSI_DATA,121332,d8:b1:90:d9:de:f0,-36,9,-99,-36,38,104,-1712631273,124,0,106,0,"[-84,0,122,0,16,1,128,0,76,1,81,0,74,1,25,0,47,1,-22,18,1,1,-40,18,-36,0,-36,18,-73,0,-8,18,-114,0,45,0,-132,0,117,0,-143,0,-152,0,-146,0,-130,0,-159,0,-146,0,0,0,0,0,90,0,140,0,3,0,138,0,-89,18,-137,0,159,18,-76,0,127,18,-17,0,133,18,23,1,-151,18,31,1,-103,18,13,1,-76,18,-18,0,-69,18,-49,0,-79,18,-81,0,-107,18,-110,0,-122,18]"
CSI_DATA,121333,d8:b1:90:d9:de:f0,-35,11,-99,-37,37,104,-1712308826,100,0,114,0,"[29,23,30,26,31,31,30,34,31,34,30,34,26,33,26,31,24,29,24,30,24,29,24,27,24,27,24,27,26,26,27,29,29,29,31,30,33,30,33,30,34,29,34,27,36,29,37,27,34,27,33,27,34,26,34,24,0,0,36,26,36,24,37,24,36,24,39,23,37,23,39,23,40,23,40,20,39,20,36,18,36,17,36,17,34,15,33,14,33,14,31,13,31,11,33,11,34,11,37,13,39,13,39,14,40,15,40,17,39,18,36,18,31,18]"
CSI_DATA,121334,d8:b1:90:d9:de:f0,-38,9,-99,-35,39,104,-1712234621,130,0,106,0,"[-53,0,-19,16,31,1,-53,16,56,1,-113,16,29,1,125,16,-15,0,106,16,-58,0,106,16,-90,0,130,16,-112,0,-103,16,-106,0,-41,16,-95,0,22,0,-81,0,68,0,-71,0,81,0,-78,0,77,0,0,0,0,0,119,0,82,0,59,0,107,0,-7,16,-112,0,-47,16,-39,0,-51,16,27,1,-32,16,55,1,-8,16,44,1,18,0,18,1,29,0,-18,0,23,0,-46,0,-1,16,-69,0,-28,16,-83,0,-47,16]"
CSI_DATA,121335,d8:b1:90:d9:de:f0,-37,9,-99,-33,38,104,-1712234459,113,0,106,0,"[-43,17,-55,0,-24,17,39,1,38,0,81,1,91,0,66,1,131,0,24,1,131,0,-20,0,120,0,-65,0,78,0,-92,0,8,0,-99,0,-54,17,-94,0,-106,17,-86,0,-121,17,-81,0,-112,17,-93,0,0,0,0,0,-95,17,127,0,-118,17,55,0,115,17,-16,17,39,17,-62,17,-32,16,-77,17,-62,16,-58,17,-58,16,-20,17,-27,16,8,0,6,17,23,0,43,17,25,0,66,17,2,0,81,17,-39,17,91,17]"
CSI_DATA,121336,d8:b1:90:d9:de:f0,-38,9,-99,-35,39,104,-1711816768,113,0,106,0,"[-73,0,105,0,13,1,115,0,65,1,80,0,69,1,39,0,42,1,5,0,3,1,-17,16,-29,0,-14,16,-69,0,10,0,-113,0,66,0,137,0,122,0,113,0,-114,0,103,0,-99,0,93,0,-103,0,0,0,0,0,25,0,134,0,-42,16,107,0,-130,16,109,0,66,16,130,0,14,16,-109,0,-1,15,-79,0,23,16,-66,0,54,16,-75,0,87,16,-83,0,106,16,-107,0,110,16,137,0,103,16,103,0,103,16]"
CSI_DATA,121337,d8:b1:90:d9:de:f0,-37,9,-99,-34,38,104,-1711816605,98,0,106,0,"[-54,17,-55,0,-40,17,43,1,15,0,87,1,65,0,78,1,99,0,32,1,110,0,-13,0,101,0,-54,0,61,0,-87,0,-7,17,-109,0,-73,17,-117,0,-125,17,-121,0,-150,17,-118,0,-136,17,-139,0,0,0,0,0,-115,17,89,0,-128,17,9,0,136,17,-79,17,79,17,-147,17,10,17,118,17,-21,16,123,17,-21,16,-146,17,0,17,-111,17,22,17,-86,17,48,17,-77,17,85,17,-91,17,109,17,-114,17,133,17]"
CSI_DATA,121338,d8:b1:90:d9:de:f0,-38,9,-99,-36,39,104,-1711816509,98,0,106,0,"[81,16,-112,16,-7,15,-116,16,-62,15,-81,16,-67,15,-23,16,-34,15,13,0,3,16,35,0,39,16,30,0,77,16,6,0,114,16,-43,16,135,16,-104,16,-135,16,138,16,-129,16,121,16,-118,16,126,16,0,0,0,0,-51,16,-123,16,16,0,-114,16,104,0,-143,16,-113,0,105,16,-74,0,52,16,-75,0,15,16,-106,0,8,16,-142,0,15,16,109,0,34,16,103,0,63,16,105,0,97,16,125,0,124,16,132,0]"
CSI_DATA,121339,d8:b1:90:d9:de:f0,-37,9,-99,-37,39,104,-1711816414,130,0,106,0,"[-133,0,106,17,-102,0,28,17,-122,0,-31,16,128,0,-42,16,80,0,-30,16,55,0,3,17,43,0,35,17,61,0,76,17,106,0,123,17,-138,0,-133,17,-94,0,-114,17,-77,0,-102,17,-92,0,-88,17,0,0,0,0,-131,0,-39,17,135,0,36,0,-145,0,118,0,-122,0,-97,0,-81,0,-45,0,-49,0,-39,0,-39,0,-64,0,-48,0,-103,0,-68,0,-137,0,-81,0,-145,0,-113,0,-145,0,-145,0,-132,0,132,0]"
CSI_DATA,121340,d8:b1:90:d9:de:f0,-38,9,-99,-34,39,104,-1711816297,113,0,106,0,"[-11,15,-43,0,18,0,42,1,81,0,70,1,128,0,46,1,-117,0,5,1,-112,0,-38,0,-129,0,-78,0,98,0,-98,0,38,0,-99,0,-21,15,-85,0,-63,15,-72,0,-75,15,-61,0,-70,15,-70,0,0,0,0,0,-76,15,127,0,-104,15,67,0,102,15,10,0,25,15,-14,15,-39,14,-8,15,-62,14,16,0,-48,14,45,0,-20,14,64,0,20,15,79,0,49,15,70,0,70,15,46,0,74,15,13,0,76,15]"
CSI_DATA,121341,d8:b1:90:d9:de:f0,-37,11,-99,-38,39,104,-1711608368,277,0,106,0,"[-15,17,-61,0,23,0,26,1,93,0,52,1,149,0,26,1,-116,0,-16,0,-117,0,-66,0,-131,0,-104,0,148,0,-123,0,80,0,-117,0,30,0,-93,0,-4,17,-70,0,-17,17,-64,0,-13,17,-85,0,0,0,0,0,-14,17,-136,0,-67,17,114,0,144,17,102,0,64,17,116,0,10,17,147,0,1,17,-120,0,32,17,-76,0,84,17,-74,0,122,17,-78,0,-152,17,-95,0,-144,17,-122,0,146,17,-148,0,144,17]"
CSI_DATA,121342,d8:b1:90:d9:de:f0,-37,9,-99,-35,39,104,-1711607896,108,0,106,0,"[-103,0,-121,0,-15,0,-89,0,44,1,-118,0,62,1,115,0,40,1,71,0,5,1,44,0,-35,0,34,0,-83,0,54,0,137,0,105,0,94,0,-118,0,63,0,-81,0,47,0,-68,0,41,0,-82,0,0,0,0,0,-2,16,134,0,-69,16,82,0,117,16,57,0,26,16,55,0,-31,15,74,0,-55,15,100,0,-37,15,123,0,-6,15,128,0,29,16,123,0,64,16,106,0,80,16,68,0,78,16,30,0,86,16]"
CSI_DATA,121343,d8:b1:90:d9:de:f0,-38,9,-99,-33,39,104,-1711607733,130,0,106,0,"[-88,15,-55,0,-88,15,30,1,-48,15,74,1,-4,15,76,1,33,0,42,1,54,0,11,1,50,0,-34,0,11,0,-74,0,-38,15,-98,0,-99,15,-123,0,116,15,126,0,98,15,124,0,103,15,114,0,0,0,0,0,-114,15,42,0,-110,15,-20,15,-119,15,-109,15,108,15,80,15,61,15,32,15,26,15,33,15,22,15,54,15,21,15,90,15,42,15,121,15,71,15,-128,15,109,15,-127,15,-129,15,121,15,-108,15]"
CSI_DATA,121344,d8:b1:90:d9:de:f0,-38,9,-99,-36,40,104,-1711398996,101,0,106,0,"[105,15,100,15,25,15,66,15,-34,14,83,15,-43,14,121,15,-27,14,-98,15,2,15,-58,15,38,15,-53,15,91,15,-71,15,-110,15,-106,15,-61,15,103,15,-23,15,66,15,-13,15,52,15,-12,15,66,15,0,0,0,0,18,0,-124,15,70,0,-64,15,-104,0,-21,15,-21,0,-1,15,42,1,-7,15,62,1,-31,15,49,1,-49,15,19,1,-65,15,-15,0,-67,15,-46,0,-48,15,-68,0,-18,15,-77,0,15,0,-84,0]"
CSI_DATA,121345,d8:b1:90:d9:de:f0,-38,9,-99,-34,39,104,-1711398846,252,0,106,0,"[-50,0,-60,15,19,1,-102,15,36,1,115,15,15,1,86,15,-25,0,72,15,-62,0,81,15,-92,0,111,15,-102,0,-110,15,-95,0,-46,15,-83,0,21,0,-75,0,73,0,-69,0,87,0,-78,0,86,0,0,0,0,0,113,0,92,0,44,0,111,0,-29,15,-103,0,-83,15,-38,0,-100,15,20,1,-94,15,50,1,-74,15,46,1,-49,15,28,1,-34,15,-5,0,-39,15,-41,0,-55,15,-74,0,-87,15,-94,0,-104,15]"
CSI_DATA,121346,d8:b1:90:d9:de:f0,-37,9,-99,-33,38,104,-1711398698,113,0,106,0,"[50,17,-35,17,-38,16,-30,17,-77,16,8,0,-57,16,58,0,-30,16,85,0,12,17,80,0,38,17,69,0,69,17,36,0,94,17,-23,17,108,17,-91,17,115,17,-139,17,122,17,131,17,138,17,138,17,0,0,0,0,-88,17,-146,17,-9,17,-140,17,72,0,118,17,145,0,72,17,-114,0,21,17,-103,0,-1,16,-130,0,-4,16,136,0,9,17,110,0,36,17,106,0,56,17,114,0,90,17,143,0,123,17,146,0]"
CSI_DATA,121347,d8:b1:90:d9:de:f0,-40,11,-99,-33,41,104,-1711309176,100,0,228,0,"[-2,-8,-4,-11,-4,-13,-4,-17,-4,-20,-3,-22,-1,-22,89,36,1,-22,3,-22,4,-20,4,-19,5,-17,4,-17,4,-14,3,-13,2,-13,0,-12,0,-11,-3,-11,-4,-10,-27,-24,-8,-9,-9,-9,-9,-10,-9,-9,-9,-9,-8,-8,0,0,-8,-5,-7,-4,-8,-2,-8,0,-8,1,-10,4,94,12,-13,8,-15,10,-17,11,-18,11,-19,10,-19,9,-19,8,-19,8,-18,6,-17,5,-17,4,-16,4,-14,4,38,12,-13,5,-12,5,-11,6,-10,7,-9,7,-9,8,-8,6,9,-3,5,-10,-4,-13,-11,-8,-13,1,-8,9,1,11,8,-17,8,-2,1,-7,-5,-4,-8,2,-4,9,5,11,14,4,15,-8,5,-19,-9,-20,-22,-8,-25,9,-12,24,0,15,21,13,23,-4,12,-17,-3,-18,-14,-8,-14,4,0,0,5,10,11,1,8,-8,0,-12,-11,-8,-13,3,-19,20,4,14,12,6,12,-3,5,-9,-3,-8,-6,-1,-4,4,1,4,5,0,4,-6,-3,-8,-10,-4,-14,4,-22,20,4,19,17,13,24,-1,17,-17,2,-23,-12,-18,-17,-6]"
CSI_DATA,121348,d8:b1:90:d9:de:f0,-38,9,-99,-35,39,104,-1711190124,125,0,106,0,"[61,0,-53,0,102,0,23,1,-122,0,42,1,-93,0,16,1,-90,0,-17,0,-100,0,-59,0,-133,0,-89,0,94,0,-101,0,26,0,-102,0,-46,16,-101,0,-95,16,-98,0,-126,16,-94,0,-126,16,-114,0,0,0,0,0,-114,16,78,0,-123,16,9,0,127,16,-78,16,85,16,130,16,34,16,80,16,8,16,69,16,13,16,94,16,26,16,117,16,50,16,137,16,79,16,-133,16,117,16,137,16,-121,16,122,16,-95,16]"
CSI_DATA,121349,d8:b1:90:d9:de:f0,-37,9,-99,-33,38,104,-1711189975,145,0,106,0,"[-132,17,91,17,107,17,25,17,51,17,13,17,40,17,39,17,41,17,78,17,61,17,117,17,88,17,132,17,-146,17,127,17,-79,17,108,17,-12,17,88,17,43,0,66,17,66,0,56,17,71,0,79,17,0,0,0,0,95,0,-142,17,127,0,-73,17,-105,0,-1,17,-40,0,51,0,25,1,78,0,47,1,72,0,33,1,68,0,8,1,46,0,-18,0,36,0,-46,0,51,0,-73,0,76,0,-98,0,101,0,-120,0]"
CSI_DATA,121350,d8:b1:90:d9:de:f0,-38,9,-99,-35,39,104,-1710981197,130,0,106,0,"[-130,0,104,16,-91,0,25,16,-99,0,-27,15,-131,0,-37,15,115,0,-22,15,89,0,8,16,83,0,52,16,102,0,103,16,135,0,-117,16,-103,0,-57,16,-74,0,-7,16,-62,0,9,0,-71,0,18,0,0,0,0,0,133,0,56,0,70,0,98,0,8,0,-109,0,-32,16,-32,0,-45,16,32,1,-40,16,57,1,-30,16,46,1,-13,16,25,1,-6,16,-6,0,-23,16,-43,0,-44,16,-74,0,-80,16,-92,0,-101,16]"
CSI_DATA,121351,d8:b1:90:d9:de:f0,-37,9,-99,-35,39,104,-1710772325,130,0,106,0,"[92,0,61,16,102,0,-25,15,78,0,-75,15,42,0,-74,15,15,0,-50,15,4,0,-9,15,6,0,35,16,41,0,79,16,98,0,138,16,-125,0,-91,16,-82,0,-57,16,-63,0,-39,16,-74,0,-26,16,0,0,0,0,129,0,28,0,73,0,81,0,21,0,-110,0,-9,16,-25,0,-18,16,43,1,-9,16,68,1,3,0,61,1,9,0,29,1,10,0,-4,0,-1,16,-38,0,-30,16,-69,0,-73,16,-92,0,-97,16]"
CSI_DATA,121352,d8:b1:90:d9:de:f0,-38,11,-99,-35,39,104,-1710563870,277,0,106,0,"[88,0,69,16,90,0,-21,15,52,0,-64,15,-1,16,-62,15,-33,16,-40,15,-45,16,-4,15,-45,16,45,16,-11,16,76,16,43,0,107,16,107,0,125,16,-127,0,134,16,-106,0,130,16,-113,0,-134,16,0,0,0,0,124,0,-68,16,122,0,5,0,-131,0,88,0,-87,0,-119,0,-31,0,-86,0,-6,0,-88,0,1,1,-117,0,-13,0,137,0,-34,0,105,0,-65,0,90,0,-97,0,102,0,-125,0,129,0,138,0]"
CSI_DATA,121353,d8:b1:90:d9:de:f0,-37,9,-99,-37,39,104,-1710563389,266,0,106,0,"[-79,0,103,0,19,1,107,0,77,1,53,0,77,1,-8,17,36,1,-57,17,-4,0,-86,17,-50,0,-79,17,-83,0,-45,17,-101,0,17,0,-102,0,79,0,-100,0,124,0,-91,0,132,0,-102,0,120,0,0,0,0,0,122,0,101,0,54,0,117,0,-16,17,-114,0,-60,17,-39,0,-56,17,27,1,-30,17,61,1,6,0,51,1,43,0,24,1,60,0,-16,0,56,0,-51,0,33,0,-75,0,4,0,-78,0,-11,17]"
CSI_DATA,121354,d8:b1:90:d9:de:f0,-38,9,-99,-34,39,104,-1710563184,246,0,106,0,"[101,15,-115,0,74,15,-33,0,104,15,39,1,-108,15,52,1,-47,15,42,1,-13,15,5,1,2,0,-32,0,-11,15,-75,0,-57,15,-103,0,-111,15,-124,0,118,15,-122,0,105,15,-118,0,123,15,-122,0,0,0,0,0,-114,15,90,0,-117,15,25,0,106,15,-40,15,42,15,-85,15,-23,14,-95,15,-58,14,-70,15,-49,14,-29,15,-23,14,6,0,12,15,32,0,39,15,40,0,63,15,25,0,75,15,-5,15,80,15]"
CSI_DATA,121355,d8:b1:90:d9:de:f0,-37,9,-99,-33,38,104,-1710354508,120,0,106,0,"[-42,17,-57,0,-16,17,34,1,49,0,75,1,101,0,53,1,140,0,20,1,136,0,-33,0,127,0,-70,0,90,0,-87,0,19,0,-98,0,-49,17,-95,0,-88,17,-80,0,-108,17,-75,0,-102,17,-83,0,0,0,0,0,-84,17,136,0,-112,17,55,0,118,17,-4,17,32,17,-43,17,-30,16,-47,17,-62,16,-31,17,-64,16,11,0,-31,16,36,0,13,17,46,0,50,17,55,0,63,17,26,0,84,17,-16,17,83,17]"
CSI_DATA,121356,d8:b1:90:d9:de:f0,-38,9,-99,-35,39,104,-1710354359,120,0,106,0,"[22,0,46,16,-14,16,-40,15,-81,16,-71,15,-135,16,-40,15,110,16,6,16,107,16,50,16,122,16,92,16,-114,16,112,16,-63,16,109,16,-3,16,95,16,35,0,80,16,47,0,69,16,44,0,83,16,0,0,0,0,54,0,-119,16,94,0,-69,16,-105,0,-22,16,-26,0,-13,16,34,1,-32,16,56,1,-64,16,33,1,-97,16,3,1,-126,16,-35,0,-127,16,-70,0,-123,16,-90,0,-98,16,-86,0,-73,16,-95,0]"
CSI_DATA,121357,d8:b1:90:d9:de:f0,-37,9,-99,-35,38,104,-1710339214,130,0,106,0,"[-113,0,-141,0,-23,0,-117,0,46,1,-148,0,47,1,102,0,40,1,44,0,-4,0,14,0,-36,0,0,0,-70,0,22,0,-116,0,68,0,-148,0,121,0,152,0,-148,0,151,0,-133,0,128,0,-141,0,0,0,0,0,70,0,138,0,-6,18,134,0,-83,18,-138,0,-148,18,-86,0,132,18,-19,0,144,18,18,1,-135,18,26,1,-92,18,7,1,-58,18,-24,0,-44,18,-45,0,-47,18,-67,0,-75,18,-96,0,-78,18]"
CSI_DATA,121358,d8:b1:90:d9:de:f0,-35,11,-99,-33,36,104,-1710309207,100,0,114,0,"[-37,-4,-40,-8,-43,-11,-43,-13,-45,-14,-42,-14,-40,-14,-37,-15,-37,-13,-36,-14,-34,-11,-34,-13,-34,-11,-36,-11,-37,-11,-39,-10,-40,-10,-43,-11,-45,-10,-46,-10,-45,-10,-46,-7,-45,-8,-45,-7,-46,-7,-45,-7,-45,-5,-45,-5,0,0,-43,-4,-43,-4,-43,-4,-46,-2,-45,-4,-45,-2,-46,-2,-46,-1,-45,-1,-45,0,-43,1,-42,0,-39,1,-37,2,-37,2,-36,2,-36,4,-36,4,-36,5,-37,5,-40,5,-42,5,-43,4,-45,2,-43,1,-43,1,-42,-1,-37,-2]"
CSI_DATA,121359,d8:b1:90:d9:de:f0,-37,9,-99,-35,38,104,-1710295810,108,0,106,0,"[-63,0,74,0,33,1,69,0,79,1,28,0,68,1,-22,18,42,1,-58,18,-7,0,-66,18,-41,0,-57,18,-72,0,-23,18,-106,0,36,0,-127,0,101,0,-146,0,152,0,154,0,-136,0,139,0,-141,0,0,0,0,0,62,0,144,0,-18,18,135,0,-108,18,-152,0,122,18,-113,0,80,18,-64,0,67,18,-25,0,89,18,-18,0,129,18,-26,0,-154,18,-50,0,-141,18,-74,0,-148,18,-107,0,154,18,-150,0,144,18]"
CSI_DATA,121360,d8:b1:90:d9:de:f0,-36,11,-99,-36,38,104,-1709937172,277,0,106,0,"[140,18,139,18,65,18,78,18,3,18,83,18,-8,17,122,18,3,18,153,18,37,18,-146,18,79,18,-132,18,138,18,-146,18,-107,18,144,18,-44,18,104,18,17,0,73,18,46,0,65,18,56,0,98,18,0,0,0,0,69,0,-149,18,125,0,-64,18,-125,0,2,0,-46,0,65,0,17,1,98,0,40,1,105,0,32,1,89,0,3,1,69,0,-22,0,60,0,-60,0,71,0,-98,0,94,0,-132,0,130,0,-158,0]"
CSI_DATA,121361,d8:b1:90:d9:de:f0,-37,9,-99,-37,39,104,-1709936727,98,0,106,0,"[117,0,-85,0,-116,0,-18,0,-55,0,-11,0,-31,0,-42,0,-33,0,-88,0,-51,0,-124,0,-78,0,-147,0,-131,0,-142,0,95,0,-118,0,34,0,-90,0,-16,17,-65,0,-35,17,-61,0,-34,17,-84,0,0,0,0,0,-60,17,-144,0,-106,17,84,0,110,17,28,0,34,17,-9,17,-27,16,-13,17,-55,16,3,0,-46,16,18,0,-20,16,27,0,11,17,40,0,40,17,25,0,68,17,-2,17,78,17,-34,17,92,17]"
CSI_DATA,121362,d8:b1:90:d9:de:f0,-37,11,-99,-33,38,104,-1709519373,277,0,106,0,"[114,0,-76,0,-100,0,-16,0,-24,0,-31,0,15,1,-85,0,15,1,-145,0,-5,0,107,0,-47,0,80,0,-92,0,83,0,-144,0,122,0,109,0,-121,0,92,0,-80,0,91,0,-64,0,91,0,-85,0,0,0,0,0,47,0,-140,0,-17,17,132,0,-114,17,142,0,107,17,-113,0,70,17,-51,0,71,17,-15,0,114,17,5,1,-128,17,-2,0,-100,17,-24,0,-83,17,-48,0,-86,17,-86,0,-108,17,-112,0,-118,17]"
CSI_DATA,121363,d8:b1:90:d9:de:f0,-38,9,-99,-35,39,104,-1709518919,337,0,106,0,"[-88,16,67,16,135,16,-1,15,77,16,-10,15,52,16,15,16,51,16,51,16,69,16,86,16,102,16,112,16,-126,16,117,16,-64,16,114,16,7,0,100,16,65,0,86,16,89,0,85,16,91,0,104,16,0,0,0,0,89,0,-98,16,115,0,-23,16,-118,0,55,0,-55,0,119,0,-1,0,-122,0,21,1,-124,0,18,1,129,0,3,1,103,0,-19,0,92,0,-53,0,87,0,-87,0,101,0,-119,0,125,0,137,0]"
CSI_DATA,121364,d8:b1:90:d9:de:f0,-37,9,-99,-33,38,104,-1709518734,317,0,106,0,"[-115,0,135,17,-62,0,55,17,-72,0,-6,16,-112,0,-26,16,139,0,-15,16,112,0,17,17,101,0,56,17,114,0,109,17,-146,0,-125,17,-98,0,-58,17,-65,0,-18,17,-49,0,-4,17,-66,0,4,0,0,0,0,0,-138,0,41,0,93,0,87,0,45,0,-114,0,16,0,-33,0,12,0,32,1,30,0,62,1,48,0,47,1,64,0,21,1,62,0,-19,0,50,0,-50,0,12,0,-73,0,-26,17,-83,0,-51,17]"
CSI_DATA,121365,d8:b1:90:d9:de:f0,-36,9,-99,-36,38,104,-1709501653,224,0,106,0,"[-16,18,62,18,-50,18,-18,17,-114,18,-55,17,-152,18,-36,17,142,18,11,18,148,18,52,18,-156,18,93,18,-109,18,98,18,-46,18,104,18,27,0,95,18,80,0,95,18,101,0,90,18,95,0,103,18,0,0,0,0,100,0,-139,18,134,0,-67,18,-118,0,-3,18,-47,0,42,0,20,1,59,0,56,1,41,0,46,1,15,0,18,1,-17,18,-13,0,-17,18,-47,0,-22,18,-67,0,2,0,-88,0,33,0,-98,0]"
CSI_DATA,121366,d8:b1:90:d9:de:f0,-37,9,-99,-35,38,104,-1709484775,101,0,106,0,"[-40,18,55,18,-105,18,-25,17,133,18,-46,17,84,18,4,18,61,18,55,18,74,18,108,18,99,18,143,18,141,18,154,18,-99,18,139,18,-37,18,113,18,-1,18,83,18,8,0,70,18,7,0,88,18,0,0,0,0,39,0,-154,18,90,0,-90,18,-136,0,-58,18,-44,0,-59,18,30,1,-86,18,47,1,-119,18,19,1,155,18,-19,0,151,18,-68,0,148,18,-96,0,154,18,-108,0,-129,18,-108,0,-90,18,-108,0]"
CSI_DATA,121367,d8:b1:90:d9:de:f0,-36,9,-99,-36,38,104,-1709470114,130,0,106,0,"[-71,18,-70,0,-74,18,23,1,-36,18,70,1,7,0,69,1,39,0,33,1,45,0,1,1,33,0,-44,0,1,0,-71,0,-60,18,-107,0,-134,18,-133,0,142,18,-158,0,118,18,152,0,129,18,128,0,0,0,0,0,154,18,62,0,-148,18,-17,18,151,18,-114,18,115,18,123,18,79,18,70,18,51,18,57,18,42,18,84,18,51,18,107,18,74,18,132,18,104,18,153,18,140,18,152,18,-148,18,127,18,-124,18]"
CSI_DATA,121368,d8:b1:90:d9:de:f0,-37,9,-99,-35,38,104,-1709469432,113,0,106,0,"[72,18,97,0,8,18,-133,0,23,18,-56,0,67,18,-14,0,133,18,4,1,-130,18,-23,0,-99,18,-55,0,-106,18,-100,0,-130,18,151,0,139,18,103,0,94,18,84,0,83,18,72,0,97,18,64,0,0,0,0,0,-139,18,26,0,-116,18,-44,18,-130,18,-135,18,148,18,89,18,95,18,46,18,45,18,47,18,20,18,79,18,23,18,140,18,42,18,-132,18,64,18,-112,18,96,18,-111,18,127,18,-127,18,133,18]"
CSI_DATA,121369,d8:b1:90:d9:de:f0,-40,11,-99,-37,42,104,-1709309042,100,0,228,0,"[-1,8,0,12,-1,15,-3,17,-4,20,-6,21,-8,21,89,36,-10,19,-12,17,-12,17,-12,15,-12,13,-11,13,-10,12,-9,11,-8,10,-5,11,-4,11,-1,12,0,12,-27,-24,2,14,3,15,2,15,2,14,2,14,2,13,0,0,2,11,3,9,4,8,6,6,8,4,10,4,-85,0,16,2,18,3,20,4,21,4,22,5,21,6,20,8,19,8,17,8,16,8,14,8,13,8,13,8,-53,0,13,5,13,4,12,4,13,3,13,2,12,2,11,3,-11,0,-8,8,0,14,8,12,14,4,12,-6,3,-11,-14,12,-8,0,-4,5,2,8,8,2,8,-7,0,-13,-10,-10,-17,0,-15,13,-1,23,15,19,26,4,22,-13,8,-12,-11,-22,-22,-8,-20,8,-7,18,6,15,13,5,0,0,1,-12,-8,-8,-12,1,-6,12,4,13,13,6,28,-2,6,-14,-4,-13,-12,-5,-11,4,-4,9,4,7,6,0,2,-5,-4,-4,-7,0,-5,8,3,11,12,8,30,3,12,-16,-1,-22,-16,-17,-23,-2,-19,13,-7,21,6,17]"
CSI_DATA,121370,d8:b1:90:d9:de:f0,-38,11,-99,-36,39,104,-1709101574,277,0,106,0,"[81,16,108,0,30,16,-100,0,42,16,-30,0,84,16,2,1,131,16,0,1,-99,16,-21,0,-81,16,-62,0,-83,16,-104,0,-120,16,130,0,124,16,79,0,85,16,60,0,67,16,56,0,79,16,52,0,0,0,0,0,-135,16,11,0,-99,16,-49,16,-98,16,-134,16,-120,16,61,16,120,16,15,16,87,16,5,16,54,16,46,16,58,16,83,16,69,16,127,16,99,16,-141,16,131,16,-134,16,-126,16,135,16,-109,16]"
CSI_DATA,121371,d8:b1:90:d9:de:f0,-37,9,-99,-37,39,104,-1709101102,98,0,106,0,"[56,17,62,0,-16,16,128,0,-21,16,-93,0,23,17,-41,0,88,17,-21,0,139,17,-31,0,-122,17,-61,0,-116,17,-100,0,-140,17,142,0,117,17,102,0,86,17,77,0,70,17,71,0,88,17,68,0,0,0,0,0,145,17,33,0,-133,17,-32,17,-145,17,-115,17,107,17,107,17,49,17,72,17,9,17,84,17,-5,16,124,17,-1,16,-125,17,20,17,-87,17,39,17,-66,17,70,17,-66,17,87,17,-84,17,99,17]"
CSI_DATA,121372,d8:b1:90:d9:de:f0,-36,9,-99,-37,38,104,-1709045442,113,0,106,0,"[5,0,57,19,-40,19,-37,18,-114,19,-68,18,158,19,-36,18,130,19,11,19,128,19,68,19,151,19,107,19,-138,19,129,19,-71,19,124,19,-5,19,107,19,40,0,90,19,57,0,76,19,53,0,97,19,0,0,0,0,71,0,-156,19,111,0,-90,19,-134,0,-45,19,-42,0,-28,19,32,1,-45,19,57,1,-75,19,31,1,-112,19,-7,0,-138,19,-47,0,-146,19,-81,0,-130,19,-95,0,-104,19,-99,0,-69,19,-103,0]"
CSI_DATA,121373,d8:b1:90:d9:de:f0,-38,9,-99,-34,39,104,-1708892194,108,0,106,0,"[-106,0,-110,0,-20,0,-84,0,46,1,-124,0,55,1,83,0,45,1,29,0,3,1,-12,15,-33,0,-23,15,-70,0,0,0,-108,0,49,0,-116,0,102,0,-116,0,-130,0,-108,0,-120,0,-113,0,134,0,0,0,0,0,92,0,110,0,33,0,118,0,-32,15,-105,0,-73,15,-41,0,-76,15,29,1,-44,15,58,1,-8,15,51,1,26,0,19,1,48,0,-18,0,52,0,-44,0,30,0,-62,0,11,0,-76,0,-1,15]"
CSI_DATA,121374,d8:b1:90:d9:de:f0,-38,9,-99,-35,39,104,-1708683330,130,0,106,0,"[58,0,50,16,67,0,-35,15,42,0,-76,15,14,0,-74,15,-5,16,-49,15,-15,16,-11,15,-4,16,29,16,35,0,75,16,89,0,124,16,-135,0,-106,16,-91,0,-62,16,-71,0,-44,16,-77,0,-26,16,0,0,0,0,126,0,40,0,77,0,89,0,19,0,-110,0,-16,16,-29,0,-29,16,34,1,-26,16,59,1,-26,16,52,1,-16,16,25,1,-15,16,-5,0,-32,16,-37,0,-59,16,-68,0,-89,16,-94,0,-110,16]"
CSI_DATA,121375,d8:b1:90:d9:de:f0,-34,11,-99,-35,36,104,-1708308738,100,0,114,0,"[-29,26,-35,26,-40,23,-41,21,-41,18,-41,16,-41,13,-40,10,-40,10,-38,9,-36,9,-38,7,-38,6,-38,6,-40,6,-40,4,-43,4,-44,4,-46,4,-47,4,-49,3,-49,3,-47,3,-47,1,-47,-1,-46,-1,-44,-3,-44,-3,0,0,-46,-4,-44,-6,-46,-7,-44,-7,-46,-9,-46,-9,-46,-9,-47,-10,-46,-10,-44,-10,-43,-12,-40,-12,-38,-10,-36,-12,-36,-12,-35,-12,-33,-12,-35,-13,-35,-13,-36,-15,-36,-16,-36,-18,-38,-21,-40,-26,-36,-26,-35,-29,-32,-29,-26,-29]"
CSI_DATA,121376,d8:b1:90:d9:de:f0,-36,11,-99,-36,38,104,-1708265976,277,0,106,0,"[75,18,-95,18,-20,17,-101,18,-78,17,-66,18,-69,17,-22,18,-45,17,13,0,2,18,27,0,40,18,20,0,84,18,-15,18,128,18,-74,18,154,18,-144,18,-146,18,120,18,-137,18,99,18,-120,18,114,18,0,0,0,0,-54,18,157,18,28,0,-140,18,132,0,-153,18,-100,0,147,18,-35,0,107,18,-26,0,75,18,-54,0,66,18,-98,0,73,18,-125,0,94,18,-132,0,120,18,-135,0,154,18,-123,0,-122,18,-115,0]"
CSI_DATA,121377,d8:b1:90:d9:de:f0,-37,9,-99,-37,39,104,-1708265477,407,0,106,0,"[-58,17,-55,0,-41,17,33,1,15,0,73,1,68,0,70,1,97,0,30,1,115,0,-18,0,98,0,-50,0,71,0,-77,0,6,0,-95,0,-56,17,-92,0,-108,17,-87,0,-125,17,-88,0,-115,17,-109,0,0,0,0,0,-101,17,128,0,-122,17,56,0,107,17,-8,17,35,17,-51,17,-30,16,-62,17,-58,16,-48,17,-54,16,-2,17,-23,16,25,0,6,17,40,0,35,17,32,0,58,17,11,0,75,17,-11,17,83,17]"
CSI_DATA,121378,d8:b1:90:d9:de:f0,-38,9,-99,-35,39,104,-1708056596,98,0,106,0,"[95,16,130,16,0,16,113,16,-59,15,-125,16,-65,15,-66,16,-46,15,-25,16,-6,15,8,0,35,16,9,0,77,16,-9,16,119,16,-63,16,-134,16,-122,16,-122,16,110,16,-113,16,94,16,-109,16,113,16,0,0,0,0,-54,16,-123,16,26,0,-103,16,115,0,-123,16,-89,0,111,16,-50,0,55,16,-51,0,20,16,-83,0,-2,15,-127,0,11,16,114,0,33,16,104,0,63,16,110,0,100,16,124,0,127,16,137,0]"
CSI_DATA,121379,d8:b1:90:d9:de:f0,-38,11,-99,-35,39,104,-1707848178,277,0,106,0,"[-53,0,-2,16,23,1,-26,16,53,1,-57,16,47,1,-98,16,11,1,-106,16,-22,0,-105,16,-50,0,-80,16,-73,0,-40,16,-101,0,19,0,-110,0,88,0,-124,0,-137,0,-133,0,-118,0,129,0,-119,0,0,0,0,0,56,0,133,0,-17,16,122,0,-104,16,137,0,94,16,-112,0,52,16,-76,0,37,16,-57,0,52,16,-49,0,81,16,-62,0,101,16,-77,0,113,16,-107,0,113,16,129,0,99,16,98,0,94,16]"
CSI_DATA,121380,d8:b1:90:d9:de:f0,-37,9,-99,-37,39,104,-1707847724,130,0,106,0,"[-81,17,72,17,-142,17,1,17,88,17,-12,16,57,17,23,17,49,17,71,17,64,17,101,17,99,17,131,17,140,17,137,17,-90,17,114,17,-28,17,88,17,17,0,69,17,39,0,60,17,39,0,80,17,0,0,0,0,53,0,142,17,106,0,-83,17,-114,0,-41,17,-36,0,-10,17,28,1,-11,17,54,1,-27,17,42,1,-55,17,17,1,-65,17,-17,0,-72,17,-53,0,-68,17,-69,0,-36,17,-77,0,3,0,-85,0]"
CSI_DATA,121381,d8:b1:90:d9:de:f0,-38,11,-99,-35,39,104,-1707430379,277,0,106,0,"[80,0,-61,0,-139,0,7,1,-83,0,15,1,-56,0,-6,0,-49,0,-49,0,-69,0,-86,0,-100,0,-113,0,124,0,-115,0,45,0,-116,0,-26,16,-95,0,-75,16,-85,0,-102,16,-78,0,-98,16,-95,0,0,0,0,0,-87,16,106,0,-106,16,21,0,121,16,-59,16,59,16,-128,16,5,16,117,16,-20,15,117,16,-29,15,-137,16,0,16,-116,16,26,16,-98,16,62,16,-90,16,102,16,-112,16,135,16,-135,16,-121,16]"
CSI_DATA,121382,d8:b1:90:d9:de:f0,-37,9,-99,-33,38,104,-1707429916,108,0,106,0,"[-57,0,61,0,32,1,55,0,77,1,13,0,66,1,-31,17,39,1,-63,17,1,1,-77,17,-35,0,-64,17,-66,0,-30,17,-94,0,31,0,-110,0,94,0,-124,0,145,0,-132,0,-128,0,145,0,-135,0,0,0,0,0,78,0,137,0,1,0,133,0,-85,17,-129,0,137,17,-81,0,95,17,-36,0,94,17,-3,0,116,17,6,1,145,17,-8,0,-121,17,-30,0,-114,17,-62,0,-121,17,-92,0,-139,17,-118,0,-147,17]"
CSI_DATA,121383,d8:b1:90:d9:de:f0,-38,9,-99,-35,39,104,-1707429780,101,0,106,0,"[-59,16,54,16,-122,16,-16,15,83,16,-23,15,51,16,17,16,33,16,66,16,56,16,109,16,86,16,138,16,134,16,-134,16,-80,16,130,16,-21,16,102,16,16,0,67,16,30,0,54,16,27,0,77,16,0,0,0,0,34,0,-137,16,85,0,-68,16,-110,0,-28,16,-27,0,-7,16,39,1,-17,16,61,1,-46,16,43,1,-79,16,4,1,-100,16,-35,0,-99,16,-64,0,-93,16,-80,0,-61,16,-87,0,-19,16,-82,0]"
CSI_DATA,121384,d8:b1:90:d9:de:f0,-40,11,-99,-36,42,104,-1707308873,100,0,228,0,"[-5,-6,-7,-8,-10,-11,-11,-13,-12,-15,-11,-18,-11,-19,86,35,-8,-19,-7,-19,-6,-19,-5,-18,-4,-17,-4,-16,-3,-15,-4,-13,-5,-11,-6,-11,-7,-9,-8,-7,-10,-5,-27,-23,-12,-3,-13,-3,-13,-2,-12,-2,-12,-2,-11,-1,0,0,-9,0,-8,0,-7,3,-6,5,-5,7,-4,10,-59,11,-4,15,-4,17,-5,19,-5,19,-6,20,-7,19,-7,19,-8,18,-8,17,-7,15,-7,15,-7,14,-6,13,-84,11,-4,12,-3,12,-2,12,-1,12,0,12,-1,11,0,10,7,-7,0,-11,-8,-10,-13,-1,-11,7,-2,12,7,8,0,-19,4,-6,-2,-7,-7,-1,-5,6,1,10,10,7,15,-3,8,-15,-4,-19,-19,-11,-23,4,-14,20,3,25,8,11,24,-1,15,-16,0,-20,-13,-13,-16,0,-9,11,0,0,11,4,10,-5,1,-11,-8,-8,-12,1,-7,11,-1,27,11,7,13,-3,6,-10,-3,-10,-7,-3,-6,3,0,5,4,2,3,-3,-1,-7,-8,-3,-11,3,-6,13,0,29,17,9,20,-3,14,-18,0,-23,-15,-16,-21,-2,-15,9]"
CSI_DATA,121385,d8:b1:90:d9:de:f0,-38,11,-99,-35,39,104,-1707012580,277,0,106,0,"[121,16,103,16,45,16,56,16,4,16,65,16,-16,15,98,16,-3,15,122,16,19,16,-128,16,67,16,-115,16,119,16,-117,16,-90,16,129,16,-26,16,99,16,23,0,61,16,49,0,63,16,55,0,80,16,0,0,0,0,69,0,-117,16,103,0,-42,16,-112,0,25,0,-35,0,89,0,16,1,113,0,39,1,118,0,42,1,95,0,15,1,81,0,-15,0,58,0,-51,0,75,0,-98,0,88,0,-123,0,124,0,134,0]"
CSI_DATA,121386,d8:b1:90:d9:de:f0,-37,9,-99,-33,38,104,-1707012081,130,0,106,0,"[64,0,-58,0,108,0,21,1,-127,0,41,1,-92,0,11,1,-83,0,-28,0,-93,0,-71,0,-122,0,-98,0,128,0,-107,0,62,0,-102,0,-9,17,-93,0,-60,17,-81,0,-85,17,-76,0,-87,17,-93,0,0,0,0,0,-95,17,122,0,-127,17,55,0,110,17,-23,17,42,17,-71,17,-21,16,-93,17,-50,16,-86,17,-43,16,-66,17,-23,16,-43,17,6,17,-25,17,39,17,-31,17,66,17,-51,17,85,17,-78,17,107,17]"
CSI_DATA,121387,d8:b1:90:d9:de:f0,-38,9,-99,-35,39,104,-1707011955,113,0,106,0,"[34,0,51,16,10,0,-31,15,-34,16,-65,15,-75,16,-45,15,-97,16,-22,15,-106,16,25,16,-90,16,53,16,-55,16,77,16,4,0,100,16,64,0,111,16,113,0,110,16,130,0,112,16,129,0,124,16,0,0,0,0,115,0,-79,16,121,0,-10,16,-122,0,65,0,-65,0,128,0,-11,0,-122,0,15,1,-124,0,21,1,130,0,0,1,97,0,-26,0,75,0,-53,0,76,0,-81,0,85,0,-106,0,100,0,-123,0]"
CSI_DATA,121388,d8:b1:90:d9:de:f0,-37,9,-99,-33,38,104,-1707011801,98,0,106,0,"[63,0,54,17,57,0,-35,16,6,0,-80,16,-36,17,-71,16,-76,17,-38,16,-90,17,4,17,-85,17,42,17,-45,17,71,17,15,0,97,17,80,0,105,17,133,0,113,17,-144,0,110,17,139,0,127,17,0,0,0,0,128,0,-91,17,135,0,-20,17,-116,0,63,0,-61,0,129,0,0,1,-142,0,36,1,145,0,34,1,120,0,16,1,85,0,-15,0,63,0,-41,0,56,0,-72,0,72,0,-95,0,95,0,-107,0]"
CSI_DATA,121389,d8:b1:90:d9:de:f0,-38,11,-99,-35,39,104,-1706594781,277,0,106,0,"[-70,0,-104,16,-1,0,107,16,3,1,50,16,-29,0,34,16,-70,0,29,16,-109,0,53,16,-125,0,91,16,-129,0,-133,16,-117,0,-61,16,-98,0,10,0,-81,0,62,0,-67,0,85,0,-85,0,85,0,0,0,0,0,109,0,90,0,33,0,106,0,-51,16,-119,0,-113,16,-55,0,129,16,3,1,129,16,32,1,-125,16,28,1,-97,16,9,1,-82,16,-29,0,-79,16,-59,0,-98,16,-98,0,-129,16,-130,0,133,16]"
CSI_DATA,121390,d8:b1:90:d9:de:f0,-38,9,-99,-35,39,104,-1706594336,113,0,106,0,"[81,16,123,0,31,16,-85,0,37,16,-25,0,76,16,-1,0,119,16,2,1,-123,16,-25,0,-104,16,-56,0,-112,16,-104,0,-130,16,114,0,114,16,58,0,80,16,19,0,69,16,4,0,76,16,2,0,0,0,0,0,-128,16,-34,16,-77,16,-82,16,-38,16,113,16,-20,16,30,16,-34,16,-35,15,-61,16,-58,15,-80,16,-43,15,-100,16,-8,15,-98,16,30,16,-86,16,53,16,-57,16,69,16,-25,16,82,16,-5,16]"
CSI_DATA,121391,d8:b1:90:d9:de:f0,-37,9,-99,-37,39,104,-1706594227,120,0,106,0,"[55,17,-10,17,-36,16,23,0,-68,16,76,0,-47,16,125,0,-10,16,-143,0,36,17,-146,0,71,17,123,0,93,17,81,0,102,17,17,0,102,17,-53,17,87,17,-106,17,83,17,-127,17,101,17,-121,17,0,0,0,0,-123,17,-101,17,-41,17,-118,17,31,0,117,17,91,0,47,17,116,0,-16,16,107,0,-45,16,77,0,-43,16,42,0,-23,16,21,0,17,17,21,0,45,17,43,0,76,17,83,0,103,17,101,0]"
CSI_DATA,121392,d8:b1:90:d9:de:f0,-38,9,-99,-35,39,104,-1706385382,252,0,106,0,"[-123,0,-100,0,-37,0,-64,0,30,1,-88,0,49,1,-135,0,33,1,91,0,3,1,56,0,-40,0,42,0,-88,0,58,0,-137,0,100,0,97,0,-123,0,68,0,-82,0,59,0,-73,0,55,0,-86,0,0,0,0,0,13,0,137,0,-55,16,90,0,125,16,80,0,40,16,92,0,-10,15,126,0,-28,15,-115,0,-2,15,-94,0,32,16,-87,0,71,16,-95,0,99,16,-122,0,109,16,121,0,100,16,88,0,97,16]"
CSI_DATA,121393,d8:b1:90:d9:de:f0,-37,9,-99,-37,39,104,-1706385199,98,0,106,0,"[97,17,145,0,49,17,-72,0,60,17,-9,0,102,17,16,1,-145,17,11,1,-108,17,-12,0,-94,17,-53,0,-102,17,-95,0,-136,17,146,0,113,17,98,0,72,17,66,0,58,17,50,0,78,17,41,0,0,0,0,0,136,17,9,0,-123,17,-55,17,-118,17,-146,17,-122,17,65,17,142,17,3,17,110,17,-6,16,92,17,19,17,88,17,60,17,97,17,91,17,115,17,107,17,-144,17,115,17,-113,17,105,17,-93,17]"
CSI_DATA,121394,d8:b1:90:d9:de:f0,-36,9,-99,-36,38,104,-1706336032,130,0,106,0,"[67,18,80,0,-2,17,149,0,1,18,-89,0,47,18,-42,0,105,18,-27,0,-154,18,-36,0,-119,18,-67,0,-112,18,-103,0,-151,18,-156,0,132,18,125,0,98,18,107,0,86,18,100,0,107,18,95,0,0,0,0,0,154,18,52,0,-151,18,-15,18,146,18,-94,18,93,18,-159,18,27,18,132,18,-13,17,149,18,-25,17,-122,18,-5,17,-80,18,16,18,-41,18,47,18,-27,18,70,18,-32,18,86,18,-47,18,95,18]"
CSI_DATA,121395,d8:b1:90:d9:de:f0,-34,11,-99,-34,36,104,-1706309206,100,0,114,0,"[-2,38,-5,43,-8,44,-11,46,-14,46,-14,44,-16,43,-16,40,-16,37,-16,35,-16,34,-16,34,-13,35,-14,37,-16,38,-14,40,-16,40,-16,41,-16,43,-16,43,-16,44,-17,44,-17,44,-17,44,-17,44,-14,43,-16,43,-16,41,0,0,-16,41,-16,40,-16,41,-16,44,-16,44,-17,44,-19,44,-19,44,-17,43,-16,41,-14,41,-14,40,-13,38,-13,37,-13,35,-11,35,-11,35,-11,35,-11,37,-14,37,-14,37,-16,40,-16,40,-17,41,-19,40,-20,38,-22,35,-23,32]"
CSI_DATA,121396,d8:b1:90:d9:de:f0,-38,9,-99,-34,39,104,-1706176510,168,0,106,0,"[52,15,-60,15,-33,14,-49,15,-74,14,-2,15,-62,14,41,0,-34,14,74,0,11,15,83,0,41,15,74,0,72,15,33,0,95,15,-24,15,111,15,-86,15,110,15,-135,15,110,15,113,15,117,15,121,15,0,0,0,0,-80,15,-121,15,-8,15,-121,15,68,0,119,15,-132,0,63,15,-100,0,11,15,-103,0,-19,14,-130,0,-26,14,102,0,-6,14,81,0,25,15,73,0,50,15,86,0,79,15,109,0,112,15,126,0]"
CSI_DATA,121397,d8:b1:90:d9:de:f0,-37,9,-99,-33,38,104,-1706176363,188,0,106,0,"[93,0,-65,0,-132,0,2,1,-64,0,9,1,-26,0,-36,0,-17,0,-90,0,-41,0,-129,0,-75,0,139,0,-124,0,137,0,103,0,-133,0,49,0,-94,0,13,0,-62,0,1,0,-45,0,-1,17,-63,0,0,0,0,0,-32,17,-137,0,-85,17,109,0,125,17,70,0,40,17,66,0,-31,16,84,0,-50,16,108,0,-25,16,137,0,9,17,145,0,48,17,-146,0,81,17,133,0,92,17,95,0,85,17,53,0,86,17]"
CSI_DATA,121398,d8:b1:90:d9:de:f0,-36,11,-99,-36,38,104,-1705968082,277,0,106,0,"[95,0,80,18,114,0,-15,17,78,0,-67,17,45,0,-65,17,10,0,-39,17,0,0,3,18,10,0,44,18,45,0,84,18,103,0,137,18,-154,0,-140,18,-100,0,-110,18,-78,0,-91,18,-91,0,-65,18,0,0,0,0,-157,0,-13,18,127,0,66,0,114,0,-154,0,108,0,-56,0,118,0,15,1,132,0,36,1,149,0,16,1,154,0,-20,0,139,0,-55,0,113,0,-74,0,74,0,-86,0,27,0,-93,0,-2,18]"
CSI_DATA,121399,d8:b1:90:d9:de:f0,-37,9,-99,-37,39,104,-1705967610,224,0,106,0,"[135,0,90,17,-139,0,3,17,130,0,-50,16,81,0,-60,16,34,0,-39,16,25,0,-5,16,18,0,34,17,42,0,71,17,93,0,116,17,-146,0,146,17,-98,0,-124,17,-83,0,-114,17,-93,0,-97,17,0,0,0,0,-144,0,-49,17,131,0,31,0,-145,0,118,0,-122,0,-94,0,-87,0,-45,0,-53,0,-35,0,-38,0,-56,0,-45,0,-93,0,-64,0,-128,0,-90,0,-144,0,-123,0,-144,0,135,0,-121,0,120,0]"
CSI_DATA,121400,d8:b1:90:d9:de:f0,-37,9,-99,-36,39,104,-1705758738,98,0,106,0,"[-72,0,-105,16,-11,0,118,16,-1,0,62,16,-39,0,28,16,-84,0,29,16,-114,0,48,16,-132,0,86,16,-135,0,129,16,-115,0,-96,16,-83,0,-35,16,-60,0,7,0,-44,0,24,0,-62,0,31,0,0,0,0,0,-131,0,51,0,100,0,95,0,53,0,-114,0,30,0,-33,0,31,0,31,1,41,0,57,1,69,0,38,1,81,0,12,1,80,0,-21,0,74,0,-50,0,40,0,-68,0,-2,16,-71,0,-22,16]"
CSI_DATA,121401,d8:b1:90:d9:de:f0,-37,9,-99,-34,38,104,-1705549839,130,0,106,0,"[134,0,91,17,-152,0,-1,16,121,0,-55,16,68,0,-62,16,28,0,-41,16,8,0,-1,16,7,0,41,17,29,0,84,17,85,0,128,17,149,0,-137,17,-106,0,-120,17,-83,0,-110,17,-102,0,-93,17,0,0,0,0,146,0,-36,17,120,0,45,0,123,0,135,0,146,0,-78,0,-122,0,-20,0,-87,0,-8,0,-70,0,-32,0,-77,0,-73,0,-91,0,-105,0,-115,0,-127,0,150,0,-128,0,108,0,-112,0,90,0]"
CSI_DATA,121402,d8:b1:90:d9:de:f0,-37,11,-99,-34,38,104,-1705341384,277,0,106,0,"[-141,0,-115,0,-65,0,-58,0,-4,0,-62,0,9,1,-91,0,-10,0,-128,0,-35,0,140,0,-77,0,135,0,-134,0,137,0,95,0,-136,0,29,0,-101,0,-23,17,-71,0,-49,17,-58,0,-53,17,-82,0,0,0,0,0,-80,17,142,0,-111,17,70,0,122,17,-4,17,47,17,-65,17,-20,16,-97,17,-48,16,-99,17,-36,16,-73,17,-7,16,-54,17,23,17,-45,17,53,17,-60,17,92,17,-83,17,124,17,-121,17,144,17]"
CSI_DATA,121403,d8:b1:90:d9:de:f0,-38,9,-99,-35,39,104,-1705340912,101,0,106,0,"[95,0,-63,0,-113,0,-3,0,-49,0,-4,0,-26,0,-41,0,-18,0,-87,0,-39,0,-122,0,-68,0,130,0,-116,0,130,0,100,0,-134,0,39,0,-100,0,0,0,-74,0,-20,16,-67,0,-22,16,-86,0,0,0,0,0,-47,16,131,0,-92,16,69,0,104,16,20,0,27,16,-2,16,-39,15,-2,16,-61,15,21,0,-49,15,45,0,-13,15,62,0,16,16,65,0,41,16,63,0,63,16,32,0,74,16,1,0,86,16]"
CSI_DATA,121404,d8:b1:90:d9:de:f0,-40,11,-99,-34,41,104,-1705309203,100,0,228,0,"[-3,-8,-5,-10,-7,-14,-8,-17,-7,-20,-6,-21,-6,-22,91,37,-3,-22,-2,-22,0,-21,0,-20,0,-19,0,-17,0,-16,0,-15,-2,-14,-3,-12,-5,-11,-7,-10,-9,-9,-28,-25,-12,-7,-13,-7,-13,-6,-13,-5,-13,-5,-12,-5,0,0,-10,-2,-10,-1,-9,0,-8,3,-8,5,-8,8,-88,12,-9,14,-10,16,-10,17,-11,18,-12,19,-13,18,-13,17,-13,16,-13,15,-12,14,-12,13,-11,12,-10,12,104,12,-8,11,-7,12,-5,12,-5,13,-4,12,-4,12,-4,10,9,-5,4,-11,-5,-13,-14,-5,-13,5,-5,12,4,11,5,-20,7,-5,0,-8,-7,-4,-8,4,-1,10,8,10,15,1,13,-12,0,-21,-15,-17,-25,-1,-21,16,-3,26,5,14,26,5,20,-13,5,-21,-10,-17,-17,-3,-13,10,0,0,10,8,11,-3,5,-11,-6,-11,-14,-2,-11,9,-9,27,10,11,15,0,10,-9,0,-12,-7,-6,-7,1,-1,5,4,3,5,-2,0,-7,-7,-7,-12,0,-10,11,-8,30,15,15,22,1,19,-14,5,-24,-11,-21,-21,-8,-19,5]"
CSI_DATA,121405,d8:b1:90:d9:de:f0,-37,11,-99,-37,39,104,-1704714686,277,0,106,0,"[-35,17,55,17,-64,17,-31,16,-114,17,-61,16,-144,17,-39,16,132,17,-10,16,-139,17,36,17,-113,17,61,17,-63,17,76,17,15,0,98,17,93,0,113,17,-147,0,116,17,-120,0,125,17,-120,0,146,17,0,0,0,0,145,0,-78,17,124,0,17,0,142,0,109,0,-123,0,-91,0,-95,0,-33,0,-72,0,-10,0,-56,0,-23,0,-75,0,-60,0,-102,0,-92,0,-127,0,-107,0,121,0,-101,0,68,0,-95,0,41,0]"
CSI_DATA,121406,d8:b1:90:d9:de:f0,-38,9,-99,-35,39,104,-1704714232,98,0,106,0,"[85,16,117,0,23,16,-95,0,28,16,-37,0,62,16,-6,0,107,16,-15,0,-136,16,-30,0,-116,16,-68,0,-118,16,-117,0,137,16,104,0,99,16,45,0,77,16,4,0,66,16,-11,16,77,16,-15,16,0,0,0,0,-127,16,-47,16,-81,16,-85,16,-27,16,113,16,-3,16,34,16,-6,16,-28,15,-23,16,-53,15,-42,16,-38,15,-59,16,-14,15,-66,16,18,16,-54,16,50,16,-25,16,74,16,7,0,76,16,27,0]"
CSI_DATA,121407,d8:b1:90:d9:de:f0,-37,9,-99,-36,39,104,-1704714100,108,0,106,0,"[86,16,123,0,22,16,-95,0,22,16,-31,0,60,16,-2,0,106,16,-4,0,-140,16,-26,0,-116,16,-65,0,-124,16,-115,0,129,16,105,0,92,16,51,0,58,16,10,0,41,16,2,0,54,16,-3,16,0,0,0,0,127,16,-28,16,-102,16,-79,16,-63,16,123,16,-42,16,41,16,-54,16,-28,15,-80,16,-54,15,-103,16,-40,15,-112,16,-4,15,-111,16,32,16,-92,16,63,16,-58,16,79,16,-17,16,78,16,5,0]"
CSI_DATA,121408,d8:b1:90:d9:de:f0,-37,9,-99,-34,38,104,-1704697376,130,0,106,0,"[-65,0,-76,17,10,1,-139,17,21,1,91,17,-15,0,55,17,-62,0,43,17,-110,0,59,17,-140,0,99,17,-143,0,144,17,-127,0,-92,17,-101,0,-30,17,-72,0,17,0,-57,0,34,0,-77,0,36,0,0,0,0,0,148,0,53,0,83,0,99,0,33,0,-118,0,4,0,-28,0,7,0,43,1,30,0,66,1,61,0,51,1,89,0,13,1,87,0,-24,0,74,0,-54,0,46,0,-74,0,8,0,-85,0,-11,17]"
CSI_DATA,121409,d8:b1:90:d9:de:f0,-38,9,-99,-35,39,104,-1704696856,113,0,106,0,"[-57,16,52,16,-125,16,-16,15,80,16,-20,15,38,16,26,16,23,16,82,16,39,16,130,16,65,16,-123,16,104,16,-116,16,-119,16,-139,16,-71,16,103,16,-44,16,73,16,-37,16,61,16,-38,16,78,16,0,0,0,0,-10,16,134,16,53,0,-105,16,-138,0,-105,16,-59,0,-129,16,-17,0,106,16,-9,0,62,16,-49,0,33,16,-91,0,34,16,-135,0,49,16,121,0,70,16,117,0,98,16,135,0,125,16,137,0]"
CSI_DATA,121410,d8:b1:90:d9:de:f0,-37,9,-99,-35,38,104,-1704657549,120,0,106,0,"[-61,0,-7,18,29,1,-57,18,52,1,-127,18,23,1,130,18,-23,0,102,18,-83,0,95,18,-121,0,125,18,-135,0,-148,18,-132,0,-81,18,-108,0,-22,18,-79,0,23,0,-67,0,29,0,-80,0,19,0,0,0,0,0,-155,0,37,0,100,0,84,0,61,0,-134,0,55,0,-47,0,91,0,19,1,135,0,37,1,-145,0,12,1,-124,0,-37,0,-128,0,-83,0,-148,0,-105,0,135,0,-121,0,108,0,-118,0,91,0]"
CSI_DATA,121411,d8:b1:90:d9:de:f0,-35,11,-99,-37,37,104,-1704308814,100,0,114,0,"[20,-31,24,-34,26,-34,27,-34,30,-36,27,-33,30,-33,27,-30,24,-30,23,-30,21,-29,21,-30,21,-30,21,-31,21,-34,18,-36,18,-36,20,-40,18,-40,18,-43,17,-42,15,-45,14,-43,13,-43,14,-43,13,-43,11,-42,10,-42,0,0,5,-42,7,-43,7,-42,4,-46,4,-45,4,-46,1,-47,1,-46,0,-45,-1,-45,-2,-43,-4,-42,-5,-39,-7,-36,-7,-37,-5,-34,-8,-36,-10,-34,-10,-34,-11,-37,-11,-37,-13,-39,-14,-40,-13,-42,-11,-42,-10,-40,-8,-40,-7,-36]"
CSI_DATA,121412,d8:b1:90:d9:de:f0,-38,11,-99,-36,39,104,-1704087987,277,0,106,0,"[138,16,105,16,61,16,63,16,-3,15,80,16,-20,15,118,16,-11,15,-129,16,23,16,-96,16,52,16,-87,16,95,16,-94,16,-125,16,-130,16,-70,16,121,16,-38,16,87,16,-15,16,76,16,-8,16,89,16,0,0,0,0,26,0,-135,16,85,0,-76,16,-118,0,-40,16,-33,0,-22,16,22,1,-30,16,56,1,-46,16,40,1,-78,16,5,1,-84,16,-31,0,-81,16,-52,0,-76,16,-74,0,-42,16,-85,0,-6,16,-90,0]"
CSI_DATA,121413,d8:b1:90:d9:de:f0,-38,9,-99,-35,39,104,-1704087543,113,0,106,0,"[-100,0,-133,0,-8,0,-114,0,56,1,126,0,61,1,65,0,44,1,20,0,0,1,-4,16,-40,0,-8,16,-80,0,14,0,-121,0,64,0,133,0,117,0,124,0,-109,0,124,0,-92,0,116,0,-97,0,0,0,0,0,57,0,118,0,-18,16,111,0,-99,16,133,0,105,16,-103,0,63,16,-47,0,65,16,-10,0,102,16,4,1,-130,16,-2,0,-97,16,-30,0,-82,16,-59,0,-94,16,-93,0,-115,16,-126,0,-131,16]"
CSI_DATA,121414,d8:b1:90:d9:de:f0,-37,9,-99,-37,39,104,-1703878643,130,0,106,0,"[-85,0,-123,17,-30,0,93,17,-39,0,26,17,-83,0,-6,16,-140,0,-8,16,115,0,12,17,93,0,51,17,102,0,92,17,133,0,142,17,-121,0,-108,17,-81,0,-71,17,-70,0,-58,17,-85,0,-53,17,0,0,0,0,-143,0,-17,17,125,0,51,0,124,0,138,0,140,0,-73,0,-114,0,-20,0,-76,0,-16,0,-55,0,-41,0,-49,0,-86,0,-61,0,-117,0,-86,0,-140,0,-117,0,-145,0,-142,0,-135,0,135,0]"
CSI_DATA,121415,d8:b1:90:d9:de:f0,-37,11,-99,-34,38,104,-1703670189,277,0,106,0,"[87,17,-116,17,-2,16,-131,17,-58,16,-103,17,-57,16,-58,17,-41,16,-23,17,2,17,3,0,39,17,-3,17,77,17,-29,17,121,17,-83,17,150,17,-142,17,-131,17,110,17,-122,17,90,17,-106,17,99,17,0,0,0,0,-43,17,150,17,27,0,-139,17,112,0,-144,17,-102,0,131,17,-47,0,87,17,-39,0,62,17,-67,0,48,17,-103,0,57,17,-133,0,74,17,-140,0,102,17,-139,0,131,17,-131,0,-136,17,-122,0]"
CSI_DATA,121416,d8:b1:90:d9:de:f0,-38,9,-99,-35,39,104,-1703669735,98,0,106,0,"[7,0,-41,0,64,0,39,1,-131,0,56,1,-80,0,15,1,-58,0,-35,0,-66,0,-92,0,-91,0,-126,0,-134,0,-139,0,79,0,-119,0,30,0,-95,0,-5,16,-71,0,-17,16,-63,0,-11,16,-80,0,0,0,0,0,-22,16,131,0,-79,16,75,0,114,16,47,0,30,16,52,0,-28,15,80,0,-44,15,122,0,-17,15,-121,0,21,16,-103,0,63,16,-109,0,99,16,-119,0,109,16,127,0,103,16,97,0,104,16]"
CSI_DATA,121417,d8:b1:90:d9:de:f0,-37,9,-99,-37,39,104,-1703669630,98,0,106,0,"[-99,17,72,17,120,17,10,17,46,17,12,17,8,17,58,17,8,17,120,17,27,17,-127,17,55,17,-109,17,100,17,-108,17,-139,17,-142,17,-103,17,115,17,-76,17,79,17,-72,17,63,17,-61,17,80,17,0,0,0,0,-30,17,139,17,43,0,-133,17,122,0,-145,17,-93,0,127,17,-50,0,81,17,-47,0,39,17,-81,0,25,17,-129,0,30,17,128,0,41,17,117,0,63,17,118,0,94,17,132,0,120,17,136,0]"
CSI_DATA,121418,d8:b1:90:d9:de:f0,-38,9,-99,-34,39,104,-1703460808,98,0,106,0,"[-42,0,24,0,43,1,-10,15,73,1,-77,15,46,1,128,15,-5,0,98,15,-46,0,97,15,-87,0,117,15,-108,0,-118,15,-104,0,-63,15,-90,0,-9,15,-70,0,24,0,-59,0,34,0,-67,0,26,0,0,0,0,0,-133,0,41,0,86,0,82,0,56,0,-111,0,55,0,-34,0,78,0,25,1,118,0,39,1,-121,0,20,1,-97,0,-24,0,-96,0,-64,0,-108,0,-95,0,134,0,-110,0,105,0,-97,0,93,0]"
CSI_DATA,121419,d8:b1:90:d9:de:f0,-37,9,-99,-36,39,104,-1703460685,101,0,106,0,"[104,0,70,16,105,0,-19,15,53,0,-67,15,-2,16,-65,15,-53,16,-35,15,-72,16,7,16,-75,16,41,16,-44,16,68,16,6,0,87,16,63,0,87,16,100,0,84,16,112,0,79,16,99,0,90,16,0,0,0,0,96,0,-139,16,117,0,-83,16,-107,0,-30,16,-38,0,-4,16,23,1,-10,16,51,1,-46,16,40,1,-74,16,3,1,-100,16,-33,0,-112,16,-60,0,-116,16,-74,0,-89,16,-79,0,-66,16,-84,0]"
CSI_DATA,121420,d8:b1:90:d9:de:f0,-40,11,-99,-36,42,104,-1703308865,100,0,228,0,"[-4,-7,-7,-9,-9,-11,-10,-14,-11,-16,-10,-19,-10,-20,86,35,-7,-21,-5,-20,-4,-19,-3,-19,-2,-18,-2,-16,-3,-15,-3,-14,-3,-12,-4,-11,-6,-9,-7,-7,-9,-6,-27,-23,-12,-3,-12,-3,-14,-3,-13,-3,-13,-2,-11,-2,0,0,-10,-1,-8,0,-7,1,-6,3,-5,6,-4,9,-42,11,-4,15,-4,17,-5,19,-6,19,-7,20,-7,19,-7,19,-8,18,-8,17,-8,16,-8,15,-7,14,-7,13,-64,11,-4,12,-3,12,-3,12,0,12,0,12,0,11,0,11,7,-6,1,-11,-7,-11,-13,-3,-11,6,-3,12,5,9,1,-19,6,-5,0,-7,-7,-2,-6,5,0,10,10,7,14,-2,9,-14,-3,-19,-18,-13,-23,3,-16,19,1,26,7,12,25,0,17,-15,0,-21,-12,-14,-16,0,-10,11,0,0,10,5,10,-4,2,-11,-8,-9,-13,0,-8,11,-2,27,11,8,14,-2,7,-10,-2,-11,-7,-4,-6,2,0,4,3,2,3,-3,-1,-7,-8,-3,-11,3,-5,13,0,30,17,10,21,-3,14,-18,0,-23,-15,-16,-21,-2,-15,9]"
CSI_DATA,121421,d8:b1:90:d9:de:f0,-37,11,-99,-34,38,104,-1703252389,277,0,106,0,"[116,17,-130,0,76,17,-35,0,106,17,30,1,-141,17,51,1,-83,17,39,1,-53,17,5,1,-36,17,-41,0,-53,17,-86,0,-102,17,-130,0,144,17,136,0,102,17,114,0,84,17,104,0,103,17,92,0,0,0,0,0,-149,17,48,0,-125,17,-33,17,-144,17,-127,17,129,17,96,17,82,17,47,17,41,17,45,17,26,17,73,17,22,17,115,17,45,17,-149,17,66,17,-128,17,106,17,-129,17,137,17,-149,17,-150,17]"
CSI_DATA,121422,d8:b1:90:d9:de:f0,-38,9,-99,-35,39,104,-1703251945,108,0,106,0,"[-50,0,-43,16,17,1,-113,16,22,1,88,16,-18,0,44,16,-85,0,20,16,-129,0,40,16,126,0,61,16,117,0,104,16,136,0,-119,16,-111,0,-78,16,-80,0,-54,16,-64,0,-46,16,-77,0,-47,16,0,0,0,0,-139,0,-11,16,111,0,44,0,123,0,121,0,-125,0,-83,0,-83,0,-37,0,-32,0,-40,0,-6,0,-78,0,-18,0,-122,0,-34,0,110,0,-51,0,86,0,-79,0,91,0,-105,0,110,0,-115,0]"
CSI_DATA,121423,d8:b1:90:d9:de:f0,-38,9,-99,-35,39,104,-1703043027,130,0,106,0,"[106,16,-135,0,50,16,-65,0,51,16,-8,0,82,16,9,1,112,16,2,1,-131,16,-28,0,-122,16,-71,0,-129,16,-125,0,126,16,79,0,101,16,10,0,74,16,-41,16,67,16,-64,16,78,16,-73,16,0,0,0,0,-109,16,-83,16,-34,16,-100,16,46,0,130,16,113,0,68,16,-124,0,8,16,-118,0,-21,15,-135,0,-18,15,122,0,0,16,103,0,30,16,102,0,68,16,118,0,111,16,-138,0,-131,16,-119,0]"
CSI_DATA,121424,d8:b1:90:d9:de:f0,-36,9,-99,-33,37,104,-1702992725,98,0,106,0,"[80,19,115,0,6,19,-160,0,-10,18,-108,0,23,19,-81,0,55,19,-79,0,101,19,-97,0,123,19,-133,0,119,19,145,0,112,19,69,0,102,19,-6,19,95,19,-69,19,97,19,-98,19,121,19,-107,19,0,0,0,0,-125,19,-128,19,-49,19,-154,19,36,0,124,19,107,0,62,19,143,0,5,19,147,0,-27,18,141,0,-20,18,116,0,0,19,102,0,28,19,102,0,57,19,121,0,93,19,139,0,125,19,152,0]"
CSI_DATA,121425,d8:b1:90:d9:de:f0,-38,11,-99,-33,39,104,-1702834591,277,0,106,0,"[88,0,62,15,83,0,-30,14,33,0,-75,14,-26,15,-73,14,-61,15,-36,14,-80,15,8,15,-74,15,46,15,-41,15,74,15,10,0,96,15,69,0,104,15,111,0,101,15,126,0,99,15,121,0,107,15,0,0,0,0,98,0,-94,15,109,0,-30,15,-111,0,39,0,-51,0,92,0,5,1,109,0,43,1,93,0,46,1,64,0,24,1,24,0,-5,0,0,0,-33,0,-5,15,-61,0,12,0,-82,0,41,0,-89,0]"
CSI_DATA,121426,d8:b1:90:d9:de:f0,-38,9,-99,-35,39,104,-1702834137,98,0,106,0,"[-38,16,-54,0,-33,16,33,1,7,0,79,1,40,0,69,1,67,0,37,1,58,0,-4,0,46,0,-44,0,1,0,-83,0,-67,16,-121,0,-135,16,127,0,99,16,103,0,79,16,86,0,88,16,74,0,0,0,0,0,138,16,11,0,-95,16,-57,16,-74,16,128,16,-56,16,42,16,-61,16,-23,15,-74,16,-50,15,-89,16,-43,15,-88,16,-13,15,-78,16,21,16,-63,16,47,16,-22,16,74,16,25,0,87,16,54,0]"
CSI_DATA,121427,d8:b1:90:d9:de:f0,-38,9,-99,-34,39,104,-1702416302,224,0,106,0,"[115,0,-91,0,-80,0,-30,0,-18,0,-25,0,8,1,-62,0,7,1,-109,0,-26,0,-128,0,-61,0,123,0,-113,0,124,0,92,0,-127,0,27,0,-95,0,-11,15,-69,0,-33,15,-64,0,-44,15,-80,0,0,0,0,0,-63,15,104,0,-99,15,40,0,100,15,-22,15,31,15,-72,15,-26,14,-93,15,-51,14,-94,15,-47,14,-70,15,-28,14,-47,15,6,15,-34,15,40,15,-32,15,73,15,-55,15,106,15,-98,15,129,15]"
CSI_DATA,121428,d8:b1:90:d9:de:f0,-37,9,-99,-36,39,104,-1702416139,98,0,106,0,"[-115,16,-94,0,136,16,-6,0,-134,16,51,1,-88,16,52,1,-51,16,41,1,-42,16,2,1,-38,16,-32,0,-63,16,-72,0,-108,16,-121,0,126,16,123,0,89,16,85,0,74,16,69,0,92,16,47,0,0,0,0,0,139,16,-1,16,-103,16,-79,16,-90,16,124,16,-81,16,41,16,-92,16,-21,15,-106,16,-42,15,-113,16,-30,15,-121,16,-5,15,-115,16,31,16,-98,16,56,16,-68,16,69,16,-17,16,76,16,7,0]"
CSI_DATA,121429,d8:b1:90:d9:de:f0,-38,9,-99,-35,39,104,-1702416007,120,0,106,0,"[131,16,-115,0,93,16,-19,0,117,16,42,1,-112,16,61,1,-63,16,42,1,-35,16,7,1,-26,16,-34,0,-49,16,-80,0,-91,16,-133,0,133,16,105,0,97,16,79,0,82,16,64,0,101,16,54,0,0,0,0,0,-124,16,-1,16,-82,16,-69,16,-64,16,121,16,-69,16,35,16,-95,16,-23,15,-124,16,-42,15,136,16,-19,15,128,16,13,16,135,16,43,16,-128,16,78,16,-92,16,91,16,-51,16,91,16,-20,16]"
CSI_DATA,121430,d8:b1:90:d9:de:f0,-37,9,-99,-33,38,104,-1702415885,120,0,106,0,"[-30,17,-63,0,-17,17,32,1,39,0,73,1,79,0,65,1,109,0,35,1,115,0,-11,0,107,0,-48,0,66,0,-77,0,1,0,-95,0,-58,17,-103,0,-112,17,-108,0,-132,17,-115,0,-128,17,-142,0,0,0,0,0,-120,17,78,0,-130,17,5,0,118,17,-73,17,70,17,-137,17,12,17,115,17,-12,16,116,17,-10,16,143,17,5,17,-123,17,25,17,-97,17,47,17,-93,17,85,17,-100,17,114,17,-122,17,138,17]"
CSI_DATA,121431,d8:b1:90:d9:de:f0,-34,11,-99,-35,36,104,-1702308873,100,0,114,0,"[16,35,15,40,12,44,9,47,6,49,3,47,0,46,0,44,-1,41,-3,40,-3,38,-3,38,-4,38,-4,40,-4,41,-6,43,-7,46,-9,47,-10,47,-10,47,-10,49,-12,49,-12,49,-12,47,-13,46,-15,44,-13,44,-15,44,0,0,-16,41,-18,43,-20,43,-20,43,-21,43,-21,43,-23,43,-23,43,-23,41,-23,40,-23,38,-21,38,-21,35,-20,33,-20,32,-21,32,-21,30,-21,30,-21,32,-23,32,-24,32,-27,33,-27,32,-30,32,-33,30,-35,27,-35,24,-33,20]"
CSI_DATA,121432,d8:b1:90:d9:de:f0,-37,9,-99,-35,39,104,-1702207402,130,0,106,0,"[51,16,37,0,-39,15,71,0,-66,15,125,0,-43,15,-116,0,-4,15,-102,0,39,16,-110,0,69,16,-137,0,90,16,85,0,95,16,16,0,93,16,-55,16,94,16,-104,16,94,16,-127,16,114,16,-124,16,0,0,0,0,-74,16,-110,16,2,0,-114,16,89,0,136,16,-116,0,95,16,-70,0,43,16,-62,0,16,16,-77,0,16,16,-105,0,30,16,-127,0,46,16,136,0,76,16,-138,0,113,16,-127,0,-126,16,-122,0]"
CSI_DATA,121433,d8:b1:90:d9:de:f0,-38,9,-99,-37,40,104,-1702207277,113,0,106,0,"[-65,0,81,0,20,1,88,0,67,1,58,0,62,1,13,0,42,1,-13,15,4,1,-17,15,-29,0,-9,15,-65,0,15,0,-107,0,65,0,127,0,122,0,109,0,-101,0,92,0,-86,0,78,0,-94,0,0,0,0,0,20,0,127,0,-44,15,91,0,-128,15,90,0,58,15,95,0,0,15,111,0,-20,14,127,0,-2,14,-114,0,24,15,-114,0,55,15,-121,0,75,15,126,0,85,15,96,0,86,15,55,0,92,15]"
CSI_DATA,121434,d8:b1:90:d9:de:f0,-38,11,-99,-37,40,104,-1701790093,277,0,106,0,"[-23,15,56,15,-68,15,-26,14,125,15,-44,14,76,15,-13,14,48,15,37,15,50,15,85,15,69,15,124,15,114,15,-131,15,-92,15,117,15,-53,15,86,15,-21,15,55,15,-23,15,48,15,-27,15,73,15,0,0,0,0,1,0,-130,15,57,0,-92,15,-118,0,-86,15,-46,0,-107,15,1,1,113,15,1,1,76,15,-32,0,56,15,-73,0,51,15,-106,0,52,15,130,0,67,15,124,0,89,15,-130,0,112,15,128,0]"
CSI_DATA,121435,d8:b1:90:d9:de:f0,-37,9,-99,-37,39,104,-1701789649,98,0,106,0,"[-72,0,-42,17,17,1,-71,17,51,1,-122,17,41,1,135,17,-1,0,120,17,-42,0,124,17,-73,0,-143,17,-97,0,-88,17,-102,0,-13,17,-94,0,60,0,-90,0,117,0,-92,0,135,0,-116,0,128,0,0,0,0,0,91,0,108,0,8,0,118,0,-88,17,-129,0,133,17,-85,0,92,17,-32,0,86,17,-2,0,103,17,-5,0,135,17,-20,0,-144,17,-39,0,-142,17,-72,0,-139,17,-106,0,135,17,-142,0,128,17]"
CSI_DATA,121436,d8:b1:90:d9:de:f0,-38,9,-99,-35,39,104,-1701789526,108,0,106,0,"[63,0,79,16,70,0,-6,15,44,0,-51,15,0,0,-57,15,-29,16,-37,15,-37,16,-2,15,-31,16,40,16,4,0,73,16,57,0,106,16,121,0,130,16,-107,0,-129,16,-97,0,-123,16,-103,0,-105,16,0,0,0,0,119,0,-37,16,104,0,39,0,111,0,128,0,134,0,-67,0,-114,0,-17,0,-89,0,-7,0,-81,0,-18,0,-76,0,-51,0,-92,0,-79,0,-119,0,-97,0,130,0,-105,0,95,0,-102,0,68,0]"
CSI_DATA,121437,d8:b1:90:d9:de:f0,-39,9,-99,-36,40,104,-1701789372,98,0,106,0,"[117,0,99,15,-107,0,16,15,126,0,-42,14,85,0,-57,14,39,0,-38,14,14,0,-5,14,4,0,38,15,32,0,86,15,83,0,126,15,-118,0,-98,15,-72,0,-84,15,-56,0,-84,15,-74,0,-80,15,0,0,0,0,113,0,-20,15,87,0,44,0,75,0,-125,0,92,0,-44,0,125,0,10,1,-102,0,16,1,-90,0,-8,0,-87,0,-36,0,-99,0,-66,0,-117,0,-90,0,104,0,-97,0,70,0,-94,0,48,0]"
CSI_DATA,121438,d8:b1:90:d9:de:f0,-38,9,-99,-35,39,104,-1701789276,113,0,106,0,"[-104,0,129,0,-23,0,-117,0,33,1,-136,0,49,1,101,0,33,1,55,0,5,1,28,0,-37,0,21,0,-85,0,45,0,-122,0,91,0,123,0,-133,0,103,0,-85,0,93,0,-73,0,80,0,-87,0,0,0,0,0,22,0,124,0,-49,16,109,0,-137,16,105,0,59,16,123,0,9,16,-122,0,1,16,-91,0,21,16,-83,0,56,16,-77,0,88,16,-86,0,101,16,-109,0,111,16,-138,0,104,16,112,0,107,16]"
CSI_DATA,121439,d8:b1:90:d9:de:f0,-37,9,-99,-38,39,104,-1701789122,242,0,106,0,"[-131,0,148,0,-45,0,-114,0,23,1,-133,0,41,1,127,0,30,1,76,0,-2,0,36,0,-46,0,29,0,-91,0,51,0,-137,0,104,0,135,0,-140,0,115,0,-91,0,110,0,-80,0,99,0,-110,0,0,0,0,0,47,0,141,0,-40,17,111,0,-139,17,124,0,82,17,-152,0,33,17,-106,0,30,17,-67,0,57,17,-57,0,95,17,-61,0,125,17,-76,0,139,17,-96,0,146,17,-129,0,139,17,144,0,134,17]"
CSI_DATA,121440,d8:b1:90:d9:de:f0,-38,9,-99,-33,39,104,-1701580713,262,0,106,0,"[116,15,-102,0,79,15,-21,0,93,15,37,1,-125,15,53,1,-88,15,40,1,-54,15,12,1,-44,15,-28,0,-59,15,-80,0,-91,15,130,0,123,15,76,0,80,15,42,0,62,15,29,0,66,15,22,0,0,0,0,0,-126,15,-12,15,-71,15,-60,15,-25,15,117,15,-9,15,29,15,-17,15,-45,14,-43,15,-68,14,-63,15,-54,14,-89,15,-23,14,-91,15,17,15,-79,15,50,15,-41,15,72,15,-2,15,82,15,26,0]"
CSI_DATA,121441,d8:b1:90:d9:de:f0,-36,9,-99,-36,38,104,-1701563231,130,0,106,0,"[-85,0,-99,18,-17,0,143,18,-22,0,69,18,-62,0,23,18,-115,0,11,18,148,0,30,18,128,0,64,18,130,0,103,18,152,0,-161,18,-129,0,-110,18,-99,0,-75,18,-86,0,-57,18,-100,0,-47,18,0,0,0,0,156,0,-1,18,129,0,65,0,130,0,158,0,158,0,-71,0,-123,0,-28,0,-80,0,-16,0,-49,0,-51,0,-40,0,-95,0,-61,0,-142,0,-85,0,154,0,-119,0,152,0,-154,0,157,0,151,0]"
CSI_DATA,121442,d8:b1:90:d9:de:f0,-37,9,-99,-34,38,104,-1701554621,98,0,106,0,"[72,17,-55,17,-26,16,-52,17,-76,16,-14,17,-72,16,36,0,-35,16,68,0,2,17,91,0,41,17,79,0,73,17,40,0,96,17,-17,17,106,17,-79,17,121,17,-134,17,127,17,-148,17,-148,17,-139,17,0,0,0,0,-74,17,-133,17,2,0,-142,17,89,0,128,17,-147,0,77,17,-109,0,20,17,-116,0,-8,16,-137,0,-3,16,136,0,3,17,108,0,17,17,99,0,51,17,103,0,84,17,118,0,114,17,129,0]"
CSI_DATA,121443,d8:b1:90:d9:de:f0,-38,9,-99,-35,39,104,-1701552404,500,0,106,0,"[-58,0,-37,16,11,1,-87,16,23,1,122,16,-6,0,70,16,-57,0,49,16,-106,0,53,16,-137,0,75,16,138,0,106,16,-130,0,-119,16,-102,0,-76,16,-77,0,-49,16,-77,0,-39,16,-89,0,-37,16,0,0,0,0,135,0,3,0,103,0,59,0,107,0,-130,0,135,0,-58,0,-101,0,-23,0,-56,0,-20,0,-31,0,-49,0,-18,0,-103,0,-33,0,-139,0,-55,0,115,0,-83,0,104,0,-110,0,111,0,-128,0]"
CSI_DATA,121444,d8:b1:90:d9:de:f0,-38,9,-99,-33,39,104,-1701551108,500,0,106,0,"[-90,0,118,0,-5,0,-127,0,56,1,95,0,63,1,40,0,46,1,-9,15,11,1,-42,15,-34,0,-44,15,-68,0,-22,15,-91,0,30,0,-109,0,83,0,-106,0,121,0,-108,0,-128,0,-118,0,118,0,0,0,0,0,76,0,96,0,14,0,102,0,-52,15,-103,0,-104,15,-42,0,-114,15,20,1,-98,15,50,1,-57,15,54,1,-14,15,31,1,11,0,2,1,18,0,-30,0,2,0,-59,0,-20,15,-79,0,-38,15]"
CSI_DATA,121445,d8:b1:90:d9:de:f0,-38,9,-99,-35,39,104,-1701550863,500,0,106,0,"[74,16,-83,16,-16,15,-103,16,-70,15,-82,16,-69,15,-43,16,-44,15,-19,16,-4,15,-6,16,37,16,-13,16,83,16,-46,16,137,16,-100,16,-99,16,119,16,-63,16,77,16,-39,16,64,16,-25,16,86,16,0,0,0,0,22,0,-126,16,88,0,-67,16,-105,0,-21,16,-26,0,9,0,42,1,22,0,68,1,14,0,55,1,4,0,27,1,-5,16,-3,0,-13,16,-31,0,2,0,-71,0,31,0,-100,0,70,0,-122,0]"
CSI_DATA,121446,d8:b1:90:d9:de:f0,-37,9,-99,-34,38,104,-1701371823,101,0,106,0,"[82,17,106,0,5,17,-128,0,-4,16,-59,0,32,17,-20,0,85,17,-11,0,135,17,-36,0,-140,17,-73,0,-146,17,-139,0,137,17,90,0,98,17,20,0,71,17,-26,17,61,17,-38,17,83,17,-38,17,0,0,0,0,-120,17,-65,17,-47,17,-117,17,19,0,111,17,54,0,23,17,55,0,-42,16,38,0,-68,16,23,0,-52,16,5,0,-15,16,-1,17,21,17,9,0,53,17,45,0,82,17,76,0,97,17,90,0]"
CSI_DATA,121447,d8:b1:90:d9:de:f0,-38,9,-99,-35,39,104,-1701371664,252,0,106,0,"[-54,0,-38,16,30,1,-80,16,52,1,134,16,32,1,87,16,-15,0,73,16,-63,0,78,16,-97,0,110,16,-115,0,-121,16,-113,0,-52,16,-94,0,17,0,-77,0,65,0,-73,0,76,0,-86,0,71,0,0,0,0,0,94,0,77,0,28,0,109,0,-44,16,-98,0,-83,16,-23,0,-92,16,37,1,-78,16,58,1,-52,16,43,1,-22,16,11,1,-17,16,-17,0,-23,16,-49,0,-44,16,-75,0,-73,16,-93,0,-88,16]"
CSI_DATA,121448,d8:b1:90:d9:de:f0,-38,9,-99,-33,39,104,-1701371480,214,0,106,0,"[-33,15,-46,0,-12,15,40,1,41,0,78,1,91,0,63,1,127,0,27,1,130,0,-20,0,121,0,-56,0,73,0,-87,0,11,0,-101,0,-50,15,-99,0,-92,15,-87,0,-106,15,-84,0,-96,15,-95,0,0,0,0,0,-84,15,79,0,-107,15,12,0,100,15,-61,15,32,15,-102,15,-25,14,-113,15,-50,14,-96,15,-43,14,-69,15,-12,14,-37,15,22,15,-27,15,44,15,-26,15,73,15,-46,15,89,15,-72,15,100,15]"
CSI_DATA,121449,d8:b1:90:d9:de:f0,-38,9,-99,-35,39,104,-1701371290,214,0,106,0,"[-50,0,15,0,42,1,-21,16,75,1,-87,16,53,1,138,16,7,1,105,16,-47,0,99,16,-83,0,122,16,-110,0,-111,16,-114,0,-46,16,-97,0,18,0,-76,0,58,0,-64,0,66,0,-81,0,56,0,0,0,0,0,105,0,66,0,41,0,102,0,-14,16,-99,0,-38,16,-13,0,-21,16,50,1,8,0,66,1,38,0,45,1,63,0,6,1,64,0,-32,0,56,0,-56,0,29,0,-70,0,5,0,-78,0,-13,16]"
CSI_DATA,121450,d8:b1:90:d9:de:f0,-40,11,-99,-36,42,104,-1701309210,100,0,228,0,"[3,7,5,9,7,11,9,14,9,17,9,19,8,20,86,35,5,22,3,21,2,21,0,20,0,19,0,18,0,16,0,15,0,14,1,12,3,11,4,10,7,9,-27,-23,10,7,11,7,11,8,11,8,11,8,10,7,0,0,8,5,7,4,6,2,6,0,7,-3,7,-6,75,0,11,-11,12,-13,15,-13,16,-14,18,-13,18,-11,19,-11,18,-9,18,-8,17,-7,16,-6,15,-5,15,-5,-47,0,12,-5,11,-6,11,-7,10,-7,10,-7,9,-7,8,-5,-7,6,-1,11,7,11,14,3,12,-6,4,-12,-4,-11,-3,18,-7,4,0,7,5,3,7,-3,1,-8,-7,-8,-14,0,-11,11,0,19,14,16,23,3,21,-15,5,-26,-3,-15,-24,-8,-23,9,-8,20,6,19,15,7,14,-5,0,0,-7,-9,-11,0,-7,8,3,12,11,5,13,-5,15,-23,-5,-14,-12,-5,-11,4,-4,10,3,8,6,2,3,-2,-1,-3,-4,1,-2,7,4,8,11,3,13,-6,19,-22,-6,-19,-19,-11,-23,3,-16,18,-1,23,12,18,19,6]"
CSI_DATA,121451,d8:b1:90:d9:de:f0,-37,11,-99,-38,39,104,-1700745596,277,0,106,0,"[59,0,66,17,68,0,-24,16,42,0,-73,16,9,0,-70,16,-13,17,-47,16,-27,17,-3,16,-16,17,35,17,23,0,76,17,80,0,124,17,143,0,-136,17,-98,0,-99,17,-78,0,-80,17,-96,0,-65,17,0,0,0,0,-146,0,-9,17,111,0,68,0,85,0,-141,0,68,0,-48,0,74,0,19,1,91,0,38,1,96,0,24,1,97,0,-5,0,87,0,-34,0,62,0,-55,0,23,0,-72,0,-10,17,-84,0,-39,17]"
CSI_DATA,121452,d8:b1:90:d9:de:f0,-38,9,-99,-34,39,104,-1700745097,130,0,106,0,"[126,15,-95,0,90,15,-12,0,111,15,43,1,-116,15,54,1,-79,15,41,1,-46,15,11,1,-37,15,-28,0,-55,15,-70,0,-96,15,-123,0,124,15,106,0,85,15,76,0,64,15,61,0,79,15,52,0,0,0,0,0,127,15,8,0,-108,15,-61,15,-92,15,128,15,-95,15,44,15,-121,15,-12,14,127,15,-24,14,115,15,-2,14,113,15,27,15,123,15,55,15,-130,15,75,15,-96,15,80,15,-67,15,79,15,-46,15]"
CSI_DATA,121453,d8:b1:90:d9:de:f0,-38,9,-99,-35,39,104,-1700536216,120,0,106,0,"[51,0,-66,0,102,0,10,1,-106,0,37,1,-66,0,9,1,-42,0,-40,0,-49,0,-82,0,-69,0,-123,0,-112,0,134,0,95,0,-138,0,30,0,-119,0,-22,16,-94,0,-41,16,-80,0,-43,16,-91,0,0,0,0,0,-55,16,123,0,-103,16,61,0,99,16,13,0,16,16,-11,16,-53,15,-1,16,-76,15,26,0,-52,15,59,0,-20,15,79,0,16,16,89,0,52,16,83,0,76,16,57,0,89,16,11,0,102,16]"
CSI_DATA,121454,d8:b1:90:d9:de:f0,-38,9,-99,-34,39,104,-1700536103,108,0,106,0,"[-74,0,-60,15,-3,0,-121,15,11,1,81,15,-18,0,25,15,-73,0,10,15,-128,0,19,15,113,0,48,15,96,0,95,15,103,0,-106,15,-127,0,-40,15,-92,0,1,0,-70,0,7,0,-76,0,-1,15,0,0,0,0,118,0,26,0,70,0,75,0,32,0,-110,0,33,0,-20,0,64,0,39,1,106,0,60,1,-134,0,33,1,-116,0,-13,0,-115,0,-52,0,-134,0,-90,0,99,0,-110,0,57,0,-110,0,29,0]"
CSI_DATA,121455,d8:b1:90:d9:de:f0,-35,11,-99,-34,36,104,-1700309055,100,0,114,0,"[-23,-26,-25,-29,-25,-32,-22,-35,-22,-37,-20,-35,-19,-37,-19,-34,-17,-34,-17,-32,-17,-31,-16,-32,-17,-32,-19,-32,-19,-34,-20,-34,-20,-35,-20,-37,-22,-37,-25,-38,-25,-38,-26,-40,-26,-38,-26,-38,-26,-38,-25,-38,-26,-35,-25,-35,0,0,-26,-35,-25,-35,-25,-37,-26,-37,-26,-37,-26,-38,-28,-37,-29,-38,-29,-37,-29,-37,-28,-35,-28,-32,-26,-31,-26,-29,-26,-29,-23,-28,-25,-26,-25,-25,-26,-28,-26,-28,-29,-29,-29,-31,-31,-32,-29,-35,-28,-35,-25,-34,-23,-35,-19,-34]"
CSI_DATA,121456,d8:b1:90:d9:de:f0,-37,11,-99,-34,38,104,-1700118898,277,0,106,0,"[-80,0,-72,17,2,1,-120,17,26,1,122,17,-8,0,72,17,-46,0,49,17,-95,0,62,17,-135,0,92,17,149,0,148,17,150,0,-72,17,-128,0,13,0,-101,0,71,0,-77,0,91,0,-84,0,92,0,0,0,0,0,139,0,85,0,58,0,118,0,-14,17,-110,0,-58,17,-26,0,-67,17,47,1,-47,17,74,1,-20,17,66,1,5,0,26,1,16,0,-22,0,14,0,-62,0,-27,17,-97,0,-79,17,-122,0,-112,17]"
CSI_DATA,121457,d8:b1:90:d9:de:f0,-38,9,-99,-35,39,104,-1700118399,124,0,106,0,"[52,16,-2,16,-29,15,35,0,-63,15,98,0,-45,15,-123,0,4,16,-89,0,55,16,-80,0,100,16,-95,0,131,16,-133,0,-136,16,74,0,127,16,1,0,102,16,-50,16,87,16,-67,16,82,16,-65,16,0,0,0,0,-119,16,-66,16,-62,16,-101,16,-13,16,94,16,1,0,6,16,-20,16,-55,15,-57,16,-80,15,-97,16,-55,15,-118,16,-9,15,-125,16,39,16,-109,16,77,16,-70,16,99,16,-30,16,95,16,-9,16]"
CSI_DATA,121458,d8:b1:90:d9:de:f0,-38,9,-99,-35,39,104,-1699909527,130,0,106,0,"[-116,16,-97,0,-135,16,-22,0,-106,16,30,1,-66,16,45,1,-20,16,31,1,8,0,-1,0,18,0,-28,0,0,0,-67,0,-41,16,-101,0,-100,16,-126,0,133,16,-137,0,112,16,-137,0,126,16,-138,0,0,0,0,0,-121,16,83,0,-121,16,16,0,126,16,-64,16,76,16,-128,16,14,16,124,16,-23,15,137,16,-31,15,-111,16,-16,15,-69,16,6,16,-43,16,26,16,-29,16,58,16,-37,16,82,16,-52,16,98,16]"
CSI_DATA,121459,d8:b1:90:d9:de:f0,-38,9,-99,-34,39,104,-1699909383,113,0,106,0,"[-8,15,-59,0,11,0,9,1,58,0,45,1,106,0,31,1,134,0,3,1,-124,0,-42,0,-127,0,-66,0,113,0,-87,0,55,0,-92,0,-4,15,-84,0,-40,15,-69,0,-51,15,-55,0,-43,15,-63,0,0,0,0,0,-49,15,-129,0,-91,15,90,0,113,15,47,0,33,15,36,0,-25,14,57,0,-50,14,86,0,-33,14,116,0,1,15,134,0,38,15,-135,0,65,15,-130,0,77,15,115,0,87,15,90,0,91,15]"
CSI_DATA,121460,d8:b1:90:d9:de:f0,-38,11,-99,-35,39,104,-1699701099,277,0,106,0,"[-85,16,91,16,-135,16,23,16,80,16,3,16,39,16,30,16,19,16,76,16,31,16,116,16,52,16,-129,16,98,16,-115,16,-111,16,136,16,-55,16,104,16,-15,16,66,16,-1,16,54,16,-8,16,73,16,0,0,0,0,11,0,-133,16,70,0,-68,16,-114,0,-39,16,-30,0,-28,16,33,1,-42,16,57,1,-77,16,43,1,-104,16,8,1,-115,16,-30,0,-125,16,-54,0,-114,16,-76,0,-90,16,-76,0,-53,16,-86,0]"
CSI_DATA,121461,d8:b1:90:d9:de:f0,-37,9,-99,-37,39,104,-1699700645,98,0,106,0,"[-95,17,-109,0,-120,17,-28,0,-93,17,34,1,-46,17,48,1,0,0,40,1,33,0,9,1,46,0,-31,0,25,0,-61,0,-20,17,-94,0,-88,17,-112,0,-139,17,-106,0,139,17,-101,0,-135,17,-116,0,0,0,0,0,-100,17,123,0,-116,17,39,0,117,17,-30,17,48,17,-76,17,-17,16,-90,17,-46,16,-65,17,-42,16,-28,17,-17,16,5,0,10,17,23,0,34,17,30,0,51,17,16,0,69,17,-3,17,85,17]"
CSI_DATA,121462,d8:b1:90:d9:de:f0,-37,9,-99,-36,39,104,-1699491737,98,0,106,0,"[-72,16,81,16,-129,16,12,16,87,16,-1,15,47,16,34,16,28,16,83,16,32,16,139,16,52,16,-124,16,89,16,-115,16,142,16,-141,16,-102,16,108,16,-69,16,68,16,-66,16,61,16,-65,16,88,16,0,0,0,0,-38,16,136,16,33,0,-117,16,122,0,-131,16,-90,0,125,16,-50,0,75,16,-52,0,32,16,-81,0,12,16,-125,0,13,16,122,0,25,16,103,0,43,16,94,0,70,16,99,0,94,16,103,0]"
CSI_DATA,121463,d8:b1:90:d9:de:f0,-37,9,-99,-35,38,104,-1699484417,101,0,106,0,"[134,18,-149,0,83,18,-83,0,89,18,-17,0,127,18,7,1,-141,18,12,1,-99,18,-3,0,-75,18,-34,0,-88,18,-67,0,-122,18,-116,0,141,18,-156,0,112,18,124,0,96,18,114,0,112,18,99,0,0,0,0,0,149,18,40,0,-150,18,-28,18,-156,18,-118,18,118,18,124,18,67,18,77,18,33,18,75,18,24,18,99,18,29,18,132,18,36,18,-149,18,52,18,-127,18,74,18,-122,18,101,18,-118,18,132,18]"
CSI_DATA,121464,d8:b1:90:d9:de:f0,-37,9,-99,-34,38,104,-1699466335,98,0,106,0,"[-79,0,-53,17,-5,0,-97,17,19,1,143,17,-9,0,92,17,-42,0,68,17,-85,0,74,17,-115,0,83,17,-127,0,114,17,-123,0,-124,17,-106,0,-68,17,-86,0,-32,17,-79,0,-9,17,-92,0,0,0,0,0,0,0,141,0,30,0,92,0,80,0,61,0,-140,0,55,0,-52,0,74,0,17,1,102,0,49,1,143,0,36,1,-144,0,0,1,-134,0,-40,0,-123,0,-73,0,-146,0,-97,0,117,0,-116,0,92,0]"
CSI_DATA,121465,d8:b1:90:d9:de:f0,-41,11,-99,-32,41,104,-1699308829,100,0,228,0,"[0,8,1,11,1,13,2,16,0,19,0,21,-2,21,86,35,-5,21,-7,20,-8,19,-9,17,-10,16,-10,15,-10,13,-9,12,-7,11,-6,10,-3,10,-1,10,0,10,-27,-23,3,10,5,11,5,11,5,11,5,11,4,11,0,0,4,8,4,7,5,6,6,3,7,2,10,0,-81,0,15,0,18,-1,19,0,21,0,22,1,22,2,21,3,20,4,19,5,17,6,15,7,15,7,13,7,-49,0,11,4,11,3,11,1,11,0,11,0,11,0,10,0,-7,1,-5,8,2,11,10,7,12,0,8,-8,0,-11,-11,15,-8,0,-3,7,3,6,7,0,6,-7,-2,-11,-12,-7,-16,3,-11,16,3,22,18,15,27,0,19,-19,4,-16,-15,-20,-23,-4,-19,11,-6,19,7,15,14,4,0,0,1,-11,-7,-6,-9,2,-3,9,6,10,13,2,24,-8,3,-14,-7,-11,-12,-3,-10,6,-1,9,4,6,5,0,1,-3,-3,-2,-6,2,-2,8,5,10,13,3,27,-1,7,-18,-5,-21,-19,-13,-23,1,-17,15,-3,21,8,17]"
CSI_DATA,121466,d8:b1:90:d9:de:f0,-37,11,-99,-36,39,104,-1699074401,277,0,106,0,"[-32,16,-59,0,-8,16,33,1,58,0,83,1,120,0,71,1,-125,0,15,1,-104,0,-39,0,-115,0,-93,0,125,0,-132,0,51,0,142,0,-24,16,-133,0,-83,16,-106,0,-100,16,-85,0,-89,16,-89,0,0,0,0,0,-80,16,123,0,-116,16,57,0,94,16,7,0,13,16,-16,16,-59,15,-2,16,-79,15,39,0,-44,15,62,0,-8,15,89,0,39,16,102,0,75,16,81,0,95,16,46,0,92,16,11,0,92,16]"
CSI_DATA,121467,d8:b1:90:d9:de:f0,-37,9,-99,-35,38,104,-1699073920,310,0,106,0,"[6,0,-68,0,22,0,29,1,78,0,73,1,116,0,70,1,134,0,36,1,148,0,-14,0,122,0,-61,0,77,0,-105,0,-8,18,-148,0,-103,18,139,0,135,18,128,0,97,18,122,0,106,18,111,0,0,0,0,0,-150,18,44,0,-125,18,-47,18,-133,18,155,18,-152,18,51,18,129,18,-7,17,113,18,-25,17,102,18,4,18,114,18,42,18,143,18,80,18,-129,18,100,18,-69,18,110,18,-18,18,103,18,15,0]"
CSI_DATA,121468,d8:b1:90:d9:de:f0,-37,9,-99,-36,39,104,-1699073716,290,0,106,0,"[-40,16,59,16,-76,16,-25,15,-129,16,-58,15,114,16,-41,15,95,16,-1,15,93,16,43,16,118,16,90,16,-113,16,123,16,-33,16,139,16,56,0,140,16,121,0,132,16,-138,0,121,16,-138,0,125,16,0,0,0,0,127,0,-75,16,126,0,5,0,-120,0,96,0,-66,0,-118,0,-13,0,-84,0,12,1,-81,0,4,1,-108,0,-20,0,-136,0,-51,0,122,0,-94,0,117,0,-141,0,133,0,106,0,-123,0,83,0]"
CSI_DATA,121469,d8:b1:90:d9:de:f0,-38,9,-99,-34,39,104,-1699073520,108,0,106,0,"[-79,0,-109,15,-19,0,98,15,-11,0,39,15,-47,0,2,15,-95,0,-9,14,-131,0,13,15,103,0,45,15,96,0,104,15,111,0,-85,15,-124,0,-11,15,-88,0,34,0,-61,0,52,0,-67,0,48,0,0,0,0,0,122,0,65,0,59,0,106,0,5,0,-88,0,-23,15,-8,0,-22,15,52,1,-3,15,74,1,16,0,59,1,31,0,13,1,31,0,-23,0,25,0,-55,0,-14,15,-83,0,-61,15,-99,0,-84,15]"
CSI_DATA,121470,d8:b1:90:d9:de:f0,-37,9,-99,-36,39,104,-1699073366,130,0,106,0,"[-78,0,-100,16,-14,0,120,16,-1,0,56,16,-35,0,15,16,-89,0,4,16,-134,0,19,16,118,0,57,16,104,0,112,16,120,0,-97,16,-131,0,-16,16,-93,0,34,0,-69,0,47,0,-70,0,44,0,0,0,0,0,133,0,63,0,72,0,106,0,19,0,-95,0,-2,16,-6,0,7,0,49,1,32,0,75,1,56,0,56,1,77,0,19,1,75,0,-29,0,52,0,-66,0,14,0,-88,0,-31,16,-94,0,-52,16]"
CSI_DATA,121471,d8:b1:90:d9:de:f0,-37,9,-99,-33,38,104,-1698865047,224,0,106,0,"[-124,0,130,17,-88,0,36,17,-120,0,-41,16,107,0,-60,16,42,0,-46,16,0,0,-9,16,-9,17,38,17,11,0,75,17,63,0,103,17,127,0,115,17,-127,0,106,17,-127,0,95,17,142,0,107,17,0,0,0,0,112,0,-125,17,127,0,-50,17,-107,0,10,0,-38,0,45,0,24,1,40,0,53,1,11,0,39,1,-27,17,10,1,-57,17,-28,0,-75,17,-56,0,-75,17,-72,0,-55,17,-72,0,-30,17,-79,0]"
CSI_DATA,121472,d8:b1:90:d9:de:f0,-35,11,-99,-37,37,104,-1698308854,100,0,114,0,"[18,-33,21,-34,24,-36,27,-36,29,-34,29,-33,29,-31,27,-29,27,-27,27,-27,26,-27,24,-27,24,-27,24,-29,24,-30,24,-31,24,-33,27,-33,27,-36,27,-37,27,-37,27,-39,26,-39,26,-39,26,-39,23,-37,23,-37,21,-36,0,0,21,-36,21,-36,23,-37,21,-39,23,-39,23,-40,21,-40,21,-40,20,-39,20,-39,17,-37,15,-37,14,-36,13,-34,13,-31,13,-33,13,-33,11,-33,11,-33,13,-34,13,-36,14,-37,14,-39,15,-40,17,-40,17,-37,18,-34,17,-30]"
CSI_DATA,121473,d8:b1:90:d9:de:f0,-37,9,-99,-34,38,104,-1698238331,98,0,106,0,"[58,17,57,0,-27,16,89,0,-55,16,140,0,-39,16,-134,0,-7,16,-118,0,46,17,-120,0,76,17,-144,0,92,17,106,0,104,17,27,0,101,17,-47,17,98,17,-112,17,97,17,-137,17,118,17,-137,17,0,0,0,0,-103,17,-125,17,-23,17,-141,17,61,0,125,17,139,0,77,17,-124,0,27,17,-117,0,2,17,-129,0,9,17,150,0,26,17,128,0,54,17,134,0,78,17,146,0,120,17,-146,0,149,17,-130,0]"
CSI_DATA,121474,d8:b1:90:d9:de:f0,-38,9,-99,-35,39,104,-1698238226,130,0,106,0,"[-71,0,-102,16,-5,0,122,16,8,1,73,16,-19,0,44,16,-53,0,34,16,-90,0,55,16,-112,0,88,16,-116,0,128,16,-109,0,-81,16,-92,0,-11,16,-70,0,39,0,-67,0,59,0,-79,0,67,0,0,0,0,0,126,0,86,0,58,0,114,0,-1,16,-103,0,-49,16,-37,0,-67,16,16,1,-69,16,40,1,-50,16,39,1,-30,16,10,1,-26,16,-17,0,-27,16,-42,0,-46,16,-63,0,-79,16,-91,0,-93,16]"
CSI_DATA,121475,d8:b1:90:d9:de:f0,-38,11,-99,-35,39,104,-1697821004,277,0,106,0,"[127,16,118,16,54,16,67,16,-13,15,81,16,-21,15,113,16,-25,15,-118,16,15,16,-83,16,51,16,-73,16,110,16,-94,16,-112,16,-135,16,-57,16,101,16,-30,16,58,16,-21,16,52,16,-7,16,67,16,0,0,0,0,46,0,-126,16,97,0,-86,16,-99,0,-47,16,-21,0,-35,16,33,1,-35,16,43,1,-49,16,31,1,-58,16,-6,0,-63,16,-31,0,-53,16,-47,0,-37,16,-63,0,-15,16,-76,0,18,0,-85,0]"
CSI_DATA,121476,d8:b1:90:d9:de:f0,-37,9,-99,-37,39,104,-1697820505,98,0,106,0,"[133,0,-112,0,-80,0,-53,0,-3,0,-63,0,25,1,-115,0,27,1,128,0,-10,0,87,0,-48,0,72,0,-99,0,86,0,137,0,133,0,95,0,-106,0,79,0,-64,0,73,0,-56,0,65,0,-85,0,0,0,0,0,19,0,-139,0,-66,17,114,0,136,17,124,0,55,17,-147,0,16,17,-109,0,10,17,-88,0,35,17,-71,0,72,17,-79,0,103,17,-97,0,117,17,-116,0,117,17,-144,0,107,17,121,0,106,17]"
CSI_DATA,121477,d8:b1:90:d9:de:f0,-36,9,-99,-36,38,104,-1697776867,108,0,106,0,"[-114,0,-147,18,-46,0,94,18,-46,0,20,18,-91,0,-6,17,-148,0,-2,17,135,0,26,18,114,0,71,18,133,0,127,18,-149,0,-129,18,-98,0,-79,18,-65,0,-41,18,-55,0,-33,18,-84,0,-26,18,0,0,0,0,-154,0,42,0,115,0,109,0,95,0,-115,0,93,0,-36,0,112,0,25,1,127,0,33,1,132,0,8,1,128,0,-17,0,123,0,-49,0,110,0,-65,0,83,0,-76,0,49,0,-74,0,30,0]"
CSI_DATA,121478,d8:b1:90:d9:de:f0,-37,11,-99,-38,39,104,-1697403205,277,0,106,0,"[109,17,-143,17,17,17,134,17,-47,16,-139,17,-55,16,-87,17,-35,16,-41,17,2,17,-16,17,42,17,-16,17,84,17,-38,17,118,17,-89,17,146,17,-152,17,-141,17,106,17,-124,17,99,17,-106,17,121,17,0,0,0,0,-53,17,-152,17,29,0,-139,17,120,0,141,17,-110,0,114,17,-72,0,76,17,-62,0,54,17,-87,0,45,17,-124,0,47,17,-142,0,66,17,149,0,83,17,144,0,105,17,-149,0,139,17,-149,0]"
CSI_DATA,121479,d8:b1:90:d9:de:f0,-38,9,-99,-35,39,104,-1697402724,98,0,106,0,"[77,0,67,16,51,0,-34,15,-17,16,-78,15,-88,16,-64,15,-134,16,-16,15,135,16,38,16,-130,16,79,16,-87,16,104,16,-23,16,104,16,29,0,86,16,54,0,66,16,57,0,59,16,46,0,80,16,0,0,0,0,59,0,-124,16,98,0,-70,16,-109,0,-34,16,-31,0,-30,16,22,1,-46,16,41,1,-78,16,25,1,-110,16,-11,0,-119,16,-47,0,-131,16,-77,0,-131,16,-94,0,-109,16,-95,0,-80,16,-99,0]"
CSI_DATA,121480,d8:b1:90:d9:de:f0,-37,9,-99,-37,39,104,-1697402619,130,0,106,0,"[18,0,-56,0,76,0,30,1,-142,0,53,1,-86,0,6,1,-57,0,-46,0,-69,0,-98,0,-93,0,-130,0,-124,0,-140,0,107,0,-116,0,69,0,-87,0,41,0,-63,0,33,0,-60,0,26,0,-87,0,0,0,0,0,2,0,-138,0,-68,17,122,0,-147,17,128,0,77,17,-147,0,33,17,-112,0,24,17,-76,0,56,17,-48,0,100,17,-48,0,132,17,-58,0,-138,17,-65,0,-133,17,-84,0,-137,17,-116,0,-133,17]"
CSI_DATA,121481,d8:b1:90:d9:de:f0,-37,9,-99,-35,38,104,-1697402511,113,0,106,0,"[28,0,-73,0,66,0,23,1,118,0,58,1,-156,0,44,1,-143,0,0,1,148,0,-36,0,117,0,-75,0,63,0,-97,0,-17,18,-108,0,-91,18,-112,0,-141,18,-123,0,140,18,-135,0,146,18,141,0,0,0,0,0,-133,18,56,0,-128,18,-36,18,-154,18,-129,18,141,18,94,18,118,18,37,18,110,18,15,18,108,18,26,18,118,18,51,18,133,18,75,18,-151,18,89,18,-114,18,95,18,-67,18,92,18,-37,18]"
CSI_DATA,121482,d8:b1:90:d9:de:f0,-37,9,-99,-36,39,104,-1697402384,101,0,106,0,"[-66,16,71,16,-120,16,-10,15,107,16,-24,15,70,16,0,16,76,16,41,16,86,16,81,16,123,16,107,16,-109,16,113,16,-39,16,108,16,30,0,95,16,74,0,92,16,98,0,95,16,100,0,118,16,0,0,0,0,112,0,-76,16,127,0,-10,16,-121,0,70,0,-72,0,133,0,-31,0,-112,0,-13,0,-99,0,-17,0,-113,0,-32,0,-131,0,-51,0,-143,0,-78,0,134,0,-112,0,-143,0,141,0,-132,0,112,0]"
CSI_DATA,121483,d8:b1:90:d9:de:f0,-40,11,-99,-36,42,104,-1697308861,100,0,228,0,"[-7,-3,-11,-3,-14,-3,-16,-6,-18,-9,-18,-11,-18,-13,86,35,-14,-15,-12,-16,-11,-16,-9,-15,-8,-15,-7,-15,-7,-13,-7,-12,-7,-11,-7,-9,-9,-7,-10,-7,-11,-6,-27,-23,-12,-4,-13,-4,-14,-4,-13,-4,-12,-3,-11,-3,0,0,-10,-2,-9,-1,-8,0,-8,2,-8,4,-9,6,95,11,-11,10,-12,11,-14,12,-15,12,-15,12,-16,11,-16,10,-16,9,-16,8,-16,7,-15,7,-15,5,-15,4,36,11,-13,5,-13,4,-11,5,-11,6,-11,5,-10,5,-9,4,2,-10,-6,-11,-13,-4,-13,4,-7,11,3,13,9,6,-7,-17,3,-7,-3,-6,-7,0,-4,7,3,10,11,4,14,-5,7,-15,-6,-19,-19,-11,-23,5,-14,20,3,25,7,11,24,0,16,-15,1,-20,-12,-13,-16,0,-11,10,0,0,10,7,11,-3,5,-11,-4,-11,-13,-4,-12,7,-15,23,7,12,12,3,11,-6,3,-10,-5,-7,-7,0,-3,4,2,5,5,0,4,-5,-2,-8,-9,-4,-12,3,-22,19,3,17,15,12,22,0,16,-15,3,-21,-9,-19,-17,-7]"
CSI_DATA,121484,d8:b1:90:d9:de:f0,-38,9,-99,-35,39,104,-1697193834,98,0,106,0,"[-92,0,-137,16,-41,0,75,16,-40,0,23,16,-67,0,8,16,-99,0,15,16,-134,0,50,16,-137,0,85,16,-129,0,-139,16,-113,0,-75,16,-88,0,-6,16,-67,0,42,0,-65,0,66,0,-82,0,76,0,0,0,0,0,113,0,93,0,42,0,117,0,-32,16,-109,0,-94,16,-53,0,-129,16,-6,0,138,16,17,1,-130,16,11,1,-106,16,-9,0,-100,16,-37,0,-105,16,-57,0,-113,16,-93,0,-129,16,-131,0,131,16]"
CSI_DATA,121485,d8:b1:90:d9:de:f0,-37,11,-99,-38,39,104,-1696985406,277,0,106,0,"[65,17,62,0,-5,16,141,0,-1,16,-90,0,43,17,-39,0,97,17,-33,0,146,17,-40,0,-130,17,-83,0,-131,17,-122,0,148,17,131,0,101,17,86,0,67,17,55,0,62,17,47,0,86,17,48,0,0,0,0,0,135,17,28,0,-125,17,-41,17,-139,17,-133,17,139,17,91,17,98,17,54,17,65,17,53,17,36,17,85,17,36,17,127,17,47,17,-143,17,79,17,-122,17,102,17,-120,17,122,17,-140,17,137,17]"
CSI_DATA,121486,d8:b1:90:d9:de:f0,-38,9,-99,-35,39,104,-1696984961,113,0,106,0,"[-63,16,54,16,-113,16,-17,15,109,16,-28,15,81,16,-4,15,81,16,37,16,99,16,66,16,130,16,92,16,-95,16,101,16,-29,16,95,16,41,0,86,16,87,0,80,16,110,0,88,16,114,0,105,16,0,0,0,0,111,0,-102,16,126,0,-29,16,-110,0,46,0,-63,0,112,0,-22,0,-128,0,1,1,-117,0,-1,0,-134,0,-15,0,131,0,-39,0,116,0,-68,0,109,0,-105,0,121,0,-128,0,-134,0,124,0]"
CSI_DATA,121487,d8:b1:90:d9:de:f0,-38,9,-99,-34,39,104,-1696776008,98,0,106,0,"[52,15,-14,15,-29,14,-2,15,-65,14,39,0,-61,14,79,0,-29,14,100,0,4,15,106,0,34,15,91,0,65,15,58,0,96,15,1,0,111,15,-72,15,116,15,-123,15,120,15,115,15,128,15,114,15,0,0,0,0,-84,15,-120,15,-16,15,-106,15,75,0,-120,15,-114,0,114,15,-55,0,67,15,-39,0,33,15,-65,0,11,15,-105,0,15,15,134,0,31,15,116,0,60,15,116,0,104,15,134,0,-123,15,-119,0]"
CSI_DATA,121488,d8:b1:90:d9:de:f0,-37,9,-99,-36,38,104,-1696760545,130,0,106,0,"[127,0,83,18,152,0,5,18,130,0,-39,17,95,0,-46,17,52,0,-32,17,39,0,1,18,28,0,27,18,51,0,61,18,93,0,108,18,143,0,146,18,-132,0,-140,18,-108,0,-118,18,-117,0,-100,18,0,0,0,0,-143,0,-55,18,153,0,16,0,157,0,104,0,-149,0,-134,0,-118,0,-71,0,-84,0,-51,0,-70,0,-61,0,-69,0,-100,0,-76,0,-132,0,-85,0,-148,0,-117,0,-159,0,-158,0,-154,0,138,0]"
CSI_DATA,121489,d8:b1:90:d9:de:f0,-37,11,-99,-34,38,104,-1696358708,277,0,106,0,"[71,17,79,0,-8,16,121,0,-36,16,-129,0,-5,16,-96,0,36,17,-89,0,77,17,-96,0,109,17,-131,0,121,17,115,0,115,17,35,0,98,17,-38,17,85,17,-93,17,79,17,-116,17,101,17,-105,17,0,0,0,0,-116,17,-120,17,-34,17,-141,17,40,0,109,17,103,0,51,17,127,0,-7,16,129,0,-26,16,116,0,-8,16,109,0,14,17,95,0,42,17,102,0,67,17,122,0,103,17,150,0,122,17,-149,0]"
CSI_DATA,121490,d8:b1:90:d9:de:f0,-38,9,-99,-35,39,104,-1696358209,252,0,106,0,"[-56,0,-11,16,31,1,-59,16,53,1,-123,16,27,1,97,16,-30,0,74,16,-71,0,81,16,-112,0,112,16,-130,0,-111,16,-121,0,-43,16,-91,0,29,0,-65,0,64,0,-53,0,67,0,-66,0,56,0,0,0,0,0,121,0,64,0,63,0,100,0,8,0,-99,0,-11,16,-22,0,-5,16,35,1,17,0,55,1,41,0,39,1,57,0,3,1,58,0,-31,0,51,0,-54,0,19,0,-76,0,-15,16,-74,0,-28,16]"
CSI_DATA,121491,d8:b1:90:d9:de:f0,-37,9,-99,-34,38,104,-1696358061,108,0,106,0,"[67,17,-40,17,-26,16,-19,17,-64,16,36,0,-58,16,90,0,-17,16,128,0,34,17,140,0,73,17,122,0,98,17,80,0,114,17,14,0,101,17,-61,17,91,17,-109,17,85,17,-117,17,101,17,-104,17,0,0,0,0,-122,17,-101,17,-60,17,-127,17,4,0,104,17,43,0,35,17,45,0,-24,16,28,0,-49,16,2,0,-38,16,-21,17,-1,16,-28,17,26,17,-17,17,48,17,4,0,65,17,22,0,77,17,35,0]"
CSI_DATA,121492,d8:b1:90:d9:de:f0,-34,11,-99,-35,36,104,-1696309189,100,0,114,0,"[26,-29,30,-29,35,-29,36,-27,40,-26,40,-23,40,-21,38,-18,36,-18,36,-16,35,-15,35,-16,36,-13,36,-15,38,-15,40,-16,41,-16,43,-16,43,-16,46,-16,46,-18,46,-18,46,-18,47,-16,46,-16,44,-13,44,-13,43,-12,0,0,43,-12,44,-10,44,-9,46,-10,46,-10,46,-10,47,-10,47,-9,46,-9,46,-9,43,-7,43,-7,40,-7,38,-6,38,-6,36,-4,36,-4,36,-4,36,-4,40,-4,41,-4,43,-3,44,-1,44,1,44,3,43,6,40,7,35,10]"
CSI_DATA,121493,d8:b1:90:d9:de:f0,-36,11,-99,-36,38,104,-1695940909,277,0,106,0,"[-153,0,-138,0,-79,0,-91,0,-11,0,-99,0,8,1,-132,0,13,1,139,0,-5,0,90,0,-39,0,64,0,-83,0,75,0,-146,0,114,0,130,0,-161,0,83,0,-109,0,66,0,-80,0,62,0,-96,0,0,0,0,0,31,0,-132,0,-54,18,144,0,-149,18,142,0,76,18,159,0,16,18,-107,0,6,18,-59,0,32,18,-46,0,86,18,-41,0,128,18,-51,0,156,18,-80,0,-152,18,-130,0,-161,18,148,0,143,18]"
CSI_DATA,121494,d8:b1:90:d9:de:f0,-37,9,-99,-33,38,104,-1695940419,130,0,106,0,"[64,17,16,0,-12,16,60,0,-39,16,116,0,-16,16,-130,0,16,17,-94,0,71,17,-85,0,105,17,-99,0,118,17,-124,0,128,17,113,0,110,17,51,0,84,17,0,0,66,17,-16,17,68,17,-10,17,0,0,0,0,120,17,-25,17,-128,17,-73,17,-110,17,139,17,-120,17,47,17,133,17,-10,16,87,17,-19,16,48,17,8,17,31,17,68,17,38,17,118,17,63,17,-145,17,94,17,-130,17,140,17,-136,17,-136,17]"
CSI_DATA,121495,d8:b1:90:d9:de:f0,-36,9,-99,-33,37,104,-1695903602,98,0,106,0,"[59,19,-24,19,-38,18,-6,19,-79,18,46,0,-66,18,88,0,-23,18,112,0,20,19,120,0,66,19,99,0,108,19,58,0,141,19,-24,19,159,19,-111,19,-156,19,159,19,-151,19,124,19,-138,19,129,19,0,0,0,0,-54,19,152,19,29,0,164,19,133,0,138,19,-114,0,90,19,-67,0,47,19,-57,0,20,19,-99,0,22,19,-126,0,54,19,-149,0,84,19,-164,0,132,19,-150,0,-145,19,-114,0,-101,19,-94,0]"
CSI_DATA,121496,d8:b1:90:d9:de:f0,-37,11,-99,-32,38,104,-1695523110,277,0,106,0,"[108,16,96,0,46,16,-133,0,22,16,-88,0,37,16,-62,0,51,16,-54,0,79,16,-60,0,89,16,-75,0,108,16,-99,0,122,16,129,0,139,16,56,0,-134,16,-16,16,-123,16,-72,16,-105,16,-99,16,0,0,0,0,-44,16,-117,16,28,0,-121,16,116,0,139,16,-77,0,103,16,-15,0,57,16,10,1,29,16,-7,0,10,16,-47,0,5,16,-93,0,17,16,-133,0,47,16,126,0,104,16,115,0,-103,16,122,0]"
CSI_DATA,121497,d8:b1:90:d9:de:f0,-38,9,-99,-34,39,104,-1695522656,224,0,106,0,"[-100,0,82,0,-18,0,91,0,40,1,65,0,46,1,26,0,42,1,-5,15,16,1,-30,15,-7,0,-42,15,-44,0,-39,15,-88,0,-5,15,128,0,41,0,84,0,84,0,58,0,123,0,41,0,-132,0,0,0,0,0,-11,15,117,0,-66,15,82,0,119,15,61,0,21,15,69,0,-51,14,104,0,-77,14,-133,0,-58,14,-91,0,-16,14,-72,0,38,15,-66,0,101,15,-77,0,-127,15,-123,0,-102,15,68,0,-108,15]"
CSI_DATA,121498,d8:b1:90:d9:de:f0,-37,9,-99,-34,38,104,-1695484235,101,0,106,0,"[49,0,-74,0,62,0,3,1,85,0,41,1,91,0,48,1,101,0,40,1,104,0,10,1,97,0,-8,0,71,0,-34,0,23,0,-87,0,-36,17,148,0,-108,17,77,0,148,17,32,0,129,17,3,0,0,0,0,0,149,17,-53,17,-92,17,-111,17,-30,17,109,17,23,0,10,17,48,0,-65,16,43,0,-103,16,33,0,-103,16,14,0,-71,16,-2,17,-26,16,-2,17,32,17,11,0,102,17,59,0,-125,17,114,0]"
CSI_DATA,121499,d8:b1:90:d9:de:f0,-38,9,-99,-34,39,104,-1695313739,98,0,106,0,"[83,0,-68,0,-120,0,-15,0,-66,0,-9,0,-34,0,-38,0,-26,0,-77,0,-36,0,-105,0,-44,0,-128,0,-72,0,134,0,-117,0,129,0,97,0,134,0,41,0,-132,0,7,0,-122,0,-16,15,-127,0,0,0,0,0,-59,15,96,0,-101,15,43,0,97,15,2,0,15,15,-25,15,-54,14,-14,15,-91,14,14,0,-75,14,46,0,-43,14,84,0,0,15,102,0,40,15,109,0,81,15,88,0,117,15,44,0,-129,15]"
CSI_DATA,121500,d8:b1:90:d9:de:f0,-40,11,-99,-37,42,104,-1695308155,100,0,228,0,"[8,-1,11,-2,14,-2,17,-3,20,-2,21,-1,22,0,89,36,22,0,21,2,21,2,20,3,18,3,18,3,17,3,16,2,15,0,13,0,13,-1,11,-3,9,-4,-27,-24,7,-8,5,-8,5,-10,4,-10,3,-10,2,-10,0,0,0,-9,0,-8,-2,-8,-4,-7,-6,-6,-9,-6,94,12,-15,-6,-18,-7,-20,-7,-21,-8,-22,-8,-21,-9,-21,-10,-19,-11,-17,-11,-17,-11,-15,-10,-13,-10,-13,-9,62,12,-11,-7,-11,-4,-9,-3,-9,-1,-9,0,-9,0,-8,1,0,8,6,6,9,0,7,-7,0,-10,-7,-6,-8,0,18,6,3,6,6,0,4,-5,-3,-8,-9,-2,-10,7,-1,14,11,13,19,2,17,-13,3,-24,-15,-21,-26,-4,-14,8,-6,26,13,22,22,6,18,-10,5,-18,-8,-14,0,0,-9,7,0,11,8,5,8,-4,1,-9,-8,-8,-25,-5,-7,9,2,12,9,5,9,-3,3,-8,-4,-6,-5,0,-1,5,4,4,8,-2,4,-9,-4,-12,-14,-6,-30,-2,-10,18,5,22,20,14,26,-1,17,-17,2,-22,-11,-17]"
CSI_DATA,121501,d8:b1:90:d9:de:f0,-38,9,-99,-32,39,104,-1695104866,130,0,106,0,"[119,0,-120,0,-85,0,-68,0,-44,0,-50,0,-24,0,-52,0,-14,0,-64,0,-29,0,-71,0,-32,0,-88,0,-63,0,-87,0,-114,0,-102,0,75,0,-114,0,8,0,118,0,-38,15,108,0,-71,15,94,0,0,0,0,0,-66,15,22,0,-53,15,-44,15,-50,15,115,15,-62,15,21,15,-88,15,-47,14,-120,15,-78,14,118,15,-76,14,103,15,-40,14,105,15,2,15,112,15,55,15,-107,15,99,15,-50,15,-118,15,5,0]"
CSI_DATA,121502,d8:b1:90:d9:de:f0,-38,9,-99,-33,39,104,-1695104740,113,0,106,0,"[-107,15,112,15,118,15,49,15,90,15,17,15,74,15,11,15,69,15,18,15,69,15,25,15,83,15,40,15,111,15,47,15,-108,15,58,15,-44,15,88,15,23,0,119,15,72,0,-114,15,93,0,-89,15,0,0,0,0,93,0,-24,15,74,0,46,0,63,0,-124,0,62,0,-27,0,76,0,42,1,98,0,77,1,110,0,73,1,125,0,50,1,-128,0,13,1,114,0,-34,0,86,0,-86,0,34,0,-125,0,-20,15]"
CSI_DATA,121503,d8:b1:90:d9:de:f0,-38,11,-99,-35,39,104,-1694896412,277,0,106,0,"[57,16,-91,16,-25,15,-90,16,-63,15,-56,16,-63,15,-19,16,-42,15,8,0,-9,15,26,0,15,16,19,0,44,16,3,0,83,16,-33,16,115,16,-82,16,-127,16,-123,16,-103,16,134,16,-76,16,137,16,0,0,0,0,-10,16,-138,16,46,0,-129,16,126,0,136,16,-79,0,111,16,-30,0,77,16,-18,0,52,16,-34,0,33,16,-71,0,32,16,-109,0,38,16,-139,0,59,16,117,0,101,16,112,0,-118,16,126,0]"
CSI_DATA,121504,d8:b1:90:d9:de:f0,-39,9,-99,-35,40,104,-1694895922,108,0,106,0,"[-34,0,-62,14,17,0,122,14,16,0,58,14,-24,0,29,14,-71,0,16,14,-115,0,31,14,115,0,50,14,104,0,84,14,110,0,-118,14,-119,0,-70,14,-102,0,-34,14,-91,0,-14,14,-95,0,-5,14,0,0,0,0,114,0,40,0,88,0,83,0,68,0,-99,0,78,0,-29,0,107,0,27,0,-102,0,36,0,-79,0,16,0,-57,0,-28,0,-57,0,-75,0,-66,0,-114,0,-100,0,106,0,90,0,95,0,45,0]"
CSI_DATA,121505,d8:b1:90:d9:de:f0,-38,9,-99,-36,39,104,-1694687013,113,0,106,0,"[65,16,66,0,-16,15,114,0,-43,15,-120,0,-23,15,-85,0,15,16,-80,0,63,16,-95,0,88,16,-133,0,103,16,86,0,103,16,2,0,88,16,-74,16,75,16,-125,16,79,16,-132,16,102,16,-120,16,0,0,0,0,-65,16,-81,16,24,0,-83,16,124,0,-114,16,-80,0,133,16,-42,0,95,16,-34,0,78,16,-57,0,85,16,-81,0,109,16,-95,0,136,16,-95,0,-114,16,-85,0,-80,16,-77,0,-61,16,-85,0]"
CSI_DATA,121506,d8:b1:90:d9:de:f0,-37,11,-99,-35,38,104,-1694478613,277,0,106,0,"[-48,18,-42,0,-11,18,46,1,52,0,80,1,114,0,53,1,152,0,9,1,-148,0,-46,0,146,0,-90,0,102,0,-116,0,41,0,-121,0,-30,18,-110,0,-79,18,-90,0,-89,18,-79,0,-83,18,-94,0,0,0,0,0,-83,18,-156,0,-119,18,99,0,118,18,56,0,45,18,35,0,-13,17,47,0,-33,17,75,0,-17,17,97,0,14,18,121,0,55,18,127,0,84,18,122,0,95,18,97,0,105,18,74,0,113,18]"
CSI_DATA,121507,d8:b1:90:d9:de:f0,-37,9,-99,-36,39,104,-1694478132,98,0,106,0,"[1,0,-34,0,26,0,41,1,68,0,66,1,102,0,53,1,115,0,15,1,108,0,-23,0,83,0,-60,0,40,0,-90,0,-26,16,-116,0,-99,16,-131,0,132,16,-141,0,107,16,132,0,106,16,112,0,0,0,0,0,139,16,47,0,-140,16,-22,16,135,16,-108,16,117,16,103,16,99,16,49,16,85,16,32,16,84,16,44,16,92,16,71,16,108,16,90,16,138,16,99,16,-120,16,104,16,-84,16,100,16,-53,16]"
CSI_DATA,121508,d8:b1:90:d9:de:f0,-35,11,-99,-37,37,104,-1694308902,100,0,114,0,"[-36,8,-40,5,-45,4,-46,1,-46,0,-45,-2,-42,-5,-42,-5,-40,-5,-39,-8,-37,-7,-37,-8,-37,-10,-37,-10,-39,-10,-40,-11,-40,-11,-43,-13,-43,-14,-45,-14,-45,-14,-45,-14,-45,-17,-43,-15,-42,-17,-40,-18,-39,-18,-39,-18,0,0,-39,-20,-39,-20,-37,-20,-39,-23,-39,-23,-39,-24,-39,-24,-37,-24,-37,-23,-36,-23,-34,-23,-33,-23,-31,-21,-30,-20,-30,-20,-27,-20,-27,-20,-27,-20,-27,-21,-29,-23,-30,-24,-30,-26,-29,-29,-29,-31,-27,-33,-26,-34,-21,-33,-17,-31]"
CSI_DATA,121509,d8:b1:90:d9:de:f0,-36,11,-99,-37,38,104,-1694269713,277,0,106,0,"[22,0,-44,0,103,0,36,1,-145,0,37,1,-98,0,-10,0,-86,0,-72,0,-99,0,-119,0,-126,0,-133,0,-156,0,-128,0,137,0,-107,0,111,0,-81,0,81,0,-71,0,66,0,-90,0,51,0,-124,0,0,0,0,0,-1,19,164,0,-64,19,134,0,-154,19,152,0,110,19,-164,0,72,19,-132,0,58,19,-95,0,77,19,-71,0,123,19,-55,0,156,19,-55,0,-150,19,-64,0,-128,19,-77,0,-119,19,-106,0,-107,19]"
CSI_DATA,121510,d8:b1:90:d9:de:f0,-37,9,-99,-34,38,104,-1694269250,98,0,106,0,"[-46,0,-58,17,22,1,-117,17,32,1,131,17,-3,0,106,17,-43,0,102,17,-76,0,131,17,-85,0,-137,17,-78,0,-93,17,-68,0,-36,17,-61,0,15,0,-64,0,53,0,-91,0,68,0,-120,0,79,0,0,0,0,0,91,0,114,0,30,0,137,0,-38,17,-114,0,-92,17,-62,0,-127,17,-21,0,-142,17,1,1,-131,17,3,1,-114,17,-8,0,-102,17,-26,0,-91,17,-41,0,-95,17,-65,0,-101,17,-98,0,-101,17]"
CSI_DATA,121511,d8:b1:90:d9:de:f0,-36,9,-99,-37,38,104,-1694269136,98,0,106,0,"[99,19,163,19,-5,18,143,19,-60,18,-152,19,-50,18,-104,19,-20,18,-66,19,24,19,-50,19,58,19,-60,19,90,19,-102,19,132,19,-155,19,152,19,133,19,-143,19,103,19,-117,19,108,19,-86,19,139,19,0,0,0,0,-2,19,-163,19,79,0,-130,19,-163,0,-128,19,-86,0,-126,19,-25,0,-141,19,-7,0,-160,19,-12,0,-158,19,-36,0,-158,19,-59,0,-161,19,-72,0,-151,19,-86,0,-136,19,-103,0,-107,19,-132,0]"
CSI_DATA,121512,d8:b1:90:d9:de:f0,-37,9,-99,-38,39,104,-1694268978,124,0,106,0,"[133,0,-71,0,-85,0,-28,0,-22,0,-42,0,-7,0,-92,0,-24,0,-129,0,-53,0,142,0,-90,0,142,0,-128,0,-148,0,134,0,-114,0,98,0,-84,0,67,0,-68,0,45,0,-78,0,16,0,-114,0,0,0,0,0,-43,17,139,0,-105,17,97,0,124,17,78,0,51,17,65,0,1,17,68,0,-19,16,72,0,-10,16,86,0,4,17,96,0,29,17,106,0,45,17,101,0,66,17,91,0,84,17,66,0,115,17]"
CSI_DATA,121513,d8:b1:90:d9:de:f0,-36,9,-99,-36,38,104,-1694268856,130,0,106,0,"[-74,0,122,0,22,1,119,0,62,1,78,0,50,1,31,0,23,1,-3,18,-20,0,-2,18,-49,0,5,0,-64,0,51,0,-83,0,104,0,-93,0,144,0,-114,0,-151,0,-135,0,-142,0,138,0,-153,0,0,0,0,0,55,0,-159,0,-11,18,-153,0,-80,18,-124,0,-146,18,-94,0,134,18,-64,0,119,18,-47,0,128,18,-44,0,143,18,-54,0,-158,18,-60,0,-139,18,-69,0,-135,18,-90,0,-139,18,-117,0,-130,18]"
CSI_DATA,121514,d8:b1:90:d9:de:f0,-37,9,-99,-38,39,104,-1694060333,168,0,106,0,"[-78,17,77,17,-135,17,4,17,102,17,-5,16,68,17,26,17,65,17,67,17,79,17,106,17,108,17,124,17,148,17,133,17,-87,17,114,17,-29,17,95,17,15,0,80,17,34,0,84,17,40,0,111,17,0,0,0,0,64,0,-125,17,103,0,-52,17,-121,0,-3,17,-46,0,39,0,16,1,47,0,46,1,36,0,47,1,16,0,26,1,-7,17,-2,0,-24,17,-29,0,-29,17,-61,0,-14,17,-86,0,13,0,-112,0]"
CSI_DATA,121515,d8:b1:90:d9:de:f0,-38,9,-99,-35,39,104,-1694060195,188,0,106,0,"[123,0,-89,0,-86,0,-41,0,-31,0,-43,0,-2,0,-79,0,-7,0,-127,0,-25,0,125,0,-61,0,106,0,-99,0,111,0,128,0,-137,0,89,0,-102,0,51,0,-81,0,30,0,-79,0,20,0,-101,0,0,0,0,0,-16,16,124,0,-80,16,79,0,117,16,58,0,38,16,51,0,-11,15,67,0,-39,15,90,0,-27,15,114,0,-4,15,128,0,27,16,-139,0,57,16,128,0,80,16,106,0,91,16,77,0,110,16]"
CSI_DATA,121516,d8:b1:90:d9:de:f0,-36,9,-99,-37,38,104,-1694033511,235,0,106,0,"[-67,0,-94,19,-6,0,-165,19,-12,0,90,19,-54,0,37,19,-120,0,22,19,156,0,37,19,125,0,59,19,124,0,94,19,143,0,138,19,-152,0,-156,19,-119,0,-125,19,-116,0,-116,19,-136,0,-101,19,0,0,0,0,158,0,-51,19,155,0,19,0,-128,0,94,0,-79,0,156,0,-18,0,-156,0,33,1,154,0,46,1,115,0,32,1,50,0,5,1,7,0,-15,0,-9,19,-46,0,-18,19,-80,0,-11,19,-101,0]"
CSI_DATA,121517,d8:b1:90:d9:de:f0,-37,9,-99,-35,38,104,-1694033066,267,0,106,0,"[-7,18,-46,0,9,0,33,1,55,0,66,1,84,0,51,1,108,0,22,1,110,0,-25,0,96,0,-55,0,61,0,-68,0,-3,18,-88,0,-66,18,-97,0,-110,18,-113,0,-133,18,-128,0,-133,18,-155,0,0,0,0,0,-135,18,78,0,-151,18,4,0,121,18,-70,18,73,18,-138,18,23,18,139,18,-4,17,130,18,-12,17,144,18,0,18,-141,18,20,18,-116,18,41,18,-103,18,66,18,-103,18,103,18,-114,18,133,18]"
CSI_DATA,121518,d8:b1:90:d9:de:f0,-36,9,-99,-38,38,104,-1693992797,98,0,106,0,"[-13,20,-46,0,28,0,40,1,105,0,68,1,166,0,32,1,-132,0,-21,0,-138,0,-78,0,-141,0,-117,0,156,0,-130,0,98,0,-120,0,53,0,-94,0,25,0,-69,0,18,0,-70,0,22,0,-112,0,0,0,0,0,-2,20,157,0,-81,20,110,0,161,20,114,0,81,20,136,0,34,20,-158,0,28,20,-116,0,58,20,-92,0,117,20,-81,0,152,20,-88,0,-165,20,-82,0,-149,20,-100,0,-144,20,-122,0,-126,20]"
CSI_DATA,121519,d8:b1:90:d9:de:f0,-37,11,-99,-33,38,104,-1693851914,277,0,106,0,"[-117,17,77,17,122,17,15,17,69,17,5,17,58,17,35,17,65,17,77,17,95,17,105,17,131,17,116,17,-115,17,106,17,-41,17,83,17,11,0,71,17,47,0,61,17,65,0,76,17,77,0,107,17,0,0,0,0,121,0,-88,17,-143,0,-16,17,-84,0,43,0,-32,0,94,0,6,1,129,0,27,1,138,0,20,1,131,0,-3,0,128,0,-26,0,110,0,-45,0,113,0,-65,0,122,0,-101,0,135,0,-135,0]"
CSI_DATA,121520,d8:b1:90:d9:de:f0,-36,9,-99,-36,38,104,-1693851433,98,0,106,0,"[147,0,107,18,-153,0,13,18,130,0,-42,17,88,0,-44,17,47,0,-13,17,30,0,26,18,36,0,71,18,75,0,101,18,137,0,133,18,-130,0,157,18,-108,0,-149,18,-105,0,-127,18,-128,0,-98,18,0,0,0,0,152,0,-3,18,146,0,73,0,159,0,156,0,-132,0,-93,0,-105,0,-49,0,-90,0,-35,0,-83,0,-52,0,-89,0,-69,0,-104,0,-94,0,-114,0,-119,0,-138,0,-117,0,154,0,-123,0,130,0]"
CSI_DATA,121521,d8:b1:90:d9:de:f0,-37,11,-99,-35,39,104,-1693434115,277,0,106,0,"[33,0,-16,0,85,0,43,1,135,0,46,1,-115,0,16,1,-109,0,-22,0,-128,0,-56,0,128,0,-81,0,89,0,-92,0,31,0,-93,0,-29,16,-98,0,-70,16,-101,0,-100,16,-112,0,-110,16,-128,0,0,0,0,0,-129,16,86,0,129,16,28,0,87,16,-38,16,31,16,-88,16,-17,15,-116,16,-49,15,-122,16,-50,15,-92,16,-27,15,-65,16,1,16,-43,16,29,16,-32,16,69,16,-47,16,99,16,-77,16,122,16]"
CSI_DATA,121522,d8:b1:90:d9:de:f0,-37,9,-99,-37,39,104,-1693433634,130,0,106,0,"[86,17,-135,0,50,17,-53,0,76,17,6,1,123,17,20,1,-120,17,-1,0,-91,17,-30,0,-80,17,-70,0,-97,17,-100,0,-137,17,-146,0,116,17,114,0,88,17,76,0,78,17,58,0,92,17,47,0,0,0,0,0,117,17,5,0,143,17,-54,17,137,17,-135,17,120,17,85,17,79,17,38,17,49,17,30,17,30,17,60,17,28,17,97,17,42,17,135,17,75,17,-131,17,113,17,-123,17,-146,17,-145,17,-125,17]"
CSI_DATA,121523,d8:b1:90:d9:de:f0,-38,9,-99,-35,39,104,-1693433518,108,0,106,0,"[39,0,33,16,1,0,-43,15,-56,16,-65,15,-101,16,-35,15,-122,16,13,16,-119,16,51,16,-104,16,76,16,-68,16,95,16,-21,16,101,16,27,0,97,16,69,0,92,16,87,0,92,16,92,0,104,16,0,0,0,0,106,0,-124,16,131,0,-77,16,-91,0,-30,16,-26,0,-6,16,37,1,-7,16,58,1,-33,16,40,1,-57,16,5,1,-91,16,-31,0,-105,16,-63,0,-99,16,-86,0,-75,16,-93,0,-39,16,-98,0]"
CSI_DATA,121524,d8:b1:90:d9:de:f0,-38,9,-99,-33,39,104,-1693433373,101,0,106,0,"[55,15,128,15,-26,14,-128,15,-66,14,-79,15,-60,14,-27,15,-24,14,15,0,9,15,38,0,42,15,38,0,68,15,14,0,95,15,-28,15,109,15,-75,15,119,15,-110,15,126,15,-122,15,-127,15,-121,15,0,0,0,0,-75,15,-126,15,-29,15,121,15,30,0,77,15,64,0,22,15,68,0,-37,14,42,0,-65,14,11,0,-58,14,-24,15,-28,14,-50,15,1,15,-56,15,30,15,-43,15,62,15,-15,15,78,15,0,0]"
CSI_DATA,121525,d8:b1:90:d9:de:f0,-41,11,-99,-33,42,104,-1693308886,100,0,228,0,"[3,-7,4,-10,5,-12,6,-15,8,-16,10,-17,10,-17,79,32,13,-16,12,-14,12,-13,12,-13,11,-11,10,-11,10,-10,8,-10,7,-10,5,-10,4,-10,2,-10,0,-10,-24,-21,-2,-10,-3,-10,-4,-10,-4,-10,-5,-10,-5,-9,0,0,-4,-6,-5,-5,-5,-2,-6,0,-7,1,-8,3,89,10,-12,8,-13,9,-15,10,-16,10,-17,10,-17,10,-17,10,-17,8,-17,8,-16,8,-16,6,-15,6,-14,5,24,10,-12,6,-11,6,-10,7,-8,8,-8,7,-7,7,-6,6,8,4,10,-2,5,-10,-2,-11,-9,-6,-10,2,-5,8,14,-9,6,1,4,-4,-2,-5,-7,-1,-6,5,0,10,10,8,16,0,12,-13,0,-20,-15,-14,-23,0,-17,16,-2,13,16,17,21,2,15,-13,1,-18,-10,-12,-14,0,0,0,2,11,10,5,9,-5,2,-10,-8,-8,-12,0,-18,16,1,12,9,7,10,-2,5,-8,-2,-7,-5,-2,-3,2,1,3,4,0,2,-5,-4,-7,-10,-2,-11,7,-17,21,8,16,19,8,21,-8,11,-20,-3,-23,-16,-14,-18,0]"
CSI_DATA,121526,d8:b1:90:d9:de:f0,-39,11,-99,-34,40,104,-1692807417,277,0,106,0,"[49,14,65,14,-14,13,43,14,-42,13,68,14,-23,13,107,14,11,14,-103,14,67,14,-76,14,-116,14,-68,14,-41,14,-80,14,35,0,-103,14,103,0,113,14,-96,0,87,14,-89,0,88,14,-99,0,112,14,0,0,0,0,-107,0,-24,14,-108,0,47,0,-73,0,-116,0,-36,0,-53,0,-14,0,-23,0,-14,0,-28,0,-36,0,-60,0,-74,0,-92,0,-118,0,118,0,70,0,110,0,11,0,118,0,-39,14,-103,0,-57,14]"
CSI_DATA,121527,d8:b1:90:d9:de:f0,-39,9,-99,-36,40,104,-1692806945,98,0,106,0,"[54,15,89,15,-18,14,84,15,-49,14,118,15,-35,14,-91,15,0,15,-53,15,62,15,-38,15,123,15,-39,15,-57,15,-73,15,9,0,-123,15,64,0,82,15,84,0,42,15,79,0,40,15,71,0,60,15,0,0,0,0,96,0,-91,15,-119,0,-29,15,-44,0,24,0,29,1,44,0,65,1,45,0,62,1,26,0,33,1,6,0,-28,0,-9,15,-82,0,4,0,126,0,30,0,90,0,81,0,70,0,-122,0,82,0]"
CSI_DATA,121528,d8:b1:90:d9:de:f0,-38,9,-99,-35,39,104,-1692806795,98,0,106,0,"[-18,0,-114,16,30,1,105,16,18,1,57,16,-35,0,50,16,-88,0,68,16,-133,0,110,16,119,0,-106,16,115,0,-30,16,131,0,55,0,-122,0,128,0,-105,0,-106,0,-102,0,-102,0,-126,0,-118,0,0,0,0,0,62,0,-130,0,-16,16,-107,0,-92,16,-51,0,137,16,0,1,125,16,38,1,-138,16,35,1,-107,16,5,1,-82,16,-34,0,-69,16,-86,0,-86,16,133,0,-118,16,83,0,116,16,55,0,90,16]"
CSI_DATA,121529,d8:b1:90:d9:de:f0,-40,9,-99,-35,41,104,-1692598055,321,0,106,0,"[22,0,6,12,-5,12,-45,12,-38,12,-48,12,-55,12,-18,12,-51,12,12,12,-19,12,40,12,9,0,49,12,50,0,45,12,89,0,44,12,-105,0,45,12,-99,0,56,12,-103,0,83,12,108,0,-97,12,0,0,0,0,94,0,-23,12,95,0,38,0,-104,0,90,0,-89,0,-84,0,-82,0,-55,0,-84,0,-40,0,-88,0,-45,0,-99,0,-53,0,109,0,-60,0,106,0,-58,0,98,0,-53,0,87,0,-53,0,83,0]"
CSI_DATA,121530,d8:b1:90:d9:de:f0,-46,11,-99,-33,47,104,-1692308882,100,0,114,0,"[8,-3,9,-2,10,-1,10,-1,11,0,11,0,10,0,10,0,9,0,9,0,8,1,9,1,9,1,9,0,9,0,9,0,10,0,11,1,11,1,12,1,12,0,12,1,12,0,11,0,12,0,12,0,11,0,11,0,0,0,11,0,11,0,12,0,12,0,13,0,13,0,13,0,13,0,13,0,13,0,13,0,12,0,11,-1,11,-1,11,0,11,-1,11,-2,11,-2,11,-2,11,-2,12,-2,12,-2,13,-2,14,-2,14,-2,14,-2,14,0,13,0]"
CSI_DATA,121531,d8:b1:90:d9:de:f0,-44,9,-99,-35,45,104,-1692180229,113,0,106,0,"[10,0,-43,0,43,0,7,0,-57,0,22,0,-29,0,12,0,-16,0,-8,0,-19,0,-33,0,-33,0,-57,0,-61,0,68,0,34,0,61,0,-15,8,65,0,-56,8,-61,0,66,8,-47,0,67,8,-42,0,0,0,0,0,-26,8,69,0,-14,8,22,0,-12,8,-35,8,-27,8,43,8,-53,8,2,8,58,8,-12,7,39,8,-7,7,34,8,13,8,42,8,33,8,61,8,49,8,-49,8,49,8,-18,8,40,8,-2,8]"
CSI_DATA,121532,d8:b1:90:d9:de:f0,-43,9,-99,-37,45,104,-1692180102,108,0,106,0,"[-50,8,57,8,55,8,20,8,15,8,16,8,-2,8,29,8,-10,8,53,8,-2,8,-70,8,14,8,-53,8,43,8,-50,8,-60,8,-58,8,-16,8,-72,8,17,0,50,8,31,0,34,8,29,0,28,8,0,0,0,0,8,0,-73,8,13,0,-29,8,33,0,24,0,72,0,-74,0,-35,0,-46,0,-5,0,-41,0,8,0,-54,0,5,0,-72,0,-10,0,60,0,-30,0,58,0,-53,0,67,0,-74,0,-61,0,68,0]"
CSI_DATA,121533,d8:b1:90:d9:de:f0,-36,9,-99,-36,38,104,-1691971374,224,0,106,0,"[146,18,-52,0,159,18,45,1,-96,18,91,1,-28,18,71,1,25,0,30,1,46,0,-28,0,41,0,-79,0,-3,18,-122,0,-75,18,-143,0,-142,18,-148,0,134,18,-144,0,132,18,-133,0,153,18,-149,0,0,0,0,0,-157,18,89,0,144,18,21,0,66,18,-42,18,-13,17,-64,18,-78,17,-49,18,-86,17,-2,18,-50,17,41,0,1,18,66,0,64,18,78,0,107,18,65,0,132,18,22,0,130,18,-28,18,118,18]"
CSI_DATA,121534,d8:b1:90:d9:de:f0,-37,9,-99,-34,38,104,-1691971238,130,0,106,0,"[42,0,-3,16,21,0,-83,16,-20,17,-104,16,-55,17,-77,16,-61,17,-26,16,-52,17,24,17,-22,17,71,17,27,0,117,17,90,0,-142,17,-141,0,-101,17,-95,0,-72,17,-79,0,-55,17,-93,0,-30,17,0,0,0,0,-150,0,59,0,112,0,129,0,93,0,-73,0,90,0,11,1,102,0,65,1,114,0,72,1,114,0,36,1,117,0,-10,0,96,0,-58,0,61,0,-96,0,13,0,-117,0,-46,17,-129,0,-78,17]"
CSI_DATA,121535,d8:b1:90:d9:de:f0,-37,11,-99,-34,38,104,-1691554020,277,0,106,0,"[-45,17,-144,0,-87,17,-58,0,-91,17,1,1,-65,17,36,1,-47,17,32,1,-32,17,21,1,-34,17,-9,0,-55,17,-41,0,-98,17,-91,0,142,17,-140,0,91,17,122,0,57,17,101,0,58,17,93,0,0,0,0,0,131,17,57,0,-105,17,4,0,-42,17,-91,17,0,0,102,17,9,0,-2,16,-1,17,-55,16,-24,17,-65,16,-49,17,-55,16,-59,17,-34,16,-54,17,-2,16,-29,17,27,17,14,0,46,17,48,0]"
CSI_DATA,121536,d8:b1:90:d9:de:f0,-37,9,-99,-37,39,104,-1691553575,98,0,106,0,"[-6,17,135,17,-5,17,36,17,-40,17,-23,16,-78,17,-36,16,-120,17,-20,16,-125,17,6,17,-127,17,32,17,-95,17,56,17,-24,17,76,17,43,0,81,17,113,0,75,17,142,0,63,17,132,0,61,17,0,0,0,0,81,0,122,17,64,0,-78,17,94,0,31,0,-147,0,138,0,-70,0,-91,0,-5,0,-76,0,27,1,-101,0,27,1,-136,0,10,1,118,0,-13,0,100,0,-54,0,101,0,-95,0,132,0,-116,0]"
CSI_DATA,121537,d8:b1:90:d9:de:f0,-38,9,-99,-34,39,104,-1691344649,101,0,106,0,"[-105,15,-24,0,-85,15,68,1,-23,15,105,1,40,0,83,1,79,0,30,1,86,0,-19,0,76,0,-65,0,36,0,-108,0,-25,15,-128,0,-88,15,132,0,-131,15,132,0,129,15,131,0,-135,15,112,0,0,0,0,0,-129,15,34,0,130,15,-31,15,73,15,-91,15,18,15,-127,15,-27,14,-129,15,-42,14,-110,15,-24,14,-79,15,8,15,-48,15,46,15,-30,15,76,15,-38,15,103,15,-58,15,116,15,-92,15,118,15]"
CSI_DATA,121538,d8:b1:90:d9:de:f0,-37,9,-99,-37,39,104,-1691344499,252,0,106,0,"[-146,17,46,17,55,17,12,17,-21,16,45,17,-38,16,108,17,-26,16,-123,17,18,17,-68,17,68,17,-53,17,115,17,-66,17,-114,17,-112,17,-76,17,132,17,-48,17,92,17,-43,17,86,17,-36,17,113,17,0,0,0,0,20,0,-143,17,99,0,-121,17,-107,0,-140,17,-47,0,116,17,-24,0,70,17,-34,0,40,17,-83,0,33,17,-123,0,57,17,138,0,87,17,128,0,122,17,138,0,-140,17,-138,0,-116,17,-131,0]"
CSI_DATA,121539,d8:b1:90:d9:de:f0,-38,9,-99,-34,39,104,-1691344351,98,0,106,0,"[-3,0,11,0,75,1,-11,15,100,1,-48,15,77,1,-74,15,32,1,-88,15,-13,0,-79,15,-56,0,-52,15,-100,0,3,0,129,0,63,0,90,0,129,0,59,0,-95,0,40,0,-81,0,22,0,-91,0,0,0,0,0,-63,15,119,0,-124,15,76,0,58,15,45,0,-13,14,27,0,-59,14,24,0,-63,14,27,0,-36,14,24,0,4,15,23,0,40,15,8,0,74,15,-21,15,100,15,-58,15,118,15,-97,15,132,15]"
CSI_DATA,121540,d8:b1:90:d9:de:f0,-40,11,-99,-36,42,104,-1691309211,100,0,228,0,"[9,-5,11,-7,15,-7,18,-7,19,-7,22,-5,23,-3,86,35,21,0,20,1,19,3,17,3,15,3,15,3,14,3,13,2,12,0,11,0,11,-1,11,-3,11,-5,-27,-23,12,-7,12,-7,12,-7,11,-7,11,-7,11,-7,0,0,9,-7,7,-7,7,-8,5,-9,4,-11,3,-12,27,0,3,-16,3,-19,3,-19,4,-19,4,-19,5,-19,6,-18,7,-16,7,-15,7,-14,7,-13,6,-13,6,-12,57,0,5,-12,3,-12,3,-12,4,-13,4,-13,4,-11,4,-11,7,7,12,1,11,-7,3,-14,-6,-12,-12,-4,-11,5,19,8,5,7,9,0,5,-7,-2,-10,-11,-5,-13,4,-7,14,6,17,18,10,21,-6,12,-20,-3,-23,-19,-15,-11,-4,-15,15,0,21,12,14,16,0,11,-10,0,-14,0,0,-11,3,-4,11,6,11,12,3,11,-7,3,-14,-5,-27,-15,-3,-12,7,-3,12,6,10,10,1,7,-6,0,-7,-7,-3,-7,4,0,8,7,6,11,0,8,-10,4,-29,-12,-12,-19,-1,-16,11,-5,20,8,19,16,8,15,-3]"
CSI_DATA,121541,d8:b1:90:d9:de:f0,-39,9,-99,-33,40,104,-1691135749,130,0,106,0,"[-22,12,82,0,-45,12,-69,0,-1,12,-17,0,59,13,-7,0,115,13,-36,0,-92,13,-71,0,-86,13,116,0,-104,13,75,0,95,13,43,0,69,13,16,0,64,13,6,0,78,13,-6,13,99,13,-25,13,0,0,0,0,-107,13,-86,13,-112,13,100,13,99,13,54,13,82,13,32,13,74,13,28,13,74,13,40,13,87,13,66,13,102,13,82,13,-113,13,98,13,-99,13,94,13,-85,13,88,13,-87,13,82,13,-79,13]"
CSI_DATA,121542,d8:b1:90:d9:de:f0,-39,11,-99,-35,40,104,-1690718422,277,0,106,0,"[26,14,-39,14,-52,13,-1,14,-72,13,61,0,-41,13,116,0,8,14,-105,0,62,14,-102,0,88,14,-118,0,100,14,84,0,102,14,34,0,84,14,-22,14,66,14,-48,14,54,14,-45,14,65,14,-36,14,0,0,0,0,-122,14,-47,14,-76,14,-80,14,-52,14,97,14,-58,14,30,14,-83,14,-11,13,-120,14,-15,13,110,14,4,14,97,14,45,14,106,14,84,14,119,14,108,14,-103,14,106,14,-84,14,102,14,-76,14]"
CSI_DATA,121543,d8:b1:90:d9:de:f0,-39,9,-99,-33,40,104,-1690717942,108,0,106,0,"[11,13,15,0,-54,12,56,0,-68,12,111,0,-43,12,-88,0,0,13,-84,0,49,13,-88,0,80,13,-116,0,100,13,66,0,103,13,0,0,100,13,-61,13,88,13,-103,13,83,13,115,13,95,13,-110,13,0,0,0,0,-56,13,-90,13,0,0,-100,13,76,0,110,13,-102,0,61,13,-75,0,13,13,-78,0,-4,12,-100,0,-1,12,107,0,15,13,87,0,42,13,85,0,70,13,96,0,106,13,112,0,-102,13,-109,0]"
CSI_DATA,121544,d8:b1:90:d9:de:f0,-39,9,-99,-34,40,104,-1690717815,98,0,106,0,"[-40,0,-100,14,10,0,83,14,8,0,33,14,-26,0,15,14,-69,0,19,14,-102,0,43,14,-118,0,82,14,-118,0,-108,14,-105,0,-51,14,-80,0,2,0,-58,0,42,0,-50,0,54,0,-62,0,51,0,0,0,0,0,108,0,70,0,56,0,102,0,2,0,-85,0,-28,14,-21,0,-37,14,27,0,-27,14,44,0,-12,14,33,0,2,0,7,0,8,0,-23,0,-5,14,-50,0,-24,14,-72,0,-55,14,-85,0,-72,14]"
CSI_DATA,121545,d8:b1:90:d9:de:f0,-38,9,-99,-34,39,104,-1690509024,98,0,106,0,"[-19,15,46,15,-61,15,-32,14,-116,15,-54,14,112,15,-29,14,92,15,14,15,94,15,61,15,112,15,93,15,-108,15,115,15,-47,15,123,15,16,0,113,15,65,0,96,15,83,0,86,15,80,0,98,15,0,0,0,0,91,0,-102,15,111,0,-48,15,-97,0,11,0,-32,0,50,0,29,1,62,0,50,1,48,0,34,1,24,0,11,1,-4,15,-16,0,-16,15,-39,0,-9,15,-66,0,5,0,-86,0,33,0,-98,0]"
CSI_DATA,121546,d8:b1:90:d9:de:f0,-34,11,-99,-36,36,104,-1690308888,100,0,114,0,"[39,-6,45,-3,49,-1,50,3,50,4,50,7,45,9,45,11,41,9,39,11,38,9,38,11,39,11,39,11,41,11,42,11,44,12,45,14,49,15,49,14,49,15,49,15,47,17,47,15,45,15,44,15,44,15,45,17,0,0,44,17,42,17,44,20,42,20,45,20,44,22,44,22,44,22,44,20,42,20,41,20,39,19,38,17,36,17,34,17,33,19,31,17,33,17,33,19,34,20,36,22,36,23,38,25,38,28,36,28,33,31,30,31,25,30]"
CSI_DATA,121547,d8:b1:90:d9:de:f0,-36,11,-99,-34,37,104,-1690300624,277,0,106,0,"[-89,0,145,0,33,1,149,0,98,1,90,0,93,1,26,0,61,1,-26,20,5,1,-64,20,-46,0,-58,20,-98,0,-24,20,-144,0,42,0,161,0,120,0,150,0,-160,0,148,0,-146,0,134,0,-164,0,0,0,0,0,34,0,125,0,-61,20,104,0,158,20,128,0,58,20,-157,0,20,20,-86,0,24,20,-42,0,68,20,-26,0,120,20,-37,0,169,20,-70,0,-158,20,-110,0,-157,20,-157,0,165,20,148,0,157,20]"
CSI_DATA,121548,d8:b1:90:d9:de:f0,-37,9,-99,-35,38,104,-1690300134,130,0,106,0,"[-121,18,-73,0,-129,18,29,1,-110,18,88,1,-61,18,85,1,-31,18,51,1,-19,18,8,1,-30,18,-42,0,-57,18,-101,0,-107,18,144,0,152,18,77,0,111,18,28,0,94,18,0,0,111,18,-12,18,0,0,0,0,-91,18,-66,18,-6,18,-117,18,72,0,116,18,130,0,40,18,-152,0,-28,17,-155,0,-55,17,140,0,-36,17,121,0,0,18,103,0,37,18,111,0,79,18,129,0,133,18,-155,0,-134,18,-144,0]"
CSI_DATA,121549,d8:b1:90:d9:de:f0,-36,9,-99,-37,38,104,-1690299990,113,0,106,0,"[50,0,-63,0,99,0,37,1,159,0,69,1,-138,0,49,1,-134,0,3,1,-143,0,-47,0,149,0,-86,0,81,0,-117,0,-11,19,-137,0,-102,19,-151,0,156,19,-161,0,130,19,161,0,143,19,134,0,0,0,0,0,-125,19,36,0,-99,19,-68,19,-98,19,142,19,-106,19,31,19,-132,19,-34,18,-156,19,-55,18,-159,19,-29,18,-154,19,7,19,-132,19,49,19,-88,19,79,19,-29,19,103,19,22,0,110,19,59,0]"
CSI_DATA,121550,d8:b1:90:d9:de:f0,-37,9,-99,-34,38,104,-1690299836,120,0,106,0,"[40,0,-54,0,91,0,38,1,146,0,66,1,-116,0,42,1,-106,0,1,1,-128,0,-47,0,147,0,-83,0,85,0,-110,0,2,0,-129,0,-79,17,-136,0,-143,17,-137,0,135,17,-139,0,141,17,141,0,0,0,0,0,-116,17,35,0,-102,17,-51,17,-112,17,139,17,-146,17,46,17,122,17,-17,16,98,17,-29,16,95,17,-2,16,111,17,41,17,135,17,74,17,-133,17,98,17,-83,17,108,17,-26,17,105,17,8,0]"
CSI_DATA,121551,d8:b1:90:d9:de:f0,-37,11,-99,-37,39,104,-1689882825,277,0,106,0,"[-136,17,-80,0,142,17,13,1,-118,17,79,1,-72,17,85,1,-38,17,49,1,-15,17,8,1,-17,17,-51,0,-47,17,-106,0,-101,17,127,0,136,17,72,0,97,17,35,0,73,17,24,0,92,17,17,0,0,0,0,0,-93,17,-40,17,-21,17,-103,17,31,0,97,17,65,0,3,17,63,0,-65,16,45,0,-88,16,23,0,-56,16,4,0,-17,16,3,0,28,17,20,0,65,17,63,0,106,17,101,0,128,17,120,0]"
CSI_DATA,121552,d8:b1:90:d9:de:f0,-37,9,-99,-35,38,104,-1689882344,98,0,106,0,"[59,18,24,0,-34,17,88,0,-56,17,-154,0,-22,17,-107,0,30,18,-90,0,84,18,-106,0,121,18,-148,0,138,18,103,0,143,18,24,0,123,18,-61,18,100,18,-113,18,91,18,-127,18,113,18,-112,18,0,0,0,0,-90,18,-85,18,11,0,-110,18,108,0,136,18,-138,0,53,18,-114,0,-14,17,-135,0,-42,17,134,0,-35,17,91,0,-3,17,70,0,50,18,78,0,95,18,106,0,140,18,146,0,-140,18,-145,0]"
CSI_DATA,121553,d8:b1:90:d9:de:f0,-38,9,-99,-36,39,104,-1689882239,98,0,106,0,"[-65,0,-81,16,4,1,133,16,4,1,59,16,-38,0,19,16,-99,0,12,16,-138,0,44,16,118,0,81,16,121,0,-143,16,142,0,-67,16,-108,0,-3,16,-76,0,32,0,-66,0,37,0,-80,0,34,0,0,0,0,0,99,0,50,0,29,0,99,0,-34,16,-98,0,-56,16,-10,0,-50,16,58,1,-20,16,80,1,10,0,60,1,33,0,10,1,33,0,-35,0,21,0,-75,0,-19,16,-102,0,-63,16,-108,0,-77,16]"
CSI_DATA,121554,d8:b1:90:d9:de:f0,-38,9,-99,-34,39,104,-1689882098,113,0,106,0,"[-98,0,-120,0,1,1,-103,0,60,1,133,0,64,1,72,0,47,1,24,0,-2,0,1,0,-45,0,1,0,-97,0,25,0,126,0,76,0,94,0,-131,0,83,0,-81,0,88,0,-68,0,84,0,-90,0,0,0,0,0,13,0,108,0,-61,15,77,0,110,15,83,0,24,15,117,0,-24,14,-104,0,-18,14,-72,0,23,15,-60,0,77,15,-64,0,115,15,-95,0,128,15,-124,0,126,15,102,0,106,15,63,0,94,15]"
CSI_DATA,121555,d8:b1:90:d9:de:f0,-38,9,-99,-36,39,104,-1689881980,98,0,106,0,"[103,16,-139,0,69,16,-35,0,103,16,37,1,-124,16,58,1,-67,16,40,1,-30,16,-3,0,-19,16,-53,0,-43,16,-107,0,-92,16,124,0,127,16,90,0,83,16,72,0,71,16,72,0,95,16,76,0,0,0,0,0,-115,16,16,0,-77,16,-68,16,-81,16,112,16,-115,16,24,16,121,16,-23,15,75,16,-13,15,61,16,29,16,67,16,81,16,90,16,118,16,132,16,142,16,-109,16,135,16,-76,16,115,16,-70,16]"
CSI_DATA,121556,d8:b1:90:d9:de:f0,-39,9,-99,-35,40,104,-1689673462,756,0,106,0,"[-108,0,115,14,-66,0,47,14,-72,0,-1,13,-111,0,-19,13,100,0,-11,13,71,0,10,14,62,0,47,14,68,0,89,14,100,0,-108,14,-108,0,-65,14,-68,0,-33,14,-41,0,-25,14,-47,0,-23,14,0,0,0,0,-118,0,-4,14,85,0,43,0,49,0,118,0,38,0,-45,0,55,0,26,0,84,0,51,0,109,0,38,0,-119,0,9,0,-116,0,-32,0,114,0,-56,0,80,0,-69,0,43,0,-68,0,24,0]"
CSI_DATA,121557,d8:b1:90:d9:de:f0,-38,9,-99,-37,40,104,-1689673092,321,0,106,0,"[65,0,-77,0,112,0,-13,0,-92,0,1,1,-62,0,-20,0,-51,0,-62,0,-58,0,-104,0,-83,0,-125,0,-122,0,-129,0,78,0,-113,0,27,0,-83,0,-15,15,-51,0,-25,15,-34,0,-13,15,-48,0,0,0,0,0,-8,15,-99,0,-49,15,95,0,130,15,63,0,48,15,40,0,-16,14,54,0,-49,14,91,0,-36,14,124,0,-1,14,-119,0,42,15,-115,0,65,15,-130,0,79,15,96,0,75,15,64,0,65,15]"
CSI_DATA,121558,d8:b1:90:d9:de:f0,-39,9,-99,-35,40,104,-1689672906,341,0,106,0,"[-49,14,-61,0,-41,14,10,0,1,0,49,0,46,0,42,0,82,0,16,0,92,0,-21,0,90,0,-53,0,62,0,-78,0,10,0,-94,0,-41,14,-95,0,-85,14,-83,0,-101,14,-72,0,-96,14,-71,0,0,0,0,0,-67,14,115,0,-83,14,56,0,114,14,-3,14,44,14,-45,14,-23,13,-49,14,-60,13,-30,14,-60,13,11,0,-34,13,48,0,1,14,65,0,30,14,68,0,49,14,49,0,59,14,22,0,59,14]"
CSI_DATA,121559,d8:b1:90:d9:de:f0,-37,11,-99,-34,38,104,-1689465026,277,0,106,0,"[-102,0,-124,17,-33,0,105,17,-42,0,30,17,-76,0,5,17,-127,0,-2,16,130,0,24,17,110,0,59,17,123,0,112,17,-146,0,-124,17,-109,0,-71,17,-74,0,-28,17,-66,0,-20,17,-85,0,-8,17,0,0,0,0,121,0,21,0,60,0,78,0,2,0,-136,0,-17,17,-36,0,-22,17,45,1,10,0,72,1,39,0,66,1,66,0,22,1,72,0,-17,0,57,0,-52,0,32,0,-83,0,-9,17,-97,0,-29,17]"
CSI_DATA,121560,d8:b1:90:d9:de:f0,-38,9,-99,-35,39,104,-1689464563,441,0,106,0,"[51,16,2,0,-39,15,21,0,-77,15,62,0,-68,15,90,0,-32,15,93,0,-1,15,87,0,33,16,58,0,66,16,13,0,100,16,-53,16,136,16,-116,16,-109,16,115,16,-86,16,97,16,-64,16,105,16,0,0,0,0,10,0,-102,16,74,0,-39,16,-114,0,11,0,-25,0,52,0,41,1,68,0,71,1,66,0,61,1,55,0,37,1,47,0,3,1,41,0,-37,0,50,0,-78,0,78,0,-109,0,111,0,-139,0]"
CSI_DATA,121561,d8:b1:90:d9:de:f0,-38,9,-99,-37,40,104,-1689464346,421,0,106,0,"[62,0,60,15,59,0,-36,14,23,0,-81,14,-11,15,-79,14,-32,15,-45,14,-40,15,-5,14,-22,15,32,15,15,0,77,15,71,0,122,15,129,0,-102,15,-88,0,-75,15,-73,0,-58,15,-86,0,-44,15,0,0,0,0,85,0,3,0,27,0,63,0,-27,15,-117,0,-66,15,-29,0,-80,15,42,1,-72,15,72,1,-51,15,60,1,-26,15,30,1,-22,15,-7,0,-30,15,-41,0,-56,15,-79,0,-93,15,-113,0,-118,15]"
CSI_DATA,121562,d8:b1:90:d9:de:f0,-37,9,-99,-36,38,104,-1689430871,108,0,106,0,"[149,0,135,18,-124,0,44,18,-124,0,-15,17,-156,0,-32,17,133,0,-15,17,112,0,16,18,112,0,54,18,133,0,103,18,-153,0,-153,18,-115,0,-91,18,-90,0,-36,18,-83,0,-6,18,-103,0,8,0,0,0,0,0,117,0,41,0,31,0,83,0,-49,18,-161,0,-119,18,-79,0,-151,18,-5,0,-153,18,37,1,-132,18,39,1,-104,18,21,1,-89,18,-10,0,-89,18,-50,0,-108,18,-95,0,-139,18,-128,0,-152,18]"
CSI_DATA,121563,d8:b1:90:d9:de:f0,-41,11,-99,-36,42,104,-1689308828,100,0,228,0,"[0,8,1,11,1,13,1,16,0,19,0,20,-2,21,86,35,-4,21,-5,20,-7,19,-7,17,-7,16,-7,15,-7,14,-6,13,-4,13,-3,11,-1,11,0,11,2,11,-27,-23,5,11,7,12,7,12,7,12,7,12,7,11,0,0,6,9,6,8,6,7,7,4,8,2,10,0,-86,0,14,-3,16,-3,19,-3,20,-3,21,-2,21,-1,21,0,20,0,19,1,18,2,17,3,15,3,15,3,-27,0,12,2,11,0,11,0,11,-1,11,-2,11,-2,11,-1,-10,2,-6,10,3,13,11,9,14,0,10,-9,0,-11,-11,15,-8,1,-3,7,4,6,8,0,6,-7,-2,-11,-12,-7,-15,3,-9,16,4,21,19,13,25,-3,16,-20,2,-14,-18,-17,-23,0,-16,14,-2,19,11,13,15,0,0,0,0,-11,-9,-5,-10,4,-2,11,7,10,14,0,23,-11,0,-15,-10,-11,-14,0,-9,7,0,10,5,5,6,-1,1,-4,-3,-3,-5,3,-1,8,7,8,13,1,27,-7,3,-19,-9,-19,-21,-8,-23,6,-13,19,1,21,12,14]"
CSI_DATA,121564,d8:b1:90:d9:de:f0,-37,11,-99,-35,38,104,-1689256126,277,0,106,0,"[-92,0,145,0,-4,0,-146,0,53,1,129,0,57,1,90,0,37,1,53,0,-1,0,17,0,-31,0,20,0,-68,0,42,0,-118,0,86,0,152,0,139,0,124,0,-119,0,105,0,-97,0,92,0,-96,0,0,0,0,0,37,0,-139,0,-23,18,151,0,-114,18,-150,0,108,18,-121,0,63,18,-84,0,46,18,-46,0,79,18,-31,0,124,18,-35,0,-151,18,-58,0,-139,18,-86,0,-138,18,-122,0,-144,18,154,0,150,18]"
CSI_DATA,121565,d8:b1:90:d9:de:f0,-37,9,-99,-36,39,104,-1689255645,756,0,106,0,"[-138,16,-92,0,131,16,-3,0,-122,16,51,1,-67,16,62,1,-19,16,37,1,5,0,3,1,13,0,-28,0,1,0,-61,0,-39,16,-95,0,-92,16,-114,0,-140,16,-132,0,126,16,-134,0,132,16,135,0,0,0,0,0,-131,16,102,0,-139,16,34,0,98,16,-25,16,43,16,-77,16,-12,15,-93,16,-48,15,-74,16,-46,15,-39,16,-23,15,3,0,10,16,28,0,42,16,34,0,69,16,22,0,84,16,-8,16,95,16]"
CSI_DATA,121566,d8:b1:90:d9:de:f0,-38,9,-99,-35,39,104,-1689046746,98,0,106,0,"[117,16,119,0,55,16,-89,0,38,16,-26,0,61,16,-1,0,98,16,-1,0,135,16,-19,0,-130,16,-55,0,-134,16,-104,0,126,16,101,0,95,16,26,0,71,16,-25,16,56,16,-51,16,63,16,-51,16,0,0,0,0,-125,16,-57,16,-41,16,-76,16,45,0,-126,16,116,0,78,16,-126,0,6,16,-124,0,-33,15,133,0,-38,15,110,0,-16,15,87,0,14,16,76,0,49,16,98,0,91,16,123,0,130,16,-137,0]"
CSI_DATA,121567,d8:b1:90:d9:de:f0,-37,9,-99,-34,38,104,-1689034077,98,0,106,0,"[103,17,-108,17,15,17,-142,17,-45,16,-128,17,-52,16,-92,17,-40,16,-58,17,-15,16,-16,17,20,17,-17,17,64,17,-35,17,111,17,-83,17,-150,17,-142,17,-124,17,105,17,-116,17,78,17,-105,17,96,17,0,0,0,0,-48,17,142,17,23,0,-120,17,127,0,-103,17,-78,0,-120,17,-13,0,142,17,1,1,109,17,-23,0,95,17,-57,0,92,17,-89,0,103,17,-103,0,125,17,-111,0,-142,17,-106,0,-115,17,-108,0]"
CSI_DATA,121568,d8:b1:90:d9:de:f0,-37,9,-99,-34,38,104,-1688989983,756,0,106,0,"[55,0,55,17,55,0,-23,16,17,0,-71,16,-28,17,-61,16,-58,17,-41,16,-66,17,0,17,-64,17,41,17,-26,17,74,17,35,0,103,17,118,0,120,17,-127,0,121,17,-105,0,115,17,-122,0,129,17,0,0,0,0,141,0,-120,17,137,0,-28,17,-124,0,62,0,-62,0,137,0,-4,0,-135,0,35,1,-141,0,34,1,125,0,7,1,90,0,-32,0,65,0,-66,0,62,0,-98,0,83,0,-127,0,122,0,-133,0]"
CSI_DATA,121569,d8:b1:90:d9:de:f0,-37,9,-99,-37,39,104,-1688837837,98,0,106,0,"[-58,17,-61,0,-62,17,33,1,-25,17,79,1,19,0,71,1,51,0,46,1,58,0,-2,0,51,0,-49,0,10,0,-86,0,-57,17,-130,0,-125,17,137,0,106,17,112,0,85,17,110,0,99,17,99,0,0,0,0,0,-145,17,48,0,-107,17,-45,17,-107,17,-145,17,-123,17,57,17,135,17,-5,16,103,17,-18,16,92,17,4,17,91,17,42,17,112,17,83,17,-147,17,107,17,-101,17,109,17,-57,17,99,17,-32,17]"
CSI_DATA,121570,d8:b1:90:d9:de:f0,-36,9,-99,-36,38,104,-1688814702,130,0,106,0,"[153,18,112,18,71,18,61,18,6,18,75,18,-16,17,122,18,-8,17,-146,18,21,18,-112,18,56,18,-95,18,110,18,-104,18,-151,18,-139,18,-95,18,133,18,-59,18,94,18,-39,18,79,18,-27,18,96,18,0,0,0,0,13,0,156,18,80,0,-115,18,-137,0,-101,18,-54,0,-104,18,12,1,-132,18,35,1,158,18,5,1,135,18,-35,0,130,18,-78,0,139,18,-100,0,156,18,-109,0,-123,18,-103,0,-90,18,-107,0]"
CSI_DATA,121571,d8:b1:90:d9:de:f0,-36,9,-99,-35,38,104,-1688779214,98,0,106,0,"[40,0,-46,0,75,0,46,1,125,0,74,1,-155,0,56,1,-148,0,7,1,-149,0,-34,0,129,0,-75,0,72,0,-107,0,-8,18,-128,0,-92,18,-136,0,-154,18,-152,0,130,18,154,0,143,18,129,0,0,0,0,0,-125,18,44,0,-112,18,-51,18,-118,18,151,18,-134,18,55,18,139,18,-11,17,113,18,-25,17,117,18,-4,17,121,18,28,18,135,18,57,18,-139,18,75,18,-90,18,90,18,-52,18,85,18,-20,18]"
CSI_DATA,121572,d8:b1:90:d9:de:f0,-37,11,-99,-34,38,104,-1688420528,277,0,106,0,"[123,0,117,17,-143,0,15,17,144,0,-51,16,96,0,-71,16,58,0,-57,16,40,0,-26,16,33,0,26,17,62,0,72,17,112,0,131,17,-122,0,-122,17,-72,0,-85,17,-51,0,-68,17,-74,0,-61,17,0,0,0,0,-144,0,-28,17,96,0,49,0,59,0,-149,0,45,0,-48,0,53,0,32,1,80,0,57,1,103,0,43,1,115,0,10,1,106,0,-23,0,87,0,-58,0,45,0,-83,0,-2,17,-84,0,-33,17]"
CSI_DATA,121573,d8:b1:90:d9:de:f0,-38,9,-99,-36,39,104,-1688420075,224,0,106,0,"[75,16,22,0,-15,15,68,0,-43,15,129,0,-26,15,-107,0,15,16,-81,0,65,16,-79,0,94,16,-97,0,107,16,-142,0,115,16,78,0,96,16,11,0,76,16,-38,16,71,16,-48,16,79,16,-46,16,0,0,0,0,-117,16,-47,16,-47,16,-83,16,23,0,138,16,65,0,48,16,61,0,-25,15,34,0,-61,15,3,0,-59,15,-30,16,-26,15,-47,16,8,16,-34,16,40,16,-17,16,68,16,12,0,87,16,31,0]"
CSI_DATA,121574,d8:b1:90:d9:de:f0,-34,11,-99,-36,36,104,-1688308861,100,0,114,0,"[-30,-25,-33,-30,-33,-33,-28,-38,-30,-39,-26,-38,-22,-41,-22,-38,-20,-36,-15,-36,-17,-34,-17,-36,-17,-36,-17,-36,-17,-38,-17,-38,-17,-41,-19,-42,-19,-44,-19,-44,-19,-45,-19,-47,-15,-47,-19,-47,-15,-47,-15,-45,-14,-45,-14,-44,0,0,-11,-45,-12,-44,-11,-45,-11,-47,-11,-47,-9,-49,-7,-49,-7,-49,-7,-47,-7,-45,-7,-45,-6,-44,-6,-41,-4,-39,-6,-39,-6,-38,-4,-38,-4,-38,-3,-39,-1,-41,-1,-42,-1,-44,0,-45,1,-47,4,-45,7,-44,7,-42,9,-38]"
CSI_DATA,121575,d8:b1:90:d9:de:f0,-38,9,-99,-34,39,104,-1688211175,756,0,106,0,"[-57,15,-48,0,-45,15,34,1,3,0,74,1,52,0,61,1,78,0,22,1,84,0,-22,0,66,0,-59,0,26,0,-90,0,-33,15,-103,0,-100,15,-103,0,124,15,-95,0,109,15,-88,0,121,15,-97,0,0,0,0,0,-119,15,108,0,-124,15,42,0,105,15,-31,15,48,15,-86,15,-2,14,-109,15,-28,14,-104,15,-25,14,-79,15,-5,14,-43,15,23,15,-32,15,45,15,-37,15,64,15,-50,15,82,15,-76,15,90,15]"
CSI_DATA,121576,d8:b1:90:d9:de:f0,-37,9,-99,-36,39,104,-1688210841,407,0,106,0,"[-84,0,-135,16,-33,0,84,16,-41,0,24,16,-86,0,-4,15,-133,0,8,16,109,0,23,16,96,0,66,16,112,0,108,16,-136,0,-134,16,-88,0,-97,16,-49,0,-77,16,-34,0,-75,16,-54,0,-74,16,0,0,0,0,-107,0,-34,16,-125,0,20,0,-121,0,97,0,-97,0,-121,0,-60,0,-77,0,-32,0,-77,0,-26,0,-102,0,-32,0,-132,0,-48,0,127,0,-67,0,122,0,-86,0,127,0,-102,0,139,0,-114,0]"
CSI_DATA,121577,d8:b1:90:d9:de:f0,-38,11,-99,-35,39,104,-1688002730,277,0,106,0,"[-78,16,-13,0,-59,16,58,1,-10,16,81,1,22,0,57,1,51,0,20,1,47,0,-30,0,35,0,-69,0,-11,16,-98,0,-69,16,-119,0,-131,16,-131,0,111,16,135,0,103,16,125,0,121,16,101,0,0,0,0,0,127,16,38,0,126,16,-32,16,90,16,-104,16,52,16,124,16,22,16,106,16,10,16,109,16,21,16,130,16,45,16,-127,16,74,16,-113,16,98,16,-114,16,124,16,-124,16,-139,16,138,16,-130,16]"
CSI_DATA,121578,d8:b1:90:d9:de:f0,-38,9,-99,-35,40,104,-1688002267,98,0,106,0,"[-96,0,-40,0,-13,0,-26,0,36,0,-62,0,47,0,-122,0,16,0,70,0,-17,0,44,0,-65,0,36,0,-107,0,59,0,105,0,100,0,82,0,-102,0,68,0,-80,0,64,0,-76,0,56,0,-93,0,0,0,0,0,-4,14,122,0,-61,14,123,0,122,14,-99,0,81,14,-64,0,66,14,-28,0,79,14,-7,0,107,14,-12,0,-111,14,-28,0,-91,14,-47,0,-80,14,-72,0,-89,14,-96,0,-104,14,-103,0,-96,14]"
CSI_DATA,121579,d8:b1:90:d9:de:f0,-38,9,-99,-34,39,104,-1688002153,108,0,106,0,"[-2,15,-2,14,-50,15,-68,14,-120,15,-67,14,106,15,-28,14,99,15,30,15,110,15,76,15,-130,15,106,15,-86,15,112,15,-31,15,97,15,16,0,75,15,39,0,63,15,49,0,64,15,47,0,88,15,0,0,0,0,82,0,-126,15,122,0,-96,15,-72,0,-86,15,-19,0,-92,15,11,1,-110,15,15,1,-127,15,-15,0,128,15,-47,0,123,15,-78,0,131,15,-97,0,-119,15,-99,0,-99,15,-91,0,-84,15,-101,0]"
CSI_DATA,121580,d8:b1:90:d9:de:f0,-37,9,-99,-34,38,104,-1687952226,130,0,106,0,"[-128,0,-30,0,-28,0,-11,0,43,1,-55,0,42,1,-134,0,23,1,102,0,-28,0,53,0,-79,0,48,0,-128,0,73,0,133,0,120,0,108,0,-131,0,96,0,-99,0,95,0,-96,0,83,0,-124,0,0,0,0,0,1,0,148,0,-66,17,-150,0,-139,17,-114,0,120,17,-54,0,102,17,-2,0,133,17,15,1,-130,17,2,1,-91,17,-27,0,-67,17,-57,0,-59,17,-80,0,-73,17,-103,0,-87,17,-121,0,-86,17]"
CSI_DATA,121581,d8:b1:90:d9:de:f0,-37,9,-99,-36,39,104,-1687951726,113,0,106,0,"[4,16,81,0,-51,15,139,0,-50,15,-95,0,-12,15,-71,0,48,16,-85,0,90,16,-105,0,115,16,132,0,122,16,74,0,116,16,3,0,105,16,-58,16,104,16,-103,16,118,16,-115,16,-140,16,-107,16,0,0,0,0,-50,16,-125,16,17,0,139,16,89,0,80,16,136,0,38,16,-135,0,0,16,-136,0,-13,15,134,0,8,16,111,0,34,16,100,0,62,16,107,0,97,16,118,0,131,16,136,0,-133,16,139,0]"
CSI_DATA,121582,d8:b1:90:d9:de:f0,-37,9,-99,-35,38,104,-1687906537,98,0,106,0,"[-44,18,19,1,-3,18,102,1,50,0,116,1,89,0,72,1,103,0,23,1,89,0,-40,0,57,0,-89,0,-7,18,-123,0,-78,18,154,0,-144,18,133,0,124,18,118,0,116,18,101,0,135,18,72,0,0,0,0,0,-128,18,-36,18,-112,18,-117,18,-122,18,99,18,-140,18,22,18,151,18,-18,17,140,18,-12,17,149,18,15,18,-148,18,59,18,-122,18,94,18,-90,18,103,18,-50,18,114,18,-12,18,116,18,6,0]"
CSI_DATA,121583,d8:b1:90:d9:de:f0,-38,11,-99,-35,39,104,-1687584931,277,0,106,0,"[103,0,3,16,103,0,-81,15,73,0,-110,15,33,0,-81,15,9,0,-41,15,14,0,28,16,27,0,85,16,69,0,-133,16,123,0,-66,16,-103,0,-7,16,-71,0,31,0,-71,0,41,0,-102,0,50,0,0,0,0,0,64,0,88,0,-13,16,138,0,-86,16,-82,0,137,16,-25,0,121,16,18,1,117,16,17,1,131,16,-11,0,-117,16,-47,0,-116,16,-98,0,-125,16,-137,0,137,16,90,0,114,16,50,0,104,16]"
CSI_DATA,121584,d8:b1:90:d9:de:f0,-39,9,-99,-36,40,104,-1687584486,281,0,106,0,"[-109,15,-3,0,-97,15,82,1,-53,15,103,1,-9,15,83,1,17,0,31,1,22,0,-19,0,6,0,-73,0,-35,15,-128,0,-81,15,83,0,120,15,45,0,88,15,20,0,86,15,14,0,105,15,3,0,0,0,0,0,-72,15,-69,15,-31,15,-121,15,5,0,55,15,19,0,-8,14,11,0,-53,14,-3,15,-49,14,-8,15,-18,14,-16,15,21,15,-8,15,54,15,16,0,84,15,47,0,109,15,78,0,121,15,88,0]"
CSI_DATA,121585,d8:b1:90:d9:de:f0,-39,9,-99,-34,40,104,-1687584276,124,0,106,0,"[37,0,19,0,87,0,72,0,-99,0,78,0,-77,0,31,0,-71,0,-21,0,-101,0,-70,0,108,0,-104,0,48,0,118,0,-17,14,113,0,-77,14,115,0,-115,14,114,0,118,14,116,0,-109,14,95,0,0,0,0,0,-94,14,0,0,-100,14,-70,14,114,14,98,14,76,14,49,14,39,14,25,14,23,14,39,14,40,14,62,14,65,14,96,14,95,14,117,14,-114,14,-118,14,-80,14,117,14,-50,14,103,14,-41,14]"
CSI_DATA,121586,d8:b1:90:d9:de:f0,-37,9,-99,-37,39,104,-1687531082,113,0,106,0,"[97,0,-4,0,-124,0,54,1,-64,0,38,1,-51,0,-15,0,-61,0,-65,0,-93,0,-114,0,-145,0,-138,0,84,0,-144,0,10,0,-129,0,-53,17,-105,0,-91,17,-94,0,-108,17,-106,0,-105,17,-143,0,0,0,0,0,-116,17,62,0,139,17,-13,17,66,17,-71,17,1,17,-110,17,-35,16,-125,17,-36,16,-110,17,-12,16,-83,17,24,17,-63,17,62,17,-60,17,99,17,-72,17,128,17,-98,17,145,17,-123,17,-138,17]"
CSI_DATA,121587,d8:b1:90:d9:de:f0,-38,9,-99,-35,39,104,-1687526796,130,0,106,0,"[3,1,-65,16,67,1,-122,16,66,1,109,16,22,1,88,16,-31,0,101,16,-80,0,119,16,-107,0,-112,16,-121,0,-45,16,-125,0,25,0,-122,0,92,0,-122,0,134,0,-134,0,-135,0,118,0,131,0,0,0,0,0,11,0,131,0,-62,16,-139,0,135,16,-101,0,80,16,-65,0,55,16,-33,0,63,16,-28,0,88,16,-46,0,115,16,-77,0,130,16,-111,0,133,16,134,0,122,16,93,0,107,16,68,0,109,16]"
CSI_DATA,121588,d8:b1:90:d9:de:f0,-37,9,-99,-33,38,104,-1687483849,101,0,106,0,"[2,1,-78,17,61,1,-147,17,50,1,83,17,-5,0,60,17,-69,0,60,17,-116,0,97,17,-142,0,140,17,-139,0,-92,17,-125,0,-25,17,-99,0,36,0,-83,0,69,0,-85,0,78,0,-116,0,73,0,0,0,0,0,95,0,116,0,34,0,-133,0,-5,17,-51,0,-21,17,13,1,-10,17,55,1,9,0,56,1,23,0,24,1,36,0,-18,0,24,0,-60,0,10,0,-76,0,-18,17,-95,0,-46,17,-103,0,-49,17]"
CSI_DATA,121589,d8:b1:90:d9:de:f0,-40,11,-99,-32,41,104,-1687308849,100,0,228,0,"[7,-7,8,-9,11,-11,13,-13,15,-12,17,-12,19,-11,86,35,19,-7,19,-5,18,-3,17,-3,15,-2,15,-2,14,-2,13,-3,12,-3,10,-5,10,-7,9,-8,9,-10,-27,-23,10,-12,11,-12,10,-12,11,-12,10,-11,10,-10,0,0,8,-9,7,-8,6,-9,3,-10,2,-11,0,-12,16,0,0,-16,0,-17,0,-19,0,-19,0,-19,0,-19,2,-19,3,-17,3,-17,3,-15,4,-15,4,-15,4,-14,49,0,3,-14,3,-13,3,-13,3,-14,3,-13,3,-11,3,-11,11,3,13,-4,7,-12,-2,-15,-11,-10,-15,0,-9,9,19,3,7,6,9,-1,3,-8,-4,-8,-11,-2,-11,7,-2,15,10,14,19,3,17,-11,5,-23,-11,-20,-23,-8,-11,-1,-9,20,7,19,16,8,15,-5,7,-14,-5,-13,0,0,-11,7,-1,13,9,10,14,0,11,-11,0,-15,-11,-26,-16,0,-11,10,0,14,8,9,10,0,6,-7,-1,-7,-7,-2,-6,4,0,7,7,5,11,-3,7,-11,0,-30,-14,-11,-19,1,-15,14,-2,20,11,17,18,6,15,-6]"
CSI_DATA,121590,d8:b1:90:d9:de:f0,-37,11,-99,-33,38,104,-1687167132,277,0,106,0,"[84,17,49,0,2,17,106,0,-19,16,-120,0,12,17,-62,0,65,17,-38,0,109,17,-41,0,145,17,-73,0,-144,17,-115,0,132,17,127,0,92,17,77,0,55,17,43,0,41,17,43,0,61,17,51,0,0,0,0,0,146,17,32,0,-97,17,-31,17,-77,17,-129,17,-83,17,68,17,-127,17,4,17,118,17,-10,16,88,17,8,17,66,17,54,17,65,17,95,17,86,17,117,17,110,17,130,17,133,17,121,17,-146,17]"
CSI_DATA,121591,d8:b1:90:d9:de:f0,-36,9,-99,-36,38,104,-1687166678,130,0,106,0,"[-132,0,-128,18,-55,0,125,18,-33,0,69,18,-64,0,39,18,-98,0,28,18,-132,0,59,18,-146,0,91,18,-139,0,146,18,-120,0,-96,18,-90,0,-21,18,-66,0,33,0,-57,0,60,0,-70,0,60,0,0,0,0,0,158,0,65,0,64,0,91,0,-25,18,154,0,-100,18,-95,0,-144,18,-25,0,-152,18,17,1,-143,18,27,1,-118,18,6,1,-100,18,-26,0,-98,18,-46,0,-120,18,-78,0,-151,18,-119,0,159,18]"
CSI_DATA,121592,d8:b1:90:d9:de:f0,-37,9,-99,-35,38,104,-1686748870,98,0,106,0,"[-102,0,-138,18,-40,0,88,18,-47,0,9,18,-100,0,-23,17,-152,0,-23,17,124,0,20,18,105,0,58,18,108,0,103,18,141,0,-130,18,-134,0,-68,18,-95,0,-26,18,-80,0,-12,18,-99,0,1,0,0,0,0,0,129,0,37,0,57,0,100,0,19,0,-122,0,-3,18,-24,0,2,0,46,1,23,0,75,1,52,0,59,1,70,0,18,1,77,0,-28,0,66,0,-61,0,34,0,-85,0,-18,18,-107,0,-42,18]"
CSI_DATA,121593,d8:b1:90:d9:de:f0,-37,9,-99,-37,39,104,-1686748720,130,0,106,0,"[-53,17,-54,0,-21,17,48,1,53,0,90,1,107,0,72,1,138,0,24,1,-139,0,-28,0,138,0,-75,0,92,0,-110,0,27,0,-127,0,-49,17,-131,0,-99,17,-125,0,-117,17,-121,0,-112,17,-133,0,0,0,0,0,-90,17,66,0,-105,17,-16,17,146,17,-103,17,73,17,127,17,4,17,100,17,-31,16,118,17,-32,16,-136,17,-13,16,-94,17,21,17,-64,17,61,17,-55,17,100,17,-71,17,131,17,-93,17,-145,17]"
CSI_DATA,121594,d8:b1:90:d9:de:f0,-37,11,-99,-35,38,104,-1686540433,277,0,106,0,"[95,0,89,18,129,0,-7,17,108,0,-67,17,66,0,-78,17,30,0,-62,17,14,0,-19,17,12,0,23,18,39,0,72,18,94,0,139,18,-146,0,-117,18,-90,0,-78,18,-67,0,-68,18,-77,0,-53,18,0,0,0,0,-154,0,-7,18,95,0,62,0,51,0,-146,0,35,0,-40,0,44,0,36,1,62,0,64,1,84,0,51,1,99,0,9,1,89,0,-35,0,70,0,-67,0,26,0,-95,0,-28,18,-112,0,-55,18]"
CSI_DATA,121595,d8:b1:90:d9:de:f0,-38,9,-99,-36,39,104,-1686539979,756,0,106,0,"[72,16,54,0,-11,15,99,0,-37,15,-126,0,-15,15,-81,0,32,16,-66,0,77,16,-67,0,109,16,-95,0,126,16,142,0,121,16,75,0,107,16,4,0,84,16,-52,16,69,16,-70,16,76,16,-67,16,0,0,0,0,-121,16,-63,16,-52,16,-93,16,21,0,129,16,66,0,46,16,78,0,-26,15,54,0,-58,15,23,0,-49,15,-7,16,-20,15,-19,16,15,16,-14,16,57,16,10,0,88,16,47,0,109,16,70,0]"
CSI_DATA,121596,d8:b1:90:d9:de:f0,-38,9,-99,-37,40,104,-1686539664,108,0,106,0,"[-1,15,58,15,-25,15,-26,14,-83,15,-62,14,-129,15,-51,14,106,15,0,15,96,15,37,15,113,15,74,15,-112,15,96,15,-55,15,104,15,15,0,92,15,64,0,77,15,78,0,71,15,67,0,78,15,0,0,0,0,52,0,-121,15,82,0,-46,15,-108,0,12,0,-34,0,52,0,27,1,46,0,63,1,16,0,50,1,-14,15,20,1,-52,15,-17,0,-63,15,-55,0,-53,15,-83,0,-25,15,-90,0,7,0,-93,0]"
CSI_DATA,121597,d8:b1:90:d9:de:f0,-38,9,-99,-36,39,104,-1686331035,130,0,106,0,"[50,0,-50,0,111,0,12,1,-111,0,17,1,-76,0,-13,0,-65,0,-61,0,-78,0,-98,0,-108,0,-123,0,142,0,-122,0,81,0,-107,0,37,0,-86,0,-2,16,-72,0,-19,16,-80,0,-25,16,-106,0,0,0,0,0,-50,16,117,0,-103,16,54,0,98,16,24,0,28,16,7,0,-26,15,13,0,-53,15,34,0,-44,15,63,0,-12,15,78,0,17,16,90,0,49,16,83,0,74,16,63,0,85,16,33,0,98,16]"
CSI_DATA,121598,d8:b1:90:d9:de:f0,-38,9,-99,-36,40,104,-1686330900,252,0,106,0,"[-38,0,-23,15,31,1,-77,15,40,1,119,15,3,1,83,15,-45,0,65,15,-79,0,82,15,-102,0,101,15,-108,0,-116,15,-95,0,-70,15,-83,0,-26,15,-70,0,5,0,-71,0,20,0,-90,0,25,0,0,0,0,0,103,0,49,0,54,0,97,0,22,0,-92,0,14,0,-21,0,23,0,34,1,49,0,48,1,70,0,34,1,89,0,7,1,94,0,-25,0,97,0,-53,0,79,0,-70,0,51,0,-80,0,35,0]"
CSI_DATA,121599,d8:b1:90:d9:de:f0,-37,9,-99,-34,38,104,-1686313669,120,0,106,0,"[142,0,-78,0,-95,0,-22,0,-40,0,-27,0,-33,0,-57,0,-42,0,-85,0,-74,0,-112,0,-111,0,-122,0,146,0,-116,0,83,0,-106,0,13,0,-97,0,-41,17,-91,0,-78,17,-102,0,-91,17,-131,0,0,0,0,0,-122,17,87,0,-147,17,13,0,114,17,-62,17,60,17,-135,17,20,17,120,17,-1,16,103,17,2,17,120,17,17,17,143,17,45,17,-143,17,70,17,-139,17,106,17,-141,17,150,17,-148,17,-120,17]"
CSI_DATA,121600,d8:b1:90:d9:de:f0,-35,11,-99,-35,37,104,-1686308306,100,0,114,0,"[26,23,28,27,30,30,27,32,27,34,27,32,21,32,23,31,23,30,20,31,21,27,21,27,21,27,21,28,24,28,26,28,27,30,28,31,31,31,31,30,30,31,32,30,31,30,32,28,31,27,30,27,30,27,31,26,0,0,34,26,32,26,34,24,34,26,35,26,35,27,37,26,35,26,35,23,35,21,34,21,32,20,34,17,31,17,31,16,30,15,30,13,30,13,31,13,32,15,34,15,37,16,37,16,38,17,37,19,37,19,34,20,28,20]"
CSI_DATA,121601,d8:b1:90:d9:de:f0,-38,9,-99,-36,39,104,-1686122190,214,0,106,0,"[62,16,96,0,1,16,-107,0,7,16,-30,0,62,16,6,1,124,16,10,1,-120,16,-19,0,-94,16,-61,0,-99,16,-114,0,-123,16,113,0,115,16,61,0,75,16,37,0,60,16,34,0,74,16,35,0,0,0,0,0,-139,16,-3,16,-92,16,-62,16,-80,16,131,16,-92,16,44,16,-130,16,-14,15,116,16,-21,15,94,16,12,16,84,16,62,16,98,16,104,16,121,16,126,16,-130,16,135,16,-89,16,121,16,-71,16]"
CSI_DATA,121602,d8:b1:90:d9:de:f0,-38,9,-99,-37,40,104,-1686122036,214,0,106,0,"[44,15,57,0,-20,14,123,0,-24,14,-69,0,20,15,-23,0,76,15,-11,0,121,15,-28,0,-108,15,-61,0,-102,15,-107,0,-126,15,94,0,100,15,48,0,68,15,24,0,55,15,20,0,71,15,20,0,0,0,0,0,-123,15,-8,15,-86,15,-62,15,-74,15,119,15,-88,15,44,15,-123,15,-7,14,103,15,-13,14,77,15,14,15,77,15,53,15,83,15,97,15,101,15,122,15,-128,15,127,15,-94,15,117,15,-84,15]"
CSI_DATA,121603,d8:b1:90:d9:de:f0,-37,9,-99,-36,39,104,-1686121855,214,0,106,0,"[34,0,46,16,30,0,-51,15,-5,16,-93,15,-43,16,-83,15,-63,16,-44,15,-57,16,-2,15,-37,16,44,16,4,0,86,16,76,0,133,16,-139,0,-113,16,-89,0,-84,16,-71,0,-72,16,-77,0,-56,16,0,0,0,0,135,0,17,0,83,0,76,0,42,0,-117,0,17,0,-25,0,12,0,39,1,16,0,62,1,31,0,49,1,38,0,14,1,31,0,-22,0,7,0,-59,0,-21,16,-88,0,-77,16,-113,0,-105,16]"
CSI_DATA,121604,d8:b1:90:d9:de:f0,-37,9,-99,-34,38,104,-1686121692,214,0,106,0,"[149,0,-101,0,-61,0,-53,0,14,1,-84,0,43,1,-144,0,30,1,87,0,1,1,48,0,-38,0,32,0,-82,0,43,0,-123,0,92,0,-150,0,-150,0,148,0,-114,0,149,0,-106,0,141,0,-117,0,0,0,0,0,87,0,142,0,20,0,137,0,-58,17,-115,0,-108,17,-64,0,-121,17,-1,0,-108,17,36,1,-59,17,40,1,-17,17,14,1,7,0,-23,0,16,0,-57,0,2,0,-83,0,-32,17,-95,0,-40,17]"
CSI_DATA,121605,d8:b1:90:d9:de:f0,-37,9,-99,-36,39,104,-1686121511,214,0,106,0,"[42,16,-17,16,-47,15,2,0,-81,15,43,0,-60,15,86,0,-30,15,100,0,12,16,94,0,48,16,76,0,80,16,32,0,107,16,-40,16,129,16,-102,16,142,16,132,16,-132,16,109,16,-106,16,111,16,0,0,0,0,-22,16,-132,16,48,0,-118,16,133,0,-122,16,-71,0,-140,16,-12,0,124,16,4,1,112,16,-12,0,104,16,-39,0,120,16,-72,0,133,16,-92,0,-132,16,-98,0,-92,16,-95,0,-48,16,-97,0]"
CSI_DATA,121606,d8:b1:90:d9:de:f0,-38,9,-99,-34,39,104,-1686121375,214,0,106,0,"[131,0,-77,0,-69,0,-28,0,-19,0,-27,0,-4,0,-62,0,-8,0,-94,0,-30,0,-133,0,-68,0,123,0,-118,0,127,0,84,0,-121,0,26,0,-97,0,-13,15,-68,0,-39,15,-61,0,-43,15,-77,0,0,0,0,0,-75,15,111,0,-111,15,49,0,100,15,-12,15,27,15,-50,15,-25,14,-65,15,-47,14,-60,15,-40,14,-43,15,-9,14,-33,15,24,15,-21,15,45,15,-29,15,81,15,-54,15,104,15,-81,15,116,15]"
CSI_DATA,121607,d8:b1:90:d9:de:f0,-37,9,-99,-36,39,104,-1686121230,214,0,106,0,"[-43,0,-32,16,35,1,-72,16,59,1,-126,16,31,1,125,16,-8,0,107,16,-50,0,113,16,-84,0,142,16,-98,0,-95,16,-104,0,-25,16,-100,0,43,0,-99,0,94,0,-99,0,111,0,-114,0,115,0,0,0,0,0,83,0,113,0,12,0,124,0,-67,16,-118,0,-127,16,-62,0,126,16,-11,0,133,16,14,1,-139,16,12,1,-113,16,-7,0,-94,16,-39,0,-86,16,-68,0,-99,16,-104,0,-123,16,-132,0,-133,16]"
CSI_DATA,121608,d8:b1:90:d9:de:f0,-38,11,-99,-37,40,104,-1685913735,277,0,106,0,"[-74,0,117,0,2,1,-128,0,54,1,101,0,56,1,63,0,29,1,25,0,-6,0,-3,15,-40,0,5,0,-82,0,32,0,-119,0,85,0,115,0,-123,0,94,0,-78,0,89,0,-65,0,83,0,-80,0,0,0,0,0,33,0,-117,0,-32,15,116,0,-119,15,127,0,71,15,-114,0,30,15,-85,0,22,15,-56,0,41,15,-52,0,74,15,-56,0,102,15,-74,0,112,15,-100,0,113,15,-131,0,103,15,107,0,99,15]"
CSI_DATA,121609,d8:b1:90:d9:de:f0,-37,9,-99,-37,39,104,-1685913254,130,0,106,0,"[19,0,-49,0,64,0,28,1,140,0,46,1,-106,0,10,1,-87,0,-41,0,-97,0,-94,0,-120,0,-122,0,124,0,-132,0,64,0,-123,0,5,0,-94,0,-27,17,-62,0,-33,17,-50,0,-30,17,-71,0,0,0,0,0,-39,17,-139,0,-86,17,106,0,121,17,77,0,45,17,75,0,-13,16,93,0,-26,16,128,0,-3,16,-142,0,40,17,-130,0,77,17,-135,0,98,17,-145,0,106,17,122,0,106,17,92,0,105,17]"
CSI_DATA,121610,d8:b1:90:d9:de:f0,-39,11,-99,-36,40,104,-1685495936,277,0,106,0,"[111,15,-96,15,35,15,125,15,-32,14,-111,15,-56,14,-60,15,-49,14,-7,15,-16,14,27,0,24,15,43,0,67,15,24,0,108,15,-30,15,-128,15,-95,15,121,15,109,15,105,15,86,15,93,15,102,15,0,0,0,0,-110,15,-89,15,-43,15,-84,15,42,0,-114,15,105,0,75,15,123,0,1,15,106,0,-43,14,61,0,-50,14,17,0,-22,14,-6,15,13,15,-17,15,46,15,8,0,78,15,42,0,93,15,59,0]"
CSI_DATA,121611,d8:b1:90:d9:de:f0,-38,9,-99,-35,39,104,-1685495482,130,0,106,0,"[-91,0,0,0,4,1,6,0,63,1,-20,16,66,1,-58,16,46,1,-88,16,3,1,-104,16,-37,0,-87,16,-74,0,-46,16,-112,0,29,0,-139,0,110,0,129,0,-99,0,-138,0,-62,0,135,0,-67,0,0,0,0,0,80,0,135,0,5,0,105,0,-93,16,90,0,78,16,104,0,3,16,-134,0,-16,15,-101,0,2,16,-85,0,33,16,-88,0,74,16,-102,0,100,16,-139,0,102,16,89,0,95,16,40,0,81,16]"
CSI_DATA,121612,d8:b1:90:d9:de:f0,-39,9,-99,-35,40,104,-1685495347,113,0,106,0,"[1,0,77,14,6,0,-6,13,-23,14,-58,13,-64,14,-60,13,-89,14,-35,13,-94,14,-2,13,-85,14,34,14,-46,14,69,14,9,0,99,14,90,0,120,14,-100,0,-121,14,-70,0,117,14,-73,0,113,14,0,0,0,0,118,0,-84,14,89,0,-14,14,91,0,81,0,117,0,-78,0,-91,0,-18,0,-59,0,-2,0,-44,0,-25,0,-43,0,-61,0,-64,0,-92,0,-98,0,-113,0,109,0,-112,0,63,0,-94,0,38,0]"
CSI_DATA,121613,d8:b1:90:d9:de:f0,-40,11,-99,-33,41,104,-1685308885,100,0,228,0,"[9,4,13,6,16,7,17,9,19,12,19,13,19,15,89,36,16,17,14,17,13,17,11,17,10,15,9,14,8,13,8,12,8,10,8,8,9,6,10,4,11,1,-27,-24,13,0,13,-1,14,-2,13,-2,13,-3,13,-3,0,0,11,-4,9,-4,8,-6,8,-8,6,-9,5,-12,67,0,4,-16,4,-17,4,-19,4,-20,5,-21,5,-20,6,-19,6,-18,6,-17,7,-16,6,-15,6,-15,6,-13,72,0,4,-13,3,-13,1,-13,0,-13,0,-12,0,-11,0,-10,-3,9,5,10,12,5,13,-4,6,-13,-4,-12,-11,-4,8,22,-1,9,6,6,9,-1,4,-9,-5,-11,-14,-4,-14,8,-5,17,9,19,23,7,23,-10,10,-25,-10,-25,-11,-12,-24,7,-12,20,5,21,17,9,16,-4,6,-13,0,0,-11,-2,-8,7,1,11,10,6,12,-4,4,-13,-1,-27,-13,-4,-13,7,-4,13,6,10,10,1,7,-5,0,-7,-6,-3,-5,4,0,8,8,4,11,-3,5,-13,0,-29,-16,-8,-21,4,-13,18,1,22,15,16,21,3,16,-9]"
CSI_DATA,121614,d8:b1:90:d9:de:f0,-37,11,-99,-35,38,104,-1685287037,277,0,106,0,"[-100,0,149,18,-40,0,72,18,-41,0,11,18,-73,0,-4,17,-110,0,8,18,-148,0,41,18,154,0,91,18,-146,0,152,18,-124,0,-88,18,-99,0,-8,18,-83,0,53,0,-94,0,77,0,-119,0,84,0,0,0,0,0,96,0,117,0,19,0,144,0,-64,18,-105,0,-129,18,-44,0,152,18,-2,0,141,18,15,1,152,18,2,1,-144,18,-20,0,-134,18,-52,0,-138,18,-92,0,-151,18,-135,0,146,18,148,0,134,18]"
CSI_DATA,121615,d8:b1:90:d9:de:f0,-37,9,-99,-33,38,104,-1685286556,101,0,106,0,"[129,0,-79,0,-91,0,-18,0,-27,0,-21,0,-8,0,-60,0,-11,0,-102,0,-41,0,146,0,-77,0,132,0,-130,0,137,0,100,0,-136,0,39,0,-107,0,-4,17,-80,0,-24,17,-76,0,-30,17,-99,0,0,0,0,0,-76,17,123,0,-127,17,65,0,91,17,17,0,20,17,-9,17,-35,16,-13,17,-50,16,-2,17,-31,16,8,0,-3,16,24,0,28,17,24,0,50,17,9,0,68,17,-13,17,93,17,-39,17,109,17]"
CSI_DATA,121616,d8:b1:90:d9:de:f0,-37,9,-99,-37,39,104,-1685257808,108,0,106,0,"[-65,17,-69,0,-71,17,20,1,-36,17,70,1,2,0,73,1,28,0,40,1,48,0,8,1,39,0,-33,0,9,0,-69,0,-49,17,-101,0,-113,17,-123,0,131,17,-145,0,112,17,140,0,131,17,121,0,0,0,0,0,-123,17,60,0,-97,17,-25,17,-109,17,-125,17,-128,17,81,17,125,17,26,17,98,17,8,17,86,17,31,17,83,17,53,17,91,17,83,17,115,17,92,17,142,17,97,17,-131,17,92,17,-109,17]"
CSI_DATA,121617,d8:b1:90:d9:de:f0,-37,9,-99,-36,39,104,-1685077665,113,0,106,0,"[114,16,71,16,13,16,53,16,-54,15,98,16,-58,15,-123,16,-38,15,-68,16,10,16,-29,16,49,16,-20,16,97,16,-37,16,-136,16,-81,16,-100,16,-125,16,-79,16,129,16,-61,16,125,16,-46,16,142,16,0,0,0,0,37,0,-102,16,113,0,-80,16,-84,0,-89,16,-16,0,-117,16,15,1,130,16,16,1,100,16,-15,0,89,16,-53,0,106,16,-93,0,121,16,-105,0,135,16,-112,0,-118,16,-109,0,-87,16,-112,0]"
CSI_DATA,121618,d8:b1:90:d9:de:f0,-35,9,-99,-33,36,104,-1685040889,224,0,106,0,"[141,0,71,21,110,0,-58,20,11,0,-116,20,-74,21,-87,20,-129,21,-33,20,-141,21,34,21,-130,21,88,21,-79,21,117,21,-8,21,130,21,71,0,129,21,110,0,125,21,114,0,130,21,114,0,164,21,0,0,0,0,123,0,-100,21,168,0,-24,21,-100,0,37,0,-5,0,61,0,61,1,49,0,90,1,7,0,62,1,-34,21,15,1,-62,21,-39,0,-75,21,-78,0,-62,21,-91,0,-26,21,-94,0,1,0,-94,0]"
CSI_DATA,121619,d8:b1:90:d9:de:f0,-37,9,-99,-35,38,104,-1684659884,98,0,106,0,"[-61,0,-91,18,4,1,140,18,-7,0,62,18,-67,0,14,18,-133,0,7,18,127,0,26,18,89,0,67,18,97,0,121,18,133,0,-134,18,-133,0,-90,18,-97,0,-69,18,-83,0,-69,18,-91,0,-64,18,0,0,0,0,-152,0,-8,18,-155,0,59,0,-136,0,130,0,-89,0,-121,0,-39,0,-94,0,-6,0,-107,0,-2,0,-145,0,-14,0,129,0,-42,0,92,0,-70,0,74,0,-100,0,80,0,-123,0,103,0,-139,0]"
CSI_DATA,121620,d8:b1:90:d9:de:f0,-37,9,-99,-33,38,104,-1684659744,130,0,106,0,"[-102,0,-129,0,-3,0,-118,0,61,1,121,0,71,1,55,0,40,1,-2,17,-6,0,-46,17,-49,0,-47,17,-92,0,-24,17,-125,0,31,0,-132,0,94,0,-128,0,136,0,-123,0,143,0,-124,0,132,0,0,0,0,0,102,0,124,0,49,0,-147,0,1,0,-81,0,-18,17,-18,0,-3,17,34,1,27,0,56,1,65,0,34,1,90,0,-9,0,97,0,-46,0,94,0,-71,0,72,0,-91,0,49,0,-98,0,33,0]"
CSI_DATA,121621,d8:b1:90:d9:de:f0,-37,9,-99,-35,38,104,-1684659591,98,0,106,0,"[-44,0,-4,18,47,1,-36,18,79,1,-96,18,52,1,-123,18,13,1,-140,18,-41,0,-135,18,-68,0,-106,18,-97,0,-48,18,-124,0,23,0,-146,0,110,0,-156,0,-144,0,150,0,-118,0,130,0,-124,0,0,0,0,0,33,0,-145,0,-39,18,-152,0,-141,18,-139,0,89,18,-111,0,41,18,-83,0,31,18,-67,0,48,18,-72,0,84,18,-89,0,103,18,-119,0,113,18,-149,0,112,18,118,0,113,18,73,0,105,18]"
CSI_DATA,121622,d8:b1:90:d9:de:f0,-37,9,-99,-37,39,104,-1684659468,98,0,106,0,"[102,0,62,17,106,0,-26,16,69,0,-70,16,33,0,-70,16,1,0,-42,16,-15,17,1,17,-3,17,49,17,34,0,93,17,91,0,142,17,-144,0,-113,17,-93,0,-83,17,-72,0,-68,17,-81,0,-49,17,0,0,0,0,-143,0,15,0,130,0,84,0,120,0,-123,0,121,0,-38,0,132,0,13,1,144,0,23,1,-147,0,9,1,-147,0,-28,0,127,0,-55,0,102,0,-75,0,62,0,-88,0,20,0,-97,0,-8,17]"
CSI_DATA,121623,d8:b1:90:d9:de:f0,-37,9,-99,-35,38,104,-1684659345,756,0,106,0,"[139,18,111,18,50,18,63,18,-15,17,80,18,-26,17,124,18,-15,17,-140,18,23,18,-107,18,64,18,-90,18,130,18,-111,18,-116,18,-145,18,-56,18,117,18,-4,18,81,18,11,0,66,18,20,0,90,18,0,0,0,0,68,0,-156,18,129,0,-100,18,-94,0,-64,18,-15,0,-37,18,42,1,-42,18,55,1,-57,18,35,1,-59,18,-1,0,-68,18,-34,0,-67,18,-61,0,-44,18,-85,0,-11,18,-99,0,28,0,-113,0]"
CSI_DATA,121624,d8:b1:90:d9:de:f0,-33,11,-99,-36,35,104,-1684308862,100,0,114,0,"[37,28,39,35,39,39,37,44,35,48,32,48,26,48,24,48,23,44,19,44,19,42,17,42,17,44,17,44,17,48,17,49,17,51,17,53,17,55,17,55,16,58,16,58,14,58,14,56,10,55,8,56,8,53,8,53,0,0,5,49,5,51,3,53,1,53,0,56,0,56,-1,56,-1,56,-1,55,-3,51,-5,51,-5,49,-5,48,-5,46,-5,44,-7,44,-8,40,-8,42,-8,42,-12,44,-12,46,-16,46,-17,46,-23,46,-24,44,-26,42,-28,39,-28,32]"
CSI_DATA,121625,d8:b1:90:d9:de:f0,-36,11,-99,-35,38,104,-1684033640,277,0,106,0,"[39,18,-132,18,-40,17,-110,18,-77,17,-48,18,-55,17,15,0,-15,17,62,0,42,18,79,0,83,18,66,0,102,18,33,0,106,18,-33,18,95,18,-75,18,74,18,-108,18,75,18,-113,18,96,18,-97,18,0,0,0,0,151,18,-118,18,-135,18,138,18,-128,18,74,18,-151,18,18,18,121,18,-13,17,92,18,8,18,84,18,52,18,96,18,103,18,113,18,138,18,128,18,151,18,-155,18,150,18,-138,18,140,18,-135,18]"
CSI_DATA,121626,d8:b1:90:d9:de:f0,-37,9,-99,-36,39,104,-1684033141,98,0,106,0,"[-89,0,96,16,-65,0,23,16,-89,0,-14,15,-132,0,-20,15,118,0,5,16,88,0,43,16,90,0,89,16,113,0,136,16,-135,0,-96,16,-84,0,-59,16,-53,0,-29,16,-48,0,-20,16,-74,0,-6,16,0,0,0,0,-112,0,56,0,-140,0,120,0,-135,0,-86,0,-122,0,-26,0,-95,0,1,1,-84,0,-5,0,-89,0,-39,0,-115,0,-77,0,-135,0,-103,0,116,0,-105,0,83,0,-106,0,52,0,-93,0,38,0]"
CSI_DATA,121627,d8:b1:90:d9:de:f0,-37,9,-99,-35,38,104,-1684033027,130,0,106,0,"[20,18,-12,18,-47,17,22,0,-70,17,74,0,-34,17,110,0,8,18,129,0,66,18,112,0,92,18,80,0,103,18,29,0,108,18,-47,18,101,18,-108,18,94,18,-152,18,96,18,150,18,123,18,-152,18,0,0,0,0,-111,18,146,18,-41,18,108,18,6,0,42,18,34,0,-18,17,33,0,-57,17,22,0,-61,17,2,0,-37,17,-9,18,11,18,-7,18,56,18,9,0,81,18,46,0,100,18,84,0,114,18,96,0]"
CSI_DATA,121628,d8:b1:90:d9:de:f0,-36,9,-99,-34,37,104,-1683992610,98,0,106,0,"[13,0,6,1,46,0,74,1,96,0,84,1,122,0,50,1,125,0,0,1,110,0,-56,0,78,0,-86,0,17,0,-104,0,-60,20,-128,0,-136,20,-141,0,150,20,-158,0,128,20,169,0,132,20,142,0,0,0,0,0,118,20,60,0,109,20,-18,20,60,20,-100,20,17,20,-158,20,-18,18,160,20,-32,18,162,20,-5,18,-154,20,32,20,-125,20,73,20,-112,20,125,20,-112,20,-169,20,-132,20,-130,20,-166,20,-110,20]"
CSI_DATA,121629,d8:b1:90:d9:de:f0,-37,9,-99,-33,38,104,-1683824277,98,0,106,0,"[-36,0,138,17,11,1,54,17,-4,0,-4,16,-61,0,-11,16,-110,0,5,17,140,0,46,17,114,0,103,17,106,0,-122,17,112,0,-43,17,120,0,38,0,129,0,95,0,129,0,118,0,106,0,120,0,0,0,0,0,-8,17,116,0,-95,17,129,0,103,17,-139,0,31,17,-86,0,-8,16,-35,0,10,17,-19,0,47,17,-31,0,91,17,-54,0,128,17,-91,0,-135,17,-139,0,-124,17,93,0,-130,17,34,0,-137,17]"
CSI_DATA,121630,d8:b1:90:d9:de:f0,-37,9,-99,-34,38,104,-1683824128,108,0,106,0,"[7,0,2,1,46,0,77,1,96,0,95,1,124,0,67,1,143,0,17,1,122,0,-36,0,96,0,-87,0,34,0,-123,0,-35,17,140,0,-111,17,108,0,134,17,82,0,114,17,66,0,124,17,41,0,0,0,0,0,-116,17,-51,17,-98,17,-136,17,-91,17,66,17,-101,17,-24,16,-121,17,-77,16,-140,17,-77,16,-141,17,-45,16,-146,17,11,17,-122,17,61,17,-84,17,102,17,-34,17,130,17,21,0,-152,17,58,0]"
CSI_DATA,121631,d8:b1:90:d9:de:f0,-37,9,-99,-36,39,104,-1683824019,98,0,106,0,"[121,16,-49,0,124,16,41,1,-126,16,83,1,-77,16,81,1,-38,16,40,1,-19,16,-10,0,-19,16,-71,0,-44,16,-135,0,-85,16,81,0,-139,16,20,0,112,16,-17,16,100,16,-28,16,115,16,-34,16,0,0,0,0,-79,16,-90,16,-15,16,-143,16,39,0,51,16,63,0,-37,15,52,0,-87,15,30,0,-99,15,2,0,-68,15,-20,16,-16,15,-23,16,35,16,-10,16,89,16,26,0,-142,16,77,0,-111,16,107,0]"
CSI_DATA,121632,d8:b1:90:d9:de:f0,-36,9,-99,-35,37,104,-1683793376,120,0,106,0,"[54,20,168,0,-26,19,-113,0,-41,19,-64,0,-16,19,-78,0,24,20,-109,0,89,20,-116,0,120,20,174,0,155,20,93,0,-163,20,-4,20,-119,20,-90,20,-78,20,-170,20,-50,20,146,20,-20,20,166,20,0,0,0,0,82,0,-105,20,159,0,-31,20,-86,0,52,0,4,1,108,0,83,1,131,0,96,1,129,0,49,1,116,0,0,1,105,0,-49,0,87,0,-118,0,96,0,153,0,102,0,87,0,119,0,26,0]"
CSI_DATA,121633,d8:b1:90:d9:de:f0,-36,9,-99,-36,38,104,-1683793155,120,0,106,0,"[-123,18,-35,0,-133,18,52,1,-114,18,98,1,-91,18,85,1,-71,18,46,1,-56,18,-5,0,-64,18,-60,0,-83,18,-128,0,-113,18,105,0,-140,18,16,0,-161,18,-55,18,157,18,-98,18,-138,18,-112,18,0,0,0,0,-21,18,-125,18,76,0,-133,18,-134,0,-161,18,-36,0,122,18,22,1,88,18,32,1,76,18,1,1,84,18,-46,0,105,18,-91,0,139,18,-127,0,-135,18,159,0,-75,18,133,0,-7,18,123,0]"
CSI_DATA,121634,d8:b1:90:d9:de:f0,-38,11,-99,-35,39,104,-1683406941,277,0,106,0,"[113,16,88,0,31,16,137,0,-8,15,-98,0,-3,15,-78,0,19,16,-82,0,43,16,-100,0,62,16,-122,0,99,16,115,0,135,16,42,0,-100,16,-45,16,-62,16,-118,16,-41,16,118,16,-31,16,117,16,0,0,0,0,-16,16,-100,16,22,0,-8,16,81,0,91,0,-131,0,-90,0,-67,0,-30,0,-22,0,4,1,-10,0,-18,0,-20,0,-39,0,-41,0,-68,0,-71,0,-92,0,-127,0,-118,0,81,0,-130,0,15,0]"
CSI_DATA,121635,d8:b1:90:d9:de:f0,-39,9,-99,-34,40,104,-1683406479,101,0,106,0,"[6,0,-70,0,25,0,11,0,56,0,50,0,82,0,57,0,93,0,34,0,98,0,13,0,84,0,-21,0,58,0,-64,0,11,0,-111,0,-50,14,78,0,-106,14,38,0,96,14,17,0,90,14,10,0,0,0,0,0,-78,14,0,0,-8,14,-20,14,82,0,-74,14,-84,0,98,14,-30,0,28,14,-19,0,-13,13,-41,0,-21,13,-70,0,-22,13,-98,0,-10,13,-120,0,22,14,103,0,72,14,103,0,-115,14,108,0]"
CSI_DATA,121636,d8:b1:90:d9:de:f0,-41,11,-99,-37,43,104,-1683308846,100,0,228,0,"[-2,5,-2,8,-4,11,-6,14,-8,16,-10,17,-12,18,79,32,-13,17,-13,16,-13,15,-13,14,-12,13,-11,12,-10,11,-9,10,-7,10,-5,8,-2,7,0,6,2,5,-24,-21,6,3,7,2,8,2,8,2,8,2,8,1,0,0,5,1,2,0,0,0,-2,-2,-4,-3,-8,-5,-79,10,-12,-10,-14,-11,-15,-13,-16,-14,-16,-15,-16,-15,-15,-15,-14,-15,-13,-14,-12,-13,-11,-12,-10,-11,-9,-10,86,10,-8,-6,-8,-5,-8,-2,-8,-1,-7,0,-7,1,-6,1,-3,-4,-8,0,-7,5,0,9,5,8,8,1,5,-4,-12,13,-2,-1,0,1,2,1,4,-2,0,-8,-6,-8,-13,-1,-12,10,-2,18,13,17,24,2,21,-15,4,-26,-10,-18,-24,-5,-20,12,-4,21,10,16,16,3,10,-8,0,0,-6,-5,-6,2,0,5,5,2,5,-3,0,-8,-16,-14,-9,0,-6,7,0,8,5,4,5,0,2,-1,0,0,2,1,5,0,5,-5,0,-9,-7,-9,-14,-1,-23,1,-4,18,10,19,21,8,21,-8,10,-19,-5,-20,-14,-10]"
CSI_DATA,121637,d8:b1:90:d9:de:f0,-38,11,-99,-36,40,104,-1682989143,277,0,106,0,"[108,0,93,15,-116,0,16,15,-106,0,-37,14,-115,0,-44,14,-122,0,-33,14,120,0,-5,14,119,0,27,15,113,0,82,15,98,0,-98,15,84,0,-9,15,67,0,72,0,52,0,120,0,49,0,-123,0,0,0,0,0,22,0,87,0,-15,15,4,0,-73,15,-81,15,127,15,81,15,74,15,17,15,42,15,-13,14,39,15,-12,14,41,15,10,15,62,15,37,15,98,15,60,15,-110,15,92,15,-45,15,117,15,15,0]"
CSI_DATA,121638,d8:b1:90:d9:de:f0,-39,9,-99,-34,40,104,-1682988671,130,0,106,0,"[62,0,67,14,54,0,-25,13,32,0,-76,13,3,0,-82,13,-15,14,-63,13,-19,14,-32,13,-19,14,3,14,-14,14,59,14,13,0,-113,14,48,0,-31,14,87,0,31,0,118,0,70,0,-113,0,78,0,0,0,0,0,70,0,32,0,0,0,-2,14,-101,14,-26,14,34,14,-32,14,-50,13,-17,14,-95,13,-1,14,-92,13,26,0,-62,13,45,0,-25,13,58,0,16,14,50,0,69,14,31,0,-114,14,-17,14,-73,14]"
CSI_DATA,121639,d8:b1:90:d9:de:f0,-39,9,-99,-34,40,104,-1682988545,113,0,106,0,"[-83,14,-81,0,-102,14,5,0,-97,14,58,0,-74,14,72,0,-50,14,54,0,-43,14,32,0,-35,14,-1,0,-40,14,-55,0,-56,14,116,0,-77,14,27,0,-98,14,-45,14,-117,14,-87,14,-120,14,-101,14,0,0,0,0,-72,14,-65,14,-5,14,-26,14,93,0,5,0,-45,0,29,0,38,0,26,0,85,0,9,0,88,0,-3,14,71,0,-17,14,35,0,-28,14,-6,0,-30,14,-64,0,-6,14,-116,0,33,0,80,0]"
CSI_DATA,121640,d8:b1:90:d9:de:f0,-39,9,-99,-36,41,104,-1682988400,98,0,106,0,"[-109,0,-101,0,-41,0,-63,0,11,0,-57,0,27,0,-77,0,23,0,-95,0,2,0,106,0,-27,0,90,0,-73,0,81,0,86,0,72,0,8,0,71,0,-64,13,75,0,-106,13,81,0,113,13,83,0,0,0,0,0,-70,13,55,0,-16,13,-6,13,24,0,-88,13,60,0,48,13,73,0,-31,12,62,0,-72,12,40,0,-75,12,19,0,-58,12,2,0,-28,12,2,0,10,13,12,0,62,13,39,0,-107,13,74,0]"
CSI_DATA,121641,d8:b1:90:d9:de:f0,-39,9,-99,-36,41,104,-1682779744,98,0,106,0,"[55,0,80,13,83,0,7,13,94,0,-33,12,103,0,-48,12,105,0,-32,12,105,0,-17,12,104,0,15,13,98,0,65,13,90,0,-94,13,67,0,-7,13,44,0,69,0,28,0,-106,0,17,0,-90,0,0,0,0,0,24,0,90,0,19,0,15,0,11,0,-86,13,-1,13,37,13,-20,13,-49,12,-32,13,-92,12,-32,13,-94,12,-32,13,-80,12,-31,13,-51,12,-15,13,-6,12,12,0,54,13,48,0,-113,13,87,0]"
CSI_DATA,121642,d8:b1:90:d9:de:f0,-40,9,-99,-35,41,104,-1682779639,98,0,106,0,"[-4,12,-76,0,-2,12,-5,0,3,0,42,0,-5,12,50,0,-7,12,48,0,-10,12,25,0,-24,12,2,0,-38,12,-40,0,-50,12,-105,0,-55,12,36,0,-64,12,-42,12,-71,12,-95,12,-69,12,101,12,0,0,0,0,-44,12,-72,12,-19,12,-7,12,22,0,75,0,75,0,-62,0,-95,0,7,0,-64,0,39,0,-59,0,41,0,-61,0,21,0,-83,0,-1,0,-110,0,-29,0,69,0,-62,0,12,0,-109,0,-50,12]"
CSI_DATA,121643,d8:b1:90:d9:de:f0,-38,9,-99,-35,40,104,-1682758552,113,0,106,0,"[117,0,114,0,-63,0,-78,0,-9,0,-65,0,2,0,-68,0,10,0,-81,0,3,0,-112,0,-18,0,119,0,-60,0,109,0,119,0,98,0,31,0,95,0,-56,14,95,0,-111,14,112,0,123,14,122,0,0,0,0,0,-74,14,96,0,-18,14,34,0,33,0,-59,14,66,0,74,14,63,0,-33,13,38,0,-92,13,3,0,-102,13,-24,14,-86,13,-41,14,-50,13,-45,14,-4,13,-23,14,48,14,16,0,107,14,71,0]"
CSI_DATA,121644,d8:b1:90:d9:de:f0,-41,11,-99,-37,43,104,-1682362444,277,0,106,0,"[79,10,72,10,4,10,67,10,-40,10,-88,10,-45,10,-52,10,-29,10,-17,10,2,10,-3,10,34,10,3,0,76,10,-8,10,-61,10,-42,10,-16,10,-84,10,11,0,63,10,18,0,40,10,13,0,46,10,0,0,0,0,-16,10,-75,10,4,0,-13,10,37,0,56,0,88,0,-61,0,-46,0,-28,0,-10,0,-18,0,3,0,-35,0,0,0,-61,0,-20,0,-80,0,-44,0,-91,0,-86,0,-83,0,61,0,-61,0,42,0]"
CSI_DATA,121645,d8:b1:90:d9:de:f0,-42,9,-99,-34,43,104,-1682361963,98,0,106,0,"[37,10,-47,10,-25,9,-35,10,-52,9,-8,10,-48,9,10,0,-26,9,20,0,1,10,20,0,32,10,14,0,70,10,-6,10,-52,10,-41,10,-6,10,-74,10,28,0,67,10,49,0,50,10,52,0,54,10,0,0,0,0,22,0,-60,10,10,0,-7,10,-1,10,62,0,-3,10,-36,0,-1,10,23,0,5,0,52,0,9,0,48,0,4,0,30,0,0,0,11,0,-14,10,-16,0,-48,10,-46,0,84,10,-76,0,52,10]"
CSI_DATA,121646,d8:b1:90:d9:de:f0,-41,9,-99,-37,43,104,-1682361858,756,0,106,0,"[-32,0,-4,10,24,0,-42,10,40,0,-83,10,26,0,80,10,0,0,77,10,-26,0,-93,10,-53,0,-72,10,-83,0,-34,10,71,0,16,0,40,0,74,0,17,0,-66,0,8,0,-44,0,5,0,-49,0,0,0,0,0,11,0,80,0,-1,10,12,0,-34,10,-61,10,-66,10,53,10,92,10,0,10,70,10,-21,10,66,10,-16,10,69,10,-3,10,85,10,17,10,-69,10,32,10,-24,10,45,10,29,0,49,10,69,0]"
CSI_DATA,121647,d8:b1:90:d9:de:f0,-42,9,-99,-34,43,104,-1682361507,108,0,106,0,"[-32,0,-39,10,5,0,78,10,10,0,36,10,-13,0,19,10,-42,0,19,10,-60,0,40,10,-82,0,64,10,74,0,-67,10,65,0,-12,10,62,0,43,0,63,0,-82,0,68,0,-59,0,65,0,-60,0,0,0,0,0,44,0,51,0,0,10,10,0,-56,10,-29,10,50,10,-65,10,-7,9,-81,10,-38,9,-82,10,-38,9,-72,10,-24,9,-58,10,-1,9,-53,10,24,10,-54,10,58,10,-76,10,-74,10,64,10,-55,10]"
CSI_DATA,121648,d8:b1:90:d9:de:f0,-42,9,-99,-36,43,104,-1682361398,130,0,106,0,"[-38,0,34,0,26,0,7,0,49,0,-32,10,38,0,-58,10,14,0,-72,10,-19,0,-67,10,-47,0,-56,10,-82,0,-22,10,63,0,26,0,31,0,79,0,14,0,-53,0,10,0,-28,0,12,0,-32,0,0,0,0,0,16,0,79,0,-4,10,22,0,-42,10,-45,10,89,10,74,10,38,10,36,10,8,10,25,10,0,9,34,10,9,10,55,10,34,10,70,10,60,10,76,10,-74,10,70,10,-26,10,54,10,2,0]"
CSI_DATA,121649,d8:b1:90:d9:de:f0,-40,11,-99,-36,42,104,-1682309201,100,0,114,0,"[7,-18,10,-18,11,-19,13,-18,13,-18,13,-16,13,-16,12,-15,12,-14,12,-13,11,-13,11,-14,12,-14,11,-14,12,-15,13,-15,12,-15,13,-17,13,-17,14,-18,13,-19,14,-19,14,-19,13,-19,14,-19,13,-18,13,-18,13,-18,0,0,13,-18,14,-18,14,-19,14,-19,14,-19,14,-19,15,-19,15,-20,14,-19,15,-19,14,-19,14,-19,13,-18,12,-17,11,-18,11,-16,11,-16,11,-17,12,-18,14,-18,15,-19,15,-20,17,-19,18,-20,19,-19,20,-18,19,-17,19,-13]"
CSI_DATA,121650,d8:b1:90:d9:de:f0,-39,11,-99,-36,41,104,-1681735746,277,0,106,0,"[-90,13,-99,13,75,13,68,13,22,13,49,13,-8,12,60,13,-16,12,77,13,-7,12,104,13,10,13,-104,13,50,13,-93,13,-110,13,-90,13,-23,13,-99,13,51,0,112,13,90,0,97,13,96,0,87,13,0,0,0,0,56,0,112,13,23,0,-40,13,11,0,57,0,11,0,-65,0,39,0,8,0,73,0,57,0,103,0,61,0,-105,0,40,0,-103,0,6,0,108,0,-26,0,73,0,-58,0,24,0,-81,0,-24,13]"
CSI_DATA,121651,d8:b1:90:d9:de:f0,-40,9,-99,-36,41,104,-1681735292,98,0,106,0,"[-92,0,24,0,-6,0,34,0,43,0,21,0,61,0,9,0,56,0,-1,13,34,0,-2,13,5,0,-3,13,-45,0,9,0,-110,0,40,0,34,0,72,0,-36,13,105,0,-81,13,-96,0,-96,13,-92,0,0,0,0,0,-51,13,95,0,-8,13,32,0,33,0,-57,13,67,0,70,13,82,0,-16,12,80,0,-60,12,71,0,-69,12,57,0,-53,12,47,0,-24,12,48,0,12,13,58,0,65,13,85,0,-102,13,-114,0]"
CSI_DATA,121652,d8:b1:90:d9:de:f0,-39,9,-99,-36,41,104,-1681735169,98,0,106,0,"[-94,0,8,0,-12,0,1,0,38,0,-33,13,52,0,-72,13,32,0,-103,13,9,0,112,13,-17,0,110,13,-56,0,-103,13,-97,0,-45,13,101,0,22,0,87,0,96,0,90,0,-90,0,97,0,-81,0,0,0,0,0,85,0,83,0,31,0,34,0,-57,13,3,0,66,13,-11,13,-15,12,8,0,-63,12,46,0,-65,12,85,0,-41,12,113,0,-1,12,-98,0,32,13,-107,0,66,13,91,0,84,13,39,0,88,13]"
CSI_DATA,121653,d8:b1:90:d9:de:f0,-40,9,-99,-33,41,104,-1681735019,98,0,106,0,"[67,0,-96,0,-100,0,-29,0,-64,0,1,0,-43,0,8,0,-44,0,0,0,-49,0,-17,0,-72,0,-33,0,98,0,-58,0,38,0,-89,0,-33,12,83,0,-102,12,56,0,62,12,39,0,49,12,30,0,0,0,0,0,-104,12,25,0,-42,12,1,0,44,0,-37,12,-85,0,-90,12,-24,0,65,12,3,0,30,12,0,0,14,12,-14,0,13,12,-35,0,33,12,-53,0,62,12,-69,0,-98,12,-77,0,-42,12,-80,0]"
CSI_DATA,121654,d8:b1:90:d9:de:f0,-39,9,-99,-35,40,104,-1681678147,130,0,106,0,"[86,14,32,0,5,14,59,0,-33,13,96,0,-31,13,120,0,-22,13,-103,0,11,14,-101,0,34,14,-102,0,66,14,117,0,104,14,60,0,-105,14,-13,14,-82,14,-85,14,-73,14,106,14,-73,14,94,14,0,0,0,0,-67,14,-114,14,-12,14,-56,14,67,0,-6,14,-81,0,32,0,10,0,39,0,66,0,22,0,74,0,-5,14,58,0,-30,14,27,0,-47,14,2,0,-54,14,-44,0,-35,14,-89,0,4,0,-114,0]"
CSI_DATA,121655,d8:b1:90:d9:de:f0,-40,9,-99,-34,41,104,-1681630497,224,0,106,0,"[-80,12,88,0,79,12,-76,0,50,12,-28,0,52,12,-3,0,63,12,5,0,84,12,2,0,106,12,-10,0,-96,12,-45,0,-87,12,104,0,-71,12,26,0,-71,12,-58,12,-83,12,104,12,-94,12,83,12,0,0,0,0,-87,12,-85,12,-42,12,-31,12,32,0,26,0,-85,0,71,0,5,0,89,0,65,0,81,0,84,0,61,0,77,0,41,0,53,0,15,0,13,0,7,0,-35,0,15,0,-90,0,47,0,79,0]"
CSI_DATA,121656,d8:b1:90:d9:de:f0,-41,11,-99,-33,42,104,-1681317947,277,0,106,0,"[64,0,-86,0,-80,0,-40,0,-52,0,-26,0,-34,0,-26,0,-33,0,-33,0,-36,0,-42,0,-48,0,-52,0,-71,0,-62,0,73,0,-76,0,23,0,-90,0,-32,10,81,0,-71,10,72,0,-92,10,62,0,0,0,0,0,-64,10,52,0,-30,10,20,0,18,0,-34,10,59,0,84,10,81,0,13,10,88,0,-35,10,74,0,-53,10,53,0,-55,10,34,0,-49,10,26,0,-33,10,25,0,0,10,37,0,37,10,53,0]"
CSI_DATA,121657,d8:b1:90:d9:de:f0,-41,9,-99,-34,42,104,-1681317493,101,0,106,0,"[-19,11,71,11,-42,11,19,11,-68,11,-5,10,-83,11,-8,10,92,11,1,11,94,11,11,11,-94,11,26,11,-83,11,38,11,-51,11,60,11,-14,11,86,11,32,0,-80,11,68,0,-63,11,85,0,-55,11,0,0,0,0,59,0,-44,11,26,0,-9,11,-14,11,39,0,-51,11,-83,0,-66,11,-10,0,-58,11,34,0,-39,11,50,0,-16,11,53,0,3,0,44,0,18,0,28,0,22,0,4,0,6,0,-28,0,-11,11]"
CSI_DATA,121658,d8:b1:90:d9:de:f0,-40,9,-99,-36,42,104,-1681317343,252,0,106,0,"[-87,0,45,0,-21,0,50,0,18,0,37,0,30,0,19,0,23,0,3,0,15,0,-3,11,6,0,-7,11,-13,0,-5,11,-52,0,12,0,-91,0,39,0,65,0,73,0,32,0,98,0,18,0,-97,0,0,0,0,0,27,0,85,0,4,0,28,0,-33,11,-29,11,-94,11,-92,11,50,11,72,11,-5,11,57,11,-31,11,77,11,-44,11,-99,11,-45,11,-72,11,-32,11,-51,11,-3,11,-40,11,33,11,-43,11,74,11]"
CSI_DATA,121659,d8:b1:90:d9:de:f0,-44,11,-99,-34,45,104,-1681302333,100,0,228,0,"[-3,-3,-4,-3,-6,-4,-7,-5,-9,-7,-10,-7,-10,-9,57,23,-10,-10,-9,-10,-9,-10,-9,-10,-8,-10,-8,-10,-7,-10,-7,-9,-7,-8,-7,-7,-6,-6,-6,-4,-6,-2,-18,-15,-5,1,-5,2,-6,3,-5,4,-6,5,-5,5,0,0,-5,4,-4,4,-3,3,-2,3,0,2,2,1,19,0,7,1,10,1,12,2,13,3,14,3,15,4,15,5,15,5,15,6,14,6,13,7,13,7,12,7,-14,0,11,6,10,5,9,4,8,3,7,2,7,1,6,0,3,-2,0,-5,-3,-4,-6,0,-5,4,0,6,4,4,-4,-9,2,-3,-1,-3,-3,0,-1,3,3,3,5,0,4,-5,-1,-9,-9,-6,-13,2,-8,13,3,16,15,10,12,-3,11,-15,-2,-18,-13,-11,-16,1,-10,11,0,13,0,0,10,-1,4,-6,-2,-6,-6,-1,-4,5,2,6,12,4,7,-4,1,-8,-4,-7,-7,-1,-6,3,-1,5,1,3,2,1,0,0,0,1,1,3,4,3,8,-1,19,0,0,-13,-9,-12,-17,-3,-16,8,-7,16,4,18,13,10]"
CSI_DATA,121660,d8:b1:90:d9:de:f0,-43,11,-99,-33,44,104,-1680900148,277,0,106,0,"[28,8,34,0,2,8,61,0,3,8,-66,0,15,8,-61,0,28,8,-63,0,39,8,-74,0,40,8,60,0,37,8,43,0,40,8,20,0,45,8,-2,8,54,8,-27,8,65,8,-45,8,-72,8,-60,8,0,0,0,0,-48,8,-66,8,-27,8,-63,8,6,0,-60,8,48,0,-59,8,-57,0,-61,8,-28,0,-71,8,-8,0,69,8,-6,0,58,8,-2,0,49,8,1,0,37,8,-5,0,30,8,-16,0,33,8,-33,0]"
CSI_DATA,121661,d8:b1:90:d9:de:f0,-43,9,-99,-32,44,104,-1680899703,108,0,106,0,"[-66,0,52,8,-60,0,8,8,64,0,-10,7,43,0,-8,7,30,0,6,8,24,0,18,8,28,0,30,8,41,0,44,8,54,0,55,8,66,0,70,8,-63,0,-52,8,-54,0,-36,8,-52,0,-23,8,0,0,0,0,-60,0,-5,8,-70,0,6,0,51,0,30,0,32,0,65,0,20,0,-37,0,20,0,-9,0,20,0,6,0,36,0,16,0,51,0,17,0,63,0,21,0,-71,0,15,0,-64,0,1,0,69,0]"
CSI_DATA,121662,d8:b1:90:d9:de:f0,-44,9,-99,-34,45,104,-1680899540,311,0,106,0,"[-24,0,12,0,10,0,-7,7,18,0,-33,7,5,0,-48,7,-12,0,-50,7,-28,0,-52,7,-30,0,-40,7,-34,0,-29,7,-34,0,-10,7,-41,0,6,0,-47,0,26,0,-53,0,41,0,-62,0,54,0,0,0,0,0,56,0,55,0,41,0,56,0,13,0,54,0,-22,7,-67,0,-56,7,-49,0,54,7,-33,0,50,7,-16,0,54,7,-3,0,65,7,8,0,-63,7,21,0,-53,7,27,0,-35,7,16,0,-23,7]"
CSI_DATA,121663,d8:b1:90:d9:de:f0,-43,9,-99,-35,45,104,-1680899327,98,0,106,0,"[47,8,-66,8,8,8,-67,8,-11,7,-50,8,-7,7,-30,8,6,8,-18,8,16,8,-10,8,27,8,-16,8,34,8,-28,8,40,8,-41,8,52,8,-52,8,68,8,-69,8,-60,8,59,8,-49,8,54,8,0,0,0,0,-32,8,61,8,-19,8,63,8,5,0,-68,8,41,0,-64,8,-62,0,-69,8,-36,0,60,8,-25,0,49,8,-26,0,30,8,-30,0,15,8,-38,0,3,8,-49,0,-3,7,-65,0,0,7,58,0]"
CSI_DATA,121664,d8:b1:90:d9:de:f0,-43,9,-99,-34,44,104,-1680690750,130,0,106,0,"[-25,8,-32,0,-15,8,0,0,0,8,10,0,15,0,3,0,29,0,-4,0,32,0,-15,0,36,0,-22,0,32,0,-30,0,16,0,-43,0,-9,8,-54,0,-39,8,-60,0,-61,8,-57,0,-69,8,-51,0,0,0,0,0,-43,8,-42,0,-31,8,-67,0,-36,8,42,0,-56,8,-3,8,54,8,-37,8,11,8,-48,8,-16,8,-34,8,-28,8,-9,8,-29,8,15,0,-28,8,42,0,-19,8,53,0,-8,8,51,0,7,8]"
CSI_DATA,121665,d8:b1:90:d9:de:f0,-43,9,-99,-35,45,104,-1680690615,113,0,106,0,"[24,0,31,8,31,0,7,8,30,0,-6,7,27,0,-4,7,24,0,3,8,25,0,12,8,29,0,21,8,42,0,33,8,56,0,55,8,-69,0,-57,8,-52,0,-21,8,-36,0,0,0,-25,0,13,0,0,0,0,0,-36,0,7,0,-60,0,13,0,42,0,27,0,-4,8,53,0,-42,8,-48,0,-62,8,-15,0,-69,8,5,0,-64,8,22,0,-53,8,26,0,-46,8,24,0,-46,8,19,0,-50,8,4,0,-56,8]"
CSI_DATA,121666,d8:b1:90:d9:de:f0,-43,9,-99,-34,44,104,-1680690497,98,0,106,0,"[-33,0,29,0,-7,0,35,0,4,0,35,0,2,0,29,0,-3,0,27,0,-14,0,29,0,-20,0,31,0,-33,0,44,0,-58,0,61,0,66,0,75,0,30,0,-55,0,7,0,-39,0,-7,8,-29,0,0,0,0,0,1,0,-35,0,-7,8,-63,0,-25,8,52,0,-58,8,5,0,53,8,-30,8,13,8,-50,8,-13,8,-54,8,-26,8,-48,8,-32,8,-33,8,-31,8,-23,8,-25,8,-22,8,-13,8,-33,8,1,8]"
CSI_DATA,121667,d8:b1:90:d9:de:f0,-42,9,-99,-36,44,104,-1680651874,120,0,106,0,"[13,0,-40,0,27,0,-9,0,44,0,3,0,53,0,0,0,61,0,-9,0,72,0,-22,0,72,0,-29,0,64,0,-38,0,42,0,-50,0,10,0,-60,0,-27,9,-63,0,-56,9,-55,0,-64,9,-49,0,0,0,0,0,-41,9,-47,0,-30,9,-78,0,-35,9,35,0,-58,9,-18,9,58,9,-61,9,13,9,-75,9,-16,8,-66,9,-32,8,-44,9,-36,8,-18,9,-38,8,0,0,-28,8,11,0,-9,8,20,0,5,9]"
CSI_DATA,121668,d8:b1:90:d9:de:f0,-43,9,-99,-34,44,104,-1680651626,120,0,106,0,"[-69,8,63,8,57,8,43,8,36,8,40,8,24,8,53,8,23,8,67,8,22,8,-71,8,26,8,-64,8,35,8,-58,8,53,8,-60,8,-69,8,-69,8,-41,8,64,8,-25,8,45,8,-21,8,35,8,0,0,0,0,-41,8,48,8,-31,8,73,8,-2,8,-48,8,51,0,-27,8,-48,0,-32,8,-6,0,-50,8,4,0,71,8,-2,0,39,8,-19,0,17,8,-36,0,5,8,-54,0,1,8,-64,0,11,8,-76,0]"
CSI_DATA,121669,d8:b1:90:d9:de:f0,-42,9,-99,-34,43,104,-1680616989,266,0,106,0,"[82,10,78,10,48,10,60,10,23,10,65,10,17,10,79,10,17,10,-73,10,20,10,-56,10,26,10,-49,10,39,10,-48,10,63,10,-58,10,-79,10,-72,10,-54,10,74,10,-40,10,50,10,-36,10,42,10,0,0,0,0,-49,10,62,10,-34,10,-82,10,2,0,-58,10,57,0,-40,10,-56,0,-47,10,-14,0,-69,10,-1,0,72,10,-13,0,44,10,-29,0,22,10,-43,0,7,10,-60,0,4,10,-78,0,15,10,83,0]"
CSI_DATA,121670,d8:b1:90:d9:de:f0,-43,9,-99,-35,44,104,-1680616818,246,0,106,0,"[-72,0,-76,0,-39,0,-64,0,-17,0,-68,0,-9,0,71,0,-9,0,55,0,-13,0,39,0,-19,0,31,0,-29,0,30,0,-49,0,42,0,-72,0,58,0,64,0,-77,0,56,0,-57,0,53,0,-47,0,0,0,0,0,63,0,-68,0,45,0,70,0,9,0,55,0,-40,9,51,0,67,9,68,0,36,9,-57,0,31,9,-27,0,42,9,-4,0,67,9,12,0,-66,9,23,0,-49,9,20,0,-38,9,8,0,-30,9]"
CSI_DATA,121671,d8:b1:90:d9:de:f0,-39,11,-99,-35,41,104,-1680308871,100,0,114,0,"[-11,-18,-11,-19,-11,-21,-8,-22,-8,-23,-7,-22,-6,-22,-6,-20,-6,-20,-5,-19,-5,-18,-5,-19,-6,-19,-6,-19,-6,-19,-6,-19,-6,-20,-6,-22,-7,-22,-8,-23,-8,-22,-8,-24,-8,-23,-9,-22,-8,-23,-9,-22,-9,-22,-9,-22,0,0,-9,-22,-9,-23,-9,-23,-9,-25,-10,-25,-10,-25,-11,-25,-10,-26,-10,-25,-11,-25,-11,-24,-11,-23,-11,-22,-10,-21,-10,-21,-9,-20,-9,-21,-10,-21,-11,-22,-11,-24,-11,-25,-11,-26,-12,-27,-11,-29,-10,-29,-7,-29,-6,-29,-4,-26]"
CSI_DATA,121672,d8:b1:90:d9:de:f0,-41,11,-99,-37,43,104,-1680273450,277,0,106,0,"[37,10,30,0,0,10,48,0,-8,10,64,0,-2,10,75,0,13,10,76,0,18,10,75,0,26,10,67,0,35,10,55,0,45,10,30,0,63,10,-4,10,83,10,-48,10,-92,10,-85,10,-84,10,77,10,0,0,0,0,-88,10,89,10,-68,10,-93,10,-32,10,-77,10,31,0,-70,10,91,0,-75,10,-48,0,90,10,-26,0,67,10,-23,0,38,10,-33,0,15,10,-51,0,5,10,-68,0,8,10,-83,0,21,10,92,0]"
CSI_DATA,121673,d8:b1:90:d9:de:f0,-42,9,-99,-34,43,104,-1680272969,113,0,106,0,"[-70,10,47,10,68,10,22,10,44,10,24,10,34,10,37,10,38,10,53,10,40,10,64,10,44,10,70,10,56,10,76,10,80,10,77,10,-58,10,74,10,-19,10,66,10,10,0,56,10,24,0,54,10,0,0,0,0,12,0,40,10,13,0,66,10,32,0,-74,10,63,0,-29,10,-60,0,-1,10,-15,0,6,0,10,0,-4,10,24,0,-26,10,30,0,-55,10,26,0,-78,10,10,0,80,10,-11,0,78,10,-40,0]"
CSI_DATA,121674,d8:b1:90:d9:de:f0,-41,9,-99,-34,42,104,-1680064105,130,0,106,0,"[-68,11,59,11,-88,11,21,11,86,11,5,11,72,11,8,11,62,11,16,11,70,11,29,11,71,11,45,11,89,11,62,11,-64,11,90,11,-8,11,-76,11,52,0,-65,11,-95,0,-63,11,-75,0,-71,11,0,0,0,0,-91,0,-68,11,75,0,-32,11,55,0,24,0,47,0,-89,0,62,0,-20,0,86,0,21,0,-77,0,35,0,-53,0,19,0,-40,0,-4,0,-35,0,-28,0,-47,0,-57,0,-90,0,-80,0,59,0]"
CSI_DATA,121675,d8:b1:90:d9:de:f0,-40,9,-99,-36,42,104,-1680063952,113,0,106,0,"[-23,11,45,11,-30,11,4,11,-42,11,-20,11,-49,11,-20,11,-60,11,-11,11,-62,11,0,11,-64,11,15,11,-51,11,36,11,-28,11,65,11,15,0,-98,11,71,0,-62,11,-91,0,-47,11,-70,0,-39,11,0,0,0,0,-80,0,-39,11,92,0,-6,11,65,0,42,0,42,0,-84,0,40,0,-13,0,52,0,26,0,73,0,42,0,99,0,39,0,-85,0,19,0,-77,0,0,0,-78,0,-27,0,93,0,-54,0,56,0]"
CSI_DATA,121676,d8:b1:90:d9:de:f0,-40,11,-99,-35,42,104,-1679855651,277,0,106,0,"[78,11,74,0,28,11,-77,0,11,11,-34,0,16,11,-23,0,35,11,-31,0,56,11,-40,0,70,11,-65,0,85,11,91,0,-92,11,31,0,-71,11,-38,11,-51,11,-97,11,-44,11,64,11,-47,11,57,11,0,0,0,0,-43,11,-95,11,-20,11,-28,11,17,0,46,0,68,0,-74,0,-76,0,-25,0,-32,0,5,0,-18,0,1,0,-16,0,-9,0,-24,0,-30,0,-49,0,-46,0,-95,0,-59,0,57,0,-64,0,6,0]"
CSI_DATA,121677,d8:b1:90:d9:de:f0,-40,9,-99,-34,41,104,-1679855179,130,0,106,0,"[-63,12,-82,0,-73,12,-6,0,-58,12,40,0,-34,12,50,0,-16,12,34,0,-4,12,10,0,-5,12,-20,0,-19,12,-64,0,-47,12,94,0,-84,12,27,0,92,12,-24,12,64,12,-49,12,57,12,-52,12,0,0,0,0,104,12,-14,12,-41,12,5,0,47,0,6,0,-66,0,-3,12,8,0,-36,12,52,0,-74,12,56,0,-96,12,37,0,99,12,12,0,96,12,-13,0,-104,12,-44,0,-69,12,-64,0,-19,12,-74,0]"
CSI_DATA,121678,d8:b1:90:d9:de:f0,-39,9,-99,-33,40,104,-1679646270,98,0,106,0,"[-82,0,-78,13,-15,0,106,13,15,0,76,13,17,0,66,13,5,0,79,13,-9,0,93,13,-31,0,-110,13,-63,0,-70,13,-107,0,-20,13,67,0,41,0,15,0,98,0,-19,13,-105,0,-38,13,-88,0,0,0,0,0,-32,13,82,0,-11,13,18,0,3,0,-80,13,11,0,53,13,11,0,-27,12,6,0,-78,12,1,0,-84,12,-4,13,-72,12,-6,13,-44,12,0,0,-5,12,11,0,44,13,43,0,102,13,78,0]"
CSI_DATA,121679,d8:b1:90:d9:de:f0,-40,9,-99,-35,41,104,-1679646156,113,0,106,0,"[68,12,-45,12,-4,12,-59,12,-45,12,-56,12,-51,12,-54,12,-42,12,-54,12,-19,12,-46,12,11,12,-50,12,55,12,-59,12,-103,12,-68,12,-25,12,-72,12,45,0,-78,12,93,0,-79,12,-110,0,-75,12,0,0,0,0,71,0,-44,12,20,0,0,12,-42,12,57,0,-110,12,-91,0,59,12,-30,0,41,12,8,0,41,12,15,0,52,12,12,0,74,12,-6,0,87,12,-35,0,102,12,-78,0,-104,12,81,0,-97,12]"
CSI_DATA,121680,d8:b1:90:d9:de:f0,-39,9,-99,-33,40,104,-1679646021,108,0,106,0,"[91,0,-84,0,-88,0,-21,0,-52,0,3,0,-45,0,0,0,-44,0,-14,0,-63,0,-30,0,-88,0,-49,0,99,0,-75,0,42,0,-116,0,-29,13,74,0,-92,13,31,0,101,13,8,0,89,13,0,13,0,0,0,0,-93,13,-2,13,-18,13,-4,13,79,0,-24,13,-54,0,-45,13,23,0,-80,13,62,0,-106,13,65,0,-117,13,44,0,112,13,17,0,-115,13,-11,0,-104,13,-53,0,-70,13,-94,0,-19,13,101,0]"
CSI_DATA,121681,d8:b1:90:d9:de:f0,-39,9,-99,-36,41,104,-1679437371,337,0,106,0,"[94,13,30,0,18,13,69,0,-16,12,105,0,-16,12,-106,0,-12,12,-99,0,6,13,-106,0,22,13,106,0,44,13,74,0,81,13,22,0,-104,13,-45,13,-64,13,-101,13,-43,13,90,13,-36,13,84,13,0,0,0,0,-38,13,-93,13,-21,13,-16,13,9,0,69,0,56,0,-65,0,107,0,3,0,-86,0,36,0,-56,0,34,0,-51,0,16,0,-62,0,-4,0,-74,0,-30,0,-113,0,-49,0,63,0,-73,0,12,0]"
CSI_DATA,121682,d8:b1:90:d9:de:f0,-40,9,-99,-34,41,104,-1679437141,317,0,106,0,"[82,12,-16,12,8,12,-1,12,-35,11,22,0,-42,11,42,0,-33,11,58,0,-15,11,53,0,2,12,48,0,35,12,28,0,77,12,-10,12,-86,12,-56,12,-46,12,-98,12,-20,12,83,12,-10,12,77,12,0,0,0,0,-18,12,-83,12,-14,12,-16,12,4,0,71,0,42,0,-57,0,84,0,8,0,-90,0,40,0,-64,0,37,0,-58,0,19,0,-59,0,-5,0,-68,0,-31,0,-99,0,-53,0,67,0,-72,0,21,0]"
CSI_DATA,121683,d8:b1:90:d9:de:f0,-40,9,-99,-34,41,104,-1679436937,101,0,106,0,"[6,0,80,12,-5,12,5,12,-22,12,-36,11,-23,12,-48,11,-22,12,-40,11,-7,12,-22,11,10,0,-1,11,32,0,37,12,61,0,95,12,82,0,-44,12,97,0,24,0,106,0,70,0,103,0,88,0,0,0,0,0,65,0,44,0,32,0,-10,12,-19,12,-85,12,-79,12,54,12,85,12,2,12,58,12,-33,11,49,12,-40,11,53,12,-29,11,76,12,-10,11,96,12,10,12,-76,12,34,12,-18,12,66,12,29,0]"
CSI_DATA,121684,d8:b1:90:d9:de:f0,-39,9,-99,-34,40,104,-1679374277,130,0,106,0,"[-68,0,17,0,9,0,-15,14,49,0,-60,14,35,0,-102,14,15,0,113,14,-19,0,108,14,-46,0,111,14,-77,0,-101,14,-103,0,-48,14,117,0,11,0,107,0,72,0,106,0,105,0,103,0,107,0,0,0,0,0,71,0,50,0,9,0,3,0,-79,14,-24,14,57,14,-37,14,-23,13,-16,14,-69,13,21,0,-72,13,50,0,-49,13,82,0,-16,13,99,0,3,14,103,0,33,14,84,0,54,14,48,0,70,14]"
CSI_DATA,121685,d8:b1:90:d9:de:f0,-43,11,-99,-37,45,104,-1679308907,100,0,228,0,"[-1,-2,-3,-4,-5,-6,-5,-8,-6,-10,-6,-12,-5,-15,63,26,-4,-15,-4,-15,-3,-15,-3,-14,-3,-13,-2,-13,-3,-12,-3,-10,-4,-9,-4,-7,-5,-5,-5,-3,-6,-1,-19,-17,-8,1,-8,2,-8,4,-8,4,-8,4,-8,3,0,0,-6,2,-5,1,-4,0,-1,0,0,-1,3,-1,41,0,8,-2,11,-3,13,-3,15,-2,16,-2,17,-2,17,-2,16,-1,16,-1,16,-1,15,0,14,0,13,0,6,0,12,-1,10,-2,9,-2,8,-4,7,-4,6,-5,5,-5,5,-1,5,-5,0,-8,-6,-6,-9,-1,-6,5,-1,7,-2,-9,4,1,1,-1,0,0,0,1,2,2,5,0,5,-6,-1,-10,-10,-9,-15,1,-12,13,0,19,13,14,12,0,14,-13,0,-18,-11,-12,-15,0,-9,9,0,12,0,0,8,-2,2,-7,-4,-5,-7,1,-2,7,4,7,16,-1,8,-6,1,-10,-5,-8,-8,-1,-6,3,-1,5,1,4,1,1,1,1,2,2,4,1,7,-1,6,-7,13,-13,-9,-11,-16,-2,-16,9,-6,17,6,18,15,8,16,-2]"
CSI_DATA,121686,d8:b1:90:d9:de:f0,-40,11,-99,-36,42,104,-1679228952,277,0,106,0,"[85,11,43,0,27,11,87,0,0,11,-75,0,0,11,-59,0,11,11,-51,0,30,11,-62,0,44,11,-74,0,57,11,94,0,83,11,42,0,-94,11,-15,11,-69,11,-75,11,-59,11,91,11,-59,11,83,11,0,0,0,0,-55,11,-72,11,-32,11,-3,11,7,0,65,0,57,0,-57,0,-86,0,-4,0,-34,0,13,0,-23,0,11,0,-14,0,-14,0,-24,0,-34,0,-46,0,-51,0,-81,0,-62,0,72,0,-74,0,26,0]"
CSI_DATA,121687,d8:b1:90:d9:de:f0,-40,9,-99,-35,41,104,-1679228498,130,0,106,0,"[-89,0,20,0,-11,0,3,0,31,0,-29,12,38,0,-53,12,24,0,-71,12,2,0,-75,12,-18,0,-73,12,-48,0,-52,12,-92,0,-7,12,89,0,44,0,57,0,97,0,41,0,-92,0,39,0,-84,0,0,0,0,0,53,0,80,0,36,0,4,0,-5,12,-76,12,-65,12,63,12,87,12,12,12,34,12,-1,12,11,12,12,12,1,12,44,12,6,12,71,12,29,12,93,12,71,12,107,12,-103,12,103,12,-59,12]"
CSI_DATA,121688,d8:b1:90:d9:de:f0,-41,9,-99,-33,42,104,-1679019608,98,0,106,0,"[-78,0,45,0,-16,0,64,0,24,0,65,0,34,0,64,0,25,0,63,0,8,0,63,0,-16,0,69,0,-56,0,75,0,71,0,88,0,5,0,-89,0,-53,10,-80,0,90,10,-80,0,77,10,-87,0,0,0,0,0,-64,10,80,0,-14,10,48,0,50,0,4,0,-75,0,-56,10,-24,0,73,10,1,0,38,10,0,0,27,10,-7,0,29,10,-20,0,44,10,-24,0,61,10,-37,0,-83,10,-42,0,-38,10,-48,0]"
CSI_DATA,121689,d8:b1:90:d9:de:f0,-44,11,-99,-35,46,104,-1678602254,277,0,106,0,"[-52,7,0,0,41,7,19,0,32,7,48,0,43,7,-52,0,59,7,-46,0,-53,7,-47,0,-47,7,-61,0,-57,7,51,0,42,7,42,0,13,7,42,0,-8,6,54,0,-13,6,-51,0,4,7,-37,0,0,0,0,0,-61,7,-32,0,-47,7,-61,0,-40,7,21,0,-58,7,-23,7,35,7,-51,7,10,7,-56,7,0,7,-44,7,0,7,-34,7,2,7,-26,7,7,7,-39,7,5,7,-61,7,-20,6,37,7,-53,6]"
CSI_DATA,121690,d8:b1:90:d9:de:f0,-45,9,-99,-36,47,104,-1678601773,98,0,106,0,"[-47,6,15,0,43,6,43,0,43,6,-43,0,-57,6,-31,0,-43,6,-29,0,-34,6,-40,0,-34,6,-54,0,-49,6,41,0,36,6,27,0,8,6,16,0,-18,6,18,0,-30,6,30,0,-25,6,40,0,0,0,0,0,27,6,51,0,56,6,29,0,-31,6,-7,6,-20,6,-55,6,-24,6,16,6,-32,6,-4,6,-41,6,-6,6,-46,6,1,6,-37,6,13,6,-18,6,12,6,11,0,-3,6,33,0,-31,6,30,0]"
CSI_DATA,121691,d8:b1:90:d9:de:f0,-46,9,-99,-34,47,104,-1678601623,130,0,106,0,"[13,0,-43,6,5,0,29,6,-15,6,13,6,-31,6,16,6,-41,6,28,6,-40,6,39,6,-29,6,47,6,-8,6,47,6,16,0,32,6,36,0,14,6,48,0,-6,5,44,0,-24,5,29,0,-22,5,0,0,0,0,-2,6,10,6,2,0,42,6,21,0,-26,6,-53,0,5,0,-15,0,21,0,6,0,19,0,8,0,12,0,5,0,6,0,-3,0,8,0,-11,0,23,0,-10,0,52,0,10,0,-24,0,38,0]"
CSI_DATA,121692,d8:b1:90:d9:de:f0,-42,9,-99,-33,43,104,-1678392892,130,0,106,0,"[-46,9,32,9,-72,9,27,9,-75,9,50,9,-55,9,77,9,-21,9,-74,9,18,0,-79,9,54,0,59,9,81,0,20,9,-74,0,-21,9,81,0,-44,9,61,0,-38,9,48,0,-9,9,48,0,33,9,0,0,0,0,71,0,-83,9,-66,0,-66,9,-47,0,-59,9,-42,0,-49,9,-46,0,-33,9,-61,0,-12,9,-76,0,17,0,-82,0,44,0,-75,0,74,0,-52,0,-65,0,-15,0,-45,0,22,0,-50,0,35,0]"
CSI_DATA,121693,d8:b1:90:d9:de:f0,-43,9,-99,-34,44,104,-1678392775,113,0,106,0,"[-32,0,45,0,-14,0,28,0,-28,0,10,0,-60,0,10,0,64,0,27,0,48,0,57,0,46,0,-53,0,65,0,-11,0,-62,0,14,0,-39,0,22,0,-32,0,3,0,-47,0,-25,0,-71,0,-47,0,0,0,0,0,25,0,-51,0,5,0,-46,0,-15,8,-35,0,-26,8,-33,0,-34,8,-45,0,-43,8,-66,0,-57,8,62,0,-75,8,46,0,49,8,36,0,17,8,44,0,-11,8,64,0,-20,8,-50,0,7,8]"
CSI_DATA,121694,d8:b1:90:d9:de:f0,-38,11,-99,-37,40,104,-1678309134,100,0,114,0,"[-8,25,-11,27,-14,26,-16,26,-19,27,-19,24,-20,23,-19,21,-18,20,-18,19,-17,18,-18,18,-19,17,-19,18,-20,19,-21,18,-23,20,-24,20,-24,21,-25,21,-24,21,-25,21,-25,20,-24,19,-25,19,-25,17,-24,16,-25,16,0,0,-25,16,-26,15,-26,15,-26,15,-27,15,-28,15,-28,14,-27,14,-27,14,-27,13,-26,13,-24,11,-23,11,-23,10,-22,9,-21,9,-20,8,-21,8,-22,8,-23,8,-23,8,-25,7,-26,6,-27,6,-27,4,-26,2,-25,1,-22,-1]"
CSI_DATA,121695,d8:b1:90:d9:de:f0,-39,9,-99,-36,41,104,-1678183992,108,0,106,0,"[49,13,90,0,18,13,-105,0,25,13,-86,0,47,13,-87,0,67,13,-102,0,65,13,105,0,58,13,82,0,34,13,63,0,1,13,45,0,-20,12,36,0,-18,12,36,0,0,12,28,0,37,13,21,0,0,0,0,0,93,13,-9,13,-99,13,-54,13,-83,13,-110,13,-69,13,66,13,-72,13,24,13,-75,13,12,13,-82,13,13,13,-85,13,22,13,-84,13,26,13,-89,13,29,13,-84,13,23,13,-90,13,19,13,-97,13]"
CSI_DATA,121696,d8:b1:90:d9:de:f0,-36,11,-99,-36,38,104,-1677975556,277,0,106,0,"[73,18,-40,18,-21,17,-23,18,-59,17,25,0,-45,17,89,0,-27,17,120,0,10,18,137,0,44,18,128,0,66,18,113,0,79,18,55,0,80,18,5,0,74,18,-39,18,84,18,-59,18,105,18,-60,18,0,0,0,0,-153,18,-59,18,-74,18,-78,18,-17,18,-149,18,31,0,93,18,44,0,12,18,36,0,-32,17,-8,18,-49,17,-36,18,-37,17,-80,18,-8,17,-98,18,8,18,-98,18,39,18,-81,18,57,18,-69,18]"
CSI_DATA,121697,d8:b1:90:d9:de:f0,-37,9,-99,-34,38,104,-1677975075,224,0,106,0,"[92,17,87,0,9,17,130,0,-16,16,-128,0,1,17,-92,0,28,17,-89,0,64,17,-98,0,76,17,-124,0,87,17,134,0,85,17,68,0,83,17,-7,17,78,17,-67,17,86,17,-92,17,109,17,-102,17,0,0,0,0,-122,17,-96,17,-38,17,-91,17,57,0,-125,17,144,0,146,17,-91,0,101,17,-59,0,62,17,-64,0,41,17,-84,0,38,17,-110,0,45,17,-124,0,58,17,-129,0,86,17,-130,0,122,17,-135,0]"
CSI_DATA,121698,d8:b1:90:d9:de:f0,-38,9,-99,-36,39,104,-1677974912,113,0,106,0,"[118,16,-134,16,47,16,112,16,-10,15,118,16,-16,15,-143,16,-15,15,-111,16,12,16,-86,16,34,16,-83,16,78,16,-100,16,127,16,-127,16,-104,16,121,16,-61,16,80,16,-41,16,72,16,-32,16,86,16,0,0,0,0,-6,16,-142,16,46,0,-75,16,125,0,-23,16,-80,0,22,0,-8,0,38,0,33,1,24,0,43,1,7,0,29,1,-21,16,5,1,-31,16,-8,0,-29,16,-29,0,-22,16,-60,0,-5,16,-86,0]"
CSI_DATA,121699,d8:b1:90:d9:de:f0,-39,9,-99,-33,40,104,-1677766193,130,0,106,0,"[-55,0,92,13,-21,0,36,13,-33,0,-3,12,-71,0,-8,12,-108,0,8,13,99,0,40,13,89,0,83,13,106,0,-101,13,-97,0,-44,13,-65,0,0,0,-39,0,27,0,-33,0,36,0,-47,0,42,0,0,0,0,0,-100,0,84,0,99,0,-115,0,67,0,-62,0,49,0,-16,0,44,0,18,0,39,0,23,0,35,0,8,0,27,0,-11,0,22,0,-33,0,6,0,-44,0,-17,13,-55,0,-41,13,-64,0,-54,13]"
CSI_DATA,121700,d8:b1:90:d9:de:f0,-38,9,-99,-33,39,104,-1677766049,113,0,106,0,"[7,0,14,15,-11,15,-52,14,-55,15,-75,14,-91,15,-49,14,-106,15,-4,14,-99,15,38,15,-74,15,77,15,-17,15,95,15,48,0,99,15,114,0,96,15,-111,0,98,15,-101,0,100,15,-111,0,118,15,0,0,0,0,-108,0,-82,15,-94,0,-25,15,-57,0,32,0,-24,0,75,0,2,1,96,0,8,1,99,0,-5,0,98,0,-24,0,95,0,-47,0,87,0,-71,0,90,0,-92,0,106,0,-107,0,128,0,-124,0]"
CSI_DATA,121701,d8:b1:90:d9:de:f0,-37,11,-99,-36,39,104,-1677557757,277,0,106,0,"[-44,0,62,0,22,1,77,0,69,1,48,0,66,1,21,0,40,1,-12,16,10,1,-29,16,-21,0,-30,16,-56,0,1,0,-89,0,58,0,-129,0,105,0,122,0,-126,0,106,0,-99,0,87,0,-97,0,0,0,0,0,43,0,-118,0,-10,16,142,0,-95,16,134,0,115,16,134,0,47,16,-133,0,19,16,-106,0,19,16,-94,0,42,16,-84,0,76,16,-80,0,106,16,-92,0,138,16,-116,0,-135,16,121,0,-134,16]"
CSI_DATA,121702,d8:b1:90:d9:de:f0,-37,9,-99,-34,38,104,-1677557258,130,0,106,0,"[40,17,-49,17,-51,16,-40,17,-82,16,-1,17,-72,16,47,0,-45,16,83,0,-8,16,101,0,32,17,96,0,62,17,70,0,86,17,9,0,103,17,-55,17,110,17,-110,17,108,17,-143,17,124,17,-144,17,0,0,0,0,-137,17,-128,17,-74,17,-135,17,1,0,131,17,65,0,76,17,102,0,7,17,105,0,-28,16,73,0,-39,16,42,0,-30,16,3,0,-11,16,-24,17,19,17,-21,17,57,17,0,0,98,17,30,0]"
CSI_DATA,121703,d8:b1:90:d9:de:f0,-38,9,-99,-37,40,104,-1677348403,101,0,106,0,"[74,15,-118,15,-31,14,129,15,-97,14,-96,15,-99,14,-40,15,-66,14,9,0,-13,14,29,0,47,15,30,0,112,15,-3,15,-88,15,-69,15,-47,15,117,15,-24,15,59,15,-30,15,41,15,-41,15,71,15,0,0,0,0,-21,15,-102,15,47,0,-18,15,-122,0,26,0,-38,0,61,0,29,1,58,0,58,1,36,0,43,1,19,0,18,1,2,0,-18,0,-8,15,-48,0,6,0,-79,0,26,0,-93,0,55,0,-113,0]"
CSI_DATA,121704,d8:b1:90:d9:de:f0,-39,9,-99,-35,40,104,-1677348289,113,0,106,0,"[35,0,-44,0,97,0,34,0,-84,0,49,0,-35,0,20,0,-34,0,-34,0,-44,0,-85,0,-87,0,120,0,98,0,100,0,14,0,101,0,-61,14,-124,0,-104,14,-99,0,-112,14,-82,0,-96,14,-88,0,0,0,0,0,-49,14,65,0,-51,14,-12,14,-79,14,-105,14,123,14,72,14,72,14,35,14,40,14,32,14,36,14,58,14,44,14,84,14,62,14,109,14,92,14,-123,14,-120,14,-124,14,-95,14,114,14,-74,14]"
CSI_DATA,121705,d8:b1:90:d9:de:f0,-40,11,-99,-36,42,104,-1677309226,100,0,228,0,"[-11,2,-14,2,-17,3,-19,1,-22,0,-22,0,-23,-3,86,35,-20,-6,-19,-7,-17,-7,-15,-8,-13,-7,-11,-7,-10,-6,-8,-3,-8,-2,-7,0,-8,3,-8,5,-9,7,-27,-23,-11,9,-12,10,-12,10,-12,9,-11,8,-11,7,0,0,-7,7,-7,8,-5,9,-3,11,-2,12,-2,15,-27,11,-1,19,-1,20,-2,20,-2,20,-3,20,-3,19,-3,18,-3,17,-3,15,-3,15,-3,14,-3,13,-3,13,-29,11,-1,13,0,12,0,12,0,13,0,12,0,11,0,10,-7,-7,-12,-1,-11,7,-4,14,5,15,13,6,12,-3,-16,-15,-4,-10,-9,-2,-7,7,0,11,10,7,14,-2,9,-13,-3,-19,-16,-12,-23,2,-16,18,0,25,16,18,12,11,17,-12,3,-19,-9,-13,-14,-1,-8,8,1,10,0,0,8,-4,2,-11,-7,-9,-14,0,-11,10,0,15,8,28,15,0,10,-9,0,-12,-8,-7,-9,1,-3,7,3,7,8,0,5,-7,-2,-10,-10,-5,-13,3,-7,13,2,30,15,11,20,-3,14,-16,0,-21,-13,-15,-19,-3,-14,8]"
CSI_DATA,121706,d8:b1:90:d9:de:f0,-37,11,-99,-34,38,104,-1676931058,277,0,106,0,"[45,0,46,17,23,0,-54,16,-23,17,-96,16,-78,17,-84,16,-117,17,-40,16,-114,17,13,17,-101,17,61,17,-53,17,105,17,17,0,143,17,95,0,-146,17,-149,0,-133,17,-135,0,-134,17,-152,0,-110,17,0,0,0,0,101,0,-15,17,89,0,87,0,122,0,-111,0,-140,0,-16,0,-91,0,22,1,-53,0,11,1,-49,0,-23,0,-59,0,-76,0,-85,0,-124,0,-124,0,-149,0,129,0,139,0,71,0,141,0,34,0]"
CSI_DATA,121707,d8:b1:90:d9:de:f0,-38,9,-99,-35,39,104,-1676930568,130,0,106,0,"[-73,0,-135,16,-9,0,81,16,3,1,40,16,-22,0,27,16,-50,0,31,16,-90,0,63,16,-110,0,104,16,-125,0,-102,16,-135,0,-19,16,-136,0,59,0,137,0,116,0,127,0,-136,0,100,0,137,0,0,0,0,0,-17,16,95,0,-99,16,67,0,77,16,51,0,-13,15,53,0,-76,15,66,0,-83,15,73,0,-58,15,75,0,-14,15,57,0,27,16,50,0,59,16,29,0,106,16,-9,16,-133,16,-51,16,-102,16]"
CSI_DATA,121708,d8:b1:90:d9:de:f0,-36,9,-99,-33,37,104,-1676911806,108,0,106,0,"[59,19,-99,19,-37,18,-88,19,-86,18,-33,19,-77,18,28,0,-42,18,77,0,5,19,112,0,45,19,110,0,85,19,94,0,119,19,38,0,137,19,-36,19,139,19,-93,19,138,19,-125,19,146,19,-129,19,0,0,0,0,-151,19,-142,19,-98,19,-165,19,-42,19,97,19,-19,19,20,19,-27,19,-47,18,-57,19,-77,18,-106,19,-51,18,-139,19,-7,18,-160,19,46,19,-158,19,91,19,-123,19,136,19,-68,19,151,19,-29,19]"
CSI_DATA,121709,d8:b1:90:d9:de:f0,-36,9,-99,-34,37,104,-1676905285,130,0,106,0,"[-104,0,-158,0,-32,0,-118,0,24,1,-130,0,29,1,-152,0,30,1,158,0,-8,0,125,0,-30,0,116,0,-77,0,124,0,-165,0,141,0,90,0,-160,0,25,0,-121,0,-28,20,-97,0,-54,20,-96,0,0,0,0,0,-90,20,-124,0,-132,20,160,0,134,20,105,0,48,20,65,0,-20,18,41,0,-61,18,32,0,-69,18,54,0,-30,18,78,0,8,20,76,0,44,20,73,0,85,20,38,0,133,20,-16,20,144,20]"
CSI_DATA,121710,d8:b1:90:d9:de:f0,-35,11,-99,-37,37,104,-1676308751,100,0,114,0,"[-4,36,-8,37,-11,39,-14,39,-17,40,-20,37,-20,36,-21,33,-21,31,-23,30,-21,29,-23,27,-24,27,-24,29,-26,29,-26,30,-29,30,-30,31,-31,31,-34,31,-34,31,-36,31,-36,29,-34,29,-36,27,-34,26,-34,24,-36,23,0,0,-37,23,-37,21,-40,20,-40,20,-42,20,-43,20,-43,18,-43,17,-42,15,-42,15,-40,14,-39,14,-36,13,-36,11,-34,11,-36,10,-36,8,-36,8,-37,8,-40,7,-40,5,-43,5,-43,4,-47,1,-45,0,-45,-4,-42,-5,-37,-8]"
CSI_DATA,121711,d8:b1:90:d9:de:f0,-37,11,-99,-36,39,104,-1676304360,277,0,106,0,"[-103,0,135,0,-17,0,-135,0,34,1,125,0,42,1,88,0,19,1,59,0,-5,0,42,0,-29,0,43,0,-60,0,63,0,-97,0,96,0,-133,0,129,0,111,0,-140,0,78,0,-143,0,46,0,125,0,0,0,0,0,-42,16,86,0,-109,16,49,0,90,16,33,0,16,16,25,0,-34,15,32,0,-57,15,48,0,-47,15,61,0,-26,15,70,0,-1,15,79,0,24,16,78,0,51,16,62,0,78,16,46,0,118,16]"
CSI_DATA,121712,d8:b1:90:d9:de:f0,-37,9,-99,-34,38,104,-1676303888,252,0,106,0,"[-121,0,142,0,-23,0,-142,0,38,1,134,0,57,1,89,0,23,1,48,0,5,1,15,0,-23,0,16,0,-48,0,32,0,-78,0,66,0,-104,0,101,0,-150,0,130,0,123,0,134,0,86,0,114,0,0,0,0,0,0,0,103,0,-83,17,96,0,129,17,123,0,55,17,-152,0,17,17,-110,0,9,17,-72,0,33,17,-65,0,61,17,-53,0,93,17,-46,0,118,17,-71,0,146,17,-92,0,-147,17,-122,0,-123,17]"
CSI_DATA,121713,d8:b1:90:d9:de:f0,-37,9,-99,-35,38,104,-1676303722,98,0,106,0,"[-67,0,0,0,23,1,-51,18,50,1,-117,18,18,1,148,18,-19,0,121,18,-57,0,124,18,-83,0,141,18,-89,0,-144,18,-91,0,-89,18,-86,0,-35,18,-94,0,-2,18,-107,0,19,0,-138,0,33,0,0,0,0,0,91,0,84,0,34,0,134,0,-14,18,-101,0,-35,18,-25,0,-37,18,42,1,-19,18,69,1,12,0,66,1,41,0,36,1,58,0,6,1,72,0,-23,0,63,0,-53,0,37,0,-88,0,19,0]"
CSI_DATA,121714,d8:b1:90:d9:de:f0,-37,9,-99,-37,39,104,-1676303608,98,0,106,0,"[125,17,131,17,35,17,105,17,-24,16,129,17,-46,16,-115,17,-20,16,-63,17,-1,16,-34,17,21,17,-26,17,54,17,-39,17,85,17,-77,17,108,17,-112,17,137,17,-135,17,-129,17,-139,17,-101,17,-121,17,0,0,0,0,-18,17,-121,17,54,0,-118,17,135,0,139,17,-98,0,101,17,-70,0,54,17,-68,0,13,17,-97,0,9,17,-127,0,11,17,129,0,16,17,105,0,30,17,91,0,66,17,91,0,92,17,86,0]"
CSI_DATA,121715,d8:b1:90:d9:de:f0,-38,9,-99,-34,39,104,-1676303494,120,0,106,0,"[-2,15,-51,0,44,0,26,1,111,0,43,1,-118,0,16,1,-96,0,-27,0,-96,0,-55,0,-104,0,-84,0,-135,0,-94,0,101,0,-95,0,62,0,-86,0,26,0,-85,0,7,0,-97,0,-6,15,-121,0,0,0,0,0,-61,15,90,0,-111,15,49,0,81,15,28,0,15,15,22,0,-38,14,40,0,-56,14,75,0,-37,14,94,0,-9,14,126,0,24,15,-132,0,54,15,-129,0,79,15,128,0,100,15,105,0,128,15]"
CSI_DATA,121716,d8:b1:90:d9:de:f0,-38,9,-99,-34,39,104,-1676303373,120,0,106,0,"[-63,0,-51,15,3,1,-100,15,22,1,128,15,6,1,106,15,-14,0,103,15,-47,0,117,15,-64,0,-127,15,-68,0,-93,15,-79,0,-31,15,-91,0,24,0,-110,0,66,0,130,0,85,0,101,0,88,0,0,0,0,0,2,0,87,0,-75,15,79,0,112,15,85,0,33,15,97,0,-13,14,115,0,-39,14,128,0,-30,14,-135,0,-7,14,124,0,16,15,120,0,37,15,106,0,59,15,83,0,88,15,50,0,117,15]"
CSI_DATA,121717,d8:b1:90:d9:de:f0,-37,9,-99,-35,39,104,-1676303224,130,0,106,0,"[98,16,-139,0,55,16,-66,0,56,16,-16,0,90,16,-5,0,115,16,-9,0,127,16,-35,0,138,16,-63,0,126,16,-102,0,107,16,126,0,100,16,73,0,103,16,31,0,114,16,-7,16,-133,16,-32,16,0,0,0,0,-42,16,-86,16,23,0,-123,16,91,0,110,16,-131,0,50,16,-94,0,8,16,-83,0,-7,15,-95,0,-5,15,-107,0,10,16,-127,0,29,16,130,0,41,16,131,0,77,16,128,0,114,16,113,0]"
CSI_DATA,121718,d8:b1:90:d9:de:f0,-39,11,-99,-34,40,104,-1675886561,277,0,106,0,"[46,0,-65,0,62,0,15,0,78,0,55,0,86,0,66,0,87,0,64,0,83,0,46,0,79,0,33,0,67,0,0,0,35,0,-57,0,5,0,98,0,-28,14,24,0,-49,14,-27,14,-59,14,-67,14,0,0,0,0,-3,14,-85,14,51,0,-74,14,-98,0,-74,14,-11,0,-71,14,48,0,-79,14,81,0,-81,14,69,0,-84,14,37,0,-77,14,-12,0,-76,14,-66,0,-58,14,113,0,-31,14,44,0,15,0,-7,14]"
CSI_DATA,121719,d8:b1:90:d9:de:f0,-39,9,-99,-32,40,104,-1675886080,130,0,106,0,"[-62,13,-69,0,-80,13,5,0,-78,13,54,0,-59,13,69,0,-43,13,71,0,-30,13,54,0,-13,13,38,0,-8,13,0,0,-9,13,-64,0,-14,13,80,0,-26,13,3,0,-42,13,-52,13,-49,13,-79,13,0,0,0,0,-9,13,-74,13,49,0,-56,13,-93,0,-44,13,-10,0,-45,13,50,0,-64,13,80,0,-86,13,69,0,-98,13,28,0,-107,13,-22,0,-105,13,-80,0,-94,13,83,0,-53,13,26,0,7,0,-2,13]"
CSI_DATA,121720,d8:b1:90:d9:de:f0,-39,9,-99,-34,40,104,-1675885909,113,0,106,0,"[-32,14,60,14,-53,14,-14,13,-80,14,-56,13,-96,14,-65,13,-109,14,-54,13,-119,14,-35,13,-120,14,-11,13,-110,14,28,14,-79,14,84,14,-35,14,-92,14,16,0,-30,14,59,0,14,0,84,0,33,0,0,0,0,0,49,0,73,0,-4,14,94,0,-79,14,-104,0,99,14,-50,0,55,14,7,0,52,14,33,0,75,14,28,0,108,14,9,0,-97,14,-20,0,-68,14,-67,0,-40,14,107,0,-39,14,23,0,-55,14]"
CSI_DATA,121721,d8:b1:90:d9:de:f0,-39,11,-99,-34,40,104,-1675468762,277,0,106,0,"[-47,14,91,14,-78,14,18,14,-118,14,-16,13,90,14,-18,13,67,14,0,14,64,14,21,14,70,14,45,14,92,14,63,14,-102,14,86,14,-40,14,105,14,17,0,119,14,52,0,-114,14,67,0,-103,14,0,0,0,0,47,0,-21,14,35,0,44,0,45,0,-104,0,75,0,-19,0,118,0,38,0,-83,0,55,0,-60,0,29,0,-54,0,-7,0,-62,0,-50,0,-82,0,-91,0,119,0,-120,0,61,0,107,0,16,0]"
CSI_DATA,121722,d8:b1:90:d9:de:f0,-39,9,-99,-35,40,104,-1675468263,113,0,106,0,"[116,0,108,0,-67,0,-92,0,-10,0,-80,0,23,0,-102,0,38,0,111,0,27,0,79,0,13,0,56,0,-20,0,51,0,-72,0,68,0,114,0,94,0,63,0,-120,0,40,0,-102,0,29,0,-103,0,0,0,0,0,0,0,75,0,-50,14,19,0,112,14,-28,14,17,14,-51,14,-56,13,-38,14,-94,13,0,0,-86,13,38,0,-50,13,70,0,-2,13,93,0,45,14,84,0,91,14,60,0,-122,14,10,0,-109,14]"
CSI_DATA,121723,d8:b1:90:d9:de:f0,-39,9,-99,-32,40,104,-1675468100,756,0,106,0,"[-87,0,54,0,-24,0,87,0,22,0,99,0,40,0,99,0,44,0,89,0,25,0,88,0,3,0,84,0,-31,0,87,0,-91,0,104,0,65,0,-112,0,0,13,-100,0,-40,13,-99,0,-58,13,-108,0,0,0,0,0,-52,13,41,0,-44,13,-32,13,-45,13,104,13,-56,13,16,13,-74,13,-46,12,-92,13,-77,12,-103,13,-69,12,-100,13,-37,12,-94,13,-2,12,-74,13,36,13,-39,13,78,13,14,0,-108,13,58,0]"
CSI_DATA,121724,d8:b1:90:d9:de:f0,-39,9,-99,-32,40,104,-1675467784,108,0,106,0,"[-30,13,-83,0,-38,13,-1,0,-25,13,45,0,-5,13,60,0,15,0,58,0,26,0,37,0,26,0,17,0,16,0,-16,0,-20,13,-70,0,-57,13,104,0,-96,13,57,0,106,13,30,0,103,13,15,0,0,0,0,0,-49,13,-10,13,18,0,-40,13,92,0,-96,13,-76,0,65,13,-43,0,-1,12,-43,0,-38,12,-66,0,-45,12,-100,0,-24,12,97,0,1,13,72,0,38,13,64,0,94,13,72,0,-72,13,88,0]"
CSI_DATA,121725,d8:b1:90:d9:de:f0,-39,9,-99,-34,40,104,-1675467685,101,0,106,0,"[69,0,-97,0,111,0,-29,0,-90,0,1,0,-65,0,0,0,-49,0,-14,0,-56,0,-26,0,-64,0,-52,0,-99,0,-67,0,93,0,-86,0,28,0,-102,0,-26,14,119,0,-67,14,106,0,-81,14,93,0,0,0,0,0,-50,14,17,0,-23,14,-52,14,-6,14,96,14,-6,14,6,14,-26,14,-65,13,-50,14,-88,13,-67,14,-73,13,-79,14,-46,13,-83,14,-7,13,-77,14,36,14,-47,14,80,14,-1,14,118,14,38,0]"
CSI_DATA,121726,d8:b1:90:d9:de:f0,-41,11,-99,-33,42,104,-1675308868,100,0,228,0,"[-5,-2,-8,-2,-11,-3,-13,-4,-16,-5,-17,-6,-18,-8,79,32,-17,-10,-16,-10,-16,-11,-15,-10,-14,-10,-13,-10,-13,-10,-12,-9,-11,-7,-11,-6,-10,-4,-9,-2,-9,0,-24,-21,-8,2,-8,5,-8,5,-6,5,-6,6,-5,5,0,0,-2,5,0,5,1,5,4,5,6,4,9,5,-76,0,15,6,17,8,18,8,19,9,19,10,19,10,18,10,17,11,16,10,15,10,13,10,12,9,11,8,-61,0,9,6,9,3,8,2,8,0,8,0,7,-1,7,-2,5,-5,0,-8,-6,-5,-9,0,-6,8,1,8,6,4,-11,-10,1,-4,-3,-2,-3,2,0,5,7,3,10,-3,5,-11,-5,-14,-16,-7,-19,7,-10,20,7,23,21,13,16,-4,13,-21,-4,-22,-17,-13,-19,2,-10,13,2,14,0,0,10,-3,2,-9,-5,-6,-8,1,-3,8,4,8,21,7,7,-5,0,-9,-5,-5,-6,1,-2,5,2,2,3,-1,0,-5,-5,-2,-7,3,-3,10,5,11,15,5,27,0,8,-19,-6,-21,-21,-12,-24,3,-15,18,0,21,12,14]"
CSI_DATA,121727,d8:b1:90:d9:de:f0,-38,11,-99,-35,39,104,-1675259863,277,0,106,0,"[103,16,-85,16,5,16,-95,16,-55,15,-62,16,-73,15,-13,16,-58,15,23,0,-34,15,52,0,0,16,64,0,35,16,53,0,80,16,20,0,123,16,-32,16,-118,16,-85,16,-92,16,-112,16,-70,16,-116,16,0,0,0,0,-5,16,-100,16,63,0,-86,16,-121,0,-101,16,-37,0,-135,16,15,1,101,16,23,1,58,16,-11,0,31,16,-57,0,19,16,-109,0,29,16,126,0,66,16,99,0,118,16,97,0,-98,16,113,0]"
CSI_DATA,121728,d8:b1:90:d9:de:f0,-38,9,-99,-32,39,104,-1675259409,98,0,106,0,"[-75,0,11,0,10,1,7,0,61,1,-15,15,68,1,-38,15,54,1,-53,15,30,1,-55,15,7,1,-50,15,-28,0,-29,15,-72,0,17,0,-125,0,63,0,82,0,105,0,45,0,-127,0,13,0,-126,0,0,0,0,0,-48,15,81,0,-100,15,32,0,87,15,-24,15,8,15,-69,15,-52,14,-93,15,-78,14,-99,15,-73,14,-82,15,-49,14,-66,15,-15,14,-51,15,25,15,-36,15,83,15,-43,15,-109,15,-68,15,-55,15]"
CSI_DATA,121729,d8:b1:90:d9:de:f0,-39,9,-99,-34,40,104,-1675259313,756,0,106,0,"[-73,14,-84,0,-94,14,-4,0,-77,14,50,0,-52,14,62,0,-31,14,56,0,-8,14,34,0,-5,14,2,0,-15,14,-33,0,-41,14,-83,0,-72,14,96,0,-104,14,40,0,-120,14,7,0,-119,14,-11,14,0,0,0,0,-53,14,-55,14,4,0,-87,14,73,0,101,14,-107,0,33,14,-82,0,-20,13,-85,0,-50,13,-101,0,-56,13,109,0,-45,13,79,0,-13,13,62,0,39,14,52,0,94,14,65,0,-84,14,87,0]"
CSI_DATA,121730,d8:b1:90:d9:de:f0,-38,9,-99,-34,39,104,-1675258970,130,0,106,0,"[-90,0,45,0,5,1,44,0,65,1,18,0,72,1,-27,15,60,1,-59,15,25,1,-74,15,-4,0,-78,15,-41,0,-58,15,-91,0,-10,15,132,0,41,0,92,0,91,0,67,0,122,0,48,0,127,0,0,0,0,0,-16,15,87,0,-86,15,48,0,98,15,18,0,2,15,11,0,-68,14,24,0,-95,14,49,0,-85,14,76,0,-48,14,92,0,1,15,104,0,54,15,99,0,105,15,66,0,-121,15,8,0,-95,15]"
CSI_DATA,121731,d8:b1:90:d9:de:f0,-39,11,-99,-34,40,104,-1674633164,277,0,106,0,"[91,14,-45,14,11,14,-42,14,-39,13,-22,14,-51,13,0,0,-47,13,30,0,-23,13,41,0,-8,13,46,0,21,14,33,0,68,14,0,0,113,14,-37,14,-86,14,-81,14,-64,14,-112,14,-46,14,-119,14,0,0,0,0,7,0,-73,14,58,0,-21,14,-96,0,9,0,-6,0,26,0,64,0,27,0,102,0,-6,14,98,0,-40,14,60,0,-54,14,12,0,-76,14,-34,0,-70,14,-76,0,-34,14,-114,0,16,0,110,0]"
CSI_DATA,121732,d8:b1:90:d9:de:f0,-39,9,-99,-35,40,104,-1674632683,756,0,106,0,"[122,14,-84,14,44,14,-119,14,-20,13,-110,14,-44,13,-77,14,-41,13,-41,14,-27,13,-18,14,-3,13,0,14,30,14,-5,14,76,14,-34,14,-124,14,-73,14,-78,14,-114,14,-59,14,102,14,-47,14,104,14,0,0,0,0,-12,14,-90,14,51,0,-43,14,-109,0,-17,14,-11,0,-12,14,64,0,-39,14,96,0,-83,14,74,0,-119,14,34,0,103,14,-20,0,98,14,-72,0,118,14,-106,0,-84,14,-116,0,-17,14,-113,0]"
CSI_DATA,121733,d8:b1:90:d9:de:f0,-38,9,-99,-34,39,104,-1674632304,98,0,106,0,"[-101,0,-6,15,-14,0,-28,15,28,1,-79,15,26,1,-127,15,5,1,108,15,-25,0,99,15,-54,0,98,15,-76,0,114,15,-98,0,-111,15,-112,0,-49,15,-115,0,9,0,-114,0,45,0,-122,0,61,0,0,0,0,0,85,0,63,0,10,0,85,0,-59,15,-120,0,-113,15,-34,0,-127,15,43,1,-102,15,91,1,-49,15,96,1,0,0,74,1,33,0,24,1,45,0,-27,0,25,0,-77,0,-26,15,-119,0,-66,15]"
CSI_DATA,121734,d8:b1:90:d9:de:f0,-39,9,-99,-33,40,104,-1674423820,130,0,106,0,"[99,0,-106,0,-66,0,-56,0,-11,0,-43,0,13,0,-58,0,22,0,-88,0,15,0,-110,0,-10,0,101,0,-47,0,86,0,-106,0,80,0,59,0,86,0,-2,13,99,0,-43,13,108,0,-57,13,96,0,0,0,0,0,-50,13,28,0,-58,13,-44,13,-88,13,102,13,100,13,22,13,52,13,-25,12,16,13,-22,12,8,13,4,13,11,13,51,13,32,13,93,13,67,13,-110,13,-113,13,-87,13,-45,13,-77,13,10,0]"
CSI_DATA,121735,d8:b1:90:d9:de:f0,-40,9,-99,-35,41,104,-1674423649,224,0,106,0,"[74,12,-44,12,-5,12,-48,12,-53,12,-26,12,-65,12,0,0,-54,12,22,0,-32,12,54,0,-4,12,58,0,36,12,48,0,79,12,14,0,-99,12,-25,12,-58,12,-71,12,-36,12,-100,12,-23,12,-103,12,0,0,0,0,23,0,-53,12,73,0,-12,12,-77,0,30,0,2,0,48,0,71,0,39,0,92,0,12,0,75,0,-12,12,46,0,-33,12,7,0,-52,12,-37,0,-45,12,-92,0,-25,12,86,0,11,0,57,0]"
CSI_DATA,121736,d8:b1:90:d9:de:f0,-36,11,-99,-34,37,104,-1674308883,100,0,114,0,"[24,-22,28,-22,33,-22,33,-21,36,-20,36,-18,33,-17,34,-14,32,-14,32,-13,30,-12,30,-12,32,-12,32,-12,33,-13,34,-14,36,-16,37,-14,40,-17,38,-17,40,-16,40,-16,40,-17,40,-16,38,-14,38,-14,38,-12,37,-13,0,0,37,-13,37,-12,38,-13,37,-14,38,-13,41,-13,40,-13,40,-13,40,-13,38,-12,37,-13,36,-12,34,-12,33,-12,32,-12,32,-12,29,-12,30,-10,32,-12,33,-12,34,-12,37,-12,37,-10,38,-10,40,-9,40,-6,37,-4,34,-1]"
CSI_DATA,121737,d8:b1:90:d9:de:f0,-38,11,-99,-33,39,104,-1674215365,277,0,106,0,"[-129,0,-120,0,-48,0,-68,0,16,1,-67,0,43,1,-104,0,51,1,116,0,30,1,86,0,-2,0,52,0,-59,0,48,0,-130,0,54,0,49,0,90,0,-11,15,127,0,-39,15,-110,0,-45,15,-115,0,0,0,0,0,-62,15,73,0,-95,15,0,0,103,15,-83,15,28,15,129,15,-43,14,107,15,-74,14,128,15,-64,14,-101,15,-37,14,-61,15,15,15,-39,15,63,15,-27,15,123,15,-45,15,-84,15,-83,15,-53,15]"
CSI_DATA,121738,d8:b1:90:d9:de:f0,-39,9,-99,-34,40,104,-1674214902,98,0,106,0,"[-96,14,97,14,84,14,28,14,35,14,6,14,8,14,14,14,8,14,37,14,21,14,68,14,54,14,96,14,107,14,-119,14,-57,14,-92,14,27,0,-72,14,98,0,-64,14,-105,0,-60,14,-100,0,-51,14,0,0,0,0,74,0,8,0,21,0,63,0,-28,14,-84,0,-66,14,0,0,-77,14,59,0,-77,14,87,0,-58,14,73,0,-38,14,36,0,-26,14,-14,0,-34,14,-72,0,-50,14,102,0,-87,14,38,0,-120,14]"
CSI_DATA,121739,d8:b1:90:d9:de:f0,-38,9,-99,-34,39,104,-1674005994,108,0,106,0,"[130,15,108,15,54,15,54,15,0,15,55,15,-22,14,80,15,-22,14,114,15,2,15,-127,15,31,15,-104,15,84,15,-103,15,-116,15,-116,15,-44,15,-130,15,13,0,126,15,47,0,129,15,61,0,-127,15,0,0,0,0,86,0,-38,15,109,0,40,0,-113,0,117,0,-63,0,-93,0,-21,0,-51,0,-3,0,-45,0,-10,0,-66,0,-32,0,-84,0,-60,0,-119,0,-94,0,132,0,124,0,127,0,70,0,129,0,23,0]"
CSI_DATA,121740,d8:b1:90:d9:de:f0,-37,9,-99,-37,39,104,-1673993223,98,0,106,0,"[-123,17,-92,0,-135,17,12,1,-95,17,73,1,-42,17,81,1,4,0,63,1,39,0,15,1,47,0,-28,0,32,0,-76,0,-23,17,-138,0,-85,17,116,0,-136,17,86,0,133,17,73,0,-143,17,60,0,0,0,0,0,-102,17,-10,17,-69,17,-99,17,-78,17,94,17,-98,17,11,17,-145,17,-41,16,114,17,-47,16,99,17,-6,16,107,17,45,17,120,17,86,17,145,17,110,17,-102,17,133,17,-51,17,140,17,-11,17]"
CSI_DATA,121741,d8:b1:90:d9:de:f0,-37,11,-99,-37,39,104,-1673588667,277,0,106,0,"[18,0,-47,0,85,0,31,1,-136,0,56,1,-84,0,15,1,-66,0,-32,0,-68,0,-73,0,-83,0,-107,0,-114,0,-128,0,125,0,-129,0,60,0,-124,0,15,0,-124,0,-26,17,-129,0,-33,17,144,0,0,0,0,0,-79,17,92,0,-138,17,33,0,86,17,-1,17,13,17,-23,17,-47,16,-10,17,-66,16,1,0,-50,16,35,0,-28,16,55,0,9,17,65,0,41,17,87,0,72,17,60,0,103,17,31,0,133,17]"
CSI_DATA,121742,d8:b1:90:d9:de:f0,-38,9,-99,-34,39,104,-1673588177,756,0,106,0,"[-37,15,-47,0,-15,15,45,1,27,0,88,1,62,0,82,1,85,0,47,1,85,0,15,1,73,0,-25,0,37,0,-55,0,-13,15,-94,0,-77,15,-130,0,-117,15,100,0,134,15,73,0,-131,15,48,0,0,0,0,0,-103,15,-28,15,-62,15,-100,15,-44,15,81,15,-25,15,4,15,-27,15,-46,14,-34,15,-72,14,-42,15,-59,14,-50,15,-34,14,-47,15,-2,14,-39,15,32,15,-13,15,70,15,23,0,103,15,55,0]"
CSI_DATA,121743,d8:b1:90:d9:de:f0,-38,9,-99,-36,40,104,-1673587807,98,0,106,0,"[75,15,-94,15,-12,14,-99,15,-64,14,-63,15,-70,14,-25,15,-45,14,6,0,-14,14,24,0,22,15,25,0,60,15,1,0,94,15,-37,15,-124,15,-83,15,-85,15,-116,15,-60,15,124,15,-35,15,126,15,0,0,0,0,33,0,-89,15,89,0,-68,15,-87,0,-50,15,-18,0,-47,15,28,1,-53,15,48,1,-68,15,37,1,-74,15,13,1,-89,15,-17,0,-90,15,-48,0,-76,15,-78,0,-52,15,-102,0,-21,15,-124,0]"
CSI_DATA,121744,d8:b1:90:d9:de:f0,-38,9,-99,-35,39,104,-1673587675,130,0,106,0,"[49,16,-23,16,-37,15,7,0,-69,15,61,0,-56,15,102,0,-20,15,127,0,16,16,128,0,42,16,116,0,69,16,85,0,92,16,34,0,115,16,-22,16,136,16,-67,16,-118,16,-98,16,-90,16,-106,16,0,0,0,0,-6,16,-107,16,57,0,-115,16,133,0,131,16,-80,0,98,16,-41,0,69,16,-31,0,52,16,-50,0,44,16,-75,0,50,16,-107,0,63,16,-130,0,85,16,-137,0,121,16,134,0,-116,16,130,0]"
CSI_DATA,121745,d8:b1:90:d9:de:f0,-37,9,-99,-33,38,104,-1673587531,113,0,106,0,"[106,17,-142,0,63,17,-50,0,79,17,16,1,121,17,45,1,-129,17,34,1,-98,17,12,1,-81,17,-21,0,-90,17,-64,0,-109,17,-116,0,-139,17,123,0,137,17,68,0,129,17,33,0,140,17,8,0,0,0,0,0,-107,17,-63,17,-68,17,-123,17,-34,17,87,17,-24,17,9,17,-28,17,-43,16,-43,17,-65,16,-63,17,-53,16,-80,17,-25,16,-83,17,3,17,-81,17,41,17,-57,17,70,17,-26,17,99,17,5,0]"
CSI_DATA,121746,d8:b1:90:d9:de:f0,-38,9,-99,-33,39,104,-1673379277,101,0,106,0,"[-61,0,41,0,21,1,29,0,64,1,-9,15,53,1,-60,15,16,1,-95,15,-30,0,-95,15,-74,0,-82,15,-118,0,-30,15,120,0,48,0,118,0,128,0,130,0,-85,0,-116,0,-75,0,-114,0,-92,0,0,0,0,0,67,0,113,0,-12,15,100,0,-107,15,126,0,81,15,-91,0,44,15,-40,0,43,15,-12,0,73,15,-7,0,107,15,-26,0,127,15,-55,0,-128,15,-85,0,120,15,-121,0,94,15,112,0,84,15]"
CSI_DATA,121747,d8:b1:90:d9:de:f0,-40,11,-99,-34,41,104,-1673309159,100,0,228,0,"[9,-2,12,-2,15,-3,19,-2,21,0,22,0,24,3,91,37,21,7,20,9,18,10,17,10,15,10,14,9,12,8,11,6,11,5,12,3,12,1,13,0,14,-1,-28,-25,15,-3,15,-3,15,-3,15,-2,14,-2,12,-2,0,0,9,-3,7,-4,5,-5,4,-8,4,-10,3,-12,19,0,3,-18,3,-20,5,-21,5,-21,5,-21,7,-21,7,-20,8,-18,8,-17,8,-16,8,-15,8,-15,7,-15,68,0,7,-15,7,-15,7,-14,7,-14,6,-12,7,-11,5,-10,3,10,10,6,14,-1,10,-10,0,-14,-8,-9,-10,0,16,12,0,8,6,3,5,-4,0,-9,-9,-6,-13,2,-9,13,3,19,16,14,24,0,18,-18,2,-26,-15,-21,-10,-7,-21,13,-5,21,10,18,17,5,14,-9,2,-15,0,0,-14,0,-8,11,3,14,13,8,15,-3,8,-13,0,-31,-13,-7,-13,3,-5,10,3,10,7,2,5,-4,-1,-5,-6,-1,-5,5,0,9,9,6,12,-1,10,-12,5,-33,-15,-13,-21,0,-17,15,-4,23,11,20,21,7,18,-6]"
CSI_DATA,121748,d8:b1:90:d9:de:f0,-37,9,-99,-36,39,104,-1673170369,113,0,106,0,"[-126,16,92,16,90,16,31,16,34,16,24,16,21,16,61,16,39,16,103,16,85,16,131,16,138,16,140,16,-76,16,123,16,4,0,90,16,71,0,53,16,109,0,32,16,109,0,31,16,100,0,60,16,0,0,0,0,87,0,-96,16,97,0,-4,16,138,0,93,0,-104,0,-114,0,-62,0,-65,0,-41,0,-49,0,-50,0,-57,0,-65,0,-76,0,-97,0,-90,0,-126,0,-89,0,127,0,-79,0,95,0,-66,0,76,0]"
CSI_DATA,121749,d8:b1:90:d9:de:f0,-36,9,-99,-36,38,104,-1672961515,98,0,106,0,"[36,0,-40,0,75,0,37,1,130,0,57,1,159,0,33,1,-143,0,-3,0,158,0,-49,0,134,0,-80,0,83,0,-93,0,8,0,-103,0,-62,18,-103,0,-113,18,-99,0,-133,18,-110,0,-127,18,-144,0,0,0,0,0,-125,18,93,0,-151,18,10,0,120,18,-66,18,65,18,-132,18,26,18,152,18,7,18,146,18,8,18,-158,18,27,18,-139,18,51,18,-132,18,66,18,-128,18,90,18,-135,18,114,18,-144,18,140,18]"
CSI_DATA,121750,d8:b1:90:d9:de:f0,-36,9,-99,-38,38,104,-1672907630,98,0,106,0,"[98,0,-61,0,154,0,17,1,-129,0,30,1,-114,0,-6,0,-116,0,-44,0,-156,0,-81,0,132,0,-96,0,69,0,-90,0,-8,20,-74,0,-74,20,-52,0,-124,20,-44,0,-128,20,-68,0,-110,20,-116,0,0,0,0,0,-93,20,105,0,-106,20,-12,20,-162,20,-110,20,136,20,149,20,100,20,96,20,82,20,82,20,89,20,92,20,104,20,109,20,126,20,122,20,142,20,116,20,164,20,105,20,-158,20,106,20,-138,20]"
CSI_DATA,121751,d8:b1:90:d9:de:f0,-35,9,-99,-36,37,104,-1672895478,130,0,106,0,"[94,21,-155,21,-16,19,177,21,-67,19,-151,21,-53,19,-110,21,-26,19,-76,21,29,21,-64,21,76,21,-80,21,132,21,-129,21,-179,21,149,21,-149,21,88,21,-124,21,42,21,-113,21,49,21,-93,21,108,21,0,0,0,0,-16,21,-153,21,74,0,-79,21,-172,0,-36,21,-73,0,-7,21,4,1,-2,21,22,1,-7,21,9,1,-15,21,-14,0,-15,21,-38,0,-12,21,-43,0,2,0,-59,0,22,0,-69,0,35,0,-100,0]"
CSI_DATA,121752,d8:b1:90:d9:de:f0,-37,11,-99,-34,38,104,-1672544170,277,0,106,0,"[148,17,97,17,93,17,43,17,30,17,47,17,9,17,87,17,1,17,140,17,28,17,-130,17,54,17,-108,17,96,17,-114,17,146,17,-149,17,-114,17,110,17,-93,17,65,17,-85,17,40,17,-71,17,49,17,0,0,0,0,-53,17,110,17,-1,17,130,17,73,0,125,17,144,0,109,17,-102,0,77,17,-85,0,47,17,-102,0,34,17,-143,0,32,17,131,0,42,17,108,0,48,17,99,0,72,17,111,0,109,17,117,0]"
CSI_DATA,121753,d8:b1:90:d9:de:f0,-37,9,-99,-35,39,104,-1672543680,108,0,106,0,"[-61,0,-117,16,-17,0,102,16,-25,0,34,16,-74,0,6,16,-129,0,-3,15,106,0,15,16,75,0,40,16,77,0,75,16,109,0,114,16,-129,0,-133,16,-93,0,-118,16,-77,0,-121,16,-89,0,-127,16,0,0,0,0,-127,0,-100,16,-133,0,-45,16,-110,0,16,0,-61,0,64,0,-6,0,78,0,27,1,67,0,32,1,34,0,19,1,-4,16,-3,0,-31,16,-26,0,-58,16,-45,0,-59,16,-70,0,-44,16,-92,0]"
CSI_DATA,121754,d8:b1:90:d9:de:f0,-37,11,-99,-33,38,104,-1672335270,277,0,106,0,"[-135,17,60,17,108,17,3,17,58,17,1,17,41,17,32,17,57,17,73,17,69,17,109,17,105,17,129,17,-138,17,135,17,-73,17,118,17,-3,17,97,17,45,0,83,17,70,0,81,17,84,0,102,17,0,0,0,0,113,0,-129,17,-146,0,-77,17,-83,0,-15,17,-21,0,27,0,32,1,54,0,54,1,51,0,41,1,39,0,20,1,23,0,0,1,12,0,-25,0,16,0,-58,0,31,0,-84,0,54,0,-114,0]"
CSI_DATA,121755,d8:b1:90:d9:de:f0,-38,9,-99,-34,39,104,-1672334825,124,0,106,0,"[-38,0,68,0,39,1,55,0,72,1,12,0,62,1,-40,15,25,1,-70,15,-13,0,-77,15,-54,0,-67,15,-86,0,-31,15,-108,0,25,0,-118,0,88,0,-120,0,127,0,-122,0,-121,0,-132,0,-122,0,0,0,0,0,75,0,130,0,16,0,-127,0,-49,15,-94,0,-100,15,-38,0,-122,15,11,1,-115,15,38,1,-90,15,38,1,-60,15,23,1,-38,15,0,1,-18,15,-31,0,-28,15,-62,0,-54,15,-93,0,-72,15]"
CSI_DATA,121756,d8:b1:90:d9:de:f0,-35,11,-99,-37,37,104,-1672309188,100,0,114,0,"[18,31,18,34,20,39,17,40,15,40,15,39,13,39,13,37,13,37,13,36,13,34,13,34,11,33,13,34,14,36,14,37,15,36,17,37,18,40,20,39,21,40,20,40,21,40,21,39,21,39,21,39,21,37,21,36,0,0,23,36,21,36,21,37,24,37,26,37,26,37,26,37,26,37,26,36,26,34,24,33,26,33,24,30,24,29,23,27,24,27,24,26,26,26,27,26,27,27,29,27,29,30,30,31,30,33,29,34,27,34,24,33,21,31]"
CSI_DATA,121757,d8:b1:90:d9:de:f0,-37,9,-99,-33,38,104,-1672125908,130,0,106,0,"[106,17,-146,0,31,17,-86,0,17,17,-30,0,38,17,-1,0,76,17,11,1,116,17,-9,0,143,17,-42,0,-133,17,-100,0,-135,17,101,0,139,17,9,0,113,17,-65,17,91,17,-105,17,99,17,-113,17,0,0,0,0,-130,17,-109,17,-46,17,-128,17,40,0,114,17,114,0,48,17,-138,0,-6,16,-128,0,-34,16,145,0,-36,16,117,0,-12,16,103,0,23,17,92,0,56,17,109,0,105,17,137,0,-137,17,-135,0]"
CSI_DATA,121758,d8:b1:90:d9:de:f0,-38,11,-99,-36,39,104,-1671708572,277,0,106,0,"[-6,16,-61,0,13,0,35,1,49,0,81,1,78,0,71,1,95,0,30,1,84,0,-15,0,51,0,-65,0,-4,16,-120,0,-83,16,113,0,123,16,67,0,58,16,42,0,41,16,37,0,57,16,30,0,0,0,0,0,-106,16,-26,16,-30,16,-85,16,47,0,112,16,94,0,19,16,118,0,-46,15,112,0,-65,15,96,0,-39,15,79,0,3,16,78,0,59,16,93,0,113,16,126,0,-116,16,-105,0,-69,16,-76,0]"
CSI_DATA,121759,d8:b1:90:d9:de:f0,-37,9,-99,-37,39,104,-1671708118,98,0,106,0,"[70,0,68,17,83,0,-33,16,58,0,-87,16,24,0,-87,16,-2,17,-55,16,-16,17,-11,16,1,0,47,17,41,0,107,17,101,0,-124,17,-118,0,-75,17,-60,0,-36,17,-39,0,-27,17,-64,0,-24,17,0,0,0,0,130,0,32,0,54,0,99,0,-6,17,-97,0,-49,17,-6,0,-54,17,66,1,-39,17,83,1,-31,17,55,1,-11,17,15,1,-17,17,-33,0,-50,17,-73,0,-97,17,-113,0,-146,17,-136,0,118,17]"
CSI_DATA,121760,d8:b1:90:d9:de:f0,-38,9,-99,-35,39,104,-1671707959,756,0,106,0,"[-97,16,-75,0,-117,16,13,1,-98,16,66,1,-62,16,68,1,-30,16,44,1,-6,16,4,1,-10,16,-50,0,-45,16,-106,0,-103,16,109,0,107,16,54,0,62,16,23,0,43,16,21,0,62,16,23,0,0,0,0,0,-114,16,-35,16,-50,16,-92,16,10,0,94,16,35,0,2,16,28,0,-61,15,9,0,-80,15,-4,16,-53,15,-9,16,-13,15,-3,16,34,16,25,0,76,16,71,0,104,16,118,0,117,16,-137,0]"
CSI_DATA,121761,d8:b1:90:d9:de:f0,-37,9,-99,-38,39,104,-1671707598,262,0,106,0,"[92,17,108,0,19,17,-127,0,7,17,-60,0,36,17,-27,0,93,17,-29,0,139,17,-49,0,-140,17,-99,0,-137,17,142,0,147,17,54,0,109,17,-21,17,76,17,-71,17,61,17,-78,17,82,17,-66,17,0,0,0,0,-112,17,-68,17,-19,17,-110,17,57,0,109,17,111,0,29,17,115,0,-35,16,96,0,-64,16,71,0,-46,16,42,0,-10,16,35,0,36,17,53,0,84,17,96,0,123,17,139,0,140,17,-141,0]"
CSI_DATA,121762,d8:b1:90:d9:de:f0,-38,9,-99,-36,39,104,-1671707437,242,0,106,0,"[49,0,68,16,30,0,-41,15,-28,16,-84,15,-92,16,-69,15,-133,16,-20,15,-130,16,33,16,-108,16,83,16,-50,16,129,16,31,0,-131,16,117,0,-134,16,-114,0,132,16,-105,0,112,16,-129,0,120,16,0,0,0,0,88,0,-63,16,85,0,29,0,123,0,136,0,-98,0,-71,0,-38,0,-37,0,3,1,-56,0,1,1,-97,0,-26,0,135,0,-69,0,111,0,-118,0,106,0,121,0,127,0,77,0,-113,0,83,0]"
CSI_DATA,121763,d8:b1:90:d9:de:f0,-38,9,-99,-36,40,104,-1671499200,98,0,106,0,"[-64,0,-56,0,18,1,-50,0,57,1,-93,0,41,1,107,0,4,1,64,0,-57,0,48,0,-110,0,57,0,89,0,89,0,35,0,-117,0,6,0,-73,0,-10,15,-44,0,-22,15,-49,0,-36,15,-83,0,0,0,0,0,-96,15,102,0,94,15,78,0,30,15,72,0,-22,14,78,0,-39,14,82,0,-22,14,85,0,16,15,78,0,59,15,58,0,83,15,35,0,94,15,0,0,96,15,-41,15,93,15,-68,15,90,15]"
CSI_DATA,121764,d8:b1:90:d9:de:f0,-40,11,-99,-34,41,104,-1671308830,100,0,228,0,"[-5,-4,-7,-5,-10,-5,-13,-6,-16,-9,-16,-10,-18,-13,91,37,-15,-15,-15,-16,-14,-17,-13,-18,-11,-17,-10,-17,-10,-16,-10,-15,-10,-14,-10,-12,-10,-10,-10,-8,-11,-5,-28,-25,-14,-3,-15,0,-15,-1,-15,0,-15,0,-14,-1,0,0,-11,-1,-10,0,-8,0,-5,1,-4,3,-1,5,-16,12,1,12,2,15,1,19,1,21,0,22,0,22,-1,22,-2,23,-3,21,-4,21,-5,20,-5,20,-5,19,-58,12,-4,18,-4,17,-3,16,-2,16,-1,15,-1,15,-1,13,5,-7,-1,-11,-10,-8,-14,1,-10,10,0,14,9,10,-5,-14,6,-6,0,-7,-5,-2,-4,4,2,6,9,2,10,-6,2,-15,-10,-14,-21,-3,-20,12,-6,26,13,25,14,5,26,-10,11,-24,-7,-24,-20,-10,-20,6,-8,16,0,0,14,5,12,-7,0,-13,-10,-9,-15,1,-9,13,3,26,14,9,15,-3,9,-12,-2,-13,-9,-6,-8,0,-3,5,0,3,1,0,-1,-2,-6,0,-6,6,0,13,5,31,19,3,20,-11,8,-24,-8,-24,-22,-13,-25,3,-15,15]"
CSI_DATA,121765,d8:b1:90:d9:de:f0,-36,11,-99,-35,37,104,-1671290773,277,0,106,0,"[164,0,-107,20,-93,0,-152,20,-52,0,137,20,-56,0,97,20,-80,0,67,20,-118,0,68,20,-130,0,78,20,-133,0,101,20,-129,0,163,20,-107,0,-123,20,-74,0,-59,20,-56,0,-24,20,-71,0,-16,20,0,0,0,0,-142,0,-13,20,126,0,21,0,42,0,102,0,-27,20,-144,0,-53,20,-37,0,-41,20,37,1,-2,20,60,1,43,0,50,1,68,0,26,1,80,0,9,1,75,0,-17,0,48,0,-57,0,23,0]"
CSI_DATA,121766,d8:b1:90:d9:de:f0,-37,9,-99,-35,38,104,-1671290292,98,0,106,0,"[141,0,108,0,-94,0,-146,0,-20,0,-146,0,18,1,127,0,29,1,86,0,22,1,50,0,8,1,34,0,-15,0,31,0,-51,0,62,0,-88,0,114,0,-108,0,150,0,-121,0,-136,0,-128,0,-140,0,0,0,0,0,144,0,118,0,66,0,90,0,-36,18,97,0,-136,18,143,0,105,18,-100,0,81,18,-36,0,112,18,11,1,-156,18,24,1,-113,18,24,1,-73,18,15,1,-59,18,-11,0,-62,18,-47,0,-62,18]"
CSI_DATA,121767,d8:b1:90:d9:de:f0,-36,9,-99,-36,37,104,-1671270498,130,0,106,0,"[-38,21,-141,0,-49,21,-36,0,-8,21,29,1,42,0,46,1,93,0,36,1,131,0,-4,0,146,0,-29,0,128,0,-53,0,69,0,-81,0,11,0,-86,0,-46,21,-72,0,-74,21,-64,0,-66,21,-84,0,0,0,0,0,-39,21,-161,0,-72,21,121,0,-148,21,45,0,110,21,-8,21,8,21,-14,21,-48,19,19,0,-45,19,57,0,-11,19,98,0,18,21,128,0,35,21,141,0,62,21,124,0,80,21,110,0,100,21]"
CSI_DATA,121768,d8:b1:90:d9:de:f0,-36,9,-99,-37,38,104,-1671269725,113,0,106,0,"[-141,19,-152,19,137,19,106,19,66,19,73,19,40,19,84,19,25,19,111,19,34,19,136,19,49,19,154,19,72,19,151,19,130,19,119,19,-134,19,95,19,-73,19,62,19,-32,19,53,19,-16,19,67,19,0,0,0,0,-9,19,130,19,47,0,-119,19,142,0,-68,19,-94,0,-15,19,-14,0,5,0,49,1,-9,19,59,1,-33,19,47,1,-54,19,14,1,-69,19,-7,0,-63,19,-32,0,-51,19,-46,0,-16,19,-73,0]"
CSI_DATA,121769,d8:b1:90:d9:de:f0,-37,9,-99,-35,38,104,-1671267498,214,0,106,0,"[-129,18,-143,18,118,18,106,18,52,18,103,18,6,18,136,18,-13,17,-135,18,-2,17,-108,18,13,18,-85,18,34,18,-81,18,77,18,-105,18,117,18,-144,18,140,18,128,18,-155,18,111,18,-146,18,113,18,0,0,0,0,-110,18,-139,18,-37,18,-110,18,56,0,-124,18,145,0,146,18,-106,0,86,18,-92,0,40,18,-122,0,4,18,143,0,0,18,108,0,6,18,83,0,20,18,74,0,41,18,86,0,69,18,85,0]"
CSI_DATA,121770,d8:b1:90:d9:de:f0,-36,9,-99,-37,38,104,-1671266948,214,0,106,0,"[-24,19,-124,0,-59,19,-32,0,-51,19,37,1,-22,19,54,1,5,0,46,1,15,0,25,1,16,0,3,1,-12,19,-19,0,-72,19,-57,0,-138,19,-94,0,139,19,-136,0,108,19,-161,0,108,19,147,0,0,0,0,0,155,19,90,0,-133,19,10,0,-117,19,-93,19,-110,19,125,19,-129,19,32,19,-155,19,-12,18,160,19,-15,18,156,19,-1,18,155,19,29,19,164,19,49,19,-138,19,58,19,-98,19,66,19,-68,19]"
CSI_DATA,121771,d8:b1:90:d9:de:f0,-45,11,-99,-34,46,104,-1670872974,277,0,106,0,"[30,0,-31,0,32,0,-28,0,32,0,-40,0,19,0,-56,0,-4,7,51,0,-32,7,48,0,56,7,56,0,25,7,-43,0,0,7,-14,0,-4,6,8,0,8,7,17,0,27,7,11,0,46,7,-8,0,0,0,0,0,-52,7,-46,0,-55,7,53,0,-57,7,37,0,-55,7,20,0,-46,7,5,0,-32,7,-9,7,-16,7,-27,7,-3,7,-49,7,1,0,44,7,-3,7,9,7,-24,7,-23,6,57,7,-42,6,15,7]"
CSI_DATA,121772,d8:b1:90:d9:de:f0,-45,9,-99,-33,46,104,-1670872484,128,0,106,0,"[-12,6,-34,0,-12,6,-28,0,-12,6,-41,0,-16,6,53,0,-30,6,27,0,-52,6,3,0,36,6,-17,6,0,6,-32,6,-35,6,-41,6,-52,6,-41,6,-51,6,-31,6,-37,6,-26,6,-12,6,-25,6,0,0,0,0,38,6,-28,6,-57,6,-38,6,-38,6,-43,6,-21,6,-47,6,-4,6,-39,6,10,0,-22,6,26,0,-2,6,44,0,17,0,-49,0,34,0,-16,0,43,0,24,0,46,0,56,0,25,0,57,0]"
CSI_DATA,121773,d8:b1:90:d9:de:f0,-46,9,-99,-35,47,104,-1670872335,98,0,106,0,"[-25,6,36,6,-26,6,31,6,-20,6,41,6,-8,6,-52,6,12,0,-36,6,40,0,-25,6,-36,0,-24,6,0,0,-26,6,29,0,-36,6,44,0,-53,6,40,0,54,6,23,0,-55,6,4,0,-42,6,0,0,0,0,-35,0,-20,6,-46,0,-1,6,54,0,12,0,39,0,22,0,23,0,26,0,3,0,23,0,-18,6,16,0,-42,6,13,0,42,6,17,0,9,6,29,0,-17,6,55,0,-30,6,-25,0,-6,6]"
CSI_DATA,121774,d8:b1:90:d9:de:f0,-44,9,-99,-34,45,104,-1670846568,113,0,106,0,"[-45,0,-35,7,-37,0,-34,7,-52,0,-24,7,56,0,-5,7,27,0,22,0,1,0,55,0,-25,7,-41,0,-48,7,1,0,-66,7,38,0,58,7,53,0,54,7,48,0,53,7,23,0,55,7,-20,0,0,0,0,0,-66,7,48,0,59,7,12,0,62,7,-10,7,-63,7,-30,7,-43,7,-41,7,-12,7,-32,7,20,0,-20,7,52,0,-9,7,-49,0,3,0,-6,0,9,0,40,0,7,0,-66,0,-7,7,65,0]"
CSI_DATA,121775,d8:b1:90:d9:de:f0,-43,9,-99,-35,45,104,-1670840177,138,0,106,0,"[-46,0,-50,8,-43,0,-54,8,-60,0,-43,8,55,0,-18,8,35,0,15,0,16,0,56,0,3,0,-38,0,-1,8,14,0,-2,8,52,0,-2,8,-68,0,-8,8,63,0,-13,8,35,0,-25,8,-3,0,0,0,0,0,-47,8,-62,0,-65,8,44,0,61,8,22,0,62,8,1,0,-61,8,-14,8,-34,8,-23,8,0,0,-31,8,32,0,-41,8,67,0,-53,8,-34,0,62,8,-1,0,30,8,7,0,-2,7,-15,0]"
CSI_DATA,121776,d8:b1:90:d9:de:f0,-44,9,-99,-33,45,104,-1670838670,158,0,106,0,"[36,7,20,0,29,7,20,0,47,7,16,0,-57,7,-1,7,-26,7,-22,7,0,0,-56,7,23,0,36,7,40,0,-6,7,56,0,-41,7,60,0,-58,7,56,0,-52,7,57,0,-28,7,60,0,13,7,0,0,0,0,60,0,-54,7,-58,0,-23,7,-54,0,-2,7,-61,0,17,0,51,0,30,0,22,0,31,0,-8,7,28,0,-41,7,29,0,55,7,31,0,18,7,43,0,-20,7,62,0,-39,7,-42,0,-22,7]"
CSI_DATA,121777,d8:b1:90:d9:de:f0,-44,9,-99,-34,45,104,-1670817646,224,0,106,0,"[66,7,-65,7,62,7,67,7,-58,7,-56,7,-30,7,-37,7,10,0,-25,7,53,0,-15,7,-33,0,-15,7,19,0,-22,7,56,0,-31,7,-59,0,-36,7,65,0,-35,7,38,0,-23,7,0,0,-3,7,0,0,0,0,-54,0,30,0,59,0,52,0,40,0,-66,0,22,0,-63,0,3,0,58,0,-12,7,33,0,-26,7,2,0,-38,7,-23,7,-54,7,-58,7,55,7,47,7,23,7,18,7,-12,7,9,7,-32,7]"
CSI_DATA,121778,d8:b1:90:d9:de:f0,-47,9,-99,-36,48,104,-1670663620,228,0,106,0,"[41,0,41,0,-32,0,46,0,-14,0,34,0,-16,0,16,0,-33,0,1,0,46,0,1,0,19,0,10,0,-3,5,36,0,-20,5,-30,0,-23,5,7,0,-11,5,29,0,3,0,32,0,12,0,15,0,0,0,0,0,12,0,-32,0,-10,5,-50,0,-39,5,39,0,35,5,33,0,21,5,30,0,21,5,28,0,33,5,20,0,45,5,4,0,-48,5,-20,5,50,5,47,5,31,5,12,5,0,5,-15,5,-36,5]"
CSI_DATA,121779,d8:b1:90:d9:de:f0,-46,9,-99,-34,47,104,-1670663472,248,0,106,0,"[47,6,-21,6,16,6,-11,6,5,6,9,0,19,6,26,0,40,6,31,0,-44,6,22,0,-24,6,0,6,-16,6,-35,6,-19,6,30,6,-37,6,-2,5,45,6,-15,5,26,6,-12,5,26,6,10,6,0,0,0,0,-53,6,51,6,-21,6,-52,6,10,0,51,6,37,0,39,6,49,0,29,6,51,0,31,6,44,0,46,6,45,0,-38,6,-53,0,-16,6,-28,0,10,0,13,0,29,0,-52,0,24,0,-28,0]"
CSI_DATA,121780,d8:b1:90:d9:de:f0,-47,9,-99,-36,48,104,-1670663301,228,0,106,0,"[5,0,41,5,-3,5,14,5,-14,5,8,5,-23,5,19,5,-23,5,35,5,-13,5,-44,5,5,0,-23,5,35,0,-1,5,-30,0,14,0,3,0,21,0,27,0,24,0,30,0,18,0,14,0,15,0,0,0,0,0,-30,0,14,0,40,0,33,0,13,0,-48,0,-11,5,-29,0,-28,5,-18,0,-36,5,-24,0,-39,5,-41,0,-42,5,36,0,-50,5,7,0,30,5,-23,5,0,5,46,5,-31,5,23,5,41,5]"
CSI_DATA,121781,d8:b1:90:d9:de:f0,-47,9,-99,-33,48,104,-1670663107,248,0,106,0,"[44,0,31,0,-25,0,37,0,-13,0,31,0,-14,0,18,0,-30,0,10,0,41,0,8,0,14,0,13,0,-15,5,30,0,-42,5,-36,0,29,5,-10,0,24,5,6,0,28,5,10,0,37,5,3,0,0,0,0,0,-36,5,-37,0,-40,5,25,0,45,5,-5,5,35,5,-32,5,32,5,45,5,38,5,40,5,-39,5,41,5,-20,5,44,5,7,0,43,5,41,0,34,5,-18,0,14,5,8,0,-14,5,5,0]"
CSI_DATA,121782,d8:b1:90:d9:de:f0,-46,9,-99,-36,47,104,-1670642607,98,0,106,0,"[-31,6,44,6,45,6,30,6,16,6,43,6,13,6,-49,6,24,6,-28,6,48,6,-20,6,-41,6,-24,6,-15,6,-44,6,8,0,38,6,21,0,10,6,20,0,-13,6,10,0,-18,6,2,0,-6,6,0,0,0,0,-3,6,44,6,15,0,-39,6,44,0,-14,6,-39,0,5,0,-15,0,14,0,-5,0,17,0,-11,0,17,0,-25,0,23,0,-40,0,37,0,-48,0,-50,0,-45,0,-13,0,-32,0,17,0,0,0]"
CSI_DATA,121783,d8:b1:90:d9:de:f0,-45,9,-99,-35,46,104,-1670626137,236,0,106,0,"[-55,7,-38,7,20,7,-38,7,-8,6,-15,7,-10,6,6,0,0,7,22,0,20,7,24,0,36,7,16,0,52,7,-5,7,-61,7,-44,7,-59,7,44,7,59,7,14,7,50,7,0,7,48,7,9,7,0,0,0,0,55,7,58,7,-34,7,-40,7,8,0,-21,7,-61,0,-13,7,-17,0,-16,7,5,0,-25,7,5,0,-31,7,-2,0,-33,7,-12,0,-22,7,-14,0,0,7,-5,0,33,0,15,0,61,0,42,0]"
CSI_DATA,121784,d8:b1:90:d9:de:f0,-45,9,-99,-36,47,104,-1670625925,256,0,106,0,"[-12,6,-54,0,4,0,-12,0,32,0,0,0,55,0,0,0,-50,0,-19,0,-52,0,-29,0,47,0,-41,0,25,0,-47,0,-4,6,-42,0,-41,6,-27,0,53,6,-14,0,49,6,-6,0,-57,6,-6,0,0,0,0,0,-20,6,-28,0,-13,6,51,0,-21,6,5,0,-39,6,-40,6,49,6,41,6,32,6,26,6,19,6,34,6,19,6,43,6,33,6,39,6,48,6,32,6,-49,6,11,6,-38,6,-24,6,-54,6]"
CSI_DATA,121785,d8:b1:90:d9:de:f0,-46,9,-99,-35,47,104,-1670625026,236,0,106,0,"[22,0,-52,0,-46,0,-30,0,-13,0,-36,0,0,0,-54,0,-2,0,38,0,-17,0,30,0,-37,0,26,0,46,0,37,0,17,0,-53,0,-10,6,-26,0,-24,6,-1,0,-26,6,14,0,-20,6,13,0,0,0,0,0,4,0,-25,0,2,0,47,0,-11,6,0,0,-36,6,-42,6,44,6,36,6,25,6,27,6,18,6,29,6,23,6,38,6,39,6,40,6,-51,6,34,6,-25,6,13,6,-3,6,-18,6,-6,6]"
CSI_DATA,121786,d8:b1:90:d9:de:f0,-45,9,-99,-37,47,104,-1670624868,256,0,106,0,"[11,0,58,6,0,6,13,6,-28,6,-3,6,-48,6,-1,6,-55,6,14,6,-53,6,27,6,-41,6,40,6,-14,6,47,6,18,0,48,6,-58,0,44,6,-34,0,34,6,-23,0,26,6,-29,0,27,6,0,0,0,0,54,0,41,6,33,0,-43,6,21,0,2,0,18,0,52,0,25,0,-22,0,32,0,0,0,40,0,1,0,36,0,-4,0,23,0,-10,0,8,0,-12,0,-24,6,-6,0,-54,6,15,0,57,6]"
CSI_DATA,121787,d8:b1:90:d9:de:f0,-39,11,-99,-34,40,104,-1670455175,277,0,106,0,"[-83,0,104,14,-56,0,22,14,-88,0,-33,13,111,0,-44,13,73,0,-30,13,38,0,-6,13,26,0,32,14,39,0,72,14,69,0,118,14,101,0,-77,14,-105,0,-49,14,-93,0,-33,14,-101,0,-22,14,0,0,0,0,72,0,12,0,30,0,56,0,-12,14,-110,0,-29,14,-33,0,-20,14,35,0,7,0,61,0,31,0,54,0,56,0,33,0,74,0,0,0,74,0,-33,0,57,0,-66,0,34,0,-92,0,3,0]"
CSI_DATA,121788,d8:b1:90:d9:de:f0,-38,9,-99,-36,40,104,-1670454712,130,0,106,0,"[79,15,-128,0,33,15,-55,0,32,15,-8,0,63,15,3,1,88,15,-7,0,107,15,-43,0,116,15,-77,0,119,15,-124,0,120,15,60,0,114,15,-11,15,114,15,-65,15,121,15,-98,15,-116,15,-102,15,0,0,0,0,-39,15,-75,15,40,0,-50,15,-126,0,-48,15,-37,0,-42,15,32,1,-49,15,62,1,-61,15,57,1,-72,15,26,1,-78,15,-3,0,-73,15,-28,0,-64,15,-61,0,-36,15,-98,0,10,0,-122,0]"
CSI_DATA,121789,d8:b1:90:d9:de:f0,-39,9,-99,-33,40,104,-1670454568,214,0,106,0,"[-52,13,-33,0,-36,13,45,0,-3,13,77,0,25,0,66,0,36,0,44,0,33,0,5,0,21,0,-23,0,-4,13,-64,0,-50,13,-105,0,-95,13,85,0,101,13,51,0,86,13,26,0,97,13,8,0,0,0,0,0,-72,13,-21,13,-7,13,-63,13,51,0,112,13,105,0,50,13,-94,0,-3,12,-88,0,-29,12,-102,0,-33,12,110,0,-17,12,91,0,8,13,83,0,29,13,82,0,68,13,89,0,-117,13,100,0]"
CSI_DATA,121790,d8:b1:90:d9:de:f0,-38,9,-99,-36,40,104,-1670454414,234,0,106,0,"[-15,15,-38,0,8,0,41,1,48,0,65,1,67,0,57,1,76,0,27,1,80,0,-4,0,60,0,-34,0,23,0,-61,0,-28,15,-99,0,-80,15,125,0,-122,15,89,0,114,15,67,0,122,15,43,0,0,0,0,0,-79,15,-11,15,-37,15,-67,15,9,0,114,15,41,0,41,15,54,0,-23,14,52,0,-55,14,39,0,-51,14,28,0,-32,14,19,0,-8,14,21,0,18,15,33,0,53,15,46,0,88,15,68,0]"
CSI_DATA,121791,d8:b1:90:d9:de:f0,-37,9,-99,-34,38,104,-1670398238,264,0,106,0,"[87,0,-67,0,144,0,20,1,-91,0,39,1,-55,0,14,1,-46,0,-32,0,-54,0,-82,0,-89,0,-135,0,-148,0,140,0,60,0,124,0,-45,17,117,0,-122,17,123,0,143,17,136,0,147,17,129,0,0,0,0,0,-110,17,51,0,-96,17,-48,17,-111,17,140,17,-150,17,35,17,108,17,-20,16,70,17,-29,16,59,17,2,17,64,17,45,17,95,17,91,17,140,17,125,17,-106,17,141,17,-42,17,141,17,-1,17]"
CSI_DATA,121792,d8:b1:90:d9:de:f0,-37,9,-99,-36,39,104,-1670397933,284,0,106,0,"[86,16,116,0,17,16,-100,0,10,16,-31,0,41,16,1,1,93,16,6,1,-136,16,-10,0,-103,16,-54,0,-86,16,-111,0,-92,16,88,0,-111,16,1,0,138,16,-69,16,114,16,-90,16,115,16,-89,16,0,0,0,0,-83,16,-78,16,1,0,-100,16,86,0,123,16,-133,0,46,16,-115,0,-22,15,-134,0,-60,15,123,0,-54,15,80,0,-28,15,46,0,12,16,53,0,68,16,61,0,117,16,97,0,-125,16,129,0]"
CSI_DATA,121793,d8:b1:90:d9:de:f0,-38,9,-99,-34,39,104,-1670397155,264,0,106,0,"[-134,15,-94,0,101,15,-5,0,109,15,56,1,-124,15,68,1,-90,15,57,1,-51,15,26,1,-33,15,-29,0,-37,15,-102,0,-57,15,80,0,-95,15,-10,15,132,15,-76,15,106,15,-100,15,108,15,-98,15,0,0,0,0,-65,15,-76,15,18,0,-77,15,132,0,-109,15,-51,0,113,15,0,1,58,15,2,1,26,15,-24,0,22,15,-62,0,41,15,-102,0,73,15,-132,0,122,15,126,0,-87,15,133,0,-25,15,-124,0]"
CSI_DATA,121794,d8:b1:90:d9:de:f0,-37,9,-99,-36,39,104,-1670396958,284,0,106,0,"[84,16,118,0,7,16,-92,0,-4,15,-24,0,31,16,7,1,78,16,8,1,131,16,-10,0,-116,16,-54,0,-90,16,-127,0,-87,16,60,0,-102,16,-41,16,-130,16,-118,16,140,16,134,16,-142,16,-143,16,0,0,0,0,-60,16,-88,16,40,0,-75,16,-133,0,-89,16,-29,0,-131,16,35,1,106,16,44,1,78,16,7,1,60,16,-35,0,78,16,-84,0,100,16,-121,0,-142,16,-143,0,-78,16,-140,0,-12,16,-130,0]"
CSI_DATA,121795,d8:b1:90:d9:de:f0,-35,11,-99,-36,37,104,-1670308850,100,0,114,0,"[-22,28,-28,29,-33,29,-35,26,-38,25,-36,24,-36,21,-36,18,-35,16,-33,15,-32,14,-33,14,-33,14,-35,14,-35,15,-38,15,-39,15,-42,15,-42,15,-43,15,-40,15,-42,15,-42,14,-40,14,-42,12,-40,12,-40,11,-40,11,0,0,-40,9,-42,9,-40,8,-42,8,-42,7,-42,7,-42,7,-43,5,-42,5,-42,5,-40,5,-36,4,-36,5,-33,4,-33,4,-32,4,-32,4,-32,4,-33,2,-33,2,-35,2,-36,1,-36,0,-39,0,-39,-2,-38,-4,-35,-7,-32,-8]"
CSI_DATA,121796,d8:b1:90:d9:de:f0,-36,11,-99,-36,38,104,-1670037376,277,0,106,0,"[-52,0,31,0,42,1,10,0,71,1,-51,18,67,1,-100,18,27,1,-135,18,-13,0,-161,18,-49,0,-154,18,-79,0,-132,18,-105,0,-66,18,-110,0,3,0,-109,0,64,0,-104,0,98,0,-110,0,108,0,0,0,0,0,-149,0,107,0,113,0,120,0,50,0,-127,0,11,0,-55,0,7,0,23,1,30,0,59,1,71,0,52,1,109,0,16,1,129,0,-21,0,133,0,-65,0,103,0,-99,0,65,0,-114,0,27,0]"
CSI_DATA,121797,d8:b1:90:d9:de:f0,-37,9,-99,-35,38,104,-1670036886,124,0,106,0,"[-129,0,-121,0,-53,0,-75,0,1,1,-77,0,20,1,-111,0,17,1,-141,0,-14,0,140,0,-44,0,123,0,-92,0,125,0,145,0,135,0,67,0,-151,0,-3,18,-122,0,-45,18,-101,0,-62,18,-97,0,0,0,0,0,-77,18,146,0,-110,18,78,0,140,18,3,0,61,18,-61,18,-13,17,-95,18,-56,17,-89,18,-59,17,-69,18,-36,17,-29,18,-1,17,-9,18,40,18,-8,18,88,18,-30,18,134,18,-68,18,-150,18]"
CSI_DATA,121798,d8:b1:90:d9:de:f0,-37,9,-99,-36,38,104,-1669827996,108,0,106,0,"[128,18,-57,18,2,18,-61,18,-64,17,-5,18,-76,17,59,0,-36,17,109,0,10,18,135,0,47,18,130,0,95,18,88,0,122,18,13,0,122,18,-70,18,110,18,-127,18,91,18,-143,18,105,18,-123,18,0,0,0,0,-120,18,-67,18,-20,18,-71,18,95,0,-128,18,-138,0,118,18,-104,0,31,18,-122,0,-25,17,159,0,-32,17,104,0,-16,17,75,0,13,18,56,0,46,18,73,0,89,18,105,0,123,18,124,0]"
CSI_DATA,121799,d8:b1:90:d9:de:f0,-37,9,-99,-37,39,104,-1669827842,98,0,106,0,"[-95,17,-114,0,-135,17,-13,0,-128,17,48,1,-101,17,68,1,-73,17,54,1,-55,17,19,1,-58,17,-21,0,-81,17,-85,0,-135,17,127,0,112,17,53,0,68,17,6,0,47,17,-26,17,63,17,-31,17,0,0,0,0,-108,17,-42,17,-16,17,-64,17,93,0,-114,17,-110,0,116,17,-50,0,54,17,-31,0,25,17,-46,0,20,17,-72,0,48,17,-97,0,79,17,-108,0,112,17,-106,0,-120,17,-94,0,-64,17,-90,0]"
CSI_DATA,121800,d8:b1:90:d9:de:f0,-37,9,-99,-37,39,104,-1669827692,228,0,106,0,"[-85,17,123,17,144,17,35,17,79,17,9,17,40,17,20,17,31,17,56,17,46,17,99,17,81,17,128,17,145,17,138,17,-55,17,133,17,26,0,122,17,95,0,101,17,118,0,92,17,115,0,103,17,0,0,0,0,58,0,-83,17,42,0,18,0,43,0,136,0,71,0,-43,0,115,0,32,1,-146,0,55,1,-133,0,38,1,-139,0,4,1,145,0,-33,0,113,0,-64,0,61,0,-88,0,5,0,-98,0,-33,17]"
CSI_DATA,121801,d8:b1:90:d9:de:f0,-37,9,-99,-34,38,104,-1669827543,248,0,106,0,"[144,0,147,0,-55,0,-99,0,20,1,-109,0,52,1,-139,0,48,1,115,0,17,1,80,0,-23,0,62,0,-103,0,85,0,117,0,129,0,36,0,-120,0,-10,17,-70,0,-28,17,-47,0,-24,17,-62,0,0,0,0,0,-16,17,110,0,-43,17,13,0,-110,17,-108,17,103,17,112,17,29,17,64,17,-20,16,72,17,-23,16,97,17,-5,16,133,17,40,17,-148,17,76,17,-129,17,141,17,-140,17,-116,17,137,17,-79,17]"
CSI_DATA,121802,d8:b1:90:d9:de:f0,-35,9,-99,-37,37,104,-1669802166,756,0,106,0,"[-72,21,-110,0,-79,21,23,1,-39,21,98,1,1,0,106,1,33,0,71,1,55,0,18,1,33,0,-43,0,-21,21,-113,0,-107,21,183,0,173,21,116,0,111,21,71,0,84,21,53,0,111,21,43,0,0,0,0,0,-114,21,-30,21,-11,21,-98,21,93,0,165,21,161,0,55,21,-174,0,-37,20,-183,0,-74,20,174,0,-52,20,161,0,-11,20,141,0,37,21,142,0,101,21,173,0,165,21,-168,0,-154,21,-146,0]"
CSI_DATA,121803,d8:b1:90:d9:de:f0,-35,9,-99,-36,37,104,-1669775426,98,0,106,0,"[110,0,35,21,87,0,-66,19,38,0,-111,19,-22,21,-91,19,-57,21,-53,19,-57,21,-2,19,-57,21,48,21,-21,21,91,21,36,0,146,21,117,0,-170,21,170,0,-124,21,-158,0,-93,21,-155,0,-64,21,0,0,0,0,-170,0,5,0,168,0,100,0,-170,0,-162,0,-146,0,-67,0,-110,0,-15,0,-80,0,-1,0,-72,0,-35,0,-84,0,-76,0,-104,0,-124,0,-145,0,-163,0,159,0,-173,0,87,0,-161,0,45,0]"
CSI_DATA,121804,d8:b1:90:d9:de:f0,-36,9,-99,-35,38,104,-1669749358,130,0,106,0,"[-23,0,-62,18,46,1,-127,18,48,1,118,18,-11,0,89,18,-48,0,69,18,-106,0,101,18,-133,0,134,18,-141,0,-135,18,-132,0,-59,18,-122,0,4,0,-96,0,55,0,-92,0,74,0,-117,0,81,0,0,0,0,0,129,0,124,0,67,0,-134,0,34,0,-56,0,24,0,22,1,41,0,81,1,68,0,81,1,94,0,56,1,102,0,-7,0,92,0,-64,0,72,0,-86,0,30,0,-101,0,-19,18,-110,0,-41,18]"
CSI_DATA,121805,d8:b1:90:d9:de:f0,-38,9,-99,-34,39,104,-1669619114,128,0,106,0,"[59,15,105,15,-25,14,116,15,-57,14,-103,15,-47,14,-54,15,-11,14,-21,15,28,15,1,0,64,15,-15,15,92,15,-47,15,113,15,-88,15,124,15,133,15,133,15,109,15,-120,15,110,15,-101,15,122,15,0,0,0,0,-24,15,121,15,22,0,110,15,84,0,70,15,120,0,25,15,132,0,-5,14,126,0,-16,14,99,0,-5,14,76,0,11,15,66,0,31,15,62,0,49,15,74,0,65,15,83,0,76,15,83,0]"
CSI_DATA,121806,d8:b1:90:d9:de:f0,-39,11,-99,-35,40,104,-1669410678,277,0,106,0,"[-49,0,29,0,28,0,24,0,69,0,-6,14,65,0,-29,14,34,0,-46,14,3,0,-46,14,-21,0,-30,14,-58,0,7,0,-87,0,61,0,-121,0,111,0,97,0,-94,0,69,0,-85,0,44,0,-96,0,0,0,0,0,-7,14,104,0,-64,14,57,0,109,14,20,0,47,14,-21,14,-3,13,-46,14,-38,13,-51,14,-34,13,-53,14,-28,13,-42,14,-6,13,-33,14,8,14,-43,14,39,14,-46,14,71,14,-65,14,112,14]"
CSI_DATA,121807,d8:b1:90:d9:de:f0,-38,9,-99,-33,39,104,-1669410206,98,0,106,0,"[-68,0,-86,15,-5,0,111,15,6,1,55,15,-28,0,31,15,-57,0,26,15,-95,0,49,15,-108,0,81,15,-111,0,-131,15,-101,0,-65,15,-83,0,-4,15,-64,0,38,0,-63,0,57,0,-84,0,62,0,0,0,0,0,96,0,76,0,29,0,92,0,-46,15,-131,0,-112,15,-79,0,114,15,-28,0,99,15,-3,0,107,15,2,1,129,15,-7,0,-113,15,-20,0,-104,15,-37,0,-103,15,-71,0,-115,15,-113,0,-124,15]"
CSI_DATA,121808,d8:b1:90:d9:de:f0,-39,11,-99,-32,40,104,-1669308892,100,0,228,0,"[10,1,14,1,18,2,21,3,24,5,24,7,24,8,97,40,22,10,21,11,19,11,17,10,16,10,15,9,14,8,13,6,12,3,12,1,12,0,12,-3,12,-5,-30,-26,12,-8,11,-9,11,-9,10,-9,9,-9,8,-8,0,0,3,-8,0,-8,-1,-8,-3,-9,-8,-9,-10,-11,-114,13,-15,-14,-16,-16,-16,-16,-16,-17,-16,-17,-16,-17,-15,-17,-14,-16,-13,-16,-11,-14,-12,-13,-11,-11,-11,-10,101,13,-12,-8,-12,-6,-12,-6,-13,-5,-13,-4,-11,-4,-10,-3,0,11,7,10,13,3,11,-7,4,-13,-7,-10,-10,-1,16,15,1,8,8,2,6,-6,0,-10,-11,-6,-15,4,-8,16,6,20,20,11,25,-7,14,-24,-5,-27,-24,-16,-15,-2,-15,21,3,24,18,12,18,-3,8,-14,-5,-14,0,0,-9,8,0,13,10,8,13,-4,6,-13,-6,-13,-26,-17,-13,7,-3,13,6,9,9,0,5,-6,-2,-6,-5,0,-3,6,5,8,10,0,9,-8,0,-15,-12,-13,-32,-10,-18,15,-4,24,14,21,24,7,22,-10,8,-21,-5,-18]"
CSI_DATA,121809,d8:b1:90:d9:de:f0,-36,11,-99,-37,38,104,-1668992879,277,0,106,0,"[90,0,68,19,62,0,-46,18,-9,19,-97,18,-73,19,-82,18,-116,19,-34,18,-125,19,24,19,-108,19,69,19,-62,19,106,19,7,0,120,19,73,0,119,19,123,0,116,19,119,0,116,19,99,0,151,19,0,0,0,0,62,0,-54,19,81,0,45,0,143,0,147,0,-107,0,-103,0,-25,0,-79,0,20,1,-103,0,23,1,-151,0,3,1,123,0,-27,0,84,0,-62,0,75,0,-103,0,79,0,-134,0,101,0,-154,0]"
CSI_DATA,121810,d8:b1:90:d9:de:f0,-37,9,-99,-34,38,104,-1668992389,310,0,106,0,"[-108,0,137,17,-57,0,47,17,-66,0,-13,16,-104,0,-19,16,-135,0,-4,16,131,0,33,17,129,0,82,17,144,0,143,17,-133,0,-85,17,-108,0,-17,17,-85,0,26,0,-89,0,43,0,-118,0,45,0,0,0,0,0,47,0,59,0,-43,17,78,0,-144,17,123,0,76,17,-116,0,29,17,-58,0,27,17,-33,0,58,17,-34,0,95,17,-57,0,121,17,-87,0,131,17,-120,0,131,17,142,0,130,17,91,0,131,17]"
CSI_DATA,121811,d8:b1:90:d9:de:f0,-37,9,-99,-36,39,104,-1668992194,290,0,106,0,"[-132,0,-96,0,-46,0,-57,0,17,1,-72,0,31,1,-106,0,13,1,136,0,-19,0,106,0,-67,0,97,0,-126,0,115,0,95,0,-139,0,32,0,-103,0,-2,16,-77,0,-19,16,-80,0,-16,16,-106,0,0,0,0,0,-39,16,57,0,-78,16,-26,16,142,16,-116,16,65,16,109,16,4,16,85,16,-28,15,99,16,-21,15,125,16,2,16,-129,16,35,16,-105,16,70,16,-99,16,121,16,-107,16,-134,16,-127,16,-107,16]"
CSI_DATA,121812,d8:b1:90:d9:de:f0,-38,9,-99,-36,40,104,-1668783498,98,0,106,0,"[92,0,63,15,103,0,-23,14,75,0,-72,14,36,0,-74,14,8,0,-48,14,0,0,-16,14,3,0,23,15,30,0,57,15,78,0,99,15,-125,0,-117,15,-92,0,-85,15,-78,0,-66,15,-87,0,-51,15,0,0,0,0,113,0,-4,15,61,0,54,0,26,0,-124,0,5,0,-44,0,3,0,21,1,14,0,53,1,36,0,50,1,50,0,32,1,55,0,-1,0,51,0,-34,0,26,0,-62,0,-12,15,-81,0,-42,15]"
CSI_DATA,121813,d8:b1:90:d9:de:f0,-37,9,-99,-37,39,104,-1668783358,130,0,106,0,"[-63,0,-71,17,16,1,-133,17,39,1,102,17,1,1,68,17,-40,0,54,17,-80,0,83,17,-102,0,107,17,-114,0,-137,17,-112,0,-62,17,-99,0,3,0,-86,0,56,0,-83,0,81,0,-107,0,80,0,0,0,0,0,106,0,76,0,19,0,92,0,-63,17,130,0,-142,17,-103,0,106,17,-40,0,98,17,-2,0,118,17,8,1,-138,17,-9,0,-108,17,-34,0,-93,17,-48,0,-99,17,-93,0,-124,17,-146,0,-139,17]"
CSI_DATA,121814,d8:b1:90:d9:de:f0,-38,9,-99,-34,39,104,-1668783205,113,0,106,0,"[-54,0,44,0,36,1,30,0,78,1,-14,15,69,1,-58,15,37,1,-88,15,-6,0,-92,15,-36,0,-81,15,-62,0,-41,15,-90,0,12,0,-111,0,74,0,-121,0,128,0,-130,0,-126,0,127,0,134,0,0,0,0,0,64,0,102,0,-16,15,81,0,-105,15,96,0,79,15,120,0,27,15,-108,0,14,15,-70,0,27,15,-54,0,67,15,-48,0,100,15,-58,0,119,15,-81,0,134,15,-115,0,128,15,109,0,118,15]"
CSI_DATA,121815,d8:b1:90:d9:de:f0,-38,11,-99,-36,39,104,-1668366180,277,0,106,0,"[-68,0,63,0,32,1,31,0,78,1,-28,16,68,1,-93,16,25,1,-132,16,-30,0,-143,16,-70,0,-125,16,-96,0,-83,16,-120,0,-17,16,-118,0,54,0,-108,0,105,0,-96,0,120,0,-96,0,105,0,0,0,0,0,104,0,76,0,25,0,84,0,-63,16,133,0,-127,16,-76,0,138,16,-4,0,-130,16,47,1,-86,16,50,1,-40,16,28,1,-19,16,-6,0,-10,16,-44,0,-34,16,-78,0,-68,16,-106,0,-92,16]"
CSI_DATA,121816,d8:b1:90:d9:de:f0,-37,9,-99,-37,39,104,-1668365718,108,0,106,0,"[18,0,62,17,-13,17,-28,16,-91,17,-62,16,-143,17,-41,16,107,17,1,17,103,17,56,17,113,17,97,17,-138,17,114,17,-73,17,113,17,-10,17,97,17,28,0,69,17,35,0,57,17,24,0,64,17,0,0,0,0,33,0,143,17,70,0,-94,17,-140,0,-50,17,-54,0,-41,17,17,1,-61,17,47,1,-106,17,32,1,-145,17,-15,0,128,17,-64,0,124,17,-93,0,136,17,-106,0,-125,17,-103,0,-90,17,-92,0]"
CSI_DATA,121817,d8:b1:90:d9:de:f0,-37,9,-99,-35,38,104,-1668365618,128,0,106,0,"[66,18,55,0,-33,17,96,0,-67,17,145,0,-41,17,-134,0,-4,17,-119,0,35,18,-143,0,67,18,140,0,89,18,77,0,112,18,-7,18,121,18,-94,18,130,18,154,18,135,18,117,18,-155,18,123,18,0,0,0,0,-69,18,-154,18,17,0,-122,18,128,0,-114,18,-83,0,-125,18,1,1,-151,18,30,1,146,18,13,1,140,18,-15,0,150,18,-42,0,-148,18,-68,0,-121,18,-86,0,-67,18,-81,0,-6,18,-85,0]"
CSI_DATA,121818,d8:b1:90:d9:de:f0,-37,9,-99,-33,38,104,-1668365505,98,0,106,0,"[114,0,-85,0,-128,0,-10,0,-64,0,6,1,-49,0,-13,0,-43,0,-49,0,-70,0,-90,0,-103,0,-107,0,133,0,-112,0,53,0,-108,0,-26,17,-95,0,-91,17,-83,0,-123,17,-81,0,-123,17,-98,0,0,0,0,0,-110,17,113,0,-117,17,26,0,-146,17,-76,17,106,17,129,17,60,17,69,17,28,17,53,17,21,17,63,17,38,17,95,17,70,17,121,17,99,17,124,17,146,17,117,17,-95,17,105,17,-65,17]"
CSI_DATA,121819,d8:b1:90:d9:de:f0,-38,9,-99,-34,39,104,-1668365382,113,0,106,0,"[-51,0,-29,15,28,1,-66,15,59,1,-115,15,42,1,123,15,5,1,111,15,-31,0,120,15,-57,0,-121,15,-83,0,-76,15,-96,0,-6,15,-103,0,72,0,-103,0,127,0,-105,0,-118,0,-121,0,-120,0,0,0,0,0,74,0,120,0,-4,15,108,0,-99,15,117,0,84,15,-124,0,21,15,-88,0,4,15,-66,0,25,15,-58,0,54,15,-64,0,80,15,-88,0,98,15,-113,0,98,15,111,0,86,15,66,0,78,15]"
CSI_DATA,121820,d8:b1:90:d9:de:f0,-35,11,-99,-34,36,104,-1668309189,100,0,114,0,"[-29,-22,-32,-26,-34,-29,-34,-31,-34,-32,-32,-31,-31,-31,-29,-31,-29,-28,-28,-28,-28,-25,-29,-25,-31,-22,-31,-22,-32,-20,-35,-22,-37,-22,-40,-22,-41,-20,-43,-20,-43,-20,-44,-19,-43,-19,-46,-16,-44,-16,-43,-13,-43,-11,-44,-10,0,0,-44,-8,-44,-8,-46,-5,-46,-5,-46,-5,-46,-5,-46,-2,-46,-2,-46,-2,-46,1,-44,4,-41,4,-40,7,-38,5,-37,5,-35,8,-35,8,-35,10,-35,10,-37,11,-38,11,-40,13,-40,14,-43,17,-44,16,-43,14,-41,11,-37,8]"
CSI_DATA,121821,d8:b1:90:d9:de:f0,-37,9,-99,-35,38,104,-1668307108,120,0,106,0,"[-143,0,103,18,-122,0,14,18,150,0,-42,17,101,0,-53,17,45,0,-26,17,22,0,8,18,12,0,50,18,40,0,85,18,89,0,123,18,139,0,152,18,-139,0,-134,18,-128,0,-122,18,-143,0,-94,18,0,0,0,0,144,0,-23,18,151,0,51,0,-129,0,130,0,-88,0,-119,0,-39,0,-90,0,-11,0,-94,0,-7,0,-122,0,-18,0,150,0,-37,0,124,0,-68,0,105,0,-96,0,103,0,-127,0,121,0,-149,0]"
CSI_DATA,121822,d8:b1:90:d9:de:f0,-37,9,-99,-36,39,104,-1668306932,120,0,106,0,"[-123,0,95,16,-118,0,-8,15,113,0,-65,15,51,0,-66,15,-1,16,-39,15,-24,16,4,16,-28,16,49,16,-3,16,85,16,46,0,114,16,96,0,129,16,132,0,136,16,-142,0,-143,16,131,0,-118,16,0,0,0,0,114,0,-47,16,132,0,25,0,-100,0,88,0,-33,0,136,0,24,1,-143,0,47,1,123,0,41,1,79,0,22,1,42,0,-10,0,17,0,-42,0,5,0,-72,0,12,0,-99,0,39,0,-113,0]"
CSI_DATA,121823,d8:b1:90:d9:de:f0,-36,9,-99,-37,38,104,-1668282121,407,0,106,0,"[149,19,-93,0,120,19,-7,0,141,19,49,1,-149,19,47,1,-117,19,25,1,-86,19,-18,0,-89,19,-58,0,-104,19,-103,0,-142,19,159,0,152,19,97,0,114,19,38,0,104,19,6,0,115,19,-20,19,0,0,0,0,-159,19,-88,19,-104,19,-146,19,-71,19,102,19,-44,19,19,19,-38,19,-42,18,-41,19,-66,18,-46,19,-47,18,-62,19,-11,18,-60,19,24,19,-36,19,46,19,-15,19,76,19,24,0,107,19,54,0]"
CSI_DATA,121824,d8:b1:90:d9:de:f0,-38,9,-99,-35,39,104,-1668227083,435,0,106,0,"[54,16,87,0,-2,15,-128,0,-2,15,-64,0,37,16,-32,0,90,16,-33,0,131,16,-53,0,-129,16,-85,0,-131,16,-125,0,133,16,94,0,107,16,42,0,83,16,1,0,73,16,-16,16,76,16,-19,16,0,0,0,0,134,16,-58,16,-109,16,-99,16,-86,16,105,16,-80,16,28,16,-94,16,-20,15,-122,16,-38,15,-139,16,-20,15,118,16,21,16,126,16,55,16,-133,16,83,16,-103,16,103,16,-63,16,109,16,-33,16]"
CSI_DATA,121825,d8:b1:90:d9:de:f0,-37,11,-99,-35,38,104,-1667948381,277,0,106,0,"[85,18,-140,18,-9,17,151,18,-73,17,-124,18,-73,17,-78,18,-53,17,-36,18,-15,17,-8,18,36,18,0,0,75,18,-26,18,122,18,-85,18,-151,18,-139,18,-112,18,129,18,-92,18,116,18,-68,18,134,18,0,0,0,0,-6,18,-127,18,81,0,-94,18,-133,0,-89,18,-41,0,-99,18,11,1,-134,18,23,1,152,18,2,1,134,18,-34,0,130,18,-64,0,141,18,-96,0,-145,18,-113,0,-107,18,-119,0,-72,18,-124,0]"
CSI_DATA,121826,d8:b1:90:d9:de:f0,-38,9,-99,-36,39,104,-1667947936,130,0,106,0,"[-39,0,-20,16,38,1,-74,16,59,1,-139,16,23,1,107,16,-23,0,78,16,-77,0,84,16,-106,0,103,16,-123,0,-141,16,-124,0,-83,16,-115,0,-23,16,-98,0,19,0,-93,0,33,0,-109,0,34,0,0,0,0,0,97,0,67,0,42,0,112,0,-3,16,-105,0,-22,16,-24,0,-7,16,41,1,28,0,61,1,52,0,39,1,75,0,2,1,83,0,-37,0,78,0,-63,0,58,0,-84,0,28,0,-103,0,8,0]"
CSI_DATA,121827,d8:b1:90:d9:de:f0,-36,9,-99,-36,38,104,-1667908568,98,0,106,0,"[-123,18,-70,0,-115,18,32,1,-50,18,90,1,15,0,79,1,61,0,40,1,85,0,-11,0,84,0,-60,0,45,0,-94,0,-13,18,-115,0,-78,18,-127,0,-123,18,-129,0,-139,18,-134,0,-128,18,-161,0,0,0,0,0,-109,18,83,0,-135,18,-2,18,125,18,-74,18,52,18,-128,18,-8,17,-139,18,-40,17,-120,18,-30,17,-84,18,-10,17,-46,18,22,18,-23,18,52,18,-13,18,84,18,-28,18,103,18,-50,18,124,18]"
CSI_DATA,121828,d8:b1:90:d9:de:f0,-37,9,-99,-37,39,104,-1667908355,98,0,106,0,"[-54,0,-94,17,6,1,121,17,-6,0,42,17,-58,0,5,17,-117,0,3,17,116,0,16,17,85,0,54,17,88,0,98,17,124,0,-142,17,-138,0,-105,17,-108,0,-77,17,-97,0,-71,17,-113,0,-57,17,0,0,0,0,123,0,4,0,110,0,75,0,116,0,-145,0,-137,0,-75,0,-83,0,-38,0,-49,0,-42,0,-36,0,-80,0,-41,0,-115,0,-53,0,138,0,-77,0,114,0,-106,0,114,0,-124,0,115,0,-145,0]"
CSI_DATA,121829,d8:b1:90:d9:de:f0,-37,9,-99,-36,39,104,-1667738992,98,0,106,0,"[-66,0,116,0,21,1,118,0,69,1,68,0,67,1,10,0,41,1,-48,16,-3,0,-65,16,-46,0,-61,16,-77,0,-34,16,-103,0,12,0,-111,0,85,0,-109,0,123,0,-106,0,130,0,-115,0,124,0,0,0,0,0,116,0,116,0,60,0,133,0,3,0,-90,0,-23,16,-31,0,-23,16,23,1,-2,16,41,1,31,0,33,1,63,0,-1,0,71,0,-33,0,78,0,-63,0,60,0,-88,0,24,0,-98,0,5,0]"
CSI_DATA,121830,d8:b1:90:d9:de:f0,-37,9,-99,-34,38,104,-1667738842,756,0,106,0,"[70,17,134,0,19,17,-85,0,47,17,-7,0,102,17,23,1,-135,17,30,1,-84,17,-4,0,-58,17,-42,0,-73,17,-89,0,-108,17,-137,0,140,17,130,0,96,17,117,0,83,17,117,0,104,17,108,0,0,0,0,0,149,17,64,0,-150,17,-2,17,106,17,-76,17,55,17,-134,17,4,17,-150,17,-33,16,-130,17,-36,16,-92,17,-11,16,-38,17,21,17,-13,17,47,17,-2,17,80,17,-14,17,108,17,-38,17,108,17]"
CSI_DATA,121831,d8:b1:90:d9:de:f0,-37,11,-99,-34,38,104,-1667530583,277,0,106,0,"[-103,0,-134,0,-13,0,-92,0,42,1,-105,0,46,1,-139,0,21,1,130,0,-5,0,110,0,-54,0,114,0,-108,0,127,0,139,0,-144,0,67,0,-114,0,14,0,-92,0,-23,17,-96,0,-40,17,-122,0,0,0,0,0,-93,17,101,0,-137,17,30,0,91,17,-38,17,23,17,-95,17,-26,16,-123,17,-43,16,-130,17,-29,16,-111,17,-9,16,-96,17,23,17,-87,17,60,17,-86,17,104,17,-104,17,143,17,-127,17,-121,17]"
CSI_DATA,121832,d8:b1:90:d9:de:f0,-37,9,-99,-36,39,104,-1667530102,224,0,106,0,"[29,0,-38,0,93,0,38,1,-131,0,48,1,-90,0,16,1,-84,0,-22,0,-98,0,-71,0,-127,0,-97,0,113,0,-113,0,46,0,-113,0,-16,16,-108,0,-62,16,-102,0,-85,16,-108,0,-88,16,-133,0,0,0,0,0,-90,16,71,0,-122,16,-10,16,111,16,-78,16,46,16,-135,16,-5,15,133,16,-29,15,139,16,-29,15,-116,16,-4,15,-88,16,26,16,-65,16,61,16,-62,16,105,16,-72,16,139,16,-97,16,-121,16]"
CSI_DATA,121833,d8:b1:90:d9:de:f0,-36,9,-99,-36,38,104,-1667483031,101,0,106,0,"[-80,0,-91,18,-2,0,158,18,3,1,90,18,-41,0,51,18,-93,0,40,18,-128,0,69,18,-157,0,103,18,-149,0,152,18,-125,0,-100,18,-94,0,-46,18,-70,0,-10,18,-69,0,2,0,-99,0,6,0,0,0,0,0,130,0,51,0,59,0,110,0,7,0,-117,0,-10,18,-25,0,-1,18,47,1,27,0,71,1,52,0,57,1,70,0,16,1,81,0,-21,0,71,0,-52,0,41,0,-76,0,-1,18,-84,0,-13,18]"
CSI_DATA,121834,d8:b1:90:d9:de:f0,-37,9,-99,-36,39,104,-1667321184,98,0,106,0,"[-60,0,72,0,30,1,66,0,71,1,26,0,71,1,-23,16,34,1,-59,16,-3,0,-77,16,-44,0,-65,16,-79,0,-31,16,-107,0,32,0,-116,0,97,0,-124,0,-133,0,-120,0,-114,0,-123,0,-122,0,0,0,0,0,106,0,130,0,31,0,129,0,-50,16,-122,0,-122,16,-66,0,135,16,-6,0,-141,16,35,1,-109,16,41,1,-71,16,23,1,-40,16,-7,0,-42,16,-53,0,-60,16,-94,0,-103,16,-111,0,-126,16]"
CSI_DATA,121835,d8:b1:90:d9:de:f0,-38,9,-99,-34,39,104,-1667321052,130,0,106,0,"[-42,0,62,0,40,1,45,0,78,1,-6,15,65,1,-65,15,29,1,-100,15,-14,0,-109,15,-51,0,-102,15,-80,0,-70,15,-98,0,-9,15,-101,0,56,0,-100,0,99,0,-95,0,118,0,-98,0,115,0,0,0,0,0,105,0,98,0,43,0,116,0,-20,15,-106,0,-66,15,-36,0,-77,15,28,1,-60,15,65,1,-23,15,62,1,8,0,36,1,29,0,-2,0,33,0,-40,0,4,0,-68,0,-29,15,-79,0,-45,15]"
CSI_DATA,121836,d8:b1:90:d9:de:f0,-40,11,-99,-32,41,104,-1667309223,100,0,228,0,"[10,0,12,0,16,0,19,0,20,1,22,2,23,3,86,35,21,6,19,7,19,7,18,7,16,7,15,7,15,7,14,5,13,4,12,2,12,1,11,-1,11,-3,-27,-23,11,-6,12,-7,11,-7,11,-8,11,-7,10,-7,0,0,7,-7,7,-7,4,-7,2,-8,0,-9,-1,-11,-36,11,-5,-15,-6,-17,-7,-19,-7,-19,-6,-20,-6,-21,-5,-20,-3,-20,-3,-19,-2,-18,-1,-17,-1,-15,-1,-15,-40,11,-3,-13,-3,-11,-5,-11,-5,-11,-6,-11,-6,-11,-5,-10,0,10,8,7,12,0,9,-10,0,-13,-8,-9,-11,0,15,13,1,9,7,3,7,-4,0,-9,-8,-7,-12,2,-7,12,4,17,17,10,22,-4,13,-19,-3,-25,-21,-15,-14,-2,-16,19,0,23,15,15,19,0,11,-12,-1,-15,0,0,-11,3,-3,11,6,10,11,0,9,-10,-1,-15,-15,-22,-15,2,-8,11,1,13,9,7,9,-2,3,-7,-3,-5,-5,0,-1,5,5,5,9,0,7,-9,-2,-15,-15,-25,-19,0,-15,15,-2,23,13,19,22,7,19,-7,8,-16]"
CSI_DATA,121837,d8:b1:90:d9:de:f0,-38,9,-99,-37,40,104,-1667112330,108,0,106,0,"[-106,0,-100,0,-48,0,-59,0,-6,0,-54,0,3,1,-82,0,-3,0,-108,0,-45,0,-120,0,-81,0,130,0,-129,0,-128,0,61,0,-116,0,-6,15,-95,0,-59,15,-80,0,-85,15,-84,0,-89,15,-98,0,0,0,0,0,-87,15,83,0,-96,15,-3,15,126,15,-83,15,88,15,101,15,49,15,52,15,29,15,39,15,28,15,50,15,47,15,73,15,69,15,93,15,99,15,100,15,-126,15,102,15,-79,15,92,15,-50,15]"
CSI_DATA,121838,d8:b1:90:d9:de:f0,-38,9,-99,-35,39,104,-1666694486,98,0,106,0,"[107,16,-130,16,33,16,104,16,-27,15,107,16,-44,15,138,16,-34,15,-90,16,-10,15,-62,16,21,16,-44,16,69,16,-55,16,128,16,-92,16,-102,16,133,16,-65,16,86,16,-52,16,61,16,-47,16,79,16,0,0,0,0,-21,16,116,16,43,0,-113,16,130,0,-99,16,-65,0,-90,16,-4,0,-116,16,20,1,128,16,-2,0,114,16,-32,0,110,16,-64,0,111,16,-91,0,123,16,-104,0,-119,16,-105,0,-79,16,-110,0]"
CSI_DATA,121839,d8:b1:90:d9:de:f0,-37,9,-99,-33,38,104,-1666694345,98,0,106,0,"[33,0,63,17,35,0,-24,16,-11,17,-77,16,-46,17,-79,16,-81,17,-55,16,-112,17,-5,16,-106,17,34,17,-70,17,71,17,-4,17,106,17,75,0,123,17,137,0,123,17,-128,0,113,17,-139,0,116,17,0,0,0,0,131,0,-113,17,123,0,-38,17,-132,0,55,0,-72,0,124,0,-10,0,-132,0,31,1,-139,0,40,1,120,0,19,1,84,0,-10,0,57,0,-43,0,49,0,-77,0,62,0,-112,0,76,0,-132,0]"
CSI_DATA,121840,d8:b1:90:d9:de:f0,-36,11,-99,-33,37,104,-1666308836,100,0,114,0,"[11,33,9,37,7,40,5,41,3,41,2,41,0,40,0,38,0,36,-1,34,-1,34,-1,34,-2,34,-1,34,-1,36,-1,37,-1,38,-2,40,-2,42,-1,42,-1,41,-1,41,-1,40,-1,40,-1,41,-2,41,-2,38,-1,37,0,0,-1,38,-2,37,-2,40,-2,40,-3,40,-3,41,-2,40,-2,41,-2,40,-2,38,-2,38,-2,36,-2,34,-1,33,-2,32,-2,32,-2,29,-2,31,-1,32,-2,33,-3,34,-5,36,-5,36,-9,37,-10,37,-11,34,-12,33,-14,29]"
CSI_DATA,121841,d8:b1:90:d9:de:f0,-38,11,-99,-35,39,104,-1666277186,277,0,106,0,"[-90,16,34,16,135,16,-17,15,89,16,-15,15,76,16,15,16,77,16,51,16,115,16,85,16,-129,16,100,16,-68,16,99,16,-5,16,97,16,50,0,94,16,83,0,98,16,93,0,125,16,93,0,-117,16,0,0,0,0,81,0,-4,16,91,0,74,0,112,0,-118,0,137,0,-50,0,-123,0,-7,0,-111,0,1,1,-113,0,-6,0,-125,0,-37,0,135,0,-56,0,119,0,-65,0,90,0,-73,0,64,0,-78,0,53,0]"
CSI_DATA,121842,d8:b1:90:d9:de:f0,-37,9,-99,-36,39,104,-1666276696,130,0,106,0,"[-58,0,127,0,30,1,122,0,70,1,85,0,53,1,44,0,22,1,12,0,-26,0,6,0,-68,0,25,0,-100,0,67,0,-138,0,122,0,126,0,-114,0,109,0,-87,0,86,0,-95,0,61,0,-129,0,0,0,0,0,-16,16,102,0,-97,16,68,0,97,16,65,0,21,16,63,0,-24,15,76,0,-35,15,94,0,-17,15,103,0,14,16,100,0,41,16,92,0,56,16,78,0,65,16,51,0,72,16,29,0,89,16]"
CSI_DATA,121843,d8:b1:90:d9:de:f0,-38,9,-99,-34,39,104,-1666276561,113,0,106,0,"[88,0,26,15,68,0,-52,14,21,0,-82,14,-23,15,-64,14,-56,15,-26,14,-46,15,21,15,-33,15,58,15,10,0,79,15,65,0,105,15,109,0,111,15,133,0,123,15,130,0,-127,15,116,0,-97,15,0,0,0,0,83,0,6,0,85,0,83,0,102,0,-110,0,-135,0,-44,0,-103,0,-4,0,-80,0,-4,0,-76,0,-22,0,-84,0,-52,0,-97,0,-76,0,-110,0,-88,0,-129,0,-99,0,120,0,-98,0,109,0]"
CSI_DATA,121844,d8:b1:90:d9:de:f0,-37,9,-99,-37,39,104,-1666276416,252,0,106,0,"[85,17,118,17,-10,16,109,17,-57,16,-146,17,-60,16,-87,17,-21,16,-46,17,18,17,-31,17,65,17,-35,17,99,17,-69,17,137,17,-121,17,-142,17,130,17,-117,17,108,17,-99,17,118,17,-73,17,-146,17,0,0,0,0,18,0,-84,17,102,0,-64,17,-103,0,-79,17,-27,0,-95,17,11,1,-127,17,24,1,144,17,3,1,131,17,-27,0,129,17,-60,0,130,17,-77,0,-145,17,-84,0,-123,17,-88,0,-106,17,-110,0]"
CSI_DATA,121845,d8:b1:90:d9:de:f0,-38,9,-99,-34,39,104,-1666276241,124,0,106,0,"[-97,15,33,15,96,15,-11,14,36,15,4,15,15,15,51,15,25,15,102,15,56,15,-129,15,90,15,-119,15,130,15,-126,15,-91,15,115,15,-58,15,90,15,-34,15,72,15,-27,15,91,15,-15,15,123,15,0,0,0,0,44,0,-73,15,110,0,-27,15,-76,0,-11,15,-5,0,-7,15,43,1,-27,15,52,1,-55,15,34,1,-74,15,3,1,-84,15,-27,0,-90,15,-43,0,-81,15,-57,0,-75,15,-67,0,-59,15,-88,0]"
CSI_DATA,121846,d8:b1:90:d9:de:f0,-37,9,-99,-36,39,104,-1666276137,124,0,106,0,"[52,0,-33,0,109,0,29,1,-112,0,33,1,-80,0,-12,0,-80,0,-66,0,-107,0,-100,0,-138,0,-118,0,107,0,-116,0,60,0,-94,0,23,0,-72,0,-2,16,-65,0,-16,16,-78,0,-21,16,-121,0,0,0,0,0,-59,16,90,0,-122,16,32,0,83,16,8,0,13,16,-5,16,-32,15,-1,16,-47,15,19,0,-25,15,40,0,-1,15,59,0,26,16,61,0,44,16,59,0,57,16,49,0,66,16,33,0,90,16]"
CSI_DATA,121847,d8:b1:90:d9:de:f0,-37,11,-99,-37,39,104,-1665859387,277,0,106,0,"[-79,0,-121,0,-5,0,-103,0,38,1,-138,0,35,1,108,0,9,1,72,0,-21,0,49,0,-49,0,46,0,-83,0,69,0,-122,0,103,0,138,0,-147,0,101,0,-118,0,71,0,-107,0,46,0,-112,0,0,0,0,0,-16,17,-103,0,-71,17,-101,0,-131,17,-80,0,114,17,-60,0,90,17,-34,0,83,17,-23,0,98,17,-32,0,121,17,-42,0,142,17,-55,0,-138,17,-66,0,-135,17,-91,0,-130,17,-117,0,-120,17]"
CSI_DATA,121848,d8:b1:90:d9:de:f0,-36,9,-99,-32,37,104,-1665858951,113,0,106,0,"[-103,18,-45,0,-81,18,32,1,-26,18,66,1,22,0,49,1,64,0,10,1,78,0,-28,0,76,0,-60,0,47,0,-79,0,-1,18,-96,0,-52,18,-110,0,-91,18,-123,0,-113,18,-139,0,-125,18,-157,0,0,0,0,0,156,18,123,0,123,18,83,0,56,18,60,0,10,18,45,0,-28,17,51,0,-39,17,69,0,-23,17,85,0,5,18,99,0,37,18,109,0,59,18,115,0,78,18,107,0,100,18,88,0,128,18]"
CSI_DATA,121849,d8:b1:90:d9:de:f0,-37,9,-99,-37,39,104,-1665858842,124,0,106,0,"[77,17,-122,0,60,17,-41,0,91,17,8,1,-146,17,18,1,-97,17,5,1,-64,17,-21,0,-47,17,-49,0,-60,17,-83,0,-93,17,-116,0,-125,17,-143,0,142,17,124,0,124,17,108,0,124,17,84,0,0,0,0,0,108,17,32,0,86,17,-9,17,51,17,-48,17,9,17,-75,17,-32,16,-80,17,-41,16,-68,17,-28,16,-45,17,-9,16,-28,17,11,17,-1,17,31,17,12,0,50,17,16,0,76,17,6,0,106,17]"
CSI_DATA,121850,d8:b1:90:d9:de:f0,-36,9,-99,-35,38,104,-1665858693,124,0,106,0,"[103,0,46,18,81,0,-31,17,25,0,-70,17,-30,18,-50,17,-68,18,-11,17,-80,18,31,18,-77,18,63,18,-53,18,78,18,-9,18,85,18,36,0,88,18,73,0,96,18,90,0,102,18,100,0,121,18,0,0,0,0,138,0,149,18,-140,0,-136,18,-81,0,-125,18,-34,0,-127,18,0,1,-145,18,8,1,150,18,-14,0,135,18,-46,0,127,18,-80,0,122,18,-111,0,121,18,-123,0,138,18,-136,0,-149,18,-150,0]"
CSI_DATA,121851,d8:b1:90:d9:de:f0,-37,9,-99,-33,38,104,-1665858535,124,0,106,0,"[27,0,-18,0,64,0,48,1,103,0,63,1,123,0,43,1,130,0,0,1,122,0,-34,0,95,0,-66,0,45,0,-83,0,-15,17,-98,0,-78,17,-113,0,-129,17,-142,0,142,17,136,0,129,17,107,0,0,0,0,0,107,17,19,0,99,17,-31,17,75,17,-108,17,48,17,129,17,28,17,90,17,23,17,78,17,35,17,86,17,50,17,95,17,65,17,113,17,95,17,123,17,127,17,124,17,-135,17,127,17,-91,17]"
CSI_DATA,121852,d8:b1:90:d9:de:f0,-36,9,-99,-36,38,104,-1665858432,124,0,106,0,"[-41,0,-66,18,8,1,-134,18,0,1,117,18,-49,0,80,18,-109,0,70,18,-156,0,75,18,137,0,98,18,138,0,128,18,-158,0,-157,18,-132,0,-125,18,-110,0,-99,18,-105,0,-84,18,-119,0,-69,18,0,0,0,0,-117,0,-32,18,-99,0,11,0,-59,0,54,0,-23,0,80,0,17,1,79,0,32,1,61,0,21,1,31,0,2,1,1,0,-23,0,-27,18,-46,0,-40,18,-73,0,-45,18,-88,0,-37,18,-117,0]"
CSI_DATA,121853,d8:b1:90:d9:de:f0,-37,9,-99,-33,38,104,-1665858310,124,0,106,0,"[143,17,63,17,83,17,31,17,36,17,34,17,27,17,70,17,43,17,103,17,71,17,125,17,105,17,136,17,143,17,132,17,-102,17,115,17,-39,17,102,17,10,0,94,17,48,0,99,17,73,0,115,17,0,0,0,0,137,0,-128,17,-114,0,-94,17,-54,0,-63,17,6,1,-38,17,43,1,-21,17,56,1,-9,17,35,1,-18,17,13,1,-27,17,-13,0,-23,17,-26,0,-16,17,-50,0,-6,17,-78,0,18,0,-113,0]"
CSI_DATA,121854,d8:b1:90:d9:de:f0,-37,9,-99,-33,38,104,-1665858206,124,0,106,0,"[84,0,-35,0,142,0,17,1,-108,0,16,1,-88,0,-13,0,-94,0,-53,0,-110,0,-80,0,-142,0,-100,0,108,0,-107,0,56,0,-101,0,-6,17,-97,0,-50,17,-95,0,-84,17,-103,0,-105,17,-127,0,0,0,0,0,138,17,113,0,106,17,72,0,53,17,26,0,-3,16,-1,17,-40,16,-18,17,-47,16,-28,17,-31,16,-20,17,-10,16,-8,17,12,17,-6,17,31,17,-8,17,58,17,-19,17,85,17,-41,17,116,17]"
CSI_DATA,121855,d8:b1:90:d9:de:f0,-37,9,-99,-36,39,104,-1665783758,108,0,106,0,"[-129,16,-109,16,107,16,112,16,39,16,88,16,-1,15,120,16,-13,15,-127,16,-5,15,-83,16,20,16,-59,16,62,16,-62,16,113,16,-106,16,-136,16,113,16,-115,16,54,16,-127,16,29,16,138,16,52,16,0,0,0,0,129,16,140,16,-75,16,-78,16,38,0,-70,16,-133,0,-89,16,-61,0,134,16,-33,0,60,16,-66,0,15,16,-115,0,-1,15,121,0,6,16,86,0,31,16,86,0,76,16,112,0,107,16,131,0]"
CSI_DATA,121856,d8:b1:90:d9:de:f0,-37,9,-99,-36,39,104,-1665778727,98,0,106,0,"[118,0,139,16,-113,0,85,16,-111,0,23,16,-136,0,-16,15,99,0,-29,15,54,0,-14,15,29,0,14,16,30,0,52,16,72,0,102,16,-140,0,129,16,-76,0,131,16,-47,0,100,16,-70,0,77,16,0,0,0,0,115,0,75,16,78,0,-133,16,102,0,-33,16,-123,0,56,0,-35,0,97,0,35,1,84,0,62,1,31,0,49,1,-40,16,10,1,-79,16,-35,0,-95,16,-75,0,-76,16,-88,0,-26,16,-70,0]"
CSI_DATA,121857,d8:b1:90:d9:de:f0,-38,9,-99,-37,40,104,-1665650043,130,0,106,0,"[-104,15,63,0,65,15,97,0,22,15,-113,0,22,15,-66,0,46,15,-36,0,86,15,-25,0,115,15,-47,0,123,15,-91,0,114,15,98,0,79,15,20,0,30,15,-34,15,-4,14,-39,15,-18,14,-14,15,0,0,0,0,76,15,47,0,-90,15,41,0,21,0,-20,15,102,0,-119,15,128,0,34,15,107,0,-39,14,62,0,-72,14,12,0,-55,14,-16,15,-20,14,-21,15,29,15,11,0,71,15,53,0,90,15,93,0]"
CSI_DATA,121858,d8:b1:90:d9:de:f0,-38,9,-99,-36,40,104,-1665627022,120,0,106,0,"[-64,0,-86,15,-11,0,-94,15,13,1,-106,15,9,1,-124,15,-5,0,114,15,-23,0,113,15,-51,0,123,15,-70,0,-104,15,-90,0,-46,15,-95,0,34,0,-87,0,106,0,-64,0,-104,0,-50,0,-104,0,0,0,0,0,-31,0,127,0,-83,0,108,0,102,0,127,0,33,0,-99,0,-20,15,-41,0,-40,15,1,1,-30,15,20,1,-5,15,15,1,13,0,-2,0,25,0,-31,0,6,0,-64,0,-41,15,-93,0,-82,15]"
CSI_DATA,121859,d8:b1:90:d9:de:f0,-37,11,-99,-32,38,104,-1665441588,277,0,106,0,"[61,0,-40,0,90,0,17,1,129,0,34,1,-139,0,14,1,-138,0,-8,0,-143,0,-38,0,118,0,-62,0,89,0,-76,0,34,0,-85,0,-33,16,-98,0,-89,16,-108,0,-123,16,-122,0,-140,16,-132,0,0,0,0,0,120,16,113,0,113,16,58,0,67,16,5,0,23,16,-51,16,-12,15,-77,16,-23,15,-94,16,-24,15,-77,16,-10,15,-58,16,20,16,-44,16,48,16,-41,16,83,16,-49,16,118,16,-75,16,-134,16]"
CSI_DATA,121860,d8:b1:90:d9:de:f0,-38,9,-99,-33,39,104,-1665441125,101,0,106,0,"[-26,0,-36,15,33,1,-69,15,49,1,-124,15,18,1,109,15,-19,0,93,15,-62,0,97,15,-83,0,118,15,-96,0,-112,15,-103,0,-57,15,-96,0,1,0,-89,0,44,0,-77,0,67,0,-78,0,76,0,0,0,0,0,-111,0,106,0,115,0,126,0,77,0,-88,0,58,0,-26,0,61,0,24,1,76,0,40,1,96,0,20,1,107,0,-7,0,112,0,-44,0,112,0,-71,0,85,0,-95,0,44,0,-112,0,13,0]"
CSI_DATA,121861,d8:b1:90:d9:de:f0,-40,11,-99,-37,41,104,-1665308897,100,0,228,0,"[0,-2,-4,-1,-8,0,-12,0,-16,-1,-20,-2,-21,-3,99,41,-22,-5,-22,-7,-22,-7,-21,-7,-20,-7,-19,-6,-18,-5,-16,-3,-14,-1,-13,1,-11,4,-10,8,-8,11,-31,-27,-6,16,-5,19,-5,20,-5,20,-5,20,-5,18,0,0,-5,14,-5,11,-3,8,-2,4,0,0,1,-3,25,0,8,-11,11,-13,14,-15,16,-16,18,-17,18,-17,19,-16,18,-15,17,-14,16,-13,15,-13,13,-12,11,-12,-94,0,7,-14,5,-15,2,-15,0,-16,0,-17,0,-17,0,-16,5,-11,-4,-13,-14,-7,-18,4,-11,15,2,18,12,11,-8,-5,7,-8,0,-8,-3,-2,-1,1,3,0,4,-5,-1,-11,-11,-9,-18,2,-13,18,2,25,22,18,30,-1,13,-8,-1,-29,-20,-18,-25,0,-14,17,2,18,13,8,0,0,1,-12,-10,-7,-13,5,-4,16,11,15,21,1,22,-21,2,-22,-13,-17,-19,-2,-14,10,-3,14,4,10,6,3,4,0,1,0,3,2,8,0,10,-6,4,-14,1,-31,-20,-9,-24,7,-14,22,4,27,21,17,25,0,16,-14]"
CSI_DATA,121862,d8:b1:90:d9:de:f0,-37,11,-99,-36,39,104,-1664814890,277,0,106,0,"[-61,0,-71,16,34,1,-108,16,75,1,-133,16,72,1,-142,16,48,1,-133,16,12,1,-99,16,-38,0,-76,16,-99,0,-31,16,98,0,29,0,6,0,86,0,-66,16,123,0,-108,16,142,0,-109,16,126,0,0,0,0,0,-51,16,46,0,12,0,-50,16,65,0,123,16,122,0,22,16,-124,0,-49,15,-100,0,-71,15,-116,0,-60,15,-130,0,-21,15,136,0,30,16,117,0,85,16,105,0,-125,16,103,0,-38,16,106,0]"
CSI_DATA,121863,d8:b1:90:d9:de:f0,-38,9,-99,-36,39,104,-1664814427,130,0,106,0,"[-41,16,50,16,-93,16,-46,15,-142,16,-76,15,124,16,-65,15,124,16,-28,15,130,16,13,16,-125,16,66,16,-79,16,133,16,-16,16,-86,16,58,0,-11,16,120,0,39,0,-132,0,56,0,-133,0,52,0,0,0,0,0,40,0,10,0,-56,16,-16,16,98,16,-23,16,-14,15,-19,16,-94,15,4,0,-115,15,25,0,-92,15,46,0,-54,15,58,0,2,16,56,0,69,16,42,0,136,16,13,0,-89,16,-34,16,-47,16]"
CSI_DATA,121864,d8:b1:90:d9:de:f0,-48,11,-99,-38,50,104,-1664397091,277,0,106,0,"[-7,0,13,0,19,0,-17,5,20,0,38,5,3,0,24,5,-17,0,20,5,-34,0,27,5,39,0,42,5,30,0,-22,5,27,0,6,0,30,0,32,0,33,0,-32,0,39,0,-22,0,38,0,-25,0,0,0,0,0,21,0,34,0,1,0,18,0,-29,5,2,0,22,5,-6,5,-5,4,-9,5,-15,4,-7,5,-10,4,-4,5,1,5,-5,5,16,5,-11,5,36,5,-30,5,-32,5,28,5,-23,5,-10,4,-30,5]"
CSI_DATA,121865,d8:b1:90:d9:de:f0,-48,9,-99,-34,49,104,-1664396610,98,0,106,0,"[-24,0,-39,0,14,0,28,0,28,0,-4,5,19,0,-28,5,0,0,-39,5,-22,0,-42,5,-39,0,-31,5,33,0,-13,5,25,0,14,0,23,0,-42,0,27,0,-21,0,34,0,-13,0,36,0,-18,0,0,0,0,0,25,0,37,0,2,0,20,0,-29,5,6,0,20,5,1,0,-6,4,6,0,-18,4,10,0,-14,4,16,0,-2,4,17,0,14,5,8,0,29,5,-11,5,38,5,39,5,32,5,3,5,12,5]"
CSI_DATA,121866,d8:b1:90:d9:de:f0,-45,11,-99,-34,46,104,-1664308810,100,0,114,0,"[8,-3,9,-3,10,-2,10,-1,11,-1,10,0,10,0,9,0,9,0,8,0,8,0,8,0,8,1,8,1,9,1,9,1,10,1,10,1,10,2,11,2,11,2,11,2,11,2,11,3,12,3,12,3,11,3,12,3,0,0,12,4,12,4,12,4,13,5,13,5,14,5,14,6,14,6,14,7,14,6,14,6,13,6,13,6,12,6,12,6,12,6,12,6,12,6,13,7,13,8,14,9,15,10,15,11,15,12,15,13,14,14,12,14,10,14]"
CSI_DATA,121867,d8:b1:90:d9:de:f0,-45,11,-99,-36,46,104,-1664188191,277,0,106,0,"[-41,7,56,0,-41,7,54,0,-32,7,43,0,-21,7,21,0,-15,7,-9,7,-16,7,-43,7,-21,7,44,7,-44,7,8,7,-58,7,-25,7,46,7,-37,7,38,7,-35,7,48,7,-16,7,-59,7,1,7,0,0,0,0,-21,7,15,7,0,0,13,7,8,0,18,7,16,0,30,7,15,0,57,7,15,0,-36,7,17,0,-1,7,22,0,32,0,34,0,-60,0,50,0,-25,0,-53,0,8,0,-17,0,26,0,12,0]"
CSI_DATA,121868,d8:b1:90:d9:de:f0,-44,9,-99,-35,45,104,-1664187701,108,0,106,0,"[-65,8,-40,8,-64,8,-38,8,-52,8,-28,8,-26,8,-18,8,4,0,-18,8,40,0,-27,8,-62,0,-48,8,-29,0,56,8,-10,0,19,8,-7,0,-9,7,-17,0,-15,7,-30,0,-4,7,-44,0,22,8,0,0,0,0,-51,0,52,8,-39,0,-68,8,-34,0,-57,8,-45,0,-48,8,-67,0,-32,8,41,0,-13,8,13,0,14,0,-8,8,41,0,-27,8,-62,0,-34,8,-20,0,-29,8,27,0,-6,8,65,0,34,0]"
CSI_DATA,121869,d8:b1:90:d9:de:f0,-41,11,-99,-34,42,104,-1663979292,277,0,106,0,"[17,0,-66,11,28,0,85,11,5,0,66,11,-43,0,79,11,-89,0,-75,11,78,0,-27,11,77,0,33,0,89,0,91,0,-79,0,-41,0,-52,0,-13,0,-45,0,-8,0,-54,0,-24,0,-84,0,-44,0,0,0,0,0,29,0,-59,0,-17,11,-44,0,-45,11,-26,0,-68,11,-15,0,-74,11,-20,0,-73,11,-41,0,-71,11,-78,0,-74,11,66,0,-86,11,38,0,74,11,4,0,35,11,-13,11,5,11,-11,11,-1,10]"
CSI_DATA,121870,d8:b1:90:d9:de:f0,-40,9,-99,-32,41,104,-1663978793,130,0,106,0,"[27,11,-54,0,34,11,-4,0,80,11,2,0,-79,11,-27,0,-56,11,-77,0,-54,11,69,0,-83,11,16,0,71,11,-27,11,17,11,-51,11,-26,11,-54,11,-38,11,-46,11,-17,11,-30,11,17,11,-30,11,0,0,0,0,74,11,-70,11,96,11,95,11,100,11,54,11,97,11,34,11,99,11,34,11,-90,11,56,11,-60,11,81,11,-29,11,-100,11,7,0,-98,11,46,0,90,11,76,0,62,11,77,0,23,11,53,0]"
CSI_DATA,121871,d8:b1:90:d9:de:f0,-39,9,-99,-35,41,104,-1663978631,113,0,106,0,"[56,12,30,12,-1,12,40,12,-14,12,88,12,23,12,-83,12,77,12,-54,12,-82,12,-58,12,-31,12,-90,12,12,0,71,12,31,0,9,12,26,0,-38,12,13,0,-48,12,2,0,-30,12,4,0,13,12,0,0,0,0,51,0,64,12,97,0,80,12,-83,0,72,12,-64,0,66,12,-64,0,69,12,-83,0,90,12,-104,0,-93,12,103,0,-61,12,108,0,-22,12,-91,0,10,0,-50,0,35,0,-8,0,31,0,-2,0]"
CSI_DATA,121872,d8:b1:90:d9:de:f0,-40,9,-99,-33,41,104,-1663978477,98,0,106,0,"[26,12,44,12,-28,11,74,12,-34,11,-77,12,10,12,-29,12,68,12,-13,12,-79,12,-26,12,-31,12,-71,12,-2,12,70,12,-3,12,0,12,-25,12,-41,11,-50,12,-47,11,-62,12,-16,11,-51,12,21,12,0,0,0,0,7,0,68,12,54,0,62,12,89,0,41,12,101,0,22,12,94,0,25,12,78,0,47,12,67,0,84,12,66,0,-82,12,82,0,-46,12,-90,0,-23,12,-41,0,-22,12,-8,0,-48,12,-10,0]"
CSI_DATA,121873,d8:b1:90:d9:de:f0,-39,9,-99,-35,41,104,-1663978354,224,0,106,0,"[-3,12,-96,0,-1,12,-39,0,47,12,-15,0,106,12,-37,0,-77,12,-89,0,-65,12,74,0,-90,12,16,0,81,12,-29,12,19,12,-53,12,-31,12,-50,12,-47,12,-34,12,-31,12,-13,12,12,12,-6,12,0,0,0,0,64,12,-45,12,77,12,-91,12,64,12,91,12,56,12,76,12,54,12,79,12,74,12,99,12,-109,12,-104,12,-71,12,-93,12,-34,12,-102,12,-8,12,87,12,4,0,45,12,-17,12,6,12,-61,12]"
CSI_DATA,121874,d8:b1:90:d9:de:f0,-38,9,-99,-34,39,104,-1663908861,98,0,106,0,"[-116,15,-38,0,-104,15,0,1,-74,15,-1,0,-57,15,-38,0,-64,15,-65,0,-86,15,-100,0,-128,15,-115,0,87,15,-101,0,38,15,-93,0,13,15,-77,0,16,15,-73,0,39,15,-92,0,72,15,-121,0,0,0,0,0,90,15,92,0,94,15,42,0,72,15,-2,15,63,15,-38,15,60,15,-63,15,68,15,-91,15,81,15,-102,15,96,15,-118,15,101,15,-132,15,87,15,115,15,64,15,98,15,45,15,104,15,31,15]"
CSI_DATA,121875,d8:b1:90:d9:de:f0,-38,9,-99,-35,39,104,-1663561003,113,0,106,0,"[112,16,-92,0,83,16,-6,0,103,16,49,1,-131,16,62,1,-87,16,45,1,-54,16,17,1,-41,16,-25,0,-45,16,-69,0,-77,16,-134,0,-124,16,83,0,114,16,37,0,87,16,14,0,86,16,13,0,0,0,0,0,-139,16,-15,16,-86,16,-67,16,-52,16,134,16,-28,16,45,16,-38,16,-23,15,-61,16,-58,15,-93,16,-42,15,-107,16,-15,15,-115,16,26,16,-105,16,64,16,-73,16,93,16,-27,16,106,16,13,0]"
CSI_DATA,121876,d8:b1:90:d9:de:f0,-37,11,-99,-36,39,104,-1663352593,277,0,106,0,"[-99,16,40,16,-139,16,-15,15,104,16,-24,15,86,16,3,16,88,16,52,16,112,16,93,16,-136,16,114,16,-74,16,123,16,-5,16,124,16,80,0,105,16,140,0,88,16,-120,0,75,16,-131,0,81,16,0,0,0,0,-141,0,-143,16,-133,0,-78,16,-89,0,2,0,-42,0,69,0,7,1,104,0,29,1,107,0,17,1,93,0,-3,0,63,0,-38,0,57,0,-76,0,60,0,-118,0,92,0,136,0,136,0,130,0]"
CSI_DATA,121877,d8:b1:90:d9:de:f0,-38,9,-99,-32,39,104,-1663352140,101,0,106,0,"[-7,15,-12,0,18,0,52,1,65,0,71,1,101,0,43,1,118,0,-2,0,111,0,-38,0,86,0,-82,0,38,0,-101,0,-26,15,-109,0,-95,15,-102,0,115,15,-90,0,95,15,-78,0,106,15,-81,0,0,0,0,0,126,15,127,0,118,15,73,0,76,15,11,0,24,15,-34,15,-23,14,-55,15,-41,14,-52,15,-32,14,-27,15,-13,14,-6,15,23,15,5,0,54,15,0,0,87,15,-31,15,95,15,-74,15,93,15]"
CSI_DATA,121878,d8:b1:90:d9:de:f0,-39,9,-99,-34,40,104,-1663351990,119,0,106,0,"[77,14,85,14,18,14,66,14,-19,13,87,14,-22,13,-116,14,-11,13,-73,14,19,14,-50,14,60,14,-44,14,105,14,-64,14,-87,14,-104,14,-57,14,84,14,-36,14,39,14,-38,14,23,14,-50,14,32,14,0,0,0,0,-28,14,68,14,18,0,98,14,84,0,98,14,-93,0,84,14,-54,0,57,14,-51,0,29,14,-70,0,23,14,-106,0,33,14,107,0,53,14,101,0,84,14,105,0,-120,14,-105,0,-92,14,-82,0]"
CSI_DATA,121879,d8:b1:90:d9:de:f0,-39,9,-99,-35,40,104,-1663351868,139,0,106,0,"[13,14,-20,14,-43,13,0,0,-59,13,39,0,-38,13,79,0,0,14,96,0,36,14,91,0,68,14,71,0,87,14,33,0,97,14,-27,14,88,14,-88,14,74,14,-124,14,63,14,111,14,61,14,116,14,0,0,0,0,102,14,-120,14,-97,14,119,14,-52,14,75,14,-19,14,26,14,-11,14,-18,13,-20,14,-39,13,-36,14,-30,13,-54,14,0,14,-60,14,35,14,-44,14,61,14,-12,14,75,14,26,0,74,14,44,0]"
CSI_DATA,121880,d8:b1:90:d9:de:f0,-38,9,-99,-35,39,104,-1663351715,119,0,106,0,"[32,16,-78,16,-39,15,-74,16,-66,15,-30,16,-54,15,17,0,-15,15,47,0,26,16,57,0,66,16,44,0,93,16,9,0,112,16,-55,16,106,16,-118,16,97,16,116,16,86,16,101,16,95,16,111,16,0,0,0,0,126,16,134,16,-102,16,125,16,-50,16,79,16,-13,16,32,16,-3,16,-19,15,-10,16,-35,15,-39,16,-26,15,-53,16,2,16,-63,16,33,16,-55,16,68,16,-19,16,85,16,20,0,83,16,35,0]"
CSI_DATA,121881,d8:b1:90:d9:de:f0,-38,9,-99,-36,40,104,-1663351575,139,0,106,0,"[-126,0,59,15,-124,0,-9,14,90,0,-52,14,42,0,-48,14,1,0,-18,14,-20,15,22,15,-19,15,64,15,11,0,99,15,64,0,123,15,-128,0,-121,15,-84,0,127,15,-70,0,114,15,-80,0,102,15,0,0,0,0,-119,0,-117,15,-121,0,-67,15,-82,0,-13,15,-28,0,27,0,19,1,34,0,44,1,15,0,33,1,-12,15,6,1,-48,15,-36,0,-56,15,-70,0,-48,15,-85,0,-19,15,-85,0,20,0,-71,0]"
CSI_DATA,121882,d8:b1:90:d9:de:f0,-39,9,-99,-34,40,104,-1663351440,133,0,106,0,"[31,14,-85,14,-34,13,-73,14,-60,13,-28,14,-49,13,26,0,-14,13,61,0,27,14,68,0,65,14,60,0,94,14,27,0,106,14,-29,14,99,14,-89,14,79,14,119,14,65,14,112,14,57,14,-116,14,0,0,0,0,94,14,-89,14,-101,14,-102,14,-63,14,88,14,-50,14,31,14,-57,14,-15,13,-82,14,-29,13,-111,14,-10,13,114,14,29,14,117,14,67,14,-114,14,92,14,-79,14,100,14,-46,14,86,14,-42,14]"
CSI_DATA,121883,d8:b1:90:d9:de:f0,-38,9,-99,-33,39,104,-1663351278,113,0,106,0,"[63,0,27,15,34,0,-41,14,-25,15,-67,14,-81,15,-48,14,-111,15,4,15,-119,15,50,15,-102,15,90,15,-63,15,109,15,-3,15,112,15,53,0,86,15,87,0,58,15,85,0,42,15,68,0,37,15,0,0,0,0,46,0,84,15,71,0,129,15,-120,0,-124,15,-59,0,-121,15,-24,0,114,15,-14,0,74,15,-46,0,51,15,-97,0,43,15,123,0,59,15,104,0,87,15,109,0,123,15,-128,0,-118,15,-106,0]"
CSI_DATA,121884,d8:b1:90:d9:de:f0,-37,9,-99,-36,39,104,-1663351178,133,0,106,0,"[-94,16,34,16,121,16,-11,15,50,16,6,16,21,16,70,16,15,16,132,16,46,16,-96,16,80,16,-75,16,130,16,-86,16,-103,16,-126,16,-76,16,105,16,-71,16,53,16,-92,16,33,16,-106,16,54,16,0,0,0,0,-96,16,102,16,-40,16,122,16,22,0,90,16,69,0,39,16,77,0,-19,15,53,0,-43,15,6,0,-34,15,-30,16,1,16,-51,16,46,16,-53,16,75,16,-21,16,94,16,13,0,94,16,23,0]"
CSI_DATA,121885,d8:b1:90:d9:de:f0,-41,11,-99,-33,42,104,-1663305229,100,0,228,0,"[0,-11,1,-14,2,-16,3,-18,5,-19,6,-19,7,-18,79,32,8,-16,8,-15,8,-13,8,-12,8,-11,6,-10,5,-10,4,-10,2,-10,1,-10,0,-10,-2,-10,-4,-10,-24,-21,-6,-10,-7,-11,-8,-11,-8,-11,-8,-11,-9,-11,0,0,-9,-10,-9,-9,-10,-8,-10,-8,-11,-6,-12,-5,49,10,-14,-3,-16,-2,-16,-1,-17,-1,-17,0,-17,-1,-17,0,-17,-1,-16,-1,-16,-1,-15,-1,-14,-1,-14,-1,25,10,-13,0,-13,1,-13,2,-12,3,-13,2,-12,3,-11,2,8,-2,5,-10,-3,-11,-10,-7,-12,2,-7,10,2,11,18,-12,10,-3,3,-10,-5,-9,-11,-2,-10,8,-1,13,10,11,16,1,13,-12,1,-19,-13,-15,-21,-2,-16,13,-8,8,12,15,18,1,13,-10,1,-15,-9,-10,-12,1,0,0,3,10,10,3,10,-6,1,-12,-9,-10,-14,0,-24,7,1,16,12,10,15,-1,8,-11,-2,-13,-9,-6,-10,2,-3,8,4,6,8,0,5,-8,-2,-10,-10,-5,-26,5,-6,15,6,18,18,9,20,-5,12,-16,-1,-19,-11,-13]"
CSI_DATA,121886,d8:b1:90:d9:de:f0,-36,9,-99,-37,38,104,-1663143240,130,0,106,0,"[-93,0,-115,19,-10,0,134,19,5,1,64,19,-38,0,32,19,-75,0,29,19,-116,0,57,19,-141,0,107,19,-138,0,-159,19,-123,0,-76,19,-101,0,5,0,-85,0,51,0,-81,0,73,0,-114,0,72,0,0,0,0,0,69,0,80,0,-27,19,111,0,-136,19,-165,0,121,19,-80,0,85,19,-7,0,86,19,19,1,114,19,18,1,147,19,-11,0,-155,19,-49,0,-132,19,-89,0,-149,19,-139,0,-163,19,138,0,161,19]"
CSI_DATA,121887,d8:b1:90:d9:de:f0,-36,11,-99,-37,38,104,-1662934795,277,0,106,0,"[-88,0,-116,19,-19,0,158,19,-5,0,89,19,-45,0,44,19,-90,0,14,19,-143,0,14,19,143,0,31,19,126,0,63,19,138,0,116,19,-164,0,-152,19,-129,0,-114,19,-104,0,-90,19,-110,0,-79,19,0,0,0,0,-143,0,-50,19,155,0,15,0,-160,0,97,0,-128,0,-159,0,-72,0,-114,0,-25,0,-111,0,-3,0,-147,0,3,1,134,0,-18,0,89,0,-27,0,47,0,-67,0,32,0,-114,0,31,0,-155,0]"
CSI_DATA,121888,d8:b1:90:d9:de:f0,-37,9,-99,-34,38,104,-1662934314,120,0,106,0,"[130,0,95,17,-125,0,29,17,-122,0,-15,16,-142,0,-42,16,131,0,-35,16,109,0,-21,16,98,0,3,17,103,0,42,17,124,0,102,17,-140,0,-136,17,-105,0,-78,17,-89,0,-43,17,-93,0,-17,17,0,0,0,0,-127,0,22,0,128,0,71,0,98,0,-143,0,68,0,-64,0,66,0,-2,0,73,0,35,1,91,0,33,1,108,0,10,1,117,0,-13,0,112,0,-40,0,96,0,-76,0,61,0,-102,0,21,0]"
CSI_DATA,121889,d8:b1:90:d9:de:f0,-36,9,-99,-34,37,104,-1662899626,98,0,106,0,"[98,0,82,20,133,0,-12,18,120,0,-77,18,76,0,-93,18,30,0,-88,18,6,0,-49,18,-16,20,-10,18,-5,20,45,20,48,0,128,20,118,0,-146,20,-145,0,-101,20,-81,0,-80,20,-72,0,-65,20,0,0,0,0,-130,0,-49,20,-170,0,14,0,137,0,106,0,122,0,-124,0,142,0,-22,0,169,0,25,1,-146,0,14,1,-129,0,-26,0,-125,0,-72,0,-133,0,-106,0,164,0,-137,0,88,0,-149,0,33,0]"
CSI_DATA,121890,d8:b1:90:d9:de:f0,-38,9,-99,-35,39,104,-1662725414,98,0,106,0,"[-41,0,-118,16,3,1,91,16,-8,0,23,16,-58,0,-4,15,-113,0,5,16,127,0,30,16,105,0,75,16,112,0,123,16,-136,0,-104,16,-97,0,-54,16,-73,0,-32,16,-73,0,-27,16,-87,0,-17,16,0,0,0,0,125,0,45,0,104,0,94,0,93,0,-104,0,112,0,-41,0,136,0,-7,0,-122,0,0,1,-110,0,-27,0,-102,0,-62,0,-114,0,-91,0,-126,0,-118,0,130,0,-131,0,107,0,-139,0,81,0]"
CSI_DATA,121891,d8:b1:90:d9:de:f0,-37,9,-99,-34,38,104,-1662516542,321,0,106,0,"[-78,17,66,17,-130,17,-26,16,114,17,-47,16,79,17,-19,16,83,17,26,17,108,17,72,17,-148,17,101,17,-79,17,115,17,11,0,111,17,98,0,91,17,-149,0,77,17,-133,0,72,17,149,0,98,17,0,0,0,0,93,0,-105,17,98,0,2,0,122,0,109,0,-135,0,-102,0,-93,0,-41,0,-72,0,-27,0,-74,0,-54,0,-89,0,-84,0,-114,0,-103,0,-142,0,-116,0,110,0,-114,0,68,0,-97,0,43,0]"
CSI_DATA,121892,d8:b1:90:d9:de:f0,-38,9,-99,-35,39,104,-1662516338,321,0,106,0,"[-114,0,-111,0,-31,0,-67,0,31,1,-78,0,47,1,-118,0,26,1,115,0,-13,0,88,0,-62,0,81,0,-124,0,105,0,90,0,-126,0,37,0,-71,0,5,0,-28,0,4,0,-17,0,5,0,-43,0,0,0,0,0,-21,16,123,0,-70,16,54,0,125,16,-7,16,41,16,-42,16,-25,15,-53,16,-47,15,-42,16,-32,15,-26,16,-8,15,-9,16,21,16,-5,16,54,16,-20,16,78,16,-46,16,93,16,-79,16,110,16]"
CSI_DATA,121893,d8:b1:90:d9:de:f0,-37,9,-99,-38,39,104,-1662516107,321,0,106,0,"[-104,0,-148,0,2,1,-117,0,66,1,-141,0,67,1,104,0,48,1,59,0,-3,0,39,0,-55,0,36,0,-111,0,72,0,125,0,139,0,95,0,-96,0,80,0,-39,0,85,0,-23,0,84,0,-67,0,0,0,0,0,40,0,142,0,-57,17,78,0,150,17,53,0,46,17,49,0,-23,16,77,0,-35,16,101,0,-11,16,124,0,24,17,116,0,58,17,106,0,78,17,92,0,83,17,54,0,86,17,16,0,89,17]"
CSI_DATA,121894,d8:b1:90:d9:de:f0,-38,9,-99,-36,39,104,-1662515912,321,0,106,0,"[130,16,-112,0,98,16,-20,0,126,16,39,1,-111,16,54,1,-65,16,37,1,-32,16,-5,0,-31,16,-53,0,-61,16,-107,0,-124,16,125,0,99,16,97,0,53,16,89,0,46,16,95,0,74,16,96,0,0,0,0,0,-120,16,37,0,-79,16,-42,16,-66,16,-140,16,-83,16,59,16,-116,16,2,16,136,16,-7,15,122,16,12,16,126,16,53,16,140,16,80,16,-130,16,98,16,-96,16,102,16,-67,16,96,16,-57,16]"
CSI_DATA,121895,d8:b1:90:d9:de:f0,-37,9,-99,-37,39,104,-1662515717,130,0,106,0,"[98,17,145,17,8,17,122,17,-49,16,142,17,-62,16,-98,17,-43,16,-48,17,9,17,-38,17,46,17,-43,17,90,17,-68,17,140,17,-129,17,-133,17,105,17,-129,17,54,17,-132,17,41,17,-122,17,72,17,0,0,0,0,-64,17,-136,17,25,0,-113,17,112,0,-124,17,-95,0,144,17,-47,0,106,17,-34,0,75,17,-62,0,62,17,-101,0,77,17,-131,0,92,17,-135,0,113,17,-130,0,136,17,-116,0,-121,17,-114,0]"
CSI_DATA,121896,d8:b1:90:d9:de:f0,-34,11,-99,-36,36,104,-1662308780,100,0,114,0,"[28,25,30,28,33,31,30,36,31,36,30,34,25,34,25,33,25,33,23,33,25,31,23,33,25,31,26,31,26,33,28,33,30,33,31,34,33,34,34,34,34,34,34,34,34,36,36,34,34,33,34,31,34,31,34,31,0,0,36,33,36,31,36,31,36,31,38,31,36,31,39,31,39,34,39,31,39,30,38,28,38,28,36,25,34,25,34,22,34,23,33,22,34,20,34,22,36,23,38,25,39,25,41,26,41,26,41,30,39,30,36,30,30,28]"
CSI_DATA,121897,d8:b1:90:d9:de:f0,-36,11,-99,-36,38,104,-1662308096,277,0,106,0,"[124,18,70,0,35,18,132,0,12,18,-125,0,44,18,-103,0,79,18,-109,0,114,18,-139,0,125,18,123,0,103,18,56,0,64,18,-25,18,21,18,-86,18,-1,17,-117,18,5,18,-104,18,51,18,-79,18,0,0,0,0,-132,18,-56,18,-22,18,-73,18,80,0,-117,18,-153,0,153,18,-95,0,104,18,-76,0,85,18,-79,0,80,18,-83,0,101,18,-88,0,117,18,-73,0,137,18,-49,0,153,18,-39,0,157,18,-57,0]"
CSI_DATA,121898,d8:b1:90:d9:de:f0,-37,9,-99,-34,38,104,-1662307651,119,0,106,0,"[-102,0,-35,17,-11,0,-108,17,-2,0,118,17,-45,0,84,17,-93,0,78,17,-140,0,118,17,-148,0,-131,17,-123,0,-67,17,-76,0,1,0,-23,0,41,0,17,1,47,0,17,1,23,0,-27,0,-2,17,0,0,0,0,122,0,0,0,30,0,46,0,-46,17,124,0,-98,17,-90,0,-111,17,-17,0,-105,17,11,1,-89,17,10,1,-74,17,-13,0,-72,17,-35,0,-85,17,-35,0,-108,17,-33,0,-118,17,-35,0,-101,17]"
CSI_DATA,121899,d8:b1:90:d9:de:f0,-38,9,-99,-35,39,104,-1662307502,139,0,106,0,"[110,16,92,0,53,16,-95,0,67,16,-22,0,121,16,2,1,-107,16,-14,0,-86,16,-54,0,-88,16,-105,0,-130,16,125,0,80,16,88,0,20,16,76,0,-10,15,88,0,2,16,105,0,49,16,115,0,0,0,0,0,-104,16,46,0,-46,16,-26,16,-18,16,-125,16,-18,16,57,16,-40,16,-3,15,-59,16,-26,15,-71,16,-14,15,-77,16,2,16,-73,16,20,16,-65,16,22,16,-52,16,14,16,-43,16,2,16,-62,16]"
CSI_DATA,121900,d8:b1:90:d9:de:f0,-37,9,-99,-34,38,104,-1662307331,119,0,106,0,"[135,0,137,17,147,0,28,17,93,0,-36,16,29,0,-42,16,-17,17,-3,16,-22,17,46,17,0,0,96,17,67,0,124,17,141,0,123,17,-91,0,104,17,-71,0,67,17,-96,0,58,17,-142,0,79,17,0,0,0,0,53,0,-91,17,61,0,2,0,90,0,105,0,144,0,-114,0,-102,0,-71,0,-66,0,-67,0,-58,0,-86,0,-62,0,-118,0,-79,0,-131,0,-79,0,-124,0,-90,0,-108,0,-85,0,-99,0,-78,0]"
CSI_DATA,121901,d8:b1:90:d9:de:f0,-38,9,-99,-36,39,104,-1662307201,139,0,106,0,"[-107,0,-63,16,-35,0,132,16,-48,0,52,16,-104,0,29,16,130,0,31,16,99,0,70,16,95,0,115,16,135,0,-125,16,-90,0,-88,16,-32,0,-84,16,1,1,-95,16,-14,0,-123,16,-67,0,-127,16,0,0,0,0,99,0,-66,16,48,0,21,0,40,0,118,0,52,0,-75,0,90,0,-13,0,123,0,-2,0,140,0,-15,0,-140,0,-39,0,141,0,-59,0,132,0,-60,0,135,0,-47,0,133,0,-43,0,-140,0]"
CSI_DATA,121902,d8:b1:90:d9:de:f0,-35,9,-99,-37,37,104,-1662265430,119,0,106,0,"[-59,0,181,21,-36,0,66,21,-91,0,-15,20,-165,0,-26,20,125,0,-8,20,74,0,30,21,61,0,71,21,79,0,113,21,119,0,143,21,174,0,164,21,-168,0,180,21,-158,0,-181,21,-174,0,-154,21,0,0,0,0,-186,0,-104,21,-152,0,-45,21,-95,0,13,0,-21,0,36,0,34,1,29,0,50,1,-7,21,34,1,-53,21,-4,0,-94,21,-34,0,-119,21,-72,0,-136,21,-104,0,-136,21,-136,0,-122,21,-167,0]"
CSI_DATA,121903,d8:b1:90:d9:de:f0,-36,9,-99,-35,37,104,-1662265191,139,0,106,0,"[-17,0,-78,20,43,1,-133,20,48,1,155,20,9,1,137,20,-41,0,137,20,-87,0,164,20,-107,0,-148,20,-112,0,-94,20,-109,0,-26,20,-109,0,49,0,-113,0,101,0,-129,0,129,0,-163,0,137,0,0,0,0,0,107,0,172,0,48,0,-152,0,-24,20,-93,0,-82,20,-34,0,-113,20,9,1,-127,20,24,1,-105,20,17,1,-82,20,-5,0,-79,20,-28,0,-67,20,-48,0,-71,20,-79,0,-79,20,-119,0,-90,20]"
CSI_DATA,121904,d8:b1:90:d9:de:f0,-36,9,-99,-36,38,104,-1662264948,119,0,106,0,"[-99,0,96,18,-81,0,7,18,-120,0,-41,17,147,0,-42,17,99,0,-13,17,70,0,31,18,74,0,80,18,103,0,127,18,140,0,-154,18,-128,0,-107,18,-94,0,-74,18,-90,0,-57,18,-103,0,-40,18,0,0,0,0,-143,0,31,0,157,0,94,0,153,0,-143,0,-154,0,-73,0,-137,0,-20,0,-115,0,-15,0,-110,0,-32,0,-100,0,-66,0,-110,0,-98,0,-130,0,-122,0,-156,0,-137,0,132,0,-149,0,99,0]"
CSI_DATA,121905,d8:b1:90:d9:de:f0,-36,9,-99,-35,37,104,-1662264700,139,0,106,0,"[-115,20,-28,0,-96,20,67,1,-35,20,96,1,17,0,72,1,54,0,19,1,64,0,-24,0,49,0,-72,0,4,0,-101,0,-53,20,-122,0,-115,20,-130,0,-157,20,-145,0,174,20,-166,0,-171,20,153,0,0,0,0,0,168,20,87,0,142,20,26,0,89,20,-41,20,43,20,-87,20,-10,19,-111,20,-26,19,-101,20,-13,19,-79,20,0,20,-56,20,20,20,-31,20,45,20,-19,20,78,20,-20,20,100,20,-30,20,144,20]"
CSI_DATA,121906,d8:b1:90:d9:de:f0,-36,9,-99,-36,38,104,-1662264574,133,0,106,0,"[-114,0,81,18,-114,0,-2,17,-159,0,-51,17,98,0,-49,17,55,0,-21,17,32,0,26,18,36,0,64,18,65,0,100,18,108,0,134,18,154,0,158,18,-133,0,-140,18,-125,0,-118,18,-130,0,-99,18,0,0,0,0,-138,0,-35,18,-134,0,25,0,-99,0,88,0,-59,0,139,0,-21,0,-156,0,2,1,-156,0,7,1,140,0,-7,0,107,0,-25,0,76,0,-47,0,60,0,-71,0,54,0,-105,0,61,0,-139,0]"
CSI_DATA,121907,d8:b1:90:d9:de:f0,-37,9,-99,-34,38,104,-1662264395,113,0,106,0,"[7,17,26,0,-55,16,82,0,-53,16,144,0,-9,16,-120,0,47,17,-102,0,92,17,-111,0,124,17,-142,0,125,17,122,0,111,17,68,0,95,17,24,0,84,17,-8,17,85,17,-22,17,101,17,-28,17,0,0,0,0,143,17,-80,17,-134,17,-123,17,-122,17,112,17,-131,17,55,17,147,17,16,17,124,17,9,17,116,17,32,17,103,17,62,17,102,17,98,17,106,17,127,17,127,17,146,17,149,17,-146,17,-127,17]"
CSI_DATA,121908,d8:b1:90:d9:de:f0,-37,9,-99,-32,38,104,-1662264214,133,0,106,0,"[138,0,26,16,-143,0,-43,15,123,0,-78,15,86,0,-58,15,60,0,-31,15,53,0,17,16,60,0,59,16,96,0,107,16,134,0,-124,16,-113,0,-72,16,-89,0,-25,16,-89,0,1,0,-99,0,22,0,0,0,0,0,131,0,96,0,83,0,-142,0,32,0,-74,0,-2,16,-13,0,-20,16,33,1,-24,16,50,1,-26,16,38,1,-20,16,17,1,-19,16,-10,0,-21,16,-30,0,-32,16,-58,0,-50,16,-90,0,-62,16]"
CSI_DATA,121909,d8:b1:90:d9:de:f0,-37,9,-99,-35,38,104,-1662264016,113,0,106,0,"[125,0,31,18,127,0,-45,17,89,0,-75,17,48,0,-64,17,25,0,-24,17,22,0,11,18,31,0,64,18,69,0,108,18,116,0,154,18,-140,0,-112,18,-111,0,-68,18,-106,0,-39,18,-117,0,-15,18,0,0,0,0,-154,0,66,0,124,0,121,0,99,0,-107,0,85,0,-33,0,78,0,15,1,78,0,33,1,83,0,26,1,89,0,7,1,84,0,-15,0,78,0,-50,0,56,0,-79,0,26,0,-95,0,2,0]"
CSI_DATA,121910,d8:b1:90:d9:de:f0,-38,11,-99,-36,39,104,-1661681398,277,0,106,0,"[-112,0,-135,16,-52,0,79,16,-46,0,23,16,-84,0,-1,15,-121,0,11,16,134,0,48,16,111,0,105,16,118,0,-108,16,-143,0,-14,16,-103,0,61,0,-62,0,112,0,-46,0,130,0,-62,0,115,0,0,0,0,0,114,0,97,0,17,0,107,0,-78,16,-131,0,131,16,-78,0,83,16,-22,0,75,16,-2,0,94,16,-13,0,120,16,-39,0,133,16,-74,0,138,16,-116,0,121,16,111,0,89,16,69,0,74,16]"
CSI_DATA,121911,d8:b1:90:d9:de:f0,-37,9,-99,-34,38,104,-1661680917,133,0,106,0,"[-74,0,9,0,17,1,2,0,59,1,-45,17,46,1,-87,17,13,1,-104,17,-35,0,-110,17,-79,0,-84,17,-115,0,-23,17,-137,0,64,0,-144,0,149,0,-137,0,-98,0,-133,0,-79,0,-146,0,-96,0,0,0,0,0,71,0,-148,0,-10,17,134,0,-118,17,-152,0,98,17,-118,0,38,17,-78,0,26,17,-60,0,53,17,-59,0,76,17,-71,0,105,17,-101,0,118,17,-135,0,105,17,117,0,85,17,84,0,79,17]"
CSI_DATA,121912,d8:b1:90:d9:de:f0,-38,9,-99,-36,39,104,-1661680773,133,0,106,0,"[-103,0,-112,16,-38,0,99,16,-42,0,33,16,-84,0,-3,15,-136,0,11,16,111,0,33,16,90,0,92,16,98,0,-124,16,138,0,-49,16,-88,0,16,0,-38,0,46,0,-17,0,42,0,-35,0,30,0,0,0,0,0,141,0,40,0,74,0,87,0,10,0,-113,0,-16,16,-19,0,-15,16,46,1,4,0,68,1,25,0,46,1,41,0,10,1,38,0,-24,0,17,0,-63,0,-24,16,-90,0,-69,16,-90,0,-86,16]"
CSI_DATA,121913,d8:b1:90:d9:de:f0,-37,9,-99,-34,38,104,-1661680647,113,0,106,0,"[90,17,105,0,20,17,-142,0,8,17,-80,0,43,17,-54,0,86,17,-39,0,134,17,-67,0,-142,17,-110,0,-147,17,130,0,133,17,46,0,92,17,-26,17,46,17,-70,17,29,17,-74,17,49,17,-60,17,0,0,0,0,142,17,-62,17,-83,17,-111,17,-17,17,111,17,27,0,29,17,24,0,-42,16,14,0,-67,16,-9,17,-59,16,-29,17,-15,16,-24,17,24,17,-9,17,47,17,24,0,65,17,65,0,79,17,82,0]"
CSI_DATA,121914,d8:b1:90:d9:de:f0,-38,9,-99,-36,39,104,-1661680484,113,0,106,0,"[104,16,-142,16,21,16,120,16,-35,15,-138,16,-46,15,-88,16,-28,15,-41,16,15,16,-13,16,60,16,-6,16,114,16,-41,16,-123,16,-99,16,-92,16,121,16,-89,16,71,16,-94,16,56,16,-93,16,69,16,0,0,0,0,-26,16,-136,16,47,0,-115,16,136,0,-113,16,-63,0,-143,16,-16,0,100,16,-8,0,69,16,-35,0,57,16,-74,0,69,16,-103,0,87,16,-120,0,111,16,-111,0,-141,16,-99,0,-114,16,-97,0]"
CSI_DATA,121915,d8:b1:90:d9:de:f0,-38,9,-99,-34,39,104,-1661680375,98,0,106,0,"[-70,15,60,15,-127,15,3,15,76,15,-10,14,43,15,27,15,31,15,83,15,52,15,131,15,86,15,-110,15,-122,15,-108,15,-50,15,-134,15,4,0,95,15,36,0,49,15,29,0,30,15,14,0,43,15,0,0,0,0,31,0,-132,15,83,0,-80,15,-105,0,-34,15,-22,0,-21,15,42,1,-41,15,63,1,-75,15,39,1,-98,15,-2,0,-111,15,-38,0,-105,15,-61,0,-90,15,-70,0,-62,15,-67,0,-27,15,-66,0]"
CSI_DATA,121916,d8:b1:90:d9:de:f0,-38,9,-99,-35,39,104,-1661680270,130,0,106,0,"[135,0,-106,0,-66,0,-55,0,9,1,-75,0,33,1,-124,0,15,1,94,0,-14,0,51,0,-64,0,37,0,-126,0,58,0,99,0,117,0,63,0,-88,0,54,0,-39,0,67,0,-25,0,78,0,-54,0,0,0,0,0,39,0,-124,0,-37,16,112,0,-137,16,116,0,58,16,-139,0,14,16,-90,0,10,16,-52,0,47,16,-42,0,87,16,-46,0,115,16,-69,0,133,16,-102,0,124,16,-139,0,102,16,119,0,97,16]"
CSI_DATA,121917,d8:b1:90:d9:de:f0,-37,9,-99,-34,38,104,-1661680163,113,0,106,0,"[-93,17,-87,0,-95,17,14,1,-47,17,67,1,13,0,66,1,68,0,29,1,82,0,-23,0,76,0,-76,0,23,0,-118,0,-54,17,-141,0,-142,17,-134,0,108,17,-112,0,104,17,-92,0,136,17,-98,0,0,0,0,0,-108,17,128,0,-123,17,35,0,115,17,-52,17,41,17,-110,17,-23,16,-123,17,-60,16,-102,17,-57,16,-61,17,-21,16,-19,17,20,17,-8,17,54,17,-13,17,76,17,-43,17,86,17,-77,17,80,17]"
CSI_DATA,121918,d8:b1:90:d9:de:f0,-36,9,-99,-33,37,104,-1661621246,120,0,106,0,"[108,0,76,19,114,0,-19,18,68,0,-71,18,18,0,-79,18,-31,19,-46,18,-63,19,-1,18,-54,19,44,19,-19,19,86,19,42,0,123,19,121,0,133,19,-152,0,130,19,-133,0,124,19,-161,0,138,19,0,0,0,0,132,0,-115,19,134,0,-28,19,-138,0,63,0,-71,0,134,0,-5,0,159,0,29,1,147,0,27,1,107,0,2,1,71,0,-20,0,57,0,-47,0,51,0,-76,0,68,0,-84,0,85,0,-102,0]"
CSI_DATA,121919,d8:b1:90:d9:de:f0,-37,9,-99,-35,38,104,-1661610853,108,0,106,0,"[-58,0,-57,18,13,1,-102,18,33,1,150,18,13,1,110,18,-30,0,91,18,-84,0,88,18,-117,0,107,18,-138,0,149,18,-143,0,-97,18,-133,0,-18,18,-113,0,48,0,-101,0,72,0,-106,0,73,0,0,0,0,0,141,0,88,0,77,0,119,0,26,0,-113,0,-13,18,-37,0,-14,18,29,1,2,0,64,1,29,0,56,1,64,0,30,1,73,0,-6,0,67,0,-36,0,50,0,-61,0,29,0,-84,0,8,0]"
CSI_DATA,121920,d8:b1:90:d9:de:f0,-39,9,-99,-35,40,104,-1661472053,101,0,106,0,"[-103,14,59,14,88,14,-9,13,37,14,-21,13,16,14,-2,13,25,14,35,14,48,14,69,14,90,14,105,14,-84,14,-123,14,-6,14,-110,14,82,0,-108,14,-100,0,-106,14,-68,0,-108,14,-75,0,-86,14,0,0,0,0,101,0,-16,14,69,0,52,0,36,0,-104,0,21,0,-15,0,17,0,53,0,22,0,68,0,20,0,46,0,23,0,17,0,15,0,-24,0,-5,14,-71,0,-47,14,-118,0,-98,14,101,0,114,14]"
CSI_DATA,121921,d8:b1:90:d9:de:f0,-36,9,-99,-37,38,104,-1661442954,252,0,106,0,"[68,19,104,0,3,19,-137,0,11,19,-54,0,67,19,-15,0,128,19,7,1,-136,19,-22,0,-97,19,-59,0,-95,19,-115,0,-124,19,139,0,-165,19,81,0,120,19,49,0,91,19,42,0,110,19,32,0,0,0,0,0,-138,19,-15,19,-112,19,-98,19,-119,19,141,19,-152,19,50,19,123,19,0,19,85,19,6,19,59,19,50,19,77,19,103,19,98,19,146,19,121,19,-164,19,154,19,160,19,-147,19,151,19,-139,19]"
CSI_DATA,121922,d8:b1:90:d9:de:f0,-36,9,-99,-38,38,104,-1661410748,756,0,106,0,"[-28,20,-64,0,-24,20,40,1,22,0,92,1,65,0,92,1,93,0,54,1,100,0,9,1,80,0,-41,0,41,0,-82,0,-34,20,-138,0,-128,20,161,0,149,20,134,0,116,20,113,0,122,20,94,0,0,0,0,0,160,20,14,0,-144,20,-70,20,-141,20,158,20,-146,20,62,20,-165,20,-1,18,165,20,-29,18,148,20,-1,18,157,20,32,20,-164,20,69,20,-134,20,102,20,-80,20,121,20,-21,20,130,20,21,0]"
CSI_DATA,121923,d8:b1:90:d9:de:f0,-37,9,-99,-35,38,104,-1661402000,98,0,106,0,"[79,0,68,18,94,0,-35,17,69,0,-91,17,28,0,-102,17,-6,18,-78,17,-12,18,-36,17,-11,18,19,18,14,0,69,18,69,0,140,18,135,0,-100,18,-121,0,-41,18,-94,0,-8,18,-103,0,8,0,0,0,0,0,144,0,50,0,74,0,117,0,23,0,-101,0,-24,18,-15,0,-46,18,47,1,-48,18,73,1,-31,18,68,1,-14,18,36,1,-12,18,-6,0,-18,18,-59,0,-48,18,-106,0,-95,18,-155,0,-132,18]"
CSI_DATA,121924,d8:b1:90:d9:de:f0,-37,9,-99,-34,38,104,-1661397615,98,0,106,0,"[-139,0,-103,0,-68,0,-33,0,-9,0,-20,0,13,1,-46,0,9,1,-80,0,-14,0,-121,0,-58,0,-148,0,-121,0,142,0,91,0,146,0,-9,17,-144,0,-89,17,-134,0,-135,17,-129,0,-141,17,-150,0,0,0,0,0,-134,17,73,0,-135,17,-21,17,137,17,-122,17,105,17,85,17,73,17,28,17,55,17,10,17,60,17,28,17,76,17,53,17,104,17,91,17,143,17,110,17,-93,17,125,17,-33,17,124,17,17,0]"
CSI_DATA,121925,d8:b1:90:d9:de:f0,-41,11,-99,-37,43,104,-1661308839,100,0,228,0,"[-7,-5,-10,-5,-12,-7,-13,-9,-15,-11,-16,-13,-16,-14,79,32,-12,-16,-11,-16,-10,-16,-8,-16,-7,-15,-7,-15,-6,-13,-5,-13,-5,-10,-6,-9,-7,-7,-8,-5,-8,-2,-24,-21,-10,0,-11,0,-12,0,-11,0,-11,0,-10,0,0,0,-9,2,-8,2,-6,4,-5,5,-5,8,-3,10,-45,10,-3,15,-3,17,-4,18,-5,19,-5,19,-6,19,-7,18,-7,17,-8,16,-8,15,-7,13,-7,13,-6,12,-74,10,-5,10,-3,10,-2,10,-2,10,0,10,0,10,0,9,2,-6,-2,-9,-9,-5,-10,2,-6,9,2,10,8,5,-5,-18,2,-8,-4,-5,-7,0,-5,7,3,9,11,4,13,-5,5,-16,-8,-17,-20,-8,-21,8,-10,21,6,23,10,11,23,-4,13,-17,-2,-19,-13,-10,-15,1,-8,10,0,0,9,3,8,-5,0,-10,-8,-6,-10,2,-5,10,0,24,11,5,11,-4,5,-10,-3,-8,-7,-2,-5,3,0,5,5,1,3,-4,-2,-7,-8,-3,-10,4,-5,12,0,27,16,9,20,-3,13,-16,0,-21,-13,-16,-19,-3,-15,8]"
CSI_DATA,121926,d8:b1:90:d9:de:f0,-38,11,-99,-36,39,104,-1661263599,277,0,106,0,"[71,16,87,0,-13,15,139,0,-41,15,-89,0,-20,15,-61,0,22,16,-63,0,59,16,-88,0,95,16,-123,0,130,16,98,0,-132,16,5,0,-112,16,-86,16,-98,16,134,16,-90,16,99,16,-70,16,109,16,0,0,0,0,-1,16,-113,16,84,0,-54,16,-102,0,-14,16,-6,0,15,0,58,1,25,0,77,1,32,0,54,1,19,0,16,1,24,0,-24,0,31,0,-70,0,43,0,-123,0,87,0,125,0,134,0,96,0]"
CSI_DATA,121927,d8:b1:90:d9:de:f0,-37,9,-99,-37,39,104,-1661263109,113,0,106,0,"[109,0,84,17,144,0,-5,16,131,0,-66,16,95,0,-70,16,60,0,-54,16,45,0,-11,16,39,0,36,17,61,0,99,17,109,0,-116,17,-138,0,-45,17,-91,0,8,0,-70,0,32,0,-86,0,47,0,0,0,0,0,116,0,78,0,32,0,118,0,-47,17,-108,0,-109,17,-38,0,-144,17,20,1,145,17,45,1,-138,17,30,1,-124,17,-5,0,-112,17,-50,0,-115,17,-86,0,-138,17,-143,0,123,17,106,0,102,17]"
CSI_DATA,121928,d8:b1:90:d9:de:f0,-38,9,-99,-37,40,104,-1661054245,119,0,106,0,"[-28,15,44,15,-86,15,-41,14,110,15,-55,14,72,15,-27,14,54,15,15,15,72,15,60,15,101,15,94,15,-98,15,107,15,-29,15,102,15,34,0,90,15,75,0,82,15,88,0,89,15,82,0,117,15,0,0,0,0,68,0,-49,15,81,0,38,0,126,0,120,0,-93,0,-81,0,-49,0,-50,0,-30,0,-49,0,-33,0,-66,0,-52,0,-87,0,-75,0,-110,0,-98,0,-122,0,125,0,-119,0,93,0,-111,0,65,0]"
CSI_DATA,121929,d8:b1:90:d9:de:f0,-38,9,-99,-35,39,104,-1661054133,139,0,106,0,"[98,16,131,0,32,16,-64,0,37,16,0,1,77,16,25,1,121,16,21,1,-125,16,-2,0,-110,16,-49,0,-126,16,-102,0,122,16,107,0,83,16,47,0,59,16,13,0,57,16,-2,16,88,16,-11,16,0,0,0,0,-98,16,-58,16,-40,16,-105,16,20,0,98,16,55,0,26,16,65,0,-30,15,61,0,-46,15,50,0,-31,15,41,0,-3,15,41,0,21,16,44,0,47,16,62,0,77,16,91,0,99,16,100,0]"
CSI_DATA,121930,d8:b1:90:d9:de:f0,-38,9,-99,-36,40,104,-1661053980,119,0,106,0,"[49,15,-20,15,-44,14,14,0,-83,14,74,0,-60,14,119,0,-17,14,-112,0,31,15,-112,0,68,15,121,0,92,15,68,0,100,15,0,0,94,15,-67,15,85,15,-106,15,82,15,-116,15,103,15,-102,15,0,0,0,0,-48,15,-81,15,24,0,-90,15,106,0,-122,15,-87,0,82,15,-59,0,38,15,-62,0,15,15,-85,0,23,15,-112,0,38,15,124,0,63,15,117,0,91,15,122,0,123,15,-118,0,-102,15,-112,0]"
CSI_DATA,121931,d8:b1:90:d9:de:f0,-38,9,-99,-35,39,104,-1661053831,139,0,106,0,"[-87,0,-113,16,-21,0,86,16,-19,0,17,16,-65,0,-18,15,-117,0,-21,15,128,0,13,16,109,0,47,16,118,0,97,16,-122,0,-115,16,-90,0,-67,16,-66,0,-38,16,-59,0,-27,16,-83,0,-16,16,0,0,0,0,105,0,41,0,57,0,99,0,21,0,-103,0,8,0,-23,0,15,0,32,1,28,0,52,1,41,0,40,1,43,0,6,1,49,0,-21,0,41,0,-46,0,18,0,-63,0,-18,16,-81,0,-29,16]"
CSI_DATA,121932,d8:b1:90:d9:de:f0,-39,11,-99,-34,40,104,-1660845800,277,0,106,0,"[-48,0,-8,14,20,0,-19,14,51,0,-42,14,47,0,-63,14,30,0,-73,14,12,0,-80,14,-11,0,-68,14,-33,0,-40,14,-57,0,-2,14,-92,0,43,0,115,0,87,0,84,0,116,0,64,0,-114,0,0,0,0,0,6,0,118,0,-43,14,87,0,-116,14,73,0,49,14,53,0,-13,13,62,0,-52,13,75,0,-51,13,94,0,-42,13,109,0,-6,13,-113,0,30,14,-114,0,77,14,103,0,118,14,55,0,-93,14]"
CSI_DATA,121933,d8:b1:90:d9:de:f0,-38,9,-99,-37,40,104,-1660845346,130,0,106,0,"[94,15,-112,15,20,15,127,15,-27,14,-126,15,-37,14,-99,15,-34,14,-72,15,-10,14,-51,15,7,15,-43,15,33,15,-53,15,83,15,-75,15,126,15,-102,15,-83,15,128,15,-50,15,109,15,-26,15,113,15,0,0,0,0,5,0,-127,15,60,0,-84,15,127,0,-59,15,-52,0,-33,15,15,1,-37,15,57,1,-57,15,62,1,-87,15,37,1,-116,15,-2,0,120,15,-46,0,116,15,-96,0,-123,15,121,0,-67,15,102,0]"
CSI_DATA,121934,d8:b1:90:d9:de:f0,-39,9,-99,-32,40,104,-1660636429,98,0,106,0,"[-62,0,-57,13,-1,0,-89,13,23,0,103,13,24,0,84,13,0,0,79,13,-17,0,81,13,-38,0,91,13,-67,0,-114,13,-98,0,-65,13,92,0,-10,13,53,0,48,0,31,0,96,0,15,0,-110,0,0,0,0,0,-20,13,92,0,-58,13,54,0,102,13,9,0,25,13,-29,13,-40,12,-47,13,-83,12,-43,13,-84,12,-24,13,-67,12,-2,13,-36,12,22,0,16,13,35,0,81,13,24,0,-86,13,-11,13,-37,13]"
CSI_DATA,121935,d8:b1:90:d9:de:f0,-39,9,-99,-32,40,104,-1660636270,756,0,106,0,"[54,13,40,0,-6,12,64,0,-35,12,90,0,-31,12,102,0,-24,12,111,0,0,13,109,0,16,13,99,0,46,13,80,0,82,13,40,0,-98,13,-8,13,-58,13,-65,13,-31,13,-110,13,-8,13,93,13,0,0,0,0,30,0,-106,13,65,0,-71,13,-101,0,-24,13,-24,0,15,0,47,0,38,0,81,0,39,0,81,0,16,0,61,0,-7,13,24,0,-24,13,-13,0,-30,13,-69,0,-20,13,90,0,19,0,49,0]"
CSI_DATA,121936,d8:b1:90:d9:de:f0,-37,9,-99,-35,39,104,-1660585469,224,0,106,0,"[-103,16,86,16,117,16,29,16,56,16,17,16,32,16,45,16,6,16,79,16,18,16,113,16,28,16,-129,16,61,16,-114,16,127,16,-106,16,-71,16,-111,16,3,0,-126,16,50,0,136,16,69,0,133,16,0,0,0,0,80,0,-111,16,111,0,-40,16,-104,0,19,0,-22,0,69,0,52,1,86,0,98,1,65,0,105,1,29,0,78,1,-13,16,28,1,-49,16,-30,0,-71,16,-90,0,-46,16,128,0,1,0,98,0]"
CSI_DATA,121937,d8:b1:90:d9:de:f0,-36,11,-99,-34,37,104,-1660308792,100,0,114,0,"[-30,-9,-34,-10,-34,-14,-36,-16,-36,-16,-34,-16,-33,-14,-32,-16,-32,-14,-30,-14,-29,-12,-30,-12,-30,-10,-32,-10,-33,-9,-34,-8,-36,-8,-37,-8,-38,-6,-40,-5,-41,-4,-42,-4,-41,-4,-41,-1,-41,-1,-40,0,-40,0,-41,1,0,0,-38,4,-40,4,-40,5,-41,6,-41,8,-42,6,-41,8,-42,9,-41,10,-41,10,-38,13,-37,13,-34,14,-33,14,-32,14,-30,14,-29,16,-29,16,-32,17,-32,17,-33,21,-34,21,-36,21,-36,22,-36,21,-36,20,-36,17,-32,16]"
CSI_DATA,121938,d8:b1:90:d9:de:f0,-39,11,-99,-34,40,104,-1660219102,277,0,106,0,"[-53,0,60,0,16,0,64,0,55,0,45,0,54,0,26,0,45,0,9,0,14,0,0,0,-6,0,1,0,-37,0,16,0,-90,0,38,0,97,0,71,0,41,0,102,0,2,0,117,0,-16,14,117,0,0,0,0,0,-53,14,75,0,-91,14,16,0,91,14,-39,14,33,14,-93,14,-21,13,118,14,-59,13,118,14,-65,13,-104,14,-45,13,-77,14,-16,13,-54,14,26,14,-38,14,75,14,-38,14,-104,14,-56,14,-57,14]"
CSI_DATA,121939,d8:b1:90:d9:de:f0,-39,9,-99,-35,40,104,-1660218657,108,0,106,0,"[60,14,48,0,-4,13,86,0,-27,13,-119,0,-15,13,-94,0,8,14,-78,0,39,14,-84,0,57,14,-96,0,76,14,122,0,102,14,65,0,116,14,0,0,-116,14,-58,14,-115,14,-96,14,-102,14,-110,14,0,0,0,0,-39,14,-103,14,21,0,-96,14,107,0,-109,14,-64,0,108,14,-10,0,68,14,8,0,31,14,-10,0,12,14,-52,0,13,14,-93,0,33,14,119,0,56,14,100,0,108,14,98,0,-68,14,116,0]"
CSI_DATA,121940,d8:b1:90:d9:de:f0,-38,9,-99,-35,39,104,-1660197494,130,0,106,0,"[101,0,-83,0,-121,0,-18,0,-68,0,-4,0,-45,0,-27,0,-34,0,-55,0,-45,0,-83,0,-63,0,-110,0,-100,0,-121,0,115,0,-126,0,45,0,-125,0,-19,16,-128,0,-63,16,-126,0,-81,16,131,0,0,0,0,0,-91,16,74,0,-105,16,-2,16,129,16,-86,16,77,16,118,16,18,16,71,16,-17,15,68,16,-27,15,89,16,-20,15,126,16,0,16,-110,16,39,16,-83,16,98,16,-70,16,-117,16,-88,16,-64,16]"
CSI_DATA,121941,d8:b1:90:d9:de:f0,-38,11,-99,-34,39,104,-1659801302,277,0,106,0,"[-103,0,-120,0,-8,0,-101,0,59,1,-132,0,58,1,85,0,33,1,47,0,-5,0,27,0,-44,0,31,0,-82,0,57,0,-118,0,110,0,122,0,-113,0,109,0,-85,0,95,0,-84,0,75,0,-117,0,0,0,0,0,3,0,85,0,-82,15,41,0,98,15,29,0,13,15,32,0,-43,14,55,0,-61,14,79,0,-38,14,102,0,-13,14,110,0,26,15,111,0,50,15,104,0,74,15,75,0,90,15,38,0,106,15]"
CSI_DATA,121942,d8:b1:90:d9:de:f0,-38,9,-99,-35,39,104,-1659800858,120,0,106,0,"[62,16,1,0,-26,15,41,0,-50,15,104,0,-32,15,-131,0,6,16,-110,0,54,16,-113,0,74,16,137,0,78,16,98,0,80,16,41,0,61,16,-11,16,49,16,-41,16,62,16,-45,16,91,16,-42,16,0,0,0,0,-88,16,-64,16,-31,16,-102,16,31,0,105,16,66,0,31,16,68,0,-30,15,54,0,-53,15,21,0,-57,15,-7,16,-27,15,-19,16,0,16,-21,16,25,16,-9,16,53,16,13,0,80,16,30,0]"
CSI_DATA,121943,d8:b1:90:d9:de:f0,-37,9,-99,-37,39,104,-1659800745,120,0,106,0,"[48,0,-63,0,114,0,15,1,-110,0,25,1,-70,0,-9,0,-63,0,-58,0,-77,0,-95,0,-102,0,-118,0,-143,0,-115,0,100,0,-93,0,57,0,-63,0,31,0,-48,0,16,0,-63,0,12,0,-102,0,0,0,0,0,-35,17,114,0,-99,17,58,0,105,17,36,0,23,17,25,0,-33,16,40,0,-56,16,68,0,-41,16,97,0,-8,16,114,0,24,17,124,0,50,17,118,0,73,17,98,0,90,17,69,0,105,17]"
CSI_DATA,121944,d8:b1:90:d9:de:f0,-38,9,-99,-33,39,104,-1659591922,341,0,106,0,"[44,15,18,0,-38,14,50,0,-72,14,96,0,-62,14,124,0,-32,14,-120,0,6,15,-122,0,32,15,126,0,58,15,81,0,89,15,26,0,113,15,-39,15,-130,15,-94,15,-112,15,-124,15,-91,15,-124,15,0,0,0,0,-9,15,-107,15,61,0,-91,15,-117,0,-87,15,-38,0,-96,15,14,1,-115,15,32,1,-130,15,24,1,127,15,-6,0,128,15,-37,0,-129,15,-59,0,-111,15,-91,0,-78,15,-110,0,-36,15,-126,0]"
CSI_DATA,121945,d8:b1:90:d9:de:f0,-39,9,-99,-34,40,104,-1659591701,321,0,106,0,"[82,14,-112,0,39,14,-38,0,44,14,15,0,78,14,31,0,114,14,33,0,-106,14,8,0,-90,14,-20,0,-89,14,-62,0,-105,14,-119,0,112,14,63,0,91,14,18,0,89,14,-12,14,107,14,-27,14,0,0,0,0,-79,14,-59,14,-19,14,-97,14,29,0,86,14,69,0,27,14,91,0,-23,13,88,0,-39,13,70,0,-39,13,51,0,-23,13,35,0,6,14,28,0,33,14,33,0,68,14,58,0,110,14,78,0]"
CSI_DATA,121946,d8:b1:90:d9:de:f0,-39,9,-99,-35,40,104,-1659591507,756,0,106,0,"[117,14,92,14,45,14,45,14,-17,13,47,14,-31,13,73,14,-29,13,118,14,-6,13,-98,14,21,14,-77,14,68,14,-84,14,122,14,-109,14,-68,14,110,14,-23,14,84,14,0,0,74,14,11,0,91,14,0,0,0,0,47,0,-103,14,95,0,-49,14,-89,0,-5,14,-24,0,24,0,34,0,32,0,57,0,20,0,43,0,7,0,24,0,-9,14,-5,0,-21,14,-40,0,-17,14,-74,0,-3,14,-105,0,29,0,116,0]"
CSI_DATA,121947,d8:b1:90:d9:de:f0,-39,9,-99,-33,40,104,-1659591191,441,0,106,0,"[-89,0,103,13,-54,0,29,13,-68,0,-30,12,-108,0,-46,12,82,0,-45,12,55,0,-20,12,36,0,11,13,49,0,51,13,73,0,97,13,112,0,-92,13,-93,0,-60,13,-75,0,-47,13,-80,0,-32,13,0,0,0,0,100,0,15,0,77,0,66,0,61,0,-100,0,63,0,-32,0,82,0,20,0,104,0,32,0,-112,0,19,0,-103,0,-8,0,-110,0,-44,0,-113,0,-75,0,89,0,-94,0,50,0,-108,0,14,0]"
CSI_DATA,121948,d8:b1:90:d9:de:f0,-39,9,-99,-36,40,104,-1659590920,421,0,106,0,"[48,0,-57,0,101,0,9,1,-91,0,25,1,-48,0,-1,0,-30,0,-49,0,-36,0,-92,0,-54,0,-123,0,-96,0,119,0,104,0,-128,0,56,0,-110,0,12,0,-90,0,-7,15,-83,0,-11,15,-95,0,0,0,0,0,-40,15,106,0,-86,15,60,0,99,15,32,0,29,15,18,0,-23,14,34,0,-42,14,61,0,-30,14,83,0,3,15,103,0,38,15,114,0,73,15,105,0,103,15,79,0,118,15,40,0,123,15]"
CSI_DATA,121949,d8:b1:90:d9:de:f0,-39,9,-99,-34,40,104,-1659383050,101,0,106,0,"[-54,14,-49,0,-58,14,29,0,-31,14,68,0,9,0,68,0,38,0,38,0,52,0,2,0,46,0,-42,0,14,0,-84,0,-39,14,118,0,-100,14,88,0,85,14,65,0,61,14,61,0,65,14,55,0,0,0,0,0,107,14,9,0,-105,14,-47,14,-92,14,117,14,-92,14,45,14,-111,14,-12,13,106,14,-28,13,105,14,-17,13,99,14,7,14,103,14,39,14,-111,14,68,14,-73,14,88,14,-28,14,92,14,8,0]"
CSI_DATA,121950,d8:b1:90:d9:de:f0,-38,9,-99,-37,40,104,-1659382927,98,0,106,0,"[-84,0,123,0,-4,0,-113,0,49,1,127,0,68,1,84,0,43,1,43,0,10,1,20,0,-34,0,10,0,-87,0,27,0,115,0,78,0,67,0,-123,0,32,0,-75,0,21,0,-55,0,15,0,-67,0,0,0,0,0,-10,15,-111,0,-63,15,102,0,109,15,82,0,34,15,59,0,-23,14,69,0,-52,14,88,0,-41,14,108,0,-11,14,117,0,24,15,118,0,60,15,96,0,89,15,59,0,93,15,8,0,95,15]"
CSI_DATA,121951,d8:b1:90:d9:de:f0,-40,11,-99,-35,42,104,-1659309170,100,0,228,0,"[6,5,9,6,12,8,14,10,15,13,16,14,16,16,84,34,13,17,11,17,10,16,9,16,9,15,8,13,7,12,6,10,7,8,7,6,9,3,10,1,11,0,-26,-23,13,-3,13,-4,13,-5,13,-4,12,-5,11,-5,0,0,8,-5,6,-5,4,-6,2,-6,0,-9,-2,-11,-33,11,-6,-15,-7,-16,-7,-18,-8,-19,-8,-20,-7,-20,-7,-19,-6,-19,-6,-18,-6,-16,-5,-16,-5,-15,-5,-14,-70,11,-6,-11,-7,-10,-8,-9,-8,-8,-9,-7,-9,-6,-8,-6,-4,7,2,10,9,7,13,-1,8,-10,0,-11,-8,-6,5,19,-3,7,3,6,6,0,3,-7,-4,-8,-12,-2,-12,8,-3,16,11,16,21,4,20,-13,6,-24,-12,-22,-11,-10,-20,10,-6,20,9,16,16,4,12,-7,1,-13,0,0,-10,2,-3,10,6,10,12,0,10,-10,0,-14,-15,-23,-14,1,-8,10,2,12,9,6,8,-2,2,-6,-3,-3,-4,1,0,5,6,3,9,-3,4,-11,-6,-13,-22,-20,-18,6,-10,20,5,23,19,14,23,-2,15,-15,2,-19]"
CSI_DATA,121952,d8:b1:90:d9:de:f0,-38,9,-99,-35,39,104,-1659174150,130,0,106,0,"[46,0,32,16,10,0,-57,15,-64,16,-90,15,-119,16,-58,15,128,16,-4,15,128,16,51,16,-125,16,94,16,-66,16,116,16,1,0,115,16,63,0,105,16,95,0,92,16,101,0,93,16,91,0,112,16,0,0,0,0,100,0,-63,16,128,0,-3,16,-93,0,58,0,-31,0,94,0,18,1,103,0,38,1,87,0,29,1,70,0,1,1,49,0,-21,0,34,0,-53,0,33,0,-71,0,50,0,-88,0,65,0,-107,0]"
CSI_DATA,121953,d8:b1:90:d9:de:f0,-37,9,-99,-33,38,104,-1659174043,113,0,106,0,"[-56,0,-100,17,5,1,105,17,-9,0,21,17,-65,0,-5,16,-129,0,-6,16,110,0,33,17,99,0,83,17,112,0,139,17,-143,0,-88,17,-90,0,-45,17,-47,0,-21,17,-48,0,-24,17,-78,0,-31,17,0,0,0,0,140,0,32,0,98,0,95,0,85,0,-105,0,90,0,-24,0,117,0,16,1,142,0,25,1,-138,0,6,1,-135,0,-40,0,144,0,-72,0,125,0,-84,0,99,0,-94,0,64,0,-97,0,49,0]"
CSI_DATA,121954,d8:b1:90:d9:de:f0,-36,11,-99,-33,37,104,-1658965705,277,0,106,0,"[-138,0,143,19,-102,0,58,19,-121,0,-5,18,-165,0,-20,18,121,0,-1,18,95,0,34,19,99,0,81,19,128,0,116,19,-147,0,160,19,-89,0,-132,19,-60,0,-119,19,-66,0,-112,19,-104,0,-99,19,0,0,0,0,147,0,-6,19,111,0,75,0,106,0,-147,0,128,0,-55,0,161,0,2,1,-150,0,14,1,-130,0,-11,0,-141,0,-40,0,-155,0,-60,0,-165,0,-72,0,149,0,-67,0,137,0,-69,0,134,0]"
CSI_DATA,121955,d8:b1:90:d9:de:f0,-37,9,-99,-34,38,104,-1658965206,98,0,106,0,"[129,17,-130,0,105,17,-39,0,141,17,26,1,-106,17,42,1,-52,17,15,1,-22,17,-22,0,-22,17,-62,0,-59,17,-93,0,-114,17,-117,0,137,17,-121,0,110,17,-115,0,122,17,-111,0,-148,17,-130,0,0,0,0,0,-106,17,65,0,-118,17,-14,17,137,17,-97,17,66,17,149,17,2,17,137,17,-28,16,-143,17,-22,16,-111,17,-5,16,-74,17,15,17,-59,17,33,17,-54,17,38,17,-60,17,45,17,-54,17,62,17]"
CSI_DATA,121956,d8:b1:90:d9:de:f0,-37,9,-99,-35,38,104,-1658756324,113,0,106,0,"[108,0,-86,0,-150,0,-6,0,-89,0,14,1,-62,0,-14,0,-67,0,-53,0,-84,0,-102,0,-133,0,-129,0,108,0,-135,0,14,0,-123,0,-68,18,-92,0,-119,18,-64,0,-135,18,-51,0,-121,18,-75,0,0,0,0,0,-90,18,123,0,-107,18,28,0,-152,18,-74,18,99,18,-150,18,37,18,112,18,23,18,106,18,25,18,127,18,52,18,143,18,84,18,152,18,108,18,145,18,143,18,124,18,-150,18,106,18,-135,18]"
CSI_DATA,121957,d8:b1:90:d9:de:f0,-37,9,-99,-37,39,104,-1658756225,108,0,106,0,"[-105,0,137,0,-4,0,-127,0,63,1,139,0,75,1,84,0,42,1,43,0,-4,0,21,0,-63,0,26,0,-130,0,60,0,100,0,130,0,63,0,-83,0,47,0,-30,0,48,0,-15,0,54,0,-43,0,0,0,0,0,23,0,139,0,-55,17,64,0,131,17,27,0,34,17,11,0,-32,16,17,0,-51,16,38,0,-28,16,54,0,5,17,64,0,38,17,50,0,60,17,24,0,72,17,-12,17,69,17,-48,17,77,17]"
CSI_DATA,121958,d8:b1:90:d9:de:f0,-38,9,-99,-38,40,104,-1658756071,98,0,106,0,"[-113,0,-133,0,-28,0,-96,0,36,1,-116,0,44,1,115,0,30,1,74,0,-14,0,38,0,-58,0,38,0,-116,0,68,0,86,0,121,0,47,0,-79,0,30,0,-28,0,39,0,-16,0,50,0,-44,0,0,0,0,0,16,0,131,0,-48,15,64,0,128,15,27,0,38,15,14,0,-23,14,30,0,-42,14,51,0,-26,14,69,0,10,15,68,0,43,15,59,0,59,15,37,0,63,15,4,0,62,15,-21,15,65,15]"
CSI_DATA,121959,d8:b1:90:d9:de:f0,-37,11,-99,-35,38,104,-1658547906,277,0,106,0,"[129,0,-75,0,-112,0,-8,0,-55,0,-3,0,-40,0,-34,0,-46,0,-73,0,-77,0,-110,0,-117,0,-119,0,136,0,-112,0,58,0,-102,0,-14,18,-80,0,-59,18,-69,0,-85,18,-75,0,-83,18,-107,0,0,0,0,0,-95,18,101,0,-117,18,6,0,151,18,-80,18,96,18,-154,18,48,18,110,18,26,18,97,18,33,18,113,18,58,18,130,18,84,18,140,18,103,18,141,18,136,18,130,18,-144,18,122,18,-119,18]"
CSI_DATA,121960,d8:b1:90:d9:de:f0,-37,9,-99,-36,39,104,-1658547461,130,0,106,0,"[83,16,138,16,-17,15,126,16,-76,15,-121,16,-69,15,-66,16,-49,15,-28,16,2,16,-2,16,47,16,-15,16,89,16,-49,16,129,16,-104,16,-131,16,125,16,-112,16,83,16,-107,16,72,16,-89,16,97,16,0,0,0,0,-21,16,-105,16,54,0,-76,16,-138,0,-69,16,-49,0,-78,16,6,1,-108,16,21,1,-133,16,3,1,138,16,-31,0,138,16,-67,0,-141,16,-80,0,-116,16,-81,0,-89,16,-86,0,-62,16,-90,0]"
CSI_DATA,121961,d8:b1:90:d9:de:f0,-38,9,-99,-33,39,104,-1658338562,98,0,106,0,"[82,15,61,0,4,15,98,0,-24,14,-110,0,-9,14,-60,0,38,15,-42,0,80,15,-42,0,118,15,-66,0,-128,15,-119,0,128,15,76,0,101,15,4,0,65,15,-44,15,39,15,-51,15,42,15,-44,15,0,0,0,0,118,15,-36,15,-83,15,-64,15,-20,15,128,15,17,0,45,15,14,0,-29,14,-13,15,-63,14,-40,15,-58,14,-64,15,-32,14,-80,15,1,15,-78,15,40,15,-51,15,65,15,-12,15,76,15,12,0]"
CSI_DATA,121962,d8:b1:90:d9:de:f0,-34,11,-99,-35,36,104,-1658309184,100,0,114,0,"[-7,-38,-6,-43,-3,-46,1,-49,3,-47,4,-47,7,-44,7,-43,9,-41,9,-40,9,-38,9,-36,9,-38,9,-38,9,-41,10,-43,12,-43,12,-44,12,-46,12,-46,13,-47,13,-47,13,-46,13,-46,13,-44,13,-44,13,-43,15,-44,0,0,16,-40,16,-41,18,-44,18,-43,20,-44,20,-43,20,-44,21,-44,21,-43,20,-41,18,-43,18,-40,18,-38,18,-36,16,-35,16,-35,16,-32,16,-33,18,-33,20,-35,21,-35,23,-36,23,-38,27,-38,29,-36,30,-33,30,-30,30,-26]"
CSI_DATA,121963,d8:b1:90:d9:de:f0,-37,11,-99,-35,39,104,-1657712308,277,0,106,0,"[59,0,-47,0,105,0,10,1,-113,0,19,1,-80,0,-14,0,-69,0,-55,0,-73,0,-98,0,-92,0,-115,0,-127,0,-121,0,109,0,-101,0,73,0,-67,0,47,0,-41,0,38,0,-34,0,40,0,-56,0,0,0,0,0,23,0,-100,0,-26,16,-138,0,-102,16,135,0,109,16,-130,0,57,16,-92,0,51,16,-63,0,78,16,-50,0,110,16,-42,0,137,16,-45,0,-124,16,-53,0,-124,16,-73,0,-127,16,-80,0,-116,16]"
CSI_DATA,121964,d8:b1:90:d9:de:f0,-38,9,-99,-36,40,104,-1657711827,98,0,106,0,"[101,0,-69,0,-109,0,-16,0,-70,0,-5,0,-53,0,-26,0,-56,0,-58,0,-76,0,-81,0,-106,0,-96,0,106,0,-96,0,47,0,-81,0,-9,15,-59,0,-56,15,-41,0,-75,15,-40,0,-74,15,-59,0,0,0,0,0,-73,15,-112,0,-97,15,75,0,110,15,13,0,55,15,-44,15,4,15,-74,15,-25,14,-79,15,-23,14,-63,15,-9,14,-46,15,9,15,-37,15,33,15,-46,15,57,15,-65,15,72,15,-92,15,83,15]"
CSI_DATA,121965,d8:b1:90:d9:de:f0,-38,9,-99,-35,39,104,-1657711731,130,0,106,0,"[88,16,-131,16,14,16,138,16,-35,15,-100,16,-41,15,-42,16,-22,15,10,0,9,16,32,0,42,16,38,0,57,16,23,0,71,16,-21,16,66,16,-58,16,52,16,-79,16,43,16,-81,16,50,16,-65,16,0,0,0,0,99,16,-51,16,-134,16,-71,16,-107,16,-131,16,-106,16,87,16,-134,16,35,16,104,16,21,16,71,16,44,16,63,16,88,16,58,16,128,16,66,16,-122,16,79,16,-117,16,90,16,-125,16,90,16]"
CSI_DATA,121966,d8:b1:90:d9:de:f0,-36,9,-99,-36,38,104,-1657689089,756,0,106,0,"[-88,0,-147,0,-16,0,-125,0,32,1,-143,0,31,1,135,0,7,1,103,0,-40,0,84,0,-90,0,84,0,-139,0,115,0,123,0,-153,0,79,0,-95,0,36,0,-56,0,21,0,-55,0,5,0,-85,0,0,0,0,0,-44,18,-134,0,-118,18,133,0,107,18,127,0,32,18,112,0,-13,17,114,0,-31,17,124,0,-11,17,119,0,18,18,114,0,52,18,104,0,65,18,70,0,73,18,35,0,69,18,2,0,78,18]"
CSI_DATA,121967,d8:b1:90:d9:de:f0,-41,11,-99,-35,42,104,-1657308846,100,0,228,0,"[5,8,6,10,7,13,8,14,8,17,6,19,5,20,84,34,2,20,0,19,0,18,-2,17,-2,16,-3,15,-3,14,-2,13,-1,13,0,12,0,12,2,12,3,11,-26,-23,5,12,6,12,6,12,6,12,6,12,5,12,0,0,4,10,5,9,6,8,6,6,8,6,10,4,-70,0,14,4,16,5,17,6,18,6,18,7,17,9,16,10,16,11,14,11,13,12,11,12,10,12,9,12,-71,0,8,11,8,10,8,9,8,7,8,7,7,7,6,7,-6,8,0,12,10,9,14,1,12,-8,3,-13,-5,-10,-6,17,-7,5,0,9,6,5,10,-1,5,-10,-4,-11,-13,-6,-14,6,-8,16,6,20,19,11,23,-4,14,-19,3,-12,-16,-16,-21,-1,-16,13,-2,18,10,13,14,2,0,0,0,-12,-9,-7,-11,2,-5,10,4,12,12,5,25,0,5,-13,-4,-13,-12,-5,-11,4,-3,9,3,7,6,1,4,-4,0,-6,-6,-2,-7,5,-1,10,7,10,23,14,16,-9,7,-19,-6,-21,-18,-12,-22,0,-16,13,-3,18]"
CSI_DATA,121968,d8:b1:90:d9:de:f0,-38,11,-99,-37,40,104,-1657294509,277,0,106,0,"[-44,15,9,15,-95,15,-46,14,107,15,-47,14,88,15,-5,14,77,15,42,15,96,15,83,15,119,15,108,15,-106,15,113,15,-46,15,101,15,0,0,85,15,41,0,68,15,59,0,67,15,61,0,80,15,0,0,0,0,77,0,113,15,119,0,-107,15,-82,0,-85,15,-27,0,-67,15,18,1,-76,15,30,1,-93,15,19,1,-111,15,-12,0,-118,15,-47,0,-121,15,-67,0,-109,15,-80,0,-84,15,-87,0,-51,15,-83,0]"
CSI_DATA,121969,d8:b1:90:d9:de:f0,-39,9,-99,-35,40,104,-1657294037,101,0,106,0,"[-4,14,15,14,-55,14,-46,13,-116,14,-48,13,94,14,-9,13,84,14,43,14,90,14,81,14,109,14,107,14,-104,14,114,14,-60,14,102,14,-23,14,82,14,9,0,67,14,19,0,60,14,20,0,75,14,0,0,0,0,34,0,90,14,72,0,118,14,-114,0,113,14,-66,0,105,14,-41,0,80,14,-37,0,56,14,-65,0,42,14,-95,0,39,14,119,0,49,14,101,0,67,14,93,0,90,14,105,0,109,14,110,0]"
CSI_DATA,121970,d8:b1:90:d9:de:f0,-39,9,-99,-36,41,104,-1657293923,108,0,106,0,"[62,13,-75,0,59,13,-2,0,103,13,40,0,-72,13,38,0,-27,13,20,0,-4,13,-16,0,0,0,-49,0,-17,13,-74,0,-53,13,-97,0,-89,13,-106,0,108,13,-113,0,97,13,112,0,98,13,105,0,0,0,0,0,109,13,80,0,94,13,42,0,54,13,11,0,14,13,-6,13,-23,12,-8,13,-37,12,13,0,-28,12,40,0,0,13,65,0,29,13,78,0,56,13,78,0,70,13,65,0,78,13,40,0,76,13]"
CSI_DATA,121971,d8:b1:90:d9:de:f0,-40,9,-99,-34,41,104,-1657293797,98,0,106,0,"[63,12,68,12,3,12,47,12,-30,11,70,12,-30,11,100,12,-8,11,-85,12,26,12,-70,12,58,12,-68,12,98,12,-82,12,-69,12,105,12,-21,12,74,12,10,0,54,12,29,0,53,12,42,0,62,12,0,0,0,0,71,0,99,12,100,0,-78,12,-58,0,-41,12,-18,0,-14,12,22,0,0,0,42,0,0,0,36,0,-7,12,12,0,-12,12,-10,0,-14,12,-33,0,-10,12,-59,0,15,0,-77,0,45,0,-90,0]"
CSI_DATA,121972,d8:b1:90:d9:de:f0,-37,9,-99,-37,39,104,-1657085174,224,0,106,0,"[140,0,-71,0,-85,0,0,1,-35,0,20,1,-18,0,-6,0,-31,0,-49,0,-69,0,-91,0,-121,0,-125,0,103,0,138,0,6,0,106,0,-98,17,87,0,117,17,76,0,80,17,69,0,87,17,58,0,0,0,0,0,-122,17,-12,17,-64,17,-107,17,-17,17,86,17,17,0,-17,16,26,0,-85,16,18,0,-101,16,9,0,-72,16,-8,17,-21,16,-3,17,41,17,26,0,99,17,68,0,-129,17,122,0,-68,17,-125,0]"
CSI_DATA,121973,d8:b1:90:d9:de:f0,-38,11,-99,-36,39,104,-1656876710,277,0,106,0,"[-105,16,-3,0,-74,16,86,1,-13,16,117,1,56,0,90,1,85,0,26,1,95,0,-30,0,75,0,-93,0,33,0,-135,0,-35,16,115,0,-109,16,99,0,129,16,87,0,109,16,87,0,118,16,76,0,0,0,0,0,142,16,21,0,140,16,-58,16,98,16,-125,16,57,16,107,16,14,16,94,16,-11,15,111,16,-1,15,-135,16,23,16,-97,16,65,16,-65,16,117,16,-52,16,-116,16,-63,16,-83,16,-100,16,-63,16]"
CSI_DATA,121974,d8:b1:90:d9:de:f0,-38,9,-99,-37,40,104,-1656876229,130,0,106,0,"[17,0,31,1,72,0,99,1,122,0,103,1,-107,0,62,1,-109,0,8,1,-126,0,-48,0,99,0,-100,0,44,0,120,0,-27,15,84,0,-99,15,58,0,110,15,41,0,91,15,29,0,95,15,14,0,0,0,0,0,-107,15,-51,15,-74,15,-116,15,-53,15,63,15,-47,15,-7,14,-53,15,-54,14,-66,15,-63,14,-78,15,-32,14,-83,15,11,15,-72,15,63,15,-45,15,107,15,0,0,-114,15,51,0,-89,15,92,0]"
CSI_DATA,121975,d8:b1:90:d9:de:f0,-38,9,-99,-35,39,104,-1656876067,113,0,106,0,"[-6,15,104,0,-69,15,-113,0,-65,15,-62,0,-9,15,-43,0,35,16,-56,0,90,16,-88,0,127,16,-134,0,-134,16,76,0,-116,16,-11,16,-116,16,-87,16,-114,16,136,16,-101,16,112,16,-85,16,118,16,0,0,0,0,-7,16,129,16,76,0,-134,16,-118,0,124,16,-49,0,100,16,-15,0,77,16,-8,0,66,16,-39,0,70,16,-74,0,94,16,-113,0,125,16,136,0,-113,16,124,0,-52,16,128,0,2,0,135,0]"
CSI_DATA,121976,d8:b1:90:d9:de:f0,-38,9,-99,-34,39,104,-1656875914,98,0,106,0,"[-9,14,123,0,-55,14,-66,0,-31,14,-9,0,20,15,10,1,87,15,-9,0,-132,15,-41,0,-102,15,-98,0,-87,15,100,0,-87,15,21,0,-105,15,-62,15,-121,15,-112,15,-122,15,-131,15,-114,15,-126,15,0,0,0,0,-21,15,-124,15,43,0,-130,15,131,0,94,15,-85,0,46,15,-64,0,8,15,-80,0,-13,14,-110,0,2,15,114,0,29,15,82,0,72,15,74,0,119,15,77,0,-88,15,99,0,-42,15,122,0]"
CSI_DATA,121977,d8:b1:90:d9:de:f0,-41,11,-99,-34,42,104,-1656458911,277,0,106,0,"[-59,0,76,11,-56,0,24,11,-89,0,-6,10,72,0,5,11,50,0,25,11,50,0,43,11,62,0,47,11,86,0,38,11,-85,0,20,11,-86,0,0,11,92,0,0,11,67,0,9,11,51,0,41,11,0,0,0,0,47,0,-86,11,70,0,-56,11,-82,0,-38,11,-51,0,-33,11,-24,0,-39,11,-19,0,-48,11,-29,0,-54,11,-40,0,-56,11,-42,0,-60,11,-34,0,-67,11,-22,0,-87,11,-25,0,79,11,-63,0]"
CSI_DATA,121978,d8:b1:90:d9:de:f0,-40,9,-99,-36,42,104,-1656458430,113,0,106,0,"[23,0,22,11,13,0,-17,11,-9,11,-23,11,-16,11,-3,11,-15,11,20,11,0,0,36,11,26,0,36,11,57,0,22,11,86,0,7,11,-100,0,-2,11,-100,0,4,11,94,0,22,11,84,0,57,11,0,0,0,0,82,0,-81,11,99,0,-39,11,-75,0,-3,11,-52,0,25,0,-31,0,45,0,-28,0,54,0,-36,0,56,0,-46,0,61,0,-51,0,68,0,-46,0,80,0,-31,0,92,0,-18,0,84,0,-19,0]"
CSI_DATA,121979,d8:b1:90:d9:de:f0,-40,9,-99,-35,41,104,-1656458304,98,0,106,0,"[56,0,-32,0,88,0,0,0,-107,0,-6,0,-109,0,-32,0,102,0,-53,0,75,0,-59,0,54,0,-48,0,32,0,-19,0,12,0,8,0,7,0,25,0,4,0,25,0,3,0,0,0,0,0,-45,0,0,0,0,0,-27,12,-95,0,-67,12,86,0,102,12,73,0,64,12,63,0,40,12,56,0,32,12,55,0,35,12,49,0,45,12,39,0,47,12,32,0,33,12,25,0,14,12,27,0,6,12,38,0,24,12]"
CSI_DATA,121980,d8:b1:90:d9:de:f0,-40,9,-99,-36,42,104,-1656443072,252,0,106,0,"[-70,11,47,11,-100,11,27,11,88,11,30,11,88,11,44,11,-100,11,54,11,-88,11,48,11,-78,11,30,11,-83,11,12,11,-78,11,-7,11,-77,11,-16,11,-69,11,-8,11,-57,11,15,11,-42,11,50,11,0,0,0,0,-14,11,87,11,26,0,-87,11,77,0,-84,11,-81,0,-77,11,-52,0,-86,11,-38,0,-94,11,-43,0,-101,11,-56,0,-95,11,-59,0,-95,11,-49,0,-94,11,-41,0,-99,11,-37,0,88,11,-60,0]"
CSI_DATA,121981,d8:b1:90:d9:de:f0,-41,11,-99,-32,42,104,-1656308822,100,0,114,0,"[-16,0,-18,0,-19,-2,-19,-3,-20,-5,-19,-6,-18,-7,-17,-7,-17,-6,-16,-7,-16,-7,-16,-7,-16,-7,-16,-7,-16,-7,-17,-7,-18,-8,-18,-9,-19,-9,-19,-9,-19,-9,-20,-10,-19,-10,-19,-10,-18,-10,-17,-9,-17,-9,-18,-9,0,0,-17,-10,-17,-11,-17,-11,-17,-11,-17,-11,-17,-12,-17,-12,-18,-12,-17,-12,-17,-12,-16,-12,-16,-12,-16,-11,-15,-10,-14,-10,-14,-9,-14,-9,-14,-9,-14,-10,-15,-10,-15,-11,-16,-12,-16,-13,-16,-14,-15,-15,-14,-15,-12,-16,-9,-15]"
CSI_DATA,121982,d8:b1:90:d9:de:f0,-42,11,-99,-34,43,104,-1656041112,277,0,106,0,"[-62,0,76,0,-5,0,77,0,26,0,52,0,22,0,30,0,10,0,8,0,-10,0,0,10,-28,0,4,0,-43,0,22,0,-62,0,54,0,-78,0,80,0,81,0,-66,0,74,0,-56,0,60,0,-62,0,0,0,0,0,25,0,73,0,-12,10,56,0,-64,10,47,0,50,10,48,0,6,10,60,0,-10,9,72,0,-8,9,84,0,2,10,-84,0,19,10,83,0,26,10,74,0,21,10,59,0,14,10,40,0,13,10]"
CSI_DATA,121983,d8:b1:90:d9:de:f0,-42,9,-99,-36,44,104,-1656040650,130,0,106,0,"[-76,0,58,9,76,0,-3,8,39,0,-36,8,1,0,-32,8,-21,9,-10,8,-35,9,13,9,-32,9,32,9,-15,9,50,9,13,0,59,9,41,0,64,9,62,0,63,9,70,0,61,9,64,0,71,9,0,0,0,0,37,0,-45,9,37,0,-6,9,55,0,42,0,-73,0,-75,0,-34,0,-51,0,-6,0,-53,0,1,0,-70,0,1,0,71,0,-5,0,53,0,-17,0,51,0,-27,0,61,0,-29,0,72,0,-27,0]"
CSI_DATA,121984,d8:b1:90:d9:de:f0,-42,9,-99,-35,43,104,-1656040488,108,0,106,0,"[-49,0,61,0,9,0,44,0,33,0,5,0,25,0,-30,10,4,0,-55,10,-20,0,-61,10,-38,0,-56,10,-48,0,-44,10,-54,0,-13,10,-55,0,14,0,-55,0,38,0,-57,0,43,0,-69,0,39,0,0,0,0,0,66,0,32,0,23,0,44,0,-17,10,79,0,-48,10,-53,0,-61,10,-9,0,-52,10,17,0,-31,10,26,0,-13,10,17,0,-2,10,4,0,0,0,-3,0,-6,10,-8,0,-16,10,-5,0,-9,10]"
CSI_DATA,121985,d8:b1:90:d9:de:f0,-38,9,-99,-34,39,104,-1655831759,214,0,106,0,"[-64,0,8,0,20,1,-4,15,67,1,-39,15,67,1,-80,15,40,1,-110,15,6,1,-115,15,-32,0,-109,15,-76,0,-80,15,-122,0,-26,15,102,0,54,0,73,0,124,0,70,0,-101,0,70,0,-96,0,0,0,0,0,34,0,131,0,-24,15,82,0,-126,15,54,0,47,15,34,0,-30,14,51,0,-67,14,83,0,-65,14,111,0,-36,14,-133,0,5,15,-131,0,46,15,123,0,84,15,94,0,108,15,40,0,122,15]"
CSI_DATA,121986,d8:b1:90:d9:de:f0,-39,9,-99,-34,40,104,-1655831614,214,0,106,0,"[98,0,84,14,119,0,6,14,101,0,-48,13,75,0,-59,13,42,0,-52,13,13,0,-30,13,6,0,4,14,6,0,52,14,31,0,114,14,77,0,-63,14,-113,0,-17,14,-81,0,6,0,-70,0,12,0,0,0,0,0,112,0,19,0,59,0,54,0,1,0,-119,0,-36,14,-36,0,-51,14,33,0,-39,14,72,0,-4,14,75,0,27,0,54,0,42,0,19,0,44,0,-11,0,32,0,-50,0,-1,14,-91,0,-40,14]"
CSI_DATA,121987,d8:b1:90:d9:de:f0,-39,9,-99,-32,40,104,-1655831415,214,0,106,0,"[-38,13,55,13,-73,13,-8,12,106,13,-32,12,71,13,-18,12,53,13,14,13,53,13,46,13,67,13,79,13,99,13,106,13,-73,13,-100,13,0,13,-96,13,62,0,-101,13,93,0,111,13,103,0,107,13,0,0,0,0,75,0,-76,13,75,0,-15,13,96,0,60,0,-87,0,-97,0,-36,0,-50,0,4,0,-45,0,21,0,-70,0,24,0,-107,0,7,0,87,0,-22,0,64,0,-56,0,56,0,-105,0,67,0,86,0]"
CSI_DATA,121988,d8:b1:90:d9:de:f0,-39,9,-99,-34,40,104,-1655831252,214,0,106,0,"[-107,0,110,14,-65,0,40,14,-82,0,-18,13,-117,0,-42,13,90,0,-44,13,45,0,-24,13,21,0,6,14,17,0,56,14,41,0,116,14,81,0,-59,14,-114,0,-19,14,-81,0,-1,14,-73,0,3,0,0,0,0,0,112,0,8,0,67,0,47,0,16,0,118,0,-2,14,-34,0,5,0,38,0,28,0,73,0,69,0,66,0,97,0,38,0,108,0,1,0,113,0,-34,0,84,0,-69,0,50,0,-99,0,10,0]"
CSI_DATA,121989,d8:b1:90:d9:de:f0,-38,9,-99,-34,39,104,-1655831117,214,0,106,0,"[-6,15,-62,0,-13,15,26,1,3,0,74,1,23,0,78,1,37,0,61,1,42,0,30,1,36,0,-7,0,6,0,-61,0,-39,15,-129,0,-97,15,63,0,121,15,0,0,94,15,-36,15,93,15,-50,15,0,0,0,0,-118,15,-66,15,-36,15,-79,15,63,0,-119,15,-113,0,106,15,-45,0,59,15,-18,0,29,15,-19,0,24,15,-39,0,33,15,-65,0,52,15,-86,0,84,15,-106,0,-134,15,-116,0,-75,15,-123,0]"
CSI_DATA,121990,d8:b1:90:d9:de:f0,-39,9,-99,-34,40,104,-1655830963,214,0,106,0,"[-23,14,-53,0,-27,14,21,0,-16,14,65,0,4,0,73,0,16,0,56,0,27,0,27,0,16,0,-5,0,-3,14,-51,0,-34,14,-116,0,-83,14,55,0,112,14,0,0,88,14,-35,14,80,14,-49,14,0,0,0,0,-100,14,-58,14,-33,14,-74,14,54,0,-110,14,-107,0,85,14,-49,0,40,14,-26,0,10,14,-31,0,1,14,-60,0,6,14,-79,0,28,14,-94,0,60,14,-111,0,102,14,-116,0,-85,14,-116,0]"
CSI_DATA,121991,d8:b1:90:d9:de:f0,-39,9,-99,-36,41,104,-1655830809,214,0,106,0,"[0,0,-52,0,3,0,22,0,26,0,60,0,47,0,63,0,61,0,40,0,66,0,15,0,61,0,-15,0,35,0,-55,0,-14,13,-110,0,-62,13,69,0,111,13,30,0,74,13,3,0,67,13,-4,13,0,0,0,0,-99,13,-28,13,-49,13,-61,13,17,0,-111,13,73,0,50,13,110,0,-10,12,-105,0,-43,12,108,0,-45,12,90,0,-29,12,76,0,-9,12,64,0,16,13,66,0,62,13,81,0,112,13,97,0]"
CSI_DATA,121992,d8:b1:90:d9:de:f0,-38,11,-99,-34,39,104,-1655623313,277,0,106,0,"[0,1,3,0,74,1,-31,15,84,1,-82,15,49,1,-110,15,6,1,-123,15,-42,0,-104,15,-80,0,-73,15,-113,0,-14,15,133,0,57,0,120,0,127,0,117,0,-98,0,114,0,-81,0,92,0,-95,0,0,0,0,0,6,0,112,0,-73,15,94,0,101,15,90,0,18,15,117,0,-39,14,-126,0,-33,14,-104,0,-1,14,-103,0,44,15,-115,0,77,15,128,0,98,15,96,0,104,15,44,0,90,15,-8,15,77,15]"
CSI_DATA,121993,d8:b1:90:d9:de:f0,-38,9,-99,-35,39,104,-1655622860,756,0,106,0,"[15,16,-56,16,-61,15,-32,16,-82,15,8,0,-57,15,46,0,-11,15,66,0,33,16,66,0,74,16,37,0,109,16,-9,16,133,16,-68,16,-136,16,-133,16,-125,16,95,16,-122,16,88,16,-111,16,105,16,0,0,0,0,-25,16,-137,16,46,0,-124,16,-139,0,134,16,-66,0,101,16,-33,0,57,16,-43,0,29,16,-70,0,37,16,-111,0,51,16,137,0,82,16,133,0,128,16,-135,0,-109,16,-103,0,-78,16,-88,0]"
CSI_DATA,121994,d8:b1:90:d9:de:f0,-36,9,-99,-37,38,104,-1655413942,101,0,106,0,"[112,0,75,19,119,0,-45,18,79,0,-108,18,28,0,-110,18,0,0,-60,18,-22,19,-19,18,-7,19,41,19,28,0,103,19,89,0,-160,19,161,0,-102,19,-116,0,-55,19,-97,0,-37,19,-120,0,-27,19,0,0,0,0,103,0,49,0,27,0,106,0,-47,19,-119,0,-94,19,-23,0,-104,19,54,1,-91,19,82,1,-71,19,57,1,-51,19,18,1,-42,19,-27,0,-60,19,-82,0,-86,19,-137,0,-130,19,159,0,-156,19]"
CSI_DATA,121995,d8:b1:90:d9:de:f0,-35,9,-99,-36,37,104,-1655403544,130,0,106,0,"[-40,0,-97,21,50,1,-166,21,72,1,125,21,42,1,111,21,-15,0,114,21,-70,0,131,21,-97,0,-177,21,-120,0,-97,21,-139,0,-4,21,-162,0,97,0,175,0,161,0,156,0,-172,0,118,0,175,0,0,0,0,0,-14,21,134,0,-115,21,94,0,113,21,72,0,2,21,67,0,-64,19,83,0,-88,19,98,0,-62,19,93,0,-16,19,84,0,29,21,60,0,74,21,25,0,114,21,-25,21,139,21,-74,21,166,21]"
CSI_DATA,121996,d8:b1:90:d9:de:f0,-40,11,-99,-37,41,104,-1655309079,100,0,228,0,"[4,-2,6,-6,8,-9,11,-12,14,-13,16,-14,19,-13,99,41,22,-11,22,-10,22,-8,22,-7,21,-7,20,-5,18,-5,16,-5,15,-6,12,-7,10,-8,9,-11,6,-12,-31,-27,3,-15,3,-18,2,-18,3,-18,3,-18,4,-16,0,0,4,-12,4,-11,2,-7,0,-4,-2,-1,-5,0,-70,13,-14,2,-18,2,-22,2,-23,1,-24,0,-25,-1,-24,-2,-23,-4,-22,-5,-21,-5,-18,-6,-17,-6,-15,-6,42,13,-13,-2,-13,0,-12,0,-13,2,-13,2,-14,4,-13,2,7,11,15,2,14,-9,6,-16,-6,-16,-14,-7,-14,3,14,-2,2,9,6,2,2,-3,-2,-4,-7,1,-3,9,6,11,16,4,18,-9,8,-22,-10,-24,-26,-12,-29,8,-11,11,4,29,22,17,25,-1,14,-18,-2,-20,-13,-10,0,0,-5,11,8,11,13,0,9,-11,-4,-16,-16,-9,-29,7,-10,16,3,19,14,11,16,0,9,-9,0,-9,-3,-4,-2,0,0,0,1,-3,-1,-7,-9,-6,-15,1,-27,8,-1,21,13,21,25,8,24,-10,12,-22,-3,-23,-15,-14]"
CSI_DATA,121997,d8:b1:90:d9:de:f0,-38,11,-99,-34,39,104,-1654787716,277,0,106,0,"[-33,15,11,15,-40,15,-33,14,-67,15,-51,14,-90,15,-42,14,-106,15,-18,14,-110,15,15,15,-110,15,40,15,-77,15,72,15,-24,15,103,15,59,0,-134,15,121,0,-128,15,-102,0,-127,15,-75,0,-130,15,0,0,0,0,-67,0,-118,15,-72,0,-87,15,-44,0,-27,15,-13,0,22,0,15,1,55,0,38,1,68,0,45,1,58,0,28,1,27,0,-2,0,14,0,-32,0,-6,15,-76,0,3,0,-120,0,33,0,118,0]"
CSI_DATA,121998,d8:b1:90:d9:de:f0,-37,9,-99,-37,39,104,-1654787217,98,0,106,0,"[125,0,-50,0,-136,0,-6,0,-94,0,-2,0,-65,0,-31,0,-50,0,-68,0,-61,0,-108,0,-75,0,-135,0,-107,0,137,0,115,0,139,0,47,0,-135,0,-18,17,-99,0,-56,17,-70,0,-61,17,-60,0,0,0,0,0,-39,17,-39,0,-73,17,-87,0,-128,17,-87,0,106,17,-98,0,61,17,-88,0,40,17,-64,0,56,17,-43,0,100,17,-36,0,143,17,-49,0,-120,17,-65,0,-97,17,-108,0,-105,17,127,0,-131,17]"
CSI_DATA,121999,d8:b1:90:d9:de:f0,-37,9,-99,-37,39,104,-1654758052,98,0,106,0,"[-142,17,-98,17,78,17,123,17,3,17,110,17,-26,16,139,17,-26,16,-116,17,3,17,-88,17,49,17,-78,17,110,17,-95,17,-107,17,-145,17,-36,17,73,17,9,0,4,17,19,0,-28,16,2,0,-19,16,0,0,0,0,-18,17,38,17,23,0,129,17,108,0,-103,17,-90,0,-45,17,-9,0,-23,17,40,1,-26,17,51,1,-46,17,28,1,-68,17,-4,0,-66,17,-38,0,-48,17,-72,0,-1,17,-84,0,68,0,-71,0]"
CSI_DATA,122000,d8:b1:90:d9:de:f0,-37,9,-99,-34,38,104,-1654578317,108,0,106,0,"[-36,0,93,0,66,1,52,0,98,1,-22,17,58,1,-79,17,8,1,-103,17,-51,0,-92,17,-90,0,-60,17,-103,0,-3,17,-104,0,64,0,-92,0,114,0,-80,0,123,0,-95,0,108,0,-147,0,76,0,0,0,0,0,4,0,64,0,-89,17,87,0,127,17,-152,0,78,17,-83,0,66,17,-27,0,84,17,-16,0,120,17,-23,0,148,17,-57,0,-142,17,-82,0,-143,17,-96,0,147,17,-105,0,140,17,-117,0,-137,17]"
CSI_DATA,122001,d8:b1:90:d9:de:f0,-36,9,-99,-37,38,104,-1654530141,130,0,106,0,"[-124,0,63,0,-59,0,104,0,7,1,97,0,38,1,47,0,45,1,-18,19,12,1,-66,19,-25,0,-90,19,-66,0,-86,19,-107,0,-18,19,-110,0,62,0,-76,0,126,0,-27,0,151,0,-6,0,114,0,0,0,0,0,-41,0,20,0,-125,0,23,0,134,0,86,0,91,0,-150,0,104,0,-49,0,164,0,1,1,-115,0,-6,0,-76,0,-59,0,-60,0,-116,0,-57,0,-158,0,-88,0,154,0,-126,0,160,0,-133,0]"
CSI_DATA,122002,d8:b1:90:d9:de:f0,-37,9,-99,-34,38,104,-1654529506,113,0,106,0,"[-115,0,-49,17,-36,0,-32,17,23,1,-48,17,33,1,-90,17,21,1,-125,17,-5,0,-140,17,-39,0,-140,17,-67,0,-114,17,-90,0,-40,17,-86,0,48,0,-61,0,121,0,-30,0,-148,0,-16,0,144,0,0,0,0,0,-42,0,83,0,-125,0,76,0,91,0,118,0,10,0,-114,0,-32,17,-22,0,-34,17,35,1,3,0,61,1,32,0,46,1,60,0,23,1,71,0,-9,0,57,0,-34,0,10,0,-53,0,-17,17]"
CSI_DATA,122003,d8:b1:90:d9:de:f0,-38,11,-99,-36,39,104,-1654369917,277,0,106,0,"[-140,0,133,0,-75,0,-97,0,-5,0,-97,0,13,1,-138,0,-7,0,102,0,-46,0,78,0,-100,0,75,0,124,0,104,0,67,0,-103,0,29,0,-25,0,24,0,32,1,37,0,43,1,57,0,12,1,0,0,0,0,61,0,-105,0,-13,16,104,0,-123,16,70,0,61,16,58,0,-4,15,75,0,-30,15,105,0,-4,15,126,0,28,16,129,0,70,16,108,0,90,16,66,0,81,16,10,0,42,16,-33,16,12,16]"
CSI_DATA,122004,d8:b1:90:d9:de:f0,-37,9,-99,-35,38,104,-1654369445,98,0,106,0,"[-103,0,29,0,-1,0,30,0,52,1,-19,18,46,1,-79,18,-4,0,-110,18,-61,0,-119,18,-105,0,-80,18,-129,0,-14,18,-119,0,78,0,-80,0,-152,0,-28,0,-116,0,9,1,-130,0,-3,0,128,0,0,0,0,0,-117,0,48,0,95,0,69,0,1,0,143,0,-53,18,-70,0,-51,18,13,1,-24,18,48,1,15,0,31,1,41,0,-11,0,40,0,-53,0,4,0,-85,0,-48,18,-88,0,-91,18,-59,0,-89,18]"
CSI_DATA,122005,d8:b1:90:d9:de:f0,-36,11,-99,-36,38,104,-1654308976,100,0,114,0,"[30,-13,33,-12,36,-10,37,-8,37,-7,37,-6,36,-6,35,-3,32,-3,32,-2,31,-3,31,-2,31,-2,32,-3,33,-3,33,-5,35,-5,37,-3,39,-5,40,-5,39,-6,40,-6,39,-6,39,-6,39,-5,37,-5,37,-3,36,-3,0,0,37,-5,36,-2,37,-2,39,-3,39,-3,40,-5,40,-3,39,-3,39,-3,39,-3,36,-2,35,-3,32,-2,32,-2,31,-2,32,-2,31,-3,31,-3,32,-3,32,-1,33,-2,36,-1,37,0,37,2,39,3,37,6,35,7,31,8]"
CSI_DATA,122006,d8:b1:90:d9:de:f0,-35,9,-99,-37,37,104,-1654281668,124,0,106,0,"[2,0,-93,0,65,0,13,1,152,0,43,1,-159,0,2,1,-126,0,-58,0,-136,0,-113,0,-158,0,-145,0,162,0,-135,0,100,0,-107,0,55,0,-59,0,47,0,-33,0,58,0,-43,0,68,0,-95,0,0,0,0,0,11,0,162,0,-78,21,106,0,175,21,94,0,69,21,122,0,11,21,183,0,7,21,-133,0,45,21,-113,0,97,21,-110,0,139,21,-126,0,154,21,-135,0,143,21,-167,0,129,21,-173,0,136,21]"
CSI_DATA,122007,d8:b1:90:d9:de:f0,-37,11,-99,-35,38,104,-1653952118,277,0,106,0,"[95,18,-41,18,19,18,-77,18,-40,17,-72,18,-52,17,-52,18,-53,17,-14,18,-30,17,12,0,-4,17,28,0,26,18,6,0,79,18,-37,18,136,18,-88,18,-114,18,-148,18,-95,18,127,18,-77,18,123,18,0,0,0,0,-35,18,140,18,35,0,-125,18,130,0,-114,18,-86,0,-111,18,-3,0,-124,18,30,1,148,18,31,1,130,18,13,1,114,18,-26,0,99,18,-69,0,108,18,-97,0,127,18,-127,0,-141,18,-150,0]"
CSI_DATA,122008,d8:b1:90:d9:de:f0,-37,9,-99,-32,38,104,-1653951673,113,0,106,0,"[-106,0,-78,16,-29,0,-105,16,4,1,130,16,-3,0,79,16,-32,0,50,16,-74,0,43,16,-108,0,54,16,-140,0,83,16,139,0,-138,16,-139,0,-63,16,-115,0,0,0,-92,0,32,0,-88,0,41,0,0,0,0,0,-143,0,41,0,85,0,71,0,24,0,-143,0,-5,16,-54,0,-7,16,26,1,8,0,75,1,54,0,77,1,99,0,51,1,124,0,15,1,142,0,-29,0,129,0,-72,0,84,0,-113,0,40,0]"
CSI_DATA,122009,d8:b1:90:d9:de:f0,-37,9,-99,-33,38,104,-1653897779,98,0,106,0,"[-64,0,-87,17,4,1,-142,17,18,1,98,17,-10,0,63,17,-48,0,56,17,-86,0,77,17,-114,0,115,17,-122,0,-136,17,-114,0,-61,17,-98,0,10,0,-78,0,66,0,-73,0,88,0,-93,0,90,0,0,0,0,0,120,0,86,0,40,0,105,0,-35,17,-127,0,-98,17,-54,0,-129,17,9,1,-127,17,36,1,-98,17,38,1,-66,17,17,1,-48,17,-15,0,-48,17,-54,0,-68,17,-88,0,-100,17,-121,0,-123,17]"
CSI_DATA,122010,d8:b1:90:d9:de:f0,-38,9,-99,-34,39,104,-1653742755,130,0,106,0,"[94,15,134,0,34,15,-80,0,23,15,-30,0,39,15,-19,0,73,15,-20,0,100,15,-40,0,114,15,-74,0,120,15,-123,0,116,15,78,0,108,15,2,0,99,15,-56,15,94,15,-92,15,109,15,-101,15,0,0,0,0,-81,15,-103,15,-10,15,-115,15,75,0,124,15,-121,0,84,15,-72,0,40,15,-58,0,20,15,-75,0,22,15,-97,0,36,15,-113,0,63,15,-126,0,88,15,-121,0,126,15,-116,0,-98,15,-110,0]"
CSI_DATA,122011,d8:b1:90:d9:de:f0,-37,9,-99,-35,38,104,-1653688749,756,0,106,0,"[-7,18,-45,0,30,0,25,1,79,0,51,1,114,0,29,1,149,0,2,1,146,0,-34,0,145,0,-63,0,123,0,-75,0,74,0,-94,0,15,0,-107,0,-45,18,-117,0,-75,18,-119,0,-94,18,-135,0,0,0,0,0,-113,18,139,0,-146,18,84,0,106,18,42,0,37,18,8,0,-28,17,-2,18,-59,17,18,0,-58,17,48,0,-30,17,78,0,7,18,105,0,46,18,111,0,75,18,103,0,112,18,63,0,133,18]"
CSI_DATA,122012,d8:b1:90:d9:de:f0,-38,11,-99,-35,39,104,-1653534319,277,0,106,0,"[-56,0,4,0,14,1,-3,16,49,1,-26,16,39,1,-43,16,23,1,-53,16,-4,0,-53,16,-27,0,-40,16,-51,0,-11,16,-81,0,42,0,-115,0,86,0,121,0,124,0,90,0,-130,0,56,0,-135,0,0,0,0,0,-23,16,122,0,-95,16,91,0,104,16,79,0,29,16,67,0,-31,15,68,0,-54,15,75,0,-47,15,79,0,-28,15,69,0,-4,15,75,0,21,16,65,0,46,16,42,0,75,16,14,0,112,16]"
CSI_DATA,122013,d8:b1:90:d9:de:f0,-37,9,-99,-36,39,104,-1653533829,224,0,106,0,"[-65,16,-57,0,-60,16,16,1,-29,16,53,1,-1,16,51,1,24,0,35,1,30,0,6,1,25,0,-22,0,3,0,-44,0,-37,16,-81,0,-84,16,-114,0,-121,16,134,0,142,16,107,0,142,16,79,0,0,0,0,0,-126,16,3,0,-114,16,-70,16,-122,16,133,16,-141,16,52,16,117,16,0,16,93,16,-14,15,76,16,-2,15,76,16,24,16,85,16,52,16,95,16,83,16,126,16,102,16,-123,16,118,16,-81,16]"
CSI_DATA,122014,d8:b1:90:d9:de:f0,-36,9,-99,-35,38,104,-1653482508,101,0,106,0,"[139,0,91,18,-155,0,-2,17,132,0,-53,17,94,0,-66,17,56,0,-40,17,41,0,-8,17,44,0,33,18,62,0,72,18,97,0,127,18,146,0,-133,18,-123,0,-85,18,-96,0,-58,18,-106,0,-30,18,0,0,0,0,140,0,19,0,100,0,90,0,77,0,-129,0,64,0,-31,0,70,0,33,1,91,0,63,1,113,0,48,1,135,0,13,1,134,0,-26,0,116,0,-61,0,84,0,-81,0,37,0,-103,0,1,0]"
CSI_DATA,122015,d8:b1:90:d9:de:f0,-36,9,-99,-33,37,104,-1653324930,98,0,106,0,"[-108,0,129,19,-71,0,67,19,-81,0,20,19,-102,0,3,19,-138,0,5,19,159,0,1,19,136,0,20,19,126,0,45,19,121,0,98,19,133,0,-160,19,149,0,-79,19,-155,0,-24,19,-142,0,11,0,0,0,0,0,-125,0,75,0,-142,0,114,0,-160,0,-145,0,-164,0,-76,0,-143,0,-11,0,-123,0,11,1,-99,0,-2,0,-88,0,-38,0,-80,0,-79,0,-88,0,-121,0,-117,0,-163,0,156,0,139,0,86,0]"
CSI_DATA,122016,d8:b1:90:d9:de:f0,-39,11,-99,-37,41,104,-1653309202,100,0,228,0,"[12,1,15,0,18,0,21,0,23,0,24,0,25,2,99,41,25,3,24,4,24,5,23,5,22,5,21,6,20,6,18,5,16,3,14,2,12,0,10,-1,8,-4,-31,-27,4,-9,2,-11,2,-12,1,-14,0,-14,0,-14,0,0,0,-13,0,-13,-2,-12,-5,-11,-7,-11,-10,-10,112,13,-16,-9,-19,-8,-22,-8,-22,-8,-23,-9,-24,-9,-23,-10,-22,-10,-21,-11,-20,-10,-18,-10,-16,-10,-15,-9,57,13,-12,-6,-11,-4,-10,-1,-9,0,-10,2,-9,4,-9,5,0,7,8,5,10,-3,5,-11,-3,-13,-12,-6,-12,4,21,14,5,11,11,1,8,-8,0,-11,-11,-6,-13,5,-5,16,10,17,22,4,22,-13,6,-27,-16,-25,-31,-7,-22,8,-9,29,12,26,25,9,22,-10,7,-20,-7,-16,0,0,-10,6,0,10,8,3,7,-6,-1,-11,-11,-5,-26,-2,-4,14,7,14,14,4,12,-8,2,-12,-7,-9,-10,0,-4,7,4,7,9,0,5,-9,-4,-12,-15,-6,-32,0,-9,22,9,24,24,13,27,-5,17,-22,0,-26,-15,-17]"
CSI_DATA,122017,d8:b1:90:d9:de:f0,-36,9,-99,-33,37,104,-1653264832,108,0,106,0,"[-66,0,-123,19,-16,0,133,19,-33,0,73,19,-76,0,58,19,-115,0,69,19,-132,0,99,19,-133,0,124,19,-114,0,145,19,-91,0,-149,19,-82,0,-115,19,-101,0,-85,19,-123,0,-50,19,-165,0,-19,19,0,0,0,0,82,0,77,0,36,0,146,0,2,0,-99,0,-9,19,-23,0,-5,19,33,1,0,0,50,1,16,0,40,1,28,0,11,1,34,0,-10,0,42,0,-22,0,40,0,-40,0,27,0,-63,0,27,0]"
CSI_DATA,122018,d8:b1:90:d9:de:f0,-37,11,-99,-36,39,104,-1652907621,277,0,106,0,"[60,16,-107,16,-22,15,-92,16,-57,15,-39,16,-40,15,14,0,-22,15,44,0,15,16,65,0,41,16,59,0,58,16,43,0,70,16,8,0,83,16,-26,16,88,16,-62,16,99,16,-75,16,116,16,-76,16,0,0,0,0,-103,16,-81,16,-49,16,-105,16,-2,16,125,16,29,0,50,16,32,0,-11,15,4,0,-41,15,-28,16,-41,15,-65,16,-20,15,-90,16,12,16,-102,16,35,16,-100,16,58,16,-90,16,80,16,-74,16]"
CSI_DATA,122019,d8:b1:90:d9:de:f0,-37,9,-99,-37,39,104,-1652907131,130,0,106,0,"[-114,17,62,17,130,17,4,17,84,17,-2,16,72,17,23,17,77,17,54,17,94,17,83,17,125,17,95,17,-128,17,87,17,-68,17,77,17,-11,17,63,17,42,0,62,17,65,0,72,17,71,0,102,17,0,0,0,0,90,0,-125,17,124,0,-49,17,-117,0,21,0,-61,0,86,0,-11,0,121,0,18,1,127,0,20,1,122,0,15,1,100,0,-4,0,81,0,-31,0,84,0,-58,0,87,0,-90,0,100,0,-120,0]"
CSI_DATA,122020,d8:b1:90:d9:de:f0,-37,9,-99,-36,39,104,-1652698222,98,0,106,0,"[16,0,-29,0,71,0,39,1,130,0,49,1,-124,0,15,1,-111,0,-25,0,-124,0,-58,0,-141,0,-79,0,115,0,-81,0,70,0,-79,0,32,0,-76,0,-5,16,-88,0,-25,16,-106,0,-35,16,-139,0,0,0,0,0,-83,16,72,0,-124,16,19,0,95,16,-29,16,31,16,-59,16,-22,15,-67,16,-42,15,-50,16,-40,15,-35,16,-25,15,-8,16,-6,15,5,0,14,16,12,0,26,16,13,0,48,16,13,0,89,16]"
CSI_DATA,122021,d8:b1:90:d9:de:f0,-35,11,-99,-36,37,104,-1652308782,100,0,114,0,"[21,29,22,33,22,36,21,38,21,38,21,38,19,36,18,35,18,33,18,32,16,31,18,31,19,31,21,31,22,31,24,32,25,32,26,32,28,33,31,32,31,33,32,32,32,31,33,31,33,29,32,26,33,26,33,25,0,0,33,24,33,22,35,22,38,24,38,24,39,22,39,21,39,21,39,19,39,16,39,14,38,14,35,11,35,11,33,8,33,8,33,7,33,7,35,5,36,7,39,5,40,7,42,5,42,5,42,7,42,7,39,8,36,9]"
CSI_DATA,122022,d8:b1:90:d9:de:f0,-37,11,-99,-36,39,104,-1652280922,277,0,106,0,"[-81,0,114,0,7,1,120,0,66,1,84,0,75,1,26,0,52,1,-24,16,17,1,-51,16,-12,0,-62,16,-42,0,-49,16,-74,0,-8,16,-92,0,37,0,-105,0,79,0,-112,0,95,0,-129,0,90,0,0,0,0,0,81,0,86,0,13,0,106,0,-49,16,-122,0,-96,16,-56,0,-100,16,16,1,-79,16,60,1,-34,16,57,1,5,0,32,1,35,0,-1,0,49,0,-26,0,43,0,-58,0,17,0,-83,0,8,0]"
CSI_DATA,122023,d8:b1:90:d9:de:f0,-38,9,-99,-34,39,104,-1652280450,98,0,106,0,"[-75,0,-102,15,-16,0,106,15,-10,0,47,15,-34,0,18,15,-74,0,16,15,-100,0,38,15,-119,0,67,15,-123,0,105,15,-115,0,-101,15,-98,0,-34,15,-91,0,12,0,-87,0,38,0,-100,0,47,0,0,0,0,0,82,0,62,0,16,0,87,0,-62,15,-127,0,-110,15,-61,0,126,15,-3,0,124,15,28,1,-117,15,36,1,-87,15,21,1,-70,15,-8,0,-49,15,-40,0,-66,15,-77,0,-88,15,-115,0,-103,15]"
CSI_DATA,122024,d8:b1:90:d9:de:f0,-38,9,-99,-35,39,104,-1652071578,120,0,106,0,"[-121,16,-83,0,-138,16,0,1,-112,16,56,1,-57,16,74,1,-11,16,53,1,10,0,20,1,23,0,-26,0,3,0,-70,0,-47,16,-117,0,-111,16,128,0,113,16,112,0,91,16,111,0,93,16,103,0,0,0,0,0,-123,16,51,0,-112,16,-25,16,-128,16,-116,16,105,16,85,16,52,16,43,16,17,16,41,16,1,16,78,16,13,16,119,16,35,16,-126,16,74,16,-101,16,117,16,-105,16,-127,16,-134,16,-106,16]"
CSI_DATA,122025,d8:b1:90:d9:de:f0,-38,9,-99,-33,39,104,-1652071420,130,0,106,0,"[-61,0,-83,15,-1,0,122,15,5,1,60,15,-27,0,19,15,-79,0,6,15,-119,0,19,15,113,0,47,15,103,0,90,15,121,0,-107,15,-109,0,-48,15,-74,0,-14,15,-55,0,-3,15,-57,0,-4,15,0,0,0,0,-131,0,18,0,87,0,72,0,56,0,-109,0,62,0,-23,0,93,0,33,1,-131,0,49,1,-102,0,21,1,-90,0,-23,0,-97,0,-65,0,-119,0,-98,0,103,0,-108,0,64,0,-102,0,42,0]"
CSI_DATA,122026,d8:b1:90:d9:de:f0,-39,9,-99,-35,40,104,-1652071249,113,0,106,0,"[89,14,120,0,48,14,-64,0,62,14,-6,0,99,14,17,0,-101,14,25,0,-58,14,2,0,-33,14,-27,0,-43,14,-71,0,-70,14,-122,0,-118,14,89,0,87,14,67,0,67,14,66,0,81,14,72,0,0,0,0,0,-116,14,34,0,-94,14,-30,14,-104,14,-111,14,107,14,67,14,56,14,35,14,12,14,48,14,0,14,78,14,11,14,121,14,36,14,-93,14,64,14,-73,14,98,14,-83,14,123,14,-101,14,-112,14]"
CSI_DATA,122027,d8:b1:90:d9:de:f0,-38,11,-99,-35,39,104,-1651863123,277,0,106,0,"[17,0,40,16,-5,16,-39,15,-53,16,-76,15,-99,16,-59,15,-133,16,-28,15,134,16,15,16,-137,16,56,16,-101,16,88,16,-45,16,112,16,27,0,118,16,88,0,117,16,117,0,109,16,115,0,106,16,0,0,0,0,109,0,-107,16,123,0,-42,16,-102,0,30,0,-30,0,81,0,32,1,90,0,67,1,69,0,61,1,39,0,32,1,0,0,-7,0,-18,16,-47,0,-17,16,-79,0,6,0,-103,0,41,0,-113,0]"
CSI_DATA,122028,d8:b1:90:d9:de:f0,-37,9,-99,-37,39,104,-1651862678,108,0,106,0,"[-146,0,-100,0,-68,0,-53,0,2,1,-62,0,33,1,-110,0,34,1,123,0,16,1,70,0,-18,0,45,0,-69,0,42,0,-127,0,81,0,123,0,136,0,94,0,-103,0,97,0,-79,0,99,0,-94,0,0,0,0,0,62,0,-135,0,-9,17,139,0,-98,17,-131,0,127,17,-78,0,98,17,-8,0,112,17,32,1,-135,17,35,1,-90,17,20,1,-49,17,-10,0,-34,17,-50,0,-47,17,-94,0,-83,17,-117,0,-105,17]"
CSI_DATA,122029,d8:b1:90:d9:de:f0,-38,9,-99,-35,39,104,-1651653761,98,0,106,0,"[-65,0,-50,16,13,1,-83,16,45,1,-135,16,29,1,103,16,-6,0,83,16,-47,0,82,16,-86,0,98,16,-119,0,-137,16,-134,0,-56,16,138,0,21,0,-130,0,87,0,-115,0,124,0,-119,0,127,0,0,0,0,0,86,0,104,0,8,0,114,0,-78,16,-125,0,127,16,-61,0,95,16,3,1,94,16,38,1,131,16,43,1,-107,16,22,1,-78,16,-13,0,-57,16,-58,0,-71,16,-112,0,-106,16,114,0,-138,16]"
CSI_DATA,122030,d8:b1:90:d9:de:f0,-37,9,-99,-34,38,104,-1651653611,113,0,106,0,"[-68,17,-77,0,-80,17,13,1,-54,17,70,1,-15,17,82,1,30,0,64,1,53,0,23,1,64,0,-19,0,43,0,-72,0,-16,17,-130,0,-92,17,124,0,136,17,101,0,99,17,97,0,103,17,95,0,0,0,0,0,-149,17,45,0,-114,17,-38,17,-124,17,-146,17,-152,17,60,17,103,17,-2,16,54,17,-11,16,36,17,20,17,42,17,77,17,61,17,127,17,103,17,150,17,-143,17,-135,17,-77,17,149,17,-39,17]"
CSI_DATA,122031,d8:b1:90:d9:de:f0,-37,11,-99,-34,38,104,-1651445324,277,0,106,0,"[77,17,-84,17,4,17,-103,17,-48,16,-85,17,-55,16,-54,17,-46,16,-20,17,-17,16,-9,17,10,17,2,0,42,17,-10,17,98,17,-51,17,148,17,-99,17,-104,17,-149,17,-80,17,123,17,-59,17,117,17,0,0,0,0,-15,17,-149,17,59,0,-122,17,-150,0,-112,17,-62,0,-118,17,9,1,-141,17,32,1,124,17,23,1,104,17,-28,0,92,17,-67,0,95,17,-103,0,116,17,-124,0,-144,17,-136,0,-84,17,-131,0]"
CSI_DATA,122032,d8:b1:90:d9:de:f0,-38,9,-99,-35,39,104,-1651444870,101,0,106,0,"[-131,0,-112,0,-59,0,-71,0,-1,0,-78,0,22,1,-117,0,26,1,113,0,9,1,75,0,-16,0,51,0,-58,0,44,0,-117,0,70,0,111,0,109,0,67,0,-125,0,50,0,-103,0,50,0,-101,0,0,0,0,0,17,0,138,0,-46,16,99,0,-137,16,97,0,53,16,115,0,-1,15,-116,0,-10,15,-67,0,19,16,-37,0,68,16,-27,0,119,16,-37,0,-119,16,-65,0,-103,16,-115,0,-117,16,112,0,-136,16]"
CSI_DATA,122033,d8:b1:90:d9:de:f0,-37,9,-99,-36,38,104,-1651434534,252,0,106,0,"[-74,0,-73,18,2,1,-108,18,30,1,-158,18,6,1,130,18,-27,0,107,18,-69,0,109,18,-93,0,115,18,-113,0,151,18,-125,0,-105,18,-130,0,-32,18,-120,0,32,0,-117,0,70,0,-125,0,84,0,0,0,0,0,135,0,99,0,56,0,124,0,-11,18,-127,0,-64,18,-40,0,-78,18,35,1,-61,18,75,1,-35,18,66,1,7,0,37,1,30,0,-6,0,37,0,-35,0,21,0,-71,0,-16,18,-114,0,-51,18]"
CSI_DATA,122034,d8:b1:90:d9:de:f0,-37,9,-99,-37,39,104,-1651388639,265,0,106,0,"[136,17,-136,0,100,17,-43,0,127,17,28,1,-107,17,49,1,-49,17,40,1,-5,17,9,1,16,0,-24,0,3,0,-64,0,-39,17,-108,0,-88,17,-132,0,-132,17,-146,0,145,17,145,0,-137,17,129,0,0,0,0,0,-112,17,66,0,-118,17,-5,17,125,17,-81,17,58,17,-140,17,-18,16,-147,17,-57,16,-123,17,-55,16,-72,17,-27,16,-31,17,3,17,-1,17,40,17,15,0,72,17,1,0,94,17,-28,17,100,17]"
CSI_DATA,122035,d8:b1:90:d9:de:f0,-38,9,-99,-34,39,104,-1651388344,285,0,106,0,"[26,0,-60,0,52,0,18,1,95,0,48,1,122,0,39,1,133,0,11,1,-135,0,-23,0,118,0,-55,0,77,0,-78,0,18,0,-98,0,-48,15,-113,0,-106,15,-126,0,-133,15,133,0,-133,15,115,0,0,0,0,0,-109,15,36,0,-100,15,-42,15,-121,15,-129,15,122,15,56,15,85,15,5,15,61,15,-2,14,59,15,16,15,64,15,47,15,81,15,82,15,118,15,96,15,-113,15,103,15,-69,15,97,15,-38,15]"
CSI_DATA,122036,d8:b1:90:d9:de:f0,-39,9,-99,-36,40,104,-1651383344,98,0,106,0,"[-69,15,-80,0,-78,15,2,1,-43,15,50,1,-5,15,59,1,31,0,36,1,53,0,4,1,57,0,-33,0,31,0,-70,0,-23,15,-109,0,-81,15,124,0,124,15,107,0,101,15,104,0,107,15,97,0,0,0,0,0,-105,15,41,0,-88,15,-30,15,-102,15,-117,15,122,15,62,15,77,15,17,15,40,15,13,15,27,15,39,15,34,15,75,15,50,15,114,15,81,15,-122,15,124,15,-120,15,-95,15,120,15,-75,15]"
CSI_DATA,122037,d8:b1:90:d9:de:f0,-38,9,-99,-33,39,104,-1651380665,130,0,106,0,"[101,0,87,15,-131,0,13,15,119,0,-37,14,91,0,-50,14,64,0,-39,14,46,0,-9,14,44,0,23,15,59,0,61,15,97,0,120,15,-116,0,-85,15,-80,0,-48,15,-56,0,-23,15,-57,0,-15,15,0,0,0,0,-125,0,27,0,85,0,77,0,42,0,-102,0,21,0,-17,0,20,0,42,1,31,0,76,1,59,0,67,1,68,0,30,1,61,0,-7,0,49,0,-41,0,10,0,-66,0,-34,15,-86,0,-65,15]"
CSI_DATA,122038,d8:b1:90:d9:de:f0,-41,11,-99,-33,42,104,-1651308877,100,0,228,0,"[0,7,1,9,1,13,0,16,0,17,-1,19,-2,18,79,32,-5,18,-6,18,-7,17,-7,16,-7,15,-7,14,-7,13,-6,12,-5,11,-3,11,-2,10,0,10,1,10,-24,-21,4,11,5,11,5,11,5,11,4,11,4,10,0,0,3,8,3,5,4,4,5,2,7,0,10,-2,-71,0,15,-4,18,-4,18,-4,20,-2,21,-2,21,0,20,1,18,2,18,2,16,2,15,2,13,3,13,2,-40,0,12,1,11,0,11,0,11,-1,12,-1,10,0,10,0,-10,0,-8,8,0,12,8,9,12,2,9,-6,1,-9,-8,13,-7,0,-2,5,2,5,6,0,5,-7,-2,-10,-11,-6,-14,4,-8,15,5,19,18,12,23,-2,16,-18,2,-13,-16,-17,-22,-1,-16,12,-2,18,9,13,13,2,0,0,0,-10,-8,-5,-10,4,-2,11,7,10,13,2,24,-10,2,-13,-7,-10,-10,-2,-8,5,-1,7,3,4,3,-1,0,-3,-5,0,-5,5,0,10,8,8,13,2,26,-7,5,-18,-8,-18,-19,-10,-21,5,-13,16,0,19,10,13]"
CSI_DATA,122039,d8:b1:90:d9:de:f0,-37,9,-99,-34,38,104,-1651027071,98,0,106,0,"[32,0,64,17,35,0,-15,16,3,0,-61,16,-24,17,-66,16,-62,17,-54,16,-71,17,-19,16,-77,17,11,17,-59,17,43,17,-4,17,91,17,64,0,136,17,127,0,-134,17,-139,0,-122,17,-127,0,-112,17,0,0,0,0,144,0,-48,17,128,0,22,0,140,0,123,0,-133,0,-92,0,-86,0,-35,0,-49,0,-21,0,-29,0,-45,0,-38,0,-86,0,-60,0,-122,0,-87,0,-150,0,-128,0,-150,0,118,0,-147,0,87,0]"
CSI_DATA,122040,d8:b1:90:d9:de:f0,-37,9,-99,-36,39,104,-1651026940,138,0,106,0,"[17,0,59,16,7,0,-22,15,-28,16,-62,15,-75,16,-59,15,-106,16,-42,15,-118,16,-2,15,-126,16,37,16,-97,16,77,16,-35,16,116,16,37,0,140,16,104,0,-141,16,-143,0,-142,16,142,0,-138,16,0,0,0,0,111,0,-81,16,109,0,2,0,141,0,92,0,-85,0,-117,0,-16,0,-83,0,23,1,-88,0,32,1,-130,0,8,1,115,0,-20,0,81,0,-51,0,63,0,-105,0,69,0,141,0,99,0,116,0]"
CSI_DATA,122041,d8:b1:90:d9:de:f0,-38,9,-99,-37,40,104,-1651026787,158,0,106,0,"[130,0,108,15,-93,0,41,15,-101,0,-10,14,-130,0,-41,14,91,0,-34,14,54,0,-22,14,30,0,7,15,31,0,49,15,54,0,109,15,100,0,-101,15,-116,0,-57,15,-89,0,-45,15,-87,0,-49,15,0,0,0,0,-130,0,-12,15,91,0,45,0,75,0,-126,0,89,0,-40,0,-131,0,13,1,-89,0,23,1,-68,0,-5,0,-61,0,-45,0,-68,0,-87,0,-96,0,-116,0,127,0,130,0,89,0,-128,0,56,0]"
CSI_DATA,122042,d8:b1:90:d9:de:f0,-37,9,-99,-35,38,104,-1650980963,228,0,106,0,"[79,18,-56,18,-4,17,-77,18,-55,17,-72,18,-62,17,-56,18,-52,17,-34,18,-28,17,-22,18,2,18,-22,18,46,18,-40,18,111,18,-73,18,-125,18,-127,18,-58,18,141,18,-17,18,117,18,6,0,124,18,0,0,0,0,44,0,-133,18,108,0,-53,18,-119,0,12,0,-31,0,73,0,44,1,94,0,79,1,89,0,70,1,75,0,41,1,45,0,4,1,37,0,-33,0,35,0,-83,0,50,0,-134,0,80,0,135,0]"
CSI_DATA,122043,d8:b1:90:d9:de:f0,-37,9,-99,-36,39,104,-1650980688,248,0,106,0,"[65,16,-32,16,-14,15,-34,16,-58,15,-17,16,-59,15,11,0,-44,15,25,0,-21,15,46,0,4,16,44,0,42,16,30,0,94,16,-23,16,142,16,-76,16,-97,16,-125,16,-67,16,127,16,-48,16,126,16,0,0,0,0,5,0,-129,16,77,0,-85,16,-121,0,-58,16,-25,0,-56,16,46,1,-67,16,70,1,-84,16,52,1,-112,16,24,1,-108,16,-14,0,-111,16,-50,0,-103,16,-85,0,-69,16,-109,0,-28,16,-135,0]"
CSI_DATA,122044,d8:b1:90:d9:de:f0,-37,9,-99,-34,38,104,-1650979800,228,0,106,0,"[-91,17,82,17,-141,17,11,17,101,17,-8,16,55,17,10,17,41,17,58,17,32,17,98,17,48,17,141,17,83,17,-139,17,-150,17,-144,17,-89,17,142,17,-24,17,121,17,5,0,99,17,17,0,110,17,0,0,0,0,43,0,-137,17,89,0,-89,17,-124,0,-47,17,-32,0,-40,17,49,1,-65,17,74,1,-102,17,43,1,-141,17,7,1,146,17,-38,0,124,17,-84,0,134,17,-120,0,-135,17,-129,0,-90,17,-141,0]"
CSI_DATA,122045,d8:b1:90:d9:de:f0,-37,9,-99,-36,39,104,-1650979570,248,0,106,0,"[71,16,-78,16,5,16,-104,16,-41,15,-105,16,-48,15,-88,16,-33,15,-74,16,-12,15,-53,16,12,16,-51,16,54,16,-70,16,113,16,-96,16,-98,16,-125,16,-31,16,134,16,14,0,114,16,35,0,116,16,0,0,0,0,76,0,-97,16,114,0,-32,16,-121,0,51,0,-52,0,115,0,11,1,-133,0,46,1,-126,0,38,1,-138,0,22,1,125,0,-14,0,107,0,-48,0,94,0,-98,0,103,0,139,0,108,0,90,0]"
CSI_DATA,122046,d8:b1:90:d9:de:f0,-37,9,-99,-36,39,104,-1650818163,234,0,106,0,"[-107,0,-140,0,-15,0,-121,0,39,1,130,0,43,1,81,0,11,1,40,0,-28,0,23,0,-68,0,33,0,-104,0,67,0,-133,0,133,0,-138,0,-94,0,-143,0,-57,0,-142,0,-62,0,134,0,-102,0,0,0,0,0,70,0,123,0,-21,16,95,0,-124,16,124,0,89,16,-122,0,54,16,-74,0,59,16,-39,0,90,16,-32,0,122,16,-46,0,-143,16,-70,0,140,16,-104,0,125,16,-132,0,98,16,-135,0,96,16]"
CSI_DATA,122047,d8:b1:90:d9:de:f0,-38,9,-99,-36,40,104,-1650817996,254,0,106,0,"[-57,0,-74,15,-3,0,115,15,-14,0,51,15,-58,0,24,15,-108,0,32,15,125,0,55,15,112,0,95,15,125,0,-119,15,-94,0,-78,15,-53,0,-47,15,-23,0,-41,15,-20,0,-43,15,-51,0,-44,15,0,0,0,0,118,0,-13,15,76,0,53,0,69,0,-117,0,86,0,-40,0,117,0,12,1,-113,0,12,1,-95,0,-21,0,-96,0,-50,0,-109,0,-83,0,127,0,-93,0,102,0,-84,0,86,0,-59,0,90,0]"
CSI_DATA,122048,d8:b1:90:d9:de:f0,-38,9,-99,-35,39,104,-1650804839,259,0,106,0,"[-37,16,-53,0,-20,16,42,1,32,0,83,1,82,0,69,1,118,0,28,1,126,0,-25,0,103,0,-75,0,51,0,-118,0,-26,16,134,0,-118,16,131,0,98,16,-125,0,80,16,-103,0,111,16,-105,0,0,0,0,0,-113,16,106,0,-101,16,23,0,137,16,-77,16,81,16,122,16,14,16,86,16,-18,15,100,16,-17,15,-139,16,7,16,-101,16,42,16,-76,16,85,16,-74,16,129,16,-98,16,-119,16,136,16,-118,16]"
CSI_DATA,122049,d8:b1:90:d9:de:f0,-39,9,-99,-35,40,104,-1650804664,279,0,106,0,"[88,14,-124,0,43,14,-52,0,51,14,10,0,97,14,34,0,-97,14,29,0,-60,14,-7,0,-40,14,-51,0,-48,14,-105,0,-92,14,76,0,96,14,30,0,44,14,9,0,23,14,15,0,36,14,30,0,0,0,0,0,111,14,20,0,-82,14,-42,14,-64,14,121,14,-71,14,36,14,-103,14,-14,13,108,14,-28,13,82,14,0,13,83,14,41,14,99,14,82,14,-116,14,105,14,-75,14,106,14,-32,14,91,14,-20,14]"
CSI_DATA,122050,d8:b1:90:d9:de:f0,-39,9,-99,-33,40,104,-1650803547,259,0,106,0,"[51,13,61,0,-17,12,104,0,-37,12,-81,0,-6,12,-48,0,33,13,-38,0,77,13,-47,0,111,13,-84,0,-103,13,92,0,-110,13,21,0,105,13,-50,13,73,13,-99,13,49,13,-111,13,52,13,-98,13,0,0,0,0,-107,13,-77,13,-40,13,-88,13,35,0,105,13,88,0,39,13,109,0,-22,12,95,0,-43,12,69,0,-33,12,50,0,-11,12,31,0,22,13,36,0,64,13,62,0,101,13,104,0,-110,13,-105,0]"
CSI_DATA,122051,d8:b1:90:d9:de:f0,-39,9,-99,-34,40,104,-1650803246,279,0,106,0,"[-57,0,66,0,23,0,69,0,72,0,32,0,73,0,-16,14,40,0,-57,14,-3,0,-72,14,-52,0,-67,14,-98,0,-23,14,112,0,46,0,95,0,-117,0,106,0,-60,0,-118,0,-43,0,-108,0,-55,0,0,0,0,0,79,0,116,0,11,0,100,0,-79,14,117,0,93,14,-79,0,56,14,-27,0,58,14,6,0,89,14,13,0,-111,14,-4,0,-83,14,-37,0,-73,14,-80,0,-92,14,115,0,110,14,81,0,83,14]"
CSI_DATA,122052,d8:b1:90:d9:de:f0,-38,11,-99,-34,39,104,-1650609726,277,0,106,0,"[-24,0,12,0,29,1,2,0,50,1,-28,15,46,1,-60,15,31,1,-96,15,-1,0,-110,15,-39,0,-123,15,-81,0,-113,15,-135,0,-61,15,93,0,7,0,73,0,93,0,77,0,-116,0,87,0,-91,0,0,0,0,0,102,0,-94,0,65,0,-103,0,1,0,-83,0,-60,15,-42,0,-103,15,13,1,-102,15,49,1,-70,15,68,1,-24,15,55,1,15,0,29,1,48,0,-10,0,50,0,-67,0,14,0,-128,0,-29,15]"
CSI_DATA,122053,d8:b1:90:d9:de:f0,-39,9,-99,-34,40,104,-1650609273,214,0,106,0,"[48,14,99,0,-2,13,119,0,-20,13,-101,0,-12,13,-88,0,1,14,-84,0,27,14,-81,0,54,14,-93,0,92,14,-119,0,-106,14,66,0,-64,14,-14,14,-36,14,-97,14,-30,14,89,14,-35,14,62,14,0,0,0,0,-30,14,60,14,13,0,96,14,89,0,113,14,-69,0,-116,14,-3,0,114,14,33,0,97,14,31,0,77,14,7,0,66,14,-30,0,63,14,-73,0,78,14,-116,0,118,14,97,0,-62,14,84,0]"
CSI_DATA,122054,d8:b1:90:d9:de:f0,-38,9,-99,-34,39,104,-1650609083,234,0,106,0,"[-64,0,-135,0,-21,0,-109,0,9,1,-103,0,12,1,-116,0,6,1,132,0,-5,0,110,0,-24,0,91,0,-66,0,76,0,-134,0,75,0,43,0,77,0,-43,15,102,0,-102,15,130,0,-128,15,-124,0,0,0,0,0,126,15,-124,0,120,15,94,0,83,15,29,0,40,15,-40,15,-12,14,-84,15,-49,14,-102,15,-61,14,-88,15,-51,14,-68,15,-24,14,-40,15,9,15,-11,15,61,15,-7,15,130,15,-29,15,-82,15]"
CSI_DATA,122055,d8:b1:90:d9:de:f0,-39,9,-99,-32,39,104,-1650608943,266,0,106,0,"[101,15,-96,0,68,15,-58,0,61,15,-24,0,73,15,-11,0,97,15,-9,0,-125,15,-8,0,-97,15,-34,0,-73,15,-75,0,-60,15,118,0,-62,15,25,0,-84,15,-60,15,-113,15,-112,15,116,15,121,15,0,0,0,0,125,15,124,15,-85,15,127,15,-14,15,99,15,53,0,46,15,93,0,-10,14,100,0,-48,14,82,0,-63,14,45,0,-58,14,11,0,-32,14,-10,15,12,15,-11,15,74,15,9,0,-119,15,58,0]"
CSI_DATA,122056,d8:b1:90:d9:de:f0,-39,9,-99,-36,41,104,-1650608764,246,0,106,0,"[-70,0,-100,0,-29,0,-73,0,3,0,-73,0,15,0,-90,0,12,0,-113,0,5,0,85,0,-12,0,62,0,-52,0,44,0,-114,0,38,0,38,0,52,0,-37,13,82,0,-81,13,-110,0,-91,13,-87,0,0,0,0,0,-90,13,-79,0,-98,13,105,0,90,13,52,0,33,13,6,0,-23,12,-16,13,-62,12,-10,13,-65,12,12,0,-49,12,42,0,-20,12,67,0,20,13,80,0,68,13,68,0,-106,13,32,0,-73,13]"
CSI_DATA,122057,d8:b1:90:d9:de:f0,-39,9,-99,-34,40,104,-1650608575,130,0,106,0,"[-62,0,111,14,-28,0,74,14,-23,0,48,14,-36,0,28,14,-67,0,21,14,-94,0,24,14,117,0,37,14,90,0,63,14,74,0,-109,14,70,0,-33,14,84,0,47,0,108,0,95,0,-110,0,114,0,0,0,0,0,-104,0,116,0,92,0,-117,0,45,0,-77,0,0,14,-29,0,-25,14,23,0,-15,14,61,0,5,0,69,0,30,0,51,0,58,0,26,0,78,0,-18,0,67,0,-67,0,29,0,-115,0,-17,14]"
CSI_DATA,122058,d8:b1:90:d9:de:f0,-37,9,-99,-34,38,104,-1650400382,234,0,106,0,"[-106,17,97,17,117,17,34,17,45,17,33,17,10,17,67,17,4,17,108,17,16,17,143,17,41,17,-139,17,79,17,-133,17,134,17,-143,17,-116,17,141,17,-67,17,121,17,-35,17,124,17,-22,17,147,17,0,0,0,0,15,0,-74,17,68,0,1,0,-148,0,52,0,-55,0,92,0,19,1,91,0,57,1,73,0,49,1,39,0,26,1,5,0,0,1,-17,17,-26,0,-23,17,-58,0,-10,17,-82,0,8,0,-109,0]"
CSI_DATA,122059,d8:b1:90:d9:de:f0,-37,9,-99,-35,38,104,-1650400215,254,0,106,0,"[91,18,72,0,8,18,123,0,-12,17,-124,0,9,18,-85,0,45,18,-67,0,83,18,-66,0,105,18,-83,0,112,18,-116,0,112,18,140,0,105,18,86,0,100,18,30,0,108,18,1,0,133,18,-11,18,0,0,0,0,-96,18,-44,18,-19,18,-85,18,41,0,151,18,91,0,67,18,101,0,-4,17,81,0,-42,17,62,0,-42,17,26,0,-26,17,2,0,1,18,-2,18,26,18,6,0,53,18,23,0,78,18,31,0]"
CSI_DATA,122060,d8:b1:90:d9:de:f0,-36,9,-99,-34,37,104,-1650388990,265,0,106,0,"[38,0,105,20,50,0,1,20,28,0,-58,18,4,0,-66,18,-16,20,-61,18,-12,20,-25,18,8,0,4,20,46,0,37,20,110,0,90,20,-157,0,146,20,-108,0,-154,20,-90,0,-122,20,-105,0,-96,20,0,0,0,0,138,0,-29,20,50,0,36,0,-25,20,146,0,-84,20,-82,0,-113,20,5,1,-118,20,48,1,-100,20,60,1,-80,20,32,1,-76,20,-4,0,-82,20,-25,0,-113,20,-62,0,-146,20,-94,0,-162,20]"
CSI_DATA,122061,d8:b1:90:d9:de:f0,-36,9,-99,-36,38,104,-1650388775,285,0,106,0,"[44,0,-112,0,62,0,-11,0,101,0,36,1,132,0,33,1,144,0,15,1,144,0,-16,0,124,0,-39,0,78,0,-50,0,7,0,-66,0,-66,18,-80,0,-127,18,-95,0,-151,18,-113,0,-142,18,-144,0,0,0,0,0,-93,18,96,0,-59,18,-7,18,-60,18,-122,18,-67,18,80,18,-93,18,2,18,-119,18,-32,17,-134,18,-27,17,-143,18,-7,17,-138,18,22,18,-114,18,44,18,-78,18,50,18,-41,18,56,18,-25,18]"
CSI_DATA,122062,d8:b1:90:d9:de:f0,-37,9,-99,-34,38,104,-1650338310,234,0,106,0,"[142,17,-108,0,74,17,-65,0,59,17,-23,0,83,17,0,1,112,17,2,1,-150,17,-22,0,-129,17,-64,0,-130,17,-130,0,-143,17,83,0,117,17,-15,17,70,17,-83,17,32,17,-112,17,26,17,-115,17,0,0,0,0,70,17,-106,17,141,17,-118,17,-86,17,124,17,-19,17,48,17,10,0,-21,16,14,0,-62,16,-3,17,-59,16,-34,17,-30,16,-41,17,11,17,-28,17,53,17,11,0,103,17,72,0,137,17,125,0]"
CSI_DATA,122063,d8:b1:90:d9:de:f0,-37,9,-99,-32,38,104,-1650338089,254,0,106,0,"[-23,16,-61,0,-39,16,13,1,-22,16,66,1,14,0,74,1,52,0,48,1,70,0,3,1,68,0,-42,0,32,0,-95,0,-39,16,133,0,-138,16,95,0,63,16,86,0,23,16,99,0,28,16,117,0,0,0,0,0,76,16,112,0,118,16,50,0,118,16,-49,16,105,16,142,16,66,16,77,16,21,16,57,16,3,16,80,16,7,16,129,16,38,16,-116,16,79,16,-96,16,140,16,-97,16,-78,16,-136,16,-52,16]"
CSI_DATA,122064,d8:b1:90:d9:de:f0,-37,9,-99,-36,39,104,-1650321784,98,0,106,0,"[-96,0,-86,0,-44,0,-41,0,-6,0,-34,0,3,1,-65,0,2,1,-98,0,-24,0,-136,0,-57,0,123,0,-113,0,111,0,88,0,113,0,-2,16,129,0,-78,16,-131,0,-126,16,-104,0,-139,16,-99,0,0,0,0,0,140,16,-126,0,127,16,99,0,83,16,33,0,21,16,-21,16,-32,15,-58,16,-60,15,-66,16,-60,15,-43,16,-35,15,-22,16,5,16,1,0,47,16,12,0,97,16,-8,16,-133,16,-51,16,-103,16]"
CSI_DATA,122065,d8:b1:90:d9:de:f0,-38,9,-99,-34,39,104,-1650321616,98,0,106,0,"[-117,0,64,15,-82,0,14,15,-85,0,-22,14,-114,0,-36,14,123,0,-26,14,92,0,0,15,70,0,38,15,65,0,88,15,80,0,-105,15,118,0,-26,15,-110,0,34,0,-79,0,67,0,-67,0,78,0,0,0,0,0,-83,0,87,0,-134,0,113,0,94,0,-96,0,60,0,-31,0,47,0,28,1,55,0,54,1,72,0,46,1,95,0,14,1,101,0,-24,0,92,0,-62,0,65,0,-102,0,9,0,-135,0,-37,15]"
CSI_DATA,122066,d8:b1:90:d9:de:f0,-36,11,-99,-35,38,104,-1650309227,100,0,114,0,"[28,18,29,22,31,25,30,26,29,28,29,28,25,26,25,25,24,25,24,24,23,23,23,23,24,23,24,22,25,22,26,23,29,23,29,23,31,24,33,22,33,22,33,23,33,22,33,20,33,20,31,19,31,19,31,18,0,0,31,17,31,17,33,17,33,15,33,15,33,17,34,14,34,14,34,14,34,13,33,12,31,11,30,9,29,8,29,7,28,8,28,7,28,6,29,6,29,6,30,6,33,6,33,7,33,8,33,9,31,11,30,11,28,13]"
CSI_DATA,122067,d8:b1:90:d9:de:f0,-37,11,-99,-34,38,104,-1649983028,277,0,106,0,"[135,0,127,17,-124,0,48,17,-127,0,-22,16,140,0,-42,16,87,0,-43,16,62,0,-11,16,46,0,32,17,55,0,79,17,110,0,147,17,-136,0,-105,17,-74,0,-73,17,-33,0,-68,17,-46,0,-77,17,0,0,0,0,-124,0,-47,17,112,0,23,0,91,0,120,0,92,0,-70,0,124,0,19,1,-137,0,46,1,-102,0,19,1,-99,0,-16,0,-104,0,-67,0,-123,0,-106,0,134,0,-114,0,72,0,-103,0,48,0]"
CSI_DATA,122068,d8:b1:90:d9:de:f0,-37,9,-99,-36,39,104,-1649982574,98,0,106,0,"[78,16,46,0,1,16,85,0,-24,15,-141,0,1,16,-90,0,44,16,-63,0,89,16,-57,0,129,16,-77,0,-143,16,-123,0,-142,16,100,0,117,16,30,0,80,16,-13,16,54,16,-22,16,58,16,-7,16,0,0,0,0,130,16,-10,16,-89,16,-50,16,-42,16,-140,16,-30,16,48,16,-58,16,-26,15,-106,16,-52,15,140,16,-34,15,108,16,5,16,103,16,59,16,116,16,90,16,-136,16,111,16,-104,16,111,16,-80,16]"
CSI_DATA,122069,d8:b1:90:d9:de:f0,-37,9,-99,-38,39,104,-1649982469,228,0,106,0,"[-121,0,-131,17,-59,0,114,17,-57,0,51,17,-82,0,11,17,-133,0,7,17,122,0,10,17,98,0,42,17,95,0,89,17,123,0,141,17,-129,0,-108,17,-80,0,-79,17,-54,0,-72,17,-67,0,-74,17,0,0,0,0,-141,0,-54,17,134,0,7,0,129,0,104,0,-150,0,-101,0,-97,0,-45,0,-48,0,-36,0,-23,0,-71,0,-20,0,-123,0,-29,0,140,0,-53,0,121,0,-92,0,118,0,-121,0,129,0,-137,0]"
CSI_DATA,122070,d8:b1:90:d9:de:f0,-36,9,-99,-36,38,104,-1649982329,248,0,106,0,"[115,0,-114,0,-147,0,-42,0,-76,0,-30,0,-33,0,-67,0,-11,0,-118,0,-27,0,154,0,-50,0,123,0,-90,0,113,0,159,0,142,0,107,0,-132,0,75,0,-84,0,73,0,-56,0,83,0,-67,0,0,0,0,0,67,0,-137,0,-8,18,137,0,-108,18,138,0,117,18,-149,0,57,18,-89,0,51,18,-30,0,98,18,0,1,152,18,-2,0,-123,18,-21,0,-98,18,-47,0,-96,18,-79,0,-119,18,-115,0,-128,18]"
CSI_DATA,122071,d8:b1:90:d9:de:f0,-37,9,-99,-34,38,104,-1649982186,224,0,106,0,"[-102,0,98,0,-17,0,116,0,46,1,80,0,59,1,30,0,42,1,-29,17,5,1,-60,17,-30,0,-70,17,-65,0,-49,17,-97,0,0,0,-111,0,72,0,-101,0,124,0,-84,0,139,0,-82,0,127,0,0,0,0,0,-140,0,85,0,85,0,98,0,16,0,-137,0,-22,17,-53,0,-22,17,29,1,16,0,66,1,67,0,64,1,111,0,21,1,124,0,-22,0,133,0,-61,0,111,0,-85,0,74,0,-92,0,59,0]"
CSI_DATA,122072,d8:b1:90:d9:de:f0,-37,9,-99,-35,38,104,-1649773648,322,0,106,0,"[-141,18,39,18,79,18,4,18,7,18,41,18,-9,17,110,18,8,18,-135,18,50,18,-99,18,94,18,-84,18,141,18,-99,18,-127,18,-155,18,-105,18,107,18,-99,18,80,18,-94,18,70,18,-83,18,99,18,0,0,0,0,-35,18,124,18,26,0,122,18,94,0,88,18,132,0,44,18,144,0,0,18,138,0,-14,17,97,0,-2,17,67,0,22,18,53,0,45,18,40,0,69,18,57,0,89,18,79,0,96,18,74,0]"
CSI_DATA,122073,d8:b1:90:d9:de:f0,-36,9,-99,-33,37,104,-1649773449,342,0,106,0,"[29,19,-107,19,-59,18,-79,19,-88,18,-15,19,-66,18,49,0,-5,18,82,0,44,19,101,0,82,19,77,0,99,19,36,0,99,19,-19,19,82,19,-77,19,69,19,-110,19,68,19,-107,19,86,19,-91,19,0,0,0,0,137,19,-117,19,-155,19,-152,19,-139,19,103,19,-142,19,47,19,164,19,12,19,139,19,12,19,132,19,47,19,124,19,90,19,136,19,119,19,152,19,132,19,-159,19,136,19,-151,19,128,19,-145,19]"
CSI_DATA,122074,d8:b1:90:d9:de:f0,-36,9,-99,-35,37,104,-1649742185,130,0,106,0,"[-80,0,-109,20,10,1,160,20,30,1,90,20,0,1,57,20,-46,0,64,20,-97,0,89,20,-118,0,139,20,-123,0,-141,20,-127,0,-39,20,-113,0,52,0,-112,0,109,0,-123,0,135,0,-157,0,131,0,0,0,0,0,59,0,118,0,-43,20,111,0,-175,20,135,0,76,20,-175,0,10,20,-127,0,-9,19,-97,0,15,20,-93,0,57,20,-120,0,86,20,-146,0,118,20,163,0,130,20,104,0,131,20,48,0,131,20]"
CSI_DATA,122075,d8:b1:90:d9:de:f0,-36,9,-99,-34,37,104,-1649741642,113,0,106,0,"[73,20,-41,20,-56,18,-2,20,-108,18,82,0,-77,18,142,0,-18,18,-166,0,48,20,-165,0,88,20,145,0,126,20,80,0,138,20,-9,20,141,20,-92,20,128,20,-145,20,120,20,-160,20,153,20,-140,20,0,0,0,0,-70,20,-93,20,37,0,-90,20,156,0,-132,20,-90,0,142,20,-40,0,76,20,-44,0,34,20,-86,0,32,20,-142,0,45,20,158,0,78,20,138,0,118,20,142,0,-164,20,166,0,-106,20,-153,0]"
CSI_DATA,122076,d8:b1:90:d9:de:f0,-37,11,-99,-36,39,104,-1649356330,277,0,106,0,"[96,0,17,16,83,0,-47,15,52,0,-75,15,13,0,-57,15,-3,16,-24,15,-16,16,16,16,-11,16,57,16,10,0,95,16,46,0,-136,16,103,0,-83,16,-143,0,-41,16,-113,0,-12,16,-107,0,2,0,0,0,0,0,-120,0,57,0,142,0,121,0,138,0,-92,0,-139,0,-20,0,-113,0,15,1,-105,0,21,1,-97,0,-5,0,-105,0,-41,0,-129,0,-78,0,-143,0,-112,0,94,0,-125,0,44,0,-133,0,7,0]"
CSI_DATA,122077,d8:b1:90:d9:de:f0,-38,9,-99,-32,39,104,-1649355867,337,0,106,0,"[21,15,-116,15,-47,14,-104,15,-78,14,-63,15,-66,14,-17,15,-25,14,15,0,6,15,33,0,47,15,31,0,86,15,15,0,127,15,-23,15,-92,15,-74,15,-61,15,-113,15,-46,15,109,15,-36,15,104,15,0,0,0,0,14,0,92,15,59,0,90,15,118,0,67,15,-97,0,37,15,-73,0,-3,14,-80,0,-21,14,-114,0,-12,14,108,0,2,15,80,0,25,15,59,0,59,15,64,0,100,15,78,0,-119,15,92,0]"
CSI_DATA,122078,d8:b1:90:d9:de:f0,-39,9,-99,-34,40,104,-1649355655,317,0,106,0,"[-79,14,-9,0,-52,14,50,0,-10,14,67,0,28,0,51,0,52,0,16,0,71,0,-21,0,68,0,-54,0,46,0,-87,0,5,0,-119,0,-48,14,96,0,-92,14,83,0,-120,14,78,0,111,14,69,0,0,0,0,0,93,14,29,0,78,14,-4,14,39,14,-46,14,-5,13,-75,14,-44,13,-76,14,-56,13,-60,14,-43,13,-30,14,-14,13,-2,14,17,14,16,0,50,14,20,0,84,14,4,0,111,14,-20,14,-112,14]"
CSI_DATA,122079,d8:b1:90:d9:de:f0,-38,9,-99,-36,40,104,-1649355469,101,0,106,0,"[75,15,-72,0,76,15,-6,0,107,15,32,1,-95,15,37,1,-54,15,16,1,-28,15,-15,0,-12,15,-50,0,-18,15,-87,0,-41,15,122,0,-83,15,79,0,-125,15,49,0,108,15,32,0,102,15,27,0,0,0,0,0,100,15,-3,15,97,15,-59,15,65,15,-104,15,24,15,108,15,-15,14,103,15,-37,14,117,15,-34,14,-101,15,-12,14,-60,15,22,15,-30,15,55,15,-17,15,93,15,-20,15,127,15,-46,15,-108,15]"
CSI_DATA,122080,d8:b1:90:d9:de:f0,-36,9,-99,-36,38,104,-1649319756,113,0,106,0,"[-59,18,25,18,-142,18,-41,17,99,18,-32,17,66,18,20,18,55,18,75,18,76,18,119,18,104,18,153,18,140,18,-153,18,-117,18,-154,18,-54,18,154,18,-2,18,151,18,23,0,152,18,42,0,-139,18,0,0,0,0,93,0,-75,18,156,0,-8,18,-69,0,26,0,17,1,40,0,79,1,22,0,99,1,-12,18,73,1,-57,18,23,1,-81,18,-21,0,-93,18,-60,0,-86,18,-88,0,-66,18,-105,0,-26,18,-123,0]"
CSI_DATA,122081,d8:b1:90:d9:de:f0,-40,11,-99,-34,41,104,-1649309222,100,0,228,0,"[8,5,12,7,14,10,15,14,15,16,15,19,14,21,91,37,9,22,8,21,5,21,5,20,4,18,3,17,3,16,4,15,4,13,5,10,5,10,6,8,8,6,-28,-25,10,5,10,3,10,4,10,3,9,2,9,1,0,0,6,0,5,-2,5,-5,4,-7,4,-10,4,-14,48,0,5,-19,7,-21,8,-22,9,-23,10,-22,11,-21,12,-20,12,-19,12,-17,12,-15,12,-14,11,-13,10,-12,-98,0,8,-11,6,-11,5,-11,5,-12,5,-11,4,-10,4,-10,-5,4,0,9,6,8,10,1,8,-5,1,-9,-5,-5,5,23,-1,5,5,4,8,-1,4,-9,-4,-11,-13,-5,-16,5,-9,18,6,22,21,13,26,-5,17,-22,-2,-28,-10,-14,-26,0,-18,16,-1,22,13,15,17,0,11,-10,0,0,-10,-6,-10,3,-4,10,5,9,12,1,9,-8,5,-29,-8,-8,-10,0,-5,7,0,8,5,2,3,-2,-2,-4,-5,0,-4,6,3,9,11,5,15,-4,9,-15,5,-32,-18,-15,-25,0,-21,17,-5,26,12,22,21,8,20,-5]"
CSI_DATA,122082,d8:b1:90:d9:de:f0,-39,9,-99,-34,40,104,-1649146967,322,0,106,0,"[-4,14,-16,0,0,0,27,0,27,0,43,0,51,0,32,0,71,0,6,0,71,0,-21,0,65,0,-46,0,31,0,-62,0,-17,14,-72,0,-75,14,-74,0,-118,14,-65,0,104,14,-54,0,107,14,-48,0,0,0,0,0,-116,14,-74,0,-118,14,-115,0,86,14,80,0,40,14,48,0,0,14,36,0,-17,13,48,0,-8,13,53,0,12,14,66,0,41,14,67,0,59,14,51,0,64,14,27,0,57,14,4,0,52,14]"
CSI_DATA,122083,d8:b1:90:d9:de:f0,-38,9,-99,-34,39,104,-1649146760,342,0,106,0,"[-54,15,-24,0,-55,15,33,1,-24,15,60,1,7,0,43,1,38,0,20,1,48,0,-15,0,48,0,-42,0,20,0,-67,0,-39,15,-86,0,-96,15,-90,0,124,15,-76,0,101,15,-57,0,117,15,-58,0,0,0,0,0,-128,15,-70,0,-133,15,-124,0,98,15,98,0,48,15,63,0,-5,14,60,0,-18,14,75,0,-3,14,88,0,32,15,97,0,63,15,96,0,77,15,85,0,75,15,60,0,64,15,33,0,58,15]"
CSI_DATA,122084,d8:b1:90:d9:de:f0,-36,9,-99,-34,37,104,-1649091731,108,0,106,0,"[46,20,-153,0,9,20,-54,0,36,20,17,1,110,20,28,1,-154,20,20,1,-104,20,-41,0,-80,20,-106,0,-92,20,162,0,-132,20,61,0,149,20,-2,20,100,20,-42,20,81,20,-46,20,109,20,-49,20,0,0,0,0,-148,20,-98,20,-89,20,154,20,-85,20,49,20,-113,20,-42,18,-156,20,-84,18,144,20,-66,18,129,20,-2,18,146,20,74,20,-157,20,144,20,-104,20,-158,20,-29,20,-161,20,37,0,154,20,45,0]"
CSI_DATA,122085,d8:b1:90:d9:de:f0,-36,9,-99,-34,37,104,-1649074844,98,0,106,0,"[4,1,50,0,102,1,30,0,136,1,-21,20,102,1,-60,20,48,1,-77,20,-28,0,-80,20,-89,0,-50,20,-154,0,6,0,108,0,80,0,40,0,154,0,-6,20,-126,0,-25,20,-102,0,-37,20,-122,0,0,0,0,0,-105,20,102,0,169,20,16,0,66,20,-64,20,-29,18,-114,20,-96,18,-126,20,-112,18,-108,20,-81,18,-84,20,-22,18,-54,20,57,20,-40,20,130,20,-56,20,-136,20,-97,20,-80,20,-156,20,-56,20]"
CSI_DATA,122086,d8:b1:90:d9:de:f0,-36,9,-99,-33,37,104,-1648938050,120,0,106,0,"[-51,19,130,19,-50,19,32,19,-76,19,-28,18,-107,19,-44,18,-134,19,-36,18,-146,19,-5,18,-141,19,18,19,-115,19,41,19,-38,19,77,19,49,0,103,19,141,0,119,19,-138,0,125,19,-129,0,125,19,0,0,0,0,-159,0,-164,19,139,0,-77,19,143,0,34,0,-159,0,164,0,-114,0,-76,0,-60,0,-28,0,-29,0,-33,0,-22,0,-68,0,-28,0,-112,0,-58,0,-137,0,-111,0,-155,0,150,0,-143,0,98,0]"
CSI_DATA,122087,d8:b1:90:d9:de:f0,-37,9,-99,-35,38,104,-1648937892,120,0,106,0,"[-88,18,-144,0,-148,18,-75,0,-151,18,-12,0,-141,18,20,1,-112,18,28,1,-81,18,20,1,-66,18,-2,0,-73,18,-35,0,-106,18,-99,0,152,18,144,0,100,18,85,0,67,18,55,0,57,18,52,0,0,0,0,0,102,18,40,0,-143,18,-8,18,-94,18,-105,18,-55,18,100,18,-53,18,9,18,-80,18,-52,17,-116,18,-62,17,-141,18,-39,17,-150,18,1,18,-145,18,39,18,-108,18,77,18,-53,18,97,18,-4,18]"
CSI_DATA,122088,d8:b1:90:d9:de:f0,-37,9,-99,-35,38,104,-1648937725,130,0,106,0,"[132,0,152,0,-135,0,-92,0,-81,0,-61,0,-40,0,-68,0,-24,0,-95,0,-20,0,-134,0,-33,0,-155,0,-66,0,154,0,-132,0,-148,0,106,0,-122,0,37,0,-89,0,6,0,-59,0,-4,18,-53,0,0,0,0,0,-13,18,-112,0,-48,18,136,0,-123,18,66,0,91,18,20,0,-2,17,8,0,-64,17,26,0,-75,17,52,0,-51,17,84,0,-23,17,111,0,13,18,106,0,53,18,83,0,80,18,45,0,101,18]"
CSI_DATA,122089,d8:b1:90:d9:de:f0,-48,11,-99,-37,49,104,-1648311832,277,0,106,0,"[-9,5,37,5,-18,5,29,5,-28,5,40,5,-29,5,-33,5,-18,5,-13,5,2,0,7,0,29,0,25,0,-26,0,30,0,9,0,22,0,33,0,8,0,41,0,-4,5,34,0,-16,5,14,0,-10,5,0,0,0,0,-5,0,-1,5,-10,0,17,0,-12,0,31,0,-17,0,44,0,-25,0,43,0,-40,0,40,0,32,0,33,0,13,0,25,0,-13,5,22,0,46,5,24,0,6,5,35,0,-23,5,-26,0,-28,5]"
CSI_DATA,122090,d8:b1:90:d9:de:f0,-48,9,-99,-35,49,104,-1648311361,265,0,106,0,"[35,5,10,0,27,5,18,0,35,5,27,0,-32,5,29,0,-9,5,21,0,12,0,4,0,34,0,-18,5,-35,0,38,5,-25,0,6,5,-26,0,-15,4,-28,0,-24,4,-34,0,-18,4,-37,0,1,5,0,0,0,0,-35,0,38,5,-21,0,-31,5,-11,0,-16,5,-6,0,-1,5,-11,0,8,0,-26,0,13,0,41,0,15,0,17,0,15,0,-9,5,15,0,43,5,21,0,6,5,34,0,-25,4,-27,0,-32,4]"
CSI_DATA,122091,d8:b1:90:d9:de:f0,-48,9,-99,-37,49,104,-1648311200,285,0,106,0,"[17,0,39,5,13,0,30,5,4,0,33,5,-6,5,-44,5,-8,5,-19,5,-5,5,6,0,5,0,37,0,27,0,-24,0,-44,0,2,0,-24,0,16,0,-13,0,14,0,-20,0,7,0,-35,0,-1,0,0,0,0,0,31,0,-13,0,7,0,-9,0,-11,5,-6,0,-28,5,-10,0,-35,5,-22,0,-37,5,-37,0,-32,5,33,0,-27,5,12,0,-18,5,-15,5,-14,5,43,5,-17,5,1,5,-28,5,-38,5,36,5]"
CSI_DATA,122092,d8:b1:90:d9:de:f0,-49,11,-99,-36,51,104,-1648297412,100,0,114,0,"[1,-5,2,-5,3,-5,4,-5,4,-5,4,-5,5,-5,5,-4,4,-4,4,-3,4,-3,5,-3,4,-4,4,-4,5,-5,5,-5,4,-5,5,-6,5,-6,5,-6,5,-6,5,-6,5,-6,5,-7,5,-7,4,-7,4,-7,4,-6,0,0,4,-6,4,-6,4,-7,3,-7,3,-7,4,-7,4,-7,3,-7,3,-7,3,-8,3,-7,2,-7,2,-7,2,-7,2,-7,1,-7,1,-7,1,-7,1,-7,1,-7,1,-8,1,-9,1,-9,1,-10,1,-10,2,-10,2,-9,2,-9]"
CSI_DATA,122093,d8:b1:90:d9:de:f0,-48,9,-99,-34,48,104,-1648292251,98,0,106,0,"[-9,5,-31,0,-4,5,-21,0,7,0,-27,0,16,0,-47,0,22,0,20,0,19,0,-10,5,10,0,-46,5,-4,5,13,5,-22,5,-17,5,-42,5,-35,5,47,5,-36,5,-45,5,-25,5,-28,5,-4,5,0,0,0,0,8,0,21,5,37,0,25,5,-39,0,30,5,-25,0,36,5,-27,0,-47,5,-42,0,-33,5,33,0,-16,5,10,0,0,0,-14,5,17,0,-42,5,40,0,24,5,-26,0,5,5,5,0,10,5]"
CSI_DATA,122094,d8:b1:90:d9:de:f0,-46,9,-99,-34,46,104,-1648267660,407,0,106,0,"[-17,0,-8,7,-11,0,-21,7,-27,0,-30,7,59,0,-37,7,20,0,-36,7,-19,7,-33,7,55,7,-29,7,7,7,-23,7,-31,6,-20,7,-50,6,-17,7,-45,6,-16,7,-24,6,-26,7,13,7,-42,7,0,0,0,0,-44,7,48,7,-9,7,25,7,12,0,11,7,29,0,8,7,33,0,24,7,26,0,51,7,10,0,-39,7,-9,7,-5,7,-34,7,24,0,57,7,58,0,27,7,-23,0,9,7,4,0,13,7]"
CSI_DATA,122095,d8:b1:90:d9:de:f0,-44,9,-99,-37,45,104,-1648223783,130,0,106,0,"[-61,0,-31,0,-46,0,-31,0,-49,0,-57,0,-70,0,51,0,48,0,14,0,12,0,-27,8,-23,8,-68,8,-64,8,34,8,52,8,0,8,34,8,-21,8,42,8,-19,8,71,8,-7,8,-30,8,16,8,0,0,0,0,50,0,54,8,-51,0,67,8,-17,0,-74,8,-3,0,-63,8,-17,0,-47,8,-50,0,-38,8,49,0,-31,8,5,0,-26,8,-46,8,-24,8,47,8,-20,8,-3,8,-15,8,-45,8,-1,8,-53,8]"
CSI_DATA,122096,d8:b1:90:d9:de:f0,-43,9,-99,-35,44,104,-1648210634,120,0,106,0,"[20,0,-10,0,36,0,-4,0,44,0,-30,0,41,0,-76,0,23,0,30,0,0,9,-17,9,-32,9,-64,9,-72,9,47,9,44,9,6,9,22,9,-13,8,22,9,-12,8,45,9,-2,8,-68,9,17,9,0,0,0,0,-1,9,32,9,41,0,25,9,71,0,20,9,-70,0,22,9,-74,0,41,9,58,0,70,9,23,0,-52,9,-4,9,-12,9,-35,9,27,0,-61,9,77,0,-78,9,-21,0,-77,9,26,0,-48,9]"
CSI_DATA,122097,d8:b1:90:d9:de:f0,-38,11,-99,-35,39,104,-1647685134,277,0,106,0,"[83,16,-123,0,31,16,-43,0,42,16,20,1,86,16,43,1,-136,16,26,1,-98,16,-11,0,-77,16,-69,0,-82,16,138,0,-117,16,52,0,111,16,-22,16,70,16,-65,16,53,16,-71,16,57,16,-63,16,0,0,0,0,-122,16,-79,16,-56,16,-110,16,11,0,95,16,52,0,25,16,63,0,-29,15,52,0,-44,15,37,0,-23,15,23,0,11,16,23,0,49,16,42,0,89,16,74,0,124,16,117,0,138,16,138,0]"
CSI_DATA,122098,d8:b1:90:d9:de:f0,-39,9,-99,-36,40,104,-1647684662,138,0,106,0,"[-118,15,-58,0,-123,15,39,1,-69,15,95,1,-9,15,94,1,44,0,51,1,70,0,-1,0,62,0,-69,0,22,0,-125,0,-56,15,91,0,118,15,72,0,61,15,81,0,48,15,102,0,67,15,103,0,0,0,0,0,-113,15,47,0,-98,15,-28,15,-111,15,-115,15,105,15,69,15,60,15,38,15,31,15,48,15,26,15,81,15,48,15,119,15,81,15,-110,15,120,15,-101,15,-92,15,-117,15,-65,15,109,15,-61,15]"
CSI_DATA,122099,d8:b1:90:d9:de:f0,-38,9,-99,-35,39,104,-1647684491,158,0,106,0,"[-51,16,29,16,-119,16,-44,15,75,16,-49,15,37,16,-3,15,30,16,58,16,45,16,127,16,90,16,-117,16,-119,16,-103,16,-40,16,-119,16,37,0,113,16,70,0,70,16,76,0,49,16,56,0,58,16,0,0,0,0,58,0,-131,16,100,0,-78,16,-98,0,-26,16,-17,0,-10,16,37,1,-29,16,47,1,-52,16,15,1,-80,16,-27,0,-94,16,-67,0,-77,16,-94,0,-58,16,-104,0,-15,16,-100,0,20,0,-88,0]"
CSI_DATA,122100,d8:b1:90:d9:de:f0,-38,9,-99,-36,40,104,-1647475772,108,0,106,0,"[42,0,-51,0,87,0,20,1,-105,0,35,1,-58,0,4,1,-40,0,-51,0,-45,0,-97,0,-70,0,118,0,-122,0,108,0,68,0,127,0,15,0,-88,0,-15,15,-47,0,-12,15,-28,0,7,0,-40,0,0,0,0,0,8,0,-103,0,-44,15,96,0,124,15,83,0,47,15,90,0,-4,14,-127,0,-8,14,-81,0,23,15,-60,0,71,15,-55,0,113,15,-73,0,-121,15,-102,0,-124,15,109,0,102,15,87,0,84,15]"
CSI_DATA,122101,d8:b1:90:d9:de:f0,-37,9,-99,-37,39,104,-1647469727,228,0,106,0,"[98,17,-147,17,2,17,128,17,-61,16,-127,17,-70,16,-62,17,-53,16,-3,17,-5,16,31,0,43,17,40,0,92,17,12,0,131,17,-46,17,-146,17,-123,17,140,17,117,17,122,17,102,17,123,17,125,17,0,0,0,0,-112,17,-115,17,-27,17,-114,17,57,0,128,17,117,0,51,17,123,0,-24,16,92,0,-58,16,36,0,-55,16,-5,17,-23,16,-23,17,27,17,-24,17,68,17,6,0,94,17,50,0,101,17,65,0]"
CSI_DATA,122102,d8:b1:90:d9:de:f0,-37,9,-99,-37,39,104,-1647469533,248,0,106,0,"[-17,17,64,17,-39,17,-35,16,-72,17,-68,16,-120,17,-60,16,-133,17,-27,16,-125,17,12,17,-98,17,64,17,-35,17,101,17,40,0,140,17,128,0,-143,17,-92,0,-127,17,-62,0,-130,17,-79,0,-117,17,0,0,0,0,142,0,-56,17,115,0,24,0,100,0,132,0,112,0,-57,0,133,0,17,1,-142,0,27,1,-128,0,10,1,-133,0,-28,0,145,0,-58,0,99,0,-99,0,36,0,-110,0,-26,17,-95,0,-58,17]"
CSI_DATA,122103,d8:b1:90:d9:de:f0,-38,9,-99,-34,39,104,-1647468317,228,0,106,0,"[-113,0,105,15,-83,0,21,15,-113,0,-41,14,99,0,-65,14,41,0,-46,14,0,0,-10,14,-18,15,40,15,10,0,92,15,67,0,-133,15,-131,0,-111,15,-77,0,-108,15,-66,0,-128,15,-84,0,131,15,0,0,0,0,117,0,-76,15,106,0,-11,15,134,0,84,0,-79,0,-119,0,-9,0,-100,0,36,1,-124,0,42,1,106,0,16,1,52,0,-21,0,27,0,-72,0,26,0,-109,0,56,0,-116,0,93,0,-103,0]"
CSI_DATA,122104,d8:b1:90:d9:de:f0,-38,9,-99,-36,39,104,-1647468033,248,0,106,0,"[-57,0,-7,16,26,1,-41,16,53,1,-107,16,28,1,123,16,-24,0,96,16,-77,0,88,16,-121,0,111,16,-133,0,-127,16,-125,0,-63,16,-88,0,-7,16,-52,0,33,0,-21,0,26,0,-43,0,8,0,0,0,0,0,-115,0,1,0,122,0,53,0,100,0,139,0,111,0,-63,0,-132,0,-5,0,-86,0,-6,0,-65,0,-44,0,-56,0,-100,0,-77,0,-141,0,-112,0,124,0,141,0,133,0,114,0,-125,0,118,0]"
CSI_DATA,122105,d8:b1:90:d9:de:f0,-40,11,-99,-35,41,104,-1647308838,100,0,228,0,"[-9,0,-12,1,-15,1,-18,1,-20,0,-21,0,-23,-2,94,38,-21,-4,-21,-5,-20,-6,-19,-6,-19,-6,-18,-6,-17,-6,-15,-5,-15,-4,-14,-2,-13,-1,-13,0,-12,2,-29,-25,-12,6,-12,7,-12,7,-11,8,-11,8,-10,7,0,0,-7,7,-6,6,-4,6,0,7,1,7,4,9,57,0,9,14,12,16,12,18,12,19,12,21,11,22,9,23,8,23,6,22,5,21,4,20,3,19,2,19,52,0,3,16,4,14,4,12,6,12,6,11,6,11,6,9,-1,-10,-9,-8,-13,0,-10,10,0,13,8,9,12,0,-15,-11,-1,-8,-7,-2,-6,4,0,8,9,5,12,-3,6,-13,-6,-16,-19,-7,-21,8,-10,22,8,25,25,13,14,-1,14,-23,-4,-26,-19,-14,-22,3,-12,16,2,18,0,0,13,-4,5,-12,-6,-10,-12,-1,-9,9,1,14,19,20,14,-2,8,-12,-2,-12,-10,-6,-9,1,-3,6,2,4,3,0,0,-4,-6,-3,-9,4,-4,12,6,14,20,25,22,-6,14,-21,-1,-27,-19,-20,-27,-3,-22,12,-9,21]"
CSI_DATA,122106,d8:b1:90:d9:de:f0,-35,11,-99,-35,37,104,-1647267335,277,0,106,0,"[2,0,74,20,-8,20,-28,19,-43,20,-80,19,-80,20,-71,19,-96,20,-41,19,-91,20,-2,19,-68,20,38,20,-24,20,75,20,48,0,115,20,134,0,164,20,-159,0,-148,20,-119,0,-124,20,-123,0,-97,20,0,0,0,0,-168,0,-10,20,134,0,72,0,107,0,-156,0,102,0,-46,0,111,0,42,1,120,0,79,1,144,0,60,1,145,0,28,1,133,0,-17,0,111,0,-57,0,61,0,-80,0,-1,20,-100,0,-41,20]"
CSI_DATA,122107,d8:b1:90:d9:de:f0,-36,9,-99,-33,37,104,-1647266854,130,0,106,0,"[-80,0,-63,19,10,1,-124,19,38,1,145,19,14,1,97,19,-37,0,79,19,-76,0,93,19,-112,0,129,19,-130,0,-150,19,-133,0,-73,19,-123,0,14,0,-114,0,84,0,-102,0,106,0,-123,0,111,0,0,0,0,0,130,0,103,0,36,0,125,0,-58,19,-141,0,-136,19,-57,0,161,19,22,1,-161,19,63,1,-121,19,76,1,-82,19,47,1,-50,19,6,1,-38,19,-44,0,-63,19,-94,0,-110,19,-137,0,-143,19]"
CSI_DATA,122108,d8:b1:90:d9:de:f0,-37,9,-99,-34,38,104,-1647266683,113,0,106,0,"[111,17,150,0,62,17,-70,0,65,17,1,1,106,17,26,1,-149,17,26,1,-104,17,1,1,-86,17,-41,0,-90,17,-87,0,-122,17,148,0,131,17,77,0,93,17,38,0,70,17,20,0,77,17,19,0,0,0,0,0,-147,17,-24,17,-95,17,-84,17,-47,17,122,17,-43,17,19,17,-67,17,-58,16,-101,17,-86,16,-139,17,-61,16,149,17,-19,16,-150,17,29,17,-139,17,73,17,-93,17,96,17,-41,17,103,17,-13,17]"
CSI_DATA,122109,d8:b1:90:d9:de:f0,-36,9,-99,-38,38,104,-1647266565,147,0,106,0,"[-149,20,132,20,102,20,69,20,24,20,73,20,-5,18,118,20,-8,18,168,20,18,20,-114,20,54,20,-100,20,112,20,-104,20,-154,20,-132,20,-88,20,154,20,-38,20,105,20,-28,20,85,20,-26,20,98,20,0,0,0,0,10,0,-166,20,77,0,-108,20,-149,0,-66,20,-38,0,-61,20,42,1,-98,20,68,1,-144,20,36,1,157,20,-14,0,134,20,-69,0,146,20,-108,0,169,20,-128,0,-124,20,-133,0,-72,20,-120,0]"
CSI_DATA,122110,d8:b1:90:d9:de:f0,-37,9,-99,-35,38,104,-1647266436,167,0,106,0,"[117,0,99,18,132,0,0,18,85,0,-62,17,31,0,-69,17,-17,18,-44,17,-47,18,-1,17,-56,18,41,18,-24,18,86,18,34,0,128,18,101,0,-156,18,-156,0,-144,18,-130,0,-143,18,-136,0,-133,18,0,0,0,0,128,0,-67,18,123,0,12,0,154,0,113,0,-101,0,-122,0,-33,0,-78,0,17,1,-85,0,30,1,-128,0,9,1,133,0,-15,0,92,0,-48,0,68,0,-99,0,80,0,-139,0,105,0,154,0]"
CSI_DATA,122111,d8:b1:90:d9:de:f0,-36,9,-99,-36,37,104,-1647221211,322,0,106,0,"[38,0,72,21,5,0,-42,19,-73,21,-100,19,-141,21,-70,19,179,21,-25,19,172,21,39,21,-177,21,90,21,-127,21,127,21,-39,21,149,21,49,0,148,21,111,0,139,21,138,0,127,21,137,0,148,21,0,0,0,0,137,0,-129,21,162,0,-36,21,-131,0,46,0,-42,0,101,0,38,1,115,0,72,1,98,0,60,1,52,0,21,1,25,0,-29,0,0,0,-70,0,-4,21,-110,0,29,0,-142,0,81,0,-148,0]"
CSI_DATA,122112,d8:b1:90:d9:de:f0,-36,9,-99,-33,37,104,-1647220994,342,0,106,0,"[-69,0,36,0,49,1,7,0,91,1,-62,19,76,1,-136,19,23,1,155,19,-37,0,134,19,-82,0,154,19,-119,0,-130,19,-132,0,-59,19,-124,0,23,0,-108,0,80,0,-103,0,101,0,-117,0,99,0,0,0,0,0,137,0,111,0,64,0,141,0,1,0,-103,0,-32,19,-18,0,-24,19,51,1,6,0,81,1,40,0,62,1,75,0,25,1,90,0,-24,0,77,0,-68,0,44,0,-98,0,-2,19,-108,0,-31,19]"
CSI_DATA,122113,d8:b1:90:d9:de:f0,-37,9,-99,-36,39,104,-1647057937,264,0,106,0,"[34,0,43,16,6,0,-48,15,-59,16,-87,15,-118,16,-67,15,131,16,-17,15,120,16,29,16,127,16,75,16,-118,16,105,16,-57,16,122,16,14,0,123,16,69,0,109,16,89,0,100,16,89,0,107,16,0,0,0,0,90,0,-117,16,117,0,-56,16,-105,0,-1,16,-35,0,35,0,28,1,35,0,59,1,13,0,47,1,-14,16,23,1,-40,16,-15,0,-63,16,-48,0,-62,16,-77,0,-42,16,-92,0,-8,16,-104,0]"
CSI_DATA,122114,d8:b1:90:d9:de:f0,-38,9,-99,-34,39,104,-1647057758,284,0,106,0,"[40,15,34,0,-34,14,94,0,-40,14,-108,0,-10,14,-54,0,50,15,-32,0,95,15,-32,0,-134,15,-56,0,-120,15,-103,0,-124,15,111,0,119,15,47,0,88,15,6,0,76,15,-7,15,81,15,-5,15,0,0,0,0,132,15,-28,15,-96,15,-73,15,-80,15,114,15,-83,15,41,15,-109,15,-5,14,119,15,-18,14,95,15,1,15,80,15,39,15,82,15,79,15,100,15,112,15,128,15,124,15,-111,15,122,15,-83,15]"
CSI_DATA,122115,d8:b1:90:d9:de:f0,-38,9,-99,-36,40,104,-1647057584,264,0,106,0,"[37,15,39,0,-43,14,78,0,-69,14,125,0,-46,14,-102,0,-14,14,-91,0,28,15,-93,0,62,15,-116,0,90,15,92,0,113,15,23,0,-126,15,-49,15,-114,15,-111,15,-108,15,114,15,-94,15,117,15,0,0,0,0,-30,15,-119,15,42,0,-95,15,127,0,-90,15,-50,0,-99,15,10,1,-120,15,27,1,121,15,15,1,117,15,-5,0,123,15,-36,0,-127,15,-61,0,-103,15,-77,0,-65,15,-90,0,-22,15,-100,0]"
CSI_DATA,122116,d8:b1:90:d9:de:f0,-37,9,-99,-36,39,104,-1647057405,284,0,106,0,"[141,0,-85,0,-67,0,-31,0,-2,0,-35,0,20,1,-74,0,12,1,-115,0,-10,0,131,0,-51,0,106,0,-112,0,97,0,99,0,117,0,26,0,-140,0,-34,16,-114,0,-67,16,-103,0,-70,16,-117,0,0,0,0,0,-78,16,98,0,-109,16,23,0,125,16,-50,16,59,16,-114,16,2,16,140,16,-23,15,136,16,-20,15,-126,16,-1,15,-106,16,21,16,-84,16,60,16,-83,16,107,16,-89,16,-143,16,-114,16,-107,16]"
CSI_DATA,122117,d8:b1:90:d9:de:f0,-37,9,-99,-36,39,104,-1647057186,116,0,106,0,"[70,0,-49,0,124,0,28,1,-107,0,37,1,-80,0,16,1,-57,0,-15,0,-72,0,-66,0,-96,0,-96,0,136,0,-112,0,59,0,-130,0,-14,16,-122,0,-81,16,-115,0,-113,16,-114,0,-121,16,-129,0,0,0,0,0,-115,16,90,0,-126,16,17,0,117,16,-66,16,66,16,-132,16,21,16,107,16,-4,15,109,16,-8,15,116,16,11,16,-132,16,34,16,-116,16,63,16,-108,16,104,16,-116,16,-140,16,-133,16,-108,16]"
CSI_DATA,122118,d8:b1:90:d9:de:f0,-38,9,-99,-35,39,104,-1647057086,136,0,106,0,"[-97,0,138,0,-13,0,-115,0,49,1,-137,0,50,1,101,0,45,1,71,0,5,1,35,0,-33,0,31,0,-76,0,43,0,-134,0,86,0,83,0,133,0,45,0,-99,0,22,0,-80,0,15,0,-88,0,0,0,0,0,-25,16,-139,0,-80,16,90,0,122,16,59,0,30,16,46,0,-23,15,55,0,-45,15,62,0,-31,15,89,0,-5,15,94,0,28,16,87,0,59,16,73,0,78,16,45,0,100,16,7,0,105,16]"
CSI_DATA,122119,d8:b1:90:d9:de:f0,-39,9,-99,-37,41,104,-1646849046,113,0,106,0,"[-84,0,-67,0,-2,0,-36,0,45,0,-55,0,50,0,-100,0,24,0,88,0,-21,0,68,0,-75,0,62,0,100,0,81,0,39,0,-114,0,-12,13,-69,0,-42,13,-44,0,-46,13,-46,0,-45,13,-71,0,0,0,0,0,-62,13,78,0,-106,13,13,0,69,13,-37,13,14,13,-76,13,-17,12,-92,13,-26,12,-90,13,-11,12,-79,13,14,13,-70,13,43,13,-71,13,70,13,-81,13,100,13,-99,13,-113,13,109,13,-99,13]"
CSI_DATA,122120,d8:b1:90:d9:de:f0,-37,11,-99,-35,39,104,-1646640637,277,0,106,0,"[111,16,77,16,39,16,40,16,-14,15,55,16,-15,15,94,16,3,16,131,16,49,16,-125,16,91,16,-119,16,-135,16,-136,16,-66,16,109,16,-7,16,85,16,26,0,66,16,44,0,76,16,54,0,103,16,0,0,0,0,94,0,-75,16,128,0,-3,16,-86,0,56,0,-26,0,109,0,8,1,134,0,20,1,-134,0,14,1,131,0,-18,0,126,0,-45,0,113,0,-67,0,117,0,-89,0,129,0,-125,0,-133,0,133,0]"
CSI_DATA,122121,d8:b1:90:d9:de:f0,-38,9,-99,-37,40,104,-1646640156,214,0,106,0,"[59,0,22,15,30,0,-59,14,-27,15,-86,14,-75,15,-56,14,-97,15,-15,14,-92,15,32,15,-71,15,76,15,-26,15,106,15,33,0,118,15,89,0,124,15,123,0,126,15,128,0,-127,15,112,0,-107,15,0,0,0,0,88,0,-15,15,94,0,64,0,124,0,-128,0,-95,0,-65,0,-56,0,-41,0,-40,0,-41,0,-38,0,-69,0,-50,0,-95,0,-69,0,-114,0,-89,0,-127,0,-109,0,-126,0,128,0,-123,0,109,0]"
CSI_DATA,122122,d8:b1:90:d9:de:f0,-37,9,-99,-36,39,104,-1646640020,234,0,106,0,"[84,16,-115,0,54,16,-20,0,89,16,41,1,-130,16,51,1,-84,16,20,1,-52,16,-26,0,-50,16,-75,0,-78,16,-127,0,-127,16,105,0,104,16,70,0,71,16,59,0,74,16,54,0,104,16,46,0,0,0,0,0,-111,16,-29,16,-77,16,-98,16,-67,16,94,16,-77,16,17,16,-105,16,-24,15,-126,16,-29,15,-132,16,-4,15,-136,16,35,16,-121,16,66,16,-113,16,76,16,-81,16,86,16,-56,16,89,16,-41,16]"
CSI_DATA,122123,d8:b1:90:d9:de:f0,-36,9,-99,-35,37,104,-1646603714,130,0,106,0,"[-133,0,119,20,-93,0,45,20,-112,0,-2,19,-159,0,-13,19,148,0,27,20,131,0,67,20,131,0,124,20,160,0,-175,20,-142,0,-108,20,-86,0,-59,20,-59,0,-19,20,-56,0,0,0,-85,0,16,0,0,0,0,0,-142,0,86,0,163,0,150,0,146,0,-111,0,129,0,-43,0,129,0,1,1,127,0,23,1,122,0,2,1,118,0,-19,0,107,0,-42,0,86,0,-61,0,57,0,-74,0,24,0,-78,0,5,0]"
CSI_DATA,122124,d8:b1:90:d9:de:f0,-36,9,-99,-37,38,104,-1646571526,224,0,106,0,"[88,0,115,19,110,0,15,19,75,0,-42,18,25,0,-58,18,-24,19,-34,18,-50,19,7,19,-46,19,44,19,-9,19,72,19,50,0,99,19,120,0,104,19,-155,0,106,19,-151,0,102,19,160,0,116,19,0,0,0,0,129,0,-138,19,136,0,-57,19,-142,0,34,0,-72,0,103,0,-3,0,130,0,41,1,115,0,49,1,94,0,38,1,50,0,10,1,25,0,-18,0,18,0,-41,0,31,0,-60,0,46,0,-77,0]"
CSI_DATA,122125,d8:b1:90:d9:de:f0,-38,9,-99,-35,39,104,-1646431247,120,0,106,0,"[-115,0,-103,16,-47,0,135,16,-21,0,89,16,-38,0,50,16,-73,0,32,16,-110,0,37,16,-131,0,58,16,-138,0,97,16,-127,0,-118,16,-94,0,-58,16,-57,0,-16,16,-34,0,1,0,-34,0,-1,16,0,0,0,0,-85,0,4,0,-138,0,31,0,92,0,104,0,64,0,-97,0,68,0,-16,0,91,0,26,1,119,0,25,1,-131,0,-1,0,-116,0,-29,0,-119,0,-57,0,135,0,-83,0,92,0,-98,0,53,0]"
CSI_DATA,122126,d8:b1:90:d9:de:f0,-37,9,-99,-33,38,104,-1646431090,120,0,106,0,"[86,17,-15,17,10,17,-34,17,-38,16,-10,17,-48,16,28,0,-34,16,56,0,-5,16,81,0,23,17,75,0,46,17,49,0,68,17,-8,17,78,17,-75,17,77,17,-128,17,73,17,136,17,73,17,142,17,0,0,0,0,118,17,-125,17,-114,17,-125,17,-45,17,133,17,23,0,75,17,58,0,18,17,72,0,-27,16,42,0,-45,16,13,0,-35,16,-13,17,-20,16,-28,17,10,17,-16,17,41,17,10,0,69,17,42,0]"
CSI_DATA,122127,d8:b1:90:d9:de:f0,-38,9,-99,-35,39,104,-1646430968,252,0,106,0,"[98,16,80,0,21,16,114,0,-2,15,-112,0,17,16,-70,0,56,16,-43,0,91,16,-45,0,122,16,-66,0,135,16,-101,0,122,16,121,0,90,16,63,0,56,16,25,0,28,16,9,0,34,16,15,0,0,0,0,0,79,16,23,0,135,16,-14,16,-109,16,-88,16,-99,16,105,16,-116,16,31,16,127,16,-2,15,93,16,6,16,70,16,39,16,64,16,77,16,63,16,113,16,92,16,134,16,-138,16,130,16,-106,16]"
CSI_DATA,122128,d8:b1:90:d9:de:f0,-36,11,-99,-36,38,104,-1646308857,100,0,114,0,"[-30,6,-33,5,-36,2,-36,2,-36,0,-36,-1,-33,-1,-33,-1,-33,-2,-32,-2,-31,-2,-31,-1,-31,-2,-31,-1,-32,0,-33,0,-35,0,-35,0,-37,0,-37,1,-39,1,-40,1,-39,2,-37,2,-37,2,-36,2,-36,3,-36,2,0,0,-36,3,-36,3,-37,2,-36,3,-39,3,-39,5,-39,5,-39,6,-37,5,-36,7,-36,7,-35,7,-32,7,-31,8,-30,7,-31,7,-28,7,-30,10,-31,10,-32,10,-33,11,-35,10,-35,11,-37,10,-36,8,-36,7,-33,5,-32,3]"
CSI_DATA,122129,d8:b1:90:d9:de:f0,-37,9,-99,-35,38,104,-1646222366,108,0,106,0,"[100,18,-119,18,1,18,-151,18,-57,17,-135,18,-68,17,-94,18,-42,17,-62,18,-3,17,-48,18,47,18,-51,18,100,18,-79,18,-144,18,-129,18,-81,18,122,18,-37,18,84,18,-13,18,78,18,3,0,101,18,0,0,0,0,51,0,-122,18,105,0,-50,18,-123,0,15,0,-48,0,62,0,13,1,92,0,45,1,101,0,39,1,89,0,19,1,79,0,-11,0,63,0,-44,0,62,0,-84,0,79,0,-127,0,110,0,145,0]"
CSI_DATA,122130,d8:b1:90:d9:de:f0,-38,11,-99,-35,39,104,-1646013938,277,0,106,0,"[-47,0,-28,16,33,1,-56,16,75,1,-88,16,61,1,-113,16,26,1,-125,16,-14,0,-106,16,-53,0,-74,16,-86,0,-18,16,-124,0,59,0,137,0,-137,0,121,0,-75,0,110,0,-52,0,104,0,-79,0,0,0,0,0,51,0,128,0,-38,16,66,0,-133,16,30,0,50,16,2,0,-23,15,-1,16,-52,15,8,0,-38,15,20,0,-8,15,23,0,21,16,11,0,44,16,-7,16,71,16,-50,16,86,16,-89,16,94,16]"
CSI_DATA,122131,d8:b1:90:d9:de:f0,-39,9,-99,-35,40,104,-1646013484,98,0,106,0,"[105,14,100,14,39,14,52,14,-17,13,62,14,-28,13,87,14,-9,13,119,14,12,14,-98,14,57,14,-87,14,110,14,-94,14,-74,14,116,14,-15,14,76,14,18,0,41,14,33,0,35,14,24,0,54,14,0,0,0,0,26,0,-113,14,54,0,-36,14,117,0,32,0,-62,0,85,0,-3,0,108,0,22,0,109,0,20,0,79,0,0,0,68,0,-23,0,59,0,-53,0,67,0,-84,0,87,0,-93,0,112,0,-109,0]"
CSI_DATA,122132,d8:b1:90:d9:de:f0,-37,9,-99,-36,39,104,-1645983571,98,0,106,0,"[104,0,74,16,134,0,-21,15,112,0,-75,15,75,0,-76,15,47,0,-51,15,29,0,-5,15,41,0,49,16,80,0,108,16,134,0,-113,16,-89,0,-62,16,-54,0,-21,16,-48,0,-8,16,-77,0,3,0,0,0,0,0,115,0,52,0,42,0,99,0,-23,16,-107,0,-71,16,-34,0,-99,16,21,1,-98,16,35,1,-94,16,22,1,-92,16,-5,0,-88,16,-37,0,-102,16,-65,0,-126,16,-96,0,139,16,-117,0,134,16]"
CSI_DATA,122133,d8:b1:90:d9:de:f0,-37,9,-99,-34,38,104,-1645804576,130,0,106,0,"[-85,0,121,0,21,1,143,0,92,1,106,0,98,1,45,0,66,1,3,0,16,1,-23,17,-29,0,-17,17,-74,0,22,0,-114,0,93,0,-133,0,-142,0,-140,0,-93,0,-137,0,-85,0,150,0,-111,0,0,0,0,0,68,0,128,0,-14,17,99,0,-112,17,98,0,99,17,121,0,43,17,-135,0,29,17,-106,0,51,17,-97,0,83,17,-97,0,114,17,-109,0,128,17,-129,0,134,17,141,0,131,17,115,0,135,17]"
CSI_DATA,122134,d8:b1:90:d9:de:f0,-38,9,-99,-35,39,104,-1645804468,98,0,106,0,"[-26,16,-44,0,-4,16,55,1,61,0,97,1,107,0,79,1,-133,0,29,1,-131,0,-18,0,126,0,-59,0,73,0,-79,0,5,0,-87,0,-63,16,-74,0,-103,16,-62,0,-107,16,-55,0,-89,16,-73,0,0,0,0,0,-67,16,107,0,-81,16,29,0,-133,16,-53,16,81,16,-113,16,20,16,-138,16,-13,15,-122,16,-9,15,-102,16,10,16,-70,16,31,16,-52,16,58,16,-47,16,87,16,-55,16,102,16,-74,16,121,16]"
CSI_DATA,122135,d8:b1:90:d9:de:f0,-37,11,-99,-35,38,104,-1645387240,277,0,106,0,"[68,18,-23,18,-23,17,-11,18,-66,17,31,0,-53,17,74,0,-7,17,111,0,46,18,113,0,81,18,83,0,106,18,28,0,124,18,-59,18,113,18,-139,18,102,18,123,18,88,18,118,18,100,18,139,18,0,0,0,0,-130,18,-140,18,-46,18,-132,18,35,0,125,18,106,0,78,18,146,0,33,18,146,0,-2,17,135,0,-2,17,123,0,20,18,105,0,40,18,102,0,63,18,123,0,78,18,151,0,94,18,154,0]"
CSI_DATA,122136,d8:b1:90:d9:de:f0,-37,9,-99,-36,39,104,-1645386759,130,0,106,0,"[-75,16,70,16,140,16,-6,15,60,16,-6,15,14,16,44,16,13,16,114,16,38,16,-121,16,85,16,-92,16,-135,16,-98,16,-70,16,-143,16,-33,16,77,16,-21,16,28,16,-38,16,12,16,-59,16,48,16,0,0,0,0,-38,16,130,16,31,0,-107,16,127,0,-99,16,-74,0,-118,16,-24,0,124,16,-19,0,88,16,-49,0,67,16,-80,0,67,16,-109,0,74,16,-125,0,95,16,-121,0,113,16,-105,0,123,16,-112,0]"
CSI_DATA,122137,d8:b1:90:d9:de:f0,-38,9,-99,-34,39,104,-1645386615,113,0,106,0,"[95,15,-122,15,2,15,133,15,-59,14,-95,15,-66,14,-20,15,-34,14,36,0,13,15,54,0,65,15,46,0,103,15,6,0,123,15,-61,15,116,15,-132,15,94,15,100,15,76,15,104,15,74,15,128,15,0,0,0,0,-123,15,-91,15,-52,15,-100,15,18,0,117,15,59,0,48,15,67,0,-10,14,46,0,-43,14,13,0,-44,14,-22,15,-23,14,-31,15,8,15,-37,15,33,15,-25,15,39,15,-3,15,43,15,-6,15]"
CSI_DATA,122138,d8:b1:90:d9:de:f0,-37,9,-99,-36,39,104,-1645386497,101,0,106,0,"[-141,0,112,16,-113,0,26,16,135,0,-34,15,72,0,-44,15,16,0,-22,15,-23,16,19,16,-25,16,69,16,16,0,112,16,81,0,134,16,-133,0,133,16,-99,0,107,16,-103,0,84,16,-133,0,85,16,0,0,0,0,112,0,-127,16,120,0,-58,16,-118,0,10,0,-52,0,46,0,7,1,48,0,32,1,26,0,24,1,1,0,3,1,-16,16,-22,0,-31,16,-40,0,-37,16,-49,0,-22,16,-47,0,-12,16,-58,0]"
CSI_DATA,122139,d8:b1:90:d9:de:f0,-37,9,-99,-34,38,104,-1645386393,98,0,106,0,"[-83,17,-72,0,-78,17,28,1,-22,17,78,1,47,0,67,1,95,0,19,1,121,0,-35,0,104,0,-84,0,55,0,-117,0,-23,17,-112,0,-84,17,-82,0,-118,17,-43,0,-106,17,-26,0,-68,17,-41,0,0,0,0,0,-52,17,-120,0,-91,17,121,0,134,17,76,0,57,17,61,0,-4,16,87,0,-22,16,121,0,-1,16,144,0,34,17,-146,0,62,17,-136,0,80,17,-143,0,83,17,142,0,76,17,134,0,87,17]"
CSI_DATA,122140,d8:b1:90:d9:de:f0,-40,11,-99,-34,41,104,-1645309179,100,0,228,0,"[0,-7,-2,-10,-2,-15,-2,-18,-1,-21,0,-21,1,-23,91,37,5,-21,5,-21,5,-19,5,-16,5,-15,5,-13,3,-12,0,-10,-1,-10,-4,-9,-6,-8,-9,-8,-11,-8,-28,-25,-15,-9,-15,-10,-15,-10,-14,-10,-13,-10,-11,-8,0,0,-10,-4,-8,-3,-7,0,-7,2,-6,5,-7,9,-95,12,-8,14,-9,16,-10,18,-11,18,-11,18,-11,18,-11,17,-11,15,-10,15,-10,14,-9,14,-7,13,-6,13,-98,12,-4,14,-3,14,-2,14,-1,15,-1,15,-1,14,-1,12,11,-5,7,-14,-3,-17,-13,-11,-17,0,-11,10,-1,13,10,-15,8,0,2,-6,-5,-5,-7,2,-3,9,6,11,15,3,15,-9,5,-21,-11,-21,-24,-7,-24,10,-10,24,-4,14,21,9,19,-8,6,-17,-7,-13,-13,-2,-9,8,0,0,10,5,12,-6,3,-15,-9,-13,-16,-2,-14,10,-10,30,10,14,16,2,11,-9,0,-11,-6,-7,-6,0,-2,5,4,2,5,-3,0,-7,-7,-5,-11,2,-8,12,-2,31,15,11,21,-1,15,-16,0,-23,-14,-17,-21,-3,-15,10]"
CSI_DATA,122141,d8:b1:90:d9:de:f0,-36,11,-99,-37,38,104,-1644969441,277,0,106,0,"[89,0,57,19,88,0,-54,18,46,0,-101,18,-1,19,-84,18,-33,19,-37,18,-32,19,20,19,-3,19,75,19,59,0,126,19,141,0,-160,19,-108,0,-130,19,-55,0,-114,19,-47,0,-108,19,-84,0,-85,19,0,0,0,0,150,0,-3,19,101,0,80,0,72,0,-142,0,57,0,-47,0,59,0,15,1,64,0,32,1,63,0,15,1,53,0,-12,0,37,0,-46,0,3,0,-62,0,-40,19,-68,0,-76,19,-63,0,-79,19]"
CSI_DATA,122142,d8:b1:90:d9:de:f0,-37,9,-99,-34,38,104,-1644968987,98,0,106,0,"[91,17,-152,0,39,17,-68,0,51,17,0,1,104,17,19,1,-147,17,2,1,-111,17,-39,0,-97,17,-90,0,-121,17,141,0,134,17,74,0,77,17,30,0,38,17,9,0,30,17,9,0,64,17,15,0,0,0,0,0,-134,17,-30,17,-72,17,-90,17,-26,17,122,17,-10,17,40,17,-13,17,-23,16,-30,17,-34,16,-36,17,-15,16,-43,17,20,17,-28,17,45,17,-10,17,57,17,17,0,61,17,42,0,57,17,42,0]"
CSI_DATA,122143,d8:b1:90:d9:de:f0,-37,9,-99,-36,38,104,-1644968855,98,0,106,0,"[119,18,-139,0,71,18,-39,0,86,18,26,1,149,18,47,1,-113,18,20,1,-81,18,-30,0,-79,18,-93,0,-113,18,-154,0,143,18,100,0,69,18,73,0,22,18,55,0,20,18,65,0,60,18,64,0,0,0,0,0,158,18,3,0,-104,18,-71,18,-96,18,146,18,-94,18,55,18,-113,18,-2,17,-132,18,-15,17,-133,18,6,18,-128,18,44,18,-114,18,75,18,-83,18,79,18,-44,18,75,18,-16,18,57,18,-15,18]"
CSI_DATA,122144,d8:b1:90:d9:de:f0,-37,9,-99,-37,39,104,-1644968705,113,0,106,0,"[-12,17,35,17,-60,17,-50,16,-130,17,-75,16,121,17,-40,16,110,17,17,17,116,17,73,17,-132,17,112,17,-68,17,121,17,12,0,103,17,77,0,71,17,109,0,43,17,102,0,35,17,80,0,57,17,0,0,0,0,81,0,-130,17,114,0,-53,17,-115,0,15,0,-41,0,53,0,18,1,56,0,40,1,43,0,21,1,23,0,-11,0,13,0,-40,0,12,0,-60,0,31,0,-71,0,62,0,-65,0,83,0,-71,0]"
CSI_DATA,122145,d8:b1:90:d9:de:f0,-37,9,-99,-36,39,104,-1644968543,130,0,106,0,"[-68,0,-123,16,-21,0,76,16,-37,0,7,16,-103,0,-21,15,126,0,-4,15,96,0,32,16,83,0,88,16,105,0,141,16,-133,0,-98,16,-81,0,-67,16,-43,0,-60,16,-35,0,-63,16,-66,0,-61,16,0,0,0,0,122,0,-12,16,97,0,59,0,92,0,-143,0,114,0,-63,0,142,0,-14,0,-124,0,-7,0,-114,0,-39,0,-115,0,-68,0,-133,0,-93,0,141,0,-100,0,117,0,-94,0,100,0,-74,0,103,0]"
CSI_DATA,122146,d8:b1:90:d9:de:f0,-37,9,-99,-34,38,104,-1644968372,113,0,106,0,"[130,17,-102,0,109,17,1,1,-143,17,65,1,-77,17,72,1,-17,17,35,1,9,0,-11,0,9,0,-68,0,-36,17,-115,0,-109,17,-144,0,130,17,-147,0,92,17,-135,0,97,17,-125,0,127,17,-136,0,0,0,0,0,-111,17,76,0,-118,17,-9,17,141,17,-90,17,86,17,148,17,27,17,130,17,2,17,144,17,3,17,-129,17,28,17,-102,17,49,17,-89,17,72,17,-89,17,83,17,-106,17,84,17,-123,17,84,17]"
CSI_DATA,122147,d8:b1:90:d9:de:f0,-36,9,-99,-36,38,104,-1644968236,98,0,106,0,"[-51,0,-20,18,44,1,-84,18,60,1,154,18,11,1,90,18,-64,0,76,18,-120,0,96,18,-152,0,144,18,-152,0,-113,18,-117,0,-39,18,-60,0,6,0,-17,0,23,0,-12,0,5,0,-54,0,-18,18,0,0,0,0,-154,0,10,0,101,0,79,0,90,0,-140,0,98,0,-56,0,130,0,-6,0,-157,0,2,1,-144,0,-32,0,-139,0,-74,0,-156,0,-105,0,147,0,-113,0,119,0,-99,0,103,0,-81,0,114,0]"
CSI_DATA,122148,d8:b1:90:d9:de:f0,-36,9,-99,-35,37,104,-1644908566,98,0,106,0,"[-48,20,-38,0,-32,20,61,1,9,0,97,1,59,0,75,1,83,0,31,1,75,0,-24,0,48,0,-64,0,-17,20,-97,0,-101,20,-129,0,167,20,-137,0,113,20,-142,0,100,20,-149,0,124,20,174,0,0,0,0,0,156,20,80,0,174,20,-8,20,157,20,-113,20,118,20,153,20,86,20,97,20,68,20,80,20,78,20,93,20,102,20,122,20,126,20,133,20,150,20,131,20,-168,20,123,20,-130,20,101,20,-123,20]"
CSI_DATA,122149,d8:b1:90:d9:de:f0,-36,9,-99,-35,37,104,-1644897852,108,0,106,0,"[-54,0,-91,20,28,1,-164,20,34,1,115,20,-13,0,75,20,-76,0,83,20,-133,0,104,20,-161,0,156,20,-156,0,-122,20,-131,0,-37,20,-87,0,30,0,-61,0,72,0,-52,0,76,0,-87,0,68,0,0,0,0,0,156,0,90,0,74,0,133,0,5,0,-134,0,-35,20,-54,0,-46,20,15,1,-37,20,38,1,-24,20,19,1,-5,20,-17,0,-2,20,-42,0,-27,20,-65,0,-53,20,-85,0,-80,20,-86,0,-87,20]"
CSI_DATA,122150,d8:b1:90:d9:de:f0,-38,9,-99,-36,40,104,-1644760061,130,0,106,0,"[123,15,85,15,50,15,40,15,-15,14,59,15,-39,14,108,15,-19,14,-96,15,14,15,-55,15,66,15,-46,15,124,15,-69,15,-85,15,-124,15,-52,15,68,15,-42,15,19,15,-54,15,5,15,-65,15,23,15,0,0,0,0,-42,15,118,15,15,0,-104,15,99,0,-87,15,-70,0,-97,15,-19,0,126,15,-5,0,95,15,-26,0,82,15,-60,0,75,15,-88,0,87,15,-105,0,121,15,-97,0,-98,15,-71,0,-83,15,-60,0]"
CSI_DATA,122151,d8:b1:90:d9:de:f0,-37,11,-99,-37,39,104,-1644551642,277,0,106,0,"[-53,0,-8,17,35,1,-49,17,57,1,-114,17,27,1,130,17,-26,0,116,17,-78,0,125,17,-102,0,-128,17,-107,0,-70,17,-90,0,-5,17,-50,0,53,0,-25,0,78,0,-27,0,68,0,-54,0,45,0,0,0,0,0,130,0,53,0,54,0,86,0,-10,17,-130,0,-47,17,-55,0,-47,17,12,1,-26,17,41,1,-11,17,27,1,16,0,1,1,21,0,-21,0,12,0,-38,0,-10,17,-46,0,-17,17,-48,0,-15,17]"
CSI_DATA,122152,d8:b1:90:d9:de:f0,-38,9,-99,-35,39,104,-1644551170,113,0,106,0,"[25,0,54,16,13,0,-40,15,-29,16,-76,15,-65,16,-63,15,-81,16,-21,15,-65,16,30,16,-28,16,74,16,32,0,105,16,117,0,137,16,-89,0,-133,16,-37,0,-126,16,-35,0,-123,16,-70,0,-111,16,0,0,0,0,119,0,-40,16,68,0,46,0,39,0,-137,0,22,0,-45,0,23,0,17,1,37,0,38,1,39,0,27,1,35,0,-2,0,25,0,-28,0,-2,16,-44,0,-39,16,-62,0,-70,16,-69,0,-82,16]"
CSI_DATA,122153,d8:b1:90:d9:de:f0,-37,9,-99,-36,39,104,-1644342253,479,0,106,0,"[-129,16,66,16,100,16,4,16,50,16,-2,15,33,16,26,16,34,16,66,16,61,16,98,16,92,16,115,16,-134,16,109,16,-62,16,95,16,5,0,75,16,59,0,60,16,80,0,57,16,81,0,66,16,0,0,0,0,87,0,-131,16,108,0,-57,16,-134,0,28,0,-74,0,96,0,-15,0,132,0,19,1,134,0,20,1,125,0,2,1,104,0,-28,0,84,0,-59,0,80,0,-95,0,96,0,-129,0,120,0,134,0]"
CSI_DATA,122154,d8:b1:90:d9:de:f0,-38,9,-99,-35,39,104,-1644342020,499,0,106,0,"[37,16,46,0,-31,15,89,0,-53,15,138,0,-25,15,-110,0,18,16,-103,0,51,16,-112,0,76,16,131,0,90,16,83,0,87,16,23,0,79,16,-44,16,73,16,-91,16,75,16,-113,16,90,16,-111,16,0,0,0,0,-113,16,-100,16,-44,16,-107,16,35,0,130,16,105,0,76,16,-137,0,26,16,-131,0,-4,15,126,0,-7,15,99,0,3,16,77,0,30,16,69,0,57,16,82,0,97,16,102,0,122,16,114,0]"
CSI_DATA,122155,d8:b1:90:d9:de:f0,-35,11,-99,-34,36,104,-1644309209,100,0,114,0,"[28,-28,32,-28,37,-26,40,-25,41,-22,41,-19,40,-17,40,-16,40,-14,38,-13,37,-11,37,-11,37,-11,37,-11,38,-11,40,-11,43,-11,44,-11,44,-11,46,-11,46,-11,47,-11,46,-11,46,-10,44,-8,44,-8,43,-7,44,-7,0,0,43,-5,41,-4,43,-4,44,-4,46,-4,47,-4,46,-2,46,-1,44,-1,43,-2,43,-1,40,-1,38,-1,37,-1,35,0,35,0,34,0,35,0,37,0,37,0,38,1,40,2,40,4,44,5,43,8,41,10,38,11,34,13]"
CSI_DATA,122156,d8:b1:90:d9:de:f0,-36,9,-99,-36,38,104,-1644133344,130,0,106,0,"[153,18,-90,0,122,18,10,1,152,18,66,1,-117,18,74,1,-79,18,49,1,-57,18,6,1,-57,18,-41,0,-86,18,-89,0,-139,18,-144,0,122,18,135,0,76,18,105,0,65,18,89,0,96,18,71,0,0,0,0,0,153,18,20,0,-122,18,-60,18,-109,18,-159,18,-109,18,71,18,-129,18,3,18,-144,18,-16,17,-161,18,6,18,159,18,36,18,-154,18,61,18,-142,18,80,18,-109,18,93,18,-75,18,93,18,-51,18]"
CSI_DATA,122157,d8:b1:90:d9:de:f0,-38,11,-99,-35,39,104,-1643924944,277,0,106,0,"[55,16,13,0,-26,15,11,0,-70,15,43,0,-59,15,76,0,-39,15,107,0,-1,15,105,0,31,16,95,0,64,16,57,0,91,16,-10,16,112,16,-86,16,113,16,130,16,109,16,101,16,118,16,102,16,0,0,0,0,-113,16,-127,16,-38,16,-99,16,54,0,-107,16,-134,0,-126,16,-65,0,115,16,-38,0,80,16,-46,0,61,16,-77,0,57,16,-107,0,68,16,-128,0,86,16,-133,0,121,16,-121,0,-111,16,-114,0]"
CSI_DATA,122158,d8:b1:90:d9:de:f0,-39,9,-99,-35,40,104,-1643924463,130,0,106,0,"[-90,14,76,14,103,14,8,14,46,14,0,14,7,14,27,14,0,13,70,14,6,14,115,14,38,14,-100,14,88,14,-92,14,-91,14,-114,14,-38,14,93,14,0,14,49,14,3,0,25,14,-9,14,35,14,0,0,0,0,-27,14,100,14,11,0,-83,14,90,0,-36,14,-71,0,-14,14,0,0,-26,14,33,0,-55,14,25,0,-95,14,-3,0,-115,14,-33,0,121,14,-70,0,-113,14,-92,0,-83,14,-92,0,-51,14,-89,0]"
CSI_DATA,122159,d8:b1:90:d9:de:f0,-39,9,-99,-37,41,104,-1643924292,98,0,106,0,"[-95,0,-110,0,-30,0,-70,0,28,0,-79,0,50,0,114,0,45,0,65,0,24,0,31,0,-9,0,11,0,-56,0,22,0,-107,0,65,0,96,0,-114,0,83,0,-62,0,91,0,-44,0,103,0,-56,0,0,0,0,0,89,0,-117,0,26,0,79,0,-58,13,77,0,98,13,98,0,47,13,-93,0,37,13,-45,0,58,13,-22,0,94,13,-17,0,-103,13,-26,0,-80,13,-47,0,-75,13,-79,0,-92,13,-109,0,-108,13]"
CSI_DATA,122160,d8:b1:90:d9:de:f0,-37,9,-99,-35,38,104,-1643892008,98,0,106,0,"[-66,0,-50,18,12,1,-101,18,34,1,140,18,-4,0,86,18,-63,0,59,18,-113,0,67,18,-151,0,94,18,154,0,133,18,-135,0,-119,18,-88,0,-67,18,-47,0,-39,18,-30,0,-48,18,-52,0,-64,18,0,0,0,0,-116,0,-63,18,148,0,-1,18,145,0,88,0,-143,0,-145,0,-92,0,-94,0,-46,0,-90,0,-19,0,-119,0,-12,0,145,0,-29,0,105,0,-48,0,73,0,-72,0,72,0,-102,0,85,0,-113,0]"
CSI_DATA,122161,d8:b1:90:d9:de:f0,-40,11,-99,-37,42,104,-1643308832,100,0,228,0,"[-7,3,-9,6,-12,8,-14,9,-17,10,-19,10,-20,8,89,36,-21,8,-20,6,-19,6,-17,4,-17,4,-16,4,-14,4,-13,5,-11,6,-9,8,-7,8,-5,10,-4,12,-27,-24,0,13,0,14,0,14,0,14,0,13,1,12,0,0,2,8,4,6,4,4,7,2,9,0,11,-2,-75,0,16,-4,18,-6,19,-7,21,-6,21,-7,21,-6,20,-6,20,-5,19,-4,18,-4,17,-4,17,-4,16,-4,-24,0,13,-6,13,-6,12,-7,10,-8,9,-8,8,-7,8,-7,-5,-8,-11,-2,-11,6,-4,13,5,12,12,4,9,-4,-18,0,-4,-5,-6,1,0,6,5,5,10,-2,5,-10,-5,-13,-16,-6,-19,7,-8,21,8,23,23,11,25,-8,9,-9,-8,-24,-21,-10,-20,7,-8,17,6,16,14,4,0,0,0,-13,-9,-8,-13,3,-5,12,6,13,14,4,26,-12,2,-13,-8,-10,-11,0,-7,6,0,7,4,2,3,-3,-1,-4,-5,0,-4,7,3,9,11,4,13,-6,22,-22,-7,-19,-20,-11,-23,5,-14,20,2,25,16,16,20,1]"
CSI_DATA,122162,d8:b1:90:d9:de:f0,-37,11,-99,-35,38,104,-1643298245,277,0,106,0,"[-127,0,-151,18,-58,0,92,18,-48,0,31,18,-73,0,20,18,-107,0,24,18,-148,0,52,18,155,0,95,18,-141,0,-155,18,-113,0,-80,18,-85,0,-8,18,-66,0,40,0,-63,0,66,0,-95,0,67,0,0,0,0,0,110,0,81,0,18,0,112,0,-74,18,-150,0,-154,18,-85,0,112,18,-28,0,103,18,0,1,108,18,-4,0,127,18,-17,0,141,18,-40,0,152,18,-68,0,146,18,-102,0,141,18,-145,0,141,18]"
CSI_DATA,122163,d8:b1:90:d9:de:f0,-37,9,-99,-33,38,104,-1643297801,108,0,106,0,"[117,17,120,0,54,17,-106,0,48,17,-43,0,78,17,-16,0,114,17,-16,0,-147,17,-47,0,-137,17,-80,0,146,17,-123,0,124,17,102,0,90,17,50,0,63,17,5,0,57,17,-6,17,83,17,-11,17,0,0,0,0,-127,17,-43,17,-57,17,-92,17,5,0,130,17,43,0,46,17,61,0,-21,16,54,0,-51,16,34,0,-53,16,8,0,-27,16,5,0,-8,16,3,0,15,17,16,0,40,17,34,0,76,17,53,0]"
CSI_DATA,122164,d8:b1:90:d9:de:f0,-38,9,-99,-34,39,104,-1643297665,101,0,106,0,"[-76,0,64,0,22,1,59,0,69,1,11,0,68,1,-42,15,32,1,-74,15,-4,0,-81,15,-48,0,-62,15,-80,0,-23,15,-102,0,38,0,-105,0,108,0,-108,0,-121,0,-111,0,-113,0,-121,0,-130,0,0,0,0,0,62,0,95,0,-14,15,87,0,-110,15,109,0,79,15,-119,0,36,15,-70,0,27,15,-38,0,54,15,-24,0,85,15,-22,0,113,15,-31,0,130,15,-60,0,-129,15,-93,0,130,15,-129,0,129,15]"
CSI_DATA,122165,d8:b1:90:d9:de:f0,-37,9,-99,-36,39,104,-1643297533,130,0,106,0,"[-79,0,39,0,12,1,38,0,57,1,-1,16,56,1,-44,16,22,1,-77,16,-17,0,-92,16,-52,0,-77,16,-78,0,-31,16,-94,0,39,0,-93,0,96,0,-97,0,-142,0,-97,0,-135,0,-113,0,135,0,0,0,0,0,92,0,113,0,8,0,113,0,-74,16,-135,0,139,16,-89,0,106,16,-35,0,107,16,-1,0,116,16,2,1,138,16,-7,0,-116,16,-20,0,-105,16,-44,0,-106,16,-77,0,-117,16,-107,0,-126,16]"
CSI_DATA,122166,d8:b1:90:d9:de:f0,-38,9,-99,-37,40,104,-1643297425,130,0,106,0,"[3,0,-61,0,29,0,15,1,86,0,44,1,124,0,30,1,-117,0,-8,0,-116,0,-46,0,127,0,-75,0,87,0,-87,0,28,0,-86,0,-27,15,-73,0,-65,15,-64,0,-74,15,-64,0,-65,15,-87,0,0,0,0,0,-60,15,97,0,-91,15,23,0,110,15,-40,15,42,15,-84,15,-14,14,-99,15,-45,14,-85,15,-47,14,-62,15,-30,14,-29,15,-9,14,-13,15,15,15,-6,15,40,15,-13,15,62,15,-27,15,89,15]"
CSI_DATA,122167,d8:b1:90:d9:de:f0,-37,9,-99,-37,39,104,-1643297272,113,0,106,0,"[-76,17,-91,0,-77,17,10,1,-33,17,61,1,16,0,55,1,51,0,32,1,72,0,-12,0,60,0,-49,0,28,0,-75,0,-26,17,-97,0,-84,17,-100,0,-132,17,-100,0,-137,17,-100,0,-122,17,-127,0,0,0,0,0,-91,17,95,0,-108,17,12,0,137,17,-72,17,76,17,-138,17,15,17,131,17,-19,16,142,17,-28,16,-124,17,-17,16,-83,17,2,17,-56,17,18,17,-53,17,48,17,-49,17,79,17,-60,17,103,17]"
CSI_DATA,122168,d8:b1:90:d9:de:f0,-36,9,-99,-35,38,104,-1643237499,148,0,106,0,"[15,0,0,18,-34,18,-68,17,-108,18,-78,17,152,18,-23,17,129,18,31,18,136,18,84,18,152,18,122,18,-118,18,128,18,-66,18,121,18,-25,18,100,18,12,0,86,18,30,0,78,18,36,0,99,18,0,0,0,0,66,0,101,18,110,0,124,18,-149,0,114,18,-108,0,103,18,-77,0,78,18,-74,0,56,18,-96,0,51,18,-129,0,46,18,139,0,53,18,112,0,59,18,97,0,84,18,99,0,117,18,99,0]"
CSI_DATA,122169,d8:b1:90:d9:de:f0,-37,9,-99,-38,39,104,-1643088847,98,0,106,0,"[-28,17,80,17,-68,17,-9,16,-139,17,-43,16,114,17,-22,16,80,17,15,17,77,17,70,17,90,17,106,17,128,17,131,17,-101,17,134,17,-29,17,116,17,19,0,85,17,38,0,78,17,30,0,97,17,0,0,0,0,30,0,-134,17,79,0,-59,17,-133,0,-8,17,-41,0,23,0,34,1,19,0,67,1,-14,17,59,1,-57,17,24,1,-82,17,-20,0,-98,17,-47,0,-98,17,-76,0,-71,17,-90,0,-33,17,-93,0]"
CSI_DATA,122170,d8:b1:90:d9:de:f0,-36,11,-99,-36,38,104,-1642880447,277,0,106,0,"[-159,0,101,18,-140,0,21,18,154,0,-32,17,109,0,-32,17,70,0,-17,17,46,0,23,18,47,0,62,18,76,0,100,18,122,0,148,18,-143,0,-137,18,-100,0,-108,18,-93,0,-95,18,-113,0,-79,18,0,0,0,0,-148,0,-18,18,148,0,65,0,-154,0,152,0,-130,0,-93,0,-105,0,-52,0,-88,0,-45,0,-83,0,-62,0,-89,0,-94,0,-109,0,-118,0,-130,0,-124,0,-149,0,-123,0,143,0,-122,0,129,0]"
CSI_DATA,122171,d8:b1:90:d9:de:f0,-37,9,-99,-36,39,104,-1642879966,224,0,106,0,"[-33,0,-12,16,38,1,-62,16,57,1,-125,16,11,1,108,16,-34,0,81,16,-81,0,102,16,-112,0,123,16,-124,0,-120,16,-116,0,-61,16,-92,0,-11,16,-61,0,23,0,-53,0,24,0,-69,0,19,0,0,0,0,0,-141,0,53,0,98,0,106,0,86,0,-109,0,90,0,-30,0,126,0,14,1,-135,0,16,1,-121,0,-5,0,-112,0,-47,0,-120,0,-80,0,-130,0,-95,0,142,0,-100,0,114,0,-99,0,103,0]"
CSI_DATA,122172,d8:b1:90:d9:de:f0,-36,9,-99,-36,38,104,-1642879785,113,0,106,0,"[49,18,-39,18,-42,17,-1,18,-74,17,70,0,-39,17,137,0,11,18,-146,0,67,18,-146,0,114,18,156,0,133,18,112,0,128,18,41,0,100,18,-8,18,70,18,-42,18,64,18,-42,18,93,18,-30,18,0,0,0,0,-158,18,-57,18,-107,18,-112,18,-99,18,124,18,-109,18,47,18,-142,18,-5,17,149,18,-6,17,132,18,27,18,119,18,73,18,128,18,104,18,135,18,123,18,156,18,129,18,-142,18,128,18,-134,18]"
CSI_DATA,122173,d8:b1:90:d9:de:f0,-37,9,-99,-36,39,104,-1642671048,148,0,106,0,"[-72,0,80,0,10,1,99,0,57,1,87,0,61,1,50,0,42,1,29,0,10,1,19,0,-28,0,21,0,-66,0,49,0,-114,0,100,0,125,0,-130,0,78,0,-85,0,52,0,-68,0,40,0,-78,0,0,0,0,0,4,0,-115,0,-54,16,116,0,-139,16,88,0,67,16,58,0,2,16,47,0,-29,15,56,0,-33,15,66,0,-14,15,72,0,13,16,80,0,44,16,61,0,71,16,29,0,83,16,-14,16,97,16]"
CSI_DATA,122174,d8:b1:90:d9:de:f0,-38,11,-99,-34,39,104,-1642462648,277,0,106,0,"[126,0,-113,0,-63,0,-65,0,5,1,-87,0,31,1,132,0,28,1,79,0,5,1,38,0,-22,0,25,0,-48,0,36,0,-74,0,73,0,-84,0,112,0,-92,0,-129,0,-88,0,-123,0,-101,0,123,0,0,0,0,0,106,0,96,0,43,0,108,0,-18,15,-112,0,-51,15,-43,0,-48,15,20,1,-20,15,46,1,19,0,36,1,49,0,9,1,66,0,-16,0,68,0,-44,0,54,0,-54,0,43,0,-56,0,46,0]"
CSI_DATA,122175,d8:b1:90:d9:de:f0,-39,9,-99,-34,40,104,-1642462185,130,0,106,0,"[-20,14,60,14,-41,14,-10,13,-84,14,-33,13,-113,14,-27,13,115,14,0,14,118,14,28,14,-108,14,47,14,-75,14,56,14,-25,14,64,14,27,0,54,14,68,0,52,14,84,0,59,14,80,0,80,14,0,0,0,0,77,0,-99,14,95,0,-32,14,-97,0,33,0,-45,0,84,0,0,0,104,0,19,0,100,0,22,0,84,0,3,0,63,0,-16,0,55,0,-38,0,62,0,-58,0,76,0,-68,0,96,0,-80,0]"
CSI_DATA,122176,d8:b1:90:d9:de:f0,-39,9,-99,-36,41,104,-1642462041,113,0,106,0,"[108,13,106,13,40,13,68,13,-8,12,77,13,-22,12,107,13,-16,12,-89,13,3,13,-65,13,29,13,-65,13,64,13,-74,13,98,13,-104,13,-98,13,88,13,-78,13,54,13,-70,13,42,13,-57,13,58,13,0,0,0,0,-16,13,-111,13,36,0,-87,13,108,0,-74,13,-45,0,-85,13,1,0,-110,13,9,0,98,13,-9,0,87,13,-40,0,84,13,-63,0,93,13,-67,0,112,13,-67,0,-94,13,-62,0,-70,13,-61,0]"
CSI_DATA,122177,d8:b1:90:d9:de:f0,-39,9,-99,-35,40,104,-1642461932,130,0,106,0,"[-48,14,69,14,-86,14,4,14,119,14,-11,13,92,14,6,14,78,14,35,14,83,14,64,14,102,14,80,14,-111,14,80,14,-70,14,77,14,-27,14,59,14,14,0,45,14,24,0,49,14,25,0,67,14,0,0,0,0,41,0,-120,14,83,0,-65,14,-98,0,-26,14,-33,0,0,14,17,0,-2,14,33,0,-25,14,24,0,-38,14,0,0,-56,14,-24,0,-55,14,-38,0,-40,14,-51,0,-24,14,-49,0,-6,14,-58,0]"
CSI_DATA,122178,d8:b1:90:d9:de:f0,-39,9,-99,-36,41,104,-1642461761,98,0,106,0,"[94,0,-84,0,-76,0,-40,0,-24,0,-39,0,0,0,-72,0,4,0,-110,0,-11,0,94,0,-37,0,79,0,-70,0,88,0,-104,0,113,0,95,0,-78,0,72,0,-50,0,66,0,-45,0,65,0,-64,0,0,0,0,0,28,0,-110,0,-32,13,85,0,-106,13,88,0,52,13,102,0,16,13,-92,0,14,13,-60,0,32,13,-49,0,61,13,-48,0,88,13,-60,0,98,13,-81,0,99,13,-103,0,82,13,110,0,82,13]"
CSI_DATA,122179,d8:b1:90:d9:de:f0,-36,11,-99,-36,38,104,-1642308830,100,0,114,0,"[-28,-10,-31,-12,-32,-16,-32,-18,-32,-18,-30,-20,-27,-20,-27,-20,-26,-18,-25,-18,-25,-18,-23,-18,-25,-17,-25,-18,-25,-18,-27,-20,-28,-20,-28,-20,-30,-21,-31,-20,-31,-20,-31,-20,-32,-20,-31,-20,-31,-20,-30,-18,-30,-18,-30,-20,0,0,-30,-18,-30,-18,-30,-20,-31,-20,-31,-20,-32,-21,-32,-21,-33,-20,-32,-20,-32,-20,-31,-18,-30,-17,-28,-16,-27,-16,-26,-15,-27,-16,-26,-13,-26,-13,-28,-15,-28,-16,-30,-16,-31,-18,-32,-20,-32,-21,-31,-22,-30,-23,-27,-23,-22,-23]"
CSI_DATA,122180,d8:b1:90:d9:de:f0,-37,11,-99,-34,38,104,-1642044849,277,0,106,0,"[22,0,120,17,42,0,40,17,20,0,-15,16,-2,17,-41,16,-34,17,-35,16,-55,17,-21,16,-64,17,-10,16,-53,17,1,17,-14,17,17,17,28,0,42,17,82,0,62,17,111,0,82,17,120,0,96,17,0,0,0,0,91,0,144,17,80,0,-85,17,96,0,10,0,136,0,109,0,-105,0,-124,0,-36,0,-95,0,1,1,-105,0,19,1,-141,0,23,1,130,0,21,1,99,0,-2,0,83,0,-36,0,80,0,-77,0]"
CSI_DATA,122181,d8:b1:90:d9:de:f0,-36,9,-99,-37,38,104,-1642044395,120,0,106,0,"[-133,19,137,0,129,19,-133,0,116,19,-60,0,134,19,-24,0,-161,19,-1,0,-121,19,-1,0,-101,19,-7,0,-104,19,-15,0,-115,19,-45,0,-146,19,-86,0,146,19,-125,0,126,19,-143,0,133,19,-159,0,0,0,0,0,-137,19,150,0,-102,19,75,0,-101,19,-25,19,-124,19,-136,19,146,19,108,19,77,19,76,19,24,19,91,19,-9,18,141,19,-18,18,-143,19,-11,18,-107,19,3,19,-82,19,45,19,-67,19,77,19]"
CSI_DATA,122182,d8:b1:90:d9:de:f0,-37,9,-99,-34,38,104,-1642044264,120,0,106,0,"[127,17,43,0,46,17,64,0,5,17,116,0,5,17,-141,0,30,17,-102,0,49,17,-89,0,77,17,-77,0,85,17,-86,0,89,17,-111,0,84,17,143,0,71,17,99,0,68,17,76,0,68,17,72,0,0,0,0,0,134,17,62,0,-116,17,20,0,-72,17,-60,17,-53,17,137,17,-82,17,48,17,-136,17,-3,16,117,17,-5,16,61,17,22,17,43,17,62,17,30,17,111,17,40,17,144,17,65,17,-149,17,99,17]"
CSI_DATA,122183,d8:b1:90:d9:de:f0,-37,9,-99,-34,38,104,-1642044151,113,0,106,0,"[-133,0,3,0,-45,0,11,0,19,1,1,0,32,1,-22,17,33,1,-42,17,13,1,-38,17,11,1,-36,17,-9,0,-10,17,-42,0,33,0,-76,0,84,0,-114,0,140,0,-140,0,-127,0,143,0,-123,0,0,0,0,0,98,0,136,0,30,0,83,0,-59,17,41,0,131,17,7,0,29,17,4,0,-33,16,29,0,-55,16,48,0,-47,16,77,0,-26,16,98,0,-13,16,102,0,11,17,89,0,42,17,52,0,72,17]"
CSI_DATA,122184,d8:b1:90:d9:de:f0,-37,9,-99,-34,38,104,-1642044015,108,0,106,0,"[-139,17,-117,17,111,17,120,17,60,17,87,17,42,17,90,17,33,17,97,17,36,17,114,17,51,17,112,17,68,17,101,17,120,17,85,17,-120,17,72,17,-51,17,58,17,-9,17,53,17,15,0,61,17,0,0,0,0,24,0,122,17,46,0,-103,17,90,0,-16,17,-144,0,71,0,-72,0,136,0,-13,0,-139,0,21,1,-147,0,34,1,137,0,26,1,115,0,11,1,103,0,-5,0,103,0,-47,0,105,0,-95,0]"
CSI_DATA,122185,d8:b1:90:d9:de:f0,-39,9,-99,-34,40,104,-1641835495,98,0,106,0,"[-16,0,50,0,29,0,20,0,27,0,-17,14,-8,0,-37,14,-44,0,-35,14,-63,0,-19,14,-61,0,7,0,-39,0,38,0,-8,0,60,0,15,0,69,0,16,0,60,0,-4,0,37,0,-43,0,21,0,0,0,0,0,-105,0,48,0,100,0,84,0,89,0,-97,0,92,0,-57,0,113,0,-40,0,118,0,-42,0,112,0,-62,0,107,0,-73,0,98,0,-82,0,98,0,-68,0,111,0,-53,0,-99,0,-53,0,-84,0]"
CSI_DATA,122186,d8:b1:90:d9:de:f0,-40,9,-99,-35,41,104,-1641835337,130,0,106,0,"[20,12,-73,12,-23,12,-51,12,-25,12,-19,12,6,12,8,0,32,12,16,0,57,12,0,12,52,12,-21,12,36,12,-48,12,12,12,-67,12,-7,12,-71,12,-12,12,-67,12,1,12,-44,12,32,12,-25,12,0,0,0,0,101,12,-43,12,-90,12,-81,12,-81,12,94,12,-89,12,52,12,-108,12,35,12,101,12,42,12,107,12,55,12,109,12,77,12,-105,12,82,12,-108,12,67,12,96,12,58,12,73,12,68,12,58,12]"
CSI_DATA,122187,d8:b1:90:d9:de:f0,-41,9,-99,-35,42,104,-1641790336,262,0,106,0,"[-1,11,-28,0,20,0,0,0,43,0,-2,0,50,0,-23,0,44,0,-40,0,27,0,-47,0,9,0,-40,0,-6,11,-10,0,-16,11,19,0,-13,11,35,0,-2,11,34,0,9,0,7,0,18,0,-30,0,0,0,0,0,8,0,-98,0,-33,11,60,0,-90,11,48,0,59,11,47,0,32,11,57,0,23,11,73,0,29,11,84,0,43,11,89,0,47,11,86,0,43,11,93,0,32,11,-90,0,35,11,-66,0,71,11]"
CSI_DATA,122188,d8:b1:90:d9:de:f0,-41,9,-99,-36,43,104,-1641790130,242,0,106,0,"[31,10,-24,10,-1,9,-8,10,-2,9,16,0,14,10,26,0,36,10,21,0,43,10,15,0,35,10,-2,10,16,10,-14,10,-9,9,-24,10,-28,9,-14,10,-24,9,-4,10,-6,9,12,0,28,10,19,0,0,0,0,0,-82,10,4,0,-58,10,-30,10,-47,10,-77,10,-50,10,62,10,-70,10,32,10,-84,10,29,10,89,10,41,10,84,10,52,10,79,10,59,10,74,10,53,10,60,10,48,10,31,10,60,10,22,10]"
CSI_DATA,122189,d8:b1:90:d9:de:f0,-41,9,-99,-37,43,104,-1641783023,130,0,106,0,"[82,0,51,10,88,0,23,10,75,0,16,10,67,0,24,10,66,0,37,10,73,0,53,10,-92,0,53,10,-65,0,45,10,-48,0,34,10,-35,0,24,10,-37,0,26,10,-51,0,31,10,-77,0,56,10,0,0,0,0,65,0,-71,10,69,0,-26,10,90,0,20,0,-66,0,62,0,-34,0,83,0,-18,0,80,0,-18,0,69,0,-26,0,55,0,-33,0,51,0,-27,0,58,0,-16,0,65,0,-1,0,56,0,0,0]"
CSI_DATA,122190,d8:b1:90:d9:de:f0,-42,11,-99,-33,43,104,-1641418150,277,0,106,0,"[-31,9,-35,0,-12,9,20,0,23,0,42,0,58,0,31,0,77,0,6,0,81,0,-20,0,72,0,-40,0,47,0,-59,0,16,0,-69,0,-29,9,-70,0,-64,9,-62,0,-76,9,-51,0,-75,9,-51,0,0,0,0,0,-40,9,81,0,-37,9,40,0,-50,9,-19,9,80,9,-72,9,35,9,61,9,0,9,56,9,-13,9,73,9,-18,9,-61,9,-10,9,-42,9,4,9,-38,9,19,9,-42,9,28,9,-61,9,31,9]"
CSI_DATA,122191,d8:b1:90:d9:de:f0,-42,9,-99,-35,43,104,-1641417696,101,0,106,0,"[-58,10,52,10,80,10,7,10,46,10,4,10,33,10,15,10,32,10,39,10,49,10,55,10,70,10,72,10,-66,10,75,10,-17,10,74,10,35,0,68,10,80,0,63,10,-73,0,59,10,-72,0,66,10,0,0,0,0,70,0,-80,10,55,0,-30,10,49,0,35,0,48,0,-72,0,61,0,-13,0,77,0,15,0,-86,0,19,0,-82,0,7,0,-88,0,-9,0,75,0,-23,0,43,0,-29,0,8,0,-26,0,-13,10]"
CSI_DATA,122192,d8:b1:90:d9:de:f0,-42,9,-99,-33,43,104,-1641417592,252,0,106,0,"[-75,0,-67,0,-27,0,-40,0,8,0,-49,0,15,0,-68,0,6,0,74,0,-12,0,65,0,-35,0,59,0,-69,0,65,0,58,0,82,0,12,0,-65,0,-20,9,-46,0,-38,9,-35,0,-46,9,-35,0,0,0,0,0,-31,9,-82,0,-35,9,38,0,-51,9,-19,9,-81,9,-79,9,48,9,45,9,21,9,27,9,9,9,30,9,3,9,45,9,16,9,59,9,35,9,65,9,57,9,59,9,-82,9,42,9,-68,9]"
CSI_DATA,122193,d8:b1:90:d9:de:f0,-42,11,-99,-34,43,104,-1641308860,100,0,228,0,"[-8,-2,-10,-4,-13,-6,-15,-7,-16,-10,-16,-11,-16,-12,72,30,-14,-13,-12,-13,-12,-13,-10,-12,-10,-12,-10,-11,-9,-10,-8,-9,-8,-7,-7,-5,-7,-3,-7,-1,-6,0,-22,-20,-6,4,-6,5,-6,6,-6,6,-5,6,-4,6,0,0,-2,5,0,4,0,4,3,4,6,4,8,4,-78,0,13,6,16,6,16,7,18,8,18,8,18,8,17,9,16,10,15,9,14,8,14,9,12,8,12,8,-38,0,11,6,10,4,10,4,9,2,9,2,8,0,8,0,2,-4,-2,-6,-6,-4,-8,2,-4,6,2,7,5,3,-10,-16,0,-4,-4,-1,-4,4,0,7,7,6,11,-2,7,-11,-3,-16,-15,-10,-19,3,-12,18,3,22,18,14,15,0,14,-16,-1,-20,-14,-12,-16,1,-9,11,2,12,0,0,8,-3,2,-8,-5,-6,-8,1,-3,8,4,8,20,7,8,-5,1,-8,-4,-6,-6,0,-3,3,0,2,2,0,0,-2,-4,-1,-5,3,-1,8,6,9,13,2,25,-1,5,-17,-8,-18,-19,-9,-21,6,-12,18,2,20,13,12]"
CSI_DATA,122194,d8:b1:90:d9:de:f0,-38,11,-99,-35,39,104,-1641209251,277,0,106,0,"[109,16,-135,0,46,16,-66,0,40,16,-10,0,63,16,9,1,105,16,3,1,131,16,-37,0,-127,16,-74,0,-123,16,137,0,-127,16,51,0,-138,16,-35,16,124,16,-103,16,113,16,-138,16,119,16,135,16,0,0,0,0,-66,16,-97,16,16,0,-90,16,125,0,-89,16,-53,0,-107,16,22,1,138,16,52,1,101,16,39,1,95,16,-10,0,85,16,-40,0,109,16,-82,0,133,16,-106,0,-97,16,-125,0,-26,16,-131,0]"
CSI_DATA,122195,d8:b1:90:d9:de:f0,-38,9,-99,-33,39,104,-1641208761,500,0,106,0,"[-61,15,62,15,-119,15,-19,14,76,15,-32,14,43,15,-4,14,34,15,42,15,51,15,90,15,84,15,129,15,-115,15,-110,15,-31,15,-109,15,56,0,-121,15,116,0,118,15,-123,0,96,15,126,0,95,15,0,0,0,0,79,0,-86,15,64,0,0,0,89,0,110,0,-119,0,-61,0,-55,0,-6,0,-11,0,2,1,9,1,-40,0,-2,0,-82,0,-27,0,-123,0,-63,0,99,0,-126,0,95,0,73,0,111,0,31,0]"
CSI_DATA,122196,d8:b1:90:d9:de:f0,-38,9,-99,-34,39,104,-1641208506,500,0,106,0,"[56,15,15,0,-29,14,47,0,-62,14,98,0,-44,14,-126,0,-2,14,-105,0,42,15,-109,0,85,15,-129,0,119,15,82,0,-130,15,5,0,-128,15,-80,15,132,15,130,15,116,15,103,15,116,15,113,15,0,0,0,0,-81,15,-108,15,-3,15,-92,15,103,0,-109,15,-80,0,117,15,-19,0,56,15,-19,0,12,15,-50,0,-2,14,-97,0,7,15,-133,0,27,15,105,0,64,15,98,0,124,15,118,0,-88,15,-127,0]"
CSI_DATA,122197,d8:b1:90:d9:de:f0,-37,9,-99,-37,39,104,-1641208215,500,0,106,0,"[-66,0,-1,17,28,1,-33,17,72,1,-93,17,45,1,144,17,-2,0,114,17,-51,0,114,17,-105,0,142,17,-137,0,-98,17,146,0,-10,17,-143,0,75,0,-121,0,137,0,-98,0,-137,0,-97,0,143,0,0,0,0,0,118,0,94,0,23,0,97,0,-77,17,139,0,135,17,-78,0,102,17,2,1,113,17,47,1,-135,17,61,1,-95,17,45,1,-51,17,8,1,-25,17,-50,0,-40,17,-108,0,-86,17,135,0,-129,17]"
CSI_DATA,122198,d8:b1:90:d9:de:f0,-36,9,-99,-36,38,104,-1640999853,119,0,106,0,"[-23,18,124,18,-26,18,18,18,-69,18,-44,17,-117,18,-60,17,159,18,-42,17,152,18,-3,17,153,18,36,18,-123,18,69,18,-54,18,108,18,50,0,124,18,135,0,125,18,-147,0,114,18,-146,0,115,18,0,0,0,0,120,0,-147,18,112,0,-51,18,133,0,64,0,-139,0,-144,0,-74,0,-76,0,-17,0,-61,0,10,1,-76,0,8,1,-129,0,-20,0,151,0,-56,0,127,0,-114,0,125,0,139,0,149,0,100,0]"
CSI_DATA,122199,d8:b1:90:d9:de:f0,-37,9,-99,-38,39,104,-1640999731,119,0,106,0,"[-116,17,-146,17,121,17,73,17,46,17,51,17,3,17,83,17,-16,16,121,17,0,17,-146,17,21,17,-111,17,72,17,-105,17,148,17,-125,17,-73,17,134,17,-17,17,87,17,4,0,54,17,5,0,53,17,0,0,0,0,-4,17,129,17,52,0,-96,17,136,0,-34,17,-65,0,10,0,24,1,13,0,73,1,-13,17,77,1,-47,17,43,1,-85,17,-3,0,-99,17,-52,0,-93,17,-89,0,-55,17,-118,0,4,0,-122,0]"
CSI_DATA,122200,d8:b1:90:d9:de:f0,-35,11,-99,-36,37,104,-1640791452,277,0,106,0,"[33,21,57,0,-35,19,111,0,-56,19,169,0,-19,19,-166,0,24,21,-172,0,67,21,-180,0,84,21,148,0,104,21,100,0,115,21,35,0,137,21,-45,21,153,21,-107,21,176,21,-145,21,-149,21,-151,21,0,0,0,0,-43,21,-163,21,53,0,-179,21,155,0,129,21,-118,0,74,21,-88,0,21,21,-87,0,-1,19,-124,0,8,21,-161,0,29,21,165,0,83,21,159,0,117,21,172,0,176,21,-175,0,-141,21,-166,0]"
CSI_DATA,122201,d8:b1:90:d9:de:f0,-36,9,-99,-34,37,104,-1640790980,98,0,106,0,"[45,20,120,0,-9,18,-136,0,5,20,-53,0,60,20,-41,0,106,20,-34,0,168,20,-60,0,-150,20,-92,0,-146,20,-133,0,-162,20,141,0,166,20,66,0,144,20,21,0,141,20,-4,20,153,20,-18,20,0,0,0,0,-102,20,-94,20,-48,20,-160,20,-8,20,78,20,-8,20,-24,18,-44,20,-88,18,-89,20,-98,18,-122,20,-58,18,-140,20,-5,18,-132,20,64,20,-112,20,96,20,-76,20,118,20,-36,20,136,20,-12,20]"
CSI_DATA,122202,d8:b1:90:d9:de:f0,-37,9,-99,-37,39,104,-1640582090,119,0,106,0,"[-47,17,-118,0,-54,17,-16,0,0,0,50,1,61,0,63,1,117,0,33,1,144,0,-17,0,144,0,-64,0,103,0,-103,0,23,0,-120,0,-68,17,-109,0,-129,17,-64,0,-138,17,-26,0,-114,17,-10,0,0,0,0,0,-24,17,-88,0,-39,17,122,0,-107,17,34,0,87,17,-25,17,-10,16,-32,17,-66,16,8,0,-73,16,64,0,-35,16,107,0,16,17,124,0,62,17,116,0,86,17,73,0,84,17,24,0,55,17]"
CSI_DATA,122203,d8:b1:90:d9:de:f0,-36,9,-99,-36,38,104,-1640581968,130,0,106,0,"[93,0,-143,0,151,0,-59,0,-90,0,-37,0,-35,0,-73,0,-12,0,-129,0,-23,0,140,0,-50,0,105,0,-98,0,99,0,157,0,135,0,100,0,-119,0,73,0,-60,0,84,0,-20,0,108,0,-33,0,0,0,0,0,132,0,-115,0,59,0,135,0,-47,18,132,0,-158,18,152,0,89,18,-109,0,73,18,-45,0,105,18,-10,0,158,18,-1,0,-118,18,-15,0,-91,18,-49,0,-100,18,-91,0,-135,18,-118,0,-161,18]"
CSI_DATA,122204,d8:b1:90:d9:de:f0,-37,9,-99,-37,39,104,-1640581824,119,0,106,0,"[-131,0,90,0,-40,0,124,0,32,1,90,0,56,1,30,0,45,1,-21,17,6,1,-72,17,-41,0,-78,17,-76,0,-54,17,-106,0,4,0,-109,0,88,0,-90,0,144,0,-51,0,-136,0,-34,0,132,0,0,0,0,0,-94,0,62,0,124,0,61,0,35,0,114,0,-16,17,-90,0,-19,17,3,1,15,0,50,1,64,0,53,1,109,0,20,1,128,0,-16,0,122,0,-63,0,91,0,-78,0,61,0,-77,0,43,0]"
CSI_DATA,122205,d8:b1:90:d9:de:f0,-38,9,-99,-35,39,104,-1640581675,113,0,106,0,"[-78,16,-124,0,-125,16,-34,0,-118,16,29,1,-92,16,53,1,-61,16,42,1,-30,16,18,1,-29,16,-22,0,-50,16,-82,0,-97,16,133,0,107,16,64,0,34,16,26,0,-3,15,20,0,-2,15,32,0,0,0,0,0,75,16,35,0,-126,16,-1,16,-52,16,-93,16,-1,16,82,16,16,0,-10,15,-1,16,-58,15,-26,16,-57,15,-54,16,-34,15,-54,16,-2,15,-34,16,32,16,3,0,67,16,62,0,85,16,110,0]"
CSI_DATA,122206,d8:b1:90:d9:de:f0,-37,9,-99,-37,39,104,-1640581539,113,0,106,0,"[-112,0,-54,17,-18,0,-79,17,24,1,-130,17,15,1,131,17,-10,0,110,17,-47,0,109,17,-77,0,133,17,-100,0,-108,17,-106,0,-27,17,-102,0,69,0,-81,0,138,0,-62,0,-123,0,-57,0,-128,0,0,0,0,0,-116,0,120,0,93,0,101,0,-16,17,121,0,-116,17,-128,0,107,17,-63,0,87,17,-19,0,99,17,2,1,127,17,-5,0,-140,17,-30,0,-130,17,-65,0,-144,17,-114,0,117,17,138,0,86,17]"
CSI_DATA,122207,d8:b1:90:d9:de:f0,-36,11,-99,-36,38,104,-1640308782,100,0,114,0,"[-32,1,-37,-2,-40,-5,-40,-6,-39,-7,-39,-8,-35,-8,-35,-10,-35,-8,-33,-10,-32,-7,-32,-7,-32,-8,-32,-6,-33,-7,-35,-6,-36,-6,-37,-7,-39,-6,-39,-6,-40,-6,-40,-6,-40,-6,-39,-5,-36,-5,-37,-5,-36,-3,-37,-5,0,0,-35,-5,-35,-3,-35,-5,-36,-3,-39,-3,-37,-3,-39,-2,-37,-3,-37,-2,-36,-1,-36,-1,-33,-1,-32,0,-31,0,-30,0,-30,0,-28,0,-30,1,-30,1,-31,1,-32,1,-33,1,-33,0,-35,0,-35,0,-33,-2,-32,-3,-28,-5]"
CSI_DATA,122208,d8:b1:90:d9:de:f0,-35,11,-99,-35,37,104,-1640164754,277,0,106,0,"[160,0,-130,0,-124,0,-82,0,-69,0,-80,0,-39,0,-120,0,-19,0,-155,0,-13,0,159,0,-12,0,129,0,-26,0,115,0,-64,0,119,0,-115,0,127,0,-174,0,149,0,138,0,164,0,105,0,170,0,0,0,0,0,41,0,-175,0,-23,20,170,0,-100,20,-156,0,174,20,-107,0,134,20,-41,0,131,20,5,1,163,20,26,1,-141,20,38,1,-80,20,30,1,-42,20,9,1,-16,20,-20,0,-16,20,-64,0,-17,20]"
CSI_DATA,122209,d8:b1:90:d9:de:f0,-35,9,-99,-36,37,104,-1640164273,113,0,106,0,"[-127,0,137,0,-53,0,169,0,-8,0,166,0,4,1,148,0,12,1,129,0,-4,0,110,0,-9,0,103,0,-28,0,111,0,-74,0,129,0,-144,0,149,0,142,0,172,0,84,0,-179,0,40,0,-166,0,0,0,0,0,-40,21,161,0,-105,21,121,0,163,21,84,0,66,21,64,0,-7,19,63,0,-57,19,74,0,-69,19,100,0,-46,19,124,0,-11,19,137,0,19,21,144,0,55,21,128,0,97,21,93,0,137,21]"
CSI_DATA,122210,d8:b1:90:d9:de:f0,-35,9,-99,-34,36,104,-1640164110,119,0,106,0,"[17,0,-95,0,25,0,-17,0,55,0,17,1,70,0,19,1,89,0,20,1,91,0,0,1,91,0,-5,0,77,0,-14,0,35,0,-46,0,-13,22,-89,0,-77,22,-137,0,-128,22,-178,0,-152,22,164,0,0,0,0,0,-181,22,89,0,-190,22,5,0,157,22,-80,22,115,22,-173,22,70,22,145,22,35,22,115,22,14,22,122,22,13,22,154,22,22,22,184,22,29,22,-173,22,67,22,-164,22,122,22,-155,22,176,22]"
CSI_DATA,122211,d8:b1:90:d9:de:f0,-35,9,-99,-36,37,104,-1640163979,113,0,106,0,"[-151,21,-134,0,176,21,-57,0,-177,21,-11,0,-146,21,8,1,-118,21,15,1,-108,21,7,1,-90,21,-4,0,-83,21,-22,0,-100,21,-67,0,-125,21,-134,0,-146,21,166,0,-172,21,110,0,176,21,76,0,0,0,0,0,-166,21,-4,21,-144,21,-77,21,-134,21,-172,21,-144,21,96,21,-165,21,15,21,161,21,-19,19,134,21,-8,19,113,21,18,21,103,21,57,21,98,21,100,21,118,21,137,21,165,21,152,21,-141,21]"
CSI_DATA,122212,d8:b1:90:d9:de:f0,-35,9,-99,-34,36,104,-1640163816,119,0,106,0,"[89,22,-5,22,10,22,2,0,-29,20,34,0,-35,20,62,0,-22,20,83,0,-8,20,107,0,4,22,109,0,19,22,109,0,40,22,73,0,83,22,19,0,130,22,-43,22,170,22,-88,22,-182,22,-116,22,0,0,0,0,-106,22,-160,22,-43,22,-185,22,40,0,142,22,113,0,80,22,149,0,16,22,163,0,-29,20,136,0,-53,20,101,0,-50,20,68,0,-34,20,41,0,-11,20,28,0,20,22,29,0,65,22,40,0]"
CSI_DATA,122213,d8:b1:90:d9:de:f0,-36,9,-99,-36,37,104,-1640163685,98,0,106,0,"[155,21,-162,21,76,21,163,21,16,21,169,21,-4,19,-161,21,-7,19,-125,21,5,21,-96,21,11,21,-81,21,29,21,-74,21,70,21,-83,21,129,21,-114,21,-173,21,-142,21,-131,21,-175,21,-97,21,-176,21,0,0,0,0,-32,21,-175,21,42,0,-159,21,129,0,-166,21,-139,0,161,21,-74,0,111,21,-50,0,67,21,-77,0,46,21,-120,0,26,21,-163,0,26,21,156,0,31,21,134,0,63,21,122,0,118,21,114,0]"
CSI_DATA,122214,d8:b1:90:d9:de:f0,-36,9,-99,-33,37,104,-1640163580,124,0,106,0,"[-93,0,81,0,-15,0,93,0,27,1,69,0,42,1,33,0,37,1,-2,19,25,1,-22,19,16,1,-36,19,-2,0,-45,19,-42,0,-23,19,-85,0,23,0,-125,0,60,0,-160,0,99,0,145,0,121,0,0,0,0,0,82,0,147,0,25,0,156,0,-49,19,-133,0,-106,19,-73,0,-143,19,-7,0,-147,19,38,1,-117,19,60,1,-71,19,51,1,-32,19,40,1,6,0,19,1,20,0,-20,0,3,0,-69,0,-9,19]"
CSI_DATA,122215,d8:b1:90:d9:de:f0,-35,9,-99,-35,37,104,-1640163449,130,0,106,0,"[161,0,-138,0,-119,0,-89,0,-59,0,-85,0,-26,0,-112,0,-16,0,-149,0,-16,0,163,0,-15,0,142,0,-32,0,127,0,-78,0,122,0,-131,0,141,0,156,0,161,0,107,0,-167,0,78,0,-166,0,0,0,0,0,17,0,-174,0,-39,20,160,0,-133,20,168,0,131,20,-156,0,68,20,-107,0,48,20,-56,0,79,20,-17,0,130,20,-1,0,-175,20,2,1,-130,20,-6,0,-100,20,-38,0,-87,20,-91,0,-90,20]"
CSI_DATA,122216,d8:b1:90:d9:de:f0,-35,9,-99,-34,36,104,-1640163342,113,0,106,0,"[-134,22,-122,0,-148,22,-38,0,-122,22,19,1,-86,22,34,1,-46,22,32,1,-10,22,20,1,13,0,14,1,25,0,1,1,5,0,-40,0,-35,22,-92,0,-71,22,-140,0,-109,22,-182,0,-130,22,169,0,0,0,0,0,-157,22,115,0,-179,22,47,0,142,22,-28,22,73,22,-85,22,-2,20,-113,22,-55,20,-104,22,-71,20,-61,22,-55,20,-13,22,-34,20,25,0,-10,20,70,0,28,22,77,0,76,22,77,0,128,22]"
CSI_DATA,122217,d8:b1:90:d9:de:f0,-36,9,-99,-37,38,104,-1639955382,130,0,106,0,"[41,0,66,19,44,0,-11,18,7,0,-55,18,-23,19,-63,18,-57,19,-41,18,-85,19,-14,18,-103,19,14,19,-94,19,47,19,-50,19,95,19,9,0,145,19,80,0,-137,19,130,0,-115,19,151,0,-94,19,0,0,0,0,-156,0,-60,19,-155,0,5,0,-121,0,80,0,-89,0,155,0,-40,0,-126,0,2,1,-114,0,19,1,-133,0,22,1,160,0,16,1,115,0,-16,0,77,0,-58,0,59,0,-114,0,60,0,154,0]"
CSI_DATA,122218,d8:b1:90:d9:de:f0,-37,11,-99,-34,38,104,-1639746955,277,0,106,0,"[70,17,91,0,8,17,143,0,2,17,-118,0,24,17,-96,0,55,17,-89,0,76,17,-91,0,97,17,-110,0,95,17,-140,0,98,17,114,0,106,17,67,0,115,17,9,0,128,17,-34,17,147,17,-67,17,0,0,0,0,-115,17,-124,17,-71,17,144,17,-17,17,87,17,20,0,26,17,42,0,-39,16,36,0,-65,16,32,0,-62,16,3,0,-49,16,-21,17,-28,16,-35,17,-2,16,-26,17,36,17,-13,17,70,17,9,0]"
CSI_DATA,122219,d8:b1:90:d9:de:f0,-37,9,-99,-32,38,104,-1639746474,113,0,106,0,"[95,16,-138,16,10,16,-140,16,-39,15,-99,16,-48,15,-52,16,-20,15,-15,16,-3,15,5,0,19,16,14,0,44,16,8,0,74,16,-14,16,107,16,-43,16,-134,16,-78,16,-108,16,-105,16,-85,16,-123,16,0,0,0,0,-29,16,-133,16,19,0,-142,16,84,0,103,16,141,0,54,16,-125,0,3,16,-126,0,-39,15,124,0,-49,15,79,0,-54,15,38,0,-39,15,8,0,0,16,-7,16,38,16,0,0,78,16,19,0]"
CSI_DATA,122220,d8:b1:90:d9:de:f0,-37,9,-99,-34,38,104,-1639746365,119,0,106,0,"[-104,17,76,17,129,17,32,17,72,17,33,17,45,17,74,17,42,17,105,17,47,17,147,17,59,17,-140,17,77,17,-133,17,123,17,-141,17,-142,17,149,17,-89,17,139,17,-48,17,128,17,-17,17,135,17,0,0,0,0,30,0,135,17,82,0,-148,17,-152,0,147,17,-85,0,134,17,-33,0,101,17,-17,0,65,17,-41,0,39,17,-77,0,32,17,-121,0,27,17,143,0,34,17,124,0,62,17,105,0,104,17,103,0]"
CSI_DATA,122221,d8:b1:90:d9:de:f0,-36,9,-99,-32,37,104,-1639746234,130,0,106,0,"[16,0,50,18,-22,18,-21,17,-78,18,-44,17,-123,18,-18,17,-149,18,10,18,-156,18,50,18,158,18,69,18,-149,18,86,18,-105,18,105,18,-62,18,114,18,-7,18,122,18,32,0,132,18,52,0,144,18,0,0,0,0,95,0,-151,18,139,0,-110,18,-110,0,-86,18,-31,0,-75,18,28,1,-94,18,54,1,-125,18,37,1,159,18,-2,0,129,18,-46,0,108,18,-81,0,103,18,-127,0,119,18,-153,0,-161,18,153,0]"
CSI_DATA,122222,d8:b1:90:d9:de:f0,-37,9,-99,-34,38,104,-1639746099,119,0,106,0,"[51,17,24,0,-13,16,73,0,-22,16,131,0,3,17,-128,0,48,17,-106,0,76,17,-99,0,104,17,-103,0,122,17,-117,0,127,17,147,0,124,17,101,0,128,17,54,0,124,17,17,0,127,17,-7,17,0,0,0,0,149,17,-47,17,-143,17,-97,17,-146,17,136,17,148,17,72,17,110,17,20,17,73,17,10,17,46,17,41,17,28,17,80,17,26,17,128,17,26,17,-133,17,58,17,-102,17,99,17,-93,17,144,17]"
CSI_DATA,122223,d8:b1:90:d9:de:f0,-37,9,-99,-33,38,104,-1639745968,113,0,106,0,"[107,17,-137,0,71,17,-71,0,72,17,-30,0,101,17,-13,0,127,17,-31,0,137,17,-46,0,144,17,-73,0,-147,17,-103,0,136,17,145,0,132,17,80,0,133,17,16,0,144,17,-31,17,-139,17,-64,17,0,0,0,0,-86,17,-115,17,-31,17,-146,17,30,0,91,17,86,0,39,17,125,0,-16,16,139,0,-43,16,124,0,-48,16,99,0,-39,16,71,0,-23,16,60,0,9,17,50,0,50,17,66,0,98,17,81,0]"
CSI_DATA,122224,d8:b1:90:d9:de:f0,-38,9,-99,-34,39,104,-1639745823,113,0,106,0,"[74,0,-54,0,122,0,-5,0,-110,0,5,1,-94,0,-14,0,-85,0,-37,0,-104,0,-57,0,-114,0,-72,0,133,0,-77,0,88,0,-88,0,32,0,-105,0,-24,15,-120,0,-67,15,127,0,-91,15,105,0,0,0,0,0,-121,15,60,0,130,15,-5,15,92,15,-69,15,48,15,-132,15,10,15,101,15,-19,14,86,15,-28,14,94,15,-22,14,123,15,-6,14,-116,15,13,15,-95,15,44,15,-83,15,99,15,-86,15,-122,15]"
CSI_DATA,122225,d8:b1:90:d9:de:f0,-38,9,-99,-36,40,104,-1639537556,224,0,106,0,"[-70,15,-60,0,-67,15,13,1,-48,15,46,1,-23,15,49,1,-5,15,27,1,-1,15,5,1,-3,15,-19,0,-21,15,-49,0,-49,15,-88,0,-87,15,121,0,-114,15,80,0,-128,15,50,0,-121,15,27,0,0,0,0,0,-69,15,-39,15,-22,15,-95,15,18,0,82,15,42,0,-3,14,37,0,-63,14,23,0,-93,14,-4,15,-79,14,-26,15,-50,14,-32,15,-12,14,-34,15,24,15,-14,15,64,15,22,0,96,15,43,0]"
CSI_DATA,122226,d8:b1:90:d9:de:f0,-38,11,-99,-36,40,104,-1639329156,277,0,106,0,"[-37,0,-38,15,28,1,-73,15,45,1,-119,15,23,1,125,15,-9,0,127,15,-42,0,-107,15,-54,0,-72,15,-65,0,-25,15,-64,0,37,0,-71,0,87,0,-87,0,118,0,-108,0,120,0,112,0,106,0,0,0,0,0,14,0,66,0,-71,15,43,0,95,15,44,0,21,15,49,0,-23,14,51,0,-35,14,57,0,-19,14,51,0,4,15,43,0,24,15,28,0,31,15,5,0,31,15,-20,15,35,15,-36,15,55,15]"
CSI_DATA,122227,d8:b1:90:d9:de:f0,-38,9,-99,-35,39,104,-1639328657,101,0,106,0,"[52,16,61,0,-19,15,115,0,-30,15,-114,0,5,16,-87,0,45,16,-90,0,75,16,-117,0,89,16,126,0,82,16,73,0,69,16,15,0,52,16,-33,16,53,16,-63,16,66,16,-66,16,110,16,-61,16,0,0,0,0,-55,16,-69,16,25,0,-88,16,103,0,136,16,-119,0,82,16,-88,0,45,16,-87,0,32,16,-102,0,44,16,-122,0,59,16,-127,0,86,16,-119,0,105,16,-100,0,119,16,-87,0,129,16,-106,0]"
CSI_DATA,122228,d8:b1:90:d9:de:f0,-37,9,-99,-37,39,104,-1639328552,130,0,106,0,"[-86,0,-138,17,-38,0,94,17,-39,0,41,17,-75,0,25,17,-105,0,39,17,-132,0,71,17,-129,0,107,17,-109,0,-147,17,-83,0,-95,17,-54,0,-49,17,-46,0,-18,17,-70,0,-4,17,-107,0,2,0,0,0,0,0,85,0,56,0,15,0,107,0,-42,17,-112,0,-75,17,-36,0,-86,17,6,1,-87,17,23,1,-81,17,11,1,-71,17,-15,0,-71,17,-35,0,-88,17,-48,0,-105,17,-57,0,-112,17,-63,0,-95,17]"
CSI_DATA,122229,d8:b1:90:d9:de:f0,-38,9,-99,-36,39,104,-1639328417,113,0,106,0,"[131,16,106,16,43,16,76,16,-14,15,95,16,-13,15,141,16,2,16,-114,16,42,16,-96,16,79,16,-102,16,108,16,-124,16,-135,16,120,16,-106,16,86,16,-88,16,66,16,-70,16,76,16,-53,16,122,16,0,0,0,0,12,0,-88,16,89,0,-29,16,-105,0,-10,16,-23,0,-3,16,23,1,-14,16,32,1,-29,16,13,1,-44,16,-13,0,-37,16,-40,0,-34,16,-46,0,-19,16,-44,0,-3,16,-43,0,8,0,-61,0]"
CSI_DATA,122230,d8:b1:90:d9:de:f0,-37,9,-99,-36,39,104,-1639328299,113,0,106,0,"[-84,0,-140,16,-39,0,74,16,-46,0,25,16,-86,0,6,16,-122,0,22,16,-142,0,56,16,-141,0,89,16,-123,0,125,16,-92,0,-116,16,-57,0,-80,16,-44,0,-56,16,-59,0,-42,16,-96,0,-29,16,0,0,0,0,104,0,40,0,46,0,99,0,19,0,-100,0,6,0,-25,0,12,0,24,1,20,0,38,1,31,0,16,1,30,0,-10,0,28,0,-29,0,11,0,-34,0,-5,16,-33,0,-17,16,-34,0,-7,16]"
CSI_DATA,122231,d8:b1:90:d9:de:f0,-38,9,-99,-35,39,104,-1639328163,119,0,106,0,"[47,16,-62,16,-30,15,-47,16,-63,15,-6,16,-50,15,31,0,-17,15,54,0,17,16,55,0,40,16,37,0,50,16,2,0,57,16,-41,16,62,16,-88,16,78,16,-113,16,101,16,-103,16,135,16,-87,16,0,0,0,0,-39,16,-85,16,34,0,-93,16,116,0,-139,16,-107,0,92,16,-89,0,54,16,-87,0,30,16,-101,0,29,16,-128,0,41,16,-136,0,55,16,-134,0,73,16,-131,0,77,16,-128,0,80,16,125,0]"
CSI_DATA,122232,d8:b1:90:d9:de:f0,-39,9,-99,-35,40,104,-1639328015,119,0,106,0,"[-31,0,50,0,42,0,26,0,63,0,-21,14,44,0,-62,14,9,0,-77,14,-22,0,-81,14,-43,0,-62,14,-49,0,-30,14,-52,0,13,0,-52,0,45,0,-54,0,61,0,-74,0,63,0,-104,0,54,0,0,0,0,0,39,0,62,0,-20,14,89,0,-79,14,-102,0,-112,14,-50,0,-118,14,-4,0,-113,14,10,0,-93,14,3,0,-75,14,-13,0,-69,14,-28,0,-68,14,-32,0,-77,14,-37,0,-73,14,-38,0,-50,14]"
CSI_DATA,122233,d8:b1:90:d9:de:f0,-38,9,-99,-34,39,104,-1639327884,108,0,106,0,"[-73,0,126,0,9,1,127,0,49,1,87,0,48,1,52,0,23,1,18,0,-12,0,2,0,-37,0,16,0,-55,0,42,0,-72,0,85,0,-77,0,127,0,-88,0,-120,0,-106,0,-131,0,130,0,110,0,0,0,0,0,48,0,93,0,-31,15,95,0,-109,15,-128,0,108,15,-83,0,87,15,-40,0,99,15,-21,0,122,15,-22,0,-122,15,-34,0,-116,15,-51,0,-120,15,-63,0,-123,15,-68,0,-122,15,-66,0,-101,15]"
CSI_DATA,122234,d8:b1:90:d9:de:f0,-39,11,-99,-33,40,104,-1639287682,100,0,228,0,"[2,-11,0,-14,0,-17,0,-19,0,-22,0,-23,1,-25,99,41,3,-25,4,-24,5,-24,5,-23,6,-22,7,-21,6,-20,6,-19,4,-17,3,-16,1,-13,0,-12,-2,-10,-31,-27,-8,-7,-11,-6,-11,-7,-12,-6,-13,-5,-12,-5,0,0,-12,-3,-11,-1,-11,0,-11,1,-11,4,-10,8,113,13,-11,14,-12,17,-13,19,-15,20,-16,21,-16,20,-17,19,-18,19,-17,17,-17,15,-17,13,-16,12,-15,11,58,13,-11,10,-10,9,-7,9,-5,9,-3,10,-2,10,-1,9,9,0,6,-9,-2,-13,-11,-7,-14,1,-8,11,2,13,14,-18,11,-4,3,-11,-6,-9,-11,0,-6,10,5,13,15,6,17,-9,6,-21,-12,-22,-26,-8,-27,13,-10,30,7,21,29,12,28,-10,12,-25,-7,-24,-19,-11,-18,4,0,0,5,11,11,2,7,-7,-2,-10,-11,-3,-10,7,-11,25,11,10,14,0,9,-11,-1,-12,-9,-6,-9,2,-1,7,5,5,7,-2,0,-9,-8,-8,-14,0,-11,13,-12,32,16,17,27,1,23,-17,7,-29,-12,-25,-25,-11,-23,5]"
CSI_DATA,122235,d8:b1:90:d9:de:f0,-36,9,-99,-34,37,104,-1639271363,130,0,106,0,"[118,20,166,20,40,20,126,20,-29,18,148,20,-57,18,-141,20,-68,18,-68,20,-37,18,-22,20,1,20,16,0,49,20,16,0,116,20,-25,20,162,20,-100,20,-162,20,169,20,-168,20,133,20,161,20,137,20,0,0,0,0,-149,20,-154,20,-65,20,-148,20,21,0,141,20,85,0,61,20,96,0,-29,18,56,0,-88,18,-1,20,-86,18,-61,20,-42,18,-98,20,13,20,-104,20,69,20,-74,20,116,20,-18,20,137,20,12,0]"
CSI_DATA,122236,d8:b1:90:d9:de:f0,-38,9,-99,-35,39,104,-1639218782,98,0,106,0,"[85,0,-62,0,129,0,8,1,-106,0,26,1,-90,0,8,1,-82,0,-21,0,-101,0,-51,0,-125,0,-82,0,103,0,-98,0,32,0,-116,0,-44,16,-129,0,-100,16,-138,0,-129,16,130,0,-127,16,110,0,0,0,0,0,-97,16,23,0,-75,16,-59,16,-80,16,112,16,-99,16,25,16,-127,16,-39,15,131,16,-47,15,125,16,-22,15,136,16,17,16,-124,16,47,16,-99,16,70,16,-57,16,82,16,-14,16,94,16,9,0]"
CSI_DATA,122237,d8:b1:90:d9:de:f0,-37,9,-99,-35,38,104,-1639183772,310,0,106,0,"[-86,0,-116,18,-30,0,128,18,-26,0,66,18,-62,0,22,18,-121,0,6,18,139,0,11,18,106,0,30,18,86,0,73,18,99,0,129,18,132,0,-125,18,-138,0,-88,18,-110,0,-70,18,-114,0,-62,18,0,0,0,0,150,0,-22,18,140,0,37,0,-154,0,124,0,-110,0,-111,0,-47,0,-68,0,1,1,-81,0,11,1,-125,0,4,1,124,0,-14,0,78,0,-34,0,59,0,-75,0,50,0,-112,0,61,0,-136,0]"
CSI_DATA,122238,d8:b1:90:d9:de:f0,-37,9,-99,-36,39,104,-1639183505,290,0,106,0,"[63,16,50,0,-10,15,78,0,-43,15,120,0,-33,15,-129,0,-5,15,-118,0,24,16,-120,0,58,16,-141,0,89,16,113,0,115,16,47,0,133,16,-32,16,141,16,-100,16,-141,16,-140,16,-129,16,139,16,0,0,0,0,-63,16,-123,16,14,0,-118,16,111,0,-140,16,-89,0,104,16,-35,0,61,16,-21,0,35,16,-50,0,25,16,-89,0,29,16,-117,0,51,16,-138,0,80,16,141,0,126,16,-138,0,-108,16,-134,0]"
CSI_DATA,122239,d8:b1:90:d9:de:f0,-38,9,-99,-34,39,104,-1639175411,130,0,106,0,"[87,15,91,0,22,15,-129,0,3,15,-75,0,30,15,-28,0,67,15,-8,0,113,15,-14,0,-123,15,-37,0,-101,15,-75,0,-97,15,124,0,-120,15,45,0,113,15,-7,15,87,15,-32,15,82,15,-31,15,0,0,0,0,-124,15,-40,15,-67,15,-79,15,-16,15,113,15,6,0,24,15,-10,15,-49,14,-42,15,-79,14,-79,15,-65,14,-110,15,-26,14,-117,15,16,15,-110,15,59,15,-81,15,93,15,-38,15,113,15,0,0]"
CSI_DATA,122240,d8:b1:90:d9:de:f0,-38,9,-99,-35,39,104,-1639174959,113,0,106,0,"[-101,16,-88,0,-117,16,-16,0,-90,16,43,1,-47,16,63,1,2,0,53,1,40,0,25,1,59,0,-9,0,56,0,-52,0,9,0,-98,0,-53,16,-137,0,-111,16,129,0,135,16,128,0,135,16,127,0,0,0,0,0,-117,16,89,0,-117,16,17,0,113,16,-59,16,45,16,-116,16,-16,15,-131,16,-61,15,-115,16,-70,15,-62,16,-45,15,-20,16,-9,15,10,0,29,16,27,0,69,16,15,0,103,16,-11,16,123,16]"
CSI_DATA,122241,d8:b1:90:d9:de:f0,-37,9,-99,-34,38,104,-1639174715,113,0,106,0,"[-90,0,-87,17,-4,0,-111,17,34,1,-150,17,30,1,129,17,8,1,114,17,-26,0,118,17,-57,0,131,17,-86,0,-128,17,-117,0,-48,17,-141,0,40,0,149,0,117,0,141,0,-139,0,125,0,-131,0,0,0,0,0,58,0,-144,0,-23,17,128,0,-135,17,135,0,73,17,148,0,1,17,-121,0,-27,16,-101,0,-7,16,-91,0,28,17,-97,0,59,17,-116,0,86,17,-136,0,108,17,117,0,116,17,57,0,125,17]"
CSI_DATA,122242,d8:b1:90:d9:de:f0,-38,9,-99,-35,39,104,-1638910894,130,0,106,0,"[51,0,39,16,50,0,-35,15,15,0,-74,15,-17,16,-64,15,-44,16,-40,15,-47,16,-3,15,-44,16,27,16,-20,16,54,16,29,0,91,16,90,0,127,16,-135,0,-127,16,-105,0,-116,16,-102,0,-103,16,0,0,0,0,-138,0,-68,16,113,0,3,0,121,0,89,0,-137,0,-100,0,-97,0,-43,0,-57,0,-21,0,-27,0,-43,0,-28,0,-82,0,-45,0,-129,0,-74,0,122,0,-118,0,112,0,103,0,127,0,74,0]"
CSI_DATA,122243,d8:b1:90:d9:de:f0,-37,11,-99,-36,39,104,-1638702457,277,0,106,0,"[88,16,142,16,20,16,112,16,-30,15,125,16,-35,15,-131,16,-22,15,-103,16,7,16,-80,16,34,16,-69,16,83,16,-80,16,-142,16,-117,16,-80,16,136,16,-33,16,98,16,-8,16,83,16,12,0,85,16,0,0,0,0,51,0,-138,16,96,0,-86,16,-108,0,-38,16,-29,0,-14,16,39,1,-6,16,69,1,-16,16,51,1,-32,16,20,1,-44,16,-19,0,-48,16,-47,0,-40,16,-69,0,-14,16,-93,0,28,0,-109,0]"
CSI_DATA,122244,d8:b1:90:d9:de:f0,-37,9,-99,-33,38,104,-1638701995,113,0,106,0,"[78,17,137,0,25,17,-99,0,18,17,-39,0,55,17,-17,0,98,17,-15,0,131,17,-30,0,-133,17,-65,0,-135,17,-112,0,139,17,121,0,105,17,47,0,75,17,-1,17,56,17,-17,17,64,17,-23,17,0,0,0,0,128,17,-50,17,-108,17,-93,17,-63,17,112,17,-41,17,32,17,-53,17,-42,16,-78,17,-62,16,-99,17,-47,16,-114,17,-12,16,-114,17,32,17,-103,17,65,17,-65,17,84,17,-24,17,91,17,4,0]"
CSI_DATA,122245,d8:b1:90:d9:de:f0,-37,9,-99,-36,39,104,-1638701850,113,0,106,0,"[7,0,-42,0,43,0,37,1,97,0,62,1,-142,0,43,1,-116,0,0,1,-111,0,-49,0,-127,0,-87,0,115,0,-112,0,53,0,-129,0,-17,16,-122,0,-78,16,-104,0,-99,16,-93,0,-90,16,-96,0,0,0,0,0,-80,16,120,0,-111,16,50,0,113,16,-16,16,31,16,-65,16,-42,15,-60,16,-74,15,-29,16,-60,15,2,0,-25,15,40,0,15,16,57,0,51,16,46,0,83,16,23,0,100,16,-13,16,111,16]"
CSI_DATA,122246,d8:b1:90:d9:de:f0,-38,9,-99,-35,39,104,-1638493068,130,0,106,0,"[-126,0,-69,0,-49,0,-37,0,13,1,-63,0,25,1,-112,0,16,1,118,0,-9,0,86,0,-39,0,69,0,-80,0,71,0,-128,0,103,0,106,0,138,0,73,0,-111,0,53,0,-92,0,46,0,-98,0,0,0,0,0,5,0,-138,0,-55,16,109,0,-136,16,107,0,65,16,129,0,17,16,-109,0,9,16,-74,0,41,16,-51,0,80,16,-50,0,118,16,-64,0,-124,16,-81,0,-123,16,-116,0,-128,16,124,0,-131,16]"
CSI_DATA,122247,d8:b1:90:d9:de:f0,-36,9,-99,-36,38,104,-1638454692,98,0,106,0,"[80,18,143,18,-10,17,143,18,-54,17,-128,18,-52,17,-65,18,-28,17,-20,18,11,18,3,0,42,18,12,0,71,18,-3,18,103,18,-55,18,118,18,-108,18,122,18,-142,18,129,18,159,18,151,18,-152,18,0,0,0,0,-132,18,-151,18,-70,18,152,18,-21,18,101,18,6,0,37,18,8,0,-23,17,-8,18,-45,17,-46,18,-28,17,-66,18,7,18,-88,18,35,18,-95,18,65,18,-76,18,81,18,-49,18,90,18,-41,18]"
CSI_DATA,122248,d8:b1:90:d9:de:f0,-37,9,-99,-38,39,104,-1638422903,130,0,106,0,"[-123,17,53,17,104,17,8,17,39,17,32,17,11,17,84,17,16,17,141,17,34,17,-123,17,59,17,-101,17,90,17,-106,17,130,17,-129,17,-141,17,133,17,-112,17,105,17,-99,17,96,17,-86,17,115,17,0,0,0,0,-66,17,134,17,-2,17,150,17,71,0,120,17,130,0,82,17,-149,0,32,17,144,0,-10,16,110,0,-19,16,66,0,-10,16,33,0,7,17,17,0,36,17,19,0,61,17,35,0,66,17,34,0]"
CSI_DATA,122249,d8:b1:90:d9:de:f0,-36,11,-99,-34,37,104,-1638308824,100,0,114,0,"[-33,-5,-37,-9,-40,-10,-40,-12,-40,-13,-37,-13,-34,-13,-34,-13,-32,-12,-32,-12,-30,-10,-32,-10,-33,-10,-33,-9,-33,-9,-36,-8,-37,-8,-40,-8,-41,-8,-41,-6,-41,-5,-41,-5,-41,-5,-41,-4,-41,-4,-40,-4,-38,-2,-40,-2,0,0,-41,0,-41,-1,-41,0,-41,1,-41,1,-42,1,-42,2,-44,2,-41,4,-41,5,-40,5,-38,5,-37,6,-36,6,-34,6,-33,8,-32,8,-32,9,-33,9,-34,9,-36,10,-37,10,-38,10,-40,9,-40,9,-40,8,-38,5,-34,2]"
CSI_DATA,122250,d8:b1:90:d9:de:f0,-38,11,-99,-35,39,104,-1638075759,277,0,106,0,"[-90,16,54,16,123,16,-2,15,70,16,2,16,45,16,41,16,35,16,76,16,54,16,114,16,81,16,-138,16,119,16,134,16,-98,16,126,16,-45,16,95,16,-6,16,79,16,8,0,67,16,9,0,81,16,0,0,0,0,41,0,136,16,86,0,-95,16,-123,0,-52,16,-39,0,-45,16,22,1,-63,16,35,1,-89,16,26,1,-116,16,-13,0,-128,16,-39,0,-131,16,-73,0,-115,16,-86,0,-92,16,-86,0,-61,16,-88,0]"
CSI_DATA,122251,d8:b1:90:d9:de:f0,-37,9,-99,-33,38,104,-1638075305,130,0,106,0,"[-94,17,-51,0,-76,17,42,1,-16,17,81,1,36,0,70,1,75,0,26,1,98,0,-16,0,90,0,-53,0,56,0,-83,0,6,0,-92,0,-51,17,-93,0,-93,17,-90,0,-108,17,-85,0,-97,17,-102,0,0,0,0,0,-88,17,132,0,-114,17,72,0,110,17,10,0,33,17,-18,17,-34,16,-9,17,-62,16,30,0,-45,16,61,0,-9,16,101,0,28,17,108,0,63,17,107,0,83,17,78,0,86,17,56,0,88,17]"
CSI_DATA,122252,d8:b1:90:d9:de:f0,-38,9,-99,-35,39,104,-1638075134,98,0,106,0,"[25,0,39,16,-19,16,-38,15,-83,16,-57,15,-136,16,-33,15,113,16,22,16,116,16,57,16,126,16,93,16,-124,16,110,16,-70,16,107,16,-23,16,88,16,7,0,77,16,19,0,71,16,14,0,85,16,0,0,0,0,23,0,135,16,69,0,-100,16,-123,0,-85,16,-52,0,-93,16,-11,0,-130,16,3,1,105,16,-27,0,69,16,-76,0,61,16,-112,0,65,16,131,0,81,16,125,0,110,16,138,0,133,16,137,0]"
CSI_DATA,122253,d8:b1:90:d9:de:f0,-37,9,-99,-36,39,104,-1638074975,113,0,106,0,"[-86,16,-47,0,-60,16,34,1,-2,16,68,1,53,0,52,1,90,0,15,1,102,0,-23,0,99,0,-54,0,75,0,-70,0,32,0,-76,0,-17,16,-71,0,-51,16,-59,0,-65,16,-60,0,-58,16,-81,0,0,0,0,0,-51,16,-120,0,-90,16,113,0,120,16,95,0,46,16,87,0,-2,15,112,0,-17,15,-135,0,10,16,-103,0,58,16,-78,0,98,16,-85,0,126,16,-96,0,132,16,-120,0,123,16,-142,0,130,16]"
CSI_DATA,122254,d8:b1:90:d9:de:f0,-38,9,-99,-35,39,104,-1638074812,113,0,106,0,"[-73,16,-46,0,-71,16,29,1,-38,16,66,1,-9,16,53,1,8,0,33,1,13,0,-9,0,0,0,-41,0,-30,16,-68,0,-73,16,-110,0,-130,16,130,0,99,16,99,0,82,16,78,0,91,16,62,0,0,0,0,0,131,16,16,0,-112,16,-51,16,-103,16,137,16,-100,16,54,16,-113,16,-7,15,-135,16,-23,15,125,16,-13,15,121,16,26,16,135,16,57,16,-119,16,73,16,-88,16,83,16,-44,16,87,16,-18,16]"
CSI_DATA,122255,d8:b1:90:d9:de:f0,-37,9,-99,-36,39,104,-1637866424,108,0,106,0,"[48,16,-83,16,-34,15,-67,16,-78,15,-15,16,-63,15,43,0,-25,15,92,0,20,16,106,0,56,16,104,0,88,16,81,0,106,16,19,0,104,16,-40,16,83,16,-88,16,62,16,-104,16,66,16,-90,16,0,0,0,0,117,16,-65,16,-108,16,-89,16,-60,16,126,16,-46,16,42,16,-69,16,-32,15,-123,16,-57,15,123,16,-20,15,99,16,34,16,102,16,87,16,116,16,123,16,-126,16,139,16,-86,16,120,16,-79,16]"
CSI_DATA,122256,d8:b1:90:d9:de:f0,-38,9,-99,-34,39,104,-1637866261,98,0,106,0,"[31,15,-45,15,-41,14,-43,15,-75,14,-16,15,-66,14,9,0,-41,14,30,0,-6,14,37,0,30,15,26,0,62,15,-5,15,109,15,-59,15,-121,15,-121,15,-88,15,99,15,-72,15,70,15,-60,15,73,15,0,0,0,0,-19,15,112,15,44,0,-115,15,-132,0,-94,15,-46,0,-93,15,20,1,-110,15,45,1,-135,15,28,1,117,15,-6,0,112,15,-44,0,124,15,-75,0,-119,15,-93,0,-67,15,-91,0,-20,15,-83,0]"
CSI_DATA,122257,d8:b1:90:d9:de:f0,-37,9,-99,-34,38,104,-1637815793,130,0,106,0,"[-140,17,-90,0,150,17,0,1,-127,17,47,1,-80,17,61,1,-33,17,47,1,-5,17,9,1,5,0,-34,0,-15,17,-74,0,-61,17,-130,0,-120,17,127,0,125,17,97,0,91,17,92,0,89,17,86,0,0,0,0,0,-149,17,39,0,-127,17,-30,17,-129,17,-122,17,133,17,84,17,86,17,29,17,41,17,22,17,11,17,59,17,13,17,106,17,39,17,-144,17,83,17,-112,17,133,17,-116,17,-117,17,-140,17,-104,17]"
CSI_DATA,122258,d8:b1:90:d9:de:f0,-38,9,-99,-35,39,104,-1637815365,113,0,106,0,"[37,16,5,0,-32,15,47,0,-54,15,106,0,-29,15,-119,0,18,16,-93,0,59,16,-88,0,102,16,-100,0,126,16,-139,0,138,16,81,0,124,16,9,0,101,16,-38,16,80,16,-55,16,82,16,-47,16,0,0,0,0,-138,16,-54,16,-86,16,-86,16,-44,16,110,16,-33,16,25,16,-65,16,-44,15,-110,16,-61,15,129,16,-31,15,98,16,21,16,99,16,73,16,116,16,111,16,-117,16,133,16,-75,16,122,16,-55,16]"
CSI_DATA,122259,d8:b1:90:d9:de:f0,-38,11,-99,-36,40,104,-1637657960,277,0,106,0,"[-111,15,-71,0,127,15,-5,0,-104,15,43,1,-66,15,50,1,-16,15,33,1,-1,15,9,1,16,0,-19,0,-5,15,-48,0,-47,15,-71,0,-92,15,-87,0,127,15,-100,0,114,15,-99,0,121,15,-112,0,0,0,0,0,-111,15,99,0,-123,15,39,0,93,15,-20,15,48,15,-64,15,-4,14,-78,15,-35,14,-62,15,-35,14,-43,15,-16,14,-14,15,8,15,8,0,31,15,14,0,47,15,7,0,59,15,-14,15,73,15]"
CSI_DATA,122260,d8:b1:90:d9:de:f0,-38,9,-99,-35,40,104,-1637657488,130,0,106,0,"[-116,0,-94,0,-62,0,-44,0,-19,0,-39,0,-2,0,-60,0,-10,0,-90,0,-26,0,-110,0,-56,0,122,0,-97,0,-121,0,95,0,-105,0,38,0,-80,0,-9,14,-61,0,-32,14,-57,0,-37,14,-71,0,0,0,0,0,-58,14,121,0,-91,14,57,0,101,14,2,0,42,14,-41,14,-6,13,-63,14,-32,13,-60,14,-31,13,-49,14,-15,13,-34,14,3,14,-28,14,30,14,-30,14,57,14,-48,14,73,14,-73,14,98,14]"
CSI_DATA,122261,d8:b1:90:d9:de:f0,-38,9,-99,-34,39,104,-1637657335,130,0,106,0,"[59,0,-56,0,93,0,21,1,-133,0,46,1,-104,0,26,1,-91,0,-10,0,-99,0,-40,0,-114,0,-72,0,105,0,-83,0,44,0,-84,0,-21,15,-79,0,-70,15,-77,0,-100,15,-75,0,-97,15,-96,0,0,0,0,0,-97,15,110,0,-117,15,34,0,108,15,-38,15,57,15,-100,15,4,15,-132,15,-23,14,-132,15,-16,14,-118,15,-7,14,-100,15,12,15,-80,15,43,15,-72,15,74,15,-86,15,95,15,-111,15,118,15]"
CSI_DATA,122262,d8:b1:90:d9:de:f0,-38,9,-99,-35,39,104,-1637448589,101,0,106,0,"[67,16,99,0,8,16,-137,0,-6,15,-94,0,10,16,-70,0,46,16,-64,0,82,16,-68,0,101,16,-91,0,114,16,-131,0,116,16,85,0,106,16,9,0,93,16,-46,16,88,16,-79,16,93,16,-82,16,0,0,0,0,-129,16,-91,16,-66,16,-111,16,11,0,119,16,71,0,50,16,95,0,-14,15,87,0,-53,15,70,0,-54,15,37,0,-34,15,18,0,-5,15,13,0,26,16,32,0,64,16,56,0,91,16,82,0]"
CSI_DATA,122263,d8:b1:90:d9:de:f0,-37,9,-99,-37,39,104,-1637395227,113,0,106,0,"[41,17,-48,17,-30,16,-31,17,-54,16,2,0,-41,16,38,0,-21,16,58,0,5,17,64,0,23,17,60,0,38,17,45,0,60,17,8,0,90,17,-35,17,107,17,-81,17,131,17,-115,17,-145,17,-129,17,0,0,0,0,-100,17,-120,17,-34,17,-122,17,39,0,138,17,110,0,87,17,-146,0,26,17,-143,0,-16,16,125,0,-35,16,83,0,-33,16,43,0,-9,16,21,0,9,17,21,0,47,17,39,0,80,17,54,0]"
CSI_DATA,122264,d8:b1:90:d9:de:f0,-37,9,-99,-35,38,104,-1637367637,100,0,106,0,"[-118,0,125,18,-89,0,57,18,-105,0,8,18,-140,0,-7,17,124,0,1,18,107,0,17,18,88,0,40,18,101,0,63,18,130,0,100,18,-143,0,132,18,-111,0,-139,18,-96,0,-127,18,-108,0,-113,18,0,0,0,0,-141,0,-85,18,146,0,-18,18,-156,0,66,0,-129,0,143,0,-77,0,-113,0,-22,0,-102,0,-3,0,-129,0,1,1,141,0,-4,0,101,0,-29,0,75,0,-58,0,63,0,-89,0,79,0,-116,0]"
CSI_DATA,122265,d8:b1:90:d9:de:f0,-40,11,-99,-36,42,104,-1637309133,100,0,228,0,"[9,6,11,7,13,8,15,10,16,11,16,12,16,14,86,35,14,15,13,15,11,15,11,15,11,14,10,13,10,12,9,11,9,10,10,8,11,6,11,4,11,3,-27,-23,13,0,14,0,14,0,14,-1,14,-2,12,-2,0,0,11,-3,10,-3,8,-3,7,-6,5,-7,4,-10,53,0,3,-15,3,-17,3,-19,3,-19,4,-19,4,-19,5,-19,5,-18,6,-17,6,-15,6,-15,6,-15,5,-14,54,0,3,-13,2,-13,1,-13,0,-13,0,-12,0,-12,0,-11,-3,10,4,11,11,6,13,-3,7,-11,-3,-12,-11,-5,5,19,-3,10,5,7,9,0,5,-7,-3,-10,-11,-4,-13,6,-4,15,9,17,20,6,20,-10,8,-23,-10,-23,-10,-7,-23,8,-10,20,7,20,16,8,15,-5,6,-14,0,0,-11,-2,-8,7,0,11,10,7,12,-3,6,-13,-1,-27,-14,-5,-13,5,-4,12,5,11,10,3,7,-4,0,-7,-4,-3,-4,3,0,7,7,3,10,-3,5,-12,0,-28,-15,-8,-19,4,-12,17,1,22,15,15,20,2,15,-10]"
CSI_DATA,122266,d8:b1:90:d9:de:f0,-38,11,-99,-35,39,104,-1637031262,277,0,106,0,"[124,16,103,16,65,16,62,16,14,16,59,16,-4,15,77,16,-3,15,109,16,10,16,-130,16,38,16,-114,16,79,16,-114,16,-131,16,-128,16,-61,16,126,16,-4,16,100,16,23,0,82,16,33,0,80,16,0,0,0,0,51,0,-122,16,87,0,-63,16,-116,0,0,0,-39,0,42,0,22,1,49,0,63,1,31,0,65,1,7,0,32,1,-17,16,-1,0,-31,16,-37,0,-28,16,-69,0,-4,16,-99,0,19,0,-118,0]"
CSI_DATA,122267,d8:b1:90:d9:de:f0,-39,9,-99,-36,40,104,-1637030781,130,0,106,0,"[-103,0,110,15,-70,0,39,15,-85,0,-19,14,-125,0,-42,14,85,0,-42,14,52,0,-13,14,29,0,18,15,33,0,63,15,63,0,119,15,111,0,-89,15,-101,0,-61,15,-76,0,-54,15,-77,0,-57,15,0,0,0,0,118,0,-31,15,79,0,29,0,71,0,117,0,89,0,-53,0,-124,0,0,1,-81,0,16,1,-50,0,-11,0,-48,0,-57,0,-59,0,-101,0,-77,0,121,0,-115,0,115,0,97,0,120,0,76,0]"
CSI_DATA,122268,d8:b1:90:d9:de:f0,-37,9,-99,-35,38,104,-1636988794,130,0,106,0,"[-119,0,140,0,-45,0,-132,0,12,1,-135,0,30,1,143,0,20,1,111,0,-2,0,81,0,-35,0,70,0,-81,0,84,0,-146,0,118,0,107,0,-136,0,57,0,-95,0,28,0,-72,0,17,0,-85,0,0,0,0,0,-12,18,-135,0,-80,18,116,0,130,18,94,0,35,18,74,0,-33,17,88,0,-56,17,117,0,-36,17,128,0,-2,17,140,0,33,18,133,0,66,18,106,0,85,18,63,0,83,18,18,0,88,18]"
CSI_DATA,122269,d8:b1:90:d9:de:f0,-38,9,-99,-34,39,104,-1636821872,98,0,106,0,"[74,15,-120,15,-3,14,133,15,-57,14,-103,15,-58,14,-61,15,-41,14,-26,15,-3,14,13,0,29,15,15,0,65,15,-5,15,108,15,-49,15,-130,15,-104,15,-114,15,118,15,-111,15,93,15,-104,15,92,15,0,0,0,0,-51,15,-130,15,1,0,-119,15,84,0,-127,15,-110,0,103,15,-68,0,50,15,-64,0,12,15,-94,0,-4,14,134,0,0,15,100,0,22,15,84,0,48,15,85,0,80,15,97,0,112,15,114,0]"
CSI_DATA,122270,d8:b1:90:d9:de:f0,-38,11,-99,-36,40,104,-1636404563,277,0,106,0,"[-101,15,75,15,96,15,27,15,41,15,31,15,17,15,58,15,19,15,94,15,26,15,124,15,45,15,-114,15,76,15,-114,15,116,15,123,15,-97,15,103,15,-61,15,85,15,-39,15,88,15,-25,15,104,15,0,0,0,0,19,0,-95,15,72,0,-56,15,-98,0,-36,15,-21,0,-33,15,30,1,-58,15,51,1,-86,15,34,1,-112,15,5,1,-128,15,-26,0,122,15,-54,0,-119,15,-71,0,-102,15,-75,0,-80,15,-89,0]"
CSI_DATA,122271,d8:b1:90:d9:de:f0,-38,9,-99,-35,39,104,-1636404119,108,0,106,0,"[-93,0,119,0,-16,0,137,0,35,1,105,0,41,1,53,0,31,1,13,0,1,1,-14,16,-23,0,-21,16,-47,0,-6,16,-73,0,37,0,-93,0,79,0,-100,0,113,0,-107,0,124,0,-126,0,114,0,0,0,0,0,88,0,92,0,6,0,106,0,-59,16,-117,0,-106,16,-46,0,-115,16,19,1,-92,16,52,1,-51,16,54,1,-15,16,27,1,6,0,-5,0,22,0,-31,0,8,0,-55,0,-15,16,-71,0,-20,16]"
CSI_DATA,122272,d8:b1:90:d9:de:f0,-38,9,-99,-34,39,104,-1636403974,252,0,106,0,"[-32,15,56,15,-63,15,-20,14,-102,15,-43,14,-127,15,-29,14,-129,15,-5,14,-126,15,24,15,-98,15,47,15,-61,15,67,15,0,0,83,15,61,0,100,15,110,0,116,15,-134,0,132,15,131,0,-113,15,0,0,0,0,90,0,-28,15,77,0,45,0,72,0,-126,0,88,0,-37,0,117,0,19,1,132,0,41,1,-119,0,23,1,-122,0,-1,0,133,0,-34,0,108,0,-60,0,67,0,-73,0,31,0,-79,0,5,0]"
CSI_DATA,122273,d8:b1:90:d9:de:f0,-37,9,-99,-36,38,104,-1636346491,168,0,106,0,"[-70,18,91,18,-100,18,5,18,-151,18,-36,17,142,18,-36,17,128,18,-13,17,127,18,28,18,146,18,56,18,-142,18,80,18,-66,18,109,18,17,0,132,18,91,0,147,18,129,0,-161,18,142,0,-140,18,0,0,0,0,125,0,-57,18,108,0,27,0,119,0,135,0,148,0,-84,0,-137,0,-16,0,-103,0,13,1,-83,0,-6,0,-86,0,-46,0,-100,0,-90,0,-130,0,-113,0,142,0,-142,0,81,0,-153,0,30,0]"
CSI_DATA,122274,d8:b1:90:d9:de:f0,-35,11,-99,-38,37,104,-1636309197,100,0,114,0,"[26,22,29,26,31,29,29,31,29,32,28,32,25,32,25,31,25,29,23,29,22,28,22,28,23,28,23,28,25,29,26,29,29,29,31,31,32,32,34,31,34,31,34,31,34,29,34,29,32,29,32,28,32,28,32,28,0,0,34,25,34,25,35,26,37,26,37,26,38,26,38,26,38,26,38,25,38,23,37,22,37,20,35,19,35,19,34,17,34,16,32,14,32,14,34,14,35,16,38,16,40,17,41,19,40,19,40,20,38,22,35,22,31,22]"
CSI_DATA,122275,d8:b1:90:d9:de:f0,-38,9,-99,-36,40,104,-1636195183,130,0,106,0,"[-90,15,-67,0,-112,15,0,1,-102,15,40,1,-84,15,42,1,-63,15,28,1,-55,15,6,1,-54,15,-28,0,-72,15,-64,0,-108,15,-117,0,115,15,85,0,81,15,39,0,64,15,11,0,74,15,-2,15,0,0,0,0,-121,15,-36,15,-59,15,-85,15,-7,15,101,15,36,0,28,15,52,0,-35,14,47,0,-63,14,35,0,-60,14,19,0,-37,14,11,0,-3,14,15,0,30,15,40,0,65,15,74,0,93,15,98,0]"
CSI_DATA,122276,d8:b1:90:d9:de:f0,-39,9,-99,-35,40,104,-1636195066,130,0,106,0,"[-68,14,64,14,-104,14,5,14,105,14,-11,13,90,14,0,13,90,14,21,14,96,14,47,14,118,14,65,14,-94,14,79,14,-38,14,81,14,21,0,92,14,75,0,92,14,107,0,99,14,115,0,110,14,0,0,0,0,100,0,-66,14,100,0,1,0,120,0,81,0,-89,0,-92,0,-52,0,-42,0,-28,0,-30,0,-20,0,-53,0,-23,0,-75,0,-45,0,-102,0,-79,0,-118,0,-116,0,-115,0,89,0,-107,0,61,0]"
CSI_DATA,122277,d8:b1:90:d9:de:f0,-39,9,-99,-34,40,104,-1636194913,130,0,106,0,"[51,0,53,14,49,0,-19,13,23,0,-54,13,-1,14,-53,13,-22,14,-34,13,-33,14,-7,13,-25,14,20,14,-9,14,54,14,30,0,91,14,78,0,-118,14,-111,0,-92,14,-90,0,-77,14,-89,0,-65,14,0,0,0,0,101,0,-17,14,71,0,41,0,60,0,-119,0,62,0,-35,0,86,0,26,0,112,0,46,0,-106,0,29,0,-95,0,-5,0,-97,0,-42,0,118,0,-62,0,85,0,-83,0,44,0,-84,0,13,0]"
CSI_DATA,122278,d8:b1:90:d9:de:f0,-38,9,-99,-33,39,104,-1636194760,113,0,106,0,"[-120,0,111,15,-85,0,30,15,-99,0,-21,14,123,0,-36,14,91,0,-25,14,65,0,-5,14,54,0,28,15,62,0,72,15,92,0,121,15,130,0,-88,15,-95,0,-49,15,-78,0,-31,15,-86,0,-26,15,0,0,0,0,113,0,13,0,60,0,62,0,18,0,-117,0,9,0,-24,0,23,0,46,1,51,0,69,1,81,0,56,1,100,0,26,1,104,0,-17,0,93,0,-52,0,59,0,-80,0,18,0,-90,0,-10,15]"
CSI_DATA,122279,d8:b1:90:d9:de:f0,-38,9,-99,-37,40,104,-1636194634,113,0,106,0,"[-115,15,-86,0,124,15,-14,0,-124,15,29,1,-93,15,39,1,-60,15,26,1,-45,15,0,1,-36,15,-23,0,-51,15,-60,0,-85,15,-107,0,-129,15,110,0,98,15,82,0,79,15,61,0,82,15,48,0,0,0,0,0,-125,15,5,0,-91,15,-53,15,-73,15,124,15,-74,15,42,15,-96,15,-18,14,-127,15,-43,14,114,15,-25,14,108,15,11,15,111,15,49,15,127,15,74,15,-98,15,90,15,-58,15,92,15,-33,15]"
CSI_DATA,122280,d8:b1:90:d9:de:f0,-38,9,-99,-35,39,104,-1636194525,130,0,106,0,"[90,16,123,0,34,16,-107,0,25,16,-57,0,51,16,-37,0,80,16,-33,0,111,16,-50,0,124,16,-70,0,123,16,-106,0,106,16,114,0,86,16,53,0,66,16,9,0,55,16,-17,16,68,16,-27,16,0,0,0,0,126,16,-52,16,-90,16,-94,16,-43,16,109,16,-18,16,27,16,-14,16,-38,15,-31,16,-64,15,-55,16,-54,15,-65,16,-27,15,-71,16,9,16,-69,16,39,16,-39,16,66,16,2,0,77,16,25,0]"
CSI_DATA,122281,d8:b1:90:d9:de:f0,-38,9,-99,-37,40,104,-1636194363,113,0,106,0,"[-23,15,60,15,-48,15,1,15,-99,15,-23,14,126,15,-20,14,111,15,13,15,103,15,50,15,112,15,74,15,-121,15,82,15,-58,15,84,15,0,0,83,15,46,0,83,15,64,0,91,15,66,0,93,15,0,0,0,0,64,0,-103,15,91,0,-38,15,-100,0,16,0,-28,0,57,0,14,1,58,0,64,1,40,0,75,1,11,0,43,1,-10,15,10,1,-36,15,-34,0,-34,15,-65,0,-13,15,-83,0,14,0,-88,0]"
CSI_DATA,122282,d8:b1:90:d9:de:f0,-38,9,-99,-36,39,104,-1636194263,113,0,106,0,"[111,16,-135,16,42,16,122,16,-6,15,129,16,-20,15,-124,16,-15,15,-87,16,7,16,-65,16,35,16,-53,16,65,16,-67,16,109,16,-100,16,-140,16,142,16,-104,16,99,16,-93,16,83,16,-77,16,99,16,0,0,0,0,-44,16,133,16,30,0,-123,16,116,0,-134,16,-90,0,134,16,-38,0,92,16,-31,0,52,16,-57,0,38,16,-95,0,41,16,-129,0,56,16,139,0,78,16,134,0,114,16,-138,0,-135,16,-126,0]"
CSI_DATA,122283,d8:b1:90:d9:de:f0,-37,11,-99,-36,39,104,-1635777865,277,0,106,0,"[-139,16,108,16,98,16,41,16,46,16,22,16,24,16,39,16,20,16,75,16,42,16,112,16,77,16,138,16,140,16,-138,16,-69,16,135,16,20,0,112,16,84,0,89,16,111,0,77,16,111,0,90,16,0,0,0,0,98,0,-115,16,108,0,-34,16,-138,0,65,0,-80,0,-142,0,-23,0,-96,0,3,1,-92,0,2,1,-112,0,-19,0,-139,0,-52,0,133,0,-90,0,122,0,-139,0,132,0,104,0,-126,0,84,0]"
CSI_DATA,122284,d8:b1:90:d9:de:f0,-38,9,-99,-33,39,104,-1635777402,113,0,106,0,"[57,15,21,0,-20,14,42,0,-58,14,85,0,-52,14,129,0,-11,14,-114,0,27,15,-104,0,66,15,-126,0,95,15,96,0,113,15,25,0,113,15,-51,15,111,15,-106,15,104,15,-129,15,109,15,-124,15,0,0,0,0,-87,15,-100,15,-14,15,-99,15,73,0,125,15,-122,0,74,15,-90,0,20,15,-88,0,-14,14,-118,0,-19,14,118,0,-5,14,91,0,20,15,82,0,58,15,91,0,101,15,119,0,125,15,129,0]"
CSI_DATA,122285,d8:b1:90:d9:de:f0,-38,9,-99,-35,39,104,-1635777293,113,0,106,0,"[81,16,-88,16,-6,15,-114,16,-65,15,-99,16,-74,15,-54,16,-53,15,-14,16,-16,15,13,0,27,16,17,0,77,16,-9,16,126,16,-64,16,-114,16,-133,16,-91,16,82,16,-93,16,54,16,-93,16,65,16,0,0,0,0,-45,16,128,16,22,0,-115,16,118,0,-103,16,-67,0,-122,16,-5,0,117,16,7,1,86,16,-20,0,69,16,-59,0,69,16,-94,0,83,16,-119,0,121,16,-119,0,-114,16,-103,0,-75,16,-92,0]"
CSI_DATA,122286,d8:b1:90:d9:de:f0,-39,9,-99,-36,40,104,-1635777130,113,0,106,0,"[45,0,58,15,47,0,-18,14,12,0,-59,14,-32,15,-67,14,-65,15,-41,14,-80,15,-2,14,-76,15,35,15,-47,15,77,15,6,0,112,15,76,0,127,15,-125,0,-125,15,-103,0,124,15,-106,0,123,15,0,0,0,0,109,0,-72,15,97,0,-11,15,-128,0,75,0,-84,0,-113,0,-36,0,-78,0,4,1,-80,0,12,1,-109,0,-1,0,107,0,-29,0,81,0,-60,0,72,0,-97,0,83,0,-121,0,109,0,121,0]"
CSI_DATA,122287,d8:b1:90:d9:de:f0,-39,9,-99,-34,40,104,-1635777031,113,0,106,0,"[-49,14,57,14,-84,14,-9,13,101,14,-28,13,66,14,-9,13,51,14,27,14,50,14,69,14,70,14,101,14,114,14,119,14,-66,14,119,14,0,0,98,14,45,0,69,14,59,0,54,14,50,0,61,14,0,0,0,0,39,0,-120,14,74,0,-58,14,-101,0,-7,14,-29,0,19,0,33,0,15,0,56,0,-5,14,43,0,-39,14,10,0,-57,14,-21,0,-65,14,-51,0,-55,14,-71,0,-26,14,-75,0,4,0,-78,0]"
CSI_DATA,122288,d8:b1:90:d9:de:f0,-37,11,-99,-36,39,104,-1635360066,277,0,106,0,"[54,16,-54,16,-20,15,-58,16,-53,15,-34,16,-47,15,-3,16,-22,15,7,0,6,16,12,0,29,16,-2,16,50,16,-33,16,76,16,-77,16,100,16,-131,16,132,16,120,16,-131,16,108,16,-106,16,114,16,0,0,0,0,-44,16,135,16,26,0,-127,16,114,0,-131,16,-89,0,-142,16,-39,0,122,16,-12,0,100,16,-15,0,92,16,-39,0,80,16,-65,0,86,16,-84,0,103,16,-97,0,124,16,-105,0,-134,16,-120,0]"
CSI_DATA,122289,d8:b1:90:d9:de:f0,-37,9,-99,-35,38,104,-1635359594,101,0,106,0,"[55,18,-40,18,-23,17,-26,18,-55,17,13,0,-46,17,51,0,-17,17,77,0,24,18,85,0,41,18,69,0,56,18,36,0,67,18,-14,18,73,18,-64,18,85,18,-105,18,96,18,-124,18,125,18,-123,18,0,0,0,0,-116,18,-118,18,-50,18,-135,18,23,0,130,18,81,0,69,18,113,0,6,18,111,0,-25,17,88,0,-35,17,58,0,-20,17,29,0,-3,17,19,0,13,18,20,0,39,18,25,0,68,18,34,0]"
CSI_DATA,122290,d8:b1:90:d9:de:f0,-37,9,-99,-32,38,104,-1635359498,130,0,106,0,"[79,0,56,16,74,0,-19,15,34,0,-53,15,-2,16,-44,15,-31,16,-21,15,-38,16,8,16,-35,16,34,16,-8,16,51,16,33,0,62,16,79,0,79,16,112,0,90,16,129,0,104,16,124,0,122,16,0,0,0,0,121,0,-94,16,132,0,-37,16,-117,0,34,0,-63,0,90,0,-6,0,118,0,23,1,113,0,30,1,89,0,23,1,63,0,4,1,38,0,-11,0,13,0,-35,0,14,0,-60,0,24,0,-90,0]"
CSI_DATA,122291,d8:b1:90:d9:de:f0,-37,9,-99,-35,38,104,-1635359354,130,0,106,0,"[-70,18,62,18,-127,18,-2,17,128,18,-12,17,96,18,23,18,81,18,69,18,102,18,95,18,117,18,110,18,144,18,114,18,-121,18,94,18,-77,18,75,18,-41,18,66,18,-22,18,63,18,-11,18,92,18,0,0,0,0,12,0,144,18,77,0,-118,18,-154,0,-103,18,-70,0,-96,18,-11,0,-111,18,14,1,-144,18,2,1,133,18,-30,0,119,18,-67,0,113,18,-97,0,110,18,-116,0,121,18,-123,0,148,18,-146,0]"
CSI_DATA,122292,d8:b1:90:d9:de:f0,-37,9,-99,-36,39,104,-1635359202,130,0,106,0,"[78,0,57,16,65,0,-21,15,21,0,-54,15,-23,16,-44,15,-54,16,-15,15,-62,16,14,16,-63,16,38,16,-41,16,52,16,4,0,65,16,40,0,69,16,71,0,69,16,86,0,83,16,81,0,103,16,0,0,0,0,83,0,-126,16,115,0,-62,16,-113,0,-20,16,-46,0,13,0,11,1,11,0,44,1,-7,16,42,1,-39,16,16,1,-60,16,-12,0,-89,16,-32,0,-104,16,-57,0,-103,16,-72,0,-86,16,-103,0]"
CSI_DATA,122293,d8:b1:90:d9:de:f0,-38,9,-99,-35,39,104,-1635359094,113,0,106,0,"[-41,0,1,0,29,1,-46,16,43,1,-109,16,17,1,124,16,-25,0,102,16,-73,0,98,16,-93,0,111,16,-98,0,137,16,-97,0,-99,16,-82,0,-58,16,-69,0,-29,16,-69,0,-19,16,-88,0,-19,16,0,0,0,0,130,0,17,0,94,0,61,0,75,0,-137,0,83,0,-62,0,118,0,-7,0,-113,0,8,1,-80,0,-8,0,-61,0,-54,0,-57,0,-94,0,-51,0,-123,0,-69,0,134,0,-90,0,112,0,-117,0]"
CSI_DATA,122294,d8:b1:90:d9:de:f0,-40,11,-99,-35,41,104,-1635309225,100,0,228,0,"[-1,6,0,9,0,12,0,17,0,19,-1,21,-2,23,94,38,-5,23,-5,22,-6,21,-6,20,-6,19,-5,19,-4,17,-2,16,-1,15,0,13,3,13,6,12,8,12,-29,-25,12,11,12,11,13,10,13,10,12,9,12,8,0,0,9,6,7,4,6,1,6,0,4,-4,4,-7,40,0,3,-14,4,-18,5,-19,5,-21,6,-22,6,-22,7,-21,7,-20,7,-19,7,-18,6,-17,6,-16,5,-15,45,0,2,-14,0,-14,0,-14,-2,-14,-2,-14,-2,-13,-1,-12,-12,-1,-12,9,-3,17,8,15,16,5,14,-6,4,-12,-8,13,-8,-1,-5,4,2,5,6,0,3,-7,-5,-9,-13,-2,-13,10,-4,20,13,19,25,5,23,-14,6,-27,-2,-12,-26,-7,-22,12,-6,22,10,18,18,4,13,-10,0,0,-11,-8,-12,4,-5,13,8,12,15,2,12,-10,5,-29,-11,-12,-16,0,-11,10,0,12,6,6,7,0,2,-4,-2,-1,-2,2,3,5,8,1,9,-6,2,-14,-6,-30,-19,-5,-20,10,-8,23,8,24,21,12,22,-4,12,-15]"
CSI_DATA,122295,d8:b1:90:d9:de:f0,-37,9,-99,-36,39,104,-1635150677,108,0,106,0,"[3,0,90,16,-6,16,-1,15,-40,16,-54,15,-72,16,-57,15,-90,16,-39,15,-96,16,-6,15,-83,16,22,16,-51,16,58,16,7,0,96,16,81,0,133,16,135,0,-125,16,-117,0,-107,16,-116,0,-89,16,0,0,0,0,105,0,-33,16,57,0,42,0,15,0,135,0,-4,16,-46,0,4,0,39,1,16,0,80,1,46,0,75,1,62,0,51,1,72,0,11,1,75,0,-23,0,47,0,-65,0,4,0,-105,0,-37,16]"
CSI_DATA,122296,d8:b1:90:d9:de:f0,-37,11,-99,-35,38,104,-1634942267,277,0,106,0,"[102,18,118,0,24,18,-105,0,14,18,-53,0,47,18,-24,0,85,18,-44,0,105,18,-73,0,117,18,-124,0,117,18,128,0,113,18,50,0,96,18,-23,18,97,18,-77,18,113,18,-103,18,154,18,-99,18,0,0,0,0,-39,18,-74,18,59,0,-62,18,-139,0,-73,18,-44,0,-92,18,30,1,-119,18,58,1,-133,18,39,1,-139,18,9,1,-138,18,-9,0,-133,18,-41,0,-114,18,-67,0,-69,18,-88,0,-23,18,-118,0]"
CSI_DATA,122297,d8:b1:90:d9:de:f0,-37,9,-99,-36,39,104,-1634941777,113,0,106,0,"[8,0,61,16,-24,16,-34,15,-75,16,-62,15,-116,16,-44,15,-131,16,-7,15,-124,16,30,16,-104,16,62,16,-50,16,80,16,10,0,97,16,71,0,106,16,114,0,115,16,123,0,133,16,113,0,-124,16,0,0,0,0,66,0,-23,16,54,0,62,0,60,0,-121,0,77,0,-33,0,111,0,21,1,-140,0,38,1,-133,0,28,1,-129,0,-3,0,-130,0,-33,0,142,0,-62,0,109,0,-83,0,78,0,-96,0,44,0]"
CSI_DATA,122298,d8:b1:90:d9:de:f0,-37,9,-99,-35,38,104,-1634732914,98,0,106,0,"[62,0,-79,0,86,0,3,1,128,0,40,1,-146,0,24,1,-129,0,-6,0,-144,0,-42,0,145,0,-79,0,85,0,-94,0,11,0,-110,0,-74,18,-112,0,-135,18,-116,0,150,18,-121,0,150,18,-138,0,0,0,0,0,155,18,89,0,155,18,0,0,112,18,-88,18,70,18,143,18,28,18,101,18,6,18,90,18,12,18,97,18,26,18,122,18,59,18,146,18,99,18,155,18,140,18,141,18,-128,18,116,18,-105,18]"
CSI_DATA,122299,d8:b1:90:d9:de:f0,-36,9,-99,-34,37,104,-1634712320,130,0,106,0,"[146,20,169,20,49,20,124,20,-34,18,146,20,-58,18,-128,20,-52,18,-57,20,-10,18,-12,20,30,20,6,0,90,20,-14,20,146,20,-73,20,-161,20,-146,20,-154,20,141,20,-158,20,113,20,-150,20,137,20,0,0,0,0,-78,20,-164,20,8,0,-157,20,108,0,133,20,-169,0,64,20,-144,0,-10,18,-169,0,-56,18,124,0,-49,18,77,0,-14,18,48,0,24,20,37,0,60,20,57,0,98,20,101,0,117,20,114,0]"
CSI_DATA,122300,d8:b1:90:d9:de:f0,-36,9,-99,-36,38,104,-1634696961,130,0,106,0,"[-118,0,115,0,-16,0,133,0,56,1,95,0,74,1,26,0,46,1,-35,18,7,1,-70,18,-42,0,-76,18,-85,0,-59,18,-119,0,-2,18,-124,0,66,0,-120,0,123,0,-112,0,135,0,-123,0,115,0,0,0,0,0,133,0,100,0,49,0,125,0,-15,18,-109,0,-45,18,-17,0,-23,18,60,1,16,0,83,1,70,0,57,1,109,0,8,1,124,0,-41,0,108,0,-78,0,83,0,-100,0,42,0,-94,0,30,0]"
CSI_DATA,122301,d8:b1:90:d9:de:f0,-36,9,-99,-35,37,104,-1634683334,98,0,106,0,"[-87,20,-105,0,-116,20,-1,0,-101,20,63,1,-65,20,75,1,-38,20,50,1,-16,20,6,1,-27,20,-39,0,-61,20,-91,0,-126,20,-157,0,153,20,131,0,101,20,82,0,80,20,57,0,101,20,42,0,0,0,0,0,-164,20,-34,20,-83,20,-104,20,-32,20,133,20,6,0,26,20,12,0,-52,19,1,0,-86,19,-10,20,-69,19,-24,20,-30,19,-21,20,16,20,5,0,60,20,52,0,96,20,98,0,122,20,133,0]"
CSI_DATA,122302,d8:b1:90:d9:de:f0,-36,9,-99,-35,37,104,-1634652010,130,0,106,0,"[-98,0,109,0,17,1,104,0,76,1,48,0,71,1,-23,20,39,1,-67,20,-15,0,-96,20,-59,0,-86,20,-90,0,-46,20,-112,0,16,0,-115,0,83,0,-115,0,131,0,-116,0,139,0,-139,0,124,0,0,0,0,0,108,0,112,0,19,0,133,0,-69,20,-150,0,-126,20,-60,0,-137,20,26,1,-107,20,61,1,-65,20,57,1,-19,20,26,1,9,0,-15,0,15,0,-48,0,-6,20,-85,0,-34,20,-105,0,-49,20]"
CSI_DATA,122303,d8:b1:90:d9:de:f0,-34,11,-99,-35,36,104,-1634309021,100,0,114,0,"[-12,36,-16,38,-20,40,-21,41,-23,40,-24,36,-24,36,-23,33,-21,32,-23,32,-21,30,-20,30,-20,32,-18,32,-20,35,-18,36,-20,40,-20,40,-20,41,-20,41,-18,44,-18,44,-18,44,-18,44,-16,43,-15,43,-15,43,-15,43,0,0,-12,43,-13,41,-13,43,-12,44,-12,46,-12,46,-12,47,-10,46,-10,46,-9,44,-6,44,-6,44,-6,43,-4,41,-4,38,-3,38,-3,36,-1,38,-1,38,-3,41,-1,43,-3,46,-1,46,-3,49,-4,47,-6,47,-9,44,-9,40]"
CSI_DATA,122304,d8:b1:90:d9:de:f0,-37,11,-99,-36,39,104,-1633897770,277,0,106,0,"[-80,16,93,16,-130,16,-2,15,111,16,-37,15,84,16,-21,15,83,16,14,16,100,16,54,16,136,16,81,16,-81,16,100,16,10,0,117,16,99,0,124,16,-122,0,131,16,-95,0,131,16,-113,0,-139,16,0,0,0,0,100,0,-52,16,52,0,48,0,22,0,-125,0,5,0,-14,0,21,0,58,1,41,0,89,1,46,0,66,1,44,0,29,1,32,0,-13,0,3,0,-54,0,-48,16,-84,0,-98,16,-104,0,-125,16]"
CSI_DATA,122305,d8:b1:90:d9:de:f0,-38,9,-99,-36,39,104,-1633897334,98,0,106,0,"[-87,0,-52,16,6,1,-111,16,35,1,108,16,5,1,67,16,-37,0,53,16,-81,0,77,16,-112,0,112,16,-136,0,-113,16,-143,0,-22,16,-126,0,58,0,-107,0,118,0,-89,0,135,0,-99,0,118,0,0,0,0,0,71,0,52,0,-29,16,39,0,141,16,57,0,39,16,107,0,-24,15,-123,0,-33,15,-81,0,1,16,-66,0,56,16,-78,0,88,16,-109,0,112,16,139,0,111,16,87,0,96,16,33,0,83,16]"
CSI_DATA,122306,d8:b1:90:d9:de:f0,-37,9,-99,-36,39,104,-1633897202,130,0,106,0,"[-89,0,-76,16,-4,0,-133,16,24,1,92,16,-4,0,51,16,-47,0,47,16,-88,0,63,16,-116,0,97,16,-129,0,-121,16,-124,0,-37,16,-104,0,46,0,-79,0,96,0,-65,0,114,0,-81,0,104,0,0,0,0,0,88,0,67,0,-12,16,68,0,-123,16,106,0,70,16,-118,0,22,16,-50,0,24,16,-12,0,54,16,-15,0,93,16,-39,0,126,16,-71,0,134,16,-106,0,123,16,125,0,96,16,78,0,85,16]"
CSI_DATA,122307,d8:b1:90:d9:de:f0,-37,9,-99,-38,39,104,-1633897031,113,0,106,0,"[-150,17,-147,0,95,17,-62,0,87,17,1,1,127,17,30,1,-143,17,19,1,-114,17,-10,0,-104,17,-62,0,-120,17,-117,0,144,17,115,0,91,17,43,0,53,17,3,0,39,17,-10,17,57,17,-9,17,0,0,0,0,-136,17,-33,17,-48,17,-78,17,26,0,134,17,78,0,41,17,92,0,-38,16,79,0,-66,16,51,0,-57,16,30,0,-24,16,24,0,19,17,39,0,61,17,80,0,97,17,125,0,116,17,143,0]"
CSI_DATA,122308,d8:b1:90:d9:de:f0,-37,9,-99,-37,39,104,-1633896913,113,0,106,0,"[-109,17,113,17,113,17,41,17,41,17,32,17,4,17,66,17,2,17,115,17,24,17,-140,17,69,17,-116,17,133,17,-120,17,-90,17,144,17,-18,17,105,17,21,0,64,17,30,0,50,17,21,0,64,17,0,0,0,0,23,0,-112,17,69,0,-17,17,-143,0,63,0,-45,0,116,0,33,1,116,0,71,1,97,0,64,1,63,0,34,1,34,0,-15,0,18,0,-65,0,27,0,-101,0,64,0,-116,0,105,0,-120,0]"
CSI_DATA,122309,d8:b1:90:d9:de:f0,-37,9,-99,-36,38,104,-1633896760,120,0,106,0,"[-117,18,138,18,114,18,62,18,31,18,54,18,-12,17,98,18,-5,17,154,18,17,18,-127,18,69,18,-107,18,132,18,-112,18,-114,18,-153,18,-46,18,113,18,-6,18,65,18,-2,18,44,18,-13,18,73,18,0,0,0,0,3,0,-123,18,61,0,-35,18,-149,0,31,0,-33,0,67,0,50,1,59,0,89,1,20,0,64,1,-18,18,22,1,-51,18,-25,0,-55,18,-73,0,-31,18,-99,0,12,0,-107,0,65,0,-100,0]"
CSI_DATA,122310,d8:b1:90:d9:de:f0,-36,9,-99,-37,38,104,-1633896602,120,0,106,0,"[-47,19,-90,0,-44,19,16,1,10,0,77,1,62,0,80,1,104,0,42,1,115,0,-11,0,103,0,-50,0,57,0,-88,0,-20,19,-117,0,-106,19,-126,0,-160,19,-123,0,154,19,-117,0,-158,19,-136,0,0,0,0,0,-95,19,91,0,-94,19,-16,19,-137,19,-136,19,133,19,102,19,62,19,54,19,5,19,57,19,-1,18,98,19,15,19,151,19,53,19,-146,19,86,19,-139,19,130,19,-158,19,164,19,151,19,-160,19]"
CSI_DATA,122311,d8:b1:90:d9:de:f0,-37,9,-99,-36,39,104,-1633688408,130,0,106,0,"[-43,16,-57,0,-22,16,44,1,29,0,86,1,81,0,77,1,111,0,38,1,111,0,-12,0,94,0,-57,0,43,0,-96,0,-25,16,-124,0,-95,16,-134,0,140,16,-141,0,120,16,-143,0,134,16,126,0,0,0,0,0,-86,16,40,0,-75,16,-46,16,-85,16,138,16,-116,16,43,16,129,16,-7,15,95,16,-16,15,86,16,10,16,92,16,57,16,109,16,92,16,142,16,113,16,-96,16,116,16,-51,16,105,16,-32,16]"
CSI_DATA,122312,d8:b1:90:d9:de:f0,-39,11,-99,-34,40,104,-1633479971,277,0,106,0,"[59,14,-28,14,-1,13,-32,14,-37,13,-1,14,-43,13,35,0,-27,13,78,0,2,14,100,0,32,14,109,0,58,14,94,0,78,14,48,0,83,14,-3,14,67,14,-52,14,54,14,-71,14,52,14,-60,14,0,0,0,0,73,14,-26,14,-107,14,-43,14,-65,14,-97,14,-36,14,76,14,-47,14,12,14,-84,14,-18,13,-118,14,-15,13,93,14,18,14,79,14,58,14,78,14,88,14,101,14,114,14,-107,14,118,14,-87,14]"
CSI_DATA,122313,d8:b1:90:d9:de:f0,-40,9,-99,-35,41,104,-1633479508,113,0,106,0,"[-99,0,-99,0,-55,0,-52,0,-15,0,-45,0,8,0,-63,0,14,0,-91,0,1,0,103,0,-16,0,82,0,-52,0,79,0,109,0,95,0,52,0,-97,0,6,0,-64,0,-15,12,-41,0,-11,12,-38,0,0,0,0,0,-3,12,-76,0,-32,12,85,0,-87,12,32,0,60,12,-2,12,-4,12,-9,12,-45,12,4,0,-54,12,32,0,-31,12,56,0,-6,12,70,0,26,12,71,0,55,12,51,0,76,12,17,0,86,12]"
CSI_DATA,122314,d8:b1:90:d9:de:f0,-40,9,-99,-37,42,104,-1633479354,113,0,106,0,"[-84,0,98,0,-36,0,-74,0,7,0,-70,0,26,0,-93,0,28,0,89,0,16,0,67,0,-8,0,52,0,-41,0,52,0,-85,0,69,0,75,0,-103,0,34,0,-63,0,21,0,-37,0,23,0,-34,0,0,0,0,0,28,0,-71,0,-6,12,85,0,-71,12,58,0,61,12,39,0,-1,11,47,0,-31,11,76,0,-29,11,-103,0,-5,11,-83,0,27,12,-76,0,58,12,-86,0,76,12,100,0,83,12,64,0,83,12]"
CSI_DATA,122315,d8:b1:90:d9:de:f0,-40,9,-99,-34,41,104,-1633479227,101,0,106,0,"[54,12,-56,12,0,12,-79,12,-39,11,-68,12,-47,11,-43,12,-42,11,-15,12,-26,11,0,0,0,11,11,0,31,12,-3,12,64,12,-37,12,99,12,-87,12,-99,12,84,12,-90,12,55,12,-90,12,50,12,0,0,0,0,-73,12,87,12,-29,12,-102,12,41,0,-99,12,-103,0,102,12,-50,0,69,12,-31,0,37,12,-45,0,18,12,-71,0,11,12,-104,0,17,12,89,0,36,12,84,0,65,12,93,0,98,12,101,0]"
CSI_DATA,122316,d8:b1:90:d9:de:f0,-40,11,-99,-34,41,104,-1633308821,100,0,228,0,"[-4,-7,-7,-9,-9,-12,-10,-15,-10,-19,-10,-21,-9,-23,91,37,-5,-24,-3,-24,-2,-22,-1,-21,0,-20,0,-18,0,-16,0,-15,-1,-13,-3,-11,-5,-9,-7,-8,-9,-7,-28,-25,-12,-5,-13,-5,-14,-5,-13,-5,-12,-5,-11,-5,0,0,-8,-2,-6,0,-5,0,-4,4,-3,7,-3,10,-43,12,-5,17,-5,20,-6,22,-7,21,-8,21,-10,21,-10,20,-10,19,-10,17,-10,15,-10,14,-9,13,-8,13,-96,12,-5,12,-4,12,-2,12,-1,13,-1,13,-1,12,-1,11,8,-5,3,-12,-6,-13,-13,-5,-14,5,-5,11,3,10,1,-20,6,-4,0,-6,-5,-2,-5,5,0,10,10,7,15,-3,10,-15,-3,-21,-19,-15,-26,1,-20,21,0,28,7,16,27,3,21,-14,4,-22,-10,-15,-16,-2,-11,9,0,0,10,6,10,-4,2,-11,-8,-10,-14,0,-10,10,-4,29,10,10,14,0,9,-8,0,-10,-5,-5,-5,1,0,3,3,0,2,-5,-3,-7,-10,-3,-11,5,-6,15,0,31,18,10,23,-4,15,-19,0,-26,-15,-19,-22,-4,-17,9]"
CSI_DATA,122317,d8:b1:90:d9:de:f0,-38,11,-99,-36,40,104,-1633062172,277,0,106,0,"[-114,15,110,15,61,15,44,15,5,15,40,15,-18,14,61,15,-8,14,90,15,15,15,114,15,60,15,-124,15,124,15,-128,15,-60,15,115,15,11,0,92,15,75,0,76,15,96,0,70,15,98,0,86,15,0,0,0,0,52,0,-81,15,42,0,-2,15,43,0,105,0,56,0,-54,0,82,0,25,1,107,0,44,1,116,0,33,1,117,0,4,1,110,0,-19,0,69,0,-50,0,31,0,-68,0,-20,15,-76,0,-56,15]"
CSI_DATA,122318,d8:b1:90:d9:de:f0,-39,9,-99,-36,40,104,-1633061709,130,0,106,0,"[86,15,73,0,10,15,-109,0,2,15,-43,0,24,15,-8,0,68,15,-11,0,109,15,-24,0,127,15,-70,0,-118,15,123,0,126,15,48,0,99,15,-27,15,68,15,-76,15,49,15,-90,15,59,15,-75,15,0,0,0,0,-95,15,-38,15,-13,15,-33,15,96,0,-59,15,-71,0,-108,15,-17,0,85,15,-10,0,48,15,-39,0,32,15,-78,0,41,15,-103,0,63,15,-116,0,101,15,-118,0,-101,15,-97,0,-56,15,-74,0]"
CSI_DATA,122319,d8:b1:90:d9:de:f0,-36,9,-99,-37,38,104,-1633029079,130,0,106,0,"[16,0,-41,0,98,0,55,1,-136,0,63,1,-88,0,14,1,-73,0,-53,0,-93,0,-110,0,-128,0,-143,0,151,0,-155,0,77,0,-138,0,19,0,-112,0,-16,19,-94,0,-25,19,-102,0,-23,19,-139,0,0,0,0,0,-49,19,86,0,-107,19,1,0,120,19,-62,19,22,19,-86,19,-57,18,-76,19,-86,18,-34,19,-68,18,19,0,-18,18,45,0,28,19,58,0,64,19,49,0,94,19,16,0,104,19,-18,19,111,19]"
CSI_DATA,122320,d8:b1:90:d9:de:f0,-37,9,-99,-35,38,104,-1633028543,113,0,106,0,"[-88,18,-46,0,-56,18,68,1,4,0,110,1,52,0,85,1,81,0,33,1,74,0,-22,0,48,0,-69,0,-8,18,-116,0,-77,18,-152,0,-149,18,127,0,119,18,107,0,112,18,100,0,134,18,80,0,0,0,0,0,-74,18,-15,18,-15,18,-91,18,30,0,106,18,46,0,1,18,30,0,-72,17,3,0,-95,17,-18,18,-64,17,-36,18,-18,17,-30,18,36,18,-11,18,75,18,35,0,113,18,89,0,136,18,112,0]"
CSI_DATA,122321,d8:b1:90:d9:de:f0,-36,9,-99,-34,37,104,-1632993025,98,0,106,0,"[-66,0,165,0,37,1,162,0,92,1,110,0,84,1,54,0,41,1,6,0,-16,0,-17,20,-62,0,-8,20,-113,0,29,0,-161,0,92,0,145,0,158,0,120,0,-144,0,98,0,-138,0,72,0,-165,0,0,0,0,0,-33,20,128,0,-129,20,110,0,97,20,122,0,18,20,161,0,-24,18,-132,0,-12,18,-104,0,28,20,-105,0,81,20,-122,0,116,20,-148,0,130,20,156,0,137,20,114,0,133,20,82,0,141,20]"
CSI_DATA,122322,d8:b1:90:d9:de:f0,-36,9,-99,-36,38,104,-1632852819,98,0,106,0,"[81,18,133,0,15,18,-115,0,11,18,-51,0,46,18,-27,0,94,18,-41,0,128,18,-70,0,144,18,-122,0,135,18,142,0,112,18,71,0,86,18,1,0,76,18,-49,18,90,18,-66,18,127,18,-66,18,0,0,0,0,-89,18,-91,18,-1,18,-132,18,80,0,120,18,144,0,54,18,-149,0,0,18,-152,0,-21,17,149,0,-5,17,115,0,17,18,110,0,57,18,115,0,96,18,134,0,137,18,-159,0,-154,18,-144,0]"
CSI_DATA,122323,d8:b1:90:d9:de:f0,-38,11,-99,-33,39,104,-1632644373,277,0,106,0,"[65,0,45,15,58,0,-44,14,29,0,-101,14,-26,15,-93,14,-46,15,-56,14,-52,15,-16,14,-44,15,30,15,-12,15,72,15,46,0,119,15,121,0,-100,15,-98,0,-80,15,-67,0,-68,15,-79,0,-64,15,0,0,0,0,126,0,-6,15,76,0,65,0,47,0,-113,0,40,0,-18,0,61,0,42,1,67,0,71,1,95,0,46,1,92,0,21,1,89,0,-26,0,87,0,-61,0,37,0,-95,0,-14,15,-115,0,-51,15]"
CSI_DATA,122324,d8:b1:90:d9:de:f0,-39,9,-99,-35,40,104,-1632643883,98,0,106,0,"[-36,0,-50,14,44,0,-91,14,70,0,120,14,55,0,99,14,21,0,97,14,-13,0,115,14,-51,0,-100,14,-90,0,-49,14,120,0,24,0,78,0,96,0,51,0,-97,0,35,0,-70,0,18,0,-76,0,0,0,0,0,-26,14,89,0,-74,14,23,0,109,14,-49,14,41,14,-106,14,-10,13,102,14,-34,13,94,14,-26,13,107,14,-2,13,-119,14,34,14,-105,14,76,14,-96,14,-113,14,-97,14,-50,14,-114,14,-5,14]"
CSI_DATA,122325,d8:b1:90:d9:de:f0,-36,9,-99,-34,37,104,-1632608974,113,0,106,0,"[-18,0,-66,20,60,1,-142,20,66,1,124,20,6,1,84,20,-53,0,88,20,-108,0,112,20,-146,0,162,20,-153,0,-118,20,-138,0,-38,20,-114,0,36,0,-104,0,82,0,-105,0,104,0,-133,0,104,0,0,0,0,0,117,0,129,0,33,0,-165,0,-26,20,-85,0,-69,20,-8,0,-66,20,56,1,-57,20,68,1,-28,20,42,1,-6,20,8,1,4,0,-40,0,-5,20,-76,0,-42,20,-116,0,-82,20,-138,0,-104,20]"
CSI_DATA,122326,d8:b1:90:d9:de:f0,-37,9,-99,-36,39,104,-1632435029,224,0,106,0,"[-75,0,-66,16,0,1,-100,16,15,1,140,16,-5,0,100,16,-41,0,86,16,-75,0,94,16,-102,0,125,16,-103,0,-118,16,-94,0,-53,16,-68,0,12,0,-47,0,54,0,-41,0,63,0,-54,0,60,0,0,0,0,0,-120,0,65,0,106,0,92,0,46,0,-127,0,4,0,-58,0,-8,16,5,1,-1,16,38,1,16,0,46,1,38,0,20,1,46,0,0,1,46,0,-26,0,26,0,-49,0,-7,16,-56,0,-23,16]"
CSI_DATA,122327,d8:b1:90:d9:de:f0,-38,9,-99,-33,39,104,-1632434875,321,0,106,0,"[-60,0,-60,15,3,1,-103,15,22,1,110,15,-6,0,67,15,-49,0,60,15,-83,0,72,15,-109,0,99,15,-104,0,-123,15,-89,0,-64,15,-58,0,-10,15,-36,0,22,0,-29,0,29,0,-37,0,26,0,0,0,0,0,-101,0,40,0,111,0,72,0,66,0,-124,0,43,0,-50,0,46,0,7,1,68,0,40,1,87,0,37,1,103,0,15,1,111,0,-13,0,103,0,-43,0,82,0,-57,0,56,0,-56,0,36,0]"
CSI_DATA,122328,d8:b1:90:d9:de:f0,-37,9,-99,-36,39,104,-1632434662,321,0,106,0,"[85,16,-90,16,7,16,-107,16,-44,15,-76,16,-43,15,-34,16,-26,15,11,0,12,16,30,0,44,16,25,0,77,16,-8,16,98,16,-63,16,105,16,-127,16,100,16,114,16,94,16,102,16,100,16,122,16,0,0,0,0,-141,16,-130,16,-70,16,-132,16,5,0,116,16,62,0,63,16,89,0,8,16,84,0,-23,15,58,0,-29,15,33,0,-15,15,12,0,14,16,4,0,33,16,20,0,56,16,47,0,69,16,58,0]"
CSI_DATA,122329,d8:b1:90:d9:de:f0,-38,9,-99,-34,39,104,-1632434431,321,0,106,0,"[80,15,-91,15,-8,14,-98,15,-59,14,-49,15,-61,14,12,0,-22,14,59,0,13,15,81,0,57,15,73,0,88,15,37,0,96,15,-21,15,86,15,-81,15,70,15,-121,15,55,15,-120,15,61,15,-101,15,0,0,0,0,121,15,-69,15,-83,15,-83,15,-23,15,122,15,11,0,52,15,8,0,-12,14,-21,15,-47,14,-50,15,-43,14,-90,15,-15,14,-109,15,22,15,-101,15,52,15,-84,15,75,15,-57,15,73,15,-38,15]"
CSI_DATA,122330,d8:b1:90:d9:de:f0,-39,9,-99,-35,40,104,-1632434263,321,0,106,0,"[-95,14,-81,0,-101,14,-1,0,-55,14,48,0,-1,14,50,0,42,0,26,0,62,0,-15,0,64,0,-51,0,36,0,-78,0,-17,14,-87,0,-68,14,-81,0,-102,14,-60,0,-106,14,-47,0,-86,14,-51,0,0,0,0,0,-51,14,-102,0,-73,14,85,0,120,14,36,0,50,14,12,0,-9,13,19,0,-38,13,49,0,-29,13,86,0,3,14,114,0,35,14,-124,0,63,14,-120,0,80,14,104,0,82,14,77,0,77,14]"
CSI_DATA,122331,d8:b1:90:d9:de:f0,-35,11,-99,-34,36,104,-1632308913,100,0,114,0,"[-26,-26,-28,-32,-28,-37,-25,-40,-23,-40,-22,-40,-17,-38,-16,-38,-16,-37,-14,-37,-13,-35,-13,-35,-14,-35,-13,-35,-13,-37,-14,-38,-14,-41,-14,-43,-16,-44,-16,-44,-14,-44,-14,-46,-14,-44,-13,-46,-13,-43,-13,-43,-11,-43,-11,-41,0,0,-11,-41,-10,-43,-10,-44,-10,-44,-10,-46,-10,-46,-10,-46,-10,-46,-8,-44,-8,-43,-10,-41,-8,-40,-8,-40,-8,-38,-8,-37,-7,-37,-8,-34,-7,-35,-7,-35,-7,-38,-7,-40,-5,-41,-5,-43,-4,-43,-2,-43,0,-43,2,-41,4,-37]"
CSI_DATA,122332,d8:b1:90:d9:de:f0,-38,9,-99,-34,39,104,-1632226102,124,0,106,0,"[106,15,118,15,18,15,87,15,-45,14,118,15,-60,14,-101,15,-49,14,-50,15,-19,14,-12,15,21,15,0,0,67,15,-12,15,113,15,-63,15,-127,15,-115,15,-115,15,104,15,-114,15,78,15,-114,15,87,15,0,0,0,0,-69,15,126,15,-6,15,-127,15,74,0,129,15,-126,0,91,15,-87,0,31,15,-84,0,-4,14,-120,0,-16,14,111,0,-8,14,74,0,10,15,51,0,39,15,50,0,84,15,76,0,120,15,103,0]"
CSI_DATA,122333,d8:b1:90:d9:de:f0,-37,9,-99,-37,39,104,-1632225981,130,0,106,0,"[60,17,-20,17,-30,16,4,0,-65,16,56,0,-54,16,110,0,-12,16,145,0,26,17,-133,0,63,17,142,0,88,17,116,0,99,17,58,0,93,17,-3,17,83,17,-60,17,79,17,-80,17,88,17,-78,17,0,0,0,0,137,17,-76,17,-98,17,-108,17,-55,17,118,17,-25,17,45,17,-27,17,-18,16,-51,17,-42,16,-83,17,-39,16,-109,17,-9,16,-129,17,26,17,-124,17,65,17,-99,17,98,17,-63,17,107,17,-27,17]"
CSI_DATA,122334,d8:b1:90:d9:de:f0,-37,11,-99,-35,38,104,-1631599876,277,0,106,0,"[-130,0,150,18,-78,0,66,18,-81,0,3,18,-127,0,-12,17,146,0,-6,17,129,0,39,18,122,0,80,18,145,0,125,18,-125,0,-121,18,-89,0,-67,18,-59,0,-26,18,-62,0,-7,18,-86,0,7,0,0,0,0,0,133,0,55,0,59,0,110,0,2,0,-121,0,-44,18,-45,0,-63,18,20,1,-62,18,52,1,-51,18,45,1,-40,18,22,1,-28,18,-12,0,-29,18,-41,0,-50,18,-70,0,-89,18,-105,0,-106,18]"
CSI_DATA,122335,d8:b1:90:d9:de:f0,-37,9,-99,-36,39,104,-1631599395,98,0,106,0,"[-68,0,65,0,38,1,40,0,86,1,-17,16,61,1,-75,16,15,1,-109,16,-31,0,-109,16,-67,0,-87,16,-95,0,-40,16,-102,0,26,0,-96,0,87,0,-94,0,124,0,-88,0,129,0,-109,0,118,0,0,0,0,0,79,0,90,0,-3,16,105,0,-85,16,-143,0,138,16,-85,0,105,16,-20,0,116,16,14,1,142,16,14,1,-109,16,0,1,-84,16,-22,0,-70,16,-54,0,-80,16,-88,0,-107,16,-122,0,-122,16]"
CSI_DATA,122336,d8:b1:90:d9:de:f0,-38,9,-99,-37,40,104,-1631599299,130,0,106,0,"[-120,15,-92,0,129,15,4,1,-94,15,57,1,-37,15,67,1,-5,15,39,1,19,0,-5,0,13,0,-43,0,-18,15,-75,0,-77,15,-107,0,-127,15,-117,0,97,15,-124,0,94,15,-127,0,113,15,121,0,0,0,0,0,-99,15,48,0,-92,15,-27,15,-113,15,-108,15,113,15,85,15,69,15,42,15,32,15,36,15,18,15,65,15,27,15,98,15,40,15,129,15,66,15,-117,15,102,15,-118,15,-129,15,-130,15,-112,15]"
CSI_DATA,122337,d8:b1:90:d9:de:f0,-37,9,-99,-36,39,104,-1631599155,113,0,106,0,"[49,0,-65,0,125,0,13,1,-84,0,20,1,-32,0,-23,0,-31,0,-87,0,-53,0,-125,0,-93,0,139,0,-143,0,140,0,87,0,-120,0,44,0,-79,0,19,0,-51,0,20,0,-46,0,20,0,-77,0,0,0,0,0,-16,16,120,0,-76,16,67,0,115,16,38,0,30,16,33,0,-31,15,59,0,-53,15,95,0,-31,15,121,0,8,16,-142,0,51,16,-140,0,81,16,132,0,96,16,98,0,94,16,59,0,95,16]"
CSI_DATA,122338,d8:b1:90:d9:de:f0,-38,9,-99,-35,39,104,-1631599028,113,0,106,0,"[-97,16,78,16,90,16,27,16,10,16,45,16,-21,15,101,16,-11,15,-118,16,13,16,-76,16,55,16,-64,16,91,16,-75,16,137,16,-119,16,-115,16,115,16,-101,16,89,16,-93,16,92,16,-87,16,117,16,0,0,0,0,-26,16,-105,16,52,0,-75,16,-136,0,-93,16,-58,0,-124,16,-19,0,107,16,-11,0,66,16,-44,0,39,16,-80,0,38,16,-125,0,49,16,127,0,68,16,122,0,104,16,130,0,126,16,134,0]"
CSI_DATA,122339,d8:b1:90:d9:de:f0,-37,9,-99,-34,38,104,-1631390505,130,0,106,0,"[-30,17,-48,0,2,0,42,1,71,0,74,1,120,0,45,1,146,0,-3,0,143,0,-58,0,118,0,-92,0,65,0,-104,0,-7,17,-101,0,-60,17,-83,0,-99,17,-66,0,-108,17,-61,0,-92,17,-90,0,0,0,0,0,-90,17,130,0,-120,17,59,0,117,17,-1,17,47,17,-43,17,-21,16,-55,17,-49,16,-36,17,-45,16,-8,17,-19,16,17,0,13,17,34,0,39,17,33,0,66,17,8,0,82,17,-19,17,87,17]"
CSI_DATA,122340,d8:b1:90:d9:de:f0,-38,9,-99,-35,39,104,-1631390361,101,0,106,0,"[126,0,-71,0,-65,0,-30,0,-9,0,-53,0,8,1,-102,0,6,1,122,0,-30,0,86,0,-65,0,78,0,-110,0,103,0,121,0,135,0,97,0,-94,0,78,0,-55,0,74,0,-58,0,73,0,-81,0,0,0,0,0,30,0,-128,0,-38,16,112,0,-126,16,122,0,83,16,-137,0,37,16,-97,0,38,16,-57,0,52,16,-38,0,102,16,-41,0,131,16,-53,0,-133,16,-71,0,-129,16,-99,0,137,16,-125,0,128,16]"
CSI_DATA,122341,d8:b1:90:d9:de:f0,-38,9,-99,-33,39,104,-1631390238,252,0,106,0,"[-38,0,-19,15,30,1,-76,15,37,1,121,15,2,1,76,15,-53,0,66,15,-94,0,79,15,-117,0,111,15,-117,0,-110,15,-98,0,-58,15,-66,0,-17,15,-42,0,1,0,-40,0,3,0,-59,0,-5,15,0,0,0,0,-126,0,23,0,92,0,68,0,73,0,-117,0,76,0,-45,0,99,0,5,1,-130,0,20,1,-104,0,3,1,-89,0,-32,0,-94,0,-69,0,-103,0,-92,0,-128,0,-101,0,107,0,-97,0,92,0]"
CSI_DATA,122342,d8:b1:90:d9:de:f0,-38,9,-99,-35,39,104,-1631390072,98,0,106,0,"[-102,0,113,16,-79,0,21,16,-117,0,-41,15,94,0,-53,15,34,0,-22,15,15,0,15,16,5,0,56,16,37,0,92,16,86,0,112,16,138,0,122,16,-110,0,118,16,-109,0,113,16,-124,0,125,16,0,0,0,0,113,0,-86,16,125,0,-17,16,-113,0,45,0,-54,0,94,0,5,1,110,0,41,1,89,0,39,1,54,0,21,1,16,0,-5,0,-10,16,-34,0,-20,16,-57,0,-10,16,-68,0,17,0,-78,0]"
CSI_DATA,122343,d8:b1:90:d9:de:f0,-40,11,-99,-33,41,104,-1631309194,100,0,228,0,"[2,8,4,12,4,15,4,18,3,21,1,22,0,23,89,36,-3,22,-4,22,-4,19,-5,19,-5,17,-4,16,-4,14,-3,13,-1,13,0,13,2,12,4,12,6,11,-27,-24,8,11,9,11,9,11,8,10,9,10,8,8,0,0,8,6,8,4,8,3,8,0,8,-1,10,-4,-83,0,13,-8,15,-9,17,-10,17,-10,18,-11,18,-10,18,-9,18,-8,17,-8,17,-7,16,-6,17,-5,15,-5,-27,0,13,-6,13,-6,11,-7,10,-7,9,-6,8,-7,8,-6,-10,3,-5,11,4,13,11,8,13,-1,8,-9,-1,-11,-8,18,-7,3,-1,8,5,5,9,-2,4,-11,-5,-12,-15,-5,-17,8,-7,19,8,21,22,10,25,-8,13,-23,0,-13,-21,-13,-23,4,-11,17,4,19,14,8,14,-4,0,0,-6,-10,-13,-1,-9,8,0,13,11,8,14,-3,19,-18,-4,-14,-12,-6,-13,4,-4,10,3,8,8,2,4,-4,-1,-4,-5,0,-4,5,3,8,9,4,13,-5,21,-20,-5,-17,-19,-11,-22,4,-15,18,0,23,13,17,19,4]"
CSI_DATA,122344,d8:b1:90:d9:de:f0,-37,9,-99,-35,39,104,-1631181596,113,0,106,0,"[41,16,19,0,-22,15,77,0,-25,15,-133,0,9,16,-88,0,62,16,-80,0,92,16,-91,0,116,16,-114,0,113,16,137,0,95,16,102,0,71,16,69,0,67,16,44,0,67,16,29,0,83,16,23,0,0,0,0,0,-137,16,-15,16,-114,16,-59,16,-109,16,-136,16,-118,16,77,16,131,16,19,16,94,16,2,16,64,16,25,16,38,16,58,16,32,16,95,16,42,16,137,16,61,16,-123,16,86,16,-124,16,113,16]"
CSI_DATA,122345,d8:b1:90:d9:de:f0,-37,9,-99,-35,38,104,-1631181496,113,0,106,0,"[106,18,-145,0,85,18,-53,0,128,18,11,1,-121,18,20,1,-72,18,0,1,-41,18,-29,0,-36,18,-66,0,-52,18,-89,0,-100,18,-105,0,-133,18,-116,0,152,18,-125,0,150,18,-140,0,-143,18,150,0,0,0,0,0,-129,18,97,0,-136,18,26,0,124,18,-36,18,66,18,-81,18,2,18,-101,18,-35,17,-88,18,-46,17,-45,18,-36,17,-9,18,-9,17,34,0,18,18,56,0,48,18,55,0,64,18,44,0,92,18]"
CSI_DATA,122346,d8:b1:90:d9:de:f0,-36,11,-99,-36,38,104,-1630973178,277,0,106,0,"[-33,18,-45,0,-6,18,32,1,59,0,61,1,93,0,39,1,133,0,-7,0,139,0,-50,0,134,0,-79,0,93,0,-89,0,37,0,-84,0,-6,18,-73,0,-49,18,-66,0,-60,18,-80,0,-59,18,-108,0,0,0,0,0,-79,18,-153,0,-123,18,112,0,119,18,79,0,56,18,62,0,-10,17,70,0,-32,17,112,0,-13,17,127,0,17,18,147,0,55,18,-158,0,86,18,159,0,115,18,139,0,128,18,114,0,135,18]"
CSI_DATA,122347,d8:b1:90:d9:de:f0,-37,9,-99,-33,38,104,-1630972724,108,0,106,0,"[-123,17,68,17,114,17,10,17,63,17,8,17,46,17,32,17,61,17,65,17,83,17,95,17,122,17,108,17,-123,17,99,17,-63,17,81,17,5,0,62,17,54,0,62,17,81,0,65,17,88,0,88,17,0,0,0,0,114,0,-124,17,136,0,-58,17,-103,0,17,0,-47,0,80,0,1,1,120,0,32,1,129,0,34,1,117,0,21,1,94,0,-2,0,78,0,-40,0,70,0,-85,0,83,0,-122,0,107,0,139,0]"
CSI_DATA,122348,d8:b1:90:d9:de:f0,-38,9,-99,-34,39,104,-1630763833,130,0,106,0,"[73,0,-24,0,-124,0,33,1,-68,0,24,1,-43,0,-20,0,-45,0,-68,0,-78,0,-100,0,-110,0,-116,0,111,0,-113,0,54,0,-95,0,8,0,-74,0,-26,15,-62,0,-41,15,-69,0,-47,15,-90,0,0,0,0,0,-90,15,103,0,-120,15,52,0,85,15,1,0,21,15,-31,15,-26,14,-43,15,-52,14,-36,15,-48,14,-19,15,-23,14,2,0,5,15,11,0,29,15,12,0,58,15,-2,15,80,15,-34,15,95,15]"
CSI_DATA,122349,d8:b1:90:d9:de:f0,-37,11,-99,-37,39,104,-1630555379,277,0,106,0,"[75,0,50,17,64,0,-39,16,17,0,-88,16,-21,17,-79,16,-62,17,-33,16,-63,17,10,17,-58,17,41,17,-17,17,73,17,51,0,97,17,113,0,118,17,-140,0,136,17,-122,0,-145,17,-127,0,-129,17,0,0,0,0,129,0,-60,17,117,0,25,0,136,0,113,0,-133,0,-97,0,-98,0,-49,0,-50,0,-26,0,-45,0,-41,0,-42,0,-71,0,-63,0,-113,0,-83,0,-138,0,-128,0,-140,0,123,0,-131,0,95,0]"
CSI_DATA,122350,d8:b1:90:d9:de:f0,-37,9,-99,-36,39,104,-1630554880,130,0,106,0,"[-67,16,-43,0,-48,16,41,1,7,0,76,1,51,0,62,1,87,0,33,1,100,0,-14,0,92,0,-50,0,57,0,-70,0,-3,16,-88,0,-58,16,-93,0,-99,16,-89,0,-118,16,-95,0,-111,16,-109,0,0,0,0,0,-100,16,109,0,-123,16,39,0,116,16,-26,16,50,16,-76,16,-11,15,-90,16,-42,15,-76,16,-48,15,-48,16,-23,15,-21,16,4,16,2,0,25,16,14,0,60,16,0,0,85,16,-25,16,97,16]"
CSI_DATA,122351,d8:b1:90:d9:de:f0,-38,9,-99,-34,39,104,-1630554763,113,0,106,0,"[-131,15,79,15,62,15,37,15,1,15,50,15,-20,14,100,15,-14,14,-119,15,5,15,-83,15,39,15,-66,15,79,15,-78,15,121,15,-117,15,-121,15,118,15,-92,15,82,15,-86,15,76,15,-78,15,91,15,0,0,0,0,-32,15,129,15,34,0,-117,15,108,0,-127,15,-90,0,120,15,-47,0,78,15,-45,0,43,15,-63,0,28,15,-97,0,25,15,132,0,31,15,113,0,54,15,108,0,85,15,115,0,114,15,124,0]"
CSI_DATA,122352,d8:b1:90:d9:de:f0,-37,9,-99,-35,38,104,-1630345980,98,0,106,0,"[-108,0,136,18,-89,0,41,18,-127,0,-23,17,129,0,-39,17,69,0,-14,17,31,0,19,18,23,0,50,18,44,0,81,18,86,0,117,18,133,0,134,18,-146,0,148,18,-144,0,151,18,151,0,-140,18,0,0,0,0,129,0,-73,18,138,0,-2,18,-124,0,67,0,-66,0,118,0,-2,0,132,0,35,1,112,0,36,1,80,0,18,1,37,0,-6,0,6,0,-30,0,-3,18,-53,0,-1,18,-72,0,9,0,-88,0]"
CSI_DATA,122353,d8:b1:90:d9:de:f0,-34,11,-99,-35,36,104,-1630309177,100,0,114,0,"[-26,-29,-27,-33,-29,-36,-27,-40,-27,-40,-27,-40,-24,-36,-23,-36,-23,-35,-21,-35,-23,-32,-23,-32,-24,-30,-24,-29,-27,-29,-29,-29,-32,-30,-33,-32,-36,-32,-38,-30,-38,-30,-38,-30,-36,-29,-40,-26,-38,-26,-40,-23,-40,-21,-40,-21,0,0,-40,-20,-41,-18,-43,-16,-43,-16,-44,-18,-44,-16,-46,-16,-46,-15,-44,-12,-44,-9,-44,-6,-43,-6,-41,-3,-40,-3,-38,-1,-38,0,-36,1,-38,1,-38,1,-40,1,-43,3,-43,3,-44,4,-47,6,-47,6,-46,3,-44,1,-40,1]"
CSI_DATA,122354,d8:b1:90:d9:de:f0,-37,9,-99,-36,39,104,-1630137117,113,0,106,0,"[-85,0,-120,16,-23,0,100,16,-16,0,42,16,-52,0,12,16,-90,0,19,16,-127,0,48,16,142,0,92,16,141,0,-139,16,-123,0,-54,16,-90,0,22,0,-61,0,66,0,-49,0,83,0,-54,0,86,0,0,0,0,0,134,0,83,0,60,0,108,0,-17,16,-124,0,-77,16,-50,0,-105,16,11,1,-113,16,41,1,-92,16,38,1,-75,16,3,1,-68,16,-31,0,-69,16,-67,0,-103,16,-102,0,139,16,-129,0,112,16]"
CSI_DATA,122355,d8:b1:90:d9:de:f0,-36,9,-99,-36,38,104,-1630113805,130,0,106,0,"[-85,0,-142,18,-26,0,96,18,-36,0,27,18,-86,0,-3,17,-142,0,6,18,139,0,31,18,122,0,76,18,137,0,127,18,-151,0,-133,18,-104,0,-81,18,-76,0,-52,18,-70,0,-36,18,-90,0,-28,18,0,0,0,0,-142,0,35,0,142,0,89,0,123,0,-147,0,123,0,-70,0,139,0,-13,0,159,0,10,1,-144,0,-8,0,-148,0,-35,0,-143,0,-69,0,-154,0,-98,0,135,0,-117,0,99,0,-114,0,75,0]"
CSI_DATA,122356,d8:b1:90:d9:de:f0,-38,11,-99,-35,39,104,-1629719781,277,0,106,0,"[61,16,122,0,8,16,-74,0,30,16,-13,0,70,16,7,1,124,16,0,1,-123,16,-29,0,-106,16,-66,0,-117,16,-125,0,-139,16,100,0,104,16,46,0,75,16,10,0,76,16,-3,16,98,16,-10,16,0,0,0,0,-92,16,-53,16,-44,16,-101,16,7,0,94,16,31,0,13,16,33,0,-45,15,8,0,-66,15,-10,16,-46,15,-39,16,-14,15,-40,16,15,16,-28,16,41,16,-7,16,68,16,18,0,81,16,33,0]"
CSI_DATA,122357,d8:b1:90:d9:de:f0,-37,9,-99,-36,39,104,-1629719318,98,0,106,0,"[103,0,-48,0,-96,0,-2,0,-16,0,-21,0,7,1,-84,0,1,1,-139,0,-32,0,109,0,-75,0,92,0,-124,0,100,0,111,0,142,0,66,0,-103,0,53,0,-71,0,44,0,-68,0,44,0,-85,0,0,0,0,0,-15,16,118,0,-77,16,85,0,117,16,69,0,34,16,89,0,-20,15,126,0,-30,15,-129,0,4,16,-100,0,48,16,-99,0,90,16,-113,0,118,16,-129,0,120,16,122,0,114,16,86,0,109,16]"
CSI_DATA,122358,d8:b1:90:d9:de:f0,-38,9,-99,-34,39,104,-1629719177,130,0,106,0,"[116,15,-84,0,116,15,13,1,-104,15,68,1,-44,15,64,1,3,0,41,1,23,0,-7,0,25,0,-46,0,-7,15,-84,0,-61,15,-112,0,-112,15,-126,0,119,15,-122,0,114,15,-122,0,131,15,-134,0,0,0,0,0,-105,15,56,0,-112,15,-18,15,126,15,-91,15,58,15,124,15,-1,14,103,15,-27,14,121,15,-30,14,-110,15,-7,14,-72,15,23,15,-47,15,49,15,-36,15,78,15,-49,15,101,15,-73,15,108,15]"
CSI_DATA,122359,d8:b1:90:d9:de:f0,-38,9,-99,-36,40,104,-1629510391,341,0,106,0,"[21,0,-23,0,60,0,56,1,114,0,74,1,-113,0,53,1,-102,0,8,1,-116,0,-30,0,117,0,-69,0,68,0,-91,0,2,0,-110,0,-56,15,-123,0,-101,15,123,0,-124,15,117,0,-122,15,90,0,0,0,0,0,-88,15,5,0,-78,15,-64,15,-79,15,107,15,-97,15,37,15,-121,15,-19,14,120,15,-27,14,120,15,-5,14,125,15,25,15,-119,15,55,15,-99,15,83,15,-56,15,96,15,-18,15,100,15,10,0]"
CSI_DATA,122360,d8:b1:90:d9:de:f0,-37,9,-99,-35,39,104,-1629510162,321,0,106,0,"[0,0,-22,0,29,0,61,1,79,0,88,1,110,0,63,1,133,0,30,1,122,0,-11,0,105,0,-49,0,63,0,-69,0,2,0,-94,0,-58,16,-116,0,-109,16,-138,0,-131,16,124,0,-127,16,95,0,0,0,0,0,-106,16,15,0,-100,16,-65,16,-115,16,128,16,-135,16,52,16,113,16,4,16,90,16,-1,15,88,16,11,16,91,16,45,16,112,16,80,16,136,16,98,16,-109,16,103,16,-67,16,106,16,-44,16]"
CSI_DATA,122361,d8:b1:90:d9:de:f0,-36,9,-99,-37,38,104,-1629481415,101,0,106,0,"[-139,0,151,0,-54,0,-129,0,16,1,-130,0,31,1,-163,0,22,1,133,0,-12,0,111,0,-51,0,107,0,-94,0,126,0,-164,0,-152,0,107,0,-102,0,58,0,-63,0,29,0,-50,0,23,0,-79,0,0,0,0,0,-6,19,-159,0,-76,19,79,0,160,19,20,0,59,19,-28,19,-14,18,-47,19,-59,18,-45,19,-58,18,-15,19,-32,18,-9,19,0,19,1,0,33,19,-12,19,63,19,-42,19,82,19,-88,19,97,19]"
CSI_DATA,122362,d8:b1:90:d9:de:f0,-41,11,-99,-35,42,104,-1629308868,100,0,228,0,"[-5,-7,-7,-9,-10,-11,-10,-13,-12,-15,-12,-16,-11,-18,84,34,-9,-19,-8,-18,-7,-18,-6,-17,-6,-16,-5,-15,-5,-14,-5,-13,-6,-12,-6,-10,-8,-8,-9,-6,-10,-5,-26,-23,-12,-2,-13,0,-13,0,-13,0,-13,0,-13,0,0,0,-10,2,-10,3,-8,4,-6,6,-6,7,-4,10,-60,11,-3,15,-2,17,-3,19,-3,20,-3,20,-3,20,-4,20,-5,20,-5,19,-5,18,-6,16,-6,16,-5,14,-71,11,-3,13,-2,12,0,11,0,11,0,10,1,10,1,9,6,-6,0,-11,-9,-9,-13,0,-10,9,0,13,8,8,0,-20,5,-7,-3,-8,-8,-2,-6,6,1,10,10,6,14,-3,7,-14,-5,-18,-18,-10,-21,6,-13,21,6,24,10,10,23,-4,13,-18,-3,-20,-16,-11,-16,3,-8,13,0,0,11,4,10,-6,0,-11,-8,-7,-11,2,-6,11,1,25,12,4,11,-6,3,-12,-5,-10,-9,-2,-6,4,0,6,5,1,3,-3,-2,-6,-9,-3,-10,6,-3,13,3,28,18,6,20,-7,10,-20,-5,-23,-18,-13,-22,0,-14,12]"
CSI_DATA,122363,d8:b1:90:d9:de:f0,-38,11,-99,-35,39,104,-1629301982,277,0,106,0,"[-33,0,4,0,43,1,-39,16,61,1,-94,16,26,1,135,16,-20,0,107,16,-61,0,109,16,-92,0,121,16,-109,0,-123,16,-113,0,-70,16,-103,0,-22,16,-93,0,16,0,-87,0,30,0,-98,0,35,0,0,0,0,0,134,0,67,0,93,0,104,0,62,0,-105,0,62,0,-33,0,89,0,22,1,125,0,37,1,-129,0,18,1,-106,0,-29,0,-101,0,-69,0,-103,0,-102,0,-126,0,-125,0,114,0,-134,0,88,0]"
CSI_DATA,122364,d8:b1:90:d9:de:f0,-37,9,-99,-32,38,104,-1629301510,130,0,106,0,"[129,0,74,16,-130,0,-3,15,141,0,-50,15,105,0,-56,15,80,0,-23,15,67,0,8,16,69,0,49,16,88,0,90,16,134,0,140,16,-109,0,-90,16,-76,0,-48,16,-60,0,-26,16,-78,0,-2,16,0,0,0,0,-129,0,50,0,111,0,104,0,72,0,-104,0,43,0,-32,0,38,0,31,1,41,0,62,1,52,0,48,1,58,0,30,1,65,0,-7,0,58,0,-41,0,29,0,-75,0,-15,16,-96,0,-51,16]"
CSI_DATA,122365,d8:b1:90:d9:de:f0,-38,9,-99,-34,39,104,-1629301384,113,0,106,0,"[94,15,-113,0,52,15,-51,0,61,15,-5,0,92,15,3,1,118,15,-6,0,-123,15,-33,0,-118,15,-70,0,-131,15,-110,0,120,15,102,0,96,15,46,0,69,15,0,0,70,15,-24,15,80,15,-41,15,0,0,0,0,-132,15,-79,15,-83,15,-111,15,-34,15,90,15,-2,15,24,15,15,0,-31,14,11,0,-59,14,-6,15,-54,14,-25,15,-29,14,-34,15,4,15,-24,15,33,15,-7,15,72,15,25,0,96,15,56,0]"
CSI_DATA,122366,d8:b1:90:d9:de:f0,-37,9,-99,-32,38,104,-1629301239,113,0,106,0,"[104,0,-52,0,-132,0,4,1,-95,0,4,1,-78,0,-22,0,-75,0,-48,0,-93,0,-74,0,-122,0,-92,0,130,0,-95,0,66,0,-89,0,4,0,-81,0,-42,16,-70,0,-74,16,-88,0,-85,16,-107,0,0,0,0,0,-122,16,125,0,-142,16,63,0,81,16,8,0,19,16,-38,16,-26,15,-63,16,-47,15,-66,16,-50,15,-42,16,-25,15,-34,16,1,16,-10,16,29,16,-10,16,68,16,-21,16,96,16,-57,16,118,16]"
CSI_DATA,122367,d8:b1:90:d9:de:f0,-37,9,-99,-38,39,104,-1629092584,98,0,106,0,"[135,17,136,17,35,17,98,17,-35,16,123,17,-59,16,-123,17,-49,16,-66,17,-10,16,-39,17,26,17,-26,17,70,17,-41,17,128,17,-93,17,-146,17,-149,17,-114,17,109,17,-109,17,92,17,-105,17,112,17,0,0,0,0,-60,17,-130,17,23,0,-89,17,124,0,-91,17,-78,0,-114,17,-16,0,143,17,2,1,92,17,-27,0,54,17,-74,0,49,17,-118,0,57,17,146,0,82,17,135,0,123,17,148,0,-131,17,-142,0]"
CSI_DATA,122368,d8:b1:90:d9:de:f0,-37,9,-99,-35,38,104,-1629092479,130,0,106,0,"[-89,0,91,0,7,1,110,0,72,1,66,0,79,1,8,0,50,1,-34,18,9,1,-58,18,-30,0,-58,18,-62,0,-26,18,-90,0,37,0,-107,0,100,0,-123,0,152,0,-123,0,-145,0,-136,0,-150,0,0,0,0,0,103,0,125,0,26,0,122,0,-66,18,152,0,-144,18,-102,0,129,18,-35,0,128,18,13,1,-154,18,25,1,-114,18,18,1,-74,18,0,1,-52,18,-42,0,-56,18,-81,0,-83,18,-118,0,-100,18]"
CSI_DATA,122369,d8:b1:90:d9:de:f0,-37,9,-99,-34,38,104,-1629044890,224,0,106,0,"[67,0,-74,0,143,0,-4,0,-80,0,-3,0,-29,0,-47,0,-26,0,-114,0,-34,0,140,0,-61,0,118,0,-93,0,122,0,-125,0,-148,0,-148,0,-118,0,134,0,-98,0,130,0,-99,0,115,0,-127,0,0,0,0,0,41,0,124,0,-24,17,133,0,-99,17,-133,0,148,17,-78,0,136,17,-17,0,-149,17,24,1,-110,17,27,1,-67,17,17,1,-27,17,-2,0,-17,17,-29,0,-19,17,-49,0,-17,17,-64,0,-17,17]"
CSI_DATA,122370,d8:b1:90:d9:de:f0,-36,11,-99,-36,38,104,-1628884183,277,0,106,0,"[30,0,-36,0,96,0,41,1,-157,0,45,1,-115,0,3,1,-104,0,-50,0,-123,0,-95,0,-154,0,-122,0,120,0,-132,0,47,0,-124,0,-7,18,-109,0,-45,18,-94,0,-60,18,-99,0,-60,18,-120,0,0,0,0,0,-94,18,104,0,-125,18,30,0,119,18,-32,18,40,18,-78,18,-27,17,-83,18,-61,17,-71,18,-51,17,-36,18,-23,17,-15,18,12,18,7,0,36,18,10,0,69,18,-11,18,91,18,-41,18,108,18]"
CSI_DATA,122371,d8:b1:90:d9:de:f0,-36,9,-99,-33,37,104,-1628883720,113,0,106,0,"[-47,0,-23,19,38,1,-86,19,46,1,164,19,6,1,115,19,-54,0,103,19,-103,0,111,19,-132,0,142,19,-128,0,-141,19,-108,0,-81,19,-85,0,-31,19,-71,0,2,0,-75,0,14,0,-102,0,16,0,0,0,0,0,155,0,60,0,104,0,115,0,72,0,-121,0,71,0,-41,0,91,0,23,1,124,0,41,1,150,0,28,1,-160,0,-11,0,-160,0,-49,0,164,0,-85,0,138,0,-97,0,111,0,-98,0,91,0]"
CSI_DATA,122372,d8:b1:90:d9:de:f0,-36,9,-99,-36,38,104,-1628883602,113,0,106,0,"[-60,0,103,0,35,1,108,0,78,1,67,0,62,1,36,0,27,1,16,0,-18,0,11,0,-64,0,28,0,-114,0,73,0,154,0,135,0,103,0,-132,0,61,0,-99,0,36,0,-95,0,13,0,-112,0,0,0,0,0,-64,18,119,0,-120,18,55,0,115,18,-8,18,36,18,-57,18,-28,17,-81,18,-57,17,-89,18,-42,17,-83,18,-16,17,-75,18,13,18,-73,18,50,18,-78,18,93,18,-101,18,122,18,-129,18,158,18]"
CSI_DATA,122373,d8:b1:90:d9:de:f0,-37,9,-99,-39,39,104,-1628883475,98,0,106,0,"[37,18,-37,18,-53,17,-6,18,-89,17,53,0,-61,17,89,0,-13,17,105,0,40,18,95,0,74,18,66,0,110,18,12,0,145,18,-68,18,-154,18,-133,18,-130,18,128,18,-110,18,116,18,-90,18,136,18,0,0,0,0,-8,18,-122,18,80,0,-80,18,-129,0,-56,18,-29,0,-48,18,40,1,-57,18,64,1,-79,18,47,1,-89,18,9,1,-89,18,-20,0,-83,18,-45,0,-64,18,-77,0,-24,18,-99,0,18,0,-110,0]"
CSI_DATA,122374,d8:b1:90:d9:de:f0,-37,11,-99,-33,38,104,-1628466384,277,0,106,0,"[-20,0,-33,17,58,1,-87,17,70,1,-144,17,32,1,116,17,-17,0,115,17,-61,0,128,17,-93,0,-137,17,-117,0,-78,17,-131,0,-6,17,-138,0,66,0,-144,0,120,0,142,0,-147,0,123,0,144,0,0,0,0,0,30,0,142,0,-46,17,144,0,-133,17,-123,0,90,17,-78,0,50,17,-36,0,49,17,-13,0,79,17,-24,0,117,17,-47,0,145,17,-75,0,-133,17,-116,0,-139,17,122,0,131,17,69,0,116,17]"
CSI_DATA,122375,d8:b1:90:d9:de:f0,-37,9,-99,-35,38,104,-1628465912,98,0,106,0,"[-78,0,-154,18,-34,0,73,18,-48,0,17,18,-92,0,-7,17,-146,0,4,18,130,0,34,18,113,0,77,18,119,0,124,18,144,0,-122,18,-136,0,-68,18,-108,0,-14,18,-102,0,9,0,-122,0,22,0,0,0,0,0,138,0,73,0,92,0,143,0,72,0,-85,0,61,0,-2,0,79,0,47,1,105,0,58,1,119,0,35,1,129,0,-9,0,125,0,-51,0,96,0,-85,0,57,0,-112,0,9,0,-113,0,-18,18]"
CSI_DATA,122376,d8:b1:90:d9:de:f0,-37,9,-99,-37,39,104,-1628465807,130,0,106,0,"[100,17,-100,0,87,17,0,1,128,17,55,1,-109,17,61,1,-51,17,34,1,-35,17,-8,0,-21,17,-56,0,-42,17,-109,0,-84,17,133,0,-132,17,95,0,116,17,70,0,93,17,60,0,103,17,42,0,0,0,0,0,-132,17,-18,17,-121,17,-93,17,-127,17,121,17,143,17,38,17,99,17,-16,16,64,17,-2,16,60,17,40,17,62,17,94,17,87,17,131,17,120,17,-140,17,-123,17,-136,17,-70,17,136,17,-51,17]"
CSI_DATA,122377,d8:b1:90:d9:de:f0,-35,11,-99,-35,36,104,-1628308815,100,0,114,0,"[-18,-35,-18,-40,-18,-43,-16,-44,-16,-46,-16,-43,-13,-43,-13,-40,-13,-38,-13,-38,-13,-36,-15,-36,-15,-33,-15,-35,-16,-36,-18,-38,-20,-38,-21,-41,-24,-41,-26,-41,-26,-40,-27,-40,-27,-38,-29,-38,-30,-38,-29,-36,-30,-36,-29,-33,0,0,-30,-32,-30,-32,-30,-32,-33,-32,-32,-30,-33,-30,-35,-30,-35,-30,-36,-29,-36,-27,-35,-26,-35,-24,-33,-21,-33,-20,-32,-18,-32,-16,-32,-15,-32,-15,-33,-15,-33,-15,-35,-15,-38,-16,-40,-16,-38,-18,-38,-20,-38,-20,-35,-20,-32,-18]"
CSI_DATA,122378,d8:b1:90:d9:de:f0,-36,11,-99,-34,37,104,-1628257485,277,0,106,0,"[-170,0,-169,0,-74,0,-102,0,13,1,-102,0,53,1,-148,0,60,1,129,0,33,1,86,0,-12,0,57,0,-77,0,61,0,-161,0,100,0,110,0,-165,0,66,0,-100,0,52,0,-61,0,54,0,-72,0,0,0,0,0,29,0,-150,0,-48,20,129,0,-170,20,102,0,52,20,102,0,-30,18,142,0,-53,18,-154,0,-20,18,-124,0,40,20,-112,0,93,20,-124,0,130,20,-164,0,146,20,117,0,133,20,48,0,112,20]"
CSI_DATA,122379,d8:b1:90:d9:de:f0,-37,9,-99,-36,38,104,-1628257040,98,0,106,0,"[114,18,73,0,1,18,115,0,-42,17,-146,0,-40,17,-105,0,0,18,-89,0,40,18,-100,0,75,18,-134,0,115,18,124,0,149,18,23,0,-158,18,-90,18,-147,18,138,18,-152,18,94,18,-147,18,90,18,0,0,0,0,-76,18,-159,18,16,0,-108,18,149,0,-94,18,-47,0,-81,18,37,1,-100,18,74,1,-130,18,54,1,-142,18,10,1,-152,18,-45,0,-132,18,-91,0,-89,18,-125,0,-18,18,-144,0,64,0,-144,0]"
CSI_DATA,122380,d8:b1:90:d9:de:f0,-36,9,-99,-37,38,104,-1628249808,407,0,106,0,"[-53,19,-98,0,-80,19,16,1,-63,19,89,1,-38,19,99,1,-9,19,90,1,3,0,45,1,-2,19,-3,0,-32,19,-67,0,-93,19,-158,0,-164,19,77,0,108,19,5,0,66,19,-28,19,72,19,-41,19,0,0,0,0,-152,19,-66,19,-45,19,-93,19,75,0,-163,19,-149,0,91,19,-82,0,16,19,-64,0,-19,18,-80,0,-20,18,-112,0,12,19,-141,0,59,19,-158,0,116,19,-155,0,-138,19,-136,0,-59,19,-115,0]"
CSI_DATA,122381,d8:b1:90:d9:de:f0,-37,9,-99,-35,38,104,-1628248370,98,0,106,0,"[-141,18,-145,0,128,18,-40,0,149,18,41,1,-106,18,74,1,-51,18,64,1,6,0,34,1,24,0,-13,0,13,0,-73,0,-39,18,-135,0,-108,18,125,0,135,18,97,0,96,18,102,0,95,18,103,0,0,0,0,0,-129,18,52,0,-102,18,-26,18,-88,18,-136,18,-127,18,66,18,119,18,-2,17,69,18,-13,17,37,18,28,18,31,18,86,18,53,18,136,18,96,18,-140,18,151,18,-138,18,-111,18,-152,18,-80,18]"
CSI_DATA,122382,d8:b1:90:d9:de:f0,-36,9,-99,-37,38,104,-1628226750,130,0,106,0,"[106,0,124,19,119,0,16,19,67,0,-60,18,-2,19,-79,18,-66,19,-49,18,-97,19,0,19,-106,19,51,19,-75,19,101,19,2,0,138,19,94,0,147,19,159,0,129,19,-150,0,111,19,158,0,112,19,0,0,0,0,93,0,-158,19,106,0,-54,19,-151,0,36,0,-67,0,99,0,18,1,110,0,69,1,84,0,69,1,29,0,32,1,-15,19,-12,0,-32,19,-51,0,-41,19,-82,0,-5,19,-95,0,36,0,-91,0]"
CSI_DATA,122383,d8:b1:90:d9:de:f0,-37,9,-99,-37,39,104,-1628226150,113,0,106,0,"[-90,0,64,0,6,1,83,0,68,1,51,0,83,1,8,0,58,1,-27,17,21,1,-50,17,-24,0,-50,17,-73,0,-13,17,-129,0,55,0,125,0,142,0,101,0,-87,0,92,0,-64,0,97,0,-66,0,0,0,0,0,50,0,-131,0,-31,17,110,0,-143,17,86,0,48,17,91,0,-17,16,121,0,-47,16,-142,0,-36,16,-127,0,1,17,-128,0,32,17,-140,0,66,17,122,0,83,17,73,0,76,17,28,0,72,17]"
CSI_DATA,122384,d8:b1:90:d9:de:f0,-36,9,-99,-36,38,104,-1628205837,108,0,106,0,"[137,0,-120,0,-113,0,-54,0,-37,0,-52,0,7,1,-93,0,21,1,-144,0,6,1,129,0,-28,0,94,0,-79,0,85,0,-157,0,115,0,90,0,-159,0,40,0,-103,0,21,0,-70,0,26,0,-70,0,0,0,0,0,7,0,-128,0,-46,18,144,0,-146,18,110,0,74,18,112,0,0,18,147,0,-27,17,-133,0,-5,17,-94,0,44,18,-88,0,94,18,-91,0,133,18,-123,0,148,18,144,0,133,18,90,0,110,18]"
CSI_DATA,122385,d8:b1:90:d9:de:f0,-38,11,-99,-34,39,104,-1627839686,277,0,106,0,"[-64,0,-11,15,16,1,-15,15,60,1,-29,15,66,1,-54,15,50,1,-52,15,23,1,-41,15,-1,0,-40,15,-42,0,-12,15,-108,0,20,0,90,0,62,0,20,0,101,0,-28,15,119,0,-54,15,120,0,0,0,0,0,-56,15,59,0,-61,15,-20,15,-60,15,-122,15,-74,15,41,15,-99,15,-32,14,-115,15,-79,14,-122,15,-77,14,133,15,-46,14,-130,15,-18,14,-119,15,18,15,-88,15,70,15,-38,15,119,15,15,0]"
CSI_DATA,122386,d8:b1:90:d9:de:f0,-37,9,-99,-36,39,104,-1627839241,98,0,106,0,"[112,16,125,0,48,16,-99,0,20,16,-53,0,32,16,-30,0,53,16,-32,0,81,16,-46,0,96,16,-67,0,116,16,-107,0,140,16,109,0,-121,16,23,0,-98,16,-56,16,-85,16,-103,16,-70,16,-127,16,0,0,0,0,-13,16,-94,16,47,0,-41,16,142,0,2,0,-46,0,42,0,35,1,54,0,94,1,48,0,100,1,30,0,87,1,6,0,51,1,-19,16,4,1,-21,16,-52,0,-16,16,-118,0,12,0,111,0]"
CSI_DATA,122387,d8:b1:90:d9:de:f0,-40,11,-99,-36,42,104,-1627630786,277,0,106,0,"[-89,11,88,11,70,11,57,11,31,11,55,11,15,11,75,11,6,11,97,11,13,11,-100,11,22,11,-81,11,39,11,-85,11,65,11,-94,11,-94,11,93,11,-50,11,77,11,-26,11,59,11,-14,11,56,11,0,0,0,0,-27,11,72,11,-7,11,-89,11,36,0,-45,11,95,0,-6,11,-38,0,11,0,6,0,0,0,32,0,-19,11,34,0,-51,11,27,0,-70,11,3,0,-92,11,-11,0,-88,11,-20,0,-72,11,-38,0]"
CSI_DATA,122388,d8:b1:90:d9:de:f0,-41,9,-99,-37,43,104,-1627630332,130,0,106,0,"[-55,0,21,0,-1,0,21,0,30,0,10,0,32,0,-2,10,23,0,-7,10,8,0,0,0,-2,0,7,0,-20,0,18,0,-54,0,43,0,-93,0,74,0,50,0,-78,0,23,0,-49,0,8,0,-41,0,0,0,0,0,11,0,-61,0,-3,10,76,0,-35,10,24,0,-83,10,-38,10,52,10,-85,10,10,10,80,10,-15,10,83,10,-25,10,-89,10,-20,10,-77,10,-12,10,-67,10,6,10,-69,10,41,10,-83,10,68,10]"
CSI_DATA,122389,d8:b1:90:d9:de:f0,-47,9,-99,-37,49,104,-1627421406,101,0,106,0,"[-23,5,-45,0,-13,5,-14,0,9,0,-5,0,26,0,-16,0,33,0,-31,0,27,0,43,0,11,0,27,0,-18,5,21,0,40,5,26,0,11,5,38,0,-7,5,-33,0,-8,5,-14,0,5,5,-5,0,0,0,0,0,-43,5,-20,0,-29,5,44,0,-25,5,4,0,-36,5,-34,5,37,5,28,5,23,5,20,5,18,5,25,5,25,5,33,5,43,5,40,5,-25,5,34,5,5,0,9,5,23,0,-27,5,12,0]"
CSI_DATA,122390,d8:b1:90:d9:de:f0,-48,9,-99,-35,49,104,-1627421265,130,0,106,0,"[-15,5,-41,0,-4,5,-12,0,10,0,-4,0,21,0,-10,0,23,0,-25,0,17,0,-41,0,2,0,27,0,-22,5,10,0,33,5,-5,5,0,4,-15,5,-24,4,-16,5,-32,4,-13,5,-29,4,-7,5,0,0,0,0,9,5,1,0,39,5,-4,5,-9,5,-21,5,26,0,-43,5,-34,0,25,5,-23,0,15,5,-22,0,14,5,-27,0,27,5,-31,0,-39,5,-30,0,-9,5,-19,0,32,0,6,0,-16,0,35,0]"
CSI_DATA,122391,d8:b1:90:d9:de:f0,-47,11,-99,-37,48,104,-1627308872,100,0,228,0,"[-2,-3,-2,-4,-3,-5,-3,-5,-3,-4,-2,-4,-2,-4,44,18,-1,-2,0,-1,0,0,1,0,2,1,3,2,4,4,4,5,5,6,6,8,7,9,8,9,8,9,-13,-12,8,9,8,8,8,7,8,6,7,5,7,3,0,0,7,1,6,0,6,-1,6,-2,6,-2,6,-4,-27,0,5,-4,4,-4,4,-3,2,-2,2,-2,1,0,0,0,0,1,-1,2,-1,4,-2,5,-3,6,-4,8,48,6,-6,10,-7,11,-8,11,-9,11,-9,11,-9,9,-8,7,1,-9,-5,-8,-9,-2,-8,4,-2,8,4,6,6,0,2,-7,-1,-5,-4,-1,-4,2,0,5,4,3,5,0,2,-5,-1,-5,-4,-2,-4,1,-2,3,0,2,0,1,8,10,0,2,2,3,6,1,6,-4,2,-8,-4,-8,0,0,-10,5,-3,12,6,11,13,3,11,-6,2,-12,-1,-13,-11,0,-6,7,1,9,6,4,6,-3,1,-6,-4,-4,-5,1,-2,4,2,4,5,1,4,-3,0,-5,-8,5,-4,0,-2,1,0,1,0,0,-2,0,-2,2,0,4]"
CSI_DATA,122392,d8:b1:90:d9:de:f0,-40,9,-99,-32,41,104,-1627003589,98,0,106,0,"[37,0,7,0,78,0,26,0,-96,0,0,0,96,0,-38,0,67,0,-71,0,33,0,-85,0,-6,11,-75,0,-46,11,-50,0,-76,11,-17,0,-86,11,7,0,-91,11,9,0,-81,11,-6,0,-74,11,-40,0,0,0,0,0,-84,11,-89,0,100,11,81,0,65,11,56,0,41,11,30,0,23,11,11,0,20,11,4,0,30,11,-3,11,41,11,-12,11,49,11,-21,11,42,11,-44,11,29,11,-57,11,6,11,-57,11,3,11]"
CSI_DATA,122393,d8:b1:90:d9:de:f0,-41,9,-99,-34,42,104,-1627003466,130,0,106,0,"[14,0,41,0,47,0,2,0,31,0,-34,11,-14,0,-47,11,-50,0,-30,11,-80,0,0,0,-83,0,43,0,-66,0,89,0,-39,0,-70,0,-20,0,-54,0,-14,0,-50,0,-23,0,-70,0,-49,0,-87,0,0,0,0,0,87,0,-89,0,50,0,-80,0,16,0,-56,0,-8,11,-32,0,-22,11,-15,0,-29,11,-15,0,-31,11,-26,0,-29,11,-41,0,-41,11,-51,0,-59,11,-52,0,-80,11,-37,0,-83,11,-18,0,-62,11]"
CSI_DATA,122394,d8:b1:90:d9:de:f0,-40,9,-99,-32,41,104,-1627003295,113,0,106,0,"[-7,11,46,0,-26,11,93,0,4,11,-81,0,53,11,-89,0,81,11,91,0,89,11,50,0,77,11,15,0,41,11,-19,11,5,11,-38,11,-19,11,-38,11,-24,11,-30,11,-12,11,-22,11,17,11,-30,11,0,0,0,0,70,11,-47,11,91,11,-76,11,-98,11,96,11,-90,11,67,11,-84,11,38,11,-78,11,39,11,-68,11,42,11,-60,11,49,11,-52,11,55,11,-43,11,42,11,-40,11,22,11,-47,11,5,11,-75,11]"
CSI_DATA,122395,d8:b1:90:d9:de:f0,-41,9,-99,-34,42,104,-1627003150,113,0,106,0,"[-20,11,11,0,20,0,41,0,60,0,20,0,65,0,-22,0,47,0,-57,0,15,0,-74,0,-18,11,-73,0,-52,11,-50,0,-77,11,-18,0,-86,11,7,0,-77,11,16,0,-70,11,-1,0,-59,11,-32,0,0,0,0,0,-61,11,-70,0,-83,11,90,0,71,11,76,0,46,11,61,0,28,11,53,0,25,11,48,0,35,11,47,0,44,11,41,0,44,11,31,0,36,11,24,0,20,11,19,0,-1,10,29,0,6,11]"
CSI_DATA,122396,d8:b1:90:d9:de:f0,-37,11,-99,-34,38,104,-1626795188,277,0,106,0,"[-95,0,-127,17,-41,0,141,17,-22,0,106,17,-36,0,92,17,-67,0,90,17,-84,0,111,17,-85,0,123,17,-72,0,-149,17,-57,0,-104,17,-36,0,-58,17,-29,0,-13,17,-27,0,9,0,-43,0,16,0,0,0,0,0,-104,0,34,0,136,0,68,0,82,0,137,0,38,0,-92,0,21,0,-20,0,36,0,29,1,52,0,30,1,74,0,8,1,76,0,-16,0,76,0,-33,0,57,0,-41,0,32,0,-49,0,28,0]"
CSI_DATA,122397,d8:b1:90:d9:de:f0,-38,9,-99,-35,39,104,-1626794744,98,0,106,0,"[-94,16,-78,0,-107,16,-20,0,-93,16,17,1,-66,16,22,1,-44,16,7,1,-29,16,-9,0,-29,16,-23,0,-46,16,-33,0,-78,16,-50,0,-122,16,-67,0,127,16,-80,0,119,16,-86,0,128,16,-99,0,0,0,0,0,-123,16,129,0,-119,16,74,0,134,16,1,0,86,16,-63,16,29,16,-95,16,-11,15,-95,16,-19,15,-71,16,-10,15,-38,16,5,16,-18,16,18,16,-11,16,32,16,-11,16,44,16,-22,16,58,16]"
CSI_DATA,122398,d8:b1:90:d9:de:f0,-38,9,-99,-36,40,104,-1626794639,108,0,106,0,"[53,0,58,15,56,0,0,15,28,0,-28,14,5,0,-24,14,-14,15,-11,14,-24,15,5,15,-23,15,22,15,-11,15,27,15,25,0,36,15,63,0,41,15,89,0,43,15,103,0,50,15,94,0,66,15,0,0,0,0,73,0,106,15,84,0,-87,15,-126,0,-33,15,-69,0,8,0,-11,0,22,0,21,1,11,0,28,1,-22,15,10,1,-46,15,-12,0,-58,15,-33,0,-66,15,-38,0,-57,15,-43,0,-46,15,-55,0]"
CSI_DATA,122399,d8:b1:90:d9:de:f0,-37,9,-99,-36,39,104,-1626585808,130,0,106,0,"[17,16,-24,16,-69,15,4,0,-98,15,53,0,-79,15,97,0,-35,15,120,0,17,16,127,0,61,16,102,0,98,16,57,0,129,16,-17,16,-142,16,-94,16,-129,16,138,16,-125,16,118,16,-113,16,129,16,0,0,0,0,-26,16,-134,16,48,0,-125,16,142,0,142,16,-71,0,103,16,-34,0,59,16,-30,0,38,16,-62,0,29,16,-97,0,53,16,-127,0,84,16,-140,0,123,16,-140,0,-121,16,-123,0,-78,16,-113,0]"
CSI_DATA,122400,d8:b1:90:d9:de:f0,-38,9,-99,-34,39,104,-1626585700,113,0,106,0,"[-83,15,31,15,123,15,-32,14,63,15,-36,14,40,15,2,15,38,15,50,15,52,15,102,15,86,15,131,15,-128,15,-130,15,-54,15,-132,15,15,0,120,15,62,0,100,15,79,0,88,15,79,0,103,15,0,0,0,0,98,0,-80,15,128,0,-20,15,-83,0,42,0,-13,0,79,0,41,1,90,0,60,1,72,0,39,1,46,0,3,1,26,0,-34,0,16,0,-66,0,20,0,-98,0,47,0,-124,0,79,0,-135,0]"
CSI_DATA,122401,d8:b1:90:d9:de:f0,-37,9,-99,-37,39,104,-1626585600,113,0,106,0,"[72,17,136,17,-21,16,124,17,-81,16,-135,17,-84,16,-79,17,-48,16,-33,17,-6,16,-6,17,42,17,-4,17,100,17,-23,17,-136,17,-79,17,-93,17,-144,17,-69,17,105,17,-58,17,83,17,-47,17,101,17,0,0,0,0,15,0,-135,17,86,0,-107,17,-113,0,-103,17,-34,0,-121,17,20,1,139,17,24,1,117,17,-16,0,103,17,-57,0,115,17,-95,0,130,17,-120,0,-139,17,-127,0,-91,17,-117,0,-46,17,-112,0]"
CSI_DATA,122402,d8:b1:90:d9:de:f0,-38,9,-99,-34,39,104,-1626585446,120,0,106,0,"[44,15,-115,15,-44,14,-115,15,-88,14,-73,15,-86,14,-21,15,-43,14,22,0,-2,14,48,0,45,15,43,0,92,15,11,0,134,15,-43,15,-110,15,-109,15,-93,15,117,15,-96,15,98,15,-90,15,108,15,0,0,0,0,-13,15,-126,15,50,0,-118,15,-133,0,134,15,-69,0,97,15,-41,0,49,15,-47,0,19,15,-79,0,21,15,-122,0,34,15,124,0,61,15,109,0,99,15,115,0,134,15,132,0,-103,15,-129,0]"
CSI_DATA,122403,d8:b1:90:d9:de:f0,-38,11,-99,-34,39,104,-1626377390,277,0,106,0,"[-64,0,-101,15,-6,0,112,15,-1,0,67,15,-31,0,43,15,-63,0,55,15,-92,0,74,15,-97,0,112,15,-93,0,-124,15,-78,0,-66,15,-61,0,-22,15,-50,0,20,0,-59,0,40,0,-87,0,45,0,0,0,0,0,112,0,70,0,45,0,96,0,-15,15,-124,0,-70,15,-69,0,-102,15,-20,0,-114,15,8,1,-100,15,12,1,-81,15,6,1,-64,15,-5,0,-56,15,-21,0,-60,15,-47,0,-68,15,-74,0,-72,15]"
CSI_DATA,122404,d8:b1:90:d9:de:f0,-39,9,-99,-34,40,104,-1626376945,252,0,106,0,"[91,14,-90,0,69,14,-11,0,101,14,36,0,-99,14,40,0,-59,14,25,0,-39,14,-7,0,-39,14,-40,0,-61,14,-71,0,-102,14,-104,0,101,14,116,0,76,14,104,0,68,14,96,0,86,14,79,0,0,0,0,0,-101,14,26,0,-81,14,-31,14,-76,14,-100,14,-90,14,70,14,-119,14,16,14,97,14,0,14,75,14,16,14,69,14,42,14,69,14,70,14,72,14,94,14,91,14,110,14,-118,14,117,14,-93,14]"
CSI_DATA,122405,d8:b1:90:d9:de:f0,-34,11,-99,-38,36,104,-1626308870,100,0,114,0,"[3,-38,5,-41,8,-43,10,-45,11,-43,11,-41,13,-41,13,-38,11,-38,11,-38,10,-36,11,-38,10,-36,10,-38,10,-41,10,-43,10,-43,10,-45,10,-47,8,-48,8,-48,6,-50,6,-50,5,-50,6,-52,6,-48,5,-48,5,-48,0,0,3,-48,5,-50,5,-48,1,-52,1,-50,1,-52,0,-53,1,-53,0,-52,0,-52,0,-48,-1,-50,-1,-47,-3,-45,-1,-43,-3,-43,-5,-41,-3,-40,-5,-43,-5,-47,-6,-48,-6,-50,-6,-52,-3,-53,-1,-55,-1,-53,1,-50,5,-45]"
CSI_DATA,122406,d8:b1:90:d9:de:f0,-39,11,-99,-36,41,104,-1626168490,277,0,106,0,"[-88,13,30,13,77,13,-3,12,14,13,4,13,-7,12,52,13,3,13,109,13,32,13,-79,13,73,13,-57,13,-103,13,-65,13,-42,13,-88,13,1,0,103,13,27,0,72,13,28,0,57,13,24,0,67,13,0,0,0,0,51,0,-90,13,98,0,-52,13,-65,0,-32,13,-2,0,-30,13,40,0,-46,13,54,0,-76,13,25,0,-88,13,-11,0,-100,13,-47,0,-96,13,-76,0,-80,13,-88,0,-45,13,-92,0,-16,13,-95,0]"
CSI_DATA,122407,d8:b1:90:d9:de:f0,-39,9,-99,-34,40,104,-1626168018,130,0,106,0,"[44,14,118,0,1,14,-67,0,4,14,-22,0,36,14,-13,0,73,14,-24,0,109,14,-54,0,-112,14,-101,0,-101,14,77,0,-103,14,3,0,-117,14,-66,14,115,14,-113,14,115,14,110,14,-110,14,112,14,0,0,0,0,-23,14,-112,14,45,0,-106,14,-113,0,117,14,-47,0,89,14,-5,0,66,14,0,0,58,14,-19,0,64,14,-48,0,84,14,-72,0,107,14,-89,0,-101,14,-100,0,-58,14,-97,0,-16,14,-99,0]"
CSI_DATA,122408,d8:b1:90:d9:de:f0,-37,9,-99,-37,39,104,-1625959110,98,0,106,0,"[-108,0,103,0,-5,0,135,0,65,1,112,0,84,1,64,0,61,1,23,0,25,1,-1,17,-15,0,2,0,-68,0,28,0,-120,0,92,0,132,0,-131,0,105,0,-75,0,97,0,-50,0,91,0,-66,0,0,0,0,0,55,0,-147,0,-15,17,86,0,-112,17,47,0,75,17,27,0,-4,16,36,0,-48,16,56,0,-40,16,78,0,-18,16,98,0,15,17,105,0,43,17,91,0,70,17,60,0,77,17,18,0,90,17]"
CSI_DATA,122409,d8:b1:90:d9:de:f0,-36,11,-99,-35,37,104,-1625750691,277,0,106,0,"[-152,20,156,20,135,20,101,20,67,20,96,20,16,20,134,20,-1,19,-167,20,0,20,-118,20,15,20,-87,20,38,20,-72,20,82,20,-86,20,133,20,-129,20,174,20,172,20,-159,20,141,20,-153,20,135,20,0,0,0,0,-148,20,152,20,-101,20,170,20,-34,20,152,20,37,0,104,20,82,0,50,20,94,0,-2,19,60,0,-35,19,-5,20,-42,19,-48,20,-27,19,-98,20,1,20,-109,20,50,20,-94,20,107,20,-54,20]"
CSI_DATA,122410,d8:b1:90:d9:de:f0,-37,9,-99,-35,38,104,-1625750210,214,0,106,0,"[108,18,-100,18,40,18,-145,18,-15,17,-146,18,-35,17,-133,18,-33,17,-96,18,-22,17,-64,18,-3,17,-50,18,35,18,-69,18,84,18,-96,18,134,18,-139,18,-118,18,121,18,-88,18,88,18,-68,18,83,18,0,0,0,0,-35,18,91,18,12,0,121,18,89,0,141,18,-139,0,-143,18,-68,0,-152,18,-19,0,140,18,-7,0,132,18,-20,0,108,18,-45,0,91,18,-68,0,90,18,-99,0,107,18,-132,0,148,18,-154,0]"
CSI_DATA,122411,d8:b1:90:d9:de:f0,-37,9,-99,-37,39,104,-1625750020,130,0,106,0,"[-41,17,-86,0,-54,17,-10,0,-41,17,36,1,-3,17,54,1,19,0,48,1,41,0,26,1,47,0,2,1,35,0,-18,0,-3,17,-49,0,-58,17,-87,0,-118,17,-117,0,138,17,-135,0,118,17,-145,0,0,0,0,0,118,17,115,0,129,17,70,0,120,17,5,0,90,17,-68,17,54,17,-132,17,20,17,131,17,-6,16,131,17,-16,16,-142,17,-19,16,-105,17,-5,16,-77,17,21,17,-54,17,75,17,-57,17,129,17]"
CSI_DATA,122412,d8:b1:90:d9:de:f0,-36,9,-99,-35,38,104,-1625749868,113,0,106,0,"[-148,18,-134,0,114,18,-73,0,111,18,-15,0,136,18,13,1,-140,18,19,1,-106,18,14,1,-88,18,-4,0,-90,18,-36,0,-105,18,-80,0,-149,18,-141,0,124,18,119,0,92,18,89,0,80,18,74,0,0,0,0,0,92,18,50,0,118,18,12,0,135,18,-62,18,139,18,-145,18,121,18,95,18,90,18,53,18,69,18,46,18,39,18,73,18,28,18,111,18,26,18,146,18,51,18,-134,18,100,18,-114,18,-151,18]"
CSI_DATA,122413,d8:b1:90:d9:de:f0,-36,9,-99,-35,37,104,-1625749705,214,0,106,0,"[108,20,-35,20,21,20,-46,20,-32,19,-23,20,-53,19,19,0,-35,19,61,0,-8,19,100,0,16,20,104,0,41,20,89,0,76,20,42,0,100,20,-19,20,119,20,-98,20,123,20,-138,20,129,20,-142,20,0,0,0,0,149,20,-148,20,-139,20,-148,20,-75,20,159,20,-1,20,105,20,38,0,42,20,45,0,-13,19,30,0,-42,19,-9,20,-43,19,-57,20,-30,19,-80,20,-2,19,-93,20,48,20,-72,20,94,20,-24,20]"
CSI_DATA,122414,d8:b1:90:d9:de:f0,-36,9,-99,-36,38,104,-1625749533,214,0,106,0,"[-149,0,-149,18,-94,0,114,18,-89,0,49,18,-120,0,18,18,-159,0,-1,17,127,0,8,18,101,0,17,18,95,0,45,18,103,0,88,18,142,0,148,18,-142,0,-130,18,-105,0,-107,18,-98,0,-95,18,0,0,0,0,-112,0,-86,18,-139,0,-42,18,-138,0,31,0,-120,0,104,0,-86,0,-154,0,-45,0,-129,0,-6,0,-133,0,10,1,142,0,8,1,103,0,2,1,57,0,-26,0,32,0,-85,0,30,0,-135,0]"
CSI_DATA,122415,d8:b1:90:d9:de:f0,-36,9,-99,-34,37,104,-1625749397,214,0,106,0,"[92,20,-10,20,-1,18,-9,20,-54,18,34,0,-54,18,94,0,-25,18,141,0,2,20,168,0,44,20,-161,0,76,20,164,0,89,20,113,0,100,20,49,0,93,20,-10,20,78,20,-53,20,88,20,-66,20,0,0,0,0,93,20,-61,20,145,20,-81,20,-154,20,-144,20,-112,20,129,20,-108,20,42,20,-130,20,-6,18,-161,20,-6,18,136,20,10,20,102,20,50,20,73,20,98,20,89,20,142,20,134,20,-170,20,-145,20]"
CSI_DATA,122416,d8:b1:90:d9:de:f0,-36,9,-99,-35,38,104,-1625749225,214,0,106,0,"[-152,0,149,18,-111,0,83,18,-117,0,8,18,-156,0,-19,17,106,0,-31,17,58,0,-25,17,29,0,-4,17,22,0,20,18,37,0,58,18,83,0,101,18,134,0,133,18,-146,0,144,18,-133,0,145,18,0,0,0,0,-145,0,-152,18,155,0,-108,18,-132,0,-51,18,-86,0,9,0,-28,0,46,0,25,1,41,0,48,1,12,0,51,1,-34,18,29,1,-81,18,-8,0,-124,18,-48,0,-130,18,-97,0,-112,18,-132,0]"
CSI_DATA,122417,d8:b1:90:d9:de:f0,-37,9,-99,-37,39,104,-1625749053,214,0,106,0,"[-90,0,30,0,-15,0,56,0,40,1,43,0,55,1,23,0,50,1,3,0,38,1,-13,17,6,1,-13,17,-20,0,10,0,-63,0,49,0,-110,0,109,0,130,0,-127,0,92,0,-92,0,75,0,-78,0,0,0,0,0,43,0,-83,0,-2,17,-120,0,-83,17,-137,0,130,17,132,0,50,17,117,0,1,17,129,0,-20,16,140,0,-13,16,-135,0,2,17,-117,0,35,17,-121,0,68,17,-137,0,100,17,116,0,129,17]"
CSI_DATA,122418,d8:b1:90:d9:de:f0,-37,11,-99,-37,39,104,-1625332892,277,0,106,0,"[-61,0,-123,17,-12,0,91,17,-26,0,20,17,-87,0,-9,16,-147,0,-6,16,102,0,24,17,80,0,69,17,97,0,117,17,144,0,-118,17,-97,0,-88,17,-48,0,-86,17,-45,0,-98,17,-73,0,-110,17,0,0,0,0,121,0,-51,17,88,0,28,0,93,0,125,0,136,0,-81,0,-101,0,-36,0,-56,0,-39,0,-41,0,-81,0,-51,0,-124,0,-69,0,135,0,-90,0,125,0,-110,0,133,0,-125,0,-142,0,-120,0]"
CSI_DATA,122419,d8:b1:90:d9:de:f0,-37,9,-99,-35,38,104,-1625332447,130,0,106,0,"[-121,0,-110,0,-34,0,-72,0,22,1,-88,0,35,1,-127,0,12,1,144,0,-34,0,114,0,-89,0,111,0,-154,0,136,0,83,0,-138,0,19,0,-83,0,-20,18,-41,0,-24,18,-31,0,-18,18,-55,0,0,0,0,0,-36,18,133,0,-80,18,45,0,149,18,-36,18,61,18,-89,18,-11,17,-107,18,-40,17,-96,18,-28,17,-77,18,3,18,-52,18,36,18,-52,18,74,18,-70,18,100,18,-99,18,114,18,-136,18,119,18]"
CSI_DATA,122420,d8:b1:90:d9:de:f0,-36,9,-99,-34,37,104,-1625332312,101,0,106,0,"[153,0,81,20,-161,0,-20,18,146,0,-70,18,102,0,-68,18,65,0,-45,18,40,0,14,20,49,0,66,20,93,0,128,20,153,0,-146,20,-112,0,-102,20,-52,0,-70,20,-33,0,-77,20,-68,0,-72,20,0,0,0,0,158,0,-12,20,82,0,58,0,32,0,-165,0,16,0,-56,0,28,0,29,1,52,0,49,1,70,0,34,1,80,0,-12,0,66,0,-49,0,34,0,-68,0,-1,20,-82,0,-37,20,-82,0,-49,20]"
CSI_DATA,122421,d8:b1:90:d9:de:f0,-37,9,-99,-35,38,104,-1625332199,108,0,106,0,"[37,18,53,0,-41,17,106,0,-57,17,-145,0,-20,17,-110,0,30,18,-102,0,73,18,-127,0,106,18,141,0,123,18,79,0,114,18,0,0,91,18,-85,18,68,18,-132,18,59,18,-136,18,84,18,-117,18,0,0,0,0,-112,18,-83,18,-13,18,-89,18,89,0,-149,18,-150,0,92,18,-111,0,29,18,-118,0,2,18,-152,0,1,18,129,0,25,18,113,0,62,18,114,0,90,18,138,0,122,18,-138,0,141,18,-138,0]"
CSI_DATA,122422,d8:b1:90:d9:de:f0,-39,11,-99,-34,40,104,-1625309235,100,0,228,0,"[-10,7,-13,10,-16,11,-18,12,-21,12,-22,10,-24,9,102,42,-23,6,-22,5,-21,4,-19,3,-18,3,-17,4,-16,5,-15,6,-14,7,-13,10,-12,11,-11,13,-11,14,-32,-28,-9,16,-9,16,-9,15,-7,14,-6,12,-5,11,0,0,-1,9,0,8,3,7,6,8,10,7,13,8,-117,0,17,10,19,11,20,12,20,12,20,13,20,13,18,13,17,12,17,11,16,11,17,11,16,11,17,11,-76,0,17,10,16,10,16,11,16,11,14,10,11,10,9,8,-7,-10,-14,-2,-13,7,-4,15,6,13,13,3,10,-5,-22,-1,-6,-5,-8,3,-1,9,7,8,14,0,10,-12,-1,-18,-16,-13,-23,1,-17,19,0,27,19,20,29,0,9,-2,1,-26,-17,-17,-23,0,-14,16,2,20,16,10,0,0,8,-16,-7,-16,-16,-6,-16,8,-5,17,8,16,33,15,14,-8,3,-14,-6,-9,-9,0,-4,6,2,4,5,0,1,-6,-5,-6,-10,0,-8,8,0,15,12,12,36,10,16,-15,1,-23,-15,-18,-24,-3,-21,13,-6,22,8,19]"
CSI_DATA,122423,d8:b1:90:d9:de:f0,-36,9,-99,-36,38,104,-1625123512,224,0,106,0,"[-119,0,156,0,-26,0,-152,0,36,1,122,0,42,1,47,0,13,1,-2,18,-32,0,-31,18,-65,0,-22,18,-76,0,-3,18,-65,0,46,0,-50,0,83,0,-41,0,94,0,-46,0,85,0,-71,0,66,0,0,0,0,0,-132,0,62,0,143,0,94,0,117,0,153,0,113,0,-104,0,124,0,-57,0,143,0,-30,0,-152,0,-42,0,-123,0,-64,0,-104,0,-98,0,-91,0,-119,0,-81,0,-143,0,-93,0,157,0,-115,0]"
CSI_DATA,122424,d8:b1:90:d9:de:f0,-37,9,-99,-33,38,104,-1625123331,113,0,106,0,"[76,17,102,0,10,17,-144,0,4,17,-97,0,31,17,-77,0,64,17,-78,0,93,17,-102,0,105,17,-145,0,92,17,105,0,65,17,53,0,36,17,5,0,25,17,-28,17,34,17,-43,17,63,17,-49,17,0,0,0,0,135,17,-81,17,-112,17,-110,17,-63,17,124,17,-15,17,71,17,13,0,23,17,28,0,-2,16,27,0,-9,16,16,0,-2,16,12,0,1,17,13,0,4,17,10,0,20,17,21,0,33,17,25,0]"
CSI_DATA,122425,d8:b1:90:d9:de:f0,-35,9,-99,-33,36,104,-1625105549,120,0,106,0,"[69,0,93,21,58,0,0,21,1,0,-46,20,-63,21,-40,20,-103,21,-5,20,-130,21,31,21,-126,21,61,21,-104,21,62,21,-59,21,55,21,-27,21,34,21,2,0,30,21,5,0,42,21,-1,21,72,21,0,0,0,0,13,0,127,21,56,0,173,21,129,0,-184,21,-167,0,-186,21,-113,0,168,21,-82,0,132,21,-85,0,106,21,-116,0,81,21,-154,0,58,21,-184,0,46,21,158,0,45,21,126,0,56,21,95,0]"
CSI_DATA,122426,d8:b1:90:d9:de:f0,-36,9,-99,-35,37,104,-1625105382,120,0,106,0,"[137,20,-167,20,50,20,160,20,-13,19,-155,20,-31,19,-89,20,-15,19,-32,20,15,20,-4,20,42,20,-1,20,53,20,-4,20,54,20,-42,20,52,20,-69,20,48,20,-96,20,57,20,-94,20,87,20,-83,20,0,0,0,0,131,20,-75,20,-167,20,-100,20,-144,20,-161,20,-123,20,129,20,-134,20,68,20,-156,20,37,20,163,20,45,20,134,20,65,20,104,20,104,20,80,20,133,20,68,20,161,20,80,20,-163,20,105,20]"
CSI_DATA,122427,d8:b1:90:d9:de:f0,-37,9,-99,-37,39,104,-1624914612,130,0,106,0,"[-112,0,-137,0,-35,0,-100,0,21,1,-121,0,31,1,129,0,5,1,88,0,-26,0,55,0,-72,0,60,0,-118,0,93,0,135,0,-140,0,112,0,-72,0,102,0,-33,0,102,0,-35,0,100,0,-62,0,0,0,0,0,48,0,-123,0,-25,17,142,0,-116,17,-143,0,106,17,-123,0,66,17,-93,0,53,17,-75,0,68,17,-70,0,90,17,-77,0,106,17,-83,0,114,17,-100,0,114,17,-116,0,112,17,-125,0,129,17]"
CSI_DATA,122428,d8:b1:90:d9:de:f0,-37,11,-99,-34,38,104,-1624497294,277,0,106,0,"[-95,17,-123,0,-137,17,-38,0,-114,17,35,1,-52,17,47,1,-3,17,27,1,32,0,-16,0,34,0,-57,0,-5,17,-98,0,-71,17,-110,0,148,17,-102,0,103,17,-72,0,116,17,-35,0,-141,17,-42,0,0,0,0,0,-64,17,-116,0,-70,17,91,0,-125,17,1,0,103,17,-61,17,28,17,-68,17,-19,16,-53,17,-15,16,-26,17,1,17,17,0,23,17,30,0,29,17,33,0,32,17,33,0,38,17,30,0,52,17]"
CSI_DATA,122429,d8:b1:90:d9:de:f0,-38,9,-99,-36,39,104,-1624496840,98,0,106,0,"[-11,16,98,16,-22,16,3,16,-72,16,-43,15,-116,16,-35,15,-140,16,1,16,-140,16,44,16,-109,16,90,16,-42,16,116,16,43,0,114,16,126,0,96,16,-109,0,65,16,-104,0,41,16,-132,0,52,16,0,0,0,0,68,0,-141,16,63,0,-49,16,83,0,56,0,127,0,-139,0,-103,0,-78,0,-69,0,-66,0,-56,0,-79,0,-58,0,-93,0,-75,0,-116,0,-90,0,-122,0,-115,0,-107,0,-127,0,-94,0,-138,0]"
CSI_DATA,122430,d8:b1:90:d9:de:f0,-37,9,-99,-37,39,104,-1624496709,98,0,106,0,"[-57,17,99,17,-76,17,8,17,-123,17,-30,16,138,17,-21,16,116,17,8,17,127,17,54,17,-140,17,88,17,-72,17,100,17,17,0,85,17,94,0,56,17,145,0,21,17,-146,0,6,17,118,0,24,17,0,0,0,0,64,0,114,17,79,0,-81,17,122,0,13,0,-109,0,98,0,-48,0,143,0,-13,0,-145,0,-3,0,140,0,-15,0,130,0,-30,0,116,0,-49,0,120,0,-66,0,135,0,-75,0,-147,0,-85,0]"
CSI_DATA,122431,d8:b1:90:d9:de:f0,-35,11,-99,-34,36,104,-1624308841,100,0,114,0,"[38,0,43,2,46,4,47,8,47,8,47,10,43,11,41,11,40,11,38,13,37,11,37,11,38,11,38,10,40,11,41,10,43,10,44,11,47,11,47,10,46,11,46,11,46,11,46,10,44,11,44,10,44,10,44,11,0,0,43,11,41,10,43,10,44,10,46,11,44,11,46,11,46,11,44,10,44,8,43,7,41,8,38,5,37,5,37,5,37,5,35,4,35,5,37,5,37,5,40,5,40,7,41,7,43,8,43,8,41,11,38,13,35,13]"
CSI_DATA,122432,d8:b1:90:d9:de:f0,-38,11,-99,-36,39,104,-1624079495,277,0,106,0,"[108,0,77,16,106,0,-20,15,56,0,-71,15,0,0,-67,15,-29,16,-28,15,-51,16,13,16,-33,16,60,16,1,0,92,16,67,0,104,16,126,0,104,16,-129,0,94,16,-130,0,97,16,126,0,122,16,0,0,0,0,76,0,-69,16,72,0,16,0,112,0,104,0,-124,0,-109,0,-70,0,-80,0,-41,0,-76,0,-26,0,-114,0,-40,0,-133,0,-51,0,121,0,-68,0,120,0,-89,0,121,0,-99,0,122,0,-120,0]"
CSI_DATA,122433,d8:b1:90:d9:de:f0,-37,9,-99,-37,39,104,-1624079033,130,0,106,0,"[124,17,-112,0,75,17,-19,0,88,17,38,1,125,17,47,1,-130,17,16,1,-112,17,-27,0,-114,17,-80,0,-142,17,146,0,112,17,77,0,60,17,15,0,34,17,-20,17,34,17,-32,17,72,17,-31,17,0,0,0,0,-95,17,-48,17,-6,17,-80,17,87,0,-135,17,-133,0,101,17,-90,0,46,17,-81,0,25,17,-97,0,36,17,-109,0,53,17,-113,0,77,17,-117,0,102,17,-107,0,135,17,-101,0,-133,17,-115,0]"
CSI_DATA,122434,d8:b1:90:d9:de:f0,-38,9,-99,-36,39,104,-1624078889,98,0,106,0,"[-6,16,-52,0,16,0,38,1,61,0,72,1,90,0,56,1,104,0,17,1,94,0,-28,0,61,0,-66,0,1,0,-88,0,-74,16,-107,0,-139,16,-118,0,104,16,-127,0,97,16,-133,0,121,16,132,0,0,0,0,0,-96,16,31,0,-65,16,-48,16,-46,16,-142,16,-43,16,54,16,-56,16,-7,15,-71,16,-30,15,-74,16,-20,15,-69,16,3,16,-59,16,29,16,-41,16,41,16,-17,16,53,16,4,0,66,16,15,0]"
CSI_DATA,122435,d8:b1:90:d9:de:f0,-35,9,-99,-36,37,104,-1624032755,108,0,106,0,"[104,21,-169,21,0,21,163,21,-59,19,-168,21,-64,19,-118,21,-42,19,-72,21,-2,19,-49,21,36,21,-46,21,74,21,-86,21,127,21,-145,21,161,21,145,21,-172,21,110,21,-148,21,103,21,-125,21,134,21,0,0,0,0,-48,21,170,21,48,0,-159,21,153,0,-172,21,-120,0,170,21,-67,0,139,21,-45,0,115,21,-63,0,103,21,-93,0,114,21,-115,0,128,21,-134,0,142,21,-141,0,172,21,-141,0,-165,21,-156,0]"
CSI_DATA,122436,d8:b1:90:d9:de:f0,-37,9,-99,-37,39,104,-1623993217,98,0,106,0,"[-121,17,93,17,101,17,31,17,31,17,23,17,1,17,71,17,-5,16,123,17,18,17,-133,17,53,17,-113,17,99,17,-117,17,-138,17,140,17,-98,17,98,17,-66,17,60,17,-58,17,46,17,-61,17,79,17,0,0,0,0,-32,17,-147,17,41,0,-90,17,136,0,-80,17,-69,0,-79,17,-8,0,-107,17,15,1,-143,17,-3,0,128,17,-34,0,114,17,-68,0,112,17,-84,0,121,17,-97,0,137,17,-102,0,-135,17,-121,0]"
CSI_DATA,122437,d8:b1:90:d9:de:f0,-37,9,-99,-37,39,104,-1623870097,98,0,106,0,"[-46,0,8,0,41,1,-31,17,68,1,-84,17,42,1,-122,17,3,1,-138,17,-39,0,-118,17,-63,0,-88,17,-75,0,-35,17,-81,0,25,0,-85,0,87,0,-88,0,127,0,-108,0,136,0,-142,0,122,0,0,0,0,0,55,0,110,0,-28,17,114,0,-110,17,146,0,113,17,-117,0,69,17,-90,0,55,17,-73,0,63,17,-75,0,87,17,-77,0,97,17,-91,0,107,17,-95,0,113,17,-113,0,128,17,-142,0,-145,17]"
CSI_DATA,122438,d8:b1:90:d9:de:f0,-37,11,-99,-35,38,104,-1623452797,277,0,106,0,"[68,18,-69,18,-29,17,-78,18,-83,17,-45,18,-79,17,4,0,-51,17,36,0,-14,17,53,0,22,18,39,0,58,18,4,0,85,18,-53,18,108,18,-125,18,123,18,134,18,134,18,122,18,-155,18,135,18,0,0,0,0,-79,18,-146,18,-1,18,-129,18,94,0,152,18,-144,0,116,18,-100,0,78,18,-85,0,53,18,-103,0,45,18,-130,0,53,18,152,0,73,18,146,0,95,18,143,0,119,18,152,0,148,18,149,0]"
CSI_DATA,122439,d8:b1:90:d9:de:f0,-37,9,-99,-37,39,104,-1623452343,101,0,106,0,"[118,0,-83,0,-91,0,-20,0,-10,0,-31,0,24,1,-84,0,35,1,-146,0,-2,0,94,0,-32,0,73,0,-80,0,81,0,-142,0,122,0,117,0,-125,0,99,0,-84,0,98,0,-76,0,93,0,-98,0,0,0,0,0,39,0,128,0,-35,17,98,0,-124,17,102,0,88,17,138,0,45,17,-108,0,40,17,-70,0,70,17,-51,0,115,17,-57,0,144,17,-65,0,-128,17,-79,0,-120,17,-103,0,-121,17,-133,0,-115,17]"
CSI_DATA,122440,d8:b1:90:d9:de:f0,-41,11,-99,-35,42,104,-1623308873,100,0,228,0,"[-1,9,-1,12,-2,14,-3,17,-3,20,-5,21,-7,21,84,34,-10,20,-11,19,-12,16,-12,16,-12,14,-12,13,-11,12,-10,11,-9,10,-7,10,-6,10,-3,10,0,11,-26,-23,1,12,3,13,3,13,3,13,3,13,3,12,0,0,2,10,3,8,3,6,5,6,6,3,9,2,-97,0,13,0,16,0,17,0,19,1,20,1,20,3,20,3,18,4,17,5,16,6,16,6,14,6,13,6,-45,0,12,5,11,4,10,3,10,2,10,2,10,1,9,1,-9,0,-7,7,0,12,8,10,13,2,10,-6,2,-11,-14,13,-9,0,-5,6,3,7,8,2,7,-6,0,-12,-10,-10,-16,0,-13,13,0,22,16,18,25,3,21,-15,6,-13,-13,-22,-23,-6,-20,9,-7,18,6,16,13,5,0,0,2,-11,-7,-8,-10,1,-6,10,4,12,12,5,23,-4,4,-13,-5,-12,-11,-4,-10,4,-3,9,3,6,5,0,2,-3,-2,-3,-5,2,-2,7,4,8,11,3,26,0,6,-16,-6,-18,-17,-11,-22,2,-15,15,-2,20,9,15]"
CSI_DATA,122441,d8:b1:90:d9:de:f0,-38,11,-99,-35,39,104,-1623243898,277,0,106,0,"[-65,16,-47,0,-52,16,40,1,-3,16,78,1,54,0,67,1,93,0,37,1,107,0,-2,0,102,0,-51,0,67,0,-82,0,13,0,-104,0,-56,16,-104,0,-104,16,-95,0,-118,16,-88,0,-109,16,-100,0,0,0,0,0,-81,16,117,0,-100,16,46,0,131,16,-21,16,65,16,-71,16,-2,15,-88,16,-28,15,-69,16,-31,15,-38,16,-10,15,-2,16,17,16,10,0,43,16,21,0,74,16,7,0,85,16,-18,16,94,16]"
CSI_DATA,122442,d8:b1:90:d9:de:f0,-37,9,-99,-36,39,104,-1623243408,130,0,106,0,"[65,16,-115,16,-30,15,-117,16,-84,15,-67,16,-83,15,-3,16,-54,15,52,0,-6,15,88,0,37,16,87,0,75,16,61,0,98,16,0,0,97,16,-63,16,75,16,-106,16,59,16,-116,16,69,16,-96,16,0,0,0,0,127,16,-71,16,-94,16,-90,16,-34,16,135,16,-8,16,56,16,-22,16,-15,15,-57,16,-40,15,-92,16,-25,15,-118,16,13,16,-134,16,53,16,-133,16,80,16,-106,16,102,16,-78,16,103,16,-65,16]"
CSI_DATA,122443,d8:b1:90:d9:de:f0,-38,9,-99,-34,39,104,-1623243282,113,0,106,0,"[-73,0,-117,15,-9,0,100,15,2,1,55,15,-20,0,28,15,-58,0,30,15,-90,0,50,15,-111,0,87,15,-114,0,-129,15,-101,0,-51,15,-83,0,19,0,-66,0,72,0,-63,0,95,0,-70,0,97,0,0,0,0,0,122,0,93,0,48,0,108,0,-30,15,-124,0,-99,15,-77,0,131,15,-28,0,118,15,1,1,130,15,4,1,-121,15,-12,0,-105,15,-37,0,-100,15,-69,0,-111,15,-109,0,-134,15,126,0,117,15]"
CSI_DATA,122444,d8:b1:90:d9:de:f0,-38,9,-99,-35,39,104,-1623034553,98,0,106,0,"[51,16,-28,16,-42,15,-9,16,-81,15,41,0,-75,15,91,0,-33,15,119,0,11,16,127,0,51,16,107,0,83,16,65,0,107,16,-3,16,111,16,-79,16,112,16,-128,16,112,16,128,16,119,16,135,16,0,0,0,0,-88,16,-113,16,-21,16,-107,16,67,0,-128,16,-139,0,107,16,-93,0,61,16,-82,0,30,16,-103,0,21,16,-127,0,32,16,131,0,45,16,117,0,66,16,123,0,102,16,135,0,126,16,138,0]"
CSI_DATA,122445,d8:b1:90:d9:de:f0,-36,9,-99,-37,38,104,-1622992888,98,0,106,0,"[-142,19,86,19,102,19,28,19,27,19,36,19,-9,18,95,19,-20,18,163,19,9,19,-123,19,38,19,-94,19,81,19,-101,19,141,19,-133,19,-150,19,149,19,-123,19,106,19,-112,19,93,19,-101,19,114,19,0,0,0,0,-71,19,136,19,3,0,159,19,84,0,136,19,145,0,101,19,-151,0,51,19,-151,0,15,19,158,0,6,19,116,0,14,19,85,0,28,19,62,0,41,19,53,0,68,19,67,0,102,19,73,0]"
CSI_DATA,122446,d8:b1:90:d9:de:f0,-37,9,-99,-37,39,104,-1622825645,113,0,106,0,"[-9,17,23,17,-61,17,-62,16,-133,17,-80,16,109,17,-45,16,88,17,4,17,95,17,50,17,110,17,83,17,-142,17,97,17,-87,17,92,17,-34,17,81,17,13,0,78,17,41,0,85,17,45,0,107,17,0,0,0,0,72,0,-132,17,113,0,-76,17,-115,0,-38,17,-48,0,-8,17,8,1,-4,17,38,1,-25,17,35,1,-45,17,15,1,-70,17,-18,0,-91,17,-51,0,-98,17,-86,0,-79,17,-107,0,-49,17,-128,0]"
CSI_DATA,122447,d8:b1:90:d9:de:f0,-37,9,-99,-37,39,104,-1622825545,98,0,106,0,"[123,17,91,17,31,17,58,17,-30,16,86,17,-51,16,138,17,-40,16,-112,17,-9,16,-71,17,20,17,-61,17,56,17,-77,17,99,17,-108,17,136,17,144,17,-124,17,114,17,-102,17,108,17,-87,17,118,17,0,0,0,0,-35,17,137,17,27,0,-139,17,107,0,140,17,-127,0,121,17,-86,0,87,17,-76,0,53,17,-88,0,39,17,-125,0,35,17,137,0,41,17,114,0,60,17,101,0,90,17,97,0,125,17,109,0]"
CSI_DATA,122448,d8:b1:90:d9:de:f0,-38,11,-99,-37,40,104,-1622617199,277,0,106,0,"[-60,0,-64,15,8,1,128,15,8,1,54,15,-31,0,14,15,-84,0,9,15,-130,0,26,15,106,0,71,15,111,0,114,15,-119,0,-87,15,-81,0,-48,15,-51,0,-20,15,-50,0,-17,15,-72,0,-22,15,0,0,0,0,110,0,4,0,53,0,67,0,26,0,-110,0,21,0,-31,0,38,0,20,1,67,0,41,1,90,0,27,1,104,0,0,1,106,0,-30,0,93,0,-54,0,74,0,-64,0,53,0,-68,0,39,0]"
CSI_DATA,122449,d8:b1:90:d9:de:f0,-37,9,-99,-37,39,104,-1622616727,108,0,106,0,"[-108,17,90,17,116,17,11,17,57,17,3,17,31,17,24,17,36,17,66,17,61,17,105,17,112,17,125,17,-113,17,127,17,-38,17,114,17,45,0,90,17,100,0,76,17,116,0,79,17,108,0,109,17,0,0,0,0,91,0,-79,17,95,0,5,0,125,0,109,0,-135,0,-98,0,-99,0,-43,0,-78,0,-27,0,-83,0,-38,0,-90,0,-65,0,-116,0,-79,0,145,0,-83,0,106,0,-90,0,72,0,-81,0,41,0]"
CSI_DATA,122450,d8:b1:90:d9:de:f0,-38,9,-99,-34,39,104,-1622407846,120,0,106,0,"[-106,0,110,0,-29,0,-117,0,27,1,-120,0,47,1,120,0,36,1,87,0,11,1,67,0,-29,0,59,0,-77,0,80,0,134,0,120,0,81,0,-97,0,34,0,-50,0,14,0,-31,0,12,0,-42,0,0,0,0,0,-11,15,-94,0,-61,15,115,0,132,15,67,0,49,15,31,0,-23,14,22,0,-55,14,31,0,-50,14,45,0,-33,14,61,0,-6,14,65,0,27,15,56,0,58,15,25,0,76,15,-19,15,93,15]"
CSI_DATA,122451,d8:b1:90:d9:de:f0,-35,11,-99,-34,36,104,-1622309115,100,0,114,0,"[25,26,26,31,26,34,25,35,25,38,23,37,20,37,20,35,22,35,20,32,20,31,20,31,20,32,22,31,23,32,23,32,25,32,25,35,26,35,29,35,31,35,32,38,32,34,32,35,32,34,31,34,31,32,31,31,0,0,32,31,31,31,31,31,34,32,34,32,35,32,35,31,37,29,35,29,37,28,34,26,34,25,32,23,31,20,31,22,29,22,29,20,31,19,32,19,32,20,34,20,35,22,37,22,37,26,35,26,34,26,32,28,28,28]"
CSI_DATA,122452,d8:b1:90:d9:de:f0,-37,11,-99,-36,39,104,-1621990501,277,0,106,0,"[136,16,-135,16,65,16,107,16,7,16,111,16,-10,15,-142,16,5,16,-107,16,30,16,-78,16,65,16,-84,16,102,16,-99,16,-135,16,-142,16,-102,16,99,16,-69,16,61,16,-52,16,63,16,-44,16,84,16,0,0,0,0,4,0,129,16,66,0,-108,16,-136,0,-98,16,-54,0,-81,16,-4,0,-96,16,25,1,-107,16,19,1,-125,16,1,1,-129,16,-24,0,-141,16,-38,0,-123,16,-58,0,-102,16,-66,0,-76,16,-80,0]"
CSI_DATA,122453,d8:b1:90:d9:de:f0,-37,9,-99,-34,38,104,-1621990056,98,0,106,0,"[-87,0,26,0,5,1,14,0,54,1,-38,17,40,1,-93,17,2,1,-121,17,-41,0,-130,17,-74,0,-108,17,-90,0,-68,17,-89,0,0,0,-72,0,53,0,-67,0,89,0,-66,0,98,0,-85,0,87,0,0,0,0,0,142,0,95,0,76,0,122,0,17,0,-117,0,-24,17,-48,0,-35,17,16,1,-26,17,53,1,-1,17,57,1,24,0,41,1,45,0,16,1,55,0,-11,0,42,0,-33,0,21,0,-54,0,3,0]"
CSI_DATA,122454,d8:b1:90:d9:de:f0,-37,9,-99,-36,39,104,-1621972723,224,0,106,0,"[-60,16,-72,0,-40,16,12,1,25,0,53,1,81,0,35,1,122,0,-11,0,130,0,-53,0,117,0,-87,0,90,0,-96,0,42,0,-88,0,8,0,-69,0,-16,16,-54,0,-21,16,-57,0,-13,16,-75,0,0,0,0,0,-32,16,-124,0,-77,16,122,0,136,16,118,0,71,16,133,0,25,16,-122,0,17,16,-83,0,42,16,-56,0,81,16,-34,0,125,16,-32,0,-131,16,-39,0,-113,16,-52,0,-109,16,-71,0,-99,16]"
CSI_DATA,122455,d8:b1:90:d9:de:f0,-37,9,-99,-36,39,104,-1621781111,130,0,106,0,"[-97,16,70,16,123,16,24,16,57,16,35,16,24,16,71,16,20,16,120,16,25,16,-115,16,44,16,-98,16,78,16,-96,16,118,16,-114,16,-125,16,139,16,-95,16,108,16,-84,16,94,16,-80,16,89,16,0,0,0,0,-38,16,132,16,4,0,138,16,80,0,122,16,-142,0,80,16,-108,0,25,16,-120,0,-22,15,134,0,-47,15,79,0,-42,15,33,0,-20,15,13,0,12,16,10,0,44,16,16,0,75,16,40,0]"
CSI_DATA,122456,d8:b1:90:d9:de:f0,-37,11,-99,-35,38,104,-1621363803,277,0,106,0,"[149,18,141,18,59,18,94,18,-9,17,97,18,-30,17,146,18,-25,17,-118,18,8,18,-91,18,45,18,-77,18,85,18,-91,18,141,18,-134,18,-118,18,136,18,-73,18,95,18,-51,18,83,18,-37,18,101,18,0,0,0,0,2,0,-152,18,83,0,-94,18,-132,0,-73,18,-40,0,-58,18,25,1,-75,18,57,1,-102,18,45,1,-125,18,13,1,-138,18,-31,0,-144,18,-64,0,-129,18,-84,0,-99,18,-92,0,-51,18,-103,0]"
CSI_DATA,122457,d8:b1:90:d9:de:f0,-37,9,-99,-33,38,104,-1621363358,101,0,106,0,"[129,0,105,17,-129,0,12,17,-132,0,-43,16,131,0,-62,16,102,0,-38,16,91,0,-3,16,95,0,45,17,110,0,101,17,138,0,-120,17,-117,0,-47,17,-93,0,13,0,-87,0,46,0,-102,0,63,0,0,0,0,0,81,0,80,0,0,0,99,0,-101,17,142,0,106,17,-98,0,48,17,-49,0,27,17,-25,0,40,17,-25,0,70,17,-40,0,88,17,-61,0,108,17,-103,0,118,17,144,0,110,17,79,0,112,17]"
CSI_DATA,122458,d8:b1:90:d9:de:f0,-37,9,-99,-35,38,104,-1621363217,252,0,106,0,"[84,0,-90,0,-151,0,-13,0,-70,0,-6,0,-28,0,-58,0,-11,0,-114,0,-35,0,150,0,-58,0,125,0,-101,0,119,0,152,0,143,0,106,0,-128,0,70,0,-95,0,57,0,-79,0,50,0,-108,0,0,0,0,0,9,0,154,0,-64,18,106,0,155,18,108,0,66,18,124,0,6,18,-139,0,-3,17,-99,0,28,18,-69,0,75,18,-61,0,123,18,-67,0,154,18,-80,0,-149,18,-117,0,-152,18,-156,0,154,18]"
CSI_DATA,122459,d8:b1:90:d9:de:f0,-41,11,-99,-35,42,104,-1621309216,100,0,228,0,"[0,9,2,12,2,15,1,18,0,20,-1,21,-3,22,84,34,-6,21,-6,20,-7,18,-7,16,-7,15,-6,14,-6,13,-5,13,-3,11,-1,10,0,10,2,10,3,10,-26,-23,7,10,7,10,7,10,7,10,7,10,6,9,0,0,6,6,6,4,6,2,7,0,8,-1,10,-3,-81,0,13,-7,15,-9,16,-9,17,-9,18,-9,18,-8,18,-7,17,-6,16,-6,16,-5,15,-4,14,-4,14,-4,-36,0,13,-5,12,-6,11,-6,11,-6,10,-6,10,-6,9,-5,-9,1,-6,9,0,13,9,9,13,0,9,-8,0,-10,-11,16,-6,2,-2,6,5,5,8,0,5,-9,-3,-12,-13,-6,-16,5,-9,17,6,20,20,11,23,-4,14,-20,2,-13,-17,-14,-21,2,-13,14,1,17,12,9,13,-2,0,0,-4,-10,-10,-2,-9,7,0,12,10,8,13,-1,20,-16,-2,-13,-10,-6,-11,2,-5,8,2,7,6,2,3,-3,-1,-4,-5,0,-3,6,3,8,10,5,13,-3,21,-19,-4,-17,-16,-12,-21,2,-16,16,-1,22,12,16,17,4]"
CSI_DATA,122460,d8:b1:90:d9:de:f0,-37,9,-99,-36,39,104,-1621154404,108,0,106,0,"[120,16,130,0,76,16,-80,0,90,16,-16,0,135,16,7,1,-96,16,4,1,-69,16,-17,0,-53,16,-47,0,-65,16,-78,0,-102,16,-106,0,140,16,-126,0,109,16,-135,0,105,16,-135,0,124,16,134,0,0,0,0,0,-125,16,87,0,-120,16,15,0,125,16,-58,16,72,16,-109,16,17,16,-135,16,-15,15,-129,16,-25,15,-88,16,-16,15,-48,16,5,16,-22,16,22,16,-2,16,40,16,2,0,56,16,-19,16,77,16]"
CSI_DATA,122461,d8:b1:90:d9:de:f0,-36,11,-99,-36,38,104,-1620737104,277,0,106,0,"[47,0,61,18,40,0,-51,17,-16,18,-101,17,-79,18,-89,17,-110,18,-40,17,-127,18,20,18,-119,18,66,18,-66,18,114,18,16,0,157,18,117,0,-139,18,-148,0,-135,18,-123,0,-138,18,-132,0,-129,18,0,0,0,0,149,0,-47,18,130,0,37,0,148,0,152,0,-132,0,-80,0,-76,0,-40,0,-42,0,-22,0,-33,0,-62,0,-47,0,-107,0,-81,0,-148,0,-112,0,147,0,153,0,140,0,95,0,157,0,59,0]"
CSI_DATA,122462,d8:b1:90:d9:de:f0,-37,9,-99,-34,38,104,-1620736659,311,0,106,0,"[-43,0,16,0,61,1,-8,17,109,1,-52,17,97,1,-91,17,55,1,-110,17,-1,0,-109,17,-54,0,-80,17,-116,0,-28,17,128,0,45,0,72,0,130,0,32,0,-110,0,16,0,-82,0,2,0,-91,0,0,0,0,0,-52,17,110,0,-109,17,34,0,110,17,-47,17,20,17,-101,17,-45,16,-136,17,-72,16,-131,17,-59,16,-120,17,-26,16,-98,17,21,17,-79,17,79,17,-77,17,144,17,-95,17,-97,17,-129,17,-51,17]"
CSI_DATA,122463,d8:b1:90:d9:de:f0,-37,9,-99,-36,39,104,-1620736428,130,0,106,0,"[-48,0,-32,16,44,1,-72,16,77,1,-126,16,57,1,121,16,16,1,109,16,-39,0,123,16,-80,0,-135,16,-120,0,-78,16,129,0,8,0,102,0,94,0,90,0,-126,0,81,0,-95,0,71,0,-98,0,0,0,0,0,-4,16,120,0,-84,16,71,0,105,16,37,0,4,16,24,0,-62,15,33,0,-88,15,43,0,-69,15,62,0,-30,15,63,0,16,16,58,0,65,16,43,0,107,16,3,0,-140,16,-51,16,-121,16]"
CSI_DATA,122464,d8:b1:90:d9:de:f0,-37,9,-99,-38,39,104,-1620736303,113,0,106,0,"[40,17,1,0,-53,16,24,0,-92,16,71,0,-73,16,114,0,-36,16,131,0,10,17,128,0,64,17,105,0,114,17,55,0,-150,17,-23,17,-110,17,-108,17,-83,17,133,17,-65,17,111,17,-48,17,118,17,0,0,0,0,19,0,-128,17,99,0,-73,17,-99,0,-43,17,-5,0,-27,17,54,1,-27,17,79,1,-38,17,64,1,-52,17,30,1,-55,17,-13,0,-55,17,-64,0,-41,17,-110,0,-1,17,-140,0,49,0,137,0]"
CSI_DATA,122465,d8:b1:90:d9:de:f0,-38,9,-99,-36,40,104,-1620527742,266,0,106,0,"[44,15,-86,15,-37,14,-103,15,-82,14,-83,15,-76,14,-53,15,-53,14,-24,15,-3,14,-8,15,39,15,-15,15,97,15,-50,15,-93,15,-93,15,-36,15,101,15,11,0,55,15,25,0,31,15,25,0,47,15,0,0,0,0,48,0,97,15,88,0,-88,15,-101,0,-36,15,-37,0,14,0,17,1,41,0,37,1,39,0,30,1,40,0,1,1,30,0,-33,0,26,0,-65,0,47,0,-100,0,77,0,-127,0,120,0,114,0]"
CSI_DATA,122466,d8:b1:90:d9:de:f0,-39,9,-99,-34,40,104,-1620527572,246,0,106,0,"[-49,0,-118,0,25,0,-93,0,74,0,-120,0,68,0,84,0,49,0,52,0,8,0,31,0,-36,0,21,0,-91,0,43,0,88,0,85,0,30,0,-110,0,-9,14,-67,0,-28,14,-43,0,-32,14,-53,0,0,0,0,0,-50,14,-107,0,-87,14,78,0,93,14,30,0,31,14,-6,14,-24,13,-26,14,-37,13,-29,14,-26,13,-16,14,-3,13,-13,14,24,14,-14,14,50,14,-21,14,81,14,-52,14,101,14,-87,14,111,14]"
CSI_DATA,122467,d8:b1:90:d9:de:f0,-36,9,-99,-36,38,104,-1620482200,113,0,106,0,"[-105,18,-107,0,-138,18,-15,0,-133,18,37,1,-96,18,54,1,-70,18,42,1,-55,18,16,1,-56,18,-31,0,-78,18,-73,0,-119,18,-133,0,144,18,129,0,98,18,74,0,70,18,45,0,83,18,28,0,0,0,0,0,135,18,-16,18,-119,18,-67,18,-66,18,-159,18,-22,18,69,18,-3,18,-20,17,-10,18,-52,17,-25,18,-51,17,-42,18,-36,17,-50,18,-7,17,-39,18,26,18,-11,18,61,18,32,0,81,18,67,0]"
CSI_DATA,122468,d8:b1:90:d9:de:f0,-38,11,-99,-33,39,104,-1620308856,100,0,114,0,"[-8,25,-11,26,-13,26,-15,27,-17,27,-19,26,-18,24,-18,23,-17,22,-17,20,-17,19,-17,19,-18,20,-18,20,-19,21,-18,21,-19,22,-20,22,-21,24,-22,23,-21,26,-22,25,-21,24,-21,23,-21,23,-21,22,-21,21,-21,21,0,0,-20,21,-21,20,-22,21,-22,21,-23,23,-23,23,-23,22,-23,22,-23,21,-22,21,-22,20,-21,20,-20,19,-19,18,-19,17,-19,17,-18,16,-19,17,-18,18,-20,17,-20,18,-22,18,-22,17,-25,18,-26,16,-26,15,-25,13,-24,10]"
CSI_DATA,122469,d8:b1:90:d9:de:f0,-43,9,-99,-33,44,104,-1620109952,130,0,106,0,"[-42,0,49,0,-19,0,41,0,-22,0,26,0,-46,0,21,0,-69,0,30,0,63,0,53,0,59,0,-61,0,70,0,-23,0,-52,0,7,0,-25,0,11,0,-16,0,1,0,-20,0,-30,0,-43,0,-59,0,0,0,0,0,47,0,64,0,19,0,68,0,-4,8,-72,0,-21,8,-70,0,-35,8,73,0,-49,8,58,0,-66,8,43,0,62,8,38,0,41,8,39,0,9,8,49,0,-13,8,-65,0,-12,8,-19,0,28,8]"
CSI_DATA,122470,d8:b1:90:d9:de:f0,-42,9,-99,-33,43,104,-1620078433,98,0,106,0,"[-60,0,-70,9,-55,0,73,9,-71,0,71,9,74,0,-77,9,64,0,-44,9,73,0,-8,9,-64,0,25,0,-18,0,51,0,30,0,60,0,64,0,44,0,65,0,25,0,38,0,3,0,-3,0,0,9,0,0,0,0,-65,0,16,0,81,0,44,0,74,0,67,0,62,0,75,0,44,0,75,0,17,0,68,0,-14,9,64,0,-44,9,68,0,-74,9,-78,0,65,9,-42,0,61,9,5,0,82,9,52,0,-26,9]"
CSI_DATA,122471,d8:b1:90:d9:de:f0,-46,9,-99,-36,47,104,-1619692108,108,0,106,0,"[-11,6,37,6,-48,6,5,6,26,6,2,6,5,6,20,6,-7,6,47,6,0,6,-45,6,8,6,-32,6,28,6,-27,6,54,6,-37,6,-35,6,-54,6,-22,6,37,6,-19,6,25,6,-20,6,24,6,0,0,0,0,-22,6,-53,6,0,6,-31,6,31,0,-11,6,-40,0,-2,6,-5,0,-7,6,14,0,-21,6,17,0,-37,6,5,0,-49,6,-8,0,-52,6,-17,0,-46,6,-20,0,-30,6,-12,0,-12,6,2,0]"
CSI_DATA,122472,d8:b1:90:d9:de:f0,-37,11,-99,-36,39,104,-1619483707,277,0,106,0,"[135,16,-97,0,99,16,-6,0,97,16,46,1,133,16,54,1,-130,16,37,1,-106,16,0,1,-97,16,-49,0,-98,16,-115,0,-105,16,87,0,-133,16,2,0,140,16,-74,16,130,16,-113,16,-139,16,-116,16,0,0,0,0,-46,16,-96,16,46,0,-84,16,-136,0,-89,16,-28,0,-113,16,47,1,140,16,61,1,131,16,34,1,118,16,-5,0,126,16,-40,0,142,16,-84,0,-114,16,-120,0,-62,16,136,0,5,0,127,0]"
CSI_DATA,122473,d8:b1:90:d9:de:f0,-38,9,-99,-34,39,104,-1619483209,337,0,106,0,"[79,0,39,15,69,0,-48,14,32,0,-91,14,-8,15,-96,14,-38,15,-58,14,-47,15,-21,14,-43,15,24,15,-22,15,79,15,22,0,-135,15,78,0,-74,15,129,0,-39,15,-115,0,-15,15,-118,0,-4,15,0,0,0,0,74,0,46,0,19,0,91,0,-39,15,-88,0,-76,15,-7,0,-81,15,61,1,-70,15,93,1,-37,15,80,1,-5,15,51,1,14,0,6,1,12,0,-39,0,-4,15,-96,0,-43,15,130,0,-74,15]"
CSI_DATA,122474,d8:b1:90:d9:de:f0,-38,9,-99,-36,39,104,-1619482988,317,0,106,0,"[-124,16,75,16,93,16,14,16,30,16,11,16,8,16,46,16,8,16,85,16,31,16,135,16,62,16,-125,16,123,16,-115,16,-84,16,-118,16,-7,16,-130,16,56,0,136,16,87,0,125,16,90,0,140,16,0,0,0,0,93,0,-59,16,108,0,19,0,-139,0,107,0,-81,0,-104,0,-14,0,-57,0,14,1,-63,0,12,1,-97,0,-7,0,-134,0,-34,0,116,0,-71,0,97,0,-130,0,92,0,99,0,104,0,59,0]"
CSI_DATA,122475,d8:b1:90:d9:de:f0,-40,11,-99,-34,41,104,-1619308893,100,0,228,0,"[-7,-8,-10,-9,-12,-12,-15,-14,-15,-15,-15,-18,-15,-19,91,37,-12,-19,-10,-20,-10,-19,-9,-17,-8,-16,-7,-15,-7,-13,-7,-12,-8,-10,-9,-7,-10,-5,-10,-2,-12,0,-28,-25,-15,2,-15,4,-15,4,-15,4,-15,4,-14,4,0,0,-12,5,-10,5,-8,6,-5,8,-5,10,-2,12,-32,12,0,17,1,19,0,21,1,21,0,22,0,22,0,21,0,20,0,19,0,17,0,16,0,15,0,14,5,0,1,11,4,10,5,10,6,10,7,10,7,9,6,9,5,-10,-2,-13,-11,-9,-15,2,-9,12,1,15,10,7,-1,-22,4,-10,-4,-8,-10,0,-6,8,3,12,13,6,15,-5,6,-18,-8,-20,-22,-8,-24,10,-10,25,10,26,10,13,24,-7,10,-21,-6,-20,-16,-8,-15,5,-4,13,0,0,11,0,5,-9,-5,-10,-12,-3,-11,8,-1,15,9,27,16,0,11,-10,0,-15,-10,-9,-11,0,-5,7,2,6,6,0,3,-5,-4,-6,-10,0,-8,8,0,14,13,25,20,0,16,-12,4,-22,-11,-19,-21,-7,-18,7,-8,15]"
CSI_DATA,122476,d8:b1:90:d9:de:f0,-36,11,-99,-34,37,104,-1619274808,277,0,106,0,"[117,0,-102,0,-160,0,-34,0,-80,0,-21,0,-48,0,-60,0,-40,0,-102,0,-48,0,169,0,-81,0,149,0,-124,0,144,0,146,0,-160,0,86,0,-121,0,46,0,-69,0,42,0,-38,0,52,0,-53,0,0,0,0,0,24,0,-126,0,-36,20,161,0,-134,20,137,0,101,20,154,0,29,20,-137,0,8,20,-94,0,50,20,-57,0,101,20,-50,0,148,20,-74,0,-164,20,-104,0,-169,20,-146,0,162,20,153,0,137,20]"
CSI_DATA,122477,d8:b1:90:d9:de:f0,-37,9,-99,-35,38,104,-1619274354,101,0,106,0,"[135,0,112,18,151,0,23,18,111,0,-40,17,48,0,-50,17,-11,18,-40,17,-34,18,-1,17,-53,18,41,18,-33,18,74,18,20,0,101,18,84,0,111,18,129,0,102,18,141,0,90,18,132,0,85,18,0,0,0,0,92,0,146,18,111,0,-97,18,-135,0,-39,18,-50,0,-8,18,24,1,-23,18,58,1,-63,18,45,1,-118,18,0,1,-155,18,-55,0,146,18,-101,0,155,18,-116,0,-129,18,-111,0,-85,18,-99,0]"
CSI_DATA,122478,d8:b1:90:d9:de:f0,-37,11,-99,-33,38,104,-1618857009,277,0,106,0,"[71,0,-38,0,136,0,21,1,-94,0,26,1,-62,0,-12,0,-54,0,-66,0,-80,0,-100,0,-113,0,-121,0,142,0,-117,0,88,0,-95,0,45,0,-76,0,9,0,-66,0,1,0,-70,0,-8,17,-97,0,0,0,0,0,-75,17,122,0,-133,17,80,0,72,17,69,0,4,17,72,0,-41,16,87,0,-41,16,117,0,-13,16,125,0,23,17,133,0,63,17,125,0,83,17,109,0,91,17,90,0,93,17,57,0,109,17]"
CSI_DATA,122479,d8:b1:90:d9:de:f0,-36,9,-99,-36,38,104,-1618856528,98,0,106,0,"[-119,18,-57,0,-101,18,40,1,-35,18,90,1,30,0,71,1,79,0,21,1,91,0,-22,0,83,0,-65,0,44,0,-89,0,-10,18,-91,0,-60,18,-84,0,-86,18,-80,0,-89,18,-93,0,-75,18,-127,0,0,0,0,0,-110,18,109,0,-159,18,60,0,78,18,23,0,2,18,28,0,-46,17,51,0,-49,17,83,0,-10,17,112,0,28,18,125,0,65,18,125,0,90,18,124,0,107,18,100,0,112,18,80,0,130,18]"
CSI_DATA,122480,d8:b1:90:d9:de:f0,-36,9,-99,-34,37,104,-1618807798,98,0,106,0,"[50,0,-60,0,117,0,18,1,-137,0,25,1,-90,0,-22,0,-60,0,-82,0,-65,0,-140,0,-80,0,165,0,-113,0,157,0,-156,0,-165,0,142,0,-134,0,113,0,-114,0,97,0,-101,0,86,0,-121,0,0,0,0,0,52,0,-136,0,-2,20,-150,0,-73,20,-121,0,-126,20,-84,0,-149,20,-32,0,-145,20,9,1,-105,20,16,1,-57,20,6,1,-24,20,-12,0,12,0,-28,0,24,0,-64,0,16,0,-102,0,2,0]"
CSI_DATA,122481,d8:b1:90:d9:de:f0,-36,9,-99,-36,38,104,-1618807576,98,0,106,0,"[103,0,67,18,105,0,-30,17,70,0,-76,17,28,0,-73,17,-5,18,-50,17,-7,18,-10,17,-1,18,25,18,25,0,57,18,70,0,103,18,124,0,138,18,-147,0,-153,18,-115,0,-120,18,-124,0,-89,18,0,0,0,0,-142,0,-26,18,-158,0,47,0,-152,0,127,0,-139,0,-113,0,-120,0,-47,0,-113,0,-25,0,-100,0,-36,0,-96,0,-67,0,-99,0,-93,0,-104,0,-108,0,-133,0,-125,0,135,0,-140,0,89,0]"
CSI_DATA,122482,d8:b1:90:d9:de:f0,-37,11,-99,-35,38,104,-1618439210,277,0,106,0,"[-156,0,92,18,-140,0,-22,17,124,0,-89,17,45,0,-92,17,-2,18,-57,17,-30,18,-13,17,-36,18,47,18,-7,18,100,18,48,0,152,18,117,0,-123,18,-145,0,-103,18,-125,0,-97,18,-140,0,-84,18,0,0,0,0,107,0,-3,18,84,0,80,0,81,0,-123,0,116,0,-28,0,-135,0,26,1,-95,0,31,1,-77,0,-14,0,-67,0,-74,0,-94,0,-119,0,-123,0,-154,0,135,0,141,0,83,0,154,0,47,0]"
CSI_DATA,122483,d8:b1:90:d9:de:f0,-36,9,-99,-34,37,104,-1618438747,108,0,106,0,"[120,20,-157,0,53,20,-58,0,50,20,6,1,94,20,22,1,132,20,2,1,-168,20,-32,0,-152,20,-93,0,-153,20,-168,0,-168,20,77,0,152,20,-20,20,133,20,-90,20,133,20,-121,20,166,20,-124,20,0,0,0,0,-50,20,-110,20,57,0,-109,20,-156,0,-136,20,-52,0,166,20,20,1,118,20,26,1,97,20,-4,0,101,20,-49,0,121,20,-90,0,150,20,-121,0,-145,20,-145,0,-80,20,-154,0,-10,20,-157,0]"
CSI_DATA,122484,d8:b1:90:d9:de:f0,-34,11,-99,-36,36,104,-1618308839,100,0,114,0,"[-15,-39,-15,-44,-14,-47,-12,-50,-11,-50,-7,-49,-6,-49,-6,-45,-6,-44,-6,-44,-6,-42,-6,-42,-4,-41,-4,-42,-4,-44,-6,-45,-7,-44,-7,-47,-7,-49,-7,-49,-7,-50,-9,-52,-9,-50,-11,-50,-7,-47,-6,-47,-7,-45,-6,-44,0,0,-7,-44,-4,-44,-6,-44,-6,-47,-6,-47,-6,-47,-7,-49,-6,-47,-6,-45,-7,-44,-6,-42,-4,-41,-6,-38,-6,-36,-4,-34,-4,-34,-6,-34,-4,-33,-6,-34,-3,-38,-4,-39,-3,-41,-3,-42,0,-42,1,-42,3,-41,4,-39,6,-34]"
CSI_DATA,122485,d8:b1:90:d9:de:f0,-38,11,-99,-34,39,104,-1618230311,277,0,106,0,"[-39,15,-134,15,-45,15,47,15,-91,15,-6,14,-129,15,-10,14,104,15,12,15,104,15,56,15,116,15,80,15,-112,15,80,15,-52,15,73,15,7,0,39,15,49,0,-3,14,42,0,-33,14,15,0,-23,14,0,0,0,0,-38,15,65,15,-8,15,-123,15,62,0,-52,15,-119,0,3,0,-24,0,8,0,27,1,-22,15,40,1,-54,15,16,1,-90,15,-6,0,-99,15,-22,0,-96,15,-30,0,-80,15,-27,0,-55,15,-16,0]"
CSI_DATA,122486,d8:b1:90:d9:de:f0,-39,9,-99,-35,40,104,-1618229866,224,0,106,0,"[106,0,-63,14,-55,0,-79,14,-11,0,-118,14,-8,0,103,14,-26,0,89,14,-50,0,96,14,-68,0,-121,14,-74,0,-70,14,-72,0,-2,14,-55,0,76,0,-41,0,-115,0,-29,0,-98,0,-26,0,-108,0,0,0,0,0,-83,0,78,0,84,0,54,0,-15,14,62,0,-114,14,81,0,60,14,121,0,26,14,-95,0,23,14,-71,0,41,14,-64,0,57,14,-77,0,68,14,-102,0,58,14,110,0,40,14,76,0,30,14]"
CSI_DATA,122487,d8:b1:90:d9:de:f0,-38,9,-99,-37,40,104,-1618229694,130,0,106,0,"[6,0,-128,0,-21,15,-33,0,-7,15,26,1,19,0,44,1,45,0,29,1,54,0,0,1,38,0,-33,0,-9,15,-64,0,-81,15,-94,0,102,15,-106,0,32,15,-112,0,8,15,-101,0,32,15,-98,0,0,0,0,0,111,15,-120,0,-95,15,68,0,-67,15,-34,15,-53,15,123,15,-69,15,28,15,-97,15,-13,14,-118,15,-15,14,-128,15,-2,14,-126,15,22,15,-100,15,37,15,-58,15,42,15,-20,15,29,15,5,0]"
CSI_DATA,122488,d8:b1:90:d9:de:f0,-39,9,-99,-35,40,104,-1618229541,113,0,106,0,"[-64,14,109,0,-121,14,-76,0,115,14,-14,0,-108,14,13,0,-86,14,14,0,-68,14,-6,0,-65,14,-41,0,-87,14,-76,0,113,14,121,0,53,14,79,0,2,14,59,0,-16,13,57,0,-4,13,68,0,0,0,0,0,79,14,77,0,-89,14,30,0,-34,14,-47,14,7,0,104,14,18,0,18,14,8,0,-26,13,-22,14,-40,13,-38,14,-34,13,-42,14,-8,13,-33,14,17,14,-5,14,22,14,30,0,24,14,46,0]"
CSI_DATA,122489,d8:b1:90:d9:de:f0,-38,9,-99,-34,39,104,-1618020957,98,0,106,0,"[-2,14,-5,15,-74,14,33,0,-83,14,83,0,-52,14,118,0,-6,14,130,0,30,15,126,0,59,15,105,0,81,15,66,0,97,15,22,0,112,15,-29,15,134,15,-70,15,-111,15,-100,15,-82,15,-112,15,0,0,0,0,-19,15,116,15,25,0,98,15,75,0,59,15,117,0,23,15,-131,0,-5,14,-129,0,-13,14,127,0,-2,14,103,0,4,15,81,0,19,15,60,0,36,15,50,0,69,15,45,0,113,15,47,0]"
CSI_DATA,122490,d8:b1:90:d9:de:f0,-37,11,-99,-37,39,104,-1617812512,277,0,106,0,"[-4,16,-76,17,-83,16,-47,17,-103,16,11,0,-66,16,54,0,-3,16,78,0,46,17,70,0,88,17,46,0,117,17,-3,17,137,17,-71,17,146,17,-123,17,-128,17,137,17,-107,17,125,17,-76,17,135,17,0,0,0,0,-5,17,123,17,62,0,109,17,125,0,68,17,-130,0,39,17,-115,0,20,17,-116,0,11,17,-133,0,33,17,140,0,51,17,125,0,76,17,122,0,97,17,118,0,125,17,125,0,-147,17,115,0]"
CSI_DATA,122491,d8:b1:90:d9:de:f0,-38,9,-99,-34,39,104,-1617812040,113,0,106,0,"[-29,14,49,0,-78,14,123,0,-56,14,-78,0,8,15,-45,0,70,15,-51,0,114,15,-79,0,-124,15,-118,0,-123,15,103,0,127,15,51,0,109,15,5,0,99,15,-22,15,103,15,-39,15,121,15,-56,15,0,0,0,0,-109,15,-120,15,-98,15,108,15,-94,15,46,15,-110,15,9,15,-126,15,-19,14,133,15,-13,14,130,15,12,15,130,15,41,15,-133,15,73,15,-133,15,97,15,-115,15,108,15,-99,15,121,15,-76,15]"
CSI_DATA,122492,d8:b1:90:d9:de:f0,-37,9,-99,-34,38,104,-1617603122,130,0,106,0,"[-101,0,-21,17,-10,0,-59,17,30,1,-108,17,17,1,-143,17,-14,0,-152,17,-49,0,-141,17,-59,0,-103,17,-65,0,-52,17,-57,0,21,0,-35,0,82,0,-26,0,120,0,-34,0,122,0,-60,0,103,0,0,0,0,0,116,0,57,0,19,0,51,0,-96,17,83,0,109,17,136,0,52,17,-108,0,28,17,-70,0,51,17,-54,0,78,17,-68,0,96,17,-84,0,97,17,-111,0,82,17,-143,0,62,17,136,0,59,17]"
CSI_DATA,122493,d8:b1:90:d9:de:f0,-37,11,-99,-35,39,104,-1617394713,277,0,106,0,"[-55,16,-2,15,-85,16,-57,15,-115,16,-67,15,-131,16,-45,15,138,16,-18,15,-128,16,15,16,-119,16,47,16,-87,16,74,16,-33,16,114,16,38,0,-123,16,102,0,-82,16,-118,0,-58,16,-87,0,-45,16,0,0,0,0,-61,0,-21,16,-67,0,19,0,-66,0,79,0,-64,0,-134,0,-55,0,-78,0,-50,0,-50,0,-46,0,-53,0,-53,0,-73,0,-64,0,-100,0,-81,0,-136,0,-126,0,121,0,88,0,113,0,30,0]"
CSI_DATA,122494,d8:b1:90:d9:de:f0,-38,9,-99,-33,39,104,-1617394223,101,0,106,0,"[15,1,9,0,67,1,-17,15,81,1,-56,15,59,1,-86,15,31,1,-112,15,-13,0,-115,15,-43,0,-115,15,-77,0,-96,15,-122,0,-46,15,100,0,15,0,72,0,79,0,57,0,-127,0,59,0,-92,0,0,0,0,0,46,0,-66,0,19,0,-61,0,-26,15,-52,0,-75,15,-25,0,-110,15,3,1,-123,15,23,1,-111,15,28,1,-77,15,14,1,-51,15,-6,0,-25,15,-30,0,-18,15,-77,0,-31,15,124,0,-61,15]"
CSI_DATA,122495,d8:b1:90:d9:de:f0,-40,11,-99,-34,42,104,-1617308902,100,0,228,0,"[7,8,9,10,11,13,11,15,11,17,11,18,11,20,81,33,8,20,7,19,6,18,5,17,5,16,5,15,5,14,6,13,6,11,7,10,8,8,8,7,8,5,-25,-22,9,2,9,0,8,0,8,-1,7,-2,6,-2,0,0,5,-5,3,-6,2,-8,0,-11,0,-12,-1,-14,-17,11,-2,-17,-3,-19,-4,-20,-5,-20,-5,-20,-5,-20,-5,-19,-4,-18,-4,-17,-4,-17,-3,-16,-4,-15,-4,-14,-50,11,-4,-14,-4,-12,-5,-11,-5,-10,-5,-8,-5,-7,-4,-5,-5,2,-2,7,3,7,8,2,6,-4,0,-7,-5,-4,2,23,0,6,5,5,8,-1,5,-9,-3,-11,-12,-5,-14,5,-6,17,8,19,20,8,22,-8,10,-22,-8,-23,-13,-7,-23,7,-9,20,6,19,17,7,15,-6,5,-14,0,0,-11,-2,-8,7,0,10,8,5,8,-2,2,-8,-7,-23,-8,0,-5,6,2,7,6,2,5,-4,-1,-5,-6,-2,-5,4,0,8,7,5,11,-2,6,-11,-2,-14,-19,-23,-17,3,-11,17,3,21,17,13,21,-1,14,-14,1,-18]"
CSI_DATA,122496,d8:b1:90:d9:de:f0,-37,11,-99,-36,39,104,-1616976914,277,0,106,0,"[-103,16,-50,0,-76,16,35,1,-21,16,78,1,46,0,68,1,84,0,26,1,105,0,-17,0,103,0,-53,0,83,0,-87,0,34,0,-111,0,-29,16,-121,0,-70,16,-117,0,-99,16,-122,0,-93,16,-130,0,0,0,0,0,-97,16,115,0,-133,16,50,0,90,16,8,0,24,16,-15,16,-31,15,2,0,-63,15,25,0,-49,15,68,0,-22,15,92,0,20,16,108,0,47,16,129,0,78,16,99,0,96,16,74,0,112,16]"
CSI_DATA,122497,d8:b1:90:d9:de:f0,-38,9,-99,-34,39,104,-1616976460,108,0,106,0,"[-87,15,51,15,122,15,-10,14,59,15,-15,14,33,15,10,15,37,15,60,15,52,15,98,15,84,15,124,15,131,15,133,15,-67,15,127,15,-3,15,117,15,55,0,109,15,83,0,102,15,91,0,115,15,0,0,0,0,101,0,-96,15,123,0,-27,15,-99,0,38,0,-47,0,99,0,3,1,131,0,34,1,-134,0,32,1,117,0,22,1,93,0,0,1,73,0,-34,0,62,0,-73,0,69,0,-115,0,91,0,122,0]"
CSI_DATA,122498,d8:b1:90:d9:de:f0,-37,9,-99,-38,39,104,-1616767552,130,0,106,0,"[10,0,-48,0,48,0,22,1,99,0,45,1,131,0,22,1,-152,0,-7,0,-150,0,-39,0,144,0,-61,0,118,0,-80,0,74,0,-93,0,22,0,-108,0,-27,17,-115,0,-65,17,-133,0,-82,17,146,0,0,0,0,0,-108,17,87,0,-140,17,26,0,104,17,-30,17,39,17,-77,17,-23,16,-104,17,-51,16,-97,17,-49,16,-67,17,-39,16,-34,17,-14,16,-3,17,4,17,14,0,45,17,19,0,84,17,1,0,130,17]"
CSI_DATA,122499,d8:b1:90:d9:de:f0,-37,11,-99,-34,38,104,-1616350215,277,0,106,0,"[135,17,-87,0,124,17,-8,0,-152,17,35,1,-101,17,51,1,-57,17,29,1,-26,17,17,1,-1,17,5,1,4,0,-30,0,-8,17,-72,0,-52,17,-133,0,-97,17,129,0,-133,17,102,0,146,17,84,0,0,0,0,0,131,17,62,0,131,17,20,0,96,17,-42,17,60,17,-98,17,8,17,-121,17,-41,16,-123,17,-48,16,-89,17,-49,16,-40,17,-23,16,7,0,8,17,46,0,59,17,57,0,109,17,39,0,-147,17]"
CSI_DATA,122500,d8:b1:90:d9:de:f0,-36,9,-99,-37,38,104,-1616349735,252,0,106,0,"[1,0,-42,0,11,0,31,1,37,0,58,1,58,0,57,1,69,0,38,1,81,0,14,1,79,0,-15,0,53,0,-37,0,14,0,-80,0,-49,19,-133,0,-114,19,139,0,-156,19,99,0,146,19,71,0,0,0,0,0,132,19,15,0,150,19,-40,19,145,19,-132,19,150,19,116,19,133,19,47,19,108,19,12,19,99,19,6,19,84,19,31,19,77,19,69,19,97,19,110,19,134,19,146,19,-138,19,-158,19,-63,19]"
CSI_DATA,122501,d8:b1:90:d9:de:f0,-37,9,-99,-38,39,104,-1616349533,98,0,106,0,"[-124,0,99,17,-97,0,39,17,-104,0,1,17,-127,0,-9,16,-147,0,-1,16,125,0,8,17,118,0,29,17,111,0,58,17,122,0,111,17,131,0,-123,17,150,0,-46,17,-135,0,7,0,-128,0,34,0,0,0,0,0,-137,0,80,0,124,0,121,0,85,0,-118,0,49,0,-47,0,41,0,14,1,45,0,49,1,67,0,55,1,91,0,36,1,110,0,4,1,115,0,-33,0,101,0,-79,0,64,0,-123,0,5,0]"
CSI_DATA,122502,d8:b1:90:d9:de:f0,-33,11,-99,-35,35,104,-1616309191,100,0,114,0,"[43,5,46,10,50,13,50,17,50,20,46,22,43,24,43,24,39,24,38,24,36,24,36,24,36,24,34,24,38,25,38,25,41,29,41,29,43,32,43,31,43,32,44,34,43,34,43,34,39,32,39,34,38,32,39,34,0,0,38,36,36,36,36,38,38,38,38,39,38,41,38,41,38,41,36,39,36,39,34,38,34,38,32,38,31,34,31,36,27,34,27,32,27,32,29,34,29,38,29,39,29,41,29,44,29,44,25,46,22,46,19,46,12,43]"
CSI_DATA,122503,d8:b1:90:d9:de:f0,-37,11,-99,-33,38,104,-1615723517,277,0,106,0,"[66,17,110,0,4,17,-130,0,-5,16,-91,0,11,17,-81,0,40,17,-76,0,73,17,-86,0,83,17,-107,0,83,17,-140,0,92,17,92,0,95,17,26,0,101,17,-34,17,108,17,-73,17,130,17,-92,17,0,0,0,0,-98,17,-122,17,-27,17,-139,17,50,0,108,17,121,0,56,17,-143,0,1,17,-135,0,-27,16,-147,0,-30,16,120,0,-11,16,101,0,9,17,91,0,33,17,99,0,68,17,106,0,112,17,116,0]"
CSI_DATA,122504,d8:b1:90:d9:de:f0,-38,9,-99,-35,39,104,-1615723045,130,0,106,0,"[136,16,-85,0,122,16,-3,0,-126,16,41,1,-88,16,42,1,-52,16,32,1,-33,16,3,1,-25,16,-23,0,-32,16,-54,0,-67,16,-100,0,-109,16,136,0,136,16,104,0,114,16,79,0,116,16,65,0,0,0,0,0,-138,16,20,0,-113,16,-47,16,-115,16,-129,16,-133,16,68,16,110,16,19,16,75,16,3,16,51,16,28,16,49,16,73,16,57,16,106,16,73,16,135,16,110,16,-126,16,-122,16,-129,16,-91,16]"
CSI_DATA,122505,d8:b1:90:d9:de:f0,-38,9,-99,-33,39,104,-1615722874,113,0,106,0,"[21,0,39,15,-9,15,-28,14,-56,15,-53,14,-92,15,-42,14,-117,15,-8,14,-121,15,22,15,-117,15,49,15,-91,15,68,15,-53,15,85,15,3,0,96,15,50,0,101,15,77,0,107,15,84,0,120,15,0,0,0,0,91,0,-92,15,113,0,-37,15,-95,0,19,0,-38,0,64,0,17,1,80,0,56,1,57,0,54,1,31,0,33,1,-12,15,6,1,-33,15,-27,0,-41,15,-61,0,-31,15,-90,0,-3,15,-111,0]"
CSI_DATA,122506,d8:b1:90:d9:de:f0,-36,9,-99,-37,38,104,-1615686743,108,0,106,0,"[152,19,-120,0,128,19,-34,0,158,19,28,1,-132,19,45,1,-89,19,33,1,-68,19,2,1,-62,19,-25,0,-72,19,-53,0,-103,19,-97,0,-152,19,-143,0,145,19,142,0,138,19,104,0,147,19,82,0,0,0,0,0,-151,19,23,0,-128,19,-50,19,-142,19,-152,19,-163,19,90,19,136,19,33,19,94,19,7,19,59,19,34,19,53,19,82,19,59,19,123,19,77,19,151,19,116,19,-154,19,161,19,-151,19,-128,19]"
CSI_DATA,122507,d8:b1:90:d9:de:f0,-37,9,-99,-37,39,104,-1615514155,98,0,106,0,"[138,0,80,17,132,0,-11,16,76,0,-61,16,30,0,-60,16,-13,17,-39,16,-54,17,4,17,-55,17,27,17,-43,17,49,17,-3,17,83,17,41,0,106,17,84,0,123,17,105,0,135,17,105,0,-139,17,0,0,0,0,108,0,-91,17,133,0,-35,17,-108,0,26,0,-39,0,61,0,23,1,66,0,62,1,43,0,65,1,-6,17,32,1,-45,17,-2,0,-75,17,-35,0,-86,17,-69,0,-77,17,-105,0,-54,17,-117,0]"
CSI_DATA,122508,d8:b1:90:d9:de:f0,-37,9,-99,-35,38,104,-1615480753,101,0,106,0,"[133,18,117,18,58,18,69,18,9,18,73,18,2,18,99,18,11,18,136,18,39,18,149,18,63,18,-146,18,112,18,-155,18,-138,18,136,18,-69,18,121,18,-7,18,112,18,36,0,125,18,62,0,148,18,0,0,0,0,108,0,-100,18,150,0,-29,18,-94,0,36,0,-39,0,94,0,12,1,134,0,39,1,146,0,28,1,140,0,12,1,123,0,-8,0,106,0,-35,0,91,0,-79,0,97,0,-125,0,113,0,135,0]"
CSI_DATA,122509,d8:b1:90:d9:de:f0,-37,9,-99,-37,39,104,-1615431004,113,0,106,0,"[-62,0,-26,17,23,1,-56,17,58,1,-103,17,43,1,-132,17,16,1,-138,17,-18,0,146,17,-53,0,-127,17,-76,0,-88,17,-98,0,-27,17,-124,0,38,0,143,0,99,0,116,0,135,0,90,0,137,0,0,0,0,0,16,0,130,0,-65,17,110,0,135,17,116,0,48,17,130,0,-13,16,-140,0,-33,16,-120,0,-17,16,-113,0,3,17,-116,0,36,17,-116,0,72,17,-144,0,102,17,112,0,117,17,64,0,138,17]"
CSI_DATA,122510,d8:b1:90:d9:de:f0,-41,11,-99,-35,42,104,-1615308809,100,0,228,0,"[-6,6,-7,8,-10,10,-12,12,-13,13,-16,13,-16,13,84,34,-16,12,-16,11,-16,10,-16,10,-15,10,-14,10,-13,9,-12,9,-11,10,-10,10,-8,10,-6,10,-4,10,-26,-23,0,11,0,11,1,10,2,10,2,9,3,8,0,0,4,5,4,3,6,2,7,0,9,-2,10,-4,-72,0,15,-7,16,-9,17,-10,18,-10,19,-10,18,-10,18,-10,18,-8,18,-8,16,-7,16,-7,15,-6,14,-6,-28,0,13,-6,11,-6,10,-6,8,-6,6,-6,6,-6,4,-6,-4,-7,-10,-2,-9,6,-2,10,6,9,10,1,6,-5,-17,6,-5,-2,-5,3,0,6,6,3,9,-4,3,-11,-8,-12,-16,-3,-16,10,-3,21,13,19,24,5,21,-13,3,-13,-13,-21,-22,-6,-19,10,-5,19,9,15,16,3,0,0,0,-13,-9,-6,-10,3,-3,10,5,9,10,1,21,-13,0,-10,-7,-6,-8,1,-3,6,3,5,5,0,1,-4,-3,-3,-6,2,-2,7,5,9,12,3,13,-8,18,-23,-9,-17,-20,-7,-21,9,-10,21,6,23,17,12,19,-1]"
CSI_DATA,122511,d8:b1:90:d9:de:f0,-37,11,-99,-36,39,104,-1615096819,277,0,106,0,"[66,16,70,0,-4,15,103,0,-34,15,-138,0,-17,15,-99,0,20,16,-76,0,52,16,-77,0,92,16,-89,0,113,16,-129,0,121,16,94,0,116,16,20,0,99,16,-51,16,80,16,-80,16,80,16,-83,16,0,0,0,0,130,16,-85,16,-92,16,-103,16,-22,16,118,16,22,0,44,16,38,0,-38,15,12,0,-75,15,-13,16,-67,15,-48,16,-37,15,-71,16,4,16,-63,16,47,16,-35,16,89,16,14,0,107,16,49,0]"
CSI_DATA,122512,d8:b1:90:d9:de:f0,-38,9,-99,-34,39,104,-1615096338,130,0,106,0,"[-133,15,-91,0,94,15,-15,0,95,15,27,1,120,15,45,1,-127,15,30,1,-108,15,14,1,-98,15,-24,0,-97,15,-79,0,-109,15,121,0,131,15,32,0,105,15,-32,15,84,15,-79,15,87,15,-86,15,0,0,0,0,-118,15,-90,15,-43,15,-100,15,55,0,128,15,-134,0,67,15,-79,0,8,15,-70,0,-25,14,-94,0,-27,14,-123,0,-14,14,120,0,18,15,98,0,59,15,103,0,123,15,132,0,-87,15,-114,0]"
CSI_DATA,122513,d8:b1:90:d9:de:f0,-37,9,-99,-35,39,104,-1614887438,224,0,106,0,"[116,16,116,16,53,16,73,16,4,16,70,16,-3,15,98,16,6,16,123,16,28,16,133,16,56,16,-137,16,87,16,133,16,-136,16,104,16,-89,16,83,16,-38,16,73,16,-5,16,79,16,14,0,100,16,0,0,0,0,54,0,-123,16,107,0,-61,16,-101,0,-14,16,-32,0,21,0,20,1,44,0,53,1,39,0,47,1,29,0,29,1,20,0,13,1,7,0,-16,0,7,0,-41,0,18,0,-65,0,44,0,-100,0]"
CSI_DATA,122514,d8:b1:90:d9:de:f0,-38,11,-99,-36,40,104,-1614679020,277,0,106,0,"[-29,15,52,15,-58,15,-24,14,-108,15,-49,14,119,15,-35,14,102,15,-4,14,103,15,37,15,120,15,71,15,-93,15,92,15,-27,15,106,15,41,0,107,15,94,0,103,15,117,0,101,15,107,0,115,15,0,0,0,0,91,0,-77,15,95,0,5,0,-128,0,84,0,-84,0,-99,0,-34,0,-65,0,-2,0,-62,0,5,1,-83,0,-5,0,-111,0,-23,0,118,0,-47,0,101,0,-85,0,100,0,-124,0,108,0,102,0]"
CSI_DATA,122515,d8:b1:90:d9:de:f0,-38,9,-99,-34,39,104,-1614678557,120,0,106,0,"[82,15,113,0,19,15,-103,0,5,15,-52,0,41,15,-15,0,90,15,-10,0,120,15,-25,0,-119,15,-50,0,-118,15,-100,0,131,15,109,0,97,15,55,0,67,15,15,0,55,15,4,0,68,15,0,0,0,0,0,0,126,15,-33,15,-93,15,-82,15,-64,15,109,15,-47,15,36,15,-63,15,-25,14,-88,15,-48,14,-102,15,-36,14,-118,15,-8,14,-129,15,26,15,-122,15,51,15,-100,15,75,15,-63,15,85,15,-38,15]"
CSI_DATA,122516,d8:b1:90:d9:de:f0,-38,9,-99,-32,39,104,-1614678453,120,0,106,0,"[-51,0,-43,15,20,1,-88,15,35,1,106,15,9,1,60,15,-41,0,36,15,-79,0,47,15,-116,0,71,15,-127,0,119,15,-122,0,-78,15,-94,0,-12,15,-71,0,21,0,-57,0,32,0,-69,0,30,0,0,0,0,0,119,0,42,0,65,0,77,0,19,0,-99,0,0,0,-27,0,13,0,40,1,46,0,63,1,73,0,52,1,100,0,20,1,108,0,-17,0,115,0,-52,0,86,0,-80,0,52,0,-92,0,23,0]"
CSI_DATA,122517,d8:b1:90:d9:de:f0,-37,9,-99,-35,38,104,-1614649121,98,0,106,0,"[-64,0,19,0,19,1,11,0,58,1,-24,18,46,1,-51,18,25,1,-62,18,-9,0,-53,18,-28,0,-39,18,-52,0,-11,18,-85,0,40,0,-125,0,94,0,149,0,135,0,107,0,-152,0,68,0,-155,0,0,0,0,0,-11,18,141,0,-86,18,102,0,135,18,100,0,41,18,94,0,-22,17,91,0,-55,17,96,0,-47,17,111,0,-24,17,121,0,11,18,123,0,35,18,116,0,61,18,94,0,95,18,55,0,129,18]"
CSI_DATA,122518,d8:b1:90:d9:de:f0,-37,9,-99,-36,39,104,-1614469631,98,0,106,0,"[-25,16,39,16,-58,16,-28,15,-94,16,-48,15,-109,16,-35,15,-117,16,-12,15,-105,16,7,16,-95,16,31,16,-70,16,48,16,-24,16,75,16,20,0,108,16,71,0,-140,16,105,0,-104,16,129,0,-68,16,0,0,0,0,121,0,0,0,115,0,67,0,109,0,-142,0,108,0,-66,0,117,0,4,1,126,0,32,1,141,0,26,1,-139,0,5,1,-141,0,-23,0,142,0,-49,0,120,0,-75,0,75,0,-105,0,34,0]"
CSI_DATA,122519,d8:b1:90:d9:de:f0,-36,9,-99,-37,38,104,-1614437416,98,0,106,0,"[60,0,-73,0,106,0,10,1,-165,0,27,1,-143,0,14,1,-121,0,-27,0,-133,0,-60,0,-155,0,-91,0,130,0,-95,0,66,0,-94,0,3,0,-93,0,-51,19,-99,0,-80,19,-117,0,-91,19,-150,0,0,0,0,0,-112,19,98,0,-150,19,18,0,114,19,-53,19,50,19,-114,19,-5,18,-145,19,-32,18,-139,19,-32,18,-124,19,-6,18,-97,19,18,19,-79,19,49,19,-75,19,82,19,-84,19,116,19,-110,19,145,19]"
CSI_DATA,122520,d8:b1:90:d9:de:f0,-34,11,-99,-34,35,104,-1614308838,100,0,114,0,"[10,-40,13,-43,16,-45,18,-47,18,-47,18,-45,20,-43,18,-41,18,-40,20,-40,16,-40,16,-38,15,-38,16,-40,15,-41,15,-43,15,-45,13,-47,13,-50,11,-50,11,-52,10,-52,11,-52,8,-53,10,-52,8,-50,8,-48,6,-48,0,0,5,-48,5,-48,3,-50,1,-52,1,-52,1,-53,1,-53,0,-53,0,-52,0,-50,-3,-48,-3,-47,-5,-45,-5,-43,-6,-40,-6,-40,-8,-40,-6,-40,-8,-40,-8,-43,-10,-45,-10,-47,-10,-47,-10,-50,-8,-50,-6,-48,-5,-47,-3,-43]"
CSI_DATA,122521,d8:b1:90:d9:de:f0,-36,11,-99,-36,38,104,-1614261221,277,0,106,0,"[134,0,140,18,-159,0,46,18,134,0,-23,17,75,0,-46,17,17,0,-26,17,-16,18,-1,17,-25,18,37,18,-5,18,70,18,39,0,88,18,104,0,90,18,140,0,81,18,142,0,76,18,109,0,93,18,0,0,0,0,69,0,-142,18,89,0,-57,18,-154,0,17,0,-65,0,64,0,21,1,55,0,64,1,12,0,54,1,-35,18,21,1,-79,18,-23,0,-108,18,-55,0,-108,18,-75,0,-85,18,-73,0,-65,18,-79,0]"
CSI_DATA,122522,d8:b1:90:d9:de:f0,-37,9,-99,-37,39,104,-1614260776,130,0,106,0,"[110,0,-118,0,-116,0,-48,0,-46,0,-39,0,-18,0,-70,0,-15,0,-113,0,-39,0,-142,0,-79,0,133,0,-129,0,143,0,99,0,-117,0,33,0,-76,0,8,0,-40,0,0,0,-26,0,4,0,-42,0,0,0,0,0,-9,17,138,0,-55,17,63,0,-146,17,-10,17,45,17,-45,17,-38,16,-50,17,-75,16,-25,17,-68,16,11,0,-34,16,32,0,3,17,38,0,42,17,33,0,65,17,-3,17,76,17,-49,17,78,17]"
CSI_DATA,122523,d8:b1:90:d9:de:f0,-37,9,-99,-36,39,104,-1614260623,108,0,106,0,"[32,0,-81,0,57,0,2,1,103,0,37,1,139,0,23,1,-120,0,-10,0,-133,0,-42,0,138,0,-71,0,86,0,-84,0,22,0,-84,0,-48,16,-70,0,-92,16,-49,0,-99,16,-42,0,-90,16,-54,0,0,0,0,0,-66,16,133,0,-81,16,44,0,-141,16,-44,16,66,16,-111,16,-7,15,-138,16,-48,15,-125,16,-51,15,-94,16,-30,15,-60,16,7,16,-39,16,38,16,-40,16,66,16,-63,16,89,16,-99,16,96,16]"
CSI_DATA,122524,d8:b1:90:d9:de:f0,-38,9,-99,-35,39,104,-1614260449,124,0,106,0,"[119,16,122,0,64,16,-88,0,62,16,-26,0,98,16,-1,0,-138,16,3,1,-109,16,-20,0,-94,16,-51,0,-106,16,-91,0,136,16,135,0,93,16,98,0,50,16,77,0,41,16,73,0,62,16,70,0,0,0,0,0,-121,16,32,0,-75,16,-40,16,-46,16,-131,16,-55,16,45,16,-89,16,-27,15,-129,16,-46,15,119,16,-20,15,110,16,17,16,114,16,54,16,129,16,76,16,-119,16,82,16,-85,16,78,16,-78,16]"
CSI_DATA,122525,d8:b1:90:d9:de:f0,-38,11,-99,-36,40,104,-1613843422,277,0,106,0,"[79,15,-78,15,-7,14,-88,15,-56,14,-51,15,-59,14,1,0,-35,14,44,0,-2,14,57,0,32,15,59,0,59,15,30,0,78,15,-22,15,85,15,-76,15,78,15,-112,15,71,15,-126,15,76,15,-115,15,0,0,0,0,-116,15,-79,15,-55,15,-81,15,25,0,-112,15,82,0,83,15,108,0,11,15,99,0,-31,14,63,0,-40,14,24,0,-24,14,4,0,-2,14,-14,15,25,15,4,0,54,15,33,0,67,15,45,0]"
CSI_DATA,122526,d8:b1:90:d9:de:f0,-37,9,-99,-36,39,104,-1613842941,98,0,106,0,"[90,16,71,0,4,16,106,0,-25,15,-134,0,-7,15,-105,0,20,16,-97,0,54,16,-107,0,78,16,-142,0,84,16,94,0,86,16,17,0,79,16,-59,16,77,16,-114,16,75,16,-139,16,89,16,-134,16,0,0,0,0,-122,16,-107,16,-37,16,-99,16,63,0,-116,16,-129,0,135,16,-66,0,90,16,-44,0,59,16,-53,0,43,16,-75,0,48,16,-106,0,66,16,-125,0,102,16,-117,0,-143,16,-98,0,-98,16,-84,0]"
CSI_DATA,122527,d8:b1:90:d9:de:f0,-37,9,-99,-34,38,104,-1613842836,98,0,106,0,"[-130,0,-142,17,-61,0,80,17,-53,0,23,17,-85,0,-2,16,-116,0,5,17,-143,0,32,17,-152,0,76,17,-144,0,125,17,-117,0,-105,17,-79,0,-34,17,-48,0,16,0,-32,0,45,0,-53,0,47,0,0,0,0,0,-133,0,49,0,84,0,76,0,-3,17,139,0,-76,17,-84,0,-121,17,-5,0,-125,17,34,1,-97,17,42,1,-71,17,23,1,-54,17,-8,0,-59,17,-39,0,-82,17,-82,0,-121,17,-114,0,-149,17]"
CSI_DATA,122528,d8:b1:90:d9:de:f0,-38,9,-99,-35,39,104,-1613634033,264,0,106,0,"[-116,0,106,16,-87,0,9,16,-116,0,-58,15,105,0,-74,15,51,0,-55,15,15,0,-14,15,3,0,27,16,27,0,75,16,74,0,121,16,130,0,-124,16,-114,0,-106,16,-100,0,-101,16,-116,0,-89,16,0,0,0,0,93,0,-13,16,75,0,57,0,69,0,-130,0,97,0,-50,0,-135,0,1,1,-101,0,9,1,-82,0,-18,0,-81,0,-57,0,-89,0,-93,0,-104,0,-118,0,-136,0,-127,0,113,0,-130,0,92,0]"
CSI_DATA,122529,d8:b1:90:d9:de:f0,-37,9,-99,-37,39,104,-1613633863,284,0,106,0,"[129,17,-115,0,92,17,-20,0,120,17,47,1,-127,17,62,1,-76,17,45,1,-35,17,15,1,-25,17,-30,0,-42,17,-68,0,-90,17,-112,0,-135,17,-144,0,120,17,127,0,107,17,113,0,125,17,99,0,0,0,0,0,-117,17,28,0,-101,17,-46,17,-110,17,-137,17,-140,17,78,17,106,17,31,17,72,17,27,17,58,17,56,17,53,17,93,17,65,17,128,17,87,17,-147,17,114,17,-140,17,140,17,-142,17,-129,17]"
CSI_DATA,122530,d8:b1:90:d9:de:f0,-37,9,-99,-38,39,104,-1613633707,264,0,106,0,"[104,0,-82,0,-111,0,-16,0,-27,0,-22,0,11,1,-78,0,16,1,-144,0,-13,0,118,0,-46,0,96,0,-91,0,96,0,-146,0,125,0,116,0,-140,0,85,0,-103,0,70,0,-98,0,64,0,-128,0,0,0,0,0,17,0,116,0,-62,17,73,0,144,17,79,0,58,17,102,0,5,17,139,0,-2,16,-121,0,22,17,-91,0,70,17,-77,0,112,17,-84,0,146,17,-102,0,-147,17,-129,0,-147,17,141,0,-142,17]"
CSI_DATA,122531,d8:b1:90:d9:de:f0,-37,9,-99,-36,39,104,-1613633555,284,0,106,0,"[-138,0,-87,0,-68,0,-26,0,-11,0,-26,0,-1,0,-57,0,-4,0,-88,0,-30,0,-117,0,-66,0,-138,0,-126,0,-136,0,89,0,-123,0,17,0,-112,0,-33,16,-103,0,-63,16,-111,0,-70,16,-140,0,0,0,0,0,-74,16,47,0,-90,16,-39,16,-115,16,-127,16,132,16,77,16,93,16,21,16,77,16,13,16,79,16,28,16,89,16,51,16,109,16,75,16,125,16,87,16,-126,16,96,16,-87,16,104,16,-59,16]"
CSI_DATA,122532,d8:b1:90:d9:de:f0,-38,9,-99,-37,40,104,-1613425169,98,0,106,0,"[79,15,55,0,-12,14,103,0,-45,14,-108,0,-24,14,-72,0,12,15,-61,0,52,15,-73,0,83,15,-104,0,109,15,97,0,122,15,18,0,125,15,-59,15,126,15,-122,15,123,15,114,15,-128,15,120,15,0,0,0,0,-47,15,-79,15,33,0,-46,15,-124,0,-36,15,-23,0,-43,15,47,1,-65,15,64,1,-95,15,48,1,-107,15,11,1,-114,15,-30,0,-103,15,-68,0,-78,15,-96,0,-26,15,-109,0,23,0,-114,0]"
CSI_DATA,122533,d8:b1:90:d9:de:f0,-38,9,-99,-35,39,104,-1613425046,120,0,106,0,"[52,0,-86,0,79,0,13,1,128,0,56,1,-121,0,45,1,-112,0,17,1,-113,0,-23,0,133,0,-58,0,78,0,-85,0,-1,16,-107,0,-79,16,-121,0,131,16,-130,0,102,16,-135,0,111,16,126,0,0,0,0,0,-111,16,53,0,-77,16,-33,16,-63,16,-135,16,-65,16,38,16,-86,16,-37,15,-103,16,-55,15,-118,16,-38,15,-117,16,-9,15,-107,16,29,16,-78,16,61,16,-31,16,88,16,19,0,101,16,58,0]"
CSI_DATA,122534,d8:b1:90:d9:de:f0,-40,11,-99,-35,41,104,-1613308829,100,0,228,0,"[0,8,0,11,0,15,-1,19,-3,21,-6,23,-8,22,94,38,-11,20,-12,19,-12,17,-13,15,-13,13,-12,12,-12,11,-10,11,-8,11,-6,12,-5,12,-3,13,-2,14,-29,-25,0,15,0,16,0,16,-1,14,-1,14,-1,12,0,0,0,9,0,6,2,5,5,3,7,1,11,1,-96,0,17,1,20,2,21,3,22,6,22,7,22,8,21,9,19,10,18,10,17,10,15,10,14,10,14,10,-66,0,13,8,13,7,13,7,12,6,12,6,11,6,9,6,-12,0,-11,8,-3,14,6,12,13,6,12,-5,5,-10,-13,13,-6,-2,-4,4,2,6,7,0,6,-7,0,-12,-12,-10,-19,0,-15,14,-1,24,15,20,26,6,24,-13,6,-10,-10,-24,-22,-9,-21,7,-8,18,6,17,14,6,0,0,2,-13,-9,-10,-14,0,-10,11,1,15,12,10,31,0,10,-12,0,-14,-8,-8,-10,0,-5,6,0,5,2,0,0,-3,-5,-2,-7,3,-4,10,4,12,14,8,33,6,13,-17,0,-25,-16,-20,-25,-5,-23,11,-10,22,4,20]"
CSI_DATA,122535,d8:b1:90:d9:de:f0,-37,11,-99,-36,39,104,-1613007824,277,0,106,0,"[-95,16,-115,0,-140,16,-44,0,-143,16,11,1,-109,16,32,1,-81,16,28,1,-67,16,-1,0,-61,16,-31,0,-83,16,-68,0,-120,16,-122,0,114,16,115,0,70,16,78,0,51,16,62,0,59,16,53,0,0,0,0,0,131,16,25,0,-92,16,-23,16,-43,16,-116,16,-6,16,76,16,-3,16,-5,15,-24,16,-53,15,-40,16,-58,15,-63,16,-39,15,-74,16,-8,15,-69,16,10,16,-47,16,31,16,-13,16,44,16,7,0]"
CSI_DATA,122536,d8:b1:90:d9:de:f0,-38,9,-99,-34,39,104,-1613007325,113,0,106,0,"[62,0,101,15,78,0,18,15,47,0,-40,14,3,0,-51,14,-36,15,-34,14,-56,15,-6,14,-54,15,36,15,-29,15,68,15,25,0,90,15,93,0,110,15,-124,0,105,15,-108,0,94,15,-113,0,96,15,0,0,0,0,76,0,-109,15,68,0,-33,15,85,0,61,0,-131,0,-118,0,-66,0,-69,0,-13,0,-62,0,20,1,-96,0,23,1,-135,0,2,1,97,0,-31,0,77,0,-57,0,82,0,-82,0,101,0,-95,0]"
CSI_DATA,122537,d8:b1:90:d9:de:f0,-37,9,-99,-37,39,104,-1612992996,98,0,106,0,"[-146,17,-140,17,90,17,87,17,38,17,70,17,23,17,85,17,18,17,109,17,50,17,135,17,72,17,142,17,116,17,128,17,-108,17,105,17,-42,17,79,17,13,0,55,17,43,0,48,17,53,0,69,17,0,0,0,0,53,0,142,17,83,0,-64,17,137,0,18,0,-97,0,98,0,-34,0,-147,0,10,1,-128,0,20,1,-137,0,4,1,144,0,-9,0,124,0,-27,0,121,0,-54,0,135,0,-95,0,-140,0,-120,0]"
CSI_DATA,122538,d8:b1:90:d9:de:f0,-39,9,-99,-35,40,104,-1612798435,108,0,106,0,"[70,14,56,0,-5,13,89,0,-40,13,-115,0,-31,13,-86,0,2,14,-78,0,34,14,-86,0,59,14,-110,0,81,14,88,0,93,14,15,0,98,14,-58,14,98,14,-111,14,98,14,110,14,111,14,115,14,0,0,0,0,-66,14,-84,14,9,0,-60,14,108,0,-51,14,-49,0,-62,14,18,0,-91,14,45,0,-118,14,29,0,121,14,0,0,122,14,-28,0,-119,14,-50,0,-102,14,-68,0,-58,14,-69,0,-20,14,-73,0]"
CSI_DATA,122539,d8:b1:90:d9:de:f0,-38,9,-99,-35,39,104,-1612798335,98,0,106,0,"[-86,16,-98,0,-119,16,-10,0,-103,16,54,1,-71,16,71,1,-42,16,52,1,-26,16,23,1,-27,16,-16,0,-51,16,-65,0,-99,16,-125,0,115,16,89,0,76,16,53,0,52,16,35,0,64,16,28,0,0,0,0,0,-127,16,4,0,-47,16,-45,16,22,0,-129,16,73,0,57,16,89,0,-16,15,88,0,-56,15,59,0,-62,15,37,0,-40,15,33,0,-2,15,29,0,33,16,55,0,68,16,89,0,97,16,110,0]"
CSI_DATA,122540,d8:b1:90:d9:de:f0,-39,9,-99,-36,40,104,-1612798176,98,0,106,0,"[-121,0,127,15,-70,0,56,15,-67,0,0,15,-97,0,-26,14,126,0,-17,14,99,0,2,15,87,0,42,15,94,0,92,15,118,0,-104,15,-102,0,-40,15,-68,0,4,0,-53,0,20,0,-65,0,20,0,0,0,0,0,105,0,24,0,32,0,53,0,-45,15,111,0,-103,15,-74,0,124,15,-3,0,-125,15,33,1,-101,15,31,1,-74,15,17,1,-57,15,-12,0,-56,15,-41,0,-70,15,-78,0,-97,15,-105,0,-111,15]"
CSI_DATA,122541,d8:b1:90:d9:de:f0,-38,9,-99,-37,40,104,-1612752637,264,0,106,0,"[114,15,-120,0,60,15,-40,0,69,15,17,1,98,15,37,1,-121,15,31,1,-91,15,5,1,-77,15,-32,0,-85,15,-80,0,-111,15,116,0,111,15,57,0,74,15,7,0,59,15,-12,15,74,15,-11,15,0,0,0,0,-123,15,-20,15,-53,15,-63,15,3,0,129,15,49,0,49,15,61,0,-15,14,49,0,-53,14,22,0,-54,14,0,0,-30,14,-10,15,1,15,-4,15,40,15,18,0,69,15,52,0,90,15,75,0]"
CSI_DATA,122542,d8:b1:90:d9:de:f0,-39,9,-99,-34,40,104,-1612752413,284,0,106,0,"[-47,0,5,0,33,0,-20,14,66,0,-69,14,50,0,-114,14,17,0,100,14,-23,0,108,14,-52,0,118,14,-79,0,-84,14,-99,0,-26,14,-101,0,39,0,-99,0,87,0,-95,0,108,0,-98,0,109,0,0,0,0,0,83,0,79,0,10,0,79,0,-67,14,104,0,104,14,-90,0,67,14,-39,0,66,14,-2,0,85,14,8,0,-114,14,0,0,-88,14,-23,0,-77,14,-46,0,-84,14,-77,0,-101,14,-115,0,-115,14]"
CSI_DATA,122543,d8:b1:90:d9:de:f0,-38,9,-99,-36,40,104,-1612749909,264,0,106,0,"[67,15,-71,15,-8,14,-91,15,-58,14,-79,15,-66,14,-53,15,-45,14,-29,15,-15,14,-23,15,21,15,-25,15,62,15,-47,15,113,15,-94,15,-94,15,109,15,-51,15,67,15,-28,15,54,15,-16,15,70,15,0,0,0,0,10,0,117,15,61,0,-72,15,-118,0,-27,15,-47,0,14,0,16,1,36,0,44,1,33,0,41,1,20,0,20,1,5,0,-6,0,3,0,-35,0,16,0,-65,0,36,0,-88,0,72,0,-105,0]"
CSI_DATA,122544,d8:b1:90:d9:de:f0,-39,9,-99,-34,40,104,-1612749409,284,0,106,0,"[-64,0,88,0,19,0,96,0,72,0,70,0,75,0,23,0,53,0,-12,14,15,0,-27,14,-16,0,-31,14,-55,0,-7,14,-99,0,38,0,113,0,97,0,96,0,-100,0,91,0,-77,0,88,0,-82,0,0,0,0,0,40,0,106,0,-23,14,76,0,-105,14,61,0,50,14,75,0,-3,13,109,0,-26,13,-102,0,-5,13,-79,0,29,14,-73,0,61,14,-83,0,84,14,-100,0,92,14,108,0,88,14,71,0,86,14]"
CSI_DATA,122545,d8:b1:90:d9:de:f0,-38,9,-99,-34,39,104,-1612745093,130,0,106,0,"[70,15,60,0,-13,14,104,0,-41,14,-110,0,-20,14,-79,0,20,15,-65,0,67,15,-68,0,94,15,-100,0,104,15,118,0,110,15,42,0,95,15,-30,15,82,15,-87,15,69,15,-109,15,85,15,-99,15,0,0,0,0,-112,15,-83,15,-33,15,-88,15,57,0,-122,15,134,0,96,15,-95,0,34,15,-93,0,-2,14,-115,0,-7,14,127,0,9,15,102,0,34,15,97,0,64,15,106,0,106,15,127,0,-127,15,-122,0]"
CSI_DATA,122546,d8:b1:90:d9:de:f0,-35,11,-99,-38,37,104,-1612308746,100,0,114,0,"[1,-38,5,-40,10,-41,13,-41,17,-43,17,-38,20,-38,20,-35,20,-34,20,-32,20,-31,22,-31,22,-29,22,-31,22,-32,25,-32,26,-32,28,-34,28,-34,32,-34,31,-35,32,-35,31,-35,31,-34,32,-32,32,-31,31,-29,32,-29,0,0,34,-26,35,-26,35,-25,37,-25,37,-25,38,-25,38,-25,38,-25,38,-23,38,-22,37,-22,35,-20,32,-19,32,-17,32,-16,32,-14,34,-14,32,-14,34,-14,35,-14,37,-14,38,-13,40,-13,44,-10,44,-8,43,-4,43,-1,37,1]"
CSI_DATA,122547,d8:b1:90:d9:de:f0,-38,11,-99,-35,39,104,-1612172226,277,0,106,0,"[-37,16,-50,0,-8,16,42,1,52,0,80,1,111,0,59,1,-138,0,15,1,-130,0,-32,0,130,0,-81,0,85,0,-106,0,16,0,-114,0,-51,16,-106,0,-92,16,-93,0,-103,16,-87,0,-94,16,-99,0,0,0,0,0,-93,16,95,0,-117,16,33,0,102,16,-32,16,30,16,-71,16,-34,15,-73,16,-61,15,-53,16,-45,15,-20,16,-17,15,3,0,17,16,20,0,57,16,16,0,81,16,-8,16,94,16,-44,16,104,16]"
CSI_DATA,122548,d8:b1:90:d9:de:f0,-37,9,-99,-37,39,104,-1612171781,98,0,106,0,"[136,17,110,17,45,17,73,17,-25,16,99,17,-49,16,-136,17,-40,16,-73,17,-1,16,-27,17,38,17,-13,17,85,17,-33,17,130,17,-84,17,-139,17,-142,17,-132,17,103,17,-139,17,95,17,-135,17,114,17,0,0,0,0,-71,17,-138,17,1,0,-140,17,80,0,116,17,137,0,55,17,146,0,-6,16,129,0,-40,16,88,0,-36,16,48,0,-6,16,23,0,21,17,17,0,55,17,32,0,84,17,57,0,101,17,69,0]"
CSI_DATA,122549,d8:b1:90:d9:de:f0,-37,9,-99,-36,39,104,-1611962882,120,0,106,0,"[54,16,26,0,-28,15,52,0,-59,15,96,0,-47,15,132,0,-11,15,-142,0,29,16,136,0,57,16,112,0,81,16,68,0,96,16,-1,16,103,16,-76,16,105,16,-136,16,109,16,126,16,129,16,129,16,0,0,0,0,-80,16,-131,16,-4,16,-132,16,87,0,124,16,-122,0,84,16,-76,0,43,16,-68,0,19,16,-89,0,16,16,-123,0,32,16,142,0,58,16,135,0,97,16,-141,0,136,16,-120,0,-109,16,-105,0]"
CSI_DATA,122550,d8:b1:90:d9:de:f0,-38,9,-99,-35,39,104,-1611962778,120,0,106,0,"[-49,0,46,0,38,1,32,0,80,1,-13,16,69,1,-58,16,37,1,-87,16,-14,0,-105,16,-54,0,-87,16,-88,0,-42,16,-116,0,26,0,-133,0,94,0,138,0,-134,0,-139,0,-114,0,134,0,-121,0,0,0,0,0,53,0,119,0,-21,16,101,0,-118,16,124,0,82,16,-113,0,44,16,-64,0,45,16,-30,0,66,16,-21,0,101,16,-37,0,-139,16,-66,0,-127,16,-100,0,-137,16,133,0,121,16,101,0,107,16]"
CSI_DATA,122551,d8:b1:90:d9:de:f0,-37,9,-99,-34,38,104,-1611909181,98,0,106,0,"[121,0,-76,0,-99,0,-19,0,-29,0,-20,0,11,1,-73,0,14,1,-146,0,-11,0,120,0,-42,0,90,0,-93,0,93,0,-152,0,133,0,110,0,-117,0,78,0,-77,0,77,0,-55,0,74,0,-87,0,0,0,0,0,45,0,-149,0,-40,17,120,0,-140,17,134,0,77,17,-140,0,34,17,-80,0,43,17,-30,0,82,17,-22,0,133,17,-24,0,-131,17,-48,0,-112,17,-76,0,-121,17,-118,0,-147,17,-142,0,-152,17]"
CSI_DATA,122552,d8:b1:90:d9:de:f0,-38,11,-99,-34,39,104,-1611754427,277,0,106,0,"[-60,15,-52,0,-54,15,29,1,-16,15,68,1,25,0,60,1,57,0,37,1,61,0,-5,0,59,0,-40,0,20,0,-73,0,-41,15,-101,0,-97,15,-126,0,127,15,-131,0,102,15,-133,0,105,15,123,0,0,0,0,0,-113,15,43,0,-109,15,-30,15,-123,15,-114,15,108,15,77,15,58,15,33,15,28,15,34,15,22,15,59,15,40,15,94,15,64,15,126,15,91,15,-131,15,131,15,130,15,-105,15,114,15,-93,15]"
CSI_DATA,122553,d8:b1:90:d9:de:f0,-37,9,-99,-36,39,104,-1611753974,262,0,106,0,"[133,0,93,16,-134,0,2,16,112,0,-53,15,65,0,-68,15,19,0,-40,15,-4,16,-8,15,-7,16,32,16,15,0,71,16,61,0,107,16,123,0,130,16,-114,0,-138,16,-96,0,-132,16,-116,0,-121,16,0,0,0,0,123,0,-69,16,115,0,11,0,-134,0,106,0,-88,0,-106,0,-31,0,-75,0,6,1,-87,0,14,1,-126,0,7,1,114,0,-28,0,87,0,-62,0,78,0,-98,0,92,0,-115,0,115,0,-126,0]"
CSI_DATA,122554,d8:b1:90:d9:de:f0,-38,9,-99,-34,39,104,-1611753822,242,0,106,0,"[-45,0,10,0,36,1,-24,15,62,1,-84,15,40,1,134,15,-12,0,108,15,-54,0,104,15,-84,0,120,15,-104,0,-108,15,-106,0,-50,15,-94,0,10,0,-76,0,48,0,-63,0,57,0,-72,0,47,0,0,0,0,0,118,0,58,0,61,0,94,0,11,0,-99,0,-3,15,-18,0,22,0,46,1,57,0,67,1,90,0,36,1,112,0,-5,0,111,0,-45,0,100,0,-75,0,70,0,-85,0,41,0,-85,0,32,0]"
CSI_DATA,122555,d8:b1:90:d9:de:f0,-38,9,-99,-36,39,104,-1611336148,108,0,106,0,"[20,0,-52,0,69,0,25,1,133,0,48,1,-112,0,17,1,-94,0,-20,0,-99,0,-71,0,-125,0,-106,0,113,0,-122,0,49,0,-118,0,-17,16,-109,0,-60,16,-92,0,-78,16,-86,0,-72,16,-99,0,0,0,0,0,-78,16,94,0,-107,16,21,0,121,16,-57,16,40,16,-100,16,-31,15,-114,16,-57,15,-93,16,-50,15,-57,16,-17,15,-32,16,16,16,-15,16,49,16,-16,16,77,16,-42,16,96,16,-67,16,112,16]"
CSI_DATA,122556,d8:b1:90:d9:de:f0,-37,9,-99,-34,38,104,-1611336030,101,0,106,0,"[62,17,19,0,-33,16,66,0,-58,16,130,0,-21,16,-123,0,20,17,-104,0,72,17,-108,0,109,17,-137,0,125,17,118,0,115,17,38,0,101,17,-28,17,78,17,-74,17,68,17,-85,17,89,17,-80,17,0,0,0,0,-118,17,-78,17,-45,17,-111,17,27,0,122,17,68,0,32,17,78,0,-46,16,57,0,-71,16,19,0,-59,16,-1,17,-23,16,-19,17,22,17,-11,17,58,17,22,0,84,17,60,0,98,17,74,0]"
CSI_DATA,122557,d8:b1:90:d9:de:f0,-38,9,-99,-35,39,104,-1611335907,252,0,106,0,"[-56,16,-58,0,-42,16,30,1,9,0,74,1,68,0,54,1,103,0,23,1,103,0,-22,0,98,0,-62,0,55,0,-90,0,-7,16,-105,0,-71,16,-111,0,-116,16,-100,0,-127,16,-89,0,-121,16,-100,0,0,0,0,0,-95,16,88,0,-112,16,13,0,121,16,-62,16,44,16,-117,16,-21,15,-133,16,-52,15,-113,16,-47,15,-76,16,-20,15,-45,16,18,16,-22,16,54,16,-21,16,77,16,-43,16,99,16,-76,16,105,16]"
CSI_DATA,122558,d8:b1:90:d9:de:f0,-37,9,-99,-38,39,104,-1611335696,98,0,106,0,"[-91,0,110,0,10,1,114,0,74,1,62,0,72,1,5,0,34,1,-49,17,-13,0,-71,17,-58,0,-67,17,-96,0,-30,17,-121,0,38,0,-124,0,97,0,-121,0,150,0,-106,0,-142,0,-122,0,137,0,0,0,0,0,101,0,101,0,15,0,116,0,-70,17,-131,0,-130,17,-55,0,-140,17,19,1,-111,17,55,1,-67,17,46,1,-27,17,16,1,-5,17,-22,0,-7,17,-59,0,-32,17,-87,0,-62,17,-98,0,-73,17]"
CSI_DATA,122559,d8:b1:90:d9:de:f0,-40,11,-99,-34,41,104,-1611309199,100,0,228,0,"[7,5,10,5,14,7,16,9,18,11,18,13,18,15,91,37,15,15,15,16,13,16,12,15,10,15,10,14,10,13,10,11,10,10,10,7,11,5,11,2,13,0,-28,-25,14,-2,14,-3,14,-3,14,-4,13,-3,12,-4,0,0,9,-5,6,-5,5,-6,2,-7,0,-9,-1,-12,-20,12,-5,-17,-5,-20,-5,-21,-5,-22,-5,-22,-4,-22,-3,-22,-3,-21,-2,-21,-2,-18,-1,-18,-1,-16,-2,-15,-26,12,-4,-14,-5,-12,-6,-12,-6,-11,-7,-11,-6,-10,-5,-10,-5,10,3,12,10,7,14,-2,8,-10,-1,-12,-10,-6,7,18,-3,8,5,5,7,-1,4,-8,-5,-9,-13,-2,-13,10,-2,18,13,16,23,3,21,-15,5,-26,-15,-23,-13,-7,-23,12,-6,23,10,20,19,6,15,-8,3,-15,0,0,-12,0,-6,10,5,12,12,3,11,-7,1,-15,-13,-26,-15,-1,-10,10,0,12,8,8,9,0,4,-5,-2,-4,-4,1,0,6,6,5,10,-1,7,-11,-3,-15,-18,-26,-21,2,-15,16,0,25,15,19,24,5,19,-10,6,-18]"
CSI_DATA,122560,d8:b1:90:d9:de:f0,-38,9,-99,-35,39,104,-1611127266,224,0,106,0,"[-79,16,-62,0,-91,16,25,1,-70,16,70,1,-43,16,73,1,-21,16,46,1,-11,16,10,1,-21,16,-30,0,-54,16,-79,0,-105,16,-137,0,116,16,81,0,77,16,41,0,64,16,21,0,76,16,6,0,0,0,0,0,-110,16,-49,16,-37,16,-94,16,29,0,102,16,80,0,21,16,99,0,-40,15,98,0,-62,15,86,0,-47,15,71,0,-17,15,70,0,21,16,78,0,54,16,102,0,93,16,131,0,126,16,-136,0]"
CSI_DATA,122561,d8:b1:90:d9:de:f0,-37,11,-99,-34,38,104,-1610918829,277,0,106,0,"[-152,0,-108,0,-60,0,-65,0,15,1,-86,0,49,1,-148,0,39,1,92,0,8,1,42,0,-27,0,22,0,-76,0,33,0,-123,0,79,0,-148,0,141,0,147,0,-123,0,-152,0,-111,0,142,0,-137,0,0,0,0,0,70,0,118,0,-13,17,122,0,-97,17,-137,0,143,17,-66,0,135,17,9,1,-141,17,47,1,-93,17,40,1,-51,17,10,1,-23,17,-19,0,-16,17,-47,0,-32,17,-78,0,-53,17,-85,0,-49,17]"
CSI_DATA,122562,d8:b1:90:d9:de:f0,-37,9,-99,-35,39,104,-1610918385,130,0,106,0,"[-119,16,-79,0,-134,16,16,1,-98,16,77,1,-53,16,80,1,-15,16,53,1,4,0,10,1,-2,16,-35,0,-27,16,-86,0,-86,16,-134,0,128,16,103,0,78,16,83,0,58,16,76,0,77,16,66,0,0,0,0,0,-115,16,10,0,-74,16,-70,16,-51,16,110,16,-55,16,13,16,-82,16,-51,15,-109,16,-61,15,-130,16,-31,15,-137,16,10,16,-114,16,50,16,-90,16,76,16,-43,16,83,16,-6,16,83,16,14,0]"
CSI_DATA,122563,d8:b1:90:d9:de:f0,-38,9,-99,-34,39,104,-1610918250,113,0,106,0,"[-60,0,47,0,26,1,37,0,67,1,-12,15,67,1,-50,15,34,1,-80,15,-10,0,-98,15,-49,0,-81,15,-82,0,-39,15,-110,0,26,0,-127,0,98,0,-128,0,-123,0,-130,0,-109,0,-134,0,-124,0,0,0,0,0,49,0,103,0,-21,15,88,0,-127,15,110,0,68,15,-118,0,32,15,-67,0,31,15,-34,0,60,15,-24,0,98,15,-43,0,122,15,-67,0,133,15,-105,0,128,15,123,0,114,15,99,0,105,15]"
CSI_DATA,122564,d8:b1:90:d9:de:f0,-38,9,-99,-35,39,104,-1610918150,214,0,106,0,"[-69,0,-99,16,-9,0,113,16,-3,0,54,16,-32,0,20,16,-79,0,22,16,-113,0,37,16,-137,0,75,16,137,0,123,16,-127,0,-93,16,-94,0,-26,16,-67,0,13,0,-59,0,29,0,-75,0,28,0,0,0,0,0,114,0,54,0,44,0,100,0,-9,16,-93,0,-44,16,-14,0,-31,16,50,1,-13,16,75,1,11,0,52,1,31,0,15,1,31,0,-18,0,19,0,-45,0,-7,16,-74,0,-41,16,-76,0,-53,16]"
CSI_DATA,122565,d8:b1:90:d9:de:f0,-38,9,-99,-34,39,104,-1610918005,214,0,106,0,"[-15,15,54,15,-59,15,-29,14,-126,15,-55,14,101,15,-30,14,83,15,21,15,87,15,67,15,108,15,102,15,-111,15,120,15,-44,15,114,15,23,0,98,15,62,0,77,15,74,0,69,15,64,0,80,15,0,0,0,0,63,0,-96,15,92,0,-25,15,-113,0,43,0,-32,0,81,0,34,1,84,0,64,1,59,0,43,1,28,0,15,1,2,0,-22,0,-9,15,-58,0,-1,15,-81,0,25,0,-95,0,56,0,-102,0]"
CSI_DATA,122566,d8:b1:90:d9:de:f0,-38,9,-99,-36,39,104,-1610917842,130,0,106,0,"[-97,0,-136,16,-50,0,60,16,-71,0,-13,15,-120,0,-37,15,108,0,-25,15,63,0,2,16,46,0,50,16,62,0,104,16,102,0,-131,16,-127,0,-88,16,-81,0,-68,16,-63,0,-71,16,-86,0,-71,16,0,0,0,0,115,0,-19,16,77,0,57,0,74,0,-125,0,99,0,-34,0,-134,0,15,1,-92,0,14,1,-78,0,-23,0,-72,0,-76,0,-96,0,-113,0,-129,0,-132,0,121,0,-131,0,93,0,-117,0,79,0]"
CSI_DATA,122567,d8:b1:90:d9:de:f0,-38,9,-99,-35,39,104,-1610917671,113,0,106,0,"[-134,0,-100,0,-52,0,-43,0,10,1,-49,0,19,1,-80,0,15,1,-118,0,-23,0,131,0,-68,0,117,0,-134,0,119,0,59,0,-138,0,-21,16,-116,0,-76,16,-95,0,-101,16,-85,0,-98,16,-98,0,0,0,0,0,-74,16,65,0,-77,16,-29,16,-98,16,-133,16,136,16,50,16,91,16,-4,15,68,16,-13,15,67,16,13,16,89,16,45,16,123,16,79,16,-119,16,98,16,-64,16,98,16,-13,16,98,16,11,0]"
CSI_DATA,122568,d8:b1:90:d9:de:f0,-38,9,-99,-36,39,104,-1610709449,264,0,106,0,"[58,16,-42,16,-40,15,-14,16,-79,15,53,0,-59,15,112,0,-20,15,-143,0,41,16,-129,0,86,16,140,0,112,16,93,0,122,16,19,0,109,16,-49,16,87,16,-89,16,71,16,-99,16,87,16,-80,16,0,0,0,0,-99,16,-70,16,-28,16,-99,16,44,0,115,16,79,0,31,16,75,0,-41,15,44,0,-61,15,8,0,-43,15,-22,16,-7,15,-30,16,32,16,-26,16,61,16,1,0,80,16,30,0,88,16,40,0]"
CSI_DATA,122569,d8:b1:90:d9:de:f0,-38,9,-99,-37,40,104,-1610709297,284,0,106,0,"[-48,15,55,15,-108,15,-16,14,80,15,-23,14,38,15,14,15,23,15,68,15,36,15,118,15,65,15,-114,15,111,15,-107,15,-90,15,-131,15,-43,15,95,15,-15,15,64,15,-11,15,54,15,-19,15,74,15,0,0,0,0,5,0,-118,15,66,0,-64,15,-107,0,-52,15,-26,0,-62,15,19,1,-99,15,27,1,123,15,0,1,100,15,-42,0,91,15,-79,0,103,15,-102,0,124,15,-109,0,-109,15,-98,0,-84,15,-100,0]"
CSI_DATA,122570,d8:b1:90:d9:de:f0,-38,9,-99,-36,39,104,-1610709142,264,0,106,0,"[54,16,30,0,-20,15,84,0,-35,15,-131,0,-4,15,-81,0,52,16,-61,0,105,16,-61,0,139,16,-89,0,-141,16,-130,0,135,16,97,0,103,16,46,0,77,16,13,0,69,16,10,0,85,16,16,0,0,0,0,0,-123,16,-17,16,-81,16,-76,16,-70,16,121,16,-83,16,42,16,-125,16,-6,15,116,16,-12,15,96,16,19,16,89,16,65,16,96,16,105,16,121,16,122,16,-140,16,124,16,-127,16,123,16,-111,16]"
CSI_DATA,122571,d8:b1:90:d9:de:f0,-38,9,-99,-37,40,104,-1610708945,284,0,106,0,"[118,15,-104,0,81,15,-26,0,81,15,23,1,117,15,41,1,-111,15,23,1,-95,15,-9,0,-89,15,-50,0,-99,15,-102,0,-129,15,88,0,94,15,29,0,68,15,-14,15,58,15,-31,15,71,15,-40,15,0,0,0,0,-97,15,-60,15,-27,15,-93,15,41,0,110,15,94,0,45,15,117,0,-9,14,120,0,-36,14,106,0,-28,14,86,0,0,15,78,0,30,15,84,0,69,15,102,0,100,15,-129,0,-128,15,-120,0]"
CSI_DATA,122572,d8:b1:90:d9:de:f0,-37,11,-99,-35,38,104,-1610501031,277,0,106,0,"[144,18,119,18,55,18,73,18,-20,17,91,18,-35,17,144,18,-33,17,-113,18,4,18,-64,18,36,18,-48,18,85,18,-62,18,140,18,-111,18,-132,18,149,18,-103,18,103,18,-97,18,89,18,-89,18,112,18,0,0,0,0,-30,18,-151,18,55,0,-121,18,149,0,-133,18,-83,0,149,18,-34,0,99,18,-34,0,62,18,-69,0,48,18,-103,0,58,18,-148,0,79,18,-155,0,100,18,-155,0,129,18,-151,0,-156,18,-149,0]"
CSI_DATA,122573,d8:b1:90:d9:de:f0,-37,9,-99,-36,39,104,-1610500541,113,0,106,0,"[-26,16,56,16,-57,16,-31,15,-111,16,-63,15,136,16,-51,15,124,16,-4,15,139,16,25,16,-120,16,68,16,-66,16,96,16,14,0,113,16,94,0,126,16,-138,0,129,16,-115,0,139,16,-118,0,-129,16,0,0,0,0,108,0,-42,16,96,0,40,0,106,0,-142,0,126,0,-51,0,-138,0,-1,0,-117,0,25,1,-109,0,2,1,-118,0,-29,0,-140,0,-59,0,113,0,-85,0,67,0,-92,0,21,0,-88,0,-6,16]"
CSI_DATA,122574,d8:b1:90:d9:de:f0,-37,9,-99,-34,38,104,-1610500423,113,0,106,0,"[-53,0,-19,17,40,1,-40,17,84,1,-86,17,60,1,-118,17,28,1,-139,17,-15,0,-129,17,-46,0,-105,17,-76,0,-58,17,-103,0,22,0,-122,0,98,0,-133,0,-149,0,-144,0,-117,0,129,0,-125,0,0,0,0,0,42,0,146,0,-48,17,123,0,-146,17,128,0,66,17,150,0,0,17,-123,0,-11,16,-108,0,7,17,-105,0,30,17,-127,0,64,17,-147,0,78,17,133,0,82,17,96,0,82,17,45,0,91,17]"
CSI_DATA,122575,d8:b1:90:d9:de:f0,-34,11,-99,-36,36,104,-1610308815,100,0,114,0,"[19,36,17,41,15,44,14,45,9,47,7,45,6,45,4,44,4,42,4,41,4,39,3,41,3,41,4,41,3,42,4,42,4,45,3,49,3,50,3,50,3,50,3,52,4,52,3,50,3,50,1,49,3,47,1,47,0,0,1,45,0,47,0,47,-1,49,-1,50,-1,50,0,50,-1,52,-1,49,0,49,-1,47,0,44,0,41,-1,39,-1,39,-1,39,-3,39,-1,39,-1,41,-3,41,-3,42,-4,44,-4,45,-7,47,-9,45,-11,44,-14,42,-15,36]"
CSI_DATA,122576,d8:b1:90:d9:de:f0,-36,11,-99,-34,37,104,-1610292131,277,0,106,0,"[-124,20,-77,0,-113,20,30,1,-48,20,85,1,22,0,78,1,82,0,46,1,113,0,-12,0,120,0,-56,0,84,0,-97,0,25,0,-121,0,-45,20,-120,0,-92,20,-108,0,-106,20,-102,0,-92,20,-122,0,0,0,0,0,-94,20,142,0,-140,20,68,0,113,20,20,0,20,20,4,0,-50,18,32,0,-65,18,78,0,-41,18,112,0,14,20,140,0,58,20,145,0,80,20,145,0,98,20,124,0,104,20,101,0,116,20]"
CSI_DATA,122577,d8:b1:90:d9:de:f0,-36,9,-99,-36,38,104,-1610291632,98,0,106,0,"[-83,18,76,18,-151,18,-5,17,95,18,-23,17,64,18,13,18,51,18,59,18,74,18,117,18,112,18,139,18,-153,18,148,18,-71,18,139,18,1,0,115,18,59,0,93,18,81,0,83,18,80,0,99,18,0,0,0,0,90,0,-122,18,125,0,-39,18,-118,0,33,0,-32,0,86,0,35,1,104,0,61,1,95,0,49,1,66,0,17,1,41,0,-25,0,28,0,-56,0,40,0,-85,0,66,0,-117,0,100,0,-128,0]"
CSI_DATA,122578,d8:b1:90:d9:de:f0,-37,9,-99,-33,38,104,-1610291482,130,0,106,0,"[-64,0,85,0,36,1,76,0,86,1,28,0,81,1,-32,17,45,1,-70,17,1,1,-75,17,-43,0,-65,17,-81,0,-30,17,-116,0,33,0,-138,0,109,0,-144,0,-138,0,145,0,-118,0,136,0,-125,0,0,0,0,0,49,0,131,0,-32,17,122,0,-127,17,-142,0,95,17,-98,0,55,17,-48,0,51,17,-19,0,84,17,-13,0,118,17,-30,0,146,17,-54,0,-132,17,-83,0,-138,17,-117,0,131,17,140,0,131,17]"
CSI_DATA,122579,d8:b1:90:d9:de:f0,-36,9,-99,-35,37,104,-1610243445,130,0,106,0,"[-175,20,124,20,86,20,64,20,6,20,72,20,-15,19,111,20,1,20,159,20,32,20,-141,20,78,20,-131,20,139,20,-141,20,-130,20,-175,20,-53,20,134,20,-2,20,97,20,24,0,82,20,30,0,108,20,0,0,0,0,79,0,-146,20,131,0,-69,20,-122,0,-6,20,-28,0,34,0,41,1,43,0,71,1,32,0,52,1,10,0,15,1,0,0,-24,0,-5,20,-57,0,8,0,-87,0,46,0,-108,0,78,0,-133,0]"
CSI_DATA,122580,d8:b1:90:d9:de:f0,-36,9,-99,-33,37,104,-1610211681,124,0,106,0,"[163,0,114,19,-136,0,14,19,-158,0,-57,18,116,0,-69,18,68,0,-47,18,41,0,-3,18,36,0,47,19,63,0,102,19,121,0,-164,19,-142,0,-107,19,-94,0,-76,19,-79,0,-59,19,-95,0,-45,19,0,0,0,0,154,0,19,0,102,0,98,0,73,0,-132,0,69,0,-32,0,84,0,34,1,104,0,59,1,124,0,34,1,125,0,1,1,115,0,-42,0,95,0,-72,0,54,0,-86,0,5,0,-94,0,-16,19]"
CSI_DATA,122581,d8:b1:90:d9:de:f0,-37,9,-99,-36,38,104,-1610082769,98,0,106,0,"[86,18,112,0,16,18,-130,0,21,18,-51,0,66,18,-11,0,127,18,-6,0,-143,18,-31,0,-114,18,-73,0,-118,18,-129,0,-153,18,120,0,124,18,62,0,80,18,26,0,65,18,21,0,85,18,20,0,0,0,0,0,158,18,-22,18,-113,18,-86,18,-91,18,137,18,-94,18,47,18,-125,18,-16,17,159,18,-27,17,140,18,-5,17,134,18,40,18,143,18,84,18,-157,18,107,18,-120,18,119,18,-80,18,113,18,-64,18]"
CSI_DATA,122582,d8:b1:90:d9:de:f0,-37,9,-99,-38,39,104,-1610082619,108,0,106,0,"[55,0,55,17,19,0,-42,16,-52,17,-80,16,-117,17,-55,16,146,17,-11,16,143,17,45,17,-150,17,84,17,-108,17,117,17,-38,17,129,17,28,0,123,17,72,0,103,17,89,0,101,17,84,0,116,17,0,0,0,0,82,0,-115,17,123,0,-40,17,-105,0,13,0,-22,0,39,0,40,1,34,0,65,1,7,0,48,1,-38,17,13,1,-54,17,-27,0,-70,17,-53,0,-72,17,-76,0,-49,17,-91,0,-15,17,-99,0]"
CSI_DATA,122583,d8:b1:90:d9:de:f0,-37,11,-99,-35,38,104,-1609456533,277,0,106,0,"[-141,0,118,18,-92,0,34,18,-103,0,-20,17,-138,0,-31,17,139,0,-18,17,105,0,14,18,99,0,67,18,117,0,119,18,148,0,-121,18,-116,0,-53,18,-77,0,1,0,-66,0,24,0,-86,0,28,0,0,0,0,0,-151,0,74,0,99,0,122,0,40,0,-108,0,-2,18,-31,0,-19,18,33,1,-15,18,53,1,-4,18,40,1,8,0,13,1,11,0,-17,0,-11,18,-47,0,-33,18,-83,0,-69,18,-103,0,-95,18]"
CSI_DATA,122584,d8:b1:90:d9:de:f0,-37,9,-99,-36,39,104,-1609456080,98,0,106,0,"[47,16,53,0,-37,15,123,0,-46,15,-92,0,-1,15,-48,0,56,16,-40,0,106,16,-53,0,-142,16,-87,0,-136,16,134,0,139,16,60,0,108,16,-4,16,83,16,-47,16,62,16,-60,16,79,16,-57,16,0,0,0,0,-129,16,-79,16,-68,16,-112,16,-12,16,105,16,15,0,24,16,13,0,-44,15,-6,16,-65,15,-30,16,-49,15,-44,16,-16,15,-54,16,15,16,-53,16,56,16,-15,16,79,16,19,0,90,16,40,0]"
CSI_DATA,122585,d8:b1:90:d9:de:f0,-38,9,-99,-36,39,104,-1609455930,120,0,106,0,"[70,0,52,16,57,0,-40,15,0,0,-78,15,-52,16,-63,15,-92,16,-32,15,-97,16,19,16,-89,16,59,16,-44,16,94,16,14,0,120,16,87,0,129,16,135,0,124,16,-129,0,120,16,-135,0,129,16,0,0,0,0,132,0,-89,16,140,0,-24,16,-111,0,51,0,-48,0,112,0,6,1,135,0,30,1,125,0,32,1,99,0,7,1,67,0,-22,0,46,0,-51,0,35,0,-84,0,53,0,-111,0,81,0,-122,0]"
CSI_DATA,122586,d8:b1:90:d9:de:f0,-38,9,-99,-35,39,104,-1609455772,130,0,106,0,"[71,16,116,0,25,16,-86,0,42,16,-17,0,85,16,15,1,-138,16,11,1,-92,16,-13,0,-71,16,-54,0,-76,16,-97,0,-107,16,126,0,126,16,75,0,88,16,49,0,75,16,40,0,80,16,35,0,0,0,0,0,-134,16,-6,16,-111,16,-66,16,-107,16,131,16,-126,16,52,16,121,16,11,16,83,16,4,16,64,16,28,16,58,16,71,16,75,16,109,16,93,16,130,16,126,16,137,16,-124,16,130,16,-103,16]"
CSI_DATA,122587,d8:b1:90:d9:de:f0,-37,9,-99,-36,39,104,-1609455637,101,0,106,0,"[-124,0,-105,0,-30,0,-74,0,34,1,-102,0,52,1,122,0,39,1,62,0,1,1,29,0,-41,0,13,0,-90,0,32,0,-140,0,81,0,118,0,142,0,108,0,-103,0,107,0,-86,0,103,0,-98,0,0,0,0,0,46,0,-133,0,-13,16,141,0,-96,16,-125,0,131,16,-80,0,97,16,-29,0,103,16,3,1,139,16,7,1,-111,16,-10,0,-80,16,-30,0,-60,16,-53,0,-67,16,-88,0,-98,16,-117,0,-109,16]"
CSI_DATA,122588,d8:b1:90:d9:de:f0,-38,9,-99,-34,39,104,-1609455487,130,0,106,0,"[43,15,21,0,-32,14,73,0,-42,14,-127,0,-4,14,-74,0,46,15,-50,0,95,15,-61,0,129,15,-90,0,-131,15,-134,0,131,15,78,0,97,15,24,0,66,15,-10,15,57,15,-12,15,61,15,-6,15,0,0,0,0,121,15,-29,15,-108,15,-74,15,-91,15,121,15,-99,15,44,15,-132,15,-1,14,102,15,-8,14,80,15,16,15,66,15,66,15,77,15,101,15,95,15,124,15,128,15,132,15,-114,15,123,15,-99,15]"
CSI_DATA,122589,d8:b1:90:d9:de:f0,-36,9,-99,-33,37,104,-1609402722,98,0,106,0,"[49,19,53,0,-32,18,119,0,-47,18,-126,0,-2,18,-80,0,58,19,-60,0,114,19,-71,0,151,19,-110,0,158,19,-150,0,138,19,111,0,108,19,46,0,79,19,2,0,63,19,-15,19,84,19,-16,19,0,0,0,0,138,19,-50,19,-145,19,-104,19,-125,19,139,19,-128,19,51,19,-155,19,-2,18,145,19,-19,18,119,19,11,19,108,19,49,19,117,19,90,19,134,19,116,19,164,19,129,19,-133,19,126,19,-114,19]"
CSI_DATA,122590,d8:b1:90:d9:de:f0,-40,11,-99,-36,42,104,-1609308783,100,0,228,0,"[-3,-8,-3,-11,-4,-14,-4,-17,-3,-19,-1,-22,0,-22,86,35,4,-21,6,-20,7,-19,8,-17,8,-15,8,-14,8,-12,7,-11,6,-11,4,-11,2,-10,0,-11,0,-11,-27,-23,-3,-11,-3,-12,-3,-12,-3,-12,-3,-12,-3,-11,0,0,-3,-8,-3,-7,-5,-6,-7,-5,-8,-3,-11,-3,80,11,-16,-3,-17,-4,-19,-5,-19,-6,-19,-7,-19,-8,-18,-9,-16,-9,-15,-10,-14,-11,-12,-10,-11,-10,-11,-10,83,11,-10,-8,-10,-7,-10,-7,-10,-6,-10,-6,-9,-6,-7,-6,7,-3,4,-9,-3,-11,-10,-7,-12,2,-7,9,0,10,10,-17,7,-2,1,-7,-5,-5,-8,0,-5,9,3,12,13,7,18,-3,12,-16,-2,-23,-18,-15,-25,0,-19,16,-5,13,13,20,21,6,18,-9,5,-17,-7,-14,-13,-3,0,0,-1,11,7,7,11,-2,6,-10,-3,-12,-12,-6,-27,1,-6,12,3,12,11,5,10,-3,3,-8,-3,-7,-6,0,-2,4,3,4,7,0,6,-7,0,-11,-10,-9,-27,-9,-14,11,-3,20,11,19,21,7,21,-6,11,-16,0,-18]"
CSI_DATA,122591,d8:b1:90:d9:de:f0,-38,11,-99,-35,39,104,-1609038734,277,0,106,0,"[91,16,126,0,46,16,-65,0,69,16,15,1,135,16,43,1,-89,16,31,1,-50,16,2,1,-31,16,-37,0,-38,16,-77,0,-82,16,-121,0,-134,16,129,0,112,16,114,0,92,16,113,0,103,16,105,0,0,0,0,0,-126,16,56,0,-124,16,-15,16,133,16,-86,16,83,16,131,16,29,16,102,16,-4,15,106,16,-16,15,-130,16,-5,15,-97,16,14,16,-66,16,38,16,-34,16,67,16,-43,16,97,16,-61,16,117,16]"
CSI_DATA,122592,d8:b1:90:d9:de:f0,-37,9,-99,-37,39,104,-1609038254,310,0,106,0,"[-76,17,-72,0,-85,17,30,1,-48,17,86,1,-4,17,84,1,26,0,51,1,36,0,13,1,25,0,-34,0,-12,17,-70,0,-77,17,-113,0,-147,17,145,0,98,17,114,0,78,17,97,0,94,17,81,0,0,0,0,0,138,17,27,0,-116,17,-55,17,-106,17,140,17,-102,17,49,17,-115,17,-11,16,-130,17,-35,16,-147,17,-24,16,-147,17,-1,16,-143,17,30,17,-118,17,63,17,-80,17,81,17,-36,17,87,17,-2,17]"
CSI_DATA,122593,d8:b1:90:d9:de:f0,-38,9,-99,-35,39,104,-1609038041,290,0,106,0,"[-90,0,-116,16,-26,0,89,16,-22,0,30,16,-61,0,6,16,-106,0,0,16,135,0,30,16,114,0,64,16,123,0,112,16,-131,0,-99,16,-104,0,-45,16,-74,0,3,0,-58,0,18,0,-73,0,23,0,0,0,0,0,128,0,58,0,71,0,100,0,21,0,-110,0,-11,16,-37,0,-18,16,30,1,-6,16,55,1,6,0,43,1,20,0,17,1,32,0,-10,0,26,0,-40,0,5,0,-64,0,-27,16,-88,0,-50,16]"
CSI_DATA,122594,d8:b1:90:d9:de:f0,-37,9,-99,-37,39,104,-1609037836,98,0,106,0,"[31,0,-60,0,63,0,23,1,117,0,50,1,-140,0,31,1,-127,0,-8,0,-125,0,-54,0,-147,0,-80,0,97,0,-97,0,32,0,-92,0,-34,17,-88,0,-83,17,-78,0,-106,17,-77,0,-106,17,-99,0,0,0,0,0,-118,17,128,0,-136,17,61,0,107,17,-8,17,48,17,-60,17,-5,16,-88,17,-31,16,-88,17,-28,16,-68,17,-10,16,-53,17,17,17,-33,17,42,17,-35,17,72,17,-49,17,97,17,-72,17,121,17]"
CSI_DATA,122595,d8:b1:90:d9:de:f0,-37,9,-99,-34,38,104,-1608829372,98,0,106,0,"[-45,0,-16,17,43,1,-77,17,60,1,-149,17,20,1,99,17,-38,0,77,17,-78,0,89,17,-116,0,117,17,-127,0,-140,17,-118,0,-77,17,-101,0,-14,17,-92,0,26,0,-89,0,46,0,-108,0,51,0,0,0,0,0,124,0,74,0,59,0,120,0,16,0,-109,0,-15,17,-36,0,-11,17,29,1,7,0,58,1,32,0,51,1,64,0,21,1,74,0,-16,0,77,0,-51,0,53,0,-79,0,15,0,-93,0,-8,17]"
CSI_DATA,122596,d8:b1:90:d9:de:f0,-38,11,-99,-35,39,104,-1608620936,277,0,106,0,"[-6,16,-50,0,19,0,30,1,70,0,63,1,114,0,46,1,138,0,6,1,-133,0,-32,0,131,0,-64,0,91,0,-89,0,38,0,-100,0,-30,16,-94,0,-82,16,-85,0,-107,16,-74,0,-102,16,-81,0,0,0,0,0,-95,16,-139,0,-110,16,89,0,115,16,21,0,44,16,-22,16,-18,15,-38,16,-46,15,-22,16,-41,15,6,0,-21,15,37,0,10,16,57,0,46,16,53,0,78,16,27,0,92,16,-6,16,98,16]"
CSI_DATA,122597,d8:b1:90:d9:de:f0,-38,9,-99,-33,39,104,-1608620491,108,0,106,0,"[55,15,85,0,-14,14,-130,0,-29,14,-85,0,-15,14,-64,0,19,15,-58,0,54,15,-75,0,74,15,-104,0,91,15,107,0,98,15,27,0,102,15,-48,15,99,15,-115,15,103,15,120,15,114,15,111,15,0,0,0,0,-80,15,-128,15,-8,15,-117,15,88,0,-122,15,-93,0,118,15,-32,0,84,15,-7,0,60,15,-13,0,51,15,-42,0,59,15,-73,0,75,15,-96,0,106,15,-103,0,-110,15,-98,0,-55,15,-89,0]"
CSI_DATA,122598,d8:b1:90:d9:de:f0,-37,9,-99,-36,39,104,-1608620346,130,0,106,0,"[30,0,-51,0,65,0,32,1,113,0,60,1,138,0,48,1,-139,0,14,1,-135,0,-26,0,122,0,-65,0,69,0,-92,0,3,0,-114,0,-79,16,-132,0,140,16,-141,0,104,16,-142,0,108,16,131,0,0,0,0,0,-143,16,71,0,-120,16,-4,16,-116,16,-103,16,-132,16,86,16,120,16,22,16,97,16,1,16,84,16,14,16,86,16,44,16,98,16,77,16,129,16,103,16,-107,16,116,16,-56,16,112,16,-13,16]"
CSI_DATA,122599,d8:b1:90:d9:de:f0,-37,9,-99,-38,39,104,-1608620229,113,0,106,0,"[78,17,-103,17,-2,16,-128,17,-55,16,-117,17,-58,16,-83,17,-39,16,-55,17,2,17,-39,17,36,17,-41,17,80,17,-71,17,148,17,-118,17,-101,17,124,17,-55,17,77,17,-26,17,51,17,-17,17,67,17,0,0,0,0,10,0,112,17,76,0,-124,17,-143,0,-82,17,-57,0,-42,17,13,1,-32,17,49,1,-40,17,43,1,-58,17,14,1,-60,17,-20,0,-60,17,-49,0,-48,17,-82,0,-11,17,-105,0,41,0,-115,0]"
CSI_DATA,122600,d8:b1:90:d9:de:f0,-37,9,-99,-35,38,104,-1608411546,130,0,106,0,"[133,18,-146,0,75,18,-69,0,75,18,-11,0,114,18,13,1,155,18,12,1,-132,18,-13,0,-119,18,-53,0,-122,18,-101,0,155,18,141,0,117,18,72,0,74,18,18,0,56,18,-4,18,64,18,-15,18,0,0,0,0,133,18,-41,18,-112,18,-89,18,-63,18,133,18,-26,18,44,18,-20,18,-37,17,-30,18,-70,17,-62,18,-62,17,-73,18,-34,17,-85,18,8,18,-68,18,47,18,-35,18,78,18,17,0,92,18,55,0]"
CSI_DATA,122601,d8:b1:90:d9:de:f0,-37,9,-99,-36,39,104,-1608411393,113,0,106,0,"[70,16,59,0,-5,15,104,0,-33,15,-130,0,-8,15,-92,0,30,16,-76,0,61,16,-84,0,95,16,-111,0,111,16,134,0,111,16,70,0,98,16,-8,16,80,16,-60,16,69,16,-85,16,76,16,-90,16,0,0,0,0,-140,16,-90,16,-69,16,-114,16,0,0,113,16,53,0,38,16,72,0,-31,15,65,0,-62,15,38,0,-59,15,10,0,-41,15,-6,16,-5,15,-11,16,37,16,10,0,69,16,57,0,94,16,86,0]"
CSI_DATA,122602,d8:b1:90:d9:de:f0,-34,11,-99,-35,36,104,-1608309129,100,0,114,0,"[-26,-30,-26,-35,-24,-38,-23,-41,-18,-44,-16,-43,-15,-43,-12,-41,-12,-40,-10,-38,-9,-38,-9,-38,-7,-38,-7,-40,-7,-41,-6,-41,-7,-43,-4,-46,-6,-47,-6,-47,-4,-50,-4,-50,-4,-50,-4,-50,-3,-49,0,-46,0,-47,0,-44,0,0,0,-44,3,-44,4,-44,4,-46,6,-46,6,-46,6,-46,6,-47,7,-46,7,-44,7,-43,7,-43,7,-38,7,-38,9,-36,9,-36,9,-35,9,-35,9,-35,10,-38,12,-40,15,-41,16,-43,20,-40,23,-38,23,-36,24,-33,24,-27]"
CSI_DATA,122603,d8:b1:90:d9:de:f0,-37,9,-99,-33,38,104,-1608202683,113,0,106,0,"[57,17,-110,17,-42,16,-114,17,-93,16,-83,17,-85,16,-53,17,-51,16,-26,17,-3,16,-13,17,46,17,-27,17,110,17,-62,17,-122,17,-110,17,-48,17,132,17,2,0,93,17,28,0,80,17,45,0,98,17,0,0,0,0,84,0,-91,17,125,0,-16,17,-102,0,72,0,-39,0,137,0,8,1,-118,0,27,1,-110,0,9,1,-122,0,-17,0,-143,0,-61,0,139,0,-114,0,145,0,132,0,-136,0,85,0,-114,0,48,0]"
CSI_DATA,122604,d8:b1:90:d9:de:f0,-37,9,-99,-35,38,104,-1608202520,407,0,106,0,"[-83,0,-130,18,-36,0,72,18,-70,0,-9,17,-135,0,-52,17,101,0,-31,17,62,0,-1,17,47,0,58,18,56,0,113,18,103,0,-148,18,-143,0,-110,18,-91,0,-91,18,-83,0,-90,18,-101,0,-84,18,0,0,0,0,145,0,-36,18,125,0,46,0,-152,0,146,0,-105,0,-86,0,-53,0,-53,0,-14,0,-67,0,-4,0,-114,0,-11,0,140,0,-42,0,106,0,-88,0,96,0,-123,0,103,0,-151,0,144,0,151,0]"
CSI_DATA,122605,d8:b1:90:d9:de:f0,-38,11,-99,-35,39,104,-1607994237,277,0,106,0,"[-134,16,-62,0,-138,16,22,1,-95,16,73,1,-45,16,67,1,-7,16,33,1,13,0,-1,0,13,0,-42,0,-9,16,-76,0,-66,16,-103,0,-114,16,-128,0,119,16,135,0,95,16,124,0,107,16,107,0,0,0,0,0,128,16,58,0,123,16,-4,16,95,16,-67,16,59,16,-128,16,16,16,121,16,-1,15,116,16,-2,15,-133,16,6,16,-112,16,29,16,-85,16,52,16,-77,16,79,16,-78,16,104,16,-100,16,125,16]"
CSI_DATA,122606,d8:b1:90:d9:de:f0,-38,9,-99,-36,40,104,-1607993756,113,0,106,0,"[-85,15,-33,0,-86,15,49,1,-55,15,85,1,-25,15,77,1,-5,15,38,1,5,0,6,1,-5,15,-39,0,-36,15,-86,0,-86,15,126,0,122,15,85,0,83,15,46,0,67,15,24,0,78,15,6,0,0,0,0,0,-121,15,-49,15,-82,15,-98,15,-43,15,88,15,-14,15,22,15,-3,15,-30,14,-4,15,-50,14,-6,15,-35,14,-9,15,-16,14,-10,15,7,15,7,0,40,15,31,0,69,15,59,0,86,15,82,0]"
CSI_DATA,122607,d8:b1:90:d9:de:f0,-38,9,-99,-34,39,104,-1607784893,224,0,106,0,"[0,0,25,15,-38,15,-52,14,-88,15,-72,14,-121,15,-50,14,-135,15,-9,14,-135,15,30,15,-113,15,58,15,-67,15,85,15,-8,15,106,15,61,0,118,15,111,0,127,15,-134,0,130,15,-133,0,-124,15,0,0,0,0,128,0,-49,15,123,0,14,0,-126,0,102,0,-87,0,-100,0,-46,0,-55,0,-18,0,-46,0,-13,0,-64,0,-28,0,-100,0,-44,0,-127,0,-69,0,130,0,-113,0,124,0,116,0,-135,0,82,0]"
CSI_DATA,122608,d8:b1:90:d9:de:f0,-37,11,-99,-32,38,104,-1607367539,277,0,106,0,"[49,16,138,0,11,16,-57,0,38,16,10,1,102,16,35,1,-127,16,19,1,-90,16,-19,0,-70,16,-75,0,-83,16,-131,0,-121,16,99,0,116,16,44,0,84,16,17,0,78,16,6,0,90,16,4,0,0,0,0,0,-125,16,-49,16,-89,16,-109,16,-72,16,90,16,-81,16,13,16,-108,16,-30,15,-133,16,-41,15,136,16,-12,15,130,16,28,16,140,16,68,16,-123,16,98,16,-87,16,109,16,-49,16,108,16,-25,16]"
CSI_DATA,122609,d8:b1:90:d9:de:f0,-37,9,-99,-34,38,104,-1607367085,120,0,106,0,"[-13,0,-8,17,61,1,-78,17,67,1,143,17,14,1,87,17,-46,0,72,17,-102,0,85,17,-143,0,122,17,147,0,-131,17,-146,0,-66,17,-121,0,-10,17,-97,0,27,0,-91,0,40,0,-106,0,38,0,0,0,0,0,130,0,79,0,91,0,134,0,72,0,-87,0,85,0,-8,0,116,0,38,1,144,0,34,1,-133,0,-1,0,-127,0,-46,0,-137,0,-87,0,-149,0,-109,0,123,0,-123,0,96,0,-122,0,77,0]"
CSI_DATA,122610,d8:b1:90:d9:de:f0,-36,9,-99,-36,38,104,-1607366972,120,0,106,0,"[-83,18,36,18,151,18,-28,17,60,18,-16,17,22,18,52,18,26,18,120,18,50,18,-142,18,95,18,-114,18,154,18,-119,18,-108,18,-157,18,-66,18,117,18,-39,18,80,18,-33,18,71,18,-32,18,95,18,0,0,0,0,20,0,151,18,88,0,-151,18,-148,0,157,18,-79,0,122,18,-41,0,74,18,-55,0,44,18,-96,0,44,18,-140,0,47,18,140,0,70,18,125,0,101,18,129,0,137,18,146,0,-161,18,152,0]"
CSI_DATA,122611,d8:b1:90:d9:de:f0,-37,9,-99,-34,38,104,-1607366823,101,0,106,0,"[-33,0,-106,17,28,1,133,17,27,1,80,17,-4,0,64,17,-45,0,73,17,-97,0,93,17,-112,0,142,17,-125,0,-97,17,-130,0,-17,17,-128,0,65,0,-129,0,122,0,-141,0,142,0,137,0,147,0,0,0,0,0,33,0,150,0,-42,17,-148,0,-140,17,-120,0,91,17,-85,0,53,17,-53,0,42,17,-43,0,57,17,-53,0,89,17,-74,0,105,17,-109,0,112,17,-143,0,116,17,115,0,114,17,77,0,114,17]"
CSI_DATA,122612,d8:b1:90:d9:de:f0,-36,9,-99,-36,38,104,-1607366691,98,0,106,0,"[-54,0,-128,18,13,1,119,18,18,1,70,18,-26,0,49,18,-74,0,57,18,-115,0,96,18,-137,0,148,18,-143,0,-107,18,-130,0,-22,18,-115,0,52,0,-104,0,122,0,-110,0,142,0,-143,0,143,0,0,0,0,0,84,0,149,0,-6,18,-149,0,-88,18,-94,0,-159,18,-49,0,120,18,-7,0,118,18,5,1,130,18,-12,0,152,18,-40,0,-149,18,-70,0,-156,18,-119,0,158,18,158,0,134,18,113,0,124,18]"
CSI_DATA,122613,d8:b1:90:d9:de:f0,-35,9,-99,-35,37,104,-1607310753,108,0,106,0,"[-161,20,-67,0,170,20,30,1,-149,20,79,1,-104,20,71,1,-76,20,35,1,-63,20,-16,0,-72,20,-65,0,-107,20,-118,0,-156,20,161,0,137,20,96,0,105,20,43,0,93,20,8,0,112,20,-20,20,0,0,0,0,-170,20,-100,20,-112,20,-163,20,-72,20,91,20,-39,20,6,20,-27,20,-53,19,-23,20,-75,19,-27,20,-54,19,-39,20,-10,19,-24,20,28,20,-6,20,61,20,34,0,91,20,75,0,123,20,101,0]"
CSI_DATA,122614,d8:b1:90:d9:de:f0,-39,11,-99,-33,40,104,-1607305435,100,0,228,0,"[-1,-11,-2,-15,-1,-19,-1,-22,0,-25,2,-26,4,-26,99,41,8,-25,9,-22,10,-21,10,-19,10,-18,9,-16,8,-14,7,-13,5,-13,2,-12,0,-12,0,-12,-3,-12,-31,-27,-7,-12,-8,-12,-8,-12,-8,-12,-8,-11,-8,-11,0,0,-9,-7,-9,-6,-10,-3,-11,-1,-13,0,-16,1,54,13,-20,4,-22,4,-23,4,-24,3,-25,2,-24,1,-23,0,-22,0,-22,0,-20,0,-19,0,-18,0,-16,0,46,13,-14,0,-13,1,-13,3,-12,4,-12,4,-11,4,-11,3,11,-2,8,-11,-1,-14,-11,-10,-14,0,-9,10,0,11,15,-21,9,-3,1,-10,-7,-7,-12,1,-7,12,3,16,17,11,22,-4,13,-21,-3,-26,-22,-18,-30,2,-21,22,-5,17,19,21,26,1,17,-15,1,-21,-11,-13,-16,0,0,0,3,12,11,4,11,-7,1,-13,-10,-11,-15,0,-29,15,0,16,11,10,13,-1,7,-11,-2,-10,-8,-3,-6,4,1,7,8,2,9,-6,0,-12,-10,-11,-18,-1,-32,12,-4,22,12,22,25,9,25,-9,12,-22,-3,-23,-15,-13]"
CSI_DATA,122615,d8:b1:90:d9:de:f0,-37,9,-99,-37,39,104,-1607158185,130,0,106,0,"[69,0,28,17,55,0,-57,16,10,0,-93,16,-28,17,-77,16,-53,17,-45,16,-50,17,9,17,-35,17,51,17,12,0,90,17,73,0,132,17,136,0,-131,17,-112,0,-102,17,-98,0,-80,17,-109,0,-57,17,0,0,0,0,140,0,18,0,109,0,102,0,108,0,-100,0,109,0,-18,0,128,0,31,1,142,0,35,1,144,0,17,1,136,0,-20,0,118,0,-51,0,88,0,-75,0,46,0,-91,0,8,0,-101,0,-21,17]"
CSI_DATA,122616,d8:b1:90:d9:de:f0,-36,9,-99,-35,37,104,-1607103017,130,0,106,0,"[45,20,-97,20,-80,19,-53,20,-120,19,31,0,-86,19,115,0,-20,19,161,0,48,20,171,0,101,20,146,0,137,20,93,0,157,20,15,0,155,20,-64,20,145,20,-113,20,146,20,-123,20,172,20,-115,20,0,0,0,0,-71,20,-122,20,6,0,-156,20,83,0,109,20,120,0,21,20,112,0,-46,19,76,0,-74,19,35,0,-49,19,1,0,-8,19,-20,20,37,20,-19,20,82,20,9,0,116,20,42,0,137,20,61,0]"
CSI_DATA,122617,d8:b1:90:d9:de:f0,-37,11,-99,-34,38,104,-1606740840,277,0,106,0,"[-137,0,-124,0,-47,0,-74,0,19,1,-91,0,42,1,-140,0,30,1,114,0,-2,0,79,0,-43,0,65,0,-93,0,79,0,144,0,123,0,96,0,-123,0,58,0,-77,0,40,0,-62,0,36,0,-83,0,0,0,0,0,-3,17,-136,0,-78,17,111,0,130,17,103,0,34,17,103,0,-15,16,124,0,-28,16,-152,0,-15,16,-136,0,27,17,-130,0,60,17,-141,0,87,17,135,0,98,17,99,0,95,17,59,0,97,17]"
CSI_DATA,122618,d8:b1:90:d9:de:f0,-37,9,-99,-37,39,104,-1606740378,264,0,106,0,"[-69,17,60,17,-117,17,-21,16,127,17,-51,16,99,17,-30,16,99,17,11,17,116,17,51,17,-144,17,90,17,-80,17,116,17,1,0,139,17,91,0,145,17,-136,0,-137,17,-108,0,-131,17,-122,0,-116,17,0,0,0,0,131,0,-34,17,94,0,62,0,83,0,-128,0,84,0,-28,0,100,0,33,1,114,0,53,1,112,0,33,1,103,0,0,1,86,0,-34,0,54,0,-61,0,8,0,-88,0,-40,17,-102,0,-71,17]"
CSI_DATA,122619,d8:b1:90:d9:de:f0,-37,9,-99,-34,38,104,-1606740226,284,0,106,0,"[-73,0,92,0,33,1,84,0,91,1,22,0,78,1,-43,17,38,1,-91,17,-15,0,-121,17,-59,0,-109,17,-96,0,-73,17,-112,0,-11,17,-111,0,64,0,-99,0,110,0,-87,0,120,0,-98,0,104,0,0,0,0,0,131,0,97,0,64,0,127,0,4,0,-102,0,-23,17,-22,0,-8,17,46,1,26,0,66,1,58,0,46,1,86,0,11,1,96,0,-36,0,89,0,-67,0,61,0,-86,0,33,0,-92,0,19,0]"
CSI_DATA,122620,d8:b1:90:d9:de:f0,-38,9,-99,-36,39,104,-1606740007,264,0,106,0,"[-85,0,-122,16,-26,0,102,16,-15,0,47,16,-48,0,25,16,-81,0,30,16,-116,0,58,16,-133,0,97,16,-134,0,-130,16,-124,0,-56,16,-107,0,22,0,-94,0,77,0,-87,0,105,0,-102,0,111,0,0,0,0,0,92,0,112,0,14,0,127,0,-69,16,-116,0,-140,16,-61,0,102,16,-16,0,96,16,-2,0,111,16,-10,0,135,16,-32,0,-136,16,-63,0,-133,16,-95,0,-143,16,-136,0,125,16,107,0,114,16]"
CSI_DATA,122621,d8:b1:90:d9:de:f0,-37,9,-99,-34,38,104,-1606739819,284,0,106,0,"[78,0,71,17,87,0,-27,16,52,0,-77,16,16,0,-80,16,-10,17,-51,16,-23,17,-9,16,-9,17,36,17,27,0,79,17,85,0,130,17,-147,0,-124,17,-92,0,-93,17,-65,0,-76,17,-80,0,-60,17,0,0,0,0,-142,0,4,0,120,0,74,0,97,0,-129,0,87,0,-34,0,96,0,29,1,108,0,48,1,118,0,32,1,125,0,-3,0,108,0,-38,0,79,0,-61,0,42,0,-78,0,-4,17,-90,0,-33,17]"
CSI_DATA,122622,d8:b1:90:d9:de:f0,-38,11,-99,-36,40,104,-1606323042,277,0,106,0,"[-49,0,60,0,22,1,68,0,64,1,50,0,62,1,24,0,43,1,8,0,9,1,-9,15,-16,0,-4,15,-48,0,21,0,-92,0,60,0,119,0,110,0,79,0,-100,0,56,0,-71,0,39,0,-79,0,0,0,0,0,0,0,-107,0,-53,15,109,0,126,15,83,0,49,15,67,0,-7,14,70,0,-36,14,76,0,-28,14,89,0,-5,14,98,0,22,15,92,0,44,15,80,0,63,15,48,0,79,15,13,0,88,15]"
CSI_DATA,122623,d8:b1:90:d9:de:f0,-39,9,-99,-34,40,104,-1606322552,252,0,106,0,"[116,14,-84,0,91,14,-13,0,111,14,33,0,-91,14,51,0,-58,14,36,0,-30,14,15,0,-22,14,-22,0,-28,14,-60,0,-63,14,-105,0,-109,14,94,0,90,14,65,0,66,14,49,0,69,14,46,0,0,0,0,0,117,14,18,0,-97,14,-32,14,-86,14,-106,14,-94,14,60,14,-116,14,9,14,101,14,-7,13,76,14,8,14,67,14,38,14,69,14,70,14,95,14,99,14,-109,14,110,14,-75,14,105,14,-49,14]"
CSI_DATA,122624,d8:b1:90:d9:de:f0,-38,9,-99,-33,39,104,-1606322377,98,0,106,0,"[101,15,-113,0,61,15,-47,0,73,15,6,1,97,15,21,1,-120,15,23,1,-86,15,4,1,-72,15,-20,0,-73,15,-59,0,-98,15,-111,0,130,15,100,0,93,15,58,0,73,15,44,0,73,15,34,0,0,0,0,0,114,15,6,0,-117,15,-44,15,-108,15,-120,15,-109,15,69,15,130,15,13,15,99,15,-5,14,80,15,10,15,69,15,46,15,80,15,77,15,91,15,100,15,122,15,113,15,-108,15,113,15,-84,15]"
CSI_DATA,122625,d8:b1:90:d9:de:f0,-39,9,-99,-33,40,104,-1606322263,98,0,106,0,"[-38,0,52,0,33,0,44,0,68,0,2,0,62,0,-36,13,40,0,-66,13,5,0,-84,13,-24,0,-83,13,-55,0,-62,13,-79,0,-15,13,-97,0,40,0,-99,0,88,0,-97,0,110,0,-98,0,111,0,0,0,0,0,88,0,101,0,37,0,103,0,-25,13,-97,0,-75,13,-45,0,-94,13,9,0,-88,13,37,0,-57,13,44,0,-24,13,24,0,-4,13,0,0,7,0,-25,0,-7,13,-54,0,-32,13,-78,0,-49,13]"
CSI_DATA,122626,d8:b1:90:d9:de:f0,-40,9,-99,-35,41,104,-1606322158,98,0,106,0,"[31,12,6,0,-33,12,33,0,-54,12,78,0,-36,12,-103,0,-1,12,-79,0,32,12,-70,0,66,12,-80,0,83,12,109,0,92,12,58,0,87,12,12,0,73,12,-32,12,64,12,-49,12,69,12,-50,12,0,0,0,0,-109,12,-51,12,-71,12,-82,12,-29,12,94,12,-8,12,32,12,-12,12,-25,12,-39,12,-43,12,-60,12,-32,12,-77,12,-8,12,-93,12,17,12,-87,12,46,12,-68,12,70,12,-42,12,74,12,-25,12]"
CSI_DATA,122627,d8:b1:90:d9:de:f0,-39,9,-99,-33,40,104,-1606322017,124,0,106,0,"[-110,13,65,13,61,13,26,13,3,13,36,13,-16,12,79,13,-24,12,-112,13,-2,12,-76,13,15,13,-53,13,52,13,-52,13,99,13,-76,13,-95,13,-110,13,-70,13,89,13,-61,13,66,13,-59,13,66,13,0,0,0,0,-30,13,104,13,18,0,-109,13,84,0,-108,13,-88,0,95,13,-47,0,53,13,-44,0,18,13,-73,0,0,13,-110,0,4,13,88,0,20,13,65,0,36,13,64,0,66,13,79,0,98,13,90,0]"
CSI_DATA,122628,d8:b1:90:d9:de:f0,-36,11,-99,-37,38,104,-1606291307,100,0,114,0,"[-33,0,-36,-2,-40,-5,-40,-9,-38,-10,-38,-11,-34,-12,-33,-14,-32,-14,-31,-14,-29,-14,-28,-15,-28,-15,-29,-16,-29,-16,-31,-18,-32,-19,-32,-20,-34,-22,-33,-22,-33,-22,-33,-23,-33,-23,-33,-24,-32,-24,-29,-24,-29,-24,-28,-23,0,0,-28,-25,-27,-27,-28,-27,-27,-28,-27,-29,-28,-31,-27,-29,-27,-32,-24,-29,-24,-29,-24,-27,-22,-29,-22,-28,-20,-27,-19,-25,-19,-27,-18,-25,-18,-25,-18,-28,-18,-28,-18,-31,-16,-32,-16,-33,-15,-34,-12,-36,-10,-36,-7,-34,-3,-33]"
CSI_DATA,122629,d8:b1:90:d9:de:f0,-38,9,-99,-34,39,104,-1606113688,130,0,106,0,"[-112,0,-95,0,-38,0,-51,0,10,1,-54,0,26,1,-82,0,16,1,-115,0,-18,0,130,0,-55,0,118,0,-111,0,120,0,88,0,-135,0,14,0,-116,0,-46,15,-100,0,-80,15,-95,0,-97,15,-105,0,0,0,0,0,-108,15,83,0,-118,15,15,0,114,15,-66,15,69,15,132,15,29,15,83,15,8,15,67,15,6,15,82,15,25,15,110,15,54,15,131,15,95,15,-126,15,-124,15,-130,15,-70,15,124,15,-34,15]"
CSI_DATA,122630,d8:b1:90:d9:de:f0,-38,9,-99,-36,39,104,-1606113562,113,0,106,0,"[133,0,88,16,-135,0,-2,15,103,0,-60,15,49,0,-75,15,-3,16,-43,15,-49,16,-10,15,-59,16,31,16,-34,16,71,16,8,0,104,16,70,0,122,16,121,0,126,16,141,0,123,16,127,0,131,16,0,0,0,0,121,0,-107,16,136,0,-58,16,-99,0,8,0,-41,0,44,0,24,1,41,0,50,1,14,0,34,1,-19,16,0,1,-58,16,-33,0,-71,16,-65,0,-71,16,-96,0,-43,16,-105,0,-20,16,-105,0]"
CSI_DATA,122631,d8:b1:90:d9:de:f0,-37,11,-99,-35,38,104,-1605905243,277,0,106,0,"[-133,18,-79,0,-148,18,9,1,-86,18,79,1,-31,18,73,1,22,0,51,1,56,0,7,1,69,0,-30,0,48,0,-69,0,-12,18,-97,0,-75,18,-124,0,-123,18,-121,0,-146,18,-119,0,-145,18,-129,0,0,0,0,0,-129,18,128,0,-140,18,64,0,111,18,-1,18,35,18,-40,18,-30,17,-50,18,-67,17,-30,18,-58,17,15,0,-23,17,52,0,24,18,74,0,57,18,79,0,88,18,55,0,103,18,20,0,99,18]"
CSI_DATA,122632,d8:b1:90:d9:de:f0,-37,9,-99,-38,39,104,-1605904762,124,0,106,0,"[1,0,-47,0,35,0,45,1,95,0,76,1,129,0,61,1,149,0,20,1,-152,0,-32,0,134,0,-68,0,91,0,-98,0,16,0,-127,0,-60,17,-141,0,-127,17,-146,0,146,17,-152,0,-152,17,141,0,0,0,0,0,-129,17,72,0,-129,17,-9,17,-148,17,-106,17,115,17,111,17,64,17,62,17,29,17,54,17,20,17,84,17,34,17,120,17,58,17,150,17,93,17,-136,17,143,17,-139,17,-114,17,149,17,-83,17]"
CSI_DATA,122633,d8:b1:90:d9:de:f0,-37,9,-99,-35,38,104,-1605904595,124,0,106,0,"[-50,0,44,0,40,1,37,0,88,1,-1,18,77,1,-41,18,50,1,-68,18,2,1,-89,18,-34,0,-75,18,-64,0,-36,18,-106,0,29,0,-133,0,102,0,-154,0,-149,0,149,0,-117,0,129,0,-118,0,0,0,0,0,66,0,-144,0,-14,18,-155,0,-110,18,-144,0,116,18,-112,0,61,18,-69,0,47,18,-41,0,69,18,-36,0,108,18,-45,0,134,18,-68,0,150,18,-97,0,152,18,-144,0,138,18,124,0,121,18]"
CSI_DATA,122634,d8:b1:90:d9:de:f0,-37,9,-99,-34,38,104,-1605904491,124,0,106,0,"[83,17,-129,17,-17,16,-135,17,-73,16,-95,17,-82,16,-38,17,-52,16,3,0,-15,16,26,0,30,17,27,0,76,17,3,0,129,17,-46,17,-140,17,-117,17,-111,17,135,17,-96,17,106,17,-90,17,112,17,0,0,0,0,-38,17,-148,17,40,0,-117,17,141,0,-125,17,-72,0,-149,17,-17,0,112,17,-7,0,77,17,-30,0,59,17,-77,0,55,17,-117,0,68,17,-148,0,103,17,148,0,-148,17,-139,0,-102,17,-123,0]"
CSI_DATA,122635,d8:b1:90:d9:de:f0,-38,9,-99,-36,39,104,-1605904351,124,0,106,0,"[133,0,81,16,-142,0,-5,15,112,0,-62,15,61,0,-66,15,16,0,-47,15,-11,16,-11,15,-20,16,29,16,-2,16,75,16,44,0,124,16,103,0,-127,16,-130,0,-105,16,-103,0,-98,16,-108,0,-86,16,0,0,0,0,134,0,-32,16,121,0,32,0,123,0,114,0,-133,0,-93,0,-84,0,-35,0,-49,0,-31,0,-34,0,-62,0,-43,0,-102,0,-56,0,-140,0,-83,0,124,0,-125,0,122,0,117,0,138,0,97,0]"
CSI_DATA,122636,d8:b1:90:d9:de:f0,-37,9,-99,-34,38,104,-1605904211,124,0,106,0,"[-96,0,-141,0,4,1,-123,0,70,1,140,0,79,1,73,0,55,1,19,0,15,1,-5,17,-29,0,-21,17,-80,0,-3,17,-130,0,51,0,139,0,110,0,121,0,-141,0,112,0,-114,0,104,0,-120,0,0,0,0,0,48,0,143,0,-23,17,129,0,-114,17,143,0,109,17,-118,0,60,17,-61,0,58,17,-21,0,96,17,-8,0,139,17,-15,0,-120,17,-36,0,-92,17,-70,0,-96,17,-116,0,-129,17,147,0,-143,17]"
CSI_DATA,122637,d8:b1:90:d9:de:f0,-37,9,-99,-35,38,104,-1605904080,124,0,106,0,"[136,0,-83,0,-101,0,-24,0,-30,0,-30,0,-2,0,-72,0,4,1,-127,0,-14,0,144,0,-46,0,121,0,-96,0,118,0,-155,0,139,0,100,0,-129,0,45,0,-91,0,33,0,-73,0,28,0,-84,0,0,0,0,0,-7,18,-129,0,-59,18,139,0,-156,18,125,0,68,18,134,0,7,18,-149,0,-8,17,-113,0,15,18,-91,0,64,18,-77,0,106,18,-90,0,133,18,-113,0,145,18,-155,0,130,18,122,0,119,18]"
CSI_DATA,122638,d8:b1:90:d9:de:f0,-37,9,-99,-37,39,104,-1605903958,108,0,106,0,"[-73,0,118,0,23,1,131,0,80,1,86,0,78,1,32,0,54,1,-21,17,1,1,-86,17,-47,0,-92,17,-86,0,-45,17,-122,0,20,0,-132,0,84,0,-139,0,144,0,-124,0,-138,0,-120,0,138,0,0,0,0,0,100,0,128,0,33,0,133,0,-50,17,-127,0,-106,17,-63,0,-108,17,21,1,-65,17,61,1,-51,17,55,1,-21,17,25,1,18,0,-12,0,16,0,-55,0,-13,17,-95,0,-33,17,-109,0,-63,17]"
CSI_DATA,122639,d8:b1:90:d9:de:f0,-39,9,-99,-34,40,104,-1605695889,113,0,106,0,"[-81,0,-114,0,-2,0,-96,0,45,0,119,0,50,0,75,0,28,0,34,0,-6,0,16,0,-40,0,16,0,-80,0,44,0,-112,0,91,0,107,0,-104,0,97,0,-65,0,92,0,-52,0,86,0,-63,0,0,0,0,0,31,0,116,0,-32,14,106,0,-99,14,113,0,72,14,-105,0,30,14,-69,0,29,14,-43,0,51,14,-42,0,80,14,-47,0,105,14,-66,0,112,14,-85,0,105,14,-112,0,93,14,108,0,90,14]"
CSI_DATA,122640,d8:b1:90:d9:de:f0,-40,11,-99,-37,42,104,-1605308845,100,0,228,0,"[-5,2,-8,5,-10,8,-13,9,-16,11,-17,11,-19,10,89,36,-20,8,-20,8,-20,7,-19,6,-17,5,-17,5,-15,4,-13,6,-12,7,-9,8,-7,8,-4,10,-3,11,-27,-24,0,13,1,14,1,14,1,13,1,13,2,12,0,0,2,8,3,7,4,4,5,1,7,0,8,-3,-98,0,13,-8,16,-9,17,-10,18,-10,20,-10,20,-10,19,-9,18,-8,17,-8,17,-7,15,-7,14,-7,13,-7,-47,0,10,-8,9,-9,8,-9,7,-10,7,-11,6,-10,5,-9,-4,-9,-12,-4,-12,6,-5,13,4,13,12,5,11,-3,-16,2,-3,-5,-5,0,0,5,4,4,8,-2,4,-10,-6,-12,-16,-4,-17,9,-6,22,11,22,25,8,24,-10,8,-12,-8,-23,-22,-9,-20,7,-7,17,7,15,14,4,0,0,0,-12,-9,-5,-10,4,-2,12,8,11,14,0,22,-16,0,-14,-10,-9,-13,0,-7,8,0,8,4,3,3,-2,-1,-2,-4,1,-1,6,5,8,12,1,12,-8,15,-25,-11,-17,-22,-6,-22,10,-9,22,7,22,18,11,18,-3]"
CSI_DATA,122641,d8:b1:90:d9:de:f0,-38,11,-99,-37,40,104,-1605278544,277,0,106,0,"[17,0,69,15,23,0,-7,14,9,0,-53,14,-14,15,-59,14,-31,15,-41,14,-29,15,-8,14,-18,15,22,15,12,0,59,15,63,0,104,15,125,0,-112,15,-81,0,-83,15,-50,0,-62,15,-52,0,-51,15,0,0,0,0,-126,0,-21,15,86,0,39,0,33,0,119,0,0,0,-50,0,-11,15,28,1,-1,15,65,1,19,0,66,1,41,0,38,1,42,0,3,1,29,0,-27,0,-3,15,-61,0,-50,15,-90,0,-85,15]"
CSI_DATA,122642,d8:b1:90:d9:de:f0,-38,9,-99,-35,39,104,-1605278045,101,0,106,0,"[-52,16,-80,0,-79,16,-4,0,-66,16,43,1,-42,16,54,1,-22,16,40,1,-1,16,10,1,-4,16,-22,0,-34,16,-54,0,-81,16,-100,0,137,16,138,0,82,16,106,0,53,16,97,0,61,16,81,0,0,0,0,0,116,16,45,0,-123,16,-16,16,-98,16,-106,16,-93,16,78,16,-106,16,-3,15,-131,16,-28,15,129,16,-18,15,119,16,11,16,121,16,42,16,-130,16,65,16,-98,16,81,16,-53,16,83,16,-23,16]"
CSI_DATA,122643,d8:b1:90:d9:de:f0,-37,9,-99,-37,39,104,-1605277913,130,0,106,0,"[-49,17,-80,0,-69,17,2,1,-47,17,60,1,-18,17,66,1,5,0,43,1,32,0,11,1,24,0,-25,0,-6,17,-60,0,-65,17,-95,0,-133,17,-129,0,100,17,142,0,70,17,132,0,83,17,124,0,0,0,0,0,128,17,80,0,-128,17,5,0,-122,17,-95,17,-136,17,98,17,121,17,24,17,84,17,0,17,64,17,21,17,60,17,53,17,72,17,91,17,105,17,114,17,-147,17,116,17,-103,17,113,17,-76,17]"
CSI_DATA,122644,d8:b1:90:d9:de:f0,-38,9,-99,-35,39,104,-1605277806,98,0,106,0,"[74,16,43,0,-5,15,63,0,-40,15,98,0,-26,15,127,0,-7,15,-129,0,31,16,-134,0,54,16,127,0,71,16,97,0,82,16,31,0,83,16,-39,16,79,16,-94,16,67,16,-126,16,78,16,-119,16,0,0,0,0,137,16,-102,16,-69,16,-103,16,15,0,138,16,89,0,73,16,130,0,6,16,135,0,-30,15,102,0,-44,15,73,0,-25,15,52,0,2,16,41,0,32,16,56,0,65,16,91,0,99,16,110,0]"
CSI_DATA,122645,d8:b1:90:d9:de:f0,-39,9,-99,-35,40,104,-1605277701,98,0,106,0,"[-67,0,-55,14,0,0,-83,14,25,0,-123,14,9,0,95,14,-14,0,79,14,-48,0,80,14,-72,0,102,14,-84,0,-113,14,-84,0,-56,14,-71,0,6,0,-59,0,48,0,-50,0,72,0,-52,0,71,0,0,0,0,0,-116,0,65,0,76,0,84,0,7,0,-120,0,-39,14,-54,0,-62,14,15,0,-54,14,50,0,-24,14,52,0,0,0,34,0,15,0,6,0,22,0,-26,0,-2,14,-55,0,-34,14,-72,0,-54,14]"
CSI_DATA,122646,d8:b1:90:d9:de:f0,-37,11,-99,-35,38,104,-1604651846,277,0,106,0,"[-77,0,100,0,17,1,103,0,74,1,66,0,69,1,36,0,52,1,-3,18,7,1,-24,18,-30,0,-14,18,-67,0,11,0,-121,0,72,0,-150,0,125,0,129,0,-133,0,107,0,-108,0,88,0,-125,0,0,0,0,0,20,0,-151,0,-57,18,123,0,-145,18,132,0,79,18,143,0,12,18,-154,0,3,18,-132,0,18,18,-117,0,48,18,-135,0,77,18,-139,0,92,18,150,0,106,18,119,0,107,18,75,0,111,18]"
CSI_DATA,122647,d8:b1:90:d9:de:f0,-38,9,-99,-35,39,104,-1604651401,130,0,106,0,"[58,16,86,0,-7,15,-126,0,-7,15,-58,0,29,16,-22,0,76,16,-20,0,117,16,-27,0,-133,16,-61,0,-129,16,-102,0,133,16,122,0,103,16,65,0,82,16,21,0,73,16,3,0,89,16,-5,16,0,0,0,0,-135,16,-44,16,-91,16,-94,16,-67,16,105,16,-57,16,30,16,-70,16,-22,15,-92,16,-38,15,-111,16,-20,15,-128,16,6,16,-127,16,37,16,-116,16,64,16,-90,16,80,16,-65,16,88,16,-40,16]"
CSI_DATA,122648,d8:b1:90:d9:de:f0,-38,9,-99,-34,39,104,-1604442448,108,0,106,0,"[15,15,1,0,-45,14,38,0,-56,14,95,0,-28,14,133,0,22,15,-113,0,72,15,-111,0,102,15,134,0,113,15,95,0,102,15,33,0,76,15,-16,15,57,15,-54,15,46,15,-58,15,49,15,-49,15,0,0,0,0,85,15,-61,15,116,15,-98,15,122,15,106,15,110,15,56,15,81,15,29,15,57,15,37,15,50,15,69,15,59,15,105,15,81,15,-133,15,111,15,-122,15,-130,15,-132,15,-117,15,123,15,-115,15]"
CSI_DATA,122649,d8:b1:90:d9:de:f0,-39,9,-99,-34,40,104,-1604442285,224,0,106,0,"[-103,14,35,14,76,14,1,14,21,14,21,14,0,14,67,14,10,14,118,14,28,14,-83,14,58,14,-66,14,100,14,-72,14,-102,14,-103,14,-75,14,89,14,-63,14,57,14,-67,14,42,14,-72,14,51,14,0,0,0,0,-43,14,70,14,-12,14,73,14,38,0,49,14,65,0,6,14,68,0,-29,13,48,0,-39,13,19,0,-20,13,-4,14,5,14,-16,14,34,14,-10,14,59,14,11,0,75,14,28,0,76,14,36,0]"
CSI_DATA,122650,d8:b1:90:d9:de:f0,-36,9,-99,-37,38,104,-1604385580,128,0,106,0,"[-62,0,-23,19,31,1,-89,19,53,1,159,19,19,1,95,19,-37,0,60,19,-110,0,57,19,-154,0,85,19,151,0,132,19,149,0,-115,19,-155,0,-37,19,-114,0,19,0,-88,0,34,0,-90,0,22,0,0,0,0,0,160,0,42,0,95,0,95,0,55,0,-136,0,53,0,-28,0,91,0,45,1,142,0,71,1,-139,0,40,1,-116,0,-23,0,-123,0,-76,0,-137,0,-119,0,141,0,-138,0,91,0,-142,0,64,0]"
CSI_DATA,122651,d8:b1:90:d9:de:f0,-35,9,-99,-34,36,104,-1604338858,98,0,106,0,"[-88,22,127,22,-125,22,37,22,-178,22,-7,20,163,22,11,22,136,22,35,22,125,22,76,22,136,22,101,22,166,22,110,22,-148,22,103,22,-70,22,88,22,2,0,64,22,35,0,43,22,41,0,55,22,0,0,0,0,26,0,125,22,73,0,-172,22,169,0,-112,22,-101,0,-64,22,-10,0,-62,22,47,1,-89,22,46,1,-128,22,19,1,-163,22,-35,0,-176,22,-71,0,-161,22,-91,0,-131,22,-100,0,-89,22,-98,0]"
CSI_DATA,122652,d8:b1:90:d9:de:f0,-33,11,-99,-35,35,104,-1604309193,100,0,114,0,"[-12,41,-15,43,-17,44,-20,46,-20,48,-20,46,-22,44,-20,43,-17,39,-19,39,-15,38,-17,41,-15,39,-13,41,-12,43,-12,43,-12,46,-12,51,-10,53,-8,53,-6,53,-5,55,-5,55,0,57,-3,53,-3,53,-1,51,0,51,0,0,3,50,5,53,5,51,6,53,8,53,6,53,10,53,12,57,13,51,12,53,13,51,15,48,17,44,15,43,19,43,19,39,19,38,19,38,20,39,22,41,24,43,25,43,25,44,25,46,25,46,22,44,22,46,17,41]"
CSI_DATA,122653,d8:b1:90:d9:de:f0,-36,9,-99,-35,37,104,-1604233575,138,0,106,0,"[38,20,131,0,-17,19,-134,0,-2,19,-67,0,63,20,-43,0,122,20,-61,0,167,20,-102,0,-160,20,-167,0,-168,20,113,0,159,20,35,0,119,20,-37,20,98,20,-79,20,94,20,-93,20,119,20,-96,20,0,0,0,0,-116,20,-142,20,-49,20,149,20,0,0,49,20,13,0,-39,19,-4,20,-101,19,-34,20,-96,19,-60,20,-46,19,-76,20,15,20,-61,20,79,20,-27,20,131,20,31,0,157,20,90,0,161,20,113,0]"
CSI_DATA,122654,d8:b1:90:d9:de:f0,-35,9,-99,-33,36,104,-1604233404,158,0,106,0,"[-168,0,77,21,-158,0,-31,20,159,0,-81,20,94,0,-63,20,42,0,-20,20,20,0,50,21,29,0,110,21,87,0,170,21,164,0,-149,21,-126,0,-114,21,-78,0,-100,21,-71,0,-106,21,-104,0,-90,21,0,0,0,0,-171,0,15,0,-184,0,120,0,-159,0,-142,0,-103,0,-55,0,-45,0,-24,0,-14,0,-55,0,-27,0,-109,0,-69,0,-174,0,-130,0,159,0,181,0,151,0,114,0,181,0,68,0,-146,0,66,0]"
CSI_DATA,122655,d8:b1:90:d9:de:f0,-35,9,-99,-35,36,104,-1604189914,228,0,106,0,"[192,23,-53,0,194,23,55,1,-147,23,100,1,-84,23,80,1,-43,23,26,1,-24,23,-44,0,-43,23,-113,0,-92,23,-178,0,-164,23,152,0,144,23,101,0,93,23,67,0,80,23,58,0,110,23,38,0,0,0,0,0,187,23,-41,23,-157,23,-144,23,-153,23,123,23,-175,23,15,23,184,23,-46,21,150,23,-44,21,138,23,3,23,135,23,80,23,169,23,138,23,-167,23,174,23,-98,23,189,23,-27,23,174,23,12,0]"
CSI_DATA,122656,d8:b1:90:d9:de:f0,-35,9,-99,-32,36,104,-1604189693,248,0,106,0,"[81,0,-8,0,153,0,52,1,-134,0,46,1,-97,0,-12,0,-88,0,-74,0,-138,0,-131,0,177,0,-161,0,104,0,-163,0,11,0,-146,0,-66,21,-118,0,-110,21,-97,0,-125,21,-96,0,-115,21,-121,0,0,0,0,0,-142,21,134,0,170,21,46,0,70,21,-5,21,-29,19,-35,21,-86,19,-28,21,-107,19,4,0,-84,19,36,0,-15,19,67,0,55,21,73,0,111,21,53,0,146,21,8,0,172,21,-62,21,165,21]"
CSI_DATA,122657,d8:b1:90:d9:de:f0,-36,9,-99,-34,37,104,-1604188766,228,0,106,0,"[5,20,-68,20,-90,18,-37,20,-121,18,17,0,-80,18,69,0,-21,18,85,0,40,20,76,0,108,20,44,0,154,20,-26,20,-140,20,-112,20,-113,20,138,20,-96,20,85,20,-86,20,74,20,-73,20,100,20,0,0,0,0,18,0,166,20,120,0,-125,20,-98,0,-125,20,6,1,-144,20,61,1,160,20,60,1,132,20,14,1,128,20,-45,0,130,20,-101,0,164,20,-150,0,-126,20,-169,0,-53,20,-158,0,18,0,-144,0]"
CSI_DATA,122658,d8:b1:90:d9:de:f0,-36,9,-99,-37,38,104,-1604188527,248,0,106,0,"[27,0,-2,18,-24,19,-89,18,-91,19,-104,18,-138,19,-63,18,-149,19,9,19,-139,19,69,19,-102,19,121,19,-31,19,155,19,57,0,-154,19,141,0,-146,19,-142,0,-151,19,-125,0,-146,19,-146,0,-128,19,0,0,0,0,147,0,-20,19,154,0,77,0,-136,0,-149,0,-80,0,-75,0,-20,0,-49,0,14,1,-64,0,6,1,-112,0,-27,0,-160,0,-69,0,128,0,-125,0,106,0,132,0,117,0,82,0,149,0,58,0]"
CSI_DATA,122659,d8:b1:90:d9:de:f0,-38,11,-99,-35,39,104,-1604025147,277,0,106,0,"[-63,16,62,16,-115,16,-22,15,112,16,-42,15,85,16,-29,15,78,16,1,16,91,16,35,16,117,16,70,16,-113,16,94,16,-50,16,122,16,27,0,-128,16,88,0,-110,16,125,0,-94,16,130,0,-79,16,0,0,0,0,71,0,-10,16,27,0,53,0,-20,16,-129,0,-41,16,-31,0,-40,16,47,1,-25,16,85,1,5,0,78,1,29,0,53,1,43,0,9,1,39,0,-35,0,20,0,-86,0,-13,16,-133,0,-53,16]"
CSI_DATA,122660,d8:b1:90:d9:de:f0,-38,9,-99,-35,39,104,-1604024667,236,0,106,0,"[-38,16,54,16,-73,16,-37,15,-103,16,-71,15,-121,16,-67,15,-111,16,-38,15,-99,16,-8,15,-69,16,26,16,-26,16,70,16,26,0,126,16,80,0,-88,16,122,0,-26,16,-135,0,13,0,138,0,33,0,0,0,0,0,39,0,39,0,-41,16,32,0,125,16,33,0,25,16,44,0,-50,15,62,0,-81,15,74,0,-68,15,73,0,-41,15,76,0,-7,15,69,0,41,16,54,0,90,16,23,0,-139,16,-18,16,-92,16]"
CSI_DATA,122661,d8:b1:90:d9:de:f0,-38,9,-99,-36,40,104,-1604024527,256,0,106,0,"[-48,0,16,0,38,1,3,0,75,1,-22,15,73,1,-32,15,53,1,-33,15,16,1,-33,15,-14,0,-18,15,-61,0,12,0,-124,0,49,0,60,0,87,0,3,0,116,0,-34,15,124,0,-47,15,114,0,0,0,0,0,-36,15,34,0,-23,15,-42,15,-12,15,117,15,-13,15,20,15,-23,15,-50,14,-33,15,-81,14,-43,15,-72,14,-47,15,-44,14,-45,15,-6,14,-33,15,30,15,-9,15,79,15,23,0,-123,15,58,0]"
CSI_DATA,122662,d8:b1:90:d9:de:f0,-38,9,-99,-36,40,104,-1604024379,236,0,106,0,"[50,15,-39,15,-33,14,-47,15,-74,14,-31,15,-76,14,-21,15,-50,14,-16,15,-22,14,-20,15,18,15,-31,15,68,15,-52,15,-124,15,-80,15,-50,15,-111,15,15,0,125,15,51,0,126,15,67,0,-118,15,0,0,0,0,55,0,-41,15,36,0,42,0,29,0,-116,0,23,0,-24,0,26,0,44,1,32,0,73,1,39,0,64,1,45,0,45,1,44,0,7,1,28,0,-33,0,2,0,-82,0,-31,15,-128,0,-68,15]"
CSI_DATA,122663,d8:b1:90:d9:de:f0,-38,9,-99,-34,39,104,-1604024221,256,0,106,0,"[-105,0,-116,0,-28,0,-66,0,18,1,-55,0,34,1,-75,0,20,1,-91,0,-12,0,-108,0,-56,0,-121,0,-111,0,-124,0,81,0,-132,0,0,0,133,0,-72,15,121,0,-110,15,111,0,-126,15,86,0,0,0,0,0,-65,15,14,0,-20,15,-58,15,24,0,121,15,63,0,26,15,80,0,-47,14,81,0,-82,14,73,0,-78,14,56,0,-54,14,39,0,-20,14,36,0,27,15,48,0,83,15,70,0,-126,15,95,0]"
CSI_DATA,122664,d8:b1:90:d9:de:f0,-37,9,-99,-37,39,104,-1604024055,98,0,106,0,"[-55,0,10,0,46,1,-2,17,92,1,-35,17,90,1,-45,17,63,1,-58,17,26,1,-55,17,-10,0,-40,17,-57,0,-4,17,-123,0,49,0,101,0,106,0,38,0,-143,0,-1,17,-121,0,-16,17,-136,0,0,0,0,0,-39,17,80,0,-62,17,-19,17,-107,17,-121,17,139,17,72,17,90,17,6,17,60,17,-12,16,49,17,0,17,58,17,31,17,79,17,69,17,113,17,99,17,-131,17,130,17,-65,17,-143,17,-5,17]"
CSI_DATA,122665,d8:b1:90:d9:de:f0,-41,9,-99,-34,42,104,-1603815803,147,0,106,0,"[94,11,-83,0,71,11,-16,0,86,11,29,0,-72,11,44,0,-38,11,38,0,-19,11,20,0,-7,11,-5,0,-13,11,-38,0,-41,11,-77,0,-73,11,79,0,83,11,54,0,62,11,47,0,60,11,40,0,0,0,0,0,-78,11,23,0,-44,11,-11,11,-12,11,-65,11,4,0,58,11,1,0,0,10,-17,11,-30,10,-41,11,-32,10,-59,11,-18,10,-68,11,2,11,-72,11,20,11,-61,11,39,11,-35,11,51,11,-16,11]"
CSI_DATA,122666,d8:b1:90:d9:de:f0,-40,9,-99,-36,42,104,-1603815646,167,0,106,0,"[-63,0,63,0,14,0,62,0,59,0,33,0,66,0,-10,11,42,0,-42,11,18,0,-64,11,-14,0,-60,11,-46,0,-45,11,-72,0,-4,11,-88,0,45,0,-100,0,88,0,-100,0,-93,0,95,0,-97,0,0,0,0,0,69,0,65,0,13,0,46,0,-55,11,46,0,75,11,62,0,19,11,96,0,3,11,-73,0,15,11,-50,0,38,11,-34,0,65,11,-29,0,84,11,-45,0,96,11,-65,0,92,11,-92,0,89,11]"
CSI_DATA,122667,d8:b1:90:d9:de:f0,-40,9,-99,-34,41,104,-1603795048,130,0,106,0,"[-32,12,40,12,-63,12,-23,11,-105,12,-42,11,88,12,-26,11,74,12,-5,11,83,12,23,12,97,12,47,12,-81,12,60,12,-31,12,75,12,24,0,84,12,74,0,90,12,101,0,93,12,105,0,-105,12,0,0,0,0,80,0,-60,12,69,0,2,0,75,0,70,0,88,0,-74,0,-106,0,-19,0,-90,0,1,0,-86,0,-1,0,-82,0,-16,0,-85,0,-34,0,-100,0,-42,0,94,0,-47,0,64,0,-47,0,46,0]"
CSI_DATA,122668,d8:b1:90:d9:de:f0,-40,9,-99,-36,42,104,-1603794467,113,0,106,0,"[-84,0,95,11,-63,0,32,11,-77,0,-12,11,99,0,-33,11,64,0,-26,11,51,0,-7,11,40,0,15,11,43,0,38,11,65,0,78,11,96,0,-82,11,-77,0,-56,11,-65,0,-38,11,-61,0,-28,11,0,0,0,0,87,0,-11,11,57,0,27,0,38,0,88,0,27,0,-50,0,30,0,-6,0,46,0,25,0,72,0,29,0,91,0,8,0,89,0,-7,0,86,0,-28,0,74,0,-39,0,50,0,-43,0,38,0]"
CSI_DATA,122669,d8:b1:90:d9:de:f0,-46,11,-99,-33,47,104,-1603607349,277,0,106,0,"[-29,0,13,0,6,0,-1,6,20,0,-27,6,14,0,-36,6,-2,0,-40,6,-19,0,-32,6,-31,0,-18,6,-44,0,7,0,50,0,41,0,41,0,-33,0,36,0,-9,0,33,0,0,0,28,0,-4,0,0,0,0,0,24,0,-34,0,13,0,42,0,-3,6,9,0,-23,6,-26,6,-43,6,48,6,46,6,28,6,43,6,20,6,43,6,15,6,51,6,12,6,-45,6,2,6,-29,6,-9,5,-15,6,-22,5,-10,6]"
CSI_DATA,122670,d8:b1:90:d9:de:f0,-46,9,-99,-36,48,104,-1603606877,98,0,106,0,"[-34,0,-22,5,-8,0,48,5,-9,0,22,5,-22,0,14,5,-36,0,17,5,-48,0,29,5,-50,0,46,5,-46,0,-31,5,-35,0,-1,5,-24,0,25,0,-14,0,42,0,-9,0,-50,0,-13,0,49,0,0,0,0,0,-38,0,31,0,38,0,20,0,5,0,13,0,-32,5,9,0,35,5,11,0,11,5,11,0,1,5,15,0,-1,5,13,0,-1,5,7,0,-5,5,0,0,-11,5,-15,5,-18,5,-30,5,-26,5]"
CSI_DATA,122671,d8:b1:90:d9:de:f0,-45,9,-99,-35,46,104,-1603398004,101,0,106,0,"[34,0,-50,0,44,0,-52,0,46,0,51,0,35,0,20,0,18,0,-12,7,-8,7,-43,7,-38,7,51,7,44,7,22,7,9,7,4,7,-10,6,3,7,-13,6,7,7,3,7,18,7,39,7,26,7,0,0,0,0,-28,7,26,7,-1,7,15,7,13,0,12,7,20,0,13,7,19,0,31,7,8,0,60,7,-7,7,-29,7,-19,7,3,0,-35,7,37,0,-48,7,-46,0,-57,7,0,0,-54,7,39,0,-29,7]"
CSI_DATA,122672,d8:b1:90:d9:de:f0,-46,9,-99,-36,47,104,-1603397899,119,0,106,0,"[52,6,37,0,50,6,40,0,-48,6,37,0,-22,6,29,0,7,0,17,0,41,0,7,0,-35,0,-4,6,3,0,-13,6,37,0,-20,6,-56,0,-19,6,52,0,-9,6,32,0,9,0,1,0,32,0,0,0,0,0,-56,0,-43,0,33,0,-21,0,11,0,-9,0,-6,6,-13,0,-13,6,-29,0,-8,6,56,0,3,0,27,0,19,0,1,0,45,0,-24,6,-40,0,-49,6,-10,0,41,6,15,0,15,6,14,0]"
CSI_DATA,122673,d8:b1:90:d9:de:f0,-45,9,-99,-35,46,104,-1603397732,139,0,106,0,"[22,0,-46,0,26,0,-44,0,28,0,61,0,26,0,32,0,21,0,0,7,16,0,-40,7,11,0,42,7,4,0,-6,6,1,0,-42,6,6,0,-61,6,12,0,-55,6,30,0,-31,6,50,0,5,7,0,0,0,0,-40,0,-56,7,-20,0,-26,7,-10,0,-3,7,-12,0,14,0,-33,0,19,0,61,0,15,0,29,0,-1,7,3,0,-20,7,-23,7,-48,7,-53,7,48,7,43,7,14,7,16,7,-11,6,-1,6]"
CSI_DATA,122674,d8:b1:90:d9:de:f0,-46,9,-99,-36,47,104,-1603397616,119,0,106,0,"[46,6,-29,6,44,6,-27,6,53,6,-16,6,-36,6,1,0,-10,6,17,0,21,0,36,0,53,0,-56,0,-21,0,-36,0,4,0,-17,0,16,0,-7,0,11,0,-1,0,-13,0,-4,0,-49,0,-11,0,0,0,0,0,-1,6,-20,0,-31,6,-20,0,-54,6,-26,0,47,6,-37,0,53,6,-54,0,-41,6,41,0,-13,6,24,0,16,0,12,0,51,0,3,0,-24,0,-3,6,15,0,-10,6,45,0,-23,6,53,0]"
CSI_DATA,122675,d8:b1:90:d9:de:f0,-45,9,-99,-35,46,104,-1603397485,139,0,106,0,"[-47,7,57,7,-52,7,58,7,-49,7,-48,7,-36,7,-20,7,-19,7,11,0,2,0,44,0,26,0,-44,0,50,0,-6,0,-55,0,26,0,-44,0,45,0,-51,0,40,0,52,0,24,0,18,0,1,0,0,0,0,0,-42,7,-33,0,51,7,-44,0,30,7,-58,0,26,7,51,0,40,7,36,0,-58,7,26,0,-24,7,20,0,11,0,18,0,49,0,21,0,-34,0,25,0,10,0,31,0,48,0,27,0,59,0]"
CSI_DATA,122676,d8:b1:90:d9:de:f0,-46,9,-99,-36,47,104,-1603397341,133,0,106,0,"[46,6,-23,6,40,6,-19,6,53,6,-8,6,-37,6,7,0,-6,6,20,0,28,0,32,0,-48,0,42,0,-9,0,54,0,25,0,-48,0,42,0,-44,0,37,0,-44,0,15,0,-41,0,-20,0,-36,0,0,0,0,0,30,0,-28,0,3,0,-12,0,-15,6,-11,0,-26,6,-17,0,-28,6,-33,0,-18,6,55,0,0,0,28,0,21,0,2,0,45,0,-21,6,-40,0,-49,6,-11,0,37,6,10,0,10,6,3,0]"
CSI_DATA,122677,d8:b1:90:d9:de:f0,-47,9,-99,-38,48,104,-1603397206,113,0,106,0,"[-5,6,-39,0,-1,6,-37,0,8,0,-51,0,14,0,32,0,19,0,0,0,21,0,-32,6,23,0,36,6,21,0,-3,5,20,0,-36,5,15,0,-53,5,19,0,-48,5,26,0,-29,5,39,0,0,5,0,0,0,0,-41,0,51,6,-21,0,-35,6,-11,0,-20,6,-13,0,-8,6,-27,0,-1,6,-53,0,-5,6,24,0,-10,6,-5,6,-18,6,-35,6,-31,6,38,6,-45,6,0,6,49,6,-30,5,46,6,-44,5]"
CSI_DATA,122678,d8:b1:90:d9:de:f0,-46,9,-99,-35,47,104,-1603397070,133,0,106,0,"[-47,0,-39,6,-48,0,-45,6,45,0,-42,6,19,0,-32,6,-7,6,-13,6,-34,6,9,0,46,6,36,0,18,6,-40,0,-3,6,-16,0,-11,6,-3,0,-9,6,-3,0,0,6,-24,0,9,6,54,0,0,0,0,0,24,6,-6,6,23,6,-36,6,27,6,-53,6,32,6,47,6,47,6,52,6,-44,6,-39,6,-22,6,-13,6,-4,6,13,0,13,0,42,0,32,0,-36,0,-53,0,-2,0,-31,0,20,0,-9,0]"
CSI_DATA,122679,d8:b1:90:d9:de:f0,-46,9,-99,-37,47,104,-1603396962,113,0,106,0,"[-48,0,36,0,-45,0,34,0,-56,0,22,0,37,0,4,0,6,0,-9,6,-28,6,-21,6,51,6,-34,6,7,6,-43,6,-27,6,-51,6,-47,6,-55,6,-43,6,-57,6,-22,6,55,6,12,6,49,6,0,0,0,0,-48,6,33,6,-24,6,16,6,-4,6,6,6,10,0,11,6,15,0,29,6,10,0,58,6,0,0,-26,6,-9,6,5,0,-24,6,38,0,-40,6,-42,0,-54,6,-3,0,-57,6,33,0,-45,6]"
CSI_DATA,122680,d8:b1:90:d9:de:f0,-47,11,-99,-35,48,104,-1603309218,100,0,228,0,"[-1,-3,-2,-4,-2,-5,-3,-5,-2,-5,-2,-4,-1,-3,42,17,0,-2,0,-1,0,0,1,1,1,2,1,3,2,5,3,6,3,8,4,9,4,10,4,11,4,11,-13,-11,5,11,5,10,5,9,5,8,5,7,5,6,0,0,6,3,6,3,6,2,6,1,7,1,7,0,-16,0,6,0,6,0,5,0,3,0,2,0,1,0,0,1,0,1,-2,1,-3,2,-4,3,-6,3,-7,3,19,5,-10,4,-11,4,-12,4,-12,4,-12,3,-11,2,-10,1,2,-8,-3,-8,-8,-3,-8,3,-3,7,3,6,6,1,3,-6,0,-5,-4,-2,-4,2,-1,5,3,4,5,0,4,-3,0,-5,-3,-3,-5,0,-3,2,0,2,0,1,4,13,0,2,1,3,5,3,6,-1,5,-6,-1,-9,0,0,-10,1,-7,8,1,11,9,7,12,-1,6,-9,4,-11,-9,-5,-9,3,-3,8,4,6,7,0,4,-5,-1,-6,-5,-2,-5,2,-1,5,2,4,5,0,3,-2,-8,0,-1,-3,-2,-1,-1,0,-1,0,-2,0,-3,0,-3,3]"
CSI_DATA,122681,d8:b1:90:d9:de:f0,-44,9,-99,-33,45,104,-1603189069,130,0,106,0,"[-16,7,-57,7,-7,7,-64,7,1,0,-57,7,13,0,-40,7,33,0,-17,7,58,0,4,0,-39,0,26,0,1,0,44,0,36,0,60,0,56,0,-63,0,52,0,-66,0,28,0,-64,0,-4,0,-63,0,0,0,0,0,-56,0,-59,0,49,0,-49,0,31,0,-42,0,12,0,-52,0,0,0,57,0,-7,7,26,0,-12,7,-6,7,-19,7,-44,7,-27,7,51,7,-44,7,10,7,62,7,-26,7,36,7,-47,7,10,7]"
CSI_DATA,122682,d8:b1:90:d9:de:f0,-44,9,-99,-32,45,104,-1603188907,113,0,106,0,"[61,0,-14,7,-61,0,-4,7,58,0,2,0,42,0,14,0,23,0,32,0,-1,7,58,0,-20,7,-37,0,-33,7,4,0,-46,7,39,0,-51,7,55,0,-45,7,56,0,-52,7,35,0,-60,7,3,0,0,0,0,0,-61,7,-50,0,48,7,57,0,46,7,42,0,49,7,24,0,-60,7,5,0,-31,7,-5,7,4,0,-18,7,35,0,-31,7,-60,0,-44,7,-30,0,56,7,0,0,21,7,18,0,1,7,-2,0]"
CSI_DATA,122683,d8:b1:90:d9:de:f0,-43,9,-99,-33,44,104,-1603137743,108,0,106,0,"[-12,8,-57,8,1,0,-50,8,15,0,-34,8,34,0,-8,8,54,0,17,0,-68,0,41,0,-37,0,67,0,-6,0,-57,0,19,0,-38,0,28,0,-28,0,14,0,-25,0,-11,0,-23,0,-50,0,-26,0,0,0,0,0,56,0,-28,0,38,0,-24,0,28,0,-37,0,17,0,-68,0,6,0,39,0,0,0,-4,8,-5,8,-44,8,-10,8,66,8,-15,8,32,8,-23,8,-7,8,-31,8,-44,8,-49,8,-66,8,-70,8]"
CSI_DATA,122684,d8:b1:90:d9:de:f0,-47,9,-99,-40,49,104,-1602980187,130,0,106,0,"[26,0,19,0,27,0,22,0,20,0,18,0,7,0,12,0,-13,5,13,0,-37,5,16,0,39,5,29,0,16,5,48,0,2,5,-40,0,-3,5,-32,0,0,5,-39,0,9,5,46,0,13,5,33,0,0,0,0,0,-7,5,11,0,-1,5,9,0,3,5,8,0,22,5,15,0,-47,5,17,0,-10,5,16,0,24,0,9,0,-44,0,0,0,-17,0,-11,5,11,0,-23,5,36,0,-40,5,-50,0,44,5,47,0]"
CSI_DATA,122685,d8:b1:90:d9:de:f0,-47,9,-99,-39,49,104,-1602980034,128,0,106,0,"[14,0,29,0,15,0,33,0,10,0,28,0,0,5,16,0,-18,5,6,0,-40,5,3,0,33,5,6,0,6,5,11,0,-12,5,19,0,-22,5,23,0,-14,5,17,0,-3,5,11,0,3,5,0,0,0,0,0,0,-3,5,-27,5,0,5,-23,5,5,5,-26,5,22,5,-13,5,-47,5,0,5,-12,5,6,0,21,0,10,0,-47,0,10,0,-15,0,6,0,11,0,3,0,37,0,-6,5,-40,0,-28,5,-45,0]"
CSI_DATA,122686,d8:b1:90:d9:de:f0,-46,9,-99,-34,47,104,-1602979904,133,0,106,0,"[-2,6,37,0,-3,6,41,0,-4,6,32,0,-8,6,16,0,-21,6,-2,6,-39,6,-16,6,42,6,-26,6,12,6,-32,6,-9,5,-33,6,-18,5,-31,6,-13,5,-32,6,0,5,-37,6,13,6,-48,6,0,0,0,0,20,6,40,6,19,6,35,6,22,6,41,6,34,6,-46,6,-48,6,-23,6,-16,6,0,0,17,0,16,0,49,0,28,0,-29,0,34,0,4,0,38,0,37,0,36,0,-48,0,26,0,-44,0]"
CSI_DATA,122687,d8:b1:90:d9:de:f0,-47,9,-99,-35,48,104,-1602979787,133,0,106,0,"[-22,5,-24,5,-23,5,-28,5,-18,5,-21,5,-5,5,-15,5,13,0,-13,5,35,0,-18,5,-39,0,-29,5,-18,0,-47,5,-3,0,33,5,0,0,26,5,-7,0,27,5,-10,0,41,5,-10,0,-41,5,0,0,0,0,-1,0,-25,5,0,0,-27,5,-5,0,-30,5,-26,0,-31,5,41,0,-24,5,6,0,-12,5,-23,5,3,0,-47,5,23,0,29,5,43,0,11,5,-30,0,-3,5,-4,0,-4,5,20,0,10,5]"
CSI_DATA,122688,d8:b1:90:d9:de:f0,-46,9,-99,-37,48,104,-1602979652,113,0,106,0,"[-19,6,31,0,-21,6,32,0,-19,6,24,0,-16,6,10,0,-19,6,-9,6,-29,6,-31,6,-48,6,-51,6,33,6,39,6,12,6,29,6,-1,5,27,6,3,6,28,6,13,6,28,6,30,6,28,6,0,0,0,0,40,6,16,6,38,6,13,6,38,6,21,6,48,6,42,6,-39,6,-35,6,-12,6,-4,6,14,0,17,0,42,0,33,0,-33,0,45,0,-1,0,-51,0,29,0,-48,0,-46,0,48,0,-40,0]"
CSI_DATA,122689,d8:b1:90:d9:de:f0,-47,9,-99,-37,48,104,-1602979525,113,0,106,0,"[-24,6,-16,6,-25,6,-20,6,-16,6,-18,6,-2,6,-12,6,18,0,-7,6,42,0,-7,6,-34,0,-9,6,-6,0,-11,6,14,0,-12,6,22,0,-11,6,18,0,-2,6,9,0,13,0,-4,0,32,0,0,0,0,0,-21,0,-44,0,-21,0,-33,0,-28,0,-39,0,-40,0,49,0,43,0,26,0,19,0,-3,6,-2,6,-31,6,-20,6,50,6,-39,6,27,6,47,6,4,6,30,6,-22,5,15,6,-39,5,7,6]"
CSI_DATA,122690,d8:b1:90:d9:de:f0,-46,11,-99,-36,47,104,-1602771751,277,0,106,0,"[-46,6,-37,6,-37,6,-20,6,-19,6,0,0,6,0,18,0,29,0,33,0,-52,0,43,0,-24,0,47,0,5,0,54,0,28,0,55,0,37,0,52,0,24,0,54,0,5,0,-57,0,-16,0,-46,0,0,0,0,0,-34,0,-32,0,-33,0,-25,0,-35,0,-28,0,-42,0,-45,0,54,0,41,0,33,0,9,0,10,0,-19,6,-14,6,-39,6,-39,6,51,6,47,6,35,6,17,6,24,6,-16,6,24,6,-25,6]"
CSI_DATA,122691,d8:b1:90:d9:de:f0,-45,9,-99,-38,47,104,-1602771279,98,0,106,0,"[-37,7,52,0,-20,7,39,0,0,7,17,0,19,0,-3,7,39,0,-26,7,60,0,-49,7,-40,0,49,7,-19,0,26,7,-2,0,12,7,6,0,15,7,7,0,32,7,5,0,-60,7,3,0,-28,7,0,0,0,0,1,0,13,0,4,0,27,0,-2,0,32,0,-17,0,28,0,-48,0,17,0,37,0,-1,7,3,0,-21,7,-23,7,-38,7,-50,7,-57,7,41,7,45,7,14,7,28,7,-9,6,19,7,-17,6]"
CSI_DATA,122692,d8:b1:90:d9:de:f0,-45,9,-99,-32,46,104,-1602562406,130,0,106,0,"[43,6,-42,6,23,6,-41,6,16,6,-30,6,25,6,-20,6,40,6,-17,6,52,6,-26,6,54,6,-46,6,46,6,46,6,29,6,26,6,10,6,20,6,-1,6,25,6,-4,6,41,6,10,6,56,6,0,0,0,0,35,6,-38,6,52,6,-41,6,-49,6,-49,6,-34,6,-51,6,-19,6,-56,6,-4,6,-57,6,10,0,54,6,22,0,47,6,32,0,33,6,38,0,9,6,30,0,-20,6,6,0,-41,6,-31,6]"
CSI_DATA,122693,d8:b1:90:d9:de:f0,-40,11,-99,-37,42,104,-1602353952,277,0,106,0,"[82,12,-40,12,16,12,-67,12,-33,11,-58,12,-54,11,-42,12,-53,11,-15,12,-40,11,4,0,-15,11,21,0,24,12,6,0,76,12,-27,12,-84,12,-76,12,-43,12,82,12,-24,12,49,12,-26,12,40,12,0,0,0,0,-29,12,78,12,-7,12,-73,12,55,0,-15,12,-83,0,35,0,-3,0,58,0,47,0,46,0,60,0,27,0,47,0,0,12,33,0,-20,12,2,0,-28,12,-37,0,-21,12,-68,0,9,0,-93,0]"
CSI_DATA,122694,d8:b1:90:d9:de:f0,-40,9,-99,-36,42,104,-1602353489,119,0,106,0,"[-54,11,-87,0,-88,11,-29,0,-88,11,22,0,-66,11,46,0,-39,11,41,0,-13,11,34,0,1,0,8,0,-1,11,-23,0,-32,11,-65,0,-72,11,92,0,84,11,57,0,50,11,47,0,38,11,49,0,0,0,0,0,83,11,46,0,-74,11,15,0,-37,11,-46,11,-15,11,74,11,-25,11,3,11,-49,11,-39,11,-78,11,-42,11,-101,11,-31,11,84,11,3,11,85,11,36,11,-95,11,64,11,-58,11,74,11,-23,11]"
CSI_DATA,122695,d8:b1:90:d9:de:f0,-40,9,-99,-35,41,104,-1602353340,139,0,106,0,"[-2,12,78,12,6,0,12,12,-16,12,-30,12,-48,12,-43,12,-74,12,-33,12,-83,12,-16,12,-88,12,10,12,-78,12,33,12,-36,12,59,12,24,0,84,12,78,0,95,12,-106,0,97,12,-98,0,97,12,0,0,0,0,88,0,107,12,67,0,-53,12,74,0,19,0,95,0,100,0,-85,0,-63,0,-43,0,-38,0,-8,0,-47,0,6,0,-77,0,1,0,-109,0,-13,0,83,0,-42,0,74,0,-83,0,83,0,109,0]"
CSI_DATA,122696,d8:b1:90:d9:de:f0,-40,9,-99,-37,42,104,-1602353178,119,0,106,0,"[-82,0,26,0,-15,0,41,0,31,0,24,0,46,0,-8,12,43,0,-43,12,20,0,-62,12,-4,0,-71,12,-34,0,-63,12,-69,0,-23,12,-98,0,28,0,103,0,85,0,-96,0,-90,0,-89,0,-79,0,0,0,0,0,101,0,80,0,52,0,58,0,-20,12,54,0,-98,12,83,0,52,12,-78,0,33,12,-31,0,53,12,2,0,89,12,15,0,-81,12,9,0,-51,12,-8,0,-42,12,-41,0,-57,12,-80,0,-73,12]"
CSI_DATA,122697,d8:b1:90:d9:de:f0,-40,9,-99,-35,41,104,-1602353056,139,0,106,0,"[-19,12,85,12,-5,12,10,12,-7,12,-38,12,-27,12,-54,12,-42,12,-52,12,-32,12,-35,12,-28,12,-11,12,-5,12,18,12,31,0,71,12,88,0,-92,12,-77,0,-40,12,-42,0,-11,12,-38,0,0,12,0,0,0,0,-69,0,-7,12,77,0,17,0,6,0,67,0,-73,12,-98,0,96,12,-41,0,72,12,1,0,71,12,21,0,93,12,25,0,-107,12,10,0,-94,12,-16,0,-92,12,-59,0,-109,12,107,0,95,12]"
CSI_DATA,122698,d8:b1:90:d9:de:f0,-40,9,-99,-37,42,104,-1602352930,321,0,106,0,"[-28,12,-83,0,-58,12,-19,0,-62,12,26,0,-57,12,42,0,-40,12,41,0,-35,12,28,0,-31,12,5,0,-37,12,-30,0,-62,12,-85,0,-98,12,58,0,76,12,7,0,49,12,-26,12,41,12,-36,12,0,0,0,0,75,12,-30,12,-67,12,-33,12,10,0,-59,12,88,0,-97,12,-62,0,63,12,-37,0,27,12,-39,0,12,12,-59,0,8,12,-76,0,18,12,-95,0,33,12,-103,0,71,12,-98,0,-89,12,-93,0]"
CSI_DATA,122699,d8:b1:90:d9:de:f0,-40,9,-99,-35,41,104,-1602352726,321,0,106,0,"[-99,0,-71,12,-38,0,-103,12,-15,0,71,12,-30,0,29,12,-63,0,12,12,-90,0,1,12,97,0,10,12,79,0,39,12,82,0,78,12,-110,0,-84,12,-75,0,-44,12,-51,0,-34,12,-47,0,-32,12,0,0,0,0,-93,0,-51,12,89,0,-14,12,58,0,52,0,45,0,-87,0,72,0,-19,0,-106,0,12,0,-72,0,1,0,-37,0,-30,0,-26,0,-70,0,-34,0,-101,0,-53,0,92,0,-86,0,93,0,106,0]"
CSI_DATA,122700,d8:b1:90:d9:de:f0,-40,9,-99,-34,41,104,-1602352523,321,0,106,0,"[54,0,-91,0,78,0,-23,0,-106,0,10,0,-77,0,14,0,-64,0,0,0,-59,0,-20,0,-68,0,-42,0,-96,0,-63,0,67,0,-85,0,0,0,-96,0,-61,12,-102,0,-101,12,-99,0,99,12,-96,0,0,0,0,0,-83,12,89,0,-53,12,37,0,-44,12,-40,12,-49,12,87,12,-72,12,15,12,-103,12,-25,11,88,12,-21,11,71,12,-3,11,64,12,23,12,74,12,50,12,100,12,72,12,-73,12,82,12,-35,12]"
CSI_DATA,122701,d8:b1:90:d9:de:f0,-39,9,-99,-35,41,104,-1602352292,321,0,106,0,"[68,0,-103,0,98,0,-32,0,-80,0,3,0,-54,0,0,0,-33,0,-13,0,-33,0,-43,0,-43,0,-65,0,-71,0,-85,0,85,0,-93,0,12,0,-91,0,-53,12,-84,0,-91,12,-66,0,-96,12,-63,0,0,0,0,0,-60,12,-86,0,-47,12,64,0,-60,12,-15,12,-92,12,-104,12,77,12,55,12,32,12,28,12,0,12,39,12,-6,12,64,12,2,12,95,12,20,12,-96,12,55,12,-90,12,108,12,-96,12,-78,12]"
CSI_DATA,122702,d8:b1:90:d9:de:f0,-35,11,-99,-35,37,104,-1602307900,100,0,114,0,"[2,-32,5,-35,6,-38,8,-39,10,-39,9,-38,10,-37,9,-35,8,-34,8,-34,6,-32,5,-32,4,-34,2,-34,2,-35,1,-38,1,-38,1,-41,0,-41,-2,-42,-1,-43,-2,-45,-4,-43,-5,-43,-5,-41,-6,-41,-6,-39,-8,-39,0,0,-9,-39,-9,-39,-9,-41,-12,-41,-12,-42,-12,-42,-15,-42,-15,-41,-15,-39,-15,-38,-16,-35,-17,-35,-17,-34,-17,-32,-17,-31,-16,-28,-17,-27,-17,-27,-19,-28,-20,-30,-20,-30,-21,-31,-23,-31,-21,-32,-21,-32,-20,-32,-17,-32,-15,-28]"
CSI_DATA,122703,d8:b1:90:d9:de:f0,-37,9,-99,-35,38,104,-1602280888,130,0,106,0,"[-91,18,132,18,-139,18,29,18,129,18,-23,17,99,18,-23,17,83,18,-13,17,102,18,8,18,125,18,42,18,-132,18,72,18,-51,18,117,18,53,0,152,18,143,0,-125,18,-116,0,-103,18,-110,0,-88,18,0,0,0,0,146,0,-48,18,61,0,14,0,-20,18,105,0,-99,18,-114,0,155,18,-17,0,143,18,31,1,149,18,46,1,-144,18,33,1,-127,18,9,1,-116,18,-22,0,-116,18,-84,0,-139,18,152,0,-154,18]"
CSI_DATA,122704,d8:b1:90:d9:de:f0,-37,9,-99,-38,39,104,-1602243637,119,0,106,0,"[137,0,-146,17,-104,0,72,17,-79,0,9,17,-85,0,-13,16,-99,0,-14,16,-118,0,11,17,-128,0,41,17,-143,0,99,17,147,0,-118,17,129,0,-14,17,116,0,74,0,102,0,131,0,95,0,144,0,0,0,0,0,49,0,77,0,-15,17,-9,17,-102,17,-97,17,102,17,123,17,24,17,74,17,-22,16,58,17,-32,16,76,17,-13,16,104,17,21,17,131,17,66,17,-152,17,133,17,-135,17,-89,17,-137,17,-21,17]"
CSI_DATA,122705,d8:b1:90:d9:de:f0,-37,9,-99,-36,39,104,-1602243516,139,0,106,0,"[65,0,114,16,80,0,-3,15,67,0,-66,15,39,0,-96,15,19,0,-71,15,-1,16,-52,15,1,0,-12,15,14,0,53,16,44,0,135,16,88,0,-62,16,129,0,16,0,-122,0,65,0,-120,0,70,0,0,0,0,0,84,0,26,0,-4,16,-15,16,-129,16,-39,16,25,16,-41,16,-65,15,-23,16,-113,15,3,0,-98,15,22,0,-71,15,40,0,-32,15,51,0,29,16,43,0,99,16,10,0,-129,16,-41,16,-81,16]"
CSI_DATA,122706,d8:b1:90:d9:de:f0,-37,9,-99,-36,39,104,-1602243306,119,0,106,0,"[-49,16,107,16,-90,16,8,16,-138,16,-38,15,118,16,-40,15,104,16,-22,15,116,16,-1,15,132,16,33,16,-108,16,71,16,-41,16,120,16,51,0,-112,16,125,0,-71,16,-111,0,-50,16,-100,0,-40,16,0,0,0,0,94,0,-23,16,10,0,12,0,-97,16,74,0,93,16,-133,0,33,16,-60,0,16,16,-13,0,32,16,3,1,67,16,-4,0,99,16,-34,0,133,16,-77,0,-132,16,-141,0,-129,16,63,0,-132,16]"
CSI_DATA,122707,d8:b1:90:d9:de:f0,-37,9,-99,-35,38,104,-1602243175,139,0,106,0,"[61,0,124,18,80,0,12,18,67,0,-63,17,41,0,-88,17,19,0,-80,17,-3,18,-48,17,1,0,-6,17,18,0,48,18,56,0,136,18,110,0,-77,18,-149,0,4,0,-112,0,46,0,-114,0,56,0,0,0,0,0,113,0,23,0,4,0,9,0,-125,18,24,0,53,18,59,0,-39,17,105,0,-81,17,146,0,-66,17,-140,0,-30,17,-129,0,20,18,-140,0,68,18,141,0,118,18,81,0,-152,18,12,0,-135,18]"
CSI_DATA,122708,d8:b1:90:d9:de:f0,-37,9,-99,-33,38,104,-1602242932,133,0,106,0,"[-39,17,98,17,-91,17,0,17,-146,17,-49,16,108,17,-43,16,86,17,-20,16,90,17,9,17,103,17,46,17,144,17,84,17,-79,17,125,17,9,0,-130,17,90,0,-102,17,137,0,-94,17,-142,0,-86,17,0,0,0,0,69,0,-43,17,-6,17,15,0,-83,17,113,0,-140,17,-65,0,138,17,30,1,-145,17,86,1,-112,17,94,1,-79,17,70,1,-47,17,33,1,-30,17,-15,0,-35,17,-79,0,-75,17,-147,0,-103,17]"
CSI_DATA,122709,d8:b1:90:d9:de:f0,-37,9,-99,-36,39,104,-1602242680,113,0,106,0,"[141,16,-125,16,53,16,97,16,-10,15,76,16,-25,15,77,16,-22,15,81,16,5,16,108,16,43,16,117,16,106,16,133,16,-81,16,-131,16,15,0,-98,16,105,0,-76,16,-122,0,-62,16,-107,0,-50,16,0,0,0,0,86,0,-28,16,-12,16,-10,16,-130,16,28,0,40,16,75,0,-50,15,124,0,-84,15,-133,0,-76,15,-134,0,-44,15,-143,0,1,16,124,0,43,16,92,0,96,16,41,0,-131,16,-20,16,-88,16]"
CSI_DATA,122710,d8:b1:90:d9:de:f0,-38,9,-99,-34,39,104,-1602242499,133,0,106,0,"[92,0,-117,0,-110,0,-40,0,-60,0,-1,0,-38,0,4,1,-46,0,-10,0,-54,0,-28,0,-97,0,-50,0,129,0,-83,0,58,0,-124,0,-34,15,95,0,-108,15,51,0,111,15,26,0,101,15,12,0,0,0,0,0,-82,15,10,0,5,0,6,0,128,0,-7,15,-32,0,-42,15,54,1,-77,15,91,1,-99,15,80,1,-114,15,49,1,-114,15,14,1,-99,15,-29,0,-70,15,-86,0,-28,15,129,0,25,0,80,0]"
CSI_DATA,122711,d8:b1:90:d9:de:f0,-38,9,-99,-35,39,104,-1602242338,113,0,106,0,"[115,16,71,0,25,16,130,0,-20,15,-99,0,-18,15,-69,0,-5,15,-66,0,17,16,-89,0,46,16,-115,0,83,16,115,0,134,16,37,0,-81,16,-58,16,-40,16,-138,16,-14,16,95,16,-4,16,85,16,0,0,0,0,-10,16,-101,16,-7,16,-4,16,21,0,121,0,61,0,-41,0,103,0,40,1,133,0,81,1,-131,0,79,1,-133,0,45,1,131,0,-8,0,106,0,-56,0,50,0,-113,0,-22,16,118,0,-91,16]"
CSI_DATA,122712,d8:b1:90:d9:de:f0,-37,11,-99,-35,38,104,-1601936153,277,0,106,0,"[45,0,59,18,59,0,-42,17,35,0,-99,17,19,0,-97,17,1,0,-77,17,-13,18,-29,17,-3,18,14,18,22,0,78,18,67,0,-149,18,122,0,-46,18,-144,0,28,0,-119,0,70,0,-127,0,86,0,0,0,0,0,90,0,94,0,-8,18,106,0,-129,18,146,0,79,18,-119,0,14,18,-75,0,-8,17,-52,0,12,18,-50,0,52,18,-70,0,92,18,-106,0,124,18,-149,0,155,18,96,0,-134,18,19,0,-139,18]"
CSI_DATA,122713,d8:b1:90:d9:de:f0,-38,9,-99,-36,39,104,-1601935699,98,0,106,0,"[83,16,127,0,15,16,-96,0,3,16,-44,0,24,16,-15,0,57,16,-12,0,100,16,-33,0,126,16,-68,0,-136,16,-123,0,-122,16,75,0,-114,16,-17,16,-114,16,-93,16,-115,16,-134,16,-112,16,139,16,0,0,0,0,-31,16,-113,16,47,0,-87,16,-130,0,-86,16,-32,0,-103,16,30,1,-130,16,53,1,132,16,37,1,114,16,-4,0,112,16,-54,0,126,16,-99,0,-122,16,-134,0,-72,16,125,0,-7,16,118,0]"
CSI_DATA,122714,d8:b1:90:d9:de:f0,-37,9,-99,-37,39,104,-1601935549,756,0,106,0,"[12,0,49,17,4,0,-47,16,-33,17,-99,16,-75,17,-94,16,-103,17,-69,16,-100,17,-20,16,-92,17,30,17,-51,17,81,17,21,0,145,17,102,0,-93,17,-116,0,-53,17,-77,0,-39,17,-78,0,-31,17,0,0,0,0,143,0,11,0,70,0,79,0,18,0,-115,0,-17,17,-10,0,-19,17,68,1,-6,17,102,1,17,0,93,1,38,0,49,1,48,0,-6,0,36,0,-65,0,2,0,-125,0,-62,17,117,0,-116,17]"
CSI_DATA,122715,d8:b1:90:d9:de:f0,-36,9,-99,-38,38,104,-1601892261,98,0,106,0,"[-148,0,132,20,-110,0,21,20,-140,0,-66,18,137,0,-86,18,74,0,-72,18,25,0,-26,18,5,0,30,20,16,0,93,20,65,0,-160,20,140,0,-94,20,-134,0,-56,20,-92,0,-50,20,-98,0,-57,20,0,0,0,0,156,0,-5,20,105,0,65,0,85,0,-156,0,104,0,-42,0,150,0,34,1,-141,0,53,1,-101,0,8,1,-89,0,-56,0,-109,0,-120,0,-140,0,169,0,138,0,153,0,64,0,152,0,20,0]"
CSI_DATA,122716,d8:b1:90:d9:de:f0,-36,9,-99,-37,38,104,-1601860011,130,0,106,0,"[47,0,-47,0,88,0,58,1,139,0,98,1,-163,0,85,1,-145,0,44,1,-147,0,-14,0,154,0,-59,0,98,0,-107,0,3,0,-160,0,-90,19,124,0,155,19,93,0,114,19,86,0,116,19,75,0,0,0,0,0,-156,19,-10,19,-94,19,-94,19,-57,19,119,19,-40,19,5,19,-49,19,-75,18,-67,19,-108,18,-90,19,-81,18,-90,19,-38,18,-89,19,23,19,-64,19,75,19,-19,19,134,19,49,0,-155,19,104,0]"
CSI_DATA,122717,d8:b1:90:d9:de:f0,-36,9,-99,-34,37,104,-1601822792,133,0,106,0,"[-156,20,110,20,73,20,52,20,-18,18,73,20,-48,18,132,20,-41,18,-148,20,-4,18,-86,20,56,20,-62,20,124,20,-57,20,-121,20,-93,20,-44,20,-152,20,5,0,126,20,13,0,97,20,6,0,101,20,0,0,0,0,34,0,-145,20,102,0,-61,20,-121,0,-6,20,-5,0,2,0,78,1,-24,20,101,1,-70,20,72,1,-121,20,8,1,-164,20,-58,0,-156,20,-116,0,-136,20,-161,0,-81,20,160,0,-10,20,166,0]"
CSI_DATA,122718,d8:b1:90:d9:de:f0,-37,9,-99,-34,38,104,-1601822621,133,0,106,0,"[-68,0,-118,17,13,1,123,17,33,1,64,17,15,1,46,17,-24,0,52,17,-64,0,77,17,-102,0,121,17,-134,0,-112,17,140,0,-13,17,120,0,83,0,101,0,-140,0,89,0,-101,0,73,0,-105,0,0,0,0,0,-7,17,124,0,-90,17,71,0,103,17,22,0,2,17,-9,17,-77,16,-19,17,-104,16,-17,17,-86,16,-2,17,-46,16,10,0,5,17,10,0,61,17,-3,17,129,17,-39,17,-117,17,-90,17,-74,17]"
CSI_DATA,122719,d8:b1:90:d9:de:f0,-37,9,-99,-36,39,104,-1601822378,113,0,106,0,"[135,0,81,16,-123,0,-14,15,-135,0,-72,15,113,0,-78,15,79,0,-57,15,63,0,-14,15,57,0,38,16,62,0,109,16,96,0,-93,16,133,0,-4,16,-113,0,57,0,-97,0,88,0,-108,0,96,0,0,0,0,0,72,0,93,0,-11,16,108,0,-117,16,-141,0,83,16,-86,0,24,16,-33,0,13,16,-14,0,43,16,-15,0,85,16,-38,0,116,16,-70,0,142,16,-109,0,-126,16,108,0,-127,16,37,0,-140,16]"
CSI_DATA,122720,d8:b1:90:d9:de:f0,-37,9,-99,-34,38,104,-1601822180,113,0,106,0,"[8,0,42,17,-19,17,-53,16,-65,17,-97,16,-102,17,-84,16,-117,17,-49,16,-121,17,0,17,-95,17,51,17,-45,17,101,17,27,0,-146,17,108,0,-96,17,-127,0,-64,17,-96,0,-52,17,-96,0,-41,17,0,0,0,0,123,0,33,0,65,0,101,0,14,0,-104,0,-13,17,2,1,-13,17,78,1,0,0,99,1,17,0,83,1,38,0,41,1,38,0,-11,0,22,0,-65,0,-9,17,-120,0,-61,17,136,0,-111,17]"
CSI_DATA,122721,d8:b1:90:d9:de:f0,-36,9,-99,-37,38,104,-1601811784,756,0,106,0,"[62,0,-57,0,99,0,41,1,145,0,75,1,-151,0,62,1,-145,0,20,1,-156,0,-23,0,137,0,-72,0,75,0,-116,0,-11,19,-164,0,-110,19,124,0,142,19,89,0,108,19,72,0,114,19,55,0,0,0,0,0,-143,19,-22,19,-79,19,-99,19,-28,19,112,19,10,0,7,19,22,0,-66,18,11,0,-101,18,0,0,-84,18,-15,19,-45,18,-24,19,10,19,-3,19,68,19,32,0,132,19,82,0,-145,19,134,0]"
CSI_DATA,122722,d8:b1:90:d9:de:f0,-36,9,-99,-35,37,104,-1601772050,98,0,106,0,"[111,20,-164,0,42,20,-69,0,32,20,1,1,85,20,23,1,131,20,23,1,-164,20,-23,0,-138,20,-71,0,-126,20,-156,0,-141,20,82,0,-174,20,-30,20,138,20,-104,20,116,20,-137,20,126,20,-129,20,0,0,0,0,-104,20,-113,20,6,0,-122,20,130,0,-172,20,-119,0,102,20,-61,0,23,20,-65,0,-21,19,-97,0,-20,19,-153,0,12,20,149,0,57,20,129,0,108,20,129,0,-167,20,149,0,-86,20,-171,0]"
CSI_DATA,122723,d8:b1:90:d9:de:f0,-36,9,-99,-34,37,104,-1601746703,108,0,106,0,"[153,20,133,20,66,20,65,20,-1,18,57,20,-17,18,88,20,-21,18,121,20,25,20,164,20,73,20,-148,20,150,20,-142,20,-74,20,-144,20,41,0,-161,20,126,0,156,20,164,0,142,20,164,0,150,20,0,0,0,0,109,0,-81,20,94,0,34,0,105,0,168,0,141,0,-46,0,-150,0,26,1,-118,0,48,1,-94,0,26,1,-112,0,-26,0,-141,0,-85,0,161,0,-138,0,89,0,-168,0,5,0,152,0,-58,20]"
CSI_DATA,122724,d8:b1:90:d9:de:f0,-36,11,-99,-37,38,104,-1601309454,277,0,106,0,"[-34,19,45,19,-69,19,-58,18,-117,19,-93,18,164,19,-75,18,158,19,-29,18,-165,19,20,19,-134,19,76,19,-75,19,126,19,15,0,-146,19,116,0,-111,19,-132,0,-88,19,-102,0,-77,19,-106,0,-66,19,0,0,0,0,163,0,12,0,115,0,94,0,88,0,-112,0,79,0,-9,0,95,0,59,1,104,0,86,1,121,0,55,1,128,0,2,1,112,0,-47,0,82,0,-89,0,28,0,-139,0,-41,19,163,0,-91,19]"
CSI_DATA,122725,d8:b1:90:d9:de:f0,-37,9,-99,-35,38,104,-1601309001,101,0,106,0,"[88,18,-138,0,44,18,-33,0,68,18,46,1,128,18,70,1,-123,18,55,1,-68,18,18,1,-39,18,-50,0,-40,18,-130,0,-79,18,94,0,-132,18,3,0,130,18,-47,18,97,18,-59,18,96,18,-57,18,0,0,0,0,-105,18,-72,18,-24,18,-123,18,46,0,95,18,81,0,-6,17,70,0,-78,17,41,0,-107,17,4,0,-89,17,-33,18,-42,17,-47,18,22,18,-37,18,88,18,-1,18,146,18,53,0,-133,18,99,0]"
CSI_DATA,122726,d8:b1:90:d9:de:f0,-36,9,-99,-35,37,104,-1601308715,252,0,106,0,"[119,20,-142,0,76,20,-27,0,100,20,57,1,170,20,86,1,-109,20,59,1,-65,20,10,1,-45,20,-50,0,-53,20,-130,0,-94,20,123,0,-172,20,41,0,122,20,-4,20,87,20,-20,20,98,20,-15,20,0,0,0,0,-168,20,-57,20,-94,20,-119,20,-57,20,107,20,-46,20,1,20,-69,20,-72,19,-111,20,-98,19,-145,20,-54,19,-163,20,6,20,-155,20,72,20,-129,20,123,20,-69,20,161,20,-1,20,-175,20,48,0]"
CSI_DATA,122727,d8:b1:90:d9:de:f0,-36,9,-99,-37,38,104,-1601308549,130,0,106,0,"[-86,19,-53,0,-62,19,59,1,1,0,108,1,67,0,90,1,121,0,50,1,125,0,-11,0,121,0,-75,0,77,0,-130,0,-7,19,151,0,-103,19,124,0,152,19,126,0,121,19,132,0,133,19,129,0,0,0,0,0,-152,19,67,0,-145,19,-37,19,145,19,-137,19,76,19,111,19,15,19,76,19,-23,18,89,19,-33,18,143,19,-3,18,-133,19,46,19,-90,19,93,19,-64,19,154,19,-72,19,-117,19,-115,19,-98,19]"
CSI_DATA,122728,d8:b1:90:d9:de:f0,-37,9,-99,-34,38,104,-1601308387,113,0,106,0,"[118,17,-103,0,67,17,-16,0,70,17,40,1,92,17,51,1,129,17,19,1,-142,17,-15,0,-125,17,-74,0,-116,17,148,0,-118,17,54,0,-136,17,-52,17,-148,17,-131,17,148,17,130,17,-137,17,130,17,0,0,0,0,-36,17,-143,17,57,0,-127,17,-128,0,-130,17,-24,0,-139,17,45,1,142,17,59,1,134,17,23,1,135,17,-19,0,146,17,-55,0,-125,17,-93,0,-87,17,-135,0,-29,17,147,0,35,0,130,0]"
CSI_DATA,122729,d8:b1:90:d9:de:f0,-37,9,-99,-36,39,104,-1601308233,756,0,106,0,"[98,16,-113,0,46,16,-31,0,51,16,25,1,84,16,40,1,124,16,30,1,-129,16,-10,0,-107,16,-63,0,-97,16,-138,0,-105,16,46,0,-123,16,-51,16,138,16,-123,16,127,16,131,16,133,16,129,16,0,0,0,0,-53,16,-127,16,37,0,-111,16,-135,0,-125,16,-41,0,130,16,17,1,97,16,33,1,77,16,7,1,65,16,-37,0,86,16,-83,0,117,16,-121,0,-127,16,138,0,-63,16,130,0,8,0,136,0]"
CSI_DATA,122730,d8:b1:90:d9:de:f0,-40,11,-99,-34,41,104,-1601307827,100,0,228,0,"[0,-8,0,-12,0,-15,1,-20,3,-22,5,-24,6,-24,91,37,10,-23,10,-21,10,-20,10,-18,10,-16,9,-15,8,-13,7,-11,5,-10,2,-8,0,-7,-3,-6,-6,-5,-28,-25,-11,-5,-12,-5,-13,-5,-13,-5,-13,-5,-12,-4,0,0,-10,-2,-8,0,-7,1,-6,4,-5,8,-5,11,-56,12,-5,18,-5,21,-6,22,-8,23,-9,22,-10,22,-10,21,-10,19,-10,18,-10,15,-9,15,-8,13,-7,11,-75,12,-3,9,0,8,1,9,4,8,4,8,5,8,5,8,9,0,8,-7,1,-13,-8,-10,-13,-2,-10,6,-1,10,14,-17,7,0,2,-6,-5,-5,-8,2,-4,10,6,12,16,5,17,-10,6,-22,-11,-23,-26,-9,-26,11,-12,26,0,22,24,13,24,-6,11,-19,-3,-18,-13,-8,-11,4,0,0,5,5,6,-2,0,-8,-8,-6,-11,2,-6,11,0,30,13,7,14,-3,6,-11,-3,-10,-7,-4,-5,3,0,5,4,0,2,-5,-4,-7,-10,-2,-11,7,-3,16,5,27,21,6,22,-9,11,-22,-5,-24,-20,-14,-21,0,-13,12]"
CSI_DATA,122731,d8:b1:90:d9:de:f0,-35,9,-99,-35,36,104,-1601229581,119,0,106,0,"[86,0,35,23,61,0,-97,21,12,0,-153,21,-41,23,-137,21,-66,23,-69,21,-70,23,3,23,-41,23,72,23,7,0,149,23,83,0,-147,23,172,0,-69,23,-161,0,-7,23,-127,0,21,0,-147,0,41,0,0,0,0,0,121,0,112,0,21,0,177,0,-69,23,-112,0,-140,23,-9,0,-174,23,70,1,-163,23,95,1,-137,23,66,1,-103,23,10,1,-80,23,-58,0,-78,23,-127,0,-103,23,177,0,-146,23,93,0,-190,23]"
CSI_DATA,122732,d8:b1:90:d9:de:f0,-35,9,-99,-36,37,104,-1601229213,139,0,106,0,"[-158,21,-66,0,-165,21,59,1,-122,21,120,1,-66,21,122,1,-24,21,72,1,2,0,14,1,-1,21,-56,0,-36,21,-134,0,-90,21,144,0,-162,21,56,0,141,21,-4,21,114,21,-22,21,131,21,-33,21,0,0,0,0,-118,21,-100,21,-42,21,-161,21,38,0,93,21,84,0,-14,19,90,0,-93,19,76,0,-113,19,40,0,-79,19,8,0,-29,19,0,0,31,21,9,0,103,21,40,0,170,21,101,0,-129,21,149,0]"
CSI_DATA,122733,d8:b1:90:d9:de:f0,-36,9,-99,-35,37,104,-1601228771,119,0,106,0,"[-46,0,-115,20,42,1,161,20,69,1,108,20,43,1,90,20,-16,0,107,20,-64,0,146,20,-112,0,-148,20,-167,0,-71,20,130,0,38,0,71,0,138,0,34,0,-138,0,10,0,-111,0,-12,20,-122,0,0,0,0,0,-82,20,100,0,-148,20,1,0,118,20,-101,20,32,20,163,20,-24,19,116,20,-48,19,102,20,-24,19,127,20,27,20,163,20,87,20,-159,20,161,20,-138,20,-98,20,-126,20,0,0,-139,20,68,0]"
CSI_DATA,122734,d8:b1:90:d9:de:f0,-35,9,-99,-36,37,104,-1601228434,139,0,106,0,"[28,21,70,0,-63,19,166,0,-63,19,-100,0,-2,19,-45,0,73,21,-29,0,142,21,-57,0,-172,21,-107,0,-145,21,-180,0,-146,21,81,0,-175,21,-16,21,156,21,-84,21,137,21,-103,21,153,21,-97,21,0,0,0,0,-103,21,-118,21,-21,21,-165,21,53,0,90,21,93,0,-15,19,77,0,-88,19,40,0,-120,19,-16,21,-88,19,-59,21,-28,19,-76,21,45,21,-66,21,110,21,-25,21,166,21,46,0,-158,21,96,0]"
CSI_DATA,122735,d8:b1:90:d9:de:f0,-38,11,-99,-35,39,104,-1600891656,277,0,106,0,"[63,16,69,0,-7,15,121,0,-22,15,-100,0,-3,15,-69,0,27,16,-47,0,71,16,-56,0,103,16,-78,0,127,16,-114,0,-136,16,90,0,-129,16,8,0,-134,16,-59,16,138,16,-94,16,-138,16,-105,16,0,0,0,0,-68,16,-90,16,4,0,-93,16,98,0,-126,16,-100,0,100,16,-53,0,40,16,-45,0,-2,15,-76,0,-23,15,-128,0,-10,15,119,0,19,16,97,0,55,16,99,0,107,16,115,0,-115,16,-136,0]"
CSI_DATA,122736,d8:b1:90:d9:de:f0,-38,9,-99,-33,39,104,-1600891157,224,0,106,0,"[77,0,56,15,87,0,-30,14,73,0,-77,14,45,0,-81,14,18,0,-64,14,16,0,-25,14,12,0,14,15,28,0,69,15,58,0,-119,15,95,0,-42,15,130,0,19,0,-108,0,59,0,-115,0,72,0,0,0,0,0,66,0,71,0,-15,15,73,0,-116,15,99,0,55,15,-125,0,-14,14,-78,0,-26,14,-49,0,-11,14,-49,0,27,15,-59,0,64,15,-83,0,94,15,-116,0,118,15,87,0,125,15,13,0,122,15]"
CSI_DATA,122737,d8:b1:90:d9:de:f0,-39,9,-99,-34,40,104,-1600891012,113,0,106,0,"[-111,14,76,14,69,14,19,14,24,14,5,14,8,14,27,14,10,14,52,14,27,14,82,14,59,14,108,14,107,14,-120,14,-63,14,-105,14,8,0,-97,14,76,0,-88,14,112,0,-86,14,118,0,-82,14,0,0,0,0,90,0,-26,14,52,0,46,0,33,0,-108,0,23,0,-20,0,33,0,52,0,53,0,80,0,63,0,66,0,66,0,39,0,67,0,2,0,51,0,-43,0,10,0,-84,0,-38,14,-118,0,-81,14]"
CSI_DATA,122738,d8:b1:90:d9:de:f0,-38,9,-99,-37,40,104,-1600682275,98,0,106,0,"[87,0,-65,0,-110,0,-7,0,-48,0,-4,0,-14,0,-45,0,-2,0,-92,0,-28,0,-122,0,-50,0,112,0,-94,0,103,0,106,0,116,0,48,0,-114,0,6,0,-83,0,-10,15,-64,0,-9,15,-71,0,0,0,0,0,-20,15,-123,0,-76,15,81,0,104,15,53,0,24,15,43,0,-36,14,65,0,-54,14,95,0,-34,14,126,0,9,15,-121,0,46,15,-130,0,75,15,118,0,85,15,79,0,77,15,37,0,71,15]"
CSI_DATA,122739,d8:b1:90:d9:de:f0,-37,9,-99,-37,39,104,-1600651772,130,0,106,0,"[41,0,60,17,19,0,-27,16,-31,17,-64,16,-76,17,-55,16,-120,17,-25,16,-125,17,17,17,-127,17,50,17,-106,17,79,17,-47,17,102,17,17,0,108,17,78,0,101,17,102,0,103,17,100,0,110,17,0,0,0,0,91,0,145,17,121,0,-72,17,-106,0,-19,17,-31,0,21,0,33,1,25,0,65,1,0,0,63,1,-42,17,25,1,-69,17,-12,0,-83,17,-39,0,-79,17,-64,0,-62,17,-72,0,-21,17,-77,0]"
CSI_DATA,122740,d8:b1:90:d9:de:f0,-38,11,-99,-36,39,104,-1600473857,277,0,106,0,"[89,16,88,0,24,16,-139,0,11,16,-72,0,40,16,-29,0,84,16,-15,0,134,16,-26,0,-124,16,-54,0,-114,16,-98,0,-129,16,120,0,125,16,59,0,83,16,14,0,70,16,4,0,76,16,6,0,0,0,0,0,-122,16,-12,16,-62,16,-58,16,-16,16,141,16,3,0,44,16,-17,16,-22,15,-58,16,-54,15,-87,16,-46,15,-111,16,-3,15,-116,16,35,16,-96,16,60,16,-74,16,76,16,-43,16,85,16,-30,16]"
CSI_DATA,122741,d8:b1:90:d9:de:f0,-38,9,-99,-34,39,104,-1600473403,756,0,106,0,"[129,0,105,15,-95,0,22,15,-98,0,-37,14,-130,0,-51,14,104,0,-43,14,85,0,-12,14,75,0,29,15,84,0,83,15,109,0,-114,15,-118,0,-39,15,-83,0,15,0,-62,0,39,0,-73,0,42,0,0,0,0,0,106,0,42,0,21,0,70,0,-70,15,118,0,122,15,-84,0,81,15,-22,0,80,15,10,1,97,15,11,1,123,15,-7,0,-131,15,-40,0,-122,15,-72,0,-135,15,-114,0,113,15,115,0,108,15]"
CSI_DATA,122742,d8:b1:90:d9:de:f0,-34,11,-99,-37,36,104,-1600308805,100,0,114,0,"[4,40,3,45,1,47,-1,48,-3,48,-4,48,-6,47,-8,45,-6,44,-8,42,-6,40,-6,40,-4,42,-4,42,-4,44,-3,45,-3,45,-1,47,-1,48,-1,48,-3,52,-1,53,-3,52,-1,52,-1,50,0,50,0,48,-1,48,0,0,1,47,0,48,0,50,1,50,0,52,0,52,0,52,0,52,1,50,1,48,3,48,3,48,4,44,4,42,4,42,4,40,4,39,4,39,4,40,3,45,4,45,4,48,4,48,3,52,1,50,0,50,-3,48,-4,42]"
CSI_DATA,122743,d8:b1:90:d9:de:f0,-36,11,-99,-35,37,104,-1600264957,277,0,106,0,"[85,0,-101,0,163,0,-12,0,-96,0,-2,0,-45,0,-42,0,-28,0,-111,0,-38,0,171,0,-76,0,141,0,-135,0,134,0,141,0,167,0,76,0,-131,0,41,0,-85,0,32,0,-68,0,41,0,-97,0,0,0,0,0,6,0,153,0,-69,20,93,0,160,20,72,0,48,20,86,0,-20,19,129,0,-39,19,-166,0,-9,19,-138,0,43,20,-116,0,91,20,-118,0,122,20,-142,0,134,20,174,0,134,20,146,0,133,20]"
CSI_DATA,122744,d8:b1:90:d9:de:f0,-36,9,-99,-36,38,104,-1600264503,108,0,106,0,"[-54,18,81,18,-85,18,-13,17,-139,18,-56,17,148,18,-39,17,129,18,-1,17,146,18,42,18,-153,18,76,18,-91,18,101,18,-3,18,119,18,83,0,129,18,149,0,132,18,-146,0,130,18,-153,0,149,18,0,0,0,0,125,0,-74,18,113,0,28,0,123,0,142,0,151,0,-79,0,-133,0,-11,0,-101,0,15,1,-98,0,-1,0,-108,0,-31,0,-132,0,-67,0,-153,0,-86,0,123,0,-90,0,75,0,-89,0,47,0]"
CSI_DATA,122745,d8:b1:90:d9:de:f0,-37,11,-99,-37,39,104,-1599847158,277,0,106,0,"[-142,0,124,17,-97,0,31,17,-107,0,-36,16,142,0,-58,16,91,0,-45,16,69,0,-15,16,51,0,32,17,65,0,94,17,102,0,-129,17,-142,0,-61,17,-99,0,-19,17,-73,0,-2,17,-85,0,3,0,0,0,0,0,108,0,43,0,40,0,92,0,-23,17,-112,0,-58,17,-18,0,-68,17,53,1,-49,17,84,1,-24,17,69,1,-2,17,36,1,6,0,-11,0,2,0,-47,0,-30,17,-84,0,-72,17,-112,0,-97,17]"
CSI_DATA,122746,d8:b1:90:d9:de:f0,-37,9,-99,-35,38,104,-1599846668,98,0,106,0,"[68,0,-80,0,136,0,11,1,-95,0,34,1,-44,0,-9,0,-24,0,-64,0,-35,0,-122,0,-68,0,148,0,-132,0,132,0,99,0,146,0,24,0,-135,0,-31,18,-96,0,-44,18,-70,0,-39,18,-92,0,0,0,0,0,-51,18,123,0,-100,18,37,0,125,18,-29,18,22,18,-64,18,-67,17,-62,18,-91,17,-28,18,-69,17,6,0,-34,17,35,0,14,18,50,0,51,18,45,0,88,18,13,0,103,18,-29,18,117,18]"
CSI_DATA,122747,d8:b1:90:d9:de:f0,-37,9,-99,-33,38,104,-1599846573,130,0,106,0,"[70,17,13,0,-26,16,61,0,-58,16,132,0,-34,16,-107,0,10,17,-83,0,76,17,-70,0,115,17,-99,0,142,17,-146,0,-146,17,68,0,133,17,-5,17,106,17,-58,17,90,17,-75,17,98,17,-66,17,0,0,0,0,-99,17,-68,17,-20,17,-98,17,55,0,124,17,95,0,34,17,99,0,-51,16,70,0,-78,16,26,0,-65,16,-2,17,-28,16,-27,17,15,17,-23,17,47,17,3,0,81,17,35,0,103,17,58,0]"
CSI_DATA,122748,d8:b1:90:d9:de:f0,-37,9,-99,-36,38,104,-1599846420,120,0,106,0,"[110,18,-98,18,-3,17,-105,18,-74,17,-56,18,-84,17,10,0,-46,17,67,0,1,18,108,0,56,18,105,0,105,18,66,0,140,18,1,0,156,18,-83,18,156,18,-149,18,149,18,158,18,156,18,-143,18,0,0,0,0,-81,18,-100,18,11,0,-103,18,118,0,-151,18,-128,0,93,18,-101,0,15,18,-125,0,-32,17,154,0,-35,17,99,0,-17,17,62,0,18,18,55,0,60,18,73,0,104,18,96,0,133,18,114,0]"
CSI_DATA,122749,d8:b1:90:d9:de:f0,-37,9,-99,-33,38,104,-1599846262,120,0,106,0,"[-70,0,-4,17,26,1,-16,17,72,1,-57,17,71,1,-86,17,43,1,-97,17,1,1,-100,17,-36,0,-79,17,-84,0,-33,17,-133,0,35,0,114,0,117,0,83,0,-115,0,61,0,-86,0,45,0,-95,0,0,0,0,0,-17,17,114,0,-81,17,50,0,112,17,-9,17,18,17,-55,17,-48,16,-64,17,-77,16,-64,17,-64,16,-51,17,-33,16,-33,17,9,17,-28,17,50,17,-49,17,99,17,-77,17,139,17,-113,17,-127,17]"
CSI_DATA,122750,d8:b1:90:d9:de:f0,-37,9,-99,-33,38,104,-1599637760,98,0,106,0,"[77,17,72,0,-2,16,145,0,-13,16,-70,0,39,17,-24,0,94,17,-5,0,143,17,-33,0,-120,17,-62,0,-108,17,-113,0,-128,17,113,0,130,17,46,0,88,17,9,0,58,17,1,0,73,17,0,0,0,0,0,0,142,17,-18,17,-95,17,-70,17,-62,17,138,17,-58,17,41,17,-84,17,-33,16,-117,17,-51,16,145,17,-25,16,131,17,13,17,135,17,63,17,135,17,95,17,-129,17,110,17,-77,17,110,17,-55,17]"
CSI_DATA,122751,d8:b1:90:d9:de:f0,-38,9,-99,-34,39,104,-1599637601,321,0,106,0,"[-56,0,-29,15,23,1,-84,15,46,1,114,15,1,1,56,15,-44,0,33,15,-93,0,43,15,-130,0,72,15,117,0,114,15,126,0,-91,15,-118,0,-31,15,-82,0,5,0,-60,0,18,0,-68,0,15,0,0,0,0,0,-134,0,26,0,82,0,72,0,54,0,-119,0,48,0,-39,0,72,0,32,1,103,0,48,1,-128,0,26,1,-106,0,-12,0,-105,0,-59,0,-114,0,-91,0,127,0,-110,0,88,0,-105,0,66,0]"
CSI_DATA,122752,d8:b1:90:d9:de:f0,-37,9,-99,-37,39,104,-1599637415,341,0,106,0,"[-80,0,76,0,18,1,68,0,65,1,12,0,65,1,-46,17,33,1,-91,17,-15,0,-125,17,-61,0,-122,17,-97,0,-91,17,-117,0,-32,17,-116,0,28,0,-108,0,86,0,-105,0,100,0,-113,0,90,0,0,0,0,0,131,0,84,0,62,0,109,0,8,0,-116,0,-28,17,-39,0,-17,17,31,1,18,0,56,1,51,0,48,1,81,0,15,1,102,0,-17,0,98,0,-50,0,77,0,-78,0,61,0,-90,0,39,0]"
CSI_DATA,122753,d8:b1:90:d9:de:f0,-38,9,-99,-35,39,104,-1599637194,441,0,106,0,"[11,0,54,16,-4,16,-32,15,-46,16,-71,15,-82,16,-63,15,-109,16,-38,15,-109,16,3,16,-98,16,45,16,-52,16,79,16,5,0,117,16,80,0,-128,16,-135,0,-111,16,-106,0,-99,16,-104,0,-81,16,0,0,0,0,118,0,-20,16,93,0,52,0,77,0,-136,0,81,0,-42,0,97,0,25,1,118,0,43,1,129,0,37,1,135,0,6,1,127,0,-26,0,109,0,-50,0,74,0,-71,0,31,0,-88,0,-3,16]"
CSI_DATA,122754,d8:b1:90:d9:de:f0,-37,9,-99,-33,38,104,-1599636932,421,0,106,0,"[-110,0,-130,17,-51,0,97,17,-46,0,41,17,-73,0,3,17,-113,0,10,17,-135,0,35,17,145,0,70,17,142,0,115,17,-143,0,-110,17,-115,0,-32,17,-93,0,25,0,-87,0,57,0,-98,0,68,0,0,0,0,0,127,0,78,0,58,0,109,0,-11,17,-112,0,-70,17,-43,0,-97,17,2,1,-108,17,43,1,-86,17,51,1,-53,17,31,1,-46,17,-1,0,-46,17,-34,0,-57,17,-68,0,-93,17,-102,0,-116,17]"
CSI_DATA,122755,d8:b1:90:d9:de:f0,-37,11,-99,-36,39,104,-1599429359,277,0,106,0,"[-49,16,57,16,-115,16,-21,15,90,16,-35,15,49,16,11,16,28,16,62,16,51,16,109,16,75,16,-142,16,125,16,-126,16,-84,16,-134,16,-12,16,125,16,32,0,87,16,48,0,65,16,40,0,74,16,0,0,0,0,35,0,-139,16,85,0,-60,16,-121,0,-8,16,-25,0,14,0,44,1,4,0,76,1,-26,16,59,1,-68,16,17,1,-95,16,-25,0,-99,16,-65,0,-100,16,-88,0,-65,16,-103,0,-15,16,-102,0]"
CSI_DATA,122756,d8:b1:90:d9:de:f0,-37,9,-99,-34,38,104,-1599428897,98,0,106,0,"[51,17,40,0,-29,16,101,0,-45,16,-118,0,-3,16,-68,0,51,17,-41,0,112,17,-47,0,-152,17,-73,0,-137,17,-114,0,-149,17,118,0,122,17,54,0,92,17,16,0,70,17,3,0,83,17,8,0,0,0,0,0,144,17,-11,17,-110,17,-72,17,-92,17,142,17,-105,17,54,17,-143,17,-4,16,111,17,-21,16,74,17,14,17,65,17,60,17,74,17,106,17,87,17,141,17,122,17,150,17,-141,17,147,17,-125,17]"
CSI_DATA,122757,d8:b1:90:d9:de:f0,-36,9,-99,-33,37,104,-1599400334,98,0,106,0,"[-42,0,24,0,67,1,-22,19,98,1,-104,19,64,1,163,19,9,1,121,19,-53,0,114,19,-106,0,132,19,-136,0,-152,19,-143,0,-73,19,-129,0,14,0,-107,0,59,0,-86,0,82,0,-102,0,71,0,0,0,0,0,146,0,80,0,80,0,121,0,20,0,-117,0,0,0,-25,0,20,0,53,1,59,0,77,1,95,0,54,1,123,0,6,1,133,0,-38,0,129,0,-75,0,94,0,-99,0,58,0,-107,0,34,0]"
CSI_DATA,122758,d8:b1:90:d9:de:f0,-40,11,-99,-33,41,104,-1599308872,100,0,228,0,"[8,-4,10,-7,14,-8,17,-9,21,-9,22,-8,24,-6,89,36,23,-3,23,-1,22,0,21,0,19,0,18,1,16,1,14,0,12,0,11,-1,9,-4,7,-6,6,-8,-27,-24,4,-11,4,-13,4,-13,3,-13,3,-12,2,-11,0,0,0,-8,0,-8,-2,-6,-5,-6,-8,-5,-10,-5,86,12,-16,-6,-19,-6,-20,-8,-21,-8,-21,-8,-20,-9,-19,-10,-18,-10,-17,-9,-15,-9,-14,-8,-13,-8,-12,-8,70,12,-12,-5,-11,-4,-12,-2,-12,-1,-12,0,-11,0,-10,0,4,7,10,3,10,-4,4,-12,-4,-12,-10,-4,-9,4,22,2,4,5,6,-1,1,-7,-5,-6,-11,0,-8,10,1,16,14,12,22,-1,17,-17,0,-26,-18,-20,-28,-3,-17,7,-4,26,13,20,21,4,16,-10,3,-16,-8,-10,0,0,-5,8,3,8,10,2,8,-8,0,-13,-10,-8,-27,-3,-8,10,2,13,9,7,10,-2,4,-7,-2,-5,-4,0,-1,4,4,4,7,-2,4,-8,-4,-12,-13,-6,-30,-1,-10,17,4,22,18,14,24,0,17,-15,3,-21,-9,-16]"
CSI_DATA,122759,d8:b1:90:d9:de:f0,-37,11,-99,-36,39,104,-1599011561,277,0,106,0,"[80,0,48,16,77,0,-52,15,35,0,-100,15,-19,16,-89,15,-51,16,-60,15,-49,16,-14,15,-47,16,39,16,-8,16,95,16,52,0,-133,16,127,0,-84,16,-104,0,-61,16,-77,0,-49,16,-86,0,-40,16,0,0,0,0,123,0,23,0,70,0,84,0,34,0,-104,0,25,0,-10,0,31,0,53,1,37,0,68,1,57,0,47,1,62,0,7,1,51,0,-33,0,38,0,-66,0,-3,16,-94,0,-53,16,-109,0,-80,16]"
CSI_DATA,122760,d8:b1:90:d9:de:f0,-37,9,-99,-37,39,104,-1599011062,98,0,106,0,"[-127,17,-65,0,-122,17,47,1,-58,17,103,1,0,0,102,1,51,0,65,1,80,0,3,1,79,0,-50,0,35,0,-110,0,-30,17,131,0,-112,17,100,0,123,17,91,0,99,17,94,0,114,17,92,0,0,0,0,0,-109,17,21,0,-86,17,-58,17,-91,17,129,17,-125,17,36,17,120,17,-10,16,79,17,-11,16,68,17,25,17,75,17,76,17,103,17,112,17,132,17,135,17,-113,17,136,17,-70,17,129,17,-48,17]"
CSI_DATA,122761,d8:b1:90:d9:de:f0,-37,9,-99,-34,38,104,-1599010930,130,0,106,0,"[-98,17,-60,0,-93,17,47,1,-38,17,99,1,16,0,99,1,59,0,65,1,86,0,5,1,80,0,-51,0,36,0,-97,0,-34,17,-141,0,-115,17,137,0,124,17,124,0,103,17,128,0,116,17,121,0,0,0,0,0,-139,17,47,0,-122,17,-35,17,-146,17,-137,17,116,17,82,17,65,17,40,17,32,17,40,17,27,17,77,17,42,17,117,17,70,17,147,17,106,17,-141,17,-149,17,-148,17,-112,17,137,17,-98,17]"
CSI_DATA,122762,d8:b1:90:d9:de:f0,-38,9,-99,-36,39,104,-1599010786,113,0,106,0,"[39,0,-44,0,104,0,31,1,-106,0,46,1,-63,0,6,1,-50,0,-43,0,-60,0,-104,0,-94,0,-140,0,141,0,126,0,61,0,132,0,-8,16,-127,0,-58,16,-97,0,-75,16,-87,0,-61,16,-96,0,0,0,0,0,-65,16,117,0,-104,16,37,0,98,16,-11,16,16,16,-42,16,-43,15,-32,16,-62,15,-10,16,-41,15,28,0,-3,15,44,0,38,16,50,0,71,16,38,0,95,16,4,0,105,16,-30,16,112,16]"
CSI_DATA,122763,d8:b1:90:d9:de:f0,-36,9,-99,-33,37,104,-1598968004,756,0,106,0,"[22,0,45,19,7,0,-60,18,-29,19,-111,18,-68,19,-93,18,-80,19,-60,18,-86,19,-3,18,-64,19,47,19,-9,19,98,19,67,0,159,19,152,0,-119,19,-116,0,-80,19,-80,0,-59,19,-101,0,-41,19,0,0,0,0,160,0,38,0,89,0,114,0,38,0,-117,0,3,0,-18,0,-3,19,58,1,-5,19,75,1,-3,19,50,1,-9,19,3,1,-12,19,-28,0,-36,19,-68,0,-76,19,-102,0,-120,19,-139,0,-145,19]"
CSI_DATA,122764,d8:b1:90:d9:de:f0,-37,9,-99,-35,38,104,-1598964754,108,0,106,0,"[42,0,42,18,25,0,-62,17,-24,18,-111,17,-77,18,-102,17,-112,18,-51,17,-101,18,-4,17,-85,18,53,18,-30,18,107,18,51,0,-154,18,141,0,-118,18,-108,0,-96,18,-80,0,-89,18,-90,0,-75,18,0,0,0,0,139,0,-2,18,96,0,80,0,70,0,-123,0,63,0,-25,0,70,0,48,1,91,0,66,1,95,0,47,1,96,0,3,1,83,0,-37,0,58,0,-74,0,4,0,-103,0,-52,18,-118,0,-81,18]"
CSI_DATA,122765,d8:b1:90:d9:de:f0,-38,9,-99,-34,39,104,-1598802189,98,0,106,0,"[59,0,58,15,38,0,-32,14,-16,15,-82,14,-73,15,-70,14,-117,15,-36,14,-128,15,12,15,-120,15,60,15,-82,15,100,15,-18,15,127,15,60,0,134,15,119,0,122,15,-132,0,110,15,123,0,113,15,0,0,0,0,90,0,-88,15,94,0,-5,15,-132,0,76,0,-64,0,-129,0,3,1,-108,0,39,1,-122,0,40,1,110,0,23,1,67,0,-11,0,43,0,-41,0,36,0,-74,0,46,0,-105,0,75,0,-117,0]"
CSI_DATA,122766,d8:b1:90:d9:de:f0,-38,11,-99,-34,39,104,-1598593762,277,0,106,0,"[-30,15,63,15,-78,15,-19,14,122,15,-42,14,81,15,-20,14,59,15,21,15,58,15,77,15,81,15,113,15,130,15,-133,15,-66,15,-126,15,7,0,128,15,64,0,103,15,84,0,86,15,79,0,88,15,0,0,0,0,62,0,-106,15,85,0,-34,15,-122,0,34,0,-45,0,85,0,18,1,98,0,55,1,82,0,54,1,49,0,26,1,18,0,-3,0,0,0,-38,0,0,0,-66,0,19,0,-96,0,47,0,-104,0]"
CSI_DATA,122767,d8:b1:90:d9:de:f0,-38,9,-99,-36,39,104,-1598593281,113,0,106,0,"[-90,16,81,16,136,16,1,16,85,16,-21,15,56,16,-3,15,56,16,35,16,74,16,67,16,112,16,100,16,-111,16,130,16,-34,16,-142,16,61,0,-136,16,132,0,-139,16,-117,0,-142,16,-114,0,-123,16,0,0,0,0,114,0,-42,16,94,0,32,0,81,0,139,0,88,0,-47,0,104,0,26,1,115,0,48,1,120,0,31,1,123,0,-3,0,106,0,-31,0,79,0,-59,0,33,0,-83,0,-20,16,-95,0,-58,16]"
CSI_DATA,122768,d8:b1:90:d9:de:f0,-37,9,-99,-37,39,104,-1598384417,98,0,106,0,"[73,0,38,17,73,0,-64,16,36,0,-110,16,1,0,-103,16,-39,17,-69,16,-39,17,-17,16,-27,17,40,17,13,0,99,17,79,0,-129,17,-133,0,-72,17,-83,0,-38,17,-63,0,-30,17,-81,0,-17,17,0,0,0,0,124,0,40,0,57,0,110,0,3,0,-86,0,-25,17,0,1,-28,17,61,1,-17,17,77,1,-9,17,51,1,-1,17,9,1,-8,17,-38,0,-34,17,-76,0,-75,17,-113,0,-122,17,-135,0,-145,17]"
CSI_DATA,122769,d8:b1:90:d9:de:f0,-37,9,-99,-37,39,104,-1598384267,98,0,106,0,"[128,0,-63,0,-80,0,-6,0,-8,0,-15,0,18,1,-61,0,15,1,-112,0,-23,0,129,0,-76,0,100,0,142,0,95,0,55,0,115,0,-28,17,145,0,-83,17,-114,0,-94,17,-102,0,-90,17,-117,0,0,0,0,0,-77,17,63,0,-99,17,-26,17,136,17,-120,17,62,17,109,17,6,17,83,17,-17,16,99,17,-3,16,128,17,27,17,-130,17,75,17,-109,17,122,17,-108,17,-123,17,-128,17,-86,17,136,17,-70,17]"
CSI_DATA,122770,d8:b1:90:d9:de:f0,-35,11,-99,-35,37,104,-1598309142,100,0,114,0,"[34,15,35,19,37,23,37,24,34,27,34,27,32,26,30,26,28,24,30,23,28,24,28,23,28,21,30,21,31,20,31,21,32,21,32,24,34,23,37,21,37,21,37,21,38,20,38,21,37,20,34,19,35,19,35,17,0,0,37,17,35,19,35,17,37,17,35,19,35,17,38,16,38,16,38,17,38,15,35,12,34,12,32,10,32,9,31,10,31,9,31,9,30,9,31,8,34,9,35,9,37,10,38,10,37,12,37,13,35,15,32,16,28,15]"
CSI_DATA,122771,d8:b1:90:d9:de:f0,-37,9,-99,-37,39,104,-1598175518,130,0,106,0,"[47,17,-91,17,-41,16,-105,17,-88,16,-80,17,-73,16,-46,17,-48,16,-13,17,-1,16,-1,17,45,17,-9,17,99,17,-45,17,-135,17,-102,17,-81,17,130,17,-43,17,81,17,-25,17,61,17,-13,17,77,17,0,0,0,0,48,0,146,17,112,0,-92,17,-93,0,-48,17,-11,0,-26,17,54,1,-27,17,68,1,-34,17,46,1,-46,17,6,1,-47,17,-39,0,-38,17,-68,0,-15,17,-92,0,28,0,-107,0,76,0,-115,0]"
CSI_DATA,122772,d8:b1:90:d9:de:f0,-38,9,-99,-35,39,104,-1597757710,98,0,106,0,"[-109,16,51,16,83,16,2,16,9,16,18,16,-16,15,75,16,-17,15,131,16,13,16,-99,16,55,16,-75,16,109,16,-71,16,-100,16,-102,16,-38,16,135,16,-10,16,97,16,-2,16,81,16,-3,16,88,16,0,0,0,0,35,0,-116,16,87,0,-68,16,-105,0,-37,16,-16,0,-39,16,41,1,-66,16,59,1,-101,16,35,1,-136,16,-9,0,128,16,-59,0,134,16,-90,0,-121,16,-107,0,-85,16,-105,0,-44,16,-97,0]"
CSI_DATA,122773,d8:b1:90:d9:de:f0,-37,11,-99,-34,38,104,-1597549264,277,0,106,0,"[45,17,-17,17,-51,16,10,0,-89,16,79,0,-67,16,129,0,-19,16,-143,0,41,17,-135,0,89,17,147,0,124,17,91,0,139,17,5,0,141,17,-79,17,133,17,-139,17,123,17,147,17,136,17,-140,17,0,0,0,0,-73,17,-114,17,7,0,-125,17,108,0,130,17,-130,0,66,17,-102,0,1,17,-112,0,-33,16,-148,0,-30,16,116,0,-3,16,89,0,34,17,87,0,80,17,104,0,128,17,134,0,-147,17,-148,0]"
CSI_DATA,122774,d8:b1:90:d9:de:f0,-37,9,-99,-36,39,104,-1597548783,108,0,106,0,"[40,16,66,0,-39,15,113,0,-61,15,-126,0,-33,15,-102,0,4,16,-100,0,41,16,-120,0,83,16,135,0,116,16,76,0,-142,16,-5,16,-123,16,-88,16,-108,16,138,16,-94,16,111,16,-74,16,117,16,0,0,0,0,1,0,-117,16,89,0,-71,16,-97,0,-52,16,-6,0,-41,16,58,1,-43,16,72,1,-51,16,47,1,-53,16,13,1,-51,16,-24,0,-40,16,-56,0,-16,16,-93,0,28,0,-113,0,72,0,-134,0]"
CSI_DATA,122775,d8:b1:90:d9:de:f0,-36,9,-99,-34,37,104,-1597512261,130,0,106,0,"[-88,20,73,20,-134,20,-21,18,149,20,-53,18,124,20,-24,18,113,20,6,20,132,20,60,20,161,20,92,20,-114,20,120,20,-20,20,145,20,78,0,160,20,149,0,-170,20,-150,0,-165,20,-154,0,-138,20,0,0,0,0,146,0,-37,20,126,0,62,0,120,0,-161,0,137,0,-53,0,165,0,20,1,-162,0,42,1,-156,0,16,1,161,0,-21,0,134,0,-54,0,113,0,-82,0,52,0,-98,0,0,0,-110,0,-32,20]"
CSI_DATA,122776,d8:b1:90:d9:de:f0,-36,9,-99,-37,38,104,-1597480039,101,0,106,0,"[119,0,99,19,149,0,-3,18,114,0,-69,18,64,0,-86,18,24,0,-71,18,-9,19,-27,18,-15,19,28,19,14,0,77,19,76,0,145,19,152,0,-132,19,-119,0,-88,19,-98,0,-69,19,-112,0,-62,19,0,0,0,0,151,0,-10,19,90,0,71,0,60,0,-146,0,53,0,-42,0,67,0,33,1,91,0,62,1,111,0,53,1,119,0,12,1,114,0,-23,0,88,0,-59,0,46,0,-84,0,10,0,-86,0,-16,19]"
CSI_DATA,122777,d8:b1:90:d9:de:f0,-36,9,-99,-36,38,104,-1597436117,224,0,106,0,"[78,0,81,18,99,0,-3,17,74,0,-62,17,40,0,-65,17,6,0,-42,17,-6,18,-1,17,-2,18,41,18,33,0,84,18,101,0,135,18,-149,0,-144,18,-94,0,-113,18,-70,0,-96,18,-81,0,-74,18,0,0,0,0,-147,0,-16,18,140,0,65,0,130,0,-158,0,125,0,-66,0,139,0,-3,0,147,0,23,1,151,0,11,1,146,0,-13,0,129,0,-45,0,108,0,-62,0,73,0,-70,0,32,0,-75,0,11,0]"
CSI_DATA,122778,d8:b1:90:d9:de:f0,-36,9,-99,-33,37,104,-1597407636,98,0,106,0,"[163,0,-112,0,-88,0,-62,0,-18,0,-75,0,18,1,-129,0,9,1,141,0,-5,0,91,0,-45,0,73,0,-88,0,79,0,-137,0,121,0,-164,0,-149,0,154,0,-110,0,156,0,-95,0,142,0,-124,0,0,0,0,0,80,0,-150,0,12,0,-152,0,-64,19,-94,0,-111,19,-41,0,-121,19,22,1,-102,19,45,1,-64,19,29,1,-40,19,6,1,-15,19,-16,0,-10,19,-32,0,-19,19,-47,0,-23,19,-51,0,-14,19]"
CSI_DATA,122779,d8:b1:90:d9:de:f0,-39,11,-99,-36,41,104,-1597308809,100,0,228,0,"[-12,1,-15,1,-18,1,-21,1,-24,0,-24,0,-25,-3,97,40,-24,-5,-22,-7,-20,-7,-19,-7,-17,-7,-16,-5,-15,-4,-14,-2,-13,0,-12,0,-11,3,-11,5,-11,8,-30,-26,-10,11,-10,11,-10,12,-9,12,-9,11,-8,11,0,0,-5,9,-3,10,0,9,1,11,3,12,6,13,74,0,10,16,11,17,13,19,12,20,12,20,11,19,10,19,9,18,8,16,8,16,8,16,8,15,8,13,99,0,9,11,10,11,10,10,10,9,10,8,10,9,9,8,-3,-10,-11,-7,-14,2,-9,12,1,15,10,8,12,-1,-19,-14,-3,-9,-9,-1,-7,7,1,11,11,6,14,-5,6,-16,-8,-18,-20,-9,-24,8,-12,24,8,27,24,14,15,3,13,-21,-4,-23,-17,-11,-17,5,-7,15,6,13,0,0,9,-8,0,-13,-11,-8,-15,4,-7,14,6,16,24,21,15,-6,5,-14,-6,-13,-11,-3,-8,6,0,8,7,3,6,-4,0,-8,-8,-5,-10,4,-5,13,7,16,26,21,20,-6,11,-21,-5,-24,-19,-14,-24,1,-16,15,0,19]"
CSI_DATA,122780,d8:b1:90:d9:de:f0,-37,9,-99,-35,38,104,-1597131003,98,0,106,0,"[-119,18,92,18,124,18,8,18,61,18,-6,17,29,18,17,18,34,18,69,18,46,18,108,18,86,18,135,18,144,18,155,18,-81,18,148,18,4,0,128,18,72,0,111,18,100,0,99,18,95,0,114,18,0,0,0,0,85,0,-96,18,103,0,-6,18,151,0,107,0,-89,0,-124,0,-13,0,-83,0,25,1,-83,0,28,1,-127,0,3,1,146,0,-31,0,118,0,-83,0,106,0,-144,0,116,0,125,0,150,0,97,0]"
CSI_DATA,122781,d8:b1:90:d9:de:f0,-36,9,-99,-34,37,104,-1597088922,140,0,106,0,"[114,0,73,20,128,0,-38,18,92,0,-97,18,52,0,-93,18,22,0,-62,18,9,0,-5,18,21,0,49,20,58,0,112,20,114,0,-148,20,-157,0,-78,20,-100,0,-26,20,-73,0,-1,20,-92,0,5,0,0,0,0,0,148,0,56,0,57,0,110,0,-14,20,-130,0,-74,20,-26,0,-97,20,58,1,-88,20,89,1,-57,20,73,1,-28,20,33,1,-20,20,-22,0,-25,20,-73,0,-64,20,-129,0,-117,20,161,0,-156,20]"
CSI_DATA,122782,d8:b1:90:d9:de:f0,-36,9,-99,-35,38,104,-1597088679,160,0,106,0,"[-22,18,37,18,-57,18,-59,17,-114,18,-91,17,-156,18,-66,17,141,18,-19,17,152,18,28,18,-132,18,73,18,-77,18,108,18,8,0,132,18,95,0,148,18,-152,0,-155,18,-121,0,-152,18,-132,0,-128,18,0,0,0,0,135,0,-50,18,116,0,46,0,129,0,154,0,151,0,-53,0,-121,0,11,1,-90,0,25,1,-77,0,-3,0,-88,0,-44,0,-106,0,-91,0,-145,0,-123,0,108,0,-138,0,50,0,-129,0,12,0]"
CSI_DATA,122783,d8:b1:90:d9:de:f0,-37,9,-99,-34,38,104,-1597088467,182,0,106,0,"[48,17,92,0,-21,16,-131,0,-32,16,-55,0,14,17,-14,0,80,17,-11,0,129,17,-38,0,-133,17,-86,0,-124,17,-150,0,-135,17,71,0,142,17,-9,17,111,17,-68,17,101,17,-85,17,109,17,-82,17,0,0,0,0,-90,17,-72,17,2,0,-101,17,91,0,135,17,-144,0,48,17,-133,0,-33,16,148,0,-74,16,108,0,-70,16,67,0,-38,16,32,0,7,17,30,0,67,17,43,0,127,17,92,0,-140,17,124,0]"
CSI_DATA,122784,d8:b1:90:d9:de:f0,-37,9,-99,-33,38,104,-1596922112,98,0,106,0,"[19,17,-71,17,-81,16,-32,17,-121,16,42,0,-94,16,92,0,-42,16,124,0,13,17,121,0,57,17,106,0,101,17,65,0,142,17,-9,17,-125,17,-83,17,-114,17,-142,17,-109,17,127,17,-99,17,135,17,0,0,0,0,-17,17,-100,17,63,0,-72,17,-124,0,-64,17,-23,0,-93,17,43,1,-140,17,62,1,116,17,24,1,85,17,-32,0,86,17,-81,0,106,17,-114,0,133,17,-132,0,-107,17,-129,0,-47,17,-115,0]"
CSI_DATA,122785,d8:b1:90:d9:de:f0,-37,9,-99,-35,38,104,-1596921980,756,0,106,0,"[37,18,-47,18,-62,17,-14,18,-102,17,42,0,-79,17,94,0,-34,17,118,0,19,18,118,0,58,18,99,0,99,18,59,0,133,18,-13,18,-152,18,-90,18,-141,18,-148,18,-135,18,139,18,-116,18,145,18,0,0,0,0,-37,18,-130,18,44,0,-108,18,149,0,-116,18,-66,0,-151,18,-1,0,112,18,11,1,80,18,-29,0,61,18,-74,0,67,18,-114,0,86,18,-140,0,124,18,-155,0,-139,18,-140,0,-78,18,-122,0]"
CSI_DATA,122786,d8:b1:90:d9:de:f0,-36,11,-99,-34,37,104,-1596504767,277,0,106,0,"[-29,20,-141,0,-36,20,-20,0,8,0,57,1,62,0,77,1,109,0,62,1,138,0,33,1,152,0,-17,0,128,0,-58,0,62,0,-105,0,-25,20,-146,0,-120,20,166,0,160,20,168,0,145,20,169,0,0,0,0,0,-140,20,142,0,-90,20,58,0,-61,20,-69,20,-74,20,129,20,-128,20,12,20,146,20,-42,18,94,20,-33,18,54,20,8,20,41,20,65,20,62,20,120,20,118,20,158,20,-140,20,169,20,-68,20]"
CSI_DATA,122787,d8:b1:90:d9:de:f0,-37,9,-99,-35,38,104,-1596504322,130,0,106,0,"[129,18,-39,18,23,18,-62,18,-42,17,-56,18,-70,17,-34,18,-68,17,-11,18,-50,17,-12,18,-26,17,-8,18,25,18,-30,18,102,18,-69,18,-122,18,-119,18,-41,18,136,18,11,0,96,18,39,0,83,18,0,0,0,0,39,0,146,18,48,0,-80,18,80,0,40,0,130,0,-149,0,-119,0,-52,0,-59,0,-3,0,-34,0,-1,0,-26,0,-28,0,-36,0,-62,0,-68,0,-95,0,-129,0,-125,0,97,0,-132,0,20,0]"
CSI_DATA,122788,d8:b1:90:d9:de:f0,-36,9,-99,-34,37,104,-1596504160,113,0,106,0,"[60,0,154,20,93,0,41,20,89,0,-37,18,69,0,-77,18,48,0,-72,18,22,0,-49,18,32,0,-21,18,44,0,29,20,81,0,109,20,141,0,-130,20,-137,0,-37,20,-101,0,12,0,-84,0,42,0,0,0,0,0,-158,0,32,0,94,0,44,0,-34,20,88,0,-166,20,156,0,81,20,-109,0,29,20,-45,0,36,20,-2,0,72,20,4,1,109,20,-10,0,137,20,-53,0,161,20,-117,0,165,20,134,0,142,20]"
CSI_DATA,122789,d8:b1:90:d9:de:f0,-35,9,-99,-36,37,104,-1596459910,98,0,106,0,"[-79,21,-142,21,-117,21,103,21,-175,21,35,21,129,21,5,21,96,21,15,21,83,21,35,21,86,21,62,21,115,21,79,21,-166,21,101,21,-66,21,115,21,39,0,128,21,101,0,129,21,132,0,138,21,0,0,0,0,94,0,-169,21,64,0,-70,21,62,0,60,0,74,0,-152,0,118,0,-35,0,177,0,33,1,-142,0,40,1,-118,0,12,1,-105,0,-25,0,-120,0,-67,0,-172,0,-104,0,120,0,-128,0,52,0]"
CSI_DATA,122790,d8:b1:90:d9:de:f0,-33,11,-99,-35,35,104,-1596308809,100,0,114,0,"[-36,-15,-39,-20,-41,-24,-41,-25,-41,-27,-39,-27,-36,-27,-36,-29,-36,-27,-34,-27,-34,-24,-34,-24,-34,-24,-36,-24,-38,-24,-39,-24,-41,-25,-43,-27,-44,-27,-46,-27,-46,-27,-48,-27,-48,-27,-46,-25,-46,-25,-44,-25,-44,-24,-46,-24,0,0,-46,-24,-46,-24,-46,-24,-48,-24,-50,-25,-50,-25,-50,-24,-50,-24,-50,-24,-50,-22,-48,-20,-46,-20,-43,-17,-41,-17,-41,-17,-41,-15,-41,-13,-39,-15,-43,-15,-44,-15,-44,-15,-46,-17,-50,-17,-48,-19,-46,-20,-43,-22,-41,-24,-36,-24]"
CSI_DATA,122791,d8:b1:90:d9:de:f0,-36,11,-99,-35,37,104,-1596295868,277,0,106,0,"[-166,20,161,0,129,20,-131,0,123,20,-64,0,150,20,-24,0,-153,20,-2,0,-108,20,-6,0,-72,20,-6,0,-68,20,-27,0,-78,20,-71,0,-130,20,-107,0,167,20,-138,0,139,20,-144,0,137,20,-137,0,0,0,0,0,-174,20,-138,0,-152,20,152,0,161,20,72,0,104,20,2,0,24,20,-28,20,-45,19,-13,20,-67,19,32,0,-43,19,102,0,-8,19,148,0,37,20,-175,0,83,20,-175,0,122,20,135,0,126,20]"
CSI_DATA,122792,d8:b1:90:d9:de:f0,-36,9,-99,-32,37,104,-1596295414,252,0,106,0,"[-135,0,-112,18,-59,0,-128,18,-18,0,-161,18,-16,0,135,18,-37,0,117,18,-49,0,113,18,-62,0,127,18,-73,0,148,18,-74,0,-123,18,-67,0,-51,18,-66,0,22,0,-56,0,67,0,-52,0,85,0,0,0,0,0,-84,0,90,0,-140,0,107,0,108,0,158,0,35,0,-95,0,-5,18,-15,0,-16,18,42,1,1,0,64,1,40,0,60,1,59,0,39,1,76,0,3,1,71,0,-32,0,23,0,-70,0,-22,18]"
CSI_DATA,122793,d8:b1:90:d9:de:f0,-38,9,-99,-35,39,104,-1596086487,113,0,106,0,"[62,16,104,16,-14,15,98,16,-57,15,131,16,-49,15,-94,16,-13,15,-52,16,29,16,-33,16,71,16,-42,16,106,16,-77,16,-133,16,-126,16,-113,16,104,16,-91,16,78,16,-79,16,75,16,-65,16,88,16,0,0,0,0,20,0,98,16,75,0,97,16,136,0,74,16,-109,0,45,16,-93,0,22,16,-102,0,22,16,-118,0,49,16,-135,0,69,16,133,0,94,16,135,0,122,16,-127,0,-138,16,-115,0,-125,16,-126,0]"
CSI_DATA,122794,d8:b1:90:d9:de:f0,-37,9,-99,-33,38,104,-1596086360,98,0,106,0,"[-28,0,117,0,51,1,103,0,86,1,56,0,57,1,-3,17,17,1,-33,17,-34,0,-32,17,-77,0,-11,17,-102,0,33,0,-118,0,98,0,-121,0,-144,0,-128,0,-112,0,-131,0,-106,0,139,0,-118,0,0,0,0,0,56,0,-114,0,0,0,-86,0,-42,17,-47,0,-70,17,6,1,-73,17,34,1,-66,17,21,1,-56,17,-6,0,-47,17,-41,0,-50,17,-68,0,-61,17,-88,0,-84,17,-94,0,-109,17,-107,0,-101,17]"
CSI_DATA,122795,d8:b1:90:d9:de:f0,-37,9,-99,-33,38,104,-1596086256,108,0,106,0,"[4,17,-45,17,-69,16,-9,17,-84,16,53,0,-47,16,97,0,1,17,112,0,48,17,107,0,81,17,77,0,98,17,33,0,93,17,-27,17,85,17,-83,17,84,17,-110,17,95,17,-122,17,115,17,-121,17,0,0,0,0,-109,17,132,17,-78,17,99,17,-48,17,39,17,-43,17,-9,16,-55,17,-32,16,-51,17,-26,16,-56,17,4,17,-54,17,36,17,-41,17,58,17,-26,17,75,17,-3,17,77,17,11,0,73,17,10,0]"
CSI_DATA,122796,d8:b1:90:d9:de:f0,-37,9,-99,-35,39,104,-1596086156,148,0,106,0,"[21,16,91,0,-20,15,-114,0,-2,15,-59,0,50,16,-31,0,101,16,-43,0,134,16,-74,0,-131,16,-113,0,136,16,125,0,109,16,81,0,69,16,43,0,56,16,22,0,59,16,7,0,80,16,-1,16,0,0,0,0,106,16,-49,16,119,16,-111,16,100,16,110,16,81,16,71,16,62,16,58,16,58,16,67,16,70,16,93,16,89,16,122,16,111,16,127,16,127,16,133,16,-131,16,121,16,-121,16,113,16,-115,16]"
CSI_DATA,122797,d8:b1:90:d9:de:f0,-36,11,-99,-36,38,104,-1595878069,277,0,106,0,"[66,0,-12,0,107,0,73,1,154,0,95,1,-152,0,70,1,-159,0,25,1,148,0,-35,0,95,0,-86,0,31,0,-130,0,-59,18,138,0,-153,18,88,0,110,18,60,0,90,18,39,0,108,18,21,0,0,0,0,0,-112,18,-75,18,-32,18,-144,18,39,0,70,18,84,0,-21,17,101,0,-80,17,104,0,-91,17,84,0,-59,17,71,0,-8,17,66,0,51,18,75,0,108,18,100,0,-142,18,133,0,-85,18,-158,0]"
CSI_DATA,122798,d8:b1:90:d9:de:f0,-37,9,-99,-38,39,104,-1595877624,130,0,106,0,"[-129,17,39,17,97,17,-28,16,30,17,-27,16,10,17,21,17,20,17,78,17,60,17,125,17,117,17,-134,17,-103,17,-118,17,-4,17,-120,17,86,0,-134,17,150,0,149,17,-140,0,-152,17,148,0,-131,17,0,0,0,0,104,0,-21,17,98,0,87,0,122,0,-104,0,-140,0,-14,0,-99,0,32,1,-72,0,27,1,-77,0,-13,0,-95,0,-61,0,-128,0,-114,0,124,0,-152,0,55,0,134,0,-5,17,136,0,-51,17]"
CSI_DATA,122799,d8:b1:90:d9:de:f0,-48,11,-99,-38,50,104,-1595460270,277,0,106,0,"[20,0,-4,5,32,0,0,0,39,0,-1,5,36,0,-2,5,28,0,0,0,17,0,10,0,9,0,27,0,2,0,-30,0,1,0,-3,0,6,0,23,0,14,0,35,0,25,0,37,0,32,0,28,0,0,0,0,0,25,0,11,0,19,0,-7,0,1,0,-22,0,-13,5,-36,0,-27,5,35,0,-35,5,22,0,-36,5,7,0,-34,5,-9,5,-32,5,-31,5,-31,5,28,5,-39,5,-5,4,26,5,-36,4,-1,4]"
CSI_DATA,122800,d8:b1:90:d9:de:f0,-48,9,-99,-34,49,104,-1595459807,148,0,106,0,"[1,0,-21,5,8,0,-33,5,6,0,-39,5,2,0,-37,5,4,0,-27,5,12,0,-15,5,29,0,-5,5,-31,0,1,0,-1,0,3,0,26,0,-6,5,37,0,-18,5,36,0,-33,5,26,0,-40,5,0,0,0,0,4,0,-40,5,-9,0,-32,5,-22,0,-15,5,-33,0,1,0,-42,0,17,0,32,0,27,0,18,0,32,0,3,0,34,0,-16,5,41,0,-40,5,-32,0,18,5,-11,0,3,5,25,0,12,5]"
CSI_DATA,122801,d8:b1:90:d9:de:f0,-48,9,-99,-37,50,104,-1595459659,101,0,106,0,"[-7,4,19,0,-18,4,28,0,-18,4,34,0,-13,4,33,0,-12,4,24,0,-15,4,11,0,-29,4,-2,4,31,4,-15,4,3,4,-23,4,-24,4,-23,4,-39,4,-14,4,40,4,0,0,-35,4,13,0,0,0,0,0,-13,4,19,0,3,4,15,0,17,4,2,0,33,4,-12,4,-39,4,-24,4,-27,4,-30,4,-13,4,-35,4,1,0,-35,4,21,0,-38,4,-36,0,36,4,-8,0,16,4,8,0,-15,4,3,0]"
CSI_DATA,122802,d8:b1:90:d9:de:f0,-48,9,-99,-34,49,104,-1595459545,98,0,106,0,"[20,0,-7,5,33,0,-6,5,38,0,-10,5,33,0,-14,5,25,0,-10,5,19,0,3,0,18,0,22,0,26,0,-36,0,-41,0,-10,0,-17,0,4,0,1,0,6,0,12,0,-3,0,14,0,-14,0,0,0,0,0,0,0,42,0,-15,0,39,0,-32,0,39,0,34,0,42,0,15,0,-41,0,2,0,-42,0,-10,5,36,0,-23,5,28,0,-38,5,18,0,21,5,13,0,-14,4,12,0,36,4,27,0,21,4]"
CSI_DATA,122803,d8:b1:90:d9:de:f0,-49,11,-99,-39,50,104,-1595308850,100,0,228,0,"[-3,-1,-4,-1,-4,-2,-5,-2,-5,-2,-5,-2,-4,-2,37,15,-2,-2,-1,-1,0,-1,0,0,1,0,2,1,3,2,4,3,4,4,5,6,6,7,6,8,6,8,-11,-10,6,8,6,8,6,7,5,7,5,5,4,4,0,0,4,2,4,1,5,0,5,0,5,-2,6,-2,-26,0,6,-3,5,-3,5,-3,5,-3,4,-2,3,-1,2,-1,1,0,0,0,0,1,-1,1,-3,2,-4,3,43,5,-7,3,-9,3,-10,3,-11,2,-11,1,-11,0,-9,-1,-2,-8,-7,-5,-9,0,-5,6,0,7,4,4,5,0,-1,-5,-1,-3,-3,0,-2,3,1,3,4,1,4,-3,0,-5,-3,-4,-5,-1,-4,3,-1,4,2,3,2,0,8,8,0,0,0,1,3,0,3,-2,2,-5,-2,-6,0,0,-8,2,-4,8,2,9,9,5,10,-2,5,-8,4,-13,-8,-4,-8,2,-3,6,3,5,5,0,3,-3,-1,-4,-4,-1,-3,2,0,5,3,3,5,0,3,-4,-6,-2,-4,-3,-5,0,-3,2,0,3,0,2,0,1,0,1]"
CSI_DATA,122804,d8:b1:90:d9:de:f0,-42,11,-99,-32,43,104,-1595042471,277,0,106,0,"[20,0,3,0,47,0,23,0,66,0,6,0,61,0,-26,0,39,0,-58,0,3,0,-73,0,-37,9,-75,0,75,9,-63,0,39,9,-38,0,22,9,-20,0,20,9,-23,0,37,9,-34,0,51,9,-61,0,0,0,0,0,76,9,41,0,72,9,4,0,66,9,-29,9,64,9,-61,9,70,9,79,9,-80,9,70,9,-58,9,62,9,-47,9,55,9,-32,9,48,9,-18,9,29,9,-13,9,4,9,-23,9,-18,8,-49,9]"
CSI_DATA,122805,d8:b1:90:d9:de:f0,-42,9,-99,-35,44,104,-1595041981,98,0,106,0,"[7,9,-76,9,-30,8,-52,9,-28,8,-19,9,6,9,2,0,48,9,-4,9,76,9,-24,9,-64,9,-63,9,-67,9,47,9,-77,9,3,9,61,9,-14,8,50,9,-3,8,53,9,15,9,70,9,38,9,0,0,0,0,-27,9,63,9,3,0,69,9,36,0,64,9,58,0,57,9,72,0,57,9,-73,0,68,9,-71,0,-76,9,-63,0,-59,9,-55,0,-49,9,-36,0,-43,9,-9,0,-46,9,7,0,-64,9,-7,0]"
CSI_DATA,122806,d8:b1:90:d9:de:f0,-42,9,-99,-34,43,104,-1595041858,130,0,106,0,"[43,10,-48,0,45,10,-8,0,74,10,-2,0,-67,10,-26,0,-55,10,-61,0,-65,10,75,0,79,10,49,0,33,10,31,0,-10,9,27,0,-33,9,40,0,-32,9,46,0,-15,9,50,0,17,10,40,0,0,0,0,0,64,10,4,0,74,10,-31,10,79,10,-61,10,-85,10,82,10,-81,10,66,10,-69,10,61,10,-52,10,58,10,-37,10,54,10,-28,10,46,10,-16,10,28,10,-14,10,2,10,-34,10,-14,9,-65,10]"
CSI_DATA,122807,d8:b1:90:d9:de:f0,-38,9,-99,-33,39,104,-1594833082,756,0,106,0,"[51,15,16,0,-5,14,39,0,-15,14,60,0,2,15,74,0,27,15,72,0,42,15,52,0,40,15,30,0,25,15,6,0,19,15,-24,15,8,15,-48,15,18,15,-64,15,36,15,-76,15,77,15,-72,15,0,0,0,0,-131,15,-88,15,-78,15,-112,15,-32,15,116,15,13,0,80,15,45,0,38,15,62,0,17,15,58,0,10,15,46,0,13,15,41,0,4,15,29,0,-2,14,26,0,-2,14,19,0,10,15,9,0]"
CSI_DATA,122808,d8:b1:90:d9:de:f0,-37,9,-99,-37,39,104,-1594791773,108,0,106,0,"[-91,17,75,17,139,17,20,17,79,17,27,17,60,17,64,17,55,17,106,17,69,17,131,17,79,17,139,17,99,17,125,17,121,17,102,17,144,17,83,17,-138,17,76,17,-118,17,81,17,-94,17,115,17,0,0,0,0,-45,17,-140,17,15,0,-124,17,86,0,-133,17,-142,0,138,17,-93,0,105,17,-81,0,73,17,-101,0,48,17,-128,0,45,17,142,0,39,17,115,0,34,17,103,0,41,17,88,0,60,17,68,0]"
CSI_DATA,122809,d8:b1:90:d9:de:f0,-37,9,-99,-37,39,104,-1594624209,125,0,106,0,"[78,17,-144,0,35,17,-58,0,58,17,19,1,118,17,35,1,-112,17,36,1,-63,17,3,1,-34,17,-36,0,-41,17,-81,0,-79,17,-140,0,-129,17,108,0,117,17,79,0,90,17,77,0,99,17,76,0,0,0,0,0,140,17,45,0,-131,17,-28,17,-147,17,-110,17,113,17,108,17,53,17,69,17,10,17,75,17,-4,16,112,17,0,17,-139,17,28,17,-98,17,51,17,-76,17,81,17,-81,17,115,17,-106,17,127,17]"
CSI_DATA,122810,d8:b1:90:d9:de:f0,-38,9,-99,-35,39,104,-1594624051,145,0,106,0,"[138,0,69,16,-115,0,-25,15,138,0,-78,15,90,0,-77,15,56,0,-53,15,39,0,-13,15,33,0,37,16,53,0,101,16,94,0,-107,16,-139,0,-41,16,-94,0,6,0,-65,0,27,0,-74,0,39,0,0,0,0,0,126,0,68,0,62,0,99,0,-18,16,-118,0,-65,16,-40,0,-100,16,33,1,-101,16,51,1,-81,16,43,1,-67,16,17,1,-56,16,-15,0,-50,16,-55,0,-76,16,-102,0,-119,16,137,0,133,16]"
CSI_DATA,122811,d8:b1:90:d9:de:f0,-38,9,-99,-36,40,104,-1594623885,125,0,106,0,"[36,0,35,15,17,0,-48,14,-24,15,-80,14,-58,15,-72,14,-76,15,-37,14,-82,15,4,15,-70,15,44,15,-29,15,83,15,26,0,124,15,96,0,-94,15,-104,0,-74,15,-77,0,-64,15,-78,0,-55,15,0,0,0,0,-128,0,-11,15,92,0,52,0,71,0,-121,0,62,0,-38,0,73,0,22,1,92,0,46,1,103,0,31,1,109,0,2,1,99,0,-32,0,81,0,-58,0,36,0,-80,0,-7,15,-89,0,-41,15]"
CSI_DATA,122812,d8:b1:90:d9:de:f0,-38,9,-99,-35,39,104,-1594623763,145,0,106,0,"[-128,16,67,16,73,16,13,16,8,16,18,16,-10,15,56,16,-4,15,102,16,16,16,-135,16,64,16,-109,16,125,16,-106,16,-80,16,-124,16,4,0,127,16,55,0,98,16,79,0,82,16,82,0,88,16,0,0,0,0,82,0,-109,16,104,0,-41,16,-119,0,46,0,-52,0,103,0,9,1,130,0,42,1,129,0,43,1,105,0,18,1,83,0,-15,0,65,0,-58,0,59,0,-105,0,81,0,-138,0,116,0,121,0]"
CSI_DATA,122813,d8:b1:90:d9:de:f0,-35,11,-99,-34,36,104,-1594308818,100,0,114,0,"[-13,-35,-11,-38,-11,-43,-8,-44,-7,-44,-5,-43,-5,-41,-4,-40,-4,-38,-4,-38,-4,-37,-4,-37,-7,-35,-7,-37,-8,-38,-10,-40,-10,-41,-10,-43,-13,-43,-14,-43,-13,-44,-14,-44,-14,-44,-16,-44,-14,-41,-16,-40,-16,-40,-17,-41,0,0,-19,-40,-17,-40,-19,-40,-20,-40,-20,-41,-20,-41,-22,-43,-22,-43,-23,-41,-23,-40,-25,-37,-23,-35,-23,-34,-23,-32,-22,-31,-22,-29,-23,-28,-23,-28,-25,-29,-25,-31,-26,-32,-28,-35,-29,-35,-29,-35,-28,-38,-26,-38,-22,-37,-17,-34]"
CSI_DATA,122814,d8:b1:90:d9:de:f0,-38,9,-99,-35,39,104,-1594206392,214,0,106,0,"[-38,16,-41,0,-20,16,43,1,28,0,78,1,73,0,67,1,94,0,26,1,94,0,-15,0,75,0,-57,0,28,0,-92,0,-40,16,-110,0,-113,16,-125,0,116,16,-125,0,93,16,-128,0,100,16,137,0,0,0,0,0,134,16,64,0,138,16,-3,16,116,16,-90,16,76,16,118,16,34,16,74,16,15,16,68,16,14,16,93,16,29,16,119,16,57,16,-137,16,93,16,-126,16,136,16,-138,16,-112,16,111,16,-97,16]"
CSI_DATA,122815,d8:b1:90:d9:de:f0,-38,9,-99,-36,40,104,-1594206247,214,0,106,0,"[-87,0,-120,0,-15,0,-94,0,34,1,-112,0,42,1,114,0,25,1,75,0,-8,0,45,0,-45,0,42,0,-87,0,62,0,117,0,103,0,76,0,-100,0,45,0,-55,0,36,0,-46,0,37,0,-56,0,0,0,0,0,6,0,-103,0,-58,15,113,0,116,15,103,0,42,15,100,0,0,15,123,0,-16,14,-112,0,3,15,-98,0,40,15,-101,0,66,15,-115,0,79,15,110,0,85,15,78,0,78,15,44,0,69,15]"
CSI_DATA,122816,d8:b1:90:d9:de:f0,-38,9,-99,-35,39,104,-1594206075,214,0,106,0,"[54,16,85,0,-7,15,-133,0,-14,15,-68,0,22,16,-39,0,69,16,-31,0,117,16,-52,0,-139,16,-89,0,-134,16,136,0,123,16,69,0,92,16,5,0,55,16,-30,16,42,16,-40,16,52,16,-35,16,0,0,0,0,123,16,-59,16,-99,16,-99,16,-54,16,103,16,-37,16,22,16,-50,16,-35,15,-70,16,-55,15,-95,16,-34,15,-109,16,7,16,-95,16,45,16,-77,16,67,16,-41,16,79,16,-6,16,79,16,8,0]"
CSI_DATA,122817,d8:b1:90:d9:de:f0,-38,9,-99,-33,39,104,-1594205895,214,0,106,0,"[-41,0,-25,15,29,1,-67,15,48,1,-126,15,20,1,91,15,-24,0,75,15,-65,0,82,15,-98,0,108,15,-112,0,-109,15,-108,0,-45,15,-83,0,16,0,-60,0,52,0,-47,0,63,0,-56,0,58,0,0,0,0,0,-123,0,74,0,90,0,98,0,46,0,-93,0,31,0,-21,0,38,0,37,1,59,0,52,1,84,0,30,1,96,0,-6,0,94,0,-38,0,82,0,-63,0,50,0,-76,0,15,0,-73,0,5,0]"
CSI_DATA,122818,d8:b1:90:d9:de:f0,-38,9,-99,-35,39,104,-1594205714,214,0,106,0,"[40,16,-31,16,-41,15,-6,16,-70,15,43,0,-49,15,99,0,-8,15,124,0,34,16,133,0,71,16,119,0,94,16,79,0,104,16,17,0,91,16,-43,16,74,16,-82,16,66,16,-92,16,79,16,-88,16,0,0,0,0,-134,16,-99,16,-82,16,-127,16,-39,16,91,16,-20,16,23,16,-28,16,-34,15,-49,16,-46,15,-68,16,-26,15,-85,16,8,16,-88,16,40,16,-78,16,59,16,-51,16,73,16,-25,16,71,16,-17,16]"
CSI_DATA,122819,d8:b1:90:d9:de:f0,-37,9,-99,-34,38,104,-1594205542,214,0,106,0,"[-109,0,141,17,-61,0,65,17,-82,0,-2,16,-131,0,-22,16,118,0,-13,16,65,0,14,17,51,0,53,17,66,0,96,17,117,0,148,17,-134,0,-130,17,-86,0,-117,17,-68,0,-121,17,-92,0,-111,17,0,0,0,0,-131,0,-67,17,-134,0,0,0,-112,0,71,0,-61,0,129,0,-2,0,-146,0,19,1,141,0,10,1,104,0,-15,0,79,0,-36,0,55,0,-61,0,53,0,-87,0,68,0,-95,0,86,0,-98,0]"
CSI_DATA,122820,d8:b1:90:d9:de:f0,-38,9,-99,-35,39,104,-1594205343,214,0,106,0,"[56,0,49,16,37,0,-33,15,-20,16,-65,15,-77,16,-51,15,-113,16,-5,15,-127,16,38,16,-118,16,76,16,-80,16,102,16,-25,16,103,16,26,0,82,16,66,0,66,16,69,0,57,16,58,0,73,16,0,0,0,0,56,0,117,16,99,0,-111,16,-104,0,-91,16,-38,0,-90,16,5,1,-117,16,6,1,128,16,-18,0,109,16,-59,0,95,16,-94,0,101,16,-114,0,122,16,-119,0,-128,16,-105,0,-114,16,-104,0]"
CSI_DATA,122821,d8:b1:90:d9:de:f0,-37,9,-99,-34,38,104,-1594205189,98,0,106,0,"[59,0,57,17,36,0,-28,16,-28,17,-65,16,-84,17,-48,16,-134,17,-8,16,-144,17,49,17,-139,17,83,17,-104,17,104,17,-36,17,110,17,13,0,90,17,46,0,64,17,51,0,53,17,40,0,62,17,0,0,0,0,47,0,123,17,84,0,-142,17,-141,0,-130,17,-68,0,-139,17,-28,0,129,17,-20,0,89,17,-54,0,62,17,-108,0,66,17,-144,0,80,17,141,0,92,17,142,0,121,17,-150,0,144,17,-144,0]"
CSI_DATA,122822,d8:b1:90:d9:de:f0,-37,9,-99,-36,39,104,-1594205066,130,0,106,0,"[74,16,114,0,11,16,-108,0,2,16,-52,0,39,16,-29,0,81,16,-32,0,116,16,-61,0,139,16,-104,0,-143,16,130,0,127,16,54,0,103,16,-14,16,74,16,-62,16,65,16,-88,16,77,16,-86,16,0,0,0,0,-120,16,-98,16,-54,16,-130,16,13,0,100,16,69,0,32,16,90,0,-30,15,92,0,-48,15,69,0,-34,15,47,0,-3,15,44,0,32,16,49,0,61,16,80,0,94,16,118,0,123,16,138,0]"
CSI_DATA,122823,d8:b1:90:d9:de:f0,-37,11,-99,-33,38,104,-1593789074,277,0,106,0,"[-32,17,62,17,-72,17,-25,16,-137,17,-57,16,110,17,-35,16,88,17,10,17,91,17,61,17,113,17,98,17,-130,17,114,17,-60,17,117,17,13,0,107,17,64,0,94,17,92,0,79,17,92,0,92,17,0,0,0,0,95,0,-136,17,123,0,-68,17,-112,0,-5,17,-41,0,42,0,24,1,55,0,58,1,41,0,47,1,12,0,19,1,-9,17,-13,0,-24,17,-56,0,-21,17,-87,0,9,0,-105,0,54,0,-113,0]"
CSI_DATA,122824,d8:b1:90:d9:de:f0,-38,9,-99,-35,39,104,-1593788611,113,0,106,0,"[-125,16,-94,0,119,16,-2,0,130,16,54,1,-119,16,68,1,-87,16,51,1,-55,16,14,1,-57,16,-35,0,-75,16,-97,0,-107,16,106,0,123,16,33,0,87,16,-22,16,74,16,-47,16,79,16,-56,16,0,0,0,0,-107,16,-79,16,-37,16,-106,16,51,0,117,16,119,0,55,16,-121,0,3,16,-114,0,-27,15,-126,0,-23,15,123,0,0,16,110,0,38,16,107,0,81,16,122,0,137,16,-134,0,-89,16,-104,0]"
CSI_DATA,122825,d8:b1:90:d9:de:f0,-37,9,-99,-36,39,104,-1593788457,224,0,106,0,"[57,16,-37,16,-40,15,-19,16,-84,15,49,0,-63,15,115,0,-22,15,-127,0,38,16,-111,0,81,16,-122,0,105,16,127,0,113,16,53,0,103,16,-5,16,79,16,-46,16,62,16,-60,16,66,16,-49,16,0,0,0,0,133,16,-68,16,-100,16,-99,16,-62,16,120,16,-54,16,37,16,-81,16,-26,15,-117,16,-44,15,134,16,-20,15,123,16,21,16,122,16,68,16,134,16,104,16,-115,16,120,16,-76,16,111,16,-62,16]"
CSI_DATA,122826,d8:b1:90:d9:de:f0,-37,11,-99,-36,39,104,-1593371275,277,0,106,0,"[-30,16,41,16,-88,16,-37,15,122,16,-44,15,69,16,3,16,57,16,67,16,65,16,122,16,98,16,-124,16,-138,16,-116,16,-74,16,142,16,-26,16,97,16,-1,16,65,16,-1,16,56,16,-10,16,85,16,0,0,0,0,10,0,140,16,74,0,-105,16,-129,0,-98,16,-52,0,-114,16,-8,0,130,16,-2,0,93,16,-35,0,72,16,-77,0,67,16,-112,0,69,16,-140,0,85,16,138,0,115,16,-142,0,140,16,-143,0]"
CSI_DATA,122827,d8:b1:90:d9:de:f0,-38,9,-99,-34,39,104,-1593370776,130,0,106,0,"[-36,0,66,0,57,1,50,0,91,1,-4,15,72,1,-48,15,33,1,-84,15,-21,0,-90,15,-65,0,-70,15,-111,0,-25,15,128,0,49,0,113,0,122,0,108,0,-100,0,104,0,-88,0,99,0,-106,0,0,0,0,0,26,0,120,0,-50,15,93,0,127,15,96,0,46,15,122,0,-3,14,-114,0,-12,14,-86,0,6,15,-72,0,41,15,-79,0,72,15,-95,0,94,15,-115,0,102,15,115,0,101,15,77,0,100,15]"
CSI_DATA,122828,d8:b1:90:d9:de:f0,-39,9,-99,-35,40,104,-1593370641,281,0,106,0,"[61,0,34,14,48,0,-48,13,0,0,-84,13,-48,14,-65,13,-75,14,-25,13,-78,14,15,14,-66,14,66,14,-23,14,101,14,37,0,-119,14,99,0,-108,14,-103,0,-105,14,-87,0,-107,14,-105,0,-98,14,0,0,0,0,104,0,-33,14,94,0,39,0,109,0,115,0,-113,0,-62,0,-73,0,-16,0,-49,0,-13,0,-45,0,-37,0,-46,0,-64,0,-58,0,-91,0,-82,0,-112,0,-114,0,-117,0,96,0,-105,0,70,0]"
CSI_DATA,122829,d8:b1:90:d9:de:f0,-38,9,-99,-36,40,104,-1593370486,101,0,106,0,"[76,15,113,15,-11,14,96,15,-68,14,-121,15,-67,14,-61,15,-39,14,-18,15,9,15,8,0,58,15,9,0,111,15,-23,15,-100,15,-82,15,-75,15,106,15,-66,15,62,15,-66,15,54,15,-65,15,74,15,0,0,0,0,-18,15,-125,15,55,0,-89,15,-119,0,-90,15,-42,0,-106,15,8,1,119,15,16,1,92,15,-6,0,79,15,-37,0,80,15,-73,0,89,15,-95,0,110,15,-104,0,-105,15,-98,0,-72,15,-91,0]"
CSI_DATA,122830,d8:b1:90:d9:de:f0,-37,9,-99,-36,39,104,-1593370354,98,0,106,0,"[59,16,-105,16,-40,15,-100,16,-93,15,-42,16,-81,15,23,0,-33,15,62,0,17,16,80,0,72,16,61,0,116,16,17,0,-142,16,-54,16,-132,16,-133,16,-141,16,106,16,140,16,94,16,-134,16,117,16,0,0,0,0,-66,16,-125,16,10,0,-115,16,103,0,136,16,-115,0,90,16,-76,0,38,16,-75,0,7,16,-111,0,1,16,140,0,10,16,111,0,33,16,93,0,62,16,104,0,106,16,126,0,138,16,141,0]"
CSI_DATA,122831,d8:b1:90:d9:de:f0,-38,9,-99,-36,40,104,-1593370213,108,0,106,0,"[42,0,32,15,8,0,-54,14,-54,15,-81,14,-104,15,-53,14,116,15,-7,14,125,15,46,15,-109,15,89,15,-59,15,116,15,12,0,121,15,76,0,109,15,116,0,88,15,119,0,80,15,104,0,89,15,0,0,0,0,81,0,-95,15,102,0,-19,15,-97,0,39,0,-33,0,85,0,23,1,97,0,54,1,77,0,53,1,42,0,22,1,13,0,-12,0,-6,15,-43,0,-8,15,-71,0,10,0,-91,0,46,0,-95,0]"
CSI_DATA,122832,d8:b1:90:d9:de:f0,-40,11,-99,-33,41,104,-1593309212,100,0,228,0,"[5,-9,5,-11,7,-14,8,-17,10,-17,12,-17,13,-17,89,36,14,-14,15,-13,15,-12,15,-11,14,-9,13,-8,12,-8,10,-8,9,-9,8,-10,6,-12,5,-13,4,-13,-27,-24,3,-16,3,-16,3,-17,3,-16,4,-15,3,-14,0,0,1,-12,0,-12,0,-11,-2,-11,-4,-10,-6,-10,-50,12,-10,-12,-12,-12,-13,-13,-13,-14,-13,-15,-13,-15,-13,-15,-11,-15,-10,-15,-9,-15,-8,-14,-8,-13,-8,-13,-64,12,-8,-13,-8,-13,-8,-12,-8,-11,-8,-10,-8,-10,-7,-9,12,0,11,-8,3,-15,-7,-14,-16,-5,-13,5,-5,13,17,-4,10,4,8,-5,0,-9,-8,-7,-12,3,-6,11,4,14,15,8,18,-6,10,-19,-5,-22,-21,-13,-24,4,-9,4,2,22,17,13,20,-2,11,-14,-2,-17,-13,-8,0,0,-6,12,6,13,14,3,13,-8,2,-15,-9,-13,-26,-13,-13,9,-2,15,9,12,13,1,8,-7,0,-9,-6,-4,-6,3,0,7,5,4,8,-1,5,-9,-4,-13,-22,-20,-17,4,-11,17,3,22,16,15,22,0,17,-13,4,-17]"
CSI_DATA,122833,d8:b1:90:d9:de:f0,-38,9,-99,-36,40,104,-1592535206,130,0,106,0,"[-62,15,-39,0,-62,15,49,1,-35,15,88,1,-4,15,70,1,13,0,29,1,10,0,-28,0,-13,15,-90,0,-63,15,98,0,126,15,32,0,63,15,-22,15,24,15,-55,15,17,15,-53,15,42,15,-49,15,0,0,0,0,-80,15,-47,15,14,0,-64,15,111,0,-98,15,-64,0,115,15,-18,0,87,15,-5,0,75,15,-16,0,94,15,-34,0,122,15,-55,0,-99,15,-65,0,-54,15,-62,0,-4,15,-57,0,36,0,-57,0]"
CSI_DATA,122834,d8:b1:90:d9:de:f0,-38,9,-99,-38,40,104,-1592535062,124,0,106,0,"[111,15,-109,0,84,15,-22,0,118,15,38,1,-92,15,48,1,-43,15,16,1,-20,15,-29,0,-22,15,-92,0,-62,15,129,0,-133,15,84,0,70,15,68,0,24,15,69,0,26,15,85,0,68,15,92,0,0,0,0,0,-114,15,45,0,-73,15,-45,15,-75,15,129,15,-91,15,47,15,-124,15,3,15,117,15,0,15,108,15,25,15,113,15,52,15,132,15,80,15,-112,15,88,15,-84,15,80,15,-70,15,62,15,-72,15]"
CSI_DATA,122835,d8:b1:90:d9:de:f0,-36,11,-99,-35,38,104,-1592326778,277,0,106,0,"[-125,18,-57,0,-124,18,31,1,-74,18,75,1,-30,18,66,1,2,0,29,1,24,0,-12,0,11,0,-66,0,-29,18,-97,0,-89,18,-128,0,-143,18,154,0,124,18,127,0,112,18,105,0,116,18,78,0,0,0,0,0,150,18,-7,18,150,18,-77,18,138,18,-154,18,117,18,88,18,99,18,45,18,86,18,34,18,88,18,44,18,88,18,62,18,97,18,88,18,121,18,103,18,145,18,113,18,-140,18,127,18,-96,18]"
CSI_DATA,122836,d8:b1:90:d9:de:f0,-36,9,-99,-37,38,104,-1592326324,98,0,106,0,"[-126,0,120,19,-95,0,33,19,-133,0,-25,18,150,0,-28,18,101,0,-7,18,67,0,27,19,64,0,66,19,86,0,107,19,137,0,155,19,-145,0,-145,19,-108,0,-117,19,-97,0,-101,19,-121,0,-71,19,0,0,0,0,-128,0,-11,19,-136,0,57,0,-115,0,133,0,-89,0,-136,0,-60,0,-101,0,-50,0,-89,0,-51,0,-107,0,-57,0,-133,0,-71,0,-150,0,-81,0,-164,0,-98,0,158,0,-130,0,151,0,159,0]"
CSI_DATA,122837,d8:b1:90:d9:de:f0,-34,11,-99,-36,36,104,-1592309209,100,0,114,0,"[-23,33,-28,33,-33,31,-34,30,-39,31,-39,28,-38,25,-39,23,-36,22,-38,20,-34,19,-36,19,-36,19,-36,17,-38,19,-39,20,-39,19,-44,20,-44,20,-45,20,-45,19,-45,20,-45,19,-44,19,-45,17,-45,15,-44,15,-42,14,0,0,-42,14,-44,14,-44,14,-44,12,-44,11,-47,11,-45,11,-49,11,-45,9,-45,9,-44,9,-42,7,-41,7,-39,7,-39,7,-36,6,-36,6,-38,6,-38,6,-38,6,-39,4,-41,4,-41,3,-45,0,-44,-1,-42,-4,-41,-6,-36,-7]"
CSI_DATA,122838,d8:b1:90:d9:de:f0,-40,9,-99,-35,41,104,-1592117416,98,0,106,0,"[34,0,46,12,23,0,-33,12,-15,12,-73,12,-50,12,-72,12,-79,12,-51,12,-92,12,-14,12,-90,12,23,12,-63,12,60,12,-13,12,98,12,45,0,-92,12,96,0,-76,12,-95,0,-68,12,-94,0,-59,12,0,0,0,0,78,0,-20,12,55,0,35,0,33,0,103,0,28,0,-40,0,40,0,17,0,59,0,42,0,79,0,38,0,93,0,15,0,97,0,-13,0,93,0,-42,0,71,0,-69,0,32,0,-97,0,0,12]"
CSI_DATA,122839,d8:b1:90:d9:de:f0,-38,11,-99,-33,39,104,-1591908979,277,0,106,0,"[-121,15,87,15,89,15,32,15,43,15,6,15,6,15,28,15,-4,14,55,15,-7,14,99,15,9,15,-126,15,50,15,-100,15,119,15,-80,15,-52,15,-76,15,37,0,-87,15,93,0,-110,15,114,0,-118,15,0,0,0,0,118,0,-93,15,124,0,-33,15,-114,0,44,0,-71,0,113,0,-8,0,-107,0,28,1,-102,0,31,1,-124,0,21,1,104,0,-11,0,68,0,-57,0,43,0,-128,0,42,0,68,0,71,0,22,0]"
CSI_DATA,122840,d8:b1:90:d9:de:f0,-39,9,-99,-34,40,104,-1591908525,108,0,106,0,"[-67,0,101,0,0,0,-101,0,45,0,-92,0,65,0,-100,0,61,0,119,0,45,0,101,0,18,0,81,0,-29,0,61,0,-104,0,48,0,41,0,49,0,-44,14,51,0,-108,14,63,0,106,14,67,0,0,0,0,0,118,14,24,0,-95,14,-33,14,-72,14,-119,14,-64,14,29,14,-67,14,-42,13,-76,14,-73,13,-84,14,-64,13,-91,14,-31,13,-91,14,9,14,-74,14,63,14,-31,14,-119,14,30,0,-66,14,90,0]"
CSI_DATA,122841,d8:b1:90:d9:de:f0,-39,9,-99,-35,40,104,-1591887269,98,0,106,0,"[-77,0,106,0,-17,0,-82,0,28,0,-69,0,47,0,-68,0,52,0,-90,0,40,0,-116,0,13,0,99,0,-39,0,82,0,122,0,68,0,22,0,58,0,-78,14,62,0,110,14,68,0,88,14,72,0,0,0,0,0,111,14,39,0,-102,14,-21,14,-85,14,-122,14,-68,14,31,14,-63,14,-44,13,-80,14,-70,13,-84,14,-63,13,-89,14,-31,13,-87,14,18,14,-56,14,72,14,-9,14,-116,14,56,0,-71,14,121,0]"
CSI_DATA,122842,d8:b1:90:d9:de:f0,-39,9,-99,-34,40,104,-1591860321,130,0,106,0,"[-95,14,89,14,96,14,9,14,46,14,-25,13,16,14,-18,13,4,14,8,14,11,14,55,14,34,14,97,14,88,14,-98,14,-71,14,-50,14,31,0,-15,14,-120,0,0,0,-64,0,-5,14,-61,0,-15,14,0,0,0,0,107,0,-1,14,29,0,48,0,-41,14,-116,0,-101,14,-28,0,117,14,45,0,-117,14,74,0,-95,14,55,0,-66,14,17,0,-45,14,-36,0,-46,14,-100,0,-60,14,60,0,-97,14,-12,14,101,14]"
CSI_DATA,122843,d8:b1:90:d9:de:f0,-40,9,-99,-35,41,104,-1591859523,113,0,106,0,"[68,0,70,12,109,0,0,12,-96,0,-55,12,-103,0,-67,12,101,0,-63,12,87,0,-32,12,70,0,0,12,46,0,57,12,30,0,-75,12,17,0,22,0,11,0,108,0,15,0,-62,0,18,0,-51,0,0,0,0,0,-8,12,94,0,-51,12,23,0,-109,12,-56,12,44,12,93,12,-4,12,49,12,-25,12,31,12,-12,12,48,12,19,12,76,12,66,12,103,12,-98,12,-94,12,-24,12,-77,12,58,0,-67,12,-109,0]"
CSI_DATA,122844,d8:b1:90:d9:de:f0,-42,11,-99,-34,43,104,-1591308841,100,0,228,0,"[3,5,5,8,7,10,8,12,9,15,9,16,8,18,72,30,7,19,6,18,5,18,4,18,4,17,3,16,3,16,3,14,2,12,3,11,3,8,3,6,3,3,-22,-20,4,0,4,-2,4,-4,4,-4,4,-4,3,-5,0,0,1,-6,0,-5,-2,-5,-4,-5,-6,-5,-8,-6,65,10,-13,-6,-16,-7,-16,-8,-18,-8,-18,-8,-18,-8,-16,-8,-16,-8,-14,-8,-14,-8,-12,-7,-11,-6,-10,-5,54,10,-7,-3,-6,-1,-5,0,-4,2,-4,4,-4,4,-3,5,-3,-1,-4,2,0,4,4,3,6,-1,2,-5,-2,-4,3,18,-2,3,2,2,5,-2,2,-6,-4,-7,-10,-2,-10,7,-2,15,10,14,20,3,18,-13,4,-22,-13,-20,-19,-4,-20,11,-5,20,9,17,16,5,13,-6,4,-12,0,0,-8,-1,-4,4,1,4,3,0,1,-4,-4,-4,-18,-4,-3,6,2,7,6,2,5,-3,0,-5,-3,-2,-3,2,0,5,6,2,6,-4,1,-10,-8,-9,-14,-1,-22,6,-2,19,11,17,21,5,19,-10,8,-19,-6,-18,-14,-8]"
CSI_DATA,122845,d8:b1:90:d9:de:f0,-39,11,-99,-33,40,104,-1591282281,277,0,106,0,"[-45,0,-1,13,38,0,-16,13,83,0,-39,13,95,0,-58,13,73,0,-71,13,47,0,-77,13,12,0,-71,13,-34,0,-61,13,-105,0,-26,13,55,0,10,0,-13,13,45,0,-57,13,66,0,-78,13,67,0,0,0,0,0,-86,13,11,0,-81,13,-56,13,-85,13,88,13,-88,13,9,13,-99,13,-43,12,-99,13,-66,12,-97,13,-48,12,-87,13,-11,12,-71,13,28,13,-48,13,77,13,-9,13,-98,13,44,0,-44,13,95,0]"
CSI_DATA,122846,d8:b1:90:d9:de:f0,-40,9,-99,-34,41,104,-1591281836,101,0,106,0,"[38,12,11,0,-38,11,38,0,-74,11,75,0,-68,11,99,0,-53,11,-101,0,-18,11,-89,0,15,12,-93,0,59,12,99,0,-104,12,60,0,-45,12,12,0,1,0,-38,12,31,0,-71,12,43,0,-87,12,0,0,0,0,74,0,-41,12,95,0,13,0,-79,0,78,0,-35,0,-83,0,5,0,-50,0,20,0,-46,0,11,0,-63,0,-8,0,-90,0,-42,0,95,0,-88,0,74,0,68,0,59,0,0,0,55,0,-57,12]"
CSI_DATA,122847,d8:b1:90:d9:de:f0,-41,9,-99,-32,41,104,-1591281677,125,0,106,0,"[-34,0,19,0,37,0,7,0,78,0,-23,11,76,0,-46,11,62,0,-69,11,29,0,-87,11,0,0,-90,11,-47,0,-76,11,-101,0,-43,11,43,0,-3,11,-5,11,36,0,-36,11,67,0,-47,11,79,0,0,0,0,0,-73,11,34,0,-92,11,-13,11,81,11,-74,11,36,11,77,11,-3,11,46,11,-20,11,43,11,-12,11,64,11,11,11,92,11,42,11,-87,11,80,11,-65,11,-65,11,-50,11,0,11,-50,11,48,0]"
CSI_DATA,122848,d8:b1:90:d9:de:f0,-40,9,-99,-34,41,104,-1591281510,145,0,106,0,"[77,0,53,12,86,0,-26,11,65,0,-79,11,37,0,-88,11,5,0,-78,11,-19,12,-51,11,-34,12,-20,11,-35,12,31,12,-23,12,97,12,5,0,-46,12,37,0,15,0,62,0,51,0,71,0,66,0,0,0,0,0,21,0,80,0,-28,12,90,0,-100,12,-95,0,55,12,-56,0,19,12,-19,0,16,12,-1,0,39,12,-3,0,74,12,-20,0,-107,12,-47,0,-80,12,-91,0,-60,12,68,0,-55,12,-2,12,-69,12]"
CSI_DATA,122849,d8:b1:90:d9:de:f0,-41,9,-99,-32,41,104,-1591281398,113,0,106,0,"[92,11,77,11,24,11,39,11,-25,11,42,11,-47,11,69,11,-50,11,-101,11,-35,11,-73,11,-13,11,-43,11,30,11,-25,11,90,11,-19,11,-38,11,-18,11,24,0,-28,11,62,0,-40,11,80,0,-44,11,0,0,0,0,80,0,0,0,72,0,50,0,80,0,-82,0,-100,0,-19,0,-73,0,16,0,-56,0,27,0,-50,0,5,0,-58,0,-27,0,-77,0,-66,0,99,0,94,0,50,0,67,0,-12,11,52,0,-65,11]"
CSI_DATA,122850,d8:b1:90:d9:de:f0,-41,9,-99,-36,42,104,-1591281244,252,0,106,0,"[81,11,97,11,11,11,68,11,-50,11,73,11,-73,11,-98,11,-62,11,-61,11,-46,11,-34,11,-13,11,-9,11,34,11,-2,11,96,11,-3,11,-32,11,-23,11,27,0,-50,11,65,0,-71,11,73,0,-77,11,0,0,0,0,76,0,-38,11,83,0,20,0,-88,0,87,0,-51,0,-55,0,-15,0,-24,0,9,0,-23,0,4,0,-49,0,-7,0,-79,0,-34,0,88,0,-81,0,61,0,61,0,51,0,-3,11,59,0,-52,11]"
CSI_DATA,122851,d8:b1:90:d9:de:f0,-40,9,-99,-36,41,104,-1591072900,98,0,106,0,"[71,13,70,0,5,13,-96,0,-14,12,-36,0,6,13,-7,0,42,13,2,0,86,13,-8,0,-111,13,-38,0,-80,13,-90,0,-65,13,62,0,-59,13,-23,13,-68,13,-88,13,-76,13,112,13,-74,13,110,13,0,0,0,0,-5,13,-76,13,66,0,-55,13,-65,0,-55,13,12,0,-74,13,61,0,-106,13,63,0,98,13,25,0,87,13,-23,0,98,13,-72,0,-100,13,-113,0,-54,13,88,0,5,0,78,0,73,0,90,0]"
CSI_DATA,122852,d8:b1:90:d9:de:f0,-40,9,-99,-35,41,104,-1591072741,130,0,106,0,"[5,0,45,12,-1,12,-38,12,-23,12,-83,12,-35,12,-88,12,-39,12,-61,12,-41,12,-31,12,-29,12,11,12,-9,12,64,12,19,0,-86,12,48,0,-11,12,71,0,51,0,80,0,84,0,70,0,96,0,0,0,0,0,-15,12,63,0,-84,12,34,0,46,12,7,0,-29,12,-10,12,-75,12,-21,12,-87,12,-26,12,-57,12,-25,12,-10,12,-26,12,40,12,-30,12,103,12,-44,12,-48,12,-66,12,11,0,-93,12,51,0]"
CSI_DATA,122853,d8:b1:90:d9:de:f0,-39,11,-99,-35,40,104,-1590446683,277,0,106,0,"[-89,14,-64,0,-108,14,16,0,-96,14,63,0,-73,14,63,0,-53,14,53,0,-41,14,17,0,-45,14,-9,0,-58,14,-55,0,-83,14,-118,0,-113,14,59,0,110,14,6,0,99,14,-32,14,104,14,-52,14,0,0,0,0,-63,14,-83,14,1,0,-98,14,86,0,117,14,-91,0,70,14,-40,0,29,14,-24,0,11,14,-38,0,8,14,-67,0,28,14,-91,0,59,14,-112,0,83,14,-120,0,-112,14,120,0,-52,14,-123,0]"
CSI_DATA,122854,d8:b1:90:d9:de:f0,-39,9,-99,-33,40,104,-1590446184,108,0,106,0,"[26,0,46,13,10,0,-28,12,-22,13,-63,12,-53,13,-65,12,-69,13,-43,12,-77,13,-11,12,-66,13,19,13,-44,13,49,13,0,0,88,13,55,0,-112,13,101,0,-80,13,-106,0,-60,13,-103,0,-43,13,0,0,0,0,90,0,12,0,63,0,67,0,39,0,-91,0,32,0,-12,0,38,0,43,0,48,0,66,0,70,0,55,0,77,0,29,0,79,0,-4,0,66,0,-43,0,38,0,-77,0,-3,13,-106,0,-44,13]"
CSI_DATA,122855,d8:b1:90:d9:de:f0,-39,9,-99,-34,40,104,-1590446048,266,0,106,0,"[102,14,-97,0,63,14,-33,0,67,14,13,0,91,14,25,0,119,14,20,0,-95,14,2,0,-80,14,-26,0,-84,14,-69,0,-106,14,118,0,118,14,54,0,96,14,6,0,88,14,-25,14,94,14,-41,14,0,0,0,0,-84,14,-77,14,-30,14,-105,14,29,0,84,14,71,0,30,14,101,0,-22,13,97,0,-49,13,86,0,-42,13,68,0,-20,13,50,0,6,14,44,0,37,14,52,0,84,14,77,0,-118,14,98,0]"
CSI_DATA,122856,d8:b1:90:d9:de:f0,-39,9,-99,-36,41,104,-1590445833,246,0,106,0,"[41,0,50,13,35,0,-20,12,5,0,-56,12,-25,13,-55,12,-45,13,-39,12,-55,13,-9,12,-52,13,17,13,-30,13,46,13,11,0,82,13,60,0,-113,13,99,0,-91,13,-104,0,-73,13,-98,0,-57,13,0,0,0,0,103,0,-5,13,85,0,53,0,81,0,-103,0,90,0,-38,0,-114,0,10,0,-99,0,27,0,-83,0,10,0,-88,0,-16,0,-94,0,-49,0,-106,0,-75,0,82,0,-96,0,37,0,-104,0,0,0]"
CSI_DATA,122857,d8:b1:90:d9:de:f0,-39,9,-99,-34,40,104,-1590445671,224,0,106,0,"[-54,0,44,0,23,0,36,0,62,0,2,0,62,0,-32,14,38,0,-57,14,12,0,-73,14,-16,0,-67,14,-50,0,-44,14,-85,0,-5,14,-115,0,54,0,106,0,98,0,89,0,-115,0,78,0,-112,0,0,0,0,0,17,0,110,0,-35,14,98,0,-118,14,106,0,55,14,-113,0,9,14,-82,0,-2,13,-54,0,18,14,-44,0,55,14,-42,0,84,14,-58,0,109,14,-83,0,-118,14,119,0,-115,14,72,0,117,14]"
CSI_DATA,122858,d8:b1:90:d9:de:f0,-35,11,-99,-36,37,104,-1590308887,100,0,114,0,"[-5,-35,-4,-39,-1,-40,1,-43,4,-42,4,-40,5,-39,7,-38,7,-36,7,-35,7,-33,7,-32,7,-33,8,-35,7,-38,7,-38,8,-40,9,-40,8,-43,8,-42,9,-43,9,-45,9,-43,8,-43,9,-42,9,-40,9,-39,9,-40,0,0,9,-38,11,-39,11,-40,11,-40,12,-42,12,-42,12,-42,12,-42,11,-42,11,-39,9,-39,9,-39,8,-38,8,-36,8,-33,7,-33,5,-32,8,-32,7,-35,8,-35,8,-36,9,-39,9,-38,11,-39,14,-39,14,-38,15,-33,16,-31]"
CSI_DATA,122859,d8:b1:90:d9:de:f0,-39,9,-99,-35,40,104,-1590237302,130,0,106,0,"[77,0,-60,0,-114,0,-6,0,-64,0,3,0,-38,0,-18,0,-33,0,-52,0,-42,0,-85,0,-59,0,-103,0,-92,0,-110,0,106,0,-108,0,54,0,-104,0,10,0,-96,0,-20,14,-94,0,-36,14,-106,0,0,0,0,0,-61,14,81,0,-89,14,29,0,110,14,-26,14,48,14,-71,14,-10,13,-91,14,-45,13,-85,14,-51,13,-60,14,-35,13,-25,14,-11,13,4,0,16,14,27,0,68,14,27,0,120,14,5,0,-87,14]"
CSI_DATA,122860,d8:b1:90:d9:de:f0,-38,9,-99,-34,39,104,-1590226097,120,0,106,0,"[122,0,93,15,-106,0,22,15,-104,0,-23,14,-119,0,-31,14,133,0,-18,14,124,0,4,15,130,0,31,15,-131,0,69,15,-118,0,123,15,-105,0,-79,15,-105,0,-21,15,-115,0,28,0,-132,0,54,0,0,0,0,0,69,0,90,0,1,0,102,0,-80,15,-133,0,112,15,-98,0,47,15,-64,0,19,15,-39,0,28,15,-26,0,54,15,-28,0,83,15,-39,0,120,15,-63,0,-123,15,-110,0,-110,15,93,0,-102,15]"
CSI_DATA,122861,d8:b1:90:d9:de:f0,-39,9,-99,-35,40,104,-1590225649,120,0,106,0,"[-64,0,74,0,11,0,85,0,61,0,66,0,62,0,38,0,44,0,14,0,21,0,4,0,-5,0,0,0,-38,0,14,0,-80,0,56,0,123,0,92,0,80,0,121,0,53,0,-105,0,29,0,-108,0,0,0,0,0,-17,14,95,0,-69,14,55,0,111,14,11,0,33,14,-13,14,-37,13,-20,14,-74,13,-12,14,-71,13,17,0,-47,13,40,0,-14,13,62,0,32,14,73,0,83,14,57,0,-111,14,14,0,-76,14]"
CSI_DATA,122862,d8:b1:90:d9:de:f0,-38,11,-99,-32,39,104,-1590028884,277,0,106,0,"[-93,15,-82,0,-119,15,3,1,-119,15,57,1,-95,15,72,1,-77,15,59,1,-53,15,34,1,-49,15,-9,0,-53,15,-57,0,-69,15,122,0,-92,15,44,0,-112,15,-27,15,-122,15,-66,15,-114,15,-87,15,0,0,0,0,-35,15,-93,15,33,0,-89,15,-125,0,-103,15,-41,0,-123,15,21,1,105,15,49,1,87,15,38,1,79,15,4,1,84,15,-35,0,94,15,-80,0,-126,15,-122,0,-78,15,96,0,-8,15,80,0]"
CSI_DATA,122863,d8:b1:90:d9:de:f0,-38,9,-99,-34,39,104,-1590028403,98,0,106,0,"[110,15,-132,0,51,15,-63,0,41,15,-10,0,57,15,15,1,87,15,10,1,120,15,0,1,-131,15,-31,0,-118,15,-78,0,-115,15,120,0,-116,15,41,0,-120,15,-34,15,-117,15,-77,15,-106,15,-99,15,0,0,0,0,-31,15,-110,15,33,0,-112,15,127,0,-135,15,-64,0,110,15,-4,0,74,15,15,1,52,15,-3,0,44,15,-37,0,45,15,-70,0,62,15,-111,0,98,15,127,0,-116,15,110,0,-49,15,109,0]"
CSI_DATA,122864,d8:b1:90:d9:de:f0,-39,11,-99,-35,40,104,-1589402186,277,0,106,0,"[-77,0,-103,14,-34,0,68,14,-42,0,4,14,-75,0,-23,13,115,0,-34,13,72,0,-19,13,50,0,9,14,46,0,50,14,67,0,106,14,102,0,-96,14,-105,0,-69,14,-79,0,-63,14,-84,0,-60,14,0,0,0,0,108,0,-18,14,88,0,34,0,89,0,109,0,114,0,-67,0,-92,0,-17,0,-52,0,-18,0,-30,0,-50,0,-34,0,-82,0,-41,0,-121,0,-55,0,103,0,-84,0,100,0,-113,0,98,0,110,0]"
CSI_DATA,122865,d8:b1:90:d9:de:f0,-38,9,-99,-35,39,104,-1589401687,337,0,106,0,"[-126,0,-129,0,-52,0,-76,0,5,1,-76,0,29,1,-105,0,35,1,-139,0,3,1,112,0,-26,0,94,0,-74,0,97,0,129,0,118,0,59,0,-125,0,0,0,-91,0,-28,16,-79,0,-39,16,-92,0,0,0,0,0,-49,16,123,0,-89,16,43,0,119,16,-16,16,49,16,-78,16,-7,15,-100,16,-42,15,-103,16,-49,15,-80,16,-23,15,-58,16,8,16,-45,16,39,16,-43,16,77,16,-56,16,116,16,-83,16,-136,16]"
CSI_DATA,122866,d8:b1:90:d9:de:f0,-39,9,-99,-35,40,104,-1589401493,317,0,106,0,"[49,14,11,0,-29,13,38,0,-66,13,83,0,-49,13,117,0,-22,13,-112,0,16,14,-101,0,50,14,-116,0,78,14,94,0,99,14,34,0,109,14,-30,14,114,14,-86,14,111,14,-118,14,123,14,-118,14,0,0,0,0,-57,14,-103,14,6,0,-93,14,90,0,-110,14,-87,0,102,14,-43,0,56,14,-34,0,34,14,-54,0,28,14,-76,0,36,14,-104,0,52,14,-121,0,70,14,123,0,106,14,-122,0,-105,14,-124,0]"
CSI_DATA,122867,d8:b1:90:d9:de:f0,-38,9,-99,-35,39,104,-1589401271,130,0,106,0,"[26,0,-64,0,61,0,21,1,115,0,54,1,-117,0,38,1,-86,0,4,1,-89,0,-35,0,-102,0,-80,0,133,0,-105,0,62,0,-113,0,-10,16,-111,0,-73,16,-104,0,-99,16,-99,0,-97,16,-116,0,0,0,0,0,-80,16,105,0,-99,16,20,0,127,16,-57,16,68,16,-121,16,8,16,123,16,-23,15,131,16,-30,15,-121,16,-16,15,-90,16,10,16,-67,16,41,16,-56,16,80,16,-62,16,115,16,-82,16,-135,16]"
CSI_DATA,122868,d8:b1:90:d9:de:f0,-39,9,-99,-35,40,104,-1589401136,113,0,106,0,"[-55,0,-36,14,16,0,-72,14,44,0,121,14,24,0,80,14,-11,0,57,14,-55,0,56,14,-86,0,71,14,-105,0,108,14,-111,0,-77,14,-106,0,-10,14,-93,0,38,0,-81,0,59,0,-85,0,63,0,0,0,0,0,93,0,67,0,34,0,89,0,-27,14,-111,0,-72,14,-43,0,-81,14,13,0,-70,14,46,0,-48,14,47,0,-23,14,29,0,-5,14,0,0,5,0,-31,0,-8,14,-62,0,-32,14,-88,0,-47,14]"
CSI_DATA,122869,d8:b1:90:d9:de:f0,-38,9,-99,-35,39,104,-1589401018,101,0,106,0,"[79,0,-71,0,135,0,-2,0,-83,0,14,1,-50,0,-13,0,-30,0,-56,0,-37,0,-100,0,-52,0,-135,0,-89,0,134,0,117,0,-137,0,54,0,-119,0,8,0,-98,0,-18,16,-86,0,-20,16,-99,0,0,0,0,0,-40,16,126,0,-88,16,67,0,112,16,25,0,42,16,-4,16,-19,15,6,0,-54,15,29,0,-43,15,51,0,-11,15,66,0,21,16,75,0,42,16,75,0,67,16,59,0,87,16,32,0,110,16]"
CSI_DATA,122870,d8:b1:90:d9:de:f0,-41,11,-99,-35,42,104,-1589308912,100,0,228,0,"[-5,-6,-7,-8,-9,-10,-10,-11,-12,-14,-12,-16,-12,-17,84,34,-10,-19,-8,-19,-6,-18,-6,-18,-5,-17,-5,-16,-4,-16,-5,-14,-6,-13,-6,-12,-7,-11,-9,-10,-10,-8,-26,-23,-12,-6,-13,-6,-13,-6,-13,-6,-11,-6,-11,-5,0,0,-8,-3,-7,-2,-6,0,-6,2,-5,3,-5,6,-57,11,-5,13,-6,15,-7,16,-8,17,-9,17,-10,17,-10,16,-11,16,-11,15,-11,14,-11,13,-11,12,-11,11,66,11,-10,10,-9,10,-7,10,-7,10,-6,8,-6,7,-5,6,6,-6,0,-12,-8,-10,-13,-2,-11,8,-3,12,6,10,0,-16,6,-6,0,-7,-6,-2,-6,4,0,9,9,6,13,-3,8,-13,-3,-18,-17,-11,-23,3,-15,20,2,25,8,10,25,0,16,-16,0,-22,-13,-15,-18,0,-11,11,0,0,10,8,13,-3,5,-11,-5,-12,-13,-3,-11,7,-7,23,7,11,13,2,9,-6,1,-9,-4,-6,-5,0,-1,3,2,1,3,-2,0,-5,-6,-3,-10,2,-6,10,-8,26,13,11,20,0,16,-14,4,-22,-10,-19,-20,-8,-17,4]"
CSI_DATA,122871,d8:b1:90:d9:de:f0,-39,11,-99,-36,40,104,-1589193286,277,0,106,0,"[73,0,-76,0,125,0,5,1,-66,0,26,1,-22,0,-4,0,-9,0,-47,0,-19,0,-91,0,-50,0,126,0,-113,0,113,0,73,0,124,0,-1,15,-105,0,-42,15,-73,0,-53,15,-60,0,-44,15,-76,0,0,0,0,0,-45,15,79,0,-72,15,5,0,126,15,-68,15,55,15,-117,15,-5,14,123,15,-28,14,-120,15,-22,14,-92,15,-1,14,-70,15,25,15,-51,15,58,15,-49,15,90,15,-58,15,114,15,-75,15,-116,15]"
CSI_DATA,122872,d8:b1:90:d9:de:f0,-38,9,-99,-35,39,104,-1589192805,108,0,106,0,"[-75,0,51,0,23,1,65,0,87,1,45,0,97,1,15,0,73,1,-7,16,29,1,-16,16,-20,0,-5,16,-83,0,32,0,127,0,88,0,58,0,-122,0,13,0,-73,0,-3,16,-55,0,-9,16,-71,0,0,0,0,0,-37,16,88,0,-71,16,-1,16,-139,16,-91,16,74,16,112,16,30,16,76,16,11,16,64,16,22,16,76,16,40,16,98,16,79,16,118,16,122,16,127,16,-109,16,125,16,-64,16,119,16,-30,16]"
CSI_DATA,122873,d8:b1:90:d9:de:f0,-37,9,-99,-36,39,104,-1588983888,113,0,106,0,"[56,16,-22,16,-31,15,-13,16,-79,15,16,0,-83,15,47,0,-54,15,75,0,-16,15,86,0,21,16,75,0,78,16,44,0,139,16,-19,16,-103,16,-99,16,-66,16,113,16,-54,16,75,16,-50,16,75,16,0,0,0,0,-10,16,133,16,57,0,-97,16,-125,0,-60,16,-17,0,-43,16,54,1,-56,16,81,1,-76,16,60,1,-103,16,12,1,-107,16,-26,0,-102,16,-72,0,-69,16,-104,0,-15,16,-115,0,44,0,-120,0]"
CSI_DATA,122874,d8:b1:90:d9:de:f0,-38,11,-99,-36,39,104,-1588566588,277,0,106,0,"[30,0,-43,0,71,0,29,1,123,0,54,1,-124,0,28,1,-107,0,-13,0,-118,0,-58,0,-138,0,-88,0,98,0,-106,0,28,0,-120,0,-42,16,-111,0,-97,16,-97,0,-129,16,-90,0,-118,16,-97,0,0,0,0,0,-100,16,130,0,-122,16,53,0,131,16,-21,16,77,16,-88,16,16,16,-120,16,-17,15,-120,16,-17,15,-103,16,2,16,-74,16,21,16,-59,16,43,16,-56,16,76,16,-71,16,106,16,-96,16,120,16]"
CSI_DATA,122875,d8:b1:90:d9:de:f0,-37,9,-99,-33,38,104,-1588566098,130,0,106,0,"[46,17,20,0,-32,16,54,0,-53,16,113,0,-31,16,-139,0,6,17,-115,0,49,17,-122,0,80,17,-140,0,95,17,117,0,100,17,53,0,84,17,-16,17,65,17,-64,17,54,17,-81,17,63,17,-80,17,0,0,0,0,114,17,-79,17,-116,17,-99,17,-68,17,125,17,-36,17,53,17,-24,17,-8,16,-36,17,-40,16,-62,17,-36,16,-86,17,-6,16,-85,17,26,17,-91,17,49,17,-65,17,60,17,-27,17,70,17,-15,17]"
CSI_DATA,122876,d8:b1:90:d9:de:f0,-38,9,-99,-35,39,104,-1588357234,98,0,106,0,"[-110,0,113,16,-63,0,44,16,-62,0,-16,15,-92,0,-37,15,-137,0,-33,15,97,0,-5,15,75,0,40,16,79,0,104,16,103,0,-97,16,-137,0,-17,16,-97,0,38,0,-75,0,58,0,-80,0,61,0,0,0,0,0,119,0,89,0,58,0,125,0,-13,16,-91,0,-57,16,-21,0,-78,16,37,1,-74,16,56,1,-62,16,49,1,-45,16,20,1,-42,16,-9,0,-47,16,-35,0,-66,16,-78,0,-88,16,-114,0,-115,16]"
CSI_DATA,122877,d8:b1:90:d9:de:f0,-37,9,-99,-37,39,104,-1588357111,98,0,106,0,"[-142,17,101,17,99,17,35,17,38,17,24,17,20,17,39,17,24,17,87,17,39,17,129,17,72,17,-145,17,129,17,-136,17,-83,17,-145,17,0,0,121,17,70,0,97,17,99,0,85,17,100,0,101,17,0,0,0,0,113,0,-136,17,-147,0,-64,17,-84,0,4,0,-27,0,65,0,23,1,94,0,47,1,100,0,30,1,87,0,10,1,72,0,-17,0,70,0,-43,0,75,0,-83,0,91,0,-115,0,112,0,-147,0]"
CSI_DATA,122878,d8:b1:90:d9:de:f0,-34,11,-99,-37,36,104,-1588309190,100,0,114,0,"[-32,-24,-32,-29,-32,-34,-30,-37,-29,-39,-27,-40,-24,-39,-22,-39,-21,-35,-21,-35,-19,-35,-19,-35,-19,-35,-21,-37,-21,-39,-21,-40,-21,-42,-21,-44,-22,-47,-22,-45,-24,-47,-22,-47,-24,-48,-22,-48,-21,-45,-19,-45,-19,-44,-19,-44,0,0,-17,-44,-16,-44,-16,-45,-16,-45,-16,-47,-16,-47,-16,-47,-16,-50,-14,-48,-16,-47,-16,-45,-14,-45,-14,-42,-13,-40,-9,-39,-11,-37,-9,-35,-9,-35,-11,-37,-9,-39,-11,-42,-8,-44,-9,-44,-6,-47,-3,-47,-1,-47,1,-44,4,-39]"
CSI_DATA,122879,d8:b1:90:d9:de:f0,-37,9,-99,-34,38,104,-1588148335,407,0,106,0,"[70,17,-70,17,-19,16,-52,17,-62,16,-2,17,-54,16,55,0,-27,16,87,0,19,17,104,0,52,17,97,0,82,17,72,0,116,17,8,0,136,17,-58,17,143,17,-109,17,-152,17,-137,17,-135,17,-143,17,0,0,0,0,-65,17,-144,17,3,0,146,17,78,0,99,17,134,0,36,17,-143,0,-24,16,-146,0,-57,16,115,0,-62,16,77,0,-29,16,45,0,3,17,33,0,39,17,47,0,90,17,84,0,133,17,117,0]"
CSI_DATA,122880,d8:b1:90:d9:de:f0,-36,11,-99,-33,37,104,-1587939889,277,0,106,0,"[-132,0,120,0,-22,0,139,0,49,1,99,0,67,1,28,0,63,1,-20,19,33,1,-53,19,-10,0,-71,19,-38,0,-55,19,-81,0,-20,19,-104,0,38,0,-134,0,79,0,-154,0,91,0,142,0,95,0,0,0,0,0,41,0,111,0,-29,19,120,0,-115,19,-147,0,159,19,-69,0,146,19,14,1,163,19,46,1,-119,19,60,1,-68,19,34,1,-31,19,9,1,-7,19,-32,0,-3,19,-75,0,-25,19,-114,0,-47,19]"
CSI_DATA,122881,d8:b1:90:d9:de:f0,-37,9,-99,-35,38,104,-1587939417,435,0,106,0,"[73,0,108,18,88,0,1,18,59,0,-64,17,14,0,-77,17,-15,18,-53,17,-37,18,-24,17,-30,18,14,18,1,0,51,18,52,0,91,18,105,0,136,18,151,0,-134,18,-143,0,-106,18,-152,0,-73,18,0,0,0,0,100,0,20,0,58,0,95,0,30,0,-113,0,19,0,-13,0,29,0,58,1,50,0,86,1,66,0,69,1,86,0,40,1,88,0,-7,0,74,0,-50,0,42,0,-89,0,-1,18,-122,0,-39,18]"
CSI_DATA,122882,d8:b1:90:d9:de:f0,-37,9,-99,-34,38,104,-1587939147,130,0,106,0,"[146,0,-140,0,-52,0,-95,0,24,1,-111,0,46,1,141,0,43,1,97,0,17,1,59,0,-13,0,46,0,-58,0,48,0,-116,0,83,0,137,0,120,0,95,0,148,0,67,0,-144,0,43,0,139,0,0,0,0,0,-30,17,68,0,-103,17,17,0,106,17,-19,17,8,17,-29,17,-66,16,-4,17,-89,16,21,0,-66,16,58,0,-29,16,73,0,13,17,90,0,49,17,87,0,91,17,65,0,125,17,23,0,-147,17]"
CSI_DATA,122883,d8:b1:90:d9:de:f0,-37,9,-99,-33,38,104,-1587730536,108,0,106,0,"[66,0,65,17,50,0,-26,16,2,0,-72,16,-47,17,-70,16,-77,17,-35,16,-86,17,-12,16,-80,17,26,17,-64,17,53,17,-20,17,78,17,32,0,109,17,73,0,144,17,105,0,-127,17,115,0,-95,17,0,0,0,0,115,0,-8,17,128,0,60,0,-133,0,143,0,-85,0,-86,0,-41,0,-54,0,-16,0,-53,0,-8,0,-91,0,-12,0,-121,0,-31,0,139,0,-62,0,101,0,-106,0,91,0,138,0,101,0,86,0]"
CSI_DATA,122884,d8:b1:90:d9:de:f0,-37,11,-99,-33,38,104,-1587522090,277,0,106,0,"[130,0,-98,0,-95,0,-42,0,-33,0,-33,0,-5,0,-58,0,-2,0,-107,0,-20,0,-136,0,-32,0,143,0,-64,0,142,0,-120,0,-143,0,121,0,-132,0,62,0,-115,0,27,0,-116,0,2,0,-129,0,0,0,0,0,-58,17,110,0,-112,17,62,0,101,17,27,0,24,17,3,0,-39,16,9,0,-70,16,34,0,-60,16,51,0,-26,16,84,0,16,17,97,0,48,17,94,0,88,17,77,0,129,17,36,0,-139,17]"
CSI_DATA,122885,d8:b1:90:d9:de:f0,-38,9,-99,-35,39,104,-1587521600,120,0,106,0,"[2,0,-47,0,19,0,38,1,46,0,77,1,75,0,68,1,83,0,47,1,77,0,14,1,62,0,-7,0,26,0,-37,0,-27,16,-81,0,-80,16,-127,0,-122,16,114,0,133,16,76,0,131,16,45,0,0,0,0,0,-99,16,-38,16,-52,16,-95,16,-9,16,97,16,22,0,20,16,37,0,-49,15,32,0,-74,15,27,0,-64,15,11,0,-31,15,2,0,10,16,2,0,32,16,17,0,83,16,46,0,-138,16,76,0]"
CSI_DATA,122886,d8:b1:90:d9:de:f0,-37,9,-99,-35,38,104,-1587479636,101,0,106,0,"[-88,0,-116,18,-20,0,124,18,-22,0,61,18,-48,0,33,18,-83,0,19,18,-134,0,19,18,-154,0,33,18,150,0,64,18,149,0,117,18,155,0,-129,18,-146,0,-74,18,-143,0,-31,18,-155,0,-1,18,0,0,0,0,119,0,62,0,77,0,111,0,44,0,-114,0,24,0,-35,0,42,0,31,1,73,0,59,1,102,0,46,1,132,0,4,1,149,0,-40,0,151,0,-75,0,127,0,-123,0,86,0,143,0,25,0]"
CSI_DATA,122887,d8:b1:90:d9:de:f0,-37,9,-99,-36,39,104,-1587312692,98,0,106,0,"[-92,16,-112,0,-125,16,-30,0,-124,16,23,1,-102,16,37,1,-79,16,42,1,-54,16,11,1,-58,16,-11,0,-76,16,-38,0,-105,16,-90,0,-143,16,-139,0,105,16,103,0,95,16,75,0,108,16,56,0,0,0,0,0,-114,16,-12,16,-59,16,-70,16,-13,16,131,16,13,0,35,16,11,0,-43,15,-8,16,-77,15,-34,16,-76,15,-59,16,-47,15,-69,16,-4,15,-66,16,25,16,-48,16,67,16,-10,16,114,16,29,0]"
CSI_DATA,122888,d8:b1:90:d9:de:f0,-38,9,-99,-33,39,104,-1587312578,98,0,106,0,"[-81,0,-49,15,-5,0,-81,15,25,1,-126,15,20,1,106,15,-4,0,92,15,-30,0,95,15,-47,0,111,15,-61,0,-122,15,-71,0,-74,15,-73,0,-9,15,-75,0,36,0,-87,0,62,0,-107,0,71,0,0,0,0,0,68,0,73,0,-3,15,88,0,-90,15,123,0,102,15,-83,0,60,15,-24,0,54,15,9,1,85,15,24,1,124,15,16,1,-112,15,0,1,-88,15,-30,0,-78,15,-73,0,-85,15,-127,0,-96,15]"
CSI_DATA,122889,d8:b1:90:d9:de:f0,-37,9,-99,-36,39,104,-1587312482,98,0,106,0,"[31,0,-90,0,53,0,-4,0,105,0,38,1,132,0,32,1,-142,0,7,1,-127,0,-24,0,-141,0,-48,0,114,0,-61,0,57,0,-63,0,-1,16,-77,0,-51,16,-89,0,-75,16,-96,0,-81,16,-121,0,0,0,0,0,-80,16,76,0,-93,16,1,0,-131,16,-88,16,96,16,122,16,33,16,78,16,-5,15,71,16,-21,15,104,16,-14,15,132,16,4,16,-115,16,39,16,-87,16,80,16,-83,16,134,16,-85,16,-105,16]"
CSI_DATA,122890,d8:b1:90:d9:de:f0,-40,11,-99,-37,42,104,-1587297550,100,0,228,0,"[-5,2,-8,4,-10,6,-13,8,-16,9,-17,8,-19,8,89,36,-21,6,-20,4,-20,4,-19,3,-18,2,-17,2,-17,2,-16,3,-15,3,-14,4,-13,5,-10,7,-9,8,-27,-24,-7,9,-5,10,-5,11,-4,10,-4,9,-3,8,0,0,-1,5,0,5,3,4,4,2,7,0,10,0,-88,0,16,-1,19,0,21,0,22,0,23,1,23,2,23,3,22,4,22,4,20,5,18,6,17,6,16,6,-26,0,13,5,12,3,10,2,9,0,8,0,7,0,6,0,-2,-9,-9,-5,-11,2,-6,10,1,13,8,7,9,-1,-16,1,-2,-4,-4,0,0,4,4,4,8,-2,5,-9,-3,-13,-14,-8,-18,4,-12,20,5,24,22,14,26,-4,8,-12,-2,-26,-18,-17,-24,0,-15,15,0,19,12,12,0,0,8,-10,-3,-12,-10,-4,-9,5,-1,10,8,8,24,-2,6,-8,-1,-10,-7,-4,-6,2,-1,5,1,3,1,0,-1,-4,-5,0,-4,6,0,11,10,8,17,0,29,-8,2,-22,-13,-21,-25,-7,-25,10,-12,23,4,24,16,14]"
CSI_DATA,122891,d8:b1:90:d9:de:f0,-37,9,-99,-33,38,104,-1587103811,98,0,106,0,"[-86,0,-33,17,-2,0,-108,17,10,1,115,17,-31,0,73,17,-63,0,57,17,-99,0,75,17,-107,0,100,17,-97,0,129,17,-84,0,-132,17,-70,0,-106,17,-66,0,-88,17,-95,0,-75,17,-144,0,-56,17,0,0,0,0,41,0,30,0,-9,17,93,0,-40,17,-116,0,-51,17,-34,0,-40,17,30,1,-19,17,43,1,8,0,41,1,39,0,20,1,58,0,-10,0,78,0,-26,0,81,0,-58,0,71,0,-100,0,53,0]"
CSI_DATA,122892,d8:b1:90:d9:de:f0,-36,9,-99,-34,37,104,-1587075040,130,0,106,0,"[-154,0,-165,20,-112,0,85,20,-121,0,13,20,-162,0,-4,18,142,0,-8,18,116,0,18,20,112,0,40,20,130,0,49,20,160,0,76,20,-164,0,105,20,-164,0,137,20,160,0,-166,20,133,0,-117,20,0,0,0,0,92,0,10,0,68,0,94,0,77,0,-145,0,101,0,-60,0,138,0,4,1,-168,0,21,1,-140,0,2,1,-124,0,-26,0,-116,0,-69,0,-105,0,-105,0,-116,0,-141,0,-157,0,156,0,134,0]"
CSI_DATA,122893,d8:b1:90:d9:de:f0,-37,9,-99,-35,38,104,-1587074335,113,0,106,0,"[83,18,-55,18,-20,17,-42,18,-72,17,-4,18,-57,17,35,0,-28,17,48,0,0,18,46,0,23,18,28,0,40,18,-19,18,56,18,-72,18,72,18,-112,18,106,18,-130,18,146,18,-132,18,-112,18,-111,18,0,0,0,0,8,0,-70,18,96,0,-50,18,-119,0,-37,18,-35,0,-36,18,39,1,-48,18,59,1,-63,18,45,1,-66,18,30,1,-77,18,3,1,-90,18,-25,0,-100,18,-62,0,-85,18,-108,0,-66,18,145,0]"
CSI_DATA,122894,d8:b1:90:d9:de:f0,-37,11,-99,-35,38,104,-1586895392,277,0,106,0,"[66,0,106,18,61,0,3,18,12,0,-47,17,-29,18,-46,17,-56,18,-29,17,-66,18,-3,17,-66,18,14,18,-56,18,17,18,-23,18,30,18,9,0,56,18,33,0,97,18,51,0,138,18,66,0,-128,18,0,0,0,0,81,0,-28,18,103,0,44,0,140,0,127,0,-116,0,-117,0,-61,0,-74,0,-20,0,-67,0,6,1,-96,0,12,1,-136,0,6,1,134,0,-13,0,83,0,-47,0,59,0,-111,0,45,0,140,0]"
CSI_DATA,122895,d8:b1:90:d9:de:f0,-37,9,-99,-36,39,104,-1586894929,224,0,106,0,"[-124,16,-126,0,127,16,-41,0,136,16,14,1,-136,16,25,1,-116,16,6,1,-106,16,-6,0,-121,16,-32,0,-140,16,-63,0,120,16,-100,0,104,16,133,0,109,16,83,0,126,16,38,0,-135,16,0,0,0,0,0,0,-47,16,-59,16,19,0,-96,16,96,0,139,16,-121,0,87,16,-75,0,41,16,-51,0,6,16,-62,0,3,16,-87,0,1,16,-109,0,16,16,-142,0,38,16,120,0,81,16,98,0,136,16,89,0]"
CSI_DATA,122896,d8:b1:90:d9:de:f0,-37,9,-99,-35,38,104,-1586894775,98,0,106,0,"[-97,18,-119,0,-121,18,-26,0,-107,18,30,1,-79,18,42,1,-66,18,30,1,-67,18,3,1,-77,18,-14,0,-101,18,-34,0,-134,18,-73,0,148,18,-122,0,146,18,139,0,149,18,90,0,-143,18,39,0,0,0,0,0,-68,18,-47,18,-15,18,-105,18,41,0,129,18,91,0,48,18,123,0,-17,17,141,0,-47,17,122,0,-58,17,100,0,-42,17,80,0,-19,17,50,0,6,18,40,0,52,18,47,0,117,18,59,0]"
CSI_DATA,122897,d8:b1:90:d9:de:f0,-37,11,-99,-37,39,104,-1586477593,277,0,106,0,"[-105,0,-84,17,-39,0,-136,17,-20,0,112,17,-30,0,88,17,-49,0,75,17,-61,0,69,17,-71,0,76,17,-80,0,85,17,-91,0,115,17,-113,0,-129,17,-144,0,-66,17,124,0,-13,17,97,0,28,0,0,0,0,0,33,0,93,0,-17,17,112,0,-88,17,-143,0,140,17,-93,0,90,17,-38,0,80,17,0,1,97,17,18,1,133,17,32,1,-116,17,24,1,-69,17,6,1,-30,17,-45,0,-12,17,-113,0,-19,17]"
CSI_DATA,122898,d8:b1:90:d9:de:f0,-38,9,-99,-34,39,104,-1586477121,113,0,106,0,"[-92,15,100,15,130,15,39,15,101,15,10,15,88,15,5,15,98,15,13,15,106,15,22,15,123,15,19,15,-119,15,24,15,-82,15,44,15,-29,15,78,15,25,0,130,15,63,0,-91,15,82,0,-52,15,0,0,0,0,78,0,29,0,43,0,82,0,4,0,-111,0,-42,15,-34,0,-68,15,24,1,-79,15,70,1,-72,15,78,1,-49,15,69,1,-28,15,50,1,-14,15,13,1,2,0,-44,0,3,0,-117,0,-21,15]"
CSI_DATA,122899,d8:b1:90:d9:de:f0,-37,9,-99,-34,38,104,-1586445779,108,0,106,0,"[-101,0,-17,17,-11,0,-51,17,27,1,-98,17,19,1,-129,17,3,1,-144,17,-17,0,146,17,-30,0,143,17,-42,0,-149,17,-57,0,-112,17,-92,0,-68,17,-127,0,-26,17,142,0,16,0,103,0,42,0,0,0,0,0,19,0,83,0,-47,17,96,0,-130,17,122,0,92,17,-141,0,40,17,-82,0,20,17,-38,0,43,17,-13,0,82,17,-2,0,133,17,-1,0,-122,17,-7,0,-71,17,-51,0,-39,17,-124,0,-36,17]"
CSI_DATA,122900,d8:b1:90:d9:de:f0,-36,9,-99,-32,37,104,-1586411340,252,0,106,0,"[117,18,59,0,27,18,108,0,-3,17,153,0,0,18,-135,0,17,18,-124,0,27,18,-125,0,40,18,-132,0,44,18,-153,0,50,18,133,0,78,18,80,0,122,18,28,0,-154,18,-18,18,-112,18,-49,18,0,0,0,0,-15,18,-84,18,55,0,-88,18,157,0,-117,18,-69,0,-149,18,-6,0,132,18,27,1,100,18,21,1,75,18,-10,0,55,18,-59,0,42,18,-112,0,51,18,151,0,85,18,112,0,147,18,75,0]"
CSI_DATA,122901,d8:b1:90:d9:de:f0,-37,9,-99,-34,38,104,-1586396787,98,0,106,0,"[51,0,109,17,66,0,22,17,59,0,-28,16,52,0,-42,16,45,0,-40,16,54,0,-23,16,65,0,-10,16,87,0,1,17,106,0,39,17,130,0,97,17,139,0,-129,17,134,0,-71,17,117,0,-23,17,0,0,0,0,60,0,65,0,-11,17,103,0,-89,17,-143,0,137,17,-86,0,82,17,-34,0,54,17,0,1,60,17,14,1,87,17,15,1,116,17,2,1,150,17,-15,0,-117,17,-58,0,-84,17,-129,0,-67,17]"
CSI_DATA,122902,d8:b1:90:d9:de:f0,-35,11,-99,-36,37,104,-1586308787,100,0,114,0,"[-24,-22,-24,-26,-25,-29,-24,-32,-22,-33,-21,-33,-18,-33,-18,-32,-18,-31,-15,-31,-15,-29,-15,-29,-15,-31,-15,-31,-15,-32,-18,-32,-19,-33,-19,-36,-21,-38,-21,-38,-21,-39,-22,-39,-21,-39,-22,-38,-21,-38,-19,-39,-19,-36,-19,-38,0,0,-19,-36,-19,-38,-19,-39,-21,-40,-21,-40,-21,-42,-21,-42,-21,-42,-21,-39,-19,-40,-18,-39,-19,-38,-18,-35,-18,-33,-18,-33,-18,-32,-18,-31,-18,-31,-19,-32,-18,-32,-19,-33,-19,-35,-19,-38,-18,-39,-16,-38,-14,-38,-12,-38,-8,-35]"
CSI_DATA,122903,d8:b1:90:d9:de:f0,-37,11,-99,-35,38,104,-1586268694,277,0,106,0,"[24,0,105,18,8,0,14,18,-33,18,-29,17,-68,18,-24,17,-99,18,-19,17,-100,18,4,18,-111,18,18,18,-97,18,20,18,-66,18,34,18,-34,18,67,18,3,0,95,18,30,0,132,18,52,0,-141,18,0,0,0,0,75,0,-48,18,94,0,33,0,148,0,117,0,-105,0,-121,0,-36,0,-78,0,17,1,-75,0,51,1,-106,0,52,1,152,0,37,1,90,0,17,1,40,0,-40,0,1,0,-119,0,4,0,114,0]"
CSI_DATA,122904,d8:b1:90:d9:de:f0,-37,9,-99,-34,38,104,-1586268222,130,0,106,0,"[-143,17,-140,17,87,17,110,17,38,17,102,17,24,17,112,17,30,17,123,17,40,17,129,17,53,17,128,17,79,17,117,17,120,17,103,17,-130,17,108,17,-79,17,124,17,-36,17,-149,17,3,0,-117,17,0,0,0,0,61,0,-15,17,84,0,53,0,117,0,142,0,-142,0,-83,0,-95,0,-16,0,-65,0,10,1,-51,0,-3,0,-46,0,-27,0,-42,0,-62,0,-48,0,-105,0,-82,0,150,0,-142,0,109,0,83,0]"
CSI_DATA,122905,d8:b1:90:d9:de:f0,-38,11,-99,-34,39,104,-1585850895,277,0,106,0,"[23,0,-98,0,41,0,-32,0,66,0,0,1,81,0,9,1,94,0,6,1,92,0,-1,0,94,0,-1,0,90,0,3,1,67,0,-12,0,39,0,-47,0,7,0,-91,0,-23,15,133,0,-44,15,91,0,0,0,0,0,-63,15,13,0,-61,15,-45,15,-69,15,-123,15,-79,15,64,15,-102,15,6,15,-134,15,-34,14,103,15,-38,14,73,15,-8,14,51,15,31,15,41,15,77,15,54,15,-133,15,105,15,-74,15,-87,15]"
CSI_DATA,122906,d8:b1:90:d9:de:f0,-37,9,-99,-32,38,104,-1585850396,98,0,106,0,"[104,16,-23,16,31,16,-44,16,-12,15,-51,16,-24,15,-62,16,-15,15,-77,16,-11,15,-85,16,1,16,-107,16,13,16,-130,16,43,16,133,16,100,16,126,16,-113,16,127,16,-53,16,-141,16,0,0,-115,16,0,0,0,0,63,0,-39,16,80,0,22,0,103,0,107,0,118,0,-88,0,138,0,-13,0,-138,0,32,1,-129,0,37,1,-112,0,28,1,-99,0,8,1,-103,0,-25,0,-115,0,-79,0,136,0,139,0,63,0]"
CSI_DATA,122907,d8:b1:90:d9:de:f0,-38,9,-99,-35,39,104,-1585809550,98,0,106,0,"[92,0,122,16,130,0,63,16,-122,0,27,16,-122,0,19,16,-118,0,26,16,-105,0,42,16,-88,0,54,16,-70,0,73,16,-63,0,111,16,-69,0,-117,16,-101,0,-65,16,-138,0,-13,16,99,0,27,0,0,0,0,0,17,0,68,0,-49,16,63,0,-129,16,59,0,66,16,53,0,-5,15,49,0,-53,15,53,0,-71,15,62,0,-64,15,73,0,-44,15,90,0,-13,15,119,0,39,16,118,0,113,16,95,0,-83,16]"
CSI_DATA,122908,d8:b1:90:d9:de:f0,-37,9,-99,-34,38,104,-1585769446,98,0,106,0,"[114,17,72,0,40,17,104,0,8,17,139,0,9,17,-146,0,20,17,-140,0,21,17,150,0,13,17,146,0,10,17,135,0,13,17,106,0,40,17,73,0,90,17,39,0,139,17,-1,17,-117,17,-33,17,0,0,0,0,-27,17,-77,17,40,0,-76,17,120,0,-92,17,-91,0,-109,17,-21,0,-134,17,24,1,139,17,28,1,108,17,5,1,82,17,-30,0,52,17,-87,0,30,17,148,0,46,17,91,0,109,17,36,0]"
CSI_DATA,122909,d8:b1:90:d9:de:f0,-37,11,-99,-35,38,104,-1585433096,277,0,106,0,"[111,18,64,0,37,18,100,0,11,18,124,0,12,18,127,0,20,18,116,0,25,18,103,0,2,18,88,0,-7,17,62,0,-3,17,36,0,20,18,8,0,75,18,-20,18,144,18,-35,18,-105,18,-53,18,0,0,0,0,1,0,-79,18,70,0,-64,18,149,0,-55,18,-79,0,-31,18,-14,0,-17,18,40,1,-17,18,59,1,-24,18,62,1,-53,18,46,1,-86,18,28,1,-113,18,-29,0,-139,18,-113,0,-134,18,106,0]"
CSI_DATA,122910,d8:b1:90:d9:de:f0,-37,9,-99,-36,39,104,-1585432624,130,0,106,0,"[129,16,121,0,86,16,-109,0,74,16,-71,0,89,16,-58,0,97,16,-59,0,95,16,-72,0,81,16,-77,0,72,16,-78,0,66,16,-98,0,83,16,-123,0,115,16,121,0,-136,16,80,0,-105,16,29,0,0,0,0,0,-38,16,-61,16,5,0,-90,16,54,0,-134,16,109,0,103,16,-130,0,51,16,-103,0,15,16,-112,0,-10,15,-143,0,-26,15,99,0,-35,15,50,0,-38,15,-3,16,-5,15,-30,16,69,16,-39,16]"
CSI_DATA,122911,d8:b1:90:d9:de:f0,-38,9,-99,-34,39,104,-1585432462,101,0,106,0,"[-113,15,123,15,99,15,83,15,59,15,76,15,46,15,88,15,54,15,97,15,55,15,103,15,52,15,95,15,59,15,84,15,72,15,82,15,98,15,94,15,-133,15,116,15,-86,15,-120,15,-38,15,-94,15,0,0,0,0,49,0,-44,15,88,0,-12,15,-134,0,33,0,-83,0,75,0,-29,0,103,0,16,1,112,0,41,1,100,0,48,1,61,0,51,1,22,0,40,1,-27,15,-2,0,-69,15,-83,0,-91,15,99,0]"
CSI_DATA,122912,d8:b1:90:d9:de:f0,-40,11,-99,-34,41,104,-1585308868,100,0,228,0,"[0,-7,-1,-10,-2,-13,-1,-15,0,-18,0,-20,0,-21,91,37,1,-21,0,-21,0,-20,0,-20,0,-19,0,-20,0,-20,0,-21,-1,-21,-1,-21,-1,-20,-1,-19,-2,-18,-28,-25,-3,-14,-3,-11,-4,-10,-4,-7,-3,-5,-4,-4,0,0,-4,0,-4,1,-4,3,-4,5,-3,7,-3,10,-40,12,-2,15,-1,17,-1,19,-1,21,-2,22,-2,23,-3,23,-4,23,-5,23,-6,22,-8,21,-9,21,-10,20,91,12,-11,15,-11,13,-10,10,-9,8,-6,5,-5,3,-2,1,10,5,13,-3,6,-11,-2,-11,-10,-5,-9,2,-2,6,4,-15,4,0,0,-5,-5,-2,-6,2,-1,9,6,9,13,2,12,-9,1,-18,-13,-15,-22,0,-18,16,0,26,15,3,27,1,20,-17,2,-26,-16,-20,-24,-2,-19,14,0,0,11,16,18,2,14,-10,2,-14,-7,-10,-10,0,-8,19,1,6,5,1,3,-3,-1,-3,-3,0,-1,3,2,2,5,-1,1,-5,-4,-5,-9,0,-8,8,0,15,0,31,21,2,20,-13,6,-26,-11,-25,-25,-12,-26,5,-15,18]"
CSI_DATA,122913,d8:b1:90:d9:de:f0,-37,9,-99,-36,39,104,-1585223733,98,0,106,0,"[121,16,115,0,61,16,-124,0,39,16,-103,0,33,16,-111,0,33,16,-131,0,28,16,133,0,12,16,112,0,1,16,79,0,-3,15,43,0,22,16,14,0,78,16,-15,16,135,16,-41,16,-86,16,-59,16,0,0,0,0,28,0,-69,16,77,0,-44,16,-143,0,-6,16,-79,0,39,0,-15,0,83,0,26,1,111,0,40,1,120,0,50,1,106,0,53,1,86,0,44,1,51,0,5,1,16,0,-66,0,-10,16,120,0]"
CSI_DATA,122914,d8:b1:90:d9:de:f0,-37,11,-99,-34,38,104,-1585015297,277,0,106,0,"[-120,17,-137,0,147,17,-71,0,150,17,-29,0,-139,17,-15,0,-124,17,-17,0,-124,17,-16,0,-124,17,-14,0,-135,17,-5,0,-135,17,-14,0,-128,17,-41,0,-111,17,-106,0,-93,17,137,0,-91,17,74,0,0,0,0,0,-87,17,-28,17,-66,17,-73,17,-52,17,-146,17,-35,17,89,17,-32,17,15,17,-51,17,-32,16,-77,17,-55,16,-124,17,-43,16,130,17,-19,16,95,17,33,17,77,17,103,17,110,17,-124,17,-120,17]"
CSI_DATA,122915,d8:b1:90:d9:de:f0,-37,9,-99,-33,38,104,-1585014834,108,0,106,0,"[-113,0,-78,17,-50,0,-118,17,-25,0,146,17,-26,0,-145,17,-26,0,-135,17,-26,0,-125,17,-11,0,-107,17,-3,0,-88,17,-2,0,-70,17,-31,0,-41,17,-84,0,-12,17,-146,0,18,0,88,0,36,0,0,0,0,0,-13,17,62,0,-70,17,54,0,-142,17,32,0,72,17,8,0,-3,16,-6,17,-47,16,-13,17,-63,16,1,0,-68,16,36,0,-56,16,63,0,-32,16,99,0,23,17,123,0,112,17,127,0,-90,17]"
CSI_DATA,122916,d8:b1:90:d9:de:f0,-37,9,-99,-36,39,104,-1584805908,98,0,106,0,"[97,16,8,0,23,16,23,0,1,16,50,0,-4,15,59,0,-1,15,58,0,-1,15,62,0,-10,15,57,0,-16,15,48,0,-6,15,40,0,23,16,25,0,81,16,12,0,-141,16,-14,16,-80,16,-39,16,0,0,0,0,8,0,-60,16,62,0,-60,16,135,0,-59,16,-76,0,-57,16,-7,0,-65,16,37,1,-78,16,48,1,-112,16,37,1,135,16,12,1,98,16,-33,0,67,16,-98,0,67,16,104,0,90,16,38,0]"
CSI_DATA,122917,d8:b1:90:d9:de:f0,-37,11,-99,-33,38,104,-1584597498,277,0,106,0,"[101,17,-41,17,32,17,-53,17,-6,16,-43,17,-9,16,-48,17,-12,16,-49,17,-6,16,-41,17,-18,16,-51,17,-23,16,-72,17,-6,16,-73,17,36,17,-84,17,98,17,-88,17,-129,17,-87,17,-71,17,-87,17,0,0,0,0,30,0,-91,17,75,0,-66,17,143,0,-32,17,-81,0,5,0,-9,0,27,0,45,1,21,0,69,1,8,0,64,1,-34,17,55,1,-71,17,27,1,-108,17,-30,0,-132,17,-124,0,-136,17,88,0]"
CSI_DATA,122918,d8:b1:90:d9:de:f0,-37,9,-99,-36,39,104,-1584597053,130,0,106,0,"[-5,16,98,16,-4,16,25,16,-6,16,-5,15,4,0,-15,15,20,0,-6,15,38,0,-8,15,62,0,-5,15,89,0,-3,15,115,0,17,16,121,0,63,16,116,0,129,16,103,0,-89,16,87,0,-26,16,0,0,0,0,33,0,60,0,-15,16,84,0,-88,16,103,0,117,16,121,0,41,16,-140,0,-6,15,-123,0,-24,15,-107,0,-17,15,-94,0,4,16,-77,0,38,16,-63,0,96,16,-72,0,-118,16,-111,0,-46,16]"
CSI_DATA,122919,d8:b1:90:d9:de:f0,-37,9,-99,-33,38,104,-1584596909,113,0,106,0,"[-147,17,-127,17,101,17,114,17,83,17,81,17,83,17,71,17,94,17,63,17,121,17,40,17,138,17,25,17,-136,17,2,17,-102,17,-1,16,-61,17,27,17,-16,17,83,17,23,0,143,17,61,0,-97,17,0,0,0,0,94,0,6,0,75,0,65,0,48,0,135,0,12,0,-86,0,-25,17,-13,0,-47,17,36,1,-50,17,62,1,-42,17,72,1,-16,17,60,1,17,0,35,1,42,0,-5,0,41,0,-87,0,27,0]"
CSI_DATA,122920,d8:b1:90:d9:de:f0,-37,9,-99,-36,39,104,-1584388136,187,0,106,0,"[-93,0,4,0,-24,0,10,0,12,1,13,0,20,1,17,0,16,1,25,0,11,1,47,0,17,1,69,0,19,1,87,0,-2,0,109,0,-48,0,117,0,-113,0,114,0,104,0,115,0,38,0,106,0,0,0,0,0,-53,16,75,0,-88,16,33,0,-136,16,-26,16,100,16,-96,16,54,16,127,16,14,16,86,16,-15,15,85,16,-25,15,102,16,-31,15,133,16,-31,15,-111,16,4,16,-60,16,80,16,-20,16,-106,16]"
CSI_DATA,122921,d8:b1:90:d9:de:f0,-38,9,-99,-34,39,104,-1584387994,206,0,106,0,"[-114,0,95,0,-57,0,128,0,-25,0,-128,0,-26,0,-124,0,-27,0,-119,0,-38,0,-109,0,-40,0,-95,0,-48,0,-76,0,-67,0,-73,0,-110,0,-84,0,105,0,-113,0,48,0,126,0,0,0,100,0,0,0,0,0,-76,15,39,0,-90,15,-5,15,-112,15,-75,15,-132,15,121,15,112,15,59,15,85,15,13,15,62,15,5,15,41,15,16,15,27,15,49,15,15,15,92,15,33,15,-122,15,83,15,-67,15,-97,15]"
CSI_DATA,122922,d8:b1:90:d9:de:f0,-37,9,-99,-33,38,104,-1584387817,98,0,106,0,"[-102,0,-34,17,-32,0,-48,17,5,1,-56,17,10,1,-60,17,4,1,-54,17,6,1,-49,17,16,1,-39,17,20,1,-19,17,13,1,1,0,-23,0,15,0,-92,0,43,0,143,0,60,0,81,0,73,0,0,0,0,0,-12,17,93,0,-62,17,72,0,-133,17,46,0,86,17,9,0,12,17,-6,17,-45,16,-5,17,-66,16,3,0,-76,16,31,0,-58,16,83,0,-25,16,110,0,40,17,130,0,125,17,123,0,-81,17]"
CSI_DATA,122923,d8:b1:90:d9:de:f0,-35,11,-99,-35,37,104,-1584309167,100,0,114,0,"[-10,30,-13,31,-17,32,-19,32,-21,34,-21,31,-23,30,-21,27,-21,26,-23,26,-20,24,-21,26,-23,24,-21,26,-23,27,-23,28,-24,28,-26,31,-27,30,-28,30,-27,31,-28,32,-30,31,-28,32,-30,32,-28,30,-30,30,-28,30,0,0,-28,28,-28,30,-30,28,-32,31,-31,31,-32,30,-31,31,-32,31,-31,30,-32,31,-31,28,-30,30,-28,27,-27,26,-27,27,-26,24,-26,24,-24,24,-26,24,-27,26,-28,27,-30,27,-32,27,-32,26,-34,26,-34,21,-34,20,-31,16]"
CSI_DATA,122924,d8:b1:90:d9:de:f0,-38,9,-99,-35,39,104,-1584179254,113,0,106,0,"[-85,16,-115,0,-106,16,-46,0,-109,16,-11,0,-101,16,-5,0,-103,16,-6,0,-110,16,-9,0,-121,16,-11,0,-129,16,-8,0,-137,16,-22,0,-126,16,-65,0,-113,16,-126,0,-98,16,88,0,-91,16,30,0,0,0,0,0,-57,16,-54,16,-19,16,-83,16,34,0,-125,16,95,0,101,16,-137,0,45,16,-110,0,-3,15,-119,0,-40,15,125,0,-57,15,78,0,-56,15,26,0,-41,15,-23,16,0,16,-51,16,86,16,-41,16]"
CSI_DATA,122925,d8:b1:90:d9:de:f0,-37,11,-99,-32,38,104,-1583761900,277,0,106,0,"[113,0,-131,0,-124,0,-80,0,-87,0,-65,0,-72,0,-63,0,-75,0,-71,0,-68,0,-79,0,-61,0,-67,0,-60,0,-62,0,-72,0,-67,0,-104,0,-92,0,125,0,-123,0,74,0,132,0,14,0,103,0,0,0,0,0,-65,16,63,0,-96,16,29,0,-142,16,-21,16,95,16,-75,16,34,16,-113,16,-17,15,-124,16,-46,15,-113,16,-58,15,-67,16,-66,15,-17,16,-44,15,33,0,11,16,78,0,95,16,93,0,-92,16]"
CSI_DATA,122926,d8:b1:90:d9:de:f0,-37,9,-99,-35,39,104,-1583761437,130,0,106,0,"[-7,16,88,16,-15,16,18,16,-21,16,-9,15,-20,16,-23,15,-11,16,-17,15,0,0,-19,15,17,0,-25,15,38,0,-23,15,54,0,-3,15,68,0,42,16,69,0,100,16,77,0,-106,16,78,0,-45,16,0,0,0,0,50,0,51,0,16,0,82,0,-45,16,129,0,-110,16,-104,0,113,16,-47,0,77,16,-5,0,77,16,15,1,102,16,28,1,133,16,37,1,-101,16,40,1,-49,16,1,1,-5,16,-69,0,17,0]"
CSI_DATA,122927,d8:b1:90:d9:de:f0,-38,9,-99,-34,39,104,-1583552511,108,0,106,0,"[-123,15,133,0,102,15,-84,0,86,15,-51,0,91,15,-44,0,84,15,-48,0,86,15,-49,0,76,15,-50,0,65,15,-59,0,73,15,-82,0,87,15,-117,0,115,15,105,0,-127,15,54,0,-93,15,-1,15,0,0,0,0,-34,15,-74,15,8,0,-90,15,79,0,-103,15,-122,0,-134,15,-55,0,95,15,-22,0,64,15,-21,0,39,15,-49,0,18,15,-82,0,1,15,-129,0,-12,14,88,0,9,15,29,0,77,15,0,0]"
CSI_DATA,122928,d8:b1:90:d9:de:f0,-37,9,-99,-34,38,104,-1583546338,120,0,106,0,"[112,17,-49,17,45,17,-64,17,0,17,-61,17,-7,16,-58,17,-5,16,-57,17,-8,16,-55,17,-11,16,-65,17,-11,16,-78,17,5,17,-83,17,48,17,-85,17,118,17,-86,17,-117,17,-91,17,-57,17,-90,17,0,0,0,0,35,0,-82,17,78,0,-48,17,142,0,-3,17,-92,0,51,0,-15,0,74,0,38,1,86,0,60,1,62,0,70,1,28,0,60,1,-21,17,35,1,-66,17,-27,0,-102,17,-116,0,-106,17,86,0]"
CSI_DATA,122929,d8:b1:90:d9:de:f0,-37,11,-99,-33,38,104,-1583344101,277,0,106,0,"[137,0,-133,17,-105,0,116,17,-76,0,88,17,-78,0,78,17,-66,0,86,17,-64,0,85,17,-48,0,92,17,-34,0,97,17,-35,0,123,17,-57,0,-135,17,-107,0,-83,17,146,0,-31,17,99,0,16,0,0,0,0,0,21,0,78,0,-28,17,93,0,-101,17,106,0,108,17,121,0,40,17,143,0,-8,16,-136,0,-15,16,-103,0,-5,16,-83,0,26,17,-57,0,73,17,-46,0,127,17,-54,0,-99,17,-101,0,-43,17]"
CSI_DATA,122930,d8:b1:90:d9:de:f0,-38,9,-99,-34,39,104,-1583343620,101,0,106,0,"[-93,0,12,0,-25,0,11,0,9,1,-5,15,20,1,-18,15,15,1,-21,15,13,1,-30,15,21,1,-29,15,22,1,-26,15,9,1,-18,15,-26,0,-10,15,-85,0,10,0,123,0,31,0,76,0,55,0,0,0,0,0,-5,15,73,0,-51,15,69,0,-119,15,59,0,77,15,54,0,7,15,64,0,-41,14,88,0,-50,14,118,0,-39,14,-108,0,-1,14,-66,0,50,15,-47,0,120,15,-48,0,-75,15,-91,0,-21,15]"
CSI_DATA,122931,d8:b1:90:d9:de:f0,-37,9,-99,-37,39,104,-1583343488,224,0,106,0,"[-107,0,-10,17,-31,0,-21,17,1,1,-47,17,13,1,-68,17,5,1,-70,17,9,1,-76,17,11,1,-75,17,15,1,-85,17,4,1,-68,17,-30,0,-55,17,-94,0,-24,17,142,0,13,0,92,0,43,0,0,0,0,0,23,0,77,0,-32,17,83,0,-100,17,95,0,110,17,112,0,43,17,139,0,-5,16,-121,0,0,17,-70,0,25,17,-33,0,72,17,4,1,144,17,8,1,-77,17,-17,0,-24,17,-85,0,3,0]"
CSI_DATA,122932,d8:b1:90:d9:de:f0,-38,9,-99,-34,39,104,-1583343335,98,0,106,0,"[32,0,93,15,54,0,27,15,66,0,-4,14,81,0,-9,14,95,0,1,15,106,0,5,15,134,0,5,15,-110,0,23,15,-96,0,51,15,-103,0,100,15,-119,0,-108,15,124,0,-43,15,92,0,8,0,0,0,0,0,24,0,73,0,-30,15,78,0,-109,15,82,0,81,15,77,0,2,15,73,0,-46,14,80,0,-63,14,82,0,-59,14,96,0,-44,14,118,0,-18,14,-134,0,36,15,-135,0,116,15,118,0,-72,15]"
CSI_DATA,122933,d8:b1:90:d9:de:f0,-40,11,-99,-33,41,104,-1583309225,100,0,228,0,"[-5,4,-6,7,-7,9,-9,11,-11,13,-12,13,-13,14,89,36,-13,14,-13,13,-13,14,-13,14,-13,15,-13,15,-13,15,-13,15,-13,16,-12,16,-11,16,-11,16,-8,14,-27,-24,-5,11,-4,9,-2,8,0,7,0,6,2,4,0,0,4,3,4,1,5,0,6,-2,6,-4,7,-6,79,0,8,-11,9,-13,11,-16,11,-17,13,-18,13,-18,14,-17,15,-18,16,-17,17,-16,17,-14,17,-13,18,-11,-9,0,17,-8,16,-5,13,-4,10,-2,7,0,4,0,2,0,-3,-10,-9,-5,-11,3,-5,9,2,9,8,3,6,-3,-13,8,-4,-2,-4,3,0,5,6,2,7,-4,0,-10,-8,-8,-14,0,-11,12,1,19,17,13,23,-2,16,-20,-10,-13,-22,-17,-27,1,-17,20,1,26,17,17,22,0,0,0,0,-18,-11,-13,-15,0,-9,8,0,11,7,5,14,-11,1,-4,-4,-2,-4,2,0,4,3,2,3,-1,0,-3,-4,0,-3,4,1,7,8,4,11,-3,6,-13,12,-26,-17,-10,-23,4,-17,20,0,27,17,22,26,6,22,-9]"
CSI_DATA,122934,d8:b1:90:d9:de:f0,-38,9,-99,-35,39,104,-1583134703,130,0,106,0,"[135,16,110,0,78,16,-131,0,46,16,-114,0,40,16,-113,0,30,16,-115,0,27,16,-131,0,10,16,-139,0,0,16,122,0,9,16,90,0,42,16,57,0,92,16,21,0,-130,16,-15,16,-79,16,-45,16,0,0,0,0,17,0,-68,16,67,0,-49,16,133,0,-17,16,-73,0,21,0,0,1,46,0,50,1,61,0,73,1,57,0,68,1,33,0,62,1,2,0,46,1,-31,16,-4,0,-63,16,-90,0,-67,16,95,0]"
CSI_DATA,122935,d8:b1:90:d9:de:f0,-35,11,-99,-36,37,104,-1582308801,100,0,114,0,"[9,31,9,35,9,36,8,39,7,39,7,38,4,36,5,35,5,35,5,33,7,32,5,32,7,32,8,33,8,35,9,36,12,36,12,38,14,39,15,39,16,40,18,40,18,40,18,39,18,39,18,38,19,36,21,36,0,0,22,36,22,36,22,36,25,36,26,38,26,38,28,38,28,38,28,35,28,33,29,32,28,32,29,28,28,26,28,25,26,24,26,22,28,22,29,22,31,22,32,22,33,24,33,24,36,25,35,26,33,26,31,26,26,25]"
CSI_DATA,122936,d8:b1:90:d9:de:f0,-37,11,-99,-31,37,104,-1582299604,277,0,106,0,"[111,18,-22,18,39,18,-39,18,-2,17,-48,18,-9,17,-58,18,-9,17,-68,18,-3,17,-91,18,-6,17,-113,18,-2,17,-138,18,19,18,-151,18,74,18,152,18,145,18,-154,18,-92,18,-134,18,-28,18,-111,18,0,0,0,0,59,0,-61,18,92,0,0,0,132,0,80,0,-145,0,-144,0,-111,0,-68,0,-80,0,-23,0,-57,0,-13,0,-33,0,-33,0,-25,0,-61,0,-20,0,-95,0,-39,0,155,0,-103,0,90,0,118,0]"
CSI_DATA,122937,d8:b1:90:d9:de:f0,-37,9,-99,-33,38,104,-1582299132,130,0,106,0,"[105,17,-33,17,33,17,-46,17,-10,16,-46,17,-15,16,-48,17,-11,16,-51,17,-9,16,-53,17,-19,16,-66,17,-16,16,-79,17,3,17,-95,17,47,17,-101,17,107,17,-100,17,-122,17,-95,17,-58,17,-93,17,0,0,0,0,38,0,-73,17,84,0,-34,17,-147,0,10,0,-86,0,65,0,-19,0,102,0,34,1,124,0,56,1,103,0,61,1,80,0,56,1,40,0,47,1,-3,17,-2,0,-42,17,-88,0,-62,17,107,0]"
CSI_DATA,122938,d8:b1:90:d9:de:f0,-38,9,-99,-34,39,104,-1582299006,113,0,106,0,"[-105,0,69,0,-42,0,88,0,-6,0,91,0,6,1,88,0,4,1,90,0,2,1,95,0,4,1,100,0,5,1,110,0,-6,0,122,0,-46,0,115,0,-111,0,103,0,100,0,95,0,43,0,87,0,0,0,0,0,-45,15,59,0,-81,15,25,0,134,15,-24,15,77,15,-70,15,19,15,-108,15,-32,14,-124,15,-58,14,-110,15,-69,14,-79,15,-68,14,-36,15,-42,14,14,0,3,15,51,0,79,15,64,0,-95,15]"
CSI_DATA,122939,d8:b1:90:d9:de:f0,-37,9,-99,-34,38,104,-1582272726,108,0,106,0,"[-135,0,91,0,-77,0,140,0,-48,0,-137,0,-41,0,-115,0,-61,0,-102,0,-66,0,-92,0,-83,0,-66,0,-101,0,-45,0,-137,0,-41,0,114,0,-57,0,52,0,-101,0,-2,17,-150,0,-41,17,102,0,0,0,0,0,-83,17,8,0,-71,17,-51,17,-49,17,-133,17,-15,17,80,17,4,0,4,17,17,0,-54,16,19,0,-73,16,1,0,-74,16,-26,17,-73,16,-45,17,-41,16,-64,17,17,17,-72,17,102,17,-40,17]"
CSI_DATA,122940,d8:b1:90:d9:de:f0,-37,11,-99,-33,38,104,-1581881805,277,0,106,0,"[-133,17,-139,17,120,17,101,17,98,17,69,17,97,17,54,17,105,17,47,17,121,17,39,17,133,17,21,17,-143,17,4,17,-109,17,4,17,-79,17,31,17,-32,17,83,17,6,0,140,17,38,0,-94,17,0,0,0,0,78,0,4,0,69,0,65,0,55,0,143,0,26,0,-75,0,5,0,1,1,0,0,50,1,-3,17,70,1,16,0,68,1,41,0,63,1,71,0,38,1,91,0,-11,0,87,0,-94,0,63,0]"
CSI_DATA,122941,d8:b1:90:d9:de:f0,-38,9,-99,-34,39,104,-1581881324,113,0,106,0,"[-37,15,92,15,-59,15,29,15,-73,15,2,15,-81,15,-7,14,-78,15,-7,14,-75,15,-9,14,-69,15,-13,14,-52,15,-16,14,-41,15,-6,14,-14,15,30,15,3,0,80,15,31,0,-131,15,55,0,-79,15,0,0,0,0,69,0,16,0,62,0,61,0,38,0,132,0,25,0,-68,0,14,0,4,1,23,0,48,1,40,0,73,1,72,0,64,1,104,0,47,1,-127,0,14,1,-114,0,-45,0,-129,0,-121,0,87,0]"
CSI_DATA,122942,d8:b1:90:d9:de:f0,-38,11,-99,-34,39,104,-1581672906,277,0,106,0,"[130,0,115,0,-84,0,-121,0,-40,0,-112,0,-33,0,-115,0,-34,0,-122,0,-32,0,-135,0,-25,0,-131,0,-26,0,-120,0,-40,0,-120,0,-74,0,134,0,-129,0,114,0,84,0,94,0,31,0,79,0,0,0,0,0,-50,15,38,0,-85,15,5,0,-122,15,-45,15,96,15,-95,15,38,15,-133,15,-15,14,126,15,-39,14,-131,15,-57,14,-94,15,-59,14,-46,15,-44,14,3,0,-1,14,49,0,87,15,82,0,-90,15]"
CSI_DATA,122943,d8:b1:90:d9:de:f0,-37,9,-99,-32,38,104,-1581672425,98,0,106,0,"[-106,0,-41,16,-39,0,-56,16,0,1,-66,16,3,1,-58,16,5,1,-42,16,-2,0,-28,16,12,1,-3,16,14,1,22,0,-1,0,47,0,-50,0,63,0,-113,0,75,0,104,0,81,0,43,0,80,0,0,0,0,0,-46,16,46,0,-81,16,2,0,-120,16,-63,16,123,16,-138,16,86,16,87,16,57,16,42,16,32,16,31,16,17,16,49,16,11,16,75,16,8,16,108,16,29,16,-127,16,87,16,-63,16,-109,16]"
CSI_DATA,122944,d8:b1:90:d9:de:f0,-37,9,-99,-33,38,104,-1581672284,262,0,106,0,"[-133,0,112,0,-83,0,-133,0,-53,0,-109,0,-50,0,-93,0,-64,0,-87,0,-77,0,-73,0,-88,0,-55,0,-109,0,-30,0,-138,0,-24,0,110,0,-43,0,57,0,-88,0,6,0,-143,0,-33,17,95,0,0,0,0,0,-77,17,4,0,-76,17,-61,17,-65,17,-135,17,-41,17,79,17,-26,17,3,17,-20,17,-50,16,-18,17,-70,16,-33,17,-77,16,-58,17,-64,16,-86,17,-36,16,-100,17,15,17,-98,17,92,17,-65,17]"
CSI_DATA,122945,d8:b1:90:d9:de:f0,-38,9,-99,-35,39,104,-1581672069,242,0,106,0,"[99,16,-2,16,34,16,1,0,2,16,1,0,-8,15,-3,16,-9,15,-13,16,-7,15,-28,16,-11,15,-49,16,-15,15,-67,16,2,16,-81,16,49,16,-93,16,105,16,-91,16,-99,16,-88,16,-46,16,-87,16,0,0,0,0,51,0,-50,16,86,0,-11,16,134,0,45,0,-95,0,107,0,-54,0,-123,0,-19,0,-87,0,9,1,-80,0,21,1,-105,0,26,1,-128,0,20,1,109,0,-11,0,66,0,-78,0,21,0,113,0]"
CSI_DATA,122946,d8:b1:90:d9:de:f0,-36,9,-99,-32,37,104,-1581633274,98,0,106,0,"[-119,0,45,0,-41,0,71,0,-5,0,85,0,1,1,105,0,-15,0,130,0,-21,0,144,0,-32,0,-146,0,-45,0,-115,0,-78,0,-95,0,-130,0,-96,0,118,0,-129,0,45,0,158,0,-7,18,110,0,0,0,0,0,-79,18,22,0,-86,18,-47,18,-91,18,-130,18,-80,18,96,18,-75,18,13,18,-65,18,-49,17,-69,18,-64,17,-85,18,-67,17,-101,18,-59,17,-123,18,-25,17,-127,18,32,18,-120,18,117,18,-71,18]"
CSI_DATA,122947,d8:b1:90:d9:de:f0,-38,9,-99,-35,39,104,-1581463516,130,0,106,0,"[-135,0,106,0,-69,0,134,0,-33,0,137,0,-21,0,135,0,-23,0,134,0,-28,0,134,0,-25,0,-133,0,-26,0,-125,0,-46,0,-123,0,-87,0,-139,0,-136,0,117,0,80,0,93,0,26,0,78,0,0,0,0,0,-52,16,30,0,-73,16,-11,16,-114,16,-80,16,128,16,134,16,82,16,81,16,37,16,51,16,7,16,55,16,-13,15,85,16,-29,15,129,16,-31,15,-98,16,2,16,-37,16,67,16,11,0,-109,16]"
CSI_DATA,122948,d8:b1:90:d9:de:f0,-38,9,-99,-35,39,104,-1581463408,101,0,106,0,"[-2,16,-92,0,2,0,-27,0,13,0,6,1,23,0,14,1,17,0,13,1,16,0,11,1,9,0,10,1,1,0,22,1,-17,16,8,1,-28,16,-34,0,-40,16,-94,0,-46,16,124,0,-65,16,66,0,0,0,0,0,-69,16,-29,16,-51,16,-74,16,-22,16,-137,16,3,0,70,16,18,0,4,16,21,0,-43,15,4,0,-68,15,-27,16,-74,15,-67,16,-52,15,-103,16,-19,15,-134,16,34,16,-123,16,116,16,-79,16]"
CSI_DATA,122949,d8:b1:90:d9:de:f0,-37,9,-99,-34,38,104,-1581409185,252,0,106,0,"[21,0,102,17,26,0,23,17,15,0,-16,16,19,0,-26,16,15,0,-16,16,23,0,-15,16,29,0,-20,16,52,0,-22,16,67,0,0,17,77,0,39,17,78,0,104,17,86,0,-131,17,87,0,-65,17,0,0,0,0,78,0,38,0,47,0,87,0,3,0,148,0,-43,17,-87,0,-84,17,-9,0,-97,17,41,1,-79,17,62,1,-53,17,67,1,-17,17,68,1,36,0,47,1,74,0,-5,0,86,0,-98,0,64,0]"
CSI_DATA,122950,d8:b1:90:d9:de:f0,-40,11,-99,-32,41,104,-1581308847,100,0,228,0,"[-3,6,-5,8,-6,10,-7,12,-8,13,-10,14,-11,14,86,35,-12,15,-12,14,-12,14,-12,13,-12,14,-12,14,-13,13,-13,14,-13,15,-12,14,-12,13,-11,13,-10,11,-27,-23,-7,10,-5,9,-3,8,-2,7,0,7,0,6,0,0,2,5,3,3,4,3,6,2,8,0,9,0,-99,0,12,-3,15,-4,16,-5,18,-5,19,-5,20,-5,22,-3,21,-3,22,-1,21,0,21,1,20,3,19,5,16,0,15,7,14,7,10,7,7,6,5,4,3,2,2,0,-5,-9,-11,-3,-10,5,-3,11,5,9,9,2,5,-4,-12,8,-4,-2,-3,3,0,6,6,3,7,-3,2,-10,-7,-10,-14,-1,-13,11,-1,18,13,15,23,2,19,-15,-5,-13,-15,-21,-25,-4,-21,13,-6,23,11,20,20,7,0,0,7,-16,-5,-15,-13,-5,-11,4,-3,10,4,7,18,-1,3,-5,-2,-4,-5,0,-3,4,1,4,4,1,3,-3,-1,-4,-5,0,-3,4,1,7,8,5,12,-2,27,-7,-2,-19,-15,-15,-23,-1,-20,14,-7,24,7,23,18,12]"
CSI_DATA,122951,d8:b1:90:d9:de:f0,-37,11,-99,-36,38,104,-1581255107,277,0,106,0,"[108,0,138,18,142,0,74,18,157,0,32,18,151,0,27,18,151,0,26,18,158,0,39,18,-148,0,32,18,-132,0,32,18,-132,0,47,18,-142,0,90,18,-159,0,158,18,135,0,-98,18,110,0,-35,18,0,0,0,0,73,0,66,0,23,0,107,0,-28,18,-161,0,-91,18,-105,0,-143,18,-49,0,158,18,0,1,158,18,25,1,-124,18,42,1,-80,18,42,1,-37,18,37,1,12,0,-5,0,46,0,-95,0,37,0]"
CSI_DATA,122952,d8:b1:90:d9:de:f0,-37,9,-99,-33,38,104,-1581254617,98,0,106,0,"[46,0,-101,0,78,0,-35,0,113,0,-4,0,131,0,-6,0,135,0,-15,0,142,0,-15,0,-147,0,-12,0,145,0,-9,0,137,0,-12,0,112,0,-43,0,72,0,-95,0,24,0,-144,0,-16,17,108,0,0,0,0,0,-81,17,53,0,-97,17,1,0,-135,17,-58,17,121,17,-129,17,70,17,109,17,17,17,84,17,-17,16,99,17,-43,16,135,17,-58,16,-97,17,-43,16,-28,17,1,17,23,0,86,17,55,0,-101,17]"
CSI_DATA,122953,d8:b1:90:d9:de:f0,-37,9,-99,-36,39,104,-1581045762,124,0,106,0,"[53,0,105,16,63,0,31,16,62,0,-2,15,60,0,-7,15,63,0,0,16,72,0,-2,15,89,0,3,16,98,0,4,16,117,0,19,16,115,0,60,16,103,0,127,16,93,0,-96,16,80,0,-35,16,0,0,0,0,42,0,56,0,3,0,88,0,-56,16,127,0,-122,16,-113,0,108,16,-61,0,78,16,-26,0,84,16,1,1,99,16,21,1,139,16,32,1,-98,16,22,1,-48,16,-7,0,2,0,-75,0,21,0]"
CSI_DATA,122954,d8:b1:90:d9:de:f0,-37,9,-99,-32,38,104,-1581045649,500,0,106,0,"[95,16,28,0,24,16,38,0,-14,15,48,0,-15,15,48,0,-13,15,39,0,-14,15,30,0,-29,15,13,0,-32,15,0,0,-14,15,-24,16,25,16,-46,16,86,16,-54,16,-133,16,-74,16,-72,16,-83,16,0,0,0,0,29,0,-88,16,75,0,-62,16,141,0,-26,16,-77,0,12,0,-8,0,46,0,42,1,62,0,62,1,49,0,65,1,25,0,61,1,1,0,39,1,-44,16,-6,0,-70,16,-92,0,-79,16,105,0]"
CSI_DATA,122955,d8:b1:90:d9:de:f0,-37,9,-99,-35,38,104,-1581045403,500,0,106,0,"[-117,0,88,0,-52,0,118,0,-11,0,121,0,-9,0,118,0,-7,0,121,0,-18,0,129,0,-11,0,140,0,-12,0,152,0,-37,0,-151,0,-84,0,-156,0,-141,0,145,0,101,0,132,0,35,0,116,0,0,0,0,0,-58,18,79,0,-102,18,35,0,-148,18,-19,18,99,18,-80,18,36,18,-135,18,-11,17,155,18,-36,17,-149,18,-44,17,-113,18,-41,17,-75,18,-41,17,-23,18,4,18,22,0,95,18,46,0,-113,18]"
CSI_DATA,122956,d8:b1:90:d9:de:f0,-37,9,-99,-32,38,104,-1581045166,500,0,106,0,"[96,16,19,0,24,16,31,0,-8,15,47,0,-12,15,54,0,-19,15,63,0,-8,15,51,0,-22,15,48,0,-37,15,46,0,-15,15,31,0,16,16,16,0,78,16,-10,16,138,16,-35,16,-90,16,-56,16,0,0,0,0,-7,16,-93,16,46,0,-87,16,113,0,-85,16,-92,0,-85,16,-22,0,-92,16,25,1,-112,16,43,1,138,16,23,1,109,16,-4,0,74,16,-54,0,54,16,-114,0,47,16,97,0,102,16,42,0]"
CSI_DATA,122957,d8:b1:90:d9:de:f0,-38,11,-99,-34,39,104,-1580837308,277,0,106,0,"[-92,0,-45,15,-31,0,-62,15,-3,0,-81,15,6,1,-83,15,5,1,-79,15,8,1,-68,15,14,1,-61,15,23,1,-44,15,14,1,-25,15,-20,0,-1,15,-82,0,18,0,123,0,43,0,73,0,65,0,0,0,0,0,-14,15,80,0,-64,15,68,0,-127,15,45,0,74,15,16,0,9,15,0,0,-44,14,-3,15,-67,14,10,0,-70,14,39,0,-60,14,72,0,-22,14,110,0,34,15,126,0,109,15,118,0,-72,15]"
CSI_DATA,122958,d8:b1:90:d9:de:f0,-37,9,-99,-33,38,104,-1580836854,214,0,106,0,"[100,17,-4,17,26,17,-2,17,-4,16,18,0,-15,16,25,0,-10,16,27,0,-4,16,28,0,-18,16,21,0,-21,16,16,0,-8,16,5,0,30,17,-6,17,90,17,-32,17,-140,17,-53,17,-81,17,-69,17,0,0,0,0,-4,17,-95,17,48,0,-83,17,123,0,-72,17,-97,0,-60,17,-20,0,-60,17,33,1,-80,17,48,1,-110,17,34,1,142,17,2,1,101,17,-35,0,78,17,-110,0,72,17,103,0,110,17,43,0]"
CSI_DATA,122959,d8:b1:90:d9:de:f0,-38,9,-99,-34,39,104,-1580836700,214,0,106,0,"[93,15,18,0,28,15,36,0,-4,14,56,0,-14,14,68,0,0,15,75,0,-5,14,78,0,-14,14,77,0,-10,14,72,0,-4,14,66,0,27,15,52,0,83,15,20,0,-130,15,-7,15,-88,15,-39,15,0,0,0,0,-15,15,-79,15,27,0,-90,15,96,0,-98,15,-104,0,-109,15,-48,0,-135,15,-6,0,97,15,-6,0,68,15,-30,0,33,15,-68,0,0,15,-126,0,-7,14,75,0,16,15,24,0,75,15,-4,15]"
CSI_DATA,122960,d8:b1:90:d9:de:f0,-37,9,-99,-36,39,104,-1580836519,108,0,106,0,"[-93,0,-5,16,-22,0,-23,16,11,1,-43,16,13,1,-57,16,8,1,-71,16,5,1,-70,16,15,1,-75,16,20,1,-78,16,8,1,-74,16,-30,0,-53,16,-80,0,-24,16,-136,0,10,0,100,0,41,0,0,0,0,0,35,0,87,0,-14,16,94,0,-81,16,113,0,125,16,134,0,65,16,-115,0,30,16,-72,0,37,16,-29,0,77,16,4,1,125,16,26,1,-102,16,31,1,-28,16,1,1,16,0,-84,0,22,0]"
CSI_DATA,122961,d8:b1:90:d9:de:f0,-37,9,-99,-35,38,104,-1580786896,98,0,106,0,"[13,0,100,18,15,0,28,18,4,0,-13,17,-7,18,-22,17,-14,18,-20,17,-15,18,-18,17,-18,18,-25,17,-6,18,-39,17,2,0,-23,17,6,0,17,18,28,0,89,18,45,0,-155,18,64,0,-94,18,0,0,0,0,99,0,2,0,94,0,55,0,99,0,129,0,95,0,-102,0,102,0,-25,0,134,0,19,1,-152,0,34,1,-112,0,22,1,-70,0,-20,0,-53,0,-73,0,-52,0,-143,0,-101,0,94,0,119,0]"
CSI_DATA,122962,d8:b1:90:d9:de:f0,-37,9,-99,-35,38,104,-1580779290,130,0,106,0,"[97,0,133,18,143,0,69,18,-146,0,36,18,-125,0,39,18,-110,0,52,18,-96,0,77,18,-62,0,92,18,-40,0,105,18,-31,0,145,18,-51,0,-118,18,-99,0,-57,18,-156,0,-3,18,94,0,39,0,0,0,0,0,-7,18,75,0,-78,18,61,0,-146,18,31,0,80,18,-13,18,4,18,-56,18,-46,17,-88,18,-64,17,-85,18,-73,17,-64,18,-64,17,-53,18,-53,17,-24,18,-11,17,9,0,83,18,33,0,-123,18]"
CSI_DATA,122963,d8:b1:90:d9:de:f0,-38,11,-99,-35,39,104,-1580419509,277,0,106,0,"[-37,16,-107,0,-54,16,-34,0,-59,16,-5,0,-68,16,3,1,-77,16,-5,0,-97,16,-7,0,-123,16,-4,0,136,16,-9,0,128,16,-35,0,133,16,-80,0,-130,16,131,0,-115,16,68,0,-93,16,4,0,0,0,0,0,-37,16,-71,16,10,0,-81,16,80,0,-110,16,-121,0,-127,16,-51,0,134,16,-4,0,115,16,10,1,94,16,1,1,76,16,-22,0,57,16,-64,0,47,16,-111,0,58,16,102,0,100,16,42,0]"
CSI_DATA,122964,d8:b1:90:d9:de:f0,-37,9,-99,-32,38,104,-1580419028,124,0,106,0,"[-135,16,132,0,100,16,-112,0,76,16,-83,0,74,16,-78,0,65,16,-80,0,62,16,-89,0,42,16,-92,0,26,16,-102,0,33,16,-125,0,53,16,123,0,97,16,72,0,138,16,21,0,-102,16,-26,16,0,0,0,0,-33,16,-85,16,20,0,-96,16,88,0,-108,16,-117,0,-115,16,-48,0,-136,16,3,1,130,16,17,1,105,16,2,1,84,16,-25,0,58,16,-67,0,43,16,-126,0,49,16,90,0,106,16,39,0]"
CSI_DATA,122965,d8:b1:90:d9:de:f0,-37,9,-99,-34,38,104,-1580408561,98,0,106,0,"[111,0,122,17,-149,0,64,17,-130,0,35,17,-124,0,33,17,-117,0,39,17,-110,0,42,17,-89,0,42,17,-72,0,54,17,-65,0,80,17,-80,0,133,17,-115,0,-115,17,-150,0,-48,17,111,0,9,0,0,0,0,0,49,0,86,0,-11,17,106,0,-86,17,133,0,135,17,-149,0,67,17,-121,0,15,17,-98,0,8,17,-73,0,21,17,-62,0,48,17,-42,0,87,17,-26,0,148,17,-41,0,-91,17,-92,0,-38,17]"
CSI_DATA,122966,d8:b1:90:d9:de:f0,-35,11,-99,-35,37,104,-1580308841,100,0,114,0,"[30,-2,32,0,37,2,37,2,39,4,38,5,35,6,35,8,34,6,32,8,31,6,31,8,31,8,31,6,32,6,34,6,35,6,38,6,39,8,41,6,41,8,42,6,41,8,41,6,42,8,41,8,41,8,39,8,0,0,39,6,38,6,39,8,42,8,43,8,43,8,43,8,43,8,43,8,43,8,41,6,39,6,38,6,37,5,37,4,35,4,35,4,35,4,37,4,37,4,38,4,39,5,41,5,43,6,42,9,41,10,38,10,34,12]"
CSI_DATA,122967,d8:b1:90:d9:de:f0,-37,11,-99,-36,39,104,-1580210609,277,0,106,0,"[4,0,-100,0,10,0,-32,0,21,0,3,1,31,0,13,1,22,0,8,1,24,0,8,1,12,0,13,1,13,0,21,1,-6,16,10,1,-8,16,-32,0,-29,16,-95,0,-43,16,126,0,-57,16,60,0,0,0,0,0,-60,16,-23,16,-40,16,-79,16,-20,16,-138,16,14,0,75,16,33,0,7,16,40,0,-44,15,15,0,-62,15,-8,16,-74,15,-62,16,-57,15,-93,16,-25,15,-130,16,29,16,-126,16,114,16,-83,16]"
CSI_DATA,122968,d8:b1:90:d9:de:f0,-37,9,-99,-36,39,104,-1580210164,120,0,106,0,"[134,16,-116,16,71,16,129,16,37,16,120,16,25,16,125,16,24,16,133,16,28,16,133,16,19,16,126,16,17,16,123,16,40,16,121,16,75,16,133,16,138,16,-134,16,-88,16,-118,16,-33,16,-106,16,0,0,0,0,50,0,-83,16,85,0,-47,16,134,0,3,0,-90,0,54,0,-22,0,96,0,33,1,99,0,60,1,79,0,70,1,40,0,63,1,-10,16,41,1,-63,16,-22,0,-105,16,-113,0,-105,16,79,0]"
CSI_DATA,122969,d8:b1:90:d9:de:f0,-38,9,-99,-31,38,104,-1580210007,120,0,106,0,"[-93,0,29,0,-28,0,46,0,8,1,56,0,5,1,76,0,6,1,87,0,-6,0,106,0,-6,0,128,0,-17,0,-117,0,-45,0,-105,0,-99,0,-106,0,117,0,-126,0,54,0,118,0,0,0,90,0,0,0,0,0,-70,16,11,0,-79,16,-43,16,-74,16,-117,16,-64,16,81,16,-53,16,1,16,-62,16,-49,15,-57,16,-68,15,-76,16,-64,15,-88,16,-52,15,-109,16,-32,15,-126,16,20,16,-116,16,103,16,-76,16]"
CSI_DATA,122970,d8:b1:90:d9:de:f0,-37,9,-99,-36,39,104,-1580209885,124,0,106,0,"[140,0,131,0,-88,0,-116,0,-41,0,-109,0,-29,0,-122,0,-23,0,-127,0,-21,0,-135,0,-15,0,-140,0,-15,0,-133,0,-25,0,-135,0,-62,0,135,0,-125,0,120,0,102,0,108,0,42,0,100,0,0,0,0,0,-35,16,89,0,-72,16,61,0,-134,16,25,0,85,16,-6,16,6,16,-25,16,-46,15,-13,16,-68,15,16,0,-69,15,69,0,-46,15,122,0,4,16,-117,0,70,16,-99,0,-121,16,-121,0,-46,16]"
CSI_DATA,122971,d8:b1:90:d9:de:f0,-37,11,-99,-32,38,104,-1579792810,277,0,106,0,"[-143,0,-133,16,-96,0,107,16,-79,0,76,16,-77,0,70,16,-72,0,79,16,-65,0,89,16,-50,0,96,16,-38,0,109,16,-35,0,135,16,-60,0,-113,16,-103,0,-68,16,133,0,-22,16,88,0,22,0,0,0,0,0,0,0,67,0,-54,16,67,0,-126,16,60,0,80,16,50,0,7,16,50,0,-44,15,51,0,-65,15,72,0,-60,15,94,0,-38,15,123,0,-6,15,-131,0,57,16,-117,0,134,16,-138,0,-65,16]"
CSI_DATA,122972,d8:b1:90:d9:de:f0,-37,9,-99,-32,38,104,-1579792348,224,0,106,0,"[138,16,-121,16,80,16,121,16,47,16,104,16,44,16,106,16,48,16,100,16,49,16,92,16,60,16,81,16,60,16,70,16,77,16,61,16,116,16,75,16,-108,16,109,16,-54,16,-142,16,-1,16,-108,16,0,0,0,0,75,0,-51,16,99,0,-2,16,130,0,58,0,-122,0,133,0,-85,0,-90,0,-57,0,-52,0,-30,0,-54,0,-4,0,-68,0,11,1,-105,0,6,1,133,0,-15,0,81,0,-75,0,31,0,113,0]"
CSI_DATA,122973,d8:b1:90:d9:de:f0,-37,9,-99,-35,39,104,-1579792158,130,0,106,0,"[-88,16,-104,0,-109,16,-41,0,-107,16,-5,0,-100,16,4,1,-94,16,4,1,-93,16,4,1,-100,16,4,1,-105,16,8,1,-109,16,-10,0,-101,16,-44,0,-88,16,-102,0,-79,16,113,0,-71,16,54,0,0,0,0,0,-44,16,-47,16,-22,16,-89,16,17,0,138,16,53,0,71,16,78,0,2,16,83,0,-38,15,66,0,-63,15,32,0,-66,15,-9,16,-59,15,-61,16,-40,15,-98,16,8,16,-107,16,92,16,-82,16]"
CSI_DATA,122974,d8:b1:90:d9:de:f0,-38,9,-99,-33,39,104,-1579792005,113,0,106,0,"[121,15,114,0,79,15,-100,0,69,15,-62,0,79,15,-54,0,82,15,-48,0,84,15,-49,0,75,15,-45,0,73,15,-37,0,76,15,-52,0,98,15,-85,0,-131,15,-130,0,-102,15,81,0,-81,15,26,0,0,0,0,0,-32,15,-57,15,2,0,-85,15,50,0,-127,15,99,0,79,15,-126,0,29,15,-113,0,-12,14,-130,0,-42,14,98,0,-54,14,55,0,-55,14,-2,15,-43,14,-49,15,-6,14,-68,15,69,15,-64,15]"
CSI_DATA,122975,d8:b1:90:d9:de:f0,-37,9,-99,-35,38,104,-1579762907,98,0,106,0,"[-48,18,-108,0,-75,18,-39,0,-86,18,2,1,-96,18,2,1,-107,18,-3,0,-125,18,-18,0,155,18,-17,0,134,18,-20,0,106,18,-53,0,119,18,-107,0,144,18,143,0,-138,18,73,0,-105,18,7,0,0,0,0,0,-20,18,-73,18,40,0,-86,18,118,0,-100,18,-108,0,-110,18,-29,0,-119,18,31,1,-124,18,50,1,-139,18,50,1,-151,18,20,1,144,18,-8,0,118,18,-64,0,114,18,-148,0,150,18,78,0]"
CSI_DATA,122976,d8:b1:90:d9:de:f0,-38,11,-99,-36,39,104,-1579375011,277,0,106,0,"[31,0,102,16,35,0,31,16,42,0,0,16,42,0,-7,15,58,0,2,16,81,0,8,16,109,0,6,16,131,0,12,16,-143,0,33,16,-136,0,83,16,135,0,-141,16,111,0,-74,16,97,0,-13,16,0,0,0,0,29,0,67,0,-13,16,89,0,-86,16,108,0,124,16,127,0,52,16,142,0,0,16,-126,0,-16,15,-109,0,-4,15,-89,0,13,16,-75,0,51,16,-60,0,107,16,-70,0,-114,16,-112,0,-49,16]"
CSI_DATA,122977,d8:b1:90:d9:de:f0,-37,9,-99,-34,38,104,-1579374549,1193,0,106,0,"[97,17,2,0,24,17,3,0,-11,16,11,0,-11,16,11,0,-15,16,5,0,-3,16,-10,17,-17,16,-23,17,-22,16,-39,17,-4,16,-60,17,35,17,-74,17,99,17,-76,17,-134,17,-82,17,-64,17,-82,17,0,0,0,0,38,0,-67,17,92,0,-38,17,-150,0,2,0,-86,0,51,0,-20,0,97,0,20,1,120,0,45,1,110,0,47,1,90,0,46,1,60,0,40,1,13,0,2,1,-23,17,-79,0,-43,17,127,0]"
CSI_DATA,122978,d8:b1:90:d9:de:f0,-38,9,-99,-35,39,104,-1579374035,113,0,106,0,"[-90,16,106,16,-138,16,53,16,106,16,33,16,95,16,40,16,93,16,50,16,91,16,50,16,88,16,51,16,102,16,43,16,113,16,42,16,-138,16,69,16,-92,16,107,16,-47,16,-128,16,-1,16,-95,16,0,0,0,0,69,0,-29,16,89,0,14,0,116,0,74,0,-127,0,-135,0,-85,0,-81,0,-37,0,-56,0,-14,0,-58,0,11,1,-85,0,30,1,-133,0,32,1,91,0,1,1,29,0,-69,0,-14,16,106,0]"
CSI_DATA,122979,d8:b1:90:d9:de:f0,-38,9,-99,-33,39,104,-1579373890,108,0,106,0,"[88,15,33,0,23,15,68,0,3,15,97,0,4,15,112,0,8,15,116,0,13,15,118,0,4,15,113,0,3,15,119,0,15,15,106,0,42,15,88,0,85,15,54,0,-131,15,17,0,-85,15,-14,15,0,0,0,0,-21,15,-67,15,26,0,-79,15,84,0,-98,15,-110,0,-123,15,-52,0,103,15,-24,0,69,15,-31,0,30,15,-60,0,5,15,-101,0,-13,14,114,0,-23,14,53,0,-1,14,-4,15,65,15,-22,15]"
CSI_DATA,122980,d8:b1:90:d9:de:f0,-38,9,-99,-35,39,104,-1579373727,101,0,106,0,"[106,16,85,0,44,16,113,0,8,16,126,0,3,16,110,0,1,16,87,0,-6,15,73,0,-16,15,43,0,-18,15,22,0,-9,15,-15,16,26,16,-42,16,90,16,-59,16,-125,16,-74,16,-53,16,-77,16,0,0,0,0,51,0,-52,16,95,0,-16,16,138,0,40,0,-88,0,105,0,-47,0,-106,0,-34,0,-66,0,-20,0,-67,0,-22,0,-62,0,-13,0,-77,0,-14,0,-101,0,-31,0,130,0,-83,0,80,0,113,0]"
CSI_DATA,122981,d8:b1:90:d9:de:f0,-38,9,-99,-35,39,104,-1579373568,124,0,106,0,"[-97,0,-47,16,-32,0,-74,16,-3,0,-89,16,1,1,-89,16,2,1,-71,16,3,1,-50,16,16,1,-31,16,21,1,-13,16,13,1,13,0,-28,0,29,0,-89,0,41,0,119,0,51,0,57,0,59,0,0,0,0,0,-43,16,33,0,-86,16,0,0,-131,16,-52,16,97,16,-113,16,53,16,115,16,19,16,75,16,-1,15,74,16,-16,15,83,16,-17,15,110,16,-17,15,-131,16,5,16,-85,16,61,16,-37,16,-128,16]"
CSI_DATA,122982,d8:b1:90:d9:de:f0,-38,9,-99,-35,39,104,-1579373419,98,0,106,0,"[138,16,129,0,86,16,-105,0,59,16,-85,0,58,16,-80,0,46,16,-95,0,43,16,-107,0,25,16,-119,0,8,16,138,0,7,16,102,0,32,16,76,0,82,16,31,0,138,16,-4,16,-81,16,-37,16,0,0,0,0,14,0,-66,16,73,0,-59,16,-137,0,-44,16,-66,0,-20,16,-1,0,-1,16,43,1,11,0,61,1,15,0,63,1,2,0,57,1,-29,16,37,1,-52,16,-5,0,-73,16,-80,0,-79,16,106,0]"
CSI_DATA,122983,d8:b1:90:d9:de:f0,-40,11,-99,-34,41,104,-1579309215,100,0,228,0,"[-7,-3,-10,-3,-12,-5,-15,-5,-16,-6,-17,-7,-18,-9,91,37,-18,-9,-18,-9,-18,-9,-17,-9,-18,-9,-18,-9,-18,-9,-19,-9,-19,-8,-19,-8,-19,-7,-18,-7,-16,-5,-28,-25,-13,-4,-10,-2,-10,0,-7,0,-6,0,-5,2,0,0,-1,4,0,5,1,5,3,6,5,5,7,6,85,0,12,7,15,8,17,9,18,10,19,11,20,12,19,13,19,14,18,15,17,15,15,16,15,17,12,18,-65,0,10,16,6,15,4,14,2,11,0,8,0,5,0,2,10,-6,3,-12,-5,-10,-10,-2,-9,5,-1,8,5,5,-12,-10,0,-4,-4,-2,-5,3,0,7,7,5,10,-1,6,-10,-4,-15,-15,-9,-19,5,-10,20,8,23,23,11,10,-13,12,-24,-7,-26,-23,-13,-25,5,-13,21,4,23,0,0,20,-2,10,-15,-1,-15,-10,-9,-11,1,-5,7,12,14,5,0,3,-4,-1,-3,-4,0,-1,3,2,2,3,0,0,-4,-4,-3,-7,1,-4,8,4,10,13,5,27,11,10,-17,-5,-23,-21,-15,-27,0,-21,17,-5,26,10,21]"
CSI_DATA,122984,d8:b1:90:d9:de:f0,-38,9,-99,-35,39,104,-1579165658,1187,0,106,0,"[-97,16,-115,0,-118,16,-45,0,-112,16,-5,0,-101,16,5,1,-98,16,1,1,-91,16,-1,0,-103,16,-3,0,-104,16,6,1,-109,16,-7,0,-102,16,-47,0,-88,16,-106,0,-82,16,110,0,-82,16,52,0,0,0,0,0,-66,16,-42,16,-39,16,-77,16,0,0,-137,16,32,0,75,16,54,0,8,16,54,0,-40,15,28,0,-68,15,-16,16,-74,15,-58,16,-61,15,-104,16,-25,15,-136,16,31,16,-135,16,121,16,-87,16]"
CSI_DATA,122985,d8:b1:90:d9:de:f0,-37,9,-99,-34,38,104,-1579165189,310,0,106,0,"[140,17,121,0,72,17,-148,0,38,17,-125,0,35,17,-129,0,26,17,-149,0,21,17,137,0,5,17,124,0,-16,16,93,0,-13,16,54,0,19,17,26,0,86,17,-7,17,150,17,-35,17,-85,17,-61,17,0,0,0,0,30,0,-73,17,86,0,-51,17,-146,0,-19,17,-83,0,29,0,-17,0,67,0,27,1,96,0,43,1,111,0,54,1,103,0,53,1,73,0,36,1,45,0,1,1,11,0,-71,0,-15,17,130,0]"
CSI_DATA,122986,d8:b1:90:d9:de:f0,-38,9,-99,-35,39,104,-1579165012,290,0,106,0,"[-49,16,-91,0,-62,16,-25,0,-64,16,2,1,-77,16,11,1,-88,16,0,1,-100,16,1,1,-129,16,-8,0,136,16,-13,0,122,16,-33,0,122,16,-74,0,136,16,-137,0,-115,16,74,0,-93,16,18,0,0,0,0,0,-28,16,-67,16,14,0,-92,16,85,0,-118,16,-121,0,136,16,-55,0,109,16,-11,0,94,16,-5,0,75,16,-14,0,58,16,-31,0,44,16,-62,0,38,16,-114,0,53,16,100,0,89,16,43,0]"
CSI_DATA,122987,d8:b1:90:d9:de:f0,-37,9,-99,-35,38,104,-1579136734,130,0,106,0,"[-130,0,-97,18,-62,0,-128,18,-25,0,-138,18,-11,0,-132,18,-7,0,-110,18,0,1,-80,18,11,1,-55,18,22,1,-18,18,11,1,11,0,-34,0,46,0,-101,0,70,0,134,0,84,0,63,0,88,0,0,0,0,0,-46,18,68,0,-95,18,22,0,-151,18,-40,18,119,18,-117,18,75,18,124,18,42,18,80,18,29,18,59,18,17,18,75,18,13,18,90,18,13,18,118,18,37,18,-146,18,96,18,-88,18,-123,18]"
CSI_DATA,122988,d8:b1:90:d9:de:f0,-38,11,-99,-35,39,104,-1578330514,277,0,106,0,"[-124,0,-102,16,-65,0,134,16,-40,0,112,16,-31,0,112,16,-34,0,122,16,-28,0,134,16,-10,0,-136,16,0,1,-121,16,-8,0,-94,16,-34,0,-67,16,-89,0,-28,16,135,0,7,0,79,0,40,0,0,0,0,0,-14,16,71,0,-62,16,67,0,-129,16,52,0,79,16,26,0,14,16,15,0,-42,15,10,0,-56,15,17,0,-54,15,37,0,-49,15,71,0,-27,15,103,0,25,16,119,0,104,16,116,0,-82,16]"
CSI_DATA,122989,d8:b1:90:d9:de:f0,-37,9,-99,-36,39,104,-1578330060,130,0,106,0,"[116,16,96,0,54,16,132,0,30,16,-132,0,30,16,-120,0,31,16,-122,0,25,16,-136,0,13,16,-139,0,0,16,136,0,5,16,120,0,33,16,92,0,83,16,47,0,141,16,3,0,-93,16,-33,16,0,0,0,0,-21,16,-87,16,31,0,-93,16,96,0,-112,16,-114,0,-116,16,-47,0,-124,16,0,1,141,16,15,1,117,16,6,1,94,16,-25,0,59,16,-70,0,43,16,-130,0,48,16,96,0,95,16,40,0]"
CSI_DATA,122990,d8:b1:90:d9:de:f0,-37,9,-99,-35,39,104,-1578329907,124,0,106,0,"[82,16,7,0,16,16,27,0,-11,15,51,0,-19,15,63,0,-9,15,69,0,-9,15,73,0,-19,15,73,0,-22,15,62,0,-7,15,55,0,25,16,35,0,88,16,15,0,-127,16,-8,16,-78,16,-37,16,0,0,0,0,7,0,-69,16,56,0,-69,16,130,0,-57,16,-78,0,-53,16,-8,0,-66,16,37,1,-87,16,53,1,-116,16,38,1,121,16,13,1,81,16,-39,0,50,16,-111,0,50,16,87,0,79,16,20,0]"
CSI_DATA,122991,d8:b1:90:d9:de:f0,-35,11,-99,-36,37,104,-1578309220,100,0,114,0,"[-9,31,-14,32,-15,33,-18,35,-19,33,-21,32,-19,31,-21,29,-19,29,-19,28,-18,26,-18,26,-19,26,-19,28,-21,29,-21,31,-22,33,-22,33,-24,35,-22,36,-24,36,-24,38,-24,38,-22,38,-22,36,-22,36,-22,35,-22,35,0,0,-21,35,-21,33,-22,35,-22,36,-24,38,-24,39,-24,39,-22,39,-22,38,-21,36,-21,36,-19,35,-16,33,-16,33,-16,31,-15,31,-14,31,-15,31,-15,32,-15,33,-15,35,-18,36,-18,36,-19,36,-22,36,-22,35,-22,32,-22,26]"
CSI_DATA,122992,d8:b1:90:d9:de:f0,-38,9,-99,-34,39,104,-1577912234,98,0,106,0,"[-24,15,88,15,-42,15,26,15,-64,15,-6,14,-73,15,-12,14,-68,15,-4,14,-62,15,-7,14,-52,15,-8,14,-41,15,-13,14,-27,15,-11,14,-8,15,19,15,10,0,77,15,36,0,-132,15,58,0,-78,15,0,0,0,0,72,0,8,0,73,0,62,0,62,0,121,0,54,0,-76,0,48,0,-8,0,55,0,36,1,73,0,47,1,106,0,46,1,-133,0,26,1,-105,0,-15,0,-100,0,-67,0,-119,0,130,0,92,0]"
CSI_DATA,122993,d8:b1:90:d9:de:f0,-37,9,-99,-36,39,104,-1577912093,108,0,106,0,"[130,0,-142,16,-111,0,87,16,-98,0,51,16,-100,0,37,16,-108,0,41,16,-100,0,43,16,-89,0,47,16,-85,0,44,16,-74,0,61,16,-93,0,100,16,-126,0,-130,16,134,0,-72,16,107,0,-19,16,0,0,0,0,58,0,66,0,15,0,97,0,-40,16,141,0,-99,16,-100,0,142,16,-50,0,111,16,-7,0,123,16,21,1,-143,16,38,1,-102,16,47,1,-46,16,35,1,2,0,-1,0,28,0,-71,0,31,0]"
CSI_DATA,122994,d8:b1:90:d9:de:f0,-38,11,-99,-35,39,104,-1577494916,277,0,106,0,"[112,0,130,16,138,0,61,16,137,0,23,16,131,0,16,16,130,0,22,16,134,0,25,16,-134,0,32,16,-113,0,32,16,-107,0,47,16,-123,0,82,16,128,0,138,16,106,0,-82,16,82,0,-27,16,0,0,0,0,30,0,58,0,-9,16,79,0,-66,16,116,0,-130,16,-121,0,88,16,-80,0,65,16,-42,0,62,16,-14,0,83,16,6,1,119,16,22,1,-105,16,25,1,-56,16,-2,0,-1,16,-65,0,18,0]"
CSI_DATA,122995,d8:b1:90:d9:de:f0,-38,9,-99,-36,39,104,-1577494435,120,0,106,0,"[140,0,-132,16,-105,0,92,16,-102,0,56,16,-112,0,41,16,-120,0,44,16,-123,0,42,16,-113,0,44,16,-107,0,43,16,-108,0,57,16,-126,0,85,16,138,0,138,16,112,0,-95,16,89,0,-37,16,0,0,0,0,42,0,54,0,15,0,97,0,-33,16,141,0,-76,16,-87,0,-104,16,-29,0,-117,16,14,1,-102,16,37,1,-63,16,49,1,-17,16,50,1,25,0,34,1,70,0,-11,0,92,0,-93,0,72,0]"
CSI_DATA,122996,d8:b1:90:d9:de:f0,-37,9,-99,-34,38,104,-1577494332,120,0,106,0,"[141,17,127,0,93,17,-120,0,82,17,-74,0,87,17,-59,0,97,17,-64,0,99,17,-58,0,92,17,-62,0,84,17,-55,0,80,17,-61,0,102,17,-95,0,139,17,-150,0,-131,17,99,0,-98,17,41,0,0,0,0,0,-51,17,-58,17,-11,17,-101,17,33,0,146,17,77,0,82,17,108,0,26,17,120,0,-22,16,102,0,-42,16,65,0,-61,16,21,0,-60,16,-32,17,-40,16,-72,17,5,17,-98,17,85,17,-79,17]"
CSI_DATA,122997,d8:b1:90:d9:de:f0,-38,9,-99,-36,39,104,-1577494183,130,0,106,0,"[134,16,-123,16,84,16,116,16,58,16,96,16,63,16,85,16,80,16,76,16,97,16,60,16,116,16,43,16,-141,16,23,16,-109,16,20,16,-76,16,39,16,-28,16,83,16,8,0,141,16,42,0,-85,16,0,0,0,0,66,0,16,0,56,0,77,0,31,0,141,0,-7,16,-71,0,-44,16,-7,0,-66,16,31,1,-78,16,41,1,-67,16,48,1,-49,16,49,1,-26,16,37,1,2,0,0,1,24,0,-75,0,26,0]"
CSI_DATA,122998,d8:b1:90:d9:de:f0,-38,9,-99,-34,39,104,-1577494039,113,0,106,0,"[90,15,28,0,25,15,37,0,-4,14,42,0,-9,14,40,0,-4,14,28,0,-4,14,0,0,-11,14,-23,15,-15,14,-47,15,0,15,-72,15,38,15,-84,15,101,15,-92,15,-106,15,-85,15,-43,15,-79,15,0,0,0,0,50,0,-44,15,85,0,-1,15,132,0,52,0,-104,0,115,0,-77,0,-98,0,-50,0,-55,0,-39,0,-39,0,-23,0,-52,0,-18,0,-72,0,-14,0,-99,0,-31,0,128,0,-81,0,77,0,115,0]"
CSI_DATA,122999,d8:b1:90:d9:de:f0,-40,11,-99,-33,41,104,-1577308845,100,0,228,0,"[1,7,2,10,3,13,3,15,3,17,2,19,1,20,89,36,0,20,0,20,0,20,0,19,0,20,0,20,0,20,0,20,0,21,0,20,0,20,0,19,0,17,-27,-24,1,13,1,11,1,9,2,8,2,6,4,4,0,0,4,0,4,0,4,-3,4,-4,4,-7,4,-8,55,0,5,-13,5,-16,6,-17,7,-19,8,-20,8,-20,9,-20,10,-20,12,-20,13,-18,14,-17,15,-17,16,-14,-27,0,16,-11,15,-8,13,-5,10,-4,8,-2,5,0,3,0,-10,-4,-12,4,-5,11,3,11,8,4,8,-3,1,-6,-2,17,-4,1,0,4,5,3,6,-3,1,-8,-7,-8,-13,-1,-12,9,-1,17,13,15,22,2,18,-15,2,-26,-16,-4,-27,-3,-22,16,-4,26,13,22,24,6,20,-11,0,0,-8,-17,-17,-6,-15,6,-5,13,4,11,9,3,11,-15,0,-6,-4,-2,-3,2,0,4,4,0,2,-2,-1,-3,-4,0,-3,4,2,7,8,4,10,-4,4,-13,9,-29,-17,-8,-22,5,-15,20,1,26,17,20,25,4,21,-9]"
CSI_DATA,123000,d8:b1:90:d9:de:f0,-36,11,-99,-33,37,104,-1577286017,277,0,106,0,"[-108,0,-41,19,-31,0,-49,19,9,1,-55,19,12,1,-47,19,18,1,-27,19,6,1,6,0,22,1,33,0,33,1,69,0,5,1,106,0,-46,0,126,0,-115,0,116,0,133,0,114,0,62,0,101,0,0,0,0,0,-64,19,57,0,-114,19,-1,19,-160,19,-69,19,126,19,-143,19,95,19,116,19,72,19,57,19,63,19,41,19,66,19,41,19,59,19,59,19,40,19,93,19,58,19,132,19,110,19,-136,19,-145,19]"
CSI_DATA,123001,d8:b1:90:d9:de:f0,-37,9,-99,-35,38,104,-1577285563,101,0,106,0,"[129,18,-107,18,59,18,-139,18,22,18,-149,18,22,18,-150,18,33,18,155,18,41,18,148,18,46,18,122,18,52,18,101,18,75,18,89,18,122,18,101,18,-133,18,129,18,-67,18,-144,18,-14,18,-107,18,0,0,0,0,75,0,-37,18,99,0,20,0,127,0,91,0,150,0,-138,0,-138,0,-72,0,-121,0,-23,0,-92,0,-12,0,-74,0,-15,0,-58,0,-48,0,-45,0,-80,0,-56,0,-143,0,-101,0,101,0,125,0]"
CSI_DATA,123002,d8:b1:90:d9:de:f0,-37,9,-99,-34,38,104,-1577076673,113,0,106,0,"[-10,17,91,17,-42,17,17,17,-70,17,-11,16,-93,17,-8,16,-98,17,0,17,-91,17,1,17,-95,17,-10,16,-92,17,-19,16,-89,17,-9,16,-72,17,27,17,-47,17,85,17,-11,17,147,17,22,0,-104,17,0,0,0,0,82,0,-20,17,91,0,34,0,116,0,101,0,139,0,-129,0,-131,0,-66,0,-91,0,-35,0,-55,0,-29,0,-19,0,-55,0,2,1,-106,0,19,1,135,0,-3,0,70,0,-72,0,15,0,129,0]"
CSI_DATA,123003,d8:b1:90:d9:de:f0,-38,11,-99,-34,39,104,-1576659318,277,0,106,0,"[39,0,86,15,58,0,23,15,72,0,-5,14,85,0,0,15,102,0,2,15,127,0,20,15,-113,0,21,15,-84,0,31,15,-67,0,73,15,-82,0,118,15,-105,0,-100,15,120,0,-41,15,82,0,8,0,0,0,0,0,-5,15,67,0,-59,15,63,0,-127,15,52,0,70,15,24,0,6,15,2,0,-41,14,-24,15,-66,14,-31,15,-61,14,-26,15,-55,14,-7,15,-46,14,9,0,-8,14,38,0,67,15,46,0,-115,15]"
CSI_DATA,123004,d8:b1:90:d9:de:f0,-37,9,-99,-36,39,104,-1576658820,130,0,106,0,"[78,0,-105,0,107,0,-43,0,127,0,-15,0,123,0,-10,0,111,0,-5,0,95,0,-6,0,71,0,8,1,54,0,20,1,28,0,8,1,2,0,-30,0,-19,16,-88,0,-35,16,132,0,-60,16,69,0,0,0,0,0,-60,16,-37,16,-32,16,-83,16,12,0,-142,16,61,0,83,16,103,0,22,16,134,0,-15,15,135,0,-39,15,113,0,-51,15,89,0,-46,15,52,0,-41,15,11,0,-6,15,-21,16,71,16,-32,16]"
CSI_DATA,123005,d8:b1:90:d9:de:f0,-37,9,-99,-33,38,104,-1576658694,108,0,106,0,"[-85,17,106,17,-108,17,40,17,-122,17,8,17,-113,17,3,17,-102,17,-3,16,-81,17,-5,16,-58,17,-13,16,-34,17,-26,16,-6,17,-19,16,23,0,20,17,41,0,85,17,63,0,-140,17,79,0,-76,17,0,0,0,0,90,0,33,0,62,0,86,0,21,0,-142,0,-27,17,-83,0,-71,17,-20,0,-94,17,20,1,-107,17,42,1,-93,17,51,1,-71,17,43,1,-38,17,36,1,-2,17,0,1,20,0,-75,0,23,0]"
CSI_DATA,123006,d8:b1:90:d9:de:f0,-37,9,-99,-34,38,104,-1576449956,98,0,106,0,"[101,17,19,0,27,17,39,0,-3,16,61,0,-8,16,71,0,-8,16,70,0,-1,16,66,0,-11,16,57,0,-23,16,49,0,-10,16,35,0,24,17,16,0,86,17,-7,17,-148,17,-32,17,-85,17,-52,17,0,0,0,0,1,0,-77,17,64,0,-76,17,131,0,-70,17,-90,0,-58,17,-19,0,-59,17,29,1,-64,17,51,1,-97,17,39,1,-134,17,16,1,134,17,-20,0,102,17,-87,0,95,17,129,0,118,17,57,0]"
CSI_DATA,123007,d8:b1:90:d9:de:f0,-38,9,-99,-35,39,104,-1576449860,224,0,106,0,"[-13,16,85,16,-31,16,18,16,-54,16,-13,15,-64,16,-9,15,-71,16,-8,15,-59,16,-8,15,-62,16,-9,15,-51,16,-15,15,-42,16,-5,15,-28,16,29,16,-8,16,83,16,17,0,-137,16,42,0,-83,16,0,0,0,0,76,0,2,0,76,0,59,0,74,0,121,0,74,0,-86,0,80,0,-11,0,103,0,26,1,125,0,34,1,-123,0,25,1,-90,0,-6,0,-54,0,-47,0,-52,0,-114,0,-92,0,92,0,109,0]"
CSI_DATA,123008,d8:b1:90:d9:de:f0,-37,9,-99,-34,38,104,-1576428133,98,0,106,0,"[-108,17,-121,0,-150,17,-60,0,131,17,-29,0,122,17,-33,0,109,17,-43,0,102,17,-55,0,74,17,-72,0,57,17,-80,0,41,17,-116,0,61,17,142,0,102,17,80,0,149,17,22,0,-105,17,-22,17,0,0,0,0,-10,17,-84,17,48,0,-89,17,128,0,-83,17,-93,0,-64,17,-14,0,-60,17,42,1,-51,17,62,1,-60,17,65,1,-73,17,51,1,-99,17,23,1,-118,17,-28,0,-136,17,-116,0,-124,17,95,0]"
CSI_DATA,123009,d8:b1:90:d9:de:f0,-36,9,-99,-36,38,104,-1576404691,252,0,106,0,"[-148,0,-142,18,-91,0,125,18,-70,0,94,18,-73,0,90,18,-73,0,86,18,-80,0,89,18,-66,0,88,18,-49,0,93,18,-51,0,114,18,-73,0,151,18,-120,0,-120,18,154,0,-64,18,112,0,-11,18,0,0,0,0,36,0,81,0,-18,18,114,0,-88,18,142,0,-161,18,-139,0,101,18,-91,0,69,18,-52,0,66,18,-30,0,90,18,-8,0,130,18,5,1,-143,18,13,1,-79,18,-8,0,-20,18,-76,0,11,0]"
CSI_DATA,123010,d8:b1:90:d9:de:f0,-35,11,-99,-36,37,104,-1576308789,100,0,114,0,"[31,-11,33,-9,36,-8,38,-7,40,-7,40,-5,38,-4,38,-2,35,-4,35,-2,33,-4,35,-4,35,-4,35,-5,35,-7,36,-7,38,-8,39,-8,42,-8,42,-9,42,-9,42,-11,42,-11,42,-12,42,-12,40,-11,40,-12,40,-12,0,0,40,-14,39,-12,40,-14,40,-14,40,-15,40,-15,40,-16,42,-18,40,-18,40,-18,38,-18,38,-19,35,-18,33,-18,32,-18,31,-16,29,-16,29,-18,29,-18,32,-21,32,-22,33,-22,35,-22,36,-22,36,-22,36,-19,36,-16,33,-14]"
CSI_DATA,123011,d8:b1:90:d9:de:f0,-37,9,-99,-37,39,104,-1576241075,130,0,106,0,"[-100,17,-125,0,-130,17,-57,0,-143,17,-21,0,-145,17,-16,0,140,17,-27,0,130,17,-39,0,107,17,-48,0,92,17,-58,0,87,17,-81,0,99,17,-128,0,130,17,108,0,-129,17,51,0,-93,17,-5,17,0,0,0,0,-6,17,-71,17,43,0,-79,17,120,0,-81,17,-90,0,-87,17,-15,0,-95,17,32,1,-102,17,41,1,-124,17,34,1,-145,17,17,1,127,17,-17,0,106,17,-77,0,101,17,140,0,131,17,61,0]"
CSI_DATA,123012,d8:b1:90:d9:de:f0,-37,9,-99,-33,38,104,-1576240922,113,0,106,0,"[-118,17,-132,0,129,17,-77,0,106,17,-46,0,103,17,-41,0,94,17,-54,0,86,17,-65,0,61,17,-79,0,40,17,-90,0,32,17,-118,0,51,17,133,0,92,17,73,0,139,17,21,0,-110,17,-25,17,0,0,0,0,-20,17,-87,17,36,0,-92,17,116,0,-105,17,-97,0,-99,17,-25,0,-101,17,26,1,-105,17,46,1,-118,17,41,1,-142,17,21,1,132,17,-9,0,118,17,-63,0,114,17,-138,0,142,17,81,0]"
CSI_DATA,123013,d8:b1:90:d9:de:f0,-37,9,-99,-33,38,104,-1575823240,130,0,106,0,"[85,0,-108,0,117,0,-41,0,133,0,-13,0,133,0,-1,0,123,0,-3,0,100,0,-1,0,81,0,15,1,58,0,27,1,28,0,15,1,-3,17,-20,0,-28,17,-80,0,-51,17,-146,0,-71,17,84,0,0,0,0,0,-88,17,-21,17,-64,17,-73,17,-31,17,-146,17,9,0,83,17,42,0,18,17,68,0,-36,16,62,0,-62,16,41,0,-61,16,17,0,-57,16,-16,17,-45,16,-46,17,3,17,-56,17,83,17,-42,17]"
CSI_DATA,123014,d8:b1:90:d9:de:f0,-37,9,-99,-36,39,104,-1575823132,113,0,106,0,"[-120,16,-130,0,134,16,-66,0,121,16,-33,0,124,16,-33,0,115,16,-33,0,111,16,-46,0,87,16,-52,0,72,16,-54,0,72,16,-72,0,92,16,-114,0,117,16,117,0,-124,16,62,0,-89,16,11,0,0,0,0,0,-10,16,-63,16,42,0,-80,16,105,0,-102,16,-99,0,-120,16,-37,0,-140,16,5,1,131,16,16,1,108,16,2,1,85,16,-25,0,67,16,-54,0,54,16,-111,0,51,16,107,0,88,16,44,0]"
CSI_DATA,123015,d8:b1:90:d9:de:f0,-38,11,-99,-35,39,104,-1575405922,277,0,106,0,"[121,0,-137,16,-103,0,86,16,-78,0,57,16,-66,0,59,16,-59,0,76,16,-52,0,94,16,-27,0,110,16,-13,0,133,16,-11,0,-109,16,-41,0,-63,16,-92,0,-21,16,135,0,21,0,74,0,54,0,0,0,0,0,-21,16,62,0,-73,16,33,0,136,16,-5,16,66,16,-52,16,11,16,-99,16,-32,15,-128,16,-50,15,-129,16,-54,15,-117,16,-46,15,-98,16,-28,15,-61,16,7,16,-37,16,77,16,-9,16,-105,16]"
CSI_DATA,123016,d8:b1:90:d9:de:f0,-38,9,-99,-34,39,104,-1575405423,130,0,106,0,"[-42,15,-91,0,-56,15,-20,0,-61,15,20,1,-54,15,24,1,-60,15,20,1,-70,15,10,1,-86,15,9,1,-103,15,-1,0,-121,15,-27,0,-124,15,-76,0,-119,15,-135,0,-112,15,70,0,-100,15,16,0,0,0,0,0,-49,15,-61,15,0,0,-78,15,73,0,-106,15,-126,0,128,15,-61,0,85,15,-22,0,50,15,-16,0,32,15,-31,0,18,15,-68,0,11,15,-114,0,10,15,109,0,34,15,57,0,102,15,20,0]"
CSI_DATA,123017,d8:b1:90:d9:de:f0,-37,9,-99,-33,38,104,-1575405306,101,0,106,0,"[144,17,-127,17,88,17,118,17,54,17,95,17,56,17,91,17,60,17,77,17,66,17,81,17,80,17,63,17,88,17,49,17,123,17,51,17,-123,17,71,17,-73,17,103,17,-16,17,146,17,23,0,-106,17,0,0,0,0,81,0,-23,17,80,0,41,0,87,0,120,0,87,0,-85,0,100,0,-10,0,109,0,35,1,132,0,43,1,-144,0,31,1,-128,0,3,1,-113,0,-21,0,-114,0,-76,0,-146,0,138,0,80,0]"
CSI_DATA,123018,d8:b1:90:d9:de:f0,-38,9,-99,-34,39,104,-1575405147,98,0,106,0,"[122,0,-134,0,-95,0,-84,0,-62,0,-63,0,-49,0,-60,0,-57,0,-67,0,-59,0,-64,0,-67,0,-59,0,-79,0,-51,0,-111,0,-51,0,123,0,-67,0,68,0,-104,0,18,0,128,0,-21,15,96,0,0,0,0,0,-69,15,23,0,-74,15,-28,15,-80,15,-101,15,-91,15,86,15,-113,15,15,15,131,15,-27,14,108,15,-34,14,86,15,-20,14,58,15,12,15,47,15,59,15,61,15,122,15,111,15,-84,15,-78,15]"
CSI_DATA,123019,d8:b1:90:d9:de:f0,-41,11,-99,-35,42,104,-1575308866,100,0,228,0,"[6,0,8,-2,10,-3,13,-4,15,-5,16,-4,17,-5,84,34,19,-5,18,-5,18,-4,18,-5,18,-5,17,-5,16,-6,16,-6,16,-7,15,-7,13,-7,12,-9,10,-8,-26,-23,5,-9,4,-8,2,-8,0,-7,0,-7,-1,-7,0,0,-3,-4,-3,-3,-4,-1,-6,0,-7,3,-8,6,-84,11,-10,10,-12,13,-13,14,-14,15,-15,16,-16,16,-16,16,-16,15,-16,14,-16,13,-16,12,-15,11,-14,10,37,11,-12,7,-10,6,-8,6,-5,3,-3,3,-1,3,0,3,-3,9,5,9,10,2,9,-6,1,-10,-6,-6,-7,0,15,0,2,4,4,0,1,-4,-3,-4,-8,0,-4,8,4,11,13,6,16,-6,6,-18,-10,-19,-23,-7,-22,11,0,15,11,23,23,7,21,-10,7,-21,-9,-18,-18,-5,0,0,-3,14,7,10,11,0,6,-6,-1,-8,-7,-3,-15,13,0,7,6,3,6,-2,1,-5,-3,-3,-3,0,0,3,4,0,3,-4,-1,-7,-8,-4,-11,3,-6,13,-8,26,17,10,23,-3,16,-20,0,-26,-16,-19,-23,-3,-17,10]"
CSI_DATA,123020,d8:b1:90:d9:de:f0,-38,11,-99,-34,39,104,-1575197022,277,0,106,0,"[-118,0,87,0,-38,0,116,0,8,1,110,0,27,1,97,0,36,1,82,0,30,1,67,0,15,1,59,0,-15,0,72,0,-57,0,85,0,-124,0,108,0,93,0,124,0,38,0,131,0,1,0,128,0,0,0,0,0,-45,15,56,0,-78,15,-1,15,128,15,-82,15,58,15,123,15,-4,14,84,15,-46,14,87,15,-62,14,103,15,-58,14,-130,15,-29,14,-87,15,-4,14,-55,15,62,15,-36,15,127,15,-31,15,-67,15]"
CSI_DATA,123021,d8:b1:90:d9:de:f0,-37,9,-99,-37,39,104,-1575196559,108,0,106,0,"[8,0,116,17,1,0,21,17,-35,17,-27,16,-71,17,-36,16,-98,17,-30,16,-106,17,-12,16,-112,17,5,17,-99,17,25,17,-62,17,58,17,-8,17,97,17,41,0,132,17,83,0,-131,17,93,0,-100,17,0,0,0,0,76,0,-30,17,58,0,51,0,65,0,-143,0,88,0,-38,0,131,0,36,1,-120,0,65,1,-83,0,39,1,-57,0,-4,0,-55,0,-55,0,-60,0,-113,0,-105,0,130,0,115,0,95,0,40,0]"
CSI_DATA,123022,d8:b1:90:d9:de:f0,-38,9,-99,-34,39,104,-1575196459,120,0,106,0,"[-100,15,133,15,103,15,77,15,45,15,66,15,18,15,81,15,-1,14,105,15,5,15,128,15,9,15,-124,15,31,15,-117,15,77,15,-114,15,-134,15,-120,15,-78,15,-128,15,-33,15,-133,15,-8,15,-132,15,0,0,0,0,42,0,-66,15,77,0,-7,15,-127,0,59,0,-39,0,105,0,43,1,118,0,87,1,103,0,97,1,60,0,79,1,14,0,41,1,-22,15,-3,0,-56,15,-63,0,-57,15,134,0,-31,15,82,0]"
CSI_DATA,123023,d8:b1:90:d9:de:f0,-37,9,-99,-35,38,104,-1575158093,120,0,106,0,"[26,0,-116,0,47,0,-23,0,81,0,23,1,96,0,35,1,110,0,28,1,100,0,14,1,89,0,1,1,62,0,-12,0,19,0,-50,0,-33,18,-101,0,-84,18,154,0,-112,18,95,0,-121,18,42,0,0,0,0,0,-73,18,-44,18,-29,18,-116,18,19,0,101,18,68,0,4,18,100,0,-61,17,103,0,-106,17,89,0,-107,17,59,0,-83,17,40,0,-48,17,25,0,-6,17,23,0,57,18,37,0,139,18,61,0]"
CSI_DATA,123024,d8:b1:90:d9:de:f0,-37,9,-99,-33,38,104,-1575139303,130,0,106,0,"[-114,0,86,0,-23,0,93,0,38,1,72,0,51,1,39,0,48,1,10,0,24,1,-12,17,8,1,-21,17,-16,0,-11,17,-64,0,16,0,-121,0,49,0,116,0,87,0,73,0,112,0,42,0,116,0,0,0,0,0,-39,17,93,0,-103,17,45,0,97,17,18,0,2,17,1,0,-76,16,16,0,-116,16,46,0,-114,16,79,0,-76,16,100,0,-23,16,125,0,28,17,133,0,95,17,108,0,-139,17,53,0,-98,17]"
CSI_DATA,123025,d8:b1:90:d9:de:f0,-38,9,-99,-35,39,104,-1575139044,113,0,106,0,"[94,16,11,0,16,16,52,0,-18,15,101,0,-8,15,-134,0,10,16,-111,0,40,16,-102,0,57,16,-104,0,83,16,-121,0,105,16,117,0,131,16,65,0,-129,16,10,0,-111,16,-34,16,-94,16,-62,16,0,0,0,0,-21,16,-91,16,42,0,-102,16,123,0,137,16,-89,0,79,16,-46,0,13,16,-50,0,-28,15,-87,0,-39,15,-136,0,-37,15,91,0,-19,15,50,0,11,16,26,0,68,16,31,0,-133,16,53,0]"
CSI_DATA,123026,d8:b1:90:d9:de:f0,-38,11,-99,-35,39,104,-1574779223,277,0,106,0,"[-81,0,-73,16,-14,0,-119,16,9,1,116,16,-6,0,98,16,-25,0,87,16,-43,0,104,16,-61,0,121,16,-69,0,-122,16,-83,0,-67,16,-101,0,-9,16,-122,0,34,0,126,0,74,0,100,0,88,0,0,0,0,0,3,0,89,0,-75,16,78,0,116,16,85,0,31,16,97,0,-35,15,114,0,-62,15,134,0,-50,15,-131,0,-18,15,-128,0,20,16,-126,0,57,16,-128,0,101,16,113,0,-136,16,57,0,-103,16]"
CSI_DATA,123027,d8:b1:90:d9:de:f0,-37,9,-99,-37,39,104,-1574778751,130,0,106,0,"[110,0,110,17,135,0,21,17,109,0,-36,16,73,0,-55,16,43,0,-41,16,36,0,-19,16,28,0,12,17,45,0,34,17,76,0,78,17,110,0,128,17,130,0,-113,17,144,0,-77,17,138,0,-39,17,0,0,0,0,87,0,38,0,45,0,98,0,12,0,-105,0,1,0,-15,0,0,0,54,1,17,0,91,1,53,0,88,1,76,0,62,1,94,0,20,1,106,0,-36,0,88,0,-87,0,42,0,-135,0,-12,17]"
CSI_DATA,123028,d8:b1:90:d9:de:f0,-36,9,-99,-36,38,104,-1574569879,113,0,106,0,"[152,18,-151,18,52,18,137,18,-11,17,-161,18,-28,17,-113,18,-15,17,-70,18,5,18,-45,18,30,18,-39,18,49,18,-50,18,75,18,-84,18,98,18,-114,18,132,18,-137,18,159,18,-133,18,-119,18,-119,18,0,0,0,0,-21,18,-101,18,60,0,-104,18,154,0,-142,18,-93,0,133,18,-52,0,71,18,-51,0,26,18,-91,0,10,18,-130,0,6,18,143,0,6,18,105,0,25,18,78,0,56,18,66,0,105,18,62,0]"
CSI_DATA,123029,d8:b1:90:d9:de:f0,-37,9,-99,-33,38,104,-1574569770,98,0,106,0,"[76,17,9,0,-17,16,36,0,-51,16,72,0,-42,16,92,0,-16,16,97,0,6,17,88,0,30,17,61,0,47,17,10,0,69,17,-53,17,95,17,-103,17,130,17,-137,17,-130,17,146,17,-91,17,-137,17,0,0,0,0,20,0,-88,17,97,0,-46,17,-100,0,-10,17,-13,0,11,0,61,1,18,0,86,1,15,0,79,1,8,0,56,1,8,0,30,1,-5,17,-2,0,-11,17,-49,0,4,0,-99,0,23,0,136,0]"
CSI_DATA,123030,d8:b1:90:d9:de:f0,-37,11,-99,-35,38,104,-1574361424,277,0,106,0,"[-140,0,146,0,-50,0,-122,0,13,1,-130,0,20,1,-154,0,11,1,130,0,-25,0,111,0,-56,0,119,0,-97,0,152,0,-149,0,-130,0,108,0,-101,0,56,0,-91,0,22,0,-106,0,-2,18,-143,0,0,0,0,0,-64,18,62,0,-117,18,-18,18,128,18,-96,18,53,18,150,18,0,18,105,18,-33,17,102,18,-31,17,112,18,-17,17,151,18,14,18,-140,18,45,18,-122,18,94,18,-118,18,152,18,-103,18,-96,18]"
CSI_DATA,123031,d8:b1:90:d9:de:f0,-37,9,-99,-36,39,104,-1574360970,98,0,106,0,"[-136,16,130,16,71,16,86,16,10,16,90,16,-7,15,118,16,-2,15,-132,16,24,16,-113,16,48,16,-106,16,84,16,-125,16,127,16,133,16,-116,16,107,16,-72,16,92,16,-51,16,108,16,-25,16,138,16,0,0,0,0,44,0,-65,16,112,0,-8,16,-86,0,37,0,-4,0,69,0,53,1,67,0,81,1,48,0,78,1,29,0,52,1,-1,16,15,1,-20,16,-15,0,-25,16,-63,0,-22,16,-109,0,1,0,127,0]"
CSI_DATA,123032,d8:b1:90:d9:de:f0,-37,9,-99,-34,38,104,-1574360848,130,0,106,0,"[122,17,117,0,58,17,-114,0,43,17,-60,0,77,17,-36,0,108,17,-30,0,129,17,-55,0,131,17,-80,0,120,17,-111,0,101,17,146,0,86,17,96,0,80,17,53,0,99,17,30,0,129,17,5,0,0,0,0,0,-83,17,-71,17,-15,17,-123,17,38,0,97,17,73,0,15,17,87,0,-51,16,74,0,-79,16,55,0,-77,16,26,0,-52,16,5,0,-15,16,-2,17,17,17,-4,17,54,17,22,0,111,17,45,0]"
CSI_DATA,123033,d8:b1:90:d9:de:f0,-34,11,-99,-35,36,104,-1574309211,100,0,114,0,"[-21,29,-26,30,-29,30,-30,32,-33,30,-32,30,-32,29,-30,27,-29,26,-27,26,-27,26,-27,26,-26,27,-26,29,-26,30,-26,32,-27,33,-29,36,-27,38,-27,38,-27,40,-27,41,-27,41,-26,41,-24,41,-23,41,-23,40,-21,41,0,0,-20,40,-21,41,-20,43,-18,44,-18,46,-18,46,-18,46,-18,49,-16,47,-13,47,-12,46,-10,44,-9,43,-7,41,-7,40,-6,38,-3,38,-3,40,-3,40,-3,43,-1,44,-3,46,-1,46,-1,49,-3,49,-4,47,-6,44,-6,40]"
CSI_DATA,123034,d8:b1:90:d9:de:f0,-36,9,-99,-36,38,104,-1574281359,124,0,106,0,"[-130,18,-149,0,137,18,-65,0,128,18,-6,0,154,18,22,1,-138,18,13,1,-125,18,-13,0,-123,18,-51,0,-149,18,-91,0,138,18,-157,0,105,18,104,0,90,18,59,0,94,18,30,0,127,18,5,0,0,0,0,0,-83,18,-51,18,1,0,-99,18,84,0,142,18,146,0,64,18,-144,0,-8,17,-138,0,-44,17,-153,0,-44,17,144,0,-17,17,125,0,5,18,109,0,37,18,112,0,81,18,120,0,130,18,120,0]"
CSI_DATA,123035,d8:b1:90:d9:de:f0,-37,11,-99,-38,39,104,-1573943625,277,0,106,0,"[36,0,-92,0,70,0,3,1,125,0,41,1,-147,0,29,1,-129,0,1,1,-140,0,-33,0,144,0,-61,0,96,0,-78,0,27,0,-95,0,-35,17,-104,0,-84,17,-122,0,-104,17,-143,0,-97,17,122,0,0,0,0,0,-78,17,9,0,-64,17,-90,17,-82,17,109,17,-103,17,16,17,-139,17,-39,16,144,17,-53,16,139,17,-29,16,142,17,4,17,148,17,36,17,-133,17,73,17,-102,17,98,17,-53,17,127,17,-9,17]"
CSI_DATA,123036,d8:b1:90:d9:de:f0,-37,9,-99,-35,38,104,-1573943181,130,0,106,0,"[111,18,-75,18,9,18,-92,18,-48,17,-66,18,-63,17,-39,18,-42,17,-7,18,-12,17,12,0,12,18,-1,18,47,18,-28,18,86,18,-73,18,127,18,-127,18,-151,18,143,18,-123,18,138,18,-88,18,-155,18,0,0,0,0,13,0,-113,18,95,0,-81,18,-106,0,-74,18,-15,0,-85,18,42,1,-103,18,63,1,-129,18,40,1,-146,18,6,1,-149,18,-31,0,-148,18,-59,0,-127,18,-89,0,-99,18,-117,0,-56,18,-141,0]"
CSI_DATA,123037,d8:b1:90:d9:de:f0,-37,9,-99,-32,38,104,-1573943028,113,0,106,0,"[-141,16,133,16,69,16,84,16,6,16,85,16,-20,15,120,16,-17,15,-133,16,7,16,-105,16,32,16,-100,16,71,16,-109,16,123,16,-134,16,-118,16,122,16,-84,16,99,16,-57,16,102,16,-30,16,123,16,0,0,0,0,47,0,-86,16,111,0,-44,16,-85,0,-10,16,1,1,-3,16,59,1,-8,16,80,1,-31,16,57,1,-52,16,22,1,-70,16,-10,0,-77,16,-35,0,-74,16,-74,0,-52,16,-105,0,-19,16,-134,0]"
CSI_DATA,123038,d8:b1:90:d9:de:f0,-37,9,-99,-35,38,104,-1573942892,98,0,106,0,"[40,0,-92,0,70,0,-4,0,132,0,30,1,-139,0,17,1,-118,0,-15,0,-113,0,-48,0,-130,0,-79,0,146,0,-90,0,81,0,-81,0,20,0,-80,0,-19,18,-85,0,-40,18,-107,0,-50,18,-139,0,0,0,0,0,-88,18,70,0,-125,18,-9,18,110,18,-83,18,29,18,-127,18,-28,17,-141,18,-58,17,-132,18,-58,17,-100,18,-40,17,-75,18,-1,17,-52,18,33,18,-34,18,77,18,-40,18,114,18,-58,18,-152,18]"
CSI_DATA,123039,d8:b1:90:d9:de:f0,-36,9,-99,-35,37,104,-1573915667,108,0,106,0,"[100,20,46,0,4,20,112,0,-23,19,-170,0,4,20,-119,0,49,20,-104,0,83,20,-122,0,105,20,-149,0,109,20,155,0,107,20,97,0,91,20,28,0,80,20,-13,20,94,20,-37,20,139,20,-49,20,0,0,0,0,-97,20,-94,20,-13,20,-148,20,53,0,102,20,91,0,13,20,100,0,-56,19,83,0,-87,19,52,0,-69,19,10,0,-37,19,2,0,5,20,0,0,38,20,17,0,69,20,48,0,105,20,72,0]"
CSI_DATA,123040,d8:b1:90:d9:de:f0,-38,11,-99,-34,39,104,-1573525827,277,0,106,0,"[103,15,105,0,36,15,-112,0,7,15,-58,0,14,15,-27,0,36,15,-18,0,68,15,-16,0,92,15,-39,0,108,15,-79,0,115,15,131,0,128,15,52,0,-135,15,-19,15,-130,15,-64,15,-119,15,-86,15,0,0,0,0,-37,15,-94,15,30,0,-93,15,124,0,-108,15,-62,0,129,15,-3,0,88,15,14,1,61,15,-4,0,50,15,-31,0,48,15,-76,0,58,15,-119,0,81,15,117,0,128,15,91,0,-81,15,79,0]"
CSI_DATA,123041,d8:b1:90:d9:de:f0,-37,9,-99,-33,38,104,-1573525373,113,0,106,0,"[-99,0,-81,17,-21,0,-125,17,17,1,113,17,11,1,76,17,-19,0,54,17,-55,0,54,17,-77,0,65,17,-100,0,91,17,-123,0,-140,17,-136,0,-64,17,-142,0,9,0,-147,0,55,0,135,0,75,0,0,0,0,0,62,0,94,0,-10,17,108,0,-93,17,-142,0,125,17,-85,0,83,17,-26,0,75,17,16,1,106,17,25,1,-144,17,15,1,-99,17,-8,0,-72,17,-42,0,-47,17,-94,0,-50,17,125,0,-71,17]"
CSI_DATA,123042,d8:b1:90:d9:de:f0,-38,9,-99,-34,39,104,-1573525210,130,0,106,0,"[-97,0,108,0,-21,0,-131,0,39,1,130,0,61,1,94,0,67,1,54,0,44,1,30,0,24,1,4,0,-15,0,5,0,-70,0,32,0,-131,0,64,0,93,0,104,0,55,0,132,0,33,0,-135,0,0,0,0,0,-24,15,98,0,-85,15,63,0,105,15,39,0,20,15,34,0,-44,14,52,0,-72,14,87,0,-60,14,110,0,-16,14,132,0,29,15,-124,0,74,15,-123,0,126,15,118,0,-106,15,65,0,-81,15]"
CSI_DATA,123043,d8:b1:90:d9:de:f0,-37,9,-99,-35,38,104,-1573479015,101,0,106,0,"[-133,18,101,18,94,18,29,18,23,18,25,18,6,18,58,18,15,18,92,18,42,18,128,18,84,18,138,18,141,18,139,18,-102,18,121,18,-29,18,108,18,28,0,107,18,63,0,123,18,75,0,-144,18,0,0,0,0,103,0,-34,18,135,0,59,0,-134,0,146,0,-86,0,-86,0,-50,0,-36,0,-40,0,-28,0,-48,0,-58,0,-66,0,-80,0,-92,0,-107,0,-125,0,-127,0,136,0,-140,0,84,0,155,0,28,0]"
CSI_DATA,123044,d8:b1:90:d9:de:f0,-36,9,-99,-35,37,104,-1573458795,120,0,106,0,"[153,20,161,20,27,20,126,20,-61,19,156,20,-78,19,-129,20,-56,19,-75,20,-12,19,-32,20,30,20,-28,20,89,20,-54,20,148,20,-100,20,-153,20,-163,20,-116,20,149,20,-96,20,141,20,-61,20,172,20,0,0,0,0,42,0,-100,20,144,0,-60,20,-85,0,-52,20,13,1,-67,20,67,1,-108,20,79,1,-138,20,37,1,-152,20,-17,0,-161,20,-67,0,-149,20,-98,0,-130,20,-131,0,-87,20,-155,0,-42,20,-172,0]"
CSI_DATA,123045,d8:b1:90:d9:de:f0,-36,9,-99,-36,38,104,-1573458673,120,0,106,0,"[71,18,-27,18,-39,17,16,0,-86,17,89,0,-69,17,152,0,-16,17,-130,0,32,18,-130,0,78,18,-148,0,99,18,124,0,113,18,52,0,112,18,-18,18,119,18,-67,18,128,18,-85,18,-156,18,-81,18,0,0,0,0,-32,18,-100,18,50,0,-137,18,132,0,114,18,-134,0,36,18,-118,0,-28,17,-140,0,-52,17,144,0,-44,17,105,0,-10,17,83,0,22,18,65,0,69,18,74,0,112,18,93,0,157,18,103,0]"
CSI_DATA,123046,d8:b1:90:d9:de:f0,-38,9,-99,-35,39,104,-1573316428,98,0,106,0,"[-91,0,56,0,5,1,46,0,64,1,-1,16,63,1,-62,16,32,1,-114,16,-14,0,-131,16,-57,0,-127,16,-92,0,-94,16,-109,0,-29,16,-112,0,37,0,-99,0,83,0,-87,0,95,0,-101,0,86,0,0,0,0,0,81,0,74,0,4,0,102,0,-66,16,-106,0,-105,16,-17,0,-103,16,58,1,-64,16,89,1,-23,16,78,1,14,0,39,1,40,0,-8,0,40,0,-47,0,14,0,-85,0,-27,16,-105,0,-51,16]"
CSI_DATA,123047,d8:b1:90:d9:de:f0,-40,11,-99,-35,41,104,-1573309220,100,0,228,0,"[-6,-2,-10,-2,-13,-2,-16,-3,-19,-5,-20,-6,-22,-8,94,38,-19,-12,-19,-13,-17,-14,-16,-14,-14,-13,-12,-13,-12,-12,-11,-12,-10,-9,-10,-7,-10,-5,-10,-2,-10,0,-29,-25,-12,3,-12,5,-13,5,-12,5,-12,5,-12,4,0,0,-8,5,-6,5,-4,6,-1,7,0,9,2,12,27,0,6,18,6,21,6,23,6,24,4,25,3,25,1,24,0,23,0,22,0,20,-1,19,-1,17,-1,15,-25,12,0,13,1,12,2,11,4,11,5,10,6,10,5,9,1,-8,-6,-9,-12,-3,-12,6,-5,13,4,12,11,5,-11,-14,2,-8,-4,-5,-6,1,-1,7,6,6,12,0,9,-12,-2,-18,-16,-13,-25,1,-19,19,-1,29,19,23,17,6,24,-15,6,-25,-12,-20,-20,-6,-16,8,-4,15,0,0,12,0,6,-8,-3,-10,-11,-2,-10,7,0,14,13,25,14,0,10,-9,0,-12,-7,-7,-8,0,-3,6,3,4,5,-1,0,-6,-6,-5,-12,1,-9,11,1,17,13,28,22,0,19,-15,6,-25,-12,-23,-23,-9,-22,6,-11,16]"
CSI_DATA,123048,d8:b1:90:d9:de:f0,-37,9,-99,-35,39,104,-1573107583,130,0,106,0,"[-52,0,103,0,23,1,105,0,70,1,89,0,68,1,54,0,64,1,27,0,29,1,18,0,9,1,8,0,-27,0,9,0,-87,0,28,0,122,0,63,0,59,0,105,0,11,0,134,0,-18,16,-131,0,0,0,0,0,-64,16,138,0,-117,16,98,0,97,16,69,0,23,16,39,0,-37,15,27,0,-68,15,31,0,-65,15,55,0,-34,15,76,0,2,16,87,0,33,16,89,0,80,16,76,0,138,16,32,0,-106,16]"
CSI_DATA,123049,d8:b1:90:d9:de:f0,-36,11,-99,-37,38,104,-1572899128,277,0,106,0,"[154,0,-129,0,-85,0,-88,0,-6,0,-111,0,28,1,149,0,11,1,73,0,-24,0,27,0,-73,0,14,0,-120,0,45,0,-150,0,108,0,-146,0,-149,0,-129,0,-101,0,-107,0,-108,0,-99,0,-151,0,0,0,0,0,-164,0,120,0,80,0,147,0,16,0,-116,0,-14,19,-34,0,9,0,34,1,54,0,63,1,93,0,41,1,128,0,-5,0,134,0,-55,0,124,0,-91,0,81,0,-97,0,57,0,-75,0,66,0]"
CSI_DATA,123050,d8:b1:90:d9:de:f0,-37,9,-99,-35,38,104,-1572898647,98,0,106,0,"[-78,0,58,0,23,1,41,0,67,1,-18,18,56,1,-78,18,6,1,-110,18,-46,0,-119,18,-99,0,-88,18,-132,0,-29,18,-143,0,57,0,-130,0,140,0,-110,0,-122,0,-92,0,-118,0,-99,0,-141,0,0,0,0,0,119,0,125,0,34,0,122,0,-68,18,-130,0,-132,18,-59,0,155,18,9,1,-143,18,42,1,-108,18,39,1,-77,18,12,1,-55,18,-29,0,-62,18,-80,0,-97,18,-118,0,-149,18,-127,0,138,18]"
CSI_DATA,123051,d8:b1:90:d9:de:f0,-36,9,-99,-36,38,104,-1572898506,224,0,106,0,"[105,0,-90,0,-144,0,-25,0,-79,0,-16,0,-47,0,-62,0,-40,0,-110,0,-73,0,-149,0,-115,0,152,0,148,0,157,0,73,0,-125,0,7,0,-65,0,-17,18,-25,0,-17,18,-5,0,-2,18,-25,0,0,0,0,0,-23,18,-115,0,-83,18,139,0,137,18,103,0,40,18,99,0,-22,17,118,0,-42,17,139,0,-22,17,-151,0,22,18,-151,0,62,18,153,0,91,18,127,0,89,18,81,0,65,18,30,0,41,18]"
CSI_DATA,123052,d8:b1:90:d9:de:f0,-37,9,-99,-34,38,104,-1572689784,130,0,106,0,"[103,0,-92,0,-148,0,-10,0,-92,0,9,1,-61,0,-10,0,-60,0,-46,0,-76,0,-73,0,-106,0,-102,0,143,0,-111,0,67,0,-105,0,-7,17,-99,0,-61,17,-96,0,-92,17,-104,0,-103,17,-129,0,0,0,0,0,-121,17,76,0,-131,17,1,0,135,17,-91,17,93,17,140,17,53,17,84,17,34,17,67,17,38,17,77,17,51,17,91,17,65,17,114,17,87,17,127,17,129,17,134,17,-131,17,125,17,-85,17]"
CSI_DATA,123053,d8:b1:90:d9:de:f0,-37,9,-99,-36,39,104,-1572689631,113,0,106,0,"[34,0,-75,0,60,0,11,1,106,0,47,1,139,0,37,1,-132,0,2,1,-135,0,-23,0,132,0,-58,0,86,0,-78,0,28,0,-94,0,-43,16,-102,0,-93,16,-112,0,-123,16,-120,0,-131,16,136,0,0,0,0,0,-123,16,52,0,-122,16,-16,16,-142,16,-104,16,111,16,106,16,81,16,50,16,66,16,34,16,67,16,50,16,67,16,66,16,79,16,86,16,99,16,105,16,129,16,115,16,-116,16,112,16,-77,16]"
CSI_DATA,123054,d8:b1:90:d9:de:f0,-37,11,-99,-34,38,104,-1572481329,277,0,106,0,"[85,17,106,0,13,17,-152,0,-3,16,-93,0,9,17,-77,0,52,17,-79,0,84,17,-95,0,93,17,-128,0,96,17,129,0,97,17,57,0,93,17,-7,17,87,17,-71,17,96,17,-104,17,117,17,-117,17,0,0,0,0,-105,17,-130,17,-35,17,-142,17,49,0,110,17,121,0,72,17,-136,0,28,17,-120,0,-3,16,-134,0,2,17,146,0,14,17,128,0,43,17,130,0,72,17,135,0,106,17,147,0,147,17,-143,0]"
CSI_DATA,123055,d8:b1:90:d9:de:f0,-37,9,-99,-36,39,104,-1572480857,130,0,106,0,"[-130,16,-89,0,-143,16,1,1,-106,16,54,1,-61,16,61,1,-19,16,42,1,4,0,3,1,2,0,-32,0,-19,16,-71,0,-63,16,-114,0,-118,16,136,0,129,16,117,0,103,16,104,0,106,16,89,0,0,0,0,0,-126,16,22,0,-114,16,-46,16,-116,16,-127,16,-143,16,79,16,106,16,24,16,74,16,13,16,56,16,39,16,58,16,79,16,75,16,113,16,89,16,135,16,127,16,-143,16,-118,16,138,16,-96,16]"
CSI_DATA,123056,d8:b1:90:d9:de:f0,-37,9,-99,-33,38,104,-1572480749,108,0,106,0,"[49,17,10,0,-34,16,43,0,-61,16,99,0,-45,16,139,0,-4,16,-135,0,35,17,-133,0,60,17,142,0,78,17,103,0,84,17,45,0,84,17,-23,17,83,17,-71,17,85,17,-100,17,105,17,-107,17,0,0,0,0,-121,17,-112,17,-56,17,-135,17,6,0,105,17,57,0,41,17,83,0,-18,16,78,0,-49,16,48,0,-50,16,21,0,-25,16,9,0,3,17,2,0,28,17,21,0,60,17,43,0,86,17,65,0]"
CSI_DATA,123057,d8:b1:90:d9:de:f0,-35,11,-99,-34,36,104,-1572308813,100,0,114,0,"[-13,35,-16,38,-17,40,-20,40,-23,43,-23,40,-23,40,-22,37,-20,35,-20,34,-19,32,-19,34,-17,35,-17,35,-17,37,-16,38,-16,40,-16,43,-16,44,-14,44,-14,46,-13,47,-13,44,-11,46,-11,44,-10,44,-8,43,-8,43,0,0,-7,41,-5,43,-5,43,-4,46,-4,46,-4,46,-2,46,-2,47,-1,44,0,44,1,44,1,40,2,37,4,35,4,35,4,37,5,34,5,35,5,35,5,37,7,38,8,40,8,41,7,43,5,43,5,41,4,40,1,35]"
CSI_DATA,123058,d8:b1:90:d9:de:f0,-38,11,-99,-35,39,104,-1572272430,277,0,106,0,"[57,0,-74,0,111,0,8,1,-85,0,28,1,-41,0,-2,0,-18,0,-53,0,-29,0,-115,0,-62,0,126,0,-112,0,111,0,78,0,128,0,9,0,-117,0,-37,16,-78,0,-49,16,-55,0,-33,16,-68,0,0,0,0,0,-32,16,-135,0,-70,16,68,0,123,16,21,0,37,16,-8,16,-28,15,-2,16,-61,15,21,0,-51,15,59,0,-9,15,80,0,31,16,82,0,63,16,71,0,82,16,31,0,89,16,-9,16,81,16]"
CSI_DATA,123059,d8:b1:90:d9:de:f0,-39,9,-99,-35,40,104,-1572271949,98,0,106,0,"[41,0,-57,0,69,0,25,0,110,0,57,0,-107,0,46,0,-93,0,18,0,-101,0,-19,0,123,0,-56,0,70,0,-85,0,0,0,-116,0,-79,14,112,0,106,14,110,0,77,14,106,0,75,14,94,0,0,0,0,0,-119,14,27,0,-93,14,-34,14,-72,14,-118,14,-68,14,45,14,-81,14,-17,13,-87,14,-38,13,-91,14,-32,13,-91,14,0,13,-78,14,27,14,-55,14,51,14,-13,14,71,14,38,0,84,14,68,0]"
CSI_DATA,123060,d8:b1:90:d9:de:f0,-38,9,-99,-35,39,104,-1572271835,113,0,106,0,"[78,0,78,16,101,0,-16,15,85,0,-75,15,46,0,-81,15,7,0,-63,15,-2,16,-19,15,3,0,28,16,27,0,79,16,77,0,-129,16,-135,0,-68,16,-78,0,-28,16,-51,0,-14,16,-62,0,-6,16,0,0,0,0,-134,0,23,0,73,0,75,0,15,0,-124,0,-31,16,-41,0,-51,16,25,1,-49,16,56,1,-35,16,52,1,-19,16,21,1,-18,16,-21,0,-29,16,-55,0,-59,16,-92,0,-109,16,-129,0,137,16]"
CSI_DATA,123061,d8:b1:90:d9:de:f0,-37,9,-99,-38,39,104,-1572261497,321,0,106,0,"[78,0,74,17,84,0,-22,16,42,0,-80,16,-14,17,-74,16,-65,17,-60,16,-91,17,-13,16,-99,17,28,17,-80,17,58,17,-29,17,91,17,27,0,111,17,86,0,116,17,114,0,121,17,115,0,135,17,0,0,0,0,108,0,-122,17,128,0,-52,17,-120,0,4,0,-65,0,55,0,3,1,68,0,38,1,51,0,40,1,24,0,19,1,-11,17,-13,0,-39,17,-34,0,-48,17,-60,0,-42,17,-90,0,-22,17,-111,0]"
CSI_DATA,123062,d8:b1:90:d9:de:f0,-36,9,-99,-37,38,104,-1572255171,321,0,106,0,"[156,19,129,19,72,19,86,19,-5,18,101,19,-28,18,156,19,-36,18,-123,19,-6,18,-64,19,15,19,-42,19,42,19,-44,19,88,19,-76,19,124,19,-111,19,155,19,-150,19,-161,19,160,19,-142,19,-164,19,0,0,0,0,-82,19,-145,19,-15,19,-155,19,53,0,137,19,112,0,75,19,133,0,10,19,123,0,-22,18,80,0,-32,18,42,0,-14,18,7,0,9,19,-14,19,27,19,-16,19,47,19,-14,19,86,19,-11,19]"
CSI_DATA,123063,d8:b1:90:d9:de:f0,-37,9,-99,-34,38,104,-1572254892,321,0,106,0,"[-65,0,74,0,22,1,83,0,73,1,53,0,77,1,27,0,55,1,-5,17,19,1,-19,17,-7,0,-14,17,-48,0,14,0,-96,0,68,0,-139,0,125,0,129,0,-130,0,97,0,-109,0,74,0,-116,0,0,0,0,0,9,0,147,0,-64,17,112,0,143,17,97,0,58,17,92,0,-5,16,98,0,-32,16,116,0,-22,16,128,0,1,17,135,0,32,17,128,0,51,17,118,0,71,17,89,0,91,17,54,0,111,17]"
CSI_DATA,123064,d8:b1:90:d9:de:f0,-36,9,-99,-36,38,104,-1572254627,321,0,106,0,"[-143,0,138,18,-84,0,73,18,-73,0,21,18,-96,0,-1,17,-138,0,2,18,-159,0,21,18,146,0,54,18,156,0,93,18,-146,0,153,18,-112,0,-107,18,-89,0,-49,18,-79,0,-15,18,-99,0,2,0,0,0,0,0,-149,0,52,0,114,0,108,0,74,0,-134,0,40,0,-57,0,35,0,11,1,41,0,37,1,45,0,28,1,57,0,6,1,62,0,-17,0,56,0,-37,0,40,0,-60,0,6,0,-80,0,-15,18]"
CSI_DATA,123065,d8:b1:90:d9:de:f0,-39,11,-99,-34,40,104,-1571854631,277,0,106,0,"[57,0,56,14,67,0,-16,13,42,0,-59,13,3,0,-60,13,-30,14,-40,13,-40,14,-11,13,-37,14,19,14,-10,14,58,14,39,0,94,14,101,0,-117,14,-87,0,-102,14,-61,0,-101,14,-60,0,-101,14,0,0,0,0,-104,0,-69,14,106,0,-8,14,101,0,68,0,118,0,-90,0,-89,0,-31,0,-54,0,-14,0,-36,0,-28,0,-36,0,-54,0,-46,0,-95,0,-68,0,-115,0,-104,0,-118,0,97,0,-102,0,74,0]"
CSI_DATA,123066,d8:b1:90:d9:de:f0,-38,9,-99,-36,40,104,-1571854177,130,0,106,0,"[-124,15,-91,0,104,15,-20,0,120,15,32,1,-97,15,54,1,-52,15,41,1,-17,15,13,1,-6,15,-23,0,-18,15,-68,0,-57,15,-113,0,-115,15,109,0,84,15,93,0,59,15,98,0,60,15,100,0,0,0,0,0,121,15,74,0,-114,15,18,0,-116,15,-64,15,113,15,111,15,63,15,60,15,19,15,56,15,2,15,83,15,0,15,126,15,17,15,-87,15,43,15,-82,15,78,15,-78,15,108,15,-97,15,124,15]"
CSI_DATA,123067,d8:b1:90:d9:de:f0,-39,11,-99,-34,40,104,-1571436832,277,0,106,0,"[-97,0,115,14,-47,0,54,14,-39,0,0,14,-67,0,-24,13,-113,0,-23,13,94,0,-2,13,74,0,39,14,73,0,96,14,96,0,-69,14,-99,0,1,0,-54,0,46,0,-25,0,52,0,-26,0,43,0,0,0,0,0,-96,0,36,0,73,0,58,0,7,0,-116,0,-35,14,-41,0,-54,14,24,0,-37,14,64,0,-14,14,60,0,-4,14,34,0,13,0,-1,0,2,0,-40,0,-28,14,-67,0,-74,14,-81,0,-101,14]"
CSI_DATA,123068,d8:b1:90:d9:de:f0,-38,9,-99,-34,39,104,-1571436351,98,0,106,0,"[-87,0,-85,15,-10,0,132,15,1,1,68,15,-30,0,24,15,-86,0,11,15,-135,0,22,15,99,0,61,15,90,0,126,15,115,0,-64,15,-101,0,9,0,-50,0,48,0,-13,0,45,0,-19,0,24,0,0,0,0,0,-97,0,6,0,103,0,41,0,49,0,128,0,26,0,-50,0,37,0,22,1,72,0,51,1,100,0,39,1,120,0,2,1,118,0,-40,0,100,0,-79,0,55,0,-98,0,7,0,-84,0,-15,15]"
CSI_DATA,123069,d8:b1:90:d9:de:f0,-39,9,-99,-34,40,104,-1571436210,101,0,106,0,"[-100,0,118,0,-33,0,-90,0,27,0,-101,0,54,0,95,0,38,0,45,0,9,0,16,0,-33,0,3,0,-87,0,14,0,99,0,64,0,61,0,-103,0,55,0,-48,0,69,0,-23,0,84,0,-29,0,0,0,0,0,71,0,-104,0,11,0,100,0,-77,14,97,0,84,14,-117,0,34,14,-74,0,22,14,-33,0,55,14,-10,0,95,14,-14,0,-111,14,-33,0,-94,14,-67,0,-101,14,-110,0,107,14,97,0,84,14]"
CSI_DATA,123070,d8:b1:90:d9:de:f0,-37,9,-99,-37,39,104,-1571409442,252,0,106,0,"[-142,17,-99,0,117,17,-21,0,135,17,32,1,-123,17,54,1,-75,17,49,1,-53,17,10,1,-38,17,-27,0,-43,17,-73,0,-80,17,-144,0,-139,17,94,0,106,17,48,0,76,17,26,0,79,17,20,0,0,0,0,0,121,17,5,0,-128,17,-56,17,-108,17,-144,17,-93,17,66,17,-100,17,2,17,-122,17,-28,16,144,17,-25,16,136,17,11,17,138,17,43,17,-147,17,72,17,-116,17,95,17,-70,17,107,17,-34,17]"
CSI_DATA,123071,d8:b1:90:d9:de:f0,-38,9,-99,-34,39,104,-1571408211,98,0,106,0,"[-54,0,-74,15,10,1,-106,15,34,1,117,15,20,1,90,15,-11,0,72,15,-58,0,85,15,-82,0,100,15,-103,0,-126,15,-116,0,-48,15,-121,0,22,0,-114,0,86,0,-114,0,124,0,-114,0,133,0,0,0,0,0,95,0,128,0,31,0,134,0,-44,15,-110,0,-116,15,-72,0,110,15,-28,0,94,15,7,1,102,15,8,1,133,15,-3,0,-116,15,-25,0,-108,15,-43,0,-105,15,-81,0,-116,15,-129,0,-129,15]"
CSI_DATA,123072,d8:b1:90:d9:de:f0,-37,9,-99,-35,38,104,-1571353408,120,0,106,0,"[90,18,-149,18,3,18,141,18,-51,17,-143,18,-57,17,-92,18,-29,17,-52,18,3,18,-25,18,48,18,-24,18,89,18,-56,18,133,18,-117,18,-149,18,139,18,-130,18,100,18,-121,18,83,18,-103,18,97,18,0,0,0,0,-45,18,-151,18,29,0,-127,18,118,0,-133,18,-107,0,-146,18,-50,0,130,18,-33,0,100,18,-51,0,86,18,-74,0,91,18,-105,0,101,18,-123,0,114,18,-118,0,148,18,-105,0,-145,18,-116,0]"
CSI_DATA,123073,d8:b1:90:d9:de:f0,-41,11,-99,-35,42,104,-1571309209,100,0,228,0,"[-9,5,-11,6,-13,7,-16,9,-18,8,-19,8,-21,6,84,34,-21,3,-20,2,-20,0,-19,0,-18,-1,-16,-1,-16,-1,-14,-1,-13,-1,-11,0,-10,2,-9,3,-8,5,-26,-23,-6,9,-6,10,-6,11,-7,11,-7,11,-7,12,0,0,-6,10,-6,10,-4,9,-3,10,0,10,0,10,16,0,4,13,6,15,6,16,6,18,6,19,6,19,5,20,3,19,3,18,1,17,0,17,0,16,0,15,3,0,0,13,0,12,1,10,2,10,3,9,4,9,3,9,-6,-5,-10,0,-8,7,-1,13,8,10,13,2,10,-7,-20,-6,-6,-7,-10,0,-5,7,3,9,10,3,11,-6,3,-13,-9,-14,-19,-3,-18,10,-6,22,11,22,23,9,16,-1,10,-21,-6,-22,-17,-10,-18,3,-9,13,3,14,0,0,10,-3,2,-10,-6,-7,-10,1,-6,10,4,12,15,18,13,-5,6,-13,-4,-13,-10,-6,-10,3,-3,8,3,7,6,0,3,-4,-3,-6,-7,0,-6,6,0,13,10,24,17,0,15,-12,4,-21,-10,-20,-20,-9,-20,4,-12,14]"
CSI_DATA,123074,d8:b1:90:d9:de:f0,-37,9,-99,-36,39,104,-1571227452,130,0,106,0,"[72,0,43,16,40,0,-48,15,-26,16,-86,15,-86,16,-61,15,-127,16,-12,15,-140,16,37,16,-131,16,75,16,-97,16,96,16,-35,16,100,16,11,0,87,16,47,0,76,16,57,0,69,16,47,0,88,16,0,0,0,0,51,0,134,16,92,0,-96,16,-124,0,-68,16,-56,0,-60,16,0,1,-80,16,19,1,-112,16,-5,0,-143,16,-41,0,130,16,-75,0,120,16,-105,0,124,16,-122,0,-138,16,-125,0,-109,16,-129,0]"
CSI_DATA,123075,d8:b1:90:d9:de:f0,-39,11,-99,-35,40,104,-1571019033,277,0,106,0,"[30,14,-20,14,-46,13,-7,14,-88,13,27,0,-78,13,60,0,-45,13,75,0,-1,13,86,0,35,14,66,0,70,14,29,0,106,14,-33,14,-115,14,-102,14,-97,14,99,14,-91,14,73,14,-82,14,77,14,0,0,0,0,-19,14,119,14,37,0,-102,14,117,0,-88,14,-58,0,-87,14,-4,0,-100,14,19,0,-112,14,8,0,-116,14,-14,0,-118,14,-43,0,-113,14,-66,0,-92,14,-85,0,-57,14,-100,0,-17,14,-106,0]"
CSI_DATA,123076,d8:b1:90:d9:de:f0,-38,9,-99,-35,39,104,-1571018570,108,0,106,0,"[66,0,-45,0,116,0,28,1,-99,0,45,1,-56,0,10,1,-37,0,-39,0,-59,0,-85,0,-87,0,-119,0,136,0,-130,0,57,0,-124,0,-10,16,-106,0,-61,16,-83,0,-77,16,-71,0,-73,16,-81,0,0,0,0,0,-77,16,123,0,-102,16,55,0,114,16,-5,16,51,16,-52,16,-3,15,-69,16,-37,15,-59,16,-34,15,-41,16,-11,15,-22,16,21,16,-3,16,53,16,2,0,88,16,-18,16,121,16,-52,16,-139,16]"
CSI_DATA,123077,d8:b1:90:d9:de:f0,-38,11,-99,-34,39,104,-1570392335,277,0,106,0,"[28,15,115,0,-14,14,-119,0,-27,14,-81,0,0,15,-60,0,41,15,-55,0,83,15,-72,0,112,15,-100,0,127,15,118,0,131,15,39,0,112,15,-42,15,79,15,-101,15,54,15,-130,15,43,15,-121,15,0,0,0,0,82,15,-103,15,-127,15,-112,15,-62,15,112,15,-4,15,56,15,16,0,-5,14,16,0,-40,14,0,0,-42,14,-25,15,-15,14,-33,15,18,15,-33,15,39,15,-4,15,72,15,41,0,93,15,68,0]"
CSI_DATA,123078,d8:b1:90:d9:de:f0,-37,9,-99,-36,39,104,-1570391872,98,0,106,0,"[-79,0,-105,0,-25,0,-77,0,12,1,-87,0,15,1,-125,0,14,1,121,0,-16,0,86,0,-53,0,70,0,-92,0,83,0,129,0,122,0,83,0,-114,0,47,0,-54,0,42,0,-25,0,53,0,-26,0,0,0,0,0,63,0,-54,0,11,0,-93,0,-57,16,-100,0,-126,16,-95,0,109,16,-68,0,94,16,-40,0,103,16,-24,0,133,16,-29,0,-121,16,-43,0,-104,16,-71,0,-109,16,-100,0,-131,16,-134,0,136,16]"
CSI_DATA,123079,d8:b1:90:d9:de:f0,-36,9,-99,-35,38,104,-1570379076,130,0,106,0,"[-122,18,19,18,128,18,-19,17,62,18,1,18,23,18,62,18,15,18,127,18,33,18,-125,18,61,18,-92,18,110,18,-94,18,-141,18,-123,18,-99,18,135,18,-78,18,90,18,-84,18,74,18,-89,18,77,18,0,0,0,0,-79,18,100,18,-37,18,111,18,14,0,77,18,53,0,34,18,58,0,-8,17,44,0,-44,17,11,0,-41,17,-31,18,-15,17,-64,18,19,18,-77,18,50,18,-66,18,79,18,-48,18,94,18,-33,18]"
CSI_DATA,123080,d8:b1:90:d9:de:f0,-37,9,-99,-34,38,104,-1570378526,113,0,106,0,"[108,17,-79,0,84,17,-13,0,106,17,30,1,-147,17,40,1,-95,17,20,1,-62,17,-15,0,-40,17,-64,0,-66,17,-118,0,-108,17,125,0,134,17,74,0,84,17,42,0,52,17,36,0,60,17,34,0,0,0,0,0,96,17,14,0,124,17,-46,17,121,17,-121,17,114,17,115,17,87,17,64,17,61,17,59,17,57,17,74,17,61,17,99,17,73,17,136,17,97,17,-141,17,137,17,-139,17,-130,17,149,17,-108,17]"
CSI_DATA,123081,d8:b1:90:d9:de:f0,-35,11,-99,-36,37,104,-1570308867,100,0,114,0,"[-18,-29,-18,-32,-18,-36,-16,-38,-14,-40,-12,-39,-11,-39,-9,-36,-8,-35,-7,-33,-7,-33,-8,-32,-7,-32,-7,-33,-7,-36,-9,-38,-9,-39,-8,-42,-9,-42,-9,-42,-9,-42,-9,-42,-9,-42,-9,-42,-8,-39,-8,-39,-8,-39,-8,-39,0,0,-8,-39,-7,-39,-7,-39,-8,-40,-7,-40,-7,-42,-8,-42,-7,-43,-7,-42,-8,-40,-8,-39,-8,-39,-8,-38,-8,-36,-7,-35,-8,-35,-8,-33,-7,-33,-8,-35,-7,-38,-7,-39,-7,-43,-7,-43,-5,-43,-4,-45,-1,-43,1,-40,4,-38]"
CSI_DATA,123082,d8:b1:90:d9:de:f0,-37,11,-99,-34,38,104,-1569765636,277,0,106,0,"[-97,0,142,0,-5,0,-150,0,57,1,108,0,59,1,53,0,32,1,-8,17,-16,0,-34,17,-58,0,-30,17,-91,0,3,0,-115,0,72,0,-112,0,136,0,-99,0,-127,0,-84,0,-116,0,-87,0,-142,0,0,0,0,0,-147,0,144,0,96,0,-150,0,49,0,-85,0,26,0,-22,0,20,0,36,1,48,0,46,1,86,0,22,1,92,0,-15,0,93,0,-58,0,78,0,-85,0,40,0,-90,0,2,0,-72,0,-2,17]"
CSI_DATA,123083,d8:b1:90:d9:de:f0,-37,9,-99,-36,39,104,-1569765182,113,0,106,0,"[84,16,116,0,23,16,-115,0,12,16,-66,0,43,16,-38,0,86,16,-49,0,121,16,-69,0,139,16,-116,0,136,16,118,0,121,16,48,0,81,16,-17,16,60,16,-63,16,51,16,-80,16,62,16,-77,16,0,0,0,0,136,16,-109,16,-95,16,-143,16,-40,16,85,16,-1,16,24,16,10,0,-28,15,7,0,-41,15,0,0,-22,15,-5,16,7,16,1,0,39,16,24,0,68,16,63,0,96,16,105,0,103,16,131,0]"
CSI_DATA,123084,d8:b1:90:d9:de:f0,-36,9,-99,-37,38,104,-1569742767,108,0,106,0,"[31,19,53,0,-40,18,112,0,-42,18,-129,0,7,19,-80,0,79,19,-58,0,145,19,-68,0,-138,19,-110,0,-132,19,161,0,164,19,84,0,108,19,28,0,57,19,0,0,34,19,3,0,51,19,19,0,0,0,0,0,77,19,18,0,111,19,-38,19,81,19,-114,19,46,19,-164,19,2,19,149,19,-28,18,-164,19,-22,18,-116,19,10,19,-71,19,53,19,-44,19,91,19,-41,19,124,19,-75,19,136,19,-123,19,117,19]"
CSI_DATA,123085,d8:b1:90:d9:de:f0,-36,9,-99,-34,37,104,-1569710023,341,0,106,0,"[-104,20,36,20,-157,20,-50,18,141,20,-76,18,110,20,-41,18,105,20,5,20,133,20,46,20,-165,20,94,20,-97,20,124,20,-8,20,157,20,94,0,-162,20,-169,0,-140,20,-125,0,-133,20,-120,0,-114,20,0,0,0,0,-142,0,-29,20,168,0,61,0,-169,0,-168,0,-164,0,-64,0,-141,0,4,1,-122,0,24,1,-124,0,5,1,-129,0,-33,0,-154,0,-78,0,145,0,-120,0,84,0,-144,0,1,0,-150,0,-52,20]"
CSI_DATA,123086,d8:b1:90:d9:de:f0,-37,9,-99,-35,38,104,-1569709730,321,0,106,0,"[-19,0,-9,18,72,1,-42,18,106,1,-91,18,81,1,-140,18,25,1,-146,18,-20,0,-143,18,-70,0,-116,18,-113,0,-66,18,-146,0,12,0,141,0,95,0,117,0,-149,0,106,0,-106,0,90,0,-107,0,0,0,0,0,13,0,-134,0,-57,18,-151,0,-150,18,-151,0,77,18,-127,0,13,18,-99,0,-3,17,-81,0,30,18,-81,0,57,18,-91,0,100,18,-108,0,140,18,-146,0,155,18,106,0,146,18,44,0,143,18]"
CSI_DATA,123087,d8:b1:90:d9:de:f0,-36,9,-99,-36,38,104,-1569669699,441,0,106,0,"[130,18,-156,0,71,18,-81,0,67,18,-15,0,113,18,12,1,-156,18,21,1,-113,18,2,1,-85,18,-31,0,-86,18,-74,0,-118,18,-137,0,159,18,132,0,110,18,96,0,80,18,90,0,90,18,88,0,0,0,0,0,159,18,46,0,-113,18,-22,18,-93,18,-130,18,-119,18,80,18,138,18,-6,17,75,18,-20,17,41,18,25,18,27,18,80,18,36,18,138,18,59,18,-140,18,110,18,-125,18,157,18,-144,18,-138,18]"
CSI_DATA,123088,d8:b1:90:d9:de:f0,-37,9,-99,-37,39,104,-1569669436,421,0,106,0,"[86,17,95,0,20,17,-142,0,13,17,-78,0,41,17,-32,0,88,17,-19,0,135,17,-24,0,-131,17,-45,0,-118,17,-84,0,-128,17,-138,0,133,17,101,0,95,17,65,0,73,17,56,0,80,17,55,0,0,0,0,0,-139,17,32,0,-100,17,-26,17,-85,17,-125,17,-114,17,64,17,122,17,1,17,62,17,-11,16,19,17,35,17,1,17,100,17,12,17,-140,17,40,17,-101,17,84,17,-90,17,122,17,-103,17,142,17]"
CSI_DATA,123089,d8:b1:90:d9:de:f0,-37,9,-99,-36,39,104,-1569615725,130,0,106,0,"[100,0,-30,0,-118,0,25,1,-53,0,14,1,-32,0,-28,0,-49,0,-85,0,-75,0,-126,0,-126,0,141,0,96,0,-136,0,32,0,-112,0,-34,16,-74,0,-69,16,-52,0,-78,16,-46,0,-69,16,-71,0,0,0,0,0,-85,16,140,0,-114,16,78,0,97,16,17,0,28,16,-13,16,-23,15,-20,16,-43,15,-11,16,-22,15,6,0,8,16,26,0,43,16,19,0,78,16,0,0,95,16,-37,16,92,16,-71,16,92,16]"
CSI_DATA,123090,d8:b1:90:d9:de:f0,-37,9,-99,-35,38,104,-1569347392,98,0,106,0,"[-100,18,-100,0,-114,18,1,1,-81,18,63,1,-35,18,67,1,7,0,41,1,24,0,1,1,20,0,-36,0,-13,18,-72,0,-80,18,-107,0,-148,18,-129,0,117,18,-143,0,99,18,-148,0,118,18,146,0,0,0,0,0,-148,18,78,0,-124,18,-8,18,-145,18,-110,18,133,18,111,18,81,18,51,18,47,18,45,18,36,18,77,18,55,18,102,18,73,18,138,18,101,18,148,18,140,18,136,18,-140,18,112,18,-130,18]"
CSI_DATA,123091,d8:b1:90:d9:de:f0,-37,9,-99,-36,39,104,-1569347270,281,0,106,0,"[-114,0,133,0,-24,0,-122,0,37,1,142,0,54,1,100,0,33,1,52,0,3,1,26,0,-30,0,24,0,-69,0,49,0,-111,0,99,0,-139,0,-133,0,127,0,-93,0,122,0,-77,0,108,0,-87,0,0,0,0,0,42,0,131,0,-24,16,118,0,-116,16,120,0,88,16,-138,0,32,16,-94,0,23,16,-59,0,50,16,-48,0,85,16,-56,0,113,16,-68,0,127,16,-98,0,121,16,-126,0,102,16,132,0,99,16]"
CSI_DATA,123092,d8:b1:90:d9:de:f0,-38,9,-99,-37,40,104,-1569347114,101,0,106,0,"[-86,0,-95,15,-29,0,98,15,-27,0,38,15,-65,0,6,15,-109,0,6,15,121,0,21,15,107,0,56,15,110,0,92,15,-125,0,-122,15,-85,0,-84,15,-54,0,-54,15,-48,0,-42,15,-67,0,-44,15,0,0,0,0,-126,0,-13,15,91,0,48,0,79,0,-130,0,83,0,-49,0,110,0,6,1,-122,0,20,1,-95,0,-1,0,-91,0,-34,0,-100,0,-65,0,-121,0,-86,0,111,0,-87,0,87,0,-72,0,77,0]"
CSI_DATA,123093,d8:b1:90:d9:de:f0,-37,9,-99,-36,39,104,-1569347009,98,0,106,0,"[-99,16,-93,0,-113,16,3,1,-75,16,60,1,-19,16,63,1,23,0,37,1,46,0,2,1,46,0,-37,0,13,0,-74,0,-39,16,-89,0,-95,16,-96,0,-141,16,-100,0,134,16,-96,0,-136,16,-109,0,0,0,0,0,-109,16,105,0,-113,16,28,0,126,16,-51,16,65,16,-113,16,-3,15,-139,16,-40,15,-117,16,-33,15,-87,16,-16,15,-54,16,13,16,-28,16,43,16,-30,16,67,16,-49,16,75,16,-74,16,84,16]"
CSI_DATA,123094,d8:b1:90:d9:de:f0,-37,9,-99,-35,38,104,-1569346877,224,0,106,0,"[-58,18,-84,0,-47,18,23,1,17,0,73,1,83,0,59,1,119,0,17,1,129,0,-24,0,118,0,-63,0,84,0,-86,0,19,0,-90,0,-42,18,-80,0,-80,18,-64,0,-91,18,-62,0,-81,18,-84,0,0,0,0,0,-72,18,152,0,-103,18,73,0,132,18,11,0,42,18,-20,18,-33,17,-17,18,-61,17,8,0,-42,17,46,0,-15,17,77,0,29,18,88,0,57,18,80,0,75,18,52,0,70,18,18,0,69,18]"
CSI_DATA,123095,d8:b1:90:d9:de:f0,-41,11,-99,-35,42,104,-1569309239,100,0,228,0,"[10,0,12,-2,14,-3,16,-3,18,-3,19,-2,20,-1,84,34,20,0,19,1,18,2,17,2,16,3,16,2,16,2,14,0,15,0,13,-1,14,-3,13,-3,13,-6,-26,-23,13,-8,13,-9,13,-9,13,-9,13,-8,12,-8,0,0,10,-6,8,-6,6,-6,4,-6,2,-8,0,-9,10,0,-3,-13,-4,-14,-4,-16,-4,-17,-5,-18,-3,-18,-3,-18,-3,-17,-2,-16,-1,-16,-1,-16,-1,-15,-1,-14,-8,11,-3,-14,-3,-14,-3,-14,-4,-14,-3,-13,-3,-13,-1,-12,5,10,13,5,14,-3,8,-13,-3,-15,-12,-8,-13,2,13,10,3,10,9,3,7,-4,0,-9,-7,-6,-10,3,-5,11,5,14,16,6,17,-6,9,-20,-7,-21,-20,-11,-9,0,-11,20,5,21,16,11,18,-3,9,-14,-3,-15,0,0,-12,6,-3,13,8,11,14,0,11,-10,0,-16,-13,-22,-16,0,-10,11,0,14,9,9,10,0,6,-6,0,-6,-4,-1,-3,3,2,5,7,0,7,-6,0,-12,-12,-25,-16,-1,-14,10,-4,19,8,18,18,7,17,-5,9,-13]"
CSI_DATA,123096,d8:b1:90:d9:de:f0,-46,11,-99,-35,47,104,-1568930038,277,0,106,0,"[-13,0,22,0,11,0,5,0,5,0,-18,6,-19,0,-35,6,55,0,-34,6,16,0,-23,6,-22,6,0,6,54,6,33,0,29,6,-38,0,21,6,-2,0,23,6,10,0,34,6,6,0,45,6,-15,0,0,0,0,0,45,6,49,0,31,6,18,0,14,6,-3,6,3,6,-22,6,6,6,-29,6,22,6,-27,6,49,6,-23,6,-33,6,-19,6,4,0,-19,6,46,0,-29,6,-20,0,-49,6,15,0,29,6,16,0]"
CSI_DATA,123097,d8:b1:90:d9:de:f0,-47,9,-99,-36,48,104,-1568929566,98,0,106,0,"[-35,5,18,5,46,5,5,5,35,5,15,5,39,5,41,5,-46,5,-33,5,-24,5,-6,5,3,0,21,0,38,0,44,0,-29,0,-35,0,-4,0,-21,0,5,0,-16,0,-1,0,-18,0,-24,0,-24,0,0,0,0,0,23,0,-31,0,-7,5,-25,0,-41,5,-24,0,39,5,-26,0,29,5,-35,0,33,5,48,0,48,5,29,0,-31,5,7,0,-7,5,-17,5,19,0,-47,5,44,0,16,5,-41,0,-21,5,-44,0]"
CSI_DATA,123098,d8:b1:90:d9:de:f0,-46,9,-99,-34,47,104,-1568929453,98,0,106,0,"[13,6,6,0,-2,5,29,0,9,6,53,0,39,6,-50,0,-38,6,46,0,-10,6,22,0,9,0,-10,6,17,0,53,6,15,0,10,6,5,0,-18,5,-11,6,-32,5,-16,6,-26,5,-12,6,-8,5,0,0,0,0,13,0,25,6,36,0,32,6,-47,0,35,6,-31,0,35,6,-26,0,40,6,-35,0,52,6,-52,0,-39,6,37,0,-13,6,21,0,14,0,17,0,51,0,21,0,-12,0,41,0,24,0,-32,0]"
CSI_DATA,123099,d8:b1:90:d9:de:f0,-42,9,-99,-34,43,104,-1568720685,130,0,106,0,"[61,10,58,0,15,10,-68,0,0,10,-32,0,10,10,-19,0,28,10,-20,0,48,10,-33,0,61,10,-54,0,75,10,80,0,-81,10,26,0,-70,10,-32,10,-62,10,-82,10,-62,10,60,10,-61,10,60,10,0,0,0,0,-49,10,-66,10,-11,10,-15,10,39,0,36,0,-68,0,82,0,-8,0,-62,0,30,0,-58,0,38,0,-72,0,29,0,80,0,11,0,68,0,-15,0,63,0,-56,0,70,0,72,0,-82,0,41,0]"
CSI_DATA,123100,d8:b1:90:d9:de:f0,-34,11,-99,-38,36,104,-1568308780,100,0,114,0,"[6,-40,10,-41,11,-45,11,-45,15,-48,15,-45,15,-45,13,-41,11,-41,11,-41,10,-40,10,-41,8,-40,6,-40,6,-43,5,-43,3,-45,3,-48,1,-48,0,-50,-1,-52,-3,-53,-5,-53,-5,-52,-6,-52,-6,-50,-8,-48,-10,-48,0,0,-11,-48,-11,-48,-13,-47,-15,-50,-16,-48,-18,-50,-20,-50,-21,-50,-21,-48,-23,-47,-23,-45,-23,-40,-23,-38,-25,-35,-23,-35,-21,-33,-25,-31,-25,-30,-26,-31,-28,-31,-30,-33,-30,-35,-33,-36,-31,-38,-31,-38,-28,-38,-26,-38,-23,-35]"
CSI_DATA,123101,d8:b1:90:d9:de:f0,-36,11,-99,-37,38,104,-1568303340,277,0,106,0,"[-137,19,-97,0,-163,19,1,1,-150,19,57,1,-115,19,66,1,-82,19,41,1,-68,19,6,1,-71,19,-41,0,-98,19,-89,0,-150,19,-161,0,129,19,102,0,90,19,44,0,80,19,18,0,95,19,3,0,0,0,0,0,-146,19,-55,19,-64,19,-110,19,11,0,126,19,64,0,33,19,81,0,-41,18,79,0,-76,18,60,0,-68,18,41,0,-32,18,37,0,10,19,51,0,62,19,85,0,103,19,138,0,137,19,-165,0]"
CSI_DATA,123102,d8:b1:90:d9:de:f0,-37,9,-99,-36,38,104,-1568302850,108,0,106,0,"[-138,18,89,18,88,18,40,18,17,18,49,18,-11,17,100,18,-6,17,151,18,26,18,-133,18,67,18,-114,18,117,18,-115,18,-133,18,-142,18,-64,18,139,18,-17,18,103,18,-3,18,91,18,-1,18,105,18,0,0,0,0,37,0,-115,18,93,0,-40,18,-129,0,23,0,-20,0,51,0,55,1,37,0,90,1,6,0,75,1,-31,18,28,1,-57,18,-28,0,-65,18,-70,0,-45,18,-103,0,-6,18,-112,0,45,0,-114,0]"
CSI_DATA,123103,d8:b1:90:d9:de:f0,-38,9,-99,-36,39,104,-1568093942,407,0,106,0,"[-124,0,-28,16,-19,0,-83,16,22,1,133,16,6,1,85,16,-32,0,59,16,-66,0,68,16,-98,0,95,16,-117,0,-134,16,-117,0,-49,16,-102,0,37,0,-80,0,95,0,-61,0,117,0,-67,0,104,0,0,0,0,0,122,0,30,0,15,0,12,0,-111,16,23,0,57,16,74,0,-17,15,141,0,-32,15,-89,0,-8,15,-59,0,39,16,-57,0,80,16,-75,0,115,16,-108,0,123,16,121,0,108,16,62,0,93,16]"
CSI_DATA,123104,d8:b1:90:d9:de:f0,-36,11,-99,-34,37,104,-1567885541,277,0,106,0,"[-84,20,34,20,-170,20,-29,18,82,20,-16,18,33,20,52,20,40,20,130,20,65,20,-138,20,112,20,-113,20,165,20,-113,20,-104,20,-160,20,-60,20,130,20,-38,20,77,20,-45,20,57,20,-53,20,72,20,0,0,0,0,-21,20,98,20,32,0,109,20,94,0,65,20,141,0,24,20,141,0,-25,18,121,0,-52,18,70,0,-33,18,32,0,2,20,-1,20,46,20,4,0,86,20,26,0,120,20,70,0,132,20,85,0]"
CSI_DATA,123105,d8:b1:90:d9:de:f0,-36,9,-99,-36,38,104,-1567885087,98,0,106,0,"[-13,0,16,0,73,1,-27,18,93,1,-89,18,52,1,-138,18,-3,0,-156,18,-66,0,-154,18,-115,0,-120,18,-154,0,-56,18,144,0,30,0,146,0,124,0,157,0,-138,0,-158,0,-117,0,-161,0,-123,0,0,0,0,0,83,0,-120,0,22,0,-113,0,-55,18,-64,0,-107,18,-10,0,-125,18,40,1,-115,18,47,1,-88,18,28,1,-60,18,-15,0,-49,18,-57,0,-50,18,-94,0,-84,18,-144,0,-127,18,144,0,-154,18]"
CSI_DATA,123106,d8:b1:90:d9:de:f0,-36,9,-99,-35,37,104,-1567884991,130,0,106,0,"[-2,20,-20,0,43,0,72,1,126,0,94,1,174,0,48,1,-155,0,-19,0,-167,0,-80,0,146,0,-141,0,78,0,-172,0,-19,20,170,0,-113,20,-168,0,167,20,-148,0,142,20,-141,0,152,20,-157,0,0,0,0,0,164,20,131,0,133,20,53,0,64,20,-16,20,-4,19,-59,20,-56,19,-76,20,-69,19,-61,20,-41,19,-32,20,-2,19,-9,20,45,20,0,0,104,20,-13,20,141,20,-50,20,166,20,-105,20,171,20]"
CSI_DATA,123107,d8:b1:90:d9:de:f0,-36,9,-99,-36,38,104,-1567884856,113,0,106,0,"[-27,0,-96,18,33,1,154,18,22,1,79,18,-35,0,45,18,-100,0,45,18,159,0,71,18,125,0,119,18,120,0,-127,18,148,0,-41,18,-134,0,30,0,-91,0,76,0,-71,0,88,0,-81,0,80,0,0,0,0,0,-142,0,122,0,139,0,158,0,107,0,-81,0,103,0,-12,0,117,0,33,1,140,0,40,1,151,0,6,1,149,0,-35,0,139,0,-88,0,108,0,-120,0,57,0,-135,0,11,0,-129,0,-17,18]"
CSI_DATA,123108,d8:b1:90:d9:de:f0,-36,11,-99,-35,38,104,-1567467742,277,0,106,0,"[110,0,-125,0,128,0,-64,0,-140,0,-34,0,-95,0,-40,0,-62,0,-74,0,-51,0,-106,0,-52,0,-138,0,-72,0,-155,0,-116,0,-149,0,152,0,-113,0,113,0,-68,0,106,0,-40,0,117,0,-36,0,0,0,0,0,-151,0,-90,0,119,0,-134,0,39,0,-141,0,-51,18,-122,0,-113,18,-63,0,-124,18,3,1,-92,18,40,1,-28,18,45,1,25,0,28,1,58,0,0,1,64,0,-46,0,30,0,-69,0,9,0]"
CSI_DATA,123109,d8:b1:90:d9:de:f0,-37,9,-99,-36,39,104,-1567467252,113,0,106,0,"[71,0,-113,0,69,0,-38,0,92,0,7,1,116,0,17,1,-143,0,7,1,-135,0,-17,0,-136,0,-38,0,121,0,-57,0,62,0,-79,0,-13,16,-77,0,-94,16,-65,0,-132,16,-42,0,-127,16,-30,0,0,0,0,0,-80,16,-39,0,-74,16,-117,0,-109,16,83,0,114,16,-3,16,31,16,-58,16,-31,15,-53,16,-60,15,-26,16,-52,15,13,0,-25,15,46,0,10,16,54,0,52,16,37,0,80,16,-8,16,86,16]"
CSI_DATA,123110,d8:b1:90:d9:de:f0,-37,9,-99,-35,38,104,-1567467098,101,0,106,0,"[146,0,154,0,-144,0,-91,0,-113,0,-55,0,-86,0,-53,0,-61,0,-69,0,-67,0,-95,0,-69,0,-110,0,-89,0,-116,0,-156,0,-107,0,86,0,-80,0,23,0,-50,0,-7,18,-22,0,-9,18,-13,0,0,0,0,0,24,0,-36,0,0,0,-108,0,-68,18,151,0,151,18,101,0,58,18,90,0,-2,17,116,0,-26,17,-156,0,-1,17,-129,0,35,18,-108,0,72,18,-111,0,97,18,-143,0,102,18,117,0,92,18]"
CSI_DATA,123111,d8:b1:90:d9:de:f0,-41,11,-99,-34,42,104,-1567308864,100,0,228,0,"[-5,1,-8,2,-11,3,-14,2,-17,1,-18,0,-20,-1,81,33,-19,-4,-18,-5,-17,-6,-16,-6,-15,-6,-14,-6,-14,-6,-14,-5,-14,-5,-14,-4,-13,-2,-13,-1,-13,0,-25,-22,-14,0,-13,1,-13,1,-11,1,-11,1,-9,1,0,0,-6,1,-5,2,-2,2,-1,4,0,5,2,8,14,0,4,12,5,15,4,17,4,18,3,20,2,20,0,20,0,19,0,18,-2,18,-2,17,-2,16,-2,16,-52,11,-2,15,-2,14,-2,14,-2,14,-1,13,-2,11,-2,10,0,-10,-6,-9,-12,-2,-11,5,-4,11,3,9,8,3,-13,-5,0,-5,-3,-2,-3,2,1,5,7,2,9,-3,5,-11,-5,-14,-14,-8,-19,5,-11,18,3,22,18,14,10,0,16,-17,0,-22,-14,-15,-19,0,-13,11,0,16,0,0,14,0,8,-11,-2,-13,-11,-7,-12,3,-5,11,7,23,11,5,11,-3,4,-8,-2,-8,-5,-2,-3,1,0,2,2,0,0,-3,-4,-3,-7,0,-6,8,0,13,6,27,17,2,17,-10,7,-20,-6,-20,-18,-11,-20,2,-13,12]"
CSI_DATA,123112,d8:b1:90:d9:de:f0,-36,9,-99,-36,38,104,-1567049498,130,0,106,0,"[-60,0,57,0,44,1,18,0,76,1,-55,18,41,1,-114,18,2,1,-149,18,-52,0,-143,18,-81,0,-117,18,-85,0,-79,18,-75,0,-25,18,-56,0,23,0,-37,0,46,0,-45,0,44,0,-81,0,30,0,0,0,0,0,143,0,52,0,75,0,100,0,27,0,-135,0,13,0,-52,0,22,0,17,1,49,0,37,1,80,0,26,1,103,0,-8,0,105,0,-46,0,108,0,-59,0,91,0,-66,0,66,0,-69,0,70,0]"
CSI_DATA,123113,d8:b1:90:d9:de:f0,-37,11,-99,-36,39,104,-1566841044,277,0,106,0,"[-89,16,56,16,136,16,-14,15,79,16,-22,15,53,16,15,16,62,16,59,16,89,16,95,16,135,16,120,16,-86,16,120,16,-6,16,100,16,58,0,70,16,98,0,49,16,106,0,44,16,97,0,68,16,0,0,0,0,98,0,-107,16,123,0,-22,16,-114,0,58,0,-51,0,120,0,3,1,-138,0,22,1,-136,0,5,1,133,0,-21,0,120,0,-56,0,106,0,-92,0,112,0,-127,0,-143,0,134,0,-106,0,127,0]"
CSI_DATA,123114,d8:b1:90:d9:de:f0,-37,9,-99,-36,39,104,-1566840581,108,0,106,0,"[132,16,-103,0,109,16,-10,0,142,16,46,1,-92,16,57,1,-44,16,23,1,-35,16,-20,0,-42,16,-70,0,-79,16,-115,0,-134,16,133,0,84,16,108,0,47,16,99,0,40,16,98,0,63,16,88,0,0,0,0,0,-140,16,26,0,-113,16,-46,16,-120,16,-141,16,-142,16,67,16,120,16,14,16,96,16,6,16,96,16,39,16,97,16,74,16,121,16,102,16,-135,16,112,16,-97,16,100,16,-66,16,72,16,-60,16]"
CSI_DATA,123115,d8:b1:90:d9:de:f0,-37,9,-99,-34,38,104,-1566631672,98,0,106,0,"[-62,17,60,17,-108,17,-9,16,149,17,-29,16,131,17,-10,16,128,17,19,17,143,17,45,17,-134,17,61,17,-90,17,66,17,-32,17,73,17,28,0,82,17,73,0,97,17,104,0,122,17,112,0,-144,17,0,0,0,0,117,0,-42,17,131,0,36,0,-148,0,122,0,-111,0,-101,0,-78,0,-47,0,-58,0,-28,0,-55,0,-39,0,-65,0,-60,0,-80,0,-82,0,-99,0,-98,0,-136,0,-103,0,130,0,-103,0,97,0]"
CSI_DATA,123116,d8:b1:90:d9:de:f0,-37,11,-99,-34,38,104,-1566423245,277,0,106,0,"[91,17,127,0,39,17,-115,0,29,17,-71,0,57,17,-47,0,86,17,-52,0,120,17,-65,0,131,17,-99,0,128,17,-137,0,122,17,110,0,105,17,42,0,95,17,-15,17,95,17,-43,17,108,17,-60,17,0,0,0,0,-120,17,-97,17,-61,17,-133,17,0,0,109,17,51,0,36,17,71,0,-21,16,72,0,-49,16,53,0,-49,16,28,0,-35,16,14,0,-5,16,16,0,26,17,33,0,54,17,52,0,87,17,78,0]"
CSI_DATA,123117,d8:b1:90:d9:de:f0,-37,9,-99,-35,38,104,-1566422791,130,0,106,0,"[-101,0,-150,18,-45,0,95,18,-46,0,41,18,-84,0,15,18,-130,0,12,18,146,0,36,18,130,0,67,18,141,0,108,18,-145,0,-144,18,-111,0,-91,18,-80,0,-50,18,-73,0,-31,18,-85,0,-23,18,0,0,0,0,-133,0,31,0,138,0,83,0,114,0,-139,0,106,0,-59,0,127,0,6,1,-155,0,28,1,-133,0,18,1,-127,0,-18,0,-129,0,-55,0,-135,0,-81,0,143,0,-100,0,99,0,-103,0,72,0]"
CSI_DATA,123118,d8:b1:90:d9:de:f0,-36,9,-99,-32,37,104,-1566395162,252,0,106,0,"[-149,0,104,18,-144,0,1,18,123,0,-67,17,55,0,-71,17,1,0,-42,17,-27,18,5,18,-35,18,40,18,-18,18,71,18,26,0,107,18,85,0,132,18,125,0,142,18,151,0,147,18,147,0,-152,18,0,0,0,0,152,0,-96,18,-159,0,-35,18,-99,0,23,0,-26,0,62,0,35,1,70,0,70,1,52,0,59,1,6,0,31,1,-40,18,-12,0,-62,18,-45,0,-80,18,-79,0,-60,18,-101,0,-23,18,-115,0]"
CSI_DATA,123119,d8:b1:90:d9:de:f0,-35,11,-99,-37,37,104,-1566308800,100,0,114,0,"[36,11,39,15,39,18,39,23,37,26,36,26,33,29,30,27,27,26,26,27,26,27,24,27,23,27,24,29,24,30,24,31,24,33,24,34,26,36,26,37,24,39,24,39,23,40,23,40,21,40,18,39,18,40,17,39,0,0,15,40,14,40,14,40,14,45,13,43,11,45,11,46,10,46,10,45,8,43,8,40,7,42,5,40,5,39,5,37,4,36,2,36,2,34,2,36,0,37,0,39,-1,42,-2,42,-5,42,-8,42,-11,40,-13,37,-14,33]"
CSI_DATA,123120,d8:b1:90:d9:de:f0,-38,11,-99,-34,39,104,-1566214345,277,0,106,0,"[103,15,106,15,32,15,85,15,-30,14,109,15,-41,14,-105,15,-24,14,-52,15,11,15,-14,15,43,15,-4,15,79,15,-15,15,124,15,-64,15,-123,15,-112,15,-110,15,116,15,-111,15,102,15,-111,15,105,15,0,0,0,0,-61,15,133,15,-3,15,130,15,58,0,101,15,111,0,63,15,126,0,6,15,120,0,-39,14,87,0,-44,14,46,0,-19,14,13,0,7,15,2,0,32,15,6,0,64,15,31,0,96,15,49,0]"
CSI_DATA,123121,d8:b1:90:d9:de:f0,-37,9,-99,-35,39,104,-1566213855,98,0,106,0,"[109,16,99,16,41,16,59,16,-7,15,65,16,-19,15,100,16,-6,15,-138,16,27,16,-123,16,66,16,-109,16,116,16,-113,16,-97,16,-138,16,-33,16,105,16,14,0,78,16,41,0,67,16,54,0,78,16,0,0,0,0,85,0,137,16,118,0,-80,16,-92,0,-26,16,-21,0,16,0,37,1,39,0,62,1,38,0,55,1,19,0,29,1,2,0,-2,0,-10,16,-33,0,-4,16,-66,0,15,0,-97,0,58,0,-116,0]"
CSI_DATA,123122,d8:b1:90:d9:de:f0,-37,11,-99,-33,38,104,-1565796546,277,0,106,0,"[64,17,-88,17,-26,16,-81,17,-77,16,-28,17,-69,16,31,0,-26,16,77,0,18,17,102,0,58,17,94,0,79,17,70,0,91,17,10,0,95,17,-36,17,92,17,-76,17,93,17,-90,17,105,17,-84,17,0,0,0,0,-124,17,-88,17,-58,17,-123,17,-18,17,105,17,8,0,39,17,-6,17,-23,16,-36,17,-60,16,-64,17,-43,16,-93,17,-20,16,-114,17,23,17,-122,17,54,17,-107,17,75,17,-88,17,98,17,-65,17]"
CSI_DATA,123123,d8:b1:90:d9:de:f0,-38,9,-99,-34,39,104,-1565796048,224,0,106,0,"[42,0,46,15,25,0,-43,14,-11,15,-79,14,-59,15,-72,14,-84,15,-32,14,-81,15,9,15,-67,15,46,15,-27,15,76,15,40,0,102,15,100,0,119,15,-130,0,131,15,-106,0,-133,15,-109,0,-114,15,0,0,0,0,120,0,-34,15,117,0,32,0,119,0,114,0,-120,0,-80,0,-88,0,-27,0,-63,0,-7,0,-52,0,-26,0,-61,0,-51,0,-73,0,-80,0,-85,0,-108,0,-120,0,-114,0,103,0,-115,0,73,0]"
CSI_DATA,123124,d8:b1:90:d9:de:f0,-39,9,-99,-35,40,104,-1565795867,120,0,106,0,"[-71,14,-54,0,-75,14,23,0,-42,14,62,0,-3,14,62,0,31,0,36,0,39,0,-2,0,32,0,-35,0,0,0,-64,0,-52,14,-99,0,-103,14,-118,0,107,14,111,0,88,14,101,0,97,14,92,0,0,0,0,0,-115,14,34,0,-102,14,-31,14,-108,14,-107,14,115,14,69,14,89,14,27,14,62,14,11,14,48,14,26,14,51,14,50,14,60,14,78,14,75,14,102,14,104,14,111,14,-104,14,112,14,-77,14]"
CSI_DATA,123125,d8:b1:90:d9:de:f0,-38,9,-99,-34,39,104,-1565795727,120,0,106,0,"[42,15,-25,15,-46,14,-4,15,-76,14,49,0,-59,14,98,0,-18,14,124,0,21,15,130,0,65,15,110,0,90,15,66,0,100,15,3,0,98,15,-59,15,97,15,-101,15,99,15,-116,15,115,15,-113,15,0,0,0,0,-78,15,-105,15,-16,15,-114,15,60,0,110,15,116,0,59,15,-127,0,1,15,-128,0,-28,14,119,0,-32,14,92,0,-20,14,62,0,1,15,47,0,29,15,54,0,64,15,72,0,94,15,84,0]"
CSI_DATA,123126,d8:b1:90:d9:de:f0,-36,9,-99,-36,38,104,-1565746925,98,0,106,0,"[73,18,-130,18,-23,17,-120,18,-65,17,-62,18,-52,17,-5,18,-21,17,33,0,17,18,51,0,51,18,46,0,67,18,21,0,88,18,-22,18,100,18,-66,18,117,18,-95,18,138,18,-114,18,-149,18,-112,18,0,0,0,0,-85,18,-133,18,-21,18,-153,18,35,0,109,18,79,0,45,18,93,0,-18,17,78,0,-51,17,42,0,-60,17,7,0,-42,17,-27,18,-11,17,-56,18,13,18,-55,18,54,18,-39,18,93,18,-11,18]"
CSI_DATA,123127,d8:b1:90:d9:de:f0,-38,9,-99,-35,39,104,-1565587193,130,0,106,0,"[97,0,66,16,86,0,-14,15,37,0,-54,15,-7,16,-52,15,-52,16,-27,15,-77,16,4,16,-85,16,45,16,-67,16,81,16,-23,16,114,16,37,0,137,16,94,0,-131,16,124,0,-131,16,123,0,-128,16,0,0,0,0,111,0,-91,16,126,0,-29,16,-107,0,38,0,-40,0,81,0,30,1,93,0,67,1,66,0,69,1,23,0,44,1,-22,16,14,1,-53,16,-28,0,-68,16,-73,0,-58,16,-106,0,-27,16,-125,0]"
CSI_DATA,123128,d8:b1:90:d9:de:f0,-37,9,-99,-36,39,104,-1565587067,113,0,106,0,"[-112,16,-63,0,-103,16,19,1,-52,16,57,1,-6,16,59,1,39,0,31,1,63,0,-1,0,78,0,-31,0,66,0,-68,0,23,0,-102,0,-29,16,-126,0,-80,16,-143,0,-113,16,138,0,-121,16,132,0,0,0,0,0,-122,16,95,0,-141,16,38,0,93,16,-16,16,24,16,-56,16,-35,15,-58,16,-77,15,-30,16,-74,15,12,0,-47,15,52,0,-13,15,83,0,31,16,98,0,69,16,86,0,97,16,58,0,121,16]"
CSI_DATA,123129,d8:b1:90:d9:de:f0,-36,9,-99,-32,37,104,-1565569714,108,0,106,0,"[-93,0,-140,18,-45,0,110,18,-46,0,61,18,-71,0,32,18,-113,0,31,18,-147,0,41,18,152,0,74,18,146,0,117,18,151,0,-147,18,-154,0,-70,18,-133,0,0,0,-118,0,40,0,-128,0,55,0,0,0,0,0,149,0,85,0,86,0,125,0,33,0,-108,0,-5,18,-25,0,-12,18,45,1,7,0,81,1,37,0,73,1,62,0,49,1,84,0,11,1,84,0,-31,0,61,0,-71,0,22,0,-105,0,-15,18]"
CSI_DATA,123130,d8:b1:90:d9:de:f0,-37,11,-99,-34,38,104,-1565378747,277,0,106,0,"[-103,0,124,17,-83,0,30,17,-124,0,-24,16,115,0,-39,16,64,0,-29,16,30,0,1,17,14,0,40,17,30,0,68,17,55,0,101,17,104,0,124,17,140,0,142,17,-146,0,-146,17,143,0,-123,17,0,0,0,0,140,0,-77,17,-146,0,-16,17,-97,0,41,0,-29,0,82,0,30,1,86,0,49,1,60,0,46,1,24,0,23,1,-23,17,-4,0,-46,17,-32,0,-64,17,-66,0,-58,17,-91,0,-36,17,-114,0]"
CSI_DATA,123131,d8:b1:90:d9:de:f0,-37,9,-99,-36,39,104,-1565378303,101,0,106,0,"[-29,0,32,0,43,1,7,0,68,1,-34,16,47,1,-71,16,15,1,-90,16,-15,0,-93,16,-48,0,-77,16,-69,0,-44,16,-89,0,5,0,-113,0,58,0,-140,0,99,0,123,0,120,0,100,0,130,0,0,0,0,0,21,0,139,0,-42,16,140,0,-120,16,-120,0,105,16,-88,0,65,16,-54,0,59,16,-30,0,71,16,-30,0,94,16,-34,0,122,16,-50,0,141,16,-69,0,-138,16,-99,0,-135,16,-134,0,-125,16]"
CSI_DATA,123132,d8:b1:90:d9:de:f0,-40,11,-99,-33,41,104,-1565308888,100,0,228,0,"[4,9,6,13,8,15,8,17,8,20,7,21,6,22,89,36,4,22,3,21,2,20,2,19,2,18,2,17,2,17,2,15,3,14,4,13,4,12,5,10,8,8,-27,-24,9,6,10,4,10,4,11,2,11,2,11,0,0,0,10,0,9,-3,9,-4,9,-5,8,-8,8,-10,90,0,8,-15,8,-17,8,-19,8,-19,8,-19,9,-20,9,-19,10,-19,10,-18,10,-17,10,-16,10,-16,10,-14,-96,0,8,-13,7,-12,5,-12,4,-11,3,-10,2,-8,0,-8,-8,3,-4,9,4,10,10,3,9,-5,2,-10,-6,-8,-4,22,-4,7,2,8,9,3,8,-5,0,-13,-9,-10,-17,0,-13,13,0,21,16,16,24,0,18,-17,0,-26,-8,-12,-26,-1,-18,15,-1,23,13,16,19,1,13,-11,0,0,-9,-8,-12,2,-4,10,4,9,10,1,8,-8,7,-24,-10,-6,-11,3,-4,10,4,10,9,2,7,-5,0,-8,-6,-3,-6,4,0,9,8,7,12,-1,8,-13,5,-32,-17,-12,-23,2,-16,19,0,26,16,20,24,4,19,-9]"
CSI_DATA,123133,d8:b1:90:d9:de:f0,-37,11,-99,-36,39,104,-1564752049,277,0,106,0,"[51,16,-81,16,-39,15,-60,16,-72,15,-12,16,-63,15,48,0,-32,15,70,0,4,16,92,0,48,16,70,0,81,16,44,0,103,16,-15,16,117,16,-78,16,122,16,-124,16,135,16,-139,16,-139,16,-138,16,0,0,0,0,-65,16,-125,16,4,0,-120,16,88,0,120,16,-136,0,63,16,-112,0,11,16,-112,0,-15,15,136,0,-33,15,112,0,-11,15,71,0,12,16,66,0,50,16,71,0,96,16,104,0,116,16,117,0]"
CSI_DATA,123134,d8:b1:90:d9:de:f0,-37,9,-99,-34,38,104,-1564751595,130,0,106,0,"[136,0,-86,0,-77,0,-43,0,-7,0,-62,0,19,1,-110,0,17,1,135,0,-10,0,91,0,-39,0,77,0,-74,0,82,0,-130,0,112,0,140,0,-142,0,103,0,-111,0,87,0,-102,0,79,0,-120,0,0,0,0,0,32,0,-148,0,-43,17,135,0,-133,17,-142,0,99,17,-109,0,66,17,-57,0,68,17,-14,0,101,17,4,1,148,17,-5,0,-121,17,-21,0,-99,17,-48,0,-93,17,-83,0,-110,17,-111,0,-117,17]"
CSI_DATA,123135,d8:b1:90:d9:de:f0,-37,9,-99,-35,38,104,-1564722904,98,0,106,0,"[23,0,-50,0,80,0,30,1,154,0,44,1,-107,0,6,1,-88,0,-46,0,-88,0,-95,0,-106,0,-130,0,-140,0,-143,0,111,0,-125,0,58,0,-107,0,15,0,-91,0,-4,18,-90,0,-12,18,-111,0,0,0,0,0,-40,18,152,0,-103,18,108,0,122,18,88,0,39,18,95,0,-9,17,130,0,-25,17,-149,0,3,18,-114,0,42,18,-101,0,81,18,-105,0,118,18,-121,0,134,18,-151,0,134,18,136,0,139,18]"
CSI_DATA,123136,d8:b1:90:d9:de:f0,-37,9,-99,-36,39,104,-1564542705,98,0,106,0,"[-99,0,-120,0,-10,0,-102,0,51,1,-130,0,54,1,106,0,39,1,61,0,-2,0,34,0,-39,0,31,0,-86,0,46,0,-138,0,88,0,107,0,136,0,77,0,-113,0,60,0,-93,0,47,0,-102,0,0,0,0,0,-13,16,129,0,-79,16,88,0,122,16,75,0,32,16,80,0,-26,15,108,0,-46,15,139,0,-15,15,-129,0,22,16,-126,0,60,16,-135,0,86,16,135,0,98,16,96,0,103,16,54,0,104,16]"
CSI_DATA,123137,d8:b1:90:d9:de:f0,-35,11,-99,-34,36,104,-1564308816,100,0,114,0,"[-26,-25,-28,-31,-29,-34,-29,-34,-28,-37,-28,-37,-25,-35,-23,-35,-23,-31,-23,-31,-22,-29,-23,-29,-25,-29,-25,-29,-26,-28,-28,-28,-31,-28,-32,-31,-34,-31,-35,-29,-37,-31,-38,-31,-38,-29,-38,-28,-37,-26,-35,-26,-37,-25,-37,-23,0,0,-37,-20,-37,-22,-40,-22,-40,-20,-40,-22,-40,-20,-41,-20,-43,-19,-41,-17,-41,-16,-41,-13,-40,-14,-38,-11,-38,-10,-35,-10,-35,-8,-35,-5,-35,-7,-35,-5,-37,-7,-40,-5,-40,-5,-43,-5,-44,-7,-43,-8,-43,-8,-40,-10,-37,-11]"
CSI_DATA,123138,d8:b1:90:d9:de:f0,-37,11,-99,-34,38,104,-1564125351,277,0,106,0,"[-55,0,-82,17,20,1,-135,17,36,1,118,17,9,1,90,17,-34,0,92,17,-70,0,109,17,-92,0,144,17,-108,0,-108,17,-104,0,-27,17,-104,0,43,0,-103,0,102,0,-106,0,129,0,-131,0,134,0,0,0,0,0,84,0,129,0,-3,17,135,0,-92,17,-130,0,134,17,-84,0,86,17,-38,0,73,17,-16,0,97,17,-19,0,115,17,-43,0,143,17,-68,0,148,17,-105,0,139,17,-152,0,115,17,110,0,112,17]"
CSI_DATA,123139,d8:b1:90:d9:de:f0,-37,9,-99,-36,39,104,-1564124879,214,0,106,0,"[130,0,72,16,135,0,-17,15,94,0,-67,15,42,0,-65,15,2,0,-38,15,-11,16,0,16,-12,16,38,16,16,0,78,16,62,0,116,16,109,0,-138,16,-134,0,-113,16,-112,0,-99,16,-121,0,-79,16,0,0,0,0,122,0,-11,16,107,0,58,0,117,0,-141,0,142,0,-65,0,-108,0,-16,0,-80,0,-11,0,-69,0,-34,0,-74,0,-71,0,-88,0,-106,0,-109,0,-124,0,141,0,-124,0,109,0,-116,0,89,0]"
CSI_DATA,123140,d8:b1:90:d9:de:f0,-37,9,-99,-34,38,104,-1564124716,214,0,106,0,"[-55,0,-54,17,21,1,-111,17,33,1,129,17,1,1,89,17,-42,0,79,17,-90,0,85,17,-122,0,116,17,-125,0,-140,17,-118,0,-73,17,-97,0,-9,17,-80,0,43,0,-77,0,57,0,-92,0,59,0,0,0,0,0,133,0,79,0,64,0,115,0,7,0,-108,0,-26,17,-23,0,-23,17,34,1,-1,17,62,1,26,0,51,1,48,0,16,1,57,0,-24,0,36,0,-55,0,9,0,-82,0,-22,17,-89,0,-40,17]"
CSI_DATA,123141,d8:b1:90:d9:de:f0,-38,9,-99,-36,39,104,-1564124535,214,0,106,0,"[38,16,31,0,-32,15,94,0,-39,15,-126,0,0,16,-78,0,46,16,-63,0,90,16,-78,0,118,16,-102,0,131,16,-141,0,129,16,88,0,114,16,32,0,94,16,-8,16,92,16,-25,16,103,16,-32,16,0,0,0,0,-113,16,-62,16,-61,16,-102,16,-26,16,104,16,-11,16,23,16,-26,16,-34,15,-54,16,-53,15,-83,16,-38,15,-107,16,1,16,-109,16,40,16,-99,16,66,16,-77,16,85,16,-44,16,90,16,-33,16]"
CSI_DATA,123142,d8:b1:90:d9:de:f0,-37,9,-99,-38,39,104,-1564124354,214,0,106,0,"[-51,0,-33,17,32,1,-91,17,39,1,135,17,3,1,85,17,-52,0,71,17,-101,0,74,17,-136,0,106,17,-147,0,148,17,-128,0,-90,17,-103,0,-38,17,-76,0,0,0,-71,0,14,0,-96,0,14,0,0,0,0,0,147,0,38,0,93,0,92,0,70,0,-118,0,68,0,-38,0,96,0,23,1,129,0,36,1,-147,0,7,1,-133,0,-39,0,-134,0,-77,0,148,0,-103,0,117,0,-115,0,85,0,-108,0,73,0]"
CSI_DATA,123143,d8:b1:90:d9:de:f0,-38,9,-99,-35,39,104,-1564124155,214,0,106,0,"[135,0,78,16,131,0,-18,15,80,0,-67,15,16,0,-65,15,-31,16,-38,15,-49,16,4,16,-50,16,44,16,-30,16,77,16,19,0,101,16,73,0,107,16,112,0,110,16,127,0,110,16,118,0,125,16,0,0,0,0,100,0,-94,16,122,0,-28,16,-100,0,30,0,-30,0,61,0,31,1,62,0,55,1,33,0,43,1,-7,16,11,1,-37,16,-21,0,-54,16,-56,0,-55,16,-77,0,-35,16,-82,0,-4,16,-89,0]"
CSI_DATA,123144,d8:b1:90:d9:de:f0,-38,9,-99,-36,40,104,-1564124019,214,0,106,0,"[40,15,16,0,-29,14,68,0,-40,14,-121,0,-3,14,-76,0,43,15,-60,0,93,15,-62,0,124,15,-86,0,-122,15,-116,0,120,15,91,0,100,15,51,0,69,15,20,0,58,15,19,0,71,15,19,0,0,0,0,0,-124,15,-11,15,-99,15,-68,15,-91,15,121,15,-118,15,49,15,91,15,10,15,56,15,16,15,40,15,57,15,38,15,97,15,52,15,-120,15,76,15,-109,15,99,15,-105,15,118,15,-114,15,-128,15]"
CSI_DATA,123145,d8:b1:90:d9:de:f0,-38,9,-99,-35,39,104,-1564123875,214,0,106,0,"[-51,0,73,0,32,1,74,0,79,1,39,0,69,1,1,0,31,1,-21,16,-2,0,-22,16,-38,0,-9,16,-78,0,25,0,-116,0,82,0,119,0,-137,0,91,0,-97,0,69,0,-80,0,50,0,-91,0,0,0,0,0,-10,16,-136,0,-80,16,97,0,111,16,75,0,27,16,66,0,-27,15,70,0,-50,15,80,0,-31,15,90,0,-5,15,87,0,30,16,80,0,56,16,61,0,76,16,22,0,79,16,-22,16,99,16]"
CSI_DATA,123146,d8:b1:90:d9:de:f0,-38,9,-99,-34,39,104,-1564123694,108,0,106,0,"[52,15,-87,15,-31,14,-85,15,-74,14,-51,15,-61,14,-11,15,-37,14,18,0,3,15,21,0,33,15,14,0,66,15,-11,15,111,15,-61,15,-128,15,-110,15,-97,15,117,15,-77,15,101,15,-62,15,108,15,0,0,0,0,3,0,-123,15,70,0,-88,15,-115,0,-86,15,-34,0,-87,15,14,1,-110,15,33,1,-128,15,18,1,129,15,-13,0,133,15,-51,0,-128,15,-70,0,-105,15,-77,0,-75,15,-83,0,-34,15,-87,0]"
CSI_DATA,123147,d8:b1:90:d9:de:f0,-36,9,-99,-36,38,104,-1564062987,130,0,106,0,"[74,18,-140,18,-26,17,-148,18,-84,17,-105,18,-76,17,-52,18,-47,17,-8,18,0,18,10,0,36,18,7,0,76,18,-27,18,122,18,-89,18,156,18,-152,18,-144,18,127,18,-128,18,103,18,-107,18,117,18,0,0,0,0,-30,18,153,18,51,0,-144,18,151,0,-152,18,-85,0,138,18,-28,0,99,18,-18,0,62,18,-49,0,59,18,-86,0,75,18,-118,0,94,18,-138,0,119,18,-135,0,159,18,-120,0,-123,18,-122,0]"
CSI_DATA,123148,d8:b1:90:d9:de:f0,-38,9,-99,-35,39,104,-1563915961,98,0,106,0,"[119,0,-62,0,-74,0,-22,0,-1,0,-49,0,26,1,-109,0,26,1,110,0,-7,0,77,0,-37,0,54,0,-80,0,61,0,-122,0,94,0,117,0,-139,0,107,0,-106,0,95,0,-97,0,89,0,-107,0,0,0,0,0,30,0,129,0,-34,16,118,0,-115,16,-130,0,103,16,-81,0,80,16,-23,0,93,16,11,1,133,16,20,1,-98,16,5,1,-67,16,-25,0,-50,16,-46,0,-61,16,-73,0,-80,16,-92,0,-80,16]"
CSI_DATA,123149,d8:b1:90:d9:de:f0,-40,11,-99,-34,41,104,-1563308870,100,0,228,0,"[2,-9,3,-12,5,-15,6,-18,8,-20,10,-21,11,-21,91,37,13,-19,14,-17,14,-16,13,-15,13,-13,12,-12,11,-11,10,-10,8,-11,6,-10,4,-11,2,-11,0,-11,-28,-25,-3,-12,-4,-12,-5,-12,-5,-11,-5,-11,-5,-10,0,0,-5,-7,-5,-5,-7,-4,-8,-1,-10,0,-11,2,75,12,-16,5,-18,7,-20,7,-21,6,-21,5,-21,5,-21,5,-21,4,-20,4,-18,3,-17,2,-16,2,-15,2,35,12,-14,4,-12,5,-12,5,-10,6,-10,6,-10,6,-10,5,9,3,10,-5,4,-11,-4,-11,-10,-5,-10,4,-3,10,17,-12,8,0,4,-6,-4,-7,-10,-1,-8,8,0,14,11,11,19,0,15,-15,0,-23,-17,-18,-27,-1,-21,17,-5,15,15,21,24,4,18,-12,4,-20,-10,-15,-15,-1,0,0,1,11,10,5,10,-5,2,-12,-8,-10,-14,0,-24,15,0,14,10,9,12,0,6,-8,-1,-8,-5,-2,-4,3,1,5,6,0,5,-6,-2,-10,-10,-6,-15,3,-25,19,2,21,17,15,24,0,18,-15,3,-23,-11,-19,-18,-6]"
CSI_DATA,123150,d8:b1:90:d9:de:f0,-36,11,-99,-36,38,104,-1563289753,277,0,106,0,"[-93,18,-62,0,-99,18,27,1,-66,18,78,1,-31,18,76,1,-6,18,49,1,-5,18,3,1,-11,18,-40,0,-47,18,-80,0,-105,18,-134,0,154,18,132,0,113,18,91,0,90,18,62,0,101,18,40,0,0,0,0,0,-153,18,-36,18,-98,18,-101,18,-56,18,119,18,-33,18,30,18,-25,18,-39,17,-26,18,-69,17,-40,18,-52,17,-39,18,-18,17,-30,18,21,18,-20,18,51,18,17,0,76,18,64,0,96,18,84,0]"
CSI_DATA,123151,d8:b1:90:d9:de:f0,-37,9,-99,-34,38,104,-1563289299,101,0,106,0,"[-89,0,-139,17,-33,0,86,17,-32,0,33,17,-78,0,4,17,-121,0,10,17,-149,0,35,17,136,0,73,17,142,0,123,17,-142,0,-120,17,-110,0,-53,17,-90,0,-8,17,-80,0,20,0,-96,0,32,0,0,0,0,0,128,0,67,0,70,0,117,0,17,0,-106,0,-13,17,-29,0,-22,17,35,1,-8,17,55,1,10,0,41,1,27,0,15,1,29,0,-16,0,22,0,-48,0,-9,17,-70,0,-42,17,-86,0,-57,17]"
CSI_DATA,123152,d8:b1:90:d9:de:f0,-38,9,-99,-35,39,104,-1563080390,130,0,106,0,"[-52,16,46,16,-98,16,-28,15,134,16,-44,15,114,16,-32,15,106,16,2,16,129,16,41,16,-121,16,67,16,-70,16,85,16,0,0,104,16,75,0,116,16,129,0,125,16,-121,0,138,16,-119,0,-116,16,0,0,0,0,121,0,-37,16,107,0,42,0,115,0,137,0,133,0,-55,0,-128,0,0,1,-115,0,18,1,-112,0,5,1,-118,0,-29,0,133,0,-56,0,107,0,-73,0,63,0,-79,0,19,0,-81,0,-5,16]"
CSI_DATA,123153,d8:b1:90:d9:de:f0,-37,9,-99,-38,39,104,-1563080247,113,0,106,0,"[73,17,-105,17,-19,16,-116,17,-68,16,-91,17,-73,16,-53,17,-40,16,-24,17,-3,16,-14,17,42,17,-21,17,87,17,-53,17,142,17,-109,17,-109,17,130,17,-65,17,87,17,-41,17,74,17,-23,17,97,17,0,0,0,0,20,0,-141,17,97,0,-79,17,-109,0,-36,17,-21,0,-9,17,38,1,-5,17,59,1,-14,17,47,1,-24,17,14,1,-28,17,-19,0,-24,17,-52,0,-4,17,-86,0,32,0,-97,0,72,0,-110,0]"
CSI_DATA,123154,d8:b1:90:d9:de:f0,-38,9,-99,-36,39,104,-1562871473,98,0,106,0,"[74,0,-53,0,-135,0,11,1,-68,0,13,1,-29,0,-30,0,-31,0,-83,0,-46,0,-131,0,-80,0,130,0,-135,0,125,0,88,0,140,0,32,0,-112,0,-8,16,-81,0,-19,16,-74,0,-14,16,-97,0,0,0,0,0,-41,16,115,0,-97,16,51,0,103,16,6,0,16,16,-5,16,-44,15,12,0,-60,15,42,0,-33,15,69,0,4,16,89,0,37,16,90,0,62,16,70,0,81,16,43,0,83,16,14,0,89,16]"
CSI_DATA,123155,d8:b1:90:d9:de:f0,-38,11,-99,-36,39,104,-1562663054,277,0,106,0,"[-66,0,104,0,32,1,87,0,76,1,30,0,65,1,-34,16,31,1,-77,16,-21,0,-97,16,-62,0,-93,16,-95,0,-49,16,-118,0,10,0,-121,0,76,0,-108,0,114,0,-106,0,122,0,-115,0,108,0,0,0,0,0,84,0,95,0,14,0,111,0,-60,16,-117,0,-103,16,-39,0,-99,16,23,1,-74,16,54,1,-38,16,43,1,-4,16,10,1,8,0,-29,0,12,0,-56,0,-16,16,-80,0,-37,16,-92,0,-43,16]"
CSI_DATA,123156,d8:b1:90:d9:de:f0,-38,9,-99,-36,40,104,-1562662565,108,0,106,0,"[-83,0,-120,0,-6,0,-92,0,42,1,-110,0,40,1,112,0,31,1,83,0,-11,0,67,0,-46,0,66,0,-92,0,83,0,102,0,115,0,51,0,-102,0,9,0,-65,0,-10,15,-56,0,-19,15,-77,0,0,0,0,0,-46,15,107,0,-94,15,38,0,91,15,-8,15,21,15,-50,15,-32,14,-68,15,-53,14,-61,15,-40,14,-48,15,-11,14,-33,15,26,15,-26,15,50,15,-43,15,76,15,-65,15,102,15,-99,15,116,15]"
CSI_DATA,123157,d8:b1:90:d9:de:f0,-38,9,-99,-35,39,104,-1562662420,113,0,106,0,"[-123,0,94,16,-93,0,10,16,-116,0,-42,15,125,0,-58,15,83,0,-30,15,59,0,-5,15,55,0,49,16,76,0,101,16,121,0,-119,16,-106,0,-65,16,-71,0,-29,16,-61,0,-11,16,-77,0,-10,16,0,0,0,0,117,0,42,0,59,0,93,0,7,0,-97,0,-17,16,-13,0,-16,16,44,1,0,0,68,1,15,0,51,1,26,0,23,1,21,0,-13,0,3,0,-51,0,-29,16,-79,0,-65,16,-83,0,-80,16]"
CSI_DATA,123158,d8:b1:90:d9:de:f0,-35,11,-99,-34,36,104,-1562308922,100,0,114,0,"[26,-28,32,-28,35,-28,37,-28,38,-26,38,-25,37,-23,35,-20,34,-22,34,-20,32,-19,32,-20,32,-20,32,-22,32,-23,34,-25,34,-26,35,-26,38,-29,38,-29,37,-29,37,-31,35,-31,35,-31,35,-31,34,-31,32,-31,34,-29,0,0,31,-29,31,-31,32,-31,34,-34,34,-35,32,-34,32,-35,32,-34,31,-34,29,-34,26,-32,26,-32,25,-31,23,-31,23,-29,22,-29,20,-31,20,-31,20,-31,22,-32,23,-34,23,-34,25,-37,26,-37,28,-37,28,-34,28,-31,26,-28]"
CSI_DATA,123159,d8:b1:90:d9:de:f0,-38,9,-99,-35,39,104,-1562244802,224,0,106,0,"[47,16,83,0,-20,15,-128,0,-26,15,-68,0,15,16,-39,0,57,16,-40,0,98,16,-63,0,122,16,-102,0,123,16,118,0,113,16,42,0,93,16,-22,16,75,16,-65,16,73,16,-83,16,91,16,-80,16,0,0,0,0,-85,16,-85,16,-9,16,-103,16,71,0,117,16,128,0,51,16,-123,0,-4,15,-127,0,-27,15,128,0,-21,15,103,0,4,16,93,0,38,16,91,0,69,16,115,0,105,16,-136,0,129,16,-130,0]"
CSI_DATA,123160,d8:b1:90:d9:de:f0,-37,9,-99,-38,39,104,-1562244630,130,0,106,0,"[-15,17,45,17,-47,17,-40,16,-105,17,-60,16,-136,17,-43,16,149,17,0,17,-149,17,42,17,-124,17,74,17,-71,17,92,17,-4,17,102,17,67,0,104,17,120,0,108,17,136,0,117,17,124,0,146,17,0,0,0,0,112,0,-83,17,128,0,9,0,-133,0,98,0,-86,0,-135,0,-42,0,-99,0,-11,0,-101,0,-14,0,-118,0,-32,0,-146,0,-58,0,142,0,-92,0,144,0,-122,0,-152,0,-141,0,-135,0,141,0]"
CSI_DATA,123161,d8:b1:90:d9:de:f0,-38,9,-99,-36,39,104,-1562244495,98,0,106,0,"[50,16,63,0,-19,15,131,0,-22,15,-87,0,19,16,-54,0,66,16,-47,0,112,16,-67,0,134,16,-107,0,135,16,126,0,126,16,59,0,97,16,-4,16,76,16,-43,16,69,16,-54,16,89,16,-53,16,0,0,0,0,-100,16,-65,16,-33,16,-103,16,34,0,111,16,66,0,32,16,72,0,-30,15,54,0,-51,15,32,0,-38,15,5,0,-6,15,0,0,31,16,11,0,60,16,38,0,77,16,66,0,93,16,77,0]"
CSI_DATA,123162,d8:b1:90:d9:de:f0,-37,9,-99,-37,39,104,-1561826994,124,0,106,0,"[42,17,3,0,-42,16,35,0,-75,16,87,0,-51,16,123,0,-13,16,140,0,32,17,138,0,71,17,110,0,94,17,62,0,106,17,-15,17,109,17,-87,17,106,17,-140,17,108,17,138,17,132,17,-143,17,0,0,0,0,-73,17,-118,17,17,0,-124,17,109,0,139,17,-109,0,92,17,-70,0,40,17,-68,0,18,17,-94,0,18,17,-123,0,43,17,-142,0,72,17,-147,0,99,17,-136,0,138,17,-113,0,-125,17,-112,0]"
CSI_DATA,123163,d8:b1:90:d9:de:f0,-38,9,-99,-34,39,104,-1561826863,124,0,106,0,"[48,15,-74,15,-38,14,-65,15,-78,14,-23,15,-69,14,21,0,-38,14,47,0,3,15,56,0,42,15,41,0,76,15,6,0,104,15,-50,15,124,15,-114,15,-134,15,113,15,-128,15,96,15,-116,15,106,15,0,0,0,0,-33,15,-126,15,36,0,-109,15,128,0,-122,15,-70,0,118,15,-26,0,78,15,-19,0,56,15,-47,0,50,15,-79,0,58,15,-102,0,84,15,-112,0,106,15,-110,0,-127,15,-92,0,-101,15,-95,0]"
CSI_DATA,123164,d8:b1:90:d9:de:f0,-37,11,-99,-38,39,104,-1561618557,277,0,106,0,"[-137,17,-86,0,-148,17,10,1,-109,17,62,1,-55,17,65,1,-13,17,39,1,9,0,-2,0,11,0,-49,0,-20,17,-87,0,-77,17,-133,0,-137,17,147,0,120,17,134,0,102,17,127,0,122,17,108,0,0,0,0,0,-125,17,36,0,-111,17,-48,17,-125,17,-140,17,139,17,83,17,92,17,33,17,65,17,32,17,55,17,66,17,71,17,96,17,90,17,127,17,112,17,141,17,144,17,137,17,-130,17,118,17,-117,17]"
CSI_DATA,123165,d8:b1:90:d9:de:f0,-38,9,-99,-34,39,104,-1561618067,130,0,106,0,"[45,15,-75,15,-47,14,-55,15,-84,14,6,0,-72,14,66,0,-26,14,109,0,21,15,117,0,58,15,109,0,86,15,75,0,101,15,12,0,96,15,-40,15,83,15,-77,15,78,15,-83,15,91,15,-77,15,0,0,0,0,-96,15,-77,15,-34,15,-108,15,16,0,96,15,40,0,21,15,29,0,-45,14,3,0,-66,14,-28,15,-47,14,-54,15,-11,14,-65,15,20,15,-63,15,46,15,-39,15,62,15,-20,15,63,15,-19,15]"
CSI_DATA,123166,d8:b1:90:d9:de:f0,-38,9,-99,-35,39,104,-1561409177,101,0,106,0,"[-59,0,-97,16,0,1,116,16,0,1,54,16,-35,0,22,16,-83,0,25,16,-127,0,41,16,130,0,76,16,129,0,127,16,-133,0,-87,16,-100,0,-28,16,-79,0,10,0,-73,0,23,0,-88,0,23,0,0,0,0,0,103,0,59,0,41,0,102,0,-7,16,-100,0,-39,16,-25,0,-30,16,41,1,-13,16,58,1,4,0,40,1,18,0,10,1,26,0,-21,0,14,0,-44,0,-9,16,-66,0,-32,16,-74,0,-41,16]"
CSI_DATA,123167,d8:b1:90:d9:de:f0,-41,11,-99,-36,42,104,-1561309153,100,0,228,0,"[7,-4,9,-6,13,-7,16,-7,19,-7,21,-7,22,-4,86,35,21,-1,21,0,20,1,19,2,17,3,15,3,15,2,13,2,12,0,11,0,11,-2,10,-4,10,-6,-27,-23,10,-9,10,-9,10,-9,10,-9,10,-8,9,-7,0,0,6,-6,4,-6,3,-6,0,-7,-2,-8,-4,-9,-58,11,-7,-14,-9,-16,-8,-17,-8,-19,-7,-19,-7,-20,-5,-19,-4,-19,-3,-18,-2,-16,-2,-16,-1,-15,-2,-14,-38,11,-3,-13,-4,-12,-4,-12,-4,-11,-4,-11,-3,-11,-3,-10,5,8,11,3,11,-4,5,-11,-3,-12,-10,-5,-10,3,18,5,3,7,7,0,3,-5,-3,-7,-10,-1,-10,7,-2,15,10,15,19,4,19,-11,7,-23,-10,-23,-23,-11,-14,0,-12,20,4,22,17,11,17,-3,8,-13,-3,-13,0,0,-9,6,-1,11,8,7,13,-1,8,-11,-2,-14,-19,-20,-14,1,-8,11,1,12,7,6,7,-1,3,-5,-2,-3,-3,1,0,5,6,4,9,-2,6,-10,-2,-14,-16,-24,-19,0,-15,14,-3,22,11,19,21,7,19,-7,8,-15]"
CSI_DATA,123168,d8:b1:90:d9:de:f0,-38,9,-99,-35,39,104,-1561200277,252,0,106,0,"[88,16,-133,0,38,16,-51,0,38,16,0,1,79,16,15,1,115,16,3,1,136,16,-31,0,-129,16,-79,0,-134,16,138,0,121,16,63,0,92,16,-9,16,67,16,-52,16,64,16,-76,16,89,16,-79,16,0,0,0,0,-88,16,-83,16,-5,16,-107,16,82,0,126,16,-127,0,65,16,-86,0,11,16,-80,0,-1,15,-103,0,8,16,-123,0,32,16,-136,0,68,16,-138,0,101,16,-122,0,-137,16,-93,0,-99,16,-92,0]"
CSI_DATA,123169,d8:b1:90:d9:de:f0,-37,9,-99,-34,38,104,-1561160410,98,0,106,0,"[-57,0,-84,17,17,1,-147,17,29,1,93,17,-4,0,53,17,-57,0,47,17,-101,0,66,17,-130,0,103,17,-135,0,-143,17,-120,0,-68,17,-89,0,0,0,-73,0,53,0,-68,0,64,0,-92,0,60,0,0,0,0,0,116,0,72,0,39,0,116,0,-30,17,-111,0,-74,17,-32,0,-79,17,33,1,-64,17,64,1,-45,17,51,1,-20,17,17,1,-13,17,-16,0,-29,17,-48,0,-55,17,-77,0,-85,17,-86,0,-93,17]"
CSI_DATA,123170,d8:b1:90:d9:de:f0,-36,9,-99,-37,38,104,-1561151939,98,0,106,0,"[66,19,93,0,-14,18,149,0,-36,18,-129,0,-6,18,-101,0,31,19,-103,0,72,19,-121,0,103,19,-165,0,112,19,101,0,117,19,15,0,112,19,-69,19,117,19,-128,19,126,19,-159,19,156,19,-150,19,0,0,0,0,-63,19,-136,19,32,0,-134,19,139,0,-155,19,-98,0,138,19,-42,0,98,19,-25,0,81,19,-45,0,90,19,-73,0,108,19,-94,0,139,19,-103,0,-156,19,-99,0,-107,19,-88,0,-72,19,-98,0]"
CSI_DATA,123171,d8:b1:90:d9:de:f0,-38,11,-99,-35,39,104,-1560991859,277,0,106,0,"[-90,0,134,16,-40,0,66,16,-34,0,14,16,-64,0,1,16,-99,0,15,16,-131,0,40,16,-139,0,79,16,138,0,128,16,-116,0,-75,16,-93,0,-18,16,-73,0,30,0,-70,0,49,0,-91,0,56,0,0,0,0,0,95,0,87,0,22,0,114,0,-49,16,-106,0,-100,16,-42,0,-123,16,14,1,-129,16,34,1,-109,16,22,1,-102,16,-7,0,-87,16,-35,0,-100,16,-67,0,-115,16,-95,0,-139,16,-118,0,133,16]"
CSI_DATA,123172,d8:b1:90:d9:de:f0,-37,9,-99,-37,39,104,-1560991396,124,0,106,0,"[81,17,-140,17,-9,16,139,17,-64,16,-127,17,-69,16,-80,17,-43,16,-45,17,-8,16,-18,17,35,17,-17,17,77,17,-47,17,121,17,-99,17,-136,17,136,17,-105,17,92,17,-93,17,84,17,-75,17,108,17,0,0,0,0,-19,17,-139,17,63,0,-105,17,-130,0,-110,17,-46,0,-124,17,0,1,139,17,9,1,113,17,-10,0,106,17,-36,0,108,17,-70,0,123,17,-85,0,-144,17,-88,0,-109,17,-80,0,-87,17,-86,0]"
CSI_DATA,123173,d8:b1:90:d9:de:f0,-37,9,-99,-34,38,104,-1560957244,124,0,106,0,"[-71,0,-117,17,-2,0,129,17,7,1,76,17,-11,0,48,17,-55,0,54,17,-89,0,77,17,-111,0,115,17,-110,0,-128,17,-104,0,-48,17,-91,0,29,0,-92,0,86,0,-95,0,110,0,-122,0,111,0,0,0,0,0,80,0,120,0,1,0,129,0,-98,17,-130,0,131,17,-80,0,83,17,-40,0,76,17,-19,0,90,17,-26,0,111,17,-46,0,123,17,-73,0,129,17,-112,0,117,17,150,0,98,17,122,0,102,17]"
CSI_DATA,123174,d8:b1:90:d9:de:f0,-38,9,-99,-35,39,104,-1560782469,311,0,106,0,"[38,16,8,0,-42,15,41,0,-74,15,86,0,-56,15,118,0,-19,15,127,0,23,16,117,0,58,16,87,0,88,16,33,0,113,16,-41,16,133,16,-113,16,-131,16,113,16,-122,16,94,16,-104,16,100,16,0,0,0,0,-14,16,-122,16,62,0,-85,16,-116,0,-78,16,-27,0,-79,16,30,1,-90,16,49,1,-106,16,34,1,-107,16,0,1,-104,16,-39,0,-86,16,-59,0,-55,16,-73,0,-10,16,-78,0,30,0,-86,0]"
CSI_DATA,123175,d8:b1:90:d9:de:f0,-38,9,-99,-37,40,104,-1560782257,98,0,106,0,"[-80,0,-127,0,0,1,-100,0,46,1,-117,0,48,1,109,0,33,1,86,0,-5,0,68,0,-46,0,67,0,-94,0,90,0,109,0,-130,0,55,0,-88,0,16,0,-55,0,-4,15,-52,0,-13,15,-72,0,0,0,0,0,-45,15,118,0,-97,15,49,0,92,15,-3,15,15,15,-39,15,-39,14,-55,15,-54,14,-52,15,-45,14,-36,15,-17,14,-33,15,16,15,-31,15,50,15,-44,15,76,15,-73,15,96,15,-109,15,109,15]"
CSI_DATA,123176,d8:b1:90:d9:de:f0,-38,9,-99,-33,39,104,-1560782152,130,0,106,0,"[33,15,-25,15,-48,14,-3,15,-81,14,36,0,-63,14,73,0,-32,14,88,0,11,15,91,0,45,15,71,0,73,15,26,0,97,15,-34,15,117,15,-92,15,-131,15,122,15,-126,15,102,15,-102,15,106,15,0,0,0,0,-14,15,-106,15,56,0,-93,15,-124,0,-95,15,-42,0,-119,15,10,1,118,15,18,1,99,15,-2,0,97,15,-27,0,107,15,-58,0,120,15,-68,0,-114,15,-67,0,-81,15,-73,0,-49,15,-75,0]"
CSI_DATA,123177,d8:b1:90:d9:de:f0,-38,9,-99,-35,39,104,-1560781990,113,0,106,0,"[5,0,44,16,-23,16,-41,15,-73,16,-68,15,-111,16,-50,15,-126,16,-10,15,-121,16,28,16,-97,16,68,16,-50,16,89,16,16,0,104,16,87,0,113,16,130,0,117,16,-129,0,119,16,-135,0,136,16,0,0,0,0,118,0,-54,16,115,0,20,0,136,0,112,0,-101,0,-98,0,-62,0,-50,0,-40,0,-47,0,-41,0,-71,0,-54,0,-98,0,-80,0,-119,0,-107,0,-128,0,129,0,-121,0,100,0,-100,0,83,0]"
CSI_DATA,123178,d8:b1:90:d9:de:f0,-38,11,-99,-35,39,104,-1560574060,277,0,106,0,"[59,16,111,0,-3,15,-106,0,-3,15,-49,0,26,16,-32,0,62,16,-38,0,104,16,-58,0,118,16,-100,0,119,16,125,0,105,16,50,0,93,16,-14,16,78,16,-61,16,83,16,-85,16,109,16,-89,16,0,0,0,0,-68,16,-91,16,9,0,-106,16,95,0,123,16,-121,0,69,16,-80,0,25,16,-74,0,8,16,-95,0,16,16,-114,0,38,16,-131,0,63,16,-128,0,94,16,-118,0,127,16,-105,0,-126,16,-106,0]"
CSI_DATA,123179,d8:b1:90:d9:de:f0,-38,9,-99,-36,40,104,-1560573615,266,0,106,0,"[106,0,62,15,109,0,-30,14,66,0,-78,14,15,0,-70,14,-25,15,-40,14,-34,15,-1,14,-30,15,45,15,4,0,85,15,66,0,121,15,125,0,-118,15,-91,0,-110,15,-83,0,-103,15,-102,0,-92,15,0,0,0,0,100,0,-26,15,72,0,53,0,83,0,-112,0,106,0,-36,0,-116,0,9,1,-87,0,12,1,-78,0,-12,0,-89,0,-40,0,-104,0,-73,0,126,0,-90,0,94,0,-91,0,65,0,-76,0,56,0]"
CSI_DATA,123180,d8:b1:90:d9:de:f0,-39,9,-99,-34,40,104,-1560573418,246,0,106,0,"[-92,0,93,14,-66,0,9,14,-92,0,-42,13,102,0,-50,13,59,0,-37,13,31,0,-1,13,26,0,39,14,43,0,83,14,84,0,-114,14,-110,0,-84,14,-70,0,-70,14,-59,0,-66,14,-76,0,-58,14,0,0,0,0,92,0,-7,14,67,0,58,0,61,0,-104,0,74,0,-26,0,106,0,21,0,-106,0,23,0,-92,0,0,0,-93,0,-33,0,-105,0,-65,0,113,0,-77,0,88,0,-79,0,62,0,-71,0,54,0]"
CSI_DATA,123181,d8:b1:90:d9:de:f0,-38,9,-99,-35,39,104,-1560364670,98,0,106,0,"[-34,0,17,0,52,1,-3,16,87,1,-43,16,67,1,-69,16,33,1,-83,16,-11,0,-74,16,-45,0,-49,16,-85,0,1,0,-126,0,70,0,122,0,-136,0,94,0,-92,0,77,0,-78,0,56,0,-99,0,0,0,0,0,-10,16,109,0,-88,16,53,0,97,16,15,0,11,16,-11,16,-47,15,-19,16,-66,15,-13,16,-47,15,-8,16,-14,15,-7,16,18,16,-18,16,47,16,-38,16,75,16,-73,16,93,16,-105,16,113,16]"
CSI_DATA,123182,d8:b1:90:d9:de:f0,-38,9,-99,-36,40,104,-1560364521,113,0,106,0,"[107,15,-94,0,75,15,-21,0,80,15,26,1,113,15,31,1,-118,15,13,1,-95,15,-20,0,-94,15,-63,0,-112,15,-115,0,120,15,80,0,88,15,20,0,66,15,-25,15,68,15,-42,15,82,15,-50,15,0,0,0,0,-77,15,-72,15,-5,15,-99,15,70,0,110,15,-124,0,53,15,-95,0,11,15,-86,0,-10,14,-97,0,0,15,-117,0,21,15,126,0,53,15,-122,0,87,15,-111,0,123,15,-95,0,-105,15,-92,0]"
CSI_DATA,123183,d8:b1:90:d9:de:f0,-34,11,-99,-35,36,104,-1560309191,100,0,114,0,"[-16,-33,-16,-38,-16,-41,-15,-43,-15,-46,-13,-44,-10,-43,-12,-41,-12,-38,-12,-38,-12,-36,-12,-38,-10,-36,-13,-36,-13,-38,-15,-40,-16,-40,-18,-41,-18,-43,-20,-43,-21,-41,-23,-41,-23,-41,-24,-41,-24,-41,-21,-41,-23,-40,-23,-36,0,0,-24,-36,-26,-36,-24,-36,-24,-38,-29,-36,-29,-36,-30,-35,-30,-38,-30,-35,-32,-33,-29,-33,-29,-30,-27,-29,-29,-26,-27,-26,-26,-26,-26,-24,-27,-23,-29,-23,-30,-24,-32,-26,-33,-27,-35,-27,-32,-29,-32,-30,-30,-30,-29,-30,-24,-30]"
CSI_DATA,123184,d8:b1:90:d9:de:f0,-37,11,-99,-35,38,104,-1559947361,277,0,106,0,"[-56,0,67,0,39,1,58,0,84,1,7,0,70,1,-44,18,29,1,-73,18,-11,0,-85,18,-52,0,-66,18,-78,0,-19,18,-102,0,44,0,-118,0,122,0,-132,0,-143,0,-140,0,-134,0,155,0,-145,0,0,0,0,0,61,0,135,0,-19,18,129,0,-123,18,-148,0,113,18,-97,0,84,18,-53,0,77,18,-20,0,103,18,-17,0,136,18,-29,0,-154,18,-63,0,-145,18,-94,0,154,18,-125,0,134,18,-149,0,133,18]"
CSI_DATA,123185,d8:b1:90:d9:de:f0,-37,9,-99,-37,39,104,-1559946863,98,0,106,0,"[47,17,34,0,-25,16,86,0,-39,16,-137,0,1,17,-97,0,47,17,-72,0,93,17,-85,0,124,17,-113,0,129,17,142,0,115,17,80,0,92,17,26,0,66,17,-4,17,61,17,-12,17,81,17,-8,17,0,0,0,0,-140,17,-42,17,-81,17,-97,17,-54,17,117,17,-57,17,30,17,-80,17,-21,16,-110,17,-35,16,-139,17,-17,16,-147,17,24,17,-139,17,63,17,-128,17,86,17,-106,17,91,17,-81,17,87,17,-75,17]"
CSI_DATA,123186,d8:b1:90:d9:de:f0,-38,9,-99,-35,39,104,-1559946731,130,0,106,0,"[-35,16,-34,0,-22,16,49,1,13,0,83,1,40,0,67,1,59,0,44,1,55,0,-6,0,34,0,-42,0,-9,16,-81,0,-77,16,-127,0,-138,16,115,0,91,16,89,0,79,16,71,0,88,16,54,0,0,0,0,0,-110,16,-18,16,-56,16,-88,16,-17,16,104,16,8,0,14,16,11,0,-47,15,6,0,-68,15,1,0,-54,15,0,0,-19,15,3,0,21,16,27,0,45,16,59,0,68,16,91,0,93,16,106,0]"
CSI_DATA,123187,d8:b1:90:d9:de:f0,-37,9,-99,-37,39,104,-1559946569,108,0,106,0,"[-71,17,60,17,-143,17,0,17,75,17,-2,16,30,17,49,17,18,17,114,17,43,17,-140,17,70,17,-116,17,108,17,-115,17,-131,17,-146,17,-99,17,112,17,-80,17,78,17,-73,17,70,17,-65,17,92,17,0,0,0,0,-25,17,-135,17,51,0,-113,17,131,0,-139,17,-90,0,117,17,-56,0,69,17,-63,0,31,17,-101,0,19,17,145,0,24,17,112,0,46,17,99,0,66,17,102,0,86,17,117,0,107,17,113,0]"
CSI_DATA,123188,d8:b1:90:d9:de:f0,-38,9,-99,-35,39,104,-1559946451,124,0,106,0,"[26,0,39,16,5,0,-47,15,-43,16,-79,15,-74,16,-64,15,-90,16,-30,15,-92,16,19,16,-66,16,58,16,-17,16,89,16,54,0,118,16,115,0,138,16,-111,0,-127,16,-89,0,-118,16,-102,0,-97,16,0,0,0,0,111,0,-17,16,85,0,63,0,77,0,-123,0,85,0,-33,0,106,0,27,1,124,0,37,1,129,0,16,1,123,0,-15,0,104,0,-47,0,75,0,-63,0,34,0,-69,0,3,0,-76,0,-14,16]"
CSI_DATA,123189,d8:b1:90:d9:de:f0,-38,9,-99,-36,40,104,-1559946320,124,0,106,0,"[-110,0,93,15,-81,0,19,15,-99,0,-29,14,125,0,-31,14,91,0,-21,14,67,0,15,15,62,0,50,15,83,0,101,15,121,0,-97,15,-99,0,-50,15,-64,0,-18,15,-58,0,-1,15,-79,0,3,0,0,0,0,0,104,0,36,0,41,0,90,0,-8,15,-95,0,-38,15,-22,0,-49,15,33,1,-35,15,49,1,-22,15,39,1,-17,15,8,1,-16,15,-27,0,-26,15,-46,0,-53,15,-73,0,-82,15,-88,0,-89,15]"
CSI_DATA,123190,d8:b1:90:d9:de:f0,-37,11,-99,-34,38,104,-1559529563,277,0,106,0,"[-105,0,148,17,-58,0,67,17,-67,0,9,17,-115,0,-20,16,143,0,-3,16,120,0,26,17,106,0,66,17,121,0,115,17,-147,0,-129,17,-105,0,-73,17,-80,0,-35,17,-76,0,-21,17,-96,0,-10,17,0,0,0,0,134,0,39,0,73,0,98,0,36,0,-109,0,21,0,-28,0,30,0,26,1,48,0,54,1,59,0,38,1,72,0,7,1,66,0,-27,0,51,0,-57,0,22,0,-67,0,-13,17,-66,0,-21,17]"
CSI_DATA,123191,d8:b1:90:d9:de:f0,-38,9,-99,-35,39,104,-1559529100,317,0,106,0,"[100,16,123,16,5,16,105,16,-57,15,-133,16,-66,15,-77,16,-39,15,-22,16,1,16,10,0,45,16,9,0,92,16,-18,16,127,16,-69,16,-135,16,-126,16,-125,16,105,16,-133,16,97,16,-118,16,114,16,0,0,0,0,-39,16,-102,16,31,0,-100,16,119,0,-133,16,-88,0,95,16,-62,0,39,16,-78,0,5,16,-111,0,5,16,123,0,17,16,97,0,43,16,95,0,73,16,106,0,101,16,125,0,114,16,126,0]"
CSI_DATA,123192,d8:b1:90:d9:de:f0,-38,9,-99,-33,39,104,-1559528905,337,0,106,0,"[-128,0,84,15,-118,0,-4,14,94,0,-66,14,38,0,-69,14,-6,15,-39,14,-45,15,4,15,-49,15,46,15,-15,15,85,15,39,0,107,15,96,0,112,15,130,0,112,15,-124,0,106,15,118,0,116,15,0,0,0,0,90,0,-65,15,102,0,1,0,-112,0,72,0,-44,0,116,0,16,1,122,0,43,1,99,0,31,1,59,0,10,1,32,0,-20,0,11,0,-49,0,12,0,-68,0,34,0,-72,0,46,0,-80,0]"
CSI_DATA,123193,d8:b1:90:d9:de:f0,-36,9,-99,-36,38,104,-1559478495,101,0,106,0,"[46,18,26,0,-44,17,60,0,-70,17,120,0,-40,17,152,0,-7,17,-156,0,40,18,154,0,74,18,128,0,88,18,74,0,99,18,2,0,109,18,-73,18,118,18,-124,18,125,18,-153,18,157,18,-151,18,0,0,0,0,-64,18,-133,18,25,0,-140,18,119,0,149,18,-124,0,100,18,-81,0,57,18,-67,0,33,18,-88,0,41,18,-118,0,60,18,-135,0,85,18,-137,0,110,18,-122,0,146,18,-114,0,-143,18,-119,0]"
CSI_DATA,123194,d8:b1:90:d9:de:f0,-40,11,-99,-34,41,104,-1559309070,100,0,228,0,"[6,-7,8,-10,10,-12,13,-14,15,-15,17,-15,19,-13,91,37,20,-10,21,-9,19,-7,18,-6,18,-5,16,-5,15,-5,14,-5,12,-5,10,-7,9,-8,7,-10,6,-11,-28,-25,5,-13,4,-14,4,-14,4,-13,3,-12,2,-11,0,0,0,-9,0,-9,-2,-7,-5,-7,-7,-6,-10,-6,-107,12,-15,-7,-17,-8,-19,-9,-19,-10,-19,-11,-19,-11,-17,-11,-16,-11,-15,-11,-14,-11,-13,-10,-13,-10,-12,-9,94,12,-12,-7,-12,-6,-13,-6,-12,-6,-12,-5,-11,-5,-10,-5,8,6,11,0,9,-9,0,-13,-8,-10,-11,-1,-8,7,21,-3,6,5,6,-3,0,-8,-7,-5,-11,2,-6,12,4,15,16,9,21,-5,13,-20,-4,-26,-21,-16,-26,2,-12,7,0,25,16,16,21,0,13,-13,0,-17,-11,-10,0,0,-5,11,5,11,12,3,10,-8,0,-14,-10,-10,-28,-6,-10,10,0,14,9,8,10,0,5,-6,-2,-5,-5,0,-2,5,4,5,8,0,6,-7,0,-12,-11,-10,-31,-8,-15,14,-1,22,14,19,23,5,21,-10,8,-20,-5,-18]"
CSI_DATA,123195,d8:b1:90:d9:de:f0,-38,11,-99,-36,39,104,-1559111764,277,0,106,0,"[-94,0,-139,0,-5,0,-122,0,52,1,134,0,52,1,89,0,31,1,44,0,-10,0,19,0,-48,0,22,0,-87,0,43,0,-135,0,92,0,115,0,142,0,90,0,-106,0,77,0,-94,0,67,0,-109,0,0,0,0,0,4,0,120,0,-74,16,84,0,122,16,77,0,39,16,93,0,-14,15,120,0,-21,15,-138,0,5,16,-124,0,39,16,-130,0,70,16,-141,0,85,16,124,0,90,16,93,0,86,16,66,0,93,16]"
CSI_DATA,123196,d8:b1:90:d9:de:f0,-38,9,-99,-37,40,104,-1559111274,98,0,106,0,"[108,15,-102,0,88,15,-10,0,126,15,46,1,-79,15,62,1,-19,15,40,1,8,0,-2,0,18,0,-47,0,-8,15,-89,0,-61,15,-124,0,-115,15,123,0,108,15,118,0,100,15,123,0,119,15,112,0,0,0,0,0,-83,15,44,0,-83,15,-33,15,-118,15,-116,15,92,15,87,15,36,15,63,15,-3,14,82,15,-4,14,113,15,12,15,-107,15,34,15,-83,15,64,15,-74,15,92,15,-87,15,106,15,-103,15,110,15]"
CSI_DATA,123197,d8:b1:90:d9:de:f0,-39,9,-99,-35,40,104,-1559111178,130,0,106,0,"[65,14,103,0,9,14,-87,0,0,14,-44,0,24,14,-25,0,59,14,-39,0,86,14,-59,0,103,14,-100,0,108,14,93,0,107,14,19,0,96,14,-44,14,94,14,-91,14,101,14,-114,14,119,14,-109,14,0,0,0,0,-38,14,-90,14,34,0,-85,14,-124,0,-89,14,-49,0,-108,14,0,0,114,14,15,0,104,14,-1,0,103,14,-24,0,-123,14,-44,0,-106,14,-61,0,-75,14,-70,0,-30,14,-69,0,1,0,-78,0]"
CSI_DATA,123198,d8:b1:90:d9:de:f0,-37,9,-99,-35,38,104,-1559091018,98,0,106,0,"[-47,0,15,0,47,1,-8,18,84,1,-58,18,61,1,-99,18,26,1,-121,18,-25,0,-114,18,-62,0,-92,18,-91,0,-37,18,-117,0,35,0,-135,0,106,0,-145,0,-151,0,-151,0,-129,0,129,0,-143,0,0,0,0,0,34,0,121,0,-53,18,108,0,-154,18,118,0,61,18,149,0,2,18,-129,0,-1,17,-108,0,18,18,-110,0,51,18,-123,0,80,18,-144,0,94,18,140,0,92,18,100,0,86,18,62,0,90,18]"
CSI_DATA,123199,d8:b1:90:d9:de:f0,-38,9,-99,-35,39,104,-1558902383,224,0,106,0,"[91,16,-136,16,6,16,117,16,-43,15,-139,16,-44,15,-105,16,-27,15,-70,16,15,16,-45,16,52,16,-47,16,99,16,-80,16,-118,16,-123,16,-77,16,109,16,-41,16,66,16,-29,16,59,16,-26,16,82,16,0,0,0,0,22,0,-129,16,88,0,-64,16,-102,0,-30,16,-23,0,-8,16,32,1,-14,16,52,1,-32,16,35,1,-41,16,-2,0,-42,16,-33,0,-41,16,-54,0,-16,16,-69,0,14,0,-80,0,45,0,-88,0]"
CSI_DATA,123200,d8:b1:90:d9:de:f0,-38,9,-99,-36,39,104,-1558693475,124,0,106,0,"[113,16,-113,0,89,16,-16,0,129,16,42,1,-102,16,49,1,-50,16,32,1,-20,16,-4,0,-6,16,-42,0,-26,16,-87,0,-70,16,-127,0,-123,16,132,0,127,16,120,0,113,16,115,0,127,16,100,0,0,0,0,0,-113,16,30,0,-109,16,-42,16,-129,16,-124,16,112,16,95,16,54,16,57,16,21,16,67,16,16,16,107,16,29,16,-139,16,50,16,-114,16,69,16,-104,16,96,16,-108,16,113,16,-118,16,129,16]"
CSI_DATA,123201,d8:b1:90:d9:de:f0,-37,9,-99,-37,39,104,-1558693371,124,0,106,0,"[-107,0,130,17,-72,0,42,17,-106,0,-18,16,146,0,-39,16,98,0,-19,16,60,0,4,17,54,0,38,17,63,0,72,17,107,0,122,17,-133,0,-144,17,-101,0,-124,17,-94,0,-107,17,-114,0,-95,17,0,0,0,0,146,0,-39,17,129,0,34,0,-140,0,129,0,-102,0,-100,0,-54,0,-70,0,-23,0,-68,0,-6,0,-108,0,-25,0,-147,0,-47,0,130,0,-63,0,116,0,-93,0,123,0,-109,0,135,0,-118,0]"
CSI_DATA,123202,d8:b1:90:d9:de:f0,-38,11,-99,-37,40,104,-1558485065,277,0,106,0,"[54,0,-45,0,122,0,12,1,-72,0,9,1,-32,0,-29,0,-31,0,-86,0,-42,0,-127,0,-66,0,117,0,-102,0,110,0,113,0,128,0,74,0,-99,0,47,0,-83,0,34,0,-83,0,30,0,-100,0,0,0,0,0,-7,15,113,0,-72,15,80,0,107,15,83,0,41,15,96,0,4,15,-127,0,-4,14,-87,0,26,15,-68,0,68,15,-60,0,98,15,-68,0,115,15,-82,0,122,15,-107,0,122,15,-124,0,129,15]"
CSI_DATA,123203,d8:b1:90:d9:de:f0,-37,9,-99,-36,39,104,-1558484620,108,0,106,0,"[-123,16,-75,0,-135,16,14,1,-115,16,60,1,-70,16,58,1,-42,16,31,1,-28,16,-5,0,-32,16,-47,0,-61,16,-89,0,-105,16,-136,0,134,16,111,0,98,16,70,0,90,16,50,0,112,16,32,0,0,0,0,0,-117,16,-30,16,-66,16,-99,16,-34,16,104,16,-16,16,23,16,-20,16,-37,15,-34,16,-54,15,-41,16,-37,15,-44,16,-14,15,-47,16,15,16,-24,16,39,16,-2,16,63,16,26,0,75,16,44,0]"
CSI_DATA,123204,d8:b1:90:d9:de:f0,-35,11,-99,-36,37,104,-1558308794,100,0,114,0,"[35,7,38,11,40,14,39,15,40,18,38,18,38,18,35,18,33,16,32,16,31,16,32,16,33,15,33,14,33,14,36,14,36,14,39,15,39,15,43,15,42,14,42,14,42,14,42,12,40,12,40,11,39,11,39,11,0,0,39,9,40,9,40,9,40,9,40,8,43,9,42,8,43,8,42,8,43,7,40,5,39,4,38,4,36,2,36,2,33,2,33,1,33,0,35,1,35,1,38,1,39,2,40,1,43,2,43,4,40,5,39,8,35,8]"
CSI_DATA,123205,d8:b1:90:d9:de:f0,-37,11,-99,-36,39,104,-1558276166,277,0,106,0,"[-46,0,59,0,41,1,47,0,78,1,3,0,71,1,-33,16,34,1,-57,16,-4,0,-70,16,-40,0,-57,16,-69,0,-17,16,-98,0,42,0,-122,0,105,0,-143,0,-139,0,126,0,-127,0,107,0,-136,0,0,0,0,0,25,0,124,0,-52,16,107,0,136,16,115,0,60,16,135,0,13,16,-114,0,-1,15,-85,0,19,16,-79,0,48,16,-89,0,69,16,-103,0,87,16,-126,0,96,16,125,0,95,16,97,0,103,16]"
CSI_DATA,123206,d8:b1:90:d9:de:f0,-37,9,-99,-34,38,104,-1558275721,98,0,106,0,"[49,17,-10,17,-43,16,30,0,-71,16,92,0,-51,16,142,0,2,17,-141,0,42,17,-148,0,73,17,127,0,96,17,86,0,101,17,22,0,92,17,-42,17,82,17,-87,17,84,17,-105,17,109,17,-96,17,0,0,0,0,-110,17,-99,17,-38,17,-128,17,34,0,105,17,87,0,42,17,105,0,-26,16,92,0,-55,16,61,0,-45,16,22,0,-17,16,10,0,14,17,14,0,40,17,30,0,73,17,66,0,90,17,83,0]"
CSI_DATA,123207,d8:b1:90:d9:de:f0,-38,11,-99,-35,40,104,-1557858367,277,0,106,0,"[-92,0,118,14,-43,0,63,14,-34,0,16,14,-64,0,-4,13,-94,0,2,14,-120,0,18,14,112,0,52,14,111,0,100,14,-120,0,-87,14,-95,0,-14,14,-70,0,35,0,-59,0,63,0,-60,0,71,0,0,0,0,0,122,0,78,0,61,0,97,0,-8,14,-102,0,-61,14,-40,0,-93,14,14,0,-98,14,45,0,-80,14,48,0,-65,14,33,0,-43,14,0,0,-35,14,-36,0,-54,14,-78,0,-90,14,-114,0,-122,14]"
CSI_DATA,123208,d8:b1:90:d9:de:f0,-38,9,-99,-34,39,104,-1557857913,113,0,106,0,"[85,15,130,0,38,15,-69,0,38,15,-10,0,73,15,10,1,111,15,12,1,-114,15,-12,0,-101,15,-49,0,-99,15,-95,0,-117,15,110,0,116,15,42,0,69,15,-1,15,45,15,-15,15,48,15,-14,15,0,0,0,0,113,15,-29,15,-98,15,-72,15,-48,15,122,15,-27,15,30,15,-38,15,-39,14,-59,15,-66,14,-92,15,-54,14,-117,15,-13,14,-115,15,26,15,-104,15,58,15,-64,15,86,15,-12,15,100,15,26,0]"
CSI_DATA,123209,d8:b1:90:d9:de:f0,-37,9,-99,-37,39,104,-1557857759,124,0,106,0,"[145,17,-109,0,109,17,-30,0,128,17,26,1,-127,17,39,1,-77,17,36,1,-61,17,3,1,-40,17,-31,0,-60,17,-69,0,-97,17,-130,0,144,17,117,0,99,17,85,0,72,17,66,0,78,17,54,0,0,0,0,0,121,17,33,0,-135,17,-39,17,-135,17,-125,17,-144,17,84,17,122,17,19,17,91,17,5,17,66,17,20,17,64,17,61,17,78,17,98,17,97,17,130,17,136,17,137,17,-108,17,127,17,-80,17]"
CSI_DATA,123210,d8:b1:90:d9:de:f0,-38,9,-99,-34,39,104,-1557857628,124,0,106,0,"[67,15,98,0,13,15,-118,0,5,15,-61,0,36,15,-26,0,79,15,-24,0,120,15,-30,0,-126,15,-61,0,-123,15,-101,0,133,15,110,0,109,15,50,0,77,15,4,0,57,15,-12,15,59,15,-10,15,0,0,0,0,114,15,-31,15,-110,15,-76,15,-76,15,121,15,-64,15,41,15,-83,15,-21,14,-117,15,-44,14,133,15,-28,14,117,15,1,15,114,15,46,15,134,15,76,15,-103,15,94,15,-64,15,99,15,-33,15]"
CSI_DATA,123211,d8:b1:90:d9:de:f0,-38,9,-99,-33,39,104,-1557857497,98,0,106,0,"[45,15,-18,15,-34,14,7,0,-67,14,59,0,-47,14,110,0,-14,14,-115,0,30,15,-107,0,68,15,-116,0,96,15,112,0,116,15,51,0,115,15,-11,15,100,15,-66,15,82,15,-85,15,84,15,-82,15,0,0,0,0,-121,15,-75,15,-60,15,-94,15,-7,15,111,15,31,0,33,15,30,0,-38,14,-1,15,-67,14,-33,15,-63,14,-72,15,-26,14,-89,15,9,15,-88,15,45,15,-66,15,76,15,-23,15,92,15,5,0]"
CSI_DATA,123212,d8:b1:90:d9:de:f0,-37,9,-99,-32,38,104,-1557648986,130,0,106,0,"[-66,0,-138,16,-23,0,86,16,-25,0,47,16,-48,0,37,16,-70,0,49,16,-93,0,70,16,-99,0,99,16,-104,0,-143,16,-107,0,-85,16,-118,0,-17,16,-131,0,43,0,135,0,90,0,114,0,120,0,0,0,0,0,42,0,-141,0,-21,16,-136,0,-105,16,-108,0,103,16,-84,0,50,16,-54,0,22,16,-39,0,30,16,-33,0,60,16,-44,0,83,16,-60,0,107,16,-80,0,124,16,-132,0,133,16,100,0,133,16]"
CSI_DATA,123213,d8:b1:90:d9:de:f0,-37,11,-99,-33,38,104,-1557440568,277,0,106,0,"[124,0,71,17,-137,0,-6,16,144,0,-57,16,116,0,-61,16,84,0,-38,16,75,0,-11,16,75,0,40,17,100,0,88,17,137,0,139,17,-113,0,-93,17,-83,0,-41,17,-72,0,-9,17,-91,0,9,0,0,0,0,0,133,0,69,0,79,0,114,0,20,0,-95,0,-25,17,-26,0,-50,17,39,1,-48,17,61,1,-43,17,50,1,-24,17,32,1,-24,17,-2,0,-36,17,-32,0,-51,17,-68,0,-81,17,-93,0,-101,17]"
CSI_DATA,123214,d8:b1:90:d9:de:f0,-38,9,-99,-35,39,104,-1557440105,98,0,106,0,"[66,16,-89,16,-25,15,-88,16,-69,15,-52,16,-70,15,-7,16,-39,15,25,0,-5,15,44,0,38,16,30,0,75,16,-3,16,113,16,-57,16,136,16,-116,16,-122,16,115,16,-111,16,102,16,-98,16,109,16,0,0,0,0,-23,16,-131,16,41,0,-106,16,137,0,-117,16,-58,0,138,16,-15,0,102,16,-8,0,73,16,-27,0,61,16,-59,0,63,16,-94,0,78,16,-114,0,109,16,-123,0,-129,16,-117,0,-95,16,-114,0]"
CSI_DATA,123215,d8:b1:90:d9:de:f0,-37,9,-99,-37,39,104,-1557439982,101,0,106,0,"[-127,17,-90,0,145,17,-5,0,-129,17,46,1,-91,17,51,1,-58,17,33,1,-30,17,-2,0,-34,17,-42,0,-57,17,-78,0,-109,17,-120,0,140,17,135,0,94,17,106,0,77,17,86,0,87,17,64,0,0,0,0,0,145,17,12,0,-135,17,-62,17,-133,17,-142,17,-139,17,68,17,130,17,12,17,108,17,0,17,97,17,19,17,100,17,49,17,108,17,86,17,135,17,100,17,-127,17,109,17,-90,17,110,17,-62,17]"
CSI_DATA,123216,d8:b1:90:d9:de:f0,-37,9,-99,-34,38,104,-1557396772,98,0,106,0,"[97,17,137,0,51,17,-87,0,67,17,-15,0,118,17,17,1,-127,17,21,1,-71,17,1,1,-46,17,-29,0,-43,17,-70,0,-77,17,-115,0,-120,17,-148,0,134,17,129,0,118,17,129,0,130,17,121,0,0,0,0,0,-136,17,78,0,-143,17,7,0,120,17,-66,17,53,17,-120,17,-15,16,-134,17,-54,16,-103,17,-57,16,-54,17,-36,16,-2,17,-1,16,35,0,35,17,43,0,71,17,38,0,97,17,15,0,114,17]"
CSI_DATA,123217,d8:b1:90:d9:de:f0,-40,11,-99,-34,41,104,-1557308885,100,0,228,0,"[-1,10,0,14,0,15,-1,19,-2,21,-4,21,-4,22,91,37,-6,21,-6,21,-6,20,-7,19,-7,18,-6,17,-6,16,-5,15,-4,15,-3,13,-1,13,0,11,2,10,-28,-25,6,9,7,8,9,8,10,7,10,7,10,6,0,0,10,5,10,3,10,1,10,0,10,-2,10,-5,-87,0,13,-10,14,-12,15,-14,16,-15,17,-15,17,-15,18,-14,18,-13,18,-12,17,-10,17,-10,16,-10,16,-8,-33,0,14,-7,11,-7,10,-7,7,-8,6,-8,5,-8,5,-8,-8,0,-7,7,0,11,8,8,12,0,7,-9,-1,-10,-14,16,-9,3,-2,10,5,8,10,0,6,-10,-3,-13,-14,-7,-17,5,-9,18,7,21,22,10,25,-8,13,-24,-3,-16,-23,-13,-25,5,-13,20,4,21,15,10,16,-4,0,0,-4,-12,-11,-3,-9,6,0,10,10,5,11,-4,15,-20,-6,-11,-13,-2,-10,7,0,11,7,7,9,0,4,-6,-3,-5,-6,0,-3,7,5,9,12,2,12,-9,18,-26,-10,-18,-23,-6,-23,10,-11,24,6,26,20,15,21,0]"
CSI_DATA,123218,d8:b1:90:d9:de:f0,-37,11,-99,-35,39,104,-1557022769,277,0,106,0,"[-103,0,-138,0,-22,0,-93,0,37,1,-107,0,43,1,136,0,26,1,104,0,-14,0,85,0,-59,0,81,0,-112,0,99,0,97,0,-133,0,42,0,-90,0,1,0,-59,0,-23,16,-58,0,-35,16,-85,0,0,0,0,0,-68,16,121,0,-115,16,49,0,98,16,-14,16,30,16,-70,16,-23,15,-98,16,-45,15,-111,16,-40,15,-93,16,-17,15,-82,16,9,16,-75,16,40,16,-76,16,80,16,-90,16,116,16,-121,16,-136,16]"
CSI_DATA,123219,d8:b1:90:d9:de:f0,-38,9,-99,-36,40,104,-1557022288,108,0,106,0,"[19,0,-49,0,63,0,30,1,-125,0,51,1,-89,0,18,1,-73,0,-26,0,-89,0,-74,0,-119,0,-107,0,81,0,-121,0,13,0,-113,0,-53,15,-99,0,-87,15,-81,0,-99,15,-73,0,-91,15,-93,0,0,0,0,0,-84,15,80,0,-101,15,12,0,115,15,-64,15,56,15,-117,15,2,15,110,15,-28,14,115,15,-29,14,-116,15,-8,14,-87,15,23,15,-68,15,50,15,-58,15,87,15,-74,15,119,15,-100,15,-116,15]"
CSI_DATA,123220,d8:b1:90:d9:de:f0,-37,9,-99,-37,39,104,-1556995686,124,0,106,0,"[-64,0,-13,17,28,1,-34,17,76,1,-83,17,58,1,-122,17,25,1,-140,17,-27,0,-128,17,-63,0,-102,17,-97,0,-42,17,-129,0,41,0,144,0,124,0,131,0,-102,0,118,0,-84,0,103,0,-98,0,0,0,0,0,43,0,-140,0,-46,17,108,0,144,17,101,0,41,17,93,0,-18,16,103,0,-47,16,120,0,-39,16,132,0,-2,16,132,0,30,17,118,0,57,17,87,0,84,17,41,0,92,17,-11,17,98,17]"
CSI_DATA,123221,d8:b1:90:d9:de:f0,-37,9,-99,-38,39,104,-1556962069,124,0,106,0,"[48,0,70,17,58,0,-28,16,22,0,-84,16,-26,17,-85,16,-58,17,-58,16,-76,17,-5,16,-67,17,40,17,-27,17,85,17,46,0,141,17,128,0,-133,17,-104,0,-109,17,-74,0,-105,17,-86,0,-97,17,0,0,0,0,-131,0,-58,17,125,0,32,0,125,0,130,0,134,0,-68,0,-141,0,-7,0,-112,0,20,1,-92,0,0,1,-95,0,-38,0,-105,0,-79,0,-142,0,-105,0,109,0,-118,0,51,0,-109,0,16,0]"
CSI_DATA,123222,d8:b1:90:d9:de:f0,-37,9,-99,-37,39,104,-1556813380,130,0,106,0,"[-8,17,26,17,-58,17,-43,16,-124,17,-54,16,135,17,-20,16,125,17,20,17,122,17,56,17,133,17,81,17,-130,17,92,17,-90,17,92,17,-40,17,92,17,5,0,103,17,33,0,106,17,53,0,124,17,0,0,0,0,90,0,-121,17,130,0,-79,17,-99,0,-47,17,-31,0,-27,17,20,1,-34,17,46,1,-54,17,31,1,-78,17,9,1,-98,17,-16,0,-112,17,-55,0,-116,17,-72,0,-100,17,-101,0,-83,17,-127,0]"
CSI_DATA,123223,d8:b1:90:d9:de:f0,-38,9,-99,-35,39,104,-1556813245,98,0,106,0,"[37,16,78,0,-16,15,-137,0,-3,15,-76,0,35,16,-47,0,76,16,-45,0,118,16,-52,0,135,16,-71,0,138,16,-99,0,129,16,-139,0,115,16,99,0,104,16,62,0,103,16,33,0,113,16,17,0,0,0,0,0,136,16,-37,16,-121,16,-86,16,-110,16,124,16,-124,16,64,16,125,16,17,16,97,16,13,16,83,16,31,16,70,16,64,16,71,16,98,16,79,16,121,16,97,16,135,16,125,16,-127,16,-123,16]"
CSI_DATA,123224,d8:b1:90:d9:de:f0,-35,11,-99,-34,36,104,-1556308891,100,0,114,0,"[-35,-8,-38,-11,-40,-16,-40,-19,-40,-22,-38,-22,-34,-23,-32,-23,-31,-23,-28,-23,-28,-23,-26,-23,-28,-23,-28,-25,-28,-25,-29,-26,-31,-28,-31,-29,-32,-31,-34,-31,-32,-32,-32,-34,-32,-34,-32,-34,-29,-34,-29,-34,-28,-34,-28,-32,0,0,-28,-32,-26,-34,-26,-34,-26,-35,-25,-37,-25,-37,-25,-37,-25,-40,-25,-38,-25,-37,-25,-35,-22,-35,-20,-34,-19,-32,-19,-32,-19,-32,-17,-31,-17,-31,-17,-32,-17,-35,-17,-37,-17,-40,-17,-41,-14,-41,-11,-43,-10,-43,-7,-41,-4,-38]"
CSI_DATA,123225,d8:b1:90:d9:de:f0,-39,9,-99,-35,40,104,-1556186681,252,0,106,0,"[-53,0,-98,14,3,0,106,14,16,0,63,14,-4,0,42,14,-39,0,36,14,-78,0,56,14,-103,0,93,14,-114,0,-103,14,-115,0,-24,14,-104,0,52,0,-92,0,105,0,-83,0,-124,0,-87,0,-120,0,0,0,0,0,84,0,117,0,19,0,113,0,-61,14,-106,0,-124,14,-62,0,79,14,-24,0,67,14,-4,0,77,14,3,0,99,14,-17,0,122,14,-42,0,-112,14,-77,0,-117,14,-117,0,113,14,84,0,90,14]"
CSI_DATA,123226,d8:b1:90:d9:de:f0,-37,11,-99,-36,39,104,-1555978272,277,0,106,0,"[74,16,106,0,12,16,-108,0,14,16,-57,0,48,16,-25,0,80,16,-21,0,118,16,-40,0,140,16,-70,0,-139,16,-108,0,-135,16,104,0,135,16,39,0,127,16,-14,16,116,16,-50,16,126,16,-68,16,0,0,0,0,-99,16,-102,16,-42,16,-126,16,24,0,106,16,68,0,37,16,92,0,-30,15,93,0,-58,15,52,0,-66,15,26,0,-31,15,10,0,-10,15,-12,16,32,16,7,0,76,16,41,0,124,16,77,0]"
CSI_DATA,123227,d8:b1:90:d9:de:f0,-37,9,-99,-32,38,104,-1555977818,130,0,106,0,"[-51,0,-48,16,15,1,-96,16,33,1,133,16,10,1,90,16,-31,0,83,16,-68,0,80,16,-97,0,109,16,-118,0,140,16,-117,0,-88,16,-115,0,-28,16,-107,0,25,0,-105,0,59,0,-113,0,76,0,0,0,0,0,120,0,103,0,74,0,131,0,28,0,-89,0,-4,16,-19,0,-14,16,41,1,-7,16,74,1,30,0,61,1,57,0,38,1,80,0,3,1,80,0,-40,0,62,0,-81,0,16,0,-107,0,-23,16]"
CSI_DATA,123228,d8:b1:90:d9:de:f0,-37,9,-99,-35,38,104,-1555977656,113,0,106,0,"[80,0,-61,0,141,0,9,1,-99,0,19,1,-66,0,-14,0,-53,0,-62,0,-61,0,-114,0,-79,0,-140,0,-119,0,-152,0,130,0,-141,0,67,0,-123,0,11,0,-107,0,-23,18,-97,0,-31,18,-111,0,0,0,0,0,-63,18,-150,0,-117,18,113,0,113,18,83,0,33,18,70,0,-30,17,85,0,-63,17,114,0,-45,17,154,0,-7,17,-144,0,39,18,-129,0,86,18,-139,0,114,18,136,0,135,18,85,0,134,18]"
CSI_DATA,123229,d8:b1:90:d9:de:f0,-36,9,-99,-35,37,104,-1555937966,98,0,106,0,"[-109,0,152,0,-26,0,166,0,23,1,124,0,30,1,78,0,13,1,38,0,-17,0,0,0,-49,0,1,0,-76,0,19,0,-105,0,65,0,-124,0,131,0,-134,0,-175,0,-142,0,-167,0,-161,0,172,0,0,0,0,0,131,0,152,0,57,0,160,0,-27,20,-130,0,-78,20,-56,0,-89,20,8,1,-72,20,49,1,-37,20,52,1,12,0,27,1,35,0,-2,0,39,0,-31,0,26,0,-53,0,13,0,-68,0,5,0]"
CSI_DATA,123230,d8:b1:90:d9:de:f0,-37,9,-99,-34,38,104,-1555768918,108,0,106,0,"[144,17,110,17,61,17,80,17,-1,16,108,17,-20,16,-146,17,-5,16,-98,17,10,17,-53,17,34,17,-47,17,60,17,-51,17,90,17,-77,17,118,17,-111,17,147,17,-140,17,-137,17,-150,17,-117,17,-147,17,0,0,0,0,-55,17,-142,17,-3,17,-146,17,67,0,118,17,121,0,67,17,141,0,4,17,128,0,-32,16,89,0,-33,16,42,0,-28,16,5,0,-7,16,-10,17,20,17,-14,17,53,17,-5,17,82,17,10,0]"
CSI_DATA,123231,d8:b1:90:d9:de:f0,-37,9,-99,-35,39,104,-1555768764,98,0,106,0,"[80,16,133,0,26,16,-83,0,27,16,-38,0,49,16,-30,0,77,16,-34,0,100,16,-58,0,102,16,-89,0,101,16,-130,0,98,16,88,0,86,16,27,0,82,16,-23,16,91,16,-61,16,112,16,-76,16,0,0,0,0,-95,16,-112,16,-29,16,-127,16,50,0,107,16,118,0,59,16,-117,0,10,16,-101,0,-15,15,-113,0,-20,15,138,0,-6,15,122,0,16,16,111,0,34,16,115,0,77,16,128,0,121,16,-136,0]"
CSI_DATA,123232,d8:b1:90:d9:de:f0,-37,9,-99,-34,38,104,-1555768642,98,0,106,0,"[64,0,-59,0,109,0,11,1,-141,0,24,1,-122,0,8,1,-117,0,-24,0,-128,0,-58,0,147,0,-80,0,105,0,-84,0,40,0,-86,0,-22,17,-93,0,-77,17,-108,0,-109,17,-123,0,-118,17,-149,0,0,0,0,0,-122,17,74,0,-134,17,-1,17,137,17,-85,17,93,17,135,17,55,17,80,17,22,17,64,17,9,17,78,17,20,17,104,17,36,17,130,17,65,17,-149,17,105,17,-146,17,-146,17,149,17,-108,17]"
CSI_DATA,123233,d8:b1:90:d9:de:f0,-37,9,-99,-35,38,104,-1555559992,113,0,106,0,"[59,18,-18,18,-24,17,4,0,-53,17,50,0,-47,17,89,0,-9,17,105,0,11,18,102,0,42,18,81,0,55,18,58,0,66,18,8,0,83,18,-45,18,117,18,-89,18,151,18,-118,18,-130,18,-133,18,0,0,0,0,-70,18,-154,18,-11,18,146,18,57,0,107,18,123,0,70,18,-150,0,41,18,-123,0,12,18,-140,0,-4,17,150,0,-7,17,119,0,3,18,89,0,35,18,77,0,70,18,90,0,114,18,101,0]"
CSI_DATA,123234,d8:b1:90:d9:de:f0,-37,11,-99,-37,39,104,-1555351573,277,0,106,0,"[101,17,139,0,51,17,-76,0,55,17,-12,0,100,17,24,1,-147,17,27,1,-103,17,11,1,-75,17,-30,0,-71,17,-79,0,-99,17,-138,0,-147,17,95,0,101,17,58,0,83,17,42,0,84,17,49,0,0,0,0,0,140,17,4,0,-98,17,-46,17,-77,17,-147,17,-83,17,49,17,-120,17,-10,16,136,17,-32,16,101,17,-8,16,84,17,33,17,92,17,85,17,120,17,116,17,-128,17,137,17,-85,17,117,17,-63,17]"
CSI_DATA,123235,d8:b1:90:d9:de:f0,-37,9,-99,-34,38,104,-1555351092,101,0,106,0,"[71,17,39,0,-16,16,84,0,-43,16,-148,0,-13,16,-91,0,33,17,-61,0,83,17,-54,0,129,17,-78,0,142,17,-116,0,131,17,122,0,106,17,65,0,79,17,21,0,60,17,7,0,72,17,4,0,0,0,0,0,128,17,-10,17,-129,17,-62,17,-104,17,-144,17,-111,17,70,17,149,17,0,17,112,17,-10,16,80,17,20,17,68,17,58,17,70,17,108,17,93,17,147,17,134,17,-150,17,-134,17,135,17,-122,17]"
CSI_DATA,123236,d8:b1:90:d9:de:f0,-37,9,-99,-35,39,104,-1555350952,224,0,106,0,"[124,16,114,16,42,16,76,16,-27,15,98,16,-56,15,-126,16,-50,15,-61,16,-22,15,-25,16,8,16,2,0,52,16,-7,16,99,16,-47,16,126,16,-103,16,136,16,133,16,134,16,111,16,135,16,116,16,0,0,0,0,-94,16,-127,16,-35,16,-127,16,37,0,113,16,91,0,55,16,107,0,-15,15,86,0,-55,15,42,0,-56,15,0,0,-30,15,-30,16,3,16,-42,16,37,16,-22,16,70,16,15,0,79,16,31,0]"
CSI_DATA,123237,d8:b1:90:d9:de:f0,-38,9,-99,-34,39,104,-1555350753,120,0,106,0,"[-59,15,-67,0,-75,15,10,1,-59,15,58,1,-34,15,61,1,-8,15,44,1,5,0,14,1,3,0,-21,0,-26,15,-59,0,-73,15,-106,0,-124,15,120,0,90,15,80,0,69,15,60,0,72,15,43,0,0,0,0,0,123,15,2,0,-104,15,-58,15,-75,15,131,15,-57,15,44,15,-59,15,-21,14,-68,15,-47,14,-82,15,-36,14,-92,15,-8,14,-88,15,24,15,-62,15,49,15,-28,15,73,15,20,0,85,15,52,0]"
CSI_DATA,123238,d8:b1:90:d9:de:f0,-37,9,-99,-35,39,104,-1555350622,120,0,106,0,"[122,16,-116,0,68,16,-47,0,64,16,3,1,93,16,18,1,127,16,21,1,-127,16,-4,0,-111,16,-38,0,-118,16,-82,0,-139,16,129,0,104,16,59,0,75,16,4,0,58,16,-20,16,62,16,-28,16,0,0,0,0,126,16,-61,16,-83,16,-98,16,-21,16,113,16,25,0,34,16,42,0,-34,15,32,0,-65,15,19,0,-63,15,0,0,-35,15,-8,16,1,16,-2,16,37,16,27,0,69,16,73,0,93,16,104,0]"
CSI_DATA,123239,d8:b1:90:d9:de:f0,-40,11,-99,-34,41,104,-1555309186,100,0,228,0,"[1,9,3,11,4,14,5,17,5,21,3,22,2,23,91,37,-1,23,-2,22,-4,21,-5,20,-5,19,-5,17,-5,15,-4,15,-3,14,0,13,0,12,2,12,5,11,-28,-25,8,10,10,10,10,11,10,11,10,10,9,10,0,0,8,9,7,6,7,5,8,2,8,0,9,-2,-106,0,13,-7,15,-9,18,-9,20,-9,21,-8,21,-8,21,-6,21,-5,20,-4,19,-3,18,-2,17,-2,15,-1,-35,0,13,-2,13,-3,12,-5,11,-5,11,-6,11,-6,10,-5,-10,3,-5,11,4,13,11,6,14,-2,7,-10,-1,-12,-9,18,-9,3,-2,8,5,5,9,-1,5,-10,-5,-11,-15,-5,-15,7,-6,19,9,21,22,10,26,-9,12,-24,0,-15,-22,-14,-24,4,-13,18,2,21,14,10,15,-2,0,0,-4,-11,-11,-3,-9,7,0,13,10,9,15,-2,21,-18,-3,-15,-13,-9,-15,2,-8,10,1,10,7,4,5,-1,0,-4,-4,0,-4,5,2,8,10,5,14,-3,24,-16,-2,-20,-16,-15,-25,-1,-20,14,-6,23,8,21,17,10]"
CSI_DATA,123240,d8:b1:90:d9:de:f0,-36,9,-99,-36,38,104,-1555299367,98,0,106,0,"[69,18,49,0,-22,17,84,0,-55,17,134,0,-32,17,-154,0,3,18,-143,0,44,18,-154,0,71,18,138,0,91,18,84,0,109,18,2,0,118,18,-80,18,122,18,-147,18,123,18,143,18,147,18,146,18,0,0,0,0,-105,18,-154,18,-18,18,-138,18,84,0,-152,18,-135,0,140,18,-62,0,98,18,-40,0,71,18,-51,0,55,18,-88,0,64,18,-118,0,85,18,-137,0,112,18,-139,0,-157,18,-120,0,-96,18,-104,0]"
CSI_DATA,123241,d8:b1:90:d9:de:f0,-36,9,-99,-37,38,104,-1555275910,130,0,106,0,"[-156,0,132,19,-115,0,41,19,-136,0,-22,18,146,0,-38,18,89,0,-32,18,63,0,11,19,55,0,47,19,76,0,93,19,125,0,151,19,-141,0,-141,19,-85,0,-120,19,-62,0,-112,19,-79,0,-104,19,0,0,0,0,-142,0,-71,19,161,0,14,0,-165,0,101,0,-139,0,-137,0,-94,0,-75,0,-57,0,-57,0,-37,0,-85,0,-41,0,-130,0,-60,0,-164,0,-81,0,143,0,-124,0,146,0,159,0,-163,0,149,0]"
CSI_DATA,123242,d8:b1:90:d9:de:f0,-37,11,-99,-37,39,104,-1554724875,277,0,106,0,"[-114,0,125,17,-64,0,25,17,-77,0,-41,16,-120,0,-54,16,125,0,-38,16,93,0,2,17,83,0,48,17,98,0,118,17,138,0,-98,17,-115,0,-24,17,-81,0,21,0,-66,0,40,0,-90,0,43,0,0,0,0,0,100,0,66,0,17,0,97,0,-77,17,-129,0,-138,17,-54,0,123,17,3,1,129,17,36,1,-147,17,24,1,-123,17,-4,0,-101,17,-43,0,-99,17,-88,0,-118,17,-140,0,145,17,118,0,124,17]"
CSI_DATA,123243,d8:b1:90:d9:de:f0,-38,9,-99,-34,39,104,-1554724385,98,0,106,0,"[-124,0,-97,0,-31,0,-54,0,42,1,-76,0,52,1,-132,0,46,1,85,0,5,1,56,0,-38,0,39,0,-94,0,59,0,113,0,98,0,60,0,-123,0,29,0,-82,0,23,0,-64,0,21,0,-78,0,0,0,0,0,-19,15,105,0,-78,15,48,0,104,15,6,0,19,15,-12,15,-47,14,2,0,-68,14,27,0,-51,14,49,0,-10,14,68,0,32,15,65,0,64,15,54,0,86,15,18,0,101,15,-24,15,101,15]"
CSI_DATA,123244,d8:b1:90:d9:de:f0,-37,9,-99,-35,38,104,-1554515522,98,0,106,0,"[114,0,-144,0,-90,0,-77,0,0,1,-92,0,33,1,-156,0,39,1,97,0,6,1,58,0,-34,0,44,0,-72,0,59,0,-112,0,114,0,-130,0,-139,0,-135,0,-105,0,-135,0,-102,0,-150,0,-140,0,0,0,0,0,90,0,102,0,-7,18,70,0,-119,18,96,0,101,18,141,0,46,18,-106,0,46,18,-64,0,79,18,-41,0,114,18,-47,0,146,18,-62,0,-148,18,-78,0,-156,18,-102,0,128,18,-124,0,128,18]"
CSI_DATA,123245,d8:b1:90:d9:de:f0,-35,11,-99,-38,37,104,-1554308873,100,0,114,0,"[0,-37,2,-40,4,-41,7,-43,8,-46,10,-43,13,-43,11,-41,10,-38,10,-38,10,-35,8,-37,8,-37,7,-35,8,-38,5,-38,7,-40,7,-44,7,-44,7,-44,7,-46,5,-49,5,-46,5,-46,5,-46,5,-47,2,-43,4,-44,0,0,2,-43,2,-43,2,-43,2,-44,1,-46,2,-47,1,-46,1,-46,0,-43,-1,-43,-1,-43,-1,-41,-2,-40,-2,-37,-2,-37,-1,-34,-1,-34,-2,-35,-2,-35,-2,-38,-2,-38,-2,-40,-4,-40,-1,-44,-1,-43,1,-43,2,-41,4,-35]"
CSI_DATA,123246,d8:b1:90:d9:de:f0,-37,11,-99,-38,39,104,-1554307076,277,0,106,0,"[116,17,149,0,65,17,-51,0,101,17,32,1,-134,17,59,1,-62,17,47,1,-28,17,9,1,-2,17,-33,0,-20,17,-82,0,-73,17,-128,0,-134,17,-152,0,125,17,149,0,115,17,148,0,135,17,136,0,0,0,0,0,-116,17,79,0,-109,17,-5,17,-150,17,-99,17,95,17,139,17,28,17,104,17,-13,16,117,17,-22,16,-141,17,-1,16,-101,17,26,17,-66,17,52,17,-51,17,80,17,-65,17,97,17,-102,17,98,17]"
CSI_DATA,123247,d8:b1:90:d9:de:f0,-38,9,-99,-36,39,104,-1554306595,130,0,106,0,"[130,16,-124,0,89,16,-28,0,104,16,39,1,-134,16,54,1,-83,16,42,1,-53,16,3,1,-41,16,-49,0,-62,16,-109,0,-111,16,114,0,120,16,61,0,70,16,28,0,56,16,21,0,72,16,24,0,0,0,0,0,-120,16,-17,16,-51,16,-68,16,2,0,126,16,34,0,35,16,29,0,-35,15,11,0,-61,15,-8,16,-49,15,-22,16,-20,15,-31,16,24,16,-7,16,59,16,29,0,90,16,76,0,99,16,102,0]"
CSI_DATA,123248,d8:b1:90:d9:de:f0,-37,11,-99,-34,38,104,-1553889277,277,0,106,0,"[130,0,-21,0,-79,0,11,1,-8,0,-21,0,9,1,-84,0,-2,0,-143,0,-34,0,109,0,-84,0,87,0,-134,0,91,0,114,0,120,0,62,0,148,0,27,0,-123,0,2,0,-116,0,-10,17,-123,0,0,0,0,0,-77,17,-147,0,-128,17,141,0,103,17,-152,0,46,17,-131,0,13,17,-96,0,23,17,-74,0,61,17,-68,0,101,17,-79,0,140,17,-93,0,-143,17,-118,0,-135,17,149,0,-139,17,111,0,-140,17]"
CSI_DATA,123249,d8:b1:90:d9:de:f0,-36,9,-99,-36,38,104,-1553888778,98,0,106,0,"[57,18,-125,0,20,18,-41,0,36,18,7,1,90,18,16,1,135,18,-10,0,-157,18,-54,0,-139,18,-112,0,-152,18,153,0,156,18,76,0,133,18,1,0,130,18,-59,18,140,18,-94,18,-153,18,-113,18,0,0,0,0,-74,18,-161,18,-2,18,123,18,54,0,61,18,109,0,1,18,130,0,-37,17,138,0,-40,17,124,0,-21,17,112,0,8,18,98,0,47,18,94,0,94,18,110,0,139,18,138,0,-137,18,149,0]"
CSI_DATA,123250,d8:b1:90:d9:de:f0,-37,9,-99,-37,39,104,-1553888664,98,0,106,0,"[11,1,35,0,93,1,6,0,110,1,-49,17,75,1,-84,17,25,1,-101,17,-25,0,-100,17,-66,0,-75,17,-103,0,-21,17,-137,0,43,0,131,0,106,0,99,0,-143,0,77,0,-127,0,46,0,-128,0,0,0,0,0,-39,17,-129,0,-113,17,-143,0,99,17,-128,0,40,17,-113,0,4,17,-95,0,1,17,-87,0,17,17,-99,0,54,17,-116,0,83,17,-135,0,106,17,128,0,117,17,88,0,122,17,47,0,132,17]"
CSI_DATA,123251,d8:b1:90:d9:de:f0,-36,9,-99,-36,38,104,-1553888550,98,0,106,0,"[100,18,74,18,10,18,42,18,-46,17,75,18,-41,17,127,18,-13,17,-138,18,32,18,-103,18,79,18,-95,18,148,18,-115,18,-108,18,-143,18,-41,18,143,18,15,0,123,18,45,0,118,18,62,0,140,18,0,0,0,0,135,0,-119,18,-132,0,-66,18,-51,0,-28,18,13,1,-6,18,57,1,0,0,67,1,-8,18,41,1,-11,18,3,1,-22,18,-40,0,-22,18,-70,0,-7,18,-104,0,21,0,-138,0,54,0,158,0]"
CSI_DATA,123252,d8:b1:90:d9:de:f0,-38,9,-99,-36,39,104,-1553679924,113,0,106,0,"[72,16,-69,16,-24,15,-68,16,-70,15,-23,16,-67,15,22,0,-41,15,66,0,8,16,89,0,38,16,81,0,69,16,44,0,99,16,-10,16,106,16,-68,16,104,16,-118,16,103,16,-126,16,117,16,-104,16,0,0,0,0,-87,16,-80,16,-5,16,-83,16,81,0,-124,16,-136,0,105,16,-113,0,37,16,-124,0,1,16,134,0,-8,15,97,0,12,16,74,0,28,16,69,0,46,16,75,0,67,16,85,0,89,16,87,0]"
CSI_DATA,123253,d8:b1:90:d9:de:f0,-39,9,-99,-36,40,104,-1553679815,133,0,106,0,"[-122,15,88,15,63,15,44,15,4,15,51,15,-20,14,92,15,-23,14,-116,15,3,15,-74,15,30,15,-57,15,74,15,-68,15,122,15,-98,15,-103,15,117,15,-84,15,78,15,-79,15,76,15,-80,15,98,15,0,0,0,0,-31,15,-96,15,38,0,-60,15,121,0,-58,15,-55,0,-78,15,-6,0,-118,15,0,1,99,15,-21,0,78,15,-59,0,77,15,-87,0,80,15,-102,0,92,15,-110,0,111,15,-109,0,-123,15,-113,0]"
CSI_DATA,123254,d8:b1:90:d9:de:f0,-39,9,-99,-34,40,104,-1553679662,113,0,106,0,"[-59,14,57,14,-115,14,-2,13,63,14,-9,13,25,14,24,14,13,14,68,14,30,14,110,14,53,14,-107,14,84,14,-101,14,-103,14,-120,14,-69,14,92,14,-43,14,64,14,-38,14,59,14,-41,14,80,14,0,0,0,0,-13,14,-94,14,43,0,-51,14,-119,0,-40,14,-44,0,-48,14,5,0,-79,14,18,0,-114,14,-4,0,98,14,-38,0,89,14,-69,0,86,14,-88,0,98,14,-94,0,113,14,-94,0,-110,14,-101,0]"
CSI_DATA,123255,d8:b1:90:d9:de:f0,-38,9,-99,-36,40,104,-1553679526,133,0,106,0,"[-87,0,125,0,-20,0,-88,0,28,1,-93,0,33,1,-119,0,20,1,115,0,-11,0,101,0,-47,0,94,0,-98,0,105,0,96,0,-119,0,41,0,-89,0,-5,15,-62,0,-30,15,-64,0,-37,15,-84,0,0,0,0,0,-45,15,90,0,-73,15,7,0,-118,15,-66,15,88,15,123,15,40,15,81,15,22,15,71,15,21,15,85,15,36,15,100,15,57,15,113,15,85,15,116,15,116,15,109,15,-109,15,95,15,-82,15]"
CSI_DATA,123256,d8:b1:90:d9:de:f0,-36,9,-99,-37,38,104,-1553638504,130,0,106,0,"[145,19,146,0,76,19,-93,0,69,19,-22,0,104,19,3,1,145,19,-5,0,-150,19,-37,0,-145,19,-85,0,-159,19,-141,0,134,19,115,0,98,19,45,0,67,19,-18,19,53,19,-37,19,71,19,-44,19,0,0,0,0,-152,19,-54,19,-57,19,-91,19,29,0,-160,19,106,0,82,19,143,0,5,19,146,0,-36,18,126,0,-36,18,102,0,-18,18,88,0,20,19,95,0,60,19,121,0,93,19,158,0,123,19,-159,0]"
CSI_DATA,123257,d8:b1:90:d9:de:f0,-37,9,-99,-34,38,104,-1553638207,113,0,106,0,"[149,17,-141,0,99,17,-47,0,112,17,21,1,-148,17,43,1,-108,17,26,1,-78,17,-4,0,-77,17,-42,0,-95,17,-93,0,-144,17,-148,0,108,17,103,0,61,17,70,0,46,17,52,0,65,17,48,0,0,0,0,0,150,17,9,0,-92,17,-52,17,-38,17,-147,17,-16,17,53,17,-22,17,-30,16,-38,17,-60,16,-60,17,-48,16,-83,17,-19,16,-80,17,10,17,-67,17,35,17,-29,17,51,17,8,0,58,17,26,0]"
CSI_DATA,123258,d8:b1:90:d9:de:f0,-39,9,-99,-34,40,104,-1553471024,101,0,106,0,"[-72,14,-45,0,-57,14,30,0,-1,14,69,0,53,0,56,0,90,0,15,0,104,0,-26,0,96,0,-65,0,70,0,-86,0,13,0,-86,0,-36,14,-72,0,-61,14,-51,0,-68,14,-45,0,-54,14,-51,0,0,0,0,0,-39,14,-97,0,-73,14,99,0,111,14,74,0,48,14,70,0,2,14,90,0,-11,13,117,0,12,14,-94,0,41,14,-88,0,70,14,-86,0,92,14,-95,0,95,14,-114,0,86,14,117,0,92,14]"
CSI_DATA,123259,d8:b1:90:d9:de:f0,-41,11,-99,-34,42,104,-1553308867,100,0,228,0,"[8,-5,11,-6,14,-8,17,-7,20,-7,20,-5,22,-2,81,33,20,0,20,1,17,2,17,2,14,2,13,2,12,2,11,1,10,0,9,-2,8,-4,8,-5,8,-6,-25,-22,8,-8,8,-9,8,-8,8,-8,8,-7,5,-7,0,0,2,-6,1,-6,0,-6,-2,-8,-5,-8,-7,-10,-76,11,-10,-14,-11,-16,-10,-17,-9,-18,-9,-18,-8,-19,-7,-18,-6,-17,-5,-16,-5,-16,-4,-14,-4,-14,-4,-14,-43,11,-5,-12,-5,-12,-5,-11,-5,-11,-5,-11,-5,-10,-4,-8,5,7,10,2,10,-5,4,-11,-4,-10,-8,-3,-8,2,19,5,4,4,6,-1,2,-7,-5,-8,-11,-1,-11,8,-2,15,10,14,19,4,19,-11,7,-21,-9,-22,-21,-9,-12,0,-10,18,5,19,15,8,14,-4,5,-12,-5,-11,0,0,-8,6,0,11,8,7,12,-1,7,-10,-2,-12,-19,-19,-11,2,-5,9,2,9,7,2,5,-3,0,-5,-5,-1,-3,4,1,7,8,4,10,-3,5,-11,-4,-15,-19,-23,-20,2,-14,17,0,23,14,17,21,4,18,-9,7,-16]"
CSI_DATA,123260,d8:b1:90:d9:de:f0,-36,11,-99,-36,37,104,-1553262579,277,0,106,0,"[-135,0,131,0,0,1,142,0,83,1,87,0,87,1,18,0,59,1,-45,21,-5,0,-70,21,-55,0,-69,21,-105,0,-22,21,-152,0,62,0,-172,0,145,0,-173,0,-148,0,-161,0,-135,0,-176,0,-168,0,0,0,0,0,70,0,114,0,-38,21,90,0,-179,21,104,0,66,21,162,0,-5,19,-117,0,1,21,-62,0,46,21,-45,0,110,21,-57,0,151,21,-90,0,169,21,-125,0,163,21,176,0,138,21,124,0,115,21]"
CSI_DATA,123261,d8:b1:90:d9:de:f0,-36,9,-99,-33,37,104,-1553262107,98,0,106,0,"[-165,0,156,19,-111,0,50,19,-103,0,-24,18,-155,0,-50,18,139,0,-29,18,133,0,7,19,123,0,64,19,139,0,133,19,-149,0,-111,19,-99,0,-23,19,-71,0,33,0,-63,0,67,0,-91,0,73,0,0,0,0,0,107,0,71,0,-7,19,93,0,-130,19,150,0,91,19,-114,0,32,19,-58,0,9,19,-31,0,36,19,-34,0,60,19,-60,0,95,19,-99,0,117,19,-142,0,114,19,117,0,89,19,38,0,81,19]"
CSI_DATA,123262,d8:b1:90:d9:de:f0,-37,9,-99,-35,38,104,-1553215403,113,0,106,0,"[134,18,139,0,67,18,-116,0,53,18,-59,0,78,18,-34,0,112,18,-22,0,145,18,-41,0,-150,18,-64,0,-150,18,-97,0,133,18,152,0,94,18,96,0,57,18,56,0,34,18,34,0,57,18,31,0,0,0,0,0,108,18,22,0,-143,18,-35,18,-106,18,-119,18,-80,18,99,18,-88,18,20,18,-111,18,-18,17,-138,18,-17,17,-154,18,6,18,150,18,31,18,146,18,52,18,-141,18,66,18,-113,18,74,18,-94,18]"
CSI_DATA,123263,d8:b1:90:d9:de:f0,-37,11,-99,-35,38,104,-1552844780,277,0,106,0,"[149,18,111,18,66,18,50,18,-11,17,52,18,-50,17,97,18,-45,17,152,18,-18,17,-112,18,33,18,-75,18,106,18,-69,18,-114,18,-100,18,-29,18,-149,18,29,0,113,18,56,0,73,18,53,0,73,18,0,0,0,0,64,0,-152,18,108,0,-84,18,-114,0,-14,18,-15,0,18,0,70,1,18,0,102,1,-8,18,79,1,-51,18,30,1,-78,18,-25,0,-90,18,-92,0,-78,18,-149,0,-26,18,133,0,42,0,127,0]"
CSI_DATA,123264,d8:b1:90:d9:de:f0,-37,9,-99,-36,38,104,-1552844326,108,0,106,0,"[-61,0,-12,18,47,1,-21,18,101,1,-52,18,95,1,-88,18,64,1,-108,18,11,1,-103,18,-41,0,-89,18,-104,0,-42,18,135,0,41,0,66,0,125,0,16,0,-119,0,-6,18,-75,0,-18,18,-71,0,0,0,0,0,-55,18,147,0,-112,18,56,0,123,18,-26,18,27,18,-100,18,-47,17,-139,18,-86,17,-139,18,-74,17,-119,18,-25,17,-86,18,27,18,-59,18,98,18,-59,18,-146,18,-75,18,-56,18,-115,18,-6,18]"
CSI_DATA,123265,d8:b1:90:d9:de:f0,-36,9,-99,-33,37,104,-1552844172,98,0,106,0,"[159,0,-112,0,-94,0,-40,0,-6,0,-50,0,46,1,-99,0,47,1,161,0,22,1,104,0,-24,0,60,0,-89,0,53,0,149,0,103,0,75,0,-163,0,34,0,-98,0,25,0,-69,0,29,0,-67,0,0,0,0,0,5,0,-145,0,-58,19,143,0,156,19,132,0,60,19,158,0,0,19,-123,0,-16,18,-67,0,29,19,-29,0,93,19,-34,0,161,19,-55,0,-119,19,-111,0,-111,19,150,0,-139,19,77,0,151,19]"
CSI_DATA,123266,d8:b1:90:d9:de:f0,-37,9,-99,-36,38,104,-1552844022,98,0,106,0,"[-79,18,-67,0,-100,18,33,1,-78,18,107,1,-37,18,114,1,-1,18,81,1,21,0,27,1,23,0,-28,0,-2,18,-104,0,-65,18,124,0,-138,18,40,0,115,18,-16,18,73,18,-40,18,71,18,-44,18,0,0,0,0,-140,18,-71,18,-59,18,-112,18,39,0,128,18,104,0,30,18,133,0,-57,17,128,0,-93,17,99,0,-78,17,59,0,-31,17,40,0,21,18,33,0,90,18,59,0,-151,18,109,0,-76,18,-161,0]"
CSI_DATA,123267,d8:b1:90:d9:de:f0,-37,9,-99,-38,39,104,-1552843881,130,0,106,0,"[65,17,72,0,-24,16,110,0,-60,16,-135,0,-38,16,-98,0,-5,16,-89,0,51,17,-90,0,96,17,-122,0,135,17,125,0,-135,17,29,0,-112,17,-73,17,-112,17,149,17,-116,17,103,17,-116,17,101,17,0,0,0,0,-41,17,-150,17,43,0,-112,17,-146,0,-108,17,-36,0,-121,17,32,1,150,17,53,1,122,17,24,1,105,17,-21,0,110,17,-80,0,129,17,-127,0,-139,17,141,0,-68,17,125,0,11,0,130,0]"
CSI_DATA,123268,d8:b1:90:d9:de:f0,-42,9,-99,-37,44,104,-1552426527,124,0,106,0,"[56,0,60,9,51,0,-3,9,13,0,-35,9,-25,9,-36,9,-53,9,-13,9,-63,9,8,9,-61,9,33,9,-40,9,48,9,-9,9,51,9,26,0,52,9,46,0,46,9,53,0,41,9,49,0,51,9,0,0,0,0,22,0,-59,9,36,0,-14,9,72,0,31,0,-48,0,64,0,-3,0,75,0,25,0,66,0,30,0,42,0,24,0,20,0,6,0,6,0,-9,0,0,0,-22,0,13,0,-21,0,31,0,-21,0]"
CSI_DATA,123269,d8:b1:90:d9:de:f0,-44,11,-99,-33,45,104,-1552308771,100,0,114,0,"[-8,-2,-9,-3,-10,-4,-10,-5,-10,-5,-9,-5,-9,-5,-8,-5,-8,-5,-8,-5,-8,-5,-8,-5,-8,-5,-8,-5,-9,-5,-9,-5,-10,-5,-10,-5,-11,-5,-11,-5,-12,-5,-12,-5,-12,-5,-12,-5,-12,-5,-12,-5,-12,-5,-13,-5,0,0,-13,-5,-13,-5,-13,-5,-14,-5,-14,-5,-15,-5,-15,-6,-15,-6,-16,-5,-15,-5,-15,-4,-15,-4,-15,-4,-14,-4,-14,-3,-15,-3,-14,-3,-14,-3,-15,-3,-17,-4,-18,-4,-19,-4,-19,-5,-20,-5,-20,-6,-20,-7,-18,-7,-15,-8]"
CSI_DATA,123270,d8:b1:90:d9:de:f0,-40,11,-99,-37,42,104,-1552009182,277,0,106,0,"[-74,12,18,12,79,12,-1,11,49,12,24,12,50,12,65,12,71,12,98,12,101,12,102,12,-89,12,79,12,-80,12,52,12,-82,12,17,12,-93,12,0,12,103,12,6,12,-100,12,31,12,-76,12,66,12,0,0,0,0,-26,12,94,12,13,0,89,12,44,0,72,12,64,0,57,12,79,0,49,12,86,0,53,12,84,0,61,12,84,0,67,12,82,0,65,12,88,0,51,12,85,0,33,12,76,0,22,12,44,0]"
CSI_DATA,123271,d8:b1:90:d9:de:f0,-41,9,-99,-34,42,104,-1552008728,130,0,106,0,"[-7,0,71,0,39,0,56,0,41,0,26,0,12,0,5,0,-25,0,8,0,-51,0,26,0,-65,0,62,0,-69,0,-83,0,-61,0,-47,0,-54,0,-25,0,-53,0,-31,0,-71,0,-47,0,85,0,-71,0,0,0,0,0,8,0,94,0,-33,11,-92,0,-72,11,-84,0,90,11,-78,0,68,11,-79,0,57,11,-91,0,55,11,83,0,53,11,74,0,47,11,66,0,34,11,67,0,19,11,62,0,17,11,72,0,36,11]"
CSI_DATA,123272,d8:b1:90:d9:de:f0,-38,9,-99,-34,39,104,-1551799829,224,0,106,0,"[130,15,-91,0,117,15,-19,0,-126,15,21,1,-90,15,31,1,-60,15,10,1,-37,15,-9,0,-34,15,-28,0,-52,15,-49,0,-82,15,-73,0,-113,15,-94,0,130,15,-124,0,116,15,126,0,117,15,109,0,0,0,0,0,-133,15,59,0,-131,15,13,0,129,15,-54,15,100,15,-120,15,57,15,108,15,19,15,99,15,-2,14,114,15,-6,14,-121,15,-4,14,-87,15,16,15,-68,15,44,15,-59,15,69,15,-58,15,94,15]"
CSI_DATA,123273,d8:b1:90:d9:de:f0,-37,9,-99,-34,38,104,-1551790812,262,0,106,0,"[53,17,-58,17,-27,16,-41,17,-60,16,10,0,-45,16,49,0,-8,16,72,0,27,17,90,0,46,17,77,0,66,17,48,0,64,17,-1,17,78,17,-47,17,85,17,-85,17,99,17,-104,17,122,17,-108,17,0,0,0,0,-130,17,-123,17,-70,17,-133,17,-9,17,124,17,45,0,61,17,66,0,7,17,61,0,-33,16,36,0,-35,16,5,0,-32,16,-23,17,-1,16,-38,17,22,17,-28,17,55,17,-10,17,73,17,4,0]"
CSI_DATA,123274,d8:b1:90:d9:de:f0,-38,9,-99,-34,39,104,-1551790525,242,0,106,0,"[83,15,-124,0,52,15,-54,0,76,15,1,1,121,15,13,1,-104,15,10,1,-80,15,-12,0,-64,15,-33,0,-80,15,-56,0,-105,15,-87,0,134,15,-112,0,111,15,133,0,102,15,119,0,104,15,108,0,0,0,0,0,124,15,64,0,134,15,11,0,116,15,-57,15,80,15,-117,15,31,15,119,15,-6,14,118,15,-27,14,-127,15,-21,14,-88,15,-7,14,-51,15,12,15,-28,15,33,15,-20,15,64,15,-31,15,84,15]"
CSI_DATA,123275,d8:b1:90:d9:de:f0,-38,11,-99,-35,39,104,-1551591383,277,0,106,0,"[-57,0,85,0,37,1,94,0,97,1,66,0,93,1,18,0,65,1,-17,16,14,1,-31,16,-37,0,-25,16,-97,0,7,0,125,0,67,0,67,0,138,0,40,0,-89,0,28,0,-68,0,19,0,-81,0,0,0,0,0,-42,16,107,0,-109,16,50,0,81,16,7,0,-5,15,-13,16,-61,15,-8,16,-70,15,2,0,-44,15,8,0,-6,15,11,0,40,16,1,0,69,16,-22,16,95,16,-63,16,113,16,-104,16,130,16]"
CSI_DATA,123276,d8:b1:90:d9:de:f0,-37,9,-99,-37,39,104,-1551590884,108,0,106,0,"[61,17,34,0,-41,16,83,0,-72,16,-143,0,-46,16,-90,0,11,17,-69,0,68,17,-83,0,110,17,-120,0,137,17,114,0,145,17,20,0,127,17,-75,17,101,17,-127,17,91,17,-140,17,110,17,-130,17,0,0,0,0,-84,17,-103,17,5,0,-124,17,93,0,108,17,-140,0,38,17,-120,0,-16,16,-129,0,-34,16,130,0,-21,16,98,0,15,17,91,0,62,17,94,0,99,17,128,0,138,17,-131,0,-124,17,-113,0]"
CSI_DATA,123277,d8:b1:90:d9:de:f0,-38,9,-99,-37,40,104,-1551382003,101,0,106,0,"[34,0,-49,0,46,0,38,1,78,0,79,1,104,0,71,1,115,0,43,1,117,0,-4,0,95,0,-49,0,43,0,-87,0,-34,15,127,0,-116,15,92,0,82,15,66,0,54,15,61,0,62,15,58,0,0,0,0,0,-129,15,7,0,-64,15,-64,15,-22,15,106,15,9,0,14,15,7,0,-55,14,-4,15,-78,14,-19,15,-63,14,-21,15,-30,14,-22,15,15,15,3,0,65,15,44,0,108,15,96,0,-130,15,130,0]"
CSI_DATA,123278,d8:b1:90:d9:de:f0,-37,9,-99,-37,39,104,-1551381907,252,0,106,0,"[81,17,83,0,-12,16,117,0,-51,16,-136,0,-30,16,-103,0,-2,16,-92,0,43,17,-108,0,83,17,-144,0,120,17,81,0,-145,17,-9,17,-132,17,-113,17,-133,17,106,17,-142,17,65,17,-130,17,83,17,0,0,0,0,-60,17,-146,17,32,0,-99,17,-147,0,-83,17,-34,0,-85,17,42,1,-108,17,56,1,-124,17,32,1,-135,17,-11,0,-135,17,-60,0,-114,17,-98,0,-71,17,-122,0,-15,17,-132,0,60,0,-125,0]"
CSI_DATA,123279,d8:b1:90:d9:de:f0,-41,11,-99,-35,42,104,-1551309173,100,0,228,0,"[8,-1,10,-2,14,-3,16,-3,18,-3,19,-1,20,0,84,34,19,3,19,4,17,5,16,5,15,5,13,5,13,5,13,3,12,3,11,1,11,0,11,-2,12,-3,-26,-23,13,-6,13,-6,13,-6,13,-6,13,-6,13,-5,0,0,10,-4,9,-5,8,-5,6,-6,4,-9,3,-10,39,0,2,-15,2,-16,3,-18,3,-19,4,-19,5,-20,6,-18,6,-17,6,-16,7,-15,6,-14,6,-13,6,-13,70,0,4,-12,4,-13,3,-13,3,-13,3,-13,3,-13,3,-11,5,9,12,4,13,-4,6,-13,-3,-14,-10,-8,-12,1,13,10,2,9,7,3,6,-4,0,-8,-7,-6,-11,2,-7,11,3,16,15,10,20,-3,13,-18,-2,-23,-17,-16,-11,-5,-16,14,-1,20,12,15,16,2,12,-10,0,-13,0,0,-11,1,-6,10,5,11,13,3,13,-6,3,-14,-5,-27,-15,-3,-13,7,-4,13,5,11,10,3,7,-4,0,-7,-5,-3,-5,2,0,6,6,6,10,-1,7,-10,3,-28,-13,-11,-20,0,-16,13,-3,21,10,18,18,7,16,-4]"
CSI_DATA,123280,d8:b1:90:d9:de:f0,-39,9,-99,-33,40,104,-1551173139,130,0,106,0,"[5,0,-7,0,42,0,64,0,96,0,81,0,-105,0,59,0,-97,0,16,0,-105,0,-32,0,98,0,-68,0,44,0,-94,0,-21,13,-112,0,-89,13,113,0,97,13,110,0,78,13,105,0,81,13,88,0,0,0,0,0,114,13,14,0,115,13,-40,13,106,13,-114,13,89,13,60,13,78,13,22,13,72,13,15,13,82,13,28,13,96,13,53,13,-112,13,70,13,-80,13,76,13,-44,13,70,13,-11,13,63,13,6,0]"
CSI_DATA,123281,d8:b1:90:d9:de:f0,-39,9,-99,-36,40,104,-1551173022,113,0,106,0,"[53,15,-111,15,-25,14,-124,15,-67,14,-98,15,-61,14,-65,15,-32,14,-32,15,10,15,-19,15,50,15,-22,15,95,15,-53,15,-104,15,-101,15,-61,15,100,15,-27,15,65,15,-10,15,57,15,0,0,72,15,0,0,0,0,45,0,109,15,98,0,-104,15,-86,0,-82,15,-31,0,-60,15,5,1,-56,15,17,1,-50,15,2,1,-50,15,-25,0,-41,15,-50,0,-22,15,-62,0,-1,15,-76,0,36,0,-81,0,73,0,-83,0]"
CSI_DATA,123282,d8:b1:90:d9:de:f0,-37,11,-99,-33,38,104,-1550755785,277,0,106,0,"[63,0,-50,0,108,0,12,1,-139,0,25,1,-108,0,-9,0,-99,0,-43,0,-123,0,-79,0,146,0,-98,0,109,0,-94,0,49,0,-85,0,3,0,-62,0,-34,17,-49,0,-45,17,-51,0,-51,17,-77,0,0,0,0,0,-79,17,-125,0,-120,17,115,0,112,17,90,0,50,17,63,0,3,17,58,0,-16,16,60,0,-16,16,73,0,10,17,81,0,33,17,87,0,45,17,86,0,56,17,75,0,72,17,42,0,84,17]"
CSI_DATA,123283,d8:b1:90:d9:de:f0,-38,9,-99,-34,39,104,-1550755286,500,0,106,0,"[-121,15,63,15,73,15,22,15,6,15,42,15,-13,14,95,15,-8,14,-121,15,23,15,-77,15,56,15,-68,15,96,15,-87,15,124,15,-121,15,-122,15,105,15,-117,15,74,15,-117,15,72,15,-105,15,87,15,0,0,0,0,-47,15,130,15,1,0,122,15,65,0,100,15,114,0,64,15,134,0,19,15,126,0,-14,14,101,0,-13,14,65,0,-3,14,42,0,12,15,29,0,24,15,26,0,45,15,26,0,66,15,34,0]"
CSI_DATA,123284,d8:b1:90:d9:de:f0,-37,9,-99,-36,39,104,-1550755013,500,0,106,0,"[50,0,42,16,25,0,-34,15,-37,16,-70,15,-87,16,-41,15,-120,16,1,16,-124,16,43,16,-112,16,78,16,-84,16,80,16,-37,16,69,16,-4,16,52,16,21,0,40,16,28,0,38,16,19,0,67,16,0,0,0,0,31,0,106,16,80,0,141,16,139,0,-142,16,-89,0,136,16,-53,0,108,16,-42,0,85,16,-71,0,65,16,-95,0,59,16,-130,0,59,16,132,0,65,16,121,0,79,16,121,0,94,16,109,0]"
CSI_DATA,123285,d8:b1:90:d9:de:f0,-38,9,-99,-34,39,104,-1550754776,500,0,106,0,"[-36,0,12,0,41,1,-3,15,68,1,-42,15,52,1,-76,15,6,1,-85,15,-28,0,-86,15,-57,0,-59,15,-80,0,-4,15,-87,0,58,0,-93,0,117,0,-99,0,-116,0,-110,0,-105,0,-128,0,-112,0,0,0,0,0,66,0,-120,0,11,0,-121,0,-65,15,-104,0,-127,15,-79,0,100,15,-49,0,85,15,-34,0,93,15,-39,0,105,15,-47,0,120,15,-58,0,130,15,-79,0,130,15,-113,0,119,15,-134,0,115,15]"
CSI_DATA,123286,d8:b1:90:d9:de:f0,-38,9,-99,-35,40,104,-1550754531,98,0,106,0,"[94,14,94,14,28,14,66,14,-15,13,77,14,-19,13,117,14,-4,13,-99,14,19,14,-78,14,56,14,-77,14,94,14,-97,14,-117,14,115,14,-84,14,79,14,-59,14,53,14,-44,14,50,14,-31,14,60,14,0,0,0,0,17,0,107,14,64,0,-118,14,-123,0,-103,14,-60,0,-101,14,-16,0,-106,14,4,0,-116,14,-2,0,122,14,-17,0,119,14,-41,0,115,14,-58,0,-116,14,-69,0,-102,14,-72,0,-77,14,-81,0]"
CSI_DATA,123287,d8:b1:90:d9:de:f0,-38,9,-99,-37,40,104,-1550754399,113,0,106,0,"[77,15,-128,15,8,15,114,15,-31,14,-131,15,-32,14,-91,15,-11,14,-55,15,21,15,-49,15,54,15,-51,15,81,15,-81,15,113,15,-123,15,-129,15,94,15,-102,15,68,15,-89,15,65,15,-74,15,78,15,0,0,0,0,-26,15,102,15,32,0,119,15,93,0,110,15,-112,0,101,15,-72,0,84,15,-57,0,68,15,-62,0,64,15,-78,0,67,15,-96,0,71,15,-111,0,84,15,-115,0,101,15,-108,0,130,15,-113,0]"
CSI_DATA,123288,d8:b1:90:d9:de:f0,-37,9,-99,-33,38,104,-1550754236,98,0,106,0,"[-49,17,42,17,-83,17,-24,16,-133,17,-39,16,127,17,-9,16,122,17,32,17,135,17,73,17,-137,17,92,17,-98,17,90,17,-39,17,73,17,6,0,56,17,43,0,47,17,58,0,55,17,62,0,77,17,0,0,0,0,83,0,132,17,125,0,-121,17,-109,0,-85,17,-55,0,-57,17,-3,0,-48,17,18,1,-54,17,16,1,-62,17,-5,0,-78,17,-24,0,-85,17,-40,0,-81,17,-60,0,-69,17,-69,0,-48,17,-85,0]"
CSI_DATA,123289,d8:b1:90:d9:de:f0,-38,9,-99,-35,39,104,-1550546414,214,0,106,0,"[-77,16,42,16,-106,16,-14,15,138,16,-32,15,113,16,-16,15,107,16,14,16,112,16,42,16,128,16,69,16,-107,16,87,16,-55,16,101,16,14,0,104,16,77,0,107,16,113,0,111,16,126,0,115,16,0,0,0,0,136,0,-123,16,-134,0,-66,16,-95,0,-3,16,-56,0,59,0,-9,0,97,0,22,1,106,0,26,1,100,0,23,1,73,0,7,1,45,0,-17,0,34,0,-57,0,34,0,-100,0,52,0,136,0]"
CSI_DATA,123290,d8:b1:90:d9:de:f0,-38,9,-99,-36,40,104,-1550546215,214,0,106,0,"[70,15,125,15,16,15,99,15,-24,14,110,15,-24,14,-117,15,-20,14,-89,15,2,15,-68,15,29,15,-58,15,64,15,-66,15,107,15,-90,15,-98,15,-124,15,-60,15,99,15,-36,15,73,15,-18,15,61,15,0,0,0,0,13,0,88,15,50,0,109,15,104,0,-126,15,-85,0,-121,15,-28,0,-127,15,-3,0,116,15,-8,0,98,15,-28,0,85,15,-59,0,85,15,-85,0,88,15,-107,0,111,15,-120,0,-105,15,-125,0]"
CSI_DATA,123291,d8:b1:90:d9:de:f0,-37,9,-99,-35,38,104,-1550524565,130,0,106,0,"[-152,0,128,18,-101,0,61,18,-107,0,-3,17,-151,0,-35,17,111,0,-31,17,61,0,-14,17,37,0,26,18,50,0,69,18,97,0,121,18,-148,0,154,18,-92,0,-138,18,-66,0,-140,18,-85,0,-145,18,0,0,0,0,-133,0,-134,18,150,0,-61,18,-141,0,22,0,-105,0,106,0,-55,0,151,0,-8,0,-152,0,4,1,133,0,8,1,96,0,-6,0,61,0,-26,0,42,0,-62,0,40,0,-88,0,57,0,-110,0]"
CSI_DATA,123292,d8:b1:90:d9:de:f0,-34,11,-99,-35,36,104,-1550308888,100,0,114,0,"[40,9,44,13,46,16,46,21,46,24,44,24,40,26,40,26,36,24,35,24,33,23,32,24,33,24,33,24,35,26,36,26,36,26,38,27,38,29,40,29,41,30,43,30,40,30,40,30,38,29,36,30,35,29,36,30,0,0,36,29,35,30,35,32,36,32,38,32,38,33,36,33,35,33,35,32,33,30,33,29,32,27,30,26,30,24,29,24,29,24,27,23,27,21,29,23,29,24,30,26,30,27,32,27,33,30,30,30,29,32,26,32,21,30]"
CSI_DATA,123293,d8:b1:90:d9:de:f0,-36,9,-99,-35,37,104,-1550128642,108,0,106,0,"[59,20,-41,20,-41,19,-28,20,-85,19,10,0,-56,19,50,0,-24,19,79,0,32,20,72,0,74,20,43,0,98,20,-17,20,126,20,-104,20,131,20,171,20,131,20,119,20,131,20,113,20,157,20,138,20,0,0,0,0,-87,20,-163,20,16,0,-150,20,119,0,170,20,-139,0,134,20,-86,0,87,20,-80,0,72,20,-94,0,71,20,-120,0,91,20,-142,0,115,20,-139,0,135,20,-129,0,159,20,-120,0,-164,20,-130,0]"
CSI_DATA,123294,d8:b1:90:d9:de:f0,-36,9,-99,-37,38,104,-1550128497,124,0,106,0,"[-123,19,-69,0,-128,19,36,1,-80,19,85,1,-18,19,76,1,22,0,36,1,29,0,-19,0,14,0,-73,0,-42,19,-120,0,-112,19,-146,0,143,19,-159,0,91,19,-152,0,89,19,-150,0,124,19,164,0,0,0,0,0,-129,19,62,0,-116,19,-36,19,-137,19,-142,19,151,19,97,19,103,19,50,19,72,19,49,19,69,19,72,19,75,19,110,19,98,19,136,19,119,19,137,19,145,19,133,19,164,19,120,19,-155,19]"
CSI_DATA,123295,d8:b1:90:d9:de:f0,-36,11,-99,-34,37,104,-1549711288,277,0,106,0,"[-138,20,-81,0,-125,20,29,1,-57,20,86,1,17,0,80,1,77,0,40,1,97,0,-21,0,96,0,-70,0,53,0,-96,0,-10,20,-110,0,-81,20,-110,0,-114,20,-105,0,-120,20,-110,0,-109,20,-132,0,0,0,0,0,-110,20,102,0,-157,20,33,0,100,20,-29,20,9,20,-49,20,-54,18,-30,20,-74,18,9,0,-58,18,45,0,-10,18,72,0,41,20,81,0,77,20,81,0,92,20,44,0,96,20,16,0,97,20]"
CSI_DATA,123296,d8:b1:90:d9:de:f0,-37,9,-99,-35,38,104,-1549710843,130,0,106,0,"[36,18,-9,18,-58,17,34,0,-90,17,96,0,-66,17,141,0,-14,17,155,0,39,18,154,0,79,18,114,0,110,18,56,0,128,18,-24,18,128,18,-107,18,125,18,154,18,129,18,143,18,152,18,154,18,0,0,0,0,-39,18,-127,18,46,0,-124,18,-154,0,154,18,-73,0,111,18,-28,0,55,18,-28,0,36,18,-67,0,40,18,-107,0,68,18,-132,0,103,18,-135,0,141,18,-127,0,-121,18,-110,0,-79,18,-100,0]"
CSI_DATA,123297,d8:b1:90:d9:de:f0,-36,9,-99,-34,37,104,-1549710726,98,0,106,0,"[152,0,88,20,-166,0,-16,18,138,0,-72,18,92,0,-74,18,46,0,-40,18,25,0,0,20,33,0,52,20,65,0,104,20,126,0,160,20,-148,0,-134,20,-106,0,-104,20,-93,0,-86,20,-121,0,-66,20,0,0,0,0,153,0,33,0,117,0,110,0,96,0,-116,0,100,0,-28,0,121,0,36,1,142,0,48,1,148,0,18,1,140,0,-21,0,121,0,-58,0,96,0,-81,0,49,0,-97,0,5,0,-92,0,-8,20]"
CSI_DATA,123298,d8:b1:90:d9:de:f0,-41,11,-99,-35,42,104,-1549308836,100,0,228,0,"[-3,-7,-6,-10,-7,-12,-9,-14,-10,-16,-10,-18,-10,-20,84,34,-8,-20,-7,-20,-6,-20,-6,-19,-5,-18,-5,-16,-4,-16,-3,-14,-4,-12,-3,-9,-4,-6,-5,-3,-6,-1,-26,-23,-7,3,-8,5,-8,6,-8,6,-8,7,-7,7,0,0,-4,6,-3,7,0,7,1,7,4,9,7,9,84,0,13,11,15,13,16,13,17,14,17,14,16,14,16,14,15,13,14,13,13,11,13,11,11,10,11,8,-77,0,10,3,10,2,10,0,10,-1,10,-2,10,-3,10,-3,3,-1,1,-6,-3,-6,-8,-1,-6,5,0,9,6,6,-1,-21,3,-6,-3,-6,-6,0,-4,6,3,9,11,3,12,-7,3,-16,-11,-16,-22,-4,-20,13,-6,25,13,23,19,8,23,-12,6,-22,-9,-19,-17,-6,-13,7,-3,13,0,0,8,0,3,-6,-4,-5,-7,2,-3,9,6,9,22,12,10,-7,0,-12,-6,-7,-10,0,-4,6,2,5,5,0,1,-5,-4,-4,-8,1,-5,10,4,13,15,6,28,0,10,-19,-5,-22,-20,-13,-23,3,-15,18,0,21,12,13]"
CSI_DATA,123299,d8:b1:90:d9:de:f0,-38,11,-99,-35,39,104,-1549293489,277,0,106,0,"[-79,0,134,0,-2,0,-101,0,54,1,-107,0,68,1,-138,0,51,1,101,0,14,1,57,0,-44,0,29,0,-124,0,32,0,52,0,56,0,-52,16,102,0,-124,16,-127,0,125,16,-94,0,136,16,-94,0,0,0,0,0,-117,16,121,0,-123,16,25,0,112,16,-77,16,62,16,116,16,13,16,68,16,-13,15,61,16,-9,15,88,16,25,16,112,16,69,16,-134,16,136,16,-118,16,-64,16,-128,16,1,0,113,16,40,0]"
CSI_DATA,123300,d8:b1:90:d9:de:f0,-39,9,-99,-36,40,104,-1549293026,101,0,106,0,"[-71,0,-108,15,-7,0,100,15,10,1,53,15,-21,0,23,15,-63,0,11,15,-112,0,34,15,107,0,69,15,75,0,-125,15,61,0,-31,15,77,0,62,0,107,0,-117,0,-120,0,-90,0,-107,0,-96,0,0,0,0,0,98,0,121,0,18,0,114,0,-71,15,-105,0,108,15,-63,0,70,15,-16,0,73,15,16,1,95,15,14,1,-116,15,-10,0,-87,15,-55,0,-86,15,-111,0,-104,15,86,0,110,15,29,0,66,15]"
CSI_DATA,123301,d8:b1:90:d9:de:f0,-39,9,-99,-37,41,104,-1549292885,120,0,106,0,"[-56,0,101,0,13,0,-114,0,62,0,99,0,69,0,55,0,52,0,15,0,11,0,-17,13,-39,0,-33,13,-106,0,-18,13,55,0,25,0,-7,13,93,0,-44,13,-78,0,-43,13,-40,0,-27,13,-35,0,0,0,0,0,-29,13,-95,0,-71,13,79,0,88,13,36,0,10,13,17,0,-47,12,27,0,-65,12,45,0,-44,12,68,0,-4,12,79,0,43,13,70,0,87,13,40,0,113,13,-14,13,-115,13,-73,13,102,13]"
CSI_DATA,123302,d8:b1:90:d9:de:f0,-38,9,-99,-32,39,104,-1549084109,310,0,106,0,"[82,15,104,15,9,15,59,15,-39,14,63,15,-56,14,87,15,-34,14,122,15,-7,14,-109,15,39,15,-86,15,104,15,-76,15,-70,15,-86,15,22,0,-100,15,94,0,-118,15,-124,0,-125,15,-119,0,-109,15,0,0,0,0,126,0,-39,15,124,0,32,0,-114,0,123,0,-95,0,-53,0,-76,0,1,1,-72,0,15,1,-79,0,-5,0,-97,0,-33,0,-122,0,-65,0,91,0,-97,0,38,0,-119,0,-27,15,-128,0,-74,15]"
CSI_DATA,123303,d8:b1:90:d9:de:f0,-39,9,-99,-33,40,104,-1549083914,290,0,106,0,"[-75,0,92,13,-34,0,18,13,-41,0,-40,12,-80,0,-57,12,-115,0,-44,12,82,0,-14,12,59,0,35,13,48,0,99,13,59,0,-53,13,84,0,32,0,111,0,88,0,-103,0,-117,0,-108,0,-113,0,0,0,0,0,51,0,103,0,-16,13,103,0,-100,13,-105,0,64,13,-67,0,20,13,-31,0,9,13,-22,0,38,13,-22,0,71,13,-42,0,99,13,-73,0,-108,13,-114,0,-99,13,56,0,-108,13,-5,13,110,13]"
CSI_DATA,123304,d8:b1:90:d9:de:f0,-37,11,-99,-36,39,104,-1548875690,277,0,106,0,"[-109,16,117,16,113,16,51,16,69,16,21,16,48,16,38,16,56,16,52,16,65,16,74,16,95,16,79,16,127,16,79,16,-107,16,80,16,-39,16,88,16,22,0,106,16,63,0,129,16,80,0,-126,16,0,0,0,0,95,0,-49,16,93,0,38,0,111,0,122,0,125,0,-69,0,-131,0,-8,0,-114,0,23,1,-100,0,11,1,-95,0,1,1,-102,0,-41,0,-116,0,-76,0,127,0,-103,0,69,0,-136,0,10,0]"
CSI_DATA,123305,d8:b1:90:d9:de:f0,-38,9,-99,-35,39,104,-1548875245,130,0,106,0,"[-78,0,42,0,15,1,25,0,58,1,-16,16,58,1,-59,16,37,1,-88,16,3,1,-92,16,-17,0,-93,16,-41,0,-66,16,-69,0,-21,16,-102,0,27,0,-134,0,66,0,117,0,93,0,87,0,102,0,0,0,0,0,8,0,80,0,-58,16,59,0,129,16,56,0,40,16,64,0,-22,15,97,0,-53,15,130,0,-44,15,-116,0,-8,15,-102,0,37,16,-94,0,85,16,-97,0,126,16,-134,0,-121,16,85,0,-101,16]"
CSI_DATA,123306,d8:b1:90:d9:de:f0,-37,9,-99,-35,39,104,-1548875101,113,0,106,0,"[-125,0,-136,16,-73,0,67,16,-69,0,6,16,-100,0,-17,15,-131,0,-25,15,127,0,0,16,114,0,14,16,123,0,45,16,136,0,94,16,-126,0,-125,16,-118,0,-76,16,-111,0,-37,16,-124,0,-5,16,0,0,0,0,95,0,49,0,41,0,95,0,-11,16,-117,0,-53,16,-41,0,-70,16,33,1,-62,16,71,1,-38,16,78,1,-8,16,55,1,14,0,28,1,41,0,-9,0,32,0,-57,0,-1,16,-116,0,-38,16]"
CSI_DATA,123307,d8:b1:90:d9:de:f0,-38,9,-99,-33,39,104,-1548874983,108,0,106,0,"[111,0,-106,0,-69,0,-57,0,-6,0,-57,0,17,1,-90,0,25,1,-126,0,4,1,114,0,-17,0,99,0,-45,0,96,0,-96,0,111,0,112,0,-129,0,65,0,-114,0,33,0,-107,0,8,0,-113,0,0,0,0,0,-30,15,88,0,-74,15,39,0,117,15,-9,15,33,15,-43,15,-39,14,-53,15,-76,14,-34,15,-83,14,5,0,-56,14,44,0,-19,14,66,0,27,15,84,0,77,15,68,0,129,15,22,0,-99,15]"
CSI_DATA,123308,d8:b1:90:d9:de:f0,-39,9,-99,-35,40,104,-1548666328,124,0,106,0,"[43,0,-47,0,71,0,19,0,102,0,43,0,113,0,39,0,119,0,20,0,117,0,-5,0,100,0,-31,0,72,0,-55,0,23,0,-89,0,-31,14,114,0,-80,14,68,0,-113,14,35,0,123,14,14,0,0,0,0,0,-100,14,-46,14,-54,14,-102,14,-9,14,71,14,24,0,-2,13,38,0,-64,13,34,0,-88,13,20,0,-80,13,6,0,-54,13,-4,14,-11,13,-3,14,39,14,15,0,102,14,54,0,-84,14,97,0]"
CSI_DATA,123309,d8:b1:90:d9:de:f0,-38,11,-99,-35,39,104,-1548457891,277,0,106,0,"[94,16,8,0,3,16,21,0,-44,15,54,0,-50,15,82,0,-40,15,107,0,-9,15,117,0,21,16,117,0,54,16,90,0,101,16,41,0,-134,16,-16,16,-87,16,-86,16,-65,16,-126,16,-47,16,135,16,0,0,0,0,15,0,-110,16,73,0,-64,16,-112,0,-27,16,-10,0,-7,16,79,1,-18,16,105,1,-47,16,94,1,-71,16,55,1,-98,16,7,1,-116,16,-54,0,-94,16,-113,0,-59,16,114,0,5,0,91,0]"
CSI_DATA,123310,d8:b1:90:d9:de:f0,-39,9,-99,-34,40,104,-1548457446,113,0,106,0,"[118,0,117,14,-81,0,50,14,-86,0,-8,13,-102,0,-32,13,101,0,-36,13,73,0,-26,13,53,0,-7,13,44,0,32,14,52,0,91,14,69,0,-84,14,97,0,-28,14,-118,0,4,0,-109,0,22,0,0,0,0,0,79,0,55,0,26,0,86,0,-33,14,-85,0,-73,14,-6,0,-79,14,69,0,-53,14,107,0,-13,14,101,0,25,0,64,0,45,0,22,0,58,0,-27,0,36,0,-88,0,-13,14,99,0,-71,14]"
CSI_DATA,123311,d8:b1:90:d9:de:f0,-37,9,-99,-33,38,104,-1548406411,224,0,106,0,"[-95,17,120,17,-146,17,39,17,91,17,10,17,51,17,20,17,32,17,49,17,41,17,69,17,48,17,100,17,83,17,121,17,-146,17,133,17,-64,17,144,17,6,0,-145,17,56,0,-139,17,83,0,-127,17,0,0,0,0,85,0,-47,17,95,0,40,0,140,0,138,0,-99,0,-69,0,-42,0,-16,0,5,1,-6,0,17,1,-40,0,8,1,-88,0,-19,0,-140,0,-68,0,116,0,-138,0,97,0,75,0,109,0,15,0]"
CSI_DATA,123312,d8:b1:90:d9:de:f0,-35,11,-99,-35,37,104,-1548308767,100,0,114,0,"[-10,-30,-10,-32,-10,-37,-8,-38,-6,-39,-6,-38,-4,-37,-4,-35,-5,-34,-4,-32,-5,-31,-5,-32,-5,-32,-6,-32,-6,-34,-8,-35,-8,-37,-9,-39,-9,-41,-10,-41,-10,-41,-12,-42,-12,-42,-13,-42,-12,-41,-12,-39,-12,-39,-13,-39,0,0,-15,-38,-13,-39,-13,-41,-15,-41,-16,-42,-16,-42,-17,-42,-17,-41,-17,-38,-19,-38,-17,-37,-19,-35,-19,-34,-17,-32,-17,-31,-17,-31,-17,-30,-19,-30,-19,-30,-19,-31,-20,-32,-21,-34,-21,-34,-20,-37,-20,-37,-17,-37,-16,-37,-12,-34]"
CSI_DATA,123313,d8:b1:90:d9:de:f0,-38,11,-99,-34,39,104,-1548040092,277,0,106,0,"[87,0,94,15,94,0,8,15,82,0,-43,14,55,0,-67,14,30,0,-52,14,12,0,-34,14,12,0,-9,14,19,0,22,15,37,0,84,15,62,0,-128,15,86,0,-61,15,98,0,-14,15,102,0,19,0,0,0,0,0,46,0,84,0,-12,15,119,0,-80,15,-96,0,134,15,-31,0,106,15,31,1,101,15,64,1,122,15,67,1,-118,15,41,1,-91,15,19,1,-65,15,-21,0,-56,15,-88,0,-67,15,108,0,-90,15]"
CSI_DATA,123314,d8:b1:90:d9:de:f0,-38,9,-99,-35,39,104,-1548039620,407,0,106,0,"[-29,16,85,16,-69,16,-3,15,-126,16,-38,15,121,16,-28,15,98,16,-5,15,91,16,33,16,98,16,61,16,127,16,82,16,-94,16,109,16,-27,16,134,16,37,0,-119,16,80,0,-109,16,100,0,-83,16,0,0,0,0,109,0,-15,16,110,0,54,0,117,0,-133,0,-125,0,-47,0,-77,0,6,1,-40,0,21,1,-20,0,0,1,-26,0,-42,0,-39,0,-90,0,-70,0,-134,0,-126,0,115,0,73,0,101,0,5,0]"
CSI_DATA,123315,d8:b1:90:d9:de:f0,-38,9,-99,-32,39,104,-1548039420,130,0,106,0,"[76,15,-16,15,-11,14,2,0,-56,14,49,0,-52,14,89,0,-29,14,118,0,0,15,-126,0,29,15,127,0,59,15,109,0,89,15,68,0,121,15,13,0,-103,15,-43,15,-84,15,-80,15,-71,15,-102,15,0,0,0,0,-1,15,-104,15,62,0,-99,15,-114,0,-107,15,-38,0,114,15,15,1,73,15,26,1,36,15,-2,0,16,15,-43,0,11,15,-93,0,23,15,120,0,54,15,90,0,107,15,87,0,-77,15,99,0]"
CSI_DATA,123316,d8:b1:90:d9:de:f0,-38,9,-99,-33,39,104,-1547830712,124,0,106,0,"[-126,15,-120,0,95,15,-44,0,89,15,9,1,108,15,30,1,-130,15,36,1,-98,15,18,1,-78,15,-9,0,-69,15,-56,0,-64,15,-128,0,-69,15,47,0,-74,15,-28,15,-79,15,-80,15,-78,15,-101,15,0,0,0,0,0,0,-106,15,73,0,-100,15,-93,0,-111,15,-3,0,128,15,54,1,94,15,65,1,68,15,49,1,63,15,0,1,72,15,-50,0,92,15,-96,0,129,15,117,0,-73,15,85,0,7,0,76,0]"
CSI_DATA,123317,d8:b1:90:d9:de:f0,-37,11,-99,-32,38,104,-1547413394,277,0,106,0,"[-71,0,22,0,10,1,12,0,44,1,-25,16,39,1,-54,16,29,1,-74,16,8,1,-79,16,-10,0,-77,16,-25,0,-61,16,-50,0,-28,16,-95,0,19,0,-136,0,65,0,114,0,98,0,80,0,121,0,0,0,0,0,15,0,130,0,-43,16,117,0,-134,16,132,0,71,16,-139,0,11,16,-107,0,-12,15,-79,0,-2,15,-51,0,31,16,-43,0,77,16,-46,0,117,16,-60,0,-139,16,-97,0,-122,16,127,0,-120,16]"
CSI_DATA,123318,d8:b1:90:d9:de:f0,-38,9,-99,-33,39,104,-1547412895,108,0,106,0,"[71,15,68,0,11,15,124,0,1,15,-79,0,25,15,-45,0,58,15,-32,0,90,15,-30,0,116,15,-42,0,130,15,-64,0,-131,15,-109,0,-131,15,101,0,126,15,47,0,118,15,10,0,118,15,-11,15,0,0,0,0,-102,15,-57,15,-63,15,-91,15,-23,15,100,15,-3,15,23,15,-13,15,-56,14,-47,15,-87,14,-88,15,-76,14,-123,15,-46,14,115,15,-1,14,111,15,55,15,-130,15,106,15,-76,15,-126,15,-17,15]"
CSI_DATA,123319,d8:b1:90:d9:de:f0,-39,9,-99,-34,40,104,-1547412732,101,0,106,0,"[101,14,117,14,24,14,99,14,-25,13,-120,14,-42,13,-85,14,-33,13,-52,14,-22,13,-16,14,-5,13,-6,14,19,14,-1,14,57,14,-20,14,94,14,-46,14,-106,14,-77,14,-80,14,-101,14,-64,14,-109,14,0,0,0,0,-16,14,-109,14,32,0,-100,14,102,0,-110,14,-73,0,101,14,-32,0,50,14,-24,0,5,14,-58,0,-18,13,-101,0,-25,13,91,0,-21,13,51,0,5,14,34,0,53,14,37,0,106,14,60,0]"
CSI_DATA,123320,d8:b1:90:d9:de:f0,-37,9,-99,-34,38,104,-1547379775,130,0,106,0,"[-73,0,-26,17,10,1,-72,17,38,1,-137,17,20,1,128,17,-10,0,102,17,-49,0,85,17,-79,0,92,17,-95,0,115,17,-111,0,-136,17,-127,0,-70,17,-139,0,-11,17,-139,0,33,0,147,0,52,0,0,0,0,0,90,0,97,0,35,0,122,0,-36,17,-118,0,-85,17,-34,0,-90,17,41,1,-72,17,82,1,-26,17,84,1,14,0,60,1,39,0,19,1,65,0,-29,0,48,0,-83,0,16,0,-133,0,-29,17]"
CSI_DATA,123321,d8:b1:90:d9:de:f0,-41,11,-99,-34,42,104,-1547308490,100,0,228,0,"[2,-5,2,-8,3,-11,5,-13,6,-15,6,-16,7,-17,81,33,8,-17,8,-17,9,-17,9,-17,8,-16,8,-16,8,-16,7,-15,6,-16,5,-14,4,-14,3,-13,1,-11,-25,-22,-1,-8,-2,-7,-4,-5,-5,-5,-5,-4,-5,-3,0,0,-6,0,-5,0,-5,2,-4,4,-3,6,-2,9,-39,11,-1,14,-1,17,-1,19,-1,20,-2,21,-2,22,-2,21,-3,21,-4,20,-5,19,-5,18,-5,17,-5,15,-74,11,-4,12,-3,11,-2,8,0,7,0,5,2,4,2,4,3,8,8,2,8,-5,2,-8,-5,-6,-7,0,-2,5,10,-13,5,0,2,-3,-2,-4,-6,0,-4,6,2,10,11,5,13,-5,5,-16,-8,-17,-20,-7,-21,11,-8,23,11,13,23,8,23,-9,9,-22,-8,-20,-18,-8,-17,6,0,0,5,12,11,3,8,-5,0,-8,-5,-4,-6,2,-2,18,5,4,6,-2,2,-6,-2,-5,-5,0,-2,3,1,3,4,-1,0,-5,-5,-5,-8,0,-7,9,1,14,8,25,20,-1,16,-16,2,-24,-14,-20,-23,-5,-20,9,-8,18]"
CSI_DATA,123322,d8:b1:90:d9:de:f0,-38,9,-99,-35,39,104,-1547203995,98,0,106,0,"[-73,0,66,0,5,1,71,0,47,1,53,0,54,1,26,0,41,1,7,0,15,1,-1,16,-3,0,-3,16,-37,0,10,0,-85,0,39,0,136,0,82,0,89,0,117,0,51,0,-131,0,23,0,-126,0,0,0,0,0,-27,16,101,0,-78,16,52,0,117,16,-1,16,23,16,-37,16,-46,15,-35,16,-93,15,-18,16,-93,15,9,0,-58,15,46,0,-15,15,66,0,29,16,69,0,86,16,47,0,-135,16,4,0,-102,16]"
CSI_DATA,123323,d8:b1:90:d9:de:f0,-37,11,-99,-37,39,104,-1546786695,277,0,106,0,"[90,17,92,0,28,17,-125,0,34,17,-49,0,73,17,-11,0,124,17,5,1,-124,17,-17,0,-103,17,-39,0,-105,17,-73,0,-125,17,-123,0,139,17,125,0,112,17,84,0,109,17,61,0,128,17,48,0,0,0,0,0,-127,17,1,0,-87,17,-72,17,-93,17,133,17,-105,17,51,17,-138,17,1,17,113,17,-11,16,85,17,3,17,72,17,51,17,71,17,94,17,88,17,123,17,115,17,-142,17,-136,17,-131,17,-99,17]"
CSI_DATA,123324,d8:b1:90:d9:de:f0,-38,9,-99,-36,40,104,-1546786241,124,0,106,0,"[66,0,64,15,63,0,-23,14,38,0,-72,14,4,0,-70,14,-14,15,-48,14,-16,15,-19,14,-7,15,16,15,17,0,45,15,61,0,81,15,107,0,121,15,-114,0,-97,15,-97,0,-65,15,-101,0,-41,15,0,0,0,0,102,0,21,0,65,0,87,0,36,0,-97,0,13,0,-19,0,10,0,36,1,15,0,63,1,25,0,55,1,35,0,37,1,35,0,3,1,37,0,-24,0,12,0,-52,0,-15,15,-86,0,-43,15]"
CSI_DATA,123325,d8:b1:90:d9:de:f0,-37,11,-99,-36,39,104,-1546368896,277,0,106,0,"[14,0,66,16,-19,16,-23,15,-86,16,-53,15,-131,16,-38,15,133,16,-2,15,121,16,39,16,135,16,59,16,-127,16,70,16,-87,16,61,16,-54,16,60,16,-24,16,67,16,-6,16,88,16,4,0,126,16,0,0,0,0,54,0,-85,16,97,0,-40,16,-117,0,-5,16,-49,0,14,0,3,1,11,0,31,1,0,0,25,1,-24,16,16,1,-51,16,-1,0,-76,16,-19,0,-98,16,-49,0,-105,16,-93,0,-107,16,-143,0]"
CSI_DATA,123326,d8:b1:90:d9:de:f0,-38,9,-99,-33,39,104,-1546368434,130,0,106,0,"[-26,15,-55,0,-18,15,26,1,16,0,66,1,39,0,64,1,52,0,38,1,52,0,7,1,37,0,-11,0,1,0,-29,0,-44,15,-50,0,-87,15,-69,0,-115,15,-100,0,-123,15,-131,0,-115,15,91,0,0,0,0,0,-91,15,-2,15,-78,15,-69,15,-67,15,118,15,-65,15,49,15,-68,15,-2,14,-72,15,-25,14,-69,15,-23,14,-72,15,-10,14,-79,15,-2,14,-81,15,10,15,-78,15,32,15,-64,15,66,15,-40,15]"
CSI_DATA,123327,d8:b1:90:d9:de:f0,-39,9,-99,-35,40,104,-1546368290,113,0,106,0,"[84,0,-78,0,-102,0,-21,0,-52,0,-18,0,-29,0,-40,0,-31,0,-68,0,-51,0,-87,0,-73,0,-98,0,-109,0,-90,0,88,0,-74,0,50,0,-63,0,18,0,-64,0,-8,14,-80,0,-23,14,-112,0,0,0,0,0,-53,14,59,0,-85,14,0,0,112,14,-51,14,65,14,-95,14,34,14,120,14,14,14,107,14,2,14,112,14,13,14,123,14,13,14,-109,14,23,14,-90,14,46,14,-76,14,81,14,-68,14,-122,14]"
CSI_DATA,123328,d8:b1:90:d9:de:f0,-38,9,-99,-37,40,104,-1546368181,252,0,106,0,"[4,0,-56,0,40,0,27,1,89,0,53,1,119,0,36,1,-129,0,9,1,124,0,-23,0,103,0,-43,0,69,0,-52,0,17,0,-59,0,-26,15,-63,0,-58,15,-75,0,-75,15,-99,0,-74,15,127,0,0,0,0,0,-75,15,39,0,-88,15,-30,15,-115,15,-97,15,116,15,102,15,85,15,58,15,72,15,39,15,62,15,49,15,65,15,66,15,63,15,85,15,62,15,100,15,79,15,121,15,113,15,-119,15,-107,15]"
CSI_DATA,123329,d8:b1:90:d9:de:f0,-37,9,-99,-36,39,104,-1546367988,98,0,106,0,"[113,16,-140,16,24,16,117,16,-37,15,136,16,-41,15,-113,16,-31,15,-80,16,2,16,-65,16,20,16,-66,16,46,16,-85,16,84,16,-124,16,111,16,134,16,-141,16,117,16,-106,16,120,16,-72,16,-142,16,0,0,0,0,7,0,-103,16,80,0,-72,16,-131,0,-65,16,-54,0,-59,16,-5,0,-66,16,21,1,-76,16,19,1,-87,16,3,1,-95,16,-15,0,-107,16,-29,0,-120,16,-53,0,-120,16,-93,0,-102,16,-138,0]"
CSI_DATA,123330,d8:b1:90:d9:de:f0,-35,11,-99,-36,37,104,-1546309202,100,0,114,0,"[33,-12,38,-11,40,-9,42,-11,42,-8,42,-8,40,-8,38,-7,38,-8,36,-9,35,-8,33,-9,35,-11,35,-12,36,-15,38,-16,38,-19,38,-18,39,-21,39,-22,38,-24,38,-26,36,-26,36,-26,33,-26,32,-26,32,-26,32,-28,0,0,28,-29,29,-28,29,-31,28,-32,26,-33,26,-35,25,-36,24,-36,24,-35,21,-36,18,-35,18,-36,15,-35,14,-35,12,-32,12,-32,9,-32,9,-33,8,-35,8,-36,7,-38,8,-39,7,-40,8,-42,8,-43,8,-42,9,-36,11,-35]"
CSI_DATA,123331,d8:b1:90:d9:de:f0,-38,9,-99,-37,40,104,-1546159507,124,0,106,0,"[106,0,-85,0,-87,0,-39,0,-36,0,-44,0,-13,0,-79,0,-22,0,-119,0,-33,0,126,0,-62,0,117,0,-93,0,127,0,-126,0,-109,0,111,0,-80,0,81,0,-69,0,63,0,-76,0,43,0,-101,0,0,0,0,0,-14,15,116,0,-74,15,81,0,117,15,75,0,52,15,75,0,4,15,87,0,-17,14,101,0,-7,14,118,0,4,15,-131,0,23,15,-120,0,47,15,-111,0,66,15,-117,0,89,15,-129,0,127,15]"
CSI_DATA,123332,d8:b1:90:d9:de:f0,-37,11,-99,-35,38,104,-1545951098,277,0,106,0,"[-94,18,92,18,154,18,26,18,84,18,22,18,48,18,55,18,37,18,105,18,57,18,138,18,68,18,151,18,97,18,150,18,145,18,133,18,-128,18,112,18,-94,18,91,18,-67,18,97,18,-46,18,123,18,0,0,0,0,-1,18,-146,18,70,0,-108,18,-154,0,-110,18,-69,0,-114,18,-18,0,-139,18,9,1,130,18,-4,0,103,18,-48,0,77,18,-89,0,73,18,-119,0,73,18,-156,0,88,18,140,0,133,18,125,0]"
CSI_DATA,123333,d8:b1:90:d9:de:f0,-37,9,-99,-33,38,104,-1545950599,108,0,106,0,"[-120,0,-143,17,-65,0,94,17,-53,0,43,17,-72,0,28,17,-101,0,39,17,-115,0,57,17,-116,0,92,17,-113,0,130,17,-92,0,-113,17,-77,0,-54,17,-71,0,-3,17,-85,0,32,0,-114,0,49,0,0,0,0,0,106,0,86,0,36,0,122,0,-30,17,-114,0,-95,17,-61,0,-137,17,-12,0,138,17,13,1,-144,17,16,1,-123,17,17,1,-107,17,-2,0,-97,17,-21,0,-85,17,-57,0,-95,17,-98,0,-99,17]"
CSI_DATA,123334,d8:b1:90:d9:de:f0,-38,9,-99,-34,39,104,-1545950481,113,0,106,0,"[129,0,-99,0,-78,0,-55,0,-32,0,-52,0,-19,0,-70,0,-31,0,-95,0,-43,0,-120,0,-70,0,-122,0,-105,0,-115,0,116,0,-92,0,62,0,-77,0,20,0,-70,0,-9,15,-81,0,-29,15,-97,0,0,0,0,0,-75,15,101,0,-106,15,44,0,103,15,-10,15,39,15,-59,15,-6,14,-82,15,-36,14,-94,15,-38,14,-81,15,-30,14,-64,15,-12,14,-45,15,11,15,-39,15,42,15,-40,15,73,15,-43,15,121,15]"
CSI_DATA,123335,d8:b1:90:d9:de:f0,-39,9,-99,-35,40,104,-1545950318,124,0,106,0,"[-78,14,-74,0,-95,14,-5,0,-77,14,35,0,-51,14,43,0,-25,14,23,0,-21,14,-1,0,-24,14,-22,0,-50,14,-42,0,-84,14,-73,0,-117,14,-102,0,102,14,112,0,98,14,91,0,103,14,64,0,0,0,0,0,-116,14,2,0,-87,14,-58,14,-85,14,116,14,-76,14,49,14,-86,14,0,14,-104,14,-24,13,-109,14,-24,13,-124,14,-5,13,116,14,22,14,-123,14,41,14,-115,14,65,14,-82,14,86,14,-49,14]"
CSI_DATA,123336,d8:b1:90:d9:de:f0,-38,9,-99,-37,40,104,-1545950187,124,0,106,0,"[107,15,-121,0,64,15,-58,0,71,15,-8,0,99,15,1,1,129,15,2,1,-115,15,-20,0,-106,15,-47,0,-116,15,-79,0,119,15,-122,0,97,15,98,0,80,15,67,0,78,15,39,0,99,15,16,0,0,0,0,0,-111,15,-34,15,-77,15,-87,15,-46,15,109,15,-30,15,41,15,-23,15,-19,14,-29,15,-44,14,-50,15,-41,14,-65,15,-22,14,-74,15,0,15,-83,15,20,15,-76,15,48,15,-51,15,77,15,-25,15]"
CSI_DATA,123337,d8:b1:90:d9:de:f0,-37,9,-99,-33,38,104,-1545950065,124,0,106,0,"[21,0,-69,0,43,0,8,1,92,0,36,1,123,0,26,1,143,0,1,1,140,0,-38,0,128,0,-54,0,91,0,-60,0,45,0,-69,0,-13,17,-72,0,-56,17,-78,0,-72,17,-97,0,-85,17,-125,0,0,0,0,0,-102,17,94,0,-124,17,30,0,120,17,-39,17,62,17,-97,17,13,17,-127,17,-23,16,-131,17,-34,16,-114,17,-25,16,-81,17,-9,16,-60,17,9,17,-43,17,39,17,-32,17,85,17,-34,17,124,17]"
CSI_DATA,123338,d8:b1:90:d9:de:f0,-38,9,-99,-34,39,104,-1545949961,124,0,106,0,"[37,0,61,15,20,0,-22,14,-23,15,-60,14,-65,15,-52,14,-93,15,-24,14,-104,15,11,15,-88,15,41,15,-55,15,59,15,-8,15,72,15,41,0,74,15,81,0,82,15,94,0,95,15,96,0,118,15,0,0,0,0,95,0,-75,15,111,0,-11,15,-118,0,56,0,-67,0,115,0,-14,0,-124,0,22,1,-123,0,31,1,124,0,26,1,88,0,13,1,56,0,-8,0,38,0,-43,0,29,0,-83,0,34,0,-126,0]"
CSI_DATA,123339,d8:b1:90:d9:de:f0,-37,9,-99,-37,39,104,-1545949830,124,0,106,0,"[108,0,101,17,131,0,12,17,99,0,-34,16,56,0,-54,16,20,0,-19,16,0,0,-12,16,-5,17,27,17,17,0,55,17,63,0,73,17,108,0,92,17,133,0,117,17,146,0,140,17,137,0,-121,17,0,0,0,0,121,0,-54,17,125,0,19,0,-135,0,93,0,-97,0,-135,0,-54,0,-95,0,-25,0,-88,0,-18,0,-109,0,-13,0,-125,0,-5,0,135,0,-24,0,94,0,-58,0,77,0,-86,0,83,0,-139,0]"
CSI_DATA,123340,d8:b1:90:d9:de:f0,-38,9,-99,-34,39,104,-1545949717,124,0,106,0,"[70,15,-66,15,-19,14,-59,15,-56,14,-15,15,-58,14,37,0,-30,14,68,0,6,15,86,0,34,15,76,0,56,15,47,0,72,15,4,0,78,15,-47,15,83,15,-82,15,93,15,-88,15,113,15,-91,15,0,0,0,0,-79,15,-90,15,-21,15,-105,15,46,0,116,15,92,0,54,15,106,0,-4,14,97,0,-38,14,73,0,-52,14,30,0,-36,14,1,0,-16,14,-20,15,6,15,-25,15,40,15,-13,15,80,15,9,0]"
CSI_DATA,123341,d8:b1:90:d9:de:f0,-38,9,-99,-36,40,104,-1545741744,130,0,106,0,"[-115,15,103,15,75,15,61,15,15,15,60,15,-18,14,94,15,-26,14,-116,15,-13,14,-79,15,5,15,-53,15,43,15,-43,15,97,15,-60,15,-108,15,-90,15,-68,15,-126,15,-45,15,104,15,-34,15,103,15,0,0,0,0,4,0,-117,15,61,0,-94,15,-122,0,-86,15,-45,0,-99,15,13,1,125,15,29,1,86,15,4,1,56,15,-37,0,44,15,-83,0,42,15,-120,0,55,15,108,0,89,15,105,0,-113,15,112,0]"
CSI_DATA,123342,d8:b1:90:d9:de:f0,-38,11,-99,-35,39,104,-1545533299,277,0,106,0,"[134,16,109,16,51,16,80,16,-17,15,93,16,-46,15,-128,16,-47,15,-76,16,-18,15,-34,16,13,16,-13,16,50,16,-13,16,107,16,-51,16,-128,16,-107,16,-116,16,133,16,-109,16,106,16,-109,16,114,16,0,0,0,0,-51,16,-121,16,25,0,-117,16,105,0,137,16,-105,0,74,16,-97,0,13,16,-103,0,-30,15,126,0,-41,15,81,0,-16,15,53,0,18,16,29,0,49,16,47,0,82,16,70,0,114,16,82,0]"
CSI_DATA,123343,d8:b1:90:d9:de:f0,-37,9,-99,-38,39,104,-1545532854,120,0,106,0,"[49,0,73,17,58,0,-17,16,30,0,-70,16,0,0,-74,16,-33,17,-58,16,-48,17,-20,16,-45,17,21,17,-10,17,61,17,41,0,115,17,115,0,-142,17,-125,0,-105,17,-98,0,-90,17,-110,0,-71,17,0,0,0,0,149,0,-14,17,102,0,68,0,91,0,-131,0,85,0,-33,0,108,0,29,1,129,0,45,1,142,0,26,1,146,0,-10,0,130,0,-47,0,101,0,-78,0,58,0,-97,0,9,0,-104,0,-21,17]"
CSI_DATA,123344,d8:b1:90:d9:de:f0,-37,9,-99,-35,39,104,-1545532741,120,0,106,0,"[58,16,-2,16,-34,15,18,0,-74,15,64,0,-67,15,112,0,-37,15,136,0,4,16,-134,0,46,16,126,0,85,16,87,0,109,16,16,0,128,16,-67,16,134,16,-130,16,134,16,122,16,-139,16,123,16,0,0,0,0,-54,16,-113,16,23,0,-102,16,126,0,-121,16,-66,0,111,16,-19,0,65,16,-15,0,34,16,-45,0,21,16,-87,0,30,16,-123,0,61,16,-139,0,103,16,137,0,-122,16,-121,0,-78,16,-112,0]"
CSI_DATA,123345,d8:b1:90:d9:de:f0,-37,9,-99,-35,38,104,-1545477828,101,0,106,0,"[-75,18,91,18,-143,18,13,18,90,18,-7,17,41,18,30,18,22,18,81,18,29,18,140,18,56,18,-133,18,103,18,-113,18,-129,18,-132,18,-56,18,148,18,-7,18,106,18,4,0,84,18,9,0,96,18,0,0,0,0,37,0,-136,18,102,0,-72,18,-113,0,-42,18,-12,0,-44,18,55,1,-78,18,72,1,-112,18,37,1,-156,18,-4,0,155,18,-57,0,-156,18,-91,0,-140,18,-111,0,-106,18,-116,0,-61,18,-123,0]"
CSI_DATA,123346,d8:b1:90:d9:de:f0,-38,9,-99,-35,39,104,-1545323900,98,0,106,0,"[-51,0,-30,16,23,1,-73,16,46,1,-130,16,23,1,97,16,-27,0,78,16,-61,0,78,16,-104,0,101,16,-125,0,-123,16,-129,0,-57,16,-106,0,17,0,-88,0,66,0,-71,0,86,0,-74,0,81,0,0,0,0,0,130,0,82,0,68,0,103,0,7,0,-99,0,-23,16,-26,0,-25,16,35,1,-4,16,61,1,20,0,43,1,42,0,10,1,45,0,-29,0,33,0,-65,0,-10,16,-89,0,-46,16,-85,0,-62,16]"
CSI_DATA,123347,d8:b1:90:d9:de:f0,-37,9,-99,-38,39,104,-1545323741,120,0,106,0,"[55,17,19,0,-26,16,60,0,-54,16,124,0,-26,16,-129,0,15,17,-96,0,71,17,-102,0,109,17,-122,0,131,17,137,0,139,17,60,0,120,17,-19,17,86,17,-76,17,66,17,-93,17,79,17,-82,17,0,0,0,0,146,17,-66,17,-77,17,-109,17,-26,17,115,17,7,0,22,17,-3,17,-40,16,-38,17,-64,16,-68,17,-45,16,-89,17,2,17,-87,17,53,17,-68,17,79,17,-22,17,95,17,17,0,96,17,30,0]"
CSI_DATA,123348,d8:b1:90:d9:de:f0,-41,11,-99,-35,42,104,-1545309234,100,0,228,0,"[-8,-5,-11,-6,-13,-6,-15,-8,-16,-9,-17,-10,-17,-12,84,34,-16,-13,-15,-14,-13,-13,-13,-13,-11,-13,-10,-13,-10,-12,-9,-10,-8,-9,-7,-6,-7,-4,-7,0,-8,1,-26,-23,-10,6,-10,8,-10,8,-11,8,-11,8,-10,8,0,0,-10,8,-8,7,-6,8,-3,8,-2,9,0,11,13,0,4,15,6,16,6,18,6,20,6,20,6,20,5,20,3,20,3,19,3,16,2,16,2,14,2,13,30,0,3,10,5,8,6,6,8,7,10,7,10,6,9,6,1,-7,-5,-7,-10,-2,-10,6,-3,12,6,10,11,3,-7,-19,0,-10,-6,-6,-8,2,-3,9,5,9,12,1,11,-9,0,-16,-13,-14,-22,0,-18,16,-3,25,16,21,16,8,21,-13,5,-22,-10,-18,-17,-5,-13,6,-3,12,0,0,8,0,3,-6,-6,-6,-10,1,-6,10,3,13,16,20,15,-4,7,-13,-3,-13,-11,-6,-11,2,-3,7,3,6,5,0,1,-5,-4,-4,-8,2,-5,10,3,13,17,20,19,-4,12,-16,-1,-23,-16,-16,-22,-2,-16,11,-5,16]"
CSI_DATA,123349,d8:b1:90:d9:de:f0,-37,11,-99,-34,38,104,-1544906600,277,0,106,0,"[68,17,92,0,-8,16,137,0,-26,16,-102,0,3,17,-68,0,47,17,-58,0,98,17,-74,0,130,17,-104,0,148,17,131,0,-150,17,40,0,139,17,-58,17,118,17,-120,17,102,17,-143,17,106,17,-144,17,0,0,0,0,-104,17,-137,17,-27,17,149,17,67,0,98,17,131,0,40,17,-146,0,-9,16,-143,0,-29,16,143,0,-16,16,117,0,22,17,115,0,70,17,117,0,102,17,-150,0,140,17,-121,0,-134,17,-103,0]"
CSI_DATA,123350,d8:b1:90:d9:de:f0,-36,9,-99,-36,38,104,-1544906119,130,0,106,0,"[61,18,-62,18,-37,17,-54,18,-94,17,-6,18,-81,17,50,0,-46,17,98,0,12,18,115,0,64,18,108,0,112,18,62,0,153,18,-27,18,-152,18,-110,18,-154,18,135,18,149,18,104,18,157,18,118,18,0,0,0,0,-91,18,154,18,-1,18,149,18,85,0,112,18,156,0,54,18,-134,0,-8,17,-144,0,-33,17,148,0,-17,17,125,0,21,18,99,0,60,18,110,0,95,18,140,0,128,18,-144,0,154,18,-132,0]"
CSI_DATA,123351,d8:b1:90:d9:de:f0,-37,9,-99,-35,38,104,-1544697256,224,0,106,0,"[57,18,51,0,-19,17,107,0,-39,17,-123,0,3,18,-64,0,63,18,-36,0,134,18,-36,0,-134,18,-64,0,-113,18,-117,0,-130,18,116,0,139,18,47,0,92,18,9,0,62,18,8,0,72,18,23,0,0,0,0,0,140,18,-2,18,-128,18,-64,18,-114,18,154,18,-145,18,66,18,106,18,15,18,62,18,15,18,40,18,59,18,50,18,103,18,69,18,149,18,90,18,-143,18,125,18,-149,18,145,18,144,18,146,18]"
CSI_DATA,123352,d8:b1:90:d9:de:f0,-37,11,-99,-33,38,104,-1544488801,277,0,106,0,"[85,0,-72,0,123,0,6,1,-121,0,34,1,-87,0,23,1,-78,0,-18,0,-94,0,-55,0,-127,0,-93,0,106,0,-112,0,12,0,-117,0,-78,17,-113,0,-145,17,-98,0,123,17,-86,0,121,17,-94,0,0,0,0,0,-139,17,113,0,-137,17,26,0,132,17,-73,17,92,17,132,17,54,17,77,17,25,17,58,17,28,17,71,17,47,17,98,17,80,17,121,17,113,17,131,17,-128,17,122,17,-76,17,94,17,-55,17]"
CSI_DATA,123353,d8:b1:90:d9:de:f0,-37,9,-99,-36,38,104,-1544488356,108,0,106,0,"[86,18,-74,18,-15,17,-81,18,-75,17,-40,18,-76,17,0,0,-50,17,40,0,1,18,69,0,49,18,56,0,100,18,11,0,144,18,-65,18,-148,18,-156,18,-135,18,90,18,-144,18,61,18,-143,18,78,18,0,0,0,0,-83,18,147,18,0,0,-147,18,108,0,-151,18,-113,0,139,18,-54,0,99,18,-41,0,70,18,-61,0,60,18,-101,0,66,18,-134,0,98,18,-143,0,138,18,-135,0,-134,18,-115,0,-94,18,-89,0]"
CSI_DATA,123354,d8:b1:90:d9:de:f0,-37,9,-99,-37,39,104,-1544488239,98,0,106,0,"[70,0,75,17,73,0,-17,16,36,0,-75,16,-13,17,-80,16,-51,17,-42,16,-70,17,-2,16,-63,17,47,17,-16,17,94,17,45,0,127,17,132,0,-145,17,-99,0,-143,17,-75,0,145,17,-79,0,145,17,0,0,0,0,-144,0,-84,17,142,0,-15,17,-139,0,81,0,-100,0,-130,0,-57,0,-79,0,-25,0,-73,0,-23,0,-95,0,-28,0,-131,0,-56,0,143,0,-97,0,128,0,-133,0,142,0,124,0,-122,0,109,0]"
CSI_DATA,123355,d8:b1:90:d9:de:f0,-34,11,-99,-36,36,104,-1544308792,100,0,114,0,"[-6,39,-9,42,-11,44,-12,47,-14,45,-14,45,-14,42,-14,42,-12,38,-12,38,-11,36,-9,38,-9,39,-9,41,-7,41,-7,44,-6,47,-6,49,-4,52,-1,50,-3,50,0,52,0,50,1,50,1,50,3,49,4,49,4,45,0,0,7,45,7,45,9,47,11,49,11,49,12,47,14,47,14,49,14,45,15,44,17,42,15,41,17,38,19,36,17,34,20,34,20,31,20,33,22,31,22,33,25,34,25,34,26,36,25,36,25,38,25,36,22,34,19,33]"
CSI_DATA,123356,d8:b1:90:d9:de:f0,-38,9,-99,-34,39,104,-1544070548,130,0,106,0,"[-79,0,127,15,-39,0,38,15,-52,0,-21,14,-100,0,-37,14,129,0,-21,14,101,0,6,15,90,0,51,15,100,0,98,15,126,0,-114,15,-110,0,-59,15,-91,0,-14,15,-84,0,11,0,-99,0,25,0,0,0,0,0,110,0,81,0,65,0,129,0,24,0,-75,0,-4,15,-14,0,-9,15,31,1,-9,15,48,1,1,0,36,1,10,0,12,1,9,0,-12,0,1,0,-40,0,-22,15,-70,0,-54,15,-88,0,-77,15]"
CSI_DATA,123357,d8:b1:90:d9:de:f0,-37,9,-99,-32,38,104,-1544070441,113,0,106,0,"[-51,0,61,0,37,1,51,0,79,1,8,0,70,1,-28,16,39,1,-52,16,-6,0,-57,16,-35,0,-40,16,-62,0,-7,16,-99,0,48,0,-127,0,111,0,133,0,-133,0,115,0,-111,0,92,0,-113,0,0,0,0,0,13,0,-121,0,-50,16,-131,0,-131,16,-118,0,92,16,-103,0,47,16,-85,0,30,16,-76,0,42,16,-78,0,74,16,-88,0,89,16,-108,0,95,16,-130,0,99,16,124,0,102,16,80,0,95,16]"
CSI_DATA,123358,d8:b1:90:d9:de:f0,-38,9,-99,-35,39,104,-1544045260,98,0,106,0,"[-125,0,-137,0,-61,0,-83,0,2,1,-74,0,23,1,-92,0,23,1,-127,0,1,1,117,0,-30,0,101,0,-91,0,101,0,112,0,116,0,32,0,-125,0,-28,16,-92,0,-61,16,-78,0,-61,16,-88,0,0,0,0,0,-83,16,121,0,-114,16,40,0,93,16,-33,16,26,16,-95,16,-31,15,-123,16,-56,15,-117,16,-49,15,-102,16,-18,15,-85,16,19,16,-70,16,54,16,-77,16,102,16,-99,16,138,16,-126,16,-112,16]"
CSI_DATA,123359,d8:b1:90:d9:de:f0,-38,11,-99,-33,39,104,-1543653203,277,0,106,0,"[79,15,126,0,19,15,-65,0,21,15,-12,0,51,15,-1,0,88,15,-19,0,129,15,-44,0,-124,15,-100,0,-126,15,101,0,120,15,15,0,94,15,-56,15,75,15,-110,15,67,15,-129,15,87,15,-122,15,0,0,0,0,-90,15,-99,15,-9,15,-92,15,85,0,-113,15,-91,0,116,15,-30,0,79,15,-10,0,56,15,-30,0,54,15,-58,0,68,15,-74,0,96,15,-82,0,130,15,-82,0,-80,15,-73,0,-38,15,-60,0]"
CSI_DATA,123360,d8:b1:90:d9:de:f0,-37,9,-99,-35,39,104,-1543652750,113,0,106,0,"[-75,0,-116,16,-17,0,97,16,-13,0,41,16,-51,0,25,16,-87,0,27,16,-117,0,63,16,-134,0,105,16,-131,0,-119,16,-111,0,-42,16,-85,0,23,0,-62,0,68,0,-56,0,91,0,-73,0,88,0,0,0,0,0,127,0,86,0,44,0,105,0,-31,16,-123,0,-100,16,-58,0,-139,16,-6,0,128,16,18,1,-130,16,25,1,-112,16,3,1,-99,16,-28,0,-95,16,-56,0,-116,16,-90,0,125,16,-125,0,111,16]"
CSI_DATA,123361,d8:b1:90:d9:de:f0,-38,9,-99,-35,39,104,-1543443841,98,0,106,0,"[-92,16,-85,0,-99,16,9,1,-51,16,66,1,5,0,67,1,47,0,38,1,76,0,-1,0,73,0,-51,0,33,0,-93,0,-23,16,-115,0,-98,16,-129,0,127,16,-118,0,110,16,-107,0,121,16,-113,0,0,0,0,0,-95,16,97,0,-106,16,18,0,138,16,-69,16,63,16,138,16,-9,15,107,16,-50,15,126,16,-55,15,-104,16,-44,15,-55,16,-3,15,-20,16,42,16,-11,16,82,16,-31,16,105,16,-69,16,112,16]"
CSI_DATA,123362,d8:b1:90:d9:de:f0,-38,9,-99,-34,39,104,-1543443718,101,0,106,0,"[-97,0,-101,15,-22,0,101,15,-5,0,50,15,-31,0,22,15,-64,0,28,15,-98,0,54,15,-120,0,99,15,-133,0,-108,15,-135,0,-20,15,-118,0,65,0,-104,0,128,0,-97,0,-113,0,-105,0,-119,0,0,0,0,0,79,0,108,0,-7,15,84,0,-117,15,85,0,51,15,104,0,-21,14,-132,0,-45,14,-106,0,-25,14,-93,0,13,15,-97,0,48,15,-116,0,81,15,115,0,104,15,54,0,104,15,-14,15,92,15]"
CSI_DATA,123363,d8:b1:90:d9:de:f0,-35,9,-99,-32,36,104,-1543395965,119,0,106,0,"[169,0,-98,0,-108,0,-63,0,-40,0,-90,0,-11,0,-145,0,-9,0,149,0,-25,0,93,0,-57,0,72,0,-81,0,74,0,-114,0,103,0,-145,0,146,0,-169,0,-173,0,-173,0,-152,0,-172,0,-163,0,0,0,0,0,165,0,-179,0,114,0,-170,0,57,0,-114,0,25,0,-43,0,43,0,19,1,87,0,53,1,125,0,36,1,-177,0,-8,0,-153,0,-59,0,-152,0,-110,0,-172,0,-139,0,161,0,-149,0,145,0]"
CSI_DATA,123364,d8:b1:90:d9:de:f0,-36,9,-99,-34,37,104,-1543395708,139,0,106,0,"[53,20,-77,20,-30,18,-78,20,-66,18,-49,20,-53,18,-8,20,-29,18,21,0,8,20,30,0,48,20,20,0,77,20,-13,20,116,20,-65,20,144,20,-137,20,-168,20,148,20,-157,20,116,20,-141,20,114,20,0,0,0,0,-89,20,124,20,-18,20,134,20,70,0,120,20,153,0,84,20,-126,0,34,20,-116,0,2,20,-137,0,-10,18,169,0,-2,18,132,0,21,20,112,0,56,20,112,0,101,20,149,0,150,20,-166,0]"
CSI_DATA,123365,d8:b1:90:d9:de:f0,-37,9,-99,-35,38,104,-1543395573,119,0,106,0,"[-20,18,-36,0,-1,18,33,1,41,0,56,1,77,0,47,1,95,0,9,1,106,0,-22,0,86,0,-57,0,53,0,-83,0,-1,18,-95,0,-72,18,-105,0,-124,18,-114,0,-155,18,-124,0,155,18,-140,0,0,0,0,0,155,18,136,0,144,18,75,0,92,18,3,0,41,18,-55,18,-15,17,-85,18,-50,17,-84,18,-51,17,-52,18,-33,17,-22,18,-6,17,1,0,29,18,6,0,73,18,-8,18,92,18,-46,18,107,18]"
CSI_DATA,123366,d8:b1:90:d9:de:f0,-37,9,-99,-33,38,104,-1543395451,139,0,106,0,"[-139,0,-85,0,-84,0,-50,0,-30,0,-56,0,-16,0,-93,0,-23,0,-138,0,-38,0,128,0,-69,0,120,0,-107,0,121,0,137,0,-146,0,88,0,-110,0,50,0,-81,0,28,0,-63,0,25,0,-62,0,0,0,0,0,-15,17,-95,0,-60,17,-125,0,-133,17,-144,0,81,17,-137,0,27,17,-113,0,8,17,-79,0,32,17,-64,0,71,17,-55,0,106,17,-62,0,135,17,-83,0,145,17,-122,0,135,17,136,0,121,17]"
CSI_DATA,123367,d8:b1:90:d9:de:f0,-38,9,-99,-35,39,104,-1543395222,133,0,106,0,"[56,0,-32,0,99,0,26,1,-122,0,35,1,-101,0,-4,0,-89,0,-46,0,-91,0,-92,0,-104,0,-117,0,131,0,-127,0,79,0,-116,0,33,0,-98,0,-3,16,-73,0,-26,16,-51,0,-25,16,-68,0,0,0,0,0,-45,16,-89,0,-91,16,-128,0,130,16,119,0,65,16,117,0,0,16,-127,0,-5,15,-102,0,23,16,-90,0,58,16,-85,0,94,16,-85,0,122,16,-87,0,128,16,-122,0,125,16,125,0,121,16]"
CSI_DATA,123368,d8:b1:90:d9:de:f0,-37,9,-99,-33,38,104,-1543394970,113,0,106,0,"[0,0,-34,0,36,0,31,1,92,0,46,1,138,0,28,1,-137,0,-20,0,-124,0,-62,0,-135,0,-90,0,124,0,-102,0,71,0,-106,0,21,0,-90,0,-23,17,-76,0,-39,17,-71,0,-38,17,-73,0,0,0,0,0,-56,17,-105,0,-85,17,-138,0,137,17,132,0,70,17,137,0,16,17,-129,0,3,17,-91,0,28,17,-65,0,76,17,-50,0,121,17,-48,0,-144,17,-68,0,-131,17,-106,0,-140,17,-135,0,144,17]"
CSI_DATA,123369,d8:b1:90:d9:de:f0,-37,9,-99,-35,38,104,-1543394744,133,0,106,0,"[150,18,90,18,78,18,62,18,26,18,80,18,9,18,134,18,9,18,-124,18,41,18,-90,18,59,18,-78,18,88,18,-85,18,124,18,-111,18,154,18,-156,18,-143,18,118,18,-140,18,100,18,-134,18,103,18,0,0,0,0,-108,18,118,18,-59,18,123,18,-6,18,89,18,37,0,36,18,50,0,-20,17,30,0,-50,17,-9,18,-42,17,-56,18,-14,17,-78,18,25,18,-89,18,52,18,-78,18,75,18,-39,18,92,18,-26,18]"
CSI_DATA,123370,d8:b1:90:d9:de:f0,-37,9,-99,-37,39,104,-1543394537,113,0,106,0,"[70,17,-142,17,5,17,131,17,-35,16,144,17,-30,16,-115,17,-13,16,-85,17,24,17,-81,17,53,17,-81,17,95,17,-98,17,-146,17,-138,17,-93,17,114,17,-51,17,78,17,-19,17,65,17,-1,17,70,17,0,0,0,0,39,0,100,17,92,0,146,17,-123,0,-122,17,-49,0,-100,17,17,1,-92,17,47,1,-106,17,36,1,-120,17,5,1,-128,17,-27,0,-121,17,-55,0,-112,17,-75,0,-76,17,-86,0,-20,17,-87,0]"
CSI_DATA,123371,d8:b1:90:d9:de:f0,-38,9,-99,-35,39,104,-1543363012,130,0,106,0,"[89,16,74,0,16,16,-129,0,7,16,-56,0,46,16,-14,0,97,16,-7,0,138,16,-33,0,-114,16,-75,0,-105,16,-129,0,-122,16,73,0,118,16,1,0,77,16,-40,16,57,16,-51,16,68,16,-42,16,0,0,0,0,-105,16,-31,16,-17,16,-64,16,66,0,131,16,119,0,31,16,126,0,-53,15,98,0,-94,15,52,0,-87,15,5,0,-51,15,-16,16,0,16,-7,16,52,16,26,0,99,16,85,0,125,16,125,0]"
CSI_DATA,123372,d8:b1:90:d9:de:f0,-40,11,-99,-34,41,104,-1543309201,100,0,228,0,"[10,3,14,4,16,5,18,6,20,8,20,10,21,10,91,37,17,13,16,14,15,14,14,14,13,14,12,13,11,12,11,11,10,10,11,8,11,7,12,6,13,4,-28,-25,14,0,14,0,14,0,15,-1,15,-1,14,-1,0,0,13,-2,12,-2,11,-3,10,-5,10,-7,10,-9,-103,0,9,-14,9,-15,10,-18,10,-18,10,-19,12,-19,13,-18,13,-16,14,-15,14,-15,14,-13,14,-11,14,-10,-55,0,11,-10,10,-10,10,-10,8,-10,7,-10,7,-10,6,-10,0,10,8,10,14,1,11,-9,3,-14,-7,-11,-13,-2,9,20,0,11,8,7,10,0,5,-10,-5,-11,-13,-5,-14,7,-4,17,10,17,21,7,21,-10,9,-24,-10,-24,-10,-9,-24,8,-11,21,6,21,18,10,18,-5,8,-15,0,0,-13,-5,-11,6,-2,13,9,10,14,0,9,-11,6,-26,-13,-9,-15,3,-8,12,2,13,10,6,10,-3,2,-8,-3,-6,-7,0,-3,7,5,9,11,2,11,-8,16,-28,-10,-16,-21,-7,-22,9,-11,21,5,24,17,15,21,1]"
CSI_DATA,123373,d8:b1:90:d9:de:f0,-38,9,-99,-34,39,104,-1543234951,108,0,106,0,"[4,15,-54,15,-52,14,-29,15,-64,14,22,0,-45,14,60,0,-9,14,83,0,25,15,94,0,56,15,85,0,68,15,65,0,76,15,20,0,79,15,-23,15,84,15,-62,15,85,15,-79,15,90,15,-87,15,0,0,0,0,111,15,-116,15,134,15,133,15,-114,15,91,15,-106,15,48,15,-115,15,10,15,-126,15,-4,14,129,15,9,15,115,15,36,15,105,15,57,15,109,15,81,15,117,15,98,15,132,15,113,15,-113,15]"
CSI_DATA,123374,d8:b1:90:d9:de:f0,-39,11,-99,-36,40,104,-1542817606,277,0,106,0,"[-40,15,-68,0,-46,15,20,1,-17,15,67,1,8,0,69,1,25,0,39,1,37,0,3,1,22,0,-36,0,-19,15,-81,0,-76,15,125,0,116,15,82,0,67,15,54,0,51,15,43,0,66,15,33,0,0,0,0,0,-109,15,-12,15,-45,15,-61,15,15,0,116,15,59,0,38,15,77,0,-26,14,73,0,-52,14,63,0,-42,14,50,0,-16,14,45,0,19,15,60,0,54,15,89,0,89,15,119,0,115,15,-116,0]"
CSI_DATA,123375,d8:b1:90:d9:de:f0,-38,9,-99,-35,39,104,-1542817170,120,0,106,0,"[75,16,57,0,-5,15,109,0,-30,15,-106,0,-5,15,-70,0,35,16,-61,0,76,16,-75,0,106,16,-112,0,121,16,106,0,118,16,31,0,100,16,-52,16,89,16,-100,16,82,16,-117,16,93,16,-107,16,0,0,0,0,-86,16,-79,16,-2,16,-79,16,103,0,-114,16,-94,0,112,16,-47,0,55,16,-45,0,19,16,-67,0,15,16,-98,0,28,16,-125,0,58,16,138,0,95,16,-133,0,-135,16,-104,0,-94,16,-89,0]"
CSI_DATA,123376,d8:b1:90:d9:de:f0,-39,9,-99,-36,40,104,-1542817030,120,0,106,0,"[-42,15,69,15,-79,15,-9,14,124,15,-31,14,89,15,-16,14,76,15,18,15,82,15,66,15,109,15,93,15,-94,15,104,15,-27,15,110,15,46,0,101,15,95,0,84,15,105,0,79,15,96,0,85,15,0,0,0,0,75,0,-80,15,76,0,-3,15,109,0,87,0,-99,0,-96,0,-46,0,-58,0,-10,0,-57,0,-4,0,-78,0,-20,0,-113,0,-46,0,123,0,-77,0,118,0,-118,0,127,0,106,0,-111,0,90,0]"
CSI_DATA,123377,d8:b1:90:d9:de:f0,-38,9,-99,-35,39,104,-1542816917,133,0,106,0,"[105,16,117,0,43,16,-85,0,41,16,-17,0,78,16,16,1,126,16,10,1,-112,16,-13,0,-94,16,-62,0,-103,16,-119,0,-137,16,92,0,99,16,28,0,61,16,-4,16,45,16,-11,16,61,16,-8,16,0,0,0,0,-112,16,-26,16,-41,16,-69,16,26,0,130,16,64,0,35,16,64,0,-33,15,46,0,-67,15,17,0,-57,15,-5,16,-31,15,-14,16,8,16,-2,16,49,16,28,0,81,16,68,0,93,16,89,0]"
CSI_DATA,123378,d8:b1:90:d9:de:f0,-37,9,-99,-34,38,104,-1542816791,133,0,106,0,"[-105,0,-106,17,-27,0,122,17,-23,0,48,17,-68,0,8,17,-109,0,3,17,146,0,27,17,120,0,76,17,123,0,131,17,-150,0,-96,17,-105,0,-27,17,-62,0,10,0,-46,0,20,0,-70,0,13,0,0,0,0,0,134,0,21,0,48,0,73,0,-19,17,-140,0,-58,17,-41,0,-58,17,38,1,-38,17,67,1,0,0,66,1,23,0,27,1,30,0,-15,0,20,0,-52,0,-13,17,-83,0,-59,17,-96,0,-82,17]"
CSI_DATA,123379,d8:b1:90:d9:de:f0,-38,9,-99,-35,39,104,-1542816647,113,0,106,0,"[75,0,79,16,76,0,-17,15,30,0,-71,15,-22,16,-78,15,-65,16,-42,15,-80,16,1,16,-71,16,51,16,-27,16,90,16,32,0,123,16,110,0,129,16,-116,0,130,16,-105,0,121,16,-124,0,126,16,0,0,0,0,91,0,-71,16,77,0,11,0,103,0,118,0,-129,0,-76,0,-73,0,-34,0,-28,0,-34,0,-13,0,-65,0,-15,0,-117,0,-44,0,133,0,-80,0,121,0,-122,0,129,0,127,0,-125,0,114,0]"
CSI_DATA,123380,d8:b1:90:d9:de:f0,-37,9,-99,-37,39,104,-1542816502,113,0,106,0,"[106,17,-128,17,11,17,135,17,-56,16,-129,17,-68,16,-77,17,-49,16,-32,17,-11,16,-2,17,30,17,2,0,71,17,-19,17,118,17,-80,17,-147,17,-143,17,-133,17,107,17,-135,17,91,17,-123,17,107,17,0,0,0,0,-53,17,-125,17,26,0,-98,17,129,0,-106,17,-78,0,-142,17,-21,0,100,17,-9,0,68,17,-42,0,41,17,-80,0,48,17,-116,0,68,17,-136,0,88,17,-131,0,124,17,-115,0,-138,17,-109,0]"
CSI_DATA,123381,d8:b1:90:d9:de:f0,-38,9,-99,-35,39,104,-1542816393,124,0,106,0,"[-88,16,86,16,123,16,20,16,54,16,18,16,22,16,51,16,11,16,103,16,29,16,-137,16,61,16,-114,16,107,16,-109,16,-106,16,137,16,-62,16,101,16,-31,16,68,16,-25,16,59,16,-30,16,81,16,0,0,0,0,4,0,-122,16,61,0,-66,16,-126,0,-37,16,-35,0,-35,16,28,1,-58,16,47,1,-92,16,27,1,-128,16,-13,0,-136,16,-46,0,137,16,-73,0,-121,16,-87,0,-93,16,-78,0,-59,16,-79,0]"
CSI_DATA,123382,d8:b1:90:d9:de:f0,-38,9,-99,-34,39,104,-1542608252,130,0,106,0,"[72,15,-118,15,-15,14,-131,15,-67,14,-95,15,-75,14,-45,15,-48,14,0,0,-10,14,25,0,25,15,23,0,63,15,4,0,101,15,-46,15,129,15,-101,15,-119,15,131,15,-106,15,112,15,-96,15,115,15,0,0,0,0,-26,15,-123,15,30,0,-113,15,117,0,-119,15,-79,0,117,15,-38,0,73,15,-27,0,40,15,-55,0,26,15,-87,0,26,15,-122,0,41,15,120,0,65,15,113,0,105,15,124,0,-127,15,132,0]"
CSI_DATA,123383,d8:b1:90:d9:de:f0,-38,11,-99,-36,40,104,-1542399807,277,0,106,0,"[51,15,71,0,-7,14,-127,0,-12,14,-69,0,23,15,-25,0,71,15,-21,0,114,15,-37,0,-115,15,-75,0,-112,15,-115,0,126,15,79,0,89,15,27,0,60,15,-2,15,56,15,-10,15,77,15,-7,15,0,0,0,0,125,15,-32,15,-82,15,-85,15,-65,15,97,15,-61,15,30,15,-79,15,-10,14,-98,15,-27,14,-123,15,-10,14,-126,15,19,15,-126,15,47,15,-112,15,71,15,-88,15,84,15,-57,15,83,15,-40,15]"
CSI_DATA,123384,d8:b1:90:d9:de:f0,-39,9,-99,-34,40,104,-1542399326,98,0,106,0,"[-112,14,-63,0,108,14,12,0,-115,14,64,0,-79,14,63,0,-43,14,42,0,-26,14,-3,0,-26,14,-45,0,-53,14,-100,0,-99,14,80,0,97,14,35,0,58,14,6,0,43,14,-3,14,60,14,-9,14,0,0,0,0,-104,14,-53,14,-50,14,-93,14,-4,14,88,14,34,0,26,14,51,0,-27,13,50,0,-46,13,44,0,-32,13,35,0,-5,13,26,0,27,14,34,0,50,14,59,0,84,14,94,0,118,14,116,0]"
CSI_DATA,123385,d8:b1:90:d9:de:f0,-37,9,-99,-34,38,104,-1542380851,119,0,106,0,"[-51,0,-70,17,30,1,-121,17,48,1,129,17,23,1,90,17,-22,0,76,17,-66,0,89,17,-97,0,120,17,-121,0,-131,17,-127,0,-53,17,-123,0,22,0,-118,0,87,0,-121,0,120,0,-140,0,121,0,0,0,0,0,95,0,130,0,15,0,149,0,-65,17,-116,0,-134,17,-58,0,133,17,-9,0,125,17,20,1,146,17,22,1,-128,17,4,1,-101,17,-23,0,-90,17,-58,0,-95,17,-114,0,-127,17,144,0,-149,17]"
CSI_DATA,123386,d8:b1:90:d9:de:f0,-37,9,-99,-36,39,104,-1542380468,139,0,106,0,"[-60,0,88,0,26,1,90,0,75,1,53,0,75,1,3,0,50,1,-38,16,4,1,-57,16,-35,0,-57,16,-77,0,-31,16,-114,0,28,0,-140,0,87,0,127,0,140,0,117,0,-122,0,102,0,-122,0,0,0,0,0,47,0,-143,0,-23,16,139,0,-98,16,-126,0,117,16,-94,0,79,16,-49,0,70,16,-19,0,96,16,-7,0,131,16,-23,0,-124,16,-38,0,-103,16,-60,0,-100,16,-108,0,-121,16,135,0,-138,16]"
CSI_DATA,123387,d8:b1:90:d9:de:f0,-38,9,-99,-37,40,104,-1542379935,119,0,106,0,"[-97,15,-60,0,-118,15,22,1,-99,15,68,1,-64,15,71,1,-41,15,46,1,-25,15,13,1,-29,15,-33,0,-49,15,-88,0,-90,15,114,0,128,15,50,0,94,15,5,0,72,15,-23,15,80,15,-36,15,0,0,0,0,-110,15,-77,15,-50,15,-102,15,17,0,99,15,71,0,36,15,106,0,-19,14,114,0,-40,14,96,0,-33,14,83,0,-12,14,66,0,19,15,63,0,60,15,79,0,110,15,110,0,-107,15,-125,0]"
CSI_DATA,123388,d8:b1:90:d9:de:f0,-39,9,-99,-34,40,104,-1542379575,139,0,106,0,"[35,14,23,0,-39,13,51,0,-66,13,93,0,-46,13,-117,0,-19,13,-96,0,23,14,-106,0,54,14,116,0,79,14,74,0,102,14,9,0,116,14,-57,14,-117,14,-109,14,-112,14,105,14,-101,14,101,14,0,0,0,0,-34,14,118,14,28,0,-110,14,104,0,-112,14,-63,0,107,14,-10,0,79,14,3,0,60,14,-9,0,50,14,-38,0,57,14,-71,0,72,14,-98,0,98,14,-107,0,-102,14,-106,0,-48,14,-97,0]"
CSI_DATA,123389,d8:b1:90:d9:de:f0,-35,11,-99,-35,37,104,-1542309147,100,0,114,0,"[31,9,34,12,37,15,35,17,35,20,34,20,31,20,31,20,31,19,30,19,28,17,28,17,30,17,28,16,30,17,31,16,32,17,35,19,35,19,38,19,38,19,39,19,38,19,38,17,37,17,37,17,37,16,37,16,0,0,35,15,38,16,38,16,39,17,41,16,42,16,41,16,41,16,41,15,41,13,39,13,38,12,37,10,35,9,35,9,34,9,34,9,35,8,37,9,37,8,38,9,39,9,41,10,43,13,42,13,39,15,39,17,34,17]"
CSI_DATA,123390,d8:b1:90:d9:de:f0,-39,9,-99,-35,40,104,-1542190462,119,0,106,0,"[121,14,87,14,46,14,51,14,-4,13,69,14,-12,13,109,14,1,14,-105,14,38,14,-82,14,76,14,-80,14,120,14,-104,14,-77,14,103,14,-44,14,63,14,-28,14,29,14,-20,14,33,14,-18,14,60,14,0,0,0,0,14,0,-117,14,68,0,-61,14,-109,0,-31,14,-42,0,-11,14,9,0,-6,14,29,0,-13,14,24,0,-23,14,0,0,-31,14,-18,0,-30,14,-28,0,-24,14,-36,0,-2,14,-46,0,15,0,-58,0]"
CSI_DATA,123391,d8:b1:90:d9:de:f0,-38,9,-99,-34,39,104,-1542190313,139,0,106,0,"[-52,0,41,0,29,1,32,0,61,1,-11,15,45,1,-51,15,15,1,-70,15,-30,0,-63,15,-56,0,-42,15,-69,0,1,0,-83,0,60,0,-86,0,118,0,-85,0,-120,0,-91,0,-116,0,-117,0,-133,0,0,0,0,0,72,0,117,0,5,0,117,0,-72,15,-127,0,-134,15,-88,0,95,15,-59,0,77,15,-38,0,87,15,-34,0,108,15,-43,0,121,15,-57,0,122,15,-64,0,119,15,-77,0,113,15,-103,0,124,15]"
CSI_DATA,123392,d8:b1:90:d9:de:f0,-39,9,-99,-34,40,104,-1542190179,119,0,106,0,"[25,0,38,14,4,0,-33,13,-41,14,-57,13,-72,14,-39,13,-91,14,-2,13,-86,14,33,14,-67,14,58,14,-20,14,68,14,30,0,68,14,81,0,61,14,110,0,60,14,110,0,66,14,99,0,84,14,0,0,0,0,83,0,-83,14,102,0,-17,14,-103,0,46,0,-57,0,93,0,-19,0,118,0,1,0,118,0,4,0,107,0,-4,0,91,0,-18,0,82,0,-32,0,80,0,-40,0,85,0,-53,0,90,0,-69,0]"
CSI_DATA,123393,d8:b1:90:d9:de:f0,-38,9,-99,-34,39,104,-1542190066,139,0,106,0,"[57,15,62,0,-10,14,116,0,-14,14,-92,0,19,15,-63,0,64,15,-61,0,104,15,-81,0,116,15,-114,0,106,15,110,0,86,15,58,0,54,15,10,0,33,15,-8,15,32,15,-15,15,62,15,-14,15,0,0,0,0,-132,15,-41,15,-81,15,-82,15,-39,15,113,15,-19,15,47,15,-19,15,-9,14,-32,15,-30,14,-45,15,-22,14,-60,15,1,15,-56,15,13,15,-58,15,23,15,-48,15,30,15,-37,15,40,15,-36,15]"
CSI_DATA,123394,d8:b1:90:d9:de:f0,-39,9,-99,-34,40,104,-1542189949,133,0,106,0,"[108,0,68,14,117,0,-6,13,80,0,-48,13,40,0,-47,13,2,0,-21,13,-4,14,12,14,0,0,48,14,36,0,72,14,83,0,85,14,-111,0,95,14,-84,0,100,14,-86,0,102,14,-105,0,119,14,0,0,0,0,101,0,-61,14,103,0,3,0,-112,0,68,0,-79,0,-118,0,-43,0,-87,0,-17,0,-85,0,-13,0,-101,0,-17,0,118,0,-27,0,105,0,-40,0,98,0,-48,0,100,0,-61,0,103,0,-73,0]"
CSI_DATA,123395,d8:b1:90:d9:de:f0,-39,9,-99,-36,41,104,-1542189778,113,0,106,0,"[-25,13,-41,0,4,0,30,0,61,0,54,0,101,0,32,0,-107,0,-10,0,-107,0,-52,0,96,0,-77,0,58,0,-84,0,6,0,-69,0,-34,13,-49,0,-52,13,-30,0,-48,13,-31,0,-37,13,-55,0,0,0,0,0,-35,13,103,0,-73,13,50,0,93,13,16,0,32,13,-1,13,-9,12,2,0,-32,12,20,0,-24,12,41,0,-4,12,54,0,14,13,62,0,27,13,61,0,38,13,51,0,40,13,40,0,55,13]"
CSI_DATA,123396,d8:b1:90:d9:de:f0,-40,9,-99,-34,41,104,-1542189642,133,0,106,0,"[-68,0,-106,12,-42,0,36,12,-68,0,-21,11,98,0,-29,11,57,0,-11,11,30,0,12,12,28,0,51,12,53,0,82,12,89,0,97,12,-80,0,-104,12,-59,0,105,12,-56,0,100,12,-78,0,-105,12,0,0,0,0,84,0,-51,12,91,0,5,0,106,0,65,0,-70,0,-106,0,-27,0,-76,0,-3,0,-84,0,-5,0,105,0,-2,0,82,0,-19,0,63,0,-27,0,52,0,-37,0,57,0,-43,0,58,0,-59,0]"
CSI_DATA,123397,d8:b1:90:d9:de:f0,-39,9,-99,-36,41,104,-1542189498,113,0,106,0,"[48,0,49,13,21,0,-31,12,-33,13,-60,12,-84,13,-35,12,-110,13,7,13,-112,13,51,13,-93,13,74,13,-55,13,81,13,-9,13,73,13,24,0,49,13,44,0,31,13,33,0,28,13,19,0,52,13,0,0,0,0,24,0,-114,13,69,0,-61,13,-102,0,-33,13,-39,0,-31,13,5,0,-47,13,18,0,-81,13,8,0,-99,13,-15,0,-112,13,-39,0,106,13,-56,0,-113,13,-64,0,-106,13,-68,0,-99,13,-78,0]"
CSI_DATA,123398,d8:b1:90:d9:de:f0,-37,9,-99,-37,39,104,-1542102357,321,0,106,0,"[115,0,-98,0,-110,0,-38,0,-41,0,-40,0,-16,0,-77,0,-21,0,-130,0,-41,0,133,0,-76,0,117,0,-115,0,125,0,127,0,-138,0,84,0,-93,0,49,0,-61,0,39,0,-51,0,38,0,-80,0,0,0,0,0,-1,17,-133,0,-72,17,118,0,128,17,116,0,47,17,127,0,-2,16,-132,0,-10,16,-100,0,25,17,-79,0,65,17,-76,0,98,17,-94,0,118,17,-125,0,114,17,137,0,94,17,112,0,93,17]"
CSI_DATA,123399,d8:b1:90:d9:de:f0,-38,9,-99,-37,40,104,-1542097957,321,0,106,0,"[-78,0,-113,15,-29,0,86,15,-33,0,32,15,-74,0,8,15,-116,0,4,15,118,0,30,15,98,0,68,15,110,0,114,15,-121,0,-94,15,-79,0,-50,15,-44,0,-26,15,-38,0,-16,15,-58,0,-20,15,0,0,0,0,-122,0,16,0,92,0,81,0,79,0,-95,0,92,0,-17,0,121,0,24,1,-116,0,27,1,-95,0,5,1,-103,0,-36,0,-121,0,-71,0,119,0,-88,0,82,0,-87,0,47,0,-65,0,46,0]"
CSI_DATA,123400,d8:b1:90:d9:de:f0,-37,9,-99,-35,38,104,-1542097507,321,0,106,0,"[-89,0,-118,18,-30,0,117,18,-31,0,44,18,-88,0,1,18,-154,0,-1,17,116,0,31,18,95,0,72,18,106,0,123,18,146,0,-136,18,-108,0,-101,18,-63,0,-91,18,-53,0,-94,18,-79,0,-89,18,0,0,0,0,152,0,-34,18,138,0,50,0,-139,0,140,0,-88,0,-97,0,-30,0,-70,0,6,1,-90,0,7,1,-136,0,-14,0,124,0,-48,0,90,0,-80,0,90,0,-110,0,112,0,-124,0,146,0,-113,0]"
CSI_DATA,123401,d8:b1:90:d9:de:f0,-37,9,-99,-37,39,104,-1542097195,321,0,106,0,"[-105,17,-80,0,-135,17,0,1,-117,17,53,1,-87,17,53,1,-54,17,33,1,-43,17,-9,0,-47,17,-55,0,-80,17,-105,0,-136,17,130,0,97,17,78,0,57,17,47,0,43,17,33,0,64,17,21,0,0,0,0,0,144,17,-42,17,-98,17,-101,17,-54,17,97,17,-35,17,11,17,-35,17,-50,16,-42,17,-68,16,-55,17,-42,16,-48,17,-3,16,-34,17,33,17,-5,17,62,17,38,0,79,17,86,0,85,17,106,0]"
CSI_DATA,123402,d8:b1:90:d9:de:f0,-38,11,-99,-34,39,104,-1541773108,277,0,106,0,"[25,15,16,0,-37,14,54,0,-48,14,111,0,-15,14,-129,0,25,15,-119,0,72,15,-121,0,100,15,109,0,100,15,63,0,80,15,0,0,60,15,-46,15,43,15,-76,15,44,15,-76,15,52,15,-65,15,0,0,0,0,126,15,-82,15,-98,15,-111,15,-56,15,99,15,-33,15,39,15,-29,15,-14,14,-46,15,-37,14,-64,15,-28,14,-76,15,-6,14,-84,15,12,15,-75,15,38,15,-56,15,50,15,-40,15,57,15,-26,15]"
CSI_DATA,123403,d8:b1:90:d9:de:f0,-37,9,-99,-36,39,104,-1541772645,124,0,106,0,"[24,0,-33,0,67,0,26,1,124,0,35,1,-131,0,3,1,-118,0,-44,0,-124,0,-87,0,132,0,-111,0,96,0,-107,0,44,0,-83,0,12,0,-48,0,-19,16,-22,0,-17,16,-20,0,-6,16,-51,0,0,0,0,0,-13,16,-92,0,-67,16,-131,0,-138,16,-133,0,88,16,-130,0,51,16,-105,0,47,16,-79,0,63,16,-69,0,95,16,-66,0,118,16,-68,0,131,16,-83,0,138,16,-97,0,133,16,-106,0,138,16]"
CSI_DATA,123404,d8:b1:90:d9:de:f0,-38,9,-99,-34,39,104,-1541772506,108,0,106,0,"[27,15,-3,15,-43,14,43,0,-52,14,104,0,-8,14,-117,0,42,15,-99,0,90,15,-111,0,116,15,129,0,113,15,87,0,92,15,38,0,57,15,6,0,29,15,-5,15,18,15,1,0,38,15,14,0,0,0,0,0,103,15,-2,15,127,15,-52,15,134,15,-115,15,108,15,94,15,70,15,56,15,48,15,58,15,33,15,88,15,34,15,123,15,43,15,-116,15,52,15,-97,15,70,15,-99,15,88,15,-110,15,95,15]"
CSI_DATA,123405,d8:b1:90:d9:de:f0,-37,9,-99,-37,39,104,-1541772406,133,0,106,0,"[91,17,-123,0,70,17,-49,0,105,17,4,1,-130,17,12,1,-77,17,-3,0,-53,17,-43,0,-47,17,-72,0,-69,17,-98,0,-123,17,-121,0,131,17,-124,0,103,17,-116,0,103,17,-115,0,123,17,-125,0,0,0,0,0,-144,17,128,0,138,17,68,0,93,17,27,0,40,17,-1,17,-8,16,-1,17,-27,16,12,0,-23,16,41,0,3,17,58,0,30,17,81,0,48,17,94,0,61,17,88,0,65,17,71,0,79,17]"
CSI_DATA,123406,d8:b1:90:d9:de:f0,-38,9,-99,-34,39,104,-1541772235,133,0,106,0,"[99,15,93,15,40,15,60,15,-4,14,74,15,1,15,110,15,18,15,-132,15,56,15,-111,15,100,15,-109,15,-116,15,-135,15,-67,15,96,15,-15,15,58,15,14,0,24,15,25,0,20,15,25,0,41,15,0,0,0,0,63,0,106,15,101,0,-109,15,-100,0,-61,15,-30,0,-31,15,21,1,-16,15,33,1,-19,15,28,1,-22,15,7,1,-32,15,-20,0,-25,15,-34,0,-9,15,-50,0,10,0,-63,0,40,0,-72,0]"
CSI_DATA,123407,d8:b1:90:d9:de:f0,-37,9,-99,-36,39,104,-1541772064,113,0,106,0,"[-10,16,-37,0,39,0,26,1,105,0,39,1,-131,0,-1,0,-111,0,-51,0,-116,0,-98,0,-142,0,-124,0,116,0,-117,0,80,0,-85,0,59,0,-51,0,49,0,-25,0,57,0,-31,0,68,0,-57,0,0,0,0,0,67,0,-96,0,8,0,-123,0,-46,16,-87,0,-89,16,-54,0,-96,16,-15,0,-87,16,16,1,-51,16,24,1,-15,16,8,1,14,0,-16,0,29,0,-39,0,26,0,-47,0,20,0,-57,0,21,0]"
CSI_DATA,123408,d8:b1:90:d9:de:f0,-38,9,-99,-37,40,104,-1541771928,113,0,106,0,"[-48,15,27,15,-83,15,-25,14,-126,15,-32,14,122,15,-3,14,116,15,37,15,-121,15,63,15,-96,15,83,15,-46,15,84,15,10,0,83,15,63,0,65,15,98,0,55,15,110,0,55,15,107,0,77,15,0,0,0,0,113,0,-131,15,-128,0,-67,15,-77,0,-18,15,-34,0,24,0,10,1,46,0,24,1,49,0,17,1,43,0,4,1,30,0,-14,0,30,0,-29,0,26,0,-45,0,41,0,-57,0,61,0,-73,0]"
CSI_DATA,123409,d8:b1:90:d9:de:f0,-37,9,-99,-37,39,104,-1541771792,130,0,106,0,"[-88,17,-47,0,-85,17,20,1,-48,17,53,1,-18,17,36,1,4,0,8,1,16,0,-42,0,-5,17,-69,0,-47,17,-91,0,-108,17,-109,0,135,17,-123,0,91,17,-131,0,79,17,-142,0,93,17,137,0,0,0,0,0,120,17,76,0,123,17,13,0,100,17,-56,17,69,17,-117,17,39,17,138,17,17,17,124,17,15,17,136,17,24,17,-138,17,46,17,-120,17,62,17,-123,17,78,17,-130,17,102,17,-135,17,115,17]"
CSI_DATA,123410,d8:b1:90:d9:de:f0,-38,9,-99,-34,39,104,-1541771621,113,0,106,0,"[4,0,14,15,-36,15,-51,14,-94,15,-66,14,-131,15,-27,14,130,15,19,15,-129,15,65,15,-100,15,91,15,-51,15,100,15,6,0,88,15,60,0,67,15,87,0,51,15,95,0,47,15,85,0,64,15,0,0,0,0,95,0,-134,15,124,0,-83,15,-95,0,-38,15,-30,0,-9,15,21,1,-5,15,43,1,-11,15,31,1,-37,15,13,1,-48,15,-14,0,-56,15,-30,0,-58,15,-43,0,-41,15,-50,0,-22,15,-64,0]"
CSI_DATA,123411,d8:b1:90:d9:de:f0,-37,9,-99,-35,38,104,-1541563719,130,0,106,0,"[111,0,-141,0,-124,0,-70,0,-37,0,-59,0,6,1,-90,0,20,1,-135,0,15,1,114,0,-6,0,89,0,-47,0,78,0,-116,0,97,0,132,0,133,0,80,0,-134,0,56,0,-106,0,51,0,-112,0,0,0,0,0,25,0,133,0,-44,18,64,0,-154,18,26,0,45,18,18,0,-45,17,51,0,-86,17,105,0,-69,17,154,0,-25,17,-122,0,34,18,-107,0,73,18,-114,0,111,18,-155,0,136,18,105,0,136,18]"
CSI_DATA,123412,d8:b1:90:d9:de:f0,-36,9,-99,-34,37,104,-1541563584,113,0,106,0,"[128,0,160,20,-170,0,66,20,150,0,-10,18,110,0,-49,18,56,0,-57,18,14,0,-36,18,-8,20,-8,18,-6,20,28,20,26,0,85,20,82,0,136,20,142,0,-168,20,168,0,-146,20,-169,0,-132,20,0,0,0,0,121,0,-76,20,97,0,16,0,113,0,130,0,154,0,-100,0,-122,0,-36,0,-53,0,-18,0,-6,0,-46,0,4,1,-109,0,-6,0,-165,0,-30,0,142,0,-80,0,118,0,-134,0,124,0,166,0]"
CSI_DATA,123413,d8:b1:90:d9:de:f0,-42,11,-99,-34,43,104,-1541355309,277,0,106,0,"[52,0,-32,0,-83,0,-6,0,-60,0,-15,0,-63,0,-34,0,-76,0,-50,0,75,0,-52,0,55,0,-39,0,44,0,-17,0,30,0,5,0,22,0,15,0,16,0,13,0,12,0,-8,0,7,0,-38,0,0,0,0,0,-9,10,80,0,-40,10,46,0,-78,10,19,0,53,10,-2,10,22,10,-14,10,2,10,-11,10,2,10,-4,10,6,10,4,0,15,10,4,0,14,10,2,0,13,10,-2,10,6,10,-2,10,14,10]"
CSI_DATA,123414,d8:b1:90:d9:de:f0,-42,9,-99,-34,43,104,-1541354819,101,0,106,0,"[22,10,13,0,-10,9,46,0,-4,9,76,0,18,10,84,0,38,10,78,0,47,10,64,0,39,10,50,0,16,10,36,0,-4,9,30,0,-16,9,30,0,-10,9,32,0,9,10,36,0,36,10,31,0,0,0,0,0,-73,10,8,0,-50,10,-27,10,-32,10,-67,10,-25,10,57,10,-33,10,22,10,-49,10,8,10,-63,10,8,10,-69,10,19,10,-74,10,30,10,-73,10,33,10,-74,10,30,10,-85,10,28,10,70,10]"
CSI_DATA,123415,d8:b1:90:d9:de:f0,-43,9,-99,-36,44,104,-1541354697,252,0,106,0,"[-37,9,-28,0,-18,9,10,0,13,0,16,0,27,0,-1,0,32,0,-19,0,20,0,-31,0,6,0,-29,0,-10,9,-14,0,-18,9,4,0,-20,9,12,0,-12,9,11,0,-8,9,-5,0,-6,9,-32,0,0,0,0,0,-8,9,68,0,-35,9,39,0,-66,9,16,0,51,9,2,0,17,9,1,0,2,9,11,0,3,9,25,0,11,9,37,0,22,9,44,0,22,9,49,0,20,9,51,0,18,9,59,0,33,9]"
CSI_DATA,123416,d8:b1:90:d9:de:f0,-42,9,-99,-34,43,104,-1541354504,224,0,106,0,"[-24,10,25,10,-65,10,-3,9,70,10,6,10,60,10,35,10,67,10,56,10,-82,10,60,10,-75,10,51,10,-72,10,30,10,-73,10,6,10,-79,10,-1,9,84,10,8,10,-83,10,28,10,-74,10,56,10,0,0,0,0,-38,10,-66,10,4,0,-52,10,49,0,-54,10,-82,0,-71,10,-54,0,77,10,-47,0,53,10,-58,0,39,10,-75,0,36,10,82,0,34,10,72,0,33,10,75,0,27,10,71,0,20,10,44,0]"
CSI_DATA,123417,d8:b1:90:d9:de:f0,-41,9,-99,-36,43,104,-1541354314,113,0,106,0,"[50,10,83,0,38,10,-54,0,55,10,-24,0,83,10,-27,0,-79,10,-38,0,-77,10,-55,0,-89,10,-58,0,71,10,-51,0,52,10,-40,0,50,10,-33,0,54,10,-29,0,72,10,-35,0,-89,10,-62,0,0,0,0,0,-53,10,71,0,-65,10,31,0,-85,10,-2,10,63,10,-33,10,31,10,-46,10,12,10,-40,10,7,10,-26,10,11,10,-6,10,23,10,3,0,20,10,10,0,15,10,15,0,12,10,26,0,23,10]"
CSI_DATA,123418,d8:b1:90:d9:de:f0,-43,9,-99,-33,44,104,-1541325578,113,0,106,0,"[26,8,-39,8,2,8,-37,8,4,8,-28,8,28,8,-26,8,56,8,-32,8,-64,8,-55,8,-53,8,54,8,-50,8,10,8,-57,8,-26,8,-67,8,-44,8,-73,8,-41,8,-72,8,-18,8,-57,8,13,8,0,0,0,0,-20,8,65,8,8,0,-64,8,38,0,-50,8,64,0,-33,8,-64,0,-17,8,-56,0,-2,8,-51,0,12,0,-46,0,27,0,-40,0,39,0,-21,0,55,0,1,0,57,0,21,0,52,0,26,0]"
CSI_DATA,123419,d8:b1:90:d9:de:f0,-46,11,-99,-34,48,104,-1541309237,100,0,228,0,"[-2,4,-2,5,-3,6,-3,7,-4,7,-4,7,-4,6,40,16,-4,5,-3,4,-2,4,-1,3,0,3,1,3,2,4,4,4,5,5,6,6,7,7,8,8,8,9,-12,-11,7,9,7,9,6,9,5,8,4,7,4,6,0,0,3,4,3,3,3,1,4,1,4,0,4,0,-43,0,4,-1,4,-2,4,-2,3,-2,3,-2,2,-2,1,-3,0,-3,0,-3,-1,-4,-1,-5,-2,-6,-2,-7,-29,5,-2,-9,-1,-10,-1,-11,0,-11,1,-10,2,-9,3,-7,-10,-1,-9,6,-3,10,4,9,9,4,8,-2,3,-6,-6,0,-4,-1,-3,3,1,4,4,1,4,-3,0,-6,-4,-5,-7,0,-5,4,0,7,4,5,6,0,3,-4,6,4,-4,0,-3,3,1,4,6,1,6,-4,1,-8,0,0,-9,-1,-9,5,-3,10,5,10,10,4,10,-4,9,-11,-3,-9,-7,-4,-7,2,-2,5,1,4,3,0,1,-1,0,-2,-2,0,-1,1,0,2,2,1,2,-1,-1,-11,-2,-2,-3,0,-1,3,1,3,4,0,4,-3,0,-5]"
CSI_DATA,123420,d8:b1:90:d9:de:f0,-46,9,-99,-34,47,104,-1541145920,119,0,106,0,"[-41,6,-26,6,23,6,-21,6,4,6,3,0,9,6,24,0,23,6,33,0,35,6,27,0,44,6,12,0,43,6,-12,6,35,6,-39,6,17,6,45,6,5,6,33,6,-1,5,36,6,4,6,46,6,0,0,0,0,28,6,-30,6,-48,6,-28,6,-13,6,-35,6,21,0,-46,6,49,0,45,6,-45,0,32,6,-39,0,27,6,-43,0,27,6,-37,0,35,6,-26,0,41,6,-1,0,47,6,24,0,47,6,36,0]"
CSI_DATA,123421,d8:b1:90:d9:de:f0,-46,9,-99,-36,48,104,-1541145798,139,0,106,0,"[-48,5,-1,5,25,5,24,0,21,5,-49,0,35,5,-35,0,-50,5,-33,0,-41,5,-42,0,-42,5,44,0,44,5,26,0,23,5,11,0,1,5,4,0,-14,5,7,0,-17,5,16,0,-10,5,21,0,0,0,0,0,32,5,25,0,-49,5,10,0,-24,5,-12,5,-7,5,-42,5,0,0,29,5,0,0,11,5,2,0,5,5,2,0,6,5,7,0,7,5,19,0,1,5,38,0,-11,5,48,0,-31,5,39,0]"
CSI_DATA,123422,d8:b1:90:d9:de:f0,-47,9,-99,-34,48,104,-1541145681,119,0,106,0,"[28,0,-35,5,25,0,22,5,3,0,4,5,-16,5,7,5,-24,5,18,5,-22,5,31,5,-11,5,39,5,8,0,37,5,29,0,27,5,46,0,13,5,-42,0,0,5,-46,0,-8,5,39,0,-4,5,0,0,0,0,13,0,25,5,13,0,-45,5,21,0,-15,5,38,0,13,0,-36,0,34,0,-23,0,42,0,-17,0,43,0,-16,0,43,0,-19,0,46,0,-21,0,-36,0,-15,0,-16,0,-2,0,0,0,15,0]"
CSI_DATA,123423,d8:b1:90:d9:de:f0,-46,9,-99,-36,48,104,-1541145550,139,0,106,0,"[44,0,-19,5,-43,0,44,5,46,0,18,5,25,0,10,5,9,0,17,5,7,0,30,5,13,0,41,5,33,0,48,5,-42,0,49,5,-21,0,41,5,-11,0,28,5,-13,0,19,5,-25,0,17,5,0,0,0,0,38,0,36,5,30,0,-39,5,27,0,-7,5,34,0,26,0,48,0,-48,0,-41,0,-34,0,-36,0,-31,0,-36,0,-33,0,-38,0,-31,0,-39,0,-19,0,-41,0,0,0,-34,0,21,0,-11,0]"
CSI_DATA,123424,d8:b1:90:d9:de:f0,-39,9,-99,-36,40,104,-1540937039,130,0,106,0,"[-65,0,-19,15,15,1,-32,15,59,1,-54,15,53,1,-76,15,42,1,-85,15,6,1,-77,15,-14,0,-64,15,-50,0,-38,15,-104,0,14,0,104,0,73,0,60,0,-125,0,29,0,-93,0,17,0,-94,0,0,0,0,0,-10,15,115,0,-58,15,40,0,-122,15,-22,15,60,15,-88,15,-2,14,-123,15,-34,14,118,15,-40,14,-120,15,-18,14,-103,15,10,15,-86,15,40,15,-88,15,86,15,-94,15,-113,15,-113,15,-77,15]"
CSI_DATA,123425,d8:b1:90:d9:de:f0,-39,9,-99,-33,40,104,-1540936922,130,0,106,0,"[-117,13,-92,0,77,13,-20,0,80,13,32,0,106,13,46,0,-105,13,41,0,-84,13,18,0,-68,13,-11,0,-67,13,-62,0,-83,13,101,0,-104,13,23,0,107,13,-35,13,88,13,-69,13,89,13,-80,13,0,0,0,0,-76,13,-58,13,-4,13,-52,13,88,0,-69,13,-58,0,-106,13,1,0,89,13,22,0,62,13,10,0,44,13,-15,0,55,13,-50,0,68,13,-81,0,92,13,-99,0,-94,13,-102,0,-39,13,-100,0]"
CSI_DATA,123426,d8:b1:90:d9:de:f0,-37,9,-99,-33,38,104,-1540918871,124,0,106,0,"[-116,17,98,17,122,17,17,17,69,17,-5,16,48,17,4,17,47,17,32,17,66,17,61,17,94,17,88,17,-145,17,112,17,-63,17,131,17,28,0,146,17,102,0,-135,17,-143,0,-130,17,-139,0,-108,17,0,0,0,0,113,0,-39,17,65,0,45,0,39,0,-142,0,18,0,-35,0,21,0,51,1,31,0,90,1,49,0,77,1,56,0,48,1,55,0,8,1,45,0,-21,0,11,0,-68,0,-40,17,-113,0,-80,17]"
CSI_DATA,123427,d8:b1:90:d9:de:f0,-37,9,-99,-33,38,104,-1540894814,98,0,106,0,"[-70,0,-47,17,23,1,-86,17,66,1,-130,17,55,1,137,17,36,1,121,17,0,1,133,17,-34,0,-143,17,-68,0,-102,17,-115,0,-24,17,131,0,55,0,94,0,123,0,76,0,-129,0,57,0,-127,0,0,0,0,0,3,0,91,0,-62,17,18,0,145,17,-50,17,41,17,-106,17,-40,16,-131,17,-78,16,-130,17,-84,16,-110,17,-57,16,-87,17,-16,16,-68,17,27,17,-57,17,83,17,-75,17,145,17,-101,17,-105,17]"
CSI_DATA,123428,d8:b1:90:d9:de:f0,-37,11,-99,-32,38,104,-1540519712,277,0,106,0,"[40,16,-126,0,13,16,-59,0,39,16,-15,0,79,16,-12,0,130,16,-28,0,-124,16,-61,0,-116,16,-98,0,-131,16,-139,0,124,16,99,0,92,16,56,0,71,16,21,0,60,16,5,0,71,16,-5,16,0,0,0,0,98,16,-49,16,123,16,-87,16,129,16,124,16,117,16,68,16,96,16,28,16,76,16,24,16,74,16,46,16,72,16,87,16,87,16,117,16,109,16,140,16,-142,16,-141,16,-108,16,134,16,-87,16]"
CSI_DATA,123429,d8:b1:90:d9:de:f0,-38,9,-99,-34,39,104,-1540519231,98,0,106,0,"[2,15,-93,15,-68,14,-52,15,-85,14,14,0,-48,14,64,0,-3,14,98,0,46,15,95,0,81,15,79,0,98,15,43,0,106,15,-3,15,103,15,-57,15,97,15,-90,15,91,15,-102,15,94,15,-97,15,0,0,0,0,-131,15,-110,15,-98,15,133,15,-66,15,78,15,-68,15,9,15,-93,15,-32,14,-123,15,-36,14,116,15,-6,14,94,15,43,15,105,15,84,15,116,15,123,15,-121,15,-131,15,-85,15,134,15,-72,15]"
CSI_DATA,123430,d8:b1:90:d9:de:f0,-37,9,-99,-36,39,104,-1540310349,108,0,106,0,"[107,16,-102,0,76,16,-16,0,103,16,42,1,-131,16,50,1,-76,16,29,1,-50,16,-12,0,-40,16,-65,0,-62,16,-117,0,-111,16,112,0,115,16,67,0,74,16,42,0,60,16,39,0,76,16,35,0,0,0,0,0,-143,16,-22,16,-107,16,-87,16,-95,16,107,16,-105,16,25,16,-138,16,-28,15,123,16,-33,15,108,16,-2,15,111,16,38,16,131,16,81,16,-127,16,105,16,-83,16,108,16,-43,16,93,16,-29,16]"
CSI_DATA,123431,d8:b1:90:d9:de:f0,-35,11,-99,-36,37,104,-1540304768,100,0,114,0,"[8,-33,12,-36,15,-36,19,-38,22,-36,24,-35,24,-32,25,-29,25,-29,25,-26,24,-26,24,-26,24,-26,25,-26,25,-26,25,-26,28,-28,31,-28,31,-29,32,-29,35,-31,33,-29,35,-28,35,-28,33,-26,33,-26,33,-25,32,-22,0,0,33,-21,35,-21,35,-21,36,-21,39,-21,39,-19,39,-19,40,-19,39,-18,38,-18,38,-18,35,-15,33,-15,33,-14,33,-12,32,-12,31,-11,33,-9,33,-9,36,-8,38,-9,39,-8,40,-7,42,-5,42,-2,40,0,39,2,35,4]"
CSI_DATA,123432,d8:b1:90:d9:de:f0,-37,9,-99,-33,38,104,-1540277022,130,0,106,0,"[64,17,-87,17,-13,16,-97,17,-63,16,-64,17,-58,16,-21,17,-32,16,4,0,16,17,26,0,54,17,13,0,84,17,-20,17,115,17,-81,17,137,17,-145,17,-139,17,103,17,-136,17,95,17,-122,17,109,17,0,0,0,0,-49,17,-147,17,19,0,-128,17,112,0,-147,17,-107,0,114,17,-64,0,69,17,-54,0,39,17,-76,0,30,17,-103,0,39,17,-133,0,55,17,-144,0,86,17,-137,0,117,17,-128,0,144,17,-121,0]"
CSI_DATA,123433,d8:b1:90:d9:de:f0,-36,9,-99,-33,37,104,-1540231122,130,0,106,0,"[85,19,49,0,1,19,75,0,-29,18,128,0,-14,18,-154,0,23,19,-121,0,63,19,-112,0,98,19,-116,0,112,19,-146,0,116,19,121,0,101,19,55,0,79,19,2,0,63,19,-12,19,75,19,-15,19,0,0,0,0,123,19,-20,19,-147,19,-63,19,-108,19,-149,19,-94,19,95,19,-115,19,19,19,-152,19,-14,18,145,19,-1,18,125,19,36,19,114,19,80,19,115,19,112,19,136,19,136,19,-160,19,137,19,-137,19]"
CSI_DATA,123434,d8:b1:90:d9:de:f0,-38,11,-99,-36,40,104,-1539684114,277,0,106,0,"[83,15,29,0,27,15,31,0,-10,14,59,0,-12,14,91,0,6,15,122,0,33,15,-121,0,49,15,-114,0,63,15,-122,0,62,15,92,0,51,15,52,0,31,15,23,0,17,15,8,0,24,15,18,0,0,0,0,0,53,15,47,0,114,15,23,0,-107,15,-36,15,-84,15,-109,15,-102,15,71,15,112,15,32,15,71,15,32,15,45,15,57,15,30,15,94,15,17,15,-126,15,32,15,-107,15,62,15,-104,15,79,15]"
CSI_DATA,123435,d8:b1:90:d9:de:f0,-39,9,-99,-33,40,104,-1539683615,341,0,106,0,"[-11,13,83,13,10,0,21,13,-3,13,-19,12,-21,13,-33,12,-44,13,-29,12,-54,13,-9,12,-55,13,7,13,-31,13,24,13,13,0,52,13,69,0,65,13,-110,0,71,13,-84,0,68,13,-81,0,66,13,0,0,0,0,112,0,88,13,88,0,-90,13,84,0,-11,13,105,0,74,0,-90,0,-90,0,-47,0,-57,0,-11,0,-57,0,-1,0,-86,0,2,0,-114,0,-8,0,99,0,-35,0,91,0,-73,0,103,0,-97,0]"
CSI_DATA,123436,d8:b1:90:d9:de:f0,-38,9,-99,-35,40,104,-1539683412,321,0,106,0,"[26,0,-84,0,7,0,-27,0,16,0,13,0,36,0,25,0,57,0,20,0,65,0,5,0,65,0,-14,0,42,0,-25,0,0,0,-35,0,-52,14,-46,0,-103,14,-54,0,119,14,-50,0,114,14,-53,0,0,0,0,0,-102,14,-72,0,-90,14,118,0,-103,14,48,0,116,14,-33,14,63,14,-88,14,14,14,-112,14,-14,13,-107,14,-26,13,-86,14,-23,13,-58,14,-5,13,-35,14,22,14,-35,14,47,14,-58,14,68,14]"
CSI_DATA,123437,d8:b1:90:d9:de:f0,-37,9,-99,-34,38,104,-1539668132,441,0,106,0,"[-103,17,-121,0,-135,17,-7,0,-117,17,70,1,-73,17,83,1,-45,17,71,1,-27,17,29,1,-29,17,-13,0,-49,17,-64,0,-105,17,-139,0,135,17,96,0,86,17,51,0,66,17,30,0,82,17,20,0,0,0,0,0,-109,17,-3,17,-16,17,-43,17,79,0,-122,17,-148,0,87,17,-106,0,5,17,-101,0,-36,16,-133,0,-47,16,146,0,-19,16,117,0,15,17,109,0,52,17,120,0,103,17,148,0,-142,17,-139,0]"
CSI_DATA,123438,d8:b1:90:d9:de:f0,-37,9,-99,-34,38,104,-1539667771,421,0,106,0,"[92,17,10,0,-17,16,72,0,-60,16,-144,0,-26,16,-74,0,29,17,-61,0,73,17,-65,0,120,17,-95,0,147,17,147,0,144,17,68,0,129,17,-13,17,117,17,-71,17,103,17,-92,17,121,17,-83,17,0,0,0,0,-76,17,-28,17,30,0,-22,17,144,0,-52,17,-47,0,-115,17,11,1,120,17,21,1,71,17,-21,0,53,17,-57,0,48,17,-99,0,59,17,-149,0,95,17,147,0,148,17,-141,0,-99,17,-140,0]"
CSI_DATA,123439,d8:b1:90:d9:de:f0,-36,9,-99,-36,37,104,-1539658127,98,0,106,0,"[-42,21,56,21,-132,21,-43,19,129,21,-59,19,66,21,-5,19,63,21,63,21,81,21,138,21,124,21,170,21,-177,21,-170,21,-80,21,176,21,-2,21,146,21,39,0,121,21,59,0,117,21,53,0,155,21,0,0,0,0,76,0,-77,21,134,0,11,0,-135,0,91,0,-26,0,129,0,55,1,132,0,87,1,105,0,63,1,50,0,9,1,16,0,-35,0,-7,21,-80,0,-1,21,-131,0,31,0,-163,0,69,0,-180,0]"
CSI_DATA,123440,d8:b1:90:d9:de:f0,-38,9,-99,-34,39,104,-1539474724,130,0,106,0,"[-59,0,44,0,25,1,30,0,70,1,-26,15,64,1,-85,15,26,1,-123,15,-21,0,124,15,-62,0,132,15,-92,0,-103,15,-106,0,-45,15,-99,0,26,0,-79,0,73,0,-62,0,90,0,-62,0,85,0,0,0,0,0,-108,0,82,0,113,0,99,0,70,0,-105,0,52,0,-42,0,59,0,21,1,82,0,44,1,112,0,23,1,132,0,-8,0,-130,0,-46,0,132,0,-80,0,105,0,-105,0,67,0,-105,0,33,0]"
CSI_DATA,123441,d8:b1:90:d9:de:f0,-37,9,-99,-37,39,104,-1539474580,113,0,106,0,"[-115,0,-136,17,-66,0,86,17,-72,0,17,17,-112,0,-13,16,131,0,-11,16,80,0,2,17,57,0,35,17,63,0,73,17,93,0,122,17,146,0,-136,17,-91,0,-109,17,-69,0,-105,17,-91,0,-107,17,0,0,0,0,-114,0,-94,17,-125,0,-32,17,-98,0,42,0,-58,0,107,0,-13,0,127,0,21,1,116,0,21,1,88,0,12,1,42,0,-12,0,19,0,-41,0,11,0,-75,0,17,0,-103,0,39,0,-115,0]"
CSI_DATA,123442,d8:b1:90:d9:de:f0,-37,9,-99,-35,38,104,-1539474472,101,0,106,0,"[-69,0,-36,18,14,1,-74,18,34,1,-143,18,8,1,111,18,-39,0,77,18,-94,0,75,18,-133,0,90,18,-151,0,128,18,-139,0,-119,18,-108,0,-64,18,-72,0,-25,18,-51,0,-11,18,-64,0,-17,18,0,0,0,0,-96,0,-8,18,-134,0,41,0,-132,0,116,0,-113,0,-127,0,-78,0,-84,0,-46,0,-75,0,-26,0,-102,0,-25,0,-151,0,-36,0,121,0,-58,0,99,0,-96,0,88,0,-133,0,107,0,-151,0]"
CSI_DATA,123443,d8:b1:90:d9:de:f0,-39,11,-99,-33,40,104,-1539308902,100,0,228,0,"[13,-3,17,-4,21,-4,23,-3,25,-1,27,0,27,1,99,41,23,4,22,5,21,6,19,6,18,5,17,5,16,4,14,2,14,0,14,0,13,-1,13,-4,13,-5,-31,-27,13,-9,12,-9,11,-9,11,-10,10,-10,9,-10,0,0,6,-11,5,-11,3,-12,1,-14,0,-16,0,-18,0,13,-1,-22,-2,-22,-1,-23,-1,-23,-1,-23,-1,-22,0,-22,0,-21,0,-21,0,-19,0,-19,0,-18,0,-17,11,0,0,-15,-1,-14,-1,-13,-2,-13,-2,-12,-2,-11,-2,-11,6,11,13,5,14,-5,6,-14,-4,-14,-12,-6,-11,4,22,15,6,9,11,0,8,-10,-1,-13,-13,-8,-16,5,-10,18,5,22,21,12,25,-6,15,-22,-3,-28,-22,-17,-14,-4,-17,20,1,24,17,14,20,-1,11,-14,-2,-16,0,0,-13,5,-4,13,7,11,13,1,11,-10,0,-14,-12,-29,-14,1,-8,11,3,12,11,5,10,-5,1,-10,-7,-7,-10,1,-5,10,4,11,12,3,12,-7,4,-16,-10,-33,-21,-6,-21,10,-10,22,7,23,21,12,22,-2,13,-14]"
CSI_DATA,123444,d8:b1:90:d9:de:f0,-36,11,-99,-38,38,104,-1539266315,277,0,106,0,"[-60,20,81,20,-110,20,-8,18,153,20,-30,18,102,20,5,20,65,20,58,20,84,20,110,20,102,20,152,20,148,20,157,20,-118,20,138,20,-57,20,97,20,-14,20,49,20,-4,20,30,20,-8,20,49,20,0,0,0,0,-29,20,100,20,29,0,156,20,116,0,169,20,-134,0,-169,20,-70,0,146,20,-45,0,109,20,-64,0,78,20,-108,0,73,20,-149,0,76,20,168,0,93,20,161,0,126,20,-161,0,169,20,-141,0]"
CSI_DATA,123445,d8:b1:90:d9:de:f0,-36,9,-99,-36,38,104,-1539265834,130,0,106,0,"[-114,0,-127,18,-52,0,118,18,-69,0,41,18,-123,0,-2,17,129,0,-15,17,84,0,11,18,49,0,42,18,56,0,76,18,98,0,124,18,158,0,148,18,-117,0,154,18,-95,0,138,18,-114,0,137,18,0,0,0,0,149,0,154,18,149,0,-101,18,-134,0,-40,18,-75,0,7,0,-13,0,18,0,23,1,-6,18,27,1,-40,18,0,1,-83,18,-35,0,-107,18,-75,0,-119,18,-96,0,-104,18,-101,0,-66,18,-96,0]"
CSI_DATA,123446,d8:b1:90:d9:de:f0,-37,9,-99,-33,38,104,-1539265726,113,0,106,0,"[-113,0,-146,17,-48,0,91,17,-33,0,41,17,-75,0,8,17,-110,0,12,17,-135,0,33,17,140,0,75,17,146,0,131,17,-123,0,-98,17,-84,0,-32,17,-54,0,21,0,-35,0,42,0,-39,0,47,0,0,0,0,0,-94,0,66,0,135,0,99,0,78,0,-131,0,30,0,-66,0,9,0,-1,0,3,0,32,1,2,0,27,1,13,0,11,1,26,0,-13,0,21,0,-36,0,-13,17,-69,0,-55,17,-83,0,-87,17]"
CSI_DATA,123447,d8:b1:90:d9:de:f0,-37,9,-99,-32,38,104,-1539056916,98,0,106,0,"[-136,0,-39,0,-59,0,-8,0,-6,0,-38,0,2,1,-88,0,-23,0,-136,0,-46,0,117,0,-86,0,113,0,-127,0,123,0,113,0,-133,0,65,0,-96,0,26,0,-81,0,3,0,-71,0,-10,16,-77,0,0,0,0,0,-59,16,-97,0,-88,16,-118,0,134,16,-138,0,78,16,-143,0,31,16,-136,0,7,16,-125,0,19,16,-112,0,40,16,-104,0,70,16,-99,0,100,16,-112,0,122,16,142,0,130,16,104,0,127,16]"
CSI_DATA,123448,d8:b1:90:d9:de:f0,-38,9,-99,-37,40,104,-1539056803,113,0,106,0,"[97,0,16,15,78,0,-54,14,25,0,-74,14,-20,15,-56,14,-42,15,-14,14,-45,15,20,15,-30,15,55,15,-2,15,75,15,44,0,92,15,91,0,103,15,128,0,117,15,-115,0,-126,15,-111,0,-112,15,0,0,0,0,-101,0,-82,15,-93,0,-39,15,-61,0,3,0,-30,0,48,0,-2,0,77,0,17,1,85,0,21,1,67,0,13,1,47,0,-2,0,19,0,-29,0,7,0,-61,0,7,0,-91,0,37,0,-118,0]"
CSI_DATA,123449,d8:b1:90:d9:de:f0,-38,9,-99,-32,39,104,-1539056685,108,0,106,0,"[-12,0,64,0,61,1,28,0,77,1,-26,15,47,1,-81,15,1,1,-102,15,-40,0,-97,15,-71,0,-77,15,-83,0,-47,15,-90,0,5,0,-90,0,56,0,-91,0,88,0,-94,0,111,0,-102,0,117,0,0,0,0,0,123,0,122,0,84,0,-116,0,46,0,-81,0,16,0,-33,0,3,0,8,1,9,0,36,1,31,0,39,1,54,0,20,1,75,0,-9,0,86,0,-50,0,69,0,-80,0,25,0,-100,0,-7,15]"
CSI_DATA,123450,d8:b1:90:d9:de:f0,-37,9,-99,-33,38,104,-1538848044,113,0,106,0,"[-123,17,-69,0,-140,17,16,1,-116,17,61,1,-91,17,63,1,-60,17,39,1,-43,17,-2,0,-49,17,-32,0,-80,17,-73,0,-120,17,-135,0,131,17,113,0,101,17,66,0,94,17,36,0,112,17,15,0,0,0,0,0,-129,17,-50,17,-77,17,-103,17,-30,17,113,17,4,0,45,17,23,0,-16,16,21,0,-43,16,19,0,-40,16,9,0,-20,16,4,0,2,17,3,0,25,17,21,0,58,17,46,0,95,17,70,0]"
CSI_DATA,123451,d8:b1:90:d9:de:f0,-38,9,-99,-35,39,104,-1538847908,265,0,106,0,"[-39,0,-70,16,20,1,-124,16,31,1,103,16,1,1,75,16,-31,0,73,16,-66,0,89,16,-86,0,116,16,-93,0,-122,16,-94,0,-66,16,-102,0,-3,16,-110,0,43,0,-124,0,68,0,135,0,87,0,0,0,0,0,50,0,102,0,-13,16,114,0,-87,16,-125,0,128,16,-86,0,93,16,-49,0,76,16,-22,0,83,16,-15,0,105,16,-22,0,135,16,-37,0,-129,16,-56,0,-122,16,-89,0,-121,16,-125,0,-121,16]"
CSI_DATA,123452,d8:b1:90:d9:de:f0,-38,9,-99,-36,40,104,-1538847693,285,0,106,0,"[63,15,126,0,20,15,-63,0,33,15,-10,0,66,15,-4,0,102,15,-7,0,-121,15,-24,0,-107,15,-55,0,-112,15,-92,0,-127,15,114,0,111,15,63,0,100,15,26,0,99,15,-3,15,112,15,-21,15,0,0,0,0,-80,15,-64,15,-40,15,-105,15,7,0,97,15,35,0,38,15,46,0,-18,14,38,0,-41,14,24,0,-33,14,10,0,-18,14,0,0,3,15,-10,15,25,15,0,0,51,15,12,0,78,15,27,0]"
CSI_DATA,123453,d8:b1:90:d9:de:f0,-38,9,-99,-35,39,104,-1538847492,128,0,106,0,"[-56,0,114,0,28,1,107,0,70,1,66,0,67,1,22,0,40,1,-8,16,3,1,-27,16,-28,0,-21,16,-56,0,-2,16,-92,0,38,0,-124,0,81,0,125,0,121,0,99,0,135,0,77,0,131,0,0,0,0,0,7,0,116,0,-54,16,102,0,-131,16,117,0,77,16,-139,0,31,16,-112,0,17,16,-86,0,32,16,-70,0,63,16,-63,0,93,16,-64,0,115,16,-78,0,137,16,-106,0,-134,16,138,0,-126,16]"
CSI_DATA,123454,d8:b1:90:d9:de:f0,-37,9,-99,-37,39,104,-1538847082,98,0,106,0,"[-98,17,53,17,120,17,-2,16,49,17,6,17,24,17,47,17,15,17,98,17,42,17,145,17,64,17,-133,17,100,17,-127,17,-138,17,-143,17,-91,17,123,17,-50,17,101,17,-24,17,94,17,-16,17,116,17,0,0,0,0,26,0,-146,17,83,0,-99,17,-130,0,-85,17,-53,0,-86,17,1,1,-107,17,18,1,-135,17,0,1,129,17,-41,0,116,17,-72,0,113,17,-95,0,114,17,-127,0,136,17,-137,0,-117,17,-138,0]"
CSI_DATA,123455,d8:b1:90:d9:de:f0,-38,9,-99,-35,39,104,-1538846968,120,0,106,0,"[-133,16,-63,0,-121,16,27,1,-64,16,74,1,-8,16,69,1,38,0,39,1,58,0,-1,0,66,0,-33,0,46,0,-64,0,2,0,-90,0,-44,16,-109,0,-76,16,-124,0,-95,16,137,0,-99,16,119,0,0,0,0,0,-100,16,54,0,-123,16,-4,16,113,16,-61,16,56,16,-102,16,0,16,-118,16,-31,15,-106,16,-37,15,-71,16,-20,15,-39,16,1,16,-10,16,23,16,18,0,52,16,15,0,88,16,5,0,117,16]"
CSI_DATA,123456,d8:b1:90:d9:de:f0,-37,9,-99,-33,38,104,-1538846855,120,0,106,0,"[-47,0,80,0,43,1,53,0,78,1,-10,17,63,1,-70,17,25,1,-106,17,-19,0,-122,17,-54,0,-108,17,-77,0,-86,17,-99,0,-41,17,-100,0,20,0,-103,0,56,0,-110,0,76,0,-130,0,76,0,0,0,0,0,107,0,90,0,53,0,115,0,5,0,-108,0,-25,17,-40,0,-21,17,15,1,-3,17,46,1,35,0,42,1,70,0,13,1,92,0,-19,0,99,0,-49,0,88,0,-79,0,61,0,-105,0,35,0]"
CSI_DATA,123457,d8:b1:90:d9:de:f0,-37,9,-99,-34,38,104,-1538765604,130,0,106,0,"[29,17,-53,17,-58,16,-10,17,-90,16,52,0,-68,16,104,0,-20,16,135,0,33,17,146,0,67,17,128,0,95,17,98,0,116,17,39,0,123,17,-24,17,131,17,-72,17,144,17,-97,17,-142,17,-103,17,0,0,0,0,-74,17,-127,17,-21,17,149,17,36,0,91,17,76,0,33,17,85,0,-16,16,79,0,-46,16,48,0,-42,16,14,0,-28,16,-10,17,4,17,-23,17,30,17,-22,17,66,17,-5,17,108,17,20,0]"
CSI_DATA,123458,d8:b1:90:d9:de:f0,-38,11,-99,-35,39,104,-1538430717,277,0,106,0,"[62,16,-122,16,-29,15,-122,16,-73,15,-79,16,-62,15,-27,16,-33,15,10,0,15,16,16,0,64,16,4,0,98,16,-42,16,128,16,-102,16,-138,16,116,16,-127,16,77,16,-129,16,71,16,-111,16,89,16,0,0,0,0,-32,16,-137,16,34,0,-124,16,117,0,-129,16,-87,0,119,16,-31,0,87,16,-32,0,64,16,-44,0,58,16,-85,0,63,16,-105,0,76,16,-116,0,100,16,-124,0,127,16,-113,0,-112,16,-110,0]"
CSI_DATA,123459,d8:b1:90:d9:de:f0,-37,9,-99,-34,38,104,-1538430254,98,0,106,0,"[-134,17,-78,0,-142,17,13,1,-92,17,59,1,-39,17,57,1,8,0,24,1,23,0,-21,0,11,0,-66,0,-24,17,-95,0,-86,17,-108,0,-139,17,-114,0,125,17,-122,0,122,17,-122,0,143,17,-148,0,0,0,0,0,-134,17,86,0,-150,17,14,0,110,17,-54,17,61,17,-111,17,13,17,-135,17,-14,16,-127,17,-15,16,-104,17,-2,16,-74,17,19,17,-53,17,45,17,-45,17,65,17,-51,17,89,17,-70,17,106,17]"
CSI_DATA,123460,d8:b1:90:d9:de:f0,-38,9,-99,-35,39,104,-1538430131,130,0,106,0,"[-128,0,-89,0,-42,0,-56,0,21,1,-88,0,29,1,131,0,11,1,81,0,-26,0,49,0,-67,0,46,0,-101,0,73,0,-135,0,123,0,127,0,-109,0,121,0,-82,0,123,0,-79,0,111,0,-98,0,0,0,0,0,41,0,-136,0,-17,16,137,0,-92,16,-122,0,136,16,-79,0,106,16,-28,0,114,16,-4,0,138,16,-4,0,-114,16,-14,0,-88,16,-30,0,-71,16,-50,0,-75,16,-70,0,-87,16,-92,0,-87,16]"
CSI_DATA,123461,d8:b1:90:d9:de:f0,-37,9,-99,-34,38,104,-1538430014,138,0,106,0,"[41,17,11,0,-35,16,62,0,-48,16,140,0,-13,16,-114,0,45,17,-103,0,98,17,-106,0,123,17,-143,0,125,17,116,0,104,17,65,0,68,17,14,0,47,17,-8,17,49,17,-10,17,76,17,-2,17,0,0,0,0,143,17,-39,17,-118,17,-86,17,-101,17,129,17,-106,17,58,17,-133,17,9,17,141,17,-2,16,117,17,20,17,99,17,59,17,110,17,90,17,118,17,114,17,140,17,123,17,-142,17,128,17,-124,17]"
CSI_DATA,123462,d8:b1:90:d9:de:f0,-38,9,-99,-35,39,104,-1538429861,158,0,106,0,"[109,16,-101,0,70,16,-13,0,92,16,35,1,129,16,41,1,-116,16,4,1,-91,16,-31,0,-97,16,-87,0,-124,16,133,0,111,16,71,0,67,16,14,0,41,16,-19,16,42,16,-34,16,66,16,-43,16,0,0,0,0,-116,16,-85,16,-56,16,-115,16,17,0,98,16,68,0,37,16,95,0,-14,15,105,0,-33,15,97,0,-19,15,85,0,0,16,82,0,25,16,89,0,56,16,105,0,97,16,128,0,121,16,-134,0]"
CSI_DATA,123463,d8:b1:90:d9:de:f0,-35,11,-99,-36,37,104,-1538308802,100,0,114,0,"[-36,-2,-40,-5,-43,-8,-42,-12,-42,-16,-40,-16,-38,-19,-35,-19,-33,-18,-31,-19,-31,-19,-29,-19,-31,-21,-29,-21,-31,-22,-32,-24,-32,-25,-33,-26,-35,-28,-35,-29,-32,-29,-33,-31,-31,-31,-32,-31,-31,-31,-29,-31,-28,-31,-28,-31,0,0,-26,-31,-25,-32,-25,-33,-25,-35,-25,-36,-24,-36,-24,-38,-24,-38,-24,-38,-22,-36,-22,-35,-19,-35,-19,-33,-18,-32,-16,-32,-15,-32,-15,-31,-14,-31,-15,-33,-12,-33,-14,-35,-14,-38,-12,-39,-11,-42,-8,-42,-5,-43,-1,-40,1,-36]"
CSI_DATA,123464,d8:b1:90:d9:de:f0,-37,11,-99,-34,38,104,-1538221817,277,0,106,0,"[149,0,73,17,150,0,-14,16,106,0,-73,16,54,0,-68,16,2,0,-38,16,-8,17,11,17,-13,17,35,17,17,0,59,17,58,0,87,17,108,0,106,17,139,0,134,17,-144,0,140,17,-146,0,-140,17,0,0,0,0,144,0,-78,17,-140,0,-24,17,-114,0,39,0,-74,0,93,0,-23,0,128,0,17,1,130,0,19,1,112,0,9,1,67,0,-9,0,49,0,-28,0,22,0,-51,0,28,0,-90,0,49,0,-108,0]"
CSI_DATA,123465,d8:b1:90:d9:de:f0,-37,9,-99,-36,39,104,-1538221355,236,0,106,0,"[70,16,-126,0,31,16,-48,0,47,16,-1,0,78,16,5,1,107,16,-11,0,-142,16,-42,0,142,16,-79,0,132,16,-127,0,123,16,96,0,102,16,34,0,87,16,-15,16,92,16,-46,16,109,16,-62,16,0,0,0,0,-103,16,-100,16,-46,16,-124,16,26,0,112,16,83,0,59,16,120,0,12,16,139,0,-14,15,124,0,-22,15,99,0,-2,15,90,0,19,16,86,0,42,16,94,0,79,16,109,0,118,16,130,0]"
CSI_DATA,123466,d8:b1:90:d9:de:f0,-38,9,-99,-34,39,104,-1538221188,256,0,106,0,"[90,0,-40,0,-123,0,15,1,-75,0,16,1,-54,0,-9,0,-57,0,-51,0,-76,0,-75,0,-108,0,-96,0,115,0,-103,0,63,0,-95,0,6,0,-87,0,-50,15,-84,0,-73,15,-98,0,-86,15,-121,0,0,0,0,0,-101,15,88,0,-123,15,27,0,99,15,-38,15,55,15,-100,15,18,15,131,15,-4,14,123,15,-1,14,131,15,-3,14,-116,15,11,15,-97,15,43,15,-90,15,78,15,-87,15,108,15,-108,15,-124,15]"
CSI_DATA,123467,d8:b1:90:d9:de:f0,-37,9,-99,-36,39,104,-1538221040,236,0,106,0,"[-38,16,26,16,-90,16,-47,15,136,16,-58,15,104,16,-23,15,102,16,19,16,115,16,52,16,-142,16,83,16,-99,16,94,16,-35,16,93,16,21,0,93,16,66,0,99,16,96,0,114,16,102,0,133,16,0,0,0,0,114,0,-87,16,132,0,-14,16,-115,0,49,0,-69,0,113,0,-22,0,-134,0,4,1,-125,0,8,1,-142,0,-2,0,127,0,-17,0,103,0,-43,0,84,0,-80,0,90,0,-117,0,113,0,138,0]"
CSI_DATA,123468,d8:b1:90:d9:de:f0,-37,9,-99,-35,38,104,-1538220837,256,0,106,0,"[29,0,-29,0,75,0,40,1,132,0,56,1,-145,0,24,1,-127,0,-15,0,-150,0,-46,0,144,0,-73,0,103,0,-85,0,50,0,-94,0,-8,18,-96,0,-59,18,-101,0,-94,18,-116,0,-105,18,-149,0,0,0,0,0,-112,18,102,0,-146,18,36,0,111,18,-22,18,61,18,-80,18,15,18,-123,18,-12,17,-123,18,-19,17,-111,18,-9,17,-81,18,12,18,-63,18,28,18,-46,18,59,18,-55,18,97,18,-75,18,124,18]"
CSI_DATA,123469,d8:b1:90:d9:de:f0,-38,9,-99,-35,39,104,-1538012437,214,0,106,0,"[-65,0,-126,16,-19,0,75,16,-30,0,16,16,-73,0,-5,15,-121,0,3,16,121,0,25,16,102,0,68,16,105,0,117,16,134,0,-102,16,-112,0,-50,16,-82,0,-4,16,-71,0,10,0,-81,0,17,0,0,0,0,0,135,0,53,0,82,0,100,0,44,0,-105,0,21,0,-28,0,26,0,31,1,42,0,52,1,57,0,37,1,78,0,14,1,85,0,-19,0,73,0,-51,0,50,0,-76,0,14,0,-94,0,-18,16]"
CSI_DATA,123470,d8:b1:90:d9:de:f0,-37,9,-99,-34,38,104,-1538012265,234,0,106,0,"[-1,17,-40,0,42,0,42,1,110,0,66,1,-150,0,43,1,-130,0,-4,0,-124,0,-57,0,-147,0,-92,0,109,0,-114,0,36,0,-120,0,-33,17,-112,0,-84,17,-105,0,-103,17,-103,0,-102,17,-120,0,0,0,0,0,-106,17,116,0,-127,17,48,0,114,17,-17,17,47,17,-70,17,-10,16,-90,17,-48,16,-74,17,-47,16,-51,17,-23,16,-20,17,5,17,4,0,41,17,4,0,74,17,-10,17,104,17,-40,17,123,17]"
CSI_DATA,123471,d8:b1:90:d9:de:f0,-38,9,-99,-35,39,104,-1537803556,130,0,106,0,"[53,0,51,16,32,0,-26,15,-21,16,-64,15,-66,16,-54,15,-100,16,-13,15,-118,16,27,16,-113,16,63,16,-80,16,90,16,-31,16,107,16,30,0,116,16,80,0,115,16,109,0,118,16,107,0,123,16,0,0,0,0,97,0,-107,16,124,0,-44,16,-99,0,13,0,-37,0,58,0,23,1,70,0,61,1,45,0,59,1,14,0,39,1,-23,16,8,1,-49,16,-31,0,-61,16,-65,0,-42,16,-89,0,-18,16,-106,0]"
CSI_DATA,123472,d8:b1:90:d9:de:f0,-37,11,-99,-34,38,104,-1537595119,277,0,106,0,"[35,0,-58,0,90,0,19,1,-147,0,34,1,-99,0,9,1,-89,0,-46,0,-89,0,-87,0,-114,0,-116,0,-150,0,-128,0,95,0,-125,0,38,0,-96,0,-5,17,-78,0,-20,17,-79,0,-22,17,-96,0,0,0,0,0,-53,17,-152,0,-95,17,105,0,120,17,78,0,51,17,60,0,-9,16,74,0,-38,16,103,0,-20,16,129,0,13,17,-152,0,46,17,-137,0,74,17,-143,0,104,17,137,0,117,17,105,0,129,17]"
CSI_DATA,123473,d8:b1:90:d9:de:f0,-37,9,-99,-35,39,104,-1537594674,108,0,106,0,"[58,16,92,0,-6,15,-136,0,-17,15,-92,0,4,16,-68,0,37,16,-71,0,68,16,-81,0,87,16,-114,0,97,16,114,0,92,16,52,0,92,16,-10,16,99,16,-67,16,113,16,-94,16,131,16,-107,16,0,0,0,0,-57,16,-119,16,7,0,-130,16,90,0,121,16,-118,0,82,16,-75,0,47,16,-55,0,28,16,-58,0,26,16,-76,0,34,16,-99,0,47,16,-116,0,74,16,-125,0,106,16,-124,0,-133,16,-134,0]"
CSI_DATA,123474,d8:b1:90:d9:de:f0,-38,9,-99,-37,40,104,-1537594511,322,0,106,0,"[111,15,106,15,37,15,71,15,-15,14,84,15,-27,14,113,15,-8,14,-116,15,7,15,-90,15,52,15,-84,15,96,15,-92,15,-116,15,-120,15,-61,15,104,15,-11,15,79,15,8,0,76,15,17,0,95,15,0,0,0,0,52,0,-115,15,91,0,-50,15,-96,0,-2,15,-29,0,41,0,22,1,58,0,47,1,51,0,44,1,34,0,36,1,17,0,9,1,4,0,-23,0,8,0,-60,0,14,0,-85,0,38,0,-123,0]"
CSI_DATA,123475,d8:b1:90:d9:de:f0,-37,9,-99,-35,39,104,-1537594312,342,0,106,0,"[38,16,19,0,-37,15,54,0,-59,15,100,0,-41,15,136,0,-2,15,-125,0,34,16,-131,0,62,16,130,0,81,16,86,0,86,16,23,0,95,16,-33,16,105,16,-82,16,115,16,-106,16,133,16,-113,16,0,0,0,0,-61,16,-118,16,2,0,-129,16,80,0,116,16,-137,0,73,16,-98,0,27,16,-89,0,-2,15,-100,0,-2,15,-123,0,5,16,131,0,19,16,112,0,40,16,107,0,74,16,111,0,109,16,115,0]"
CSI_DATA,123476,d8:b1:90:d9:de:f0,-38,9,-99,-35,39,104,-1537385739,228,0,106,0,"[-41,16,-45,0,-35,16,34,1,-3,16,67,1,32,0,57,1,54,0,28,1,62,0,-9,0,49,0,-43,0,13,0,-75,0,-54,16,-103,0,-109,16,-117,0,122,16,-134,0,100,16,-138,0,106,16,123,0,0,0,0,0,-137,16,55,0,-128,16,-17,16,138,16,-97,16,114,16,107,16,75,16,55,16,53,16,42,16,47,16,58,16,56,16,82,16,65,16,110,16,89,16,124,16,126,16,126,16,-116,16,118,16,-87,16]"
CSI_DATA,123477,d8:b1:90:d9:de:f0,-38,9,-99,-37,40,104,-1537385536,248,0,106,0,"[111,0,68,15,124,0,-4,14,99,0,-47,14,63,0,-49,14,27,0,-26,14,7,0,3,15,11,0,37,15,32,0,74,15,73,0,112,15,123,0,-124,15,-95,0,-103,15,-84,0,-89,15,-98,0,-83,15,0,0,0,0,130,0,-28,15,108,0,39,0,109,0,118,0,128,0,-72,0,-103,0,-20,0,-72,0,-12,0,-66,0,-32,0,-63,0,-62,0,-71,0,-89,0,-87,0,-102,0,-118,0,-115,0,113,0,-116,0,90,0]"
CSI_DATA,123478,d8:b1:90:d9:de:f0,-38,9,-99,-35,39,104,-1537385365,98,0,106,0,"[8,0,-41,0,38,0,30,1,89,0,56,1,125,0,37,1,-131,0,-6,0,-134,0,-41,0,127,0,-75,0,83,0,-92,0,27,0,-97,0,-35,16,-87,0,-79,16,-78,0,-93,16,-76,0,-88,16,-90,0,0,0,0,0,-93,16,121,0,-116,16,59,0,103,16,-3,16,42,16,-45,16,-20,15,-63,16,-45,15,-44,16,-41,15,-23,16,-22,15,3,0,6,16,20,0,34,16,22,0,64,16,4,0,80,16,-22,16,99,16]"
CSI_DATA,123479,d8:b1:90:d9:de:f0,-41,11,-99,-37,43,104,-1537309171,100,0,228,0,"[-4,-5,-7,-8,-9,-10,-10,-12,-12,-14,-11,-16,-11,-18,79,32,-9,-18,-8,-18,-7,-17,-6,-16,-5,-15,-5,-14,-5,-13,-5,-11,-6,-9,-8,-7,-8,-5,-9,-2,-10,-2,-24,-21,-12,1,-12,2,-13,2,-12,2,-11,2,-10,2,0,0,-8,4,-6,4,-5,5,-3,6,0,8,1,10,9,0,5,13,6,16,7,17,7,18,7,18,7,18,6,18,5,18,5,17,4,16,4,16,4,14,4,13,42,0,5,11,6,9,7,8,8,8,8,7,8,7,7,5,5,-6,0,-10,-7,-10,-13,-1,-10,7,-2,11,5,8,-2,-17,4,-5,-2,-5,-6,0,-4,5,2,8,10,4,13,-5,5,-16,-8,-16,-20,-6,-20,10,-8,22,9,21,10,9,21,-8,8,-19,-7,-18,-16,-5,-13,6,-3,12,0,0,10,0,5,-8,-4,-10,-10,-2,-9,7,0,12,12,21,13,0,8,-9,0,-11,-8,-6,-8,1,-3,5,2,4,4,0,0,-5,-5,-2,-8,2,-3,9,5,12,19,18,17,-6,8,-18,-5,-21,-18,-12,-21,2,-13,15,0,18]"
CSI_DATA,123480,d8:b1:90:d9:de:f0,-37,11,-99,-33,38,104,-1536968421,277,0,106,0,"[-66,0,-123,17,-19,0,97,17,-34,0,28,17,-77,0,6,17,-123,0,11,17,128,0,36,17,116,0,69,17,124,0,108,17,-146,0,-133,17,-115,0,-90,17,-84,0,-53,17,-73,0,-33,17,-91,0,-30,17,0,0,0,0,-133,0,21,0,121,0,76,0,112,0,-131,0,117,0,-53,0,139,0,6,1,-120,0,19,1,-95,0,-3,0,-90,0,-43,0,-93,0,-84,0,-108,0,-107,0,-137,0,-125,0,116,0,-130,0,84,0]"
CSI_DATA,123481,d8:b1:90:d9:de:f0,-38,9,-99,-34,39,104,-1536967931,120,0,106,0,"[9,0,-32,0,67,0,33,1,134,0,42,1,-87,0,0,1,-69,0,-48,0,-83,0,-92,0,-100,0,-114,0,-130,0,-124,0,96,0,-116,0,52,0,-93,0,21,0,-74,0,7,0,-73,0,5,0,-86,0,0,0,0,0,-18,15,-127,0,-69,15,111,0,126,15,112,0,58,15,130,0,19,15,-108,0,9,15,-72,0,41,15,-42,0,87,15,-30,0,133,15,-39,0,-111,15,-56,0,-95,15,-86,0,-105,15,-121,0,-111,15]"
CSI_DATA,123482,d8:b1:90:d9:de:f0,-37,9,-99,-36,39,104,-1536967809,130,0,106,0,"[-116,0,-103,0,-35,0,-84,0,19,1,-122,0,31,1,111,0,25,1,62,0,-8,0,24,0,-37,0,16,0,-61,0,26,0,-92,0,70,0,-114,0,113,0,-124,0,140,0,-131,0,-135,0,142,0,-142,0,0,0,0,0,90,0,139,0,40,0,-138,0,-17,16,-90,0,-46,16,-29,0,-46,16,23,1,-30,16,49,1,12,0,57,1,38,0,28,1,65,0,-8,0,77,0,-41,0,68,0,-67,0,44,0,-88,0,31,0]"
CSI_DATA,123483,d8:b1:90:d9:de:f0,-38,9,-99,-34,39,104,-1536967683,113,0,106,0,"[29,15,30,0,-37,14,65,0,-50,14,112,0,-38,14,-130,0,2,15,-128,0,34,15,-135,0,60,15,106,0,73,15,61,0,86,15,3,0,95,15,-57,15,109,15,-108,15,129,15,-127,15,-123,15,-135,15,0,0,0,0,-45,15,-132,15,20,0,-129,15,106,0,114,15,-93,0,90,15,-50,0,63,15,-31,0,38,15,-40,0,30,15,-66,0,36,15,-93,0,51,15,-111,0,80,15,-121,0,119,15,-115,0,-114,15,-116,0]"
CSI_DATA,123484,d8:b1:90:d9:de:f0,-37,9,-99,-36,39,104,-1536759022,124,0,106,0,"[104,0,-43,0,-114,0,3,1,-67,0,-4,0,-41,0,-40,0,-46,0,-79,0,-75,0,-104,0,-106,0,-122,0,134,0,-117,0,81,0,-114,0,17,0,-96,0,-29,16,-94,0,-60,16,-105,0,-76,16,-124,0,0,0,0,0,-107,16,112,0,-139,16,50,0,86,16,-5,16,31,16,-56,16,-10,15,-79,16,-33,15,-80,16,-39,15,-72,16,-21,15,-43,16,6,16,-34,16,34,16,-28,16,71,16,-41,16,103,16,-65,16,132,16]"
CSI_DATA,123485,d8:b1:90:d9:de:f0,-36,9,-99,-36,38,104,-1536750036,322,0,106,0,"[-57,0,-122,18,11,1,137,18,11,1,81,18,-31,0,59,18,-75,0,69,18,-110,0,93,18,-125,0,129,18,-122,0,-134,18,-103,0,-66,18,-90,0,-3,18,-94,0,49,0,-101,0,78,0,-138,0,96,0,0,0,0,0,110,0,143,0,50,0,-148,0,-20,18,-94,0,-70,18,-40,0,-112,18,7,1,-119,18,28,1,-120,18,12,1,-108,18,-5,0,-93,18,-23,0,-85,18,-47,0,-101,18,-83,0,-117,18,-119,0,-127,18]"
CSI_DATA,123486,d8:b1:90:d9:de:f0,-37,9,-99,-34,38,104,-1536749819,342,0,106,0,"[97,0,-47,0,-143,0,5,1,-92,0,7,1,-70,0,-23,0,-73,0,-64,0,-93,0,-99,0,-124,0,-115,0,131,0,-112,0,73,0,-105,0,13,0,-90,0,-34,17,-84,0,-58,17,-98,0,-76,17,-122,0,0,0,0,0,-123,17,120,0,149,17,70,0,89,17,13,0,32,17,-30,17,-14,16,-55,17,-38,16,-55,17,-27,16,-47,17,-9,16,-26,17,10,17,-23,17,33,17,-24,17,64,17,-34,17,92,17,-53,17,120,17]"
CSI_DATA,123487,d8:b1:90:d9:de:f0,-37,11,-99,-33,38,104,-1536550622,277,0,106,0,"[48,0,-34,0,91,0,31,1,135,0,45,1,-142,0,30,1,-129,0,0,1,-137,0,-23,0,143,0,-50,0,115,0,-70,0,64,0,-91,0,-3,17,-115,0,-63,17,-138,0,-107,17,133,0,-133,17,115,0,0,0,0,0,143,17,56,0,131,17,1,0,103,17,-75,17,70,17,-145,17,35,17,99,17,10,17,78,17,-2,16,93,17,0,17,120,17,9,17,140,17,30,17,-124,17,65,17,-110,17,113,17,-115,17,-124,17]"
CSI_DATA,123488,d8:b1:90:d9:de:f0,-36,9,-99,-35,38,104,-1536550141,113,0,106,0,"[-121,18,-66,0,-133,18,15,1,-99,18,57,1,-58,18,61,1,-28,18,39,1,-4,18,11,1,4,0,-22,0,-8,18,-52,0,-52,18,-95,0,-97,18,-139,0,-143,18,140,0,134,18,110,0,127,18,85,0,0,0,0,0,128,18,35,0,130,18,-23,18,122,18,-95,18,99,18,146,18,55,18,88,18,30,18,66,18,15,18,92,18,15,18,117,18,23,18,-155,18,37,18,-127,18,77,18,-110,18,129,18,-112,18,-138,18]"
CSI_DATA,123489,d8:b1:90:d9:de:f0,-37,9,-99,-38,39,104,-1536341241,98,0,106,0,"[46,0,-51,0,122,0,19,1,-98,0,17,1,-59,0,-27,0,-57,0,-86,0,-62,0,-135,0,-91,0,149,0,-124,0,148,0,133,0,-124,0,104,0,-93,0,77,0,-80,0,67,0,-80,0,52,0,-118,0,0,0,0,0,0,0,140,0,-73,17,115,0,139,17,130,0,71,17,-137,0,34,17,-90,0,36,17,-49,0,74,17,-33,0,122,17,-34,0,-149,17,-46,0,-125,17,-70,0,-124,17,-96,0,-125,17,-115,0,-123,17]"
CSI_DATA,123490,d8:b1:90:d9:de:f0,-37,9,-99,-35,39,104,-1536341101,252,0,106,0,"[107,0,-61,0,-109,0,-4,0,-64,0,0,1,-47,0,-26,0,-57,0,-62,0,-87,0,-83,0,-118,0,-94,0,106,0,-89,0,49,0,-76,0,-10,16,-66,0,-53,16,-73,0,-77,16,-88,0,-92,16,-118,0,0,0,0,0,-111,16,63,0,-129,16,-7,16,103,16,-87,16,62,16,127,16,27,16,86,16,6,16,70,16,16,16,80,16,31,16,100,16,54,16,118,16,83,16,125,16,121,16,119,16,-122,16,105,16,-90,16]"
CSI_DATA,123491,d8:b1:90:d9:de:f0,-35,11,-99,-36,37,104,-1536309196,100,0,114,0,"[-15,32,-21,33,-26,33,-28,32,-33,32,-33,29,-33,26,-33,24,-31,22,-31,19,-31,18,-31,19,-31,19,-31,19,-32,19,-33,19,-36,19,-38,19,-39,19,-40,19,-42,18,-40,18,-40,18,-42,16,-40,15,-39,15,-39,14,-39,12,0,0,-39,12,-40,9,-40,11,-42,9,-42,8,-42,7,-42,8,-43,7,-42,5,-42,7,-39,7,-38,5,-36,5,-35,5,-35,4,-35,2,-33,4,-33,2,-35,1,-35,2,-38,1,-39,0,-39,-1,-40,-2,-42,-5,-39,-8,-38,-9,-33,-11]"
CSI_DATA,123492,d8:b1:90:d9:de:f0,-37,9,-99,-34,38,104,-1536282746,108,0,106,0,"[-131,17,-97,0,146,17,2,1,-123,17,70,1,-66,17,95,1,-9,17,78,1,32,0,41,1,45,0,-9,0,30,0,-62,0,-19,17,-110,0,-101,17,-152,0,135,17,137,0,103,17,142,0,115,17,139,0,0,0,0,0,-124,17,97,0,-112,17,17,0,-142,17,-89,17,102,17,129,17,33,17,92,17,-19,16,96,17,-40,16,149,17,-24,16,-92,17,11,17,-58,17,61,17,-38,17,111,17,-53,17,147,17,-92,17,-147,17]"
CSI_DATA,123493,d8:b1:90:d9:de:f0,-37,9,-99,-34,38,104,-1536227732,130,0,106,0,"[-70,0,124,0,11,1,124,0,61,1,85,0,71,1,27,0,52,1,-26,17,26,1,-54,17,-9,0,-76,17,-36,0,-73,17,-71,0,-38,17,-97,0,8,0,-117,0,59,0,-123,0,92,0,-127,0,105,0,0,0,0,0,142,0,114,0,91,0,134,0,45,0,-112,0,19,0,-46,0,28,0,23,1,62,0,64,1,105,0,51,1,148,0,21,1,-124,0,-30,0,-112,0,-86,0,-135,0,-128,0,122,0,-147,0,77,0]"
CSI_DATA,123494,d8:b1:90:d9:de:f0,-38,11,-99,-34,39,104,-1535715024,277,0,106,0,"[57,15,23,0,-19,14,54,0,-46,14,100,0,-29,14,-124,0,-7,14,-95,0,37,15,-92,0,66,15,-95,0,93,15,-124,0,117,15,85,0,121,15,12,0,110,15,-39,15,102,15,-72,15,106,15,-75,15,0,0,0,0,-96,15,-77,15,-36,15,-98,15,42,0,117,15,92,0,33,15,93,0,-44,14,74,0,-85,14,26,0,-86,14,-21,15,-49,14,-42,15,-4,14,-52,15,34,15,-31,15,85,15,14,0,119,15,54,0]"
CSI_DATA,123495,d8:b1:90:d9:de:f0,-38,9,-99,-36,39,104,-1535714525,124,0,106,0,"[7,0,72,16,11,0,-11,15,-2,16,-57,15,-17,16,-65,15,-33,16,-44,15,-44,16,-17,15,-30,16,15,16,3,0,58,16,50,0,111,16,116,0,-122,16,-111,0,-69,16,-77,0,-48,16,-79,0,-31,16,0,0,0,0,-141,0,15,0,87,0,69,0,25,0,-126,0,-17,16,-32,0,-31,16,49,1,-19,16,86,1,-1,16,76,1,26,0,43,1,30,0,3,1,14,0,-46,0,-19,16,-98,0,-70,16,140,0,-120,16]"
CSI_DATA,123496,d8:b1:90:d9:de:f0,-38,9,-99,-36,40,104,-1535714403,265,0,106,0,"[-76,15,72,15,-102,15,2,15,123,15,-28,14,100,15,-20,14,93,15,5,15,102,15,23,15,118,15,53,15,-92,15,74,15,-35,15,91,15,38,0,110,15,102,0,124,15,-119,0,-123,15,-112,0,-109,15,0,0,0,0,117,0,-55,15,98,0,24,0,100,0,116,0,110,0,-50,0,-119,0,13,1,-90,0,33,1,-80,0,21,1,-75,0,-10,0,-88,0,-51,0,-120,0,-86,0,84,0,-114,0,21,0,-114,0,-29,15]"
CSI_DATA,123497,d8:b1:90:d9:de:f0,-37,9,-99,-36,39,104,-1535714233,285,0,106,0,"[89,0,-87,0,127,0,-15,0,-118,0,14,1,-94,0,5,1,-81,0,-22,0,-89,0,-52,0,-113,0,-76,0,132,0,-95,0,65,0,-108,0,-17,16,-117,0,-90,16,-121,0,-130,16,-120,0,-138,16,-132,0,0,0,0,0,-120,16,87,0,-109,16,6,0,-132,16,-95,16,109,16,99,16,63,16,34,16,23,16,22,16,8,16,44,16,12,16,83,16,39,16,130,16,85,16,-132,16,-138,16,-123,16,-76,16,-141,16,-28,16]"
CSI_DATA,123498,d8:b1:90:d9:de:f0,-38,9,-99,-35,39,104,-1535505644,98,0,106,0,"[-117,0,-113,0,-51,0,-77,0,-6,0,-83,0,5,1,-113,0,-1,0,-138,0,-28,0,119,0,-57,0,115,0,-94,0,127,0,129,0,-134,0,73,0,-109,0,23,0,-90,0,-8,16,-86,0,-23,16,-95,0,0,0,0,0,-66,16,119,0,-110,16,61,0,102,16,6,0,20,16,-21,16,-43,15,-37,16,-67,15,-25,16,-63,15,-5,16,-29,15,20,0,7,16,28,0,43,16,17,0,81,16,-10,16,106,16,-49,16,123,16]"
CSI_DATA,123499,d8:b1:90:d9:de:f0,-37,9,-99,-38,39,104,-1535477502,101,0,106,0,"[96,17,92,0,23,17,129,0,-14,16,-134,0,-11,16,-92,0,20,17,-89,0,51,17,-111,0,70,17,-137,0,79,17,121,0,93,17,36,0,104,17,-41,17,123,17,-108,17,137,17,-134,17,-147,17,-140,17,0,0,0,0,-51,17,-98,17,42,0,-78,17,150,0,-105,17,-52,0,-129,17,-4,0,-147,17,33,1,123,17,26,1,112,17,-10,0,120,17,-54,0,136,17,-89,0,-128,17,-97,0,-80,17,-106,0,-27,17,-111,0]"
CSI_DATA,123500,d8:b1:90:d9:de:f0,-37,9,-99,-35,38,104,-1535472047,130,0,106,0,"[-99,0,-106,18,-17,0,148,18,8,1,88,18,-18,0,47,18,-74,0,22,18,-113,0,36,18,-149,0,62,18,-155,0,118,18,-152,0,-121,18,-114,0,-45,18,-78,0,12,0,-57,0,20,0,-77,0,9,0,0,0,0,0,145,0,23,0,53,0,80,0,0,0,-128,0,-34,18,-24,0,-9,18,55,1,40,0,84,1,66,0,63,1,97,0,13,1,102,0,-37,0,81,0,-73,0,47,0,-100,0,-2,18,-107,0,-29,18]"
CSI_DATA,123501,d8:b1:90:d9:de:f0,-41,11,-99,-37,42,104,-1535308891,100,0,228,0,"[6,-4,8,-8,10,-10,13,-12,15,-13,17,-13,19,-12,89,36,21,-9,22,-8,21,-5,20,-4,19,-2,17,-1,16,-1,13,0,12,-1,9,-2,7,-4,5,-6,4,-8,-27,-24,2,-13,2,-13,2,-15,3,-14,4,-13,4,-13,0,0,3,-10,1,-8,0,-7,-2,-6,-5,-5,-8,-5,103,12,-14,-7,-17,-8,-18,-9,-18,-11,-18,-12,-17,-13,-16,-13,-14,-13,-12,-13,-11,-13,-9,-12,-8,-11,-8,-9,99,12,-8,-7,-9,-4,-10,-4,-10,-3,-11,-3,-11,-3,-10,-4,8,4,11,-2,7,-10,0,-15,-10,-11,-14,-1,-10,8,19,0,6,7,7,0,2,-6,-4,-6,-9,1,-5,9,4,13,15,8,20,-4,13,-19,-3,-25,-20,-17,-27,0,-17,6,-3,26,13,20,21,4,15,-9,4,-15,-7,-10,0,0,-5,7,4,8,9,0,8,-8,-1,-13,-11,-9,-28,-4,-10,11,0,15,9,10,12,0,6,-6,0,-7,-4,-2,-2,3,3,4,7,0,6,-7,-1,-12,-11,-9,-26,-8,-15,13,-3,21,11,19,22,7,21,-7,10,-16,-1,-17]"
CSI_DATA,123502,d8:b1:90:d9:de:f0,-37,11,-99,-35,38,104,-1534879426,277,0,106,0,"[94,18,-106,18,25,18,-116,18,-9,17,-105,18,-2,17,-92,18,14,18,-90,18,35,18,-94,18,52,18,-112,18,62,18,-141,18,84,18,140,18,133,18,117,18,-128,18,123,18,-80,18,134,18,-34,18,149,18,0,0,0,0,70,0,-103,18,136,0,-63,18,-102,0,-14,18,-23,0,19,0,28,1,39,0,62,1,50,0,64,1,44,0,53,1,34,0,37,1,31,0,19,1,23,0,-7,0,25,0,-47,0,30,0,-101,0]"
CSI_DATA,123503,d8:b1:90:d9:de:f0,-37,9,-99,-37,39,104,-1534878936,124,0,106,0,"[131,0,105,17,144,0,25,17,115,0,-10,16,90,0,-9,16,71,0,12,17,70,0,32,17,81,0,45,17,99,0,55,17,131,0,78,17,-144,0,106,17,-138,0,145,17,-140,0,-113,17,138,0,-71,17,0,0,0,0,113,0,24,0,92,0,93,0,91,0,-123,0,94,0,-43,0,110,0,11,1,128,0,40,1,144,0,32,1,-139,0,10,1,-131,0,-12,0,-127,0,-35,0,-139,0,-62,0,127,0,-88,0,92,0]"
CSI_DATA,123504,d8:b1:90:d9:de:f0,-37,9,-99,-34,38,104,-1534878796,108,0,106,0,"[-99,0,118,0,-21,0,129,0,16,1,103,0,8,1,78,0,-7,0,64,0,-24,0,58,0,-33,0,70,0,-39,0,89,0,-57,0,122,0,-82,0,143,0,-127,0,149,0,130,0,149,0,90,0,139,0,0,0,0,0,-5,17,133,0,-79,17,123,0,139,17,136,0,68,17,-149,0,19,17,-125,0,-3,16,-104,0,2,17,-87,0,21,17,-80,0,51,17,-74,0,76,17,-78,0,95,17,-95,0,118,17,-120,0,144,17]"
CSI_DATA,123505,d8:b1:90:d9:de:f0,-37,9,-99,-36,38,104,-1534670073,322,0,106,0,"[15,0,-60,0,73,0,12,1,135,0,25,1,-149,0,-1,0,-125,0,-41,0,-130,0,-74,0,-140,0,-94,0,159,0,-94,0,119,0,-89,0,79,0,-80,0,49,0,-74,0,37,0,-89,0,27,0,-122,0,0,0,0,0,-27,18,113,0,-99,18,67,0,128,18,49,0,36,18,57,0,-23,17,94,0,-32,17,134,0,-8,17,-157,0,32,18,-142,0,69,18,-135,0,93,18,-146,0,103,18,-158,0,104,18,143,0,122,18]"
CSI_DATA,123506,d8:b1:90:d9:de:f0,-36,9,-99,-35,37,104,-1534669874,342,0,106,0,"[-122,0,159,0,-12,0,153,0,42,1,104,0,46,1,46,0,19,1,4,0,-13,0,-27,20,-34,0,-24,20,-48,0,-10,20,-61,0,23,0,-69,0,67,0,-86,0,93,0,-105,0,91,0,-144,0,80,0,0,0,0,0,100,0,86,0,24,0,126,0,-41,20,-137,0,-68,20,-43,0,-63,20,27,1,-28,20,59,1,26,0,53,1,68,0,16,1,85,0,-24,0,89,0,-48,0,76,0,-61,0,67,0,-74,0,67,0]"
CSI_DATA,123507,d8:b1:90:d9:de:f0,-36,11,-99,-35,37,104,-1534461627,277,0,106,0,"[-144,20,104,20,150,20,49,20,89,20,48,20,63,20,86,20,49,20,131,20,60,20,-174,20,80,20,-153,20,116,20,-155,20,167,20,161,20,-145,20,119,20,-113,20,71,20,-107,20,63,20,-101,20,96,20,0,0,0,0,-76,20,146,20,13,0,-174,20,108,0,149,20,-164,0,109,20,-126,0,53,20,-133,0,16,20,-164,0,5,20,145,0,23,20,118,0,43,20,111,0,57,20,116,0,75,20,130,0,83,20,119,0]"
CSI_DATA,123508,d8:b1:90:d9:de:f0,-36,9,-99,-36,38,104,-1534461173,130,0,106,0,"[-61,0,11,0,18,1,2,0,59,1,-25,18,40,1,-55,18,18,1,-74,18,-17,0,-67,18,-50,0,-50,18,-78,0,-6,18,-105,0,67,0,-125,0,137,0,-138,0,-127,0,-140,0,-99,0,-156,0,-108,0,0,0,0,0,80,0,-151,0,-5,18,151,0,-105,18,-154,0,127,18,-122,0,66,18,-80,0,51,18,-59,0,65,18,-60,0,95,18,-79,0,117,18,-101,0,123,18,-129,0,108,18,153,0,85,18,115,0,81,18]"
CSI_DATA,123509,d8:b1:90:d9:de:f0,-36,9,-99,-35,37,104,-1534461011,113,0,106,0,"[23,0,-67,0,35,0,13,1,76,0,54,1,102,0,38,1,124,0,10,1,122,0,-34,0,108,0,-64,0,52,0,-86,0,-26,20,-102,0,-109,20,-109,0,-172,20,-108,0,156,20,-104,0,164,20,-127,0,0,0,0,0,-157,20,139,0,-170,20,39,0,145,20,-60,20,85,20,-142,20,24,20,156,20,-6,19,156,20,-4,19,171,20,26,20,-157,20,56,20,-139,20,82,20,-141,20,115,20,-170,20,142,20,152,20,152,20]"
CSI_DATA,123510,d8:b1:90:d9:de:f0,-36,9,-99,-36,38,104,-1534460858,228,0,106,0,"[65,0,-67,0,99,0,6,1,153,0,25,1,-142,0,6,1,-132,0,-28,0,-133,0,-70,0,-156,0,-95,0,114,0,-101,0,36,0,-96,0,-33,18,-84,0,-80,18,-65,0,-101,18,-52,0,-98,18,-70,0,0,0,0,0,-100,18,-161,0,-124,18,86,0,122,18,11,0,44,18,-39,18,-26,17,-52,18,-51,17,-40,18,-44,17,-23,18,-13,17,-2,18,21,18,-3,18,45,18,-11,18,66,18,-50,18,66,18,-76,18,75,18]"
CSI_DATA,123511,d8:b1:90:d9:de:f0,-36,9,-99,-35,37,104,-1534460718,248,0,106,0,"[82,20,89,0,8,20,129,0,-13,19,174,0,12,20,-152,0,41,20,-142,0,80,20,-148,0,97,20,-172,0,104,20,137,0,102,20,68,0,83,20,-5,20,61,20,-59,20,56,20,-80,20,76,20,-76,20,0,0,0,0,155,20,-96,20,-120,20,-133,20,-57,20,135,20,-17,20,48,20,-16,20,-21,19,-17,20,-48,19,-37,20,-37,19,-49,20,-1,19,-50,20,30,20,-39,20,43,20,-9,20,50,20,19,0,56,20,24,0]"
CSI_DATA,123512,d8:b1:90:d9:de:f0,-34,11,-99,-35,36,104,-1534308869,100,0,114,0,"[1,40,-3,43,-7,46,-10,46,-12,46,-13,44,-16,41,-16,38,-16,38,-18,36,-18,35,-20,35,-18,35,-20,36,-21,36,-21,36,-23,38,-24,40,-26,41,-27,40,-27,43,-27,41,-29,41,-29,41,-30,40,-29,36,-30,36,-30,35,0,0,-33,32,-33,33,-33,33,-35,33,-35,33,-36,32,-36,32,-38,32,-38,30,-38,30,-36,27,-35,27,-33,26,-33,24,-32,24,-30,23,-32,21,-30,21,-32,21,-33,21,-36,21,-38,21,-40,20,-41,18,-43,15,-41,10,-41,10,-38,6]"
CSI_DATA,123513,d8:b1:90:d9:de:f0,-37,11,-99,-36,38,104,-1534252728,277,0,106,0,"[-44,0,36,0,42,1,1,0,76,1,-56,18,47,1,-105,18,13,1,-140,18,-31,0,-137,18,-66,0,-125,18,-91,0,-85,18,-113,0,-25,18,-124,0,39,0,-127,0,83,0,-134,0,101,0,-161,0,99,0,0,0,0,0,46,0,94,0,-39,18,122,0,-119,18,-135,0,147,18,-60,0,125,18,10,1,146,18,36,1,-142,18,32,1,-96,18,2,1,-78,18,-32,0,-66,18,-55,0,-78,18,-84,0,-100,18,-118,0,-104,18]"
CSI_DATA,123514,d8:b1:90:d9:de:f0,-36,9,-99,-36,38,104,-1534252265,224,0,106,0,"[154,18,96,18,81,18,33,18,31,18,30,18,16,18,54,18,32,18,91,18,60,18,118,18,100,18,138,18,-159,18,139,18,-78,18,130,18,-1,18,117,18,59,0,119,18,88,0,133,18,94,0,-153,18,0,0,0,0,86,0,-30,18,100,0,70,0,134,0,-146,0,-148,0,-55,0,-109,0,2,1,-88,0,13,1,-98,0,-11,0,-115,0,-37,0,-138,0,-67,0,146,0,-88,0,100,0,-95,0,56,0,-94,0,21,0]"
CSI_DATA,123515,d8:b1:90:d9:de:f0,-37,9,-99,-35,38,104,-1534252129,98,0,106,0,"[-41,18,-51,0,-18,18,39,1,15,0,83,1,51,0,73,1,75,0,42,1,74,0,-6,0,52,0,-48,0,8,0,-88,0,-57,18,-133,0,-125,18,138,0,135,18,112,0,124,18,94,0,138,18,75,0,0,0,0,0,-86,18,-19,18,-28,18,-100,18,9,0,106,18,20,0,1,18,17,0,-68,17,-8,18,-89,17,-20,18,-73,17,-34,18,-25,17,-30,18,17,18,-7,18,55,18,31,0,85,18,69,0,116,18,94,0]"
CSI_DATA,123516,d8:b1:90:d9:de:f0,-36,9,-99,-35,37,104,-1534193121,113,0,106,0,"[-138,20,102,20,130,20,49,20,53,20,61,20,20,20,119,20,15,20,174,20,35,20,-129,20,61,20,-105,20,102,20,-100,20,156,20,-124,20,-152,20,-171,20,-113,20,138,20,-101,20,119,20,-85,20,131,20,0,0,0,0,-46,20,150,20,17,0,167,20,100,0,141,20,170,0,98,20,-139,0,37,20,-139,0,-5,19,170,0,-13,19,119,0,-9,19,69,0,2,20,35,0,21,20,26,0,63,20,42,0,100,20,57,0]"
CSI_DATA,123517,d8:b1:90:d9:de:f0,-36,9,-99,-34,37,104,-1534181201,124,0,106,0,"[-121,0,-168,0,-32,0,-149,0,22,1,157,0,30,1,102,0,14,1,60,0,-13,0,30,0,-41,0,21,0,-66,0,30,0,-97,0,72,0,-133,0,113,0,-165,0,149,0,154,0,-170,0,128,0,-165,0,0,0,0,0,61,0,165,0,-6,20,-161,0,-74,20,-118,0,-129,20,-68,0,-164,20,-13,0,-166,20,22,1,-136,20,30,1,-93,20,26,1,-60,20,9,1,-37,20,-6,0,-30,20,-30,0,-33,20,-64,0,-41,20]"
CSI_DATA,123518,d8:b1:90:d9:de:f0,-39,11,-99,-34,40,104,-1533834929,277,0,106,0,"[-18,14,-11,0,30,0,60,0,86,0,69,0,114,0,41,0,-119,0,0,0,115,0,-39,0,87,0,-60,0,49,0,-74,0,-9,14,-84,0,-64,14,-91,0,-101,14,-92,0,-117,14,-100,0,-110,14,-118,0,0,0,0,0,-80,14,47,0,-78,14,-27,14,-100,14,-107,14,98,14,66,14,55,14,23,14,24,14,21,14,14,14,51,14,28,14,89,14,51,14,119,14,82,14,-101,14,-114,14,-107,14,-68,14,114,14,-48,14]"
CSI_DATA,123519,d8:b1:90:d9:de:f0,-38,9,-99,-34,39,104,-1533834439,214,0,106,0,"[23,15,-19,15,-56,14,42,0,-68,14,111,0,-34,14,-112,0,24,15,-101,0,65,15,-112,0,91,15,127,0,102,15,87,0,99,15,29,0,84,15,-23,15,70,15,-57,15,72,15,-64,15,95,15,-58,15,0,0,0,0,-86,15,-54,15,-20,15,-85,15,46,0,116,15,86,0,34,15,85,0,-31,14,60,0,-67,14,16,0,-55,14,-22,15,-21,14,-40,15,21,15,-34,15,64,15,-3,15,103,15,48,0,118,15,77,0]"
CSI_DATA,123520,d8:b1:90:d9:de:f0,-39,9,-99,-34,40,104,-1533834276,214,0,106,0,"[14,14,2,0,-54,13,37,0,-67,13,75,0,-49,13,89,0,-18,13,90,0,21,14,72,0,46,14,45,0,69,14,-3,14,101,14,-65,14,-111,14,-120,14,-86,14,84,14,-64,14,74,14,-47,14,86,14,0,0,0,0,12,0,-91,14,68,0,-36,14,-92,0,9,0,-22,0,42,0,33,0,58,0,59,0,59,0,53,0,43,0,18,0,33,0,-14,0,33,0,-56,0,39,0,-101,0,67,0,98,0,104,0,78,0]"
CSI_DATA,123521,d8:b1:90:d9:de:f0,-38,9,-99,-37,40,104,-1533834095,214,0,106,0,"[-19,0,22,0,59,1,-10,15,80,1,-54,15,59,1,-75,15,21,1,-82,15,-22,0,-59,15,-50,0,-33,15,-78,0,10,0,-112,0,79,0,121,0,-124,0,96,0,-85,0,77,0,-75,0,55,0,-96,0,0,0,0,0,-2,15,106,0,-68,15,43,0,104,15,8,0,21,15,-23,15,-36,14,-33,15,-68,14,-28,15,-59,14,-4,15,-18,14,0,0,19,15,4,0,61,15,-9,15,103,15,-46,15,-123,15,-96,15,-112,15]"
CSI_DATA,123522,d8:b1:90:d9:de:f0,-39,9,-99,-34,40,104,-1533833905,214,0,106,0,"[-45,14,17,14,-98,14,-41,13,95,14,-45,13,80,14,-18,13,83,14,19,14,105,14,50,14,-102,14,71,14,-51,14,83,14,7,0,91,14,67,0,94,14,108,0,96,14,-118,0,106,14,118,0,-112,14,0,0,0,0,86,0,-30,14,68,0,39,0,71,0,-113,0,87,0,-35,0,115,0,20,0,-107,0,31,0,-98,0,11,0,-102,0,-22,0,-118,0,-53,0,98,0,-79,0,47,0,-97,0,-5,14,-97,0,-38,14]"
CSI_DATA,123523,d8:b1:90:d9:de:f0,-39,9,-99,-37,41,104,-1533833733,214,0,106,0,"[-33,0,106,0,50,0,86,0,81,0,42,0,66,0,0,13,33,0,-26,13,-10,0,-22,13,-42,0,-11,13,-77,0,22,0,-117,0,73,0,92,0,-113,0,72,0,-78,0,61,0,-74,0,53,0,-91,0,0,0,0,0,4,0,75,0,-56,13,21,0,90,13,-5,13,7,13,-22,13,-47,12,-9,13,-72,12,15,0,-59,12,40,0,-21,12,57,0,22,13,59,0,59,13,47,0,91,13,8,0,109,13,-45,13,104,13]"
CSI_DATA,123524,d8:b1:90:d9:de:f0,-39,9,-99,-34,40,104,-1533833580,214,0,106,0,"[-27,0,68,0,53,0,46,0,80,0,-2,14,58,0,-37,14,23,0,-55,14,-14,0,-52,14,-48,0,-34,14,-75,0,2,0,-97,0,61,0,-116,0,108,0,113,0,-100,0,101,0,-87,0,79,0,-97,0,0,0,0,0,14,0,84,0,-52,14,62,0,102,14,56,0,26,14,62,0,-25,13,83,0,-41,13,106,0,-25,13,-117,0,10,14,-110,0,48,14,-119,0,79,14,95,0,99,14,50,0,98,14,1,0,84,14]"
CSI_DATA,123525,d8:b1:90:d9:de:f0,-39,9,-99,-37,41,104,-1533833408,214,0,106,0,"[53,13,-105,0,27,13,-24,0,56,13,24,0,101,13,30,0,-95,13,10,0,-72,13,-18,0,-66,13,-52,0,-82,13,-93,0,-110,13,98,0,92,13,56,0,73,13,32,0,71,13,19,0,95,13,10,0,0,0,0,0,-73,13,-23,13,-17,13,-72,13,21,0,90,13,40,0,18,13,35,0,-38,12,12,0,-58,12,-12,13,-44,12,-26,13,-18,12,-38,13,18,13,-33,13,54,13,-3,13,82,13,34,0,93,13,62,0]"
CSI_DATA,123526,d8:b1:90:d9:de:f0,-40,9,-99,-35,41,104,-1533833245,130,0,106,0,"[25,12,-72,12,-51,12,-43,12,-76,12,3,0,-54,12,45,0,-12,12,64,0,18,12,69,0,48,12,54,0,71,12,20,0,86,12,-22,12,94,12,-64,12,102,12,-96,12,109,12,-103,12,-97,12,-92,12,0,0,0,0,-27,12,-70,12,34,0,-59,12,-108,0,-80,12,-50,0,108,12,-17,0,63,12,-19,0,30,12,-47,0,26,12,-79,0,27,12,107,0,44,12,91,0,71,12,90,0,-108,12,-109,0,-76,12,-93,0]"
CSI_DATA,123527,d8:b1:90:d9:de:f0,-37,11,-99,-33,38,104,-1533417130,277,0,106,0,"[-135,17,8,1,-130,17,81,1,-100,17,98,1,-64,17,69,1,-42,17,18,1,-38,17,-32,0,-51,17,-86,0,-79,17,-143,0,-121,17,77,0,129,17,12,0,100,17,-35,17,93,17,-63,17,112,17,-81,17,0,0,0,0,-114,17,143,17,-54,17,95,17,-3,17,17,17,25,0,-47,16,30,0,-92,16,23,0,-91,16,11,0,-53,16,8,0,-3,16,8,0,46,17,24,0,94,17,60,0,133,17,106,0,-128,17,121,0]"
CSI_DATA,123528,d8:b1:90:d9:de:f0,-37,9,-99,-36,39,104,-1533416649,108,0,106,0,"[-12,15,118,0,-46,15,-94,0,-22,15,-43,0,35,16,-33,0,94,16,-53,0,142,16,-86,0,-118,16,-135,0,-106,16,88,0,-111,16,15,0,-124,16,-56,16,-138,16,-104,16,-142,16,-123,16,-129,16,-127,16,0,0,0,0,-39,16,131,16,17,0,98,16,81,0,35,16,109,0,-32,15,104,0,-79,15,76,0,-86,15,43,0,-49,15,10,0,-3,15,1,0,52,16,13,0,106,16,41,0,-142,16,78,0,-118,16,95,0]"
CSI_DATA,123529,d8:b1:90:d9:de:f0,-37,9,-99,-33,38,104,-1533416522,101,0,106,0,"[-83,0,41,17,-84,0,-35,16,-122,0,-69,16,121,0,-58,16,78,0,-12,16,54,0,34,17,54,0,90,17,77,0,-147,17,114,0,-84,17,-133,0,-26,17,-99,0,15,0,-86,0,32,0,-100,0,43,0,0,0,0,0,146,0,114,0,115,0,-127,0,97,0,-35,0,103,0,30,1,131,0,69,1,-145,0,64,1,-129,0,18,1,-142,0,-41,0,131,0,-85,0,97,0,-114,0,49,0,-132,0,3,0,-131,0,-13,17]"
CSI_DATA,123530,d8:b1:90:d9:de:f0,-38,9,-99,-35,39,104,-1533416390,98,0,106,0,"[-90,0,35,16,-99,0,-42,15,123,0,-69,15,73,0,-54,15,34,0,-10,15,18,0,32,16,19,0,90,16,42,0,-135,16,93,0,-85,16,-134,0,-37,16,-95,0,-17,16,-75,0,1,0,-89,0,16,0,0,0,0,0,137,0,71,0,130,0,138,0,136,0,-63,0,-107,0,3,1,-78,0,32,1,-65,0,15,1,-59,0,-42,0,-79,0,-88,0,-107,0,-126,0,134,0,125,0,79,0,123,0,42,0,-137,0,23,0]"
CSI_DATA,123531,d8:b1:90:d9:de:f0,-37,9,-99,-35,38,104,-1533395050,98,0,106,0,"[-50,0,124,18,-12,0,47,18,-24,0,7,18,-63,0,2,18,-113,0,36,18,-152,0,75,18,136,0,134,18,121,0,-106,18,110,0,-20,18,103,0,67,0,90,0,125,0,73,0,145,0,37,0,134,0,0,0,0,0,-69,18,114,0,145,18,103,0,35,18,113,0,-45,17,122,0,-80,17,139,0,-77,17,146,0,-36,17,140,0,19,18,125,0,66,18,101,0,112,18,62,0,154,18,9,0,-136,18,-40,18,-114,18]"
CSI_DATA,123532,d8:b1:90:d9:de:f0,-41,11,-99,-35,42,104,-1533308862,100,0,228,0,"[0,-6,0,-9,0,-13,-1,-16,-1,-19,0,-20,0,-22,84,34,0,-21,0,-21,0,-20,0,-19,0,-17,0,-16,0,-15,-1,-13,-1,-11,-3,-8,-4,-5,-5,-3,-6,0,-26,-23,-8,4,-9,6,-9,6,-9,6,-9,7,-8,6,0,0,-5,5,-3,3,-1,2,1,0,3,-1,6,-3,77,0,13,-6,16,-7,19,-7,20,-7,21,-8,22,-7,21,-7,20,-7,19,-6,18,-6,16,-6,15,-6,14,-6,-43,0,10,-6,7,-6,5,-6,3,-7,1,-8,0,-8,0,-8,7,0,7,-5,2,-10,-6,-10,-11,-2,-9,5,-2,8,3,-16,4,0,0,-3,-3,0,-2,4,3,6,10,3,10,-7,2,-16,-11,-16,-22,-2,-19,15,-3,26,16,20,18,5,20,-15,3,-23,-13,-16,-18,-1,-12,10,0,13,0,0,7,-3,0,-6,-6,-3,-6,5,0,9,9,6,22,-7,5,-10,-3,-11,-10,-5,-9,2,-3,6,0,4,1,2,0,1,0,3,3,5,8,3,10,-4,6,-13,6,-23,-18,-10,-23,4,-14,20,2,25,17,16,23,0,15,-12]"
CSI_DATA,123533,d8:b1:90:d9:de:f0,-45,11,-99,-33,46,104,-1532999331,277,0,106,0,"[-41,6,45,0,-45,6,-38,0,-28,6,-17,0,-8,6,-15,0,4,0,-20,0,9,0,-29,0,5,0,-35,0,-6,6,-31,0,-22,6,-22,0,-33,6,-13,0,-39,6,-3,0,-36,6,2,0,-33,6,-1,0,0,0,0,0,-14,6,-22,0,-19,6,-35,0,-32,6,-57,0,-53,6,43,0,40,6,29,0,23,6,25,0,13,6,22,0,9,6,27,0,3,6,30,0,-5,6,29,0,-20,6,28,0,-38,6,35,0,-43,6]"
CSI_DATA,123534,d8:b1:90:d9:de:f0,-46,9,-99,-34,47,104,-1532998850,130,0,106,0,"[47,6,6,0,27,6,39,0,36,6,-36,0,-53,6,-22,0,-33,6,-23,0,-24,6,-29,0,-24,6,-35,0,-33,6,-37,0,-48,6,-32,0,48,6,-22,0,44,6,-12,0,48,6,-5,0,-47,6,-4,0,0,0,0,0,-17,6,-21,0,-16,6,-40,0,-27,6,46,0,-48,6,28,0,36,6,18,0,18,6,19,0,8,6,25,0,7,6,34,0,5,6,37,0,-1,5,43,0,-16,5,47,0,-30,5,-47,0,-30,5]"
CSI_DATA,123535,d8:b1:90:d9:de:f0,-46,9,-99,-33,47,104,-1532998724,120,0,106,0,"[15,0,50,6,4,0,19,6,-16,6,11,6,-29,6,15,6,-35,6,25,6,-30,6,34,6,-22,6,34,6,-7,6,29,6,9,0,21,6,24,0,11,6,35,0,2,6,37,0,0,6,37,0,4,6,0,0,0,0,25,0,24,6,29,0,44,6,38,0,-35,6,52,0,-9,6,-36,0,13,0,-22,0,28,0,-16,0,38,0,-14,0,39,0,-13,0,46,0,-7,0,-46,0,-1,0,-30,0,6,0,-16,0,20,0]"
CSI_DATA,123536,d8:b1:90:d9:de:f0,-37,11,-99,-36,39,104,-1532372633,277,0,106,0,"[-99,0,-120,0,-30,0,-87,0,15,1,-102,0,14,1,-139,0,-1,0,125,0,-41,0,113,0,-76,0,117,0,-114,0,135,0,116,0,-116,0,59,0,-81,0,23,0,-60,0,-6,16,-65,0,-22,16,-84,0,0,0,0,0,-70,16,-139,0,-112,16,77,0,96,16,29,0,23,16,-8,16,-24,15,-25,16,-53,15,-34,16,-54,15,-14,16,-30,15,-7,16,7,16,-5,16,33,16,-6,16,56,16,-29,16,79,16,-67,16,100,16]"
CSI_DATA,123537,d8:b1:90:d9:de:f0,-38,9,-99,-37,40,104,-1532372152,98,0,106,0,"[52,0,-40,0,102,0,24,1,-99,0,26,1,-76,0,-13,0,-71,0,-52,0,-86,0,-89,0,-119,0,-114,0,97,0,-114,0,44,0,-94,0,-7,15,-76,0,-45,15,-63,0,-57,15,-61,0,-54,15,-81,0,0,0,0,0,-67,15,114,0,-104,15,53,0,93,15,2,0,25,15,-29,15,-32,14,-36,15,-53,14,-21,15,-47,14,3,0,-25,14,22,0,9,15,31,0,42,15,26,0,62,15,7,0,78,15,-20,15,91,15]"
CSI_DATA,123538,d8:b1:90:d9:de:f0,-39,9,-99,-35,40,104,-1532372047,98,0,106,0,"[119,14,77,14,48,14,51,14,-6,13,73,14,-18,13,114,14,0,13,-95,14,25,14,-68,14,59,14,-66,14,98,14,-82,14,-114,14,-119,14,-80,14,91,14,-60,14,64,14,-45,14,61,14,-37,14,74,14,0,0,0,0,0,0,122,14,59,0,-95,14,-112,0,-88,14,-46,0,-97,14,0,0,-115,14,13,0,104,14,-4,0,86,14,-34,0,79,14,-65,0,89,14,-89,0,103,14,-95,0,-114,14,-96,0,-86,14,-96,0]"
CSI_DATA,123539,d8:b1:90:d9:de:f0,-39,11,-99,-32,40,104,-1532357627,100,0,114,0,"[-7,24,-8,26,-9,27,-11,28,-12,29,-11,29,-12,27,-11,26,-9,23,-9,23,-8,21,-8,22,-8,22,-8,22,-7,23,-6,24,-6,24,-6,26,-5,28,-4,27,-4,27,-3,28,-3,27,-1,27,-3,27,-2,27,-1,26,0,25,0,0,0,25,0,25,1,26,1,28,1,28,1,28,3,28,4,26,4,25,5,25,6,24,6,24,7,21,7,21,7,19,7,19,8,18,7,18,8,18,8,19,8,19,8,20,8,20,8,20,8,20,7,19,6,19,4,17]"
CSI_DATA,123540,d8:b1:90:d9:de:f0,-41,11,-99,-35,42,104,-1532309232,100,0,228,0,"[-10,-1,-13,-1,-16,-1,-18,-3,-20,-3,-21,-5,-21,-6,84,34,-19,-7,-18,-8,-16,-8,-15,-8,-14,-7,-13,-7,-13,-6,-12,-4,-11,-2,-10,0,-10,0,-9,3,-9,6,-26,-23,-9,9,-9,10,-9,10,-9,10,-8,10,-6,10,0,0,-5,8,-3,7,0,8,1,8,3,8,6,9,67,0,11,10,13,13,13,13,14,13,15,14,14,15,13,14,12,13,12,13,10,13,10,12,10,10,10,10,-92,0,10,7,11,6,12,5,12,5,13,4,11,4,10,3,-1,-9,-8,-7,-12,0,-9,9,0,13,8,10,11,0,-13,-15,-1,-9,-7,-3,-6,5,0,9,8,6,12,-2,6,-12,-5,-16,-16,-9,-20,6,-10,20,6,23,20,12,13,3,13,-18,-3,-20,-16,-10,-16,3,-6,13,4,12,0,0,8,-6,0,-10,-9,-6,-10,4,-3,13,6,12,23,14,12,-7,3,-13,-6,-10,-10,-2,-6,5,0,6,4,1,3,-3,-2,-6,-7,0,-7,6,0,12,10,10,27,10,15,-12,3,-20,-12,-19,-21,-6,-20,9,-7,18,5,16]"
CSI_DATA,123541,d8:b1:90:d9:de:f0,-39,9,-99,-36,40,104,-1532163243,130,0,106,0,"[36,15,125,0,-12,14,-70,0,-4,14,-25,0,36,15,-8,0,85,15,-28,0,118,15,-63,0,-121,15,-114,0,-118,15,75,0,123,15,3,0,93,15,-67,15,81,15,-104,15,80,15,-119,15,96,15,-116,15,0,0,0,0,-68,15,-119,15,-9,15,121,15,58,0,80,15,106,0,44,15,-125,0,13,15,-118,0,11,15,-127,0,29,15,115,0,56,15,113,0,87,15,118,0,120,15,-118,0,-99,15,-93,0,-74,15,-86,0]"
CSI_DATA,123542,d8:b1:90:d9:de:f0,-38,9,-99,-35,39,104,-1532163072,113,0,106,0,"[-11,0,-20,16,50,1,-83,16,45,1,117,16,-4,0,68,16,-71,0,52,16,-124,0,71,16,121,0,109,16,119,0,-119,16,-124,0,-67,16,-76,0,-30,16,-44,0,-17,16,-40,0,-25,16,-66,0,-33,16,0,0,0,0,-104,0,-14,16,-127,0,42,0,-99,0,107,0,-65,0,-135,0,-32,0,-123,0,-15,0,-137,0,-16,0,103,0,-41,0,75,0,-67,0,62,0,-88,0,54,0,-95,0,69,0,-100,0,91,0,-95,0]"
CSI_DATA,123543,d8:b1:90:d9:de:f0,-38,9,-99,-36,40,104,-1532109663,108,0,106,0,"[-82,0,109,15,-46,0,56,15,-54,0,20,15,-80,0,2,15,-116,0,1,15,113,0,24,15,101,0,52,15,106,0,88,15,125,0,-118,15,-96,0,-70,15,-61,0,-32,15,-43,0,-19,15,-55,0,-17,15,0,0,0,0,-119,0,0,0,99,0,55,0,76,0,127,0,70,0,-51,0,85,0,7,1,110,0,24,1,-128,0,13,1,-116,0,-18,0,-121,0,-45,0,123,0,-57,0,105,0,-65,0,79,0,-69,0,66,0]"
CSI_DATA,123544,d8:b1:90:d9:de:f0,-38,11,-99,-35,39,104,-1531745934,277,0,106,0,"[-56,0,-49,16,9,1,-67,16,43,1,-121,16,30,1,113,16,-10,0,85,16,-57,0,71,16,-104,0,89,16,-127,0,134,16,-121,0,-77,16,-100,0,-6,16,-63,0,39,0,-35,0,47,0,-43,0,33,0,0,0,0,0,-113,0,15,0,104,0,46,0,51,0,122,0,30,0,-64,0,50,0,15,1,93,0,39,1,130,0,22,1,-124,0,-16,0,-119,0,-62,0,-135,0,-95,0,105,0,-116,0,68,0,-109,0,52,0]"
CSI_DATA,123545,d8:b1:90:d9:de:f0,-39,9,-99,-35,40,104,-1531745462,479,0,106,0,"[-103,14,67,14,119,14,2,14,79,14,-21,13,67,14,-11,13,62,14,10,14,62,14,49,14,87,14,74,14,-112,14,95,14,-46,14,100,14,31,0,101,14,92,0,89,14,123,0,78,14,-123,0,83,14,0,0,0,0,92,0,-100,14,87,0,-31,14,104,0,60,0,-98,0,-108,0,-49,0,-55,0,-20,0,-44,0,-11,0,-67,0,-14,0,-95,0,-38,0,-120,0,-71,0,116,0,-109,0,123,0,102,0,-113,0,75,0]"
CSI_DATA,123546,d8:b1:90:d9:de:f0,-38,9,-99,-34,39,104,-1531745211,499,0,106,0,"[-4,15,45,15,3,0,-25,14,-12,15,-63,14,-34,15,-64,14,-55,15,-45,14,-68,15,-9,14,-58,15,20,15,-26,15,51,15,36,0,91,15,108,0,119,15,-101,0,-132,15,-69,0,-130,15,-79,0,-121,15,0,0,0,0,-126,0,-83,15,118,0,-3,15,118,0,86,0,130,0,-92,0,-103,0,-32,0,-74,0,-13,0,-66,0,-28,0,-66,0,-60,0,-79,0,-91,0,-105,0,-104,0,124,0,-106,0,83,0,-100,0,64,0]"
CSI_DATA,123547,d8:b1:90:d9:de:f0,-39,9,-99,-34,40,104,-1531744948,113,0,106,0,"[-45,14,46,14,-57,14,-18,13,-92,14,-50,13,111,14,-42,13,99,14,-14,13,91,14,16,14,105,14,55,14,-97,14,80,14,-33,14,90,14,42,0,87,14,90,0,74,14,115,0,59,14,111,0,59,14,0,0,0,0,81,0,118,14,81,0,-59,14,-120,0,20,0,-58,0,82,0,0,0,109,0,35,0,108,0,39,0,74,0,27,0,51,0,-3,0,29,0,-38,0,18,0,-73,0,37,0,-91,0,73,0,-103,0]"
CSI_DATA,123548,d8:b1:90:d9:de:f0,-38,9,-99,-35,39,104,-1531536572,120,0,106,0,"[-38,0,-125,0,37,1,-116,0,80,1,127,0,80,1,73,0,51,1,26,0,14,1,5,0,-31,0,-4,16,-76,0,15,0,-123,0,64,0,117,0,127,0,92,0,-102,0,88,0,-74,0,81,0,-80,0,0,0,0,0,58,0,-99,0,6,0,-114,0,-64,16,-100,0,-126,16,-80,0,115,16,-43,0,106,16,-16,0,126,16,-6,0,-118,16,-7,0,-88,16,-27,0,-58,16,-58,0,-56,16,-97,0,-78,16,-137,0,-99,16]"
CSI_DATA,123549,d8:b1:90:d9:de:f0,-40,11,-99,-35,41,104,-1531328135,277,0,106,0,"[-48,12,-97,0,-90,12,-9,0,-103,12,49,0,-87,12,66,0,-74,12,59,0,-68,12,22,0,-64,12,-23,0,-74,12,-90,0,-99,12,38,0,87,12,-51,12,60,12,106,12,45,12,78,12,52,12,82,12,0,0,0,0,-103,12,-59,12,-32,12,-10,12,55,0,39,0,-71,0,80,0,3,0,98,0,36,0,106,0,38,0,99,0,8,0,91,0,-26,0,86,0,-65,0,90,0,100,0,-108,0,43,0,-81,0,13,0]"
CSI_DATA,123550,d8:b1:90:d9:de:f0,-40,9,-99,-35,41,104,-1531327672,101,0,106,0,"[-85,0,32,0,16,0,32,0,74,0,-4,12,83,0,-36,12,54,0,-60,12,16,0,-70,12,-36,0,-58,12,-97,0,-15,12,71,0,50,0,19,0,-96,0,-5,12,-32,0,-1,12,0,0,12,0,-12,0,0,0,0,0,49,0,97,0,36,0,8,0,5,0,-92,12,-44,12,39,12,-100,12,-17,12,85,12,-25,12,74,12,-6,12,77,12,19,12,98,12,53,12,-81,12,80,12,-31,12,92,12,20,0,87,12,56,0]"
CSI_DATA,123551,d8:b1:90:d9:de:f0,-41,9,-99,-37,42,104,-1531327532,130,0,106,0,"[58,0,-93,0,-88,0,-19,0,-31,0,-4,0,-2,0,-15,0,4,0,-49,0,-13,0,-81,0,-53,0,98,0,96,0,81,0,12,0,81,0,-71,12,94,0,82,12,-89,0,62,12,-71,0,81,12,-65,0,0,0,0,0,-30,12,98,0,20,0,28,0,62,0,-62,12,81,0,55,12,78,0,-17,11,60,0,-49,11,33,0,-45,11,19,0,-19,11,16,0,14,12,22,0,50,12,54,0,90,12,94,0,-89,12,-87,0]"
CSI_DATA,123552,d8:b1:90:d9:de:f0,-40,9,-99,-35,41,104,-1531327424,252,0,106,0,"[92,0,107,0,-56,0,-43,0,-6,0,-13,0,10,0,-16,0,-6,0,-36,0,-35,0,-56,0,-90,0,-81,0,58,0,-109,0,-25,12,79,0,100,12,44,0,32,12,20,0,0,12,12,0,12,12,8,0,0,0,0,0,-102,12,31,0,-16,12,38,0,92,0,38,0,-31,0,38,0,38,0,32,0,62,0,29,0,47,0,32,0,19,0,31,0,-20,0,45,0,-68,0,64,0,96,0,96,0,40,0,-90,0,5,0]"
CSI_DATA,123553,d8:b1:90:d9:de:f0,-40,9,-99,-36,41,104,-1531327258,98,0,106,0,"[61,0,-103,0,113,0,-19,0,-53,0,12,0,-22,0,0,0,-17,0,-33,0,-32,0,-71,0,-73,0,-101,0,94,0,108,0,7,0,106,0,-81,13,-110,0,92,13,-86,0,69,13,-65,0,92,13,-65,0,0,0,0,0,-45,13,104,0,1,0,25,0,33,0,-73,13,41,0,54,13,28,0,-20,12,9,0,-51,12,-21,13,-40,12,-28,13,-13,12,-24,13,19,13,-7,13,54,13,33,0,83,13,78,0,102,13,108,0]"
CSI_DATA,123554,d8:b1:90:d9:de:f0,-39,11,-99,-34,40,104,-1531303151,100,0,228,0,"[1,13,1,17,0,22,-1,25,-4,27,-7,27,-9,26,102,42,-12,22,-13,20,-12,17,-12,16,-10,15,-8,14,-6,13,-4,13,-2,14,0,14,0,15,1,16,3,16,-32,-28,3,16,3,15,3,14,3,12,3,10,3,7,0,0,6,2,8,1,11,0,13,-1,16,-3,19,-4,-28,0,23,-4,25,-3,25,-3,25,-2,24,-1,23,-1,22,-1,20,0,19,0,18,-1,17,-1,16,-1,16,-1,-54,0,16,-2,16,-2,15,-3,14,-2,13,-2,11,-1,9,-1,-13,0,-11,8,-2,15,7,13,13,3,10,-4,1,-8,-16,20,-6,3,0,9,9,6,13,-2,9,-14,-3,-18,-17,-13,-24,1,-17,19,0,28,20,20,30,1,21,-17,6,-11,-16,-19,-22,-1,-16,13,0,18,12,11,16,-2,0,0,-4,-15,-14,-5,-14,6,-4,15,7,14,15,3,33,-11,2,-12,-6,-7,-7,0,-2,6,4,4,6,-1,1,-8,-6,-8,-12,0,-10,9,0,16,11,13,19,1,33,-16,3,-22,-13,-20,-25,-6,-22,11,-9,22,7,21,16,10]"
CSI_DATA,123555,d8:b1:90:d9:de:f0,-35,9,-99,-35,36,104,-1531280884,98,0,106,0,"[-4,0,60,0,69,1,7,0,76,1,-70,23,38,1,-117,23,-7,0,-147,23,-63,0,-157,23,-87,0,-147,23,-92,0,-133,23,-97,0,-81,23,-89,0,-35,23,-90,0,1,0,-100,0,27,0,-117,0,46,0,0,0,0,0,-110,0,89,0,-123,0,110,0,-112,0,164,0,-103,0,-194,0,-89,0,-164,0,-83,0,-150,0,-75,0,-172,0,-76,0,190,0,-76,0,166,0,-63,0,132,0,-72,0,100,0,-112,0,75,0,-160,0]"
CSI_DATA,123556,d8:b1:90:d9:de:f0,-39,9,-99,-36,40,104,-1531118746,120,0,106,0,"[113,0,98,15,-101,0,26,15,-105,0,-19,14,-126,0,-31,14,105,0,-16,14,97,0,11,15,97,0,53,15,125,0,98,15,-90,0,-102,15,-50,0,-52,15,-26,0,-19,15,-27,0,-8,15,-52,0,-3,15,0,0,0,0,97,0,7,0,20,0,37,0,-60,15,93,0,-122,15,-109,0,93,15,-58,0,81,15,-34,0,85,15,-31,0,95,15,-42,0,104,15,-58,0,107,15,-73,0,102,15,-99,0,93,15,-119,0,106,15]"
CSI_DATA,123557,d8:b1:90:d9:de:f0,-39,9,-99,-34,40,104,-1531118615,120,0,106,0,"[-81,0,-95,14,-24,0,101,14,-9,0,56,14,-25,0,37,14,-54,0,45,14,-82,0,58,14,-86,0,96,14,-84,0,-95,14,-66,0,-35,14,-47,0,15,0,-33,0,55,0,-35,0,61,0,-62,0,51,0,0,0,0,0,80,0,33,0,3,0,38,0,-81,14,66,0,86,14,101,0,42,14,-97,0,28,14,-76,0,39,14,-75,0,53,14,-80,0,68,14,-89,0,67,14,-106,0,70,14,113,0,72,14,99,0,86,14]"
CSI_DATA,123558,d8:b1:90:d9:de:f0,-36,11,-99,-33,37,104,-1530701437,277,0,106,0,"[-81,0,-93,19,-1,0,-134,19,23,1,137,19,-11,0,93,19,-55,0,77,19,-111,0,95,19,-145,0,136,19,-145,0,-130,19,-124,0,-54,19,-75,0,31,0,-27,0,76,0,-6,0,69,0,-18,0,50,0,0,0,0,0,-99,0,47,0,161,0,90,0,101,0,-155,0,72,0,-66,0,82,0,-2,0,98,0,24,1,108,0,18,1,134,0,-23,0,117,0,-53,0,91,0,-66,0,67,0,-67,0,36,0,-63,0,33,0]"
CSI_DATA,123559,d8:b1:90:d9:de:f0,-37,9,-99,-35,38,104,-1530700974,224,0,106,0,"[-122,18,90,18,112,18,24,18,31,18,29,18,-6,17,91,18,-7,17,-144,18,25,18,-90,18,78,18,-62,18,141,18,-80,18,-108,18,-138,18,-79,18,94,18,-81,18,35,18,-111,18,17,18,-132,18,51,18,0,0,0,0,-105,18,136,18,-23,18,-143,18,74,0,150,18,152,0,103,18,-129,0,35,18,-141,0,-3,17,133,0,-7,17,92,0,13,18,64,0,41,18,66,0,66,18,83,0,80,18,107,0,83,18,103,0]"
CSI_DATA,123560,d8:b1:90:d9:de:f0,-37,9,-99,-37,39,104,-1530700820,124,0,106,0,"[83,17,102,0,8,17,144,0,-18,16,-106,0,3,17,-76,0,46,17,-77,0,90,17,-88,0,122,17,-139,0,129,17,84,0,123,17,-12,17,99,17,-101,17,78,17,132,17,68,17,118,17,70,17,130,17,0,0,0,0,-131,17,-136,17,-49,17,-131,17,49,0,135,17,132,0,94,17,-108,0,53,17,-91,0,28,17,-98,0,31,17,-113,0,51,17,-125,0,79,17,-128,0,118,17,-110,0,-132,17,-79,0,-107,17,-71,0]"
CSI_DATA,123561,d8:b1:90:d9:de:f0,-37,9,-99,-35,38,104,-1530700689,108,0,106,0,"[59,18,25,0,-33,17,42,0,-72,17,86,0,-53,17,124,0,-13,17,143,0,40,18,141,0,86,18,103,0,124,18,31,0,146,18,-61,18,148,18,150,18,133,18,80,18,122,18,61,18,127,18,79,18,0,0,0,0,-105,18,141,18,-22,18,-143,18,90,0,-151,18,-124,0,130,18,-58,0,96,18,-40,0,78,18,-55,0,77,18,-89,0,91,18,-105,0,119,18,-108,0,155,18,-97,0,-113,18,-69,0,-74,18,-58,0]"
CSI_DATA,123562,d8:b1:90:d9:de:f0,-38,9,-99,-34,39,104,-1530492093,130,0,106,0,"[15,0,-47,0,60,0,43,1,-132,0,69,1,-86,0,40,1,-51,0,-15,0,-58,0,-81,0,-93,0,-135,0,106,0,114,0,21,0,126,0,-65,15,-115,0,-109,15,-68,0,-114,15,-38,0,-90,15,-40,0,0,0,0,0,-60,15,130,0,-86,15,57,0,117,15,-25,15,27,15,-67,15,-45,14,-68,15,-70,14,-42,15,-56,14,-7,15,-22,14,22,0,25,15,30,0,72,15,22,0,103,15,-20,15,112,15,-64,15,103,15]"
CSI_DATA,123563,d8:b1:90:d9:de:f0,-34,11,-99,-36,36,104,-1530308878,100,0,114,0,"[-9,38,-14,41,-20,41,-22,42,-25,41,-25,39,-25,38,-26,34,-25,33,-25,31,-25,30,-25,30,-25,30,-25,31,-25,33,-26,33,-28,34,-30,36,-31,38,-31,38,-33,38,-33,38,-33,38,-33,36,-33,34,-31,34,-31,34,-33,33,0,0,-34,33,-34,31,-34,33,-34,33,-36,33,-38,31,-38,31,-38,31,-36,30,-36,30,-34,30,-33,30,-31,28,-30,26,-30,25,-30,25,-28,23,-28,23,-30,23,-31,25,-33,25,-36,25,-36,25,-38,25,-41,23,-41,20,-39,19,-36,14]"
CSI_DATA,123564,d8:b1:90:d9:de:f0,-36,11,-99,-36,38,104,-1530283638,277,0,106,0,"[146,0,-114,0,-100,0,-52,0,-18,0,-59,0,11,1,-103,0,17,1,159,0,0,1,99,0,-35,0,76,0,-85,0,79,0,-153,0,114,0,119,0,-151,0,86,0,-98,0,75,0,-79,0,76,0,-103,0,0,0,0,0,39,0,-151,0,-35,18,130,0,-138,18,142,0,98,18,-158,0,49,18,-112,0,41,18,-67,0,73,18,-51,0,119,18,-50,0,156,18,-64,0,-144,18,-84,0,-137,18,-114,0,-139,18,-147,0,-139,18]"
CSI_DATA,123565,d8:b1:90:d9:de:f0,-37,9,-99,-37,39,104,-1530283166,124,0,106,0,"[-91,0,-108,17,-8,0,135,17,18,1,75,17,-6,0,40,17,-40,0,25,17,-84,0,47,17,-115,0,86,17,-127,0,146,17,-123,0,-63,17,-102,0,32,0,-85,0,97,0,-76,0,127,0,-91,0,124,0,0,0,0,0,117,0,102,0,27,0,118,0,-71,17,-136,0,140,17,-83,0,87,17,-30,0,76,17,-2,0,94,17,3,1,124,17,-16,0,145,17,-43,0,-138,17,-76,0,-140,17,-123,0,140,17,123,0,128,17]"
CSI_DATA,123566,d8:b1:90:d9:de:f0,-38,9,-99,-35,39,104,-1530283008,98,0,106,0,"[66,16,-41,16,-26,15,-40,16,-81,15,-8,16,-83,15,35,0,-51,15,65,0,-8,15,73,0,27,16,63,0,74,16,31,0,119,16,-39,16,-129,16,-116,16,-115,16,105,16,-105,16,79,16,-100,16,90,16,0,0,0,0,-42,16,137,16,32,0,-103,16,128,0,-95,16,-61,0,-103,16,1,1,-130,16,29,1,130,16,7,1,109,16,-27,0,115,16,-55,0,127,16,-83,0,-134,16,-95,0,-95,16,-103,0,-50,16,-110,0]"
CSI_DATA,123567,d8:b1:90:d9:de:f0,-37,9,-99,-38,39,104,-1530282912,98,0,106,0,"[47,0,73,17,57,0,-26,16,20,0,-82,16,-29,17,-80,16,-70,17,-58,16,-86,17,-9,16,-84,17,39,17,-38,17,84,17,34,0,129,17,122,0,-146,17,-116,0,-129,17,-91,0,-128,17,-109,0,-120,17,0,0,0,0,-152,0,-66,17,114,0,26,0,115,0,129,0,130,0,-80,0,-141,0,-14,0,-105,0,3,1,-97,0,-15,0,-97,0,-49,0,-110,0,-85,0,-142,0,-109,0,124,0,-121,0,77,0,-121,0,42,0]"
CSI_DATA,123568,d8:b1:90:d9:de:f0,-36,9,-99,-37,38,104,-1530248775,98,0,106,0,"[68,19,-85,19,-49,18,-81,19,-101,18,-37,19,-90,18,11,0,-50,18,33,0,5,19,33,0,57,19,12,0,108,19,-46,19,164,19,-130,19,-133,19,125,19,-106,19,80,19,-88,19,72,19,-63,19,107,19,0,0,0,0,28,0,-117,19,110,0,-49,19,-110,0,1,0,-11,0,31,0,53,1,42,0,73,1,40,0,53,1,31,0,10,1,33,0,-28,0,32,0,-64,0,58,0,-103,0,95,0,-129,0,137,0,-151,0]"
CSI_DATA,123569,d8:b1:90:d9:de:f0,-38,11,-99,-36,39,104,-1529865839,277,0,106,0,"[53,16,-92,16,-29,15,-115,16,-83,15,-98,16,-79,15,-67,16,-63,15,-40,16,-11,15,-20,16,43,16,-15,16,107,16,-40,16,-93,16,-93,16,-17,16,139,16,38,0,83,16,61,0,56,16,60,0,63,16,0,0,0,0,83,0,-134,16,125,0,-50,16,-99,0,23,0,-31,0,85,0,24,1,115,0,42,1,124,0,30,1,107,0,-11,0,95,0,-59,0,84,0,-107,0,92,0,122,0,121,0,71,0,-131,0,46,0]"
CSI_DATA,123570,d8:b1:90:d9:de:f0,-38,9,-99,-37,40,104,-1529865349,124,0,106,0,"[109,0,68,15,127,0,-20,14,100,0,-74,14,52,0,-85,14,5,0,-60,14,-15,15,-16,14,-19,15,43,15,5,0,113,15,62,0,-80,15,-126,0,-25,15,-62,0,0,0,-33,0,-3,15,-42,0,-6,15,0,0,0,0,126,0,15,0,72,0,75,0,34,0,-97,0,20,0,-7,0,28,0,48,1,47,0,64,1,71,0,39,1,77,0,-1,0,67,0,-52,0,36,0,-97,0,-14,15,-125,0,-76,15,128,0,-108,15]"
CSI_DATA,123571,d8:b1:90:d9:de:f0,-38,9,-99,-34,39,104,-1529813157,130,0,106,0,"[-65,15,-46,0,-81,15,39,1,-68,15,92,1,-31,15,104,1,0,0,78,1,20,0,39,1,23,0,-14,0,4,0,-77,0,-40,15,106,0,-104,15,30,0,109,15,-25,15,83,15,-50,15,83,15,-54,15,0,0,0,0,-105,15,-80,15,-26,15,-114,15,46,0,88,15,109,0,20,15,-131,0,-34,14,-133,0,-57,14,117,0,-42,14,96,0,-1,14,77,0,41,15,77,0,94,15,91,0,-111,15,123,0,-51,15,-120,0]"
CSI_DATA,123572,d8:b1:90:d9:de:f0,-39,9,-99,-35,40,104,-1529812607,113,0,106,0,"[0,0,-41,0,20,0,44,0,67,0,74,0,103,0,71,0,-112,0,38,0,-102,0,-7,0,-118,0,-57,0,88,0,-104,0,21,0,99,0,-61,14,70,0,117,14,59,0,85,14,69,0,85,14,68,0,0,0,0,0,-109,14,14,0,-90,14,-48,14,-86,14,103,14,-110,14,25,14,110,14,-23,13,85,14,-22,13,75,14,3,14,80,14,51,14,102,14,85,14,-101,14,119,14,-52,14,-116,14,2,0,-116,14,38,0]"
CSI_DATA,123573,d8:b1:90:d9:de:f0,-38,11,-99,-32,39,104,-1529448040,277,0,106,0,"[-94,0,126,15,-42,0,62,15,-30,0,15,15,-54,0,-1,14,-77,0,-1,14,-98,0,11,15,-107,0,30,15,-118,0,65,15,-118,0,121,15,-118,0,-64,15,-119,0,-4,15,-123,0,34,0,122,0,58,0,0,0,0,0,49,0,84,0,-13,15,88,0,-97,15,124,0,91,15,-90,0,41,15,-48,0,31,15,-17,0,49,15,-15,0,73,15,-24,0,110,15,-39,0,-121,15,-71,0,-108,15,-109,0,-110,15,92,0,-110,15]"
CSI_DATA,123574,d8:b1:90:d9:de:f0,-39,9,-99,-33,40,104,-1529447550,337,0,106,0,"[-113,0,-82,0,-50,0,-43,0,0,0,-44,0,17,0,-68,0,20,0,-96,0,13,0,110,0,0,0,89,0,-30,0,85,0,-75,0,86,0,102,0,96,0,46,0,112,0,14,0,115,0,-7,13,110,0,0,0,0,0,-45,13,69,0,-83,13,17,0,91,13,-30,13,25,13,-61,13,-30,12,-69,13,-60,12,-49,13,-62,12,-28,13,-40,12,0,13,-11,12,20,0,20,13,26,0,61,13,18,0,99,13,-4,13,-102,13]"
CSI_DATA,123575,d8:b1:90:d9:de:f0,-39,9,-99,-34,40,104,-1529447329,317,0,106,0,"[-50,0,-30,14,16,0,-66,14,40,0,-106,14,32,0,104,14,8,0,88,14,-18,0,79,14,-40,0,86,14,-58,0,106,14,-76,0,-96,14,-93,0,-40,14,-107,0,10,0,-118,0,44,0,110,0,64,0,0,0,0,0,50,0,82,0,0,14,98,0,-65,14,-106,0,-113,14,-55,0,101,14,-6,0,101,14,25,0,-113,14,33,0,-83,14,23,0,-54,14,3,0,-36,14,-30,0,-36,14,-67,0,-49,14,-109,0,-68,14]"
CSI_DATA,123576,d8:b1:90:d9:de:f0,-39,9,-99,-33,40,104,-1529447134,101,0,106,0,"[48,0,-47,0,102,0,9,0,-76,0,21,0,-42,0,-3,0,-27,0,-33,0,-21,0,-62,0,-30,0,-91,0,-51,0,-112,0,-93,0,114,0,88,0,110,0,36,0,115,0,1,0,116,0,-14,13,111,0,0,0,0,0,-49,13,66,0,-82,13,16,0,90,13,-23,13,20,13,-44,13,-39,12,-41,13,-64,12,-18,13,-60,12,15,0,-38,12,45,0,-3,12,67,0,36,13,77,0,76,13,62,0,105,13,32,0,-104,13]"
CSI_DATA,123577,d8:b1:90:d9:de:f0,-37,9,-99,-38,39,104,-1529402441,98,0,106,0,"[-39,17,-62,0,-40,17,38,1,1,0,89,1,42,0,84,1,76,0,57,1,95,0,13,1,90,0,-38,0,49,0,-85,0,-16,17,-136,0,-96,17,133,0,134,17,104,0,96,17,103,0,111,17,90,0,0,0,0,0,-146,17,39,0,-103,17,-54,17,-97,17,144,17,-106,17,43,17,-139,17,-33,16,130,17,-43,16,120,17,-14,16,121,17,28,17,134,17,73,17,-139,17,103,17,-78,17,130,17,-17,17,129,17,30,0]"
CSI_DATA,123578,d8:b1:90:d9:de:f0,-37,9,-99,-35,38,104,-1529390907,113,0,106,0,"[-61,18,73,18,-101,18,-22,17,-152,18,-61,17,123,18,-47,17,111,18,-15,17,133,18,26,18,-156,18,58,18,-103,18,84,18,-23,18,121,18,67,0,140,18,139,0,-155,18,-140,0,-136,18,-144,0,-110,18,0,0,0,0,116,0,-33,18,78,0,67,0,74,0,-127,0,73,0,-22,0,86,0,45,1,106,0,70,1,116,0,52,1,117,0,9,1,105,0,-36,0,77,0,-70,0,24,0,-108,0,-34,18,-130,0,-80,18]"
CSI_DATA,123579,d8:b1:90:d9:de:f0,-42,11,-99,-36,43,104,-1529308796,100,0,228,0,"[-1,6,0,9,0,12,0,14,0,16,-2,18,-3,19,77,31,-5,19,-6,19,-7,18,-7,16,-9,15,-8,14,-7,12,-7,12,-6,10,-4,9,-2,8,0,7,2,7,-24,-21,7,6,7,6,8,7,8,7,8,7,7,6,0,0,7,4,6,2,5,1,6,-1,6,-4,7,-7,88,0,9,-12,11,-13,12,-14,14,-14,14,-14,15,-13,15,-12,15,-11,14,-9,13,-7,12,-7,11,-6,9,-5,-59,0,6,-6,4,-6,3,-7,1,-8,1,-9,0,-9,1,-8,-7,0,-7,6,0,10,6,8,10,2,8,-7,1,-9,-9,13,-7,0,-2,5,3,4,6,0,3,-7,-3,-9,-12,-4,-14,6,-6,16,7,19,20,9,23,-7,12,-21,0,-16,-19,-14,-21,2,-12,15,0,17,10,10,12,0,0,0,-2,-7,-7,0,-4,5,2,7,9,2,9,-5,9,-21,-7,-9,-11,-2,-8,6,-1,9,4,6,5,0,1,-3,-3,-2,-4,3,0,7,7,6,11,0,9,-10,8,-22,-11,-14,-20,-4,-19,10,-8,20,6,19,16,10,16,-1]"
CSI_DATA,123580,d8:b1:90:d9:de:f0,-39,11,-99,-34,40,104,-1529239141,277,0,106,0,"[-57,0,67,0,10,0,96,0,50,0,97,0,65,0,87,0,56,0,74,0,39,0,63,0,5,0,52,0,-42,0,53,0,-112,0,66,0,48,0,82,0,-25,14,101,0,-73,14,110,0,-90,14,107,0,0,0,0,0,-91,14,47,0,-85,14,-26,14,-97,14,-116,14,-115,14,35,14,108,14,-25,13,94,14,-44,13,88,14,-32,13,95,14,-5,13,105,14,30,14,-103,14,67,14,-56,14,103,14,0,0,-108,14,54,0]"
CSI_DATA,123581,d8:b1:90:d9:de:f0,-38,9,-99,-33,39,104,-1529238651,98,0,106,0,"[-24,15,-49,0,-22,15,28,1,5,0,76,1,30,0,87,1,51,0,61,1,72,0,38,1,69,0,-2,0,50,0,-51,0,11,0,-104,0,-52,15,88,0,-112,15,37,0,113,15,7,0,104,15,-7,15,0,0,0,0,-99,15,-41,15,-42,15,-84,15,24,0,100,15,66,0,17,15,82,0,-53,14,67,0,-81,14,49,0,-72,14,18,0,-51,14,4,0,-7,14,5,0,50,15,23,0,109,15,59,0,-102,15,95,0]"
CSI_DATA,123582,d8:b1:90:d9:de:f0,-39,9,-99,-34,40,104,-1529238519,108,0,106,0,"[-15,14,-42,0,-9,14,26,0,16,0,69,0,43,0,73,0,63,0,53,0,76,0,27,0,78,0,-4,0,60,0,-45,0,17,0,-99,0,-36,14,90,0,-93,14,44,0,109,14,20,0,98,14,10,0,0,0,0,0,-96,14,-25,14,-50,14,-72,14,-8,14,93,14,20,0,13,14,24,0,-47,13,8,0,-82,13,-10,14,-71,13,-29,14,-43,13,-39,14,0,14,-36,14,44,14,-9,14,96,14,31,0,-104,14,72,0]"
CSI_DATA,123583,d8:b1:90:d9:de:f0,-38,9,-99,-35,40,104,-1529029796,130,0,106,0,"[78,0,74,14,83,0,-4,13,48,0,-53,13,16,0,-60,13,-13,14,-37,13,-34,14,-20,13,-36,14,16,14,-22,14,44,14,15,0,75,14,58,0,112,14,97,0,-102,14,117,0,-80,14,118,0,-59,14,0,0,0,0,94,0,4,0,76,0,69,0,77,0,-98,0,94,0,-27,0,121,0,24,0,-97,0,38,0,-81,0,18,0,-69,0,-5,0,-72,0,-44,0,-92,0,-86,0,-123,0,-111,0,79,0,-124,0,34,0]"
CSI_DATA,123584,d8:b1:90:d9:de:f0,-38,11,-99,-33,39,104,-1528821342,277,0,106,0,"[-52,15,-69,0,-43,15,10,1,-2,15,51,1,36,0,53,1,63,0,27,1,86,0,2,1,89,0,-23,0,68,0,-44,0,34,0,-65,0,-8,15,-86,0,-49,15,-109,0,-75,15,-124,0,-85,15,118,0,0,0,0,0,-90,15,48,0,-103,15,-10,15,124,15,-83,15,73,15,119,15,10,15,80,15,-32,14,91,15,-40,14,122,15,-42,14,-95,15,-24,14,-51,15,6,15,-20,15,51,15,-9,15,106,15,-14,15,-108,15]"
CSI_DATA,123585,d8:b1:90:d9:de:f0,-37,9,-99,-36,39,104,-1528820870,124,0,106,0,"[-84,0,-58,16,-10,0,-90,16,22,1,-129,16,15,1,140,16,-1,0,131,16,-20,0,-142,16,-38,0,-121,16,-53,0,-86,16,-71,0,-31,16,-94,0,28,0,-123,0,85,0,134,0,116,0,93,0,122,0,0,0,0,0,16,0,109,0,-57,16,88,0,135,16,84,0,41,16,77,0,-30,15,88,0,-60,15,98,0,-57,15,115,0,-33,15,129,0,1,16,135,0,38,16,126,0,84,16,98,0,123,16,43,0,-129,16]"
CSI_DATA,123586,d8:b1:90:d9:de:f0,-35,11,-99,-38,37,104,-1528308782,100,0,114,0,"[23,23,26,28,26,31,26,34,25,32,25,34,22,31,23,31,23,29,22,29,22,28,22,26,23,26,25,26,26,26,28,26,31,28,32,26,35,28,37,26,38,26,40,26,38,26,40,25,38,23,38,22,38,22,41,20,0,0,40,19,40,16,41,17,43,16,44,17,44,17,46,14,44,13,44,11,44,10,43,8,43,7,40,4,40,5,37,2,37,2,35,1,37,0,38,0,40,0,40,-1,43,-1,44,-1,44,-2,44,-1,44,-1,41,0,37,1]"
CSI_DATA,123587,d8:b1:90:d9:de:f0,-38,9,-99,-34,39,104,-1528194162,98,0,106,0,"[-114,0,127,0,-47,0,-103,0,-7,0,-93,0,9,1,-98,0,6,1,-111,0,-6,0,-118,0,-26,0,-127,0,-62,0,-132,0,-116,0,123,0,77,0,115,0,1,0,102,0,-61,15,92,0,-92,15,75,0,0,0,0,0,-95,15,8,0,-78,15,-59,15,-73,15,113,15,-73,15,19,15,-83,15,-57,14,-101,15,-85,14,-109,15,-77,14,-124,15,-43,14,-127,15,-2,14,-112,15,45,15,-78,15,100,15,-24,15,-116,15,37,0]"
CSI_DATA,123588,d8:b1:90:d9:de:f0,-37,9,-99,-32,38,104,-1528194013,130,0,106,0,"[93,16,98,0,25,16,-141,0,-3,15,-106,0,-2,15,-86,0,15,16,-79,0,33,16,-84,0,53,16,-95,0,77,16,-127,0,107,16,104,0,-141,16,32,0,-103,16,-37,16,-75,16,-89,16,-52,16,-114,16,0,0,0,0,19,0,-99,16,85,0,-56,16,-106,0,-23,16,-4,0,0,0,75,1,-1,16,112,1,-19,16,103,1,-37,16,74,1,-53,16,23,1,-71,16,-30,0,-71,16,-97,0,-48,16,126,0,5,0,74,0]"
CSI_DATA,123589,d8:b1:90:d9:de:f0,-38,9,-99,-34,39,104,-1528193842,98,0,106,0,"[102,0,99,15,131,0,27,15,133,0,-22,14,119,0,-34,14,104,0,-30,14,88,0,-25,14,79,0,-4,14,74,0,31,15,79,0,86,15,88,0,-105,15,98,0,-31,15,108,0,23,0,109,0,55,0,0,0,0,0,46,0,86,0,-19,15,97,0,-115,15,133,0,74,15,-92,0,20,15,-34,0,6,15,-2,0,33,15,8,1,70,15,5,1,110,15,-15,0,-122,15,-50,0,-93,15,-108,0,-79,15,91,0,-83,15]"
CSI_DATA,123590,d8:b1:90:d9:de:f0,-37,9,-99,-36,39,104,-1528193683,407,0,106,0,"[-126,16,-114,0,131,16,-37,0,132,16,15,1,-138,16,35,1,-113,16,35,1,-96,16,22,1,-84,16,0,1,-74,16,-33,0,-79,16,-88,0,-87,16,114,0,-100,16,34,0,-117,16,-19,16,-120,16,-51,16,0,0,0,0,-54,16,-80,16,13,0,-102,16,105,0,142,16,-100,0,76,16,-54,0,10,16,-48,0,-33,15,-77,0,-49,15,-121,0,-40,15,124,0,-11,15,85,0,37,16,60,0,103,16,63,0,-106,16,83,0]"
CSI_DATA,123591,d8:b1:90:d9:de:f0,-38,11,-99,-35,39,104,-1527985744,277,0,106,0,"[-20,16,62,16,-45,16,-21,15,-82,16,-61,15,-109,16,-54,15,-128,16,-35,15,-128,16,-1,15,-123,16,30,16,-90,16,68,16,-33,16,109,16,33,0,-121,16,99,0,-80,16,-139,0,-54,16,-126,0,-34,16,0,0,0,0,105,0,32,0,58,0,97,0,19,0,-91,0,-1,16,9,1,0,0,85,1,17,0,114,1,44,0,98,1,56,0,56,1,63,0,6,1,54,0,-47,0,20,0,-102,0,-32,16,125,0,-82,16]"
CSI_DATA,123592,d8:b1:90:d9:de:f0,-37,9,-99,-36,39,104,-1527985263,133,0,106,0,"[14,0,67,16,0,0,-26,15,-46,16,-69,15,-85,16,-65,15,-108,16,-42,15,-127,16,-1,15,-125,16,39,16,-90,16,84,16,-29,16,124,16,48,0,-121,16,112,0,-97,16,-130,0,-88,16,-123,0,-76,16,0,0,0,0,123,0,-7,16,96,0,60,0,78,0,-117,0,100,0,-19,0,-142,0,53,1,-100,0,68,1,-83,0,35,1,-78,0,-14,0,-95,0,-68,0,-123,0,-114,0,96,0,136,0,26,0,129,0,-31,16]"
CSI_DATA,123593,d8:b1:90:d9:de:f0,-38,9,-99,-37,40,104,-1527985110,893,0,106,0,"[102,0,94,15,128,0,13,15,110,0,-47,14,72,0,-62,14,39,0,-48,14,13,0,-30,14,-2,15,11,15,3,0,54,15,40,0,111,15,84,0,-91,15,128,0,-42,15,-101,0,-16,15,-100,0,-6,15,0,0,0,0,115,0,29,0,60,0,86,0,23,0,-90,0,12,0,0,1,26,0,74,1,51,0,101,1,88,0,75,1,102,0,39,1,111,0,-11,0,99,0,-72,0,54,0,-116,0,-9,15,123,0,-59,15]"
CSI_DATA,123594,d8:b1:90:d9:de:f0,-37,9,-99,-36,39,104,-1527984705,913,0,106,0,"[133,0,112,16,-125,0,33,16,142,0,-26,15,104,0,-47,15,63,0,-41,15,25,0,-22,15,6,0,11,16,5,0,58,16,34,0,111,16,83,0,-114,16,130,0,-72,16,-127,0,-47,16,-118,0,-33,16,0,0,0,0,127,0,16,0,94,0,79,0,88,0,-111,0,107,0,-17,0,-140,0,40,1,-95,0,52,1,-70,0,16,1,-56,0,-34,0,-67,0,-98,0,-102,0,-136,0,129,0,123,0,68,0,125,0,20,0]"
CSI_DATA,123595,d8:b1:90:d9:de:f0,-38,9,-99,-35,39,104,-1527776355,108,0,106,0,"[-85,16,-107,0,-126,16,-33,0,-129,16,20,1,-121,16,33,1,-112,16,30,1,-92,16,13,1,-91,16,-15,0,-93,16,-55,0,-106,16,-119,0,-121,16,77,0,-131,16,2,0,135,16,-49,16,-133,16,-76,16,0,0,0,0,-62,16,-95,16,13,0,-101,16,117,0,-125,16,-65,0,111,16,9,1,63,16,28,1,43,16,6,1,29,16,-26,0,35,16,-63,0,54,16,-104,0,93,16,-136,0,-124,16,127,0,-49,16,124,0]"
CSI_DATA,123596,d8:b1:90:d9:de:f0,-38,11,-99,-34,39,104,-1527359045,277,0,106,0,"[-70,0,-57,15,-2,0,-114,15,14,1,92,15,-10,0,54,15,-48,0,48,15,-90,0,49,15,-104,0,67,15,-120,0,97,15,-124,0,-118,15,-119,0,-54,15,-113,0,-7,15,-112,0,28,0,-126,0,48,0,0,0,0,0,80,0,78,0,28,0,108,0,-29,15,-98,0,-70,15,-22,0,-83,15,37,1,-77,15,75,1,-33,15,73,1,-1,15,54,1,30,0,15,1,52,0,-29,0,41,0,-76,0,5,0,-132,0,-44,15]"
CSI_DATA,123597,d8:b1:90:d9:de:f0,-37,9,-99,-36,39,104,-1527358592,101,0,106,0,"[76,16,68,0,6,16,129,0,-3,15,-90,0,26,16,-54,0,68,16,-31,0,109,16,-35,0,136,16,-51,0,-140,16,-76,0,-139,16,-126,0,139,16,108,0,127,16,58,0,123,16,24,0,130,16,1,0,0,0,0,0,-116,16,-53,16,-85,16,-99,16,-62,16,111,16,-62,16,31,16,-84,16,-31,15,-117,16,-53,15,133,16,-39,15,105,16,1,16,93,16,48,16,95,16,99,16,122,16,139,16,-106,16,-121,16,-52,16]"
CSI_DATA,123598,d8:b1:90:d9:de:f0,-38,9,-99,-34,39,104,-1527358433,130,0,106,0,"[3,0,57,15,-12,15,-26,14,-42,15,-65,14,-65,15,-63,14,-73,15,-37,14,-79,15,-8,14,-62,15,15,15,-30,15,54,15,21,0,93,15,72,0,131,15,118,0,-101,15,-126,0,-72,15,-124,0,-42,15,0,0,0,0,109,0,38,0,68,0,93,0,26,0,-99,0,-4,15,-21,0,-15,15,48,1,-13,15,81,1,-5,15,67,1,10,0,45,1,28,0,15,1,26,0,-15,0,13,0,-77,0,-23,15,134,0,-70,15]"
CSI_DATA,123599,d8:b1:90:d9:de:f0,-38,9,-99,-35,39,104,-1527358271,113,0,106,0,"[105,0,-93,0,-103,0,-39,0,-34,0,-42,0,-1,0,-82,0,6,1,-134,0,-2,0,102,0,-19,0,81,0,-53,0,76,0,-92,0,88,0,-135,0,118,0,104,0,-133,0,81,0,-117,0,66,0,-121,0,0,0,0,0,16,0,138,0,-41,16,128,0,-113,16,-134,0,98,16,-99,0,58,16,-50,0,57,16,-6,0,93,16,11,1,-130,16,21,1,-80,16,5,1,-43,16,-21,0,-23,16,-71,0,-39,16,-130,0,-70,16]"
CSI_DATA,123600,d8:b1:90:d9:de:f0,-38,9,-99,-34,39,104,-1527358117,98,0,106,0,"[-69,0,-66,15,2,1,-116,15,29,1,103,15,10,1,80,15,-20,0,74,15,-51,0,80,15,-70,0,102,15,-91,0,-129,15,-103,0,-68,15,-112,0,-6,15,-122,0,51,0,-134,0,87,0,111,0,102,0,0,0,0,0,34,0,105,0,-30,15,109,0,-114,15,126,0,75,15,-114,0,13,15,-73,0,-4,14,-52,0,20,15,-43,0,52,15,-41,0,85,15,-47,0,119,15,-73,0,-120,15,-116,0,-108,15,85,0,-108,15]"
CSI_DATA,123601,d8:b1:90:d9:de:f0,-40,11,-99,-33,41,104,-1527309222,100,0,228,0,"[2,7,4,10,4,13,4,17,4,20,2,22,1,23,89,36,-1,23,-2,22,-4,21,-4,20,-4,19,-4,17,-4,17,-4,16,-2,15,-2,14,0,13,0,13,2,12,-27,-24,4,10,5,8,6,8,7,7,7,6,7,5,0,0,7,2,7,0,8,-1,8,-3,8,-5,9,-8,-85,0,13,-12,14,-13,15,-15,16,-15,17,-15,17,-14,17,-13,17,-13,18,-11,17,-10,17,-8,17,-8,16,-6,-16,0,13,-6,12,-5,10,-5,8,-5,6,-5,4,-5,4,-5,-9,0,-8,8,0,12,8,8,11,0,8,-6,0,-8,-5,19,-5,2,0,5,5,3,7,-3,2,-10,-7,-10,-15,-3,-15,9,-4,20,11,20,24,8,24,-11,10,-26,-5,-14,-24,-11,-24,7,-11,20,5,21,16,9,16,-4,0,0,-4,-13,-12,-3,-9,6,0,11,8,7,10,-1,16,-20,-4,-9,-9,-2,-7,5,0,8,5,4,5,-1,0,-5,-4,-4,-6,2,-2,8,5,8,13,2,13,-9,18,-24,-10,-17,-22,-7,-23,9,-12,23,4,26,18,16,22,1]"
CSI_DATA,123602,d8:b1:90:d9:de:f0,-39,9,-99,-35,40,104,-1527149692,224,0,106,0,"[81,0,84,14,102,0,8,14,84,0,-33,13,51,0,-43,13,29,0,-34,13,21,0,-17,13,17,0,1,14,30,0,23,14,58,0,51,14,87,0,81,14,105,0,114,14,112,0,-102,14,111,0,-66,14,0,0,0,0,83,0,7,0,66,0,66,0,56,0,-110,0,58,0,-40,0,70,0,19,0,92,0,41,0,109,0,39,0,-122,0,19,0,-107,0,-11,0,-99,0,-44,0,-113,0,-77,0,98,0,-108,0,54,0]"
CSI_DATA,123603,d8:b1:90:d9:de:f0,-37,11,-99,-33,38,104,-1526941247,277,0,106,0,"[100,0,-95,0,-133,0,-32,0,-79,0,-24,0,-50,0,-50,0,-47,0,-81,0,-61,0,-114,0,-85,0,-122,0,-113,0,-103,0,146,0,-76,0,112,0,-54,0,83,0,-46,0,65,0,-62,0,51,0,-91,0,0,0,0,0,2,0,133,0,-45,17,87,0,-123,17,49,0,92,17,30,0,24,17,30,0,-16,16,47,0,-26,16,75,0,-16,16,107,0,6,17,128,0,38,17,146,0,70,17,-146,0,106,17,139,0,-146,17]"
CSI_DATA,123604,d8:b1:90:d9:de:f0,-38,9,-99,-34,39,104,-1526940784,113,0,106,0,"[132,0,105,15,-115,0,30,15,126,0,-25,14,84,0,-36,14,45,0,-28,14,25,0,0,15,19,0,20,15,38,0,34,15,73,0,48,15,100,0,55,15,113,0,66,15,112,0,80,15,94,0,105,15,0,0,0,0,75,0,-91,15,82,0,-26,15,118,0,37,0,-102,0,87,0,-43,0,119,0,-4,0,117,0,21,1,91,0,21,1,49,0,15,1,13,0,4,1,-25,15,-22,0,-48,15,-66,0,-52,15,-114,0]"
CSI_DATA,123605,d8:b1:90:d9:de:f0,-37,11,-99,-36,39,104,-1526523448,277,0,106,0,"[-63,16,-63,0,-79,16,21,1,-54,16,78,1,-20,16,87,1,13,0,58,1,34,0,19,1,34,0,-38,0,1,0,-104,0,-60,16,112,0,-142,16,44,0,85,16,6,0,54,16,-1,16,58,16,-3,16,0,0,0,0,-142,16,-53,16,-79,16,-105,16,-21,16,88,16,11,0,6,16,19,0,-56,15,5,0,-79,15,1,0,-61,15,-3,16,-21,15,-2,16,25,16,17,0,75,16,57,0,117,16,106,0,-135,16,138,0]"
CSI_DATA,123606,d8:b1:90:d9:de:f0,-37,9,-99,-35,38,104,-1526523003,130,0,106,0,"[119,18,152,18,31,18,105,18,-42,17,116,18,-62,17,-145,18,-53,17,-90,18,-6,17,-53,18,45,18,-31,18,118,18,-42,18,-100,18,-91,18,-28,18,151,18,13,0,85,18,23,0,46,18,19,0,59,18,0,0,0,0,48,0,155,18,114,0,-84,18,-106,0,-37,18,-2,0,-14,18,69,1,-20,18,86,1,-37,18,52,1,-61,18,7,1,-70,18,-44,0,-63,18,-84,0,-40,18,-116,0,8,0,-139,0,74,0,-143,0]"
CSI_DATA,123607,d8:b1:90:d9:de:f0,-36,9,-99,-35,37,104,-1526497661,108,0,106,0,"[75,0,-83,0,161,0,-1,0,-101,0,-4,0,-45,0,-65,0,-24,0,-134,0,-46,0,161,0,-85,0,122,0,-138,0,122,0,141,0,157,0,100,0,-130,0,87,0,-93,0,97,0,-83,0,96,0,-115,0,0,0,0,0,21,0,168,0,-57,20,146,0,-159,20,-166,0,126,20,-104,0,102,20,-37,0,120,20,-5,0,170,20,-2,0,-127,20,-26,0,-107,20,-52,0,-91,20,-71,0,-96,20,-79,0,-112,20,-96,0,-91,20]"
CSI_DATA,123608,d8:b1:90:d9:de:f0,-38,9,-99,-35,39,104,-1526314085,98,0,106,0,"[-81,0,99,0,-3,0,133,0,56,1,127,0,80,1,92,0,68,1,59,0,40,1,30,0,0,1,11,0,-64,0,10,0,130,0,42,0,39,0,88,0,-26,16,-134,0,-56,16,-99,0,-68,16,-97,0,0,0,0,0,-76,16,111,0,-109,16,35,0,98,16,-46,16,20,16,-110,16,-44,15,138,16,-82,15,137,16,-77,15,-112,16,-49,15,-74,16,-3,15,-46,16,52,16,-34,16,124,16,-44,16,-87,16,-78,16,-39,16]"
CSI_DATA,123609,d8:b1:90:d9:de:f0,-38,9,-99,-33,39,104,-1526313935,252,0,106,0,"[103,15,-127,0,48,15,-71,0,39,15,-16,0,57,15,11,1,99,15,21,1,-129,15,8,1,-94,15,-21,0,-72,15,-77,0,-72,15,99,0,-86,15,9,0,-115,15,-61,15,123,15,-101,15,118,15,-112,15,0,0,0,0,-76,15,-101,15,-1,15,-109,15,90,0,113,15,-104,0,53,15,-61,0,-6,14,-64,0,-41,14,-94,0,-42,14,127,0,-20,14,95,0,14,15,67,0,62,15,63,0,124,15,82,0,-69,15,111,0]"
CSI_DATA,123610,d8:b1:90:d9:de:f0,-35,11,-99,-35,36,104,-1526303978,100,0,114,0,"[20,-30,24,-32,29,-32,30,-33,32,-32,32,-33,30,-32,32,-29,29,-29,27,-27,27,-27,26,-27,26,-27,26,-29,26,-32,27,-33,27,-35,27,-36,27,-40,26,-40,27,-41,26,-41,26,-41,24,-43,24,-40,21,-40,23,-40,21,-40,0,0,21,-40,20,-40,20,-43,18,-43,18,-43,18,-44,16,-44,16,-44,16,-43,15,-43,12,-43,12,-41,10,-40,9,-38,7,-36,7,-38,4,-36,6,-36,4,-38,6,-38,4,-40,6,-43,6,-43,6,-43,7,-44,7,-43,9,-40,10,-36]"
CSI_DATA,123611,d8:b1:90:d9:de:f0,-38,11,-99,-35,39,104,-1525896749,277,0,106,0,"[62,16,-3,16,-22,15,8,0,-66,15,40,0,-61,15,73,0,-31,15,90,0,2,16,89,0,34,16,78,0,86,16,40,0,-136,16,-15,16,-83,16,-94,16,-46,16,124,16,-22,16,92,16,-5,16,97,16,0,0,0,0,44,0,138,16,104,0,-80,16,-78,0,-39,16,1,1,-4,16,71,1,11,0,90,1,7,0,69,1,-3,16,35,1,-13,16,-6,0,-16,16,-51,0,-3,16,-97,0,27,0,131,0,81,0,98,0]"
CSI_DATA,123612,d8:b1:90:d9:de:f0,-38,9,-99,-36,40,104,-1525896304,98,0,106,0,"[-127,0,90,15,-104,0,8,15,-121,0,-50,14,90,0,-65,14,50,0,-52,14,16,0,-21,14,1,0,24,15,5,0,83,15,39,0,-104,15,86,0,-38,15,-120,0,9,0,-92,0,26,0,-92,0,33,0,0,0,0,0,96,0,59,0,38,0,103,0,-10,15,-73,0,-40,15,8,1,-41,15,73,1,-24,15,99,1,8,0,84,1,30,0,49,1,42,0,-1,0,32,0,-51,0,0,0,-101,0,-47,15,118,0,-92,15]"
CSI_DATA,123613,d8:b1:90:d9:de:f0,-39,9,-99,-36,40,104,-1525687387,130,0,106,0,"[70,15,-74,15,-13,14,-85,15,-63,14,-57,15,-68,14,-25,15,-44,14,0,0,-6,14,10,0,32,15,7,0,84,15,-23,15,-111,15,-69,15,-58,15,-126,15,-17,15,87,15,4,0,72,15,11,0,84,15,0,0,0,0,50,0,-98,15,95,0,-30,15,-84,0,29,0,-12,0,75,0,39,1,99,0,62,1,99,0,49,1,84,0,18,1,67,0,-13,0,60,0,-55,0,62,0,-99,0,82,0,115,0,111,0,79,0]"
CSI_DATA,123614,d8:b1:90:d9:de:f0,-38,9,-99,-35,39,104,-1525687225,98,0,106,0,"[-19,16,61,16,-45,16,-22,15,-92,16,-52,15,-122,16,-47,15,-134,16,-16,15,-135,16,26,16,-114,16,61,16,-65,16,94,16,5,0,122,16,77,0,-133,16,135,0,-117,16,-113,0,-102,16,-110,0,-81,16,0,0,0,0,115,0,3,0,103,0,78,0,93,0,-107,0,99,0,-22,0,112,0,34,1,123,0,56,1,124,0,33,1,116,0,3,1,105,0,-29,0,81,0,-55,0,39,0,-78,0,3,0,-98,0,-31,16]"
CSI_DATA,123615,d8:b1:90:d9:de:f0,-37,11,-99,-35,38,104,-1525478950,277,0,106,0,"[-101,0,-88,18,-18,0,-155,18,-2,0,84,18,-35,0,40,18,-84,0,42,18,-139,0,51,18,145,0,92,18,140,0,152,18,152,0,-85,18,-130,0,-6,18,-110,0,47,0,-103,0,63,0,-125,0,64,0,0,0,0,0,80,0,92,0,1,0,128,0,-86,18,-106,0,-139,18,-25,0,-145,18,50,1,-129,18,75,1,-101,18,62,1,-69,18,29,1,-47,18,-8,0,-46,18,-57,0,-66,18,-110,0,-95,18,-150,0,-121,18]"
CSI_DATA,123616,d8:b1:90:d9:de:f0,-38,9,-99,-35,39,104,-1525478496,228,0,106,0,"[104,16,123,0,54,16,-69,0,66,16,-3,0,113,16,26,1,-112,16,34,1,-69,16,1,1,-47,16,-38,0,-57,16,-87,0,-87,16,123,0,-135,16,78,0,102,16,51,0,88,16,44,0,101,16,41,0,0,0,0,0,-107,16,-33,16,-73,16,-98,16,-58,16,81,16,-81,16,-6,15,-126,16,-64,15,113,16,-63,15,90,16,-33,15,85,16,22,16,94,16,68,16,121,16,100,16,-124,16,123,16,-68,16,127,16,-31,16]"
CSI_DATA,123617,d8:b1:90:d9:de:f0,-37,9,-99,-34,38,104,-1525478348,248,0,106,0,"[74,0,84,17,67,0,-23,16,7,0,-85,16,-59,17,-74,16,-114,17,-29,16,-129,17,23,17,-128,17,71,17,-82,17,109,17,-11,17,129,17,59,0,135,17,109,0,129,17,125,0,122,17,114,0,141,17,0,0,0,0,99,0,-66,17,128,0,21,0,-101,0,102,0,-20,0,149,0,60,1,-147,0,93,1,121,0,77,1,79,0,42,1,38,0,-3,0,4,0,-45,0,-2,17,-90,0,15,0,-128,0,54,0,-150,0]"
CSI_DATA,123618,d8:b1:90:d9:de:f0,-40,11,-99,-32,41,104,-1525308837,100,0,228,0,"[-5,0,-8,0,-12,0,-16,0,-19,0,-20,-2,-22,-4,86,35,-20,-7,-19,-8,-18,-9,-16,-9,-15,-9,-14,-8,-12,-8,-11,-7,-11,-5,-10,-3,-9,0,-8,1,-9,3,-27,-23,-8,7,-8,7,-8,7,-7,7,-7,6,-6,6,0,0,-2,4,0,4,2,4,6,4,9,5,12,7,-76,0,17,10,19,11,19,13,19,14,19,15,17,15,16,15,15,14,13,14,12,12,11,11,11,11,10,9,-100,0,10,7,10,5,10,4,9,3,8,2,8,1,7,1,0,-7,-5,-7,-10,-3,-10,5,-4,10,3,9,8,3,-15,-8,1,-4,-3,-1,-2,3,2,6,8,1,10,-6,3,-14,-8,-15,-20,-7,-21,9,-10,23,8,25,23,13,16,-1,14,-20,-3,-23,-16,-12,-18,2,-8,12,3,12,0,0,8,-4,0,-9,-7,-6,-10,3,-3,9,4,9,26,11,8,-5,2,-9,-4,-6,-6,0,-1,4,3,3,4,-2,0,-7,-7,-5,-11,1,-7,11,2,15,15,10,30,6,15,-16,0,-23,-15,-18,-23,-3,-19,13,-5,20,7,17]"
CSI_DATA,123619,d8:b1:90:d9:de:f0,-36,11,-99,-33,37,104,-1525270051,277,0,106,0,"[-98,0,-77,19,-5,0,-147,19,19,1,112,19,-15,0,79,19,-55,0,79,19,-91,0,108,19,-116,0,161,19,-120,0,-108,19,-110,0,-24,19,-101,0,50,0,-98,0,97,0,-117,0,117,0,-164,0,107,0,0,0,0,0,23,0,101,0,-85,19,108,0,136,19,145,0,51,19,-145,0,-5,18,-111,0,-18,18,-110,0,9,19,-106,0,33,19,-133,0,58,19,-160,0,77,19,147,0,84,19,104,0,97,19,57,0,126,19]"
CSI_DATA,123620,d8:b1:90:d9:de:f0,-37,9,-99,-34,38,104,-1525269552,101,0,106,0,"[99,17,93,0,28,17,-127,0,26,17,-54,0,66,17,-21,0,116,17,-19,0,-150,17,-45,0,-131,17,-86,0,-144,17,-144,0,128,17,98,0,95,17,39,0,77,17,10,0,93,17,1,0,122,17,-9,17,0,0,0,0,-57,17,-68,17,8,0,-129,17,73,0,84,17,101,0,3,17,103,0,-51,16,91,0,-67,16,74,0,-49,16,57,0,-20,16,49,0,13,17,48,0,39,17,64,0,67,17,78,0,98,17,83,0]"
CSI_DATA,123621,d8:b1:90:d9:de:f0,-38,11,-99,-33,39,104,-1524852252,277,0,106,0,"[-77,15,-109,0,-96,15,-37,0,-83,15,16,1,-57,15,36,1,-36,15,30,1,-18,15,20,1,-11,15,5,1,-14,15,-15,0,-26,15,-50,0,-54,15,-99,0,-80,15,117,0,-98,15,77,0,-104,15,47,0,0,0,0,0,-74,15,-17,15,-42,15,-72,15,-19,15,108,15,-8,15,22,15,-24,15,-40,14,-50,15,-80,14,-87,15,-77,14,-128,15,-47,14,112,15,-2,14,109,15,44,15,128,15,104,15,-87,15,-106,15,-25,15]"
CSI_DATA,123622,d8:b1:90:d9:de:f0,-38,9,-99,-35,39,104,-1524851771,108,0,106,0,"[121,0,135,0,-97,0,-81,0,-58,0,-57,0,-41,0,-55,0,-40,0,-62,0,-63,0,-71,0,-77,0,-69,0,-110,0,-65,0,115,0,-85,0,46,0,-100,0,-14,16,-124,0,-59,16,127,0,-83,16,97,0,0,0,0,0,-86,16,9,0,-61,16,-59,16,-43,16,119,16,-25,16,26,16,-21,16,-51,15,-35,16,-92,15,-44,16,-97,15,-67,16,-67,15,-76,16,-33,15,-79,16,4,16,-68,16,63,16,-27,16,137,16,22,0]"
CSI_DATA,123623,d8:b1:90:d9:de:f0,-37,9,-99,-33,38,104,-1524851671,130,0,106,0,"[-97,0,16,0,-12,0,25,0,39,1,10,0,46,1,-2,17,51,1,-10,17,28,1,-4,17,15,1,5,0,-8,0,28,0,-54,0,63,0,-120,0,99,0,112,0,130,0,55,0,143,0,13,0,133,0,0,0,0,0,-53,17,75,0,-92,17,2,0,139,17,-77,17,65,17,140,17,4,17,84,17,-31,16,64,17,-49,16,75,17,-38,16,105,17,-15,16,-146,17,11,17,-117,17,69,17,-87,17,-140,17,-72,17,-60,17]"
CSI_DATA,123624,d8:b1:90:d9:de:f0,-38,9,-99,-35,39,104,-1524851554,113,0,106,0,"[-98,16,-123,0,-139,16,-51,0,127,16,-4,0,138,16,16,1,-129,16,16,1,-127,16,-1,0,-127,16,-19,0,-133,16,-46,0,130,16,-99,0,128,16,113,0,128,16,51,0,136,16,-4,16,-125,16,-34,16,0,0,0,0,-44,16,-76,16,25,0,-83,16,117,0,-114,16,-71,0,128,16,-9,0,91,16,22,1,63,16,14,1,39,16,-11,0,38,16,-52,0,40,16,-95,0,61,16,-139,0,103,16,103,0,-107,16,83,0]"
CSI_DATA,123625,d8:b1:90:d9:de:f0,-38,9,-99,-32,39,104,-1524851445,98,0,106,0,"[115,15,95,0,54,15,-117,0,23,15,-79,0,32,15,-56,0,45,15,-51,0,54,15,-63,0,63,15,-75,0,68,15,-103,0,73,15,109,0,90,15,52,0,115,15,0,0,-116,15,-39,15,-95,15,-68,15,0,0,0,0,-14,15,-73,15,53,0,-69,15,-120,0,-67,15,-35,0,-77,15,33,1,-98,15,68,1,-121,15,65,1,121,15,41,1,105,15,0,1,94,15,-48,0,100,15,-94,0,123,15,115,0,-77,15,73,0]"
CSI_DATA,123626,d8:b1:90:d9:de:f0,-38,9,-99,-35,39,104,-1524851340,98,0,106,0,"[85,0,116,16,118,0,39,16,125,0,-9,15,109,0,-28,15,97,0,-27,15,83,0,-17,15,87,0,4,16,98,0,29,16,109,0,75,16,123,0,138,16,-138,0,-75,16,-139,0,-25,16,128,0,2,0,0,0,0,0,63,0,59,0,-2,16,86,0,-82,16,-137,0,122,16,-77,0,77,16,-13,0,67,16,23,1,80,16,39,1,118,16,39,1,-122,16,21,1,-90,16,-7,0,-58,16,-64,0,-51,16,-135,0,-61,16]"
CSI_DATA,123627,d8:b1:90:d9:de:f0,-38,11,-99,-35,39,104,-1524434453,277,0,106,0,"[57,0,92,16,82,0,26,16,89,0,-10,15,99,0,-25,15,109,0,-25,15,107,0,-9,15,127,0,2,16,-137,0,16,16,-121,0,55,16,-123,0,99,16,-133,0,-105,16,128,0,-41,16,102,0,9,0,0,0,0,0,47,0,79,0,-7,16,91,0,-70,16,111,0,126,16,122,0,53,16,138,0,8,16,-130,0,-11,15,-114,0,1,16,-100,0,10,16,-76,0,40,16,-69,0,98,16,-78,0,-109,16,-115,0,-47,16]"
CSI_DATA,123628,d8:b1:90:d9:de:f0,-39,9,-99,-35,40,104,-1524433999,113,0,106,0,"[-65,14,-81,0,-86,14,-18,0,-84,14,19,0,-77,14,25,0,-70,14,21,0,-68,14,12,0,-74,14,11,0,-87,14,0,0,-101,14,-29,0,-100,14,-71,0,-97,14,-124,0,-94,14,65,0,-87,14,17,0,0,0,0,0,-56,14,-58,14,-24,14,-85,14,25,0,-118,14,73,0,90,14,121,0,44,14,-104,0,11,14,-102,0,-4,13,-116,0,-16,13,100,0,-22,13,59,0,-21,13,18,0,7,14,-13,14,72,14,-25,14]"
CSI_DATA,123629,d8:b1:90:d9:de:f0,-37,9,-99,-37,39,104,-1524384398,98,0,106,0,"[-106,0,-71,17,-32,0,-107,17,0,1,-137,17,-1,0,143,17,-15,0,-147,17,-24,0,-128,17,-19,0,-109,17,-16,0,-81,17,-26,0,-41,17,-45,0,4,0,-83,0,45,0,-135,0,69,0,102,0,77,0,0,0,0,0,6,0,87,0,-68,17,75,0,146,17,68,0,61,17,51,0,-8,16,46,0,-47,16,48,0,-53,16,51,0,-47,16,68,0,-30,16,87,0,-8,16,103,0,40,17,110,0,108,17,91,0,-110,17]"
CSI_DATA,123630,d8:b1:90:d9:de:f0,-38,9,-99,-34,39,104,-1524384185,98,0,106,0,"[82,15,-34,15,4,15,-27,15,-38,14,-1,15,-38,14,19,0,-22,14,23,0,-6,14,21,0,4,15,3,0,11,15,-19,15,32,15,-49,15,61,15,-77,15,106,15,-99,15,-114,15,-109,15,-67,15,-105,15,0,0,0,0,12,0,-74,15,73,0,-45,15,-123,0,-16,15,-46,0,9,0,16,1,29,0,55,1,31,0,66,1,11,0,63,1,-9,15,48,1,-42,15,18,1,-63,15,-33,0,-80,15,-100,0,-73,15,93,0]"
CSI_DATA,123631,d8:b1:90:d9:de:f0,-35,11,-99,-36,37,104,-1524308791,100,0,114,0,"[33,-7,38,-4,40,-2,40,1,42,2,40,4,39,5,38,5,36,7,35,7,33,7,35,8,35,8,35,8,36,8,36,8,39,9,42,11,42,11,43,11,42,11,43,12,42,12,42,12,43,12,40,12,40,12,39,14,0,0,39,14,39,14,39,15,40,16,40,16,40,18,40,18,42,19,40,18,40,18,39,16,36,15,35,14,33,14,33,14,32,14,31,12,31,12,32,14,33,15,35,15,35,16,36,18,36,19,35,21,33,22,31,22,26,22]"
CSI_DATA,123632,d8:b1:90:d9:de:f0,-37,11,-99,-36,39,104,-1524225553,277,0,106,0,"[108,0,117,16,131,0,33,16,120,0,-15,15,93,0,-29,15,69,0,-15,15,67,0,-2,15,70,0,12,16,88,0,21,16,109,0,49,16,129,0,72,16,132,0,115,16,126,0,-130,16,112,0,-81,16,0,0,0,0,78,0,22,0,60,0,79,0,46,0,-129,0,38,0,-52,0,43,0,2,1,53,0,33,1,71,0,35,1,90,0,25,1,116,0,4,1,133,0,-24,0,141,0,-67,0,122,0,-118,0,79,0]"
CSI_DATA,123633,d8:b1:90:d9:de:f0,-37,9,-99,-34,38,104,-1524225073,98,0,106,0,"[93,0,109,17,103,0,16,17,64,0,-36,16,33,0,-41,16,3,0,-33,16,-13,17,-9,16,-9,17,0,17,-3,17,2,17,28,0,14,17,49,0,35,17,59,0,67,17,66,0,115,17,70,0,-137,17,0,0,0,0,86,0,-32,17,105,0,35,0,141,0,104,0,-122,0,-139,0,-78,0,-92,0,-43,0,-70,0,-13,0,-93,0,-4,0,-128,0,0,1,139,0,2,1,90,0,-22,0,43,0,-83,0,14,0,144,0]"
CSI_DATA,123634,d8:b1:90:d9:de:f0,-37,9,-99,-33,38,104,-1524224977,130,0,106,0,"[-139,0,-142,17,-85,0,86,17,-76,0,39,17,-80,0,33,17,-86,0,49,17,-95,0,60,17,-78,0,88,17,-62,0,118,17,-47,0,-135,17,-49,0,-84,17,-76,0,-40,17,-118,0,-1,17,128,0,24,0,0,0,0,0,8,0,66,0,-62,17,78,0,145,17,94,0,68,17,105,0,11,17,116,0,-27,16,120,0,-32,16,121,0,-23,16,128,0,-8,16,132,0,11,17,137,0,45,17,131,0,107,17,122,0,-122,17]"
CSI_DATA,123635,d8:b1:90:d9:de:f0,-37,11,-99,-34,38,104,-1523807755,277,0,106,0,"[82,17,-33,17,-7,16,-2,17,-46,16,46,0,-36,16,84,0,-14,16,99,0,8,17,110,0,28,17,95,0,13,17,82,0,-2,16,61,0,3,17,51,0,41,17,39,0,99,17,23,0,-148,17,11,0,0,0,0,0,-48,17,-65,17,-7,17,-109,17,38,0,-152,17,77,0,98,17,103,0,47,17,112,0,19,17,103,0,1,17,83,0,-21,16,42,0,-34,16,-4,17,-30,16,-53,17,5,17,-95,17,72,17,-84,17]"
CSI_DATA,123636,d8:b1:90:d9:de:f0,-37,9,-99,-36,39,104,-1523807274,98,0,106,0,"[-120,16,-108,0,-139,16,-23,0,-131,16,24,1,-107,16,23,1,-99,16,10,1,-102,16,-8,0,-126,16,-26,0,139,16,-35,0,112,16,-53,0,105,16,-80,0,115,16,-117,0,-142,16,124,0,-107,16,71,0,0,0,0,0,-40,16,-42,16,0,0,-94,16,39,0,135,16,78,0,87,16,111,0,42,16,138,0,24,16,142,0,10,16,133,0,-1,15,117,0,-7,15,90,0,-16,15,50,0,-10,15,8,0,39,16,-19,16]"
CSI_DATA,123637,d8:b1:90:d9:de:f0,-37,9,-99,-34,38,104,-1523807178,224,0,106,0,"[111,17,-92,17,24,17,-115,17,-19,16,-111,17,-15,16,-92,17,-13,16,-91,17,15,17,-92,17,20,17,-112,17,21,17,-152,17,42,17,123,17,72,17,114,17,122,17,115,17,-137,17,148,17,-83,17,-124,17,0,0,0,0,38,0,-74,17,98,0,-36,17,-135,0,-1,17,-80,0,34,0,-38,0,61,0,-13,0,79,0,4,1,97,0,11,1,91,0,14,1,71,0,13,1,53,0,7,1,20,0,-52,0,-19,17,-133,0]"
CSI_DATA,123638,d8:b1:90:d9:de:f0,-37,9,-99,-34,38,104,-1523598401,108,0,106,0,"[122,17,120,0,68,17,-108,0,70,17,-46,0,103,17,-23,0,127,17,-26,0,144,17,-41,0,142,17,-54,0,122,17,-52,0,102,17,-66,0,102,17,-80,0,118,17,-112,0,-149,17,-152,0,-118,17,102,0,0,0,0,0,-84,17,-19,17,-70,17,-83,17,-77,17,-150,17,-73,17,87,17,-85,17,42,17,-91,17,7,17,-105,17,-1,16,-131,17,2,17,142,17,19,17,104,17,41,17,85,17,85,17,96,17,-147,17,148,17]"
CSI_DATA,123639,d8:b1:90:d9:de:f0,-38,11,-99,-35,39,104,-1523389956,277,0,106,0,"[91,16,75,0,20,16,-136,0,16,16,-87,0,33,16,-67,0,58,16,-66,0,66,16,-90,0,67,16,-110,0,43,16,131,0,28,16,102,0,22,16,86,0,52,16,51,0,99,16,35,0,-124,16,10,0,0,0,0,0,-19,16,-52,16,33,0,-85,16,91,0,-121,16,-135,0,129,16,-79,0,112,16,-58,0,94,16,-40,0,94,16,-46,0,79,16,-55,0,51,16,-82,0,39,16,-127,0,34,16,103,0,61,16,47,0]"
CSI_DATA,123640,d8:b1:90:d9:de:f0,-37,9,-99,-37,39,104,-1523389511,130,0,106,0,"[-43,17,87,17,-100,17,15,17,137,17,-1,16,116,17,15,17,112,17,35,17,117,17,60,17,131,17,56,17,-146,17,38,17,-120,17,24,17,-93,17,27,17,-76,17,61,17,-55,17,108,17,-27,17,-133,17,0,0,0,0,46,0,-28,17,97,0,19,0,-147,0,71,0,-95,0,112,0,-60,0,142,0,-33,0,-138,0,-13,0,-135,0,-3,0,146,0,4,1,123,0,16,1,84,0,5,1,42,0,-41,0,-9,17,-122,0]"
CSI_DATA,123641,d8:b1:90:d9:de:f0,-38,9,-99,-35,39,104,-1523389349,101,0,106,0,"[-106,0,-94,16,-55,0,111,16,-58,0,54,16,-82,0,33,16,-109,0,33,16,-121,0,50,16,-114,0,58,16,-94,0,70,16,-87,0,81,16,-82,0,102,16,-98,0,130,16,-138,0,-116,16,105,0,-70,16,0,0,0,0,45,0,33,0,25,0,88,0,3,0,-123,0,-15,16,-67,0,-20,16,-22,0,-22,16,5,1,-9,16,21,1,18,0,21,1,40,0,23,1,77,0,14,1,114,0,-17,0,128,0,-80,0,109,0]"
CSI_DATA,123642,d8:b1:90:d9:de:f0,-37,9,-99,-33,38,104,-1523389190,98,0,106,0,"[62,0,-90,0,105,0,-10,0,136,0,18,1,142,0,9,1,124,0,3,1,100,0,-10,0,57,0,-13,0,13,0,-3,0,-34,17,0,1,-72,17,-24,0,-87,17,-65,0,-90,17,-117,0,-85,17,113,0,0,0,0,0,-54,17,-35,17,-31,17,-97,17,3,0,130,17,38,0,73,17,78,0,27,17,110,0,11,17,128,0,4,17,136,0,2,17,136,0,1,17,120,0,-1,16,99,0,9,17,63,0,46,17,27,0]"
CSI_DATA,123643,d8:b1:90:d9:de:f0,-40,11,-99,-36,42,104,-1523308861,100,0,228,0,"[7,0,10,-1,13,-1,16,-1,19,-1,20,0,21,0,86,35,20,0,20,0,19,0,19,0,18,0,18,0,18,-1,18,-3,17,-4,17,-5,16,-7,15,-8,15,-8,-27,-23,12,-9,11,-8,9,-8,7,-7,5,-7,3,-6,0,0,0,-4,-1,-3,-3,-3,-6,-3,-7,-1,-10,0,93,11,-14,0,-15,1,-16,3,-17,3,-19,4,-19,4,-19,4,-19,4,-19,4,-19,4,-19,4,-19,3,-19,3,-11,11,-19,1,-17,0,-15,0,-13,0,-10,0,-7,0,-4,0,-4,12,5,13,13,6,14,-3,6,-11,-3,-11,-7,-3,15,3,0,4,3,0,2,-3,-3,-6,-9,0,-8,7,0,14,11,11,19,0,14,-15,0,-22,-17,-16,-24,1,-1,9,1,24,19,15,23,-3,12,-18,-3,-20,-17,-11,0,0,-8,15,5,16,15,7,14,-5,4,-13,-5,-10,-23,-2,-7,5,0,7,5,3,4,-2,0,-3,-3,-1,-2,2,1,3,5,0,3,-4,-1,-7,-7,-3,-10,3,-23,15,6,15,17,7,19,-7,10,-19,-4,-23,-18,-14,-20,0]"
CSI_DATA,123644,d8:b1:90:d9:de:f0,-37,9,-99,-33,38,104,-1523180557,98,0,106,0,"[130,0,128,17,-135,0,41,17,-145,0,-13,16,127,0,-21,16,113,0,-1,16,110,0,18,17,128,0,41,17,-138,0,55,17,-103,0,68,17,-93,0,94,17,-103,0,131,17,-137,0,-124,17,121,0,-72,17,0,0,0,0,48,0,46,0,5,0,101,0,-33,17,-133,0,-71,17,-84,0,-102,17,-34,0,-125,17,-12,0,-133,17,-8,0,-125,17,4,1,-108,17,11,1,-84,17,13,1,-46,17,6,1,-10,17,-39,0,17,0]"
CSI_DATA,123645,d8:b1:90:d9:de:f0,-37,11,-99,-35,38,104,-1522554358,277,0,106,0,"[-106,0,75,0,-7,0,69,0,37,1,29,0,31,1,-12,18,17,1,-31,18,-7,0,-35,18,-14,0,-20,18,-3,0,-1,18,0,1,23,0,-8,0,35,0,-44,0,41,0,-96,0,40,0,154,0,35,0,0,0,0,0,40,0,78,0,-25,18,106,0,-81,18,155,0,-133,18,-116,0,145,18,-84,0,118,18,-59,0,124,18,-42,0,143,18,-25,0,-138,18,-7,0,-99,18,4,1,-55,18,-7,0,-11,18,-56,0,14,0]"
CSI_DATA,123646,d8:b1:90:d9:de:f0,-37,9,-99,-33,38,104,-1522553904,130,0,106,0,"[-115,17,-113,0,-139,17,-18,0,-123,17,32,1,-95,17,35,1,-84,17,12,1,-90,17,-13,0,-110,17,-33,0,-145,17,-45,0,109,17,-71,0,93,17,-98,0,108,17,-132,0,133,17,125,0,-128,17,72,0,0,0,0,0,-40,17,-45,17,-1,17,-100,17,45,0,135,17,87,0,81,17,123,0,41,17,-140,0,21,17,-135,0,11,17,-143,0,8,17,144,0,0,17,118,0,-4,16,83,0,0,17,46,0,48,17,11,0]"
CSI_DATA,123647,d8:b1:90:d9:de:f0,-38,9,-99,-35,39,104,-1522553733,113,0,106,0,"[-27,16,79,16,-75,16,0,16,-121,16,-20,15,137,16,-8,15,-139,16,11,16,-118,16,28,16,-95,16,28,16,-63,16,18,16,-31,16,7,16,-4,16,15,16,11,0,41,16,22,0,88,16,33,0,-126,16,0,0,0,0,49,0,-6,16,75,0,62,0,92,0,127,0,105,0,-90,0,114,0,-35,0,115,0,-8,0,115,0,-1,0,134,0,-4,0,-133,0,-9,0,-107,0,-26,0,-97,0,-57,0,-110,0,-114,0,127,0]"
CSI_DATA,123648,d8:b1:90:d9:de:f0,-37,9,-99,-36,39,104,-1522344995,98,0,106,0,"[-90,0,57,0,-1,0,40,0,42,1,-4,16,32,1,-47,16,7,1,-69,16,-10,0,-69,16,-25,0,-58,16,-13,0,-40,16,-10,0,-20,16,-10,0,-10,16,-49,0,-5,16,-90,0,-2,16,-143,0,12,0,0,0,0,0,38,0,66,0,-10,16,103,0,-48,16,-135,0,-83,16,-86,0,-108,16,-42,0,-115,16,-21,0,-107,16,-8,0,-87,16,4,1,-53,16,13,1,-11,16,8,1,28,0,-8,0,58,0,-59,0,60,0]"
CSI_DATA,123649,d8:b1:90:d9:de:f0,-38,9,-99,-35,39,104,-1522344855,98,0,106,0,"[-77,0,-21,16,5,1,-52,16,39,1,-88,16,25,1,-102,16,5,1,-98,16,-11,0,-76,16,-11,0,-50,16,-7,0,-10,16,-14,0,40,0,-25,0,65,0,-55,0,80,0,-109,0,76,0,111,0,68,0,0,0,0,0,-14,16,55,0,-86,16,39,0,124,16,27,0,64,16,9,0,17,16,-9,16,-11,15,-29,16,-19,15,-39,16,-20,15,-39,16,-22,15,-26,16,-28,15,-6,16,-7,15,15,0,47,16,31,0,118,16]"
CSI_DATA,123650,d8:b1:90:d9:de:f0,-37,9,-99,-33,38,104,-1522344696,98,0,106,0,"[84,17,49,0,0,17,98,0,-23,16,145,0,-6,16,-129,0,15,17,-138,0,32,17,140,0,32,17,109,0,15,17,63,0,4,17,20,0,5,17,-8,17,43,17,-26,17,100,17,-34,17,-135,17,-38,17,0,0,0,0,0,0,-60,17,72,0,-66,17,-146,0,-78,17,-77,0,-78,17,-25,0,-75,17,9,1,-75,17,21,1,-70,17,27,1,-72,17,26,1,-92,17,12,1,-109,17,-21,0,-125,17,-79,0,-132,17,136,0]"
CSI_DATA,123651,d8:b1:90:d9:de:f0,-35,11,-99,-34,36,104,-1522309213,100,0,114,0,"[26,28,28,32,29,35,28,38,26,38,26,38,23,37,23,37,23,35,22,34,22,32,23,31,25,29,25,31,26,29,26,31,29,32,31,32,34,34,35,31,37,34,37,32,35,32,37,31,35,29,37,28,37,26,38,26,0,0,35,25,37,23,38,23,38,23,40,23,40,22,40,22,41,22,41,20,41,17,41,14,40,13,37,11,37,11,35,8,35,8,35,7,37,5,37,5,38,5,38,5,41,5,41,4,43,4,43,5,43,5,38,7,37,8]"
CSI_DATA,123652,d8:b1:90:d9:de:f0,-37,9,-99,-37,39,104,-1522136069,108,0,106,0,"[-118,0,128,0,-18,0,138,0,34,1,108,0,38,1,66,0,23,1,43,0,-3,0,33,0,-17,0,46,0,-23,0,75,0,-24,0,94,0,-41,0,110,0,-72,0,109,0,-113,0,92,0,120,0,76,0,0,0,0,0,-11,17,61,0,-73,17,61,0,-147,17,69,0,86,17,83,0,33,17,98,0,9,17,109,0,0,17,124,0,6,17,-147,0,24,17,-117,0,46,17,-92,0,90,17,-70,0,-136,17,-88,0,-71,17]"
CSI_DATA,123653,d8:b1:90:d9:de:f0,-37,9,-99,-34,38,104,-1522135942,113,0,106,0,"[86,17,15,0,-4,16,52,0,-34,16,106,0,-19,16,140,0,10,17,146,0,29,17,141,0,34,17,120,0,16,17,102,0,2,17,72,0,4,17,53,0,39,17,36,0,87,17,21,0,147,17,4,0,0,0,0,0,-57,17,-68,17,-2,17,-111,17,47,0,135,17,87,0,90,17,116,0,46,17,137,0,22,17,133,0,4,17,117,0,-5,16,91,0,-16,16,49,0,-20,16,10,0,-4,16,-22,17,47,17,-38,17]"
CSI_DATA,123654,d8:b1:90:d9:de:f0,-37,11,-99,-34,38,104,-1521718760,277,0,106,0,"[84,17,-4,17,-2,16,40,0,-29,16,103,0,-7,16,142,0,21,17,-147,0,49,17,147,0,46,17,134,0,36,17,117,0,24,17,96,0,32,17,85,0,59,17,72,0,110,17,55,0,-141,17,29,0,0,0,0,0,-33,17,-52,17,15,0,-101,17,55,0,140,17,89,0,84,17,111,0,41,17,116,0,13,17,110,0,-1,16,79,0,-11,16,43,0,-16,16,10,0,-23,16,-34,17,0,17,-73,17,55,17,-76,17]"
CSI_DATA,123655,d8:b1:90:d9:de:f0,-37,9,-99,-36,39,104,-1521718261,130,0,106,0,"[-134,16,131,16,63,16,89,16,12,16,96,16,6,16,120,16,24,16,139,16,54,16,139,16,83,16,122,16,111,16,94,16,136,16,62,16,-123,16,49,16,-92,16,65,16,-60,16,103,16,-21,16,-131,16,0,0,0,0,42,0,-28,16,89,0,33,0,130,0,88,0,-118,0,142,0,-100,0,-97,0,-89,0,-67,0,-90,0,-57,0,-81,0,-58,0,-70,0,-67,0,-58,0,-86,0,-58,0,-120,0,-86,0,122,0,140,0]"
CSI_DATA,123656,d8:b1:90:d9:de:f0,-37,9,-99,-34,38,104,-1521718144,262,0,106,0,"[-99,0,-65,17,-22,0,-121,17,-1,0,136,17,-15,0,118,17,-40,0,122,17,-47,0,146,17,-45,0,-127,17,-27,0,-95,17,-19,0,-54,17,-15,0,-26,17,-48,0,-3,17,-103,0,9,0,135,0,23,0,0,0,0,0,8,0,58,0,-66,17,78,0,-139,17,103,0,99,17,118,0,46,17,129,0,14,17,123,0,7,17,124,0,9,17,133,0,8,17,149,0,23,17,-136,0,55,17,-128,0,109,17,-136,0,-123,17]"
CSI_DATA,123657,d8:b1:90:d9:de:f0,-37,9,-99,-35,38,104,-1521717929,242,0,106,0,"[-74,18,-102,0,-80,18,-6,0,-53,18,46,1,-29,18,47,1,-20,18,18,1,-26,18,-11,0,-56,18,-23,0,-100,18,-29,0,-138,18,-36,0,149,18,-55,0,149,18,-100,0,-148,18,-143,0,-125,18,110,0,0,0,0,0,-88,18,-26,18,-62,18,-89,18,-46,18,145,18,-26,18,80,18,-9,18,28,18,2,0,-7,17,11,0,-15,17,-1,18,-24,17,-17,18,-23,17,-35,18,-9,17,-61,18,11,18,-70,18,68,18,-57,18]"
CSI_DATA,123658,d8:b1:90:d9:de:f0,-40,11,-99,-33,41,104,-1521308891,100,0,228,0,"[4,5,7,7,9,10,10,13,12,15,12,16,12,18,89,36,11,18,10,17,10,17,10,17,10,15,11,15,12,14,13,13,13,13,15,11,16,10,15,9,15,8,-27,-24,14,6,13,4,12,4,10,2,8,1,6,0,0,0,3,-2,1,-3,0,-4,-2,-6,-4,-7,-6,-8,-77,12,-10,-11,-12,-11,-13,-12,-13,-12,-15,-13,-16,-13,-16,-12,-16,-12,-16,-12,-16,-13,-15,-13,-15,-13,-14,-14,29,12,-13,-13,-12,-13,-9,-13,-8,-11,-6,-9,-4,-7,-4,-4,-13,1,-9,10,0,14,10,9,13,0,7,-8,0,-8,6,14,-4,2,0,3,4,0,2,-6,-4,-8,-12,-2,-11,8,-2,17,11,16,22,3,18,-14,3,-24,-15,-20,-9,4,-19,16,-1,24,16,17,23,0,15,-16,0,-21,0,0,-18,1,-11,14,2,17,13,8,14,-3,6,-10,-11,-20,-8,-3,-6,3,0,5,4,2,2,-1,-1,-2,-3,0,-1,4,3,4,6,0,4,-6,-2,-9,-11,-6,-29,-9,-8,15,5,19,18,12,23,-4,15,-18,0,-24,-13,-16]"
CSI_DATA,123659,d8:b1:90:d9:de:f0,-37,11,-99,-34,38,104,-1521300961,277,0,106,0,"[105,17,-77,17,13,17,-78,17,-34,16,-46,17,-38,16,-20,17,-14,16,-14,17,1,17,-17,17,15,17,-39,17,20,17,-70,17,23,17,-108,17,38,17,-121,17,79,17,-120,17,136,17,-103,17,-109,17,-84,17,0,0,0,0,23,0,-57,17,95,0,-40,17,-133,0,-36,17,-68,0,-24,17,-21,0,-11,17,8,1,0,0,15,1,-1,17,23,1,-11,17,27,1,-33,17,17,1,-62,17,-11,0,-84,17,-62,0,-101,17,-148,0]"
CSI_DATA,123660,d8:b1:90:d9:de:f0,-37,9,-99,-33,38,104,-1521300480,101,0,106,0,"[-139,17,132,17,69,17,90,17,8,17,97,17,-3,16,138,17,8,17,-130,17,33,17,-117,17,41,17,-127,17,60,17,143,17,71,17,120,17,84,17,112,17,113,17,121,17,-147,17,-144,17,-95,17,-109,17,0,0,0,0,27,0,-64,17,97,0,-45,17,-128,0,-38,17,-66,0,-32,17,-12,0,-31,17,10,1,-35,17,16,1,-34,17,13,1,-55,17,3,1,-87,17,-2,0,-116,17,-33,0,-143,17,-100,0,-146,17,118,0]"
CSI_DATA,123661,d8:b1:90:d9:de:f0,-38,9,-99,-35,39,104,-1521300330,98,0,106,0,"[-82,0,-64,16,-17,0,-134,16,-13,0,76,16,-49,0,52,16,-81,0,56,16,-107,0,65,16,-105,0,88,16,-86,0,104,16,-57,0,118,16,-56,0,138,16,-76,0,-122,16,-111,0,-98,16,124,0,-61,16,0,0,0,0,54,0,33,0,27,0,92,0,0,0,-126,0,-15,16,-65,0,-20,16,-19,0,-21,16,10,1,-6,16,21,1,13,0,29,1,41,0,19,1,79,0,8,1,109,0,-22,0,127,0,-90,0,98,0]"
CSI_DATA,123662,d8:b1:90:d9:de:f0,-37,9,-99,-37,39,104,-1521300180,98,0,106,0,"[0,0,-80,0,46,0,3,1,109,0,28,1,139,0,4,1,-137,0,-20,0,-147,0,-42,0,140,0,-51,0,125,0,-35,0,101,0,-26,0,87,0,-26,0,77,0,-54,0,55,0,-102,0,30,0,137,0,0,0,0,0,-46,17,49,0,-101,17,5,0,128,17,-27,17,71,17,-51,17,25,17,-69,17,-3,16,-72,17,-17,16,-58,17,-19,16,-33,17,-21,16,-1,17,-19,16,41,0,8,17,80,0,71,17,105,0,-139,17]"
CSI_DATA,123663,d8:b1:90:d9:de:f0,-36,9,-99,-36,38,104,-1521300084,252,0,106,0,"[-51,18,-98,0,-54,18,1,1,-40,18,47,1,-17,18,39,1,-22,18,17,1,-47,18,-8,0,-85,18,-28,0,-138,18,-42,0,139,18,-60,0,109,18,-96,0,112,18,-144,0,137,18,125,0,-146,18,66,0,0,0,0,0,-66,18,-52,18,-3,18,-112,18,46,0,151,18,104,0,103,18,-161,0,71,18,-125,0,61,18,-107,0,66,18,-95,0,60,18,-103,0,60,18,-118,0,54,18,-144,0,60,18,143,0,94,18,88,0]"
CSI_DATA,123664,d8:b1:90:d9:de:f0,-37,9,-99,-35,38,104,-1521091590,130,0,106,0,"[-97,0,72,0,0,1,75,0,48,1,40,0,44,1,7,0,26,1,-12,18,-1,0,1,0,-12,0,17,0,-8,0,56,0,-18,0,96,0,-31,0,122,0,-68,0,122,0,-124,0,107,0,125,0,85,0,0,0,0,0,2,0,74,0,-79,18,74,0,152,18,77,0,81,18,78,0,33,18,73,0,-1,17,69,0,-15,17,80,0,-15,17,91,0,-12,17,111,0,8,18,143,0,40,18,-152,0,101,18,-156,0,-134,18]"
CSI_DATA,123665,d8:b1:90:d9:de:f0,-37,9,-99,-37,39,104,-1521091473,120,0,106,0,"[146,17,-140,0,112,17,-48,0,127,17,5,1,-130,17,16,1,-109,17,0,1,-108,17,-21,0,-122,17,-40,0,-147,17,-60,0,127,17,-71,0,113,17,-90,0,122,17,-120,0,143,17,139,0,-116,17,85,0,0,0,0,0,-63,17,-38,17,-40,17,-94,17,-21,17,130,17,-8,17,73,17,3,0,16,17,9,0,-8,16,10,0,-12,16,-9,17,-12,16,-32,17,-13,16,-64,17,-10,16,-91,17,13,17,-101,17,69,17,-86,17]"
CSI_DATA,123666,d8:b1:90:d9:de:f0,-38,9,-99,-35,39,104,-1521091351,120,0,106,0,"[19,0,-81,0,66,0,-6,0,115,0,14,1,-136,0,-2,0,-127,0,-27,0,134,0,-40,0,118,0,-43,0,99,0,-30,0,75,0,-15,0,55,0,-19,0,37,0,-44,0,25,0,-93,0,4,0,131,0,0,0,0,0,-52,16,33,0,-94,16,-21,16,135,16,-67,16,93,16,-111,16,65,16,-139,16,43,16,119,16,26,16,121,16,18,16,129,16,8,16,-123,16,-2,15,-92,16,7,16,-54,16,47,16,-20,16,123,16]"
CSI_DATA,123667,d8:b1:90:d9:de:f0,-37,11,-99,-36,38,104,-1520883162,277,0,106,0,"[104,18,27,0,17,18,80,0,-3,17,140,0,16,18,-147,0,41,18,-138,0,67,18,-146,0,61,18,-159,0,49,18,159,0,42,18,140,0,40,18,120,0,70,18,104,0,118,18,79,0,-151,18,45,0,0,0,0,0,-65,18,-52,18,-23,18,-107,18,8,0,143,18,31,0,81,18,40,0,31,18,44,0,0,18,26,0,-12,17,-3,18,-12,17,-31,18,-12,17,-74,18,-8,17,-112,18,23,18,-130,18,88,18,-113,18]"
CSI_DATA,123668,d8:b1:90:d9:de:f0,-37,9,-99,-37,39,104,-1520882717,98,0,106,0,"[95,17,-71,17,0,17,-73,17,-42,16,-53,17,-39,16,-30,17,-15,16,-25,17,6,17,-31,17,21,17,-54,17,35,17,-97,17,45,17,-139,17,64,17,132,17,107,17,132,17,-143,17,-144,17,-84,17,-110,17,0,0,0,0,33,0,-60,17,98,0,-31,17,-125,0,0,0,-66,0,30,0,-25,0,54,0,-1,0,76,0,2,1,87,0,9,1,88,0,12,1,72,0,12,1,53,0,-4,0,30,0,-49,0,-2,17,-132,0]"
CSI_DATA,123669,d8:b1:90:d9:de:f0,-36,9,-99,-38,38,104,-1520828595,108,0,106,0,"[-66,20,-114,0,-82,20,-21,0,-64,20,21,1,-52,20,40,1,-49,20,10,1,-48,20,1,1,-74,20,-29,0,-141,20,-38,0,138,20,-60,0,105,20,-85,0,129,20,-140,0,157,20,144,0,-150,20,92,0,0,0,0,0,-78,20,-48,20,-36,20,-113,20,12,0,148,20,54,0,85,20,84,0,48,20,116,0,21,20,145,0,8,20,164,0,6,20,150,0,-4,18,118,0,6,20,105,0,37,20,58,0,62,20,25,0]"
CSI_DATA,123670,d8:b1:90:d9:de:f0,-36,9,-99,-37,38,104,-1520792782,500,0,106,0,"[-53,19,101,19,-90,19,9,19,-123,19,-29,18,-129,19,-20,18,-115,19,-2,18,-90,19,16,19,-51,19,15,19,5,0,5,19,53,0,10,19,88,0,31,19,115,0,75,19,110,0,130,19,94,0,-128,19,0,0,0,0,73,0,25,0,37,0,102,0,12,0,-142,0,-29,19,-77,0,-58,19,-20,0,-84,19,2,1,-110,19,1,1,-116,19,0,1,-110,19,1,1,-106,19,7,1,-85,19,-3,0,-46,19,-53,0,-20,19]"
CSI_DATA,123671,d8:b1:90:d9:de:f0,-37,9,-99,-35,38,104,-1520791627,500,0,106,0,"[-36,18,-92,0,-2,18,2,1,52,0,41,1,92,0,29,1,102,0,0,1,100,0,-29,0,85,0,-34,0,52,0,-26,0,29,0,-18,0,11,0,-23,0,-3,18,-52,0,-2,18,-103,0,-13,18,141,0,0,0,0,0,-57,18,18,0,-91,18,-46,18,-136,18,-107,18,139,18,148,18,102,18,111,18,75,18,95,18,63,18,91,18,46,18,113,18,24,18,139,18,12,18,-145,18,15,18,-94,18,58,18,-39,18,136,18]"
CSI_DATA,123672,d8:b1:90:d9:de:f0,-37,9,-99,-36,39,104,-1520791292,500,0,106,0,"[109,16,108,0,41,16,-114,0,24,16,-68,0,43,16,-66,0,59,16,-87,0,70,16,-105,0,57,16,-140,0,42,16,98,0,23,16,50,0,17,16,15,0,49,16,-14,16,94,16,-26,16,-130,16,-38,16,0,0,0,0,-1,16,-57,16,79,0,-63,16,-141,0,-62,16,-74,0,-52,16,-16,0,-42,16,10,1,-30,16,12,1,-8,16,16,1,-8,16,21,1,-15,16,22,1,-22,16,-1,0,-38,16,-53,0,-58,16,-133,0]"
CSI_DATA,123673,d8:b1:90:d9:de:f0,-37,11,-99,-33,38,104,-1520465363,277,0,106,0,"[88,17,-34,17,-9,16,-5,17,-43,16,39,0,-34,16,65,0,-6,16,72,0,16,17,54,0,11,17,25,0,10,17,-6,17,9,17,-38,17,20,17,-70,17,55,17,-79,17,107,17,-76,17,-125,17,-70,17,0,0,0,0,-2,17,-68,17,69,0,-68,17,-147,0,-83,17,-81,0,-84,17,-38,0,-79,17,-1,0,-79,17,12,1,-90,17,11,1,-108,17,1,1,-124,17,-13,0,-147,17,-48,0,132,17,-106,0,139,17,120,0]"
CSI_DATA,123674,d8:b1:90:d9:de:f0,-37,9,-99,-35,38,104,-1520464918,214,0,106,0,"[70,0,101,18,67,0,4,18,31,0,-44,17,-4,18,-44,17,-24,18,-22,17,-24,18,2,18,-12,18,9,18,22,0,8,18,48,0,1,18,67,0,13,18,73,0,50,18,64,0,105,18,57,0,-143,18,0,0,0,0,77,0,-17,18,95,0,56,0,124,0,129,0,146,0,-124,0,-144,0,-84,0,-125,0,-56,0,-116,0,-44,0,-94,0,-51,0,-73,0,-69,0,-52,0,-99,0,-47,0,-143,0,-73,0,111,0,-140,0]"
CSI_DATA,123675,d8:b1:90:d9:de:f0,-37,9,-99,-35,38,104,-1520464719,214,0,106,0,"[151,18,-155,18,56,18,118,18,-4,17,143,18,-11,17,-129,18,-7,17,-94,18,22,18,-85,18,33,18,-92,18,40,18,-119,18,51,18,-155,18,66,18,144,18,92,18,154,18,130,18,-132,18,-116,18,-110,18,0,0,0,0,-2,18,-84,18,74,0,-83,18,145,0,-96,18,-105,0,-103,18,-56,0,-116,18,-26,0,-128,18,-14,0,-143,18,-28,0,148,18,-44,0,125,18,-70,0,90,18,-116,0,73,18,134,0,100,18,74,0]"
CSI_DATA,123676,d8:b1:90:d9:de:f0,-35,11,-99,-34,36,104,-1520308801,100,0,114,0,"[-38,4,-43,1,-44,0,-46,-4,-46,-5,-46,-8,-43,-10,-41,-10,-40,-10,-37,-11,-37,-10,-35,-13,-35,-13,-35,-14,-37,-14,-38,-14,-40,-14,-40,-16,-43,-19,-43,-17,-43,-19,-43,-19,-41,-19,-41,-19,-41,-20,-38,-22,-38,-22,-38,-20,0,0,-37,-20,-35,-22,-37,-23,-38,-25,-38,-26,-38,-25,-38,-26,-37,-25,-35,-25,-34,-25,-32,-25,-32,-26,-31,-23,-31,-22,-29,-22,-28,-22,-28,-22,-28,-22,-29,-22,-29,-23,-31,-23,-32,-26,-31,-28,-29,-31,-29,-31,-26,-32,-23,-31,-19,-31]"
CSI_DATA,123677,d8:b1:90:d9:de:f0,-36,11,-99,-33,37,104,-1520256464,277,0,106,0,"[85,0,-108,0,138,0,-24,0,-151,0,9,1,-132,0,-5,0,-149,0,-23,0,149,0,-33,0,114,0,-29,0,59,0,-10,0,14,0,6,1,-40,19,-1,0,-59,19,-46,0,-69,19,-104,0,-76,19,156,0,0,0,0,0,-91,19,3,0,-93,19,-72,19,-98,19,-163,19,-91,19,95,19,-72,19,36,19,-57,19,-3,18,-37,19,-18,18,-41,19,-28,18,-47,19,-29,18,-69,19,-15,18,-80,19,9,19,-84,19,64,19,-66,19]"
CSI_DATA,123678,d8:b1:90:d9:de:f0,-37,9,-99,-35,38,104,-1520256010,98,0,106,0,"[28,0,92,18,22,0,-1,17,-11,18,-48,17,-31,18,-39,17,-42,18,-17,17,-25,18,3,18,-1,18,12,18,36,0,14,18,78,0,14,18,108,0,28,18,119,0,66,18,108,0,119,18,95,0,-128,18,0,0,0,0,88,0,-1,18,83,0,79,0,85,0,151,0,81,0,-88,0,74,0,-33,0,63,0,-4,0,62,0,9,1,68,0,11,1,84,0,7,1,108,0,-3,0,127,0,-33,0,127,0,-88,0,100,0]"
CSI_DATA,123679,d8:b1:90:d9:de:f0,-37,9,-99,-33,38,104,-1520255860,224,0,106,0,"[-125,0,135,0,-28,0,-136,0,30,1,130,0,33,1,107,0,6,1,92,0,-11,0,75,0,-30,0,100,0,-47,0,129,0,-60,0,-133,0,-79,0,-110,0,-112,0,-121,0,140,0,-145,0,91,0,116,0,0,0,0,0,-31,17,63,0,-91,17,42,0,131,17,17,0,66,17,0,0,19,17,-15,17,-11,16,-27,17,-21,16,-20,17,-23,16,-2,17,-27,16,15,0,-23,16,42,0,6,17,72,0,66,17,99,0,-143,17]"
CSI_DATA,123680,d8:b1:90:d9:de:f0,-37,9,-99,-34,38,104,-1520255688,130,0,106,0,"[139,17,143,0,91,17,-82,0,87,17,-27,0,112,17,-7,0,136,17,-21,0,140,17,-48,0,123,17,-70,0,97,17,-85,0,72,17,-99,0,57,17,-125,0,67,17,139,0,104,17,103,0,148,17,64,0,0,0,0,0,-87,17,-43,17,-51,17,-103,17,-26,17,128,17,7,0,67,17,30,0,27,17,43,0,-3,16,48,0,-14,16,27,0,-21,16,8,0,-24,16,-16,17,-19,16,-47,17,7,17,-61,17,59,17,-54,17]"
CSI_DATA,123681,d8:b1:90:d9:de:f0,-37,9,-99,-35,38,104,-1520047083,113,0,106,0,"[-35,18,94,18,-66,18,2,18,-97,18,-28,17,-116,18,-26,17,-101,18,-1,17,-83,18,9,18,-47,18,13,18,-2,18,7,18,45,0,3,18,79,0,17,18,100,0,59,18,97,0,118,18,86,0,-119,18,0,0,0,0,79,0,7,0,62,0,89,0,58,0,-149,0,34,0,-78,0,14,0,-25,0,-4,18,6,1,-18,18,15,1,-19,18,22,1,-8,18,25,1,4,0,20,1,26,0,-2,0,41,0,-50,0,37,0]"
CSI_DATA,123682,d8:b1:90:d9:de:f0,-37,11,-99,-35,38,104,-1519629765,277,0,106,0,"[-88,18,107,18,-144,18,33,18,118,18,8,18,110,18,25,18,121,18,42,18,145,18,58,18,-133,18,52,18,-95,18,29,18,-58,18,13,18,-11,18,14,18,20,0,36,18,35,0,90,18,47,0,-156,18,0,0,0,0,79,0,-30,18,99,0,48,0,123,0,121,0,136,0,-112,0,139,0,-58,0,140,0,-25,0,133,0,-11,0,144,0,-11,0,152,0,-20,0,-151,0,-26,0,-141,0,-59,0,-156,0,-121,0,113,0]"
CSI_DATA,123683,d8:b1:90:d9:de:f0,-37,9,-99,-33,38,104,-1519629266,113,0,106,0,"[-94,0,68,0,2,1,58,0,48,1,17,0,53,1,-12,17,19,1,-25,17,-1,0,-34,17,-8,0,-12,17,-9,0,16,0,-9,0,51,0,-13,0,66,0,-56,0,71,0,-109,0,63,0,128,0,54,0,0,0,0,0,1,0,58,0,-73,17,69,0,145,17,85,0,81,17,99,0,38,17,114,0,8,17,124,0,4,17,135,0,2,17,145,0,17,17,-121,0,38,17,-103,0,77,17,-93,0,139,17,-94,0,-87,17]"
CSI_DATA,123684,d8:b1:90:d9:de:f0,-37,9,-99,-36,39,104,-1519420421,130,0,106,0,"[-7,16,80,16,-56,16,-8,15,-104,16,-35,15,-129,16,-20,15,-122,16,7,16,-108,16,24,16,-78,16,29,16,-44,16,24,16,-3,16,15,16,30,0,21,16,39,0,54,16,40,0,103,16,40,0,-124,16,0,0,0,0,46,0,4,0,49,0,77,0,56,0,-139,0,58,0,-69,0,60,0,-20,0,54,0,12,1,60,0,16,1,67,0,21,1,83,0,16,1,108,0,2,1,122,0,-24,0,125,0,-80,0,98,0]"
CSI_DATA,123685,d8:b1:90:d9:de:f0,-37,9,-99,-36,39,104,-1519420277,101,0,106,0,"[103,16,-98,16,8,16,-114,16,-39,15,-92,16,-39,15,-68,16,-13,15,-62,16,4,16,-56,16,24,16,-83,16,35,16,-107,16,51,16,129,16,71,16,116,16,107,16,122,16,-133,16,-143,16,-81,16,-116,16,0,0,0,0,35,0,-58,16,95,0,-30,16,-120,0,0,0,-60,0,21,0,-20,0,43,0,10,1,69,0,14,1,63,0,16,1,74,0,21,1,51,0,22,1,31,0,-1,0,7,0,-41,0,-21,16,-125,0]"
CSI_DATA,123686,d8:b1:90:d9:de:f0,-37,9,-99,-34,38,104,-1519420154,108,0,106,0,"[-110,17,-115,0,-141,17,-29,0,-133,17,20,1,-109,17,24,1,-96,17,4,1,-97,17,-19,0,-118,17,-35,0,146,17,-49,0,106,17,-73,0,90,17,-98,0,95,17,-136,0,122,17,122,0,-148,17,72,0,0,0,0,0,-87,17,-46,17,-52,17,-102,17,-19,17,128,17,8,0,74,17,36,0,29,17,57,0,1,17,71,0,-8,16,67,0,-11,16,53,0,-8,16,29,0,-10,16,11,0,9,17,-11,17,53,17,-17,17]"
CSI_DATA,123687,d8:b1:90:d9:de:f0,-36,9,-99,-36,38,104,-1519380082,98,0,106,0,"[-149,0,-147,18,-85,0,94,18,-76,0,46,18,-93,0,37,18,-101,0,59,18,-100,0,91,18,-79,0,133,18,-47,0,-152,18,-25,0,-108,18,-15,0,-59,18,-41,0,-21,18,-101,0,8,0,153,0,30,0,0,0,0,0,23,0,73,0,-57,18,94,0,-135,18,120,0,105,18,123,0,50,18,123,0,8,18,104,0,-2,17,104,0,-10,17,103,0,-5,17,109,0,-1,17,117,0,28,18,123,0,81,18,118,0,-161,18]"
CSI_DATA,123688,d8:b1:90:d9:de:f0,-39,11,-99,-35,41,104,-1519308896,100,0,228,0,"[-6,-3,-9,-4,-12,-6,-16,-7,-18,-9,-19,-10,-19,-12,94,38,-18,-12,-18,-12,-17,-12,-17,-12,-16,-11,-17,-10,-17,-9,-18,-7,-18,-6,-19,-6,-19,-4,-19,-2,-19,-2,-29,-25,-16,0,-15,0,-13,0,-11,0,-9,1,-6,2,0,0,-3,4,0,4,1,5,4,6,6,7,8,7,89,0,13,9,15,9,16,10,17,9,18,9,19,9,19,9,19,10,19,10,19,9,18,11,18,11,18,11,-29,0,16,12,14,11,12,11,10,10,8,8,6,6,4,4,11,-8,3,-15,-7,-13,-14,-4,-12,6,-3,11,5,8,-12,-12,2,-4,-3,-2,-4,2,0,7,7,6,12,-1,8,-12,-3,-17,-17,-11,-22,4,-12,20,5,25,22,14,8,-7,13,-22,-6,-25,-22,-12,-22,6,-10,20,7,20,0,0,18,-7,6,-18,-7,-15,-15,-5,-12,7,-2,12,18,18,9,0,5,-6,-1,-6,-5,0,-2,3,2,2,4,0,0,-5,-4,-4,-6,0,-3,7,4,10,12,5,32,5,6,-17,-7,-19,-20,-10,-24,6,-13,21,2,24,16,15]"
CSI_DATA,123689,d8:b1:90:d9:de:f0,-36,11,-99,-36,38,104,-1519211966,277,0,106,0,"[135,0,139,18,-153,0,51,18,151,0,3,18,122,0,-7,17,108,0,-1,17,101,0,20,18,115,0,32,18,144,0,36,18,-148,0,52,18,-142,0,74,18,-138,0,104,18,149,0,-158,18,117,0,-100,18,0,0,0,0,73,0,23,0,57,0,98,0,51,0,-147,0,42,0,-73,0,36,0,-27,0,31,0,2,1,39,0,18,1,57,0,17,1,79,0,6,1,101,0,2,1,128,0,-35,0,137,0,-89,0,117,0]"
CSI_DATA,123690,d8:b1:90:d9:de:f0,-37,9,-99,-37,39,104,-1519211485,130,0,106,0,"[120,0,122,17,130,0,24,17,90,0,-32,16,55,0,-40,16,21,0,-19,16,9,0,2,17,17,0,15,17,40,0,13,17,61,0,15,17,76,0,27,17,72,0,55,17,62,0,101,17,51,0,-133,17,0,0,0,0,64,0,-11,17,88,0,54,0,125,0,112,0,-132,0,-127,0,-99,0,-97,0,-77,0,-76,0,-57,0,-85,0,-41,0,-102,0,-21,0,-132,0,-5,0,124,0,-11,0,77,0,-54,0,26,0,-127,0]"
CSI_DATA,123691,d8:b1:90:d9:de:f0,-36,9,-99,-34,37,104,-1519182719,310,0,106,0,"[-74,20,-110,0,-61,20,0,1,-5,20,50,1,36,0,44,1,70,0,21,1,70,0,-8,0,69,0,-12,0,52,0,-4,0,34,0,-1,0,21,0,-13,0,14,0,-42,0,6,0,-96,0,-4,20,168,0,0,0,0,0,-66,20,53,0,-121,20,-14,20,152,20,-61,20,90,20,-104,20,37,20,-121,20,6,20,-124,20,-8,18,-110,20,-13,18,-74,20,-17,18,-38,20,-25,18,9,0,-2,18,57,0,70,20,93,0,157,20]"
CSI_DATA,123692,d8:b1:90:d9:de:f0,-37,9,-99,-36,38,104,-1519182461,290,0,106,0,"[107,18,-69,18,17,18,-80,18,-35,17,-66,18,-31,17,-51,18,-18,17,-42,18,13,18,-56,18,22,18,-80,18,27,18,-125,18,47,18,154,18,79,18,128,18,120,18,129,18,-146,18,156,18,-88,18,-129,18,0,0,0,0,31,0,-74,18,108,0,-28,18,-135,0,5,0,-75,0,44,0,-37,0,78,0,-5,0,101,0,2,1,118,0,0,1,118,0,-2,0,104,0,6,1,89,0,-7,0,65,0,-55,0,32,0,-130,0]"
CSI_DATA,123693,d8:b1:90:d9:de:f0,-38,11,-99,-34,39,104,-1518585268,277,0,106,0,"[-98,0,-95,15,-38,0,103,15,-36,0,48,15,-65,0,31,15,-94,0,36,15,-109,0,52,15,-99,0,67,15,-82,0,87,15,-60,0,112,15,-55,0,130,15,-70,0,-113,15,-102,0,-92,15,124,0,-50,15,0,0,0,0,51,0,43,0,13,0,95,0,-19,15,-114,0,-43,15,-59,0,-61,15,-15,0,-66,15,11,1,-61,15,16,1,-47,15,20,1,-27,15,18,1,2,0,20,1,34,0,0,1,57,0,-51,0,51,0]"
CSI_DATA,123694,d8:b1:90:d9:de:f0,-37,9,-99,-36,39,104,-1518584796,130,0,106,0,"[-3,16,78,16,-53,16,-3,15,-120,16,-29,15,131,16,-5,15,120,16,24,16,121,16,51,16,139,16,58,16,-135,16,48,16,-116,16,31,16,-100,16,32,16,-87,16,60,16,-66,16,97,16,-38,16,-138,16,0,0,0,0,44,0,-48,16,100,0,-13,16,-123,0,16,0,-62,0,35,0,-12,0,43,0,13,1,41,0,23,1,23,0,30,1,-6,16,22,1,-35,16,5,1,-76,16,-26,0,-104,16,-87,0,-120,16,122,0]"
CSI_DATA,123695,d8:b1:90:d9:de:f0,-37,9,-99,-37,39,104,-1518375888,130,0,106,0,"[-98,17,-110,0,-100,17,-12,0,-66,17,34,1,-42,17,39,1,-21,17,16,1,-13,17,-8,0,-33,17,-19,0,-56,17,-24,0,-85,17,-32,0,-105,17,-43,0,-113,17,-75,0,-98,17,-122,0,-80,17,118,0,0,0,0,0,-69,17,-3,17,-70,17,-75,17,-77,17,-147,17,-83,17,79,17,-97,17,33,17,-107,17,8,17,-116,17,10,17,-139,17,17,17,139,17,25,17,120,17,38,17,102,17,84,17,113,17,144,17,-133,17]"
CSI_DATA,123696,d8:b1:90:d9:de:f0,-37,9,-99,-34,38,104,-1518375726,98,0,106,0,"[90,17,-38,17,-13,16,-17,17,-54,16,28,0,-42,16,72,0,-11,16,86,0,14,17,76,0,21,17,53,0,16,17,23,0,11,17,-9,17,10,17,-35,17,38,17,-47,17,80,17,-51,17,144,17,-48,17,0,0,0,0,-40,17,-83,17,23,0,-111,17,85,0,-148,17,141,0,120,17,-120,0,86,17,-92,0,70,17,-93,0,61,17,-110,0,51,17,-131,0,30,17,139,0,19,17,103,0,27,17,60,0,77,17,32,0]"
CSI_DATA,123697,d8:b1:90:d9:de:f0,-37,9,-99,-37,39,104,-1518375612,98,0,106,0,"[138,0,-139,0,-63,0,-102,0,-5,0,-120,0,10,1,132,0,1,1,103,0,-16,0,94,0,-38,0,101,0,-43,0,118,0,-55,0,139,0,-65,0,-142,0,-98,0,-145,0,-138,0,121,0,103,0,97,0,0,0,0,0,-9,17,68,0,-79,17,61,0,142,17,70,0,78,17,79,0,27,17,88,0,9,17,99,0,6,17,115,0,16,17,142,0,30,17,-124,0,54,17,-101,0,102,17,-86,0,-137,17,-99,0,-78,17]"
CSI_DATA,123698,d8:b1:90:d9:de:f0,-34,11,-99,-35,36,104,-1518309148,100,0,114,0,"[16,35,18,40,16,43,15,46,12,46,12,46,7,44,9,43,9,41,7,40,7,38,7,38,9,38,9,38,9,40,10,41,10,44,12,44,13,47,13,46,13,49,15,49,15,47,15,47,15,44,15,43,15,43,16,43,0,0,15,43,15,41,16,43,16,43,18,44,18,43,20,43,20,44,20,43,20,41,20,40,20,40,20,36,20,35,18,32,20,32,20,30,20,30,21,30,23,32,23,33,24,35,24,35,24,36,23,38,21,38,20,36,16,33]"
CSI_DATA,123699,d8:b1:90:d9:de:f0,-36,11,-99,-33,37,104,-1517958569,277,0,106,0,"[132,0,-141,0,-108,0,-80,0,-37,0,-91,0,-16,0,-121,0,-23,0,-154,0,-41,0,155,0,-44,0,-161,0,-47,0,-141,0,-62,0,-123,0,-80,0,-115,0,-117,0,-128,0,-161,0,-164,0,107,0,117,0,0,0,0,0,-12,19,79,0,-97,19,59,0,150,19,67,0,76,19,64,0,32,19,69,0,-7,18,84,0,-11,18,102,0,-1,18,133,0,11,19,159,0,31,19,-139,0,72,19,-112,0,146,19,-115,0,-111,19]"
CSI_DATA,123700,d8:b1:90:d9:de:f0,-37,9,-99,-35,38,104,-1517958125,108,0,106,0,"[1,0,-86,0,19,0,11,1,62,0,50,1,83,0,40,1,80,0,15,1,59,0,-3,0,26,0,-17,0,-17,18,-12,0,-73,18,-13,0,-103,18,-29,0,-110,18,-67,0,-105,18,-121,0,-99,18,125,0,0,0,0,0,-74,18,-15,18,-58,18,-89,18,-48,18,143,18,-30,18,75,18,-6,18,18,18,12,0,-9,17,23,0,-20,17,26,0,-24,17,13,0,-24,17,-12,18,-20,17,-33,18,4,18,-40,18,56,18,-41,18]"
CSI_DATA,123701,d8:b1:90:d9:de:f0,-37,9,-99,-36,39,104,-1517957998,98,0,106,0,"[-115,16,113,16,100,16,56,16,43,16,49,16,43,16,65,16,50,16,86,16,75,16,90,16,100,16,84,16,130,16,58,16,-121,16,33,16,-92,16,30,16,-63,16,49,16,-38,16,90,16,-2,16,-141,16,0,0,0,0,54,0,-29,16,96,0,33,0,136,0,92,0,-117,0,-135,0,-97,0,-88,0,-92,0,-61,0,-88,0,-50,0,-84,0,-53,0,-77,0,-59,0,-62,0,-75,0,-60,0,-106,0,-85,0,127,0,141,0]"
CSI_DATA,123702,d8:b1:90:d9:de:f0,-37,9,-99,-36,39,104,-1517749189,130,0,106,0,"[6,0,-78,0,37,0,6,1,72,0,39,1,86,0,29,1,88,0,10,1,57,0,-11,0,25,0,-19,0,-26,16,-20,0,-68,16,-25,0,-97,16,-46,0,-115,16,-77,0,-103,16,-125,0,-90,16,100,0,0,0,0,0,-40,16,-29,16,-10,16,-92,16,24,0,131,16,61,0,72,16,99,0,29,16,123,0,10,16,142,0,7,16,138,0,5,16,131,0,10,16,116,0,0,16,89,0,12,16,58,0,58,16,29,0]"
CSI_DATA,123703,d8:b1:90:d9:de:f0,-37,9,-99,-37,39,104,-1517749036,113,0,106,0,"[-10,17,-88,0,2,0,0,1,24,0,43,1,41,0,40,1,38,0,16,1,23,0,-10,0,-9,17,-13,0,-68,17,-20,0,-108,17,-32,0,-140,17,-56,0,-146,17,-101,0,-132,17,-144,0,-112,17,97,0,0,0,0,0,-61,17,-36,17,-25,17,-99,17,12,0,129,17,51,0,72,17,79,0,35,17,103,0,8,17,131,0,9,17,133,0,6,17,125,0,6,17,113,0,6,17,94,0,18,17,55,0,65,17,32,0]"
CSI_DATA,123704,d8:b1:90:d9:de:f0,-36,9,-99,-36,38,104,-1517728976,130,0,106,0,"[144,0,143,18,-142,0,45,18,-149,0,-11,17,146,0,-12,17,128,0,2,18,122,0,31,18,149,0,56,18,-137,0,74,18,-100,0,100,18,-84,0,134,18,-96,0,-153,18,-127,0,-113,18,146,0,-65,18,0,0,0,0,65,0,52,0,16,0,107,0,-35,18,-144,0,-76,18,-90,0,-113,18,-45,0,-133,18,-21,0,-138,18,-12,0,-135,18,-8,0,-120,18,-6,0,-99,18,0,1,-70,18,-12,0,-28,18,-56,0,-7,18]"
CSI_DATA,123705,d8:b1:90:d9:de:f0,-37,11,-99,-35,38,104,-1517331871,277,0,106,0,"[122,18,107,0,45,18,-145,0,28,18,-89,0,40,18,-84,0,55,18,-89,0,72,18,-123,0,58,18,-152,0,29,18,121,0,11,18,70,0,9,18,28,0,41,18,-4,18,92,18,-19,18,-149,18,-33,18,0,0,0,0,-28,18,-70,18,59,0,-83,18,140,0,-112,18,-97,0,-119,18,-46,0,-118,18,-6,0,-116,18,12,1,-114,18,12,1,-114,18,2,1,-117,18,-6,0,-133,18,-33,0,-144,18,-90,0,-130,18,150,0]"
CSI_DATA,123706,d8:b1:90:d9:de:f0,-37,9,-99,-36,39,104,-1517331408,101,0,106,0,"[-89,0,70,0,1,1,68,0,49,1,41,0,43,1,12,0,22,1,-5,16,-2,0,2,0,-11,0,16,0,-16,0,56,0,-25,0,96,0,-38,0,116,0,-77,0,118,0,-123,0,105,0,106,0,86,0,0,0,0,0,-14,16,67,0,-85,16,54,0,126,16,53,0,68,16,46,0,20,16,41,0,-13,15,38,0,-20,15,39,0,-20,15,47,0,-15,15,68,0,-6,15,85,0,22,16,108,0,77,16,109,0,-135,16]"
CSI_DATA,123707,d8:b1:90:d9:de:f0,-37,9,-99,-35,38,104,-1517331258,113,0,106,0,"[-127,18,-128,0,155,18,-28,0,-139,18,29,1,-110,18,37,1,-88,18,14,1,-75,18,-11,0,-90,18,-26,0,-128,18,-42,0,151,18,-64,0,132,18,-80,0,130,18,-112,0,-154,18,-150,0,-118,18,105,0,0,0,0,0,-78,18,-29,18,-52,18,-95,18,-34,18,139,18,-18,18,72,18,-14,18,14,18,-9,18,-17,17,-4,18,-17,17,-18,18,-17,17,-42,18,-18,17,-66,18,-13,17,-92,18,15,18,-106,18,79,18,-85,18]"
CSI_DATA,123708,d8:b1:90:d9:de:f0,-37,9,-99,-32,38,104,-1517331122,98,0,106,0,"[-92,0,-79,16,-29,0,138,16,-22,0,79,16,-50,0,51,16,-77,0,56,16,-93,0,72,16,-93,0,94,16,-71,0,116,16,-42,0,139,16,-39,0,-124,16,-63,0,-100,16,-105,0,-72,16,138,0,-39,16,0,0,0,0,46,0,49,0,5,0,102,0,-37,16,-122,0,-67,16,-67,0,-89,16,-26,0,-104,16,-3,0,-103,16,7,1,-88,16,16,1,-66,16,19,1,-28,16,17,1,0,0,-4,0,30,0,-49,0,38,0]"
CSI_DATA,123709,d8:b1:90:d9:de:f0,-37,9,-99,-34,38,104,-1517331027,98,0,106,0,"[103,0,-112,0,-127,0,-49,0,-68,0,-41,0,-51,0,-61,0,-54,0,-82,0,-71,0,-106,0,-86,0,-93,0,-102,0,-72,0,-134,0,-53,0,147,0,-45,0,121,0,-65,0,87,0,-103,0,49,0,150,0,0,0,0,0,-52,17,73,0,-112,17,32,0,128,17,-4,17,66,17,-28,17,22,17,-49,17,-8,16,-65,17,-19,16,-52,17,-15,16,-42,17,-21,16,-24,17,-21,16,5,0,0,17,35,0,57,17,55,0,134,17]"
CSI_DATA,123710,d8:b1:90:d9:de:f0,-40,11,-99,-33,41,104,-1517305410,100,0,228,0,"[-4,-4,-8,-5,-11,-8,-13,-12,-13,-14,-13,-16,-13,-18,89,36,-9,-19,-8,-19,-8,-18,-8,-18,-7,-17,-8,-17,-8,-16,-8,-16,-9,-16,-9,-15,-11,-15,-11,-14,-11,-13,-27,-24,-10,-12,-9,-10,-8,-8,-8,-7,-6,-5,-5,-4,0,0,-4,0,-3,1,-2,4,-2,6,-2,8,-1,11,-13,12,-1,15,0,17,-1,18,-1,18,-1,20,-1,21,-2,21,-2,20,-4,21,-4,20,-4,19,-6,20,-7,19,-70,12,-8,17,-9,15,-9,13,-8,10,-8,8,-5,5,-4,4,12,-4,7,-13,-2,-15,-12,-8,-13,1,-7,8,0,8,-6,-15,4,-2,-1,-3,-4,0,-3,6,3,8,11,4,13,-5,6,-15,-7,-18,-19,-9,-22,7,-12,22,6,25,11,0,25,-5,13,-21,-5,-23,-19,-12,-21,4,-11,17,0,0,16,10,17,-4,8,-14,-4,-15,-12,-7,-12,3,-6,22,3,8,7,2,4,-3,0,-4,-3,0,-1,2,2,2,4,-1,1,-4,-3,-5,-8,-1,-8,6,-1,13,0,30,17,2,17,-10,7,-22,-8,-22,-21,-11,-23,4,-14,16]"
CSI_DATA,123711,d8:b1:90:d9:de:f0,-37,11,-99,-33,38,104,-1516914072,277,0,106,0,"[-80,0,-30,17,-2,0,-84,17,17,1,-138,17,-2,0,127,17,-24,0,117,17,-48,0,133,17,-41,0,-143,17,-27,0,-123,17,-21,0,-95,17,-24,0,-78,17,-45,0,-55,17,-95,0,-40,17,140,0,-15,17,0,0,0,0,28,0,55,0,-26,17,94,0,-78,17,-144,0,-127,17,-103,0,135,17,-64,0,114,17,-39,0,113,17,-26,0,132,17,-20,0,-140,17,-4,0,-112,17,8,1,-65,17,1,1,-23,17,-45,0,6,0]"
CSI_DATA,123712,d8:b1:90:d9:de:f0,-37,9,-99,-37,39,104,-1516913582,130,0,106,0,"[-103,0,-92,17,-32,0,145,17,-12,0,100,17,-21,0,94,17,-40,0,107,17,-56,0,136,17,-47,0,-123,17,-30,0,-70,17,-16,0,-19,17,-18,0,21,0,-50,0,50,0,-103,0,58,0,130,0,60,0,0,0,0,0,1,0,68,0,-77,17,63,0,140,17,57,0,72,17,43,0,24,17,25,0,-9,16,5,0,-16,16,-10,17,-19,16,-11,17,-21,16,-4,17,-18,16,2,0,6,17,13,0,58,17,34,0,137,17]"
CSI_DATA,123713,d8:b1:90:d9:de:f0,-37,9,-99,-35,38,104,-1516704710,224,0,106,0,"[94,18,40,0,6,18,91,0,-13,17,148,0,8,18,-133,0,36,18,-122,0,55,18,-138,0,57,18,-151,0,37,18,138,0,20,18,114,0,24,18,95,0,53,18,70,0,103,18,53,0,-154,18,23,0,0,0,0,0,-48,18,-58,18,-1,18,-111,18,45,0,143,18,81,0,89,18,108,0,44,18,119,0,17,18,119,0,7,18,102,0,-6,17,74,0,-11,17,37,0,-14,17,-1,18,2,18,-34,18,53,18,-46,18]"
CSI_DATA,123714,d8:b1:90:d9:de:f0,-36,9,-99,-34,37,104,-1516655705,108,0,106,0,"[128,20,116,0,44,20,-153,0,28,20,-101,0,40,20,-86,0,70,20,-94,0,84,20,-124,0,68,20,-149,0,42,20,158,0,26,20,112,0,17,20,77,0,48,20,46,0,101,20,20,0,-168,20,-2,20,0,0,0,0,-40,20,-69,20,45,0,-110,20,117,0,-154,20,-154,0,157,20,-100,0,132,20,-65,0,121,20,-52,0,121,20,-62,0,113,20,-64,0,104,20,-84,0,84,20,-116,0,78,20,166,0,110,20,101,0]"
CSI_DATA,123715,d8:b1:90:d9:de:f0,-35,11,-99,-38,37,104,-1516308845,100,0,114,0,"[38,2,43,4,44,8,46,8,46,11,44,13,41,11,41,11,38,11,40,10,37,10,38,8,37,8,38,8,40,7,41,7,43,7,43,7,46,7,47,5,47,4,47,4,47,2,47,2,46,2,43,2,44,1,44,0,0,0,44,1,43,0,44,0,44,0,46,-1,44,-1,46,-2,46,-2,44,-4,44,-5,41,-5,40,-5,37,-7,35,-7,34,-5,34,-7,32,-8,32,-10,34,-11,35,-11,37,-13,38,-13,40,-13,40,-13,41,-13,41,-11,38,-8,35,-7]"
CSI_DATA,123716,d8:b1:90:d9:de:f0,-36,11,-99,-33,37,104,-1516287374,277,0,106,0,"[156,0,155,19,-120,0,72,19,-111,0,20,19,-123,0,15,19,-134,0,36,19,-130,0,59,19,-106,0,95,19,-67,0,123,19,-33,0,161,19,-23,0,-125,19,-47,0,-79,19,-95,0,-38,19,-160,0,-5,19,0,0,0,0,50,0,79,0,-25,19,112,0,-103,19,-163,0,158,19,-137,0,103,19,-120,0,66,19,-114,0,49,19,-119,0,40,19,-123,0,46,19,-114,0,57,19,-110,0,85,19,-116,0,136,19,-129,0,-133,19]"
CSI_DATA,123717,d8:b1:90:d9:de:f0,-37,9,-99,-35,38,104,-1516286929,252,0,106,0,"[34,0,-86,0,75,0,3,1,123,0,30,1,138,0,15,1,143,0,-7,0,124,0,-30,0,102,0,-30,0,62,0,-13,0,18,0,-3,0,-19,18,-9,0,-36,18,-41,0,-44,18,-90,0,-46,18,-155,0,0,0,0,0,-80,18,29,0,-97,18,-46,18,-125,18,-124,18,-148,18,124,18,152,18,70,18,144,18,40,18,133,18,29,18,132,18,34,18,121,18,41,18,101,18,59,18,96,18,91,18,118,18,148,18,-140,18]"
CSI_DATA,123718,d8:b1:90:d9:de:f0,-37,9,-99,-33,38,104,-1516286772,168,0,106,0,"[-124,0,-124,17,-73,0,92,17,-73,0,34,17,-98,0,15,17,-123,0,27,17,-135,0,49,17,-122,0,66,17,-94,0,84,17,-69,0,108,17,-61,0,133,17,-76,0,-130,17,-117,0,-100,17,138,0,-61,17,0,0,0,0,53,0,45,0,9,0,101,0,-27,17,-127,0,-58,17,-66,0,-79,17,-25,0,-91,17,0,1,-97,17,12,1,-80,17,17,1,-55,17,19,1,-36,17,18,1,-1,17,0,1,32,0,-49,0,34,0]"
CSI_DATA,123719,d8:b1:90:d9:de:f0,-37,9,-99,-36,38,104,-1516286589,130,0,106,0,"[91,0,-114,0,-154,0,-44,0,-88,0,-35,0,-62,0,-67,0,-66,0,-94,0,-86,0,-114,0,-108,0,-108,0,-127,0,-80,0,-148,0,-52,0,147,0,-49,0,120,0,-73,0,91,0,-115,0,54,0,156,0,0,0,0,0,-45,18,62,0,-107,18,12,0,142,18,-25,18,80,18,-59,18,31,18,-79,18,3,18,-91,18,-5,17,-93,18,-18,17,-75,18,-15,17,-46,18,-10,17,-11,18,5,18,21,0,65,18,51,0,152,18]"
CSI_DATA,123720,d8:b1:90:d9:de:f0,-37,9,-99,-33,38,104,-1516286445,98,0,106,0,"[-87,0,56,0,10,1,38,0,51,1,-6,17,39,1,-51,17,15,1,-63,17,-9,0,-61,17,-15,0,-42,17,-9,0,-20,17,-5,0,4,0,-13,0,23,0,-40,0,28,0,-90,0,28,0,143,0,34,0,0,0,0,0,19,0,65,0,-43,17,91,0,-110,17,133,0,131,17,-127,0,95,17,-97,0,73,17,-80,0,77,17,-64,0,93,17,-51,0,115,17,-32,0,146,17,-16,0,-107,17,-17,0,-57,17,-56,0,-21,17]"
CSI_DATA,123721,d8:b1:90:d9:de:f0,-37,9,-99,-36,38,104,-1516286331,161,0,106,0,"[-156,18,-157,18,76,18,123,18,11,18,139,18,-2,17,-148,18,3,18,-122,18,28,18,-105,18,31,18,-118,18,35,18,-142,18,47,18,156,18,62,18,149,18,99,18,-159,18,142,18,-133,18,-122,18,-107,18,0,0,0,0,15,0,-76,18,86,0,-67,18,-158,0,-81,18,-89,0,-91,18,-44,0,-103,18,-16,0,-118,18,-5,0,-127,18,-17,0,-151,18,-35,0,148,18,-54,0,120,18,-90,0,99,18,-156,0,113,18,99,0]"
CSI_DATA,123722,d8:b1:90:d9:de:f0,-37,9,-99,-33,38,104,-1516286188,181,0,106,0,"[115,17,-114,17,11,17,-121,17,-42,16,-69,17,-41,16,-28,17,-24,16,-10,17,-6,16,12,0,16,17,-6,17,11,17,-15,17,5,17,-49,17,16,17,-70,17,47,17,-51,17,97,17,-53,17,-142,17,-49,17,0,0,0,0,-16,17,-63,17,46,0,-93,17,112,0,-124,17,-132,0,124,17,-97,0,88,17,-78,0,78,17,-99,0,50,17,-109,0,33,17,-129,0,19,17,117,0,5,17,76,0,12,17,18,0,49,17,-11,17]"
CSI_DATA,123723,d8:b1:90:d9:de:f0,-36,9,-99,-37,38,104,-1516236070,98,0,106,0,"[-18,19,-102,0,1,0,0,1,33,0,45,1,57,0,36,1,60,0,22,1,33,0,-7,0,1,0,-9,0,-37,19,2,1,-76,19,-10,0,-104,19,-36,0,-121,19,-75,0,-112,19,-129,0,-95,19,132,0,0,0,0,0,-71,19,-19,19,-47,19,-95,19,-40,19,146,19,-15,19,75,19,-1,19,19,19,11,0,-15,18,22,0,-31,18,10,0,-24,18,1,0,-15,18,-19,19,-19,18,-38,19,-3,18,-55,19,57,19,-54,19]"
CSI_DATA,123724,d8:b1:90:d9:de:f0,-37,11,-99,-33,38,104,-1515451776,277,0,106,0,"[-50,17,94,17,-106,17,21,17,127,17,5,17,98,17,28,17,88,17,49,17,106,17,70,17,123,17,84,17,-147,17,65,17,-120,17,45,17,-95,17,42,17,-78,17,58,17,-53,17,105,17,-30,17,145,17,0,0,0,0,50,0,-41,17,102,0,5,0,-136,0,55,0,-77,0,93,0,-26,0,113,0,-5,0,125,0,6,1,122,0,13,1,92,0,17,1,73,0,16,1,38,0,-11,0,2,0,-64,0,-25,17,-143,0]"
CSI_DATA,123725,d8:b1:90:d9:de:f0,-37,9,-99,-35,38,104,-1515451322,101,0,106,0,"[-151,0,151,0,-44,0,-134,0,22,1,150,0,31,1,96,0,14,1,57,0,-4,0,52,0,-24,0,57,0,-28,0,73,0,-33,0,102,0,-40,0,116,0,-72,0,112,0,-121,0,95,0,130,0,69,0,0,0,0,0,18,0,78,0,-62,18,84,0,-135,18,125,0,114,18,-156,0,77,18,-119,0,59,18,-95,0,70,18,-74,0,91,18,-50,0,123,18,-28,0,-143,18,-17,0,-92,18,-25,0,-50,18,-64,0,-14,18]"
CSI_DATA,123726,d8:b1:90:d9:de:f0,-37,9,-99,-36,39,104,-1515451199,130,0,106,0,"[-89,16,102,16,139,16,30,16,93,16,13,16,77,16,22,16,95,16,49,16,115,16,50,16,-136,16,52,16,-94,16,35,16,-44,16,14,16,-7,16,14,16,17,0,49,16,33,0,95,16,44,0,-132,16,0,0,0,0,65,0,-2,16,76,0,71,0,83,0,-138,0,88,0,-69,0,87,0,-13,0,76,0,14,1,67,0,19,1,62,0,25,1,74,0,24,1,87,0,5,1,89,0,-22,0,88,0,-70,0,61,0]"
CSI_DATA,123727,d8:b1:90:d9:de:f0,-37,9,-99,-35,38,104,-1515451037,113,0,106,0,"[139,0,139,18,-133,0,45,18,-133,0,-7,17,-156,0,-8,17,140,0,8,18,144,0,42,18,-145,0,67,18,-110,0,92,18,-77,0,128,18,-59,0,-144,18,-68,0,-102,18,-100,0,-69,18,152,0,-26,18,0,0,0,0,50,0,59,0,-19,18,107,0,-84,18,-150,0,-148,18,-106,0,117,18,-72,0,85,18,-59,0,75,18,-57,0,83,18,-56,0,94,18,-58,0,106,18,-51,0,140,18,-57,0,-130,18,-99,0,-84,18]"
CSI_DATA,123728,d8:b1:90:d9:de:f0,-36,9,-99,-34,37,104,-1515392286,98,0,106,0,"[5,0,100,20,-14,20,-8,18,-49,20,-48,18,-73,20,-40,18,-74,20,-20,18,-52,20,5,20,-22,20,14,20,25,0,16,20,78,0,20,20,112,0,40,20,122,0,80,20,120,0,134,20,102,0,-133,20,0,0,0,0,86,0,21,0,62,0,100,0,50,0,-149,0,40,0,-68,0,24,0,-4,0,8,0,26,1,6,0,33,1,2,0,30,1,21,0,24,1,40,0,16,1,61,0,-12,0,56,0,-73,0,48,0]"
CSI_DATA,123729,d8:b1:90:d9:de:f0,-40,11,-99,-35,42,104,-1515308811,100,0,228,0,"[-5,-3,-9,-3,-12,-5,-14,-7,-15,-9,-16,-10,-16,-12,84,34,-14,-13,-14,-14,-13,-13,-12,-13,-12,-12,-12,-12,-13,-11,-13,-11,-14,-10,-13,-9,-14,-8,-14,-7,-14,-6,-26,-23,-14,-5,-13,-4,-12,-3,-10,-2,-9,-1,-7,0,0,0,-5,1,-3,3,-3,5,-1,6,0,9,0,10,6,0,3,14,3,16,4,16,4,17,4,18,4,19,4,20,3,19,3,19,2,19,1,19,0,19,0,19,-2,11,-1,17,-2,15,-2,13,-2,12,-2,10,0,6,0,5,9,-8,1,-14,-8,-12,-14,-3,-12,6,-3,11,4,8,-8,-13,3,-3,-2,-3,-4,1,-2,6,5,7,10,1,10,-8,1,-16,-12,-14,-20,-2,-18,14,-3,23,13,20,9,-1,20,-13,4,-23,-12,-18,-20,-3,-16,11,-3,19,0,0,16,2,13,-10,0,-15,-9,-10,-13,0,-8,8,3,23,7,5,7,-2,2,-6,-3,-4,-4,0,0,4,3,3,4,-1,0,-6,-4,-4,-8,0,-6,7,2,12,10,27,16,-2,12,-13,0,-21,-14,-16,-23,-3,-18,10,-7,18]"
CSI_DATA,123730,d8:b1:90:d9:de:f0,-37,11,-99,-34,38,104,-1515242876,277,0,106,0,"[108,0,124,17,121,0,28,17,104,0,-21,16,74,0,-32,16,59,0,-8,16,53,0,10,17,72,0,28,17,101,0,34,17,130,0,49,17,144,0,71,17,148,0,108,17,131,0,148,17,105,0,-103,17,0,0,0,0,67,0,29,0,47,0,91,0,35,0,-130,0,28,0,-58,0,28,0,-8,0,28,0,17,1,34,0,21,1,48,0,20,1,72,0,11,1,86,0,1,1,108,0,-32,0,112,0,-92,0,83,0]"
CSI_DATA,123731,d8:b1:90:d9:de:f0,-37,9,-99,-36,38,104,-1515242404,108,0,106,0,"[135,18,-115,18,30,18,-135,18,-30,17,-99,18,-32,17,-59,18,-18,17,-26,18,5,18,-23,18,15,18,-33,18,15,18,-52,18,25,18,-81,18,41,18,-100,18,71,18,-98,18,119,18,-85,18,-142,18,-75,18,0,0,0,0,-3,18,-81,18,65,0,-89,18,146,0,-120,18,-114,0,-153,18,-70,0,142,18,-44,0,120,18,-49,0,101,18,-74,0,84,18,-96,0,69,18,-130,0,44,18,146,0,44,18,94,0,83,18,51,0]"
CSI_DATA,123732,d8:b1:90:d9:de:f0,-37,9,-99,-33,38,104,-1515033523,113,0,106,0,"[-87,17,-103,0,-80,17,-3,0,-36,17,45,1,-2,17,46,1,25,0,21,1,27,0,1,1,13,0,-13,0,-4,17,-11,0,-34,17,-10,0,-53,17,-27,0,-56,17,-61,0,-55,17,-108,0,-51,17,125,0,0,0,0,0,-56,17,0,0,-78,17,-70,17,-110,17,-143,17,-142,17,87,17,124,17,47,17,103,17,28,17,85,17,36,17,69,17,55,17,53,17,79,17,38,17,112,17,38,17,-139,17,69,17,-88,17,137,17]"
CSI_DATA,123733,d8:b1:90:d9:de:f0,-37,11,-99,-36,39,104,-1514616178,277,0,106,0,"[-90,0,43,0,-2,0,37,0,43,1,8,0,38,1,-8,16,25,1,-13,16,-2,0,-1,16,-17,0,20,0,-23,0,56,0,-43,0,98,0,-65,0,126,0,-105,0,140,0,132,0,132,0,78,0,109,0,0,0,0,0,-28,16,63,0,-97,16,32,0,120,16,5,0,58,16,-29,16,4,16,-60,16,-19,15,-76,16,-26,15,-75,16,-24,15,-67,16,-17,15,-54,16,-15,15,-34,16,11,16,-15,16,69,16,-2,16,-143,16]"
CSI_DATA,123734,d8:b1:90:d9:de:f0,-37,9,-99,-34,38,104,-1514615733,130,0,106,0,"[-52,17,-96,0,-43,17,5,1,-7,17,57,1,30,0,58,1,42,0,26,1,34,0,7,1,9,0,-10,0,-20,17,-13,0,-55,17,-19,0,-93,17,-33,0,-105,17,-77,0,-105,17,-128,0,-93,17,120,0,0,0,0,0,-76,17,3,0,-76,17,-74,17,-83,17,143,17,-80,17,68,17,-82,17,13,17,-85,17,-22,16,-99,17,-26,16,-120,17,-22,16,-137,17,-8,16,148,17,19,17,142,17,61,17,-146,17,115,17,-96,17]"
CSI_DATA,123735,d8:b1:90:d9:de:f0,-37,9,-99,-35,38,104,-1514615607,98,0,106,0,"[13,0,91,18,3,0,-6,17,-31,18,-42,17,-64,18,-45,17,-70,18,-20,17,-64,18,-2,17,-45,18,13,18,-6,18,8,18,30,0,19,18,63,0,26,18,88,0,64,18,92,0,114,18,88,0,-136,18,0,0,0,0,105,0,-20,18,108,0,55,0,134,0,133,0,146,0,-107,0,-149,0,-52,0,-138,0,-25,0,-136,0,-17,0,-127,0,-30,0,-103,0,-45,0,-97,0,-68,0,-101,0,-105,0,-130,0,-155,0,122,0]"
CSI_DATA,123736,d8:b1:90:d9:de:f0,-35,11,-99,-34,36,104,-1514308852,100,0,114,0,"[-10,37,-13,38,-19,40,-20,40,-22,37,-22,35,-23,34,-23,31,-23,31,-23,31,-22,29,-23,29,-25,28,-26,28,-25,29,-28,29,-28,31,-31,31,-31,34,-32,32,-32,34,-32,34,-32,34,-32,34,-34,31,-34,29,-34,28,-32,28,0,0,-34,28,-35,26,-35,28,-35,28,-37,26,-38,28,-37,28,-40,28,-38,26,-40,25,-37,25,-37,23,-34,22,-34,22,-32,20,-31,20,-31,19,-31,19,-31,20,-32,20,-34,22,-37,22,-37,20,-40,19,-41,16,-41,14,-38,13,-37,8]"
CSI_DATA,123737,d8:b1:90:d9:de:f0,-37,11,-99,-32,38,104,-1514198379,277,0,106,0,"[37,0,-89,0,92,0,-16,0,-139,0,3,1,-107,0,-20,0,-100,0,-41,0,-107,0,-65,0,-123,0,-68,0,-138,0,-51,0,129,0,-41,0,100,0,-43,0,79,0,-72,0,53,0,-105,0,28,0,136,0,0,0,0,0,-52,16,47,0,-98,16,2,0,126,16,-41,16,70,16,-72,16,17,16,-90,16,-19,15,-98,16,-35,15,-79,16,-40,15,-51,16,-32,15,-20,16,-20,15,24,0,12,16,56,0,75,16,76,0,-129,16]"
CSI_DATA,123738,d8:b1:90:d9:de:f0,-38,9,-99,-36,39,104,-1514197934,98,0,106,0,"[-47,16,-93,0,-34,16,-4,0,-8,16,34,1,13,0,34,1,19,0,15,1,4,0,-6,0,-19,16,-22,0,-56,16,-30,0,-93,16,-43,0,-124,16,-71,0,-123,16,-111,0,-117,16,134,0,-97,16,84,0,0,0,0,0,-39,16,-28,16,-1,16,-88,16,41,0,134,16,76,0,72,16,111,0,20,16,124,0,-6,15,127,0,-14,15,116,0,-16,15,102,0,-15,15,68,0,-11,15,39,0,7,16,15,0,62,16,0,0]"
CSI_DATA,123739,d8:b1:90:d9:de:f0,-36,9,-99,-37,38,104,-1514165532,98,0,106,0,"[23,0,103,19,11,0,3,19,-34,19,-37,18,-59,19,-33,18,-69,19,-18,18,-79,19,5,19,-62,19,11,19,-33,19,7,19,0,0,9,19,31,0,23,19,46,0,64,19,54,0,115,19,55,0,-145,19,0,0,0,0,79,0,-19,19,98,0,62,0,129,0,143,0,156,0,-114,0,-145,0,-59,0,-123,0,-29,0,-110,0,-29,0,-91,0,-45,0,-76,0,-69,0,-62,0,-101,0,-63,0,-145,0,-91,0,117,0,160,0]"
CSI_DATA,123740,d8:b1:90:d9:de:f0,-37,9,-99,-35,38,104,-1514111402,130,0,106,0,"[-56,18,-105,0,-45,18,-6,0,-11,18,42,1,19,0,39,1,40,0,19,1,29,0,-6,0,12,0,-9,0,-11,18,-8,0,-42,18,-20,0,-69,18,-40,0,-84,18,-74,0,-84,18,-122,0,-79,18,133,0,0,0,0,0,-73,18,9,0,-78,18,-69,18,-94,18,-146,18,-112,18,86,18,-121,18,28,18,-138,18,-9,17,155,18,-11,17,133,18,3,18,113,18,30,18,88,18,58,18,85,18,107,18,124,18,-141,18,-129,18]"
CSI_DATA,123741,d8:b1:90:d9:de:f0,-37,9,-99,-36,39,104,-1514110399,113,0,106,0,"[109,16,100,0,49,16,-123,0,31,16,-78,0,47,16,-63,0,65,16,-71,0,75,16,-89,0,69,16,-115,0,52,16,-141,0,34,16,102,0,38,16,67,0,60,16,33,0,100,16,10,0,-133,16,-15,16,0,0,0,0,-21,16,-66,16,42,0,-89,16,116,0,-120,16,-107,0,141,16,-54,0,117,16,-23,0,102,16,-14,0,97,16,-22,0,92,16,-40,0,78,16,-68,0,70,16,-105,0,72,16,130,0,107,16,76,0]"
CSI_DATA,123742,d8:b1:90:d9:de:f0,-38,9,-99,-34,39,104,-1514109908,133,0,106,0,"[92,15,-58,15,1,15,-52,15,-38,14,-21,15,-40,14,8,0,-18,14,25,0,0,15,23,0,6,15,8,0,11,15,-19,15,19,15,-43,15,32,15,-67,15,70,15,-78,15,117,15,-74,15,-104,15,-66,15,0,0,0,0,0,0,-62,15,67,0,-63,15,-130,0,-75,15,-64,0,-82,15,-20,0,-96,15,12,1,-110,15,13,1,-126,15,2,1,122,15,-13,0,99,15,-42,0,83,15,-87,0,81,15,129,0,100,15,72,0]"
CSI_DATA,123743,d8:b1:90:d9:de:f0,-38,9,-99,-35,39,104,-1514109147,113,0,106,0,"[125,0,126,16,-109,0,51,16,-102,0,7,16,-121,0,0,16,-129,0,22,16,-127,0,44,16,-106,0,74,16,-89,0,103,16,-53,0,-131,16,-40,0,-92,16,-57,0,-52,16,-85,0,-17,16,-134,0,11,0,0,0,0,0,41,0,71,0,-19,16,103,0,-91,16,134,0,124,16,-121,0,66,16,-105,0,26,16,-101,0,22,16,-99,0,21,16,-99,0,34,16,-92,0,56,16,-86,0,88,16,-97,0,135,16,-131,0,-88,16]"
CSI_DATA,123744,d8:b1:90:d9:de:f0,-38,9,-99,-34,39,104,-1514108874,133,0,106,0,"[116,0,120,15,-121,0,39,15,-121,0,-5,14,127,0,-16,14,110,0,0,15,109,0,19,15,128,0,39,15,-122,0,59,15,-91,0,92,15,-82,0,112,15,-87,0,-114,15,-115,0,-78,15,122,0,-39,15,0,0,0,0,46,0,49,0,-5,15,94,0,-50,15,-121,0,-98,15,-77,0,-130,15,-32,0,117,15,-10,0,108,15,-3,0,117,15,-2,0,-128,15,6,1,-105,15,1,1,-70,15,-16,0,-43,15,-64,0,-19,15]"
CSI_DATA,123745,d8:b1:90:d9:de:f0,-37,9,-99,-36,39,104,-1514108094,127,0,106,0,"[129,16,-127,16,38,16,135,16,-19,15,-129,16,-28,15,-104,16,-11,15,-69,16,0,16,-53,16,14,16,-56,16,25,16,-77,16,37,16,-102,16,54,16,-121,16,96,16,-124,16,134,16,-105,16,-103,16,-83,16,0,0,0,0,3,0,-67,16,77,0,-63,16,-133,0,-67,16,-63,0,-76,16,-14,0,-99,16,10,1,-125,16,7,1,-140,16,-6,0,118,16,-22,0,92,16,-61,0,76,16,-112,0,70,16,108,0,90,16,53,0]"
CSI_DATA,123746,d8:b1:90:d9:de:f0,-37,9,-99,-35,38,104,-1514107758,107,0,106,0,"[-121,18,129,18,125,18,56,18,81,18,44,18,70,18,48,18,89,18,63,18,110,18,68,18,138,18,63,18,-121,18,42,18,-73,18,33,18,-24,18,30,18,14,0,56,18,39,0,111,18,56,0,-138,18,0,0,0,0,74,0,-12,18,79,0,69,0,88,0,-155,0,83,0,-77,0,78,0,-14,0,68,0,24,1,61,0,33,1,68,0,33,1,78,0,26,1,89,0,11,1,94,0,-28,0,97,0,-88,0,59,0]"
CSI_DATA,123747,d8:b1:90:d9:de:f0,-37,9,-99,-36,39,104,-1514107429,127,0,106,0,"[-126,16,129,16,89,16,75,16,41,16,75,16,31,16,83,16,42,16,96,16,57,16,111,16,81,16,103,16,109,16,75,16,-139,16,56,16,-100,16,49,16,-65,16,69,16,-30,16,104,16,-5,16,-136,16,0,0,0,0,59,0,-28,16,93,0,31,0,130,0,99,0,-122,0,-124,0,-94,0,-77,0,-78,0,-50,0,-68,0,-39,0,-65,0,-47,0,-53,0,-61,0,-49,0,-89,0,-60,0,-123,0,-93,0,108,0,124,0]"
CSI_DATA,123748,d8:b1:90:d9:de:f0,-38,9,-99,-34,39,104,-1514107199,107,0,106,0,"[-123,15,126,15,75,15,78,15,25,15,78,15,14,15,101,15,25,15,116,15,38,15,123,15,62,15,117,15,84,15,97,15,109,15,68,15,-129,15,65,15,-96,15,75,15,-63,15,105,15,-28,15,-123,15,0,0,0,0,44,0,-42,15,95,0,10,0,-126,0,55,0,-75,0,104,0,-31,0,-132,0,-9,0,-117,0,-4,0,-118,0,3,1,-127,0,10,1,116,0,5,1,90,0,-16,0,55,0,-61,0,25,0,130,0]"
CSI_DATA,123749,d8:b1:90:d9:de:f0,-38,11,-99,-35,39,104,-1513780580,277,0,106,0,"[-86,0,27,0,9,1,-11,16,39,1,-55,16,33,1,-81,16,8,1,-91,16,-8,0,-83,16,-8,0,-66,16,-11,0,-40,16,-22,0,-2,16,-37,0,25,0,-73,0,38,0,-119,0,56,0,106,0,51,0,0,0,0,0,0,0,59,0,-68,16,51,0,128,16,65,0,59,16,70,0,10,16,78,0,-25,15,91,0,-28,15,114,0,-20,15,124,0,-4,15,-125,0,27,16,-100,0,73,16,-103,0,134,16,-119,0,-79,16]"
CSI_DATA,123750,d8:b1:90:d9:de:f0,-38,9,-99,-36,40,104,-1513780081,130,0,106,0,"[-128,15,126,0,94,15,-54,0,111,15,-1,0,-115,15,13,1,-87,15,11,1,-70,15,-7,0,-66,15,-18,0,-83,15,-30,0,-104,15,-48,0,-113,15,-68,0,-110,15,-101,0,-93,15,120,0,-79,15,77,0,0,0,0,0,-45,15,-18,15,-36,15,-77,15,-27,15,115,15,-29,15,50,15,-38,15,1,15,-50,15,-27,14,-69,15,-33,14,-97,15,-23,14,-123,15,-4,14,101,15,27,15,88,15,72,15,103,15,-121,15,-104,15]"
CSI_DATA,123751,d8:b1:90:d9:de:f0,-38,9,-99,-35,39,104,-1513779919,108,0,106,0,"[-111,16,-119,0,133,16,-39,0,128,16,3,1,136,16,9,1,-135,16,-4,0,136,16,-33,0,117,16,-55,0,95,16,-87,0,69,16,-131,0,61,16,104,0,81,16,64,0,111,16,23,0,-119,16,-8,16,0,0,0,0,-7,16,-56,16,59,0,-74,16,137,0,-86,16,-73,0,-95,16,-9,0,-100,16,25,1,-97,16,31,1,-89,16,26,1,-87,16,20,1,-90,16,6,1,-109,16,-29,0,-111,16,-87,0,-98,16,114,0]"
CSI_DATA,123752,d8:b1:90:d9:de:f0,-38,9,-99,-35,39,104,-1513571200,127,0,106,0,"[-130,16,-128,0,123,16,-41,0,-139,16,10,1,-107,16,23,1,-86,16,13,1,-78,16,-5,0,-81,16,-21,0,-104,16,-35,0,-129,16,-61,0,136,16,-89,0,-139,16,-122,0,-124,16,117,0,-106,16,70,0,0,0,0,0,-47,16,-34,16,-20,16,-88,16,7,0,119,16,27,0,55,16,37,0,-2,15,35,0,-38,15,23,0,-50,15,0,0,-45,15,-30,16,-35,15,-67,16,-15,15,-90,16,22,16,-97,16,91,16,-70,16]"
CSI_DATA,123753,d8:b1:90:d9:de:f0,-38,9,-99,-36,40,104,-1513571033,127,0,106,0,"[124,0,-126,0,-51,0,-98,0,0,1,-113,0,10,1,116,0,4,1,90,0,-12,0,87,0,-27,0,88,0,-37,0,101,0,-55,0,122,0,-77,0,-127,0,-111,0,126,0,104,0,114,0,65,0,89,0,0,0,0,0,-18,15,47,0,-82,15,17,0,111,15,7,0,48,15,-10,15,0,15,-13,15,-32,14,-12,15,-40,14,9,0,-39,14,35,0,-27,14,62,0,-5,14,95,0,37,15,115,0,94,15,111,0,-89,15]"
CSI_DATA,123754,d8:b1:90:d9:de:f0,-38,9,-99,-33,39,104,-1513570884,107,0,106,0,"[75,15,11,0,-4,14,45,0,-32,14,89,0,-18,14,118,0,2,15,130,0,20,15,130,0,28,15,113,0,25,15,93,0,25,15,65,0,28,15,42,0,54,15,15,0,89,15,-3,15,-127,15,-19,15,0,0,0,0,-38,15,-64,15,17,0,-93,15,72,0,127,15,122,0,83,15,-107,0,41,15,-96,0,17,15,-103,0,5,15,-127,0,-8,14,107,0,-15,14,71,0,-11,14,32,0,11,15,-2,15,63,15,-9,15]"
CSI_DATA,123755,d8:b1:90:d9:de:f0,-37,9,-99,-36,39,104,-1513570748,107,0,106,0,"[-106,0,79,0,-19,0,89,0,32,1,57,0,37,1,23,0,25,1,0,0,3,1,-6,16,-5,0,1,0,-6,0,19,0,-14,0,46,0,-34,0,70,0,-71,0,77,0,-114,0,78,0,121,0,76,0,0,0,0,0,13,0,77,0,-52,16,90,0,-120,16,113,0,105,16,140,0,58,16,-120,0,31,16,-98,0,33,16,-70,0,54,16,-53,0,83,16,-39,0,125,16,-23,0,-112,16,-34,0,-62,16,-83,0,-29,16]"
CSI_DATA,123756,d8:b1:90:d9:de:f0,-38,11,-99,-34,39,104,-1513362781,277,0,106,0,"[5,0,-84,0,28,0,-1,0,52,0,30,1,70,0,30,1,66,0,16,1,52,0,5,1,26,0,-8,0,-9,15,-12,0,-49,15,-26,0,-81,15,-50,0,-96,15,-95,0,-91,15,128,0,-80,15,80,0,0,0,0,0,-34,15,-32,15,0,0,-85,15,39,0,121,15,77,0,61,15,112,0,13,15,133,0,-3,14,-131,0,-12,14,-131,0,-13,14,124,0,-14,14,98,0,-8,14,72,0,11,15,40,0,58,15,12,0]"
CSI_DATA,123757,d8:b1:90:d9:de:f0,-38,9,-99,-35,39,104,-1513362336,101,0,106,0,"[82,16,-10,16,-4,15,9,0,-42,15,46,0,-28,15,65,0,-13,15,71,0,15,16,57,0,16,16,38,0,26,16,5,0,37,16,-39,16,57,16,-70,16,88,16,-89,16,128,16,-94,16,-93,16,-83,16,0,0,0,0,10,0,-63,16,80,0,-42,16,-126,0,-27,16,-58,0,-11,16,4,1,0,0,32,1,5,0,38,1,1,0,30,1,-8,16,19,1,-28,16,13,1,-54,16,-19,0,-74,16,-91,0,-73,16,110,0]"
CSI_DATA,123758,d8:b1:90:d9:de:f0,-37,9,-99,-36,38,104,-1513352141,130,0,106,0,"[110,0,129,18,147,0,42,18,149,0,-5,17,134,0,-6,17,133,0,3,18,135,0,33,18,156,0,54,18,-125,0,81,18,-91,0,122,18,-78,0,-143,18,-93,0,-100,18,-123,0,-52,18,149,0,-11,18,0,0,0,0,42,0,66,0,-33,18,104,0,-110,18,143,0,130,18,-143,0,70,18,-122,0,33,18,-117,0,18,18,-115,0,21,18,-119,0,39,18,-117,0,60,18,-105,0,95,18,-117,0,152,18,-149,0,-103,18]"
CSI_DATA,123759,d8:b1:90:d9:de:f0,-37,9,-99,-34,38,104,-1513336769,224,0,106,0,"[90,17,-14,17,5,17,1,0,-41,16,26,0,-33,16,45,0,-17,16,49,0,2,17,32,0,8,17,14,0,11,17,-20,17,26,17,-66,17,51,17,-97,17,96,17,-111,17,150,17,-114,17,-96,17,-97,17,0,0,0,0,17,0,-71,17,93,0,-46,17,-134,0,-28,17,-59,0,0,0,-5,0,19,0,29,1,36,0,38,1,32,0,38,1,28,0,27,1,4,0,17,1,-17,17,-16,0,-36,17,-74,0,-48,17,137,0]"
CSI_DATA,123760,d8:b1:90:d9:de:f0,-41,11,-99,-35,42,104,-1513309220,100,0,228,0,"[6,1,9,1,13,2,15,3,17,4,18,5,19,6,84,34,18,8,17,8,16,8,16,8,15,8,16,8,16,7,16,6,16,5,16,4,16,3,16,3,15,2,-26,-23,13,0,12,0,11,0,9,-1,7,-2,6,-2,0,0,3,-3,0,-3,0,-4,-3,-5,-5,-6,-7,-6,-71,11,-11,-9,-13,-10,-13,-11,-14,-11,-15,-12,-16,-13,-16,-13,-15,-13,-14,-13,-14,-14,-13,-14,-12,-14,-11,-15,86,11,-9,-15,-6,-13,-4,-13,-3,-10,-2,-7,-1,-6,-1,-3,-6,9,0,12,9,9,12,0,8,-7,0,-10,-6,-5,12,8,-1,4,3,2,3,-3,0,-6,-7,-4,-10,3,-6,11,5,15,16,8,20,-6,10,-19,-6,-23,-21,-12,-9,6,-13,21,6,23,20,12,20,-5,10,-17,-4,-19,0,0,-16,4,-7,14,4,13,12,5,10,-4,3,-10,-13,-16,-7,0,-4,4,1,5,4,1,2,-3,-1,-3,-3,0,-1,4,3,3,6,0,5,-6,-2,-10,-10,-7,-26,-12,-10,14,1,20,16,16,23,2,20,-13,6,-22,-6,-19]"
CSI_DATA,123761,d8:b1:90:d9:de:f0,-37,11,-99,-34,38,104,-1512944982,277,0,106,0,"[137,17,-139,17,58,17,125,17,9,17,123,17,-3,16,144,17,8,17,-144,17,29,17,-143,17,40,17,143,17,48,17,123,17,79,17,97,17,117,17,83,17,-135,17,96,17,-87,17,128,17,-43,17,-139,17,0,0,0,0,52,0,-72,17,105,0,-21,17,-127,0,21,0,-62,0,64,0,-23,0,92,0,17,1,115,0,35,1,111,0,38,1,99,0,33,1,71,0,23,1,38,0,-7,0,7,0,-62,0,-13,17,-149,0]"
CSI_DATA,123762,d8:b1:90:d9:de:f0,-37,9,-99,-32,38,104,-1512944510,98,0,106,0,"[103,16,83,0,40,16,-142,0,31,16,-80,0,56,16,-49,0,81,16,-52,0,95,16,-65,0,99,16,-81,0,87,16,-96,0,70,16,-117,0,65,16,136,0,83,16,103,0,113,16,72,0,-140,16,37,0,0,0,0,0,-71,16,-43,16,-26,16,-92,16,4,0,126,16,37,0,62,16,52,0,11,16,54,0,-28,15,41,0,-44,15,10,0,-51,15,-26,16,-39,15,-62,16,-12,15,-94,16,28,16,-97,16,96,16,-66,16]"
CSI_DATA,123763,d8:b1:90:d9:de:f0,-38,9,-99,-34,39,104,-1512944351,113,0,106,0,"[-102,0,-90,15,-50,0,114,15,-46,0,62,15,-69,0,32,15,-100,0,32,15,-121,0,43,15,-121,0,48,15,-113,0,65,15,-100,0,86,15,-94,0,114,15,-99,0,-127,15,-129,0,-96,15,118,0,-59,15,0,0,0,0,66,0,31,0,45,0,83,0,25,0,-119,0,13,0,-54,0,16,0,-3,0,28,0,26,1,49,0,37,1,77,0,24,1,110,0,9,1,-128,0,-18,0,-111,0,-68,0,-124,0,-131,0,98,0]"
CSI_DATA,123764,d8:b1:90:d9:de:f0,-37,9,-99,-32,38,104,-1512944252,133,0,106,0,"[52,0,90,16,40,0,-1,15,-5,16,-44,15,-39,16,-42,15,-69,16,-20,15,-70,16,4,16,-71,16,13,16,-51,16,12,16,-21,16,17,16,-1,16,26,16,12,0,57,16,24,0,99,16,29,0,-138,16,0,0,0,0,67,0,-47,16,96,0,14,0,-140,0,74,0,-96,0,121,0,-54,0,-133,0,-10,0,-121,0,11,1,-136,0,19,1,126,0,29,1,81,0,28,1,26,0,-10,0,-19,16,-76,0,-37,16,125,0]"
CSI_DATA,123765,d8:b1:90:d9:de:f0,-38,9,-99,-34,39,104,-1512944099,113,0,106,0,"[-135,15,134,15,69,15,88,15,27,15,81,15,25,15,85,15,34,15,94,15,61,15,98,15,84,15,86,15,116,15,65,15,-111,15,47,15,-67,15,43,15,-27,15,61,15,6,0,96,15,31,0,-123,15,0,0,0,0,66,0,-25,15,88,0,43,0,102,0,111,0,115,0,-86,0,118,0,-29,0,119,0,6,1,121,0,14,1,124,0,6,1,131,0,-1,0,-130,0,-15,0,-128,0,-51,0,119,0,-111,0,77,0]"
CSI_DATA,123766,d8:b1:90:d9:de:f0,-39,9,-99,-34,40,104,-1512943936,133,0,106,0,"[24,0,66,14,21,0,-7,13,4,0,-40,13,-8,14,-43,13,-11,14,-24,13,0,0,-12,13,20,0,1,14,50,0,13,14,85,0,31,14,113,0,57,14,-116,0,95,14,117,0,-107,14,102,0,-62,14,0,0,0,0,60,0,33,0,29,0,84,0,-7,14,-101,0,-42,14,-50,0,-68,14,-4,0,-87,14,17,0,-94,14,20,0,-84,14,25,0,-72,14,23,0,-54,14,16,0,-29,14,-9,0,-7,14,-56,0,0,14]"
CSI_DATA,123767,d8:b1:90:d9:de:f0,-38,9,-99,-34,39,104,-1512943828,130,0,106,0,"[-117,0,-110,15,-60,0,96,15,-46,0,55,15,-62,0,38,15,-78,0,51,15,-82,0,72,15,-74,0,97,15,-61,0,124,15,-48,0,-106,15,-43,0,-69,15,-62,0,-34,15,-95,0,-3,15,128,0,23,0,0,0,0,0,30,0,68,0,-34,15,86,0,-101,15,119,0,103,15,-131,0,51,15,-111,0,21,15,-100,0,15,15,-98,0,21,15,-91,0,39,15,-78,0,61,15,-67,0,98,15,-79,0,-121,15,-110,0,-69,15]"
CSI_DATA,123768,d8:b1:90:d9:de:f0,-38,9,-99,-33,39,104,-1512943702,113,0,106,0,"[104,15,93,0,51,15,-109,0,45,15,-62,0,57,15,-44,0,73,15,-50,0,80,15,-64,0,78,15,-82,0,61,15,-102,0,48,15,124,0,46,15,90,0,71,15,60,0,107,15,28,0,-116,15,2,0,0,0,0,0,-18,15,-49,15,36,0,-80,15,101,0,-116,15,-106,0,114,15,-61,0,88,15,-37,0,68,15,-31,0,55,15,-45,0,50,15,-59,0,37,15,-94,0,26,15,129,0,40,15,86,0,74,15,38,0]"
CSI_DATA,123769,d8:b1:90:d9:de:f0,-38,9,-99,-35,39,104,-1512943539,98,0,106,0,"[87,16,-30,16,-2,15,-11,16,-41,15,26,0,-33,15,53,0,-16,15,64,0,2,16,53,0,7,16,38,0,6,16,16,0,16,16,-18,16,34,16,-44,16,77,16,-55,16,122,16,-59,16,-102,16,-62,16,0,0,0,0,9,0,-54,16,78,0,-49,16,-124,0,-57,16,-55,0,-56,16,-5,0,-62,16,32,1,-68,16,37,1,-80,16,31,1,-99,16,14,1,-122,16,-16,0,133,16,-55,0,118,16,-113,0,134,16,92,0]"
CSI_DATA,123770,d8:b1:90:d9:de:f0,-37,11,-99,-33,38,104,-1512527183,277,0,106,0,"[64,0,-95,0,100,0,-15,0,137,0,15,1,-143,0,16,1,139,0,2,1,121,0,-12,0,86,0,-23,0,45,0,-11,0,-9,17,-16,0,-53,17,-27,0,-78,17,-72,0,-88,17,-123,0,-94,17,113,0,0,0,0,0,-70,17,-15,17,-55,17,-84,17,-26,17,130,17,9,0,61,17,26,0,0,17,51,0,-36,16,62,0,-42,16,53,0,-45,16,46,0,-46,16,25,0,-33,16,6,0,3,17,-11,17,65,17,-9,17]"
CSI_DATA,123771,d8:b1:90:d9:de:f0,-38,9,-99,-34,39,104,-1512526693,113,0,106,0,"[126,15,133,0,83,15,-66,0,83,15,-13,0,105,15,-9,0,109,15,-13,0,124,15,-41,0,109,15,-60,0,93,15,-76,0,69,15,-108,0,66,15,121,0,78,15,87,0,102,15,49,0,-131,15,15,0,0,0,0,0,-40,15,-54,15,12,0,-95,15,73,0,-134,15,124,0,90,15,-101,0,54,15,-72,0,33,15,-78,0,16,15,-87,0,12,15,-108,0,11,15,133,0,7,15,99,0,19,15,52,0,70,15,26,0]"
CSI_DATA,123772,d8:b1:90:d9:de:f0,-37,9,-99,-33,38,104,-1512526539,124,0,106,0,"[-85,17,-107,0,-98,17,-13,0,-77,17,34,1,-53,17,45,1,-39,17,26,1,-40,17,9,1,-54,17,-6,0,-88,17,-19,0,-114,17,-39,0,-144,17,-70,0,146,17,-110,0,-132,17,138,0,-114,17,84,0,0,0,0,0,-73,17,-30,17,-41,17,-86,17,-13,17,125,17,11,0,54,17,26,0,1,17,30,0,-35,16,28,0,-47,16,5,0,-43,16,-19,17,-41,16,-48,17,-27,16,-72,17,17,17,-80,17,79,17,-55,17]"
CSI_DATA,123773,d8:b1:90:d9:de:f0,-38,9,-99,-35,39,104,-1512526436,130,0,106,0,"[95,0,113,16,116,0,30,16,102,0,-22,15,76,0,-28,15,56,0,-14,15,54,0,4,16,62,0,23,16,90,0,38,16,115,0,46,16,131,0,76,16,137,0,119,16,126,0,-123,16,110,0,-78,16,0,0,0,0,59,0,29,0,37,0,91,0,9,0,-124,0,-9,16,-54,0,-21,16,6,1,-18,16,31,1,-17,16,35,1,10,0,43,1,37,0,27,1,61,0,6,1,86,0,-26,0,91,0,-93,0,64,0]"
CSI_DATA,123774,d8:b1:90:d9:de:f0,-37,9,-99,-34,38,104,-1512482636,108,0,106,0,"[117,17,-97,17,27,17,-111,17,-23,16,-91,17,-29,16,-68,17,-20,16,-49,17,1,17,-51,17,11,17,-59,17,16,17,-83,17,34,17,-109,17,58,17,-135,17,106,17,-136,17,-143,17,-125,17,-92,17,-101,17,0,0,0,0,9,0,-78,17,90,0,-51,17,-135,0,-43,17,-60,0,-30,17,-7,0,-29,17,33,1,-33,17,41,1,-49,17,35,1,-74,17,26,1,-97,17,1,1,-124,17,-46,0,-143,17,-110,0,-136,17,116,0]"
CSI_DATA,123775,d8:b1:90:d9:de:f0,-38,9,-99,-35,39,104,-1512317785,130,0,106,0,"[-92,0,59,0,-3,0,67,0,37,1,46,0,38,1,32,0,16,1,35,0,-4,0,37,0,-22,0,63,0,-40,0,98,0,-67,0,136,0,-103,0,-114,0,134,0,-111,0,87,0,-128,0,42,0,123,0,0,0,0,0,-43,16,47,0,-90,16,1,0,135,16,-61,16,87,16,-118,16,53,16,115,16,34,16,82,16,29,16,81,16,21,16,87,16,21,16,102,16,23,16,124,16,43,16,-121,16,83,16,-76,16,-115,16]"
CSI_DATA,123776,d8:b1:90:d9:de:f0,-35,11,-99,-37,37,104,-1512309188,100,0,114,0,"[8,33,8,39,8,40,5,42,5,43,5,43,2,40,4,40,5,37,5,37,7,34,5,34,7,36,8,36,10,37,11,37,11,39,13,40,14,43,15,42,18,43,18,42,20,40,21,39,20,37,20,39,21,36,23,37,0,0,24,36,24,34,24,36,26,36,29,37,29,36,30,34,31,34,31,31,31,30,31,30,31,27,30,24,30,23,29,21,30,21,29,18,31,18,31,17,33,17,36,17,36,15,37,17,40,18,37,18,37,18,34,18,31,18]"
CSI_DATA,123777,d8:b1:90:d9:de:f0,-37,11,-99,-33,38,104,-1512109384,277,0,106,0,"[-146,0,140,0,-69,0,-114,0,-18,0,-113,0,-5,0,-133,0,-12,0,146,0,-27,0,143,0,-38,0,-146,0,-56,0,-115,0,-83,0,-99,0,-120,0,-79,0,132,0,-100,0,86,0,-130,0,47,0,125,0,0,0,0,0,-48,17,60,0,-100,17,8,0,127,17,-40,17,68,17,-80,17,25,17,-105,17,-8,16,-118,17,-24,16,-122,17,-26,16,-107,17,-31,16,-79,17,-23,16,-47,17,6,17,-18,17,55,17,10,0,142,17]"
CSI_DATA,123778,d8:b1:90:d9:de:f0,-38,9,-99,-34,39,104,-1512108885,98,0,106,0,"[77,15,40,0,10,15,95,0,-7,14,-123,0,13,15,-95,0,37,15,-80,0,60,15,-92,0,62,15,-96,0,54,15,-116,0,48,15,122,0,54,15,98,0,72,15,76,0,106,15,48,0,-128,15,24,0,0,0,0,0,-42,15,-55,15,1,0,-96,15,45,0,123,15,76,0,65,15,98,0,13,15,98,0,-22,14,87,0,-40,14,61,0,-39,14,27,0,-36,14,-21,15,-29,14,-55,15,7,15,-69,15,75,15,-57,15]"
CSI_DATA,123779,d8:b1:90:d9:de:f0,-37,9,-99,-33,38,104,-1511900040,321,0,106,0,"[-145,0,-144,17,-100,0,77,17,-98,0,21,17,-118,0,3,17,-136,0,16,17,138,0,30,17,-142,0,50,17,-120,0,70,17,-94,0,98,17,-85,0,132,17,-93,0,-116,17,-123,0,-84,17,136,0,-46,17,0,0,0,0,62,0,50,0,8,0,98,0,-40,17,-133,0,-86,17,-75,0,-112,17,-20,0,-128,17,12,1,-130,17,27,1,-110,17,32,1,-80,17,28,1,-53,17,25,1,-12,17,-9,0,17,0,-72,0,19,0]"
CSI_DATA,123780,d8:b1:90:d9:de:f0,-38,9,-99,-34,39,104,-1511899845,321,0,106,0,"[-98,0,86,0,-14,0,96,0,34,1,69,0,33,1,45,0,23,1,30,0,5,1,18,0,-5,0,29,0,-12,0,52,0,-28,0,77,0,-50,0,98,0,-88,0,106,0,-131,0,98,0,92,0,83,0,0,0,0,0,-12,15,66,0,-79,15,48,0,119,15,48,0,50,15,44,0,-3,14,49,0,-33,14,60,0,-37,14,77,0,-29,14,98,0,-11,14,119,0,11,15,-127,0,55,15,-113,0,122,15,-126,0,-81,15]"
CSI_DATA,123781,d8:b1:90:d9:de:f0,-38,9,-99,-35,39,104,-1511899632,321,0,106,0,"[128,16,-128,16,51,16,113,16,2,16,117,16,-9,15,-133,16,-6,15,-112,16,13,16,-101,16,22,16,-106,16,34,16,-129,16,54,16,123,16,75,16,110,16,117,16,113,16,-118,16,128,16,-74,16,-121,16,0,0,0,0,16,0,-87,16,83,0,-63,16,-123,0,-53,16,-56,0,-42,16,-8,0,-41,16,27,1,-49,16,38,1,-58,16,34,1,-80,16,16,1,-106,16,-11,0,-133,16,-50,0,137,16,-113,0,-131,16,101,0]"
CSI_DATA,123782,d8:b1:90:d9:de:f0,-38,9,-99,-35,39,104,-1511899464,321,0,106,0,"[-69,16,-98,0,-62,16,-10,0,-18,16,31,1,9,0,32,1,32,0,19,1,42,0,-4,0,37,0,-8,0,19,0,-14,0,-3,16,-23,0,-19,16,-41,0,-33,16,-67,0,-41,16,-111,0,-44,16,117,0,0,0,0,0,-65,16,14,0,-80,16,-43,16,-113,16,-107,16,130,16,112,16,93,16,74,16,63,16,53,16,40,16,63,16,26,16,94,16,9,16,125,16,0,16,-112,16,16,16,-62,16,70,16,-16,16,-129,16]"
CSI_DATA,123783,d8:b1:90:d9:de:f0,-38,11,-99,-33,39,104,-1511482686,277,0,106,0,"[122,15,116,0,78,15,-74,0,81,15,-19,0,110,15,-4,0,128,15,-10,0,-123,15,-33,0,-130,15,-44,0,116,15,-62,0,103,15,-91,0,89,15,-123,0,95,15,115,0,119,15,82,0,-116,15,43,0,0,0,0,0,-50,15,-39,15,-11,15,-86,15,28,0,120,15,60,0,62,15,82,0,10,15,92,0,-19,14,83,0,-28,14,53,0,-27,14,31,0,-23,14,-4,15,-20,14,-32,15,10,15,-50,15,72,15,-42,15]"
CSI_DATA,123784,d8:b1:90:d9:de:f0,-38,9,-99,-35,39,104,-1511482196,130,0,106,0,"[-133,16,-135,0,101,16,-61,0,89,16,-18,0,103,16,-17,0,111,16,-31,0,105,16,-65,0,89,16,-94,0,68,16,-128,0,49,16,104,0,45,16,53,0,65,16,15,0,103,16,-16,16,-124,16,-39,16,0,0,0,0,-10,16,-63,16,63,0,-68,16,138,0,-70,16,-63,0,-64,16,-3,0,-58,16,31,1,-42,16,35,1,-40,16,32,1,-44,16,26,1,-50,16,9,1,-65,16,-21,0,-73,16,-83,0,-62,16,116,0]"
CSI_DATA,123785,d8:b1:90:d9:de:f0,-41,11,-99,-35,42,104,-1511308893,100,0,228,0,"[0,6,0,9,0,13,0,15,-1,17,-1,19,-2,20,84,34,-3,20,-3,19,-2,18,-2,18,-1,18,0,17,0,16,1,16,3,16,3,16,5,16,6,14,6,13,-26,-23,8,10,7,9,8,7,7,6,6,4,6,3,0,0,4,0,3,-2,2,-4,0,-5,0,-8,-2,-10,-21,11,-4,-13,-6,-15,-7,-16,-8,-16,-9,-17,-9,-17,-10,-17,-10,-17,-10,-18,-9,-17,-9,-18,-8,-17,-7,-17,-88,11,-6,-16,-4,-14,-3,-13,-3,-10,-2,-8,-1,-5,-1,-3,-9,-6,-12,2,-8,10,1,13,9,6,10,-1,3,-6,-5,15,-4,0,0,3,3,2,5,-2,1,-8,-7,-8,-13,0,-11,10,0,18,14,13,22,0,15,-17,-2,-23,-11,-3,-24,3,-13,19,3,22,17,12,20,-4,10,-16,0,0,-14,-7,-14,6,-5,13,6,11,12,2,8,-6,-3,-21,-6,-4,-6,2,0,4,3,3,3,-1,0,-3,-3,0,-2,3,2,4,6,1,6,-5,0,-10,-8,-9,-22,-16,-13,13,0,20,14,17,23,3,20,-13,6,-21,-7,-19]"
CSI_DATA,123786,d8:b1:90:d9:de:f0,-37,11,-99,-34,38,104,-1511273786,277,0,106,0,"[-72,17,111,17,-124,17,36,17,134,17,10,17,121,17,13,17,125,17,34,17,141,17,43,17,-140,17,38,17,-111,17,29,17,-67,17,24,17,-30,17,32,17,0,0,61,17,27,0,111,17,39,0,-134,17,0,0,0,0,70,0,-20,17,84,0,53,0,110,0,133,0,121,0,-96,0,134,0,-36,0,144,0,3,1,147,0,7,1,-143,0,-1,0,-127,0,-15,0,-111,0,-35,0,-111,0,-78,0,-136,0,-136,0,114,0]"
CSI_DATA,123787,d8:b1:90:d9:de:f0,-38,9,-99,-35,39,104,-1511273342,101,0,106,0,"[-110,0,103,0,-17,0,113,0,33,1,86,0,42,1,54,0,19,1,30,0,0,1,31,0,-14,0,39,0,-23,0,59,0,-42,0,90,0,-57,0,113,0,-99,0,115,0,-139,0,110,0,90,0,91,0,0,0,0,0,-9,16,64,0,-78,16,46,0,127,16,38,0,55,16,37,0,-1,15,34,0,-33,15,41,0,-39,15,61,0,-33,15,86,0,-19,15,114,0,14,16,-135,0,59,16,-123,0,121,16,-138,0,-87,16]"
CSI_DATA,123788,d8:b1:90:d9:de:f0,-38,9,-99,-34,39,104,-1511064424,108,0,106,0,"[-91,0,-88,15,-30,0,117,15,-20,0,72,15,-44,0,55,15,-58,0,55,15,-69,0,80,15,-65,0,101,15,-51,0,124,15,-39,0,-102,15,-41,0,-62,15,-58,0,-39,15,-93,0,-9,15,131,0,11,0,0,0,0,0,27,0,62,0,-41,15,82,0,-105,15,114,0,100,15,-124,0,50,15,-99,0,20,15,-85,0,15,15,-68,0,27,15,-65,0,52,15,-55,0,85,15,-37,0,122,15,-49,0,-101,15,-92,0,-54,15]"
CSI_DATA,123789,d8:b1:90:d9:de:f0,-38,11,-99,-36,40,104,-1510855987,277,0,106,0,"[-125,15,-128,15,61,15,90,15,5,15,102,15,-1,14,126,15,3,15,-106,15,20,15,-94,15,28,15,-89,15,44,15,-111,15,65,15,123,15,83,15,113,15,115,15,117,15,-107,15,-119,15,-63,15,-96,15,0,0,0,0,23,0,-54,15,81,0,-36,15,-115,0,-13,15,-54,0,-4,15,0,1,6,0,27,1,-5,15,34,1,-12,15,27,1,-34,15,20,1,-62,15,1,1,-91,15,-34,0,-114,15,-98,0,-113,15,86,0]"
CSI_DATA,123790,d8:b1:90:d9:de:f0,-38,9,-99,-35,39,104,-1510855543,98,0,106,0,"[-94,16,107,16,134,16,40,16,98,16,22,16,92,16,26,16,103,16,40,16,124,16,45,16,-125,16,42,16,-82,16,32,16,-39,16,29,16,2,0,37,16,38,0,68,16,54,0,111,16,62,0,-111,16,0,0,0,0,65,0,3,0,54,0,75,0,49,0,-125,0,33,0,-56,0,17,0,2,1,6,0,31,1,-2,16,35,1,2,0,32,1,14,0,26,1,25,0,19,1,40,0,-16,0,44,0,-74,0,31,0]"
CSI_DATA,123791,d8:b1:90:d9:de:f0,-37,9,-99,-34,38,104,-1510815262,120,0,106,0,"[-101,0,49,0,-1,0,38,0,41,1,-4,17,42,1,-40,17,16,1,-55,17,-2,0,-62,17,-8,0,-48,17,-9,0,-28,17,-10,0,9,0,-21,0,30,0,-67,0,51,0,-114,0,54,0,130,0,54,0,0,0,0,0,21,0,72,0,-48,17,84,0,-128,17,121,0,110,17,148,0,62,17,-130,0,33,17,-98,0,36,17,-77,0,51,17,-58,0,83,17,-30,0,127,17,-26,0,-124,17,-36,0,-67,17,-78,0,-35,17]"
CSI_DATA,123792,d8:b1:90:d9:de:f0,-38,9,-99,-35,39,104,-1510646643,130,0,106,0,"[64,0,-99,0,124,0,-32,0,-105,0,-21,0,-80,0,-42,0,-71,0,-64,0,-81,0,-77,0,-97,0,-83,0,-118,0,-71,0,137,0,-57,0,111,0,-62,0,76,0,-80,0,52,0,-110,0,22,0,128,0,0,0,0,0,-53,16,44,0,-92,16,0,0,127,16,-50,16,69,16,-86,16,21,16,-111,16,-5,15,-116,16,-19,15,-110,16,-29,15,-81,16,-31,15,-46,16,-14,15,-10,16,13,16,25,0,71,16,45,0,-124,16]"
CSI_DATA,123793,d8:b1:90:d9:de:f0,-38,9,-99,-36,40,104,-1510646472,113,0,106,0,"[125,15,-126,15,38,15,109,15,-15,14,-126,15,-19,14,-91,15,-13,14,-65,15,10,15,-51,15,23,15,-54,15,32,15,-72,15,45,15,-96,15,67,15,-111,15,95,15,-114,15,127,15,-104,15,-86,15,-83,15,0,0,0,0,1,0,-58,15,66,0,-48,15,-123,0,-45,15,-59,0,-50,15,-9,0,-62,15,17,1,-84,15,21,1,-107,15,6,1,118,15,-18,0,98,15,-53,0,73,15,-99,0,67,15,98,0,94,15,45,0]"
CSI_DATA,123794,d8:b1:90:d9:de:f0,-36,9,-99,-36,38,104,-1510620078,98,0,106,0,"[-151,18,-152,0,122,18,-64,0,120,18,-13,0,143,18,-5,0,153,18,-17,0,159,18,-39,0,142,18,-64,0,122,18,-85,0,95,18,-118,0,84,18,-159,0,94,18,115,0,122,18,71,0,-147,18,27,0,0,0,0,0,-56,18,-60,18,3,0,-108,18,66,0,154,18,128,0,96,18,-143,0,52,18,-110,0,30,18,-115,0,23,18,-134,0,15,18,-152,0,6,18,140,0,5,18,99,0,25,18,61,0,79,18,32,0]"
CSI_DATA,123795,d8:b1:90:d9:de:f0,-35,11,-99,-35,37,104,-1510308846,100,0,114,0,"[32,-2,37,-1,39,1,41,2,41,4,41,4,38,4,38,4,35,5,35,5,34,4,34,2,34,2,35,1,35,0,37,0,39,0,39,0,43,-1,42,-2,43,-4,43,-4,43,-4,43,-5,42,-5,39,-5,41,-6,41,-6,0,0,39,-6,39,-6,42,-8,41,-9,41,-9,42,-9,41,-10,41,-12,39,-12,39,-13,35,-13,37,-15,34,-15,34,-15,31,-13,31,-15,30,-16,30,-16,30,-16,31,-17,32,-20,34,-20,34,-20,34,-21,35,-21,35,-19,34,-17,31,-15]"
CSI_DATA,123796,d8:b1:90:d9:de:f0,-37,9,-99,-34,38,104,-1510228799,98,0,106,0,"[112,17,90,0,34,17,141,0,9,17,-123,0,20,17,-120,0,26,17,-123,0,46,17,-152,0,33,17,122,0,21,17,77,0,21,17,22,0,33,17,-26,17,64,17,-55,17,117,17,-71,17,-123,17,-76,17,0,0,0,0,-7,17,-77,17,74,0,-65,17,-139,0,-51,17,-59,0,-34,17,-1,0,-16,17,33,1,3,0,47,1,3,0,40,1,2,0,32,1,-4,17,23,1,-28,17,-9,0,-41,17,-79,0,-42,17,146,0]"
CSI_DATA,123797,d8:b1:90:d9:de:f0,-38,9,-99,-35,39,104,-1510228640,113,0,106,0,"[-112,0,-99,16,-51,0,118,16,-30,0,81,16,-41,0,66,16,-61,0,80,16,-59,0,104,16,-50,0,134,16,-34,0,-114,16,-25,0,-76,16,-25,0,-35,16,-61,0,2,0,-105,0,23,0,121,0,43,0,0,0,0,0,13,0,66,0,-58,16,74,0,-134,16,91,0,68,16,92,0,13,16,90,0,-20,15,89,0,-30,15,94,0,-30,15,104,0,-19,15,121,0,6,16,129,0,44,16,134,0,93,16,116,0,-112,16]"
CSI_DATA,123798,d8:b1:90:d9:de:f0,-37,11,-99,-33,38,104,-1509811490,277,0,106,0,"[-91,0,-26,17,-9,0,-46,17,33,1,-75,17,26,1,-86,17,13,1,-79,17,-9,0,-58,17,-5,0,-31,17,1,1,11,0,-8,0,64,0,-35,0,97,0,-78,0,115,0,-131,0,122,0,106,0,116,0,0,0,0,0,-16,17,90,0,-85,17,55,0,130,17,33,0,57,17,2,0,9,17,-26,17,-31,16,-46,17,-49,16,-53,17,-47,16,-50,17,-36,16,-40,17,-24,16,-16,17,2,17,-5,17,64,17,9,0,140,17]"
CSI_DATA,123799,d8:b1:90:d9:de:f0,-37,9,-99,-36,39,104,-1509811000,130,0,106,0,"[88,0,-102,0,-132,0,-44,0,-75,0,-34,0,-61,0,-59,0,-60,0,-78,0,-80,0,-93,0,-98,0,-94,0,-124,0,-75,0,132,0,-53,0,98,0,-57,0,68,0,-75,0,42,0,-107,0,12,0,136,0,0,0,0,0,-49,16,33,0,-87,16,-28,16,-132,16,-90,16,107,16,139,16,66,16,102,16,37,16,80,16,21,16,81,16,7,16,96,16,5,16,131,16,1,16,-123,16,16,16,-81,16,70,16,-42,16,-136,16]"
CSI_DATA,123800,d8:b1:90:d9:de:f0,-38,9,-99,-34,39,104,-1509810847,224,0,106,0,"[50,0,-88,0,105,0,-23,0,-118,0,-7,0,-95,0,-20,0,-88,0,-44,0,-104,0,-57,0,-114,0,-63,0,134,0,-45,0,100,0,-36,0,79,0,-43,0,45,0,-62,0,26,0,-103,0,5,0,123,0,0,0,0,0,-49,15,30,0,-80,15,-34,15,-126,15,-90,15,101,15,128,15,67,15,95,15,32,15,80,15,14,15,75,15,4,15,93,15,-5,14,126,15,-5,14,-109,15,11,15,-64,15,60,15,-31,15,134,15]"
CSI_DATA,123801,d8:b1:90:d9:de:f0,-37,9,-99,-36,39,104,-1509602137,341,0,106,0,"[-94,16,111,16,132,16,47,16,87,16,33,16,70,16,49,16,77,16,66,16,109,16,65,16,132,16,63,16,-122,16,48,16,-75,16,32,16,-38,16,34,16,-12,16,61,16,11,0,104,16,30,0,-132,16,0,0,0,0,57,0,-17,16,63,0,61,0,80,0,141,0,93,0,-70,0,98,0,-14,0,99,0,23,1,111,0,29,1,115,0,30,1,130,0,10,1,-136,0,-16,0,-135,0,-52,0,126,0,-105,0,85,0]"
CSI_DATA,123802,d8:b1:90:d9:de:f0,-38,9,-99,-35,39,104,-1509601925,321,0,106,0,"[-91,16,-106,0,-102,16,-13,0,-80,16,33,1,-52,16,33,1,-43,16,11,1,-41,16,-5,0,-61,16,-23,0,-82,16,-41,0,-122,16,-58,0,137,16,-86,0,137,16,-118,0,-128,16,122,0,-103,16,74,0,0,0,0,0,-42,16,-29,16,-2,16,-83,16,39,0,131,16,75,0,66,16,98,0,9,16,112,0,-18,15,102,0,-23,15,95,0,-29,15,67,0,-27,15,37,0,-23,15,6,0,6,16,-16,16,61,16,-21,16]"
CSI_DATA,123803,d8:b1:90:d9:de:f0,-37,9,-99,-36,39,104,-1509601721,108,0,106,0,"[-60,16,96,16,-114,16,28,16,122,16,12,16,102,16,20,16,109,16,44,16,116,16,58,16,136,16,57,16,-125,16,46,16,-87,16,28,16,-54,16,34,16,-33,16,63,16,-4,16,108,16,14,0,-131,16,0,0,0,0,60,0,-17,16,83,0,44,0,112,0,117,0,-136,0,-106,0,-111,0,-61,0,-90,0,-29,0,-77,0,-30,0,-68,0,-35,0,-52,0,-59,0,-42,0,-94,0,-52,0,-133,0,-83,0,105,0,134,0]"
CSI_DATA,123804,d8:b1:90:d9:de:f0,-38,9,-99,-34,39,104,-1509601603,441,0,106,0,"[-92,0,-79,15,-33,0,-135,15,-21,0,90,15,-40,0,72,15,-59,0,70,15,-73,0,83,15,-68,0,100,15,-57,0,123,15,-49,0,-112,15,-50,0,-83,15,-62,0,-57,15,-103,0,-31,15,124,0,-11,15,0,0,0,0,27,0,49,0,-27,15,82,0,-88,15,130,0,132,15,-102,0,93,15,-61,0,75,15,-34,0,78,15,-22,0,97,15,-15,0,123,15,-8,0,-123,15,5,1,-78,15,-16,0,-43,15,-58,0,-13,15]"
CSI_DATA,123805,d8:b1:90:d9:de:f0,-38,9,-99,-34,39,104,-1509601377,421,0,106,0,"[-59,15,-88,0,-58,15,-3,0,-25,15,44,1,0,0,44,1,10,0,26,1,25,0,4,1,8,0,-9,0,-21,15,-12,0,-57,15,-24,0,-78,15,-38,0,-90,15,-68,0,-90,15,-110,0,-80,15,110,0,0,0,0,0,-74,15,8,0,-75,15,-60,15,-81,15,-131,15,-91,15,74,15,-111,15,18,15,-126,15,-8,14,131,15,-10,14,117,15,-4,14,96,15,18,15,80,15,45,15,79,15,87,15,102,15,-124,15,-108,15]"
CSI_DATA,123806,d8:b1:90:d9:de:f0,-37,9,-99,-33,38,104,-1509601110,98,0,106,0,"[-113,0,-100,17,-50,0,121,17,-49,0,60,17,-75,0,35,17,-105,0,40,17,-123,0,45,17,-122,0,70,17,-107,0,90,17,-83,0,109,17,-71,0,136,17,-85,0,-127,17,-112,0,-93,17,142,0,-58,17,0,0,0,0,84,0,33,0,41,0,86,0,15,0,-128,0,-8,17,-60,0,-16,17,2,1,-8,17,34,1,11,0,47,1,38,0,42,1,70,0,32,1,107,0,6,1,125,0,-39,0,123,0,-101,0,85,0]"
CSI_DATA,123807,d8:b1:90:d9:de:f0,-37,11,-99,-34,38,104,-1509393691,277,0,106,0,"[-28,17,-98,0,-27,17,-2,0,9,0,36,1,26,0,36,1,40,0,17,1,38,0,-7,0,21,0,-11,0,-13,17,-10,0,-53,17,-21,0,-82,17,-35,0,-98,17,-73,0,-92,17,-109,0,-89,17,136,0,0,0,0,0,-96,17,9,0,-90,17,-60,17,-96,17,-143,17,-108,17,86,17,-122,17,26,17,-136,17,-2,16,-143,17,-10,16,148,17,0,17,129,17,20,17,109,17,40,17,99,17,79,17,131,17,143,17,-122,17]"
CSI_DATA,123808,d8:b1:90:d9:de:f0,-38,9,-99,-36,39,104,-1509393228,756,0,106,0,"[-112,0,-103,16,-62,0,111,16,-67,0,49,16,-102,0,29,16,-127,0,33,16,140,0,42,16,138,0,60,16,-132,0,75,16,-111,0,90,16,-103,0,109,16,-115,0,136,16,-140,0,-116,16,116,0,-77,16,0,0,0,0,68,0,24,0,44,0,81,0,26,0,-126,0,26,0,-60,0,33,0,-1,0,47,0,24,1,69,0,30,1,99,0,21,1,130,0,2,1,-123,0,-24,0,-113,0,-71,0,-122,0,-133,0,113,0]"
CSI_DATA,123809,d8:b1:90:d9:de:f0,-40,11,-99,-32,41,104,-1509308839,100,0,228,0,"[-6,1,-9,2,-12,2,-15,2,-18,0,-19,0,-20,-1,86,35,-19,-3,-19,-4,-18,-4,-18,-4,-17,-4,-17,-4,-17,-3,-17,-3,-17,-3,-17,-2,-18,-2,-17,-1,-17,-1,-27,-23,-15,0,-13,0,-12,0,-10,0,-8,1,-7,1,0,0,-3,3,-1,3,0,4,1,6,3,7,4,9,50,0,7,12,9,14,10,15,10,16,10,17,10,18,9,19,8,19,7,19,6,19,5,19,3,20,2,19,21,0,0,18,0,16,-1,15,-2,11,-2,9,-1,7,0,4,2,-11,-6,-11,-12,-5,-12,3,-6,11,3,10,7,3,-14,-5,0,-4,-3,-1,-3,3,1,6,8,3,10,-4,4,-11,-6,-14,-16,-7,-19,7,-9,19,7,23,22,11,7,-6,13,-21,-5,-23,-19,-12,-21,3,-11,17,3,19,0,0,18,-3,9,-13,-2,-15,-11,-8,-13,2,-6,10,10,21,8,3,7,-3,0,-5,-3,-3,-3,0,0,3,3,0,3,-3,-1,-5,-6,-3,-8,3,-3,10,5,12,16,25,18,-5,11,-18,-3,-23,-18,-15,-24,0,-19,13,-7,20]"
CSI_DATA,123810,d8:b1:90:d9:de:f0,-38,11,-99,-35,39,104,-1509184792,277,0,106,0,"[129,0,-138,16,-110,0,67,16,-109,0,26,16,-127,0,19,16,-136,0,23,16,-137,0,49,16,-125,0,71,16,-92,0,86,16,-68,0,121,16,-57,0,-125,16,-70,0,-87,16,-102,0,-58,16,134,0,-28,16,0,0,0,0,47,0,50,0,-9,16,91,0,-67,16,-138,0,-124,16,-93,0,117,16,-55,0,93,16,-33,0,86,16,-21,0,91,16,-22,0,115,16,-18,0,137,16,-19,0,-111,16,-30,0,-74,16,-75,0,-43,16]"
CSI_DATA,123811,d8:b1:90:d9:de:f0,-37,9,-99,-36,39,104,-1509184320,756,0,106,0,"[-76,16,102,16,-134,16,37,16,94,16,31,16,75,16,47,16,75,16,74,16,92,16,87,16,108,16,83,16,127,16,65,16,-126,16,41,16,-99,16,38,16,-75,16,66,16,-43,16,102,16,-19,16,-142,16,0,0,0,0,47,0,-51,16,95,0,6,0,-134,0,58,0,-79,0,103,0,-37,0,135,0,-4,0,-134,0,17,1,-142,0,22,1,126,0,24,1,100,0,17,1,58,0,-4,0,29,0,-58,0,-1,16,-138,0]"
CSI_DATA,123812,d8:b1:90:d9:de:f0,-36,11,-99,-37,38,104,-1508975787,277,0,106,0,"[136,19,123,0,77,19,-126,0,82,19,-62,0,119,19,-36,0,152,19,-25,0,164,19,-46,0,-156,19,-50,0,152,19,-54,0,133,19,-71,0,133,19,-90,0,150,19,-121,0,-152,19,-161,0,-124,19,117,0,0,0,0,0,-93,19,-15,19,-80,19,-88,19,-81,19,161,19,-101,19,81,19,-129,19,22,19,-155,19,-3,18,149,19,0,19,120,19,16,19,90,19,54,19,58,19,98,19,51,19,151,19,89,19,-116,19,152,19]"
CSI_DATA,123813,d8:b1:90:d9:de:f0,-37,9,-99,-35,38,104,-1508975306,130,0,106,0,"[8,0,-97,0,30,0,-6,0,68,0,28,1,92,0,23,1,90,0,2,1,77,0,-15,0,46,0,-26,0,14,0,-20,0,-35,18,-20,0,-68,18,-31,0,-84,18,-68,0,-86,18,-118,0,-83,18,134,0,0,0,0,0,-77,18,8,0,-70,18,-68,18,-78,18,-154,18,-77,18,80,18,-77,18,13,18,-73,18,-22,17,-83,18,-30,17,-94,18,-26,17,-114,18,-17,17,-134,18,7,18,-144,18,44,18,-128,18,100,18,-91,18]"
CSI_DATA,123814,d8:b1:90:d9:de:f0,-37,9,-99,-36,39,104,-1508766512,120,0,106,0,"[-96,16,-114,0,-99,16,-24,0,-63,16,26,1,-25,16,29,1,2,0,12,1,7,0,-6,0,3,0,-17,0,-16,16,-17,0,-38,16,-15,0,-46,16,-25,0,-52,16,-58,0,-50,16,-102,0,-52,16,133,0,0,0,0,0,-60,16,20,0,-85,16,-41,16,-123,16,-102,16,123,16,126,16,80,16,87,16,49,16,77,16,26,16,86,16,2,16,114,16,-7,15,-132,16,-5,15,-88,16,5,16,-39,16,59,16,0,0,141,16]"
CSI_DATA,123815,d8:b1:90:d9:de:f0,-38,9,-99,-34,39,104,-1508766354,120,0,106,0,"[-50,15,87,15,-90,15,15,15,-126,15,-7,14,-134,15,-2,14,-126,15,14,15,-108,15,26,15,-76,15,23,15,-32,15,18,15,10,0,16,15,47,0,28,15,66,0,59,15,76,0,106,15,75,0,-110,15,0,0,0,0,63,0,4,0,50,0,73,0,39,0,-121,0,21,0,-55,0,7,0,-3,0,-3,15,29,1,-13,15,38,1,-7,15,39,1,2,0,31,1,19,0,22,1,29,0,-6,0,41,0,-59,0,29,0]"
CSI_DATA,123816,d8:b1:90:d9:de:f0,-38,9,-99,-36,39,104,-1508557630,756,0,106,0,"[135,16,-127,16,56,16,136,16,-1,15,-136,16,-7,15,-108,16,0,16,-89,16,21,16,-75,16,32,16,-90,16,42,16,-111,16,54,16,-135,16,80,16,133,16,112,16,136,16,-133,16,-135,16,-87,16,-113,16,0,0,0,0,17,0,-68,16,80,0,-47,16,-127,0,-31,16,-59,0,-24,16,-4,0,-24,16,26,1,-33,16,33,1,-49,16,26,1,-77,16,13,1,-99,16,-7,0,-125,16,-47,0,-140,16,-112,0,-138,16,106,0]"
CSI_DATA,123817,d8:b1:90:d9:de:f0,-37,9,-99,-37,39,104,-1508557270,98,0,106,0,"[-143,17,145,17,68,17,101,17,9,17,115,17,-3,16,-147,17,2,17,-113,17,32,17,-107,17,34,17,-109,17,46,17,-131,17,63,17,135,17,80,17,118,17,116,17,120,17,146,17,140,17,-99,17,-127,17,0,0,0,0,-8,17,-101,17,68,0,-80,17,145,0,-83,17,-80,0,-87,17,-27,0,-97,17,9,1,-122,17,13,1,-143,17,-5,0,127,17,-32,0,103,17,-68,0,79,17,-120,0,71,17,124,0,110,17,77,0]"
CSI_DATA,123818,d8:b1:90:d9:de:f0,-37,11,-99,-36,39,104,-1508349194,277,0,106,0,"[33,0,-85,0,61,0,-5,0,89,0,23,1,97,0,17,1,85,0,4,1,70,0,-12,0,32,0,-14,0,2,0,-20,0,-50,16,-26,0,-83,16,-47,0,-108,16,-80,0,-106,16,-130,0,-96,16,102,0,0,0,0,0,-74,16,-26,16,-37,16,-87,16,-12,16,124,16,21,0,57,16,46,0,3,16,71,0,-25,15,76,0,-30,15,76,0,-26,15,57,0,-19,15,52,0,-20,15,25,0,8,16,11,0,61,16,4,0]"
CSI_DATA,123819,d8:b1:90:d9:de:f0,-37,9,-99,-34,38,104,-1508348722,98,0,106,0,"[-95,0,51,0,-2,0,52,0,42,1,24,0,46,1,3,0,23,1,-7,17,2,1,1,0,-8,0,22,0,-17,0,59,0,-30,0,110,0,-54,0,139,0,-91,0,139,0,-144,0,136,0,103,0,120,0,0,0,0,0,-17,17,79,0,-85,17,53,0,131,17,30,0,59,17,8,0,2,17,-7,17,-39,16,-17,17,-51,16,-13,17,-46,16,-4,17,-42,16,15,0,-28,16,49,0,9,17,66,0,68,17,66,0,-148,17]"
CSI_DATA,123820,d8:b1:90:d9:de:f0,-37,9,-99,-35,38,104,-1508319669,130,0,106,0,"[-97,18,117,18,146,18,55,18,83,18,40,18,63,18,63,18,67,18,86,18,85,18,105,18,102,18,101,18,123,18,79,18,150,18,57,18,-129,18,52,18,-96,18,68,18,-66,18,102,18,-31,18,152,18,0,0,0,0,47,0,-66,18,103,0,-6,18,-140,0,41,0,-78,0,89,0,-23,0,125,0,9,1,138,0,24,1,124,0,35,1,102,0,31,1,68,0,24,1,33,0,-4,0,-6,18,-72,0,-29,18,155,0]"
CSI_DATA,123821,d8:b1:90:d9:de:f0,-37,9,-99,-37,39,104,-1508319215,113,0,106,0,"[3,0,-88,0,49,0,-3,0,102,0,20,1,138,0,0,1,-138,0,-28,0,145,0,-42,0,135,0,-51,0,122,0,-50,0,99,0,-42,0,78,0,-45,0,61,0,-66,0,39,0,-105,0,11,0,140,0,0,0,0,0,-50,17,50,0,-97,17,4,0,132,17,-39,17,71,17,-70,17,15,17,-91,17,-19,16,-90,17,-31,16,-66,17,-31,16,-27,17,-27,16,8,0,-15,16,54,0,25,17,91,0,85,17,95,0,-124,17]"
CSI_DATA,123822,d8:b1:90:d9:de:f0,-37,9,-99,-35,38,104,-1508309727,108,0,106,0,"[-96,0,23,0,-4,0,20,0,42,1,-6,18,39,1,-17,18,20,1,-17,18,-2,0,-9,18,-9,0,19,0,-14,0,58,0,-29,0,101,0,-56,0,133,0,-101,0,149,0,-150,0,144,0,100,0,123,0,0,0,0,0,-25,18,80,0,-91,18,45,0,132,18,20,0,64,18,-17,18,3,18,-45,18,-28,17,-63,18,-37,17,-63,18,-40,17,-50,18,-31,17,-36,18,-23,17,-20,18,2,18,1,0,62,18,24,0,149,18]"
CSI_DATA,123823,d8:b1:90:d9:de:f0,-35,11,-99,-37,37,104,-1508304554,100,0,114,0,"[-15,-30,-14,-34,-15,-37,-14,-39,-14,-40,-13,-39,-11,-39,-13,-37,-13,-36,-13,-33,-14,-31,-14,-31,-15,-31,-17,-33,-18,-33,-20,-33,-21,-33,-23,-36,-24,-36,-27,-36,-27,-34,-29,-34,-29,-33,-30,-31,-31,-33,-30,-31,-31,-30,-31,-29,0,0,-33,-26,-33,-27,-33,-27,-37,-27,-37,-26,-39,-24,-40,-23,-40,-21,-40,-20,-40,-17,-37,-17,-39,-15,-37,-13,-36,-10,-36,-10,-34,-10,-34,-7,-34,-5,-36,-5,-37,-4,-39,-2,-42,-2,-43,-2,-43,-2,-43,-4,-42,-2,-40,-5,-36,-5]"
CSI_DATA,123824,d8:b1:90:d9:de:f0,-38,9,-99,-37,40,104,-1508139832,407,0,106,0,"[89,15,53,0,19,15,91,0,-6,14,124,0,-2,14,-129,0,13,15,124,0,26,15,101,0,24,15,75,0,20,15,33,0,24,15,-14,15,33,15,-51,15,67,15,-75,15,112,15,-82,15,-100,15,-82,15,0,0,0,0,11,0,-60,15,77,0,-42,15,-117,0,-19,15,-53,0,3,0,-6,0,28,0,26,1,45,0,36,1,54,0,34,1,48,0,30,1,38,0,22,1,20,0,-8,0,5,0,-62,0,-7,15,127,0]"
CSI_DATA,123825,d8:b1:90:d9:de:f0,-38,9,-99,-36,39,104,-1508139605,435,0,106,0,"[-48,16,95,16,-96,16,13,16,-139,16,-7,15,136,16,0,16,-141,16,19,16,-127,16,32,16,-93,16,35,16,-53,16,28,16,-11,16,28,16,31,0,33,16,58,0,65,16,72,0,112,16,72,0,-115,16,0,0,0,0,67,0,-4,16,60,0,70,0,56,0,-135,0,44,0,-60,0,35,0,-2,0,29,0,32,1,32,0,38,1,46,0,37,1,58,0,28,1,76,0,10,1,85,0,-25,0,85,0,-88,0,50,0]"
CSI_DATA,123826,d8:b1:90:d9:de:f0,-37,11,-99,-34,38,104,-1507722495,277,0,106,0,"[45,0,-99,0,102,0,-17,0,-131,0,-1,0,-98,0,-33,0,-86,0,-66,0,-93,0,-96,0,-104,0,-99,0,-118,0,-84,0,-140,0,-68,0,140,0,-70,0,114,0,-85,0,91,0,-112,0,60,0,146,0,0,0,0,0,-33,17,84,0,-87,17,49,0,139,17,28,0,67,17,15,0,5,17,20,0,-29,16,41,0,-30,16,64,0,-24,16,101,0,1,17,137,0,36,17,-134,0,80,17,-111,0,-149,17,-130,0,-90,17]"
CSI_DATA,123827,d8:b1:90:d9:de:f0,-37,9,-99,-36,39,104,-1507722023,113,0,106,0,"[131,0,139,16,-123,0,57,16,-125,0,5,16,134,0,-4,15,121,0,4,16,118,0,29,16,133,0,49,16,-127,0,62,16,-105,0,86,16,-92,0,121,16,-103,0,-129,16,-125,0,-88,16,127,0,-48,16,0,0,0,0,40,0,42,0,-5,16,92,0,-54,16,-132,0,-102,16,-77,0,-135,16,-32,0,134,16,-4,0,134,16,12,1,-130,16,15,1,-112,16,19,1,-77,16,14,1,-47,16,-6,0,-16,16,-57,0,1,0]"
CSI_DATA,123828,d8:b1:90:d9:de:f0,-38,9,-99,-35,39,104,-1507513115,756,0,106,0,"[-111,16,-110,0,129,16,-29,0,134,16,14,1,-128,16,13,1,-124,16,3,1,-124,16,-30,0,133,16,-53,0,100,16,-85,0,70,16,-124,0,55,16,110,0,64,16,74,0,93,16,38,0,135,16,2,0,0,0,0,0,-33,16,-56,16,32,0,-87,16,105,0,-116,16,-100,0,135,16,-41,0,115,16,-6,0,113,16,6,1,110,16,-2,0,109,16,-14,0,105,16,-31,0,95,16,-67,0,101,16,-122,0,133,16,99,0]"
CSI_DATA,123829,d8:b1:90:d9:de:f0,-37,9,-99,-37,39,104,-1507512772,108,0,106,0,"[-91,0,18,0,-2,0,16,0,34,1,-3,17,32,1,-20,17,23,1,-24,17,-2,0,2,0,-11,0,24,0,-17,0,68,0,-39,0,105,0,-64,0,140,0,-106,0,-132,0,139,0,-142,0,83,0,130,0,0,0,0,0,-18,17,93,0,-88,17,56,0,127,17,31,0,61,17,-6,17,11,17,-41,17,-18,16,-54,17,-31,16,-66,17,-28,16,-49,17,-23,16,-38,17,-17,16,-20,17,13,17,-2,17,69,17,4,0,-146,17]"
CSI_DATA,123830,d8:b1:90:d9:de:f0,-37,9,-99,-35,39,104,-1507512636,130,0,106,0,"[-128,16,127,16,70,16,78,16,20,16,78,16,8,16,105,16,19,16,123,16,45,16,124,16,66,16,117,16,91,16,91,16,125,16,62,16,-117,16,57,16,-85,16,67,16,-53,16,100,16,-17,16,137,16,0,0,0,0,52,0,-45,16,90,0,13,0,-138,0,77,0,-91,0,131,0,-55,0,-104,0,-31,0,-77,0,-20,0,-73,0,-13,0,-85,0,-7,0,-113,0,-7,0,135,0,-21,0,99,0,-73,0,65,0,128,0]"
CSI_DATA,123831,d8:b1:90:d9:de:f0,-37,9,-99,-36,38,104,-1507476308,101,0,106,0,"[-109,18,-134,0,-132,18,-44,0,-122,18,10,1,-91,18,20,1,-80,18,1,1,-81,18,-13,0,-103,18,-33,0,-125,18,-42,0,-153,18,-56,0,146,18,-91,0,152,18,-133,0,-153,18,138,0,-124,18,89,0,0,0,0,0,-65,18,-31,18,-23,18,-99,18,5,0,139,18,41,0,67,18,59,0,11,18,71,0,-23,17,60,0,-33,17,39,0,-37,17,17,0,-28,17,-12,18,-21,17,-40,18,12,18,-59,18,71,18,-49,18]"
CSI_DATA,123832,d8:b1:90:d9:de:f0,-41,11,-99,-35,42,104,-1507308854,100,0,228,0,"[6,0,8,-1,12,-1,15,-1,16,0,18,0,20,2,84,34,19,3,18,3,17,3,17,4,16,3,16,3,16,3,16,3,16,2,16,0,16,0,16,0,15,-1,-26,-23,13,-2,12,-3,10,-2,9,-2,7,-3,6,-3,0,0,2,-3,0,-3,-1,-3,-3,-4,-6,-4,-7,-5,-83,11,-13,-6,-14,-6,-16,-8,-16,-9,-17,-9,-17,-10,-17,-10,-16,-10,-16,-11,-15,-12,-15,-13,-13,-13,-13,-13,77,11,-10,-13,-9,-13,-6,-12,-5,-10,-3,-8,-2,-5,-2,-3,-4,10,3,11,10,6,12,-2,6,-9,-1,-9,-6,-3,13,4,0,4,3,1,2,-3,-2,-5,-8,-1,-9,6,-2,12,8,13,17,4,16,-10,6,-20,-11,-20,-23,-6,-6,9,-6,23,10,21,21,6,19,-9,6,-19,-8,-16,0,0,-15,7,-4,15,6,13,13,3,10,-6,1,-10,-16,-13,-7,0,-3,4,1,5,3,0,1,-2,-1,-2,-3,0,0,3,3,3,6,-1,3,-7,-3,-10,-11,-6,-27,-10,-9,15,3,20,17,13,23,0,18,-16,4,-22,-9,-19]"
CSI_DATA,123833,d8:b1:90:d9:de:f0,-38,11,-99,-34,39,104,-1507304696,277,0,106,0,"[-79,0,2,0,-1,0,-20,15,34,1,-58,15,26,1,-79,15,7,1,-85,15,-11,0,-75,15,-11,0,-55,15,-8,0,-28,15,-10,0,8,0,-25,0,38,0,-63,0,51,0,-106,0,59,0,114,0,57,0,0,0,0,0,-1,15,54,0,-73,15,50,0,126,15,54,0,54,15,56,0,2,15,60,0,-32,14,65,0,-39,14,75,0,-37,14,90,0,-20,14,110,0,5,15,129,0,34,15,-130,0,94,15,128,0,-109,15]"
CSI_DATA,123834,d8:b1:90:d9:de:f0,-37,9,-99,-36,39,104,-1507304234,98,0,106,0,"[3,0,85,16,-30,16,2,16,-79,16,-28,15,-107,16,-20,15,-116,16,2,16,-114,16,28,16,-102,16,25,16,-81,16,26,16,-51,16,24,16,-31,16,33,16,-6,16,58,16,7,0,106,16,20,0,-127,16,0,0,0,0,50,0,-19,16,83,0,47,0,122,0,111,0,-122,0,-116,0,-87,0,-74,0,-60,0,-52,0,-40,0,-61,0,-28,0,-86,0,-14,0,-117,0,-1,0,139,0,-16,0,93,0,-65,0,44,0,-139,0]"
CSI_DATA,123835,d8:b1:90:d9:de:f0,-37,9,-99,-35,38,104,-1507244096,130,0,106,0,"[118,18,-88,18,24,18,-100,18,-31,17,-75,18,-36,17,-48,18,-18,17,-28,18,1,18,-26,18,18,18,-44,18,24,18,-70,18,33,18,-102,18,48,18,-129,18,97,18,-143,18,149,18,-128,18,-111,18,-106,18,0,0,0,0,-2,18,-77,18,81,0,-56,18,-146,0,-56,18,-62,0,-45,18,-4,0,-45,18,31,1,-59,18,36,1,-69,18,33,1,-105,18,18,1,-130,18,-9,0,-149,18,-57,0,152,18,-124,0,-154,18,114,0]"
CSI_DATA,123836,d8:b1:90:d9:de:f0,-38,9,-99,-35,39,104,-1507095307,113,0,106,0,"[91,16,-56,16,7,16,-63,16,-33,15,-45,16,-29,15,-26,16,-18,15,-16,16,7,16,-31,16,15,16,-42,16,26,16,-78,16,44,16,-111,16,73,16,-137,16,105,16,133,16,-127,16,-134,16,-77,16,-117,16,0,0,0,0,27,0,-68,16,90,0,-42,16,-121,0,-11,16,-57,0,14,0,-3,0,37,0,25,1,46,0,33,1,45,0,29,1,26,0,25,1,15,0,18,1,-10,16,-10,0,-29,16,-70,0,-37,16,134,0]"
CSI_DATA,123837,d8:b1:90:d9:de:f0,-37,11,-99,-37,39,104,-1506886898,277,0,106,0,"[0,0,93,17,-34,17,2,17,-80,17,-31,16,-114,17,-15,16,-120,17,10,17,-116,17,26,17,-100,17,35,17,-80,17,34,17,-46,17,30,17,-25,17,34,17,-4,17,63,17,8,0,102,17,20,0,-131,17,0,0,0,0,50,0,-17,17,85,0,50,0,116,0,116,0,-138,0,-117,0,-95,0,-68,0,-77,0,-49,0,-62,0,-64,0,-51,0,-73,0,-30,0,-107,0,-18,0,-140,0,-26,0,110,0,-70,0,62,0,-145,0]"
CSI_DATA,123838,d8:b1:90:d9:de:f0,-37,9,-99,-34,38,104,-1506886453,108,0,106,0,"[-105,0,58,0,-4,0,53,0,40,1,10,0,33,1,-30,17,13,1,-53,17,-13,0,-60,17,-20,0,-49,17,-22,0,-28,17,-23,0,7,0,-30,0,26,0,-55,0,38,0,-92,0,42,0,150,0,42,0,0,0,0,0,45,0,78,0,-21,17,96,0,-89,17,142,0,-144,17,-116,0,118,17,-65,0,104,17,-34,0,118,17,-14,0,147,17,-5,0,-118,17,5,1,-76,17,10,1,-27,17,-13,0,4,0,-77,0,14,0]"
CSI_DATA,123839,d8:b1:90:d9:de:f0,-37,9,-99,-36,39,104,-1506677508,113,0,106,0,"[103,16,-63,16,10,16,-63,16,-37,15,-30,16,-34,15,3,0,-16,15,21,0,2,16,12,0,8,16,0,0,15,16,-22,16,21,16,-47,16,41,16,-72,16,74,16,-80,16,116,16,-79,16,-114,16,-75,16,0,0,0,0,4,0,-58,16,72,0,-53,16,-134,0,-59,16,-60,0,-68,16,-5,0,-81,16,28,1,-89,16,28,1,-108,16,14,1,-141,16,-6,0,132,16,-34,0,102,16,-80,0,92,16,-135,0,117,16,87,0]"
CSI_DATA,123840,d8:b1:90:d9:de:f0,-37,9,-99,-33,38,104,-1506677354,120,0,106,0,"[91,17,16,0,6,17,48,0,-32,16,88,0,-17,16,118,0,1,17,131,0,20,17,114,0,21,17,98,0,11,17,81,0,8,17,41,0,16,17,13,0,46,17,-8,17,88,17,-21,17,144,17,-32,17,0,0,0,0,-48,17,-73,17,26,0,-99,17,92,0,-143,17,-142,0,114,17,-99,0,76,17,-70,0,53,17,-71,0,28,17,-90,0,19,17,-121,0,12,17,136,0,4,17,92,0,18,17,58,0,73,17,28,0]"
CSI_DATA,123841,d8:b1:90:d9:de:f0,-38,9,-99,-35,39,104,-1506677206,281,0,106,0,"[-115,0,-105,16,-65,0,105,16,-58,0,52,16,-89,0,31,16,-112,0,33,16,-126,0,47,16,-126,0,63,16,-109,0,75,16,-89,0,94,16,-81,0,121,16,-94,0,-126,16,-118,0,-97,16,128,0,-59,16,0,0,0,0,68,0,35,0,35,0,92,0,8,0,-122,0,-6,16,-56,0,-10,16,0,1,-7,16,29,1,7,0,38,1,30,0,38,1,58,0,21,1,91,0,3,1,111,0,-37,0,110,0,-97,0,79,0]"
CSI_DATA,123842,d8:b1:90:d9:de:f0,-38,9,-99,-33,39,104,-1506677005,130,0,106,0,"[104,15,-87,15,17,15,-93,15,-26,14,-61,15,-29,14,-23,15,-25,14,0,0,3,15,8,0,12,15,1,0,13,15,-13,15,25,15,-44,15,34,15,-61,15,60,15,-69,15,99,15,-63,15,-123,15,-62,15,0,0,0,0,-21,15,-67,15,36,0,-78,15,102,0,-107,15,-103,0,124,15,-67,0,92,15,-46,0,67,15,-48,0,37,15,-77,0,24,15,-113,0,8,15,113,0,2,15,62,0,15,15,25,0,68,15,7,0]"
CSI_DATA,123843,d8:b1:90:d9:de:f0,-37,9,-99,-33,38,104,-1506468618,130,0,106,0,"[93,17,-41,17,8,17,-34,17,-34,16,-11,17,-31,16,16,0,-18,16,20,0,10,17,4,0,16,17,-17,17,24,17,-57,17,42,17,-91,17,66,17,-122,17,105,17,-133,17,-147,17,-121,17,-92,17,-106,17,0,0,0,0,24,0,-55,17,87,0,-18,17,-131,0,13,0,-61,0,47,0,-6,0,68,0,26,1,84,0,40,1,84,0,34,1,66,0,28,1,42,0,23,1,19,0,-6,0,-8,17,-69,0,-20,17,145,0]"
CSI_DATA,123844,d8:b1:90:d9:de:f0,-35,11,-99,-34,36,104,-1506308833,100,0,114,0,"[-10,35,-13,38,-17,38,-19,38,-22,38,-23,37,-23,35,-22,34,-23,32,-22,31,-22,29,-22,29,-22,29,-22,31,-22,32,-23,34,-23,34,-25,35,-26,37,-25,37,-26,38,-28,40,-26,38,-26,38,-25,37,-25,38,-25,35,-25,35,0,0,-26,34,-26,34,-28,37,-26,37,-28,38,-29,38,-28,37,-29,38,-28,37,-26,35,-25,37,-25,35,-22,34,-22,32,-22,31,-20,31,-19,31,-20,31,-20,32,-22,32,-22,34,-23,35,-23,35,-25,37,-26,35,-28,32,-26,29,-26,26]"
CSI_DATA,123845,d8:b1:90:d9:de:f0,-36,11,-99,-33,37,104,-1506260199,277,0,106,0,"[-121,19,-137,0,-154,19,-45,0,-145,19,6,1,-120,19,15,1,-104,19,5,1,-111,19,-24,0,-134,19,-41,0,-160,19,-57,0,137,19,-80,0,112,19,-115,0,116,19,-152,0,139,19,125,0,-154,19,77,0,0,0,0,0,-86,19,-37,19,-42,19,-103,19,-2,19,143,19,34,0,69,19,66,0,12,19,79,0,-22,18,76,0,-33,18,49,0,-36,18,29,0,-28,18,-1,19,-24,18,-28,19,12,19,-37,19,77,19,-32,19]"
CSI_DATA,123846,d8:b1:90:d9:de:f0,-37,9,-99,-34,38,104,-1506259700,98,0,106,0,"[105,0,123,17,128,0,30,17,104,0,-21,16,76,0,-38,16,46,0,-17,16,48,0,-1,16,62,0,13,17,79,0,17,17,105,0,27,17,127,0,40,17,136,0,80,17,123,0,128,17,103,0,-117,17,0,0,0,0,86,0,-8,17,83,0,62,0,98,0,149,0,108,0,-84,0,120,0,-27,0,139,0,5,1,-147,0,5,1,-115,0,-9,0,-91,0,-30,0,-73,0,-61,0,-73,0,-116,0,-97,0,133,0,137,0]"
CSI_DATA,123847,d8:b1:90:d9:de:f0,-37,9,-99,-33,38,104,-1506259568,252,0,106,0,"[-146,17,144,17,76,17,90,17,30,17,80,17,19,17,92,17,45,17,98,17,69,17,95,17,107,17,84,17,-145,17,60,17,-99,17,33,17,-55,17,30,17,-13,17,53,17,16,0,97,17,39,0,-135,17,0,0,0,0,55,0,-6,17,64,0,72,0,68,0,-140,0,60,0,-58,0,54,0,3,1,41,0,38,1,34,0,48,1,35,0,53,1,51,0,38,1,57,0,23,1,65,0,-9,0,66,0,-66,0,42,0]"
CSI_DATA,123848,d8:b1:90:d9:de:f0,-37,9,-99,-34,38,104,-1506259367,224,0,106,0,"[137,17,127,0,85,17,-96,0,90,17,-33,0,124,17,-5,0,-150,17,-15,0,-129,17,-22,0,-134,17,-38,0,-144,17,-46,0,140,17,-55,0,127,17,-72,0,136,17,-112,0,-147,17,-147,0,-122,17,105,0,0,0,0,0,-87,17,-5,17,-80,17,-71,17,-87,17,-149,17,-103,17,83,17,-124,17,24,17,-146,17,-1,16,135,17,4,17,96,17,24,17,68,17,52,17,51,17,91,17,49,17,146,17,85,17,-101,17,-147,17]"
CSI_DATA,123849,d8:b1:90:d9:de:f0,-38,11,-99,-35,39,104,-1505842400,277,0,106,0,"[-89,0,-55,16,-16,0,-106,16,0,1,119,16,-15,0,98,16,-42,0,94,16,-56,0,106,16,-56,0,129,16,-52,0,-129,16,-39,0,-103,16,-39,0,-74,16,-53,0,-49,16,-86,0,-22,16,-134,0,0,0,0,0,0,0,53,0,61,0,0,0,98,0,-57,16,-129,0,-104,16,-82,0,136,16,-32,0,127,16,-8,0,-139,16,1,1,-119,16,10,1,-88,16,14,1,-59,16,20,1,-22,16,-11,0,4,0,-62,0,9,0]"
CSI_DATA,123850,d8:b1:90:d9:de:f0,-37,9,-99,-34,38,104,-1505841946,130,0,106,0,"[99,17,58,0,21,17,118,0,5,17,-121,0,35,17,-86,0,70,17,-79,0,93,17,-89,0,96,17,-102,0,83,17,-118,0,66,17,-142,0,58,17,133,0,82,17,114,0,111,17,85,0,-148,17,52,0,0,0,0,0,-83,17,-38,17,-47,17,-90,17,-15,17,136,17,-3,17,66,17,0,0,8,17,-13,17,-26,16,-36,17,-35,16,-67,17,-30,16,-101,17,-15,16,-144,17,13,17,139,17,62,17,-152,17,125,17,-106,17]"
CSI_DATA,123851,d8:b1:90:d9:de:f0,-38,9,-99,-35,39,104,-1505841812,113,0,106,0,"[-93,0,-68,16,-19,0,-114,16,4,1,126,16,-8,0,116,16,-16,0,126,16,-31,0,-125,16,-29,0,-90,16,-18,0,-50,16,-14,0,-5,16,-26,0,39,0,-62,0,63,0,-107,0,79,0,116,0,85,0,0,0,0,0,3,0,78,0,-73,16,64,0,129,16,55,0,58,16,39,0,5,16,20,0,-29,15,3,0,-40,15,2,0,-38,15,5,0,-29,15,16,0,-16,15,32,0,11,16,41,0,71,16,42,0,-130,16]"
CSI_DATA,123852,d8:b1:90:d9:de:f0,-37,9,-99,-34,38,104,-1505633002,130,0,106,0,"[122,17,-99,17,27,17,-116,17,-28,16,-95,17,-33,16,-68,17,-15,16,-53,17,7,17,-43,17,23,17,-62,17,33,17,-87,17,51,17,-122,17,71,17,-149,17,110,17,148,17,150,17,-146,17,-99,17,-118,17,0,0,0,0,9,0,-87,17,77,0,-65,17,-144,0,-53,17,-70,0,-42,17,-9,0,-38,17,27,1,-42,17,33,1,-58,17,24,1,-82,17,13,1,-106,17,-7,0,-129,17,-49,0,-144,17,-116,0,-131,17,116,0]"
CSI_DATA,123853,d8:b1:90:d9:de:f0,-38,9,-99,-35,39,104,-1505632849,281,0,106,0,"[-130,16,130,16,70,16,90,16,15,16,95,16,0,16,127,16,9,16,-130,16,27,16,-115,16,40,16,-115,16,59,16,-138,16,80,16,114,16,102,16,104,16,134,16,106,16,-110,16,127,16,-69,16,-117,16,0,0,0,0,25,0,-74,16,86,0,-39,16,-121,0,-22,16,-58,0,-8,16,-2,0,-1,16,27,1,-9,16,37,1,-16,16,32,1,-39,16,18,1,-69,16,1,1,-100,16,-38,0,-114,16,-101,0,-115,16,106,0]"
CSI_DATA,123854,d8:b1:90:d9:de:f0,-37,9,-99,-36,38,104,-1505598247,756,0,106,0,"[103,18,8,0,8,18,44,0,-26,17,95,0,-12,17,129,0,10,18,144,0,36,18,133,0,37,18,122,0,30,18,98,0,28,18,61,0,39,18,33,0,67,18,10,0,110,18,0,0,-151,18,-15,18,0,0,0,0,-31,18,-62,18,40,0,-91,18,114,0,-132,18,-142,0,142,18,-94,0,94,18,-71,0,65,18,-76,0,46,18,-104,0,33,18,-137,0,21,18,147,0,6,18,93,0,20,18,45,0,78,18,15,0]"
CSI_DATA,123855,d8:b1:90:d9:de:f0,-37,9,-99,-36,39,104,-1505424111,108,0,106,0,"[-102,16,-109,0,-129,16,-26,0,-113,16,15,1,-100,16,23,1,-89,16,7,1,-93,16,-8,0,-109,16,-31,0,141,16,-51,0,113,16,-72,0,92,16,-117,0,100,16,132,0,130,16,83,0,-126,16,43,0,0,0,0,0,-35,16,-48,16,11,0,-92,16,77,0,141,16,133,0,93,16,-113,0,58,16,-88,0,33,16,-79,0,21,16,-94,0,11,16,-105,0,15,16,-132,0,11,16,120,0,33,16,77,0,69,16,41,0]"
CSI_DATA,123856,d8:b1:90:d9:de:f0,-37,9,-99,-34,38,104,-1505424012,113,0,106,0,"[57,0,-97,0,97,0,-14,0,136,0,14,1,150,0,11,1,144,0,-14,0,125,0,-26,0,99,0,-32,0,51,0,-23,0,8,0,-20,0,-32,17,-28,0,-72,17,-61,0,-80,17,-111,0,-83,17,127,0,0,0,0,0,-83,17,13,0,-83,17,-62,17,-86,17,-149,17,-74,17,78,17,-62,17,16,17,-70,17,-22,16,-58,17,-32,16,-80,17,-32,16,-96,17,-22,16,-105,17,-4,16,-115,17,42,17,-104,17,95,17,-62,17]"
CSI_DATA,123857,d8:b1:90:d9:de:f0,-37,9,-99,-33,38,104,-1505423849,101,0,106,0,"[-123,17,-136,0,138,17,-49,0,144,17,-1,0,-136,17,16,1,-122,17,-9,0,-105,17,-18,0,-122,17,-39,0,-147,17,-56,0,121,17,-87,0,106,17,-115,0,109,17,136,0,137,17,99,0,-124,17,55,0,0,0,0,0,-41,17,-48,17,0,0,-94,17,57,0,136,17,101,0,83,17,130,0,32,17,144,0,0,17,-147,0,-4,16,136,0,-8,16,113,0,-16,16,92,0,-15,16,51,0,12,17,10,0,61,17,-2,17]"
CSI_DATA,123858,d8:b1:90:d9:de:f0,-40,11,-99,-32,41,104,-1505308814,100,0,228,0,"[-5,-3,-8,-3,-11,-5,-13,-7,-15,-9,-15,-11,-16,-12,86,35,-15,-14,-14,-14,-13,-14,-13,-13,-12,-13,-12,-12,-13,-12,-13,-11,-13,-11,-14,-10,-14,-10,-14,-8,-15,-7,-27,-23,-13,-5,-11,-4,-11,-3,-10,-3,-8,-1,-7,0,0,0,-3,1,-2,3,-1,4,0,6,1,8,3,10,22,0,5,14,6,15,7,17,7,18,7,19,7,19,7,19,6,19,5,20,4,19,3,20,2,19,1,19,-7,11,0,18,-1,15,-2,14,-2,11,-1,8,-1,6,0,4,9,-7,2,-13,-7,-12,-12,-3,-11,5,-3,10,3,7,-9,-12,3,-3,-2,-3,-4,1,-1,6,5,7,11,0,10,-8,0,-16,-12,-14,-21,-1,-17,15,-3,23,15,20,11,-3,20,-15,3,-23,-13,-19,-22,-3,-17,11,-3,19,0,0,17,3,13,-10,1,-15,-8,-11,-13,0,-7,7,4,22,7,4,6,-2,1,-5,-3,-3,-3,0,0,3,3,1,3,-2,0,-5,-5,-3,-7,3,-4,9,4,11,15,26,17,-5,10,-17,-3,-23,-18,-15,-25,0,-19,14,-5,20]"
CSI_DATA,123859,d8:b1:90:d9:de:f0,-37,11,-99,-36,39,104,-1505215702,277,0,106,0,"[-117,16,131,16,99,16,79,16,49,16,69,16,40,16,87,16,40,16,104,16,61,16,109,16,80,16,100,16,96,16,83,16,129,16,69,16,-124,16,61,16,-87,16,77,16,-58,16,108,16,-22,16,-136,16,0,0,0,0,52,0,-43,16,95,0,12,0,-138,0,67,0,-90,0,121,0,-48,0,-130,0,-20,0,-108,0,-10,0,-111,0,-2,0,-130,0,-1,0,133,0,1,1,108,0,-13,0,71,0,-67,0,40,0,-141,0]"
CSI_DATA,123860,d8:b1:90:d9:de:f0,-37,9,-99,-35,38,104,-1505215212,98,0,106,0,"[129,0,145,18,-154,0,58,18,138,0,4,18,114,0,-13,17,88,0,-9,17,74,0,12,18,81,0,24,18,105,0,30,18,127,0,47,18,140,0,70,18,145,0,108,18,125,0,152,18,105,0,-110,18,0,0,0,0,79,0,13,0,64,0,77,0,62,0,-150,0,66,0,-79,0,77,0,-18,0,92,0,12,1,112,0,20,1,138,0,3,1,-148,0,-17,0,-123,0,-41,0,-110,0,-90,0,-128,0,-154,0,130,0]"
CSI_DATA,123861,d8:b1:90:d9:de:f0,-37,9,-99,-32,38,104,-1505215089,98,0,106,0,"[-116,16,121,16,85,16,77,16,21,16,83,16,1,16,122,16,7,16,-125,16,25,16,-115,16,40,16,-111,16,61,16,-130,16,76,16,136,16,92,16,124,16,118,16,125,16,-130,16,-140,16,-86,16,-114,16,0,0,0,0,19,0,-65,16,81,0,-44,16,-129,0,-35,16,-58,0,-33,16,1,1,-43,16,29,1,-62,16,31,1,-76,16,20,1,-113,16,-3,0,139,16,-31,0,108,16,-88,0,96,16,135,0,120,16,76,0]"
CSI_DATA,123862,d8:b1:90:d9:de:f0,-36,9,-99,-33,37,104,-1505157496,130,0,106,0,"[-117,0,91,0,-23,0,121,0,28,1,115,0,32,1,111,0,12,1,106,0,-18,0,116,0,-36,0,149,0,-59,0,-145,0,-98,0,-108,0,-149,0,-85,0,126,0,-89,0,77,0,-121,0,25,0,160,0,0,0,0,0,-64,19,54,0,-104,19,-18,19,164,19,-93,19,124,19,156,19,99,19,95,19,82,19,50,19,80,19,40,19,75,19,54,19,73,19,66,19,71,19,73,19,82,19,117,19,119,19,-158,19,-137,19]"
CSI_DATA,123863,d8:b1:90:d9:de:f0,-38,11,-99,-35,39,104,-1504797903,277,0,106,0,"[88,16,23,0,7,16,65,0,-15,15,113,0,-2,15,-128,0,20,16,-128,0,38,16,138,0,50,16,114,0,43,16,89,0,34,16,56,0,34,16,22,0,61,16,0,0,102,16,-9,16,-127,16,-22,16,0,0,0,0,-17,16,-49,16,49,0,-70,16,121,0,-91,16,-95,0,-114,16,-47,0,127,16,-17,0,112,16,-15,0,97,16,-34,0,73,16,-54,0,54,16,-87,0,43,16,-136,0,49,16,93,0,85,16,44,0]"
CSI_DATA,123864,d8:b1:90:d9:de:f0,-37,9,-99,-36,39,104,-1504797458,130,0,106,0,"[84,0,107,16,85,0,16,16,52,0,-34,15,17,0,-37,15,-6,16,-23,15,-5,16,0,16,2,0,8,16,16,0,7,16,37,0,19,16,57,0,39,16,66,0,72,16,67,0,111,16,66,0,-118,16,0,0,0,0,53,0,-2,16,66,0,67,0,86,0,135,0,108,0,-78,0,139,0,-29,0,-126,0,-4,0,-100,0,-10,0,-75,0,-31,0,-53,0,-62,0,-38,0,-96,0,-33,0,138,0,-75,0,86,0,-142,0]"
CSI_DATA,123865,d8:b1:90:d9:de:f0,-37,9,-99,-34,38,104,-1504797296,113,0,106,0,"[-98,0,38,0,-7,0,22,0,39,1,-21,17,30,1,-61,17,13,1,-79,17,-15,0,-78,17,-21,0,-62,17,-16,0,-46,17,-21,0,-20,17,-28,0,5,0,-53,0,29,0,-96,0,35,0,148,0,43,0,0,0,0,0,46,0,77,0,-19,17,98,0,-87,17,146,0,-142,17,-115,0,115,17,-72,0,99,17,-42,0,111,17,-15,0,147,17,-2,0,-120,17,8,1,-83,17,8,1,-29,17,-13,0,-2,17,-76,0,2,0]"
CSI_DATA,123866,d8:b1:90:d9:de:f0,-37,11,-99,-36,39,104,-1504589003,277,0,106,0,"[-97,16,109,16,134,16,46,16,89,16,22,16,81,16,33,16,92,16,59,16,123,16,63,16,-142,16,54,16,-97,16,43,16,-49,16,26,16,-6,16,34,16,20,0,58,16,44,0,104,16,51,0,-130,16,0,0,0,0,66,0,-12,16,60,0,71,0,63,0,-138,0,54,0,-66,0,46,0,-8,0,47,0,35,1,35,0,41,1,41,0,39,1,52,0,25,1,77,0,15,1,81,0,-21,0,75,0,-85,0,50,0]"
CSI_DATA,123867,d8:b1:90:d9:de:f0,-37,9,-99,-34,38,104,-1504588559,98,0,106,0,"[-98,0,-27,17,-11,0,-60,17,26,1,-93,17,17,1,-114,17,4,1,-117,17,-14,0,-95,17,-15,0,-70,17,-5,0,-38,17,-10,0,-3,17,-22,0,34,0,-65,0,66,0,-112,0,71,0,125,0,70,0,0,0,0,0,13,0,77,0,-73,17,71,0,148,17,83,0,66,17,78,0,9,17,82,0,-21,16,79,0,-35,16,87,0,-29,16,105,0,-15,16,122,0,2,17,134,0,39,17,149,0,104,17,131,0,-130,17]"
CSI_DATA,123868,d8:b1:90:d9:de:f0,-37,9,-99,-35,38,104,-1504550371,113,0,106,0,"[-148,18,-156,0,122,18,-70,0,130,18,-12,0,-155,18,1,1,-129,18,-3,0,-118,18,-26,0,-127,18,-35,0,-150,18,-47,0,140,18,-70,0,122,18,-102,0,133,18,-136,0,151,18,135,0,-130,18,83,0,0,0,0,0,-75,18,-33,18,-47,18,-95,18,-17,18,141,18,-2,18,68,18,8,0,3,18,4,0,-34,17,-13,18,-42,17,-33,18,-37,17,-56,18,-26,17,-101,18,-8,17,-123,18,29,18,-124,18,101,18,-95,18]"
CSI_DATA,123869,d8:b1:90:d9:de:f0,-38,9,-99,-36,39,104,-1504379641,98,0,106,0,"[-62,16,-104,0,-57,16,-15,0,-15,16,30,1,23,0,26,1,50,0,15,1,46,0,-10,0,43,0,-23,0,28,0,-15,0,5,0,-20,0,-15,16,-33,0,-23,16,-62,0,-28,16,-103,0,-40,16,133,0,0,0,0,0,-58,16,25,0,-89,16,-34,16,-124,16,-95,16,113,16,136,16,74,16,97,16,43,16,84,16,20,16,97,16,3,16,131,16,-4,15,-121,16,-10,15,-75,16,8,16,-22,16,70,16,6,0,-140,16]"
CSI_DATA,123870,d8:b1:90:d9:de:f0,-37,9,-99,-34,38,104,-1504379509,130,0,106,0,"[-11,17,-96,0,11,0,-8,0,62,0,28,1,97,0,17,1,123,0,0,1,124,0,-27,0,127,0,-32,0,110,0,-21,0,87,0,-24,0,66,0,-30,0,49,0,-54,0,30,0,-101,0,15,0,148,0,0,0,0,0,-52,17,52,0,-104,17,0,0,135,17,-47,17,73,17,-84,17,16,17,-99,17,-23,16,-96,17,-38,16,-77,17,-35,16,-41,17,-30,16,-1,17,-23,16,43,0,7,17,80,0,82,17,99,0,-140,17]"
CSI_DATA,123871,d8:b1:90:d9:de:f0,-37,9,-99,-35,38,104,-1504351780,98,0,106,0,"[99,18,-7,18,8,18,9,0,-39,17,45,0,-31,17,70,0,-15,17,79,0,6,18,56,0,15,18,36,0,11,18,2,0,15,18,-37,18,35,18,-75,18,77,18,-90,18,124,18,-95,18,-123,18,-86,18,0,0,0,0,-7,18,-75,18,75,0,-64,18,-152,0,-66,18,-72,0,-57,18,-8,0,-58,18,28,1,-56,18,42,1,-72,18,34,1,-92,18,22,1,-110,18,-3,0,-135,18,-46,0,-149,18,-111,0,-129,18,128,0]"
CSI_DATA,123872,d8:b1:90:d9:de:f0,-35,11,-99,-36,37,104,-1504309158,100,0,114,0,"[33,7,36,9,39,12,39,14,39,15,39,15,38,14,36,14,35,12,33,11,33,11,35,9,35,8,36,7,36,5,39,4,40,4,42,4,43,2,45,1,43,0,45,-1,45,-2,45,-4,45,-5,42,-5,43,-7,42,-8,0,0,42,-9,40,-9,40,-11,42,-14,42,-14,42,-15,42,-18,42,-18,40,-19,39,-21,36,-21,33,-22,31,-21,29,-22,28,-21,26,-22,25,-22,24,-24,24,-25,24,-28,25,-29,26,-31,26,-33,25,-32,26,-33,26,-32,25,-29,24,-26]"
CSI_DATA,123873,d8:b1:90:d9:de:f0,-37,9,-99,-36,39,104,-1504307088,98,0,106,0,"[-81,0,-14,16,6,1,-41,16,41,1,-71,16,34,1,-81,16,14,1,-77,16,-6,0,-56,16,-8,0,-21,16,-19,0,22,0,-30,0,65,0,-52,0,102,0,-94,0,126,0,-140,0,125,0,90,0,106,0,0,0,0,0,-22,16,63,0,-89,16,24,0,124,16,-8,16,59,16,-56,16,7,16,-89,16,-21,15,-114,16,-23,15,-121,16,-24,15,-111,16,-22,15,-96,16,-16,15,-81,16,11,16,-51,16,68,16,-25,16,-136,16]"
CSI_DATA,123874,d8:b1:90:d9:de:f0,-38,9,-99,-36,39,104,-1504170751,120,0,106,0,"[-104,0,56,0,-20,0,63,0,25,1,43,0,25,1,19,0,13,1,10,0,-10,0,17,0,-15,0,33,0,-20,0,59,0,-38,0,94,0,-59,0,114,0,-96,0,121,0,-141,0,109,0,95,0,102,0,0,0,0,0,-23,16,62,0,-86,16,40,0,129,16,26,0,59,16,12,0,7,16,2,0,-29,15,-2,16,-41,15,2,0,-37,15,19,0,-25,15,46,0,-11,15,66,0,22,16,88,0,85,16,84,0,-129,16]"
CSI_DATA,123875,d8:b1:90:d9:de:f0,-37,9,-99,-34,38,104,-1504170593,120,0,106,0,"[-128,17,144,17,98,17,92,17,41,17,82,17,26,17,104,17,34,17,117,17,52,17,125,17,68,17,117,17,83,17,97,17,110,17,76,17,143,17,64,17,-120,17,80,17,-79,17,112,17,-36,17,-142,17,0,0,0,0,43,0,-59,17,102,0,-7,17,-135,0,39,0,-70,0,85,0,-22,0,123,0,7,1,141,0,19,1,130,0,28,1,111,0,30,1,82,0,24,1,52,0,-3,0,14,0,-58,0,-8,17,-144,0]"
CSI_DATA,123876,d8:b1:90:d9:de:f0,-38,9,-99,-36,39,104,-1504170426,130,0,106,0,"[108,16,86,0,49,16,-136,0,39,16,-89,0,60,16,-71,0,75,16,-70,0,95,16,-78,0,90,16,-94,0,74,16,-112,0,61,16,-139,0,65,16,120,0,76,16,90,0,111,16,59,0,-132,16,33,0,0,0,0,0,-48,16,-50,16,1,0,-96,16,51,0,134,16,92,0,74,16,118,0,24,16,126,0,-3,15,120,0,-16,15,92,0,-22,15,62,0,-19,15,34,0,-17,15,1,0,8,16,-29,16,68,16,-33,16]"
CSI_DATA,123877,d8:b1:90:d9:de:f0,-37,9,-99,-35,38,104,-1504136593,108,0,106,0,"[-101,0,-26,18,-11,0,-50,18,29,1,-81,18,28,1,-92,18,13,1,-95,18,-11,0,-62,18,-9,0,-34,18,-6,0,9,0,-19,0,59,0,-45,0,100,0,-86,0,122,0,-143,0,124,0,106,0,112,0,0,0,0,0,-13,18,75,0,-88,18,41,0,141,18,13,0,63,18,-26,18,11,18,-55,18,-25,17,-83,18,-41,17,-88,18,-39,17,-77,18,-29,17,-62,18,-24,17,-40,18,4,18,-22,18,73,18,-3,18,150,18]"
CSI_DATA,123878,d8:b1:90:d9:de:f0,-36,11,-99,-36,38,104,-1503962305,277,0,106,0,"[-52,18,103,18,-96,18,18,18,-154,18,-6,17,147,18,5,18,142,18,21,18,147,18,41,18,-159,18,47,18,-142,18,36,18,-105,18,16,18,-74,18,27,18,-52,18,57,18,-17,18,105,18,11,0,-152,18,0,0,0,0,62,0,-45,18,112,0,25,0,-156,0,88,0,-105,0,144,0,-59,0,-130,0,-33,0,-105,0,-11,0,-120,0,-1,0,-135,0,6,1,154,0,11,1,114,0,-11,0,70,0,-62,0,27,0,-149,0]"
CSI_DATA,123879,d8:b1:90:d9:de:f0,-37,9,-99,-34,38,104,-1503961824,98,0,106,0,"[36,0,97,17,14,0,-3,16,-38,17,-39,16,-78,17,-34,16,-101,17,-5,16,-103,17,9,17,-93,17,23,17,-80,17,19,17,-60,17,14,17,-39,17,20,17,-19,17,53,17,-4,17,99,17,8,0,-148,17,0,0,0,0,55,0,-52,17,96,0,9,0,-142,0,65,0,-90,0,114,0,-36,0,139,0,2,1,144,0,24,1,117,0,40,1,86,0,41,1,38,0,26,1,-10,17,-15,0,-52,17,-72,0,-72,17,140,0]"
CSI_DATA,123880,d8:b1:90:d9:de:f0,-37,9,-99,-36,39,104,-1503752943,214,0,106,0,"[-83,16,104,16,141,16,39,16,94,16,26,16,69,16,47,16,74,16,74,16,97,16,74,16,113,16,75,16,142,16,66,16,-107,16,53,16,-77,16,48,16,-50,16,67,16,-28,16,102,16,0,0,-135,16,0,0,0,0,57,0,-38,16,84,0,28,0,132,0,89,0,-114,0,-142,0,-79,0,-93,0,-56,0,-68,0,-43,0,-69,0,-38,0,-83,0,-21,0,-112,0,-12,0,142,0,-32,0,96,0,-79,0,68,0,130,0]"
CSI_DATA,123881,d8:b1:90:d9:de:f0,-38,9,-99,-35,39,104,-1503752780,214,0,106,0,"[80,0,100,16,95,0,17,16,80,0,-23,15,55,0,-30,15,35,0,-19,15,33,0,2,16,42,0,16,16,75,0,27,16,106,0,42,16,125,0,61,16,134,0,100,16,123,0,137,16,104,0,-95,16,0,0,0,0,74,0,19,0,57,0,75,0,41,0,-129,0,30,0,-62,0,34,0,-3,0,41,0,25,1,41,0,38,1,61,0,33,1,89,0,19,1,105,0,-3,0,125,0,-40,0,117,0,-104,0,79,0]"
CSI_DATA,123882,d8:b1:90:d9:de:f0,-37,9,-99,-34,38,104,-1503752644,214,0,106,0,"[129,17,109,0,66,17,-131,0,59,17,-83,0,74,17,-59,0,96,17,-57,0,98,17,-80,0,91,17,-96,0,74,17,-106,0,65,17,-137,0,55,17,131,0,72,17,97,0,109,17,62,0,-152,17,23,0,0,0,0,0,-70,17,-51,17,-16,17,-103,17,33,0,131,17,72,0,74,17,103,0,27,17,116,0,-7,16,111,0,-22,16,78,0,-26,16,59,0,-22,16,19,0,-16,16,-14,17,9,17,-26,17,67,17,-27,17]"
CSI_DATA,123883,d8:b1:90:d9:de:f0,-37,9,-99,-36,39,104,-1503752508,214,0,106,0,"[-97,0,54,0,-10,0,42,0,39,1,4,0,33,1,-32,16,19,1,-46,16,-2,0,-52,16,-14,0,-35,16,-13,0,-23,16,-10,0,4,0,-28,0,24,0,-61,0,37,0,-112,0,40,0,126,0,40,0,0,0,0,0,14,0,57,0,-56,16,74,0,-129,16,100,0,92,16,132,0,47,16,-121,0,24,16,-96,0,32,16,-70,0,47,16,-47,0,80,16,-29,0,120,16,-22,0,-117,16,-29,0,-65,16,-68,0,-25,16]"
CSI_DATA,123884,d8:b1:90:d9:de:f0,-38,9,-99,-34,39,104,-1503752327,214,0,106,0,"[-108,15,-115,0,124,15,-42,0,118,15,-5,0,120,15,-1,0,123,15,-19,0,119,15,-38,0,102,15,-65,0,72,15,-101,0,49,15,130,0,42,15,92,0,59,15,44,0,98,15,14,0,-124,15,-10,15,0,0,0,0,-9,15,-57,15,57,0,-66,15,134,0,-78,15,-65,0,-78,15,-6,0,-77,15,25,1,-78,15,36,1,-62,15,36,1,-63,15,31,1,-76,15,19,1,-78,15,-13,0,-81,15,-66,0,-81,15,129,0]"
CSI_DATA,123885,d8:b1:90:d9:de:f0,-37,9,-99,-32,38,104,-1503752146,214,0,106,0,"[121,0,130,16,-124,0,52,16,-124,0,11,16,-136,0,2,16,-136,0,16,16,-132,0,46,16,-111,0,72,16,-84,0,96,16,-54,0,134,16,-51,0,-107,16,-72,0,-70,16,-106,0,-31,16,135,0,2,0,0,0,0,0,17,0,57,0,-51,16,77,0,-129,16,99,0,89,16,121,0,28,16,130,0,-8,15,125,0,-22,15,131,0,-16,15,135,0,-10,15,142,0,11,16,-135,0,47,16,-134,0,98,16,132,0,-117,16]"
CSI_DATA,123886,d8:b1:90:d9:de:f0,-37,9,-99,-34,38,104,-1503751992,214,0,106,0,"[90,0,111,17,118,0,24,17,112,0,-20,16,103,0,-22,16,101,0,-7,16,105,0,16,17,127,0,43,17,-141,0,74,17,-97,0,111,17,-77,0,148,17,-77,0,-111,17,-102,0,-66,17,-146,0,-24,17,0,0,0,0,61,0,59,0,-3,17,99,0,-73,17,150,0,-142,17,-114,0,98,17,-80,0,66,17,-65,0,57,17,-68,0,65,17,-64,0,73,17,-62,0,90,17,-55,0,123,17,-79,0,-131,17,-117,0,-87,17]"
CSI_DATA,123887,d8:b1:90:d9:de:f0,-37,9,-99,-36,39,104,-1503544061,756,0,106,0,"[89,16,47,0,14,16,84,0,-15,15,114,0,-10,15,126,0,0,16,124,0,13,16,95,0,15,16,67,0,11,16,20,0,13,16,-30,16,33,16,-68,16,74,16,-87,16,126,16,-89,16,-108,16,-88,16,0,0,0,0,19,0,-54,16,83,0,-23,16,-123,0,6,0,-57,0,44,0,-8,0,67,0,28,1,93,0,43,1,103,0,42,1,102,0,33,1,85,0,24,1,61,0,-4,0,38,0,-62,0,21,0,142,0]"
CSI_DATA,123888,d8:b1:90:d9:de:f0,-36,9,-99,-36,38,104,-1503524372,130,0,106,0,"[156,0,-154,18,-123,0,75,18,-138,0,11,18,147,0,-13,17,113,0,-2,17,99,0,12,18,101,0,27,18,117,0,32,18,138,0,42,18,149,0,59,18,149,0,96,18,133,0,142,18,113,0,-129,18,0,0,0,0,93,0,-8,18,85,0,64,0,110,0,146,0,129,0,-100,0,156,0,-46,0,-134,0,-16,0,-108,0,-22,0,-75,0,-46,0,-45,0,-86,0,-33,0,-130,0,-41,0,132,0,-86,0,76,0,157,0]"
CSI_DATA,123889,d8:b1:90:d9:de:f0,-37,9,-99,-34,38,104,-1503523930,113,0,106,0,"[-131,17,-136,0,127,17,-60,0,121,17,-16,0,135,17,-2,0,144,17,-16,0,147,17,-40,0,130,17,-61,0,101,17,-83,0,71,17,-120,0,62,17,148,0,67,17,97,0,102,17,60,0,146,17,26,0,0,0,0,0,-62,17,-62,17,-4,17,-104,17,61,0,142,17,128,0,97,17,-131,0,57,17,-102,0,36,17,-91,0,27,17,-106,0,21,17,-125,0,14,17,-142,0,15,17,127,0,35,17,84,0,80,17,53,0]"
CSI_DATA,123890,d8:b1:90:d9:de:f0,-36,9,-99,-37,38,104,-1503476121,101,0,106,0,"[-130,0,-98,19,-58,0,-165,19,-49,0,98,19,-75,0,71,19,-103,0,68,19,-134,0,76,19,-129,0,81,19,-112,0,94,19,-98,0,111,19,-95,0,137,19,-110,0,-158,19,-145,0,-124,19,151,0,-80,19,0,0,0,0,89,0,29,0,62,0,94,0,45,0,-151,0,36,0,-76,0,44,0,-15,0,63,0,23,1,88,0,28,1,123,0,16,1,155,0,-6,0,-143,0,-37,0,-121,0,-86,0,-136,0,164,0,133,0]"
CSI_DATA,123891,d8:b1:90:d9:de:f0,-36,9,-99,-36,38,104,-1503448424,130,0,106,0,"[156,0,157,0,-81,0,-119,0,-22,0,-115,0,-16,0,-142,0,-21,0,-153,0,-49,0,-157,0,-65,0,-148,0,-84,0,-119,0,-123,0,-93,0,158,0,-83,0,127,0,-99,0,86,0,-127,0,40,0,146,0,0,0,0,0,-49,18,52,0,-98,18,-13,18,-159,18,-78,18,105,18,-139,18,55,18,138,18,31,18,109,18,13,18,117,18,15,18,125,18,12,18,152,18,2,18,-133,18,20,18,-96,18,74,18,-57,18,158,18]"
CSI_DATA,123892,d8:b1:90:d9:de:f0,-37,9,-99,-35,38,104,-1503406230,98,0,106,0,"[-34,18,-101,0,-29,18,-7,0,-8,18,37,1,12,0,37,1,11,0,17,1,7,0,-4,0,-19,18,-18,0,-58,18,-23,0,-103,18,-39,0,-134,18,-64,0,-152,18,-106,0,-141,18,152,0,-122,18,102,0,0,0,0,0,-88,18,-20,18,-56,18,-81,18,-25,18,144,18,3,0,73,18,26,0,14,18,35,0,-28,17,39,0,-35,17,25,0,-36,17,2,0,-34,17,-12,18,-22,17,-33,18,18,18,-47,18,80,18,-28,18]"
CSI_DATA,123893,d8:b1:90:d9:de:f0,-37,9,-99,-33,38,104,-1503406017,98,0,106,0,"[-131,0,-124,17,-77,0,97,17,-75,0,47,17,-94,0,26,17,-118,0,34,17,-123,0,49,17,-118,0,65,17,-95,0,90,17,-72,0,117,17,-70,0,-146,17,-85,0,-108,17,-121,0,-76,17,132,0,-38,17,0,0,0,0,36,0,48,0,-15,17,91,0,-76,17,-143,0,-123,17,-90,0,140,17,-41,0,120,17,-12,0,116,17,1,1,137,17,10,1,-130,17,18,1,-94,17,16,1,-56,17,-8,0,-19,17,-55,0,2,0]"
CSI_DATA,123894,d8:b1:90:d9:de:f0,-40,11,-99,-31,40,104,-1503308884,100,0,228,0,"[0,-6,-1,-10,-1,-13,0,-16,0,-19,1,-20,2,-21,94,38,5,-21,6,-20,6,-19,6,-19,6,-19,6,-18,6,-18,5,-19,4,-19,3,-19,3,-18,1,-18,0,-17,-29,-25,0,-16,0,-13,0,-12,-1,-10,-1,-9,-1,-7,0,0,-3,-4,-4,-1,-5,0,-6,1,-7,4,-9,6,-96,12,-12,10,-13,11,-15,12,-16,12,-18,13,-18,13,-19,12,-19,12,-19,11,-19,9,-19,8,-20,7,-20,5,-2,12,-19,2,-17,1,-15,0,-12,0,-10,0,-6,0,-4,0,12,4,13,-5,6,-12,-3,-13,-11,-6,-11,2,-4,7,6,-15,4,0,1,-4,-4,-4,-6,1,-3,8,4,11,12,6,15,-6,7,-18,-8,-20,-21,-10,-25,7,-12,24,7,9,23,13,25,-6,13,-21,-5,-24,-19,-12,-21,4,0,0,3,19,14,9,16,-3,7,-12,-3,-13,-11,-5,-20,12,-3,8,4,6,6,0,2,-4,-1,-3,-3,0,0,3,4,2,6,-2,1,-6,-5,-7,-11,-1,-11,8,-24,20,9,17,21,7,23,-8,12,-22,-3,-26,-18,-17,-22,-2]"
CSI_DATA,123895,d8:b1:90:d9:de:f0,-37,11,-99,-36,39,104,-1503126707,277,0,106,0,"[-121,16,125,16,87,16,74,16,30,16,80,16,15,16,105,16,26,16,124,16,37,16,-143,16,59,16,134,16,76,16,118,16,104,16,96,16,130,16,87,16,-122,16,94,16,-89,16,120,16,-49,16,-131,16,0,0,0,0,38,0,-61,16,89,0,-14,16,-132,0,26,0,-68,0,61,0,-13,0,83,0,20,1,90,0,32,1,78,0,37,1,56,0,35,1,21,0,24,1,-5,16,-12,0,-42,16,-72,0,-63,16,129,0]"
CSI_DATA,123896,d8:b1:90:d9:de:f0,-37,9,-99,-34,38,104,-1503126217,98,0,106,0,"[-142,0,-129,17,-90,0,92,17,-97,0,32,17,-128,0,1,17,142,0,5,17,129,0,23,17,129,0,33,17,149,0,36,17,-137,0,55,17,-133,0,71,17,-144,0,116,17,137,0,-148,17,115,0,-101,17,0,0,0,0,80,0,13,0,58,0,80,0,64,0,-141,0,66,0,-76,0,79,0,-17,0,102,0,19,1,123,0,28,1,-143,0,13,1,-109,0,-16,0,-84,0,-51,0,-73,0,-104,0,-102,0,136,0,142,0]"
CSI_DATA,123897,d8:b1:90:d9:de:f0,-36,9,-99,-33,37,104,-1503107452,113,0,106,0,"[-99,0,-2,19,-9,0,-22,19,29,1,-53,19,29,1,-63,19,22,1,-63,19,-5,0,-66,19,-6,0,-40,19,6,1,6,0,-6,0,40,0,-32,0,77,0,-76,0,99,0,-137,0,102,0,130,0,94,0,0,0,0,0,-6,19,84,0,-84,19,75,0,150,19,66,0,69,19,53,0,15,19,51,0,-32,18,51,0,-57,18,51,0,-42,18,75,0,-28,18,89,0,-14,18,103,0,20,19,119,0,97,19,128,0,-158,19]"
CSI_DATA,123898,d8:b1:90:d9:de:f0,-37,9,-99,-36,39,104,-1502917309,98,0,106,0,"[-48,16,-87,0,-38,16,0,1,-6,16,43,1,19,0,41,1,30,0,23,1,21,0,-2,0,-2,16,-11,0,-34,16,-14,0,-67,16,-25,0,-96,16,-49,0,-105,16,-88,0,-103,16,-132,0,-89,16,104,0,0,0,0,0,-56,16,-15,16,-30,16,-81,16,-10,16,129,16,10,0,56,16,16,0,0,16,19,0,-39,15,15,0,-50,15,-6,16,-56,15,-28,16,-39,15,-59,16,-19,15,-78,16,12,16,-83,16,79,16,-60,16]"
CSI_DATA,123899,d8:b1:90:d9:de:f0,-37,11,-99,-34,38,104,-1502708908,277,0,106,0,"[-95,0,1,0,-14,0,-10,17,30,1,-39,17,28,1,-61,17,7,1,-68,17,-7,0,-49,17,-9,0,-28,17,-11,0,1,0,-8,0,42,0,-33,0,87,0,-73,0,97,0,-129,0,98,0,121,0,93,0,0,0,0,0,10,0,84,0,-72,17,72,0,144,17,70,0,71,17,60,0,19,17,53,0,-26,16,48,0,-36,16,53,0,-38,16,71,0,-20,16,82,0,0,17,114,0,42,17,122,0,99,17,110,0,-128,17]"
CSI_DATA,123900,d8:b1:90:d9:de:f0,-37,9,-99,-36,39,104,-1502708445,224,0,106,0,"[4,0,85,16,-35,16,-4,15,-89,16,-31,15,-122,16,-17,15,-135,16,5,16,-131,16,23,16,-113,16,37,16,-90,16,35,16,-62,16,26,16,-39,16,33,16,-17,16,61,16,-3,16,103,16,13,0,-130,16,0,0,0,0,47,0,-22,16,83,0,41,0,121,0,105,0,-122,0,-125,0,-80,0,-83,0,-53,0,-65,0,-33,0,-72,0,-12,0,-95,0,2,1,-130,0,5,1,112,0,-13,0,65,0,-61,0,24,0,140,0]"
CSI_DATA,123901,d8:b1:90:d9:de:f0,-37,9,-99,-34,38,104,-1502708256,130,0,106,0,"[115,17,92,0,42,17,-141,0,33,17,-83,0,61,17,-58,0,90,17,-55,0,102,17,-64,0,105,17,-79,0,96,17,-96,0,78,17,-121,0,71,17,-149,0,92,17,128,0,123,17,96,0,-136,17,53,0,0,0,0,0,-71,17,-43,17,-26,17,-97,17,8,0,131,17,34,0,65,17,43,0,5,17,42,0,-26,16,21,0,-39,16,-3,17,-36,16,-38,17,-30,16,-79,17,-16,16,-110,17,23,17,-116,17,89,17,-87,17]"
CSI_DATA,123902,d8:b1:90:d9:de:f0,-38,9,-99,-36,39,104,-1502708085,108,0,106,0,"[-103,16,118,16,126,16,50,16,87,16,29,16,76,16,40,16,90,16,49,16,122,16,57,16,-127,16,49,16,-88,16,33,16,-41,16,29,16,7,0,37,16,41,0,66,16,61,0,112,16,68,0,-120,16,0,0,0,0,65,0,0,0,53,0,76,0,39,0,-134,0,17,0,-58,0,-4,16,-1,0,-25,16,32,1,-28,16,42,1,-23,16,38,1,-14,16,30,1,2,0,20,1,20,0,-12,0,21,0,-76,0,13,0]"
CSI_DATA,123903,d8:b1:90:d9:de:f0,-35,11,-99,-34,36,104,-1502308853,100,0,114,0,"[-34,14,-38,13,-41,10,-43,7,-44,5,-44,2,-41,0,-41,-1,-40,-1,-38,-2,-37,-2,-37,-4,-38,-5,-37,-5,-38,-5,-38,-5,-40,-7,-43,-8,-44,-10,-46,-10,-46,-11,-47,-11,-44,-11,-44,-11,-43,-14,-41,-16,-40,-14,-40,-14,0,0,-41,-17,-38,-19,-40,-20,-41,-20,-41,-22,-41,-23,-41,-23,-41,-23,-40,-23,-38,-23,-37,-25,-35,-23,-34,-22,-31,-20,-31,-22,-31,-20,-29,-20,-29,-20,-31,-22,-31,-23,-31,-25,-32,-26,-32,-29,-31,-31,-28,-32,-25,-32,-22,-34,-17,-31]"
CSI_DATA,123904,d8:b1:90:d9:de:f0,-36,11,-99,-33,37,104,-1502291109,277,0,106,0,"[146,19,-136,19,59,19,156,19,0,19,156,19,-6,18,-158,19,10,19,-147,19,31,19,-138,19,49,19,-161,19,71,19,141,19,104,19,112,19,147,19,91,19,-141,19,98,19,-94,19,132,19,-47,19,-155,19,0,0,0,0,51,0,-66,19,106,0,-2,19,-158,0,60,0,-95,0,124,0,-47,0,164,0,-18,0,-137,0,-7,0,-139,0,-3,0,-155,0,1,1,155,0,3,1,134,0,-22,0,90,0,-76,0,47,0,-164,0]"
CSI_DATA,123905,d8:b1:90:d9:de:f0,-37,9,-99,-34,38,104,-1502290655,98,0,106,0,"[16,0,-95,0,48,0,-5,0,92,0,29,1,118,0,17,1,134,0,-1,0,118,0,-20,0,108,0,-27,0,82,0,-14,0,45,0,-8,0,21,0,-20,0,-2,17,-54,0,-17,17,-97,0,-32,17,146,0,0,0,0,0,-62,17,33,0,-99,17,-45,17,-133,17,-106,17,133,17,128,17,102,17,77,17,77,17,54,17,59,17,51,17,46,17,60,17,34,17,95,17,21,17,137,17,26,17,-125,17,73,17,-80,17,150,17]"
CSI_DATA,123906,d8:b1:90:d9:de:f0,-38,9,-99,-36,39,104,-1502081756,98,0,106,0,"[97,16,-51,16,10,16,-54,16,-41,15,-41,16,-33,15,-20,16,-15,15,-21,16,10,16,-32,16,26,16,-60,16,41,16,-99,16,59,16,-141,16,94,16,124,16,140,16,116,16,-106,16,131,16,-59,16,-131,16,0,0,0,0,42,0,-51,16,93,0,-1,16,-140,0,48,0,-83,0,105,0,-43,0,-134,0,-22,0,-107,0,-17,0,-97,0,-8,0,-103,0,-12,0,-126,0,-17,0,139,0,-32,0,109,0,-85,0,75,0,122,0]"
CSI_DATA,123907,d8:b1:90:d9:de:f0,-38,11,-99,-36,39,104,-1501873310,277,0,106,0,"[-136,16,138,0,102,16,-83,0,94,16,-31,0,103,16,-24,0,118,16,-37,0,125,16,-53,0,109,16,-76,0,84,16,-105,0,60,16,-139,0,57,16,108,0,70,16,69,0,108,16,38,0,-139,16,5,0,0,0,0,0,-33,16,-57,16,29,0,-88,16,102,0,-124,16,-117,0,135,16,-69,0,108,16,-37,0,93,16,-24,0,92,16,-35,0,80,16,-50,0,69,16,-72,0,65,16,-111,0,74,16,121,0,106,16,72,0]"
CSI_DATA,123908,d8:b1:90:d9:de:f0,-37,9,-99,-34,38,104,-1501872830,130,0,106,0,"[104,17,67,0,30,17,122,0,2,17,-129,0,23,17,-103,0,43,17,-101,0,59,17,-125,0,53,17,-143,0,45,17,135,0,30,17,101,0,34,17,66,0,55,17,35,0,99,17,9,0,-148,17,-10,17,0,0,0,0,-43,17,-65,17,29,0,-92,17,97,0,-140,17,-137,0,123,17,-86,0,89,17,-57,0,67,17,-64,0,48,17,-82,0,34,17,-109,0,24,17,-141,0,11,17,115,0,29,17,73,0,83,17,39,0]"
CSI_DATA,123909,d8:b1:90:d9:de:f0,-37,11,-99,-33,38,104,-1501455512,277,0,106,0,"[97,0,112,17,127,0,32,17,130,0,-13,16,116,0,-24,16,107,0,-9,16,117,0,10,17,137,0,38,17,-127,0,56,17,-93,0,85,17,-71,0,122,17,-81,0,-125,17,-110,0,-80,17,-146,0,-41,17,0,0,0,0,65,0,55,0,10,0,102,0,-51,17,-137,0,-106,17,-87,0,133,17,-49,0,107,17,-25,0,97,17,-17,0,103,17,-13,0,116,17,-4,0,146,17,-6,0,-112,17,-30,0,-81,17,-76,0,-50,17]"
CSI_DATA,123910,d8:b1:90:d9:de:f0,-37,9,-99,-36,39,104,-1501455049,101,0,106,0,"[98,16,-60,16,7,16,-53,16,-42,15,-21,16,-41,15,14,0,-20,15,29,0,-1,15,26,0,11,16,13,0,16,16,-14,16,24,16,-47,16,39,16,-69,16,76,16,-80,16,121,16,-74,16,-115,16,-68,16,0,0,0,0,4,0,-53,16,71,0,-46,16,-134,0,-52,16,-62,0,-56,16,-4,0,-69,16,29,1,-80,16,33,1,-93,16,24,1,-116,16,3,1,140,16,-22,0,116,16,-71,0,106,16,-134,0,123,16,85,0]"
CSI_DATA,123911,d8:b1:90:d9:de:f0,-37,9,-99,-36,38,104,-1501408990,98,0,106,0,"[-10,18,107,18,-18,18,21,18,-45,18,-25,17,-52,18,-25,17,-49,18,-13,17,-41,18,5,18,-8,18,11,18,35,0,13,18,76,0,23,18,112,0,54,18,128,0,101,18,123,0,157,18,108,0,-105,18,0,0,0,0,64,0,26,0,26,0,95,0,-13,18,-143,0,-59,18,-71,0,-90,18,-20,0,-108,18,11,1,-122,18,22,1,-112,18,25,1,-95,18,16,1,-79,18,12,1,-54,18,-11,0,-18,18,-67,0,-3,18]"
CSI_DATA,123912,d8:b1:90:d9:de:f0,-36,9,-99,-33,37,104,-1501383391,252,0,106,0,"[-155,0,143,0,-59,0,-158,0,9,1,146,0,22,1,104,0,11,1,75,0,-3,0,51,0,-16,0,58,0,-22,0,71,0,-25,0,93,0,-41,0,111,0,-84,0,114,0,-133,0,101,0,141,0,85,0,0,0,0,0,25,0,89,0,-51,19,101,0,-130,19,134,0,134,19,-164,0,91,19,-125,0,64,19,-82,0,76,19,-55,0,108,19,-31,0,152,19,-10,0,-125,19,-1,0,-72,19,-24,0,-20,19,-81,0,1,0]"
CSI_DATA,123913,d8:b1:90:d9:de:f0,-36,9,-99,-36,38,104,-1501354614,108,0,106,0,"[-3,18,-105,0,5,0,-12,0,28,0,35,1,42,0,31,1,44,0,16,1,27,0,-5,0,1,0,-8,0,-36,18,-10,0,-83,18,-28,0,-114,18,-59,0,-124,18,-99,0,-122,18,-149,0,-105,18,109,0,0,0,0,0,-64,18,-30,18,-26,18,-98,18,6,0,144,18,42,0,71,18,71,0,6,18,93,0,-22,17,98,0,-27,17,90,0,-25,17,75,0,-21,17,50,0,-23,17,26,0,5,18,2,0,69,18,-8,18]"
CSI_DATA,123914,d8:b1:90:d9:de:f0,-40,11,-99,-34,41,104,-1501309204,100,0,228,0,"[-6,-1,-10,-1,-13,-1,-16,-2,-19,-3,-20,-4,-21,-5,91,37,-21,-5,-20,-5,-19,-5,-19,-5,-19,-5,-18,-4,-18,-3,-18,-1,-18,0,-18,0,-18,2,-18,3,-17,4,-28,-25,-14,5,-12,6,-11,6,-9,5,-7,5,-5,6,0,0,-1,5,0,5,3,4,5,4,8,3,10,3,-99,0,15,2,17,1,19,1,20,0,21,0,21,0,22,0,22,0,21,0,21,1,21,2,21,2,20,3,12,0,18,4,16,4,14,4,11,4,9,3,6,1,4,0,7,-10,-2,-14,-10,-9,-14,1,-8,10,0,11,8,5,-14,-7,0,-5,-4,-1,-3,3,1,6,9,3,10,-5,3,-14,-9,-14,-19,-4,-18,11,-5,23,14,21,26,5,5,-10,4,-26,-15,-21,-25,-3,-18,14,-1,22,14,15,0,0,13,-12,0,-17,-12,-10,-15,2,-7,11,4,11,23,6,8,-5,0,-8,-5,-4,-5,1,0,5,3,2,3,-2,-1,-4,-5,0,-5,5,0,9,8,6,14,-1,29,-9,-2,-19,-16,-15,-24,0,-18,17,-3,26,13,21,21,7]"
CSI_DATA,123915,d8:b1:90:d9:de:f0,-37,9,-99,-33,38,104,-1501037223,130,0,106,0,"[118,17,-108,17,33,17,-137,17,-16,16,-128,17,-23,16,-112,17,-10,16,-97,17,6,17,-90,17,16,17,-103,17,32,17,-130,17,53,17,132,17,86,17,113,17,122,17,115,17,-130,17,138,17,-83,17,-129,17,0,0,0,0,32,0,-79,17,93,0,-49,17,-129,0,-18,17,-60,0,9,0,-3,0,24,0,33,1,31,0,45,1,24,0,42,1,10,0,34,1,-12,17,26,1,-43,17,-13,0,-66,17,-72,0,-75,17,143,0]"
CSI_DATA,123916,d8:b1:90:d9:de:f0,-37,9,-99,-33,38,104,-1501037070,113,0,106,0,"[-98,17,120,17,120,17,65,17,58,17,62,17,43,17,88,17,41,17,112,17,63,17,125,17,76,17,124,17,87,17,105,17,109,17,83,17,142,17,86,17,-124,17,97,17,-92,17,130,17,-57,17,-130,17,0,0,0,0,36,0,-43,17,92,0,2,0,-138,0,41,0,-69,0,81,0,-17,0,100,0,19,1,103,0,36,1,92,0,42,1,63,0,30,1,30,0,19,1,-12,17,-9,0,-49,17,-79,0,-63,17,132,0]"
CSI_DATA,123917,d8:b1:90:d9:de:f0,-36,9,-99,-36,38,104,-1501011183,98,0,106,0,"[128,18,-112,18,32,18,-133,18,-21,17,-104,18,-27,17,-79,18,-20,17,-60,18,1,18,-47,18,5,18,-57,18,8,18,-79,18,28,18,-109,18,50,18,-132,18,85,18,-128,18,138,18,-123,18,-122,18,-104,18,0,0,0,0,-5,18,-93,18,70,0,-86,18,156,0,-95,18,-90,0,-109,18,-28,0,-124,18,1,1,-144,18,0,1,156,18,-16,0,142,18,-33,0,115,18,-70,0,79,18,-115,0,81,18,140,0,109,18,79,0]"
CSI_DATA,123918,d8:b1:90:d9:de:f0,-37,11,-99,-36,39,104,-1500828813,277,0,106,0,"[-95,0,26,0,-10,0,7,0,29,1,-34,16,29,1,-63,16,4,1,-72,16,-13,0,-76,16,-14,0,-62,16,-12,0,-44,16,-15,0,-17,16,-24,0,5,0,-62,0,17,0,-107,0,30,0,127,0,38,0,0,0,0,0,17,0,59,0,-44,16,85,0,-111,16,114,0,114,16,-140,0,69,16,-111,0,44,16,-86,0,48,16,-68,0,74,16,-48,0,92,16,-29,0,130,16,-20,0,-113,16,-30,0,-58,16,-69,0,-23,16]"
CSI_DATA,123919,d8:b1:90:d9:de:f0,-37,9,-99,-34,38,104,-1500828359,311,0,106,0,"[-95,17,-110,0,-131,17,-27,0,-135,17,16,1,-128,17,16,1,-125,17,3,1,-134,17,-23,0,147,17,-47,0,114,17,-70,0,79,17,-114,0,62,17,149,0,74,17,99,0,109,17,58,0,-147,17,13,0,0,0,0,0,-42,17,-64,17,29,0,-102,17,102,0,-139,17,-129,0,137,17,-66,0,116,17,-28,0,112,17,-15,0,111,17,-14,0,117,17,-26,0,108,17,-39,0,98,17,-74,0,104,17,-123,0,137,17,108,0]"
CSI_DATA,123920,d8:b1:90:d9:de:f0,-37,9,-99,-32,38,104,-1500619433,113,0,106,0,"[108,0,-121,0,-105,0,-74,0,-50,0,-70,0,-26,0,-95,0,-31,0,-115,0,-48,0,-129,0,-56,0,-123,0,-76,0,-99,0,-95,0,-86,0,-125,0,-83,0,126,0,-103,0,88,0,-132,0,48,0,118,0,0,0,0,0,-41,16,42,0,-90,16,-3,16,131,16,-47,16,71,16,-84,16,28,16,-106,16,-13,15,-114,16,-31,15,-111,16,-41,15,-86,16,-33,15,-54,16,-26,15,-10,16,2,16,20,0,65,16,48,0,-139,16]"
CSI_DATA,123921,d8:b1:90:d9:de:f0,-37,11,-99,-36,39,104,-1500411014,277,0,106,0,"[-3,16,-85,0,30,0,-4,0,83,0,28,1,113,0,14,1,129,0,-4,0,130,0,-28,0,129,0,-38,0,100,0,-31,0,78,0,-23,0,53,0,-38,0,40,0,-66,0,20,0,-111,0,-1,16,125,0,0,0,0,0,-49,16,21,0,-87,16,-34,16,-129,16,-94,16,108,16,139,16,61,16,106,16,30,16,99,16,12,16,103,16,-3,15,131,16,-12,15,-123,16,-19,15,-74,16,4,16,-29,16,58,16,15,0,-143,16]"
CSI_DATA,123922,d8:b1:90:d9:de:f0,-37,9,-99,-33,38,104,-1500410569,266,0,106,0,"[140,17,139,0,80,17,-87,0,62,17,-45,0,73,17,-35,0,81,17,-53,0,84,17,-78,0,64,17,-112,0,49,17,145,0,33,17,99,0,28,17,49,0,53,17,5,0,92,17,-25,17,-144,17,-42,17,0,0,0,0,-30,17,-79,17,47,0,-85,17,133,0,-100,17,-84,0,-102,17,-21,0,-99,17,20,1,-94,17,33,1,-93,17,26,1,-99,17,17,1,-107,17,4,1,-122,17,-33,0,-123,17,-97,0,-107,17,122,0]"
CSI_DATA,123923,d8:b1:90:d9:de:f0,-37,9,-99,-35,38,104,-1500410381,246,0,106,0,"[17,0,-99,0,36,0,-12,0,62,0,29,1,73,0,29,1,72,0,17,1,45,0,1,1,20,0,0,1,-24,18,1,1,-63,18,-11,0,-103,18,-42,0,-121,18,-88,0,-123,18,-141,0,-114,18,106,0,0,0,0,0,-89,18,-22,18,-56,18,-89,18,-35,18,136,18,0,0,63,18,29,0,11,18,47,0,-28,17,55,0,-36,17,46,0,-41,17,30,0,-30,17,11,0,-24,17,-11,18,7,18,-19,18,70,18,-14,18]"
CSI_DATA,123924,d8:b1:90:d9:de:f0,-35,11,-99,-36,37,104,-1500308880,100,0,114,0,"[-4,-33,-1,-38,1,-40,4,-42,5,-40,7,-39,8,-38,9,-36,9,-35,11,-33,11,-32,11,-32,11,-32,12,-32,12,-35,14,-35,14,-38,15,-38,15,-38,15,-39,18,-40,18,-40,18,-40,18,-40,19,-38,19,-38,19,-35,19,-36,0,0,21,-35,22,-35,21,-35,22,-36,24,-36,25,-36,25,-36,26,-36,26,-35,25,-33,24,-33,24,-32,24,-32,22,-29,21,-28,21,-28,19,-28,21,-26,21,-28,24,-28,22,-28,25,-29,25,-28,28,-29,31,-28,31,-26,31,-24,28,-18]"
CSI_DATA,123925,d8:b1:90:d9:de:f0,-37,9,-99,-33,38,104,-1500201625,98,0,106,0,"[-130,0,-125,17,-68,0,98,17,-65,0,40,17,-88,0,28,17,-100,0,32,17,-120,0,48,17,-109,0,73,17,-86,0,97,17,-71,0,127,17,-61,0,-132,17,-70,0,-98,17,-102,0,-63,17,-146,0,-27,17,0,0,0,0,65,0,55,0,13,0,101,0,-38,17,-139,0,-92,17,-80,0,-131,17,-32,0,142,17,-5,0,145,17,13,1,-122,17,20,1,-98,17,23,1,-66,17,19,1,-26,17,-6,0,1,0,-70,0,3,0]"
CSI_DATA,123926,d8:b1:90:d9:de:f0,-37,11,-99,-34,38,104,-1499784316,277,0,106,0,"[-93,0,33,0,4,1,28,0,53,1,5,0,47,1,-5,17,27,1,-13,17,3,1,-9,17,-7,0,20,0,-19,0,64,0,-38,0,110,0,-65,0,137,0,-110,0,-152,0,148,0,141,0,90,0,118,0,0,0,0,0,-36,17,74,0,-96,17,30,0,129,17,-4,17,67,17,-43,17,8,17,-79,17,-22,16,-91,17,-29,16,-98,17,-27,16,-99,17,-28,16,-74,17,-21,16,-57,17,7,17,-33,17,64,17,-5,17,-147,17]"
CSI_DATA,123927,d8:b1:90:d9:de:f0,-38,9,-99,-35,39,104,-1499783862,108,0,106,0,"[101,16,-92,16,11,16,-103,16,-39,15,-82,16,-35,15,-56,16,-23,15,-46,16,1,16,-39,16,13,16,-58,16,23,16,-79,16,45,16,-111,16,71,16,-130,16,103,16,-134,16,-137,16,-128,16,-86,16,-107,16,0,0,0,0,27,0,-62,16,87,0,-38,16,-121,0,-15,16,-51,0,0,0,7,1,6,0,35,1,15,0,38,1,0,0,37,1,-13,16,28,1,-35,16,18,1,-64,16,-14,0,-83,16,-81,0,-88,16,118,0]"
CSI_DATA,123928,d8:b1:90:d9:de:f0,-38,9,-99,-33,39,104,-1499783717,98,0,106,0,"[-128,15,-120,0,109,15,-34,0,121,15,15,1,-106,15,28,1,-81,15,18,1,-80,15,-7,0,-87,15,-24,0,-109,15,-38,0,126,15,-63,0,109,15,-87,0,111,15,-115,0,129,15,113,0,-112,15,76,0,0,0,0,0,-56,15,-27,15,-26,15,-82,15,-1,15,115,15,18,0,50,15,25,0,-2,14,25,0,-37,14,10,0,-51,14,-8,15,-49,14,-37,15,-36,14,-71,15,-16,14,-94,15,20,15,-89,15,86,15,-62,15]"
CSI_DATA,123929,d8:b1:90:d9:de:f0,-38,9,-99,-36,39,104,-1499574953,130,0,106,0,"[134,16,-131,16,53,16,118,16,12,16,118,16,5,16,125,16,22,16,131,16,46,16,131,16,77,16,113,16,104,16,90,16,141,16,68,16,-97,16,59,16,-57,16,75,16,-24,16,109,16,4,0,-122,16,0,0,0,0,50,0,-10,16,74,0,58,0,93,0,134,0,103,0,-79,0,112,0,-21,0,108,0,11,1,114,0,21,1,121,0,20,1,130,0,6,1,133,0,-6,0,141,0,-47,0,130,0,-108,0,81,0]"
CSI_DATA,123930,d8:b1:90:d9:de:f0,-37,9,-99,-35,38,104,-1499557030,317,0,106,0,"[-66,18,-103,0,-79,18,-13,0,-74,18,36,1,-66,18,34,1,-64,18,17,1,-83,18,-14,0,-114,18,-31,0,-156,18,-50,0,118,18,-88,0,94,18,-139,0,102,18,128,0,132,18,77,0,-136,18,29,0,0,0,0,0,-29,18,-56,18,40,0,-91,18,118,0,-132,18,-116,0,-156,18,-51,0,143,18,-6,0,144,18,3,1,140,18,0,1,144,18,-9,0,146,18,-22,0,129,18,-61,0,132,18,-118,0,-149,18,117,0]"
CSI_DATA,123931,d8:b1:90:d9:de:f0,-37,9,-99,-32,38,104,-1499556817,337,0,106,0,"[-124,0,-115,16,-68,0,104,16,-52,0,65,16,-58,0,49,16,-74,0,63,16,-74,0,92,16,-61,0,115,16,-43,0,-134,16,-39,0,-95,16,-35,0,-49,16,-66,0,-15,16,-116,0,10,0,115,0,31,0,0,0,0,0,-1,16,53,0,-72,16,59,0,131,16,70,0,63,16,62,0,6,16,62,0,-31,15,53,0,-39,15,49,0,-33,15,51,0,-30,15,67,0,-19,15,86,0,20,16,94,0,78,16,87,0,-129,16]"
CSI_DATA,123932,d8:b1:90:d9:de:f0,-37,11,-99,-34,38,104,-1499366517,277,0,106,0,"[-110,0,79,0,-24,0,101,0,27,1,96,0,23,1,84,0,8,1,82,0,-16,0,90,0,-30,0,115,0,-47,0,141,0,-74,0,-118,0,-114,0,-109,0,144,0,-108,0,90,0,-134,0,42,0,131,0,0,0,0,0,-53,17,51,0,-102,17,-11,17,146,17,-67,17,99,17,-131,17,67,17,122,17,52,17,87,17,47,17,82,17,43,17,77,17,40,17,103,17,36,17,118,17,53,17,-148,17,92,17,-104,17,-135,17]"
CSI_DATA,123933,d8:b1:90:d9:de:f0,-38,9,-99,-35,39,104,-1499366054,101,0,106,0,"[35,0,86,16,19,0,-4,15,-15,16,-40,15,-44,16,-38,15,-51,16,-18,15,-42,16,1,16,-22,16,8,16,3,0,17,16,35,0,26,16,67,0,47,16,78,0,77,16,80,0,122,16,79,0,-105,16,0,0,0,0,62,0,15,0,53,0,75,0,41,0,-127,0,39,0,-58,0,34,0,-3,0,35,0,31,1,46,0,39,1,71,0,32,1,92,0,21,1,118,0,0,1,137,0,-43,0,124,0,-114,0,82,0]"
CSI_DATA,123934,d8:b1:90:d9:de:f0,-37,9,-99,-34,38,104,-1499316444,224,0,106,0,"[-152,17,142,0,99,17,-80,0,93,17,-29,0,110,17,-19,0,127,17,-26,0,127,17,-48,0,115,17,-70,0,89,17,-95,0,65,17,-123,0,59,17,137,0,84,17,98,0,117,17,55,0,-141,17,17,0,0,0,0,0,-36,17,-65,17,22,0,-103,17,90,0,-150,17,149,0,116,17,-102,0,79,17,-74,0,62,17,-67,0,52,17,-73,0,40,17,-93,0,34,17,-124,0,27,17,139,0,36,17,93,0,82,17,47,0]"
CSI_DATA,123935,d8:b1:90:d9:de:f0,-40,11,-99,-35,42,104,-1499309237,100,0,228,0,"[-1,-6,-2,-9,-3,-12,-4,-15,-4,-16,-4,-19,-3,-20,84,34,-3,-20,-3,-19,-3,-19,-3,-18,-3,-17,-4,-17,-5,-16,-6,-16,-7,-16,-8,-14,-10,-14,-9,-13,-10,-12,-26,-23,-10,-9,-10,-6,-9,-5,-9,-4,-6,-3,-6,-1,0,0,-3,1,-2,3,0,4,0,6,2,8,4,10,47,0,7,12,9,13,10,14,11,15,13,16,13,16,13,16,13,16,13,16,12,16,12,16,11,16,10,16,-74,0,8,15,6,13,5,13,4,10,3,8,2,5,2,3,11,3,12,-5,4,-12,-5,-11,-11,-3,-10,4,-2,8,0,-15,4,0,0,-3,-4,-1,-4,4,0,8,9,6,13,-3,7,-13,-6,-17,-18,-9,-21,7,-10,21,8,23,12,0,23,-9,9,-22,-9,-21,-20,-7,-19,9,-6,19,0,0,16,3,13,-8,2,-14,-8,-10,-12,0,-6,8,7,20,6,3,5,-3,0,-4,-3,-2,-3,1,1,2,3,0,2,-3,-3,-4,-6,0,-6,6,1,10,10,7,25,13,10,-14,-1,-20,-16,-16,-23,0,-18,15,-4,23,10,19]"
CSI_DATA,123936,d8:b1:90:d9:de:f0,-37,9,-99,-36,39,104,-1499157164,140,0,106,0,"[112,16,94,0,48,16,-132,0,33,16,-79,0,58,16,-49,0,88,16,-54,0,105,16,-56,0,106,16,-75,0,98,16,-85,0,76,16,-107,0,72,16,-132,0,90,16,121,0,114,16,94,0,-132,16,53,0,0,0,0,0,-80,16,-38,16,-49,16,-92,16,-29,16,124,16,-11,16,63,16,-6,16,10,16,-10,16,-23,15,-24,16,-26,15,-46,16,-32,15,-86,16,-17,15,-121,16,8,16,-139,16,53,16,-134,16,114,16,-89,16]"
CSI_DATA,123937,d8:b1:90:d9:de:f0,-38,9,-99,-36,40,104,-1499157002,160,0,106,0,"[-72,15,82,15,-126,15,25,15,75,15,14,15,52,15,45,15,46,15,71,15,58,15,86,15,61,15,91,15,78,15,86,15,98,15,71,15,117,15,73,15,-119,15,84,15,-91,15,107,15,-53,15,-123,15,0,0,0,0,36,0,-68,15,84,0,-50,15,-113,0,-33,15,-55,0,-29,15,-2,0,-27,15,26,1,-40,15,29,1,-57,15,16,1,-81,15,-2,0,-114,15,-24,0,106,15,-72,0,92,15,-128,0,110,15,67,0]"
CSI_DATA,123938,d8:b1:90:d9:de:f0,-38,9,-99,-33,39,104,-1499156841,182,0,106,0,"[53,0,86,15,58,0,5,15,45,0,-34,14,26,0,-38,14,24,0,-21,14,38,0,-3,14,58,0,15,15,92,0,27,15,126,0,45,15,-118,0,74,15,-115,0,119,15,-130,0,-102,15,115,0,-53,15,0,0,0,0,44,0,41,0,0,0,86,0,-45,15,-121,0,-90,15,-72,0,129,15,-39,0,106,15,-16,0,96,15,-9,0,107,15,0,1,123,15,2,1,-119,15,-3,0,-82,15,-18,0,-52,15,-66,0,-24,15]"
CSI_DATA,123939,d8:b1:90:d9:de:f0,-38,11,-99,-35,39,104,-1498739819,277,0,106,0,"[-79,16,-107,0,-95,16,-29,0,-83,16,14,1,-63,16,26,1,-54,16,17,1,-54,16,5,1,-65,16,9,1,-76,16,11,1,-86,16,-3,0,-89,16,-32,0,-82,16,-78,0,-69,16,-139,0,-64,16,80,0,0,0,0,0,-49,16,-28,16,-28,16,-79,16,-2,16,-138,16,21,0,77,16,33,0,20,16,45,0,-23,15,31,0,-42,15,3,0,-52,15,-33,16,-42,15,-77,16,-28,15,-117,16,16,16,-124,16,91,16,-98,16]"
CSI_DATA,123940,d8:b1:90:d9:de:f0,-38,9,-99,-36,40,104,-1498739365,98,0,106,0,"[-50,15,91,15,-78,15,22,15,-100,15,-6,14,-101,15,-9,14,-87,15,-2,14,-74,15,-3,14,-48,15,-3,14,-8,15,-8,14,21,0,-5,14,45,0,26,15,65,0,79,15,66,0,-122,15,68,0,-67,15,0,0,0,0,42,0,33,0,11,0,71,0,-37,15,114,0,-91,15,-105,0,109,15,-70,0,82,15,-41,0,58,15,-37,0,63,15,-22,0,77,15,-12,0,105,15,-10,0,-115,15,-25,0,-63,15,-63,0,-19,15]"
CSI_DATA,123941,d8:b1:90:d9:de:f0,-37,9,-99,-34,38,104,-1498530438,130,0,106,0,"[-110,0,86,0,-22,0,101,0,20,1,82,0,23,1,67,0,3,1,66,0,0,1,79,0,-3,0,95,0,-2,0,122,0,-8,0,146,0,-38,0,148,0,-90,0,128,0,150,0,103,0,84,0,82,0,0,0,0,0,-40,17,33,0,-90,17,3,0,-150,17,-41,17,98,17,-80,17,58,17,-114,17,21,17,-143,17,1,17,-146,17,-17,16,-135,17,-24,16,-105,17,-29,16,-65,17,-9,16,-19,17,45,17,27,0,147,17]"
CSI_DATA,123942,d8:b1:90:d9:de:f0,-37,9,-99,-36,39,104,-1498530285,293,0,106,0,"[135,0,-143,0,-79,0,-102,0,-31,0,-98,0,-24,0,-113,0,-37,0,-120,0,-42,0,-123,0,-49,0,-109,0,-54,0,-90,0,-71,0,-74,0,-93,0,-79,0,-131,0,-116,0,111,0,133,0,59,0,93,0,0,0,0,0,-43,16,20,0,-86,16,-20,16,-129,16,-67,16,117,16,-112,16,77,16,132,16,51,16,104,16,40,16,99,16,21,16,109,16,3,16,132,16,-11,15,-114,16,-2,15,-66,16,44,16,-13,16,133,16]"
CSI_DATA,123943,d8:b1:90:d9:de:f0,-37,9,-99,-34,38,104,-1498530125,113,0,106,0,"[108,17,-76,17,15,17,-71,17,-32,16,-51,17,-27,16,-26,17,-16,16,-15,17,-3,16,-28,17,-10,16,-39,17,-16,16,-57,17,-13,16,-72,17,11,17,-76,17,64,17,-61,17,125,17,-59,17,-110,17,-53,17,0,0,0,0,26,0,-45,17,85,0,-38,17,150,0,-24,17,-85,0,-9,17,-22,0,2,0,14,1,4,0,30,1,-8,17,40,1,-33,17,33,1,-68,17,15,1,-117,17,-26,0,150,17,-104,0,143,17,102,0]"
CSI_DATA,123944,d8:b1:90:d9:de:f0,-35,11,-99,-36,37,104,-1498308862,100,0,114,0,"[15,-32,19,-33,22,-33,25,-35,26,-33,26,-32,26,-31,26,-28,25,-26,25,-25,24,-25,24,-25,24,-25,25,-26,25,-28,25,-29,28,-32,28,-32,29,-33,28,-33,28,-35,28,-36,26,-35,28,-36,28,-33,26,-33,28,-33,26,-32,0,0,26,-33,28,-32,28,-33,26,-35,26,-35,26,-36,26,-36,26,-36,28,-36,26,-35,25,-33,22,-32,22,-32,21,-31,19,-29,19,-31,18,-29,18,-29,16,-31,19,-32,19,-33,21,-35,21,-35,22,-35,25,-35,25,-33,24,-29,24,-26]"
CSI_DATA,123945,d8:b1:90:d9:de:f0,-38,9,-99,-34,39,104,-1498112666,113,0,106,0,"[83,15,34,0,6,15,57,0,-29,14,81,0,-29,14,97,0,-23,14,102,0,-1,14,97,0,0,15,84,0,6,15,58,0,31,15,14,0,62,15,-25,15,109,15,-69,15,-122,15,-94,15,-77,15,-105,15,0,0,0,0,0,0,-85,15,65,0,-64,15,-130,0,-38,15,-43,0,-18,15,26,1,-12,15,69,1,-14,15,77,1,-31,15,59,1,-49,15,29,1,-70,15,0,1,-83,15,-55,0,-82,15,-121,0,-59,15,91,0]"
CSI_DATA,123946,d8:b1:90:d9:de:f0,-38,9,-99,-33,39,104,-1498112566,98,0,106,0,"[129,15,-127,0,87,15,-60,0,82,15,-19,0,96,15,-7,0,110,15,-5,0,121,15,-15,0,120,15,-29,0,116,15,-46,0,112,15,-84,0,116,15,126,0,123,15,76,0,-126,15,28,0,-107,15,-7,15,0,0,0,0,-34,15,-61,15,18,0,-85,15,92,0,-121,15,-102,0,95,15,-58,0,45,15,-40,0,14,15,-53,0,-1,14,-82,0,-7,14,-116,0,3,15,111,0,9,15,71,0,42,15,45,0,101,15,30,0]"
CSI_DATA,123947,d8:b1:90:d9:de:f0,-38,9,-99,-36,40,104,-1497903731,120,0,106,0,"[120,15,-126,0,89,15,-47,0,97,15,10,1,-127,15,34,1,-96,15,25,1,-78,15,11,1,-70,15,-7,0,-71,15,-29,0,-85,15,-60,0,-96,15,-100,0,-108,15,113,0,-111,15,74,0,-103,15,40,0,0,0,0,0,-53,15,-23,15,-24,15,-75,15,4,0,115,15,20,0,42,15,17,0,-23,14,-2,15,-61,14,-30,15,-58,14,-67,15,-44,14,-100,15,-12,14,-119,15,29,15,-119,15,82,15,-91,15,-117,15,-39,15]"
CSI_DATA,123948,d8:b1:90:d9:de:f0,-37,11,-99,-37,39,104,-1497486422,277,0,106,0,"[-99,17,-106,0,-137,17,-41,0,-146,17,6,1,-136,17,30,1,-121,17,27,1,-112,17,5,1,-113,17,-27,0,-130,17,-55,0,137,17,-110,0,114,17,131,0,98,17,69,0,100,17,23,0,117,17,-2,17,0,0,0,0,-103,17,-61,17,-38,17,-97,17,32,0,137,17,94,0,72,17,145,0,13,17,-136,0,-24,16,-145,0,-40,16,123,0,-30,16,99,0,-15,16,75,0,15,17,63,0,66,17,64,0,132,17,80,0]"
CSI_DATA,123949,d8:b1:90:d9:de:f0,-41,11,-99,-33,42,104,-1497308886,100,0,228,0,"[7,0,10,0,13,0,16,1,18,2,19,4,20,6,79,32,18,9,17,10,16,10,15,11,13,10,13,10,12,10,11,10,10,9,10,7,10,5,9,4,9,2,-24,-21,10,0,9,-1,9,-2,9,-2,8,-2,8,-2,0,0,5,-3,5,-5,3,-5,1,-7,0,-9,-1,-10,-24,10,-2,-16,-2,-17,-2,-18,-2,-20,-2,-21,0,-21,0,-21,2,-19,2,-19,3,-18,5,-17,5,-16,5,-14,44,0,5,-11,3,-9,2,-8,0,-8,0,-7,-1,-6,-2,-5,-1,7,5,8,10,2,9,-5,3,-10,-3,-9,-8,-2,13,11,0,5,5,2,5,-2,0,-7,-7,-5,-11,1,-8,10,2,16,15,12,21,-1,16,-17,0,-24,-16,-18,-15,-2,-20,13,-5,21,10,18,18,5,16,-7,5,-14,0,0,-10,-2,-8,5,0,9,6,5,8,-2,2,-8,-7,-21,-9,0,-6,5,0,8,5,5,6,-1,2,-5,-2,-4,-5,1,-2,5,4,6,10,0,8,-8,0,-14,-5,-26,-19,-3,-18,10,-8,21,7,22,19,13,21,-1,14,-12]"
CSI_DATA,123950,d8:b1:90:d9:de:f0,-37,11,-99,-35,38,104,-1497277522,277,0,106,0,"[105,18,-117,18,2,18,-133,18,-58,17,-101,18,-70,17,-51,18,-51,17,-11,18,-15,17,11,0,3,18,19,0,24,18,-3,18,61,18,-40,18,90,18,-80,18,133,18,-105,18,-149,18,-114,18,-103,18,-114,18,0,0,0,0,-2,18,-108,18,64,0,-110,18,148,0,-125,18,-99,0,-149,18,-48,0,122,18,-26,0,91,18,-40,0,77,18,-77,0,68,18,-107,0,69,18,-146,0,69,18,135,0,89,18,106,0,134,18,84,0]"
CSI_DATA,123951,d8:b1:90:d9:de:f0,-37,9,-99,-36,39,104,-1497277077,101,0,106,0,"[115,0,94,16,139,0,0,16,127,0,-50,15,100,0,-60,15,78,0,-43,15,76,0,-14,15,83,0,19,16,108,0,56,16,135,0,109,16,-120,0,-118,16,-108,0,-65,16,-116,0,-24,16,-136,0,8,0,0,0,0,0,66,0,72,0,1,0,108,0,-71,16,-123,0,-133,16,-69,0,107,16,-30,0,92,16,-10,0,93,16,-6,0,112,16,-19,0,131,16,-35,0,-136,16,-51,0,-120,16,-88,0,-106,16,-142,0,-95,16]"
CSI_DATA,123952,d8:b1:90:d9:de:f0,-37,9,-99,-34,38,104,-1497276955,98,0,106,0,"[86,0,87,17,79,0,-15,16,23,0,-68,16,-34,17,-71,16,-80,17,-43,16,-99,17,-5,16,-103,17,24,17,-89,17,41,17,-52,17,54,17,-14,17,72,17,21,0,86,17,42,0,112,17,47,0,-152,17,0,0,0,0,83,0,-80,17,127,0,-23,17,-114,0,21,0,-41,0,51,0,14,1,55,0,48,1,34,0,46,1,1,0,26,1,-39,17,0,1,-70,17,-34,0,-99,17,-74,0,-105,17,-123,0,-84,17,131,0]"
CSI_DATA,123953,d8:b1:90:d9:de:f0,-37,9,-99,-36,39,104,-1497211383,130,0,106,0,"[111,0,120,16,133,0,13,16,102,0,-62,15,42,0,-80,15,-14,16,-70,15,-35,16,-28,15,-48,16,19,16,-30,16,70,16,21,0,131,16,92,0,-111,16,-142,0,-83,16,-117,0,-74,16,-126,0,-63,16,0,0,0,0,95,0,-2,16,54,0,84,0,54,0,-98,0,70,0,1,1,108,0,54,1,-136,0,71,1,-107,0,43,1,-99,0,-12,0,-111,0,-65,0,-134,0,-112,0,104,0,-140,0,41,0,132,0,-11,16]"
CSI_DATA,123954,d8:b1:90:d9:de:f0,-36,9,-99,-33,37,104,-1497181694,108,0,106,0,"[-81,19,97,19,-117,19,-1,18,164,19,-40,18,147,19,-33,18,130,19,-12,18,136,19,20,19,151,19,34,19,-132,19,45,19,-73,19,66,19,0,0,88,19,62,0,114,19,99,0,145,19,112,0,-137,19,0,0,0,0,132,0,-36,19,132,0,53,0,142,0,150,0,163,0,-89,0,-139,0,-22,0,-123,0,-1,0,-126,0,-9,0,-128,0,-38,0,-141,0,-67,0,-152,0,-82,0,145,0,-108,0,99,0,-142,0,47,0]"
CSI_DATA,123955,d8:b1:90:d9:de:f0,-35,11,-99,-36,37,104,-1496308757,100,0,114,0,"[-26,21,-31,21,-35,21,-36,19,-38,19,-36,18,-36,16,-33,15,-33,12,-33,12,-32,12,-32,12,-32,12,-32,15,-33,16,-35,16,-36,16,-38,18,-38,19,-39,19,-38,21,-39,19,-39,19,-38,21,-38,19,-36,19,-36,19,-36,19,0,0,-36,18,-36,19,-38,19,-39,22,-39,21,-39,21,-40,22,-40,22,-39,22,-39,22,-35,22,-35,22,-33,22,-32,21,-31,21,-28,19,-28,19,-28,21,-28,21,-32,22,-32,22,-35,24,-35,24,-36,24,-38,22,-38,21,-36,18,-32,14]"
CSI_DATA,123956,d8:b1:90:d9:de:f0,-36,11,-99,-36,38,104,-1496233025,277,0,106,0,"[47,0,-57,0,98,0,22,1,159,0,44,1,-139,0,23,1,-142,0,-16,0,-156,0,-50,0,130,0,-75,0,83,0,-76,0,20,0,-76,0,-33,18,-86,0,-79,18,-109,0,-100,18,-144,0,-110,18,130,0,0,0,0,0,-119,18,6,0,-147,18,-71,18,142,18,-153,18,114,18,103,18,98,18,55,18,89,18,35,18,104,18,45,18,107,18,64,18,122,18,75,18,140,18,86,18,-158,18,99,18,-135,18,118,18,-89,18]"
CSI_DATA,123957,d8:b1:90:d9:de:f0,-36,9,-99,-34,37,104,-1496232553,120,0,106,0,"[-78,0,102,0,28,1,92,0,80,1,44,0,70,1,-6,20,30,1,-34,20,-17,0,-41,20,-44,0,-21,20,-73,0,18,0,-98,0,84,0,-116,0,136,0,-137,0,165,0,-166,0,-169,0,125,0,156,0,0,0,0,0,4,0,150,0,-76,20,156,0,-168,20,-156,0,109,20,-122,0,65,20,-96,0,54,20,-84,0,69,20,-92,0,92,20,-109,0,108,20,-117,0,120,20,-124,0,128,20,-145,0,138,20,161,0,161,20]"
CSI_DATA,123958,d8:b1:90:d9:de:f0,-37,9,-99,-35,38,104,-1496232431,120,0,106,0,"[-81,0,-116,18,-25,0,119,18,-30,0,51,18,-67,0,24,18,-117,0,26,18,-148,0,55,18,-156,0,95,18,-138,0,133,18,-113,0,-139,18,-86,0,-88,18,-85,0,-51,18,-103,0,-25,18,-125,0,-2,18,0,0,0,0,112,0,83,0,75,0,136,0,45,0,-86,0,36,0,-23,0,35,0,17,1,40,0,37,1,50,0,31,1,66,0,11,1,62,0,-11,0,61,0,-36,0,51,0,-53,0,36,0,-77,0,17,0]"
CSI_DATA,123959,d8:b1:90:d9:de:f0,-36,9,-99,-34,37,104,-1496232300,98,0,106,0,"[-61,0,-38,20,26,1,-100,20,44,1,162,20,6,1,122,20,-41,0,113,20,-92,0,122,20,-114,0,156,20,-112,0,-141,20,-98,0,-81,20,-78,0,-25,20,-76,0,9,0,-96,0,25,0,-142,0,37,0,0,0,0,0,112,0,106,0,52,0,166,0,6,0,-92,0,-13,20,-18,0,-13,20,33,1,-9,20,41,1,4,0,28,1,14,0,5,1,18,0,-20,0,26,0,-29,0,14,0,-57,0,9,0,-81,0,-8,20]"
CSI_DATA,123960,d8:b1:90:d9:de:f0,-37,9,-99,-35,38,104,-1496232187,252,0,106,0,"[90,18,-141,18,-8,17,-143,18,-63,17,-99,18,-58,17,-42,18,-36,17,0,0,11,18,8,0,37,18,2,0,63,18,-29,18,89,18,-72,18,107,18,-117,18,122,18,-143,18,150,18,-146,18,-125,18,-138,18,0,0,0,0,-19,18,-132,18,50,0,-154,18,121,0,117,18,-134,0,73,18,-110,0,35,18,-110,0,22,18,-125,0,15,18,154,0,31,18,133,0,47,18,124,0,52,18,113,0,72,18,108,0,106,18,105,0]"
CSI_DATA,123961,d8:b1:90:d9:de:f0,-36,9,-99,-34,37,104,-1496232039,130,0,106,0,"[-108,0,149,0,-2,0,157,0,57,1,112,0,58,1,53,0,25,1,17,0,-8,0,-6,20,-40,0,1,0,-64,0,28,0,-81,0,70,0,-98,0,121,0,-126,0,146,0,-154,0,145,0,138,0,138,0,0,0,0,0,37,0,154,0,-32,20,-169,0,-104,20,-106,0,-149,20,-58,0,165,20,-14,0,168,20,-4,0,-150,20,-10,0,-121,20,-18,0,-106,20,-29,0,-92,20,-44,0,-84,20,-61,0,-80,20,-85,0,-74,20]"
CSI_DATA,123962,d8:b1:90:d9:de:f0,-37,9,-99,-35,38,104,-1496231895,113,0,106,0,"[-62,0,-52,18,14,1,-128,18,17,1,107,18,-28,0,58,18,-88,0,53,18,-124,0,67,18,-143,0,100,18,-136,0,135,18,-119,0,-134,18,-95,0,-105,18,-83,0,-73,18,-95,0,-53,18,-134,0,-33,18,0,0,0,0,129,0,42,0,103,0,119,0,113,0,-111,0,132,0,-45,0,-151,0,-6,0,-127,0,-7,0,-121,0,-30,0,-111,0,-62,0,-108,0,-89,0,-116,0,-106,0,-128,0,-124,0,-149,0,-138,0,132,0]"
CSI_DATA,123963,d8:b1:90:d9:de:f0,-39,9,-99,-36,41,104,-1495814745,113,0,106,0,"[59,0,-90,0,79,0,-22,0,-107,0,10,0,-69,0,8,0,-41,0,-19,0,-34,0,-52,0,-40,0,-88,0,-69,0,111,0,92,0,102,0,24,0,109,0,-37,13,-94,0,-70,13,-65,0,-70,13,-55,0,0,0,0,0,-45,13,-82,0,-60,13,84,0,-107,13,24,0,45,13,-24,13,-28,12,-32,13,-71,12,-14,13,-73,12,28,0,-49,12,57,0,-13,12,82,0,35,13,87,0,75,13,57,0,97,13,6,0,96,13]"
CSI_DATA,123964,d8:b1:90:d9:de:f0,-39,9,-99,-34,40,104,-1495814591,98,0,106,0,"[-118,0,109,0,-82,0,-77,0,-33,0,-58,0,-3,0,-71,0,11,0,-99,0,11,0,97,0,-3,0,77,0,-40,0,62,0,-102,0,78,0,77,0,114,0,30,0,-80,0,8,0,-49,0,15,0,-39,0,0,0,0,0,22,0,-67,0,-16,14,-118,0,-92,14,97,0,67,14,84,0,2,14,109,0,-27,13,-94,0,-16,13,-61,0,25,14,-45,0,67,14,-43,0,100,14,-64,0,-120,14,-108,0,117,14,83,0,93,14]"
CSI_DATA,123965,d8:b1:90:d9:de:f0,-39,9,-99,-37,41,104,-1495814495,224,0,106,0,"[-113,13,97,0,63,13,-97,0,44,13,-48,0,58,13,-7,0,96,13,14,0,-101,13,9,0,-67,13,-6,0,-49,13,-41,0,-56,13,-106,0,-92,13,65,0,95,13,21,0,59,13,4,0,44,13,13,0,0,0,0,0,85,13,31,0,-102,13,-9,13,-76,13,-85,13,-76,13,65,13,-106,13,-1,12,82,13,-28,12,39,13,-8,12,22,13,38,13,22,13,89,13,45,13,-105,13,89,13,-84,13,-86,13,-99,13,-54,13]"
CSI_DATA,123966,d8:b1:90:d9:de:f0,-36,9,-99,-33,37,104,-1495790554,108,0,106,0,"[51,19,116,0,6,19,-156,0,10,19,-103,0,34,19,-80,0,53,19,-71,0,102,19,-75,0,117,19,-89,0,125,19,-104,0,141,19,-160,0,147,19,97,0,150,19,25,0,154,19,-28,19,156,19,-66,19,0,0,0,0,-165,19,-129,19,-132,19,-163,19,-101,19,95,19,-76,19,33,19,-72,19,-14,18,-76,19,-47,18,-102,19,-51,18,-124,19,-22,18,-136,19,14,19,-138,19,49,19,-120,19,82,19,-88,19,128,19,-40,19]"
CSI_DATA,123967,d8:b1:90:d9:de:f0,-37,11,-99,-37,39,104,-1495606327,277,0,106,0,"[13,0,-42,0,83,0,41,1,-129,0,50,1,-81,0,5,1,-71,0,-51,0,-69,0,-101,0,-99,0,-127,0,-129,0,-139,0,116,0,-124,0,80,0,-101,0,46,0,-93,0,27,0,-94,0,9,0,-129,0,0,0,0,0,-46,17,133,0,-108,17,102,0,108,17,109,0,47,17,122,0,4,17,-138,0,5,17,-112,0,41,17,-95,0,72,17,-88,0,105,17,-90,0,127,17,-102,0,142,17,-123,0,143,17,-142,0,-144,17]"
CSI_DATA,123968,d8:b1:90:d9:de:f0,-38,9,-99,-34,39,104,-1495605864,98,0,106,0,"[-82,15,46,15,112,15,-14,14,42,15,-13,14,25,15,27,15,26,15,69,15,58,15,106,15,94,15,124,15,-127,15,119,15,-66,15,106,15,-10,15,87,15,25,0,77,15,47,0,86,15,57,0,119,15,0,0,0,0,93,0,-69,15,131,0,-6,15,-81,0,51,0,-26,0,96,0,19,1,119,0,34,1,115,0,21,1,104,0,0,1,81,0,-27,0,72,0,-49,0,69,0,-82,0,80,0,-115,0,100,0,128,0]"
CSI_DATA,123969,d8:b1:90:d9:de:f0,-37,9,-99,-38,39,104,-1495573707,130,0,106,0,"[-147,0,-150,0,-65,0,-104,0,-3,0,-114,0,16,1,-149,0,22,1,112,0,-1,0,86,0,-35,0,66,0,-72,0,73,0,-125,0,106,0,124,0,-149,0,83,0,-111,0,61,0,-87,0,47,0,-102,0,0,0,0,0,14,0,-136,0,-51,17,124,0,-141,17,112,0,76,17,114,0,4,17,137,0,-20,16,-137,0,-3,16,-106,0,27,17,-97,0,64,17,-98,0,97,17,-104,0,118,17,-140,0,121,17,114,0,122,17]"
CSI_DATA,123970,d8:b1:90:d9:de:f0,-38,9,-99,-35,39,104,-1495396946,101,0,106,0,"[85,0,56,16,49,0,-43,15,-18,16,-77,15,-88,16,-55,15,-121,16,-5,15,-121,16,40,16,-105,16,79,16,-66,16,101,16,-16,16,103,16,37,0,90,16,67,0,82,16,68,0,95,16,61,0,121,16,0,0,0,0,71,0,-87,16,114,0,-26,16,-87,0,13,0,-20,0,32,0,33,1,21,0,55,1,-5,16,43,1,-39,16,11,1,-66,16,-21,0,-81,16,-52,0,-77,16,-71,0,-61,16,-75,0,-37,16,-88,0]"
CSI_DATA,123971,d8:b1:90:d9:de:f0,-40,11,-99,-34,41,104,-1495309162,100,0,228,0,"[-3,-10,-5,-14,-5,-17,-4,-20,-2,-21,0,-22,0,-22,91,37,3,-21,5,-21,5,-19,6,-17,6,-17,6,-15,5,-15,5,-15,4,-15,3,-14,1,-14,0,-14,0,-13,-28,-25,-1,-13,-2,-12,-4,-12,-4,-11,-5,-10,-5,-10,0,0,-6,-8,-6,-8,-7,-7,-9,-6,-11,-5,-12,-5,70,12,-16,-5,-19,-5,-19,-5,-20,-5,-21,-6,-21,-7,-20,-8,-19,-9,-18,-9,-16,-10,-15,-10,-15,-10,-14,-11,59,12,-12,-11,-11,-10,-10,-10,-10,-8,-9,-8,-8,-6,-7,-5,10,-3,5,-10,-4,-11,-10,-6,-12,2,-5,10,2,10,10,-19,8,-5,0,-9,-7,-6,-11,0,-7,10,2,15,13,10,18,-2,13,-16,-2,-22,-18,-15,-25,0,-18,17,-2,11,15,19,23,2,17,-12,3,-20,-10,-15,-17,-2,0,0,-1,15,10,10,14,0,8,-10,-2,-13,-11,-6,-27,0,-5,11,5,10,10,3,9,-5,1,-10,-5,-6,-8,1,-3,7,4,7,9,0,8,-7,0,-12,-10,-10,-31,-11,-15,13,-3,22,12,21,24,8,23,-8,12,-20,-2,-21]"
CSI_DATA,123972,d8:b1:90:d9:de:f0,-37,11,-99,-33,38,104,-1494770729,277,0,106,0,"[45,17,66,0,-11,16,110,0,-23,16,-130,0,5,17,-88,0,64,17,-57,0,107,17,-66,0,137,17,-81,0,-145,17,-116,0,133,17,117,0,100,17,71,0,56,17,40,0,31,17,41,0,41,17,55,0,0,0,0,0,101,17,61,0,140,17,1,0,123,17,-75,17,87,17,146,17,34,17,103,17,-18,16,123,17,-43,16,-124,17,-25,16,-76,17,8,17,-26,17,43,17,-5,17,77,17,-20,17,98,17,-53,17,93,17]"
CSI_DATA,123973,d8:b1:90:d9:de:f0,-38,9,-99,-35,39,104,-1494770275,281,0,106,0,"[32,0,37,16,33,0,-26,15,10,0,-57,15,-18,16,-54,15,-39,16,-26,15,-52,16,3,16,-44,16,41,16,-13,16,75,16,40,0,104,16,103,0,129,16,-117,0,-133,16,-90,0,-129,16,-89,0,-122,16,0,0,0,0,-124,0,-80,16,-138,0,-13,16,-118,0,68,0,-85,0,-130,0,-41,0,-88,0,-7,0,-80,0,2,1,-102,0,-2,0,-138,0,-22,0,106,0,-58,0,93,0,-100,0,98,0,-135,0,124,0,124,0]"
CSI_DATA,123974,d8:b1:90:d9:de:f0,-37,9,-99,-33,38,104,-1494770110,98,0,106,0,"[-56,17,48,17,-79,17,-19,16,-120,17,-40,16,145,17,-28,16,132,17,6,17,129,17,43,17,-142,17,75,17,-99,17,95,17,-35,17,103,17,45,0,94,17,101,0,81,17,125,0,68,17,121,0,73,17,0,0,0,0,108,0,124,17,116,0,-103,17,-109,0,-31,17,-42,0,21,0,23,1,39,0,60,1,26,0,58,1,-5,17,27,1,-40,17,-6,0,-50,17,-47,0,-48,17,-83,0,-13,17,-97,0,33,0,-94,0]"
CSI_DATA,123975,d8:b1:90:d9:de:f0,-38,9,-99,-34,39,104,-1494769951,130,0,106,0,"[44,0,-37,0,68,0,22,1,109,0,39,1,-128,0,24,1,-110,0,-14,0,-116,0,-44,0,-127,0,-75,0,102,0,-91,0,39,0,-98,0,-26,15,-86,0,-72,15,-72,0,-92,15,-56,0,-88,15,-51,0,0,0,0,0,-83,15,-109,0,-99,15,108,0,105,15,51,0,39,15,15,0,-23,14,14,0,-57,14,33,0,-50,14,67,0,-14,14,95,0,22,15,97,0,62,15,95,0,82,15,60,0,88,15,19,0,81,15]"
CSI_DATA,123976,d8:b1:90:d9:de:f0,-37,9,-99,-33,38,104,-1494561375,98,0,106,0,"[-127,0,138,17,-94,0,78,17,-103,0,34,17,-139,0,9,17,114,0,4,17,93,0,24,17,73,0,34,17,75,0,53,17,100,0,90,17,144,0,120,17,-113,0,136,17,-93,0,140,17,-94,0,144,17,0,0,0,0,-128,0,144,17,-145,0,-95,17,-118,0,-35,17,-72,0,18,0,-19,0,53,0,30,1,46,0,48,1,9,0,31,1,-27,17,3,1,-62,17,-21,0,-86,17,-49,0,-80,17,-65,0,-47,17,-69,0]"
CSI_DATA,123977,d8:b1:90:d9:de:f0,-38,9,-99,-35,39,104,-1494561226,98,0,106,0,"[75,0,-75,0,121,0,-26,0,-102,0,-18,0,-66,0,-51,0,-49,0,-91,0,-49,0,-133,0,-57,0,121,0,-82,0,112,0,-118,0,130,0,121,0,-121,0,93,0,-89,0,89,0,-66,0,103,0,-67,0,0,0,0,0,98,0,-109,0,58,0,-134,0,-9,16,-125,0,-75,16,-86,0,-106,16,-30,0,-101,16,18,1,-66,16,43,1,-9,16,41,1,34,0,15,1,59,0,-16,0,54,0,-47,0,38,0,-67,0,23,0]"
CSI_DATA,123978,d8:b1:90:d9:de:f0,-36,11,-99,-36,38,104,-1494352930,277,0,106,0,"[-117,0,109,0,-15,0,138,0,57,1,112,0,69,1,51,0,54,1,5,0,7,1,-26,18,-33,0,-26,18,-80,0,1,0,-129,0,64,0,-158,0,134,0,154,0,-133,0,151,0,-115,0,133,0,-137,0,0,0,0,0,57,0,133,0,-30,18,107,0,-139,18,122,0,86,18,-158,0,28,18,-99,0,20,18,-62,0,54,18,-45,0,91,18,-55,0,132,18,-65,0,147,18,-83,0,154,18,-127,0,135,18,159,0,134,18]"
CSI_DATA,123979,d8:b1:90:d9:de:f0,-37,9,-99,-37,39,104,-1494352458,108,0,106,0,"[-113,0,-108,17,-40,0,114,17,-40,0,35,17,-84,0,-3,16,-144,0,-20,16,105,0,4,17,69,0,34,17,77,0,80,17,113,0,140,17,-131,0,-116,17,-93,0,-91,17,-84,0,-91,17,-106,0,-88,17,0,0,0,0,130,0,-46,17,97,0,38,0,108,0,138,0,140,0,-78,0,-97,0,-27,0,-45,0,-26,0,-23,0,-56,0,-21,0,-99,0,-34,0,-143,0,-53,0,124,0,-83,0,122,0,-110,0,136,0,-130,0]"
CSI_DATA,123980,d8:b1:90:d9:de:f0,-38,9,-99,-35,39,104,-1494352304,124,0,106,0,"[-91,16,99,16,122,16,18,16,59,16,2,16,34,16,23,16,35,16,59,16,55,16,93,16,95,16,117,16,-122,16,128,16,-44,16,124,16,40,0,107,16,93,0,90,16,119,0,86,16,113,0,106,16,0,0,0,0,85,0,-85,16,83,0,11,0,111,0,114,0,-129,0,-77,0,-90,0,-15,0,-65,0,3,1,-55,0,-21,0,-59,0,-49,0,-88,0,-77,0,-116,0,-99,0,113,0,-100,0,65,0,-89,0,26,0]"
CSI_DATA,123981,d8:b1:90:d9:de:f0,-35,11,-99,-34,36,104,-1494309202,100,0,114,0,"[-5,-37,-4,-41,-4,-44,-1,-44,0,-46,0,-44,1,-43,1,-40,0,-38,0,-37,0,-35,0,-37,-1,-37,-1,-37,-1,-38,-4,-40,-5,-41,-7,-44,-7,-44,-10,-44,-10,-44,-11,-46,-10,-44,-13,-44,-11,-43,-11,-43,-11,-41,-13,-41,0,0,-16,-38,-14,-40,-16,-40,-17,-41,-17,-41,-19,-41,-20,-40,-20,-41,-20,-40,-20,-40,-22,-38,-20,-37,-22,-34,-20,-32,-22,-32,-22,-29,-22,-28,-22,-29,-25,-29,-25,-31,-26,-32,-28,-32,-28,-35,-28,-35,-25,-37,-25,-35,-23,-37,-19,-34]"
CSI_DATA,123982,d8:b1:90:d9:de:f0,-37,11,-99,-37,39,104,-1493935131,277,0,106,0,"[-90,17,-47,0,-77,17,31,1,-20,17,66,1,25,0,49,1,53,0,16,1,69,0,-32,0,57,0,-71,0,11,0,-94,0,-53,17,-112,0,-114,17,-114,0,142,17,-109,0,131,17,-114,0,-145,17,-138,0,0,0,0,0,-138,17,92,0,131,17,20,0,65,17,-32,17,2,17,-68,17,-41,16,-71,17,-53,16,-50,17,-39,16,-27,17,-6,16,-8,17,25,17,5,0,49,17,0,0,71,17,-18,17,81,17,-43,17,90,17]"
CSI_DATA,123983,d8:b1:90:d9:de:f0,-38,9,-99,-34,39,104,-1493934677,120,0,106,0,"[55,0,34,15,28,0,-43,14,-25,15,-70,14,-80,15,-45,14,-114,15,0,15,-117,15,42,15,-102,15,82,15,-65,15,97,15,-9,15,95,15,40,0,75,15,65,0,57,15,66,0,56,15,54,0,73,15,0,0,0,0,77,0,131,15,124,0,-99,15,-77,0,-88,15,-13,0,-99,15,22,1,-133,15,18,1,110,15,-12,0,95,15,-51,0,92,15,-87,0,95,15,-108,0,106,15,-115,0,131,15,-106,0,-120,15,-112,0]"
CSI_DATA,123984,d8:b1:90:d9:de:f0,-38,9,-99,-35,40,104,-1493934564,98,0,106,0,"[25,14,-30,14,-43,13,12,0,-57,13,80,0,-23,13,-113,0,29,14,-89,0,77,14,-96,0,110,14,-119,0,122,14,85,0,103,14,33,0,75,14,-6,14,46,14,-12,14,33,14,-12,14,56,14,-9,14,0,0,0,0,-121,14,-27,14,-108,14,-85,14,-114,14,100,14,99,14,44,14,58,14,19,14,29,14,31,14,20,14,78,14,32,14,113,14,49,14,-99,14,65,14,-84,14,91,14,-89,14,107,14,-104,14,111,14]"
CSI_DATA,123985,d8:b1:90:d9:de:f0,-39,9,-99,-33,40,104,-1493934432,130,0,106,0,"[-26,13,-29,0,-14,13,36,0,14,0,59,0,44,0,46,0,56,0,13,0,53,0,-23,0,30,0,-58,0,-13,13,-84,0,-63,13,-112,0,111,13,105,0,71,13,96,0,60,13,90,0,71,13,81,0,0,0,0,0,103,13,6,0,-113,13,-52,13,116,13,104,13,97,13,40,13,75,13,5,13,64,13,4,13,70,13,20,13,77,13,47,13,100,13,70,13,-109,13,78,13,-76,13,78,13,-38,13,74,13,-18,13]"
CSI_DATA,123986,d8:b1:90:d9:de:f0,-38,9,-99,-35,40,104,-1493934324,113,0,106,0,"[45,14,92,0,-8,13,-105,0,-7,13,-59,0,29,14,-44,0,65,14,-50,0,102,14,-68,0,120,14,-108,0,117,14,84,0,101,14,19,0,78,14,-39,14,61,14,-72,14,55,14,-84,14,71,14,-80,14,0,0,0,0,-86,14,-104,14,-33,14,114,14,30,0,67,14,60,0,7,14,69,0,-41,13,64,0,-51,13,53,0,-34,13,40,0,-5,13,38,0,25,14,42,0,55,14,69,0,83,14,95,0,101,14,107,0]"
CSI_DATA,123987,d8:b1:90:d9:de:f0,-45,11,-99,-35,46,104,-1493517332,277,0,106,0,"[-48,7,-28,0,-43,7,6,0,-28,7,13,0,-15,7,-1,0,-13,7,-24,0,-25,7,-52,0,-53,7,58,0,38,7,49,0,6,7,46,0,-13,6,50,0,-19,6,56,0,-6,6,56,0,21,7,45,0,0,0,0,0,-57,7,10,0,-37,7,-16,7,-28,7,-44,7,-18,7,58,7,-4,7,44,7,5,0,42,7,19,0,44,7,34,0,46,7,46,0,44,7,-60,0,28,7,-52,0,8,7,-56,0,-4,6,47,0]"
CSI_DATA,123988,d8:b1:90:d9:de:f0,-45,9,-99,-33,46,104,-1493516833,98,0,106,0,"[-19,6,15,6,-52,6,-5,6,43,6,6,6,39,6,28,6,54,6,48,6,-39,6,57,6,-11,6,50,6,14,0,27,6,28,0,0,6,27,0,-25,6,19,0,-31,6,3,0,-17,6,-3,6,9,6,0,0,0,0,1,0,-45,6,21,0,-22,6,44,0,-5,6,-54,0,8,0,-45,0,19,0,-45,0,26,0,-49,0,36,0,-49,0,45,0,-45,0,57,0,-31,0,-44,0,-10,0,-38,0,11,0,-48,0,19,0]"
CSI_DATA,123989,d8:b1:90:d9:de:f0,-45,9,-99,-35,46,104,-1493516728,113,0,106,0,"[-49,0,-51,0,-12,0,-47,0,2,0,58,0,-7,0,40,0,-29,0,29,0,-53,0,36,0,53,0,55,0,46,0,-37,0,46,0,-4,0,56,0,15,0,-56,0,15,0,-53,0,-2,0,61,0,-29,0,0,0,0,0,26,0,51,0,-5,7,41,0,-35,7,40,0,-56,7,38,0,54,7,37,0,47,7,29,0,44,7,19,0,38,7,12,0,29,7,1,0,10,7,1,0,-10,6,9,0,-21,6,27,0,-8,6]"
CSI_DATA,123990,d8:b1:90:d9:de:f0,-43,9,-99,-32,44,104,-1493475642,101,0,106,0,"[50,8,32,0,29,8,47,0,32,8,58,0,44,8,54,0,55,8,38,0,50,8,24,0,30,8,3,0,2,8,-10,8,-32,7,-11,8,-51,7,-3,8,-50,7,9,0,-33,7,21,0,-1,7,23,0,0,0,0,0,50,8,14,0,67,8,-6,8,-62,8,-27,8,-47,8,-52,8,-36,8,70,8,-24,8,58,8,-15,8,50,8,-10,8,42,8,-5,8,30,8,-5,8,7,8,-12,8,-15,7,-39,8,-34,7,70,8]"
CSI_DATA,123991,d8:b1:90:d9:de:f0,-49,11,-99,-36,50,104,-1493308848,100,0,228,0,"[0,-3,-1,-4,-2,-5,-2,-6,-2,-7,-1,-7,-1,-7,34,14,0,-6,0,-6,0,-5,0,-4,0,-2,0,-1,0,0,0,1,0,2,0,4,0,6,0,7,0,8,-10,-9,-1,9,-1,8,-1,8,0,7,0,6,0,6,0,0,1,3,2,3,3,2,4,1,5,0,6,0,-7,0,7,-1,7,-1,7,-1,6,-1,6,-1,5,-1,4,-1,2,-1,1,0,0,0,0,0,-1,0,-3,0,-39,4,-6,0,-7,0,-8,0,-9,0,-9,0,-9,0,-8,0,5,-4,1,-6,-3,-6,-6,-2,-6,2,-2,5,1,4,2,-6,1,-1,-1,-1,-2,0,-1,3,2,4,5,0,5,-4,0,-7,-5,-6,-8,0,-6,5,0,7,4,5,5,9,3,-2,0,-3,0,-1,0,0,1,0,0,-3,0,0,-5,-1,-6,2,-2,7,3,7,8,3,8,-4,9,-8,-4,-6,-7,-1,-5,4,0,6,4,2,3,-1,0,-3,-3,-2,-3,1,0,4,3,3,5,0,3,-4,-5,-5,-4,-3,-4,0,-2,3,0,3,2,0,0,0,0,0]"
CSI_DATA,123992,d8:b1:90:d9:de:f0,-47,11,-99,-36,48,104,-1493308432,277,0,106,0,"[16,5,-29,5,-11,5,-25,5,-17,5,-13,5,0,5,1,0,28,5,9,0,-41,5,9,0,-1,5,4,0,41,0,-9,5,-21,0,-27,5,9,0,-46,5,17,0,44,5,11,0,46,5,-8,0,-38,5,0,0,0,0,-43,0,13,0,48,0,50,0,42,0,-17,0,35,0,1,0,30,0,4,0,22,0,-13,0,11,0,-42,0,1,0,29,0,-11,5,-3,5,-29,5,-39,5,-50,5,27,5,27,5,-1,5,7,5]"
CSI_DATA,123993,d8:b1:90:d9:de:f0,-47,9,-99,-35,48,104,-1493307952,98,0,106,0,"[15,5,17,0,-8,5,30,0,-9,5,40,0,7,5,42,0,37,5,35,0,-32,5,24,0,3,0,8,0,41,0,-10,5,-17,0,-29,5,11,0,-46,5,21,0,-49,5,14,0,-41,5,-4,0,-24,5,0,0,0,0,43,0,26,0,16,0,-41,0,-6,5,-11,0,-26,5,3,0,-35,5,1,0,-35,5,-17,0,-28,5,-47,0,-17,5,22,0,-1,5,-10,5,17,0,-44,5,38,0,20,5,-46,0,-13,5,-44,0]"
CSI_DATA,123994,d8:b1:90:d9:de:f0,-40,9,-99,-34,41,104,-1493099079,130,0,106,0,"[-101,0,91,12,-71,0,21,12,-69,0,-21,11,-90,0,-33,11,102,0,-31,11,88,0,-8,11,80,0,15,12,83,0,47,12,94,0,100,12,-105,0,-58,12,-88,0,-5,12,-78,0,27,0,-88,0,37,0,0,0,0,0,74,0,37,0,11,0,42,0,-63,12,65,0,76,12,101,0,26,12,-71,0,10,12,-46,0,17,12,-29,0,41,12,-26,0,60,12,-35,0,77,12,-52,0,88,12,-79,0,92,12,96,0,94,12]"
CSI_DATA,123995,d8:b1:90:d9:de:f0,-36,11,-99,-34,37,104,-1492890634,277,0,106,0,"[129,20,105,20,45,20,74,20,-10,18,97,20,-18,18,153,20,-6,18,-133,20,26,20,-86,20,57,20,-73,20,102,20,-89,20,158,20,-134,20,-146,20,153,20,-116,20,102,20,-108,20,69,20,-102,20,81,20,0,0,0,0,-68,20,100,20,-8,20,100,20,62,0,82,20,117,0,30,20,146,0,-29,18,120,0,-56,18,84,0,-42,18,48,0,-6,18,10,0,36,20,10,0,85,20,46,0,124,20,94,0,145,20,129,0]"
CSI_DATA,123996,d8:b1:90:d9:de:f0,-36,9,-99,-36,38,104,-1492890180,108,0,106,0,"[-59,0,-140,18,-1,0,127,18,-3,0,84,18,-31,0,73,18,-66,0,73,18,-107,0,101,18,-124,0,138,18,-130,0,-127,18,-137,0,-49,18,-127,0,37,0,-114,0,107,0,-110,0,146,0,-118,0,156,0,0,0,0,0,138,0,-149,0,74,0,-129,0,-11,18,-79,0,-70,18,-13,0,-105,18,41,1,-101,18,57,1,-81,18,49,1,-44,18,6,1,-36,18,-41,0,-42,18,-89,0,-79,18,-147,0,-134,18,130,0,138,18]"
CSI_DATA,123997,d8:b1:90:d9:de:f0,-37,9,-99,-34,38,104,-1492890044,98,0,106,0,"[21,17,-27,17,-57,16,-3,17,-83,16,39,0,-65,16,78,0,-19,16,96,0,21,17,91,0,61,17,74,0,102,17,27,0,131,17,-43,17,-148,17,-123,17,-135,17,118,17,-127,17,84,17,-124,17,84,17,0,0,0,0,-62,17,105,17,7,0,123,17,101,0,99,17,-122,0,68,17,-77,0,23,17,-73,0,-10,16,-103,0,-9,16,-149,0,10,17,111,0,52,17,96,0,110,17,114,0,-123,17,-142,0,-64,17,-96,0]"
CSI_DATA,123998,d8:b1:90:d9:de:f0,-36,9,-99,-35,38,104,-1492889921,98,0,106,0,"[-73,18,-31,0,-74,18,45,1,-37,18,78,1,-2,18,64,1,23,0,28,1,29,0,-8,0,22,0,-52,0,-20,18,-92,0,-85,18,-129,0,-155,18,144,0,96,18,121,0,68,18,110,0,64,18,95,0,0,0,0,0,89,18,45,0,110,18,-22,18,96,18,-116,18,72,18,119,18,36,18,68,18,11,18,66,18,14,18,90,18,29,18,130,18,68,18,-140,18,123,18,-123,18,-124,18,-136,18,-74,18,132,18,-51,18]"
CSI_DATA,123999,d8:b1:90:d9:de:f0,-37,9,-99,-34,38,104,-1492889780,98,0,106,0,"[46,17,101,0,-14,16,-144,0,-17,16,-89,0,19,17,-67,0,71,17,-64,0,111,17,-83,0,136,17,-117,0,143,17,128,0,139,17,57,0,114,17,-24,17,87,17,-84,17,65,17,-103,17,66,17,-99,17,0,0,0,0,123,17,-110,17,-118,17,-140,17,-54,17,90,17,-22,17,10,17,-22,17,-53,16,-52,17,-78,16,-79,17,-51,16,-110,17,-3,16,-99,17,59,17,-74,17,102,17,-16,17,140,17,58,0,142,17,99,0]"
CSI_DATA,124000,d8:b1:90:d9:de:f0,-35,11,-99,-36,37,104,-1492308852,100,0,114,0,"[15,-32,21,-33,25,-33,26,-32,29,-32,31,-29,31,-26,31,-24,31,-24,31,-22,29,-21,31,-21,31,-18,31,-19,32,-19,33,-19,35,-21,38,-21,39,-21,40,-21,38,-21,39,-21,39,-19,39,-18,40,-16,39,-14,39,-14,40,-12,0,0,39,-12,40,-11,42,-11,42,-9,42,-9,43,-9,43,-8,43,-7,42,-7,43,-5,40,-2,39,-2,38,-2,35,-1,35,-1,35,-1,35,0,35,0,35,0,38,1,39,2,40,4,40,7,39,9,38,11,36,14,33,16,29,16]"
CSI_DATA,124001,d8:b1:90:d9:de:f0,-36,11,-99,-33,37,104,-1492263935,277,0,106,0,"[-108,0,72,0,0,1,89,0,63,1,68,0,68,1,23,0,57,1,-5,19,15,1,-15,19,-20,0,-9,19,-58,0,24,0,-114,0,95,0,-163,0,-165,0,129,0,-111,0,107,0,-84,0,89,0,-93,0,0,0,0,0,29,0,161,0,-44,19,93,0,-150,19,51,0,67,19,19,0,-16,18,18,0,-66,18,29,0,-72,18,47,0,-47,18,59,0,-11,18,69,0,18,19,57,0,49,19,20,0,73,19,-27,19,86,19]"
CSI_DATA,124002,d8:b1:90:d9:de:f0,-37,9,-99,-35,38,104,-1492263436,130,0,106,0,"[92,18,-28,18,-4,17,-19,18,-58,17,24,0,-57,17,73,0,-34,17,107,0,7,18,122,0,44,18,119,0,74,18,77,0,91,18,4,0,107,18,-68,18,105,18,-123,18,110,18,-143,18,125,18,-136,18,0,0,0,0,-107,18,-108,18,-22,18,-102,18,79,0,-129,18,-144,0,132,18,-88,0,70,18,-74,0,26,18,-90,0,9,18,-119,0,14,18,155,0,26,18,136,0,51,18,135,0,89,18,151,0,125,18,-156,0]"
CSI_DATA,124003,d8:b1:90:d9:de:f0,-37,9,-99,-36,39,104,-1492263310,98,0,106,0,"[-93,0,70,0,10,1,67,0,72,1,21,0,72,1,-40,16,43,1,-79,16,3,1,-100,16,-39,0,-95,16,-75,0,-57,16,-104,0,3,0,-114,0,80,0,-114,0,135,0,-104,0,-130,0,-108,0,140,0,0,0,0,0,103,0,87,0,17,0,77,0,-83,16,103,0,112,16,-126,0,63,16,-57,0,62,16,-10,0,92,16,12,1,133,16,10,1,-112,16,-11,0,-93,16,-40,0,-99,16,-81,0,-121,16,-114,0,-138,16]"
CSI_DATA,124004,d8:b1:90:d9:de:f0,-38,9,-99,-36,39,104,-1492263161,224,0,106,0,"[-123,16,-130,0,130,16,-37,0,-132,16,30,1,-85,16,51,1,-38,16,44,1,-7,16,12,1,3,0,-25,0,-15,16,-66,0,-66,16,-107,0,-125,16,-142,0,115,16,134,0,88,16,136,0,94,16,130,0,0,0,0,0,-112,16,72,0,-94,16,-1,16,-90,16,-93,16,-127,16,97,16,107,16,39,16,62,16,21,16,32,16,49,16,29,16,85,16,42,16,125,16,59,16,-131,16,96,16,-132,16,135,16,-143,16,-133,16]"
CSI_DATA,124005,d8:b1:90:d9:de:f0,-38,11,-99,-34,39,104,-1491637237,277,0,106,0,"[133,15,108,15,66,15,63,15,7,15,78,15,-18,14,127,15,-15,14,-97,15,0,15,-58,15,34,15,-39,15,68,15,-52,15,101,15,-98,15,120,15,123,15,124,15,86,15,119,15,79,15,118,15,93,15,0,0,0,0,-123,15,-135,15,-60,15,-127,15,11,0,123,15,72,0,77,15,94,0,15,15,93,0,-22,14,61,0,-34,14,24,0,-28,14,-5,15,-12,14,-26,15,14,15,-21,15,46,15,3,0,64,15,24,0]"
CSI_DATA,124006,d8:b1:90:d9:de:f0,-37,9,-99,-36,39,104,-1491636738,262,0,106,0,"[37,0,72,16,49,0,-8,15,21,0,-52,15,-7,16,-51,15,-37,16,-32,15,-40,16,2,16,-24,16,38,16,14,0,61,16,80,0,93,16,-136,0,112,16,-85,0,125,16,-54,0,132,16,-68,0,-141,16,0,0,0,0,-115,0,-103,16,-138,0,-29,16,-135,0,56,0,-125,0,141,0,-98,0,-72,0,-75,0,-41,0,-58,0,-44,0,-57,0,-63,0,-67,0,-93,0,-86,0,-118,0,-126,0,-116,0,106,0,-103,0,77,0]"
CSI_DATA,124007,d8:b1:90:d9:de:f0,-38,9,-99,-37,40,104,-1491636550,242,0,106,0,"[-114,15,99,15,100,15,45,15,55,15,37,15,33,15,59,15,30,15,94,15,49,15,117,15,72,15,-130,15,116,15,124,15,-87,15,98,15,-38,15,59,15,-2,15,31,15,12,0,21,15,14,0,30,15,0,0,0,0,19,0,83,15,56,0,-123,15,122,0,-82,15,-73,0,-47,15,-12,0,-36,15,26,1,-48,15,32,1,-62,15,14,1,-74,15,-10,0,-83,15,-36,0,-79,15,-60,0,-50,15,-65,0,-10,15,-69,0]"
CSI_DATA,124008,d8:b1:90:d9:de:f0,-37,9,-99,-35,38,104,-1491617673,108,0,106,0,"[-116,18,-118,0,143,18,-29,0,146,18,31,1,-140,18,44,1,-114,18,30,1,-88,18,2,1,-94,18,-36,0,-121,18,-83,0,141,18,-148,0,90,18,105,0,51,18,53,0,34,18,33,0,53,18,19,0,0,0,0,0,136,18,-11,18,-97,18,-58,18,-22,18,-136,18,40,0,84,18,67,0,1,18,73,0,-45,17,56,0,-47,17,36,0,-25,17,22,0,6,18,30,0,41,18,59,0,80,18,99,0,110,18,135,0]"
CSI_DATA,124009,d8:b1:90:d9:de:f0,-36,9,-99,-32,37,104,-1491564266,130,0,106,0,"[-73,0,-132,18,-16,0,115,18,-16,0,54,18,-51,0,28,18,-105,0,31,18,-151,0,55,18,152,0,94,18,147,0,142,18,-161,0,-107,18,-134,0,-35,18,-109,0,20,0,-98,0,51,0,-114,0,60,0,0,0,0,0,156,0,104,0,107,0,154,0,69,0,-81,0,49,0,-6,0,49,0,47,1,62,0,69,1,83,0,44,1,95,0,-1,0,93,0,-44,0,74,0,-70,0,37,0,-93,0,-11,18,-114,0,-40,18]"
CSI_DATA,124010,d8:b1:90:d9:de:f0,-37,9,-99,-33,38,104,-1491563586,113,0,106,0,"[-143,0,81,17,-144,0,-19,16,97,0,-83,16,24,0,-86,16,-32,17,-41,16,-62,17,1,17,-63,17,56,17,-34,17,98,17,18,0,130,17,87,0,144,17,137,0,144,17,-135,0,140,17,-145,0,145,17,0,0,0,0,138,0,-93,17,-135,0,-32,17,-64,0,19,0,1,1,51,0,58,1,46,0,81,1,9,0,56,1,-26,17,19,1,-68,17,-28,0,-83,17,-71,0,-73,17,-101,0,-43,17,-106,0,2,0,-106,0]"
CSI_DATA,124011,d8:b1:90:d9:de:f0,-37,9,-99,-36,39,104,-1491427865,101,0,106,0,"[-63,0,19,0,29,1,5,0,74,1,-29,16,72,1,-66,16,32,1,-87,16,-7,0,-86,16,-46,0,-63,16,-81,0,-13,16,-116,0,58,0,-140,0,142,0,126,0,-88,0,117,0,-65,0,111,0,-76,0,0,0,0,0,49,0,-129,0,-24,16,122,0,-126,16,113,0,67,16,108,0,12,16,124,0,-22,15,142,0,-10,15,-132,0,17,16,-130,0,50,16,136,0,75,16,103,0,88,16,52,0,86,16,3,0,78,16]"
CSI_DATA,124012,d8:b1:90:d9:de:f0,-36,9,-99,-36,38,104,-1491402878,98,0,106,0,"[-80,0,-94,18,-3,0,149,18,-5,0,66,18,-56,0,23,18,-113,0,17,18,-156,0,45,18,140,0,76,18,151,0,123,18,-140,0,-137,18,-103,0,-88,18,-75,0,-60,18,-70,0,-50,18,-93,0,-35,18,0,0,0,0,143,0,11,0,104,0,85,0,90,0,-140,0,103,0,-51,0,134,0,7,1,-159,0,26,1,-132,0,-1,0,-122,0,-37,0,-135,0,-81,0,-151,0,-104,0,137,0,-107,0,103,0,-96,0,94,0]"
CSI_DATA,124013,d8:b1:90:d9:de:f0,-37,9,-99,-34,38,104,-1491375198,252,0,106,0,"[52,0,-29,0,127,0,34,1,-98,0,40,1,-53,0,-11,0,-32,0,-67,0,-42,0,-136,0,-67,0,139,0,-91,0,117,0,142,0,139,0,102,0,-152,0,57,0,-115,0,38,0,-106,0,24,0,-110,0,0,0,0,0,-24,17,-128,0,-79,17,-144,0,-135,17,-125,0,106,17,-86,0,79,17,-36,0,86,17,-3,0,124,17,13,1,-142,17,-8,0,-85,17,-21,0,-68,17,-51,0,-60,17,-82,0,-77,17,-122,0,-95,17]"
CSI_DATA,124014,d8:b1:90:d9:de:f0,-40,11,-99,-34,41,104,-1491308858,100,0,228,0,"[-9,-5,-12,-7,-15,-9,-15,-13,-16,-15,-15,-18,-14,-19,91,37,-10,-20,-8,-20,-6,-19,-5,-18,-4,-17,-4,-16,-3,-15,-3,-14,-5,-12,-5,-11,-6,-10,-8,-10,-8,-8,-28,-25,-11,-7,-11,-6,-12,-7,-12,-6,-11,-6,-11,-5,0,0,-11,-4,-11,-3,-11,-1,-12,0,-13,0,-14,3,53,12,-17,5,-18,5,-20,5,-21,5,-21,5,-21,4,-21,2,-21,1,-20,0,-18,0,-17,0,-16,-1,-15,-1,39,12,-13,0,-12,0,-11,0,-10,2,-10,3,-10,2,-10,2,4,-10,-5,-13,-13,-7,-14,3,-9,11,1,14,10,6,-1,-22,4,-9,-5,-8,-10,0,-8,7,0,13,11,10,17,0,13,-14,0,-21,-16,-17,-25,-2,-21,15,-5,26,2,14,24,7,21,-10,7,-21,-7,-17,-15,-6,-14,6,0,0,6,10,11,0,8,-8,-1,-12,-10,-6,-13,3,-22,17,5,13,13,5,12,-5,4,-11,-5,-10,-10,-2,-6,5,0,9,7,5,9,-4,3,-10,-6,-10,-15,-3,-29,7,-6,19,8,21,20,11,23,-4,15,-17,0,-21,-10,-15]"
CSI_DATA,124015,d8:b1:90:d9:de:f0,-37,11,-99,-35,39,104,-1491010538,277,0,106,0,"[-55,0,-116,16,-20,0,77,16,-47,0,6,16,-106,0,-19,15,114,0,-1,15,78,0,18,16,67,0,50,16,76,0,77,16,106,0,103,16,-139,0,116,16,-123,0,130,16,-115,0,-137,16,-126,0,-118,16,0,0,0,0,131,0,-66,16,-136,0,-17,16,-105,0,35,0,-55,0,74,0,-3,0,92,0,30,1,80,0,30,1,43,0,21,1,6,0,2,1,-33,16,-27,0,-56,16,-57,0,-57,16,-83,0,-40,16,-112,0]"
CSI_DATA,124016,d8:b1:90:d9:de:f0,-38,9,-99,-36,40,104,-1491010093,113,0,106,0,"[-35,0,60,0,44,1,47,0,74,1,1,0,54,1,-32,15,26,1,-54,15,-15,0,-57,15,-45,0,-39,15,-64,0,-2,15,-82,0,54,0,-96,0,101,0,-107,0,-121,0,-120,0,-111,0,117,0,-114,0,0,0,0,0,51,0,-127,0,-8,15,118,0,-80,15,-123,0,113,15,-96,0,69,15,-65,0,55,15,-42,0,65,15,-22,0,88,15,-29,0,116,15,-39,0,-117,15,-58,0,-109,15,-88,0,-110,15,125,0,-120,15]"
CSI_DATA,124017,d8:b1:90:d9:de:f0,-37,9,-99,-36,39,104,-1490801194,98,0,106,0,"[87,16,126,16,-4,15,103,16,-63,15,130,16,-74,15,-112,16,-39,15,-75,16,0,16,-46,16,48,16,-47,16,107,16,-68,16,-126,16,-113,16,-71,16,118,16,-37,16,84,16,-19,16,76,16,-11,16,93,16,0,0,0,0,50,0,-122,16,99,0,-65,16,-111,0,-24,16,-31,0,5,0,24,1,8,0,48,1,6,0,37,1,-8,16,14,1,-16,16,-15,0,-24,16,-48,0,-10,16,-84,0,13,0,-104,0,41,0,-126,0]"
CSI_DATA,124018,d8:b1:90:d9:de:f0,-37,9,-99,-38,39,104,-1490801035,130,0,106,0,"[-78,0,124,0,9,1,147,0,67,1,125,0,60,1,79,0,41,1,41,0,-4,0,24,0,-48,0,26,0,-92,0,61,0,-144,0,115,0,115,0,-131,0,78,0,-86,0,62,0,-74,0,45,0,-102,0,0,0,0,0,-8,17,-142,0,-87,17,115,0,128,17,92,0,47,17,78,0,-9,16,84,0,-26,16,97,0,-14,16,97,0,9,17,103,0,42,17,93,0,60,17,79,0,84,17,51,0,99,17,10,0,112,17]"
CSI_DATA,124019,d8:b1:90:d9:de:f0,-38,9,-99,-35,39,104,-1490592268,500,0,106,0,"[-130,0,-75,0,-50,0,-45,0,16,1,-69,0,37,1,-124,0,20,1,95,0,-7,0,59,0,-45,0,42,0,-88,0,52,0,-137,0,95,0,109,0,-136,0,89,0,-94,0,86,0,-79,0,85,0,-89,0,0,0,0,0,39,0,-126,0,-17,16,136,0,-98,16,-129,0,115,16,-97,0,76,16,-43,0,75,16,-4,0,109,16,7,1,-129,16,1,1,-93,16,-8,0,-69,16,-33,0,-66,16,-70,0,-82,16,-102,0,-100,16]"
CSI_DATA,124020,d8:b1:90:d9:de:f0,-37,9,-99,-33,38,104,-1490592040,500,0,106,0,"[-115,17,-54,0,-107,17,32,1,-58,17,72,1,-9,17,68,1,36,0,26,1,69,0,-10,0,68,0,-48,0,33,0,-78,0,-17,17,-98,0,-73,17,-103,0,-120,17,-102,0,-135,17,-97,0,-117,17,-102,0,0,0,0,0,-122,17,-145,0,-140,17,90,0,99,17,38,0,40,17,2,0,-21,16,8,0,-54,16,34,0,-40,16,60,0,-15,16,86,0,19,17,110,0,46,17,113,0,73,17,88,0,81,17,64,0,92,17]"
CSI_DATA,124021,d8:b1:90:d9:de:f0,-37,9,-99,-36,39,104,-1490591776,500,0,106,0,"[-42,0,52,0,40,1,43,0,72,1,4,0,52,1,-23,16,28,1,-44,16,-16,0,-51,16,-51,0,-38,16,-89,0,1,0,-129,0,62,0,123,0,126,0,99,0,-108,0,81,0,-88,0,70,0,-94,0,0,0,0,0,13,0,-124,0,-50,16,122,0,-141,16,104,0,61,16,103,0,1,16,118,0,-24,15,127,0,-17,15,141,0,11,16,-143,0,42,16,134,0,63,16,123,0,85,16,83,0,96,16,41,0,97,16]"
CSI_DATA,124022,d8:b1:90:d9:de:f0,-36,9,-99,-36,38,104,-1490531830,214,0,106,0,"[154,18,109,18,71,18,65,18,0,18,84,18,-22,17,142,18,-20,17,-128,18,3,18,-71,18,42,18,-54,18,83,18,-60,18,137,18,-104,18,-143,18,-159,18,-119,18,112,18,-115,18,86,18,-120,18,100,18,0,0,0,0,-86,18,144,18,-17,18,-157,18,69,0,143,18,140,0,98,18,-147,0,37,18,-153,0,-8,17,128,0,-21,17,81,0,-12,17,42,0,18,18,27,0,56,18,35,0,95,18,62,0,120,18,88,0]"
CSI_DATA,124023,d8:b1:90:d9:de:f0,-37,9,-99,-38,39,104,-1490531250,214,0,106,0,"[86,17,-143,17,-3,16,130,17,-64,16,-147,17,-73,16,-109,17,-46,16,-67,17,-9,16,-33,17,27,17,-28,17,80,17,-47,17,140,17,-101,17,-109,17,147,17,-64,17,89,17,-48,17,65,17,-35,17,78,17,0,0,0,0,-11,17,125,17,54,0,-122,17,148,0,-91,17,-59,0,-76,17,8,1,-89,17,45,1,-112,17,29,1,-137,17,-1,0,-150,17,-39,0,-152,17,-78,0,-128,17,-103,0,-87,17,-110,0,-39,17,-109,0]"
CSI_DATA,124024,d8:b1:90:d9:de:f0,-35,11,-99,-38,37,104,-1490308877,100,0,114,0,"[37,4,41,7,44,10,44,14,43,16,41,17,38,17,38,17,35,17,34,17,32,17,32,17,32,17,32,17,34,19,35,19,38,20,37,22,38,23,40,22,41,23,41,25,40,23,40,23,38,23,37,23,37,22,37,23,0,0,37,25,35,25,35,25,37,25,37,25,37,26,37,26,37,28,37,26,35,25,35,25,34,23,31,22,31,22,29,20,28,20,28,19,28,19,29,20,31,22,32,23,32,25,34,26,32,28,31,29,29,31,25,31,20,29]"
CSI_DATA,124025,d8:b1:90:d9:de:f0,-38,11,-99,-33,39,104,-1490174940,277,0,106,0,"[63,15,103,0,1,15,-103,0,-16,14,-54,0,5,15,-40,0,38,15,-43,0,73,15,-61,0,93,15,-96,0,113,15,114,0,117,15,39,0,119,15,-40,15,120,15,-107,15,123,15,119,15,-126,15,115,15,0,0,0,0,-52,15,-131,15,15,0,-117,15,102,0,-125,15,-78,0,126,15,-19,0,107,15,8,1,94,15,-7,0,90,15,-28,0,99,15,-55,0,115,15,-75,0,-116,15,-87,0,-72,15,-90,0,-23,15,-94,0]"
CSI_DATA,124026,d8:b1:90:d9:de:f0,-38,9,-99,-35,39,104,-1490174460,108,0,106,0,"[62,16,106,0,0,16,-103,0,-2,15,-40,0,29,16,-20,0,68,16,-18,0,121,16,-38,0,-138,16,-75,0,-130,16,-131,0,-137,16,71,0,124,16,-6,16,101,16,-64,16,89,16,-97,16,95,16,-100,16,0,0,0,0,-107,16,-100,16,-39,16,-116,16,39,0,115,16,100,0,52,16,137,0,-1,15,137,0,-29,15,116,0,-29,15,88,0,-10,15,73,0,25,16,69,0,59,16,87,0,102,16,107,0,-139,16,138,0]"
CSI_DATA,124027,d8:b1:90:d9:de:f0,-38,9,-99,-36,40,104,-1490174360,98,0,106,0,"[-110,15,-68,0,-124,15,10,1,-101,15,58,1,-66,15,68,1,-28,15,45,1,-11,15,12,1,-5,15,-27,0,-28,15,-72,0,-66,15,125,0,-118,15,81,0,90,15,44,0,66,15,28,0,68,15,22,0,0,0,0,0,125,15,-15,15,-96,15,-67,15,-67,15,115,15,-54,15,39,15,-59,15,-19,14,-74,15,-45,14,-87,15,-32,14,-100,15,-4,14,-97,15,29,15,-78,15,54,15,-46,15,80,15,-3,15,91,15,27,0]"
CSI_DATA,124028,d8:b1:90:d9:de:f0,-37,9,-99,-35,38,104,-1490142139,124,0,106,0,"[-51,0,-64,18,29,1,-122,18,44,1,128,18,3,1,80,18,-48,0,66,18,-88,0,85,18,-117,0,106,18,-134,0,-156,18,-132,0,-77,18,-110,0,-8,18,-81,0,42,0,-67,0,68,0,-80,0,66,0,0,0,0,0,-132,0,80,0,112,0,113,0,59,0,-128,0,26,0,-44,0,24,0,22,1,35,0,57,1,67,0,41,1,89,0,9,1,97,0,-26,0,94,0,-59,0,63,0,-91,0,13,0,-100,0,-12,18]"
CSI_DATA,124029,d8:b1:90:d9:de:f0,-37,9,-99,-38,39,104,-1489965587,130,0,106,0,"[-150,0,-108,0,-77,0,-62,0,-16,0,-73,0,2,1,-124,0,-2,0,131,0,-33,0,105,0,-55,0,90,0,-87,0,97,0,-136,0,137,0,133,0,-127,0,101,0,-97,0,83,0,-84,0,71,0,-102,0,0,0,0,0,33,0,-130,0,-39,17,149,0,-116,17,-150,0,115,17,-129,0,61,17,-92,0,45,17,-60,0,70,17,-35,0,104,17,-34,0,143,17,-38,0,-130,17,-54,0,-122,17,-84,0,-131,17,-123,0,-134,17]"
CSI_DATA,124030,d8:b1:90:d9:de:f0,-37,11,-99,-34,38,104,-1489757142,277,0,106,0,"[-52,0,14,0,28,1,-10,17,62,1,-70,17,41,1,-124,17,-2,0,142,17,-49,0,127,17,-86,0,140,17,-104,0,-133,17,-105,0,-82,17,-90,0,-20,17,-66,0,27,0,-54,0,33,0,-67,0,23,0,0,0,0,0,-118,0,32,0,136,0,71,0,111,0,-149,0,106,0,-73,0,136,0,-11,0,-124,0,4,1,-95,0,-17,0,-68,0,-61,0,-71,0,-108,0,-85,0,-134,0,-111,0,150,0,-136,0,-147,0,146,0]"
CSI_DATA,124031,d8:b1:90:d9:de:f0,-37,9,-99,-36,39,104,-1489756679,98,0,106,0,"[51,16,22,0,-25,15,52,0,-52,15,96,0,-37,15,133,0,-7,15,-133,0,42,16,-136,0,67,16,129,0,89,16,87,0,108,16,16,0,108,16,-50,16,108,16,-113,16,105,16,-135,16,112,16,-136,16,0,0,0,0,-103,16,-120,16,-23,16,-120,16,57,0,133,16,134,0,84,16,-114,0,29,16,-106,0,-10,15,-124,0,-23,15,126,0,-5,15,94,0,16,16,93,0,44,16,97,0,80,16,115,0,123,16,138,0]"
CSI_DATA,124032,d8:b1:90:d9:de:f0,-37,11,-99,-34,38,104,-1489339343,277,0,106,0,"[-51,0,-84,17,17,1,-141,17,26,1,95,17,-7,0,65,17,-47,0,59,17,-93,0,80,17,-118,0,121,17,-118,0,-137,17,-114,0,-67,17,-102,0,-3,17,-92,0,52,0,-98,0,84,0,-118,0,89,0,0,0,0,0,109,0,118,0,42,0,-149,0,-22,17,-91,0,-70,17,-29,0,-92,17,22,1,-96,17,42,1,-78,17,36,1,-48,17,17,1,-39,17,-14,0,-36,17,-45,0,-53,17,-84,0,-72,17,-125,0,-102,17]"
CSI_DATA,124033,d8:b1:90:d9:de:f0,-37,9,-99,-36,39,104,-1489338898,101,0,106,0,"[-63,16,-37,0,-25,16,63,1,48,0,96,1,106,0,67,1,141,0,17,1,-136,0,-37,0,133,0,-81,0,88,0,-107,0,25,0,-118,0,-38,16,-120,0,-77,16,-115,0,-94,16,-117,0,-95,16,-134,0,0,0,0,0,-105,16,74,0,-133,16,14,0,94,16,-43,16,28,16,-78,16,-29,15,-86,16,-52,15,-68,16,-48,15,-35,16,-22,15,-7,16,12,16,17,0,47,16,28,0,84,16,14,0,114,16,-15,16,134,16]"
CSI_DATA,124034,d8:b1:90:d9:de:f0,-37,9,-99,-34,38,104,-1489338775,98,0,106,0,"[-49,0,68,0,51,1,48,0,90,1,-17,17,73,1,-73,17,26,1,-109,17,-23,0,-127,17,-60,0,-109,17,-90,0,-71,17,-108,0,-9,17,-108,0,53,0,-114,0,93,0,-117,0,110,0,-139,0,114,0,0,0,0,0,92,0,128,0,43,0,-152,0,-19,17,-92,0,-54,17,-34,0,-65,17,23,1,-57,17,47,1,-22,17,41,1,3,0,13,1,22,0,-14,0,29,0,-48,0,17,0,-80,0,-11,17,-108,0,-38,17]"
CSI_DATA,124035,d8:b1:90:d9:de:f0,-37,9,-99,-36,39,104,-1489338661,98,0,106,0,"[37,16,65,0,-44,15,117,0,-60,15,-117,0,-31,15,-93,0,10,16,-96,0,49,16,-117,0,76,16,129,0,102,16,72,0,115,16,-2,16,131,16,-77,16,-138,16,-131,16,-118,16,131,16,-87,16,132,16,0,0,0,0,3,0,-130,16,79,0,-107,16,-113,0,-97,16,-31,0,-95,16,28,1,-97,16,46,1,-100,16,32,1,-96,16,8,1,-96,16,-20,0,-86,16,-53,0,-66,16,-83,0,-29,16,-112,0,16,0,-141,0]"
CSI_DATA,124036,d8:b1:90:d9:de:f0,-40,11,-99,-38,42,104,-1489309232,100,0,228,0,"[-5,5,-6,9,-9,11,-10,14,-13,15,-15,15,-16,15,91,37,-18,13,-18,11,-17,10,-17,10,-15,9,-15,8,-13,7,-11,7,-9,8,-7,9,-5,10,-3,12,0,13,-28,-25,1,15,2,15,2,16,2,15,1,15,2,14,0,0,2,10,3,8,5,6,6,5,8,2,10,0,-84,0,16,-1,18,-2,21,-2,21,-1,22,-1,21,0,21,0,21,0,19,0,18,0,16,0,16,0,15,0,-32,0,14,-3,14,-4,13,-5,13,-5,13,-5,12,-5,11,-5,-9,-5,-12,2,-8,11,1,15,11,10,14,0,9,-9,-17,5,-7,-5,-6,3,0,7,7,5,10,-4,3,-12,-7,-13,-17,-4,-17,10,-6,22,11,21,25,8,24,-10,10,-10,-9,-23,-21,-10,-19,7,-7,17,6,15,13,3,0,0,0,-12,-10,-6,-12,5,-5,14,7,13,16,4,28,-9,3,-16,-8,-13,-14,-3,-10,7,-1,10,5,5,5,-1,0,-5,-5,-1,-5,5,0,10,9,8,15,0,27,-14,0,-20,-14,-17,-23,-4,-20,12,-6,21,8,21,17,8]"
CSI_DATA,124037,d8:b1:90:d9:de:f0,-37,9,-99,-36,39,104,-1489129998,130,0,106,0,"[-132,0,130,16,-85,0,37,16,-96,0,-28,15,139,0,-49,15,90,0,-38,15,72,0,7,16,63,0,57,16,93,0,116,16,-143,0,-107,16,-80,0,-61,16,-34,0,-35,16,-28,0,-37,16,-44,0,-38,16,0,0,0,0,136,0,5,0,74,0,69,0,25,0,-121,0,6,0,-26,0,11,0,38,1,35,0,65,1,50,0,54,1,67,0,16,1,59,0,-21,0,43,0,-51,0,2,0,-68,0,-47,16,-71,0,-62,16]"
CSI_DATA,124038,d8:b1:90:d9:de:f0,-37,9,-99,-35,38,104,-1489129836,113,0,106,0,"[-107,0,113,0,0,1,139,0,66,1,100,0,70,1,47,0,44,1,6,0,-11,0,-19,18,-59,0,-7,18,-110,0,37,0,152,0,119,0,130,0,-111,0,132,0,-53,0,139,0,-40,0,135,0,-74,0,0,0,0,0,58,0,154,0,-29,18,112,0,-141,18,107,0,73,18,130,0,9,18,-141,0,-6,17,-113,0,23,18,-99,0,66,18,-108,0,100,18,-133,0,113,18,148,0,110,18,94,0,91,18,52,0,70,18]"
CSI_DATA,124039,d8:b1:90:d9:de:f0,-37,9,-99,-37,39,104,-1489129683,310,0,106,0,"[-86,0,83,0,31,1,77,0,94,1,13,0,83,1,-54,17,38,1,-95,17,-24,0,-112,17,-78,0,-87,17,-121,0,-32,17,-132,0,58,0,-127,0,139,0,-105,0,-107,0,-87,0,-105,0,-95,0,-135,0,0,0,0,0,98,0,93,0,5,0,90,0,-102,17,125,0,113,17,-100,0,77,17,-34,0,81,17,8,1,124,17,12,1,-132,17,-9,0,-101,17,-40,0,-97,17,-87,0,-117,17,-128,0,137,17,139,0,118,17]"
CSI_DATA,124040,d8:b1:90:d9:de:f0,-37,9,-99,-35,38,104,-1489129470,290,0,106,0,"[133,18,-140,18,25,18,135,18,-57,17,-141,18,-66,17,-84,18,-41,17,-24,18,14,18,11,0,62,18,3,0,112,18,-39,18,154,18,-112,18,-140,18,118,18,-148,18,59,18,144,18,52,18,149,18,89,18,0,0,0,0,-88,18,-138,18,7,0,-117,18,116,0,-136,18,-108,0,129,18,-58,0,69,18,-63,0,26,18,-102,0,20,18,-146,0,36,18,133,0,68,18,130,0,102,18,146,0,143,18,-134,0,-140,18,-114,0]"
CSI_DATA,124041,d8:b1:90:d9:de:f0,-37,11,-99,-37,39,104,-1488712644,277,0,106,0,"[-64,17,85,17,145,17,-2,16,66,17,-17,16,25,17,21,17,6,17,83,17,38,17,129,17,80,17,-145,17,144,17,-143,17,-66,17,129,17,1,0,83,17,40,0,41,17,46,0,19,17,27,0,38,17,0,0,0,0,24,0,-140,17,60,0,-47,17,143,0,33,0,-60,0,85,0,23,1,100,0,64,1,73,0,56,1,40,0,20,1,16,0,-23,0,2,0,-62,0,11,0,-94,0,61,0,-109,0,117,0,-97,0]"
CSI_DATA,124042,d8:b1:90:d9:de:f0,-38,9,-99,-35,39,104,-1488712172,108,0,106,0,"[-105,16,-101,0,-139,16,1,1,-126,16,65,1,-89,16,74,1,-61,16,47,1,-46,16,10,1,-55,16,-44,0,-83,16,-106,0,-131,16,103,0,89,16,35,0,52,16,-14,16,35,16,-34,16,54,16,-37,16,0,0,0,0,-106,16,-40,16,-17,16,-62,16,87,0,-109,16,-104,0,115,16,-49,0,57,16,-37,0,29,16,-50,0,40,16,-76,0,52,16,-99,0,89,16,-103,0,135,16,-97,0,-82,16,-73,0,-30,16,-57,0]"
CSI_DATA,124043,d8:b1:90:d9:de:f0,-39,9,-99,-36,40,104,-1488712036,98,0,106,0,"[-76,0,-59,15,8,1,-108,15,36,1,95,15,14,1,68,15,-18,0,56,15,-53,0,82,15,-79,0,116,15,-94,0,-78,15,-102,0,5,0,-100,0,79,0,-98,0,-120,0,-95,0,-101,0,-107,0,-109,0,0,0,0,0,57,0,90,0,-23,15,54,0,-122,15,37,0,40,15,36,0,-29,14,53,0,-54,14,71,0,-43,14,74,0,-12,14,71,0,22,15,58,0,51,15,27,0,71,15,-20,15,80,15,-74,15,78,15]"
CSI_DATA,124044,d8:b1:90:d9:de:f0,-38,9,-99,-37,40,104,-1488711922,224,0,106,0,"[76,15,-57,15,-24,14,-61,15,-80,14,-33,15,-79,14,4,0,-55,14,29,0,-10,14,31,0,32,15,18,0,81,15,-27,15,-128,15,-97,15,-85,15,94,15,-58,15,43,15,-48,15,28,15,-46,15,45,15,0,0,0,0,-10,15,-128,15,50,0,-47,15,130,0,17,0,-43,0,64,0,21,1,86,0,54,1,80,0,50,1,67,0,20,1,59,0,-19,0,50,0,-64,0,66,0,-111,0,101,0,120,0,-112,0,112,0]"
CSI_DATA,124045,d8:b1:90:d9:de:f0,-38,9,-99,-34,39,104,-1488711724,113,0,106,0,"[-126,15,-108,0,110,15,-11,0,120,15,47,1,-105,15,62,1,-69,15,56,1,-58,15,9,1,-58,15,-34,0,-84,15,-90,0,-130,15,110,0,83,15,50,0,40,15,21,0,26,15,6,0,43,15,3,0,0,0,0,0,-121,15,-20,15,-38,15,-60,15,37,0,134,15,92,0,54,15,122,0,-15,14,123,0,-45,14,103,0,-47,14,83,0,-9,14,72,0,27,15,78,0,60,15,115,0,101,15,-110,0,-132,15,-84,0]"
CSI_DATA,124046,d8:b1:90:d9:de:f0,-35,11,-99,-38,37,104,-1488308780,100,0,114,0,"[-19,34,-22,35,-25,37,-29,38,-29,37,-29,37,-28,34,-26,34,-25,31,-25,31,-22,29,-22,31,-20,29,-20,32,-20,34,-20,35,-20,40,-20,40,-19,43,-17,43,-17,44,-17,44,-16,44,-14,44,-13,43,-11,43,-11,41,-8,43,0,0,-8,43,-7,43,-7,44,-4,46,-4,47,-2,47,-2,47,-1,46,0,44,1,43,2,41,4,40,5,37,5,37,5,34,7,35,8,32,8,34,10,35,10,35,11,35,11,38,13,38,14,41,13,41,11,41,10,38,7,35]"
CSI_DATA,124047,d8:b1:90:d9:de:f0,-37,11,-99,-37,39,104,-1488294845,277,0,106,0,"[-54,0,-121,17,-6,0,88,17,-18,0,19,17,-70,0,-9,16,-125,0,10,17,130,0,35,17,120,0,81,17,129,0,128,17,-133,0,-115,17,-91,0,-71,17,-63,0,-38,17,-64,0,-21,17,-95,0,-15,17,0,0,0,0,140,0,25,0,99,0,92,0,91,0,-113,0,91,0,-39,0,112,0,12,1,138,0,21,1,-137,0,-8,0,-130,0,-46,0,-142,0,-75,0,130,0,-95,0,101,0,-103,0,76,0,-95,0,61,0]"
CSI_DATA,124048,d8:b1:90:d9:de:f0,-38,9,-99,-34,39,104,-1488294382,130,0,106,0,"[-119,15,52,15,61,15,11,15,-4,14,36,15,-27,14,104,15,-18,14,-105,15,16,15,-73,15,54,15,-60,15,95,15,-78,15,133,15,-109,15,-111,15,116,15,-101,15,85,15,-100,15,84,15,-88,15,105,15,0,0,0,0,-27,15,-127,15,38,0,-118,15,114,0,118,15,-106,0,74,15,-87,0,24,15,-108,0,-6,14,131,0,-6,14,85,0,7,15,57,0,38,15,49,0,59,15,58,0,79,15,79,0,94,15,78,0]"
CSI_DATA,124049,d8:b1:90:d9:de:f0,-39,9,-99,-35,40,104,-1488294238,98,0,106,0,"[89,14,-76,0,65,14,0,0,83,14,45,0,118,14,46,0,-97,14,20,0,-79,14,-17,0,-80,14,-63,0,-101,14,-115,0,111,14,75,0,77,14,22,0,51,14,-9,14,51,14,-28,14,68,14,-34,14,0,0,0,0,-93,14,-70,14,-33,14,-105,14,31,0,88,14,70,0,23,14,93,0,-21,13,93,0,-35,13,74,0,-25,13,62,0,2,14,63,0,34,14,65,0,66,14,88,0,99,14,116,0,-124,14,-117,0]"
CSI_DATA,124050,d8:b1:90:d9:de:f0,-39,9,-99,-37,41,104,-1488294089,98,0,106,0,"[-91,13,35,13,84,13,-18,12,33,13,-14,12,16,13,16,13,29,13,56,13,55,13,89,13,95,13,105,13,-87,13,106,13,-26,13,92,13,27,0,71,13,68,0,59,13,80,0,63,13,78,0,88,13,0,0,0,0,77,0,-71,13,101,0,-2,13,-89,0,61,0,-44,0,115,0,-4,0,-91,0,11,0,-96,0,0,0,-110,0,-18,0,101,0,-43,0,90,0,-75,0,93,0,-110,0,106,0,99,0,-107,0,83,0]"
CSI_DATA,124051,d8:b1:90:d9:de:f0,-38,9,-99,-36,39,104,-1488085483,407,0,106,0,"[-41,16,-80,0,-35,16,10,1,7,0,62,1,54,0,50,1,84,0,22,1,93,0,-23,0,76,0,-53,0,38,0,-74,0,-25,16,-80,0,-88,16,-72,0,-130,16,-57,0,-133,16,-44,0,-113,16,-61,0,0,0,0,0,-72,16,-138,0,-85,16,65,0,-130,16,-13,16,87,16,-76,16,17,16,-102,16,-21,15,-98,16,-29,15,-66,16,-14,15,-35,16,10,16,-14,16,30,16,-12,16,49,16,-26,16,68,16,-48,16,75,16]"
CSI_DATA,124052,d8:b1:90:d9:de:f0,-37,11,-99,-36,39,104,-1487459247,277,0,106,0,"[68,16,142,16,-14,15,129,16,-60,15,-125,16,-60,15,-78,16,-33,15,-35,16,-4,15,-11,16,32,16,-5,16,74,16,-24,16,113,16,-71,16,-135,16,-127,16,-111,16,108,16,-106,16,81,16,-93,16,83,16,0,0,0,0,-54,16,120,16,3,0,124,16,74,0,116,16,142,0,92,16,-93,0,50,16,-86,0,26,16,-108,0,21,16,-132,0,26,16,125,0,39,16,112,0,59,16,113,0,89,16,130,0,115,16,139,0]"
CSI_DATA,124053,d8:b1:90:d9:de:f0,-38,9,-99,-37,40,104,-1487458758,120,0,106,0,"[68,0,31,15,38,0,-50,14,-23,15,-82,14,-73,15,-58,14,-113,15,-14,14,-124,15,30,15,-115,15,71,15,-81,15,99,15,-27,15,112,15,33,0,103,15,81,0,90,15,92,0,74,15,76,0,77,15,0,0,0,0,62,0,114,15,90,0,-91,15,-108,0,-53,15,-44,0,-33,15,9,1,-47,15,28,1,-84,15,15,1,-113,15,-23,0,-131,15,-55,0,122,15,-84,0,-129,15,-101,0,-106,15,-95,0,-78,15,-92,0]"
CSI_DATA,124054,d8:b1:90:d9:de:f0,-37,9,-99,-33,38,104,-1487458636,130,0,106,0,"[101,17,113,17,13,17,95,17,-41,16,138,17,-53,16,-98,17,-31,16,-40,17,-1,16,-4,17,36,17,6,0,75,17,-6,17,116,17,-48,17,133,17,-101,17,145,17,143,17,139,17,125,17,-147,17,132,17,0,0,0,0,-120,17,-140,17,-62,17,-147,17,-3,17,103,17,39,0,48,17,43,0,-5,16,21,0,-35,16,-5,17,-31,16,-47,17,1,17,-65,17,23,17,-69,17,48,17,-58,17,70,17,-38,17,80,17,-26,17]"
CSI_DATA,124055,d8:b1:90:d9:de:f0,-38,9,-99,-34,39,104,-1487458519,124,0,106,0,"[-11,15,21,15,-43,15,-49,14,-84,15,-74,14,-113,15,-52,14,-127,15,-13,14,-109,15,22,15,-90,15,55,15,-46,15,86,15,20,0,111,15,92,0,129,15,-119,0,-128,15,-84,0,-116,15,-84,0,-105,15,0,0,0,0,-121,0,-52,15,-134,0,13,0,-133,0,98,0,-120,0,-94,0,-100,0,-37,0,-83,0,-13,0,-79,0,-28,0,-83,0,-49,0,-102,0,-73,0,-127,0,-93,0,102,0,-98,0,58,0,-90,0,28,0]"
CSI_DATA,124056,d8:b1:90:d9:de:f0,-37,9,-99,-36,39,104,-1487458388,101,0,106,0,"[-35,0,-31,16,30,1,-93,16,28,1,124,16,-7,0,80,16,-61,0,61,16,-117,0,59,16,138,0,84,16,130,0,115,16,-141,0,-116,16,-108,0,-76,16,-70,0,-48,16,-50,0,-46,16,-66,0,-51,16,0,0,0,0,-104,0,-50,16,-127,0,4,0,-108,0,68,0,-78,0,124,0,-32,0,-138,0,2,1,138,0,14,1,103,0,2,1,58,0,-21,0,29,0,-44,0,13,0,-69,0,19,0,-86,0,35,0,-87,0]"
CSI_DATA,124057,d8:b1:90:d9:de:f0,-40,11,-99,-33,41,104,-1487308853,100,0,228,0,"[-9,8,-11,8,-13,9,-13,10,-15,9,-16,8,-17,8,89,36,-17,7,-17,6,-17,5,-17,4,-16,4,-16,4,-16,4,-17,4,-16,4,-17,5,-17,5,-17,6,-17,6,-27,-24,-17,8,-17,7,-16,7,-16,6,-16,6,-15,5,0,0,-13,5,-13,4,-12,4,-11,5,-10,7,-9,8,-103,12,-8,10,-7,12,-8,13,-8,15,-8,15,-9,15,-10,15,-11,14,-12,14,-12,13,-13,13,-14,13,-14,12,53,12,-14,10,-15,9,-16,8,-16,8,-14,7,-14,6,-13,4,-13,-6,-16,4,-11,13,1,17,13,12,17,0,12,-10,-17,-7,-9,-9,-12,0,-8,8,1,12,10,7,13,-3,6,-12,-5,-14,-15,-7,-17,5,-8,17,7,21,20,9,4,1,11,-19,-4,-22,-17,-12,-20,3,-12,16,2,19,0,0,17,-1,10,-14,-2,-17,-14,-10,-17,3,-10,15,-5,27,15,9,17,-2,10,-13,-1,-15,-10,-8,-11,1,-5,8,2,8,7,2,5,-4,0,-8,-8,-4,-11,4,-21,23,4,15,15,10,20,-2,14,-15,2,-21,-11,-18,-17,-6]"
CSI_DATA,124058,d8:b1:90:d9:de:f0,-36,11,-99,-33,37,104,-1487250348,277,0,106,0,"[-103,0,-41,0,-14,0,-20,0,45,1,-66,0,44,1,-139,0,16,1,125,0,-55,0,86,0,-111,0,76,0,138,0,95,0,58,0,138,0,-10,19,-134,0,-44,19,-95,0,-49,19,-85,0,-59,19,-110,0,0,0,0,0,-124,19,143,0,143,19,94,0,46,19,77,0,-36,18,86,0,-69,18,112,0,-63,18,137,0,-11,18,139,0,64,19,134,0,119,19,103,0,149,19,63,0,163,19,-1,19,158,19,-62,19,133,19]"
CSI_DATA,124059,d8:b1:90:d9:de:f0,-37,9,-99,-35,38,104,-1487249876,108,0,106,0,"[-100,0,37,18,-84,0,-48,17,-116,0,-88,17,146,0,-72,17,106,0,-18,17,84,0,46,18,78,0,119,18,97,0,-107,18,133,0,-7,18,-140,0,78,0,-113,0,128,0,-116,0,148,0,-155,0,148,0,0,0,0,0,39,0,155,0,-56,18,-132,0,-149,18,-75,0,97,18,-34,0,70,18,2,1,74,18,3,1,112,18,-29,0,148,18,-84,0,-138,18,-143,0,-128,18,106,0,-140,18,26,0,146,18,-35,18,119,18]"
CSI_DATA,124060,d8:b1:90:d9:de:f0,-50,11,-99,-35,52,104,-1486623650,277,0,106,0,"[-10,3,-3,3,-29,3,10,0,28,3,28,0,-25,3,-22,0,-16,3,-23,0,-10,3,-30,0,-10,3,17,0,-17,3,0,0,27,3,-16,3,5,3,-31,3,-13,3,28,3,-25,3,-30,3,-28,3,-22,3,0,0,0,0,-20,3,-4,3,-3,3,0,0,18,3,-1,3,-19,3,-10,3,0,3,-20,3,16,0,30,3,23,0,26,3,27,0,25,3,-29,0,-30,3,-16,0,-20,3,6,0,-8,3,-24,0,-5,3,0,0]"
CSI_DATA,124061,d8:b1:90:d9:de:f0,-50,9,-99,-34,51,104,-1486623178,120,0,106,0,"[-5,3,12,0,6,0,-32,0,25,0,-26,0,-28,0,-32,0,-27,0,23,0,-33,0,13,0,20,0,11,0,2,0,18,0,-17,3,-32,0,-30,3,-6,0,32,3,15,0,-26,3,29,0,-11,3,30,0,0,0,0,0,10,0,20,0,15,0,1,0,7,0,-19,0,-7,3,26,0,-24,3,7,0,29,3,-2,3,21,3,-6,3,21,3,-9,3,23,3,-18,3,27,3,32,3,27,3,6,3,10,3,-24,3,-18,3]"
CSI_DATA,124062,d8:b1:90:d9:de:f0,-50,9,-99,-35,52,104,-1486623011,120,0,106,0,"[7,0,-10,3,3,0,30,3,-5,3,18,3,-16,3,17,3,-19,3,23,3,-17,3,-29,3,-6,3,-20,3,13,0,-12,3,-26,0,-6,3,1,0,-6,3,20,0,-8,3,29,0,-13,3,29,0,-17,3,0,0,0,0,17,0,-21,3,0,0,-15,3,-18,0,-5,3,21,0,8,0,1,0,22,0,-13,3,-30,0,-23,3,-26,0,-29,3,-29,0,24,3,26,0,13,3,10,0,-5,3,-10,3,27,3,-26,3,1,3]"
CSI_DATA,124063,d8:b1:90:d9:de:f0,-51,9,-99,-33,52,104,-1486622844,130,0,106,0,"[-10,3,-7,3,28,3,-2,3,16,3,8,0,17,3,18,0,24,3,21,0,-26,3,19,0,-19,3,7,0,-13,3,-10,3,-10,3,26,3,-14,3,0,3,-19,3,-17,3,-25,3,-25,3,28,3,-23,3,0,0,0,0,26,3,-11,3,-26,3,2,3,-14,3,18,3,3,0,-22,3,20,0,-6,3,-26,0,5,0,-21,0,13,0,-21,0,18,0,-26,0,27,0,21,0,-16,0,8,0,4,0,4,0,-22,0,11,0]"
CSI_DATA,124064,d8:b1:90:d9:de:f0,-51,9,-99,-36,52,104,-1486622673,113,0,106,0,"[13,0,-1,3,25,0,-20,3,25,0,26,3,17,0,19,3,10,0,21,3,5,0,30,3,7,0,-20,3,17,0,-2,3,-29,0,16,0,-9,0,31,0,8,0,-26,0,20,0,-26,0,23,0,30,0,0,0,0,0,14,0,19,0,0,0,15,0,-22,0,14,0,16,0,16,0,-7,3,21,0,-23,3,25,0,30,3,25,0,25,3,21,0,20,3,12,0,15,3,-5,3,2,3,-29,3,-22,3,15,3,16,3]"
CSI_DATA,124065,d8:b1:90:d9:de:f0,-43,11,-99,-35,45,104,-1486308825,100,0,114,0,"[-3,-14,-3,-16,-2,-17,-2,-17,-2,-18,-1,-17,-1,-17,-1,-16,-2,-15,-2,-14,-2,-14,-2,-14,-2,-14,-3,-14,-3,-15,-4,-15,-4,-15,-5,-16,-6,-16,-7,-16,-7,-16,-8,-16,-8,-16,-8,-15,-8,-15,-8,-14,-8,-14,-8,-12,0,0,-10,-12,-9,-13,-10,-12,-12,-12,-12,-12,-12,-12,-12,-11,-12,-10,-12,-10,-12,-9,-12,-9,-12,-8,-11,-7,-10,-6,-10,-6,-10,-5,-10,-5,-10,-4,-10,-4,-10,-4,-11,-4,-12,-4,-12,-4,-13,-5,-12,-5,-12,-5,-11,-6,-9,-5]"
CSI_DATA,124066,d8:b1:90:d9:de:f0,-42,11,-99,-35,44,104,-1486205851,277,0,106,0,"[47,0,12,0,-68,0,25,0,-49,0,-4,0,-61,0,-43,0,66,0,-69,0,25,0,77,0,-13,9,-72,0,-55,9,-42,0,-76,9,-11,0,77,9,14,0,-68,9,13,0,-55,9,-3,0,-52,9,-42,0,0,0,0,0,-66,9,53,0,71,9,34,0,53,9,15,0,39,9,4,0,42,9,-15,9,56,9,-28,9,69,9,-49,9,75,9,-64,9,68,9,72,9,56,9,57,9,34,9,45,9,14,9,52,9,12,9]"
CSI_DATA,124067,d8:b1:90:d9:de:f0,-42,9,-99,-33,43,104,-1486205370,252,0,106,0,"[-59,0,-6,0,-9,0,-16,0,3,0,-55,0,-22,0,70,0,-66,0,53,0,61,0,60,0,27,0,-75,0,9,0,-30,0,15,0,14,0,30,0,37,0,44,0,28,0,50,0,1,0,38,0,-33,0,0,0,0,0,-11,9,-75,0,-42,9,-76,0,-70,9,-73,0,81,9,-71,0,76,9,-79,0,70,9,70,0,66,9,50,0,59,9,35,0,42,9,30,0,18,9,35,0,-1,9,52,0,-2,9,-81,0,30,9]"
CSI_DATA,124068,d8:b1:90:d9:de:f0,-41,9,-99,-36,43,104,-1486205159,113,0,106,0,"[-41,0,40,10,-55,0,-6,9,87,0,-11,9,51,0,18,10,40,0,60,10,50,0,-85,10,87,0,-61,10,-47,0,-56,10,-4,0,-68,10,12,0,87,10,1,0,78,10,-24,0,78,10,-57,0,-81,10,0,0,0,0,-79,0,-26,10,-70,0,4,0,-58,0,24,0,-50,0,38,0,-57,0,49,0,-70,0,57,0,-89,0,71,0,85,0,87,0,-89,0,-80,0,-75,0,-63,0,-48,0,-50,0,-21,0,-70,0,-16,0]"
CSI_DATA,124069,d8:b1:90:d9:de:f0,-38,9,-99,-36,39,104,-1485996461,124,0,106,0,"[24,0,103,16,38,0,1,16,14,0,-67,15,-8,16,-77,15,-35,16,-72,15,-49,16,-34,15,-40,16,1,16,-10,16,41,16,49,0,103,16,111,0,-123,16,-114,0,-74,16,-77,0,-49,16,-74,0,-37,16,0,0,0,0,136,0,-2,16,65,0,38,0,-17,16,104,0,-88,16,-103,0,-136,16,-17,0,138,16,25,1,-140,16,40,1,-120,16,24,1,-105,16,1,1,-98,16,-31,0,-108,16,-75,0,-124,16,-134,0,141,16]"
CSI_DATA,124070,d8:b1:90:d9:de:f0,-37,9,-99,-35,38,104,-1485996330,124,0,106,0,"[62,0,122,18,92,0,11,18,74,0,-63,17,35,0,-89,17,8,0,-75,17,-6,18,-45,17,-2,18,-3,17,19,0,48,18,75,0,113,18,141,0,-125,18,-112,0,-69,18,-78,0,-37,18,-77,0,-18,18,0,0,0,0,-156,0,3,0,72,0,39,0,-20,18,113,0,-97,18,-110,0,-150,18,-30,0,138,18,19,1,-150,18,40,1,-125,18,33,1,-111,18,2,1,-94,18,-28,0,-108,18,-88,0,-134,18,-143,0,150,18]"
CSI_DATA,124071,d8:b1:90:d9:de:f0,-36,9,-99,-36,38,104,-1485996217,108,0,106,0,"[119,18,47,0,11,18,59,0,-52,17,103,0,-52,17,127,0,-39,17,151,0,2,18,149,0,28,18,134,0,56,18,91,0,98,18,10,0,127,18,-76,18,158,18,-157,18,-148,18,123,18,-128,18,118,18,0,0,0,0,-74,18,154,18,6,0,-107,18,115,0,-71,18,-98,0,-41,18,-1,0,-31,18,47,1,-47,18,54,1,-60,18,36,1,-70,18,2,1,-67,18,-22,0,-54,18,-55,0,-26,18,-93,0,23,0,-119,0]"
CSI_DATA,124072,d8:b1:90:d9:de:f0,-37,9,-99,-34,38,104,-1485996063,130,0,106,0,"[134,17,114,0,47,17,-129,0,17,17,-66,0,23,17,-30,0,55,17,-21,0,86,17,-22,0,109,17,-55,0,117,17,-102,0,115,17,131,0,104,17,39,0,96,17,-38,17,95,17,-78,17,103,17,-91,17,0,0,0,0,-124,17,-86,17,-39,17,-83,17,66,0,-111,17,-134,0,-149,17,-59,0,106,17,-29,0,68,17,-34,0,46,17,-58,0,41,17,-79,0,51,17,-102,0,80,17,-118,0,124,17,-112,0,-136,17,-114,0]"
CSI_DATA,124073,d8:b1:90:d9:de:f0,-37,11,-99,-35,38,104,-1485788052,277,0,106,0,"[8,0,69,18,-11,18,-35,17,-59,18,-81,17,-116,18,-78,17,-144,18,-41,17,-145,18,-7,17,-134,18,46,18,-95,18,85,18,-24,18,125,18,55,0,151,18,124,0,-135,18,-151,0,-125,18,-148,0,-102,18,0,0,0,0,127,0,-30,18,111,0,48,0,121,0,154,0,148,0,-57,0,-130,0,7,1,-105,0,25,1,-79,0,2,1,-73,0,-40,0,-84,0,-79,0,-116,0,-124,0,146,0,-152,0,80,0,-156,0,25,0]"
CSI_DATA,124074,d8:b1:90:d9:de:f0,-37,9,-99,-34,38,104,-1485787562,124,0,106,0,"[-55,17,65,17,-97,17,-30,16,150,17,-68,16,129,17,-59,16,123,17,-28,16,129,17,16,17,-143,17,62,17,-90,17,102,17,-9,17,142,17,73,0,-116,17,137,0,-78,17,-128,0,-59,17,-124,0,-38,17,0,0,0,0,101,0,40,0,34,0,98,0,-41,17,-118,0,-91,17,-26,0,-118,17,48,1,-127,17,80,1,-108,17,71,1,-92,17,40,1,-77,17,-3,0,-65,17,-51,0,-78,17,-121,0,-101,17,112,0,-125,17]"
CSI_DATA,124075,d8:b1:90:d9:de:f0,-37,9,-99,-35,38,104,-1485787422,124,0,106,0,"[-135,0,-146,0,-31,0,-108,0,50,1,-136,0,78,1,117,0,64,1,57,0,26,1,14,0,-17,0,1,0,-72,0,-1,18,-130,0,45,0,128,0,102,0,95,0,-151,0,83,0,-119,0,68,0,-128,0,0,0,0,0,13,0,130,0,-61,18,106,0,148,18,117,0,53,18,152,0,-1,17,-112,0,-13,17,-72,0,34,18,-41,0,90,18,-34,0,138,18,-42,0,-133,18,-75,0,-116,18,-128,0,-119,18,124,0,-139,18]"
CSI_DATA,124076,d8:b1:90:d9:de:f0,-37,9,-99,-33,38,104,-1485787273,124,0,106,0,"[-108,17,-91,0,-140,17,11,1,-129,17,71,1,-94,17,88,1,-62,17,64,1,-36,17,30,1,-32,17,-21,0,-48,17,-91,0,-85,17,122,0,-132,17,40,0,120,17,-21,17,100,17,-51,17,109,17,-65,17,0,0,0,0,-86,17,-80,17,0,0,-102,17,99,0,143,17,-107,0,83,17,-53,0,18,17,-46,0,-8,16,-68,0,-1,16,-98,0,21,17,-129,0,46,17,140,0,91,17,125,0,-139,17,130,0,-64,17,142,0]"
CSI_DATA,124077,d8:b1:90:d9:de:f0,-37,9,-99,-34,38,104,-1485787160,124,0,106,0,"[-71,0,-15,17,28,1,-28,17,79,1,-66,17,71,1,-92,17,53,1,-106,17,7,1,-103,17,-30,0,-82,17,-72,0,-35,17,-123,0,33,0,125,0,110,0,85,0,-121,0,57,0,-90,0,36,0,-87,0,0,0,0,0,-24,17,147,0,-95,17,80,0,114,17,26,0,17,17,-19,17,-53,16,-38,17,-87,16,-43,17,-80,16,-29,17,-54,16,-8,17,-1,16,-1,17,43,17,-14,17,98,17,-39,17,-140,17,-79,17,-101,17]"
CSI_DATA,124078,d8:b1:90:d9:de:f0,-37,9,-99,-33,38,104,-1485787011,124,0,106,0,"[99,17,120,0,20,17,-98,0,8,17,-28,0,38,17,1,1,79,17,-1,0,124,17,-19,0,-144,17,-63,0,-127,17,-128,0,-128,17,81,0,-139,17,-9,17,135,17,-81,17,127,17,-116,17,140,17,-122,17,0,0,0,0,-58,17,-99,17,27,0,-101,17,136,0,-118,17,-61,0,133,17,1,1,80,17,15,1,55,17,-17,0,49,17,-58,0,54,17,-94,0,76,17,-127,0,110,17,140,0,-124,17,135,0,-51,17,139,0]"
CSI_DATA,124079,d8:b1:90:d9:de:f0,-37,9,-99,-35,38,104,-1485786871,124,0,106,0,"[132,18,149,18,46,18,94,18,-22,17,88,18,-44,17,123,18,-37,17,-151,18,-3,17,-122,18,40,18,-101,18,94,18,-105,18,-134,18,-127,18,-50,18,-156,18,20,0,128,18,56,0,111,18,73,0,124,18,0,0,0,0,95,0,-96,18,128,0,-13,18,-130,0,77,0,-59,0,151,0,6,1,-116,0,40,1,-110,0,39,1,-132,0,18,1,146,0,-19,0,119,0,-62,0,101,0,-121,0,101,0,122,0,119,0,70,0]"
CSI_DATA,124080,d8:b1:90:d9:de:f0,-36,9,-99,-33,37,104,-1485786714,124,0,106,0,"[95,0,-82,0,154,0,10,1,-114,0,41,1,-80,0,14,1,-55,0,-28,0,-71,0,-73,0,-99,0,-116,0,-165,0,-138,0,80,0,-152,0,-15,19,-154,0,-97,19,-151,0,-132,19,-151,0,-136,19,161,0,0,0,0,0,-125,19,71,0,-125,19,-32,19,-164,19,-143,19,116,19,88,19,64,19,28,19,25,19,27,19,16,19,46,19,28,19,85,19,54,19,134,19,99,19,164,19,160,19,-147,19,-101,19,-152,19,-44,19]"
CSI_DATA,124081,d8:b1:90:d9:de:f0,-39,9,-99,-34,40,104,-1485369754,101,0,106,0,"[101,14,94,14,33,14,60,14,-17,13,77,14,-33,13,118,14,-18,13,-74,14,3,14,-39,14,34,14,-31,14,76,14,-48,14,107,14,-88,14,-116,14,97,14,-109,14,60,14,-118,14,50,14,117,14,66,14,0,0,0,0,-90,14,109,14,-38,14,-118,14,30,0,108,14,87,0,72,14,117,0,25,14,113,0,-10,13,88,0,-15,13,59,0,-9,13,34,0,0,14,18,0,24,14,23,0,47,14,37,0,62,14,49,0]"
CSI_DATA,124082,d8:b1:90:d9:de:f0,-39,11,-99,-35,41,104,-1485309155,100,0,228,0,"[-8,-3,-12,-4,-16,-5,-19,-6,-20,-9,-21,-12,-21,-13,94,38,-18,-15,-17,-16,-15,-16,-13,-15,-12,-14,-12,-13,-12,-12,-12,-10,-11,-7,-11,-6,-12,-4,-12,0,-12,0,-29,-25,-13,4,-12,5,-13,6,-12,6,-12,6,-10,6,0,0,-6,6,-5,6,-2,7,0,8,2,10,5,12,51,0,8,16,10,18,11,19,12,19,11,21,11,21,10,20,9,19,8,19,7,18,7,18,6,17,6,16,77,0,7,13,8,12,9,11,9,10,10,9,8,8,8,7,3,-9,-3,-11,-11,-6,-12,3,-6,12,2,12,9,5,-11,-18,1,-6,-5,-4,-6,3,-1,8,7,7,14,0,11,-12,0,-19,-16,-15,-25,0,-19,19,-1,27,19,21,15,6,21,-16,3,-24,-13,-18,-19,-2,-13,11,0,15,0,0,12,-2,4,-11,-6,-10,-12,0,-10,10,0,14,19,23,14,-1,7,-11,-2,-12,-9,-5,-7,2,-1,6,4,2,5,-3,0,-6,-7,-3,-10,5,-4,12,7,14,25,21,20,-8,10,-21,-7,-25,-22,-13,-25,3,-15,18,0,21]"
CSI_DATA,124083,d8:b1:90:d9:de:f0,-38,11,-99,-35,39,104,-1485161353,277,0,106,0,"[134,16,-89,0,128,16,-13,0,-106,16,33,1,-55,16,35,1,-2,16,18,1,10,0,-11,0,27,0,-35,0,16,0,-52,0,-16,16,-68,0,-53,16,-70,0,-75,16,-76,0,-91,16,-80,0,-93,16,-89,0,0,0,0,0,-87,16,-110,0,-103,16,137,0,131,16,113,0,87,16,103,0,39,16,104,0,13,16,127,0,22,16,-122,0,55,16,-95,0,82,16,-75,0,119,16,-62,0,-127,16,-70,0,-121,16,-98,0,-110,16]"
CSI_DATA,124084,d8:b1:90:d9:de:f0,-37,9,-99,-33,38,104,-1485160881,224,0,106,0,"[-60,0,-92,17,0,1,-137,17,6,1,113,17,-18,0,93,17,-55,0,90,17,-84,0,94,17,-102,0,120,17,-100,0,-138,17,-85,0,-84,17,-72,0,-34,17,-62,0,15,0,-65,0,36,0,-70,0,49,0,0,0,0,0,-105,0,77,0,-146,0,107,0,106,0,-130,0,75,0,-71,0,58,0,-17,0,63,0,11,1,69,0,20,1,87,0,11,1,102,0,-8,0,105,0,-32,0,93,0,-58,0,73,0,-79,0,40,0]"
CSI_DATA,124085,d8:b1:90:d9:de:f0,-36,9,-99,-35,38,104,-1485160710,130,0,106,0,"[55,0,-55,0,88,0,8,1,130,0,22,1,-156,0,2,1,-144,0,-25,0,-148,0,-56,0,146,0,-75,0,111,0,-68,0,61,0,-63,0,9,0,-57,0,-36,18,-56,0,-63,18,-59,0,-78,18,-74,0,0,0,0,0,-99,18,-105,0,-123,18,-148,0,130,18,129,0,78,18,101,0,26,18,72,0,-2,17,73,0,-15,17,83,0,-1,17,97,0,20,18,110,0,41,18,122,0,58,18,107,0,81,18,83,0,100,18]"
CSI_DATA,124086,d8:b1:90:d9:de:f0,-37,11,-99,-36,39,104,-1484534655,277,0,106,0,"[71,16,33,0,-10,15,57,0,-43,15,112,0,-26,15,-126,0,14,16,-94,0,63,16,-89,0,100,16,-114,0,118,16,133,0,118,16,59,0,96,16,-7,16,65,16,-54,16,42,16,-65,16,49,16,-46,16,0,0,0,0,109,16,-46,16,-115,16,-71,16,-63,16,-143,16,-39,16,65,16,-42,16,-6,15,-68,16,-33,15,-102,16,-25,15,-116,16,4,16,-126,16,33,16,-125,16,65,16,-104,16,79,16,-74,16,89,16,-52,16]"
CSI_DATA,124087,d8:b1:90:d9:de:f0,-38,9,-99,-33,39,104,-1484534192,108,0,106,0,"[-93,0,-130,15,-27,0,87,15,-9,0,48,15,-30,0,22,15,-61,0,20,15,-90,0,38,15,-112,0,74,15,-118,0,129,15,-113,0,-62,15,-91,0,15,0,-74,0,72,0,-65,0,96,0,-72,0,101,0,0,0,0,0,119,0,99,0,49,0,109,0,-34,15,-119,0,-103,15,-78,0,110,15,-28,0,96,15,-1,0,100,15,4,1,121,15,-7,0,-127,15,-25,0,-123,15,-48,0,-126,15,-80,0,124,15,-114,0,120,15]"
CSI_DATA,124088,d8:b1:90:d9:de:f0,-36,9,-99,-38,38,104,-1484325275,130,0,106,0,"[-110,0,-121,20,-38,0,132,20,-50,0,46,20,-113,0,16,20,165,0,24,20,121,0,54,20,110,0,100,20,141,0,142,20,-134,0,-170,20,-81,0,-161,20,-45,0,-170,20,-57,0,146,20,-110,0,162,20,0,0,0,0,130,0,-97,20,129,0,-1,20,157,0,89,0,-125,0,166,0,-64,0,-144,0,-30,0,-154,0,-28,0,154,0,-34,0,121,0,-54,0,98,0,-62,0,96,0,-69,0,102,0,-66,0,104,0,-76,0]"
CSI_DATA,124089,d8:b1:90:d9:de:f0,-37,9,-99,-35,38,104,-1484325131,113,0,106,0,"[96,18,-114,18,0,18,-141,18,-55,17,-119,18,-50,17,-75,18,-14,17,-52,18,29,18,-53,18,78,18,-70,18,125,18,-122,18,-140,18,112,18,-114,18,46,18,-97,18,13,18,-85,18,17,18,-72,18,63,18,0,0,0,0,-8,18,-155,18,73,0,-80,18,-139,0,-46,18,-55,0,-13,18,2,1,-2,18,26,1,2,0,13,1,0,0,-7,0,11,0,-25,0,15,0,-42,0,37,0,-59,0,68,0,-53,0,96,0,-73,0]"
CSI_DATA,124090,d8:b1:90:d9:de:f0,-34,11,-99,-37,36,104,-1484309211,100,0,114,0,"[4,40,1,44,0,48,-1,50,-4,50,-6,48,-8,47,-8,45,-6,42,-6,42,-6,40,-6,40,-6,40,-6,40,-6,44,-6,45,-6,48,-6,50,-4,50,-4,52,-4,52,-4,52,-3,52,-3,52,-4,48,-3,48,-3,47,-3,48,0,0,-1,47,-3,47,-3,47,-3,50,-3,50,-3,52,-1,52,-1,53,-3,52,-1,50,0,48,0,45,1,45,1,42,1,40,1,40,1,39,1,39,3,40,1,42,3,44,1,45,1,47,0,48,-1,48,-3,47,-4,44,-8,39]"
CSI_DATA,124091,d8:b1:90:d9:de:f0,-37,11,-99,-37,39,104,-1483907956,277,0,106,0,"[138,0,105,17,-133,0,0,17,128,0,-58,16,81,0,-68,16,33,0,-47,16,-12,17,-1,16,-13,17,53,17,20,0,114,17,79,0,-113,17,-138,0,-75,17,-75,0,-58,17,-53,0,-64,17,-77,0,-78,17,0,0,0,0,129,0,-8,17,78,0,66,0,56,0,-115,0,73,0,-15,0,117,0,50,1,-137,0,49,1,-122,0,13,1,-131,0,-41,0,140,0,-86,0,99,0,-107,0,39,0,-108,0,-5,17,-90,0,-20,17]"
CSI_DATA,124092,d8:b1:90:d9:de:f0,-37,9,-99,-35,38,104,-1483907503,98,0,106,0,"[-29,18,-66,0,9,0,41,1,91,0,81,1,-151,0,56,1,-112,0,-4,0,-116,0,-67,0,-143,0,-119,0,110,0,-152,0,22,0,-154,0,-64,18,-128,0,-116,18,-94,0,-119,18,-68,0,-97,18,-79,0,0,0,0,0,-68,18,119,0,-106,18,25,0,118,18,-48,18,18,18,-86,18,-58,17,-77,18,-94,17,-39,18,-66,17,12,0,-18,17,44,0,39,18,46,0,88,18,25,0,113,18,-26,18,110,18,-81,18,89,18]"
CSI_DATA,124093,d8:b1:90:d9:de:f0,-38,9,-99,-36,39,104,-1483907371,98,0,106,0,"[-51,0,-7,16,38,1,-25,16,76,1,-66,16,70,1,-95,16,31,1,-114,16,-11,0,-105,16,-60,0,-79,16,-109,0,-22,16,129,0,59,0,93,0,-135,0,67,0,-75,0,59,0,-58,0,53,0,-75,0,0,0,0,0,-7,16,125,0,-83,16,56,0,94,16,5,0,6,16,-32,16,-58,15,-40,16,-85,15,-32,16,-65,15,-20,16,-16,15,-11,16,32,16,-20,16,84,16,-56,16,132,16,-102,16,-130,16,131,16,-117,16]"
CSI_DATA,124094,d8:b1:90:d9:de:f0,-37,9,-99,-35,38,104,-1483907221,113,0,106,0,"[-78,18,-73,0,-85,18,31,1,-57,18,85,1,-15,18,94,1,15,0,57,1,26,0,3,1,15,0,-53,0,-29,18,-121,0,-103,18,118,0,127,18,58,0,62,18,19,0,37,18,13,0,63,18,12,0,0,0,0,0,-129,18,-33,18,-44,18,-99,18,31,0,110,18,83,0,12,18,102,0,-59,17,89,0,-84,17,74,0,-59,17,56,0,-12,17,58,0,46,18,81,0,100,18,129,0,155,18,-125,0,-121,18,-91,0]"
CSI_DATA,124095,d8:b1:90:d9:de:f0,-38,11,-99,-34,39,104,-1483490157,277,0,106,0,"[-87,0,-126,15,-28,0,70,15,-19,0,18,15,-48,0,-2,14,-85,0,-6,14,-108,0,14,15,-126,0,44,15,-132,0,90,15,-126,0,-115,15,-117,0,-47,15,-109,0,6,0,-108,0,40,0,-129,0,58,0,0,0,0,0,59,0,79,0,-9,15,97,0,-90,15,-130,0,116,15,-80,0,69,15,-33,0,63,15,-9,0,82,15,-5,0,111,15,-21,0,-131,15,-41,0,-112,15,-68,0,-101,15,-112,0,-110,15,101,0,-117,15]"
CSI_DATA,124096,d8:b1:90:d9:de:f0,-37,9,-99,-36,39,104,-1483489686,130,0,106,0,"[-84,16,70,16,133,16,-7,15,65,16,-25,15,26,16,13,16,15,16,60,16,32,16,93,16,56,16,124,16,95,16,135,16,-126,16,132,16,-61,16,122,16,-3,16,111,16,22,0,106,16,41,0,127,16,0,0,0,0,68,0,-84,16,103,0,-14,16,-121,0,50,0,-46,0,96,0,17,1,118,0,52,1,106,0,47,1,76,0,28,1,47,0,-6,0,21,0,-44,0,10,0,-88,0,15,0,-134,0,48,0,118,0]"
CSI_DATA,124097,d8:b1:90:d9:de:f0,-38,9,-99,-36,39,104,-1483475226,101,0,106,0,"[54,0,-49,0,88,0,32,1,133,0,60,1,-122,0,50,1,-109,0,23,1,-122,0,-8,0,-136,0,-41,0,115,0,-72,0,54,0,-114,0,-25,16,138,0,-92,16,109,0,-138,16,84,0,-142,16,61,0,0,0,0,0,-129,16,6,0,-97,16,-70,16,-93,16,123,16,-88,16,34,16,-96,16,-26,15,-103,16,-54,15,-118,16,-33,15,-127,16,1,16,-120,16,42,16,-105,16,79,16,-62,16,120,16,-6,16,-132,16,42,0]"
CSI_DATA,124098,d8:b1:90:d9:de:f0,-41,11,-99,-37,43,104,-1483308800,100,0,228,0,"[5,2,8,2,11,3,14,5,16,5,18,7,18,8,79,32,18,9,18,10,17,10,16,10,16,10,15,10,14,9,13,8,12,6,10,5,9,2,8,0,7,-1,-24,-21,5,-5,4,-7,3,-8,3,-8,2,-8,2,-8,0,0,0,-6,0,-5,-2,-2,-5,-1,-7,0,-9,2,72,10,-15,4,-17,5,-19,5,-20,5,-21,5,-21,4,-21,3,-19,2,-18,2,-17,2,-15,1,-13,1,-13,1,40,10,-8,2,-7,3,-5,4,-4,5,-2,5,-1,6,-1,6,-4,5,0,8,7,5,9,-1,5,-8,-1,-9,-6,-5,13,10,-1,5,3,2,3,-2,0,-5,-7,-2,-9,5,-2,12,8,13,18,3,18,-11,5,-23,-13,-21,-24,-7,-16,8,-8,24,10,21,20,8,16,-8,5,-15,-5,-12,0,0,-7,5,0,7,6,2,5,-5,-2,-7,-8,-2,-20,7,-2,9,5,8,8,1,5,-4,0,-5,-2,-1,-1,2,2,1,5,-2,1,-7,-5,-8,-12,-2,-12,8,-15,18,9,17,20,7,21,-8,10,-20,-5,-21,-16,-11,-16,1]"
CSI_DATA,124099,d8:b1:90:d9:de:f0,-39,11,-99,-36,40,104,-1483281258,277,0,106,0,"[-120,0,-83,0,-55,0,-35,0,-9,0,-32,0,7,1,-54,0,-1,0,-79,0,-27,0,-106,0,-59,0,-120,0,-109,0,127,0,78,0,127,0,2,0,-125,0,-58,15,-116,0,-95,15,-119,0,-108,15,116,0,0,0,0,0,-95,15,47,0,-99,15,-27,15,-114,15,-116,15,122,15,62,15,96,15,8,15,82,15,-11,14,75,15,5,15,84,15,35,15,104,15,63,15,-126,15,83,15,-81,15,105,15,-27,15,118,15,18,0]"
CSI_DATA,124100,d8:b1:90:d9:de:f0,-38,9,-99,-34,39,104,-1483280768,119,0,106,0,"[-102,15,-64,0,-127,15,12,1,-111,15,58,1,-87,15,62,1,-59,15,46,1,-36,15,21,1,-36,15,-16,0,-58,15,-62,0,-87,15,-117,0,-131,15,94,0,99,15,43,0,80,15,19,0,85,15,1,0,0,0,0,0,-129,15,-49,15,-83,15,-96,15,-31,15,98,15,0,0,22,15,10,0,-39,14,2,0,-58,14,-3,15,-47,14,-26,15,-21,14,-27,15,12,15,-13,15,42,15,6,0,82,15,43,0,112,15,77,0]"
CSI_DATA,124101,d8:b1:90:d9:de:f0,-39,9,-99,-34,40,104,-1483280619,139,0,106,0,"[0,0,32,14,-14,14,-37,13,-50,14,-66,13,-83,14,-59,13,-97,14,-33,13,-98,14,0,14,-88,14,27,14,-59,14,57,14,-7,14,84,14,58,0,109,14,108,0,-117,14,-108,0,-101,14,-103,0,-84,14,0,0,0,0,114,0,-32,14,106,0,34,0,116,0,115,0,-110,0,-55,0,-84,0,-17,0,-67,0,3,0,-55,0,-14,0,-61,0,-43,0,-74,0,-73,0,-97,0,-94,0,103,0,-108,0,59,0,-107,0,21,0]"
CSI_DATA,124102,d8:b1:90:d9:de:f0,-39,9,-99,-35,40,104,-1483280448,119,0,106,0,"[-114,0,-81,0,-42,0,-42,0,10,0,-52,0,25,0,-92,0,23,0,-121,0,0,0,94,0,-29,0,76,0,-71,0,78,0,121,0,92,0,62,0,123,0,15,0,-97,0,-9,14,-81,0,-19,14,-91,0,0,0,0,0,-45,14,110,0,-90,14,55,0,93,14,14,0,21,14,-10,14,-36,13,-10,14,-58,13,0,0,-45,13,24,0,-16,13,43,0,13,14,49,0,46,14,47,0,78,14,21,0,105,14,-12,14,-124,14]"
CSI_DATA,124103,d8:b1:90:d9:de:f0,-38,9,-99,-35,39,104,-1483280299,139,0,106,0,"[44,16,3,0,-34,15,39,0,-62,15,91,0,-49,15,131,0,-15,15,-119,0,25,16,-118,0,59,16,-134,0,88,16,112,0,112,16,51,0,121,16,-23,16,119,16,-80,16,123,16,-110,16,-139,16,-113,16,0,0,0,0,-78,16,-101,16,-11,16,-114,16,67,0,116,16,130,0,62,16,-115,0,9,16,-118,0,-21,15,130,0,-29,15,88,0,-11,15,64,0,16,16,51,0,51,16,55,0,97,16,85,0,-138,16,107,0]"
CSI_DATA,124104,d8:b1:90:d9:de:f0,-39,9,-99,-35,40,104,-1483280137,133,0,106,0,"[-16,14,34,14,-53,14,-33,13,-102,14,-55,13,104,14,-39,13,89,14,0,14,77,14,40,14,97,14,73,14,-119,14,100,14,-67,14,110,14,-4,14,109,14,48,0,106,14,71,0,101,14,75,0,102,14,0,0,0,0,83,0,-82,14,104,0,-27,14,-95,0,31,0,-35,0,73,0,21,0,84,0,50,0,68,0,42,0,42,0,23,0,11,0,-6,0,-9,14,-41,0,-12,14,-81,0,3,0,-106,0,30,0,120,0]"
CSI_DATA,124105,d8:b1:90:d9:de:f0,-38,9,-99,-34,39,104,-1483279976,113,0,106,0,"[-69,0,-121,15,-18,0,77,15,-21,0,6,15,-73,0,-24,14,-123,0,-28,14,112,0,-8,14,81,0,30,15,79,0,70,15,98,0,124,15,133,0,-90,15,-104,0,-44,15,-82,0,-31,15,-87,0,-24,15,0,0,0,0,-135,0,19,0,99,0,69,0,73,0,-122,0,84,0,-37,0,113,0,23,1,-120,0,37,1,-99,0,10,1,-81,0,-30,0,-86,0,-76,0,-106,0,-112,0,130,0,-130,0,77,0,-131,0,44,0]"
CSI_DATA,124106,d8:b1:90:d9:de:f0,-39,9,-99,-35,40,104,-1483279867,133,0,106,0,"[-34,0,-5,14,33,0,-47,14,55,0,-102,14,28,0,102,14,-4,0,73,14,-48,0,68,14,-82,0,83,14,-107,0,116,14,-113,0,-80,14,-111,0,-20,14,-98,0,29,0,-93,0,47,0,-95,0,53,0,0,0,0,0,98,0,62,0,51,0,95,0,5,0,-96,0,-12,14,-22,0,-5,14,34,0,19,0,54,0,51,0,45,0,77,0,17,0,92,0,-21,0,86,0,-62,0,64,0,-90,0,26,0,-106,0,-4,14]"
CSI_DATA,124107,d8:b1:90:d9:de:f0,-39,9,-99,-37,41,104,-1483279741,113,0,106,0,"[34,13,7,0,-28,12,52,0,-44,12,107,0,-24,12,-77,0,19,13,-57,0,56,13,-55,0,92,13,-66,0,110,13,-100,0,116,13,86,0,106,13,31,0,89,13,-11,13,81,13,-30,13,88,13,-30,13,0,0,0,0,-102,13,-39,13,-55,13,-79,13,-30,13,86,13,-19,13,20,13,-39,13,-26,12,-71,13,-45,12,-98,13,-28,12,112,13,4,13,107,13,45,13,112,13,80,13,-91,13,103,13,-55,13,112,13,-26,13]"
CSI_DATA,124108,d8:b1:90:d9:de:f0,-38,9,-99,-37,40,104,-1483071860,108,0,106,0,"[49,15,-33,15,-36,14,-32,15,-80,14,-11,15,-83,14,23,0,-60,14,42,0,-32,14,38,0,4,15,30,0,39,15,6,0,84,15,-43,15,126,15,-99,15,-90,15,116,15,-61,15,95,15,-33,15,104,15,0,0,0,0,8,0,-120,15,69,0,-68,15,-111,0,-37,15,-33,0,-5,15,27,1,11,0,60,1,9,0,58,1,-6,15,38,1,-20,15,10,1,-33,15,-25,0,-29,15,-66,0,-14,15,-103,0,24,0,121,0]"
CSI_DATA,124109,d8:b1:90:d9:de:f0,-39,11,-99,-34,40,104,-1482863459,277,0,106,0,"[104,0,-80,0,-74,0,-34,0,-22,0,-31,0,8,0,-58,0,13,0,-96,0,4,0,117,0,-11,0,94,0,-41,0,83,0,-88,0,86,0,96,0,101,0,46,0,119,0,11,0,-113,0,-6,14,-115,0,0,0,0,0,-30,14,86,0,-75,14,34,0,102,14,0,0,25,14,-26,14,-32,13,-19,14,-63,13,1,0,-60,13,33,0,-32,13,70,0,5,14,87,0,49,14,90,0,91,14,67,0,-119,14,24,0,-99,14]"
CSI_DATA,124110,d8:b1:90:d9:de:f0,-38,9,-99,-36,40,104,-1482862978,133,0,106,0,"[-78,0,-102,15,-13,0,105,15,8,1,66,15,4,1,46,15,-13,0,45,15,-42,0,55,15,-55,0,77,15,-68,0,115,15,-90,0,-79,15,-106,0,-10,15,-124,0,53,0,115,0,98,0,90,0,110,0,0,0,0,0,23,0,96,0,-45,15,77,0,125,15,67,0,39,15,61,0,-32,14,71,0,-61,14,86,0,-56,14,95,0,-23,14,104,0,10,15,101,0,45,15,87,0,87,15,51,0,127,15,6,0,-105,15]"
CSI_DATA,124111,d8:b1:90:d9:de:f0,-39,9,-99,-34,40,104,-1482862870,133,0,106,0,"[-61,0,71,0,16,0,87,0,58,0,77,0,69,0,59,0,49,0,44,0,35,0,29,0,3,0,29,0,-33,0,37,0,-82,0,64,0,102,0,92,0,42,0,116,0,5,0,-110,0,-16,14,-118,0,0,0,0,0,-54,14,78,0,-82,14,17,0,106,14,-45,14,52,14,-102,14,0,14,100,14,-27,13,95,14,-26,13,118,14,-15,13,-107,14,6,14,-81,14,43,14,-67,14,93,14,-63,14,-96,14,-74,14,-44,14]"
CSI_DATA,124112,d8:b1:90:d9:de:f0,-38,9,-99,-36,40,104,-1482862744,113,0,106,0,"[65,15,-66,15,-12,14,-82,15,-65,14,-69,15,-71,14,-47,15,-62,14,-32,15,-35,14,-9,15,-9,14,-10,15,25,15,-24,15,77,15,-55,15,-122,15,-91,15,-60,15,-128,15,-24,15,111,15,-3,15,117,15,0,0,0,0,37,0,-92,15,80,0,-28,15,-110,0,24,0,-37,0,78,0,20,1,100,0,54,1,100,0,59,1,81,0,45,1,57,0,9,1,34,0,-34,0,26,0,-85,0,35,0,118,0,55,0,73,0]"
CSI_DATA,124113,d8:b1:90:d9:de:f0,-39,9,-99,-34,40,104,-1482862582,113,0,106,0,"[-102,14,80,14,88,14,19,14,41,14,6,14,26,14,20,14,17,14,44,14,24,14,72,14,44,14,92,14,79,14,102,14,-109,14,108,14,-47,14,117,14,14,0,115,14,49,0,117,14,67,0,-112,14,0,0,0,0,80,0,-51,14,83,0,15,0,106,0,87,0,-96,0,-80,0,-50,0,-32,0,-22,0,-25,0,-16,0,-43,0,-19,0,-73,0,-33,0,-111,0,-60,0,109,0,-102,0,91,0,80,0,90,0,31,0]"
CSI_DATA,124114,d8:b1:90:d9:de:f0,-38,9,-99,-33,39,104,-1482862428,98,0,106,0,"[75,15,-97,15,-7,14,-123,15,-62,14,-108,15,-75,14,-81,15,-66,14,-47,15,-41,14,-22,15,-13,14,-11,15,22,15,-21,15,76,15,-54,15,-129,15,-89,15,-73,15,-126,15,-43,15,114,15,-22,15,118,15,0,0,0,0,31,0,-103,15,76,0,-51,15,-109,0,-5,15,-27,0,23,0,42,1,29,0,78,1,7,0,75,1,-12,15,48,1,-34,15,8,1,-55,15,-38,0,-56,15,-85,0,-36,15,-125,0,7,0,106,0]"
CSI_DATA,124115,d8:b1:90:d9:de:f0,-38,9,-99,-33,39,104,-1482654079,130,0,106,0,"[59,15,91,0,1,15,-103,0,-2,14,-41,0,34,15,-7,0,82,15,2,1,118,15,-22,0,-121,15,-48,0,-126,15,-84,0,122,15,126,0,97,15,81,0,83,15,48,0,82,15,28,0,102,15,18,0,0,0,0,0,-88,15,-33,15,-43,15,-84,15,-8,15,107,15,8,0,29,15,0,0,-36,14,-28,15,-65,14,-53,15,-59,14,-82,15,-27,14,-99,15,4,15,-110,15,38,15,-95,15,76,15,-56,15,112,15,-20,15]"
CSI_DATA,124116,d8:b1:90:d9:de:f0,-35,11,-99,-37,37,104,-1482308865,100,0,114,0,"[4,37,2,40,0,43,-2,45,-5,45,-7,43,-8,42,-8,39,-7,36,-7,37,-8,34,-7,36,-7,36,-7,37,-7,39,-7,40,-7,42,-8,43,-7,45,-7,45,-7,47,-7,47,-7,47,-7,47,-5,46,-5,45,-5,43,-5,43,0,0,-4,43,-7,43,-5,45,-5,45,-4,46,-5,46,-4,47,-4,47,-4,45,-2,45,-2,43,-1,42,-1,40,-1,39,-1,37,0,36,0,34,0,34,0,36,0,37,0,39,0,40,1,42,0,43,-2,43,-4,42,-5,39,-7,36]"
CSI_DATA,124117,d8:b1:90:d9:de:f0,-38,9,-99,-35,39,104,-1482236316,119,0,106,0,"[80,0,-58,0,-138,0,9,1,-85,0,17,1,-62,0,-11,0,-63,0,-47,0,-90,0,-80,0,-123,0,-94,0,100,0,-101,0,34,0,-98,0,-33,16,-92,0,-78,16,-95,0,-99,16,-107,0,-105,16,-133,0,0,0,0,0,-105,16,44,0,-110,16,-27,16,-131,16,-116,16,114,16,88,16,83,16,43,16,65,16,23,16,62,16,28,16,73,16,58,16,94,16,83,16,119,16,101,16,-121,16,106,16,-77,16,109,16,-39,16]"
CSI_DATA,124118,d8:b1:90:d9:de:f0,-37,9,-99,-33,38,104,-1482236176,139,0,106,0,"[100,17,-147,0,42,17,-76,0,41,17,-26,0,68,17,-15,0,95,17,-18,0,131,17,-43,0,135,17,-81,0,123,17,-135,0,108,17,101,0,87,17,32,0,77,17,-20,17,87,17,-47,17,118,17,-56,17,0,0,0,0,-91,17,-98,17,-19,17,-130,17,58,0,106,17,122,0,54,17,-137,0,5,17,-130,0,-18,16,-132,0,-11,16,137,0,5,17,128,0,32,17,128,0,58,17,131,0,93,17,138,0,131,17,143,0]"
CSI_DATA,124119,d8:b1:90:d9:de:f0,-36,9,-99,-36,38,104,-1482236041,119,0,106,0,"[-84,0,108,0,7,1,117,0,65,1,86,0,57,1,45,0,37,1,12,0,-11,0,16,0,-44,0,25,0,-79,0,59,0,-128,0,109,0,153,0,-159,0,113,0,-119,0,83,0,-112,0,52,0,-137,0,0,0,0,0,-12,18,142,0,-100,18,86,0,127,18,75,0,42,18,55,0,-17,17,54,0,-49,17,69,0,-40,17,76,0,-3,17,86,0,25,18,84,0,46,18,70,0,69,18,44,0,98,18,2,0,123,18]"
CSI_DATA,124120,d8:b1:90:d9:de:f0,-37,9,-99,-37,39,104,-1482235874,139,0,106,0,"[117,0,79,17,135,0,-9,16,107,0,-58,16,72,0,-62,16,40,0,-36,16,25,0,-3,16,33,0,33,17,61,0,69,17,105,0,109,17,-143,0,-146,17,-107,0,-114,17,-98,0,-90,17,-113,0,-56,17,0,0,0,0,130,0,16,0,99,0,86,0,84,0,-121,0,80,0,-36,0,88,0,25,1,100,0,43,1,112,0,28,1,121,0,-1,0,117,0,-28,0,106,0,-46,0,81,0,-65,0,43,0,-84,0,13,0]"
CSI_DATA,124121,d8:b1:90:d9:de:f0,-37,9,-99,-34,38,104,-1482235739,119,0,106,0,"[48,17,-10,17,-40,16,16,0,-76,16,71,0,-54,16,111,0,-17,16,129,0,21,17,123,0,51,17,103,0,66,17,55,0,79,17,-14,17,89,17,-82,17,95,17,-121,17,109,17,-142,17,143,17,-142,17,0,0,0,0,-73,17,-130,17,7,0,-139,17,93,0,123,17,-137,0,76,17,-97,0,29,17,-83,0,8,17,-104,0,8,17,-131,0,21,17,-152,0,41,17,131,0,66,17,141,0,102,17,-150,0,146,17,-147,0]"
CSI_DATA,124122,d8:b1:90:d9:de:f0,-37,9,-99,-36,39,104,-1482235599,139,0,106,0,"[-22,16,51,16,-60,16,-30,15,-115,16,-51,15,136,16,-33,15,122,16,13,16,129,16,47,16,-135,16,70,16,-92,16,83,16,-30,16,81,16,24,0,74,16,69,0,74,16,92,0,87,16,92,0,117,16,0,0,0,0,98,0,-97,16,132,0,-29,16,-98,0,35,0,-44,0,89,0,7,1,113,0,33,1,112,0,28,1,90,0,14,1,71,0,-8,0,53,0,-35,0,49,0,-71,0,59,0,-95,0,80,0,-125,0]"
CSI_DATA,124123,d8:b1:90:d9:de:f0,-38,9,-99,-35,39,104,-1482235456,119,0,106,0,"[95,16,-138,16,2,16,129,16,-57,15,-117,16,-66,15,-61,16,-34,15,-13,16,-2,15,0,0,42,16,1,0,79,16,-26,16,106,16,-69,16,128,16,-117,16,-129,16,125,16,-117,16,114,16,-99,16,119,16,0,0,0,0,-19,16,-105,16,45,0,-104,16,130,0,-116,16,-75,0,130,16,-33,0,88,16,-26,0,53,16,-53,0,46,16,-91,0,34,16,-121,0,49,16,130,0,77,16,124,0,107,16,130,0,-136,16,134,0]"
CSI_DATA,124124,d8:b1:90:d9:de:f0,-38,9,-99,-36,40,104,-1482235307,139,0,106,0,"[-47,0,58,0,41,1,31,0,76,1,-25,15,60,1,-76,15,20,1,-102,15,-23,0,-121,15,-53,0,-105,15,-75,0,-73,15,-81,0,-28,15,-85,0,20,0,-90,0,58,0,-99,0,68,0,-120,0,64,0,0,0,0,0,64,0,77,0,-2,15,100,0,-59,15,-99,0,-97,15,-38,0,-103,15,20,1,-86,15,48,1,-60,15,42,1,-29,15,28,1,-2,15,7,1,3,0,-23,0,-1,15,-51,0,-11,15,-74,0,-25,15]"
CSI_DATA,124125,d8:b1:90:d9:de:f0,-38,9,-99,-35,39,104,-1482235136,133,0,106,0,"[85,16,133,0,44,16,-58,0,74,16,13,1,129,16,32,1,-93,16,26,1,-54,16,-13,0,-39,16,-43,0,-57,16,-81,0,-97,16,-124,0,-136,16,127,0,111,16,111,0,105,16,106,0,121,16,89,0,0,0,0,0,-110,16,19,0,-103,16,-49,16,-115,16,-124,16,121,16,82,16,68,16,45,16,33,16,49,16,16,16,80,16,23,16,116,16,39,16,-122,16,55,16,-100,16,86,16,-92,16,123,16,-97,16,-134,16]"
CSI_DATA,124126,d8:b1:90:d9:de:f0,-38,11,-99,-33,39,104,-1481818962,277,0,106,0,"[-95,0,-128,15,-47,0,64,15,-49,0,11,15,-79,0,-14,14,-111,0,-8,14,123,0,8,15,111,0,46,15,109,0,85,15,123,0,-120,15,-115,0,-55,15,-97,0,-3,15,-91,0,27,0,-94,0,46,0,0,0,0,0,114,0,76,0,61,0,115,0,2,0,-80,0,-37,15,-10,0,-51,15,52,1,-44,15,81,1,-15,15,78,1,17,0,46,1,25,0,10,1,24,0,-31,0,-4,15,-79,0,-49,15,-113,0,-93,15]"
CSI_DATA,124127,d8:b1:90:d9:de:f0,-37,9,-99,-36,39,104,-1481818481,130,0,106,0,"[-143,0,116,16,-107,0,31,16,-138,0,-30,15,108,0,-44,15,70,0,-35,15,29,0,-7,15,23,0,28,16,33,0,62,16,70,0,116,16,115,0,-131,16,-127,0,-95,16,-99,0,-72,16,-109,0,-56,16,0,0,0,0,-138,0,-8,16,125,0,60,0,131,0,141,0,-134,0,-61,0,-93,0,-7,0,-56,0,3,1,-29,0,-32,0,-29,0,-74,0,-43,0,-125,0,-81,0,132,0,-133,0,122,0,99,0,136,0,66,0]"
CSI_DATA,124128,d8:b1:90:d9:de:f0,-38,9,-99,-36,40,104,-1481818328,113,0,106,0,"[-79,0,-99,15,-29,0,90,15,-31,0,33,15,-63,0,-1,14,-107,0,-1,14,108,0,9,15,86,0,42,15,86,0,74,15,102,0,126,15,-126,0,-83,15,-98,0,-37,15,-85,0,-13,15,-90,0,-7,15,0,0,0,0,-126,0,23,0,97,0,74,0,84,0,-103,0,87,0,-26,0,118,0,26,1,-100,0,42,1,-70,0,14,1,-56,0,-29,0,-59,0,-74,0,-96,0,-108,0,119,0,127,0,70,0,-125,0,39,0]"
CSI_DATA,124129,d8:b1:90:d9:de:f0,-37,9,-99,-36,39,104,-1481818228,108,0,106,0,"[8,0,60,16,-24,16,-22,15,-87,16,-52,15,-138,16,-34,15,122,16,1,16,109,16,44,16,125,16,80,16,-131,16,106,16,-78,16,111,16,-13,16,112,16,39,0,106,16,65,0,104,16,71,0,112,16,0,0,0,0,92,0,-123,16,117,0,-69,16,-92,0,-20,16,-10,0,7,0,54,1,4,0,85,1,-25,16,70,1,-71,16,33,1,-105,16,-20,0,-123,16,-67,0,-115,16,-107,0,-74,16,-115,0,-22,16,-109,0]"
CSI_DATA,124130,d8:b1:90:d9:de:f0,-38,9,-99,-34,39,104,-1481818110,321,0,106,0,"[58,0,68,15,68,0,-24,14,46,0,-68,14,16,0,-67,14,4,0,-46,14,-11,15,-10,14,0,0,30,15,28,0,76,15,78,0,133,15,126,0,-84,15,-102,0,-37,15,-80,0,-5,15,-82,0,11,0,0,0,0,0,122,0,63,0,60,0,101,0,-10,15,-98,0,-61,15,-24,0,-87,15,45,1,-90,15,77,1,-72,15,69,1,-52,15,46,1,-34,15,-2,0,-34,15,-51,0,-62,15,-113,0,-102,15,102,0,124,15]"
CSI_DATA,124131,d8:b1:90:d9:de:f0,-39,9,-99,-34,40,104,-1481817933,321,0,106,0,"[-99,14,73,14,90,14,16,14,45,14,4,14,29,14,27,14,29,14,48,14,48,14,78,14,72,14,97,14,-118,14,104,14,-59,14,104,14,13,0,104,14,69,0,101,14,102,0,106,14,112,0,115,14,0,0,0,0,110,0,-56,14,108,0,10,0,-116,0,95,0,-84,0,-67,0,-48,0,-16,0,-22,0,-1,0,-14,0,-17,0,-22,0,-50,0,-50,0,-86,0,-82,0,-108,0,101,0,-119,0,37,0,-114,0,-9,14]"
CSI_DATA,124132,d8:b1:90:d9:de:f0,-38,9,-99,-33,39,104,-1481817738,321,0,106,0,"[90,0,68,15,111,0,-7,14,89,0,-52,14,62,0,-61,14,39,0,-43,14,21,0,-13,14,24,0,21,15,44,0,64,15,80,0,115,15,123,0,-92,15,-102,0,-50,15,-83,0,-16,15,-85,0,2,0,0,0,0,0,124,0,54,0,82,0,99,0,29,0,-87,0,-1,15,-10,0,-13,15,58,1,-2,15,85,1,15,0,76,1,38,0,41,1,42,0,3,1,26,0,-36,0,-2,15,-83,0,-50,15,-118,0,-93,15]"
CSI_DATA,124133,d8:b1:90:d9:de:f0,-38,9,-99,-33,39,104,-1481817562,321,0,106,0,"[-86,15,74,15,115,15,15,15,56,15,11,15,31,15,36,15,26,15,72,15,43,15,107,15,63,15,127,15,108,15,-128,15,-93,15,-128,15,-24,15,128,15,25,0,117,15,61,0,111,15,77,0,114,15,0,0,0,0,93,0,-76,15,114,0,-15,15,-103,0,57,0,-37,0,116,0,20,1,-118,0,54,1,-122,0,63,1,112,0,34,1,75,0,0,1,46,0,-38,0,34,0,-96,0,46,0,113,0,78,0,90,0]"
CSI_DATA,124134,d8:b1:90:d9:de:f0,-38,9,-99,-35,39,104,-1481817340,133,0,106,0,"[90,16,118,0,38,16,-79,0,47,16,-13,0,86,16,19,1,131,16,10,1,-107,16,-7,0,-88,16,-42,0,-87,16,-90,0,-104,16,130,0,-135,16,62,0,121,16,15,0,105,16,-13,16,109,16,-26,16,0,0,0,0,-109,16,-64,16,-61,16,-100,16,0,0,95,16,25,0,14,16,22,0,-55,15,-2,16,-92,15,-35,16,-76,15,-74,16,-38,15,-80,16,6,16,-80,16,56,16,-38,16,106,16,15,0,129,16,64,0]"
CSI_DATA,124135,d8:b1:90:d9:de:f0,-38,9,-99,-34,39,104,-1481609563,224,0,106,0,"[-72,15,69,15,-135,15,-2,14,66,15,-10,14,33,15,23,15,29,15,65,15,43,15,98,15,78,15,120,15,119,15,122,15,-98,15,109,15,-45,15,87,15,-6,15,74,15,12,0,81,15,25,0,104,15,0,0,0,0,62,0,-81,15,100,0,-20,15,-98,0,37,0,-28,0,70,0,34,1,84,0,57,1,70,0,50,1,46,0,28,1,18,0,0,1,6,0,-30,0,2,0,-65,0,16,0,-88,0,42,0,-120,0]"
CSI_DATA,124136,d8:b1:90:d9:de:f0,-37,9,-99,-37,39,104,-1481566232,113,0,106,0,"[-106,0,-124,17,-33,0,93,17,-26,0,25,17,-62,0,-11,16,-102,0,-13,16,-139,0,0,17,130,0,35,17,130,0,84,17,145,0,145,17,-127,0,-79,17,-118,0,-25,17,-113,0,9,0,-135,0,27,0,0,0,0,0,83,0,72,0,17,0,106,0,-55,17,-117,0,-107,17,-47,0,-128,17,17,1,-122,17,42,1,-101,17,43,1,-71,17,25,1,-47,17,-2,0,-31,17,-45,0,-34,17,-99,0,-58,17,-146,0,-86,17]"
CSI_DATA,124137,d8:b1:90:d9:de:f0,-38,11,-99,-35,39,104,-1481401163,277,0,106,0,"[93,0,74,16,91,0,-25,15,40,0,-74,15,-10,16,-74,15,-51,16,-50,15,-85,16,-17,15,-89,16,15,16,-75,16,42,16,-38,16,65,16,4,0,82,16,45,0,100,16,68,0,117,16,71,0,-134,16,0,0,0,0,87,0,-85,16,113,0,-23,16,-113,0,29,0,-52,0,69,0,7,1,79,0,40,1,56,0,41,1,21,0,26,1,-13,16,2,1,-47,16,-28,0,-62,16,-70,0,-66,16,-104,0,-53,16,133,0]"
CSI_DATA,124138,d8:b1:90:d9:de:f0,-38,9,-99,-34,39,104,-1481400700,101,0,106,0,"[5,0,-49,0,42,0,38,1,94,0,62,1,130,0,52,1,-124,0,16,1,-124,0,-16,0,131,0,-40,0,98,0,-61,0,50,0,-82,0,-3,15,-100,0,-56,15,-115,0,-81,15,133,0,-91,15,103,0,0,0,0,0,-85,15,26,0,-87,15,-38,15,-102,15,-122,15,-131,15,70,15,108,15,20,15,82,15,6,15,69,15,23,15,61,15,54,15,67,15,84,15,81,15,106,15,110,15,-133,15,-121,15,-114,15,-72,15]"
CSI_DATA,124139,d8:b1:90:d9:de:f0,-37,9,-99,-38,39,104,-1481372607,252,0,106,0,"[-68,17,82,17,-108,17,-13,16,147,17,-47,16,120,17,-38,16,117,17,-5,16,125,17,27,17,-142,17,54,17,-86,17,74,17,-9,17,84,17,70,0,97,17,127,0,114,17,148,0,128,17,147,0,-144,17,0,0,0,0,112,0,-33,17,80,0,49,0,70,0,-143,0,77,0,-42,0,91,0,24,1,102,0,49,1,105,0,35,1,101,0,8,1,90,0,-21,0,60,0,-41,0,34,0,-66,0,-2,17,-86,0,-27,17]"
CSI_DATA,124140,d8:b1:90:d9:de:f0,-41,11,-99,-34,42,104,-1481308833,100,0,228,0,"[0,-6,-1,-9,-2,-11,-2,-15,-2,-18,-2,-20,-1,-21,81,33,2,-21,2,-20,3,-20,4,-18,4,-17,4,-16,3,-15,2,-14,0,-13,0,-11,-2,-11,-4,-10,-6,-8,-25,-22,-9,-8,-11,-7,-11,-7,-11,-7,-10,-5,-9,-5,0,0,-8,-2,-7,-1,-5,0,-5,2,-5,5,-4,8,-65,11,-5,14,-5,16,-6,17,-6,18,-8,19,-8,19,-8,17,-8,17,-8,16,-8,15,-8,14,-8,13,-7,12,-95,11,-5,11,-4,10,-2,10,-1,10,0,9,0,8,0,8,9,-1,7,-9,-1,-13,-10,-9,-14,0,-9,8,-1,11,7,-15,7,0,2,-5,-3,-4,-5,2,-2,8,6,8,13,1,12,-10,2,-19,-12,-17,-23,-4,-21,14,-5,25,3,14,23,7,20,-9,6,-19,-8,-16,-15,-4,-11,8,0,0,8,8,11,-2,4,-9,-5,-9,-12,-2,-9,8,-5,23,8,8,11,0,7,-8,0,-8,-5,-4,-5,1,0,3,3,1,2,-3,-2,-5,-8,-2,-9,5,-4,13,0,26,17,7,20,-6,11,-18,-3,-22,-16,-14,-20,0,-14,11]"
CSI_DATA,124141,d8:b1:90:d9:de:f0,-38,9,-99,-34,39,104,-1481191773,119,0,106,0,"[-76,15,83,15,-105,15,-1,14,115,15,-30,14,83,15,-27,14,78,15,9,15,82,15,44,15,113,15,79,15,-95,15,103,15,-16,15,120,15,78,0,124,15,133,0,120,15,-112,0,120,15,-114,0,131,15,0,0,0,0,104,0,-50,15,87,0,23,0,83,0,133,0,101,0,-44,0,127,0,18,1,-122,0,42,1,-110,0,22,1,-111,0,-14,0,-131,0,-43,0,113,0,-75,0,74,0,-101,0,23,0,-115,0,-16,15]"
CSI_DATA,124142,d8:b1:90:d9:de:f0,-39,9,-99,-36,40,104,-1481191670,139,0,106,0,"[6,0,-72,0,19,0,17,1,66,0,61,1,108,0,58,1,-125,0,28,1,-125,0,-16,0,109,0,-62,0,57,0,-102,0,-19,15,122,0,-100,15,108,0,95,15,107,0,67,15,113,0,82,15,109,0,0,0,0,0,-97,15,46,0,-60,15,-32,15,-47,15,125,15,-55,15,27,15,-73,15,-39,14,-97,15,-56,14,-116,15,-35,14,-121,15,0,15,-111,15,40,15,-92,15,79,15,-49,15,103,15,3,0,120,15,42,0]"
CSI_DATA,124143,d8:b1:90:d9:de:f0,-38,9,-99,-37,40,104,-1481191517,119,0,106,0,"[-27,15,-67,0,-36,15,20,1,-3,15,66,1,27,0,77,1,54,0,51,1,75,0,11,1,60,0,-32,0,22,0,-80,0,-44,15,-124,0,-115,15,109,0,87,15,92,0,63,15,86,0,74,15,79,0,0,0,0,0,-108,15,19,0,-74,15,-50,15,-47,15,120,15,-44,15,23,15,-57,15,-40,14,-77,15,-62,14,-96,15,-45,14,-107,15,-13,14,-101,15,24,15,-79,15,58,15,-44,15,88,15,-4,15,110,15,30,0]"
CSI_DATA,124144,d8:b1:90:d9:de:f0,-37,9,-99,-37,39,104,-1481191359,139,0,106,0,"[93,0,95,17,128,0,4,17,114,0,-57,16,66,0,-78,16,26,0,-64,16,0,0,-16,16,-2,17,28,17,26,0,86,17,84,0,-144,17,-137,0,-94,17,-79,0,-62,17,-54,0,-56,17,-72,0,-50,17,0,0,0,0,133,0,-12,17,68,0,63,0,35,0,-130,0,17,0,-26,0,25,0,45,1,51,0,73,1,76,0,62,1,99,0,17,1,97,0,-30,0,80,0,-64,0,43,0,-98,0,-8,17,-124,0,-43,17]"
CSI_DATA,124145,d8:b1:90:d9:de:f0,-38,9,-99,-34,39,104,-1481191242,130,0,106,0,"[101,0,-95,0,-103,0,-21,0,-23,0,-3,0,14,1,-41,0,24,1,-93,0,-2,0,127,0,-45,0,93,0,-111,0,83,0,72,0,112,0,-2,15,-116,0,-46,15,-66,0,-50,15,-36,0,-36,15,-47,0,0,0,0,0,-30,15,113,0,-73,15,32,0,129,15,-45,15,38,15,-95,15,-45,14,-101,15,-81,14,-81,15,-73,14,-39,15,-34,14,-8,15,5,15,5,0,51,15,8,0,94,15,-14,15,-135,15,-54,15,-114,15]"
CSI_DATA,124146,d8:b1:90:d9:de:f0,-37,11,-99,-36,39,104,-1480774464,277,0,106,0,"[88,16,-138,16,5,16,111,16,-48,15,121,16,-51,15,-125,16,-43,15,-93,16,-1,15,-68,16,43,16,-61,16,104,16,-79,16,-111,16,-111,16,-43,16,127,16,13,0,80,16,34,0,56,16,47,0,71,16,0,0,0,0,77,0,140,16,111,0,-77,16,-104,0,-14,16,-21,0,37,0,39,1,67,0,58,1,66,0,46,1,53,0,16,1,37,0,-22,0,26,0,-57,0,42,0,-97,0,68,0,-134,0,109,0,129,0]"
CSI_DATA,124147,d8:b1:90:d9:de:f0,-38,9,-99,-34,39,104,-1480774011,98,0,106,0,"[-47,0,85,0,37,1,82,0,83,1,46,0,81,1,-4,15,46,1,-41,15,7,1,-56,15,-37,0,-52,15,-84,0,-27,15,-129,0,28,0,109,0,100,0,84,0,-117,0,78,0,-94,0,75,0,-98,0,0,0,0,0,19,0,-131,0,-44,15,116,0,-135,15,120,0,59,15,-134,0,11,15,-97,0,0,15,-70,0,24,15,-59,0,58,15,-64,0,85,15,-81,0,112,15,-110,0,119,15,115,0,106,15,75,0,104,15]"
CSI_DATA,124148,d8:b1:90:d9:de:f0,-37,11,-99,-34,38,104,-1480356665,277,0,106,0,"[47,0,71,17,46,0,-14,16,7,0,-60,16,-45,17,-61,16,-79,17,-32,16,-82,17,8,17,-76,17,47,17,-36,17,74,17,29,0,97,17,103,0,99,17,-148,0,101,17,-130,0,92,17,-136,0,102,17,0,0,0,0,120,0,-122,17,131,0,-46,17,-130,0,41,0,-71,0,109,0,-11,0,136,0,29,1,142,0,32,1,112,0,10,1,77,0,-16,0,62,0,-51,0,59,0,-82,0,82,0,-99,0,114,0,-102,0]"
CSI_DATA,124149,d8:b1:90:d9:de:f0,-36,9,-99,-36,38,104,-1480356212,108,0,106,0,"[17,0,-75,0,51,0,11,1,112,0,49,1,-153,0,22,1,-119,0,-17,0,-125,0,-67,0,-142,0,-100,0,135,0,-115,0,67,0,-109,0,2,0,-76,0,-36,18,-39,0,-44,18,-20,0,-27,18,-41,0,0,0,0,0,-20,18,-114,0,-74,18,140,0,159,18,99,0,66,18,91,0,-6,17,118,0,-21,17,156,0,3,18,-135,0,51,18,-127,0,93,18,-132,0,112,18,-148,0,113,18,139,0,99,18,101,0,89,18]"
CSI_DATA,124150,d8:b1:90:d9:de:f0,-37,9,-99,-39,39,104,-1480356103,130,0,106,0,"[-73,18,-86,0,-61,18,9,1,2,0,63,1,69,0,59,1,121,0,19,1,135,0,-29,0,130,0,-81,0,90,0,-118,0,13,0,-119,0,-50,18,-99,0,-95,18,-66,0,-99,18,-50,0,-70,18,-59,0,0,0,0,0,-37,18,-140,0,-81,18,89,0,145,18,39,0,45,18,20,0,-29,17,46,0,-51,17,91,0,-23,17,133,0,25,18,-154,0,70,18,-149,0,102,18,145,0,114,18,110,0,95,18,77,0,88,18]"
CSI_DATA,124151,d8:b1:90:d9:de:f0,-34,11,-99,-35,36,104,-1480309200,100,0,114,0,"[-32,-16,-33,-23,-33,-26,-33,-30,-32,-33,-30,-35,-26,-35,-26,-36,-24,-33,-23,-33,-21,-32,-20,-32,-20,-33,-21,-33,-20,-35,-20,-36,-21,-40,-21,-40,-21,-43,-20,-41,-21,-46,-21,-44,-21,-44,-20,-44,-16,-43,-16,-44,-16,-43,-16,-43,0,0,-13,-43,-12,-41,-12,-43,-12,-46,-12,-49,-10,-47,-12,-47,-10,-47,-10,-46,-9,-44,-9,-43,-7,-41,-7,-38,-6,-38,-4,-35,-4,-36,-3,-35,-3,-36,-3,-36,-4,-38,-3,-40,-1,-40,-1,-41,3,-43,4,-41,7,-41,9,-38,10,-35]"
CSI_DATA,124152,d8:b1:90:d9:de:f0,-37,11,-99,-34,38,104,-1479521068,277,0,106,0,"[-130,0,127,17,-98,0,51,17,-120,0,-21,16,134,0,-32,16,84,0,-15,16,45,0,11,17,34,0,49,17,51,0,83,17,104,0,122,17,148,0,147,17,-122,0,-135,17,-110,0,-130,17,-120,0,-117,17,0,0,0,0,-139,0,-53,17,-149,0,11,0,-123,0,84,0,-78,0,147,0,-24,0,-118,0,11,1,-121,0,21,1,148,0,9,1,124,0,-4,0,85,0,-28,0,62,0,-57,0,62,0,-85,0,78,0,-111,0]"
CSI_DATA,124153,d8:b1:90:d9:de:f0,-37,9,-99,-35,39,104,-1479520605,341,0,106,0,"[-15,16,-47,0,9,0,39,1,51,0,70,1,86,0,62,1,97,0,15,1,98,0,-15,0,71,0,-56,0,25,0,-87,0,-38,16,-105,0,-106,16,-124,0,128,16,-137,0,104,16,127,0,106,16,107,0,0,0,0,0,-131,16,23,0,-124,16,-41,16,-123,16,-131,16,-137,16,61,16,118,16,1,16,101,16,-18,15,98,16,-4,15,90,16,20,16,101,16,45,16,125,16,71,16,-113,16,83,16,-73,16,85,16,-34,16]"
CSI_DATA,124154,d8:b1:90:d9:de:f0,-38,9,-99,-36,40,104,-1479520411,321,0,106,0,"[58,15,-78,15,-20,14,-81,15,-60,14,-52,15,-51,14,-15,15,-33,14,11,0,6,15,20,0,39,15,12,0,73,15,-21,15,111,15,-73,15,-118,15,-126,15,-96,15,92,15,-79,15,79,15,-68,15,90,15,0,0,0,0,-8,15,123,15,55,0,-103,15,-121,0,-93,15,-45,0,-98,15,10,1,-115,15,29,1,124,15,20,1,110,15,-6,0,111,15,-33,0,115,15,-57,0,127,15,-69,0,-95,15,-77,0,-59,15,-84,0]"
CSI_DATA,124155,d8:b1:90:d9:de:f0,-37,9,-99,-36,39,104,-1479520234,441,0,106,0,"[-141,16,-100,0,120,16,-13,0,-136,16,38,1,-96,16,39,1,-53,16,25,1,-26,16,-19,0,-29,16,-59,0,-59,16,-100,0,-107,16,-143,0,131,16,103,0,90,16,75,0,79,16,62,0,95,16,53,0,0,0,0,0,-143,16,0,0,-106,16,-72,16,-88,16,131,16,-87,16,49,16,-109,16,-10,15,-141,16,-31,15,131,16,-21,15,120,16,13,16,131,16,49,16,-142,16,70,16,-111,16,86,16,-74,16,100,16,-41,16]"
CSI_DATA,124156,d8:b1:90:d9:de:f0,-37,9,-99,-34,38,104,-1479520026,421,0,106,0,"[-114,17,-91,0,-125,17,-8,0,-96,17,39,1,-62,17,48,1,-27,17,20,1,-5,17,-14,0,-14,17,-53,0,-46,17,-85,0,-93,17,-121,0,-152,17,-150,0,109,17,131,0,89,17,116,0,102,17,96,0,0,0,0,0,144,17,29,0,-149,17,-29,17,142,17,-118,17,123,17,106,17,89,17,54,17,61,17,40,17,46,17,58,17,49,17,95,17,66,17,120,17,85,17,134,17,115,17,139,17,150,17,135,17,-125,17]"
CSI_DATA,124157,d8:b1:90:d9:de:f0,-37,9,-99,-36,39,104,-1479519777,130,0,106,0,"[86,16,-132,16,-4,15,-138,16,-60,15,-94,16,-58,15,-35,16,-23,15,10,0,17,16,26,0,53,16,21,0,94,16,-2,16,123,16,-60,16,138,16,-115,16,138,16,134,16,-143,16,121,16,-125,16,133,16,0,0,0,0,-58,16,-129,16,6,0,-129,16,85,0,127,16,-140,0,80,16,-106,0,20,16,-103,0,-10,15,140,0,-17,15,100,0,-5,15,70,0,15,16,57,0,31,16,58,0,69,16,80,0,98,16,94,0]"
CSI_DATA,124158,d8:b1:90:d9:de:f0,-37,9,-99,-34,38,104,-1479519606,113,0,106,0,"[-66,0,-79,17,0,1,-143,17,-1,0,91,17,-35,0,53,17,-90,0,48,17,-139,0,55,17,142,0,87,17,146,0,129,17,-136,0,-123,17,-104,0,-73,17,-76,0,-40,17,-72,0,-27,17,-98,0,-24,17,0,0,0,0,-147,0,22,0,124,0,78,0,110,0,-131,0,121,0,-57,0,-150,0,-1,0,-115,0,11,1,-96,0,-10,0,-80,0,-46,0,-79,0,-82,0,-90,0,-108,0,-117,0,-125,0,-139,0,-128,0,135,0]"
CSI_DATA,124159,d8:b1:90:d9:de:f0,-36,9,-99,-34,37,104,-1479475045,101,0,106,0,"[-97,20,70,20,-153,20,-4,18,128,20,-17,18,106,20,12,20,100,20,53,20,118,20,93,20,149,20,114,20,-149,20,120,20,-80,20,120,20,-8,20,106,20,54,0,98,20,90,0,105,20,101,0,125,20,0,0,0,0,133,0,-158,20,165,0,-90,20,-108,0,-24,20,-41,0,34,0,21,1,65,0,54,1,69,0,50,1,52,0,30,1,20,0,2,1,5,0,-21,0,9,0,-54,0,21,0,-92,0,56,0,-117,0]"
CSI_DATA,124160,d8:b1:90:d9:de:f0,-39,11,-99,-36,41,104,-1479309051,100,0,228,0,"[0,10,0,14,0,17,0,20,-3,23,-6,24,-8,23,97,40,-11,21,-12,18,-13,17,-13,16,-13,14,-11,13,-11,12,-9,11,-8,11,-6,12,-4,12,-2,13,-1,13,-30,-26,0,14,1,14,1,14,1,13,1,12,1,11,0,0,3,8,5,6,7,5,9,4,12,2,15,2,-66,0,20,3,22,3,24,4,24,6,24,7,23,8,21,8,20,8,18,8,17,9,16,8,16,9,15,8,-70,0,14,7,14,6,14,6,13,5,13,5,12,4,10,4,-10,0,-8,8,0,12,8,10,12,3,10,-6,2,-9,-15,16,-7,0,-2,7,5,7,9,0,8,-9,0,-15,-13,-10,-20,0,-16,16,-1,24,16,21,27,4,24,-15,7,-12,-12,-23,-23,-8,-20,8,-7,18,8,16,15,4,0,0,1,-13,-8,-8,-13,0,-8,10,2,14,12,7,32,0,6,-12,-3,-11,-9,-4,-8,4,0,7,5,3,6,-2,0,-8,-7,-6,-10,2,-8,11,2,15,15,10,35,5,15,-16,0,-24,-16,-20,-25,-4,-22,12,-8,21,6,19]"
CSI_DATA,124161,d8:b1:90:d9:de:f0,-37,9,-99,-35,39,104,-1479102797,98,0,106,0,"[-83,0,68,0,-8,0,89,0,43,1,65,0,54,1,15,0,40,1,-29,16,4,1,-55,16,-35,0,-58,16,-61,0,-32,16,-90,0,18,0,-100,0,86,0,-98,0,-139,0,-83,0,-121,0,-81,0,-126,0,0,0,0,0,-113,0,124,0,105,0,128,0,46,0,-109,0,1,0,-49,0,-13,16,11,1,0,0,46,1,27,0,53,1,64,0,30,1,79,0,-2,0,89,0,-34,0,68,0,-53,0,35,0,-67,0,11,0]"
CSI_DATA,124162,d8:b1:90:d9:de:f0,-38,9,-99,-33,39,104,-1479102665,113,0,106,0,"[-67,0,1,0,15,1,-15,15,51,1,-71,15,39,1,129,15,-5,0,88,15,-49,0,83,15,-97,0,93,15,-119,0,-124,15,-115,0,-68,15,-90,0,-8,15,-58,0,33,0,-29,0,34,0,-33,0,26,0,0,0,0,0,-86,0,12,0,-130,0,46,0,102,0,117,0,103,0,-71,0,-131,0,-6,0,-88,0,7,1,-58,0,-11,0,-36,0,-53,0,-38,0,-98,0,-54,0,127,0,-83,0,114,0,-117,0,129,0,126,0]"
CSI_DATA,124163,d8:b1:90:d9:de:f0,-39,9,-99,-35,40,104,-1479102520,98,0,106,0,"[30,0,72,14,25,0,0,14,-22,14,-44,13,-73,14,-35,13,-114,14,-9,13,119,14,34,14,122,14,71,14,-102,14,99,14,-44,14,104,14,7,0,92,14,50,0,65,14,56,0,42,14,43,0,42,14,0,0,0,0,18,0,80,14,49,0,-113,14,109,0,-91,14,-66,0,-86,14,-13,0,-110,14,5,0,101,14,-15,0,67,14,-54,0,47,14,-97,0,46,14,121,0,55,14,106,0,79,14,116,0,114,14,-118,0]"
CSI_DATA,124164,d8:b1:90:d9:de:f0,-37,11,-99,-37,39,104,-1478894369,277,0,106,0,"[138,0,-105,0,-72,0,-61,0,-8,0,-71,0,9,1,-120,0,-8,0,135,0,-33,0,97,0,-73,0,94,0,-109,0,113,0,138,0,-146,0,102,0,-105,0,70,0,-83,0,56,0,-84,0,40,0,-118,0,0,0,0,0,-18,17,116,0,-92,17,73,0,105,17,58,0,26,17,62,0,-32,16,87,0,-49,16,120,0,-25,16,143,0,8,17,-145,0,41,17,-142,0,65,17,133,0,79,17,106,0,83,17,83,0,98,17]"
CSI_DATA,124165,d8:b1:90:d9:de:f0,-38,9,-99,-34,39,104,-1478893897,108,0,106,0,"[-48,15,57,15,-92,15,-22,14,131,15,-39,14,111,15,-21,14,117,15,18,15,134,15,52,15,-96,15,76,15,-38,15,90,15,29,0,100,15,101,0,106,15,-127,0,117,15,-115,0,132,15,-124,0,-109,15,0,0,0,0,92,0,-13,15,75,0,68,0,62,0,-102,0,64,0,-13,0,77,0,46,1,91,0,64,1,96,0,45,1,100,0,19,1,82,0,-13,0,55,0,-42,0,15,0,-59,0,-22,15,-76,0,-52,15]"
CSI_DATA,124166,d8:b1:90:d9:de:f0,-36,9,-99,-34,37,104,-1478839981,98,0,106,0,"[36,20,-106,20,-45,18,-90,20,-72,18,-50,20,-53,18,-2,20,-20,18,29,0,20,20,26,0,52,20,18,0,70,20,-16,20,104,20,-64,20,136,20,-120,20,-170,20,-166,20,-138,20,150,20,-114,20,140,20,0,0,0,0,-66,20,114,20,-2,20,116,20,64,0,82,20,125,0,53,20,168,0,22,20,-160,0,-8,18,-166,0,-13,18,146,0,-4,18,116,0,20,20,94,0,40,20,96,0,69,20,112,0,114,20,128,0]"
CSI_DATA,124167,d8:b1:90:d9:de:f0,-37,9,-99,-33,38,104,-1478820950,130,0,106,0,"[-34,0,8,0,46,1,-24,17,79,1,-73,17,49,1,-110,17,18,1,-120,17,-28,0,-120,17,-61,0,-92,17,-85,0,-55,17,-106,0,12,0,-122,0,77,0,-132,0,128,0,-142,0,-143,0,127,0,-146,0,0,0,0,0,51,0,142,0,-24,17,139,0,-112,17,-130,0,108,17,-93,0,56,17,-45,0,42,17,-20,0,72,17,-15,0,107,17,-30,0,133,17,-55,0,-146,17,-80,0,-147,17,-122,0,132,17,130,0,121,17]"
CSI_DATA,124168,d8:b1:90:d9:de:f0,-36,9,-99,-36,38,104,-1478799445,130,0,106,0,"[-127,0,144,0,-46,0,-142,0,22,1,159,0,33,1,118,0,25,1,78,0,-11,0,46,0,-40,0,47,0,-75,0,62,0,-125,0,115,0,153,0,-149,0,125,0,-99,0,108,0,-78,0,99,0,-90,0,0,0,0,0,70,0,-130,0,-1,18,146,0,-98,18,151,0,130,18,156,0,61,18,-138,0,20,18,-96,0,35,18,-61,0,67,18,-52,0,104,18,-60,0,130,18,-71,0,143,18,-101,0,138,18,-148,0,128,18]"
CSI_DATA,124169,d8:b1:90:d9:de:f0,-38,11,-99,-35,39,104,-1478476570,277,0,106,0,"[117,0,-114,0,-100,0,-51,0,-39,0,-37,0,-8,0,-63,0,-10,0,-101,0,-33,0,-133,0,-68,0,126,0,-117,0,130,0,92,0,-129,0,27,0,-98,0,-27,16,-73,0,-54,16,-57,0,-55,16,-66,0,0,0,0,0,-59,16,135,0,-87,16,66,0,134,16,-8,16,62,16,-71,16,-3,15,-103,16,-50,15,-102,16,-57,15,-82,16,-41,15,-51,16,-15,15,-25,16,28,16,-23,16,71,16,-40,16,110,16,-76,16,133,16]"
CSI_DATA,124170,d8:b1:90:d9:de:f0,-37,9,-99,-33,38,104,-1478476071,130,0,106,0,"[88,17,66,0,4,17,103,0,-25,16,-138,0,-6,16,-98,0,34,17,-80,0,71,17,-81,0,103,17,-108,0,112,17,144,0,107,17,85,0,92,17,20,0,75,17,-36,17,66,17,-54,17,80,17,-60,17,0,0,0,0,143,17,-71,17,-90,17,-100,17,-25,17,133,17,25,0,58,17,40,0,-20,16,28,0,-58,16,2,0,-60,16,-31,17,-43,16,-49,17,-15,16,-49,17,25,17,-35,17,55,17,2,0,81,17,27,0]"
CSI_DATA,124171,d8:b1:90:d9:de:f0,-38,9,-99,-35,39,104,-1478475918,113,0,106,0,"[73,16,6,0,-19,15,34,0,-51,15,91,0,-32,15,-129,0,11,16,-97,0,50,16,-98,0,87,16,-117,0,111,16,118,0,110,16,61,0,98,16,-7,16,82,16,-52,16,73,16,-70,16,79,16,-66,16,0,0,0,0,-134,16,-58,16,-68,16,-82,16,0,0,133,16,42,0,53,16,53,0,-22,15,29,0,-65,15,-5,16,-66,15,-45,16,-44,15,-71,16,-5,15,-77,16,33,16,-58,16,76,16,-17,16,90,16,15,0]"
CSI_DATA,124172,d8:b1:90:d9:de:f0,-37,9,-99,-36,39,104,-1478475783,133,0,106,0,"[-83,0,67,0,3,1,83,0,58,1,52,0,60,1,3,0,41,1,-39,16,2,1,-57,16,-26,0,-57,16,-59,0,-31,16,-87,0,21,0,-103,0,86,0,-104,0,136,0,-103,0,-129,0,-115,0,-139,0,0,0,0,0,122,0,124,0,47,0,122,0,-26,16,-127,0,-96,16,-66,0,-126,16,1,1,-124,16,38,1,-95,16,52,1,-51,16,41,1,-20,16,11,1,-5,16,-15,0,-10,16,-52,0,-47,16,-85,0,-68,16]"
CSI_DATA,124173,d8:b1:90:d9:de:f0,-38,9,-99,-33,39,104,-1478475657,127,0,106,0,"[73,15,-71,15,-8,14,-78,15,-57,14,-44,15,-59,14,6,0,-41,14,52,0,-6,14,64,0,28,15,66,0,52,15,42,0,80,15,-8,15,87,15,-64,15,91,15,-108,15,89,15,-127,15,88,15,-124,15,0,0,0,0,-116,15,-101,15,-55,15,-108,15,10,0,115,15,62,0,52,15,83,0,-11,14,71,0,-52,14,36,0,-66,14,-5,15,-46,14,-29,15,-16,14,-45,15,15,15,-32,15,47,15,1,0,73,15,21,0]"
CSI_DATA,124174,d8:b1:90:d9:de:f0,-38,9,-99,-35,40,104,-1478475508,107,0,106,0,"[37,0,65,14,51,0,-14,13,34,0,-60,13,7,0,-68,13,-9,14,-44,13,-12,14,-15,13,-4,14,20,14,27,0,57,14,75,0,104,14,-118,0,-101,14,-76,0,-61,14,-61,0,-36,14,-65,0,-21,14,0,0,0,0,-112,0,15,0,78,0,59,0,28,0,-116,0,-16,14,-46,0,-42,14,19,0,-42,14,58,0,-32,14,61,0,-21,14,47,0,-10,14,22,0,-11,14,-11,0,-33,14,-52,0,-64,14,-83,0,-97,14]"
CSI_DATA,124175,d8:b1:90:d9:de:f0,-37,9,-99,-38,39,104,-1478438054,113,0,106,0,"[118,0,-57,0,-105,0,-10,0,-45,0,-30,0,-19,0,-87,0,-19,0,-146,0,-59,0,128,0,-86,0,109,0,-128,0,121,0,122,0,150,0,89,0,-120,0,57,0,-97,0,34,0,-91,0,16,0,-116,0,0,0,0,0,-21,17,-147,0,-96,17,133,0,131,17,142,0,68,17,-134,0,28,17,-105,0,24,17,-77,0,53,17,-64,0,97,17,-67,0,123,17,-82,0,147,17,-99,0,149,17,-121,0,137,17,-150,0,140,17]"
CSI_DATA,124176,d8:b1:90:d9:de:f0,-37,9,-99,-36,39,104,-1478437558,133,0,106,0,"[-133,16,61,16,96,16,15,16,50,16,16,16,42,16,53,16,56,16,85,16,86,16,114,16,127,16,127,16,-113,16,125,16,-49,16,108,16,13,0,99,16,60,0,94,16,92,0,107,16,102,0,135,16,0,0,0,0,127,0,-72,16,-134,0,-7,16,-85,0,56,0,-39,0,113,0,-2,0,-141,0,11,1,-129,0,4,1,-141,0,-19,0,129,0,-50,0,114,0,-75,0,116,0,-111,0,135,0,-140,0,-131,0,125,0]"
CSI_DATA,124177,d8:b1:90:d9:de:f0,-38,9,-99,-33,39,104,-1478436446,127,0,106,0,"[-27,0,57,0,54,1,18,0,75,1,-50,15,44,1,-106,15,-1,0,-131,15,-52,0,129,15,-87,0,-112,15,-101,0,-75,15,-106,0,-20,15,-97,0,28,0,-86,0,59,0,-85,0,69,0,-99,0,68,0,0,0,0,0,99,0,88,0,55,0,121,0,20,0,-74,0,16,0,-5,0,30,0,44,1,59,0,56,1,89,0,34,1,108,0,-5,0,113,0,-41,0,102,0,-68,0,78,0,-80,0,52,0,-82,0,44,0]"
CSI_DATA,124178,d8:b1:90:d9:de:f0,-37,9,-99,-36,39,104,-1478435993,107,0,106,0,"[30,16,-7,16,-47,15,24,0,-70,15,72,0,-46,15,105,0,-8,15,121,0,41,16,107,0,74,16,76,0,94,16,29,0,114,16,-41,16,131,16,-107,16,142,16,135,16,-126,16,118,16,-104,16,124,16,0,0,0,0,-17,16,-139,16,53,0,-130,16,-141,0,141,16,-62,0,117,16,-19,0,90,16,-5,0,76,16,-22,0,69,16,-60,0,85,16,-86,0,108,16,-99,0,139,16,-99,0,-104,16,-94,0,-61,16,-83,0]"
CSI_DATA,124179,d8:b1:90:d9:de:f0,-36,9,-99,-34,37,104,-1478395373,98,0,106,0,"[64,0,-78,0,94,0,10,1,144,0,37,1,158,0,25,1,-169,0,1,1,161,0,-37,0,136,0,-58,0,88,0,-77,0,13,0,-97,0,-69,20,-112,0,-137,20,-117,0,168,20,-134,0,168,20,-164,0,0,0,0,0,-149,20,104,0,-140,20,4,0,-169,20,-108,20,136,20,129,20,94,20,60,20,60,20,40,20,46,20,62,20,56,20,97,20,82,20,130,20,110,20,144,20,162,20,148,20,-130,20,140,20,-96,20]"
CSI_DATA,124180,d8:b1:90:d9:de:f0,-38,9,-99,-34,39,104,-1478364703,98,0,106,0,"[57,0,61,15,68,0,-23,14,32,0,-70,14,0,0,-65,14,-39,15,-40,14,-75,15,-2,14,-79,15,38,15,-33,15,70,15,23,0,99,15,80,0,116,15,134,0,131,15,-111,0,124,15,-124,0,133,15,0,0,0,0,120,0,-75,15,116,0,-3,15,-135,0,81,0,-96,0,-116,0,-34,0,-75,0,16,1,-85,0,13,1,-97,0,10,1,-128,0,-2,0,103,0,-29,0,79,0,-68,0,83,0,-98,0,86,0,-130,0]"
CSI_DATA,124181,d8:b1:90:d9:de:f0,-35,11,-99,-36,37,104,-1478309138,100,0,114,0,"[8,35,8,38,8,42,5,42,5,43,4,40,1,40,2,39,4,36,4,36,5,35,5,35,5,33,7,35,8,35,9,36,11,38,12,39,14,40,15,40,15,39,18,40,16,40,19,40,18,38,16,36,18,36,19,36,0,0,22,33,22,35,22,35,25,36,25,35,26,35,29,36,28,35,29,33,29,32,28,31,28,28,28,26,26,24,26,24,26,22,28,22,28,21,29,21,32,22,33,24,35,25,36,25,35,26,35,26,33,26,31,28,26,26]"
CSI_DATA,124182,d8:b1:90:d9:de:f0,-37,11,-99,-36,39,104,-1478267671,277,0,106,0,"[1,0,72,16,-4,16,-20,15,-47,16,-66,15,-95,16,-51,15,-109,16,-16,15,-102,16,25,16,-83,16,69,16,-28,16,99,16,46,0,123,16,129,0,140,16,-104,0,-136,16,-94,0,-134,16,-102,0,-115,16,0,0,0,0,106,0,-43,16,83,0,43,0,61,0,-143,0,65,0,-44,0,87,0,14,1,108,0,46,1,113,0,34,1,127,0,2,1,112,0,-29,0,87,0,-57,0,49,0,-74,0,8,0,-77,0,-17,16]"
CSI_DATA,124183,d8:b1:90:d9:de:f0,-37,9,-99,-33,38,104,-1478267172,224,0,106,0,"[103,0,-93,0,-132,0,-18,0,-70,0,-5,0,-47,0,-32,0,-41,0,-77,0,-61,0,-118,0,-94,0,-139,0,139,0,-135,0,62,0,-112,0,-3,17,-78,0,-43,17,-50,0,-56,17,-39,0,-47,17,-61,0,0,0,0,0,-62,17,139,0,-105,17,66,0,124,17,-10,17,48,17,-56,17,-23,16,-76,17,-53,16,-64,17,-48,16,-45,17,-20,16,-30,17,8,17,-21,17,34,17,-21,17,65,17,-53,17,78,17,-79,17,91,17]"
CSI_DATA,124184,d8:b1:90:d9:de:f0,-37,9,-99,-36,39,104,-1478240381,127,0,106,0,"[58,16,5,0,-25,15,11,0,-68,15,60,0,-53,15,80,0,-13,15,102,0,25,16,105,0,62,16,88,0,94,16,33,0,108,16,-43,16,122,16,-111,16,134,16,120,16,142,16,104,16,-118,16,122,16,0,0,0,0,-51,16,-127,16,33,0,-113,16,132,0,-121,16,-72,0,-132,16,-11,0,126,16,1,1,103,16,-14,0,108,16,-37,0,112,16,-59,0,126,16,-68,0,-136,16,-76,0,-99,16,-71,0,-77,16,-87,0]"
CSI_DATA,124185,d8:b1:90:d9:de:f0,-38,9,-99,-33,39,104,-1478240018,107,0,106,0,"[-43,15,-50,0,-26,15,38,1,24,0,82,1,67,0,72,1,99,0,27,1,98,0,-18,0,81,0,-59,0,41,0,-90,0,-29,15,-113,0,-98,15,-115,0,117,15,-113,0,102,15,-106,0,116,15,-115,0,0,0,0,0,-99,15,64,0,-97,15,-11,15,-124,15,-99,15,94,15,91,15,41,15,49,15,9,15,47,15,5,15,78,15,22,15,110,15,40,15,-128,15,65,15,-119,15,96,15,-127,15,126,15,117,15,-124,15]"
CSI_DATA,124186,d8:b1:90:d9:de:f0,-36,9,-99,-36,38,104,-1478197553,281,0,106,0,"[95,0,-85,0,-152,0,-12,0,-78,0,-5,0,-42,0,-52,0,-37,0,-100,0,-59,0,-152,0,-96,0,152,0,-143,0,157,0,120,0,-140,0,65,0,-112,0,23,0,-81,0,13,0,-75,0,6,0,-100,0,0,0,0,0,-46,18,135,0,-110,18,75,0,112,18,42,0,21,18,31,0,-49,17,59,0,-69,17,86,0,-47,17,117,0,-11,17,135,0,36,18,135,0,60,18,122,0,70,18,91,0,83,18,59,0,90,18]"
CSI_DATA,124187,d8:b1:90:d9:de:f0,-38,9,-99,-35,39,104,-1478058299,113,0,106,0,"[61,0,75,16,51,0,-8,15,0,0,-45,15,-51,16,-41,15,-95,16,-15,15,-106,16,22,16,-104,16,58,16,-82,16,79,16,-33,16,87,16,17,0,82,16,55,0,70,16,65,0,67,16,56,0,73,16,0,0,0,0,42,0,131,16,75,0,-88,16,-135,0,-41,16,-49,0,-26,16,17,1,-39,16,43,1,-80,16,33,1,-127,16,-4,0,123,16,-49,0,107,16,-87,0,112,16,-107,0,133,16,-105,0,-113,16,-106,0]"
CSI_DATA,124188,d8:b1:90:d9:de:f0,-37,9,-99,-38,39,104,-1478058146,133,0,106,0,"[80,17,-35,17,-9,16,-40,17,-53,16,-20,17,-52,16,9,0,-27,16,23,0,4,17,26,0,36,17,8,0,68,17,-26,17,112,17,-85,17,146,17,-148,17,-122,17,102,17,-101,17,78,17,-85,17,92,17,0,0,0,0,-30,17,131,17,36,0,-116,17,136,0,-96,17,-70,0,-73,17,5,1,-78,17,42,1,-93,17,40,1,-111,17,15,1,-123,17,-21,0,-123,17,-49,0,-101,17,-70,0,-60,17,-78,0,-10,17,-85,0]"
CSI_DATA,124189,d8:b1:90:d9:de:f0,-37,9,-99,-36,39,104,-1478058029,127,0,106,0,"[-140,0,120,16,-96,0,52,16,-96,0,0,16,-124,0,-6,15,135,0,-3,15,111,0,26,16,111,0,58,16,121,0,99,16,-139,0,-132,16,-112,0,-70,16,-79,0,-26,16,-68,0,1,0,-80,0,11,0,0,0,0,0,141,0,48,0,75,0,84,0,13,0,-133,0,-37,16,-50,0,-57,16,21,1,-52,16,52,1,-28,16,54,1,-6,16,33,1,7,0,4,1,4,0,-17,0,-12,16,-47,0,-46,16,-77,0,-67,16]"
CSI_DATA,124190,d8:b1:90:d9:de:f0,-37,9,-99,-37,39,104,-1478057916,107,0,106,0,"[70,17,-63,17,-6,16,-81,17,-54,16,-60,17,-48,16,-34,17,-31,16,-20,17,3,17,-3,17,26,17,-15,17,54,17,-43,17,95,17,-97,17,131,17,142,17,-131,17,100,17,-103,17,79,17,-80,17,88,17,0,0,0,0,-32,17,122,17,38,0,-131,17,132,0,-116,17,-71,0,-108,17,-5,0,-121,17,32,1,-133,17,23,1,140,17,-4,0,137,17,-33,0,140,17,-49,0,-140,17,-64,0,-108,17,-73,0,-70,17,-78,0]"
CSI_DATA,124191,d8:b1:90:d9:de:f0,-37,9,-99,-35,39,104,-1478057780,130,0,106,0,"[129,0,-99,0,-92,0,-43,0,-38,0,-38,0,-13,0,-65,0,-17,0,-104,0,-31,0,-131,0,-59,0,131,0,-103,0,135,0,118,0,-119,0,59,0,-93,0,19,0,-71,0,-5,16,-63,0,-14,16,-76,0,0,0,0,0,-44,16,135,0,-83,16,77,0,124,16,17,0,45,16,-17,16,-26,15,-30,16,-67,15,-17,16,-65,15,8,0,-47,15,29,0,-17,15,42,0,14,16,47,0,44,16,25,0,63,16,-5,16,81,16]"
CSI_DATA,124192,d8:b1:90:d9:de:f0,-38,11,-99,-35,39,104,-1477849872,277,0,106,0,"[37,16,-14,16,-34,15,11,0,-62,15,46,0,-38,15,90,0,-1,15,107,0,38,16,98,0,73,16,78,0,99,16,30,0,116,16,-35,16,119,16,-103,16,119,16,128,16,121,16,109,16,126,16,118,16,0,0,0,0,-73,16,-136,16,4,0,-139,16,83,0,115,16,-126,0,67,16,-93,0,15,16,-92,0,-9,15,-116,0,-8,15,136,0,10,16,109,0,39,16,99,0,68,16,115,0,112,16,-134,0,-133,16,-119,0]"
CSI_DATA,124193,d8:b1:90:d9:de:f0,-37,9,-99,-37,39,104,-1477849409,130,0,106,0,"[136,0,-79,0,-84,0,-32,0,-23,0,-46,0,-1,0,-91,0,-10,0,-137,0,-33,0,110,0,-76,0,100,0,-124,0,112,0,109,0,146,0,62,0,-101,0,36,0,-58,0,31,0,-42,0,32,0,-60,0,0,0,0,0,-12,17,-123,0,-65,17,136,0,135,17,120,0,53,17,136,0,-3,16,-122,0,-9,16,-87,0,24,17,-70,0,69,17,-69,0,105,17,-84,0,124,17,-110,0,124,17,146,0,113,17,112,0,103,17]"
CSI_DATA,124194,d8:b1:90:d9:de:f0,-39,9,-99,-35,40,104,-1477640509,108,0,106,0,"[36,0,44,14,20,0,-36,13,-27,14,-72,13,-73,14,-63,13,-101,14,-29,13,-106,14,8,14,-99,14,53,14,-63,14,84,14,-5,14,109,14,58,0,122,14,107,0,-117,14,-118,0,-116,14,-124,0,-111,14,0,0,0,0,93,0,-60,14,82,0,11,0,96,0,93,0,-116,0,-81,0,-71,0,-37,0,-35,0,-30,0,-20,0,-55,0,-27,0,-85,0,-44,0,-115,0,-67,0,111,0,-105,0,114,0,112,0,-120,0,91,0]"
CSI_DATA,124195,d8:b1:90:d9:de:f0,-38,9,-99,-34,39,104,-1477640365,127,0,106,0,"[49,15,-24,15,-44,14,5,0,-82,14,61,0,-62,14,115,0,-20,14,-123,0,31,15,-119,0,74,15,-135,0,100,15,92,0,129,15,25,0,126,15,-38,15,120,15,-98,15,109,15,-120,15,114,15,-113,15,0,0,0,0,-80,15,-81,15,-4,15,-91,15,74,0,-123,15,-123,0,88,15,-91,0,19,15,-102,0,-23,14,-132,0,-28,14,95,0,-12,14,64,0,9,15,63,0,44,15,67,0,80,15,91,0,114,15,109,0]"
CSI_DATA,124196,d8:b1:90:d9:de:f0,-38,9,-99,-36,39,104,-1477640198,107,0,106,0,"[-24,16,-59,0,-3,16,28,1,49,0,74,1,98,0,59,1,129,0,14,1,135,0,-32,0,123,0,-69,0,84,0,-93,0,24,0,-115,0,-46,16,-116,0,-105,16,-116,0,-125,16,-108,0,-118,16,-120,0,0,0,0,0,-97,16,106,0,-109,16,30,0,133,16,-44,16,72,16,-109,16,11,16,-138,16,-30,15,-130,16,-29,15,-98,16,-13,15,-61,16,12,16,-38,16,46,16,-35,16,74,16,-47,16,100,16,-72,16,113,16]"
CSI_DATA,124197,d8:b1:90:d9:de:f0,-38,9,-99,-34,39,104,-1477640080,113,0,106,0,"[-101,15,-74,0,-129,15,14,1,-120,15,65,1,-96,15,76,1,-68,15,45,1,-52,15,10,1,-58,15,-37,0,-75,15,-96,0,-110,15,103,0,121,15,29,0,96,15,-29,15,83,15,-56,15,93,15,-69,15,0,0,0,0,-88,15,-78,15,-8,15,-87,15,85,0,-121,15,-98,0,108,15,-41,0,69,15,-21,0,42,15,-29,0,46,15,-56,0,55,15,-74,0,77,15,-91,0,120,15,-96,0,-99,15,-92,0,-50,15,-90,0]"
CSI_DATA,124198,d8:b1:90:d9:de:f0,-37,9,-99,-36,39,104,-1477639962,133,0,106,0,"[14,0,49,16,-22,16,-39,15,-90,16,-67,15,141,16,-48,15,109,16,-4,15,104,16,47,16,120,16,88,16,-133,16,111,16,-71,16,114,16,-5,16,115,16,44,0,103,16,65,0,96,16,66,0,104,16,0,0,0,0,62,0,-115,16,93,0,-52,16,-123,0,5,0,-42,0,39,0,25,1,39,0,61,1,14,0,60,1,-29,16,34,1,-58,16,-2,0,-77,16,-44,0,-78,16,-66,0,-59,16,-80,0,-33,16,-88,0]"
CSI_DATA,124199,d8:b1:90:d9:de:f0,-37,11,-99,-35,38,104,-1477432073,277,0,106,0,"[107,0,-95,0,-116,0,-24,0,-33,0,-30,0,13,1,-80,0,22,1,-146,0,1,1,116,0,-36,0,85,0,-88,0,74,0,-155,0,107,0,105,0,-151,0,74,0,-105,0,59,0,-89,0,58,0,-112,0,0,0,0,0,29,0,-155,0,-36,18,114,0,-135,18,105,0,89,18,124,0,29,18,-152,0,12,18,-116,0,41,18,-88,0,84,18,-81,0,118,18,-84,0,138,18,-97,0,154,18,-129,0,145,18,151,0,145,18]"
CSI_DATA,124200,d8:b1:90:d9:de:f0,-37,9,-99,-37,39,104,-1477431583,101,0,106,0,"[116,0,-85,0,-91,0,-25,0,-16,0,-25,0,16,1,-56,0,18,1,-107,0,-13,0,145,0,-46,0,122,0,-106,0,115,0,108,0,130,0,28,0,-136,0,-32,17,-107,0,-60,17,-98,0,-65,17,-108,0,0,0,0,0,-63,17,108,0,-91,17,26,0,-146,17,-60,17,85,17,-129,17,28,17,123,17,-8,16,120,17,-15,16,136,17,2,17,-127,17,28,17,-113,17,51,17,-105,17,95,17,-115,17,137,17,-129,17,-124,17]"
CSI_DATA,124201,d8:b1:90:d9:de:f0,-38,9,-99,-35,39,104,-1477431478,113,0,106,0,"[100,16,-130,16,-2,15,117,16,-66,15,-134,16,-80,15,-83,16,-61,15,-35,16,-32,15,-7,16,17,16,4,0,77,16,-15,16,137,16,-64,16,-94,16,-121,16,-54,16,107,16,-39,16,88,16,-35,16,98,16,0,0,0,0,6,0,-123,16,63,0,-63,16,-128,0,-22,16,-45,0,4,0,22,1,1,0,50,1,-18,16,41,1,-29,16,19,1,-35,16,-4,0,-49,16,-34,0,-40,16,-69,0,-14,16,-80,0,25,0,-103,0]"
CSI_DATA,124202,d8:b1:90:d9:de:f0,-37,9,-99,-36,39,104,-1477431351,133,0,106,0,"[-65,0,7,0,33,1,-30,16,70,1,-90,16,58,1,-139,16,24,1,114,16,-31,0,114,16,-72,0,135,16,-100,0,-104,16,-125,0,-25,16,-133,0,53,0,-127,0,118,0,-121,0,-141,0,-126,0,-139,0,0,0,0,0,79,0,102,0,1,0,104,0,-89,16,117,0,108,16,-127,0,58,16,-81,0,43,16,-49,0,56,16,-39,0,94,16,-40,0,120,16,-61,0,134,16,-85,0,138,16,-127,0,129,16,112,0,114,16]"
CSI_DATA,124203,d8:b1:90:d9:de:f0,-36,9,-99,-36,38,104,-1477403816,98,0,106,0,"[-129,0,-140,18,-62,0,83,18,-66,0,1,18,-115,0,-41,17,147,0,-50,17,109,0,-21,17,83,0,13,18,81,0,56,18,112,0,125,18,154,0,-140,18,-118,0,-93,18,-88,0,-70,18,-99,0,-55,18,0,0,0,0,151,0,-33,18,98,0,33,0,62,0,125,0,46,0,-94,0,57,0,-1,0,90,0,40,1,125,0,33,1,151,0,5,1,-157,0,-35,0,158,0,-59,0,134,0,-83,0,95,0,-98,0,66,0]"
CSI_DATA,124204,d8:b1:90:d9:de:f0,-37,9,-99,-37,39,104,-1477403621,98,0,106,0,"[-140,0,-128,0,-35,0,-85,0,45,1,-103,0,68,1,135,0,64,1,75,0,35,1,25,0,1,1,4,0,-50,0,15,0,-99,0,54,0,-140,0,106,0,121,0,-131,0,117,0,-108,0,115,0,-120,0,0,0,0,0,72,0,131,0,-4,17,87,0,-102,17,90,0,100,17,108,0,34,17,-135,0,16,17,-83,0,36,17,-56,0,70,17,-48,0,116,17,-46,0,140,17,-63,0,-144,17,-92,0,-144,17,-118,0,-146,17]"
CSI_DATA,124205,d8:b1:90:d9:de:f0,-39,11,-99,-36,41,104,-1477308796,100,0,228,0,"[-8,0,-9,2,-12,5,-15,6,-17,7,-19,7,-21,6,97,40,-22,4,-22,3,-21,2,-20,1,-20,1,-19,1,-18,1,-17,1,-17,3,-16,4,-15,7,-14,7,-13,9,-30,-26,-11,11,-10,13,-10,14,-9,13,-9,13,-8,12,0,0,-7,10,-5,9,-3,8,0,8,1,8,5,8,56,0,11,8,14,9,16,10,17,11,18,12,18,14,18,15,17,15,16,15,16,15,15,16,14,16,13,15,-81,0,12,13,12,12,12,10,12,9,11,8,11,7,10,7,-5,-11,-13,-6,-14,4,-8,15,3,16,12,8,14,-2,-14,-4,-2,-9,-8,-3,-6,4,1,8,8,2,8,-6,0,-12,-10,-11,-18,0,-16,15,-1,24,16,19,27,2,9,-6,3,-27,-15,-21,-24,-4,-19,13,-3,21,11,16,0,0,11,-11,0,-16,-12,-8,-15,4,-6,15,8,15,24,12,15,-8,4,-16,-8,-13,-13,-3,-9,6,-1,8,4,5,5,0,0,-4,-5,-1,-5,6,0,10,10,9,30,14,15,-14,2,-24,-15,-22,-25,-8,-24,10,-12,23,4,23]"
CSI_DATA,124206,d8:b1:90:d9:de:f0,-38,9,-99,-34,39,104,-1477222729,130,0,106,0,"[103,15,-66,15,41,15,-96,15,-2,14,-91,15,-12,14,-69,15,-7,14,-50,15,-1,14,-38,15,9,15,-38,15,20,15,-58,15,33,15,-91,15,48,15,-118,15,81,15,122,15,100,15,118,15,118,15,133,15,0,0,0,0,-99,15,-109,15,-26,15,-87,15,57,0,-93,15,-129,0,-113,15,-72,0,112,15,-45,0,66,15,-52,0,46,15,-72,0,31,15,-104,0,16,15,-126,0,31,15,134,0,48,15,129,0,67,15,116,0]"
CSI_DATA,124207,d8:b1:90:d9:de:f0,-38,9,-99,-34,39,104,-1477193911,130,0,106,0,"[84,15,-38,15,37,15,-59,15,7,15,-58,15,-1,14,-50,15,2,15,-37,15,5,15,-43,15,-4,14,-48,15,-8,14,-61,15,-1,14,-78,15,7,15,-104,15,32,15,-116,15,56,15,-124,15,92,15,-118,15,0,0,0,0,-126,15,-99,15,-66,15,-92,15,5,0,-116,15,76,0,134,15,128,0,92,15,-113,0,54,15,-117,0,30,15,134,0,16,15,119,0,7,15,95,0,-1,14,80,0,-1,14,67,0,15,15,44,0]"
CSI_DATA,124208,d8:b1:90:d9:de:f0,-39,9,-99,-34,40,104,-1477192769,113,0,106,0,"[75,0,-92,0,82,0,-41,0,100,0,-16,0,105,0,-14,0,105,0,-18,0,101,0,-19,0,94,0,-16,0,77,0,-1,0,54,0,7,0,24,0,5,0,-7,14,-6,0,-28,14,-20,0,-38,14,-46,0,0,0,0,0,-46,14,-106,0,-55,14,83,0,-91,14,18,0,107,14,-39,14,56,14,-81,14,16,14,-99,14,-1,13,-98,14,-14,13,-78,14,-16,13,-66,14,-11,13,-50,14,-4,13,-46,14,10,14,-36,14,45,14]"
CSI_DATA,124209,d8:b1:90:d9:de:f0,-38,9,-99,-33,39,104,-1477140458,130,0,106,0,"[-101,15,-63,0,-95,15,-14,0,-59,15,0,1,-38,15,-15,0,-30,15,-38,0,-34,15,-45,0,-50,15,-43,0,-74,15,-17,0,-93,15,13,1,-87,15,26,1,-67,15,12,1,-53,15,-27,0,-44,15,-74,0,0,0,0,0,-67,15,130,0,-97,15,97,0,121,15,78,0,89,15,58,0,62,15,46,0,41,15,37,0,26,15,37,0,17,15,49,0,5,15,69,0,2,15,104,0,6,15,-125,0,32,15,-87,0,99,15]"
CSI_DATA,124210,d8:b1:90:d9:de:f0,-39,9,-99,-37,41,104,-1477108581,113,0,106,0,"[-11,13,38,13,-42,13,-8,12,-80,13,-17,12,-102,13,12,13,-105,13,34,13,-101,13,55,13,-89,13,49,13,-94,13,33,13,-84,13,7,13,-96,13,6,13,-101,13,9,13,-108,13,33,13,-88,13,72,13,0,0,0,0,-36,13,-111,13,11,0,-109,13,48,0,111,13,84,0,92,13,104,0,67,13,111,0,57,13,99,0,54,13,99,0,53,13,81,0,46,13,85,0,23,13,64,0,-2,12,27,0,-2,12,-17,13]"
CSI_DATA,124211,d8:b1:90:d9:de:f0,-40,9,-99,-34,41,104,-1477108062,133,0,106,0,"[68,0,-44,0,100,0,-10,0,-90,0,-7,0,-86,0,-30,0,-94,0,-47,0,100,0,-52,0,80,0,-45,0,63,0,-23,0,49,0,1,0,42,0,15,0,34,0,9,0,27,0,-15,0,17,0,-55,0,0,0,0,0,-20,12,104,0,-63,12,73,0,106,12,56,0,68,12,39,0,39,12,35,0,26,12,30,0,26,12,20,0,26,12,21,0,21,12,19,0,7,12,24,0,-1,11,33,0,-2,11,49,0,29,12]"
CSI_DATA,124212,d8:b1:90:d9:de:f0,-47,11,-99,-35,48,104,-1476805374,277,0,106,0,"[32,0,-44,0,47,0,-28,0,-41,0,-29,0,-42,0,-46,0,44,0,33,0,25,0,11,0,3,0,-15,5,-30,5,-42,5,29,5,31,5,0,5,16,5,-17,5,9,5,-16,5,12,5,0,5,18,5,0,0,0,0,-46,5,39,5,-10,5,37,5,25,0,44,5,-41,0,48,5,-23,0,-41,5,-21,0,-30,5,-35,0,-14,5,38,0,0,0,11,0,20,0,-23,5,45,0,36,5,-21,0,7,5,13,0,3,5]"
CSI_DATA,124213,d8:b1:90:d9:de:f0,-46,9,-99,-34,47,104,-1476804930,98,0,106,0,"[38,6,-2,6,13,6,4,0,10,6,19,0,26,6,28,0,52,6,28,0,-24,6,19,0,10,0,4,0,48,0,-20,6,-23,0,-53,6,0,0,24,6,10,0,5,6,6,0,2,6,-8,0,20,6,0,0,0,0,-39,0,-40,6,-47,0,0,0,-51,0,37,0,51,0,-35,0,45,0,-16,0,33,0,-17,0,21,0,-34,0,4,0,49,0,-16,6,19,0,-48,6,-13,6,18,6,-47,6,-27,5,38,6,46,5]"
CSI_DATA,124214,d8:b1:90:d9:de:f0,-47,9,-99,-36,48,104,-1476773719,113,0,106,0,"[42,0,47,5,34,0,11,5,9,0,-1,5,-12,5,6,5,-23,5,26,5,-20,5,47,5,-6,5,-39,5,19,0,-32,5,-49,0,-36,5,-22,0,48,5,-8,0,29,5,-13,0,13,5,-32,0,13,5,0,0,0,0,35,0,35,5,32,0,-34,5,47,0,0,5,-31,0,28,0,-4,0,41,0,10,0,37,0,10,0,27,0,0,0,15,0,-19,0,13,0,-40,0,29,0,49,0,-38,0,-41,0,5,0,-7,0]"
CSI_DATA,124215,d8:b1:90:d9:de:f0,-45,9,-99,-34,46,104,-1476719302,157,0,106,0,"[52,7,-24,7,0,7,-13,7,-25,6,16,0,-23,6,44,0,-3,6,56,0,14,7,58,0,38,7,45,0,-59,7,22,0,-41,7,-18,7,-30,7,57,7,-26,7,19,7,-31,7,-1,6,-30,7,0,7,0,0,0,0,-27,7,41,7,-2,7,-52,7,37,0,-21,7,-35,0,2,0,4,0,18,0,23,0,22,0,21,0,19,0,10,0,17,0,-7,0,26,0,-29,0,44,0,-53,0,-45,0,52,0,0,0,52,0]"
CSI_DATA,124216,d8:b1:90:d9:de:f0,-44,9,-99,-36,45,104,-1476676795,284,0,106,0,"[28,8,31,0,0,7,-53,0,11,8,-7,0,47,8,14,0,-63,8,5,0,-43,8,-10,0,-29,8,-43,0,-31,8,64,0,-50,8,24,0,63,8,-10,8,39,8,-28,8,28,8,-32,8,36,8,-25,8,0,0,0,0,-47,8,-9,8,-2,8,-23,8,47,0,-51,8,-57,0,55,8,-35,0,20,8,-32,0,4,8,-46,0,3,8,-59,0,13,8,-69,0,32,8,-64,0,57,8,-51,0,-55,8,-20,0,-32,8,-2,0]"
CSI_DATA,124217,d8:b1:90:d9:de:f0,-44,9,-99,-37,46,104,-1476676585,304,0,106,0,"[-49,7,-34,0,-24,7,20,0,17,0,41,0,50,0,28,0,-63,0,3,0,-61,0,-28,0,59,0,-52,0,29,0,59,0,-10,7,51,0,-49,7,53,0,54,7,62,0,49,7,-57,0,58,7,-59,0,0,0,0,0,-31,7,33,0,-19,7,-9,7,-17,7,-60,7,-30,7,21,7,-51,7,-12,7,63,7,-19,7,56,7,-7,7,60,7,9,7,-60,7,25,7,-39,7,31,7,-10,7,28,7,18,0,17,7,28,0]"
CSI_DATA,124218,d8:b1:90:d9:de:f0,-38,11,-99,-36,40,104,-1476387576,277,0,106,0,"[58,15,-117,15,-16,14,121,15,-53,14,-122,15,-59,14,-105,15,-30,14,-80,15,4,15,-68,15,44,15,-66,15,95,15,-83,15,-94,15,-100,15,-19,15,-128,15,37,0,113,15,65,0,110,15,83,0,120,15,0,0,0,0,94,0,-43,15,106,0,25,0,-118,0,117,0,-85,0,-67,0,-52,0,-29,0,-35,0,-14,0,-42,0,-23,0,-59,0,-53,0,-87,0,-72,0,126,0,-88,0,85,0,-97,0,38,0,-100,0,-3,15]"
CSI_DATA,124219,d8:b1:90:d9:de:f0,-37,9,-99,-36,39,104,-1476387104,211,0,106,0,"[47,16,89,0,-16,15,-133,0,-22,15,-81,0,2,16,-56,0,44,16,-59,0,86,16,-77,0,112,16,-111,0,131,16,121,0,139,16,42,0,142,16,-40,16,-143,16,-96,16,-139,16,-123,16,-121,16,-124,16,0,0,0,0,-31,16,-111,16,49,0,-107,16,-141,0,-132,16,-58,0,118,16,-17,0,81,16,-6,0,63,16,-30,0,57,16,-61,0,76,16,-89,0,99,16,-113,0,133,16,-123,0,-106,16,-120,0,-58,16,-118,0]"
CSI_DATA,124220,d8:b1:90:d9:de:f0,-38,9,-99,-36,40,104,-1476386954,120,0,106,0,"[72,0,29,15,56,0,-49,14,15,0,-81,14,-22,15,-66,14,-43,15,-43,14,-49,15,-1,14,-36,15,39,15,-10,15,77,15,37,0,-128,15,95,0,-86,15,-118,0,-58,15,-99,0,-40,15,-106,0,-25,15,0,0,0,0,103,0,25,0,59,0,90,0,40,0,-81,0,33,0,-4,0,41,0,48,1,53,0,62,1,72,0,47,1,80,0,11,1,73,0,-26,0,56,0,-57,0,24,0,-78,0,-16,15,-99,0,-43,15]"
CSI_DATA,124221,d8:b1:90:d9:de:f0,-38,9,-99,-35,39,104,-1476386796,120,0,106,0,"[-139,16,-74,0,119,16,0,1,137,16,42,1,-105,16,51,1,-69,16,27,1,-45,16,-5,0,-42,16,-45,0,-64,16,-92,0,-101,16,129,0,136,16,70,0,100,16,25,0,88,16,1,0,102,16,-9,16,0,0,0,0,-116,16,-59,16,-66,16,-114,16,-25,16,81,16,-3,16,10,16,0,0,-42,15,-16,16,-62,15,-22,16,-49,15,-37,16,-15,15,-35,16,18,16,-20,16,51,16,9,0,83,16,41,0,103,16,67,0]"
CSI_DATA,124222,d8:b1:90:d9:de:f0,-38,9,-99,-33,39,104,-1476386638,130,0,106,0,"[-23,0,-53,15,39,1,-113,15,46,1,94,15,13,1,59,15,-31,0,50,15,-78,0,65,15,-107,0,96,15,-126,0,-121,15,126,0,-54,15,-128,0,12,0,-119,0,67,0,-117,0,90,0,-129,0,93,0,0,0,0,0,54,0,96,0,-14,15,117,0,-85,15,-99,0,121,15,-38,0,99,15,16,1,112,15,42,1,-126,15,33,1,-89,15,8,1,-68,15,-19,0,-63,15,-53,0,-72,15,-93,0,-93,15,-130,0,-108,15]"
CSI_DATA,124223,d8:b1:90:d9:de:f0,-38,9,-99,-34,39,104,-1476386530,98,0,106,0,"[-76,0,-111,0,5,1,-88,0,54,1,-111,0,57,1,114,0,38,1,73,0,5,1,48,0,-34,0,41,0,-83,0,56,0,131,0,91,0,80,0,-129,0,38,0,-96,0,19,0,-81,0,9,0,-98,0,0,0,0,0,-37,15,133,0,-100,15,83,0,82,15,65,0,8,15,60,0,-46,14,73,0,-54,14,97,0,-34,14,109,0,0,15,115,0,32,15,109,0,62,15,88,0,84,15,58,0,88,15,16,0,100,15]"
CSI_DATA,124224,d8:b1:90:d9:de:f0,-34,11,-99,-35,36,104,-1476309213,100,0,114,0,"[-30,-20,-33,-23,-33,-27,-33,-30,-33,-30,-32,-30,-29,-30,-29,-30,-29,-29,-27,-27,-29,-26,-27,-27,-29,-26,-30,-26,-30,-24,-32,-26,-33,-27,-35,-27,-36,-27,-38,-27,-38,-27,-40,-27,-38,-27,-40,-26,-40,-26,-40,-24,-40,-24,-40,-23,0,0,-38,-23,-38,-21,-40,-21,-40,-23,-41,-21,-41,-23,-43,-20,-44,-23,-44,-20,-44,-18,-43,-15,-40,-15,-38,-12,-36,-13,-35,-12,-36,-10,-35,-10,-36,-9,-36,-9,-38,-7,-40,-10,-41,-10,-43,-10,-44,-10,-44,-12,-43,-13,-38,-15,-35,-15]"
CSI_DATA,124225,d8:b1:90:d9:de:f0,-36,9,-99,-36,38,104,-1476178186,252,0,106,0,"[-65,0,20,0,22,1,7,0,61,1,-27,18,51,1,-69,18,18,1,-95,18,-25,0,-90,18,-64,0,-75,18,-89,0,-23,18,-117,0,52,0,-127,0,130,0,-133,0,-132,0,-127,0,-104,0,-134,0,-118,0,0,0,0,0,117,0,-158,0,21,0,154,0,-78,18,-135,0,152,18,-85,0,107,18,-23,0,108,18,11,1,130,18,18,1,-147,18,-5,0,-120,18,-41,0,-108,18,-88,0,-130,18,-138,0,148,18,139,0,117,18]"
CSI_DATA,124226,d8:b1:90:d9:de:f0,-36,9,-99,-35,37,104,-1476156466,98,0,106,0,"[-17,20,-72,0,1,0,8,1,43,0,43,1,86,0,30,1,123,0,12,1,124,0,-28,0,122,0,-52,0,96,0,-72,0,35,0,-85,0,-34,20,-82,0,-85,20,-67,0,-101,20,-65,0,-91,20,-80,0,0,0,0,0,-85,20,-156,0,-112,20,105,0,156,20,34,0,49,20,-10,20,-34,19,-6,20,-79,19,24,0,-68,19,69,0,-26,19,107,0,21,20,123,0,43,20,116,0,69,20,93,0,72,20,57,0,79,20]"
CSI_DATA,124227,d8:b1:90:d9:de:f0,-36,11,-99,-34,37,104,-1475760877,277,0,106,0,"[-61,20,-62,0,-64,20,40,1,-22,20,93,1,26,0,96,1,52,0,64,1,70,0,22,1,72,0,-33,0,36,0,-80,0,-30,20,-130,0,-110,20,-168,0,165,20,140,0,132,20,130,0,145,20,117,0,0,0,0,0,-118,20,33,0,-82,20,-65,20,-72,20,148,20,-89,20,25,20,-154,20,-58,18,140,20,-74,18,112,20,-36,18,100,20,30,20,108,20,84,20,144,20,133,20,-129,20,169,20,-61,20,-169,20,-13,20]"
CSI_DATA,124228,d8:b1:90:d9:de:f0,-36,9,-99,-33,37,104,-1475760378,98,0,106,0,"[47,19,-24,19,-50,18,-14,19,-97,18,18,0,-90,18,36,0,-66,18,47,0,-12,18,49,0,25,19,25,0,79,19,-9,19,154,19,-67,19,-103,19,-134,19,-42,19,138,19,-15,19,108,19,3,0,117,19,0,0,0,0,37,0,-86,19,81,0,20,0,161,0,126,0,-73,0,-115,0,5,1,-68,0,50,1,-71,0,54,1,-107,0,22,1,-158,0,-29,0,132,0,-91,0,119,0,164,0,121,0,84,0,132,0,33,0]"
CSI_DATA,124229,d8:b1:90:d9:de:f0,-37,9,-99,-36,39,104,-1475551488,130,0,106,0,"[-23,0,-99,16,13,1,-140,16,16,1,102,16,-22,0,71,16,-71,0,53,16,-120,0,66,16,122,0,87,16,104,0,136,16,107,0,-71,16,142,0,5,0,-93,0,63,0,-48,0,76,0,-25,0,67,0,0,0,0,0,-33,0,39,0,-70,0,63,0,-79,0,113,0,-71,0,-120,0,-49,0,-75,0,-20,0,-77,0,-11,0,-107,0,-19,0,138,0,-46,0,92,0,-80,0,63,0,-130,0,63,0,104,0,95,0,85,0]"
CSI_DATA,124230,d8:b1:90:d9:de:f0,-38,11,-99,-34,39,104,-1475343078,277,0,106,0,"[-7,15,-34,0,19,0,46,1,68,0,72,1,102,0,55,1,119,0,11,1,117,0,-26,0,93,0,-67,0,45,0,-90,0,-15,15,-110,0,-81,15,-116,0,-128,15,-129,0,127,15,130,0,129,15,111,0,0,0,0,0,-126,15,32,0,-129,15,-31,15,111,15,-111,15,82,15,101,15,58,15,58,15,38,15,55,15,45,15,69,15,55,15,96,15,70,15,110,15,109,15,118,15,-130,15,120,15,-97,15,106,15,-72,15]"
CSI_DATA,124231,d8:b1:90:d9:de:f0,-37,9,-99,-36,39,104,-1475342633,101,0,106,0,"[67,16,-129,16,-28,15,-135,16,-79,15,-90,16,-79,15,-35,16,-46,15,11,0,4,16,28,0,49,16,21,0,88,16,-6,16,127,16,-70,16,-143,16,-132,16,-130,16,115,16,-120,16,104,16,-98,16,124,16,0,0,0,0,-34,16,-141,16,43,0,-135,16,121,0,121,16,-106,0,81,16,-71,0,44,16,-69,0,25,16,-97,0,19,16,-127,0,42,16,139,0,60,16,124,0,86,16,131,0,118,16,-134,0,-136,16,-127,0]"
CSI_DATA,124232,d8:b1:90:d9:de:f0,-38,9,-99,-37,40,104,-1475342492,98,0,106,0,"[8,0,31,15,-34,15,-41,14,-91,15,-62,14,130,15,-36,14,108,15,9,15,114,15,58,15,-127,15,86,15,-85,15,104,15,-24,15,110,15,29,0,98,15,72,0,87,15,83,0,89,15,79,0,109,15,0,0,0,0,90,0,-92,15,122,0,-34,15,-75,0,5,0,-15,0,33,0,25,1,34,0,45,1,16,0,34,1,-6,15,1,1,-25,15,-26,0,-31,15,-48,0,-21,15,-69,0,-2,15,-83,0,21,0,-88,0]"
CSI_DATA,124233,d8:b1:90:d9:de:f0,-37,9,-99,-36,39,104,-1475342352,124,0,106,0,"[-106,0,98,16,-88,0,7,16,-127,0,-58,15,90,0,-65,15,40,0,-41,15,8,0,1,16,6,0,51,16,29,0,94,16,84,0,130,16,141,0,-132,16,-108,0,-124,16,-95,0,-116,16,-115,0,-96,16,0,0,0,0,134,0,-32,16,139,0,38,0,-108,0,109,0,-66,0,-123,0,-23,0,-90,0,-1,0,-100,0,0,1,-134,0,-14,0,118,0,-40,0,95,0,-61,0,80,0,-93,0,92,0,-120,0,115,0,-131,0]"
CSI_DATA,124234,d8:b1:90:d9:de:f0,-41,11,-99,-38,43,104,-1475309226,100,0,228,0,"[7,2,9,2,13,2,15,3,17,5,18,6,20,8,81,33,17,11,16,13,14,13,13,13,11,12,10,11,9,11,8,9,8,8,8,5,8,3,9,1,11,-1,-25,-22,14,-3,14,-3,15,-3,15,-2,14,-2,14,-1,0,0,11,-1,9,-1,8,-2,5,-3,4,-5,2,-8,29,0,1,-14,1,-16,2,-17,3,-18,4,-19,5,-19,6,-17,6,-17,7,-15,7,-14,6,-14,6,-12,5,-11,62,0,3,-11,3,-11,2,-11,1,-11,1,-11,2,-11,2,-10,1,10,9,8,14,1,12,-8,3,-15,-6,-13,-12,-5,8,15,-2,9,5,6,7,0,3,-6,-4,-7,-11,-1,-9,8,0,15,11,14,20,2,18,-13,5,-23,-11,-22,-10,-10,-21,8,-9,19,5,18,14,8,14,-4,5,-11,0,0,-9,0,-5,8,2,11,11,5,12,-5,5,-14,-4,-26,-14,-5,-14,5,-6,12,3,11,8,4,6,-2,1,-5,-2,-2,-2,2,1,5,7,2,9,-3,4,-11,0,-26,-15,-8,-19,2,-13,16,0,21,12,16,18,4,15,-7]"
CSI_DATA,124235,d8:b1:90:d9:de:f0,-38,9,-99,-37,40,104,-1474924807,98,0,106,0,"[-62,15,58,15,-90,15,-5,14,120,15,-29,14,80,15,-5,14,54,15,30,15,58,15,84,15,78,15,123,15,127,15,-118,15,-54,15,-120,15,22,0,114,15,79,0,68,15,89,0,36,15,72,0,24,15,0,0,0,0,43,0,68,15,66,0,-125,15,-125,0,-78,15,-43,0,-57,15,23,1,-71,15,52,1,-106,15,39,1,120,15,-4,0,100,15,-57,0,102,15,-97,0,122,15,-114,0,-93,15,-108,0,-41,15,-84,0]"
CSI_DATA,124236,d8:b1:90:d9:de:f0,-38,9,-99,-32,39,104,-1474924694,108,0,106,0,"[-41,15,-52,0,-47,15,15,1,-11,15,56,1,36,0,61,1,74,0,38,1,104,0,-11,0,101,0,-56,0,70,0,-99,0,-3,15,123,0,-78,15,119,0,113,15,-115,0,87,15,-87,0,104,15,-67,0,0,0,0,0,-109,15,-104,0,-110,15,94,0,108,15,26,0,38,15,-22,15,-35,14,-31,15,-68,14,-2,15,-63,14,35,0,-23,14,71,0,19,15,88,0,57,15,80,0,89,15,42,0,96,15,-1,15,84,15]"
CSI_DATA,124237,d8:b1:90:d9:de:f0,-38,11,-99,-35,39,104,-1474716380,277,0,106,0,"[45,0,61,16,27,0,-32,15,-15,16,-69,15,-49,16,-68,15,-73,16,-35,15,-75,16,0,16,-59,16,38,16,-26,16,63,16,32,0,97,16,90,0,121,16,128,0,-131,16,-135,0,-112,16,133,0,-88,16,0,0,0,0,88,0,5,0,65,0,78,0,59,0,-110,0,69,0,-27,0,91,0,22,1,107,0,44,1,123,0,29,1,121,0,1,1,118,0,-20,0,103,0,-52,0,78,0,-68,0,47,0,-83,0,21,0]"
CSI_DATA,124238,d8:b1:90:d9:de:f0,-37,9,-99,-33,38,104,-1474715917,130,0,106,0,"[60,17,65,0,-18,16,137,0,-28,16,-93,0,8,17,-47,0,57,17,-40,0,99,17,-55,0,124,17,-87,0,131,17,-133,0,121,17,101,0,100,17,42,0,88,17,-2,17,93,17,-19,17,123,17,-27,17,0,0,0,0,-79,17,-64,17,-11,17,-109,17,46,0,102,17,84,0,27,17,90,0,-39,16,72,0,-66,16,48,0,-53,16,16,0,-32,16,0,0,0,17,-4,17,27,17,6,0,55,17,28,0,80,17,38,0]"
CSI_DATA,124239,d8:b1:90:d9:de:f0,-37,9,-99,-36,39,104,-1474715764,113,0,106,0,"[-96,16,-63,0,-106,16,33,1,-86,16,81,1,-53,16,77,1,-32,16,53,1,-31,16,11,1,-41,16,-33,0,-74,16,-89,0,-116,16,135,0,132,16,75,0,105,16,23,0,107,16,-6,16,132,16,-25,16,0,0,0,0,-35,16,-62,16,48,0,-87,16,136,0,-129,16,-68,0,113,16,-16,0,74,16,-1,0,62,16,-10,0,75,16,-31,0,90,16,-57,0,113,16,-72,0,-141,16,-86,0,-100,16,-95,0,-58,16,-120,0]"
CSI_DATA,124240,d8:b1:90:d9:de:f0,-38,9,-99,-34,39,104,-1474715610,224,0,106,0,"[-40,15,-50,0,-26,15,45,1,12,0,85,1,40,0,76,1,49,0,47,1,56,0,6,1,33,0,-30,0,-10,15,-67,0,-64,15,-114,0,-119,15,115,0,116,15,73,0,104,15,51,0,124,15,28,0,0,0,0,0,-56,15,-44,15,8,0,-93,15,77,0,109,15,129,0,37,15,-113,0,-16,14,-110,0,-33,14,-117,0,-23,14,134,0,0,15,129,0,29,15,123,0,59,15,132,0,98,15,130,0,-132,15,130,0]"
CSI_DATA,124241,d8:b1:90:d9:de:f0,-37,9,-99,-33,38,104,-1474664518,125,0,106,0,"[9,0,-26,0,26,0,46,1,55,0,78,1,88,0,69,1,108,0,36,1,120,0,-8,0,105,0,-40,0,76,0,-72,0,15,0,-105,0,-54,17,-127,0,-127,17,144,0,130,17,135,0,128,17,123,0,0,0,0,0,128,17,80,0,121,17,12,0,98,17,-60,17,61,17,-137,17,18,17,116,17,-6,16,110,17,-11,16,131,17,0,17,-136,17,17,17,-106,17,49,17,-103,17,87,17,-93,17,132,17,-109,17,-130,17]"
CSI_DATA,124242,d8:b1:90:d9:de:f0,-38,9,-99,-34,39,104,-1474664306,145,0,106,0,"[-62,0,128,15,-22,0,69,15,-24,0,23,15,-59,0,0,15,-100,0,-3,14,134,0,13,15,109,0,43,15,103,0,88,15,115,0,-119,15,-126,0,-59,15,-100,0,-10,15,-81,0,16,0,-81,0,27,0,0,0,0,0,-111,0,64,0,123,0,101,0,87,0,-103,0,80,0,-34,0,87,0,26,1,109,0,40,1,123,0,25,1,-135,0,-6,0,-134,0,-39,0,-134,0,-67,0,106,0,-94,0,67,0,-105,0,38,0]"
CSI_DATA,124243,d8:b1:90:d9:de:f0,-37,9,-99,-37,39,104,-1474660931,125,0,106,0,"[-106,17,50,17,130,17,-2,16,69,17,-5,16,39,17,30,17,31,17,75,17,35,17,125,17,62,17,-137,17,99,17,-122,17,-131,17,-137,17,-69,17,130,17,-16,17,101,17,11,0,80,17,13,0,88,17,0,0,0,0,31,0,109,17,80,0,-147,17,-138,0,-136,17,-66,0,-136,17,-11,0,137,17,6,1,105,17,-25,0,77,17,-56,0,71,17,-95,0,72,17,-131,0,86,17,-146,0,121,17,144,0,-139,17,145,0]"
CSI_DATA,124244,d8:b1:90:d9:de:f0,-38,9,-99,-35,39,104,-1474660484,145,0,106,0,"[-6,16,35,16,-14,16,-32,15,-44,16,-65,15,-73,16,-64,15,-87,16,-37,15,-89,16,4,16,-73,16,39,16,-39,16,75,16,21,0,122,16,93,0,-121,16,-122,0,-91,16,-89,0,-74,16,-82,0,-62,16,0,0,0,0,-118,0,-17,16,134,0,49,0,121,0,133,0,118,0,-63,0,129,0,-1,0,-134,0,27,1,-116,0,20,1,-115,0,-17,0,-127,0,-45,0,127,0,-73,0,86,0,-95,0,41,0,-111,0,-1,16]"
CSI_DATA,124245,d8:b1:90:d9:de:f0,-37,9,-99,-37,39,104,-1474507000,1193,0,106,0,"[-106,0,-125,17,-49,0,112,17,-45,0,45,17,-81,0,9,17,-130,0,1,17,116,0,13,17,93,0,43,17,92,0,84,17,128,0,135,17,-122,0,-114,17,-75,0,-88,17,-47,0,-88,17,-55,0,-93,17,0,0,0,0,-129,0,-71,17,142,0,-12,17,135,0,68,0,-131,0,-140,0,-75,0,-79,0,-28,0,-72,0,-3,0,-106,0,2,1,144,0,-17,0,100,0,-41,0,76,0,-72,0,84,0,-105,0,103,0,-115,0]"
CSI_DATA,124246,d8:b1:90:d9:de:f0,-34,11,-99,-35,36,104,-1474308846,100,0,114,0,"[-21,-32,-23,-36,-24,-40,-21,-41,-20,-41,-20,-40,-18,-38,-18,-36,-18,-36,-18,-36,-18,-33,-20,-33,-21,-32,-21,-32,-24,-33,-26,-32,-27,-33,-27,-35,-30,-35,-32,-33,-33,-33,-35,-33,-35,-32,-36,-32,-35,-29,-35,-27,-35,-26,-36,-26,0,0,-38,-24,-38,-24,-40,-23,-41,-23,-41,-21,-44,-23,-44,-21,-46,-20,-44,-18,-44,-15,-44,-13,-43,-12,-41,-9,-40,-9,-38,-7,-38,-7,-36,-4,-36,-3,-40,-3,-41,-3,-43,-1,-44,-3,-46,-1,-47,-3,-47,-3,-46,-4,-43,-6,-38,-7]"
CSI_DATA,124247,d8:b1:90:d9:de:f0,-36,11,-99,-36,38,104,-1474298581,277,0,106,0,"[103,0,69,18,113,0,-21,17,96,0,-65,17,66,0,-67,17,47,0,-40,17,27,0,-7,17,39,0,27,18,66,0,62,18,110,0,114,18,-161,0,157,18,-120,0,-109,18,-103,0,-76,18,-113,0,-47,18,0,0,0,0,-149,0,17,0,119,0,81,0,86,0,-152,0,61,0,-57,0,60,0,13,1,74,0,50,1,85,0,40,1,91,0,16,1,98,0,-16,0,75,0,-40,0,44,0,-65,0,2,0,-81,0,-32,18]"
CSI_DATA,124248,d8:b1:90:d9:de:f0,-37,9,-99,-34,38,104,-1474298100,113,0,106,0,"[-55,0,-60,17,17,1,-104,17,35,1,148,17,10,1,111,17,-23,0,102,17,-62,0,102,17,-86,0,128,17,-91,0,-137,17,-92,0,-85,17,-87,0,-23,17,-85,0,28,0,-90,0,59,0,-115,0,72,0,0,0,0,0,130,0,96,0,66,0,124,0,3,0,-117,0,-43,17,-53,0,-62,17,15,1,-54,17,46,1,-40,17,43,1,-13,17,27,1,5,0,-1,0,10,0,-27,0,-9,17,-60,0,-33,17,-80,0,-54,17]"
CSI_DATA,124249,d8:b1:90:d9:de:f0,-38,9,-99,-35,39,104,-1474297955,98,0,106,0,"[7,0,39,16,-29,16,-40,15,-86,16,-65,15,-122,16,-44,15,126,16,-4,15,129,16,32,16,138,16,63,16,-103,16,77,16,-46,16,86,16,11,0,89,16,57,0,85,16,82,0,89,16,86,0,104,16,0,0,0,0,80,0,-117,16,107,0,-45,16,-112,0,18,0,-45,0,68,0,15,1,83,0,54,1,68,0,54,1,41,0,32,1,5,0,-1,0,-14,16,-31,0,-27,16,-64,0,-5,16,-82,0,30,0,-97,0]"
CSI_DATA,124250,d8:b1:90:d9:de:f0,-37,9,-99,-34,38,104,-1474297805,124,0,106,0,"[-72,0,112,0,15,1,114,0,64,1,79,0,64,1,30,0,40,1,-4,17,9,1,-29,17,-21,0,-27,17,-49,0,-5,17,-78,0,34,0,-101,0,85,0,-127,0,133,0,-142,0,-150,0,137,0,149,0,0,0,0,0,82,0,141,0,13,0,142,0,-64,17,-131,0,-135,17,-84,0,129,17,-28,0,134,17,9,1,-143,17,19,1,-104,17,14,1,-71,17,-7,0,-60,17,-32,0,-65,17,-68,0,-83,17,-92,0,-95,17]"
CSI_DATA,124251,d8:b1:90:d9:de:f0,-37,9,-99,-35,38,104,-1474297692,98,0,106,0,"[56,0,55,18,40,0,-37,17,-11,18,-79,17,-59,18,-67,17,-92,18,-25,17,-111,18,9,18,-105,18,42,18,-69,18,62,18,-14,18,75,18,45,0,80,18,89,0,86,18,114,0,94,18,112,0,112,18,0,0,0,0,114,0,-143,18,134,0,-74,18,-121,0,-7,18,-48,0,41,0,17,1,57,0,59,1,39,0,51,1,8,0,31,1,-18,18,-1,0,-42,18,-39,0,-48,18,-68,0,-25,18,-78,0,3,0,-94,0]"
CSI_DATA,124252,d8:b1:90:d9:de:f0,-36,9,-99,-32,37,104,-1474262899,1187,0,106,0,"[-12,18,-46,0,13,0,27,1,69,0,54,1,107,0,36,1,151,0,3,1,156,0,-37,0,-156,0,-73,0,134,0,-96,0,85,0,-117,0,22,0,-124,0,-41,18,-123,0,-76,18,-118,0,-91,18,-127,0,0,0,0,0,-109,18,159,0,-139,18,117,0,120,18,71,0,42,18,42,0,-33,17,39,0,-62,17,75,0,-60,17,103,0,-20,17,149,0,25,18,-144,0,65,18,-134,0,115,18,-149,0,147,18,125,0,-159,18]"
CSI_DATA,124253,d8:b1:90:d9:de:f0,-37,11,-99,-35,38,104,-1473880782,277,0,106,0,"[107,18,-146,0,58,18,-80,0,53,18,-39,0,74,18,-18,0,108,18,-26,0,136,18,-30,0,150,18,-57,0,-143,18,-92,0,-140,18,154,0,150,18,69,0,133,18,-9,18,112,18,-52,18,113,18,-70,18,0,0,0,0,139,18,-95,18,-113,18,-123,18,-55,18,112,18,-1,18,36,18,15,0,-33,17,7,0,-72,17,-23,18,-63,17,-53,18,-37,17,-72,18,2,18,-63,18,40,18,-40,18,86,18,11,0,119,18,55,0]"
CSI_DATA,124254,d8:b1:90:d9:de:f0,-38,9,-99,-36,39,104,-1473880292,130,0,106,0,"[132,16,99,16,61,16,62,16,5,16,78,16,-14,15,111,16,-22,15,-131,16,0,16,-87,16,23,16,-63,16,61,16,-57,16,127,16,-69,16,-96,16,-107,16,-44,16,126,16,-22,16,89,16,-22,16,83,16,0,0,0,0,-14,16,113,16,40,0,-134,16,124,0,-121,16,-72,0,-133,16,-13,0,111,16,3,1,68,16,-30,0,33,16,-88,0,21,16,-136,0,32,16,116,0,63,16,99,0,114,16,108,0,-113,16,141,0]"
CSI_DATA,124255,d8:b1:90:d9:de:f0,-37,9,-99,-36,39,104,-1473880166,98,0,106,0,"[134,0,-74,0,-85,0,-32,0,-24,0,-41,0,3,1,-85,0,7,1,-132,0,-2,0,117,0,-21,0,85,0,-60,0,68,0,-123,0,81,0,99,0,112,0,51,0,-139,0,20,0,-100,0,15,0,-94,0,0,0,0,0,1,0,-112,0,-52,16,139,0,-130,16,130,0,77,16,-140,0,20,16,-95,0,7,16,-57,0,47,16,-24,0,90,16,-19,0,138,16,-26,0,-98,16,-47,0,-89,16,-97,0,-104,16,139,0,-121,16]"
CSI_DATA,124256,d8:b1:90:d9:de:f0,-36,9,-99,-36,38,104,-1473860434,120,0,106,0,"[46,18,-31,18,-39,17,-8,18,-74,17,44,0,-61,17,101,0,-27,17,134,0,20,18,158,0,57,18,151,0,95,18,127,0,117,18,61,0,122,18,-13,18,108,18,-75,18,96,18,-114,18,99,18,-104,18,0,0,0,0,143,18,-101,18,-112,18,-120,18,-62,18,122,18,-23,18,42,18,-30,18,-28,17,-57,18,-69,17,-103,18,-51,17,-137,18,-10,17,-157,18,42,18,-144,18,78,18,-107,18,117,18,-62,18,123,18,-28,18]"
CSI_DATA,124257,d8:b1:90:d9:de:f0,-37,9,-99,-38,39,104,-1473860285,120,0,106,0,"[-64,0,-86,17,-5,0,-142,17,4,1,99,17,-26,0,60,17,-78,0,38,17,-120,0,42,17,148,0,65,17,128,0,96,17,141,0,-142,17,-134,0,-89,17,-93,0,-35,17,-71,0,-19,17,-79,0,-24,17,0,0,0,0,-111,0,-24,17,148,0,36,0,-152,0,121,0,-137,0,-101,0,-90,0,-54,0,-45,0,-46,0,-20,0,-79,0,-13,0,-135,0,-27,0,121,0,-59,0,95,0,-96,0,84,0,-143,0,109,0,144,0]"
CSI_DATA,124258,d8:b1:90:d9:de:f0,-37,11,-99,-32,38,104,-1473462983,277,0,106,0,"[-47,0,-28,16,22,1,-49,16,51,1,-94,16,41,1,-126,16,6,1,-140,16,-26,0,141,16,-47,0,-127,16,-65,0,-99,16,-74,0,-47,16,-89,0,11,0,-99,0,67,0,-115,0,100,0,-133,0,115,0,0,0,0,0,103,0,127,0,46,0,140,0,-25,16,-105,0,-86,16,-61,0,-127,16,-14,0,-139,16,21,1,-124,16,26,1,-92,16,19,1,-65,16,3,1,-52,16,-22,0,-50,16,-63,0,-72,16,-100,0,-87,16]"
CSI_DATA,124259,d8:b1:90:d9:de:f0,-38,9,-99,-34,39,104,-1473462529,214,0,106,0,"[32,15,4,0,-40,14,44,0,-61,14,100,0,-41,14,-124,0,-3,14,-96,0,44,15,-87,0,76,15,-95,0,95,15,-124,0,110,15,88,0,106,15,36,0,99,15,-12,15,95,15,-37,15,98,15,-46,15,0,0,0,0,-118,15,-72,15,-76,15,-99,15,-26,15,114,15,-5,15,39,15,-12,15,-31,14,-41,15,-62,14,-78,15,-56,14,-103,15,-21,14,-123,15,13,15,-131,15,51,15,-111,15,83,15,-76,15,104,15,-44,15]"
CSI_DATA,124260,d8:b1:90:d9:de:f0,-37,9,-99,-37,39,104,-1473462375,98,0,106,0,"[56,17,90,0,-4,16,-144,0,-6,16,-81,0,32,17,-39,0,83,17,-30,0,123,17,-36,0,-146,17,-48,0,-131,17,-77,0,-145,17,-129,0,139,17,116,0,118,17,73,0,110,17,42,0,116,17,24,0,0,0,0,0,138,17,-13,17,-123,17,-70,17,-124,17,-139,17,-135,17,86,17,131,17,30,17,91,17,9,17,66,17,34,17,53,17,69,17,49,17,117,17,55,17,-144,17,80,17,-122,17,122,17,-117,17,-138,17]"
CSI_DATA,124261,d8:b1:90:d9:de:f0,-37,9,-99,-34,38,104,-1473462234,214,0,106,0,"[77,17,-129,17,-10,16,-135,17,-64,16,-92,17,-73,16,-36,17,-46,16,11,0,-13,16,40,0,14,17,53,0,46,17,41,0,74,17,-4,17,98,17,-60,17,115,17,-96,17,128,17,-123,17,146,17,-131,17,0,0,0,0,-117,17,-125,17,-61,17,-140,17,-1,17,111,17,41,0,47,17,53,0,-16,16,39,0,-59,16,-4,17,-58,16,-42,17,-35,16,-68,17,-2,16,-92,17,35,17,-78,17,70,17,-49,17,98,17,-22,17]"
CSI_DATA,124262,d8:b1:90:d9:de:f0,-37,9,-99,-36,39,104,-1473462081,214,0,106,0,"[50,16,-58,16,-30,15,-40,16,-60,15,16,0,-53,15,70,0,-23,15,108,0,13,16,130,0,49,16,127,0,69,16,116,0,84,16,71,0,92,16,21,0,94,16,-20,16,90,16,-47,16,100,16,-53,16,0,0,0,0,136,16,-70,16,-108,16,-95,16,-77,16,125,16,-70,16,54,16,-84,16,-4,15,-112,16,-25,15,131,16,-13,15,103,16,25,16,94,16,66,16,90,16,106,16,114,16,131,16,-138,16,-143,16,-108,16]"
CSI_DATA,124263,d8:b1:90:d9:de:f0,-38,9,-99,-36,40,104,-1473461936,214,0,106,0,"[126,0,-76,0,-81,0,-24,0,-45,0,-18,0,-34,0,-33,0,-38,0,-60,0,-52,0,-81,0,-70,0,-92,0,-112,0,-93,0,86,0,-93,0,25,0,-87,0,-28,15,-87,0,-65,15,-90,0,-81,15,-108,0,0,0,0,0,-104,15,98,0,-122,15,41,0,95,15,-26,15,54,15,-86,15,11,15,127,15,-13,14,115,15,-14,14,125,15,-1,14,-115,15,14,15,-99,15,35,15,-87,15,71,15,-90,15,108,15,-103,15,-110,15]"
CSI_DATA,124264,d8:b1:90:d9:de:f0,-37,9,-99,-32,38,104,-1473461755,214,0,106,0,"[103,16,130,16,39,16,88,16,-12,15,92,16,-14,15,118,16,-8,15,-140,16,15,16,-121,16,35,16,-114,16,75,16,-121,16,133,16,142,16,-97,16,117,16,-42,16,95,16,-5,16,81,16,17,0,93,16,0,0,0,0,65,0,131,16,109,0,-103,16,-115,0,-56,16,-46,0,-16,16,21,1,2,0,51,1,0,0,49,1,-10,16,28,1,-24,16,0,1,-37,16,-23,0,-37,16,-56,0,-22,16,-86,0,14,0,-114,0]"
CSI_DATA,124265,d8:b1:90:d9:de:f0,-38,9,-99,-36,40,104,-1473461556,214,0,106,0,"[36,15,3,0,-32,14,25,0,-55,14,57,0,-48,14,85,0,-18,14,99,0,4,15,102,0,25,15,85,0,51,15,62,0,70,15,19,0,87,15,-36,15,104,15,-88,15,122,15,-116,15,-115,15,-125,15,0,0,0,0,-70,15,-126,15,-12,15,-128,15,56,0,100,15,121,0,71,15,-91,0,35,15,-82,0,12,15,-96,0,3,15,-123,0,5,15,106,0,13,15,96,0,38,15,89,0,75,15,101,0,109,15,112,0]"
CSI_DATA,124266,d8:b1:90:d9:de:f0,-38,9,-99,-35,40,104,-1473461366,214,0,106,0,"[71,0,-46,0,122,0,10,0,-75,0,15,0,-48,0,-7,0,-43,0,-42,0,-39,0,-76,0,-59,0,-102,0,-93,0,-110,0,110,0,-110,0,54,0,-100,0,4,0,-91,0,-27,14,-90,0,-36,14,-98,0,0,0,0,0,-61,14,115,0,-90,14,65,0,97,14,23,0,34,14,-10,14,-20,13,-16,14,-54,13,0,0,-51,13,24,0,-34,13,49,0,-5,13,67,0,23,14,71,0,59,14,55,0,80,14,31,0,102,14]"
CSI_DATA,124267,d8:b1:90:d9:de:f0,-36,9,-99,-33,37,104,-1473405808,98,0,106,0,"[88,19,163,0,29,19,-114,0,27,19,-72,0,47,19,-60,0,76,19,-67,0,103,19,-71,0,117,19,-97,0,112,19,-130,0,108,19,143,0,103,19,71,0,110,19,2,0,117,19,-45,19,130,19,-73,19,0,0,0,0,-160,19,-130,19,-107,19,-159,19,-38,19,111,19,15,0,53,19,51,0,-10,18,58,0,-46,18,49,0,-54,18,31,0,-45,18,10,0,-25,18,-2,19,2,19,3,0,45,19,19,0,81,19,49,0]"
CSI_DATA,124268,d8:b1:90:d9:de:f0,-41,11,-99,-34,42,104,-1473308765,100,0,228,0,"[-1,-8,-2,-11,-2,-14,-2,-16,-2,-18,0,-20,0,-20,81,33,2,-20,4,-19,5,-17,5,-16,5,-15,5,-14,4,-14,3,-13,2,-12,1,-11,0,-11,-2,-11,-4,-11,-25,-22,-6,-11,-7,-11,-8,-11,-8,-11,-7,-10,-7,-9,0,0,-7,-8,-6,-5,-7,-4,-8,-2,-9,0,-11,1,67,11,-14,3,-16,4,-17,5,-19,5,-20,4,-20,3,-20,2,-18,1,-18,0,-17,0,-17,0,-15,0,-14,0,22,11,-13,0,-12,1,-11,2,-11,2,-11,3,-11,2,-10,2,8,-2,5,-10,-3,-11,-11,-7,-13,1,-8,9,1,10,9,-15,8,-2,2,-7,-5,-5,-8,1,-5,8,3,11,12,5,15,-5,8,-16,-5,-20,-19,-11,-23,5,-13,20,-2,12,17,14,21,-1,12,-14,0,-17,-11,-10,-14,2,0,0,3,11,10,3,9,-6,0,-11,-9,-9,-14,0,-22,13,0,14,10,8,11,0,7,-8,-1,-9,-6,-4,-5,2,0,5,5,2,5,-3,0,-8,-7,-8,-13,0,-26,10,-2,18,11,17,20,5,20,-8,10,-19,-3,-20,-14,-11]"
CSI_DATA,124269,d8:b1:90:d9:de:f0,-37,11,-99,-34,38,104,-1473254084,277,0,106,0,"[-49,0,0,0,36,1,-11,17,78,1,-51,17,64,1,-71,17,38,1,-82,17,-4,0,-89,17,-29,0,-68,17,-61,0,-32,17,-101,0,29,0,-139,0,93,0,121,0,-150,0,89,0,-121,0,61,0,-122,0,0,0,0,0,3,0,-140,0,-76,17,122,0,135,17,105,0,41,17,90,0,-22,16,89,0,-57,16,99,0,-51,16,110,0,-32,16,110,0,7,17,114,0,33,17,92,0,64,17,58,0,96,17,16,0,117,17]"
CSI_DATA,124270,d8:b1:90:d9:de:f0,-37,9,-99,-35,39,104,-1473253630,130,0,106,0,"[95,16,127,16,22,16,101,16,-27,15,116,16,-35,15,-126,16,-31,15,-92,16,-1,15,-70,16,26,16,-58,16,63,16,-71,16,124,16,-101,16,-100,16,-135,16,-56,16,116,16,-19,16,100,16,1,0,100,16,0,0,0,0,42,0,-139,16,97,0,-91,16,-106,0,-62,16,-28,0,-43,16,30,1,-40,16,64,1,-54,16,57,1,-75,16,30,1,-87,16,-5,0,-93,16,-35,0,-91,16,-65,0,-66,16,-88,0,-25,16,-106,0]"
CSI_DATA,124271,d8:b1:90:d9:de:f0,-39,11,-99,-35,40,104,-1472627385,277,0,106,0,"[89,14,110,14,18,14,68,14,-35,13,71,14,-49,13,102,14,-26,13,-109,14,10,14,-93,14,65,14,-81,14,-118,14,-90,14,-37,14,-121,14,35,0,85,14,87,0,52,14,101,0,38,14,95,0,49,14,0,0,0,0,75,0,-105,14,81,0,-24,14,-121,0,68,0,-77,0,-103,0,-30,0,-61,0,-6,0,-46,0,-11,0,-68,0,-34,0,-94,0,-66,0,-118,0,-122,0,120,0,71,0,-113,0,24,0,-82,0,0,14]"
CSI_DATA,124272,d8:b1:90:d9:de:f0,-38,9,-99,-34,39,104,-1472626922,98,0,106,0,"[27,0,-51,0,47,0,34,1,84,0,68,1,119,0,56,1,129,0,11,1,126,0,-33,0,94,0,-69,0,34,0,-100,0,-42,15,-123,0,-129,15,-130,0,77,15,-129,0,58,15,-118,0,77,15,-127,0,0,0,0,0,127,15,80,0,-117,15,-2,15,-122,15,-104,15,128,15,79,15,97,15,19,15,69,15,14,15,70,15,33,15,81,15,69,15,110,15,99,15,-115,15,109,15,-62,15,102,15,-15,15,80,15,5,0]"
CSI_DATA,124273,d8:b1:90:d9:de:f0,-39,9,-99,-34,40,104,-1472626826,130,0,106,0,"[38,14,-12,14,-37,13,-2,14,-74,13,33,0,-64,13,67,0,-27,13,84,0,15,14,80,0,49,14,59,0,86,14,15,0,117,14,-57,14,-108,14,111,14,-108,14,58,14,-114,14,39,14,-112,14,49,14,0,0,0,0,-53,14,108,14,16,0,-102,14,104,0,-98,14,-55,0,-111,14,-4,0,98,14,8,0,79,14,-15,0,67,14,-50,0,80,14,-77,0,108,14,-92,0,-101,14,-88,0,-50,14,-72,0,-5,14,-52,0]"
CSI_DATA,124274,d8:b1:90:d9:de:f0,-38,9,-99,-37,40,104,-1472626683,113,0,106,0,"[111,15,-108,0,68,15,-37,0,72,15,17,1,109,15,33,1,-111,15,18,1,-92,15,-12,0,-76,15,-62,0,-91,15,-119,0,130,15,74,0,77,15,14,0,30,15,-19,15,11,15,-27,15,29,15,-18,15,0,0,0,0,110,15,-27,15,-86,15,-72,15,-38,15,111,15,-2,15,32,15,1,0,-29,14,-15,15,-57,14,-36,15,-40,14,-47,15,-7,14,-42,15,34,15,-18,15,69,15,25,0,93,15,82,0,95,15,104,0]"
CSI_DATA,124275,d8:b1:90:d9:de:f0,-39,9,-99,-36,40,104,-1472576824,120,0,106,0,"[78,15,116,0,12,15,-96,0,-6,14,-44,0,25,15,-10,0,72,15,-8,0,119,15,-25,0,-102,15,-70,0,-82,15,122,0,-96,15,32,0,118,15,-56,15,73,15,-117,15,33,15,125,15,25,15,-111,15,0,0,0,0,74,15,-71,15,-112,15,-83,15,-30,15,125,15,27,0,52,15,45,0,-16,14,33,0,-57,14,2,0,-52,14,-34,15,-21,14,-50,15,21,15,-39,15,74,15,0,0,-128,15,63,0,-99,15,117,0]"
CSI_DATA,124276,d8:b1:90:d9:de:f0,-38,9,-99,-35,39,104,-1472418032,130,0,106,0,"[89,0,-81,0,137,0,-17,0,-83,0,0,1,-45,0,-26,0,-29,0,-65,0,-28,0,-117,0,-49,0,134,0,-90,0,117,0,119,0,124,0,54,0,-119,0,3,0,-80,0,-14,16,-54,0,-6,16,-57,0,0,0,0,0,-1,16,-90,0,-47,16,131,0,-125,16,106,0,68,16,93,0,6,16,122,0,-21,15,-121,0,0,16,-88,0,40,16,-66,0,81,16,-67,0,113,16,-78,0,134,16,-112,0,-139,16,123,0,131,16]"
CSI_DATA,124277,d8:b1:90:d9:de:f0,-39,9,-99,-36,40,104,-1472417906,113,0,106,0,"[-38,15,63,15,-69,15,-2,14,-122,15,-23,14,93,15,-12,14,68,15,34,15,60,15,68,15,74,15,105,15,109,15,127,15,-87,15,-122,15,-24,15,112,15,24,0,83,15,43,0,61,15,32,0,61,15,0,0,0,0,25,0,97,15,56,0,-114,15,125,0,-80,15,-57,0,-68,15,1,1,-85,15,24,1,-119,15,9,1,104,15,-30,0,83,15,-65,0,75,15,-103,0,82,15,-128,0,114,15,127,0,-103,15,-124,0]"
CSI_DATA,124278,d8:b1:90:d9:de:f0,-37,9,-99,-33,38,104,-1472395167,98,0,106,0,"[97,0,71,17,97,0,-19,16,45,0,-75,16,-16,17,-76,16,-70,17,-45,16,-99,17,-3,16,-103,17,47,17,-91,17,86,17,-27,17,114,17,39,0,130,17,99,0,122,17,124,0,112,17,116,0,109,17,0,0,0,0,101,0,-139,17,120,0,-71,17,-107,0,-21,17,-35,0,12,0,33,1,5,0,62,1,-26,17,54,1,-73,17,20,1,-106,17,-24,0,-127,17,-66,0,-132,17,-94,0,-110,17,-109,0,-77,17,-116,0]"
CSI_DATA,124279,d8:b1:90:d9:de:f0,-35,11,-99,-34,36,104,-1472309134,100,0,114,0,"[23,-28,29,-28,34,-28,35,-28,37,-26,37,-23,37,-22,37,-19,35,-19,35,-16,34,-16,34,-14,35,-14,34,-14,35,-14,37,-16,38,-17,41,-19,41,-17,43,-19,43,-19,43,-19,43,-19,43,-17,43,-14,43,-16,41,-13,43,-13,0,0,40,-14,41,-13,41,-13,43,-13,43,-13,46,-14,46,-13,46,-11,44,-11,44,-11,43,-11,40,-10,40,-10,37,-10,37,-10,37,-8,35,-10,37,-8,38,-8,40,-7,40,-7,43,-7,44,-5,47,-4,47,-1,46,1,44,2,40,5]"
CSI_DATA,124280,d8:b1:90:d9:de:f0,-37,9,-99,-34,38,104,-1472209141,124,0,106,0,"[30,17,-23,17,-39,16,3,0,-62,16,35,0,-42,16,64,0,-14,16,78,0,21,17,67,0,38,17,47,0,49,17,17,0,77,17,-28,17,103,17,-80,17,137,17,-128,17,-136,17,149,17,-106,17,135,17,0,0,0,0,-42,17,123,17,17,0,128,17,90,0,109,17,-147,0,84,17,-93,0,65,17,-66,0,46,17,-71,0,36,17,-98,0,36,17,-124,0,51,17,-140,0,67,17,-150,0,98,17,-144,0,144,17,-143,0]"
CSI_DATA,124281,d8:b1:90:d9:de:f0,-37,9,-99,-36,39,104,-1472209011,113,0,106,0,"[56,16,-118,16,-20,15,-115,16,-56,15,-77,16,-49,15,-44,16,-21,15,-20,16,14,16,-10,16,42,16,-19,16,70,16,-38,16,104,16,-80,16,141,16,-121,16,-117,16,136,16,-88,16,112,16,-57,16,105,16,0,0,0,0,3,0,129,16,49,0,133,16,118,0,140,16,-95,0,129,16,-41,0,108,16,-15,0,92,16,-35,0,74,16,-63,0,74,16,-92,0,80,16,-113,0,94,16,-127,0,122,16,-132,0,-122,16,-132,0]"
CSI_DATA,124282,d8:b1:90:d9:de:f0,-38,11,-99,-35,40,104,-1472000687,277,0,106,0,"[111,14,27,14,45,14,-9,13,6,14,-6,13,0,14,29,14,15,14,61,14,52,14,85,14,84,14,103,14,-113,14,114,14,-51,14,123,14,11,0,-114,14,62,0,-100,14,95,0,-81,14,102,0,-57,14,0,0,0,0,93,0,24,0,80,0,94,0,85,0,-76,0,90,0,-6,0,99,0,42,0,107,0,52,0,107,0,32,0,101,0,2,0,88,0,-34,0,68,0,-66,0,31,0,-89,0,-10,14,-113,0,-38,14]"
CSI_DATA,124283,d8:b1:90:d9:de:f0,-38,9,-99,-35,39,104,-1472000224,98,0,106,0,"[-106,16,-17,0,-97,16,69,1,-52,16,103,1,-7,16,88,1,15,0,53,1,25,0,8,1,16,0,-37,0,-6,16,-81,0,-47,16,-136,0,-97,16,90,0,-131,16,50,0,136,16,20,0,-129,16,-4,16,0,0,0,0,-77,16,-73,16,-31,16,-129,16,4,0,66,16,21,0,-7,15,18,0,-62,15,8,0,-71,15,-13,16,-47,15,-27,16,-15,15,-29,16,25,16,-22,16,62,16,5,0,101,16,41,0,131,16,62,0]"
CSI_DATA,124284,d8:b1:90:d9:de:f0,-38,9,-99,-36,40,104,-1472000119,108,0,106,0,"[26,0,1,15,-7,15,-71,14,-52,15,-87,14,-88,15,-60,14,-105,15,-25,14,-99,15,21,15,-86,15,58,15,-51,15,88,15,2,0,124,15,49,0,-103,15,90,0,-78,15,112,0,-58,15,115,0,-34,15,0,0,0,0,82,0,40,0,68,0,103,0,65,0,-80,0,79,0,-7,0,98,0,36,1,119,0,42,1,126,0,18,1,126,0,-20,0,115,0,-58,0,99,0,-86,0,67,0,-108,0,25,0,-123,0,-2,15]"
CSI_DATA,124285,d8:b1:90:d9:de:f0,-38,9,-99,-35,39,104,-1471999983,113,0,106,0,"[126,16,-42,0,119,16,53,1,-113,16,99,1,-63,16,88,1,-29,16,52,1,1,0,8,1,6,0,-40,0,-18,16,-86,0,-57,16,-139,0,-98,16,91,0,-128,16,46,0,133,16,18,0,-130,16,-1,16,0,0,0,0,-79,16,-68,16,-40,16,-130,16,-8,16,70,16,0,0,-7,15,-16,16,-68,15,-35,16,-74,15,-53,16,-41,15,-69,16,-6,15,-69,16,34,16,-56,16,71,16,-27,16,103,16,6,0,126,16,28,0]"
CSI_DATA,124286,d8:b1:90:d9:de:f0,-37,9,-99,-36,38,104,-1471962077,98,0,106,0,"[-152,0,21,0,-33,0,35,0,37,1,-5,18,56,1,-51,18,31,1,-83,18,-5,0,-104,18,-32,0,-85,18,-57,0,-33,18,-69,0,39,0,-64,0,119,0,-60,0,-151,0,-55,0,-142,0,-66,0,151,0,0,0,0,0,153,0,67,0,46,0,40,0,-88,18,56,0,117,18,98,0,46,18,-156,0,23,18,-103,0,41,18,-80,0,76,18,-73,0,96,18,-89,0,107,18,-119,0,93,18,-156,0,71,18,152,0,70,18]"
CSI_DATA,124287,d8:b1:90:d9:de:f0,-37,9,-99,-34,38,104,-1471910301,130,0,106,0,"[71,0,-1,0,133,0,57,1,-110,0,54,1,-79,0,8,1,-72,0,-43,0,-93,0,-92,0,-128,0,-128,0,127,0,-139,0,58,0,-136,0,-14,17,-124,0,-67,17,-117,0,-90,17,-115,0,-105,17,-124,0,0,0,0,0,-141,17,129,0,125,17,84,0,61,17,43,0,1,17,23,0,-41,16,24,0,-51,16,40,0,-32,16,55,0,9,17,71,0,46,17,72,0,73,17,61,0,104,17,39,0,123,17,5,0,140,17]"
CSI_DATA,124288,d8:b1:90:d9:de:f0,-38,11,-99,-36,39,104,-1471582888,277,0,106,0,"[120,16,-108,0,95,16,-6,0,123,16,54,1,-118,16,65,1,-88,16,43,1,-66,16,1,1,-65,16,-53,0,-85,16,-109,0,-133,16,116,0,113,16,68,0,83,16,37,0,83,16,23,0,111,16,19,0,0,0,0,0,-37,16,-13,16,46,0,-53,16,131,0,-108,16,-92,0,103,16,-54,0,33,16,-60,0,13,16,-88,0,19,16,-121,0,46,16,-133,0,67,16,-134,0,93,16,-129,0,134,16,-123,0,-124,16,-130,0]"
CSI_DATA,124289,d8:b1:90:d9:de:f0,-37,9,-99,-37,39,104,-1471582389,130,0,106,0,"[51,0,54,17,5,0,-51,16,-62,17,-93,16,-115,17,-70,16,-139,17,-18,16,-129,17,32,17,-99,17,77,17,-46,17,103,17,26,0,114,17,92,0,114,17,138,0,114,17,139,0,115,17,115,0,140,17,0,0,0,0,33,0,-42,17,25,0,63,0,45,0,-122,0,81,0,-27,0,129,0,24,1,-127,0,26,1,-117,0,-8,0,-110,0,-48,0,-131,0,-86,0,130,0,-98,0,93,0,-102,0,61,0,-100,0,49,0]"
CSI_DATA,124290,d8:b1:90:d9:de:f0,-37,11,-99,-34,38,104,-1471373988,277,0,106,0,"[77,17,7,0,-11,16,23,0,-53,16,74,0,-47,16,104,0,-14,16,123,0,32,17,127,0,52,17,106,0,72,17,64,0,95,17,-5,17,108,17,-71,17,123,17,-129,17,134,17,144,17,150,17,143,17,0,0,0,0,-66,17,-146,17,0,0,-142,17,92,0,142,17,-129,0,110,17,-73,0,70,17,-51,0,42,17,-65,0,32,17,-96,0,45,17,-120,0,62,17,-130,0,87,17,-129,0,125,17,-125,0,-131,17,-122,0]"
CSI_DATA,124291,d8:b1:90:d9:de:f0,-37,9,-99,-36,39,104,-1471373544,125,0,106,0,"[123,0,97,16,138,0,1,16,98,0,-61,15,44,0,-63,15,-2,16,-43,15,-31,16,-1,15,-37,16,39,16,-4,16,78,16,42,0,111,16,98,0,140,16,-140,0,-131,16,-120,0,-126,16,-126,0,-112,16,0,0,0,0,123,0,-47,16,118,0,23,0,129,0,111,0,-113,0,-96,0,-59,0,-51,0,-20,0,-53,0,-11,0,-78,0,-10,0,-115,0,-25,0,132,0,-59,0,112,0,-94,0,108,0,-129,0,124,0,132,0]"
CSI_DATA,124292,d8:b1:90:d9:de:f0,-37,9,-99,-37,39,104,-1471373422,145,0,106,0,"[-72,17,75,17,-132,17,1,17,91,17,-16,16,56,17,25,17,40,17,70,17,61,17,109,17,81,17,130,17,123,17,138,17,-110,17,121,17,-54,17,95,17,-12,17,73,17,11,0,64,17,20,0,86,17,0,0,0,0,40,0,133,17,95,0,-103,17,-116,0,-70,17,-35,0,-51,17,27,1,-61,17,57,1,-81,17,42,1,-117,17,6,1,-131,17,-27,0,-132,17,-56,0,-131,17,-73,0,-105,17,-83,0,-61,17,-86,0]"
CSI_DATA,124293,d8:b1:90:d9:de:f0,-38,9,-99,-35,39,104,-1471373283,101,0,106,0,"[-65,0,42,0,21,1,22,0,59,1,-27,16,49,1,-79,16,18,1,-112,16,-28,0,-124,16,-54,0,-111,16,-76,0,-85,16,-94,0,-23,16,-95,0,30,0,-90,0,73,0,-91,0,90,0,-99,0,90,0,0,0,0,0,113,0,99,0,53,0,117,0,-1,16,-103,0,-39,16,-37,0,-49,16,26,1,-32,16,57,1,0,0,54,1,26,0,23,1,47,0,-6,0,47,0,-30,0,33,0,-58,0,-1,16,-77,0,-19,16]"
CSI_DATA,124294,d8:b1:90:d9:de:f0,-37,9,-99,-38,39,104,-1471373160,98,0,106,0,"[102,0,97,17,105,0,3,17,64,0,-53,16,11,0,-58,16,-33,17,-35,16,-59,17,7,17,-58,17,42,17,-34,17,73,17,15,0,101,17,72,0,108,17,124,0,114,17,141,0,124,17,127,0,139,17,0,0,0,0,122,0,-117,17,131,0,-41,17,-114,0,26,0,-52,0,84,0,11,1,97,0,45,1,79,0,51,1,45,0,23,1,9,0,-1,0,-15,17,-29,0,-20,17,-64,0,-8,17,-84,0,19,0,-93,0]"
CSI_DATA,124295,d8:b1:90:d9:de:f0,-40,11,-99,-36,42,104,-1471309188,100,0,228,0,"[8,-3,11,-6,14,-7,16,-8,19,-9,20,-8,22,-7,86,35,21,-5,20,-3,19,-3,19,-2,17,-2,15,-1,15,-1,13,-2,11,-3,10,-5,7,-7,7,-8,5,-10,-27,-23,3,-12,3,-14,2,-14,2,-13,2,-13,1,-12,0,0,0,-9,0,-8,-2,-7,-5,-6,-7,-4,-10,-3,92,11,-15,-2,-18,-3,-20,-3,-20,-3,-20,-4,-20,-5,-19,-5,-19,-5,-18,-6,-16,-6,-15,-5,-15,-4,-13,-4,54,11,-12,-1,-12,0,-12,0,-11,1,-11,2,-11,2,-11,1,6,8,11,2,11,-7,4,-13,-6,-12,-11,-3,-10,4,19,3,5,6,7,-1,2,-7,-5,-7,-11,0,-7,9,2,15,14,11,19,-2,14,-18,-2,-23,-19,-16,-25,1,-13,6,0,23,15,15,20,0,12,-12,0,-15,-11,-8,0,0,-3,10,6,9,11,0,7,-9,-2,-12,-12,-7,-27,0,-6,12,3,13,11,6,10,-3,3,-7,-3,-5,-4,0,0,4,4,2,7,-3,2,-9,-6,-10,-15,-3,-28,5,-6,19,9,21,21,10,22,-6,12,-18,-1,-21,-12,-12]"
CSI_DATA,124296,d8:b1:90:d9:de:f0,-38,9,-99,-37,40,104,-1471164608,252,0,106,0,"[-8,0,13,0,62,1,-18,15,83,1,-62,15,51,1,-91,15,14,1,-104,15,-27,0,-84,15,-62,0,-58,15,-92,0,-11,15,-117,0,49,0,130,0,107,0,117,0,-113,0,104,0,-95,0,74,0,-100,0,0,0,0,0,-7,15,126,0,-73,15,122,0,119,15,-128,0,57,15,-112,0,16,15,-102,0,8,15,-103,0,20,15,-109,0,43,15,-118,0,65,15,125,0,76,15,106,0,79,15,80,0,83,15,41,0,89,15]"
CSI_DATA,124297,d8:b1:90:d9:de:f0,-35,9,-99,-35,37,104,-1471148228,130,0,106,0,"[57,0,41,20,42,0,-57,19,-6,20,-105,19,-48,20,-86,19,-71,20,-39,19,-69,20,15,20,-42,20,72,20,16,0,115,20,100,0,164,20,-163,0,-145,20,-109,0,-122,20,-96,0,-107,20,-119,0,-85,20,0,0,0,0,156,0,21,0,112,0,116,0,93,0,-111,0,97,0,-10,0,112,0,52,1,124,0,69,1,133,0,39,1,116,0,-8,0,94,0,-46,0,61,0,-75,0,10,0,-96,0,-41,20,-107,0,-63,20]"
CSI_DATA,124298,d8:b1:90:d9:de:f0,-37,11,-99,-34,38,104,-1470956189,277,0,106,0,"[-122,0,90,0,-65,0,140,0,-5,0,150,0,15,1,137,0,11,1,116,0,-2,0,99,0,-26,0,97,0,-57,0,105,0,-110,0,143,0,143,0,-114,0,84,0,-64,0,60,0,-46,0,46,0,-60,0,0,0,0,0,23,0,-111,0,-48,17,128,0,-147,17,101,0,60,17,71,0,-14,16,71,0,-57,16,90,0,-47,16,108,0,-22,16,121,0,7,17,118,0,26,17,99,0,45,17,67,0,49,17,28,0,60,17]"
CSI_DATA,124299,d8:b1:90:d9:de:f0,-38,9,-99,-35,39,104,-1470955727,98,0,106,0,"[39,0,95,16,58,0,23,16,33,0,-30,15,2,0,-40,15,-33,16,-37,15,-56,16,-6,15,-62,16,16,16,-38,16,46,16,13,0,75,16,81,0,99,16,137,0,94,16,-118,0,89,16,-123,0,88,16,0,0,0,0,111,0,-128,16,105,0,-51,16,-138,0,41,0,-74,0,114,0,-5,0,-126,0,38,1,-133,0,51,1,113,0,33,1,74,0,2,1,52,0,-21,0,44,0,-52,0,57,0,-78,0,85,0,-86,0]"
CSI_DATA,124300,d8:b1:90:d9:de:f0,-37,9,-99,-37,39,104,-1470915017,130,0,106,0,"[5,17,103,0,-43,16,-116,0,-30,16,-58,0,27,17,-38,0,88,17,-50,0,124,17,-84,0,143,17,-130,0,137,17,115,0,112,17,54,0,86,17,6,0,75,17,-28,17,78,17,-49,17,110,17,-63,17,0,0,0,0,-143,17,-122,17,-112,17,114,17,-106,17,48,17,-106,17,1,17,-116,17,-25,16,-117,17,-13,16,-110,17,19,17,-100,17,48,17,-84,17,77,17,-60,17,91,17,-32,17,93,17,-2,17,86,17,3,0]"
CSI_DATA,124301,d8:b1:90:d9:de:f0,-35,9,-99,-36,37,104,-1470746836,108,0,106,0,"[72,0,135,21,91,0,9,21,55,0,-72,19,7,0,-97,19,-50,21,-88,19,-88,21,-40,19,-97,21,7,21,-70,21,69,21,1,0,142,21,100,0,-165,21,-165,0,-135,21,-105,0,-138,21,-113,0,-144,21,0,0,0,0,153,0,-110,21,88,0,-8,21,60,0,131,0,66,0,-74,0,117,0,36,1,-173,0,83,1,-122,0,60,1,-90,0,-4,0,-94,0,-69,0,-117,0,-124,0,-180,0,-156,0,93,0,-170,0,35,0]"
CSI_DATA,124302,d8:b1:90:d9:de:f0,-38,11,-99,-35,39,104,-1470538391,277,0,106,0,"[-20,0,-20,16,42,1,-47,16,56,1,-83,16,31,1,-112,16,-9,0,-118,16,-46,0,-102,16,-71,0,-71,16,-82,0,-21,16,-89,0,44,0,-87,0,103,0,-88,0,-139,0,-97,0,-126,0,-125,0,-131,0,0,0,0,0,62,0,-137,0,-9,16,-116,0,-80,16,-66,0,-123,16,-15,0,-138,16,27,1,-134,16,30,1,-105,16,14,1,-86,16,-27,0,-81,16,-66,0,-89,16,-97,0,-116,16,-128,0,128,16,129,0,121,16]"
CSI_DATA,124303,d8:b1:90:d9:de:f0,-37,9,-99,-37,39,104,-1470537910,266,0,106,0,"[-31,0,65,0,47,1,53,0,73,1,16,0,51,1,-31,17,16,1,-62,17,-26,0,-53,17,-63,0,-36,17,-83,0,11,0,-95,0,73,0,-91,0,125,0,-94,0,-128,0,-94,0,-125,0,-121,0,-139,0,0,0,0,0,91,0,-147,0,18,0,-120,0,-40,17,-60,0,-71,17,1,1,-73,17,53,1,-48,17,60,1,-31,17,31,1,-9,17,-8,0,-3,17,-49,0,-23,17,-80,0,-54,17,-98,0,-93,17,-101,0,-95,17]"
CSI_DATA,124304,d8:b1:90:d9:de:f0,-38,9,-99,-35,39,104,-1470537758,246,0,106,0,"[77,0,-35,0,-139,0,15,1,-78,0,4,1,-53,0,-39,0,-53,0,-86,0,-78,0,-134,0,-116,0,133,0,109,0,-133,0,56,0,-98,0,18,0,-58,0,1,0,-30,0,5,0,-26,0,13,0,-51,0,0,0,0,0,-38,16,-127,0,-100,16,114,0,92,16,112,0,19,16,-136,0,-8,15,-95,0,7,16,-65,0,50,16,-58,0,99,16,-76,0,137,16,-116,0,-134,16,131,0,122,16,93,0,100,16,71,0,88,16]"
CSI_DATA,124305,d8:b1:90:d9:de:f0,-39,9,-99,-32,40,104,-1470329019,756,0,106,0,"[81,0,106,13,-105,0,46,13,-87,0,0,13,-93,0,-12,12,-106,0,-9,12,-111,0,7,13,108,0,27,13,94,0,67,13,93,0,-96,13,93,0,-20,13,92,0,45,0,98,0,97,0,97,0,112,0,0,0,0,0,58,0,68,0,4,0,21,0,-82,13,-24,13,53,13,-59,13,-32,12,-72,13,-81,12,-69,13,-84,12,-45,13,-66,12,-27,13,-40,12,-13,13,-2,12,-4,13,49,13,-22,13,103,13,-58,13,-76,13]"
CSI_DATA,124306,d8:b1:90:d9:de:f0,-37,11,-99,-36,39,104,-1470309177,100,0,114,0,"[-24,14,-26,14,-29,14,-31,14,-31,14,-30,13,-30,13,-28,12,-24,13,-24,12,-23,13,-24,12,-23,13,-23,14,-24,15,-24,16,-24,19,-24,21,-24,22,-24,23,-24,25,-23,26,-23,26,-22,28,-22,26,-21,26,-21,26,-19,26,0,0,-17,29,-16,29,-16,30,-15,31,-14,31,-14,33,-13,33,-13,34,-11,33,-12,33,-11,33,-8,31,-6,30,-5,29,-4,29,-3,29,-2,28,-2,29,-1,30,-1,31,0,32,1,34,0,34,-1,35,-2,35,-2,34,-2,33,-4,30]"
CSI_DATA,124307,d8:b1:90:d9:de:f0,-40,9,-99,-36,41,104,-1470290573,756,0,106,0,"[105,13,112,13,30,13,83,13,-23,12,100,13,-38,12,-85,13,-40,12,-42,13,-16,12,-12,13,3,13,6,0,31,13,0,13,65,13,-28,13,96,13,-68,13,113,13,-103,13,-114,13,94,13,-107,13,95,13,0,0,0,0,-87,13,-95,13,-36,13,-78,13,31,0,-79,13,99,0,-104,13,-74,0,71,13,-65,0,24,13,-85,0,0,13,106,0,-7,12,70,0,0,12,42,0,8,13,38,0,32,13,50,0,65,13,63,0]"
CSI_DATA,124308,d8:b1:90:d9:de:f0,-44,11,-99,-34,45,104,-1469911692,277,0,106,0,"[-3,7,-9,0,6,0,-5,0,15,0,-28,0,19,0,64,0,13,0,16,0,-3,7,-30,7,-29,7,59,7,-59,7,12,7,50,7,-27,7,27,7,-39,7,22,7,-35,7,42,7,-20,7,-61,7,6,7,0,0,0,0,3,0,36,7,35,0,41,7,53,0,43,7,59,0,53,7,52,0,-61,7,29,0,-37,7,5,0,-7,7,-20,7,23,0,-45,7,49,0,-65,7,-47,0,55,7,-6,0,54,7,22,0,-56,7]"
CSI_DATA,124309,d8:b1:90:d9:de:f0,-45,9,-99,-36,46,104,-1469911238,120,0,106,0,"[35,7,63,7,27,7,63,7,41,7,-48,7,-57,7,-25,7,-20,7,0,7,18,0,22,0,63,0,49,0,-23,0,-52,0,14,0,-31,0,32,0,-16,0,24,0,-16,0,-6,0,-20,0,-48,0,-27,0,0,0,0,0,1,0,-45,0,-34,7,-46,0,-60,7,-51,0,58,7,63,0,-61,7,46,0,-38,7,26,0,-6,7,8,0,26,0,-8,7,61,0,-20,7,-31,0,-35,7,4,0,-50,7,26,0,61,7,20,0]"
CSI_DATA,124310,d8:b1:90:d9:de:f0,-44,9,-99,-36,45,104,-1469911089,120,0,106,0,"[-15,0,-5,8,-9,0,-11,8,-32,0,-14,8,70,0,-16,8,21,0,-12,8,-29,8,-6,8,56,8,2,0,1,8,14,0,-45,7,24,0,-70,7,28,0,-65,7,17,0,-37,7,3,0,5,8,-20,8,0,0,0,0,-68,8,-62,8,-35,8,52,8,-12,8,34,8,3,0,35,8,10,0,55,8,8,0,-52,8,-1,8,-14,8,-11,8,25,0,-26,8,64,0,-39,8,-38,0,-48,8,3,0,-48,8,34,0,-30,8]"
CSI_DATA,124311,d8:b1:90:d9:de:f0,-45,9,-99,-36,46,104,-1469910940,130,0,106,0,"[25,7,52,0,23,7,58,0,44,7,53,0,-48,7,39,0,-11,7,17,0,28,0,-6,7,-59,0,-39,7,-16,0,56,7,15,0,29,7,30,0,14,7,32,0,24,7,13,0,44,7,-8,0,-47,7,0,0,0,0,-46,0,16,0,-56,0,53,0,60,0,-53,0,48,0,-46,0,33,0,-59,0,20,0,39,0,6,0,6,0,-3,7,-27,7,-15,7,-62,7,-26,7,29,7,-43,7,-6,7,-60,7,-28,7,49,7]"
CSI_DATA,124312,d8:b1:90:d9:de:f0,-44,9,-99,-36,45,104,-1469910797,113,0,106,0,"[-42,8,-18,0,-36,8,-12,0,-19,8,-32,0,-4,8,-71,0,6,0,23,0,12,0,-29,8,16,0,59,8,14,0,1,8,13,0,-46,7,10,0,-70,7,9,0,-64,7,18,0,-38,7,37,0,7,8,0,0,0,0,70,0,-61,8,-48,0,-29,8,-35,0,-8,8,-36,0,5,0,-55,0,10,0,52,0,6,0,12,0,-1,8,-26,8,-9,8,-64,8,-21,8,35,8,-28,8,-8,7,-32,8,-38,7,-25,8,-42,7]"
CSI_DATA,124313,d8:b1:90:d9:de:f0,-43,9,-99,-34,44,104,-1469910661,113,0,106,0,"[-39,0,73,8,-38,0,63,8,-64,0,70,8,49,0,-59,8,8,0,-25,8,-27,8,17,0,-63,8,67,0,53,8,-34,0,28,8,11,0,22,8,36,0,22,8,30,0,30,8,3,0,42,8,-47,0,0,0,0,0,56,8,17,0,48,8,-24,8,45,8,-48,8,53,8,-60,8,74,8,-55,8,-45,8,-32,8,-11,8,-5,8,20,0,22,0,53,0,51,0,-61,0,-74,0,-19,0,-52,0,14,0,-48,0,26,0]"
CSI_DATA,124314,d8:b1:90:d9:de:f0,-42,9,-99,-36,44,104,-1469702357,756,0,106,0,"[-30,9,6,9,-75,9,-15,8,51,9,3,9,52,9,37,9,72,9,66,9,-58,9,79,9,-26,9,68,9,2,0,30,9,13,0,-11,8,4,0,-39,8,-14,9,-34,8,-34,9,-8,8,-31,9,31,9,0,0,0,0,15,0,-64,9,56,0,-54,9,-67,0,-58,9,-47,0,-68,9,-44,0,-70,9,-53,0,-65,9,-62,0,-46,9,-61,0,-27,9,-53,0,-13,9,-30,0,-3,9,0,0,-12,9,13,0,-42,9,-8,0]"
CSI_DATA,124315,d8:b1:90:d9:de:f0,-38,11,-99,-35,39,104,-1469493893,277,0,106,0,"[117,16,-124,0,92,16,-27,0,133,16,30,1,-85,16,42,1,-41,16,22,1,-14,16,-4,0,-10,16,-42,0,-30,16,-62,0,-70,16,-82,0,-111,16,-82,0,-133,16,-90,0,-134,16,-100,0,-114,16,-124,0,0,0,0,0,-87,16,94,0,-99,16,23,0,137,16,-38,16,80,16,-91,16,20,16,-103,16,-10,15,-95,16,-23,15,-64,16,-17,15,-34,16,-9,15,2,0,18,16,22,0,38,16,23,0,51,16,18,0,80,16]"
CSI_DATA,124316,d8:b1:90:d9:de:f0,-37,9,-99,-36,39,104,-1469493394,130,0,106,0,"[77,16,-87,16,-5,15,-100,16,-49,15,-76,16,-43,15,-44,16,-19,15,-17,16,15,16,-22,16,42,16,-32,16,66,16,-71,16,94,16,-120,16,120,16,118,16,-138,16,89,16,-116,16,86,16,-93,16,99,16,0,0,0,0,-28,16,-143,16,42,0,-113,16,126,0,-105,16,-85,0,-90,16,-30,0,-98,16,3,1,-113,16,5,1,-114,16,-10,0,-124,16,-29,0,-121,16,-42,0,-111,16,-54,0,-95,16,-65,0,-68,16,-87,0]"
CSI_DATA,124317,d8:b1:90:d9:de:f0,-38,9,-99,-35,39,104,-1469493277,113,0,106,0,"[-107,0,128,16,-63,0,62,16,-61,0,20,16,-92,0,6,16,-123,0,19,16,-135,0,43,16,-135,0,79,16,-115,0,118,16,-85,0,-122,16,-56,0,-79,16,-35,0,-41,16,-41,0,-22,16,-63,0,-5,16,0,0,0,0,-129,0,42,0,103,0,85,0,62,0,-126,0,23,0,-56,0,7,0,1,1,9,0,26,1,9,0,25,1,25,0,14,1,31,0,-1,0,22,0,-13,0,13,0,-32,0,-5,16,-47,0,-21,16]"
CSI_DATA,124318,d8:b1:90:d9:de:f0,-38,9,-99,-34,39,104,-1469493124,337,0,106,0,"[-120,0,110,15,-93,0,25,15,-115,0,-24,14,115,0,-30,14,85,0,-19,14,72,0,16,15,75,0,46,15,96,0,68,15,-131,0,113,15,-96,0,-133,15,-69,0,-112,15,-66,0,-94,15,-84,0,-75,15,0,0,0,0,-134,0,-20,15,104,0,43,0,87,0,118,0,87,0,-76,0,99,0,-16,0,112,0,10,1,134,0,4,1,134,0,-14,0,-132,0,-30,0,-132,0,-51,0,126,0,-60,0,96,0,-72,0,77,0]"
CSI_DATA,124319,d8:b1:90:d9:de:f0,-37,9,-99,-35,39,104,-1469492921,317,0,106,0,"[137,16,-101,0,110,16,-14,0,135,16,37,1,-97,16,47,1,-57,16,22,1,-44,16,-7,0,-47,16,-43,0,-82,16,-75,0,-127,16,-97,0,104,16,-115,0,75,16,-137,0,74,16,133,0,89,16,113,0,0,0,0,0,-138,16,54,0,-126,16,-13,16,-128,16,-92,16,135,16,111,16,105,16,58,16,77,16,39,16,70,16,45,16,58,16,74,16,61,16,94,16,74,16,113,16,95,16,122,16,118,16,118,16,-130,16]"
CSI_DATA,124320,d8:b1:90:d9:de:f0,-41,11,-99,-35,42,104,-1469308891,100,0,228,0,"[0,11,0,15,0,17,-1,20,-3,21,-5,22,-6,21,84,34,-8,19,-9,16,-9,16,-8,13,-7,13,-7,11,-6,10,-3,10,-2,10,0,9,2,10,3,10,6,10,-26,-23,7,12,8,12,8,12,8,12,8,11,7,10,0,0,8,8,8,6,9,5,10,3,12,2,13,0,-42,0,16,0,19,0,19,0,20,0,20,0,19,0,19,1,17,1,16,1,15,1,14,1,13,1,12,0,-54,0,11,0,11,-1,11,-3,11,-3,11,-3,10,-3,10,-3,-10,4,-6,11,4,13,12,8,14,-2,8,-11,-1,-12,-17,15,-10,3,-3,10,6,8,11,0,9,-10,0,-14,-12,-10,-18,0,-13,15,0,22,16,16,23,0,18,-15,9,-10,-13,-16,-19,-2,-13,10,-1,15,8,9,11,0,0,0,-3,-9,-10,-2,-9,7,0,13,10,10,15,0,25,-10,-1,-14,-10,-9,-13,0,-6,9,1,10,7,3,6,-3,0,-6,-6,-3,-7,3,-3,10,6,10,13,3,26,-7,6,-16,-7,-18,-19,-9,-20,5,-11,16,1,18,11,11]"
CSI_DATA,124321,d8:b1:90:d9:de:f0,-37,11,-99,-36,39,104,-1469284994,277,0,106,0,"[-31,0,-107,16,20,1,130,16,14,1,85,16,-23,0,67,16,-76,0,79,16,-112,0,112,16,-124,0,-125,16,-115,0,-70,16,-97,0,1,0,-61,0,65,0,-40,0,97,0,-40,0,106,0,-68,0,103,0,0,0,0,0,-138,0,121,0,97,0,-129,0,54,0,-60,0,28,0,-5,0,23,0,26,1,20,0,32,1,26,0,4,1,28,0,-32,0,5,0,-61,0,-19,16,-77,0,-53,16,-84,0,-86,16,-83,0,-93,16]"
CSI_DATA,124322,d8:b1:90:d9:de:f0,-38,9,-99,-34,39,104,-1469284495,101,0,106,0,"[21,15,87,0,-30,14,-118,0,-12,14,-51,0,40,15,-27,0,94,15,-44,0,-128,15,-74,0,-116,15,-128,0,-132,15,88,0,97,15,29,0,48,15,-7,15,11,15,-16,15,6,15,-10,15,36,15,-1,15,0,0,0,0,92,15,-41,15,123,15,-86,15,130,15,106,15,110,15,52,15,82,15,25,15,72,15,33,15,76,15,69,15,95,15,103,15,122,15,121,15,-117,15,121,15,-88,15,103,15,-79,15,77,15,-82,15]"
CSI_DATA,124323,d8:b1:90:d9:de:f0,-38,11,-99,-35,39,104,-1468867195,277,0,106,0,"[-85,16,71,16,-136,16,18,16,87,16,7,16,58,16,32,16,47,16,67,16,56,16,101,16,68,16,117,16,92,16,129,16,-131,16,123,16,-82,16,110,16,-34,16,90,16,-8,16,82,16,4,0,98,16,0,0,0,0,29,0,-137,16,79,0,-89,16,-123,0,-59,16,-42,0,-45,16,21,1,-61,16,54,1,-92,16,40,1,-129,16,5,1,131,16,-27,0,116,16,-55,0,121,16,-81,0,-139,16,-97,0,-103,16,-106,0]"
CSI_DATA,124324,d8:b1:90:d9:de:f0,-38,9,-99,-34,39,104,-1468866741,130,0,106,0,"[61,0,-62,0,114,0,-2,0,-93,0,8,1,-63,0,-20,0,-41,0,-65,0,-39,0,-112,0,-51,0,132,0,-84,0,122,0,-129,0,-134,0,99,0,-116,0,60,0,-88,0,47,0,-72,0,44,0,-83,0,0,0,0,0,22,0,-121,0,-37,15,114,0,-116,15,108,0,78,15,129,0,29,15,-91,0,25,15,-39,0,56,15,-11,0,100,15,0,1,-124,15,-8,0,-95,15,-30,0,-83,15,-57,0,-80,15,-87,0,-88,15]"
CSI_DATA,124325,d8:b1:90:d9:de:f0,-36,9,-99,-35,38,104,-1468855920,756,0,106,0,"[-58,0,28,0,24,1,1,0,53,1,-64,18,33,1,-119,18,0,1,151,18,-47,0,133,18,-83,0,132,18,-103,0,152,18,-111,0,-112,18,-106,0,-62,18,-92,0,-15,18,-79,0,11,0,-94,0,14,0,0,0,0,0,-132,0,22,0,141,0,64,0,122,0,140,0,128,0,-89,0,-145,0,-24,0,-97,0,-9,0,-58,0,-35,0,-33,0,-88,0,-28,0,-140,0,-37,0,132,0,-64,0,106,0,-97,0,101,0,-125,0]"
CSI_DATA,124326,d8:b1:90:d9:de:f0,-36,11,-99,-36,38,104,-1468449396,277,0,106,0,"[-59,18,110,18,-108,18,20,18,143,18,-11,17,89,18,12,18,47,18,62,18,47,18,107,18,52,18,147,18,89,18,-151,18,154,18,-157,18,-110,18,143,18,-56,18,108,18,-35,18,86,18,-40,18,93,18,0,0,0,0,-30,18,146,18,27,0,-114,18,123,0,-91,18,-94,0,-90,18,-12,0,-129,18,12,1,128,18,-6,0,83,18,-57,0,60,18,-115,0,46,18,159,0,60,18,130,0,98,18,137,0,153,18,152,0]"
CSI_DATA,124327,d8:b1:90:d9:de:f0,-36,9,-99,-34,37,104,-1468448906,120,0,106,0,"[-58,20,117,20,-90,20,10,20,-153,20,-41,18,150,20,-37,18,126,20,-13,18,129,20,28,20,146,20,57,20,-160,20,81,20,-76,20,101,20,21,0,108,20,96,0,117,20,144,0,109,20,152,0,122,20,0,0,0,0,128,0,-144,20,120,0,-46,20,144,0,68,0,-146,0,-160,0,-82,0,-84,0,-33,0,-49,0,2,1,-77,0,-2,0,-110,0,-22,0,-149,0,-48,0,150,0,-104,0,149,0,160,0,164,0,114,0]"
CSI_DATA,124328,d8:b1:90:d9:de:f0,-36,9,-99,-36,38,104,-1468448775,130,0,106,0,"[15,0,104,18,13,0,5,18,-21,18,-51,17,-59,18,-57,17,-95,18,-41,17,-108,18,-10,17,-105,18,25,18,-69,18,55,18,-15,18,89,18,61,0,123,18,134,0,144,18,-151,0,157,18,-147,0,-157,18,0,0,0,0,140,0,-100,18,112,0,-16,18,119,0,93,0,144,0,-119,0,-130,0,-46,0,-85,0,-17,0,-54,0,-27,0,-36,0,-69,0,-50,0,-110,0,-76,0,-143,0,-123,0,159,0,133,0,-158,0,88,0]"
CSI_DATA,124329,d8:b1:90:d9:de:f0,-36,9,-99,-35,37,104,-1468448649,98,0,106,0,"[-32,20,-124,0,-39,20,-10,0,4,0,54,1,49,0,67,1,89,0,46,1,109,0,8,1,109,0,-27,0,78,0,-61,0,10,0,-102,0,-75,20,-133,0,-149,20,-146,0,161,20,-160,0,168,20,-175,0,0,0,0,0,-146,20,130,0,-116,20,27,0,-139,20,-87,20,174,20,146,20,116,20,72,20,63,20,45,20,32,20,67,20,19,20,104,20,37,20,149,20,59,20,-160,20,122,20,-148,20,-166,20,-157,20,-120,20]"
CSI_DATA,124330,d8:b1:90:d9:de:f0,-34,11,-99,-35,36,104,-1468308841,100,0,114,0,"[6,-38,10,-41,13,-43,20,-43,20,-44,23,-41,23,-40,24,-36,23,-33,24,-30,23,-30,23,-29,24,-30,24,-30,26,-32,26,-33,27,-33,27,-35,30,-35,32,-35,32,-36,33,-36,33,-35,32,-35,33,-32,32,-32,33,-30,35,-29,0,0,33,-27,32,-29,36,-29,38,-29,38,-30,41,-29,41,-29,40,-27,40,-27,40,-24,38,-24,36,-24,35,-23,35,-21,32,-21,33,-20,32,-18,33,-18,35,-18,36,-16,38,-16,40,-18,41,-15,44,-15,46,-13,46,-7,43,-6,40,-3]"
CSI_DATA,124331,d8:b1:90:d9:de:f0,-37,11,-99,-36,39,104,-1468031597,277,0,106,0,"[-76,0,-122,16,-23,0,88,16,-28,0,32,16,-66,0,16,16,-106,0,31,16,-133,0,67,16,-138,0,113,16,-120,0,-125,16,-88,0,-63,16,-67,0,-14,16,-58,0,21,0,-74,0,34,0,-107,0,38,0,0,0,0,0,74,0,71,0,-5,16,100,0,-72,16,-122,0,-130,16,-69,0,123,16,-21,0,116,16,4,1,130,16,3,1,139,16,-14,0,-129,16,-32,0,-122,16,-57,0,-130,16,-88,0,142,16,-116,0,-140,16]"
CSI_DATA,124332,d8:b1:90:d9:de:f0,-38,9,-99,-37,40,104,-1468031098,407,0,106,0,"[-122,15,-69,0,-114,15,28,1,-58,15,74,1,-7,15,64,1,31,0,21,1,38,0,-22,0,19,0,-65,0,-23,15,-95,0,-83,15,-113,0,130,15,-119,0,110,15,-120,0,112,15,-127,0,-129,15,114,0,0,0,0,0,-76,15,19,0,-68,15,-55,15,-85,15,125,15,-117,15,54,15,104,15,13,15,77,15,8,15,64,15,32,15,69,15,60,15,81,15,89,15,93,15,110,15,125,15,114,15,-108,15,111,15,-90,15]"
CSI_DATA,124333,d8:b1:90:d9:de:f0,-37,9,-99,-36,39,104,-1468030889,705,0,106,0,"[15,0,-40,0,87,0,44,1,-121,0,51,1,-80,0,6,1,-70,0,-53,0,-92,0,-102,0,-129,0,-126,0,100,0,-123,0,43,0,-97,0,-1,16,-66,0,-24,16,-51,0,-17,16,-60,0,-11,16,-98,0,0,0,0,0,-44,16,83,0,-93,16,22,0,109,16,-32,16,32,16,-56,16,-29,15,-51,16,-59,15,-19,16,-48,15,7,0,-21,15,29,0,11,16,43,0,37,16,42,0,63,16,26,0,75,16,3,0,89,16]"
CSI_DATA,124334,d8:b1:90:d9:de:f0,-38,9,-99,-37,40,104,-1468030584,725,0,106,0,"[21,0,-32,0,67,0,43,1,112,0,58,1,-123,0,31,1,-128,0,-12,0,112,0,-48,0,69,0,-79,0,6,0,-93,0,-61,15,-102,0,-120,15,-106,0,108,15,-118,0,107,15,124,0,121,15,94,0,0,0,0,0,-78,15,-1,15,-50,15,-77,15,-28,15,102,15,-14,15,18,15,-16,15,-30,14,-18,15,-51,14,-15,15,-40,14,-15,15,-22,14,-13,15,8,15,3,0,36,15,30,0,63,15,61,0,83,15,82,0]"
CSI_DATA,124335,d8:b1:90:d9:de:f0,-36,9,-99,-34,37,104,-1467970619,108,0,106,0,"[-114,20,-80,0,-118,20,-13,0,-78,20,36,1,-16,20,46,1,41,0,20,1,74,0,-5,0,92,0,-41,0,92,0,-70,0,44,0,-80,0,1,0,-77,0,-32,20,-72,0,-53,20,-61,0,-45,20,-70,0,0,0,0,0,-32,20,-86,0,-56,20,-121,0,-112,20,-126,0,-166,20,-120,0,128,20,-88,0,116,20,-54,0,145,20,-26,0,-154,20,-12,0,-100,20,-5,0,-49,20,-12,0,-20,20,-36,0,-17,20,-62,0,-16,20]"
CSI_DATA,124336,d8:b1:90:d9:de:f0,-37,9,-99,-35,38,104,-1467935842,130,0,106,0,"[130,18,83,0,36,18,155,0,24,18,-72,0,64,18,-12,0,123,18,-1,0,-130,18,-14,0,-102,18,-59,0,-105,18,-116,0,-148,18,123,0,99,18,68,0,45,18,44,0,20,18,57,0,42,18,75,0,0,0,0,0,149,18,62,0,-94,18,0,0,-55,18,-110,18,-55,18,86,18,-95,18,11,18,-145,18,-20,17,132,18,-4,17,113,18,31,18,113,18,77,18,138,18,106,18,-135,18,111,18,-105,18,97,18,-90,18]"
CSI_DATA,124337,d8:b1:90:d9:de:f0,-37,9,-99,-36,39,104,-1467935558,113,0,106,0,"[138,16,114,0,57,16,-102,0,35,16,-41,0,50,16,-13,0,85,16,-14,0,115,16,-33,0,131,16,-84,0,131,16,-141,0,113,16,53,0,83,16,-35,16,54,16,-95,16,40,16,-123,16,54,16,-116,16,0,0,0,0,-140,16,-85,16,-51,16,-75,16,61,0,-100,16,-122,0,-135,16,-54,0,106,16,-20,0,78,16,-32,0,63,16,-58,0,72,16,-75,0,97,16,-85,0,131,16,-84,0,-107,16,-69,0,-59,16,-60,0]"
CSI_DATA,124338,d8:b1:90:d9:de:f0,-38,9,-99,-36,40,104,-1467935369,133,0,106,0,"[-120,0,104,0,-36,0,-106,0,26,1,-107,0,44,1,121,0,38,1,86,0,1,1,68,0,-36,0,65,0,-86,0,81,0,95,0,125,0,37,0,-77,0,0,0,-32,0,-15,15,-13,0,-11,15,-26,0,0,0,0,0,-7,15,-110,0,-43,15,62,0,-106,15,-14,15,76,15,-75,15,11,15,-112,15,-26,14,-118,15,-36,14,-101,15,-12,14,-87,15,14,15,-73,15,42,15,-77,15,76,15,-100,15,110,15,120,15,125,15]"
CSI_DATA,124339,d8:b1:90:d9:de:f0,-37,9,-99,-36,39,104,-1467935162,113,0,106,0,"[-6,16,-104,0,-2,16,4,1,38,0,60,1,85,0,65,1,108,0,29,1,116,0,-10,0,93,0,-50,0,41,0,-84,0,-33,16,-113,0,-125,16,-123,0,98,16,-122,0,74,16,-111,0,90,16,-118,0,0,0,0,0,-125,16,104,0,-89,16,23,0,-77,16,-85,16,-88,16,92,16,-122,16,13,16,134,16,-15,15,125,16,-3,15,112,16,29,16,126,16,54,16,-134,16,71,16,-90,16,78,16,-43,16,69,16,-17,16]"
CSI_DATA,124340,d8:b1:90:d9:de:f0,-37,9,-99,-34,38,104,-1467935035,133,0,106,0,"[-80,17,120,17,-149,17,30,17,78,17,0,17,38,17,27,17,23,17,73,17,45,17,118,17,84,17,148,17,149,17,143,17,-70,17,123,17,16,0,80,17,71,0,43,17,83,0,20,17,66,0,29,17,0,0,0,0,38,0,134,17,60,0,-68,17,122,0,27,0,-102,0,110,0,-24,0,-152,0,29,1,-150,0,36,1,135,0,20,1,104,0,-13,0,83,0,-48,0,83,0,-86,0,108,0,-120,0,146,0,-134,0]"
CSI_DATA,124341,d8:b1:90:d9:de:f0,-37,9,-99,-36,39,104,-1467934844,127,0,106,0,"[71,0,-113,0,124,0,-23,0,-89,0,7,1,-50,0,-15,0,-32,0,-62,0,-46,0,-109,0,-80,0,-138,0,-135,0,-136,0,63,0,-126,0,-4,16,-85,0,-52,16,-48,0,-58,16,-21,0,-38,16,-31,0,0,0,0,0,-25,16,-123,0,-46,16,76,0,-118,16,-6,16,93,16,-72,16,3,16,-99,16,-43,15,-84,16,-42,15,-66,16,-22,15,-39,16,8,16,-19,16,37,16,-25,16,67,16,-50,16,84,16,-90,16,87,16]"
CSI_DATA,124342,d8:b1:90:d9:de:f0,-38,9,-99,-35,39,104,-1467934677,107,0,106,0,"[37,0,97,16,44,0,-15,15,18,0,-75,15,-13,16,-79,15,-30,16,-52,15,-32,16,-10,15,-13,16,41,16,30,0,97,16,101,0,-111,16,-105,0,-50,16,-51,0,-10,16,-19,0,6,0,-31,0,7,0,0,0,0,0,138,0,17,0,43,0,38,0,-64,16,83,0,123,16,-137,0,56,16,-77,0,30,16,-50,0,41,16,-47,0,58,16,-69,0,76,16,-98,0,88,16,-131,0,82,16,86,0,76,16,21,0,68,16]"
CSI_DATA,124343,d8:b1:90:d9:de:f0,-38,9,-99,-36,39,104,-1467934559,127,0,106,0,"[46,0,-104,0,99,0,-12,0,-115,0,16,1,-66,0,-11,0,-34,0,-58,0,-52,0,-103,0,-80,0,-139,0,-134,0,-143,0,72,0,-123,0,7,0,-84,0,-37,16,-38,0,-39,16,-16,0,-14,16,-34,0,0,0,0,0,6,0,-116,0,-35,16,78,0,-120,16,13,0,75,16,-33,16,-7,15,-41,16,-49,15,-13,16,-53,15,23,0,-22,15,46,0,10,16,56,0,40,16,56,0,61,16,28,0,68,16,-15,16,62,16]"
CSI_DATA,124344,d8:b1:90:d9:de:f0,-38,9,-99,-36,40,104,-1467934338,107,0,106,0,"[-105,0,84,0,-10,0,104,0,55,1,69,0,67,1,11,0,45,1,-37,15,8,1,-65,15,-37,0,-63,15,-75,0,-30,15,-102,0,34,0,-107,0,108,0,-95,0,-103,0,-73,0,-95,0,-68,0,-117,0,0,0,0,0,117,0,76,0,40,0,66,0,-54,15,91,0,-127,15,-107,0,95,15,-38,0,100,15,9,1,-123,15,23,1,-90,15,13,1,-66,15,-6,0,-50,15,-35,0,-66,15,-65,0,-96,15,-80,0,-108,15]"
CSI_DATA,124345,d8:b1:90:d9:de:f0,-38,11,-99,-34,39,104,-1467613798,277,0,106,0,"[-96,0,30,0,-6,0,37,0,52,1,1,0,65,1,-43,15,37,1,-78,15,6,1,-95,15,-36,0,-83,15,-67,0,-49,15,-93,0,16,0,-102,0,75,0,-108,0,130,0,-109,0,-120,0,-116,0,-129,0,0,0,0,0,82,0,96,0,10,0,79,0,-80,15,99,0,106,15,-135,0,50,15,-91,0,36,15,-54,0,52,15,-33,0,75,15,-29,0,106,15,-30,0,132,15,-58,0,-128,15,-92,0,-135,15,-130,0,133,15]"
CSI_DATA,124346,d8:b1:90:d9:de:f0,-38,9,-99,-35,39,104,-1467613317,224,0,106,0,"[-95,0,39,0,-8,0,54,0,49,1,22,0,58,1,-25,16,39,1,-61,16,3,1,-88,16,-29,0,-77,16,-63,0,-52,16,-75,0,3,0,-85,0,68,0,-78,0,114,0,-76,0,130,0,-91,0,121,0,0,0,0,0,122,0,90,0,49,0,94,0,-25,16,-137,0,-88,16,-76,0,-119,16,-18,0,-117,16,19,1,-90,16,32,1,-57,16,27,1,-28,16,6,1,-16,16,-17,0,-18,16,-43,0,-37,16,-73,0,-54,16]"
CSI_DATA,124347,d8:b1:90:d9:de:f0,-39,9,-99,-35,40,104,-1467613172,130,0,106,0,"[102,0,108,14,-104,0,39,14,-115,0,-18,13,91,0,-43,13,49,0,-40,13,18,0,-17,13,-2,14,15,14,15,0,49,14,63,0,88,14,114,0,105,14,-98,0,111,14,-85,0,106,14,-100,0,110,14,0,0,0,0,105,0,-82,14,95,0,-15,14,116,0,60,0,-96,0,-123,0,-37,0,-89,0,-2,0,-88,0,10,0,-109,0,4,0,111,0,-3,0,80,0,-16,0,57,0,-43,0,55,0,-72,0,66,0,-98,0]"
CSI_DATA,124348,d8:b1:90:d9:de:f0,-38,9,-99,-35,39,104,-1467613019,113,0,106,0,"[119,0,135,16,-109,0,62,16,-114,0,-4,15,118,0,-35,15,67,0,-42,15,31,0,-10,15,13,0,18,16,29,0,50,16,70,0,91,16,121,0,115,16,-111,0,118,16,-93,0,115,16,-113,0,126,16,0,0,0,0,109,0,-103,16,106,0,-25,16,135,0,46,0,-94,0,115,0,-32,0,-124,0,8,1,-129,0,28,1,119,0,19,1,80,0,2,1,46,0,-16,0,27,0,-37,0,22,0,-74,0,41,0,-95,0]"
CSI_DATA,124349,d8:b1:90:d9:de:f0,-37,9,-99,-37,39,104,-1467404427,127,0,106,0,"[113,0,-51,0,-110,0,13,1,-48,0,15,1,-38,0,-20,0,-40,0,-64,0,-63,0,-102,0,-95,0,-110,0,-146,0,-105,0,97,0,-93,0,41,0,-79,0,-3,17,-73,0,-26,17,-90,0,-40,17,-122,0,0,0,0,0,-88,17,85,0,-130,17,24,0,107,17,-35,17,46,17,-85,17,-3,16,-105,17,-24,16,-102,17,-17,16,-88,17,2,17,-66,17,26,17,-55,17,42,17,-51,17,75,17,-51,17,112,17,-62,17,-145,17]"
CSI_DATA,124350,d8:b1:90:d9:de:f0,-37,9,-99,-35,38,104,-1467404314,127,0,106,0,"[-127,0,112,18,-83,0,26,18,-102,0,-28,17,-136,0,-35,17,140,0,-12,17,116,0,15,18,117,0,56,18,140,0,91,18,-132,0,138,18,-100,0,-130,18,-80,0,-88,18,-91,0,-51,18,-122,0,-22,18,0,0,0,0,141,0,42,0,100,0,112,0,77,0,-119,0,55,0,-48,0,52,0,2,1,52,0,22,1,63,0,12,1,70,0,-4,0,73,0,-29,0,64,0,-50,0,48,0,-75,0,30,0,-102,0,-2,18]"
CSI_DATA,124351,d8:b1:90:d9:de:f0,-37,9,-99,-36,39,104,-1467404210,107,0,106,0,"[80,16,-126,0,38,16,-50,0,49,16,5,1,92,16,15,1,126,16,3,1,-135,16,-28,0,-131,16,-62,0,142,16,-99,0,112,16,-142,0,89,16,99,0,79,16,67,0,81,16,40,0,105,16,12,0,0,0,0,0,-126,16,-59,16,-90,16,-112,16,-61,16,107,16,-46,16,42,16,-47,16,-11,15,-50,16,-21,15,-59,16,-8,15,-66,16,7,16,-69,16,34,16,-69,16,50,16,-58,16,75,16,-30,16,94,16,-6,16]"
CSI_DATA,124352,d8:b1:90:d9:de:f0,-37,9,-99,-33,38,104,-1467404074,107,0,106,0,"[-31,0,4,0,51,1,-38,17,73,1,-97,17,46,1,-132,17,5,1,143,17,-35,0,-143,17,-53,0,-121,17,-66,0,-85,17,-65,0,-30,17,-69,0,16,0,-79,0,51,0,-101,0,71,0,-132,0,79,0,0,0,0,0,76,0,106,0,17,0,138,0,-40,17,-108,0,-83,17,-48,0,-105,17,-2,0,-110,17,15,1,-90,17,13,1,-66,17,-5,0,-49,17,-24,0,-36,17,-41,0,-34,17,-70,0,-47,17,-107,0,-56,17]"
CSI_DATA,124353,d8:b1:90:d9:de:f0,-38,9,-99,-37,40,104,-1467403929,101,0,106,0,"[89,0,38,15,81,0,-45,14,34,0,-84,14,-7,15,-75,14,-42,15,-40,14,-47,15,-8,14,-42,15,21,15,-8,15,44,15,30,0,55,15,72,0,67,15,98,0,88,15,107,0,115,15,103,0,-119,15,0,0,0,0,108,0,-48,15,122,0,17,0,-100,0,74,0,-66,0,121,0,-33,0,-113,0,-6,0,-112,0,-6,0,-126,0,-13,0,111,0,-26,0,87,0,-40,0,69,0,-67,0,66,0,-97,0,69,0,-130,0]"
CSI_DATA,124354,d8:b1:90:d9:de:f0,-40,11,-99,-36,42,104,-1467309184,100,0,228,0,"[-9,0,-12,0,-15,0,-18,-1,-20,-3,-21,-5,-23,-7,86,35,-20,-9,-19,-10,-17,-10,-16,-10,-15,-9,-14,-9,-13,-8,-13,-7,-13,-4,-13,-3,-13,-1,-13,0,-13,1,-27,-23,-14,3,-13,4,-13,5,-11,5,-11,5,-9,5,0,0,-7,5,-5,5,-3,6,-1,7,0,9,1,11,23,0,4,14,5,16,6,18,6,18,6,19,6,19,5,19,4,19,3,18,3,18,3,17,2,16,2,15,27,0,1,15,1,13,2,12,2,11,2,10,3,8,3,7,0,-11,-8,-10,-14,-2,-12,8,-3,14,6,11,11,3,-13,-13,0,-7,-6,-3,-6,3,0,9,8,7,12,-1,8,-12,-3,-17,-15,-12,-23,3,-15,19,1,25,19,18,12,3,18,-16,1,-23,-14,-15,-19,0,-12,12,0,15,0,0,13,-2,6,-11,-4,-11,-12,-3,-11,7,-2,12,11,23,12,0,8,-8,0,-10,-7,-5,-7,1,-2,5,3,3,4,0,0,-4,-4,-4,-8,1,-5,8,3,12,14,23,17,-2,12,-15,0,-21,-14,-16,-21,-3,-18,10,-6,17]"
CSI_DATA,124355,d8:b1:90:d9:de:f0,-37,9,-99,-36,39,104,-1467195554,113,0,106,0,"[-122,0,138,0,-19,0,-118,0,57,1,127,0,70,1,61,0,41,1,3,0,-10,0,-31,16,-53,0,-20,16,-92,0,14,0,-106,0,80,0,-99,0,-143,0,-84,0,-107,0,-70,0,-120,0,-85,0,131,0,0,0,0,0,112,0,79,0,34,0,92,0,-41,16,-142,0,-94,16,-79,0,-106,16,-21,0,-95,16,11,1,-66,16,15,1,-34,16,2,1,-16,16,-15,0,-10,16,-26,0,-3,16,-38,0,-5,16,-52,0,-2,16]"
CSI_DATA,124356,d8:b1:90:d9:de:f0,-37,9,-99,-38,39,104,-1467181856,130,0,106,0,"[82,17,71,0,1,17,130,0,-11,16,-91,0,36,17,-41,0,97,17,-27,0,147,17,-47,0,-124,17,-86,0,-133,17,-134,0,129,17,116,0,79,17,84,0,45,17,79,0,36,17,87,0,71,17,90,0,0,0,0,0,-139,17,51,0,-112,17,-20,17,-112,17,-106,17,-142,17,116,17,117,17,65,17,82,17,57,17,60,17,89,17,53,17,120,17,58,17,-150,17,65,17,-131,17,77,17,-123,17,91,17,-124,17,106,17]"
CSI_DATA,124357,d8:b1:90:d9:de:f0,-36,11,-99,-33,37,104,-1466778200,277,0,106,0,"[-84,0,-112,19,-9,0,158,19,-3,0,84,19,-47,0,46,19,-111,0,36,19,-159,0,60,19,149,0,101,19,155,0,159,19,-138,0,-106,19,-91,0,-53,19,-57,0,-20,19,-55,0,-22,19,-85,0,-16,19,0,0,0,0,160,0,46,0,125,0,112,0,101,0,-121,0,111,0,-41,0,134,0,18,1,164,0,28,1,-156,0,2,1,-151,0,-37,0,164,0,-72,0,152,0,-86,0,124,0,-97,0,99,0,-94,0,85,0]"
CSI_DATA,124358,d8:b1:90:d9:de:f0,-37,9,-99,-39,39,104,-1466777755,756,0,106,0,"[-92,0,114,0,0,1,144,0,56,1,116,0,55,1,83,0,30,1,55,0,-17,0,33,0,-70,0,45,0,-134,0,85,0,114,0,149,0,61,0,-95,0,25,0,-52,0,9,0,-50,0,-2,18,-85,0,0,0,0,0,-52,18,134,0,-122,18,62,0,97,18,3,0,15,18,-34,18,-40,17,-51,18,-57,17,-50,18,-40,17,-44,18,-1,17,-37,18,33,18,-41,18,66,18,-62,18,101,18,-100,18,123,18,-129,18,150,18]"
CSI_DATA,124359,d8:b1:90:d9:de:f0,-36,9,-99,-33,37,104,-1466777376,113,0,106,0,"[69,19,24,0,-28,18,47,0,-64,18,90,0,-51,18,128,0,-9,18,143,0,38,19,134,0,76,19,99,0,101,19,41,0,115,19,-41,19,114,19,-121,19,121,19,150,19,132,19,139,19,164,19,155,19,0,0,0,0,-60,19,-156,19,31,0,-161,19,132,0,138,19,-114,0,97,19,-68,0,60,19,-60,0,46,19,-80,0,57,19,-107,0,75,19,-119,0,99,19,-120,0,138,19,-117,0,-160,19,-106,0,-123,19,-111,0]"
CSI_DATA,124360,d8:b1:90:d9:de:f0,-36,9,-99,-35,37,104,-1466777214,133,0,106,0,"[157,20,138,20,72,20,79,20,2,20,87,20,-12,19,133,20,-1,19,-167,20,42,20,-134,20,85,20,-122,20,152,20,-152,20,-122,20,152,20,-59,20,94,20,-23,20,56,20,-9,20,56,20,1,0,89,20,0,0,0,0,61,0,-167,20,137,0,-96,20,-105,0,-57,20,-15,0,-34,20,48,1,-38,20,71,1,-50,20,50,1,-60,20,8,1,-63,20,-31,0,-50,20,-52,0,-35,20,-71,0,0,0,-82,0,34,0,-93,0]"
CSI_DATA,124361,d8:b1:90:d9:de:f0,-36,9,-99,-33,37,104,-1466777097,113,0,106,0,"[-63,0,-33,19,32,1,-68,19,59,1,-125,19,33,1,160,19,-16,0,143,19,-62,0,152,19,-95,0,-143,19,-114,0,-81,19,-114,0,-1,19,-94,0,75,0,-86,0,119,0,-90,0,134,0,-123,0,123,0,0,0,0,0,107,0,136,0,27,0,156,0,-55,19,-103,0,-114,19,-37,0,-141,19,18,1,-137,19,33,1,-114,19,22,1,-99,19,-5,0,-88,19,-32,0,-89,19,-64,0,-111,19,-89,0,-137,19,-111,0,-141,19]"
CSI_DATA,124362,d8:b1:90:d9:de:f0,-37,9,-99,-34,38,104,-1466776961,133,0,106,0,"[96,17,-141,17,-2,16,141,17,-61,16,-131,17,-68,16,-72,17,-42,16,-24,17,4,17,-2,17,57,17,-8,17,108,17,-41,17,-152,17,-111,17,-131,17,124,17,-125,17,78,17,-128,17,70,17,-108,17,90,17,0,0,0,0,-20,17,-136,17,62,0,-128,17,-149,0,-143,17,-66,0,123,17,-21,0,77,17,-17,0,62,17,-53,0,47,17,-90,0,68,17,-118,0,87,17,-129,0,121,17,-125,0,-150,17,-106,0,-116,17,-104,0]"
CSI_DATA,124363,d8:b1:90:d9:de:f0,-36,9,-99,-32,37,104,-1466776799,130,0,106,0,"[95,0,89,18,109,0,-5,17,67,0,-60,17,16,0,-60,17,-25,18,-33,17,-36,18,13,18,-27,18,61,18,23,0,90,18,86,0,120,18,-158,0,137,18,-112,0,132,18,-112,0,135,18,-124,0,156,18,0,0,0,0,-157,0,-79,18,156,0,6,0,-113,0,98,0,-61,0,-157,0,-15,0,-133,0,7,1,-135,0,8,1,-156,0,-15,0,133,0,-47,0,118,0,-75,0,112,0,-104,0,125,0,-130,0,152,0,-140,0]"
CSI_DATA,124364,d8:b1:90:d9:de:f0,-37,9,-99,-36,39,104,-1466568847,108,0,106,0,"[50,0,54,16,43,0,-47,15,-15,16,-94,15,-75,16,-83,15,-118,16,-34,15,-136,16,21,16,-117,16,75,16,-58,16,117,16,21,0,132,16,104,0,123,16,-129,0,105,16,-121,0,86,16,141,0,94,16,0,0,0,0,107,0,-117,16,115,0,-34,16,-116,0,47,0,-57,0,107,0,2,1,124,0,28,1,107,0,15,1,85,0,-3,0,57,0,-40,0,43,0,-69,0,53,0,-98,0,78,0,-104,0,108,0,-106,0]"
CSI_DATA,124365,d8:b1:90:d9:de:f0,-39,11,-99,-35,40,104,-1466360401,277,0,106,0,"[41,14,20,0,-31,13,69,0,-48,13,-116,0,-12,13,-53,0,36,14,-37,0,92,14,-35,0,-112,14,-74,0,-96,14,-124,0,-102,14,54,0,104,14,-7,14,63,14,-40,14,39,14,-36,14,41,14,-20,14,0,0,0,0,103,14,-25,14,-96,14,-62,14,-69,14,114,14,-74,14,40,14,-104,14,-4,13,118,14,-15,13,92,14,10,14,84,14,42,14,89,14,75,14,109,14,102,14,-109,14,108,14,-83,14,95,14,-69,14]"
CSI_DATA,124366,d8:b1:90:d9:de:f0,-38,9,-99,-37,40,104,-1466359920,130,0,106,0,"[-82,15,-57,0,-94,15,27,1,-60,15,76,1,-21,15,77,1,10,0,51,1,40,0,3,1,31,0,-48,0,-3,15,-102,0,-64,15,104,0,127,15,61,0,64,15,42,0,40,15,41,0,45,15,39,0,0,0,0,0,120,15,1,0,-101,15,-58,15,-77,15,121,15,-65,15,40,15,-75,15,-17,14,-89,15,-37,14,-97,15,-24,14,-99,15,4,15,-89,15,41,15,-60,15,60,15,-21,15,78,15,13,0,83,15,44,0]"
CSI_DATA,124367,d8:b1:90:d9:de:f0,-39,9,-99,-35,40,104,-1466359768,252,0,106,0,"[113,14,-87,0,79,14,-10,0,92,14,48,0,-109,14,58,0,-66,14,41,0,-34,14,7,0,-21,14,-47,0,-38,14,-102,0,-81,14,81,0,113,14,34,0,61,14,1,0,30,14,-4,14,39,14,-2,14,0,0,0,0,111,14,-22,14,-93,14,-75,14,-58,14,108,14,-36,14,37,14,-36,14,-30,13,-47,14,-42,13,-57,14,-24,13,-66,14,3,14,-61,14,30,14,-45,14,52,14,-13,14,67,14,27,0,77,14,48,0]"
CSI_DATA,124368,d8:b1:90:d9:de:f0,-34,11,-99,-36,36,104,-1466309207,100,0,114,0,"[-11,-39,-9,-44,-6,-49,-3,-50,-1,-50,0,-49,3,-47,3,-45,1,-41,3,-41,1,-39,3,-39,3,-41,3,-42,3,-42,3,-45,3,-47,3,-49,1,-50,3,-49,1,-52,1,-52,3,-52,0,-50,1,-49,3,-49,3,-47,3,-45,0,0,1,-47,3,-45,3,-47,1,-47,3,-49,3,-49,1,-49,3,-49,1,-47,1,-45,1,-45,0,-44,0,-41,0,-39,0,-38,0,-39,0,-38,0,-38,-1,-39,0,-41,0,-42,0,-44,1,-44,3,-45,6,-47,7,-45,9,-42,11,-39]"
CSI_DATA,124369,d8:b1:90:d9:de:f0,-36,9,-99,-36,38,104,-1466151048,130,0,106,0,"[-107,0,156,0,-5,0,-151,0,57,1,127,0,57,1,60,0,21,1,8,0,-31,0,-7,18,-80,0,11,0,-118,0,59,0,-139,0,134,0,-134,0,-117,0,-124,0,-85,0,-119,0,-98,0,-128,0,-132,0,0,0,0,0,91,0,123,0,3,0,123,0,-98,18,-158,0,154,18,-95,0,130,18,-36,0,137,18,-3,0,-157,18,1,1,-123,18,-17,0,-112,18,-40,0,-108,18,-59,0,-122,18,-67,0,-134,18,-74,0,-117,18]"
CSI_DATA,124370,d8:b1:90:d9:de:f0,-38,11,-99,-37,40,104,-1465733703,277,0,106,0,"[-90,0,-118,15,-32,0,94,15,-27,0,34,15,-48,0,6,15,-89,0,-5,14,127,0,9,15,100,0,49,15,107,0,98,15,-127,0,-101,15,-92,0,-50,15,-49,0,-18,15,-26,0,-7,15,-39,0,-11,15,0,0,0,0,-122,0,4,0,102,0,51,0,59,0,121,0,40,0,-62,0,47,0,6,1,71,0,26,1,87,0,21,1,104,0,-7,0,107,0,-30,0,102,0,-53,0,68,0,-75,0,42,0,-85,0,18,0]"
CSI_DATA,124371,d8:b1:90:d9:de:f0,-37,9,-99,-36,39,104,-1465733258,98,0,106,0,"[62,0,-69,0,104,0,11,1,-122,0,37,1,-76,0,11,1,-46,0,-38,0,-46,0,-98,0,-71,0,-130,0,-117,0,-140,0,98,0,-122,0,47,0,-83,0,1,0,-47,0,0,0,-31,0,15,0,-50,0,0,0,0,0,13,0,-109,0,-41,16,114,0,-124,16,87,0,74,16,84,0,15,16,109,0,-2,15,-139,0,12,16,-114,0,46,16,-102,0,84,16,-92,0,105,16,-115,0,122,16,-140,0,123,16,122,0,120,16]"
CSI_DATA,124372,d8:b1:90:d9:de:f0,-38,9,-99,-37,40,104,-1465733162,98,0,106,0,"[59,15,-1,15,-29,14,28,0,-69,14,90,0,-48,14,-111,0,2,15,-78,0,55,15,-68,0,101,15,-92,0,122,15,123,0,119,15,56,0,89,15,-6,15,43,15,-38,15,18,15,-34,15,27,15,-17,15,0,0,0,0,115,15,-2,15,-91,15,-46,15,-49,15,-117,15,-42,15,55,15,-68,15,-12,14,-107,15,-29,14,127,15,-8,14,104,15,30,15,101,15,72,15,108,15,99,15,-122,15,115,15,-88,15,113,15,-66,15]"
CSI_DATA,124373,d8:b1:90:d9:de:f0,-39,9,-99,-35,40,104,-1465524323,130,0,106,0,"[46,0,82,14,65,0,1,14,32,0,-50,13,-4,14,-58,13,-36,14,-34,13,-56,14,4,14,-51,14,40,14,-14,14,77,14,44,0,101,14,113,0,118,14,-91,0,118,14,-76,0,107,14,-89,0,110,14,0,0,0,0,109,0,-73,14,94,0,-14,14,98,0,73,0,-120,0,-98,0,-77,0,-46,0,-43,0,-30,0,-26,0,-50,0,-25,0,-82,0,-40,0,-102,0,-62,0,-122,0,-92,0,-120,0,-124,0,-110,0,102,0]"
CSI_DATA,124374,d8:b1:90:d9:de:f0,-38,9,-99,-35,39,104,-1465524215,113,0,106,0,"[-113,0,-95,16,-33,0,128,16,-16,0,58,16,-49,0,25,16,-97,0,13,16,134,0,30,16,111,0,71,16,115,0,126,16,-134,0,-88,16,-89,0,-35,16,-42,0,1,0,-16,0,-1,16,-38,0,-10,16,0,0,0,0,-119,0,4,0,93,0,47,0,45,0,135,0,16,0,-54,0,25,0,25,1,52,0,53,1,73,0,41,1,101,0,14,1,106,0,-22,0,93,0,-42,0,67,0,-65,0,31,0,-71,0,8,0]"
CSI_DATA,124375,d8:b1:90:d9:de:f0,-39,9,-99,-35,40,104,-1465524115,133,0,106,0,"[92,0,100,14,-120,0,22,14,103,0,-34,13,67,0,-50,13,23,0,-38,13,-7,14,-6,13,-12,14,33,14,18,0,76,14,66,0,111,14,-119,0,-113,14,-71,0,-108,14,-55,0,-121,14,-69,0,-121,14,0,0,0,0,110,0,-68,14,94,0,-4,14,95,0,81,0,-124,0,-90,0,-76,0,-35,0,-41,0,-30,0,-27,0,-50,0,-23,0,-87,0,-38,0,-112,0,-53,0,120,0,-81,0,120,0,-111,0,-119,0,117,0]"
CSI_DATA,124376,d8:b1:90:d9:de:f0,-38,9,-99,-35,39,104,-1465523953,113,0,106,0,"[-91,0,30,0,2,1,23,0,55,1,-22,16,56,1,-80,16,19,1,-116,16,-30,0,-134,16,-69,0,-112,16,-98,0,-74,16,-104,0,-5,16,-89,0,69,0,-69,0,112,0,-56,0,116,0,-64,0,95,0,0,0,0,0,137,0,66,0,67,0,77,0,-10,16,-138,0,-66,16,-65,0,-79,16,3,1,-67,16,49,1,-28,16,50,1,7,0,29,1,27,0,3,1,33,0,-25,0,10,0,-54,0,-16,16,-67,0,-37,16]"
CSI_DATA,124377,d8:b1:90:d9:de:f0,-37,9,-99,-37,39,104,-1465523799,133,0,106,0,"[-87,0,-25,17,-2,0,-50,17,30,1,-114,17,12,1,129,17,-26,0,93,17,-73,0,106,17,-107,0,121,17,-117,0,-132,17,-106,0,-66,17,-80,0,-6,17,-50,0,24,0,-35,0,31,0,-53,0,24,0,0,0,0,0,-132,0,23,0,99,0,66,0,56,0,143,0,39,0,-64,0,47,0,9,1,76,0,45,1,108,0,38,1,135,0,3,1,139,0,-35,0,146,0,-61,0,125,0,-72,0,88,0,-86,0,77,0]"
CSI_DATA,124378,d8:b1:90:d9:de:f0,-38,9,-99,-35,39,104,-1465523682,127,0,106,0,"[-90,16,-107,0,-111,16,-11,0,-76,16,53,1,-17,16,62,1,42,0,40,1,66,0,-3,0,68,0,-51,0,33,0,-89,0,-30,16,-109,0,-90,16,-100,0,-139,16,-88,0,131,16,-69,0,-119,16,-82,0,0,0,0,0,-70,16,-139,0,-86,16,54,0,136,16,-11,16,67,16,-69,16,-8,15,-82,16,-47,15,-55,16,-49,15,-20,16,-30,15,18,0,1,16,49,0,30,16,49,0,56,16,38,0,69,16,6,0,75,16]"
CSI_DATA,124379,d8:b1:90:d9:de:f0,-39,9,-99,-35,40,104,-1465523560,107,0,106,0,"[-76,0,38,0,0,0,61,0,49,0,47,0,55,0,20,0,38,0,-3,14,0,0,-14,14,-32,0,-7,14,-75,0,33,0,121,0,94,0,87,0,-93,0,59,0,-48,0,49,0,-31,0,46,0,-46,0,0,0,0,0,7,0,-110,0,-48,14,78,0,-124,14,27,0,47,14,-8,14,-16,13,-21,14,-50,13,-18,14,-51,13,-16,14,-29,13,-11,14,-5,13,-7,14,17,14,-13,14,48,14,-43,14,75,14,-72,14,93,14]"
CSI_DATA,124380,d8:b1:90:d9:de:f0,-38,9,-99,-35,39,104,-1465523424,127,0,106,0,"[129,16,-116,16,57,16,99,16,-4,15,102,16,-28,15,126,16,-15,15,-123,16,13,16,-95,16,57,16,-86,16,114,16,-106,16,-94,16,130,16,-32,16,78,16,11,0,41,16,29,0,28,16,30,0,51,16,0,0,0,0,37,0,130,16,71,0,-70,16,-136,0,4,0,-64,0,68,0,-1,0,105,0,31,1,113,0,39,1,97,0,18,1,81,0,1,1,69,0,-33,0,69,0,-75,0,89,0,-102,0,116,0,-131,0]"
CSI_DATA,124381,d8:b1:90:d9:de:f0,-39,9,-99,-35,40,104,-1465523276,107,0,106,0,"[-83,0,57,0,-3,0,78,0,47,0,63,0,55,0,31,0,37,0,5,0,0,0,-9,14,-33,0,-5,14,-75,0,30,0,-119,0,85,0,93,0,-98,0,74,0,-50,0,67,0,-36,0,65,0,-55,0,0,0,0,0,28,0,-112,0,-34,14,83,0,-118,14,51,0,47,14,33,0,-16,13,35,0,-47,13,49,0,-44,13,64,0,-19,13,71,0,6,14,68,0,25,14,60,0,47,14,24,0,60,14,-8,14,70,14]"
CSI_DATA,124382,d8:b1:90:d9:de:f0,-37,9,-99,-36,39,104,-1465474497,101,0,106,0,"[-84,16,-102,0,-109,16,-10,0,-77,16,49,1,-32,16,58,1,8,0,39,1,26,0,-1,0,19,0,-42,0,-20,16,-72,0,-75,16,-100,0,-141,16,-116,0,104,16,-124,0,96,16,-123,0,109,16,-136,0,0,0,0,0,-131,16,70,0,-111,16,5,0,-129,16,-90,16,124,16,115,16,79,16,58,16,43,16,47,16,28,16,60,16,26,16,94,16,38,16,125,16,57,16,136,16,80,16,140,16,113,16,133,16,139,16]"
CSI_DATA,124383,d8:b1:90:d9:de:f0,-40,11,-99,-35,41,104,-1465308785,100,0,228,0,"[-4,-7,-6,-8,-9,-10,-11,-12,-12,-15,-12,-17,-12,-19,94,38,-9,-20,-8,-20,-6,-19,-6,-19,-5,-18,-5,-17,-5,-15,-6,-13,-6,-12,-7,-11,-8,-9,-11,-8,-12,-6,-29,-25,-15,-4,-15,-4,-16,-4,-15,-4,-14,-4,-13,-3,0,0,-11,-1,-9,0,-8,1,-6,4,-6,6,-6,10,-58,12,-6,15,-6,19,-7,20,-8,20,-8,21,-9,20,-9,19,-10,19,-10,18,-10,17,-10,16,-9,15,-8,14,-87,12,-6,14,-6,14,-5,13,-3,14,-3,13,-3,12,-2,11,6,-8,0,-13,-10,-12,-16,-1,-13,9,-3,15,6,11,0,-18,7,-6,0,-8,-6,-3,-6,5,0,10,10,6,14,-3,8,-15,-5,-19,-19,-12,-24,5,-15,21,3,26,6,12,26,-1,17,-18,0,-23,-15,-13,-18,1,-9,13,0,0,12,6,12,-6,2,-13,-9,-11,-15,0,-11,12,-5,30,12,11,15,0,8,-10,-1,-12,-8,-5,-6,2,0,6,5,2,5,-4,0,-7,-8,-6,-12,2,-8,12,-5,32,16,12,23,-1,17,-17,1,-25,-14,-19,-22,-6,-18,8]"
CSI_DATA,124384,d8:b1:90:d9:de:f0,-38,9,-99,-35,39,104,-1465106533,130,0,106,0,"[-69,0,-37,16,11,1,-54,16,49,1,-98,16,38,1,-139,16,4,1,117,16,-31,0,107,16,-66,0,125,16,-89,0,-118,16,-95,0,-53,16,-89,0,16,0,-79,0,77,0,-61,0,104,0,-62,0,100,0,0,0,0,0,-102,0,80,0,114,0,86,0,38,0,129,0,-20,16,-80,0,-45,16,-5,0,-43,16,38,1,-10,16,44,1,17,0,29,1,40,0,3,1,46,0,-35,0,26,0,-70,0,-14,16,-91,0,-45,16]"
CSI_DATA,124385,d8:b1:90:d9:de:f0,-38,9,-99,-36,40,104,-1465106389,113,0,106,0,"[-113,0,122,15,-63,0,52,15,-71,0,-6,14,-110,0,-35,14,102,0,-37,14,62,0,-18,14,42,0,17,15,44,0,58,15,77,0,110,15,123,0,-95,15,-81,0,-65,15,-50,0,-64,15,-49,0,-69,15,0,0,0,0,-105,0,-67,15,112,0,-16,15,89,0,64,0,101,0,-102,0,-116,0,-36,0,-70,0,-17,0,-37,0,-36,0,-18,0,-76,0,-26,0,-119,0,-53,0,104,0,-88,0,93,0,125,0,109,0,99,0]"
CSI_DATA,124386,d8:b1:90:d9:de:f0,-39,9,-99,-34,40,104,-1465106253,127,0,106,0,"[55,14,24,0,-20,13,46,0,-47,13,99,0,-35,13,-106,0,1,14,-70,0,46,14,-61,0,83,14,-74,0,104,14,-111,0,108,14,73,0,99,14,10,0,69,14,-35,14,39,14,-52,14,37,14,-44,14,0,0,0,0,89,14,-19,14,-101,14,-41,14,-45,14,-95,14,-13,14,68,14,-18,14,-10,13,-54,14,-41,13,-87,14,-35,13,-120,14,-3,13,107,14,33,14,109,14,66,14,-103,14,89,14,-66,14,100,14,-36,14]"
CSI_DATA,124387,d8:b1:90:d9:de:f0,-38,9,-99,-36,40,104,-1465106131,127,0,106,0,"[-121,15,-95,0,103,15,-30,0,121,15,25,1,-98,15,50,1,-55,15,37,1,-17,15,20,1,1,0,-12,0,-6,15,-48,0,-42,15,-88,0,-95,15,-117,0,117,15,118,0,91,15,116,0,91,15,122,0,0,0,0,0,-128,15,102,0,-108,15,49,0,-124,15,-24,15,95,15,-94,15,39,15,124,15,-9,14,124,15,-26,14,-103,15,-24,14,-61,15,-10,14,-26,15,22,15,-8,15,56,15,-9,15,79,15,-30,15,97,15]"
CSI_DATA,124388,d8:b1:90:d9:de:f0,-39,9,-99,-34,40,104,-1465106018,107,0,106,0,"[118,0,96,14,-67,0,42,14,-54,0,-4,13,-68,0,-19,13,-97,0,-14,13,118,0,1,14,105,0,34,14,110,0,87,14,-115,0,-87,14,-94,0,-15,14,-71,0,46,0,-52,0,75,0,-49,0,84,0,0,0,0,0,-105,0,77,0,72,0,84,0,-12,14,104,0,-91,14,-93,0,94,14,-38,0,77,14,-4,0,83,14,3,0,102,14,1,0,-119,14,-15,0,-103,14,-50,0,-104,14,-93,0,-120,14,101,0,100,14]"
CSI_DATA,124389,d8:b1:90:d9:de:f0,-38,9,-99,-36,40,104,-1465105891,107,0,106,0,"[57,15,28,0,-10,14,59,0,-36,14,116,0,-16,14,-94,0,22,15,-65,0,68,15,-56,0,105,15,-65,0,122,15,-94,0,120,15,105,0,98,15,51,0,74,15,15,0,49,15,2,0,51,15,15,0,0,0,0,0,92,15,22,0,-117,15,-14,15,-93,15,-85,15,-94,15,98,15,125,15,39,15,82,15,15,15,45,15,40,15,32,15,80,15,31,15,119,15,45,15,-98,15,75,15,-90,15,105,15,-94,15,123,15]"
CSI_DATA,124390,d8:b1:90:d9:de:f0,-39,9,-99,-34,40,104,-1465105746,108,0,106,0,"[-62,0,62,0,4,0,86,0,47,0,82,0,50,0,59,0,37,0,44,0,16,0,28,0,-13,0,30,0,-48,0,45,0,-99,0,78,0,91,0,-115,0,47,0,-72,0,20,0,-49,0,15,0,-47,0,0,0,0,0,1,0,-82,0,-39,14,104,0,-101,14,57,0,64,14,17,0,0,13,5,0,-38,13,5,0,-41,13,24,0,-30,13,39,0,-3,13,46,0,23,14,39,0,52,14,15,0,72,14,-18,14,89,14]"
CSI_DATA,124391,d8:b1:90:d9:de:f0,-37,11,-99,-34,38,104,-1464898105,277,0,106,0,"[118,0,-77,0,-102,0,-23,0,-27,0,-33,0,0,1,-98,0,2,1,144,0,-32,0,105,0,-68,0,90,0,-112,0,105,0,-150,0,146,0,121,0,-116,0,116,0,-83,0,106,0,-78,0,90,0,-103,0,0,0,0,0,24,0,147,0,-40,17,149,0,-112,17,-129,0,133,17,-86,0,102,17,-39,0,106,17,-11,0,142,17,-9,0,-120,17,-20,0,-91,17,-40,0,-76,17,-52,0,-74,17,-74,0,-92,17,-104,0,-91,17]"
CSI_DATA,124392,d8:b1:90:d9:de:f0,-37,9,-99,-36,39,104,-1464897624,756,0,106,0,"[-41,0,21,0,47,1,-11,16,79,1,-61,16,57,1,-108,16,11,1,-126,16,-33,0,-121,16,-71,0,-88,16,-96,0,-35,16,-108,0,32,0,-113,0,97,0,-120,0,141,0,-125,0,-139,0,139,0,138,0,0,0,0,0,40,0,124,0,-34,16,121,0,-123,16,-136,0,96,16,-103,0,58,16,-62,0,51,16,-41,0,70,16,-43,0,93,16,-54,0,116,16,-74,0,131,16,-104,0,133,16,-138,0,122,16,113,0,121,16]"
CSI_DATA,124393,d8:b1:90:d9:de:f0,-38,9,-99,-34,39,104,-1464897290,130,0,106,0,"[50,15,-59,15,-37,14,-39,15,-76,14,12,0,-58,14,62,0,-20,14,91,0,26,15,95,0,63,15,78,0,86,15,33,0,99,15,-28,15,105,15,-86,15,102,15,-121,15,109,15,-128,15,128,15,-121,15,0,0,0,0,-52,15,-112,15,12,0,-119,15,88,0,110,15,-129,0,60,15,-104,0,19,15,-109,0,-3,14,-130,0,-7,14,118,0,10,15,96,0,34,15,83,0,57,15,88,0,84,15,102,0,116,15,112,0]"
CSI_DATA,124394,d8:b1:90:d9:de:f0,-37,9,-99,-34,38,104,-1464877934,113,0,106,0,"[-62,0,-111,17,2,1,115,17,2,1,51,17,-42,0,16,17,-95,0,24,17,-135,0,51,17,-152,0,97,17,-152,0,-148,17,-133,0,-82,17,-105,0,-19,17,-84,0,26,0,-84,0,46,0,-111,0,54,0,0,0,0,0,115,0,87,0,46,0,128,0,-13,17,-98,0,-54,17,-28,0,-73,17,26,1,-64,17,48,1,-53,17,40,1,-29,17,14,1,-14,17,-14,0,-17,17,-41,0,-33,17,-78,0,-66,17,-109,0,-87,17]"
CSI_DATA,124395,d8:b1:90:d9:de:f0,-37,11,-99,-34,38,104,-1464480306,277,0,106,0,"[-61,0,-17,17,13,1,-60,17,34,1,-124,17,5,1,128,17,-28,0,97,17,-77,0,95,17,-110,0,102,17,-117,0,122,17,-122,0,-136,17,-108,0,-86,17,-92,0,-40,17,-82,0,-22,17,-90,0,-14,17,0,0,0,0,-134,0,0,0,135,0,49,0,118,0,127,0,125,0,-92,0,-136,0,-33,0,-90,0,-13,0,-51,0,-29,0,-26,0,-84,0,-23,0,-128,0,-30,0,140,0,-54,0,121,0,-91,0,117,0,-116,0]"
CSI_DATA,124396,d8:b1:90:d9:de:f0,-37,9,-99,-35,39,104,-1464479852,113,0,106,0,"[-70,16,-56,0,-70,16,20,1,-40,16,61,1,-4,16,57,1,21,0,37,1,29,0,7,1,28,0,-22,0,-1,16,-53,0,-46,16,-88,0,-102,16,-121,0,133,16,129,0,102,16,115,0,99,16,98,0,0,0,0,0,136,16,47,0,-121,16,-16,16,-113,16,-101,16,-123,16,89,16,124,16,17,16,91,16,-9,15,69,16,0,16,62,16,30,16,66,16,64,16,76,16,94,16,114,16,102,16,-115,16,101,16,-82,16]"
CSI_DATA,124397,d8:b1:90:d9:de:f0,-37,9,-99,-34,38,104,-1464479716,133,0,106,0,"[-125,0,135,17,-83,0,70,17,-86,0,19,17,-114,0,1,17,-148,0,7,17,128,0,22,17,121,0,52,17,134,0,82,17,-149,0,136,17,-120,0,-111,17,-97,0,-62,17,-82,0,-29,17,-90,0,-10,17,0,0,0,0,-134,0,32,0,120,0,76,0,82,0,-148,0,58,0,-64,0,54,0,9,1,67,0,51,1,87,0,52,1,106,0,29,1,118,0,2,1,120,0,-26,0,95,0,-48,0,57,0,-67,0,29,0]"
CSI_DATA,124398,d8:b1:90:d9:de:f0,-37,9,-99,-37,39,104,-1464479599,113,0,106,0,"[24,0,-55,0,65,0,19,1,125,0,40,1,-143,0,17,1,-118,0,-17,0,-117,0,-56,0,-128,0,-86,0,131,0,-97,0,76,0,-109,0,10,0,-107,0,-39,17,-107,0,-72,17,-108,0,-77,17,-120,0,0,0,0,0,-81,17,122,0,-103,17,51,0,138,17,-20,17,68,17,-79,17,-1,16,-105,17,-49,16,-91,17,-61,16,-63,17,-48,16,-27,17,-23,16,0,0,9,17,16,0,39,17,6,0,75,17,-16,17,95,17]"
CSI_DATA,124399,d8:b1:90:d9:de:f0,-37,9,-99,-34,38,104,-1464479482,133,0,106,0,"[68,17,67,0,-1,16,115,0,-20,16,-139,0,4,17,-110,0,40,17,-92,0,71,17,-102,0,92,17,-117,0,98,17,-147,0,104,17,102,0,96,17,38,0,89,17,-13,17,85,17,-41,17,93,17,-52,17,0,0,0,0,143,17,-77,17,-99,17,-102,17,-43,17,131,17,4,0,57,17,14,0,-16,16,7,0,-59,16,-23,17,-62,16,-54,17,-43,16,-70,17,-13,16,-82,17,13,17,-70,17,40,17,-33,17,65,17,-9,17]"
CSI_DATA,124400,d8:b1:90:d9:de:f0,-38,9,-99,-36,39,104,-1464479320,130,0,106,0,"[-79,16,72,16,-138,16,21,16,92,16,13,16,66,16,44,16,52,16,81,16,71,16,114,16,83,16,127,16,109,16,135,16,-130,16,133,16,-71,16,112,16,-29,16,93,16,-1,16,83,16,4,0,88,16,0,0,0,0,20,0,129,16,62,0,-106,16,139,0,-75,16,-61,0,-59,16,2,1,-68,16,39,1,-96,16,30,1,-133,16,-2,0,123,16,-40,0,118,16,-68,0,114,16,-93,0,136,16,-100,0,-106,16,-102,0]"
CSI_DATA,124401,d8:b1:90:d9:de:f0,-35,11,-99,-35,37,104,-1464308844,100,0,114,0,"[-26,-23,-26,-27,-26,-31,-24,-32,-23,-34,-21,-34,-19,-34,-17,-32,-17,-31,-17,-30,-16,-28,-15,-28,-16,-28,-16,-28,-17,-30,-19,-31,-19,-31,-20,-34,-20,-35,-21,-34,-21,-35,-23,-37,-23,-34,-23,-35,-20,-35,-20,-34,-20,-34,-20,-34,0,0,-20,-32,-20,-34,-19,-34,-21,-35,-21,-37,-21,-35,-23,-35,-21,-37,-21,-35,-21,-35,-20,-34,-20,-32,-19,-31,-19,-30,-19,-30,-17,-28,-19,-28,-17,-28,-19,-30,-20,-31,-20,-32,-20,-35,-20,-37,-17,-39,-16,-39,-13,-39,-12,-39,-8,-34]"
CSI_DATA,124402,d8:b1:90:d9:de:f0,-38,11,-99,-34,39,104,-1464062507,277,0,106,0,"[114,15,117,15,33,15,80,15,-23,14,94,15,-36,14,131,15,-13,14,-105,15,10,15,-74,15,54,15,-70,15,103,15,-87,15,-109,15,-132,15,-66,15,88,15,-33,15,51,15,-21,15,48,15,-16,15,74,15,0,0,0,0,10,0,-132,15,74,0,-70,15,-113,0,-28,15,-31,0,-4,15,29,1,-4,15,52,1,-16,15,42,1,-38,15,18,1,-47,15,-3,0,-47,15,-25,0,-32,15,-48,0,-8,15,-54,0,15,0,-69,0]"
CSI_DATA,124403,d8:b1:90:d9:de:f0,-39,9,-99,-35,40,104,-1464062026,224,0,106,0,"[-93,14,69,14,81,14,16,14,14,14,29,14,-11,13,72,14,-11,13,122,14,20,14,-88,14,58,14,-70,14,104,14,-80,14,-84,14,-115,14,-48,14,83,14,-30,14,47,14,-31,14,35,14,-39,14,61,14,0,0,0,0,-11,14,-116,14,46,0,-67,14,-118,0,-47,14,-36,0,-50,14,18,0,-75,14,34,0,-107,14,16,0,113,14,-22,0,107,14,-53,0,110,14,-73,0,123,14,-78,0,-97,14,-74,0,-68,14,-71,0]"
CSI_DATA,124404,d8:b1:90:d9:de:f0,-38,9,-99,-37,40,104,-1464061845,130,0,106,0,"[123,0,-89,0,-61,0,-48,0,1,1,-65,0,20,1,-115,0,16,1,95,0,-16,0,65,0,-50,0,52,0,-92,0,69,0,124,0,110,0,97,0,-106,0,84,0,-67,0,82,0,-60,0,79,0,-82,0,0,0,0,0,39,0,123,0,-34,15,87,0,-118,15,100,0,68,15,125,0,25,15,-100,0,20,15,-63,0,43,15,-47,0,80,15,-44,0,112,15,-57,0,127,15,-72,0,127,15,-90,0,116,15,-118,0,117,15]"
CSI_DATA,124405,d8:b1:90:d9:de:f0,-39,9,-99,-35,40,104,-1464061702,98,0,106,0,"[-48,0,27,0,29,0,0,0,55,0,-56,14,38,0,-104,14,0,0,116,14,-49,0,108,14,-83,0,-120,14,-98,0,-81,14,-97,0,-23,14,-78,0,26,0,-57,0,55,0,-53,0,55,0,-63,0,40,0,0,0,0,0,108,0,45,0,57,0,78,0,8,0,-107,0,-8,14,-34,0,4,0,24,0,30,0,45,0,60,0,36,0,78,0,2,0,86,0,-22,0,84,0,-39,0,66,0,-55,0,52,0,-63,0,43,0]"
CSI_DATA,124406,d8:b1:90:d9:de:f0,-37,11,-99,-37,39,104,-1463644708,277,0,106,0,"[79,17,-86,17,-26,16,-84,17,-84,16,-32,17,-84,16,35,0,-50,16,84,0,1,17,110,0,55,17,102,0,99,17,63,0,132,17,-2,17,137,17,-73,17,136,17,-127,17,118,17,-145,17,128,17,-127,17,0,0,0,0,-68,17,-91,17,4,0,-93,17,101,0,-143,17,-136,0,75,17,-114,0,-6,16,-136,0,-39,16,116,0,-41,16,69,0,-17,16,38,0,12,17,28,0,56,17,42,0,85,17,70,0,112,17,85,0]"
CSI_DATA,124407,d8:b1:90:d9:de:f0,-37,9,-99,-38,39,104,-1463644245,108,0,106,0,"[90,0,-87,0,-147,0,-20,0,-71,0,-13,0,-23,0,-53,0,-3,0,-115,0,-22,0,134,0,-51,0,101,0,-96,0,99,0,141,0,127,0,98,0,-128,0,67,0,-84,0,66,0,-73,0,72,0,-101,0,0,0,0,0,35,0,140,0,-46,17,108,0,-141,17,123,0,79,17,-142,0,43,17,-80,0,54,17,-34,0,90,17,-14,0,146,17,-16,0,-117,17,-36,0,-96,17,-68,0,-95,17,-98,0,-109,17,-127,0,-116,17]"
CSI_DATA,124408,d8:b1:90:d9:de:f0,-38,9,-99,-35,39,104,-1463644091,130,0,106,0,"[-71,0,-92,16,5,1,-130,16,30,1,101,16,9,1,75,16,-20,0,66,16,-61,0,87,16,-86,0,115,16,-102,0,-109,16,-107,0,-30,16,-107,0,49,0,-101,0,105,0,-100,0,129,0,-116,0,128,0,0,0,0,0,62,0,110,0,-18,16,110,0,-112,16,130,0,86,16,-106,0,37,16,-65,0,26,16,-43,0,42,16,-39,0,73,16,-59,0,95,16,-83,0,109,16,-114,0,112,16,121,0,104,16,76,0,102,16]"
CSI_DATA,124409,d8:b1:90:d9:de:f0,-38,9,-99,-34,39,104,-1463435346,101,0,106,0,"[75,0,109,15,113,0,33,15,121,0,-20,14,99,0,-46,14,87,0,-37,14,72,0,-19,14,69,0,13,15,75,0,63,15,98,0,130,15,133,0,-60,15,-104,0,4,0,-88,0,45,0,-85,0,60,0,0,0,0,0,103,0,56,0,24,0,62,0,-76,15,90,0,99,15,-132,0,29,15,-82,0,0,15,-47,0,7,15,-27,0,33,15,-33,0,62,15,-44,0,87,15,-76,0,103,15,-127,0,105,15,86,0,106,15]"
CSI_DATA,124410,d8:b1:90:d9:de:f0,-38,9,-99,-34,39,104,-1463409483,98,0,106,0,"[119,0,109,0,-113,0,-87,0,-70,0,-50,0,-46,0,-47,0,-38,0,-56,0,-44,0,-69,0,-55,0,-78,0,-95,0,-90,0,108,0,-90,0,29,0,-86,0,-42,15,-81,0,-87,15,-77,0,-101,15,-88,0,0,0,0,0,-81,15,132,0,-63,15,52,0,-66,15,-50,15,-87,15,109,15,-119,15,19,15,122,15,-30,14,90,15,-27,14,86,15,-12,14,84,15,12,15,87,15,30,15,124,15,56,15,-100,15,60,15,-54,15]"
CSI_DATA,124411,d8:b1:90:d9:de:f0,-41,11,-99,-37,43,104,-1463308781,100,0,228,0,"[-4,8,-5,10,-7,12,-8,13,-10,13,-12,13,-13,12,79,32,-15,9,-15,8,-14,5,-14,5,-13,4,-12,4,-12,4,-11,4,-10,5,-10,5,-10,8,-10,8,-10,10,-24,-21,-11,10,-12,10,-12,10,-12,9,-12,8,-12,8,0,0,-10,6,-9,5,-8,6,-7,7,-6,8,-5,10,-76,10,-5,13,-5,14,-7,15,-7,15,-8,15,-8,15,-9,13,-9,12,-10,12,-9,10,-10,10,-10,10,-9,10,70,10,-9,10,-9,10,-10,11,-11,10,-12,10,-12,8,-11,6,-10,0,-10,7,-5,13,5,14,13,7,13,-2,7,-10,-17,0,-8,-5,-8,2,-3,8,4,8,10,2,9,-6,1,-13,-8,-12,-16,-2,-15,9,-5,18,8,18,18,8,8,4,9,-17,-5,-17,-14,-8,-14,3,-7,12,3,13,0,0,11,-5,4,-13,-6,-12,-14,-4,-14,8,-5,16,1,27,15,6,15,-5,7,-13,-3,-12,-10,-5,-9,2,-2,8,4,5,7,0,4,-6,-2,-8,-9,-4,-10,4,-16,22,3,15,13,10,18,-1,13,-13,2,-18,-8,-13,-14,-5]"
CSI_DATA,124412,d8:b1:90:d9:de:f0,-37,11,-99,-38,39,104,-1463226909,277,0,106,0,"[121,17,64,17,61,17,9,17,10,17,20,17,8,17,60,17,27,17,110,17,76,17,-149,17,137,17,-125,17,-72,17,-127,17,26,0,-141,17,124,0,140,17,-125,0,116,17,-111,0,118,17,-124,0,136,17,0,0,0,0,-128,0,-59,17,-122,0,35,0,-78,0,137,0,-28,0,-97,0,-4,0,-67,0,-5,0,-76,0,-33,0,-99,0,-82,0,-133,0,-146,0,-148,0,111,0,150,0,39,0,-130,0,-13,17,-101,0,-33,17]"
CSI_DATA,124413,d8:b1:90:d9:de:f0,-37,9,-99,-36,39,104,-1463226419,98,0,106,0,"[-129,0,63,16,-115,0,-31,15,133,0,-80,15,75,0,-74,15,30,0,-30,15,2,0,34,16,4,0,105,16,46,0,-104,16,112,0,-32,16,-97,0,13,0,-42,0,30,0,-25,0,21,0,-56,0,10,0,0,0,0,0,139,0,65,0,88,0,134,0,63,0,-54,0,67,0,23,1,94,0,66,1,112,0,49,1,117,0,1,1,105,0,-56,0,71,0,-103,0,25,0,-131,0,-38,16,-141,0,-96,16,-130,0,-115,16]"
CSI_DATA,124414,d8:b1:90:d9:de:f0,-37,9,-99,-34,38,104,-1463226270,98,0,106,0,"[-129,0,-67,0,-48,0,-22,0,4,1,-38,0,26,1,-101,0,1,1,142,0,-54,0,105,0,-115,0,84,0,104,0,99,0,20,0,139,0,-51,17,-106,0,-87,17,-64,0,-90,17,-48,0,-82,17,-72,0,0,0,0,0,-115,17,137,0,134,17,73,0,40,17,38,0,-29,16,22,0,-71,16,29,0,-70,16,47,0,-24,16,54,0,30,17,61,0,84,17,38,0,116,17,0,0,139,17,-58,17,137,17,-116,17,124,17]"
CSI_DATA,124415,d8:b1:90:d9:de:f0,-39,11,-99,-34,40,104,-1462809110,277,0,106,0,"[90,0,49,14,92,0,-35,13,61,0,-71,13,12,0,-74,13,-14,14,-52,13,-29,14,-14,13,-26,14,36,14,2,0,77,14,45,0,-117,14,111,0,-88,14,-81,0,-69,14,-57,0,-71,14,-67,0,-66,14,0,0,0,0,113,0,-22,14,85,0,34,0,67,0,110,0,73,0,-48,0,98,0,10,0,119,0,24,0,-101,0,11,0,-92,0,-22,0,-98,0,-50,0,-118,0,-77,0,89,0,-90,0,48,0,-93,0,16,0]"
CSI_DATA,124416,d8:b1:90:d9:de:f0,-38,9,-99,-36,40,104,-1462808611,756,0,106,0,"[103,0,-59,0,-93,0,-4,0,-30,0,-10,0,-1,0,-45,0,-7,0,-98,0,-18,0,118,0,-50,0,98,0,-98,0,94,0,101,0,119,0,52,0,-102,0,11,0,-69,0,0,0,-58,0,3,0,-73,0,0,0,0,0,-10,15,-118,0,-65,15,86,0,116,15,66,0,44,15,54,0,-8,14,72,0,-33,14,101,0,-15,14,121,0,15,15,-117,0,43,15,-114,0,72,15,-127,0,92,15,103,0,94,15,73,0,100,15]"
CSI_DATA,124417,d8:b1:90:d9:de:f0,-39,9,-99,-34,40,104,-1462808251,130,0,106,0,"[-34,0,49,0,40,0,50,0,81,0,21,0,69,0,-9,14,47,0,-30,14,6,0,-27,14,-35,0,-18,14,-78,0,16,0,114,0,67,0,66,0,-111,0,34,0,-69,0,17,0,-52,0,10,0,-60,0,0,0,0,0,-19,14,-118,0,-65,14,61,0,107,14,7,0,33,14,-30,14,-21,13,-49,14,-45,13,-53,14,-49,13,-37,14,-25,13,-24,14,4,14,-23,14,40,14,-22,14,73,14,-46,14,109,14,-78,14,-105,14]"
CSI_DATA,124418,d8:b1:90:d9:de:f0,-39,9,-99,-35,40,104,-1462808134,113,0,106,0,"[42,14,-77,14,-39,13,-68,14,-77,13,-19,14,-71,13,39,0,-35,13,74,0,5,14,104,0,49,14,92,0,81,14,63,0,92,14,7,0,91,14,-50,14,77,14,-92,14,67,14,-103,14,72,14,-86,14,0,0,0,0,-124,14,-76,14,-72,14,-91,14,-19,14,99,14,2,0,37,14,-1,14,-21,13,-24,14,-47,13,-56,14,-39,13,-87,14,-15,13,-102,14,22,14,-99,14,54,14,-75,14,79,14,-52,14,85,14,-28,14]"
CSI_DATA,124419,d8:b1:90:d9:de:f0,-44,11,-99,-34,45,104,-1462391311,277,0,106,0,"[-50,0,61,7,-53,0,38,7,64,0,38,7,51,0,56,7,52,0,-50,7,-64,0,-28,7,-29,0,-14,7,7,0,-20,7,35,0,-39,7,45,0,-57,7,24,0,62,7,-9,0,64,7,-40,0,-51,7,0,0,0,0,60,0,-5,7,57,0,22,0,57,0,42,0,52,0,57,0,41,0,-67,0,24,0,-58,0,12,0,-49,0,5,0,-39,0,3,0,-21,0,9,0,0,0,26,0,16,0,49,0,21,0,-63,0]"
CSI_DATA,124420,d8:b1:90:d9:de:f0,-43,9,-99,-35,45,104,-1462390858,98,0,106,0,"[58,8,-49,0,63,8,-25,0,-55,8,-25,0,-42,8,-46,0,-48,8,-69,0,-67,8,54,0,43,8,50,0,7,8,67,0,-17,7,-45,0,-13,7,-20,0,11,8,-12,0,40,8,-24,0,65,8,-52,0,0,0,0,0,-61,8,36,0,67,8,13,0,57,8,-2,8,54,8,-14,8,55,8,-30,8,64,8,-44,8,68,8,-57,8,65,8,68,8,54,8,58,8,37,8,50,8,10,8,49,8,-10,7,65,8,-10,7]"
CSI_DATA,124421,d8:b1:90:d9:de:f0,-44,9,-99,-33,45,104,-1462390708,265,0,106,0,"[14,7,8,0,0,7,21,0,11,7,28,0,37,7,15,0,59,7,-8,7,65,7,-36,7,61,7,57,7,47,7,24,7,31,7,-3,7,15,7,-7,7,15,7,5,7,28,7,27,7,63,7,51,7,0,0,0,0,-5,7,-64,7,23,0,-63,7,46,0,-60,7,63,0,-54,7,-59,0,-40,7,-53,0,-16,7,-50,0,4,0,-42,0,21,0,-30,0,34,0,-11,0,47,0,7,0,51,0,21,0,36,0,10,0]"
CSI_DATA,124422,d8:b1:90:d9:de:f0,-45,9,-99,-34,46,104,-1462390493,285,0,106,0,"[-44,0,48,7,-44,0,28,7,-55,0,31,7,53,0,51,7,53,0,-43,7,-53,0,-16,7,-26,0,4,0,6,0,15,0,35,0,17,0,47,0,8,0,37,0,-1,7,9,0,-3,7,-23,0,5,0,0,0,0,0,47,0,33,0,32,0,52,0,19,0,-52,0,6,0,-44,0,-11,7,-45,0,-29,7,-52,0,-48,7,-59,0,58,7,58,0,42,7,-57,0,27,7,-47,0,14,7,-34,0,16,7,-18,0,38,7]"
CSI_DATA,124423,d8:b1:90:d9:de:f0,-44,9,-99,-33,45,104,-1462390328,113,0,106,0,"[49,0,26,7,40,0,6,7,26,0,14,7,23,0,40,7,36,0,65,7,59,0,-45,7,-37,0,-39,7,2,0,-42,7,29,0,-60,7,34,0,54,7,21,0,52,7,-8,0,60,7,-38,0,-50,7,0,0,0,0,62,0,4,0,57,0,31,0,54,0,53,0,46,0,-64,0,35,0,-56,0,15,0,-52,0,-5,7,-47,0,-19,7,-41,0,-29,7,-29,0,-38,7,-7,0,-37,7,12,0,-19,7,23,0,3,0]"
CSI_DATA,124424,d8:b1:90:d9:de:f0,-43,9,-99,-35,45,104,-1462390192,98,0,106,0,"[40,8,-69,0,33,8,-47,0,50,8,-49,0,65,8,-68,0,-69,8,40,0,56,8,15,0,30,8,-9,8,-10,7,-22,8,-46,7,-26,8,-59,7,-12,8,-43,7,1,0,-12,7,9,0,24,8,2,0,0,0,0,0,-62,8,-30,8,-45,8,-55,8,-34,8,63,8,-21,8,52,8,-3,8,50,8,18,0,55,8,38,0,56,8,57,0,53,8,-68,0,43,8,-57,0,28,8,-50,0,7,8,-62,0,-12,7,48,0]"
CSI_DATA,124425,d8:b1:90:d9:de:f0,-44,9,-99,-33,45,104,-1462390042,98,0,106,0,"[-20,7,20,7,-36,7,10,7,-44,7,23,7,-33,7,44,7,-9,7,54,7,18,0,55,7,49,0,40,7,-61,0,10,7,-54,0,-19,7,-60,0,-35,7,60,0,-29,7,38,0,-5,7,33,0,27,7,0,0,0,0,43,0,-45,7,61,0,-26,7,-57,0,-10,7,-49,0,6,0,-52,0,21,0,-58,0,37,0,-65,0,53,0,-65,0,-64,0,-61,0,-50,0,-48,0,-32,0,-27,0,-26,0,-7,0,-37,0,-3,0]"
CSI_DATA,124426,d8:b1:90:d9:de:f0,-43,9,-99,-36,45,104,-1462389937,108,0,106,0,"[-69,0,-43,0,-47,0,-43,0,-44,0,-59,0,-66,0,66,0,48,0,66,0,22,0,-62,0,2,0,-35,0,0,8,6,0,5,0,39,0,24,0,52,0,41,0,37,0,41,0,5,0,24,0,-34,0,0,0,0,0,-14,8,68,0,-39,8,59,0,-62,8,56,0,69,8,47,0,62,8,30,0,58,8,12,0,52,8,-5,8,44,8,-20,8,30,8,-28,8,7,8,-29,8,-14,7,-22,8,-25,7,-8,8,-12,7]"
CSI_DATA,124427,d8:b1:90:d9:de:f0,-44,9,-99,-33,45,104,-1462344522,120,0,106,0,"[-58,7,58,7,51,7,44,7,39,7,52,7,46,7,-63,7,-64,7,-53,7,-41,7,-53,7,-16,7,56,7,0,0,19,7,3,0,-23,7,-11,7,-57,7,-33,7,-61,7,-53,7,-40,7,-57,7,-4,7,0,0,0,0,-33,7,56,7,-3,7,-63,7,26,0,-64,7,47,0,-64,7,56,0,-60,7,56,0,-50,7,57,0,-33,7,63,0,-13,7,-51,0,1,0,-20,0,7,0,14,0,0,0,38,0,-35,7,27,0]"
CSI_DATA,124428,d8:b1:90:d9:de:f0,-45,9,-99,-34,46,104,-1462344364,120,0,106,0,"[-36,0,21,0,-18,0,31,0,-13,0,28,0,-27,0,26,0,-47,0,29,0,46,0,44,0,22,0,-54,0,0,0,-19,0,-13,7,17,0,-17,7,45,0,-10,7,57,0,-4,7,47,0,-4,7,16,0,0,0,0,0,-12,7,-43,0,-35,7,48,0,-56,7,26,0,49,7,9,0,44,7,-8,7,56,7,-22,7,-47,7,-35,7,-32,7,-51,7,-19,7,49,7,-13,7,20,7,-14,7,-11,6,-26,7,-34,6,-54,7]"
CSI_DATA,124429,d8:b1:90:d9:de:f0,-43,11,-99,-34,44,104,-1462309187,100,0,114,0,"[-10,-7,-10,-9,-11,-11,-11,-10,-11,-11,-10,-11,-10,-11,-10,-11,-10,-10,-10,-9,-10,-8,-10,-8,-10,-9,-10,-8,-11,-8,-12,-8,-13,-8,-14,-9,-14,-8,-15,-8,-15,-7,-16,-6,-16,-6,-16,-5,-16,-5,-16,-5,-16,-5,-16,-4,0,0,-16,-3,-17,-3,-16,-3,-17,-2,-18,-2,-18,-1,-18,0,-19,0,-19,0,-19,0,-18,0,-17,1,-17,1,-16,2,-16,2,-14,2,-14,3,-15,4,-15,4,-16,5,-16,6,-17,5,-18,5,-19,5,-19,5,-19,5,-19,4,-17,2]"
CSI_DATA,124430,d8:b1:90:d9:de:f0,-47,9,-99,-36,48,104,-1462181922,138,0,106,0,"[35,5,-22,5,27,5,-24,5,36,5,-15,5,-42,5,-5,5,-13,5,0,0,19,0,5,0,-44,0,10,0,-7,0,10,0,27,0,8,0,46,0,7,0,47,0,12,0,29,0,20,0,0,0,34,0,0,0,0,0,-48,0,-44,0,34,0,-25,0,17,0,-15,0,3,0,-17,0,-5,5,-32,0,-7,5,44,0,-4,5,13,0,-1,5,-15,5,5,0,-48,5,10,0,19,5,14,0,-17,5,10,0,-46,5,-2,5]"
CSI_DATA,124431,d8:b1:90:d9:de:f0,-46,9,-99,-34,47,104,-1462181796,158,0,106,0,"[-12,6,-30,0,-2,6,-20,0,8,0,-30,0,13,0,49,0,6,0,16,0,-10,6,-13,6,-42,6,-40,6,29,6,48,6,-9,5,38,6,-35,5,44,6,-40,5,-53,6,-24,5,-43,6,4,6,-41,6,0,0,0,0,43,6,-53,6,-48,6,34,6,-44,6,20,6,-37,6,20,6,-31,6,33,6,-20,6,-50,6,-5,6,-22,6,16,0,2,0,38,0,24,0,-35,0,43,0,2,0,53,0,38,0,45,0,-53,0]"
CSI_DATA,124432,d8:b1:90:d9:de:f0,-46,9,-99,-35,47,104,-1462145581,130,0,106,0,"[-42,6,-52,0,-44,6,-48,0,-34,6,53,0,-16,6,36,0,-2,6,8,0,12,0,-23,6,27,0,49,6,35,0,6,6,41,0,-28,6,43,0,-51,6,41,0,-54,6,47,0,-32,6,53,0,2,6,0,0,0,0,-47,0,54,6,-30,0,-26,6,-18,0,-9,6,-19,0,9,0,-33,0,19,0,50,0,18,0,20,0,11,0,-9,6,5,0,-43,6,-3,6,28,6,-9,6,-13,6,-13,6,-47,6,-14,6,49,6]"
CSI_DATA,124433,d8:b1:90:d9:de:f0,-47,11,-99,-35,48,104,-1461973512,277,0,106,0,"[-35,5,-38,5,48,5,-46,5,40,5,-39,5,-49,5,-33,5,-36,5,-32,5,-18,5,-38,5,-3,5,43,5,8,0,17,5,13,0,-8,5,10,0,-29,5,0,0,-37,5,-5,5,-28,5,-9,5,-6,5,0,0,0,0,0,5,27,5,15,0,43,5,30,0,-42,5,43,0,-31,5,-48,0,-17,5,49,0,-2,5,44,0,14,0,41,0,31,0,41,0,-47,0,-48,0,-22,0,-35,0,5,0,-10,0,23,0,14,0]"
CSI_DATA,124434,d8:b1:90:d9:de:f0,-47,9,-99,-33,48,104,-1461973068,234,0,106,0,"[-46,0,-16,5,-32,0,-31,5,-37,0,-40,5,43,0,-38,5,35,0,-25,5,37,0,-7,5,-42,0,10,0,-17,0,26,0,11,0,31,0,33,0,23,0,39,0,10,0,30,0,-4,5,9,0,-10,5,0,0,0,0,-27,0,-8,5,-41,0,5,0,40,0,21,0,31,0,33,0,20,0,41,0,9,0,42,0,-6,5,40,0,-21,5,42,0,-40,5,-43,0,31,5,-27,0,12,5,-2,0,7,5,32,0,27,5]"
CSI_DATA,124435,d8:b1:90:d9:de:f0,-47,9,-99,-35,49,104,-1461972901,254,0,106,0,"[41,5,-1,5,25,5,2,0,24,5,8,0,35,5,5,0,-41,5,-3,5,-30,5,-20,5,-23,5,-43,5,-23,5,15,5,-24,5,-11,4,-30,5,-27,4,-33,5,-31,4,-34,5,-22,4,-26,5,-6,4,0,0,0,0,-7,5,25,5,9,0,41,5,25,0,-34,5,37,0,-19,5,42,0,-5,5,39,0,9,0,32,0,25,0,22,0,40,0,13,0,-30,0,3,0,-4,0,-2,5,27,0,1,0,-36,0,16,0]"
CSI_DATA,124436,d8:b1:90:d9:de:f0,-45,9,-99,-34,46,104,-1461764159,214,0,106,0,"[46,0,-28,0,-41,0,-16,0,-20,0,-30,0,-21,0,-56,0,-35,0,48,0,-54,0,45,0,49,0,55,0,39,0,-40,0,41,0,-13,0,50,0,3,0,-59,0,5,0,-52,0,-8,0,-59,0,-29,0,0,0,0,0,37,0,58,0,12,0,55,0,-11,7,-59,0,-31,7,-51,0,-44,7,-46,0,-51,7,-44,0,-55,7,-46,0,-57,7,-46,0,57,7,-45,0,49,7,-36,0,39,7,-22,0,41,7,0,0,-57,7]"
CSI_DATA,124437,d8:b1:90:d9:de:f0,-44,9,-99,-33,45,104,-1461764023,234,0,106,0,"[6,0,18,7,-18,7,-9,7,-47,7,-6,7,-61,7,15,7,-57,7,41,7,-41,7,55,7,-21,7,51,7,-1,7,34,7,11,0,10,7,7,0,-14,7,-2,7,-21,7,-17,7,-10,7,-22,7,15,7,0,0,0,0,-12,7,58,7,8,0,-59,7,37,0,-57,7,59,0,-56,7,-56,0,-58,7,-49,0,-58,7,-49,0,-56,7,-46,0,-55,7,-40,0,-55,7,-25,0,-62,7,-14,0,54,7,-10,0,30,7,-32,0]"
CSI_DATA,124438,d8:b1:90:d9:de:f0,-45,9,-99,-34,46,104,-1461763838,262,0,106,0,"[-42,0,53,7,-39,0,17,7,57,0,0,6,31,0,5,7,19,0,24,7,18,0,42,7,33,0,56,7,58,0,53,7,-38,0,41,7,-28,0,21,7,-36,0,7,7,-51,0,7,7,51,0,24,7,0,0,0,0,29,0,59,7,41,0,-40,7,58,0,-23,7,-45,0,-13,7,-32,0,-7,7,-29,0,-3,7,-28,0,-2,7,-26,0,-1,7,-21,0,0,0,-9,0,-2,7,7,0,-5,7,22,0,-26,7,12,0]"
CSI_DATA,124439,d8:b1:90:d9:de:f0,-46,9,-99,-35,47,104,-1461763687,242,0,106,0,"[46,0,27,6,46,0,-1,6,32,0,-7,6,20,0,2,6,16,0,19,6,24,0,40,6,42,0,-54,6,-43,0,-47,6,-15,0,-44,6,3,0,-45,6,7,0,-50,6,0,0,-49,6,-15,0,-41,6,0,0,0,0,-48,0,-13,6,50,0,10,0,42,0,34,0,38,0,-52,0,31,0,-35,0,23,0,-28,0,16,0,-25,0,7,0,-23,0,-1,6,-20,0,-9,6,-8,0,-13,6,9,0,-10,6,23,0,4,0]"
CSI_DATA,124440,d8:b1:90:d9:de:f0,-41,9,-99,-33,42,104,-1461699270,234,0,106,0,"[-53,0,56,0,0,0,71,0,31,0,59,0,29,0,42,0,25,0,24,0,3,0,21,0,-10,0,18,0,-34,0,35,0,-70,0,64,0,77,0,-88,0,42,0,-57,0,26,0,-42,0,17,0,-44,0,0,0,0,0,5,0,-69,0,-31,10,68,0,-85,10,33,0,41,10,-2,10,-8,10,-16,10,-42,10,-10,10,-53,10,-2,10,-37,10,16,0,-14,10,21,0,9,10,15,0,31,10,-8,10,48,10,-48,10,48,10]"
CSI_DATA,124441,d8:b1:90:d9:de:f0,-42,9,-99,-35,43,104,-1461699103,254,0,106,0,"[86,0,70,10,-71,0,16,10,-84,0,-19,9,68,0,-24,9,47,0,-19,9,38,0,0,9,31,0,22,10,38,0,50,10,61,0,85,10,-85,0,-52,10,-57,0,-25,10,-32,0,-11,10,-29,0,-3,10,0,0,0,0,-78,0,-2,10,60,0,24,0,17,0,66,0,-12,10,-46,0,-22,10,13,0,-15,10,44,0,8,0,47,0,28,0,28,0,33,0,2,0,33,0,-19,0,6,0,-42,0,-34,10,-58,0,-63,10]"
CSI_DATA,124442,d8:b1:90:d9:de:f0,-36,9,-99,-33,37,104,-1461346360,265,0,106,0,"[-75,19,-16,0,-38,19,59,1,27,0,75,1,75,0,40,1,97,0,-10,0,97,0,-54,0,76,0,-85,0,36,0,-101,0,-23,19,-93,0,-77,19,-86,0,-107,19,-79,0,-116,19,-82,0,-115,19,-101,0,0,0,0,0,-149,19,-158,0,138,19,141,0,73,19,121,0,11,19,125,0,-20,18,143,0,-15,18,161,0,23,19,-160,0,60,19,163,0,91,19,149,0,104,19,129,0,101,19,102,0,81,19,84,0,88,19]"
CSI_DATA,124443,d8:b1:90:d9:de:f0,-35,9,-99,-35,37,104,-1461346163,285,0,106,0,"[-105,20,-27,0,-74,20,49,1,-13,20,72,1,41,0,38,1,67,0,-5,0,69,0,-53,0,57,0,-78,0,20,0,-89,0,-42,20,-91,0,-86,20,-79,0,-115,20,-65,0,-126,20,-71,0,-120,20,-93,0,0,0,0,0,-152,20,-138,0,159,20,-170,0,93,20,170,0,41,20,-174,0,5,20,-149,0,9,20,-139,0,52,20,-134,0,91,20,-146,0,124,20,-163,0,133,20,-175,0,118,20,153,0,104,20,134,0,108,20]"
CSI_DATA,124444,d8:b1:90:d9:de:f0,-35,9,-99,-34,36,104,-1461345998,101,0,106,0,"[-5,22,-19,0,50,0,47,1,128,0,47,1,172,0,1,1,-191,0,-64,0,179,0,-103,0,160,0,-128,0,119,0,-125,0,71,0,-104,0,20,0,-71,0,0,0,-53,0,-7,22,-56,0,-11,22,-83,0,0,0,0,0,-52,22,-106,0,-94,22,-121,0,-173,22,-95,0,172,22,-59,0,154,22,-32,0,167,22,-14,0,-173,22,-28,0,-136,22,-56,0,-115,22,-83,0,-109,22,-100,0,-122,22,-116,0,-149,22,-113,0,-136,22]"
CSI_DATA,124445,d8:b1:90:d9:de:f0,-35,9,-99,-36,37,104,-1461345903,234,0,106,0,"[16,21,-36,21,-62,19,29,0,-67,19,100,0,-15,19,166,0,53,21,-173,0,104,21,177,0,134,21,155,0,135,21,115,0,113,21,66,0,79,21,29,0,62,21,8,0,60,21,4,0,84,21,4,0,0,0,0,0,111,21,-36,21,118,21,-88,21,88,21,-155,21,56,21,168,21,9,21,162,21,-12,19,-173,21,7,21,-138,21,31,21,-88,21,62,21,-66,21,81,21,-64,21,100,21,-83,21,98,21,-104,21,94,21]"
CSI_DATA,124446,d8:b1:90:d9:de:f0,-36,9,-99,-33,37,104,-1461345745,254,0,106,0,"[-84,0,-125,0,10,1,-138,0,53,1,129,0,42,1,64,0,1,1,10,0,-38,0,-25,19,-81,0,-15,19,-98,0,15,0,-102,0,57,0,-97,0,106,0,-90,0,134,0,-86,0,133,0,-99,0,117,0,0,0,0,0,-141,0,136,0,-161,0,-164,0,155,0,-93,0,-155,0,-45,0,-116,0,-20,0,-81,0,-45,0,-79,0,-90,0,-77,0,-141,0,-98,0,163,0,-119,0,156,0,-133,0,158,0,-129,0,-163,0,-128,0]"
CSI_DATA,124447,d8:b1:90:d9:de:f0,-35,9,-99,-32,36,104,-1461345286,98,0,106,0,"[-46,0,138,0,35,1,128,0,69,1,84,0,46,1,32,0,-4,0,1,0,-39,0,1,0,-84,0,18,0,-111,0,70,0,-131,0,134,0,-145,0,-165,0,-169,0,-128,0,-180,0,-117,0,148,0,-124,0,0,0,0,0,76,0,-118,0,9,0,-110,0,-57,21,-56,0,-103,21,-11,0,-121,21,22,1,-114,21,32,1,-100,21,4,1,-88,21,-22,0,-81,21,-57,0,-87,21,-88,0,-120,21,-111,0,-156,21,-114,0,-153,21]"
CSI_DATA,124448,d8:b1:90:d9:de:f0,-36,9,-99,-37,38,104,-1461345172,98,0,106,0,"[-136,19,41,19,124,19,1,19,69,19,22,19,58,19,76,19,76,19,120,19,97,19,151,19,141,19,163,19,-145,19,149,19,-97,19,110,19,-54,19,71,19,-23,19,55,19,0,0,54,19,18,0,79,19,0,0,0,0,64,0,110,19,121,0,133,19,-130,0,124,19,-77,0,110,19,-46,0,93,19,-41,0,86,19,-73,0,93,19,-101,0,108,19,-121,0,128,19,-134,0,156,19,-121,0,-143,19,-101,0,-126,19,-102,0]"
CSI_DATA,124449,d8:b1:90:d9:de:f0,-35,9,-99,-36,37,104,-1461345050,98,0,106,0,"[25,21,72,0,-28,19,137,0,-15,19,-161,0,32,21,-127,0,83,21,-134,0,122,21,-152,0,142,21,166,0,127,21,124,0,100,21,64,0,67,21,9,0,60,21,-18,21,66,21,-40,21,90,21,-52,21,0,0,0,0,134,21,-101,21,163,21,-146,21,162,21,125,21,153,21,69,21,135,21,35,21,127,21,31,21,120,21,63,21,132,21,97,21,158,21,122,21,-180,21,138,21,-137,21,122,21,-131,21,105,21,-127,21]"
CSI_DATA,124450,d8:b1:90:d9:de:f0,-39,11,-99,-35,41,104,-1461304921,100,0,228,0,"[6,6,8,6,11,5,12,5,13,5,16,4,18,5,94,38,19,6,19,6,19,6,19,6,19,7,19,7,19,8,19,8,19,7,18,6,18,6,17,4,17,1,-29,-25,17,-1,17,-4,16,-5,16,-6,16,-6,17,-6,0,0,15,-5,14,-5,13,-5,11,-5,8,-6,5,-6,55,0,0,-9,-2,-12,-4,-14,-6,-17,-6,-19,-6,-21,-6,-22,-4,-23,-3,-24,-2,-23,0,-23,0,-23,0,-23,-12,12,0,-20,0,-19,0,-19,-1,-18,-2,-17,-2,-15,-1,-14,-3,11,6,12,13,4,14,-7,5,-15,-6,-14,-14,-5,5,12,-3,12,6,9,10,0,6,-6,-1,-8,-8,-2,-8,6,0,12,12,9,17,-3,12,-18,-4,-23,-21,-14,-10,5,-17,21,2,27,19,18,25,0,17,-17,0,-23,0,0,-19,0,-11,13,3,17,14,6,15,-7,4,-17,-8,-23,-19,-2,-15,12,-2,19,10,14,16,3,11,-7,1,-11,-5,-6,-6,0,-1,4,4,1,5,-5,-1,-10,-10,-31,-19,0,-16,14,-2,24,14,22,25,8,25,-8,12,-20]"
CSI_DATA,124451,d8:b1:90:d9:de:f0,-38,9,-99,-36,39,104,-1461137434,322,0,106,0,"[-48,0,-41,16,17,1,-98,16,25,1,125,16,-10,0,90,16,-50,0,74,16,-95,0,90,16,-118,0,113,16,-125,0,-134,16,-124,0,-76,16,-111,0,-16,16,-90,0,25,0,-80,0,44,0,-84,0,51,0,0,0,0,0,140,0,74,0,88,0,108,0,49,0,-103,0,31,0,-26,0,42,0,40,1,69,0,56,1,96,0,42,1,113,0,2,1,111,0,-43,0,105,0,-69,0,74,0,-85,0,35,0,-88,0,14,0]"
CSI_DATA,124452,d8:b1:90:d9:de:f0,-38,9,-99,-35,39,104,-1461137217,342,0,106,0,"[113,0,-76,0,-89,0,-33,0,-30,0,-47,0,-2,0,-92,0,-7,0,-134,0,-27,0,112,0,-56,0,95,0,-92,0,95,0,-139,0,127,0,99,0,-116,0,64,0,-87,0,49,0,-76,0,41,0,-79,0,0,0,0,0,7,0,-117,0,-49,16,136,0,-126,16,-133,0,83,16,-110,0,44,16,-74,0,37,16,-44,0,67,16,-18,0,100,16,-23,0,135,16,-39,0,-121,16,-69,0,-121,16,-101,0,137,16,-126,0,126,16]"
CSI_DATA,124453,d8:b1:90:d9:de:f0,-38,9,-99,-33,39,104,-1461137041,228,0,106,0,"[-107,0,-99,0,-21,0,-78,0,39,1,-116,0,48,1,91,0,30,1,38,0,1,1,7,0,-33,0,0,0,-72,0,17,0,-104,0,56,0,-130,0,112,0,126,0,-112,0,125,0,-94,0,123,0,-104,0,0,0,0,0,74,0,-129,0,17,0,-131,0,-49,15,-96,0,-100,15,-38,0,-114,15,23,1,-94,15,55,1,-52,15,54,1,-12,15,28,1,9,0,-6,0,19,0,-40,0,-4,15,-66,0,-38,15,-78,0,-52,15]"
CSI_DATA,124454,d8:b1:90:d9:de:f0,-38,9,-99,-35,39,104,-1461136856,248,0,106,0,"[6,0,-43,0,51,0,28,1,117,0,43,1,-115,0,11,1,-91,0,-31,0,-87,0,-79,0,-103,0,-112,0,-134,0,-126,0,91,0,-117,0,44,0,-99,0,7,0,-74,0,-5,16,-64,0,-4,16,-76,0,0,0,0,0,-21,16,-113,0,-70,16,129,0,130,16,122,0,57,16,-138,0,22,16,-92,0,21,16,-53,0,53,16,-35,0,105,16,-33,0,-137,16,-44,0,-116,16,-64,0,-114,16,-93,0,-127,16,-116,0,-136,16]"
CSI_DATA,124455,d8:b1:90:d9:de:f0,-37,11,-99,-35,39,104,-1460929015,277,0,106,0,"[35,16,-14,16,-35,15,7,0,-55,15,47,0,-40,15,94,0,-8,15,117,0,25,16,119,0,59,16,102,0,70,16,76,0,79,16,23,0,62,16,-28,16,52,16,-66,16,42,16,-79,16,57,16,-76,16,0,0,0,0,95,16,-75,16,-133,16,-95,16,-100,16,125,16,-83,16,68,16,-81,16,8,16,-92,16,-7,15,-113,16,2,16,-126,16,27,16,-134,16,47,16,-130,16,71,16,-116,16,79,16,-95,16,73,16,-86,16]"
CSI_DATA,124456,d8:b1:90:d9:de:f0,-38,9,-99,-35,40,104,-1460928570,108,0,106,0,"[-116,0,74,14,-104,0,14,14,115,0,-27,13,78,0,-34,13,33,0,-24,13,5,0,2,14,-1,14,33,14,11,0,55,14,48,0,70,14,94,0,79,14,-122,0,76,14,-115,0,71,14,120,0,74,14,0,0,0,0,93,0,105,14,111,0,-99,14,-92,0,-58,14,-43,0,-38,14,-1,0,-43,14,17,0,-65,14,7,0,-91,14,-20,0,-110,14,-43,0,-120,14,-63,0,-121,14,-74,0,-112,14,-77,0,-102,14,-86,0]"
CSI_DATA,124457,d8:b1:90:d9:de:f0,-37,9,-99,-37,39,104,-1460719617,224,0,106,0,"[-103,0,-138,17,-48,0,87,17,-54,0,21,17,-102,0,-11,16,140,0,-17,16,108,0,13,17,83,0,43,17,98,0,78,17,137,0,123,17,-114,0,-140,17,-79,0,-123,17,-69,0,-118,17,-88,0,-107,17,0,0,0,0,-144,0,-69,17,143,0,5,0,-132,0,78,0,-94,0,143,0,-50,0,-117,0,-20,0,-123,0,-13,0,146,0,-24,0,114,0,-42,0,90,0,-65,0,80,0,-77,0,84,0,-94,0,102,0,-100,0]"
CSI_DATA,124458,d8:b1:90:d9:de:f0,-37,11,-99,-37,39,104,-1460511216,277,0,106,0,"[118,0,-70,0,-128,0,-3,0,-77,0,12,1,-53,0,-10,0,-54,0,-54,0,-80,0,-84,0,-110,0,-109,0,127,0,-117,0,48,0,-110,0,-28,17,-100,0,-87,17,-97,0,-118,17,-97,0,-124,17,-112,0,0,0,0,0,-125,17,109,0,-131,17,34,0,123,17,-53,17,79,17,-128,17,34,17,120,17,3,17,103,17,2,17,114,17,19,17,137,17,51,17,-137,17,84,17,-129,17,129,17,-144,17,-125,17,127,17,-106,17]"
CSI_DATA,124459,d8:b1:90:d9:de:f0,-38,9,-99,-34,39,104,-1460510762,500,0,106,0,"[-94,15,55,15,116,15,-6,14,54,15,-12,14,18,15,22,15,11,15,72,15,36,15,109,15,75,15,-133,15,131,15,-131,15,-72,15,134,15,-2,15,98,15,45,0,67,15,58,0,54,15,54,0,60,15,0,0,0,0,55,0,-133,15,87,0,-70,15,-111,0,-8,15,-32,0,29,0,31,1,33,0,60,1,13,0,56,1,-9,15,20,1,-39,15,-14,0,-49,15,-50,0,-33,15,-80,0,0,0,-87,0,45,0,-87,0]"
CSI_DATA,124460,d8:b1:90:d9:de:f0,-37,9,-99,-36,39,104,-1460510534,500,0,106,0,"[-123,0,108,16,-79,0,30,16,-89,0,-24,15,-136,0,-39,15,100,0,-30,15,75,0,5,16,60,0,42,16,78,0,89,16,117,0,-136,16,-118,0,-95,16,-70,0,-61,16,-43,0,-59,16,-57,0,-49,16,0,0,0,0,-117,0,-19,16,136,0,48,0,122,0,122,0,125,0,-79,0,-126,0,-16,0,-99,0,-4,0,-88,0,-22,0,-85,0,-63,0,-102,0,-99,0,-125,0,-116,0,130,0,-117,0,85,0,-99,0,69,0]"
CSI_DATA,124461,d8:b1:90:d9:de:f0,-38,9,-99,-37,40,104,-1460510298,500,0,106,0,"[-55,15,-40,0,-44,15,36,1,6,0,71,1,51,0,62,1,86,0,26,1,96,0,-15,0,90,0,-56,0,56,0,-83,0,-6,15,-97,0,-69,15,-102,0,-111,15,-98,0,-127,15,-96,0,-118,15,-98,0,0,0,0,0,-98,15,114,0,-112,15,45,0,100,15,-17,15,42,15,-60,15,-12,14,-73,15,-42,14,-56,15,-43,14,-27,15,-15,14,-2,15,15,15,12,0,46,15,14,0,73,15,-8,15,83,15,-39,15,83,15]"
CSI_DATA,124462,d8:b1:90:d9:de:f0,-39,9,-99,-36,40,104,-1460510043,130,0,106,0,"[113,0,67,15,-116,0,-3,14,-123,0,-50,14,107,0,-54,14,81,0,-34,14,62,0,3,15,62,0,44,15,81,0,97,15,110,0,-94,15,-108,0,-28,15,-77,0,18,0,-62,0,42,0,-65,0,49,0,0,0,0,0,112,0,70,0,49,0,96,0,-26,15,-114,0,-89,15,-56,0,-124,15,-2,0,123,15,24,1,-120,15,23,1,-96,15,-3,0,-88,15,-35,0,-94,15,-67,0,-110,15,-108,0,125,15,107,0,102,15]"
CSI_DATA,124463,d8:b1:90:d9:de:f0,-38,9,-99,-34,39,104,-1460509899,113,0,106,0,"[-95,15,57,15,124,15,-10,14,76,15,-25,14,50,15,-6,14,50,15,34,15,76,15,67,15,115,15,93,15,-97,15,109,15,-19,15,113,15,66,0,105,15,123,0,95,15,-117,0,100,15,-117,0,112,15,0,0,0,0,120,0,-88,15,115,0,-9,15,132,0,86,0,-100,0,-98,0,-75,0,-40,0,-48,0,-24,0,-41,0,-43,0,-58,0,-74,0,-84,0,-98,0,-119,0,-112,0,99,0,-111,0,46,0,-92,0,19,0]"
CSI_DATA,124464,d8:b1:90:d9:de:f0,-36,11,-99,-37,38,104,-1460308821,100,0,114,0,"[20,25,20,29,22,32,20,33,18,34,18,34,16,32,16,32,18,29,16,28,18,28,18,27,18,27,19,27,20,27,23,27,24,28,24,29,25,29,28,28,28,28,29,28,31,25,31,25,31,24,31,24,31,22,31,20,0,0,32,20,29,20,32,19,33,19,34,19,36,19,37,16,36,18,36,16,36,14,34,12,33,12,33,10,32,9,31,9,31,9,31,6,31,6,32,5,33,5,34,5,37,5,38,5,38,6,38,6,37,7,34,9,31,10]"
CSI_DATA,124465,d8:b1:90:d9:de:f0,-38,11,-99,-36,40,104,-1460302317,277,0,106,0,"[60,15,-36,15,-26,14,-31,15,-66,14,-3,15,-62,14,22,0,-42,14,36,0,-8,14,37,0,32,15,24,0,68,15,-12,15,114,15,-60,15,-98,15,-120,15,-62,15,91,15,-40,15,71,15,-27,15,85,15,0,0,0,0,6,0,-105,15,59,0,-34,15,-119,0,26,0,-42,0,75,0,21,1,97,0,45,1,96,0,38,1,82,0,20,1,68,0,-10,0,64,0,-40,0,71,0,-76,0,95,0,-102,0,122,0,-128,0]"
CSI_DATA,124466,d8:b1:90:d9:de:f0,-38,9,-99,-34,39,104,-1460301872,214,0,106,0,"[-102,0,-121,15,-36,0,94,15,-27,0,43,15,-47,0,22,15,-80,0,25,15,-98,0,43,15,-121,0,78,15,-119,0,123,15,-103,0,-77,15,-86,0,-9,15,-73,0,41,0,-69,0,68,0,-87,0,79,0,0,0,0,0,101,0,76,0,27,0,94,0,-58,15,-132,0,-132,15,-76,0,97,15,-23,0,84,15,-1,0,105,15,4,1,118,15,-11,0,132,15,-33,0,-130,15,-62,0,131,15,-99,0,103,15,-130,0,102,15]"
CSI_DATA,124467,d8:b1:90:d9:de:f0,-39,9,-99,-35,40,104,-1460301673,214,0,106,0,"[42,0,62,14,42,0,-19,13,7,0,-54,13,-22,14,-55,13,-49,14,-31,13,-50,14,0,13,-42,14,30,14,-11,14,64,14,42,0,98,14,98,0,-123,14,-104,0,-111,14,-83,0,-99,14,-90,0,-84,14,0,0,0,0,104,0,-35,14,74,0,31,0,68,0,119,0,73,0,-46,0,93,0,13,0,112,0,32,0,-117,0,16,0,-119,0,-14,0,123,0,-40,0,106,0,-57,0,73,0,-66,0,36,0,-62,0,20,0]"
CSI_DATA,124468,d8:b1:90:d9:de:f0,-38,9,-99,-36,40,104,-1460301519,322,0,106,0,"[-16,15,56,15,-29,15,-19,14,-69,15,-48,14,-97,15,-40,14,-109,15,-18,14,-110,15,17,15,-92,15,47,15,-58,15,66,15,4,0,77,15,71,0,86,15,116,0,90,15,-116,0,95,15,-122,0,116,15,0,0,0,0,107,0,-78,15,102,0,-5,15,127,0,77,0,-94,0,-105,0,-56,0,-58,0,-33,0,-44,0,-21,0,-66,0,-38,0,-81,0,-54,0,-105,0,-78,0,-116,0,-109,0,-106,0,119,0,-90,0,103,0]"
CSI_DATA,124469,d8:b1:90:d9:de:f0,-39,9,-99,-34,40,104,-1460301320,342,0,106,0,"[99,14,-117,14,28,14,91,14,-25,13,110,14,-36,13,-96,14,-29,13,-60,14,0,14,-43,14,29,14,-33,14,69,14,-50,14,116,14,-90,14,-85,14,101,14,-65,14,63,14,-53,14,50,14,-51,14,62,14,0,0,0,0,-23,14,117,14,37,0,-74,14,-117,0,-56,14,-38,0,-57,14,15,0,-78,14,34,0,-105,14,22,0,115,14,-10,0,107,14,-42,0,-119,14,-65,0,-109,14,-71,0,-75,14,-65,0,-40,14,-62,0]"
CSI_DATA,124470,d8:b1:90:d9:de:f0,-38,9,-99,-34,39,104,-1460092918,124,0,106,0,"[-8,15,-49,0,43,0,39,1,120,0,62,1,-96,0,27,1,-70,0,-24,0,-76,0,-76,0,-97,0,-110,0,126,0,-126,0,59,0,-114,0,9,0,-97,0,-25,15,-73,0,-31,15,-63,0,-27,15,-79,0,0,0,0,0,-45,15,101,0,-88,15,45,0,102,15,2,0,20,15,-10,15,-44,14,5,0,-65,14,38,0,-45,14,72,0,-10,14,94,0,30,15,101,0,59,15,91,0,74,15,64,0,77,15,34,0,82,15]"
CSI_DATA,124471,d8:b1:90:d9:de:f0,-38,9,-99,-37,40,104,-1460092761,113,0,106,0,"[-109,15,76,15,85,15,7,15,32,15,2,15,18,15,31,15,21,15,62,15,55,15,97,15,97,15,115,15,-104,15,117,15,-25,15,113,15,46,0,100,15,107,0,85,15,126,0,84,15,119,0,108,15,0,0,0,0,94,0,-65,15,87,0,27,0,101,0,117,0,125,0,-54,0,-107,0,3,1,-88,0,15,1,-87,0,-1,0,-104,0,-25,0,-125,0,-62,0,97,0,-72,0,51,0,-79,0,3,0,-79,0,-27,15]"
CSI_DATA,124472,d8:b1:90:d9:de:f0,-38,11,-99,-35,39,104,-1459884518,277,0,106,0,"[58,16,103,0,-4,15,-109,0,-13,15,-51,0,21,16,-31,0,62,16,-26,0,93,16,-63,0,118,16,-103,0,115,16,116,0,111,16,42,0,97,16,-27,16,93,16,-74,16,100,16,-91,16,126,16,-98,16,0,0,0,0,-42,16,-90,16,34,0,-103,16,125,0,-133,16,-80,0,105,16,-33,0,67,16,-21,0,45,16,-35,0,43,16,-66,0,59,16,-88,0,87,16,-109,0,114,16,-107,0,-124,16,-109,0,-77,16,-110,0]"
CSI_DATA,124473,d8:b1:90:d9:de:f0,-37,9,-99,-33,38,104,-1459884037,281,0,106,0,"[50,17,81,0,-23,16,145,0,-34,16,-86,0,2,17,-53,0,51,17,-49,0,90,17,-76,0,118,17,-114,0,117,17,129,0,108,17,55,0,88,17,-10,17,79,17,-54,17,85,17,-70,17,110,17,-68,17,0,0,0,0,-90,17,-93,17,-11,17,-121,17,62,0,109,17,117,0,47,17,140,0,-12,16,135,0,-39,16,116,0,-34,16,97,0,-10,16,77,0,18,17,69,0,49,17,85,0,88,17,113,0,122,17,125,0]"
CSI_DATA,124474,d8:b1:90:d9:de:f0,-37,9,-99,-36,39,104,-1459675173,130,0,106,0,"[-52,0,-111,16,10,1,103,16,13,1,49,16,-26,0,31,16,-74,0,41,16,-104,0,72,16,-126,0,116,16,-134,0,-103,16,-132,0,-22,16,-123,0,48,0,-123,0,96,0,-136,0,120,0,123,0,118,0,0,0,0,0,10,0,123,0,-68,16,120,0,124,16,141,0,49,16,-113,0,3,16,-88,0,-3,15,-80,0,19,16,-92,0,44,16,-121,0,71,16,-140,0,95,16,114,0,107,16,63,0,105,16,17,0,114,16]"
CSI_DATA,124475,d8:b1:90:d9:de:f0,-36,9,-99,-33,37,104,-1459624607,108,0,106,0,"[-41,0,108,0,54,1,98,0,97,1,45,0,73,1,-3,19,38,1,-34,19,-22,0,-40,19,-59,0,-25,19,-97,0,23,0,-139,0,90,0,160,0,154,0,126,0,-126,0,103,0,-111,0,76,0,-119,0,0,0,0,0,-14,19,-125,0,-84,19,-142,0,159,19,-126,0,85,19,-103,0,45,19,-90,0,33,19,-73,0,44,19,-84,0,82,19,-101,0,114,19,-126,0,126,19,-155,0,129,19,132,0,126,19,81,0,126,19]"
CSI_DATA,124476,d8:b1:90:d9:de:f0,-39,11,-99,-35,40,104,-1459466719,277,0,106,0,"[69,0,-75,0,111,0,0,0,-90,0,26,0,-62,0,7,0,-54,0,-13,0,-66,0,-49,0,-97,0,-79,0,102,0,-91,0,28,0,-98,0,-47,14,-90,0,-103,14,-77,0,115,14,-67,0,122,14,-71,0,0,0,0,0,-94,14,100,0,-83,14,25,0,-99,14,-67,14,112,14,99,14,68,14,43,14,49,14,23,14,33,14,38,14,52,14,59,14,68,14,83,14,100,14,97,14,-106,14,92,14,-62,14,76,14,-37,14]"
CSI_DATA,124477,d8:b1:90:d9:de:f0,-38,9,-99,-35,39,104,-1459466256,265,0,106,0,"[112,0,107,16,-127,0,17,16,133,0,-45,15,86,0,-64,15,45,0,-53,15,18,0,-16,15,13,0,28,16,37,0,74,16,93,0,134,16,-119,0,-103,16,-66,0,-81,16,-37,0,-81,16,-53,0,-79,16,0,0,0,0,-135,0,-45,16,95,0,18,0,68,0,115,0,67,0,-65,0,88,0,6,1,116,0,32,1,-136,0,21,1,-128,0,-11,0,-133,0,-45,0,117,0,-76,0,75,0,-83,0,29,0,-77,0,7,0]"
CSI_DATA,124478,d8:b1:90:d9:de:f0,-38,9,-99,-36,40,104,-1459466086,285,0,106,0,"[116,15,-120,0,73,15,-43,0,82,15,15,1,124,15,40,1,-89,15,39,1,-57,15,14,1,-39,15,-28,0,-52,15,-73,0,-89,15,-128,0,118,15,85,0,68,15,60,0,46,15,57,0,53,15,58,0,0,0,0,0,-118,15,27,0,-76,15,-30,15,-49,15,-112,15,-48,15,53,15,-69,15,-14,14,-102,15,-35,14,-124,15,-23,14,114,15,9,15,115,15,48,15,-119,15,67,15,-86,15,80,15,-54,15,74,15,-33,15]"
CSI_DATA,124479,d8:b1:90:d9:de:f0,-38,9,-99,-35,39,104,-1459465867,120,0,106,0,"[-127,16,-109,0,115,16,-27,0,130,16,31,1,-111,16,54,1,-63,16,42,1,-31,16,11,1,-18,16,-26,0,-35,16,-70,0,-81,16,-118,0,138,16,126,0,81,16,112,0,57,16,116,0,75,16,110,0,0,0,0,0,-136,16,67,0,-112,16,-1,16,-112,16,-90,16,-131,16,101,16,100,16,40,16,67,16,32,16,49,16,59,16,52,16,90,16,64,16,124,16,83,16,129,16,113,16,134,16,-133,16,114,16,-121,16]"
CSI_DATA,124480,d8:b1:90:d9:de:f0,-39,9,-99,-35,40,104,-1459465718,101,0,106,0,"[71,0,70,14,80,0,-6,13,41,0,-61,13,-1,14,-67,13,-43,14,-40,13,-59,14,-6,13,-62,14,27,14,-34,14,60,14,20,0,85,14,86,0,97,14,-124,0,93,14,-106,0,87,14,-117,0,86,14,0,0,0,0,86,0,-100,14,89,0,-34,14,123,0,39,0,-73,0,99,0,-17,0,-123,0,22,0,120,0,30,0,91,0,14,0,56,0,-8,0,37,0,-34,0,32,0,-57,0,46,0,-75,0,68,0,-77,0]"
CSI_DATA,124481,d8:b1:90:d9:de:f0,-40,11,-99,-33,41,104,-1459308861,100,0,228,0,"[-8,-2,-12,-3,-15,-4,-17,-6,-19,-8,-19,-12,-19,-13,89,36,-16,-17,-13,-17,-12,-17,-10,-16,-9,-16,-8,-14,-8,-13,-8,-12,-8,-10,-8,-8,-9,-6,-10,-5,-12,-4,-27,-24,-14,-2,-14,-1,-14,-1,-14,-1,-13,-1,-12,-1,0,0,-9,0,-8,1,-8,3,-7,4,-6,8,-5,10,-72,12,-6,15,-7,17,-8,19,-9,19,-9,19,-10,18,-11,17,-11,17,-12,16,-12,15,-12,14,-11,13,-11,13,76,12,-9,12,-8,12,-8,12,-7,12,-6,11,-6,11,-6,10,2,-9,-5,-11,-13,-5,-13,4,-7,12,2,13,8,6,-8,-18,2,-7,-4,-5,-7,0,-3,8,4,9,13,3,13,-8,4,-17,-9,-18,-22,-8,-23,9,-11,24,7,26,9,10,25,-4,13,-18,-3,-21,-15,-11,-17,3,-8,13,0,0,12,4,11,-6,2,-13,-8,-10,-14,0,-10,10,-5,28,11,9,13,0,8,-9,0,-11,-8,-5,-7,2,-1,6,4,4,5,-2,0,-7,-6,-6,-11,0,-9,10,-9,30,13,14,22,2,20,-13,7,-22,-9,-22,-19,-10,-20,3]"
CSI_DATA,124482,d8:b1:90:d9:de:f0,-36,11,-99,-32,37,104,-1459257819,277,0,106,0,"[57,0,50,18,32,0,-49,17,-33,18,-86,17,-89,18,-60,17,-124,18,-21,17,-117,18,28,18,-103,18,69,18,-56,18,90,18,10,0,100,18,81,0,96,18,117,0,94,18,137,0,91,18,124,0,123,18,0,0,0,0,123,0,-115,18,142,0,-37,18,-122,0,36,0,-56,0,93,0,2,1,119,0,31,1,117,0,30,1,94,0,10,1,67,0,-12,0,49,0,-31,0,36,0,-52,0,47,0,-80,0,71,0,-104,0]"
CSI_DATA,124483,d8:b1:90:d9:de:f0,-37,9,-99,-38,39,104,-1459257348,98,0,106,0,"[16,0,49,17,-32,17,-40,16,-102,17,-64,16,142,17,-29,16,115,17,27,17,120,17,71,17,139,17,108,17,-122,17,120,17,-67,17,105,17,-23,17,78,17,11,0,61,17,17,0,61,17,13,0,92,17,0,0,0,0,32,0,149,17,89,0,-105,17,-128,0,-91,17,-59,0,-84,17,-5,0,-110,17,9,1,-137,17,-8,0,143,17,-36,0,129,17,-70,0,118,17,-96,0,122,17,-112,0,141,17,-108,0,-141,17,-121,0]"
CSI_DATA,124484,d8:b1:90:d9:de:f0,-37,9,-99,-36,39,104,-1459257189,130,0,106,0,"[-72,0,117,0,19,1,125,0,65,1,94,0,54,1,58,0,32,1,31,0,-17,0,26,0,-54,0,39,0,-103,0,71,0,127,0,125,0,83,0,-106,0,51,0,-61,0,30,0,-58,0,20,0,-77,0,0,0,0,0,-25,16,140,0,-90,16,77,0,118,16,29,0,39,16,-8,16,-16,15,-26,16,-44,15,-28,16,-38,15,-17,16,-14,15,-5,16,16,16,-8,16,34,16,-23,16,63,16,-44,16,95,16,-79,16,116,16]"
CSI_DATA,124485,d8:b1:90:d9:de:f0,-38,9,-99,-35,39,104,-1459048466,310,0,106,0,"[-31,16,-45,0,-14,16,41,1,34,0,69,1,73,0,59,1,102,0,19,1,92,0,-21,0,78,0,-56,0,26,0,-77,0,-35,16,-98,0,-100,16,-100,0,133,16,-101,0,114,16,-107,0,126,16,-119,0,0,0,0,0,-116,16,91,0,-119,16,15,0,133,16,-65,16,95,16,136,16,57,16,93,16,22,16,87,16,15,16,98,16,21,16,135,16,40,16,-126,16,64,16,-116,16,94,16,-117,16,136,16,-133,16,-122,16]"
CSI_DATA,124486,d8:b1:90:d9:de:f0,-38,9,-99,-36,40,104,-1459048289,290,0,106,0,"[112,0,-71,0,-81,0,-23,0,-26,0,-28,0,-5,0,-67,0,-8,0,-109,0,-35,0,120,0,-64,0,105,0,-109,0,113,0,91,0,-111,0,51,0,-74,0,21,0,-49,0,9,0,-44,0,11,0,-58,0,0,0,0,0,-15,15,-113,0,-62,15,91,0,124,15,64,0,55,15,44,0,5,15,51,0,-25,14,66,0,-22,14,86,0,3,15,94,0,29,15,100,0,54,15,93,0,71,15,73,0,77,15,34,0,84,15]"
CSI_DATA,124487,d8:b1:90:d9:de:f0,-37,9,-99,-34,38,104,-1459013744,130,0,106,0,"[-21,17,45,17,-49,17,-38,16,-99,17,-65,16,-135,17,-42,16,-149,17,-4,16,-143,17,39,17,-118,17,70,17,-71,17,82,17,-2,17,86,17,64,0,80,17,114,0,78,17,135,0,84,17,127,0,108,17,0,0,0,0,117,0,-130,17,136,0,-46,17,-125,0,27,0,-76,0,98,0,-23,0,136,0,4,1,144,0,7,1,131,0,-4,0,108,0,-24,0,91,0,-43,0,85,0,-77,0,95,0,-106,0,114,0,-128,0]"
CSI_DATA,124488,d8:b1:90:d9:de:f0,-37,11,-99,-36,39,104,-1458422222,277,0,106,0,"[33,16,-17,16,-57,15,14,0,-88,15,69,0,-61,15,106,0,-21,15,108,0,26,16,97,0,60,16,62,0,95,16,13,0,120,16,-57,16,141,16,-125,16,-124,16,115,16,-102,16,97,16,-72,16,107,16,0,0,0,0,1,0,-133,16,78,0,-99,16,-117,0,-81,16,-35,0,-67,16,25,1,-68,16,49,1,-62,16,30,1,-70,16,4,1,-72,16,-19,0,-60,16,-46,0,-48,16,-74,0,-10,16,-96,0,34,0,-121,0]"
CSI_DATA,124489,d8:b1:90:d9:de:f0,-37,9,-99,-34,38,104,-1458421723,130,0,106,0,"[-103,0,125,17,-66,0,35,17,-85,0,-29,16,-134,0,-36,16,133,0,-15,16,106,0,22,17,106,0,68,17,127,0,112,17,-143,0,-134,17,-105,0,-74,17,-78,0,-30,17,-79,0,-5,17,-99,0,16,0,0,0,0,0,139,0,68,0,83,0,120,0,38,0,-104,0,5,0,-28,0,-9,17,28,1,-11,17,52,1,1,0,42,1,16,0,20,1,21,0,-11,0,9,0,-35,0,-13,17,-59,0,-46,17,-87,0,-65,17]"
CSI_DATA,124490,d8:b1:90:d9:de:f0,-36,9,-99,-37,38,104,-1458405916,98,0,106,0,"[-111,19,-55,0,-84,19,57,1,-6,19,102,1,58,0,76,1,102,0,27,1,107,0,-23,0,95,0,-71,0,54,0,-97,0,-6,19,-106,0,-68,19,-111,0,-112,19,-111,0,-130,19,-126,0,-123,19,-159,0,0,0,0,0,-121,19,106,0,-156,19,31,0,112,19,-34,19,41,19,-77,19,-22,18,-95,19,-44,18,-80,19,-33,18,-47,19,-15,18,-15,19,11,19,5,0,44,19,12,0,75,19,2,0,95,19,-24,19,115,19]"
CSI_DATA,124491,d8:b1:90:d9:de:f0,-34,11,-99,-36,36,104,-1458308801,100,0,114,0,"[19,-34,25,-36,30,-36,33,-34,36,-34,36,-31,36,-28,34,-25,34,-23,36,-22,34,-20,34,-20,34,-20,34,-20,36,-20,38,-20,39,-20,42,-22,44,-22,45,-20,44,-20,45,-20,45,-19,45,-19,45,-17,44,-17,45,-15,44,-14,0,0,44,-11,44,-12,45,-11,49,-11,47,-11,47,-9,47,-9,47,-7,47,-6,47,-6,45,-6,42,-6,39,-4,38,-3,38,-4,38,-3,38,-3,38,-3,38,-1,41,-1,42,0,44,1,44,3,45,3,45,6,42,9,41,11,38,12]"
CSI_DATA,124492,d8:b1:90:d9:de:f0,-36,11,-99,-33,37,104,-1458213322,277,0,106,0,"[-114,0,-114,0,-7,0,-90,0,57,1,-133,0,58,1,147,0,25,1,90,0,-14,0,57,0,-62,0,57,0,-103,0,82,0,-156,0,129,0,126,0,-150,0,91,0,-117,0,66,0,-104,0,42,0,-126,0,0,0,0,0,-32,19,-159,0,-103,19,151,0,134,19,146,0,59,19,155,0,7,19,-147,0,-1,18,-126,0,24,19,-119,0,58,19,-123,0,91,19,-136,0,117,19,-154,0,130,19,136,0,136,19,101,0,137,19]"
CSI_DATA,124493,d8:b1:90:d9:de:f0,-37,9,-99,-35,38,104,-1458212868,322,0,106,0,"[44,18,143,0,-13,17,-89,0,-7,17,-35,0,37,18,-15,0,78,18,-42,0,111,18,-77,0,130,18,-132,0,135,18,114,0,129,18,37,0,122,18,-41,18,135,18,-99,18,152,18,-132,18,-128,18,-143,18,0,0,0,0,-18,18,-140,18,62,0,-146,18,-152,0,155,18,-69,0,124,18,-14,0,107,18,7,1,107,18,-8,0,116,18,-35,0,127,18,-66,0,150,18,-90,0,-127,18,-113,0,-79,18,-121,0,-25,18,-134,0]"
CSI_DATA,124494,d8:b1:90:d9:de:f0,-37,9,-99,-37,39,104,-1458212678,342,0,106,0,"[-49,0,-146,0,48,1,-142,0,85,1,117,0,75,1,75,0,39,1,43,0,-3,0,34,0,-50,0,41,0,-103,0,75,0,132,0,117,0,76,0,-131,0,26,0,-106,0,-4,17,-105,0,-25,17,-125,0,0,0,0,0,-88,17,110,0,-139,17,41,0,76,17,-10,17,15,17,-54,17,-33,16,-72,17,-51,16,-69,17,-38,16,-71,17,-9,16,-61,17,19,17,-49,17,56,17,-57,17,101,17,-73,17,137,17,-100,17,-122,17]"
CSI_DATA,124495,d8:b1:90:d9:de:f0,-37,9,-99,-34,38,104,-1458212457,98,0,106,0,"[-53,0,-139,17,-2,0,83,17,-11,0,30,17,-53,0,13,17,-90,0,34,17,-123,0,71,17,-131,0,120,17,-130,0,-134,17,-117,0,-65,17,-106,0,5,0,-102,0,59,0,-112,0,92,0,-139,0,114,0,0,0,0,0,74,0,139,0,8,0,-136,0,-66,17,-91,0,-127,17,-39,0,133,17,-3,0,118,17,8,1,141,17,-1,0,-144,17,-22,0,-131,17,-49,0,-124,17,-89,0,-131,17,-128,0,-148,17,128,0,143,17]"
CSI_DATA,124496,d8:b1:90:d9:de:f0,-37,9,-99,-33,38,104,-1458212353,108,0,106,0,"[117,17,-78,0,105,17,13,1,143,17,62,1,-105,17,60,1,-71,17,35,1,-55,17,-13,0,-58,17,-61,0,-85,17,-107,0,-120,17,128,0,130,17,75,0,100,17,32,0,94,17,6,0,106,17,-13,17,0,0,0,0,-123,17,-79,17,-75,17,-128,17,-32,17,90,17,-5,17,11,17,3,0,-39,16,-3,17,-58,16,-16,17,-49,16,-33,17,-13,16,-26,17,24,17,-17,17,51,17,5,0,86,17,45,0,118,17,77,0]"
CSI_DATA,124497,d8:b1:90:d9:de:f0,-36,9,-99,-34,37,104,-1458177328,228,0,106,0,"[34,0,-13,0,112,0,70,1,-146,0,81,1,-108,0,25,1,-106,0,-38,0,-124,0,-89,0,-161,0,-126,0,122,0,-141,0,49,0,-136,0,-22,20,-129,0,-78,20,-133,0,-106,20,-137,0,-110,20,-161,0,0,0,0,0,-138,20,88,0,168,20,17,0,105,20,-64,20,36,20,-113,20,-21,18,-137,20,-45,18,-130,20,-34,18,-101,20,-9,18,-73,20,25,20,-52,20,69,20,-41,20,116,20,-50,20,160,20,-84,20,-152,20]"
CSI_DATA,124498,d8:b1:90:d9:de:f0,-37,9,-99,-34,38,104,-1458177161,248,0,106,0,"[0,1,22,0,85,1,-41,17,95,1,-115,17,54,1,137,17,2,1,122,17,-49,0,129,17,-89,0,-142,17,-108,0,-96,17,-117,0,-32,17,-116,0,36,0,-120,0,82,0,-130,0,102,0,-148,0,109,0,0,0,0,0,73,0,135,0,8,0,-146,0,-59,17,-85,0,-99,17,-22,0,-116,17,28,1,-103,17,53,1,-76,17,51,1,-54,17,23,1,-26,17,-10,0,-13,17,-48,0,-28,17,-91,0,-55,17,-128,0,-80,17]"
CSI_DATA,124499,d8:b1:90:d9:de:f0,-36,9,-99,-36,38,104,-1458148596,130,0,106,0,"[12,18,20,0,-69,17,84,0,-79,17,-154,0,-35,17,-119,0,26,18,-101,0,83,18,-115,0,115,18,-146,0,132,18,125,0,132,18,51,0,128,18,-17,18,123,18,-67,18,132,18,-95,18,151,18,-98,18,0,0,0,0,-89,18,-124,18,-21,18,-158,18,46,0,103,18,94,0,28,18,108,0,-30,17,93,0,-59,17,65,0,-49,17,36,0,-21,17,12,0,20,18,6,0,57,18,18,0,101,18,50,0,140,18,78,0]"
CSI_DATA,124500,d8:b1:90:d9:de:f0,-37,9,-99,-33,38,104,-1458148175,113,0,106,0,"[-28,0,117,0,69,1,83,0,105,1,10,0,87,1,-55,17,31,1,-97,17,-17,0,-112,17,-62,0,-99,17,-93,0,-64,17,-115,0,-5,17,-125,0,51,0,-132,0,94,0,-140,0,112,0,144,0,114,0,0,0,0,0,68,0,124,0,13,0,-146,0,-50,17,-92,0,-88,17,-28,0,-88,17,31,1,-69,17,62,1,-32,17,53,1,1,0,20,1,28,0,-10,0,38,0,-49,0,21,0,-91,0,-4,17,-118,0,-32,17]"
CSI_DATA,124501,d8:b1:90:d9:de:f0,-37,11,-99,-36,39,104,-1457586624,277,0,106,0,"[-44,0,-39,16,26,1,-74,16,51,1,-124,16,38,1,132,16,-1,0,118,16,-44,0,117,16,-78,0,-139,16,-100,0,-90,16,-115,0,-15,16,-120,0,59,0,-116,0,121,0,-114,0,-133,0,-118,0,-131,0,0,0,0,0,97,0,138,0,31,0,138,0,-57,16,-122,0,-132,16,-76,0,105,16,-25,0,97,16,4,1,121,16,11,1,-133,16,-6,0,-112,16,-29,0,-94,16,-62,0,-99,16,-111,0,-123,16,126,0,140,16]"
CSI_DATA,124502,d8:b1:90:d9:de:f0,-37,9,-99,-34,38,104,-1457586179,130,0,106,0,"[-23,17,-47,0,-19,17,29,1,23,0,66,1,64,0,54,1,92,0,26,1,96,0,-14,0,85,0,-52,0,48,0,-82,0,-14,17,-102,0,-83,17,-116,0,-144,17,-124,0,129,17,-123,0,129,17,-130,0,0,0,0,0,148,17,123,0,144,17,58,0,106,17,-16,17,58,17,-87,17,5,17,-123,17,-23,16,-125,17,-30,16,-102,17,-15,16,-68,17,17,17,-46,17,51,17,-36,17,86,17,-52,17,123,17,-87,17,140,17]"
CSI_DATA,124503,d8:b1:90:d9:de:f0,-38,9,-99,-35,39,104,-1457586035,113,0,106,0,"[-118,0,-101,0,-47,0,-59,0,2,1,-73,0,18,1,-119,0,13,1,118,0,-13,0,89,0,-46,0,76,0,-93,0,80,0,137,0,112,0,88,0,-117,0,56,0,-74,0,44,0,-52,0,37,0,-62,0,0,0,0,0,19,0,-93,0,-38,16,-134,0,-116,16,-137,0,89,16,-129,0,35,16,-100,0,22,16,-76,0,46,16,-61,0,85,16,-57,0,119,16,-66,0,-137,16,-87,0,-130,16,-125,0,134,16,112,0,123,16]"
CSI_DATA,124504,d8:b1:90:d9:de:f0,-37,9,-99,-37,39,104,-1457377261,101,0,106,0,"[-9,17,-21,0,11,0,53,1,62,0,80,1,93,0,65,1,110,0,25,1,108,0,-21,0,88,0,-58,0,46,0,-92,0,-19,17,-116,0,-88,17,-140,0,-145,17,136,0,121,17,120,0,122,17,103,0,0,0,0,0,145,17,27,0,-143,17,-45,17,132,17,-129,17,107,17,88,17,81,17,43,17,64,17,31,17,63,17,51,17,70,17,84,17,97,17,113,17,124,17,129,17,-128,17,137,17,-86,17,136,17,-53,17]"
CSI_DATA,124505,d8:b1:90:d9:de:f0,-38,9,-99,-34,39,104,-1457377139,98,0,106,0,"[-20,0,55,0,54,1,47,0,88,1,10,0,76,1,-27,15,43,1,-52,15,0,1,-65,15,-36,0,-55,15,-75,0,-14,15,-108,0,40,0,134,0,100,0,111,0,-119,0,101,0,-101,0,85,0,-102,0,0,0,0,0,10,0,-121,0,-52,15,131,0,-134,15,-126,0,66,15,-102,0,23,15,-77,0,22,15,-57,0,36,15,-58,0,63,15,-68,0,97,15,-83,0,114,15,-111,0,121,15,122,0,116,15,84,0,118,15]"
CSI_DATA,124506,d8:b1:90:d9:de:f0,-37,9,-99,-37,39,104,-1457377043,130,0,106,0,"[-45,17,-27,0,-23,17,58,1,23,0,88,1,70,0,71,1,100,0,30,1,86,0,-12,0,79,0,-53,0,43,0,-87,0,-21,17,-118,0,-91,17,-139,0,-143,17,138,0,127,17,125,0,131,17,108,0,0,0,0,0,145,17,46,0,-143,17,-34,17,117,17,-114,17,84,17,117,17,47,17,73,17,26,17,72,17,25,17,92,17,39,17,127,17,66,17,-144,17,91,17,-124,17,127,17,-124,17,-121,17,-142,17,-91,17]"
CSI_DATA,124507,d8:b1:90:d9:de:f0,-40,11,-99,-35,41,104,-1457309187,100,0,228,0,"[-1,12,-1,14,-2,17,-4,19,-6,22,-7,23,-9,23,94,38,-11,21,-12,19,-12,18,-12,17,-11,15,-11,14,-9,13,-8,12,-6,12,-3,12,-1,12,0,12,2,12,-29,-25,6,12,6,12,7,12,7,12,8,12,8,10,0,0,8,8,7,6,9,4,10,2,11,0,12,-1,-69,0,17,-5,19,-6,20,-7,21,-7,22,-7,21,-6,21,-5,20,-5,19,-4,19,-3,17,-3,17,-2,15,-2,-42,0,13,-4,12,-4,12,-5,10,-6,10,-6,8,-6,8,-6,-10,0,-8,8,0,13,8,11,14,2,10,-7,1,-12,-18,15,-9,1,-4,8,5,8,11,0,9,-10,-1,-14,-13,-11,-19,2,-13,18,1,25,19,18,28,0,19,-20,5,-14,-19,-19,-25,-1,-17,14,-1,20,12,13,16,0,0,0,-3,-12,-11,-4,-10,6,0,12,9,10,14,0,25,-15,-2,-15,-11,-8,-12,2,-6,10,3,9,7,1,5,-5,-1,-6,-6,0,-6,6,1,10,10,7,15,-2,25,-18,-1,-19,-17,-14,-24,0,-19,15,-3,23,11,19,19,6]"
CSI_DATA,124508,d8:b1:90:d9:de:f0,-37,9,-99,-36,39,104,-1457168380,224,0,106,0,"[-105,0,132,16,-54,0,58,16,-51,0,7,16,-81,0,-10,15,-115,0,0,16,139,0,32,16,132,0,72,16,133,0,135,16,-138,0,-70,16,-107,0,10,0,-87,0,63,0,-84,0,92,0,-98,0,94,0,0,0,0,0,85,0,102,0,7,0,120,0,-88,16,-131,0,118,16,-77,0,68,16,-28,0,53,16,-7,0,75,16,-8,0,103,16,-32,0,123,16,-62,0,133,16,-92,0,134,16,139,0,123,16,86,0,113,16]"
CSI_DATA,124509,d8:b1:90:d9:de:f0,-37,11,-99,-33,38,104,-1456751026,277,0,106,0,"[85,17,-118,17,-6,16,-130,17,-63,16,-88,17,-76,16,-31,17,-47,16,23,0,-5,16,58,0,34,17,64,0,77,17,39,0,122,17,-10,17,-147,17,-88,17,-139,17,-144,17,-146,17,129,17,-147,17,135,17,0,0,0,0,-87,17,-133,17,-17,17,-131,17,68,0,108,17,124,0,38,17,132,0,-30,16,99,0,-69,16,58,0,-61,16,9,0,-33,16,-13,17,17,17,-15,17,61,17,9,0,91,17,47,0,106,17,64,0]"
CSI_DATA,124510,d8:b1:90:d9:de:f0,-38,9,-99,-34,39,104,-1456750554,108,0,106,0,"[11,0,-43,0,40,0,41,1,86,0,72,1,123,0,61,1,-127,0,26,1,-128,0,-16,0,122,0,-62,0,73,0,-99,0,1,0,-134,0,-79,15,118,0,120,15,119,0,87,15,123,0,91,15,114,0,0,0,0,0,-118,15,43,0,-103,15,-32,15,-113,15,-132,15,127,15,47,15,82,15,-14,14,52,15,-15,14,43,15,15,15,56,15,62,15,83,15,99,15,123,15,117,15,-90,15,124,15,-36,15,112,15,-5,15]"
CSI_DATA,124511,d8:b1:90:d9:de:f0,-39,9,-99,-33,40,104,-1456541637,130,0,106,0,"[98,13,86,13,29,13,57,13,-19,12,74,13,-37,12,-116,13,-22,12,-74,13,0,12,-45,13,32,13,-35,13,69,13,-44,13,109,13,-75,13,-89,13,116,13,-67,13,77,13,-63,13,57,13,-62,13,61,13,0,0,0,0,-35,13,101,13,8,0,-110,13,78,0,-108,13,-86,0,104,13,-37,0,73,13,-29,0,42,13,-55,0,20,13,-89,0,13,13,111,0,19,13,93,0,43,13,84,0,69,13,96,0,98,13,106,0]"
CSI_DATA,124512,d8:b1:90:d9:de:f0,-38,11,-99,-36,40,104,-1456333227,277,0,106,0,"[-53,15,-29,0,-41,15,48,1,-12,15,85,1,22,0,73,1,36,0,34,1,44,0,-3,0,27,0,-39,0,-2,15,-72,0,-53,15,-106,0,-109,15,117,0,107,15,90,0,87,15,73,0,93,15,60,0,0,0,0,0,-109,15,-9,15,-78,15,-74,15,-65,15,106,15,-56,15,31,15,-75,15,-14,14,-88,15,-34,14,-92,15,-12,14,-89,15,9,15,-79,15,41,15,-60,15,58,15,-24,15,66,15,1,0,73,15,15,0]"
CSI_DATA,124513,d8:b1:90:d9:de:f0,-38,9,-99,-34,39,104,-1456332737,252,0,106,0,"[44,15,76,0,-19,14,133,0,-25,14,-72,0,10,15,-45,0,54,15,-44,0,95,15,-61,0,117,15,-95,0,123,15,127,0,110,15,65,0,92,15,2,0,76,15,-33,15,67,15,-54,15,84,15,-58,15,0,0,0,0,-108,15,-76,15,-44,15,-111,15,4,0,98,15,37,0,27,15,44,0,-25,14,34,0,-46,14,13,0,-34,14,-3,15,-7,14,-9,15,28,15,-1,15,57,15,20,0,74,15,50,0,90,15,61,0]"
CSI_DATA,124514,d8:b1:90:d9:de:f0,-35,11,-99,-34,36,104,-1456309163,100,0,114,0,"[-22,-32,-22,-38,-20,-41,-17,-44,-16,-44,-13,-44,-10,-44,-8,-41,-7,-40,-5,-38,-5,-38,-4,-37,-4,-37,-4,-38,-4,-41,-5,-41,-4,-43,-5,-44,-4,-46,-4,-46,-4,-47,-4,-49,-2,-47,-2,-47,-1,-46,0,-44,0,-44,0,-44,0,0,0,-44,1,-44,2,-46,2,-46,2,-46,4,-46,4,-46,4,-46,4,-46,5,-43,5,-43,5,-41,5,-38,5,-37,4,-35,7,-37,5,-35,7,-35,7,-37,10,-37,10,-37,11,-41,13,-40,14,-41,17,-40,19,-38,20,-35,20,-29]"
CSI_DATA,124515,d8:b1:90:d9:de:f0,-37,11,-99,-36,39,104,-1455706528,277,0,106,0,"[42,16,90,0,-28,15,140,0,-39,15,-93,0,-7,15,-65,0,38,16,-67,0,84,16,-94,0,102,16,-136,0,121,16,95,0,123,16,19,0,118,16,-56,16,117,16,-114,16,121,16,-139,16,141,16,-143,16,0,0,0,0,-61,16,141,16,6,0,126,16,80,0,83,16,136,0,43,16,-115,0,16,16,-111,0,2,16,-124,0,22,16,132,0,49,16,125,0,83,16,129,0,122,16,-142,0,-129,16,-122,0,-89,16,-107,0]"
CSI_DATA,124516,d8:b1:90:d9:de:f0,-39,9,-99,-36,40,104,-1455706066,130,0,106,0,"[-88,0,-86,0,-13,0,-56,0,34,1,-74,0,41,1,-119,0,22,1,90,0,-12,0,65,0,-53,0,57,0,-104,0,67,0,96,0,102,0,53,0,-114,0,21,0,-74,0,8,0,-59,0,-5,15,-73,0,0,0,0,0,-52,15,-126,0,-106,15,106,0,86,15,99,0,24,15,101,0,-18,14,114,0,-15,14,126,0,13,15,123,0,43,15,115,0,78,15,102,0,86,15,79,0,94,15,48,0,85,15,12,0,86,15]"
CSI_DATA,124517,d8:b1:90:d9:de:f0,-39,9,-99,-35,40,104,-1455705895,113,0,106,0,"[18,14,-38,14,-63,13,-3,14,-86,13,52,0,-65,13,107,0,-17,13,-122,0,35,14,-108,0,80,14,114,0,108,14,70,0,122,14,3,0,117,14,-57,14,113,14,-102,14,108,14,-113,14,120,14,-111,14,0,0,0,0,-55,14,-112,14,-4,14,120,14,47,0,66,14,77,0,11,14,77,0,-31,13,65,0,-40,13,39,0,-23,13,25,0,8,14,16,0,37,14,22,0,70,14,46,0,95,14,68,0,103,14,81,0]"
CSI_DATA,124518,d8:b1:90:d9:de:f0,-41,11,-99,-34,42,104,-1455308863,100,0,228,0,"[9,2,12,3,16,5,17,7,19,9,20,11,20,13,81,33,17,14,14,14,14,14,11,13,11,12,10,11,9,10,8,8,8,6,8,4,8,2,8,0,9,-2,-25,-22,10,-5,10,-5,10,-6,9,-6,8,-7,7,-6,0,0,5,-6,2,-7,0,-8,0,-9,-2,-10,-4,-11,-57,11,-7,-14,-8,-17,-8,-17,-8,-17,-8,-17,-8,-17,-6,-17,-6,-16,-5,-14,-5,-14,-5,-12,-5,-11,-5,-10,-68,11,-6,-8,-8,-7,-8,-7,-8,-7,-9,-6,-8,-5,-7,-5,-2,8,4,9,10,4,11,-4,5,-11,-3,-10,-8,-2,11,18,0,7,6,2,7,-4,1,-9,-8,-7,-14,0,-11,11,0,18,15,14,23,0,17,-17,2,-24,-15,-19,-14,-7,-18,12,-3,20,10,14,15,2,10,-8,0,-11,0,0,-8,2,-2,8,6,6,10,-1,6,-9,-2,-11,-17,-20,-11,3,-5,10,3,9,8,2,5,-3,0,-5,-5,-1,-4,4,1,6,7,3,8,-3,4,-11,-5,-12,-21,-15,-17,6,-8,17,5,19,17,11,19,-2,11,-13,0,-15]"
CSI_DATA,124519,d8:b1:90:d9:de:f0,-37,11,-99,-37,39,104,-1455288730,277,0,106,0,"[-10,17,-12,0,43,0,75,1,115,0,91,1,-133,0,48,1,-112,0,-6,0,-122,0,-68,0,142,0,-106,0,92,0,-124,0,27,0,-132,0,-43,17,-125,0,-90,17,-112,0,-102,17,-108,0,-97,17,-130,0,0,0,0,0,-118,17,86,0,-146,17,21,0,80,17,-32,17,11,17,-63,17,-36,16,-64,17,-45,16,-43,17,-21,16,-18,17,18,17,9,0,60,17,5,0,78,17,-8,17,92,17,-34,17,103,17,-60,17,107,17]"
CSI_DATA,124520,d8:b1:90:d9:de:f0,-38,9,-99,-34,39,104,-1455288240,479,0,106,0,"[-99,15,-30,0,-102,15,54,1,-74,15,92,1,-39,15,78,1,-14,15,40,1,-4,15,-7,0,-15,15,-51,0,-52,15,-109,0,-100,15,106,0,122,15,58,0,87,15,18,0,79,15,-4,15,97,15,-16,15,0,0,0,0,-102,15,-80,15,-46,15,-132,15,1,0,66,15,30,0,4,15,41,0,-42,14,40,0,-40,14,41,0,-12,14,41,0,15,15,44,0,52,15,67,0,84,15,99,0,112,15,121,0,133,15,132,0]"
CSI_DATA,124521,d8:b1:90:d9:de:f0,-37,9,-99,-36,39,104,-1455287971,499,0,106,0,"[-5,16,22,16,-39,16,-58,15,-89,16,-81,15,-124,16,-57,15,-133,16,-11,15,-116,16,37,16,-84,16,79,16,-29,16,104,16,48,0,127,16,118,0,141,16,-121,0,-130,16,-100,0,-118,16,-111,0,-93,16,0,0,0,0,138,0,-12,16,126,0,70,0,142,0,-132,0,-125,0,-58,0,-109,0,-19,0,-103,0,-12,0,-108,0,-33,0,-126,0,-60,0,126,0,-87,0,93,0,-103,0,47,0,-98,0,6,0,-92,0,-10,16]"
CSI_DATA,124522,d8:b1:90:d9:de:f0,-38,9,-99,-36,40,104,-1455287707,120,0,106,0,"[-101,15,39,15,94,15,-12,14,40,15,-11,14,20,15,33,15,26,15,79,15,59,15,105,15,94,15,-127,15,-104,15,127,15,-37,15,115,15,24,0,93,15,62,0,79,15,78,0,76,15,82,0,94,15,0,0,0,0,102,0,-81,15,-125,0,-18,15,-70,0,31,0,-12,0,67,0,26,1,77,0,35,1,72,0,16,1,60,0,-15,0,52,0,-52,0,48,0,-80,0,55,0,-107,0,83,0,-123,0,118,0,127,0]"
CSI_DATA,124523,d8:b1:90:d9:de:f0,-38,9,-99,-36,39,104,-1455287585,101,0,106,0,"[24,16,-22,16,-61,15,10,0,-94,15,63,0,-63,15,117,0,-8,15,126,0,40,16,121,0,76,16,88,0,108,16,40,0,126,16,-33,16,127,16,-106,16,133,16,136,16,136,16,123,16,-126,16,131,16,0,0,0,0,-44,16,-136,16,33,0,-143,16,111,0,103,16,-116,0,61,16,-95,0,28,16,-95,0,12,16,-118,0,29,16,140,0,56,16,124,0,87,16,127,0,121,16,-142,0,-131,16,-118,0,-100,16,-109,0]"
CSI_DATA,124524,d8:b1:90:d9:de:f0,-38,9,-99,-34,39,104,-1455287480,108,0,106,0,"[-26,0,-87,15,28,1,114,15,24,1,54,15,-19,0,22,15,-74,0,27,15,-119,0,50,15,128,0,90,15,126,0,-122,15,-133,0,-56,15,-109,0,5,0,-90,0,43,0,-88,0,56,0,-105,0,58,0,0,0,0,0,85,0,97,0,38,0,-135,0,-10,15,-67,0,-28,15,-4,0,-24,15,39,1,-10,15,49,1,3,0,22,1,12,0,-11,0,9,0,-43,0,-6,15,-72,0,-31,15,-85,0,-59,15,-93,0,-64,15]"
CSI_DATA,124525,d8:b1:90:d9:de:f0,-39,9,-99,-35,40,104,-1455287380,113,0,106,0,"[-106,0,54,14,-99,0,-23,13,105,0,-66,13,62,0,-67,13,24,0,-36,13,0,0,5,14,4,0,46,14,27,0,85,14,73,0,-115,14,122,0,-83,14,-94,0,-68,14,-84,0,-57,14,-95,0,-46,14,0,0,0,0,112,0,21,0,103,0,77,0,108,0,-99,0,-116,0,-44,0,-91,0,-17,0,-74,0,-11,0,-68,0,-39,0,-87,0,-68,0,-111,0,-96,0,115,0,-102,0,87,0,-98,0,65,0,-91,0,58,0]"
CSI_DATA,124526,d8:b1:90:d9:de:f0,-37,11,-99,-37,39,104,-1454870931,277,0,106,0,"[60,17,25,0,-23,16,72,0,-45,16,143,0,-16,16,-91,0,43,17,-66,0,97,17,-64,0,131,17,-86,0,-147,17,-127,0,135,17,106,0,97,17,58,0,58,17,28,0,41,17,26,0,62,17,34,0,0,0,0,0,132,17,27,0,-124,17,-33,17,-115,17,-117,17,-136,17,90,17,109,17,34,17,63,17,31,17,38,17,71,17,35,17,116,17,39,17,-138,17,56,17,-120,17,86,17,-117,17,102,17,-133,17,108,17]"
CSI_DATA,124527,d8:b1:90:d9:de:f0,-38,9,-99,-35,39,104,-1454870468,130,0,106,0,"[-71,0,-99,16,-2,0,109,16,3,1,43,16,-40,0,11,16,-86,0,7,16,-125,0,33,16,127,0,69,16,125,0,122,16,-136,0,-80,16,-103,0,-11,16,-70,0,27,0,-47,0,42,0,-59,0,39,0,0,0,0,0,134,0,42,0,61,0,76,0,-7,16,-131,0,-50,16,-44,0,-64,16,30,1,-51,16,62,1,-20,16,55,1,4,0,27,1,10,0,-5,0,13,0,-33,0,-14,16,-58,0,-54,16,-74,0,-70,16]"
CSI_DATA,124528,d8:b1:90:d9:de:f0,-38,9,-99,-35,40,104,-1454661559,98,0,106,0,"[-56,0,101,0,20,0,109,0,63,0,82,0,50,0,46,0,34,0,16,0,-6,0,5,0,-47,0,6,0,-91,0,37,0,103,0,87,0,68,0,-108,0,39,0,-67,0,33,0,-51,0,24,0,-66,0,0,0,0,0,-24,14,-121,0,-85,14,79,0,84,14,55,0,10,14,46,0,-44,13,58,0,-53,13,76,0,-35,13,84,0,0,13,76,0,33,14,66,0,54,14,42,0,63,14,6,0,64,14,-28,14,68,14]"
CSI_DATA,124529,d8:b1:90:d9:de:f0,-37,9,-99,-35,38,104,-1454615975,130,0,106,0,"[-112,0,150,18,-58,0,90,18,-61,0,41,18,-94,0,28,18,-123,0,28,18,-150,0,58,18,154,0,88,18,-143,0,119,18,-111,0,-127,18,-83,0,-75,18,-58,0,-35,18,-50,0,-12,18,-73,0,1,0,0,0,0,0,-138,0,44,0,112,0,99,0,72,0,-134,0,47,0,-47,0,47,0,17,1,57,0,50,1,78,0,45,1,78,0,18,1,81,0,-17,0,75,0,-36,0,51,0,-45,0,22,0,-63,0,11,0]"
CSI_DATA,124530,d8:b1:90:d9:de:f0,-35,11,-99,-37,37,104,-1454308900,100,0,114,0,"[-7,-37,-5,-40,-5,-45,-2,-46,-1,-47,-1,-46,1,-45,0,-43,0,-39,0,-39,0,-37,-1,-36,-1,-39,-2,-39,-2,-39,-4,-40,-5,-42,-7,-43,-7,-45,-8,-43,-10,-46,-11,-46,-11,-46,-13,-46,-11,-43,-13,-42,-13,-40,-13,-39,0,0,-14,-40,-15,-39,-14,-40,-17,-42,-20,-42,-20,-42,-20,-42,-20,-42,-20,-39,-21,-37,-21,-36,-21,-33,-21,-31,-21,-30,-21,-29,-21,-27,-21,-26,-23,-26,-23,-26,-24,-27,-26,-27,-26,-27,-27,-27,-29,-30,-29,-31,-26,-31,-24,-31,-21,-29]"
CSI_DATA,124531,d8:b1:90:d9:de:f0,-38,9,-99,-35,39,104,-1454243742,161,0,106,0,"[61,16,-61,16,-31,15,-54,16,-75,15,-8,16,-74,15,46,0,-39,15,89,0,10,16,116,0,55,16,103,0,91,16,64,0,116,16,-6,16,112,16,-76,16,95,16,-135,16,76,16,135,16,70,16,-126,16,0,0,0,0,-135,16,-86,16,-64,16,-92,16,16,0,126,16,65,0,49,16,71,0,-29,15,37,0,-64,15,3,0,-57,15,-39,16,-21,15,-58,16,17,16,-50,16,54,16,-20,16,83,16,15,0,87,16,37,0]"
CSI_DATA,124532,d8:b1:90:d9:de:f0,-37,9,-99,-37,39,104,-1454243600,181,0,106,0,"[60,17,38,0,-13,16,73,0,-38,16,129,0,-16,16,-109,0,26,17,-83,0,70,17,-94,0,108,17,-115,0,117,17,145,0,109,17,75,0,83,17,9,0,51,17,-33,17,32,17,-38,17,34,17,-28,17,0,0,0,0,109,17,-18,17,-125,17,-61,17,-92,17,-145,17,-86,17,60,17,-109,17,2,17,-147,17,-26,16,109,17,-9,16,94,17,34,17,103,17,81,17,128,17,118,17,-136,17,122,17,-94,17,108,17,-86,17]"
CSI_DATA,124533,d8:b1:90:d9:de:f0,-38,9,-99,-35,39,104,-1454243431,130,0,106,0,"[-122,0,106,16,-74,0,37,16,-68,0,-14,15,-95,0,-25,15,-128,0,-17,15,123,0,17,16,113,0,62,16,116,0,118,16,-134,0,-75,16,-98,0,5,0,-59,0,58,0,-39,0,83,0,-50,0,83,0,0,0,0,0,-139,0,77,0,55,0,100,0,-34,16,-130,0,-106,16,-65,0,126,16,0,1,118,16,28,1,138,16,30,1,-115,16,1,1,-101,16,-31,0,-97,16,-69,0,-118,16,-117,0,128,16,116,0,101,16]"
CSI_DATA,124534,d8:b1:90:d9:de:f0,-37,11,-99,-37,39,104,-1454035333,277,0,106,0,"[-16,17,-40,0,11,0,58,1,66,0,85,1,107,0,68,1,123,0,34,1,132,0,-5,0,114,0,-54,0,64,0,-79,0,1,0,-105,0,-62,17,-116,0,-120,17,-131,0,-139,17,-137,0,-136,17,125,0,0,0,0,0,-107,17,41,0,-105,17,-35,17,-118,17,-135,17,144,17,73,17,97,17,16,17,72,17,18,17,66,17,33,17,69,17,70,17,79,17,94,17,110,17,117,17,-146,17,128,17,-109,17,125,17,-76,17]"
CSI_DATA,124535,d8:b1:90:d9:de:f0,-37,9,-99,-35,38,104,-1454034852,124,0,106,0,"[34,0,-47,0,92,0,39,1,-146,0,57,1,-100,0,22,1,-85,0,-26,0,-94,0,-77,0,-124,0,-113,0,138,0,-125,0,69,0,-122,0,4,0,-101,0,-46,18,-83,0,-66,18,-78,0,-64,18,-107,0,0,0,0,0,-66,18,129,0,-106,18,47,0,122,18,-15,18,39,18,-59,18,-33,17,-72,18,-59,17,-47,18,-48,17,-15,18,-15,17,15,0,20,18,39,0,51,18,29,0,91,18,9,0,111,18,-29,18,124,18]"
CSI_DATA,124536,d8:b1:90:d9:de:f0,-37,9,-99,-36,39,104,-1454034703,108,0,106,0,"[115,16,112,16,17,16,83,16,-42,15,111,16,-57,15,-121,16,-40,15,-69,16,-3,15,-34,16,31,16,-24,16,77,16,-43,16,127,16,-85,16,-130,16,-140,16,-107,16,103,16,-100,16,95,16,-92,16,112,16,0,0,0,0,-33,16,-130,16,42,0,-100,16,134,0,-112,16,-70,0,-138,16,-22,0,97,16,-24,0,54,16,-53,0,44,16,-100,0,47,16,-136,0,58,16,135,0,85,16,125,0,117,16,135,0,-131,16,-141,0]"
CSI_DATA,124537,d8:b1:90:d9:de:f0,-36,9,-99,-37,38,104,-1453994926,98,0,106,0,"[-77,0,-132,19,1,1,120,19,9,1,50,19,-37,0,24,19,-86,0,20,19,-126,0,54,19,-152,0,102,19,-158,0,-165,19,-149,0,-75,19,-128,0,3,0,-111,0,68,0,-110,0,94,0,-139,0,98,0,0,0,0,0,85,0,111,0,-11,19,138,0,-106,19,-141,0,149,19,-76,0,104,19,-12,0,104,19,12,1,129,19,-1,0,163,19,-27,0,-145,19,-63,0,-138,19,-102,0,-145,19,-155,0,156,19,120,0,142,19]"
CSI_DATA,124538,d8:b1:90:d9:de:f0,-38,9,-99,-35,40,104,-1453825952,130,0,106,0,"[-23,0,37,0,60,0,2,0,88,0,-53,14,61,0,-102,14,21,0,-117,14,-25,0,-117,14,-64,0,-91,14,-86,0,-47,14,-104,0,7,0,-120,0,72,0,117,0,113,0,106,0,-118,0,89,0,-117,0,0,0,0,0,19,0,116,0,-42,14,111,0,-118,14,-117,0,69,14,-87,0,38,14,-59,0,30,14,-38,0,45,14,-35,0,74,14,-43,0,100,14,-68,0,117,14,-97,0,116,14,115,0,110,14,79,0,106,14]"
CSI_DATA,124539,d8:b1:90:d9:de:f0,-37,11,-99,-36,39,104,-1453617534,277,0,106,0,"[90,16,124,0,44,16,-61,0,68,16,15,1,126,16,48,1,-103,16,35,1,-56,16,3,1,-35,16,-42,0,-54,16,-87,0,-99,16,-134,0,140,16,114,0,106,16,96,0,99,16,90,0,121,16,79,0,0,0,0,0,-95,16,6,0,-71,16,-69,16,-78,16,126,16,-105,16,44,16,135,16,-1,15,98,16,-4,15,83,16,23,16,80,16,61,16,89,16,97,16,109,16,120,16,140,16,123,16,-122,16,121,16,-107,16]"
CSI_DATA,124540,d8:b1:90:d9:de:f0,-38,9,-99,-34,39,104,-1453617071,224,0,106,0,"[-124,0,102,15,-103,0,0,15,-126,0,-63,14,96,0,-72,14,59,0,-43,14,38,0,-4,14,40,0,48,15,60,0,108,15,105,0,-104,15,-111,0,-45,15,-77,0,-16,15,-69,0,-3,15,-92,0,-4,15,0,0,0,0,74,0,36,0,2,0,80,0,-70,15,-116,0,-113,15,-41,0,-129,15,18,1,-126,15,38,1,-100,15,24,1,-80,15,0,1,-74,15,-34,0,-76,15,-67,0,-94,15,-106,0,-121,15,133,0,-133,15]"
CSI_DATA,124541,d8:b1:90:d9:de:f0,-39,9,-99,-36,40,104,-1453408153,101,0,106,0,"[40,0,-78,0,72,0,-4,0,124,0,23,1,-96,0,4,1,-69,0,-25,0,-75,0,-67,0,-91,0,-96,0,125,0,-108,0,65,0,-100,0,6,0,-79,0,-34,15,-57,0,-44,15,-43,0,-36,15,-55,0,0,0,0,0,-27,15,-119,0,-59,15,64,0,-123,15,9,0,56,15,-29,15,-13,14,-36,15,-45,14,-16,15,-46,14,12,0,-22,14,41,0,5,15,54,0,29,15,58,0,52,15,40,0,67,15,12,0,75,15]"
CSI_DATA,124542,d8:b1:90:d9:de:f0,-37,9,-99,-38,39,104,-1453376050,130,0,106,0,"[82,0,-89,0,135,0,-17,0,-104,0,0,1,-67,0,-30,0,-45,0,-78,0,-53,0,-128,0,-70,0,147,0,-116,0,139,0,124,0,-144,0,76,0,-105,0,43,0,-61,0,33,0,-40,0,47,0,-65,0,0,0,0,0,42,0,-121,0,-26,17,123,0,-118,17,111,0,92,17,122,0,29,17,-140,0,19,17,-96,0,46,17,-62,0,97,17,-62,0,128,17,-70,0,-152,17,-77,0,149,17,-111,0,136,17,-136,0,131,17]"
CSI_DATA,124543,d8:b1:90:d9:de:f0,-38,9,-99,-35,39,104,-1453375798,113,0,106,0,"[-71,0,4,0,15,1,4,0,62,1,-25,16,61,1,-57,16,40,1,-73,16,-1,0,-82,16,-38,0,-61,16,-74,0,-19,16,-110,0,55,0,-139,0,129,0,125,0,-86,0,119,0,-54,0,112,0,-61,0,0,0,0,0,52,0,-135,0,-16,16,106,0,-112,16,74,0,62,16,77,0,-11,15,91,0,-42,15,109,0,-35,15,130,0,-5,15,131,0,26,16,118,0,57,16,90,0,69,16,41,0,71,16,-3,16,67,16]"
CSI_DATA,124544,d8:b1:90:d9:de:f0,-40,11,-99,-35,42,104,-1453309150,100,0,228,0,"[8,-5,10,-7,11,-10,13,-11,15,-12,16,-12,17,-12,84,34,18,-10,18,-9,18,-8,16,-6,16,-7,15,-6,14,-6,12,-6,10,-7,9,-7,7,-8,4,-10,3,-10,-26,-23,0,-13,0,-14,0,-15,-1,-15,-1,-14,-1,-13,0,0,-2,-10,-3,-10,-4,-8,-5,-6,-7,-4,-10,-3,84,11,-14,0,-16,0,-18,0,-20,0,-20,0,-21,0,-20,-1,-20,-2,-19,-2,-17,-2,-16,-2,-16,-3,-15,-2,27,11,-13,0,-12,0,-12,2,-11,3,-12,3,-11,3,-10,3,8,5,12,-1,7,-10,0,-14,-10,-10,-14,0,-9,9,19,0,7,6,8,-3,1,-8,-6,-6,-10,0,-6,10,4,13,14,6,17,-6,8,-19,-8,-22,-22,-10,-24,7,-10,10,6,23,20,11,20,-4,10,-16,-4,-16,-13,-6,0,0,-1,11,7,7,11,-2,5,-11,-5,-13,-13,-4,-26,6,-4,15,7,13,13,3,10,-6,2,-10,-4,-6,-6,0,-1,4,4,3,5,-3,0,-8,-6,-8,-13,0,-27,9,-3,19,11,18,22,6,21,-9,10,-20,-5,-20,-15,-11]"
CSI_DATA,124545,d8:b1:90:d9:de:f0,-37,11,-99,-34,38,104,-1452990835,277,0,106,0,"[82,0,86,17,87,0,-15,16,32,0,-74,16,-20,17,-82,16,-64,17,-46,16,-95,17,5,17,-84,17,48,17,-51,17,85,17,27,0,110,17,97,0,116,17,-148,0,115,17,-131,0,106,17,-147,0,110,17,0,0,0,0,115,0,-122,17,114,0,-38,17,-141,0,49,0,-74,0,118,0,-13,0,-152,0,32,1,140,0,39,1,103,0,14,1,71,0,-17,0,43,0,-59,0,52,0,-92,0,74,0,-108,0,109,0,-105,0]"
CSI_DATA,124546,d8:b1:90:d9:de:f0,-38,9,-99,-35,39,104,-1452990346,130,0,106,0,"[-63,0,17,0,29,1,-17,16,65,1,-91,16,38,1,123,16,-14,0,91,16,-66,0,78,16,-110,0,102,16,-133,0,-135,16,-122,0,-73,16,-93,0,-14,16,-62,0,18,0,-39,0,18,0,-47,0,1,0,0,0,0,0,-130,0,10,0,101,0,52,0,71,0,138,0,76,0,-55,0,124,0,2,1,-115,0,11,1,-90,0,-19,0,-75,0,-64,0,-83,0,-105,0,-107,0,-126,0,138,0,-126,0,117,0,-111,0,112,0]"
CSI_DATA,124547,d8:b1:90:d9:de:f0,-38,9,-99,-36,40,104,-1452990202,98,0,106,0,"[-53,15,62,15,-101,15,-16,14,101,15,-33,14,68,15,-17,14,64,15,20,15,75,15,63,15,108,15,90,15,-91,15,107,15,-18,15,111,15,66,0,100,15,120,0,85,15,-112,0,79,15,-122,0,82,15,0,0,0,0,98,0,-93,15,91,0,-16,15,110,0,82,0,-109,0,-92,0,-65,0,-42,0,-34,0,-31,0,-28,0,-49,0,-42,0,-81,0,-74,0,-107,0,-108,0,-116,0,93,0,-106,0,52,0,-84,0,28,0]"
CSI_DATA,124548,d8:b1:90:d9:de:f0,-37,9,-99,-37,39,104,-1452953465,113,0,106,0,"[-105,0,101,0,-10,0,129,0,56,1,108,0,71,1,61,0,56,1,18,0,11,1,-9,17,-31,0,-4,17,-75,0,23,0,-131,0,83,0,131,0,-133,0,109,0,-66,0,112,0,-43,0,114,0,-68,0,0,0,0,0,88,0,-122,0,8,0,123,0,-99,17,122,0,101,17,129,0,35,17,-132,0,15,17,-97,0,30,17,-76,0,68,17,-80,0,101,17,-94,0,109,17,-127,0,113,17,124,0,93,17,81,0,71,17]"
CSI_DATA,124549,d8:b1:90:d9:de:f0,-38,11,-99,-35,39,104,-1452573037,277,0,106,0,"[-100,16,79,16,119,16,10,16,66,16,0,16,37,16,25,16,39,16,57,16,63,16,82,16,93,16,106,16,-136,16,106,16,-68,16,109,16,-1,16,98,16,58,0,92,16,83,0,103,16,82,0,131,16,0,0,0,0,71,0,-65,16,77,0,23,0,113,0,121,0,-130,0,-76,0,-92,0,-22,0,-73,0,-6,0,-66,0,-16,0,-65,0,-47,0,-80,0,-67,0,-103,0,-80,0,-135,0,-89,0,107,0,-90,0,80,0]"
CSI_DATA,124550,d8:b1:90:d9:de:f0,-38,9,-99,-36,40,104,-1452572538,108,0,106,0,"[-86,0,122,0,7,1,-120,0,64,1,104,0,64,1,57,0,43,1,19,0,6,1,-6,15,-34,0,-9,15,-77,0,13,0,-123,0,61,0,104,0,110,0,81,0,-105,0,76,0,-89,0,71,0,-111,0,0,0,0,0,14,0,81,0,-59,15,41,0,115,15,19,0,29,15,22,0,-37,14,49,0,-56,14,76,0,-34,14,100,0,-4,14,109,0,28,15,113,0,48,15,99,0,69,15,77,0,78,15,47,0,91,15]"
CSI_DATA,124551,d8:b1:90:d9:de:f0,-38,9,-99,-37,40,104,-1452572402,130,0,106,0,"[-98,15,80,15,98,15,24,15,40,15,17,15,10,15,50,15,6,15,97,15,30,15,122,15,57,15,-119,15,101,15,-121,15,-102,15,121,15,-47,15,90,15,-6,15,69,15,11,0,66,15,9,0,89,15,0,0,0,0,26,0,-103,15,78,0,-33,15,-109,0,12,0,-33,0,47,0,25,1,55,0,57,1,37,0,52,1,18,0,27,1,-5,15,5,1,-19,15,-21,0,-18,15,-47,0,-3,15,-63,0,26,0,-83,0]"
CSI_DATA,124552,d8:b1:90:d9:de:f0,-36,11,-99,-35,38,104,-1452308804,100,0,114,0,"[-4,-31,-2,-34,-2,-39,-1,-39,0,-39,0,-37,1,-35,1,-35,0,-33,0,-33,-1,-31,-1,-31,-3,-30,-3,-31,-3,-33,-6,-34,-7,-35,-7,-35,-8,-36,-11,-35,-11,-37,-12,-36,-13,-36,-13,-37,-13,-34,-14,-33,-15,-33,-15,-31,0,0,-18,-31,-17,-30,-18,-30,-20,-29,-20,-29,-20,-29,-23,-29,-23,-30,-24,-29,-24,-26,-24,-24,-24,-24,-24,-22,-24,-20,-23,-19,-24,-18,-24,-15,-24,-15,-25,-15,-26,-15,-28,-18,-29,-18,-31,-17,-30,-18,-31,-19,-31,-19,-28,-19,-24,-19]"
CSI_DATA,124553,d8:b1:90:d9:de:f0,-37,11,-99,-33,38,104,-1451946338,277,0,106,0,"[70,17,65,0,-20,16,100,0,-57,16,144,0,-45,16,-118,0,0,17,-115,0,34,17,-120,0,58,17,146,0,83,17,98,0,99,17,23,0,103,17,-70,17,108,17,-130,17,108,17,130,17,125,17,135,17,0,0,0,0,-102,17,-137,17,-31,17,-121,17,77,0,-135,17,-129,0,136,17,-65,0,100,17,-31,0,77,17,-47,0,65,17,-68,0,71,17,-84,0,85,17,-105,0,107,17,-102,0,-144,17,-87,0,-106,17,-92,0]"
CSI_DATA,124554,d8:b1:90:d9:de:f0,-38,9,-99,-35,39,104,-1451945839,120,0,106,0,"[64,0,69,16,76,0,-8,15,47,0,-59,15,13,0,-67,15,-19,16,-50,15,-38,16,-14,15,-34,16,28,16,-7,16,59,16,47,0,97,16,114,0,127,16,-113,0,-134,16,-89,0,-130,16,-91,0,-118,16,0,0,0,0,134,0,-75,16,118,0,-8,16,122,0,76,0,-139,0,-119,0,-105,0,-61,0,-76,0,-35,0,-53,0,-51,0,-50,0,-78,0,-63,0,-104,0,-79,0,-125,0,-107,0,-123,0,133,0,-117,0,114,0]"
CSI_DATA,124555,d8:b1:90:d9:de:f0,-39,9,-99,-35,40,104,-1451945690,120,0,106,0,"[4,0,-53,0,25,0,32,0,79,0,67,0,119,0,48,0,-100,0,14,0,-96,0,-34,0,-111,0,-68,0,97,0,-93,0,29,0,-98,0,-35,14,-91,0,-85,14,-74,0,-104,14,-59,0,-93,14,-65,0,0,0,0,0,-61,14,-118,0,-76,14,52,0,-121,14,-17,14,66,14,-74,14,3,14,-100,14,-34,13,-89,14,-40,13,-60,14,-26,13,-28,14,0,14,-13,14,29,14,-1,14,57,14,-22,14,75,14,-50,14,85,14]"
CSI_DATA,124556,d8:b1:90:d9:de:f0,-38,9,-99,-37,40,104,-1451736949,130,0,106,0,"[90,15,-98,15,-1,14,-125,15,-63,14,-103,15,-73,14,-60,15,-61,14,-19,15,-25,14,-7,15,11,15,6,0,61,15,-17,15,118,15,-66,15,-99,15,-121,15,-65,15,90,15,-50,15,63,15,-45,15,72,15,0,0,0,0,-19,15,-125,15,42,0,-61,15,-130,0,-22,15,-36,0,-3,15,39,1,-10,15,71,1,-34,15,58,1,-64,15,30,1,-77,15,-9,0,-85,15,-50,0,-78,15,-79,0,-41,15,-91,0,9,0,-97,0]"
CSI_DATA,124557,d8:b1:90:d9:de:f0,-37,9,-99,-34,38,104,-1451700105,321,0,106,0,"[-7,17,78,17,-16,17,-35,16,-54,17,-87,16,-84,17,-95,16,-98,17,-65,16,-108,17,-21,16,-80,17,21,17,-35,17,70,17,42,0,124,17,122,0,-123,17,-110,0,-82,17,-70,0,-64,17,-82,0,-47,17,0,0,0,0,133,0,9,0,60,0,62,0,-20,17,-148,0,-80,17,-51,0,-110,17,39,1,-112,17,76,1,-98,17,64,1,-79,17,34,1,-67,17,-7,0,-72,17,-55,0,-99,17,-112,0,-136,17,139,0,136,17]"
CSI_DATA,124558,d8:b1:90:d9:de:f0,-37,9,-99,-35,38,104,-1451693477,321,0,106,0,"[55,0,86,18,72,0,-19,17,47,0,-88,17,12,0,-85,17,-22,18,-72,17,-44,18,-26,17,-39,18,20,18,6,0,64,18,69,0,123,18,145,0,-134,18,-105,0,-95,18,-64,0,-84,18,-77,0,-75,18,0,0,0,0,-154,0,-17,18,92,0,58,0,42,0,-150,0,22,0,-39,0,26,0,51,1,53,0,80,1,66,0,69,1,79,0,30,1,74,0,-18,0,52,0,-58,0,12,0,-89,0,-41,18,-114,0,-80,18]"
CSI_DATA,124559,d8:b1:90:d9:de:f0,-37,9,-99,-33,38,104,-1451693196,321,0,106,0,"[144,0,-128,0,-77,0,-62,0,-8,0,-53,0,13,1,-80,0,17,1,-118,0,-5,0,132,0,-40,0,116,0,-90,0,113,0,130,0,144,0,49,0,-117,0,0,0,-81,0,-24,17,-61,0,-27,17,-72,0,0,0,0,0,-46,17,144,0,-85,17,66,0,135,17,-8,17,46,17,-57,17,-33,16,-72,17,-70,16,-66,17,-66,16,-27,17,-36,16,-9,17,6,17,3,0,41,17,2,0,86,17,-30,17,114,17,-73,17,125,17]"
CSI_DATA,124560,d8:b1:90:d9:de:f0,-38,9,-99,-36,39,104,-1451692938,321,0,106,0,"[130,16,-141,16,32,16,103,16,-42,15,123,16,-69,15,-107,16,-50,15,-51,16,-22,15,-19,16,23,16,-1,16,76,16,-10,16,135,16,-60,16,-103,16,-123,16,-74,16,112,16,-69,16,86,16,-74,16,95,16,0,0,0,0,-34,16,-118,16,39,0,-63,16,-139,0,-44,16,-39,0,-54,16,29,1,-94,16,53,1,-138,16,17,1,116,16,-21,0,105,16,-69,0,112,16,-112,0,134,16,-131,0,-103,16,-121,0,-56,16,-112,0]"
CSI_DATA,124561,d8:b1:90:d9:de:f0,-37,11,-99,-36,39,104,-1451319640,277,0,106,0,"[121,0,-102,0,-93,0,-34,0,-22,0,-34,0,14,1,-76,0,13,1,-130,0,-4,0,126,0,-42,0,92,0,-98,0,89,0,121,0,116,0,52,0,-133,0,5,0,-98,0,-10,16,-72,0,-15,16,-75,0,0,0,0,0,-30,16,126,0,-75,16,70,0,126,16,13,0,35,16,-11,16,-41,15,-7,16,-71,15,15,0,-56,15,50,0,-30,15,75,0,11,16,90,0,63,16,87,0,94,16,50,0,105,16,5,0,116,16]"
CSI_DATA,124562,d8:b1:90:d9:de:f0,-37,9,-99,-33,38,104,-1451319150,101,0,106,0,"[-63,17,-68,0,-61,17,24,1,-19,17,73,1,34,0,81,1,80,0,50,1,105,0,10,1,107,0,-35,0,72,0,-70,0,18,0,-98,0,-57,17,-114,0,-115,17,-120,0,-137,17,-117,0,-130,17,-120,0,0,0,0,0,-107,17,112,0,-122,17,39,0,122,17,-43,17,55,17,-102,17,-15,16,-120,17,-60,16,-100,17,-66,16,-64,17,-48,16,-19,17,-10,16,6,0,31,17,19,0,69,17,5,0,93,17,-26,17,105,17]"
CSI_DATA,124563,d8:b1:90:d9:de:f0,-36,9,-99,-36,38,104,-1451319054,252,0,106,0,"[76,18,-60,18,-22,17,-52,18,-74,17,1,0,-69,17,65,0,-42,17,112,0,13,18,138,0,52,18,133,0,88,18,100,0,118,18,35,0,125,18,-45,18,122,18,-104,18,109,18,-127,18,113,18,-115,18,0,0,0,0,-138,18,-101,18,-54,18,-114,18,21,0,135,18,71,0,45,18,74,0,-28,17,41,0,-74,17,2,0,-75,17,-46,18,-37,17,-70,18,10,18,-71,18,52,18,-46,18,85,18,-8,18,110,18,18,0]"
CSI_DATA,124564,d8:b1:90:d9:de:f0,-40,11,-99,-36,42,104,-1451303714,100,0,228,0,"[0,8,1,11,2,14,1,17,0,19,0,21,-3,22,86,35,-7,21,-8,20,-9,19,-10,17,-10,15,-10,15,-10,13,-9,11,-7,11,-6,10,-4,10,-2,10,0,10,-27,-23,2,11,3,12,3,13,3,12,3,13,3,12,0,0,2,10,3,8,3,7,5,5,7,3,9,2,-81,0,15,3,18,3,19,3,20,5,21,6,20,8,19,9,18,10,16,11,15,11,13,11,11,11,11,11,-71,0,9,9,9,7,9,6,10,5,10,5,9,5,8,5,-8,2,-5,9,2,11,10,8,13,0,9,-8,0,-11,-11,15,-7,0,-3,6,3,6,8,0,6,-7,-1,-11,-11,-7,-17,2,-12,15,1,23,17,17,26,0,21,-16,7,-15,-12,-22,-23,-7,-20,8,-7,18,6,16,13,6,0,0,3,-11,-6,-7,-10,0,-6,9,3,12,11,5,26,-2,6,-13,-3,-13,-11,-6,-10,3,-4,7,2,6,5,1,2,-3,-3,-3,-7,1,-4,7,2,11,11,8,27,8,14,-14,2,-23,-13,-19,-23,-7,-23,7,-11,19,1,19]"
CSI_DATA,124565,d8:b1:90:d9:de:f0,-37,9,-99,-34,38,104,-1451110295,108,0,106,0,"[-83,0,-86,17,0,1,-131,17,24,1,118,17,1,1,87,17,-38,0,68,17,-73,0,76,17,-106,0,99,17,-125,0,143,17,-125,0,-83,17,-114,0,-7,17,-99,0,57,0,-89,0,87,0,-103,0,93,0,0,0,0,0,148,0,93,0,66,0,118,0,-1,17,-118,0,-60,17,-49,0,-90,17,16,1,-82,17,54,1,-51,17,52,1,-28,17,28,1,-7,17,-4,0,0,0,-39,0,-21,17,-80,0,-64,17,-110,0,-90,17]"
CSI_DATA,124566,d8:b1:90:d9:de:f0,-37,9,-99,-35,38,104,-1451065589,130,0,106,0,"[130,18,143,18,61,18,81,18,-1,17,79,18,-19,17,106,18,-11,17,146,18,19,18,-141,18,55,18,-125,18,108,18,-127,18,-122,18,-156,18,-39,18,123,18,28,0,94,18,67,0,77,18,74,0,89,18,0,0,0,0,75,0,-156,18,112,0,-69,18,-133,0,4,0,-58,0,78,0,8,1,118,0,48,1,125,0,51,1,100,0,30,1,80,0,-8,0,59,0,-51,0,50,0,-101,0,75,0,-148,0,116,0,139,0]"
CSI_DATA,124567,d8:b1:90:d9:de:f0,-37,11,-99,-34,38,104,-1450901841,277,0,106,0,"[110,17,149,0,55,17,-79,0,62,17,-16,0,108,17,8,1,-140,17,10,1,-104,17,-11,0,-77,17,-42,0,-77,17,-85,0,-114,17,-144,0,142,17,112,0,95,17,84,0,60,17,76,0,73,17,76,0,0,0,0,0,117,17,59,0,149,17,-14,17,142,17,-95,17,120,17,127,17,67,17,76,17,26,17,70,17,8,17,108,17,15,17,150,17,38,17,-108,17,59,17,-83,17,103,17,-91,17,142,17,-118,17,-149,17]"
CSI_DATA,124568,d8:b1:90:d9:de:f0,-38,9,-99,-36,39,104,-1450901396,130,0,106,0,"[60,16,37,0,-21,15,67,0,-57,15,107,0,-41,15,-143,0,-5,15,-129,0,31,16,-135,0,65,16,127,0,97,16,80,0,122,16,11,0,136,16,-69,16,142,16,-138,16,140,16,114,16,-138,16,107,16,0,0,0,0,-77,16,-140,16,-2,16,-124,16,96,0,-132,16,-97,0,127,16,-38,0,88,16,-20,0,59,16,-38,0,52,16,-75,0,51,16,-108,0,71,16,-132,0,107,16,-136,0,-130,16,-125,0,-70,16,-106,0]"
CSI_DATA,124569,d8:b1:90:d9:de:f0,-37,9,-99,-33,38,104,-1450901288,113,0,106,0,"[100,17,-143,17,30,17,101,17,-27,16,110,17,-34,16,135,17,-25,16,-130,17,2,17,-105,17,34,17,-94,17,87,17,-109,17,-137,17,-145,17,-62,17,108,17,-11,17,70,17,21,0,50,17,35,0,53,17,0,0,0,0,62,0,113,17,97,0,-117,17,-118,0,-58,17,-38,0,-12,17,24,1,6,0,66,1,8,0,65,1,-11,17,34,1,-21,17,-3,0,-27,17,-45,0,-23,17,-79,0,13,0,-101,0,62,0,-113,0]"
CSI_DATA,124570,d8:b1:90:d9:de:f0,-37,9,-99,-36,39,104,-1450901179,98,0,106,0,"[-115,16,83,16,115,16,19,16,56,16,12,16,24,16,39,16,25,16,83,16,39,16,117,16,70,16,-139,16,126,16,-132,16,-81,16,141,16,-6,16,117,16,46,0,90,16,78,0,75,16,81,0,77,16,0,0,0,0,81,0,-134,16,105,0,-69,16,-122,0,6,0,-51,0,62,0,21,1,84,0,58,1,78,0,54,1,50,0,32,1,29,0,-5,0,10,0,-49,0,2,0,-95,0,32,0,-122,0,77,0,-141,0]"
CSI_DATA,124571,d8:b1:90:d9:de:f0,-38,11,-99,-35,39,104,-1450484042,277,0,106,0,"[-31,16,51,16,-59,16,-28,15,-106,16,-59,15,134,16,-52,15,117,16,-11,15,115,16,30,16,129,16,70,16,-105,16,95,16,-35,16,113,16,42,0,122,16,112,0,116,16,-135,0,106,16,-134,0,105,16,0,0,0,0,117,0,-112,16,118,0,-44,16,-123,0,43,0,-67,0,123,0,-9,0,-119,0,33,1,-117,0,39,1,133,0,25,1,93,0,-6,0,62,0,-53,0,57,0,-97,0,71,0,-135,0,105,0,124,0]"
CSI_DATA,124572,d8:b1:90:d9:de:f0,-37,9,-99,-38,39,104,-1450483588,113,0,106,0,"[118,0,-82,0,-130,0,-19,0,-67,0,-11,0,-34,0,-42,0,-26,0,-91,0,-36,0,-135,0,-58,0,137,0,-104,0,128,0,130,0,141,0,62,0,-125,0,8,0,-93,0,-10,17,-71,0,-8,17,-83,0,0,0,0,0,-20,17,-115,0,-70,17,128,0,148,17,101,0,64,17,86,0,-3,16,109,0,-28,16,142,0,-8,16,-133,0,35,17,-123,0,73,17,-121,0,106,17,-139,0,124,17,131,0,120,17,85,0,110,17]"
CSI_DATA,124573,d8:b1:90:d9:de:f0,-34,11,-99,-35,36,104,-1450308831,100,0,114,0,"[-40,4,-43,1,-46,0,-47,-3,-49,-3,-47,-4,-44,-6,-44,-7,-40,-6,-40,-7,-38,-6,-38,-6,-40,-6,-40,-4,-40,-4,-43,-3,-44,-4,-46,-3,-49,-3,-49,-3,-49,-3,-49,-1,-49,-3,-49,-1,-46,-1,-44,-1,-44,-1,-46,-1,0,0,-44,-1,-44,0,-46,0,-47,0,-49,0,-49,0,-47,0,-49,0,-47,1,-47,1,-46,1,-43,3,-41,3,-41,3,-40,4,-40,4,-36,4,-38,4,-38,4,-40,3,-43,4,-44,4,-46,3,-46,1,-46,1,-44,-1,-43,-3,-40,-4]"
CSI_DATA,124574,d8:b1:90:d9:de:f0,-36,11,-99,-36,38,104,-1450275142,277,0,106,0,"[-105,18,75,18,148,18,7,18,75,18,6,18,27,18,52,18,7,18,117,18,17,18,-148,18,41,18,-112,18,88,18,-95,18,152,18,-120,18,-115,18,152,18,-83,18,105,18,-78,18,71,18,-86,18,83,18,0,0,0,0,-67,18,138,18,-6,18,157,18,76,0,146,18,151,0,90,18,-129,0,22,18,-143,0,-23,17,128,0,-39,17,67,0,-26,17,25,0,5,18,-2,18,45,18,13,0,86,18,49,0,107,18,60,0]"
CSI_DATA,124575,d8:b1:90:d9:de:f0,-37,9,-99,-38,39,104,-1450274661,130,0,106,0,"[72,17,-101,17,-7,16,-125,17,-59,16,-103,17,-59,16,-70,17,-45,16,-33,17,-11,16,-10,17,23,17,-4,17,65,17,-24,17,125,17,-71,17,-131,17,-136,17,-92,17,110,17,-74,17,77,17,-67,17,82,17,0,0,0,0,-39,17,111,17,32,0,-152,17,121,0,-139,17,-93,0,-142,17,-24,0,133,17,-5,0,101,17,-21,0,85,17,-62,0,86,17,-92,0,97,17,-117,0,121,17,-129,0,-142,17,-120,0,-92,17,-109,0]"
CSI_DATA,124576,d8:b1:90:d9:de:f0,-37,9,-99,-35,38,104,-1450238311,224,0,106,0,"[0,0,-56,0,19,0,29,1,69,0,59,1,117,0,56,1,141,0,19,1,152,0,-26,0,143,0,-66,0,101,0,-100,0,33,0,-122,0,-50,18,-127,0,-121,18,-123,0,-156,18,-116,0,-154,18,-122,0,0,0,0,0,-123,18,146,0,-134,18,70,0,130,18,-13,18,64,18,-83,18,-2,17,-117,18,-42,17,-107,18,-50,17,-70,18,-26,17,-31,18,6,18,-7,18,45,18,-4,18,92,18,-28,18,119,18,-68,18,128,18]"
CSI_DATA,124577,d8:b1:90:d9:de:f0,-36,9,-99,-33,37,104,-1450222772,130,0,106,0,"[-69,0,106,0,12,1,110,0,69,1,72,0,60,1,14,0,49,1,-33,19,2,1,-59,19,-32,0,-66,19,-68,0,-46,19,-114,0,3,0,-138,0,79,0,-142,0,138,0,-143,0,-158,0,-141,0,-161,0,0,0,0,0,151,0,145,0,77,0,154,0,6,0,-126,0,-51,19,-55,0,-64,19,16,1,-45,19,55,1,-9,19,57,1,40,0,19,1,60,0,-20,0,66,0,-46,0,42,0,-80,0,7,0,-106,0,-15,19]"
CSI_DATA,124578,d8:b1:90:d9:de:f0,-38,11,-99,-35,39,104,-1449857343,277,0,106,0,"[-14,16,40,16,-50,16,-35,15,-111,16,-61,15,122,16,-34,15,103,16,13,16,100,16,58,16,116,16,94,16,-117,16,117,16,-59,16,123,16,11,0,110,16,59,0,99,16,80,0,83,16,81,0,90,16,0,0,0,0,90,0,-128,16,117,0,-81,16,-94,0,-30,16,-23,0,-6,16,31,1,-11,16,54,1,-30,16,31,1,-56,16,6,1,-81,16,-33,0,-83,16,-65,0,-74,16,-83,0,-49,16,-87,0,-19,16,-94,0]"
CSI_DATA,124579,d8:b1:90:d9:de:f0,-38,9,-99,-35,39,104,-1449856899,108,0,106,0,"[106,0,56,16,130,0,-21,15,114,0,-67,15,81,0,-67,15,47,0,-46,15,40,0,-8,15,38,0,38,16,56,0,91,16,100,0,-126,16,-128,0,-58,16,-86,0,-10,16,-67,0,15,0,-70,0,26,0,0,0,0,0,137,0,71,0,75,0,111,0,14,0,-94,0,-25,16,-19,0,-45,16,41,1,-45,16,62,1,-37,16,43,1,-21,16,18,1,-22,16,-18,0,-31,16,-51,0,-61,16,-90,0,-99,16,-121,0,-124,16]"
CSI_DATA,124580,d8:b1:90:d9:de:f0,-37,9,-99,-34,38,104,-1449647963,321,0,106,0,"[-139,0,-85,0,-45,0,-48,0,27,1,-77,0,51,1,-140,0,48,1,103,0,8,1,57,0,-39,0,34,0,-90,0,49,0,-148,0,96,0,115,0,146,0,93,0,-105,0,93,0,-85,0,87,0,-96,0,0,0,0,0,28,0,148,0,-47,17,129,0,-140,17,148,0,91,17,-103,0,55,17,-39,0,72,17,-3,0,112,17,3,1,-139,17,-20,0,-103,17,-49,0,-93,17,-83,0,-108,17,-121,0,-136,17,-148,0,-149,17]"
CSI_DATA,124581,d8:b1:90:d9:de:f0,-36,9,-99,-33,37,104,-1449647795,341,0,106,0,"[95,0,50,19,79,0,-49,18,12,0,-95,18,-50,19,-80,18,-102,19,-41,18,-124,19,12,19,-129,19,64,19,-91,19,99,19,-20,19,116,19,45,0,119,19,99,0,120,19,114,0,115,19,107,0,130,19,0,0,0,0,114,0,-128,19,150,0,-60,19,-106,0,-9,19,-24,0,12,0,42,1,-3,19,63,1,-44,19,38,1,-73,19,0,1,-90,19,-50,0,-102,19,-82,0,-90,19,-101,0,-62,19,-95,0,-29,19,-99,0]"
CSI_DATA,124582,d8:b1:90:d9:de:f0,-37,9,-99,-34,38,104,-1449647619,441,0,106,0,"[36,17,-62,17,-55,16,-54,17,-101,16,-27,17,-90,16,14,0,-58,16,42,0,-7,16,39,0,30,17,24,0,80,17,-17,17,137,17,-78,17,-112,17,-149,17,-78,17,101,17,-60,17,77,17,-45,17,84,17,0,0,0,0,28,0,148,17,97,0,-96,17,-106,0,-59,17,-13,0,-42,17,52,1,-49,17,71,1,-61,17,54,1,-70,17,8,1,-73,17,-35,0,-57,17,-71,0,-33,17,-96,0,17,0,-108,0,72,0,-112,0]"
CSI_DATA,124583,d8:b1:90:d9:de:f0,-37,9,-99,-36,39,104,-1449647402,421,0,106,0,"[-46,16,35,16,-90,16,-39,15,-141,16,-58,15,116,16,-31,15,106,16,3,16,122,16,44,16,-140,16,72,16,-87,16,94,16,-17,16,111,16,63,0,126,16,118,0,124,16,-139,0,131,16,-136,0,141,16,0,0,0,0,131,0,-58,16,126,0,21,0,-130,0,109,0,-88,0,-98,0,-52,0,-59,0,-24,0,-46,0,-25,0,-72,0,-41,0,-106,0,-81,0,-132,0,-114,0,-143,0,121,0,-131,0,76,0,-111,0,57,0]"
CSI_DATA,124584,d8:b1:90:d9:de:f0,-38,9,-99,-36,39,104,-1449439055,130,0,106,0,"[-112,16,98,16,96,16,30,16,19,16,32,16,-14,15,76,16,-13,15,135,16,14,16,-106,16,53,16,-86,16,115,16,-93,16,-105,16,-135,16,-54,16,100,16,-25,16,52,16,-26,16,34,16,-31,16,59,16,0,0,0,0,-13,16,-140,16,57,0,-76,16,-133,0,-44,16,-33,0,-38,16,35,1,-66,16,53,1,-112,16,26,1,-132,16,-19,0,141,16,-58,0,-141,16,-87,0,-116,16,-97,0,-75,16,-89,0,-35,16,-80,0]"
CSI_DATA,124585,d8:b1:90:d9:de:f0,-37,9,-99,-35,38,104,-1449438920,101,0,106,0,"[-103,18,-96,0,-122,18,0,1,-84,18,62,1,-31,18,72,1,17,0,42,1,37,0,1,1,37,0,-37,0,4,0,-81,0,-62,18,-118,0,-132,18,-133,0,129,18,-139,0,114,18,-139,0,134,18,-152,0,0,0,0,0,-127,18,92,0,-121,18,6,0,-151,18,-89,18,107,18,138,18,45,18,99,18,3,18,102,18,-4,17,139,18,14,18,-133,18,37,18,-107,18,70,18,-95,18,105,18,-107,18,125,18,-135,18,135,18]"
CSI_DATA,124586,d8:b1:90:d9:de:f0,-38,9,-99,-36,39,104,-1449438815,130,0,106,0,"[-1,16,67,16,-39,16,-32,15,-106,16,-61,15,118,16,-42,15,89,16,13,16,86,16,63,16,113,16,108,16,-120,16,126,16,-44,16,118,16,23,0,89,16,61,0,62,16,58,0,49,16,43,0,57,16,0,0,0,0,39,0,-131,16,75,0,-61,16,-127,0,4,0,-35,0,29,0,33,1,10,0,68,1,-25,16,54,1,-62,16,13,1,-87,16,-31,0,-98,16,-68,0,-79,16,-92,0,-42,16,-83,0,-8,16,-78,0]"
CSI_DATA,124587,d8:b1:90:d9:de:f0,-40,11,-99,-34,41,104,-1449308900,100,0,228,0,"[-10,-4,-12,-4,-15,-5,-18,-7,-20,-8,-20,-11,-20,-13,91,37,-17,-15,-15,-17,-14,-17,-11,-17,-9,-17,-8,-16,-7,-15,-6,-14,-6,-12,-7,-10,-7,-8,-9,-5,-10,-4,-28,-25,-13,-1,-14,0,-15,-1,-15,-1,-15,-1,-15,-2,0,0,-12,-2,-11,-1,-10,0,-9,1,-8,4,-8,7,-100,12,-10,12,-11,15,-14,15,-15,15,-16,15,-17,15,-18,13,-18,11,-18,9,-17,7,-15,6,-15,5,-14,5,56,12,-11,5,-10,6,-9,6,-9,9,-9,9,-9,8,-9,7,0,-10,-8,-10,-15,-2,-13,8,-5,15,6,14,13,5,-8,-20,2,-10,-5,-8,-10,0,-6,8,4,11,12,5,15,-6,6,-17,-8,-20,-21,-10,-25,8,-15,24,5,28,10,15,27,0,17,-17,1,-23,-12,-15,-17,-2,-11,10,0,0,8,6,10,-3,2,-10,-7,-10,-13,0,-10,10,-9,26,10,12,15,1,11,-9,1,-13,-5,-9,-9,0,-4,5,2,5,5,0,3,-6,-4,-8,-11,-3,-13,6,-19,21,5,20,18,13,24,-1,18,-15,4,-23,-10,-19,-17,-7]"
CSI_DATA,124588,d8:b1:90:d9:de:f0,-37,11,-99,-37,39,104,-1449021746,277,0,106,0,"[-91,17,79,17,-142,17,-8,16,101,17,-33,16,75,17,-12,16,72,17,19,17,102,17,53,17,135,17,81,17,-102,17,106,17,-13,17,128,17,78,0,142,17,145,0,-147,17,-115,0,-133,17,-120,0,-110,17,0,0,0,0,131,0,-41,17,87,0,54,0,81,0,-130,0,78,0,-27,0,86,0,42,1,92,0,66,1,108,0,48,1,100,0,9,1,83,0,-36,0,60,0,-68,0,8,0,-98,0,-50,17,-121,0,-91,17]"
CSI_DATA,124589,d8:b1:90:d9:de:f0,-38,9,-99,-34,39,104,-1449021283,98,0,106,0,"[-116,15,-77,0,-133,15,20,1,-101,15,84,1,-55,15,90,1,-11,15,70,1,10,0,21,1,12,0,-32,0,-13,15,-90,0,-70,15,116,0,133,15,61,0,81,15,28,0,52,15,23,0,61,15,28,0,0,0,0,0,-114,15,-16,15,-46,15,-73,15,9,0,110,15,31,0,10,15,24,0,-63,14,1,0,-91,14,-31,15,-74,14,-43,15,-31,14,-45,15,20,15,-28,15,69,15,13,0,104,15,67,0,129,15,100,0]"
CSI_DATA,124590,d8:b1:90:d9:de:f0,-35,11,-99,-36,37,104,-1448395047,277,0,106,0,"[175,21,-113,0,135,21,-9,0,149,21,45,1,-161,21,52,1,-129,21,12,1,-117,21,-19,0,-113,21,-81,0,-137,21,-145,0,-180,21,139,0,137,21,64,0,113,21,8,0,117,21,-28,21,151,21,-52,21,0,0,0,0,-104,21,-117,21,-18,21,-166,21,70,0,115,21,131,0,31,21,165,0,-38,19,173,0,-45,19,152,0,-18,19,138,0,12,21,124,0,55,21,125,0,104,21,151,0,162,21,-162,0,-159,21,-155,0]"
CSI_DATA,124591,d8:b1:90:d9:de:f0,-36,9,-99,-37,38,104,-1448394593,130,0,106,0,"[91,0,53,19,68,0,-55,18,12,0,-102,18,-40,19,-77,18,-77,19,-45,18,-81,19,23,19,-64,19,67,19,-10,19,106,19,60,0,151,19,133,0,-152,19,-139,0,-132,19,-130,0,-125,19,-149,0,-106,19,0,0,0,0,136,0,-12,19,102,0,93,0,112,0,-126,0,141,0,-27,0,-138,0,31,1,-103,0,28,1,-95,0,-3,0,-112,0,-59,0,-142,0,-107,0,147,0,-124,0,91,0,-126,0,42,0,-121,0,19,0]"
CSI_DATA,124592,d8:b1:90:d9:de:f0,-36,9,-99,-34,37,104,-1448394431,113,0,106,0,"[-46,0,-25,20,49,1,-68,20,73,1,-133,20,46,1,162,20,1,1,149,20,-56,0,157,20,-86,0,-149,20,-109,0,-89,20,-118,0,-10,20,-113,0,70,0,-117,0,132,0,-125,0,142,0,-154,0,144,0,0,0,0,0,73,0,148,0,-12,20,164,0,-110,20,-120,0,157,20,-56,0,129,20,9,1,134,20,38,1,165,20,29,1,-141,20,-6,0,-116,20,-45,0,-125,20,-93,0,-142,20,-144,0,169,20,166,0,148,20]"
CSI_DATA,124593,d8:b1:90:d9:de:f0,-36,9,-99,-33,37,104,-1448394287,108,0,106,0,"[29,0,36,19,-22,19,-66,18,-99,19,-95,18,-152,19,-63,18,150,19,-1,18,158,19,58,19,-150,19,101,19,-88,19,129,19,-9,19,136,19,59,0,132,19,108,0,126,19,128,0,132,19,119,0,150,19,0,0,0,0,114,0,-58,19,143,0,24,0,-129,0,117,0,-46,0,-155,0,28,1,-133,0,62,1,-156,0,47,1,129,0,2,1,90,0,-38,0,67,0,-81,0,66,0,-130,0,93,0,-158,0,136,0,163,0]"
CSI_DATA,124594,d8:b1:90:d9:de:f0,-34,11,-99,-35,36,104,-1448308875,100,0,114,0,"[40,9,43,13,46,16,44,21,43,23,40,24,36,27,35,26,33,26,32,27,30,26,30,27,30,27,30,29,30,30,32,30,30,32,32,33,33,35,33,36,32,36,33,38,32,40,32,38,29,38,27,38,27,36,27,38,0,0,24,36,24,38,23,38,23,40,23,41,23,43,21,43,21,44,20,43,20,41,18,41,16,40,15,36,13,35,13,35,12,33,12,33,12,33,12,35,10,36,10,40,9,41,9,43,6,44,4,43,1,43,-1,41,-4,36]"
CSI_DATA,124595,d8:b1:90:d9:de:f0,-39,11,-99,-35,40,104,-1448186148,277,0,106,0,"[-106,0,-65,0,-33,0,-35,0,26,0,-58,0,43,0,-110,0,38,0,86,0,12,0,51,0,-21,0,25,0,-64,0,33,0,-113,0,60,0,90,0,102,0,61,0,-113,0,47,0,-86,0,42,0,-85,0,0,0,0,0,0,14,-100,0,-43,14,-115,0,-106,14,-110,0,88,14,-84,0,54,14,-43,0,59,14,-20,0,85,14,-13,0,118,14,-27,0,-95,14,-46,0,-78,14,-72,0,-83,14,-109,0,-108,14,109,0,-121,14]"
CSI_DATA,124596,d8:b1:90:d9:de:f0,-39,9,-99,-35,40,104,-1448185667,98,0,106,0,"[-54,0,119,14,-5,0,56,14,-6,0,6,14,-44,0,-9,13,-80,0,-6,13,-110,0,18,14,116,0,51,14,113,0,102,14,116,0,-80,14,-121,0,-13,14,-108,0,45,0,-104,0,77,0,-108,0,94,0,0,0,0,0,80,0,114,0,21,0,-117,0,-41,14,-82,0,-95,14,-32,0,120,14,10,0,120,14,28,0,-116,14,19,0,-98,14,0,0,-74,14,-34,0,-74,14,-73,0,-89,14,-116,0,-116,14,90,0,108,14]"
CSI_DATA,124597,d8:b1:90:d9:de:f0,-38,9,-99,-34,39,104,-1448185553,98,0,106,0,"[37,15,75,0,-26,14,114,0,-46,14,-114,0,-23,14,-84,0,9,15,-81,0,44,15,-94,0,70,15,-120,0,85,15,106,0,102,15,40,0,111,15,-31,15,122,15,-95,15,134,15,-129,15,-122,15,130,15,0,0,0,0,-66,15,118,15,-2,15,119,15,69,0,87,15,134,0,62,15,-95,0,31,15,-83,0,10,15,-85,0,15,15,-114,0,33,15,131,0,61,15,123,0,97,15,132,0,-129,15,-118,0,-82,15,-99,0]"
CSI_DATA,124598,d8:b1:90:d9:de:f0,-40,9,-99,-34,41,104,-1447976776,407,0,106,0,"[37,0,-47,0,68,0,15,0,104,0,36,0,-88,0,25,0,-79,0,0,0,-91,0,-30,0,103,0,-53,0,67,0,-71,0,13,0,-92,0,-45,12,104,0,-95,12,95,0,95,12,84,0,85,12,73,0,0,0,0,0,-85,12,19,0,-65,12,-32,12,-48,12,-104,12,-45,12,32,12,-55,12,-21,11,-70,12,-45,11,-81,12,-41,11,-92,12,-13,11,-87,12,17,12,-69,12,42,12,-40,12,64,12,3,0,84,12,33,0]"
CSI_DATA,124599,d8:b1:90:d9:de:f0,-38,9,-99,-34,39,104,-1447964100,435,0,106,0,"[68,15,-85,15,-9,14,-100,15,-60,14,-75,15,-61,14,-38,15,-40,14,-5,15,-10,14,-5,15,21,15,-3,15,61,15,-29,15,103,15,-72,15,-124,15,-132,15,-93,15,94,15,-67,15,72,15,-51,15,84,15,0,0,0,0,-18,15,119,15,45,0,-110,15,-134,0,-95,15,-47,0,-90,15,12,1,-100,15,38,1,-119,15,22,1,133,15,-8,0,124,15,-40,0,132,15,-66,0,-126,15,-87,0,-83,15,-87,0,-33,15,-88,0]"
CSI_DATA,124600,d8:b1:90:d9:de:f0,-38,11,-99,-34,39,104,-1447768349,277,0,106,0,"[101,0,118,15,-121,0,20,15,-119,0,-45,14,-131,0,-64,14,108,0,-43,14,88,0,-14,14,88,0,31,15,101,0,106,15,127,0,-79,15,-106,0,12,0,-76,0,87,0,-61,0,123,0,-72,0,120,0,0,0,0,0,108,0,73,0,19,0,44,0,-103,15,33,0,54,15,27,0,-32,14,43,0,-69,14,65,0,-60,14,69,0,-24,14,77,0,12,15,61,0,45,15,27,0,92,15,-24,15,122,15,-82,15,134,15]"
CSI_DATA,124601,d8:b1:90:d9:de:f0,-38,9,-99,-35,39,104,-1447767886,130,0,106,0,"[107,16,69,0,11,16,105,0,-34,15,-124,0,-30,15,-100,0,-1,15,-89,0,32,16,-105,0,55,16,-136,0,81,16,87,0,101,16,-7,16,116,16,-99,16,128,16,104,16,131,16,73,16,-137,16,81,16,0,0,0,0,-86,16,-134,16,2,0,-76,16,110,0,-40,16,-62,0,-7,16,26,1,-2,16,66,1,-13,16,64,1,-27,16,33,1,-33,16,-4,0,-30,16,-40,0,-6,16,-85,0,38,0,-117,0,93,0,-129,0]"
CSI_DATA,124602,d8:b1:90:d9:de:f0,-37,11,-99,-37,39,104,-1447350550,277,0,106,0,"[-97,17,94,17,-142,17,9,17,86,17,-15,16,57,17,0,17,55,17,43,17,68,17,85,17,106,17,117,17,-124,17,125,17,-43,17,120,17,53,0,110,17,120,0,95,17,142,0,92,17,145,0,107,17,0,0,0,0,107,0,-101,17,101,0,-17,17,125,0,100,0,-135,0,-100,0,-97,0,-38,0,-60,0,-18,0,-56,0,-27,0,-55,0,-60,0,-83,0,-93,0,-122,0,-105,0,125,0,-115,0,79,0,-103,0,42,0]"
CSI_DATA,124603,d8:b1:90:d9:de:f0,-37,9,-99,-34,38,104,-1447350060,98,0,106,0,"[76,0,86,17,101,0,-7,16,76,0,-62,16,29,0,-74,16,-4,17,-52,16,-10,17,-15,16,-10,17,26,17,23,0,68,17,86,0,115,17,-143,0,-147,17,-83,0,-121,17,-59,0,-108,17,-68,0,-93,17,0,0,0,0,-137,0,-54,17,125,0,29,0,116,0,127,0,115,0,-71,0,133,0,-2,0,-146,0,27,1,-130,0,16,1,-114,0,-17,0,-133,0,-55,0,147,0,-74,0,102,0,-85,0,58,0,-80,0,28,0]"
CSI_DATA,124604,d8:b1:90:d9:de:f0,-37,9,-99,-36,39,104,-1447349919,101,0,106,0,"[-93,0,-88,16,-15,0,-141,16,4,1,86,16,-25,0,51,16,-66,0,41,16,-99,0,60,16,-125,0,96,16,-134,0,139,16,-118,0,-71,16,-95,0,-4,16,-66,0,41,0,-49,0,59,0,-60,0,61,0,0,0,0,0,-139,0,62,0,72,0,90,0,11,0,-129,0,-39,16,-51,0,-59,16,14,1,-56,16,49,1,-28,16,44,1,-7,16,24,1,7,0,-13,0,4,0,-41,0,-20,16,-70,0,-65,16,-86,0,-81,16]"
CSI_DATA,124605,d8:b1:90:d9:de:f0,-38,9,-99,-35,39,104,-1447349814,98,0,106,0,"[-129,16,-122,0,103,16,-32,0,125,16,34,1,-105,16,57,1,-62,16,41,1,-27,16,13,1,-17,16,-32,0,-33,16,-82,0,-80,16,-138,0,135,16,104,0,82,16,76,0,59,16,73,0,76,16,74,0,0,0,0,0,-136,16,43,0,-89,16,-27,16,-79,16,-124,16,-85,16,63,16,-117,16,-3,15,126,16,-23,15,102,16,1,16,91,16,34,16,95,16,70,16,119,16,95,16,-123,16,107,16,-82,16,97,16,-62,16]"
CSI_DATA,124606,d8:b1:90:d9:de:f0,-37,9,-99,-36,39,104,-1447349664,98,0,106,0,"[-123,16,112,16,94,16,51,16,26,16,49,16,-5,15,87,16,-3,15,135,16,19,16,-113,16,54,16,-95,16,102,16,-98,16,-123,16,-134,16,-68,16,102,16,-38,16,60,16,-29,16,44,16,-28,16,61,16,0,0,0,0,-8,16,126,16,51,0,-105,16,139,0,-76,16,-59,0,-69,16,6,1,-90,16,31,1,-115,16,13,1,141,16,-17,0,132,16,-51,0,133,16,-84,0,-133,16,-94,0,-99,16,-86,0,-65,16,-88,0]"
CSI_DATA,124607,d8:b1:90:d9:de:f0,-38,9,-99,-34,39,104,-1447349532,130,0,106,0,"[111,15,-119,15,22,15,114,15,-44,14,-133,15,-59,14,-85,15,-51,14,-31,15,-12,14,3,0,29,15,11,0,79,15,-13,15,123,15,-67,15,-120,15,-130,15,-114,15,84,15,-124,15,64,15,-126,15,76,15,0,0,0,0,-77,15,-124,15,-6,15,-108,15,82,0,-113,15,-108,0,117,15,-57,0,60,15,-56,0,21,15,-84,0,4,15,-124,0,12,15,112,0,30,15,93,0,60,15,98,0,97,15,123,0,127,15,-130,0]"
CSI_DATA,124608,d8:b1:90:d9:de:f0,-41,11,-99,-37,43,104,-1447309218,100,0,228,0,"[-8,-4,-10,-4,-13,-4,-14,-4,-16,-5,-17,-5,-18,-7,79,32,-17,-8,-17,-9,-16,-9,-15,-9,-13,-9,-13,-9,-12,-8,-11,-6,-10,-5,-10,-2,-10,-1,-10,2,-10,3,-24,-21,-11,8,-11,8,-12,8,-12,9,-12,8,-11,8,0,0,-10,7,-8,7,-7,7,-5,7,-2,8,0,8,-21,10,3,12,5,13,5,15,6,16,7,17,6,17,5,17,5,17,5,16,4,16,3,15,3,15,3,14,24,0,4,12,5,11,5,10,6,10,7,10,6,10,6,9,-1,-10,-9,-8,-13,0,-10,10,-1,16,9,11,13,2,-8,-15,0,-10,-7,-7,-8,1,-3,8,5,8,10,0,8,-8,0,-15,-13,-10,-19,2,-13,16,1,22,17,15,12,5,16,-15,0,-21,-13,-14,-17,0,-10,10,0,13,0,0,10,-3,2,-10,-7,-8,-12,0,-8,10,2,14,14,19,16,-2,9,-12,-2,-14,-10,-8,-10,1,-5,8,2,6,5,1,2,-4,-2,-4,-6,0,-5,7,2,10,16,21,16,-2,11,-14,-1,-20,-14,-14,-21,-2,-16,10,-5,16]"
CSI_DATA,124609,d8:b1:90:d9:de:f0,-36,11,-99,-35,37,104,-1446932751,277,0,106,0,"[149,0,-145,20,-124,0,94,20,-139,0,-4,19,166,0,-57,19,93,0,-64,19,46,0,-37,19,19,0,5,20,26,0,63,20,80,0,141,20,166,0,-156,20,-118,0,-133,20,-94,0,-133,20,-112,0,-134,20,0,0,0,0,148,0,-89,20,93,0,2,0,94,0,139,0,127,0,-85,0,-168,0,-5,0,-104,0,13,1,-56,0,-19,0,-52,0,-78,0,-65,0,-130,0,-96,0,-174,0,-148,0,170,0,146,0,-157,0,118,0]"
CSI_DATA,124610,d8:b1:90:d9:de:f0,-37,9,-99,-36,38,104,-1446932270,108,0,106,0,"[-118,18,159,18,127,18,69,18,57,18,37,18,15,18,59,18,0,18,95,18,30,18,127,18,57,18,154,18,122,18,-161,18,-103,18,151,18,-8,18,124,18,60,0,95,18,98,0,71,18,101,0,84,18,0,0,0,0,78,0,-133,18,84,0,-25,18,125,0,90,0,-135,0,-127,0,-73,0,-54,0,-33,0,-37,0,-23,0,-51,0,-40,0,-84,0,-69,0,-119,0,-98,0,-139,0,-161,0,-142,0,89,0,-127,0,45,0]"
CSI_DATA,124611,d8:b1:90:d9:de:f0,-37,9,-99,-34,38,104,-1446932134,130,0,106,0,"[32,0,-118,0,55,0,-10,0,106,0,51,1,-141,0,45,1,-118,0,15,1,-127,0,-15,0,-150,0,-53,0,105,0,-89,0,30,0,-114,0,-67,17,-125,0,-137,17,-125,0,128,17,-124,0,129,17,-137,0,0,0,0,0,-115,17,91,0,-85,17,-1,17,-85,17,-120,17,-106,17,67,17,-137,17,-10,16,135,17,-43,16,115,17,-24,16,104,17,15,17,121,17,55,17,150,17,82,17,-103,17,98,17,-33,17,101,17,10,0]"
CSI_DATA,124612,d8:b1:90:d9:de:f0,-37,9,-99,-35,38,104,-1446723407,224,0,106,0,"[-63,0,-133,0,30,1,-129,0,77,1,130,0,68,1,78,0,37,1,34,0,1,1,0,0,-36,0,-1,18,-72,0,14,0,-112,0,56,0,-149,0,100,0,133,0,135,0,107,0,154,0,79,0,150,0,0,0,0,0,1,0,150,0,-68,18,-149,0,-145,18,-105,0,116,18,-52,0,99,18,2,1,119,18,31,1,-149,18,30,1,-101,18,12,1,-68,18,-24,0,-50,18,-61,0,-52,18,-103,0,-69,18,-139,0,-83,18]"
CSI_DATA,124613,d8:b1:90:d9:de:f0,-38,9,-99,-34,39,104,-1446514453,130,0,106,0,"[-57,0,30,0,11,1,30,0,46,1,11,0,38,1,-15,15,25,1,-38,15,-11,0,-39,15,-29,0,-28,15,-50,0,8,0,-72,0,65,0,-82,0,124,0,-79,0,-98,0,-74,0,-81,0,-80,0,-95,0,0,0,0,0,132,0,-126,0,65,0,132,0,-14,15,-119,0,-88,15,-78,0,-133,15,-28,0,127,15,-2,0,-131,15,5,1,-104,15,-13,0,-92,15,-34,0,-94,15,-48,0,-114,15,-69,0,131,15,-92,0,121,15]"
CSI_DATA,124614,d8:b1:90:d9:de:f0,-37,9,-99,-37,39,104,-1446514282,98,0,106,0,"[124,17,-145,0,72,17,-97,0,69,17,-63,0,86,17,-42,0,112,17,-51,0,138,17,-58,0,140,17,-92,0,123,17,-122,0,92,17,125,0,46,17,84,0,13,17,45,0,3,17,32,0,27,17,32,0,0,0,0,0,76,17,24,0,125,17,-27,17,144,17,-107,17,-135,17,109,17,-143,17,50,17,136,17,26,17,123,17,31,17,120,17,51,17,129,17,73,17,-146,17,80,17,-117,17,77,17,-101,17,64,17,-90,17]"
CSI_DATA,124615,d8:b1:90:d9:de:f0,-34,11,-99,-36,36,104,-1446308834,100,0,114,0,"[30,-23,34,-23,39,-22,42,-20,44,-17,44,-15,41,-11,42,-9,39,-9,39,-7,38,-6,38,-6,39,-4,39,-6,39,-4,41,-4,44,-4,45,-3,49,-3,49,-3,50,-1,49,-1,49,0,49,0,47,0,47,1,47,1,47,3,0,0,47,4,45,6,47,9,47,7,50,9,49,11,49,11,49,11,45,12,45,12,44,12,42,12,41,12,38,12,38,12,38,15,36,14,38,15,36,15,38,17,39,19,39,20,39,22,39,25,38,26,36,30,31,30,26,28]"
CSI_DATA,124616,d8:b1:90:d9:de:f0,-36,11,-99,-33,37,104,-1446306052,277,0,106,0,"[98,19,-104,19,14,19,-139,19,-42,18,-139,19,-54,18,-114,19,-41,18,-91,19,-24,18,-75,19,12,19,-67,19,62,19,-82,19,126,19,-119,19,-124,19,163,19,-51,19,115,19,-16,19,89,19,6,0,98,19,0,0,0,0,45,0,-165,19,95,0,-88,19,-141,0,-16,19,-45,0,41,0,42,1,66,0,88,1,66,0,80,1,40,0,57,1,20,0,15,1,3,0,-28,0,9,0,-77,0,40,0,-111,0,85,0,-146,0]"
CSI_DATA,124617,d8:b1:90:d9:de:f0,-37,9,-99,-35,38,104,-1446305599,98,0,106,0,"[-146,0,-148,0,-70,0,-101,0,0,1,-96,0,24,1,-133,0,29,1,135,0,2,1,105,0,-24,0,81,0,-77,0,78,0,-151,0,106,0,90,0,149,0,35,0,-113,0,11,0,-79,0,8,0,-83,0,0,0,0,0,0,0,152,0,-67,18,80,0,146,18,26,0,37,18,-1,18,-52,17,9,0,-96,17,47,0,-73,17,88,0,-28,17,119,0,22,18,121,0,62,18,112,0,97,18,67,0,114,18,8,0,116,18]"
CSI_DATA,124618,d8:b1:90:d9:de:f0,-36,9,-99,-36,38,104,-1446305494,98,0,106,0,"[81,18,-33,18,-6,17,-42,18,-62,17,-12,18,-62,17,22,0,-50,17,60,0,-13,17,76,0,18,18,81,0,52,18,49,0,95,18,-10,18,130,18,-90,18,158,18,-157,18,159,18,127,18,-154,18,120,18,0,0,0,0,-90,18,-161,18,-7,18,-139,18,100,0,-151,18,-120,0,130,18,-56,0,71,18,-44,0,25,18,-66,0,7,18,-113,0,8,18,-154,0,37,18,139,0,73,18,146,0,125,18,-152,0,-143,18,-135,0]"
CSI_DATA,124619,d8:b1:90:d9:de:f0,-36,9,-99,-34,37,104,-1446305371,252,0,106,0,"[-72,20,-89,0,-88,20,9,1,-58,20,62,1,-16,20,73,1,28,0,65,1,46,0,32,1,56,0,-10,0,30,0,-58,0,-25,20,-108,0,-108,20,-149,0,160,20,169,0,116,20,162,0,122,20,152,0,0,0,0,0,-168,20,101,0,-146,20,5,0,-158,20,-108,20,140,20,126,20,70,20,49,20,20,20,45,20,-1,18,78,20,2,20,136,20,30,20,-166,20,64,20,-138,20,129,20,-138,20,-154,20,-170,20,-130,20]"
CSI_DATA,124620,d8:b1:90:d9:de:f0,-37,9,-99,-37,39,104,-1446096699,130,0,106,0,"[-94,17,78,17,-139,17,-9,16,123,17,-50,16,97,17,-42,16,94,17,-20,16,120,17,13,17,-142,17,54,17,-91,17,91,17,-15,17,-147,17,73,0,-91,17,-144,0,-40,17,-97,0,-15,17,-86,0,1,0,0,0,0,0,122,0,28,0,36,0,63,0,-65,17,122,0,136,17,-108,0,63,17,-43,0,41,17,-5,0,48,17,-1,0,77,17,-8,0,112,17,-43,0,144,17,-91,0,-129,17,133,0,-124,17,50,0,-132,17]"
CSI_DATA,124621,d8:b1:90:d9:de:f0,-38,9,-99,-35,39,104,-1446096546,113,0,106,0,"[-51,16,45,16,-87,16,-41,15,-117,16,-75,15,135,16,-68,15,125,16,-43,15,-137,16,-14,15,-115,16,29,16,-78,16,79,16,-16,16,134,16,57,0,-81,16,122,0,-33,16,-114,0,-3,16,-106,0,15,0,0,0,0,0,93,0,41,0,18,0,64,0,-79,16,118,0,115,16,-97,0,56,16,-34,0,33,16,0,1,51,16,11,1,80,16,-4,0,114,16,-28,0,-136,16,-67,0,-114,16,-129,0,-115,16,76,0,-117,16]"
CSI_DATA,124622,d8:b1:90:d9:de:f0,-46,11,-99,-33,47,104,-1445679354,277,0,106,0,"[32,0,48,0,-29,0,-48,0,0,0,36,0,2,0,10,0,-12,0,-10,6,-30,0,-13,6,-47,0,-3,6,47,0,18,0,47,0,-52,0,-45,0,-24,0,-29,0,-11,0,-15,0,-11,0,-16,0,-25,0,0,0,0,0,-31,0,44,0,48,0,40,0,20,0,43,0,-10,6,49,0,-34,6,-44,0,-48,6,-35,0,50,6,-35,0,45,6,-37,0,40,6,-42,0,24,6,-45,0,0,6,-45,0,-28,5,-39,0,-36,5]"
CSI_DATA,124623,d8:b1:90:d9:de:f0,-47,9,-99,-35,48,104,-1445678891,113,0,106,0,"[46,5,-32,5,7,5,-20,5,-8,5,6,0,-1,5,25,0,17,5,33,0,37,5,30,0,-47,5,12,0,-37,5,-16,5,-37,5,47,5,-44,5,17,5,44,5,-2,5,35,5,-5,5,35,5,4,5,0,0,0,0,-46,5,38,5,-23,5,-48,5,5,0,-35,5,37,0,-27,5,-35,0,-21,5,-20,0,-15,5,-16,0,-6,5,-14,0,-1,5,-17,0,11,0,-17,0,33,0,-13,0,-35,0,2,0,-11,0,20,0]"
CSI_DATA,124624,d8:b1:90:d9:de:f0,-47,9,-99,-32,48,104,-1445678791,108,0,106,0,"[36,5,12,0,17,5,-43,0,24,5,-15,0,43,5,-6,0,-30,5,-13,0,-20,5,-27,0,-22,5,42,0,-36,5,18,0,31,5,-4,5,6,5,-18,5,-13,4,-23,5,-21,4,-20,5,-14,4,-12,5,0,0,0,0,17,5,-5,5,39,5,-12,5,-23,5,-25,5,0,0,-42,5,21,0,32,5,34,0,25,5,41,0,25,5,-43,0,29,5,-35,0,37,5,-19,0,-44,5,5,0,-31,5,32,0,-29,5,-41,0]"
CSI_DATA,124625,d8:b1:90:d9:de:f0,-45,9,-99,-34,46,104,-1445470001,101,0,106,0,"[32,7,-23,7,16,7,-24,7,24,7,-19,7,49,7,-9,7,-36,7,-3,7,4,0,-4,7,50,0,-5,7,-21,0,-8,7,24,0,-13,7,51,0,-21,7,54,0,-17,7,37,0,-13,7,5,0,3,0,0,0,0,0,52,0,42,0,18,0,-46,0,-6,7,-25,0,-24,7,-12,0,-32,7,-17,0,-27,7,-39,0,-18,7,46,0,-4,7,11,0,10,0,-26,7,24,0,50,7,33,0,0,7,30,0,-40,6,8,0]"
CSI_DATA,124626,d8:b1:90:d9:de:f0,-44,9,-99,-35,45,104,-1445428895,130,0,106,0,"[-18,8,22,8,-25,8,16,8,-25,8,34,8,-16,8,-66,8,-2,8,-27,8,17,0,15,0,43,0,60,0,-64,0,-32,0,-32,0,6,0,-21,0,27,0,-22,0,28,0,-43,0,18,0,59,0,-3,0,0,0,0,0,-8,8,-40,0,-46,8,-44,0,68,8,-54,0,57,8,-66,0,65,8,51,0,-49,8,27,0,-13,8,0,0,20,0,-28,8,52,0,-52,8,-54,0,52,8,-26,0,14,8,-18,0,-15,7,-35,0]"
CSI_DATA,124627,d8:b1:90:d9:de:f0,-43,11,-99,-31,44,104,-1445308875,100,0,228,0,"[-4,8,-6,9,-7,10,-9,11,-10,11,-10,10,-11,9,59,24,-9,7,-9,6,-8,6,-7,6,-5,6,-4,6,-3,7,-2,8,-1,9,0,10,0,12,0,13,0,13,-18,-16,0,14,0,13,0,13,0,12,0,10,1,10,0,0,2,8,3,7,3,6,4,6,6,6,7,5,-59,0,8,4,9,3,9,3,9,3,9,2,9,2,9,1,9,0,8,0,8,0,9,-1,9,-1,10,-2,-26,0,12,-2,12,-2,13,-2,13,-1,13,0,12,0,10,1,-10,-3,-10,3,-5,10,2,11,9,6,9,-2,4,-7,-14,1,-7,-1,-5,4,0,8,7,4,9,-2,5,-9,-3,-11,-10,-6,-12,3,-6,12,3,13,12,6,12,-4,4,2,-5,-9,-10,-1,-8,6,0,9,8,6,10,-2,0,0,-3,-10,-11,-5,-12,4,-6,12,4,13,12,6,21,1,6,-10,-3,-10,-9,-4,-8,3,-2,7,3,5,5,0,2,-3,-1,-4,-4,0,-3,4,0,6,6,4,19,-4,4,-7,-2,-9,-9,-4,-9,3,-4,9,2,10,8,5]"
CSI_DATA,124628,d8:b1:90:d9:de:f0,-38,9,-99,-35,39,104,-1445052202,98,0,106,0,"[-77,0,123,0,6,1,133,0,51,1,89,0,46,1,35,0,18,1,-3,16,-17,0,-23,16,-44,0,-15,16,-65,0,13,0,-70,0,62,0,-62,0,103,0,-46,0,127,0,-40,0,121,0,-61,0,98,0,0,0,0,0,-134,0,73,0,86,0,90,0,28,0,-133,0,-2,16,-68,0,-2,16,-2,0,23,0,22,1,46,0,13,1,75,0,-14,0,90,0,-37,0,92,0,-52,0,79,0,-63,0,74,0,-64,0,73,0]"
CSI_DATA,124629,d8:b1:90:d9:de:f0,-38,11,-99,-35,39,104,-1444634857,277,0,106,0,"[1,0,-23,0,34,0,62,1,93,0,86,1,138,0,52,1,-123,0,2,1,-134,0,-53,0,104,0,-97,0,43,0,-125,0,-32,16,-131,0,-112,16,-122,0,113,16,-110,0,103,16,-94,0,123,16,-109,0,0,0,0,0,-133,16,87,0,-137,16,13,0,93,16,-69,16,42,16,-130,16,-9,15,118,16,-26,15,127,16,-14,15,-123,16,11,16,-91,16,47,16,-77,16,87,16,-76,16,127,16,-103,16,-123,16,136,16,-115,16]"
CSI_DATA,124630,d8:b1:90:d9:de:f0,-38,9,-99,-36,40,104,-1444634403,130,0,106,0,"[-53,15,23,15,-110,15,-37,14,79,15,-37,14,49,15,12,15,36,15,61,15,63,15,117,15,93,15,-111,15,-104,15,-106,15,-36,15,-127,15,21,0,99,15,46,0,62,15,45,0,48,15,32,0,57,15,0,0,0,0,54,0,-121,15,100,0,-75,15,-83,0,-43,15,-12,0,-41,15,34,1,-64,15,43,1,-96,15,19,1,-117,15,-27,0,-120,15,-69,0,-111,15,-88,0,-94,15,-94,0,-61,15,-91,0,-25,15,-82,0]"
CSI_DATA,124631,d8:b1:90:d9:de:f0,-38,9,-99,-35,39,104,-1444634232,130,0,106,0,"[-31,0,78,0,50,1,62,0,83,1,9,0,58,1,-42,16,22,1,-80,16,-41,0,-97,16,-80,0,-75,16,-107,0,-29,16,-122,0,38,0,-117,0,102,0,-103,0,-125,0,-89,0,-124,0,-99,0,133,0,0,0,0,0,112,0,116,0,43,0,-136,0,-14,16,-78,0,-44,16,-14,0,-37,16,40,1,-7,16,54,1,14,0,38,1,35,0,-5,0,41,0,-43,0,27,0,-65,0,1,0,-79,0,-27,16,-91,0,-41,16]"
CSI_DATA,124632,d8:b1:90:d9:de:f0,-38,9,-99,-37,39,104,-1444425503,98,0,106,0,"[-87,0,-86,17,3,1,143,17,31,1,81,17,11,1,45,17,-26,0,41,17,-76,0,64,17,-103,0,109,17,-131,0,-114,17,142,0,-20,17,133,0,75,0,129,0,145,0,127,0,-122,0,110,0,-129,0,0,0,0,0,8,0,100,0,-77,17,56,0,107,17,28,0,4,17,18,0,-55,16,26,0,-78,16,32,0,-57,16,38,0,-12,16,36,0,34,17,21,0,78,17,-8,17,121,17,-54,17,-138,17,-105,17,-122,17]"
CSI_DATA,124633,d8:b1:90:d9:de:f0,-38,9,-99,-37,40,104,-1444407331,98,0,106,0,"[113,0,-75,0,-71,0,-27,0,2,1,-33,0,27,1,-78,0,24,1,128,0,-3,0,81,0,-34,0,61,0,-81,0,66,0,123,0,93,0,78,0,-128,0,43,0,-91,0,32,0,-81,0,26,0,-99,0,0,0,0,0,-11,15,120,0,-78,15,81,0,101,15,79,0,27,15,84,0,-14,14,116,0,-26,14,-112,0,3,15,-97,0,41,15,-94,0,78,15,-100,0,96,15,-121,0,107,15,109,0,98,15,76,0,97,15]"
CSI_DATA,124634,d8:b1:90:d9:de:f0,-35,11,-99,-37,37,104,-1444308857,100,0,114,0,"[17,-33,21,-36,26,-34,29,-34,31,-36,31,-33,31,-29,31,-26,31,-26,31,-24,29,-21,30,-21,30,-21,29,-21,30,-23,31,-23,34,-23,36,-24,37,-26,39,-26,39,-26,39,-24,39,-24,37,-24,39,-23,39,-23,37,-21,37,-20,0,0,37,-18,39,-20,39,-18,40,-18,42,-18,42,-17,42,-17,42,-17,40,-15,40,-15,39,-15,37,-14,34,-13,34,-13,34,-13,34,-11,34,-11,34,-11,36,-11,37,-10,39,-10,42,-10,43,-7,45,-7,45,-4,43,-1,42,1,37,2]"
CSI_DATA,124635,d8:b1:90:d9:de:f0,-38,9,-99,-35,39,104,-1444216559,98,0,106,0,"[-74,0,109,16,-47,0,25,16,-73,0,-28,15,-117,0,-38,15,117,0,-21,15,93,0,11,16,88,0,51,16,97,0,91,16,121,0,-139,16,-128,0,-81,16,-104,0,-32,16,-94,0,-2,16,-95,0,18,0,0,0,0,0,-127,0,62,0,113,0,97,0,81,0,-114,0,53,0,-51,0,39,0,8,1,51,0,40,1,61,0,40,1,87,0,16,1,92,0,-9,0,92,0,-37,0,73,0,-69,0,27,0,-91,0,-13,16]"
CSI_DATA,124636,d8:b1:90:d9:de:f0,-37,9,-99,-37,39,104,-1444216427,108,0,106,0,"[112,0,47,17,108,0,-39,16,66,0,-76,16,30,0,-71,16,-5,17,-35,16,-11,17,-1,16,-2,17,36,17,28,0,64,17,64,0,95,17,116,0,131,17,-135,0,-125,17,-108,0,-98,17,-100,0,-70,17,0,0,0,0,-115,0,-21,17,-120,0,24,0,-115,0,95,0,-110,0,-128,0,-99,0,-69,0,-80,0,-47,0,-71,0,-49,0,-57,0,-81,0,-65,0,-105,0,-83,0,-125,0,-115,0,-133,0,135,0,-133,0,99,0]"
CSI_DATA,124637,d8:b1:90:d9:de:f0,-38,11,-99,-34,39,104,-1443799259,277,0,106,0,"[0,1,51,0,83,1,21,0,95,1,-41,15,64,1,-96,15,6,1,-124,15,-44,0,-119,15,-94,0,-98,15,-122,0,-47,15,130,0,27,0,-135,0,81,0,-132,0,121,0,-131,0,131,0,113,0,130,0,0,0,0,0,37,0,-128,0,-13,15,-103,0,-61,15,-38,0,-76,15,16,1,-75,15,58,1,-51,15,60,1,-30,15,37,1,-10,15,-7,0,0,0,-33,0,-2,15,-75,0,-24,15,-96,0,-55,15,-113,0,-65,15]"
CSI_DATA,124638,d8:b1:90:d9:de:f0,-39,9,-99,-34,40,104,-1443798814,98,0,106,0,"[-57,0,-67,0,-1,0,-40,0,29,0,-55,0,20,0,-81,0,-2,0,-117,0,-40,0,96,0,-84,0,86,0,94,0,94,0,28,0,113,0,-38,14,-109,0,-80,14,-100,0,-97,14,-101,0,-101,14,118,0,0,0,0,0,110,14,34,0,86,14,-25,14,46,14,-89,14,6,14,107,14,-21,13,86,14,-22,13,91,14,0,14,103,14,35,14,-118,14,69,14,-109,14,104,14,-109,14,-98,14,-117,14,-62,14,114,14,-34,14]"
CSI_DATA,124639,d8:b1:90:d9:de:f0,-39,9,-99,-32,40,104,-1443798664,130,0,106,0,"[24,13,-109,0,-9,12,-62,0,-4,12,-32,0,32,13,-22,0,65,13,-40,0,98,13,-65,0,-111,13,-108,0,-105,13,65,0,-110,13,6,0,109,13,-56,13,107,13,-95,13,112,13,-110,13,-98,13,-113,13,0,0,0,0,-15,13,101,13,42,0,89,13,103,0,57,13,-81,0,19,13,-65,0,-2,12,-67,0,-2,12,-81,0,16,13,-101,0,40,13,112,0,68,13,107,0,105,13,112,0,-87,13,-106,0,-52,13,-104,0]"
CSI_DATA,124640,d8:b1:90:d9:de:f0,-39,9,-99,-34,40,104,-1443798511,130,0,106,0,"[1,14,85,0,-46,13,-109,0,-46,13,-76,0,-6,13,-57,0,38,14,-68,0,78,14,-88,0,108,14,112,0,-118,14,53,0,-114,14,-7,14,-118,14,-73,14,-118,14,-115,14,-115,14,111,14,-93,14,116,14,0,0,0,0,-10,14,108,14,50,0,90,14,118,0,59,14,-78,0,26,14,-62,0,-4,13,-71,0,-7,13,-86,0,19,14,-115,0,40,14,114,0,73,14,113,0,103,14,116,0,-98,14,-113,0,-67,14,-114,0]"
CSI_DATA,124641,d8:b1:90:d9:de:f0,-38,9,-99,-36,40,104,-1443798358,113,0,106,0,"[1,15,56,0,-52,14,89,0,-58,14,126,0,-21,14,-110,0,20,15,-111,0,60,15,123,0,89,15,88,0,107,15,36,0,118,15,-30,15,123,15,-92,15,127,15,123,15,-117,15,106,15,-90,15,109,15,0,0,0,0,-16,15,103,15,45,0,91,15,108,0,58,15,-100,0,24,15,-78,0,4,15,-78,0,3,15,-100,0,21,15,-121,0,47,15,123,0,77,15,119,0,110,15,126,0,-110,15,-115,0,-74,15,-114,0]"
CSI_DATA,124642,d8:b1:90:d9:de:f0,-38,11,-99,-35,39,104,-1443381460,277,0,106,0,"[-61,16,61,16,-106,16,-25,15,105,16,-49,15,65,16,-27,15,51,16,16,16,52,16,57,16,86,16,100,16,134,16,113,16,-71,16,104,16,-8,16,90,16,52,0,74,16,75,0,69,16,70,0,88,16,0,0,0,0,56,0,-129,16,76,0,-52,16,123,0,14,0,-97,0,88,0,-39,0,125,0,0,1,128,0,13,1,107,0,6,1,83,0,-5,0,57,0,-34,0,46,0,-76,0,47,0,-103,0,68,0,-136,0]"
CSI_DATA,124643,d8:b1:90:d9:de:f0,-39,9,-99,-35,40,104,-1443380961,120,0,106,0,"[-54,0,71,0,34,0,68,0,82,0,25,0,84,0,-30,14,51,0,-75,14,10,0,-89,14,-24,0,-86,14,-58,0,-64,14,-83,0,-8,14,-93,0,51,0,-95,0,92,0,-94,0,111,0,-94,0,105,0,0,0,0,0,95,0,77,0,36,0,77,0,-35,14,104,0,-93,14,-96,0,-121,14,-42,0,123,14,0,0,-97,14,17,0,-59,14,12,0,-32,14,-5,0,-14,14,-28,0,-13,14,-58,0,-30,14,-87,0,-44,14]"
CSI_DATA,124644,d8:b1:90:d9:de:f0,-38,9,-99,-35,39,104,-1443380794,101,0,106,0,"[26,0,49,16,1,0,-45,15,-74,16,-87,15,-125,16,-67,15,111,16,-21,15,92,16,30,16,107,16,74,16,-133,16,104,16,-71,16,104,16,-1,16,95,16,40,0,74,16,54,0,62,16,41,0,75,16,0,0,0,0,33,0,137,16,57,0,-75,16,124,0,-15,16,-79,0,18,0,-10,0,20,0,30,1,0,0,28,1,-41,16,8,1,-75,16,-28,0,-91,16,-59,0,-104,16,-89,0,-88,16,-105,0,-62,16,-117,0]"
CSI_DATA,124645,d8:b1:90:d9:de:f0,-39,9,-99,-35,40,104,-1443380662,214,0,106,0,"[50,14,-58,14,-36,13,-63,14,-82,13,-47,14,-83,13,-16,14,-60,13,8,0,-27,13,4,0,7,14,0,0,51,14,-30,14,105,14,-76,14,-96,14,117,14,-59,14,78,14,-34,14,56,14,-22,14,69,14,0,0,0,0,8,0,122,14,51,0,-65,14,112,0,-11,14,-71,0,38,0,-14,0,70,0,21,0,79,0,22,0,68,0,8,0,61,0,-10,0,48,0,-32,0,45,0,-67,0,56,0,-103,0,76,0,112,0]"
CSI_DATA,124646,d8:b1:90:d9:de:f0,-39,9,-99,-37,41,104,-1443380499,214,0,106,0,"[-101,13,72,13,79,13,12,13,29,13,1,13,6,13,16,13,9,13,53,13,23,13,76,13,60,13,97,13,104,13,98,13,-69,13,88,13,0,0,77,13,50,0,71,13,77,0,74,13,82,0,85,13,0,0,0,0,71,0,-88,13,75,0,-25,13,96,0,50,0,-110,0,-112,0,-84,0,-61,0,-57,0,-41,0,-45,0,-46,0,-44,0,-61,0,-55,0,-80,0,-77,0,-102,0,-110,0,-109,0,89,0,-107,0,55,0]"
CSI_DATA,124647,d8:b1:90:d9:de:f0,-40,9,-99,-35,41,104,-1443380354,214,0,106,0,"[64,12,92,0,10,12,-73,0,2,12,-27,0,23,12,-4,0,51,12,-8,0,78,12,-21,0,93,12,-51,0,100,12,-95,0,91,12,69,0,77,12,6,0,62,12,-36,12,61,12,-60,12,69,12,-65,12,0,0,0,0,-89,12,-61,12,-33,12,-66,12,36,0,-92,12,98,0,88,12,-84,0,52,12,-66,0,28,12,-78,0,16,12,-98,0,19,12,107,0,31,12,93,0,51,12,90,0,81,12,97,0,-109,12,105,0]"
CSI_DATA,124648,d8:b1:90:d9:de:f0,-39,9,-99,-37,41,104,-1443380192,214,0,106,0,"[48,13,-43,13,-31,12,-38,13,-78,12,-7,13,-78,12,44,0,-44,12,66,0,-19,12,54,0,13,13,46,0,50,13,27,0,76,13,-30,13,102,13,-84,13,-116,13,106,13,-100,13,83,13,-83,13,78,13,0,0,0,0,-41,13,-99,13,14,0,-79,13,80,0,-69,13,-73,0,-73,13,-16,0,-75,13,18,0,-84,13,7,0,-108,13,-7,0,-115,13,-33,0,112,13,-64,0,-116,13,-83,0,-91,13,-86,0,-46,13,-98,0]"
CSI_DATA,124649,d8:b1:90:d9:de:f0,-39,9,-99,-35,40,104,-1443380029,214,0,106,0,"[119,14,82,14,48,14,32,14,-7,13,36,14,-27,13,69,14,-30,13,109,14,-6,13,-109,14,27,14,-89,14,73,14,-92,14,-116,14,-114,14,-59,14,97,14,-16,14,68,14,2,0,61,14,5,0,68,14,0,0,0,0,19,0,-124,14,52,0,-62,14,115,0,-11,14,-67,0,29,0,-10,0,42,0,26,0,39,0,34,0,19,0,17,0,0,0,-3,0,-15,14,-32,0,-21,14,-62,0,-9,14,-84,0,16,0,-106,0]"
CSI_DATA,124650,d8:b1:90:d9:de:f0,-38,9,-99,-37,40,104,-1443379866,214,0,106,0,"[-2,15,48,15,-23,15,-42,14,-78,15,-79,14,-122,15,-65,14,119,15,-28,14,112,15,13,15,-130,15,52,15,-88,15,78,15,-22,15,86,15,48,0,87,15,106,0,81,15,122,0,79,15,118,0,96,15,0,0,0,0,88,0,-122,15,86,0,-42,15,119,0,37,0,-103,0,108,0,-56,0,-110,0,-22,0,-101,0,-7,0,-118,0,-10,0,125,0,-20,0,92,0,-50,0,75,0,-89,0,74,0,-123,0,93,0,112,0]"
CSI_DATA,124651,d8:b1:90:d9:de:f0,-39,9,-99,-34,40,104,-1443379540,98,0,106,0,"[-36,0,-18,14,37,0,-55,14,63,0,-109,14,48,0,84,14,2,0,64,14,-37,0,61,14,-69,0,82,14,-87,0,-120,14,-87,0,-65,14,-76,0,-6,14,-62,0,34,0,-53,0,48,0,-63,0,46,0,0,0,0,0,117,0,46,0,64,0,67,0,6,0,119,0,-33,14,-62,0,-44,14,-3,0,-33,14,31,0,-8,14,32,0,20,0,17,0,38,0,-8,0,46,0,-29,0,33,0,-61,0,12,0,-78,0,-9,14]"
CSI_DATA,124652,d8:b1:90:d9:de:f0,-40,11,-99,-33,41,104,-1443309223,100,0,228,0,"[-4,8,-4,10,-4,13,-4,17,-6,18,-7,20,-8,20,89,36,-11,20,-12,18,-12,17,-12,16,-12,15,-12,14,-11,14,-8,13,-8,14,-5,13,-3,15,-2,14,0,13,-27,-24,3,14,4,14,5,14,6,14,5,13,5,13,0,0,5,10,5,8,5,7,6,4,8,3,8,0,97,0,12,-4,13,-6,15,-7,16,-8,17,-8,17,-8,18,-8,18,-8,18,-8,17,-7,17,-5,17,-5,17,-4,-16,0,15,-4,14,-4,13,-5,13,-5,11,-5,9,-6,9,-5,-11,-4,-12,6,-4,13,5,14,14,7,14,-4,6,-11,-15,9,-9,-3,-7,4,0,7,8,2,8,-4,1,-11,-9,-9,-15,0,-13,13,1,22,17,17,25,0,19,-18,1,-11,-18,-17,-24,0,-17,15,0,22,13,13,17,0,0,0,-3,-13,-12,-6,-13,5,-4,13,9,13,16,1,22,-13,0,-14,-10,-9,-13,0,-8,8,0,9,5,4,6,-1,0,-4,-3,-2,-3,3,2,5,8,4,11,-4,21,-17,-5,-15,-17,-8,-22,4,-13,17,1,22,14,16,19,2]"
CSI_DATA,124653,d8:b1:90:d9:de:f0,-38,9,-99,-38,40,104,-1443172098,113,0,106,0,"[-121,0,129,15,-70,0,56,15,-80,0,-5,14,-119,0,-25,14,103,0,-20,14,77,0,14,15,70,0,55,15,90,0,100,15,-133,0,-117,15,-79,0,-78,15,-37,0,-65,15,-28,0,-65,15,-46,0,-66,15,0,0,0,0,134,0,-37,15,88,0,23,0,60,0,102,0,55,0,-78,0,67,0,-16,0,92,0,14,1,116,0,4,1,126,0,-22,0,120,0,-47,0,112,0,-66,0,92,0,-68,0,66,0,-67,0,59,0]"
CSI_DATA,124654,d8:b1:90:d9:de:f0,-36,11,-99,-34,37,104,-1442963661,277,0,106,0,"[-18,20,62,20,-80,20,-37,18,168,20,-60,18,105,20,-9,18,73,20,68,20,97,20,121,20,134,20,157,20,-153,20,158,20,-81,20,120,20,-37,20,56,20,-30,20,16,20,-45,20,14,20,-62,20,64,20,0,0,0,0,-36,20,158,20,49,0,-130,20,157,0,-136,20,-100,0,-160,20,-53,0,129,20,-48,0,89,20,-82,0,72,20,-134,0,77,20,-158,0,90,20,-170,0,96,20,165,0,104,20,-162,0,120,20,161,0]"
CSI_DATA,124655,d8:b1:90:d9:de:f0,-36,9,-99,-36,38,104,-1442963180,130,0,106,0,"[71,18,-8,18,-27,17,8,0,-73,17,54,0,-54,17,96,0,-11,17,125,0,37,18,119,0,81,18,90,0,100,18,23,0,114,18,-65,18,104,18,-142,18,96,18,132,18,91,18,128,18,112,18,157,18,0,0,0,0,-100,18,-138,18,-17,18,-134,18,84,0,149,18,-161,0,108,18,-117,0,62,18,-109,0,40,18,-122,0,47,18,-135,0,69,18,-148,0,85,18,-148,0,108,18,-134,0,130,18,-115,0,153,18,-129,0]"
CSI_DATA,124656,d8:b1:90:d9:de:f0,-37,9,-99,-34,38,104,-1442963054,98,0,106,0,"[-60,0,34,0,43,1,11,0,85,1,-48,17,68,1,-111,17,11,1,-137,17,-43,0,-142,17,-91,0,-106,17,-116,0,-39,17,-115,0,46,0,-95,0,125,0,-79,0,-141,0,-68,0,-147,0,-89,0,136,0,0,0,0,0,97,0,93,0,14,0,106,0,-84,17,-152,0,-149,17,-87,0,124,17,-32,0,127,17,-1,0,147,17,-7,0,-133,17,-22,0,-122,17,-46,0,-120,17,-71,0,-134,17,-92,0,-147,17,-101,0,-143,17]"
CSI_DATA,124657,d8:b1:90:d9:de:f0,-36,9,-99,-36,38,104,-1442908581,108,0,106,0,"[-57,18,86,18,-112,18,-1,17,125,18,-26,17,80,18,16,18,56,18,79,18,81,18,140,18,125,18,-144,18,-128,18,-146,18,-41,18,138,18,23,0,88,18,50,0,41,18,36,0,23,18,13,0,54,18,0,0,0,0,30,0,-148,18,90,0,-67,18,-127,0,-17,18,-26,0,-1,18,45,1,-18,18,70,1,-57,18,54,1,-85,18,10,1,-98,18,-32,0,-99,18,-60,0,-85,18,-67,0,-56,18,-69,0,-23,18,-75,0]"
CSI_DATA,124658,d8:b1:90:d9:de:f0,-37,11,-99,-35,38,104,-1442336963,277,0,106,0,"[56,18,-56,18,-47,17,-44,18,-96,17,1,0,-81,17,42,0,-40,17,83,0,23,18,81,0,63,18,50,0,103,18,-6,18,140,18,-88,18,-150,18,139,18,-143,18,75,18,-145,18,57,18,-136,18,79,18,0,0,0,0,-61,18,130,18,18,0,-135,18,123,0,-155,18,-99,0,144,18,-36,0,122,18,-24,0,97,18,-37,0,96,18,-64,0,112,18,-102,0,139,18,-107,0,-135,18,-90,0,-92,18,-78,0,-56,18,-69,0]"
CSI_DATA,124659,d8:b1:90:d9:de:f0,-37,9,-99,-37,39,104,-1442336518,98,0,106,0,"[114,0,65,17,116,0,-31,16,66,0,-81,16,16,0,-77,16,-31,17,-46,16,-57,17,6,17,-50,17,62,17,-3,17,106,17,68,0,142,17,144,0,-137,17,-98,0,-138,17,-81,0,145,17,-103,0,-145,17,0,0,0,0,140,0,-69,17,137,0,4,0,-142,0,93,0,-98,0,-131,0,-47,0,-94,0,-20,0,-97,0,-18,0,-123,0,-38,0,146,0,-68,0,129,0,-88,0,125,0,-121,0,143,0,-131,0,-136,0,-138,0]"
CSI_DATA,124660,d8:b1:90:d9:de:f0,-37,9,-99,-36,38,104,-1442336413,98,0,106,0,"[35,0,-52,0,96,0,37,1,-146,0,60,1,-91,0,16,1,-78,0,-54,0,-93,0,-108,0,-130,0,-146,0,125,0,-154,0,44,0,-139,0,-28,18,-100,0,-71,18,-66,0,-73,18,-47,0,-59,18,-70,0,0,0,0,0,-67,18,-154,0,-108,18,94,0,132,18,40,0,44,18,11,0,-17,17,15,0,-42,17,36,0,-22,17,57,0,10,18,71,0,45,18,71,0,73,18,52,0,78,18,27,0,69,18,-8,18,71,18]"
CSI_DATA,124661,d8:b1:90:d9:de:f0,-34,11,-99,-35,36,104,-1442309029,100,0,114,0,"[12,40,10,43,9,47,6,49,4,50,3,49,0,49,0,46,-1,43,-3,41,-1,41,-1,41,-1,41,-3,41,-1,43,-1,44,-3,46,-3,49,-1,50,-1,50,-1,52,-1,52,-3,50,-1,50,-3,49,-3,49,-3,47,-3,46,0,0,-3,46,-4,44,-4,46,-3,47,-3,47,-4,47,-4,47,-4,47,-4,46,-4,46,-3,44,-3,43,-3,40,-1,38,-1,36,-1,36,-1,36,-1,36,-1,36,-3,38,-3,40,-3,41,-4,43,-6,44,-7,44,-9,41,-10,40,-12,35]"
CSI_DATA,124662,d8:b1:90:d9:de:f0,-36,9,-99,-35,37,104,-1442272381,130,0,106,0,"[-120,0,172,0,-10,0,-139,0,54,1,-167,0,52,1,137,0,35,1,90,0,-24,0,65,0,-78,0,69,0,-137,0,119,0,144,0,-159,0,98,0,-90,0,71,0,-37,0,68,0,-31,0,61,0,-72,0,0,0,0,0,-13,20,164,0,-97,20,94,0,144,20,45,0,35,20,19,0,-41,19,26,0,-63,19,41,0,-48,19,54,0,-1,19,53,0,38,20,39,0,54,20,15,0,68,20,-23,20,78,20,-61,20,82,20]"
CSI_DATA,124663,d8:b1:90:d9:de:f0,-36,9,-99,-35,37,104,-1442248113,120,0,106,0,"[23,0,-69,0,53,0,24,1,98,0,64,1,144,0,50,1,161,0,19,1,156,0,-34,0,131,0,-64,0,89,0,-90,0,9,0,-118,0,-79,20,-131,0,-141,20,-135,0,-174,20,-145,0,-168,20,172,0,0,0,0,0,-157,20,91,0,-163,20,-9,20,141,20,-102,20,100,20,166,20,57,20,116,20,35,20,105,20,31,20,118,20,52,20,153,20,78,20,171,20,100,20,171,20,130,20,168,20,172,20,166,20,-144,20]"
CSI_DATA,124664,d8:b1:90:d9:de:f0,-36,9,-99,-36,38,104,-1442247955,120,0,106,0,"[119,0,96,18,143,0,-6,17,123,0,-71,17,70,0,-86,17,22,0,-60,17,-1,18,-18,17,-1,18,36,18,28,0,81,18,81,0,138,18,159,0,-148,18,-107,0,-115,18,-84,0,-112,18,-105,0,-91,18,0,0,0,0,158,0,-27,18,137,0,57,0,137,0,157,0,152,0,-69,0,-135,0,-10,0,-113,0,-3,0,-109,0,-23,0,-109,0,-60,0,-117,0,-88,0,-140,0,-101,0,148,0,-113,0,105,0,-113,0,74,0]"
CSI_DATA,124665,d8:b1:90:d9:de:f0,-37,11,-99,-36,38,104,-1441710264,277,0,106,0,"[-56,0,26,0,22,1,12,0,62,1,-41,18,55,1,-94,18,23,1,-138,18,-31,0,-146,18,-74,0,-146,18,-107,0,-110,18,-124,0,-40,18,-129,0,40,0,-120,0,95,0,-117,0,117,0,-125,0,118,0,0,0,0,0,118,0,108,0,51,0,142,0,-15,18,-109,0,-55,18,-31,0,-55,18,32,1,-39,18,62,1,-1,18,61,1,33,0,28,1,41,0,-15,0,51,0,-46,0,37,0,-66,0,12,0,-99,0,-1,18]"
CSI_DATA,124666,d8:b1:90:d9:de:f0,-37,9,-99,-36,39,104,-1441709783,130,0,106,0,"[43,0,49,16,52,0,-30,15,30,0,-75,15,8,0,-77,15,-17,16,-50,15,-32,16,-14,15,-24,16,29,16,6,0,78,16,63,0,129,16,129,0,-104,16,-100,0,-66,16,-77,0,-51,16,-76,0,-39,16,0,0,0,0,-140,0,32,0,103,0,89,0,61,0,-109,0,43,0,-16,0,44,0,44,1,52,0,68,1,63,0,54,1,70,0,28,1,61,0,-4,0,41,0,-39,0,15,0,-63,0,-17,16,-88,0,-47,16]"
CSI_DATA,124667,d8:b1:90:d9:de:f0,-38,11,-99,-36,39,104,-1441501365,277,0,106,0,"[51,16,-51,16,-37,15,-32,16,-77,15,16,0,-68,15,75,0,-23,15,99,0,26,16,124,0,69,16,105,0,106,16,63,0,135,16,-3,16,140,16,-84,16,135,16,-134,16,129,16,138,16,133,16,-138,16,0,0,0,0,-74,16,-116,16,0,0,-126,16,85,0,118,16,-142,0,57,16,-127,0,-2,15,-132,0,-33,15,120,0,-28,15,84,0,-3,15,57,0,24,16,60,0,60,16,76,0,103,16,100,0,122,16,117,0]"
CSI_DATA,124668,d8:b1:90:d9:de:f0,-37,9,-99,-34,38,104,-1441500920,108,0,106,0,"[27,0,39,17,-10,17,-47,16,-78,17,-80,16,-134,17,-48,16,131,17,-4,16,121,17,57,17,136,17,105,17,-118,17,130,17,-51,17,134,17,20,0,122,17,68,0,97,17,77,0,83,17,68,0,95,17,0,0,0,0,80,0,-136,17,123,0,-74,17,-103,0,-28,17,-17,0,-13,17,47,1,-36,17,65,1,-72,17,42,1,-108,17,0,1,-123,17,-48,0,-128,17,-82,0,-116,17,-97,0,-84,17,-99,0,-54,17,-101,0]"
CSI_DATA,124669,d8:b1:90:d9:de:f0,-36,9,-99,-36,38,104,-1441473421,101,0,106,0,"[52,18,47,0,-30,17,67,0,-65,17,113,0,-51,17,144,0,-20,17,-156,0,27,18,153,0,64,18,130,0,94,18,76,0,118,18,-13,18,137,18,-103,18,149,18,152,18,158,18,122,18,-147,18,122,18,0,0,0,0,-71,18,148,18,11,0,-147,18,117,0,-156,18,-110,0,146,18,-45,0,117,18,-17,0,94,18,-28,0,84,18,-61,0,104,18,-98,0,123,18,-119,0,158,18,-125,0,-113,18,-117,0,-56,18,-109,0]"
CSI_DATA,124670,d8:b1:90:d9:de:f0,-41,11,-99,-36,42,104,-1441308834,100,0,228,0,"[1,-8,0,-11,1,-15,2,-18,3,-20,5,-21,7,-22,86,35,10,-20,11,-19,12,-18,13,-15,13,-14,12,-12,11,-11,11,-10,8,-8,6,-7,3,-7,1,-7,-1,-7,-27,-23,-5,-9,-7,-10,-7,-11,-7,-11,-7,-11,-7,-11,0,0,-4,-7,-6,-7,-6,-4,-7,-2,-8,0,-10,2,84,11,-15,5,-18,5,-20,6,-21,5,-22,3,-22,3,-21,2,-20,0,-19,0,-18,0,-16,-1,-15,0,-13,0,46,11,-11,0,-11,2,-9,3,-9,5,-8,5,-8,6,-8,5,7,0,6,-7,0,-11,-7,-9,-12,0,-9,7,-1,11,15,-14,8,0,3,-6,-3,-7,-8,0,-7,7,0,12,11,8,18,-2,12,-16,-1,-23,-18,-17,-27,0,-21,17,-7,18,14,22,23,5,19,-10,6,-18,-7,-14,-12,-3,0,0,0,8,7,3,7,-4,0,-10,-8,-8,-13,0,-22,15,1,14,10,8,13,0,7,-7,0,-8,-5,-3,-4,2,1,3,5,0,4,-6,-1,-10,-11,-7,-15,2,-24,14,0,20,15,18,24,4,22,-11,8,-22,-6,-21,-15,-10]"
CSI_DATA,124671,d8:b1:90:d9:de:f0,-37,11,-99,-36,38,104,-1441292465,277,0,106,0,"[89,18,143,0,20,18,-100,0,21,18,-23,0,61,18,7,1,113,18,15,1,-157,18,-6,0,-128,18,-45,0,-122,18,-101,0,-142,18,139,0,138,18,54,0,98,18,2,0,75,18,-21,18,89,18,-20,18,0,0,0,0,-154,18,-44,18,-85,18,-90,18,-23,18,142,18,6,0,42,18,8,0,-36,17,-11,18,-65,17,-50,18,-49,17,-70,18,-7,17,-74,18,30,18,-66,18,73,18,-28,18,104,18,17,0,123,18,45,0]"
CSI_DATA,124672,d8:b1:90:d9:de:f0,-37,9,-99,-33,38,104,-1441292002,130,0,106,0,"[-94,0,-137,0,3,1,-114,0,73,1,-146,0,90,1,91,0,70,1,32,0,34,1,-8,17,-6,0,-24,17,-61,0,-13,17,-106,0,38,0,-147,0,107,0,128,0,-132,0,129,0,-108,0,125,0,-120,0,0,0,0,0,69,0,135,0,-2,17,121,0,-98,17,144,0,123,17,-101,0,87,17,-43,0,87,17,-2,0,132,17,12,1,-122,17,8,1,-84,17,-23,0,-69,17,-61,0,-71,17,-100,0,-97,17,-135,0,-110,17]"
CSI_DATA,124673,d8:b1:90:d9:de:f0,-38,9,-99,-35,39,104,-1441291840,113,0,106,0,"[-88,16,-54,0,-71,16,35,1,-23,16,89,1,47,0,83,1,94,0,45,1,115,0,-1,0,122,0,-45,0,100,0,-89,0,29,0,-111,0,-35,16,-117,0,-83,16,-107,0,-103,16,-101,0,-99,16,-106,0,0,0,0,0,-74,16,112,0,-103,16,38,0,116,16,-18,16,42,16,-53,16,-23,15,-50,16,-57,15,-23,16,-47,15,18,0,-14,15,43,0,27,16,67,0,64,16,67,0,94,16,46,0,106,16,7,0,112,16]"
CSI_DATA,124674,d8:b1:90:d9:de:f0,-37,9,-99,-37,39,104,-1441291714,252,0,106,0,"[-80,17,64,17,-139,17,-6,16,73,17,-15,16,30,17,24,17,0,17,79,17,15,17,145,17,39,17,-109,17,86,17,-98,17,-138,17,-121,17,-81,17,128,17,-46,17,79,17,-43,17,58,17,-53,17,73,17,0,0,0,0,-36,17,136,17,34,0,-118,17,125,0,-115,17,-84,0,-138,17,-42,0,101,17,-35,0,58,17,-68,0,32,17,-129,0,35,17,128,0,57,17,102,0,85,17,102,0,122,17,118,0,-133,17,135,0]"
CSI_DATA,124675,d8:b1:90:d9:de:f0,-38,9,-99,-35,39,104,-1441083112,98,0,106,0,"[-95,0,64,0,-10,0,97,0,46,1,100,0,67,1,86,0,61,1,71,0,42,1,58,0,22,1,54,0,-19,0,73,0,-81,0,91,0,126,0,119,0,56,0,-135,0,5,0,-122,0,-16,16,-135,0,0,0,0,0,-40,16,77,0,-58,16,-2,16,-94,16,-94,16,137,16,98,16,91,16,35,16,57,16,19,16,54,16,29,16,59,16,52,16,68,16,81,16,94,16,105,16,136,16,133,16,-93,16,-129,16,-43,16]"
CSI_DATA,124676,d8:b1:90:d9:de:f0,-38,11,-99,-37,40,104,-1440874666,277,0,106,0,"[0,0,-67,0,-1,15,4,1,17,0,42,1,31,0,58,1,54,0,52,1,65,0,36,1,69,0,14,1,54,0,-6,0,17,0,-47,0,-28,15,-91,0,-82,15,124,0,-113,15,91,0,-125,15,64,0,0,0,0,0,-109,15,17,0,-73,15,-42,15,-55,15,-126,15,-48,15,46,15,-57,15,-25,14,-84,15,-54,14,-104,15,-51,14,-114,15,-20,14,-124,15,15,15,-113,15,50,15,-85,15,90,15,-38,15,116,15,3,0]"
CSI_DATA,124677,d8:b1:90:d9:de:f0,-38,9,-99,-35,40,104,-1440874212,130,0,106,0,"[-80,14,78,14,121,14,21,14,68,14,7,14,32,14,23,14,13,14,47,14,8,14,77,14,9,14,110,14,34,14,-121,14,80,14,-110,14,-104,14,-106,14,-41,14,-114,14,0,14,-120,14,15,0,-122,14,0,0,0,0,31,0,-77,14,63,0,-16,14,-124,0,43,0,-45,0,89,0,27,0,94,0,71,0,68,0,77,0,33,0,57,0,-11,14,19,0,-44,14,-25,0,-56,14,-74,0,-45,14,-114,0,-14,14,103,0]"
CSI_DATA,124678,d8:b1:90:d9:de:f0,-38,9,-99,-35,39,104,-1440874050,113,0,106,0,"[111,0,101,16,135,0,27,16,119,0,-29,15,92,0,-49,15,53,0,-56,15,19,0,-40,15,-3,16,-23,15,-16,16,-1,15,1,0,45,16,33,0,101,16,73,0,-125,16,103,0,-87,16,110,0,-67,16,0,0,0,0,99,0,-20,16,68,0,47,0,68,0,136,0,83,0,-54,0,128,0,8,1,-103,0,27,1,-63,0,1,1,-49,0,-40,0,-52,0,-92,0,-65,0,-135,0,-100,0,114,0,128,0,101,0,80,0]"
CSI_DATA,124679,d8:b1:90:d9:de:f0,-38,9,-99,-35,39,104,-1440665295,311,0,106,0,"[74,16,-21,16,-21,15,-14,16,-61,15,26,0,-64,15,68,0,-43,15,94,0,-11,15,111,0,16,16,107,0,42,16,81,0,71,16,25,0,99,16,-37,16,123,16,-80,16,-135,16,-107,16,-112,16,-111,16,0,0,0,0,-29,16,-103,16,43,0,-95,16,-139,0,-114,16,-59,0,125,16,-15,0,82,16,-1,0,46,16,-29,0,28,16,-70,0,35,16,-110,0,54,16,134,0,80,16,115,0,131,16,118,0,-90,16,129,0]"
CSI_DATA,124680,d8:b1:90:d9:de:f0,-37,9,-99,-33,38,104,-1440654661,130,0,106,0,"[-88,0,-1,17,3,1,-30,17,47,1,-83,17,50,1,-136,17,17,1,130,17,-21,0,115,17,-48,0,127,17,-72,0,-143,17,-92,0,-90,17,-106,0,-28,17,-118,0,25,0,-137,0,54,0,133,0,61,0,0,0,0,0,40,0,70,0,-38,17,85,0,-130,17,143,0,100,17,-84,0,78,17,-30,0,83,17,16,1,115,17,30,1,-131,17,15,1,-93,17,-10,0,-71,17,-48,0,-63,17,-98,0,-72,17,-146,0,-87,17]"
CSI_DATA,124681,d8:b1:90:d9:de:f0,-37,9,-99,-34,38,104,-1440617085,266,0,106,0,"[-52,17,-96,0,-47,17,8,1,-4,17,65,1,42,0,72,1,72,0,55,1,97,0,23,1,96,0,-13,0,74,0,-39,0,26,0,-73,0,-32,17,-103,0,-82,17,-134,0,-114,17,147,0,-111,17,108,0,0,0,0,0,-92,17,32,0,-90,17,-57,17,-114,17,149,17,-152,17,55,17,105,17,3,17,68,17,-4,16,51,17,29,17,47,17,65,17,52,17,109,17,78,17,142,17,124,17,-133,17,-125,17,-118,17,-62,17]"
CSI_DATA,124682,d8:b1:90:d9:de:f0,-38,9,-99,-36,39,104,-1440616843,246,0,106,0,"[69,0,-95,0,131,0,-24,0,-90,0,-2,0,-49,0,-32,0,-25,0,-68,0,-32,0,-100,0,-43,0,-132,0,-75,0,-141,0,-127,0,-139,0,103,0,-131,0,58,0,-121,0,23,0,-118,0,3,0,-139,0,0,0,0,0,-46,16,83,0,-96,16,29,0,107,16,-13,16,24,16,-35,16,-42,15,-30,16,-71,15,-4,16,-61,15,25,0,-33,15,56,0,6,16,77,0,46,16,92,0,93,16,74,0,130,16,35,0,-124,16]"
CSI_DATA,124683,d8:b1:90:d9:de:f0,-35,11,-99,-36,37,104,-1440308853,100,0,114,0,"[-24,26,-29,26,-33,25,-35,24,-38,24,-36,22,-36,19,-36,16,-33,14,-33,14,-32,12,-33,12,-33,12,-33,12,-33,12,-36,14,-38,14,-39,14,-40,15,-42,15,-39,14,-40,14,-42,12,-40,12,-40,11,-39,11,-40,9,-39,9,0,0,-40,8,-40,8,-40,9,-43,9,-42,7,-42,7,-43,7,-45,7,-45,7,-45,5,-40,7,-39,5,-36,5,-36,5,-35,5,-35,5,-35,5,-35,4,-35,4,-36,4,-38,4,-40,2,-42,1,-42,1,-43,-1,-42,-4,-39,-5,-35,-5]"
CSI_DATA,124684,d8:b1:90:d9:de:f0,-37,11,-99,-33,38,104,-1440247968,277,0,106,0,"[17,0,-91,0,42,0,-11,0,81,0,26,1,122,0,30,1,-147,0,18,1,-122,0,-4,0,-115,0,-30,0,-120,0,-63,0,138,0,-99,0,71,0,-125,0,3,0,-145,0,-54,17,-147,0,-79,17,138,0,0,0,0,0,-91,17,97,0,-106,17,32,0,137,17,-45,17,61,17,-107,17,-23,16,-135,17,-72,16,-124,17,-85,16,-63,17,-70,16,-10,17,-36,16,33,0,11,17,70,0,78,17,66,0,146,17,30,0,-106,17]"
CSI_DATA,124685,d8:b1:90:d9:de:f0,-37,9,-99,-35,39,104,-1440247523,98,0,106,0,"[103,16,100,0,35,16,-136,0,6,16,-94,0,8,16,-71,0,23,16,-58,0,45,16,-50,0,66,16,-55,0,82,16,-88,0,107,16,137,0,133,16,63,0,-121,16,-13,16,-111,16,-69,16,-98,16,-100,16,0,0,0,0,-35,16,-98,16,34,0,-85,16,136,0,-78,16,-42,0,-98,16,32,1,-139,16,63,1,94,16,49,1,76,16,13,1,56,16,-34,0,57,16,-92,0,76,16,-139,0,121,16,98,0,-86,16,80,0]"
CSI_DATA,124686,d8:b1:90:d9:de:f0,-38,9,-99,-34,39,104,-1440247427,130,0,106,0,"[-104,15,117,15,120,15,59,15,78,15,33,15,54,15,36,15,44,15,51,15,45,15,67,15,50,15,83,15,73,15,100,15,121,15,127,15,-81,15,-128,15,-3,15,-115,15,51,0,-109,15,83,0,-103,15,0,0,0,0,90,0,-50,15,87,0,21,0,99,0,110,0,131,0,-69,0,-93,0,-2,0,-49,0,18,1,-28,0,1,1,-14,0,-44,0,-22,0,-91,0,-46,0,-133,0,-93,0,97,0,101,0,73,0,29,0]"
CSI_DATA,124687,d8:b1:90:d9:de:f0,-38,9,-99,-36,39,104,-1440038569,108,0,106,0,"[-124,16,104,16,95,16,42,16,48,16,23,16,28,16,41,16,31,16,65,16,48,16,89,16,85,16,111,16,140,16,125,16,-76,16,130,16,13,0,131,16,83,0,134,16,121,0,139,16,130,0,-132,16,0,0,0,0,103,0,-41,16,83,0,46,0,90,0,-126,0,106,0,-26,0,135,0,39,1,-126,0,61,1,-114,0,40,1,-115,0,4,1,-133,0,-42,0,116,0,-80,0,63,0,-112,0,1,0,-130,0,-50,16]"
CSI_DATA,124688,d8:b1:90:d9:de:f0,-38,11,-99,-35,39,104,-1439830169,277,0,106,0,"[-95,0,-134,16,-38,0,85,16,-31,0,28,16,-57,0,9,16,-95,0,-2,15,-129,0,22,16,123,0,52,16,121,0,102,16,128,0,-97,16,-133,0,-19,16,-105,0,42,0,-88,0,71,0,-92,0,87,0,0,0,0,0,111,0,105,0,45,0,129,0,-23,16,-91,0,-76,16,-26,0,-107,16,33,1,-104,16,58,1,-88,16,52,1,-59,16,19,1,-47,16,-17,0,-45,16,-56,0,-66,16,-100,0,-104,16,130,0,-139,16]"
CSI_DATA,124689,d8:b1:90:d9:de:f0,-37,9,-99,-34,38,104,-1439829670,130,0,106,0,"[51,0,-72,0,99,0,8,1,-144,0,34,1,-93,0,13,1,-73,0,-30,0,-77,0,-79,0,-99,0,-116,0,-147,0,-139,0,84,0,-146,0,1,0,-130,0,-62,17,-112,0,-90,17,-97,0,-92,17,-106,0,0,0,0,0,-97,17,130,0,-130,17,62,0,101,17,-2,17,22,17,-46,17,-43,16,-53,17,-72,16,-35,17,-60,16,-5,17,-27,16,22,0,13,17,36,0,61,17,30,0,102,17,-2,17,127,17,-51,17,133,17]"
CSI_DATA,124690,d8:b1:90:d9:de:f0,-37,9,-99,-36,39,104,-1439620789,224,0,106,0,"[77,0,-84,0,121,0,-7,0,-113,0,20,1,-75,0,8,1,-53,0,-25,0,-53,0,-62,0,-68,0,-104,0,-115,0,-124,0,97,0,-140,0,6,0,-141,0,-65,16,-129,0,-108,16,-114,0,-115,16,-111,0,0,0,0,0,-105,16,111,0,-117,16,35,0,126,16,-58,16,57,16,-134,16,-14,15,112,16,-58,15,118,16,-63,15,-135,16,-43,15,-96,16,-2,15,-62,16,48,16,-43,16,109,16,-61,16,-118,16,-107,16,-90,16]"
CSI_DATA,124691,d8:b1:90:d9:de:f0,-37,11,-99,-33,38,104,-1439412370,277,0,106,0,"[-132,17,97,17,91,17,34,17,16,17,41,17,-18,16,83,17,-36,16,144,17,-15,16,-99,17,15,17,-61,17,66,17,-55,17,138,17,-83,17,-90,17,-123,17,-45,17,118,17,-32,17,86,17,-32,17,84,17,0,0,0,0,5,0,143,17,66,0,-117,17,-129,0,-101,17,-41,0,-128,17,26,1,122,17,27,1,69,17,-4,0,50,17,-65,0,47,17,-117,0,66,17,146,0,100,17,140,0,-145,17,-137,0,-98,17,-116,0]"
CSI_DATA,124692,d8:b1:90:d9:de:f0,-38,9,-99,-35,39,104,-1439411916,317,0,106,0,"[-103,0,-128,16,-38,0,82,16,-26,0,23,16,-52,0,-8,15,-90,0,-7,15,-130,0,9,16,123,0,45,16,106,0,106,16,110,0,-87,16,128,0,-1,16,-121,0,68,0,-100,0,104,0,-101,0,106,0,0,0,0,0,92,0,97,0,13,0,104,0,-88,16,-130,0,112,16,-65,0,71,16,2,1,69,16,31,1,100,16,31,1,-130,16,0,1,-109,16,-38,0,-101,16,-88,0,-112,16,125,0,133,16,70,0,103,16]"
CSI_DATA,124693,d8:b1:90:d9:de:f0,-37,9,-99,-33,38,104,-1439411703,337,0,106,0,"[81,17,97,0,5,17,-145,0,-17,16,-92,0,0,17,-56,0,34,17,-46,0,73,17,-51,0,105,17,-81,0,127,17,-130,0,143,17,84,0,140,17,-8,17,136,17,-83,17,128,17,-122,17,132,17,-133,17,0,0,0,0,-90,17,-122,17,-12,17,-127,17,84,0,124,17,-128,0,65,17,-81,0,9,17,-73,0,-23,16,-107,0,-30,16,-145,0,-3,16,125,0,33,17,112,0,85,17,125,0,139,17,-138,0,-106,17,-112,0]"
CSI_DATA,124694,d8:b1:90:d9:de:f0,-38,9,-99,-35,39,104,-1439411500,101,0,106,0,"[-97,0,-121,16,-37,0,85,16,-32,0,21,16,-63,0,-14,15,-115,0,-21,15,127,0,0,16,95,0,34,16,82,0,92,16,89,0,-105,16,127,0,-19,16,-110,0,37,0,-81,0,59,0,-78,0,54,0,0,0,0,0,118,0,57,0,46,0,94,0,-25,16,-104,0,-75,16,-11,0,-74,16,59,1,-47,16,94,1,-11,16,76,1,29,0,34,1,34,0,-19,0,19,0,-65,0,-21,16,-107,0,-74,16,-135,0,-116,16]"
CSI_DATA,124695,d8:b1:90:d9:de:f0,-40,11,-99,-36,42,104,-1439308835,100,0,228,0,"[-3,-7,-6,-8,-8,-11,-9,-14,-10,-16,-10,-19,-8,-20,86,35,-6,-21,-4,-21,-3,-20,-2,-19,-1,-18,0,-16,0,-15,0,-13,-2,-11,-3,-11,-4,-9,-7,-7,-9,-7,-27,-23,-11,-5,-12,-4,-13,-4,-12,-4,-12,-3,-11,-3,0,0,-10,-1,-8,0,-7,2,-7,3,-6,7,-7,10,-88,11,-7,15,-8,16,-10,18,-11,18,-11,18,-11,17,-11,16,-11,15,-11,14,-11,13,-10,12,-9,12,-8,11,92,11,-6,11,-6,11,-4,12,-3,12,-3,11,-3,11,-3,10,7,-5,1,-11,-7,-11,-12,-3,-11,6,-3,11,4,10,0,-19,5,-5,-1,-6,-7,-2,-6,5,0,10,10,7,15,-1,11,-13,-2,-19,-17,-15,-24,0,-19,18,-1,26,5,15,24,3,19,-13,3,-20,-10,-15,-15,-2,-10,8,0,0,9,6,10,-3,2,-11,-7,-10,-13,0,-9,10,-7,27,11,10,14,0,8,-9,-1,-11,-7,-5,-7,2,0,5,4,3,5,-3,0,-7,-7,-7,-11,0,-9,11,-6,28,13,13,21,1,17,-13,4,-22,-11,-19,-19,-7,-17,6]"
CSI_DATA,124696,d8:b1:90:d9:de:f0,-37,9,-99,-35,38,104,-1439203017,98,0,106,0,"[-75,0,79,0,37,1,58,0,91,1,-8,18,77,1,-86,18,20,1,-136,18,-42,0,-152,18,-95,0,-130,18,-130,0,-73,18,-135,0,8,0,-119,0,88,0,-90,0,129,0,-74,0,130,0,-90,0,105,0,0,0,0,0,121,0,88,0,37,0,123,0,-24,18,-102,0,-50,18,-13,0,-33,18,46,1,1,0,63,1,35,0,39,1,47,0,-3,0,50,0,-48,0,33,0,-80,0,-2,18,-88,0,-34,18,-80,0,-30,18]"
CSI_DATA,124697,d8:b1:90:d9:de:f0,-37,9,-99,-36,39,104,-1438994108,130,0,106,0,"[32,0,-32,0,84,0,44,1,-142,0,58,1,-108,0,20,1,-90,0,-28,0,-109,0,-76,0,-135,0,-105,0,93,0,-114,0,24,0,-105,0,-35,16,-94,0,-78,16,-78,0,-90,16,-75,0,-90,16,-93,0,0,0,0,0,-108,16,107,0,-133,16,41,0,97,16,-21,16,31,16,-66,16,-28,15,-83,16,-47,15,-68,16,-31,15,-54,16,-5,15,-34,16,26,16,-22,16,51,16,-28,16,71,16,-44,16,97,16,-76,16,112,16]"
CSI_DATA,124698,d8:b1:90:d9:de:f0,-37,9,-99,-34,38,104,-1438993964,113,0,106,0,"[-66,0,122,0,24,1,130,0,76,1,89,0,66,1,38,0,38,1,0,0,-7,0,-11,17,-47,0,-3,17,-78,0,29,0,-112,0,90,0,-136,0,-149,0,149,0,-109,0,135,0,-96,0,117,0,-111,0,0,0,0,0,55,0,-134,0,-24,17,-147,0,-110,17,-121,0,121,17,-91,0,85,17,-52,0,76,17,-29,0,102,17,-26,0,124,17,-46,0,144,17,-70,0,-146,17,-89,0,148,17,-116,0,134,17,-146,0,135,17]"
CSI_DATA,124699,d8:b1:90:d9:de:f0,-37,11,-99,-34,38,104,-1438785672,277,0,106,0,"[121,17,-131,0,83,17,-41,0,104,17,30,1,-143,17,45,1,-84,17,41,1,-42,17,5,1,-23,17,-32,0,-38,17,-73,0,-87,17,-121,0,-135,17,147,0,117,17,129,0,97,17,129,0,114,17,117,0,0,0,0,0,-146,17,66,0,-135,17,-10,17,139,17,-92,17,87,17,140,17,22,17,108,17,-10,16,123,17,-14,16,-137,17,4,17,-99,17,36,17,-71,17,65,17,-61,17,89,17,-77,17,106,17,-101,17,115,17]"
CSI_DATA,124700,d8:b1:90:d9:de:f0,-38,9,-99,-35,39,104,-1438785182,120,0,106,0,"[137,16,-93,0,104,16,-8,0,121,16,46,1,-118,16,63,1,-77,16,43,1,-56,16,8,1,-50,16,-40,0,-71,16,-92,0,-115,16,124,0,110,16,63,0,73,16,29,0,53,16,14,0,64,16,8,0,0,0,0,0,-133,16,-29,16,-71,16,-83,16,-20,16,107,16,7,0,27,16,3,0,-38,15,-10,16,-62,15,-28,16,-51,15,-34,16,-14,15,-30,16,25,16,-15,16,59,16,25,0,86,16,66,0,97,16,88,0]"
CSI_DATA,124701,d8:b1:90:d9:de:f0,-38,9,-99,-33,39,104,-1438785078,120,0,106,0,"[-115,0,104,15,-68,0,24,15,-83,0,-32,14,-122,0,-48,14,100,0,-37,14,80,0,-5,14,64,0,38,15,78,0,90,15,109,0,-110,15,-104,0,-54,15,-67,0,-20,15,-48,0,-1,15,-59,0,-2,15,0,0,0,0,129,0,37,0,75,0,78,0,21,0,-106,0,-2,15,-27,0,-3,15,46,1,12,0,61,1,30,0,40,1,42,0,4,1,34,0,-25,0,26,0,-52,0,-11,15,-76,0,-51,15,-86,0,-68,15]"
CSI_DATA,124702,d8:b1:90:d9:de:f0,-37,9,-99,-34,38,104,-1438735639,108,0,106,0,"[-64,0,-90,17,1,1,146,17,-2,0,72,17,-49,0,34,17,-110,0,19,17,148,0,34,17,115,0,59,17,117,0,93,17,141,0,142,17,-130,0,-123,17,-93,0,-92,17,-77,0,-87,17,-93,0,-83,17,0,0,0,0,-142,0,-49,17,144,0,17,0,-143,0,93,0,-103,0,-139,0,-46,0,-99,0,-2,0,-109,0,9,1,-146,0,5,1,114,0,-15,0,70,0,-41,0,55,0,-60,0,53,0,-78,0,67,0,-96,0]"
CSI_DATA,124703,d8:b1:90:d9:de:f0,-37,9,-99,-38,39,104,-1438576273,113,0,106,0,"[83,0,-77,0,-148,0,-15,0,-66,0,-15,0,-26,0,-65,0,-19,0,-124,0,-41,0,135,0,-73,0,115,0,-114,0,117,0,142,0,147,0,98,0,-115,0,70,0,-83,0,58,0,-79,0,53,0,-104,0,0,0,0,0,11,0,-150,0,-59,17,117,0,-150,17,139,0,76,17,-131,0,39,17,-87,0,41,17,-51,0,82,17,-33,0,127,17,-36,0,-135,17,-61,0,-122,17,-86,0,-123,17,-114,0,-142,17,-140,0,-143,17]"
CSI_DATA,124704,d8:b1:90:d9:de:f0,-37,9,-99,-36,38,104,-1438561622,124,0,106,0,"[45,18,18,0,-39,17,80,0,-51,17,153,0,-10,17,-122,0,35,18,-101,0,95,18,-105,0,128,18,-138,0,137,18,135,0,129,18,61,0,114,18,-1,18,100,18,-41,18,99,18,-60,18,117,18,-59,18,0,0,0,0,-124,18,-94,18,-62,18,-132,18,-10,18,113,18,18,0,30,18,10,0,-32,17,-13,18,-54,17,-40,18,-40,17,-55,18,-6,17,-66,18,40,18,-57,18,65,18,-21,18,83,18,1,0,93,18,15,0]"
CSI_DATA,124705,d8:b1:90:d9:de:f0,-35,11,-99,-38,37,104,-1438308851,100,0,114,0,"[-16,34,-19,35,-20,35,-23,35,-25,38,-23,37,-25,37,-23,34,-20,34,-20,31,-19,29,-19,32,-17,34,-17,34,-16,35,-16,37,-14,38,-16,41,-14,43,-14,44,-13,46,-11,49,-11,46,-10,46,-8,44,-7,44,-5,43,-5,43,0,0,-2,43,-2,43,-1,43,0,44,1,44,0,46,2,44,2,46,4,44,5,44,8,43,8,40,8,37,10,35,10,35,10,34,11,34,13,32,13,34,13,35,14,35,16,37,17,38,19,40,16,40,14,38,14,40,11,35]"
CSI_DATA,124706,d8:b1:90:d9:de:f0,-38,11,-99,-37,40,104,-1438158973,277,0,106,0,"[-63,15,-54,0,-50,15,28,1,9,0,69,1,59,0,55,1,100,0,23,1,111,0,-19,0,109,0,-57,0,80,0,-84,0,21,0,-95,0,-29,15,-96,0,-68,15,-84,0,-83,15,-81,0,-79,15,-95,0,0,0,0,0,-75,15,111,0,-101,15,47,0,100,15,-2,15,33,15,-28,15,-26,14,-27,15,-52,14,-6,15,-42,14,29,0,-11,14,56,0,23,15,67,0,45,15,76,0,65,15,56,0,80,15,29,0,88,15]"
CSI_DATA,124707,d8:b1:90:d9:de:f0,-37,9,-99,-35,39,104,-1438158528,130,0,106,0,"[-138,16,-98,0,105,16,-16,0,113,16,35,1,-130,16,50,1,-97,16,33,1,-73,16,0,1,-68,16,-41,0,-87,16,-87,0,-126,16,131,0,114,16,77,0,76,16,28,0,70,16,4,0,81,16,-7,16,0,0,0,0,-130,16,-44,16,-68,16,-99,16,-18,16,105,16,21,0,28,16,34,0,-27,15,29,0,-52,15,19,0,-49,15,4,0,-25,15,-3,16,1,16,13,0,31,16,30,0,61,16,62,0,87,16,83,0]"
CSI_DATA,124708,d8:b1:90:d9:de:f0,-37,9,-99,-34,38,104,-1437949575,130,0,106,0,"[77,17,73,0,2,17,130,0,-5,16,-99,0,33,17,-55,0,74,17,-35,0,129,17,-48,0,-146,17,-72,0,-137,17,-108,0,149,17,133,0,116,17,78,0,79,17,49,0,65,17,39,0,79,17,41,0,0,0,0,0,149,17,5,0,-104,17,-55,17,-92,17,-149,17,-110,17,64,17,148,17,3,17,109,17,-9,16,72,17,24,17,68,17,78,17,79,17,123,17,99,17,142,17,124,17,148,17,-141,17,143,17,-129,17]"
CSI_DATA,124709,d8:b1:90:d9:de:f0,-38,9,-99,-36,39,104,-1437949431,113,0,106,0,"[-120,0,-136,0,-40,0,-87,0,17,1,-89,0,26,1,-115,0,19,1,-141,0,-14,0,106,0,-54,0,98,0,-111,0,111,0,102,0,142,0,30,0,-111,0,-23,16,-79,0,-44,16,-63,0,-53,16,-79,0,0,0,0,0,-65,16,109,0,-92,16,23,0,141,16,-67,16,66,16,-136,16,0,16,113,16,-26,15,112,16,-22,15,133,16,2,16,-129,16,35,16,-109,16,77,16,-111,16,118,16,-124,16,-126,16,142,16,-97,16]"
CSI_DATA,124710,d8:b1:90:d9:de:f0,-36,9,-99,-36,38,104,-1437897647,124,0,106,0,"[-74,0,73,0,27,1,83,0,86,1,46,0,84,1,-7,18,47,1,-40,18,7,1,-49,18,-37,0,-41,18,-80,0,0,0,-120,0,74,0,-147,0,152,0,156,0,-119,0,144,0,-100,0,125,0,-120,0,0,0,0,0,41,0,158,0,-37,18,130,0,-151,18,135,0,80,18,-158,0,18,18,-120,0,-1,17,-98,0,32,18,-88,0,61,18,-100,0,89,18,-115,0,115,18,-147,0,120,18,123,0,100,18,86,0,105,18]"
CSI_DATA,124711,d8:b1:90:d9:de:f0,-38,11,-99,-35,39,104,-1437532275,277,0,106,0,"[-32,16,-50,0,-27,16,42,1,2,0,81,1,32,0,79,1,49,0,44,1,54,0,9,1,37,0,-33,0,-5,16,-76,0,-61,16,-117,0,-127,16,118,0,98,16,81,0,69,16,65,0,79,16,44,0,0,0,0,0,-137,16,-7,16,-86,16,-64,16,-40,16,126,16,-8,16,34,16,2,0,-37,15,-7,16,-63,15,-19,16,-50,15,-34,16,-27,15,-29,16,6,16,-9,16,42,16,23,0,75,16,64,0,98,16,93,0]"
CSI_DATA,124712,d8:b1:90:d9:de:f0,-37,9,-99,-37,39,104,-1437531794,113,0,106,0,"[-5,17,-56,0,4,0,32,1,48,0,70,1,72,0,62,1,91,0,32,1,100,0,-9,0,79,0,-46,0,36,0,-76,0,-27,17,-98,0,-100,17,-120,0,133,17,-137,0,107,17,-146,0,116,17,127,0,0,0,0,0,145,17,65,0,-135,17,-10,17,-144,17,-105,17,133,17,102,17,102,17,39,17,79,17,24,17,76,17,40,17,77,17,70,17,95,17,97,17,127,17,107,17,-125,17,112,17,-87,17,105,17,-56,17]"
CSI_DATA,124713,d8:b1:90:d9:de:f0,-36,9,-99,-36,38,104,-1437512605,130,0,106,0,"[-78,0,-105,18,-11,0,140,18,-18,0,60,18,-73,0,22,18,-133,0,5,18,137,0,36,18,107,0,60,18,112,0,101,18,142,0,158,18,-137,0,-117,18,-95,0,-96,18,-73,0,-91,18,-93,0,-84,18,0,0,0,0,-153,0,-47,18,144,0,21,0,154,0,107,0,-123,0,-133,0,-67,0,-86,0,-17,0,-93,0,-1,0,-134,0,-8,0,129,0,-37,0,89,0,-61,0,70,0,-94,0,76,0,-125,0,96,0,-129,0]"
CSI_DATA,124714,d8:b1:90:d9:de:f0,-37,9,-99,-35,38,104,-1437473228,101,0,106,0,"[110,18,152,0,46,18,-86,0,39,18,-25,0,68,18,-13,0,103,18,-22,0,145,18,-42,0,155,18,-92,0,150,18,-139,0,128,18,97,0,102,18,25,0,81,18,-35,18,83,18,-64,18,103,18,-70,18,0,0,0,0,-122,18,-99,18,-44,18,-128,18,36,0,122,18,101,0,56,18,139,0,1,18,150,0,-30,17,130,0,-26,17,117,0,-9,17,97,0,20,18,103,0,59,18,114,0,95,18,136,0,127,18,149,0]"
CSI_DATA,124715,d8:b1:90:d9:de:f0,-37,9,-99,-36,39,104,-1437322930,108,0,106,0,"[49,0,-63,0,93,0,6,1,-132,0,30,1,-83,0,-4,0,-54,0,-48,0,-60,0,-98,0,-83,0,-129,0,-125,0,-136,0,100,0,-124,0,47,0,-89,0,12,0,-54,0,10,0,-40,0,15,0,-56,0,0,0,0,0,1,0,-115,0,-52,16,122,0,-134,16,103,0,67,16,109,0,10,16,-140,0,-1,15,-103,0,22,16,-79,0,69,16,-67,0,109,16,-77,0,131,16,-93,0,136,16,-124,0,126,16,130,0,116,16]"
CSI_DATA,124716,d8:b1:90:d9:de:f0,-38,9,-99,-34,39,104,-1437322777,130,0,106,0,"[115,0,-82,0,-82,0,-33,0,-14,0,-46,0,20,1,-98,0,23,1,113,0,5,1,72,0,-31,0,43,0,-74,0,52,0,-114,0,90,0,126,0,-132,0,110,0,-98,0,113,0,-84,0,112,0,-97,0,0,0,0,0,66,0,130,0,3,0,118,0,-75,15,-127,0,-134,15,-76,0,111,15,-13,0,128,15,26,1,-105,15,32,1,-63,15,22,1,-31,15,-4,0,-11,15,-31,0,-19,15,-61,0,-42,15,-73,0,-43,15]"
CSI_DATA,124717,d8:b1:90:d9:de:f0,-40,11,-99,-33,41,104,-1437309224,100,0,228,0,"[-9,0,-12,0,-15,1,-18,0,-22,0,-22,-2,-23,-4,89,36,-21,-8,-20,-9,-18,-10,-17,-12,-15,-12,-13,-11,-12,-10,-11,-9,-11,-8,-11,-6,-11,-4,-12,-3,-13,-1,-27,-24,-13,1,-14,2,-15,1,-14,1,-14,1,-13,0,0,0,-10,1,-9,2,-8,3,-6,4,-5,7,-4,9,-43,12,-4,16,-5,17,-7,19,-8,20,-9,20,-10,19,-11,18,-12,17,-13,16,-13,14,-13,13,-12,12,-12,11,88,12,-9,10,-9,10,-8,11,-8,11,-8,10,-7,10,-7,8,-2,-9,-10,-7,-13,0,-9,10,0,14,8,10,13,0,-14,-13,0,-9,-7,-4,-7,3,-1,9,7,8,13,0,10,-11,0,-17,-14,-14,-23,-1,-19,15,-4,26,14,23,13,8,23,-11,9,-22,-7,-21,-17,-8,-17,5,-6,14,0,0,12,3,9,-7,0,-12,-9,-8,-13,1,-8,13,-1,28,13,8,14,-2,8,-11,-1,-12,-7,-6,-7,1,-1,4,3,3,4,-2,0,-7,-7,-6,-12,0,-10,11,-11,28,12,15,22,4,22,-10,10,-22,-5,-22,-17,-14,-20,0]"
CSI_DATA,124718,d8:b1:90:d9:de:f0,-37,11,-99,-36,39,104,-1436905576,277,0,106,0,"[93,16,100,0,20,16,-121,0,5,16,-59,0,28,16,-31,0,72,16,-35,0,117,16,-38,0,141,16,-80,0,-140,16,-136,0,134,16,79,0,115,16,8,0,98,16,-50,16,85,16,-71,16,104,16,-67,16,0,0,0,0,-80,16,-76,16,-3,16,-103,16,85,0,129,16,-135,0,59,16,-106,0,-11,15,-121,0,-40,15,142,0,-24,15,111,0,-5,15,95,0,23,16,95,0,69,16,109,0,113,16,131,0,142,16,-140,0]"
CSI_DATA,124719,d8:b1:90:d9:de:f0,-37,9,-99,-33,38,104,-1436905104,124,0,106,0,"[8,0,-72,0,40,0,25,1,101,0,61,1,-140,0,51,1,-118,0,2,1,-109,0,-46,0,-132,0,-81,0,108,0,-107,0,35,0,-115,0,-40,17,-102,0,-98,17,-87,0,-115,17,-77,0,-101,17,-94,0,0,0,0,0,-85,17,106,0,-103,17,21,0,122,17,-68,17,43,17,-129,17,-30,16,146,17,-66,16,-129,17,-61,16,-94,17,-28,16,-61,17,10,17,-35,17,55,17,-41,17,98,17,-71,17,116,17,-108,17,124,17]"
CSI_DATA,124720,d8:b1:90:d9:de:f0,-37,11,-99,-34,38,104,-1436487777,277,0,106,0,"[40,0,57,17,27,0,-34,16,-28,17,-74,16,-78,17,-70,16,-111,17,-32,16,-131,17,14,17,-117,17,57,17,-71,17,85,17,-4,17,103,17,66,0,109,17,121,0,104,17,137,0,109,17,133,0,124,17,0,0,0,0,122,0,-103,17,136,0,-33,17,-109,0,51,0,-45,0,101,0,15,1,129,0,45,1,111,0,38,1,90,0,15,1,60,0,-13,0,41,0,-46,0,42,0,-78,0,58,0,-96,0,82,0,-112,0]"
CSI_DATA,124721,d8:b1:90:d9:de:f0,-37,9,-99,-36,39,104,-1436487296,130,0,106,0,"[63,16,-84,16,-29,15,-95,16,-77,15,-62,16,-78,15,-29,16,-49,15,-3,16,-11,15,7,0,34,16,-2,16,88,16,-35,16,-140,16,-90,16,-88,16,132,16,-49,16,87,16,-23,16,71,16,-12,16,88,16,0,0,0,0,32,0,-122,16,94,0,-53,16,-103,0,-3,16,-15,0,35,0,40,1,53,0,63,1,51,0,49,1,40,0,23,1,29,0,-13,0,23,0,-50,0,41,0,-87,0,69,0,-113,0,105,0,-139,0]"
CSI_DATA,124722,d8:b1:90:d9:de:f0,-37,9,-99,-34,38,104,-1436487189,113,0,106,0,"[-117,0,143,17,-74,0,57,17,-101,0,-19,16,147,0,-45,16,80,0,-32,16,34,0,-1,16,10,0,30,17,24,0,78,17,76,0,122,17,130,0,146,17,-124,0,-147,17,-117,0,-152,17,-134,0,-146,17,0,0,0,0,137,0,-82,17,140,0,-10,17,-112,0,68,0,-51,0,123,0,11,1,129,0,49,1,102,0,41,1,65,0,20,1,30,0,-16,0,2,0,-46,0,-3,17,-72,0,10,0,-85,0,33,0,-96,0]"
CSI_DATA,124723,d8:b1:90:d9:de:f0,-37,9,-99,-36,39,104,-1436487035,130,0,106,0,"[131,16,107,16,49,16,59,16,-14,15,65,16,-32,15,105,16,-22,15,-143,16,12,16,-109,16,54,16,-94,16,112,16,-102,16,-99,16,-131,16,-35,16,114,16,17,0,85,16,38,0,69,16,40,0,90,16,0,0,0,0,62,0,-107,16,108,0,-31,16,-112,0,39,0,-33,0,90,0,32,1,107,0,54,1,100,0,42,1,84,0,15,1,68,0,-15,0,58,0,-53,0,59,0,-93,0,89,0,-120,0,115,0,142,0]"
CSI_DATA,124724,d8:b1:90:d9:de:f0,-35,11,-99,-36,37,104,-1436308895,100,0,114,0,"[21,29,22,35,22,38,21,39,21,40,19,39,16,38,19,38,18,35,18,33,18,32,18,32,19,33,21,32,22,32,25,32,25,33,26,35,28,36,31,33,31,33,32,33,32,32,32,31,33,29,33,31,32,28,33,26,0,0,35,25,33,24,35,25,35,24,38,24,39,24,39,22,39,21,38,18,39,18,38,18,36,15,35,14,33,12,33,11,33,9,32,8,33,8,35,7,35,7,38,7,39,7,39,7,40,8,39,8,39,9,36,11,33,11]"
CSI_DATA,124725,d8:b1:90:d9:de:f0,-37,11,-99,-34,38,104,-1436278878,277,0,106,0,"[-73,0,-35,17,15,1,-77,17,52,1,-130,17,33,1,118,17,-7,0,87,17,-52,0,95,17,-92,0,109,17,-121,0,-148,17,-137,0,-76,17,-140,0,4,0,-128,0,74,0,-124,0,104,0,-134,0,110,0,0,0,0,0,95,0,104,0,4,0,124,0,-80,17,-115,0,-148,17,-38,0,130,17,35,1,148,17,68,1,-122,17,60,1,-79,17,34,1,-47,17,-9,0,-43,17,-51,0,-62,17,-99,0,-109,17,-141,0,-136,17]"
CSI_DATA,124726,d8:b1:90:d9:de:f0,-38,9,-99,-35,39,104,-1436278424,252,0,106,0,"[65,16,-20,16,-26,15,8,0,-62,15,67,0,-53,15,125,0,-8,15,-116,0,32,16,-100,0,75,16,-111,0,112,16,135,0,131,16,74,0,134,16,-3,16,123,16,-55,16,114,16,-79,16,111,16,-81,16,0,0,0,0,-88,16,-82,16,-29,16,-106,16,38,0,94,16,71,0,14,16,64,0,-56,15,27,0,-89,15,-14,16,-75,15,-55,16,-37,15,-66,16,13,16,-61,16,58,16,-28,16,91,16,10,0,102,16,42,0]"
CSI_DATA,124727,d8:b1:90:d9:de:f0,-38,9,-99,-34,39,104,-1436069516,113,0,106,0,"[115,15,-116,0,82,15,-45,0,95,15,7,1,130,15,23,1,-105,15,9,1,-78,15,-14,0,-73,15,-46,0,-87,15,-78,0,-119,15,-127,0,111,15,100,0,84,15,65,0,75,15,46,0,86,15,36,0,0,0,0,0,131,15,-14,15,-100,15,-68,15,-84,15,120,15,-79,15,48,15,-92,15,-5,14,-117,15,-27,14,-127,15,-18,14,134,15,9,15,-132,15,40,15,-121,15,58,15,-98,15,70,15,-72,15,82,15,-44,15]"
CSI_DATA,124728,d8:b1:90:d9:de:f0,-38,9,-99,-36,40,104,-1436069389,224,0,106,0,"[91,0,70,15,90,0,-14,14,50,0,-58,14,6,0,-54,14,-29,15,-30,14,-46,15,4,15,-46,15,40,15,-16,15,69,15,29,0,91,15,80,0,110,15,122,0,123,15,-122,0,-125,15,125,0,-110,15,0,0,0,0,103,0,-51,15,101,0,18,0,124,0,91,0,-94,0,-102,0,-51,0,-69,0,-17,0,-69,0,-8,0,-86,0,-11,0,-114,0,-26,0,112,0,-49,0,95,0,-73,0,94,0,-100,0,102,0,-128,0]"
CSI_DATA,124729,d8:b1:90:d9:de:f0,-38,9,-99,-35,39,104,-1435860625,108,0,106,0,"[-69,16,103,16,-126,16,39,16,104,16,17,16,74,16,22,16,59,16,41,16,57,16,61,16,59,16,74,16,76,16,93,16,114,16,114,16,-99,16,129,16,-33,16,-137,16,18,0,-126,16,49,0,-115,16,0,0,0,0,86,0,-65,16,101,0,-2,16,-130,0,74,0,-73,0,-136,0,-7,0,-93,0,40,1,-92,0,62,1,-124,0,55,1,103,0,34,1,59,0,0,1,27,0,-64,0,8,0,-139,0,18,0,75,0]"
CSI_DATA,124730,d8:b1:90:d9:de:f0,-38,9,-99,-32,39,104,-1435860471,98,0,106,0,"[-120,15,125,15,70,15,88,15,13,15,84,15,-6,14,110,15,-14,14,-121,15,-5,14,-96,15,-5,14,-82,15,14,15,-71,15,54,15,-79,15,109,15,-82,15,-88,15,-93,15,-41,15,-103,15,-9,15,-111,15,0,0,0,0,46,0,-87,15,89,0,-46,15,-105,0,-9,15,-23,0,10,0,51,1,6,0,88,1,-13,15,87,1,-53,15,59,1,-82,15,13,1,-111,15,-33,0,-128,15,-89,0,-115,15,115,0,-60,15,82,0]"
CSI_DATA,124731,d8:b1:90:d9:de:f0,-38,9,-99,-35,39,104,-1435860312,130,0,106,0,"[-134,0,116,0,-61,0,-134,0,-1,0,137,0,20,1,107,0,27,1,87,0,16,1,55,0,9,1,44,0,2,1,35,0,-35,0,49,0,-88,0,58,0,129,0,77,0,80,0,101,0,43,0,111,0,0,0,0,0,-22,16,101,0,-77,16,75,0,125,16,69,0,37,16,73,0,-23,15,98,0,-62,15,126,0,-44,15,-112,0,-11,15,-85,0,39,16,-73,0,90,16,-71,0,136,16,-104,0,-103,16,113,0,-93,16]"
CSI_DATA,124732,d8:b1:90:d9:de:f0,-37,9,-99,-34,38,104,-1435819805,98,0,106,0,"[-91,0,-82,17,-16,0,-121,17,27,1,150,17,32,1,141,17,20,1,131,17,0,1,148,17,-14,0,-141,17,-43,0,-116,17,-97,0,-65,17,142,0,-3,17,77,0,58,0,22,0,99,0,-20,17,115,0,0,0,0,0,-83,17,78,0,-139,17,8,0,92,17,-62,17,19,17,-137,17,-39,16,118,17,-67,16,104,17,-58,16,115,17,-28,16,-150,17,14,17,-128,17,59,17,-111,17,129,17,-93,17,-82,17,-83,17,1,0]"
CSI_DATA,124733,d8:b1:90:d9:de:f0,-37,9,-99,-34,38,104,-1435799681,130,0,106,0,"[150,17,-141,0,110,17,-70,0,114,17,-16,0,142,17,14,1,-124,17,13,1,-105,17,2,1,-92,17,-13,0,-95,17,-29,0,-105,17,-64,0,-127,17,-97,0,146,17,-150,0,136,17,111,0,143,17,86,0,0,0,0,0,-124,17,30,0,-102,17,-39,17,-110,17,-129,17,-121,17,78,17,133,17,16,17,74,17,-8,16,45,17,16,17,16,17,74,17,13,17,124,17,40,17,-143,17,83,17,-114,17,140,17,-114,17,-120,17]"
CSI_DATA,124734,d8:b1:90:d9:de:f0,-37,9,-99,-36,39,104,-1435799084,113,0,106,0,"[126,16,-135,16,66,16,106,16,24,16,99,16,13,16,111,16,19,16,121,16,30,16,130,16,50,16,130,16,75,16,120,16,117,16,99,16,-109,16,90,16,-53,16,88,16,-6,16,96,16,22,0,114,16,0,0,0,0,69,0,-111,16,98,0,-42,16,-131,0,26,0,-62,0,92,0,0,1,130,0,38,1,142,0,50,1,123,0,42,1,102,0,16,1,75,0,-16,0,56,0,-68,0,61,0,-115,0,81,0,127,0]"
CSI_DATA,124735,d8:b1:90:d9:de:f0,-37,9,-99,-35,38,104,-1435774484,120,0,106,0,"[31,0,-102,0,24,0,-17,0,28,0,35,1,29,0,57,1,31,0,57,1,37,0,51,1,30,0,29,1,24,0,-3,0,-1,18,-73,0,-40,18,145,0,-91,18,51,0,-129,18,-22,18,-148,18,-58,18,0,0,0,0,-101,18,-95,18,-17,18,-114,18,81,0,150,18,-121,0,92,18,-51,0,29,18,-22,0,-11,17,-35,0,-22,17,-83,0,-14,17,-134,0,15,18,140,0,72,18,100,0,-156,18,84,0,-52,18,91,0]"
CSI_DATA,124736,d8:b1:90:d9:de:f0,-37,9,-99,-32,38,104,-1435774344,120,0,106,0,"[90,16,53,0,15,16,56,0,-32,15,66,0,-44,15,71,0,-50,15,81,0,-35,15,77,0,-30,15,79,0,0,16,69,0,67,16,34,0,142,16,-12,16,-67,16,-68,16,-11,16,-116,16,28,0,142,16,0,0,0,0,69,0,-114,16,104,0,-46,16,-123,0,32,0,-40,0,113,0,34,1,-117,0,70,1,-106,0,81,1,-126,0,57,1,116,0,16,1,80,0,-31,0,57,0,-106,0,41,0,74,0,56,0,-1,16]"
CSI_DATA,124737,d8:b1:90:d9:de:f0,-38,11,-99,-37,40,104,-1435443280,277,0,106,0,"[73,0,-54,0,-129,0,7,1,-69,0,13,1,-43,0,-16,0,-32,0,-54,0,-50,0,-87,0,-72,0,-109,0,-111,0,-111,0,99,0,-101,0,53,0,-90,0,8,0,-82,0,-15,15,-86,0,-29,15,-107,0,0,0,0,0,-57,15,90,0,-93,15,36,0,112,15,-21,15,47,15,-57,15,-13,14,-81,15,-44,14,-68,15,-42,14,-45,15,-25,14,-20,15,-6,14,4,0,20,15,11,0,56,15,16,0,91,15,2,0,-128,15]"
CSI_DATA,124738,d8:b1:90:d9:de:f0,-38,9,-99,-33,39,104,-1435442835,101,0,106,0,"[60,15,79,0,3,15,-119,0,-1,14,-57,0,38,15,-27,0,82,15,-14,0,118,15,-32,0,-124,15,-51,0,-126,15,-85,0,125,15,-126,0,107,15,92,0,87,15,62,0,82,15,45,0,96,15,28,0,0,0,0,0,-114,15,-22,15,-81,15,-73,15,-60,15,121,15,-58,15,45,15,-83,15,-14,14,-112,15,-29,14,129,15,-11,14,110,15,18,15,103,15,58,15,101,15,80,15,117,15,111,15,-111,15,-127,15,-77,15]"
CSI_DATA,124739,d8:b1:90:d9:de:f0,-41,11,-99,-34,42,104,-1435308904,100,0,228,0,"[1,-6,1,-9,2,-12,2,-14,5,-17,6,-18,8,-19,81,33,11,-17,11,-17,12,-16,12,-15,13,-14,13,-13,12,-12,11,-12,11,-12,10,-11,8,-11,7,-12,5,-11,-25,-22,3,-11,2,-11,2,-11,0,-9,0,-8,0,-8,0,0,-1,-5,-2,-5,-4,-3,-5,-2,-8,-1,-9,0,81,11,-14,1,-16,1,-17,1,-19,1,-20,0,-20,0,-20,0,-20,-2,-19,-2,-18,-2,-17,-3,-17,-5,-16,-5,9,11,-14,-5,-12,-5,-11,-5,-10,-4,-8,-2,-7,-2,-6,-1,8,5,10,-1,5,-8,-1,-11,-8,-7,-9,1,-5,5,11,-12,5,1,3,-3,-2,-4,-6,0,-6,6,0,11,9,9,16,0,13,-12,0,-22,-14,-17,-25,-2,-20,14,0,14,13,21,23,7,20,-10,6,-20,-8,-17,-17,-6,0,0,-4,14,6,11,11,2,9,-7,0,-11,-8,-7,-22,2,-5,8,2,8,7,2,5,-2,0,-5,-3,-2,-2,1,0,4,4,2,5,-2,0,-8,-6,-8,-12,-1,-27,3,-2,17,10,17,20,7,21,-8,11,-19,-2,-21,-14,-14]"
CSI_DATA,124740,d8:b1:90:d9:de:f0,-37,11,-99,-35,39,104,-1435234381,277,0,106,0,"[29,16,8,0,-53,15,29,0,-87,15,74,0,-68,15,105,0,-40,15,122,0,0,16,119,0,30,16,103,0,56,16,69,0,85,16,11,0,122,16,-50,16,-117,16,-104,16,-82,16,-139,16,-54,16,127,16,0,0,0,0,7,0,119,16,68,0,129,16,137,0,126,16,-76,0,127,16,-22,0,133,16,2,1,131,16,0,1,137,16,-13,0,-139,16,-32,0,-135,16,-57,0,-125,16,-78,0,-98,16,-104,0,-56,16,-130,0]"
CSI_DATA,124741,d8:b1:90:d9:de:f0,-38,9,-99,-36,40,104,-1435233927,113,0,106,0,"[-27,0,-12,15,46,1,-55,15,62,1,-108,15,41,1,109,15,-1,0,87,15,-37,0,88,15,-67,0,104,15,-95,0,-111,15,-110,0,-59,15,-120,0,3,0,-128,0,56,0,118,0,91,0,104,0,107,0,0,0,0,0,58,0,122,0,7,0,-119,0,-45,15,-81,0,-96,15,-46,0,-125,15,-19,0,123,15,0,1,-124,15,4,1,-100,15,-4,0,-79,15,-19,0,-65,15,-37,0,-57,15,-74,0,-63,15,-117,0,-82,15]"
CSI_DATA,124742,d8:b1:90:d9:de:f0,-39,9,-99,-34,40,104,-1435025000,130,0,106,0,"[74,14,109,0,19,14,-68,0,14,14,-17,0,50,14,9,0,88,14,14,0,-111,14,-6,0,-76,14,-48,0,-62,14,-107,0,-68,14,53,0,-92,14,-30,14,108,14,-91,14,75,14,-117,14,65,14,-118,14,0,0,0,0,-118,14,-92,14,-50,14,-97,14,25,0,108,14,88,0,46,14,-120,0,-8,13,-117,0,-34,13,101,0,-33,13,79,0,-14,13,61,0,21,14,55,0,65,14,77,0,107,14,119,0,-96,14,-91,0]"
CSI_DATA,124743,d8:b1:90:d9:de:f0,-39,9,-99,-35,40,104,-1435024865,130,0,106,0,"[-62,0,84,0,12,0,107,0,60,0,87,0,70,0,54,0,46,0,18,0,18,0,-9,14,-27,0,-15,14,-84,0,2,0,102,0,47,0,42,0,116,0,0,14,-72,0,-8,14,-37,0,-5,14,-38,0,0,0,0,0,-7,14,-71,0,-55,14,119,0,115,14,85,0,35,14,56,0,-23,13,55,0,-46,13,70,0,-36,13,82,0,-10,13,92,0,21,14,85,0,55,14,58,0,80,14,13,0,78,14,-34,14,73,14]"
CSI_DATA,124744,d8:b1:90:d9:de:f0,-39,9,-99,-37,41,104,-1435024739,130,0,106,0,"[62,13,-85,13,-6,12,-99,13,-52,12,-79,13,-58,12,-43,13,-44,12,-8,13,-7,12,13,0,33,13,21,0,84,13,3,0,-88,13,-34,13,-39,13,-100,13,-3,13,75,13,0,0,37,13,-10,13,34,13,0,0,0,0,-5,13,72,13,43,0,-110,13,114,0,-86,13,-45,0,-72,13,11,0,-83,13,30,0,-102,13,20,0,-117,13,-17,0,110,13,-46,0,-113,13,-69,0,-84,13,-80,0,-45,13,-82,0,1,0,-66,0]"
CSI_DATA,124745,d8:b1:90:d9:de:f0,-39,9,-99,-35,40,104,-1435024587,130,0,106,0,"[79,14,-119,14,14,14,99,14,-45,13,109,14,-54,13,-95,14,-46,13,-57,14,-5,13,-18,14,29,14,-3,14,81,14,-14,14,-95,14,-56,14,-40,14,-112,14,0,0,71,14,9,0,34,14,0,0,34,14,0,0,0,0,0,14,70,14,50,0,-120,14,122,0,-97,14,-45,0,-79,14,10,0,-95,14,36,0,-115,14,21,0,116,14,-12,0,112,14,-51,0,120,14,-71,0,-100,14,-87,0,-57,14,-81,0,-7,14,-66,0]"
CSI_DATA,124746,d8:b1:90:d9:de:f0,-39,11,-99,-35,40,104,-1434398783,277,0,106,0,"[81,0,76,14,85,0,-26,13,48,0,-70,13,8,0,-63,13,-19,14,-26,13,-24,14,17,14,-1,14,60,14,49,0,106,14,115,0,-104,14,-65,0,-78,14,-26,0,-71,14,-24,0,-78,14,-60,0,-73,14,0,0,0,0,82,0,-12,14,13,0,47,0,-37,14,-102,0,-61,14,-13,0,-59,14,45,0,-39,14,67,0,-26,14,51,0,-18,14,20,0,-22,14,-23,0,-40,14,-53,0,-79,14,-79,0,-116,14,-85,0,117,14]"
CSI_DATA,124747,d8:b1:90:d9:de:f0,-38,9,-99,-34,39,104,-1434398329,108,0,106,0,"[29,0,-75,0,77,0,12,1,-135,0,34,1,-97,0,10,1,-90,0,-31,0,-108,0,-72,0,122,0,-96,0,61,0,-103,0,-6,15,-91,0,-70,15,-62,0,-106,15,-43,0,-97,15,-44,0,-77,15,-75,0,0,0,0,0,-55,15,86,0,-65,15,-7,15,-118,15,-101,15,91,15,99,15,33,15,61,15,3,15,68,15,4,15,93,15,22,15,122,15,49,15,-127,15,81,15,-135,15,109,15,121,15,-135,15,94,15,-128,15]"
CSI_DATA,124748,d8:b1:90:d9:de:f0,-39,9,-99,-36,40,104,-1434398175,98,0,106,0,"[35,0,-68,0,103,0,10,1,-80,0,17,1,-44,0,-24,0,-38,0,-77,0,-65,0,-122,0,-103,0,113,0,91,0,119,0,28,0,-106,0,-19,15,-66,0,-33,15,-33,0,-22,15,-26,0,-6,15,-58,0,0,0,0,0,-4,15,68,0,-49,15,-9,15,-120,15,-84,15,49,15,-121,15,-26,14,-126,15,-53,14,-98,15,-41,14,-67,15,-10,14,-43,15,22,15,-36,15,48,15,-40,15,71,15,-69,15,77,15,-96,15,80,15]"
CSI_DATA,124749,d8:b1:90:d9:de:f0,-37,9,-99,-37,39,104,-1434354972,130,0,106,0,"[-146,17,83,17,84,17,43,17,24,17,46,17,-12,16,91,17,-27,16,140,17,-16,16,-102,17,3,17,-68,17,38,17,-50,17,97,17,-62,17,-145,17,-92,17,-98,17,-133,17,-68,17,129,17,-56,17,118,17,0,0,0,0,-34,17,118,17,4,0,120,17,58,0,95,17,110,0,72,17,142,0,36,17,145,0,8,17,124,0,-5,16,90,0,-5,16,55,0,1,17,30,0,15,17,13,0,41,17,11,0,75,17,25,0]"
CSI_DATA,124750,d8:b1:90:d9:de:f0,-35,9,-99,-34,36,104,-1434327202,130,0,106,0,"[112,22,-187,0,65,22,-79,0,97,22,-8,0,155,22,1,1,-182,22,-19,0,-154,22,-62,0,-160,22,-106,0,-191,22,-142,0,155,22,-184,0,119,22,161,0,115,22,125,0,137,22,92,0,187,22,59,0,0,0,0,0,-128,22,-74,22,-88,22,-163,22,-94,22,104,22,-101,22,26,22,-122,22,-16,20,-131,22,-19,20,-130,22,0,22,-130,22,34,22,-113,22,53,22,-110,22,56,22,-94,22,62,22,-91,22,82,22,-80,22]"
CSI_DATA,124751,d8:b1:90:d9:de:f0,-34,11,-99,-38,36,104,-1434309225,100,0,114,0,"[0,43,-3,47,-5,50,-6,53,-8,50,-8,50,-8,47,-6,47,-6,45,-6,43,-5,43,-3,41,-5,40,-3,43,-3,45,-1,47,1,52,0,48,1,55,5,52,6,53,8,53,10,52,10,53,11,50,10,48,11,48,11,47,0,0,16,48,13,47,15,48,16,47,20,47,20,47,21,48,21,47,21,45,21,43,21,41,25,41,25,38,25,38,23,35,25,35,25,31,25,31,28,30,28,33,30,33,31,35,33,35,30,36,28,40,28,40,25,36,21,35]"
CSI_DATA,124752,d8:b1:90:d9:de:f0,-39,9,-99,-35,40,104,-1434276516,130,0,106,0,"[-20,14,-105,0,-38,14,-15,0,-12,14,44,0,20,0,53,0,53,0,33,0,70,0,-15,0,57,0,-57,0,9,0,-99,0,-71,14,114,0,96,14,102,0,31,14,107,0,13,14,-116,0,46,14,-111,0,0,0,0,0,-114,14,103,0,-65,14,22,0,-40,14,-76,14,-36,14,73,14,-60,14,0,13,-89,14,-28,13,-105,14,-16,13,-106,14,9,14,-98,14,32,14,-72,14,39,14,-38,14,47,14,-7,14,39,14,5,0]"
CSI_DATA,124753,d8:b1:90:d9:de:f0,-37,9,-99,-36,39,104,-1434245485,130,0,106,0,"[24,0,84,16,43,0,2,16,11,0,-58,15,-35,16,-68,15,-89,16,-56,15,-116,16,-12,15,-132,16,34,16,-98,16,77,16,-25,16,112,16,56,0,124,16,117,0,112,16,-135,0,99,16,-140,0,100,16,0,0,0,0,113,0,133,16,123,0,-83,16,-118,0,-16,16,-66,0,38,0,-3,0,66,0,39,1,63,0,44,1,41,0,24,1,20,0,7,1,-2,16,-11,0,-22,16,-40,0,-10,16,-69,0,14,0,-85,0]"
CSI_DATA,124754,d8:b1:90:d9:de:f0,-38,9,-99,-34,39,104,-1434244870,113,0,106,0,"[91,15,-63,15,11,15,-87,15,-52,14,-63,15,-70,14,-1,15,-55,14,55,0,-20,14,96,0,26,15,110,0,69,15,97,0,106,15,43,0,114,15,-29,15,94,15,-85,15,70,15,-106,15,66,15,-96,15,0,0,0,0,100,15,-72,15,-124,15,-83,15,-77,15,132,15,-56,15,63,15,-65,15,-1,14,-91,15,-27,14,-128,15,-12,14,115,15,13,15,98,15,50,15,96,15,80,15,108,15,102,15,-135,15,111,15,-111,15]"
CSI_DATA,124755,d8:b1:90:d9:de:f0,-37,9,-99,-37,39,104,-1433980494,120,0,106,0,"[77,0,-87,0,128,0,1,1,-110,0,24,1,-85,0,1,1,-87,0,-35,0,-114,0,-76,0,136,0,-105,0,66,0,-118,0,-25,17,-122,0,-108,17,-117,0,131,17,-118,0,115,17,-124,0,135,17,145,0,0,0,0,0,-98,17,38,0,-72,17,-63,17,-72,17,110,17,-86,17,11,17,-101,17,-53,16,-116,17,-64,16,-110,17,-35,16,-106,17,3,17,-76,17,34,17,-36,17,56,17,12,0,70,17,60,0,76,17,80,0]"
CSI_DATA,124756,d8:b1:90:d9:de:f0,-37,9,-99,-35,38,104,-1433980345,98,0,106,0,"[31,0,77,18,-1,18,-22,17,-69,18,-62,17,-127,18,-39,17,150,18,9,18,150,18,63,18,-140,18,92,18,-102,18,116,18,-36,18,117,18,30,0,90,18,57,0,59,18,58,0,52,18,37,0,80,18,0,0,0,0,50,0,-127,18,106,0,-57,18,-105,0,-12,18,-12,0,-2,18,58,1,-36,18,69,1,-77,18,31,1,-117,18,-20,0,-133,18,-64,0,-124,18,-73,0,-118,18,-78,0,-91,18,-72,0,-63,18,-79,0]"
CSI_DATA,124757,d8:b1:90:d9:de:f0,-37,9,-99,-35,38,104,-1433771594,113,0,106,0,"[14,18,14,0,-57,17,75,0,-68,17,139,0,-25,17,-144,0,23,18,-135,0,62,18,-149,0,88,18,132,0,96,18,91,0,97,18,33,0,94,18,-23,18,100,18,-64,18,116,18,-81,18,144,18,-88,18,0,0,0,0,-68,18,-127,18,-6,18,143,18,56,0,79,18,94,0,8,18,99,0,-51,17,83,0,-66,17,57,0,-45,17,37,0,-13,17,22,0,20,18,29,0,50,18,47,0,80,18,79,0,103,18,88,0]"
CSI_DATA,124758,d8:b1:90:d9:de:f0,-37,11,-99,-35,38,104,-1433563185,277,0,106,0,"[62,18,-28,18,-20,17,4,0,-66,17,59,0,-50,17,119,0,-13,17,-149,0,30,18,-133,0,74,18,-135,0,111,18,-151,0,132,18,102,0,140,18,26,0,134,18,-35,18,122,18,-70,18,119,18,-81,18,0,0,0,0,-156,18,-96,18,-96,18,-138,18,-75,18,89,18,-68,18,9,18,-97,18,-47,17,-144,18,-63,17,132,18,-26,17,112,18,24,18,123,18,81,18,140,18,123,18,-129,18,132,18,-81,18,127,18,-57,18]"
CSI_DATA,124759,d8:b1:90:d9:de:f0,-37,9,-99,-32,38,104,-1433562713,130,0,106,0,"[142,0,-105,0,-79,0,-52,0,-21,0,-42,0,1,1,-66,0,2,1,-106,0,-10,0,138,0,-39,0,113,0,-94,0,102,0,125,0,112,0,40,0,135,0,-25,16,-118,0,-58,16,-97,0,-69,16,-99,0,0,0,0,0,-97,16,122,0,-135,16,62,0,81,16,-4,16,-1,15,-47,16,-67,15,-50,16,-90,15,-31,16,-66,15,-11,16,-30,15,12,0,19,16,20,0,60,16,5,0,103,16,-30,16,132,16,-77,16,-140,16]"
CSI_DATA,124760,d8:b1:90:d9:de:f0,-38,9,-99,-35,39,104,-1433353840,130,0,106,0,"[-75,0,8,0,28,1,-18,16,75,1,-68,16,68,1,-117,16,25,1,133,16,-15,0,128,16,-66,0,-133,16,-109,0,-80,16,137,0,7,0,122,0,90,0,117,0,-119,0,124,0,-97,0,114,0,-115,0,0,0,0,0,34,0,90,0,-58,16,53,0,102,16,50,0,-3,15,67,0,-59,15,107,0,-70,15,-133,0,-37,15,-126,0,8,16,-133,0,54,16,129,0,89,16,81,0,110,16,20,0,103,16,-35,16,93,16]"
CSI_DATA,124761,d8:b1:90:d9:de:f0,-40,11,-99,-34,41,104,-1433309191,100,0,228,0,"[8,1,10,0,13,0,15,0,18,0,20,0,22,2,91,37,22,5,21,6,21,8,20,8,18,9,17,9,16,10,14,8,12,6,12,5,10,3,10,0,10,-3,-28,-25,10,-8,11,-9,12,-10,13,-10,12,-10,12,-9,0,0,10,-8,9,-7,7,-7,5,-8,2,-9,0,-10,-3,12,-5,-15,-6,-17,-6,-20,-6,-21,-6,-22,-5,-22,-4,-22,-3,-22,-1,-21,0,-20,0,-18,0,-17,0,-15,5,0,-2,-14,-3,-13,-5,-11,-5,-11,-6,-11,-6,-11,-6,-10,2,8,9,5,12,-2,8,-11,0,-15,-10,-10,-14,0,13,12,0,10,7,5,8,-2,1,-8,-7,-5,-11,2,-6,12,5,15,18,9,22,-6,12,-21,-5,-27,-23,-17,-19,-3,-19,21,0,26,16,18,21,1,14,-11,1,-15,0,0,-10,1,-4,10,6,9,12,0,8,-10,-2,-15,-17,-22,-17,2,-10,14,2,16,11,9,12,-1,5,-8,-2,-7,-6,0,-3,5,3,5,8,0,7,-8,0,-14,-13,-27,-20,0,-17,15,-3,24,13,21,22,8,21,-7,10,-16]"
CSI_DATA,124762,d8:b1:90:d9:de:f0,-36,9,-99,-37,38,104,-1433295688,98,0,106,0,"[59,0,82,19,86,0,5,19,63,0,-58,18,32,0,-80,18,-7,19,-60,18,-50,19,-25,18,-63,19,15,19,-36,19,60,19,27,0,120,19,108,0,164,19,-141,0,-134,19,-90,0,-128,19,-88,0,-125,19,0,0,0,0,-115,0,-93,19,-132,0,-19,19,-116,0,75,0,-81,0,-163,0,-29,0,-110,0,5,1,-97,0,3,1,-121,0,-10,0,-158,0,-31,0,143,0,-66,0,132,0,-110,0,141,0,-155,0,156,0,142,0]"
CSI_DATA,124763,d8:b1:90:d9:de:f0,-36,9,-99,-37,38,104,-1433144905,108,0,106,0,"[97,19,125,0,36,19,-151,0,28,19,-97,0,47,19,-60,0,89,19,-49,0,133,19,-53,0,163,19,-81,0,-156,19,-121,0,161,19,142,0,139,19,64,0,110,19,-5,19,90,19,-37,19,86,19,-47,19,0,0,0,0,126,19,-73,19,-159,19,-119,19,-129,19,121,19,-114,19,40,19,-129,19,-19,18,-159,19,-47,18,145,19,-32,18,132,19,12,19,139,19,62,19,161,19,99,19,-120,19,120,19,-73,19,121,19,-32,19]"
CSI_DATA,124764,d8:b1:90:d9:de:f0,-36,11,-99,-33,37,104,-1432936486,277,0,106,0,"[12,0,46,19,-16,19,-16,18,-60,19,-34,18,-90,19,-14,18,-104,19,14,19,-112,19,42,19,-110,19,54,19,-97,19,51,19,-64,19,53,19,-28,19,59,19,18,0,80,19,49,0,88,19,75,0,106,19,0,0,0,0,104,0,114,19,132,0,142,19,-155,0,-164,19,-102,0,-138,19,-45,0,-128,19,-6,0,-141,19,-2,0,-151,19,-16,0,145,19,-42,0,116,19,-75,0,97,19,-107,0,99,19,-141,0,124,19,-164,0]"
CSI_DATA,124765,d8:b1:90:d9:de:f0,-37,9,-99,-35,38,104,-1432936015,98,0,106,0,"[72,18,-114,18,-2,17,-102,18,-29,17,-52,18,-25,17,-4,18,0,18,29,0,22,18,50,0,39,18,56,0,48,18,47,0,57,18,24,0,64,18,-4,18,77,18,-36,18,86,18,-61,18,102,18,-72,18,0,0,0,0,102,18,-80,18,127,18,-100,18,143,18,-146,18,-155,18,118,18,148,18,69,18,123,18,40,18,95,18,44,18,62,18,75,18,37,18,121,18,23,18,-151,18,36,18,-111,18,70,18,-86,18,112,18]"
CSI_DATA,124766,d8:b1:90:d9:de:f0,-37,9,-99,-32,38,104,-1432935856,98,0,106,0,"[-138,0,87,16,-117,0,31,16,-126,0,3,16,139,0,10,16,124,0,23,16,117,0,48,16,122,0,65,16,-143,0,87,16,-121,0,118,16,-100,0,-120,16,-93,0,-72,16,-80,0,-33,16,-79,0,-1,16,0,0,0,0,-86,0,53,0,-112,0,87,0,-138,0,135,0,123,0,-97,0,104,0,-35,0,95,0,1,1,97,0,13,1,105,0,8,1,122,0,-3,0,138,0,-24,0,126,0,-44,0,96,0,-74,0,57,0]"
CSI_DATA,124767,d8:b1:90:d9:de:f0,-38,9,-99,-36,39,104,-1432727124,130,0,106,0,"[104,0,105,16,138,0,-12,15,125,0,-80,15,102,0,-90,15,84,0,-56,15,61,0,-8,15,72,0,60,16,100,0,142,16,-143,0,-42,16,-97,0,50,0,-70,0,120,0,-61,0,142,0,-90,0,126,0,0,0,0,0,84,0,54,0,-21,16,12,0,-142,16,-21,16,29,16,-41,16,-44,15,-46,16,-68,15,-43,16,-50,15,-39,16,-8,15,-44,16,41,16,-52,16,103,16,-78,16,-117,16,-124,16,-75,16,112,16,-47,16]"
CSI_DATA,124768,d8:b1:90:d9:de:f0,-36,9,-99,-33,37,104,-1432675087,224,0,106,0,"[-117,0,71,0,-36,0,114,0,33,1,123,0,53,1,90,0,44,1,47,0,16,1,24,0,-16,0,23,0,-55,0,40,0,-107,0,102,0,-149,0,-160,0,154,0,-97,0,147,0,-58,0,139,0,-57,0,0,0,0,0,108,0,-126,0,38,0,-161,0,-53,19,159,0,-165,19,-161,0,80,19,-125,0,40,19,-86,0,58,19,-59,0,90,19,-54,0,132,19,-60,0,150,19,-94,0,149,19,-136,0,120,19,146,0,98,19]"
CSI_DATA,124769,d8:b1:90:d9:de:f0,-37,9,-99,-36,38,104,-1432631256,124,0,106,0,"[105,0,-122,18,-122,0,127,18,-95,0,36,18,-128,0,-21,17,139,0,-46,17,98,0,-26,17,71,0,1,18,74,0,47,18,109,0,117,18,-144,0,-156,18,-76,0,-130,18,-49,0,-132,18,-66,0,-134,18,0,0,0,0,-151,0,-119,18,109,0,-42,18,86,0,65,0,93,0,-135,0,132,0,-44,0,-135,0,-2,0,-93,0,-16,0,-73,0,-64,0,-73,0,-103,0,-86,0,-125,0,-122,0,-138,0,156,0,-123,0,139,0]"
CSI_DATA,124770,d8:b1:90:d9:de:f0,-37,11,-99,-38,39,104,-1432518687,277,0,106,0,"[-89,0,103,0,1,1,118,0,59,1,86,0,65,1,43,0,34,1,2,0,-7,0,-10,17,-45,0,-4,17,-80,0,32,0,-124,0,99,0,-150,0,-139,0,130,0,-93,0,116,0,-76,0,109,0,-90,0,0,0,0,0,55,0,-139,0,-19,17,125,0,-112,17,122,0,101,17,124,0,39,17,146,0,5,17,-128,0,10,17,-114,0,38,17,-114,0,71,17,-116,0,91,17,-142,0,97,17,122,0,86,17,82,0,82,17]"
CSI_DATA,124771,d8:b1:90:d9:de:f0,-37,9,-99,-34,38,104,-1432518207,124,0,106,0,"[-86,0,118,0,13,1,129,0,78,1,80,0,77,1,17,0,46,1,-30,17,-3,0,-61,17,-47,0,-57,17,-90,0,-14,17,-114,0,53,0,-123,0,120,0,-122,0,-137,0,-111,0,-125,0,-120,0,-140,0,0,0,0,0,110,0,125,0,36,0,117,0,-54,17,144,0,-128,17,-103,0,139,17,-34,0,140,17,11,1,-137,17,23,1,-95,17,10,1,-67,17,-14,0,-53,17,-42,0,-67,17,-73,0,-97,17,-95,0,-116,17]"
CSI_DATA,124772,d8:b1:90:d9:de:f0,-37,9,-99,-36,39,104,-1432309289,98,0,106,0,"[134,0,95,16,-123,0,3,16,134,0,-59,15,87,0,-66,15,47,0,-46,15,10,0,-1,15,7,0,49,16,42,0,104,16,99,0,-133,16,-122,0,-94,16,-68,0,-77,16,-51,0,-79,16,-79,0,-66,16,0,0,0,0,131,0,-7,16,100,0,75,0,93,0,-123,0,105,0,-34,0,135,0,17,1,-131,0,17,1,-123,0,-8,0,-133,0,-41,0,138,0,-74,0,107,0,-84,0,66,0,-87,0,38,0,-79,0,19,0]"
CSI_DATA,124773,d8:b1:90:d9:de:f0,-38,9,-99,-34,39,104,-1432309166,98,0,106,0,"[120,15,104,15,38,15,62,15,-32,14,81,15,-45,14,129,15,-36,14,-97,15,0,15,-52,15,46,15,-43,15,97,15,-55,15,-119,15,-99,15,-77,15,116,15,-47,15,75,15,-43,15,64,15,-39,15,84,15,0,0,0,0,11,0,-115,15,83,0,-76,15,-97,0,-65,15,-15,0,-73,15,30,1,-100,15,38,1,-130,15,9,1,131,15,-27,0,123,15,-59,0,-129,15,-78,0,-102,15,-79,0,-73,15,-77,0,-47,15,-80,0]"
CSI_DATA,124774,d8:b1:90:d9:de:f0,-35,11,-99,-37,37,104,-1432308658,100,0,114,0,"[26,-24,31,-24,36,-24,37,-24,37,-23,37,-20,36,-18,36,-17,33,-15,34,-15,31,-15,33,-14,33,-14,33,-15,34,-17,36,-17,37,-18,39,-20,40,-20,40,-20,40,-21,40,-21,40,-21,40,-23,39,-20,39,-20,37,-20,39,-20,0,0,37,-20,37,-20,39,-20,37,-20,39,-21,40,-21,39,-21,40,-21,39,-21,37,-23,36,-21,34,-20,33,-20,31,-20,30,-18,29,-18,29,-18,29,-20,30,-20,31,-20,33,-20,33,-21,34,-21,37,-20,39,-20,39,-17,37,-14,33,-11]"
CSI_DATA,124775,d8:b1:90:d9:de:f0,-38,11,-99,-35,39,104,-1431891989,277,0,106,0,"[54,0,30,16,51,0,-51,15,7,0,-82,15,-37,16,-73,15,-54,16,-28,15,-62,16,13,16,-49,16,62,16,-1,16,105,16,63,0,130,16,136,0,-118,16,-99,0,-105,16,-82,0,-98,16,-91,0,-78,16,0,0,0,0,126,0,-8,16,128,0,65,0,125,0,-121,0,-133,0,-44,0,-102,0,-10,0,-87,0,-1,0,-89,0,-28,0,-90,0,-61,0,-119,0,-87,0,125,0,-107,0,83,0,-107,0,53,0,-101,0,33,0]"
CSI_DATA,124776,d8:b1:90:d9:de:f0,-37,9,-99,-32,38,104,-1431891508,124,0,106,0,"[83,0,38,16,78,0,-49,15,28,0,-89,15,-16,16,-77,15,-50,16,-35,15,-70,16,13,16,-51,16,59,16,-7,16,99,16,60,0,127,16,126,0,140,16,-105,0,-142,16,-90,0,139,16,-108,0,-138,16,0,0,0,0,-142,0,-68,16,-141,0,10,0,-104,0,92,0,-54,0,-132,0,-2,0,-105,0,22,1,-121,0,10,1,135,0,-13,0,98,0,-48,0,80,0,-84,0,80,0,-116,0,97,0,-138,0,129,0,139,0]"
CSI_DATA,124777,d8:b1:90:d9:de:f0,-37,9,-99,-34,38,104,-1431865444,130,0,106,0,"[-73,0,-98,17,5,1,-148,17,24,1,104,17,5,1,80,17,-29,0,77,17,-70,0,93,17,-98,0,128,17,-114,0,-118,17,-125,0,-36,17,-130,0,49,0,-135,0,114,0,-140,0,142,0,141,0,137,0,0,0,0,0,40,0,111,0,-48,17,96,0,143,17,110,0,45,17,140,0,-13,16,-122,0,-29,16,-97,0,-10,16,-93,0,27,17,-102,0,60,17,-123,0,91,17,147,0,105,17,99,0,112,17,51,0,117,17]"
CSI_DATA,124778,d8:b1:90:d9:de:f0,-38,9,-99,-35,39,104,-1431865273,313,0,106,0,"[127,16,-97,0,99,16,-11,0,115,16,47,1,-125,16,56,1,-83,16,44,1,-61,16,5,1,-50,16,-41,0,-63,16,-98,0,-101,16,110,0,130,16,42,0,91,16,3,0,67,16,-14,16,77,16,-17,16,0,0,0,0,-89,16,-43,16,-13,16,-88,16,58,0,111,16,103,0,18,16,116,0,-53,15,100,0,-85,15,66,0,-74,15,38,0,-37,15,23,0,9,16,22,0,49,16,47,0,95,16,83,0,138,16,111,0]"
CSI_DATA,124779,d8:b1:90:d9:de:f0,-37,9,-99,-37,39,104,-1431864979,290,0,106,0,"[63,17,-34,17,-30,16,-30,17,-76,16,10,0,-64,16,58,0,-40,16,76,0,4,17,91,0,46,17,75,0,85,17,35,0,125,17,-32,17,146,17,-114,17,-131,17,125,17,-124,17,105,17,-110,17,120,17,0,0,0,0,-43,17,-127,17,48,0,-95,17,-138,0,-101,17,-43,0,-133,17,15,1,122,17,24,1,95,17,-5,0,77,17,-48,0,85,17,-84,0,105,17,-110,0,133,17,-120,0,-114,17,-117,0,-69,17,-113,0]"
CSI_DATA,124780,d8:b1:90:d9:de:f0,-38,9,-99,-34,39,104,-1431864757,113,0,106,0,"[70,0,-56,0,127,0,8,1,-87,0,23,1,-51,0,-12,0,-41,0,-49,0,-66,0,-87,0,-92,0,-113,0,128,0,-131,0,63,0,-129,0,-1,15,-113,0,-49,15,-84,0,-69,15,-72,0,-70,15,-86,0,0,0,0,0,-70,15,94,0,-98,15,19,0,109,15,-46,15,23,15,-90,15,-46,14,-106,15,-70,14,-92,15,-56,14,-49,15,-24,14,-15,15,13,15,2,0,47,15,-2,15,80,15,-21,15,112,15,-63,15,128,15]"
CSI_DATA,124781,d8:b1:90:d9:de:f0,-40,9,-99,-35,41,104,-1431682600,262,0,106,0,"[-56,0,-79,12,-12,0,99,12,-4,0,58,12,-27,0,39,12,-54,0,38,12,-85,0,51,12,-100,0,80,12,-104,0,-103,12,-97,0,-44,12,-81,0,12,0,-64,0,55,0,-57,0,75,0,-61,0,79,0,0,0,0,0,104,0,83,0,52,0,98,0,-6,12,-82,0,-51,12,-34,0,-74,12,7,0,-80,12,27,0,-71,12,29,0,-57,12,10,0,-49,12,-15,0,-51,12,-37,0,-74,12,-70,0,-101,12,-94,0,95,12]"
CSI_DATA,124782,d8:b1:90:d9:de:f0,-40,9,-99,-35,41,104,-1431682403,242,0,106,0,"[-51,0,-51,12,3,0,-96,12,12,0,77,12,-12,0,53,12,-43,0,48,12,-77,0,59,12,-99,0,90,12,-106,0,-95,12,-99,0,-37,12,-83,0,19,0,-60,0,61,0,-48,0,77,0,-51,0,77,0,0,0,0,0,-107,0,73,0,61,0,89,0,6,0,-89,0,-35,12,-33,0,-53,12,13,0,-50,12,37,0,-34,12,36,0,-13,12,17,0,-9,12,-11,0,-16,12,-39,0,-43,12,-65,0,-77,12,-84,0,-105,12]"
CSI_DATA,124783,d8:b1:90:d9:de:f0,-39,9,-99,-32,40,104,-1431682259,108,0,106,0,"[67,0,50,13,72,0,-15,12,42,0,-50,12,7,0,-49,12,-19,13,-23,12,-29,13,4,13,-24,13,33,13,3,0,65,13,47,0,92,13,101,0,-113,13,-83,0,-98,13,-61,0,-97,13,-62,0,-90,13,0,0,0,0,-92,0,-49,13,-105,0,3,0,-95,0,68,0,-73,0,-94,0,-46,0,-54,0,-24,0,-47,0,-21,0,-57,0,-25,0,-81,0,-41,0,-104,0,-70,0,-112,0,-98,0,-105,0,98,0,-82,0,80,0]"
CSI_DATA,124784,d8:b1:90:d9:de:f0,-45,11,-99,-33,46,104,-1431308843,100,0,228,0,"[-2,1,-3,3,-4,5,-6,5,-8,6,-9,6,-10,6,50,20,-11,5,-11,5,-11,5,-10,5,-9,5,-9,5,-8,5,-7,5,-6,5,-5,5,-4,5,-2,6,-1,6,-15,-13,1,7,1,7,2,8,2,7,2,6,2,6,0,0,1,5,1,3,1,2,0,0,0,-1,0,-3,5,0,0,-7,0,-9,0,-10,1,-11,1,-12,1,-12,1,-12,2,-12,2,-12,2,-11,2,-11,1,-11,1,-11,13,0,0,-10,0,-9,-1,-9,-1,-9,-2,-8,-2,-8,-2,-7,-1,-5,-5,-3,-7,2,-4,6,1,8,5,4,5,0,-7,2,0,-3,-1,0,0,1,1,0,2,-2,0,-5,-5,-4,-8,0,-6,8,0,12,10,9,15,0,10,-11,0,-8,-11,-11,-14,0,-9,10,0,12,8,7,10,-1,0,0,-3,-7,-7,-1,-5,5,0,7,6,4,7,-2,3,-13,-3,-7,-8,-2,-6,3,-2,6,2,5,3,1,2,0,0,-1,0,0,2,0,3,-1,1,-5,-2,-6,-6,-14,-11,2,-7,10,1,13,10,9,14,0,10,-8,1,-11]"
CSI_DATA,124785,d8:b1:90:d9:de:f0,-38,11,-99,-32,39,104,-1431265291,277,0,106,0,"[79,15,26,0,-7,14,31,0,-59,14,56,0,-66,14,64,0,-65,14,76,0,-42,14,80,0,-11,14,71,0,23,15,49,0,81,15,-5,15,-103,15,-61,15,-47,15,-122,15,-11,15,94,15,5,0,83,15,0,0,0,0,14,0,-114,15,33,0,-33,15,69,0,61,0,-128,0,-101,0,-76,0,-36,0,-42,0,-7,0,-23,0,-13,0,-24,0,-35,0,-48,0,-62,0,-81,0,-88,0,-128,0,-100,0,66,0,-108,0,14,0]"
CSI_DATA,124786,d8:b1:90:d9:de:f0,-39,9,-99,-33,40,104,-1431264837,101,0,106,0,"[-90,0,78,0,-22,0,-115,0,29,0,-113,0,47,0,114,0,47,0,99,0,35,0,73,0,12,0,66,0,-28,0,60,0,-92,0,72,0,66,0,90,0,0,13,-112,0,-46,13,-91,0,-62,13,-91,0,0,0,0,0,-38,13,94,0,-38,13,23,0,-56,13,-64,13,-90,13,77,13,102,13,8,13,70,13,-17,12,47,13,-6,12,39,13,22,13,52,13,48,13,79,13,69,13,-117,13,87,13,-67,13,99,13,-22,13]"
CSI_DATA,124787,d8:b1:90:d9:de:f0,-40,9,-99,-35,41,104,-1431264741,113,0,106,0,"[-88,12,-96,0,96,12,-24,0,94,12,26,0,-108,12,54,0,-79,12,53,0,-58,12,42,0,-40,12,13,0,-33,12,-29,0,-46,12,-98,0,-73,12,51,0,-107,12,-7,12,82,12,-43,12,73,12,-51,12,0,0,0,0,-90,12,-22,12,-25,12,-21,12,66,0,-41,12,-71,0,-88,12,-13,0,76,12,6,0,36,12,-15,0,9,12,-48,0,8,12,-77,0,22,12,-106,0,47,12,99,0,93,12,103,0,-73,12,-106,0]"
CSI_DATA,124788,d8:b1:90:d9:de:f0,-39,9,-99,-36,41,104,-1431264578,98,0,106,0,"[77,13,38,0,3,13,50,0,-40,12,80,0,-42,12,106,0,-27,12,-103,0,-7,12,-94,0,19,13,-100,0,50,13,100,0,82,13,47,0,-112,13,-22,13,-88,13,-92,13,-78,13,95,13,-78,13,87,13,0,0,0,0,-60,13,-105,13,-4,13,-52,13,81,0,-21,13,-57,0,2,0,17,0,0,0,57,0,-21,13,62,0,-42,13,46,0,-62,13,12,0,-73,13,-24,0,-65,13,-59,0,-37,13,-87,0,6,0,-104,0]"
CSI_DATA,124789,d8:b1:90:d9:de:f0,-40,9,-99,-35,41,104,-1431264473,98,0,106,0,"[-96,0,-91,12,-40,0,78,12,-23,0,33,12,-35,0,0,12,-62,0,0,12,-82,0,-2,12,-103,0,17,12,96,0,54,12,88,0,106,12,93,0,-42,12,104,0,22,0,-102,0,64,0,-96,0,70,0,0,0,0,0,79,0,45,0,18,0,38,0,-71,12,48,0,71,12,82,0,12,12,-96,0,-4,12,-56,0,11,12,-35,0,44,12,-25,0,70,12,-30,0,95,12,-55,0,-110,12,-91,0,-110,12,84,0,103,12]"
CSI_DATA,124790,d8:b1:90:d9:de:f0,-39,9,-99,-34,40,104,-1431264341,252,0,106,0,"[112,0,116,14,-83,0,49,14,-74,0,-2,13,-87,0,-36,13,-116,0,-29,13,90,0,-31,13,76,0,-7,13,60,0,33,14,64,0,100,14,90,0,-70,14,118,0,-9,14,-95,0,25,0,-91,0,33,0,0,0,0,0,98,0,24,0,37,0,33,0,-50,14,69,0,-116,14,-110,0,81,14,-37,0,71,14,9,0,105,14,25,0,-101,14,18,0,-83,14,10,0,-66,14,-22,0,-63,14,-66,0,-77,14,-106,0,-100,14]"
CSI_DATA,124791,d8:b1:90:d9:de:f0,-37,9,-99,-33,38,104,-1431055928,130,0,106,0,"[-118,0,-137,17,-69,0,99,17,-69,0,30,17,-117,0,-8,16,122,0,-19,16,85,0,-5,16,49,0,13,17,47,0,51,17,84,0,87,17,130,0,116,17,-122,0,124,17,-103,0,118,17,-114,0,109,17,0,0,0,0,131,0,140,17,124,0,-90,17,-136,0,-20,17,-68,0,32,0,4,1,45,0,48,1,18,0,45,1,-26,17,20,1,-64,17,-23,0,-95,17,-56,0,-105,17,-80,0,-80,17,-83,0,-41,17,-76,0]"
CSI_DATA,124792,d8:b1:90:d9:de:f0,-37,11,-99,-34,38,104,-1430847492,277,0,106,0,"[-116,0,-79,17,-33,0,-130,17,-3,0,114,17,-24,0,64,17,-58,0,35,17,-86,0,45,17,-114,0,55,17,-124,0,89,17,-118,0,150,17,-102,0,-86,17,-77,0,-42,17,-59,0,-10,17,-66,0,1,0,0,0,0,0,-134,0,17,0,105,0,60,0,45,0,134,0,9,0,-76,0,9,0,20,1,30,0,67,1,67,0,70,1,97,0,41,1,112,0,5,1,127,0,-28,0,97,0,-58,0,46,0,-72,0,15,0]"
CSI_DATA,124793,d8:b1:90:d9:de:f0,-36,9,-99,-33,37,104,-1430847029,124,0,106,0,"[145,19,-107,19,45,19,-141,19,-29,18,-115,19,-58,18,-62,19,-54,18,-10,19,-29,18,37,0,-1,18,55,0,32,19,44,0,66,19,-1,19,89,19,-59,19,102,19,-116,19,112,19,-141,19,119,19,-137,19,0,0,0,0,-154,19,-103,19,-79,19,-107,19,14,0,-159,19,89,0,103,19,125,0,15,19,111,0,-47,18,64,0,-73,18,15,0,-62,18,-27,19,-32,18,-46,19,7,19,-34,19,49,19,-5,19,77,19,20,0]"
CSI_DATA,124794,d8:b1:90:d9:de:f0,-34,11,-99,-35,36,104,-1430308842,100,0,114,0,"[-27,29,-33,29,-40,29,-41,27,-43,26,-43,23,-41,20,-41,16,-40,16,-40,13,-38,13,-38,12,-38,12,-38,12,-40,12,-43,13,-43,13,-46,13,-47,13,-49,13,-49,12,-49,12,-49,10,-49,10,-46,9,-44,9,-43,7,-43,6,0,0,-44,6,-44,4,-46,4,-46,4,-46,3,-47,3,-47,1,-47,1,-46,1,-46,1,-43,0,-41,-1,-41,0,-38,0,-36,0,-35,0,-33,0,-35,-1,-35,-1,-38,-4,-38,-4,-40,-6,-40,-7,-38,-10,-38,-12,-36,-13,-33,-15,-30,-16]"
CSI_DATA,124795,d8:b1:90:d9:de:f0,-37,9,-99,-34,38,104,-1430220339,500,0,106,0,"[70,0,70,17,57,0,-40,16,14,0,-89,16,-36,17,-79,16,-59,17,-51,16,-58,17,-3,16,-41,17,39,17,3,0,82,17,70,0,123,17,140,0,-140,17,-112,0,-120,17,-96,0,-103,17,-116,0,-82,17,0,0,0,0,103,0,-9,17,40,0,65,0,-3,17,-133,0,-28,17,-28,0,-24,17,49,1,-14,17,76,1,10,0,60,1,22,0,19,1,22,0,-23,0,4,0,-58,0,-34,17,-97,0,-89,17,-122,0,-121,17]"
CSI_DATA,124796,d8:b1:90:d9:de:f0,-38,9,-99,-35,39,104,-1430220076,500,0,106,0,"[-80,16,65,16,125,16,-5,15,56,16,-10,15,21,16,19,16,31,16,68,16,45,16,103,16,82,16,128,16,138,16,131,16,-76,16,118,16,-7,16,95,16,39,0,83,16,57,0,82,16,55,0,101,16,0,0,0,0,52,0,-64,16,75,0,13,0,124,0,106,0,-90,0,-102,0,-27,0,-74,0,5,1,-75,0,5,1,-104,0,-7,0,-137,0,-40,0,117,0,-81,0,107,0,-134,0,121,0,114,0,-130,0,92,0]"
CSI_DATA,124797,d8:b1:90:d9:de:f0,-37,9,-99,-36,39,104,-1430219830,500,0,106,0,"[33,0,-53,0,83,0,29,1,-138,0,57,1,-100,0,30,1,-93,0,-14,0,-99,0,-53,0,-130,0,-83,0,106,0,-94,0,41,0,-92,0,-29,16,-81,0,-77,16,-79,0,-93,16,-81,0,-87,16,-106,0,0,0,0,0,-76,16,80,0,-96,16,-1,16,-139,16,-94,16,88,16,123,16,25,16,87,16,-6,15,86,16,-5,15,117,16,10,16,-140,16,39,16,-117,16,79,16,-111,16,122,16,-124,16,-130,16,133,16,-116,16]"
CSI_DATA,124798,d8:b1:90:d9:de:f0,-38,9,-99,-35,39,104,-1430219575,108,0,106,0,"[-52,0,-41,16,23,1,-110,16,33,1,87,16,-4,0,45,16,-54,0,34,16,-99,0,45,16,-135,0,83,16,136,0,127,16,-122,0,-85,16,-98,0,-28,16,-82,0,6,0,-75,0,16,0,-92,0,13,0,0,0,0,0,80,0,33,0,5,0,73,0,-58,16,-124,0,-91,16,-37,0,-86,16,39,1,-62,16,68,1,-22,16,61,1,3,0,27,1,22,0,-14,0,15,0,-55,0,-11,16,-83,0,-53,16,-100,0,-69,16]"
CSI_DATA,124799,d8:b1:90:d9:de:f0,-39,9,-99,-36,40,104,-1430219439,130,0,106,0,"[76,15,-108,15,-22,14,-105,15,-75,14,-56,15,-72,14,2,0,-41,14,43,0,1,15,59,0,34,15,55,0,69,15,25,0,96,15,-23,15,110,15,-77,15,114,15,-117,15,118,15,-127,15,-125,15,-112,15,0,0,0,0,-43,15,-65,15,35,0,-61,15,124,0,-87,15,-58,0,120,15,-24,0,62,15,-31,0,23,15,-67,0,11,15,-117,0,16,15,110,0,42,15,97,0,75,15,105,0,109,15,124,0,-113,15,-118,0]"
CSI_DATA,124800,d8:b1:90:d9:de:f0,-38,9,-99,-35,39,104,-1430219331,214,0,106,0,"[47,16,-6,16,-45,15,23,0,-89,15,66,0,-66,15,97,0,-37,15,103,0,0,16,82,0,41,16,56,0,73,16,9,0,109,16,-59,16,-130,16,-129,16,-95,16,104,16,-74,16,89,16,-53,16,106,16,0,0,0,0,9,0,-87,16,76,0,-11,16,-118,0,46,0,-35,0,102,0,29,1,127,0,49,1,129,0,39,1,117,0,13,1,102,0,-29,0,91,0,-76,0,97,0,-124,0,119,0,105,0,-122,0,76,0]"
CSI_DATA,124801,d8:b1:90:d9:de:f0,-39,9,-99,-36,40,104,-1430219168,214,0,106,0,"[-113,15,75,15,70,15,24,15,16,15,27,15,1,15,52,15,12,15,77,15,42,15,101,15,83,15,114,15,-120,15,112,15,-53,15,99,15,17,0,91,15,61,0,85,15,87,0,95,15,91,0,115,15,0,0,0,0,63,0,-37,15,57,0,42,0,64,0,-120,0,89,0,-32,0,108,0,23,1,122,0,45,1,-124,0,28,1,124,0,-3,0,102,0,-35,0,72,0,-62,0,26,0,-79,0,-25,15,-88,0,-52,15]"
CSI_DATA,124802,d8:b1:90:d9:de:f0,-38,9,-99,-35,39,104,-1430218969,124,0,106,0,"[49,16,37,0,-34,15,92,0,-56,15,-122,0,-33,15,-97,0,6,16,-95,0,45,16,-106,0,73,16,135,0,90,16,83,0,100,16,3,0,107,16,-66,16,115,16,-111,16,128,16,-135,16,-126,16,-124,16,0,0,0,0,-29,16,-80,16,57,0,-50,16,-113,0,-47,16,-20,0,-56,16,43,1,-80,16,64,1,-94,16,39,1,-112,16,8,1,-102,16,-30,0,-91,16,-63,0,-63,16,-86,0,-15,16,-91,0,33,0,-97,0]"
CSI_DATA,124803,d8:b1:90:d9:de:f0,-37,11,-99,-33,38,104,-1429802994,277,0,106,0,"[129,0,83,17,146,0,-15,16,114,0,-69,16,71,0,-70,16,41,0,-39,16,30,0,10,17,39,0,57,17,73,0,103,17,132,0,-132,17,-103,0,-81,17,-70,0,-54,17,-60,0,-39,17,-77,0,-23,17,0,0,0,0,129,0,35,0,66,0,93,0,12,0,-114,0,-19,17,-27,0,-34,17,35,1,-36,17,60,1,-18,17,51,1,0,0,21,1,-4,17,-10,0,-13,17,-38,0,-33,17,-65,0,-66,17,-99,0,-93,17]"
CSI_DATA,124804,d8:b1:90:d9:de:f0,-37,9,-99,-34,38,104,-1429802523,120,0,106,0,"[134,17,117,17,52,17,72,17,-15,16,83,17,-21,16,125,17,-13,16,-139,17,29,17,-106,17,67,17,-101,17,116,17,-127,17,-124,17,131,17,-74,17,87,17,-41,17,53,17,-28,17,46,17,-19,17,70,17,0,0,0,0,36,0,148,17,102,0,-98,17,-122,0,-64,17,-36,0,-45,17,26,1,-41,17,51,1,-53,17,40,1,-66,17,13,1,-70,17,-22,0,-72,17,-42,0,-65,17,-62,0,-36,17,-78,0,2,0,-91,0]"
CSI_DATA,124805,d8:b1:90:d9:de:f0,-37,9,-99,-37,39,104,-1429802410,98,0,106,0,"[-127,17,-80,0,-131,17,18,1,-86,17,71,1,-32,17,78,1,10,0,32,1,31,0,-6,0,23,0,-54,0,-23,17,-101,0,-77,17,-130,0,-147,17,-146,0,103,17,139,0,100,17,131,0,117,17,114,0,0,0,0,0,-114,17,30,0,-105,17,-42,17,-118,17,-140,17,-146,17,73,17,109,17,25,17,77,17,19,17,72,17,40,17,69,17,76,17,78,17,106,17,103,17,122,17,143,17,133,17,-123,17,125,17,-94,17]"
CSI_DATA,124806,d8:b1:90:d9:de:f0,-37,9,-99,-34,38,104,-1429802260,98,0,106,0,"[124,17,123,17,34,17,85,17,-32,16,109,17,-42,16,-143,17,-23,16,-101,17,11,17,-62,17,54,17,-66,17,99,17,-90,17,143,17,-148,17,-123,17,102,17,-99,17,67,17,-86,17,62,17,-73,17,89,17,0,0,0,0,-11,17,142,17,64,0,-123,17,-148,0,-121,17,-64,0,-134,17,-11,0,147,17,2,1,120,17,-13,0,105,17,-38,0,111,17,-71,0,111,17,-95,0,134,17,-106,0,-141,17,-103,0,-106,17,-106,0]"
CSI_DATA,124807,d8:b1:90:d9:de:f0,-37,11,-99,-33,38,104,-1429385195,277,0,106,0,"[57,17,110,0,8,17,-116,0,9,17,-62,0,50,17,-32,0,100,17,-36,0,137,17,-61,0,-143,17,-97,0,146,17,-137,0,127,17,103,0,94,17,53,0,77,17,9,0,73,17,-8,17,85,17,-13,17,0,0,0,0,133,17,-56,17,-120,17,-99,17,-90,17,117,17,-78,17,50,17,-84,17,-6,16,-107,17,-33,16,-118,17,-24,16,-136,17,4,17,-143,17,40,17,-133,17,62,17,-113,17,86,17,-76,17,97,17,-45,17]"
CSI_DATA,124808,d8:b1:90:d9:de:f0,-38,9,-99,-37,40,104,-1429384697,101,0,106,0,"[61,15,129,15,-14,14,112,15,-56,14,130,15,-54,14,-95,15,-23,14,-72,15,12,15,-65,15,55,15,-67,15,101,15,-91,15,-106,15,-128,15,-49,15,94,15,0,0,73,15,25,0,72,15,42,0,87,15,0,0,0,0,74,0,-113,15,110,0,-46,15,-86,0,13,0,-28,0,63,0,15,1,96,0,42,1,108,0,40,1,100,0,26,1,92,0,1,1,77,0,-31,0,72,0,-71,0,82,0,-111,0,107,0,111,0]"
CSI_DATA,124809,d8:b1:90:d9:de:f0,-37,9,-99,-36,39,104,-1429384565,130,0,106,0,"[-80,16,44,16,134,16,-13,15,66,16,2,16,34,16,51,16,26,16,107,16,41,16,-134,16,71,16,-111,16,112,16,-112,16,-133,16,-143,16,-102,16,111,16,-75,16,80,16,-67,16,75,16,-58,16,92,16,0,0,0,0,-29,16,118,16,28,0,138,16,102,0,117,16,-126,0,84,16,-93,0,42,16,-100,0,6,16,-130,0,-6,15,115,0,-6,15,79,0,6,16,53,0,31,16,43,0,57,16,59,0,85,16,65,0]"
CSI_DATA,124810,d8:b1:90:d9:de:f0,-38,9,-99,-36,40,104,-1429384412,113,0,106,0,"[34,15,-82,15,-35,14,-85,15,-67,14,-57,15,-57,14,-30,15,-25,14,-10,15,8,15,-11,15,41,15,-21,15,77,15,-51,15,117,15,-100,15,-99,15,108,15,-68,15,77,15,-42,15,63,15,-26,15,73,15,0,0,0,0,29,0,108,15,82,0,-105,15,-93,0,-79,15,-35,0,-63,15,20,1,-57,15,45,1,-59,15,39,1,-64,15,19,1,-65,15,-8,0,-60,15,-26,0,-55,15,-54,0,-29,15,-70,0,5,0,-94,0]"
CSI_DATA,124811,d8:b1:90:d9:de:f0,-40,11,-99,-32,41,104,-1429309167,100,0,228,0,"[7,6,10,7,12,9,14,11,15,14,15,15,15,17,86,35,12,18,11,17,11,17,11,16,10,15,10,14,10,13,10,11,10,10,11,9,11,7,11,4,12,3,-27,-23,13,0,13,0,13,-1,12,-2,11,-3,10,-3,0,0,7,-4,6,-5,4,-7,3,-7,0,-9,0,-11,-7,11,-3,-15,-5,-17,-6,-18,-7,-19,-7,-20,-7,-19,-6,-20,-5,-19,-5,-19,-3,-18,-4,-18,-4,-17,-3,-16,-41,11,-4,-14,-5,-11,-6,-11,-6,-11,-7,-9,-6,-8,-6,-7,-6,6,0,11,7,8,12,0,8,-7,0,-11,-7,-7,6,19,-3,7,4,6,8,0,4,-7,-4,-9,-12,-3,-13,7,-3,17,11,17,22,4,21,-13,6,-24,-13,-23,-11,-6,-22,12,-7,23,11,19,19,5,15,-9,3,-16,0,0,-13,0,-7,10,3,13,11,4,11,-6,3,-12,-11,-24,-13,0,-9,8,0,11,7,6,7,-1,2,-6,-3,-3,-5,1,0,6,5,4,8,-1,5,-10,-4,-13,-19,-23,-19,5,-11,18,3,23,18,15,23,0,16,-14,3,-19]"
CSI_DATA,124812,d8:b1:90:d9:de:f0,-37,9,-99,-32,38,104,-1429175815,98,0,106,0,"[-43,0,25,0,40,1,-14,16,67,1,-76,16,48,1,-134,16,3,1,123,16,-39,0,118,16,-77,0,130,16,-99,0,-125,16,-105,0,-62,16,-99,0,-10,16,-98,0,29,0,-105,0,47,0,-116,0,51,0,0,0,0,0,98,0,83,0,49,0,120,0,3,0,-99,0,-17,16,-28,0,-12,16,31,1,7,0,60,1,39,0,56,1,67,0,24,1,86,0,-3,0,97,0,-35,0,86,0,-69,0,59,0,-93,0,37,0]"
CSI_DATA,124813,d8:b1:90:d9:de:f0,-38,9,-99,-35,39,104,-1429175656,224,0,106,0,"[49,16,17,0,-25,15,67,0,-39,15,137,0,-9,15,-97,0,33,16,-75,0,86,16,-66,0,118,16,-90,0,129,16,-125,0,128,16,102,0,113,16,55,0,95,16,17,0,93,16,4,0,107,16,-1,16,0,0,0,0,-115,16,-45,16,-79,16,-91,16,-57,16,111,16,-63,16,37,16,-92,16,-18,15,-127,16,-26,15,126,16,-7,15,102,16,28,16,94,16,64,16,101,16,92,16,121,16,118,16,-131,16,138,16,-95,16]"
CSI_DATA,124814,d8:b1:90:d9:de:f0,-37,9,-99,-36,39,104,-1429175466,310,0,106,0,"[-71,0,-98,16,-3,0,138,16,14,1,89,16,-6,0,67,16,-40,0,72,16,-70,0,85,16,-90,0,125,16,-97,0,-108,16,-98,0,-49,16,-98,0,25,0,-106,0,84,0,-121,0,113,0,140,0,118,0,0,0,0,0,49,0,122,0,-21,16,126,0,-113,16,-141,0,90,16,-112,0,39,16,-86,0,19,16,-70,0,28,16,-72,0,49,16,-72,0,69,16,-90,0,92,16,-118,0,103,16,133,0,109,16,90,0,123,16]"
CSI_DATA,124815,d8:b1:90:d9:de:f0,-38,9,-99,-34,39,104,-1429175253,290,0,106,0,"[46,15,15,0,-27,14,48,0,-57,14,88,0,-45,14,121,0,-9,14,130,0,22,15,121,0,47,15,94,0,70,15,61,0,85,15,-1,15,100,15,-60,15,117,15,-108,15,-135,15,-134,15,-109,15,126,15,0,0,0,0,-19,15,-116,15,39,0,-119,15,116,0,-124,15,-74,0,126,15,-23,0,104,15,3,1,91,15,-9,0,81,15,-30,0,81,15,-55,0,93,15,-82,0,113,15,-96,0,-126,15,-105,0,-81,15,-115,0]"
CSI_DATA,124816,d8:b1:90:d9:de:f0,-37,11,-99,-34,38,104,-1428967396,277,0,106,0,"[-40,0,14,0,52,1,-14,17,90,1,-64,17,59,1,-103,17,20,1,-116,17,-27,0,-109,17,-65,0,-79,17,-90,0,-28,17,-109,0,47,0,-123,0,116,0,-139,0,-136,0,-149,0,-118,0,124,0,-124,0,0,0,0,0,47,0,-144,0,-42,17,144,0,-128,17,-143,0,92,17,-125,0,35,17,-98,0,16,17,-90,0,29,17,-85,0,47,17,-96,0,74,17,-109,0,95,17,-130,0,99,17,135,0,99,17,90,0,106,17]"
CSI_DATA,124817,d8:b1:90:d9:de:f0,-38,9,-99,-35,39,104,-1428966916,113,0,106,0,"[-35,0,-26,16,35,1,-76,16,47,1,-136,16,19,1,105,16,-20,0,97,16,-69,0,105,16,-92,0,-139,16,-104,0,-97,16,-102,0,-33,16,-89,0,28,0,-79,0,66,0,-86,0,82,0,-98,0,87,0,0,0,0,0,105,0,105,0,52,0,125,0,-9,16,-91,0,-50,16,-35,0,-64,16,17,1,-63,16,43,1,-42,16,46,1,-15,16,23,1,-2,16,-3,0,-5,16,-29,0,-15,16,-55,0,-37,16,-83,0,-58,16]"
CSI_DATA,124818,d8:b1:90:d9:de:f0,-37,9,-99,-34,38,104,-1428966780,108,0,106,0,"[64,17,-106,17,-35,16,-101,17,-82,16,-46,17,-73,16,4,0,-34,16,42,0,15,17,62,0,58,17,49,0,86,17,11,0,112,17,-57,17,124,17,-122,17,131,17,140,17,139,17,129,17,-148,17,140,17,0,0,0,0,-67,17,-144,17,3,0,-152,17,86,0,118,17,149,0,72,17,-128,0,24,17,-121,0,-7,16,-148,0,-11,16,125,0,0,17,108,0,22,17,90,0,46,17,96,0,79,17,108,0,111,17,118,0]"
CSI_DATA,124819,d8:b1:90:d9:de:f0,-37,9,-99,-36,39,104,-1428549153,130,0,106,0,"[-87,0,140,16,-54,0,71,16,-74,0,19,16,-114,0,-2,15,131,0,7,16,97,0,23,16,83,0,49,16,92,0,79,16,120,0,116,16,-135,0,-140,16,-103,0,-111,16,-87,0,-93,16,-92,0,-84,16,0,0,0,0,-117,0,-61,16,-136,0,-11,16,-124,0,59,0,-105,0,122,0,-67,0,-117,0,-24,0,-106,0,-4,0,-125,0,4,1,121,0,-1,0,79,0,-20,0,49,0,-59,0,39,0,-96,0,47,0,-132,0]"
CSI_DATA,124820,d8:b1:90:d9:de:f0,-36,9,-99,-38,38,104,-1428534673,124,0,106,0,"[93,20,148,20,12,20,126,20,-28,18,157,20,-30,18,-157,20,5,20,-113,20,24,20,-106,20,65,20,-105,20,100,20,-128,20,141,20,-160,20,-148,20,128,20,-96,20,104,20,-53,20,92,20,-30,20,104,20,0,0,0,0,4,0,112,20,68,0,148,20,157,0,154,20,-109,0,-164,20,-54,0,-166,20,-14,0,149,20,-21,0,142,20,-48,0,120,20,-68,0,128,20,-93,0,136,20,-122,0,166,20,-125,0,-140,20,-140,0]"
CSI_DATA,124821,d8:b1:90:d9:de:f0,-37,11,-99,-36,39,104,-1428340698,277,0,106,0,"[44,0,-1,0,98,0,61,1,-129,0,60,1,-105,0,24,1,-107,0,-35,0,-125,0,-72,0,132,0,-94,0,83,0,-111,0,24,0,-107,0,-30,16,-102,0,-76,16,-107,0,-102,16,-123,0,-111,16,134,0,0,0,0,0,-139,16,62,0,117,16,5,0,67,16,-51,16,22,16,-94,16,-19,15,-125,16,-35,15,-121,16,-19,15,-108,16,-1,15,-86,16,22,16,-63,16,43,16,-60,16,85,16,-65,16,114,16,-81,16,-135,16]"
CSI_DATA,124822,d8:b1:90:d9:de:f0,-37,9,-99,-35,38,104,-1428340199,98,0,106,0,"[20,18,-100,18,-72,17,-67,18,-100,17,-3,18,-70,17,57,0,-18,17,81,0,34,18,95,0,70,18,72,0,97,18,33,0,117,18,-18,18,123,18,-81,18,136,18,-118,18,146,18,-134,18,-141,18,-129,18,0,0,0,0,-69,18,154,18,-15,18,132,18,51,0,81,18,86,0,30,18,95,0,-28,17,85,0,-48,17,58,0,-31,17,28,0,-12,17,8,0,18,18,0,0,45,18,12,0,79,18,29,0,108,18,48,0]"
CSI_DATA,124823,d8:b1:90:d9:de:f0,-35,11,-99,-35,36,104,-1428309199,100,0,114,0,"[41,-1,44,1,46,3,47,4,49,4,47,4,47,4,44,6,43,4,41,4,40,3,40,1,40,0,40,-1,41,-3,41,-4,44,-6,46,-6,47,-9,47,-10,46,-10,47,-13,46,-13,44,-15,44,-15,43,-16,41,-16,41,-16,0,0,40,-20,38,-20,38,-21,38,-23,36,-24,38,-26,36,-26,36,-27,35,-27,35,-29,32,-29,29,-29,27,-27,24,-27,23,-29,23,-29,21,-29,20,-29,20,-32,20,-33,18,-35,20,-36,21,-38,21,-38,23,-36,21,-35,21,-33,21,-32]"
CSI_DATA,124824,d8:b1:90:d9:de:f0,-37,9,-99,-36,39,104,-1428131318,407,0,106,0,"[-136,16,67,16,63,16,34,16,1,16,53,16,-15,15,104,16,-6,15,-135,16,30,16,-106,16,61,16,-94,16,103,16,-103,16,-130,16,-129,16,-83,16,125,16,-43,16,104,16,-19,16,103,16,-3,16,115,16,0,0,0,0,50,0,-131,16,113,0,-90,16,-95,0,-85,16,-33,0,-84,16,15,1,-95,16,31,1,-114,16,15,1,-130,16,-17,0,-134,16,-48,0,-131,16,-72,0,-122,16,-97,0,-104,16,-109,0,-65,16,-124,0]"
CSI_DATA,124825,d8:b1:90:d9:de:f0,-36,11,-99,-36,38,104,-1427922899,277,0,106,0,"[32,0,-45,0,103,0,31,1,-142,0,42,1,-90,0,-1,0,-69,0,-59,0,-80,0,-107,0,-96,0,-132,0,-128,0,-147,0,149,0,-133,0,101,0,-117,0,64,0,-107,0,37,0,-115,0,17,0,-142,0,0,0,0,0,-28,18,139,0,-95,18,100,0,129,18,103,0,54,18,119,0,3,18,153,0,-7,17,-122,0,21,18,-86,0,74,18,-71,0,120,18,-65,0,157,18,-75,0,-137,18,-101,0,-127,18,-139,0,-120,18]"
CSI_DATA,124826,d8:b1:90:d9:de:f0,-37,9,-99,-33,38,104,-1427922400,130,0,106,0,"[87,17,-135,0,39,17,-47,0,55,17,18,1,98,17,31,1,144,17,10,1,-121,17,-15,0,-112,17,-55,0,-124,17,-107,0,139,17,137,0,113,17,80,0,98,17,39,0,92,17,10,0,112,17,-10,17,0,0,0,0,-99,17,-64,17,-49,17,-115,17,8,0,102,17,39,0,23,17,47,0,-46,16,34,0,-72,16,11,0,-57,16,-13,17,-38,16,-27,17,-3,16,-32,17,28,17,-11,17,69,17,15,0,100,17,43,0]"
CSI_DATA,124827,d8:b1:90:d9:de:f0,-37,9,-99,-36,39,104,-1427713537,120,0,106,0,"[138,16,63,16,38,16,43,16,-31,15,83,16,-41,15,-131,16,-19,15,-74,16,17,16,-46,16,54,16,-39,16,85,16,-60,16,113,16,-96,16,134,16,-133,16,-131,16,139,16,-115,16,136,16,-89,16,142,16,0,0,0,0,-12,16,-134,16,43,0,136,16,106,0,92,16,140,0,49,16,-136,0,6,16,139,0,-21,15,112,0,-16,15,74,0,-6,15,49,0,17,16,24,0,39,16,21,0,63,16,29,0,97,16,38,0]"
CSI_DATA,124828,d8:b1:90:d9:de:f0,-38,9,-99,-34,39,104,-1427713397,120,0,106,0,"[-94,0,91,15,-97,0,-9,14,113,0,-59,14,55,0,-59,14,5,0,-26,14,-14,15,13,15,-14,15,44,15,4,0,67,15,38,0,87,15,77,0,99,15,102,0,110,15,109,0,126,15,105,0,-116,15,0,0,0,0,116,0,-55,15,-123,0,-9,15,-62,0,30,0,-9,0,48,0,28,1,45,0,47,1,18,0,36,1,-6,15,8,1,-40,15,-15,0,-57,15,-39,0,-66,15,-64,0,-66,15,-92,0,-51,15,-116,0]"
CSI_DATA,124829,d8:b1:90:d9:de:f0,-38,9,-99,-36,39,104,-1427504610,108,0,106,0,"[-59,0,-1,16,22,1,-40,16,47,1,-92,16,24,1,-139,16,-12,0,125,16,-51,0,127,16,-79,0,-139,16,-94,0,-103,16,-92,0,-52,16,-80,0,5,0,-69,0,48,0,-66,0,66,0,-80,0,65,0,0,0,0,0,140,0,66,0,76,0,92,0,20,0,-131,0,-22,16,-50,0,-26,16,15,1,-7,16,49,1,22,0,48,1,59,0,30,1,77,0,-4,0,81,0,-39,0,62,0,-70,0,25,0,-86,0,-3,16]"
CSI_DATA,124830,d8:b1:90:d9:de:f0,-37,9,-99,-35,38,104,-1427472754,101,0,106,0,"[-111,0,151,0,-2,0,-148,0,62,1,118,0,69,1,53,0,41,1,0,0,0,1,-30,18,-34,0,-31,18,-62,0,-9,18,-90,0,46,0,-100,0,90,0,-110,0,127,0,-122,0,134,0,-144,0,123,0,0,0,0,0,84,0,106,0,8,0,122,0,-69,18,-135,0,-123,18,-64,0,-136,18,1,1,-127,18,42,1,-83,18,51,1,-44,18,33,1,-8,18,9,1,4,0,-19,0,6,0,-46,0,-12,18,-72,0,-20,18]"
CSI_DATA,124831,d8:b1:90:d9:de:f0,-40,11,-99,-32,41,104,-1427308876,100,0,228,0,"[9,-3,11,-4,15,-4,17,-5,19,-4,21,-3,22,-1,86,35,21,0,20,1,19,3,18,3,17,3,16,3,15,3,15,1,14,0,13,0,13,-1,11,-3,11,-4,-27,-23,10,-7,9,-7,9,-8,8,-8,7,-8,7,-8,0,0,4,-8,3,-8,2,-9,0,-9,-1,-10,-3,-11,-49,11,-7,-14,-8,-15,-9,-16,-10,-18,-9,-19,-9,-19,-8,-19,-7,-19,-6,-19,-5,-19,-4,-18,-3,-18,-3,-16,-42,11,-2,-14,-3,-13,-3,-11,-3,-11,-4,-10,-4,-8,-4,-7,3,8,9,5,11,-2,6,-10,-2,-12,-8,-6,-9,2,19,7,3,6,7,0,4,-7,-3,-8,-10,-3,-11,6,-4,15,7,15,19,6,19,-10,7,-22,-9,-23,-23,-10,-13,2,-11,21,6,22,19,10,19,-4,9,-15,-4,-15,0,0,-12,5,-3,11,6,9,11,0,7,-9,-2,-11,-17,-19,-12,3,-5,11,4,11,10,3,8,-3,1,-7,-4,-4,-6,2,-1,6,5,5,9,-1,6,-10,-3,-13,-17,-24,-19,3,-13,17,0,24,15,19,24,3,20,-11,7,-19]"
CSI_DATA,124832,d8:b1:90:d9:de:f0,-37,11,-99,-35,38,104,-1427296201,277,0,106,0,"[117,18,-134,0,94,18,-44,0,135,18,20,1,-123,18,41,1,-68,18,20,1,-33,18,-8,0,-22,18,-39,0,-31,18,-66,0,-64,18,-94,0,-107,18,-118,0,-148,18,-140,0,-154,18,-154,0,-149,18,141,0,0,0,0,0,-140,18,100,0,-148,18,37,0,110,18,-30,18,53,18,-78,18,-9,17,-84,18,-55,17,-64,18,-58,17,-20,18,-35,17,24,0,-2,17,64,0,28,18,79,0,69,18,77,0,97,18,58,0,118,18]"
CSI_DATA,124833,d8:b1:90:d9:de:f0,-37,9,-99,-36,39,104,-1427295747,98,0,106,0,"[5,0,47,16,-24,16,-17,15,-63,16,-38,15,-102,16,-32,15,-111,16,-1,15,-102,16,25,16,-78,16,53,16,-56,16,58,16,2,0,75,16,60,0,88,16,100,0,112,16,123,0,139,16,138,0,-129,16,0,0,0,0,126,0,-65,16,136,0,0,0,-120,0,72,0,-83,0,142,0,-54,0,-105,0,-21,0,-76,0,6,1,-95,0,-3,0,-115,0,-16,0,142,0,-48,0,116,0,-80,0,106,0,-124,0,121,0,125,0]"
CSI_DATA,124834,d8:b1:90:d9:de:f0,-37,11,-99,-34,38,104,-1426878402,277,0,106,0,"[24,0,-48,0,65,0,30,1,115,0,52,1,150,0,26,1,-141,0,-11,0,-152,0,-48,0,124,0,-74,0,76,0,-91,0,20,0,-97,0,-52,17,-95,0,-102,17,-95,0,-124,17,-106,0,-123,17,-133,0,0,0,0,0,-135,17,96,0,149,17,30,0,102,17,-42,17,49,17,-99,17,8,17,-139,17,-8,16,-147,17,-9,16,-130,17,0,17,-104,17,24,17,-93,17,42,17,-83,17,79,17,-87,17,111,17,-108,17,143,17]"
CSI_DATA,124835,d8:b1:90:d9:de:f0,-38,9,-99,-35,39,104,-1426877930,130,0,106,0,"[-67,0,117,0,21,1,117,0,69,1,66,0,65,1,7,0,29,1,-37,16,-16,0,-53,16,-53,0,-51,16,-86,0,-14,16,-109,0,45,0,-117,0,102,0,-118,0,137,0,-121,0,-131,0,-134,0,138,0,0,0,0,0,75,0,124,0,8,0,135,0,-57,16,-105,0,-106,16,-54,0,-127,16,-2,0,-119,16,30,1,-98,16,28,1,-66,16,10,1,-40,16,-11,0,-21,16,-35,0,-30,16,-70,0,-52,16,-98,0,-74,16]"
CSI_DATA,124836,d8:b1:90:d9:de:f0,-38,9,-99,-36,40,104,-1426877759,113,0,106,0,"[38,15,4,0,-33,14,55,0,-42,14,114,0,-19,14,-96,0,34,15,-83,0,71,15,-84,0,100,15,-111,0,113,15,107,0,105,15,58,0,83,15,13,0,64,15,-18,15,62,15,-28,15,78,15,-30,15,0,0,0,0,-120,15,-48,15,-85,15,-88,15,-64,15,101,15,-56,15,38,15,-67,15,-10,14,-90,15,-28,14,-113,15,-7,14,121,15,18,15,116,15,50,15,124,15,76,15,-110,15,97,15,-84,15,100,15,-55,15]"
CSI_DATA,124837,d8:b1:90:d9:de:f0,-38,9,-99,-35,39,104,-1426877596,98,0,106,0,"[82,16,-138,16,-13,15,138,16,-68,15,-81,16,-62,15,-22,16,-38,15,25,0,11,16,57,0,54,16,54,0,86,16,22,0,103,16,-31,16,109,16,-81,16,104,16,-118,16,97,16,-128,16,112,16,-117,16,0,0,0,0,-92,16,-106,16,-41,16,-127,16,13,0,100,16,43,0,32,16,45,0,-28,15,23,0,-50,15,-10,16,-43,15,-41,16,-15,15,-61,16,14,16,-70,16,46,16,-55,16,74,16,-29,16,93,16,-6,16]"
CSI_DATA,124838,d8:b1:90:d9:de:f0,-37,9,-99,-34,38,104,-1426877482,130,0,106,0,"[109,0,-73,0,-116,0,-27,0,-45,0,-40,0,-13,0,-95,0,-9,0,-150,0,-38,0,115,0,-66,0,97,0,-99,0,102,0,-139,0,136,0,129,0,-131,0,108,0,-104,0,103,0,-93,0,85,0,-101,0,0,0,0,0,33,0,149,0,-28,17,-148,0,-91,17,-124,0,150,17,-78,0,127,17,-34,0,125,17,-4,0,-146,17,10,1,-99,17,7,1,-66,17,-15,0,-41,17,-38,0,-38,17,-61,0,-54,17,-97,0,-65,17]"
CSI_DATA,124839,d8:b1:90:d9:de:f0,-37,11,-99,-34,38,104,-1426460603,277,0,106,0,"[96,0,86,17,114,0,-1,16,79,0,-65,16,13,0,-78,16,-38,17,-55,16,-71,17,-10,16,-80,17,35,17,-51,17,77,17,13,0,110,17,89,0,110,17,150,0,101,17,-136,0,82,17,149,0,76,17,0,0,0,0,104,0,125,17,109,0,-108,17,-144,0,-34,17,-73,0,22,0,3,1,28,0,52,1,8,0,53,1,-29,17,23,1,-71,17,-15,0,-97,17,-54,0,-92,17,-87,0,-67,17,-96,0,-23,17,-85,0]"
CSI_DATA,124840,d8:b1:90:d9:de:f0,-38,9,-99,-35,39,104,-1426460113,113,0,106,0,"[45,0,63,16,59,0,-15,15,43,0,-63,15,3,0,-65,15,-23,16,-47,15,-31,16,-10,15,-30,16,28,16,4,0,68,16,66,0,112,16,134,0,-130,16,-83,0,-106,16,-50,0,-101,16,-46,0,-97,16,0,0,0,0,-105,0,-59,16,-136,0,6,0,121,0,88,0,121,0,-101,0,135,0,-28,0,-122,0,1,1,-106,0,2,1,-104,0,-28,0,-111,0,-61,0,-134,0,-83,0,104,0,-95,0,47,0,-94,0,11,0]"
CSI_DATA,124841,d8:b1:90:d9:de:f0,-37,9,-99,-33,38,104,-1426459986,124,0,106,0,"[131,17,-127,0,93,17,-51,0,114,17,13,1,-121,17,46,1,-54,17,38,1,-15,17,16,1,15,0,-21,0,9,0,-64,0,-45,17,-92,0,-105,17,-102,0,-146,17,-87,0,136,17,-66,0,-133,17,-64,0,0,0,0,0,-91,17,-97,0,-101,17,135,0,140,17,90,0,69,17,66,0,5,17,77,0,-23,16,110,0,-1,16,-139,0,35,17,-113,0,80,17,-99,0,124,17,-100,0,140,17,-131,0,124,17,131,0,118,17]"
CSI_DATA,124842,d8:b1:90:d9:de:f0,-35,11,-99,-35,37,104,-1426308861,100,0,114,0,"[-31,17,-35,16,-39,13,-41,12,-42,12,-41,10,-41,8,-38,8,-37,9,-37,8,-35,8,-35,8,-35,8,-35,9,-35,10,-37,10,-37,12,-39,12,-39,13,-42,13,-41,15,-42,17,-41,16,-41,17,-39,16,-38,15,-38,15,-38,16,0,0,-35,15,-37,16,-35,16,-38,17,-37,17,-38,19,-38,20,-35,19,-35,20,-35,20,-32,19,-31,19,-31,19,-28,17,-28,17,-26,17,-27,17,-26,17,-26,19,-27,21,-27,21,-28,21,-30,23,-31,21,-32,20,-31,19,-31,16,-28,13]"
CSI_DATA,124843,d8:b1:90:d9:de:f0,-37,11,-99,-37,39,104,-1426251703,277,0,106,0,"[-87,0,-142,0,1,1,-123,0,57,1,137,0,64,1,86,0,50,1,35,0,11,1,3,0,-21,0,-1,17,-65,0,20,0,-108,0,68,0,-142,0,122,0,136,0,-130,0,124,0,-110,0,112,0,-115,0,0,0,0,0,42,0,138,0,-21,17,130,0,-108,17,145,0,110,17,-103,0,66,17,-54,0,68,17,-18,0,100,17,-2,0,143,17,-13,0,-118,17,-31,0,-98,17,-54,0,-100,17,-92,0,-110,17,-125,0,-122,17]"
CSI_DATA,124844,d8:b1:90:d9:de:f0,-37,9,-99,-35,38,104,-1426251204,252,0,106,0,"[61,18,-59,18,-34,17,-39,18,-78,17,28,0,-66,17,91,0,-17,17,135,0,34,18,-156,0,77,18,144,0,102,18,106,0,103,18,44,0,95,18,-13,18,75,18,-59,18,67,18,-64,18,86,18,-56,18,0,0,0,0,150,18,-59,18,-102,18,-101,18,-63,18,130,18,-53,18,42,18,-80,18,-20,17,-122,18,-39,17,-156,18,-13,17,138,18,30,18,130,18,79,18,141,18,112,18,-138,18,134,18,-107,18,132,18,-86,18]"
CSI_DATA,124845,d8:b1:90:d9:de:f0,-37,9,-99,-37,39,104,-1426251030,130,0,106,0,"[121,17,-114,0,72,17,-39,0,77,17,15,1,115,17,28,1,-145,17,11,1,-123,17,-10,0,-110,17,-56,0,-125,17,-109,0,139,17,121,0,109,17,54,0,87,17,4,0,78,17,-24,17,91,17,-42,17,0,0,0,0,-124,17,-84,17,-58,17,-117,17,11,0,108,17,61,0,40,17,86,0,-20,16,87,0,-48,16,77,0,-36,16,61,0,-19,16,48,0,13,17,48,0,48,17,62,0,85,17,99,0,117,17,114,0]"
CSI_DATA,124846,d8:b1:90:d9:de:f0,-36,9,-99,-37,38,104,-1426216569,108,0,106,0,"[-59,0,67,0,49,1,36,0,89,1,-38,19,72,1,-117,19,10,1,-155,19,-49,0,156,19,-89,0,-161,19,-111,0,-121,19,-114,0,-59,19,-94,0,-5,19,-85,0,29,0,-91,0,32,0,-124,0,25,0,0,0,0,0,130,0,72,0,79,0,125,0,58,0,-106,0,62,0,-29,0,107,0,23,1,150,0,33,1,-154,0,0,1,-141,0,-55,0,-139,0,-97,0,-158,0,-121,0,142,0,-138,0,123,0,-138,0,107,0]"
CSI_DATA,124847,d8:b1:90:d9:de:f0,-37,9,-99,-37,39,104,-1426042323,130,0,106,0,"[-123,0,-88,0,-33,0,-64,0,23,1,-92,0,30,1,146,0,12,1,100,0,-20,0,79,0,-48,0,75,0,-83,0,90,0,-122,0,128,0,139,0,-130,0,110,0,-105,0,95,0,-97,0,77,0,-106,0,0,0,0,0,25,0,-138,0,-39,17,135,0,-116,17,139,0,106,17,-135,0,53,17,-102,0,41,17,-70,0,62,17,-49,0,98,17,-42,0,135,17,-47,0,-127,17,-64,0,-117,17,-95,0,-122,17,-132,0,-129,17]"
CSI_DATA,124848,d8:b1:90:d9:de:f0,-36,9,-99,-36,38,104,-1426042188,124,0,106,0,"[98,0,51,18,79,0,-36,17,27,0,-69,17,-17,18,-51,17,-46,18,-21,17,-64,18,17,18,-52,18,47,18,-26,18,64,18,20,0,79,18,65,0,90,18,105,0,101,18,125,0,120,18,124,0,148,18,0,0,0,0,128,0,-118,18,152,0,-46,18,-119,0,5,0,-59,0,57,0,1,1,74,0,26,1,65,0,32,1,39,0,18,1,10,0,-7,0,-18,18,-32,0,-30,18,-59,0,-26,18,-93,0,-10,18,-114,0]"
CSI_DATA,124849,d8:b1:90:d9:de:f0,-37,9,-99,-36,39,104,-1425997057,124,0,106,0,"[130,16,-117,0,102,16,-31,0,134,16,29,1,-100,16,43,1,-53,16,28,1,-21,16,-8,0,-17,16,-51,0,-38,16,-90,0,-85,16,-130,0,135,16,127,0,89,16,125,0,71,16,130,0,83,16,117,0,0,0,0,0,142,16,74,0,-132,16,5,0,136,16,-77,16,87,16,135,16,34,16,94,16,2,16,96,16,-12,15,135,16,-3,15,-111,16,25,16,-80,16,50,16,-65,16,81,16,-78,16,109,16,-107,16,115,16]"
CSI_DATA,124850,d8:b1:90:d9:de:f0,-38,9,-99,-36,40,104,-1425996878,124,0,106,0,"[-88,0,118,0,-8,0,-124,0,44,1,98,0,52,1,44,0,27,1,1,0,-7,0,-27,15,-46,0,-27,15,-76,0,-4,15,-107,0,47,0,-112,0,107,0,-115,0,-113,0,-107,0,-99,0,-105,0,-114,0,0,0,0,0,94,0,108,0,38,0,116,0,-32,15,-107,0,-78,15,-49,0,-88,15,5,1,-78,15,42,1,-40,15,44,1,-6,15,24,1,12,0,-6,0,19,0,-38,0,1,0,-61,0,-27,15,-74,0,-40,15]"
CSI_DATA,124851,d8:b1:90:d9:de:f0,-37,9,-99,-36,39,104,-1425996693,124,0,106,0,"[86,0,-79,0,-130,0,-14,0,-52,0,-21,0,-17,0,-76,0,-5,0,-132,0,-34,0,105,0,-67,0,81,0,-108,0,86,0,122,0,123,0,93,0,-114,0,79,0,-69,0,83,0,-53,0,87,0,-79,0,0,0,0,0,68,0,-130,0,-5,16,124,0,-84,16,-140,0,133,16,-98,0,96,16,-41,0,102,16,-1,0,-140,16,17,1,-92,16,4,1,-58,16,-21,0,-42,16,-47,0,-54,16,-76,0,-80,16,-98,0,-95,16]"
CSI_DATA,124852,d8:b1:90:d9:de:f0,-38,9,-99,-36,40,104,-1425996535,124,0,106,0,"[86,15,-118,15,15,15,108,15,-27,14,119,15,-33,14,-112,15,-13,14,-82,15,17,15,-65,15,53,15,-64,15,104,15,-83,15,-96,15,-122,15,-42,15,88,15,-3,15,51,15,14,0,41,15,23,0,57,15,0,0,0,0,41,0,113,15,89,0,-81,15,-104,0,-27,15,-34,0,19,0,22,1,37,0,47,1,37,0,42,1,21,0,18,1,9,0,-9,0,11,0,-34,0,19,0,-66,0,46,0,-89,0,81,0,-105,0]"
CSI_DATA,124853,d8:b1:90:d9:de:f0,-39,9,-99,-34,40,104,-1425995127,124,0,106,0,"[53,0,53,14,61,0,-25,13,33,0,-67,13,-2,14,-63,13,-19,14,-34,13,-26,14,1,14,-12,14,45,14,19,0,84,14,78,0,-115,14,-102,0,-78,14,-52,0,-61,14,-31,0,-50,14,-37,0,-38,14,0,0,0,0,-105,0,1,0,91,0,50,0,58,0,-115,0,39,0,-32,0,36,0,28,0,41,0,52,0,55,0,45,0,59,0,25,0,61,0,-12,0,42,0,-43,0,3,0,-67,0,-49,14,-81,0,-79,14]"
CSI_DATA,124854,d8:b1:90:d9:de:f0,-38,9,-99,-36,40,104,-1425995005,124,0,106,0,"[-112,15,74,15,98,15,23,15,52,15,16,15,41,15,38,15,38,15,69,15,65,15,97,15,95,15,115,15,-107,15,113,15,-43,15,104,15,29,0,87,15,73,0,72,15,99,0,66,15,102,0,77,15,0,0,0,0,102,0,-110,15,113,0,-46,15,-104,0,33,0,-61,0,96,0,-16,0,-115,0,9,1,-104,0,12,1,-119,0,-6,0,115,0,-36,0,102,0,-59,0,94,0,-98,0,113,0,119,0,-117,0,97,0]"
CSI_DATA,124855,d8:b1:90:d9:de:f0,-39,11,-99,-35,40,104,-1425833904,277,0,106,0,"[63,0,-67,0,113,0,5,0,-73,0,28,0,-42,0,0,0,-38,0,-43,0,-53,0,-78,0,-88,0,-102,0,105,0,-112,0,40,0,-103,0,-28,14,-87,0,-69,14,-69,0,-82,14,-64,0,-80,14,-79,0,0,0,0,0,-73,14,82,0,-81,14,6,0,-116,14,-70,14,84,14,109,14,34,14,72,14,6,14,67,14,8,14,83,14,19,14,106,14,38,14,-119,14,62,14,-110,14,101,14,-109,14,-106,14,-123,14,-75,14]"
CSI_DATA,124856,d8:b1:90:d9:de:f0,-38,9,-99,-34,39,104,-1425833442,124,0,106,0,"[80,0,77,15,79,0,-25,14,27,0,-81,14,-32,15,-76,14,-72,15,-42,14,-86,15,6,15,-76,15,59,15,-34,15,94,15,34,0,111,15,100,0,122,15,-127,0,118,15,-115,0,112,15,-127,0,127,15,0,0,0,0,87,0,-60,15,87,0,12,0,108,0,100,0,-120,0,-95,0,-68,0,-50,0,-37,0,-47,0,-21,0,-73,0,-25,0,-101,0,-44,0,132,0,-70,0,111,0,-108,0,111,0,124,0,124,0,95,0]"
CSI_DATA,124857,d8:b1:90:d9:de:f0,-38,9,-99,-35,39,104,-1425624524,224,0,106,0,"[76,16,118,16,-22,15,106,16,-80,15,-134,16,-74,15,-79,16,-38,15,-39,16,13,16,-13,16,65,16,-23,16,117,16,-58,16,-112,16,-117,16,-78,16,110,16,-45,16,69,16,-38,16,66,16,-26,16,97,16,0,0,0,0,32,0,-114,16,106,0,-61,16,-88,0,-37,16,-13,0,-32,16,39,1,-40,16,41,1,-58,16,13,1,-58,16,-19,0,-57,16,-55,0,-47,16,-81,0,-9,16,-97,0,28,0,-89,0,64,0,-87,0]"
CSI_DATA,124858,d8:b1:90:d9:de:f0,-37,9,-99,-36,39,104,-1425415625,130,0,106,0,"[99,0,-25,0,-129,0,39,1,-81,0,41,1,-67,0,13,1,-84,0,-32,0,-105,0,-75,0,131,0,-107,0,66,0,-125,0,-12,16,-134,0,-88,16,-141,0,-143,16,138,0,124,16,117,0,135,16,95,0,0,0,0,0,-126,16,-2,16,-107,16,-93,16,-117,16,96,16,-123,16,14,16,-141,16,-31,15,138,16,-40,15,139,16,-12,15,-130,16,15,16,-109,16,50,16,-75,16,77,16,-23,16,102,16,20,0,111,16,52,0]"
CSI_DATA,124859,d8:b1:90:d9:de:f0,-38,9,-99,-34,39,104,-1425415454,101,0,106,0,"[42,15,134,15,-38,14,124,15,-78,14,-124,15,-62,14,-86,15,-36,14,-51,15,13,15,-45,15,59,15,-46,15,116,15,-76,15,-94,15,-114,15,-34,15,115,15,5,0,83,15,26,0,78,15,38,0,101,15,0,0,0,0,87,0,-86,15,-129,0,-20,15,-70,0,38,0,1,1,79,0,49,1,96,0,59,1,92,0,37,1,79,0,7,1,64,0,-32,0,59,0,-69,0,66,0,-111,0,82,0,121,0,109,0,96,0]"
CSI_DATA,124860,d8:b1:90:d9:de:f0,-36,9,-99,-34,37,104,-1425380069,130,0,106,0,"[-70,20,60,20,-109,20,-42,18,-160,20,-85,18,158,20,-68,18,153,20,-33,18,-164,20,9,20,-128,20,56,20,-69,20,104,20,26,0,157,20,128,0,-126,20,-140,0,-89,20,-97,0,-65,20,-105,0,-41,20,0,0,0,0,132,0,21,0,32,0,89,0,-58,20,-148,0,-130,20,-42,0,-169,20,37,1,158,20,72,1,-161,20,60,1,-138,20,20,1,-124,20,-37,0,-122,20,-94,0,-148,20,-170,0,156,20,97,0,128,20]"
CSI_DATA,124861,d8:b1:90:d9:de:f0,-40,11,-99,-33,41,104,-1425308837,100,0,228,0,"[0,8,0,9,2,12,3,14,4,17,3,19,1,20,89,36,0,22,-2,21,-3,21,-4,19,-4,19,-4,17,-4,17,-4,16,-3,16,-1,14,0,13,1,13,4,12,-27,-24,7,12,8,11,8,12,10,11,9,11,9,11,0,0,8,10,8,8,8,7,8,4,8,2,9,0,-99,0,12,-4,14,-6,16,-7,17,-8,19,-8,19,-8,20,-7,20,-6,20,-5,19,-4,19,-4,18,-3,17,-2,-9,0,16,-2,14,-2,13,-4,13,-5,13,-5,11,-5,10,-4,-9,3,-5,11,4,13,13,8,16,-1,10,-12,0,-13,-8,13,-10,1,-4,7,4,7,8,0,5,-7,-3,-9,-11,-4,-13,5,-6,17,8,18,22,8,23,-8,12,-23,-1,-13,-22,-13,-24,5,-13,18,3,22,15,11,17,-3,0,0,-4,-13,-12,-4,-10,7,0,13,11,9,14,-1,20,-14,-3,-16,-13,-8,-14,2,-8,12,2,13,8,5,8,-2,2,-6,-4,-4,-4,2,0,7,7,5,12,-1,26,-15,-1,-17,-15,-14,-23,0,-19,14,-5,24,10,21,18,9]"
CSI_DATA,124862,d8:b1:90:d9:de:f0,-38,11,-99,-34,39,104,-1424789407,277,0,106,0,"[46,15,-102,15,-31,14,-129,15,-73,14,-117,15,-72,14,-98,15,-42,14,-78,15,-14,14,-64,15,31,15,-64,15,94,15,-78,15,-110,15,-106,15,-23,15,-133,15,38,0,115,15,75,0,110,15,92,0,117,15,0,0,0,0,102,0,-64,15,101,0,10,0,122,0,115,0,-115,0,-69,0,-80,0,-9,0,-50,0,11,1,-54,0,-6,0,-61,0,-33,0,-80,0,-80,0,-119,0,-114,0,96,0,122,0,26,0,113,0,-29,15]"
CSI_DATA,124863,d8:b1:90:d9:de:f0,-39,9,-99,-35,40,104,-1424788908,124,0,106,0,"[-29,0,-39,14,43,0,-78,14,64,0,120,14,43,0,94,14,5,0,82,14,-33,0,92,14,-68,0,114,14,-99,0,-85,14,-122,0,-12,14,104,0,61,0,94,0,121,0,92,0,-100,0,88,0,-98,0,0,0,0,0,25,0,100,0,-44,14,68,0,109,14,49,0,19,14,55,0,-44,13,80,0,-68,13,111,0,-48,13,-111,0,-7,13,-102,0,44,14,-106,0,95,14,122,0,-110,14,70,0,-91,14,8,0,-92,14]"
CSI_DATA,124864,d8:b1:90:d9:de:f0,-38,9,-99,-34,39,104,-1424788759,108,0,106,0,"[-120,15,-59,0,-135,15,24,1,-116,15,73,1,-80,15,78,1,-46,15,50,1,-27,15,23,1,-22,15,-27,0,-42,15,-79,0,-74,15,131,0,-119,15,63,0,115,15,12,0,88,15,-8,15,94,15,-20,15,0,0,0,0,-103,15,-54,15,-44,15,-91,15,24,0,106,15,68,0,29,15,82,0,-45,14,64,0,-74,14,40,0,-66,14,7,0,-39,14,-12,15,0,15,-23,15,56,15,-3,15,112,15,36,0,-109,15,83,0]"
CSI_DATA,124865,d8:b1:90:d9:de:f0,-43,9,-99,-34,44,104,-1424580009,130,0,106,0,"[55,8,-25,8,0,8,-15,8,-29,8,14,0,-25,8,49,0,-10,8,-76,0,14,8,-66,0,36,8,-66,0,53,8,67,0,60,8,34,0,58,8,-2,8,46,8,-26,8,33,8,-35,8,35,8,-29,8,0,0,0,0,-67,8,-7,8,-27,8,-22,8,16,0,-51,8,44,0,52,8,51,0,1,8,35,0,-23,8,16,0,-25,8,-4,8,-15,8,-16,8,0,8,-18,8,12,8,-6,8,18,8,8,0,19,8,7,0]"
CSI_DATA,124866,d8:b1:90:d9:de:f0,-44,9,-99,-35,45,104,-1424579892,113,0,106,0,"[-51,8,60,8,54,8,25,8,25,8,15,8,8,8,19,8,10,8,35,8,13,8,49,8,30,8,60,8,57,8,62,8,-45,8,56,8,-1,8,50,8,32,0,40,8,49,0,36,8,55,0,40,8,0,0,0,0,32,0,-54,8,30,0,-14,8,32,0,39,0,44,0,-45,0,62,0,-8,0,-60,0,9,0,-56,0,8,0,-57,0,-1,0,-65,0,-12,0,59,0,-19,0,34,0,-19,0,13,0,-14,0,0,0]"
CSI_DATA,124867,d8:b1:90:d9:de:f0,-48,11,-99,-32,49,104,-1424308766,100,0,114,0,"[0,6,0,7,0,7,-1,8,-1,7,-2,7,-2,7,-2,7,-1,6,-1,6,-1,5,-1,5,0,6,0,6,-1,6,-1,6,0,6,0,6,0,7,0,7,0,7,0,7,0,7,0,7,0,7,0,7,0,7,1,7,0,0,2,7,1,7,1,7,2,7,3,8,3,8,3,8,3,8,3,8,4,8,3,8,4,7,4,7,4,7,4,6,6,7,5,6,6,7,6,7,7,8,7,8,8,9,8,10,9,10,8,11,8,11,6,11,5,11]"
CSI_DATA,124868,d8:b1:90:d9:de:f0,-42,9,-99,-34,43,104,-1424162246,113,0,106,0,"[-64,10,-10,0,-34,10,34,0,7,0,31,0,28,0,-1,0,26,0,-36,0,3,0,-59,0,-25,10,-61,0,-58,10,-42,0,-80,10,-13,0,-80,10,7,0,-64,10,4,0,-50,10,-16,0,-40,10,-50,0,0,0,0,0,-53,10,66,0,-79,10,34,0,59,10,21,0,39,10,10,0,25,10,2,0,20,10,1,0,24,10,-4,10,26,10,-6,10,28,10,-6,10,22,10,-6,10,8,10,-9,10,2,10,1,0,10,10]"
CSI_DATA,124869,d8:b1:90:d9:de:f0,-36,11,-99,-35,38,104,-1423953809,277,0,106,0,"[74,18,-146,18,-3,17,140,18,-55,17,-152,18,-51,17,-114,18,-31,17,-84,18,8,18,-64,18,50,18,-59,18,97,18,-91,18,-155,18,-135,18,-95,18,128,18,-48,18,91,18,-23,18,75,18,-6,18,90,18,0,0,0,0,53,0,143,18,113,0,-114,18,-112,0,-78,18,-25,0,-51,18,34,1,-56,18,63,1,-66,18,48,1,-72,18,22,1,-80,18,-15,0,-75,18,-47,0,-63,18,-68,0,-22,18,-84,0,17,0,-99,0]"
CSI_DATA,124870,d8:b1:90:d9:de:f0,-37,9,-99,-33,38,104,-1423953346,98,0,106,0,"[12,0,-36,0,53,0,41,1,108,0,64,1,-137,0,35,1,-118,0,-6,0,-130,0,-51,0,140,0,-86,0,97,0,-109,0,28,0,-116,0,-45,17,-113,0,-97,17,-97,0,-116,17,-92,0,-115,17,-105,0,0,0,0,0,-112,17,116,0,-130,17,46,0,97,17,-21,17,24,17,-70,17,-31,16,-88,17,-63,16,-76,17,-58,16,-46,17,-31,16,-5,17,11,17,10,0,43,17,6,0,77,17,-16,17,101,17,-62,17,108,17]"
CSI_DATA,124871,d8:b1:90:d9:de:f0,-38,9,-99,-36,40,104,-1423744420,130,0,106,0,"[112,0,-98,0,-91,0,-46,0,-44,0,-37,0,-25,0,-62,0,-18,0,-90,0,-39,0,-111,0,-61,0,127,0,-96,0,-124,0,101,0,-106,0,45,0,-83,0,-3,15,-66,0,-29,15,-61,0,-38,15,-70,0,0,0,0,0,-53,15,125,0,-96,15,62,0,99,15,10,0,25,15,-29,15,-31,14,-41,15,-59,14,-34,15,-62,14,-18,15,-34,14,2,0,-1,14,8,0,34,15,11,0,64,15,-17,15,84,15,-57,15,94,15]"
CSI_DATA,124872,d8:b1:90:d9:de:f0,-37,11,-99,-35,38,104,-1423327111,277,0,106,0,"[-78,0,-88,18,3,1,-143,18,17,1,107,18,-19,0,66,18,-68,0,59,18,-106,0,79,18,-135,0,110,18,-144,0,-145,18,-135,0,-74,18,-112,0,6,0,-100,0,62,0,-92,0,78,0,-112,0,83,0,0,0,0,0,119,0,97,0,40,0,124,0,-42,18,-122,0,-103,18,-57,0,-127,18,8,1,-132,18,45,1,-110,18,44,1,-79,18,28,1,-64,18,-4,0,-52,18,-31,0,-70,18,-69,0,-100,18,-99,0,-116,18]"
CSI_DATA,124873,d8:b1:90:d9:de:f0,-37,9,-99,-36,39,104,-1423326648,101,0,106,0,"[126,16,120,16,28,16,94,16,-46,15,131,16,-59,15,-97,16,-40,15,-46,16,-1,15,-4,16,50,16,0,0,98,16,-20,16,-135,16,-72,16,-108,16,-135,16,-96,16,100,16,-93,16,85,16,-94,16,106,16,0,0,0,0,-42,16,-125,16,34,0,-96,16,132,0,-107,16,-67,0,-142,16,-15,0,95,16,-12,0,52,16,-53,0,26,16,-97,0,29,16,-133,0,44,16,133,0,70,16,130,0,111,16,-142,0,-143,16,-130,0]"
CSI_DATA,124874,d8:b1:90:d9:de:f0,-37,9,-99,-35,38,104,-1423326534,108,0,106,0,"[47,0,-70,0,119,0,14,1,-107,0,24,1,-64,0,-11,0,-46,0,-72,0,-48,0,-139,0,-89,0,140,0,-145,0,129,0,91,0,149,0,24,0,-123,0,-13,18,-84,0,-19,18,-64,0,-4,18,-85,0,0,0,0,0,-28,18,145,0,-80,18,80,0,130,18,36,0,33,18,26,0,-39,17,55,0,-67,17,101,0,-42,17,135,0,1,18,-151,0,50,18,-149,0,80,18,150,0,102,18,112,0,106,18,79,0,102,18]"
CSI_DATA,124875,d8:b1:90:d9:de:f0,-36,9,-99,-37,38,104,-1423326398,119,0,106,0,"[99,0,82,19,89,0,-31,18,22,0,-82,18,-44,19,-68,18,-97,19,-28,18,-116,19,25,19,-111,19,75,19,-71,19,112,19,-1,19,132,19,71,0,130,19,124,0,123,19,143,0,125,19,126,0,143,19,0,0,0,0,103,0,-121,19,129,0,-29,19,-124,0,41,0,-47,0,93,0,24,1,102,0,67,1,79,0,66,1,31,0,38,1,-9,19,-2,0,-34,19,-33,0,-40,19,-67,0,-22,19,-84,0,9,0,-98,0]"
CSI_DATA,124876,d8:b1:90:d9:de:f0,-37,9,-99,-35,38,104,-1423326231,139,0,106,0,"[89,18,-112,18,-17,17,-112,18,-72,17,-56,18,-64,17,14,0,-29,17,66,0,20,18,100,0,68,18,94,0,103,18,61,0,125,18,-2,18,128,18,-66,18,119,18,-110,18,113,18,-124,18,124,18,-107,18,0,0,0,0,-113,18,-103,18,-41,18,-128,18,25,0,124,18,59,0,45,18,58,0,-34,17,24,0,-66,17,-12,18,-56,17,-46,18,-28,17,-72,18,9,18,-79,18,40,18,-61,18,66,18,-39,18,80,18,-23,18]"
CSI_DATA,124877,d8:b1:90:d9:de:f0,-37,9,-99,-36,39,104,-1423326106,119,0,106,0,"[-114,0,134,16,-61,0,58,16,-60,0,8,16,-92,0,-11,15,-122,0,8,16,130,0,33,16,123,0,79,16,127,0,135,16,-141,0,-77,16,-111,0,-12,16,-90,0,44,0,-84,0,70,0,-103,0,77,0,0,0,0,0,94,0,97,0,19,0,118,0,-69,16,-121,0,-136,16,-66,0,107,16,-7,0,97,16,12,1,111,16,2,1,127,16,-13,0,142,16,-35,0,-138,16,-68,0,138,16,-113,0,122,16,140,0,114,16]"
CSI_DATA,124878,d8:b1:90:d9:de:f0,-37,9,-99,-35,38,104,-1423325966,139,0,106,0,"[-122,0,-152,0,-40,0,-110,0,19,1,-121,0,30,1,-150,0,14,1,117,0,-19,0,99,0,-66,0,89,0,-122,0,106,0,118,0,144,0,53,0,-123,0,-2,18,-89,0,-25,18,-80,0,-35,18,-105,0,0,0,0,0,-69,18,139,0,-116,18,52,0,111,18,-14,18,41,18,-74,18,-22,17,-107,18,-52,17,-105,18,-45,17,-92,18,-25,17,-70,18,7,18,-63,18,36,18,-68,18,77,18,-85,18,108,18,-121,18,140,18]"
CSI_DATA,124879,d8:b1:90:d9:de:f0,-37,9,-99,-36,39,104,-1423325804,133,0,106,0,"[-121,16,-87,0,142,16,-4,0,-121,16,46,1,-76,16,52,1,-47,16,34,1,-23,16,-4,0,-24,16,-47,0,-52,16,-94,0,-102,16,134,0,136,16,89,0,92,16,56,0,79,16,40,0,94,16,25,0,0,0,0,0,-130,16,-33,16,-79,16,-86,16,-41,16,113,16,-26,16,25,16,-28,16,-35,15,-39,16,-62,15,-49,16,-54,15,-54,16,-23,15,-59,16,5,16,-48,16,30,16,-19,16,58,16,20,0,75,16,43,0]"
CSI_DATA,124880,d8:b1:90:d9:de:f0,-37,9,-99,-38,39,104,-1423325660,113,0,106,0,"[78,0,-85,0,131,0,-3,0,-111,0,14,1,-74,0,-10,0,-76,0,-58,0,-93,0,-92,0,-130,0,-121,0,120,0,-131,0,43,0,-122,0,-32,17,-102,0,-90,17,-91,0,-116,17,-87,0,-110,17,-115,0,0,0,0,0,-105,17,121,0,-125,17,35,0,115,17,-45,17,54,17,-116,17,3,17,147,17,-26,16,142,17,-26,16,-137,17,-13,16,-108,17,15,17,-93,17,51,17,-90,17,90,17,-105,17,124,17,-135,17,-152,17]"
CSI_DATA,124881,d8:b1:90:d9:de:f0,-41,11,-99,-33,42,104,-1423279283,100,0,228,0,"[4,-8,5,-10,8,-13,10,-14,13,-15,15,-14,17,-13,79,32,18,-9,18,-7,17,-5,16,-5,15,-3,14,-3,13,-2,12,-3,10,-4,9,-5,8,-5,8,-8,7,-8,-24,-21,7,-10,7,-11,6,-11,6,-10,6,-10,5,-10,0,0,4,-8,3,-8,1,-8,0,-8,-2,-9,-3,-10,-50,10,-6,-13,-7,-14,-8,-16,-7,-16,-8,-17,-6,-18,-5,-18,-4,-17,-2,-17,-2,-16,-1,-16,0,-15,0,-15,-24,10,0,-13,-1,-13,-1,-11,-1,-12,-2,-11,-1,-10,-1,-9,9,2,10,-4,5,-10,-2,-13,-10,-8,-12,0,-7,8,18,-2,6,4,6,-2,0,-8,-6,-5,-10,1,-7,10,2,14,13,10,18,-1,14,-15,0,-22,-15,-17,-23,-3,-12,2,-5,21,9,18,18,5,14,-8,4,-14,-6,-11,0,0,-9,7,0,11,8,7,11,-2,6,-10,-3,-12,-16,-18,-12,3,-6,11,3,11,9,5,8,-2,2,-7,-3,-5,-5,0,-2,5,4,5,8,0,7,-7,0,-12,-10,-25,-17,-1,-16,10,-5,20,8,19,18,10,19,-3,11,-13]"
CSI_DATA,124882,d8:b1:90:d9:de:f0,-37,9,-99,-34,38,104,-1423117767,130,0,106,0,"[115,17,90,0,38,17,-140,0,26,17,-64,0,53,17,-13,0,103,17,-8,0,147,17,-13,0,-128,17,-51,0,-123,17,-106,0,-133,17,125,0,139,17,48,0,103,17,-15,17,87,17,-38,17,86,17,-35,17,0,0,0,0,-133,17,-36,17,-58,17,-58,17,34,0,-135,17,99,0,80,17,127,0,-3,16,109,0,-65,16,77,0,-80,16,28,0,-66,16,-2,17,-29,16,-4,17,21,17,16,0,77,17,58,0,109,17,103,0]"
CSI_DATA,124883,d8:b1:90:d9:de:f0,-36,11,-99,-37,38,104,-1422909312,277,0,106,0,"[-84,0,58,0,-14,0,51,0,24,1,9,0,20,1,-42,19,-6,0,-91,19,-37,0,-106,19,-60,0,-115,19,-68,0,-114,19,-69,0,-82,19,-54,0,-53,19,-40,0,-31,19,-33,0,-29,19,-58,0,-37,19,0,0,0,0,-85,0,-58,19,-119,0,-19,19,-119,0,37,0,-111,0,97,0,-63,0,141,0,-23,0,150,0,-1,0,117,0,7,1,71,0,3,1,27,0,6,1,-14,19,-10,0,-49,19,-44,0,-50,19,-72,0]"
CSI_DATA,124884,d8:b1:90:d9:de:f0,-37,9,-99,-38,39,104,-1422908840,133,0,106,0,"[-91,17,104,17,-123,17,46,17,136,17,27,17,106,17,42,17,97,17,76,17,105,17,99,17,120,17,111,17,143,17,106,17,-118,17,86,17,-78,17,59,17,-41,17,46,17,-17,17,40,17,-15,17,48,17,0,0,0,0,-10,17,82,17,33,0,128,17,98,0,147,17,-136,0,-136,17,-76,0,-142,17,-32,0,140,17,-27,0,117,17,-42,0,93,17,-70,0,80,17,-99,0,77,17,-116,0,90,17,-123,0,115,17,-134,0]"
CSI_DATA,124885,d8:b1:90:d9:de:f0,-37,9,-99,-33,38,104,-1422908678,133,0,106,0,"[-118,0,-132,17,-69,0,117,17,-51,0,75,17,-78,0,46,17,-118,0,43,17,-132,0,60,17,146,0,72,17,-144,0,94,17,-110,0,128,17,-78,0,-140,17,-56,0,-112,17,-41,0,-103,17,-50,0,-95,17,0,0,0,0,-81,0,-76,17,-105,0,-26,17,-106,0,32,0,-102,0,105,0,-69,0,-138,0,-34,0,-113,0,-24,0,-116,0,-11,0,-138,0,-4,0,125,0,-9,0,97,0,-21,0,84,0,-49,0,93,0,-79,0]"
CSI_DATA,124886,d8:b1:90:d9:de:f0,-36,9,-99,-32,37,104,-1422908507,113,0,106,0,"[-67,18,-93,0,-83,18,-27,0,-52,18,17,1,-23,18,27,1,8,0,10,1,33,0,-16,0,30,0,-27,0,12,0,-39,0,-25,18,-49,0,-80,18,-50,0,-117,18,-54,0,-134,18,-55,0,-122,18,-67,0,0,0,0,0,-109,18,-103,0,-117,18,-146,0,156,18,119,0,96,18,78,0,33,18,55,0,-12,17,65,0,-17,17,91,0,0,18,128,0,15,18,147,0,33,18,-156,0,56,18,-158,0,81,18,148,0,95,18]"
CSI_DATA,124887,d8:b1:90:d9:de:f0,-37,9,-99,-34,38,104,-1422908389,113,0,106,0,"[93,17,-74,17,22,17,-86,17,-23,16,-54,17,-32,16,-10,17,-14,16,29,0,13,17,53,0,36,17,55,0,49,17,35,0,57,17,4,0,57,17,-46,17,49,17,-85,17,48,17,-95,17,53,17,-86,17,0,0,0,0,93,17,-62,17,146,17,-77,17,-111,17,-137,17,-77,17,99,17,-76,17,30,17,-105,17,-7,16,-140,17,-15,16,120,17,9,17,99,17,45,17,89,17,77,17,91,17,104,17,114,17,122,17,141,17]"
CSI_DATA,124888,d8:b1:90:d9:de:f0,-34,11,-99,-35,36,104,-1422308798,100,0,114,0,"[30,-26,35,-26,38,-24,41,-24,41,-26,41,-24,40,-23,38,-21,35,-23,35,-20,32,-21,32,-21,32,-21,30,-24,32,-26,32,-27,33,-29,32,-30,33,-33,33,-33,33,-35,32,-38,32,-36,29,-38,30,-36,27,-36,27,-36,27,-36,0,0,26,-40,24,-38,24,-40,23,-40,21,-43,21,-43,20,-43,20,-44,18,-44,16,-44,13,-43,13,-43,12,-41,10,-40,7,-38,7,-38,6,-36,4,-38,4,-38,4,-41,3,-43,3,-44,3,-44,4,-46,6,-46,6,-46,7,-43,7,-38]"
CSI_DATA,124889,d8:b1:90:d9:de:f0,-37,11,-99,-35,38,104,-1422282614,277,0,106,0,"[-67,18,-80,0,-70,18,19,1,-18,18,72,1,37,0,66,1,80,0,31,1,100,0,-18,0,92,0,-61,0,45,0,-86,0,-22,18,-100,0,-83,18,-88,0,-124,18,-79,0,-133,18,-84,0,-110,18,-113,0,0,0,0,0,-100,18,123,0,-124,18,36,0,121,18,-26,18,55,18,-75,18,-6,17,-96,18,-40,17,-77,18,-33,17,-61,18,-15,17,-31,18,3,18,-8,18,20,18,4,0,46,18,-7,18,64,18,-18,18,88,18]"
CSI_DATA,124890,d8:b1:90:d9:de:f0,-37,9,-99,-37,39,104,-1422282133,119,0,106,0,"[80,0,-88,0,130,0,-3,0,-106,0,18,1,-83,0,4,1,-79,0,-35,0,-97,0,-77,0,-138,0,-102,0,93,0,-107,0,12,0,-101,0,-66,17,-86,0,-118,17,-75,0,-138,17,-78,0,-129,17,-110,0,0,0,0,0,-103,17,93,0,-115,17,3,0,-145,17,-87,17,109,17,118,17,77,17,64,17,58,17,50,17,51,17,56,17,61,17,81,17,83,17,95,17,110,17,105,17,146,17,105,17,-110,17,105,17,-77,17]"
CSI_DATA,124891,d8:b1:90:d9:de:f0,-38,9,-99,-34,39,104,-1422282002,139,0,106,0,"[6,0,-57,0,20,0,30,1,58,0,66,1,101,0,60,1,121,0,13,1,104,0,-22,0,86,0,-54,0,36,0,-85,0,-41,15,-99,0,-100,15,-101,0,118,15,-103,0,106,15,-108,0,110,15,134,0,0,0,0,0,-108,15,49,0,-111,15,-26,15,-115,15,-106,15,134,15,86,15,111,15,25,15,90,15,4,15,97,15,12,15,99,15,36,15,103,15,58,15,121,15,70,15,-122,15,81,15,-79,15,80,15,-49,15]"
CSI_DATA,124892,d8:b1:90:d9:de:f0,-37,9,-99,-36,39,104,-1422281894,119,0,106,0,"[123,16,-142,0,58,16,-71,0,53,16,-8,0,85,16,13,1,129,16,3,1,-123,16,-29,0,-116,16,-76,0,-130,16,-134,0,117,16,79,0,69,16,24,0,31,16,-13,16,19,16,-23,16,50,16,-23,16,0,0,0,0,140,16,-51,16,-78,16,-96,16,-13,16,118,16,34,0,44,16,58,0,-17,15,60,0,-44,15,44,0,-41,15,32,0,-17,15,25,0,11,16,33,0,32,16,50,0,62,16,84,0,93,16,105,0]"
CSI_DATA,124893,d8:b1:90:d9:de:f0,-38,9,-99,-37,40,104,-1422281772,139,0,106,0,"[-52,15,-64,0,-59,15,23,1,-20,15,69,1,12,0,65,1,43,0,34,1,57,0,-5,0,40,0,-45,0,-3,15,-78,0,-62,15,-101,0,-127,15,-121,0,90,15,-130,0,84,15,126,0,97,15,117,0,0,0,0,0,-122,15,45,0,-97,15,-27,15,-102,15,-117,15,-116,15,67,15,124,15,19,15,99,15,-1,14,90,15,9,15,86,15,36,15,97,15,61,15,117,15,73,15,-118,15,81,15,-88,15,85,15,-61,15]"
CSI_DATA,124894,d8:b1:90:d9:de:f0,-38,9,-99,-35,39,104,-1422253887,130,0,106,0,"[74,16,64,0,-6,15,114,0,-22,15,-97,0,15,16,-53,0,63,16,-27,0,114,16,-26,0,-122,16,-53,0,-116,16,-100,0,-138,16,122,0,103,16,70,0,69,16,35,0,57,16,32,0,83,16,38,0,0,0,0,0,-135,16,19,0,-80,16,-49,16,-66,16,-139,16,-71,16,54,16,-112,16,-9,15,121,16,-19,15,98,16,4,16,82,16,35,16,77,16,79,16,89,16,110,16,118,16,128,16,-135,16,128,16,-110,16]"
CSI_DATA,124895,d8:b1:90:d9:de:f0,-38,9,-99,-33,39,104,-1422253385,113,0,106,0,"[75,15,55,0,-6,14,101,0,-41,14,-107,0,-14,14,-60,0,26,15,-52,0,58,15,-67,0,91,15,-99,0,116,15,115,0,111,15,45,0,99,15,-29,15,84,15,-83,15,72,15,-106,15,87,15,-104,15,0,0,0,0,-90,15,-74,15,-10,15,-77,15,78,0,-112,15,-110,0,99,15,-55,0,47,15,-45,0,14,15,-74,0,8,15,-101,0,12,15,-130,0,30,15,113,0,60,15,114,0,101,15,-129,0,-111,15,-117,0]"
CSI_DATA,124896,d8:b1:90:d9:de:f0,-37,9,-99,-36,38,104,-1422218123,119,0,106,0,"[-103,18,-60,0,-98,18,40,1,-36,18,86,1,15,0,80,1,54,0,39,1,73,0,-16,0,60,0,-62,0,16,0,-98,0,-54,18,-124,0,-122,18,-132,0,149,18,-139,0,144,18,-152,0,-157,18,148,0,0,0,0,0,-142,18,71,0,-143,18,-12,18,133,18,-94,18,88,18,158,18,42,18,127,18,21,18,125,18,18,18,146,18,35,18,-152,18,50,18,-124,18,75,18,-117,18,108,18,-118,18,135,18,-129,18,159,18]"
CSI_DATA,124897,d8:b1:90:d9:de:f0,-37,9,-99,-35,38,104,-1422217956,139,0,106,0,"[-63,0,123,0,29,1,117,0,83,1,69,0,83,1,13,0,39,1,-29,18,-12,0,-50,18,-48,0,-34,18,-84,0,0,0,-113,0,62,0,-123,0,125,0,-133,0,-141,0,-141,0,-133,0,149,0,-151,0,0,0,0,0,74,0,154,0,3,0,-156,0,-68,18,-113,0,-128,18,-67,0,151,18,-26,0,150,18,1,1,-136,18,-1,0,-117,18,-18,0,-91,18,-36,0,-84,18,-56,0,-86,18,-85,0,-106,18,-111,0,-111,18]"
CSI_DATA,124898,d8:b1:90:d9:de:f0,-37,9,-99,-36,39,104,-1422217713,119,0,106,0,"[-75,0,142,16,-34,0,56,16,-65,0,-17,15,-124,0,-42,15,103,0,-24,15,67,0,4,16,52,0,56,16,69,0,98,16,116,0,138,16,-118,0,-117,16,-88,0,-107,16,-83,0,-98,16,-97,0,-85,16,0,0,0,0,-143,0,-26,16,138,0,33,0,-127,0,107,0,-92,0,-120,0,-58,0,-85,0,-32,0,-83,0,-24,0,-112,0,-29,0,-141,0,-41,0,114,0,-63,0,97,0,-90,0,94,0,-113,0,106,0,-138,0]"
CSI_DATA,124899,d8:b1:90:d9:de:f0,-37,9,-99,-35,38,104,-1422217510,139,0,106,0,"[125,18,-105,0,111,18,-14,0,154,18,50,1,-95,18,63,1,-31,18,39,1,-6,18,-11,0,1,0,-42,0,-25,18,-78,0,-78,18,-111,0,-130,18,-125,0,149,18,-130,0,144,18,-141,0,-156,18,155,0,0,0,0,0,-146,18,90,0,152,18,20,0,97,18,-34,18,48,18,-73,18,2,18,-88,18,-30,17,-72,18,-28,17,-53,18,-6,17,-18,18,22,18,3,0,41,18,18,0,66,18,9,0,85,18,-13,18,100,18]"
CSI_DATA,124900,d8:b1:90:d9:de:f0,-37,9,-99,-36,39,104,-1422217384,133,0,106,0,"[-88,0,124,16,-59,0,26,16,-105,0,-42,15,116,0,-59,15,47,0,-34,15,13,0,2,16,2,0,43,16,25,0,81,16,71,0,115,16,131,0,130,16,-127,0,129,16,-122,0,134,16,-135,0,-141,16,0,0,0,0,125,0,-85,16,142,0,-23,16,-96,0,35,0,-42,0,67,0,8,1,77,0,32,1,57,0,29,1,24,0,6,1,-8,16,-17,0,-28,16,-48,0,-44,16,-70,0,-34,16,-85,0,-13,16,-98,0]"
CSI_DATA,124901,d8:b1:90:d9:de:f0,-38,9,-99,-34,39,104,-1422217160,113,0,106,0,"[-123,0,-75,0,-60,0,-29,0,0,1,-39,0,5,1,-69,0,-5,0,-106,0,-34,0,132,0,-77,0,120,0,-129,0,130,0,73,0,-108,0,15,0,-78,0,-22,15,-59,0,-46,15,-62,0,-54,15,-83,0,0,0,0,0,-82,15,115,0,-124,15,51,0,88,15,1,0,32,15,-44,15,-10,14,-64,15,-31,14,-74,15,-26,14,-63,15,-4,14,-58,15,23,15,-50,15,42,15,-52,15,73,15,-72,15,104,15,-88,15,128,15]"
CSI_DATA,124902,d8:b1:90:d9:de:f0,-37,9,-99,-36,39,104,-1422216961,133,0,106,0,"[-33,0,-12,16,48,1,-48,16,72,1,-98,16,52,1,-142,16,3,1,138,16,-39,0,-143,16,-70,0,-114,16,-93,0,-61,16,-100,0,11,0,-98,0,75,0,-100,0,118,0,-107,0,138,0,-130,0,133,0,0,0,0,0,72,0,133,0,3,0,142,0,-74,16,-108,0,-130,16,-68,0,122,16,-31,0,107,16,-11,0,117,16,-15,0,135,16,-34,0,-132,16,-48,0,-122,16,-74,0,-125,16,-107,0,-139,16,-142,0,141,16]"
CSI_DATA,124903,d8:b1:90:d9:de:f0,-37,9,-99,-35,38,104,-1422216781,113,0,106,0,"[57,18,-108,18,-45,17,-111,18,-96,17,-61,18,-78,17,-4,18,-42,17,29,0,7,18,39,0,53,18,26,0,89,18,-15,18,122,18,-80,18,144,18,-149,18,-150,18,114,18,-136,18,101,18,-111,18,123,18,0,0,0,0,-50,18,146,18,35,0,-149,18,123,0,141,18,-114,0,119,18,-68,0,91,18,-57,0,75,18,-70,0,68,18,-99,0,74,18,-121,0,91,18,-140,0,107,18,-144,0,146,18,-133,0,-129,18,-132,0]"
CSI_DATA,124904,d8:b1:90:d9:de:f0,-38,9,-99,-35,39,104,-1422189518,224,0,106,0,"[97,16,-133,16,17,16,112,16,-39,15,136,16,-55,15,-103,16,-38,15,-59,16,-6,15,-26,16,26,16,-21,16,69,16,-35,16,119,16,-77,16,-123,16,-134,16,-100,16,95,16,-89,16,81,16,-85,16,94,16,0,0,0,0,-41,16,137,16,25,0,-107,16,114,0,-104,16,-81,0,-116,16,-26,0,124,16,-10,0,92,16,-30,0,76,16,-67,0,69,16,-92,0,77,16,-112,0,90,16,-125,0,122,16,-125,0,-129,16,-124,0]"
CSI_DATA,124905,d8:b1:90:d9:de:f0,-36,11,-99,-36,38,104,-1421864815,277,0,106,0,"[13,0,40,18,-20,18,-40,17,-62,18,-73,17,-96,18,-50,17,-100,18,-7,17,-79,18,28,18,-40,18,57,18,6,0,65,18,64,0,71,18,119,0,81,18,152,0,105,18,-159,0,137,18,157,0,-140,18,0,0,0,0,147,0,-26,18,152,0,52,0,-144,0,130,0,-128,0,-119,0,-115,0,-79,0,-118,0,-54,0,-130,0,-60,0,-135,0,-74,0,-153,0,-83,0,157,0,-88,0,140,0,-90,0,114,0,-100,0,89,0]"
CSI_DATA,124906,d8:b1:90:d9:de:f0,-36,9,-99,-34,37,104,-1421864325,98,0,106,0,"[-72,0,-124,20,-2,0,138,20,-9,0,70,20,-50,0,46,20,-97,0,60,20,-133,0,82,20,-137,0,129,20,-121,0,-170,20,-92,0,-121,20,-60,0,-74,20,-56,0,-41,20,-72,0,-21,20,-117,0,-1,20,0,0,0,0,146,0,77,0,105,0,140,0,80,0,-118,0,61,0,-49,0,57,0,-4,0,53,0,10,1,56,0,0,1,60,0,-18,0,61,0,-30,0,58,0,-40,0,50,0,-54,0,45,0,-72,0,37,0]"
CSI_DATA,124907,d8:b1:90:d9:de:f0,-36,9,-99,-36,38,104,-1421864193,108,0,106,0,"[-83,0,159,18,-41,0,61,18,-75,0,-3,17,-137,0,-21,17,142,0,-3,17,108,0,32,18,101,0,79,18,138,0,119,18,-140,0,149,18,-104,0,-143,18,-88,0,-127,18,-98,0,-107,18,-128,0,-76,18,0,0,0,0,135,0,18,0,124,0,95,0,130,0,-149,0,146,0,-83,0,-152,0,-39,0,-144,0,-31,0,-144,0,-49,0,-139,0,-64,0,-143,0,-85,0,-146,0,-101,0,-156,0,-107,0,152,0,-128,0,124,0]"
CSI_DATA,124908,d8:b1:90:d9:de:f0,-36,9,-99,-34,37,104,-1421832401,113,0,106,0,"[124,20,-166,20,1,20,153,20,-80,18,-146,20,-84,18,-66,20,-50,18,-9,20,9,20,22,0,62,20,6,0,105,20,-40,20,133,20,-117,20,133,20,146,20,122,20,106,20,114,20,116,20,141,20,156,20,0,0,0,0,-96,20,-129,20,2,0,-128,20,97,0,161,20,169,0,98,20,-146,0,36,20,-152,0,6,20,156,0,9,20,122,0,26,20,105,0,49,20,100,0,69,20,112,0,88,20,125,0,101,20,118,0]"
CSI_DATA,124909,d8:b1:90:d9:de:f0,-36,9,-99,-35,37,104,-1421798186,133,0,106,0,"[64,20,63,0,-32,19,116,0,-54,19,-172,0,-13,19,-126,0,45,20,-116,0,82,20,-145,0,116,20,159,0,115,20,90,0,96,20,6,0,60,20,-69,20,43,20,-105,20,46,20,-111,20,80,20,-98,20,0,0,0,0,-153,20,-113,20,-69,20,-150,20,6,0,123,20,57,0,48,20,85,0,-8,19,83,0,-26,19,74,0,-9,19,59,0,8,20,53,0,30,20,59,0,54,20,75,0,72,20,105,0,86,20,100,0]"
CSI_DATA,124910,d8:b1:90:d9:de:f0,-36,9,-99,-37,38,104,-1421798042,133,0,106,0,"[-142,19,-91,0,-164,19,5,1,-130,19,55,1,-80,19,63,1,-32,19,27,1,-15,19,-18,0,-28,19,-68,0,-82,19,-110,0,-149,19,-137,0,108,19,-158,0,64,19,161,0,67,19,159,0,98,19,138,0,0,0,0,0,-164,19,59,0,-152,19,-32,19,161,19,-132,19,130,19,119,19,101,19,75,19,77,19,72,19,77,19,85,19,84,19,104,19,101,19,132,19,126,19,136,19,147,19,133,19,164,19,121,19,-149,19]"
CSI_DATA,124911,d8:b1:90:d9:de:f0,-37,9,-99,-35,38,104,-1421797907,113,0,106,0,"[-62,0,62,0,36,1,42,0,84,1,-14,18,59,1,-75,18,17,1,-107,18,-39,0,-112,18,-88,0,-77,18,-113,0,-18,18,-117,0,52,0,-92,0,129,0,-77,0,-149,0,-67,0,-156,0,-89,0,130,0,0,0,0,0,114,0,107,0,35,0,127,0,-42,18,-125,0,-92,18,-59,0,-112,18,1,1,-97,18,17,1,-72,18,6,1,-51,18,-17,0,-39,18,-41,0,-48,18,-62,0,-61,18,-79,0,-77,18,-86,0,-79,18]"
CSI_DATA,124912,d8:b1:90:d9:de:f0,-37,9,-99,-37,39,104,-1421797736,113,0,106,0,"[-138,17,-93,0,-147,17,1,1,-101,17,62,1,-42,17,60,1,4,0,30,1,24,0,-23,0,11,0,-70,0,-33,17,-105,0,-102,17,-123,0,125,17,-124,0,91,17,-109,0,99,17,-103,0,125,17,-114,0,0,0,0,0,-117,17,88,0,-122,17,12,0,125,17,-68,17,71,17,-123,17,19,17,-146,17,-5,16,-135,17,-1,16,-110,17,16,17,-80,17,47,17,-65,17,62,17,-66,17,77,17,-78,17,92,17,-86,17,101,17]"
CSI_DATA,124913,d8:b1:90:d9:de:f0,-38,11,-99,-36,39,104,-1421447016,277,0,106,0,"[-106,16,-68,0,-127,16,17,1,-124,16,71,1,-102,16,76,1,-75,16,54,1,-50,16,10,1,-56,16,-37,0,-62,16,-107,0,-88,16,80,0,-126,16,-5,16,124,16,-71,16,102,16,-111,16,113,16,-116,16,0,0,0,0,-66,16,-111,16,23,0,-104,16,133,0,-130,16,-58,0,122,16,13,1,90,16,25,1,74,16,-1,0,80,16,-33,0,114,16,-69,0,142,16,-93,0,-102,16,-106,0,-39,16,-120,0,25,0,-125,0]"
CSI_DATA,124914,d8:b1:90:d9:de:f0,-37,9,-99,-37,39,104,-1421446535,321,0,106,0,"[53,17,-17,17,-33,16,10,0,-71,16,71,0,-57,16,129,0,-12,16,-118,0,50,17,-102,0,99,17,-115,0,139,17,137,0,-137,17,56,0,144,17,-24,17,112,17,-86,17,87,17,-95,17,87,17,-81,17,0,0,0,0,-137,17,-73,17,-64,17,-110,17,-16,17,100,17,2,0,10,17,-24,17,-58,16,-66,17,-76,16,-102,17,-49,16,-129,17,2,17,-129,17,53,17,-109,17,88,17,-76,17,109,17,-32,17,110,17,-12,17]"
CSI_DATA,124915,d8:b1:90:d9:de:f0,-37,9,-99,-35,38,104,-1421446358,321,0,106,0,"[128,0,-84,0,-132,0,-8,0,-77,0,19,1,-47,0,-8,0,-44,0,-55,0,-68,0,-89,0,-102,0,-125,0,141,0,-151,0,47,0,150,0,-58,18,155,0,-134,18,-145,0,140,18,-138,0,141,18,-152,0,0,0,0,0,-145,18,75,0,-132,18,-24,18,149,18,-132,18,112,18,79,18,73,18,24,18,47,18,7,18,52,18,34,18,75,18,64,18,112,18,105,18,-155,18,128,18,-96,18,128,18,-28,18,113,18,6,0]"
CSI_DATA,124916,d8:b1:90:d9:de:f0,-37,9,-99,-37,39,104,-1421446190,321,0,106,0,"[128,0,88,17,-133,0,11,17,-133,0,-40,16,125,0,-61,16,86,0,-43,16,61,0,-17,16,47,0,38,17,57,0,100,17,95,0,-118,17,-143,0,-39,17,-94,0,20,0,-71,0,39,0,-81,0,39,0,0,0,0,0,139,0,69,0,61,0,114,0,-4,17,-94,0,-53,17,-9,0,-69,17,49,1,-58,17,75,1,-40,17,58,1,-24,17,31,1,-16,17,-15,0,-33,17,-65,0,-63,17,-112,0,-110,17,-142,0,-139,17]"
CSI_DATA,124917,d8:b1:90:d9:de:f0,-38,9,-99,-37,40,104,-1421446022,321,0,106,0,"[51,15,-63,15,-24,14,-67,15,-69,14,-42,15,-73,14,-7,15,-58,14,28,0,-12,14,44,0,30,15,45,0,80,15,16,0,-124,15,-40,15,-75,15,-112,15,-46,15,93,15,-38,15,64,15,-39,15,69,15,0,0,0,0,0,0,127,15,74,0,-88,15,-98,0,-64,15,-12,0,-62,15,43,1,-80,15,59,1,-103,15,42,1,-120,15,-3,0,-121,15,-42,0,-104,15,-69,0,-78,15,-88,0,-34,15,-100,0,17,0,-98,0]"
CSI_DATA,124918,d8:b1:90:d9:de:f0,-37,9,-99,-37,39,104,-1421445836,130,0,106,0,"[56,17,-63,17,-26,16,-69,17,-84,16,-38,17,-77,16,9,0,-58,16,53,0,-8,16,68,0,38,17,71,0,92,17,40,0,-144,17,-31,17,-103,17,-114,17,-84,17,112,17,-80,17,81,17,-81,17,93,17,0,0,0,0,-28,17,138,17,54,0,-115,17,-136,0,-123,17,-50,0,-137,17,11,1,122,17,23,1,95,17,-5,0,79,17,-53,0,91,17,-92,0,114,17,-116,0,-147,17,-124,0,-97,17,-113,0,-40,17,-105,0]"
CSI_DATA,124919,d8:b1:90:d9:de:f0,-38,9,-99,-34,39,104,-1421445710,101,0,106,0,"[-57,0,72,0,27,1,78,0,77,1,45,0,88,1,-4,15,49,1,-42,15,15,1,-66,15,-37,0,-63,15,-86,0,-33,15,130,0,23,0,97,0,103,0,78,0,-111,0,82,0,-80,0,82,0,-83,0,0,0,0,0,24,0,134,0,-43,15,113,0,132,15,116,0,49,15,-127,0,2,15,-85,0,-5,14,-54,0,31,15,-46,0,74,15,-50,0,102,15,-72,0,130,15,-115,0,129,15,108,0,114,15,64,0,100,15]"
CSI_DATA,124920,d8:b1:90:d9:de:f0,-37,9,-99,-36,39,104,-1421403718,98,0,106,0,"[-65,0,66,0,20,1,84,0,77,1,60,0,78,1,16,0,53,1,-15,16,7,1,-34,16,-44,0,-32,16,-100,0,0,0,121,0,66,0,80,0,-136,0,50,0,-66,0,51,0,-37,0,53,0,-52,0,0,0,0,0,21,0,-116,0,-56,16,105,0,130,16,86,0,25,16,78,0,-42,15,93,0,-60,15,116,0,-37,15,131,0,1,16,134,0,41,16,125,0,70,16,87,0,89,16,38,0,84,16,-26,16,78,16]"
CSI_DATA,124921,d8:b1:90:d9:de:f0,-37,9,-99,-35,38,104,-1421354625,252,0,106,0,"[-156,18,107,18,78,18,34,18,11,18,23,18,-18,17,59,18,-15,17,111,18,29,18,154,18,83,18,-123,18,-141,18,-110,18,-24,18,-116,18,85,0,-148,18,-154,0,124,18,-132,0,103,18,-146,0,114,18,0,0,0,0,124,0,-83,18,117,0,33,0,-156,0,151,0,-106,0,-61,0,-59,0,-13,0,-39,0,-7,0,-50,0,-41,0,-89,0,-84,0,-140,0,-119,0,107,0,-135,0,30,0,-129,0,-39,18,-110,0,-66,18]"
CSI_DATA,124922,d8:b1:90:d9:de:f0,-40,11,-99,-37,42,104,-1421309203,100,0,228,0,"[8,1,12,0,15,0,18,2,21,2,22,4,22,5,89,36,22,7,21,8,19,8,18,8,17,8,15,6,14,6,13,4,12,4,11,0,10,-2,10,-3,8,-6,-27,-24,7,-9,7,-11,6,-10,6,-11,5,-11,4,-10,0,0,2,-8,0,-7,-2,-6,-4,-5,-8,-4,-11,-4,62,12,-17,-4,-18,-4,-20,-4,-21,-5,-21,-5,-20,-6,-19,-6,-19,-5,-17,-5,-16,-5,-15,-4,-15,-3,-13,-3,46,12,-12,0,-13,1,-12,3,-11,4,-11,4,-10,4,-9,4,0,8,6,8,11,1,10,-7,2,-12,-7,-9,-10,-1,17,13,1,7,6,1,4,-4,-2,-8,-10,-4,-12,6,-4,15,8,16,21,6,21,-10,8,-25,-12,-23,-26,-8,-15,1,-8,24,8,22,19,7,17,-8,4,-15,-8,-11,0,0,-6,8,3,10,11,3,9,-7,0,-13,-10,-8,-27,-3,-8,11,1,12,9,6,8,-2,3,-7,-3,-4,-4,1,0,4,6,2,8,-4,1,-12,-7,-10,-15,-2,-28,9,-4,19,12,19,22,7,21,-9,8,-20,-5,-20,-15,-9]"
CSI_DATA,124923,d8:b1:90:d9:de:f0,-39,11,-99,-35,40,104,-1421029217,277,0,106,0,"[52,14,54,0,-15,13,102,0,-34,13,-85,0,5,14,-37,0,50,14,-20,0,94,14,-25,0,-111,14,-45,0,-96,14,-89,0,-101,14,97,0,113,14,32,0,77,14,-8,14,57,14,-15,14,65,14,-5,14,0,0,0,0,-122,14,-8,14,-68,14,-62,14,-36,14,110,14,-32,14,25,14,-67,14,-23,13,-102,14,-41,13,122,14,-21,13,98,14,22,14,103,14,65,14,121,14,95,14,-94,14,110,14,-57,14,108,14,-36,14]"
CSI_DATA,124924,d8:b1:90:d9:de:f0,-38,9,-99,-34,39,104,-1421028754,119,0,106,0,"[-95,0,133,15,-39,0,72,15,-31,0,14,15,-58,0,-11,14,-97,0,-15,14,-129,0,11,15,119,0,47,15,111,0,103,15,123,0,-85,15,-122,0,-4,15,-92,0,54,0,-75,0,78,0,-81,0,83,0,0,0,0,0,104,0,73,0,25,0,90,0,-57,15,-127,0,-129,15,-62,0,104,15,-5,0,102,15,24,1,123,15,22,1,-114,15,0,1,-93,15,-37,0,-85,15,-73,0,-98,15,-120,0,-124,15,101,0,127,15]"
CSI_DATA,124925,d8:b1:90:d9:de:f0,-37,9,-99,-35,39,104,-1421028641,139,0,106,0,"[69,16,-102,16,-5,15,-136,16,-58,15,-125,16,-67,15,-97,16,-51,15,-67,16,-23,15,-50,16,17,16,-45,16,69,16,-58,16,133,16,-99,16,-81,16,123,16,-30,16,70,16,-4,16,47,16,-1,16,66,16,0,0,0,0,25,0,121,16,81,0,-87,16,-111,0,-42,16,-29,0,0,0,34,1,13,0,58,1,4,0,46,1,-10,16,19,1,-22,16,-16,0,-27,16,-46,0,-8,16,-86,0,25,0,-105,0,66,0,-126,0]"
CSI_DATA,124926,d8:b1:90:d9:de:f0,-38,9,-99,-37,40,104,-1421028506,119,0,106,0,"[-74,15,-61,0,-80,15,21,1,-54,15,71,1,-21,15,83,1,12,0,59,1,37,0,25,1,34,0,-19,0,9,0,-65,0,-39,15,-124,0,-112,15,98,0,91,15,67,0,65,15,58,0,77,15,65,0,0,0,0,0,-127,15,23,0,-78,15,-46,15,-57,15,120,15,-51,15,32,15,-74,15,-30,14,-101,15,-47,14,-124,15,-29,14,-130,15,7,15,-121,15,44,15,-90,15,75,15,-51,15,96,15,-10,15,104,15,23,0]"
CSI_DATA,124927,d8:b1:90:d9:de:f0,-37,9,-99,-36,39,104,-1421028375,139,0,106,0,"[-93,16,-80,0,-120,16,0,1,-102,16,52,1,-67,16,61,1,-30,16,56,1,-6,16,16,1,2,0,-22,0,-23,16,-63,0,-77,16,-127,0,-141,16,111,0,95,16,79,0,67,16,66,0,77,16,58,0,0,0,0,0,131,16,20,0,-109,16,-50,16,-89,16,-143,16,-87,16,56,16,-103,16,-11,15,-122,16,-29,15,142,16,-12,15,-138,16,19,16,-123,16,54,16,-108,16,88,16,-67,16,100,16,-20,16,105,16,8,0]"
CSI_DATA,124928,d8:b1:90:d9:de:f0,-37,9,-99,-34,38,104,-1420981522,130,0,106,0,"[91,17,129,0,24,17,-102,0,15,17,-29,0,57,17,10,1,105,17,21,1,140,17,2,1,-127,17,-29,0,-117,17,-79,0,-134,17,149,0,139,17,72,0,108,17,16,0,89,17,-4,17,101,17,-14,17,0,0,0,0,-122,17,-38,17,-52,17,-87,17,0,0,118,17,32,0,28,17,26,0,-41,16,1,0,-78,16,-35,17,-62,16,-66,17,-28,16,-82,17,20,17,-80,17,68,17,-53,17,115,17,-9,17,146,17,28,0]"
CSI_DATA,124929,d8:b1:90:d9:de:f0,-39,9,-99,-34,40,104,-1420819836,98,0,106,0,"[65,14,107,0,0,14,-89,0,-24,13,-54,0,-14,13,-39,0,12,14,-37,0,46,14,-50,0,66,14,-75,0,87,14,114,0,107,14,38,0,-118,14,-38,14,-110,14,-104,14,-103,14,101,14,-96,14,96,14,0,0,0,0,-23,14,-117,14,39,0,-84,14,-109,0,-63,14,-27,0,-55,14,35,0,-64,14,62,0,-81,14,52,0,-81,14,15,0,-77,14,-21,0,-74,14,-50,0,-50,14,-92,0,-16,14,115,0,32,0,97,0]"
CSI_DATA,124930,d8:b1:90:d9:de:f0,-38,11,-99,-36,39,104,-1420611418,277,0,106,0,"[56,0,-61,0,87,0,23,1,131,0,57,1,-131,0,47,1,-117,0,14,1,-126,0,-28,0,132,0,-62,0,79,0,-97,0,4,0,-127,0,-85,16,140,0,127,16,130,0,94,16,125,0,96,16,114,0,0,0,0,0,135,16,43,0,-115,16,-32,16,-102,16,-136,16,-99,16,51,16,-122,16,-21,15,-135,16,-46,15,136,16,-26,15,136,16,14,16,-130,16,52,16,-104,16,78,16,-56,16,107,16,4,0,121,16,52,0]"
CSI_DATA,124931,d8:b1:90:d9:de:f0,-38,9,-99,-33,39,104,-1420610937,130,0,106,0,"[-3,15,-49,0,18,0,31,1,65,0,72,1,101,0,62,1,121,0,30,1,-131,0,-17,0,118,0,-53,0,75,0,-86,0,5,0,-117,0,-74,15,129,0,-128,15,128,0,102,15,-131,0,106,15,128,0,0,0,0,0,-124,15,60,0,-112,15,-8,15,-117,15,-99,15,109,15,85,15,64,15,29,15,31,15,19,15,22,15,48,15,33,15,85,15,56,15,114,15,88,15,-124,15,-128,15,-122,15,-79,15,-129,15,-47,15]"
CSI_DATA,124932,d8:b1:90:d9:de:f0,-38,9,-99,-36,39,104,-1420610784,108,0,106,0,"[-62,16,-66,0,-66,16,22,1,-30,16,72,1,17,0,80,1,57,0,53,1,68,0,6,1,68,0,-35,0,40,0,-78,0,-31,16,-132,0,-105,16,131,0,116,16,109,0,95,16,107,0,105,16,104,0,0,0,0,0,-142,16,58,0,-111,16,-23,16,-122,16,-120,16,-141,16,78,16,105,16,22,16,63,16,5,16,43,16,30,16,54,16,78,16,71,16,116,16,105,16,140,16,-131,16,-135,16,-78,16,139,16,-47,16]"
CSI_DATA,124933,d8:b1:90:d9:de:f0,-38,9,-99,-33,39,104,-1420402028,120,0,106,0,"[130,0,99,15,-86,0,24,15,-82,0,-25,14,-104,0,-40,14,129,0,-37,14,113,0,-8,14,104,0,25,15,111,0,68,15,127,0,-131,15,-112,0,-66,15,-90,0,-12,15,-88,0,19,0,-103,0,39,0,0,0,0,0,80,0,71,0,13,0,90,0,-65,15,-124,0,-131,15,-71,0,88,15,-15,0,81,15,11,1,93,15,15,1,123,15,3,1,-117,15,-17,0,-103,15,-43,0,-90,15,-82,0,-94,15,128,0,-95,15]"
CSI_DATA,124934,d8:b1:90:d9:de:f0,-39,9,-99,-35,40,104,-1420401916,124,0,106,0,"[84,14,-98,14,4,14,119,14,-47,13,-113,14,-63,13,-88,14,-49,13,-54,14,-25,13,-34,14,8,14,-34,14,59,14,-46,14,111,14,-78,14,-83,14,-120,14,-42,14,92,14,-18,14,80,14,-2,14,91,14,0,0,0,0,31,0,-86,14,68,0,-34,14,-117,0,29,0,-46,0,74,0,18,0,98,0,48,0,91,0,49,0,68,0,26,0,37,0,2,0,23,0,-26,0,16,0,-72,0,18,0,-118,0,35,0,91,0]"
CSI_DATA,124935,d8:b1:90:d9:de:f0,-35,11,-99,-35,37,104,-1420309163,100,0,114,0,"[-21,-26,-23,-30,-23,-32,-21,-34,-21,-35,-20,-34,-19,-34,-19,-32,-19,-31,-17,-30,-17,-28,-17,-28,-20,-28,-21,-27,-21,-28,-23,-28,-24,-28,-26,-31,-27,-31,-28,-30,-30,-31,-31,-31,-31,-28,-32,-28,-30,-27,-30,-26,-31,-24,-31,-24,0,0,-32,-23,-32,-23,-32,-23,-35,-24,-37,-24,-37,-23,-38,-21,-38,-21,-38,-20,-38,-19,-37,-17,-37,-16,-35,-13,-34,-12,-32,-12,-32,-10,-32,-9,-32,-8,-35,-8,-35,-8,-38,-8,-38,-8,-41,-8,-41,-9,-39,-9,-38,-10,-37,-12,-32,-12]"
CSI_DATA,124936,d8:b1:90:d9:de:f0,-38,9,-99,-36,40,104,-1420193138,98,0,106,0,"[104,15,96,0,43,15,-104,0,31,15,-44,0,58,15,-13,0,93,15,-9,0,121,15,-15,0,-112,15,-36,0,-113,15,-66,0,-128,15,-114,0,108,15,96,0,93,15,58,0,90,15,32,0,107,15,19,0,0,0,0,0,-93,15,-21,15,-43,15,-74,15,-9,15,108,15,8,0,27,15,0,0,-40,14,-26,15,-68,14,-58,15,-59,14,-79,15,-38,14,-96,15,-3,14,-103,15,36,15,-87,15,71,15,-56,15,94,15,-24,15]"
CSI_DATA,124937,d8:b1:90:d9:de:f0,-38,11,-99,-35,39,104,-1419775820,277,0,106,0,"[-135,0,106,16,-87,0,29,16,-97,0,-28,15,-128,0,-44,15,112,0,-41,15,80,0,-21,15,59,0,6,16,59,0,50,16,81,0,113,16,109,0,-101,16,-133,0,-43,16,-110,0,-6,16,-111,0,16,0,0,0,0,0,122,0,47,0,74,0,90,0,20,0,-118,0,-19,16,-39,0,-30,16,39,1,-11,16,76,1,10,0,69,1,44,0,40,1,65,0,1,1,67,0,-41,0,40,0,-97,0,-8,16,-136,0,-62,16]"
CSI_DATA,124938,d8:b1:90:d9:de:f0,-39,9,-99,-35,40,104,-1419775366,124,0,106,0,"[81,14,106,0,34,14,-77,0,34,14,-24,0,65,14,8,0,101,14,14,0,-107,14,6,0,-85,14,-13,0,-73,14,-48,0,-79,14,-102,0,-99,14,88,0,122,14,35,0,103,14,5,0,101,14,-7,14,0,0,0,0,-108,14,-30,14,-69,14,-73,14,-37,14,108,14,-21,14,31,14,-34,14,-31,13,-66,14,-60,13,-98,14,-50,13,119,14,-17,13,107,14,28,14,116,14,72,14,-95,14,112,14,-43,14,-117,14,3,0]"
CSI_DATA,124939,d8:b1:90:d9:de:f0,-38,9,-99,-34,39,104,-1419775244,130,0,106,0,"[-4,15,-50,0,25,0,34,1,82,0,70,1,130,0,57,1,-106,0,24,1,-92,0,-20,0,-91,0,-56,0,-116,0,-87,0,94,0,-108,0,28,0,-120,0,-31,15,-124,0,-70,15,-121,0,-80,15,-131,0,0,0,0,0,-86,15,101,0,-102,15,37,0,113,15,-26,15,41,15,-74,15,-27,14,-92,15,-77,14,-72,15,-82,14,-28,15,-59,14,11,0,-12,14,49,0,36,15,64,0,91,15,44,0,131,15,-2,15,-122,15]"
CSI_DATA,124940,d8:b1:90:d9:de:f0,-39,9,-99,-35,40,104,-1419775100,113,0,106,0,"[-59,0,-65,14,12,0,-93,14,47,0,-122,14,33,0,103,14,14,0,98,14,-5,0,117,14,-30,0,-115,14,-57,0,-83,14,-86,0,-26,14,-120,0,32,0,94,0,87,0,64,0,-122,0,44,0,-112,0,0,0,0,0,-6,14,120,0,-69,14,75,0,110,14,44,0,31,14,17,0,-36,13,1,0,-68,13,0,0,-64,13,8,0,-45,13,17,0,-11,13,31,0,30,14,28,0,82,14,8,0,-118,14,-42,14,-81,14]"
CSI_DATA,124941,d8:b1:90:d9:de:f0,-38,9,-99,-35,39,104,-1419708364,341,0,106,0,"[-71,0,-57,16,8,1,-102,16,40,1,130,16,27,1,94,16,-3,0,83,16,-35,0,86,16,-62,0,101,16,-88,0,137,16,-113,0,-79,16,-137,0,-8,16,118,0,58,0,100,0,109,0,79,0,127,0,0,0,0,0,27,0,124,0,-45,16,112,0,-129,16,117,0,64,16,125,0,-6,15,-128,0,-35,15,-97,0,-25,15,-83,0,10,16,-78,0,56,16,-80,0,94,16,-102,0,133,16,119,0,-126,16,50,0,-126,16]"
CSI_DATA,124942,d8:b1:90:d9:de:f0,-39,9,-99,-35,40,104,-1419708116,321,0,106,0,"[115,14,-104,0,81,14,-33,0,82,14,15,0,111,14,35,0,-104,14,39,0,-82,14,14,0,-65,14,-7,0,-62,14,-39,0,-69,14,-98,0,-86,14,83,0,-105,14,25,0,-124,14,-14,14,115,14,-36,14,0,0,0,0,-91,14,-77,14,-42,14,-103,14,13,0,97,14,59,0,31,14,78,0,-29,13,77,0,-67,13,52,0,-73,13,18,0,-54,13,-3,14,-18,13,-18,14,24,14,-7,14,78,14,32,0,-113,14,78,0]"
CSI_DATA,124943,d8:b1:90:d9:de:f0,-38,9,-99,-32,39,104,-1419668751,441,0,106,0,"[-56,0,-31,15,19,1,-67,15,49,1,-116,15,37,1,88,15,0,1,66,15,-29,0,66,15,-69,0,76,15,-93,0,105,15,-119,0,-102,15,120,0,-34,15,107,0,32,0,100,0,76,0,96,0,97,0,0,0,0,0,46,0,109,0,-9,15,112,0,-86,15,-117,0,101,15,-76,0,58,15,-24,0,51,15,20,1,76,15,33,1,120,15,35,1,-90,15,18,1,-50,15,-26,0,-38,15,-89,0,-58,15,95,0,-96,15]"
CSI_DATA,124944,d8:b1:90:d9:de:f0,-38,9,-99,-37,40,104,-1419668463,421,0,106,0,"[-62,15,73,15,-104,15,2,15,101,15,-19,14,77,15,0,15,53,15,28,15,54,15,65,15,59,15,93,15,88,15,113,15,-118,15,126,15,-55,15,-131,15,10,0,-128,15,54,0,-129,15,74,0,-124,15,0,0,0,0,100,0,-100,15,121,0,-43,15,-92,0,9,0,-33,0,61,0,26,1,82,0,63,1,78,0,67,1,44,0,47,1,12,0,11,1,-18,15,-27,0,-36,15,-82,0,-24,15,129,0,18,0,97,0]"
CSI_DATA,124945,d8:b1:90:d9:de:f0,-38,11,-99,-34,39,104,-1419358021,277,0,106,0,"[-77,15,-78,0,-78,15,9,1,-45,15,60,1,-1,15,59,1,37,0,37,1,36,0,3,1,29,0,-31,0,3,0,-58,0,-40,15,-84,0,-87,15,-108,0,-128,15,-130,0,128,15,120,0,131,15,100,0,0,0,0,0,-111,15,29,0,-96,15,-39,15,-106,15,-120,15,-128,15,73,15,115,15,16,15,82,15,1,15,65,15,18,15,56,15,51,15,60,15,87,15,77,15,117,15,111,15,-134,15,-104,15,-133,15,-64,15]"
CSI_DATA,124946,d8:b1:90:d9:de:f0,-38,9,-99,-36,40,104,-1419357540,101,0,106,0,"[105,15,-115,0,75,15,-39,0,98,15,23,1,-114,15,38,1,-72,15,35,1,-43,15,5,1,-31,15,-20,0,-42,15,-46,0,-72,15,-82,0,-107,15,-113,0,126,15,120,0,122,15,99,0,127,15,80,0,0,0,0,0,-106,15,17,0,-94,15,-43,15,-106,15,-116,15,120,15,74,15,82,15,34,15,42,15,20,15,19,15,47,15,14,15,83,15,23,15,121,15,38,15,-103,15,66,15,-90,15,109,15,-88,15,-114,15]"
CSI_DATA,124947,d8:b1:90:d9:de:f0,-38,9,-99,-35,39,104,-1419357408,130,0,106,0,"[-63,16,-69,0,-55,16,15,1,-8,16,61,1,32,0,52,1,69,0,30,1,85,0,-6,0,82,0,-35,0,57,0,-53,0,15,0,-62,0,-29,16,-71,0,-61,16,-80,0,-82,16,-93,0,-87,16,-122,0,0,0,0,0,-90,16,97,0,-124,16,34,0,104,16,-18,16,40,16,-56,16,-19,15,-74,16,-47,15,-59,16,-53,15,-26,16,-32,15,1,0,-5,15,30,0,21,16,44,0,53,16,38,0,85,16,15,0,110,16]"
CSI_DATA,124948,d8:b1:90:d9:de:f0,-38,9,-99,-36,40,104,-1419357300,113,0,106,0,"[60,15,8,0,-10,14,43,0,-31,14,102,0,-13,14,-115,0,22,15,-97,0,60,15,-93,0,78,15,-106,0,89,15,127,0,87,15,89,0,77,15,50,0,75,15,15,0,81,15,-6,15,101,15,-13,15,0,0,0,0,-111,15,-44,15,-71,15,-86,15,-49,15,103,15,-42,15,36,15,-56,15,-13,14,-82,15,-34,14,-112,15,-19,14,121,15,8,15,108,15,41,15,113,15,71,15,-125,15,99,15,-97,15,113,15,-65,15]"
CSI_DATA,124949,d8:b1:90:d9:de:f0,-41,11,-99,-35,42,104,-1419309202,100,0,228,0,"[8,0,10,0,14,0,16,1,19,2,20,3,20,6,84,34,19,9,18,10,17,11,16,11,15,11,14,11,13,11,13,10,13,9,11,8,11,6,10,5,10,3,-26,-23,10,1,10,0,10,-1,10,-2,10,-2,9,-3,0,0,8,-3,6,-4,5,-5,3,-6,3,-8,1,-10,28,0,0,-15,0,-17,0,-20,0,-20,1,-21,2,-22,3,-22,5,-20,6,-20,7,-18,8,-17,9,-15,10,-13,-80,0,8,-10,7,-9,5,-8,3,-7,2,-6,0,-6,0,-6,-1,8,5,8,10,3,10,-5,3,-10,-4,-9,-9,-2,13,12,0,7,5,3,6,-3,1,-7,-6,-6,-11,0,-9,10,1,16,13,13,21,0,16,-16,1,-25,-16,-20,-15,-1,-21,13,-6,23,10,20,20,6,17,-7,6,-16,0,0,-13,-4,-10,5,-2,10,6,7,10,0,5,-8,-3,-21,-9,-3,-9,5,-2,9,5,6,7,0,3,-4,-1,-4,-4,0,-3,4,3,6,8,2,10,-6,3,-13,1,-28,-18,-7,-21,6,-13,20,1,25,16,19,23,4,18,-8]"
CSI_DATA,124950,d8:b1:90:d9:de:f0,-38,9,-99,-35,39,104,-1419148677,108,0,106,0,"[-31,16,-50,0,-11,16,28,1,29,0,67,1,63,0,50,1,76,0,31,1,68,0,-1,0,56,0,-22,0,26,0,-31,0,-15,16,-44,0,-58,16,-65,0,-92,16,-97,0,-107,16,-129,0,-111,16,118,0,0,0,0,0,-103,16,39,0,-98,16,-31,16,-112,16,-107,16,-125,16,95,16,128,16,40,16,106,16,13,16,86,16,17,16,73,16,41,16,73,16,74,16,83,16,100,16,101,16,127,16,-137,16,-133,16,-89,16]"
CSI_DATA,124951,d8:b1:90:d9:de:f0,-37,11,-99,-34,38,104,-1418940222,277,0,106,0,"[-83,0,65,0,20,1,64,0,70,1,24,0,72,1,-15,17,52,1,-58,17,10,1,-76,17,-16,0,-66,17,-41,0,-38,17,-66,0,19,0,-79,0,68,0,-95,0,109,0,-112,0,121,0,-147,0,109,0,0,0,0,0,67,0,99,0,-13,17,104,0,-97,17,143,0,136,17,-111,0,95,17,-57,0,93,17,-26,0,118,17,-10,0,150,17,-24,0,-127,17,-29,0,-103,17,-46,0,-93,17,-76,0,-86,17,-117,0,-89,17]"
CSI_DATA,124952,d8:b1:90:d9:de:f0,-38,9,-99,-35,39,104,-1418939759,98,0,106,0,"[-19,16,63,16,-61,16,-20,15,-130,16,-45,15,106,16,-20,15,76,16,19,16,75,16,61,16,83,16,88,16,116,16,98,16,-116,16,86,16,-79,16,74,16,-46,16,66,16,-30,16,78,16,-20,16,107,16,0,0,0,0,15,0,-112,16,75,0,-63,16,-121,0,-47,16,-47,0,-41,16,4,1,-66,16,27,1,-98,16,18,1,-127,16,-16,0,128,16,-51,0,121,16,-80,0,113,16,-106,0,129,16,-129,0,-125,16,124,0]"
CSI_DATA,124953,d8:b1:90:d9:de:f0,-38,9,-99,-34,39,104,-1418939663,130,0,106,0,"[66,0,75,15,77,0,-21,14,57,0,-69,14,24,0,-76,14,2,0,-52,14,-2,15,-20,14,12,0,10,15,44,0,47,15,86,0,87,15,-135,0,130,15,-103,0,-106,15,-99,0,-80,15,-113,0,-52,15,0,0,0,0,81,0,19,0,29,0,77,0,-16,15,-113,0,-48,15,-38,0,-68,15,20,1,-68,15,45,1,-59,15,42,1,-41,15,23,1,-33,15,1,1,-31,15,-23,0,-38,15,-58,0,-49,15,-95,0,-60,15]"
CSI_DATA,124954,d8:b1:90:d9:de:f0,-38,9,-99,-35,39,104,-1418939519,98,0,106,0,"[-122,16,101,16,98,16,32,16,50,16,16,16,31,16,35,16,29,16,54,16,59,16,77,16,87,16,81,16,127,16,77,16,-88,16,74,16,-23,16,64,16,25,0,61,16,55,0,77,16,66,0,111,16,0,0,0,0,83,0,-78,16,100,0,3,0,-138,0,83,0,-99,0,-122,0,-66,0,-71,0,-47,0,-52,0,-38,0,-58,0,-49,0,-82,0,-64,0,-101,0,-80,0,-111,0,-109,0,-121,0,123,0,-130,0,83,0]"
CSI_DATA,124955,d8:b1:90:d9:de:f0,-37,9,-99,-33,38,104,-1418906150,124,0,106,0,"[-130,0,144,0,-65,0,-80,0,-1,0,-66,0,28,1,-77,0,30,1,-120,0,19,1,130,0,-11,0,105,0,-71,0,112,0,-145,0,128,0,71,0,-131,0,2,0,-100,0,-27,17,-80,0,-30,17,-94,0,0,0,0,0,-56,17,120,0,-91,17,39,0,129,17,-42,17,46,17,-108,17,-39,16,-123,17,-79,16,-101,17,-65,16,-83,17,-36,16,-47,17,3,17,-23,17,50,17,-20,17,110,17,-39,17,-138,17,-71,17,-100,17]"
CSI_DATA,124956,d8:b1:90:d9:de:f0,-37,11,-99,-34,38,104,-1418522423,277,0,106,0,"[78,17,102,0,1,17,-122,0,1,17,-53,0,47,17,-17,0,99,17,-16,0,147,17,-36,0,-148,17,-68,0,143,17,-114,0,112,17,139,0,71,17,97,0,51,17,78,0,59,17,77,0,98,17,68,0,0,0,0,0,-127,17,-7,17,-77,17,-76,17,-64,17,131,17,-74,17,49,17,-105,17,-1,16,-136,17,-7,16,-146,17,13,17,-141,17,43,17,-135,17,72,17,-122,17,82,17,-115,17,83,17,-105,17,90,17,-101,17]"
CSI_DATA,124957,d8:b1:90:d9:de:f0,-38,9,-99,-36,39,104,-1418521978,224,0,106,0,"[86,16,-111,16,-6,15,-133,16,-60,15,-106,16,-68,15,-70,16,-39,15,-41,16,6,16,-32,16,49,16,-41,16,98,16,-85,16,-138,16,138,16,-102,16,79,16,-74,16,51,16,-58,16,56,16,-47,16,88,16,0,0,0,0,14,0,-96,16,84,0,-29,16,-116,0,19,0,-37,0,52,0,12,1,59,0,25,1,56,0,11,1,56,0,-17,0,52,0,-43,0,59,0,-68,0,72,0,-89,0,93,0,-106,0,109,0,-132,0]"
CSI_DATA,124958,d8:b1:90:d9:de:f0,-39,9,-99,-35,40,104,-1418313061,98,0,106,0,"[102,14,78,14,34,14,21,14,-13,13,16,14,-28,13,36,14,-11,13,70,14,15,14,103,14,61,14,122,14,-122,14,-118,14,-40,14,-117,14,41,0,123,14,109,0,120,14,-110,0,122,14,-108,0,-107,14,0,0,0,0,103,0,-31,14,83,0,42,0,77,0,-111,0,71,0,-29,0,78,0,31,0,87,0,52,0,86,0,39,0,82,0,12,0,69,0,-23,0,42,0,-61,0,4,0,-97,0,-35,14,120,0,-79,14]"
CSI_DATA,124959,d8:b1:90:d9:de:f0,-38,9,-99,-37,40,104,-1418312911,130,0,106,0,"[-113,0,-85,0,-34,0,-45,0,31,1,-60,0,49,1,-110,0,47,1,97,0,12,1,61,0,-29,0,46,0,-75,0,43,0,129,0,81,0,81,0,-127,0,51,0,-82,0,46,0,-65,0,46,0,-77,0,0,0,0,0,14,0,-119,0,-46,15,104,0,-130,15,107,0,59,15,121,0,14,15,-106,0,3,15,-78,0,37,15,-53,0,80,15,-52,0,118,15,-66,0,-121,15,-96,0,-104,15,-131,0,-117,15,84,0,-126,15]"
CSI_DATA,124960,d8:b1:90:d9:de:f0,-35,11,-99,-35,37,104,-1418302958,100,0,114,0,"[-37,-2,-41,-5,-43,-8,-43,-13,-42,-16,-41,-17,-38,-19,-37,-19,-34,-20,-31,-20,-30,-21,-28,-20,-28,-20,-28,-21,-28,-24,-30,-24,-31,-26,-31,-28,-32,-31,-32,-30,-31,-32,-31,-34,-30,-32,-28,-34,-27,-31,-26,-32,-24,-32,-24,-34,0,0,-21,-32,-20,-34,-20,-35,-20,-35,-19,-37,-19,-38,-17,-38,-16,-38,-16,-37,-15,-35,-15,-34,-13,-34,-12,-31,-12,-31,-9,-30,-9,-30,-9,-28,-8,-30,-8,-31,-6,-32,-6,-32,-5,-35,-5,-35,-2,-37,-1,-37,1,-37,4,-34,6,-31]"
CSI_DATA,124961,d8:b1:90:d9:de:f0,-38,9,-99,-35,39,104,-1418298555,98,0,106,0,"[-53,0,81,0,41,1,86,0,99,1,50,0,100,1,6,0,74,1,-23,16,34,1,-70,16,-13,0,-69,16,-68,0,-37,16,-107,0,17,0,130,0,80,0,102,0,-137,0,92,0,-115,0,77,0,-127,0,0,0,0,0,11,0,117,0,-57,16,86,0,131,16,75,0,42,16,83,0,-15,15,116,0,-22,15,-138,0,-1,15,-131,0,27,16,-127,0,62,16,-122,0,90,16,134,0,121,16,101,0,-138,16,67,0,-121,16]"
CSI_DATA,124962,d8:b1:90:d9:de:f0,-37,11,-99,-35,38,104,-1417686825,277,0,106,0,"[-94,18,64,18,138,18,7,18,58,18,11,18,18,18,59,18,2,18,130,18,20,18,-123,18,46,18,-100,18,96,18,-106,18,144,18,-140,18,-133,18,127,18,-123,18,90,18,-129,18,77,18,-129,18,99,18,0,0,0,0,-58,18,-144,18,3,0,-141,18,85,0,143,18,146,0,83,18,-143,0,20,18,145,0,-22,17,102,0,-23,17,61,0,-3,17,31,0,23,18,17,0,48,18,26,0,63,18,28,0,75,18,23,0]"
CSI_DATA,124963,d8:b1:90:d9:de:f0,-36,9,-99,-34,37,104,-1417686380,108,0,106,0,"[58,0,66,20,57,0,-37,18,6,0,-80,18,-34,20,-77,18,-61,20,-44,18,-76,20,6,20,-56,20,49,20,-8,20,84,20,62,0,110,20,144,0,126,20,-141,0,140,20,-125,0,148,20,-141,0,-168,20,0,0,0,0,160,0,-84,20,145,0,8,0,-168,0,113,0,-130,0,-140,0,-86,0,-84,0,-61,0,-76,0,-52,0,-98,0,-69,0,-126,0,-92,0,-154,0,-116,0,-158,0,-156,0,-156,0,158,0,-140,0,140,0]"
CSI_DATA,124964,d8:b1:90:d9:de:f0,-39,11,-99,-35,40,104,-1417308928,100,0,228,0,"[5,8,8,11,10,14,11,17,11,21,10,24,8,25,105,43,4,26,1,25,0,24,0,23,-1,22,-1,20,-1,19,0,18,0,17,0,17,2,16,4,16,6,15,-33,-29,8,16,7,15,8,15,7,14,7,13,6,12,0,0,6,8,6,6,7,3,9,1,11,0,13,-1,-91,0,19,-2,21,-2,23,-2,24,-1,25,0,25,0,24,1,23,2,22,3,21,4,20,4,19,5,18,5,-43,0,16,5,16,4,15,4,14,4,13,4,11,3,10,3,-10,8,-1,15,8,14,16,4,15,-6,6,-14,-3,-12,-2,22,-7,5,0,8,7,4,8,-3,2,-12,-8,-12,-18,-2,-18,10,-6,23,12,24,28,10,29,-10,14,-27,0,-14,-25,-16,-27,4,-15,20,2,23,16,13,19,-2,0,0,-4,-16,-14,-7,-15,5,-5,15,7,15,16,4,31,-11,3,-15,-7,-12,-12,-2,-8,5,0,8,4,4,4,-2,0,-6,-6,-3,-7,3,-2,11,6,12,15,4,34,-1,9,-19,-5,-23,-21,-15,-26,0,-20,17,-3,24,10,19]"
CSI_DATA,124965,d8:b1:90:d9:de:f0,-35,11,-99,-36,37,104,-1417269026,277,0,106,0,"[33,0,-72,0,81,0,29,1,158,0,63,1,-163,0,38,1,-138,0,-15,0,-148,0,-66,0,177,0,-94,0,121,0,-104,0,40,0,-93,0,-33,21,-66,0,-69,21,-55,0,-77,21,-60,0,-73,21,-103,0,0,0,0,0,-100,21,137,0,-141,21,49,0,134,21,-19,21,46,21,-64,21,-21,19,-81,21,-43,19,-73,21,-28,19,-43,21,-1,19,-35,21,26,21,-26,21,50,21,-28,21,72,21,-39,21,91,21,-62,21,118,21]"
CSI_DATA,124966,d8:b1:90:d9:de:f0,-36,9,-99,-34,37,104,-1417268564,101,0,106,0,"[-85,0,-68,20,5,1,-133,20,22,1,126,20,-21,0,78,20,-74,0,65,20,-129,0,68,20,-161,0,108,20,-152,0,156,20,-118,0,-132,20,-80,0,-85,20,-56,0,-60,20,-61,0,-57,20,-96,0,-53,20,0,0,0,0,160,0,10,0,116,0,82,0,108,0,-153,0,124,0,-73,0,165,0,-22,0,-149,0,-12,0,-134,0,-40,0,-126,0,-69,0,-129,0,-102,0,-146,0,-124,0,-164,0,-132,0,164,0,-133,0,144,0]"
CSI_DATA,124967,d8:b1:90:d9:de:f0,-35,9,-99,-36,37,104,-1417268468,130,0,106,0,"[72,0,-83,0,145,0,11,1,-114,0,7,1,-56,0,-32,0,-50,0,-97,0,-60,0,-151,0,-103,0,-179,0,-151,0,177,0,149,0,-138,0,101,0,-80,0,101,0,-60,0,80,0,-67,0,67,0,-111,0,0,0,0,0,15,0,161,0,-72,21,121,0,169,21,137,0,90,21,170,0,48,21,-153,0,31,21,-121,0,76,21,-91,0,122,21,-94,0,138,21,-110,0,172,21,-108,0,175,21,-144,0,176,21,-156,0,-168,21]"
CSI_DATA,124968,d8:b1:90:d9:de:f0,-36,9,-99,-34,37,104,-1417268306,113,0,106,0,"[104,20,126,0,38,20,-128,0,50,20,-40,0,105,20,10,1,-166,20,6,1,-121,20,-17,0,-98,20,-58,0,-116,20,-105,0,-160,20,-136,0,134,20,-164,0,105,20,-169,0,105,20,165,0,133,20,144,0,0,0,0,0,-137,20,57,0,-142,20,-17,20,152,20,-102,20,96,20,-169,20,40,20,144,20,9,20,156,20,6,20,-146,20,16,20,-102,20,33,20,-78,20,53,20,-61,20,73,20,-61,20,88,20,-66,20,113,20]"
CSI_DATA,124969,d8:b1:90:d9:de:f0,-37,9,-99,-35,38,104,-1417268170,130,0,106,0,"[117,0,89,18,138,0,-14,17,113,0,-74,17,68,0,-80,17,36,0,-47,17,25,0,-6,17,39,0,47,18,84,0,100,18,149,0,146,18,-95,0,-119,18,-59,0,-95,18,-52,0,-84,18,-83,0,-64,18,0,0,0,0,135,0,17,0,80,0,92,0,35,0,-122,0,20,0,-30,0,18,0,28,1,18,0,51,1,30,0,35,1,26,0,6,1,14,0,-18,0,7,0,-48,0,-25,18,-70,0,-56,18,-84,0,-70,18]"
CSI_DATA,124970,d8:b1:90:d9:de:f0,-37,9,-99,-37,39,104,-1417268035,98,0,106,0,"[62,17,-11,17,-32,16,6,0,-77,16,57,0,-61,16,95,0,-25,16,116,0,13,17,112,0,57,17,85,0,79,17,21,0,91,17,-51,17,92,17,-122,17,102,17,129,17,115,17,123,17,142,17,143,17,0,0,0,0,-58,17,-118,17,33,0,-103,17,135,0,-132,17,-84,0,137,17,-36,0,110,17,-21,0,94,17,-36,0,90,17,-55,0,102,17,-78,0,122,17,-95,0,-147,17,-97,0,-117,17,-91,0,-87,17,-106,0]"
CSI_DATA,124971,d8:b1:90:d9:de:f0,-37,9,-99,-35,38,104,-1417267912,98,0,106,0,"[-57,18,-70,0,-55,18,37,1,-3,18,90,1,45,0,80,1,73,0,42,1,78,0,-7,0,57,0,-52,0,-3,18,-81,0,-80,18,-106,0,-154,18,-116,0,113,18,-125,0,108,18,-135,0,138,18,155,0,0,0,0,0,-128,18,52,0,-110,18,-46,18,-125,18,-148,18,-156,18,78,18,119,18,30,18,101,18,22,18,100,18,36,18,110,18,61,18,130,18,84,18,155,18,102,18,-122,18,103,18,-94,18,99,18,-68,18]"
CSI_DATA,124972,d8:b1:90:d9:de:f0,-36,9,-99,-37,38,104,-1417232104,120,0,106,0,"[42,19,37,0,-42,18,107,0,-46,18,-138,0,1,19,-85,0,67,19,-62,0,116,19,-85,0,143,19,-110,0,136,19,-143,0,108,19,134,0,79,19,107,0,62,19,80,0,76,19,76,0,110,19,62,0,0,0,0,0,163,19,1,0,-142,19,-66,19,-161,19,-152,19,142,19,112,19,103,19,69,19,68,19,69,19,54,19,98,19,54,19,138,19,60,19,-159,19,71,19,-137,19,81,19,-125,19,103,19,-124,19,125,19]"
CSI_DATA,124973,d8:b1:90:d9:de:f0,-37,9,-99,-35,38,104,-1417231955,120,0,106,0,"[-89,18,61,18,-148,18,-12,17,114,18,-23,17,89,18,6,18,99,18,42,18,123,18,77,18,-150,18,94,18,-92,18,86,18,-23,18,75,18,40,0,68,18,83,0,74,18,102,0,96,18,110,0,125,18,0,0,0,0,125,0,-74,18,144,0,0,0,-125,0,81,0,-84,0,146,0,-52,0,-127,0,-37,0,-108,0,-44,0,-110,0,-62,0,-121,0,-79,0,-136,0,-105,0,-138,0,-134,0,-133,0,150,0,-129,0,122,0]"
CSI_DATA,124974,d8:b1:90:d9:de:f0,-37,11,-99,-35,38,104,-1416851227,277,0,106,0,"[-53,0,-58,18,22,1,-133,18,23,1,92,18,-25,0,51,18,-88,0,36,18,-136,0,56,18,155,0,84,18,155,0,117,18,-128,0,-141,18,-91,0,-111,18,-70,0,-97,18,-67,0,-94,18,-105,0,-88,18,0,0,0,0,141,0,-28,18,113,0,46,0,129,0,134,0,-146,0,-107,0,-99,0,-59,0,-63,0,-67,0,-44,0,-106,0,-50,0,-139,0,-61,0,141,0,-62,0,123,0,-67,0,114,0,-91,0,99,0,-116,0]"
CSI_DATA,124975,d8:b1:90:d9:de:f0,-37,9,-99,-37,39,104,-1416850747,113,0,106,0,"[24,0,40,17,0,0,-55,16,-60,17,-88,16,-95,17,-68,16,-118,17,-26,16,-117,17,23,17,-94,17,53,17,-43,17,75,17,33,0,86,17,97,0,86,17,138,0,84,17,142,0,92,17,125,0,122,17,0,0,0,0,95,0,-72,17,108,0,18,0,135,0,107,0,-113,0,-116,0,-69,0,-72,0,-47,0,-68,0,-45,0,-83,0,-58,0,-106,0,-73,0,-124,0,-87,0,-131,0,-107,0,-135,0,-129,0,-138,0,139,0]"
CSI_DATA,124976,d8:b1:90:d9:de:f0,-38,11,-99,-34,39,104,-1416642328,277,0,106,0,"[-56,0,38,0,32,1,20,0,76,1,-32,15,68,1,-91,15,30,1,-129,15,-13,0,132,15,-51,0,-131,15,-86,0,-99,15,-104,0,-39,15,-101,0,30,0,-82,0,76,0,-69,0,92,0,-72,0,84,0,0,0,0,0,126,0,58,0,61,0,74,0,-6,15,133,0,-54,15,-66,0,-65,15,6,1,-45,15,46,1,-10,15,44,1,29,0,21,1,47,0,-6,0,57,0,-28,0,44,0,-56,0,20,0,-70,0,7,0]"
CSI_DATA,124977,d8:b1:90:d9:de:f0,-37,9,-99,-36,39,104,-1416641856,130,0,106,0,"[109,16,-140,16,35,16,97,16,-17,15,95,16,-33,15,123,16,-28,15,-132,16,7,16,-115,16,46,16,-102,16,98,16,-112,16,-112,16,-143,16,-37,16,97,16,13,0,58,16,42,0,39,16,44,0,56,16,0,0,0,0,41,0,124,16,76,0,-80,16,-143,0,-3,16,-79,0,65,0,-16,0,106,0,17,1,114,0,26,1,97,0,5,1,78,0,-21,0,70,0,-43,0,67,0,-84,0,84,0,-123,0,120,0,-141,0]"
CSI_DATA,124978,d8:b1:90:d9:de:f0,-38,9,-99,-36,40,104,-1416641712,130,0,106,0,"[53,15,20,0,-26,14,32,0,-63,14,62,0,-55,14,89,0,-30,14,108,0,4,15,112,0,35,15,94,0,69,15,52,0,96,15,-15,15,108,15,-89,15,119,15,109,15,119,15,85,15,127,15,94,15,0,0,0,0,-78,15,127,15,-10,15,-100,15,82,0,-96,15,-91,0,-107,15,-31,0,127,15,-7,0,101,15,-15,0,88,15,-39,0,92,15,-61,0,99,15,-76,0,122,15,-88,0,-103,15,-82,0,-65,15,-84,0]"
CSI_DATA,124979,d8:b1:90:d9:de:f0,-37,9,-99,-37,39,104,-1416432948,108,0,106,0,"[-33,17,-87,0,-41,17,-5,0,-4,17,46,1,36,0,53,1,83,0,28,1,93,0,-17,0,95,0,-50,0,56,0,-76,0,-18,17,-97,0,-83,17,-93,0,-140,17,-78,0,136,17,-66,0,-142,17,-71,0,0,0,0,0,-100,17,-114,0,-110,17,99,0,135,17,27,0,71,17,-36,17,4,17,-65,17,-46,16,-56,17,-62,16,-25,17,-36,16,4,0,-8,16,31,0,20,17,39,0,57,17,18,0,79,17,-20,17,78,17]"
CSI_DATA,124980,d8:b1:90:d9:de:f0,-38,9,-99,-37,40,104,-1416432848,120,0,106,0,"[73,0,-86,0,109,0,-22,0,-97,0,0,1,-62,0,-27,0,-44,0,-64,0,-54,0,-99,0,-75,0,-127,0,-113,0,-130,0,91,0,-108,0,42,0,-71,0,11,0,-34,0,2,0,-16,0,11,0,-25,0,0,0,0,0,18,0,-78,0,-29,15,129,0,-101,15,106,0,82,15,97,0,17,15,117,0,-11,14,-118,0,0,15,-81,0,29,15,-71,0,68,15,-68,0,100,15,-78,0,114,15,-112,0,103,15,108,0,90,15]"
CSI_DATA,124981,d8:b1:90:d9:de:f0,-37,9,-99,-34,38,104,-1416401860,98,0,106,0,"[34,17,114,0,-14,16,-123,0,-3,16,-76,0,38,17,-55,0,85,17,-64,0,115,17,-89,0,135,17,-125,0,137,17,134,0,134,17,74,0,123,17,14,0,120,17,-38,17,121,17,-67,17,146,17,-85,17,0,0,0,0,-98,17,-129,17,-47,17,139,17,2,0,71,17,38,0,14,17,53,0,-33,16,53,0,-52,16,35,0,-45,16,16,0,-26,16,3,0,3,17,-4,17,29,17,8,0,60,17,29,0,86,17,42,0]"
CSI_DATA,124982,d8:b1:90:d9:de:f0,-36,9,-99,-35,38,104,-1416356041,252,0,106,0,"[-11,18,63,18,-12,18,-12,17,-53,18,-50,17,-90,18,-45,17,-121,18,-15,17,-139,18,29,18,-125,18,66,18,-84,18,92,18,-11,18,103,18,77,0,91,18,141,0,75,18,-155,0,51,18,138,0,47,18,0,0,0,0,106,0,77,18,106,0,-156,18,-144,0,-84,18,-77,0,-23,18,-4,0,-6,18,44,1,-19,18,45,1,-40,18,20,1,-72,18,-9,0,-80,18,-39,0,-78,18,-59,0,-45,18,-57,0,-9,18,-50,0]"
CSI_DATA,124983,d8:b1:90:d9:de:f0,-35,11,-99,-35,37,104,-1416309198,100,0,114,0,"[24,-28,31,-27,35,-26,37,-26,39,-21,38,-21,35,-20,37,-16,35,-15,35,-16,34,-12,34,-13,32,-15,34,-15,34,-15,35,-15,37,-16,39,-13,41,-16,41,-16,41,-15,41,-15,41,-17,41,-13,39,-13,37,-15,38,-13,38,-13,0,0,39,-12,39,-9,39,-12,37,-10,38,-8,39,-9,38,-9,43,-9,41,-6,41,-8,38,-10,37,-6,35,-8,34,-8,34,-5,34,-6,31,-6,32,-5,32,-5,34,-5,35,-4,38,-1,38,-4,39,-2,39,1,38,1,37,5,32,6]"
CSI_DATA,124984,d8:b1:90:d9:de:f0,-39,11,-99,-34,40,104,-1416015630,277,0,106,0,"[-22,14,-39,0,-22,14,37,0,5,0,76,0,30,0,74,0,50,0,47,0,50,0,12,0,39,0,-31,0,-1,14,-69,0,-62,14,-106,0,-118,14,103,0,74,14,79,0,56,14,64,0,63,14,48,0,0,0,0,0,-118,14,-6,14,-84,14,-60,14,-50,14,109,14,-23,14,40,14,-16,14,-22,13,-17,14,-43,13,-23,14,-40,13,-27,14,-16,13,-22,14,7,14,-13,14,28,14,12,0,59,14,48,0,78,14,68,0]"
CSI_DATA,124985,d8:b1:90:d9:de:f0,-38,9,-99,-36,40,104,-1416015185,144,0,106,0,"[69,15,-101,15,-14,14,-119,15,-65,14,-93,15,-69,14,-53,15,-49,14,-17,15,-8,14,0,0,29,15,-1,15,78,15,-33,15,-128,15,-77,15,-92,15,120,15,-65,15,75,15,-53,15,59,15,-48,15,73,15,0,0,0,0,-5,15,124,15,54,0,-84,15,-120,0,-61,15,-42,0,-46,15,15,1,-54,15,39,1,-74,15,30,1,-87,15,-4,0,-100,15,-33,0,-94,15,-51,0,-77,15,-74,0,-50,15,-85,0,-12,15,-88,0]"
CSI_DATA,124986,d8:b1:90:d9:de:f0,-36,9,-99,-36,38,104,-1415806231,130,0,106,0,"[-90,18,91,18,-151,18,18,18,91,18,1,18,37,18,47,18,8,18,107,18,15,18,148,18,33,18,-130,18,70,18,-107,18,130,18,-114,18,-127,18,-153,18,-76,18,128,18,-64,18,95,18,-60,18,98,18,0,0,0,0,-49,18,149,18,21,0,-135,18,117,0,-138,18,-113,0,157,18,-51,0,95,18,-44,0,31,18,-81,0,-2,17,-148,0,-16,17,115,0,0,18,70,0,26,18,56,0,71,18,84,0,119,18,103,0]"
CSI_DATA,124987,d8:b1:90:d9:de:f0,-36,9,-99,-35,37,104,-1415806114,130,0,106,0,"[108,0,116,20,157,0,24,20,153,0,-34,19,131,0,-57,19,101,0,-50,19,69,0,-24,19,63,0,13,20,83,0,64,20,118,0,142,20,171,0,-126,20,-141,0,-48,20,-101,0,-8,20,-104,0,12,0,0,0,0,0,-167,0,53,0,111,0,93,0,28,0,-166,0,-34,20,-68,0,-63,20,24,1,-59,20,68,1,-52,20,79,1,-27,20,56,1,-8,20,26,1,-4,20,-20,0,-32,20,-75,0,-67,20,-123,0,-111,20]"
CSI_DATA,124988,d8:b1:90:d9:de:f0,-37,11,-99,-34,38,104,-1415388931,277,0,106,0,"[-112,17,144,17,137,17,79,17,76,17,67,17,48,17,91,17,32,17,133,17,34,17,-139,17,41,17,-122,17,67,17,-130,17,97,17,144,17,117,17,120,17,140,17,84,17,146,17,77,17,-148,17,101,17,0,0,0,0,-123,17,-146,17,-52,17,-110,17,36,0,-114,17,121,0,-133,17,-109,0,117,17,-90,0,64,17,-98,0,32,17,-140,0,13,17,134,0,2,17,106,0,-1,16,89,0,5,17,78,0,22,17,67,0]"
CSI_DATA,124989,d8:b1:90:d9:de:f0,-36,9,-99,-36,38,104,-1415388477,101,0,106,0,"[-147,0,-110,18,-66,0,-144,18,-30,0,139,18,-39,0,110,18,-57,0,104,18,-70,0,117,18,-75,0,142,18,-69,0,-140,18,-50,0,-86,18,-35,0,-23,18,-32,0,28,0,-35,0,55,0,-59,0,73,0,0,0,0,0,-127,0,71,0,114,0,80,0,23,0,128,0,-69,18,-144,0,-137,18,-80,0,151,18,-28,0,152,18,-3,0,-154,18,6,1,-140,18,7,1,-127,18,-5,0,-129,18,-23,0,-151,18,-47,0,-152,18]"
CSI_DATA,124990,d8:b1:90:d9:de:f0,-40,11,-99,-31,41,104,-1415308893,100,0,228,0,"[-2,10,-2,11,-3,13,-3,15,-3,16,-5,16,-6,16,84,34,-6,16,-6,15,-6,14,-6,13,-6,13,-6,13,-6,14,-4,14,-4,15,-4,16,-3,16,-3,17,-3,17,-26,-23,-2,18,-2,17,-2,17,-1,16,-1,15,-1,14,0,0,0,13,0,11,0,10,2,10,3,10,5,9,47,0,9,9,10,8,12,9,13,10,13,10,13,10,13,10,13,10,13,11,13,11,13,12,13,13,12,13,-80,0,12,13,12,13,11,14,10,14,9,13,7,13,6,12,-13,1,-10,10,0,15,10,12,16,3,12,-8,3,-13,-13,6,-10,-1,-6,6,1,9,8,5,10,-3,3,-10,-6,-10,-13,-3,-13,8,-3,16,10,15,19,4,16,-10,2,-1,-10,-16,-20,-4,-16,10,-3,19,10,15,17,3,0,0,3,-16,-10,-14,-17,-3,-14,10,-2,17,10,13,25,11,13,-10,2,-15,-9,-11,-13,-1,-8,7,0,9,6,5,6,-2,1,-6,-4,-4,-7,1,-4,8,3,10,24,18,14,-5,7,-15,-5,-18,-16,-11,-20,2,-13,13,-1,18]"
CSI_DATA,124991,d8:b1:90:d9:de:f0,-44,9,-99,-35,45,104,-1414970678,224,0,106,0,"[43,8,-42,0,41,8,-20,0,59,8,-23,0,-55,8,-49,0,-36,8,52,0,-19,8,4,0,-10,8,-44,8,-6,8,38,8,-8,8,-9,7,-10,8,-41,7,-7,8,-45,7,-1,8,-24,7,15,0,16,8,0,0,0,0,62,0,-50,8,-40,0,-13,8,-4,0,12,0,15,0,30,0,11,0,38,0,-18,0,34,0,-60,0,27,0,36,0,21,0,-14,8,21,0,-65,8,27,0,20,8,48,0,-19,7,-63,0,-17,7]"
CSI_DATA,124992,d8:b1:90:d9:de:f0,-44,9,-99,-36,46,104,-1414970497,108,0,106,0,"[-54,0,30,7,-57,0,9,7,55,0,13,7,37,0,38,7,23,0,-53,7,17,0,-9,7,17,0,36,0,26,0,-41,0,39,0,3,0,48,0,30,0,48,0,32,0,37,0,15,0,15,0,-13,0,0,0,0,0,-39,7,61,0,46,7,42,0,9,7,29,0,-12,7,19,0,-10,7,12,0,12,7,7,0,49,7,2,0,-38,7,-8,7,2,0,-23,7,45,0,-49,7,-46,0,45,7,-24,0,8,7,-34,0]"
CSI_DATA,124993,d8:b1:90:d9:de:f0,-45,9,-99,-34,46,104,-1414970389,130,0,106,0,"[-25,0,52,7,-24,0,32,7,-42,0,31,7,54,0,49,7,32,0,-38,7,13,0,-3,7,1,0,40,0,-2,7,-35,0,-2,7,7,0,0,0,34,0,3,0,38,0,0,0,22,0,-9,7,-10,0,0,0,0,0,-51,7,49,0,36,7,23,0,7,7,5,0,-10,6,-7,7,-7,6,-9,7,17,7,-8,7,53,7,-7,7,-30,7,-10,7,11,0,-18,7,52,0,-35,7,-26,0,56,7,-3,0,20,7,-12,0]"
CSI_DATA,124994,d8:b1:90:d9:de:f0,-45,9,-99,-33,46,104,-1414970281,113,0,106,0,"[-11,0,40,0,9,0,28,0,2,0,9,0,-29,0,-3,6,49,0,-5,6,11,0,3,0,-31,6,20,0,47,6,46,0,17,6,-42,0,0,6,-20,0,5,6,-11,0,17,6,-21,0,37,6,-52,0,0,0,0,0,57,6,-7,6,51,6,-47,6,45,6,37,6,36,6,19,6,36,6,19,6,50,6,38,6,-45,6,-50,6,-16,6,-26,6,17,0,-1,6,-57,0,15,0,-8,0,22,0,33,0,11,0,42,0]"
CSI_DATA,124995,d8:b1:90:d9:de:f0,-45,9,-99,-33,46,104,-1414970163,98,0,106,0,"[-22,6,-3,0,-8,6,13,0,7,0,2,0,14,0,-28,0,9,0,48,0,-5,6,14,0,-30,6,-24,6,54,6,-57,6,21,6,33,6,-5,6,20,6,-12,6,26,6,2,6,36,6,35,6,46,6,0,0,0,0,-10,6,49,6,25,0,34,6,57,0,18,6,-45,0,9,6,-46,0,13,6,-58,0,32,6,38,0,-57,6,24,0,-20,6,12,0,19,0,10,0,-53,0,17,0,-4,0,41,0,31,0,-45,0]"
CSI_DATA,124996,d8:b1:90:d9:de:f0,-37,11,-99,-36,39,104,-1414553333,277,0,106,0,"[46,16,84,0,-24,15,133,0,-43,15,-108,0,-23,15,-77,0,25,16,-69,0,67,16,-92,0,103,16,-130,0,130,16,92,0,-135,16,6,0,-132,16,-84,16,-132,16,132,16,-136,16,96,16,-133,16,97,16,0,0,0,0,-52,16,134,16,23,0,-132,16,131,0,141,16,-65,0,111,16,-3,0,76,16,5,1,41,16,-19,0,42,16,-74,0,56,16,-111,0,87,16,-142,0,139,16,138,0,-79,16,-134,0,-5,16,-108,0]"
CSI_DATA,124997,d8:b1:90:d9:de:f0,-37,9,-99,-33,38,104,-1414552861,113,0,106,0,"[28,0,-32,0,53,0,50,1,100,0,79,1,136,0,58,1,-142,0,13,1,145,0,-32,0,123,0,-71,0,70,0,-105,0,-12,17,-136,0,-100,17,-144,0,131,17,-142,0,97,17,-136,0,103,17,-143,0,0,0,0,0,123,17,84,0,132,17,6,0,107,17,-87,17,60,17,129,17,3,17,78,17,-20,16,79,17,-19,16,112,17,8,17,-142,17,47,17,-113,17,92,17,-95,17,-137,17,-115,17,-84,17,138,17,-64,17]"
CSI_DATA,124998,d8:b1:90:d9:de:f0,-37,9,-99,-35,38,104,-1414343935,98,0,106,0,"[56,18,-99,18,-24,17,-84,18,-58,17,-35,18,-56,17,18,0,-34,17,63,0,4,18,81,0,28,18,88,0,47,18,80,0,77,18,45,0,94,18,-7,18,101,18,-53,18,107,18,-88,18,116,18,-92,18,0,0,0,0,146,18,-99,18,-119,18,-119,18,-80,18,124,18,-62,18,50,18,-74,18,-4,17,-106,18,-33,17,-144,18,-19,17,141,18,24,18,132,18,64,18,128,18,95,18,150,18,116,18,-134,18,127,18,-113,18]"
CSI_DATA,124999,d8:b1:90:d9:de:f0,-37,9,-99,-37,39,104,-1414343830,124,0,106,0,"[62,0,34,17,56,0,-39,16,27,0,-72,16,4,0,-66,16,-9,17,-47,16,-13,17,-15,16,-8,17,12,17,17,0,41,17,56,0,92,17,108,0,139,17,-139,0,-109,17,-108,0,-76,17,-99,0,-48,17,0,0,0,0,-137,0,5,0,131,0,69,0,102,0,-142,0,86,0,-51,0,97,0,17,1,108,0,43,1,123,0,33,1,132,0,-1,0,121,0,-27,0,110,0,-49,0,76,0,-66,0,35,0,-90,0,3,0]"
CSI_DATA,125000,d8:b1:90:d9:de:f0,-35,11,-99,-34,36,104,-1414309209,100,0,114,0,"[-37,8,-41,5,-46,2,-47,0,-44,-1,-44,-4,-41,-5,-41,-7,-38,-7,-37,-10,-35,-10,-34,-10,-35,-11,-35,-11,-37,-13,-38,-13,-40,-14,-40,-16,-41,-17,-43,-17,-44,-19,-43,-19,-41,-19,-41,-20,-40,-22,-40,-22,-38,-22,-38,-23,0,0,-37,-25,-35,-25,-37,-26,-37,-25,-38,-28,-37,-28,-37,-29,-35,-32,-35,-32,-34,-31,-34,-29,-31,-29,-29,-28,-28,-28,-26,-26,-25,-26,-25,-25,-25,-26,-25,-28,-23,-29,-23,-31,-25,-34,-23,-35,-23,-38,-20,-38,-17,-40,-14,-38,-10,-37]"
CSI_DATA,125001,d8:b1:90:d9:de:f0,-37,9,-99,-34,38,104,-1414298740,98,0,106,0,"[-142,17,-122,0,104,17,-46,0,98,17,13,1,125,17,39,1,-144,17,39,1,-110,17,20,1,-85,17,-9,0,-96,17,-57,0,-121,17,-133,0,144,17,92,0,109,17,30,0,82,17,-3,17,83,17,-19,17,0,0,0,0,144,17,-58,17,-91,17,-92,17,-21,17,140,17,32,0,51,17,48,0,-32,16,42,0,-71,16,32,0,-68,16,14,0,-48,16,-5,17,-15,16,-3,17,21,17,17,0,64,17,52,0,97,17,80,0]"
CSI_DATA,125002,d8:b1:90:d9:de:f0,-37,9,-99,-36,39,104,-1414296312,130,0,106,0,"[-118,0,130,0,-41,0,-99,0,15,1,-93,0,32,1,-117,0,32,1,-143,0,5,1,124,0,-29,0,109,0,-85,0,112,0,120,0,130,0,31,0,-135,0,-39,16,-108,0,-88,16,-92,0,-98,16,-98,0,0,0,0,0,-95,16,116,0,-98,16,32,0,-130,16,-68,16,108,16,124,16,60,16,58,16,32,16,31,16,22,16,46,16,33,16,74,16,62,16,100,16,89,16,121,16,-140,16,127,16,-77,16,122,16,-25,16]"
CSI_DATA,125003,d8:b1:90:d9:de:f0,-37,11,-99,-36,39,104,-1413717735,277,0,106,0,"[-108,0,124,16,-77,0,41,16,-92,0,-19,15,-129,0,-30,15,122,0,-20,15,98,0,7,16,89,0,40,16,103,0,77,16,129,0,132,16,-126,0,-103,16,-108,0,-65,16,-105,0,-39,16,-121,0,-20,16,0,0,0,0,76,0,31,0,20,0,86,0,-35,16,-127,0,-70,16,-41,0,-77,16,26,1,-65,16,59,1,-37,16,59,1,-13,16,31,1,-3,16,1,1,7,0,-25,0,-11,16,-56,0,-34,16,-92,0,-49,16]"
CSI_DATA,125004,d8:b1:90:d9:de:f0,-37,9,-99,-37,39,104,-1413717264,130,0,106,0,"[-137,17,93,17,75,17,42,17,6,17,55,17,-16,16,102,17,-16,16,-142,17,9,17,-116,17,39,17,-97,17,80,17,-105,17,132,17,-142,17,-120,17,121,17,-80,17,93,17,-60,17,93,17,-46,17,116,17,0,0,0,0,1,0,-113,17,72,0,-56,17,-124,0,-35,17,-32,0,-32,17,34,1,-54,17,57,1,-87,17,42,1,-114,17,9,1,-131,17,-32,0,-143,17,-70,0,-133,17,-97,0,-103,17,-98,0,-62,17,-103,0]"
CSI_DATA,125005,d8:b1:90:d9:de:f0,-37,9,-99,-35,38,104,-1413697605,108,0,106,0,"[58,0,35,18,39,0,-51,17,-19,18,-88,17,-63,18,-75,17,-95,18,-39,17,-117,18,8,18,-117,18,51,18,-86,18,92,18,-24,18,128,18,45,0,-151,18,102,0,-138,18,140,0,-122,18,148,0,-105,18,0,0,0,0,155,0,-34,18,-145,0,26,0,-102,0,112,0,-47,0,-141,0,7,1,-119,0,37,1,-122,0,39,1,149,0,15,1,113,0,-13,0,80,0,-50,0,61,0,-99,0,66,0,-140,0,84,0,143,0]"
CSI_DATA,125006,d8:b1:90:d9:de:f0,-38,9,-99,-35,39,104,-1413508391,130,0,106,0,"[-43,0,-103,16,25,1,100,16,30,1,44,16,-4,0,35,16,-42,0,58,16,-86,0,89,16,-105,0,-135,16,-124,0,-56,16,-133,0,32,0,-136,0,111,0,130,0,-115,0,116,0,-104,0,88,0,-131,0,0,0,0,0,-6,16,67,0,-86,16,0,0,93,16,-47,16,10,16,-87,16,-49,15,-104,16,-56,15,-104,16,-27,15,-99,16,11,16,-101,16,55,16,-97,16,102,16,-116,16,-121,16,136,16,-87,16,102,16,-59,16]"
